candlestick_code3,label_increase,label_decrease,occurrence,percentage
BBB,70,66,136,0.51
BBD,2,1,3,0.67
BBH,1,0,1,1.0
BBK,2,0,2,1.0
BBL,19,28,47,0.4
BBM,70,62,132,0.53
BBN,74,81,155,0.48
BBP,93,92,185,0.5
BBS,25,31,56,0.45
BBb,82,93,175,0.47
BBh,11,12,23,0.48
BBj,28,32,60,0.47
BBl,26,33,59,0.44
BBm,67,52,119,0.56
BBn,98,88,186,0.53
BBs,32,19,51,0.63
BBt,12,12,24,0.5
BDB,3,0,3,1.0
BDD,1,0,1,1.0
BDH,7,5,12,0.58
BDL,0,3,3,0.0
BDM,3,0,3,1.0
BDN,5,1,6,0.83
BDP,9,3,12,0.75
BDS,6,4,10,0.6
BDb,8,4,12,0.67
BDl,1,6,7,0.14
BDm,4,5,9,0.44
BDn,1,3,4,0.25
BDs,4,0,4,1.0
BDt,2,0,2,1.0
BHB,1,0,1,1.0
BHI,0,1,1,0.0
BHM,1,1,2,0.5
BHN,1,1,2,0.5
BHP,0,1,1,0.0
BHS,0,2,2,0.0
BHb,3,0,3,1.0
BHl,0,1,1,0.0
BHm,1,0,1,1.0
BIN,0,1,1,0.0
BKB,3,3,6,0.5
BKH,0,2,2,0.0
BKI,1,0,1,1.0
BKL,1,1,2,0.5
BKM,6,3,9,0.67
BKN,3,4,7,0.43
BKP,8,4,12,0.67
BKS,4,7,11,0.36
BKb,6,7,13,0.46
BKh,3,2,5,0.6
BKl,5,4,9,0.56
BKm,5,8,13,0.38
BKn,4,9,13,0.31
BKs,3,2,5,0.6
BLB,18,29,47,0.38
BLD,2,1,3,0.67
BLH,2,2,4,0.5
BLK,2,2,4,0.5
BLL,10,17,27,0.37
BLM,23,35,58,0.4
BLN,20,33,53,0.38
BLP,45,44,89,0.51
BLS,16,13,29,0.55
BLb,38,34,72,0.53
BLh,17,25,42,0.4
BLj,15,11,26,0.58
BLl,24,23,47,0.51
BLm,44,22,66,0.67
BLn,44,51,95,0.46
BLs,18,14,32,0.56
BLt,7,6,13,0.54
BMB,72,70,142,0.51
BMD,2,5,7,0.29
BMH,0,2,2,0.0
BMK,0,1,1,0.0
BML,36,26,62,0.58
BMM,75,88,163,0.46
BMN,75,91,166,0.45
BMP,121,129,250,0.48
BMS,51,45,96,0.53
BMb,100,106,206,0.49
BMh,74,71,145,0.51
BMj,26,20,46,0.57
BMl,42,46,88,0.48
BMm,83,75,158,0.53
BMn,133,107,240,0.55
BMs,39,34,73,0.53
BMt,12,20,32,0.38
BNB,79,65,144,0.55
BND,6,3,9,0.67
BNH,11,11,22,0.5
BNK,3,6,9,0.33
BNL,50,32,82,0.61
BNM,97,93,190,0.51
BNN,102,104,206,0.5
BNP,177,167,344,0.51
BNS,73,68,141,0.52
BNb,101,101,202,0.5
BNh,39,60,99,0.39
BNl,51,47,98,0.52
BNm,70,53,123,0.57
BNn,145,143,288,0.5
BNs,56,53,109,0.51
BNt,20,13,33,0.61
BPB,83,86,169,0.49
BPD,4,8,12,0.33
BPH,23,33,56,0.41
BPI,4,2,6,0.67
BPK,10,6,16,0.62
BPL,43,46,89,0.48
BPM,108,159,267,0.4
BPN,118,132,250,0.47
BPP,147,187,334,0.44
BPS,71,78,149,0.48
BPb,120,124,244,0.49
BPh,14,14,28,0.5
BPl,68,59,127,0.54
BPm,94,79,173,0.54
BPn,121,138,259,0.47
BPs,71,76,147,0.48
BPt,11,8,19,0.58
BSB,26,22,48,0.54
BSD,4,2,6,0.67
BSH,12,29,41,0.29
BSI,2,0,2,1.0
BSK,0,2,2,0.0
BSL,17,20,37,0.46
BSM,36,50,86,0.42
BSN,55,50,105,0.52
BSP,78,78,156,0.5
BSS,38,38,76,0.5
BSb,56,50,106,0.53
BSh,33,38,71,0.46
BSl,23,26,49,0.47
BSm,49,21,70,0.7
BSn,66,63,129,0.51
BSs,45,41,86,0.52
BSt,9,6,15,0.6
BbB,85,66,151,0.56
BbD,3,3,6,0.5
BbH,36,27,63,0.57
BbI,9,7,16,0.56
BbJ,38,24,62,0.61
BbK,5,7,12,0.42
BbL,41,40,81,0.51
BbM,111,129,240,0.46
BbN,133,147,280,0.48
BbP,156,137,293,0.53
BbS,40,58,98,0.41
Bbb,107,108,215,0.5
Bbl,53,31,84,0.63
Bbm,95,52,147,0.65
Bbn,129,107,236,0.55
Bbs,40,48,88,0.45
BhB,6,7,13,0.46
BhH,0,2,2,0.0
BhL,3,3,6,0.5
BhM,11,9,20,0.55
BhN,15,15,30,0.5
BhP,23,23,46,0.5
BhS,4,11,15,0.27
Bhb,16,18,34,0.47
Bhh,6,16,22,0.27
Bhl,12,11,23,0.52
Bhm,14,13,27,0.52
Bhn,25,15,40,0.62
Bhs,10,4,14,0.71
BjB,32,30,62,0.52
BjD,1,0,1,1.0
BjH,6,6,12,0.5
BjI,2,4,6,0.33
BjK,1,4,5,0.2
BjL,16,12,28,0.57
BjM,27,40,67,0.4
BjN,31,30,61,0.51
BjP,51,60,111,0.46
BjS,23,28,51,0.45
Bjb,44,43,87,0.51
Bjh,5,8,13,0.38
Bjl,34,27,61,0.56
Bjm,24,17,41,0.59
Bjn,60,39,99,0.61
Bjs,18,19,37,0.49
Bjt,6,4,10,0.6
BlB,31,29,60,0.52
BlD,2,3,5,0.4
BlH,17,33,50,0.34
BlI,5,1,6,0.83
BlJ,9,11,20,0.45
BlK,2,1,3,0.67
BlL,12,27,39,0.31
BlM,41,52,93,0.44
BlN,44,42,86,0.51
BlP,44,46,90,0.49
BlS,30,30,60,0.5
Blb,46,44,90,0.51
Bll,16,28,44,0.36
Blm,36,18,54,0.67
Bln,33,51,84,0.39
Bls,19,19,38,0.5
BmB,64,50,114,0.56
BmD,7,3,10,0.7
BmH,50,31,81,0.62
BmI,5,5,10,0.5
BmJ,14,10,24,0.58
BmL,21,29,50,0.42
BmM,81,90,171,0.47
BmN,95,85,180,0.53
BmP,106,104,210,0.5
BmS,32,46,78,0.41
Bmb,75,71,146,0.51
Bml,24,26,50,0.48
Bmm,46,40,86,0.53
Bmn,75,62,137,0.55
Bms,27,23,50,0.54
Bmt,1,0,1,1.0
BnB,86,81,167,0.51
BnD,7,10,17,0.41
BnH,57,63,120,0.48
BnI,15,11,26,0.58
BnK,11,19,30,0.37
BnL,46,34,80,0.57
BnM,129,134,263,0.49
BnN,174,192,366,0.48
BnP,186,213,399,0.47
BnS,72,101,173,0.42
Bnb,108,123,231,0.47
Bnh,5,7,12,0.42
Bnl,51,63,114,0.45
Bnm,99,86,185,0.54
Bnn,163,156,319,0.51
Bns,69,56,125,0.55
Bnt,0,2,2,0.0
BsB,21,23,44,0.48
BsD,2,1,3,0.67
BsH,39,37,76,0.51
BsI,4,1,5,0.8
BsK,1,1,2,0.5
BsL,11,8,19,0.58
BsM,38,41,79,0.48
BsN,36,46,82,0.44
BsP,61,80,141,0.43
BsS,34,50,84,0.4
Bsb,41,52,93,0.44
Bsh,2,7,9,0.22
Bsl,19,24,43,0.44
Bsm,38,28,66,0.58
Bsn,37,30,67,0.55
Bss,31,17,48,0.65
BtB,10,13,23,0.43
BtD,1,1,2,0.5
BtH,11,9,20,0.55
BtK,0,2,2,0.0
BtL,9,3,12,0.75
BtM,15,12,27,0.56
BtN,22,17,39,0.56
BtP,27,32,59,0.46
BtS,8,17,25,0.32
Btb,21,27,48,0.44
Btl,9,7,16,0.56
Btm,18,10,28,0.64
Btn,20,22,42,0.48
Bts,12,10,22,0.55
Btt,6,4,10,0.6
DBB,2,0,2,1.0
DBD,1,0,1,1.0
DBL,0,4,4,0.0
DBM,4,5,9,0.44
DBN,5,5,10,0.5
DBP,5,5,10,0.5
DBS,1,4,5,0.2
DBb,6,4,10,0.6
DBh,1,0,1,1.0
DBj,0,2,2,0.0
DBl,1,2,3,0.33
DBm,3,9,12,0.25
DBn,9,3,12,0.75
DBs,0,4,4,0.0
DBt,1,1,2,0.5
DDB,1,1,2,0.5
DDH,0,0,0,
DDL,0,3,3,0.0
DDN,0,1,1,0.0
DDP,1,0,1,1.0
DDS,1,1,2,0.5
DDm,0,1,1,0.0
DDn,2,1,3,0.67
DDs,0,1,1,0.0
DHB,3,3,6,0.5
DHH,1,1,2,0.5
DHI,0,1,1,0.0
DHK,1,0,1,1.0
DHL,2,1,3,0.67
DHM,9,10,19,0.47
DHN,11,6,17,0.65
DHP,13,14,27,0.48
DHS,5,7,12,0.42
DHb,10,4,14,0.71
DHh,7,3,10,0.7
DHl,3,2,5,0.6
DHm,6,2,8,0.75
DHn,11,6,17,0.65
DHs,7,5,12,0.58
DHt,2,0,2,1.0
DIB,1,0,1,1.0
DIH,0,0,0,
DIP,0,2,2,0.0
DIl,0,1,1,0.0
DKN,0,0,0,
DKS,0,1,1,0.0
DKb,1,1,2,0.5
DKs,0,1,1,0.0
DLB,1,0,1,1.0
DLD,1,1,2,0.5
DLK,0,0,0,
DLL,1,2,3,0.33
DLM,1,4,5,0.2
DLN,1,2,3,0.33
DLP,4,5,9,0.44
DLS,3,4,7,0.43
DLb,1,7,8,0.12
DLh,3,1,4,0.75
DLj,1,2,3,0.33
DLl,1,2,3,0.33
DLm,3,1,4,0.75
DLn,4,3,7,0.57
DLs,4,0,4,1.0
DLt,1,0,1,1.0
DMB,4,3,7,0.57
DMD,1,0,1,1.0
DML,1,4,5,0.2
DMM,8,6,14,0.57
DMN,6,8,14,0.43
DMP,11,7,18,0.61
DMS,8,5,13,0.62
DMb,6,8,14,0.43
DMh,6,9,15,0.4
DMj,1,2,3,0.33
DMl,0,1,1,0.0
DMm,10,6,16,0.62
DMn,14,16,30,0.47
DMs,2,7,9,0.22
DMt,0,1,1,0.0
DNB,8,8,16,0.5
DND,1,0,1,1.0
DNH,1,1,2,0.5
DNK,2,0,2,1.0
DNL,2,1,3,0.67
DNM,11,10,21,0.52
DNN,6,3,9,0.67
DNP,11,11,22,0.5
DNS,7,5,12,0.58
DNb,5,8,13,0.38
DNh,0,1,1,0.0
DNl,3,0,3,1.0
DNm,5,6,11,0.45
DNn,11,4,15,0.73
DNs,6,4,10,0.6
DNt,0,1,1,0.0
DPB,9,10,19,0.47
DPD,1,0,1,1.0
DPH,1,0,1,1.0
DPI,2,1,3,0.67
DPK,2,1,3,0.67
DPL,10,6,16,0.62
DPM,10,16,26,0.38
DPN,15,9,24,0.62
DPP,18,16,34,0.53
DPS,9,16,25,0.36
DPb,17,7,24,0.71
DPh,2,1,3,0.67
DPl,4,7,11,0.36
DPm,11,6,17,0.65
DPn,7,13,20,0.35
DPs,8,9,17,0.47
DPt,2,1,3,0.67
DSB,1,4,5,0.2
DSD,0,0,0,
DSH,0,2,2,0.0
DSL,5,1,6,0.83
DSM,8,7,15,0.53
DSN,5,5,10,0.5
DSP,9,16,25,0.36
DSS,7,7,14,0.5
DSb,7,5,12,0.58
DSh,7,1,8,0.88
DSl,1,7,8,0.12
DSm,6,3,9,0.67
DSn,8,14,22,0.36
DSs,5,4,9,0.56
DSt,0,2,2,0.0
DbB,5,5,10,0.5
DbD,1,0,1,1.0
DbH,1,2,3,0.33
DbI,2,1,3,0.67
DbJ,4,0,4,1.0
DbK,0,1,1,0.0
DbL,5,2,7,0.71
DbM,14,9,23,0.61
DbN,8,12,20,0.4
DbP,16,8,24,0.67
DbS,6,4,10,0.6
Dbb,6,9,15,0.4
Dbl,4,3,7,0.57
Dbm,6,6,12,0.5
Dbn,10,13,23,0.43
Dbs,5,5,10,0.5
DhN,1,0,1,1.0
DhP,1,0,1,1.0
Dhm,1,0,1,1.0
Dhn,1,1,2,0.5
DlB,3,0,3,1.0
DlD,0,1,1,0.0
DlH,4,2,6,0.67
DlI,2,0,2,1.0
DlK,1,1,2,0.5
DlL,2,1,3,0.67
DlM,8,6,14,0.57
DlN,3,2,5,0.6
DlP,8,4,12,0.67
DlS,3,2,5,0.6
Dlb,6,3,9,0.67
Dll,1,2,3,0.33
Dlm,1,3,4,0.25
Dln,3,5,8,0.38
Dls,2,3,5,0.4
DmB,4,1,5,0.8
DmH,4,8,12,0.33
DmI,1,0,1,1.0
DmJ,2,2,4,0.5
DmL,4,1,5,0.8
DmM,4,6,10,0.4
DmN,4,3,7,0.57
DmP,11,8,19,0.58
DmS,2,5,7,0.29
Dmb,7,5,12,0.58
Dml,3,3,6,0.5
Dmm,3,4,7,0.43
Dmn,7,7,14,0.5
Dms,2,4,6,0.33
DnB,6,7,13,0.46
DnH,6,6,12,0.5
DnI,1,2,3,0.33
DnK,2,1,3,0.67
DnL,2,2,4,0.5
DnM,2,4,6,0.33
DnN,7,11,18,0.39
DnP,13,11,24,0.54
DnS,5,6,11,0.45
Dnb,6,4,10,0.6
Dnh,1,0,1,1.0
Dnl,2,5,7,0.29
Dnm,5,3,8,0.62
Dnn,12,8,20,0.6
Dns,3,2,5,0.6
DsB,2,4,6,0.33
DsH,2,6,8,0.25
DsI,1,0,1,1.0
DsL,3,1,4,0.75
DsM,3,10,13,0.23
DsN,6,4,10,0.6
DsP,5,3,8,0.62
DsS,12,8,20,0.6
Dsb,7,4,11,0.64
Dsh,0,1,1,0.0
Dsl,2,4,6,0.33
Dsm,4,3,7,0.57
Dsn,7,5,12,0.58
Dss,1,4,5,0.2
DtB,1,1,2,0.5
DtD,1,0,1,1.0
DtH,2,0,2,1.0
DtK,1,0,1,1.0
DtL,1,1,2,0.5
DtM,0,1,1,0.0
DtN,0,1,1,0.0
DtP,3,2,5,0.6
DtS,1,1,2,0.5
Dtb,1,0,1,1.0
Dtl,1,1,2,0.5
Dtn,1,1,2,0.5
Dts,1,0,1,1.0
Dtt,1,1,2,0.5
HBB,18,14,32,0.56
HBD,2,4,6,0.33
HBH,1,0,1,1.0
HBK,2,2,4,0.5
HBL,3,10,13,0.23
HBM,20,35,55,0.36
HBN,37,33,70,0.53
HBP,34,35,69,0.49
HBS,16,18,34,0.47
HBb,30,28,58,0.52
HBh,4,6,10,0.4
HBj,8,12,20,0.4
HBl,12,19,31,0.39
HBm,26,17,43,0.6
HBn,41,46,87,0.47
HBs,17,19,36,0.47
HBt,9,9,18,0.5
HDB,0,0,0,
HDH,4,2,6,0.67
HDL,2,1,3,0.67
HDM,2,3,5,0.4
HDN,2,1,3,0.67
HDP,6,3,9,0.67
HDS,1,4,5,0.2
HDb,3,2,5,0.6
HDl,1,2,3,0.33
HDm,3,2,5,0.6
HDn,2,3,5,0.4
HDs,2,2,4,0.5
HDt,1,1,2,0.5
HHB,5,2,7,0.71
HHD,0,0,0,
HHH,4,2,6,0.67
HHI,0,1,1,0.0
HHK,0,4,4,0.0
HHL,2,5,7,0.29
HHM,9,6,15,0.6
HHN,16,9,25,0.64
HHP,11,13,24,0.46
HHS,11,10,21,0.52
HHb,8,8,16,0.5
HHh,1,1,2,0.5
HHl,3,8,11,0.27
HHm,2,2,4,0.5
HHn,11,6,17,0.65
HHs,8,2,10,0.8
HHt,0,0,0,
HIB,3,2,5,0.6
HID,1,0,1,1.0
HIH,1,2,3,0.33
HIL,0,2,2,0.0
HIM,4,2,6,0.67
HIN,1,2,3,0.33
HIP,5,6,11,0.45
HIS,4,2,6,0.67
HIb,4,1,5,0.8
HIl,1,0,1,1.0
HIm,2,1,3,0.67
HIn,5,3,8,0.62
HIs,2,1,3,0.67
HKB,2,2,4,0.5
HKD,0,0,0,
HKH,0,1,1,0.0
HKL,2,3,5,0.4
HKM,1,2,3,0.33
HKN,2,2,4,0.5
HKP,12,4,16,0.75
HKS,3,2,5,0.6
HKb,8,5,13,0.62
HKh,2,4,6,0.33
HKl,1,4,5,0.2
HKm,3,3,6,0.5
HKn,6,8,14,0.43
HKs,2,1,3,0.67
HKt,3,0,3,1.0
HLB,10,11,21,0.48
HLD,2,1,3,0.67
HLK,1,2,3,0.33
HLL,8,3,11,0.73
HLM,13,18,31,0.42
HLN,17,18,35,0.49
HLP,17,18,35,0.49
HLS,7,14,21,0.33
HLb,12,23,35,0.34
HLh,10,13,23,0.43
HLj,6,3,9,0.67
HLl,9,5,14,0.64
HLm,10,9,19,0.53
HLn,14,27,41,0.34
HLs,7,8,15,0.47
HLt,0,5,5,0.0
HMB,42,37,79,0.53
HMD,4,2,6,0.67
HMH,0,2,2,0.0
HML,12,22,34,0.35
HMM,41,55,96,0.43
HMN,47,34,81,0.58
HMP,58,63,121,0.48
HMS,34,26,60,0.57
HMb,48,45,93,0.52
HMh,53,44,97,0.55
HMj,15,10,25,0.6
HMl,33,26,59,0.56
HMm,36,27,63,0.57
HMn,67,70,137,0.49
HMs,24,17,41,0.59
HMt,7,6,13,0.54
HNB,32,27,59,0.54
HND,2,1,3,0.67
HNH,2,9,11,0.18
HNK,5,3,8,0.62
HNL,18,14,32,0.56
HNM,41,57,98,0.42
HNN,55,49,104,0.53
HNP,65,69,134,0.49
HNS,30,41,71,0.42
HNb,43,42,85,0.51
HNh,18,32,50,0.36
HNl,33,20,53,0.62
HNm,41,36,77,0.53
HNn,60,67,127,0.47
HNs,44,27,71,0.62
HNt,6,13,19,0.32
HPB,36,49,85,0.42
HPD,3,1,4,0.75
HPH,24,20,44,0.55
HPI,6,3,9,0.67
HPK,6,11,17,0.35
HPL,25,29,54,0.46
HPM,77,74,151,0.51
HPN,65,66,131,0.5
HPP,105,123,228,0.46
HPS,37,55,92,0.4
HPb,68,54,122,0.56
HPh,17,10,27,0.63
HPl,43,35,78,0.55
HPm,57,46,103,0.55
HPn,76,63,139,0.55
HPs,59,44,103,0.57
HPt,10,3,13,0.77
HSB,18,17,35,0.51
HSD,0,2,2,0.0
HSH,10,13,23,0.43
HSI,1,0,1,1.0
HSK,1,0,1,1.0
HSL,10,11,21,0.48
HSM,29,29,58,0.5
HSN,33,32,65,0.51
HSP,35,38,73,0.48
HSS,37,33,70,0.53
HSb,33,26,59,0.56
HSh,28,32,60,0.47
HSl,25,24,49,0.51
HSm,29,25,54,0.54
HSn,33,43,76,0.43
HSs,36,33,69,0.52
HSt,7,2,9,0.78
HbB,41,36,77,0.53
HbD,4,1,5,0.8
HbH,16,15,31,0.52
HbI,5,3,8,0.62
HbJ,21,12,33,0.64
HbK,5,4,9,0.56
HbL,23,24,47,0.49
HbM,54,47,101,0.53
HbN,69,60,129,0.53
HbP,73,65,138,0.53
HbS,28,26,54,0.52
Hbb,60,44,104,0.58
Hbl,24,14,38,0.63
Hbm,40,22,62,0.65
Hbn,55,51,106,0.52
Hbs,33,23,56,0.59
HhB,11,10,21,0.52
HhD,0,2,2,0.0
HhH,4,7,11,0.36
HhI,1,2,3,0.33
HhK,2,1,3,0.67
HhL,7,7,14,0.5
HhM,19,19,38,0.5
HhN,17,16,33,0.52
HhP,24,36,60,0.4
HhS,17,22,39,0.44
Hhb,17,25,42,0.4
Hhh,13,14,27,0.48
Hhl,17,9,26,0.65
Hhm,12,10,22,0.55
Hhn,23,23,46,0.5
Hhs,25,17,42,0.6
Hht,3,0,3,1.0
HlB,14,16,30,0.47
HlD,4,2,6,0.67
HlH,12,15,27,0.44
HlI,0,0,0,
HlJ,2,5,7,0.29
HlK,2,3,5,0.4
HlL,7,11,18,0.39
HlM,37,32,69,0.54
HlN,25,31,56,0.45
HlP,26,42,68,0.38
HlS,13,14,27,0.48
Hlb,32,41,73,0.44
Hll,14,11,25,0.56
Hlm,23,18,41,0.56
Hln,14,21,35,0.4
Hls,10,23,33,0.3
HmB,18,24,42,0.43
HmD,4,3,7,0.57
HmH,19,27,46,0.41
HmI,1,2,3,0.33
HmJ,9,6,15,0.6
HmL,14,16,30,0.47
HmM,42,40,82,0.51
HmN,39,40,79,0.49
HmP,37,39,76,0.49
HmS,21,19,40,0.52
Hmb,38,25,63,0.6
Hmh,1,0,1,1.0
Hml,12,13,25,0.48
Hmm,25,23,48,0.52
Hmn,42,36,78,0.54
Hms,19,15,34,0.56
HnB,22,37,59,0.37
HnD,3,4,7,0.43
HnH,26,24,50,0.52
HnI,8,5,13,0.62
HnK,9,5,14,0.64
HnL,23,24,47,0.49
HnM,72,65,137,0.53
HnN,72,82,154,0.47
HnP,88,93,181,0.49
HnS,45,45,90,0.5
Hnb,62,46,108,0.57
Hnh,2,5,7,0.29
Hnl,21,27,48,0.44
Hnm,33,40,73,0.45
Hnn,60,62,122,0.49
Hns,36,39,75,0.48
HsB,20,12,32,0.62
HsD,5,2,7,0.71
HsH,31,37,68,0.46
HsI,1,2,3,0.33
HsK,1,0,1,1.0
HsL,13,11,24,0.54
HsM,35,32,67,0.52
HsN,26,39,65,0.4
HsP,59,49,108,0.55
HsS,42,34,76,0.55
Hsb,24,40,64,0.38
Hsh,3,3,6,0.5
Hsl,19,20,39,0.49
Hsm,27,18,45,0.6
Hsn,37,34,71,0.52
Hss,31,30,61,0.51
HtB,0,1,1,0.0
HtH,0,2,2,0.0
HtL,1,1,2,0.5
HtM,4,2,6,0.67
HtN,6,2,8,0.75
HtP,7,2,9,0.78
HtS,1,1,2,0.5
Htb,3,3,6,0.5
Htl,1,0,1,1.0
Htm,2,1,3,0.67
Htn,2,3,5,0.4
Hts,2,1,3,0.67
Htt,1,0,1,1.0
IBB,3,3,6,0.5
IBK,1,0,1,1.0
IBL,1,2,3,0.33
IBM,6,5,11,0.55
IBN,4,5,9,0.44
IBP,7,9,16,0.44
IBS,3,1,4,0.75
IBb,3,3,6,0.5
IBh,0,3,3,0.0
IBj,1,0,1,1.0
IBl,4,2,6,0.67
IBm,6,4,10,0.6
IBn,8,2,10,0.8
IBs,2,4,6,0.33
IBt,2,0,2,1.0
IDB,2,0,2,1.0
IDM,1,0,1,1.0
IDN,1,0,1,1.0
IDP,0,1,1,0.0
IDS,0,1,1,0.0
IDb,0,1,1,0.0
IDl,1,2,3,0.33
IDn,1,0,1,1.0
IDs,0,0,0,
IHB,3,2,5,0.6
IHH,0,1,1,0.0
IHI,0,0,0,
IHK,0,0,0,
IHL,0,1,1,0.0
IHM,3,3,6,0.5
IHN,2,6,8,0.25
IHP,5,8,13,0.38
IHS,3,4,7,0.43
IHb,3,6,9,0.33
IHh,2,4,6,0.33
IHl,3,1,4,0.75
IHm,6,3,9,0.67
IHn,5,3,8,0.62
IHs,5,1,6,0.83
IHt,1,0,1,1.0
IIB,0,1,1,0.0
IIH,1,0,1,1.0
IIN,2,1,3,0.67
IIl,1,0,1,1.0
IIn,0,1,1,0.0
IIs,1,1,2,0.5
IKL,1,0,1,1.0
IKM,2,0,2,1.0
IKh,0,0,0,
IKn,1,0,1,1.0
ILB,2,2,4,0.5
ILD,0,1,1,0.0
ILK,2,1,3,0.67
ILL,2,2,4,0.5
ILM,1,3,4,0.25
ILN,5,3,8,0.62
ILP,4,3,7,0.57
ILS,1,1,2,0.5
ILb,4,3,7,0.57
ILh,1,1,2,0.5
ILj,0,1,1,0.0
ILl,1,3,4,0.25
ILm,2,4,6,0.33
ILn,1,4,5,0.2
ILs,2,2,4,0.5
ILt,0,1,1,0.0
IMB,3,3,6,0.5
IMD,0,0,0,
IMK,0,0,0,
IML,1,2,3,0.33
IMM,3,3,6,0.5
IMN,8,6,14,0.57
IMP,10,1,11,0.91
IMS,5,4,9,0.56
IMb,3,8,11,0.27
IMh,10,8,18,0.56
IMj,0,3,3,0.0
IMl,5,4,9,0.56
IMm,8,4,12,0.67
IMn,12,10,22,0.55
IMs,4,6,10,0.4
IMt,3,3,6,0.5
INB,4,3,7,0.57
IND,1,0,1,1.0
INH,2,2,4,0.5
INK,0,3,3,0.0
INL,1,3,4,0.25
INM,6,3,9,0.67
INN,7,6,13,0.54
INP,6,7,13,0.46
INS,9,7,16,0.56
INb,6,6,12,0.5
INh,3,0,3,1.0
INl,8,2,10,0.8
INm,5,3,8,0.62
INn,5,6,11,0.45
INs,5,2,7,0.71
INt,0,1,1,0.0
IPB,9,8,17,0.53
IPD,0,1,1,0.0
IPH,5,2,7,0.71
IPI,0,1,1,0.0
IPK,1,0,1,1.0
IPL,5,7,12,0.42
IPM,9,14,23,0.39
IPN,11,8,19,0.58
IPP,16,17,33,0.48
IPS,5,8,13,0.38
IPb,12,14,26,0.46
IPh,3,1,4,0.75
IPl,6,7,13,0.46
IPm,7,4,11,0.64
IPn,5,8,13,0.38
IPs,7,8,15,0.47
IPt,1,2,3,0.33
ISB,2,2,4,0.5
ISH,6,2,8,0.75
ISL,4,3,7,0.57
ISM,2,3,5,0.4
ISN,4,3,7,0.57
ISP,3,4,7,0.43
ISS,5,6,11,0.45
ISb,1,4,5,0.2
ISh,5,1,6,0.83
ISl,2,1,3,0.67
ISm,2,4,6,0.33
ISn,5,6,11,0.45
ISs,2,3,5,0.4
ISt,0,3,3,0.0
IbB,7,3,10,0.7
IbH,1,4,5,0.2
IbI,0,0,0,
IbJ,2,2,4,0.5
IbK,1,1,2,0.5
IbL,3,2,5,0.6
IbM,4,5,9,0.44
IbN,8,6,14,0.57
IbP,13,5,18,0.72
IbS,4,1,5,0.8
Ibb,6,6,12,0.5
Ibl,3,2,5,0.6
Ibm,3,4,7,0.43
Ibn,13,6,19,0.68
Ibs,4,2,6,0.67
IlB,2,6,8,0.25
IlH,1,1,2,0.5
IlI,0,0,0,
IlJ,0,0,0,
IlL,1,1,2,0.5
IlM,6,2,8,0.75
IlN,1,6,7,0.14
IlP,6,1,7,0.86
IlS,1,0,1,1.0
Ilb,1,1,2,0.5
Ill,3,0,3,1.0
Ilm,3,4,7,0.43
Iln,0,1,1,0.0
Ils,0,1,1,0.0
ImB,5,7,12,0.42
ImH,2,5,7,0.29
ImI,1,0,1,1.0
ImJ,0,1,1,0.0
ImL,1,1,2,0.5
ImM,6,5,11,0.55
ImN,5,2,7,0.71
ImP,6,4,10,0.6
ImS,1,2,3,0.33
Imb,10,6,16,0.62
Iml,0,1,1,0.0
Imm,1,2,3,0.33
Imn,6,6,12,0.5
Ims,1,0,1,1.0
InB,6,2,8,0.75
InD,2,0,2,1.0
InH,5,4,9,0.56
InI,1,0,1,1.0
InK,1,0,1,1.0
InL,2,3,5,0.4
InM,11,4,15,0.73
InN,10,4,14,0.71
InP,8,4,12,0.67
InS,8,4,12,0.67
Inb,8,7,15,0.53
Inh,0,1,1,0.0
Inl,5,2,7,0.71
Inm,9,5,14,0.64
Inn,3,2,5,0.6
Ins,3,4,7,0.43
IsB,2,1,3,0.67
IsH,3,2,5,0.6
IsL,0,1,1,0.0
IsM,4,1,5,0.8
IsN,3,2,5,0.6
IsP,4,3,7,0.57
IsS,2,4,6,0.33
Isb,4,1,5,0.8
Isl,2,0,2,1.0
Ism,2,1,3,0.67
Isn,2,2,4,0.5
Iss,7,5,12,0.58
ItB,0,1,1,0.0
ItP,0,1,1,0.0
Itn,0,0,0,
JBB,5,8,13,0.38
JBM,5,6,11,0.45
JBN,4,8,12,0.33
JBP,6,6,12,0.5
JBS,1,3,4,0.25
JBb,6,3,9,0.67
JBh,0,2,2,0.0
JBj,0,3,3,0.0
JBl,4,1,5,0.8
JBm,4,1,5,0.8
JBn,8,5,13,0.62
JBs,2,5,7,0.29
JDH,1,0,1,1.0
JDM,1,0,1,1.0
JDl,0,1,1,0.0
JHB,1,2,3,0.33
JHD,0,1,1,0.0
JHL,2,0,2,1.0
JHM,5,1,6,0.83
JHN,1,2,3,0.33
JHP,4,3,7,0.57
JHS,1,3,4,0.25
JHb,7,5,12,0.58
JHh,2,0,2,1.0
JHl,1,1,2,0.5
JHm,1,1,2,0.5
JHn,4,5,9,0.44
JHs,3,2,5,0.6
JIB,0,1,1,0.0
JIL,1,0,1,1.0
JIM,1,0,1,1.0
JIP,2,1,3,0.67
JIS,1,2,3,0.33
JIn,0,1,1,0.0
JKB,0,3,3,0.0
JKH,0,1,1,0.0
JKM,0,2,2,0.0
JKN,0,1,1,0.0
JKP,1,2,3,0.33
JKb,1,1,2,0.5
JKh,1,1,2,0.5
JKm,1,1,2,0.5
JKn,1,1,2,0.5
JKs,1,0,1,1.0
JLB,3,1,4,0.75
JLD,1,0,1,1.0
JLL,3,2,5,0.6
JLM,3,5,8,0.38
JLN,4,0,4,1.0
JLP,4,4,8,0.5
JLS,2,5,7,0.29
JLb,2,1,3,0.67
JLh,0,0,0,
JLj,1,0,1,1.0
JLl,1,1,2,0.5
JLm,1,3,4,0.25
JLn,2,4,6,0.33
JLs,2,1,3,0.67
JLt,1,0,1,1.0
JMB,5,6,11,0.45
JMD,1,1,2,0.5
JML,6,9,15,0.4
JMM,9,6,15,0.6
JMN,8,6,14,0.57
JMP,13,8,21,0.62
JMS,10,3,13,0.77
JMb,10,7,17,0.59
JMh,9,4,13,0.69
JMj,2,2,4,0.5
JMl,5,1,6,0.83
JMm,13,7,20,0.65
JMn,15,12,27,0.56
JMs,6,3,9,0.67
JMt,1,1,2,0.5
JNB,2,6,8,0.25
JND,1,1,2,0.5
JNH,0,1,1,0.0
JNL,3,3,6,0.5
JNM,8,9,17,0.47
JNN,15,4,19,0.79
JNP,12,10,22,0.55
JNS,3,2,5,0.6
JNb,9,8,17,0.53
JNh,5,1,6,0.83
JNl,4,4,8,0.5
JNm,5,4,9,0.56
JNn,8,12,20,0.4
JNs,6,4,10,0.6
JNt,2,3,5,0.4
JPB,7,14,21,0.33
JPD,1,0,1,1.0
JPH,2,4,6,0.33
JPI,0,1,1,0.0
JPK,2,0,2,1.0
JPL,4,6,10,0.4
JPM,7,11,18,0.39
JPN,11,10,21,0.52
JPP,26,14,40,0.65
JPS,7,7,14,0.5
JPb,17,7,24,0.71
JPh,1,2,3,0.33
JPl,8,8,16,0.5
JPm,11,11,22,0.5
JPn,8,9,17,0.47
JPs,5,4,9,0.56
JSB,4,0,4,1.0
JSH,2,1,3,0.67
JSL,3,1,4,0.75
JSM,3,7,10,0.3
JSN,3,8,11,0.27
JSP,3,8,11,0.27
JSS,3,4,7,0.43
JSb,6,2,8,0.75
JSh,2,2,4,0.5
JSl,4,4,8,0.5
JSm,4,1,5,0.8
JSn,4,9,13,0.31
JSs,2,7,9,0.22
JSt,1,1,2,0.5
JbB,8,2,10,0.8
JbH,3,0,3,1.0
JbI,0,1,1,0.0
JbJ,0,6,6,0.0
JbK,0,1,1,0.0
JbL,5,2,7,0.71
JbM,9,9,18,0.5
JbN,13,6,19,0.68
JbP,11,10,21,0.52
JbS,2,1,3,0.67
Jbb,6,14,20,0.3
Jbl,4,1,5,0.8
Jbm,13,8,21,0.62
Jbn,8,9,17,0.47
Jbs,4,1,5,0.8
JhB,0,2,2,0.0
JhH,0,0,0,
JhL,2,0,2,1.0
JhM,1,1,2,0.5
JhN,2,1,3,0.67
JhP,2,2,4,0.5
JhS,0,1,1,0.0
Jhb,4,1,5,0.8
Jhh,0,2,2,0.0
Jhm,1,0,1,1.0
Jhn,0,2,2,0.0
Jhs,0,0,0,
JlB,4,8,12,0.33
JlD,1,0,1,1.0
JlH,2,3,5,0.4
JlJ,1,0,1,1.0
JlL,3,1,4,0.75
JlM,8,6,14,0.57
JlN,1,5,6,0.17
JlP,3,3,6,0.5
JlS,1,2,3,0.33
Jlb,6,7,13,0.46
Jll,3,2,5,0.6
Jlm,3,3,6,0.5
Jln,6,1,7,0.86
Jls,2,0,2,1.0
JmB,3,4,7,0.43
JmD,0,1,1,0.0
JmH,2,0,2,1.0
JmI,0,0,0,
JmJ,3,1,4,0.75
JmL,7,3,10,0.7
JmM,8,5,13,0.62
JmN,5,2,7,0.71
JmP,9,4,13,0.69
JmS,1,2,3,0.33
Jmb,5,3,8,0.62
Jmh,0,1,1,0.0
Jml,4,2,6,0.67
Jmm,5,3,8,0.62
Jmn,5,1,6,0.83
Jms,4,1,5,0.8
JnB,4,4,8,0.5
JnD,1,1,2,0.5
JnH,3,3,6,0.5
JnI,1,2,3,0.33
JnK,0,1,1,0.0
JnL,2,2,4,0.5
JnM,6,10,16,0.38
JnN,4,5,9,0.44
JnP,11,7,18,0.61
JnS,6,7,13,0.46
Jnb,10,6,16,0.62
Jnl,2,2,4,0.5
Jnm,6,4,10,0.6
Jnn,3,5,8,0.38
Jns,5,3,8,0.62
JsB,7,2,9,0.78
JsH,1,6,7,0.14
JsL,2,2,4,0.5
JsM,6,1,7,0.86
JsN,4,3,7,0.57
JsP,14,4,18,0.78
JsS,5,4,9,0.56
Jsb,4,4,8,0.5
Jsh,1,1,2,0.5
Jsl,3,1,4,0.75
Jsm,1,0,1,1.0
Jsn,7,3,10,0.7
Jss,1,3,4,0.25
JtB,2,0,2,1.0
JtH,1,0,1,1.0
JtM,2,1,3,0.67
JtN,4,1,5,0.8
JtS,0,2,2,0.0
Jtn,1,0,1,1.0
Jts,0,1,1,0.0
KBB,5,1,6,0.83
KBD,1,0,1,1.0
KBL,3,1,4,0.75
KBM,2,4,6,0.33
KBN,2,2,4,0.5
KBP,4,6,10,0.4
KBS,3,5,8,0.38
KBb,7,5,12,0.58
KBh,0,1,1,0.0
KBj,3,1,4,0.75
KBl,6,2,8,0.75
KBm,4,5,9,0.44
KBn,9,5,14,0.64
KBs,6,2,8,0.75
KBt,2,1,3,0.67
KDB,0,1,1,0.0
KDD,0,1,1,0.0
KDH,1,0,1,1.0
KDM,0,1,1,0.0
KDN,0,2,2,0.0
KDl,3,1,4,0.75
KHH,0,1,1,0.0
KHI,1,0,1,1.0
KHK,1,1,2,0.5
KHL,1,0,1,1.0
KHM,1,1,2,0.5
KHN,1,3,4,0.25
KHP,1,1,2,0.5
KHS,1,0,1,1.0
KHb,1,1,2,0.5
KHl,0,0,0,
KHm,1,2,3,0.33
KHn,1,2,3,0.33
KHs,2,1,3,0.67
KIB,1,0,1,1.0
KIH,0,1,1,0.0
KIP,1,0,1,1.0
KIS,0,1,1,0.0
KIb,0,1,1,0.0
KIm,1,0,1,1.0
KIn,0,1,1,0.0
KIs,0,1,1,0.0
KKM,1,1,2,0.5
KKN,1,0,1,1.0
KKS,1,0,1,1.0
KKh,0,1,1,0.0
KKl,0,1,1,0.0
KKn,0,1,1,0.0
KKs,1,1,2,0.5
KLB,4,1,5,0.8
KLL,2,6,8,0.25
KLM,5,4,9,0.56
KLN,3,0,3,1.0
KLP,7,4,11,0.64
KLS,3,2,5,0.6
KLb,5,2,7,0.71
KLh,1,0,1,1.0
KLj,1,1,2,0.5
KLl,6,3,9,0.67
KLm,3,1,4,0.75
KLn,5,1,6,0.83
KLs,3,4,7,0.43
KLt,1,0,1,1.0
KMB,7,10,17,0.41
KMD,1,2,3,0.33
KML,4,2,6,0.67
KMM,8,11,19,0.42
KMN,4,6,10,0.4
KMP,13,8,21,0.62
KMS,2,6,8,0.25
KMb,10,10,20,0.5
KMh,5,10,15,0.33
KMj,0,3,3,0.0
KMl,5,3,8,0.62
KMm,9,6,15,0.6
KMn,13,18,31,0.42
KMs,4,8,12,0.33
KMt,1,2,3,0.33
KNB,2,5,7,0.29
KND,0,1,1,0.0
KNH,0,1,1,0.0
KNK,0,1,1,0.0
KNL,3,3,6,0.5
KNM,3,5,8,0.38
KNN,5,8,13,0.38
KNP,8,11,19,0.42
KNS,4,8,12,0.33
KNb,7,7,14,0.5
KNh,3,1,4,0.75
KNl,4,7,11,0.36
KNm,6,6,12,0.5
KNn,7,5,12,0.58
KNs,4,6,10,0.4
KNt,0,1,1,0.0
KPB,10,9,19,0.53
KPD,1,1,2,0.5
KPH,1,4,5,0.2
KPI,1,0,1,1.0
KPK,2,2,4,0.5
KPL,10,5,15,0.67
KPM,20,8,28,0.71
KPN,8,11,19,0.42
KPP,26,20,46,0.57
KPS,2,11,13,0.15
KPb,18,16,34,0.53
KPh,2,3,5,0.4
KPl,10,3,13,0.77
KPm,10,5,15,0.67
KPn,14,4,18,0.78
KPs,7,9,16,0.44
KPt,1,2,3,0.33
KSB,5,0,5,1.0
KSD,1,1,2,0.5
KSH,1,1,2,0.5
KSK,1,0,1,1.0
KSL,4,2,6,0.67
KSM,2,8,10,0.2
KSN,3,3,6,0.5
KSP,7,10,17,0.41
KSS,6,8,14,0.43
KSb,12,7,19,0.63
KSh,5,4,9,0.56
KSl,6,2,8,0.75
KSm,0,2,2,0.0
KSn,6,11,17,0.35
KSs,3,7,10,0.3
KSt,1,0,1,1.0
KbB,4,7,11,0.36
KbD,0,1,1,0.0
KbH,2,3,5,0.4
KbI,1,0,1,1.0
KbJ,2,3,5,0.4
KbK,1,1,2,0.5
KbL,2,4,6,0.33
KbM,6,16,22,0.27
KbN,9,8,17,0.53
KbP,14,14,28,0.5
KbS,6,4,10,0.6
Kbb,15,6,21,0.71
Kbl,8,5,13,0.62
Kbm,5,4,9,0.56
Kbn,9,7,16,0.56
Kbs,6,3,9,0.67
KhB,5,2,7,0.71
KhH,2,1,3,0.67
KhI,1,0,1,1.0
KhL,7,3,10,0.7
KhM,11,5,16,0.69
KhN,6,4,10,0.6
KhP,11,13,24,0.46
KhS,3,7,10,0.3
Khb,10,13,23,0.43
Khh,6,7,13,0.46
Khl,7,12,19,0.37
Khm,6,2,8,0.75
Khn,8,10,18,0.44
Khs,6,4,10,0.6
Kht,1,0,1,1.0
KlB,3,2,5,0.6
KlD,1,0,1,1.0
KlH,5,6,11,0.45
KlI,1,1,2,0.5
KlJ,0,2,2,0.0
KlK,0,1,1,0.0
KlL,2,3,5,0.4
KlM,8,9,17,0.47
KlN,12,7,19,0.63
KlP,6,12,18,0.33
KlS,3,8,11,0.27
Klb,4,8,12,0.33
Kll,2,1,3,0.67
Klm,9,4,13,0.69
Kln,3,6,9,0.33
Kls,2,6,8,0.25
KmB,8,5,13,0.62
KmD,1,0,1,1.0
KmH,3,10,13,0.23
KmI,0,1,1,0.0
KmJ,2,0,2,1.0
KmL,3,5,8,0.38
KmM,9,14,23,0.39
KmN,4,4,8,0.5
KmP,12,8,20,0.6
KmS,7,2,9,0.78
Kmb,8,10,18,0.44
Kml,2,4,6,0.33
Kmm,9,12,21,0.43
Kmn,4,5,9,0.44
Kms,2,5,7,0.29
KnB,3,5,8,0.38
KnD,1,1,2,0.5
KnH,6,7,13,0.46
KnI,0,1,1,0.0
KnK,1,2,3,0.33
KnL,8,4,12,0.67
KnM,14,8,22,0.64
KnN,12,12,24,0.5
KnP,17,12,29,0.59
KnS,7,6,13,0.54
Knb,12,8,20,0.6
Knh,0,1,1,0.0
Knl,6,2,8,0.75
Knm,7,6,13,0.54
Knn,11,8,19,0.58
Kns,9,7,16,0.56
KsB,4,4,8,0.5
KsD,1,0,1,1.0
KsH,3,2,5,0.6
KsI,1,0,1,1.0
KsK,1,2,3,0.33
KsL,2,6,8,0.25
KsM,3,8,11,0.27
KsN,7,7,14,0.5
KsP,14,5,19,0.74
KsS,6,3,9,0.67
Ksb,6,4,10,0.6
Ksh,1,0,1,1.0
Ksl,1,6,7,0.14
Ksm,5,2,7,0.71
Ksn,6,3,9,0.67
Kss,5,6,11,0.45
KtB,0,0,0,
KtH,1,0,1,1.0
KtL,1,1,2,0.5
KtM,0,4,4,0.0
KtN,2,2,4,0.5
KtP,3,2,5,0.6
Ktb,0,1,1,0.0
Ktl,0,1,1,0.0
Ktm,1,0,1,1.0
Ktn,1,0,1,1.0
Kts,0,1,1,0.0
LBB,30,25,55,0.55
LBD,1,0,1,1.0
LBH,0,1,1,0.0
LBK,0,1,1,0.0
LBL,9,18,27,0.33
LBM,33,31,64,0.52
LBN,33,49,82,0.4
LBP,68,54,122,0.56
LBS,15,23,38,0.39
LBb,65,33,98,0.66
LBh,3,13,16,0.19
LBj,14,17,31,0.45
LBl,15,18,33,0.45
LBm,24,32,56,0.43
LBn,41,51,92,0.45
LBs,13,14,27,0.48
LBt,4,6,10,0.4
LDB,2,3,5,0.4
LDH,1,5,6,0.17
LDL,2,1,3,0.67
LDM,3,1,4,0.75
LDN,1,2,3,0.33
LDP,7,2,9,0.78
LDS,1,1,2,0.5
LDb,0,0,0,
LDl,2,1,3,0.67
LDm,4,3,7,0.57
LDn,0,1,1,0.0
LDs,2,1,3,0.67
LDt,1,1,2,0.5
LHB,1,1,2,0.5
LHM,1,1,2,0.5
LHN,0,1,1,0.0
LHP,5,2,7,0.71
LHS,0,1,1,0.0
LHb,0,0,0,
LHm,1,1,2,0.5
LHn,1,0,1,1.0
LHs,2,1,3,0.67
LKB,0,3,3,0.0
LKL,2,0,2,1.0
LKM,4,6,10,0.4
LKN,1,1,2,0.5
LKP,3,5,8,0.38
LKS,1,2,3,0.33
LKb,3,2,5,0.6
LKh,2,2,4,0.5
LKl,3,3,6,0.5
LKm,4,0,4,1.0
LKn,3,5,8,0.38
LKs,5,1,6,0.83
LLB,20,19,39,0.51
LLD,0,2,2,0.0
LLH,0,1,1,0.0
LLK,0,1,1,0.0
LLL,5,6,11,0.45
LLM,23,15,38,0.61
LLN,22,13,35,0.63
LLP,25,23,48,0.52
LLS,13,18,31,0.42
LLb,22,23,45,0.49
LLh,6,15,21,0.29
LLj,8,4,12,0.67
LLl,7,12,19,0.37
LLm,15,14,29,0.52
LLn,41,18,59,0.69
LLs,15,12,27,0.56
LLt,5,6,11,0.45
LMB,50,26,76,0.66
LMD,4,7,11,0.36
LML,24,19,43,0.56
LMM,49,49,98,0.5
LMN,51,53,104,0.49
LMP,59,63,122,0.48
LMS,27,26,53,0.51
LMb,66,67,133,0.5
LMh,37,56,93,0.4
LMj,11,16,27,0.41
LMl,23,19,42,0.55
LMm,33,33,66,0.5
LMn,97,62,159,0.61
LMs,26,28,54,0.48
LMt,4,12,16,0.25
LNB,41,30,71,0.58
LND,6,3,9,0.67
LNH,9,4,13,0.69
LNK,1,6,7,0.14
LNL,16,19,35,0.46
LNM,40,45,85,0.47
LNN,60,57,117,0.51
LNP,79,67,146,0.54
LNS,31,36,67,0.46
LNb,53,47,100,0.53
LNh,21,24,45,0.47
LNl,23,22,45,0.51
LNm,46,34,80,0.57
LNn,68,54,122,0.56
LNs,28,21,49,0.57
LNt,14,11,25,0.56
LPB,40,43,83,0.48
LPD,1,2,3,0.33
LPH,18,19,37,0.49
LPI,2,0,2,1.0
LPK,5,7,12,0.42
LPL,36,38,74,0.49
LPM,62,71,133,0.47
LPN,66,72,138,0.48
LPP,119,94,213,0.56
LPS,41,54,95,0.43
LPb,73,57,130,0.56
LPh,3,1,4,0.75
LPl,46,36,82,0.56
LPm,62,42,104,0.6
LPn,59,53,112,0.53
LPs,49,39,88,0.56
LPt,7,3,10,0.7
LSB,21,14,35,0.6
LSD,1,0,1,1.0
LSH,5,10,15,0.33
LSK,4,2,6,0.67
LSL,12,9,21,0.57
LSM,31,37,68,0.46
LSN,27,26,53,0.51
LSP,41,46,87,0.47
LSS,31,36,67,0.46
LSb,44,44,88,0.5
LSh,27,25,52,0.52
LSl,21,19,40,0.52
LSm,31,21,52,0.6
LSn,28,35,63,0.44
LSs,37,27,64,0.58
LSt,3,4,7,0.43
LbB,41,39,80,0.51
LbD,3,1,4,0.75
LbH,16,17,33,0.48
LbI,5,3,8,0.62
LbJ,12,19,31,0.39
LbK,7,9,16,0.44
LbL,25,22,47,0.53
LbM,52,54,106,0.49
LbN,69,74,143,0.48
LbP,82,78,160,0.51
LbS,38,35,73,0.52
Lbb,63,67,130,0.48
Lbl,36,19,55,0.65
Lbm,49,29,78,0.63
Lbn,67,67,134,0.5
Lbs,46,29,75,0.61
LhB,20,16,36,0.56
LhD,0,1,1,0.0
LhH,3,6,9,0.33
LhK,0,1,1,0.0
LhL,11,12,23,0.48
LhM,36,18,54,0.67
LhN,30,29,59,0.51
LhP,34,39,73,0.47
LhS,16,21,37,0.43
Lhb,27,28,55,0.49
Lhh,25,21,46,0.54
Lhl,16,11,27,0.59
Lhm,17,11,28,0.61
Lhn,34,27,61,0.56
Lhs,18,17,35,0.51
Lht,2,2,4,0.5
LjB,8,13,21,0.38
LjH,2,10,12,0.17
LjI,1,0,1,1.0
LjK,2,0,2,1.0
LjL,16,4,20,0.8
LjM,19,20,39,0.49
LjN,13,27,40,0.32
LjP,28,28,56,0.5
LjS,13,18,31,0.42
Ljb,14,26,40,0.35
Ljh,3,7,10,0.3
Ljl,5,6,11,0.45
Ljm,27,12,39,0.69
Ljn,17,15,32,0.53
Ljs,7,15,22,0.32
Ljt,0,2,2,0.0
LlB,11,16,27,0.41
LlD,2,2,4,0.5
LlH,16,17,33,0.48
LlI,3,1,4,0.75
LlJ,7,4,11,0.64
LlK,4,1,5,0.8
LlL,11,13,24,0.46
LlM,22,30,52,0.42
LlN,43,32,75,0.57
LlP,37,34,71,0.52
LlS,17,23,40,0.42
Llb,45,25,70,0.64
Lll,9,14,23,0.39
Llm,23,19,42,0.55
Lln,24,31,55,0.44
Lls,23,25,48,0.48
LmB,29,36,65,0.45
LmD,0,6,6,0.0
LmH,28,26,54,0.52
LmI,0,5,5,0.0
LmJ,7,5,12,0.58
LmK,1,0,1,1.0
LmL,20,16,36,0.56
LmM,37,35,72,0.51
LmN,33,52,85,0.39
LmP,56,61,117,0.48
LmS,30,27,57,0.53
Lmb,29,30,59,0.49
Lml,13,13,26,0.5
Lmm,33,15,48,0.69
Lmn,41,37,78,0.53
Lms,16,20,36,0.44
LnB,35,43,78,0.45
LnD,6,6,12,0.5
LnH,23,41,64,0.36
LnI,2,7,9,0.22
LnK,7,3,10,0.7
LnL,30,28,58,0.52
LnM,80,66,146,0.55
LnN,89,88,177,0.5
LnP,108,110,218,0.5
LnS,71,56,127,0.56
Lnb,63,68,131,0.48
Lnh,3,6,9,0.33
Lnl,28,29,57,0.49
Lnm,52,35,87,0.6
Lnn,102,73,175,0.58
Lns,44,48,92,0.48
Lnt,0,1,1,0.0
LsB,13,13,26,0.5
LsD,0,2,2,0.0
LsH,33,20,53,0.62
LsI,5,2,7,0.71
LsK,0,3,3,0.0
LsL,10,13,23,0.43
LsM,29,33,62,0.47
LsN,33,36,69,0.48
LsP,36,49,85,0.42
LsS,27,24,51,0.53
Lsb,29,22,51,0.57
Lsh,1,2,3,0.33
Lsl,15,18,33,0.45
Lsm,25,18,43,0.58
Lsn,32,25,57,0.56
Lss,23,19,42,0.55
LtB,6,5,11,0.55
LtD,0,0,0,
LtH,2,6,8,0.25
LtL,5,1,6,0.83
LtM,9,8,17,0.53
LtN,6,11,17,0.35
LtP,11,14,25,0.44
LtS,4,5,9,0.44
Ltb,6,11,17,0.35
Ltl,3,6,9,0.33
Ltm,8,5,13,0.62
Ltn,18,13,31,0.58
Lts,4,3,7,0.57
Ltt,2,2,4,0.5
MBB,95,83,178,0.53
MBD,3,6,9,0.33
MBH,1,1,2,0.5
MBI,1,0,1,1.0
MBK,5,6,11,0.45
MBL,25,37,62,0.4
MBM,98,106,204,0.48
MBN,110,123,233,0.47
MBP,124,133,257,0.48
MBS,43,61,104,0.41
MBb,115,131,246,0.47
MBh,11,7,18,0.61
MBj,37,38,75,0.49
MBl,35,49,84,0.42
MBm,97,57,154,0.63
MBn,145,135,280,0.52
MBs,33,30,63,0.52
MBt,13,18,31,0.42
MDB,4,0,4,1.0
MDD,0,0,0,
MDH,3,8,11,0.27
MDK,0,0,0,
MDM,2,13,15,0.13
MDN,7,2,9,0.78
MDP,17,10,27,0.63
MDS,7,7,14,0.5
MDb,8,11,19,0.42
MDl,2,3,5,0.4
MDm,5,5,10,0.5
MDn,7,12,19,0.37
MDs,3,5,8,0.38
MDt,1,0,1,1.0
MHM,0,0,0,
MHN,1,0,1,1.0
MHP,1,2,3,0.33
MHS,0,2,2,0.0
MHb,0,0,0,
MHl,0,2,2,0.0
MHm,2,1,3,0.67
MHs,1,1,2,0.5
MKB,0,0,0,
MKM,0,1,1,0.0
MKN,0,1,1,0.0
MKP,1,2,3,0.33
MKS,0,1,1,0.0
MKh,0,3,3,0.0
MKl,1,0,1,1.0
MKm,1,1,2,0.5
MKn,0,2,2,0.0
MKs,1,0,1,1.0
MLB,35,39,74,0.47
MLD,3,2,5,0.6
MLH,0,0,0,
MLK,4,0,4,1.0
MLL,15,13,28,0.54
MLM,55,50,105,0.52
MLN,66,53,119,0.55
MLP,53,63,116,0.46
MLS,19,29,48,0.4
MLb,57,44,101,0.56
MLh,26,27,53,0.49
MLj,21,11,32,0.66
MLl,33,29,62,0.53
MLm,40,36,76,0.53
MLn,72,77,149,0.48
MLs,31,26,57,0.54
MLt,8,7,15,0.53
MMB,110,111,221,0.5
MMD,6,6,12,0.5
MMH,1,1,2,0.5
MMK,2,0,2,1.0
MML,44,43,87,0.51
MMM,132,129,261,0.51
MMN,122,142,264,0.46
MMP,150,185,335,0.45
MMS,73,80,153,0.48
MMb,173,173,346,0.5
MMh,99,118,217,0.46
MMj,42,48,90,0.47
MMl,62,52,114,0.54
MMm,90,78,168,0.54
MMn,203,203,406,0.5
MMs,76,63,139,0.55
MMt,19,17,36,0.53
MNB,70,75,145,0.48
MND,9,4,13,0.69
MNH,22,13,35,0.63
MNI,1,0,1,1.0
MNK,13,9,22,0.59
MNL,35,38,73,0.48
MNM,105,159,264,0.4
MNN,149,165,314,0.47
MNP,233,208,441,0.53
MNS,94,86,180,0.52
MNb,130,126,256,0.51
MNh,50,48,98,0.51
MNl,51,45,96,0.53
MNm,92,84,176,0.52
MNn,222,201,423,0.52
MNs,55,80,135,0.41
MNt,25,30,55,0.45
MPB,139,100,239,0.58
MPD,10,3,13,0.77
MPH,56,67,123,0.46
MPI,13,10,23,0.57
MPK,16,22,38,0.42
MPL,47,63,110,0.43
MPM,170,220,390,0.44
MPN,176,213,389,0.45
MPP,236,272,508,0.46
MPS,106,117,223,0.48
MPb,193,200,393,0.49
MPh,18,22,40,0.45
MPl,98,104,202,0.49
MPm,180,112,292,0.62
MPn,189,188,377,0.5
MPs,106,88,194,0.55
MPt,15,15,30,0.5
MSB,48,47,95,0.51
MSD,1,3,4,0.25
MSH,27,42,69,0.39
MSK,4,1,5,0.8
MSL,24,27,51,0.47
MSM,97,98,195,0.5
MSN,80,74,154,0.52
MSP,114,113,227,0.5
MSS,74,77,151,0.49
MSb,80,83,163,0.49
MSh,45,77,122,0.37
MSl,31,40,71,0.44
MSm,65,68,133,0.49
MSn,115,113,228,0.5
MSs,63,60,123,0.51
MSt,14,10,24,0.58
MbB,115,91,206,0.56
MbD,9,11,20,0.45
MbH,52,60,112,0.46
MbI,9,8,17,0.53
MbJ,52,37,89,0.58
MbK,18,18,36,0.5
MbL,49,38,87,0.56
MbM,144,165,309,0.47
MbN,242,230,472,0.51
MbP,193,223,416,0.46
MbS,80,92,172,0.47
Mbb,216,169,385,0.56
Mbh,0,0,0,
Mbl,48,70,118,0.41
Mbm,126,79,205,0.61
Mbn,199,199,398,0.5
Mbs,86,75,161,0.53
MhB,66,60,126,0.52
MhD,5,7,12,0.42
MhH,30,29,59,0.51
MhI,7,4,11,0.64
MhK,2,2,4,0.5
MhL,38,30,68,0.56
MhM,116,123,239,0.49
MhN,109,91,200,0.55
MhP,176,186,362,0.49
MhS,96,94,190,0.51
Mhb,105,118,223,0.47
Mhh,119,113,232,0.51
Mhl,81,59,140,0.58
Mhm,83,80,163,0.51
Mhn,139,133,272,0.51
Mhs,97,83,180,0.54
Mht,13,16,29,0.45
MjB,31,23,54,0.57
MjD,3,3,6,0.5
MjH,15,15,30,0.5
MjI,2,3,5,0.4
MjK,7,2,9,0.78
MjL,7,18,25,0.28
MjM,39,41,80,0.49
MjN,37,43,80,0.46
MjP,64,65,129,0.5
MjS,34,28,62,0.55
Mjb,48,40,88,0.55
Mjh,8,10,18,0.44
Mjl,20,16,36,0.56
Mjm,32,23,55,0.58
Mjn,48,38,86,0.56
Mjs,23,24,47,0.49
Mjt,9,6,15,0.6
MlB,46,42,88,0.52
MlD,6,2,8,0.75
MlH,45,57,102,0.44
MlI,3,4,7,0.43
MlJ,14,8,22,0.64
MlK,2,3,5,0.4
MlL,28,24,52,0.54
MlM,72,81,153,0.47
MlN,69,90,159,0.43
MlP,81,90,171,0.47
MlS,53,61,114,0.46
Mlb,79,55,134,0.59
Mll,29,25,54,0.54
Mlm,44,41,85,0.52
Mln,65,64,129,0.5
Mls,35,34,69,0.51
MmB,69,71,140,0.49
MmD,11,7,18,0.61
MmH,73,100,173,0.42
MmI,3,10,13,0.23
MmJ,16,17,33,0.48
MmK,2,3,5,0.4
MmL,37,39,76,0.49
MmM,106,88,194,0.55
MmN,133,126,259,0.51
MmP,135,141,276,0.49
MmS,72,59,131,0.55
Mmb,97,108,205,0.47
Mmh,0,1,1,0.0
Mml,26,25,51,0.51
Mmm,63,62,125,0.5
Mmn,112,104,216,0.52
Mms,37,50,87,0.43
MnB,119,112,231,0.52
MnD,13,15,28,0.46
MnH,95,106,201,0.47
MnI,23,22,45,0.51
MnK,13,25,38,0.34
MnL,52,56,108,0.48
MnM,205,191,396,0.52
MnN,283,279,562,0.5
MnP,329,331,660,0.5
MnS,140,157,297,0.47
Mnb,188,224,412,0.46
Mnh,8,10,18,0.44
Mnl,94,65,159,0.59
Mnm,153,105,258,0.59
Mnn,264,253,517,0.51
Mns,122,121,243,0.5
MsB,36,41,77,0.47
MsD,4,5,9,0.44
MsH,81,84,165,0.49
MsI,8,5,13,0.62
MsK,4,4,8,0.5
MsL,22,23,45,0.49
MsM,74,73,147,0.5
MsN,85,87,172,0.49
MsP,115,118,233,0.49
MsS,74,66,140,0.53
Msb,77,74,151,0.51
Msh,4,1,5,0.8
Msl,39,39,78,0.5
Msm,56,45,101,0.55
Msn,81,88,169,0.48
Mss,40,51,91,0.44
MtB,9,11,20,0.45
MtD,1,1,2,0.5
MtH,12,13,25,0.48
MtK,1,1,2,0.5
MtL,16,7,23,0.7
MtM,21,30,51,0.41
MtN,30,22,52,0.58
MtP,31,31,62,0.5
MtS,12,16,28,0.43
Mtb,24,19,43,0.56
Mth,2,0,2,1.0
Mtl,8,5,13,0.62
Mtm,21,14,35,0.6
Mtn,31,32,63,0.49
Mts,6,9,15,0.4
Mtt,2,3,5,0.4
NBB,67,72,139,0.48
NBD,5,3,8,0.62
NBH,1,1,2,0.5
NBK,7,5,12,0.58
NBL,41,37,78,0.53
NBM,94,91,185,0.51
NBN,112,98,210,0.53
NBP,117,114,231,0.51
NBS,53,58,111,0.48
NBb,103,86,189,0.54
NBh,13,14,27,0.48
NBj,38,39,77,0.49
NBl,41,33,74,0.55
NBm,72,62,134,0.54
NBn,119,136,255,0.47
NBs,44,44,88,0.5
NBt,23,19,42,0.55
NDB,2,4,6,0.33
NDH,8,9,17,0.47
NDI,1,0,1,1.0
NDL,4,1,5,0.8
NDM,7,15,22,0.32
NDN,10,11,21,0.48
NDP,10,10,20,0.5
NDS,7,9,16,0.44
NDb,7,7,14,0.5
NDl,7,3,10,0.7
NDm,5,3,8,0.62
NDn,4,6,10,0.4
NDs,2,5,7,0.29
NDt,1,0,1,1.0
NHB,12,15,27,0.44
NHD,1,2,3,0.33
NHH,2,3,5,0.4
NHK,5,5,10,0.5
NHL,7,4,11,0.64
NHM,30,20,50,0.6
NHN,24,20,44,0.55
NHP,31,26,57,0.54
NHS,12,16,28,0.43
NHb,17,16,33,0.52
NHh,5,7,12,0.42
NHl,9,9,18,0.5
NHm,19,13,32,0.59
NHn,36,36,72,0.5
NHs,15,17,32,0.47
NHt,0,1,1,0.0
NIB,1,0,1,1.0
NIH,0,1,1,0.0
NIL,1,1,2,0.5
NIM,0,1,1,0.0
NIN,0,1,1,0.0
NIS,0,1,1,0.0
NIb,1,0,1,1.0
NKB,6,7,13,0.46
NKD,1,0,1,1.0
NKH,1,3,4,0.25
NKI,1,1,2,0.5
NKL,5,7,12,0.42
NKM,12,9,21,0.57
NKN,9,10,19,0.47
NKP,14,14,28,0.5
NKS,10,9,19,0.53
NKb,10,12,22,0.45
NKh,5,3,8,0.62
NKl,16,2,18,0.89
NKm,10,8,18,0.56
NKn,11,12,23,0.48
NKs,7,5,12,0.58
NKt,2,0,2,1.0
NLB,43,39,82,0.52
NLD,0,1,1,0.0
NLH,1,0,1,1.0
NLK,4,4,8,0.5
NLL,25,30,55,0.45
NLM,43,54,97,0.44
NLN,57,57,114,0.5
NLP,72,79,151,0.48
NLS,25,43,68,0.37
NLb,57,74,131,0.44
NLh,30,29,59,0.51
NLj,10,23,33,0.3
NLl,23,26,49,0.47
NLm,44,32,76,0.58
NLn,65,70,135,0.48
NLs,17,24,41,0.41
NLt,6,9,15,0.4
NMB,102,98,200,0.51
NMD,4,6,10,0.4
NMH,0,0,0,
NML,43,56,99,0.43
NMM,129,146,275,0.47
NMN,132,150,282,0.47
NMP,175,182,357,0.49
NMS,81,85,166,0.49
NMb,155,175,330,0.47
NMh,106,113,219,0.48
NMj,37,43,80,0.46
NMl,65,46,111,0.59
NMm,106,105,211,0.5
NMn,246,209,455,0.54
NMs,80,63,143,0.56
NMt,32,23,55,0.58
NNB,98,102,200,0.49
NND,11,6,17,0.65
NNH,23,29,52,0.44
NNK,9,11,20,0.45
NNL,61,58,119,0.51
NNM,151,158,309,0.49
NNN,204,197,401,0.51
NNP,264,282,546,0.48
NNS,127,133,260,0.49
NNb,171,149,320,0.53
NNh,78,82,160,0.49
NNl,65,73,138,0.47
NNm,109,99,208,0.52
NNn,249,252,501,0.5
NNs,107,102,209,0.51
NNt,49,19,68,0.72
NPB,154,143,297,0.52
NPD,11,8,19,0.58
NPH,59,73,132,0.45
NPI,13,15,28,0.46
NPK,22,34,56,0.39
NPL,102,104,206,0.5
NPM,247,267,514,0.48
NPN,248,264,512,0.48
NPP,382,359,741,0.52
NPS,183,200,383,0.48
NPb,210,254,464,0.45
NPh,33,41,74,0.45
NPl,130,138,268,0.49
NPm,219,150,369,0.59
NPn,256,282,538,0.48
NPs,164,149,313,0.52
NPt,16,25,41,0.39
NSB,61,54,115,0.53
NSD,9,6,15,0.6
NSH,35,46,81,0.43
NSI,0,0,0,
NSK,2,1,3,0.67
NSL,37,46,83,0.45
NSM,103,101,204,0.5
NSN,99,109,208,0.48
NSP,141,176,317,0.44
NSS,91,99,190,0.48
NSb,115,93,208,0.55
NSh,81,89,170,0.48
NSl,42,48,90,0.47
NSm,104,75,179,0.58
NSn,158,130,288,0.55
NSs,97,107,204,0.48
NSt,11,10,21,0.52
NbB,104,109,213,0.49
NbD,8,7,15,0.53
NbH,53,50,103,0.51
NbI,6,8,14,0.43
NbJ,50,30,80,0.62
NbK,17,19,36,0.47
NbL,57,55,112,0.51
NbM,136,174,310,0.44
NbN,201,197,398,0.51
NbP,236,213,449,0.53
NbS,85,93,178,0.48
Nbb,168,150,318,0.53
Nbh,0,2,2,0.0
Nbl,57,67,124,0.46
Nbm,118,84,202,0.58
Nbn,163,158,321,0.51
Nbs,78,64,142,0.55
Nbt,1,0,1,1.0
NhB,33,35,68,0.49
NhD,2,1,3,0.67
NhH,10,15,25,0.4
NhI,5,3,8,0.62
NhK,0,1,1,0.0
NhL,25,15,40,0.62
NhM,64,68,132,0.48
NhN,49,58,107,0.46
NhP,104,92,196,0.53
NhS,48,60,108,0.44
Nhb,57,79,136,0.42
Nhh,48,64,112,0.43
Nhl,46,33,79,0.58
Nhm,57,29,86,0.66
Nhn,82,95,177,0.46
Nhs,63,44,107,0.59
Nht,6,7,13,0.46
NlB,45,43,88,0.51
NlD,3,5,8,0.38
NlH,41,47,88,0.47
NlI,9,10,19,0.47
NlJ,7,17,24,0.29
NlK,6,5,11,0.55
NlL,23,24,47,0.49
NlM,64,70,134,0.48
NlN,78,85,163,0.48
NlP,116,92,208,0.56
NlS,46,58,104,0.44
Nlb,61,61,122,0.5
Nll,33,36,69,0.48
Nlm,55,35,90,0.61
Nln,67,75,142,0.47
Nls,38,42,80,0.48
NmB,90,73,163,0.55
NmD,8,4,12,0.67
NmH,94,99,193,0.49
NmI,11,7,18,0.61
NmJ,27,18,45,0.6
NmK,1,3,4,0.25
NmL,37,34,71,0.52
NmM,105,115,220,0.48
NmN,159,138,297,0.54
NmP,147,159,306,0.48
NmS,54,66,120,0.45
Nmb,106,95,201,0.53
Nmh,0,1,1,0.0
Nml,37,29,66,0.56
Nmm,76,58,134,0.57
Nmn,109,115,224,0.49
Nms,48,46,94,0.51
NnB,143,126,269,0.53
NnD,21,11,32,0.66
NnH,95,110,205,0.46
NnI,22,21,43,0.51
NnK,16,25,41,0.39
NnL,70,78,148,0.47
NnM,199,202,401,0.5
NnN,300,282,582,0.52
NnP,331,335,666,0.5
NnS,171,173,344,0.5
Nnb,192,176,368,0.52
Nnh,4,10,14,0.29
Nnl,89,89,178,0.5
Nnm,188,134,322,0.58
Nnn,266,245,511,0.52
Nns,161,136,297,0.54
Nnt,1,1,2,0.5
NsB,48,41,89,0.54
NsD,16,7,23,0.7
NsH,67,115,182,0.37
NsI,13,11,24,0.54
NsK,3,4,7,0.43
NsL,25,39,64,0.39
NsM,73,99,172,0.42
NsN,102,98,200,0.51
NsP,136,149,285,0.48
NsS,76,92,168,0.45
Nsb,92,81,173,0.53
Nsh,9,4,13,0.69
Nsl,31,51,82,0.38
Nsm,73,59,132,0.55
Nsn,97,111,208,0.47
Nss,66,66,132,0.5
Nst,1,0,1,1.0
NtB,18,13,31,0.58
NtD,0,5,5,0.0
NtH,11,10,21,0.52
NtK,5,2,7,0.71
NtL,7,10,17,0.41
NtM,31,37,68,0.46
NtN,38,28,66,0.58
NtP,41,54,95,0.43
NtS,23,28,51,0.45
Ntb,24,34,58,0.41
Nth,1,3,4,0.25
Ntl,10,6,16,0.62
Ntm,19,12,31,0.61
Ntn,31,26,57,0.54
Nts,20,15,35,0.57
Ntt,5,2,7,0.71
PBB,105,105,210,0.5
PBD,8,12,20,0.4
PBH,0,1,1,0.0
PBK,1,13,14,0.07
PBL,63,57,120,0.52
PBM,139,132,271,0.51
PBN,136,142,278,0.49
PBP,182,157,339,0.54
PBS,69,91,160,0.43
PBb,143,140,283,0.51
PBh,16,21,37,0.43
PBj,47,61,108,0.44
PBl,76,68,144,0.53
PBm,123,84,207,0.59
PBn,164,178,342,0.48
PBs,60,59,119,0.5
PBt,24,22,46,0.52
PDB,1,10,11,0.09
PDD,3,2,5,0.6
PDH,6,7,13,0.46
PDL,6,4,10,0.6
PDM,11,9,20,0.55
PDN,9,9,18,0.5
PDP,12,20,32,0.38
PDS,7,11,18,0.39
PDb,8,10,18,0.44
PDl,6,7,13,0.46
PDm,11,9,20,0.55
PDn,8,6,14,0.57
PDs,9,5,14,0.64
PDt,1,1,2,0.5
PHB,29,29,58,0.5
PHD,4,6,10,0.4
PHH,11,7,18,0.61
PHI,5,2,7,0.71
PHK,7,5,12,0.58
PHL,24,16,40,0.6
PHM,67,64,131,0.51
PHN,63,55,118,0.53
PHP,82,86,168,0.49
PHS,51,59,110,0.46
PHb,73,53,126,0.58
PHh,21,25,46,0.46
PHl,36,36,72,0.5
PHm,39,35,74,0.53
PHn,62,81,143,0.43
PHs,52,57,109,0.48
PHt,5,1,6,0.83
PIB,7,8,15,0.47
PID,0,3,3,0.0
PIH,7,9,16,0.44
PII,1,1,2,0.5
PIK,1,1,2,0.5
PIL,8,6,14,0.57
PIM,9,15,24,0.38
PIN,8,12,20,0.4
PIP,21,15,36,0.58
PIS,9,10,19,0.47
PIb,14,12,26,0.54
PIl,6,3,9,0.67
PIm,12,9,21,0.57
PIn,11,3,14,0.79
PIs,2,4,6,0.33
PIt,0,1,1,0.0
PKB,11,9,20,0.55
PKH,3,2,5,0.6
PKI,1,2,3,0.33
PKK,1,0,1,1.0
PKL,10,10,20,0.5
PKM,17,21,38,0.45
PKN,13,17,30,0.43
PKP,31,19,50,0.62
PKS,9,18,27,0.33
PKb,22,18,40,0.55
PKh,21,17,38,0.55
PKl,13,14,27,0.48
PKm,19,16,35,0.54
PKn,22,19,41,0.54
PKs,19,22,41,0.46
PKt,2,2,4,0.5
PLB,56,72,128,0.44
PLD,7,4,11,0.64
PLH,2,1,3,0.67
PLK,3,7,10,0.3
PLL,40,31,71,0.56
PLM,98,107,205,0.48
PLN,63,82,145,0.43
PLP,100,102,202,0.5
PLS,62,63,125,0.5
PLb,112,102,214,0.52
PLh,38,42,80,0.48
PLj,28,35,63,0.44
PLl,52,54,106,0.49
PLm,78,56,134,0.58
PLn,110,100,210,0.52
PLs,51,48,99,0.52
PLt,15,10,25,0.6
PMB,141,149,290,0.49
PMD,8,16,24,0.33
PMK,0,1,1,0.0
PML,89,85,174,0.51
PMM,213,217,430,0.5
PMN,184,177,361,0.51
PMP,266,283,549,0.48
PMS,109,150,259,0.42
PMb,260,247,507,0.51
PMh,170,195,365,0.47
PMj,51,61,112,0.46
PMl,119,115,234,0.51
PMm,173,134,307,0.56
PMn,263,289,552,0.48
PMs,107,137,244,0.44
PMt,30,20,50,0.6
PNB,141,109,250,0.56
PND,11,13,24,0.46
PNH,26,28,54,0.48
PNK,12,13,25,0.48
PNL,85,85,170,0.5
PNM,208,246,454,0.46
PNN,198,193,391,0.51
PNP,346,328,674,0.51
PNS,141,158,299,0.47
PNb,206,203,409,0.5
PNh,113,105,218,0.52
PNl,110,131,241,0.46
PNm,178,113,291,0.61
PNn,242,242,484,0.5
PNs,129,134,263,0.49
PNt,32,22,54,0.59
PPB,210,225,435,0.48
PPD,24,18,42,0.57
PPH,87,77,164,0.53
PPI,24,13,37,0.65
PPK,27,30,57,0.47
PPL,162,168,330,0.49
PPM,345,362,707,0.49
PPN,332,303,635,0.52
PPP,516,495,1011,0.51
PPS,243,262,505,0.48
PPb,342,354,696,0.49
PPh,42,45,87,0.48
PPl,203,191,394,0.52
PPm,274,218,492,0.56
PPn,315,278,593,0.53
PPs,198,199,397,0.5
PPt,30,21,51,0.59
PSB,81,75,156,0.52
PSD,5,6,11,0.45
PSH,50,66,116,0.43
PSI,1,0,1,1.0
PSK,3,5,8,0.38
PSL,61,73,134,0.46
PSM,143,164,307,0.47
PSN,115,125,240,0.48
PSP,211,217,428,0.49
PSS,108,138,246,0.44
PSb,178,136,314,0.57
PSh,76,110,186,0.41
PSl,100,79,179,0.56
PSm,122,111,233,0.52
PSn,143,149,292,0.49
PSs,124,123,247,0.5
PSt,24,26,50,0.48
PbB,184,158,342,0.54
PbD,10,13,23,0.43
PbH,66,71,137,0.48
PbI,17,15,32,0.53
PbJ,54,55,109,0.5
PbK,19,19,38,0.5
PbL,87,86,173,0.5
PbM,268,274,542,0.49
PbN,243,251,494,0.49
PbP,309,308,617,0.5
PbS,99,119,218,0.45
Pbb,272,252,524,0.52
Pbh,1,1,2,0.5
Pbl,139,106,245,0.57
Pbm,185,138,323,0.57
Pbn,217,205,422,0.51
Pbs,85,109,194,0.44
PhB,17,13,30,0.57
PhD,5,2,7,0.71
PhH,1,7,8,0.12
PhK,2,0,2,1.0
PhL,10,15,25,0.4
PhM,36,21,57,0.63
PhN,22,21,43,0.51
PhP,40,43,83,0.48
PhS,20,15,35,0.57
Phb,16,27,43,0.37
Phh,37,41,78,0.47
Phl,18,20,38,0.47
Phm,20,20,40,0.5
Phn,39,22,61,0.64
Phs,16,21,37,0.43
Pht,5,2,7,0.71
PlB,79,88,167,0.47
PlD,5,4,9,0.56
PlH,78,70,148,0.53
PlI,11,4,15,0.73
PlJ,19,26,45,0.42
PlK,13,6,19,0.68
PlL,56,47,103,0.54
PlM,123,129,252,0.49
PlN,133,110,243,0.55
PlP,148,161,309,0.48
PlS,91,85,176,0.52
Plb,132,120,252,0.52
Pll,66,61,127,0.52
Plm,95,67,162,0.59
Pln,97,95,192,0.51
Pls,71,65,136,0.52
PmB,135,104,239,0.56
PmD,14,10,24,0.58
PmH,107,100,207,0.52
PmI,7,10,17,0.41
PmJ,30,36,66,0.45
PmK,1,1,2,0.5
PmL,64,67,131,0.49
PmM,177,197,374,0.47
PmN,178,181,359,0.5
PmP,214,242,456,0.47
PmS,87,101,188,0.46
Pmb,166,162,328,0.51
Pml,52,54,106,0.49
Pmm,106,87,193,0.55
Pmn,125,123,248,0.5
Pms,61,60,121,0.5
Pmt,1,0,1,1.0
PnB,112,116,228,0.49
PnD,16,13,29,0.55
PnH,102,123,225,0.45
PnI,18,22,40,0.45
PnK,15,22,37,0.41
PnL,90,89,179,0.5
PnM,186,253,439,0.42
PnN,250,242,492,0.51
PnP,351,326,677,0.52
PnS,177,140,317,0.56
Pnb,230,202,432,0.53
Pnh,15,13,28,0.54
Pnl,110,119,229,0.48
Pnm,168,135,303,0.55
Pnn,204,199,403,0.51
Pns,150,164,314,0.48
Pnt,0,1,1,0.0
PsB,62,75,137,0.45
PsD,12,7,19,0.63
PsH,100,126,226,0.44
PsI,15,9,24,0.62
PsK,6,4,10,0.6
PsL,47,56,103,0.46
PsM,133,112,245,0.54
PsN,144,104,248,0.58
PsP,171,197,368,0.46
PsS,110,152,262,0.42
Psb,140,117,257,0.54
Psh,13,7,20,0.65
Psl,75,83,158,0.47
Psm,103,92,195,0.53
Psn,91,112,203,0.45
Pss,82,98,180,0.46
Pst,2,0,2,1.0
PtB,16,9,25,0.64
PtD,4,1,5,0.8
PtH,8,7,15,0.53
PtK,1,0,1,1.0
PtL,8,7,15,0.53
PtM,20,35,55,0.36
PtN,20,20,40,0.5
PtP,24,26,50,0.48
PtS,17,25,42,0.4
Ptb,22,20,42,0.52
Pth,0,0,0,
Ptl,13,12,25,0.52
Ptm,20,22,42,0.48
Ptn,17,13,30,0.57
Pts,11,8,19,0.58
Ptt,3,2,5,0.6
SBB,26,31,57,0.46
SBD,3,1,4,0.75
SBK,3,4,7,0.43
SBL,19,26,45,0.42
SBM,35,56,91,0.38
SBN,59,57,116,0.51
SBP,62,58,120,0.52
SBS,28,43,71,0.39
SBb,61,53,114,0.54
SBh,7,10,17,0.41
SBj,23,18,41,0.56
SBl,25,25,50,0.5
SBm,41,25,66,0.62
SBn,79,74,153,0.52
SBs,27,30,57,0.47
SBt,12,12,24,0.5
SDB,4,2,6,0.67
SDH,3,5,8,0.38
SDK,0,1,1,0.0
SDL,1,2,3,0.33
SDM,2,6,8,0.25
SDN,1,2,3,0.33
SDP,10,7,17,0.59
SDS,5,1,6,0.83
SDb,6,1,7,0.86
SDl,3,4,7,0.43
SDm,2,0,2,1.0
SDn,6,7,13,0.46
SDs,2,5,7,0.29
SDt,0,2,2,0.0
SHB,12,26,38,0.32
SHD,1,0,1,1.0
SHH,9,11,20,0.45
SHI,3,1,4,0.75
SHK,2,4,6,0.33
SHL,11,16,27,0.41
SHM,37,34,71,0.52
SHN,37,34,71,0.52
SHP,35,45,80,0.44
SHS,36,35,71,0.51
SHb,41,55,96,0.43
SHh,2,18,20,0.1
SHl,19,23,42,0.45
SHm,42,20,62,0.68
SHn,51,26,77,0.66
SHs,30,35,65,0.46
SHt,2,3,5,0.4
SIB,1,0,1,1.0
SIK,1,0,1,1.0
SIL,0,1,1,0.0
SIM,1,1,2,0.5
SIN,0,1,1,0.0
SIP,0,1,1,0.0
SIS,1,0,1,1.0
SIb,2,0,2,1.0
SIn,0,0,0,
SIs,1,1,2,0.5
SKB,2,4,6,0.33
SKH,2,0,2,1.0
SKK,0,1,1,0.0
SKL,1,3,4,0.25
SKM,3,1,4,0.75
SKN,2,3,5,0.4
SKP,4,5,9,0.44
SKS,1,1,2,0.5
SKb,1,4,5,0.2
SKh,3,1,4,0.75
SKl,2,2,4,0.5
SKm,2,5,7,0.29
SKn,5,5,10,0.5
SKs,5,2,7,0.71
SLB,21,32,53,0.4
SLD,0,1,1,0.0
SLK,1,2,3,0.33
SLL,9,15,24,0.38
SLM,28,47,75,0.37
SLN,30,40,70,0.43
SLP,42,36,78,0.54
SLS,34,25,59,0.58
SLb,35,42,77,0.45
SLh,15,16,31,0.48
SLj,9,9,18,0.5
SLl,18,14,32,0.56
SLm,30,24,54,0.56
SLn,49,46,95,0.52
SLs,21,21,42,0.5
SLt,6,6,12,0.5
SMB,56,50,106,0.53
SMD,5,10,15,0.33
SMH,1,1,2,0.5
SMK,2,0,2,1.0
SML,42,44,86,0.49
SMM,77,93,170,0.45
SMN,91,77,168,0.54
SMP,129,117,246,0.52
SMS,64,68,132,0.48
SMb,109,95,204,0.53
SMh,79,82,161,0.49
SMj,19,25,44,0.43
SMl,41,40,81,0.51
SMm,78,66,144,0.54
SMn,125,151,276,0.45
SMs,56,49,105,0.53
SMt,13,13,26,0.5
SNB,50,40,90,0.56
SND,5,2,7,0.71
SNH,9,14,23,0.39
SNI,0,0,0,
SNK,9,8,17,0.53
SNL,34,15,49,0.69
SNM,77,94,171,0.45
SNN,101,98,199,0.51
SNP,123,136,259,0.47
SNS,71,73,144,0.49
SNb,84,78,162,0.52
SNh,34,46,80,0.42
SNl,34,45,79,0.43
SNm,77,46,123,0.63
SNn,119,138,257,0.46
SNs,47,57,104,0.45
SNt,19,16,35,0.54
SPB,102,66,168,0.61
SPD,7,7,14,0.5
SPH,40,47,87,0.46
SPI,11,5,16,0.69
SPK,11,15,26,0.42
SPL,55,66,121,0.45
SPM,121,155,276,0.44
SPN,151,135,286,0.53
SPP,238,197,435,0.55
SPS,123,121,244,0.5
SPb,159,152,311,0.51
SPh,15,21,36,0.42
SPl,81,59,140,0.58
SPm,116,75,191,0.61
SPn,152,156,308,0.49
SPs,90,113,203,0.44
SPt,21,14,35,0.6
SSB,46,42,88,0.52
SSD,7,3,10,0.7
SSH,46,41,87,0.53
SSI,0,1,1,0.0
SSK,3,7,10,0.3
SSL,42,35,77,0.55
SSM,79,86,165,0.48
SSN,67,69,136,0.49
SSP,138,121,259,0.53
SSS,100,85,185,0.54
SSb,102,87,189,0.54
SSh,63,70,133,0.47
SSl,48,37,85,0.56
SSm,66,63,129,0.51
SSn,112,89,201,0.56
SSs,68,80,148,0.46
SSt,12,9,21,0.57
SbB,67,67,134,0.5
SbD,4,2,6,0.67
SbH,24,27,51,0.47
SbI,9,3,12,0.75
SbJ,26,26,52,0.5
SbK,12,17,29,0.41
SbL,33,31,64,0.52
SbM,98,93,191,0.51
SbN,137,141,278,0.49
SbP,128,121,249,0.51
SbS,85,71,156,0.54
Sbb,129,106,235,0.55
Sbh,0,2,2,0.0
Sbl,58,33,91,0.64
Sbm,72,37,109,0.66
Sbn,98,97,195,0.5
Sbs,38,50,88,0.43
ShB,39,31,70,0.56
ShD,1,4,5,0.2
ShH,14,14,28,0.5
ShI,3,5,8,0.38
ShK,4,0,4,1.0
ShL,28,24,52,0.54
ShM,61,62,123,0.5
ShN,53,57,110,0.48
ShP,90,96,186,0.48
ShS,67,70,137,0.49
Shb,83,81,164,0.51
Shh,65,67,132,0.49
Shl,31,33,64,0.48
Shm,61,49,110,0.55
Shn,105,85,190,0.55
Shs,79,85,164,0.48
Sht,11,6,17,0.65
SlB,24,26,50,0.48
SlD,0,2,2,0.0
SlH,35,39,74,0.47
SlI,3,4,7,0.43
SlJ,13,5,18,0.72
SlK,5,5,10,0.5
SlL,23,16,39,0.59
SlM,52,54,106,0.49
SlN,59,54,113,0.52
SlP,83,59,142,0.58
SlS,37,36,73,0.51
Slb,60,54,114,0.53
Sll,33,29,62,0.53
Slm,42,39,81,0.52
Sln,43,41,84,0.51
Sls,28,28,56,0.5
SmB,45,41,86,0.52
SmD,3,5,8,0.38
SmH,47,61,108,0.44
SmI,6,6,12,0.5
SmJ,15,7,22,0.68
SmK,1,4,5,0.2
SmL,30,26,56,0.54
SmM,71,86,157,0.45
SmN,99,77,176,0.56
SmP,106,102,208,0.51
SmS,48,46,94,0.51
Smb,81,68,149,0.54
Sml,28,33,61,0.46
Smm,58,33,91,0.64
Smn,76,62,138,0.55
Sms,30,27,57,0.53
SnB,42,61,103,0.41
SnD,11,10,21,0.52
SnH,61,59,120,0.51
SnI,7,9,16,0.44
SnK,19,9,28,0.68
SnL,39,45,84,0.46
SnM,114,127,241,0.47
SnN,162,151,313,0.52
SnP,161,168,329,0.49
SnS,117,101,218,0.54
Snb,123,106,229,0.54
Snh,5,2,7,0.71
Snl,47,49,96,0.49
Snm,100,68,168,0.6
Snn,153,137,290,0.53
Sns,90,87,177,0.51
Snt,1,0,1,1.0
SsB,34,41,75,0.45
SsD,7,7,14,0.5
SsH,75,80,155,0.48
SsI,7,4,11,0.64
SsK,5,6,11,0.45
SsL,29,28,57,0.51
SsM,81,89,170,0.48
SsN,79,88,167,0.47
SsP,99,122,221,0.45
SsS,93,109,202,0.46
Ssb,77,85,162,0.48
Ssh,5,9,14,0.36
Ssl,47,51,98,0.48
Ssm,78,51,129,0.6
Ssn,69,71,140,0.49
Sss,88,72,160,0.55
Sst,1,0,1,1.0
StB,8,10,18,0.44
StD,0,1,1,0.0
StH,11,7,18,0.61
StK,4,1,5,0.8
StL,11,2,13,0.85
StM,14,27,41,0.34
StN,19,16,35,0.54
StP,21,24,45,0.47
StS,14,18,32,0.44
Stb,9,14,23,0.39
Sth,0,2,2,0.0
Stl,8,8,16,0.5
Stm,13,4,17,0.76
Stn,14,20,34,0.41
Sts,9,12,21,0.43
Stt,1,2,3,0.33
bBB,93,96,189,0.49
bBD,6,7,13,0.46
bBH,1,0,1,1.0
bBK,5,8,13,0.38
bBL,36,47,83,0.43
bBM,135,124,259,0.52
bBN,126,120,246,0.51
bBP,147,131,278,0.53
bBS,51,65,116,0.44
bBb,123,129,252,0.49
bBh,26,22,48,0.54
bBj,48,57,105,0.46
bBl,50,52,102,0.49
bBm,93,57,150,0.62
bBn,173,129,302,0.57
bBs,52,54,106,0.49
bBt,16,18,34,0.47
bDB,4,6,10,0.4
bDH,11,7,18,0.61
bDL,1,3,4,0.25
bDM,3,8,11,0.27
bDN,7,6,13,0.54
bDP,19,12,31,0.61
bDS,8,7,15,0.53
bDb,12,6,18,0.67
bDl,6,4,10,0.6
bDm,3,3,6,0.5
bDn,6,8,14,0.43
bDs,1,4,5,0.2
bDt,2,1,3,0.67
bHB,31,35,66,0.47
bHD,4,3,7,0.57
bHH,8,8,16,0.5
bHI,0,3,3,0.0
bHK,2,6,8,0.25
bHL,20,23,43,0.47
bHM,57,41,98,0.58
bHN,47,61,108,0.44
bHP,70,70,140,0.5
bHS,26,37,63,0.41
bHb,54,46,100,0.54
bHh,15,4,19,0.79
bHl,19,13,32,0.59
bHm,33,23,56,0.59
bHn,56,44,100,0.56
bHs,25,19,44,0.57
bHt,0,1,1,0.0
bIB,6,5,11,0.55
bID,2,0,2,1.0
bIH,7,7,14,0.5
bII,3,0,3,1.0
bIL,7,1,8,0.88
bIM,19,17,36,0.53
bIN,11,9,20,0.55
bIP,21,19,40,0.52
bIS,5,7,12,0.42
bIb,13,9,22,0.59
bIl,6,5,11,0.55
bIm,7,7,14,0.5
bIn,8,12,20,0.4
bIs,5,5,10,0.5
bIt,1,0,1,1.0
bJB,29,19,48,0.6
bJD,2,1,3,0.67
bJH,12,20,32,0.38
bJI,5,2,7,0.71
bJK,5,6,11,0.45
bJL,20,12,32,0.62
bJM,51,59,110,0.46
bJN,45,43,88,0.51
bJP,57,62,119,0.48
bJS,27,31,58,0.47
bJb,44,45,89,0.49
bJh,9,11,20,0.45
bJl,28,22,50,0.56
bJm,29,16,45,0.64
bJn,38,28,66,0.58
bJs,26,20,46,0.57
bJt,6,3,9,0.67
bKB,9,12,21,0.43
bKD,0,1,1,0.0
bKH,3,2,5,0.6
bKL,6,8,14,0.43
bKM,13,23,36,0.36
bKN,11,11,22,0.5
bKP,20,16,36,0.56
bKS,6,13,19,0.32
bKb,17,12,29,0.59
bKh,9,19,28,0.32
bKl,11,9,20,0.55
bKm,14,17,31,0.45
bKn,15,14,29,0.52
bKs,8,8,16,0.5
bKt,4,1,5,0.8
bLB,34,46,80,0.42
bLD,3,0,3,1.0
bLH,0,1,1,0.0
bLK,1,4,5,0.2
bLL,27,19,46,0.59
bLM,57,63,120,0.48
bLN,46,49,95,0.48
bLP,61,64,125,0.49
bLS,42,45,87,0.48
bLb,66,57,123,0.54
bLh,26,31,57,0.46
bLj,20,18,38,0.53
bLl,26,19,45,0.58
bLm,36,27,63,0.57
bLn,83,82,165,0.5
bLs,32,31,63,0.51
bLt,12,6,18,0.67
bMB,126,118,244,0.52
bMD,5,11,16,0.31
bMH,0,1,1,0.0
bMK,0,0,0,
bML,52,52,104,0.5
bMM,164,166,330,0.5
bMN,154,148,302,0.51
bMP,185,205,390,0.47
bMS,98,89,187,0.52
bMb,176,184,360,0.49
bMh,135,159,294,0.46
bMj,48,46,94,0.51
bMl,76,70,146,0.52
bMm,140,82,222,0.63
bMn,201,212,413,0.49
bMs,90,73,163,0.55
bMt,23,28,51,0.45
bNB,125,105,230,0.54
bND,14,4,18,0.78
bNH,23,23,46,0.5
bNI,1,0,1,1.0
bNK,9,13,22,0.41
bNL,72,63,135,0.53
bNM,193,190,383,0.5
bNN,200,208,408,0.49
bNP,287,284,571,0.5
bNS,126,146,272,0.46
bNb,200,204,404,0.5
bNh,87,97,184,0.47
bNl,90,78,168,0.54
bNm,165,123,288,0.57
bNn,277,233,510,0.54
bNs,107,118,225,0.48
bNt,45,26,71,0.63
bPB,145,145,290,0.5
bPD,15,6,21,0.71
bPH,59,50,109,0.54
bPI,10,7,17,0.59
bPK,24,21,45,0.53
bPL,95,103,198,0.48
bPM,245,207,452,0.54
bPN,203,209,412,0.49
bPP,320,310,630,0.51
bPS,136,141,277,0.49
bPb,249,213,462,0.54
bPh,30,36,66,0.45
bPl,119,133,252,0.47
bPm,152,121,273,0.56
bPn,214,212,426,0.5
bPs,116,114,230,0.5
bPt,20,22,42,0.48
bSB,42,44,86,0.49
bSD,2,2,4,0.5
bSH,21,34,55,0.38
bSI,2,1,3,0.67
bSK,1,2,3,0.33
bSL,31,36,67,0.46
bSM,80,84,164,0.49
bSN,68,73,141,0.48
bSP,136,126,262,0.52
bSS,63,60,123,0.51
bSb,81,79,160,0.51
bSh,66,57,123,0.54
bSl,30,47,77,0.39
bSm,67,41,108,0.62
bSn,110,86,196,0.56
bSs,60,65,125,0.48
bSt,14,16,30,0.47
bbB,157,180,337,0.47
bbD,16,7,23,0.7
bbH,58,46,104,0.56
bbI,16,16,32,0.5
bbJ,36,34,70,0.51
bbK,13,16,29,0.45
bbL,56,54,110,0.51
bbM,220,175,395,0.56
bbN,233,228,461,0.51
bbP,255,225,480,0.53
bbS,95,83,178,0.53
bbb,257,201,458,0.56
bbl,73,67,140,0.52
bbm,110,83,193,0.57
bbn,207,178,385,0.54
bbs,80,61,141,0.57
bhB,0,2,2,0.0
bhP,1,1,2,0.5
bhb,1,2,3,0.33
bhh,0,0,0,
bhl,0,1,1,0.0
blB,57,55,112,0.51
blD,0,3,3,0.0
blH,41,34,75,0.55
blI,4,7,11,0.36
blJ,16,11,27,0.59
blK,4,3,7,0.57
blL,25,28,53,0.47
blM,75,80,155,0.48
blN,75,105,180,0.42
blP,111,93,204,0.54
blS,46,27,73,0.63
blb,76,89,165,0.46
bll,40,25,65,0.62
blm,47,41,88,0.53
bln,55,59,114,0.48
bls,44,27,71,0.62
bmB,91,109,200,0.46
bmD,7,4,11,0.64
bmH,63,74,137,0.46
bmI,9,6,15,0.6
bmJ,16,14,30,0.53
bmK,2,5,7,0.29
bmL,31,39,70,0.44
bmM,111,100,211,0.53
bmN,129,137,266,0.48
bmP,150,132,282,0.53
bmS,58,72,130,0.45
bmb,122,87,209,0.58
bml,28,25,53,0.53
bmm,50,53,103,0.49
bmn,104,90,194,0.54
bms,36,34,70,0.51
bmt,1,2,3,0.33
bnB,110,105,215,0.51
bnD,12,16,28,0.43
bnH,67,64,131,0.51
bnI,23,8,31,0.74
bnK,9,14,23,0.39
bnL,58,47,105,0.55
bnM,168,177,345,0.49
bnN,204,223,427,0.48
bnP,272,254,526,0.52
bnS,103,107,210,0.49
bnb,172,173,345,0.5
bnh,17,10,27,0.63
bnl,69,65,134,0.51
bnm,120,70,190,0.63
bnn,199,191,390,0.51
bns,105,86,191,0.55
bsB,39,39,78,0.5
bsD,6,7,13,0.46
bsH,66,69,135,0.49
bsI,12,5,17,0.71
bsK,2,4,6,0.33
bsL,25,27,52,0.48
bsM,66,88,154,0.43
bsN,87,80,167,0.52
bsP,95,94,189,0.5
bsS,54,62,116,0.47
bsb,80,68,148,0.54
bsh,2,3,5,0.4
bsl,37,27,64,0.58
bsm,61,35,96,0.64
bsn,57,62,119,0.48
bss,42,38,80,0.52
bst,0,0,0,
btB,0,1,1,0.0
btM,0,1,1,0.0
hBB,19,12,31,0.61
hBK,1,2,3,0.33
hBL,6,11,17,0.35
hBM,20,26,46,0.43
hBN,25,29,54,0.46
hBP,29,33,62,0.47
hBS,12,18,30,0.4
hBb,28,26,54,0.52
hBh,3,4,7,0.43
hBj,5,3,8,0.62
hBl,7,8,15,0.47
hBm,23,15,38,0.61
hBn,31,29,60,0.52
hBs,7,12,19,0.37
hBt,4,6,10,0.4
hDB,0,0,0,
hDH,0,2,2,0.0
hDL,1,1,2,0.5
hDM,0,0,0,
hDN,2,1,3,0.67
hDP,2,5,7,0.29
hDS,1,1,2,0.5
hDb,5,1,6,0.83
hDl,0,2,2,0.0
hDm,2,0,2,1.0
hDn,2,3,5,0.4
hDs,2,2,4,0.5
hHB,5,5,10,0.5
hHD,1,0,1,1.0
hHH,3,0,3,1.0
hHI,1,1,2,0.5
hHK,0,2,2,0.0
hHL,1,0,1,1.0
hHM,7,9,16,0.44
hHN,9,9,18,0.5
hHP,10,12,22,0.45
hHS,9,7,16,0.56
hHb,14,7,21,0.67
hHh,4,4,8,0.5
hHl,3,5,8,0.38
hHm,4,3,7,0.57
hHn,13,9,22,0.59
hHs,9,8,17,0.53
hIB,0,1,1,0.0
hIL,1,0,1,1.0
hIM,1,5,6,0.17
hIN,3,1,4,0.75
hIP,0,3,3,0.0
hIS,2,0,2,1.0
hIb,0,0,0,
hIl,0,1,1,0.0
hIm,2,1,3,0.67
hIn,5,1,6,0.83
hIs,0,1,1,0.0
hKB,0,1,1,0.0
hKL,1,1,2,0.5
hKM,0,2,2,0.0
hKN,1,0,1,1.0
hKP,0,0,0,
hKS,1,0,1,1.0
hKb,0,0,0,
hKh,0,3,3,0.0
hKl,0,0,0,
hKs,2,0,2,1.0
hKt,1,0,1,1.0
hLB,12,7,19,0.63
hLD,0,1,1,0.0
hLH,1,1,2,0.5
hLK,0,1,1,0.0
hLL,5,7,12,0.42
hLM,16,10,26,0.62
hLN,8,19,27,0.3
hLP,15,18,33,0.45
hLS,10,8,18,0.56
hLb,15,14,29,0.52
hLh,9,12,21,0.43
hLj,4,5,9,0.44
hLl,3,4,7,0.43
hLm,12,10,22,0.55
hLn,19,17,36,0.53
hLs,6,5,11,0.55
hLt,2,2,4,0.5
hMB,22,19,41,0.54
hMD,3,3,6,0.5
hMK,0,1,1,0.0
hML,20,16,36,0.56
hMM,38,48,86,0.44
hMN,27,30,57,0.47
hMP,38,59,97,0.39
hMS,16,34,50,0.32
hMb,40,47,87,0.46
hMh,42,38,80,0.52
hMj,17,6,23,0.74
hMl,24,9,33,0.73
hMm,22,19,41,0.54
hMn,48,44,92,0.52
hMs,19,22,41,0.46
hMt,6,4,10,0.6
hNB,21,22,43,0.49
hND,2,3,5,0.4
hNH,3,3,6,0.5
hNK,4,3,7,0.57
hNL,10,9,19,0.53
hNM,30,37,67,0.45
hNN,31,41,72,0.43
hNP,57,56,113,0.5
hNS,32,25,57,0.56
hNb,31,28,59,0.53
hNh,13,15,28,0.46
hNl,11,10,21,0.52
hNm,40,10,50,0.8
hNn,39,48,87,0.45
hNs,22,32,54,0.41
hNt,5,6,11,0.45
hPB,40,37,77,0.52
hPD,0,1,1,0.0
hPH,20,14,34,0.59
hPI,3,3,6,0.5
hPK,5,6,11,0.45
hPL,29,23,52,0.56
hPM,64,65,129,0.5
hPN,50,53,103,0.49
hPP,85,90,175,0.49
hPS,50,54,104,0.48
hPb,56,58,114,0.49
hPh,8,5,13,0.62
hPl,33,28,61,0.54
hPm,50,46,96,0.52
hPn,50,66,116,0.43
hPs,44,37,81,0.54
hPt,6,5,11,0.55
hSB,19,14,33,0.58
hSD,0,4,4,0.0
hSH,14,16,30,0.47
hSI,1,0,1,1.0
hSK,1,1,2,0.5
hSL,15,8,23,0.65
hSM,29,25,54,0.54
hSN,32,26,58,0.55
hSP,38,33,71,0.54
hSS,17,38,55,0.31
hSb,22,40,62,0.35
hSh,19,38,57,0.33
hSl,13,18,31,0.42
hSm,23,20,43,0.53
hSn,33,30,63,0.52
hSs,42,32,74,0.57
hSt,4,2,6,0.67
hbB,18,20,38,0.47
hbD,1,2,3,0.33
hbH,17,11,28,0.61
hbI,4,4,8,0.5
hbJ,10,13,23,0.43
hbK,8,3,11,0.73
hbL,20,20,40,0.5
hbM,50,49,99,0.51
hbN,36,44,80,0.45
hbP,62,49,111,0.56
hbS,33,28,61,0.54
hbb,43,53,96,0.45
hbh,1,0,1,1.0
hbl,25,20,45,0.56
hbm,34,22,56,0.61
hbn,48,52,100,0.48
hbs,25,21,46,0.54
hhB,25,20,45,0.56
hhD,2,2,4,0.5
hhH,11,8,19,0.58
hhK,1,0,1,1.0
hhL,12,11,23,0.52
hhM,36,30,66,0.55
hhN,34,31,65,0.52
hhP,59,54,113,0.52
hhS,37,41,78,0.47
hhb,42,36,78,0.54
hhh,39,36,75,0.52
hhl,19,12,31,0.61
hhm,26,30,56,0.46
hhn,42,39,81,0.52
hhs,24,39,63,0.38
hht,4,1,5,0.8
hlB,10,17,27,0.37
hlD,2,0,2,1.0
hlH,15,13,28,0.54
hlI,1,1,2,0.5
hlJ,6,6,12,0.5
hlK,0,4,4,0.0
hlL,8,13,21,0.38
hlM,18,29,47,0.38
hlN,22,34,56,0.39
hlP,31,29,60,0.52
hlS,21,15,36,0.58
hlb,20,22,42,0.48
hll,22,9,31,0.71
hlm,18,17,35,0.51
hln,19,11,30,0.63
hls,13,16,29,0.45
hmB,13,17,30,0.43
hmD,3,1,4,0.75
hmH,20,25,45,0.44
hmI,0,1,1,0.0
hmJ,6,5,11,0.55
hmK,0,1,1,0.0
hmL,15,10,25,0.6
hmM,30,30,60,0.5
hmN,39,29,68,0.57
hmP,44,33,77,0.57
hmS,24,22,46,0.52
hmb,28,28,56,0.5
hml,14,3,17,0.82
hmm,28,11,39,0.72
hmn,28,22,50,0.56
hms,12,19,31,0.39
hnB,23,23,46,0.5
hnD,2,1,3,0.67
hnH,24,16,40,0.6
hnI,4,4,8,0.5
hnK,5,12,17,0.29
hnL,28,12,40,0.7
hnM,44,61,105,0.42
hnN,57,55,112,0.51
hnP,76,64,140,0.54
hnS,35,53,88,0.4
hnb,53,47,100,0.53
hnh,4,2,6,0.67
hnl,24,10,34,0.71
hnm,36,27,63,0.57
hnn,48,47,95,0.51
hns,34,38,72,0.47
hsB,17,19,36,0.47
hsD,6,1,7,0.86
hsH,34,35,69,0.49
hsI,5,2,7,0.71
hsK,0,1,1,0.0
hsL,9,11,20,0.45
hsM,28,41,69,0.41
hsN,30,26,56,0.54
hsP,47,43,90,0.52
hsS,34,44,78,0.44
hsb,23,32,55,0.42
hsh,0,2,2,0.0
hsl,16,12,28,0.57
hsm,35,20,55,0.64
hsn,28,28,56,0.5
hss,33,25,58,0.57
htB,0,2,2,0.0
htH,1,1,2,0.5
htK,1,1,2,0.5
htL,2,1,3,0.67
htM,2,4,6,0.33
htN,4,6,10,0.4
htP,6,9,15,0.4
htS,4,5,9,0.44
htb,4,1,5,0.8
htl,2,2,4,0.5
htm,3,3,6,0.5
htn,1,1,2,0.5
hts,0,4,4,0.0
htt,1,1,2,0.5
jBB,8,3,11,0.73
jBK,0,1,1,0.0
jBL,3,4,7,0.43
jBM,5,9,14,0.36
jBN,6,8,14,0.43
jBP,5,6,11,0.45
jBS,4,4,8,0.5
jBb,3,9,12,0.25
jBh,1,4,5,0.2
jBj,3,0,3,1.0
jBl,4,2,6,0.67
jBm,6,7,13,0.46
jBn,10,8,18,0.56
jBs,4,3,7,0.57
jBt,0,0,0,
jDH,0,1,1,0.0
jDM,0,0,0,
jDP,1,0,1,1.0
jDS,0,0,0,
jDb,1,1,2,0.5
jHB,1,1,2,0.5
jHH,0,2,2,0.0
jHI,0,1,1,0.0
jHL,0,2,2,0.0
jHM,2,3,5,0.4
jHN,5,3,8,0.62
jHP,4,6,10,0.4
jHS,2,2,4,0.5
jHb,3,3,6,0.5
jHh,2,0,2,1.0
jHl,2,2,4,0.5
jHm,1,3,4,0.25
jHn,3,2,5,0.6
jHs,2,1,3,0.67
jHt,0,1,1,0.0
jIH,1,0,1,1.0
jIM,2,1,3,0.67
jIP,1,2,3,0.33
jIS,0,1,1,0.0
jIb,1,2,3,0.33
jIl,1,0,1,1.0
jKB,1,0,1,1.0
jKL,0,1,1,0.0
jKM,0,1,1,0.0
jKN,0,1,1,0.0
jKP,1,2,3,0.33
jKS,1,0,1,1.0
jKb,0,2,2,0.0
jKh,2,1,3,0.67
jKm,0,2,2,0.0
jKn,0,1,1,0.0
jLB,3,3,6,0.5
jLD,1,0,1,1.0
jLK,1,0,1,1.0
jLL,2,2,4,0.5
jLM,5,1,6,0.83
jLN,1,4,5,0.2
jLP,4,3,7,0.57
jLS,4,2,6,0.67
jLb,7,0,7,1.0
jLh,0,2,2,0.0
jLj,4,1,5,0.8
jLl,3,0,3,1.0
jLm,1,4,5,0.2
jLn,1,3,4,0.25
jLs,3,3,6,0.5
jLt,0,0,0,
jMB,5,7,12,0.42
jMD,0,1,1,0.0
jML,0,4,4,0.0
jMM,5,5,10,0.5
jMN,13,8,21,0.62
jMP,6,9,15,0.4
jMS,5,4,9,0.56
jMb,10,11,21,0.48
jMh,8,8,16,0.5
jMj,3,3,6,0.5
jMl,8,3,11,0.73
jMm,6,5,11,0.55
jMn,12,16,28,0.43
jMs,8,7,15,0.53
jMt,2,0,2,1.0
jNB,4,3,7,0.57
jND,1,2,3,0.33
jNH,0,1,1,0.0
jNL,2,6,8,0.25
jNM,7,6,13,0.54
jNN,6,9,15,0.4
jNP,17,17,34,0.5
jNS,4,12,16,0.25
jNb,7,6,13,0.54
jNh,3,8,11,0.27
jNl,5,7,12,0.42
jNm,3,8,11,0.27
jNn,20,10,30,0.67
jNs,1,4,5,0.2
jNt,0,1,1,0.0
jPB,4,7,11,0.36
jPD,2,0,2,1.0
jPH,4,2,6,0.67
jPK,2,1,3,0.67
jPL,8,5,13,0.62
jPM,14,17,31,0.45
jPN,12,13,25,0.48
jPP,20,26,46,0.43
jPS,10,12,22,0.45
jPb,13,17,30,0.43
jPh,4,2,6,0.67
jPl,9,11,20,0.45
jPm,14,9,23,0.61
jPn,15,16,31,0.48
jPs,7,8,15,0.47
jPt,3,1,4,0.75
jSB,1,8,9,0.11
jSD,1,0,1,1.0
jSH,5,2,7,0.71
jSL,3,1,4,0.75
jSM,5,10,15,0.33
jSN,6,3,9,0.67
jSP,11,11,22,0.5
jSS,5,6,11,0.45
jSb,4,7,11,0.36
jSh,3,7,10,0.3
jSl,4,8,12,0.33
jSm,8,7,15,0.53
jSn,8,9,17,0.47
jSs,7,0,7,1.0
jSt,0,1,1,0.0
jbB,10,9,19,0.53
jbH,3,2,5,0.6
jbI,1,2,3,0.33
jbJ,1,1,2,0.5
jbK,1,1,2,0.5
jbL,5,5,10,0.5
jbM,9,14,23,0.39
jbN,9,7,16,0.56
jbP,21,19,40,0.52
jbS,8,2,10,0.8
jbb,12,12,24,0.5
jbl,6,7,13,0.46
jbm,10,8,18,0.56
jbn,8,6,14,0.57
jbs,6,3,9,0.67
jhB,3,0,3,1.0
jhL,0,1,1,0.0
jhM,0,0,0,
jhN,1,2,3,0.33
jhP,2,5,7,0.29
jhS,1,2,3,0.33
jhb,5,2,7,0.71
jhh,6,5,11,0.55
jhl,2,4,6,0.33
jhm,2,2,4,0.5
jhn,1,1,2,0.5
jhs,0,1,1,0.0
jlB,2,5,7,0.29
jlH,4,6,10,0.4
jlI,0,0,0,
jlJ,3,2,5,0.6
jlK,1,0,1,1.0
jlL,3,1,4,0.75
jlM,3,5,8,0.38
jlN,7,7,14,0.5
jlP,8,6,14,0.57
jlS,5,4,9,0.56
jlb,5,8,13,0.38
jll,3,2,5,0.6
jlm,4,3,7,0.57
jln,4,2,6,0.67
jls,2,3,5,0.4
jmB,4,2,6,0.67
jmD,0,3,3,0.0
jmH,5,7,12,0.42
jmI,2,0,2,1.0
jmJ,1,2,3,0.33
jmK,0,0,0,
jmL,5,7,12,0.42
jmM,1,3,4,0.25
jmN,12,9,21,0.57
jmP,11,11,22,0.5
jmS,4,9,13,0.31
jmb,8,5,13,0.62
jml,1,2,3,0.33
jmm,7,6,13,0.54
jmn,5,3,8,0.62
jms,1,0,1,1.0
jnB,9,10,19,0.47
jnD,1,0,1,1.0
jnH,7,4,11,0.64
jnI,1,1,2,0.5
jnK,2,2,4,0.5
jnL,9,5,14,0.64
jnM,10,15,25,0.4
jnN,7,16,23,0.3
jnP,16,14,30,0.53
jnS,9,14,23,0.39
jnb,10,3,13,0.77
jnh,1,1,2,0.5
jnl,5,3,8,0.62
jnm,6,7,13,0.46
jnn,14,10,24,0.58
jns,2,4,6,0.33
jsB,2,1,3,0.67
jsD,0,1,1,0.0
jsH,4,5,9,0.44
jsI,1,0,1,1.0
jsK,0,1,1,0.0
jsL,2,2,4,0.5
jsM,8,3,11,0.73
jsN,1,3,4,0.25
jsP,9,6,15,0.6
jsS,8,5,13,0.62
jsb,6,9,15,0.4
jsh,0,2,2,0.0
jsl,3,2,5,0.6
jsm,6,1,7,0.86
jsn,8,8,16,0.5
jss,6,3,9,0.67
jtB,0,2,2,0.0
jtD,1,0,1,1.0
jtH,2,0,2,1.0
jtK,1,1,2,0.5
jtL,2,0,2,1.0
jtM,1,1,2,0.5
jtN,1,1,2,0.5
jtP,4,3,7,0.57
jtS,1,0,1,1.0
jtb,0,2,2,0.0
jtm,1,2,3,0.33
jtn,3,0,3,1.0
jts,1,1,2,0.5
lBB,32,32,64,0.5
lBD,4,1,5,0.8
lBH,0,1,1,0.0
lBK,1,4,5,0.2
lBL,12,26,38,0.32
lBM,48,39,87,0.55
lBN,51,54,105,0.49
lBP,49,72,121,0.4
lBS,30,40,70,0.43
lBb,65,50,115,0.57
lBh,5,8,13,0.38
lBj,16,20,36,0.44
lBl,32,20,52,0.62
lBm,45,42,87,0.52
lBn,81,56,137,0.59
lBs,23,19,42,0.55
lBt,12,8,20,0.6
lDB,2,2,4,0.5
lDD,1,0,1,1.0
lDH,2,3,5,0.4
lDI,0,1,1,0.0
lDL,1,3,4,0.25
lDM,2,4,6,0.33
lDN,3,3,6,0.5
lDP,5,4,9,0.56
lDS,2,4,6,0.33
lDb,6,4,10,0.6
lDl,0,1,1,0.0
lDm,5,0,5,1.0
lDn,3,3,6,0.5
lDs,3,3,6,0.5
lDt,0,2,2,0.0
lHB,30,33,63,0.48
lHD,3,4,7,0.43
lHH,9,5,14,0.64
lHI,2,2,4,0.5
lHK,2,6,8,0.25
lHL,13,16,29,0.45
lHM,48,44,92,0.52
lHN,45,52,97,0.46
lHP,69,63,132,0.52
lHS,34,31,65,0.52
lHb,52,41,93,0.56
lHh,15,29,44,0.34
lHl,23,28,51,0.45
lHm,39,32,71,0.55
lHn,48,56,104,0.46
lHs,33,23,56,0.59
lHt,3,2,5,0.6
lIB,5,3,8,0.62
lID,1,0,1,1.0
lIH,3,4,7,0.43
lII,0,1,1,0.0
lIL,1,1,2,0.5
lIM,1,4,5,0.2
lIN,8,8,16,0.5
lIP,3,9,12,0.25
lIS,2,3,5,0.4
lIb,3,7,10,0.3
lIl,2,2,4,0.5
lIm,4,1,5,0.8
lIn,8,2,10,0.8
lIs,2,2,4,0.5
lJB,10,11,21,0.48
lJH,4,7,11,0.36
lJI,1,0,1,1.0
lJK,0,1,1,0.0
lJL,9,4,13,0.69
lJM,17,12,29,0.59
lJN,13,18,31,0.42
lJP,23,21,44,0.52
lJS,9,6,15,0.6
lJb,10,18,28,0.36
lJh,4,0,4,1.0
lJl,13,8,21,0.62
lJm,14,9,23,0.61
lJn,10,15,25,0.4
lJs,9,10,19,0.47
lJt,3,0,3,1.0
lKB,2,3,5,0.4
lKK,1,0,1,1.0
lKL,3,2,5,0.6
lKM,5,9,14,0.36
lKN,2,2,4,0.5
lKP,4,7,11,0.36
lKS,1,1,2,0.5
lKb,4,3,7,0.57
lKh,1,6,7,0.14
lKl,5,2,7,0.71
lKm,4,4,8,0.5
lKn,6,4,10,0.6
lKs,2,0,2,1.0
lKt,1,0,1,1.0
lLB,19,15,34,0.56
lLD,1,0,1,1.0
lLH,1,1,2,0.5
lLK,1,1,2,0.5
lLL,9,8,17,0.53
lLM,29,26,55,0.53
lLN,38,19,57,0.67
lLP,34,26,60,0.57
lLS,19,16,35,0.54
lLb,27,27,54,0.5
lLh,17,13,30,0.57
lLj,9,7,16,0.56
lLl,15,10,25,0.6
lLm,21,16,37,0.57
lLn,49,34,83,0.59
lLs,14,16,30,0.47
lLt,8,7,15,0.53
lMB,53,35,88,0.6
lMD,4,3,7,0.57
lMK,1,1,2,0.5
lML,34,29,63,0.54
lMM,63,68,131,0.48
lMN,56,68,124,0.45
lMP,70,96,166,0.42
lMS,46,57,103,0.45
lMb,78,70,148,0.53
lMh,41,50,91,0.45
lMj,19,27,46,0.41
lMl,45,34,79,0.57
lMm,41,40,81,0.51
lMn,104,99,203,0.51
lMs,36,44,80,0.45
lMt,15,11,26,0.58
lNB,48,38,86,0.56
lND,3,6,9,0.33
lNH,6,11,17,0.35
lNI,1,0,1,1.0
lNK,4,5,9,0.44
lNL,33,29,62,0.53
lNM,78,74,152,0.51
lNN,91,79,170,0.54
lNP,129,119,248,0.52
lNS,47,46,93,0.51
lNb,81,75,156,0.52
lNh,33,33,66,0.5
lNl,38,33,71,0.54
lNm,68,38,106,0.64
lNn,120,115,235,0.51
lNs,43,44,87,0.49
lNt,15,13,28,0.54
lPB,72,76,148,0.49
lPD,2,5,7,0.29
lPH,24,33,57,0.42
lPI,6,4,10,0.6
lPK,9,12,21,0.43
lPL,50,38,88,0.57
lPM,110,106,216,0.51
lPN,91,81,172,0.53
lPP,152,153,305,0.5
lPS,52,68,120,0.43
lPb,93,104,197,0.47
lPh,14,14,28,0.5
lPl,59,46,105,0.56
lPm,78,50,128,0.61
lPn,99,88,187,0.53
lPs,64,51,115,0.56
lPt,10,10,20,0.5
lSB,22,31,53,0.42
lSD,2,1,3,0.67
lSH,17,8,25,0.68
lSI,0,2,2,0.0
lSK,1,1,2,0.5
lSL,14,20,34,0.41
lSM,40,51,91,0.44
lSN,56,48,104,0.54
lSP,61,67,128,0.48
lSS,38,49,87,0.44
lSb,54,45,99,0.55
lSh,27,47,74,0.36
lSl,21,28,49,0.43
lSm,37,30,67,0.55
lSn,51,44,95,0.54
lSs,42,47,89,0.47
lSt,12,9,21,0.57
lbB,66,58,124,0.53
lbD,4,3,7,0.57
lbH,23,17,40,0.57
lbI,5,3,8,0.62
lbJ,26,17,43,0.6
lbK,9,4,13,0.69
lbL,37,31,68,0.54
lbM,84,84,168,0.5
lbN,85,102,187,0.45
lbP,98,114,212,0.46
lbS,28,46,74,0.38
lbb,104,94,198,0.53
lbl,50,29,79,0.63
lbm,62,35,97,0.64
lbn,77,65,142,0.54
lbs,30,29,59,0.51
llB,32,27,59,0.54
llD,1,3,4,0.25
llH,17,25,42,0.4
llI,2,1,3,0.67
llJ,11,5,16,0.69
llK,0,4,4,0.0
llL,16,15,31,0.52
llM,31,40,71,0.44
llN,43,46,89,0.48
llP,46,46,92,0.5
llS,16,28,44,0.36
llb,44,30,74,0.59
lll,20,11,31,0.65
llm,16,18,34,0.47
lln,30,33,63,0.48
lls,12,22,34,0.35
lmB,38,30,68,0.56
lmD,2,2,4,0.5
lmH,21,30,51,0.41
lmI,2,3,5,0.4
lmJ,8,12,20,0.4
lmK,0,2,2,0.0
lmL,18,19,37,0.49
lmM,48,46,94,0.51
lmN,64,67,131,0.49
lmP,74,62,136,0.54
lmS,31,36,67,0.46
lmb,47,48,95,0.49
lmh,0,1,1,0.0
lml,22,16,38,0.58
lmm,32,24,56,0.57
lmn,48,39,87,0.55
lms,21,7,28,0.75
lnB,35,41,76,0.46
lnD,3,2,5,0.6
lnH,31,29,60,0.52
lnI,3,4,7,0.43
lnK,4,7,11,0.36
lnL,25,24,49,0.51
lnM,61,71,132,0.46
lnN,67,74,141,0.48
lnP,99,103,202,0.49
lnS,34,37,71,0.48
lnb,59,59,118,0.5
lnh,0,1,1,0.0
lnl,25,18,43,0.58
lnm,56,51,107,0.52
lnn,70,63,133,0.53
lns,29,45,74,0.39
lnt,1,1,2,0.5
lsB,24,23,47,0.51
lsD,5,8,13,0.38
lsH,28,35,63,0.44
lsI,3,8,11,0.27
lsK,0,0,0,
lsL,19,15,34,0.56
lsM,39,28,67,0.58
lsN,40,29,69,0.58
lsP,59,51,110,0.54
lsS,39,31,70,0.56
lsb,35,36,71,0.49
lsh,1,1,2,0.5
lsl,24,21,45,0.53
lsm,38,18,56,0.68
lsn,39,26,65,0.6
lss,37,24,61,0.61
lst,0,1,1,0.0
mBB,46,47,93,0.49
mBD,4,5,9,0.44
mBH,0,1,1,0.0
mBK,9,4,13,0.69
mBL,25,28,53,0.47
mBM,65,91,156,0.42
mBN,96,86,182,0.53
mBP,85,93,178,0.48
mBS,59,39,98,0.6
mBb,81,74,155,0.52
mBh,9,21,30,0.3
mBj,30,32,62,0.48
mBl,26,25,51,0.51
mBm,66,41,107,0.62
mBn,134,114,248,0.54
mBs,39,32,71,0.55
mBt,17,18,35,0.49
mDB,6,5,11,0.55
mDD,1,0,1,1.0
mDH,7,4,11,0.64
mDK,0,0,0,
mDL,2,5,7,0.29
mDM,10,8,18,0.56
mDN,11,7,18,0.61
mDP,8,12,20,0.4
mDS,6,7,13,0.46
mDb,7,14,21,0.33
mDh,0,2,2,0.0
mDl,1,3,4,0.25
mDm,4,7,11,0.36
mDn,9,8,17,0.53
mDs,7,8,15,0.47
mDt,1,0,1,1.0
mHB,54,40,94,0.57
mHD,5,4,9,0.56
mHH,8,8,16,0.5
mHI,3,6,9,0.33
mHK,5,6,11,0.45
mHL,22,21,43,0.51
mHM,72,72,144,0.5
mHN,70,72,142,0.49
mHP,118,114,232,0.51
mHS,43,49,92,0.47
mHb,67,77,144,0.47
mHh,36,35,71,0.51
mHl,38,40,78,0.49
mHm,47,45,92,0.51
mHn,110,87,197,0.56
mHs,51,57,108,0.47
mHt,4,5,9,0.44
mIB,2,3,5,0.4
mID,1,2,3,0.33
mIH,2,5,7,0.29
mII,0,1,1,0.0
mIK,1,0,1,1.0
mIL,6,4,10,0.6
mIM,6,7,13,0.46
mIN,7,4,11,0.64
mIP,13,12,25,0.52
mIS,2,4,6,0.33
mIb,9,6,15,0.6
mIl,3,2,5,0.6
mIm,6,3,9,0.67
mIn,10,10,20,0.5
mIs,4,3,7,0.57
mJB,13,15,28,0.46
mJH,8,8,16,0.5
mJK,5,3,8,0.62
mJL,9,7,16,0.56
mJM,23,26,49,0.47
mJN,26,20,46,0.57
mJP,26,36,62,0.42
mJS,11,12,23,0.48
mJb,17,19,36,0.47
mJh,1,1,2,0.5
mJl,6,11,17,0.35
mJm,14,15,29,0.48
mJn,15,24,39,0.38
mJs,17,14,31,0.55
mJt,5,1,6,0.83
mKB,2,1,3,0.67
mKL,0,1,1,0.0
mKM,2,1,3,0.67
mKN,0,1,1,0.0
mKP,0,2,2,0.0
mKS,0,2,2,0.0
mKb,4,1,5,0.8
mKh,2,1,3,0.67
mKl,2,3,5,0.4
mKm,2,1,3,0.67
mKn,2,2,4,0.5
mKs,3,0,3,1.0
mKt,1,0,1,1.0
mLB,29,17,46,0.63
mLD,0,1,1,0.0
mLH,0,1,1,0.0
mLK,0,3,3,0.0
mLL,11,11,22,0.5
mLM,43,41,84,0.51
mLN,40,46,86,0.47
mLP,48,50,98,0.49
mLS,17,35,52,0.33
mLb,34,42,76,0.45
mLh,19,27,46,0.41
mLj,7,17,24,0.29
mLl,21,16,37,0.57
mLm,29,19,48,0.6
mLn,56,52,108,0.52
mLs,20,18,38,0.53
mLt,4,10,14,0.29
mMB,60,77,137,0.44
mMD,6,2,8,0.75
mMH,1,0,1,1.0
mMK,1,0,1,1.0
mML,29,25,54,0.54
mMM,106,108,214,0.5
mMN,118,132,250,0.47
mMP,132,132,264,0.5
mMS,74,68,142,0.52
mMb,102,100,202,0.5
mMh,98,105,203,0.48
mMj,48,32,80,0.6
mMl,51,35,86,0.59
mMm,86,72,158,0.54
mMn,163,161,324,0.5
mMs,64,66,130,0.49
mMt,20,21,41,0.49
mNB,73,74,147,0.5
mND,9,3,12,0.75
mNH,35,23,58,0.6
mNK,6,11,17,0.35
mNL,47,48,95,0.49
mNM,97,104,201,0.48
mNN,178,166,344,0.52
mNP,198,200,398,0.5
mNS,93,91,184,0.51
mNb,124,99,223,0.56
mNh,34,39,73,0.47
mNl,48,43,91,0.53
mNm,99,74,173,0.57
mNn,200,190,390,0.51
mNs,83,75,158,0.53
mNt,32,16,48,0.67
mPB,92,94,186,0.49
mPD,5,10,15,0.33
mPH,52,41,93,0.56
mPI,10,6,16,0.62
mPK,9,15,24,0.38
mPL,48,48,96,0.5
mPM,150,164,314,0.48
mPN,163,153,316,0.52
mPP,240,222,462,0.52
mPS,103,86,189,0.54
mPb,153,147,300,0.51
mPh,15,15,30,0.5
mPl,57,71,128,0.45
mPm,97,80,177,0.55
mPn,170,157,327,0.52
mPs,89,90,179,0.5
mPt,19,20,39,0.49
mSB,24,34,58,0.41
mSD,1,0,1,1.0
mSH,17,25,42,0.4
mSI,1,0,1,1.0
mSK,1,1,2,0.5
mSL,15,18,33,0.45
mSM,56,53,109,0.51
mSN,56,58,114,0.49
mSP,107,91,198,0.54
mSS,54,43,97,0.56
mSb,74,60,134,0.55
mSh,34,58,92,0.37
mSl,31,33,64,0.48
mSm,37,35,72,0.51
mSn,85,87,172,0.49
mSs,52,52,104,0.5
mSt,20,7,27,0.74
mbB,118,81,199,0.59
mbD,3,3,6,0.5
mbH,35,21,56,0.62
mbI,10,6,16,0.62
mbJ,21,29,50,0.42
mbK,6,10,16,0.38
mbL,43,34,77,0.56
mbM,106,115,221,0.48
mbN,137,130,267,0.51
mbP,126,141,267,0.47
mbS,47,48,95,0.49
mbb,125,110,235,0.53
mbl,38,45,83,0.46
mbm,75,44,119,0.63
mbn,121,128,249,0.49
mbs,36,35,71,0.51
mhS,0,0,0,
mhb,0,1,1,0.0
mhh,0,0,0,
mhn,1,0,1,1.0
mhs,2,0,2,1.0
mlB,41,27,68,0.6
mlD,0,1,1,0.0
mlH,26,17,43,0.6
mlI,1,5,6,0.17
mlJ,5,7,12,0.42
mlK,1,0,1,1.0
mlL,14,9,23,0.61
mlM,32,29,61,0.52
mlN,38,35,73,0.52
mlP,67,47,114,0.59
mlS,30,24,54,0.56
mlb,53,38,91,0.58
mll,20,11,31,0.65
mlm,32,20,52,0.62
mln,25,34,59,0.42
mls,14,8,22,0.64
mmB,50,50,100,0.5
mmD,5,3,8,0.62
mmH,40,44,84,0.48
mmI,4,6,10,0.4
mmJ,16,11,27,0.59
mmK,2,1,3,0.67
mmL,26,14,40,0.65
mmM,60,64,124,0.48
mmN,73,92,165,0.44
mmP,99,93,192,0.52
mmS,25,40,65,0.38
mmb,77,68,145,0.53
mmh,0,1,1,0.0
mml,18,7,25,0.72
mmm,34,40,74,0.46
mmn,90,69,159,0.57
mms,20,16,36,0.56
mnB,60,65,125,0.48
mnD,8,9,17,0.47
mnH,66,52,118,0.56
mnI,10,3,13,0.77
mnK,7,9,16,0.44
mnL,35,27,62,0.56
mnM,108,106,214,0.5
mnN,150,145,295,0.51
mnP,154,169,323,0.48
mnS,67,62,129,0.52
mnb,106,102,208,0.51
mnh,2,1,3,0.67
mnl,37,35,72,0.51
mnm,61,53,114,0.54
mnn,114,111,225,0.51
mns,48,63,111,0.43
msB,20,24,44,0.45
msD,4,2,6,0.67
msH,35,40,75,0.47
msI,4,2,6,0.67
msK,1,0,1,1.0
msL,12,14,26,0.46
msM,36,53,89,0.4
msN,43,45,88,0.49
msP,67,65,132,0.51
msS,42,40,82,0.51
msb,35,29,64,0.55
msh,2,1,3,0.67
msl,17,12,29,0.59
msm,35,20,55,0.64
msn,48,47,95,0.51
mss,26,26,52,0.5
mtB,0,0,0,
mtN,1,0,1,1.0
mtP,0,1,1,0.0
mtb,1,1,2,0.5
nBB,67,66,133,0.5
nBD,2,6,8,0.25
nBH,0,2,2,0.0
nBK,7,8,15,0.47
nBL,30,34,64,0.47
nBM,65,109,174,0.37
nBN,110,94,204,0.54
nBP,141,121,262,0.54
nBS,59,47,106,0.56
nBb,105,97,202,0.52
nBh,15,18,33,0.45
nBj,41,37,78,0.53
nBl,43,32,75,0.57
nBm,72,68,140,0.51
nBn,159,144,303,0.52
nBs,39,52,91,0.43
nBt,17,19,36,0.47
nDB,4,5,9,0.44
nDD,1,1,2,0.5
nDH,11,8,19,0.58
nDI,0,1,1,0.0
nDK,0,0,0,
nDL,5,6,11,0.45
nDM,12,14,26,0.46
nDN,8,15,23,0.35
nDP,15,10,25,0.6
nDS,13,7,20,0.65
nDb,11,18,29,0.38
nDh,0,2,2,0.0
nDl,4,4,8,0.5
nDm,5,12,17,0.29
nDn,14,8,22,0.64
nDs,18,5,23,0.78
nDt,7,0,7,1.0
nHB,52,49,101,0.51
nHD,2,2,4,0.5
nHH,21,14,35,0.6
nHI,4,6,10,0.4
nHK,4,13,17,0.24
nHL,38,23,61,0.62
nHM,69,86,155,0.45
nHN,93,85,178,0.52
nHP,121,116,237,0.51
nHS,52,64,116,0.45
nHb,78,77,155,0.5
nHh,34,41,75,0.45
nHl,51,31,82,0.62
nHm,57,46,103,0.55
nHn,117,100,217,0.54
nHs,56,74,130,0.43
nHt,5,1,6,0.83
nIB,12,16,28,0.43
nID,0,1,1,0.0
nIH,10,14,24,0.42
nII,2,1,3,0.67
nIK,1,0,1,1.0
nIL,6,8,14,0.43
nIM,12,16,28,0.43
nIN,14,16,30,0.47
nIP,32,20,52,0.62
nIS,12,13,25,0.48
nIb,7,16,23,0.3
nIl,8,5,13,0.62
nIm,7,14,21,0.33
nIn,19,22,41,0.46
nIs,5,4,9,0.56
nIt,1,0,1,1.0
nKB,7,3,10,0.7
nKD,4,1,5,0.8
nKH,1,4,5,0.2
nKI,1,0,1,1.0
nKK,2,2,4,0.5
nKL,4,4,8,0.5
nKM,16,19,35,0.46
nKN,12,20,32,0.38
nKP,23,28,51,0.45
nKS,12,11,23,0.52
nKb,13,14,27,0.48
nKh,11,19,30,0.37
nKl,11,9,20,0.55
nKm,23,12,35,0.66
nKn,21,20,41,0.51
nKs,12,8,20,0.6
nKt,3,1,4,0.75
nLB,45,43,88,0.51
nLD,3,2,5,0.6
nLH,0,1,1,0.0
nLK,2,3,5,0.4
nLL,22,23,45,0.49
nLM,52,65,117,0.44
nLN,60,56,116,0.52
nLP,78,68,146,0.53
nLS,36,42,78,0.46
nLb,48,71,119,0.4
nLh,23,24,47,0.49
nLj,35,18,53,0.66
nLl,23,31,54,0.43
nLm,46,30,76,0.61
nLn,100,70,170,0.59
nLs,36,32,68,0.53
nLt,8,13,21,0.38
nMB,112,112,224,0.5
nMD,4,7,11,0.36
nMH,0,1,1,0.0
nMK,0,1,1,0.0
nML,49,57,106,0.46
nMM,142,169,311,0.46
nMN,170,173,343,0.5
nMP,199,200,399,0.5
nMS,98,109,207,0.47
nMb,167,175,342,0.49
nMh,117,160,277,0.42
nMj,63,43,106,0.59
nMl,85,79,164,0.52
nMm,135,97,232,0.58
nMn,270,238,508,0.53
nMs,79,94,173,0.46
nMt,26,29,55,0.47
nNB,122,116,238,0.51
nND,11,10,21,0.52
nNH,34,28,62,0.55
nNI,2,1,3,0.67
nNK,14,20,34,0.41
nNL,72,64,136,0.53
nNM,200,219,419,0.48
nNN,243,223,466,0.52
nNP,351,312,663,0.53
nNS,138,168,306,0.45
nNb,200,198,398,0.5
nNh,76,104,180,0.42
nNl,90,78,168,0.54
nNm,168,128,296,0.57
nNn,314,316,630,0.5
nNs,139,146,285,0.49
nNt,44,28,72,0.61
nPB,154,138,292,0.53
nPD,11,18,29,0.38
nPH,83,93,176,0.47
nPI,16,13,29,0.55
nPK,31,25,56,0.55
nPL,96,116,212,0.45
nPM,257,291,548,0.47
nPN,307,278,585,0.52
nPP,477,404,881,0.54
nPS,205,205,410,0.5
nPb,298,256,554,0.54
nPh,34,33,67,0.51
nPl,159,144,303,0.52
nPm,220,153,373,0.59
nPn,276,294,570,0.48
nPs,156,168,324,0.48
nPt,36,25,61,0.59
nSB,60,63,123,0.49
nSD,6,6,12,0.5
nSH,41,53,94,0.44
nSI,1,1,2,0.5
nSK,3,5,8,0.38
nSL,37,39,76,0.49
nSM,120,126,246,0.49
nSN,108,95,203,0.53
nSP,177,175,352,0.5
nSS,119,132,251,0.47
nSb,108,108,216,0.5
nSh,101,101,202,0.5
nSl,55,61,116,0.47
nSm,96,73,169,0.57
nSn,150,162,312,0.48
nSs,117,107,224,0.52
nSt,31,22,53,0.58
nbB,124,104,228,0.54
nbD,9,9,18,0.5
nbH,60,39,99,0.61
nbI,12,11,23,0.52
nbJ,48,42,90,0.53
nbK,23,22,45,0.51
nbL,51,69,120,0.42
nbM,171,187,358,0.48
nbN,226,233,459,0.49
nbP,207,217,424,0.49
nbS,96,95,191,0.5
nbb,182,180,362,0.5
nbh,1,0,1,1.0
nbl,73,70,143,0.51
nbm,129,84,213,0.61
nbn,208,171,379,0.55
nbs,87,76,163,0.53
nbt,1,0,1,1.0
nhB,6,4,10,0.6
nhH,2,2,4,0.5
nhL,8,3,11,0.73
nhM,11,6,17,0.65
nhN,7,6,13,0.54
nhP,13,9,22,0.59
nhS,7,4,11,0.64
nhb,12,9,21,0.57
nhh,6,6,12,0.5
nhl,4,6,10,0.4
nhm,4,8,12,0.33
nhn,10,7,17,0.59
nhs,1,6,7,0.14
nht,1,0,1,1.0
nlB,44,63,107,0.41
nlD,2,6,8,0.25
nlH,57,55,112,0.51
nlI,2,1,3,0.67
nlJ,17,26,43,0.4
nlK,1,4,5,0.2
nlL,22,37,59,0.37
nlM,64,61,125,0.51
nlN,89,81,170,0.52
nlP,100,100,200,0.5
nlS,50,51,101,0.5
nlb,83,72,155,0.54
nll,39,32,71,0.55
nlm,50,26,76,0.66
nln,76,50,126,0.6
nls,44,40,84,0.52
nmB,89,80,169,0.53
nmD,13,17,30,0.43
nmH,77,83,160,0.48
nmI,4,6,10,0.4
nmJ,23,25,48,0.48
nmK,3,1,4,0.75
nmL,42,28,70,0.6
nmM,131,125,256,0.51
nmN,138,158,296,0.47
nmP,169,149,318,0.53
nmS,64,67,131,0.49
nmb,122,101,223,0.55
nml,44,38,82,0.54
nmm,66,59,125,0.53
nmn,144,109,253,0.57
nms,46,47,93,0.49
nnB,114,101,215,0.53
nnD,13,17,30,0.43
nnH,84,86,170,0.49
nnI,19,13,32,0.59
nnK,20,22,42,0.48
nnL,65,62,127,0.51
nnM,194,181,375,0.52
nnN,238,281,519,0.46
nnP,359,336,695,0.52
nnS,113,148,261,0.43
nnb,200,173,373,0.54
nnh,10,14,24,0.42
nnl,87,74,161,0.54
nnm,147,96,243,0.6
nnn,229,200,429,0.53
nns,136,107,243,0.56
nnt,1,1,2,0.5
nsB,55,38,93,0.59
nsD,15,13,28,0.54
nsH,105,108,213,0.49
nsI,8,3,11,0.73
nsK,4,2,6,0.67
nsL,50,33,83,0.6
nsM,110,97,207,0.53
nsN,107,108,215,0.5
nsP,157,166,323,0.49
nsS,103,94,197,0.52
nsb,104,92,196,0.53
nsh,8,4,12,0.67
nsl,49,48,97,0.51
nsm,85,57,142,0.6
nsn,121,104,225,0.54
nss,88,73,161,0.55
ntB,0,0,0,
ntM,0,1,1,0.0
ntN,3,1,4,0.75
ntP,1,1,2,0.5
ntb,1,0,1,1.0
ntl,0,1,1,0.0
ntm,1,0,1,1.0
ntn,1,1,2,0.5
nts,0,1,1,0.0
s,1,0,1,1.0
sBB,28,28,56,0.5
sBD,0,2,2,0.0
sBH,1,0,1,1.0
sBK,4,6,10,0.4
sBL,13,14,27,0.48
sBM,42,51,93,0.45
sBN,49,46,95,0.52
sBP,43,52,95,0.45
sBS,25,24,49,0.51
sBb,52,53,105,0.5
sBh,5,4,9,0.56
sBj,17,24,41,0.41
sBl,17,25,42,0.4
sBm,38,21,59,0.64
sBn,62,49,111,0.56
sBs,22,17,39,0.56
sBt,8,9,17,0.47
sDB,5,4,9,0.56
sDD,3,1,4,0.75
sDH,5,7,12,0.42
sDI,0,1,1,0.0
sDK,0,1,1,0.0
sDL,4,2,6,0.67
sDM,11,9,20,0.55
sDN,11,3,14,0.79
sDP,10,7,17,0.59
sDS,8,9,17,0.47
sDb,11,5,16,0.69
sDh,1,0,1,1.0
sDl,2,4,6,0.33
sDm,9,6,15,0.6
sDn,8,3,11,0.73
sDs,3,4,7,0.43
sDt,0,0,0,
sHB,45,41,86,0.52
sHD,5,3,8,0.62
sHH,14,15,29,0.48
sHI,7,2,9,0.78
sHK,3,7,10,0.3
sHL,24,31,55,0.44
sHM,77,104,181,0.43
sHN,73,84,157,0.46
sHP,104,92,196,0.53
sHS,62,70,132,0.47
sHb,90,80,170,0.53
sHh,45,57,102,0.44
sHl,51,44,95,0.54
sHm,70,59,129,0.54
sHn,104,94,198,0.53
sHs,53,67,120,0.44
sHt,1,3,4,0.25
sIB,7,9,16,0.44
sID,0,1,1,0.0
sIH,7,2,9,0.78
sIL,3,7,10,0.3
sIM,8,12,20,0.4
sIN,11,10,21,0.52
sIP,6,12,18,0.33
sIS,5,4,9,0.56
sIb,6,6,12,0.5
sIl,5,2,7,0.71
sIm,7,4,11,0.64
sIn,6,5,11,0.55
sIs,3,7,10,0.3
sKB,0,4,4,0.0
sKD,0,1,1,0.0
sKK,0,0,0,
sKL,2,1,3,0.67
sKM,3,6,9,0.33
sKN,1,2,3,0.33
sKP,4,3,7,0.57
sKS,5,1,6,0.83
sKb,3,2,5,0.6
sKh,2,5,7,0.29
sKl,1,2,3,0.33
sKm,3,2,5,0.6
sKn,3,4,7,0.43
sKs,4,1,5,0.8
sLB,22,13,35,0.63
sLD,0,3,3,0.0
sLH,0,1,1,0.0
sLK,0,5,5,0.0
sLL,9,18,27,0.33
sLM,19,32,51,0.37
sLN,27,28,55,0.49
sLP,45,44,89,0.51
sLS,15,20,35,0.43
sLb,33,24,57,0.58
sLh,22,17,39,0.56
sLj,7,12,19,0.37
sLl,23,21,44,0.52
sLm,26,19,45,0.58
sLn,41,36,77,0.53
sLs,17,20,37,0.46
sLt,4,6,10,0.4
sM,0,1,1,0.0
sMB,50,61,111,0.45
sMD,3,1,4,0.75
sMH,1,1,2,0.5
sMK,0,1,1,0.0
sML,30,26,56,0.54
sMM,89,81,170,0.52
sMN,73,65,138,0.53
sMP,102,94,196,0.52
sMS,56,54,110,0.51
sMb,76,83,159,0.48
sMh,75,71,146,0.51
sMj,25,21,46,0.54
sMl,42,39,81,0.52
sMm,67,69,136,0.49
sMn,124,118,242,0.51
sMs,42,44,86,0.49
sMt,13,13,26,0.5
sNB,52,51,103,0.5
sND,4,4,8,0.5
sNH,12,16,28,0.43
sNI,0,0,0,
sNK,7,7,14,0.5
sNL,33,32,65,0.51
sNM,74,75,149,0.5
sNN,109,82,191,0.57
sNP,131,153,284,0.46
sNS,62,71,133,0.47
sNb,103,71,174,0.59
sNh,22,40,62,0.35
sNl,35,33,68,0.51
sNm,55,56,111,0.5
sNn,111,115,226,0.49
sNs,70,58,128,0.55
sNt,16,14,30,0.53
sPB,70,86,156,0.45
sPD,8,8,16,0.5
sPH,36,50,86,0.42
sPI,9,7,16,0.56
sPK,9,25,34,0.26
sPL,58,48,106,0.55
sPM,113,111,224,0.5
sPN,127,108,235,0.54
sPP,183,194,377,0.49
sPS,102,111,213,0.48
sPb,139,135,274,0.51
sPh,19,12,31,0.61
sPl,68,68,136,0.5
sPm,107,90,197,0.54
sPn,114,123,237,0.48
sPs,80,91,171,0.47
sPt,21,11,32,0.66
sSB,39,40,79,0.49
sSD,3,5,8,0.38
sSH,30,30,60,0.5
sSK,3,6,9,0.33
sSL,36,29,65,0.55
sSM,67,89,156,0.43
sSN,67,81,148,0.45
sSP,103,113,216,0.48
sSS,86,95,181,0.48
sSb,66,69,135,0.49
sSh,54,65,119,0.45
sSl,41,42,83,0.49
sSm,65,47,112,0.58
sSn,105,105,210,0.5
sSs,104,86,190,0.55
sSt,12,10,22,0.55
sbB,55,60,115,0.48
sbD,9,1,10,0.9
sbH,29,16,45,0.64
sbI,7,4,11,0.64
sbJ,22,18,40,0.55
sbK,13,7,20,0.65
sbL,40,33,73,0.55
sbM,108,74,182,0.59
sbN,99,113,212,0.47
sbP,107,102,209,0.51
sbS,52,42,94,0.55
sbb,108,83,191,0.57
sbl,35,43,78,0.45
sbm,69,49,118,0.58
sbn,84,80,164,0.51
sbs,38,43,81,0.47
shB,4,5,9,0.44
shH,1,0,1,1.0
shK,0,1,1,0.0
shL,0,4,4,0.0
shM,4,7,11,0.36
shN,1,4,5,0.2
shP,11,7,18,0.61
shS,3,5,8,0.38
shb,6,6,12,0.5
shh,5,4,9,0.56
shl,2,1,3,0.67
shm,3,4,7,0.43
shn,1,8,9,0.11
shs,3,7,10,0.3
sht,0,1,1,0.0
slB,26,33,59,0.44
slD,4,1,5,0.8
slH,25,28,53,0.47
slI,3,4,7,0.43
slJ,10,13,23,0.43
slK,3,1,4,0.75
slL,16,14,30,0.53
slM,49,36,85,0.58
slN,50,42,92,0.54
slP,63,61,124,0.51
slS,32,22,54,0.59
slb,47,45,92,0.51
sll,29,27,56,0.52
slm,33,38,71,0.46
sln,49,34,83,0.59
sls,24,23,47,0.51
smB,47,52,99,0.47
smD,11,4,15,0.73
smH,46,34,80,0.57
smI,5,1,6,0.83
smJ,8,11,19,0.42
smK,1,3,4,0.25
smL,31,26,57,0.54
smM,75,65,140,0.54
smN,68,76,144,0.47
smP,72,83,155,0.46
smS,49,52,101,0.49
smb,53,53,106,0.5
sml,19,25,44,0.43
smm,43,37,80,0.54
smn,56,56,112,0.5
sms,41,27,68,0.6
snB,22,46,68,0.32
snD,6,4,10,0.6
snH,46,49,95,0.48
snI,7,7,14,0.5
snK,7,8,15,0.47
snL,28,35,63,0.44
snM,75,97,172,0.44
snN,97,100,197,0.49
snP,114,131,245,0.47
snS,59,76,135,0.44
snb,86,82,168,0.51
snh,3,1,4,0.75
snl,41,33,74,0.55
snm,66,45,111,0.59
snn,96,82,178,0.54
sns,54,53,107,0.5
snt,0,1,1,0.0
ssB,35,21,56,0.62
ssD,9,5,14,0.64
ssH,56,60,116,0.48
ssI,12,8,20,0.6
ssK,4,3,7,0.57
ssL,14,22,36,0.39
ssM,65,67,132,0.49
ssN,43,60,103,0.42
ssP,80,107,187,0.43
ssS,77,68,145,0.53
ssb,67,59,126,0.53
ssh,4,2,6,0.67
ssl,40,29,69,0.58
ssm,57,27,84,0.68
ssn,60,50,110,0.55
sss,51,60,111,0.46
sst,0,2,2,0.0
stD,0,0,0,
stM,2,0,2,1.0
stN,1,0,1,1.0
stP,1,0,1,1.0
stb,0,1,1,0.0
stl,1,0,1,1.0
stm,1,0,1,1.0
tBB,9,6,15,0.6
tBD,1,0,1,1.0
tBK,0,1,1,0.0
tBL,5,4,9,0.56
tBM,6,13,19,0.32
tBN,3,5,8,0.38
tBP,7,4,11,0.64
tBS,6,4,10,0.6
tBb,11,5,16,0.69
tBh,0,1,1,0.0
tBj,4,2,6,0.67
tBl,2,1,3,0.67
tBm,7,4,11,0.64
tBn,7,16,23,0.3
tBs,2,6,8,0.25
tBt,1,0,1,1.0
tDB,0,1,1,0.0
tDH,0,1,1,0.0
tDM,0,3,3,0.0
tDN,0,1,1,0.0
tDP,1,0,1,1.0
tDS,2,0,2,1.0
tDb,2,0,2,1.0
tDl,0,1,1,0.0
tDm,1,0,1,1.0
tDn,0,1,1,0.0
tDs,2,0,2,1.0
tHB,2,6,8,0.25
tHD,1,2,3,0.33
tHH,0,1,1,0.0
tHL,3,2,5,0.6
tHM,12,0,12,1.0
tHN,5,6,11,0.45
tHP,7,9,16,0.44
tHS,4,3,7,0.57
tHb,5,5,10,0.5
tHh,4,5,9,0.44
tHl,1,4,5,0.2
tHm,6,1,7,0.86
tHn,10,3,13,0.77
tHs,6,1,7,0.86
tHt,0,1,1,0.0
tKB,1,0,1,1.0
tKM,2,1,3,0.67
tKP,2,2,4,0.5
tKS,2,4,6,0.33
tKb,2,0,2,1.0
tKh,1,0,1,1.0
tKl,1,0,1,1.0
tKs,0,0,0,
tLB,1,4,5,0.2
tLD,1,0,1,1.0
tLK,1,0,1,1.0
tLL,4,4,8,0.5
tLM,8,6,14,0.57
tLN,10,4,14,0.71
tLP,6,5,11,0.55
tLS,2,4,6,0.33
tLb,8,5,13,0.62
tLh,7,2,9,0.78
tLj,3,0,3,1.0
tLl,1,4,5,0.2
tLm,4,3,7,0.57
tLn,6,0,6,1.0
tLs,2,3,5,0.4
tLt,1,2,3,0.33
tMB,6,11,17,0.35
tMD,0,1,1,0.0
tML,4,4,8,0.5
tMM,11,10,21,0.52
tMN,6,15,21,0.29
tMP,23,17,40,0.57
tMS,5,10,15,0.33
tMb,22,15,37,0.59
tMh,13,12,25,0.52
tMj,1,3,4,0.25
tMl,5,8,13,0.38
tMm,9,6,15,0.6
tMn,25,25,50,0.5
tMs,11,5,16,0.69
tMt,1,2,3,0.33
tNB,8,7,15,0.53
tND,1,0,1,1.0
tNH,0,1,1,0.0
tNK,1,0,1,1.0
tNL,8,3,11,0.73
tNM,13,20,33,0.39
tNN,12,21,33,0.36
tNP,14,27,41,0.34
tNS,12,14,26,0.46
tNb,5,9,14,0.36
tNh,6,8,14,0.43
tNl,7,7,14,0.5
tNm,10,11,21,0.48
tNn,18,27,45,0.4
tNs,8,11,19,0.42
tNt,1,2,3,0.33
tPB,7,13,20,0.35
tPD,0,2,2,0.0
tPH,7,4,11,0.64
tPI,3,2,5,0.6
tPK,0,3,3,0.0
tPL,9,10,19,0.47
tPM,16,20,36,0.44
tPN,18,25,43,0.42
tPP,35,28,63,0.56
tPS,13,12,25,0.52
tPb,21,15,36,0.58
tPh,4,1,5,0.8
tPl,13,13,26,0.5
tPm,26,10,36,0.72
tPn,26,22,48,0.54
tPs,9,11,20,0.45
tPt,1,3,4,0.25
tSB,5,6,11,0.45
tSH,5,3,8,0.62
tSK,1,1,2,0.5
tSL,3,1,4,0.75
tSM,8,7,15,0.53
tSN,5,9,14,0.36
tSP,14,12,26,0.54
tSS,8,9,17,0.47
tSb,7,8,15,0.47
tSh,6,5,11,0.55
tSl,5,6,11,0.45
tSm,12,16,28,0.43
tSn,13,15,28,0.46
tSs,6,10,16,0.38
tSt,0,3,3,0.0
tbB,9,6,15,0.6
tbH,3,6,9,0.33
tbI,1,1,2,0.5
tbJ,3,5,8,0.38
tbK,0,2,2,0.0
tbL,7,7,14,0.5
tbM,13,7,20,0.65
tbN,15,18,33,0.45
tbP,8,12,20,0.4
tbS,8,6,14,0.57
tbb,19,20,39,0.49
tbl,10,6,16,0.62
tbm,14,5,19,0.74
tbn,12,13,25,0.48
tbs,1,6,7,0.14
thB,1,0,1,1.0
thM,0,1,1,0.0
thP,1,1,2,0.5
thb,1,1,2,0.5
thh,1,1,2,0.5
thn,2,0,2,1.0
ths,0,0,0,
tlB,3,5,8,0.38
tlH,1,5,6,0.17
tlJ,2,1,3,0.67
tlK,1,0,1,1.0
tlL,4,1,5,0.8
tlM,3,5,8,0.38
tlN,5,7,12,0.42
tlP,9,9,18,0.5
tlS,2,3,5,0.4
tlb,6,7,13,0.46
tll,2,4,6,0.33
tlm,7,2,9,0.78
tln,3,2,5,0.6
tls,4,1,5,0.8
tmB,1,7,8,0.12
tmD,1,7,8,0.12
tmH,6,4,10,0.6
tmI,0,1,1,0.0
tmJ,1,4,5,0.2
tmL,4,4,8,0.5
tmM,15,14,29,0.52
tmN,17,5,22,0.77
tmP,13,10,23,0.57
tmS,6,5,11,0.55
tmb,13,7,20,0.65
tml,5,2,7,0.71
tmm,7,6,13,0.54
tmn,11,2,13,0.85
tms,2,2,4,0.5
tnB,6,9,15,0.4
tnD,2,1,3,0.67
tnH,9,11,20,0.45
tnI,0,0,0,
tnK,1,1,2,0.5
tnL,5,5,10,0.5
tnM,13,9,22,0.59
tnN,19,14,33,0.58
tnP,18,22,40,0.45
tnS,7,14,21,0.33
tnb,13,20,33,0.39
tnh,0,1,1,0.0
tnl,9,6,15,0.6
tnm,10,4,14,0.71
tnn,9,10,19,0.47
tns,10,7,17,0.59
tnt,1,0,1,1.0
tsB,4,5,9,0.44
tsD,0,2,2,0.0
tsH,8,5,13,0.62
tsL,1,0,1,1.0
tsM,10,8,18,0.56
tsN,4,7,11,0.36
tsP,8,12,20,0.4
tsS,6,8,14,0.43
tsb,4,3,7,0.57
tsl,3,0,3,1.0
tsm,9,2,11,0.82
tsn,8,3,11,0.73
tss,6,7,13,0.46
ttH,1,2,3,0.33
ttL,2,3,5,0.4
ttM,2,1,3,0.67
ttN,1,4,5,0.2
ttP,3,3,6,0.5
ttS,1,1,2,0.5
ttb,2,3,5,0.4
ttl,1,1,2,0.5
ttm,1,1,2,0.5
ttn,1,2,3,0.33
tts,1,1,2,0.5
ttt,1,0,1,1.0
