candlestick_code3,label_increase,label_decrease,occurrence,percentage
BBB,76,88,164,0.46
BBD,3,7,10,0.3
BBH,2,1,3,0.67
BBK,5,9,14,0.36
BBL,28,32,60,0.47
BBM,70,62,132,0.53
BBN,107,125,232,0.46
BBP,121,117,238,0.51
BBS,31,35,66,0.47
BBb,93,113,206,0.45
BBh,13,11,24,0.54
BBj,22,30,52,0.42
BBl,28,46,74,0.38
BBm,64,62,126,0.51
BBn,127,127,254,0.5
BBs,34,40,74,0.46
BBt,16,19,35,0.46
BDB,3,1,4,0.75
BDD,0,2,2,0.0
BDH,3,3,6,0.5
BDL,1,2,3,0.33
BDM,5,8,13,0.38
BDN,7,8,15,0.47
BDP,7,5,12,0.58
BDS,3,2,5,0.6
BDb,5,3,8,0.62
BDl,0,3,3,0.0
BDm,11,3,14,0.79
BDn,3,3,6,0.5
BDs,4,3,7,0.57
BDt,0,0,0,
BHL,0,1,1,0.0
BHM,3,1,4,0.75
BHN,2,1,3,0.67
BHP,2,1,3,0.67
BHS,1,1,2,0.5
BHb,1,0,1,1.0
BHl,0,1,1,0.0
BHm,1,0,1,1.0
BHn,2,1,3,0.67
BHs,0,1,1,0.0
BKB,6,7,13,0.46
BKH,1,0,1,1.0
BKI,2,0,2,1.0
BKL,2,4,6,0.33
BKM,8,7,15,0.53
BKN,2,7,9,0.22
BKP,9,9,18,0.5
BKS,3,3,6,0.5
BKb,13,7,20,0.65
BKh,3,3,6,0.5
BKl,3,4,7,0.43
BKm,4,6,10,0.4
BKn,10,4,14,0.71
BKs,2,9,11,0.18
BKt,1,2,3,0.33
BLB,31,30,61,0.51
BLD,1,5,6,0.17
BLH,1,1,2,0.5
BLK,2,3,5,0.4
BLL,11,14,25,0.44
BLM,24,36,60,0.4
BLN,25,30,55,0.45
BLP,46,47,93,0.49
BLS,18,26,44,0.41
BLb,31,35,66,0.47
BLh,13,18,31,0.42
BLj,16,18,34,0.47
BLl,22,25,47,0.47
BLm,29,30,59,0.49
BLn,45,53,98,0.46
BLs,18,16,34,0.53
BLt,10,10,20,0.5
BMB,72,90,162,0.44
BMD,5,6,11,0.45
BMK,1,0,1,1.0
BML,28,33,61,0.46
BMM,86,99,185,0.46
BMN,98,105,203,0.48
BMP,116,115,231,0.5
BMS,37,52,89,0.42
BMb,110,127,237,0.46
BMh,69,65,134,0.51
BMj,20,26,46,0.43
BMl,44,32,76,0.58
BMm,95,78,173,0.55
BMn,129,129,258,0.5
BMs,35,41,76,0.46
BMt,15,13,28,0.54
BNB,91,82,173,0.53
BND,10,5,15,0.67
BNH,17,15,32,0.53
BNK,4,5,9,0.44
BNL,30,36,66,0.45
BNM,96,116,212,0.45
BNN,135,148,283,0.48
BNP,174,186,360,0.48
BNS,58,42,100,0.58
BNb,102,115,217,0.47
BNh,37,38,75,0.49
BNl,46,47,93,0.49
BNm,88,90,178,0.49
BNn,174,162,336,0.52
BNs,62,72,134,0.46
BNt,30,25,55,0.55
BPB,86,99,185,0.46
BPD,5,11,16,0.31
BPH,47,33,80,0.59
BPI,11,6,17,0.65
BPK,15,10,25,0.6
BPL,49,70,119,0.41
BPM,118,140,258,0.46
BPN,143,161,304,0.47
BPP,227,198,425,0.53
BPS,81,82,163,0.5
BPb,157,141,298,0.53
BPh,9,15,24,0.38
BPl,83,78,161,0.52
BPm,125,100,225,0.56
BPn,164,136,300,0.55
BPs,63,81,144,0.44
BPt,17,12,29,0.59
BSB,43,30,73,0.59
BSD,4,5,9,0.44
BSH,21,12,33,0.64
BSK,1,0,1,1.0
BSL,13,20,33,0.39
BSM,49,49,98,0.5
BSN,53,38,91,0.58
BSP,79,84,163,0.48
BSS,36,37,73,0.49
BSb,46,57,103,0.45
BSh,28,37,65,0.43
BSl,26,36,62,0.42
BSm,41,39,80,0.51
BSn,77,76,153,0.5
BSs,47,27,74,0.64
BSt,6,7,13,0.46
BbB,70,77,147,0.48
BbD,8,7,15,0.53
BbH,44,45,89,0.49
BbI,14,10,24,0.58
BbJ,28,28,56,0.5
BbK,12,12,24,0.5
BbL,41,46,87,0.47
BbM,98,134,232,0.42
BbN,146,140,286,0.51
BbP,118,153,271,0.44
BbS,41,65,106,0.39
Bbb,103,111,214,0.48
Bbl,59,43,102,0.58
Bbm,74,64,138,0.54
Bbn,125,137,262,0.48
Bbs,47,49,96,0.49
BhB,11,11,22,0.5
BhD,1,0,1,1.0
BhH,2,2,4,0.5
BhK,0,0,0,
BhL,3,3,6,0.5
BhM,10,13,23,0.43
BhN,10,15,25,0.4
BhP,13,18,31,0.42
BhS,10,15,25,0.4
Bhb,18,10,28,0.64
Bhh,12,9,21,0.57
Bhl,11,10,21,0.52
Bhm,11,8,19,0.58
Bhn,21,14,35,0.6
Bhs,10,10,20,0.5
BjB,32,27,59,0.54
BjD,3,4,7,0.43
BjH,8,10,18,0.44
BjI,1,1,2,0.5
BjK,4,1,5,0.8
BjL,11,14,25,0.44
BjM,30,32,62,0.48
BjN,24,39,63,0.38
BjP,48,39,87,0.55
BjS,20,19,39,0.51
Bjb,36,27,63,0.57
Bjh,4,13,17,0.24
Bjl,18,24,42,0.43
Bjm,22,17,39,0.56
Bjn,45,41,86,0.52
Bjs,24,20,44,0.55
Bjt,5,7,12,0.42
BlB,44,35,79,0.56
BlD,5,2,7,0.71
BlH,36,46,82,0.44
BlI,3,6,9,0.33
BlJ,4,17,21,0.19
BlK,2,2,4,0.5
BlL,17,20,37,0.46
BlM,54,47,101,0.53
BlN,45,60,105,0.43
BlP,60,48,108,0.56
BlS,30,23,53,0.57
Blb,52,39,91,0.57
Bll,20,25,45,0.44
Blm,48,37,85,0.56
Bln,44,50,94,0.47
Bls,24,27,51,0.47
BmB,67,60,127,0.53
BmD,10,5,15,0.67
BmH,68,57,125,0.54
BmI,2,6,8,0.25
BmJ,18,22,40,0.45
BmK,0,1,1,0.0
BmL,35,26,61,0.57
BmM,88,84,172,0.51
BmN,103,99,202,0.51
BmP,115,106,221,0.52
BmS,40,46,86,0.47
Bmb,87,99,186,0.47
Bml,31,18,49,0.63
Bmm,64,54,118,0.54
Bmn,83,106,189,0.44
Bms,27,31,58,0.47
BnB,78,90,168,0.46
BnD,12,7,19,0.63
BnH,72,68,140,0.51
BnI,22,27,49,0.45
BnK,10,11,21,0.48
BnL,55,43,98,0.56
BnM,136,137,273,0.5
BnN,205,191,396,0.52
BnP,217,241,458,0.47
BnS,99,104,203,0.49
Bnb,148,137,285,0.52
Bnh,7,12,19,0.37
Bnl,54,46,100,0.54
Bnm,120,106,226,0.53
Bnn,183,193,376,0.49
Bns,97,61,158,0.61
BsB,28,31,59,0.47
BsD,5,5,10,0.5
BsH,56,38,94,0.6
BsI,5,7,12,0.42
BsK,0,1,1,0.0
BsL,18,19,37,0.49
BsM,36,53,89,0.4
BsN,53,53,106,0.5
BsP,75,60,135,0.56
BsS,32,50,82,0.39
Bsb,46,26,72,0.64
Bsh,1,2,3,0.33
Bsl,21,21,42,0.5
Bsm,39,37,76,0.51
Bsn,51,50,101,0.5
Bss,28,24,52,0.54
BtB,12,16,28,0.43
BtD,1,1,2,0.5
BtH,13,17,30,0.43
BtL,8,6,14,0.57
BtM,17,17,34,0.5
BtN,26,19,45,0.58
BtP,35,25,60,0.58
BtS,15,26,41,0.37
Btb,16,14,30,0.53
Btl,7,9,16,0.44
Btm,20,13,33,0.61
Btn,24,18,42,0.57
Bts,13,14,27,0.48
Btt,6,4,10,0.6
DBB,7,6,13,0.54
DBL,2,3,5,0.4
DBM,7,3,10,0.7
DBN,9,9,18,0.5
DBP,7,4,11,0.64
DBS,7,8,15,0.47
DBb,3,7,10,0.3
DBh,2,1,3,0.67
DBj,2,1,3,0.67
DBl,3,1,4,0.75
DBm,4,2,6,0.67
DBn,7,7,14,0.5
DBs,5,3,8,0.62
DBt,2,4,6,0.33
DDH,1,0,1,1.0
DDM,0,2,2,0.0
DDN,2,0,2,1.0
DDP,2,0,2,1.0
DDS,0,1,1,0.0
DDb,1,1,2,0.5
DDl,0,1,1,0.0
DDm,1,1,2,0.5
DDn,3,1,4,0.75
DDs,1,0,1,1.0
DHB,5,9,14,0.36
DHD,1,0,1,1.0
DHH,0,4,4,0.0
DHK,0,2,2,0.0
DHL,1,6,7,0.14
DHM,11,11,22,0.5
DHN,7,10,17,0.41
DHP,23,15,38,0.61
DHS,3,8,11,0.27
DHb,6,4,10,0.6
DHh,6,4,10,0.6
DHl,2,7,9,0.22
DHm,6,9,15,0.4
DHn,8,9,17,0.47
DHs,8,4,12,0.67
DHt,1,1,2,0.5
DIB,2,2,4,0.5
DIM,1,0,1,1.0
DIP,2,0,2,1.0
DIS,0,1,1,0.0
DIb,2,1,3,0.67
DIm,2,1,3,0.67
DIn,1,0,1,1.0
DIs,1,1,2,0.5
DKM,1,1,2,0.5
DKN,0,1,1,0.0
DLB,5,3,8,0.62
DLD,2,0,2,1.0
DLL,3,1,4,0.75
DLM,2,4,6,0.33
DLN,4,1,5,0.8
DLP,4,7,11,0.36
DLS,4,4,8,0.5
DLb,5,7,12,0.42
DLh,1,2,3,0.33
DLj,3,0,3,1.0
DLl,0,4,4,0.0
DLm,4,2,6,0.67
DLn,6,7,13,0.46
DLs,2,2,4,0.5
DLt,1,2,3,0.33
DMB,9,14,23,0.39
DMD,1,0,1,1.0
DML,2,2,4,0.5
DMM,7,6,13,0.54
DMN,5,9,14,0.36
DMP,7,13,20,0.35
DMS,4,10,14,0.29
DMb,7,7,14,0.5
DMh,8,8,16,0.5
DMj,2,1,3,0.67
DMl,5,7,12,0.42
DMm,8,10,18,0.44
DMn,15,11,26,0.58
DMs,10,6,16,0.62
DMt,2,1,3,0.67
DNB,9,4,13,0.69
DND,2,3,5,0.4
DNH,1,2,3,0.33
DNK,2,0,2,1.0
DNL,2,1,3,0.67
DNM,9,5,14,0.64
DNN,11,11,22,0.5
DNP,15,16,31,0.48
DNS,5,7,12,0.42
DNb,5,9,14,0.36
DNh,1,1,2,0.5
DNl,3,9,12,0.25
DNm,8,4,12,0.67
DNn,8,13,21,0.38
DNs,4,4,8,0.5
DNt,3,2,5,0.6
DPB,5,6,11,0.45
DPD,0,1,1,0.0
DPH,2,3,5,0.4
DPK,0,1,1,0.0
DPL,8,5,13,0.62
DPM,14,19,33,0.42
DPN,17,11,28,0.61
DPP,20,21,41,0.49
DPS,12,11,23,0.52
DPb,8,11,19,0.42
DPh,0,1,1,0.0
DPl,8,8,16,0.5
DPm,13,8,21,0.62
DPn,18,13,31,0.58
DPs,11,10,21,0.52
DPt,2,1,3,0.67
DSB,6,4,10,0.6
DSD,1,1,2,0.5
DSH,4,0,4,1.0
DSK,0,0,0,
DSL,2,2,4,0.5
DSM,10,10,20,0.5
DSN,9,5,14,0.64
DSP,11,8,19,0.58
DSS,8,9,17,0.47
DSb,1,8,9,0.11
DSh,5,5,10,0.5
DSl,2,5,7,0.29
DSm,5,8,13,0.38
DSn,19,8,27,0.7
DSs,5,2,7,0.71
DSt,3,0,3,1.0
DbB,6,5,11,0.55
DbD,0,2,2,0.0
DbH,1,2,3,0.33
DbI,1,1,2,0.5
DbJ,4,4,8,0.5
DbK,2,0,2,1.0
DbL,1,2,3,0.33
DbM,10,14,24,0.42
DbN,11,8,19,0.58
DbP,13,16,29,0.45
DbS,4,5,9,0.44
Dbb,11,9,20,0.55
Dbl,5,2,7,0.71
Dbm,7,5,12,0.58
Dbn,8,10,18,0.44
Dbs,9,3,12,0.75
DhB,0,1,1,0.0
DhP,0,0,0,
DhS,1,0,1,1.0
Dhb,0,1,1,0.0
Dhn,1,0,1,1.0
DlB,5,3,8,0.62
DlD,0,1,1,0.0
DlH,4,5,9,0.44
DlI,1,0,1,1.0
DlJ,2,3,5,0.4
DlL,3,0,3,1.0
DlM,5,5,10,0.5
DlN,4,7,11,0.36
DlP,7,4,11,0.64
DlS,1,1,2,0.5
Dlb,8,4,12,0.67
Dll,1,2,3,0.33
Dlm,4,4,8,0.5
Dln,5,5,10,0.5
Dls,3,5,8,0.38
DmB,5,3,8,0.62
DmD,1,0,1,1.0
DmH,10,5,15,0.67
DmJ,1,3,4,0.25
DmL,4,2,6,0.67
DmM,4,4,8,0.5
DmN,7,12,19,0.37
DmP,12,9,21,0.57
DmS,5,7,12,0.42
Dmb,15,5,20,0.75
Dml,0,3,3,0.0
Dmm,13,9,22,0.59
Dmn,11,11,22,0.5
Dms,5,5,10,0.5
DnB,2,5,7,0.29
DnH,6,5,11,0.55
DnI,3,2,5,0.6
DnK,1,0,1,1.0
DnL,1,7,8,0.12
DnM,9,18,27,0.33
DnN,18,19,37,0.49
DnP,10,17,27,0.37
DnS,7,5,12,0.58
Dnb,6,12,18,0.33
Dnl,9,2,11,0.82
Dnm,7,7,14,0.5
Dnn,10,13,23,0.43
Dns,3,8,11,0.27
DsB,7,3,10,0.7
DsD,1,0,1,1.0
DsH,6,9,15,0.4
DsI,1,1,2,0.5
DsL,0,4,4,0.0
DsM,8,10,18,0.44
DsN,16,6,22,0.73
DsP,9,8,17,0.53
DsS,7,6,13,0.54
Dsb,11,3,14,0.79
Dsh,0,1,1,0.0
Dsl,4,9,13,0.31
Dsm,7,5,12,0.58
Dsn,5,6,11,0.45
Dss,5,5,10,0.5
DtD,1,0,1,1.0
DtH,1,1,2,0.5
DtM,1,0,1,1.0
DtN,2,1,3,0.67
DtP,3,1,4,0.75
DtS,1,0,1,1.0
Dtb,1,3,4,0.25
Dtm,3,1,4,0.75
Dtn,1,2,3,0.33
Dts,0,5,5,0.0
HBB,21,33,54,0.39
HBD,2,2,4,0.5
HBK,2,3,5,0.4
HBL,11,18,29,0.38
HBM,29,38,67,0.43
HBN,32,33,65,0.49
HBP,32,44,76,0.42
HBS,17,19,36,0.47
HBb,36,34,70,0.51
HBh,2,8,10,0.2
HBj,12,12,24,0.5
HBl,18,21,39,0.46
HBm,27,37,64,0.42
HBn,43,50,93,0.46
HBs,21,17,38,0.55
HBt,10,6,16,0.62
HDB,3,1,4,0.75
HDD,1,1,2,0.5
HDH,6,6,12,0.5
HDI,1,0,1,1.0
HDL,0,1,1,0.0
HDM,6,2,8,0.75
HDN,4,1,5,0.8
HDP,6,4,10,0.6
HDS,4,6,10,0.4
HDb,5,3,8,0.62
HDl,1,3,4,0.25
HDm,1,6,7,0.14
HDn,5,5,10,0.5
HDs,4,8,12,0.33
HDt,0,1,1,0.0
HHB,7,2,9,0.78
HHD,1,4,5,0.2
HHH,4,3,7,0.57
HHI,1,0,1,1.0
HHK,3,1,4,0.75
HHL,3,2,5,0.6
HHM,10,10,20,0.5
HHN,6,11,17,0.35
HHP,14,14,28,0.5
HHS,6,10,16,0.38
HHb,11,4,15,0.73
HHh,0,2,2,0.0
HHl,6,0,6,1.0
HHm,6,6,12,0.5
HHn,9,10,19,0.47
HHs,9,10,19,0.47
HHt,0,0,0,
HIB,4,3,7,0.57
HID,0,1,1,0.0
HIH,6,3,9,0.67
HII,0,1,1,0.0
HIL,0,4,4,0.0
HIM,6,4,10,0.6
HIN,5,4,9,0.56
HIP,10,7,17,0.59
HIS,2,3,5,0.4
HIb,2,4,6,0.33
HIl,2,0,2,1.0
HIm,3,4,7,0.43
HIn,2,3,5,0.4
HIs,3,3,6,0.5
HKB,1,3,4,0.25
HKD,1,0,1,1.0
HKL,2,4,6,0.33
HKM,5,2,7,0.71
HKN,5,4,9,0.56
HKP,4,4,8,0.5
HKS,1,4,5,0.2
HKb,7,3,10,0.7
HKh,3,6,9,0.33
HKl,1,0,1,1.0
HKm,4,4,8,0.5
HKn,5,2,7,0.71
HKs,4,3,7,0.57
HLB,15,10,25,0.6
HLD,1,1,2,0.5
HLK,2,3,5,0.4
HLL,2,11,13,0.15
HLM,24,21,45,0.53
HLN,22,19,41,0.54
HLP,20,22,42,0.48
HLS,13,22,35,0.37
HLb,20,21,41,0.49
HLh,4,8,12,0.33
HLj,7,8,15,0.47
HLl,14,7,21,0.67
HLm,15,17,32,0.47
HLn,25,27,52,0.48
HLs,16,13,29,0.55
HLt,3,2,5,0.6
HMB,34,36,70,0.49
HMD,4,7,11,0.36
HMK,2,0,2,1.0
HML,19,20,39,0.49
HMM,48,61,109,0.44
HMN,59,44,103,0.57
HMP,60,63,123,0.49
HMS,23,41,64,0.36
HMb,60,48,108,0.56
HMh,33,37,70,0.47
HMj,12,7,19,0.63
HMl,29,21,50,0.58
HMm,46,39,85,0.54
HMn,89,85,174,0.51
HMs,29,32,61,0.48
HMt,13,11,24,0.54
HNB,21,30,51,0.41
HND,4,2,6,0.67
HNH,9,5,14,0.64
HNI,1,0,1,1.0
HNK,5,7,12,0.42
HNL,19,25,44,0.43
HNM,59,56,115,0.51
HNN,63,73,136,0.46
HNP,82,85,167,0.49
HNS,30,44,74,0.41
HNb,59,57,116,0.51
HNh,21,21,42,0.5
HNl,30,28,58,0.52
HNm,53,36,89,0.6
HNn,78,70,148,0.53
HNs,38,42,80,0.48
HNt,9,15,24,0.38
HPB,42,56,98,0.43
HPD,6,8,14,0.43
HPH,22,16,38,0.58
HPI,9,5,14,0.64
HPK,12,6,18,0.67
HPL,36,39,75,0.48
HPM,102,80,182,0.56
HPN,68,85,153,0.44
HPP,105,112,217,0.48
HPS,54,54,108,0.5
HPb,60,71,131,0.46
HPh,11,7,18,0.61
HPl,33,44,77,0.43
HPm,65,64,129,0.5
HPn,71,80,151,0.47
HPs,54,44,98,0.55
HPt,8,8,16,0.5
HSB,11,21,32,0.34
HSD,1,1,2,0.5
HSH,11,8,19,0.58
HSK,1,5,6,0.17
HSL,9,10,19,0.47
HSM,33,46,79,0.42
HSN,28,26,54,0.52
HSP,50,38,88,0.57
HSS,34,34,68,0.5
HSb,20,40,60,0.33
HSh,27,19,46,0.59
HSl,22,18,40,0.55
HSm,25,25,50,0.5
HSn,40,37,77,0.52
HSs,54,34,88,0.61
HSt,8,6,14,0.57
HbB,38,33,71,0.54
HbD,3,4,7,0.43
HbH,14,20,34,0.41
HbI,5,4,9,0.56
HbJ,10,9,19,0.53
HbK,6,5,11,0.55
HbL,14,25,39,0.36
HbM,45,45,90,0.5
HbN,59,51,110,0.54
HbP,58,59,117,0.5
HbS,24,21,45,0.53
Hbb,51,51,102,0.5
Hbl,18,20,38,0.47
Hbm,39,29,68,0.57
Hbn,30,47,77,0.39
Hbs,33,23,56,0.59
HhB,8,11,19,0.42
HhH,3,5,8,0.38
HhI,1,1,2,0.5
HhL,8,8,16,0.5
HhM,18,21,39,0.46
HhN,14,17,31,0.45
HhP,32,28,60,0.53
HhS,18,17,35,0.51
Hhb,18,19,37,0.49
Hhh,12,18,30,0.4
Hhl,7,10,17,0.41
Hhm,11,14,25,0.44
Hhn,24,16,40,0.6
Hhs,16,19,35,0.46
Hht,4,4,8,0.5
HlB,11,22,33,0.33
HlD,3,1,4,0.75
HlH,14,17,31,0.45
HlI,3,1,4,0.75
HlJ,5,6,11,0.45
HlK,0,4,4,0.0
HlL,10,10,20,0.5
HlM,29,32,61,0.48
HlN,21,43,64,0.33
HlP,37,33,70,0.53
HlS,10,17,27,0.37
Hlb,27,16,43,0.63
Hll,13,15,28,0.46
Hlm,15,9,24,0.62
Hln,12,21,33,0.36
Hls,13,14,27,0.48
HmB,32,35,67,0.48
HmD,6,7,13,0.46
HmH,23,29,52,0.44
HmI,2,5,7,0.29
HmJ,9,6,15,0.6
HmL,16,14,30,0.53
HmM,28,44,72,0.39
HmN,57,38,95,0.6
HmP,52,48,100,0.52
HmS,18,22,40,0.45
Hmb,39,44,83,0.47
Hml,13,24,37,0.35
Hmm,29,21,50,0.58
Hmn,38,43,81,0.47
Hms,26,20,46,0.57
HnB,31,37,68,0.46
HnD,3,2,5,0.6
HnH,32,22,54,0.59
HnI,8,5,13,0.62
HnK,6,11,17,0.35
HnL,26,17,43,0.6
HnM,61,72,133,0.46
HnN,76,78,154,0.49
HnP,89,92,181,0.49
HnS,54,39,93,0.58
Hnb,60,50,110,0.55
Hnh,2,2,4,0.5
Hnl,36,24,60,0.6
Hnm,36,46,82,0.44
Hnn,76,70,146,0.52
Hns,50,31,81,0.62
Hnt,1,1,2,0.5
HsB,21,18,39,0.54
HsD,3,6,9,0.33
HsH,42,39,81,0.52
HsI,3,2,5,0.6
HsK,1,2,3,0.33
HsL,13,7,20,0.65
HsM,31,34,65,0.48
HsN,45,36,81,0.56
HsP,55,46,101,0.54
HsS,35,44,79,0.44
Hsb,40,29,69,0.58
Hsh,1,1,2,0.5
Hsl,13,16,29,0.45
Hsm,24,32,56,0.43
Hsn,37,34,71,0.52
Hss,41,26,67,0.61
HtB,3,3,6,0.5
HtD,1,0,1,1.0
HtH,1,3,4,0.25
HtM,6,3,9,0.67
HtN,2,5,7,0.29
HtP,6,6,12,0.5
HtS,6,3,9,0.67
Htb,2,7,9,0.22
Htl,2,1,3,0.67
Htm,0,2,2,0.0
Htn,3,7,10,0.3
Hts,6,2,8,0.75
Htt,0,1,1,0.0
IBB,7,3,10,0.7
IBK,0,2,2,0.0
IBL,3,3,6,0.5
IBM,6,5,11,0.55
IBN,6,6,12,0.5
IBP,5,7,12,0.42
IBS,0,2,2,0.0
IBb,7,4,11,0.64
IBj,2,0,2,1.0
IBl,8,3,11,0.73
IBm,8,4,12,0.67
IBn,11,4,15,0.73
IBs,2,1,3,0.67
IBt,0,1,1,0.0
IDB,0,0,0,
IDD,1,0,1,1.0
IDH,2,0,2,1.0
IDM,1,0,1,1.0
IDP,2,2,4,0.5
IDS,0,0,0,
IDb,2,0,2,1.0
IDm,1,0,1,1.0
IDn,0,0,0,
IDs,1,0,1,1.0
IHB,7,6,13,0.54
IHD,1,1,2,0.5
IHH,2,0,2,1.0
IHL,5,0,5,1.0
IHM,7,6,13,0.54
IHN,8,6,14,0.57
IHP,11,3,14,0.79
IHS,3,4,7,0.43
IHb,2,11,13,0.15
IHh,1,1,2,0.5
IHl,3,1,4,0.75
IHm,4,7,11,0.36
IHn,6,7,13,0.46
IHs,5,7,12,0.42
IHt,2,0,2,1.0
IIH,2,0,2,1.0
IIM,0,1,1,0.0
IIP,1,0,1,1.0
IIS,1,0,1,1.0
IIb,1,0,1,1.0
IIm,1,0,1,1.0
IIn,1,1,2,0.5
IKP,1,0,1,1.0
IKS,0,1,1,0.0
ILB,1,1,2,0.5
ILK,1,1,2,0.5
ILL,1,1,2,0.5
ILM,1,5,6,0.17
ILN,7,2,9,0.78
ILP,4,2,6,0.67
ILS,1,2,3,0.33
ILb,2,5,7,0.29
ILh,0,0,0,
ILj,1,1,2,0.5
ILl,4,0,4,1.0
ILm,1,5,6,0.17
ILn,4,5,9,0.44
ILs,1,5,6,0.17
ILt,3,1,4,0.75
IMB,7,7,14,0.5
IMD,1,1,2,0.5
IML,6,2,8,0.75
IMM,9,9,18,0.5
IMN,7,7,14,0.5
IMP,6,9,15,0.4
IMS,1,5,6,0.17
IMb,4,2,6,0.67
IMh,9,8,17,0.53
IMj,3,1,4,0.75
IMl,3,5,8,0.38
IMm,8,5,13,0.62
IMn,13,13,26,0.5
IMs,4,2,6,0.67
IMt,3,1,4,0.75
INB,12,5,17,0.71
IND,0,1,1,0.0
INH,1,1,2,0.5
INK,0,1,1,0.0
INL,4,7,11,0.36
INM,5,8,13,0.38
INN,10,6,16,0.62
INP,18,15,33,0.55
INS,5,4,9,0.56
INb,2,6,8,0.25
INh,2,1,3,0.67
INl,6,0,6,1.0
INm,11,6,17,0.65
INn,14,15,29,0.48
INs,0,3,3,0.0
INt,1,0,1,1.0
IPB,10,2,12,0.83
IPH,1,4,5,0.2
IPI,0,4,4,0.0
IPL,5,8,13,0.38
IPM,15,17,32,0.47
IPN,5,10,15,0.33
IPP,14,22,36,0.39
IPS,5,5,10,0.5
IPb,9,9,18,0.5
IPh,1,0,1,1.0
IPl,3,4,7,0.43
IPm,7,7,14,0.5
IPn,6,11,17,0.35
IPs,9,6,15,0.6
IPt,1,2,3,0.33
ISB,3,4,7,0.43
ISH,2,2,4,0.5
ISL,2,3,5,0.4
ISM,6,5,11,0.55
ISN,8,4,12,0.67
ISP,8,6,14,0.57
ISS,4,3,7,0.57
ISb,3,4,7,0.43
ISh,3,4,7,0.43
ISl,2,1,3,0.67
ISm,2,3,5,0.4
ISn,6,4,10,0.6
ISs,8,3,11,0.73
ISt,2,1,3,0.67
IbB,9,4,13,0.69
IbD,0,0,0,
IbH,3,4,7,0.43
IbI,1,1,2,0.5
IbJ,4,2,6,0.67
IbK,1,1,2,0.5
IbL,8,1,9,0.89
IbM,14,7,21,0.67
IbN,11,5,16,0.69
IbP,14,11,25,0.56
IbS,5,6,11,0.45
Ibb,12,10,22,0.55
Ibl,2,4,6,0.33
Ibm,6,6,12,0.5
Ibn,4,11,15,0.27
Ibs,2,3,5,0.4
Iht,1,0,1,1.0
IlB,4,5,9,0.44
IlD,0,1,1,0.0
IlH,2,3,5,0.4
IlJ,0,1,1,0.0
IlK,0,0,0,
IlL,0,2,2,0.0
IlM,0,5,5,0.0
IlN,2,2,4,0.5
IlP,2,4,6,0.33
IlS,2,4,6,0.33
Ilb,5,3,8,0.62
Ill,3,1,4,0.75
Ilm,0,4,4,0.0
Iln,1,2,3,0.33
Ils,3,3,6,0.5
ImB,2,3,5,0.4
ImD,0,1,1,0.0
ImH,3,5,8,0.38
ImI,0,2,2,0.0
ImJ,1,0,1,1.0
ImL,5,1,6,0.83
ImM,9,4,13,0.69
ImN,3,8,11,0.27
ImP,6,5,11,0.55
ImS,1,5,6,0.17
Imb,3,8,11,0.27
Iml,1,1,2,0.5
Imm,4,5,9,0.44
Imn,10,6,16,0.62
Ims,1,7,8,0.12
InB,5,2,7,0.71
InD,1,3,4,0.25
InH,2,4,6,0.33
InK,0,1,1,0.0
InL,2,2,4,0.5
InM,3,4,7,0.43
InN,9,7,16,0.56
InP,7,14,21,0.33
InS,4,2,6,0.67
Inb,6,10,16,0.38
Inl,4,2,6,0.67
Inm,10,3,13,0.77
Inn,5,7,12,0.42
Ins,6,5,11,0.55
IsB,4,1,5,0.8
IsD,0,1,1,0.0
IsH,6,3,9,0.67
IsI,1,1,2,0.5
IsK,0,1,1,0.0
IsL,2,3,5,0.4
IsM,8,3,11,0.73
IsN,6,4,10,0.6
IsP,6,6,12,0.5
IsS,3,7,10,0.3
Isb,5,3,8,0.62
Isl,1,1,2,0.5
Ism,5,3,8,0.62
Isn,1,1,2,0.5
Iss,3,4,7,0.43
ItH,0,1,1,0.0
ItN,1,0,1,1.0
ItS,2,0,2,1.0
Itn,2,0,2,1.0
Its,1,0,1,1.0
JBB,5,3,8,0.62
JBK,1,2,3,0.33
JBL,4,5,9,0.44
JBM,2,5,7,0.29
JBN,6,5,11,0.55
JBP,3,10,13,0.23
JBS,2,4,6,0.33
JBb,6,4,10,0.6
JBj,4,3,7,0.57
JBl,3,4,7,0.43
JBm,5,3,8,0.62
JBn,10,8,18,0.56
JBs,5,2,7,0.71
JBt,2,0,2,1.0
JDH,0,1,1,0.0
JDM,0,0,0,
JDP,1,0,1,1.0
JDh,0,1,1,0.0
JHB,2,1,3,0.67
JHH,1,0,1,1.0
JHI,0,2,2,0.0
JHK,0,1,1,0.0
JHL,1,5,6,0.17
JHM,5,5,10,0.5
JHN,2,2,4,0.5
JHP,3,9,12,0.25
JHS,1,5,6,0.17
JHb,0,5,5,0.0
JHh,0,3,3,0.0
JHl,3,0,3,1.0
JHm,3,2,5,0.6
JHn,4,3,7,0.57
JHs,0,4,4,0.0
JHt,1,0,1,1.0
JID,1,0,1,1.0
JIH,0,1,1,0.0
JIM,0,0,0,
JIN,1,1,2,0.5
JIP,0,0,0,
JIS,0,1,1,0.0
JIb,1,1,2,0.5
JIm,1,0,1,1.0
JIn,0,0,0,
JIs,0,1,1,0.0
JKM,0,0,0,
JKN,0,0,0,
JKP,1,1,2,0.5
JKS,1,1,2,0.5
JKh,0,1,1,0.0
JKm,1,0,1,1.0
JLB,2,3,5,0.4
JLD,2,0,2,1.0
JLL,5,0,5,1.0
JLM,3,3,6,0.5
JLN,1,4,5,0.2
JLP,0,3,3,0.0
JLS,2,3,5,0.4
JLb,5,5,10,0.5
JLh,1,1,2,0.5
JLj,2,1,3,0.67
JLl,6,3,9,0.67
JLm,2,1,3,0.67
JLn,2,7,9,0.22
JLs,0,2,2,0.0
JMB,4,9,13,0.31
JML,6,5,11,0.55
JMM,6,7,13,0.46
JMN,4,10,14,0.29
JMP,10,9,19,0.53
JMS,4,6,10,0.4
JMb,6,5,11,0.55
JMh,4,5,9,0.44
JMj,3,1,4,0.75
JMl,2,7,9,0.22
JMm,9,8,17,0.53
JMn,19,11,30,0.63
JMs,4,6,10,0.4
JMt,3,1,4,0.75
JNB,4,5,9,0.44
JNH,2,2,4,0.5
JNK,2,2,4,0.5
JNL,4,5,9,0.44
JNM,7,8,15,0.47
JNN,7,10,17,0.41
JNP,11,14,25,0.44
JNS,5,3,8,0.62
JNb,7,5,12,0.58
JNh,5,4,9,0.56
JNl,6,4,10,0.6
JNm,4,7,11,0.36
JNn,16,10,26,0.62
JNs,5,7,12,0.42
JNt,1,0,1,1.0
JPB,7,7,14,0.5
JPD,1,0,1,1.0
JPH,4,2,6,0.67
JPK,0,1,1,0.0
JPL,4,5,9,0.44
JPM,11,17,28,0.39
JPN,12,9,21,0.57
JPP,11,16,27,0.41
JPS,6,4,10,0.6
JPb,12,15,27,0.44
JPh,1,0,1,1.0
JPl,3,8,11,0.27
JPm,6,3,9,0.67
JPn,7,11,18,0.39
JPs,8,6,14,0.57
JPt,3,0,3,1.0
JSB,2,6,8,0.25
JSD,1,1,2,0.5
JSH,0,3,3,0.0
JSL,2,1,3,0.67
JSM,10,4,14,0.71
JSN,1,3,4,0.25
JSP,7,5,12,0.58
JSS,7,2,9,0.78
JSb,3,3,6,0.5
JSh,1,0,1,1.0
JSl,2,1,3,0.67
JSm,6,3,9,0.67
JSn,2,6,8,0.25
JSs,5,9,14,0.36
JSt,1,0,1,1.0
JbB,9,12,21,0.43
JbD,0,0,0,
JbH,2,1,3,0.67
JbJ,3,0,3,1.0
JbK,1,2,3,0.33
JbL,4,4,8,0.5
JbM,6,6,12,0.5
JbN,11,13,24,0.46
JbP,5,12,17,0.29
JbS,4,5,9,0.44
Jbb,13,9,22,0.59
Jbl,6,3,9,0.67
Jbm,11,5,16,0.69
Jbn,12,6,18,0.67
Jbs,4,1,5,0.8
JhB,1,2,3,0.33
JhD,0,2,2,0.0
JhH,1,0,1,1.0
JhL,0,0,0,
JhM,1,3,4,0.25
JhP,0,0,0,
JhS,1,0,1,1.0
Jhh,2,0,2,1.0
Jhl,1,0,1,1.0
Jhn,0,3,3,0.0
Jhs,0,2,2,0.0
JlB,3,1,4,0.75
JlD,0,0,0,
JlH,1,4,5,0.2
JlJ,0,1,1,0.0
JlL,3,3,6,0.5
JlM,3,4,7,0.43
JlN,1,4,5,0.2
JlP,5,4,9,0.56
JlS,2,5,7,0.29
Jlb,6,4,10,0.6
Jll,3,0,3,1.0
Jlm,1,0,1,1.0
Jln,4,2,6,0.67
Jls,1,1,2,0.5
JmB,8,6,14,0.57
JmD,0,1,1,0.0
JmH,7,9,16,0.44
JmI,0,1,1,0.0
JmJ,1,1,2,0.5
JmK,1,0,1,1.0
JmL,2,3,5,0.4
JmM,3,4,7,0.43
JmN,7,6,13,0.54
JmP,6,5,11,0.55
JmS,5,2,7,0.71
Jmb,5,3,8,0.62
Jml,2,0,2,1.0
Jmm,5,2,7,0.71
Jmn,6,3,9,0.67
Jms,2,2,4,0.5
JnB,9,6,15,0.6
JnD,1,2,3,0.33
JnH,2,10,12,0.17
JnL,2,2,4,0.5
JnM,12,11,23,0.52
JnN,12,8,20,0.6
JnP,7,14,21,0.33
JnS,5,4,9,0.56
Jnb,5,2,7,0.71
Jnl,2,3,5,0.4
Jnm,5,3,8,0.62
Jnn,4,11,15,0.27
Jns,6,8,14,0.43
JsB,2,3,5,0.4
JsD,2,0,2,1.0
JsH,0,4,4,0.0
JsI,0,2,2,0.0
JsL,0,2,2,0.0
JsM,3,9,12,0.25
JsN,3,3,6,0.5
JsP,8,4,12,0.67
JsS,3,5,8,0.38
Jsb,5,3,8,0.62
Jsh,0,1,1,0.0
Jsl,2,2,4,0.5
Jsm,5,4,9,0.56
Jsn,5,7,12,0.42
Jss,3,1,4,0.75
JtB,0,1,1,0.0
JtL,0,1,1,0.0
JtM,1,0,1,1.0
JtN,5,0,5,1.0
JtP,0,1,1,0.0
JtS,1,1,2,0.5
Jtl,0,1,1,0.0
Jtm,2,0,2,1.0
Jtn,0,2,2,0.0
Jtt,0,1,1,0.0
KBB,4,3,7,0.57
KBD,1,0,1,1.0
KBK,2,1,3,0.67
KBL,5,5,10,0.5
KBM,5,10,15,0.33
KBN,5,6,11,0.45
KBP,4,8,12,0.33
KBS,1,3,4,0.25
KBb,9,7,16,0.56
KBj,1,1,2,0.5
KBl,1,5,6,0.17
KBm,6,3,9,0.67
KBn,8,8,16,0.5
KBs,3,5,8,0.38
KBt,0,1,1,0.0
KDB,0,2,2,0.0
KDH,1,1,2,0.5
KDN,0,1,1,0.0
KDb,1,0,1,1.0
KDm,0,1,1,0.0
KDs,1,0,1,1.0
KHB,0,2,2,0.0
KHD,0,1,1,0.0
KHI,1,0,1,1.0
KHN,1,0,1,1.0
KHP,0,2,2,0.0
KHS,2,1,3,0.67
KHb,1,0,1,1.0
KHm,0,0,0,
KHn,1,2,3,0.33
KHs,2,0,2,1.0
KIB,1,0,1,1.0
KIH,1,0,1,1.0
KIM,0,1,1,0.0
KIN,0,1,1,0.0
KIP,2,1,3,0.67
KIS,0,0,0,
KIb,2,1,3,0.67
KIl,0,1,1,0.0
KKb,0,1,1,0.0
KKh,1,0,1,1.0
KKn,0,1,1,0.0
KLB,2,5,7,0.29
KLL,6,1,7,0.86
KLM,6,5,11,0.55
KLN,3,3,6,0.5
KLP,8,4,12,0.67
KLS,5,4,9,0.56
KLb,5,3,8,0.62
KLh,3,2,5,0.6
KLj,0,1,1,0.0
KLl,2,3,5,0.4
KLm,2,2,4,0.5
KLn,3,7,10,0.3
KLs,3,6,9,0.33
KMB,8,4,12,0.67
KMD,0,1,1,0.0
KMK,0,1,1,0.0
KML,5,3,8,0.62
KMM,8,9,17,0.47
KMN,10,2,12,0.83
KMP,10,6,16,0.62
KMS,8,7,15,0.53
KMb,11,10,21,0.52
KMh,10,7,17,0.59
KMj,3,1,4,0.75
KMl,5,6,11,0.45
KMm,7,6,13,0.54
KMn,5,12,17,0.29
KMs,3,5,8,0.38
KMt,2,1,3,0.67
KNB,3,5,8,0.38
KNH,0,1,1,0.0
KNK,0,1,1,0.0
KNL,4,4,8,0.5
KNM,4,10,14,0.29
KNN,8,2,10,0.8
KNP,13,9,22,0.59
KNS,5,6,11,0.45
KNb,4,7,11,0.36
KNh,3,3,6,0.5
KNl,3,2,5,0.6
KNm,1,2,3,0.33
KNn,12,11,23,0.52
KNs,5,3,8,0.62
KNt,1,0,1,1.0
KPB,14,7,21,0.67
KPD,0,1,1,0.0
KPH,1,2,3,0.33
KPK,2,0,2,1.0
KPL,4,4,8,0.5
KPM,10,13,23,0.43
KPN,7,11,18,0.39
KPP,15,21,36,0.42
KPS,7,6,13,0.54
KPb,10,12,22,0.45
KPh,2,1,3,0.67
KPl,4,4,8,0.5
KPm,9,13,22,0.41
KPn,5,6,11,0.45
KPs,11,8,19,0.58
KPt,2,3,5,0.4
KSB,3,3,6,0.5
KSD,0,0,0,
KSH,3,2,5,0.6
KSL,2,5,7,0.29
KSM,4,8,12,0.33
KSN,1,2,3,0.33
KSP,9,5,14,0.64
KSS,2,5,7,0.29
KSb,3,6,9,0.33
KSh,3,3,6,0.5
KSl,1,6,7,0.14
KSm,7,8,15,0.47
KSn,5,5,10,0.5
KSs,5,5,10,0.5
KSt,1,1,2,0.5
KbB,6,5,11,0.55
KbH,0,6,6,0.0
KbI,0,0,0,
KbJ,1,3,4,0.25
KbK,1,0,1,1.0
KbL,2,2,4,0.5
KbM,10,8,18,0.56
KbN,17,11,28,0.61
KbP,10,6,16,0.62
KbS,8,8,16,0.5
Kbb,4,5,9,0.44
Kbl,3,4,7,0.43
Kbm,4,4,8,0.5
Kbn,3,4,7,0.43
Kbs,4,3,7,0.57
KhB,5,3,8,0.62
KhH,3,0,3,1.0
KhL,2,2,4,0.5
KhM,8,4,12,0.67
KhN,4,3,7,0.57
KhP,5,8,13,0.38
KhS,3,3,6,0.5
Khb,7,8,15,0.47
Khh,9,2,11,0.82
Khl,6,7,13,0.46
Khm,8,1,9,0.89
Khn,3,3,6,0.5
Khs,4,5,9,0.44
Kht,0,1,1,0.0
KlB,1,3,4,0.25
KlD,1,1,2,0.5
KlH,2,1,3,0.67
KlI,1,0,1,1.0
KlJ,2,3,5,0.4
KlL,3,4,7,0.43
KlM,6,10,16,0.38
KlN,6,3,9,0.67
KlP,12,4,16,0.75
KlS,3,3,6,0.5
Klb,5,4,9,0.56
Kll,4,0,4,1.0
Klm,4,0,4,1.0
Kln,6,4,10,0.6
Kls,3,5,8,0.38
KmB,6,2,8,0.75
KmD,0,1,1,0.0
KmH,9,4,13,0.69
KmI,0,1,1,0.0
KmJ,3,0,3,1.0
KmL,2,2,4,0.5
KmM,10,7,17,0.59
KmN,12,6,18,0.67
KmP,10,9,19,0.53
KmS,4,3,7,0.57
Kmb,12,8,20,0.6
Kml,1,2,3,0.33
Kmm,8,4,12,0.67
Kmn,6,4,10,0.6
Kms,8,2,10,0.8
KnB,7,4,11,0.64
KnD,0,1,1,0.0
KnH,7,5,12,0.58
KnI,3,3,6,0.5
KnK,1,1,2,0.5
KnL,3,4,7,0.43
KnM,6,9,15,0.4
KnN,9,8,17,0.53
KnP,16,13,29,0.55
KnS,13,11,24,0.54
Knb,9,13,22,0.41
Knl,5,5,10,0.5
Knm,12,9,21,0.57
Knn,8,5,13,0.62
Kns,4,8,12,0.33
KsB,1,5,6,0.17
KsD,1,1,2,0.5
KsH,4,8,12,0.33
KsI,0,2,2,0.0
KsK,1,0,1,1.0
KsL,2,0,2,1.0
KsM,3,11,14,0.21
KsN,5,6,11,0.45
KsP,7,11,18,0.39
KsS,5,4,9,0.56
Ksb,6,6,12,0.5
Ksh,1,0,1,1.0
Ksl,3,4,7,0.43
Ksm,5,3,8,0.62
Ksn,8,1,9,0.89
Kss,4,2,6,0.67
KtB,1,1,2,0.5
KtL,1,1,2,0.5
KtM,0,2,2,0.0
KtN,0,1,1,0.0
KtP,0,2,2,0.0
KtS,0,1,1,0.0
Ktb,3,0,3,1.0
Ktl,1,0,1,1.0
Ktm,0,1,1,0.0
Ktn,1,0,1,1.0
Kts,0,1,1,0.0
Ktt,0,0,0,
LBB,49,33,82,0.6
LBD,1,3,4,0.25
LBH,1,0,1,1.0
LBK,8,1,9,0.89
LBL,7,19,26,0.27
LBM,31,36,67,0.46
LBN,45,43,88,0.51
LBP,44,52,96,0.46
LBS,11,11,22,0.5
LBb,43,50,93,0.46
LBh,5,5,10,0.5
LBj,18,9,27,0.67
LBl,21,24,45,0.47
LBm,32,31,63,0.51
LBn,54,59,113,0.48
LBs,17,19,36,0.47
LBt,10,8,18,0.56
LDB,2,1,3,0.67
LDH,2,3,5,0.4
LDL,1,0,1,1.0
LDM,4,3,7,0.57
LDN,0,2,2,0.0
LDP,3,4,7,0.43
LDS,2,1,3,0.67
LDb,0,3,3,0.0
LDl,2,1,3,0.67
LDm,6,2,8,0.75
LDn,2,3,5,0.4
LHB,1,0,1,1.0
LHL,1,0,1,1.0
LHM,1,2,3,0.33
LHN,1,0,1,1.0
LHP,0,0,0,
LHS,0,1,1,0.0
LHb,1,0,1,1.0
LHl,1,0,1,1.0
LHm,4,1,5,0.8
LHs,0,1,1,0.0
LKB,3,4,7,0.43
LKD,1,0,1,1.0
LKI,0,1,1,0.0
LKL,5,4,9,0.56
LKM,1,0,1,1.0
LKN,1,1,2,0.5
LKP,2,2,4,0.5
LKS,1,7,8,0.12
LKb,4,2,6,0.67
LKh,3,1,4,0.75
LKl,2,4,6,0.33
LKm,3,2,5,0.6
LKn,5,5,10,0.5
LKs,1,1,2,0.5
LKt,0,1,1,0.0
LLB,12,11,23,0.52
LLD,1,1,2,0.5
LLH,1,0,1,1.0
LLK,1,0,1,1.0
LLL,5,8,13,0.38
LLM,23,22,45,0.51
LLN,18,19,37,0.49
LLP,24,15,39,0.62
LLS,8,14,22,0.36
LLb,22,21,43,0.51
LLh,4,9,13,0.31
LLj,9,10,19,0.47
LLl,8,11,19,0.42
LLm,21,20,41,0.51
LLn,24,18,42,0.57
LLs,10,10,20,0.5
LLt,5,1,6,0.83
LMB,47,49,96,0.49
LMD,2,0,2,1.0
LMK,0,1,1,0.0
LML,20,20,40,0.5
LMM,60,34,94,0.64
LMN,48,57,105,0.46
LMP,60,57,117,0.51
LMS,23,25,48,0.48
LMb,59,55,114,0.52
LMh,41,41,82,0.5
LMj,15,17,32,0.47
LMl,23,27,50,0.46
LMm,40,26,66,0.61
LMn,75,63,138,0.54
LMs,28,24,52,0.54
LMt,9,6,15,0.6
LNB,37,34,71,0.52
LND,4,3,7,0.57
LNH,6,9,15,0.4
LNK,0,4,4,0.0
LNL,19,11,30,0.63
LNM,43,47,90,0.48
LNN,51,60,111,0.46
LNP,62,78,140,0.44
LNS,24,42,66,0.36
LNb,50,50,100,0.5
LNh,21,16,37,0.57
LNl,21,15,36,0.58
LNm,41,34,75,0.55
LNn,69,70,139,0.5
LNs,24,24,48,0.5
LNt,12,11,23,0.52
LPB,44,40,84,0.52
LPD,6,1,7,0.86
LPH,20,14,34,0.59
LPI,1,3,4,0.25
LPK,3,10,13,0.23
LPL,35,34,69,0.51
LPM,66,57,123,0.54
LPN,61,77,138,0.44
LPP,105,119,224,0.47
LPS,40,38,78,0.51
LPb,68,67,135,0.5
LPh,5,8,13,0.38
LPl,19,43,62,0.31
LPm,64,45,109,0.59
LPn,58,74,132,0.44
LPs,32,42,74,0.43
LPt,10,14,24,0.42
LSB,22,23,45,0.49
LSD,1,4,5,0.2
LSH,3,5,8,0.38
LSK,1,2,3,0.33
LSL,14,18,32,0.44
LSM,33,25,58,0.57
LSN,28,25,53,0.53
LSP,44,44,88,0.5
LSS,25,31,56,0.45
LSb,28,17,45,0.62
LSh,19,23,42,0.45
LSl,26,11,37,0.7
LSm,29,27,56,0.52
LSn,39,35,74,0.53
LSs,18,30,48,0.38
LSt,2,3,5,0.4
LbB,42,43,85,0.49
LbD,4,6,10,0.4
LbH,18,26,44,0.41
LbI,6,6,12,0.5
LbJ,14,11,25,0.56
LbK,7,6,13,0.54
LbL,19,15,34,0.56
LbM,43,41,84,0.51
LbN,72,70,142,0.51
LbP,89,65,154,0.58
LbS,25,31,56,0.45
Lbb,53,47,100,0.53
Lbl,32,19,51,0.63
Lbm,37,29,66,0.56
Lbn,61,45,106,0.58
Lbs,24,16,40,0.6
LhB,13,22,35,0.37
LhD,1,3,4,0.25
LhH,4,6,10,0.4
LhK,1,0,1,1.0
LhL,9,9,18,0.5
LhM,25,18,43,0.58
LhN,16,22,38,0.42
LhP,29,29,58,0.5
LhS,16,8,24,0.67
Lhb,28,27,55,0.51
Lhh,20,18,38,0.53
Lhl,10,9,19,0.53
Lhm,24,17,41,0.59
Lhn,27,35,62,0.44
Lhs,10,14,24,0.42
Lht,2,5,7,0.29
LjB,16,7,23,0.7
LjH,8,3,11,0.73
LjI,1,2,3,0.33
LjK,0,1,1,0.0
LjL,9,11,20,0.45
LjM,9,15,24,0.38
LjN,16,10,26,0.62
LjP,25,25,50,0.5
LjS,14,10,24,0.58
Ljb,18,15,33,0.55
Ljh,2,4,6,0.33
Ljl,12,8,20,0.6
Ljm,18,12,30,0.6
Ljn,19,19,38,0.5
Ljs,6,8,14,0.43
Ljt,3,2,5,0.6
LlB,25,12,37,0.68
LlD,1,0,1,1.0
LlH,25,20,45,0.56
LlI,4,0,4,1.0
LlJ,15,3,18,0.83
LlK,1,1,2,0.5
LlL,12,14,26,0.46
LlM,31,31,62,0.5
LlN,33,42,75,0.44
LlP,30,34,64,0.47
LlS,11,20,31,0.35
Llb,29,44,73,0.4
Lll,16,14,30,0.53
Llm,23,19,42,0.55
Lln,24,16,40,0.6
Lls,18,9,27,0.67
LmB,32,35,67,0.48
LmD,1,7,8,0.12
LmH,34,41,75,0.45
LmI,3,8,11,0.27
LmJ,9,9,18,0.5
LmK,0,2,2,0.0
LmL,16,17,33,0.48
LmM,44,40,84,0.52
LmN,41,46,87,0.47
LmP,63,57,120,0.52
LmS,37,38,75,0.49
Lmb,44,49,93,0.47
Lml,16,13,29,0.55
Lmm,33,20,53,0.62
Lmn,48,33,81,0.59
Lms,34,21,55,0.62
LnB,59,53,112,0.53
LnD,7,6,13,0.54
LnH,42,41,83,0.51
LnI,9,9,18,0.5
LnK,10,7,17,0.59
LnL,24,26,50,0.48
LnM,66,80,146,0.45
LnN,94,84,178,0.53
LnP,114,102,216,0.53
LnS,49,48,97,0.51
Lnb,60,72,132,0.45
Lnh,3,6,9,0.33
Lnl,26,37,63,0.41
Lnm,67,62,129,0.52
Lnn,104,80,184,0.57
Lns,51,47,98,0.52
LsB,19,16,35,0.54
LsD,3,3,6,0.5
LsH,29,34,63,0.46
LsI,3,1,4,0.75
LsL,12,13,25,0.48
LsM,37,25,62,0.6
LsN,25,27,52,0.48
LsP,57,40,97,0.59
LsS,28,30,58,0.48
Lsb,25,40,65,0.38
Lsh,1,0,1,1.0
Lsl,22,16,38,0.58
Lsm,28,16,44,0.64
Lsn,24,34,58,0.41
Lss,20,19,39,0.51
LtB,8,8,16,0.5
LtD,0,1,1,0.0
LtH,10,6,16,0.62
LtI,0,2,2,0.0
LtL,1,5,6,0.17
LtM,14,9,23,0.61
LtN,11,7,18,0.61
LtP,15,12,27,0.56
LtS,4,8,12,0.33
Ltb,7,9,16,0.44
Ltl,2,6,8,0.25
Ltm,8,7,15,0.53
Ltn,17,5,22,0.77
Lts,1,6,7,0.14
Ltt,2,4,6,0.33
MBB,100,104,204,0.49
MBD,10,7,17,0.59
MBK,6,5,11,0.55
MBL,23,44,67,0.34
MBM,100,109,209,0.48
MBN,111,132,243,0.46
MBP,133,164,297,0.45
MBS,42,52,94,0.45
MBb,129,133,262,0.49
MBh,9,14,23,0.39
MBj,30,40,70,0.43
MBl,50,63,113,0.44
MBm,76,81,157,0.48
MBn,147,173,320,0.46
MBs,29,51,80,0.36
MBt,24,17,41,0.59
MDB,4,3,7,0.57
MDH,6,2,8,0.75
MDL,2,4,6,0.33
MDM,2,8,10,0.2
MDN,7,7,14,0.5
MDP,6,8,14,0.43
MDS,8,5,13,0.62
MDb,9,5,14,0.64
MDh,1,0,1,1.0
MDl,3,3,6,0.5
MDm,1,7,8,0.12
MDn,8,8,16,0.5
MDs,9,3,12,0.75
MDt,0,1,1,0.0
MHH,1,0,1,1.0
MHM,1,0,1,1.0
MHN,0,1,1,0.0
MHP,1,1,2,0.5
MHb,1,0,1,1.0
MHm,2,1,3,0.67
MIB,0,1,1,0.0
MKB,0,0,0,
MKH,0,0,0,
MKL,0,1,1,0.0
MKM,1,2,3,0.33
MKN,0,2,2,0.0
MKP,2,2,4,0.5
MKS,0,1,1,0.0
MKb,1,0,1,1.0
MKh,1,3,4,0.25
MKl,1,0,1,1.0
MKm,1,3,4,0.25
MKn,2,2,4,0.5
MKs,0,1,1,0.0
MLB,35,45,80,0.44
MLD,5,3,8,0.62
MLH,0,1,1,0.0
MLK,4,0,4,1.0
MLL,13,15,28,0.46
MLM,43,58,101,0.43
MLN,36,44,80,0.45
MLP,54,61,115,0.47
MLS,32,22,54,0.59
MLb,46,52,98,0.47
MLh,17,25,42,0.4
MLj,10,17,27,0.37
MLl,14,16,30,0.47
MLm,31,38,69,0.45
MLn,75,83,158,0.47
MLs,15,23,38,0.39
MLt,5,11,16,0.31
MMB,92,111,203,0.45
MMD,9,7,16,0.56
MMH,0,2,2,0.0
MMK,0,1,1,0.0
MML,33,43,76,0.43
MMM,134,150,284,0.47
MMN,134,158,292,0.46
MMP,179,164,343,0.52
MMS,58,75,133,0.44
MMb,153,163,316,0.48
MMh,98,111,209,0.47
MMj,28,34,62,0.45
MMl,56,61,117,0.48
MMm,109,132,241,0.45
MMn,205,217,422,0.49
MMs,71,64,135,0.53
MMt,18,28,46,0.39
MNB,80,105,185,0.43
MND,10,7,17,0.59
MNH,18,22,40,0.45
MNK,8,12,20,0.4
MNL,38,40,78,0.49
MNM,113,144,257,0.44
MNN,161,155,316,0.51
MNP,216,236,452,0.48
MNS,74,83,157,0.47
MNb,125,154,279,0.45
MNh,43,52,95,0.45
MNl,50,52,102,0.49
MNm,98,84,182,0.54
MNn,209,213,422,0.5
MNs,78,64,142,0.55
MNt,33,34,67,0.49
MPB,147,117,264,0.56
MPD,5,12,17,0.29
MPH,43,54,97,0.44
MPI,8,17,25,0.32
MPK,12,17,29,0.41
MPL,56,88,144,0.39
MPM,176,166,342,0.51
MPN,186,243,429,0.43
MPP,251,275,526,0.48
MPS,106,125,231,0.46
MPb,173,164,337,0.51
MPh,16,15,31,0.52
MPl,86,82,168,0.51
MPm,151,129,280,0.54
MPn,183,192,375,0.49
MPs,87,112,199,0.44
MPt,10,16,26,0.38
MSB,46,51,97,0.47
MSD,6,5,11,0.55
MSH,20,24,44,0.45
MSI,0,1,1,0.0
MSK,1,3,4,0.25
MSL,18,27,45,0.4
MSM,70,76,146,0.48
MSN,70,69,139,0.5
MSP,116,95,211,0.55
MSS,64,60,124,0.52
MSb,78,72,150,0.52
MSh,39,49,88,0.44
MSl,32,33,65,0.49
MSm,71,51,122,0.58
MSn,93,121,214,0.43
MSs,63,55,118,0.53
MSt,12,22,34,0.35
MbB,109,105,214,0.51
MbD,4,4,8,0.5
MbH,52,58,110,0.47
MbI,16,16,32,0.5
MbJ,35,37,72,0.49
MbK,12,18,30,0.4
MbL,48,41,89,0.54
MbM,137,173,310,0.44
MbN,208,196,404,0.51
MbP,188,175,363,0.52
MbS,85,88,173,0.49
Mbb,144,145,289,0.5
Mbl,62,47,109,0.57
Mbm,135,102,237,0.57
Mbn,172,176,348,0.49
Mbs,89,68,157,0.57
MhB,83,82,165,0.5
MhD,4,10,14,0.29
MhH,21,18,39,0.54
MhI,3,3,6,0.5
MhK,3,3,6,0.5
MhL,36,31,67,0.54
MhM,120,106,226,0.53
MhN,100,125,225,0.44
MhP,142,161,303,0.47
MhS,86,67,153,0.56
Mhb,111,99,210,0.53
Mhh,75,79,154,0.49
Mhl,61,43,104,0.59
Mhm,98,94,192,0.51
Mhn,134,129,263,0.51
Mhs,75,80,155,0.48
Mht,14,9,23,0.61
MjB,32,28,60,0.53
MjD,2,5,7,0.29
MjH,12,17,29,0.41
MjI,1,2,3,0.33
MjK,5,5,10,0.5
MjL,14,14,28,0.5
MjM,47,39,86,0.55
MjN,52,39,91,0.57
MjP,53,57,110,0.48
MjS,19,24,43,0.44
Mjb,47,33,80,0.59
Mjh,6,4,10,0.6
Mjl,21,21,42,0.5
Mjm,25,30,55,0.45
Mjn,49,41,90,0.54
Mjs,21,21,42,0.5
Mjt,8,7,15,0.53
MlB,34,61,95,0.36
MlD,4,4,8,0.5
MlH,55,45,100,0.55
MlI,5,5,10,0.5
MlJ,20,15,35,0.57
MlK,5,3,8,0.62
MlL,16,28,44,0.36
MlM,59,68,127,0.46
MlN,85,87,172,0.49
MlP,81,74,155,0.52
MlS,37,42,79,0.47
Mlb,57,73,130,0.44
Mll,26,28,54,0.48
Mlm,44,46,90,0.49
Mln,81,65,146,0.55
Mls,38,37,75,0.51
MmB,64,94,158,0.41
MmD,12,10,22,0.55
MmH,108,94,202,0.53
MmI,8,5,13,0.62
MmJ,23,18,41,0.56
MmK,2,1,3,0.67
MmL,31,36,67,0.46
MmM,98,137,235,0.42
MmN,147,132,279,0.53
MmP,157,173,330,0.48
MmS,73,77,150,0.49
Mmb,106,91,197,0.54
Mml,37,27,64,0.58
Mmm,81,86,167,0.49
Mmn,144,150,294,0.49
Mms,59,58,117,0.5
MnB,130,142,272,0.48
MnD,12,10,22,0.55
MnH,113,118,231,0.49
MnI,23,18,41,0.56
MnK,14,25,39,0.36
MnL,60,52,112,0.54
MnM,229,204,433,0.53
MnN,317,299,616,0.51
MnP,302,314,616,0.49
MnS,144,156,300,0.48
Mnb,183,183,366,0.5
Mnh,7,10,17,0.41
Mnl,89,77,166,0.54
Mnm,184,166,350,0.53
Mnn,249,251,500,0.5
Mns,125,134,259,0.48
MsB,46,32,78,0.59
MsD,4,8,12,0.33
MsH,69,80,149,0.46
MsI,7,6,13,0.54
MsK,1,0,1,1.0
MsL,20,19,39,0.51
MsM,72,63,135,0.53
MsN,99,72,171,0.58
MsP,104,127,231,0.45
MsS,79,86,165,0.48
Msb,60,69,129,0.47
Msh,1,1,2,0.5
Msl,37,32,69,0.54
Msm,55,56,111,0.5
Msn,78,86,164,0.48
Mss,62,57,119,0.52
Mst,1,1,2,0.5
MtB,17,7,24,0.71
MtD,3,0,3,1.0
MtH,10,21,31,0.32
MtI,1,0,1,1.0
MtK,4,3,7,0.57
MtL,11,6,17,0.65
MtM,25,33,58,0.43
MtN,30,26,56,0.54
MtP,48,53,101,0.48
MtS,19,24,43,0.44
Mtb,31,30,61,0.51
Mtl,5,14,19,0.26
Mtm,24,13,37,0.65
Mtn,36,36,72,0.5
Mts,13,10,23,0.57
Mtt,7,10,17,0.41
NBB,89,93,182,0.49
NBD,6,2,8,0.75
NBH,3,0,3,1.0
NBK,7,6,13,0.54
NBL,36,35,71,0.51
NBM,92,118,210,0.44
NBN,129,137,266,0.48
NBP,139,167,306,0.45
NBS,51,63,114,0.45
NBb,103,107,210,0.49
NBh,19,14,33,0.58
NBj,32,42,74,0.43
NBl,48,63,111,0.43
NBm,76,85,161,0.47
NBn,165,180,345,0.48
NBs,54,53,107,0.5
NBt,30,26,56,0.54
NDB,12,4,16,0.75
NDD,0,1,1,0.0
NDH,10,19,29,0.34
NDI,2,1,3,0.67
NDK,3,0,3,1.0
NDL,4,2,6,0.67
NDM,10,12,22,0.45
NDN,8,8,16,0.5
NDP,18,16,34,0.53
NDS,13,10,23,0.57
NDb,11,7,18,0.61
NDl,4,7,11,0.36
NDm,7,9,16,0.44
NDn,11,15,26,0.42
NDs,8,4,12,0.67
NDt,0,0,0,
NHB,20,16,36,0.56
NHH,5,11,16,0.31
NHI,5,3,8,0.62
NHK,2,2,4,0.5
NHL,16,8,24,0.67
NHM,24,24,48,0.5
NHN,25,42,67,0.37
NHP,33,30,63,0.52
NHS,16,16,32,0.5
NHb,23,27,50,0.46
NHh,4,7,11,0.36
NHl,11,11,22,0.5
NHm,22,20,42,0.52
NHn,26,26,52,0.5
NHs,20,16,36,0.56
NHt,2,1,3,0.67
NID,0,1,1,0.0
NIM,1,0,1,1.0
NIP,1,1,2,0.5
NIS,1,0,1,1.0
NIm,0,1,1,0.0
NIs,1,0,1,1.0
NKB,7,6,13,0.54
NKD,1,0,1,1.0
NKH,2,1,3,0.67
NKI,1,1,2,0.5
NKL,4,3,7,0.57
NKM,13,16,29,0.45
NKN,9,13,22,0.41
NKP,21,17,38,0.55
NKS,6,5,11,0.55
NKb,5,6,11,0.45
NKh,12,6,18,0.67
NKl,5,11,16,0.31
NKm,14,9,23,0.61
NKn,15,17,32,0.47
NKs,9,8,17,0.53
NKt,1,1,2,0.5
NLB,38,62,100,0.38
NLD,2,1,3,0.67
NLH,0,1,1,0.0
NLK,9,2,11,0.82
NLL,22,18,40,0.55
NLM,45,43,88,0.51
NLN,69,64,133,0.52
NLP,64,85,149,0.43
NLS,27,32,59,0.46
NLb,44,48,92,0.48
NLh,23,25,48,0.48
NLj,14,20,34,0.41
NLl,30,27,57,0.53
NLm,51,44,95,0.54
NLn,89,87,176,0.51
NLs,31,27,58,0.53
NLt,8,7,15,0.53
NMB,133,134,267,0.5
NMD,7,9,16,0.44
NMH,0,1,1,0.0
NMK,0,1,1,0.0
NML,58,39,97,0.6
NMM,124,146,270,0.46
NMN,138,162,300,0.46
NMP,197,207,404,0.49
NMS,62,80,142,0.44
NMb,175,153,328,0.53
NMh,122,123,245,0.5
NMj,47,49,96,0.49
NMl,76,55,131,0.58
NMm,128,128,256,0.5
NMn,232,253,485,0.48
NMs,75,78,153,0.49
NMt,23,36,59,0.39
NNB,130,134,264,0.49
NND,10,13,23,0.43
NNH,25,29,54,0.46
NNI,0,1,1,0.0
NNK,15,15,30,0.5
NNL,60,64,124,0.48
NNM,172,176,348,0.49
NNN,228,208,436,0.52
NNP,266,315,581,0.46
NNS,108,122,230,0.47
NNb,153,142,295,0.52
NNh,67,72,139,0.48
NNl,64,90,154,0.42
NNm,165,117,282,0.59
NNn,272,290,562,0.48
NNs,114,122,236,0.48
NNt,40,37,77,0.52
NPB,162,156,318,0.51
NPD,13,11,24,0.54
NPH,100,64,164,0.61
NPI,20,16,36,0.56
NPK,24,21,45,0.53
NPL,85,120,205,0.41
NPM,223,287,510,0.44
NPN,271,300,571,0.47
NPP,346,363,709,0.49
NPS,172,181,353,0.49
NPb,259,233,492,0.53
NPh,26,29,55,0.47
NPl,136,125,261,0.52
NPm,211,195,406,0.52
NPn,294,276,570,0.52
NPs,162,147,309,0.52
NPt,42,35,77,0.55
NSB,67,58,125,0.54
NSD,8,8,16,0.5
NSH,25,21,46,0.54
NSK,4,1,5,0.8
NSL,30,37,67,0.45
NSM,89,120,209,0.43
NSN,92,99,191,0.48
NSP,146,152,298,0.49
NSS,64,64,128,0.5
NSb,92,97,189,0.49
NSh,72,66,138,0.52
NSl,41,39,80,0.51
NSm,92,80,172,0.53
NSn,139,110,249,0.56
NSs,87,87,174,0.5
NSt,24,28,52,0.46
NbB,101,126,227,0.44
NbD,9,13,22,0.41
NbH,43,45,88,0.49
NbI,15,12,27,0.56
NbJ,40,34,74,0.54
NbK,12,11,23,0.52
NbL,43,39,82,0.52
NbM,143,145,288,0.5
NbN,223,199,422,0.53
NbP,209,176,385,0.54
NbS,94,73,167,0.56
Nbb,160,129,289,0.55
Nbl,73,61,134,0.54
Nbm,98,104,202,0.49
Nbn,173,159,332,0.52
Nbs,76,72,148,0.51
NhB,35,38,73,0.48
NhD,2,2,4,0.5
NhH,11,9,20,0.55
NhI,3,1,4,0.75
NhK,0,1,1,0.0
NhL,21,17,38,0.55
NhM,54,46,100,0.54
NhN,53,50,103,0.51
NhP,78,63,141,0.55
NhS,48,37,85,0.56
Nhb,52,49,101,0.51
Nhh,37,47,84,0.44
Nhl,28,19,47,0.6
Nhm,51,39,90,0.57
Nhn,71,63,134,0.53
Nhs,43,38,81,0.53
Nht,9,8,17,0.53
NlB,44,52,96,0.46
NlD,7,7,14,0.5
NlH,56,48,104,0.54
NlI,3,5,8,0.38
NlJ,20,22,42,0.48
NlK,3,7,10,0.3
NlL,23,27,50,0.46
NlM,83,78,161,0.52
NlN,90,92,182,0.49
NlP,106,86,192,0.55
NlS,50,48,98,0.51
Nlb,67,72,139,0.48
Nll,39,24,63,0.62
Nlm,48,50,98,0.49
Nln,79,72,151,0.52
Nls,35,44,79,0.44
NmB,77,84,161,0.48
NmD,10,10,20,0.5
NmH,103,116,219,0.47
NmI,11,14,25,0.44
NmJ,29,32,61,0.48
NmK,1,0,1,1.0
NmL,43,42,85,0.51
NmM,98,150,248,0.4
NmN,165,153,318,0.52
NmP,190,148,338,0.56
NmS,76,90,166,0.46
Nmb,111,95,206,0.54
Nml,42,40,82,0.51
Nmm,92,76,168,0.55
Nmn,147,135,282,0.52
Nms,53,49,102,0.52
NnB,138,123,261,0.53
NnD,12,10,22,0.55
NnH,140,133,273,0.51
NnI,28,24,52,0.54
NnK,10,28,38,0.26
NnL,86,78,164,0.52
NnM,222,223,445,0.5
NnN,352,289,641,0.55
NnP,346,391,737,0.47
NnS,161,157,318,0.51
Nnb,224,203,427,0.52
Nnh,9,3,12,0.75
Nnl,99,83,182,0.54
Nnm,162,150,312,0.52
Nnn,281,279,560,0.5
Nns,145,122,267,0.54
Nnt,0,1,1,0.0
NsB,52,42,94,0.55
NsD,7,8,15,0.47
NsH,92,87,179,0.51
NsI,17,9,26,0.65
NsK,3,4,7,0.43
NsL,24,54,78,0.31
NsM,100,90,190,0.53
NsN,111,98,209,0.53
NsP,120,139,259,0.46
NsS,100,82,182,0.55
Nsb,93,77,170,0.55
Nsh,3,1,4,0.75
Nsl,52,46,98,0.53
Nsm,71,71,142,0.5
Nsn,112,100,212,0.53
Nss,81,80,161,0.5
NtB,24,18,42,0.57
NtD,1,5,6,0.17
NtH,14,22,36,0.39
NtI,1,0,1,1.0
NtK,4,1,5,0.8
NtL,15,16,31,0.48
NtM,41,26,67,0.61
NtN,52,31,83,0.63
NtP,49,61,110,0.45
NtS,29,27,56,0.52
Ntb,32,30,62,0.52
Ntl,15,17,32,0.47
Ntm,27,24,51,0.53
Ntn,40,41,81,0.49
Nts,14,18,32,0.44
Ntt,7,9,16,0.44
PBB,120,150,270,0.44
PBD,6,5,11,0.55
PBH,2,1,3,0.67
PBK,7,11,18,0.39
PBL,51,61,112,0.46
PBM,150,141,291,0.52
PBN,148,125,273,0.54
PBP,183,190,373,0.49
PBS,71,75,146,0.49
PBb,149,137,286,0.52
PBh,20,18,38,0.53
PBj,46,40,86,0.53
PBl,75,65,140,0.54
PBm,128,117,245,0.52
PBn,165,185,350,0.47
PBs,77,54,131,0.59
PBt,37,26,63,0.59
PDB,5,4,9,0.56
PDD,0,1,1,0.0
PDH,12,7,19,0.63
PDI,1,2,3,0.33
PDL,3,7,10,0.3
PDM,14,20,34,0.41
PDN,4,7,11,0.36
PDP,19,14,33,0.58
PDS,7,10,17,0.41
PDb,13,12,25,0.52
PDh,0,1,1,0.0
PDl,4,9,13,0.31
PDm,13,14,27,0.48
PDn,12,9,21,0.57
PDs,7,20,27,0.26
PDt,2,0,2,1.0
PHB,41,43,84,0.49
PHD,6,9,15,0.4
PHH,10,11,21,0.48
PHI,5,6,11,0.45
PHK,7,9,16,0.44
PHL,26,33,59,0.44
PHM,57,70,127,0.45
PHN,71,66,137,0.52
PHP,79,92,171,0.46
PHS,43,48,91,0.47
PHb,47,40,87,0.54
PHh,12,17,29,0.41
PHl,39,31,70,0.56
PHm,42,42,84,0.5
PHn,66,61,127,0.52
PHs,47,33,80,0.59
PHt,1,3,4,0.25
PIB,10,13,23,0.43
PID,0,1,1,0.0
PIH,9,10,19,0.47
PII,2,0,2,1.0
PIL,14,5,19,0.74
PIM,12,10,22,0.55
PIN,16,10,26,0.62
PIP,24,19,43,0.56
PIS,7,7,14,0.5
PIb,10,15,25,0.4
PIl,8,5,13,0.62
PIm,13,6,19,0.68
PIn,11,7,18,0.61
PIs,7,5,12,0.58
PKB,15,15,30,0.5
PKD,1,2,3,0.33
PKH,1,1,2,0.5
PKI,1,1,2,0.5
PKK,0,1,1,0.0
PKL,11,10,21,0.52
PKM,24,20,44,0.55
PKN,12,11,23,0.52
PKP,27,28,55,0.49
PKS,13,16,29,0.45
PKb,19,12,31,0.61
PKh,9,13,22,0.41
PKl,18,13,31,0.58
PKm,21,22,43,0.49
PKn,13,28,41,0.32
PKs,13,12,25,0.52
PKt,1,2,3,0.33
PLB,67,65,132,0.51
PLD,4,0,4,1.0
PLH,3,2,5,0.6
PLK,6,7,13,0.46
PLL,29,35,64,0.45
PLM,85,94,179,0.47
PLN,74,69,143,0.52
PLP,111,96,207,0.54
PLS,49,51,100,0.49
PLb,91,82,173,0.53
PLh,25,40,65,0.38
PLj,24,24,48,0.5
PLl,60,57,117,0.51
PLm,88,80,168,0.52
PLn,111,125,236,0.47
PLs,46,55,101,0.46
PLt,16,18,34,0.47
PMB,176,179,355,0.5
PMD,10,9,19,0.53
PMH,0,1,1,0.0
PMK,0,3,3,0.0
PML,67,83,150,0.45
PMM,238,246,484,0.49
PMN,172,184,356,0.48
PMP,264,252,516,0.51
PMS,101,114,215,0.47
PMb,203,215,418,0.49
PMh,137,177,314,0.44
PMj,52,64,116,0.45
PMl,105,115,220,0.48
PMm,195,150,345,0.57
PMn,291,273,564,0.52
PMs,119,128,247,0.48
PMt,39,35,74,0.53
PNB,142,135,277,0.51
PND,10,19,29,0.34
PNH,27,30,57,0.47
PNK,15,14,29,0.52
PNL,79,88,167,0.47
PNM,207,237,444,0.47
PNN,202,229,431,0.47
PNP,322,341,663,0.49
PNS,138,136,274,0.5
PNb,200,192,392,0.51
PNh,74,80,154,0.48
PNl,133,109,242,0.55
PNm,169,158,327,0.52
PNn,278,286,564,0.49
PNs,149,139,288,0.52
PNt,50,45,95,0.53
PPB,211,198,409,0.52
PPD,18,19,37,0.49
PPH,92,79,171,0.54
PPI,16,18,34,0.47
PPK,35,36,71,0.49
PPL,155,172,327,0.47
PPM,329,353,682,0.48
PPN,319,237,556,0.57
PPP,415,402,817,0.51
PPS,153,197,350,0.44
PPb,309,295,604,0.51
PPh,30,44,74,0.41
PPl,224,214,438,0.51
PPm,271,247,518,0.52
PPn,279,276,555,0.5
PPs,173,183,356,0.49
PPt,49,35,84,0.58
PSB,80,88,168,0.48
PSD,8,9,17,0.47
PSH,37,34,71,0.52
PSI,0,3,3,0.0
PSK,6,6,12,0.5
PSL,40,57,97,0.41
PSM,137,149,286,0.48
PSN,90,104,194,0.46
PSP,183,188,371,0.49
PSS,90,122,212,0.42
PSb,121,106,227,0.53
PSh,76,82,158,0.48
PSl,81,76,157,0.52
PSm,120,93,213,0.56
PSn,163,167,330,0.49
PSs,91,98,189,0.48
PSt,14,26,40,0.35
PbB,145,192,337,0.43
PbD,15,11,26,0.58
PbH,55,57,112,0.49
PbI,17,9,26,0.65
PbJ,49,42,91,0.54
PbK,13,19,32,0.41
PbL,83,78,161,0.52
PbM,232,205,437,0.53
PbN,259,217,476,0.54
PbP,268,254,522,0.51
PbS,106,108,214,0.5
Pbb,220,199,419,0.53
Pbl,107,100,207,0.52
Pbm,169,145,314,0.54
Pbn,188,209,397,0.47
Pbs,104,91,195,0.53
PhB,11,22,33,0.33
PhD,0,2,2,0.0
PhH,4,7,11,0.36
PhL,8,9,17,0.47
PhM,19,24,43,0.44
PhN,14,16,30,0.47
PhP,26,39,65,0.4
PhS,20,22,42,0.48
Phb,21,9,30,0.7
Phh,18,19,37,0.49
Phl,10,18,28,0.36
Phm,19,19,38,0.5
Phn,20,25,45,0.44
Phs,21,18,39,0.54
Pht,5,5,10,0.5
PlB,67,71,138,0.49
PlD,11,5,16,0.69
PlH,75,68,143,0.52
PlI,7,6,13,0.54
PlJ,36,35,71,0.51
PlK,3,3,6,0.5
PlL,59,66,125,0.47
PlM,110,115,225,0.49
PlN,127,126,253,0.5
PlP,150,152,302,0.5
PlS,70,58,128,0.55
Plb,124,117,241,0.51
Pll,64,60,124,0.52
Plm,126,75,201,0.63
Pln,88,91,179,0.49
Pls,55,53,108,0.51
PmB,126,139,265,0.48
PmD,13,15,28,0.46
PmH,114,118,232,0.49
PmI,11,8,19,0.58
PmJ,36,42,78,0.46
PmK,1,1,2,0.5
PmL,75,70,145,0.52
PmM,173,196,369,0.47
PmN,178,175,353,0.5
PmP,202,218,420,0.48
PmS,106,106,212,0.5
Pmb,161,154,315,0.51
Pml,81,75,156,0.52
Pmm,128,123,251,0.51
Pmn,127,174,301,0.42
Pms,71,87,158,0.45
PnB,159,156,315,0.5
PnD,21,17,38,0.55
PnH,105,104,209,0.5
PnI,24,25,49,0.49
PnK,9,16,25,0.36
PnL,84,72,156,0.54
PnM,231,199,430,0.54
PnN,254,249,503,0.5
PnP,313,286,599,0.52
PnS,142,159,301,0.47
Pnb,201,183,384,0.52
Pnh,12,8,20,0.6
Pnl,114,118,232,0.49
Pnm,186,166,352,0.53
Pnn,186,227,413,0.45
Pns,151,122,273,0.55
Pnt,1,0,1,1.0
PsB,67,70,137,0.49
PsD,13,7,20,0.65
PsH,99,98,197,0.5
PsI,20,15,35,0.57
PsK,3,4,7,0.43
PsL,59,51,110,0.54
PsM,124,116,240,0.52
PsN,127,111,238,0.53
PsP,152,172,324,0.47
PsS,106,118,224,0.47
Psb,118,105,223,0.53
Psh,2,4,6,0.33
Psl,78,59,137,0.57
Psm,126,112,238,0.53
Psn,103,111,214,0.48
Pss,86,84,170,0.51
Pst,0,2,2,0.0
PtB,20,14,34,0.59
PtD,1,2,3,0.33
PtH,15,15,30,0.5
PtK,1,2,3,0.33
PtL,7,11,18,0.39
PtM,27,33,60,0.45
PtN,19,21,40,0.48
PtP,36,35,71,0.51
PtS,22,22,44,0.5
Ptb,18,29,47,0.38
Pth,1,1,2,0.5
Ptl,12,15,27,0.44
Ptm,12,19,31,0.39
Ptn,23,28,51,0.45
Pts,16,20,36,0.44
Ptt,10,4,14,0.71
SBB,52,45,97,0.54
SBD,5,1,6,0.83
SBH,1,0,1,1.0
SBK,5,3,8,0.62
SBL,20,16,36,0.56
SBM,50,55,105,0.48
SBN,76,57,133,0.57
SBP,83,72,155,0.54
SBS,36,42,78,0.46
SBb,77,52,129,0.6
SBh,8,14,22,0.36
SBj,18,25,43,0.42
SBl,35,23,58,0.6
SBm,60,37,97,0.62
SBn,93,75,168,0.55
SBs,37,27,64,0.58
SBt,9,7,16,0.56
SDB,6,8,14,0.43
SDD,3,1,4,0.75
SDH,5,4,9,0.56
SDI,1,2,3,0.33
SDL,0,4,4,0.0
SDM,4,5,9,0.44
SDN,4,5,9,0.44
SDP,12,8,20,0.6
SDS,11,6,17,0.65
SDb,4,8,12,0.33
SDl,2,3,5,0.4
SDm,4,6,10,0.4
SDn,13,10,23,0.57
SDs,4,5,9,0.44
SDt,0,0,0,
SHB,19,15,34,0.56
SHD,2,2,4,0.5
SHH,5,5,10,0.5
SHI,3,1,4,0.75
SHK,3,1,4,0.75
SHL,12,12,24,0.5
SHM,28,36,64,0.44
SHN,31,28,59,0.53
SHP,37,32,69,0.54
SHS,32,31,63,0.51
SHb,26,23,49,0.53
SHh,11,10,21,0.52
SHl,14,11,25,0.56
SHm,21,21,42,0.5
SHn,30,37,67,0.45
SHs,24,25,49,0.49
SHt,1,0,1,1.0
SIB,0,1,1,0.0
SIH,0,0,0,
SIM,1,0,1,1.0
SIP,0,0,0,
SIS,0,1,1,0.0
SIb,0,1,1,0.0
SIm,0,1,1,0.0
SIn,1,1,2,0.5
SIs,1,0,1,1.0
SKB,2,4,6,0.33
SKH,1,0,1,1.0
SKI,1,0,1,1.0
SKL,1,2,3,0.33
SKM,0,1,1,0.0
SKN,4,4,8,0.5
SKP,4,2,6,0.67
SKS,4,4,8,0.5
SKb,2,1,3,0.67
SKh,3,0,3,1.0
SKl,1,2,3,0.33
SKm,0,6,6,0.0
SKn,4,6,10,0.4
SKs,1,0,1,1.0
SKt,1,0,1,1.0
SLB,26,29,55,0.47
SLD,1,3,4,0.25
SLK,1,5,6,0.17
SLL,8,12,20,0.4
SLM,26,26,52,0.5
SLN,27,26,53,0.51
SLP,39,44,83,0.47
SLS,21,17,38,0.55
SLb,40,28,68,0.59
SLh,15,7,22,0.68
SLj,8,4,12,0.67
SLl,21,19,40,0.52
SLm,35,29,64,0.55
SLn,40,41,81,0.49
SLs,26,25,51,0.51
SLt,6,3,9,0.67
SMB,73,77,150,0.49
SMD,5,2,7,0.71
SMH,1,0,1,1.0
SMK,0,2,2,0.0
SML,31,39,70,0.44
SMM,97,102,199,0.49
SMN,87,58,145,0.6
SMP,130,101,231,0.56
SMS,50,39,89,0.56
SMb,107,107,214,0.5
SMh,76,80,156,0.49
SMj,36,23,59,0.61
SMl,44,47,91,0.48
SMm,81,67,148,0.55
SMn,126,127,253,0.5
SMs,47,55,102,0.46
SMt,13,21,34,0.38
SNB,46,49,95,0.48
SND,7,7,14,0.5
SNH,15,16,31,0.48
SNI,1,0,1,1.0
SNK,8,9,17,0.47
SNL,27,26,53,0.51
SNM,98,89,187,0.52
SNN,94,89,183,0.51
SNP,135,136,271,0.5
SNS,61,62,123,0.5
SNb,70,77,147,0.48
SNh,22,26,48,0.46
SNl,35,31,66,0.53
SNm,74,59,133,0.56
SNn,114,136,250,0.46
SNs,52,43,95,0.55
SNt,13,17,30,0.43
SPB,88,90,178,0.49
SPD,11,7,18,0.61
SPH,28,44,72,0.39
SPI,11,9,20,0.55
SPK,12,21,33,0.36
SPL,58,62,120,0.48
SPM,133,151,284,0.47
SPN,130,147,277,0.47
SPP,168,153,321,0.52
SPS,101,103,204,0.5
SPb,114,120,234,0.49
SPh,17,11,28,0.61
SPl,85,62,147,0.58
SPm,107,99,206,0.52
SPn,122,127,249,0.49
SPs,90,108,198,0.45
SPt,15,17,32,0.47
SSB,36,52,88,0.41
SSD,5,4,9,0.56
SSH,18,25,43,0.42
SSI,1,0,1,1.0
SSK,1,3,4,0.25
SSL,26,31,57,0.46
SSM,82,72,154,0.53
SSN,73,54,127,0.57
SSP,94,107,201,0.47
SSS,87,98,185,0.47
SSb,61,57,118,0.52
SSh,56,46,102,0.55
SSl,47,37,84,0.56
SSm,66,62,128,0.52
SSn,79,96,175,0.45
SSs,91,94,185,0.49
SSt,15,11,26,0.58
SbB,57,58,115,0.5
SbD,8,14,22,0.36
SbH,26,30,56,0.46
SbI,7,1,8,0.88
SbJ,19,18,37,0.51
SbK,6,7,13,0.46
SbL,21,37,58,0.36
SbM,76,68,144,0.53
SbN,115,96,211,0.55
SbP,102,92,194,0.53
SbS,51,50,101,0.5
Sbb,101,86,187,0.54
Sbl,32,42,74,0.43
Sbm,57,42,99,0.58
Sbn,91,107,198,0.46
Sbs,60,38,98,0.61
ShB,33,34,67,0.49
ShD,8,5,13,0.62
ShH,7,15,22,0.32
ShI,6,3,9,0.67
ShK,1,1,2,0.5
ShL,15,18,33,0.45
ShM,61,65,126,0.48
ShN,46,60,106,0.43
ShP,73,59,132,0.55
ShS,55,53,108,0.51
Shb,46,56,102,0.45
Shh,54,42,96,0.56
Shl,26,14,40,0.65
Shm,46,39,85,0.54
Shn,65,81,146,0.45
Shs,39,47,86,0.45
Sht,10,7,17,0.59
SlB,32,25,57,0.56
SlD,4,0,4,1.0
SlH,28,36,64,0.44
SlI,0,1,1,0.0
SlJ,17,11,28,0.61
SlK,3,1,4,0.75
SlL,16,20,36,0.44
SlM,38,58,96,0.4
SlN,55,53,108,0.51
SlP,57,69,126,0.45
SlS,44,41,85,0.52
Slb,36,49,85,0.42
Slh,0,0,0,
Sll,19,20,39,0.49
Slm,44,31,75,0.59
Sln,32,38,70,0.46
Sls,23,32,55,0.42
SmB,51,37,88,0.58
SmD,5,7,12,0.42
SmH,60,62,122,0.49
SmI,8,5,13,0.62
SmJ,22,10,32,0.69
SmL,23,28,51,0.45
SmM,74,71,145,0.51
SmN,81,77,158,0.51
SmP,88,99,187,0.47
SmS,59,62,121,0.49
Smb,86,91,177,0.49
Sml,30,31,61,0.49
Smm,46,39,85,0.54
Smn,78,80,158,0.49
Sms,48,34,82,0.59
SnB,66,64,130,0.51
SnD,10,10,20,0.5
SnH,69,70,139,0.5
SnI,15,17,32,0.47
SnK,10,6,16,0.62
SnL,32,42,74,0.43
SnM,98,105,203,0.48
SnN,150,163,313,0.48
SnP,193,168,361,0.53
SnS,88,96,184,0.48
Snb,119,110,229,0.52
Snh,2,3,5,0.4
Snl,38,39,77,0.49
Snm,97,103,200,0.48
Snn,139,135,274,0.51
Sns,78,80,158,0.49
Snt,0,1,1,0.0
SsB,37,32,69,0.54
SsD,10,8,18,0.56
SsH,79,84,163,0.48
SsI,11,6,17,0.65
SsK,3,6,9,0.33
SsL,21,32,53,0.4
SsM,75,82,157,0.48
SsN,77,86,163,0.47
SsP,85,108,193,0.44
SsS,107,103,210,0.51
Ssb,64,74,138,0.46
Ssh,0,3,3,0.0
Ssl,40,34,74,0.54
Ssm,67,58,125,0.54
Ssn,71,73,144,0.49
Sss,59,75,134,0.44
Sst,3,1,4,0.75
StB,9,11,20,0.45
StD,1,2,3,0.33
StH,14,17,31,0.45
StK,1,0,1,1.0
StL,5,6,11,0.45
StM,10,23,33,0.3
StN,10,19,29,0.34
StP,27,30,57,0.47
StS,15,20,35,0.43
Stb,12,20,32,0.38
Stl,10,10,20,0.5
Stm,15,14,29,0.52
Stn,22,18,40,0.55
Sts,17,16,33,0.52
Stt,5,6,11,0.45
bBB,101,84,185,0.55
bBD,6,6,12,0.5
bBH,0,2,2,0.0
bBK,1,10,11,0.09
bBL,38,30,68,0.56
bBM,94,116,210,0.45
bBN,110,126,236,0.47
bBP,133,134,267,0.5
bBS,48,78,126,0.38
bBb,124,131,255,0.49
bBh,17,28,45,0.38
bBj,37,40,77,0.48
bBl,54,44,98,0.55
bBm,86,86,172,0.5
bBn,174,169,343,0.51
bBs,46,53,99,0.46
bBt,23,19,42,0.55
bDB,11,5,16,0.69
bDD,0,1,1,0.0
bDH,12,5,17,0.71
bDI,1,1,2,0.5
bDL,6,6,12,0.5
bDM,9,6,15,0.6
bDN,9,8,17,0.53
bDP,19,17,36,0.53
bDS,4,8,12,0.33
bDb,7,9,16,0.44
bDh,0,0,0,
bDl,6,6,12,0.5
bDm,10,8,18,0.56
bDn,5,7,12,0.42
bDs,8,8,16,0.5
bDt,1,2,3,0.33
bHB,28,30,58,0.48
bHD,1,4,5,0.2
bHH,8,12,20,0.4
bHI,4,2,6,0.67
bHK,3,7,10,0.3
bHL,23,16,39,0.59
bHM,39,59,98,0.4
bHN,57,50,107,0.53
bHP,76,64,140,0.54
bHS,32,25,57,0.56
bHb,47,45,92,0.51
bHh,10,12,22,0.45
bHl,27,17,44,0.61
bHm,42,29,71,0.59
bHn,53,65,118,0.45
bHs,17,31,48,0.35
bHt,3,0,3,1.0
bIB,7,12,19,0.37
bID,0,2,2,0.0
bIH,7,13,20,0.35
bII,1,1,2,0.5
bIL,6,5,11,0.55
bIM,10,15,25,0.4
bIN,11,16,27,0.41
bIP,11,15,26,0.42
bIS,8,10,18,0.44
bIb,14,10,24,0.58
bIl,3,4,7,0.43
bIm,12,5,17,0.71
bIn,11,11,22,0.5
bIs,4,5,9,0.44
bIt,1,1,2,0.5
bJB,33,31,64,0.52
bJD,1,0,1,1.0
bJH,16,17,33,0.48
bJI,1,1,2,0.5
bJK,1,0,1,1.0
bJL,16,17,33,0.48
bJM,32,51,83,0.39
bJN,34,35,69,0.49
bJP,49,55,104,0.47
bJS,25,19,44,0.57
bJb,37,39,76,0.49
bJh,6,4,10,0.6
bJl,16,16,32,0.5
bJm,28,24,52,0.54
bJn,38,26,64,0.59
bJs,21,23,44,0.48
bJt,3,2,5,0.6
bKB,7,6,13,0.54
bKD,0,0,0,
bKH,0,3,3,0.0
bKL,11,9,20,0.55
bKM,10,16,26,0.38
bKN,16,13,29,0.55
bKP,14,10,24,0.58
bKS,6,8,14,0.43
bKb,18,9,27,0.67
bKh,10,11,21,0.48
bKl,6,7,13,0.46
bKm,12,10,22,0.55
bKn,14,11,25,0.56
bKs,14,6,20,0.7
bKt,1,1,2,0.5
bLB,30,42,72,0.42
bLD,3,2,5,0.6
bLH,1,0,1,1.0
bLK,2,2,4,0.5
bLL,18,20,38,0.47
bLM,63,48,111,0.57
bLN,55,48,103,0.53
bLP,59,68,127,0.46
bLS,31,26,57,0.54
bLb,51,54,105,0.49
bLh,23,22,45,0.51
bLj,16,10,26,0.62
bLl,23,36,59,0.39
bLm,45,39,84,0.54
bLn,68,47,115,0.59
bLs,26,35,61,0.43
bLt,7,7,14,0.5
bMB,79,117,196,0.4
bMD,14,6,20,0.7
bMH,2,0,2,1.0
bMK,0,0,0,
bML,44,48,92,0.48
bMM,131,163,294,0.45
bMN,133,149,282,0.47
bMP,158,185,343,0.46
bMS,73,73,146,0.5
bMb,146,136,282,0.52
bMh,121,132,253,0.48
bMj,42,35,77,0.55
bMl,63,70,133,0.47
bMm,123,90,213,0.58
bMn,216,203,419,0.52
bMs,80,87,167,0.48
bMt,16,22,38,0.42
bNB,158,123,281,0.56
bND,17,13,30,0.57
bNH,37,37,74,0.5
bNK,8,10,18,0.44
bNL,56,80,136,0.41
bNM,206,220,426,0.48
bNN,199,203,402,0.5
bNP,302,275,577,0.52
bNS,116,127,243,0.48
bNb,179,159,338,0.53
bNh,75,67,142,0.53
bNl,72,66,138,0.52
bNm,162,139,301,0.54
bNn,244,248,492,0.5
bNs,104,100,204,0.51
bNt,43,40,83,0.52
bPB,135,162,297,0.45
bPD,13,12,25,0.52
bPH,46,60,106,0.43
bPI,15,10,25,0.6
bPK,12,14,26,0.46
bPL,73,91,164,0.45
bPM,217,207,424,0.51
bPN,188,209,397,0.47
bPP,278,281,559,0.5
bPS,104,93,197,0.53
bPb,199,178,377,0.53
bPh,29,20,49,0.59
bPl,106,97,203,0.52
bPm,145,121,266,0.55
bPn,167,194,361,0.46
bPs,101,106,207,0.49
bPt,19,18,37,0.51
bSB,48,62,110,0.44
bSD,6,5,11,0.55
bSH,32,26,58,0.55
bSI,1,1,2,0.5
bSL,31,28,59,0.53
bSM,63,80,143,0.44
bSN,70,66,136,0.51
bSP,110,97,207,0.53
bSS,57,51,108,0.53
bSb,52,73,125,0.42
bSh,33,61,94,0.35
bSl,33,26,59,0.56
bSm,52,67,119,0.44
bSn,79,101,180,0.44
bSs,54,56,110,0.49
bSt,15,18,33,0.45
bbB,130,153,283,0.46
bbD,10,7,17,0.59
bbH,44,50,94,0.47
bbI,13,10,23,0.57
bbJ,42,39,81,0.52
bbK,12,13,25,0.48
bbL,55,50,105,0.52
bbM,154,178,332,0.46
bbN,209,163,372,0.56
bbP,195,197,392,0.5
bbS,71,53,124,0.57
bbb,178,172,350,0.51
bbl,66,51,117,0.56
bbm,94,78,172,0.55
bbn,175,162,337,0.52
bbs,65,56,121,0.54
bhb,0,1,1,0.0
blB,50,53,103,0.49
blD,8,0,8,1.0
blH,37,35,72,0.51
blI,7,5,12,0.58
blJ,16,10,26,0.62
blK,5,3,8,0.62
blL,25,21,46,0.54
blM,52,70,122,0.43
blN,80,72,152,0.53
blP,89,75,164,0.54
blS,40,35,75,0.53
blb,64,80,144,0.44
blh,0,1,1,0.0
bll,23,17,40,0.57
blm,49,36,85,0.58
bln,63,62,125,0.5
bls,35,24,59,0.59
bmB,85,80,165,0.52
bmD,6,5,11,0.55
bmH,79,68,147,0.54
bmI,10,6,16,0.62
bmJ,26,25,51,0.51
bmK,0,1,1,0.0
bmL,41,45,86,0.48
bmM,119,116,235,0.51
bmN,133,120,253,0.53
bmP,133,125,258,0.52
bmS,54,62,116,0.47
bmb,121,92,213,0.57
bml,30,23,53,0.57
bmm,77,54,131,0.59
bmn,127,105,232,0.55
bms,32,40,72,0.44
bnB,102,101,203,0.5
bnD,11,8,19,0.58
bnH,92,72,164,0.56
bnI,12,14,26,0.46
bnK,10,9,19,0.53
bnL,56,55,111,0.5
bnM,151,160,311,0.49
bnN,232,218,450,0.52
bnP,249,233,482,0.52
bnS,92,88,180,0.51
bnb,172,154,326,0.53
bnh,5,8,13,0.38
bnl,59,47,106,0.56
bnm,121,94,215,0.56
bnn,177,179,356,0.5
bns,91,73,164,0.55
bnt,1,0,1,1.0
bsB,37,41,78,0.47
bsD,7,6,13,0.54
bsH,76,71,147,0.52
bsI,8,7,15,0.53
bsK,0,4,4,0.0
bsL,29,24,53,0.55
bsM,72,70,142,0.51
bsN,88,71,159,0.55
bsP,113,90,203,0.56
bsS,56,58,114,0.49
bsb,51,77,128,0.4
bsh,3,3,6,0.5
bsl,31,23,54,0.57
bsm,68,34,102,0.67
bsn,62,60,122,0.51
bss,42,41,83,0.51
hBB,18,20,38,0.47
hBD,2,2,4,0.5
hBK,4,1,5,0.8
hBL,8,8,16,0.5
hBM,25,26,51,0.49
hBN,29,24,53,0.55
hBP,23,23,46,0.5
hBS,10,10,20,0.5
hBb,33,23,56,0.59
hBh,1,6,7,0.14
hBj,7,13,20,0.35
hBl,16,14,30,0.53
hBm,22,17,39,0.56
hBn,27,33,60,0.45
hBs,12,9,21,0.57
hBt,4,0,4,1.0
hDB,4,2,6,0.67
hDH,3,0,3,1.0
hDL,0,0,0,
hDM,1,2,3,0.33
hDN,4,4,8,0.5
hDP,1,3,4,0.25
hDS,0,0,0,
hDb,1,2,3,0.33
hDl,4,0,4,1.0
hDm,2,0,2,1.0
hDn,0,3,3,0.0
hDs,5,4,9,0.56
hHB,6,6,12,0.5
hHD,0,0,0,
hHH,0,2,2,0.0
hHI,1,0,1,1.0
hHK,0,1,1,0.0
hHL,4,2,6,0.67
hHM,9,7,16,0.56
hHN,9,5,14,0.64
hHP,7,11,18,0.39
hHS,4,7,11,0.36
hHb,5,2,7,0.71
hHh,1,1,2,0.5
hHl,5,1,6,0.83
hHm,3,4,7,0.43
hHn,10,11,21,0.48
hHs,5,4,9,0.56
hIH,2,3,5,0.4
hIL,0,1,1,0.0
hIM,2,0,2,1.0
hIN,3,1,4,0.75
hIP,1,0,1,1.0
hIS,3,0,3,1.0
hIb,0,1,1,0.0
hIl,0,1,1,0.0
hIm,0,1,1,0.0
hIn,1,1,2,0.5
hIs,1,1,2,0.5
hIt,1,0,1,1.0
hKM,1,1,2,0.5
hKN,0,1,1,0.0
hKP,2,0,2,1.0
hKS,0,1,1,0.0
hKb,1,1,2,0.5
hKh,0,0,0,
hKl,1,0,1,1.0
hKn,0,1,1,0.0
hLB,12,4,16,0.75
hLD,0,1,1,0.0
hLK,2,1,3,0.67
hLL,4,7,11,0.36
hLM,11,13,24,0.46
hLN,10,5,15,0.67
hLP,23,16,39,0.59
hLS,3,4,7,0.43
hLb,8,11,19,0.42
hLh,8,6,14,0.57
hLj,3,3,6,0.5
hLl,4,3,7,0.57
hLm,10,7,17,0.59
hLn,13,16,29,0.45
hLs,13,5,18,0.72
hLt,2,2,4,0.5
hMB,20,27,47,0.43
hMD,0,0,0,
hMK,1,0,1,1.0
hML,11,9,20,0.55
hMM,40,39,79,0.51
hMN,29,29,58,0.5
hMP,36,35,71,0.51
hMS,21,14,35,0.6
hMb,30,39,69,0.43
hMh,30,26,56,0.54
hMj,9,6,15,0.6
hMl,17,12,29,0.59
hMm,23,26,49,0.47
hMn,41,46,87,0.47
hMs,20,23,43,0.47
hMt,6,3,9,0.67
hNB,23,22,45,0.51
hND,0,1,1,0.0
hNH,4,5,9,0.44
hNK,2,6,8,0.25
hNL,9,11,20,0.45
hNM,23,33,56,0.41
hNN,34,34,68,0.5
hNP,47,38,85,0.55
hNS,16,23,39,0.41
hNb,30,28,58,0.52
hNh,11,11,22,0.5
hNl,14,9,23,0.61
hNm,32,31,63,0.51
hNn,48,40,88,0.55
hNs,21,22,43,0.49
hNt,5,5,10,0.5
hPB,30,35,65,0.46
hPD,1,0,1,1.0
hPH,10,14,24,0.42
hPI,1,3,4,0.25
hPK,1,6,7,0.14
hPL,19,11,30,0.63
hPM,36,44,80,0.45
hPN,52,47,99,0.53
hPP,58,75,133,0.44
hPS,35,43,78,0.45
hPb,40,43,83,0.48
hPh,9,6,15,0.6
hPl,18,29,47,0.38
hPm,24,29,53,0.45
hPn,45,47,92,0.49
hPs,21,32,53,0.4
hPt,6,5,11,0.55
hSB,26,18,44,0.59
hSD,1,0,1,1.0
hSH,6,9,15,0.4
hSI,1,0,1,1.0
hSK,2,1,3,0.67
hSL,7,10,17,0.41
hSM,22,19,41,0.54
hSN,24,23,47,0.51
hSP,22,40,62,0.35
hSS,22,37,59,0.37
hSb,14,19,33,0.42
hSh,22,15,37,0.59
hSl,17,17,34,0.5
hSm,22,16,38,0.58
hSn,26,28,54,0.48
hSs,17,18,35,0.49
hSt,5,11,16,0.31
hbB,23,18,41,0.56
hbD,3,3,6,0.5
hbH,12,11,23,0.52
hbI,2,1,3,0.67
hbJ,5,8,13,0.38
hbK,4,3,7,0.57
hbL,10,10,20,0.5
hbM,42,26,68,0.62
hbN,41,38,79,0.52
hbP,29,41,70,0.41
hbS,17,27,44,0.39
hbb,25,37,62,0.4
hbl,17,13,30,0.57
hbm,31,18,49,0.63
hbn,37,37,74,0.5
hbs,22,13,35,0.63
hhB,20,19,39,0.51
hhD,2,1,3,0.67
hhH,9,4,13,0.69
hhI,0,1,1,0.0
hhK,0,1,1,0.0
hhL,8,12,20,0.4
hhM,15,30,45,0.33
hhN,21,20,41,0.51
hhP,44,22,66,0.67
hhS,22,19,41,0.54
hhb,23,22,45,0.51
hhh,23,21,44,0.52
hhl,14,16,30,0.47
hhm,27,18,45,0.6
hhn,22,24,46,0.48
hhs,23,16,39,0.59
hht,4,6,10,0.4
hlB,7,9,16,0.44
hlH,18,20,38,0.47
hlJ,10,3,13,0.77
hlL,7,6,13,0.54
hlM,25,20,45,0.56
hlN,10,18,28,0.36
hlP,27,17,44,0.61
hlS,17,14,31,0.55
hlb,10,14,24,0.42
hll,8,11,19,0.42
hlm,19,5,24,0.79
hln,9,16,25,0.36
hls,11,5,16,0.69
hmB,16,21,37,0.43
hmD,5,4,9,0.56
hmH,17,28,45,0.38
hmI,2,5,7,0.29
hmJ,4,8,12,0.33
hmK,1,0,1,1.0
hmL,9,13,22,0.41
hmM,24,36,60,0.4
hmN,33,26,59,0.56
hmP,25,23,48,0.52
hmS,28,19,47,0.6
hmb,27,18,45,0.6
hml,10,7,17,0.59
hmm,26,18,44,0.59
hmn,39,18,57,0.68
hms,10,17,27,0.37
hnB,25,24,49,0.51
hnD,4,2,6,0.67
hnH,19,22,41,0.46
hnI,6,4,10,0.6
hnK,3,4,7,0.43
hnL,15,16,31,0.48
hnM,36,30,66,0.55
hnN,52,50,102,0.51
hnP,64,58,122,0.52
hnS,27,40,67,0.4
hnb,32,33,65,0.49
hnh,1,1,2,0.5
hnl,21,11,32,0.66
hnm,32,30,62,0.52
hnn,40,40,80,0.5
hns,25,25,50,0.5
hsB,16,11,27,0.59
hsD,1,2,3,0.33
hsH,22,31,53,0.42
hsI,3,0,3,1.0
hsK,3,1,4,0.75
hsL,13,13,26,0.5
hsM,22,24,46,0.48
hsN,24,21,45,0.53
hsP,32,40,72,0.44
hsS,25,22,47,0.53
hsb,26,17,43,0.6
hsh,2,1,3,0.67
hsl,13,8,21,0.62
hsm,27,23,50,0.54
hsn,29,23,52,0.56
hss,23,21,44,0.52
hst,1,0,1,1.0
htB,3,3,6,0.5
htD,0,1,1,0.0
htH,3,0,3,1.0
htK,1,1,2,0.5
htL,1,2,3,0.33
htM,5,3,8,0.62
htN,7,6,13,0.54
htP,4,7,11,0.36
htS,4,2,6,0.67
htb,3,6,9,0.33
htl,5,5,10,0.5
htm,1,1,2,0.5
htn,3,5,8,0.38
hts,3,3,6,0.5
htt,1,0,1,1.0
jBB,2,5,7,0.29
jBD,0,1,1,0.0
jBK,0,1,1,0.0
jBL,1,6,7,0.14
jBM,9,10,19,0.47
jBN,12,7,19,0.63
jBP,8,7,15,0.53
jBS,1,8,9,0.11
jBb,9,5,14,0.64
jBh,1,3,4,0.25
jBj,2,2,4,0.5
jBl,8,2,10,0.8
jBm,3,7,10,0.3
jBn,6,8,14,0.43
jBs,2,1,3,0.67
jBt,1,2,3,0.33
jDN,2,0,2,1.0
jDP,0,1,1,0.0
jDS,1,1,2,0.5
jDm,2,2,4,0.5
jDn,1,1,2,0.5
jDs,0,1,1,0.0
jHB,2,4,6,0.33
jHL,1,0,1,1.0
jHM,1,4,5,0.2
jHN,0,4,4,0.0
jHP,5,2,7,0.71
jHS,3,4,7,0.43
jHb,2,3,5,0.4
jHh,3,2,5,0.6
jHl,1,1,2,0.5
jHm,4,2,6,0.67
jHn,3,3,6,0.5
jHs,3,1,4,0.75
jID,1,0,1,1.0
jIH,0,0,0,
jIL,1,0,1,1.0
jIM,0,1,1,0.0
jIb,2,0,2,1.0
jIl,0,0,0,
jIm,0,1,1,0.0
jIn,0,0,0,
jKB,1,1,2,0.5
jKL,0,3,3,0.0
jKM,1,1,2,0.5
jKP,1,1,2,0.5
jKS,1,0,1,1.0
jKl,2,1,3,0.67
jKn,1,1,2,0.5
jKs,0,0,0,
jLB,1,4,5,0.2
jLL,0,1,1,0.0
jLM,1,3,4,0.25
jLN,7,3,10,0.7
jLP,2,6,8,0.25
jLS,5,1,6,0.83
jLb,2,3,5,0.4
jLh,2,2,4,0.5
jLj,0,1,1,0.0
jLl,1,4,5,0.2
jLm,5,1,6,0.83
jLn,7,5,12,0.58
jLs,1,3,4,0.25
jMB,9,10,19,0.47
jMD,0,1,1,0.0
jML,4,3,7,0.57
jMM,4,7,11,0.36
jMN,12,9,21,0.57
jMP,11,15,26,0.42
jMS,4,7,11,0.36
jMb,9,10,19,0.47
jMh,3,4,7,0.43
jMj,4,0,4,1.0
jMl,3,6,9,0.33
jMm,4,9,13,0.31
jMn,10,17,27,0.37
jMs,5,2,7,0.71
jMt,1,1,2,0.5
jNB,9,5,14,0.64
jND,1,0,1,1.0
jNK,0,2,2,0.0
jNL,6,5,11,0.55
jNM,8,6,14,0.57
jNN,9,10,19,0.47
jNP,17,16,33,0.52
jNS,6,5,11,0.55
jNb,9,6,15,0.6
jNh,6,7,13,0.46
jNl,2,5,7,0.29
jNm,6,7,13,0.46
jNn,12,9,21,0.57
jNs,3,6,9,0.33
jNt,0,1,1,0.0
jPB,14,7,21,0.67
jPD,0,1,1,0.0
jPH,4,3,7,0.57
jPI,1,0,1,1.0
jPK,5,1,6,0.83
jPL,7,11,18,0.39
jPM,8,10,18,0.44
jPN,17,9,26,0.65
jPP,20,20,40,0.5
jPS,10,9,19,0.53
jPb,20,6,26,0.77
jPh,3,1,4,0.75
jPl,7,5,12,0.58
jPm,13,11,24,0.54
jPn,10,14,24,0.42
jPs,5,9,14,0.36
jPt,0,5,5,0.0
jSB,6,7,13,0.46
jSD,0,1,1,0.0
jSH,1,0,1,1.0
jSK,0,1,1,0.0
jSL,2,0,2,1.0
jSM,5,2,7,0.71
jSN,4,3,7,0.57
jSP,7,7,14,0.5
jSS,5,4,9,0.56
jSb,4,5,9,0.44
jSh,6,1,7,0.86
jSl,3,3,6,0.5
jSm,4,2,6,0.67
jSn,8,5,13,0.62
jSs,3,3,6,0.5
jSt,0,1,1,0.0
jbB,6,8,14,0.43
jbH,1,0,1,1.0
jbI,0,0,0,
jbJ,2,5,7,0.29
jbK,0,1,1,0.0
jbL,4,1,5,0.8
jbM,11,5,16,0.69
jbN,14,10,24,0.58
jbP,13,18,31,0.42
jbS,5,4,9,0.56
jbb,6,7,13,0.46
jbl,5,6,11,0.45
jbm,4,8,12,0.33
jbn,9,7,16,0.56
jbs,3,2,5,0.6
jhI,0,0,0,
jhL,1,0,1,1.0
jhM,1,2,3,0.33
jhN,4,2,6,0.67
jhP,1,1,2,0.5
jhS,1,0,1,1.0
jhb,1,2,3,0.33
jhh,1,1,2,0.5
jhl,1,3,4,0.25
jhm,1,1,2,0.5
jhn,1,2,3,0.33
jhs,3,1,4,0.75
jlB,2,2,4,0.5
jlD,0,1,1,0.0
jlH,3,3,6,0.5
jlI,0,1,1,0.0
jlL,4,3,7,0.57
jlM,5,8,13,0.38
jlN,4,4,8,0.5
jlP,5,5,10,0.5
jlS,4,2,6,0.67
jlb,4,6,10,0.4
jll,5,2,7,0.71
jlm,4,5,9,0.44
jln,7,4,11,0.64
jls,5,3,8,0.62
jmB,2,4,6,0.33
jmD,0,1,1,0.0
jmH,5,6,11,0.45
jmJ,1,3,4,0.25
jmL,4,0,4,1.0
jmM,8,5,13,0.62
jmN,9,10,19,0.47
jmP,6,7,13,0.46
jmS,4,3,7,0.57
jmb,3,6,9,0.33
jml,4,3,7,0.57
jmm,7,6,13,0.54
jmn,3,7,10,0.3
jms,1,4,5,0.2
jnB,11,8,19,0.58
jnH,5,5,10,0.5
jnI,1,0,1,1.0
jnK,0,1,1,0.0
jnL,6,6,12,0.5
jnM,2,13,15,0.13
jnN,15,9,24,0.62
jnP,19,14,33,0.58
jnS,7,7,14,0.5
jnb,6,10,16,0.38
jnh,0,1,1,0.0
jnl,7,6,13,0.54
jnm,9,5,14,0.64
jnn,12,15,27,0.44
jns,7,8,15,0.47
jsB,6,1,7,0.86
jsD,0,1,1,0.0
jsH,6,5,11,0.55
jsI,2,0,2,1.0
jsK,0,1,1,0.0
jsL,1,2,3,0.33
jsM,7,4,11,0.64
jsN,7,7,14,0.5
jsP,5,7,12,0.42
jsS,1,1,2,0.5
jsb,2,1,3,0.67
jsh,1,0,1,1.0
jsl,6,3,9,0.67
jsm,6,2,8,0.75
jsn,3,2,5,0.6
jss,5,5,10,0.5
jtB,0,2,2,0.0
jtH,1,1,2,0.5
jtK,0,0,0,
jtL,0,1,1,0.0
jtM,0,1,1,0.0
jtN,2,5,7,0.29
jtP,0,2,2,0.0
jtS,1,2,3,0.33
jtb,2,0,2,1.0
jtl,0,2,2,0.0
jtn,4,2,6,0.67
jts,3,1,4,0.75
lBB,40,44,84,0.48
lBD,3,1,4,0.75
lBK,2,3,5,0.4
lBL,16,14,30,0.53
lBM,52,37,89,0.58
lBN,47,58,105,0.45
lBP,52,65,117,0.44
lBS,20,31,51,0.39
lBb,59,53,112,0.53
lBh,4,6,10,0.4
lBj,8,12,20,0.4
lBl,18,18,36,0.5
lBm,46,35,81,0.57
lBn,65,66,131,0.5
lBs,24,34,58,0.41
lBt,9,9,18,0.5
lDB,5,2,7,0.71
lDD,0,1,1,0.0
lDH,4,7,11,0.36
lDL,7,3,10,0.7
lDM,8,4,12,0.67
lDN,5,5,10,0.5
lDP,10,5,15,0.67
lDS,2,4,6,0.33
lDb,3,4,7,0.43
lDl,3,1,4,0.75
lDm,3,0,3,1.0
lDn,6,3,9,0.67
lDs,6,4,10,0.6
lDt,0,2,2,0.0
lHB,32,33,65,0.49
lHD,5,1,6,0.83
lHH,8,6,14,0.57
lHI,6,3,9,0.67
lHK,1,1,2,0.5
lHL,20,20,40,0.5
lHM,55,53,108,0.51
lHN,52,59,111,0.47
lHP,80,70,150,0.53
lHS,20,37,57,0.35
lHb,41,39,80,0.51
lHh,15,20,35,0.43
lHl,19,23,42,0.45
lHm,41,39,80,0.51
lHn,51,56,107,0.48
lHs,33,38,71,0.46
lHt,3,1,4,0.75
lIB,1,4,5,0.2
lID,0,0,0,
lIH,3,0,3,1.0
lII,0,0,0,
lIL,2,5,7,0.29
lIM,4,6,10,0.4
lIN,2,4,6,0.33
lIP,6,6,12,0.5
lIS,3,1,4,0.75
lIb,7,5,12,0.58
lIm,6,7,13,0.46
lIn,6,3,9,0.67
lIs,3,2,5,0.6
lJB,10,17,27,0.37
lJD,0,1,1,0.0
lJH,7,6,13,0.54
lJI,2,2,4,0.5
lJK,0,0,0,
lJL,7,7,14,0.5
lJM,15,21,36,0.42
lJN,15,19,34,0.44
lJP,21,22,43,0.49
lJS,11,11,22,0.5
lJb,24,24,48,0.5
lJh,3,2,5,0.6
lJl,7,11,18,0.39
lJm,14,10,24,0.58
lJn,13,19,32,0.41
lJs,6,9,15,0.4
lJt,2,0,2,1.0
lKB,0,1,1,0.0
lKL,0,1,1,0.0
lKM,5,4,9,0.56
lKN,4,2,6,0.67
lKP,4,6,10,0.4
lKS,1,1,2,0.5
lKb,2,4,6,0.33
lKh,2,3,5,0.4
lKl,0,3,3,0.0
lKm,2,3,5,0.4
lKn,4,6,10,0.4
lKs,1,1,2,0.5
lKt,1,0,1,1.0
lLB,18,20,38,0.47
lLD,3,0,3,1.0
lLH,0,1,1,0.0
lLK,1,3,4,0.25
lLL,10,10,20,0.5
lLM,31,28,59,0.53
lLN,17,23,40,0.42
lLP,33,32,65,0.51
lLS,25,18,43,0.58
lLb,30,28,58,0.52
lLh,16,14,30,0.53
lLj,6,13,19,0.32
lLl,13,13,26,0.5
lLm,22,25,47,0.47
lLn,47,39,86,0.55
lLs,24,17,41,0.59
lLt,6,7,13,0.46
lMB,42,48,90,0.47
lMD,2,3,5,0.4
lMK,1,1,2,0.5
lML,25,18,43,0.58
lMM,70,66,136,0.51
lMN,78,60,138,0.57
lMP,93,84,177,0.53
lMS,36,45,81,0.44
lMb,70,71,141,0.5
lMh,45,46,91,0.49
lMj,19,9,28,0.68
lMl,37,32,69,0.54
lMm,62,51,113,0.55
lMn,96,84,180,0.53
lMs,39,44,83,0.47
lMt,18,16,34,0.53
lNB,51,65,116,0.44
lND,5,4,9,0.56
lNH,12,13,25,0.48
lNK,6,7,13,0.46
lNL,45,25,70,0.64
lNM,70,75,145,0.48
lNN,87,76,163,0.53
lNP,111,102,213,0.52
lNS,49,61,110,0.45
lNb,67,81,148,0.45
lNh,22,28,50,0.44
lNl,37,33,70,0.53
lNm,68,48,116,0.59
lNn,112,112,224,0.5
lNs,54,52,106,0.51
lNt,19,21,40,0.48
lPB,67,74,141,0.48
lPD,7,6,13,0.54
lPH,26,19,45,0.58
lPI,5,2,7,0.71
lPK,7,9,16,0.44
lPL,49,45,94,0.52
lPM,94,76,170,0.55
lPN,81,103,184,0.44
lPP,130,125,255,0.51
lPS,61,59,120,0.51
lPb,75,81,156,0.48
lPh,7,8,15,0.47
lPl,40,42,82,0.49
lPm,82,61,143,0.57
lPn,85,103,188,0.45
lPs,72,49,121,0.6
lPt,14,13,27,0.52
lSB,24,21,45,0.53
lSD,4,5,9,0.44
lSH,15,10,25,0.6
lSI,0,0,0,
lSK,1,0,1,1.0
lSL,14,21,35,0.4
lSM,51,50,101,0.5
lSN,41,32,73,0.56
lSP,66,59,125,0.53
lSS,35,42,77,0.45
lSb,31,36,67,0.46
lSh,23,22,45,0.51
lSl,24,24,48,0.5
lSm,27,28,55,0.49
lSn,53,48,101,0.52
lSs,42,46,88,0.48
lSt,8,11,19,0.42
lbB,63,66,129,0.49
lbD,4,4,8,0.5
lbH,25,24,49,0.51
lbI,9,3,12,0.75
lbJ,11,18,29,0.38
lbK,0,5,5,0.0
lbL,26,29,55,0.47
lbM,60,72,132,0.45
lbN,99,85,184,0.54
lbP,101,81,182,0.55
lbS,32,25,57,0.56
lbb,77,80,157,0.49
lbl,23,43,66,0.35
lbm,59,51,110,0.54
lbn,82,59,141,0.58
lbs,37,32,69,0.54
lhB,0,1,1,0.0
lhP,1,0,1,1.0
llB,28,24,52,0.54
llD,7,5,12,0.58
llH,14,27,41,0.34
llI,2,1,3,0.67
llJ,6,10,16,0.38
llK,1,1,2,0.5
llL,13,20,33,0.39
llM,46,34,80,0.57
llN,33,37,70,0.47
llP,38,50,88,0.43
llS,23,17,40,0.57
llb,45,25,70,0.64
lll,15,18,33,0.45
llm,20,14,34,0.59
lln,29,25,54,0.54
lls,17,11,28,0.61
lmB,50,48,98,0.51
lmD,1,3,4,0.25
lmH,33,43,76,0.43
lmI,3,3,6,0.5
lmJ,10,11,21,0.48
lmK,1,0,1,1.0
lmL,13,14,27,0.48
lmM,51,65,116,0.44
lmN,66,65,131,0.5
lmP,46,79,125,0.37
lmS,21,35,56,0.38
lmb,55,42,97,0.57
lml,21,15,36,0.58
lmm,41,27,68,0.6
lmn,60,46,106,0.57
lms,25,16,41,0.61
lnB,33,45,78,0.42
lnD,6,3,9,0.67
lnH,29,44,73,0.4
lnI,9,5,14,0.64
lnK,2,6,8,0.25
lnL,26,22,48,0.54
lnM,58,73,131,0.44
lnN,99,71,170,0.58
lnP,97,85,182,0.53
lnS,38,39,77,0.49
lnb,68,47,115,0.59
lnh,0,0,0,
lnl,29,17,46,0.63
lnm,47,50,97,0.48
lnn,65,57,122,0.53
lns,40,32,72,0.56
lsB,27,18,45,0.6
lsD,3,4,7,0.43
lsH,32,34,66,0.48
lsI,3,2,5,0.6
lsK,1,2,3,0.33
lsL,9,13,22,0.41
lsM,38,34,72,0.53
lsN,40,31,71,0.56
lsP,47,67,114,0.41
lsS,32,19,51,0.63
lsb,34,33,67,0.51
lsh,1,3,4,0.25
lsl,22,18,40,0.55
lsm,27,31,58,0.47
lsn,39,26,65,0.6
lss,17,18,35,0.49
lst,0,1,1,0.0
mBB,47,47,94,0.5
mBD,3,3,6,0.5
mBH,1,2,3,0.33
mBK,4,5,9,0.44
mBL,31,15,46,0.67
mBM,87,70,157,0.55
mBN,93,112,205,0.45
mBP,114,115,229,0.5
mBS,55,63,118,0.47
mBb,74,77,151,0.49
mBh,6,15,21,0.29
mBj,30,35,65,0.46
mBl,37,35,72,0.51
mBm,75,63,138,0.54
mBn,132,123,255,0.52
mBs,47,41,88,0.53
mBt,14,19,33,0.42
mDB,5,6,11,0.45
mDD,1,0,1,1.0
mDH,6,11,17,0.35
mDI,0,2,2,0.0
mDL,5,7,12,0.42
mDM,8,10,18,0.44
mDN,14,6,20,0.7
mDP,6,16,22,0.27
mDS,7,7,14,0.5
mDb,4,11,15,0.27
mDl,7,7,14,0.5
mDm,5,11,16,0.31
mDn,17,10,27,0.63
mDs,8,3,11,0.73
mDt,2,4,6,0.33
mHB,55,71,126,0.44
mHD,7,11,18,0.39
mHH,14,9,23,0.61
mHI,5,7,12,0.42
mHK,5,3,8,0.62
mHL,39,36,75,0.52
mHM,109,102,211,0.52
mHN,93,108,201,0.46
mHP,132,118,250,0.53
mHS,52,54,106,0.49
mHb,85,84,169,0.5
mHh,45,53,98,0.46
mHl,37,39,76,0.49
mHm,64,71,135,0.47
mHn,109,103,212,0.51
mHs,55,53,108,0.51
mHt,10,15,25,0.4
mIB,7,8,15,0.47
mID,1,1,2,0.5
mIH,6,6,12,0.5
mIK,1,0,1,1.0
mIL,3,2,5,0.6
mIM,9,11,20,0.45
mIN,10,9,19,0.53
mIP,8,11,19,0.42
mIS,7,3,10,0.7
mIb,13,11,24,0.54
mIl,4,8,12,0.33
mIm,5,7,12,0.42
mIn,6,12,18,0.33
mIs,6,6,12,0.5
mIt,0,1,1,0.0
mJB,9,16,25,0.36
mJH,13,14,27,0.48
mJI,1,3,4,0.25
mJK,2,2,4,0.5
mJL,11,10,21,0.52
mJM,28,27,55,0.51
mJN,28,27,55,0.51
mJP,35,28,63,0.56
mJS,16,20,36,0.44
mJb,24,27,51,0.47
mJh,3,1,4,0.75
mJl,8,7,15,0.53
mJm,19,14,33,0.58
mJn,34,25,59,0.58
mJs,15,12,27,0.56
mJt,6,3,9,0.67
mKB,1,2,3,0.33
mKH,0,1,1,0.0
mKM,1,0,1,1.0
mKN,1,1,2,0.5
mKP,1,0,1,1.0
mKS,1,0,1,1.0
mKb,0,2,2,0.0
mKl,0,0,0,
mKn,1,0,1,1.0
mKs,0,1,1,0.0
mLB,30,34,64,0.47
mLD,0,0,0,
mLH,1,2,3,0.33
mLK,1,2,3,0.33
mLL,12,8,20,0.6
mLM,33,33,66,0.5
mLN,40,50,90,0.44
mLP,48,36,84,0.57
mLS,28,23,51,0.55
mLb,40,33,73,0.55
mLh,23,30,53,0.43
mLj,11,15,26,0.42
mLl,22,12,34,0.65
mLm,30,23,53,0.57
mLn,73,73,146,0.5
mLs,28,24,52,0.54
mLt,10,4,14,0.71
mMB,71,57,128,0.55
mMD,3,5,8,0.38
mMI,1,0,1,1.0
mMK,3,0,3,1.0
mML,25,21,46,0.54
mMM,115,127,242,0.48
mMN,120,128,248,0.48
mMP,137,132,269,0.51
mMS,80,70,150,0.53
mMb,114,99,213,0.54
mMh,82,84,166,0.49
mMj,30,26,56,0.54
mMl,43,41,84,0.51
mMm,102,86,188,0.54
mMn,217,193,410,0.53
mMs,62,64,126,0.49
mMt,21,28,49,0.43
mNB,94,81,175,0.54
mND,10,10,20,0.5
mNH,26,33,59,0.44
mNK,8,10,18,0.44
mNL,41,47,88,0.47
mNM,128,138,266,0.48
mNN,165,194,359,0.46
mNP,204,202,406,0.5
mNS,97,110,207,0.47
mNb,128,98,226,0.57
mNh,25,33,58,0.43
mNl,61,59,120,0.51
mNm,95,85,180,0.53
mNn,197,186,383,0.51
mNs,75,83,158,0.47
mNt,33,21,54,0.61
mPB,101,99,200,0.5
mPD,11,15,26,0.42
mPH,44,48,92,0.48
mPI,11,9,20,0.55
mPK,8,12,20,0.4
mPL,63,59,122,0.52
mPM,166,167,333,0.5
mPN,150,148,298,0.5
mPP,235,209,444,0.53
mPS,93,98,191,0.49
mPb,151,140,291,0.52
mPh,18,14,32,0.56
mPl,86,81,167,0.51
mPm,106,107,213,0.5
mPn,171,157,328,0.52
mPs,75,75,150,0.5
mPt,15,24,39,0.38
mSB,45,43,88,0.51
mSD,6,6,12,0.5
mSH,12,23,35,0.34
mSK,2,3,5,0.4
mSL,21,13,34,0.62
mSM,65,64,129,0.5
mSN,70,78,148,0.47
mSP,109,90,199,0.55
mSS,62,59,121,0.51
mSb,50,69,119,0.42
mSh,48,35,83,0.58
mSl,24,25,49,0.49
mSm,60,56,116,0.52
mSn,102,87,189,0.54
mSs,73,69,142,0.51
mSt,18,8,26,0.69
mbB,102,105,207,0.49
mbD,6,7,13,0.46
mbH,31,40,71,0.44
mbI,13,10,23,0.57
mbJ,37,30,67,0.55
mbK,7,9,16,0.44
mbL,37,34,71,0.52
mbM,107,101,208,0.51
mbN,169,170,339,0.5
mbP,165,146,311,0.53
mbS,54,63,117,0.46
mbb,117,122,239,0.49
mbl,41,31,72,0.57
mbm,85,65,150,0.57
mbn,129,132,261,0.49
mbs,42,46,88,0.48
mlB,38,35,73,0.52
mlD,1,2,3,0.33
mlH,27,22,49,0.55
mlI,3,4,7,0.43
mlJ,5,8,13,0.38
mlK,1,2,3,0.33
mlL,21,25,46,0.46
mlM,35,44,79,0.44
mlN,49,53,102,0.48
mlP,58,45,103,0.56
mlS,16,17,33,0.48
mlb,43,46,89,0.48
mll,21,16,37,0.57
mlm,29,23,52,0.56
mln,43,39,82,0.52
mls,15,18,33,0.45
mmB,74,74,148,0.5
mmD,5,7,12,0.42
mmH,58,47,105,0.55
mmI,9,7,16,0.56
mmJ,19,8,27,0.7
mmL,20,36,56,0.36
mmM,85,84,169,0.5
mmN,124,105,229,0.54
mmP,108,89,197,0.55
mmS,40,49,89,0.45
mmb,91,84,175,0.52
mml,22,28,50,0.44
mmm,59,50,109,0.54
mmn,93,84,177,0.53
mms,22,30,52,0.42
mnB,77,83,160,0.48
mnD,9,6,15,0.6
mnH,69,66,135,0.51
mnI,20,12,32,0.62
mnK,15,2,17,0.88
mnL,36,41,77,0.47
mnM,103,130,233,0.44
mnN,144,191,335,0.43
mnP,182,184,366,0.5
mnS,88,79,167,0.53
mnb,139,92,231,0.6
mnh,1,0,1,1.0
mnl,41,41,82,0.5
mnm,89,85,174,0.51
mnn,172,160,332,0.52
mns,63,70,133,0.47
msB,29,25,54,0.54
msD,3,6,9,0.33
msH,51,43,94,0.54
msI,10,5,15,0.67
msK,0,0,0,
msL,13,22,35,0.37
msM,44,50,94,0.47
msN,59,61,120,0.49
msP,74,59,133,0.56
msS,42,50,92,0.46
msb,47,40,87,0.54
msh,0,1,1,0.0
msl,18,25,43,0.42
msm,40,31,71,0.56
msn,48,53,101,0.48
mss,34,44,78,0.44
n,0,1,1,0.0
nBB,98,84,182,0.54
nBD,4,5,9,0.44
nBH,1,2,3,0.33
nBK,7,10,17,0.41
nBL,40,36,76,0.53
nBM,101,122,223,0.45
nBN,119,153,272,0.44
nBP,141,156,297,0.47
nBS,60,61,121,0.5
nBb,111,90,201,0.55
nBh,11,10,21,0.52
nBj,41,31,72,0.57
nBl,51,46,97,0.53
nBm,100,80,180,0.56
nBn,163,175,338,0.48
nBs,43,53,96,0.45
nBt,20,18,38,0.53
nDB,12,4,16,0.75
nDD,1,1,2,0.5
nDH,14,10,24,0.58
nDI,0,1,1,0.0
nDL,5,6,11,0.45
nDM,13,12,25,0.52
nDN,14,14,28,0.5
nDP,16,22,38,0.42
nDS,15,10,25,0.6
nDb,7,13,20,0.35
nDh,1,0,1,1.0
nDl,6,7,13,0.46
nDm,10,13,23,0.43
nDn,20,8,28,0.71
nDs,7,9,16,0.44
nDt,1,6,7,0.14
nHB,62,43,105,0.59
nHD,5,10,15,0.33
nHH,14,23,37,0.38
nHI,6,7,13,0.46
nHK,7,3,10,0.7
nHL,26,34,60,0.43
nHM,93,89,182,0.51
nHN,121,121,242,0.5
nHP,144,155,299,0.48
nHS,71,70,141,0.5
nHb,72,83,155,0.46
nHh,38,29,67,0.57
nHl,43,42,85,0.51
nHm,73,69,142,0.51
nHn,127,110,237,0.54
nHs,64,68,132,0.48
nHt,11,12,23,0.48
nIB,11,11,22,0.5
nID,2,1,3,0.67
nIH,16,21,37,0.43
nII,1,3,4,0.25
nIK,0,0,0,
nIL,1,13,14,0.07
nIM,23,16,39,0.59
nIN,24,18,42,0.57
nIP,25,22,47,0.53
nIS,12,18,30,0.4
nIb,17,26,43,0.4
nIl,11,4,15,0.73
nIm,16,17,33,0.48
nIn,9,25,34,0.26
nIs,16,7,23,0.7
nIt,1,0,1,1.0
nKB,7,8,15,0.47
nKD,1,1,2,0.5
nKH,0,3,3,0.0
nKI,2,2,4,0.5
nKK,1,0,1,1.0
nKL,6,3,9,0.67
nKM,16,10,26,0.62
nKN,10,5,15,0.67
nKP,22,20,42,0.52
nKS,8,9,17,0.47
nKb,12,10,22,0.55
nKh,3,10,13,0.23
nKl,10,7,17,0.59
nKm,11,13,24,0.46
nKn,19,15,34,0.56
nKs,10,13,23,0.43
nKt,2,2,4,0.5
nLB,37,51,88,0.42
nLD,4,4,8,0.5
nLK,4,4,8,0.5
nLL,20,22,42,0.48
nLM,61,54,115,0.53
nLN,57,70,127,0.45
nLP,78,69,147,0.53
nLS,31,41,72,0.43
nLb,49,55,104,0.47
nLh,26,18,44,0.59
nLj,15,16,31,0.48
nLl,28,37,65,0.43
nLm,51,47,98,0.52
nLn,67,75,142,0.47
nLs,24,34,58,0.41
nLt,6,13,19,0.32
nMB,127,113,240,0.53
nMD,7,8,15,0.47
nMH,0,1,1,0.0
nMK,1,2,3,0.33
nML,50,52,102,0.49
nMM,161,176,337,0.48
nMN,156,180,336,0.46
nMP,198,180,378,0.52
nMS,102,100,202,0.5
nMb,144,170,314,0.46
nMh,132,151,283,0.47
nMj,50,53,103,0.49
nMl,68,74,142,0.48
nMm,124,124,248,0.5
nMn,280,265,545,0.51
nMs,83,75,158,0.53
nMt,38,29,67,0.57
nNB,154,171,325,0.47
nND,22,17,39,0.56
nNH,39,34,73,0.53
nNI,0,0,0,
nNK,17,19,36,0.47
nNL,84,87,171,0.49
nNM,194,242,436,0.44
nNN,281,272,553,0.51
nNP,367,364,731,0.5
nNS,152,155,307,0.5
nNb,210,196,406,0.52
nNh,98,85,183,0.54
nNl,112,96,208,0.54
nNm,184,146,330,0.56
nNn,328,297,625,0.52
nNs,142,137,279,0.51
nNt,51,49,100,0.51
nPB,184,185,369,0.5
nPD,11,17,28,0.39
nPH,91,80,171,0.53
nPI,25,8,33,0.76
nPK,33,26,59,0.56
nPL,103,111,214,0.48
nPM,265,289,554,0.48
nPN,317,293,610,0.52
nPP,396,434,830,0.48
nPS,171,185,356,0.48
nPb,242,248,490,0.49
nPh,30,30,60,0.5
nPl,123,130,253,0.49
nPm,229,188,417,0.55
nPn,323,271,594,0.54
nPs,174,170,344,0.51
nPt,29,26,55,0.53
nSB,76,100,176,0.43
nSD,10,8,18,0.56
nSH,32,43,75,0.43
nSI,2,0,2,1.0
nSK,8,1,9,0.89
nSL,29,40,69,0.42
nSM,107,130,237,0.45
nSN,112,121,233,0.48
nSP,130,182,312,0.42
nSS,90,113,203,0.44
nSb,117,95,212,0.55
nSh,63,73,136,0.46
nSl,47,47,94,0.5
nSm,87,90,177,0.49
nSn,145,182,327,0.44
nSs,84,79,163,0.52
nSt,20,25,45,0.44
nbB,119,109,228,0.52
nbD,12,11,23,0.52
nbH,54,47,101,0.53
nbI,12,13,25,0.48
nbJ,37,40,77,0.48
nbK,11,10,21,0.52
nbL,59,71,130,0.45
nbM,168,178,346,0.49
nbN,244,268,512,0.48
nbP,225,196,421,0.53
nbS,89,89,178,0.5
nbb,170,151,321,0.53
nbl,60,69,129,0.47
nbm,142,110,252,0.56
nbn,195,165,360,0.54
nbs,64,66,130,0.49
nhB,8,4,12,0.67
nhD,1,1,2,0.5
nhH,1,1,2,0.5
nhI,0,1,1,0.0
nhL,2,2,4,0.5
nhM,7,9,16,0.44
nhN,3,3,6,0.5
nhP,10,9,19,0.53
nhS,3,3,6,0.5
nhb,9,5,14,0.64
nhh,1,6,7,0.14
nhl,3,3,6,0.5
nhm,3,4,7,0.43
nhn,8,4,12,0.67
nhs,5,4,9,0.56
nht,1,0,1,1.0
nlB,47,47,94,0.5
nlD,4,7,11,0.36
nlH,55,72,127,0.43
nlI,4,9,13,0.31
nlJ,14,15,29,0.48
nlK,0,3,3,0.0
nlL,25,18,43,0.58
nlM,60,68,128,0.47
nlN,102,91,193,0.53
nlP,103,95,198,0.52
nlS,43,53,96,0.45
nlb,73,83,156,0.47
nlh,1,0,1,1.0
nll,33,26,59,0.56
nlm,52,48,100,0.52
nln,62,64,126,0.49
nls,33,34,67,0.49
nmB,103,96,199,0.52
nmD,16,8,24,0.67
nmH,111,104,215,0.52
nmI,13,12,25,0.52
nmJ,28,29,57,0.49
nmK,1,1,2,0.5
nmL,53,41,94,0.56
nmM,135,125,260,0.52
nmN,171,164,335,0.51
nmP,174,173,347,0.5
nmS,84,78,162,0.52
nmb,141,121,262,0.54
nml,55,39,94,0.59
nmm,109,76,185,0.59
nmn,148,150,298,0.5
nms,59,52,111,0.53
nn,1,0,1,1.0
nnB,118,123,241,0.49
nnD,19,23,42,0.45
nnH,107,117,224,0.48
nnI,19,19,38,0.5
nnK,17,13,30,0.57
nnL,63,58,121,0.52
nnM,200,185,385,0.52
nnN,257,278,535,0.48
nnP,332,272,604,0.55
nnS,146,138,284,0.51
nnb,220,177,397,0.55
nnh,5,3,8,0.62
nnl,74,90,164,0.45
nnm,151,128,279,0.54
nnn,235,253,488,0.48
nns,133,122,255,0.52
nnt,0,1,1,0.0
nsB,53,67,120,0.44
nsD,14,8,22,0.64
nsH,92,86,178,0.52
nsI,13,13,26,0.5
nsK,2,3,5,0.4
nsL,42,45,87,0.48
nsM,101,122,223,0.45
nsN,139,131,270,0.51
nsP,165,148,313,0.53
nsS,86,84,170,0.51
nsb,97,88,185,0.52
nsh,1,3,4,0.25
nsl,39,47,86,0.45
nsm,83,79,162,0.51
nsn,104,101,205,0.51
nss,74,81,155,0.48
nst,1,1,2,0.5
ntH,0,1,1,0.0
ntL,1,0,1,1.0
ntM,0,2,2,0.0
ntb,1,0,1,1.0
ntl,1,0,1,1.0
ntm,3,0,3,1.0
sBB,28,36,64,0.44
sBD,4,2,6,0.67
sBH,2,2,4,0.5
sBK,5,2,7,0.71
sBL,17,15,32,0.53
sBM,43,60,103,0.42
sBN,51,57,108,0.47
sBP,46,58,104,0.44
sBS,35,33,68,0.51
sBb,43,56,99,0.43
sBh,4,2,6,0.67
sBj,20,13,33,0.61
sBl,23,12,35,0.66
sBm,41,34,75,0.55
sBn,58,62,120,0.48
sBs,29,19,48,0.6
sBt,8,6,14,0.57
sDB,9,2,11,0.82
sDD,0,1,1,0.0
sDH,8,7,15,0.53
sDL,4,3,7,0.57
sDM,10,11,21,0.48
sDN,8,8,16,0.5
sDP,10,11,21,0.48
sDS,3,8,11,0.27
sDb,10,9,19,0.53
sDl,4,4,8,0.5
sDm,3,11,14,0.21
sDn,7,11,18,0.39
sDs,6,9,15,0.4
sDt,0,2,2,0.0
sHB,43,62,105,0.41
sHD,6,13,19,0.32
sHH,14,19,33,0.42
sHI,9,6,15,0.6
sHK,2,9,11,0.18
sHL,17,32,49,0.35
sHM,80,101,181,0.44
sHN,85,93,178,0.48
sHP,121,102,223,0.54
sHS,61,65,126,0.48
sHb,67,67,134,0.5
sHh,40,26,66,0.61
sHl,43,35,78,0.55
sHm,68,46,114,0.6
sHn,95,90,185,0.51
sHs,67,75,142,0.47
sHt,6,11,17,0.35
sIB,6,5,11,0.55
sID,1,0,1,1.0
sIH,10,10,20,0.5
sIL,3,4,7,0.43
sIM,13,9,22,0.59
sIN,13,10,23,0.57
sIP,15,13,28,0.54
sIS,6,8,14,0.43
sIb,10,8,18,0.56
sIh,0,0,0,
sIl,3,8,11,0.27
sIm,3,9,12,0.25
sIn,6,5,11,0.55
sIs,9,8,17,0.53
sIt,1,0,1,1.0
sKB,0,3,3,0.0
sKH,1,0,1,1.0
sKK,0,1,1,0.0
sKL,2,0,2,1.0
sKM,2,2,4,0.5
sKN,0,3,3,0.0
sKP,2,4,6,0.33
sKS,2,2,4,0.5
sKb,4,1,5,0.8
sKh,2,2,4,0.5
sKl,2,1,3,0.67
sKm,4,2,6,0.67
sKn,4,1,5,0.8
sKs,1,0,1,1.0
sKt,0,0,0,
sLB,21,21,42,0.5
sLD,2,2,4,0.5
sLK,2,3,5,0.4
sLL,10,13,23,0.43
sLM,33,33,66,0.5
sLN,33,21,54,0.61
sLP,31,39,70,0.44
sLS,26,21,47,0.55
sLb,27,20,47,0.57
sLh,15,11,26,0.58
sLj,10,10,20,0.5
sLl,19,14,33,0.58
sLm,26,25,51,0.51
sLn,43,52,95,0.45
sLs,29,18,47,0.62
sLt,4,4,8,0.5
sMB,64,57,121,0.53
sMD,1,3,4,0.25
sMK,0,3,3,0.0
sML,26,34,60,0.43
sMM,77,79,156,0.49
sMN,63,70,133,0.47
sMP,87,79,166,0.52
sMS,53,56,109,0.49
sMb,69,78,147,0.47
sMh,80,68,148,0.54
sMj,18,31,49,0.37
sMl,35,37,72,0.49
sMm,73,68,141,0.52
sMn,112,121,233,0.48
sMs,56,48,104,0.54
sMt,11,19,30,0.37
sNB,64,51,115,0.56
sND,7,7,14,0.5
sNH,17,14,31,0.55
sNI,0,1,1,0.0
sNK,8,7,15,0.53
sNL,27,27,54,0.5
sNM,99,106,205,0.48
sNN,118,106,224,0.53
sNP,135,132,267,0.51
sNS,79,73,152,0.52
sNb,69,70,139,0.5
sNh,35,36,71,0.49
sNl,41,31,72,0.57
sNm,70,65,135,0.52
sNn,138,126,264,0.52
sNs,61,59,120,0.51
sNt,19,17,36,0.53
sPB,89,89,178,0.5
sPD,7,11,18,0.39
sPH,37,34,71,0.52
sPI,8,6,14,0.57
sPK,9,17,26,0.35
sPL,44,44,88,0.5
sPM,124,118,242,0.51
sPN,121,141,262,0.46
sPP,186,185,371,0.5
sPS,85,78,163,0.52
sPb,106,102,208,0.51
sPh,15,13,28,0.54
sPl,64,67,131,0.49
sPm,111,79,190,0.58
sPn,140,117,257,0.54
sPs,69,94,163,0.42
sPt,15,11,26,0.58
sSB,40,44,84,0.48
sSD,6,9,15,0.4
sSH,19,27,46,0.41
sSI,1,0,1,1.0
sSK,3,3,6,0.5
sSL,20,33,53,0.38
sSM,77,94,171,0.45
sSN,74,88,162,0.46
sSP,102,104,206,0.5
sSS,75,87,162,0.46
sSb,53,66,119,0.45
sSh,49,50,99,0.49
sSl,38,40,78,0.49
sSm,61,67,128,0.48
sSn,84,100,184,0.46
sSs,87,67,154,0.56
sSt,17,17,34,0.5
sbB,52,53,105,0.5
sbD,10,7,17,0.59
sbH,29,21,50,0.58
sbI,11,4,15,0.73
sbJ,24,18,42,0.57
sbK,10,12,22,0.45
sbL,28,31,59,0.47
sbM,67,81,148,0.45
sbN,102,103,205,0.5
sbP,96,87,183,0.52
sbS,45,47,92,0.49
sbb,73,69,142,0.51
sbh,0,1,1,0.0
sbl,33,36,69,0.48
sbm,66,51,117,0.56
sbn,75,73,148,0.51
sbs,40,51,91,0.44
shB,1,1,2,0.5
shH,0,2,2,0.0
shM,6,0,6,1.0
shN,2,2,4,0.5
shP,2,1,3,0.67
shS,2,2,4,0.5
shb,4,0,4,1.0
shh,2,3,5,0.4
shl,3,1,4,0.75
shm,2,0,2,1.0
shn,2,6,8,0.25
shs,6,1,7,0.86
slB,29,34,63,0.46
slD,3,5,8,0.38
slH,24,28,52,0.46
slI,2,5,7,0.29
slJ,10,5,15,0.67
slK,3,2,5,0.6
slL,22,24,46,0.48
slM,35,42,77,0.45
slN,55,42,97,0.57
slP,51,57,108,0.47
slS,37,29,66,0.56
slb,37,36,73,0.51
sll,16,22,38,0.42
slm,31,32,63,0.49
sln,37,25,62,0.6
sls,20,29,49,0.41
smB,46,40,86,0.53
smD,12,7,19,0.63
smH,85,45,130,0.65
smI,2,3,5,0.4
smJ,10,13,23,0.43
smL,24,35,59,0.41
smM,67,75,142,0.47
smN,78,95,173,0.45
smP,86,81,167,0.51
smS,35,46,81,0.43
smb,72,70,142,0.51
sml,26,31,57,0.46
smm,60,46,106,0.57
smn,75,73,148,0.51
sms,33,25,58,0.57
snB,56,55,111,0.5
snD,12,10,22,0.55
snH,55,47,102,0.54
snI,6,5,11,0.55
snK,7,12,19,0.37
snL,22,24,46,0.48
snM,81,79,160,0.51
snN,116,115,231,0.5
snP,120,125,245,0.49
snS,49,49,98,0.5
snb,68,67,135,0.5
snh,1,1,2,0.5
snl,40,39,79,0.51
snm,50,45,95,0.53
snn,98,88,186,0.53
sns,62,63,125,0.5
snt,0,1,1,0.0
ssB,29,41,70,0.41
ssD,4,9,13,0.31
ssH,67,81,148,0.45
ssI,4,2,6,0.67
ssK,2,1,3,0.67
ssL,26,20,46,0.57
ssM,52,67,119,0.44
ssN,74,62,136,0.54
ssP,85,76,161,0.53
ssS,54,77,131,0.41
ssb,51,49,100,0.51
ssh,1,3,4,0.25
ssl,28,21,49,0.57
ssm,53,52,105,0.5
ssn,66,54,120,0.55
sss,63,66,129,0.49
sst,1,0,1,1.0
stM,0,4,4,0.0
stN,0,2,2,0.0
stP,2,0,2,1.0
stS,1,0,1,1.0
stb,0,1,1,0.0
stl,1,0,1,1.0
stm,0,0,0,
stn,1,0,1,1.0
sts,0,0,0,
tBB,8,6,14,0.57
tBD,1,0,1,1.0
tBK,1,0,1,1.0
tBL,8,2,10,0.8
tBM,11,8,19,0.58
tBN,9,10,19,0.47
tBP,13,6,19,0.68
tBS,3,6,9,0.33
tBb,10,6,16,0.62
tBh,2,2,4,0.5
tBj,4,3,7,0.57
tBl,3,2,5,0.6
tBm,5,7,12,0.42
tBn,14,11,25,0.56
tBs,7,5,12,0.58
tBt,5,0,5,1.0
tDB,0,1,1,0.0
tDD,1,0,1,1.0
tDH,1,0,1,1.0
tDI,0,0,0,
tDL,1,0,1,1.0
tDM,2,0,2,1.0
tDN,0,1,1,0.0
tDS,0,1,1,0.0
tDb,1,0,1,1.0
tDm,2,3,5,0.4
tDn,1,2,3,0.33
tDs,1,1,2,0.5
tHB,7,8,15,0.47
tHD,0,2,2,0.0
tHH,1,1,2,0.5
tHK,0,1,1,0.0
tHL,6,3,9,0.67
tHM,9,10,19,0.47
tHN,8,5,13,0.62
tHP,17,7,24,0.71
tHS,2,5,7,0.29
tHb,8,12,20,0.4
tHh,3,2,5,0.6
tHl,10,4,14,0.71
tHm,10,11,21,0.48
tHn,13,15,28,0.46
tHs,2,4,6,0.33
tHt,0,1,1,0.0
tIM,0,1,1,0.0
tIN,1,0,1,1.0
tIb,1,0,1,1.0
tIl,0,0,0,
tKB,1,0,1,1.0
tKH,0,1,1,0.0
tKL,2,0,2,1.0
tKM,2,2,4,0.5
tKN,2,0,2,1.0
tKP,0,1,1,0.0
tKS,0,2,2,0.0
tKb,1,1,2,0.5
tKl,1,0,1,1.0
tKm,0,1,1,0.0
tKn,0,1,1,0.0
tLB,4,6,10,0.4
tLD,0,1,1,0.0
tLL,0,1,1,0.0
tLM,3,4,7,0.43
tLN,2,7,9,0.22
tLP,7,6,13,0.54
tLS,3,4,7,0.43
tLb,7,6,13,0.54
tLh,0,1,1,0.0
tLj,4,1,5,0.8
tLl,1,3,4,0.25
tLm,2,4,6,0.33
tLn,10,5,15,0.67
tLs,4,5,9,0.44
tLt,1,4,5,0.2
tMB,9,13,22,0.41
tMD,0,1,1,0.0
tMH,0,1,1,0.0
tML,5,6,11,0.45
tMM,10,12,22,0.45
tMN,16,13,29,0.55
tMP,15,25,40,0.38
tMS,12,10,22,0.55
tMb,19,9,28,0.68
tMh,7,15,22,0.32
tMj,4,5,9,0.44
tMl,8,4,12,0.67
tMm,10,16,26,0.38
tMn,24,23,47,0.51
tMs,6,5,11,0.55
tMt,3,1,4,0.75
tNB,11,13,24,0.46
tND,1,0,1,1.0
tNH,2,2,4,0.5
tNK,0,1,1,0.0
tNL,8,5,13,0.62
tNM,20,20,40,0.5
tNN,13,10,23,0.57
tNP,28,13,41,0.68
tNS,13,11,24,0.54
tNb,17,15,32,0.53
tNh,5,6,11,0.45
tNl,9,5,14,0.64
tNm,8,8,16,0.5
tNn,22,19,41,0.54
tNs,7,10,17,0.41
tNt,4,2,6,0.67
tPB,20,10,30,0.67
tPD,1,1,2,0.5
tPH,6,5,11,0.55
tPI,1,0,1,1.0
tPK,1,0,1,1.0
tPL,8,11,19,0.42
tPM,27,32,59,0.46
tPN,26,19,45,0.58
tPP,29,49,78,0.37
tPS,15,16,31,0.48
tPb,22,29,51,0.43
tPh,1,2,3,0.33
tPl,14,14,28,0.5
tPm,27,20,47,0.57
tPn,19,21,40,0.48
tPs,15,17,32,0.47
tPt,2,3,5,0.4
tSB,8,5,13,0.62
tSD,3,0,3,1.0
tSH,8,3,11,0.73
tSK,1,0,1,1.0
tSL,5,4,9,0.56
tSM,19,14,33,0.58
tSN,12,12,24,0.5
tSP,16,8,24,0.67
tSS,15,6,21,0.71
tSb,10,10,20,0.5
tSh,6,6,12,0.5
tSl,6,4,10,0.6
tSm,7,10,17,0.41
tSn,22,22,44,0.5
tSs,8,7,15,0.53
tSt,2,3,5,0.4
tbB,17,9,26,0.65
tbD,2,2,4,0.5
tbH,5,1,6,0.83
tbI,1,0,1,1.0
tbJ,4,3,7,0.57
tbK,2,0,2,1.0
tbL,6,4,10,0.6
tbM,16,19,35,0.46
tbN,16,15,31,0.52
tbP,18,21,39,0.46
tbS,6,2,8,0.75
tbb,8,18,26,0.31
tbl,7,12,19,0.37
tbm,11,8,19,0.58
tbn,22,16,38,0.58
tbs,6,13,19,0.32
thL,2,0,2,1.0
thl,1,0,1,1.0
thm,1,0,1,1.0
tlB,5,2,7,0.71
tlH,4,4,8,0.5
tlI,1,2,3,0.33
tlJ,0,3,3,0.0
tlK,1,0,1,1.0
tlL,6,6,12,0.5
tlM,4,5,9,0.44
tlN,10,9,19,0.53
tlP,6,10,16,0.38
tlS,6,5,11,0.55
tlb,6,11,17,0.35
tll,14,2,16,0.88
tlm,8,5,13,0.62
tln,6,6,12,0.5
tls,3,3,6,0.5
tmB,9,6,15,0.6
tmD,1,3,4,0.25
tmH,10,6,16,0.62
tmI,0,1,1,0.0
tmJ,0,2,2,0.0
tmL,5,3,8,0.62
tmM,13,11,24,0.54
tmN,21,13,34,0.62
tmP,15,16,31,0.48
tmS,2,8,10,0.2
tmb,10,13,23,0.43
tml,5,5,10,0.5
tmm,14,9,23,0.61
tmn,4,9,13,0.31
tms,4,7,11,0.36
tnB,17,7,24,0.71
tnD,3,2,5,0.6
tnH,7,11,18,0.39
tnI,3,1,4,0.75
tnK,1,0,1,1.0
tnL,2,5,7,0.29
tnM,20,18,38,0.53
tnN,23,21,44,0.52
tnP,25,23,48,0.52
tnS,14,7,21,0.67
tnb,17,16,33,0.52
tnh,1,3,4,0.25
tnl,1,10,11,0.09
tnm,12,14,26,0.46
tnn,16,19,35,0.46
tns,9,11,20,0.45
tnt,1,0,1,1.0
tsB,3,4,7,0.43
tsD,1,1,2,0.5
tsH,10,4,14,0.71
tsI,0,0,0,
tsL,1,4,5,0.2
tsM,9,7,16,0.56
tsN,9,8,17,0.53
tsP,16,16,32,0.5
tsS,10,10,20,0.5
tsb,1,9,10,0.1
tsl,6,6,12,0.5
tsm,6,10,16,0.38
tsn,6,6,12,0.5
tss,8,10,18,0.44
ttB,2,0,2,1.0
ttH,2,2,4,0.5
ttL,2,3,5,0.4
ttM,6,3,9,0.67
ttN,6,3,9,0.67
ttP,6,4,10,0.6
ttS,5,2,7,0.71
ttb,4,5,9,0.44
tth,1,1,2,0.5
ttl,2,4,6,0.33
ttm,2,3,5,0.4
ttn,3,4,7,0.43
tts,2,2,4,0.5
ttt,1,0,1,1.0
