candlestick_code3,label_increase,label_decrease,occurrence,percentage
BBB,120,135,255,0.47
BBD,26,22,48,0.54
BBH,4,0,4,1.0
BBI,0,1,1,0.0
BBK,14,14,28,0.5
BBL,29,39,68,0.43
BBM,80,123,203,0.39
BBN,123,121,244,0.5
BBP,144,156,300,0.48
BBS,45,41,86,0.52
BBb,98,116,214,0.46
BBh,6,8,14,0.43
BBj,12,12,24,0.5
BBl,33,33,66,0.5
BBm,132,120,252,0.52
BBn,166,135,301,0.55
BBs,36,49,85,0.42
BBt,7,8,15,0.47
BDB,20,16,36,0.56
BDD,18,11,29,0.62
BDH,23,25,48,0.48
BDI,1,0,1,1.0
BDL,11,9,20,0.55
BDM,30,30,60,0.5
BDN,18,30,48,0.38
BDP,26,27,53,0.49
BDS,21,21,42,0.5
BDb,20,20,40,0.5
BDh,0,2,2,0.0
BDl,11,7,18,0.61
BDm,39,32,71,0.55
BDn,15,26,41,0.37
BDs,19,20,39,0.49
BDt,1,4,5,0.2
BHB,2,2,4,0.5
BHH,0,0,0,
BHM,1,2,3,0.33
BHN,0,0,0,
BHP,2,1,3,0.67
BHS,1,0,1,1.0
BHb,1,0,1,1.0
BHl,1,0,1,1.0
BHm,1,1,2,0.5
BHn,1,0,1,1.0
BHs,3,1,4,0.75
BIB,1,0,1,1.0
BIm,1,0,1,1.0
BIs,0,0,0,
BKB,10,10,20,0.5
BKD,2,4,6,0.33
BKH,1,1,2,0.5
BKI,0,2,2,0.0
BKL,7,6,13,0.54
BKM,15,20,35,0.43
BKN,15,17,32,0.47
BKP,24,23,47,0.51
BKS,6,11,17,0.35
BKb,12,8,20,0.6
BKh,10,12,22,0.45
BKl,3,5,8,0.38
BKm,16,21,37,0.43
BKn,14,13,27,0.52
BKs,7,8,15,0.47
BKt,1,0,1,1.0
BLB,29,35,64,0.45
BLD,5,7,12,0.42
BLH,0,1,1,0.0
BLK,1,3,4,0.25
BLL,8,15,23,0.35
BLM,28,28,56,0.5
BLN,25,36,61,0.41
BLP,53,36,89,0.6
BLS,18,17,35,0.51
BLb,37,34,71,0.52
BLh,10,11,21,0.48
BLj,7,8,15,0.47
BLl,11,17,28,0.39
BLm,44,53,97,0.45
BLn,33,46,79,0.42
BLs,24,18,42,0.57
BLt,3,5,8,0.38
BMB,79,111,190,0.42
BMD,27,20,47,0.57
BMH,0,2,2,0.0
BMK,1,3,4,0.25
BML,22,18,40,0.55
BMM,85,84,169,0.5
BMN,100,94,194,0.52
BMP,121,131,252,0.48
BMS,37,53,90,0.41
BMb,104,104,208,0.5
BMh,87,74,161,0.54
BMj,7,18,25,0.28
BMl,23,25,48,0.48
BMm,146,124,270,0.54
BMn,129,140,269,0.48
BMs,54,58,112,0.48
BMt,10,4,14,0.71
BNB,100,115,215,0.47
BND,38,30,68,0.56
BNH,15,13,28,0.54
BNI,2,3,5,0.4
BNK,10,14,24,0.42
BNL,28,40,68,0.41
BNM,88,134,222,0.4
BNN,134,161,295,0.45
BNP,178,169,347,0.51
BNS,58,91,149,0.39
BNb,80,99,179,0.45
BNh,44,35,79,0.56
BNl,31,27,58,0.53
BNm,145,163,308,0.47
BNn,185,151,336,0.55
BNs,74,69,143,0.52
BNt,10,11,21,0.48
BPB,116,127,243,0.48
BPD,28,31,59,0.47
BPH,33,33,66,0.5
BPI,7,17,24,0.29
BPK,17,15,32,0.53
BPL,49,67,116,0.42
BPM,116,153,269,0.43
BPN,157,170,327,0.48
BPP,203,214,417,0.49
BPS,81,98,179,0.45
BPb,115,106,221,0.52
BPh,16,20,36,0.44
BPl,53,54,107,0.5
BPm,169,186,355,0.48
BPn,152,134,286,0.53
BPs,80,90,170,0.47
BPt,5,7,12,0.42
BSB,36,57,93,0.39
BSD,10,14,24,0.42
BSH,15,21,36,0.42
BSI,3,1,4,0.75
BSK,1,2,3,0.33
BSL,16,22,38,0.42
BSM,64,66,130,0.49
BSN,66,66,132,0.5
BSP,64,61,125,0.51
BSS,50,59,109,0.46
BSb,53,45,98,0.54
BSh,27,24,51,0.53
BSl,16,23,39,0.41
BSm,68,57,125,0.54
BSn,54,56,110,0.49
BSs,52,43,95,0.55
BSt,1,4,5,0.2
BbB,110,107,217,0.51
BbD,19,15,34,0.56
BbH,26,27,53,0.49
BbI,10,8,18,0.56
BbJ,26,24,50,0.52
BbK,12,11,23,0.52
BbL,22,38,60,0.37
BbM,78,111,189,0.41
BbN,111,117,228,0.49
BbP,124,135,259,0.48
BbS,34,60,94,0.36
Bbb,81,91,172,0.47
Bbh,1,1,2,0.5
Bbl,28,35,63,0.44
Bbm,100,89,189,0.53
Bbn,104,94,198,0.53
Bbs,49,38,87,0.56
BhB,4,7,11,0.36
BhD,1,5,6,0.17
BhH,0,1,1,0.0
BhI,0,2,2,0.0
BhL,1,3,4,0.25
BhM,7,13,20,0.35
BhN,6,9,15,0.4
BhP,6,9,15,0.4
BhS,6,3,9,0.67
Bhb,9,7,16,0.56
Bhh,8,6,14,0.57
Bhl,3,4,7,0.43
Bhm,7,7,14,0.5
Bhn,19,17,36,0.53
Bhs,8,5,13,0.62
Bht,1,1,2,0.5
BjB,19,23,42,0.45
BjD,2,2,4,0.5
BjH,5,6,11,0.45
BjI,0,0,0,
BjK,0,0,0,
BjL,6,7,13,0.46
BjM,14,19,33,0.42
BjN,16,17,33,0.48
BjP,21,22,43,0.49
BjS,10,14,24,0.42
Bjb,14,12,26,0.54
Bjh,2,3,5,0.4
Bjl,5,2,7,0.71
Bjm,12,21,33,0.36
Bjn,17,19,36,0.47
Bjs,12,5,17,0.71
Bjt,2,2,4,0.5
BlB,25,31,56,0.45
BlD,7,8,15,0.47
BlH,18,20,38,0.47
BlI,6,2,8,0.75
BlJ,8,9,17,0.47
BlK,2,1,3,0.67
BlL,10,12,22,0.45
BlM,32,34,66,0.48
BlN,27,43,70,0.39
BlP,38,46,84,0.45
BlS,23,23,46,0.5
Blb,26,18,44,0.59
Blh,0,1,1,0.0
Bll,8,6,14,0.57
Blm,39,32,71,0.55
Bln,23,25,48,0.48
Bls,17,22,39,0.44
BmB,89,124,213,0.42
BmD,54,32,86,0.63
BmH,82,93,175,0.47
BmI,5,2,7,0.71
BmJ,22,21,43,0.51
BmK,1,5,6,0.17
BmL,31,28,59,0.53
BmM,113,141,254,0.44
BmN,142,160,302,0.47
BmP,155,135,290,0.53
BmS,66,86,152,0.43
Bmb,117,70,187,0.63
Bml,30,26,56,0.54
Bmm,148,126,274,0.54
Bmn,131,106,237,0.55
Bms,65,65,130,0.5
BnB,107,124,231,0.46
BnD,30,26,56,0.54
BnH,63,67,130,0.48
BnI,9,16,25,0.36
BnK,7,16,23,0.3
BnL,41,31,72,0.57
BnM,119,150,269,0.44
BnN,186,177,363,0.51
BnP,196,187,383,0.51
BnS,97,96,193,0.5
Bnb,106,94,200,0.53
Bnh,2,6,8,0.25
Bnl,47,34,81,0.58
Bnm,164,140,304,0.54
Bnn,142,166,308,0.46
Bns,94,80,174,0.54
BsB,36,41,77,0.47
BsD,11,22,33,0.33
BsH,50,51,101,0.5
BsI,11,4,15,0.73
BsK,2,1,3,0.67
BsL,13,10,23,0.57
BsM,46,54,100,0.46
BsN,69,65,134,0.51
BsP,66,66,132,0.5
BsS,50,54,104,0.48
Bsb,37,27,64,0.58
Bsh,3,1,4,0.75
Bsl,14,13,27,0.52
Bsm,70,40,110,0.64
Bsn,61,51,112,0.54
Bss,51,50,101,0.5
BtB,2,4,6,0.33
BtD,3,1,4,0.75
BtH,7,4,11,0.64
BtI,1,0,1,1.0
BtL,0,4,4,0.0
BtM,6,15,21,0.29
BtN,9,12,21,0.43
BtP,13,18,31,0.42
BtS,7,10,17,0.41
Btb,7,5,12,0.58
Btl,2,1,3,0.67
Btm,14,9,23,0.61
Btn,12,10,22,0.55
Bts,5,8,13,0.38
Btt,1,2,3,0.33
DBB,28,38,66,0.42
DBD,8,4,12,0.67
DBK,6,7,13,0.46
DBL,6,13,19,0.32
DBM,24,39,63,0.38
DBN,29,35,64,0.45
DBP,26,36,62,0.42
DBS,20,16,36,0.56
DBb,27,17,44,0.61
DBh,2,3,5,0.4
DBj,3,4,7,0.43
DBl,7,11,18,0.39
DBm,42,34,76,0.55
DBn,32,31,63,0.51
DBs,13,8,21,0.62
DBt,2,0,2,1.0
DDB,23,9,32,0.72
DDD,22,7,29,0.76
DDH,10,20,30,0.33
DDI,2,0,2,1.0
DDL,8,8,16,0.5
DDM,33,25,58,0.57
DDN,14,18,32,0.44
DDP,24,23,47,0.51
DDS,14,20,34,0.41
DDb,16,15,31,0.52
DDh,1,1,2,0.5
DDl,4,9,13,0.31
DDm,33,38,71,0.46
DDn,7,12,19,0.37
DDs,9,17,26,0.35
DDt,3,1,4,0.75
DHB,23,22,45,0.51
DHD,13,6,19,0.68
DHH,3,3,6,0.5
DHI,2,2,4,0.5
DHK,1,2,3,0.33
DHL,10,9,19,0.53
DHM,39,44,83,0.47
DHN,23,19,42,0.55
DHP,26,41,67,0.39
DHS,27,29,56,0.48
DHb,23,27,50,0.46
DHh,15,9,24,0.62
DHl,12,5,17,0.71
DHm,47,45,92,0.51
DHn,23,21,44,0.52
DHs,21,22,43,0.49
DHt,2,2,4,0.5
DIB,1,3,4,0.25
DID,1,1,2,0.5
DIH,0,2,2,0.0
DII,1,0,1,1.0
DIL,2,1,3,0.67
DIM,1,2,3,0.33
DIN,3,0,3,1.0
DIP,2,3,5,0.4
DIS,1,1,2,0.5
DIb,1,1,2,0.5
DIm,0,1,1,0.0
DIn,3,2,5,0.6
DIs,2,1,3,0.67
DKB,1,0,1,1.0
DKI,0,0,0,
DKM,0,2,2,0.0
DKP,1,0,1,1.0
DKS,0,1,1,0.0
DKn,0,0,0,
DKs,0,0,0,
DLB,10,11,21,0.48
DLD,2,6,8,0.25
DLK,0,4,4,0.0
DLL,2,4,6,0.33
DLM,8,17,25,0.32
DLN,7,11,18,0.39
DLP,17,9,26,0.65
DLS,13,8,21,0.62
DLb,7,10,17,0.41
DLh,3,5,8,0.38
DLj,2,1,3,0.67
DLl,5,7,12,0.42
DLm,14,12,26,0.54
DLn,13,14,27,0.48
DLs,3,4,7,0.43
DLt,1,6,7,0.14
DMB,42,58,100,0.42
DMD,19,13,32,0.59
DMH,0,1,1,0.0
DML,10,12,22,0.45
DMM,48,70,118,0.41
DMN,33,39,72,0.46
DMP,40,50,90,0.44
DMS,32,31,63,0.51
DMb,27,44,71,0.38
DMh,39,43,82,0.48
DMj,4,2,6,0.67
DMl,9,7,16,0.56
DMm,65,53,118,0.55
DMn,40,45,85,0.47
DMs,26,35,61,0.43
DMt,1,1,2,0.5
DNB,29,26,55,0.53
DND,13,13,26,0.5
DNH,4,3,7,0.57
DNI,0,1,1,0.0
DNK,2,2,4,0.5
DNL,8,8,16,0.5
DNM,33,44,77,0.43
DNN,37,28,65,0.57
DNP,25,28,53,0.47
DNS,25,16,41,0.61
DNb,21,22,43,0.49
DNh,8,3,11,0.73
DNl,9,13,22,0.41
DNm,40,32,72,0.56
DNn,41,39,80,0.51
DNs,26,21,47,0.55
DNt,4,8,12,0.33
DPB,35,44,79,0.44
DPD,15,13,28,0.54
DPH,6,12,18,0.33
DPI,3,6,9,0.33
DPK,8,3,11,0.73
DPL,13,17,30,0.43
DPM,29,45,74,0.39
DPN,27,36,63,0.43
DPP,50,51,101,0.5
DPS,30,32,62,0.48
DPb,38,36,74,0.51
DPh,3,2,5,0.6
DPl,14,12,26,0.54
DPm,60,45,105,0.57
DPn,35,29,64,0.55
DPs,29,27,56,0.52
DPt,4,4,8,0.5
DSB,27,31,58,0.47
DSD,14,10,24,0.58
DSH,12,11,23,0.52
DSI,0,1,1,0.0
DSK,0,0,0,
DSL,15,9,24,0.62
DSM,30,32,62,0.48
DSN,28,19,47,0.6
DSP,33,33,66,0.5
DSS,26,28,54,0.48
DSb,24,28,52,0.46
DSh,16,11,27,0.59
DSl,8,7,15,0.53
DSm,38,42,80,0.48
DSn,24,19,43,0.56
DSs,47,35,82,0.57
DSt,2,3,5,0.4
DbB,25,29,54,0.46
DbD,3,7,10,0.3
DbH,7,7,14,0.5
DbI,3,1,4,0.75
DbJ,10,4,14,0.71
DbK,3,11,14,0.21
DbL,3,5,8,0.38
DbM,37,26,63,0.59
DbN,31,21,52,0.6
DbP,45,22,67,0.67
DbS,21,14,35,0.6
Dbb,28,34,62,0.45
Dbl,7,6,13,0.54
Dbm,38,30,68,0.56
Dbn,18,20,38,0.47
Dbs,13,12,25,0.52
DhB,1,0,1,1.0
DhL,0,1,1,0.0
DhM,0,1,1,0.0
DhN,1,1,2,0.5
DhP,3,1,4,0.75
DhS,1,1,2,0.5
Dhb,1,0,1,1.0
Dhh,1,1,2,0.5
Dhl,0,0,0,
Dhm,1,4,5,0.2
Dhn,2,1,3,0.67
Dhs,0,1,1,0.0
DlB,14,11,25,0.56
DlD,2,2,4,0.5
DlH,4,5,9,0.44
DlI,0,0,0,
DlJ,3,4,7,0.43
DlK,0,1,1,0.0
DlL,8,2,10,0.8
DlM,11,10,21,0.52
DlN,13,8,21,0.62
DlP,11,10,21,0.52
DlS,7,8,15,0.47
Dlb,16,8,24,0.67
Dll,4,7,11,0.36
Dlm,12,12,24,0.5
Dln,9,6,15,0.6
Dls,3,9,12,0.25
DmB,38,49,87,0.44
DmD,22,29,51,0.43
DmH,38,36,74,0.51
DmI,0,3,3,0.0
DmJ,8,5,13,0.62
DmK,0,1,1,0.0
DmL,10,14,24,0.42
DmM,57,66,123,0.46
DmN,42,41,83,0.51
DmP,38,56,94,0.4
DmS,32,36,68,0.47
Dmb,40,43,83,0.48
Dmh,0,2,2,0.0
Dml,8,7,15,0.53
Dmm,67,56,123,0.54
Dmn,43,32,75,0.57
Dms,34,20,54,0.63
DnB,19,31,50,0.38
DnD,17,11,28,0.61
DnH,15,8,23,0.65
DnI,3,5,8,0.38
DnK,3,1,4,0.75
DnL,7,5,12,0.58
DnM,34,37,71,0.48
DnN,35,29,64,0.55
DnP,30,41,71,0.42
DnS,25,20,45,0.56
Dnb,28,25,53,0.53
Dnh,1,1,2,0.5
Dnl,10,8,18,0.56
Dnm,34,32,66,0.52
Dnn,29,25,54,0.54
Dns,18,15,33,0.55
DsB,13,20,33,0.39
DsD,14,10,24,0.58
DsH,28,32,60,0.47
DsI,2,3,5,0.4
DsL,8,12,20,0.4
DsM,24,31,55,0.44
DsN,29,16,45,0.64
DsP,26,30,56,0.46
DsS,30,31,61,0.49
Dsb,21,20,41,0.51
Dsh,2,1,3,0.67
Dsl,4,11,15,0.27
Dsm,29,27,56,0.52
Dsn,20,22,42,0.48
Dss,21,29,50,0.42
Dst,0,0,0,
DtB,8,2,10,0.8
DtD,1,1,2,0.5
DtH,2,1,3,0.67
DtL,0,3,3,0.0
DtM,0,5,5,0.0
DtN,4,3,7,0.57
DtP,5,3,8,0.62
DtS,2,2,4,0.5
Dtb,3,1,4,0.75
Dtl,0,1,1,0.0
Dtm,3,0,3,1.0
Dtn,1,2,3,0.33
Dts,2,2,4,0.5
Dtt,1,1,2,0.5
HBB,47,35,82,0.57
HBD,7,5,12,0.58
HBH,1,0,1,1.0
HBK,3,6,9,0.33
HBL,8,23,31,0.26
HBM,19,37,56,0.34
HBN,41,40,81,0.51
HBP,40,49,89,0.45
HBS,21,22,43,0.49
HBb,32,30,62,0.52
HBh,1,2,3,0.33
HBj,6,4,10,0.6
HBl,16,8,24,0.67
HBm,42,35,77,0.55
HBn,32,45,77,0.42
HBs,16,17,33,0.48
HBt,0,4,4,0.0
HDB,9,7,16,0.56
HDD,1,3,4,0.25
HDH,11,8,19,0.58
HDI,1,0,1,1.0
HDK,1,0,1,1.0
HDL,2,3,5,0.4
HDM,19,15,34,0.56
HDN,8,9,17,0.47
HDP,13,13,26,0.5
HDS,12,12,24,0.5
HDb,10,8,18,0.56
HDh,0,1,1,0.0
HDl,6,3,9,0.67
HDm,27,11,38,0.71
HDn,12,12,24,0.5
HDs,6,11,17,0.35
HDt,0,0,0,
HHB,5,4,9,0.56
HHD,1,4,5,0.2
HHH,5,7,12,0.42
HHI,1,1,2,0.5
HHK,1,0,1,1.0
HHL,4,3,7,0.57
HHM,6,12,18,0.33
HHN,14,5,19,0.74
HHP,8,10,18,0.44
HHS,9,13,22,0.41
HHb,9,4,13,0.69
HHh,0,4,4,0.0
HHm,6,5,11,0.55
HHn,5,9,14,0.36
HHs,8,9,17,0.47
HIB,1,4,5,0.2
HID,1,2,3,0.33
HIH,3,3,6,0.5
HII,0,0,0,
HIL,0,3,3,0.0
HIM,2,8,10,0.2
HIN,4,1,5,0.8
HIP,6,9,15,0.4
HIS,1,1,2,0.5
HIb,5,3,8,0.62
HIl,3,0,3,1.0
HIm,5,3,8,0.62
HIn,3,5,8,0.38
HIs,3,5,8,0.38
HKB,6,4,10,0.6
HKD,0,0,0,
HKK,0,1,1,0.0
HKL,1,0,1,1.0
HKM,2,5,7,0.29
HKN,2,3,5,0.4
HKP,2,5,7,0.29
HKS,4,2,6,0.67
HKb,4,3,7,0.57
HKh,3,4,7,0.43
HKl,2,2,4,0.5
HKm,1,9,10,0.1
HKn,2,1,3,0.67
HKs,4,5,9,0.44
HKt,1,0,1,1.0
HLB,18,11,29,0.62
HLD,4,7,11,0.36
HLK,1,1,2,0.5
HLL,5,2,7,0.71
HLM,10,20,30,0.33
HLN,8,14,22,0.36
HLP,11,17,28,0.39
HLS,6,15,21,0.29
HLb,10,15,25,0.4
HLh,3,5,8,0.38
HLj,3,3,6,0.5
HLl,8,6,14,0.57
HLm,18,17,35,0.51
HLn,15,12,27,0.56
HLs,6,9,15,0.4
HLt,1,0,1,1.0
HMB,37,39,76,0.49
HMD,8,13,21,0.38
HMK,2,0,2,1.0
HML,13,11,24,0.54
HMM,46,45,91,0.51
HMN,45,52,97,0.46
HMP,59,60,119,0.5
HMS,34,31,65,0.52
HMb,41,40,81,0.51
HMh,39,47,86,0.45
HMj,3,5,8,0.38
HMl,14,15,29,0.48
HMm,57,47,104,0.55
HMn,58,54,112,0.52
HMs,28,26,54,0.52
HMt,3,5,8,0.38
HNB,31,31,62,0.5
HND,12,8,20,0.6
HNH,7,8,15,0.47
HNI,0,0,0,
HNK,7,10,17,0.41
HNL,8,10,18,0.44
HNM,42,57,99,0.42
HNN,50,63,113,0.44
HNP,49,63,112,0.44
HNS,34,48,82,0.41
HNb,35,37,72,0.49
HNh,9,14,23,0.39
HNl,12,11,23,0.52
HNm,57,34,91,0.63
HNn,53,72,125,0.42
HNs,33,23,56,0.59
HNt,7,3,10,0.7
HPB,51,36,87,0.59
HPD,17,8,25,0.68
HPH,18,13,31,0.58
HPI,7,5,12,0.58
HPK,6,10,16,0.38
HPL,21,17,38,0.55
HPM,65,70,135,0.48
HPN,51,54,105,0.49
HPP,80,70,150,0.53
HPS,48,49,97,0.49
HPb,57,38,95,0.6
HPh,5,6,11,0.45
HPl,24,16,40,0.6
HPm,61,66,127,0.48
HPn,49,46,95,0.52
HPs,38,31,69,0.55
HPt,1,5,6,0.17
HSB,27,22,49,0.55
HSD,11,12,23,0.48
HSH,8,15,23,0.35
HSI,0,1,1,0.0
HSK,3,1,4,0.75
HSL,11,12,23,0.48
HSM,31,55,86,0.36
HSN,35,25,60,0.58
HSP,45,46,91,0.49
HSS,36,68,104,0.35
HSb,29,25,54,0.54
HSh,18,26,44,0.41
HSl,11,12,23,0.48
HSm,56,46,102,0.55
HSn,41,32,73,0.56
HSs,29,47,76,0.38
HSt,4,0,4,1.0
HbB,31,26,57,0.54
HbD,8,12,20,0.4
HbH,6,6,12,0.5
HbI,1,1,2,0.5
HbJ,8,8,16,0.5
HbK,3,13,16,0.19
HbL,14,21,35,0.4
HbM,29,40,69,0.42
HbN,53,37,90,0.59
HbP,54,34,88,0.61
HbS,24,19,43,0.56
Hbb,41,37,78,0.53
Hbh,0,1,1,0.0
Hbl,10,9,19,0.53
Hbm,36,40,76,0.47
Hbn,30,22,52,0.58
Hbs,16,20,36,0.44
HhB,13,11,24,0.54
HhD,4,4,8,0.5
HhH,5,5,10,0.5
HhI,1,0,1,1.0
HhK,0,1,1,0.0
HhL,1,8,9,0.11
HhM,26,26,52,0.5
HhN,19,16,35,0.54
HhP,19,27,46,0.41
HhS,18,13,31,0.58
Hhb,17,15,32,0.53
Hhh,20,16,36,0.56
Hhl,6,17,23,0.26
Hhm,27,29,56,0.48
Hhn,16,20,36,0.44
Hhs,14,17,31,0.45
Hht,0,0,0,
HlB,6,14,20,0.3
HlD,4,2,6,0.67
HlH,11,5,16,0.69
HlI,0,1,1,0.0
HlJ,1,6,7,0.14
HlK,1,0,1,1.0
HlL,8,8,16,0.5
HlM,20,11,31,0.65
HlN,22,13,35,0.63
HlP,17,19,36,0.47
HlS,6,8,14,0.43
Hlb,9,18,27,0.33
Hll,3,5,8,0.38
Hlm,11,15,26,0.42
Hln,9,8,17,0.53
Hls,8,9,17,0.47
HmB,45,40,85,0.53
HmD,19,17,36,0.53
HmH,47,43,90,0.52
HmI,4,0,4,1.0
HmJ,8,7,15,0.53
HmK,0,1,1,0.0
HmL,18,12,30,0.6
HmM,56,79,135,0.41
HmN,38,60,98,0.39
HmP,62,62,124,0.5
HmS,40,32,72,0.56
Hmb,56,37,93,0.6
Hmh,1,0,1,1.0
Hml,14,11,25,0.56
Hmm,70,45,115,0.61
Hmn,46,49,95,0.48
Hms,30,25,55,0.55
HnB,36,36,72,0.5
HnD,15,8,23,0.65
HnH,32,21,53,0.6
HnI,2,6,8,0.25
HnK,8,2,10,0.8
HnL,17,11,28,0.61
HnM,42,55,97,0.43
HnN,59,52,111,0.53
HnP,62,54,116,0.53
HnS,39,43,82,0.48
Hnb,30,38,68,0.44
Hnh,0,3,3,0.0
Hnl,5,7,12,0.42
Hnm,48,31,79,0.61
Hnn,52,40,92,0.57
Hns,42,31,73,0.58
HsB,17,17,34,0.5
HsD,17,10,27,0.63
HsH,45,34,79,0.57
HsI,3,2,5,0.6
HsK,1,0,1,1.0
HsL,20,6,26,0.77
HsM,31,43,74,0.42
HsN,30,21,51,0.59
HsP,45,33,78,0.58
HsS,40,35,75,0.53
Hsb,25,23,48,0.52
Hsh,3,3,6,0.5
Hsl,12,12,24,0.5
Hsm,50,30,80,0.62
Hsn,36,39,75,0.48
Hss,43,39,82,0.52
Hst,1,0,1,1.0
HtB,2,3,5,0.4
HtH,0,1,1,0.0
HtI,0,0,0,
HtK,0,1,1,0.0
HtL,1,0,1,1.0
HtM,1,1,2,0.5
HtN,2,1,3,0.67
HtP,2,3,5,0.4
HtS,1,2,3,0.33
Htb,1,2,3,0.33
Hth,1,0,1,1.0
Htl,0,2,2,0.0
Htm,4,1,5,0.8
Htn,3,3,6,0.5
Hts,4,3,7,0.57
Htt,1,0,1,1.0
IBB,8,1,9,0.89
IBD,5,1,6,0.83
IBK,1,3,4,0.25
IBL,2,1,3,0.67
IBM,4,5,9,0.44
IBN,2,7,9,0.22
IBP,8,7,15,0.53
IBS,5,4,9,0.56
IBb,5,6,11,0.45
IBh,0,1,1,0.0
IBj,2,0,2,1.0
IBl,3,2,5,0.6
IBm,7,7,14,0.5
IBn,9,9,18,0.5
IBs,3,3,6,0.5
IDB,2,3,5,0.4
IDD,1,0,1,1.0
IDH,4,2,6,0.67
IDL,2,1,3,0.67
IDM,1,4,5,0.2
IDN,2,3,5,0.4
IDP,1,2,3,0.33
IDS,3,1,4,0.75
IDb,3,3,6,0.5
IDh,0,1,1,0.0
IDl,4,1,5,0.8
IDm,6,3,9,0.67
IDn,2,1,3,0.67
IDs,6,1,7,0.86
IDt,0,0,0,
IHB,4,4,8,0.5
IHD,2,0,2,1.0
IHH,1,0,1,1.0
IHI,1,0,1,1.0
IHK,1,0,1,1.0
IHL,3,3,6,0.5
IHM,5,9,14,0.36
IHN,6,3,9,0.67
IHP,6,10,16,0.38
IHS,1,4,5,0.2
IHb,3,2,5,0.6
IHh,3,4,7,0.43
IHl,2,1,3,0.67
IHm,7,6,13,0.54
IHn,4,3,7,0.57
IHs,5,4,9,0.56
IIB,0,1,1,0.0
IIM,0,0,0,
IIP,1,1,2,0.5
IIb,1,0,1,1.0
IIl,0,1,1,0.0
IIm,3,1,4,0.75
IIn,1,0,1,1.0
IIs,0,0,0,
ILB,0,3,3,0.0
ILD,1,0,1,1.0
ILK,2,0,2,1.0
ILL,2,1,3,0.67
ILM,3,3,6,0.5
ILN,1,0,1,1.0
ILP,5,2,7,0.71
ILS,3,2,5,0.6
ILb,0,2,2,0.0
ILh,1,0,1,1.0
ILl,0,1,1,0.0
ILm,4,4,8,0.5
ILn,2,3,5,0.4
ILs,2,0,2,1.0
ILt,1,2,3,0.33
IMB,7,8,15,0.47
IMD,1,5,6,0.17
IML,2,2,4,0.5
IMM,5,13,18,0.28
IMN,11,10,21,0.52
IMP,6,13,19,0.32
IMS,3,3,6,0.5
IMb,5,4,9,0.56
IMh,3,6,9,0.33
IMj,0,1,1,0.0
IMl,1,2,3,0.33
IMm,9,10,19,0.47
IMn,5,14,19,0.26
IMs,7,5,12,0.58
IMt,0,2,2,0.0
INB,5,6,11,0.45
IND,1,1,2,0.5
INH,2,3,5,0.4
INL,2,1,3,0.67
INM,6,7,13,0.46
INN,6,9,15,0.4
INP,9,13,22,0.41
INS,7,3,10,0.7
INb,3,4,7,0.43
INh,4,1,5,0.8
INl,2,0,2,1.0
INm,5,4,9,0.56
INn,8,9,17,0.47
INs,7,2,9,0.78
INt,3,0,3,1.0
IPB,10,3,13,0.77
IPD,0,2,2,0.0
IPH,1,1,2,0.5
IPI,1,1,2,0.5
IPK,5,1,6,0.83
IPL,5,1,6,0.83
IPM,14,14,28,0.5
IPN,12,8,20,0.6
IPP,12,7,19,0.63
IPS,7,10,17,0.41
IPb,6,10,16,0.38
IPh,0,2,2,0.0
IPl,3,3,6,0.5
IPm,13,16,29,0.45
IPn,8,11,19,0.42
IPs,6,2,8,0.75
IPt,0,3,3,0.0
ISB,4,2,6,0.67
ISD,1,1,2,0.5
ISH,3,3,6,0.5
ISI,2,1,3,0.67
ISL,4,1,5,0.8
ISM,5,9,14,0.36
ISN,5,1,6,0.83
ISP,7,5,12,0.58
ISS,6,4,10,0.6
ISb,2,2,4,0.5
ISh,0,4,4,0.0
ISl,4,2,6,0.67
ISm,9,4,13,0.69
ISn,9,3,12,0.75
ISs,7,7,14,0.5
ISt,4,1,5,0.8
IbB,6,5,11,0.55
IbD,0,1,1,0.0
IbH,3,1,4,0.75
IbJ,0,6,6,0.0
IbK,1,0,1,1.0
IbL,3,3,6,0.5
IbM,8,10,18,0.44
IbN,7,10,17,0.41
IbP,14,9,23,0.61
IbS,3,3,6,0.5
Ibb,9,8,17,0.53
Ibl,3,1,4,0.75
Ibm,7,4,11,0.64
Ibn,2,8,10,0.2
Ibs,6,5,11,0.55
IhN,0,1,1,0.0
Ihh,1,0,1,1.0
IlB,1,2,3,0.33
IlD,2,0,2,1.0
IlH,1,1,2,0.5
IlI,0,1,1,0.0
IlJ,0,0,0,
IlK,1,1,2,0.5
IlL,1,0,1,1.0
IlM,1,1,2,0.5
IlN,1,3,4,0.25
IlP,1,1,2,0.5
IlS,2,0,2,1.0
Ilb,1,3,4,0.25
Ill,1,0,1,1.0
Ilm,5,0,5,1.0
Iln,0,1,1,0.0
Ils,1,0,1,1.0
ImB,9,4,13,0.69
ImD,3,2,5,0.6
ImH,4,3,7,0.57
ImI,1,0,1,1.0
ImJ,0,2,2,0.0
ImL,1,0,1,1.0
ImM,8,8,16,0.5
ImN,10,10,20,0.5
ImP,6,14,20,0.3
ImS,4,6,10,0.4
Imb,12,6,18,0.67
Iml,1,1,2,0.5
Imm,8,9,17,0.47
Imn,10,3,13,0.77
Ims,2,5,7,0.29
InB,3,4,7,0.43
InD,0,3,3,0.0
InH,6,1,7,0.86
InK,0,2,2,0.0
InL,1,4,5,0.2
InM,6,7,13,0.46
InN,11,5,16,0.69
InP,11,9,20,0.55
InS,6,8,14,0.43
Inb,3,5,8,0.38
Inl,2,2,4,0.5
Inm,6,8,14,0.43
Inn,4,4,8,0.5
Ins,3,1,4,0.75
IsB,5,2,7,0.71
IsH,0,4,4,0.0
IsI,1,0,1,1.0
IsL,1,0,1,1.0
IsM,3,6,9,0.33
IsN,4,2,6,0.67
IsP,5,6,11,0.45
IsS,5,7,12,0.42
Isb,1,1,2,0.5
Ish,0,0,0,
Isl,1,5,6,0.17
Ism,5,8,13,0.38
Isn,3,6,9,0.33
Iss,4,4,8,0.5
ItN,1,0,1,1.0
ItP,1,1,2,0.5
Itb,1,0,1,1.0
Itm,1,0,1,1.0
Its,1,0,1,1.0
JBB,3,4,7,0.43
JBD,0,1,1,0.0
JBL,1,3,4,0.25
JBM,6,5,11,0.55
JBN,5,6,11,0.45
JBP,3,3,6,0.5
JBS,1,1,2,0.5
JBb,3,4,7,0.43
JBh,0,1,1,0.0
JBj,2,1,3,0.67
JBl,3,0,3,1.0
JBm,6,6,12,0.5
JBn,6,6,12,0.5
JBs,5,5,10,0.5
JBt,0,1,1,0.0
JDB,0,6,6,0.0
JDD,0,1,1,0.0
JDH,6,2,8,0.75
JDK,1,0,1,1.0
JDL,0,1,1,0.0
JDM,0,0,0,
JDN,2,3,5,0.4
JDP,1,4,5,0.2
JDS,3,1,4,0.75
JDb,1,1,2,0.5
JDm,1,0,1,1.0
JDn,1,0,1,1.0
JDs,0,1,1,0.0
JDt,1,0,1,1.0
JHB,0,1,1,0.0
JHD,0,0,0,
JHH,0,1,1,0.0
JHK,1,0,1,1.0
JHL,0,0,0,
JHM,3,2,5,0.6
JHN,3,5,8,0.38
JHP,5,3,8,0.62
JHS,3,2,5,0.6
JHb,2,2,4,0.5
JHh,1,1,2,0.5
JHl,2,0,2,1.0
JHm,6,4,10,0.6
JHn,2,0,2,1.0
JHs,2,4,6,0.33
JIB,2,1,3,0.67
JID,2,0,2,1.0
JIH,1,0,1,1.0
JII,0,1,1,0.0
JIN,1,0,1,1.0
JIP,1,0,1,1.0
JIb,1,0,1,1.0
JIn,0,0,0,
JKH,1,0,1,1.0
JKL,1,0,1,1.0
JKN,1,0,1,1.0
JKP,0,1,1,0.0
JKb,0,1,1,0.0
JKl,1,0,1,1.0
JKn,0,1,1,0.0
JLB,3,4,7,0.43
JLK,0,1,1,0.0
JLL,0,1,1,0.0
JLM,3,4,7,0.43
JLN,1,1,2,0.5
JLP,4,1,5,0.8
JLS,0,1,1,0.0
JLb,1,2,3,0.33
JLh,1,0,1,1.0
JLl,0,0,0,
JLm,1,2,3,0.33
JLn,3,2,5,0.6
JLs,2,1,3,0.67
JMB,4,3,7,0.57
JMD,2,4,6,0.33
JML,2,0,2,1.0
JMM,7,4,11,0.64
JMN,1,6,7,0.14
JMP,4,9,13,0.31
JMS,3,7,10,0.3
JMb,6,5,11,0.55
JMh,4,4,8,0.5
JMm,9,15,24,0.38
JMn,11,6,17,0.65
JMs,4,3,7,0.57
JNB,4,3,7,0.57
JND,2,2,4,0.5
JNH,1,1,2,0.5
JNK,2,1,3,0.67
JNM,4,7,11,0.36
JNN,5,4,9,0.56
JNP,3,9,12,0.25
JNS,5,4,9,0.56
JNb,6,4,10,0.6
JNh,3,2,5,0.6
JNl,1,0,1,1.0
JNm,3,5,8,0.38
JNn,6,2,8,0.75
JNs,4,3,7,0.57
JPB,2,5,7,0.29
JPD,2,0,2,1.0
JPH,1,1,2,0.5
JPK,1,2,3,0.33
JPL,2,3,5,0.4
JPM,7,9,16,0.44
JPN,6,6,12,0.5
JPP,6,6,12,0.5
JPS,8,2,10,0.8
JPb,10,6,16,0.62
JPh,1,1,2,0.5
JPl,0,4,4,0.0
JPm,8,8,16,0.5
JPn,7,4,11,0.64
JPs,5,4,9,0.56
JPt,0,1,1,0.0
JSB,1,5,6,0.17
JSD,2,0,2,1.0
JSH,3,2,5,0.6
JSL,0,5,5,0.0
JSM,3,3,6,0.5
JSN,2,1,3,0.67
JSP,3,2,5,0.6
JSS,3,0,3,1.0
JSb,4,1,5,0.8
JSh,1,2,3,0.33
JSl,1,1,2,0.5
JSm,8,2,10,0.8
JSn,3,1,4,0.75
JSs,4,4,8,0.5
JSt,2,0,2,1.0
JbB,3,9,12,0.25
JbD,0,0,0,
JbH,1,2,3,0.33
JbJ,2,0,2,1.0
JbK,1,0,1,1.0
JbL,0,0,0,
JbM,12,5,17,0.71
JbN,6,4,10,0.6
JbP,5,6,11,0.45
JbS,2,3,5,0.4
Jbb,8,2,10,0.8
Jbl,2,1,3,0.67
Jbm,7,4,11,0.64
Jbn,6,4,10,0.6
Jbs,3,2,5,0.6
JhI,0,1,1,0.0
JhM,0,1,1,0.0
JhP,0,1,1,0.0
Jhh,3,1,4,0.75
Jhl,0,1,1,0.0
Jhm,2,1,3,0.67
Jhs,2,0,2,1.0
JlB,1,3,4,0.25
JlD,1,0,1,1.0
JlI,1,0,1,1.0
JlL,0,1,1,0.0
JlM,2,4,6,0.33
JlN,2,3,5,0.4
JlP,1,0,1,1.0
JlS,2,0,2,1.0
Jlb,4,1,5,0.8
Jll,2,1,3,0.67
Jlm,3,0,3,1.0
Jln,1,2,3,0.33
Jls,1,2,3,0.33
JmB,7,6,13,0.54
JmD,1,1,2,0.5
JmH,5,3,8,0.62
JmI,0,0,0,
JmJ,2,1,3,0.67
JmL,1,4,5,0.2
JmM,6,4,10,0.6
JmN,3,8,11,0.27
JmP,5,5,10,0.5
JmS,1,4,5,0.2
Jmb,6,3,9,0.67
Jml,2,2,4,0.5
Jmm,11,8,19,0.58
Jmn,7,4,11,0.64
Jms,3,3,6,0.5
JnB,7,5,12,0.58
JnD,3,2,5,0.6
JnH,3,2,5,0.6
JnI,0,0,0,
JnK,0,0,0,
JnL,1,1,2,0.5
JnM,1,8,9,0.11
JnN,5,7,12,0.42
JnP,9,8,17,0.53
JnS,3,2,5,0.6
Jnb,5,1,6,0.83
Jnl,1,1,2,0.5
Jnm,1,5,6,0.17
Jnn,2,7,9,0.22
Jns,5,3,8,0.62
JsB,4,3,7,0.57
JsD,3,1,4,0.75
JsH,2,2,4,0.5
JsL,2,1,3,0.67
JsM,4,7,11,0.36
JsN,3,4,7,0.43
JsP,6,3,9,0.67
JsS,0,0,0,
Jsb,2,1,3,0.67
Jsh,0,1,1,0.0
Jsl,3,2,5,0.6
Jsm,9,1,10,0.9
Jsn,5,5,10,0.5
Jss,2,1,3,0.67
Jst,2,0,2,1.0
JtB,1,0,1,1.0
JtK,0,1,1,0.0
JtM,1,0,1,1.0
JtN,0,1,1,0.0
Jtb,0,1,1,0.0
Jtl,0,1,1,0.0
Jtm,0,1,1,0.0
Jtn,0,0,0,
Jts,0,1,1,0.0
KBB,4,7,11,0.36
KBD,1,1,2,0.5
KBH,0,1,1,0.0
KBK,3,0,3,1.0
KBL,1,4,5,0.2
KBM,6,6,12,0.5
KBN,8,8,16,0.5
KBP,13,11,24,0.54
KBS,0,5,5,0.0
KBb,7,1,8,0.88
KBh,0,1,1,0.0
KBj,1,0,1,1.0
KBl,4,1,5,0.8
KBm,14,12,26,0.54
KBn,8,9,17,0.47
KBs,4,3,7,0.57
KDB,3,4,7,0.43
KDD,2,2,4,0.5
KDH,0,3,3,0.0
KDK,0,0,0,
KDL,0,1,1,0.0
KDM,2,3,5,0.4
KDN,2,2,4,0.5
KDP,2,2,4,0.5
KDS,0,1,1,0.0
KDb,3,3,6,0.5
KDl,1,3,4,0.25
KDm,2,3,5,0.4
KDn,0,3,3,0.0
KDs,1,2,3,0.33
KDt,1,0,1,1.0
KHB,0,2,2,0.0
KHI,0,1,1,0.0
KHK,0,0,0,
KHM,3,0,3,1.0
KHN,2,1,3,0.67
KHP,1,1,2,0.5
KHS,1,3,4,0.25
KHb,1,0,1,1.0
KHh,0,2,2,0.0
KHl,1,0,1,1.0
KHm,2,0,2,1.0
KHn,1,4,5,0.2
KHs,3,0,3,1.0
KIB,1,0,1,1.0
KID,0,0,0,
KIH,1,1,2,0.5
KIL,0,0,0,
KIM,0,2,2,0.0
KIN,1,1,2,0.5
KIP,2,1,3,0.67
KIS,0,1,1,0.0
KIb,2,1,3,0.67
KIl,0,0,0,
KIm,1,1,2,0.5
KIn,1,2,3,0.33
KIs,1,1,2,0.5
KKP,0,0,0,
KKn,0,1,1,0.0
KLB,5,5,10,0.5
KLD,1,0,1,1.0
KLL,0,5,5,0.0
KLM,2,2,4,0.5
KLN,4,3,7,0.57
KLP,5,7,12,0.42
KLS,3,2,5,0.6
KLb,3,2,5,0.6
KLh,0,0,0,
KLj,0,1,1,0.0
KLl,1,1,2,0.5
KLm,2,7,9,0.22
KLn,3,1,4,0.75
KLs,0,1,1,0.0
KLt,1,0,1,1.0
KMB,9,13,22,0.41
KMD,0,6,6,0.0
KML,4,5,9,0.44
KMM,11,16,27,0.41
KMN,10,11,21,0.48
KMP,13,10,23,0.57
KMS,8,4,12,0.67
KMb,7,9,16,0.44
KMh,6,6,12,0.5
KMj,0,1,1,0.0
KMl,4,5,9,0.44
KMm,17,16,33,0.52
KMn,9,13,22,0.41
KMs,10,11,21,0.48
KMt,1,1,2,0.5
KNB,5,8,13,0.38
KND,1,3,4,0.25
KNH,4,1,5,0.8
KNK,1,2,3,0.33
KNL,5,3,8,0.62
KNM,6,16,22,0.27
KNN,5,7,12,0.42
KNP,10,11,21,0.48
KNS,7,2,9,0.78
KNb,13,6,19,0.68
KNh,0,1,1,0.0
KNl,3,3,6,0.5
KNm,8,11,19,0.42
KNn,7,6,13,0.54
KNs,7,8,15,0.47
KNt,0,2,2,0.0
KPB,8,12,20,0.4
KPD,5,2,7,0.71
KPH,1,4,5,0.2
KPI,1,1,2,0.5
KPL,4,8,12,0.33
KPM,16,16,32,0.5
KPN,8,10,18,0.44
KPP,11,19,30,0.37
KPS,4,14,18,0.22
KPb,16,9,25,0.64
KPh,3,1,4,0.75
KPl,7,3,10,0.7
KPm,17,21,38,0.45
KPn,4,9,13,0.31
KPs,3,5,8,0.38
KPt,0,3,3,0.0
KSB,2,4,6,0.33
KSD,0,1,1,0.0
KSH,6,1,7,0.86
KSK,0,1,1,0.0
KSL,5,3,8,0.62
KSM,6,9,15,0.4
KSN,3,4,7,0.43
KSP,7,8,15,0.47
KSS,7,10,17,0.41
KSb,6,3,9,0.67
KSh,4,5,9,0.44
KSl,4,1,5,0.8
KSm,8,8,16,0.5
KSn,2,5,7,0.29
KSs,7,6,13,0.54
KSt,2,2,4,0.5
KbB,8,4,12,0.67
KbD,1,2,3,0.33
KbH,2,0,2,1.0
KbI,1,0,1,1.0
KbJ,1,0,1,1.0
KbK,2,2,4,0.5
KbL,0,1,1,0.0
KbM,11,8,19,0.58
KbN,11,6,17,0.65
KbP,12,9,21,0.57
KbS,3,4,7,0.43
Kbb,8,11,19,0.42
Kbl,2,1,3,0.67
Kbm,9,6,15,0.6
Kbn,4,13,17,0.24
Kbs,4,4,8,0.5
KhB,13,1,14,0.93
KhD,3,2,5,0.6
KhH,2,3,5,0.4
KhI,1,0,1,1.0
KhL,2,2,4,0.5
KhM,2,12,14,0.14
KhN,9,8,17,0.53
KhP,10,9,19,0.53
KhS,6,4,10,0.6
Khb,6,6,12,0.5
Khh,4,8,12,0.33
Khl,4,2,6,0.67
Khm,9,15,24,0.38
Khn,6,9,15,0.4
Khs,5,13,18,0.28
Kht,0,1,1,0.0
KlB,1,1,2,0.5
KlD,1,2,3,0.33
KlH,2,3,5,0.4
KlI,1,0,1,1.0
KlK,0,1,1,0.0
KlL,1,2,3,0.33
KlM,5,6,11,0.45
KlN,7,3,10,0.7
KlP,2,3,5,0.4
KlS,3,3,6,0.5
Klb,3,0,3,1.0
Klh,0,1,1,0.0
Kll,2,1,3,0.67
Klm,2,3,5,0.4
Kln,2,3,5,0.4
Kls,2,2,4,0.5
KmB,10,9,19,0.53
KmD,7,9,16,0.44
KmH,12,6,18,0.67
KmI,0,1,1,0.0
KmJ,1,1,2,0.5
KmL,2,3,5,0.4
KmM,14,20,34,0.41
KmN,12,8,20,0.6
KmP,14,10,24,0.58
KmS,9,3,12,0.75
Kmb,9,15,24,0.38
Kml,3,3,6,0.5
Kmm,12,12,24,0.5
Kmn,12,11,23,0.52
Kms,11,12,23,0.48
KnB,7,4,11,0.64
KnD,3,1,4,0.75
KnH,1,7,8,0.12
KnK,1,3,4,0.25
KnL,2,2,4,0.5
KnM,6,16,22,0.27
KnN,10,10,20,0.5
KnP,13,12,25,0.52
KnS,4,6,10,0.4
Knb,5,9,14,0.36
Knl,5,0,5,1.0
Knm,13,6,19,0.68
Knn,7,9,16,0.44
Kns,2,12,14,0.14
KsB,6,2,8,0.75
KsD,5,3,8,0.62
KsH,5,10,15,0.33
KsI,0,1,1,0.0
KsL,0,4,4,0.0
KsM,7,7,14,0.5
KsN,3,7,10,0.3
KsP,9,6,15,0.6
KsS,10,12,22,0.45
Ksb,8,8,16,0.5
Ksh,1,1,2,0.5
Ksl,3,2,5,0.6
Ksm,4,11,15,0.27
Ksn,5,5,10,0.5
Kss,7,4,11,0.64
KtB,2,1,3,0.67
KtD,1,0,1,1.0
KtH,0,0,0,
KtL,1,0,1,1.0
KtM,2,0,2,1.0
KtN,1,0,1,1.0
KtP,2,0,2,1.0
Kth,1,0,1,1.0
Ktm,1,0,1,1.0
Kts,0,0,0,
LBB,59,42,101,0.58
LBD,7,8,15,0.47
LBH,1,2,3,0.33
LBK,5,5,10,0.5
LBL,7,12,19,0.37
LBM,24,31,55,0.44
LBN,41,44,85,0.48
LBP,61,59,120,0.51
LBS,13,16,29,0.45
LBb,40,30,70,0.57
LBh,4,3,7,0.57
LBj,9,7,16,0.56
LBl,10,17,27,0.37
LBm,43,29,72,0.6
LBn,62,58,120,0.52
LBs,17,18,35,0.49
LBt,4,0,4,1.0
LDB,6,8,14,0.43
LDD,7,7,14,0.5
LDH,7,7,14,0.5
LDL,3,5,8,0.38
LDM,9,11,20,0.45
LDN,6,9,15,0.4
LDP,9,5,14,0.64
LDS,7,8,15,0.47
LDb,5,8,13,0.38
LDh,0,0,0,
LDl,3,2,5,0.6
LDm,8,9,17,0.47
LDn,11,6,17,0.65
LDs,4,6,10,0.4
LDt,1,1,2,0.5
LHB,1,1,2,0.5
LHM,1,2,3,0.33
LHP,0,2,2,0.0
LHS,1,0,1,1.0
LHb,0,1,1,0.0
LHl,1,1,2,0.5
LHm,1,1,2,0.5
LHn,0,0,0,
LHs,1,1,2,0.5
LKB,1,2,3,0.33
LKD,1,0,1,1.0
LKH,0,1,1,0.0
LKI,0,1,1,0.0
LKL,3,1,4,0.75
LKM,4,3,7,0.57
LKN,3,5,8,0.38
LKP,5,2,7,0.71
LKS,0,1,1,0.0
LKb,1,2,3,0.33
LKh,1,2,3,0.33
LKl,2,3,5,0.4
LKm,6,4,10,0.6
LKn,1,3,4,0.25
LKs,1,6,7,0.14
LKt,0,0,0,
LLB,13,15,28,0.46
LLD,1,3,4,0.25
LLH,1,0,1,1.0
LLK,1,1,2,0.5
LLL,4,7,11,0.36
LLM,15,15,30,0.5
LLN,15,11,26,0.58
LLP,20,18,38,0.53
LLS,9,7,16,0.56
LLb,11,12,23,0.48
LLh,9,6,15,0.6
LLj,2,3,5,0.4
LLl,6,4,10,0.6
LLm,23,20,43,0.53
LLn,22,19,41,0.54
LLs,8,12,20,0.4
LLt,2,1,3,0.67
LMB,43,50,93,0.46
LMD,14,8,22,0.64
LMH,1,1,2,0.5
LMK,1,1,2,0.5
LML,4,10,14,0.29
LMM,27,45,72,0.38
LMN,40,31,71,0.56
LMP,41,40,81,0.51
LMS,19,16,35,0.54
LMb,43,37,80,0.54
LMh,27,33,60,0.45
LMj,6,6,12,0.5
LMl,6,12,18,0.33
LMm,57,46,103,0.55
LMn,51,51,102,0.5
LMs,24,18,42,0.57
LMt,2,0,2,1.0
LNB,34,44,78,0.44
LND,6,15,21,0.29
LNH,7,5,12,0.58
LNK,4,3,7,0.57
LNL,11,13,24,0.46
LNM,36,41,77,0.47
LNN,45,39,84,0.54
LNP,40,58,98,0.41
LNS,29,26,55,0.53
LNb,41,26,67,0.61
LNh,9,15,24,0.38
LNl,16,10,26,0.62
LNm,46,45,91,0.51
LNn,55,50,105,0.52
LNs,25,36,61,0.41
LNt,3,6,9,0.33
LPB,49,56,105,0.47
LPD,10,6,16,0.62
LPH,9,13,22,0.41
LPI,2,2,4,0.5
LPK,9,4,13,0.69
LPL,27,20,47,0.57
LPM,38,66,104,0.37
LPN,57,57,114,0.5
LPP,71,58,129,0.55
LPS,36,40,76,0.47
LPb,43,52,95,0.45
LPh,6,7,13,0.46
LPl,30,23,53,0.57
LPm,68,45,113,0.6
LPn,55,49,104,0.53
LPs,42,31,73,0.58
LPt,7,5,12,0.58
LSB,26,21,47,0.55
LSD,4,13,17,0.24
LSH,6,6,12,0.5
LSI,0,1,1,0.0
LSL,13,18,31,0.42
LSM,30,18,48,0.62
LSN,30,30,60,0.5
LSP,26,40,66,0.39
LSS,32,29,61,0.52
LSb,16,17,33,0.48
LSh,12,11,23,0.52
LSl,15,7,22,0.68
LSm,24,31,55,0.44
LSn,23,33,56,0.41
LSs,25,17,42,0.6
LSt,1,2,3,0.33
LbB,37,39,76,0.49
LbD,2,5,7,0.29
LbH,7,7,14,0.5
LbI,2,2,4,0.5
LbJ,5,7,12,0.42
LbK,5,3,8,0.62
LbL,8,13,21,0.38
LbM,29,36,65,0.45
LbN,44,34,78,0.56
LbP,45,45,90,0.5
LbS,25,25,50,0.5
Lbb,34,33,67,0.51
Lbl,11,8,19,0.58
Lbm,38,36,74,0.51
Lbn,40,30,70,0.57
Lbs,18,17,35,0.51
LhB,9,14,23,0.39
LhD,3,1,4,0.75
LhH,2,4,6,0.33
LhI,1,1,2,0.5
LhK,0,0,0,
LhL,5,8,13,0.38
LhM,15,18,33,0.45
LhN,14,15,29,0.48
LhP,26,19,45,0.58
LhS,8,8,16,0.5
Lhb,10,15,25,0.4
Lhh,9,14,23,0.39
Lhl,5,8,13,0.38
Lhm,17,12,29,0.59
Lhn,9,11,20,0.45
Lhs,17,13,30,0.57
Lht,1,3,4,0.25
LjB,5,4,9,0.56
LjD,3,0,3,1.0
LjH,0,1,1,0.0
LjI,0,1,1,0.0
LjK,0,0,0,
LjL,8,2,10,0.8
LjM,6,5,11,0.55
LjN,10,2,12,0.83
LjP,10,6,16,0.62
LjS,4,4,8,0.5
Ljb,8,7,15,0.53
Ljh,2,1,3,0.67
Ljl,4,0,4,1.0
Ljm,9,9,18,0.5
Ljn,3,3,6,0.5
Ljs,3,6,9,0.33
Ljt,1,1,2,0.5
LlB,9,13,22,0.41
LlH,12,11,23,0.52
LlI,1,0,1,1.0
LlJ,3,10,13,0.23
LlK,1,0,1,1.0
LlL,5,13,18,0.28
LlM,23,14,37,0.62
LlN,25,21,46,0.54
LlP,23,19,42,0.55
LlS,11,16,27,0.41
Llb,5,19,24,0.21
Lll,3,4,7,0.43
Llm,16,15,31,0.52
Lln,12,20,32,0.38
Lls,15,15,30,0.5
LmB,44,36,80,0.55
LmD,15,14,29,0.52
LmH,30,46,76,0.39
LmI,2,3,5,0.4
LmJ,5,16,21,0.24
LmK,1,1,2,0.5
LmL,15,22,37,0.41
LmM,42,51,93,0.45
LmN,58,49,107,0.54
LmP,55,61,116,0.47
LmS,19,43,62,0.31
Lmb,33,48,81,0.41
Lmh,0,2,2,0.0
Lml,14,17,31,0.45
Lmm,49,50,99,0.49
Lmn,58,57,115,0.5
Lms,26,30,56,0.46
LnB,36,43,79,0.46
LnD,17,15,32,0.53
LnH,29,20,49,0.59
LnI,5,6,11,0.45
LnK,3,4,7,0.43
LnL,12,19,31,0.39
LnM,37,46,83,0.45
LnN,77,71,148,0.52
LnP,86,60,146,0.59
LnS,35,45,80,0.44
Lnb,32,37,69,0.46
Lnh,2,2,4,0.5
Lnl,10,14,24,0.42
Lnm,51,49,100,0.51
Lnn,65,47,112,0.58
Lns,31,45,76,0.41
LsB,14,20,34,0.41
LsD,6,6,12,0.5
LsH,21,22,43,0.49
LsI,5,1,6,0.83
LsK,2,0,2,1.0
LsL,9,11,20,0.45
LsM,23,34,57,0.4
LsN,21,33,54,0.39
LsP,35,30,65,0.54
LsS,27,32,59,0.46
Lsb,25,13,38,0.66
Lsh,0,2,2,0.0
Lsl,8,12,20,0.4
Lsm,33,26,59,0.56
Lsn,28,28,56,0.5
Lss,19,22,41,0.46
Lst,1,0,1,1.0
LtB,2,3,5,0.4
LtD,2,4,6,0.33
LtH,2,5,7,0.29
LtL,4,1,5,0.8
LtM,2,5,7,0.29
LtN,2,4,6,0.33
LtP,3,4,7,0.43
LtS,2,2,4,0.5
Ltb,8,4,12,0.67
Ltl,1,3,4,0.25
Ltm,9,9,18,0.5
Ltn,0,10,10,0.0
Lts,4,4,8,0.5
Ltt,1,0,1,1.0
MBB,118,139,257,0.46
MBD,31,32,63,0.49
MBH,0,1,1,0.0
MBK,17,16,33,0.52
MBL,21,34,55,0.38
MBM,91,107,198,0.46
MBN,129,128,257,0.5
MBP,173,156,329,0.53
MBS,38,63,101,0.38
MBb,113,124,237,0.48
MBh,9,7,16,0.56
MBj,12,22,34,0.35
MBl,34,30,64,0.53
MBm,148,134,282,0.52
MBn,161,148,309,0.52
MBs,46,46,92,0.5
MBt,6,7,13,0.46
MDB,35,32,67,0.52
MDD,21,20,41,0.51
MDH,23,34,57,0.4
MDI,1,2,3,0.33
MDL,17,6,23,0.74
MDM,45,49,94,0.48
MDN,37,33,70,0.53
MDP,37,31,68,0.54
MDS,27,28,55,0.49
MDb,24,28,52,0.46
MDh,1,1,2,0.5
MDl,15,7,22,0.68
MDm,45,42,87,0.52
MDn,24,29,53,0.45
MDs,25,27,52,0.48
MDt,4,0,4,1.0
MHB,0,1,1,0.0
MHD,0,1,1,0.0
MHH,0,1,1,0.0
MHK,0,0,0,
MHL,0,1,1,0.0
MHM,1,1,2,0.5
MHN,0,1,1,0.0
MHP,4,2,6,0.67
MHS,0,3,3,0.0
MHb,0,2,2,0.0
MHl,2,1,3,0.67
MHm,2,2,4,0.5
MHs,0,2,2,0.0
MIL,0,1,1,0.0
MIM,1,0,1,1.0
MIm,2,0,2,1.0
MKB,0,1,1,0.0
MKD,1,0,1,1.0
MKI,1,1,2,0.5
MKL,0,1,1,0.0
MKM,1,1,2,0.5
MKN,2,1,3,0.67
MKP,3,1,4,0.75
MKS,2,1,3,0.67
MKb,3,0,3,1.0
MKh,1,4,5,0.2
MKl,1,1,2,0.5
MKm,4,1,5,0.8
MKn,1,1,2,0.5
MKs,1,4,5,0.2
MLB,33,37,70,0.47
MLD,9,4,13,0.69
MLH,1,1,2,0.5
MLK,2,2,4,0.5
MLL,7,9,16,0.44
MLM,31,30,61,0.51
MLN,24,37,61,0.39
MLP,28,49,77,0.36
MLS,25,12,37,0.68
MLb,31,24,55,0.56
MLh,13,17,30,0.43
MLj,8,4,12,0.67
MLl,8,20,28,0.29
MLm,51,37,88,0.58
MLn,44,40,84,0.52
MLs,16,19,35,0.46
MLt,2,6,8,0.25
MMB,105,147,252,0.42
MMD,44,24,68,0.65
MMH,3,3,6,0.5
MMK,1,2,3,0.33
MML,20,20,40,0.5
MMM,99,129,228,0.43
MMN,108,133,241,0.45
MMP,161,174,335,0.48
MMS,60,72,132,0.45
MMb,118,115,233,0.51
MMh,89,99,188,0.47
MMj,4,10,14,0.29
MMl,30,27,57,0.53
MMm,199,159,358,0.56
MMn,171,163,334,0.51
MMs,74,70,144,0.51
MMt,7,6,13,0.54
MNB,98,111,209,0.47
MND,44,35,79,0.56
MNH,18,14,32,0.56
MNI,1,0,1,1.0
MNK,11,22,33,0.33
MNL,37,36,73,0.51
MNM,100,113,213,0.47
MNN,136,187,323,0.42
MNP,183,181,364,0.5
MNS,85,65,150,0.57
MNb,94,110,204,0.46
MNh,31,43,74,0.42
MNl,33,33,66,0.5
MNm,157,137,294,0.53
MNn,163,181,344,0.47
MNs,82,87,169,0.49
MNt,10,6,16,0.62
MPB,137,142,279,0.49
MPD,31,38,69,0.45
MPH,56,45,101,0.55
MPI,17,10,27,0.63
MPK,27,26,53,0.51
MPL,58,58,116,0.5
MPM,135,163,298,0.45
MPN,153,201,354,0.43
MPP,213,218,431,0.49
MPS,130,112,242,0.54
MPb,144,144,288,0.5
MPh,14,22,36,0.39
MPl,51,53,104,0.49
MPm,199,167,366,0.54
MPn,171,165,336,0.51
MPs,96,86,182,0.53
MPt,4,13,17,0.24
MSB,67,61,128,0.52
MSD,24,17,41,0.59
MSH,32,30,62,0.52
MSI,1,1,2,0.5
MSK,1,3,4,0.25
MSL,21,29,50,0.42
MSM,82,88,170,0.48
MSN,71,81,152,0.47
MSP,93,83,176,0.53
MSS,69,90,159,0.43
MSb,56,58,114,0.49
MSh,35,45,80,0.44
MSl,30,25,55,0.55
MSm,128,98,226,0.57
MSn,90,72,162,0.56
MSs,67,66,133,0.5
MSt,7,8,15,0.47
MbB,105,89,194,0.54
MbD,30,22,52,0.58
MbH,30,29,59,0.51
MbI,14,7,21,0.67
MbJ,15,24,39,0.38
MbK,29,17,46,0.63
MbL,30,31,61,0.49
MbM,105,129,234,0.45
MbN,141,127,268,0.53
MbP,148,130,278,0.53
MbS,59,69,128,0.46
Mbb,89,97,186,0.48
Mbh,0,3,3,0.0
Mbl,23,22,45,0.51
Mbm,122,97,219,0.56
Mbn,138,118,256,0.54
Mbs,52,59,111,0.47
MhB,81,90,171,0.47
MhD,29,23,52,0.56
MhH,19,25,44,0.43
MhI,8,3,11,0.73
MhK,3,1,4,0.75
MhL,29,23,52,0.56
MhM,112,135,247,0.45
MhN,80,87,167,0.48
MhP,120,116,236,0.51
MhS,97,75,172,0.56
Mhb,79,67,146,0.54
Mhh,86,100,186,0.46
Mhl,41,40,81,0.51
Mhm,144,119,263,0.55
Mhn,98,90,188,0.52
Mhs,78,72,150,0.52
Mht,3,6,9,0.33
MjB,9,12,21,0.43
MjD,1,3,4,0.25
MjH,3,2,5,0.6
MjK,2,2,4,0.5
MjL,5,3,8,0.62
MjM,12,11,23,0.52
MjN,5,16,21,0.24
MjP,12,15,27,0.44
MjS,7,8,15,0.47
Mjb,7,10,17,0.41
Mjl,3,1,4,0.75
Mjm,11,18,29,0.38
Mjn,21,16,37,0.57
Mjs,9,5,14,0.64
Mjt,2,0,2,1.0
MlB,30,30,60,0.5
MlD,6,9,15,0.4
MlH,22,17,39,0.56
MlI,3,3,6,0.5
MlJ,12,10,22,0.55
MlK,1,0,1,1.0
MlL,12,16,28,0.43
MlM,25,53,78,0.32
MlN,37,54,91,0.41
MlP,42,48,90,0.47
MlS,24,33,57,0.42
Mlb,31,15,46,0.67
Mlh,0,1,1,0.0
Mll,14,11,25,0.56
Mlm,31,39,70,0.44
Mln,29,38,67,0.43
Mls,17,19,36,0.47
MmB,135,146,281,0.48
MmD,87,64,151,0.58
MmH,114,141,255,0.45
MmI,9,11,20,0.45
MmJ,21,25,46,0.46
MmK,1,4,5,0.2
MmL,43,51,94,0.46
MmM,174,191,365,0.48
MmN,215,222,437,0.49
MmP,179,190,369,0.49
MmS,102,131,233,0.44
Mmb,126,140,266,0.47
Mmh,2,6,8,0.25
Mml,31,39,70,0.44
Mmm,189,169,358,0.53
Mmn,171,155,326,0.52
Mms,93,101,194,0.48
MnB,127,123,250,0.51
MnD,43,39,82,0.52
MnH,82,86,168,0.49
MnI,26,22,48,0.54
MnK,27,11,38,0.71
MnL,40,44,84,0.48
MnM,126,151,277,0.45
MnN,251,214,465,0.54
MnP,210,224,434,0.48
MnS,119,149,268,0.44
Mnb,120,104,224,0.54
Mnh,6,7,13,0.46
Mnl,38,41,79,0.48
Mnm,178,163,341,0.52
Mnn,204,189,393,0.52
Mns,123,130,253,0.49
MsB,54,59,113,0.48
MsD,28,24,52,0.54
MsH,75,87,162,0.46
MsI,9,7,16,0.56
MsK,1,2,3,0.33
MsL,24,26,50,0.48
MsM,64,83,147,0.44
MsN,96,87,183,0.52
MsP,96,97,193,0.5
MsS,85,116,201,0.42
Msb,44,53,97,0.45
Msh,2,3,5,0.4
Msl,25,22,47,0.53
Msm,93,82,175,0.53
Msn,92,83,175,0.53
Mss,77,67,144,0.53
Mst,0,2,2,0.0
MtB,2,16,18,0.11
MtD,1,6,7,0.14
MtH,3,10,13,0.23
MtI,0,0,0,
MtK,0,1,1,0.0
MtL,3,0,3,1.0
MtM,12,6,18,0.67
MtN,15,15,30,0.5
MtP,18,16,34,0.53
MtS,8,9,17,0.47
Mtb,11,8,19,0.58
Mtl,0,2,2,0.0
Mtm,6,11,17,0.35
Mtn,7,8,15,0.47
Mts,4,6,10,0.4
Mtt,0,2,2,0.0
NBB,119,111,230,0.52
NBD,28,33,61,0.46
NBH,3,2,5,0.6
NBI,0,1,1,0.0
NBK,14,13,27,0.52
NBL,21,40,61,0.34
NBM,87,124,211,0.41
NBN,111,138,249,0.45
NBP,141,162,303,0.47
NBS,57,68,125,0.46
NBb,99,101,200,0.5
NBh,16,5,21,0.76
NBj,19,23,42,0.45
NBl,21,28,49,0.43
NBm,114,108,222,0.51
NBn,141,152,293,0.48
NBs,55,54,109,0.5
NBt,8,16,24,0.33
NDB,34,30,64,0.53
NDD,17,19,36,0.47
NDH,22,36,58,0.38
NDI,3,4,7,0.43
NDL,11,9,20,0.55
NDM,53,40,93,0.57
NDN,30,36,66,0.45
NDP,34,39,73,0.47
NDS,25,36,61,0.41
NDb,26,24,50,0.52
NDh,1,0,1,1.0
NDl,8,11,19,0.42
NDm,46,36,82,0.56
NDn,34,32,66,0.52
NDs,19,25,44,0.43
NDt,2,4,6,0.33
NHB,14,14,28,0.5
NHD,3,4,7,0.43
NHH,5,3,8,0.62
NHI,0,5,5,0.0
NHK,7,5,12,0.58
NHL,8,9,17,0.47
NHM,26,25,51,0.51
NHN,23,31,54,0.43
NHP,17,23,40,0.42
NHS,20,25,45,0.44
NHb,20,9,29,0.69
NHh,7,9,16,0.44
NHl,7,6,13,0.54
NHm,26,25,51,0.51
NHn,24,16,40,0.6
NHs,14,24,38,0.37
NIB,1,2,3,0.33
NID,0,1,1,0.0
NIH,0,1,1,0.0
NIL,0,1,1,0.0
NIM,1,1,2,0.5
NIN,1,0,1,1.0
NIP,1,0,1,1.0
NIS,0,2,2,0.0
NIb,1,3,4,0.25
NIm,2,2,4,0.5
NIn,0,0,0,
NIs,1,1,2,0.5
NKB,13,7,20,0.65
NKD,4,4,8,0.5
NKH,1,1,2,0.5
NKI,2,1,3,0.67
NKL,1,4,5,0.2
NKM,11,18,29,0.38
NKN,12,19,31,0.39
NKP,19,15,34,0.56
NKS,13,11,24,0.54
NKb,11,11,22,0.5
NKh,15,12,27,0.56
NKl,4,3,7,0.57
NKm,18,14,32,0.56
NKn,25,14,39,0.64
NKs,12,10,22,0.55
NLB,33,55,88,0.38
NLD,5,8,13,0.38
NLH,0,3,3,0.0
NLK,1,6,7,0.14
NLL,11,9,20,0.55
NLM,28,44,72,0.39
NLN,44,49,93,0.47
NLP,53,55,108,0.49
NLS,32,21,53,0.6
NLb,47,27,74,0.64
NLh,17,11,28,0.61
NLj,5,7,12,0.42
NLl,15,12,27,0.56
NLm,40,49,89,0.45
NLn,49,60,109,0.45
NLs,32,32,64,0.5
NLt,3,3,6,0.5
NMB,113,139,252,0.45
NMD,30,33,63,0.48
NMH,0,1,1,0.0
NMI,1,0,1,1.0
NMK,0,3,3,0.0
NML,31,36,67,0.46
NMM,90,113,203,0.44
NMN,133,162,295,0.45
NMP,141,173,314,0.45
NMS,69,90,159,0.43
NMb,96,115,211,0.45
NMh,79,101,180,0.44
NMj,14,18,32,0.44
NMl,32,42,74,0.43
NMm,170,158,328,0.52
NMn,175,180,355,0.49
NMs,88,71,159,0.55
NMt,9,10,19,0.47
NNB,126,120,246,0.51
NND,41,47,88,0.47
NNH,18,24,42,0.43
NNI,2,1,3,0.67
NNK,14,22,36,0.39
NNL,45,47,92,0.49
NNM,160,160,320,0.5
NNN,219,235,454,0.48
NNP,225,245,470,0.48
NNS,136,121,257,0.53
NNb,129,106,235,0.55
NNh,34,49,83,0.41
NNl,42,44,86,0.49
NNm,189,170,359,0.53
NNn,227,267,494,0.46
NNs,112,116,228,0.49
NNt,23,18,41,0.56
NPB,162,156,318,0.51
NPD,45,46,91,0.49
NPH,46,54,100,0.46
NPI,23,23,46,0.5
NPK,20,30,50,0.4
NPL,72,86,158,0.46
NPM,162,214,376,0.43
NPN,234,219,453,0.52
NPP,275,276,551,0.5
NPS,156,174,330,0.47
NPb,156,146,302,0.52
NPh,18,27,45,0.4
NPl,86,68,154,0.56
NPm,239,192,431,0.55
NPn,201,208,409,0.49
NPs,117,145,262,0.45
NPt,11,16,27,0.41
NSB,89,75,164,0.54
NSD,21,35,56,0.38
NSH,36,33,69,0.52
NSI,1,1,2,0.5
NSK,5,4,9,0.56
NSL,40,30,70,0.57
NSM,99,108,207,0.48
NSN,105,91,196,0.54
NSP,124,139,263,0.47
NSS,114,121,235,0.49
NSb,60,54,114,0.53
NSh,63,65,128,0.49
NSl,27,27,54,0.5
NSm,117,106,223,0.52
NSn,124,102,226,0.55
NSs,99,94,193,0.51
NSt,13,8,21,0.62
NbB,72,86,158,0.46
NbD,17,21,38,0.45
NbH,28,28,56,0.5
NbI,7,8,15,0.47
NbJ,23,22,45,0.51
NbK,17,19,36,0.47
NbL,33,45,78,0.42
NbM,99,94,193,0.51
NbN,140,146,286,0.49
NbP,141,100,241,0.59
NbS,57,64,121,0.47
Nbb,92,81,173,0.53
Nbh,0,0,0,
Nbl,26,29,55,0.47
Nbm,101,83,184,0.55
Nbn,119,113,232,0.51
Nbs,61,46,107,0.57
Nbt,1,0,1,1.0
NhB,36,28,64,0.56
NhD,14,9,23,0.61
NhH,5,9,14,0.36
NhI,0,4,4,0.0
NhK,1,2,3,0.33
NhL,9,15,24,0.38
NhM,28,35,63,0.44
NhN,35,41,76,0.46
NhP,38,54,92,0.41
NhS,33,37,70,0.47
Nhb,37,26,63,0.59
Nhh,37,38,75,0.49
Nhl,13,12,25,0.52
Nhm,47,36,83,0.57
Nhn,35,45,80,0.44
Nhs,37,29,66,0.56
Nht,2,4,6,0.33
NlB,28,32,60,0.47
NlD,4,9,13,0.31
NlH,30,28,58,0.52
NlI,3,1,4,0.75
NlJ,16,11,27,0.59
NlK,3,0,3,1.0
NlL,23,13,36,0.64
NlM,34,49,83,0.41
NlN,58,47,105,0.55
NlP,47,43,90,0.52
NlS,27,32,59,0.46
Nlb,35,34,69,0.51
Nll,16,14,30,0.53
Nlm,38,27,65,0.58
Nln,28,32,60,0.47
Nls,32,24,56,0.57
NmB,128,124,252,0.51
NmD,45,45,90,0.5
NmH,108,114,222,0.49
NmI,11,5,16,0.69
NmJ,21,18,39,0.54
NmK,0,4,4,0.0
NmL,40,51,91,0.44
NmM,153,171,324,0.47
NmN,158,177,335,0.47
NmP,180,156,336,0.54
NmS,108,90,198,0.55
Nmb,125,140,265,0.47
Nmh,0,0,0,
Nml,35,34,69,0.51
Nmm,148,149,297,0.5
Nmn,161,136,297,0.54
Nms,107,76,183,0.58
NnB,119,116,235,0.51
NnD,44,41,85,0.52
NnH,102,112,214,0.48
NnI,30,23,53,0.57
NnK,20,14,34,0.59
NnL,49,63,112,0.44
NnM,158,171,329,0.48
NnN,242,256,498,0.49
NnP,257,237,494,0.52
NnS,136,167,303,0.45
Nnb,136,121,257,0.53
Nnh,4,6,10,0.4
Nnl,44,37,81,0.54
Nnm,190,179,369,0.51
Nnn,210,231,441,0.48
Nns,152,140,292,0.52
Nnt,0,0,0,
NsB,69,63,132,0.52
NsD,41,40,81,0.51
NsH,82,96,178,0.46
NsI,13,18,31,0.42
NsK,1,2,3,0.33
NsL,35,31,66,0.53
NsM,89,110,199,0.45
NsN,95,113,208,0.46
NsP,107,121,228,0.47
NsS,91,120,211,0.43
Nsb,63,67,130,0.48
Nsh,5,3,8,0.62
Nsl,34,25,59,0.58
Nsm,115,111,226,0.51
Nsn,105,95,200,0.52
Nss,97,94,191,0.51
Nst,1,3,4,0.25
NtB,10,12,22,0.45
NtD,1,8,9,0.11
NtH,9,9,18,0.5
NtI,0,1,1,0.0
NtK,1,0,1,1.0
NtL,9,7,16,0.56
NtM,14,17,31,0.45
NtN,27,20,47,0.57
NtP,20,13,33,0.61
NtS,9,15,24,0.38
Ntb,9,11,20,0.45
Ntl,2,5,7,0.29
Ntm,22,19,41,0.54
Ntn,17,23,40,0.42
Nts,7,5,12,0.58
Ntt,1,3,4,0.25
PBB,140,156,296,0.47
PBD,33,33,66,0.5
PBH,2,1,3,0.67
PBK,18,18,36,0.5
PBL,51,66,117,0.44
PBM,120,133,253,0.47
PBN,130,165,295,0.44
PBP,158,184,342,0.46
PBS,84,76,160,0.52
PBb,146,113,259,0.56
PBh,8,17,25,0.32
PBj,24,20,44,0.55
PBl,39,34,73,0.53
PBm,177,148,325,0.54
PBn,148,155,303,0.49
PBs,89,58,147,0.61
PBt,8,9,17,0.47
PDB,33,23,56,0.59
PDD,14,20,34,0.41
PDH,28,38,66,0.42
PDI,2,1,3,0.67
PDL,15,14,29,0.52
PDM,51,45,96,0.53
PDN,34,31,65,0.52
PDP,43,57,100,0.43
PDS,30,32,62,0.48
PDb,34,35,69,0.49
PDh,1,1,2,0.5
PDl,15,12,27,0.56
PDm,55,47,102,0.54
PDn,21,18,39,0.54
PDs,40,26,66,0.61
PDt,6,0,6,1.0
PHB,39,28,67,0.58
PHD,15,14,29,0.52
PHH,5,5,10,0.5
PHI,4,2,6,0.67
PHK,1,5,6,0.17
PHL,13,18,31,0.42
PHM,46,36,82,0.56
PHN,46,44,90,0.51
PHP,57,51,108,0.53
PHS,35,38,73,0.48
PHb,28,19,47,0.6
PHh,8,17,25,0.32
PHl,20,14,34,0.59
PHm,58,57,115,0.5
PHn,45,51,96,0.47
PHs,43,42,85,0.51
PHt,3,0,3,1.0
PIB,8,10,18,0.44
PID,7,4,11,0.64
PIH,11,11,22,0.5
PII,1,1,2,0.5
PIL,7,2,9,0.78
PIM,16,17,33,0.48
PIN,8,12,20,0.4
PIP,24,14,38,0.63
PIS,14,15,29,0.48
PIb,16,19,35,0.46
PIl,0,3,3,0.0
PIm,12,18,30,0.4
PIn,15,9,24,0.62
PIs,7,8,15,0.47
PIt,0,2,2,0.0
PKB,12,16,28,0.43
PKD,6,8,14,0.43
PKH,4,2,6,0.67
PKI,0,3,3,0.0
PKL,8,9,17,0.47
PKM,34,33,67,0.51
PKN,19,15,34,0.56
PKP,23,25,48,0.48
PKS,19,13,32,0.59
PKb,16,20,36,0.44
PKh,13,22,35,0.37
PKl,11,8,19,0.58
PKm,31,32,63,0.49
PKn,14,28,42,0.33
PKs,18,9,27,0.67
PKt,3,1,4,0.75
PLB,64,74,138,0.46
PLD,16,10,26,0.62
PLH,0,0,0,
PLK,7,1,8,0.88
PLL,33,34,67,0.49
PLM,59,66,125,0.47
PLN,66,53,119,0.55
PLP,87,104,191,0.46
PLS,48,39,87,0.55
PLb,61,59,120,0.51
PLh,20,26,46,0.43
PLj,6,11,17,0.35
PLl,38,29,67,0.57
PLm,93,76,169,0.55
PLn,73,86,159,0.46
PLs,43,45,88,0.49
PLt,5,11,16,0.31
PMB,156,160,316,0.49
PMD,53,35,88,0.6
PMH,0,1,1,0.0
PMI,1,0,1,1.0
PMK,2,3,5,0.4
PML,58,57,115,0.5
PMM,144,203,347,0.41
PMN,144,155,299,0.48
PMP,206,225,431,0.48
PMS,96,115,211,0.45
PMb,134,151,285,0.47
PMh,120,152,272,0.44
PMj,12,10,22,0.55
PMl,67,60,127,0.53
PMm,236,187,423,0.56
PMn,200,168,368,0.54
PMs,119,112,231,0.52
PMt,17,18,35,0.49
PNB,143,140,283,0.51
PND,41,27,68,0.6
PNH,28,23,51,0.55
PNI,2,1,3,0.67
PNK,15,15,30,0.5
PNL,58,86,144,0.4
PNM,160,189,349,0.46
PNN,172,188,360,0.48
PNP,248,255,503,0.49
PNS,142,122,264,0.54
PNb,117,124,241,0.49
PNh,47,46,93,0.51
PNl,73,60,133,0.55
PNm,178,156,334,0.53
PNn,215,217,432,0.5
PNs,112,130,242,0.46
PNt,20,21,41,0.49
PPB,186,201,387,0.48
PPD,46,51,97,0.47
PPH,54,72,126,0.43
PPI,20,14,34,0.59
PPK,29,26,55,0.53
PPL,111,120,231,0.48
PPM,237,255,492,0.48
PPN,202,206,408,0.5
PPP,328,309,637,0.51
PPS,172,160,332,0.52
PPb,173,193,366,0.47
PPh,22,39,61,0.36
PPl,95,117,212,0.45
PPm,281,243,524,0.54
PPn,204,174,378,0.54
PPs,150,151,301,0.5
PPt,19,20,39,0.49
PSB,90,91,181,0.5
PSD,27,38,65,0.42
PSH,35,41,76,0.46
PSI,1,5,6,0.17
PSK,3,7,10,0.3
PSL,49,51,100,0.49
PSM,132,132,264,0.5
PSN,108,110,218,0.5
PSP,121,130,251,0.48
PSS,119,133,252,0.47
PSb,97,71,168,0.58
PSh,49,72,121,0.4
PSl,58,50,108,0.54
PSm,137,133,270,0.51
PSn,104,116,220,0.47
PSs,131,123,254,0.52
PSt,14,14,28,0.5
PbB,119,130,249,0.48
PbD,28,23,51,0.55
PbH,26,30,56,0.46
PbI,14,10,24,0.58
PbJ,26,32,58,0.45
PbK,16,17,33,0.48
PbL,48,56,104,0.46
PbM,141,181,322,0.44
PbN,153,164,317,0.48
PbP,194,171,365,0.53
PbS,73,66,139,0.53
Pbb,143,123,266,0.54
Pbh,1,0,1,1.0
Pbl,45,53,98,0.46
Pbm,145,122,267,0.54
Pbn,117,107,224,0.52
Pbs,93,74,167,0.56
PhB,12,14,26,0.46
PhD,4,3,7,0.57
PhH,2,3,5,0.4
PhI,0,2,2,0.0
PhL,8,5,13,0.62
PhM,18,17,35,0.51
PhN,10,17,27,0.37
PhP,20,23,43,0.47
PhS,17,15,32,0.53
Phb,13,15,28,0.46
Phh,10,10,20,0.5
Phl,5,7,12,0.42
Phm,30,30,60,0.5
Phn,18,13,31,0.58
Phs,18,15,33,0.55
Pht,3,0,3,1.0
PlB,60,60,120,0.5
PlD,8,6,14,0.57
PlH,33,46,79,0.42
PlI,6,3,9,0.67
PlJ,16,7,23,0.7
PlK,0,3,3,0.0
PlL,29,26,55,0.53
PlM,65,72,137,0.47
PlN,55,56,111,0.5
PlP,84,76,160,0.52
PlS,44,38,82,0.54
Plb,72,63,135,0.53
Pll,21,17,38,0.55
Plm,63,47,110,0.57
Pln,50,54,104,0.48
Pls,31,36,67,0.46
PmB,173,171,344,0.5
PmD,73,73,146,0.5
PmH,118,133,251,0.47
PmI,11,11,22,0.5
PmJ,26,22,48,0.54
PmK,0,4,4,0.0
PmL,67,79,146,0.46
PmM,194,254,448,0.43
PmN,181,194,375,0.48
PmP,221,232,453,0.49
PmS,105,113,218,0.48
Pmb,211,178,389,0.54
Pmh,0,0,0,
Pml,54,58,112,0.48
Pmm,230,191,421,0.55
Pmn,164,158,322,0.51
Pms,84,86,170,0.49
PnB,113,129,242,0.47
PnD,26,38,64,0.41
PnH,76,76,152,0.5
PnI,29,18,47,0.62
PnK,17,14,31,0.55
PnL,69,68,137,0.5
PnM,166,171,337,0.49
PnN,175,190,365,0.48
PnP,200,237,437,0.46
PnS,126,123,249,0.51
Pnb,114,107,221,0.52
Pnh,10,4,14,0.71
Pnl,53,59,112,0.47
Pnm,182,143,325,0.56
Pnn,141,141,282,0.5
Pns,108,122,230,0.47
Pnt,2,0,2,1.0
PsB,75,67,142,0.53
PsD,42,29,71,0.59
PsH,97,99,196,0.49
PsI,11,10,21,0.52
PsK,5,1,6,0.83
PsL,44,45,89,0.49
PsM,116,113,229,0.51
PsN,112,82,194,0.58
PsP,115,160,275,0.42
PsS,117,118,235,0.5
Psb,86,70,156,0.55
Psh,4,3,7,0.57
Psl,38,40,78,0.49
Psm,129,121,250,0.52
Psn,91,79,170,0.54
Pss,110,69,179,0.61
Pst,0,1,1,0.0
PtB,5,4,9,0.56
PtD,3,3,6,0.5
PtH,9,6,15,0.6
PtI,1,1,2,0.5
PtK,1,1,2,0.5
PtL,5,8,13,0.38
PtM,9,20,29,0.31
PtN,12,12,24,0.5
PtP,9,18,27,0.33
PtS,12,11,23,0.52
Ptb,13,14,27,0.48
Ptl,5,3,8,0.62
Ptm,17,10,27,0.63
Ptn,12,12,24,0.5
Pts,8,3,11,0.73
Ptt,2,1,3,0.67
S,0,0,0,
SBB,62,86,148,0.42
SBD,20,10,30,0.67
SBK,11,5,16,0.69
SBL,20,23,43,0.47
SBM,56,89,145,0.39
SBN,73,81,154,0.47
SBP,101,85,186,0.54
SBS,42,50,92,0.46
SBb,62,54,116,0.53
SBh,9,8,17,0.53
SBj,9,7,16,0.56
SBl,22,19,41,0.54
SBm,80,83,163,0.49
SBn,87,98,185,0.47
SBs,32,36,68,0.47
SBt,6,12,18,0.33
SDB,18,15,33,0.55
SDD,26,16,42,0.62
SDH,23,25,48,0.48
SDI,3,0,3,1.0
SDL,9,7,16,0.56
SDM,36,34,70,0.51
SDN,22,23,45,0.49
SDP,24,29,53,0.45
SDS,29,42,71,0.41
SDb,24,28,52,0.46
SDh,1,1,2,0.5
SDl,6,9,15,0.4
SDm,46,38,84,0.55
SDn,26,25,51,0.51
SDs,23,25,48,0.48
SDt,1,2,3,0.33
SHB,28,19,47,0.6
SHD,8,10,18,0.44
SHH,13,7,20,0.65
SHI,3,5,8,0.38
SHK,1,6,7,0.14
SHL,12,13,25,0.48
SHM,30,29,59,0.51
SHN,25,32,57,0.44
SHP,38,27,65,0.58
SHS,41,43,84,0.49
SHb,25,22,47,0.53
SHh,10,25,35,0.29
SHl,14,15,29,0.48
SHm,39,40,79,0.49
SHn,26,22,48,0.54
SHs,37,34,71,0.52
SHt,2,2,4,0.5
SIB,0,3,3,0.0
SIH,2,0,2,1.0
SIM,1,1,2,0.5
SIN,0,2,2,0.0
SIP,0,3,3,0.0
SIS,3,1,4,0.75
SIb,0,0,0,
SIh,0,0,0,
SIm,6,1,7,0.86
SIn,1,2,3,0.33
SIs,5,2,7,0.71
SKB,1,3,4,0.25
SKI,1,0,1,1.0
SKK,0,0,0,
SKL,1,1,2,0.5
SKM,4,2,6,0.67
SKN,2,1,3,0.67
SKP,1,2,3,0.33
SKS,4,1,5,0.8
SKb,3,3,6,0.5
SKh,4,2,6,0.67
SKl,2,5,7,0.29
SKm,1,5,6,0.17
SKn,2,5,7,0.29
SKs,3,5,8,0.38
SLB,25,30,55,0.45
SLD,9,9,18,0.5
SLH,1,0,1,1.0
SLK,1,3,4,0.25
SLL,13,12,25,0.52
SLM,23,42,65,0.35
SLN,32,27,59,0.54
SLP,52,32,84,0.62
SLS,32,24,56,0.57
SLb,22,41,63,0.35
SLh,13,13,26,0.5
SLj,7,6,13,0.54
SLl,19,10,29,0.66
SLm,43,32,75,0.57
SLn,34,27,61,0.56
SLs,21,26,47,0.45
SLt,6,3,9,0.67
SMB,79,101,180,0.44
SMD,22,22,44,0.5
SMH,0,1,1,0.0
SMK,2,4,6,0.33
SML,34,15,49,0.69
SMM,81,119,200,0.4
SMN,87,98,185,0.47
SMP,105,106,211,0.5
SMS,82,80,162,0.51
SMb,78,70,148,0.53
SMh,71,78,149,0.48
SMj,4,8,12,0.33
SMl,34,27,61,0.56
SMm,141,101,242,0.58
SMn,104,122,226,0.46
SMs,69,72,141,0.49
SMt,4,5,9,0.44
SNB,65,67,132,0.49
SND,23,24,47,0.49
SNH,25,19,44,0.57
SNI,0,2,2,0.0
SNK,14,6,20,0.7
SNL,23,28,51,0.45
SNM,65,81,146,0.45
SNN,123,115,238,0.52
SNP,143,110,253,0.57
SNS,79,96,175,0.45
SNb,48,42,90,0.53
SNh,19,26,45,0.42
SNl,24,21,45,0.53
SNm,90,83,173,0.52
SNn,95,106,201,0.47
SNs,70,78,148,0.47
SNt,9,9,18,0.5
SPB,65,76,141,0.46
SPD,29,21,50,0.58
SPH,22,38,60,0.37
SPI,7,5,12,0.58
SPK,16,20,36,0.44
SPL,42,54,96,0.44
SPM,98,104,202,0.49
SPN,126,126,252,0.5
SPP,161,169,330,0.49
SPS,98,96,194,0.51
SPb,77,76,153,0.5
SPh,7,19,26,0.27
SPl,37,43,80,0.46
SPm,131,110,241,0.54
SPn,88,101,189,0.47
SPs,98,87,185,0.53
SPt,12,8,20,0.6
SS,0,0,0,
SSB,67,53,120,0.56
SSD,29,38,67,0.43
SSH,39,50,89,0.44
SSI,3,1,4,0.75
SSK,4,9,13,0.31
SSL,24,31,55,0.44
SSM,100,105,205,0.49
SSN,83,84,167,0.5
SSP,95,116,211,0.45
SSS,146,145,291,0.5
SSb,62,64,126,0.49
SSh,44,60,104,0.42
SSl,21,33,54,0.39
SSm,120,96,216,0.56
SSn,93,113,206,0.45
SSs,121,113,234,0.52
SSt,13,10,23,0.57
SbB,46,72,118,0.39
SbD,6,9,15,0.4
SbH,20,14,34,0.59
SbI,3,4,7,0.43
SbJ,18,11,29,0.62
SbK,14,12,26,0.54
SbL,18,24,42,0.43
SbM,64,87,151,0.42
SbN,100,71,171,0.58
SbP,75,74,149,0.5
SbS,37,40,77,0.48
Sbb,60,50,110,0.55
Sbh,0,1,1,0.0
Sbl,14,17,31,0.45
Sbm,69,62,131,0.53
Sbn,86,65,151,0.57
Sbs,39,39,78,0.5
ShB,36,29,65,0.55
ShD,11,9,20,0.55
ShH,13,11,24,0.54
ShI,5,4,9,0.56
ShK,3,1,4,0.75
ShL,18,13,31,0.58
ShM,41,54,95,0.43
ShN,47,52,99,0.47
ShP,57,60,117,0.49
ShS,65,64,129,0.5
Shb,34,34,68,0.5
Shh,48,47,95,0.51
Shl,7,14,21,0.33
Shm,54,52,106,0.51
Shn,42,54,96,0.44
Shs,52,55,107,0.49
Sht,1,3,4,0.25
SlB,20,27,47,0.43
SlD,11,6,17,0.65
SlH,22,15,37,0.59
SlI,2,3,5,0.4
SlJ,7,12,19,0.37
SlK,0,4,4,0.0
SlL,9,7,16,0.56
SlM,21,36,57,0.37
SlN,32,40,72,0.44
SlP,28,29,57,0.49
SlS,24,27,51,0.47
Slb,24,26,50,0.48
Slh,0,0,0,
Sll,14,12,26,0.54
Slm,25,37,62,0.4
Sln,26,20,46,0.57
Sls,8,21,29,0.28
SmB,77,82,159,0.48
SmD,43,43,86,0.5
SmH,85,86,171,0.5
SmI,3,7,10,0.3
SmJ,20,23,43,0.47
SmK,1,5,6,0.17
SmL,39,35,74,0.53
SmM,99,123,222,0.45
SmN,125,137,262,0.48
SmP,104,123,227,0.46
SmS,88,101,189,0.47
Smb,110,90,200,0.55
Smh,1,2,3,0.33
Sml,26,30,56,0.46
Smm,129,119,248,0.52
Smn,102,92,194,0.53
Sms,69,59,128,0.54
SnB,54,64,118,0.46
SnD,31,27,58,0.53
SnH,54,55,109,0.5
SnI,10,17,27,0.37
SnK,7,10,17,0.41
SnL,25,33,58,0.43
SnM,81,93,174,0.47
SnN,137,122,259,0.53
SnP,111,151,262,0.42
SnS,90,86,176,0.51
Snb,60,60,120,0.5
Snh,3,4,7,0.43
Snl,28,21,49,0.57
Snm,92,98,190,0.48
Snn,109,101,210,0.52
Sns,67,78,145,0.46
SsB,58,39,97,0.6
SsD,46,32,78,0.59
SsH,99,76,175,0.57
SsI,17,8,25,0.68
SsK,3,7,10,0.3
SsL,31,32,63,0.49
SsM,83,104,187,0.44
SsN,111,90,201,0.55
SsP,90,87,177,0.51
SsS,121,131,252,0.48
Ssb,62,76,138,0.45
Ssh,2,5,7,0.29
Ssl,28,31,59,0.47
Ssm,114,91,205,0.56
Ssn,84,67,151,0.56
Sss,87,104,191,0.46
Sst,1,0,1,1.0
StB,6,11,17,0.35
StD,2,1,3,0.67
StH,5,9,14,0.36
StK,0,1,1,0.0
StL,6,6,12,0.5
StM,3,9,12,0.25
StN,10,6,16,0.62
StP,14,3,17,0.82
StS,12,10,22,0.55
Stb,4,8,12,0.33
Stl,3,2,5,0.6
Stm,14,9,23,0.61
Stn,6,9,15,0.4
Sts,6,5,11,0.55
Stt,0,3,3,0.0
bBB,91,94,185,0.49
bBD,26,17,43,0.6
bBH,0,2,2,0.0
bBI,1,0,1,1.0
bBK,13,7,20,0.65
bBL,28,30,58,0.48
bBM,103,104,207,0.5
bBN,125,127,252,0.5
bBP,124,120,244,0.51
bBS,61,48,109,0.56
bBb,89,73,162,0.55
bBh,8,13,21,0.38
bBj,19,17,36,0.53
bBl,34,26,60,0.57
bBm,97,97,194,0.5
bBn,141,136,277,0.51
bBs,57,43,100,0.57
bBt,9,8,17,0.53
bDB,13,15,28,0.46
bDD,9,13,22,0.41
bDH,21,18,39,0.54
bDI,0,1,1,0.0
bDL,7,5,12,0.58
bDM,22,22,44,0.5
bDN,19,21,40,0.48
bDP,18,28,46,0.39
bDS,21,10,31,0.68
bDb,23,17,40,0.57
bDl,5,3,8,0.62
bDm,28,27,55,0.51
bDn,16,14,30,0.53
bDs,14,10,24,0.58
bDt,1,1,2,0.5
bHB,23,13,36,0.64
bHD,3,8,11,0.27
bHH,3,5,8,0.38
bHI,6,4,10,0.6
bHK,1,4,5,0.2
bHL,11,5,16,0.69
bHM,27,29,56,0.48
bHN,26,24,50,0.52
bHP,35,30,65,0.54
bHS,15,20,35,0.43
bHb,23,18,41,0.56
bHh,11,8,19,0.58
bHl,4,3,7,0.57
bHm,23,24,47,0.49
bHn,34,25,59,0.58
bHs,12,8,20,0.6
bHt,2,1,3,0.67
bIB,6,6,12,0.5
bID,3,4,7,0.43
bIH,7,4,11,0.64
bII,1,0,1,1.0
bIL,4,3,7,0.57
bIM,8,5,13,0.62
bIN,11,10,21,0.52
bIP,10,13,23,0.43
bIS,4,10,14,0.29
bIb,6,6,12,0.5
bIl,2,2,4,0.5
bIm,8,14,22,0.36
bIn,9,5,14,0.64
bIs,3,6,9,0.33
bJB,18,31,49,0.37
bJD,7,2,9,0.78
bJH,14,14,28,0.5
bJI,1,0,1,1.0
bJK,2,2,4,0.5
bJL,8,9,17,0.47
bJM,16,25,41,0.39
bJN,20,12,32,0.62
bJP,27,36,63,0.43
bJS,13,24,37,0.35
bJb,18,20,38,0.47
bJh,0,4,4,0.0
bJl,8,9,17,0.47
bJm,22,22,44,0.5
bJn,16,18,34,0.47
bJs,16,12,28,0.57
bJt,1,2,3,0.33
bKB,13,16,29,0.45
bKD,7,2,9,0.78
bKH,2,5,7,0.29
bKI,2,3,5,0.4
bKL,6,4,10,0.6
bKM,27,22,49,0.55
bKN,14,13,27,0.52
bKP,21,27,48,0.44
bKS,6,11,17,0.35
bKb,16,18,34,0.47
bKh,12,18,30,0.4
bKl,12,2,14,0.86
bKm,27,22,49,0.55
bKn,5,12,17,0.29
bKs,13,8,21,0.62
bKt,1,0,1,1.0
bLB,28,27,55,0.51
bLD,7,1,8,0.88
bLH,4,1,5,0.8
bLK,1,4,5,0.2
bLL,12,17,29,0.41
bLM,40,33,73,0.55
bLN,42,34,76,0.55
bLP,50,58,108,0.46
bLS,22,17,39,0.56
bLb,35,35,70,0.5
bLh,11,22,33,0.33
bLj,5,5,10,0.5
bLl,9,7,16,0.56
bLm,33,44,77,0.43
bLn,59,47,106,0.56
bLs,36,16,52,0.69
bLt,0,3,3,0.0
bMB,90,106,196,0.46
bMD,28,38,66,0.42
bMH,2,0,2,1.0
bMK,1,0,1,1.0
bML,26,32,58,0.45
bMM,105,116,221,0.48
bMN,119,108,227,0.52
bMP,139,140,279,0.5
bMS,75,68,143,0.52
bMb,103,82,185,0.56
bMh,79,96,175,0.45
bMj,10,9,19,0.53
bMl,32,27,59,0.54
bMm,174,114,288,0.6
bMn,169,128,297,0.57
bMs,62,51,113,0.55
bMt,8,7,15,0.53
bNB,110,106,216,0.51
bND,27,31,58,0.47
bNH,20,21,41,0.49
bNI,1,0,1,1.0
bNK,9,16,25,0.36
bNL,38,37,75,0.51
bNM,125,146,271,0.46
bNN,184,147,331,0.56
bNP,185,174,359,0.52
bNS,105,106,211,0.5
bNb,120,78,198,0.61
bNh,47,38,85,0.55
bNl,40,26,66,0.61
bNm,165,106,271,0.61
bNn,162,172,334,0.49
bNs,83,81,164,0.51
bNt,20,20,40,0.5
bPB,125,107,232,0.54
bPD,34,26,60,0.57
bPH,32,36,68,0.47
bPI,7,6,13,0.54
bPK,15,12,27,0.56
bPL,57,54,111,0.51
bPM,158,196,354,0.45
bPN,141,141,282,0.5
bPP,188,192,380,0.49
bPS,99,91,190,0.52
bPb,116,119,235,0.49
bPh,22,18,40,0.55
bPl,47,31,78,0.6
bPm,155,133,288,0.54
bPn,136,113,249,0.55
bPs,75,82,157,0.48
bPt,13,14,27,0.48
bSB,33,30,63,0.52
bSD,17,12,29,0.59
bSH,16,22,38,0.42
bSI,0,1,1,0.0
bSK,3,0,3,1.0
bSL,19,17,36,0.53
bSM,52,66,118,0.44
bSN,63,45,108,0.58
bSP,70,59,129,0.54
bSS,56,49,105,0.53
bSb,46,38,84,0.55
bSh,35,24,59,0.59
bSl,15,16,31,0.48
bSm,69,50,119,0.58
bSn,73,60,133,0.55
bSs,46,58,104,0.44
bSt,4,5,9,0.44
bbB,141,94,235,0.6
bbD,17,12,29,0.59
bbH,21,24,45,0.47
bbI,10,4,14,0.71
bbJ,11,23,34,0.32
bbK,11,17,28,0.39
bbL,42,37,79,0.53
bbM,103,113,216,0.48
bbN,133,120,253,0.53
bbP,149,153,302,0.49
bbS,53,53,106,0.5
bbb,146,109,255,0.57
bbh,1,0,1,1.0
bbl,26,27,53,0.49
bbm,100,81,181,0.55
bbn,122,93,215,0.57
bbs,51,38,89,0.57
bhB,0,1,1,0.0
bhM,0,1,1,0.0
bhN,1,0,1,1.0
bhP,1,0,1,1.0
bhS,1,0,1,1.0
bhb,1,0,1,1.0
bhm,2,2,4,0.5
blB,21,19,40,0.52
blD,5,2,7,0.71
blH,9,12,21,0.43
blI,2,0,2,1.0
blJ,8,3,11,0.73
blK,0,1,1,0.0
blL,3,12,15,0.2
blM,30,31,61,0.49
blN,25,38,63,0.4
blP,33,48,81,0.41
blS,13,24,37,0.35
blb,34,35,69,0.49
blh,0,1,1,0.0
bll,11,11,22,0.5
blm,28,34,62,0.45
bln,30,28,58,0.52
bls,12,16,28,0.43
bmB,111,99,210,0.53
bmD,32,24,56,0.57
bmH,70,84,154,0.45
bmI,9,6,15,0.6
bmJ,11,13,24,0.46
bmK,0,1,1,0.0
bmL,26,21,47,0.55
bmM,134,136,270,0.5
bmN,105,117,222,0.47
bmP,127,126,253,0.5
bmS,63,62,125,0.5
bmb,108,109,217,0.5
bml,25,33,58,0.43
bmm,123,84,207,0.59
bmn,107,92,199,0.54
bms,44,39,83,0.53
bnB,76,90,166,0.46
bnD,27,23,50,0.54
bnH,47,53,100,0.47
bnI,12,18,30,0.4
bnK,5,8,13,0.38
bnL,39,31,70,0.56
bnM,123,127,250,0.49
bnN,145,157,302,0.48
bnP,158,157,315,0.5
bnS,67,57,124,0.54
bnb,111,81,192,0.58
bnh,4,6,10,0.4
bnl,37,25,62,0.6
bnm,116,80,196,0.59
bnn,109,110,219,0.5
bns,63,61,124,0.51
bsB,45,35,80,0.56
bsD,19,15,34,0.56
bsH,36,50,86,0.42
bsI,8,8,16,0.5
bsK,1,0,1,1.0
bsL,18,18,36,0.5
bsM,55,50,105,0.52
bsN,55,53,108,0.51
bsP,69,44,113,0.61
bsS,52,49,101,0.51
bsb,45,28,73,0.62
bsh,0,3,3,0.0
bsl,8,16,24,0.33
bsm,49,54,103,0.48
bsn,53,40,93,0.57
bss,37,30,67,0.55
bst,0,1,1,0.0
btM,0,0,0,
hBB,23,21,44,0.52
hBD,7,5,12,0.58
hBK,5,2,7,0.71
hBL,5,5,10,0.5
hBM,15,21,36,0.42
hBN,18,33,51,0.35
hBP,26,41,67,0.39
hBS,11,19,30,0.37
hBb,18,14,32,0.56
hBh,1,7,8,0.12
hBj,2,3,5,0.4
hBl,4,5,9,0.44
hBm,29,27,56,0.52
hBn,25,21,46,0.54
hBs,15,14,29,0.52
hBt,2,0,2,1.0
hDB,3,3,6,0.5
hDD,4,4,8,0.5
hDH,7,10,17,0.41
hDI,0,1,1,0.0
hDK,0,0,0,
hDL,1,3,4,0.25
hDM,15,5,20,0.75
hDN,4,8,12,0.33
hDP,10,7,17,0.59
hDS,7,10,17,0.41
hDb,3,5,8,0.38
hDh,0,1,1,0.0
hDl,0,0,0,
hDm,8,9,17,0.47
hDn,9,4,13,0.69
hDs,5,10,15,0.33
hDt,1,1,2,0.5
hHB,8,5,13,0.62
hHD,1,0,1,1.0
hHH,3,2,5,0.6
hHI,0,1,1,0.0
hHK,0,2,2,0.0
hHL,2,2,4,0.5
hHM,10,10,20,0.5
hHN,3,8,11,0.27
hHP,3,7,10,0.3
hHS,4,4,8,0.5
hHb,5,5,10,0.5
hHh,2,4,6,0.33
hHl,3,2,5,0.6
hHm,3,5,8,0.38
hHn,6,9,15,0.4
hHs,2,6,8,0.25
hIB,3,2,5,0.6
hID,0,1,1,0.0
hIH,1,1,2,0.5
hII,0,1,1,0.0
hIL,1,0,1,1.0
hIM,2,1,3,0.67
hIN,2,1,3,0.67
hIP,0,2,2,0.0
hIS,1,2,3,0.33
hIb,1,1,2,0.5
hIl,2,1,3,0.67
hIm,3,0,3,1.0
hIn,1,1,2,0.5
hIs,4,2,6,0.67
hKN,1,4,5,0.2
hKS,0,1,1,0.0
hKb,1,1,2,0.5
hKh,0,0,0,
hKm,1,1,2,0.5
hKn,0,1,1,0.0
hLB,10,9,19,0.53
hLD,1,1,2,0.5
hLK,1,1,2,0.5
hLL,3,2,5,0.6
hLM,6,7,13,0.46
hLN,7,7,14,0.5
hLP,6,11,17,0.35
hLS,8,8,16,0.5
hLb,10,5,15,0.67
hLh,3,1,4,0.75
hLj,3,0,3,1.0
hLl,8,1,9,0.89
hLm,7,9,16,0.44
hLn,11,11,22,0.5
hLs,4,2,6,0.67
hLt,0,3,3,0.0
hMB,23,34,57,0.4
hMD,12,6,18,0.67
hMH,0,3,3,0.0
hMK,0,1,1,0.0
hML,3,9,12,0.25
hMM,20,51,71,0.28
hMN,17,31,48,0.35
hMP,42,42,84,0.5
hMS,18,18,36,0.5
hMb,18,25,43,0.42
hMh,19,28,47,0.4
hMj,2,1,3,0.67
hMl,20,8,28,0.71
hMm,51,33,84,0.61
hMn,39,41,80,0.49
hMs,14,18,32,0.44
hMt,1,3,4,0.25
hNB,24,8,32,0.75
hND,5,7,12,0.42
hNH,2,4,6,0.33
hNI,0,0,0,
hNK,6,7,13,0.46
hNL,10,8,18,0.56
hNM,22,24,46,0.48
hNN,28,22,50,0.56
hNP,34,36,70,0.49
hNS,22,20,42,0.52
hNb,17,19,36,0.47
hNh,7,3,10,0.7
hNl,9,4,13,0.69
hNm,40,26,66,0.61
hNn,37,25,62,0.6
hNs,13,19,32,0.41
hNt,6,2,8,0.75
hPB,21,22,43,0.49
hPD,14,9,23,0.61
hPH,8,13,21,0.38
hPI,2,2,4,0.5
hPK,4,9,13,0.31
hPL,13,15,28,0.46
hPM,36,44,80,0.45
hPN,35,46,81,0.43
hPP,50,44,94,0.53
hPS,15,25,40,0.38
hPb,29,21,50,0.58
hPh,4,6,10,0.4
hPl,14,12,26,0.54
hPm,41,39,80,0.51
hPn,35,25,60,0.58
hPs,29,24,53,0.55
hPt,2,6,8,0.25
hSB,29,17,46,0.63
hSD,3,5,8,0.38
hSH,9,17,26,0.35
hSI,1,0,1,1.0
hSK,1,0,1,1.0
hSL,11,8,19,0.58
hSM,30,35,65,0.46
hSN,27,23,50,0.54
hSP,27,28,55,0.49
hSS,35,24,59,0.59
hSb,21,15,36,0.58
hSh,6,16,22,0.27
hSl,3,11,14,0.21
hSm,31,23,54,0.57
hSn,21,17,38,0.55
hSs,25,18,43,0.58
hSt,0,1,1,0.0
hbB,21,19,40,0.52
hbD,8,5,13,0.62
hbH,1,3,4,0.25
hbI,2,2,4,0.5
hbJ,4,5,9,0.44
hbK,5,4,9,0.56
hbL,7,7,14,0.5
hbM,20,30,50,0.4
hbN,35,25,60,0.58
hbP,20,27,47,0.43
hbS,21,13,34,0.62
hbb,20,34,54,0.37
hbl,6,9,15,0.4
hbm,15,17,32,0.47
hbn,16,30,46,0.35
hbs,4,4,8,0.5
hhB,20,20,40,0.5
hhD,5,6,11,0.45
hhH,4,4,8,0.5
hhI,0,1,1,0.0
hhK,0,1,1,0.0
hhL,5,7,12,0.42
hhM,32,34,66,0.48
hhN,14,18,32,0.44
hhP,32,27,59,0.54
hhS,29,31,60,0.48
hhb,18,18,36,0.5
hhh,18,33,51,0.35
hhl,12,9,21,0.57
hhm,38,21,59,0.64
hhn,22,30,52,0.42
hhs,24,18,42,0.57
hht,0,2,2,0.0
hlB,4,10,14,0.29
hlD,0,3,3,0.0
hlH,8,7,15,0.53
hlJ,3,2,5,0.6
hlK,2,2,4,0.5
hlL,3,1,4,0.75
hlM,10,10,20,0.5
hlN,10,10,20,0.5
hlP,9,11,20,0.45
hlS,9,9,18,0.5
hlb,7,15,22,0.32
hll,4,3,7,0.57
hlm,16,10,26,0.62
hln,7,12,19,0.37
hls,6,5,11,0.55
hmB,35,35,70,0.5
hmD,11,7,18,0.61
hmH,23,38,61,0.38
hmI,1,2,3,0.33
hmJ,6,7,13,0.46
hmK,0,2,2,0.0
hmL,11,15,26,0.42
hmM,31,52,83,0.37
hmN,30,49,79,0.38
hmP,42,24,66,0.64
hmS,29,37,66,0.44
hmb,26,30,56,0.46
hmh,0,1,1,0.0
hml,7,9,16,0.44
hmm,52,42,94,0.55
hmn,29,21,50,0.58
hms,28,18,46,0.61
hnB,21,11,32,0.66
hnD,4,6,10,0.4
hnH,16,16,32,0.5
hnI,3,1,4,0.75
hnK,3,4,7,0.43
hnL,8,6,14,0.57
hnM,22,27,49,0.45
hnN,35,35,70,0.5
hnP,29,36,65,0.45
hnS,23,27,50,0.46
hnb,20,20,40,0.5
hnh,0,1,1,0.0
hnl,6,5,11,0.55
hnm,37,27,64,0.58
hnn,29,23,52,0.56
hns,33,32,65,0.51
hsB,18,17,35,0.51
hsD,6,14,20,0.3
hsH,26,22,48,0.54
hsI,7,4,11,0.64
hsK,1,0,1,1.0
hsL,8,6,14,0.57
hsM,28,15,43,0.65
hsN,21,24,45,0.47
hsP,33,26,59,0.56
hsS,29,33,62,0.47
hsb,19,12,31,0.61
hsh,3,2,5,0.6
hsl,9,10,19,0.47
hsm,20,17,37,0.54
hsn,21,17,38,0.55
hss,19,25,44,0.43
htB,0,2,2,0.0
htH,0,2,2,0.0
htM,3,0,3,1.0
htN,0,3,3,0.0
htP,4,2,6,0.67
htS,0,1,1,0.0
htb,0,0,0,
htl,2,1,3,0.67
htm,0,1,1,0.0
htn,3,3,6,0.5
hts,3,2,5,0.6
jBB,3,4,7,0.43
jBD,0,1,1,0.0
jBK,1,1,2,0.5
jBL,2,0,2,1.0
jBM,3,1,4,0.75
jBN,5,1,6,0.83
jBP,5,3,8,0.62
jBS,0,1,1,0.0
jBb,5,5,10,0.5
jBh,0,1,1,0.0
jBj,1,1,2,0.5
jBl,0,1,1,0.0
jBm,4,5,9,0.44
jBn,6,3,9,0.67
jDB,0,1,1,0.0
jDM,0,2,2,0.0
jDN,0,1,1,0.0
jDP,3,0,3,1.0
jDb,0,1,1,0.0
jDm,2,1,3,0.67
jHB,0,1,1,0.0
jHH,0,1,1,0.0
jHL,0,0,0,
jHM,0,2,2,0.0
jHN,1,0,1,1.0
jHP,2,2,4,0.5
jHS,0,1,1,0.0
jHb,0,1,1,0.0
jHn,1,2,3,0.33
jHs,1,2,3,0.33
jIP,1,0,1,1.0
jIb,1,0,1,1.0
jKN,2,0,2,1.0
jKP,1,0,1,1.0
jKb,1,0,1,1.0
jKh,1,0,1,1.0
jKn,1,0,1,1.0
jLB,3,4,7,0.43
jLD,0,1,1,0.0
jLK,1,0,1,1.0
jLL,2,2,4,0.5
jLM,1,3,4,0.25
jLN,1,1,2,0.5
jLP,2,0,2,1.0
jLS,1,0,1,1.0
jLb,1,1,2,0.5
jLh,0,1,1,0.0
jLm,0,3,3,0.0
jLn,2,1,3,0.67
jLs,0,1,1,0.0
jMB,2,7,9,0.22
jMD,0,0,0,
jML,0,1,1,0.0
jMM,1,2,3,0.33
jMN,1,4,5,0.2
jMP,5,7,12,0.42
jMS,2,0,2,1.0
jMb,3,1,4,0.75
jMh,1,3,4,0.25
jMj,1,2,3,0.33
jMl,2,1,3,0.67
jMm,3,4,7,0.43
jMn,7,2,9,0.78
jMs,1,0,1,1.0
jNB,6,2,8,0.75
jND,1,0,1,1.0
jNH,1,0,1,1.0
jNL,1,1,2,0.5
jNM,1,5,6,0.17
jNN,1,3,4,0.25
jNP,5,2,7,0.71
jNS,0,5,5,0.0
jNb,2,1,3,0.67
jNh,2,0,2,1.0
jNl,2,2,4,0.5
jNm,3,2,5,0.6
jNn,5,0,5,1.0
jNs,4,3,7,0.57
jPB,3,5,8,0.38
jPD,1,1,2,0.5
jPH,1,0,1,1.0
jPI,0,1,1,0.0
jPL,3,0,3,1.0
jPM,2,3,5,0.4
jPN,6,3,9,0.67
jPP,7,4,11,0.64
jPS,5,5,10,0.5
jPb,4,2,6,0.67
jPh,0,1,1,0.0
jPl,4,3,7,0.57
jPm,5,3,8,0.62
jPn,6,2,8,0.75
jPs,2,2,4,0.5
jSB,0,3,3,0.0
jSH,1,1,2,0.5
jSI,0,1,1,0.0
jSL,2,0,2,1.0
jSM,1,1,2,0.5
jSN,1,0,1,1.0
jSP,5,1,6,0.83
jSS,4,2,6,0.67
jSb,0,4,4,0.0
jSh,1,1,2,0.5
jSl,2,0,2,1.0
jSm,2,5,7,0.29
jSn,2,5,7,0.29
jSs,3,1,4,0.75
jbB,3,3,6,0.5
jbD,1,2,3,0.33
jbH,0,0,0,
jbJ,1,0,1,1.0
jbL,1,1,2,0.5
jbM,5,1,6,0.83
jbN,1,4,5,0.2
jbP,3,3,6,0.5
jbS,1,4,5,0.2
jbb,3,4,7,0.43
jbm,5,7,12,0.42
jbn,1,1,2,0.5
jbs,2,2,4,0.5
jhB,0,1,1,0.0
jhL,0,1,1,0.0
jhM,0,0,0,
jhP,1,0,1,1.0
jhb,1,1,2,0.5
jhs,0,1,1,0.0
jht,0,0,0,
jlB,1,2,3,0.33
jlH,0,0,0,
jlJ,1,0,1,1.0
jlL,0,1,1,0.0
jlM,2,0,2,1.0
jlN,2,2,4,0.5
jlP,1,2,3,0.33
jlS,1,0,1,1.0
jlm,0,0,0,
jln,0,1,1,0.0
jmB,4,2,6,0.67
jmD,2,3,5,0.4
jmH,8,5,13,0.62
jmI,0,1,1,0.0
jmJ,0,1,1,0.0
jmL,2,2,4,0.5
jmM,4,3,7,0.57
jmN,0,4,4,0.0
jmP,3,8,11,0.27
jmS,3,1,4,0.75
jmb,7,2,9,0.78
jml,0,1,1,0.0
jmm,7,3,10,0.7
jmn,6,4,10,0.6
jms,3,1,4,0.75
jnB,2,4,6,0.33
jnH,3,0,3,1.0
jnI,1,1,2,0.5
jnL,1,0,1,1.0
jnM,6,3,9,0.67
jnN,2,3,5,0.4
jnP,2,10,12,0.17
jnS,3,5,8,0.38
jnb,1,3,4,0.25
jnl,4,0,4,1.0
jnm,4,4,8,0.5
jnn,3,3,6,0.5
jns,2,3,5,0.4
jsB,1,2,3,0.33
jsD,0,2,2,0.0
jsH,3,3,6,0.5
jsL,0,2,2,0.0
jsM,2,0,2,1.0
jsN,2,2,4,0.5
jsP,3,1,4,0.75
jsS,2,5,7,0.29
jsb,0,1,1,0.0
jsh,0,1,1,0.0
jsl,1,0,1,1.0
jsm,0,3,3,0.0
jsn,2,2,4,0.5
jss,4,1,5,0.8
jtB,1,0,1,1.0
jtL,1,1,2,0.5
jtP,1,1,2,0.5
jtS,1,0,1,1.0
jtb,2,0,2,1.0
jts,1,0,1,1.0
lBB,23,31,54,0.43
lBD,10,4,14,0.71
lBK,4,4,8,0.5
lBL,11,13,24,0.46
lBM,32,32,64,0.5
lBN,31,41,72,0.43
lBP,44,47,91,0.48
lBS,17,23,40,0.42
lBb,29,23,52,0.56
lBh,0,2,2,0.0
lBj,6,5,11,0.55
lBl,12,16,28,0.43
lBm,43,23,66,0.65
lBn,43,37,80,0.54
lBs,17,15,32,0.53
lBt,3,1,4,0.75
lDB,3,9,12,0.25
lDD,3,3,6,0.5
lDH,3,6,9,0.33
lDL,1,2,3,0.33
lDM,6,11,17,0.35
lDN,7,2,9,0.78
lDP,3,9,12,0.25
lDS,4,4,8,0.5
lDb,6,8,14,0.43
lDh,0,0,0,
lDl,3,3,6,0.5
lDm,14,6,20,0.7
lDn,6,3,9,0.67
lDs,10,3,13,0.77
lDt,2,2,4,0.5
lHB,18,22,40,0.45
lHD,3,4,7,0.43
lHH,4,2,6,0.67
lHI,1,2,3,0.33
lHK,2,4,6,0.33
lHL,6,9,15,0.4
lHM,10,27,37,0.27
lHN,39,17,56,0.7
lHP,27,34,61,0.44
lHS,14,22,36,0.39
lHb,11,18,29,0.38
lHh,8,9,17,0.47
lHl,6,9,15,0.4
lHm,29,25,54,0.54
lHn,23,16,39,0.59
lHs,13,15,28,0.46
lHt,0,1,1,0.0
lIB,2,4,6,0.33
lID,0,1,1,0.0
lIH,1,1,2,0.5
lII,0,1,1,0.0
lIL,1,0,1,1.0
lIM,6,4,10,0.6
lIN,4,4,8,0.5
lIP,3,2,5,0.6
lIS,3,2,5,0.6
lIb,2,1,3,0.67
lIm,4,2,6,0.67
lIn,1,2,3,0.33
lIs,0,1,1,0.0
lJB,12,3,15,0.8
lJD,4,4,8,0.5
lJH,1,4,5,0.2
lJI,0,2,2,0.0
lJK,0,2,2,0.0
lJL,4,0,4,1.0
lJM,10,17,27,0.37
lJN,12,8,20,0.6
lJP,10,13,23,0.43
lJS,4,8,12,0.33
lJb,11,12,23,0.48
lJh,1,2,3,0.33
lJl,5,3,8,0.62
lJm,11,13,24,0.46
lJn,16,6,22,0.73
lJs,6,6,12,0.5
lJt,1,1,2,0.5
lKB,2,2,4,0.5
lKD,1,0,1,1.0
lKH,1,0,1,1.0
lKI,0,0,0,
lKM,0,3,3,0.0
lKN,1,1,2,0.5
lKP,4,0,4,1.0
lKS,0,1,1,0.0
lKb,2,2,4,0.5
lKh,4,0,4,1.0
lKl,0,2,2,0.0
lKm,2,0,2,1.0
lKn,1,1,2,0.5
lKs,1,2,3,0.33
lLB,13,15,28,0.46
lLD,1,1,2,0.5
lLH,1,0,1,1.0
lLK,1,2,3,0.33
lLL,8,9,17,0.47
lLM,14,23,37,0.38
lLN,9,12,21,0.43
lLP,21,23,44,0.48
lLS,8,5,13,0.62
lLb,6,13,19,0.32
lLh,2,5,7,0.29
lLj,1,1,2,0.5
lLl,12,8,20,0.6
lLm,18,17,35,0.51
lLn,20,17,37,0.54
lLs,9,14,23,0.39
lLt,1,2,3,0.33
lMB,33,29,62,0.53
lMD,11,8,19,0.58
lMK,0,1,1,0.0
lML,10,23,33,0.3
lMM,34,41,75,0.45
lMN,31,45,76,0.41
lMP,52,59,111,0.47
lMS,29,26,55,0.53
lMb,40,29,69,0.58
lMh,24,31,55,0.44
lMj,6,0,6,1.0
lMl,18,5,23,0.78
lMm,48,56,104,0.46
lMn,48,62,110,0.44
lMs,27,26,53,0.51
lMt,1,3,4,0.25
lNB,30,23,53,0.57
lND,11,9,20,0.55
lNH,5,5,10,0.5
lNI,0,0,0,
lNK,4,3,7,0.57
lNL,13,13,26,0.5
lNM,39,48,87,0.45
lNN,46,60,106,0.43
lNP,71,61,132,0.54
lNS,31,34,65,0.48
lNb,37,30,67,0.55
lNh,10,12,22,0.45
lNl,20,17,37,0.54
lNm,44,42,86,0.51
lNn,45,57,102,0.44
lNs,37,36,73,0.51
lNt,9,4,13,0.69
lPB,42,35,77,0.55
lPD,8,11,19,0.42
lPH,16,17,33,0.48
lPI,6,5,11,0.55
lPK,7,6,13,0.54
lPL,15,18,33,0.45
lPM,53,41,94,0.56
lPN,66,51,117,0.56
lPP,58,58,116,0.5
lPS,31,27,58,0.53
lPb,42,29,71,0.59
lPh,6,6,12,0.5
lPl,20,16,36,0.56
lPm,48,45,93,0.52
lPn,52,37,89,0.58
lPs,25,24,49,0.51
lPt,6,4,10,0.6
lSB,17,19,36,0.47
lSD,9,4,13,0.69
lSH,11,8,19,0.58
lSI,0,1,1,0.0
lSK,2,2,4,0.5
lSL,11,13,24,0.46
lSM,32,28,60,0.53
lSN,24,27,51,0.47
lSP,31,24,55,0.56
lSS,26,30,56,0.46
lSb,18,25,43,0.42
lSh,15,8,23,0.65
lSl,13,13,26,0.5
lSm,24,22,46,0.52
lSn,29,26,55,0.53
lSs,25,29,54,0.46
lSt,0,1,1,0.0
lbB,39,30,69,0.57
lbD,9,3,12,0.75
lbH,7,4,11,0.64
lbI,2,2,4,0.5
lbJ,7,3,10,0.7
lbK,3,6,9,0.33
lbL,24,11,35,0.69
lbM,38,31,69,0.55
lbN,47,48,95,0.49
lbP,50,33,83,0.6
lbS,13,18,31,0.42
lbb,48,40,88,0.55
lbh,0,1,1,0.0
lbl,17,7,24,0.71
lbm,30,28,58,0.52
lbn,41,34,75,0.55
lbs,24,12,36,0.67
lhP,0,0,0,
lhS,0,0,0,
lhb,1,0,1,1.0
lhn,0,0,0,
lhs,0,0,0,
llB,13,12,25,0.52
llD,1,2,3,0.33
llH,9,4,13,0.69
llI,1,0,1,1.0
llJ,2,1,3,0.67
llK,1,3,4,0.25
llL,3,8,11,0.27
llM,14,17,31,0.45
llN,13,18,31,0.42
llP,22,15,37,0.59
llS,11,6,17,0.65
llb,8,10,18,0.44
lll,6,3,9,0.67
llm,17,13,30,0.57
lln,13,7,20,0.65
lls,4,3,7,0.57
lmB,55,32,87,0.63
lmD,9,19,28,0.32
lmH,25,25,50,0.5
lmI,2,2,4,0.5
lmJ,2,5,7,0.29
lmK,1,0,1,1.0
lmL,10,15,25,0.4
lmM,34,41,75,0.45
lmN,38,42,80,0.48
lmP,63,37,100,0.63
lmS,17,28,45,0.38
lmb,50,38,88,0.57
lmh,1,0,1,1.0
lml,14,7,21,0.67
lmm,32,34,66,0.48
lmn,47,33,80,0.59
lms,16,16,32,0.5
lnB,23,31,54,0.43
lnD,11,16,27,0.41
lnH,12,24,36,0.33
lnI,6,3,9,0.67
lnK,2,2,4,0.5
lnL,10,7,17,0.59
lnM,28,31,59,0.47
lnN,37,37,74,0.5
lnP,46,41,87,0.53
lnS,29,24,53,0.55
lnb,46,31,77,0.6
lnl,9,16,25,0.36
lnm,32,20,52,0.62
lnn,27,32,59,0.46
lns,21,19,40,0.52
lnt,0,0,0,
lsB,19,16,35,0.54
lsD,4,11,15,0.27
lsH,17,16,33,0.52
lsI,0,6,6,0.0
lsK,1,1,2,0.5
lsL,14,7,21,0.67
lsM,18,25,43,0.42
lsN,21,18,39,0.54
lsP,28,27,55,0.51
lsS,29,20,49,0.59
lsb,13,22,35,0.37
lsh,0,3,3,0.0
lsl,14,7,21,0.67
lsm,32,15,47,0.68
lsn,18,20,38,0.47
lss,12,16,28,0.43
ltH,1,0,1,1.0
mBB,100,98,198,0.51
mBD,36,34,70,0.51
mBH,0,1,1,0.0
mBK,15,24,39,0.38
mBL,38,41,79,0.48
mBM,119,152,271,0.44
mBN,151,159,310,0.49
mBP,151,165,316,0.48
mBS,88,84,172,0.51
mBb,107,107,214,0.5
mBh,11,11,22,0.5
mBj,17,21,38,0.45
mBl,31,37,68,0.46
mBm,164,130,294,0.56
mBn,164,151,315,0.52
mBs,74,66,140,0.53
mBt,11,20,31,0.35
mDB,50,46,96,0.52
mDD,31,33,64,0.48
mDH,34,47,81,0.42
mDI,4,2,6,0.67
mDK,0,1,1,0.0
mDL,15,16,31,0.48
mDM,52,68,120,0.43
mDN,48,56,104,0.46
mDP,59,46,105,0.56
mDS,44,58,102,0.43
mDb,36,36,72,0.5
mDh,1,3,4,0.25
mDl,16,14,30,0.53
mDm,82,73,155,0.53
mDn,47,29,76,0.62
mDs,41,36,77,0.53
mDt,9,5,14,0.64
mHB,84,97,181,0.46
mHD,29,32,61,0.48
mHH,18,23,41,0.44
mHI,3,14,17,0.18
mHK,5,10,15,0.33
mHL,30,31,61,0.49
mHM,102,115,217,0.47
mHN,110,103,213,0.52
mHP,140,133,273,0.51
mHS,86,74,160,0.54
mHb,92,88,180,0.51
mHh,53,59,112,0.47
mHl,34,23,57,0.6
mHm,151,106,257,0.59
mHn,125,118,243,0.51
mHs,76,72,148,0.51
mHt,5,6,11,0.45
mIB,6,7,13,0.46
mID,1,2,3,0.33
mIH,3,6,9,0.33
mII,0,1,1,0.0
mIL,2,3,5,0.4
mIM,5,8,13,0.38
mIN,6,6,12,0.5
mIP,9,11,20,0.45
mIS,4,3,7,0.57
mIb,8,6,14,0.57
mIl,1,2,3,0.33
mIm,11,4,15,0.73
mIn,11,5,16,0.69
mIs,1,4,5,0.2
mIt,1,0,1,1.0
mJB,13,17,30,0.43
mJD,8,6,14,0.57
mJH,11,13,24,0.46
mJI,3,3,6,0.5
mJK,0,1,1,0.0
mJL,9,10,19,0.47
mJM,19,28,47,0.4
mJN,21,21,42,0.5
mJP,27,23,50,0.54
mJS,10,11,21,0.48
mJb,22,21,43,0.51
mJh,1,3,4,0.25
mJl,8,7,15,0.53
mJm,26,21,47,0.55
mJn,18,18,36,0.5
mJs,13,15,28,0.46
mJt,2,3,5,0.4
mKB,1,0,1,1.0
mKD,1,1,2,0.5
mKI,0,0,0,
mKL,3,0,3,1.0
mKM,2,0,2,1.0
mKN,0,2,2,0.0
mKP,2,0,2,1.0
mKS,0,1,1,0.0
mKb,1,3,4,0.25
mKh,2,1,3,0.67
mKm,4,7,11,0.36
mKn,3,2,5,0.6
mKs,3,2,5,0.6
mKt,0,1,1,0.0
mLB,39,35,74,0.53
mLD,13,10,23,0.57
mLH,0,0,0,
mLK,1,3,4,0.25
mLL,11,16,27,0.41
mLM,45,54,99,0.45
mLN,32,50,82,0.39
mLP,56,51,107,0.52
mLS,21,33,54,0.39
mLb,40,29,69,0.58
mLh,14,14,28,0.5
mLj,5,6,11,0.45
mLl,15,18,33,0.45
mLm,46,52,98,0.47
mLn,55,47,102,0.54
mLs,29,39,68,0.43
mLt,4,5,9,0.44
mMB,114,109,223,0.51
mMD,55,47,102,0.54
mMH,0,3,3,0.0
mMI,0,1,1,0.0
mMK,1,2,3,0.33
mML,26,39,65,0.4
mMM,149,201,350,0.43
mMN,152,149,301,0.5
mMP,185,193,378,0.49
mMS,102,121,223,0.46
mMb,139,127,266,0.52
mMh,119,121,240,0.5
mMj,17,17,34,0.5
mMl,48,39,87,0.55
mMm,212,180,392,0.54
mMn,187,227,414,0.45
mMs,113,108,221,0.51
mMt,9,11,20,0.45
mNB,106,130,236,0.45
mND,45,44,89,0.51
mNH,31,32,63,0.49
mNI,0,1,1,0.0
mNK,14,20,34,0.41
mNL,34,45,79,0.43
mNM,128,151,279,0.46
mNN,219,214,433,0.51
mNP,246,248,494,0.5
mNS,119,112,231,0.52
mNb,122,128,250,0.49
mNh,33,43,76,0.43
mNl,44,42,86,0.51
mNm,170,128,298,0.57
mNn,231,212,443,0.52
mNs,129,118,247,0.52
mNt,14,20,34,0.41
mPB,139,166,305,0.46
mPD,40,51,91,0.44
mPH,41,40,81,0.51
mPI,15,11,26,0.58
mPK,19,25,44,0.43
mPL,63,57,120,0.52
mPM,210,206,416,0.5
mPN,180,181,361,0.5
mPP,243,222,465,0.52
mPS,118,116,234,0.5
mPb,167,143,310,0.54
mPh,15,19,34,0.44
mPl,53,59,112,0.47
mPm,201,170,371,0.54
mPn,171,148,319,0.54
mPs,93,109,202,0.46
mPt,6,13,19,0.32
mSB,81,92,173,0.47
mSD,40,27,67,0.6
mSH,33,39,72,0.46
mSI,3,2,5,0.6
mSK,0,4,4,0.0
mSL,15,24,39,0.38
mSM,84,105,189,0.44
mSN,82,91,173,0.47
mSP,112,105,217,0.52
mSS,87,107,194,0.45
mSb,68,64,132,0.52
mSh,45,60,105,0.43
mSl,18,24,42,0.43
mSm,119,120,239,0.5
mSn,100,110,210,0.48
mSs,95,80,175,0.54
mSt,7,12,19,0.37
mbB,139,131,270,0.51
mbD,26,23,49,0.53
mbH,25,22,47,0.53
mbI,15,11,26,0.58
mbJ,30,23,53,0.57
mbK,14,18,32,0.44
mbL,44,41,85,0.52
mbM,144,159,303,0.48
mbN,171,169,340,0.5
mbP,181,165,346,0.52
mbS,56,75,131,0.43
mbb,148,136,284,0.52
mbl,26,36,62,0.42
mbm,157,120,277,0.57
mbn,163,119,282,0.58
mbs,45,42,87,0.52
mhB,0,0,0,
mhD,1,0,1,1.0
mhL,0,1,1,0.0
mhM,4,0,4,1.0
mhS,1,0,1,1.0
mhb,0,2,2,0.0
mhh,2,1,3,0.67
mhl,1,0,1,1.0
mhm,6,1,7,0.86
mhn,1,1,2,0.5
mhs,1,2,3,0.33
mlB,28,31,59,0.47
mlD,10,7,17,0.59
mlH,16,19,35,0.46
mlI,4,1,5,0.8
mlJ,6,9,15,0.4
mlK,0,1,1,0.0
mlL,14,19,33,0.42
mlM,35,38,73,0.48
mlN,27,43,70,0.39
mlP,53,29,82,0.65
mlS,18,13,31,0.58
mlb,35,24,59,0.59
mll,14,12,26,0.54
mlm,40,29,69,0.58
mln,35,31,66,0.53
mls,17,15,32,0.53
mlt,0,0,0,
mmB,150,142,292,0.51
mmD,63,47,110,0.57
mmH,102,102,204,0.5
mmI,4,7,11,0.36
mmJ,19,21,40,0.48
mmK,1,2,3,0.33
mmL,43,55,98,0.44
mmM,154,211,365,0.42
mmN,183,155,338,0.54
mmP,215,184,399,0.54
mmS,100,88,188,0.53
mmb,167,142,309,0.54
mmh,0,2,2,0.0
mml,33,19,52,0.63
mmm,202,172,374,0.54
mmn,160,163,323,0.5
mms,67,55,122,0.55
mnB,120,118,238,0.5
mnD,42,32,74,0.57
mnH,65,82,147,0.44
mnI,17,13,30,0.57
mnK,6,11,17,0.35
mnL,33,39,72,0.46
mnM,130,165,295,0.44
mnN,170,176,346,0.49
mnP,197,195,392,0.5
mnS,97,102,199,0.49
mnb,107,119,226,0.47
mnh,3,3,6,0.5
mnl,30,27,57,0.53
mnm,153,117,270,0.57
mnn,155,115,270,0.57
mns,84,87,171,0.49
msB,44,59,103,0.43
msD,37,24,61,0.61
msH,51,53,104,0.49
msI,8,9,17,0.47
msK,0,1,1,0.0
msL,23,29,52,0.44
msM,67,77,144,0.47
msN,76,87,163,0.47
msP,72,84,156,0.46
msS,67,79,146,0.46
msb,67,45,112,0.6
msh,1,6,7,0.14
msl,18,18,36,0.5
msm,103,81,184,0.56
msn,85,74,159,0.53
mss,65,43,108,0.6
mst,0,1,1,0.0
mtb,1,0,1,1.0
nBB,65,109,174,0.37
nBD,15,31,46,0.33
nBH,0,0,0,
nBK,14,10,24,0.58
nBL,33,36,69,0.48
nBM,63,114,177,0.36
nBN,138,130,268,0.51
nBP,135,138,273,0.49
nBS,79,52,131,0.6
nBb,89,91,180,0.49
nBh,5,12,17,0.29
nBj,26,11,37,0.7
nBl,31,29,60,0.52
nBm,116,95,211,0.55
nBn,147,154,301,0.49
nBs,60,55,115,0.52
nBt,13,10,23,0.57
nDB,30,29,59,0.51
nDD,24,13,37,0.65
nDH,37,28,65,0.57
nDI,1,2,3,0.33
nDK,0,2,2,0.0
nDL,15,14,29,0.52
nDM,50,41,91,0.55
nDN,26,36,62,0.42
nDP,40,57,97,0.41
nDS,24,41,65,0.37
nDb,24,17,41,0.59
nDh,1,1,2,0.5
nDl,7,13,20,0.35
nDm,46,40,86,0.53
nDn,40,36,76,0.53
nDs,29,34,63,0.46
nDt,4,5,9,0.44
nHB,47,56,103,0.46
nHD,17,19,36,0.47
nHH,15,9,24,0.62
nHI,7,4,11,0.64
nHK,7,1,8,0.88
nHL,18,18,36,0.5
nHM,69,83,152,0.45
nHN,78,104,182,0.43
nHP,102,88,190,0.54
nHS,55,56,111,0.5
nHb,66,65,131,0.5
nHh,29,30,59,0.49
nHl,24,16,40,0.6
nHm,98,75,173,0.57
nHn,84,77,161,0.52
nHs,37,50,87,0.43
nHt,3,7,10,0.3
nIB,10,16,26,0.38
nID,14,8,22,0.64
nIH,14,16,30,0.47
nII,0,3,3,0.0
nIL,5,6,11,0.45
nIM,25,23,48,0.52
nIN,18,17,35,0.51
nIP,30,17,47,0.64
nIS,13,12,25,0.52
nIb,17,9,26,0.65
nIh,0,0,0,
nIl,6,2,8,0.75
nIm,18,23,41,0.44
nIn,20,17,37,0.54
nIs,13,8,21,0.62
nIt,0,1,1,0.0
nKB,5,16,21,0.24
nKD,6,4,10,0.6
nKH,2,5,7,0.29
nKI,1,1,2,0.5
nKL,5,2,7,0.71
nKM,13,25,38,0.34
nKN,7,16,23,0.3
nKP,12,15,27,0.44
nKS,4,10,14,0.29
nKb,7,8,15,0.47
nKh,11,25,36,0.31
nKl,5,3,8,0.62
nKm,14,11,25,0.56
nKn,16,9,25,0.64
nKs,9,7,16,0.56
nKt,2,0,2,1.0
nLB,26,29,55,0.47
nLD,10,10,20,0.5
nLK,2,1,3,0.67
nLL,18,9,27,0.67
nLM,41,23,64,0.64
nLN,54,51,105,0.51
nLP,58,61,119,0.49
nLS,26,22,48,0.54
nLb,28,25,53,0.53
nLh,16,13,29,0.55
nLj,5,6,11,0.45
nLl,28,13,41,0.68
nLm,45,37,82,0.55
nLn,61,53,114,0.54
nLs,34,26,60,0.57
nLt,4,7,11,0.36
nMB,119,106,225,0.53
nMD,38,29,67,0.57
nMH,0,2,2,0.0
nMK,0,2,2,0.0
nML,20,29,49,0.41
nMM,123,126,249,0.49
nMN,129,154,283,0.46
nMP,181,168,349,0.52
nMS,100,99,199,0.5
nMb,91,93,184,0.49
nMh,108,118,226,0.48
nMj,10,10,20,0.5
nMl,21,31,52,0.4
nMm,162,144,306,0.53
nMn,179,196,375,0.48
nMs,98,104,202,0.49
nMt,17,11,28,0.61
nNB,142,133,275,0.52
nND,51,56,107,0.48
nNH,29,23,52,0.56
nNI,1,2,3,0.33
nNK,13,18,31,0.42
nNL,54,55,109,0.5
nNM,167,170,337,0.5
nNN,208,243,451,0.46
nNP,259,245,504,0.51
nNS,144,145,289,0.5
nNb,113,124,237,0.48
nNh,60,48,108,0.56
nNl,47,42,89,0.53
nNm,182,174,356,0.51
nNn,229,264,493,0.46
nNs,142,138,280,0.51
nNt,20,20,40,0.5
nPB,150,140,290,0.52
nPD,39,37,76,0.51
nPH,49,55,104,0.47
nPI,22,17,39,0.56
nPK,25,28,53,0.47
nPL,81,83,164,0.49
nPM,192,192,384,0.5
nPN,194,220,414,0.47
nPP,231,270,501,0.46
nPS,150,163,313,0.48
nPb,147,155,302,0.49
nPh,16,22,38,0.42
nPl,63,72,135,0.47
nPm,221,200,421,0.52
nPn,223,188,411,0.54
nPs,161,145,306,0.53
nPt,13,12,25,0.52
nSB,68,79,147,0.46
nSD,32,34,66,0.48
nSH,29,36,65,0.45
nSI,0,4,4,0.0
nSK,2,3,5,0.4
nSL,35,37,72,0.49
nSM,97,115,212,0.46
nSN,117,101,218,0.54
nSP,150,111,261,0.57
nSS,96,100,196,0.49
nSb,68,60,128,0.53
nSh,67,52,119,0.56
nSl,37,28,65,0.57
nSm,143,100,243,0.59
nSn,108,127,235,0.46
nSs,121,106,227,0.53
nSt,14,15,29,0.48
nbB,87,80,167,0.52
nbD,13,18,31,0.42
nbH,20,22,42,0.48
nbI,9,8,17,0.53
nbJ,21,23,44,0.48
nbK,17,18,35,0.49
nbL,32,34,66,0.48
nbM,89,135,224,0.4
nbN,156,144,300,0.52
nbP,147,127,274,0.54
nbS,53,74,127,0.42
nbb,114,104,218,0.52
nbl,28,28,56,0.5
nbm,112,87,199,0.56
nbn,116,94,210,0.55
nbs,39,48,87,0.45
nhB,2,4,6,0.33
nhD,1,1,2,0.5
nhH,3,1,4,0.75
nhL,3,0,3,1.0
nhM,1,5,6,0.17
nhN,2,5,7,0.29
nhP,6,6,12,0.5
nhS,3,6,9,0.33
nhb,4,2,6,0.67
nhh,2,5,7,0.29
nhl,1,2,3,0.33
nhm,7,1,8,0.88
nhn,3,3,6,0.5
nhs,6,2,8,0.75
nlB,36,26,62,0.58
nlD,8,6,14,0.57
nlH,16,26,42,0.38
nlI,4,2,6,0.67
nlJ,8,9,17,0.47
nlK,1,0,1,1.0
nlL,10,18,28,0.36
nlM,46,42,88,0.52
nlN,42,45,87,0.48
nlP,50,40,90,0.56
nlS,36,22,58,0.62
nlb,41,31,72,0.57
nll,9,8,17,0.53
nlm,29,26,55,0.53
nln,37,32,69,0.54
nls,20,16,36,0.56
nmB,142,122,264,0.54
nmD,49,40,89,0.55
nmH,83,94,177,0.47
nmI,7,7,14,0.5
nmJ,20,18,38,0.53
nmK,2,0,2,1.0
nmL,33,49,82,0.4
nmM,139,143,282,0.49
nmN,185,170,355,0.52
nmP,193,157,350,0.55
nmS,95,77,172,0.55
nmb,134,118,252,0.53
nmh,0,1,1,0.0
nml,22,23,45,0.49
nmm,164,128,292,0.56
nmn,156,117,273,0.57
nms,70,75,145,0.48
nmt,0,0,0,
nnB,88,119,207,0.43
nnD,54,38,92,0.59
nnH,80,84,164,0.49
nnI,23,21,44,0.52
nnK,21,8,29,0.72
nnL,39,39,78,0.5
nnM,132,143,275,0.48
nnN,202,211,413,0.49
nnP,217,235,452,0.48
nnS,124,103,227,0.55
nnb,111,97,208,0.53
nnh,4,3,7,0.57
nnl,44,35,79,0.56
nnm,150,104,254,0.59
nnn,194,206,400,0.48
nns,107,107,214,0.5
nsB,62,66,128,0.48
nsD,27,32,59,0.46
nsH,83,92,175,0.47
nsI,11,13,24,0.46
nsK,2,2,4,0.5
nsL,21,32,53,0.4
nsM,87,93,180,0.48
nsN,113,106,219,0.52
nsP,105,114,219,0.48
nsS,109,93,202,0.54
nsb,55,68,123,0.45
nsh,5,6,11,0.45
nsl,33,21,54,0.61
nsm,110,94,204,0.54
nsn,119,94,213,0.56
nss,102,76,178,0.57
nst,0,2,2,0.0
ntD,1,0,1,1.0
ntN,1,0,1,1.0
ntS,0,1,1,0.0
nts,0,1,1,0.0
sBB,63,64,127,0.5
sBD,14,18,32,0.44
sBK,7,12,19,0.37
sBL,26,17,43,0.6
sBM,40,57,97,0.41
sBN,67,79,146,0.46
sBP,73,73,146,0.5
sBS,23,34,57,0.4
sBb,42,54,96,0.44
sBh,6,4,10,0.6
sBj,8,5,13,0.62
sBl,17,15,32,0.53
sBm,53,42,95,0.56
sBn,71,85,156,0.46
sBs,32,33,65,0.49
sBt,10,6,16,0.62
sDB,15,23,38,0.39
sDD,20,24,44,0.45
sDH,24,30,54,0.44
sDI,0,0,0,
sDK,1,1,2,0.5
sDL,7,11,18,0.39
sDM,24,55,79,0.3
sDN,31,33,64,0.48
sDP,38,29,67,0.57
sDS,34,26,60,0.57
sDb,23,21,44,0.52
sDh,1,0,1,1.0
sDl,7,20,27,0.26
sDm,38,37,75,0.51
sDn,32,28,60,0.53
sDs,25,13,38,0.66
sDt,3,2,5,0.6
sHB,62,45,107,0.58
sHD,29,19,48,0.6
sHH,19,18,37,0.51
sHI,3,9,12,0.25
sHK,9,4,13,0.69
sHL,26,20,46,0.57
sHM,87,80,167,0.52
sHN,77,78,155,0.5
sHP,87,84,171,0.51
sHS,85,94,179,0.47
sHb,66,60,126,0.52
sHh,39,49,88,0.44
sHl,20,24,44,0.45
sHm,83,77,160,0.52
sHn,69,68,137,0.5
sHs,79,82,161,0.49
sHt,4,9,13,0.31
sIB,7,8,15,0.47
sID,4,5,9,0.44
sIH,7,9,16,0.44
sII,0,0,0,
sIL,4,5,9,0.44
sIM,10,13,23,0.43
sIN,12,9,21,0.57
sIP,12,15,27,0.44
sIS,14,14,28,0.5
sIb,10,14,24,0.42
sIl,4,2,6,0.67
sIm,11,12,23,0.48
sIn,7,6,13,0.54
sIs,6,9,15,0.4
sIt,1,0,1,1.0
sKB,3,2,5,0.6
sKH,0,1,1,0.0
sKL,2,1,3,0.67
sKM,2,1,3,0.67
sKN,2,0,2,1.0
sKP,1,2,3,0.33
sKS,4,2,6,0.67
sKb,0,3,3,0.0
sKh,1,1,2,0.5
sKl,1,0,1,1.0
sKm,4,0,4,1.0
sKn,2,0,2,1.0
sKs,3,3,6,0.5
sLB,26,20,46,0.57
sLD,7,6,13,0.54
sLH,0,2,2,0.0
sLK,4,2,6,0.67
sLL,9,8,17,0.53
sLM,28,31,59,0.47
sLN,32,32,64,0.5
sLP,37,29,66,0.56
sLS,32,20,52,0.62
sLb,14,20,34,0.41
sLh,8,7,15,0.53
sLj,5,5,10,0.5
sLl,11,15,26,0.42
sLm,41,27,68,0.6
sLn,32,29,61,0.52
sLs,19,27,46,0.41
sLt,3,3,6,0.5
sMB,65,66,131,0.5
sMD,26,21,47,0.55
sMH,0,0,0,
sMK,2,4,6,0.33
sML,23,18,41,0.56
sMM,75,104,179,0.42
sMN,73,94,167,0.44
sMP,89,96,185,0.48
sMS,50,58,108,0.46
sMb,67,75,142,0.47
sMh,58,63,121,0.48
sMj,4,6,10,0.4
sMl,25,21,46,0.54
sMm,102,85,187,0.55
sMn,93,105,198,0.47
sMs,59,69,128,0.46
sMt,9,9,18,0.5
sNB,63,70,133,0.47
sND,26,22,48,0.54
sNH,15,11,26,0.58
sNI,1,0,1,1.0
sNK,11,7,18,0.61
sNL,25,30,55,0.45
sNM,80,90,170,0.47
sNN,111,126,237,0.47
sNP,132,112,244,0.54
sNS,96,71,167,0.57
sNb,53,51,104,0.51
sNh,26,17,43,0.6
sNl,26,25,51,0.51
sNm,96,84,180,0.53
sNn,122,99,221,0.55
sNs,89,69,158,0.56
sNt,8,7,15,0.53
sPB,70,69,139,0.5
sPD,25,21,46,0.54
sPH,29,32,61,0.48
sPI,9,5,14,0.64
sPK,10,21,31,0.32
sPL,46,42,88,0.52
sPM,80,113,193,0.41
sPN,113,104,217,0.52
sPP,111,131,242,0.46
sPS,77,88,165,0.47
sPb,86,72,158,0.54
sPh,9,12,21,0.43
sPl,34,29,63,0.54
sPm,116,130,246,0.47
sPn,102,97,199,0.51
sPs,70,81,151,0.46
sPt,7,8,15,0.47
sSB,54,62,116,0.47
sSD,40,25,65,0.62
sSH,29,33,62,0.47
sSI,2,1,3,0.67
sSK,2,3,5,0.4
sSL,42,32,74,0.57
sSM,66,98,164,0.4
sSN,63,82,145,0.43
sSP,97,101,198,0.49
sSS,132,119,251,0.53
sSb,63,59,122,0.52
sSh,53,72,125,0.42
sSl,28,19,47,0.6
sSm,106,104,210,0.5
sSn,99,75,174,0.57
sSs,122,121,243,0.5
sSt,13,10,23,0.57
sbB,56,48,104,0.54
sbD,10,12,22,0.45
sbH,18,11,29,0.62
sbI,5,3,8,0.62
sbJ,20,7,27,0.74
sbK,7,11,18,0.39
sbL,22,18,40,0.55
sbM,67,49,116,0.58
sbN,80,84,164,0.49
sbP,80,70,150,0.53
sbS,36,32,68,0.53
sbb,62,50,112,0.55
sbl,16,18,34,0.47
sbm,69,50,119,0.58
sbn,58,62,120,0.48
sbs,33,28,61,0.54
shB,2,3,5,0.4
shD,0,1,1,0.0
shH,2,0,2,1.0
shI,0,0,0,
shL,4,0,4,1.0
shM,2,6,8,0.25
shN,4,4,8,0.5
shP,2,3,5,0.4
shS,1,6,7,0.14
shb,4,2,6,0.67
shh,1,6,7,0.14
shl,2,2,4,0.5
shm,5,4,9,0.56
shn,3,4,7,0.43
shs,4,4,8,0.5
slB,22,24,46,0.48
slD,2,6,8,0.25
slH,19,14,33,0.58
slI,1,2,3,0.33
slJ,7,8,15,0.47
slK,0,1,1,0.0
slL,7,12,19,0.37
slM,24,27,51,0.47
slN,26,33,59,0.44
slP,33,18,51,0.65
slS,22,21,43,0.51
slb,30,22,52,0.58
sll,11,4,15,0.73
slm,37,22,59,0.63
sln,19,16,35,0.54
sls,28,22,50,0.56
smB,90,79,169,0.53
smD,30,36,66,0.45
smH,71,79,150,0.47
smI,4,3,7,0.57
smJ,13,22,35,0.37
smK,1,0,1,1.0
smL,26,25,51,0.51
smM,103,117,220,0.47
smN,108,106,214,0.5
smP,96,115,211,0.45
smS,79,84,163,0.48
smb,71,81,152,0.47
sml,17,23,40,0.42
smm,106,92,198,0.54
smn,86,90,176,0.49
sms,57,57,114,0.5
snB,53,50,103,0.51
snD,27,19,46,0.59
snH,53,59,112,0.47
snI,14,11,25,0.56
snK,6,7,13,0.46
snL,25,18,43,0.58
snM,76,93,169,0.45
snN,115,111,226,0.51
snP,117,119,236,0.5
snS,66,88,154,0.43
snb,64,38,102,0.63
snh,1,0,1,1.0
snl,15,18,33,0.45
snm,84,73,157,0.54
snn,87,82,169,0.51
sns,63,59,122,0.52
ssB,52,36,88,0.59
ssD,20,27,47,0.43
ssH,79,69,148,0.53
ssI,7,6,13,0.54
ssK,1,3,4,0.25
ssL,14,10,24,0.58
ssM,62,67,129,0.48
ssN,70,90,160,0.44
ssP,97,92,189,0.51
ssS,89,119,208,0.43
ssb,47,51,98,0.48
ssh,8,10,18,0.44
ssl,17,24,41,0.41
ssm,73,73,146,0.5
ssn,83,68,151,0.55
sss,75,75,150,0.5
sst,0,0,0,
stB,0,1,1,0.0
stD,2,0,2,1.0
stL,0,1,1,0.0
stP,1,1,2,0.5
stS,0,4,4,0.0
stb,1,2,3,0.33
stl,2,0,2,1.0
stm,0,1,1,0.0
stn,1,0,1,1.0
sts,0,1,1,0.0
tBB,9,7,16,0.56
tBD,1,2,3,0.33
tBK,1,0,1,1.0
tBL,1,2,3,0.33
tBM,3,3,6,0.5
tBN,6,4,10,0.6
tBP,8,8,16,0.5
tBS,3,2,5,0.6
tBb,3,4,7,0.43
tBl,2,3,5,0.4
tBm,7,4,11,0.64
tBn,3,8,11,0.27
tBs,5,3,8,0.62
tDB,3,3,6,0.5
tDH,2,3,5,0.4
tDI,0,1,1,0.0
tDM,4,4,8,0.5
tDN,0,1,1,0.0
tDP,2,2,4,0.5
tDS,0,0,0,
tDb,0,2,2,0.0
tDl,2,1,3,0.67
tDm,3,2,5,0.6
tDn,0,1,1,0.0
tDs,2,3,5,0.4
tHB,4,3,7,0.57
tHH,1,0,1,1.0
tHI,2,0,2,1.0
tHK,0,1,1,0.0
tHL,2,1,3,0.67
tHM,0,3,3,0.0
tHN,3,5,8,0.38
tHP,6,3,9,0.67
tHS,1,5,6,0.17
tHb,2,5,7,0.29
tHh,3,1,4,0.75
tHl,5,1,6,0.83
tHm,3,6,9,0.33
tHn,4,3,7,0.57
tHs,2,4,6,0.33
tHt,0,1,1,0.0
tID,1,0,1,1.0
tIH,1,0,1,1.0
tII,0,1,1,0.0
tIM,1,0,1,1.0
tIb,2,0,2,1.0
tIs,0,1,1,0.0
tKB,0,2,2,0.0
tKP,2,1,3,0.67
tKh,0,0,0,
tKm,0,2,2,0.0
tKn,0,1,1,0.0
tKs,1,0,1,1.0
tLB,2,0,2,1.0
tLK,1,0,1,1.0
tLL,1,0,1,1.0
tLM,4,6,10,0.4
tLN,2,4,6,0.33
tLP,4,6,10,0.4
tLS,2,0,2,1.0
tLb,6,4,10,0.6
tLh,2,0,2,1.0
tLl,1,0,1,1.0
tLm,6,2,8,0.75
tLn,2,4,6,0.33
tLs,2,0,2,1.0
tLt,0,1,1,0.0
tMB,5,6,11,0.45
tMD,2,0,2,1.0
tMK,0,0,0,
tML,1,0,1,1.0
tMM,5,4,9,0.56
tMN,7,5,12,0.58
tMP,9,6,15,0.6
tMS,3,8,11,0.27
tMb,10,2,12,0.83
tMh,4,3,7,0.57
tMj,0,1,1,0.0
tMl,0,2,2,0.0
tMm,10,6,16,0.62
tMn,9,12,21,0.43
tMs,5,1,6,0.83
tMt,1,0,1,1.0
tNB,5,6,11,0.45
tND,3,2,5,0.6
tNH,2,0,2,1.0
tNK,0,1,1,0.0
tNL,3,0,3,1.0
tNM,6,15,21,0.29
tNN,10,7,17,0.59
tNP,13,6,19,0.68
tNS,6,6,12,0.5
tNb,6,4,10,0.6
tNh,3,3,6,0.5
tNl,5,1,6,0.83
tNm,6,15,21,0.29
tNn,6,6,12,0.5
tNs,4,3,7,0.57
tNt,3,1,4,0.75
tPB,9,6,15,0.6
tPD,1,1,2,0.5
tPH,4,1,5,0.8
tPI,0,2,2,0.0
tPK,1,3,4,0.25
tPL,4,6,10,0.4
tPM,11,12,23,0.48
tPN,10,8,18,0.56
tPP,16,11,27,0.59
tPS,7,11,18,0.39
tPb,12,5,17,0.71
tPh,2,5,7,0.29
tPl,3,4,7,0.43
tPm,3,4,7,0.43
tPn,13,9,22,0.59
tPs,5,6,11,0.45
tSB,5,2,7,0.71
tSD,0,1,1,0.0
tSH,1,0,1,1.0
tSK,0,1,1,0.0
tSL,2,1,3,0.67
tSM,2,7,9,0.22
tSN,6,7,13,0.46
tSP,4,8,12,0.33
tSS,5,7,12,0.42
tSb,3,3,6,0.5
tSh,5,1,6,0.83
tSl,2,2,4,0.5
tSm,8,9,17,0.47
tSn,12,4,16,0.75
tSs,3,7,10,0.3
tSt,1,0,1,1.0
tbB,5,7,12,0.42
tbD,1,0,1,1.0
tbH,1,1,2,0.5
tbI,1,0,1,1.0
tbJ,1,2,3,0.33
tbK,2,1,3,0.67
tbL,0,2,2,0.0
tbM,6,5,11,0.55
tbN,10,7,17,0.59
tbP,5,10,15,0.33
tbS,4,4,8,0.5
tbb,5,7,12,0.42
tbl,2,1,3,0.67
tbm,3,3,6,0.5
tbn,7,8,15,0.47
tbs,2,2,4,0.5
thM,1,0,1,1.0
thN,1,0,1,1.0
tlB,0,5,5,0.0
tlD,0,1,1,0.0
tlH,0,1,1,0.0
tlI,1,0,1,1.0
tlK,1,0,1,1.0
tlL,0,3,3,0.0
tlM,1,1,2,0.5
tlN,1,1,2,0.5
tlP,2,2,4,0.5
tlS,0,0,0,
tlb,2,1,3,0.67
tll,3,1,4,0.75
tlm,1,1,2,0.5
tln,1,2,3,0.33
tls,3,0,3,1.0
tmB,5,7,12,0.42
tmD,5,3,8,0.62
tmH,6,6,12,0.5
tmJ,2,2,4,0.5
tmK,0,1,1,0.0
tmL,3,3,6,0.5
tmM,10,12,22,0.45
tmN,8,6,14,0.57
tmP,14,8,22,0.64
tmS,4,4,8,0.5
tmb,8,7,15,0.53
tml,0,1,1,0.0
tmm,7,9,16,0.44
tmn,6,6,12,0.5
tms,3,2,5,0.6
tnB,6,4,10,0.6
tnD,1,4,5,0.2
tnH,5,6,11,0.45
tnI,2,2,4,0.5
tnK,1,0,1,1.0
tnL,0,0,0,
tnM,7,6,13,0.54
tnN,2,8,10,0.2
tnP,12,12,24,0.5
tnS,3,5,8,0.38
tnb,7,7,14,0.5
tnh,0,0,0,
tnl,3,2,5,0.6
tnm,5,6,11,0.45
tnn,4,11,15,0.27
tns,6,6,12,0.5
tsB,2,2,4,0.5
tsD,2,1,3,0.67
tsH,5,10,15,0.33
tsI,1,0,1,1.0
tsL,1,2,3,0.33
tsM,2,5,7,0.29
tsN,4,6,10,0.4
tsP,7,6,13,0.54
tsS,3,3,6,0.5
tsb,1,2,3,0.33
tsl,4,0,4,1.0
tsm,8,6,14,0.57
tsn,6,1,7,0.86
tss,1,3,4,0.25
ttB,1,0,1,1.0
ttL,0,2,2,0.0
ttM,1,0,1,1.0
ttN,0,1,1,0.0
ttP,1,1,2,0.5
ttS,1,0,1,1.0
ttb,1,0,1,1.0
ttl,0,1,1,0.0
ttm,3,1,4,0.75
ttn,1,2,3,0.33
tts,1,0,1,1.0
