candlestick_code3,label_increase,label_decrease,occurrence,percentage
BBB,127,143,270,0.47
BBD,11,16,27,0.41
BBH,2,0,2,1.0
BBK,7,7,14,0.5
BBL,34,34,68,0.5
BBM,85,108,193,0.44
BBN,106,136,242,0.44
BBP,156,124,280,0.56
BBS,55,52,107,0.51
BBb,119,109,228,0.52
BBh,11,8,19,0.58
BBj,28,26,54,0.52
BBl,37,43,80,0.46
BBm,125,99,224,0.56
BBn,147,162,309,0.48
BBs,56,37,93,0.6
BBt,18,19,37,0.49
BDB,21,23,44,0.48
BDD,16,7,23,0.7
BDH,11,23,34,0.32
BDI,4,3,7,0.57
BDK,0,1,1,0.0
BDL,12,6,18,0.67
BDM,15,15,30,0.5
BDN,17,14,31,0.55
BDP,27,24,51,0.53
BDS,23,21,44,0.52
BDb,14,17,31,0.45
BDh,1,0,1,1.0
BDl,9,7,16,0.56
BDm,31,24,55,0.56
BDn,22,11,33,0.67
BDs,14,21,35,0.4
BDt,3,1,4,0.75
BHB,1,1,2,0.5
BHD,1,0,1,1.0
BHH,1,1,2,0.5
BHI,0,1,1,0.0
BHK,0,0,0,
BHL,2,0,2,1.0
BHM,3,1,4,0.75
BHN,1,1,2,0.5
BHP,0,1,1,0.0
BHS,0,2,2,0.0
BHb,2,1,3,0.67
BHm,1,1,2,0.5
BHt,1,0,1,1.0
BIL,0,0,0,
BIM,1,0,1,1.0
BIm,0,1,1,0.0
BIn,0,1,1,0.0
BIs,0,1,1,0.0
BKB,9,7,16,0.56
BKD,2,4,6,0.33
BKH,3,1,4,0.75
BKI,1,2,3,0.33
BKL,4,5,9,0.44
BKM,14,14,28,0.5
BKN,7,13,20,0.35
BKP,13,17,30,0.43
BKS,9,6,15,0.6
BKb,9,7,16,0.56
BKh,6,11,17,0.35
BKl,5,7,12,0.42
BKm,21,15,36,0.58
BKn,10,11,21,0.48
BKs,11,7,18,0.61
BKt,2,0,2,1.0
BLB,32,33,65,0.49
BLD,6,4,10,0.6
BLK,1,2,3,0.33
BLL,10,11,21,0.48
BLM,23,37,60,0.38
BLN,28,23,51,0.55
BLP,58,51,109,0.53
BLS,8,16,24,0.33
BLb,37,21,58,0.64
BLh,7,19,26,0.27
BLj,7,9,16,0.44
BLl,16,12,28,0.57
BLm,43,35,78,0.55
BLn,40,58,98,0.41
BLs,21,13,34,0.62
BLt,4,6,10,0.4
BMB,86,104,190,0.45
BMD,15,12,27,0.56
BMH,2,0,2,1.0
BMI,1,1,2,0.5
BMK,0,2,2,0.0
BML,27,23,50,0.54
BMM,80,109,189,0.42
BMN,85,103,188,0.45
BMP,108,98,206,0.52
BMS,52,68,120,0.43
BMb,105,93,198,0.53
BMh,65,82,147,0.44
BMj,22,16,38,0.58
BMl,33,30,63,0.52
BMm,143,102,245,0.58
BMn,142,111,253,0.56
BMs,60,43,103,0.58
BMt,15,12,27,0.56
BNB,95,128,223,0.43
BND,19,27,46,0.41
BNH,17,14,31,0.55
BNI,1,3,4,0.25
BNK,10,7,17,0.59
BNL,34,30,64,0.53
BNM,86,126,212,0.41
BNN,135,154,289,0.47
BNP,169,177,346,0.49
BNS,77,111,188,0.41
BNb,84,97,181,0.46
BNh,40,47,87,0.46
BNl,31,33,64,0.48
BNm,142,116,258,0.55
BNn,172,167,339,0.51
BNs,95,91,186,0.51
BNt,24,16,40,0.6
BPB,124,133,257,0.48
BPD,24,19,43,0.56
BPH,27,31,58,0.47
BPI,12,14,26,0.46
BPK,18,25,43,0.42
BPL,43,48,91,0.47
BPM,117,128,245,0.48
BPN,134,148,282,0.48
BPP,217,215,432,0.5
BPS,103,98,201,0.51
BPb,116,103,219,0.53
BPh,19,15,34,0.56
BPl,58,49,107,0.54
BPm,167,139,306,0.55
BPn,127,137,264,0.48
BPs,70,78,148,0.47
BPt,14,6,20,0.7
BSB,50,55,105,0.48
BSD,15,13,28,0.54
BSH,24,29,53,0.45
BSI,2,2,4,0.5
BSL,16,17,33,0.48
BSM,67,72,139,0.48
BSN,55,67,122,0.45
BSP,73,75,148,0.49
BSS,69,64,133,0.52
BSb,41,50,91,0.45
BSh,33,26,59,0.56
BSl,24,23,47,0.51
BSm,75,54,129,0.58
BSn,51,60,111,0.46
BSs,57,66,123,0.46
BSt,9,11,20,0.45
BbB,98,90,188,0.52
BbD,13,11,24,0.54
BbH,24,29,53,0.45
BbI,16,13,29,0.55
BbJ,24,32,56,0.43
BbK,8,10,18,0.44
BbL,26,38,64,0.41
BbM,80,112,192,0.42
BbN,130,136,266,0.49
BbP,148,116,264,0.56
BbS,51,68,119,0.43
Bbb,105,75,180,0.58
Bbh,0,1,1,0.0
Bbl,28,32,60,0.47
Bbm,101,82,183,0.55
Bbn,113,94,207,0.55
Bbs,55,46,101,0.54
BhB,16,11,27,0.59
BhD,1,2,3,0.33
BhH,1,2,3,0.33
BhI,0,0,0,
BhL,9,7,16,0.56
BhM,8,14,22,0.36
BhN,15,17,32,0.47
BhP,17,17,34,0.5
BhS,11,10,21,0.52
Bhb,15,11,26,0.58
Bhh,13,7,20,0.65
Bhl,2,5,7,0.29
Bhm,20,19,39,0.51
Bhn,13,14,27,0.48
Bhs,14,10,24,0.58
Bht,3,2,5,0.6
BjB,21,33,54,0.39
BjD,3,5,8,0.38
BjH,4,3,7,0.57
BjI,6,3,9,0.67
BjK,3,1,4,0.75
BjL,7,15,22,0.32
BjM,24,34,58,0.41
BjN,39,22,61,0.64
BjP,45,36,81,0.56
BjS,23,21,44,0.52
Bjb,36,31,67,0.54
Bjh,3,6,9,0.33
Bjl,4,5,9,0.44
Bjm,30,32,62,0.48
Bjn,23,29,52,0.44
Bjs,25,23,48,0.52
Bjt,1,5,6,0.17
BlB,42,27,69,0.61
BlD,3,3,6,0.5
BlH,21,20,41,0.51
BlI,4,4,8,0.5
BlJ,11,11,22,0.5
BlK,0,2,2,0.0
BlL,16,17,33,0.48
BlM,37,29,66,0.56
BlN,43,48,91,0.47
BlP,45,39,84,0.54
BlS,31,22,53,0.58
Blb,24,31,55,0.44
Bll,12,13,25,0.48
Blm,42,32,74,0.57
Bln,40,40,80,0.5
Bls,25,25,50,0.5
BmB,83,104,187,0.44
BmD,33,27,60,0.55
BmH,74,104,178,0.42
BmI,15,7,22,0.68
BmJ,15,28,43,0.35
BmK,0,0,0,
BmL,37,45,82,0.45
BmM,86,145,231,0.37
BmN,162,150,312,0.52
BmP,155,154,309,0.5
BmS,75,82,157,0.48
Bmb,113,99,212,0.53
Bml,35,25,60,0.58
Bmm,131,108,239,0.55
Bmn,116,126,242,0.48
Bms,76,74,150,0.51
BnB,114,114,228,0.5
BnD,20,27,47,0.43
BnH,59,55,114,0.52
BnI,22,27,49,0.45
BnK,12,23,35,0.34
BnL,45,45,90,0.5
BnM,131,145,276,0.47
BnN,187,195,382,0.49
BnP,184,198,382,0.48
BnS,87,105,192,0.45
Bnb,113,113,226,0.5
Bnh,7,9,16,0.44
Bnl,40,46,86,0.47
Bnm,158,127,285,0.55
Bnn,179,163,342,0.52
Bns,105,89,194,0.54
Bnt,1,2,3,0.33
BsB,28,50,78,0.36
BsD,15,10,25,0.6
BsH,36,54,90,0.4
BsI,9,11,20,0.45
BsK,1,2,3,0.33
BsL,13,18,31,0.42
BsM,63,48,111,0.57
BsN,54,60,114,0.47
BsP,57,81,138,0.41
BsS,70,56,126,0.56
Bsb,49,41,90,0.54
Bsh,6,3,9,0.67
Bsl,23,16,39,0.59
Bsm,46,50,96,0.48
Bsn,69,51,120,0.57
Bss,48,42,90,0.53
BtB,17,19,36,0.47
BtD,2,2,4,0.5
BtH,8,7,15,0.53
BtI,0,1,1,0.0
BtK,3,0,3,1.0
BtL,7,8,15,0.47
BtM,18,15,33,0.55
BtN,26,17,43,0.6
BtP,22,25,47,0.47
BtS,16,16,32,0.5
Btb,14,19,33,0.42
Btl,4,7,11,0.36
Btm,19,20,39,0.49
Btn,13,16,29,0.45
Bts,8,8,16,0.5
Btt,4,2,6,0.67
DBB,20,20,40,0.5
DBD,8,12,20,0.4
DBH,1,0,1,1.0
DBK,4,4,8,0.5
DBL,6,8,14,0.43
DBM,22,23,45,0.49
DBN,20,16,36,0.56
DBP,21,26,47,0.45
DBS,15,17,32,0.47
DBb,24,13,37,0.65
DBh,1,3,4,0.25
DBj,8,2,10,0.8
DBl,9,3,12,0.75
DBm,34,24,58,0.59
DBn,30,22,52,0.58
DBs,18,10,28,0.64
DBt,1,3,4,0.25
DDB,12,14,26,0.46
DDD,38,11,49,0.78
DDH,12,8,20,0.6
DDI,2,0,2,1.0
DDK,0,0,0,
DDL,5,4,9,0.56
DDM,14,18,32,0.44
DDN,10,7,17,0.59
DDP,17,16,33,0.52
DDS,12,8,20,0.6
DDb,3,8,11,0.27
DDh,0,2,2,0.0
DDl,3,4,7,0.43
DDm,20,23,43,0.47
DDn,11,6,17,0.65
DDs,6,7,13,0.46
DDt,1,0,1,1.0
DHB,13,9,22,0.59
DHD,6,10,16,0.38
DHH,5,7,12,0.42
DHI,1,4,5,0.2
DHK,0,1,1,0.0
DHL,7,6,13,0.54
DHM,16,21,37,0.43
DHN,11,21,32,0.34
DHP,29,21,50,0.58
DHS,29,17,46,0.63
DHb,17,16,33,0.52
DHh,20,13,33,0.61
DHl,7,6,13,0.54
DHm,39,18,57,0.68
DHn,18,18,36,0.5
DHs,17,15,32,0.53
DHt,3,1,4,0.75
DIB,2,2,4,0.5
DID,1,2,3,0.33
DIH,2,2,4,0.5
DII,0,0,0,
DIL,1,2,3,0.33
DIM,3,2,5,0.6
DIN,4,0,4,1.0
DIP,2,1,3,0.67
DIS,2,4,6,0.33
DIb,1,2,3,0.33
DIh,1,0,1,1.0
DIl,3,0,3,1.0
DIm,2,6,8,0.25
DIn,3,1,4,0.75
DIs,1,4,5,0.2
DIt,0,0,0,
DKB,1,0,1,1.0
DKD,2,0,2,1.0
DKN,0,1,1,0.0
DKP,1,0,1,1.0
DKb,0,1,1,0.0
DKl,0,1,1,0.0
DKm,1,0,1,1.0
DLB,5,13,18,0.28
DLD,4,1,5,0.8
DLH,1,0,1,1.0
DLK,1,3,4,0.25
DLL,6,3,9,0.67
DLM,9,14,23,0.39
DLN,8,5,13,0.62
DLP,7,8,15,0.47
DLS,9,3,12,0.75
DLb,6,4,10,0.6
DLh,3,1,4,0.75
DLj,1,1,2,0.5
DLl,2,2,4,0.5
DLm,12,8,20,0.6
DLn,6,8,14,0.43
DLs,4,5,9,0.44
DLt,1,0,1,1.0
DMB,36,23,59,0.61
DMD,16,12,28,0.57
DMH,0,2,2,0.0
DML,4,6,10,0.4
DMM,31,39,70,0.44
DMN,23,30,53,0.43
DMP,33,25,58,0.57
DMS,24,29,53,0.45
DMb,29,20,49,0.59
DMh,21,35,56,0.38
DMj,1,6,7,0.14
DMl,9,15,24,0.38
DMm,51,37,88,0.58
DMn,33,32,65,0.51
DMs,20,31,51,0.39
DMt,4,4,8,0.5
DNB,14,22,36,0.39
DND,8,2,10,0.8
DNH,5,4,9,0.56
DNI,2,1,3,0.67
DNK,2,6,8,0.25
DNL,4,6,10,0.4
DNM,28,20,48,0.58
DNN,32,18,50,0.64
DNP,25,38,63,0.4
DNS,23,20,43,0.53
DNb,14,15,29,0.48
DNh,3,7,10,0.3
DNl,7,7,14,0.5
DNm,23,27,50,0.46
DNn,25,26,51,0.49
DNs,15,11,26,0.58
DNt,2,3,5,0.4
DPB,24,21,45,0.53
DPD,9,7,16,0.56
DPH,10,5,15,0.67
DPI,2,1,3,0.67
DPK,6,4,10,0.6
DPL,17,14,31,0.55
DPM,28,48,76,0.37
DPN,24,28,52,0.46
DPP,35,46,81,0.43
DPS,24,22,46,0.52
DPb,22,21,43,0.51
DPh,1,4,5,0.2
DPl,14,13,27,0.52
DPm,43,35,78,0.55
DPn,23,23,46,0.5
DPs,22,18,40,0.55
DPt,1,2,3,0.33
DSB,25,24,49,0.51
DSD,13,7,20,0.65
DSH,6,10,16,0.38
DSI,5,2,7,0.71
DSK,2,1,3,0.67
DSL,11,6,17,0.65
DSM,33,35,68,0.49
DSN,20,26,46,0.43
DSP,36,24,60,0.6
DSS,38,39,77,0.49
DSb,24,15,39,0.62
DSh,12,15,27,0.44
DSl,9,5,14,0.64
DSm,35,29,64,0.55
DSn,25,24,49,0.51
DSs,29,30,59,0.49
DSt,4,3,7,0.57
DbB,19,18,37,0.51
DbD,4,5,9,0.44
DbH,3,3,6,0.5
DbI,4,2,6,0.67
DbJ,7,6,13,0.54
DbK,3,2,5,0.6
DbL,6,11,17,0.35
DbM,20,31,51,0.39
DbN,27,23,50,0.54
DbP,18,18,36,0.5
DbS,12,12,24,0.5
Dbb,15,11,26,0.58
Dbl,4,11,15,0.27
Dbm,29,28,57,0.51
Dbn,17,21,38,0.45
Dbs,7,8,15,0.47
DhB,1,2,3,0.33
DhD,0,0,0,
DhH,1,0,1,1.0
DhK,0,1,1,0.0
DhL,0,0,0,
DhM,3,1,4,0.75
DhN,1,1,2,0.5
DhP,1,3,4,0.25
DhS,3,1,4,0.75
Dhb,0,1,1,0.0
Dhh,0,1,1,0.0
Dhl,0,1,1,0.0
Dhm,1,1,2,0.5
Dhn,2,2,4,0.5
Dhs,2,2,4,0.5
DlB,5,5,10,0.5
DlD,2,1,3,0.67
DlH,2,4,6,0.33
DlJ,3,3,6,0.5
DlK,1,0,1,1.0
DlL,6,1,7,0.86
DlM,7,4,11,0.64
DlN,10,5,15,0.67
DlP,5,3,8,0.62
DlS,7,4,11,0.64
Dlb,5,8,13,0.38
Dll,2,1,3,0.67
Dlm,17,12,29,0.59
Dln,5,3,8,0.62
Dls,5,6,11,0.45
DmB,34,37,71,0.48
DmD,17,10,27,0.63
DmH,25,34,59,0.42
DmI,3,0,3,1.0
DmJ,4,5,9,0.44
DmK,0,3,3,0.0
DmL,13,6,19,0.68
DmM,38,35,73,0.52
DmN,44,33,77,0.57
DmP,24,28,52,0.46
DmS,24,36,60,0.4
Dmb,32,26,58,0.55
Dmh,1,4,5,0.2
Dml,11,8,19,0.58
Dmm,44,42,86,0.51
Dmn,24,19,43,0.56
Dms,21,18,39,0.54
Dmt,0,0,0,
DnB,8,16,24,0.33
DnD,7,7,14,0.5
DnH,15,13,28,0.54
DnI,2,2,4,0.5
DnK,3,3,6,0.5
DnL,7,5,12,0.58
DnM,23,27,50,0.46
DnN,25,28,53,0.47
DnP,27,32,59,0.46
DnS,31,17,48,0.65
Dnb,22,17,39,0.56
Dnl,5,1,6,0.83
Dnm,29,17,46,0.63
Dnn,16,29,45,0.36
Dns,11,18,29,0.38
DsB,12,12,24,0.5
DsD,3,7,10,0.3
DsH,20,19,39,0.51
DsI,1,0,1,1.0
DsK,0,1,1,0.0
DsL,5,2,7,0.71
DsM,19,26,45,0.42
DsN,14,21,35,0.4
DsP,16,27,43,0.37
DsS,26,17,43,0.6
Dsb,10,17,27,0.37
Dsh,1,0,1,1.0
Dsl,4,4,8,0.5
Dsm,24,26,50,0.48
Dsn,11,13,24,0.46
Dss,15,17,32,0.47
DtB,1,4,5,0.2
DtD,1,3,4,0.25
DtH,1,1,2,0.5
DtK,1,0,1,1.0
DtL,1,3,4,0.25
DtM,4,5,9,0.44
DtN,5,6,11,0.45
DtP,3,5,8,0.38
DtS,2,4,6,0.33
Dtb,1,0,1,1.0
Dtl,0,1,1,0.0
Dtm,8,2,10,0.8
Dtn,5,4,9,0.56
Dts,2,0,2,1.0
HBB,36,35,71,0.51
HBD,6,10,16,0.38
HBH,0,1,1,0.0
HBK,3,8,11,0.27
HBL,9,10,19,0.47
HBM,38,39,77,0.49
HBN,39,39,78,0.5
HBP,34,29,63,0.54
HBS,25,22,47,0.53
HBb,36,31,67,0.54
HBh,6,6,12,0.5
HBj,5,8,13,0.38
HBl,19,14,33,0.58
HBm,27,32,59,0.46
HBn,41,44,85,0.48
HBs,24,13,37,0.65
HBt,5,5,10,0.5
HDB,8,6,14,0.57
HDD,6,1,7,0.86
HDH,9,6,15,0.6
HDI,1,0,1,1.0
HDL,6,3,9,0.67
HDM,6,7,13,0.46
HDN,9,11,20,0.45
HDP,15,11,26,0.58
HDS,12,14,26,0.46
HDb,8,5,13,0.62
HDh,0,2,2,0.0
HDl,2,2,4,0.5
HDm,8,15,23,0.35
HDn,13,6,19,0.68
HDs,7,8,15,0.47
HDt,0,1,1,0.0
HHB,12,8,20,0.6
HHD,3,2,5,0.6
HHH,2,1,3,0.67
HHI,1,1,2,0.5
HHK,4,1,5,0.8
HHL,0,0,0,
HHM,9,7,16,0.56
HHN,8,12,20,0.4
HHP,7,6,13,0.54
HHS,10,17,27,0.37
HHb,9,9,18,0.5
HHh,4,0,4,1.0
HHl,4,0,4,1.0
HHm,16,9,25,0.64
HHn,6,6,12,0.5
HHs,11,9,20,0.55
HHt,1,0,1,1.0
HIB,4,6,10,0.4
HID,3,0,3,1.0
HIH,0,8,8,0.0
HII,0,0,0,
HIL,1,2,3,0.33
HIM,6,11,17,0.35
HIN,7,6,13,0.54
HIP,7,9,16,0.44
HIS,6,10,16,0.38
HIb,8,6,14,0.57
HIl,2,0,2,1.0
HIm,9,6,15,0.6
HIn,8,6,14,0.57
HIs,4,5,9,0.44
HIt,0,2,2,0.0
HKB,5,3,8,0.62
HKD,1,1,2,0.5
HKH,0,1,1,0.0
HKI,2,0,2,1.0
HKL,4,1,5,0.8
HKM,6,3,9,0.67
HKN,4,3,7,0.57
HKP,6,9,15,0.4
HKS,6,4,10,0.6
HKb,2,1,3,0.67
HKh,2,0,2,1.0
HKl,1,2,3,0.33
HKm,3,3,6,0.5
HKn,1,3,4,0.25
HKs,3,5,8,0.38
HKt,0,0,0,
HLB,9,6,15,0.6
HLD,1,1,2,0.5
HLK,1,3,4,0.25
HLL,2,4,6,0.33
HLM,17,14,31,0.55
HLN,6,12,18,0.33
HLP,15,17,32,0.47
HLS,14,13,27,0.52
HLb,12,7,19,0.63
HLh,2,11,13,0.15
HLj,1,3,4,0.25
HLl,9,8,17,0.53
HLm,12,14,26,0.46
HLn,11,19,30,0.37
HLs,14,10,24,0.58
HLt,1,6,7,0.14
HMB,29,35,64,0.45
HMD,8,10,18,0.44
HMH,0,1,1,0.0
HMI,2,0,2,1.0
HMK,0,3,3,0.0
HML,6,9,15,0.4
HMM,40,52,92,0.43
HMN,28,52,80,0.35
HMP,41,52,93,0.44
HMS,28,45,73,0.38
HMb,36,35,71,0.51
HMh,27,33,60,0.45
HMj,15,12,27,0.56
HMl,16,13,29,0.55
HMm,55,47,102,0.54
HMn,58,52,110,0.53
HMs,32,35,67,0.48
HMt,6,6,12,0.5
HNB,32,42,74,0.43
HND,14,10,24,0.58
HNH,10,10,20,0.5
HNI,1,1,2,0.5
HNK,4,4,8,0.5
HNL,14,13,27,0.52
HNM,43,39,82,0.52
HNN,49,48,97,0.51
HNP,71,61,132,0.54
HNS,38,29,67,0.57
HNb,39,33,72,0.54
HNh,8,26,34,0.24
HNl,16,21,37,0.43
HNm,53,39,92,0.58
HNn,60,67,127,0.47
HNs,44,33,77,0.57
HNt,8,5,13,0.62
HPB,46,40,86,0.53
HPD,8,5,13,0.62
HPH,13,18,31,0.42
HPI,9,3,12,0.75
HPK,8,5,13,0.62
HPL,17,21,38,0.45
HPM,53,73,126,0.42
HPN,62,65,127,0.49
HPP,82,66,148,0.55
HPS,51,41,92,0.55
HPb,42,37,79,0.53
HPh,5,10,15,0.33
HPl,30,21,51,0.59
HPm,75,60,135,0.56
HPn,57,41,98,0.58
HPs,36,36,72,0.5
HPt,4,12,16,0.25
HSB,26,30,56,0.46
HSD,9,6,15,0.6
HSH,18,18,36,0.5
HSI,2,3,5,0.4
HSK,1,2,3,0.33
HSL,13,6,19,0.68
HSM,36,49,85,0.42
HSN,36,34,70,0.51
HSP,26,38,64,0.41
HSS,53,57,110,0.48
HSb,28,24,52,0.54
HSh,19,19,38,0.5
HSl,12,12,24,0.5
HSm,48,45,93,0.52
HSn,39,32,71,0.55
HSs,43,42,85,0.51
HSt,11,5,16,0.69
HbB,38,30,68,0.56
HbD,8,4,12,0.67
HbH,5,7,12,0.42
HbI,3,2,5,0.6
HbJ,8,12,20,0.4
HbK,5,6,11,0.45
HbL,16,8,24,0.67
HbM,36,39,75,0.48
HbN,57,30,87,0.66
HbP,35,50,85,0.41
HbS,20,21,41,0.49
Hbb,38,41,79,0.48
Hbh,0,1,1,0.0
Hbl,11,14,25,0.44
Hbm,38,29,67,0.57
Hbn,35,32,67,0.52
Hbs,16,11,27,0.59
HhB,14,14,28,0.5
HhD,2,6,8,0.25
HhH,4,7,11,0.36
HhI,2,0,2,1.0
HhK,1,2,3,0.33
HhL,5,14,19,0.26
HhM,20,28,48,0.42
HhN,17,18,35,0.49
HhP,24,17,41,0.59
HhS,24,21,45,0.53
Hhb,21,7,28,0.75
Hhh,18,19,37,0.49
Hhl,9,10,19,0.47
Hhm,25,25,50,0.5
Hhn,19,16,35,0.54
Hhs,18,13,31,0.58
Hht,4,2,6,0.67
HlB,13,19,32,0.41
HlD,5,2,7,0.71
HlH,13,8,21,0.62
HlI,3,1,4,0.75
HlJ,2,5,7,0.29
HlL,7,6,13,0.54
HlM,17,19,36,0.47
HlN,21,25,46,0.46
HlP,24,13,37,0.65
HlS,16,16,32,0.5
Hlb,12,11,23,0.52
Hlh,2,0,2,1.0
Hll,3,3,6,0.5
Hlm,16,10,26,0.62
Hln,16,11,27,0.59
Hls,11,7,18,0.61
HmB,42,46,88,0.48
HmD,14,9,23,0.61
HmH,39,38,77,0.51
HmI,5,2,7,0.71
HmJ,11,11,22,0.5
HmK,0,1,1,0.0
HmL,14,19,33,0.42
HmM,61,69,130,0.47
HmN,58,57,115,0.5
HmP,61,59,120,0.51
HmS,48,42,90,0.53
Hmb,49,43,92,0.53
Hmh,0,1,1,0.0
Hml,13,10,23,0.57
Hmm,48,56,104,0.46
Hmn,42,39,81,0.52
Hms,37,24,61,0.61
HnB,26,35,61,0.43
HnD,13,5,18,0.72
HnH,23,16,39,0.59
HnI,7,8,15,0.47
HnK,0,5,5,0.0
HnL,13,17,30,0.43
HnM,41,53,94,0.44
HnN,55,56,111,0.5
HnP,58,76,134,0.43
HnS,30,35,65,0.46
Hnb,41,34,75,0.55
Hnh,4,3,7,0.57
Hnl,17,9,26,0.65
Hnm,44,22,66,0.67
Hnn,54,37,91,0.59
Hns,37,16,53,0.7
Hnt,1,0,1,1.0
HsB,22,23,45,0.49
HsD,2,4,6,0.33
HsH,24,31,55,0.44
HsI,6,3,9,0.67
HsK,0,1,1,0.0
HsL,14,15,29,0.48
HsM,34,47,81,0.42
HsN,39,47,86,0.45
HsP,34,39,73,0.47
HsS,41,50,91,0.45
Hsb,31,31,62,0.5
Hsh,3,3,6,0.5
Hsl,8,12,20,0.4
Hsm,48,29,77,0.62
Hsn,43,37,80,0.54
Hss,24,42,66,0.36
Hst,1,2,3,0.33
HtB,0,2,2,0.0
HtD,1,0,1,1.0
HtH,4,6,10,0.4
HtK,2,0,2,1.0
HtL,2,0,2,1.0
HtM,4,3,7,0.57
HtN,5,5,10,0.5
HtP,1,4,5,0.2
HtS,5,3,8,0.62
Htb,3,3,6,0.5
Htl,4,1,5,0.8
Htm,5,5,10,0.5
Htn,1,1,2,0.5
Hts,5,3,8,0.62
IBB,8,9,17,0.47
IBD,0,2,2,0.0
IBH,0,1,1,0.0
IBI,1,0,1,1.0
IBK,2,0,2,1.0
IBL,1,1,2,0.5
IBM,10,7,17,0.59
IBN,12,9,21,0.57
IBP,7,7,14,0.5
IBS,10,6,16,0.62
IBb,7,5,12,0.58
IBh,3,0,3,1.0
IBj,2,1,3,0.67
IBl,2,4,6,0.33
IBm,7,5,12,0.58
IBn,10,14,24,0.42
IBs,2,3,5,0.4
IBt,2,1,3,0.67
IDB,3,3,6,0.5
IDD,4,3,7,0.57
IDH,2,1,3,0.67
IDI,1,0,1,1.0
IDL,1,1,2,0.5
IDM,2,4,6,0.33
IDN,3,3,6,0.5
IDP,3,4,7,0.43
IDS,5,6,11,0.45
IDb,4,3,7,0.57
IDl,0,1,1,0.0
IDm,3,3,6,0.5
IDn,1,4,5,0.2
IDs,4,0,4,1.0
IHB,8,10,18,0.44
IHD,0,1,1,0.0
IHH,2,2,4,0.5
IHI,0,1,1,0.0
IHK,0,1,1,0.0
IHL,3,1,4,0.75
IHM,11,7,18,0.61
IHN,5,6,11,0.45
IHP,10,9,19,0.53
IHS,5,9,14,0.36
IHb,5,9,14,0.36
IHh,2,6,8,0.25
IHl,4,5,9,0.44
IHm,13,7,20,0.65
IHn,5,4,9,0.56
IHs,7,5,12,0.58
IHt,0,2,2,0.0
IIB,1,3,4,0.25
IID,0,1,1,0.0
IIH,1,0,1,1.0
IIL,1,0,1,1.0
IIM,0,6,6,0.0
IIN,1,1,2,0.5
IIP,2,1,3,0.67
IIS,2,4,6,0.33
IIb,3,3,6,0.5
IIm,2,2,4,0.5
IIn,0,4,4,0.0
IIs,0,1,1,0.0
IKB,0,1,1,0.0
IKM,0,1,1,0.0
IKN,1,1,2,0.5
IKb,1,0,1,1.0
IKh,1,0,1,1.0
IKm,0,1,1,0.0
IKs,1,0,1,1.0
ILB,2,6,8,0.25
ILD,2,2,4,0.5
ILK,0,1,1,0.0
ILL,0,3,3,0.0
ILM,3,3,6,0.5
ILN,4,4,8,0.5
ILP,3,3,6,0.5
ILS,1,5,6,0.17
ILb,1,3,4,0.25
ILh,0,2,2,0.0
ILj,1,0,1,1.0
ILl,4,3,7,0.57
ILm,8,2,10,0.8
ILn,6,3,9,0.67
ILs,1,1,2,0.5
ILt,2,1,3,0.67
IMB,7,11,18,0.39
IMD,5,2,7,0.71
IMI,0,1,1,0.0
IML,4,6,10,0.4
IMM,8,20,28,0.29
IMN,16,12,28,0.57
IMP,14,12,26,0.54
IMS,8,10,18,0.44
IMb,10,6,16,0.62
IMh,6,8,14,0.43
IMj,2,2,4,0.5
IMl,7,6,13,0.54
IMm,17,9,26,0.65
IMn,6,16,22,0.27
IMs,8,9,17,0.47
IMt,3,2,5,0.6
INB,6,15,21,0.29
IND,3,0,3,1.0
INH,0,3,3,0.0
INK,1,1,2,0.5
INL,4,6,10,0.4
INM,9,18,27,0.33
INN,10,11,21,0.48
INP,20,15,35,0.57
INS,9,4,13,0.69
INb,10,5,15,0.67
INh,0,4,4,0.0
INl,2,2,4,0.5
INm,16,4,20,0.8
INn,10,14,24,0.42
INs,2,11,13,0.15
INt,4,1,5,0.8
IPB,9,9,18,0.5
IPD,2,1,3,0.67
IPH,1,4,5,0.2
IPI,1,1,2,0.5
IPK,0,1,1,0.0
IPL,1,8,9,0.11
IPM,19,17,36,0.53
IPN,12,9,21,0.57
IPP,9,14,23,0.39
IPS,8,13,21,0.38
IPb,11,12,23,0.48
IPh,2,3,5,0.4
IPl,6,2,8,0.75
IPm,15,6,21,0.71
IPn,7,4,11,0.64
IPs,5,11,16,0.31
IPt,1,2,3,0.33
ISB,11,10,21,0.52
ISD,2,4,6,0.33
ISH,6,4,10,0.6
ISI,1,3,4,0.25
ISK,1,0,1,1.0
ISL,3,1,4,0.75
ISM,9,17,26,0.35
ISN,11,9,20,0.55
ISP,10,10,20,0.5
ISS,12,9,21,0.57
ISb,9,8,17,0.53
ISh,1,1,2,0.5
ISl,6,3,9,0.67
ISm,11,10,21,0.52
ISn,12,6,18,0.67
ISs,6,7,13,0.46
ISt,4,4,8,0.5
IbB,9,8,17,0.53
IbD,2,0,2,1.0
IbH,2,2,4,0.5
IbI,4,0,4,1.0
IbJ,5,2,7,0.71
IbK,1,2,3,0.33
IbL,4,2,6,0.67
IbM,9,11,20,0.45
IbN,10,10,20,0.5
IbP,9,17,26,0.35
IbS,6,7,13,0.46
Ibb,9,8,17,0.53
Ibl,3,3,6,0.5
Ibm,11,5,16,0.69
Ibn,10,8,18,0.56
Ibs,6,8,14,0.43
IhL,0,1,1,0.0
IhM,1,0,1,1.0
IhN,0,0,0,
IhP,1,0,1,1.0
IhS,0,2,2,0.0
Ihb,0,1,1,0.0
Ihh,0,1,1,0.0
Ihl,0,2,2,0.0
Ihm,1,0,1,1.0
Ihs,0,0,0,
IlB,3,2,5,0.6
IlH,0,2,2,0.0
IlI,0,0,0,
IlJ,2,0,2,1.0
IlL,1,1,2,0.5
IlM,5,1,6,0.83
IlN,5,4,9,0.56
IlP,4,5,9,0.44
IlS,1,4,5,0.2
Ilb,2,2,4,0.5
Ilh,1,0,1,1.0
Ill,2,0,2,1.0
Ilm,2,0,2,1.0
Iln,3,2,5,0.6
Ils,2,1,3,0.67
ImB,11,10,21,0.52
ImD,1,2,3,0.33
ImH,7,6,13,0.54
ImJ,0,1,1,0.0
ImK,1,0,1,1.0
ImL,4,2,6,0.67
ImM,16,16,32,0.5
ImN,19,14,33,0.58
ImP,11,15,26,0.42
ImS,14,7,21,0.67
Imb,11,7,18,0.61
Iml,3,2,5,0.6
Imm,12,6,18,0.67
Imn,9,6,15,0.6
Ims,8,7,15,0.53
InB,8,5,13,0.62
InD,1,2,3,0.33
InH,7,7,14,0.5
InI,2,4,6,0.33
InK,0,1,1,0.0
InL,3,5,8,0.38
InM,10,9,19,0.53
InN,12,13,25,0.48
InP,21,13,34,0.62
InS,7,7,14,0.5
Inb,11,9,20,0.55
Inh,0,1,1,0.0
Inl,0,3,3,0.0
Inm,8,13,21,0.38
Inn,6,10,16,0.38
Ins,5,3,8,0.62
IsB,7,5,12,0.58
IsD,2,1,3,0.67
IsH,3,5,8,0.38
IsI,2,1,3,0.67
IsL,5,2,7,0.71
IsM,5,8,13,0.38
IsN,7,7,14,0.5
IsP,12,7,19,0.63
IsS,10,7,17,0.59
Isb,7,6,13,0.54
Ish,2,0,2,1.0
Isl,1,3,4,0.25
Ism,7,7,14,0.5
Isn,4,6,10,0.4
Iss,5,10,15,0.33
Ist,0,1,1,0.0
ItB,1,0,1,1.0
ItD,0,1,1,0.0
ItM,1,0,1,1.0
ItN,2,2,4,0.5
ItP,2,2,4,0.5
ItS,1,1,2,0.5
Itl,0,1,1,0.0
Itm,2,1,3,0.67
Itn,2,1,3,0.67
Its,0,0,0,
Itt,1,0,1,1.0
JBB,4,4,8,0.5
JBD,2,1,3,0.67
JBK,1,2,3,0.33
JBL,1,1,2,0.5
JBM,8,10,18,0.44
JBN,6,9,15,0.4
JBP,5,6,11,0.45
JBS,7,4,11,0.64
JBb,3,4,7,0.43
JBh,0,1,1,0.0
JBj,0,1,1,0.0
JBl,3,0,3,1.0
JBm,9,3,12,0.75
JBn,5,4,9,0.56
JBs,1,5,6,0.17
JBt,0,1,1,0.0
JDB,2,1,3,0.67
JDD,0,0,0,
JDI,0,1,1,0.0
JDL,0,0,0,
JDM,0,2,2,0.0
JDN,1,2,3,0.33
JDP,0,1,1,0.0
JDS,1,0,1,1.0
JDb,2,1,3,0.67
JDl,1,0,1,1.0
JDs,0,0,0,
JDt,1,0,1,1.0
JHB,1,4,5,0.2
JHH,0,2,2,0.0
JHL,2,0,2,1.0
JHM,2,6,8,0.25
JHN,4,2,6,0.67
JHP,8,7,15,0.53
JHS,3,3,6,0.5
JHb,3,5,8,0.38
JHh,2,1,3,0.67
JHl,3,2,5,0.6
JHm,4,2,6,0.67
JHn,1,5,6,0.17
JHs,5,2,7,0.71
JHt,1,0,1,1.0
JIH,3,0,3,1.0
JIL,0,2,2,0.0
JIN,1,1,2,0.5
JIS,1,0,1,1.0
JIb,2,1,3,0.67
JIm,0,0,0,
JIn,1,1,2,0.5
JIs,1,1,2,0.5
JKI,0,0,0,
JKL,0,1,1,0.0
JKM,3,0,3,1.0
JKN,1,0,1,1.0
JKP,1,1,2,0.5
JKS,1,0,1,1.0
JKb,2,1,3,0.67
JKh,0,1,1,0.0
JKm,1,0,1,1.0
JKn,2,0,2,1.0
JKs,2,0,2,1.0
JLB,0,2,2,0.0
JLD,1,2,3,0.33
JLL,2,1,3,0.67
JLM,2,0,2,1.0
JLN,1,3,4,0.25
JLP,0,4,4,0.0
JLS,5,2,7,0.71
JLb,2,1,3,0.67
JLh,1,2,3,0.33
JLj,0,1,1,0.0
JLl,2,3,5,0.4
JLm,4,3,7,0.57
JLn,4,3,7,0.57
JLs,4,2,6,0.67
JLt,2,1,3,0.67
JMB,5,7,12,0.42
JMD,0,2,2,0.0
JMI,1,0,1,1.0
JMK,1,1,2,0.5
JML,4,5,9,0.44
JMM,7,6,13,0.54
JMN,4,9,13,0.31
JMP,7,11,18,0.39
JMS,7,6,13,0.54
JMb,0,6,6,0.0
JMh,5,3,8,0.62
JMj,2,1,3,0.67
JMl,1,2,3,0.33
JMm,8,6,14,0.57
JMn,10,7,17,0.59
JMs,8,6,14,0.57
JMt,0,2,2,0.0
JNB,6,3,9,0.67
JND,2,0,2,1.0
JNH,1,1,2,0.5
JNI,0,0,0,
JNK,2,0,2,1.0
JNL,4,3,7,0.57
JNM,5,7,12,0.42
JNN,6,8,14,0.43
JNP,4,9,13,0.31
JNS,3,5,8,0.38
JNb,3,10,13,0.23
JNh,1,0,1,1.0
JNl,2,4,6,0.33
JNm,9,12,21,0.43
JNn,12,6,18,0.67
JNs,6,8,14,0.43
JNt,0,1,1,0.0
JPB,10,4,14,0.71
JPD,2,0,2,1.0
JPH,4,3,7,0.57
JPI,0,2,2,0.0
JPK,2,1,3,0.67
JPL,5,7,12,0.42
JPM,12,7,19,0.63
JPN,8,14,22,0.36
JPP,16,16,32,0.5
JPS,7,4,11,0.64
JPb,10,5,15,0.67
JPh,1,2,3,0.33
JPl,7,4,11,0.64
JPm,13,11,24,0.54
JPn,11,6,17,0.65
JPs,10,10,20,0.5
JPt,0,0,0,
JSB,0,7,7,0.0
JSD,0,1,1,0.0
JSH,2,5,7,0.29
JSI,1,1,2,0.5
JSL,4,1,5,0.8
JSM,4,8,12,0.33
JSN,4,3,7,0.57
JSP,7,5,12,0.58
JSS,8,4,12,0.67
JSb,3,4,7,0.43
JSh,2,3,5,0.4
JSl,0,1,1,0.0
JSm,2,4,6,0.33
JSn,6,6,12,0.5
JSs,5,3,8,0.62
JSt,0,1,1,0.0
JbB,6,7,13,0.46
JbD,1,0,1,1.0
JbH,0,1,1,0.0
JbI,2,1,3,0.67
JbJ,2,1,3,0.67
JbL,3,1,4,0.75
JbM,6,5,11,0.55
JbN,8,9,17,0.47
JbP,8,5,13,0.62
JbS,3,5,8,0.38
Jbb,10,6,16,0.62
Jbl,5,1,6,0.83
Jbm,8,8,16,0.5
Jbn,7,7,14,0.5
Jbs,2,1,3,0.67
JhB,0,3,3,0.0
JhD,1,0,1,1.0
JhL,0,1,1,0.0
JhM,1,1,2,0.5
JhN,0,1,1,0.0
JhP,3,0,3,1.0
Jhb,0,0,0,
Jhm,2,2,4,0.5
Jhn,0,1,1,0.0
JlB,5,1,6,0.83
JlJ,0,2,2,0.0
JlK,1,0,1,1.0
JlL,0,2,2,0.0
JlM,2,2,4,0.5
JlN,0,4,4,0.0
JlP,3,5,8,0.38
JlS,1,3,4,0.25
Jlb,1,5,6,0.17
Jll,2,0,2,1.0
Jlm,4,5,9,0.44
Jln,2,2,4,0.5
Jls,0,1,1,0.0
JmB,11,5,16,0.69
JmD,4,1,5,0.8
JmH,6,3,9,0.67
JmI,0,1,1,0.0
JmK,1,0,1,1.0
JmL,3,3,6,0.5
JmM,8,9,17,0.47
JmN,9,9,18,0.5
JmP,9,12,21,0.43
JmS,8,3,11,0.73
Jmb,12,5,17,0.71
Jmh,0,0,0,
Jml,3,2,5,0.6
Jmm,13,8,21,0.62
Jmn,9,3,12,0.75
Jms,3,5,8,0.38
JnB,1,3,4,0.25
JnD,0,3,3,0.0
JnH,4,3,7,0.57
JnI,0,7,7,0.0
JnL,2,4,6,0.33
JnM,3,2,5,0.6
JnN,7,7,14,0.5
JnP,8,6,14,0.57
JnS,4,3,7,0.57
Jnb,7,5,12,0.58
Jnh,0,1,1,0.0
Jnl,1,3,4,0.25
Jnm,10,5,15,0.67
Jnn,5,4,9,0.56
Jns,2,5,7,0.29
JsB,5,5,10,0.5
JsH,2,3,5,0.4
JsL,2,2,4,0.5
JsM,5,3,8,0.62
JsN,1,5,6,0.17
JsP,3,5,8,0.38
JsS,5,6,11,0.45
Jsb,2,4,6,0.33
Jsl,0,2,2,0.0
Jsm,5,2,7,0.71
Jsn,4,3,7,0.57
Jss,2,4,6,0.33
JtB,2,0,2,1.0
JtD,1,0,1,1.0
JtH,0,0,0,
JtL,0,0,0,
JtM,1,1,2,0.5
JtN,1,0,1,1.0
JtP,1,2,3,0.33
JtS,1,0,1,1.0
Jtb,0,1,1,0.0
Jtl,2,0,2,1.0
Jtm,1,0,1,1.0
Jtn,1,1,2,0.5
Jts,2,0,2,1.0
KBB,8,6,14,0.57
KBD,1,3,4,0.25
KBK,0,1,1,0.0
KBL,3,1,4,0.75
KBM,4,11,15,0.27
KBN,7,9,16,0.44
KBP,8,11,19,0.42
KBS,4,1,5,0.8
KBb,8,4,12,0.67
KBj,1,2,3,0.33
KBl,2,2,4,0.5
KBm,12,11,23,0.52
KBn,11,10,21,0.52
KBs,2,7,9,0.22
KBt,1,0,1,1.0
KDB,1,1,2,0.5
KDD,0,2,2,0.0
KDH,3,3,6,0.5
KDM,3,4,7,0.43
KDN,0,3,3,0.0
KDP,4,1,5,0.8
KDS,5,3,8,0.62
KDb,3,3,6,0.5
KDh,1,1,2,0.5
KDl,1,0,1,1.0
KDm,6,1,7,0.86
KDn,3,1,4,0.75
KDs,1,1,2,0.5
KDt,1,0,1,1.0
KHB,0,3,3,0.0
KHL,0,1,1,0.0
KHM,1,4,5,0.2
KHN,1,2,3,0.33
KHS,2,1,3,0.67
KHb,1,3,4,0.25
KHh,0,1,1,0.0
KHm,0,1,1,0.0
KHn,0,1,1,0.0
KHs,1,1,2,0.5
KIB,2,2,4,0.5
KIH,1,2,3,0.33
KIK,0,1,1,0.0
KIL,0,0,0,
KIM,2,2,4,0.5
KIN,3,0,3,1.0
KIP,1,0,1,1.0
KIS,3,2,5,0.6
KIb,1,0,1,1.0
KIl,0,1,1,0.0
KIm,2,1,3,0.67
KIn,1,3,4,0.25
KIs,2,1,3,0.67
KKI,0,1,1,0.0
KKM,0,1,1,0.0
KKn,1,0,1,1.0
KLB,3,2,5,0.6
KLD,3,0,3,1.0
KLL,0,1,1,0.0
KLM,2,4,6,0.33
KLN,2,3,5,0.4
KLP,7,4,11,0.64
KLS,2,0,2,1.0
KLb,1,0,1,1.0
KLh,1,1,2,0.5
KLj,0,2,2,0.0
KLl,0,2,2,0.0
KLm,1,1,2,0.5
KLn,3,7,10,0.3
KLs,3,1,4,0.75
KLt,2,0,2,1.0
KMB,14,8,22,0.64
KMD,2,5,7,0.29
KMI,0,1,1,0.0
KMK,1,0,1,1.0
KML,4,4,8,0.5
KMM,11,7,18,0.61
KMN,8,10,18,0.44
KMP,12,13,25,0.48
KMS,9,6,15,0.6
KMb,10,11,21,0.48
KMh,7,8,15,0.47
KMj,3,4,7,0.43
KMl,4,2,6,0.67
KMm,10,16,26,0.38
KMn,11,5,16,0.69
KMs,6,5,11,0.55
KMt,2,3,5,0.4
KNB,8,10,18,0.44
KND,0,4,4,0.0
KNH,1,1,2,0.5
KNI,0,1,1,0.0
KNK,1,1,2,0.5
KNL,0,1,1,0.0
KNM,6,9,15,0.4
KNN,7,9,16,0.44
KNP,18,12,30,0.6
KNS,7,7,14,0.5
KNb,5,5,10,0.5
KNh,3,1,4,0.75
KNl,3,2,5,0.6
KNm,7,11,18,0.39
KNn,3,7,10,0.3
KNs,6,2,8,0.75
KNt,2,0,2,1.0
KPB,11,13,24,0.46
KPD,1,6,7,0.14
KPH,2,3,5,0.4
KPI,2,1,3,0.67
KPK,0,2,2,0.0
KPL,5,4,9,0.56
KPM,9,19,28,0.32
KPN,6,7,13,0.46
KPP,15,13,28,0.54
KPS,15,12,27,0.56
KPb,11,15,26,0.42
KPh,1,2,3,0.33
KPl,6,2,8,0.75
KPm,11,10,21,0.52
KPn,4,9,13,0.31
KPs,2,6,8,0.25
KPt,0,1,1,0.0
KSB,3,6,9,0.33
KSD,2,2,4,0.5
KSH,0,2,2,0.0
KSI,0,1,1,0.0
KSL,4,2,6,0.67
KSM,7,16,23,0.3
KSN,3,4,7,0.43
KSP,8,4,12,0.67
KSS,13,5,18,0.72
KSb,5,4,9,0.56
KSh,4,3,7,0.57
KSl,4,3,7,0.57
KSm,10,11,21,0.48
KSn,3,5,8,0.38
KSs,7,6,13,0.54
KSt,1,0,1,1.0
KbB,6,5,11,0.55
KbD,2,2,4,0.5
KbH,1,1,2,0.5
KbI,0,0,0,
KbJ,2,4,6,0.33
KbK,2,2,4,0.5
KbL,2,3,5,0.4
KbM,7,10,17,0.41
KbN,8,8,16,0.5
KbP,4,8,12,0.33
KbS,4,5,9,0.44
Kbb,4,6,10,0.4
Kbl,2,1,3,0.67
Kbm,14,4,18,0.78
Kbn,4,10,14,0.29
Kbs,8,4,12,0.67
KhB,5,4,9,0.56
KhD,3,3,6,0.5
KhH,1,3,4,0.25
KhI,1,0,1,1.0
KhL,3,2,5,0.6
KhM,7,8,15,0.47
KhN,4,6,10,0.4
KhP,4,10,14,0.29
KhS,6,15,21,0.29
Khb,8,9,17,0.47
Khh,4,3,7,0.57
Khl,4,4,8,0.5
Khm,8,9,17,0.47
Khn,9,5,14,0.64
Khs,6,5,11,0.55
Kht,1,2,3,0.33
KlB,3,3,6,0.5
KlD,1,0,1,1.0
KlH,5,1,6,0.83
KlI,0,1,1,0.0
KlJ,1,3,4,0.25
KlK,0,1,1,0.0
KlL,1,2,3,0.33
KlM,2,6,8,0.25
KlN,8,3,11,0.73
KlP,2,2,4,0.5
KlS,1,2,3,0.33
Klb,3,5,8,0.38
Kll,1,1,2,0.5
Klm,5,2,7,0.71
Kln,5,3,8,0.62
Kls,1,3,4,0.25
KmB,12,11,23,0.52
KmD,3,5,8,0.38
KmH,8,4,12,0.67
KmI,2,0,2,1.0
KmJ,2,1,3,0.67
KmL,3,7,10,0.3
KmM,14,14,28,0.5
KmN,14,14,28,0.5
KmP,14,10,24,0.58
KmS,10,8,18,0.56
Kmb,12,7,19,0.63
Kmh,0,0,0,
Kml,5,1,6,0.83
Kmm,10,14,24,0.42
Kmn,6,10,16,0.38
Kms,7,3,10,0.7
KnB,6,6,12,0.5
KnD,1,2,3,0.33
KnH,2,2,4,0.5
KnI,2,0,2,1.0
KnK,0,2,2,0.0
KnL,1,3,4,0.25
KnM,12,13,25,0.48
KnN,6,12,18,0.33
KnP,11,14,25,0.44
KnS,7,5,12,0.58
Knb,0,4,4,0.0
Knl,1,1,2,0.5
Knm,6,9,15,0.4
Knn,7,5,12,0.58
Kns,10,4,14,0.71
KsB,3,5,8,0.38
KsD,2,5,7,0.29
KsH,13,12,25,0.52
KsI,2,0,2,1.0
KsL,3,1,4,0.75
KsM,7,7,14,0.5
KsN,5,10,15,0.33
KsP,7,8,15,0.47
KsS,12,16,28,0.43
Ksb,4,9,13,0.31
Ksh,0,1,1,0.0
Ksl,1,1,2,0.5
Ksm,13,5,18,0.72
Ksn,6,3,9,0.67
Kss,6,6,12,0.5
KtB,2,0,2,1.0
KtD,2,0,2,1.0
KtH,1,1,2,0.5
KtM,0,1,1,0.0
KtN,2,2,4,0.5
KtP,0,2,2,0.0
KtS,1,0,1,1.0
Ktb,0,1,1,0.0
Ktl,0,0,0,
Ktm,0,1,1,0.0
Ktn,0,1,1,0.0
Kts,1,0,1,1.0
Ktt,1,0,1,1.0
LBB,44,41,85,0.52
LBD,11,3,14,0.79
LBH,2,0,2,1.0
LBK,3,3,6,0.5
LBL,9,16,25,0.36
LBM,21,29,50,0.42
LBN,34,40,74,0.46
LBP,46,34,80,0.57
LBS,14,16,30,0.47
LBb,35,39,74,0.47
LBh,5,7,12,0.42
LBj,8,13,21,0.38
LBl,18,17,35,0.51
LBm,47,37,84,0.56
LBn,50,46,96,0.52
LBs,24,12,36,0.67
LBt,6,3,9,0.67
LDB,7,5,12,0.58
LDD,5,2,7,0.71
LDH,3,13,16,0.19
LDI,1,0,1,1.0
LDL,3,1,4,0.75
LDM,10,8,18,0.56
LDN,7,5,12,0.58
LDP,9,6,15,0.6
LDS,7,7,14,0.5
LDb,7,3,10,0.7
LDl,2,3,5,0.4
LDm,9,4,13,0.69
LDn,6,8,14,0.43
LDs,5,8,13,0.38
LDt,0,1,1,0.0
LHL,0,2,2,0.0
LHM,1,3,4,0.25
LHN,0,1,1,0.0
LHP,1,0,1,1.0
LHS,1,2,3,0.33
LHb,0,2,2,0.0
LHh,0,0,0,
LHl,1,0,1,1.0
LHm,1,0,1,1.0
LHs,0,0,0,
LIB,1,0,1,1.0
LIH,0,2,2,0.0
LIM,1,0,1,1.0
LKB,5,4,9,0.56
LKH,0,1,1,0.0
LKI,0,1,1,0.0
LKL,0,1,1,0.0
LKM,1,2,3,0.33
LKN,3,4,7,0.43
LKP,2,3,5,0.4
LKS,1,0,1,1.0
LKb,2,3,5,0.4
LKh,0,2,2,0.0
LKl,1,2,3,0.33
LKm,3,1,4,0.75
LKn,1,3,4,0.25
LKs,4,0,4,1.0
LKt,0,1,1,0.0
LLB,16,20,36,0.44
LLD,2,3,5,0.4
LLK,2,1,3,0.67
LLL,5,3,8,0.62
LLM,10,11,21,0.48
LLN,13,11,24,0.54
LLP,13,23,36,0.36
LLS,10,11,21,0.48
LLb,12,14,26,0.46
LLh,9,9,18,0.5
LLj,3,7,10,0.3
LLl,7,4,11,0.64
LLm,19,16,35,0.54
LLn,23,18,41,0.56
LLs,9,8,17,0.53
LMB,52,45,97,0.54
LMD,2,6,8,0.25
LMK,2,1,3,0.67
LML,8,17,25,0.32
LMM,31,39,70,0.44
LMN,29,29,58,0.5
LMP,45,59,104,0.43
LMS,19,21,40,0.48
LMb,41,30,71,0.58
LMh,30,34,64,0.47
LMj,7,6,13,0.54
LMl,16,8,24,0.67
LMm,43,36,79,0.54
LMn,45,48,93,0.48
LMs,34,20,54,0.63
LMt,5,4,9,0.56
LNB,32,44,76,0.42
LND,5,8,13,0.38
LNH,6,7,13,0.46
LNK,5,3,8,0.62
LNL,15,19,34,0.44
LNM,28,36,64,0.44
LNN,51,44,95,0.54
LNP,45,55,100,0.45
LNS,29,25,54,0.54
LNb,30,27,57,0.53
LNh,9,16,25,0.36
LNl,21,5,26,0.81
LNm,45,26,71,0.63
LNn,47,45,92,0.51
LNs,33,28,61,0.54
LNt,6,7,13,0.46
LPB,44,37,81,0.54
LPD,8,3,11,0.73
LPH,12,10,22,0.55
LPI,8,6,14,0.57
LPK,6,4,10,0.6
LPL,22,21,43,0.51
LPM,37,57,94,0.39
LPN,56,74,130,0.43
LPP,87,81,168,0.52
LPS,44,30,74,0.59
LPb,45,54,99,0.45
LPh,5,8,13,0.38
LPl,32,30,62,0.52
LPm,66,43,109,0.61
LPn,48,58,106,0.45
LPs,36,28,64,0.56
LPt,4,4,8,0.5
LSB,19,20,39,0.49
LSD,9,5,14,0.64
LSH,10,7,17,0.59
LSI,3,0,3,1.0
LSK,1,2,3,0.33
LSL,11,14,25,0.44
LSM,15,31,46,0.33
LSN,21,21,42,0.5
LSP,40,28,68,0.59
LSS,30,35,65,0.46
LSb,16,27,43,0.37
LSh,11,11,22,0.5
LSl,16,8,24,0.67
LSm,38,31,69,0.55
LSn,28,19,47,0.6
LSs,20,31,51,0.39
LSt,9,7,16,0.56
LbB,37,34,71,0.52
LbD,2,2,4,0.5
LbH,10,4,14,0.71
LbI,3,3,6,0.5
LbJ,14,10,24,0.58
LbK,4,8,12,0.33
LbL,8,20,28,0.29
LbM,22,35,57,0.39
LbN,47,45,92,0.51
LbP,40,38,78,0.51
LbS,15,18,33,0.45
Lbb,43,25,68,0.63
Lbl,15,5,20,0.75
Lbm,30,33,63,0.48
Lbn,27,40,67,0.4
Lbs,21,21,42,0.5
LhB,12,19,31,0.39
LhD,5,2,7,0.71
LhH,1,6,7,0.14
LhI,2,0,2,1.0
LhL,5,8,13,0.38
LhM,14,18,32,0.44
LhN,16,18,34,0.47
LhP,24,20,44,0.55
LhS,12,13,25,0.48
Lhb,22,11,33,0.67
Lhh,17,18,35,0.49
Lhl,3,8,11,0.27
Lhm,27,15,42,0.64
Lhn,12,23,35,0.34
Lhs,17,9,26,0.65
Lht,4,1,5,0.8
LjB,11,8,19,0.58
LjD,7,1,8,0.88
LjH,3,4,7,0.43
LjI,2,0,2,1.0
LjK,2,1,3,0.67
LjL,4,5,9,0.44
LjM,6,7,13,0.46
LjN,11,13,24,0.46
LjP,15,9,24,0.62
LjS,7,8,15,0.47
Ljb,6,2,8,0.75
Ljh,1,1,2,0.5
Ljl,7,5,12,0.58
Ljm,11,8,19,0.58
Ljn,13,5,18,0.72
Ljs,10,5,15,0.67
Ljt,1,0,1,1.0
LlB,19,17,36,0.53
LlD,6,0,6,1.0
LlH,10,8,18,0.56
LlI,2,2,4,0.5
LlJ,4,8,12,0.33
LlK,0,0,0,
LlL,4,6,10,0.4
LlM,22,23,45,0.49
LlN,19,21,40,0.48
LlP,16,19,35,0.46
LlS,18,13,31,0.58
Llb,11,15,26,0.42
Lll,2,10,12,0.17
Llm,19,17,36,0.53
Lln,22,18,40,0.55
Lls,11,13,24,0.46
LmB,42,41,83,0.51
LmD,19,7,26,0.73
LmH,32,28,60,0.53
LmI,5,4,9,0.56
LmJ,10,15,25,0.4
LmK,1,1,2,0.5
LmL,11,19,30,0.37
LmM,46,75,121,0.38
LmN,42,63,105,0.4
LmP,41,52,93,0.44
LmS,32,28,60,0.53
Lmb,44,36,80,0.55
Lml,19,10,29,0.66
Lmm,45,45,90,0.5
Lmn,55,43,98,0.56
Lms,27,26,53,0.51
LnB,39,54,93,0.42
LnD,8,10,18,0.44
LnH,18,20,38,0.47
LnI,7,8,15,0.47
LnK,2,7,9,0.22
LnL,15,23,38,0.39
LnM,44,53,97,0.45
LnN,53,68,121,0.44
LnP,81,74,155,0.52
LnS,41,56,97,0.42
Lnb,41,40,81,0.51
Lnh,2,5,7,0.29
Lnl,25,25,50,0.5
Lnm,62,51,113,0.55
Lnn,63,55,118,0.53
Lns,41,48,89,0.46
LsB,16,22,38,0.42
LsD,9,7,16,0.56
LsH,24,19,43,0.56
LsI,9,4,13,0.69
LsK,0,0,0,
LsL,12,5,17,0.71
LsM,23,23,46,0.5
LsN,24,31,55,0.44
LsP,38,39,77,0.49
LsS,24,35,59,0.41
Lsb,20,11,31,0.65
Lsh,1,4,5,0.2
Lsl,12,8,20,0.6
Lsm,27,28,55,0.49
Lsn,22,20,42,0.52
Lss,28,26,54,0.52
Lst,1,0,1,1.0
LtB,6,8,14,0.43
LtD,1,0,1,1.0
LtH,3,4,7,0.43
LtI,0,1,1,0.0
LtK,0,1,1,0.0
LtL,3,4,7,0.43
LtM,7,8,15,0.47
LtN,4,8,12,0.33
LtP,6,17,23,0.26
LtS,3,7,10,0.3
Ltb,3,6,9,0.33
Lth,0,1,1,0.0
Ltl,2,3,5,0.4
Ltm,8,7,15,0.53
Ltn,5,6,11,0.45
Lts,1,7,8,0.12
Ltt,0,2,2,0.0
MBB,136,124,260,0.52
MBD,25,18,43,0.58
MBH,2,3,5,0.4
MBK,8,12,20,0.4
MBL,25,26,51,0.49
MBM,94,121,215,0.44
MBN,135,148,283,0.48
MBP,137,140,277,0.49
MBS,50,54,104,0.48
MBb,120,117,237,0.51
MBh,9,21,30,0.3
MBj,24,30,54,0.44
MBl,35,31,66,0.53
MBm,119,115,234,0.51
MBn,147,181,328,0.45
MBs,48,42,90,0.53
MBt,15,18,33,0.45
MDB,19,27,46,0.41
MDD,11,12,23,0.48
MDH,17,24,41,0.41
MDI,2,4,6,0.33
MDL,8,6,14,0.57
MDM,25,47,72,0.35
MDN,20,18,38,0.53
MDP,34,19,53,0.64
MDS,32,34,66,0.48
MDb,24,31,55,0.44
MDh,1,2,3,0.33
MDl,7,6,13,0.54
MDm,39,38,77,0.51
MDn,17,23,40,0.42
MDs,11,20,31,0.35
MDt,2,1,3,0.67
MHB,0,1,1,0.0
MHD,1,0,1,1.0
MHH,0,0,0,
MHI,1,2,3,0.33
MHL,1,0,1,1.0
MHM,1,1,2,0.5
MHN,0,1,1,0.0
MHP,4,1,5,0.8
MHS,7,3,10,0.7
MHb,1,2,3,0.33
MHm,4,0,4,1.0
MHn,1,0,1,1.0
MIB,1,0,1,1.0
MID,1,0,1,1.0
MIH,0,1,1,0.0
MIM,1,2,3,0.33
MIN,1,3,4,0.25
MIP,2,0,2,1.0
MIS,2,1,3,0.67
MIh,0,1,1,0.0
MIl,1,0,1,1.0
MIm,3,0,3,1.0
MIn,0,1,1,0.0
MIs,1,0,1,1.0
MIt,1,0,1,1.0
MKB,2,2,4,0.5
MKD,1,0,1,1.0
MKH,0,2,2,0.0
MKI,1,0,1,1.0
MKL,0,1,1,0.0
MKM,1,3,4,0.25
MKN,5,2,7,0.71
MKP,7,5,12,0.58
MKS,1,6,7,0.14
MKb,1,0,1,1.0
MKh,1,0,1,1.0
MKl,0,4,4,0.0
MKm,4,0,4,1.0
MKn,4,3,7,0.57
MKs,0,1,1,0.0
MLB,26,34,60,0.43
MLD,10,4,14,0.71
MLH,0,0,0,
MLK,1,1,2,0.5
MLL,7,2,9,0.78
MLM,38,27,65,0.58
MLN,25,43,68,0.37
MLP,45,39,84,0.54
MLS,7,23,30,0.23
MLb,28,31,59,0.47
MLh,14,13,27,0.52
MLj,11,6,17,0.65
MLl,19,4,23,0.83
MLm,45,40,85,0.53
MLn,37,42,79,0.47
MLs,18,17,35,0.51
MLt,3,2,5,0.6
MMB,113,139,252,0.45
MMD,27,29,56,0.48
MMH,1,3,4,0.25
MMI,1,1,2,0.5
MMK,2,1,3,0.67
MML,13,13,26,0.5
MMM,93,130,223,0.42
MMN,103,112,215,0.48
MMP,117,141,258,0.45
MMS,72,85,157,0.46
MMb,105,80,185,0.57
MMh,80,94,174,0.46
MMj,16,18,34,0.47
MMl,27,24,51,0.53
MMm,163,129,292,0.56
MMn,162,156,318,0.51
MMs,80,66,146,0.55
MMt,12,12,24,0.5
MNB,106,115,221,0.48
MND,27,26,53,0.51
MNH,16,29,45,0.36
MNI,1,2,3,0.33
MNK,11,18,29,0.38
MNL,29,35,64,0.45
MNM,85,115,200,0.42
MNN,172,128,300,0.57
MNP,155,156,311,0.5
MNS,84,98,182,0.46
MNb,86,85,171,0.5
MNh,40,35,75,0.53
MNl,30,25,55,0.55
MNm,148,100,248,0.6
MNn,159,161,320,0.5
MNs,81,87,168,0.48
MNt,24,17,41,0.59
MPB,114,116,230,0.5
MPD,25,17,42,0.6
MPH,33,38,71,0.46
MPI,24,16,40,0.6
MPK,14,19,33,0.42
MPL,39,58,97,0.4
MPM,141,149,290,0.49
MPN,145,150,295,0.49
MPP,218,213,431,0.51
MPS,96,105,201,0.48
MPb,118,106,224,0.53
MPh,18,22,40,0.45
MPl,52,60,112,0.46
MPm,183,159,342,0.54
MPn,148,145,293,0.51
MPs,103,99,202,0.51
MPt,11,15,26,0.42
MSB,86,69,155,0.55
MSD,28,15,43,0.65
MSH,32,36,68,0.47
MSI,11,6,17,0.65
MSK,1,2,3,0.33
MSL,20,27,47,0.43
MSM,76,106,182,0.42
MSN,83,77,160,0.52
MSP,93,84,177,0.53
MSS,89,128,217,0.41
MSb,72,50,122,0.59
MSh,41,37,78,0.53
MSl,32,24,56,0.57
MSm,135,81,216,0.62
MSn,74,91,165,0.45
MSs,93,77,170,0.55
MSt,22,13,35,0.63
MbB,103,101,204,0.5
MbD,21,19,40,0.52
MbH,41,31,72,0.57
MbI,6,14,20,0.3
MbJ,33,30,63,0.52
MbK,10,14,24,0.42
MbL,35,37,72,0.49
MbM,102,135,237,0.43
MbN,166,138,304,0.55
MbP,125,106,231,0.54
MbS,61,79,140,0.44
Mbb,100,91,191,0.52
Mbh,1,0,1,1.0
Mbl,30,25,55,0.55
Mbm,102,103,205,0.5
Mbn,90,119,209,0.43
Mbs,67,52,119,0.56
MhB,74,84,158,0.47
MhD,16,15,31,0.52
MhH,12,33,45,0.27
MhI,11,8,19,0.58
MhK,7,2,9,0.78
MhL,16,25,41,0.39
MhM,89,109,198,0.45
MhN,97,90,187,0.52
MhP,101,113,214,0.47
MhS,107,92,199,0.54
Mhb,68,75,143,0.48
Mhh,82,72,154,0.53
Mhl,29,30,59,0.49
Mhm,127,102,229,0.55
Mhn,95,91,186,0.51
Mhs,87,68,155,0.56
Mht,13,14,27,0.48
MjB,15,20,35,0.43
MjD,7,1,8,0.88
MjH,6,4,10,0.6
MjI,5,3,8,0.62
MjK,0,2,2,0.0
MjL,7,10,17,0.41
MjM,17,35,52,0.33
MjN,16,19,35,0.46
MjP,31,29,60,0.52
MjS,13,23,36,0.36
Mjb,19,10,29,0.66
Mjh,2,2,4,0.5
Mjl,12,1,13,0.92
Mjm,31,17,48,0.65
Mjn,23,27,50,0.46
Mjs,16,14,30,0.53
Mjt,2,0,2,1.0
MlB,29,30,59,0.49
MlD,4,8,12,0.33
MlH,23,26,49,0.47
MlI,8,2,10,0.8
MlJ,11,12,23,0.48
MlK,3,4,7,0.43
MlL,17,13,30,0.57
MlM,44,38,82,0.54
MlN,45,49,94,0.48
MlP,44,44,88,0.5
MlS,20,39,59,0.34
Mlb,34,26,60,0.57
Mlh,0,1,1,0.0
Mll,12,11,23,0.52
Mlm,46,26,72,0.64
Mln,33,31,64,0.52
Mls,37,22,59,0.63
MmB,130,128,258,0.5
MmD,48,44,92,0.52
MmH,116,122,238,0.49
MmI,11,12,23,0.48
MmJ,25,33,58,0.43
MmK,5,3,8,0.62
MmL,37,28,65,0.57
MmM,141,192,333,0.42
MmN,168,190,358,0.47
MmP,175,154,329,0.53
MmS,131,151,282,0.46
Mmb,113,121,234,0.48
Mmh,0,5,5,0.0
Mml,34,27,61,0.56
Mmm,177,164,341,0.52
Mmn,191,131,322,0.59
Mms,87,104,191,0.46
MnB,129,118,247,0.52
MnD,35,35,70,0.5
MnH,61,94,155,0.39
MnI,26,27,53,0.49
MnK,14,15,29,0.48
MnL,48,32,80,0.6
MnM,136,154,290,0.47
MnN,224,232,456,0.49
MnP,228,247,475,0.48
MnS,131,145,276,0.47
Mnb,126,116,242,0.52
Mnh,6,9,15,0.4
Mnl,37,34,71,0.52
Mnm,187,142,329,0.57
Mnn,186,173,359,0.52
Mns,110,94,204,0.54
Mnt,2,0,2,1.0
MsB,58,54,112,0.52
MsD,20,23,43,0.47
MsH,78,81,159,0.49
MsI,13,19,32,0.41
MsK,1,3,4,0.25
MsL,25,28,53,0.47
MsM,74,109,183,0.4
MsN,105,86,191,0.55
MsP,98,103,201,0.49
MsS,89,112,201,0.44
Msb,66,47,113,0.58
Msh,11,7,18,0.61
Msl,20,18,38,0.53
Msm,99,66,165,0.6
Msn,94,68,162,0.58
Mss,70,70,140,0.5
Mst,1,4,5,0.2
MtB,19,10,29,0.66
MtD,7,1,8,0.88
MtH,8,8,16,0.5
MtI,0,2,2,0.0
MtK,2,0,2,1.0
MtL,6,5,11,0.55
MtM,12,21,33,0.36
MtN,19,24,43,0.44
MtP,21,22,43,0.49
MtS,17,14,31,0.55
Mtb,17,10,27,0.63
Mth,2,1,3,0.67
Mtl,4,6,10,0.4
Mtm,21,19,40,0.52
Mtn,16,19,35,0.46
Mts,15,8,23,0.65
Mtt,3,2,5,0.6
NBB,113,113,226,0.5
NBD,15,17,32,0.47
NBK,8,12,20,0.4
NBL,26,36,62,0.42
NBM,85,102,187,0.45
NBN,130,134,264,0.49
NBP,130,154,284,0.46
NBS,62,58,120,0.52
NBb,105,110,215,0.49
NBh,16,19,35,0.46
NBj,24,29,53,0.45
NBl,33,33,66,0.5
NBm,151,110,261,0.58
NBn,167,155,322,0.52
NBs,56,66,122,0.46
NBt,23,11,34,0.68
NDB,22,28,50,0.44
NDD,9,8,17,0.53
NDH,7,25,32,0.22
NDI,3,6,9,0.33
NDK,0,2,2,0.0
NDL,9,4,13,0.69
NDM,30,26,56,0.54
NDN,21,25,46,0.46
NDP,29,34,63,0.46
NDS,39,42,81,0.48
NDb,20,17,37,0.54
NDh,2,1,3,0.67
NDl,9,8,17,0.53
NDm,44,34,78,0.56
NDn,23,25,48,0.48
NDs,14,14,28,0.5
NDt,4,5,9,0.44
NHB,21,9,30,0.7
NHD,7,6,13,0.54
NHH,6,7,13,0.46
NHI,6,3,9,0.67
NHK,2,3,5,0.4
NHL,8,9,17,0.47
NHM,16,16,32,0.5
NHN,23,41,64,0.36
NHP,25,33,58,0.43
NHS,20,27,47,0.43
NHb,13,19,32,0.41
NHh,3,3,6,0.5
NHl,11,11,22,0.5
NHm,28,20,48,0.58
NHn,24,24,48,0.5
NHs,20,16,36,0.56
NHt,1,0,1,1.0
NIB,1,1,2,0.5
NID,0,1,1,0.0
NIH,0,2,2,0.0
NII,1,1,2,0.5
NIL,1,1,2,0.5
NIM,4,1,5,0.8
NIN,1,2,3,0.33
NIP,2,2,4,0.5
NIS,3,3,6,0.5
NIb,3,3,6,0.5
NIl,1,0,1,1.0
NIm,1,2,3,0.33
NIn,3,0,3,1.0
NKB,9,11,20,0.45
NKD,5,4,9,0.56
NKH,2,2,4,0.5
NKI,1,4,5,0.2
NKK,0,0,0,
NKL,4,1,5,0.8
NKM,6,20,26,0.23
NKN,17,9,26,0.65
NKP,15,12,27,0.56
NKS,20,15,35,0.57
NKb,7,12,19,0.37
NKh,9,11,20,0.45
NKl,4,4,8,0.5
NKm,23,14,37,0.62
NKn,18,9,27,0.67
NKs,14,7,21,0.67
NKt,1,0,1,1.0
NLB,37,34,71,0.52
NLD,11,6,17,0.65
NLH,1,0,1,1.0
NLK,1,2,3,0.33
NLL,12,16,28,0.43
NLM,30,45,75,0.4
NLN,41,51,92,0.45
NLP,49,61,110,0.45
NLS,17,31,48,0.35
NLb,35,50,85,0.41
NLh,14,23,37,0.38
NLj,9,12,21,0.43
NLl,18,17,35,0.51
NLm,46,36,82,0.56
NLn,59,69,128,0.46
NLs,25,27,52,0.48
NLt,6,8,14,0.43
NMB,111,99,210,0.53
NMD,30,19,49,0.61
NMH,1,2,3,0.33
NMK,4,5,9,0.44
NML,31,35,66,0.47
NMM,91,113,204,0.45
NMN,133,115,248,0.54
NMP,155,147,302,0.51
NMS,77,95,172,0.45
NMb,117,105,222,0.53
NMh,95,76,171,0.56
NMj,24,17,41,0.59
NMl,45,27,72,0.62
NMm,156,157,313,0.5
NMn,198,183,381,0.52
NMs,96,84,180,0.53
NMt,14,15,29,0.48
NNB,124,149,273,0.45
NND,38,31,69,0.55
NNH,19,25,44,0.43
NNI,1,1,2,0.5
NNK,20,18,38,0.53
NNL,52,49,101,0.51
NNM,110,154,264,0.42
NNN,216,229,445,0.49
NNP,244,250,494,0.49
NNS,126,115,241,0.52
NNb,118,111,229,0.52
NNh,43,69,112,0.38
NNl,44,51,95,0.46
NNm,165,156,321,0.51
NNn,237,260,497,0.48
NNs,127,115,242,0.52
NNt,32,40,72,0.44
NPB,156,161,317,0.49
NPD,34,27,61,0.56
NPH,48,61,109,0.44
NPI,26,18,44,0.59
NPK,16,24,40,0.4
NPL,64,93,157,0.41
NPM,146,172,318,0.46
NPN,239,222,461,0.52
NPP,276,280,556,0.5
NPS,162,164,326,0.5
NPb,165,165,330,0.5
NPh,27,27,54,0.5
NPl,83,64,147,0.56
NPm,217,195,412,0.53
NPn,211,193,404,0.52
NPs,151,153,304,0.5
NPt,20,14,34,0.59
NSB,91,83,174,0.52
NSD,20,16,36,0.56
NSH,33,45,78,0.42
NSI,5,2,7,0.71
NSK,2,3,5,0.4
NSL,21,42,63,0.33
NSM,93,92,185,0.5
NSN,94,127,221,0.43
NSP,133,146,279,0.48
NSS,112,140,252,0.44
NSb,75,65,140,0.54
NSh,56,56,112,0.5
NSl,34,33,67,0.51
NSm,129,92,221,0.58
NSn,133,115,248,0.54
NSs,119,101,220,0.54
NSt,20,17,37,0.54
NbB,84,103,187,0.45
NbD,14,11,25,0.56
NbH,26,34,60,0.43
NbI,10,16,26,0.38
NbJ,32,31,63,0.51
NbK,14,8,22,0.64
NbL,34,41,75,0.45
NbM,81,109,190,0.43
NbN,137,147,284,0.48
NbP,100,137,237,0.42
NbS,54,59,113,0.48
Nbb,116,103,219,0.53
Nbh,0,0,0,
Nbl,35,15,50,0.7
Nbm,110,85,195,0.56
Nbn,114,104,218,0.52
Nbs,66,46,112,0.59
Nbt,1,1,2,0.5
NhB,32,30,62,0.52
NhD,6,9,15,0.4
NhH,13,7,20,0.65
NhI,5,4,9,0.56
NhK,0,1,1,0.0
NhL,7,14,21,0.33
NhM,31,30,61,0.51
NhN,35,49,84,0.42
NhP,47,46,93,0.51
NhS,44,41,85,0.52
Nhb,29,25,54,0.54
Nhh,26,35,61,0.43
Nhl,14,12,26,0.54
Nhm,49,44,93,0.53
Nhn,48,34,82,0.59
Nhs,36,36,72,0.5
Nht,5,4,9,0.56
NlB,33,31,64,0.52
NlD,4,5,9,0.44
NlH,24,24,48,0.5
NlI,3,5,8,0.38
NlJ,8,13,21,0.38
NlK,0,1,1,0.0
NlL,21,14,35,0.6
NlM,37,35,72,0.51
NlN,50,41,91,0.55
NlP,48,50,98,0.49
NlS,31,30,61,0.51
Nlb,35,32,67,0.52
Nll,17,15,32,0.53
Nlm,39,42,81,0.48
Nln,44,40,84,0.52
Nls,26,17,43,0.6
NmB,111,120,231,0.48
NmD,43,36,79,0.54
NmH,99,110,209,0.47
NmI,15,8,23,0.65
NmJ,25,32,57,0.44
NmK,1,5,6,0.17
NmL,44,44,88,0.5
NmM,127,166,293,0.43
NmN,190,201,391,0.49
NmP,171,162,333,0.51
NmS,87,119,206,0.42
Nmb,107,129,236,0.45
Nmh,0,0,0,
Nml,30,21,51,0.59
Nmm,136,115,251,0.54
Nmn,142,145,287,0.49
Nms,89,86,175,0.51
Nmt,0,0,0,
NnB,135,130,265,0.51
NnD,46,29,75,0.61
NnH,111,117,228,0.49
NnI,28,25,53,0.53
NnK,6,13,19,0.32
NnL,56,55,111,0.5
NnM,167,162,329,0.51
NnN,267,258,525,0.51
NnP,243,283,526,0.46
NnS,146,182,328,0.45
Nnb,144,121,265,0.54
Nnh,7,8,15,0.47
Nnl,58,44,102,0.57
Nnm,211,155,366,0.58
Nnn,226,240,466,0.48
Nns,148,137,285,0.52
Nnt,1,1,2,0.5
NsB,74,70,144,0.51
NsD,20,12,32,0.62
NsH,82,99,181,0.45
NsI,15,11,26,0.58
NsK,1,2,3,0.33
NsL,23,28,51,0.45
NsM,83,101,184,0.45
NsN,133,118,251,0.53
NsP,115,118,233,0.49
NsS,111,134,245,0.45
Nsb,73,68,141,0.52
Nsh,6,10,16,0.38
Nsl,44,29,73,0.6
Nsm,105,91,196,0.54
Nsn,125,95,220,0.57
Nss,104,70,174,0.6
Nst,2,0,2,1.0
NtB,24,17,41,0.59
NtD,5,7,12,0.42
NtH,13,14,27,0.48
NtI,2,1,3,0.67
NtK,2,4,6,0.33
NtL,5,8,13,0.38
NtM,10,26,36,0.28
NtN,15,33,48,0.31
NtP,38,39,77,0.49
NtS,26,25,51,0.51
Ntb,25,18,43,0.58
Nth,2,1,3,0.67
Ntl,8,4,12,0.67
Ntm,33,27,60,0.55
Ntn,33,28,61,0.54
Nts,19,16,35,0.54
Ntt,6,6,12,0.5
PBB,133,169,302,0.44
PBD,22,26,48,0.46
PBH,1,2,3,0.33
PBI,0,2,2,0.0
PBK,23,20,43,0.53
PBL,58,59,117,0.5
PBM,105,144,249,0.42
PBN,144,136,280,0.51
PBP,175,188,363,0.48
PBS,62,58,120,0.52
PBb,124,113,237,0.52
PBh,13,20,33,0.39
PBj,34,31,65,0.52
PBl,64,46,110,0.58
PBm,159,165,324,0.49
PBn,166,160,326,0.51
PBs,67,74,141,0.48
PBt,25,20,45,0.56
PDB,16,22,38,0.42
PDD,13,14,27,0.48
PDH,20,14,34,0.59
PDI,2,2,4,0.5
PDK,0,0,0,
PDL,11,11,22,0.5
PDM,31,37,68,0.46
PDN,22,22,44,0.5
PDP,27,33,60,0.45
PDS,19,21,40,0.48
PDb,16,19,35,0.46
PDh,0,2,2,0.0
PDl,4,8,12,0.33
PDm,38,23,61,0.62
PDn,23,18,41,0.56
PDs,19,14,33,0.58
PDt,4,6,10,0.4
PHB,33,34,67,0.49
PHD,5,7,12,0.42
PHH,16,7,23,0.7
PHI,7,3,10,0.7
PHK,7,2,9,0.78
PHL,20,11,31,0.65
PHM,30,41,71,0.42
PHN,41,46,87,0.47
PHP,56,52,108,0.52
PHS,33,27,60,0.55
PHb,28,35,63,0.44
PHh,13,25,38,0.34
PHl,18,15,33,0.55
PHm,59,34,93,0.63
PHn,43,26,69,0.62
PHs,58,35,93,0.62
PHt,0,8,8,0.0
PIB,22,14,36,0.61
PID,4,5,9,0.44
PIH,9,13,22,0.41
PII,4,3,7,0.57
PIL,10,8,18,0.56
PIM,18,27,45,0.4
PIN,15,16,31,0.48
PIP,23,19,42,0.55
PIS,19,16,35,0.54
PIb,18,14,32,0.56
PIh,2,1,3,0.67
PIl,6,5,11,0.55
PIm,19,15,34,0.56
PIn,11,15,26,0.42
PIs,9,5,14,0.64
PIt,1,0,1,1.0
PKB,12,20,32,0.38
PKD,3,6,9,0.33
PKH,2,2,4,0.5
PKI,2,1,3,0.67
PKK,0,1,1,0.0
PKL,10,2,12,0.83
PKM,26,26,52,0.5
PKN,14,15,29,0.48
PKP,29,17,46,0.63
PKS,12,14,26,0.46
PKb,24,16,40,0.6
PKh,9,19,28,0.32
PKl,8,9,17,0.47
PKm,29,19,48,0.6
PKn,17,9,26,0.65
PKs,17,18,35,0.49
PKt,3,1,4,0.75
PLB,46,56,102,0.45
PLD,5,14,19,0.26
PLH,0,1,1,0.0
PLI,0,0,0,
PLK,3,3,6,0.5
PLL,35,30,65,0.54
PLM,50,58,108,0.46
PLN,52,56,108,0.48
PLP,84,79,163,0.52
PLS,51,50,101,0.5
PLb,52,43,95,0.55
PLh,27,25,52,0.52
PLj,27,11,38,0.71
PLl,24,36,60,0.4
PLm,85,82,167,0.51
PLn,70,79,149,0.47
PLs,39,38,77,0.51
PLt,12,19,31,0.39
PMB,147,164,311,0.47
PMD,36,33,69,0.52
PMH,1,1,2,0.5
PMI,1,0,1,1.0
PMK,6,3,9,0.67
PML,54,53,107,0.5
PMM,116,152,268,0.43
PMN,148,131,279,0.53
PMP,161,189,350,0.46
PMS,99,95,194,0.51
PMb,141,148,289,0.49
PMh,123,120,243,0.51
PMj,29,28,57,0.51
PMl,61,55,116,0.53
PMm,217,194,411,0.53
PMn,171,181,352,0.49
PMs,111,100,211,0.53
PMt,22,23,45,0.49
PNB,137,145,282,0.49
PND,35,29,64,0.55
PNH,31,28,59,0.53
PNI,1,4,5,0.2
PNK,17,13,30,0.57
PNL,54,68,122,0.44
PNM,116,179,295,0.39
PNN,167,185,352,0.47
PNP,220,233,453,0.49
PNS,114,143,257,0.44
PNb,133,131,264,0.5
PNh,41,45,86,0.48
PNl,66,57,123,0.54
PNm,206,155,361,0.57
PNn,202,230,432,0.47
PNs,115,102,217,0.53
PNt,25,32,57,0.44
PPB,209,230,439,0.48
PPD,49,28,77,0.64
PPH,49,66,115,0.43
PPI,24,19,43,0.56
PPK,22,27,49,0.45
PPL,116,119,235,0.49
PPM,221,272,493,0.45
PPN,196,208,404,0.49
PPP,313,331,644,0.49
PPS,181,168,349,0.52
PPb,193,175,368,0.52
PPh,22,30,52,0.42
PPl,128,115,243,0.53
PPm,294,251,545,0.54
PPn,197,181,378,0.52
PPs,156,159,315,0.5
PPt,27,29,56,0.48
PSB,85,113,198,0.43
PSD,25,23,48,0.52
PSH,34,55,89,0.38
PSI,3,4,7,0.43
PSK,0,8,8,0.0
PSL,55,47,102,0.54
PSM,120,131,251,0.48
PSN,101,102,203,0.5
PSP,139,125,264,0.53
PSS,134,155,289,0.46
PSb,90,85,175,0.51
PSh,62,77,139,0.45
PSl,46,40,86,0.53
PSm,146,108,254,0.57
PSn,113,100,213,0.53
PSs,114,117,231,0.49
PSt,23,13,36,0.64
PbB,142,139,281,0.51
PbD,16,14,30,0.53
PbH,26,46,72,0.36
PbI,22,13,35,0.63
PbJ,44,45,89,0.49
PbK,13,20,33,0.39
PbL,56,59,115,0.49
PbM,137,162,299,0.46
PbN,172,146,318,0.54
PbP,162,159,321,0.5
PbS,75,66,141,0.53
Pbb,152,125,277,0.55
Pbh,1,2,3,0.33
Pbl,49,61,110,0.45
Pbm,147,116,263,0.56
Pbn,128,118,246,0.52
Pbs,71,59,130,0.55
PhB,19,14,33,0.58
PhD,2,1,3,0.67
PhH,0,6,6,0.0
PhI,2,1,3,0.67
PhK,0,2,2,0.0
PhL,5,9,14,0.36
PhM,19,21,40,0.48
PhN,19,14,33,0.58
PhP,28,29,57,0.49
PhS,16,22,38,0.42
Phb,13,14,27,0.48
Phh,15,14,29,0.52
Phl,7,10,17,0.41
Phm,19,21,40,0.48
Phn,19,17,36,0.53
Phs,16,21,37,0.43
Pht,2,1,3,0.67
PlB,61,52,113,0.54
PlD,7,11,18,0.39
PlH,39,42,81,0.48
PlI,8,6,14,0.57
PlJ,16,9,25,0.64
PlK,1,3,4,0.25
PlL,41,35,76,0.54
PlM,59,87,146,0.4
PlN,62,68,130,0.48
PlP,79,77,156,0.51
PlS,45,51,96,0.47
Plb,55,44,99,0.56
Plh,2,1,3,0.67
Pll,34,19,53,0.64
Plm,68,49,117,0.58
Pln,63,36,99,0.64
Pls,55,39,94,0.59
PmB,152,132,284,0.54
PmD,53,44,97,0.55
PmH,123,139,262,0.47
PmI,12,9,21,0.57
PmJ,38,38,76,0.5
PmK,2,4,6,0.33
PmL,81,79,160,0.51
PmM,221,226,447,0.49
PmN,197,157,354,0.56
PmP,205,189,394,0.52
PmS,134,121,255,0.53
Pmb,162,171,333,0.49
Pmh,2,1,3,0.67
Pml,71,59,130,0.55
Pmm,198,162,360,0.55
Pmn,153,130,283,0.54
Pms,108,89,197,0.55
PnB,128,113,241,0.53
PnD,24,21,45,0.53
PnH,75,99,174,0.43
PnI,20,27,47,0.43
PnK,17,9,26,0.65
PnL,56,57,113,0.5
PnM,135,177,312,0.43
PnN,196,172,368,0.53
PnP,228,201,429,0.53
PnS,118,134,252,0.47
Pnb,131,119,250,0.52
Pnh,5,5,10,0.5
Pnl,53,49,102,0.52
Pnm,152,142,294,0.52
Pnn,168,152,320,0.52
Pns,121,116,237,0.51
Pnt,4,0,4,1.0
PsB,71,73,144,0.49
PsD,23,29,52,0.44
PsH,105,78,183,0.57
PsI,18,9,27,0.67
PsK,1,0,1,1.0
PsL,43,34,77,0.56
PsM,88,113,201,0.44
PsN,121,124,245,0.49
PsP,131,161,292,0.45
PsS,106,120,226,0.47
Psb,73,76,149,0.49
Psh,6,10,16,0.38
Psl,56,47,103,0.54
Psm,132,100,232,0.57
Psn,99,76,175,0.57
Pss,95,95,190,0.5
Pst,0,3,3,0.0
PtB,8,12,20,0.4
PtD,3,4,7,0.43
PtH,12,12,24,0.5
PtI,0,1,1,0.0
PtK,2,4,6,0.33
PtL,5,9,14,0.36
PtM,17,24,41,0.41
PtN,9,10,19,0.47
PtP,18,34,52,0.35
PtS,14,15,29,0.48
Ptb,22,11,33,0.67
Pth,0,1,1,0.0
Ptl,6,9,15,0.4
Ptm,19,20,39,0.49
Ptn,13,21,34,0.38
Pts,16,12,28,0.57
Ptt,5,1,6,0.83
SBB,90,74,164,0.55
SBD,10,18,28,0.36
SBH,1,0,1,1.0
SBI,0,1,1,0.0
SBK,12,10,22,0.55
SBL,21,22,43,0.49
SBM,56,71,127,0.44
SBN,90,85,175,0.51
SBP,96,96,192,0.5
SBS,63,54,117,0.54
SBb,68,67,135,0.5
SBh,14,9,23,0.61
SBj,26,18,44,0.59
SBl,25,25,50,0.5
SBm,91,68,159,0.57
SBn,114,100,214,0.53
SBs,42,35,77,0.55
SBt,9,18,27,0.33
SDB,18,14,32,0.56
SDD,13,11,24,0.54
SDH,15,19,34,0.44
SDI,3,1,4,0.75
SDK,0,0,0,
SDL,7,5,12,0.58
SDM,31,37,68,0.46
SDN,22,20,42,0.52
SDP,29,25,54,0.54
SDS,35,40,75,0.47
SDb,18,21,39,0.46
SDh,1,5,6,0.17
SDl,6,6,12,0.5
SDm,36,31,67,0.54
SDn,22,18,40,0.55
SDs,17,18,35,0.49
SDt,1,1,2,0.5
SHB,28,24,52,0.54
SHD,7,6,13,0.54
SHH,7,9,16,0.44
SHI,10,7,17,0.59
SHK,4,4,8,0.5
SHL,6,13,19,0.32
SHM,49,48,97,0.51
SHN,37,31,68,0.54
SHP,36,41,77,0.47
SHS,49,54,103,0.48
SHb,34,32,66,0.52
SHh,18,18,36,0.5
SHl,20,12,32,0.62
SHm,47,52,99,0.47
SHn,42,23,65,0.65
SHs,36,43,79,0.46
SHt,2,2,4,0.5
SIB,5,6,11,0.45
SID,1,2,3,0.33
SIH,2,8,10,0.2
SII,1,2,3,0.33
SIL,3,3,6,0.5
SIM,10,11,21,0.48
SIN,3,5,8,0.38
SIP,7,4,11,0.64
SIS,7,12,19,0.37
SIb,6,10,16,0.38
SIh,0,1,1,0.0
SIl,0,3,3,0.0
SIm,16,4,20,0.8
SIn,2,3,5,0.4
SIs,3,1,4,0.75
SIt,1,3,4,0.25
SKB,3,3,6,0.5
SKI,0,1,1,0.0
SKL,2,1,3,0.67
SKM,5,3,8,0.62
SKN,1,2,3,0.33
SKP,4,2,6,0.67
SKS,2,1,3,0.67
SKb,2,2,4,0.5
SKh,3,0,3,1.0
SKl,2,0,2,1.0
SKm,2,2,4,0.5
SKn,1,1,2,0.5
SKs,3,5,8,0.38
SLB,36,30,66,0.55
SLD,11,2,13,0.85
SLH,0,1,1,0.0
SLK,1,2,3,0.33
SLL,6,9,15,0.4
SLM,22,35,57,0.39
SLN,31,30,61,0.51
SLP,36,42,78,0.46
SLS,24,27,51,0.47
SLb,29,24,53,0.55
SLh,7,10,17,0.41
SLj,7,10,17,0.41
SLl,19,16,35,0.54
SLm,35,35,70,0.5
SLn,28,38,66,0.42
SLs,18,24,42,0.43
SLt,9,8,17,0.53
SMB,92,82,174,0.53
SMD,22,19,41,0.54
SMH,3,2,5,0.6
SMI,1,0,1,1.0
SMK,2,2,4,0.5
SML,25,30,55,0.45
SMM,104,136,240,0.43
SMN,89,94,183,0.49
SMP,120,107,227,0.53
SMS,105,101,206,0.51
SMb,88,93,181,0.49
SMh,68,80,148,0.46
SMj,15,14,29,0.52
SMl,42,30,72,0.58
SMm,150,107,257,0.58
SMn,113,121,234,0.48
SMs,84,81,165,0.51
SMt,9,12,21,0.43
SNB,74,70,144,0.51
SND,21,17,38,0.55
SNH,23,18,41,0.56
SNI,3,1,4,0.75
SNK,6,13,19,0.32
SNL,22,25,47,0.47
SNM,88,111,199,0.44
SNN,108,112,220,0.49
SNP,123,111,234,0.53
SNS,79,113,192,0.41
SNb,55,66,121,0.45
SNh,16,17,33,0.48
SNl,22,28,50,0.44
SNm,103,84,187,0.55
SNn,122,128,250,0.49
SNs,95,64,159,0.6
SNt,18,15,33,0.55
SPB,92,98,190,0.48
SPD,22,22,44,0.5
SPH,36,32,68,0.53
SPI,14,12,26,0.54
SPK,14,21,35,0.4
SPL,45,47,92,0.49
SPM,121,129,250,0.48
SPN,110,104,214,0.51
SPP,144,171,315,0.46
SPS,121,114,235,0.51
SPb,89,83,172,0.52
SPh,14,14,28,0.5
SPl,48,51,99,0.48
SPm,126,112,238,0.53
SPn,125,99,224,0.56
SPs,78,69,147,0.53
SPt,16,9,25,0.64
SSB,94,105,199,0.47
SSD,38,35,73,0.52
SSH,55,75,130,0.42
SSI,21,12,33,0.64
SSK,1,2,3,0.33
SSL,36,29,65,0.55
SSM,140,180,320,0.44
SSN,114,101,215,0.53
SSP,110,112,222,0.5
SSS,205,247,452,0.45
SSb,105,71,176,0.6
SSh,54,48,102,0.53
SSl,33,38,71,0.46
SSm,168,144,312,0.54
SSn,125,92,217,0.58
SSs,136,121,257,0.53
SSt,30,20,50,0.6
SbB,77,66,143,0.54
SbD,15,6,21,0.71
SbH,14,19,33,0.42
SbI,12,2,14,0.86
SbJ,23,18,41,0.56
SbK,7,7,14,0.5
SbL,19,30,49,0.39
SbM,68,100,168,0.4
SbN,91,81,172,0.53
SbP,82,90,172,0.48
SbS,53,68,121,0.44
Sbb,66,70,136,0.49
Sbh,1,3,4,0.25
Sbl,24,9,33,0.73
Sbm,69,51,120,0.57
Sbn,60,71,131,0.46
Sbs,42,31,73,0.58
ShB,46,36,82,0.56
ShD,7,10,17,0.41
ShH,8,16,24,0.33
ShI,8,4,12,0.67
ShK,1,0,1,1.0
ShL,18,22,40,0.45
ShM,49,71,120,0.41
ShN,33,49,82,0.4
ShP,57,50,107,0.53
ShS,71,60,131,0.54
Shb,36,38,74,0.49
Shh,38,38,76,0.5
Shl,18,25,43,0.42
Shm,68,49,117,0.58
Shn,49,44,93,0.53
Shs,44,55,99,0.44
Sht,3,9,12,0.25
SlB,27,29,56,0.48
SlD,6,2,8,0.75
SlH,18,14,32,0.56
SlI,1,1,2,0.5
SlJ,10,8,18,0.56
SlK,1,1,2,0.5
SlL,13,15,28,0.46
SlM,29,40,69,0.42
SlN,34,37,71,0.48
SlP,40,36,76,0.53
SlS,29,47,76,0.38
Slb,32,27,59,0.54
Sll,9,6,15,0.6
Slm,31,25,56,0.55
Sln,29,33,62,0.47
Sls,13,23,36,0.36
SmB,109,103,212,0.51
SmD,35,30,65,0.54
SmH,88,91,179,0.49
SmI,6,15,21,0.29
SmJ,19,21,40,0.48
SmK,5,3,8,0.62
SmL,41,36,77,0.53
SmM,113,137,250,0.45
SmN,112,122,234,0.48
SmP,119,119,238,0.5
SmS,114,127,241,0.47
Smb,106,79,185,0.57
Smh,1,2,3,0.33
Sml,36,34,70,0.51
Smm,153,106,259,0.59
Smn,94,98,192,0.49
Sms,69,59,128,0.54
Smt,2,0,2,1.0
SnB,72,65,137,0.53
SnD,23,16,39,0.59
SnH,52,53,105,0.5
SnI,17,17,34,0.5
SnK,10,13,23,0.43
SnL,27,30,57,0.47
SnM,90,92,182,0.49
SnN,122,129,251,0.49
SnP,116,134,250,0.46
SnS,86,121,207,0.42
Snb,67,67,134,0.5
Snh,4,6,10,0.4
Snl,30,34,64,0.47
Snm,112,82,194,0.58
Snn,104,101,205,0.51
Sns,82,81,163,0.5
SsB,65,62,127,0.51
SsD,30,30,60,0.5
SsH,88,93,181,0.49
SsI,18,17,35,0.51
SsK,3,3,6,0.5
SsL,23,36,59,0.39
SsM,104,112,216,0.48
SsN,99,103,202,0.49
SsP,107,113,220,0.49
SsS,148,168,316,0.47
Ssb,66,71,137,0.48
Ssh,7,7,14,0.5
Ssl,26,29,55,0.47
Ssm,135,102,237,0.57
Ssn,89,67,156,0.57
Sss,114,105,219,0.52
Sst,4,3,7,0.57
StB,18,27,45,0.4
StD,5,3,8,0.62
StH,13,13,26,0.5
StI,1,1,2,0.5
StK,1,1,2,0.5
StL,6,6,12,0.5
StM,27,17,44,0.61
StN,22,19,41,0.54
StP,26,30,56,0.46
StS,19,25,44,0.43
Stb,13,12,25,0.52
Stl,4,8,12,0.33
Stm,20,14,34,0.59
Stn,12,15,27,0.44
Sts,16,8,24,0.67
Stt,3,4,7,0.43
bBB,98,96,194,0.51
bBD,13,18,31,0.42
bBH,3,1,4,0.75
bBK,8,15,23,0.35
bBL,30,31,61,0.49
bBM,91,99,190,0.48
bBN,125,135,260,0.48
bBP,135,133,268,0.5
bBS,63,83,146,0.43
bBb,104,74,178,0.58
bBh,22,9,31,0.71
bBj,34,39,73,0.47
bBl,45,28,73,0.62
bBm,117,96,213,0.55
bBn,149,143,292,0.51
bBs,63,51,114,0.55
bBt,13,18,31,0.42
bDB,10,13,23,0.43
bDD,5,4,9,0.56
bDH,13,12,25,0.52
bDI,1,1,2,0.5
bDK,0,1,1,0.0
bDL,5,6,11,0.45
bDM,22,19,41,0.54
bDN,14,10,24,0.58
bDP,19,11,30,0.63
bDS,19,9,28,0.68
bDb,16,9,25,0.64
bDh,3,1,4,0.75
bDl,2,4,6,0.33
bDm,26,24,50,0.52
bDn,12,10,22,0.55
bDs,8,8,16,0.5
bDt,3,2,5,0.6
bHB,22,15,37,0.59
bHD,5,3,8,0.62
bHH,5,4,9,0.56
bHI,2,4,6,0.33
bHK,2,0,2,1.0
bHL,4,10,14,0.29
bHM,27,25,52,0.52
bHN,25,36,61,0.41
bHP,29,36,65,0.45
bHS,19,18,37,0.51
bHb,32,26,58,0.55
bHh,11,6,17,0.65
bHl,8,4,12,0.67
bHm,32,21,53,0.6
bHn,29,23,52,0.56
bHs,14,24,38,0.37
bHt,1,4,5,0.2
bIB,17,9,26,0.65
bID,3,3,6,0.5
bIH,9,5,14,0.64
bII,2,0,2,1.0
bIK,1,0,1,1.0
bIL,3,3,6,0.5
bIM,15,11,26,0.58
bIN,14,17,31,0.45
bIP,14,18,32,0.44
bIS,8,8,16,0.5
bIb,16,10,26,0.62
bIh,0,1,1,0.0
bIl,6,1,7,0.86
bIm,18,8,26,0.69
bIn,17,7,24,0.71
bIs,8,8,16,0.5
bIt,1,1,2,0.5
bJB,38,27,65,0.58
bJD,6,4,10,0.6
bJH,14,21,35,0.4
bJI,5,1,6,0.83
bJK,2,6,8,0.25
bJL,12,10,22,0.55
bJM,39,32,71,0.55
bJN,29,47,76,0.38
bJP,46,52,98,0.47
bJS,20,19,39,0.51
bJb,25,32,57,0.44
bJh,7,6,13,0.54
bJl,14,9,23,0.61
bJm,44,35,79,0.56
bJn,17,32,49,0.35
bJs,20,12,32,0.62
bJt,3,3,6,0.5
bKB,7,15,22,0.32
bKD,4,6,10,0.4
bKH,2,1,3,0.67
bKI,6,0,6,1.0
bKL,2,3,5,0.4
bKM,17,12,29,0.59
bKN,9,9,18,0.5
bKP,17,13,30,0.57
bKS,11,13,24,0.46
bKb,11,13,24,0.46
bKh,10,15,25,0.4
bKl,5,3,8,0.62
bKm,25,10,35,0.71
bKn,14,10,24,0.58
bKs,7,13,20,0.35
bKt,0,2,2,0.0
bLB,24,43,67,0.36
bLD,9,9,18,0.5
bLH,0,1,1,0.0
bLI,1,0,1,1.0
bLK,1,0,1,1.0
bLL,12,17,29,0.41
bLM,39,49,88,0.44
bLN,40,35,75,0.53
bLP,50,39,89,0.56
bLS,20,22,42,0.48
bLb,35,25,60,0.58
bLh,14,17,31,0.45
bLj,5,11,16,0.31
bLl,13,9,22,0.59
bLm,33,50,83,0.4
bLn,66,52,118,0.56
bLs,23,26,49,0.47
bLt,6,2,8,0.75
bMB,104,82,186,0.56
bMD,23,20,43,0.53
bMH,1,3,4,0.25
bMI,1,1,2,0.5
bMK,1,3,4,0.25
bML,31,30,61,0.51
bMM,85,103,188,0.45
bMN,114,115,229,0.5
bMP,134,127,261,0.51
bMS,69,79,148,0.47
bMb,108,106,214,0.5
bMh,83,73,156,0.53
bMj,11,22,33,0.33
bMl,49,32,81,0.6
bMm,121,109,230,0.53
bMn,169,143,312,0.54
bMs,81,52,133,0.61
bMt,17,13,30,0.57
bNB,114,113,227,0.5
bND,35,25,60,0.58
bNH,19,21,40,0.48
bNI,2,0,2,1.0
bNK,11,11,22,0.5
bNL,41,50,91,0.45
bNM,110,156,266,0.41
bNN,181,184,365,0.5
bNP,201,194,395,0.51
bNS,87,107,194,0.45
bNb,117,104,221,0.53
bNh,41,43,84,0.49
bNl,46,28,74,0.62
bNm,136,111,247,0.55
bNn,215,143,358,0.6
bNs,94,85,179,0.53
bNt,17,26,43,0.4
bPB,112,114,226,0.5
bPD,17,13,30,0.57
bPH,30,21,51,0.59
bPI,22,10,32,0.69
bPK,17,24,41,0.41
bPL,54,42,96,0.56
bPM,112,156,268,0.42
bPN,148,133,281,0.53
bPP,193,171,364,0.53
bPS,89,88,177,0.5
bPb,145,124,269,0.54
bPh,20,12,32,0.62
bPl,49,46,95,0.52
bPm,142,113,255,0.56
bPn,141,115,256,0.55
bPs,69,64,133,0.52
bPt,15,20,35,0.43
bSB,44,41,85,0.52
bSD,19,9,28,0.68
bSH,24,17,41,0.59
bSI,8,1,9,0.89
bSK,4,1,5,0.8
bSL,27,29,56,0.48
bSM,51,76,127,0.4
bSN,55,58,113,0.49
bSP,64,85,149,0.43
bSS,69,65,134,0.51
bSb,48,38,86,0.56
bSh,42,37,79,0.53
bSl,19,19,38,0.5
bSm,71,58,129,0.55
bSn,72,70,142,0.51
bSs,62,53,115,0.54
bSt,7,7,14,0.5
bbB,95,124,219,0.43
bbD,11,17,28,0.39
bbH,26,25,51,0.51
bbI,17,12,29,0.59
bbJ,22,19,41,0.54
bbK,8,13,21,0.38
bbL,42,38,80,0.52
bbM,96,134,230,0.42
bbN,157,133,290,0.54
bbP,158,136,294,0.54
bbS,60,50,110,0.55
bbb,110,108,218,0.5
bbh,0,1,1,0.0
bbl,40,30,70,0.57
bbm,92,94,186,0.49
bbn,104,102,206,0.5
bbs,41,32,73,0.56
bhD,0,1,1,0.0
bhI,0,1,1,0.0
bhL,1,0,1,1.0
bhM,1,0,1,1.0
bhP,0,0,0,
bhS,3,1,4,0.75
bhb,2,0,2,1.0
bhh,0,1,1,0.0
bhl,1,0,1,1.0
bhm,3,1,4,0.75
blB,26,33,59,0.44
blD,2,5,7,0.29
blH,20,19,39,0.51
blI,1,4,5,0.2
blJ,10,10,20,0.5
blK,2,2,4,0.5
blL,14,9,23,0.61
blM,34,34,68,0.5
blN,46,31,77,0.6
blP,40,32,72,0.56
blS,24,16,40,0.6
blb,33,25,58,0.57
bll,15,9,24,0.62
blm,33,23,56,0.59
bln,25,19,44,0.57
bls,20,13,33,0.61
bmB,88,103,191,0.46
bmD,30,17,47,0.64
bmH,63,72,135,0.47
bmI,6,8,14,0.43
bmJ,16,20,36,0.44
bmK,1,2,3,0.33
bmL,31,34,65,0.48
bmM,101,117,218,0.46
bmN,127,110,237,0.54
bmP,135,104,239,0.56
bmS,56,55,111,0.5
bmb,103,107,210,0.49
bmh,1,1,2,0.5
bml,25,25,50,0.5
bmm,131,81,212,0.62
bmn,82,84,166,0.49
bms,45,43,88,0.51
bnB,99,94,193,0.51
bnD,12,16,28,0.43
bnH,48,58,106,0.45
bnI,23,16,39,0.59
bnK,11,6,17,0.65
bnL,28,26,54,0.52
bnM,102,105,207,0.49
bnN,168,117,285,0.59
bnP,154,142,296,0.52
bnS,64,82,146,0.44
bnb,123,88,211,0.58
bnh,2,7,9,0.22
bnl,26,34,60,0.43
bnm,104,76,180,0.58
bnn,134,96,230,0.58
bns,63,59,122,0.52
bnt,1,1,2,0.5
bsB,42,41,83,0.51
bsD,10,12,22,0.45
bsH,45,52,97,0.46
bsI,7,14,21,0.33
bsK,0,1,1,0.0
bsL,16,17,33,0.48
bsM,48,63,111,0.43
bsN,55,52,107,0.51
bsP,64,64,128,0.5
bsS,60,52,112,0.54
bsb,36,33,69,0.52
bsh,4,4,8,0.5
bsl,12,12,24,0.5
bsm,52,49,101,0.51
bsn,40,32,72,0.56
bss,35,36,71,0.49
bst,1,3,4,0.25
btH,0,1,1,0.0
btP,0,1,1,0.0
btm,1,0,1,1.0
hBB,18,35,53,0.34
hBD,3,3,6,0.5
hBK,3,5,8,0.38
hBL,7,5,12,0.58
hBM,19,22,41,0.46
hBN,27,24,51,0.53
hBP,23,24,47,0.49
hBS,18,18,36,0.5
hBb,24,27,51,0.47
hBh,4,3,7,0.57
hBj,8,6,14,0.57
hBl,4,8,12,0.33
hBm,22,28,50,0.44
hBn,27,26,53,0.51
hBs,14,12,26,0.54
hBt,6,2,8,0.75
hDB,3,4,7,0.43
hDD,1,0,1,1.0
hDH,5,5,10,0.5
hDI,0,1,1,0.0
hDL,1,1,2,0.5
hDM,5,15,20,0.25
hDN,1,4,5,0.2
hDP,2,12,14,0.14
hDS,4,3,7,0.57
hDb,7,4,11,0.64
hDh,0,2,2,0.0
hDl,3,1,4,0.75
hDm,10,8,18,0.56
hDn,3,5,8,0.38
hDs,5,4,9,0.56
hDt,0,0,0,
hHB,4,1,5,0.8
hHD,0,0,0,
hHH,0,2,2,0.0
hHI,1,0,1,1.0
hHK,1,0,1,1.0
hHL,3,1,4,0.75
hHM,6,10,16,0.38
hHN,5,3,8,0.62
hHP,7,5,12,0.58
hHS,7,7,14,0.5
hHb,8,4,12,0.67
hHh,2,3,5,0.4
hHl,5,2,7,0.71
hHm,6,4,10,0.6
hHn,3,12,15,0.2
hHs,11,8,19,0.58
hHt,0,1,1,0.0
hIB,3,1,4,0.75
hID,2,0,2,1.0
hIH,2,3,5,0.4
hII,1,0,1,1.0
hIK,1,0,1,1.0
hIL,4,1,5,0.8
hIM,4,5,9,0.44
hIN,4,0,4,1.0
hIP,5,2,7,0.71
hIS,3,2,5,0.6
hIb,1,4,5,0.2
hIh,0,1,1,0.0
hIl,0,1,1,0.0
hIm,0,3,3,0.0
hIn,3,1,4,0.75
hIs,4,2,6,0.67
hIt,1,0,1,1.0
hKB,1,0,1,1.0
hKL,1,0,1,1.0
hKM,3,1,4,0.75
hKN,1,0,1,1.0
hKP,0,1,1,0.0
hKS,0,1,1,0.0
hKm,2,0,2,1.0
hKn,1,2,3,0.33
hKs,0,1,1,0.0
hKt,0,0,0,
hLB,6,8,14,0.43
hLD,2,1,3,0.67
hLK,0,2,2,0.0
hLL,4,6,10,0.4
hLM,13,7,20,0.65
hLN,5,11,16,0.31
hLP,6,6,12,0.5
hLS,4,4,8,0.5
hLb,13,10,23,0.57
hLh,3,2,5,0.6
hLj,2,1,3,0.67
hLl,3,7,10,0.3
hLm,9,9,18,0.5
hLn,13,15,28,0.46
hLs,8,9,17,0.47
hLt,2,0,2,1.0
hMB,32,33,65,0.49
hMD,7,11,18,0.39
hMH,1,1,2,0.5
hMI,0,1,1,0.0
hMK,1,2,3,0.33
hML,3,4,7,0.43
hMM,28,31,59,0.47
hMN,24,40,64,0.38
hMP,35,35,70,0.5
hMS,18,26,44,0.41
hMb,23,26,49,0.47
hMh,17,37,54,0.31
hMj,6,5,11,0.55
hMl,9,15,24,0.38
hMm,38,32,70,0.54
hMn,28,26,54,0.52
hMs,23,16,39,0.59
hMt,2,1,3,0.67
hNB,18,25,43,0.42
hND,6,3,9,0.67
hNH,3,7,10,0.3
hNI,1,1,2,0.5
hNK,0,8,8,0.0
hNL,7,8,15,0.47
hNM,17,33,50,0.34
hNN,23,41,64,0.36
hNP,31,49,80,0.39
hNS,23,21,44,0.52
hNb,17,23,40,0.42
hNh,4,8,12,0.33
hNl,9,7,16,0.56
hNm,34,18,52,0.65
hNn,38,34,72,0.53
hNs,15,23,38,0.39
hNt,6,3,9,0.67
hPB,34,27,61,0.56
hPD,6,5,11,0.55
hPH,4,12,16,0.25
hPI,5,3,8,0.62
hPK,2,4,6,0.33
hPL,13,12,25,0.52
hPM,29,46,75,0.39
hPN,26,34,60,0.43
hPP,42,30,72,0.58
hPS,28,23,51,0.55
hPb,31,24,55,0.56
hPh,5,4,9,0.56
hPl,19,19,38,0.5
hPm,39,43,82,0.48
hPn,32,22,54,0.59
hPs,25,24,49,0.51
hPt,4,5,9,0.44
hSB,28,18,46,0.61
hSD,11,4,15,0.73
hSH,15,19,34,0.44
hSI,2,1,3,0.67
hSK,3,0,3,1.0
hSL,6,4,10,0.6
hSM,32,47,79,0.41
hSN,27,24,51,0.53
hSP,28,27,55,0.51
hSS,46,45,91,0.51
hSb,24,22,46,0.52
hSh,24,22,46,0.52
hSl,7,5,12,0.58
hSm,40,27,67,0.6
hSn,18,34,52,0.35
hSs,32,33,65,0.49
hSt,6,2,8,0.75
hbB,19,18,37,0.51
hbD,6,1,7,0.86
hbH,6,6,12,0.5
hbI,2,0,2,1.0
hbJ,9,7,16,0.56
hbK,1,3,4,0.25
hbL,5,12,17,0.29
hbM,22,31,53,0.42
hbN,27,30,57,0.47
hbP,32,14,46,0.7
hbS,21,22,43,0.49
hbb,20,21,41,0.49
hbl,9,8,17,0.53
hbm,29,21,50,0.58
hbn,15,18,33,0.45
hbs,7,8,15,0.47
hhB,27,12,39,0.69
hhD,4,5,9,0.44
hhH,6,4,10,0.6
hhI,1,2,3,0.33
hhL,11,10,21,0.52
hhM,31,30,61,0.51
hhN,25,14,39,0.64
hhP,24,22,46,0.52
hhS,34,17,51,0.67
hhb,22,15,37,0.59
hhh,26,21,47,0.55
hhl,7,10,17,0.41
hhm,27,30,57,0.47
hhn,23,20,43,0.53
hhs,17,16,33,0.52
hht,4,4,8,0.5
hlB,5,8,13,0.38
hlD,2,2,4,0.5
hlH,5,2,7,0.71
hlI,2,0,2,1.0
hlJ,4,3,7,0.57
hlL,2,2,4,0.5
hlM,12,21,33,0.36
hlN,12,10,22,0.55
hlP,11,10,21,0.52
hlS,9,4,13,0.69
hlb,8,14,22,0.36
hll,4,5,9,0.44
hlm,16,8,24,0.67
hln,13,6,19,0.68
hls,10,9,19,0.53
hmB,30,26,56,0.54
hmD,9,7,16,0.56
hmH,31,18,49,0.63
hmI,1,1,2,0.5
hmJ,5,9,14,0.36
hmK,1,2,3,0.33
hmL,10,15,25,0.4
hmM,36,62,98,0.37
hmN,31,33,64,0.48
hmP,38,31,69,0.55
hmS,29,37,66,0.44
hmb,27,40,67,0.4
hmh,0,0,0,
hml,11,7,18,0.61
hmm,45,40,85,0.53
hmn,29,24,53,0.55
hms,24,18,42,0.57
hnB,20,23,43,0.47
hnD,3,5,8,0.38
hnH,11,9,20,0.55
hnI,4,5,9,0.44
hnK,1,1,2,0.5
hnL,9,6,15,0.6
hnM,19,34,53,0.36
hnN,33,31,64,0.52
hnP,34,37,71,0.48
hnS,34,32,66,0.52
hnb,28,27,55,0.51
hnh,2,0,2,1.0
hnl,6,6,12,0.5
hnm,35,20,55,0.64
hnn,31,26,57,0.54
hns,28,20,48,0.58
hsB,12,17,29,0.41
hsD,8,5,13,0.62
hsH,14,26,40,0.35
hsI,4,6,10,0.4
hsK,1,0,1,1.0
hsL,7,9,16,0.44
hsM,20,29,49,0.41
hsN,28,18,46,0.61
hsP,28,29,57,0.49
hsS,35,32,67,0.52
hsb,17,18,35,0.49
hsh,1,2,3,0.33
hsl,8,5,13,0.62
hsm,28,31,59,0.47
hsn,18,25,43,0.42
hss,13,20,33,0.39
hst,1,0,1,1.0
htB,3,4,7,0.43
htD,1,1,2,0.5
htH,0,3,3,0.0
htL,1,1,2,0.5
htM,3,4,7,0.43
htN,1,7,8,0.12
htP,1,7,8,0.12
htS,2,2,4,0.5
htb,2,5,7,0.29
htl,2,1,3,0.67
htm,7,5,12,0.58
htn,1,4,5,0.2
hts,2,4,6,0.33
htt,2,0,2,1.0
jBB,4,6,10,0.4
jBD,0,0,0,
jBK,0,1,1,0.0
jBL,0,3,3,0.0
jBM,1,9,10,0.1
jBN,3,8,11,0.27
jBP,6,6,12,0.5
jBS,5,1,6,0.83
jBb,7,4,11,0.64
jBh,0,0,0,
jBj,4,2,6,0.67
jBl,0,4,4,0.0
jBm,7,3,10,0.7
jBn,6,11,17,0.35
jBs,3,3,6,0.5
jBt,1,1,2,0.5
jDB,1,2,3,0.33
jDH,0,3,3,0.0
jDL,1,0,1,1.0
jDM,1,2,3,0.33
jDN,2,0,2,1.0
jDP,2,0,2,1.0
jDS,3,1,4,0.75
jDb,1,0,1,1.0
jDh,1,0,1,1.0
jDm,1,0,1,1.0
jDn,1,1,2,0.5
jHB,3,1,4,0.75
jHL,1,2,3,0.33
jHM,0,1,1,0.0
jHN,1,1,2,0.5
jHP,0,2,2,0.0
jHS,2,0,2,1.0
jHb,3,1,4,0.75
jHh,1,0,1,1.0
jHl,1,1,2,0.5
jHm,2,1,3,0.67
jIB,1,1,2,0.5
jIH,0,1,1,0.0
jIL,0,1,1,0.0
jIM,3,3,6,0.5
jIN,0,1,1,0.0
jIP,2,2,4,0.5
jIb,0,1,1,0.0
jIm,3,1,4,0.75
jIn,2,1,3,0.67
jIt,1,0,1,1.0
jKB,0,0,0,
jKM,0,0,0,
jKS,1,2,3,0.33
jKb,0,1,1,0.0
jKh,0,0,0,
jKm,0,1,1,0.0
jKs,1,0,1,1.0
jLB,2,2,4,0.5
jLK,1,0,1,1.0
jLL,2,1,3,0.67
jLM,0,3,3,0.0
jLN,3,2,5,0.6
jLP,3,3,6,0.5
jLS,0,1,1,0.0
jLb,2,2,4,0.5
jLh,2,0,2,1.0
jLj,0,1,1,0.0
jLl,1,3,4,0.25
jLm,5,3,8,0.62
jLn,2,5,7,0.29
jLs,3,1,4,0.75
jMB,3,3,6,0.5
jMD,2,1,3,0.67
jML,0,3,3,0.0
jMM,5,6,11,0.45
jMN,4,5,9,0.44
jMP,5,7,12,0.42
jMS,2,5,7,0.29
jMb,9,6,15,0.6
jMh,1,3,4,0.25
jMj,2,2,4,0.5
jMl,2,4,6,0.33
jMm,7,6,13,0.54
jMn,9,7,16,0.56
jMs,2,6,8,0.25
jMt,1,0,1,1.0
jNB,4,6,10,0.4
jND,4,0,4,1.0
jNH,1,1,2,0.5
jNK,1,0,1,1.0
jNL,1,3,4,0.25
jNM,5,9,14,0.36
jNN,7,7,14,0.5
jNP,7,7,14,0.5
jNS,4,4,8,0.5
jNb,6,4,10,0.6
jNh,4,1,5,0.8
jNl,3,4,7,0.43
jNm,7,0,7,1.0
jNn,6,8,14,0.43
jNs,2,3,5,0.4
jNt,2,2,4,0.5
jPB,8,7,15,0.53
jPD,1,2,3,0.33
jPH,2,4,6,0.33
jPI,1,0,1,1.0
jPK,1,1,2,0.5
jPL,8,2,10,0.8
jPM,9,10,19,0.47
jPN,11,6,17,0.65
jPP,10,14,24,0.42
jPS,3,5,8,0.38
jPb,5,7,12,0.42
jPh,1,1,2,0.5
jPl,4,0,4,1.0
jPm,12,6,18,0.67
jPn,4,5,9,0.44
jPs,4,7,11,0.36
jPt,0,2,2,0.0
jSB,6,2,8,0.75
jSD,2,0,2,1.0
jSH,2,1,3,0.67
jSL,3,0,3,1.0
jSM,2,9,11,0.18
jSN,0,6,6,0.0
jSP,4,4,8,0.5
jSS,8,6,14,0.57
jSb,2,7,9,0.22
jSh,1,4,5,0.2
jSl,4,1,5,0.8
jSm,5,4,9,0.56
jSn,5,4,9,0.56
jSs,3,4,7,0.43
jbB,4,3,7,0.57
jbD,0,1,1,0.0
jbH,1,4,5,0.2
jbI,0,1,1,0.0
jbJ,1,2,3,0.33
jbK,0,1,1,0.0
jbL,6,4,10,0.6
jbM,3,9,12,0.25
jbN,8,2,10,0.8
jbP,6,5,11,0.55
jbS,3,6,9,0.33
jbb,1,5,6,0.17
jbl,1,4,5,0.2
jbm,5,3,8,0.62
jbn,8,4,12,0.67
jbs,3,1,4,0.75
jhB,1,0,1,1.0
jhM,1,0,1,1.0
jhN,1,1,2,0.5
jhP,1,1,2,0.5
jhS,0,1,1,0.0
jhb,1,1,2,0.5
jhh,1,1,2,0.5
jhm,1,2,3,0.33
jhn,0,1,1,0.0
jhs,1,1,2,0.5
jlB,1,0,1,1.0
jlH,1,0,1,1.0
jlJ,1,2,3,0.33
jlL,0,0,0,
jlM,3,2,5,0.6
jlN,0,3,3,0.0
jlP,1,1,2,0.5
jlS,3,3,6,0.5
jlb,2,1,3,0.67
jll,0,1,1,0.0
jlm,1,0,1,1.0
jln,0,0,0,
jmB,5,5,10,0.5
jmD,4,2,6,0.67
jmH,5,1,6,0.83
jmI,1,0,1,1.0
jmJ,2,2,4,0.5
jmK,0,1,1,0.0
jmL,2,2,4,0.5
jmM,5,7,12,0.42
jmN,11,6,17,0.65
jmP,6,6,12,0.5
jmS,8,2,10,0.8
jmb,7,3,10,0.7
jmh,1,0,1,1.0
jml,2,2,4,0.5
jmm,5,5,10,0.5
jmn,6,6,12,0.5
jms,4,4,8,0.5
jnB,2,9,11,0.18
jnD,0,1,1,0.0
jnH,0,2,2,0.0
jnI,1,1,2,0.5
jnK,1,0,1,1.0
jnL,0,1,1,0.0
jnM,6,3,9,0.67
jnN,13,6,19,0.68
jnP,8,2,10,0.8
jnS,3,2,5,0.6
jnb,6,7,13,0.46
jnl,2,1,3,0.67
jnm,10,4,14,0.71
jnn,4,5,9,0.44
jns,4,6,10,0.4
jsB,2,4,6,0.33
jsH,3,5,8,0.38
jsI,2,1,3,0.67
jsL,1,5,6,0.17
jsM,1,3,4,0.25
jsN,6,4,10,0.6
jsP,3,8,11,0.27
jsS,11,1,12,0.92
jsb,2,4,6,0.33
jsh,0,1,1,0.0
jsl,2,5,7,0.29
jsm,5,4,9,0.56
jsn,2,4,6,0.33
jss,2,4,6,0.33
jtB,0,1,1,0.0
jtD,0,1,1,0.0
jtH,2,0,2,1.0
jtI,1,0,1,1.0
jtN,0,0,0,
jtP,3,2,5,0.6
jtS,2,0,2,1.0
jtl,1,0,1,1.0
jts,1,0,1,1.0
lBB,31,31,62,0.5
lBD,7,6,13,0.54
lBH,0,1,1,0.0
lBK,7,7,14,0.5
lBL,10,16,26,0.38
lBM,36,31,67,0.54
lBN,40,38,78,0.51
lBP,41,54,95,0.43
lBS,18,25,43,0.42
lBb,21,34,55,0.38
lBh,10,2,12,0.83
lBj,8,10,18,0.44
lBl,12,10,22,0.55
lBm,45,33,78,0.58
lBn,59,46,105,0.56
lBs,21,27,48,0.44
lBt,6,4,10,0.6
lDB,11,4,15,0.73
lDD,1,2,3,0.33
lDH,1,4,5,0.2
lDI,0,1,1,0.0
lDL,4,1,5,0.8
lDM,6,6,12,0.5
lDN,4,7,11,0.36
lDP,3,4,7,0.43
lDS,2,1,3,0.67
lDb,3,3,6,0.5
lDh,0,1,1,0.0
lDl,1,0,1,1.0
lDm,11,7,18,0.61
lDn,4,9,13,0.31
lDs,2,2,4,0.5
lDt,3,0,3,1.0
lHB,22,20,42,0.52
lHD,5,4,9,0.56
lHH,4,5,9,0.44
lHI,3,3,6,0.5
lHK,2,2,4,0.5
lHL,11,14,25,0.44
lHM,17,18,35,0.49
lHN,26,28,54,0.48
lHP,36,34,70,0.51
lHS,13,18,31,0.42
lHb,25,15,40,0.62
lHh,7,9,16,0.44
lHl,7,11,18,0.39
lHm,19,22,41,0.46
lHn,24,29,53,0.45
lHs,19,19,38,0.5
lHt,5,5,10,0.5
lIB,1,1,2,0.5
lID,0,1,1,0.0
lIH,3,5,8,0.38
lII,0,1,1,0.0
lIL,1,2,3,0.33
lIM,9,3,12,0.75
lIN,5,3,8,0.62
lIP,2,5,7,0.29
lIS,4,4,8,0.5
lIb,5,1,6,0.83
lIh,0,0,0,
lIl,5,5,10,0.5
lIm,4,2,6,0.67
lIn,1,1,2,0.5
lIs,5,3,8,0.62
lIt,0,1,1,0.0
lJB,8,10,18,0.44
lJD,1,2,3,0.33
lJH,12,6,18,0.67
lJI,0,1,1,0.0
lJK,2,2,4,0.5
lJL,5,7,12,0.42
lJM,14,17,31,0.45
lJN,11,13,24,0.46
lJP,15,23,38,0.39
lJS,6,16,22,0.27
lJb,8,10,18,0.44
lJh,1,0,1,1.0
lJl,5,7,12,0.42
lJm,8,9,17,0.47
lJn,6,8,14,0.43
lJs,8,9,17,0.47
lJt,2,4,6,0.33
lKB,2,2,4,0.5
lKD,0,1,1,0.0
lKK,1,0,1,1.0
lKL,0,0,0,
lKM,2,1,3,0.67
lKN,1,0,1,1.0
lKP,3,2,5,0.6
lKS,2,1,3,0.67
lKb,0,3,3,0.0
lKh,3,3,6,0.5
lKm,3,2,5,0.6
lKn,4,3,7,0.57
lKs,2,1,3,0.67
lLB,13,20,33,0.39
lLD,0,2,2,0.0
lLH,1,0,1,1.0
lLK,3,0,3,1.0
lLL,6,8,14,0.43
lLM,12,16,28,0.43
lLN,21,11,32,0.66
lLP,20,25,45,0.44
lLS,19,16,35,0.54
lLb,13,12,25,0.52
lLh,9,8,17,0.53
lLj,9,3,12,0.75
lLl,7,9,16,0.44
lLm,12,18,30,0.4
lLn,24,31,55,0.44
lLs,14,9,23,0.61
lLt,5,1,6,0.83
lMB,31,38,69,0.45
lMD,9,8,17,0.53
lMI,0,0,0,
lMK,1,0,1,1.0
lML,11,14,25,0.44
lMM,31,46,77,0.4
lMN,39,40,79,0.49
lMP,47,64,111,0.42
lMS,29,39,68,0.43
lMb,45,22,67,0.67
lMh,32,39,71,0.45
lMj,6,8,14,0.43
lMl,21,7,28,0.75
lMm,50,50,100,0.5
lMn,48,46,94,0.51
lMs,40,33,73,0.55
lMt,7,6,13,0.54
lNB,29,29,58,0.5
lND,6,11,17,0.35
lNH,10,7,17,0.59
lNI,1,0,1,1.0
lNK,6,2,8,0.75
lNL,15,23,38,0.39
lNM,44,45,89,0.49
lNN,52,62,114,0.46
lNP,61,78,139,0.44
lNS,41,41,82,0.5
lNb,50,40,90,0.56
lNh,6,17,23,0.26
lNl,21,16,37,0.57
lNm,58,38,96,0.6
lNn,59,50,109,0.54
lNs,30,31,61,0.49
lNt,5,9,14,0.36
lPB,40,50,90,0.44
lPD,10,4,14,0.71
lPH,14,17,31,0.45
lPI,6,1,7,0.86
lPK,8,4,12,0.67
lPL,18,26,44,0.41
lPM,48,56,104,0.46
lPN,58,59,117,0.5
lPP,74,64,138,0.54
lPS,26,36,62,0.42
lPb,43,40,83,0.52
lPh,5,1,6,0.83
lPl,16,17,33,0.48
lPm,53,26,79,0.67
lPn,36,39,75,0.48
lPs,37,34,71,0.52
lPt,8,8,16,0.5
lSB,25,10,35,0.71
lSD,3,6,9,0.33
lSH,8,7,15,0.53
lSI,3,1,4,0.75
lSK,0,1,1,0.0
lSL,11,18,29,0.38
lSM,38,34,72,0.53
lSN,32,28,60,0.53
lSP,39,27,66,0.59
lSS,28,36,64,0.44
lSb,20,18,38,0.53
lSh,16,12,28,0.57
lSl,13,14,27,0.48
lSm,35,30,65,0.54
lSn,40,27,67,0.6
lSs,29,40,69,0.42
lSt,4,5,9,0.44
lbB,46,33,79,0.58
lbD,3,4,7,0.43
lbH,9,4,13,0.69
lbI,3,4,7,0.43
lbJ,8,7,15,0.53
lbK,6,4,10,0.6
lbL,16,18,34,0.47
lbM,26,39,65,0.4
lbN,49,36,85,0.58
lbP,56,51,107,0.52
lbS,14,21,35,0.4
lbb,47,43,90,0.52
lbl,10,12,22,0.45
lbm,34,26,60,0.57
lbn,38,31,69,0.55
lbs,16,19,35,0.46
lhB,0,1,1,0.0
lhI,0,1,1,0.0
lhM,0,1,1,0.0
lhN,1,0,1,1.0
lhS,1,0,1,1.0
lhh,1,0,1,1.0
lhm,1,0,1,1.0
lhn,1,0,1,1.0
lht,1,0,1,1.0
llB,17,10,27,0.63
llD,2,0,2,1.0
llH,6,7,13,0.46
llI,1,1,2,0.5
llJ,10,0,10,1.0
llK,1,2,3,0.33
llL,9,4,13,0.69
llM,14,14,28,0.5
llN,12,13,25,0.48
llP,11,18,29,0.38
llS,12,7,19,0.63
llb,13,19,32,0.41
lll,6,5,11,0.55
llm,13,9,22,0.59
lln,12,7,19,0.63
lls,6,9,15,0.4
lmB,41,46,87,0.47
lmD,6,8,14,0.43
lmH,25,32,57,0.44
lmI,4,2,6,0.67
lmJ,3,9,12,0.25
lmK,0,3,3,0.0
lmL,23,14,37,0.62
lmM,37,44,81,0.46
lmN,43,46,89,0.48
lmP,52,43,95,0.55
lmS,23,31,54,0.43
lmb,45,25,70,0.64
lml,14,10,24,0.58
lmm,40,41,81,0.49
lmn,37,27,64,0.58
lms,18,15,33,0.55
lnB,28,37,65,0.43
lnD,6,4,10,0.6
lnH,17,20,37,0.46
lnI,5,9,14,0.36
lnK,3,3,6,0.5
lnL,12,16,28,0.43
lnM,37,42,79,0.47
lnN,52,43,95,0.55
lnP,63,64,127,0.5
lnS,23,38,61,0.38
lnb,37,16,53,0.7
lnh,0,2,2,0.0
lnl,21,12,33,0.64
lnm,31,32,63,0.49
lnn,28,30,58,0.48
lns,20,13,33,0.61
lnt,1,0,1,1.0
lsB,12,16,28,0.43
lsD,9,5,14,0.64
lsH,24,23,47,0.51
lsI,1,1,2,0.5
lsK,0,2,2,0.0
lsL,10,15,25,0.4
lsM,23,35,58,0.4
lsN,25,22,47,0.53
lsP,27,28,55,0.49
lsS,29,18,47,0.62
lsb,14,24,38,0.37
lsh,2,4,6,0.33
lsl,8,9,17,0.47
lsm,38,21,59,0.64
lsn,21,15,36,0.58
lss,18,14,32,0.56
mBB,109,99,208,0.52
mBD,33,25,58,0.57
mBH,2,0,2,1.0
mBI,1,0,1,1.0
mBK,7,20,27,0.26
mBL,29,43,72,0.4
mBM,112,121,233,0.48
mBN,157,161,318,0.49
mBP,151,135,286,0.53
mBS,81,85,166,0.49
mBb,108,87,195,0.55
mBh,17,22,39,0.44
mBj,33,27,60,0.55
mBl,32,34,66,0.48
mBm,134,141,275,0.49
mBn,157,156,313,0.5
mBs,68,70,138,0.49
mBt,26,17,43,0.6
mDB,28,35,63,0.44
mDD,17,15,32,0.53
mDH,23,35,58,0.4
mDI,3,4,7,0.43
mDK,1,0,1,1.0
mDL,9,8,17,0.53
mDM,48,52,100,0.48
mDN,39,37,76,0.51
mDP,32,35,67,0.48
mDS,36,39,75,0.48
mDb,23,30,53,0.43
mDh,3,2,5,0.6
mDl,9,14,23,0.39
mDm,62,40,102,0.61
mDn,27,25,52,0.52
mDs,24,13,37,0.65
mDt,6,4,10,0.6
mHB,97,93,190,0.51
mHD,26,13,39,0.67
mHH,12,22,34,0.35
mHI,12,13,25,0.48
mHK,9,5,14,0.64
mHL,22,31,53,0.42
mHM,110,117,227,0.48
mHN,99,108,207,0.48
mHP,120,133,253,0.47
mHS,81,52,133,0.61
mHb,74,89,163,0.45
mHh,48,48,96,0.5
mHl,44,33,77,0.57
mHm,135,125,260,0.52
mHn,119,87,206,0.58
mHs,86,73,159,0.54
mHt,12,4,16,0.75
mIB,7,6,13,0.54
mID,7,4,11,0.64
mIH,8,7,15,0.53
mII,2,0,2,1.0
mIK,1,1,2,0.5
mIL,5,3,8,0.62
mIM,8,13,21,0.38
mIN,19,15,34,0.56
mIP,13,16,29,0.45
mIS,9,7,16,0.56
mIb,13,14,27,0.48
mIh,0,1,1,0.0
mIl,3,1,4,0.75
mIm,7,7,14,0.5
mIn,7,13,20,0.35
mIs,6,7,13,0.46
mJB,20,12,32,0.62
mJD,3,1,4,0.75
mJH,13,11,24,0.54
mJI,3,5,8,0.38
mJK,3,2,5,0.6
mJL,13,15,28,0.46
mJM,20,25,45,0.44
mJN,24,28,52,0.46
mJP,40,37,77,0.52
mJS,18,18,36,0.5
mJb,32,26,58,0.55
mJh,0,1,1,0.0
mJl,9,11,20,0.45
mJm,36,35,71,0.51
mJn,22,28,50,0.44
mJs,18,15,33,0.55
mJt,5,4,9,0.56
mKB,1,2,3,0.33
mKD,1,1,2,0.5
mKH,0,0,0,
mKI,2,3,5,0.4
mKL,0,2,2,0.0
mKM,4,4,8,0.5
mKN,2,1,3,0.67
mKP,4,2,6,0.67
mKS,2,6,8,0.25
mKb,3,3,6,0.5
mKh,1,6,7,0.14
mKl,4,2,6,0.67
mKm,3,5,8,0.38
mKn,3,2,5,0.6
mKs,1,1,2,0.5
mKt,1,0,1,1.0
mLB,33,32,65,0.51
mLD,7,7,14,0.5
mLH,1,1,2,0.5
mLI,1,0,1,1.0
mLK,3,5,8,0.38
mLL,14,16,30,0.47
mLM,47,56,103,0.46
mLN,48,35,83,0.58
mLP,47,56,103,0.46
mLS,25,40,65,0.38
mLb,31,35,66,0.47
mLh,22,22,44,0.5
mLj,11,8,19,0.58
mLl,11,12,23,0.48
mLm,60,39,99,0.61
mLn,64,62,126,0.51
mLs,32,31,63,0.51
mLt,8,4,12,0.67
mMB,121,118,239,0.51
mMD,43,29,72,0.6
mMH,2,1,3,0.67
mMI,2,2,4,0.5
mMK,4,4,8,0.5
mML,23,39,62,0.37
mMM,145,163,308,0.47
mMN,145,160,305,0.48
mMP,143,171,314,0.46
mMS,99,128,227,0.44
mMb,130,106,236,0.55
mMh,127,113,240,0.53
mMj,15,18,33,0.45
mMl,36,41,77,0.47
mMm,213,158,371,0.57
mMn,206,224,430,0.48
mMs,123,88,211,0.58
mMt,20,28,48,0.42
mNB,115,111,226,0.51
mND,31,26,57,0.54
mNH,29,28,57,0.51
mNI,5,3,8,0.62
mNK,19,16,35,0.54
mNL,44,38,82,0.54
mNM,134,183,317,0.42
mNN,189,198,387,0.49
mNP,194,228,422,0.46
mNS,142,145,287,0.49
mNb,110,118,228,0.48
mNh,52,36,88,0.59
mNl,45,48,93,0.48
mNm,171,132,303,0.56
mNn,222,229,451,0.49
mNs,129,113,242,0.53
mNt,30,32,62,0.48
mPB,131,137,268,0.49
mPD,24,21,45,0.53
mPH,32,36,68,0.47
mPI,15,13,28,0.54
mPK,17,20,37,0.46
mPL,63,52,115,0.55
mPM,119,182,301,0.4
mPN,168,183,351,0.48
mPP,216,209,425,0.51
mPS,109,125,234,0.47
mPb,129,138,267,0.48
mPh,22,18,40,0.55
mPl,51,45,96,0.53
mPm,179,151,330,0.54
mPn,167,152,319,0.52
mPs,103,94,197,0.52
mPt,13,17,30,0.43
mSB,75,82,157,0.48
mSD,38,21,59,0.64
mSH,40,50,90,0.44
mSI,7,3,10,0.7
mSK,3,0,3,1.0
mSL,31,19,50,0.62
mSM,100,127,227,0.44
mSN,95,109,204,0.47
mSP,105,94,199,0.53
mSS,108,140,248,0.44
mSb,83,78,161,0.52
mSh,43,71,114,0.38
mSl,38,19,57,0.67
mSm,132,106,238,0.55
mSn,108,92,200,0.54
mSs,103,105,208,0.5
mSt,18,20,38,0.47
mbB,120,137,257,0.47
mbD,23,19,42,0.55
mbH,28,25,53,0.53
mbI,18,14,32,0.56
mbJ,50,40,90,0.56
mbK,17,16,33,0.52
mbL,36,38,74,0.49
mbM,133,136,269,0.49
mbN,163,156,319,0.51
mbP,150,147,297,0.51
mbS,54,66,120,0.45
mbb,154,117,271,0.57
mbl,31,27,58,0.53
mbm,108,95,203,0.53
mbn,135,130,265,0.51
mbs,53,47,100,0.53
mbt,0,1,1,0.0
mhB,2,2,4,0.5
mhI,2,1,3,0.67
mhM,0,1,1,0.0
mhN,0,2,2,0.0
mhP,0,3,3,0.0
mhS,0,3,3,0.0
mhb,4,0,4,1.0
mhh,0,1,1,0.0
mhl,1,1,2,0.5
mhm,2,2,4,0.5
mhn,3,0,3,1.0
mhs,0,1,1,0.0
mlB,35,37,72,0.49
mlD,7,4,11,0.64
mlH,18,26,44,0.41
mlI,0,7,7,0.0
mlJ,14,10,24,0.58
mlK,2,0,2,1.0
mlL,15,14,29,0.52
mlM,43,47,90,0.48
mlN,43,43,86,0.5
mlP,37,30,67,0.55
mlS,32,27,59,0.54
mlb,33,33,66,0.5
mlh,1,1,2,0.5
mll,8,10,18,0.44
mlm,28,33,61,0.46
mln,25,31,56,0.45
mls,14,11,25,0.56
mmB,143,124,267,0.54
mmD,56,33,89,0.63
mmH,102,107,209,0.49
mmI,10,10,20,0.5
mmJ,26,29,55,0.47
mmK,6,4,10,0.6
mmL,36,49,85,0.42
mmM,145,167,312,0.46
mmN,184,157,341,0.54
mmP,176,143,319,0.55
mmS,103,96,199,0.52
mmb,139,120,259,0.54
mmh,1,2,3,0.33
mml,29,30,59,0.49
mmm,186,129,315,0.59
mmn,148,121,269,0.55
mms,85,62,147,0.58
mmt,1,0,1,1.0
mnB,94,106,200,0.47
mnD,28,23,51,0.55
mnH,77,65,142,0.54
mnI,21,14,35,0.6
mnK,8,8,16,0.5
mnL,33,28,61,0.54
mnM,112,144,256,0.44
mnN,155,162,317,0.49
mnP,178,175,353,0.5
mnS,89,92,181,0.49
mnb,125,89,214,0.58
mnh,4,5,9,0.44
mnl,25,28,53,0.47
mnm,141,106,247,0.57
mnn,149,121,270,0.55
mns,87,73,160,0.54
mnt,2,2,4,0.5
msB,58,61,119,0.49
msD,24,21,45,0.53
msH,70,69,139,0.5
msI,14,6,20,0.7
msK,2,5,7,0.29
msL,20,15,35,0.57
msM,67,84,151,0.44
msN,71,96,167,0.43
msP,70,90,160,0.44
msS,80,83,163,0.49
msb,58,68,126,0.46
msh,3,8,11,0.27
msl,16,13,29,0.55
msm,86,83,169,0.51
msn,70,65,135,0.52
mss,59,59,118,0.5
mst,3,1,4,0.75
mtB,0,1,1,0.0
mtD,0,1,1,0.0
mtM,1,0,1,1.0
mtN,1,0,1,1.0
mtS,1,1,2,0.5
mtt,1,0,1,1.0
n,0,1,1,0.0
nBB,95,107,202,0.47
nBD,24,24,48,0.5
nBH,1,0,1,1.0
nBK,12,12,24,0.5
nBL,28,43,71,0.39
nBM,84,104,188,0.45
nBN,117,137,254,0.46
nBP,129,114,243,0.53
nBS,62,67,129,0.48
nBb,88,84,172,0.51
nBh,7,12,19,0.37
nBj,26,25,51,0.51
nBl,41,44,85,0.48
nBm,126,101,227,0.56
nBn,142,137,279,0.51
nBs,64,55,119,0.54
nBt,26,9,35,0.74
nDB,15,20,35,0.43
nDD,11,14,25,0.44
nDH,21,18,39,0.54
nDI,2,0,2,1.0
nDL,10,6,16,0.62
nDM,33,30,63,0.52
nDN,21,21,42,0.5
nDP,28,28,56,0.5
nDS,31,31,62,0.5
nDb,30,25,55,0.55
nDh,1,0,1,1.0
nDl,1,6,7,0.14
nDm,29,21,50,0.58
nDn,24,26,50,0.48
nDs,18,19,37,0.49
nDt,2,4,6,0.33
nHB,47,53,100,0.47
nHD,13,20,33,0.39
nHH,12,13,25,0.48
nHI,8,12,20,0.4
nHK,7,6,13,0.54
nHL,23,19,42,0.55
nHM,47,66,113,0.42
nHN,92,83,175,0.53
nHP,103,100,203,0.51
nHS,51,55,106,0.48
nHb,63,44,107,0.59
nHh,36,31,67,0.54
nHl,30,19,49,0.61
nHm,96,83,179,0.54
nHn,77,64,141,0.55
nHs,68,54,122,0.56
nHt,4,4,8,0.5
nIB,17,17,34,0.5
nID,10,5,15,0.67
nIH,22,14,36,0.61
nII,5,5,10,0.5
nIK,0,1,1,0.0
nIL,4,8,12,0.33
nIM,19,25,44,0.43
nIN,20,23,43,0.47
nIP,32,20,52,0.62
nIS,18,21,39,0.46
nIb,19,20,39,0.49
nIh,0,2,2,0.0
nIl,8,3,11,0.73
nIm,29,23,52,0.56
nIn,29,24,53,0.55
nIs,19,16,35,0.54
nIt,4,2,6,0.67
nKB,5,10,15,0.33
nKD,3,5,8,0.38
nKH,3,1,4,0.75
nKI,2,2,4,0.5
nKL,3,0,3,1.0
nKM,9,22,31,0.29
nKN,13,11,24,0.54
nKP,15,17,32,0.47
nKS,5,6,11,0.45
nKb,9,9,18,0.5
nKh,11,15,26,0.42
nKl,2,5,7,0.29
nKm,11,10,21,0.52
nKn,15,10,25,0.6
nKs,15,14,29,0.52
nKt,1,1,2,0.5
nLB,26,35,61,0.43
nLD,3,9,12,0.25
nLH,2,1,3,0.67
nLK,5,5,10,0.5
nLL,24,13,37,0.65
nLM,35,36,71,0.49
nLN,51,47,98,0.52
nLP,52,64,116,0.45
nLS,29,23,52,0.56
nLb,26,32,58,0.45
nLh,14,24,38,0.37
nLj,8,8,16,0.5
nLl,20,15,35,0.57
nLm,47,32,79,0.59
nLn,52,55,107,0.49
nLs,23,21,44,0.52
nLt,6,4,10,0.6
nMB,104,140,244,0.43
nMD,34,26,60,0.57
nMH,1,0,1,1.0
nMI,1,0,1,1.0
nMK,4,0,4,1.0
nML,29,35,64,0.45
nMM,92,122,214,0.43
nMN,145,131,276,0.53
nMP,153,152,305,0.5
nMS,73,92,165,0.44
nMb,89,94,183,0.49
nMh,104,102,206,0.5
nMj,22,25,47,0.47
nMl,37,30,67,0.55
nMm,162,129,291,0.56
nMn,187,192,379,0.49
nMs,98,102,200,0.49
nMt,24,19,43,0.56
nNB,121,129,250,0.48
nND,31,37,68,0.46
nNH,27,34,61,0.44
nNI,1,2,3,0.33
nNK,10,14,24,0.42
nNL,52,59,111,0.47
nNM,156,206,362,0.43
nNN,224,225,449,0.5
nNP,251,253,504,0.5
nNS,147,139,286,0.51
nNb,128,108,236,0.54
nNh,59,52,111,0.53
nNl,41,44,85,0.48
nNm,201,156,357,0.56
nNn,259,266,525,0.49
nNs,139,137,276,0.5
nNt,25,40,65,0.38
nPB,157,168,325,0.48
nPD,30,36,66,0.45
nPH,57,60,117,0.49
nPI,32,22,54,0.59
nPK,14,21,35,0.4
nPL,78,73,151,0.52
nPM,162,189,351,0.46
nPN,219,203,422,0.52
nPP,275,248,523,0.53
nPS,149,149,298,0.5
nPb,176,152,328,0.54
nPh,22,25,47,0.47
nPl,69,74,143,0.48
nPm,225,174,399,0.56
nPn,211,196,407,0.52
nPs,143,139,282,0.51
nPt,16,28,44,0.36
nSB,83,63,146,0.57
nSD,25,26,51,0.49
nSH,35,26,61,0.57
nSI,9,3,12,0.75
nSK,5,3,8,0.62
nSL,23,30,53,0.43
nSM,96,115,211,0.45
nSN,119,111,230,0.52
nSP,123,126,249,0.49
nSS,132,144,276,0.48
nSb,87,57,144,0.6
nSh,55,54,109,0.5
nSl,36,31,67,0.54
nSm,131,102,233,0.56
nSn,125,125,250,0.5
nSs,108,102,210,0.51
nSt,26,13,39,0.67
nbB,124,109,233,0.53
nbD,15,11,26,0.58
nbH,23,17,40,0.57
nbI,10,13,23,0.43
nbJ,31,27,58,0.53
nbK,21,21,42,0.5
nbL,44,38,82,0.54
nbM,106,139,245,0.43
nbN,140,155,295,0.47
nbP,123,133,256,0.48
nbS,77,65,142,0.54
nbb,113,98,211,0.54
nbh,0,1,1,0.0
nbl,30,24,54,0.56
nbm,106,79,185,0.57
nbn,130,118,248,0.52
nbs,53,45,98,0.54
nhB,4,4,8,0.5
nhD,1,1,2,0.5
nhH,2,0,2,1.0
nhI,2,0,2,1.0
nhL,3,1,4,0.75
nhM,4,8,12,0.33
nhN,6,5,11,0.55
nhP,5,6,11,0.45
nhS,13,3,16,0.81
nhb,4,8,12,0.33
nhh,7,6,13,0.54
nhl,2,4,6,0.33
nhm,3,10,13,0.23
nhn,4,10,14,0.29
nhs,8,5,13,0.62
nht,1,0,1,1.0
nl,1,0,1,1.0
nlB,24,31,55,0.44
nlD,10,7,17,0.59
nlH,22,21,43,0.51
nlI,5,5,10,0.5
nlJ,11,11,22,0.5
nlK,2,2,4,0.5
nlL,12,23,35,0.34
nlM,38,41,79,0.48
nlN,53,57,110,0.48
nlP,54,40,94,0.57
nlS,16,21,37,0.43
nlb,37,34,71,0.52
nlh,0,1,1,0.0
nll,7,12,19,0.37
nlm,45,29,74,0.61
nln,40,31,71,0.56
nls,21,20,41,0.51
nmB,121,101,222,0.55
nmD,28,38,66,0.42
nmH,81,110,191,0.42
nmI,15,7,22,0.68
nmJ,27,30,57,0.47
nmK,3,1,4,0.75
nmL,31,45,76,0.41
nmM,160,140,300,0.53
nmN,173,161,334,0.52
nmP,173,142,315,0.55
nmS,112,106,218,0.51
nmb,117,127,244,0.48
nmh,0,2,2,0.0
nml,40,27,67,0.6
nmm,118,117,235,0.5
nmn,125,119,244,0.51
nms,67,65,132,0.51
nmt,0,0,0,
nnB,125,109,234,0.53
nnD,28,25,53,0.53
nnH,77,88,165,0.47
nnI,29,26,55,0.53
nnK,11,12,23,0.48
nnL,49,30,79,0.62
nnM,145,172,317,0.46
nnN,209,196,405,0.52
nnP,220,200,420,0.52
nnS,134,103,237,0.57
nnb,122,109,231,0.53
nnh,7,7,14,0.5
nnl,34,39,73,0.47
nnm,152,111,263,0.58
nnn,176,182,358,0.49
nns,111,104,215,0.52
nnt,2,2,4,0.5
nsB,64,65,129,0.5
nsD,18,14,32,0.56
nsH,70,89,159,0.44
nsI,18,17,35,0.51
nsK,1,0,1,1.0
nsL,30,29,59,0.51
nsM,80,103,183,0.44
nsN,111,108,219,0.51
nsP,117,88,205,0.57
nsS,102,111,213,0.48
nsb,65,74,139,0.47
nsh,5,7,12,0.42
nsl,39,31,70,0.56
nsm,104,68,172,0.6
nsn,96,93,189,0.51
nss,85,81,166,0.51
nst,3,0,3,1.0
ntB,2,2,4,0.5
ntH,1,0,1,1.0
ntM,1,2,3,0.33
ntN,1,1,2,0.5
ntP,1,0,1,1.0
ntS,0,1,1,0.0
ntb,0,1,1,0.0
nth,1,0,1,1.0
ntm,2,1,3,0.67
ntn,2,1,3,0.67
ntt,0,1,1,0.0
sBB,50,51,101,0.5
sBD,12,18,30,0.4
sBK,7,4,11,0.64
sBL,20,18,38,0.53
sBM,51,69,120,0.42
sBN,70,63,133,0.53
sBP,79,76,155,0.51
sBS,33,42,75,0.44
sBb,46,42,88,0.52
sBh,7,10,17,0.41
sBj,17,15,32,0.53
sBl,15,25,40,0.38
sBm,82,73,155,0.53
sBn,78,82,160,0.49
sBs,34,41,75,0.45
sBt,15,6,21,0.71
sDB,8,18,26,0.31
sDD,12,10,22,0.55
sDH,17,25,42,0.4
sDI,2,2,4,0.5
sDL,3,7,10,0.3
sDM,21,20,41,0.51
sDN,21,18,39,0.54
sDP,22,24,46,0.48
sDS,19,24,43,0.44
sDb,22,13,35,0.63
sDh,2,1,3,0.67
sDl,6,6,12,0.5
sDm,27,20,47,0.57
sDn,17,18,35,0.49
sDs,23,13,36,0.64
sDt,6,1,7,0.86
sHB,48,61,109,0.44
sHD,11,20,31,0.35
sHH,22,13,35,0.63
sHI,14,11,25,0.56
sHK,6,6,12,0.5
sHL,22,18,40,0.55
sHM,67,66,133,0.5
sHN,78,80,158,0.49
sHP,106,86,192,0.55
sHS,84,90,174,0.48
sHb,53,51,104,0.51
sHh,48,47,95,0.51
sHl,27,29,56,0.48
sHm,99,62,161,0.61
sHn,77,82,159,0.48
sHs,81,77,158,0.51
sHt,9,7,16,0.56
sIB,7,9,16,0.44
sID,6,2,8,0.75
sIH,14,10,24,0.58
sII,4,3,7,0.57
sIK,0,0,0,
sIL,6,5,11,0.55
sIM,16,12,28,0.57
sIN,20,12,32,0.62
sIP,11,14,25,0.44
sIS,18,20,38,0.47
sIb,10,8,18,0.56
sIh,0,1,1,0.0
sIl,5,2,7,0.71
sIm,20,13,33,0.61
sIn,11,14,25,0.44
sIs,11,16,27,0.41
sIt,1,0,1,1.0
sKB,3,0,3,1.0
sKI,0,0,0,
sKL,1,0,1,1.0
sKM,1,3,4,0.25
sKN,1,0,1,1.0
sKP,1,0,1,1.0
sKS,0,2,2,0.0
sKb,1,3,4,0.25
sKh,3,0,3,1.0
sKl,1,0,1,1.0
sKm,3,3,6,0.5
sKn,2,2,4,0.5
sKs,0,4,4,0.0
sLB,25,22,47,0.53
sLD,4,4,8,0.5
sLH,1,0,1,1.0
sLI,0,1,1,0.0
sLK,4,1,5,0.8
sLL,6,18,24,0.25
sLM,19,29,48,0.4
sLN,22,18,40,0.55
sLP,25,34,59,0.42
sLS,21,37,58,0.36
sLb,18,15,33,0.55
sLh,11,11,22,0.5
sLj,10,4,14,0.71
sLl,8,16,24,0.33
sLm,38,22,60,0.63
sLn,34,33,67,0.51
sLs,25,25,50,0.5
sLt,5,2,7,0.71
sMB,79,74,153,0.52
sMD,23,19,42,0.55
sMH,0,1,1,0.0
sMI,1,0,1,1.0
sMK,1,1,2,0.5
sML,22,25,47,0.47
sMM,70,81,151,0.46
sMN,102,82,184,0.55
sMP,98,100,198,0.49
sMS,61,71,132,0.46
sMb,72,79,151,0.48
sMh,42,81,123,0.34
sMj,18,17,35,0.51
sMl,23,22,45,0.51
sMm,110,107,217,0.51
sMn,105,99,204,0.51
sMs,61,67,128,0.48
sMt,14,10,24,0.58
sNB,84,69,153,0.55
sND,24,13,37,0.65
sNH,14,21,35,0.4
sNI,2,1,3,0.67
sNK,5,11,16,0.31
sNL,24,39,63,0.38
sNM,71,82,153,0.46
sNN,105,118,223,0.47
sNP,138,120,258,0.53
sNS,67,81,148,0.45
sNb,60,59,119,0.5
sNh,28,25,53,0.53
sNl,22,26,48,0.46
sNm,96,75,171,0.56
sNn,133,105,238,0.56
sNs,84,81,165,0.51
sNt,14,23,37,0.38
sPB,92,73,165,0.56
sPD,18,14,32,0.56
sPH,28,36,64,0.44
sPI,14,12,26,0.54
sPK,16,10,26,0.62
sPL,29,52,81,0.36
sPM,75,100,175,0.43
sPN,92,120,212,0.43
sPP,149,139,288,0.52
sPS,77,75,152,0.51
sPb,86,74,160,0.54
sPh,11,17,28,0.39
sPl,41,31,72,0.57
sPm,132,90,222,0.59
sPn,96,117,213,0.45
sPs,98,89,187,0.52
sPt,9,10,19,0.47
sSB,63,65,128,0.49
sSD,21,32,53,0.4
sSH,33,38,71,0.46
sSI,12,4,16,0.75
sSK,3,1,4,0.75
sSL,33,36,69,0.48
sSM,94,98,192,0.49
sSN,92,95,187,0.49
sSP,107,118,225,0.48
sSS,157,154,311,0.5
sSb,62,46,108,0.57
sSh,66,70,136,0.49
sSl,34,29,63,0.54
sSm,126,107,233,0.54
sSn,96,98,194,0.49
sSs,145,123,268,0.54
sSt,19,21,40,0.48
sbB,62,66,128,0.48
sbD,8,8,16,0.5
sbH,16,14,30,0.53
sbI,7,7,14,0.5
sbJ,19,20,39,0.49
sbK,6,11,17,0.35
sbL,21,20,41,0.51
sbM,64,68,132,0.48
sbN,84,75,159,0.53
sbP,83,81,164,0.51
sbS,30,45,75,0.4
sbb,78,59,137,0.57
sbh,1,0,1,1.0
sbl,21,11,32,0.66
sbm,69,46,115,0.6
sbn,81,56,137,0.59
sbs,45,32,77,0.58
shB,6,5,11,0.55
shD,2,0,2,1.0
shH,2,3,5,0.4
shI,1,0,1,1.0
shK,1,0,1,1.0
shL,2,2,4,0.5
shM,4,8,12,0.33
shN,5,12,17,0.29
shP,2,6,8,0.25
shS,4,9,13,0.31
shb,3,4,7,0.43
shh,8,5,13,0.62
shl,4,2,6,0.67
shm,18,10,28,0.64
shn,1,4,5,0.2
shs,6,3,9,0.67
sht,2,1,3,0.67
slB,20,26,46,0.43
slD,3,0,3,1.0
slH,9,20,29,0.31
slI,6,0,6,1.0
slJ,15,3,18,0.83
slK,1,2,3,0.33
slL,8,17,25,0.32
slM,20,37,57,0.35
slN,30,36,66,0.45
slP,27,31,58,0.47
slS,22,18,40,0.55
slb,23,23,46,0.5
sll,9,11,20,0.45
slm,35,13,48,0.73
sln,22,18,40,0.55
sls,17,18,35,0.49
smB,93,72,165,0.56
smD,28,26,54,0.52
smH,63,79,142,0.44
smI,8,9,17,0.47
smJ,13,23,36,0.36
smK,1,3,4,0.25
smL,30,39,69,0.43
smM,82,115,197,0.42
smN,89,122,211,0.42
smP,97,95,192,0.51
smS,71,74,145,0.49
smb,84,55,139,0.6
smh,0,2,2,0.0
sml,17,19,36,0.47
smm,115,82,197,0.58
smn,79,79,158,0.5
sms,50,46,96,0.52
snB,51,52,103,0.5
snD,17,11,28,0.61
snH,30,43,73,0.41
snI,16,11,27,0.59
snK,5,8,13,0.38
snL,20,27,47,0.43
snM,69,94,163,0.42
snN,120,107,227,0.53
snP,104,112,216,0.48
snS,66,69,135,0.49
snb,57,46,103,0.55
snh,3,1,4,0.75
snl,28,20,48,0.58
snm,75,79,154,0.49
snn,83,75,158,0.53
sns,65,45,110,0.59
snt,1,2,3,0.33
ssB,55,58,113,0.49
ssD,29,22,51,0.57
ssH,54,75,129,0.42
ssI,17,14,31,0.55
ssK,1,0,1,1.0
ssL,26,16,42,0.62
ssM,71,69,140,0.51
ssN,77,70,147,0.52
ssP,84,78,162,0.52
ssS,116,104,220,0.53
ssb,59,53,112,0.53
ssh,6,6,12,0.5
ssl,25,21,46,0.54
ssm,86,54,140,0.61
ssn,69,61,130,0.53
sss,88,76,164,0.54
sst,1,4,5,0.2
stB,2,2,4,0.5
stD,1,1,2,0.5
stH,1,1,2,0.5
stK,0,1,1,0.0
stL,1,0,1,1.0
stM,2,2,4,0.5
stN,1,1,2,0.5
stP,2,2,4,0.5
stS,4,2,6,0.67
stb,1,1,2,0.5
stl,1,0,1,1.0
stm,4,0,4,1.0
stn,3,1,4,0.75
sts,0,2,2,0.0
stt,0,1,1,0.0
tBB,13,10,23,0.57
tBD,1,0,1,1.0
tBK,1,0,1,1.0
tBL,0,3,3,0.0
tBM,14,11,25,0.56
tBN,6,7,13,0.46
tBP,15,5,20,0.75
tBS,5,2,7,0.71
tBb,9,11,20,0.45
tBh,3,3,6,0.5
tBj,3,2,5,0.6
tBl,7,4,11,0.64
tBm,14,12,26,0.54
tBn,17,8,25,0.68
tBs,5,2,7,0.71
tBt,2,3,5,0.4
tDB,3,2,5,0.6
tDD,1,0,1,1.0
tDH,1,5,6,0.17
tDL,4,2,6,0.67
tDM,1,2,3,0.33
tDN,1,1,2,0.5
tDP,2,6,8,0.25
tDS,4,3,7,0.57
tDb,3,1,4,0.75
tDh,0,1,1,0.0
tDl,0,0,0,
tDm,3,3,6,0.5
tDn,3,2,5,0.6
tDs,3,2,5,0.6
tDt,0,1,1,0.0
tHB,4,4,8,0.5
tHD,5,4,9,0.56
tHH,1,1,2,0.5
tHI,3,3,6,0.5
tHL,1,2,3,0.33
tHM,9,9,18,0.5
tHN,4,8,12,0.33
tHP,11,7,18,0.61
tHS,6,5,11,0.55
tHb,4,2,6,0.67
tHh,3,4,7,0.43
tHl,4,4,8,0.5
tHm,11,8,19,0.58
tHn,6,8,14,0.43
tHs,3,5,8,0.38
tIB,0,0,0,
tIM,0,1,1,0.0
tIN,1,0,1,1.0
tIP,1,0,1,1.0
tIS,1,1,2,0.5
tIb,1,1,2,0.5
tIl,0,1,1,0.0
tIm,2,0,2,1.0
tIn,1,0,1,1.0
tIt,1,0,1,1.0
tKB,1,0,1,1.0
tKD,0,0,0,
tKH,0,1,1,0.0
tKL,0,2,2,0.0
tKM,2,2,4,0.5
tKN,1,0,1,1.0
tKP,3,1,4,0.75
tKS,2,3,5,0.4
tKh,2,0,2,1.0
tKl,1,1,2,0.5
tKm,0,3,3,0.0
tKn,0,1,1,0.0
tKs,2,0,2,1.0
tLB,5,2,7,0.71
tLK,0,0,0,
tLL,1,1,2,0.5
tLM,3,6,9,0.33
tLN,1,4,5,0.2
tLP,4,4,8,0.5
tLS,2,2,4,0.5
tLb,4,2,6,0.67
tLh,3,4,7,0.43
tLl,4,4,8,0.5
tLm,4,1,5,0.8
tLn,5,4,9,0.56
tLs,0,3,3,0.0
tLt,1,0,1,1.0
tMB,5,11,16,0.31
tMD,3,1,4,0.75
tMH,0,1,1,0.0
tML,5,4,9,0.56
tMM,16,9,25,0.64
tMN,11,9,20,0.55
tMP,10,13,23,0.43
tMS,12,7,19,0.63
tMb,15,3,18,0.83
tMh,13,10,23,0.57
tMj,1,2,3,0.33
tMl,6,7,13,0.46
tMm,19,17,36,0.53
tMn,9,5,14,0.64
tMs,10,10,20,0.5
tMt,1,2,3,0.33
tNB,10,13,23,0.43
tND,1,3,4,0.25
tNH,1,1,2,0.5
tNI,1,1,2,0.5
tNK,0,2,2,0.0
tNL,4,1,5,0.8
tNM,11,14,25,0.44
tNN,9,18,27,0.33
tNP,13,18,31,0.42
tNS,6,9,15,0.4
tNb,4,9,13,0.31
tNh,2,2,4,0.5
tNl,3,3,6,0.5
tNm,12,11,23,0.52
tNn,29,16,45,0.64
tNs,7,11,18,0.39
tNt,1,1,2,0.5
tPB,8,11,19,0.42
tPD,2,5,7,0.29
tPH,11,4,15,0.73
tPI,2,2,4,0.5
tPK,2,2,4,0.5
tPL,4,7,11,0.36
tPM,7,23,30,0.23
tPN,14,21,35,0.4
tPP,32,21,53,0.6
tPS,11,7,18,0.61
tPb,21,14,35,0.6
tPh,3,3,6,0.5
tPl,10,7,17,0.59
tPm,27,27,54,0.5
tPn,10,13,23,0.43
tPs,13,7,20,0.65
tPt,3,0,3,1.0
tSB,5,8,13,0.38
tSD,5,0,5,1.0
tSH,4,5,9,0.44
tSI,0,1,1,0.0
tSL,1,3,4,0.25
tSM,14,6,20,0.7
tSN,10,9,19,0.53
tSP,6,7,13,0.46
tSS,21,18,39,0.54
tSb,9,6,15,0.6
tSh,4,4,8,0.5
tSl,4,1,5,0.8
tSm,6,11,17,0.35
tSn,11,11,22,0.5
tSs,10,9,19,0.53
tSt,3,1,4,0.75
tbB,13,7,20,0.65
tbD,2,3,5,0.4
tbH,5,4,9,0.56
tbI,2,2,4,0.5
tbJ,4,4,8,0.5
tbK,0,2,2,0.0
tbL,4,4,8,0.5
tbM,10,8,18,0.56
tbN,12,5,17,0.71
tbP,6,8,14,0.43
tbS,7,6,13,0.54
tbb,10,7,17,0.59
tbl,5,1,6,0.83
tbm,9,11,20,0.45
tbn,5,10,15,0.33
tbs,6,7,13,0.46
thM,1,2,3,0.33
thN,0,1,1,0.0
thP,1,2,3,0.33
thm,0,0,0,
ths,0,2,2,0.0
tlB,0,3,3,0.0
tlH,4,1,5,0.8
tlI,1,0,1,1.0
tlJ,0,0,0,
tlK,0,1,1,0.0
tlL,2,2,4,0.5
tlM,4,2,6,0.67
tlN,5,5,10,0.5
tlP,4,4,8,0.5
tlS,6,4,10,0.6
tlb,3,2,5,0.6
tll,1,1,2,0.5
tlm,6,6,12,0.5
tln,4,2,6,0.67
tls,3,3,6,0.5
tmB,13,6,19,0.68
tmD,2,3,5,0.4
tmH,13,13,26,0.5
tmI,0,2,2,0.0
tmJ,3,2,5,0.6
tmK,0,2,2,0.0
tmL,5,6,11,0.45
tmM,12,23,35,0.34
tmN,16,14,30,0.53
tmP,14,18,32,0.44
tmS,7,17,24,0.29
tmb,12,12,24,0.5
tmh,0,0,0,
tml,3,4,7,0.43
tmm,17,8,25,0.68
tmn,11,8,19,0.58
tms,8,6,14,0.57
tnB,8,7,15,0.53
tnD,0,3,3,0.0
tnH,1,5,6,0.17
tnI,1,0,1,1.0
tnK,1,2,3,0.33
tnL,7,6,13,0.54
tnM,13,11,24,0.54
tnN,13,10,23,0.57
tnP,12,16,28,0.43
tnS,7,6,13,0.54
tnb,8,7,15,0.53
tnh,1,0,1,1.0
tnl,1,1,2,0.5
tnm,16,14,30,0.53
tnn,17,11,28,0.61
tns,11,13,24,0.46
tsB,4,3,7,0.57
tsD,3,2,5,0.6
tsH,7,9,16,0.44
tsI,2,2,4,0.5
tsL,3,1,4,0.75
tsM,7,15,22,0.32
tsN,12,3,15,0.8
tsP,11,11,22,0.5
tsS,12,16,28,0.43
tsb,8,3,11,0.73
tsh,0,0,0,
tsl,0,1,1,0.0
tsm,6,8,14,0.43
tsn,7,5,12,0.58
tss,11,3,14,0.79
tst,0,1,1,0.0
ttB,0,2,2,0.0
ttD,0,1,1,0.0
ttH,1,0,1,1.0
ttI,1,0,1,1.0
ttL,2,0,2,1.0
ttM,2,2,4,0.5
ttN,2,2,4,0.5
ttP,4,2,6,0.67
ttS,5,0,5,1.0
ttb,2,4,6,0.33
tth,0,1,1,0.0
ttl,0,2,2,0.0
ttm,2,1,3,0.67
ttn,1,3,4,0.25
tts,2,1,3,0.67
ttt,2,0,2,1.0
