candlestick_code3,label_increase,label_decrease,occurrence,percentage
BBB,134,153,287,0.47
BBD,12,9,21,0.57
BBH,1,0,1,1.0
BBK,5,11,16,0.31
BBL,47,32,79,0.59
BBM,83,97,180,0.46
BBN,123,140,263,0.47
BBP,171,173,344,0.5
BBS,46,60,106,0.43
BBb,136,132,268,0.51
BBh,8,11,19,0.42
BBj,43,35,78,0.55
BBl,42,56,98,0.43
BBm,105,98,203,0.52
BBn,152,148,300,0.51
BBs,49,49,98,0.5
BBt,16,18,34,0.47
BDB,6,5,11,0.55
BDD,1,2,3,0.33
BDH,3,8,11,0.27
BDI,1,0,1,1.0
BDL,5,7,12,0.42
BDM,6,8,14,0.43
BDN,7,10,17,0.41
BDP,12,11,23,0.52
BDS,4,8,12,0.33
BDb,5,12,17,0.29
BDh,0,1,1,0.0
BDl,2,0,2,1.0
BDm,6,4,10,0.6
BDn,11,8,19,0.58
BDs,4,10,14,0.29
BDt,2,2,4,0.5
BHB,1,1,2,0.5
BHI,1,0,1,1.0
BHL,0,1,1,0.0
BHM,3,2,5,0.6
BHN,0,1,1,0.0
BHP,1,2,3,0.33
BHS,1,0,1,1.0
BHb,0,1,1,0.0
BHh,1,0,1,1.0
BHm,1,1,2,0.5
BHs,0,1,1,0.0
BIH,0,1,1,0.0
BIM,1,0,1,1.0
BIn,0,0,0,
BKB,10,7,17,0.59
BKH,2,0,2,1.0
BKI,2,0,2,1.0
BKL,1,0,1,1.0
BKM,9,4,13,0.69
BKN,2,5,7,0.29
BKP,9,11,20,0.45
BKS,2,5,7,0.29
BKb,7,11,18,0.39
BKh,4,9,13,0.31
BKl,3,0,3,1.0
BKm,8,10,18,0.44
BKn,10,5,15,0.67
BKs,7,6,13,0.54
BLB,38,41,79,0.48
BLD,2,3,5,0.4
BLH,0,1,1,0.0
BLK,2,3,5,0.4
BLL,12,19,31,0.39
BLM,29,32,61,0.48
BLN,32,42,74,0.43
BLP,54,58,112,0.48
BLS,24,28,52,0.46
BLb,52,48,100,0.52
BLh,20,18,38,0.53
BLj,12,19,31,0.39
BLl,24,16,40,0.6
BLm,48,29,77,0.62
BLn,55,57,112,0.49
BLs,26,22,48,0.54
BLt,5,6,11,0.45
BMB,65,93,158,0.41
BMD,3,4,7,0.43
BMH,0,0,0,
BMI,0,0,0,
BMK,2,0,2,1.0
BML,32,30,62,0.52
BMM,73,91,164,0.45
BMN,74,95,169,0.44
BMP,117,138,255,0.46
BMS,33,52,85,0.39
BMb,108,108,216,0.5
BMh,71,69,140,0.51
BMj,25,22,47,0.53
BMl,31,47,78,0.4
BMm,77,76,153,0.5
BMn,151,122,273,0.55
BMs,59,55,114,0.52
BMt,13,10,23,0.57
BNB,98,108,206,0.48
BND,8,11,19,0.42
BNH,21,17,38,0.55
BNI,1,0,1,1.0
BNK,4,9,13,0.31
BNL,30,40,70,0.43
BNM,81,98,179,0.45
BNN,145,160,305,0.48
BNP,193,224,417,0.46
BNS,65,66,131,0.5
BNb,130,111,241,0.54
BNh,36,55,91,0.4
BNl,63,56,119,0.53
BNm,110,107,217,0.51
BNn,163,182,345,0.47
BNs,101,72,173,0.58
BNt,24,27,51,0.47
BPB,150,163,313,0.48
BPD,7,9,16,0.44
BPH,36,45,81,0.44
BPI,13,11,24,0.54
BPK,7,15,22,0.32
BPL,70,91,161,0.43
BPM,127,152,279,0.46
BPN,191,170,361,0.53
BPP,285,283,568,0.5
BPS,94,102,196,0.48
BPb,168,152,320,0.52
BPh,13,14,27,0.48
BPl,84,83,167,0.5
BPm,161,101,262,0.61
BPn,155,152,307,0.5
BPs,99,96,195,0.51
BPt,14,14,28,0.5
BSB,47,44,91,0.52
BSD,3,13,16,0.19
BSH,13,20,33,0.39
BSI,2,0,2,1.0
BSK,1,1,2,0.5
BSL,24,24,48,0.5
BSM,46,64,110,0.42
BSN,45,63,108,0.42
BSP,102,81,183,0.56
BSS,53,58,111,0.48
BSb,60,50,110,0.55
BSh,33,36,69,0.48
BSl,40,23,63,0.63
BSm,57,50,107,0.53
BSn,65,75,140,0.46
BSs,58,63,121,0.48
BSt,5,6,11,0.45
BbB,114,136,250,0.46
BbD,6,9,15,0.4
BbH,33,36,69,0.48
BbI,21,10,31,0.68
BbJ,41,29,70,0.59
BbK,7,11,18,0.39
BbL,50,48,98,0.51
BbM,96,114,210,0.46
BbN,145,164,309,0.47
BbP,167,179,346,0.48
BbS,66,61,127,0.52
Bbb,148,121,269,0.55
Bbl,56,39,95,0.59
Bbm,106,67,173,0.61
Bbn,118,111,229,0.52
Bbs,67,47,114,0.59
BhB,7,9,16,0.44
BhH,2,1,3,0.67
BhI,0,1,1,0.0
BhK,1,0,1,1.0
BhL,10,5,15,0.67
BhM,7,12,19,0.37
BhN,19,9,28,0.68
BhP,17,21,38,0.45
BhS,6,9,15,0.4
Bhb,14,10,24,0.58
Bhh,5,7,12,0.42
Bhl,6,7,13,0.46
Bhm,9,10,19,0.47
Bhn,21,21,42,0.5
Bhs,8,11,19,0.42
Bht,0,5,5,0.0
BjB,46,34,80,0.57
BjD,2,1,3,0.67
BjH,9,11,20,0.45
BjI,2,3,5,0.4
BjK,3,1,4,0.75
BjL,11,20,31,0.35
BjM,33,41,74,0.45
BjN,26,42,68,0.38
BjP,62,55,117,0.53
BjS,12,25,37,0.32
Bjb,51,34,85,0.6
Bjh,8,8,16,0.5
Bjl,18,18,36,0.5
Bjm,33,25,58,0.57
Bjn,32,33,65,0.49
Bjs,16,18,34,0.47
Bjt,4,9,13,0.31
BlB,40,39,79,0.51
BlD,4,5,9,0.44
BlH,23,30,53,0.43
BlI,7,4,11,0.64
BlJ,13,11,24,0.54
BlK,0,2,2,0.0
BlL,16,19,35,0.46
BlM,37,50,87,0.43
BlN,49,56,105,0.47
BlP,63,58,121,0.52
BlS,43,36,79,0.54
Blb,49,42,91,0.54
Bll,16,23,39,0.41
Blm,38,35,73,0.52
Bln,41,36,77,0.53
Bls,26,37,63,0.41
BmB,75,83,158,0.47
BmD,17,11,28,0.61
BmH,70,65,135,0.52
BmI,8,7,15,0.53
BmJ,28,31,59,0.47
BmK,0,2,2,0.0
BmL,37,19,56,0.66
BmM,93,105,198,0.47
BmN,111,130,241,0.46
BmP,123,112,235,0.52
BmS,70,68,138,0.51
Bmb,96,86,182,0.53
Bml,44,20,64,0.69
Bmm,94,68,162,0.58
Bmn,103,84,187,0.55
Bms,49,50,99,0.49
BnB,128,104,232,0.55
BnD,20,12,32,0.62
BnH,68,57,125,0.54
BnI,28,21,49,0.57
BnK,6,11,17,0.35
BnL,38,59,97,0.39
BnM,112,138,250,0.45
BnN,205,195,400,0.51
BnP,241,227,468,0.51
BnS,106,114,220,0.48
Bnb,148,105,253,0.58
Bnh,5,8,13,0.38
Bnl,62,59,121,0.51
Bnm,135,98,233,0.58
Bnn,164,162,326,0.5
Bns,96,109,205,0.47
Bnt,0,1,1,0.0
BsB,42,42,84,0.5
BsD,9,7,16,0.56
BsH,45,45,90,0.5
BsI,9,10,19,0.47
BsK,2,1,3,0.67
BsL,28,29,57,0.49
BsM,52,37,89,0.58
BsN,69,56,125,0.55
BsP,79,94,173,0.46
BsS,63,65,128,0.49
Bsb,50,58,108,0.46
Bsh,2,2,4,0.5
Bsl,27,21,48,0.56
Bsm,54,57,111,0.49
Bsn,52,47,99,0.53
Bss,47,65,112,0.42
BtB,9,22,31,0.29
BtD,1,2,3,0.33
BtH,10,15,25,0.4
BtI,1,0,1,1.0
BtK,0,2,2,0.0
BtL,8,10,18,0.44
BtM,12,19,31,0.39
BtN,19,23,42,0.45
BtP,40,43,83,0.48
BtS,14,12,26,0.54
Btb,24,20,44,0.55
Bth,1,0,1,1.0
Btl,8,5,13,0.62
Btm,19,13,32,0.59
Btn,17,14,31,0.55
Bts,11,11,22,0.5
Btt,5,2,7,0.71
DBB,10,10,20,0.5
DBD,2,1,3,0.67
DBK,0,3,3,0.0
DBL,3,2,5,0.6
DBM,6,9,15,0.4
DBN,7,12,19,0.37
DBP,7,12,19,0.37
DBS,7,3,10,0.7
DBb,15,10,25,0.6
DBh,1,0,1,1.0
DBj,2,3,5,0.4
DBl,7,1,8,0.88
DBm,11,5,16,0.69
DBn,13,4,17,0.76
DBs,5,5,10,0.5
DBt,0,1,1,0.0
DDB,2,0,2,1.0
DDH,1,4,5,0.2
DDL,0,1,1,0.0
DDM,0,1,1,0.0
DDN,2,0,2,1.0
DDP,2,1,3,0.67
DDS,3,4,7,0.43
DDb,1,1,2,0.5
DDl,0,1,1,0.0
DDm,1,2,3,0.33
DDn,2,1,3,0.67
DDs,1,3,4,0.25
DHB,4,7,11,0.36
DHD,4,1,5,0.8
DHH,3,4,7,0.43
DHI,4,0,4,1.0
DHK,0,1,1,0.0
DHL,2,6,8,0.25
DHM,12,7,19,0.63
DHN,6,7,13,0.46
DHP,15,16,31,0.48
DHS,12,5,17,0.71
DHb,5,15,20,0.25
DHh,5,2,7,0.71
DHl,8,5,13,0.62
DHm,17,14,31,0.55
DHn,9,11,20,0.45
DHs,14,5,19,0.74
DHt,1,1,2,0.5
DID,0,1,1,0.0
DIH,0,1,1,0.0
DIL,0,2,2,0.0
DIM,2,1,3,0.67
DIN,1,1,2,0.5
DIP,0,3,3,0.0
DIS,1,0,1,1.0
DIb,2,1,3,0.67
DIm,1,0,1,1.0
DIn,0,0,0,
DIs,1,0,1,1.0
DKP,0,1,1,0.0
DKS,1,0,1,1.0
DKm,2,0,2,1.0
DKs,1,1,2,0.5
DLB,9,4,13,0.69
DLH,0,0,0,
DLL,4,2,6,0.67
DLM,4,7,11,0.36
DLN,7,1,8,0.88
DLP,3,10,13,0.23
DLS,3,4,7,0.43
DLb,6,5,11,0.55
DLh,1,3,4,0.25
DLj,4,0,4,1.0
DLl,3,0,3,1.0
DLm,8,6,14,0.57
DLn,10,6,16,0.62
DLs,2,5,7,0.29
DLt,1,0,1,1.0
DMB,15,11,26,0.58
DMD,0,2,2,0.0
DML,5,2,7,0.71
DMM,9,10,19,0.47
DMN,8,6,14,0.57
DMP,10,8,18,0.56
DMS,5,10,15,0.33
DMb,14,11,25,0.56
DMh,9,6,15,0.6
DMj,5,1,6,0.83
DMl,5,4,9,0.56
DMm,14,5,19,0.74
DMn,15,18,33,0.45
DMs,3,6,9,0.33
DMt,0,2,2,0.0
DNB,12,8,20,0.6
DND,2,4,6,0.33
DNH,0,2,2,0.0
DNK,1,3,4,0.25
DNL,4,5,9,0.44
DNM,9,9,18,0.5
DNN,11,15,26,0.42
DNP,20,21,41,0.49
DNS,10,10,20,0.5
DNb,12,9,21,0.57
DNh,6,5,11,0.55
DNl,5,3,8,0.62
DNm,13,9,22,0.59
DNn,18,13,31,0.58
DNs,8,14,22,0.36
DNt,5,5,10,0.5
DPB,14,11,25,0.56
DPD,2,0,2,1.0
DPH,3,5,8,0.38
DPI,3,2,5,0.6
DPK,2,1,3,0.67
DPL,11,9,20,0.55
DPM,16,17,33,0.48
DPN,13,14,27,0.48
DPP,31,31,62,0.5
DPS,15,21,36,0.42
DPb,9,18,27,0.33
DPh,3,1,4,0.75
DPl,9,6,15,0.6
DPm,17,11,28,0.61
DPn,12,12,24,0.5
DPs,12,14,26,0.46
DPt,2,0,2,1.0
DSB,9,11,20,0.45
DSD,1,2,3,0.33
DSH,4,5,9,0.44
DSI,1,0,1,1.0
DSL,5,6,11,0.45
DSM,13,8,21,0.62
DSN,9,13,22,0.41
DSP,10,18,28,0.36
DSS,16,8,24,0.67
DSb,11,6,17,0.65
DSh,9,10,19,0.47
DSl,7,2,9,0.78
DSm,10,12,22,0.45
DSn,18,15,33,0.55
DSs,15,15,30,0.5
DSt,3,2,5,0.6
DbB,8,10,18,0.44
DbD,0,1,1,0.0
DbH,3,3,6,0.5
DbJ,1,3,4,0.25
DbL,4,0,4,1.0
DbM,12,7,19,0.63
DbN,10,5,15,0.67
DbP,12,8,20,0.6
DbS,5,5,10,0.5
Dbb,13,12,25,0.52
Dbl,5,3,8,0.62
Dbm,6,6,12,0.5
Dbn,9,6,15,0.6
Dbs,10,3,13,0.77
DhM,0,1,1,0.0
DhP,1,0,1,1.0
DhS,0,1,1,0.0
Dhb,1,1,2,0.5
DlB,3,4,7,0.43
DlH,1,3,4,0.25
DlI,2,0,2,1.0
DlJ,1,1,2,0.5
DlL,3,1,4,0.75
DlM,6,2,8,0.75
DlN,2,1,3,0.67
DlP,9,7,16,0.56
DlS,6,2,8,0.75
Dlb,2,1,3,0.67
Dll,1,2,3,0.33
Dlm,6,1,7,0.86
Dln,2,1,3,0.67
Dls,2,0,2,1.0
DmB,10,6,16,0.62
DmD,3,1,4,0.75
DmH,8,9,17,0.47
DmI,1,0,1,1.0
DmJ,3,4,7,0.43
DmL,6,10,16,0.38
DmM,13,15,28,0.46
DmN,14,15,29,0.48
DmP,12,13,25,0.48
DmS,8,9,17,0.47
Dmb,8,13,21,0.38
Dml,5,3,8,0.62
Dmm,7,10,17,0.41
Dmn,9,7,16,0.56
Dms,2,6,8,0.25
DnB,6,8,14,0.43
DnD,2,2,4,0.5
DnH,3,3,6,0.5
DnI,2,1,3,0.67
DnK,0,2,2,0.0
DnL,4,2,6,0.67
DnM,12,13,25,0.48
DnN,13,15,28,0.46
DnP,16,13,29,0.55
DnS,14,13,27,0.52
Dnb,13,6,19,0.68
Dnl,2,4,6,0.33
Dnm,5,11,16,0.31
Dnn,11,11,22,0.5
Dns,8,8,16,0.5
DsB,10,4,14,0.71
DsD,1,3,4,0.25
DsH,10,13,23,0.43
DsI,4,2,6,0.67
DsK,0,2,2,0.0
DsL,3,4,7,0.43
DsM,5,12,17,0.29
DsN,9,5,14,0.64
DsP,9,10,19,0.47
DsS,9,23,32,0.28
Dsb,17,6,23,0.74
Dsh,0,1,1,0.0
Dsl,5,7,12,0.42
Dsm,10,3,13,0.77
Dsn,11,5,16,0.69
Dss,7,8,15,0.47
DtB,3,1,4,0.75
DtD,0,0,0,
DtL,1,1,2,0.5
DtM,4,3,7,0.57
DtN,2,1,3,0.67
DtP,2,7,9,0.22
DtS,3,1,4,0.75
Dtb,2,2,4,0.5
Dtl,0,1,1,0.0
Dtm,4,0,4,1.0
Dtn,2,3,5,0.4
Dts,3,0,3,1.0
Dtt,1,0,1,1.0
HBB,20,29,49,0.41
HBD,1,2,3,0.33
HBH,0,1,1,0.0
HBK,1,1,2,0.5
HBL,15,10,25,0.6
HBM,21,30,51,0.41
HBN,28,37,65,0.43
HBP,37,51,88,0.42
HBS,12,18,30,0.4
HBb,46,26,72,0.64
HBh,3,4,7,0.43
HBj,13,7,20,0.65
HBl,15,16,31,0.48
HBm,25,24,49,0.51
HBn,38,49,87,0.44
HBs,20,26,46,0.43
HBt,6,5,11,0.55
HDB,4,0,4,1.0
HDD,0,0,0,
HDH,1,3,4,0.25
HDK,0,0,0,
HDL,1,0,1,1.0
HDM,4,8,12,0.33
HDN,6,4,10,0.6
HDP,6,2,8,0.75
HDS,11,5,16,0.69
HDb,7,2,9,0.78
HDl,0,0,0,
HDm,2,5,7,0.29
HDn,6,2,8,0.75
HDs,2,3,5,0.4
HDt,1,2,3,0.33
HHB,10,9,19,0.53
HHD,1,4,5,0.2
HHH,8,1,9,0.89
HHI,0,3,3,0.0
HHK,1,1,2,0.5
HHL,5,0,5,1.0
HHM,6,12,18,0.33
HHN,11,6,17,0.65
HHP,13,9,22,0.59
HHS,16,12,28,0.57
HHb,7,10,17,0.41
HHh,2,3,5,0.4
HHl,1,3,4,0.25
HHm,11,9,20,0.55
HHn,4,5,9,0.44
HHs,9,6,15,0.6
HHt,1,1,2,0.5
HIB,2,2,4,0.5
HID,1,0,1,1.0
HIH,7,3,10,0.7
HII,2,1,3,0.67
HIL,3,1,4,0.75
HIM,2,9,11,0.18
HIN,8,7,15,0.53
HIP,7,9,16,0.44
HIS,4,7,11,0.36
HIb,4,2,6,0.67
HIl,2,2,4,0.5
HIm,4,2,6,0.67
HIn,6,2,8,0.75
HIs,3,4,7,0.43
HIt,0,1,1,0.0
HKB,1,3,4,0.25
HKH,2,0,2,1.0
HKL,2,2,4,0.5
HKM,2,4,6,0.33
HKN,4,5,9,0.44
HKP,8,2,10,0.8
HKS,3,5,8,0.38
HKb,1,5,6,0.17
HKh,5,2,7,0.71
HKl,2,0,2,1.0
HKm,5,2,7,0.71
HKn,3,2,5,0.6
HKs,1,5,6,0.17
HLB,11,10,21,0.52
HLD,3,1,4,0.75
HLH,1,0,1,1.0
HLK,0,2,2,0.0
HLL,6,7,13,0.46
HLM,17,13,30,0.57
HLN,17,12,29,0.59
HLP,17,24,41,0.41
HLS,18,10,28,0.64
HLb,11,12,23,0.48
HLh,10,8,18,0.56
HLj,6,2,8,0.75
HLl,10,7,17,0.59
HLm,18,13,31,0.58
HLn,25,26,51,0.49
HLs,15,8,23,0.65
HLt,2,4,6,0.33
HMB,37,37,74,0.5
HMD,6,2,8,0.75
HMK,1,0,1,1.0
HML,19,12,31,0.61
HMM,27,36,63,0.43
HMN,43,41,84,0.51
HMP,45,50,95,0.47
HMS,28,33,61,0.46
HMb,34,38,72,0.47
HMh,31,43,74,0.42
HMj,11,21,32,0.34
HMl,15,10,25,0.6
HMm,43,34,77,0.56
HMn,58,63,121,0.48
HMs,29,28,57,0.51
HMt,3,7,10,0.3
HNB,32,45,77,0.42
HND,5,8,13,0.38
HNH,5,1,6,0.83
HNI,1,1,2,0.5
HNK,1,7,8,0.12
HNL,12,9,21,0.57
HNM,39,43,82,0.48
HNN,48,45,93,0.52
HNP,60,67,127,0.47
HNS,37,42,79,0.47
HNb,38,28,66,0.58
HNh,17,14,31,0.55
HNl,19,21,40,0.48
HNm,43,42,85,0.51
HNn,60,60,120,0.5
HNs,38,34,72,0.53
HNt,11,7,18,0.61
HPB,35,47,82,0.43
HPD,7,3,10,0.7
HPH,19,20,39,0.49
HPI,4,8,12,0.33
HPK,10,3,13,0.77
HPL,25,35,60,0.42
HPM,61,77,138,0.44
HPN,61,67,128,0.48
HPP,86,102,188,0.46
HPS,64,58,122,0.52
HPb,73,53,126,0.58
HPh,4,9,13,0.31
HPl,32,24,56,0.57
HPm,64,46,110,0.58
HPn,57,72,129,0.44
HPs,54,50,104,0.52
HPt,4,3,7,0.57
HSB,25,36,61,0.41
HSD,6,1,7,0.86
HSH,13,17,30,0.43
HSI,0,1,1,0.0
HSK,1,2,3,0.33
HSL,26,10,36,0.72
HSM,39,41,80,0.49
HSN,26,28,54,0.48
HSP,49,43,92,0.53
HSS,33,44,77,0.43
HSb,33,26,59,0.56
HSh,27,30,57,0.47
HSl,20,15,35,0.57
HSm,18,36,54,0.33
HSn,37,33,70,0.53
HSs,50,52,102,0.49
HSt,7,5,12,0.58
HbB,38,39,77,0.49
HbD,4,5,9,0.44
HbH,12,9,21,0.57
HbI,4,2,6,0.67
HbJ,12,8,20,0.6
HbK,3,2,5,0.6
HbL,8,16,24,0.33
HbM,33,34,67,0.49
HbN,41,45,86,0.48
HbP,60,35,95,0.63
HbS,33,22,55,0.6
Hbb,38,35,73,0.52
Hbl,13,10,23,0.57
Hbm,31,17,48,0.65
Hbn,45,37,82,0.55
Hbs,23,26,49,0.47
HhB,13,9,22,0.59
HhD,1,3,4,0.25
HhH,2,5,7,0.29
HhI,1,1,2,0.5
HhK,1,1,2,0.5
HhL,8,4,12,0.67
HhM,13,21,34,0.38
HhN,11,23,34,0.32
HhP,23,25,48,0.48
HhS,15,22,37,0.41
Hhb,25,12,37,0.68
Hhh,11,13,24,0.46
Hhl,10,8,18,0.56
Hhm,19,8,27,0.7
Hhn,20,17,37,0.54
Hhs,27,15,42,0.64
Hht,4,5,9,0.44
HlB,22,16,38,0.58
HlD,1,1,2,0.5
HlH,14,7,21,0.67
HlI,1,2,3,0.33
HlJ,4,7,11,0.36
HlK,0,0,0,
HlL,12,6,18,0.67
HlM,14,18,32,0.44
HlN,19,22,41,0.46
HlP,18,13,31,0.58
HlS,16,10,26,0.62
Hlb,20,18,38,0.53
Hll,9,2,11,0.82
Hlm,15,11,26,0.58
Hln,15,20,35,0.43
Hls,13,12,25,0.52
HmB,33,35,68,0.49
HmD,5,8,13,0.38
HmH,22,24,46,0.48
HmI,2,3,5,0.4
HmJ,14,3,17,0.82
HmK,0,1,1,0.0
HmL,21,10,31,0.68
HmM,35,48,83,0.42
HmN,42,42,84,0.5
HmP,48,47,95,0.51
HmS,22,28,50,0.44
Hmb,37,26,63,0.59
Hml,14,17,31,0.45
Hmm,25,26,51,0.49
Hmn,40,26,66,0.61
Hms,17,17,34,0.5
HnB,39,31,70,0.56
HnD,2,3,5,0.4
HnH,27,23,50,0.54
HnI,12,5,17,0.71
HnK,2,1,3,0.67
HnL,19,17,36,0.53
HnM,44,50,94,0.47
HnN,60,65,125,0.48
HnP,79,78,157,0.5
HnS,46,46,92,0.5
Hnb,48,34,82,0.59
Hnh,4,4,8,0.5
Hnl,25,20,45,0.56
Hnm,39,37,76,0.51
Hnn,59,42,101,0.58
Hns,39,33,72,0.54
HsB,20,28,48,0.42
HsD,5,4,9,0.56
HsH,32,32,64,0.5
HsI,5,6,11,0.45
HsK,2,3,5,0.4
HsL,16,12,28,0.57
HsM,31,40,71,0.44
HsN,33,47,80,0.41
HsP,50,55,105,0.48
HsS,51,51,102,0.5
Hsb,27,25,52,0.52
Hsh,1,2,3,0.33
Hsl,21,12,33,0.64
Hsm,32,34,66,0.48
Hsn,18,24,42,0.43
Hss,51,34,85,0.6
HtB,4,3,7,0.57
HtH,1,1,2,0.5
HtI,1,0,1,1.0
HtL,2,1,3,0.67
HtM,3,6,9,0.33
HtN,1,2,3,0.33
HtP,7,6,13,0.54
HtS,3,0,3,1.0
Htb,3,2,5,0.6
Hth,1,0,1,1.0
Htl,3,0,3,1.0
Htm,4,1,5,0.8
Htn,2,3,5,0.4
Hts,3,1,4,0.75
Htt,0,1,1,0.0
IBB,8,11,19,0.42
IBK,1,1,2,0.5
IBL,1,2,3,0.33
IBM,8,3,11,0.73
IBN,8,11,19,0.42
IBP,5,9,14,0.36
IBS,5,4,9,0.56
IBb,6,7,13,0.46
IBj,4,0,4,1.0
IBl,1,1,2,0.5
IBm,6,9,15,0.4
IBn,7,10,17,0.41
IBs,7,5,12,0.58
IBt,1,3,4,0.25
IDB,2,0,2,1.0
IDD,1,0,1,1.0
IDH,0,2,2,0.0
IDI,0,0,0,
IDL,0,1,1,0.0
IDM,1,0,1,1.0
IDN,1,3,4,0.25
IDP,2,4,6,0.33
IDS,1,2,3,0.33
IDb,1,1,2,0.5
IDl,1,1,2,0.5
IDs,0,1,1,0.0
IHB,4,3,7,0.57
IHD,1,2,3,0.33
IHH,2,0,2,1.0
IHI,0,1,1,0.0
IHK,1,1,2,0.5
IHL,2,6,8,0.25
IHM,1,3,4,0.25
IHN,8,7,15,0.53
IHP,14,6,20,0.7
IHS,10,6,16,0.62
IHb,6,1,7,0.86
IHh,1,3,4,0.25
IHl,3,5,8,0.38
IHm,8,4,12,0.67
IHn,8,7,15,0.53
IHs,6,4,10,0.6
IHt,1,1,2,0.5
IIB,1,3,4,0.25
IIH,2,3,5,0.4
III,1,0,1,1.0
IIL,0,1,1,0.0
IIM,1,1,2,0.5
IIN,0,1,1,0.0
IIP,1,0,1,1.0
IIS,1,1,2,0.5
IIb,1,0,1,1.0
IIl,1,0,1,1.0
IIm,3,0,3,1.0
IIs,0,1,1,0.0
IKP,1,0,1,1.0
ILB,5,4,9,0.56
ILD,0,0,0,
ILL,1,2,3,0.33
ILM,3,5,8,0.38
ILN,6,4,10,0.6
ILP,6,8,14,0.43
ILS,1,2,3,0.33
ILb,4,3,7,0.57
ILh,1,0,1,1.0
ILj,2,0,2,1.0
ILl,2,2,4,0.5
ILm,4,3,7,0.57
ILn,6,5,11,0.55
ILs,9,0,9,1.0
ILt,0,1,1,0.0
IMB,4,7,11,0.36
IMD,1,3,4,0.25
IMH,1,0,1,1.0
IMK,0,1,1,0.0
IML,2,4,6,0.33
IMM,9,9,18,0.5
IMN,7,10,17,0.41
IMP,13,17,30,0.43
IMS,6,3,9,0.67
IMb,8,3,11,0.73
IMh,3,9,12,0.25
IMj,2,4,6,0.33
IMl,5,4,9,0.56
IMm,17,6,23,0.74
IMn,7,10,17,0.41
IMs,4,8,12,0.33
IMt,3,1,4,0.75
INB,6,13,19,0.32
IND,0,1,1,0.0
INH,3,2,5,0.6
INK,1,1,2,0.5
INL,7,4,11,0.64
INM,6,6,12,0.5
INN,13,13,26,0.5
INP,13,10,23,0.57
INS,8,10,18,0.44
INb,11,8,19,0.58
INh,1,1,2,0.5
INl,7,2,9,0.78
INm,9,8,17,0.53
INn,12,11,23,0.52
INs,9,4,13,0.69
INt,5,1,6,0.83
IPB,17,17,34,0.5
IPD,1,2,3,0.33
IPH,4,5,9,0.44
IPI,1,1,2,0.5
IPK,0,1,1,0.0
IPL,9,8,17,0.53
IPM,8,20,28,0.29
IPN,13,18,31,0.42
IPP,27,21,48,0.56
IPS,7,8,15,0.47
IPb,11,16,27,0.41
IPh,1,1,2,0.5
IPl,9,8,17,0.53
IPm,15,9,24,0.62
IPn,8,16,24,0.33
IPs,7,12,19,0.37
IPt,2,3,5,0.4
ISB,7,6,13,0.54
ISD,1,0,1,1.0
ISH,7,4,11,0.64
ISI,0,2,2,0.0
ISK,1,0,1,1.0
ISL,3,4,7,0.43
ISM,5,8,13,0.38
ISN,3,10,13,0.23
ISP,8,13,21,0.38
ISS,8,15,23,0.35
ISb,6,1,7,0.86
ISh,2,2,4,0.5
ISl,2,4,6,0.33
ISm,4,7,11,0.36
ISn,8,6,14,0.57
ISs,14,2,16,0.88
ISt,2,0,2,1.0
IbB,13,10,23,0.57
IbH,1,1,2,0.5
IbJ,3,1,4,0.75
IbK,0,1,1,0.0
IbL,2,2,4,0.5
IbM,9,11,20,0.45
IbN,10,6,16,0.62
IbP,15,16,31,0.48
IbS,2,8,10,0.2
Ibb,5,9,14,0.36
Ibl,5,2,7,0.71
Ibm,8,7,15,0.53
Ibn,3,12,15,0.2
Ibs,5,2,7,0.71
IhS,1,0,1,1.0
Ihh,0,1,1,0.0
IlB,2,7,9,0.22
IlH,2,2,4,0.5
IlI,0,2,2,0.0
IlJ,2,0,2,1.0
IlL,2,0,2,1.0
IlM,2,1,3,0.67
IlN,2,3,5,0.4
IlP,4,6,10,0.4
IlS,3,2,5,0.6
Ilb,5,4,9,0.56
Ill,3,2,5,0.6
Ilm,4,0,4,1.0
Iln,3,5,8,0.38
Ils,1,0,1,1.0
ImB,9,5,14,0.64
ImD,2,0,2,1.0
ImH,6,6,12,0.5
ImI,2,2,4,0.5
ImJ,3,0,3,1.0
ImL,4,5,9,0.44
ImM,14,6,20,0.7
ImN,12,10,22,0.55
ImP,9,6,15,0.6
ImS,7,8,15,0.47
Imb,6,9,15,0.4
Imh,0,1,1,0.0
Iml,3,3,6,0.5
Imm,5,5,10,0.5
Imn,1,4,5,0.2
Ims,2,3,5,0.4
InB,2,3,5,0.4
InD,3,0,3,1.0
InH,6,5,11,0.55
InI,1,3,4,0.25
InL,1,2,3,0.33
InM,6,10,16,0.38
InN,7,12,19,0.37
InP,8,13,21,0.38
InS,5,2,7,0.71
Inb,9,6,15,0.6
Inl,0,3,3,0.0
Inm,4,4,8,0.5
Inn,9,8,17,0.53
Ins,6,9,15,0.4
IsB,3,2,5,0.6
IsD,2,2,4,0.5
IsH,4,7,11,0.36
IsI,1,0,1,1.0
IsL,3,4,7,0.43
IsM,10,6,16,0.62
IsN,5,2,7,0.71
IsP,10,5,15,0.67
IsS,9,9,18,0.5
Isb,3,7,10,0.3
Isl,4,3,7,0.57
Ism,9,3,12,0.75
Isn,6,3,9,0.67
Iss,6,4,10,0.6
ItB,0,0,0,
ItD,1,1,2,0.5
ItH,2,0,2,1.0
ItM,0,0,0,
ItN,1,1,2,0.5
ItP,1,1,2,0.5
ItS,0,0,0,
Itm,1,1,2,0.5
Itn,0,1,1,0.0
Its,0,1,1,0.0
JBB,10,8,18,0.56
JBD,0,0,0,
JBI,1,0,1,1.0
JBK,0,1,1,0.0
JBL,2,2,4,0.5
JBM,5,11,16,0.31
JBN,8,5,13,0.62
JBP,8,5,13,0.62
JBS,3,9,12,0.25
JBb,3,7,10,0.3
JBh,0,1,1,0.0
JBj,1,3,4,0.25
JBl,2,4,6,0.33
JBm,6,5,11,0.55
JBn,12,6,18,0.67
JBs,3,5,8,0.38
JBt,4,0,4,1.0
JDB,0,1,1,0.0
JDH,2,0,2,1.0
JDL,1,0,1,1.0
JDM,0,2,2,0.0
JDN,1,0,1,1.0
JDS,2,2,4,0.5
JDb,3,0,3,1.0
JDl,0,1,1,0.0
JDm,1,0,1,1.0
JDs,1,0,1,1.0
JHB,1,3,4,0.25
JHH,1,0,1,1.0
JHK,0,2,2,0.0
JHL,0,1,1,0.0
JHM,4,3,7,0.57
JHN,2,2,4,0.5
JHP,4,3,7,0.57
JHS,5,4,9,0.56
JHb,1,3,4,0.25
JHh,1,0,1,1.0
JHl,0,1,1,0.0
JHm,6,0,6,1.0
JHn,4,6,10,0.4
JHs,2,0,2,1.0
JIB,2,1,3,0.67
JIH,2,0,2,1.0
JIL,0,3,3,0.0
JIM,1,1,2,0.5
JIN,0,3,3,0.0
JIP,3,0,3,1.0
JIb,0,3,3,0.0
JIl,1,1,2,0.5
JIm,2,0,2,1.0
JIs,0,1,1,0.0
JKM,1,0,1,1.0
JKN,0,1,1,0.0
JKP,3,1,4,0.75
JKS,0,1,1,0.0
JKh,0,0,0,
JKl,0,1,1,0.0
JKm,0,1,1,0.0
JKn,3,1,4,0.75
JLB,3,3,6,0.5
JLD,0,1,1,0.0
JLL,3,2,5,0.6
JLM,4,5,9,0.44
JLN,4,1,5,0.8
JLP,2,10,12,0.17
JLS,2,4,6,0.33
JLb,9,2,11,0.82
JLh,0,4,4,0.0
JLj,0,0,0,
JLl,4,0,4,1.0
JLm,6,4,10,0.6
JLn,4,5,9,0.44
JLs,3,4,7,0.43
JLt,1,0,1,1.0
JMB,5,6,11,0.45
JMD,2,1,3,0.67
JML,3,3,6,0.5
JMM,4,6,10,0.4
JMN,3,8,11,0.27
JMP,7,9,16,0.44
JMS,6,8,14,0.43
JMb,2,5,7,0.29
JMh,5,4,9,0.56
JMj,2,0,2,1.0
JMl,3,4,7,0.43
JMm,8,4,12,0.67
JMn,10,8,18,0.56
JMs,6,3,9,0.67
JMt,0,2,2,0.0
JNB,7,7,14,0.5
JND,0,1,1,0.0
JNH,1,3,4,0.25
JNK,0,1,1,0.0
JNL,4,2,6,0.67
JNM,6,13,19,0.32
JNN,10,8,18,0.56
JNP,11,18,29,0.38
JNS,4,6,10,0.4
JNb,8,8,16,0.5
JNh,3,2,5,0.6
JNl,7,3,10,0.7
JNm,7,4,11,0.64
JNn,10,7,17,0.59
JNs,2,1,3,0.67
JNt,3,1,4,0.75
JPB,21,9,30,0.7
JPH,5,2,7,0.71
JPI,1,0,1,1.0
JPK,1,1,2,0.5
JPL,4,7,11,0.36
JPM,9,5,14,0.64
JPN,15,12,27,0.56
JPP,21,28,49,0.43
JPS,12,14,26,0.46
JPb,8,13,21,0.38
JPh,1,1,2,0.5
JPl,4,5,9,0.44
JPm,9,7,16,0.56
JPn,8,8,16,0.5
JPs,7,8,15,0.47
JPt,0,1,1,0.0
JSB,2,3,5,0.4
JSD,2,1,3,0.67
JSH,2,2,4,0.5
JSK,1,1,2,0.5
JSL,4,2,6,0.67
JSM,5,11,16,0.31
JSN,6,8,14,0.43
JSP,10,6,16,0.62
JSS,3,2,5,0.6
JSb,5,4,9,0.56
JSh,3,1,4,0.75
JSl,2,2,4,0.5
JSm,6,2,8,0.75
JSn,8,6,14,0.57
JSs,10,2,12,0.83
JSt,1,0,1,1.0
JbB,9,16,25,0.36
JbD,0,0,0,
JbH,1,1,2,0.5
JbI,2,0,2,1.0
JbJ,1,3,4,0.25
JbL,7,9,16,0.44
JbM,10,11,21,0.48
JbN,12,10,22,0.55
JbP,16,9,25,0.64
JbS,5,2,7,0.71
Jbb,11,4,15,0.73
Jbl,6,1,7,0.86
Jbm,4,3,7,0.57
Jbn,5,4,9,0.56
Jbs,4,1,5,0.8
JhH,1,0,1,1.0
JhI,1,0,1,1.0
JhL,0,1,1,0.0
JhM,1,0,1,1.0
JhN,0,1,1,0.0
JhP,3,0,3,1.0
JhS,0,2,2,0.0
Jhb,1,1,2,0.5
Jhm,2,0,2,1.0
Jhn,0,1,1,0.0
Jhs,1,2,3,0.33
Jht,0,1,1,0.0
JlB,7,1,8,0.88
JlD,0,1,1,0.0
JlH,2,1,3,0.67
JlJ,3,1,4,0.75
JlL,1,4,5,0.2
JlM,2,2,4,0.5
JlN,2,4,6,0.33
JlP,2,5,7,0.29
JlS,2,3,5,0.4
Jlb,4,3,7,0.57
Jll,4,0,4,1.0
Jlm,4,2,6,0.67
Jln,5,1,6,0.83
Jls,1,2,3,0.33
JmB,7,5,12,0.58
JmD,2,0,2,1.0
JmH,1,4,5,0.2
JmJ,2,0,2,1.0
JmL,2,5,7,0.29
JmM,4,9,13,0.31
JmN,4,4,8,0.5
JmP,17,4,21,0.81
JmS,5,5,10,0.5
Jmb,9,10,19,0.47
Jml,0,2,2,0.0
Jmm,4,4,8,0.5
Jmn,8,4,12,0.67
Jms,6,1,7,0.86
JnB,3,6,9,0.33
JnD,1,0,1,1.0
JnH,0,4,4,0.0
JnK,1,0,1,1.0
JnL,7,3,10,0.7
JnM,1,5,6,0.17
JnN,11,7,18,0.61
JnP,7,10,17,0.41
JnS,4,2,6,0.67
Jnb,3,8,11,0.27
Jnl,2,4,6,0.33
Jnm,5,8,13,0.38
Jnn,10,6,16,0.62
Jns,5,3,8,0.62
JsB,5,4,9,0.56
JsD,2,2,4,0.5
JsH,4,6,10,0.4
JsI,0,1,1,0.0
JsK,0,1,1,0.0
JsL,3,2,5,0.6
JsM,5,4,9,0.56
JsN,5,5,10,0.5
JsP,7,7,14,0.5
JsS,4,8,12,0.33
Jsb,5,4,9,0.56
Jsh,1,0,1,1.0
Jsl,1,4,5,0.2
Jsm,6,9,15,0.4
Jsn,3,3,6,0.5
Jss,3,6,9,0.33
JtL,1,1,2,0.5
JtM,0,2,2,0.0
JtN,1,0,1,1.0
JtP,1,2,3,0.33
JtS,1,1,2,0.5
Jtl,1,1,2,0.5
Jtn,0,1,1,0.0
Jts,2,0,2,1.0
KBB,3,3,6,0.5
KBK,0,1,1,0.0
KBL,2,2,4,0.5
KBM,8,7,15,0.53
KBN,6,7,13,0.46
KBP,6,6,12,0.5
KBS,2,3,5,0.4
KBb,9,5,14,0.64
KBh,2,0,2,1.0
KBj,1,2,3,0.33
KBl,3,4,7,0.43
KBm,6,4,10,0.6
KBn,1,6,7,0.14
KBs,5,4,9,0.56
KBt,0,1,1,0.0
KDB,0,1,1,0.0
KDH,0,1,1,0.0
KDM,0,0,0,
KDN,1,0,1,1.0
KDP,2,0,2,1.0
KDS,1,0,1,1.0
KDb,0,1,1,0.0
KDm,0,1,1,0.0
KDn,1,0,1,1.0
KDs,1,0,1,1.0
KHB,3,1,4,0.75
KHD,1,0,1,1.0
KHL,1,0,1,1.0
KHM,0,1,1,0.0
KHN,0,1,1,0.0
KHP,4,2,6,0.67
KHS,1,0,1,1.0
KHb,3,0,3,1.0
KHn,3,0,3,1.0
KHs,1,2,3,0.33
KIH,0,1,1,0.0
KIL,1,0,1,1.0
KIM,2,0,2,1.0
KIN,2,0,2,1.0
KIP,0,0,0,
KIS,1,0,1,1.0
KIn,0,4,4,0.0
KKB,1,0,1,1.0
KKN,1,0,1,1.0
KKb,0,1,1,0.0
KKs,0,1,1,0.0
KLB,3,1,4,0.75
KLL,3,2,5,0.6
KLM,0,6,6,0.0
KLN,0,2,2,0.0
KLP,2,2,4,0.5
KLS,0,2,2,0.0
KLb,3,3,6,0.5
KLh,1,2,3,0.33
KLj,1,1,2,0.5
KLl,2,2,4,0.5
KLm,4,6,10,0.4
KLn,2,2,4,0.5
KLs,3,2,5,0.6
KLt,0,0,0,
KMB,8,4,12,0.67
KMD,2,0,2,1.0
KML,3,1,4,0.75
KMM,5,4,9,0.56
KMN,7,3,10,0.7
KMP,13,9,22,0.59
KMS,5,3,8,0.62
KMb,4,9,13,0.31
KMh,4,7,11,0.36
KMj,0,2,2,0.0
KMl,4,4,8,0.5
KMm,6,4,10,0.6
KMn,7,5,12,0.58
KMs,5,4,9,0.56
KMt,1,1,2,0.5
KNB,6,1,7,0.86
KNH,0,0,0,
KNK,1,0,1,1.0
KNL,2,0,2,1.0
KNM,4,6,10,0.4
KNN,4,3,7,0.57
KNP,4,15,19,0.21
KNS,3,3,6,0.5
KNb,6,8,14,0.43
KNh,1,1,2,0.5
KNl,3,4,7,0.43
KNm,7,5,12,0.58
KNn,4,4,8,0.5
KNs,5,2,7,0.71
KNt,0,2,2,0.0
KPB,13,8,21,0.62
KPD,0,0,0,
KPH,2,1,3,0.67
KPI,1,0,1,1.0
KPK,0,1,1,0.0
KPL,5,10,15,0.33
KPM,7,11,18,0.39
KPN,10,10,20,0.5
KPP,18,13,31,0.58
KPS,10,6,16,0.62
KPb,11,11,22,0.5
KPh,1,1,2,0.5
KPl,5,3,8,0.62
KPm,8,5,13,0.62
KPn,7,7,14,0.5
KPs,4,3,7,0.57
KPt,2,0,2,1.0
KSB,3,4,7,0.43
KSD,0,1,1,0.0
KSH,1,3,4,0.25
KSL,1,3,4,0.25
KSM,6,5,11,0.55
KSN,1,6,7,0.14
KSP,7,7,14,0.5
KSS,5,4,9,0.56
KSb,4,4,8,0.5
KSh,4,1,5,0.8
KSl,1,1,2,0.5
KSm,4,4,8,0.5
KSn,11,6,17,0.65
KSs,5,9,14,0.36
KSt,2,1,3,0.67
KbB,6,7,13,0.46
KbD,1,0,1,1.0
KbH,3,1,4,0.75
KbI,1,0,1,1.0
KbJ,1,0,1,1.0
KbL,3,5,8,0.38
KbM,4,7,11,0.36
KbN,4,5,9,0.44
KbP,11,6,17,0.65
KbS,1,5,6,0.17
Kbb,11,10,21,0.52
Kbl,2,4,6,0.33
Kbm,4,4,8,0.5
Kbn,6,8,14,0.43
Kbs,2,2,4,0.5
KhB,4,11,15,0.27
KhD,1,0,1,1.0
KhH,1,2,3,0.33
KhK,1,1,2,0.5
KhL,3,5,8,0.38
KhM,3,8,11,0.27
KhN,3,5,8,0.38
KhP,3,15,18,0.17
KhS,4,6,10,0.4
Khb,5,9,14,0.36
Khh,1,4,5,0.2
Khl,3,1,4,0.75
Khm,6,6,12,0.5
Khn,3,2,5,0.6
Khs,3,1,4,0.75
Kht,0,1,1,0.0
KlB,5,3,8,0.62
KlD,2,0,2,1.0
KlH,1,1,2,0.5
KlI,1,0,1,1.0
KlJ,1,0,1,1.0
KlK,0,0,0,
KlL,5,1,6,0.83
KlM,3,4,7,0.43
KlN,4,3,7,0.57
KlP,3,4,7,0.43
KlS,1,1,2,0.5
Klb,5,2,7,0.71
Kll,2,2,4,0.5
Klm,2,3,5,0.4
Kln,3,1,4,0.75
Kls,4,2,6,0.67
KmB,2,6,8,0.25
KmD,0,1,1,0.0
KmH,1,2,3,0.33
KmJ,2,0,2,1.0
KmL,3,2,5,0.6
KmM,6,6,12,0.5
KmN,8,6,14,0.57
KmP,8,6,14,0.57
KmS,2,6,8,0.25
Kmb,5,13,18,0.28
Kml,9,1,10,0.9
Kmm,6,3,9,0.67
Kmn,3,5,8,0.38
Kms,8,5,13,0.62
KnB,8,1,9,0.89
KnH,2,7,9,0.22
KnI,1,0,1,1.0
KnK,0,1,1,0.0
KnL,4,4,8,0.5
KnM,7,4,11,0.64
KnN,5,11,16,0.31
KnP,6,9,15,0.4
KnS,5,5,10,0.5
Knb,7,6,13,0.54
Knl,4,0,4,1.0
Knm,0,5,5,0.0
Knn,6,5,11,0.55
Kns,3,9,12,0.25
KsB,4,5,9,0.44
KsD,1,0,1,1.0
KsH,5,7,12,0.42
KsI,2,0,2,1.0
KsL,6,1,7,0.86
KsM,6,2,8,0.75
KsN,3,7,10,0.3
KsP,10,11,21,0.48
KsS,10,6,16,0.62
Ksb,7,4,11,0.64
Ksl,5,3,8,0.62
Ksm,7,3,10,0.7
Ksn,5,3,8,0.62
Kss,6,5,11,0.55
KtH,1,0,1,1.0
KtN,1,0,1,1.0
Ktm,1,1,2,0.5
Ktn,0,1,1,0.0
Kts,1,2,3,0.33
LBB,45,60,105,0.43
LBD,2,5,7,0.29
LBK,1,3,4,0.25
LBL,16,19,35,0.46
LBM,41,43,84,0.49
LBN,52,52,104,0.5
LBP,67,93,160,0.42
LBS,18,21,39,0.46
LBb,65,51,116,0.56
LBh,2,9,11,0.18
LBj,11,22,33,0.33
LBl,33,17,50,0.66
LBm,51,33,84,0.61
LBn,65,54,119,0.55
LBs,31,24,55,0.56
LBt,5,8,13,0.38
LDB,7,0,7,1.0
LDD,0,0,0,
LDH,7,10,17,0.41
LDI,1,0,1,1.0
LDL,5,1,6,0.83
LDM,0,1,1,0.0
LDN,2,3,5,0.4
LDP,5,4,9,0.56
LDS,2,6,8,0.25
LDb,1,5,6,0.17
LDh,1,0,1,1.0
LDl,1,1,2,0.5
LDm,1,5,6,0.17
LDn,2,2,4,0.5
LDs,2,2,4,0.5
LHB,1,0,1,1.0
LHK,2,0,2,1.0
LHM,0,1,1,0.0
LHN,0,2,2,0.0
LHP,1,2,3,0.33
LHS,1,1,2,0.5
LHb,1,0,1,1.0
LHm,1,2,3,0.33
LHn,0,2,2,0.0
LHs,1,1,2,0.5
LIB,0,1,1,0.0
LID,0,0,0,
LKB,1,5,6,0.17
LKH,0,2,2,0.0
LKL,0,1,1,0.0
LKM,2,1,3,0.67
LKN,1,3,4,0.25
LKP,3,1,4,0.75
LKS,2,3,5,0.4
LKb,1,4,5,0.2
LKh,4,1,5,0.8
LKl,0,0,0,
LKm,3,6,9,0.33
LKn,3,1,4,0.75
LKs,3,3,6,0.5
LLB,19,32,51,0.37
LLD,1,0,1,1.0
LLH,1,0,1,1.0
LLK,1,1,2,0.5
LLL,5,9,14,0.36
LLM,16,16,32,0.5
LLN,19,9,28,0.68
LLP,33,27,60,0.55
LLS,22,13,35,0.63
LLb,20,21,41,0.49
LLh,5,6,11,0.45
LLj,12,4,16,0.75
LLl,13,13,26,0.5
LLm,26,23,49,0.53
LLn,24,28,52,0.46
LLs,12,17,29,0.41
LLt,4,4,8,0.5
LMB,56,42,98,0.57
LMD,3,2,5,0.6
LMK,0,0,0,
LML,13,16,29,0.45
LMM,25,51,76,0.33
LMN,40,39,79,0.51
LMP,69,75,144,0.48
LMS,19,19,38,0.5
LMb,53,51,104,0.51
LMh,28,41,69,0.41
LMj,10,13,23,0.43
LMl,19,21,40,0.48
LMm,48,44,92,0.52
LMn,61,71,132,0.46
LMs,32,33,65,0.49
LMt,5,4,9,0.56
LNB,57,43,100,0.57
LND,7,3,10,0.7
LNH,5,7,12,0.42
LNI,1,0,1,1.0
LNK,1,1,2,0.5
LNL,15,18,33,0.45
LNM,26,43,69,0.38
LNN,51,61,112,0.46
LNP,71,78,149,0.48
LNS,43,27,70,0.61
LNb,51,29,80,0.64
LNh,21,19,40,0.52
LNl,28,19,47,0.6
LNm,48,34,82,0.59
LNn,53,58,111,0.48
LNs,33,37,70,0.47
LNt,9,9,18,0.5
LPB,68,63,131,0.52
LPD,3,9,12,0.25
LPH,21,20,41,0.51
LPI,7,6,13,0.54
LPK,6,4,10,0.6
LPL,31,36,67,0.46
LPM,61,69,130,0.47
LPN,78,73,151,0.52
LPP,124,122,246,0.5
LPS,59,62,121,0.49
LPb,84,60,144,0.58
LPh,7,8,15,0.47
LPl,51,35,86,0.59
LPm,68,59,127,0.54
LPn,72,58,130,0.55
LPs,60,48,108,0.56
LPt,8,4,12,0.67
LSB,27,25,52,0.52
LSD,3,0,3,1.0
LSH,13,14,27,0.48
LSI,0,0,0,
LSK,1,0,1,1.0
LSL,9,22,31,0.29
LSM,36,40,76,0.47
LSN,36,30,66,0.55
LSP,58,55,113,0.51
LSS,39,33,72,0.54
LSb,21,25,46,0.46
LSh,27,29,56,0.48
LSl,29,19,48,0.6
LSm,39,29,68,0.57
LSn,31,30,61,0.51
LSs,48,30,78,0.62
LSt,2,8,10,0.2
LbB,45,44,89,0.51
LbD,2,9,11,0.18
LbH,13,8,21,0.62
LbI,3,10,13,0.23
LbJ,16,14,30,0.53
LbK,3,2,5,0.6
LbL,18,21,39,0.46
LbM,37,55,92,0.4
LbN,63,57,120,0.52
LbP,72,65,137,0.53
LbS,31,35,66,0.47
Lbb,59,47,106,0.56
Lbl,27,12,39,0.69
Lbm,25,33,58,0.43
Lbn,54,50,104,0.52
Lbs,40,25,65,0.62
LhB,18,19,37,0.49
LhD,2,1,3,0.67
LhH,4,3,7,0.57
LhI,1,2,3,0.33
LhK,0,0,0,
LhL,8,10,18,0.44
LhM,13,22,35,0.37
LhN,22,9,31,0.71
LhP,25,33,58,0.43
LhS,13,17,30,0.43
Lhb,27,18,45,0.6
Lhh,17,21,38,0.45
Lhl,11,6,17,0.65
Lhm,26,16,42,0.62
Lhn,30,17,47,0.64
Lhs,30,23,53,0.57
Lht,2,3,5,0.4
LjB,10,16,26,0.38
LjD,0,0,0,
LjH,3,2,5,0.6
LjI,1,0,1,1.0
LjK,1,0,1,1.0
LjL,10,10,20,0.5
LjM,7,15,22,0.32
LjN,16,20,36,0.44
LjP,21,36,57,0.37
LjS,18,13,31,0.58
Ljb,20,16,36,0.56
Ljh,4,5,9,0.44
Ljl,8,9,17,0.47
Ljm,17,14,31,0.55
Ljn,17,17,34,0.5
Ljs,10,4,14,0.71
Ljt,2,2,4,0.5
LlB,29,21,50,0.58
LlD,3,3,6,0.5
LlH,24,19,43,0.56
LlI,4,1,5,0.8
LlJ,8,9,17,0.47
LlK,1,2,3,0.33
LlL,15,14,29,0.52
LlM,21,25,46,0.46
LlN,25,23,48,0.52
LlP,41,34,75,0.55
LlS,26,26,52,0.5
Llb,21,26,47,0.45
Lll,9,10,19,0.47
Llm,18,21,39,0.46
Lln,30,23,53,0.57
Lls,20,25,45,0.44
LmB,47,44,91,0.52
LmD,9,5,14,0.64
LmH,34,34,68,0.5
LmI,3,5,8,0.38
LmJ,12,6,18,0.67
LmL,27,8,35,0.77
LmM,38,53,91,0.42
LmN,53,50,103,0.51
LmP,59,50,109,0.54
LmS,31,45,76,0.41
Lmb,43,43,86,0.5
Lml,10,23,33,0.3
Lmm,27,35,62,0.44
Lmn,52,41,93,0.56
Lms,21,35,56,0.38
LnB,52,50,102,0.51
LnD,4,5,9,0.44
LnH,33,45,78,0.42
LnI,13,8,21,0.62
LnK,3,3,6,0.5
LnL,24,31,55,0.44
LnM,57,52,109,0.52
LnN,98,68,166,0.59
LnP,129,108,237,0.54
LnS,55,55,110,0.5
Lnb,61,56,117,0.52
Lnh,4,4,8,0.5
Lnl,44,37,81,0.54
Lnm,55,40,95,0.58
Lnn,70,77,147,0.48
Lns,54,48,102,0.53
LsB,26,31,57,0.46
LsD,8,4,12,0.67
LsH,34,36,70,0.49
LsI,7,5,12,0.58
LsK,1,1,2,0.5
LsL,18,22,40,0.45
LsM,34,39,73,0.47
LsN,39,35,74,0.53
LsP,61,50,111,0.55
LsS,42,43,85,0.49
Lsb,29,28,57,0.51
Lsh,0,5,5,0.0
Lsl,13,17,30,0.43
Lsm,28,30,58,0.48
Lsn,25,35,60,0.42
Lss,32,32,64,0.5
LtB,9,6,15,0.6
LtD,0,1,1,0.0
LtH,7,3,10,0.7
LtI,0,0,0,
LtK,2,1,3,0.67
LtL,6,3,9,0.67
LtM,12,10,22,0.55
LtN,11,11,22,0.5
LtP,13,19,32,0.41
LtS,8,7,15,0.53
Ltb,8,9,17,0.47
Lth,0,1,1,0.0
Ltl,8,4,12,0.67
Ltm,9,3,12,0.75
Ltn,9,7,16,0.56
Lts,7,9,16,0.44
Ltt,0,2,2,0.0
MBB,118,133,251,0.47
MBD,9,5,14,0.64
MBH,1,0,1,1.0
MBK,7,11,18,0.39
MBL,45,30,75,0.6
MBM,75,89,164,0.46
MBN,117,140,257,0.46
MBP,153,137,290,0.53
MBS,56,52,108,0.52
MBb,114,119,233,0.49
MBh,10,13,23,0.43
MBj,36,36,72,0.5
MBl,36,36,72,0.5
MBm,98,75,173,0.57
MBn,150,147,297,0.51
MBs,44,51,95,0.46
MBt,11,25,36,0.31
MDB,2,10,12,0.17
MDD,1,0,1,1.0
MDH,7,8,15,0.47
MDI,0,1,1,0.0
MDL,2,1,3,0.67
MDM,5,5,10,0.5
MDN,9,9,18,0.5
MDP,16,11,27,0.59
MDS,10,10,20,0.5
MDb,3,9,12,0.25
MDh,1,0,1,1.0
MDl,2,6,8,0.25
MDm,17,10,27,0.63
MDn,7,2,9,0.78
MDs,8,3,11,0.73
MDt,1,0,1,1.0
MHB,2,3,5,0.4
MHL,0,2,2,0.0
MHM,4,1,5,0.8
MHP,0,2,2,0.0
MHS,0,0,0,
MHn,2,1,3,0.67
MHs,0,0,0,
MIM,1,1,2,0.5
MIN,1,0,1,1.0
MIP,1,0,1,1.0
MIS,1,0,1,1.0
MIn,1,0,1,1.0
MKM,1,2,3,0.33
MKN,0,1,1,0.0
MKP,1,0,1,1.0
MKS,1,2,3,0.33
MKb,1,0,1,1.0
MKh,1,1,2,0.5
MKm,0,0,0,
MKn,0,2,2,0.0
MKs,1,0,1,1.0
MLB,38,43,81,0.47
MLD,6,4,10,0.6
MLH,1,1,2,0.5
MLK,3,3,6,0.5
MLL,14,14,28,0.5
MLM,29,40,69,0.42
MLN,43,49,92,0.47
MLP,66,55,121,0.55
MLS,32,22,54,0.59
MLb,49,39,88,0.56
MLh,16,16,32,0.5
MLj,12,17,29,0.41
MLl,14,10,24,0.58
MLm,40,28,68,0.59
MLn,49,36,85,0.58
MLs,28,24,52,0.54
MLt,5,5,10,0.5
MMB,107,94,201,0.53
MMD,5,7,12,0.42
MMH,0,0,0,
MML,29,23,52,0.56
MMM,60,87,147,0.41
MMN,85,97,182,0.47
MMP,144,126,270,0.53
MMS,47,52,99,0.47
MMb,118,98,216,0.55
MMh,66,70,136,0.49
MMj,27,21,48,0.56
MMl,33,32,65,0.51
MMm,87,68,155,0.56
MMn,142,143,285,0.5
MMs,66,60,126,0.52
MMt,12,14,26,0.46
MNB,94,78,172,0.55
MND,11,11,22,0.5
MNH,23,10,33,0.7
MNI,2,1,3,0.67
MNK,8,8,16,0.5
MNL,38,37,75,0.51
MNM,78,81,159,0.49
MNN,133,141,274,0.49
MNP,196,232,428,0.46
MNS,70,82,152,0.46
MNb,100,78,178,0.56
MNh,29,42,71,0.41
MNl,51,53,104,0.49
MNm,109,75,184,0.59
MNn,158,153,311,0.51
MNs,85,68,153,0.56
MNt,17,24,41,0.41
MPB,129,129,258,0.5
MPD,14,8,22,0.64
MPH,38,41,79,0.48
MPI,8,12,20,0.4
MPK,13,15,28,0.46
MPL,65,56,121,0.54
MPM,120,131,251,0.48
MPN,147,179,326,0.45
MPP,270,265,535,0.5
MPS,125,118,243,0.51
MPb,137,150,287,0.48
MPh,18,20,38,0.47
MPl,77,64,141,0.55
MPm,133,137,270,0.49
MPn,169,184,353,0.48
MPs,125,98,223,0.56
MPt,24,17,41,0.59
MSB,52,59,111,0.47
MSD,8,3,11,0.73
MSH,26,33,59,0.44
MSI,0,1,1,0.0
MSK,1,4,5,0.2
MSL,18,29,47,0.38
MSM,53,56,109,0.49
MSN,69,72,141,0.49
MSP,102,93,195,0.52
MSS,65,87,152,0.43
MSb,64,63,127,0.5
MSh,48,45,93,0.52
MSl,32,27,59,0.54
MSm,72,67,139,0.52
MSn,102,65,167,0.61
MSs,73,79,152,0.48
MSt,12,12,24,0.5
MbB,90,108,198,0.45
MbD,13,10,23,0.57
MbH,32,36,68,0.47
MbI,16,13,29,0.55
MbJ,39,30,69,0.57
MbK,12,17,29,0.41
MbL,37,33,70,0.53
MbM,101,122,223,0.45
MbN,174,170,344,0.51
MbP,186,168,354,0.53
MbS,76,80,156,0.49
Mbb,134,120,254,0.53
Mbl,43,43,86,0.5
Mbm,80,76,156,0.51
Mbn,147,149,296,0.5
Mbs,71,51,122,0.58
MhB,56,64,120,0.47
MhD,11,5,16,0.69
MhH,13,18,31,0.42
MhI,5,2,7,0.71
MhK,0,3,3,0.0
MhL,29,35,64,0.45
MhM,89,79,168,0.53
MhN,89,81,170,0.52
MhP,115,140,255,0.45
MhS,83,64,147,0.56
Mhb,81,60,141,0.57
Mhh,59,81,140,0.42
Mhl,48,59,107,0.45
Mhm,65,54,119,0.55
Mhn,112,88,200,0.56
Mhs,73,65,138,0.53
Mht,9,9,18,0.5
MjB,25,29,54,0.46
MjD,1,1,2,0.5
MjH,10,13,23,0.43
MjI,1,1,2,0.5
MjK,3,4,7,0.43
MjL,11,16,27,0.41
MjM,25,21,46,0.54
MjN,31,33,64,0.48
MjP,44,44,88,0.5
MjS,26,23,49,0.53
Mjb,47,22,69,0.68
Mjh,2,5,7,0.29
Mjl,19,16,35,0.54
Mjm,30,25,55,0.55
Mjn,27,31,58,0.47
Mjs,20,25,45,0.44
Mjt,6,2,8,0.75
MlB,41,29,70,0.59
MlD,6,2,8,0.75
MlH,34,41,75,0.45
MlI,6,4,10,0.6
MlJ,18,13,31,0.58
MlK,1,4,5,0.2
MlL,26,12,38,0.68
MlM,45,49,94,0.48
MlN,73,66,139,0.53
MlP,70,60,130,0.54
MlS,34,49,83,0.41
Mlb,48,39,87,0.55
Mll,20,21,41,0.49
Mlm,45,33,78,0.58
Mln,52,48,100,0.52
Mls,28,26,54,0.52
MmB,87,85,172,0.51
MmD,19,14,33,0.58
MmH,78,89,167,0.47
MmI,11,16,27,0.41
MmJ,26,28,54,0.48
MmK,3,4,7,0.43
MmL,31,44,75,0.41
MmM,106,118,224,0.47
MmN,135,135,270,0.5
MmP,155,123,278,0.56
MmS,85,87,172,0.49
Mmb,95,80,175,0.54
Mmh,0,0,0,
Mml,30,28,58,0.52
Mmm,84,67,151,0.56
Mmn,96,104,200,0.48
Mms,76,51,127,0.6
MnB,106,125,231,0.46
MnD,17,12,29,0.59
MnH,78,88,166,0.47
MnI,24,25,49,0.49
MnK,9,13,22,0.41
MnL,46,63,109,0.42
MnM,96,144,240,0.4
MnN,201,249,450,0.45
MnP,259,279,538,0.48
MnS,129,147,276,0.47
Mnb,173,123,296,0.58
Mnh,5,6,11,0.45
Mnl,57,40,97,0.59
Mnm,139,98,237,0.59
Mnn,201,175,376,0.53
Mns,113,98,211,0.54
Mnt,1,0,1,1.0
MsB,50,63,113,0.44
MsD,11,5,16,0.69
MsH,72,90,162,0.44
MsI,8,4,12,0.67
MsK,5,1,6,0.83
MsL,29,29,58,0.5
MsM,69,75,144,0.48
MsN,86,97,183,0.47
MsP,117,118,235,0.5
MsS,78,105,183,0.43
Msb,76,56,132,0.58
Msh,4,3,7,0.57
Msl,34,31,65,0.52
Msm,90,65,155,0.58
Msn,70,51,121,0.58
Mss,88,71,159,0.55
Mst,2,0,2,1.0
MtB,15,18,33,0.45
MtD,2,2,4,0.5
MtH,9,10,19,0.47
MtI,0,1,1,0.0
MtK,1,0,1,1.0
MtL,7,3,10,0.7
MtM,15,17,32,0.47
MtN,21,16,37,0.57
MtP,26,28,54,0.48
MtS,13,14,27,0.48
Mtb,19,14,33,0.58
Mtl,0,5,5,0.0
Mtm,15,13,28,0.54
Mtn,18,25,43,0.42
Mts,7,8,15,0.47
Mtt,2,7,9,0.22
NBB,109,115,224,0.49
NBD,7,11,18,0.39
NBH,2,0,2,1.0
NBK,7,10,17,0.41
NBL,31,53,84,0.37
NBM,77,107,184,0.42
NBN,138,157,295,0.47
NBP,174,157,331,0.53
NBS,58,61,119,0.49
NBb,109,121,230,0.47
NBh,11,15,26,0.42
NBj,38,27,65,0.58
NBl,49,44,93,0.53
NBm,116,93,209,0.56
NBn,145,162,307,0.47
NBs,56,58,114,0.49
NBt,22,13,35,0.63
NDB,11,15,26,0.42
NDD,4,2,6,0.67
NDH,8,17,25,0.32
NDI,0,1,1,0.0
NDK,0,1,1,0.0
NDL,3,7,10,0.3
NDM,5,9,14,0.36
NDN,26,14,40,0.65
NDP,14,16,30,0.47
NDS,13,11,24,0.54
NDb,6,7,13,0.46
NDh,0,0,0,
NDl,6,4,10,0.6
NDm,16,9,25,0.64
NDn,15,15,30,0.5
NDs,10,12,22,0.45
NDt,1,1,2,0.5
NHB,18,18,36,0.5
NHD,3,2,5,0.6
NHH,6,6,12,0.5
NHI,2,3,5,0.4
NHK,1,3,4,0.25
NHL,11,9,20,0.55
NHM,18,23,41,0.44
NHN,33,25,58,0.57
NHP,36,47,83,0.43
NHS,14,22,36,0.39
NHb,16,11,27,0.59
NHh,4,5,9,0.44
NHl,10,7,17,0.59
NHm,21,15,36,0.58
NHn,21,26,47,0.45
NHs,16,14,30,0.53
NHt,4,0,4,1.0
NIB,0,1,1,0.0
NIH,0,1,1,0.0
NIM,3,2,5,0.6
NIN,0,1,1,0.0
NIP,3,3,6,0.5
NIS,2,0,2,1.0
NIb,1,0,1,1.0
NIm,1,0,1,1.0
NIn,0,1,1,0.0
NKB,9,8,17,0.53
NKH,2,3,5,0.4
NKI,1,0,1,1.0
NKL,3,4,7,0.43
NKM,7,14,21,0.33
NKN,12,6,18,0.67
NKP,15,19,34,0.44
NKS,8,8,16,0.5
NKb,5,7,12,0.42
NKh,9,7,16,0.56
NKl,5,10,15,0.33
NKm,7,7,14,0.5
NKn,10,6,16,0.62
NKs,12,10,22,0.55
NKt,1,3,4,0.25
NLB,44,53,97,0.45
NLD,2,3,5,0.4
NLH,0,2,2,0.0
NLK,3,2,5,0.6
NLL,18,20,38,0.47
NLM,31,49,80,0.39
NLN,44,47,91,0.48
NLP,69,76,145,0.48
NLS,40,24,64,0.62
NLb,51,39,90,0.57
NLh,22,16,38,0.58
NLj,14,15,29,0.48
NLl,27,27,54,0.5
NLm,39,29,68,0.57
NLn,66,86,152,0.43
NLs,37,33,70,0.53
NLt,9,12,21,0.43
NMB,97,104,201,0.48
NMD,12,8,20,0.6
NMK,1,1,2,0.5
NML,45,38,83,0.54
NMM,92,99,191,0.48
NMN,129,125,254,0.51
NMP,153,156,309,0.5
NMS,62,81,143,0.43
NMb,115,120,235,0.49
NMh,80,88,168,0.48
NMj,27,21,48,0.56
NMl,46,40,86,0.53
NMm,127,108,235,0.54
NMn,188,182,370,0.51
NMs,83,82,165,0.5
NMt,14,9,23,0.61
NNB,102,139,241,0.42
NND,21,9,30,0.7
NNH,26,12,38,0.68
NNI,1,1,2,0.5
NNK,9,12,21,0.43
NNL,64,54,118,0.54
NNM,135,128,263,0.51
NNN,195,220,415,0.47
NNP,242,298,540,0.45
NNS,110,117,227,0.48
NNb,154,138,292,0.53
NNh,65,75,140,0.46
NNl,62,56,118,0.53
NNm,145,102,247,0.59
NNn,245,212,457,0.54
NNs,140,125,265,0.53
NNt,32,39,71,0.45
NPB,185,178,363,0.51
NPD,15,14,29,0.52
NPH,55,68,123,0.45
NPI,21,19,40,0.52
NPK,18,23,41,0.44
NPL,103,89,192,0.54
NPM,198,212,410,0.48
NPN,250,271,521,0.48
NPP,382,407,789,0.48
NPS,206,185,391,0.53
NPb,238,228,466,0.51
NPh,22,35,57,0.39
NPl,130,105,235,0.55
NPm,200,203,403,0.5
NPn,257,247,504,0.51
NPs,201,189,390,0.52
NPt,30,24,54,0.56
NSB,74,83,157,0.47
NSD,12,9,21,0.57
NSH,33,40,73,0.45
NSI,3,1,4,0.75
NSK,4,2,6,0.67
NSL,43,38,81,0.53
NSM,94,90,184,0.51
NSN,109,96,205,0.53
NSP,150,148,298,0.5
NSS,113,96,209,0.54
NSb,73,86,159,0.46
NSh,70,79,149,0.47
NSl,44,35,79,0.56
NSm,105,68,173,0.61
NSn,130,112,242,0.54
NSs,117,125,242,0.48
NSt,17,18,35,0.49
NbB,105,107,212,0.5
NbD,18,10,28,0.64
NbH,27,32,59,0.46
NbI,10,8,18,0.56
NbJ,36,31,67,0.54
NbK,6,17,23,0.26
NbL,67,48,115,0.58
NbM,119,139,258,0.46
NbN,169,162,331,0.51
NbP,183,175,358,0.51
NbS,85,89,174,0.49
Nbb,139,112,251,0.55
Nbh,0,1,1,0.0
Nbl,40,38,78,0.51
Nbm,94,83,177,0.53
Nbn,124,105,229,0.54
Nbs,76,76,152,0.5
Nbt,0,1,1,0.0
NhB,34,38,72,0.47
NhD,3,3,6,0.5
NhH,7,8,15,0.47
NhI,3,1,4,0.75
NhK,1,1,2,0.5
NhL,10,21,31,0.32
NhM,42,45,87,0.48
NhN,41,45,86,0.48
NhP,59,72,131,0.45
NhS,39,32,71,0.55
Nhb,45,41,86,0.52
Nhh,32,32,64,0.5
Nhl,27,12,39,0.69
Nhm,53,33,86,0.62
Nhn,55,63,118,0.47
Nhs,40,40,80,0.5
Nht,8,3,11,0.73
NlB,67,44,111,0.6
NlD,7,7,14,0.5
NlH,45,33,78,0.58
NlI,6,8,14,0.43
NlJ,16,25,41,0.39
NlK,5,2,7,0.71
NlL,25,24,49,0.51
NlM,39,64,103,0.38
NlN,72,79,151,0.48
NlP,76,92,168,0.45
NlS,44,59,103,0.43
Nlb,75,45,120,0.62
Nll,25,21,46,0.54
Nlm,44,36,80,0.55
Nln,50,58,108,0.46
Nls,29,33,62,0.47
NmB,99,102,201,0.49
NmD,20,15,35,0.57
NmH,77,90,167,0.46
NmI,8,19,27,0.3
NmJ,31,24,55,0.56
NmK,1,0,1,1.0
NmL,44,45,89,0.49
NmM,114,114,228,0.5
NmN,162,153,315,0.51
NmP,157,136,293,0.54
NmS,100,75,175,0.57
Nmb,110,117,227,0.48
Nmh,0,2,2,0.0
Nml,34,27,61,0.56
Nmm,92,86,178,0.52
Nmn,138,125,263,0.52
Nms,73,49,122,0.6
NnB,142,124,266,0.53
NnD,25,23,48,0.52
NnH,92,107,199,0.46
NnI,27,25,52,0.52
NnK,10,12,22,0.45
NnL,78,82,160,0.49
NnM,150,178,328,0.46
NnN,278,272,550,0.51
NnP,284,296,580,0.49
NnS,175,137,312,0.56
Nnb,162,167,329,0.49
Nnh,8,10,18,0.44
Nnl,66,65,131,0.5
Nnm,160,122,282,0.57
Nnn,204,229,433,0.47
Nns,156,139,295,0.53
Nnt,2,0,2,1.0
NsB,65,53,118,0.55
NsD,13,14,27,0.48
NsH,87,105,192,0.45
NsI,11,10,21,0.52
NsK,1,5,6,0.17
NsL,40,50,90,0.44
NsM,85,110,195,0.44
NsN,121,125,246,0.49
NsP,158,159,317,0.5
NsS,125,116,241,0.52
Nsb,85,69,154,0.55
Nsh,1,4,5,0.2
Nsl,42,43,85,0.49
Nsm,114,95,209,0.55
Nsn,103,87,190,0.54
Nss,98,109,207,0.47
Nst,3,1,4,0.75
NtB,27,21,48,0.56
NtD,3,1,4,0.75
NtH,16,16,32,0.5
NtI,0,1,1,0.0
NtK,0,1,1,0.0
NtL,9,12,21,0.43
NtM,23,28,51,0.45
NtN,38,30,68,0.56
NtP,42,51,93,0.45
NtS,14,31,45,0.31
Ntb,33,28,61,0.54
Nth,0,1,1,0.0
Ntl,12,10,22,0.55
Ntm,24,23,47,0.51
Ntn,37,29,66,0.56
Nts,19,14,33,0.58
Ntt,5,8,13,0.38
PBB,182,190,372,0.49
PBD,6,13,19,0.32
PBH,2,1,3,0.67
PBI,1,0,1,1.0
PBK,10,9,19,0.53
PBL,66,84,150,0.44
PBM,113,178,291,0.39
PBN,138,182,320,0.43
PBP,236,250,486,0.49
PBS,100,97,197,0.51
PBb,192,181,373,0.51
PBh,20,20,40,0.5
PBj,56,54,110,0.51
PBl,91,75,166,0.55
PBm,146,139,285,0.51
PBn,219,197,416,0.53
PBs,70,80,150,0.47
PBt,30,27,57,0.53
PDB,9,11,20,0.45
PDD,0,0,0,
PDH,12,10,22,0.55
PDI,2,0,2,1.0
PDL,9,9,18,0.5
PDM,11,10,21,0.52
PDN,16,19,35,0.46
PDP,25,26,51,0.49
PDS,11,17,28,0.39
PDb,11,12,23,0.48
PDl,4,6,10,0.4
PDm,19,9,28,0.68
PDn,9,7,16,0.56
PDs,9,14,23,0.39
PDt,2,2,4,0.5
PHB,35,47,82,0.43
PHD,4,1,5,0.8
PHH,11,14,25,0.44
PHI,8,5,13,0.62
PHK,2,4,6,0.33
PHL,20,24,44,0.45
PHM,51,46,97,0.53
PHN,47,48,95,0.49
PHP,76,80,156,0.49
PHS,44,47,91,0.48
PHb,41,40,81,0.51
PHh,11,18,29,0.38
PHl,24,15,39,0.62
PHm,41,35,76,0.54
PHn,67,50,117,0.57
PHs,54,39,93,0.58
PHt,3,2,5,0.6
PIB,13,16,29,0.45
PID,2,1,3,0.67
PIH,13,13,26,0.5
PII,5,0,5,1.0
PIL,13,6,19,0.68
PIM,10,14,24,0.42
PIN,23,17,40,0.57
PIP,29,21,50,0.58
PIS,16,13,29,0.55
PIb,14,17,31,0.45
PIh,0,0,0,
PIl,5,9,14,0.36
PIm,19,19,38,0.5
PIn,14,10,24,0.58
PIs,9,12,21,0.43
PIt,0,2,2,0.0
PKB,11,19,30,0.37
PKD,0,1,1,0.0
PKH,1,3,4,0.25
PKI,1,0,1,1.0
PKL,10,11,21,0.48
PKM,17,22,39,0.44
PKN,8,15,23,0.35
PKP,27,15,42,0.64
PKS,9,11,20,0.45
PKb,17,16,33,0.52
PKh,16,13,29,0.55
PKl,9,7,16,0.56
PKm,9,14,23,0.39
PKn,14,12,26,0.54
PKs,11,14,25,0.44
PKt,0,2,2,0.0
PLB,90,72,162,0.56
PLD,6,6,12,0.5
PLH,3,1,4,0.75
PLI,1,0,1,1.0
PLK,2,6,8,0.25
PLL,45,40,85,0.53
PLM,75,101,176,0.43
PLN,75,84,159,0.47
PLP,134,153,287,0.47
PLS,69,69,138,0.5
PLb,76,99,175,0.43
PLh,37,42,79,0.47
PLj,32,31,63,0.51
PLl,58,55,113,0.51
PLm,98,73,171,0.57
PLn,115,128,243,0.47
PLs,72,52,124,0.58
PLt,16,16,32,0.5
PMB,164,164,328,0.5
PMD,11,8,19,0.58
PMH,3,2,5,0.6
PMI,1,0,1,1.0
PML,63,50,113,0.56
PMM,128,141,269,0.48
PMN,140,146,286,0.49
PMP,232,255,487,0.48
PMS,117,107,224,0.52
PMb,193,185,378,0.51
PMh,123,144,267,0.46
PMj,42,50,92,0.46
PMl,118,79,197,0.6
PMm,177,140,317,0.56
PMn,214,218,432,0.5
PMs,130,121,251,0.52
PMt,27,25,52,0.52
PNB,164,203,367,0.45
PND,11,15,26,0.42
PNH,26,28,54,0.48
PNI,0,1,1,0.0
PNK,17,13,30,0.57
PNL,76,85,161,0.47
PNM,178,213,391,0.46
PNN,212,197,409,0.52
PNP,325,335,660,0.49
PNS,155,150,305,0.51
PNb,188,195,383,0.49
PNh,64,73,137,0.47
PNl,91,79,170,0.54
PNm,182,160,342,0.53
PNn,252,222,474,0.53
PNs,161,157,318,0.51
PNt,32,41,73,0.44
PPB,312,294,606,0.51
PPD,31,12,43,0.72
PPH,78,70,148,0.53
PPI,39,20,59,0.66
PPK,28,27,55,0.51
PPL,197,216,413,0.48
PPM,275,343,618,0.44
PPN,295,278,573,0.51
PPP,572,585,1157,0.49
PPS,260,293,553,0.47
PPb,373,308,681,0.55
PPh,23,51,74,0.31
PPl,213,148,361,0.59
PPm,315,231,546,0.58
PPn,298,267,565,0.53
PPs,256,217,473,0.54
PPt,38,40,78,0.49
PSB,106,118,224,0.47
PSD,14,10,24,0.58
PSH,41,51,92,0.45
PSI,5,3,8,0.62
PSK,2,4,6,0.33
PSL,66,76,142,0.46
PSM,122,144,266,0.46
PSN,111,133,244,0.45
PSP,192,208,400,0.48
PSS,143,153,296,0.48
PSb,130,117,247,0.53
PSh,81,102,183,0.44
PSl,92,82,174,0.53
PSm,136,115,251,0.54
PSn,177,135,312,0.57
PSs,174,151,325,0.54
PSt,40,19,59,0.68
PbB,212,188,400,0.53
PbD,15,11,26,0.58
PbH,44,41,85,0.52
PbI,22,17,39,0.56
PbJ,64,56,120,0.53
PbK,11,13,24,0.46
PbL,93,77,170,0.55
PbM,196,226,422,0.46
PbN,235,206,441,0.53
PbP,282,266,548,0.51
PbS,116,120,236,0.49
Pbb,243,216,459,0.53
Pbh,2,0,2,1.0
Pbl,103,84,187,0.55
Pbm,158,106,264,0.6
Pbn,160,138,298,0.54
Pbs,88,103,191,0.46
PhB,19,24,43,0.44
PhD,2,0,2,1.0
PhH,3,5,8,0.38
PhI,1,2,3,0.33
PhK,1,0,1,1.0
PhL,10,7,17,0.59
PhM,14,20,34,0.41
PhN,14,13,27,0.52
PhP,28,35,63,0.44
PhS,8,14,22,0.36
Phb,24,16,40,0.6
Phh,14,19,33,0.42
Phl,12,8,20,0.6
Phm,20,15,35,0.57
Phn,19,19,38,0.5
Phs,20,27,47,0.43
Pht,4,1,5,0.8
PlB,85,80,165,0.52
PlD,4,3,7,0.57
PlH,44,54,98,0.45
PlI,14,9,23,0.61
PlJ,27,34,61,0.44
PlK,4,5,9,0.44
PlL,64,53,117,0.55
PlM,105,100,205,0.51
PlN,90,93,183,0.49
PlP,132,133,265,0.5
PlS,86,71,157,0.55
Plb,112,96,208,0.54
Plh,0,1,1,0.0
Pll,52,40,92,0.57
Plm,60,64,124,0.48
Pln,62,58,120,0.52
Pls,58,53,111,0.52
PmB,133,150,283,0.47
PmD,15,14,29,0.52
PmH,112,108,220,0.51
PmI,17,12,29,0.59
PmJ,44,34,78,0.56
PmK,1,1,2,0.5
PmL,86,64,150,0.57
PmM,164,180,344,0.48
PmN,198,181,379,0.52
PmP,217,217,434,0.5
PmS,105,119,224,0.47
Pmb,178,169,347,0.51
Pmh,0,1,1,0.0
Pml,75,58,133,0.56
Pmm,136,92,228,0.6
Pmn,137,111,248,0.55
Pms,61,82,143,0.43
Pmt,1,0,1,1.0
PnB,160,158,318,0.5
PnD,15,21,36,0.42
PnH,71,72,143,0.5
PnI,25,28,53,0.47
PnK,14,17,31,0.45
PnL,84,88,172,0.49
PnM,196,172,368,0.53
PnN,205,229,434,0.47
PnP,313,298,611,0.51
PnS,137,179,316,0.43
Pnb,175,163,338,0.52
Pnh,7,7,14,0.5
Pnl,91,71,162,0.56
Pnm,152,131,283,0.54
Pnn,195,162,357,0.55
Pns,158,130,288,0.55
Pnt,0,1,1,0.0
PsB,112,97,209,0.54
PsD,14,11,25,0.56
PsH,118,100,218,0.54
PsI,22,16,38,0.58
PsK,6,3,9,0.67
PsL,64,76,140,0.46
PsM,119,151,270,0.44
PsN,148,132,280,0.53
PsP,223,219,442,0.5
PsS,169,162,331,0.51
Psb,123,116,239,0.51
Psh,4,7,11,0.36
Psl,71,55,126,0.56
Psm,147,109,256,0.57
Psn,111,108,219,0.51
Pss,125,127,252,0.5
Pst,2,4,6,0.33
PtB,22,13,35,0.63
PtD,1,3,4,0.25
PtH,7,16,23,0.3
PtI,1,1,2,0.5
PtK,4,0,4,1.0
PtL,20,11,31,0.65
PtM,25,22,47,0.53
PtN,14,17,31,0.45
PtP,32,35,67,0.48
PtS,18,19,37,0.49
Ptb,25,18,43,0.58
Pth,0,1,1,0.0
Ptl,9,14,23,0.39
Ptm,25,9,34,0.74
Ptn,27,9,36,0.75
Pts,19,9,28,0.68
Ptt,6,4,10,0.6
S,1,0,1,1.0
SBB,60,77,137,0.44
SBD,8,4,12,0.67
SBH,0,1,1,0.0
SBK,3,3,6,0.5
SBL,27,39,66,0.41
SBM,49,68,117,0.42
SBN,66,87,153,0.43
SBP,99,88,187,0.53
SBS,39,39,78,0.5
SBb,100,67,167,0.6
SBh,3,11,14,0.21
SBj,20,18,38,0.53
SBl,36,33,69,0.52
SBm,81,45,126,0.64
SBn,94,89,183,0.51
SBs,45,49,94,0.48
SBt,13,9,22,0.59
SDB,8,4,12,0.67
SDD,2,0,2,1.0
SDH,10,16,26,0.38
SDI,0,1,1,0.0
SDL,2,4,6,0.33
SDM,11,9,20,0.55
SDN,10,8,18,0.56
SDP,14,6,20,0.7
SDS,15,14,29,0.52
SDb,4,3,7,0.57
SDl,1,1,2,0.5
SDm,12,6,18,0.67
SDn,12,12,24,0.5
SDs,14,10,24,0.58
SDt,3,2,5,0.6
SHB,13,19,32,0.41
SHD,6,3,9,0.67
SHH,9,13,22,0.41
SHI,8,4,12,0.67
SHK,2,5,7,0.29
SHL,11,15,26,0.42
SHM,38,28,66,0.58
SHN,16,35,51,0.31
SHP,47,34,81,0.58
SHS,48,39,87,0.55
SHb,32,29,61,0.52
SHh,13,21,34,0.38
SHl,17,10,27,0.63
SHm,36,29,65,0.55
SHn,41,44,85,0.48
SHs,47,30,77,0.61
SHt,1,4,5,0.2
SIB,2,2,4,0.5
SIH,1,3,4,0.25
SIL,0,1,1,0.0
SIM,1,2,3,0.33
SIN,2,0,2,1.0
SIP,2,2,4,0.5
SIS,3,2,5,0.6
SIb,0,0,0,
SIl,0,2,2,0.0
SIm,3,1,4,0.75
SIn,1,0,1,1.0
SIs,2,1,3,0.67
SKB,3,2,5,0.6
SKD,1,0,1,1.0
SKH,1,0,1,1.0
SKI,0,1,1,0.0
SKK,1,0,1,1.0
SKL,1,1,2,0.5
SKM,2,3,5,0.4
SKN,0,3,3,0.0
SKP,3,5,8,0.38
SKS,1,3,4,0.25
SKb,2,1,3,0.67
SKh,2,2,4,0.5
SKl,1,3,4,0.25
SKm,4,1,5,0.8
SKn,2,3,5,0.4
SKs,3,3,6,0.5
SLB,39,48,87,0.45
SLD,3,1,4,0.75
SLH,0,2,2,0.0
SLK,1,1,2,0.5
SLL,15,20,35,0.43
SLM,33,38,71,0.46
SLN,44,40,84,0.52
SLP,66,50,116,0.57
SLS,18,31,49,0.37
SLb,35,44,79,0.44
SLh,14,13,27,0.52
SLj,18,13,31,0.58
SLl,30,15,45,0.67
SLm,36,30,66,0.55
SLn,54,56,110,0.49
SLs,30,28,58,0.52
SLt,7,8,15,0.47
SM,1,0,1,1.0
SMB,95,76,171,0.56
SMD,5,9,14,0.36
SMH,0,1,1,0.0
SMI,2,0,2,1.0
SMK,1,2,3,0.33
SML,30,43,73,0.41
SMM,74,85,159,0.47
SMN,53,92,145,0.37
SMP,107,117,224,0.48
SMS,60,67,127,0.47
SMb,98,107,205,0.48
SMh,60,64,124,0.48
SMj,26,24,50,0.52
SMl,35,39,74,0.47
SMm,90,57,147,0.61
SMn,127,101,228,0.56
SMs,75,63,138,0.54
SMt,14,8,22,0.64
SNB,60,63,123,0.49
SND,4,12,16,0.25
SNH,16,20,36,0.44
SNI,0,0,0,
SNK,8,12,20,0.4
SNL,24,38,62,0.39
SNM,67,82,149,0.45
SNN,103,113,216,0.48
SNP,144,134,278,0.52
SNS,87,84,171,0.51
SNb,79,72,151,0.52
SNh,36,26,62,0.58
SNl,39,31,70,0.56
SNm,77,71,148,0.52
SNn,128,130,258,0.5
SNs,70,70,140,0.5
SNt,18,8,26,0.69
SPB,107,114,221,0.48
SPD,12,11,23,0.52
SPH,41,38,79,0.52
SPI,7,11,18,0.39
SPK,16,19,35,0.46
SPL,48,65,113,0.42
SPM,121,144,265,0.46
SPN,161,148,309,0.52
SPP,256,212,468,0.55
SPS,123,136,259,0.47
SPb,126,120,246,0.51
SPh,11,15,26,0.42
SPl,64,52,116,0.55
SPm,122,84,206,0.59
SPn,133,128,261,0.51
SPs,144,137,281,0.51
SPt,15,19,34,0.44
SSB,69,65,134,0.51
SSD,9,10,19,0.47
SSH,38,46,84,0.45
SSI,3,2,5,0.6
SSK,3,12,15,0.2
SSL,46,47,93,0.49
SSM,83,101,184,0.45
SSN,96,94,190,0.51
SSP,127,139,266,0.48
SSS,153,149,302,0.51
SSb,88,70,158,0.56
SSh,58,66,124,0.47
SSl,40,40,80,0.5
SSm,99,66,165,0.6
SSn,122,127,249,0.49
SSs,163,152,315,0.52
SSt,19,18,37,0.51
SbB,94,74,168,0.56
SbD,8,5,13,0.62
SbH,22,22,44,0.5
SbI,9,3,12,0.75
SbJ,28,19,47,0.6
SbK,6,5,11,0.55
SbL,36,39,75,0.48
SbM,81,73,154,0.53
SbN,94,101,195,0.48
SbP,106,103,209,0.51
SbS,45,65,110,0.41
Sbb,93,92,185,0.5
Sbl,25,19,44,0.57
Sbm,65,51,116,0.56
Sbn,75,87,162,0.46
Sbs,55,33,88,0.62
ShB,40,38,78,0.51
ShD,8,4,12,0.67
ShH,12,22,34,0.35
ShI,5,6,11,0.45
ShK,1,2,3,0.33
ShL,23,22,45,0.51
ShM,47,59,106,0.44
ShN,48,68,116,0.41
ShP,82,84,166,0.49
ShS,64,65,129,0.5
Shb,43,44,87,0.49
Shh,51,61,112,0.46
Shl,30,22,52,0.58
Shm,55,40,95,0.58
Shn,58,62,120,0.48
Shs,76,53,129,0.59
Sht,8,11,19,0.42
SlB,34,36,70,0.49
SlD,5,2,7,0.71
SlH,20,30,50,0.4
SlI,6,2,8,0.75
SlJ,12,9,21,0.57
SlK,1,2,3,0.33
SlL,21,19,40,0.52
SlM,43,60,103,0.42
SlN,47,48,95,0.49
SlP,51,43,94,0.54
SlS,50,42,92,0.54
Slb,50,43,93,0.54
Slh,1,0,1,1.0
Sll,29,9,38,0.76
Slm,28,24,52,0.54
Sln,33,22,55,0.6
Sls,38,26,64,0.59
SmB,88,56,144,0.61
SmD,9,11,20,0.45
SmH,71,65,136,0.52
SmI,14,4,18,0.78
SmJ,17,15,32,0.53
SmK,0,2,2,0.0
SmL,31,40,71,0.44
SmM,76,86,162,0.47
SmN,124,83,207,0.6
SmP,130,100,230,0.57
SmS,63,64,127,0.5
Smb,85,76,161,0.53
Smh,0,2,2,0.0
Sml,25,21,46,0.54
Smm,75,65,140,0.54
Smn,83,80,163,0.51
Sms,56,50,106,0.53
SnB,80,89,169,0.47
SnD,16,11,27,0.59
SnH,62,54,116,0.53
SnI,11,14,25,0.44
SnK,6,12,18,0.33
SnL,27,37,64,0.42
SnM,92,104,196,0.47
SnN,147,143,290,0.51
SnP,197,181,378,0.52
SnS,124,111,235,0.53
Snb,96,88,184,0.52
Snh,3,3,6,0.5
Snl,61,37,98,0.62
Snm,92,84,176,0.52
Snn,113,99,212,0.53
Sns,102,79,181,0.56
SsB,50,70,120,0.42
SsD,18,12,30,0.6
SsH,101,103,204,0.5
SsI,15,15,30,0.5
SsK,4,3,7,0.57
SsL,44,55,99,0.44
SsM,97,105,202,0.48
SsN,121,124,245,0.49
SsP,145,132,277,0.52
SsS,168,168,336,0.5
Ssb,111,87,198,0.56
Ssh,2,7,9,0.22
Ssl,49,32,81,0.6
Ssm,103,92,195,0.53
Ssn,100,97,197,0.51
Sss,142,123,265,0.54
Sst,3,1,4,0.75
StB,9,12,21,0.43
StD,5,5,10,0.5
StH,8,12,20,0.4
StI,1,1,2,0.5
StK,0,1,1,0.0
StL,10,13,23,0.43
StM,17,18,35,0.49
StN,21,25,46,0.46
StP,29,21,50,0.58
StS,24,28,52,0.46
Stb,17,16,33,0.52
Sth,0,1,1,0.0
Stl,8,8,16,0.5
Stm,17,10,27,0.63
Stn,11,20,31,0.35
Sts,11,15,26,0.42
Stt,6,5,11,0.55
bBB,117,128,245,0.48
bBD,8,4,12,0.67
bBH,4,0,4,1.0
bBI,0,1,1,0.0
bBK,7,6,13,0.54
bBL,48,58,106,0.45
bBM,95,107,202,0.47
bBN,135,145,280,0.48
bBP,203,178,381,0.53
bBS,72,70,142,0.51
bBb,144,135,279,0.52
bBh,19,19,38,0.5
bBj,40,48,88,0.45
bBl,44,41,85,0.52
bBm,117,92,209,0.56
bBn,174,157,331,0.53
bBs,66,56,122,0.54
bBt,25,23,48,0.52
bDB,10,10,20,0.5
bDD,0,0,0,
bDH,7,7,14,0.5
bDI,0,1,1,0.0
bDK,0,1,1,0.0
bDL,5,4,9,0.56
bDM,9,7,16,0.56
bDN,9,10,19,0.47
bDP,13,16,29,0.45
bDS,4,4,8,0.5
bDb,5,8,13,0.38
bDl,5,0,5,1.0
bDm,13,6,19,0.68
bDn,9,9,18,0.5
bDs,7,5,12,0.58
bDt,6,3,9,0.67
bHB,31,29,60,0.52
bHD,3,1,4,0.75
bHH,7,4,11,0.64
bHI,0,3,3,0.0
bHK,3,3,6,0.5
bHL,16,10,26,0.62
bHM,33,30,63,0.52
bHN,31,33,64,0.48
bHP,56,50,106,0.53
bHS,23,14,37,0.62
bHb,24,29,53,0.45
bHh,10,14,24,0.42
bHl,18,12,30,0.6
bHm,24,23,47,0.51
bHn,38,26,64,0.59
bHs,19,18,37,0.51
bHt,2,2,4,0.5
bIB,10,11,21,0.48
bID,2,1,3,0.67
bIH,12,10,22,0.55
bII,0,2,2,0.0
bIK,1,0,1,1.0
bIL,7,10,17,0.41
bIM,11,12,23,0.48
bIN,13,16,29,0.45
bIP,22,17,39,0.56
bIS,16,15,31,0.52
bIb,9,7,16,0.56
bIl,7,6,13,0.54
bIm,9,5,14,0.64
bIn,11,7,18,0.61
bIs,6,9,15,0.4
bJB,33,37,70,0.47
bJD,3,3,6,0.5
bJH,14,14,28,0.5
bJI,4,5,9,0.44
bJK,3,3,6,0.5
bJL,29,33,62,0.47
bJM,42,35,77,0.55
bJN,44,36,80,0.55
bJP,60,62,122,0.49
bJS,28,20,48,0.58
bJb,45,37,82,0.55
bJh,3,11,14,0.21
bJl,18,22,40,0.45
bJm,38,27,65,0.58
bJn,31,28,59,0.53
bJs,24,28,52,0.46
bJt,3,2,5,0.6
bKB,7,5,12,0.58
bKD,0,2,2,0.0
bKH,1,1,2,0.5
bKK,0,1,1,0.0
bKL,4,5,9,0.44
bKM,8,15,23,0.35
bKN,8,5,13,0.62
bKP,22,12,34,0.65
bKS,7,12,19,0.37
bKb,11,9,20,0.55
bKh,7,6,13,0.54
bKl,6,3,9,0.67
bKm,4,5,9,0.44
bKn,8,9,17,0.47
bKs,8,11,19,0.42
bKt,0,0,0,
bLB,47,47,94,0.5
bLD,3,4,7,0.43
bLH,0,1,1,0.0
bLK,1,6,7,0.14
bLL,21,20,41,0.51
bLM,47,48,95,0.49
bLN,46,44,90,0.51
bLP,74,74,148,0.5
bLS,51,42,93,0.55
bLb,34,46,80,0.42
bLh,21,27,48,0.44
bLj,11,15,26,0.42
bLl,34,27,61,0.56
bLm,49,40,89,0.55
bLn,70,68,138,0.51
bLs,40,37,77,0.52
bLt,13,6,19,0.68
bMB,114,98,212,0.54
bMD,9,11,20,0.45
bMH,1,1,2,0.5
bMK,1,1,2,0.5
bML,40,40,80,0.5
bMM,110,115,225,0.49
bMN,132,129,261,0.51
bMP,187,158,345,0.54
bMS,74,95,169,0.44
bMb,152,142,294,0.52
bMh,94,96,190,0.49
bMj,38,45,83,0.46
bMl,56,38,94,0.6
bMm,108,91,199,0.54
bMn,165,186,351,0.47
bMs,79,70,149,0.53
bMt,17,24,41,0.41
bNB,139,128,267,0.52
bND,13,11,24,0.54
bNH,24,24,48,0.5
bNI,2,0,2,1.0
bNK,17,1,18,0.94
bNL,55,60,115,0.48
bNM,149,155,304,0.49
bNN,184,188,372,0.49
bNP,260,264,524,0.5
bNS,112,119,231,0.48
bNb,165,132,297,0.56
bNh,63,61,124,0.51
bNl,72,53,125,0.58
bNm,151,101,252,0.6
bNn,235,197,432,0.54
bNs,98,97,195,0.5
bNt,46,32,78,0.59
bPB,181,159,340,0.53
bPD,12,12,24,0.5
bPH,40,43,83,0.48
bPI,19,10,29,0.66
bPK,16,8,24,0.67
bPL,103,87,190,0.54
bPM,168,200,368,0.46
bPN,180,191,371,0.49
bPP,351,297,648,0.54
bPS,117,104,221,0.53
bPb,227,180,407,0.56
bPh,24,24,48,0.5
bPl,92,59,151,0.61
bPm,176,121,297,0.59
bPn,185,160,345,0.54
bPs,103,84,187,0.55
bPt,17,17,34,0.5
bSB,38,48,86,0.44
bSD,3,6,9,0.33
bSH,26,26,52,0.5
bSI,2,0,2,1.0
bSK,1,0,1,1.0
bSL,27,28,55,0.49
bSM,70,69,139,0.5
bSN,77,68,145,0.53
bSP,108,98,206,0.52
bSS,74,80,154,0.48
bSb,72,68,140,0.51
bSh,48,47,95,0.51
bSl,30,38,68,0.44
bSm,60,50,110,0.55
bSn,86,69,155,0.55
bSs,79,75,154,0.51
bSt,14,10,24,0.58
bbB,165,177,342,0.48
bbD,8,8,16,0.5
bbH,42,24,66,0.64
bbI,19,6,25,0.76
bbJ,40,43,83,0.48
bbK,10,7,17,0.59
bbL,67,63,130,0.52
bbM,144,160,304,0.47
bbN,201,174,375,0.54
bbP,203,218,421,0.48
bbS,59,82,141,0.42
bbb,196,145,341,0.57
bbl,58,40,98,0.59
bbm,123,80,203,0.61
bbn,145,131,276,0.53
bbs,45,48,93,0.48
bbt,0,1,1,0.0
bhM,2,0,2,1.0
bhP,1,1,2,0.5
bhb,1,0,1,1.0
bhh,1,0,1,1.0
bhm,1,0,1,1.0
blB,38,52,90,0.42
blD,3,2,5,0.6
blH,32,28,60,0.53
blI,7,6,13,0.54
blJ,10,9,19,0.53
blK,3,1,4,0.75
blL,30,21,51,0.59
blM,45,48,93,0.48
blN,64,57,121,0.53
blP,76,63,139,0.55
blS,30,32,62,0.48
blb,51,56,107,0.48
bll,20,16,36,0.56
blm,34,18,52,0.65
bln,28,28,56,0.5
bls,31,25,56,0.55
bmB,101,80,181,0.56
bmD,15,7,22,0.68
bmH,66,53,119,0.55
bmI,7,6,13,0.54
bmJ,16,18,34,0.47
bmK,0,0,0,
bmL,34,33,67,0.51
bmM,105,104,209,0.5
bmN,112,96,208,0.54
bmP,149,117,266,0.56
bmS,51,60,111,0.46
bmb,135,94,229,0.59
bml,28,24,52,0.54
bmm,68,45,113,0.6
bmn,84,75,159,0.53
bms,35,31,66,0.53
bnB,95,102,197,0.48
bnD,17,8,25,0.68
bnH,72,45,117,0.62
bnI,16,15,31,0.52
bnK,9,5,14,0.64
bnL,44,57,101,0.44
bnM,104,126,230,0.45
bnN,133,173,306,0.43
bnP,243,157,400,0.61
bnS,84,86,170,0.49
bnb,157,127,284,0.55
bnh,3,8,11,0.27
bnl,47,34,81,0.58
bnm,101,67,168,0.6
bnn,123,103,226,0.54
bns,70,58,128,0.55
bsB,37,38,75,0.49
bsD,10,5,15,0.67
bsH,52,55,107,0.49
bsI,10,6,16,0.62
bsK,0,2,2,0.0
bsL,37,20,57,0.65
bsM,57,59,116,0.49
bsN,53,59,112,0.47
bsP,86,82,168,0.51
bsS,67,51,118,0.57
bsb,50,55,105,0.48
bsh,1,2,3,0.33
bsl,29,20,49,0.59
bsm,50,40,90,0.56
bsn,46,48,94,0.49
bss,65,39,104,0.62
btb,1,1,2,0.5
hBB,20,24,44,0.45
hBD,3,2,5,0.6
hBK,0,2,2,0.0
hBL,5,10,15,0.33
hBM,21,18,39,0.54
hBN,20,17,37,0.54
hBP,26,28,54,0.48
hBS,9,12,21,0.43
hBb,29,23,52,0.56
hBh,2,4,6,0.33
hBj,9,5,14,0.64
hBl,11,3,14,0.79
hBm,20,25,45,0.44
hBn,28,30,58,0.48
hBs,24,8,32,0.75
hBt,3,5,8,0.38
hDB,0,1,1,0.0
hDD,0,2,2,0.0
hDH,0,5,5,0.0
hDI,1,0,1,1.0
hDL,2,2,4,0.5
hDM,1,4,5,0.2
hDN,1,1,2,0.5
hDP,4,3,7,0.57
hDS,3,4,7,0.43
hDb,1,4,5,0.2
hDm,3,2,5,0.6
hDn,3,1,4,0.75
hDs,2,1,3,0.67
hHB,4,2,6,0.67
hHD,1,1,2,0.5
hHH,1,2,3,0.33
hHI,0,1,1,0.0
hHK,0,0,0,
hHL,1,1,2,0.5
hHM,4,2,6,0.67
hHN,7,6,13,0.54
hHP,15,9,24,0.62
hHS,7,9,16,0.44
hHb,7,3,10,0.7
hHh,5,4,9,0.56
hHl,3,2,5,0.6
hHm,10,3,13,0.77
hHn,4,9,13,0.31
hHs,3,10,13,0.23
hHt,1,0,1,1.0
hIB,0,1,1,0.0
hIH,3,4,7,0.43
hII,0,1,1,0.0
hIL,0,1,1,0.0
hIM,0,0,0,
hIN,1,4,5,0.2
hIP,8,2,10,0.8
hIS,0,0,0,
hIb,0,1,1,0.0
hIl,1,1,2,0.5
hIm,0,1,1,0.0
hIn,2,1,3,0.67
hIs,1,2,3,0.33
hIt,0,0,0,
hKB,0,0,0,
hKD,1,1,2,0.5
hKI,0,0,0,
hKL,1,2,3,0.33
hKM,0,1,1,0.0
hKN,1,1,2,0.5
hKP,0,0,0,
hKS,0,0,0,
hKb,0,0,0,
hKh,0,0,0,
hKl,0,0,0,
hKm,0,1,1,0.0
hKn,0,1,1,0.0
hKs,1,2,3,0.33
hLB,12,9,21,0.57
hLD,1,0,1,1.0
hLI,0,0,0,
hLL,1,8,9,0.11
hLM,10,19,29,0.34
hLN,11,8,19,0.58
hLP,21,16,37,0.57
hLS,2,8,10,0.2
hLb,17,8,25,0.68
hLh,5,8,13,0.38
hLj,3,4,7,0.43
hLl,7,8,15,0.47
hLm,8,9,17,0.47
hLn,15,15,30,0.5
hLs,6,5,11,0.55
hLt,2,1,3,0.67
hMB,23,25,48,0.48
hMD,2,0,2,1.0
hMH,0,1,1,0.0
hML,15,10,25,0.6
hMM,23,25,48,0.48
hMN,17,20,37,0.46
hMP,41,37,78,0.53
hMS,15,13,28,0.54
hMb,29,24,53,0.55
hMh,15,28,43,0.35
hMj,1,2,3,0.33
hMl,14,13,27,0.52
hMm,21,22,43,0.49
hMn,32,34,66,0.48
hMs,20,18,38,0.53
hMt,3,5,8,0.38
hNB,25,18,43,0.58
hND,1,0,1,1.0
hNH,9,3,12,0.75
hNK,3,4,7,0.43
hNL,6,7,13,0.46
hNM,20,28,48,0.42
hNN,27,25,52,0.52
hNP,36,45,81,0.44
hNS,25,21,46,0.54
hNb,21,21,42,0.5
hNh,9,8,17,0.53
hNl,7,11,18,0.39
hNm,20,15,35,0.57
hNn,41,37,78,0.53
hNs,15,18,33,0.45
hNt,1,7,8,0.12
hPB,28,41,69,0.41
hPD,4,1,5,0.8
hPH,8,15,23,0.35
hPI,3,4,7,0.43
hPK,0,7,7,0.0
hPL,19,19,38,0.5
hPM,28,36,64,0.44
hPN,41,39,80,0.51
hPP,72,74,146,0.49
hPS,33,33,66,0.5
hPb,57,44,101,0.56
hPh,2,11,13,0.15
hPl,20,15,35,0.57
hPm,37,34,71,0.52
hPn,45,41,86,0.52
hPs,44,24,68,0.65
hPt,7,2,9,0.78
hSB,12,12,24,0.5
hSD,2,0,2,1.0
hSH,6,8,14,0.43
hSK,0,2,2,0.0
hSL,9,4,13,0.69
hSM,19,27,46,0.41
hSN,27,20,47,0.57
hSP,35,20,55,0.64
hSS,34,43,77,0.44
hSb,26,21,47,0.55
hSh,15,11,26,0.58
hSl,8,13,21,0.38
hSm,21,21,42,0.5
hSn,26,26,52,0.5
hSs,28,39,67,0.42
hSt,3,5,8,0.38
hbB,29,17,46,0.63
hbD,1,2,3,0.33
hbH,6,15,21,0.29
hbI,2,1,3,0.67
hbJ,7,8,15,0.47
hbK,2,1,3,0.67
hbL,17,14,31,0.55
hbM,18,23,41,0.44
hbN,34,33,67,0.51
hbP,36,32,68,0.53
hbS,24,19,43,0.56
hbb,37,24,61,0.61
hbl,9,7,16,0.56
hbm,12,16,28,0.43
hbn,23,21,44,0.52
hbs,13,12,25,0.52
hhB,12,21,33,0.36
hhD,1,2,3,0.33
hhH,6,9,15,0.4
hhI,2,0,2,1.0
hhK,0,2,2,0.0
hhL,6,9,15,0.4
hhM,21,26,47,0.45
hhN,16,14,30,0.53
hhP,33,24,57,0.58
hhS,20,29,49,0.41
hhb,18,12,30,0.6
hhh,17,19,36,0.47
hhl,12,9,21,0.57
hhm,32,22,54,0.59
hhn,22,25,47,0.47
hhs,32,26,58,0.55
hht,1,4,5,0.2
hlB,10,14,24,0.42
hlH,12,8,20,0.6
hlI,2,2,4,0.5
hlJ,3,2,5,0.6
hlK,1,2,3,0.33
hlL,8,5,13,0.62
hlM,12,14,26,0.46
hlN,17,15,32,0.53
hlP,17,24,41,0.41
hlS,11,19,30,0.37
hlb,13,18,31,0.42
hll,7,4,11,0.64
hlm,13,5,18,0.72
hln,5,7,12,0.42
hls,14,11,25,0.56
hmB,23,18,41,0.56
hmD,8,3,11,0.73
hmH,21,11,32,0.66
hmI,1,1,2,0.5
hmJ,3,3,6,0.5
hmL,11,9,20,0.55
hmM,37,28,65,0.57
hmN,26,36,62,0.42
hmP,24,33,57,0.42
hmS,23,26,49,0.47
hmb,25,24,49,0.51
hmh,0,2,2,0.0
hml,6,6,12,0.5
hmm,16,12,28,0.57
hmn,26,27,53,0.49
hms,14,11,25,0.56
hnB,29,24,53,0.55
hnD,4,1,5,0.8
hnH,13,17,30,0.43
hnI,8,2,10,0.8
hnK,2,2,4,0.5
hnL,12,10,22,0.55
hnM,30,35,65,0.46
hnN,43,36,79,0.54
hnP,44,61,105,0.42
hnS,32,24,56,0.57
hnb,28,17,45,0.62
hnh,2,2,4,0.5
hnl,14,9,23,0.61
hnm,28,21,49,0.57
hnn,29,41,70,0.41
hns,22,28,50,0.44
hsB,13,17,30,0.43
hsD,2,5,7,0.29
hsH,26,35,61,0.43
hsI,3,2,5,0.6
hsK,1,3,4,0.25
hsL,16,12,28,0.57
hsM,26,21,47,0.55
hsN,30,27,57,0.53
hsP,40,38,78,0.51
hsS,30,46,76,0.39
hsb,30,24,54,0.56
hsh,1,2,3,0.33
hsl,9,12,21,0.43
hsm,27,18,45,0.6
hsn,21,21,42,0.5
hss,22,23,45,0.49
hst,0,0,0,
htB,3,3,6,0.5
htD,2,0,2,1.0
htH,1,1,2,0.5
htL,0,3,3,0.0
htM,3,4,7,0.43
htN,2,2,4,0.5
htP,6,5,11,0.55
htS,6,3,9,0.67
htb,6,2,8,0.75
hth,0,0,0,
htl,1,2,3,0.33
htm,2,1,3,0.67
htn,3,4,7,0.43
hts,6,1,7,0.86
htt,0,1,1,0.0
jBB,7,11,18,0.39
jBK,1,1,2,0.5
jBL,2,4,6,0.33
jBM,7,7,14,0.5
jBN,1,16,17,0.06
jBP,10,12,22,0.45
jBS,3,4,7,0.43
jBb,7,9,16,0.44
jBh,0,1,1,0.0
jBj,0,1,1,0.0
jBl,2,7,9,0.22
jBm,9,8,17,0.53
jBn,7,8,15,0.47
jBs,4,3,7,0.57
jBt,1,1,2,0.5
jDH,1,1,2,0.5
jDL,1,0,1,1.0
jDM,1,0,1,1.0
jDP,0,1,1,0.0
jDS,1,0,1,1.0
jDb,1,0,1,1.0
jDn,1,0,1,1.0
jDs,0,1,1,0.0
jHB,2,3,5,0.4
jHH,0,0,0,
jHI,1,0,1,1.0
jHL,0,1,1,0.0
jHM,2,2,4,0.5
jHN,3,1,4,0.75
jHP,4,6,10,0.4
jHS,1,3,4,0.25
jHb,3,2,5,0.6
jHh,1,0,1,1.0
jHl,0,1,1,0.0
jHm,3,1,4,0.75
jHn,2,4,6,0.33
jHs,2,3,5,0.4
jIB,0,1,1,0.0
jIH,0,0,0,
jIL,0,1,1,0.0
jIN,0,0,0,
jIP,0,2,2,0.0
jIS,0,1,1,0.0
jIn,1,0,1,1.0
jIs,1,3,4,0.25
jKB,0,1,1,0.0
jKH,0,0,0,
jKL,1,0,1,1.0
jKM,0,1,1,0.0
jKN,0,1,1,0.0
jKS,1,0,1,1.0
jKh,1,0,1,1.0
jKm,1,2,3,0.33
jKn,0,0,0,
jLB,2,2,4,0.5
jLK,1,0,1,1.0
jLL,1,2,3,0.33
jLM,4,5,9,0.44
jLN,3,4,7,0.43
jLP,3,9,12,0.25
jLS,0,1,1,0.0
jLb,3,3,6,0.5
jLh,0,2,2,0.0
jLj,2,1,3,0.67
jLl,3,2,5,0.6
jLm,3,3,6,0.5
jLn,4,11,15,0.27
jLs,3,3,6,0.5
jMB,6,7,13,0.46
jML,1,3,4,0.25
jMM,6,1,7,0.86
jMN,4,7,11,0.36
jMP,11,4,15,0.73
jMS,8,4,12,0.67
jMb,12,6,18,0.67
jMh,5,5,10,0.5
jMj,0,2,2,0.0
jMl,0,1,1,0.0
jMm,9,7,16,0.56
jMn,6,11,17,0.35
jMs,8,3,11,0.73
jMt,2,0,2,1.0
jNB,8,3,11,0.73
jND,0,1,1,0.0
jNH,1,2,3,0.33
jNL,4,3,7,0.57
jNM,3,8,11,0.27
jNN,8,7,15,0.53
jNP,15,14,29,0.52
jNS,7,7,14,0.5
jNb,7,6,13,0.54
jNh,1,2,3,0.33
jNl,3,1,4,0.75
jNm,10,6,16,0.62
jNn,11,7,18,0.61
jNs,8,8,16,0.5
jNt,0,1,1,0.0
jPB,6,13,19,0.32
jPD,2,0,2,1.0
jPH,0,3,3,0.0
jPI,3,1,4,0.75
jPK,1,1,2,0.5
jPL,4,9,13,0.31
jPM,6,13,19,0.32
jPN,10,11,21,0.48
jPP,20,19,39,0.51
jPS,7,14,21,0.33
jPb,15,13,28,0.54
jPh,0,3,3,0.0
jPl,11,5,16,0.69
jPm,13,12,25,0.52
jPn,20,12,32,0.62
jPs,12,10,22,0.55
jPt,1,1,2,0.5
jSB,4,1,5,0.8
jSH,2,5,7,0.29
jSK,0,0,0,
jSL,1,6,7,0.14
jSM,6,2,8,0.75
jSN,6,4,10,0.6
jSP,12,9,21,0.57
jSS,1,9,10,0.1
jSb,5,5,10,0.5
jSh,4,5,9,0.44
jSl,3,1,4,0.75
jSm,3,7,10,0.3
jSn,5,9,14,0.36
jSs,5,6,11,0.45
jSt,1,0,1,1.0
jbB,13,9,22,0.59
jbD,1,1,2,0.5
jbH,5,2,7,0.71
jbI,2,0,2,1.0
jbJ,1,1,2,0.5
jbK,0,0,0,
jbL,5,7,12,0.42
jbM,12,18,30,0.4
jbN,13,11,24,0.54
jbP,13,18,31,0.42
jbS,6,10,16,0.38
jbb,16,4,20,0.8
jbl,3,2,5,0.6
jbm,7,7,14,0.5
jbn,3,5,8,0.38
jbs,2,3,5,0.4
jhB,2,1,3,0.67
jhH,1,2,3,0.33
jhL,3,0,3,1.0
jhM,1,2,3,0.33
jhN,1,1,2,0.5
jhP,4,1,5,0.8
jhS,3,0,3,1.0
jhb,0,2,2,0.0
jhh,1,3,4,0.25
jhl,0,0,0,
jhm,0,1,1,0.0
jhn,1,3,4,0.25
jhs,2,1,3,0.67
jlB,0,5,5,0.0
jlD,0,1,1,0.0
jlH,6,5,11,0.55
jlI,0,1,1,0.0
jlJ,2,1,3,0.67
jlL,1,1,2,0.5
jlM,2,3,5,0.4
jlN,4,2,6,0.67
jlP,7,5,12,0.58
jlS,5,4,9,0.56
jlb,4,2,6,0.67
jll,3,0,3,1.0
jlm,2,1,3,0.67
jln,2,5,7,0.29
jls,5,2,7,0.71
jmB,4,10,14,0.29
jmD,1,0,1,1.0
jmH,4,4,8,0.5
jmI,1,0,1,1.0
jmJ,2,2,4,0.5
jmL,3,2,5,0.6
jmM,2,10,12,0.17
jmN,7,7,14,0.5
jmP,9,7,16,0.56
jmS,1,13,14,0.07
jmb,4,6,10,0.4
jml,3,5,8,0.38
jmm,7,5,12,0.58
jmn,6,6,12,0.5
jms,6,5,11,0.55
jnB,4,5,9,0.44
jnD,0,1,1,0.0
jnH,4,5,9,0.44
jnI,0,1,1,0.0
jnK,1,0,1,1.0
jnL,5,1,6,0.83
jnM,5,6,11,0.45
jnN,10,7,17,0.59
jnP,9,11,20,0.45
jnS,5,9,14,0.36
jnb,10,11,21,0.48
jnh,1,0,1,1.0
jnl,7,6,13,0.54
jnm,6,7,13,0.46
jnn,7,8,15,0.47
jns,3,4,7,0.43
jsB,2,3,5,0.4
jsD,2,0,2,1.0
jsH,3,3,6,0.5
jsI,0,1,1,0.0
jsL,3,5,8,0.38
jsM,5,1,6,0.83
jsN,4,7,11,0.36
jsP,6,12,18,0.33
jsS,6,4,10,0.6
jsb,5,4,9,0.56
jsh,1,0,1,1.0
jsl,0,2,2,0.0
jsm,6,2,8,0.75
jsn,3,2,5,0.6
jss,5,3,8,0.62
jst,1,0,1,1.0
jtB,1,0,1,1.0
jtH,0,2,2,0.0
jtK,0,1,1,0.0
jtL,2,0,2,1.0
jtN,1,2,3,0.33
jtP,1,2,3,0.33
jtS,0,0,0,
jtb,1,1,2,0.5
jtl,0,1,1,0.0
jtm,0,2,2,0.0
jtn,0,2,2,0.0
jts,0,0,0,
jtt,0,1,1,0.0
lBB,38,46,84,0.45
lBD,1,3,4,0.25
lBH,1,0,1,1.0
lBK,4,4,8,0.5
lBL,16,23,39,0.41
lBM,40,45,85,0.47
lBN,54,68,122,0.44
lBP,87,74,161,0.54
lBS,21,39,60,0.35
lBb,53,38,91,0.58
lBh,12,3,15,0.8
lBj,15,13,28,0.54
lBl,28,18,46,0.61
lBm,41,36,77,0.53
lBn,70,56,126,0.56
lBs,27,25,52,0.52
lBt,5,11,16,0.31
lDB,2,3,5,0.4
lDD,1,0,1,1.0
lDH,8,5,13,0.62
lDL,5,2,7,0.71
lDM,6,5,11,0.55
lDN,6,5,11,0.55
lDP,7,5,12,0.58
lDS,2,5,7,0.29
lDb,3,2,5,0.6
lDl,2,0,2,1.0
lDm,1,2,3,0.33
lDn,5,5,10,0.5
lDs,6,7,13,0.46
lDt,2,1,3,0.67
lHB,21,25,46,0.46
lHD,5,1,6,0.83
lHH,7,1,8,0.88
lHI,6,3,9,0.67
lHK,2,3,5,0.4
lHL,13,15,28,0.46
lHM,44,41,85,0.52
lHN,31,26,57,0.54
lHP,43,53,96,0.45
lHS,38,29,67,0.57
lHb,36,33,69,0.52
lHh,14,18,32,0.44
lHl,19,9,28,0.68
lHm,25,21,46,0.54
lHn,31,39,70,0.44
lHs,26,26,52,0.5
lHt,3,0,3,1.0
lIB,7,5,12,0.58
lID,0,1,1,0.0
lIH,5,3,8,0.62
lII,0,0,0,
lIL,1,2,3,0.33
lIM,7,9,16,0.44
lIN,7,7,14,0.5
lIP,11,8,19,0.58
lIS,3,3,6,0.5
lIb,11,6,17,0.65
lIl,1,0,1,1.0
lIm,6,3,9,0.67
lIn,4,3,7,0.57
lIs,5,3,8,0.62
lJB,14,11,25,0.56
lJD,4,2,6,0.67
lJH,6,6,12,0.5
lJI,4,2,6,0.67
lJK,1,1,2,0.5
lJL,6,9,15,0.4
lJM,15,11,26,0.58
lJN,15,17,32,0.47
lJP,29,15,44,0.66
lJS,14,25,39,0.36
lJb,27,11,38,0.71
lJh,1,0,1,1.0
lJl,4,8,12,0.33
lJm,16,15,31,0.52
lJn,6,9,15,0.4
lJs,17,14,31,0.55
lJt,3,0,3,1.0
lKB,2,4,6,0.33
lKK,0,1,1,0.0
lKL,0,2,2,0.0
lKM,2,3,5,0.4
lKN,0,1,1,0.0
lKP,3,1,4,0.75
lKS,1,1,2,0.5
lKb,4,2,6,0.67
lKh,2,4,6,0.33
lKl,0,0,0,
lKm,4,2,6,0.67
lKn,2,0,2,1.0
lKs,1,2,3,0.33
lLB,15,24,39,0.38
lLD,1,2,3,0.33
lLL,19,14,33,0.58
lLM,21,42,63,0.33
lLN,30,30,60,0.5
lLP,33,40,73,0.45
lLS,18,24,42,0.43
lLb,24,18,42,0.57
lLh,14,10,24,0.58
lLj,10,5,15,0.67
lLl,15,16,31,0.48
lLm,17,14,31,0.55
lLn,32,28,60,0.53
lLs,31,20,51,0.61
lLt,5,6,11,0.45
lMB,56,41,97,0.58
lMD,5,4,9,0.56
lML,23,30,53,0.43
lMM,46,46,92,0.5
lMN,49,52,101,0.49
lMP,60,66,126,0.48
lMS,29,43,72,0.4
lMb,54,45,99,0.55
lMh,46,40,86,0.53
lMj,18,17,35,0.51
lMl,25,18,43,0.58
lMm,48,35,83,0.58
lMn,88,80,168,0.52
lMs,39,34,73,0.53
lMt,5,6,11,0.45
lNB,52,54,106,0.49
lND,8,7,15,0.53
lNH,18,10,28,0.64
lNK,5,1,6,0.83
lNL,29,35,64,0.45
lNM,47,65,112,0.42
lNN,76,58,134,0.57
lNP,119,116,235,0.51
lNS,45,42,87,0.52
lNb,53,53,106,0.5
lNh,9,18,27,0.33
lNl,27,25,52,0.52
lNm,60,50,110,0.55
lNn,87,64,151,0.58
lNs,64,33,97,0.66
lNt,13,9,22,0.59
lPB,53,82,135,0.39
lPD,6,3,9,0.67
lPH,14,17,31,0.45
lPI,12,7,19,0.63
lPK,4,3,7,0.57
lPL,31,37,68,0.46
lPM,70,75,145,0.48
lPN,73,95,168,0.43
lPP,148,110,258,0.57
lPS,42,58,100,0.42
lPb,75,65,140,0.54
lPh,7,3,10,0.7
lPl,50,34,84,0.6
lPm,57,47,104,0.55
lPn,69,59,128,0.54
lPs,42,48,90,0.47
lPt,7,3,10,0.7
lSB,35,35,70,0.5
lSD,4,2,6,0.67
lSH,14,12,26,0.54
lSI,0,0,0,
lSK,0,0,0,
lSL,21,19,40,0.52
lSM,34,49,83,0.41
lSN,42,41,83,0.51
lSP,58,72,130,0.45
lSS,49,44,93,0.53
lSb,43,41,84,0.51
lSh,15,23,38,0.39
lSl,22,16,38,0.58
lSm,40,18,58,0.69
lSn,53,44,97,0.55
lSs,53,54,107,0.5
lSt,10,9,19,0.53
lbB,53,61,114,0.46
lbD,2,1,3,0.67
lbH,10,8,18,0.56
lbI,7,2,9,0.78
lbJ,19,16,35,0.54
lbK,2,6,8,0.25
lbL,31,19,50,0.62
lbM,67,63,130,0.52
lbN,80,81,161,0.5
lbP,82,83,165,0.5
lbS,20,26,46,0.43
lbb,70,66,136,0.51
lbl,24,17,41,0.59
lbm,39,40,79,0.49
lbn,54,45,99,0.55
lbs,27,20,47,0.57
lhH,1,0,1,1.0
lhS,1,0,1,1.0
llB,27,24,51,0.53
llD,3,2,5,0.6
llH,13,16,29,0.45
llI,2,2,4,0.5
llJ,3,5,8,0.38
llL,6,13,19,0.32
llM,24,29,53,0.45
llN,23,22,45,0.51
llP,25,22,47,0.53
llS,20,16,36,0.56
llb,28,25,53,0.53
lll,14,11,25,0.56
llm,23,20,43,0.53
lln,16,15,31,0.52
lls,8,12,20,0.4
lmB,39,42,81,0.48
lmD,8,6,14,0.57
lmH,21,29,50,0.42
lmI,5,3,8,0.62
lmJ,8,7,15,0.53
lmL,13,16,29,0.45
lmM,49,33,82,0.6
lmN,59,41,100,0.59
lmP,52,47,99,0.53
lmS,17,15,32,0.53
lmb,48,40,88,0.55
lml,15,9,24,0.62
lmm,30,25,55,0.55
lmn,35,26,61,0.57
lms,15,14,29,0.52
lnB,36,37,73,0.49
lnD,5,1,6,0.83
lnH,16,17,33,0.48
lnI,7,7,14,0.5
lnK,2,4,6,0.33
lnL,16,20,36,0.44
lnM,42,48,90,0.47
lnN,63,46,109,0.58
lnP,80,84,164,0.49
lnS,32,28,60,0.53
lnb,50,42,92,0.54
lnl,10,18,28,0.36
lnm,40,25,65,0.62
lnn,52,38,90,0.58
lns,27,19,46,0.59
lsB,23,26,49,0.47
lsD,6,7,13,0.46
lsH,27,28,55,0.49
lsI,3,2,5,0.6
lsK,0,0,0,
lsL,17,14,31,0.55
lsM,35,33,68,0.51
lsN,33,33,66,0.5
lsP,60,39,99,0.61
lsS,39,33,72,0.54
lsb,32,25,57,0.56
lsh,0,2,2,0.0
lsl,19,13,32,0.59
lsm,31,20,51,0.61
lsn,33,22,55,0.6
lss,27,33,60,0.45
mBB,86,93,179,0.48
mBD,11,9,20,0.55
mBH,1,1,2,0.5
mBK,6,6,12,0.5
mBL,32,35,67,0.48
mBM,67,81,148,0.45
mBN,105,123,228,0.46
mBP,160,121,281,0.57
mBS,77,72,149,0.52
mBb,101,97,198,0.51
mBh,14,16,30,0.47
mBj,34,33,67,0.51
mBl,34,41,75,0.45
mBm,86,69,155,0.55
mBn,143,131,274,0.52
mBs,50,55,105,0.48
mBt,24,10,34,0.71
mDB,11,12,23,0.48
mDD,2,5,7,0.29
mDH,8,10,18,0.44
mDI,2,0,2,1.0
mDK,1,1,2,0.5
mDL,6,11,17,0.35
mDM,18,18,36,0.5
mDN,7,16,23,0.3
mDP,16,17,33,0.48
mDS,16,13,29,0.55
mDb,5,10,15,0.33
mDl,4,9,13,0.31
mDm,18,15,33,0.55
mDn,10,17,27,0.37
mDs,16,6,22,0.73
mDt,1,5,6,0.17
mHB,46,67,113,0.41
mHD,4,10,14,0.29
mHH,11,7,18,0.61
mHI,6,3,9,0.67
mHK,7,1,8,0.88
mHL,32,29,61,0.52
mHM,69,84,153,0.45
mHN,64,90,154,0.42
mHP,117,109,226,0.52
mHS,70,55,125,0.56
mHb,72,60,132,0.55
mHh,30,39,69,0.43
mHl,33,29,62,0.53
mHm,69,52,121,0.57
mHn,94,75,169,0.56
mHs,61,59,120,0.51
mHt,6,8,14,0.43
mIB,14,5,19,0.74
mID,2,0,2,1.0
mIH,4,6,10,0.4
mII,3,0,3,1.0
mIL,6,4,10,0.6
mIM,4,11,15,0.27
mIN,18,9,27,0.67
mIP,22,17,39,0.56
mIS,5,7,12,0.42
mIb,12,11,23,0.52
mIl,1,3,4,0.25
mIm,7,7,14,0.5
mIn,14,13,27,0.52
mIs,13,6,19,0.68
mJB,27,16,43,0.63
mJD,3,1,4,0.75
mJH,13,9,22,0.59
mJI,4,2,6,0.67
mJK,1,2,3,0.33
mJL,10,11,21,0.48
mJM,20,30,50,0.4
mJN,35,20,55,0.64
mJP,45,34,79,0.57
mJS,17,16,33,0.52
mJb,37,13,50,0.74
mJh,2,3,5,0.4
mJl,13,6,19,0.68
mJm,16,16,32,0.5
mJn,22,25,47,0.47
mJs,21,16,37,0.57
mJt,5,3,8,0.62
mKB,1,1,2,0.5
mKH,0,0,0,
mKL,1,0,1,1.0
mKM,1,0,1,1.0
mKN,1,0,1,1.0
mKP,1,1,2,0.5
mKS,0,2,2,0.0
mKb,0,1,1,0.0
mKh,0,0,0,
mKm,3,0,3,1.0
mKn,0,1,1,0.0
mKs,2,0,2,1.0
mLB,38,33,71,0.54
mLD,5,5,10,0.5
mLH,0,1,1,0.0
mLK,1,2,3,0.33
mLL,17,20,37,0.46
mLM,34,47,81,0.42
mLN,40,49,89,0.45
mLP,56,52,108,0.52
mLS,37,33,70,0.53
mLb,32,27,59,0.54
mLh,16,28,44,0.36
mLj,6,16,22,0.27
mLl,17,18,35,0.49
mLm,44,31,75,0.59
mLn,48,46,94,0.51
mLs,34,33,67,0.51
mLt,8,5,13,0.62
mMB,90,94,184,0.49
mMD,10,10,20,0.5
mMH,1,0,1,1.0
mMI,1,0,1,1.0
mMK,0,0,0,
mML,34,35,69,0.49
mMM,84,81,165,0.51
mMN,130,125,255,0.51
mMP,125,152,277,0.45
mMS,63,66,129,0.49
mMb,102,101,203,0.5
mMh,86,92,178,0.48
mMj,42,29,71,0.59
mMl,44,43,87,0.51
mMm,100,88,188,0.53
mMn,162,155,317,0.51
mMs,78,70,148,0.53
mMt,18,18,36,0.5
mNB,101,93,194,0.52
mND,21,9,30,0.7
mNH,19,26,45,0.42
mNI,0,0,0,
mNK,10,7,17,0.59
mNL,38,35,73,0.52
mNM,126,134,260,0.48
mNN,142,163,305,0.47
mNP,227,210,437,0.52
mNS,103,109,212,0.49
mNb,126,103,229,0.55
mNh,26,34,60,0.43
mNl,42,46,88,0.48
mNm,86,95,181,0.48
mNn,220,170,390,0.56
mNs,84,96,180,0.47
mNt,30,20,50,0.6
mPB,123,134,257,0.48
mPD,17,14,31,0.55
mPH,32,37,69,0.46
mPI,10,11,21,0.48
mPK,10,8,18,0.56
mPL,58,70,128,0.45
mPM,123,168,291,0.42
mPN,162,150,312,0.52
mPP,234,242,476,0.49
mPS,93,96,189,0.49
mPb,144,134,278,0.52
mPh,10,9,19,0.53
mPl,43,65,108,0.4
mPm,109,103,212,0.51
mPn,137,134,271,0.51
mPs,114,75,189,0.6
mPt,20,18,38,0.53
mSB,46,67,113,0.41
mSD,9,6,15,0.6
mSH,18,23,41,0.44
mSI,0,1,1,0.0
mSK,1,1,2,0.5
mSL,21,24,45,0.47
mSM,61,76,137,0.45
mSN,77,70,147,0.52
mSP,103,92,195,0.53
mSS,67,93,160,0.42
mSb,69,48,117,0.59
mSh,45,39,84,0.54
mSl,27,21,48,0.56
mSm,64,52,116,0.55
mSn,87,90,177,0.49
mSs,92,89,181,0.51
mSt,31,15,46,0.67
mbB,101,112,213,0.47
mbD,8,7,15,0.53
mbH,27,25,52,0.52
mbI,13,6,19,0.68
mbJ,47,26,73,0.64
mbK,7,5,12,0.58
mbL,40,48,88,0.45
mbM,119,118,237,0.5
mbN,157,137,294,0.53
mbP,174,130,304,0.57
mbS,62,51,113,0.55
mbb,163,99,262,0.62
mbl,37,33,70,0.53
mbm,106,82,188,0.56
mbn,116,96,212,0.55
mbs,32,29,61,0.52
mhI,0,1,1,0.0
mhM,0,1,1,0.0
mhS,0,0,0,
mhh,0,0,0,
mhm,1,0,1,1.0
mhn,0,3,3,0.0
mhs,0,1,1,0.0
mlB,35,41,76,0.46
mlD,5,2,7,0.71
mlH,24,15,39,0.62
mlI,4,2,6,0.67
mlJ,14,12,26,0.54
mlK,0,1,1,0.0
mlL,16,16,32,0.5
mlM,37,49,86,0.43
mlN,45,46,91,0.49
mlP,45,43,88,0.51
mlS,22,25,47,0.47
mlb,42,29,71,0.59
mll,6,15,21,0.29
mlm,33,22,55,0.6
mln,26,20,46,0.57
mls,22,17,39,0.56
mmB,87,94,181,0.48
mmD,11,8,19,0.58
mmH,53,45,98,0.54
mmI,6,8,14,0.43
mmJ,16,19,35,0.46
mmL,32,27,59,0.54
mmM,79,78,157,0.5
mmN,101,110,211,0.48
mmP,91,94,185,0.49
mmS,48,42,90,0.53
mmb,106,88,194,0.55
mmh,1,0,1,1.0
mml,31,15,46,0.67
mmm,80,38,118,0.68
mmn,69,78,147,0.47
mms,37,30,67,0.55
mmt,1,0,1,1.0
mnB,100,95,195,0.51
mnD,4,9,13,0.31
mnH,41,43,84,0.49
mnI,23,15,38,0.61
mnK,6,2,8,0.75
mnL,30,37,67,0.45
mnM,103,78,181,0.57
mnN,150,135,285,0.53
mnP,135,149,284,0.48
mnS,73,62,135,0.54
mnb,95,91,186,0.51
mnh,0,3,3,0.0
mnl,30,24,54,0.56
mnm,89,59,148,0.6
mnn,119,114,233,0.51
mns,59,57,116,0.51
msB,33,31,64,0.52
msD,9,6,15,0.6
msH,34,33,67,0.51
msI,7,5,12,0.58
msK,1,0,1,1.0
msL,23,26,49,0.47
msM,44,39,83,0.53
msN,59,62,121,0.49
msP,70,66,136,0.51
msS,70,59,129,0.54
msb,51,38,89,0.57
msh,2,1,3,0.67
msl,21,18,39,0.54
msm,56,43,99,0.57
msn,60,45,105,0.57
mss,49,44,93,0.53
mst,0,1,1,0.0
mtN,1,0,1,1.0
mtb,0,1,1,0.0
mtt,0,1,1,0.0
nBB,129,105,234,0.55
nBD,6,7,13,0.46
nBH,1,1,2,0.5
nBK,7,6,13,0.54
nBL,33,43,76,0.43
nBM,85,108,193,0.44
nBN,115,150,265,0.43
nBP,150,148,298,0.5
nBS,47,82,129,0.36
nBb,101,114,215,0.47
nBh,5,14,19,0.26
nBj,30,46,76,0.39
nBl,46,42,88,0.52
nBm,97,86,183,0.53
nBn,175,145,320,0.55
nBs,53,81,134,0.4
nBt,21,17,38,0.55
nDB,9,5,14,0.64
nDD,3,3,6,0.5
nDH,13,12,25,0.52
nDI,2,1,3,0.67
nDL,6,8,14,0.43
nDM,11,18,29,0.38
nDN,11,13,24,0.46
nDP,25,15,40,0.62
nDS,14,19,33,0.42
nDb,11,6,17,0.65
nDh,0,1,1,0.0
nDl,8,2,10,0.8
nDm,15,11,26,0.58
nDn,17,13,30,0.57
nDs,10,11,21,0.48
nDt,2,5,7,0.29
nHB,48,49,97,0.49
nHD,10,8,18,0.56
nHH,11,9,20,0.55
nHI,10,6,16,0.62
nHK,8,2,10,0.8
nHL,23,22,45,0.51
nHM,63,55,118,0.53
nHN,89,88,177,0.5
nHP,111,109,220,0.5
nHS,52,66,118,0.44
nHb,69,46,115,0.6
nHh,31,30,61,0.51
nHl,26,32,58,0.45
nHm,65,47,112,0.58
nHn,106,78,184,0.58
nHs,50,59,109,0.46
nHt,5,5,10,0.5
nIB,19,19,38,0.5
nID,2,3,5,0.4
nIH,8,13,21,0.38
nII,3,3,6,0.5
nIL,10,8,18,0.56
nIM,19,23,42,0.45
nIN,25,27,52,0.48
nIP,46,28,74,0.62
nIS,25,17,42,0.6
nIb,23,22,45,0.51
nIl,8,6,14,0.57
nIm,33,12,45,0.73
nIn,15,28,43,0.35
nIs,9,17,26,0.35
nIt,3,3,6,0.5
nKB,9,4,13,0.69
nKD,2,1,3,0.67
nKH,0,1,1,0.0
nKI,3,1,4,0.75
nKL,3,4,7,0.43
nKM,5,9,14,0.36
nKN,6,8,14,0.43
nKP,11,14,25,0.44
nKS,11,11,22,0.5
nKb,11,7,18,0.61
nKh,11,5,16,0.69
nKl,8,4,12,0.67
nKm,10,4,14,0.71
nKn,12,9,21,0.57
nKs,9,6,15,0.6
nLB,48,40,88,0.55
nLD,3,2,5,0.6
nLH,1,0,1,1.0
nLK,3,5,8,0.38
nLL,18,25,43,0.42
nLM,42,52,94,0.45
nLN,40,48,88,0.45
nLP,63,73,136,0.46
nLS,31,40,71,0.44
nLb,48,51,99,0.48
nLh,16,28,44,0.36
nLj,15,16,31,0.48
nLl,25,19,44,0.57
nLm,48,44,92,0.52
nLn,74,70,144,0.51
nLs,48,48,96,0.5
nLt,14,11,25,0.56
nMB,112,112,224,0.5
nMD,6,10,16,0.38
nMK,1,0,1,1.0
nML,41,43,84,0.49
nMM,90,124,214,0.42
nMN,124,128,252,0.49
nMP,151,156,307,0.49
nMS,82,90,172,0.48
nMb,124,114,238,0.52
nMh,86,86,172,0.5
nMj,33,39,72,0.46
nMl,56,53,109,0.51
nMm,121,100,221,0.55
nMn,157,176,333,0.47
nMs,103,97,200,0.52
nMt,30,12,42,0.71
nNB,142,136,278,0.51
nND,19,20,39,0.49
nNH,31,36,67,0.46
nNI,2,1,3,0.67
nNK,15,16,31,0.48
nNL,56,64,120,0.47
nNM,128,163,291,0.44
nNN,219,249,468,0.47
nNP,306,304,610,0.5
nNS,151,158,309,0.49
nNb,146,132,278,0.53
nNh,41,54,95,0.43
nNl,85,59,144,0.59
nNm,164,140,304,0.54
nNn,270,277,547,0.49
nNs,135,142,277,0.49
nNt,35,35,70,0.5
nPB,200,173,373,0.54
nPD,22,16,38,0.58
nPH,74,70,144,0.51
nPI,21,28,49,0.43
nPK,20,17,37,0.54
nPL,114,114,228,0.5
nPM,167,218,385,0.43
nPN,251,258,509,0.49
nPP,418,374,792,0.53
nPS,174,176,350,0.5
nPb,207,176,383,0.54
nPh,29,20,49,0.59
nPl,102,88,190,0.54
nPm,220,128,348,0.63
nPn,253,228,481,0.53
nPs,188,178,366,0.51
nPt,32,35,67,0.48
nSB,73,76,149,0.49
nSD,11,9,20,0.55
nSH,33,52,85,0.39
nSK,2,1,3,0.67
nSL,40,56,96,0.42
nSM,98,99,197,0.5
nSN,113,120,233,0.48
nSP,170,166,336,0.51
nSS,121,125,246,0.49
nSb,91,80,171,0.53
nSh,74,62,136,0.54
nSl,40,36,76,0.53
nSm,113,101,214,0.53
nSn,140,133,273,0.51
nSs,117,106,223,0.52
nSt,29,22,51,0.57
nbB,140,115,255,0.55
nbD,12,6,18,0.67
nbH,33,29,62,0.53
nbI,18,11,29,0.62
nbJ,38,49,87,0.44
nbK,14,11,25,0.56
nbL,48,56,104,0.46
nbM,126,144,270,0.47
nbN,188,175,363,0.52
nbP,203,157,360,0.56
nbS,79,86,165,0.48
nbb,159,130,289,0.55
nbh,1,0,1,1.0
nbl,51,31,82,0.62
nbm,107,71,178,0.6
nbn,144,112,256,0.56
nbs,58,55,113,0.51
nhB,4,3,7,0.57
nhH,1,1,2,0.5
nhL,5,3,8,0.62
nhM,2,2,4,0.5
nhN,7,5,12,0.58
nhP,9,2,11,0.82
nhS,2,1,3,0.67
nhb,4,5,9,0.44
nhh,9,1,10,0.9
nhl,3,1,4,0.75
nhm,9,5,14,0.64
nhn,3,7,10,0.3
nhs,7,7,14,0.5
nht,1,0,1,1.0
nlB,42,37,79,0.53
nlD,6,2,8,0.75
nlH,35,30,65,0.54
nlI,5,7,12,0.42
nlJ,12,17,29,0.41
nlK,1,1,2,0.5
nlL,23,21,44,0.52
nlM,59,59,118,0.5
nlN,73,62,135,0.54
nlP,85,79,164,0.52
nlS,41,45,86,0.48
nlb,58,47,105,0.55
nll,20,22,42,0.48
nlm,43,26,69,0.62
nln,53,44,97,0.55
nls,28,19,47,0.6
nmB,85,111,196,0.43
nmD,11,15,26,0.42
nmH,72,76,148,0.49
nmI,11,13,24,0.46
nmJ,24,23,47,0.51
nmL,41,35,76,0.54
nmM,115,122,237,0.49
nmN,136,127,263,0.52
nmP,151,142,293,0.52
nmS,69,68,137,0.5
nmb,123,96,219,0.56
nml,31,32,63,0.49
nmm,86,65,151,0.57
nmn,119,92,211,0.56
nms,46,52,98,0.47
nmt,1,0,1,1.0
nnB,104,117,221,0.47
nnD,14,19,33,0.42
nnH,73,71,144,0.51
nnI,24,20,44,0.55
nnK,5,13,18,0.28
nnL,64,59,123,0.52
nnM,132,149,281,0.47
nnN,199,225,424,0.47
nnP,252,242,494,0.51
nnS,124,143,267,0.46
nnb,140,120,260,0.54
nnh,4,7,11,0.36
nnl,56,50,106,0.53
nnm,124,95,219,0.57
nnn,191,155,346,0.55
nns,113,110,223,0.51
nsB,68,53,121,0.56
nsD,15,13,28,0.54
nsH,87,96,183,0.48
nsI,12,12,24,0.5
nsK,2,0,2,1.0
nsL,34,28,62,0.55
nsM,87,90,177,0.49
nsN,115,118,233,0.49
nsP,158,124,282,0.56
nsS,127,110,237,0.54
nsb,100,59,159,0.63
nsh,1,2,3,0.33
nsl,44,22,66,0.67
nsm,86,75,161,0.53
nsn,102,85,187,0.55
nss,86,103,189,0.46
nst,0,1,1,0.0
ntM,0,1,1,0.0
ntN,1,0,1,1.0
ntP,0,1,1,0.0
ntm,1,0,1,1.0
ntt,1,0,1,1.0
sBB,59,50,109,0.54
sBD,11,2,13,0.85
sBK,5,4,9,0.56
sBL,25,26,51,0.49
sBM,53,49,102,0.52
sBN,58,62,120,0.48
sBP,101,96,197,0.51
sBS,41,47,88,0.47
sBb,53,59,112,0.47
sBh,11,10,21,0.52
sBj,13,22,35,0.37
sBl,22,31,53,0.42
sBm,45,52,97,0.46
sBn,67,91,158,0.42
sBs,44,34,78,0.56
sBt,13,8,21,0.62
sDB,8,12,20,0.4
sDD,4,1,5,0.8
sDH,10,15,25,0.4
sDL,3,6,9,0.33
sDM,9,13,22,0.41
sDN,17,15,32,0.53
sDP,9,20,29,0.31
sDS,15,10,25,0.6
sDb,14,9,23,0.61
sDl,1,3,4,0.25
sDm,10,5,15,0.67
sDn,8,4,12,0.67
sDs,13,13,26,0.5
sDt,3,1,4,0.75
sHB,58,64,122,0.48
sHD,12,7,19,0.63
sHH,22,15,37,0.59
sHI,10,12,22,0.45
sHK,7,8,15,0.47
sHL,25,37,62,0.4
sHM,67,92,159,0.42
sHN,79,79,158,0.5
sHP,118,88,206,0.57
sHS,76,78,154,0.49
sHb,67,63,130,0.52
sHh,52,51,103,0.5
sHl,26,28,54,0.48
sHm,73,61,134,0.54
sHn,94,94,188,0.5
sHs,92,79,171,0.54
sHt,6,6,12,0.5
sIB,7,7,14,0.5
sID,1,2,3,0.33
sIH,8,11,19,0.42
sII,3,0,3,1.0
sIL,2,3,5,0.4
sIM,14,18,32,0.44
sIN,11,16,27,0.41
sIP,18,20,38,0.47
sIS,16,15,31,0.52
sIb,13,5,18,0.72
sIh,0,0,0,
sIl,4,5,9,0.44
sIm,11,9,20,0.55
sIn,9,5,14,0.64
sIs,12,15,27,0.44
sIt,0,2,2,0.0
sKB,1,2,3,0.33
sKH,1,0,1,1.0
sKL,3,2,5,0.6
sKM,1,0,1,1.0
sKN,0,1,1,0.0
sKP,6,3,9,0.67
sKS,1,3,4,0.25
sKb,3,1,4,0.75
sKh,0,6,6,0.0
sKl,0,1,1,0.0
sKm,3,5,8,0.38
sKn,0,2,2,0.0
sKs,3,2,5,0.6
sKt,0,1,1,0.0
sLB,37,44,81,0.46
sLD,3,1,4,0.75
sLH,0,0,0,
sLK,5,0,5,1.0
sLL,7,20,27,0.26
sLM,43,30,73,0.59
sLN,34,40,74,0.46
sLP,50,43,93,0.54
sLS,21,40,61,0.34
sLb,37,43,80,0.46
sLh,17,17,34,0.5
sLj,9,8,17,0.53
sLl,22,27,49,0.45
sLm,29,37,66,0.44
sLn,50,48,98,0.51
sLs,38,25,63,0.6
sLt,8,6,14,0.57
sMB,65,81,146,0.45
sMD,4,6,10,0.4
sMH,5,1,6,0.83
sMI,0,0,0,
sMK,0,2,2,0.0
sML,43,32,75,0.57
sMM,53,78,131,0.4
sMN,66,80,146,0.45
sMP,85,103,188,0.45
sMS,63,64,127,0.5
sMb,73,62,135,0.54
sMh,62,65,127,0.49
sMj,14,25,39,0.36
sMl,41,30,71,0.58
sMm,90,66,156,0.58
sMn,100,103,203,0.49
sMs,71,82,153,0.46
sMt,12,16,28,0.43
sNB,72,67,139,0.52
sND,9,7,16,0.56
sNH,19,15,34,0.56
sNI,1,1,2,0.5
sNK,10,8,18,0.56
sNL,41,49,90,0.46
sNM,73,100,173,0.42
sNN,102,100,202,0.5
sNP,170,163,333,0.51
sNS,88,81,169,0.52
sNb,84,66,150,0.56
sNh,24,18,42,0.57
sNl,30,43,73,0.41
sNm,85,77,162,0.52
sNn,129,110,239,0.54
sNs,102,103,205,0.5
sNt,24,26,50,0.48
sPB,99,100,199,0.5
sPD,10,10,20,0.5
sPH,38,33,71,0.54
sPI,14,11,25,0.56
sPK,7,12,19,0.37
sPL,65,70,135,0.48
sPM,105,140,245,0.43
sPN,134,141,275,0.49
sPP,224,203,427,0.52
sPS,105,133,238,0.44
sPb,105,128,233,0.45
sPh,14,14,28,0.5
sPl,57,65,122,0.47
sPm,133,88,221,0.6
sPn,135,105,240,0.56
sPs,105,132,237,0.44
sPt,22,16,38,0.58
sSB,77,78,155,0.5
sSD,18,17,35,0.51
sSH,41,45,86,0.48
sSI,5,1,6,0.83
sSK,5,3,8,0.62
sSL,57,45,102,0.56
sSM,74,125,199,0.37
sSN,90,105,195,0.46
sSP,153,150,303,0.5
sSS,130,158,288,0.45
sSb,87,68,155,0.56
sSh,68,75,143,0.48
sSl,53,35,88,0.6
sSm,99,76,175,0.57
sSn,109,118,227,0.48
sSs,149,153,302,0.49
sSt,23,20,43,0.53
sbB,86,60,146,0.59
sbD,5,6,11,0.45
sbH,16,13,29,0.55
sbI,5,7,12,0.42
sbJ,40,30,70,0.57
sbK,5,6,11,0.45
sbL,34,34,68,0.5
sbM,98,84,182,0.54
sbN,112,95,207,0.54
sbP,123,96,219,0.56
sbS,38,53,91,0.42
sbb,111,79,190,0.58
sbh,0,0,0,
sbl,33,33,66,0.5
sbm,70,43,113,0.62
sbn,78,64,142,0.55
sbs,34,32,66,0.52
shB,0,2,2,0.0
shD,0,1,1,0.0
shH,0,0,0,
shK,0,0,0,
shL,2,0,2,1.0
shM,1,2,3,0.33
shN,3,2,5,0.6
shP,7,6,13,0.54
shS,2,5,7,0.29
shb,4,1,5,0.8
shh,4,3,7,0.57
shl,1,1,2,0.5
shm,4,3,7,0.57
shn,4,2,6,0.67
shs,6,2,8,0.75
sht,0,1,1,0.0
slB,42,30,72,0.58
slD,3,2,5,0.6
slH,15,21,36,0.42
slI,4,2,6,0.67
slJ,14,10,24,0.58
slK,4,1,5,0.8
slL,17,21,38,0.45
slM,41,40,81,0.51
slN,51,54,105,0.49
slP,45,38,83,0.54
slS,27,30,57,0.47
slb,34,33,67,0.51
sll,16,23,39,0.41
slm,27,17,44,0.61
sln,42,36,78,0.54
sls,27,30,57,0.47
smB,75,73,148,0.51
smD,13,9,22,0.59
smH,66,59,125,0.53
smI,10,10,20,0.5
smJ,15,20,35,0.43
smK,1,0,1,1.0
smL,29,27,56,0.52
smM,78,87,165,0.47
smN,103,93,196,0.53
smP,104,87,191,0.54
smS,69,68,137,0.5
smb,82,83,165,0.5
sml,45,19,64,0.7
smm,78,53,131,0.6
smn,77,68,145,0.53
sms,63,38,101,0.62
snB,64,71,135,0.47
snD,18,9,27,0.67
snH,38,36,74,0.51
snI,21,16,37,0.57
snK,6,4,10,0.6
snL,29,24,53,0.55
snM,70,53,123,0.57
snN,96,109,205,0.47
snP,103,108,211,0.49
snS,71,65,136,0.52
snb,71,54,125,0.57
snh,1,1,2,0.5
snl,30,29,59,0.51
snm,56,58,114,0.49
snn,87,68,155,0.56
sns,66,48,114,0.58
ssB,52,58,110,0.47
ssD,14,10,24,0.58
ssH,84,94,178,0.47
ssI,16,8,24,0.67
ssK,2,2,4,0.5
ssL,38,39,77,0.49
ssM,71,86,157,0.45
ssN,106,88,194,0.55
ssP,96,111,207,0.46
ssS,138,113,251,0.55
ssb,84,74,158,0.53
ssh,5,2,7,0.71
ssl,63,39,102,0.62
ssm,84,67,151,0.56
ssn,87,62,149,0.58
sss,115,107,222,0.52
stB,1,1,2,0.5
stH,1,0,1,1.0
stL,0,2,2,0.0
stM,1,1,2,0.5
stN,1,1,2,0.5
stP,2,0,2,1.0
stb,1,0,1,1.0
stl,1,1,2,0.5
stm,0,0,0,
stn,0,1,1,0.0
sts,1,0,1,1.0
tBB,8,11,19,0.42
tBD,1,2,3,0.33
tBK,1,0,1,1.0
tBL,3,4,7,0.43
tBM,13,12,25,0.52
tBN,9,7,16,0.56
tBP,8,16,24,0.33
tBS,1,3,4,0.25
tBb,12,6,18,0.67
tBh,0,1,1,0.0
tBj,6,2,8,0.75
tBl,8,5,13,0.62
tBm,7,12,19,0.37
tBn,10,13,23,0.43
tBs,4,4,8,0.5
tBt,2,3,5,0.4
tDB,0,2,2,0.0
tDD,1,1,2,0.5
tDH,1,0,1,1.0
tDK,0,0,0,
tDM,0,1,1,0.0
tDN,3,0,3,1.0
tDP,1,3,4,0.25
tDS,1,0,1,1.0
tDb,0,2,2,0.0
tDl,2,1,3,0.67
tDm,2,1,3,0.67
tDn,2,2,4,0.5
tDs,3,0,3,1.0
tHB,2,3,5,0.4
tHD,1,0,1,1.0
tHH,3,6,9,0.33
tHI,0,1,1,0.0
tHK,1,0,1,1.0
tHL,5,3,8,0.62
tHM,3,4,7,0.43
tHN,10,13,23,0.43
tHP,3,6,9,0.33
tHS,4,3,7,0.57
tHb,2,9,11,0.18
tHh,3,4,7,0.43
tHl,4,5,9,0.44
tHm,8,0,8,1.0
tHn,9,8,17,0.53
tHs,7,8,15,0.47
tHt,1,0,1,1.0
tID,0,0,0,
tIM,1,0,1,1.0
tIP,0,2,2,0.0
tIS,0,2,2,0.0
tIb,1,0,1,1.0
tIm,2,0,2,1.0
tIn,0,1,1,0.0
tKB,1,1,2,0.5
tKD,1,0,1,1.0
tKM,1,1,2,0.5
tKS,0,1,1,0.0
tKb,1,0,1,1.0
tKh,1,1,2,0.5
tKl,1,1,2,0.5
tKm,0,2,2,0.0
tKs,0,1,1,0.0
tLB,9,4,13,0.69
tLL,1,1,2,0.5
tLM,4,7,11,0.36
tLN,5,4,9,0.56
tLP,9,6,15,0.6
tLS,3,4,7,0.43
tLb,10,7,17,0.59
tLh,3,2,5,0.6
tLj,2,2,4,0.5
tLl,3,1,4,0.75
tLm,8,2,10,0.8
tLn,8,4,12,0.67
tLs,2,2,4,0.5
tLt,0,0,0,
tMB,15,14,29,0.52
tMD,0,2,2,0.0
tMK,0,0,0,
tML,6,3,9,0.67
tMM,6,11,17,0.35
tMN,6,13,19,0.32
tMP,11,18,29,0.38
tMS,8,9,17,0.47
tMb,10,6,16,0.62
tMh,3,4,7,0.43
tMj,3,1,4,0.75
tMl,9,5,14,0.64
tMm,15,11,26,0.58
tMn,12,16,28,0.43
tMs,10,7,17,0.59
tMt,0,2,2,0.0
tNB,17,7,24,0.71
tND,0,0,0,
tNH,4,0,4,1.0
tNI,0,0,0,
tNL,7,3,10,0.7
tNM,9,9,18,0.5
tNN,22,16,38,0.58
tNP,16,24,40,0.4
tNS,7,15,22,0.32
tNb,11,11,22,0.5
tNh,1,6,7,0.14
tNl,6,3,9,0.67
tNm,14,13,27,0.52
tNn,19,14,33,0.58
tNs,14,11,25,0.56
tNt,2,2,4,0.5
tPB,18,17,35,0.51
tPD,1,3,4,0.25
tPH,3,7,10,0.3
tPI,3,3,6,0.5
tPK,0,0,0,
tPL,11,7,18,0.61
tPM,16,14,30,0.53
tPN,17,17,34,0.5
tPP,33,28,61,0.54
tPS,17,17,34,0.5
tPb,16,21,37,0.43
tPh,3,1,4,0.75
tPl,13,10,23,0.57
tPm,24,16,40,0.6
tPn,20,15,35,0.57
tPs,28,14,42,0.67
tPt,0,3,3,0.0
tSB,9,10,19,0.47
tSD,0,2,2,0.0
tSH,7,4,11,0.64
tSI,1,0,1,1.0
tSL,4,4,8,0.5
tSM,7,7,14,0.5
tSN,8,7,15,0.53
tSP,18,6,24,0.75
tSS,16,15,31,0.52
tSb,5,10,15,0.33
tSh,3,8,11,0.27
tSl,6,5,11,0.55
tSm,14,12,26,0.54
tSn,5,7,12,0.42
tSs,19,10,29,0.66
tSt,1,2,3,0.33
tbB,17,11,28,0.61
tbD,1,2,3,0.33
tbH,2,2,4,0.5
tbI,0,0,0,
tbJ,4,2,6,0.67
tbK,2,0,2,1.0
tbL,3,10,13,0.23
tbM,10,12,22,0.45
tbN,17,26,43,0.4
tbP,15,14,29,0.52
tbS,8,3,11,0.73
tbb,12,9,21,0.57
tbl,13,4,17,0.76
tbm,8,15,23,0.35
tbn,13,14,27,0.48
tbs,7,5,12,0.58
thP,1,0,1,1.0
thS,0,0,0,
thb,0,1,1,0.0
thm,1,0,1,1.0
thn,0,1,1,0.0
ths,1,0,1,1.0
tlB,3,6,9,0.33
tlD,1,1,2,0.5
tlH,5,2,7,0.71
tlI,2,0,2,1.0
tlJ,1,1,2,0.5
tlL,4,1,5,0.8
tlM,3,5,8,0.38
tlN,7,3,10,0.7
tlP,11,9,20,0.55
tlS,5,3,8,0.62
tlb,7,5,12,0.58
tll,3,4,7,0.43
tlm,3,1,4,0.75
tln,5,3,8,0.62
tls,1,1,2,0.5
tmB,13,8,21,0.62
tmD,2,2,4,0.5
tmH,8,7,15,0.53
tmI,1,1,2,0.5
tmJ,3,3,6,0.5
tmL,3,6,9,0.33
tmM,15,17,32,0.47
tmN,15,13,28,0.54
tmP,13,10,23,0.57
tmS,9,13,22,0.41
tmb,6,11,17,0.35
tml,8,5,13,0.62
tmm,4,7,11,0.36
tmn,5,3,8,0.62
tms,3,7,10,0.3
tnB,10,7,17,0.59
tnD,0,1,1,0.0
tnH,12,8,20,0.6
tnI,2,1,3,0.67
tnK,1,0,1,1.0
tnL,2,7,9,0.22
tnM,7,8,15,0.47
tnN,16,20,36,0.44
tnP,24,10,34,0.71
tnS,9,12,21,0.43
tnb,13,6,19,0.68
tnh,0,0,0,
tnl,5,7,12,0.42
tnm,8,9,17,0.47
tnn,7,14,21,0.33
tns,7,6,13,0.54
tsB,5,5,10,0.5
tsD,1,1,2,0.5
tsH,6,9,15,0.4
tsI,2,2,4,0.5
tsL,0,3,3,0.0
tsM,8,7,15,0.53
tsN,4,10,14,0.29
tsP,11,9,20,0.55
tsS,9,13,22,0.41
tsb,5,6,11,0.45
tsl,0,1,1,0.0
tsm,10,7,17,0.59
tsn,3,8,11,0.27
tss,10,7,17,0.59
ttB,2,1,3,0.67
ttD,0,2,2,0.0
ttH,2,0,2,1.0
ttL,2,0,2,1.0
ttM,3,2,5,0.6
ttN,7,4,11,0.64
ttP,1,2,3,0.33
ttS,3,5,8,0.38
ttb,1,3,4,0.25
ttl,0,2,2,0.0
ttm,4,4,8,0.5
ttn,4,3,7,0.57
tts,3,1,4,0.75
