candlestick_code4,label_increase,label_decrease,occurrence,percentage
BBBB,10,6,16,0.62
BBBD,1,0,1,1.0
BBBL,4,0,4,1.0
BBBM,9,7,16,0.56
BBBN,10,8,18,0.56
BBBP,11,8,19,0.58
BBBS,1,1,2,0.5
BBBb,8,8,16,0.5
BBBh,1,0,1,1.0
BBBj,1,0,1,1.0
BBBl,4,1,5,0.8
BBBm,6,3,9,0.67
BBBn,10,9,19,0.53
BBBs,3,1,4,0.75
BBBt,0,3,3,0.0
BBDP,2,0,2,1.0
BBDb,1,0,1,1.0
BBDt,2,0,2,1.0
BBHN,0,1,1,0.0
BBKM,0,1,1,0.0
BBKN,1,0,1,1.0
BBLB,1,5,6,0.17
BBLL,0,2,2,0.0
BBLM,1,2,3,0.33
BBLP,5,4,9,0.56
BBLS,1,0,1,1.0
BBLb,2,6,8,0.25
BBLh,1,0,1,1.0
BBLj,0,2,2,0.0
BBLm,4,1,5,0.8
BBLn,4,3,7,0.57
BBLs,0,1,1,0.0
BBLt,0,0,0,
BBMB,5,6,11,0.45
BBML,4,2,6,0.67
BBMM,3,11,14,0.21
BBMN,6,9,15,0.4
BBMP,11,12,23,0.48
BBMS,2,2,4,0.5
BBMb,6,6,12,0.5
BBMh,6,4,10,0.6
BBMj,2,1,3,0.67
BBMm,6,1,7,0.86
BBMn,11,8,19,0.58
BBMs,2,2,4,0.5
BBMt,2,0,2,1.0
BBNB,6,5,11,0.55
BBNH,1,2,3,0.33
BBNK,0,1,1,0.0
BBNL,6,3,9,0.67
BBNM,7,5,12,0.58
BBNN,12,8,20,0.6
BBNP,21,16,37,0.57
BBNS,1,1,2,0.5
BBNb,7,4,11,0.64
BBNh,5,6,11,0.45
BBNl,3,5,8,0.38
BBNm,5,5,10,0.5
BBNn,8,12,20,0.4
BBNs,4,3,7,0.57
BBNt,1,0,1,1.0
BBPB,9,8,17,0.53
BBPD,0,1,1,0.0
BBPH,0,3,3,0.0
BBPK,1,1,2,0.5
BBPL,4,5,9,0.44
BBPM,11,10,21,0.52
BBPN,11,8,19,0.58
BBPP,11,15,26,0.42
BBPS,3,4,7,0.43
BBPb,6,14,20,0.3
BBPl,4,5,9,0.44
BBPm,7,8,15,0.47
BBPn,4,10,14,0.29
BBPs,7,6,13,0.54
BBPt,1,0,1,1.0
BBSB,1,2,3,0.33
BBSD,0,1,1,0.0
BBSM,2,1,3,0.67
BBSN,3,3,6,0.5
BBSP,2,3,5,0.4
BBSS,3,2,5,0.6
BBSb,3,1,4,0.75
BBSh,3,6,9,0.33
BBSl,1,0,1,1.0
BBSm,3,0,3,1.0
BBSn,1,8,9,0.11
BBSs,2,2,4,0.5
BBbB,4,9,13,0.31
BBbH,6,0,6,1.0
BBbI,1,1,2,0.5
BBbJ,4,1,5,0.8
BBbK,1,0,1,1.0
BBbL,3,7,10,0.3
BBbM,11,7,18,0.61
BBbN,9,11,20,0.45
BBbP,12,8,20,0.6
BBbS,3,5,8,0.38
BBbb,11,16,27,0.41
BBbl,4,2,6,0.67
BBbm,7,7,14,0.5
BBbn,10,12,22,0.45
BBbs,4,3,7,0.57
BBhB,0,0,0,
BBhL,0,0,0,
BBhN,2,0,2,1.0
BBhP,2,2,4,0.5
BBhS,1,1,2,0.5
BBhb,2,2,4,0.5
BBhh,1,2,3,0.33
BBhl,0,0,0,
BBhn,3,0,3,1.0
BBhs,1,0,1,1.0
BBjB,1,4,5,0.2
BBjH,1,0,1,1.0
BBjL,2,1,3,0.67
BBjM,2,2,4,0.5
BBjN,2,2,4,0.5
BBjP,5,1,6,0.83
BBjS,2,2,4,0.5
BBjb,1,7,8,0.12
BBjh,0,1,1,0.0
BBjl,4,4,8,0.5
BBjm,2,0,2,1.0
BBjn,7,2,9,0.78
BBjs,2,1,3,0.67
BBjt,1,0,1,1.0
BBlB,1,2,3,0.33
BBlH,1,1,2,0.5
BBlI,0,1,1,0.0
BBlL,1,1,2,0.5
BBlM,2,2,4,0.5
BBlN,0,5,5,0.0
BBlP,4,1,5,0.8
BBlS,1,3,4,0.25
BBlb,5,4,9,0.56
BBll,0,1,1,0.0
BBlm,2,1,3,0.67
BBln,2,4,6,0.33
BBls,1,1,2,0.5
BBmB,4,6,10,0.4
BBmD,1,0,1,1.0
BBmH,3,2,5,0.6
BBmJ,2,1,3,0.67
BBmL,2,4,6,0.33
BBmM,5,11,16,0.31
BBmN,9,12,21,0.43
BBmP,8,6,14,0.57
BBmS,2,2,4,0.5
BBmb,7,5,12,0.58
BBml,2,1,3,0.67
BBmm,5,6,11,0.45
BBmn,8,4,12,0.67
BBms,1,3,4,0.25
BBnB,10,4,14,0.71
BBnD,0,2,2,0.0
BBnH,3,7,10,0.3
BBnI,1,0,1,1.0
BBnK,1,1,2,0.5
BBnL,6,3,9,0.67
BBnM,9,6,15,0.6
BBnN,10,11,21,0.48
BBnP,13,11,24,0.54
BBnS,6,3,9,0.67
BBnb,5,11,16,0.31
BBnh,0,2,2,0.0
BBnl,2,6,8,0.25
BBnm,9,6,15,0.6
BBnn,8,11,19,0.42
BBns,3,3,6,0.5
BBsB,4,0,4,1.0
BBsD,1,0,1,1.0
BBsH,3,4,7,0.43
BBsL,1,0,1,1.0
BBsM,2,4,6,0.33
BBsN,3,3,6,0.5
BBsP,5,8,13,0.38
BBsS,2,6,8,0.25
BBsb,1,1,2,0.5
BBsl,0,1,1,0.0
BBsm,3,2,5,0.6
BBsn,3,2,5,0.6
BBtB,2,0,2,1.0
BBtD,1,0,1,1.0
BBtH,1,1,2,0.5
BBtL,1,0,1,1.0
BBtM,0,2,2,0.0
BBtN,1,0,1,1.0
BBtP,1,3,4,0.25
BBtS,0,3,3,0.0
BBtb,0,2,2,0.0
BBtl,2,0,2,1.0
BBtn,2,1,3,0.67
BBts,1,1,2,0.5
BDBB,1,0,1,1.0
BDBN,0,1,1,0.0
BDBP,0,1,1,0.0
BDBj,0,1,1,0.0
BDBt,1,0,1,1.0
BDDS,0,1,1,0.0
BDHB,1,0,1,1.0
BDHM,2,2,4,0.5
BDHN,0,1,1,0.0
BDHP,0,0,0,
BDHh,1,0,1,1.0
BDHn,0,1,1,0.0
BDHs,2,0,2,1.0
BDLP,1,2,3,0.33
BDMN,0,0,0,
BDMS,1,0,1,1.0
BDMh,0,1,1,0.0
BDNL,0,1,1,0.0
BDNM,1,1,2,0.5
BDNN,1,0,1,1.0
BDNP,0,1,1,0.0
BDNS,1,0,1,1.0
BDNn,0,1,1,0.0
BDPB,1,1,2,0.5
BDPH,0,0,0,
BDPL,0,0,0,
BDPM,0,1,1,0.0
BDPP,4,0,4,1.0
BDPS,0,2,2,0.0
BDPh,2,1,3,0.67
BDPl,1,0,1,1.0
BDPm,0,1,1,0.0
BDSB,0,1,1,0.0
BDSL,1,0,1,1.0
BDSP,0,1,1,0.0
BDSS,0,1,1,0.0
BDSb,2,0,2,1.0
BDSh,2,0,2,1.0
BDSl,0,1,1,0.0
BDSs,0,0,0,
BDSt,0,0,0,
BDbB,0,0,0,
BDbM,2,0,2,1.0
BDbN,2,0,2,1.0
BDbP,1,0,1,1.0
BDbS,1,1,2,0.5
BDbb,2,0,2,1.0
BDbm,1,0,1,1.0
BDlH,1,0,1,1.0
BDlP,1,0,1,1.0
BDlb,2,0,2,1.0
BDlm,0,2,2,0.0
BDls,1,1,2,0.5
BDmB,1,0,1,1.0
BDmN,0,0,0,
BDmP,2,0,2,1.0
BDmS,0,1,1,0.0
BDml,1,0,1,1.0
BDmm,0,1,1,0.0
BDmn,0,2,2,0.0
BDms,0,1,1,0.0
BDnB,1,0,1,1.0
BDnK,1,0,1,1.0
BDnP,1,1,2,0.5
BDnb,0,1,1,0.0
BDnn,1,0,1,1.0
BDsH,0,1,1,0.0
BDsN,0,1,1,0.0
BDsP,0,0,0,
BDsS,1,0,1,1.0
BDsh,0,1,1,0.0
BDtB,1,0,1,1.0
BDtS,0,1,1,0.0
BHBL,0,1,1,0.0
BHIH,0,1,1,0.0
BHMB,1,0,1,1.0
BHMb,0,1,1,0.0
BHNM,1,0,1,1.0
BHNl,1,0,1,1.0
BHPK,0,1,1,0.0
BHPb,0,1,1,0.0
BHSb,0,0,0,
BHSs,0,1,1,0.0
BHbL,0,2,2,0.0
BHbP,1,0,1,1.0
BHlm,0,1,1,0.0
BHmH,1,0,1,1.0
BINK,0,1,1,0.0
BKBB,1,0,1,1.0
BKBM,1,0,1,1.0
BKBN,0,1,1,0.0
BKBP,0,1,1,0.0
BKBn,1,1,2,0.5
BKBs,1,0,1,1.0
BKHb,1,0,1,1.0
BKHm,0,0,0,
BKIS,0,1,1,0.0
BKLM,0,1,1,0.0
BKLP,0,0,0,
BKMB,0,1,1,0.0
BKML,1,0,1,1.0
BKMM,1,0,1,1.0
BKMN,0,1,1,0.0
BKMP,1,0,1,1.0
BKMh,1,0,1,1.0
BKMm,1,0,1,1.0
BKMn,0,1,1,0.0
BKND,0,0,0,
BKNM,0,1,1,0.0
BKNN,2,0,2,1.0
BKNP,0,1,1,0.0
BKNb,0,1,1,0.0
BKNl,0,1,1,0.0
BKNs,0,2,2,0.0
BKPB,0,0,0,
BKPH,0,1,1,0.0
BKPL,0,1,1,0.0
BKPM,2,0,2,1.0
BKPN,1,2,3,0.33
BKPP,0,1,1,0.0
BKPS,0,1,1,0.0
BKPh,0,1,1,0.0
BKPn,2,1,3,0.67
BKPs,0,1,1,0.0
BKSH,1,0,1,1.0
BKSL,1,0,1,1.0
BKSN,1,0,1,1.0
BKSP,1,1,2,0.5
BKSS,1,1,2,0.5
BKSb,1,0,1,1.0
BKSh,1,0,1,1.0
BKSl,1,0,1,1.0
BKSn,0,1,1,0.0
BKbH,1,0,1,1.0
BKbL,0,1,1,0.0
BKbM,0,1,1,0.0
BKbN,0,1,1,0.0
BKbP,1,0,1,1.0
BKbb,1,0,1,1.0
BKbm,1,0,1,1.0
BKbn,3,0,3,1.0
BKhN,0,2,2,0.0
BKhP,0,2,2,0.0
BKhb,1,1,2,0.5
BKhh,0,0,0,
BKlB,0,1,1,0.0
BKlH,0,1,1,0.0
BKlM,0,1,1,0.0
BKlN,1,1,2,0.5
BKln,0,2,2,0.0
BKls,1,1,2,0.5
BKmB,0,1,1,0.0
BKmD,1,0,1,1.0
BKmH,0,0,0,
BKmJ,1,0,1,1.0
BKmN,0,0,0,
BKmP,0,1,1,0.0
BKmS,1,0,1,1.0
BKmb,2,1,3,0.67
BKml,0,1,1,0.0
BKmm,0,1,1,0.0
BKms,1,0,1,1.0
BKnH,0,1,1,0.0
BKnK,0,1,1,0.0
BKnM,0,1,1,0.0
BKnN,0,1,1,0.0
BKnP,1,1,2,0.5
BKnS,0,1,1,0.0
BKnb,1,1,2,0.5
BKnn,1,0,1,1.0
BKns,1,0,1,1.0
BKsB,0,0,0,
BKsK,1,0,1,1.0
BKsL,1,0,1,1.0
BKsP,0,1,1,0.0
BKsn,1,0,1,1.0
BKss,1,0,1,1.0
BLBB,0,2,2,0.0
BLBL,1,1,2,0.5
BLBM,4,1,5,0.8
BLBN,2,3,5,0.4
BLBP,5,4,9,0.56
BLBS,2,0,2,1.0
BLBb,2,2,4,0.5
BLBh,0,1,1,0.0
BLBj,0,1,1,0.0
BLBl,0,2,2,0.0
BLBm,0,3,3,0.0
BLBn,3,3,6,0.5
BLBs,1,1,2,0.5
BLDH,1,0,1,1.0
BLDM,1,0,1,1.0
BLDm,0,1,1,0.0
BLHM,0,1,1,0.0
BLHN,0,1,1,0.0
BLHP,2,1,3,0.67
BLHs,1,0,1,1.0
BLKB,0,1,1,0.0
BLKh,0,0,0,
BLKn,0,2,2,0.0
BLLB,1,2,3,0.33
BLLL,1,0,1,1.0
BLLM,2,0,2,1.0
BLLN,0,1,1,0.0
BLLP,0,0,0,
BLLS,0,1,1,0.0
BLLb,1,2,3,0.33
BLLj,1,1,2,0.5
BLLl,0,2,2,0.0
BLLm,1,1,2,0.5
BLLn,5,2,7,0.71
BLLs,2,0,2,1.0
BLMB,3,0,3,1.0
BLML,0,1,1,0.0
BLMM,2,1,3,0.67
BLMN,1,2,3,0.33
BLMP,4,4,8,0.5
BLMS,2,3,5,0.4
BLMb,3,3,6,0.5
BLMh,1,3,4,0.25
BLMj,0,1,1,0.0
BLMl,1,2,3,0.33
BLMm,2,5,7,0.29
BLMn,7,3,10,0.7
BLMs,1,2,3,0.33
BLNB,1,2,3,0.33
BLND,1,0,1,1.0
BLNH,1,0,1,1.0
BLNL,1,1,2,0.5
BLNM,5,1,6,0.83
BLNN,1,1,2,0.5
BLNP,4,0,4,1.0
BLNS,1,2,3,0.33
BLNb,5,2,7,0.71
BLNh,2,2,4,0.5
BLNl,3,1,4,0.75
BLNm,6,4,10,0.6
BLNn,4,2,6,0.67
BLNt,0,1,1,0.0
BLPB,4,3,7,0.57
BLPD,0,0,0,
BLPH,0,1,1,0.0
BLPL,3,3,6,0.5
BLPM,5,8,13,0.38
BLPN,1,8,9,0.11
BLPP,12,4,16,0.75
BLPS,1,3,4,0.25
BLPb,4,3,7,0.57
BLPl,3,1,4,0.75
BLPm,7,3,10,0.7
BLPn,3,5,8,0.38
BLPs,2,3,5,0.4
BLSB,2,1,3,0.67
BLSH,0,1,1,0.0
BLSK,1,0,1,1.0
BLSL,1,0,1,1.0
BLSM,2,2,4,0.5
BLSN,0,2,2,0.0
BLSP,5,6,11,0.45
BLSS,0,1,1,0.0
BLSb,3,1,4,0.75
BLSh,1,2,3,0.33
BLSl,0,2,2,0.0
BLSm,1,0,1,1.0
BLSs,1,0,1,1.0
BLbB,3,5,8,0.38
BLbH,2,1,3,0.67
BLbI,1,0,1,1.0
BLbJ,3,1,4,0.75
BLbK,2,0,2,1.0
BLbL,2,4,6,0.33
BLbM,2,2,4,0.5
BLbN,6,3,9,0.67
BLbP,5,7,12,0.42
BLbS,1,1,2,0.5
BLbb,2,1,3,0.67
BLbl,0,2,2,0.0
BLbm,3,2,5,0.6
BLbn,5,4,9,0.56
BLbs,1,1,2,0.5
BLhB,1,0,1,1.0
BLhL,0,1,1,0.0
BLhM,1,2,3,0.33
BLhN,2,3,5,0.4
BLhP,3,1,4,0.75
BLhS,0,1,1,0.0
BLhb,2,1,3,0.67
BLhh,2,2,4,0.5
BLhl,1,1,2,0.5
BLhm,2,0,2,1.0
BLhn,4,2,6,0.67
BLhs,1,0,1,1.0
BLht,0,1,1,0.0
BLjB,1,2,3,0.33
BLjI,1,0,1,1.0
BLjN,1,3,4,0.25
BLjP,1,7,8,0.12
BLjS,2,1,3,0.67
BLjb,1,2,3,0.33
BLjm,3,1,4,0.75
BLjs,0,0,0,
BLlB,0,1,1,0.0
BLlH,1,4,5,0.2
BLlJ,1,0,1,1.0
BLlL,1,1,2,0.5
BLlM,2,1,3,0.67
BLlN,0,3,3,0.0
BLlP,4,3,7,0.57
BLlS,1,3,4,0.25
BLlb,3,4,7,0.43
BLll,2,2,4,0.5
BLlm,0,2,2,0.0
BLln,3,2,5,0.6
BLls,1,2,3,0.33
BLmB,4,3,7,0.57
BLmH,6,0,6,1.0
BLmI,0,0,0,
BLmJ,0,0,0,
BLmL,4,3,7,0.57
BLmM,4,2,6,0.67
BLmN,2,5,7,0.29
BLmP,5,4,9,0.56
BLmS,4,1,5,0.8
BLmb,2,1,3,0.67
BLml,0,1,1,0.0
BLmm,1,3,4,0.25
BLmn,2,2,4,0.5
BLms,2,1,3,0.67
BLnB,6,5,11,0.55
BLnH,3,0,3,1.0
BLnK,1,0,1,1.0
BLnL,0,3,3,0.0
BLnM,4,2,6,0.67
BLnN,5,3,8,0.62
BLnP,6,3,9,0.67
BLnS,4,4,8,0.5
BLnb,5,7,12,0.42
BLnh,0,1,1,0.0
BLnl,2,2,4,0.5
BLnm,1,3,4,0.25
BLnn,8,4,12,0.67
BLns,1,9,10,0.1
BLsB,0,2,2,0.0
BLsH,1,0,1,1.0
BLsI,1,0,1,1.0
BLsK,0,1,1,0.0
BLsL,2,0,2,1.0
BLsM,4,3,7,0.57
BLsN,1,1,2,0.5
BLsP,1,5,6,0.17
BLsS,1,0,1,1.0
BLsb,1,1,2,0.5
BLsh,0,1,1,0.0
BLsl,2,2,4,0.5
BLsm,0,1,1,0.0
BLsn,1,0,1,1.0
BLss,0,3,3,0.0
BLtB,0,0,0,
BLtH,0,1,1,0.0
BLtL,1,0,1,1.0
BLtM,1,1,2,0.5
BLtN,0,1,1,0.0
BLtP,2,0,2,1.0
BLtS,0,0,0,
BLtb,1,0,1,1.0
BLtl,1,0,1,1.0
BLtm,1,0,1,1.0
BLtn,2,0,2,1.0
BMBB,10,6,16,0.62
BMBD,0,0,0,
BMBH,0,0,0,
BMBK,1,0,1,1.0
BMBL,2,2,4,0.5
BMBM,7,10,17,0.41
BMBN,8,8,16,0.5
BMBP,4,7,11,0.36
BMBS,1,4,5,0.2
BMBb,10,12,22,0.45
BMBh,1,2,3,0.33
BMBj,2,1,3,0.67
BMBl,4,5,9,0.44
BMBm,6,1,7,0.86
BMBn,5,10,15,0.33
BMBs,5,3,8,0.62
BMBt,1,1,2,0.5
BMDH,0,1,1,0.0
BMDM,0,1,1,0.0
BMDP,2,0,2,1.0
BMDb,0,1,1,0.0
BMDl,0,1,1,0.0
BMDm,1,0,1,1.0
BMDn,1,1,2,0.5
BMHl,0,1,1,0.0
BMHm,1,0,1,1.0
BMHs,1,0,1,1.0
BMKP,0,1,1,0.0
BMKm,0,1,1,0.0
BMLB,1,4,5,0.2
BMLL,2,2,4,0.5
BMLM,3,5,8,0.38
BMLN,3,5,8,0.38
BMLP,1,3,4,0.25
BMLS,2,0,2,1.0
BMLb,4,1,5,0.8
BMLh,4,4,8,0.5
BMLj,1,1,2,0.5
BMLl,1,1,2,0.5
BMLm,1,2,3,0.33
BMLn,2,5,7,0.29
BMLs,1,4,5,0.2
BMLt,0,2,2,0.0
BMMB,8,2,10,0.8
BMMD,1,0,1,1.0
BMML,3,2,5,0.6
BMMM,5,8,13,0.38
BMMN,3,7,10,0.3
BMMP,8,13,21,0.38
BMMS,3,7,10,0.3
BMMb,10,6,16,0.62
BMMh,4,6,10,0.4
BMMj,2,4,6,0.33
BMMl,5,3,8,0.62
BMMm,3,3,6,0.5
BMMn,13,16,29,0.45
BMMs,4,3,7,0.57
BMMt,0,2,2,0.0
BMNB,3,8,11,0.27
BMND,1,0,1,1.0
BMNH,2,1,3,0.67
BMNK,1,0,1,1.0
BMNL,5,3,8,0.62
BMNM,9,12,21,0.43
BMNN,7,8,15,0.47
BMNP,16,10,26,0.62
BMNS,3,5,8,0.38
BMNb,11,9,20,0.55
BMNh,2,1,3,0.67
BMNl,3,3,6,0.5
BMNm,10,2,12,0.83
BMNn,17,11,28,0.61
BMNs,1,7,8,0.12
BMNt,1,2,3,0.33
BMPB,10,7,17,0.59
BMPD,1,0,1,1.0
BMPH,3,7,10,0.3
BMPI,2,1,3,0.67
BMPK,1,1,2,0.5
BMPL,2,1,3,0.67
BMPM,16,15,31,0.52
BMPN,11,14,25,0.44
BMPP,9,12,21,0.43
BMPS,11,4,15,0.73
BMPb,13,13,26,0.5
BMPh,2,1,3,0.67
BMPl,7,7,14,0.5
BMPm,11,12,23,0.48
BMPn,13,12,25,0.52
BMPs,5,7,12,0.42
BMPt,1,3,4,0.25
BMSB,3,1,4,0.75
BMSD,0,1,1,0.0
BMSH,0,2,2,0.0
BMSL,0,3,3,0.0
BMSM,12,3,15,0.8
BMSN,4,3,7,0.57
BMSP,7,9,16,0.44
BMSS,3,4,7,0.43
BMSb,4,4,8,0.5
BMSh,2,9,11,0.18
BMSl,3,0,3,1.0
BMSm,3,4,7,0.43
BMSn,8,5,13,0.62
BMSs,2,3,5,0.4
BMSt,0,1,1,0.0
BMbB,7,7,14,0.5
BMbD,0,2,2,0.0
BMbH,4,3,7,0.57
BMbI,1,1,2,0.5
BMbJ,3,1,4,0.75
BMbK,1,1,2,0.5
BMbL,6,2,8,0.75
BMbM,4,10,14,0.29
BMbN,14,14,28,0.5
BMbP,9,15,24,0.38
BMbS,6,3,9,0.67
BMbb,12,20,32,0.38
BMbh,0,0,0,
BMbl,3,4,7,0.43
BMbm,7,3,10,0.7
BMbn,11,12,23,0.48
BMbs,5,3,8,0.62
BMhB,6,4,10,0.6
BMhD,0,1,1,0.0
BMhH,0,3,3,0.0
BMhL,1,3,4,0.25
BMhM,9,9,18,0.5
BMhN,4,6,10,0.4
BMhP,9,17,26,0.35
BMhS,7,5,12,0.58
BMhb,10,3,13,0.77
BMhh,9,3,12,0.75
BMhl,7,1,8,0.88
BMhm,4,5,9,0.44
BMhn,7,6,13,0.54
BMhs,6,3,9,0.67
BMjB,2,2,4,0.5
BMjH,1,0,1,1.0
BMjM,4,3,7,0.57
BMjN,3,2,5,0.6
BMjP,1,6,7,0.14
BMjS,0,0,0,
BMjb,5,0,5,1.0
BMjh,0,1,1,0.0
BMjl,3,0,3,1.0
BMjm,3,2,5,0.6
BMjn,1,2,3,0.33
BMjs,1,1,2,0.5
BMjt,0,0,0,
BMlB,1,3,4,0.25
BMlD,0,1,1,0.0
BMlH,4,5,9,0.44
BMlI,0,1,1,0.0
BMlJ,2,1,3,0.67
BMlL,1,3,4,0.25
BMlM,9,3,12,0.75
BMlN,2,2,4,0.5
BMlP,5,5,10,0.5
BMlS,4,3,7,0.57
BMlb,6,6,12,0.5
BMll,2,2,4,0.5
BMlm,1,4,5,0.2
BMln,7,2,9,0.78
BMls,3,1,4,0.75
BMmB,6,7,13,0.46
BMmD,0,1,1,0.0
BMmH,3,10,13,0.23
BMmI,0,1,1,0.0
BMmJ,0,0,0,
BMmL,2,2,4,0.5
BMmM,5,10,15,0.33
BMmN,8,9,17,0.47
BMmP,10,12,22,0.45
BMmS,5,5,10,0.5
BMmb,7,14,21,0.33
BMml,1,2,3,0.33
BMmm,1,4,5,0.2
BMmn,5,10,15,0.33
BMms,3,5,8,0.38
BMnB,11,1,12,0.92
BMnD,1,0,1,1.0
BMnH,5,3,8,0.62
BMnI,2,0,2,1.0
BMnK,0,1,1,0.0
BMnL,5,4,9,0.56
BMnM,12,12,24,0.5
BMnN,24,16,40,0.6
BMnP,15,30,45,0.33
BMnS,9,9,18,0.5
BMnb,13,11,24,0.54
BMnh,3,0,3,1.0
BMnl,4,3,7,0.57
BMnm,14,5,19,0.74
BMnn,14,13,27,0.52
BMns,5,5,10,0.5
BMsB,2,2,4,0.5
BMsH,4,4,8,0.5
BMsL,1,4,5,0.2
BMsM,6,2,8,0.75
BMsN,2,7,9,0.22
BMsP,3,6,9,0.33
BMsS,4,4,8,0.5
BMsb,2,4,6,0.33
BMsl,1,3,4,0.25
BMsm,2,2,4,0.5
BMsn,2,4,6,0.33
BMss,3,3,6,0.5
BMtM,2,4,6,0.33
BMtN,2,1,3,0.67
BMtP,2,1,3,0.67
BMtS,0,1,1,0.0
BMtb,0,2,2,0.0
BMtl,1,0,1,1.0
BMtm,2,2,4,0.5
BMtn,4,2,6,0.67
BMts,1,1,2,0.5
BMtt,1,0,1,1.0
BNBB,4,6,10,0.4
BNBD,1,0,1,1.0
BNBH,1,0,1,1.0
BNBK,0,0,0,
BNBL,3,3,6,0.5
BNBM,6,4,10,0.6
BNBN,10,10,20,0.5
BNBP,15,4,19,0.79
BNBS,6,8,14,0.43
BNBb,15,7,22,0.68
BNBh,0,1,1,0.0
BNBj,3,3,6,0.5
BNBl,4,2,6,0.67
BNBm,4,9,13,0.31
BNBn,3,9,12,0.25
BNBs,1,5,6,0.17
BNBt,0,4,4,0.0
BNDH,1,1,2,0.5
BNDM,1,0,1,1.0
BNDN,0,1,1,0.0
BNDP,2,0,2,1.0
BNDl,0,1,1,0.0
BNDn,0,1,1,0.0
BNDt,1,0,1,1.0
BNHB,1,1,2,0.5
BNHM,1,2,3,0.33
BNHN,0,2,2,0.0
BNHP,4,1,5,0.8
BNHS,0,0,0,
BNHb,2,1,3,0.67
BNHl,1,0,1,1.0
BNHm,1,0,1,1.0
BNHn,2,1,3,0.67
BNHs,1,1,2,0.5
BNKL,1,0,1,1.0
BNKM,1,0,1,1.0
BNKP,0,0,0,
BNKb,0,1,1,0.0
BNKl,1,0,1,1.0
BNKn,1,2,3,0.33
BNKs,0,0,0,
BNLB,6,0,6,1.0
BNLK,1,0,1,1.0
BNLL,3,2,5,0.6
BNLM,5,8,13,0.38
BNLN,4,3,7,0.57
BNLP,7,3,10,0.7
BNLS,1,1,2,0.5
BNLb,6,4,10,0.6
BNLh,3,1,4,0.75
BNLj,2,3,5,0.4
BNLl,4,1,5,0.8
BNLm,2,4,6,0.33
BNLn,3,0,3,1.0
BNLs,1,2,3,0.33
BNLt,1,0,1,1.0
BNMB,6,7,13,0.46
BNML,2,7,9,0.22
BNMM,8,9,17,0.47
BNMN,14,11,25,0.56
BNMP,4,11,15,0.27
BNMS,4,1,5,0.8
BNMb,13,12,25,0.52
BNMh,8,7,15,0.53
BNMj,3,1,4,0.75
BNMl,4,4,8,0.5
BNMm,11,6,17,0.65
BNMn,9,5,14,0.64
BNMs,7,4,11,0.64
BNMt,1,1,2,0.5
BNNB,7,4,11,0.64
BNND,2,0,2,1.0
BNNH,2,3,5,0.4
BNNK,0,1,1,0.0
BNNL,9,3,12,0.75
BNNM,7,10,17,0.41
BNNN,15,9,24,0.62
BNNP,13,23,36,0.36
BNNS,4,5,9,0.44
BNNb,10,8,18,0.56
BNNh,4,9,13,0.31
BNNl,5,3,8,0.62
BNNm,6,7,13,0.46
BNNn,8,16,24,0.33
BNNs,7,4,11,0.64
BNNt,3,3,6,0.5
BNPB,10,8,18,0.56
BNPH,5,6,11,0.45
BNPI,0,0,0,
BNPK,0,1,1,0.0
BNPL,8,7,15,0.53
BNPM,18,15,33,0.55
BNPN,20,30,50,0.4
BNPP,31,19,50,0.62
BNPS,9,8,17,0.53
BNPb,15,14,29,0.52
BNPh,5,0,5,1.0
BNPl,1,13,14,0.07
BNPm,13,13,26,0.5
BNPn,25,23,48,0.52
BNPs,10,10,20,0.5
BNPt,1,3,4,0.25
BNSB,3,4,7,0.43
BNSD,1,0,1,1.0
BNSH,0,3,3,0.0
BNSL,1,3,4,0.25
BNSM,15,6,21,0.71
BNSN,4,8,12,0.33
BNSP,13,8,21,0.62
BNSS,3,7,10,0.3
BNSb,8,3,11,0.73
BNSh,4,4,8,0.5
BNSl,2,2,4,0.5
BNSm,6,4,10,0.6
BNSn,6,5,11,0.55
BNSs,7,9,16,0.44
BNSt,0,1,1,0.0
BNbB,7,8,15,0.47
BNbD,0,0,0,
BNbH,6,4,10,0.6
BNbI,0,1,1,0.0
BNbJ,4,2,6,0.67
BNbK,1,2,3,0.33
BNbL,4,5,9,0.44
BNbM,7,8,15,0.47
BNbN,12,9,21,0.57
BNbP,12,21,33,0.36
BNbS,6,3,9,0.67
BNbb,5,6,11,0.45
BNbl,5,5,10,0.5
BNbm,9,7,16,0.56
BNbn,8,11,19,0.42
BNbs,7,1,8,0.88
BNhB,3,3,6,0.5
BNhD,0,0,0,
BNhL,3,1,4,0.75
BNhM,3,4,7,0.43
BNhN,0,6,6,0.0
BNhP,6,6,12,0.5
BNhS,0,7,7,0.0
BNhb,5,11,16,0.31
BNhh,3,3,6,0.5
BNhl,2,3,5,0.4
BNhm,4,2,6,0.67
BNhn,7,6,13,0.54
BNhs,5,7,12,0.42
BNlB,5,2,7,0.71
BNlD,0,1,1,0.0
BNlH,2,8,10,0.2
BNlI,1,2,3,0.33
BNlJ,1,1,2,0.5
BNlL,4,2,6,0.67
BNlM,1,8,9,0.11
BNlN,2,7,9,0.22
BNlP,11,6,17,0.65
BNlS,4,5,9,0.44
BNlb,1,3,4,0.25
BNll,4,2,6,0.67
BNlm,6,0,6,1.0
BNln,4,8,12,0.33
BNls,0,3,3,0.0
BNmB,7,3,10,0.7
BNmD,1,0,1,1.0
BNmH,6,8,14,0.43
BNmI,0,1,1,0.0
BNmJ,3,1,4,0.75
BNmL,4,2,6,0.67
BNmM,5,5,10,0.5
BNmN,6,7,13,0.46
BNmP,6,8,14,0.43
BNmS,4,6,10,0.4
BNmb,8,6,14,0.57
BNml,2,2,4,0.5
BNmm,7,2,9,0.78
BNmn,7,2,9,0.78
BNms,4,2,6,0.67
BNnB,10,2,12,0.83
BNnD,1,0,1,1.0
BNnH,4,6,10,0.4
BNnI,1,0,1,1.0
BNnK,1,2,3,0.33
BNnL,5,4,9,0.56
BNnM,16,15,31,0.52
BNnN,23,23,46,0.5
BNnP,22,17,39,0.56
BNnS,10,8,18,0.56
BNnb,11,11,22,0.5
BNnh,0,1,1,0.0
BNnl,5,2,7,0.71
BNnm,15,11,26,0.58
BNnn,18,22,40,0.45
BNns,13,9,22,0.59
BNsB,5,3,8,0.62
BNsD,2,1,3,0.67
BNsH,2,9,11,0.18
BNsI,1,1,2,0.5
BNsL,4,1,5,0.8
BNsM,4,7,11,0.36
BNsN,9,3,12,0.75
BNsP,10,7,17,0.59
BNsS,3,5,8,0.38
BNsb,8,5,13,0.62
BNsl,3,1,4,0.75
BNsm,7,3,10,0.7
BNsn,4,2,6,0.67
BNss,4,3,7,0.57
BNtB,1,1,2,0.5
BNtD,0,1,1,0.0
BNtH,1,0,1,1.0
BNtL,1,1,2,0.5
BNtM,3,2,5,0.6
BNtN,1,1,2,0.5
BNtP,4,3,7,0.57
BNtS,2,0,2,1.0
BNtb,1,2,3,0.33
BNtl,1,1,2,0.5
BNtm,0,0,0,
BNtn,1,1,2,0.5
BNts,2,0,2,1.0
BNtt,0,0,0,
BPBB,7,5,12,0.58
BPBL,4,2,6,0.67
BPBM,7,8,15,0.47
BPBN,12,7,19,0.63
BPBP,11,9,20,0.55
BPBS,5,3,8,0.62
BPBb,6,6,12,0.5
BPBh,0,5,5,0.0
BPBj,1,7,8,0.12
BPBl,4,7,11,0.36
BPBm,11,9,20,0.55
BPBn,9,17,26,0.35
BPBs,0,1,1,0.0
BPBt,4,0,4,1.0
BPDH,2,0,2,1.0
BPDL,0,0,0,
BPDN,0,1,1,0.0
BPDP,0,2,2,0.0
BPDS,1,0,1,1.0
BPDb,0,1,1,0.0
BPDm,1,0,1,1.0
BPDn,2,0,2,1.0
BPHB,1,1,2,0.5
BPHH,1,0,1,1.0
BPHK,0,0,0,
BPHL,1,0,1,1.0
BPHM,2,2,4,0.5
BPHN,2,1,3,0.67
BPHP,6,3,9,0.67
BPHS,3,1,4,0.75
BPHb,3,2,5,0.6
BPHh,1,2,3,0.33
BPHl,2,3,5,0.4
BPHm,2,2,4,0.5
BPHn,5,6,11,0.45
BPHs,4,0,4,1.0
BPIB,1,0,1,1.0
BPID,0,1,1,0.0
BPIM,0,2,2,0.0
BPIP,1,1,2,0.5
BPIm,1,1,2,0.5
BPKL,1,1,2,0.5
BPKN,1,0,1,1.0
BPKS,2,1,3,0.67
BPKb,1,1,2,0.5
BPKh,2,2,4,0.5
BPKl,0,1,1,0.0
BPKn,1,0,1,1.0
BPKs,0,0,0,
BPLB,1,2,3,0.33
BPLL,3,3,6,0.5
BPLM,3,8,11,0.27
BPLN,2,7,9,0.22
BPLP,5,1,6,0.83
BPLS,2,2,4,0.5
BPLb,6,3,9,0.67
BPLh,1,2,3,0.33
BPLj,2,4,6,0.33
BPLl,4,4,8,0.5
BPLm,5,2,7,0.71
BPLn,6,6,12,0.5
BPLs,1,5,6,0.17
BPMB,9,11,20,0.45
BPMD,0,2,2,0.0
BPML,4,3,7,0.57
BPMM,6,23,29,0.21
BPMN,5,13,18,0.28
BPMP,11,18,29,0.38
BPMS,4,6,10,0.4
BPMb,14,13,27,0.52
BPMh,7,13,20,0.35
BPMj,4,2,6,0.67
BPMl,9,9,18,0.5
BPMm,18,12,30,0.6
BPMn,27,14,41,0.66
BPMs,5,11,16,0.31
BPMt,0,0,0,
BPNB,7,8,15,0.47
BPND,0,0,0,
BPNH,2,2,4,0.5
BPNK,1,1,2,0.5
BPNL,9,6,15,0.6
BPNM,10,14,24,0.42
BPNN,4,16,20,0.2
BPNP,28,17,45,0.62
BPNS,5,9,14,0.36
BPNb,13,14,27,0.48
BPNh,5,5,10,0.5
BPNl,8,6,14,0.57
BPNm,7,8,15,0.47
BPNn,17,16,33,0.52
BPNs,9,2,11,0.82
BPNt,3,0,3,1.0
BPPB,13,9,22,0.59
BPPD,0,1,1,0.0
BPPH,4,5,9,0.44
BPPI,1,0,1,1.0
BPPK,4,3,7,0.57
BPPL,11,8,19,0.58
BPPM,17,10,27,0.63
BPPN,13,16,29,0.45
BPPP,24,17,41,0.59
BPPS,11,12,23,0.48
BPPb,20,22,42,0.48
BPPh,1,1,2,0.5
BPPl,11,13,24,0.46
BPPm,11,13,24,0.46
BPPn,16,11,27,0.59
BPPs,19,14,33,0.58
BPPt,1,1,2,0.5
BPSB,8,3,11,0.73
BPSD,1,2,3,0.33
BPSH,4,4,8,0.5
BPSL,4,2,6,0.67
BPSM,9,13,22,0.41
BPSN,4,6,10,0.4
BPSP,8,12,20,0.4
BPSS,2,4,6,0.33
BPSb,6,9,15,0.4
BPSh,4,7,11,0.36
BPSl,6,4,10,0.6
BPSm,8,9,17,0.47
BPSn,8,4,12,0.67
BPSs,8,2,10,0.8
BPSt,0,1,1,0.0
BPbB,12,5,17,0.71
BPbD,0,0,0,
BPbH,5,3,8,0.62
BPbI,0,1,1,0.0
BPbJ,1,5,6,0.17
BPbK,1,1,2,0.5
BPbL,2,4,6,0.33
BPbM,13,20,33,0.39
BPbN,12,10,22,0.55
BPbP,25,21,46,0.54
BPbS,8,9,17,0.47
BPbb,19,11,30,0.63
BPbl,10,6,16,0.62
BPbm,3,6,9,0.33
BPbn,17,14,31,0.55
BPbs,8,5,13,0.62
BPhB,1,0,1,1.0
BPhL,0,1,1,0.0
BPhM,2,0,2,1.0
BPhN,1,1,2,0.5
BPhP,4,3,7,0.57
BPhS,1,0,1,1.0
BPhb,0,1,1,0.0
BPhh,2,1,3,0.67
BPhl,1,2,3,0.33
BPhm,2,1,3,0.67
BPhn,4,0,4,1.0
BPhs,0,1,1,0.0
BPht,0,0,0,
BPlB,2,4,6,0.33
BPlD,1,2,3,0.33
BPlH,6,4,10,0.6
BPlI,0,1,1,0.0
BPlJ,1,2,3,0.33
BPlK,2,0,2,1.0
BPlL,4,3,7,0.57
BPlM,11,9,20,0.55
BPlN,9,5,14,0.64
BPlP,8,6,14,0.57
BPlS,3,1,4,0.75
BPlb,4,5,9,0.44
BPll,3,3,6,0.5
BPlm,7,2,9,0.78
BPln,9,6,15,0.6
BPls,5,4,9,0.56
BPmB,8,2,10,0.8
BPmD,1,0,1,1.0
BPmH,5,4,9,0.56
BPmI,0,1,1,0.0
BPmJ,3,1,4,0.75
BPmL,1,6,7,0.14
BPmM,8,6,14,0.57
BPmN,17,7,24,0.71
BPmP,11,13,24,0.46
BPmS,3,5,8,0.38
BPmb,8,2,10,0.8
BPml,2,6,8,0.25
BPmm,9,4,13,0.69
BPmn,13,7,20,0.65
BPms,3,3,6,0.5
BPnB,9,5,14,0.64
BPnH,4,8,12,0.33
BPnK,1,1,2,0.5
BPnL,8,8,16,0.5
BPnM,7,16,23,0.3
BPnN,13,15,28,0.46
BPnP,21,18,39,0.54
BPnS,7,6,13,0.54
BPnb,18,13,31,0.58
BPnh,0,1,1,0.0
BPnl,7,11,18,0.39
BPnm,7,7,14,0.5
BPnn,12,6,18,0.67
BPns,6,16,22,0.27
BPsB,3,7,10,0.3
BPsH,4,11,15,0.27
BPsL,0,2,2,0.0
BPsM,7,5,12,0.58
BPsN,5,4,9,0.56
BPsP,8,10,18,0.44
BPsS,2,7,9,0.22
BPsb,14,3,17,0.82
BPsl,7,6,13,0.54
BPsm,7,3,10,0.7
BPsn,5,7,12,0.42
BPss,7,4,11,0.64
BPtH,0,1,1,0.0
BPtM,0,3,3,0.0
BPtN,2,1,3,0.67
BPtP,1,2,3,0.33
BPtS,1,0,1,1.0
BPtb,0,1,1,0.0
BPtl,1,0,1,1.0
BPtn,1,0,1,1.0
BPts,2,0,2,1.0
BSBB,1,3,4,0.25
BSBK,1,0,1,1.0
BSBL,0,2,2,0.0
BSBM,3,2,5,0.6
BSBN,1,6,7,0.14
BSBP,3,4,7,0.43
BSBS,2,2,4,0.5
BSBb,3,2,5,0.6
BSBj,1,0,1,1.0
BSBl,0,2,2,0.0
BSBm,1,0,1,1.0
BSBn,7,2,9,0.78
BSBs,2,0,2,1.0
BSDH,0,1,1,0.0
BSDP,2,0,2,1.0
BSDS,3,0,3,1.0
BSDb,1,0,1,1.0
BSDs,0,1,1,0.0
BSHB,0,1,1,0.0
BSHH,0,1,1,0.0
BSHK,0,1,1,0.0
BSHL,1,0,1,1.0
BSHM,2,0,2,1.0
BSHN,2,1,3,0.67
BSHP,0,0,0,
BSHS,2,1,3,0.67
BSHb,4,2,6,0.67
BSHh,0,1,1,0.0
BSHl,0,3,3,0.0
BSHm,1,0,1,1.0
BSHn,5,2,7,0.71
BSHs,3,2,5,0.6
BSIL,0,1,1,0.0
BSIM,0,0,0,
BSKb,0,1,1,0.0
BSKn,1,0,1,1.0
BSLB,1,0,1,1.0
BSLM,1,4,5,0.2
BSLN,0,3,3,0.0
BSLP,3,2,5,0.6
BSLS,0,2,2,0.0
BSLb,3,3,6,0.5
BSLh,2,1,3,0.67
BSLj,0,0,0,
BSLl,1,0,1,1.0
BSLm,3,1,4,0.75
BSLn,2,1,3,0.67
BSLs,1,1,2,0.5
BSLt,1,0,1,1.0
BSMB,2,2,4,0.5
BSMD,0,0,0,
BSMK,1,0,1,1.0
BSML,1,2,3,0.33
BSMM,2,6,8,0.25
BSMN,5,3,8,0.62
BSMP,7,4,11,0.64
BSMS,4,4,8,0.5
BSMb,4,2,6,0.67
BSMh,4,3,7,0.57
BSMj,1,1,2,0.5
BSMl,0,2,2,0.0
BSMm,5,4,9,0.56
BSMn,5,8,13,0.38
BSMs,4,2,6,0.67
BSMt,1,0,1,1.0
BSNB,2,1,3,0.67
BSNH,1,1,2,0.5
BSNK,0,1,1,0.0
BSNL,4,0,4,1.0
BSNM,6,5,11,0.55
BSNN,7,7,14,0.5
BSNP,8,6,14,0.57
BSNS,2,4,6,0.33
BSNb,6,5,11,0.55
BSNh,2,2,4,0.5
BSNl,2,6,8,0.25
BSNm,2,5,7,0.29
BSNn,6,7,13,0.46
BSNs,4,1,5,0.8
BSNt,0,2,2,0.0
BSPB,2,1,3,0.67
BSPH,2,3,5,0.4
BSPI,1,0,1,1.0
BSPK,1,0,1,1.0
BSPL,2,5,7,0.29
BSPM,6,8,14,0.43
BSPN,8,7,15,0.53
BSPP,10,15,25,0.4
BSPS,7,7,14,0.5
BSPb,8,11,19,0.42
BSPh,0,2,2,0.0
BSPl,5,5,10,0.5
BSPm,3,2,5,0.6
BSPn,6,13,19,0.32
BSPs,4,6,10,0.4
BSPt,0,1,1,0.0
BSSB,3,2,5,0.6
BSSD,1,0,1,1.0
BSSH,2,2,4,0.5
BSSL,0,2,2,0.0
BSSM,3,0,3,1.0
BSSN,4,2,6,0.67
BSSP,8,10,18,0.44
BSSS,1,4,5,0.2
BSSb,3,3,6,0.5
BSSh,2,7,9,0.22
BSSl,3,0,3,1.0
BSSm,4,4,8,0.5
BSSn,6,3,9,0.67
BSSs,3,1,4,0.75
BSSt,2,0,2,1.0
BSbB,6,3,9,0.67
BSbH,2,0,2,1.0
BSbJ,2,0,2,1.0
BSbL,1,2,3,0.33
BSbM,1,5,6,0.17
BSbN,8,9,17,0.47
BSbP,10,10,20,0.5
BSbS,4,4,8,0.5
BSbb,7,3,10,0.7
BSbl,6,3,9,0.67
BSbm,1,3,4,0.25
BSbn,6,6,12,0.5
BSbs,3,3,6,0.5
BShB,1,2,3,0.33
BShH,1,0,1,1.0
BShI,1,1,2,0.5
BShL,3,0,3,1.0
BShM,3,4,7,0.43
BShN,1,6,7,0.14
BShP,5,6,11,0.45
BShS,2,4,6,0.33
BShb,2,4,6,0.33
BShh,3,2,5,0.6
BShl,2,1,3,0.67
BShm,1,4,5,0.2
BShn,6,4,10,0.6
BShs,2,3,5,0.4
BSlB,2,4,6,0.33
BSlH,3,2,5,0.6
BSlI,0,1,1,0.0
BSlJ,0,1,1,0.0
BSlL,0,1,1,0.0
BSlM,1,1,2,0.5
BSlN,1,2,3,0.33
BSlP,4,6,10,0.4
BSlS,2,1,3,0.67
BSlb,3,1,4,0.75
BSll,2,0,2,1.0
BSlm,4,2,6,0.67
BSln,2,1,3,0.67
BSls,2,0,2,1.0
BSmB,0,3,3,0.0
BSmD,0,0,0,
BSmH,2,2,4,0.5
BSmI,0,0,0,
BSmJ,0,1,1,0.0
BSmL,1,1,2,0.5
BSmM,8,5,13,0.62
BSmN,4,4,8,0.5
BSmP,7,5,12,0.58
BSmS,2,0,2,1.0
BSmb,2,1,3,0.67
BSml,1,1,2,0.5
BSmm,1,2,3,0.33
BSmn,5,3,8,0.62
BSms,2,0,2,1.0
BSnB,6,4,10,0.6
BSnH,3,1,4,0.75
BSnI,1,2,3,0.33
BSnK,1,1,2,0.5
BSnL,2,1,3,0.67
BSnM,10,7,17,0.59
BSnN,11,7,18,0.61
BSnP,8,16,24,0.33
BSnS,5,4,9,0.56
BSnb,7,4,11,0.64
BSnl,1,3,4,0.25
BSnm,6,5,11,0.55
BSnn,8,1,9,0.89
BSns,6,6,12,0.5
BSsB,1,4,5,0.2
BSsD,0,1,1,0.0
BSsH,5,2,7,0.71
BSsL,1,2,3,0.33
BSsM,3,1,4,0.75
BSsN,2,4,6,0.33
BSsP,5,6,11,0.45
BSsS,6,4,10,0.6
BSsb,0,5,5,0.0
BSsl,1,3,4,0.25
BSsm,3,3,6,0.5
BSsn,8,3,11,0.73
BSss,3,1,4,0.75
BStB,0,1,1,0.0
BStD,0,1,1,0.0
BStH,0,1,1,0.0
BStM,0,3,3,0.0
BStN,0,1,1,0.0
BStP,1,0,1,1.0
BStS,1,1,2,0.5
BStb,1,1,2,0.5
BStl,0,1,1,0.0
BStm,0,1,1,0.0
BStn,0,1,1,0.0
BbBB,12,4,16,0.75
BbBD,2,0,2,1.0
BbBK,0,2,2,0.0
BbBL,1,5,6,0.17
BbBM,6,8,14,0.43
BbBN,14,5,19,0.74
BbBP,9,15,24,0.38
BbBS,2,3,5,0.4
BbBb,4,9,13,0.31
BbBh,2,1,3,0.67
BbBj,1,7,8,0.12
BbBl,2,2,4,0.5
BbBm,5,4,9,0.56
BbBn,12,9,21,0.57
BbBs,2,6,8,0.25
BbBt,1,3,4,0.25
BbDB,1,0,1,1.0
BbDH,2,0,2,1.0
BbDP,1,0,1,1.0
BbDS,0,1,1,0.0
BbDb,0,1,1,0.0
BbDn,0,1,1,0.0
BbHB,3,4,7,0.43
BbHD,0,1,1,0.0
BbHH,0,1,1,0.0
BbHI,0,1,1,0.0
BbHL,1,2,3,0.33
BbHM,2,3,5,0.4
BbHN,1,4,5,0.2
BbHP,3,2,5,0.6
BbHS,2,4,6,0.33
BbHb,2,1,3,0.67
BbHh,3,1,4,0.75
BbHl,1,1,2,0.5
BbHm,2,5,7,0.29
BbHn,4,4,8,0.5
BbHs,1,2,3,0.33
BbIB,0,0,0,
BbIH,0,0,0,
BbIL,1,0,1,1.0
BbIM,0,1,1,0.0
BbIN,0,1,1,0.0
BbIP,2,2,4,0.5
BbIS,0,1,1,0.0
BbIl,1,1,2,0.5
BbIm,1,1,2,0.5
BbIn,1,1,2,0.5
BbIs,0,0,0,
BbJB,2,2,4,0.5
BbJH,0,0,0,
BbJK,1,1,2,0.5
BbJL,1,2,3,0.33
BbJM,0,5,5,0.0
BbJN,2,6,8,0.25
BbJP,6,7,13,0.46
BbJS,1,4,5,0.2
BbJb,6,0,6,1.0
BbJh,2,0,2,1.0
BbJl,3,1,4,0.75
BbJm,3,1,4,0.75
BbJn,2,3,5,0.4
BbJs,1,2,3,0.33
BbJt,1,0,1,1.0
BbKB,1,0,1,1.0
BbKN,0,1,1,0.0
BbKP,2,1,3,0.67
BbKS,0,0,0,
BbKh,2,1,3,0.67
BbKl,1,0,1,1.0
BbKs,2,2,4,0.5
BbLB,2,3,5,0.4
BbLH,0,1,1,0.0
BbLK,0,1,1,0.0
BbLL,1,2,3,0.33
BbLM,1,5,6,0.17
BbLN,5,6,11,0.45
BbLP,3,3,6,0.5
BbLS,2,3,5,0.4
BbLb,2,7,9,0.22
BbLh,3,2,5,0.6
BbLj,1,2,3,0.33
BbLl,3,2,5,0.6
BbLm,2,2,4,0.5
BbLn,4,5,9,0.44
BbLs,4,5,9,0.44
BbLt,0,1,1,0.0
BbMB,6,11,17,0.35
BbMD,1,1,2,0.5
BbML,2,3,5,0.4
BbMM,9,9,18,0.5
BbMN,7,12,19,0.37
BbMP,14,16,30,0.47
BbMS,5,4,9,0.56
BbMb,11,17,28,0.39
BbMh,10,13,23,0.43
BbMj,2,2,4,0.5
BbMl,6,6,12,0.5
BbMm,11,3,14,0.79
BbMn,14,15,29,0.48
BbMs,6,7,13,0.46
BbMt,1,2,3,0.33
BbNB,4,7,11,0.36
BbND,1,0,1,1.0
BbNH,3,2,5,0.6
BbNK,1,0,1,1.0
BbNL,6,2,8,0.75
BbNM,9,10,19,0.47
BbNN,12,23,35,0.34
BbNP,25,20,45,0.56
BbNS,6,12,18,0.33
BbNb,18,18,36,0.5
BbNh,5,5,10,0.5
BbNl,8,5,13,0.62
BbNm,11,6,17,0.65
BbNn,14,19,33,0.42
BbNs,12,6,18,0.67
BbNt,1,1,2,0.5
BbPB,10,12,22,0.45
BbPD,2,0,2,1.0
BbPH,6,3,9,0.67
BbPI,2,1,3,0.67
BbPK,2,1,3,0.67
BbPL,7,7,14,0.5
BbPM,20,24,44,0.45
BbPN,17,14,31,0.55
BbPP,17,22,39,0.44
BbPS,7,5,12,0.58
BbPb,13,9,22,0.59
BbPh,1,3,4,0.25
BbPl,8,10,18,0.44
BbPm,8,6,14,0.57
BbPn,13,17,30,0.43
BbPs,11,7,18,0.61
BbPt,1,3,4,0.25
BbSB,0,1,1,0.0
BbSH,0,4,4,0.0
BbSL,0,4,4,0.0
BbSM,5,5,10,0.5
BbSN,5,3,8,0.62
BbSP,10,6,16,0.62
BbSS,2,4,6,0.33
BbSb,7,5,12,0.58
BbSh,3,2,5,0.6
BbSl,4,2,6,0.67
BbSm,2,2,4,0.5
BbSn,10,7,17,0.59
BbSs,5,3,8,0.62
BbSt,0,1,1,0.0
BbbB,14,4,18,0.78
BbbD,1,1,2,0.5
BbbH,0,3,3,0.0
BbbI,2,1,3,0.67
BbbJ,2,4,6,0.33
BbbL,3,5,8,0.38
BbbM,15,7,22,0.68
BbbN,17,8,25,0.68
BbbP,11,17,28,0.39
BbbS,4,2,6,0.67
Bbbb,16,14,30,0.53
Bbbl,5,3,8,0.62
Bbbm,9,6,15,0.6
Bbbn,6,11,17,0.35
Bbbs,2,7,9,0.22
BblB,10,4,14,0.71
BblH,3,0,3,1.0
BblI,0,1,1,0.0
BblJ,1,0,1,1.0
BblK,1,0,1,1.0
BblL,3,2,5,0.6
BblM,4,4,8,0.5
BblN,7,11,18,0.39
BblP,9,6,15,0.6
BblS,1,1,2,0.5
Bblb,5,7,12,0.42
Bbll,1,0,1,1.0
Bblm,0,3,3,0.0
Bbln,4,2,6,0.67
Bbls,1,1,2,0.5
BbmB,4,9,13,0.31
BbmH,5,8,13,0.38
BbmJ,1,1,2,0.5
BbmL,1,1,2,0.5
BbmM,9,1,10,0.9
BbmN,7,16,23,0.3
BbmP,11,15,26,0.42
BbmS,5,4,9,0.56
Bbmb,11,5,16,0.69
Bbml,1,3,4,0.25
Bbmm,3,3,6,0.5
Bbmn,5,6,11,0.45
Bbms,4,4,8,0.5
BbnB,11,9,20,0.55
BbnD,2,2,4,0.5
BbnH,10,6,16,0.62
BbnI,1,3,4,0.25
BbnK,0,2,2,0.0
BbnL,2,5,7,0.29
BbnM,10,13,23,0.43
BbnN,19,13,32,0.59
BbnP,12,20,32,0.38
BbnS,5,9,14,0.36
Bbnb,9,10,19,0.47
Bbnh,1,0,1,1.0
Bbnl,4,3,7,0.57
Bbnm,13,3,16,0.81
Bbnn,13,9,22,0.59
Bbns,9,9,18,0.5
BbsB,3,1,4,0.75
BbsD,0,1,1,0.0
BbsH,8,7,15,0.53
BbsI,1,1,2,0.5
BbsL,3,1,4,0.75
BbsM,4,5,9,0.44
BbsN,4,7,11,0.36
BbsP,4,7,11,0.36
BbsS,2,1,3,0.67
Bbsb,6,4,10,0.6
Bbsl,2,0,2,1.0
Bbsm,4,2,6,0.67
Bbsn,3,3,6,0.5
Bbss,4,2,6,0.67
BhBL,0,1,1,0.0
BhBN,1,3,4,0.25
BhBP,1,1,2,0.5
BhBS,1,0,1,1.0
BhBb,1,0,1,1.0
BhBl,0,0,0,
BhBn,1,3,4,0.25
BhBs,1,0,1,1.0
BhHH,1,0,1,1.0
BhHm,1,0,1,1.0
BhHn,1,0,1,1.0
BhLB,2,0,2,1.0
BhLM,1,0,1,1.0
BhLP,0,1,1,0.0
BhLS,1,0,1,1.0
BhLb,1,0,1,1.0
BhLh,0,1,1,0.0
BhLt,1,0,1,1.0
BhMB,1,0,1,1.0
BhMD,1,0,1,1.0
BhML,0,1,1,0.0
BhMM,1,2,3,0.33
BhMN,2,2,4,0.5
BhMP,2,0,2,1.0
BhMS,0,1,1,0.0
BhMb,1,1,2,0.5
BhMh,1,1,2,0.5
BhMl,1,0,1,1.0
BhMm,2,0,2,1.0
BhMn,2,1,3,0.67
BhMs,0,1,1,0.0
BhNB,0,1,1,0.0
BhNH,1,0,1,1.0
BhNL,1,0,1,1.0
BhNM,0,3,3,0.0
BhNN,4,0,4,1.0
BhNP,3,4,7,0.43
BhNS,2,1,3,0.67
BhNb,3,2,5,0.6
BhNh,1,0,1,1.0
BhNm,2,0,2,1.0
BhNn,0,2,2,0.0
BhNs,2,0,2,1.0
BhNt,2,0,2,1.0
BhPB,2,3,5,0.4
BhPL,3,1,4,0.75
BhPM,2,3,5,0.4
BhPN,0,4,4,0.0
BhPP,0,5,5,0.0
BhPS,1,1,2,0.5
BhPb,1,2,3,0.33
BhPh,0,1,1,0.0
BhPl,1,0,1,1.0
BhPm,2,2,4,0.5
BhPn,4,1,5,0.8
BhPs,3,1,4,0.75
BhSH,2,0,2,1.0
BhSL,0,1,1,0.0
BhSM,1,1,2,0.5
BhSP,3,2,5,0.6
BhSS,0,1,1,0.0
BhSb,1,1,2,0.5
BhSh,0,1,1,0.0
BhSm,0,2,2,0.0
BhSn,2,0,2,1.0
BhSs,4,1,5,0.8
BhbB,1,2,3,0.33
BhbH,1,2,3,0.33
BhbJ,0,1,1,0.0
BhbL,1,2,3,0.33
BhbM,0,4,4,0.0
BhbN,1,0,1,1.0
BhbP,2,3,5,0.4
BhbS,1,0,1,1.0
Bhbb,0,4,4,0.0
Bhbl,1,2,3,0.33
Bhbm,2,1,3,0.67
Bhbn,1,2,3,0.33
BhhH,0,1,1,0.0
BhhM,1,0,1,1.0
BhhN,0,1,1,0.0
BhhP,5,0,5,1.0
BhhS,2,0,2,1.0
Bhhb,0,0,0,
Bhhh,1,0,1,1.0
Bhhl,0,0,0,
Bhhm,2,1,3,0.67
Bhhn,0,4,4,0.0
Bhhs,1,3,4,0.25
BhlB,1,1,2,0.5
BhlH,0,1,1,0.0
BhlL,0,1,1,0.0
BhlM,0,1,1,0.0
BhlN,2,1,3,0.67
BhlP,0,2,2,0.0
BhlS,1,0,1,1.0
Bhlb,2,1,3,0.67
Bhll,1,1,2,0.5
Bhlm,1,0,1,1.0
Bhln,1,2,3,0.33
Bhls,0,1,1,0.0
BhmD,1,0,1,1.0
BhmH,2,3,5,0.4
BhmJ,0,1,1,0.0
BhmL,0,1,1,0.0
BhmM,3,2,5,0.6
BhmN,2,1,3,0.67
BhmP,1,0,1,1.0
Bhmb,2,2,4,0.5
Bhmm,0,1,1,0.0
Bhmn,0,2,2,0.0
BhnB,0,1,1,0.0
BhnH,1,1,2,0.5
BhnK,0,3,3,0.0
BhnL,1,0,1,1.0
BhnM,3,2,5,0.6
BhnN,3,10,13,0.23
BhnP,1,2,3,0.33
BhnS,1,0,1,1.0
Bhnb,1,2,3,0.33
Bhnm,2,0,2,1.0
Bhnn,2,3,5,0.4
Bhns,0,2,2,0.0
BhsB,1,0,1,1.0
BhsD,0,0,0,
BhsH,0,4,4,0.0
BhsL,0,0,0,
BhsM,2,1,3,0.67
BhsN,0,0,0,
BhsP,2,0,2,1.0
BhsS,1,2,3,0.33
Bhsb,0,2,2,0.0
Bhsl,0,0,0,
BjBB,5,2,7,0.71
BjBL,2,4,6,0.33
BjBM,1,5,6,0.17
BjBN,0,4,4,0.0
BjBP,1,1,2,0.5
BjBS,2,1,3,0.67
BjBb,2,3,5,0.4
BjBl,3,2,5,0.6
BjBm,2,1,3,0.67
BjBn,6,3,9,0.67
BjBs,3,2,5,0.6
BjBt,0,0,0,
BjDH,0,1,1,0.0
BjDM,0,0,0,
BjHB,1,1,2,0.5
BjHH,0,1,1,0.0
BjHL,0,1,1,0.0
BjHN,1,1,2,0.5
BjHP,2,2,4,0.5
BjHS,1,0,1,1.0
BjHh,1,0,1,1.0
BjHl,1,1,2,0.5
BjHn,0,1,1,0.0
BjHs,1,0,1,1.0
BjIH,1,0,1,1.0
BjIM,1,0,1,1.0
BjIP,0,1,1,0.0
BjIS,0,1,1,0.0
BjIb,0,2,2,0.0
BjIl,1,0,1,1.0
BjKB,1,0,1,1.0
BjKP,1,1,2,0.5
BjKb,0,1,1,0.0
BjKm,0,2,2,0.0
BjLB,2,1,3,0.67
BjLD,1,0,1,1.0
BjLL,1,1,2,0.5
BjLM,1,1,2,0.5
BjLN,0,3,3,0.0
BjLP,2,2,4,0.5
BjLS,0,2,2,0.0
BjLb,5,0,5,1.0
BjLh,0,1,1,0.0
BjLj,1,0,1,1.0
BjLm,1,1,2,0.5
BjLn,0,1,1,0.0
BjLs,1,1,2,0.5
BjMB,1,1,2,0.5
BjML,0,1,1,0.0
BjMM,1,0,1,1.0
BjMN,5,3,8,0.62
BjMP,2,4,6,0.33
BjMS,2,1,3,0.67
BjMb,5,2,7,0.71
BjMh,4,3,7,0.57
BjMj,0,2,2,0.0
BjMl,3,1,4,0.75
BjMm,3,3,6,0.5
BjMn,6,6,12,0.5
BjMs,1,1,2,0.5
BjNB,1,1,2,0.5
BjNL,0,3,3,0.0
BjNM,3,1,4,0.75
BjNN,1,3,4,0.25
BjNP,6,6,12,0.5
BjNS,2,6,8,0.25
BjNb,2,1,3,0.67
BjNh,1,3,4,0.25
BjNl,2,1,3,0.67
BjNm,0,6,6,0.0
BjNn,10,2,12,0.83
BjNs,0,0,0,
BjPB,3,2,5,0.6
BjPH,1,0,1,1.0
BjPL,4,2,6,0.67
BjPM,4,8,12,0.33
BjPN,4,4,8,0.5
BjPP,5,5,10,0.5
BjPS,3,5,8,0.38
BjPb,2,8,10,0.2
BjPh,2,1,3,0.67
BjPl,2,5,7,0.29
BjPm,5,4,9,0.56
BjPn,6,3,9,0.67
BjPs,4,4,8,0.5
BjPt,1,0,1,1.0
BjSD,1,0,1,1.0
BjSL,1,0,1,1.0
BjSM,0,4,4,0.0
BjSN,3,2,5,0.6
BjSP,5,6,11,0.45
BjSS,3,2,5,0.6
BjSb,2,3,5,0.4
BjSh,1,4,5,0.2
BjSl,2,3,5,0.4
BjSm,3,3,6,0.5
BjSn,2,2,4,0.5
BjSs,5,0,5,1.0
BjSt,0,1,1,0.0
BjbB,4,2,6,0.67
BjbH,3,2,5,0.6
BjbJ,1,0,1,1.0
BjbL,4,3,7,0.57
BjbM,1,7,8,0.12
BjbN,4,3,7,0.57
BjbP,6,6,12,0.5
BjbS,4,1,5,0.8
Bjbb,4,7,11,0.36
Bjbl,3,2,5,0.6
Bjbm,7,4,11,0.64
Bjbn,4,1,5,0.8
Bjbs,2,1,3,0.67
BjhN,1,1,2,0.5
BjhP,2,4,6,0.33
BjhS,0,2,2,0.0
Bjhb,3,1,4,0.75
Bjhh,2,1,3,0.67
Bjhl,0,3,3,0.0
BjlB,1,3,4,0.25
BjlH,2,3,5,0.4
BjlI,0,0,0,
BjlJ,2,1,3,0.67
BjlK,1,0,1,1.0
BjlL,2,1,3,0.67
BjlM,2,3,5,0.4
BjlN,5,2,7,0.71
BjlP,1,4,5,0.2
BjlS,4,1,5,0.8
Bjlb,1,4,5,0.2
Bjll,1,2,3,0.33
Bjlm,2,1,3,0.67
Bjln,3,1,4,0.75
Bjls,1,2,3,0.33
BjmB,1,0,1,1.0
BjmD,0,2,2,0.0
BjmH,2,1,3,0.67
BjmI,1,0,1,1.0
BjmJ,1,0,1,1.0
BjmL,1,2,3,0.33
BjmM,0,1,1,0.0
BjmN,3,2,5,0.6
BjmP,8,3,11,0.73
BjmS,2,1,3,0.67
Bjmb,5,2,7,0.71
Bjml,0,1,1,0.0
Bjmm,1,0,1,1.0
Bjmn,3,1,4,0.75
Bjms,0,0,0,
BjnB,2,5,7,0.29
BjnD,0,0,0,
BjnH,4,3,7,0.57
BjnK,1,1,2,0.5
BjnL,7,2,9,0.78
BjnM,6,10,16,0.38
BjnN,4,5,9,0.44
BjnP,11,7,18,0.61
BjnS,3,5,8,0.38
Bjnb,3,1,4,0.75
Bjnh,0,1,1,0.0
Bjnl,1,1,2,0.5
Bjnm,3,4,7,0.43
Bjnn,6,4,10,0.6
Bjns,0,3,3,0.0
BjsH,1,2,3,0.33
BjsL,1,1,2,0.5
BjsM,1,0,1,1.0
BjsN,0,1,1,0.0
BjsP,4,4,8,0.5
BjsS,5,4,9,0.56
Bjsb,1,3,4,0.25
Bjsl,2,1,3,0.67
Bjsm,3,0,3,1.0
Bjsn,2,4,6,0.33
Bjss,2,1,3,0.67
BjtB,0,2,2,0.0
BjtN,0,1,1,0.0
BjtP,3,1,4,0.75
BjtS,1,0,1,1.0
Bjtb,0,1,1,0.0
Bjtm,0,1,1,0.0
Bjtn,1,0,1,1.0
Bjts,1,0,1,1.0
BlBB,0,1,1,0.0
BlBK,0,1,1,0.0
BlBL,0,2,2,0.0
BlBM,5,2,7,0.71
BlBN,4,4,8,0.5
BlBP,1,9,10,0.1
BlBS,2,1,3,0.67
BlBb,3,2,5,0.6
BlBj,2,0,2,1.0
BlBl,1,0,1,1.0
BlBm,2,4,6,0.33
BlBn,2,5,7,0.29
BlBs,1,2,3,0.33
BlBt,1,0,1,1.0
BlDB,1,0,1,1.0
BlDS,0,1,1,0.0
BlDb,0,1,1,0.0
BlDm,1,0,1,1.0
BlDn,0,1,1,0.0
BlHB,4,0,4,1.0
BlHH,0,0,0,
BlHL,0,1,1,0.0
BlHM,1,1,2,0.5
BlHN,0,3,3,0.0
BlHP,2,7,9,0.22
BlHS,1,2,3,0.33
BlHb,2,4,6,0.33
BlHh,2,5,7,0.29
BlHl,0,1,1,0.0
BlHm,2,1,3,0.67
BlHn,4,4,8,0.5
BlHs,3,3,6,0.5
BlIB,1,0,1,1.0
BlIN,0,3,3,0.0
BlIP,0,1,1,0.0
BlIl,0,1,1,0.0
BlJB,0,2,2,0.0
BlJH,0,1,1,0.0
BlJM,0,1,1,0.0
BlJN,0,2,2,0.0
BlJP,0,3,3,0.0
BlJS,1,0,1,1.0
BlJb,1,0,1,1.0
BlJl,2,2,4,0.5
BlJm,2,0,2,1.0
BlJn,0,1,1,0.0
BlJs,0,1,1,0.0
BlJt,1,0,1,1.0
BlKM,1,1,2,0.5
BlKn,1,0,1,1.0
BlLL,0,1,1,0.0
BlLM,1,1,2,0.5
BlLN,3,1,4,0.75
BlLP,6,3,9,0.67
BlLS,3,0,3,1.0
BlLb,3,4,7,0.43
BlLh,1,0,1,1.0
BlLj,0,0,0,
BlLl,0,2,2,0.0
BlLm,1,3,4,0.25
BlLn,2,2,4,0.5
BlLs,1,1,2,0.5
BlMB,3,1,4,0.75
BlML,3,1,4,0.75
BlMM,4,2,6,0.67
BlMN,2,5,7,0.29
BlMP,7,6,13,0.54
BlMS,2,0,2,1.0
BlMb,5,5,10,0.5
BlMh,0,2,2,0.0
BlMj,2,3,5,0.4
BlMl,3,2,5,0.6
BlMm,1,2,3,0.33
BlMn,12,7,19,0.63
BlMs,0,4,4,0.0
BlMt,1,0,1,1.0
BlNB,1,1,2,0.5
BlNK,1,0,1,1.0
BlNL,3,3,6,0.5
BlNM,8,6,14,0.57
BlNN,7,2,9,0.78
BlNP,8,8,16,0.5
BlNS,3,4,7,0.43
BlNb,2,3,5,0.4
BlNh,2,3,5,0.4
BlNl,2,1,3,0.67
BlNm,4,3,7,0.57
BlNn,8,6,14,0.57
BlNs,2,2,4,0.5
BlNt,1,0,1,1.0
BlPB,3,4,7,0.43
BlPD,0,0,0,
BlPH,2,0,2,1.0
BlPK,0,1,1,0.0
BlPL,3,0,3,1.0
BlPM,5,4,9,0.56
BlPN,1,3,4,0.25
BlPP,10,4,14,0.71
BlPS,5,4,9,0.56
BlPb,12,6,18,0.67
BlPh,1,1,2,0.5
BlPl,0,1,1,0.0
BlPm,6,0,6,1.0
BlPn,5,3,8,0.62
BlPs,3,2,5,0.6
BlSH,3,0,3,1.0
BlSL,0,2,2,0.0
BlSM,2,4,6,0.33
BlSN,6,2,8,0.75
BlSP,3,3,6,0.5
BlSS,0,2,2,0.0
BlSb,6,2,8,0.75
BlSh,2,4,6,0.33
BlSl,1,1,2,0.5
BlSm,3,0,3,1.0
BlSn,2,0,2,1.0
BlSs,2,4,6,0.33
BlSt,1,0,1,1.0
BlbB,1,3,4,0.25
BlbH,2,0,2,1.0
BlbI,0,0,0,
BlbJ,1,0,1,1.0
BlbL,0,2,2,0.0
BlbM,6,4,10,0.6
BlbN,7,5,12,0.58
BlbP,10,1,11,0.91
BlbS,0,4,4,0.0
Blbb,5,5,10,0.5
Blbl,2,2,4,0.5
Blbm,2,3,5,0.4
Blbn,2,8,10,0.2
Blbs,2,3,5,0.4
BllB,1,1,2,0.5
BllH,3,1,4,0.75
BllJ,3,0,3,1.0
BllL,1,0,1,1.0
BllM,0,2,2,0.0
BllN,2,1,3,0.67
BllP,6,5,11,0.55
BllS,1,2,3,0.33
Bllb,2,2,4,0.5
Blll,2,1,3,0.67
Bllm,1,0,1,1.0
Blln,2,4,6,0.33
Blls,0,1,1,0.0
BlmB,2,1,3,0.67
BlmD,0,1,1,0.0
BlmH,2,5,7,0.29
BlmI,1,0,1,1.0
BlmJ,1,1,2,0.5
BlmL,0,2,2,0.0
BlmM,2,2,4,0.5
BlmN,4,3,7,0.57
BlmP,5,3,8,0.62
BlmS,3,1,4,0.75
Blmb,2,3,5,0.4
Blml,2,1,3,0.67
Blmn,1,2,3,0.33
Blms,2,0,2,1.0
BlnB,1,1,2,0.5
BlnD,0,1,1,0.0
BlnH,1,1,2,0.5
BlnK,1,1,2,0.5
BlnL,2,0,2,1.0
BlnM,6,4,10,0.6
BlnN,2,3,5,0.4
BlnP,5,6,11,0.45
BlnS,3,2,5,0.6
Blnb,4,5,9,0.44
Blnl,2,0,2,1.0
Blnm,5,5,10,0.5
Blnn,6,11,17,0.35
Blns,2,3,5,0.4
BlsB,1,2,3,0.33
BlsH,2,2,4,0.5
BlsL,2,2,4,0.5
BlsM,1,2,3,0.33
BlsN,2,0,2,1.0
BlsP,0,4,4,0.0
BlsS,1,2,3,0.33
Blsb,5,2,7,0.71
Blsl,1,1,2,0.5
Blsm,3,2,5,0.6
Blsn,1,0,1,1.0
Blss,2,1,3,0.67
BmBB,6,1,7,0.86
BmBD,0,1,1,0.0
BmBK,2,0,2,1.0
BmBM,2,8,10,0.2
BmBN,9,8,17,0.53
BmBP,5,6,11,0.45
BmBS,7,6,13,0.54
BmBb,5,6,11,0.45
BmBh,0,2,2,0.0
BmBj,0,3,3,0.0
BmBl,2,1,3,0.67
BmBm,1,6,7,0.14
BmBn,7,8,15,0.47
BmBs,1,3,4,0.25
BmBt,1,3,4,0.25
BmDB,1,0,1,1.0
BmDL,0,1,1,0.0
BmDM,2,0,2,1.0
BmDN,1,0,1,1.0
BmDP,2,1,3,0.67
BmDS,0,1,1,0.0
BmDm,0,1,1,0.0
BmDs,0,1,1,0.0
BmHB,2,5,7,0.29
BmHD,0,0,0,
BmHH,0,1,1,0.0
BmHI,0,1,1,0.0
BmHL,1,2,3,0.33
BmHM,9,2,11,0.82
BmHN,3,4,7,0.43
BmHP,5,6,11,0.45
BmHS,2,3,5,0.4
BmHb,2,5,7,0.29
BmHh,2,4,6,0.33
BmHl,1,1,2,0.5
BmHm,2,2,4,0.5
BmHn,7,4,11,0.64
BmHs,1,1,2,0.5
BmHt,1,0,1,1.0
BmIB,1,1,2,0.5
BmIH,0,1,1,0.0
BmIM,1,0,1,1.0
BmIN,2,0,2,1.0
BmIP,1,0,1,1.0
BmIl,0,1,1,0.0
BmIm,1,0,1,1.0
BmIn,0,1,1,0.0
BmIs,1,1,2,0.5
BmJB,0,1,1,0.0
BmJH,1,0,1,1.0
BmJM,2,2,4,0.5
BmJN,0,3,3,0.0
BmJP,2,1,3,0.67
BmJS,1,2,3,0.33
BmJb,0,2,2,0.0
BmJl,0,1,1,0.0
BmJm,0,0,0,
BmJn,0,0,0,
BmJs,2,0,2,1.0
BmJt,1,0,1,1.0
BmLB,3,1,4,0.75
BmLL,0,0,0,
BmLM,0,2,2,0.0
BmLN,2,1,3,0.67
BmLP,3,3,6,0.5
BmLS,0,4,4,0.0
BmLb,3,4,7,0.43
BmLh,2,1,3,0.67
BmLj,2,1,3,0.67
BmLl,0,0,0,
BmLm,2,3,5,0.4
BmLn,4,2,6,0.67
BmLs,1,3,4,0.25
BmLt,0,1,1,0.0
BmMB,5,4,9,0.56
BmMH,1,0,1,1.0
BmML,2,1,3,0.67
BmMM,8,8,16,0.5
BmMN,9,8,17,0.53
BmMP,6,10,16,0.38
BmMS,4,3,7,0.57
BmMb,7,6,13,0.54
BmMh,6,8,14,0.43
BmMj,4,0,4,1.0
BmMl,2,1,3,0.67
BmMm,7,8,15,0.47
BmMn,15,17,32,0.47
BmMs,5,8,13,0.38
BmMt,2,0,2,1.0
BmNB,3,5,8,0.38
BmND,1,0,1,1.0
BmNH,2,3,5,0.4
BmNK,0,0,0,
BmNL,1,3,4,0.25
BmNM,11,9,20,0.55
BmNN,14,15,29,0.48
BmNP,22,11,33,0.67
BmNS,7,6,13,0.54
BmNb,6,9,15,0.4
BmNh,2,3,5,0.4
BmNl,5,5,10,0.5
BmNm,2,3,5,0.4
BmNn,9,18,27,0.33
BmNs,5,2,7,0.71
BmNt,1,2,3,0.33
BmPB,5,6,11,0.45
BmPH,8,4,12,0.67
BmPK,0,0,0,
BmPL,4,5,9,0.44
BmPM,11,11,22,0.5
BmPN,9,11,20,0.45
BmPP,18,14,32,0.56
BmPS,5,7,12,0.42
BmPb,9,10,19,0.47
BmPl,7,4,11,0.64
BmPm,12,4,16,0.75
BmPn,10,14,24,0.42
BmPs,9,6,15,0.6
BmPt,2,3,5,0.4
BmSB,1,1,2,0.5
BmSH,1,3,4,0.25
BmSL,0,1,1,0.0
BmSM,1,1,2,0.5
BmSN,7,1,8,0.88
BmSP,7,4,11,0.64
BmSS,2,1,3,0.67
BmSb,3,4,7,0.43
BmSh,0,3,3,0.0
BmSl,1,0,1,1.0
BmSm,3,3,6,0.5
BmSn,5,9,14,0.36
BmSs,6,5,11,0.55
BmSt,1,0,1,1.0
BmbB,5,4,9,0.56
BmbH,3,1,4,0.75
BmbJ,1,2,3,0.33
BmbK,1,0,1,1.0
BmbL,2,4,6,0.33
BmbM,5,12,17,0.29
BmbN,11,10,21,0.52
BmbP,7,10,17,0.41
BmbS,3,3,6,0.5
Bmbb,7,7,14,0.5
Bmbl,5,5,10,0.5
Bmbm,8,2,10,0.8
Bmbn,10,11,21,0.48
Bmbs,2,2,4,0.5
BmlB,6,1,7,0.86
BmlH,3,5,8,0.38
BmlI,0,2,2,0.0
BmlJ,0,0,0,
BmlL,0,1,1,0.0
BmlM,2,1,3,0.67
BmlN,2,0,2,1.0
BmlP,5,2,7,0.71
BmlS,2,1,3,0.67
Bmlb,4,2,6,0.67
Bmll,0,3,3,0.0
Bmlm,1,2,3,0.33
Bmln,3,3,6,0.5
Bmls,1,1,2,0.5
BmmB,5,6,11,0.45
BmmD,1,0,1,1.0
BmmH,2,6,8,0.25
BmmJ,2,0,2,1.0
BmmL,0,1,1,0.0
BmmM,2,3,5,0.4
BmmN,5,9,14,0.36
BmmP,5,8,13,0.38
BmmS,4,2,6,0.67
Bmmb,6,8,14,0.43
Bmml,0,2,2,0.0
Bmmm,2,1,3,0.67
Bmmn,5,4,9,0.56
Bmms,1,1,2,0.5
BmnB,3,4,7,0.43
BmnD,1,0,1,1.0
BmnH,10,4,14,0.71
BmnK,0,2,2,0.0
BmnL,3,3,6,0.5
BmnM,10,9,19,0.53
BmnN,9,8,17,0.53
BmnP,4,9,13,0.31
BmnS,4,1,5,0.8
Bmnb,4,3,7,0.57
Bmnl,1,4,5,0.2
Bmnm,5,5,10,0.5
Bmnn,11,11,22,0.5
Bmns,3,4,7,0.43
BmsB,0,2,2,0.0
BmsH,1,2,3,0.33
BmsL,0,2,2,0.0
BmsM,4,6,10,0.4
BmsN,2,5,7,0.29
BmsP,4,5,9,0.44
BmsS,2,1,3,0.67
Bmsb,4,3,7,0.57
Bmsl,1,0,1,1.0
Bmsm,2,1,3,0.67
Bmsn,1,4,5,0.2
Bmss,1,2,3,0.33
BmtB,0,0,0,
BnBB,11,6,17,0.65
BnBD,0,1,1,0.0
BnBL,3,2,5,0.6
BnBM,6,9,15,0.4
BnBN,8,12,20,0.4
BnBP,11,15,26,0.42
BnBS,9,4,13,0.69
BnBb,12,6,18,0.67
BnBh,2,3,5,0.4
BnBj,1,1,2,0.5
BnBl,2,1,3,0.67
BnBm,6,8,14,0.43
BnBn,15,13,28,0.54
BnBs,2,4,6,0.33
BnBt,1,0,1,1.0
BnDB,1,1,2,0.5
BnDH,1,0,1,1.0
BnDM,1,0,1,1.0
BnDN,2,0,2,1.0
BnDP,1,0,1,1.0
BnDS,1,0,1,1.0
BnDb,0,3,3,0.0
BnDm,2,1,3,0.67
BnDn,0,1,1,0.0
BnDs,0,1,1,0.0
BnHB,3,3,6,0.5
BnHH,1,2,3,0.33
BnHL,4,1,5,0.8
BnHM,5,5,10,0.5
BnHN,12,6,18,0.67
BnHP,13,17,30,0.43
BnHS,2,3,5,0.4
BnHb,4,7,11,0.36
BnHh,0,4,4,0.0
BnHl,2,3,5,0.4
BnHm,3,5,8,0.38
BnHn,13,8,21,0.62
BnHs,3,3,6,0.5
BnIB,0,2,2,0.0
BnID,0,1,1,0.0
BnIH,1,2,3,0.33
BnII,0,0,0,
BnIM,1,1,2,0.5
BnIN,0,4,4,0.0
BnIP,0,3,3,0.0
BnIS,0,1,1,0.0
BnIb,0,1,1,0.0
BnIm,1,3,4,0.25
BnIn,1,1,2,0.5
BnIs,1,0,1,1.0
BnKL,0,2,2,0.0
BnKM,3,2,5,0.6
BnKN,0,1,1,0.0
BnKP,3,3,6,0.5
BnKS,0,1,1,0.0
BnKb,1,4,5,0.2
BnKh,1,1,2,0.5
BnKl,0,0,0,
BnKm,2,2,4,0.5
BnKn,1,1,2,0.5
BnKs,0,1,1,0.0
BnKt,1,0,1,1.0
BnLB,2,4,6,0.33
BnLL,3,1,4,0.75
BnLM,5,6,11,0.45
BnLN,4,6,10,0.4
BnLP,3,3,6,0.5
BnLS,4,5,9,0.44
BnLb,1,7,8,0.12
BnLh,2,1,3,0.67
BnLj,0,3,3,0.0
BnLl,0,1,1,0.0
BnLm,3,5,8,0.38
BnLn,7,5,12,0.58
BnLs,3,1,4,0.75
BnMB,8,12,20,0.4
BnMD,0,1,1,0.0
BnML,3,7,10,0.3
BnMM,10,13,23,0.43
BnMN,15,13,28,0.54
BnMP,14,10,24,0.58
BnMS,6,10,16,0.38
BnMb,13,10,23,0.57
BnMh,11,13,24,0.46
BnMj,3,4,7,0.43
BnMl,9,6,15,0.6
BnMm,7,8,15,0.47
BnMn,23,17,40,0.57
BnMs,3,5,8,0.38
BnMt,2,1,3,0.67
BnNB,8,9,17,0.47
BnNH,3,1,4,0.75
BnNL,5,4,9,0.56
BnNM,17,17,34,0.5
BnNN,18,21,39,0.46
BnNP,32,32,64,0.5
BnNS,8,18,26,0.31
BnNb,18,10,28,0.64
BnNh,6,6,12,0.5
BnNl,8,9,17,0.47
BnNm,13,16,29,0.45
BnNn,33,31,64,0.52
BnNs,5,11,16,0.31
BnNt,3,3,6,0.5
BnPB,10,12,22,0.45
BnPD,0,4,4,0.0
BnPH,5,7,12,0.42
BnPI,1,0,1,1.0
BnPK,1,1,2,0.5
BnPL,7,13,20,0.35
BnPM,14,19,33,0.42
BnPN,19,20,39,0.49
BnPP,29,28,57,0.51
BnPS,13,8,21,0.62
BnPb,19,21,40,0.48
BnPh,1,3,4,0.25
BnPl,7,12,19,0.37
BnPm,20,16,36,0.56
BnPn,21,25,46,0.46
BnPs,9,5,14,0.64
BnPt,3,2,5,0.6
BnSB,6,2,8,0.75
BnSD,0,1,1,0.0
BnSH,1,5,6,0.17
BnSK,1,0,1,1.0
BnSL,4,3,7,0.57
BnSM,9,5,14,0.64
BnSN,4,6,10,0.4
BnSP,11,22,33,0.33
BnSS,7,4,11,0.64
BnSb,9,6,15,0.6
BnSh,5,6,11,0.45
BnSl,6,4,10,0.6
BnSm,9,5,14,0.64
BnSn,9,14,23,0.39
BnSs,6,10,16,0.38
BnSt,0,1,1,0.0
BnbB,8,11,19,0.42
BnbD,0,1,1,0.0
BnbH,3,5,8,0.38
BnbI,2,0,2,1.0
BnbJ,5,4,9,0.56
BnbK,0,1,1,0.0
BnbL,2,6,8,0.25
BnbM,11,12,23,0.48
BnbN,14,14,28,0.5
BnbP,13,12,25,0.52
BnbS,5,5,10,0.5
Bnbb,12,15,27,0.44
Bnbl,3,5,8,0.38
Bnbm,16,6,22,0.73
Bnbn,20,10,30,0.67
Bnbs,2,7,9,0.22
BnhM,1,1,2,0.5
BnhN,0,1,1,0.0
BnhP,1,2,3,0.33
BnhS,1,0,1,1.0
Bnhb,3,0,3,1.0
Bnhh,0,1,1,0.0
Bnhn,1,1,2,0.5
Bnhs,0,1,1,0.0
BnlB,1,2,3,0.33
BnlH,3,4,7,0.43
BnlJ,2,1,3,0.67
BnlL,1,2,3,0.33
BnlM,7,4,11,0.64
BnlN,6,8,14,0.43
BnlP,6,8,14,0.43
BnlS,4,7,11,0.36
Bnlb,7,6,13,0.54
Bnll,4,1,5,0.8
Bnlm,6,0,6,1.0
Bnln,9,5,14,0.64
Bnls,3,3,6,0.5
BnmB,4,5,9,0.44
BnmD,1,1,2,0.5
BnmH,6,5,11,0.55
BnmJ,4,3,7,0.57
BnmL,4,1,5,0.8
BnmM,6,10,16,0.38
BnmN,15,16,31,0.48
BnmP,16,15,31,0.52
BnmS,5,3,8,0.62
Bnmb,11,6,17,0.65
Bnml,6,4,10,0.6
Bnmm,5,3,8,0.62
Bnmn,13,13,26,0.5
Bnms,5,6,11,0.45
BnnB,13,10,23,0.57
BnnD,1,1,2,0.5
BnnH,7,7,14,0.5
BnnI,2,3,5,0.4
BnnK,0,1,1,0.0
BnnL,5,5,10,0.5
BnnM,10,18,28,0.36
BnnN,10,27,37,0.27
BnnP,21,22,43,0.49
BnnS,10,8,18,0.56
Bnnb,14,9,23,0.61
Bnnh,0,1,1,0.0
Bnnl,1,7,8,0.12
Bnnm,19,7,26,0.73
Bnnn,24,15,39,0.62
Bnns,15,6,21,0.71
BnsB,2,5,7,0.29
BnsD,0,1,1,0.0
BnsH,3,6,9,0.33
BnsI,2,1,3,0.67
BnsL,1,4,5,0.2
BnsM,11,5,16,0.69
BnsN,4,7,11,0.36
BnsP,8,7,15,0.53
BnsS,10,7,17,0.59
Bnsb,4,4,8,0.5
Bnsh,0,1,1,0.0
Bnsl,1,4,5,0.2
Bnsm,6,5,11,0.55
Bnsn,6,4,10,0.6
Bnss,5,5,10,0.5
Bntn,1,1,2,0.5
BsBB,0,1,1,0.0
BsBL,0,0,0,
BsBM,3,4,7,0.43
BsBN,2,4,6,0.33
BsBP,3,2,5,0.6
BsBS,0,3,3,0.0
BsBb,4,1,5,0.8
BsBj,2,1,3,0.67
BsBl,2,1,3,0.67
BsBm,1,1,2,0.5
BsBn,5,2,7,0.71
BsBs,1,0,1,1.0
BsDI,0,1,1,0.0
BsDL,0,1,1,0.0
BsDN,1,0,1,1.0
BsDh,1,0,1,1.0
BsDm,0,1,1,0.0
BsHB,2,3,5,0.4
BsHH,0,1,1,0.0
BsHK,0,2,2,0.0
BsHL,1,1,2,0.5
BsHM,5,4,9,0.56
BsHN,4,3,7,0.57
BsHP,7,7,14,0.5
BsHS,5,2,7,0.71
BsHb,2,2,4,0.5
BsHh,3,4,7,0.43
BsHl,3,2,5,0.6
BsHm,4,4,8,0.5
BsHn,2,3,5,0.4
BsHs,3,3,6,0.5
BsIB,0,0,0,
BsIM,0,1,1,0.0
BsIN,2,0,2,1.0
BsIP,0,2,2,0.0
BsIs,1,0,1,1.0
BsKP,1,0,1,1.0
BsKh,0,1,1,0.0
BsLB,1,0,1,1.0
BsLM,1,1,2,0.5
BsLN,1,3,4,0.25
BsLP,1,1,2,0.5
BsLS,0,2,2,0.0
BsLb,2,1,3,0.67
BsLh,0,2,2,0.0
BsLn,1,1,2,0.5
BsLs,0,2,2,0.0
BsMB,2,7,9,0.22
BsML,1,0,1,1.0
BsMM,2,7,9,0.22
BsMN,1,2,3,0.33
BsMP,4,8,12,0.33
BsMS,4,4,8,0.5
BsMb,4,4,8,0.5
BsMh,1,1,2,0.5
BsMj,1,1,2,0.5
BsMl,2,3,5,0.4
BsMm,2,2,4,0.5
BsMn,8,6,14,0.57
BsMs,2,1,3,0.67
BsMt,1,0,1,1.0
BsNB,4,6,10,0.4
BsND,2,0,2,1.0
BsNH,0,1,1,0.0
BsNL,0,1,1,0.0
BsNM,2,5,7,0.29
BsNN,3,3,6,0.5
BsNP,7,10,17,0.41
BsNS,2,1,3,0.67
BsNb,10,6,16,0.62
BsNh,1,2,3,0.33
BsNm,1,2,3,0.33
BsNn,4,8,12,0.33
BsNs,2,2,4,0.5
BsNt,1,0,1,1.0
BsPB,4,3,7,0.57
BsPH,3,4,7,0.43
BsPI,0,1,1,0.0
BsPK,0,1,1,0.0
BsPL,4,5,9,0.44
BsPM,5,3,8,0.62
BsPN,8,6,14,0.57
BsPP,7,15,22,0.32
BsPS,2,5,7,0.29
BsPb,13,7,20,0.65
BsPh,1,1,2,0.5
BsPl,3,5,8,0.38
BsPm,6,5,11,0.55
BsPn,6,8,14,0.43
BsPs,3,3,6,0.5
BsPt,2,0,2,1.0
BsSB,3,0,3,1.0
BsSH,4,1,5,0.8
BsSL,3,2,5,0.6
BsSM,0,4,4,0.0
BsSN,3,5,8,0.38
BsSP,5,6,11,0.45
BsSS,2,2,4,0.5
BsSb,3,2,5,0.6
BsSh,2,4,6,0.33
BsSl,1,3,4,0.25
BsSm,6,3,9,0.67
BsSn,6,3,9,0.67
BsSs,4,4,8,0.5
BsSt,0,1,1,0.0
BsbB,2,2,4,0.5
BsbH,0,2,2,0.0
BsbI,0,1,1,0.0
BsbJ,0,1,1,0.0
BsbL,2,5,7,0.29
BsbM,7,3,10,0.7
BsbN,4,6,10,0.4
BsbP,6,4,10,0.6
BsbS,0,5,5,0.0
Bsbb,9,8,17,0.53
Bsbl,0,1,1,0.0
Bsbm,2,3,5,0.4
Bsbn,5,5,10,0.5
Bsbs,4,2,6,0.67
Bshb,1,2,3,0.33
Bshh,1,0,1,1.0
Bshl,1,0,1,1.0
Bshn,0,1,1,0.0
Bshs,0,1,1,0.0
Bsht,0,1,1,0.0
BslB,1,2,3,0.33
BslH,0,2,2,0.0
BslJ,1,1,2,0.5
BslL,2,1,3,0.67
BslM,3,3,6,0.5
BslN,1,2,3,0.33
BslP,2,3,5,0.4
BslS,0,1,1,0.0
Bslb,3,2,5,0.6
Bsll,2,2,4,0.5
Bslm,2,1,3,0.67
Bsln,2,1,3,0.67
Bsls,2,0,2,1.0
BsmB,2,0,2,1.0
BsmD,1,0,1,1.0
BsmH,4,0,4,1.0
BsmJ,0,1,1,0.0
BsmL,2,0,2,1.0
BsmM,3,6,9,0.33
BsmN,4,7,11,0.36
BsmP,3,2,5,0.6
BsmS,4,3,7,0.57
Bsmb,3,3,6,0.5
Bsml,1,3,4,0.25
Bsmm,1,1,2,0.5
Bsmn,1,4,5,0.2
Bsms,2,1,3,0.67
BsnB,1,1,2,0.5
BsnH,3,1,4,0.75
BsnI,1,0,1,1.0
BsnK,1,0,1,1.0
BsnL,3,3,6,0.5
BsnM,2,3,5,0.4
BsnN,1,6,7,0.14
BsnP,2,10,12,0.17
BsnS,1,4,5,0.2
Bsnb,3,0,3,1.0
Bsnl,2,2,4,0.5
Bsnm,3,2,5,0.6
Bsnn,2,6,8,0.25
Bsns,1,1,2,0.5
BssB,1,1,2,0.5
BssH,2,3,5,0.4
BssL,0,1,1,0.0
BssM,1,6,7,0.14
BssN,2,0,2,1.0
BssP,11,7,18,0.61
BssS,1,3,4,0.25
Bssb,1,1,2,0.5
Bssl,0,1,1,0.0
Bssm,4,0,4,1.0
Bssn,2,2,4,0.5
Bsss,0,2,2,0.0
BtBB,1,0,1,1.0
BtBL,1,0,1,1.0
BtBM,0,4,4,0.0
BtBN,0,1,1,0.0
BtBP,2,0,2,1.0
BtBS,1,0,1,1.0
BtBb,2,1,3,0.67
BtBh,0,1,1,0.0
BtBj,1,0,1,1.0
BtBl,2,0,2,1.0
BtBm,2,0,2,1.0
BtBn,1,4,5,0.2
BtBs,0,0,0,
BtDM,0,1,1,0.0
BtDP,0,0,0,
BtHB,1,1,2,0.5
BtHL,1,0,1,1.0
BtHM,1,0,1,1.0
BtHN,0,2,2,0.0
BtHP,2,0,2,1.0
BtHS,1,1,2,0.5
BtHb,0,2,2,0.0
BtHm,2,0,2,1.0
BtHn,1,2,3,0.33
BtKb,2,0,2,1.0
BtLB,0,1,1,0.0
BtLL,1,2,3,0.33
BtLM,1,1,2,0.5
BtLN,0,1,1,0.0
BtLP,1,0,1,1.0
BtLh,1,0,1,1.0
BtLm,0,1,1,0.0
BtLn,1,0,1,1.0
BtLs,1,0,1,1.0
BtMB,2,1,3,0.67
BtML,1,0,1,1.0
BtMM,1,1,2,0.5
BtMN,1,1,2,0.5
BtMP,1,2,3,0.33
BtMS,2,1,3,0.67
BtMb,2,2,4,0.5
BtMh,0,0,0,
BtMj,0,1,1,0.0
BtMl,0,2,2,0.0
BtMm,1,1,2,0.5
BtMn,2,0,2,1.0
BtMs,0,1,1,0.0
BtMt,1,1,2,0.5
BtNB,1,1,2,0.5
BtNH,0,1,1,0.0
BtNK,1,0,1,1.0
BtNL,1,2,3,0.33
BtNM,1,3,4,0.25
BtNN,1,5,6,0.17
BtNP,0,2,2,0.0
BtNS,2,2,4,0.5
BtNh,2,1,3,0.67
BtNl,1,0,1,1.0
BtNm,1,4,5,0.2
BtNn,1,4,5,0.2
BtNs,1,3,4,0.25
BtPB,1,0,1,1.0
BtPD,0,1,1,0.0
BtPH,0,1,1,0.0
BtPI,1,0,1,1.0
BtPL,0,2,2,0.0
BtPM,1,3,4,0.25
BtPN,2,4,6,0.33
BtPP,4,3,7,0.57
BtPS,2,2,4,0.5
BtPb,6,5,11,0.55
BtPh,0,1,1,0.0
BtPl,1,3,4,0.25
BtPm,0,4,4,0.0
BtPn,3,1,4,0.75
BtPs,2,2,4,0.5
BtSB,0,2,2,0.0
BtSH,1,0,1,1.0
BtSL,0,1,1,0.0
BtSM,2,1,3,0.67
BtSP,1,2,3,0.33
BtSb,1,1,2,0.5
BtSh,1,1,2,0.5
BtSl,3,1,4,0.75
BtSm,3,3,6,0.5
BtSn,1,0,1,1.0
BtSs,1,0,1,1.0
BtSt,0,1,1,0.0
BtbB,1,0,1,1.0
BtbH,1,1,2,0.5
BtbI,0,1,1,0.0
BtbJ,0,1,1,0.0
BtbK,0,1,1,0.0
BtbL,1,3,4,0.25
BtbM,2,2,4,0.5
BtbN,1,3,4,0.25
BtbP,1,1,2,0.5
BtbS,2,0,2,1.0
Btbb,4,6,10,0.4
Btbl,3,0,3,1.0
Btbm,4,2,6,0.67
Btbn,2,0,2,1.0
Btbs,0,1,1,0.0
BtlL,2,0,2,1.0
BtlM,0,2,2,0.0
BtlN,0,1,1,0.0
BtlP,2,1,3,0.67
Btlb,0,1,1,0.0
Btll,1,2,3,0.33
Btlm,0,0,0,
Btln,0,1,1,0.0
Btls,1,0,1,1.0
BtmB,0,2,2,0.0
BtmD,0,2,2,0.0
BtmH,0,1,1,0.0
BtmL,0,4,4,0.0
BtmM,2,4,6,0.33
BtmN,0,0,0,
BtmP,1,1,2,0.5
BtmS,1,0,1,1.0
Btmb,1,1,2,0.5
Btml,2,0,2,1.0
Btmm,1,0,1,1.0
Btmn,1,0,1,1.0
BtnB,0,2,2,0.0
BtnH,1,2,3,0.33
BtnL,2,2,4,0.5
BtnM,1,1,2,0.5
BtnN,2,2,4,0.5
BtnP,2,2,4,0.5
BtnS,1,1,2,0.5
Btnb,2,1,3,0.67
Btnh,0,1,1,0.0
Btnl,2,2,4,0.5
Btnm,3,0,3,1.0
Btnn,1,1,2,0.5
Btns,3,1,4,0.75
Btnt,1,0,1,1.0
BtsB,1,0,1,1.0
BtsD,0,1,1,0.0
BtsH,3,0,3,1.0
BtsM,1,1,2,0.5
BtsN,1,2,3,0.33
BtsP,2,0,2,1.0
BtsS,0,1,1,0.0
Btsb,1,0,1,1.0
Btsl,1,0,1,1.0
Btsm,2,1,3,0.67
Btsn,1,0,1,1.0
Btss,0,1,1,0.0
BttM,1,0,1,1.0
BttN,0,1,1,0.0
BttP,2,0,2,1.0
Bttb,2,0,2,1.0
Bttm,1,0,1,1.0
Bttn,0,1,1,0.0
Bttt,1,0,1,1.0
DBBB,1,0,1,1.0
DBBM,1,0,1,1.0
DBDP,1,0,1,1.0
DBLb,1,0,1,1.0
DBLm,1,0,1,1.0
DBLn,0,2,2,0.0
DBMM,1,0,1,1.0
DBMP,0,1,1,0.0
DBMS,0,1,1,0.0
DBMb,1,0,1,1.0
DBMj,0,1,1,0.0
DBMn,1,1,2,0.5
DBMs,0,1,1,0.0
DBMt,0,0,0,
DBNB,1,0,1,1.0
DBNN,0,1,1,0.0
DBNP,1,3,4,0.25
DBNS,0,1,1,0.0
DBNb,1,1,2,0.5
DBNn,2,0,2,1.0
DBNt,1,0,1,1.0
DBPL,0,1,1,0.0
DBPM,1,0,1,1.0
DBPN,1,0,1,1.0
DBPP,1,0,1,1.0
DBPS,2,0,2,1.0
DBPb,1,0,1,1.0
DBPl,1,0,1,1.0
DBPn,0,1,1,0.0
DBPs,1,1,2,0.5
DBSB,0,0,0,
DBSH,0,1,1,0.0
DBSP,0,0,0,
DBSb,0,1,1,0.0
DBSm,1,0,1,1.0
DBSs,0,1,1,0.0
DBbB,0,0,0,
DBbM,2,2,4,0.5
DBbP,1,1,2,0.5
DBbb,1,1,2,0.5
DBbl,1,0,1,1.0
DBbs,1,0,1,1.0
DBhP,0,1,1,0.0
DBhS,0,1,1,0.0
DBjl,0,1,1,0.0
DBjs,0,0,0,
DBlH,1,0,1,1.0
DBlM,1,0,1,1.0
DBll,0,0,0,
DBlm,1,0,1,1.0
DBmB,0,1,1,0.0
DBmP,2,3,5,0.4
DBmS,1,0,1,1.0
DBmb,0,0,0,
DBmm,1,0,1,1.0
DBmn,1,1,2,0.5
DBms,0,1,1,0.0
DBnB,1,2,3,0.33
DBnD,0,0,0,
DBnH,1,0,1,1.0
DBnM,0,1,1,0.0
DBnN,0,1,1,0.0
DBnP,1,1,2,0.5
DBnm,1,0,1,1.0
DBnn,0,1,1,0.0
DBsH,0,1,1,0.0
DBsb,2,0,2,1.0
DBss,1,0,1,1.0
DBtN,0,0,0,
DBtn,1,0,1,1.0
DDBL,0,1,1,0.0
DDBm,0,1,1,0.0
DDHs,0,1,1,0.0
DDLb,0,2,2,0.0
DDLs,1,0,1,1.0
DDNm,1,0,1,1.0
DDPS,0,1,1,0.0
DDPs,0,1,1,0.0
DDSL,1,0,1,1.0
DDSS,0,0,0,
DDSl,0,1,1,0.0
DDms,0,1,1,0.0
DDnB,0,1,1,0.0
DDnP,0,1,1,0.0
DDnn,0,1,1,0.0
DDsb,0,1,1,0.0
DHBB,0,1,1,0.0
DHBM,0,1,1,0.0
DHBN,0,1,1,0.0
DHBn,0,1,1,0.0
DHBs,0,1,1,0.0
DHHS,0,1,1,0.0
DHHn,1,0,1,1.0
DHIn,1,0,1,1.0
DHKS,1,1,2,0.5
DHLS,0,1,1,0.0
DHLj,0,1,1,0.0
DHLn,0,1,1,0.0
DHMB,2,0,2,1.0
DHML,1,1,2,0.5
DHMN,1,2,3,0.33
DHMP,1,0,1,1.0
DHMS,0,1,1,0.0
DHMb,2,2,4,0.5
DHMh,0,1,1,0.0
DHMl,3,1,4,0.75
DHMn,1,0,1,1.0
DHNB,0,1,1,0.0
DHNL,0,0,0,
DHNM,0,0,0,
DHNN,1,1,2,0.5
DHNP,1,2,3,0.33
DHNS,1,1,2,0.5
DHNb,0,1,1,0.0
DHNh,1,1,2,0.5
DHNl,1,0,1,1.0
DHNm,2,0,2,1.0
DHNn,0,1,1,0.0
DHNs,0,2,2,0.0
DHPB,2,1,3,0.67
DHPH,0,0,0,
DHPL,0,2,2,0.0
DHPM,1,2,3,0.33
DHPN,2,1,3,0.67
DHPP,2,1,3,0.67
DHPS,1,1,2,0.5
DHPb,0,1,1,0.0
DHPl,1,2,3,0.33
DHPm,0,1,1,0.0
DHPn,1,2,3,0.33
DHPs,2,1,3,0.67
DHSB,1,0,1,1.0
DHSL,1,0,1,1.0
DHSN,1,0,1,1.0
DHSP,1,0,1,1.0
DHSS,1,0,1,1.0
DHSh,1,1,2,0.5
DHSl,1,0,1,1.0
DHSn,0,0,0,
DHSs,0,1,1,0.0
DHbB,2,1,3,0.67
DHbJ,0,1,1,0.0
DHbL,1,0,1,1.0
DHbM,0,1,1,0.0
DHbN,3,0,3,1.0
DHbP,2,1,3,0.67
DHbb,1,1,2,0.5
DHbm,1,0,1,1.0
DHhM,2,1,3,0.67
DHhN,1,0,1,1.0
DHhP,0,1,1,0.0
DHhS,0,2,2,0.0
DHhh,2,0,2,1.0
DHhn,1,0,1,1.0
DHhs,0,1,1,0.0
DHlM,1,0,1,1.0
DHlP,1,1,2,0.5
DHlb,0,0,0,
DHlm,1,0,1,1.0
DHls,0,1,1,0.0
DHmD,0,1,1,0.0
DHmH,1,0,1,1.0
DHmL,1,0,1,1.0
DHmM,1,1,2,0.5
DHmN,1,0,1,1.0
DHmP,0,1,1,0.0
DHmS,0,0,0,
DHmb,0,1,1,0.0
DHmm,0,1,1,0.0
DHnB,0,2,2,0.0
DHnH,1,0,1,1.0
DHnL,1,0,1,1.0
DHnM,0,1,1,0.0
DHnN,1,0,1,1.0
DHnP,2,1,3,0.67
DHnS,2,3,5,0.4
DHnb,0,2,2,0.0
DHnl,2,0,2,1.0
DHnn,1,1,2,0.5
DHsB,1,0,1,1.0
DHsH,1,0,1,1.0
DHsM,1,0,1,1.0
DHsN,2,1,3,0.67
DHsP,1,0,1,1.0
DHsS,1,0,1,1.0
DHsb,0,1,1,0.0
DHsm,1,0,1,1.0
DHsn,1,0,1,1.0
DHss,2,0,2,1.0
DHtN,1,1,2,0.5
DIBN,1,0,1,1.0
DIHh,0,1,1,0.0
DIPP,0,1,1,0.0
DIPm,1,0,1,1.0
DIlb,0,1,1,0.0
DKNP,0,1,1,0.0
DKSn,1,0,1,1.0
DKbS,0,1,1,0.0
DKbb,1,0,1,1.0
DKsn,0,0,0,
DLBP,1,0,1,1.0
DLBj,1,0,1,1.0
DLBs,1,0,1,1.0
DLDH,0,1,1,0.0
DLDs,0,1,1,0.0
DLKP,0,1,1,0.0
DLLB,0,1,1,0.0
DLLP,0,0,0,
DLLb,1,0,1,1.0
DLMN,0,1,1,0.0
DLMb,0,1,1,0.0
DLMj,0,0,0,
DLMn,2,0,2,1.0
DLNM,0,0,0,
DLNP,1,0,1,1.0
DLNn,0,0,0,
DLNs,0,1,1,0.0
DLPL,0,0,0,
DLPM,1,0,1,1.0
DLPP,1,0,1,1.0
DLPS,0,1,1,0.0
DLPb,1,0,1,1.0
DLPm,1,0,1,1.0
DLPn,0,1,1,0.0
DLSM,1,0,1,1.0
DLSP,1,0,1,1.0
DLSm,0,1,1,0.0
DLSn,0,1,1,0.0
DLbB,1,0,1,1.0
DLbP,3,0,3,1.0
DLbb,2,0,2,1.0
DLbl,1,0,1,1.0
DLbm,0,1,1,0.0
DLbn,0,1,1,0.0
DLhL,1,1,2,0.5
DLhP,1,1,2,0.5
DLhs,1,0,1,1.0
DLjM,0,0,0,
DLjb,1,0,1,1.0
DLjn,0,1,1,0.0
DLlM,1,0,1,1.0
DLlb,1,0,1,1.0
DLlm,1,0,1,1.0
DLmB,0,1,1,0.0
DLmN,0,1,1,0.0
DLmb,1,0,1,1.0
DLnB,0,2,2,0.0
DLnI,0,0,0,
DLnM,1,0,1,1.0
DLnN,1,0,1,1.0
DLnb,0,0,0,
DLnl,1,0,1,1.0
DLnn,0,1,1,0.0
DLsN,0,1,1,0.0
DLsP,0,1,1,0.0
DLsS,2,0,2,1.0
DLsh,1,0,1,1.0
DLtM,0,0,0,
DMBB,1,0,1,1.0
DMBL,0,1,1,0.0
DMBM,1,1,2,0.5
DMBP,1,0,1,1.0
DMBb,0,2,2,0.0
DMBn,1,0,1,1.0
DMDH,0,0,0,
DMLL,1,0,1,1.0
DMLb,1,0,1,1.0
DMLn,0,1,1,0.0
DMLs,1,1,2,0.5
DMMM,1,0,1,1.0
DMMN,1,1,2,0.5
DMMP,2,1,3,0.67
DMMS,1,0,1,1.0
DMMb,0,1,1,0.0
DMMh,1,1,2,0.5
DMMj,0,1,1,0.0
DMMl,1,1,2,0.5
DMMm,0,0,0,
DMMn,0,1,1,0.0
DMNB,1,0,1,1.0
DMND,1,0,1,1.0
DMNM,0,3,3,0.0
DMNN,0,1,1,0.0
DMNP,2,1,3,0.67
DMNS,0,2,2,0.0
DMNb,1,1,2,0.5
DMNl,0,1,1,0.0
DMNm,0,1,1,0.0
DMNn,1,1,2,0.5
DMNs,0,0,0,
DMPH,2,2,4,0.5
DMPK,0,1,1,0.0
DMPM,1,0,1,1.0
DMPN,1,1,2,0.5
DMPP,1,1,2,0.5
DMPS,2,2,4,0.5
DMPh,0,0,0,
DMPl,1,1,2,0.5
DMPm,1,0,1,1.0
DMPn,1,1,2,0.5
DMPs,1,0,1,1.0
DMSH,0,1,1,0.0
DMSM,1,3,4,0.25
DMSP,2,1,3,0.67
DMSS,1,2,3,0.33
DMSh,0,1,1,0.0
DMSm,0,1,1,0.0
DMSn,0,1,1,0.0
DMbB,2,0,2,1.0
DMbJ,1,0,1,1.0
DMbN,0,0,0,
DMbP,2,1,3,0.67
DMbS,2,0,2,1.0
DMbb,1,0,1,1.0
DMbm,0,1,1,0.0
DMbn,1,0,1,1.0
DMbs,2,0,2,1.0
DMhL,1,0,1,1.0
DMhN,1,0,1,1.0
DMhP,1,1,2,0.5
DMhb,0,2,2,0.0
DMhh,0,3,3,0.0
DMhm,3,1,4,0.75
DMhn,1,1,2,0.5
DMhs,1,0,1,1.0
DMjK,0,1,1,0.0
DMjS,0,0,0,
DMjn,1,1,2,0.5
DMlP,1,0,1,1.0
DMmB,1,0,1,1.0
DMmH,0,1,1,0.0
DMmL,1,0,1,1.0
DMmM,1,1,2,0.5
DMmN,0,2,2,0.0
DMmS,2,1,3,0.67
DMmb,1,2,3,0.33
DMmn,2,0,2,1.0
DMnB,0,1,1,0.0
DMnI,1,1,2,0.5
DMnL,2,0,2,1.0
DMnM,2,3,5,0.4
DMnN,0,1,1,0.0
DMnP,3,1,4,0.75
DMnS,0,1,1,0.0
DMnb,1,0,1,1.0
DMnl,1,1,2,0.5
DMnm,0,2,2,0.0
DMnn,4,4,8,0.5
DMns,0,0,0,
DMsH,0,1,1,0.0
DMsM,1,0,1,1.0
DMsP,2,0,2,1.0
DMsS,0,0,0,
DMsb,1,0,1,1.0
DMsm,0,1,1,0.0
DMsn,0,1,1,0.0
DMss,0,2,2,0.0
DMtn,0,1,1,0.0
DNBB,2,1,3,0.67
DNBL,0,1,1,0.0
DNBM,1,0,1,1.0
DNBN,2,0,2,1.0
DNBP,0,0,0,
DNBb,1,1,2,0.5
DNBj,0,1,1,0.0
DNBl,1,0,1,1.0
DNBm,0,2,2,0.0
DNBn,0,2,2,0.0
DNDB,0,1,1,0.0
DNHB,1,0,1,1.0
DNHP,0,0,0,
DNHl,1,0,1,1.0
DNKS,1,1,2,0.5
DNLB,1,0,1,1.0
DNLN,0,1,1,0.0
DNLP,1,0,1,1.0
DNLn,0,1,1,0.0
DNMB,0,1,1,0.0
DNMM,1,0,1,1.0
DNMN,0,1,1,0.0
DNMP,2,2,4,0.5
DNMS,2,0,2,1.0
DNMb,4,0,4,1.0
DNMh,1,3,4,0.25
DNMl,0,2,2,0.0
DNMn,0,1,1,0.0
DNMs,0,1,1,0.0
DNNM,0,1,1,0.0
DNNN,0,1,1,0.0
DNNS,1,1,2,0.5
DNNh,0,0,0,
DNNl,0,1,1,0.0
DNNn,2,0,2,1.0
DNPB,2,0,2,1.0
DNPI,1,0,1,1.0
DNPK,1,0,1,1.0
DNPM,1,0,1,1.0
DNPN,1,0,1,1.0
DNPP,0,1,1,0.0
DNPS,1,1,2,0.5
DNPb,0,1,1,0.0
DNPh,2,1,3,0.67
DNPl,0,1,1,0.0
DNPm,1,0,1,1.0
DNPn,1,3,4,0.25
DNPs,2,0,2,1.0
DNSH,1,0,1,1.0
DNSL,0,2,2,0.0
DNSM,1,0,1,1.0
DNSN,0,1,1,0.0
DNSP,1,2,3,0.33
DNSS,0,1,1,0.0
DNSh,0,1,1,0.0
DNSn,0,1,1,0.0
DNSs,1,0,1,1.0
DNbH,1,1,2,0.5
DNbL,1,0,1,1.0
DNbN,1,0,1,1.0
DNbP,1,3,4,0.25
DNbS,1,0,1,1.0
DNbb,0,0,0,
DNbm,0,1,1,0.0
DNbn,4,0,4,1.0
DNhs,2,0,2,1.0
DNlB,0,1,1,0.0
DNlH,0,1,1,0.0
DNlN,1,1,2,0.5
DNmB,0,1,1,0.0
DNmI,0,1,1,0.0
DNmJ,0,2,2,0.0
DNmL,0,1,1,0.0
DNmM,2,0,2,1.0
DNmN,0,1,1,0.0
DNmb,1,0,1,1.0
DNml,0,1,1,0.0
DNmm,0,1,1,0.0
DNmn,1,0,1,1.0
DNms,0,0,0,
DNnB,1,1,2,0.5
DNnH,0,1,1,0.0
DNnK,1,0,1,1.0
DNnL,1,0,1,1.0
DNnM,1,2,3,0.33
DNnN,1,2,3,0.33
DNnP,0,1,1,0.0
DNnS,1,1,2,0.5
DNnb,0,0,0,
DNnh,0,1,1,0.0
DNnl,0,1,1,0.0
DNnn,1,0,1,1.0
DNsM,2,0,2,1.0
DNsN,0,1,1,0.0
DNsS,0,2,2,0.0
DNsb,0,1,1,0.0
DNsl,1,0,1,1.0
DNsn,0,1,1,0.0
DNtb,1,0,1,1.0
DPBB,1,1,2,0.5
DPBN,0,2,2,0.0
DPBP,0,2,2,0.0
DPBS,1,1,2,0.5
DPBb,2,1,3,0.67
DPBj,0,0,0,
DPBm,1,0,1,1.0
DPBn,0,2,2,0.0
DPDL,1,0,1,1.0
DPHM,0,1,1,0.0
DPHN,0,1,1,0.0
DPHP,1,0,1,1.0
DPIH,1,0,1,1.0
DPIP,1,0,1,1.0
DPIm,1,0,1,1.0
DPKP,1,0,1,1.0
DPKh,1,1,2,0.5
DPKm,1,0,1,1.0
DPLB,0,2,2,0.0
DPLD,1,0,1,1.0
DPLL,2,1,3,0.67
DPLM,3,0,3,1.0
DPLP,0,1,1,0.0
DPLS,0,0,0,
DPLb,1,0,1,1.0
DPLm,1,0,1,1.0
DPLn,0,1,1,0.0
DPLs,2,0,2,1.0
DPLt,0,0,0,
DPMB,0,1,1,0.0
DPML,1,2,3,0.33
DPMM,1,1,2,0.5
DPMN,0,1,1,0.0
DPMP,1,1,2,0.5
DPMb,2,2,4,0.5
DPMh,0,1,1,0.0
DPMl,2,0,2,1.0
DPMm,0,2,2,0.0
DPMn,2,0,2,1.0
DPMs,1,2,3,0.33
DPMt,1,0,1,1.0
DPNB,2,1,3,0.67
DPNH,1,0,1,1.0
DPNL,0,1,1,0.0
DPNM,1,2,3,0.33
DPNN,2,0,2,1.0
DPNP,1,1,2,0.5
DPNS,0,0,0,
DPNl,1,1,2,0.5
DPNm,0,1,1,0.0
DPNn,1,1,2,0.5
DPNs,1,0,1,1.0
DPNt,0,1,1,0.0
DPPB,0,2,2,0.0
DPPD,1,0,1,1.0
DPPM,3,4,7,0.43
DPPN,1,3,4,0.25
DPPP,4,6,10,0.4
DPPS,1,1,2,0.5
DPPb,3,1,4,0.75
DPPl,1,1,2,0.5
DPPm,0,2,2,0.0
DPPn,3,0,3,1.0
DPPs,2,0,2,1.0
DPSB,0,0,0,
DPSH,0,1,1,0.0
DPSM,0,3,3,0.0
DPSN,0,1,1,0.0
DPSP,1,2,3,0.33
DPSS,0,1,1,0.0
DPSb,1,0,1,1.0
DPSh,1,2,3,0.33
DPSl,1,1,2,0.5
DPSm,1,1,2,0.5
DPSn,2,3,5,0.4
DPSs,1,1,2,0.5
DPSt,1,0,1,1.0
DPbB,1,3,4,0.25
DPbH,0,1,1,0.0
DPbI,1,0,1,1.0
DPbL,2,0,2,1.0
DPbM,2,2,4,0.5
DPbN,2,1,3,0.67
DPbP,2,0,2,1.0
DPbb,0,1,1,0.0
DPbl,1,1,2,0.5
DPbm,1,0,1,1.0
DPbn,0,1,1,0.0
DPhN,1,0,1,1.0
DPhS,0,0,0,
DPhn,0,2,2,0.0
DPlN,0,1,1,0.0
DPlP,2,2,4,0.5
DPlS,0,2,2,0.0
DPlb,0,1,1,0.0
DPll,0,1,1,0.0
DPlm,0,1,1,0.0
DPln,1,1,2,0.5
DPls,0,1,1,0.0
DPmB,0,1,1,0.0
DPmD,0,1,1,0.0
DPmL,2,0,2,1.0
DPmM,1,1,2,0.5
DPmN,1,3,4,0.25
DPmP,0,1,1,0.0
DPmb,1,1,2,0.5
DPml,0,1,1,0.0
DPmm,0,1,1,0.0
DPmn,1,1,2,0.5
DPnH,1,1,2,0.5
DPnL,1,0,1,1.0
DPnM,2,1,3,0.67
DPnN,0,1,1,0.0
DPnP,0,2,2,0.0
DPnS,2,0,2,1.0
DPnb,0,1,1,0.0
DPnl,1,0,1,1.0
DPnm,3,1,4,0.75
DPnn,0,0,0,
DPns,1,1,2,0.5
DPsH,0,3,3,0.0
DPsI,1,0,1,1.0
DPsM,4,0,4,1.0
DPsN,0,1,1,0.0
DPsP,1,0,1,1.0
DPsS,0,1,1,0.0
DPsb,1,0,1,1.0
DPsl,1,0,1,1.0
DPsm,0,1,1,0.0
DPsn,1,1,2,0.5
DPss,0,1,1,0.0
DPtB,1,0,1,1.0
DPtM,0,1,1,0.0
DPtn,1,0,1,1.0
DSBN,0,1,1,0.0
DSBm,1,1,2,0.5
DSBn,1,1,2,0.5
DSDP,1,0,1,1.0
DSHb,1,0,1,1.0
DSHs,1,0,1,1.0
DSLB,0,1,1,0.0
DSLM,1,0,1,1.0
DSLS,0,0,0,
DSLh,0,1,1,0.0
DSLs,1,0,1,1.0
DSMB,1,0,1,1.0
DSMD,1,0,1,1.0
DSML,1,0,1,1.0
DSMM,0,1,1,0.0
DSMN,2,0,2,1.0
DSMP,2,1,3,0.67
DSMb,1,4,5,0.2
DSMh,0,1,1,0.0
DSMj,0,0,0,
DSMn,0,1,1,0.0
DSMt,0,1,1,0.0
DSNB,0,1,1,0.0
DSNM,0,0,0,
DSNN,0,1,1,0.0
DSNP,0,2,2,0.0
DSNS,0,1,1,0.0
DSNb,1,0,1,1.0
DSNh,0,1,1,0.0
DSNl,0,1,1,0.0
DSNm,1,0,1,1.0
DSNn,2,0,2,1.0
DSPB,1,2,3,0.33
DSPL,0,1,1,0.0
DSPM,2,0,2,1.0
DSPP,0,4,4,0.0
DSPS,0,1,1,0.0
DSPb,3,2,5,0.6
DSPh,0,0,0,
DSPl,1,1,2,0.5
DSPn,3,2,5,0.6
DSPs,1,0,1,1.0
DSSL,0,1,1,0.0
DSSM,2,0,2,1.0
DSSN,1,0,1,1.0
DSSP,2,2,4,0.5
DSSS,1,0,1,1.0
DSSb,1,0,1,1.0
DSSh,1,2,3,0.33
DSSl,0,1,1,0.0
DSSn,2,1,3,0.67
DSSt,1,0,1,1.0
DSbB,1,0,1,1.0
DSbL,0,0,0,
DSbP,1,0,1,1.0
DSbS,2,1,3,0.67
DSbb,0,2,2,0.0
DSbn,1,1,2,0.5
DSbs,0,0,0,
DShB,0,0,0,
DShL,1,1,2,0.5
DShM,3,0,3,1.0
DShN,1,0,1,1.0
DShS,1,0,1,1.0
DShh,0,1,1,0.0
DShm,0,1,1,0.0
DSlH,0,1,1,0.0
DSlJ,0,1,1,0.0
DSlP,2,0,2,1.0
DSlb,1,1,2,0.5
DSll,0,2,2,0.0
DSlm,1,0,1,1.0
DSln,0,1,1,0.0
DSmB,1,0,1,1.0
DSmN,0,2,2,0.0
DSmP,0,2,2,0.0
DSmS,2,0,2,1.0
DSmm,2,0,2,1.0
DSmn,0,1,1,0.0
DSnB,0,1,1,0.0
DSnH,2,1,3,0.67
DSnN,1,3,4,0.25
DSnP,2,2,4,0.5
DSnS,0,1,1,0.0
DSnb,0,1,1,0.0
DSnm,2,1,3,0.67
DSnn,2,0,2,1.0
DSns,0,0,0,
DSsD,1,0,1,1.0
DSsH,0,1,1,0.0
DSsL,1,0,1,1.0
DSsM,1,2,3,0.33
DSsb,0,2,2,0.0
DSss,2,1,3,0.67
DStP,0,1,1,0.0
DStm,1,0,1,1.0
DStn,0,1,1,0.0
DbBL,0,1,1,0.0
DbBM,2,0,2,1.0
DbBN,1,0,1,1.0
DbBP,1,0,1,1.0
DbBb,1,0,1,1.0
DbBj,0,1,1,0.0
DbBl,1,0,1,1.0
DbBm,0,1,1,0.0
DbBn,0,1,1,0.0
DbBs,2,0,2,1.0
DbBt,0,1,1,0.0
DbDN,1,0,1,1.0
DbHM,0,1,1,0.0
DbHn,0,0,0,
DbHs,1,0,1,1.0
DbIN,1,0,1,1.0
DbIS,0,1,1,0.0
DbIm,1,0,1,1.0
DbJM,1,2,3,0.33
DbJN,1,0,1,1.0
DbKm,0,1,1,0.0
DbLB,1,0,1,1.0
DbLM,1,0,1,1.0
DbLS,2,1,3,0.67
DbLj,1,0,1,1.0
DbLn,1,0,1,1.0
DbLs,0,1,1,0.0
DbMB,1,1,2,0.5
DbML,0,1,1,0.0
DbMM,0,2,2,0.0
DbMN,3,1,4,0.75
DbMP,2,2,4,0.5
DbMb,0,0,0,
DbMh,0,1,1,0.0
DbMj,1,0,1,1.0
DbMl,1,0,1,1.0
DbMm,2,0,2,1.0
DbMn,1,3,4,0.25
DbMs,1,0,1,1.0
DbNH,0,0,0,
DbNK,0,1,1,0.0
DbNL,0,1,1,0.0
DbNM,1,1,2,0.5
DbNN,0,2,2,0.0
DbNP,0,1,1,0.0
DbNS,1,1,2,0.5
DbNb,1,1,2,0.5
DbNh,2,0,2,1.0
DbNm,1,1,2,0.5
DbNn,3,0,3,1.0
DbNs,2,1,3,0.67
DbPB,1,2,3,0.33
DbPM,3,1,4,0.75
DbPN,2,1,3,0.67
DbPP,2,3,5,0.4
DbPS,2,1,3,0.67
DbPb,1,0,1,1.0
DbPl,0,1,1,0.0
DbPn,4,1,5,0.8
DbPs,0,0,0,
DbPt,0,2,2,0.0
DbSB,0,1,1,0.0
DbSM,1,0,1,1.0
DbSN,0,1,1,0.0
DbSP,1,0,1,1.0
DbSS,1,0,1,1.0
DbSb,1,0,1,1.0
DbSh,0,2,2,0.0
DbSm,0,0,0,
DbSn,1,1,2,0.5
DbbB,0,2,2,0.0
DbbK,0,1,1,0.0
DbbM,1,0,1,1.0
DbbN,0,1,1,0.0
DbbP,0,1,1,0.0
DbbS,1,0,1,1.0
Dbbb,0,1,1,0.0
Dbbl,1,0,1,1.0
Dbbm,1,0,1,1.0
Dbbn,2,2,4,0.5
Dbbs,0,1,1,0.0
DblB,0,0,0,
DblH,0,1,1,0.0
DblM,1,1,2,0.5
DblN,0,1,1,0.0
DblP,0,1,1,0.0
Dbln,0,2,2,0.0
DbmH,2,0,2,1.0
DbmJ,1,0,1,1.0
DbmM,0,0,0,
DbmN,1,2,3,0.33
DbmP,1,0,1,1.0
DbmS,0,1,1,0.0
Dbml,1,0,1,1.0
Dbmm,0,1,1,0.0
Dbmn,0,0,0,
DbnL,1,1,2,0.5
DbnM,1,2,3,0.33
DbnN,1,0,1,1.0
DbnP,2,2,4,0.5
DbnS,1,0,1,1.0
Dbnb,1,1,2,0.5
Dbnl,0,1,1,0.0
Dbnm,1,0,1,1.0
Dbnn,1,2,3,0.33
Dbns,2,2,4,0.5
DbsB,0,1,1,0.0
DbsH,1,0,1,1.0
DbsI,2,0,2,1.0
DbsL,1,0,1,1.0
DbsM,1,1,2,0.5
DbsP,1,1,2,0.5
Dbsb,0,1,1,0.0
Dbsn,0,2,2,0.0
DhNM,1,0,1,1.0
DhPN,1,0,1,1.0
DhPS,0,0,0,
Dhms,0,1,1,0.0
DhnS,0,0,0,
Dhnn,0,1,1,0.0
DlBN,1,1,2,0.5
DlBS,0,1,1,0.0
DlDb,1,0,1,1.0
DlHB,1,0,1,1.0
DlHL,0,1,1,0.0
DlHM,0,1,1,0.0
DlHb,1,1,2,0.5
DlIS,1,1,2,0.5
DlKM,1,0,1,1.0
DlKl,0,1,1,0.0
DlLN,1,0,1,1.0
DlLS,1,0,1,1.0
DlLn,0,1,1,0.0
DlMB,1,0,1,1.0
DlMM,1,1,2,0.5
DlMN,1,0,1,1.0
DlMP,1,2,3,0.33
DlMS,1,0,1,1.0
DlMl,1,0,1,1.0
DlMn,0,1,1,0.0
DlMs,0,0,0,
DlNL,1,1,2,0.5
DlNN,0,1,1,0.0
DlNP,1,0,1,1.0
DlNl,1,0,1,1.0
DlNn,1,0,1,1.0
DlPH,1,1,2,0.5
DlPL,0,1,1,0.0
DlPM,3,1,4,0.75
DlPP,0,1,1,0.0
DlPS,1,0,1,1.0
DlPh,0,2,2,0.0
DlPn,0,1,1,0.0
DlPs,0,1,1,0.0
DlSH,1,0,1,1.0
DlSL,1,0,1,1.0
DlSP,0,1,1,0.0
DlSS,0,2,2,0.0
DlSs,0,1,1,0.0
DlbM,2,0,2,1.0
DlbN,1,0,1,1.0
DlbP,2,2,4,0.5
Dlbb,1,0,1,1.0
Dlbm,2,0,2,1.0
Dlbs,1,0,1,1.0
DllB,1,0,1,1.0
Dllb,1,0,1,1.0
Dllm,1,0,1,1.0
DlmM,0,0,0,
Dlmb,1,0,1,1.0
Dlml,0,0,0,
Dlmn,0,1,1,0.0
DlnB,0,1,1,0.0
DlnH,1,2,3,0.33
DlnK,0,1,1,0.0
DlnM,0,1,1,0.0
DlnP,2,3,5,0.4
DlnS,1,0,1,1.0
Dlnm,1,0,1,1.0
DlsD,1,1,2,0.5
DlsH,0,1,1,0.0
DlsM,1,0,1,1.0
DlsP,0,1,1,0.0
DlsS,1,1,2,0.5
Dlsn,1,0,1,1.0
Dlss,1,0,1,1.0
DmBB,0,1,1,0.0
DmBM,1,1,2,0.5
DmBP,0,1,1,0.0
DmBS,1,0,1,1.0
DmBm,1,0,1,1.0
DmBn,0,1,1,0.0
DmHB,1,0,1,1.0
DmHN,1,1,2,0.5
DmHP,1,1,2,0.5
DmHb,1,0,1,1.0
DmHh,0,1,1,0.0
DmHl,0,2,2,0.0
DmHm,1,1,2,0.5
DmHn,1,1,2,0.5
DmIN,1,0,1,1.0
DmJL,1,0,1,1.0
DmJM,0,1,1,0.0
DmJb,0,1,1,0.0
DmJl,0,0,0,
DmLM,0,1,1,0.0
DmLN,0,1,1,0.0
DmLP,0,0,0,
DmLb,1,0,1,1.0
DmLh,0,0,0,
DmLj,0,1,1,0.0
DmLt,0,1,1,0.0
DmML,1,0,1,1.0
DmMN,1,0,1,1.0
DmMP,0,1,1,0.0
DmMS,2,0,2,1.0
DmMb,1,2,3,0.33
DmMh,1,0,1,1.0
DmMn,1,0,1,1.0
DmMs,1,1,2,0.5
DmNH,0,2,2,0.0
DmNN,3,0,3,1.0
DmNP,0,2,2,0.0
DmNS,1,2,3,0.33
DmNn,0,1,1,0.0
DmNt,0,1,1,0.0
DmPB,0,1,1,0.0
DmPM,2,0,2,1.0
DmPN,1,1,2,0.5
DmPP,2,3,5,0.4
DmPS,2,1,3,0.67
DmPb,3,1,4,0.75
DmPm,0,3,3,0.0
DmPn,0,1,1,0.0
DmSB,1,0,1,1.0
DmSP,3,0,3,1.0
DmSS,1,0,1,1.0
DmSb,0,1,1,0.0
DmSl,0,2,2,0.0
DmSn,1,0,1,1.0
DmSs,0,2,2,0.0
DmbB,1,0,1,1.0
DmbH,1,0,1,1.0
DmbM,2,2,4,0.5
DmbN,0,1,1,0.0
DmbP,2,1,3,0.67
Dmbl,0,1,1,0.0
Dmbm,1,0,1,1.0
Dmbs,1,0,1,1.0
DmlB,1,0,1,1.0
DmlN,2,0,2,1.0
Dmlb,1,0,1,1.0
Dmll,2,0,2,1.0
DmmH,1,0,1,1.0
DmmL,1,0,1,1.0
DmmM,0,1,1,0.0
DmmN,1,0,1,1.0
DmmP,1,0,1,1.0
Dmmm,1,0,1,1.0
Dmmn,2,0,2,1.0
DmnI,0,1,1,0.0
DmnM,3,2,5,0.6
DmnN,0,1,1,0.0
DmnP,0,2,2,0.0
DmnS,1,0,1,1.0
Dmnb,1,0,1,1.0
Dmnl,0,1,1,0.0
Dmnm,1,0,1,1.0
Dmnn,0,3,3,0.0
DmsP,0,1,1,0.0
DmsS,1,1,2,0.5
Dmsl,1,0,1,1.0
Dmss,2,1,3,0.67
DnBB,0,2,2,0.0
DnBK,1,0,1,1.0
DnBM,1,2,3,0.33
DnBN,1,0,1,1.0
DnBP,2,0,2,1.0
DnBb,1,0,1,1.0
DnBl,1,0,1,1.0
DnBm,1,0,1,1.0
DnBn,0,2,2,0.0
DnHL,0,0,0,
DnHM,1,0,1,1.0
DnHN,2,0,2,1.0
DnHP,0,0,0,
DnHb,1,1,2,0.5
DnHl,0,1,1,0.0
DnHm,0,0,0,
DnHs,0,1,1,0.0
DnII,0,1,1,0.0
DnIM,0,1,1,0.0
DnIm,0,0,0,
DnKM,1,0,1,1.0
DnKN,1,0,1,1.0
DnKP,0,1,1,0.0
DnLM,0,1,1,0.0
DnLP,0,1,1,0.0
DnLb,1,0,1,1.0
DnLh,1,0,1,1.0
DnLl,1,0,1,1.0
DnMM,1,0,1,1.0
DnMS,0,1,1,0.0
DnMh,0,1,1,0.0
DnMj,1,0,1,1.0
DnMl,1,0,1,1.0
DnMn,2,1,3,0.67
DnNB,1,1,2,0.5
DnNK,0,1,1,0.0
DnNL,0,0,0,
DnNN,1,0,1,1.0
DnNP,2,0,2,1.0
DnNS,0,1,1,0.0
DnNb,0,2,2,0.0
DnNh,0,2,2,0.0
DnNm,2,0,2,1.0
DnNn,2,3,5,0.4
DnNs,0,0,0,
DnPB,0,1,1,0.0
DnPL,1,0,1,1.0
DnPM,0,2,2,0.0
DnPN,2,1,3,0.67
DnPP,2,3,5,0.4
DnPS,1,0,1,1.0
DnPb,1,1,2,0.5
DnPl,3,0,3,1.0
DnPm,0,0,0,
DnPn,2,0,2,1.0
DnPs,3,0,3,1.0
DnPt,1,1,2,0.5
DnSH,1,1,2,0.5
DnSM,1,0,1,1.0
DnSP,0,1,1,0.0
DnSS,1,1,2,0.5
DnSh,1,2,3,0.33
DnSl,1,0,1,1.0
DnSn,0,0,0,
DnSs,1,0,1,1.0
DnbB,1,0,1,1.0
DnbM,2,0,2,1.0
DnbN,1,0,1,1.0
DnbP,2,2,4,0.5
DnbS,0,1,1,0.0
Dnbb,0,2,2,0.0
Dnbn,0,1,1,0.0
DnhN,0,1,1,0.0
DnlB,0,1,1,0.0
DnlH,1,0,1,1.0
DnlN,1,0,1,1.0
DnlP,2,0,2,1.0
Dnln,0,0,0,
Dnls,1,1,2,0.5
DnmL,1,0,1,1.0
DnmM,1,0,1,1.0
DnmN,2,0,2,1.0
DnmP,0,1,1,0.0
Dnmb,1,0,1,1.0
Dnmm,1,1,2,0.5
DnnB,1,1,2,0.5
DnnH,1,0,1,1.0
DnnK,1,0,1,1.0
DnnL,1,0,1,1.0
DnnM,2,0,2,1.0
DnnN,1,3,4,0.25
DnnP,1,1,2,0.5
DnnS,0,0,0,
Dnnb,2,1,3,0.67
Dnnm,2,0,2,1.0
Dnnn,1,0,1,1.0
Dnns,1,0,1,1.0
DnsH,1,0,1,1.0
DnsN,0,1,1,0.0
DnsP,0,1,1,0.0
DnsS,1,1,2,0.5
Dnsb,0,1,1,0.0
Dnsn,0,1,1,0.0
DsBH,1,0,1,1.0
DsBN,1,0,1,1.0
DsBP,2,0,2,1.0
DsBh,0,1,1,0.0
DsBl,0,0,0,
DsBs,1,0,1,1.0
DsHM,1,0,1,1.0
DsHN,1,0,1,1.0
DsHP,1,0,1,1.0
DsHb,0,2,2,0.0
DsHm,2,0,2,1.0
DsHn,0,1,1,0.0
DsHs,1,1,2,0.5
DsIN,0,1,1,0.0
DsLK,0,1,1,0.0
DsLP,1,0,1,1.0
DsLS,1,1,2,0.5
DsLs,1,0,1,1.0
DsMM,0,1,1,0.0
DsMN,1,0,1,1.0
DsMb,1,3,4,0.25
DsMh,0,0,0,
DsMl,1,1,2,0.5
DsMm,2,0,2,1.0
DsMn,1,0,1,1.0
DsNH,1,0,1,1.0
DsNM,1,0,1,1.0
DsNN,1,0,1,1.0
DsNP,0,1,1,0.0
DsNl,0,1,1,0.0
DsNm,1,0,1,1.0
DsNs,1,0,1,1.0
DsNt,1,0,1,1.0
DsPM,0,0,0,
DsPN,2,0,2,1.0
DsPP,1,2,3,0.33
DsPb,0,0,0,
DsPl,0,1,1,0.0
DsPs,1,0,1,1.0
DsSM,1,1,2,0.5
DsSN,1,2,3,0.33
DsSP,1,0,1,1.0
DsSS,0,2,2,0.0
DsSb,0,1,1,0.0
DsSm,1,0,1,1.0
DsSn,1,2,3,0.33
DsSs,2,0,2,1.0
DsSt,1,0,1,1.0
DsbH,0,1,1,0.0
DsbL,0,1,1,0.0
DsbM,2,0,2,1.0
DsbN,0,2,2,0.0
DsbP,2,0,2,1.0
Dsbb,1,0,1,1.0
Dsbm,0,0,0,
Dsbn,0,1,1,0.0
Dshm,0,1,1,0.0
DslH,1,0,1,1.0
DslL,0,0,0,
DslM,1,0,1,1.0
Dslb,0,0,0,
Dslm,0,0,0,
DsmB,0,1,1,0.0
DsmM,1,0,1,1.0
DsmN,1,1,2,0.5
DsmP,0,1,1,0.0
Dsmb,1,0,1,1.0
Dsmm,2,0,2,1.0
DsnH,0,1,1,0.0
DsnI,0,1,1,0.0
DsnK,0,1,1,0.0
DsnM,3,1,4,0.75
DsnN,1,0,1,1.0
DsnS,1,0,1,1.0
Dsnb,1,1,2,0.5
Dsns,1,0,1,1.0
DssM,1,0,1,1.0
DssP,1,0,1,1.0
Dssm,0,1,1,0.0
Dssn,1,0,1,1.0
Dsss,0,1,1,0.0
DtBM,1,0,1,1.0
DtBn,0,1,1,0.0
DtDM,0,1,1,0.0
DtHM,1,0,1,1.0
DtHN,1,0,1,1.0
DtKM,0,0,0,
DtLS,1,0,1,1.0
DtLn,0,0,0,
DtMP,0,1,1,0.0
DtMl,0,1,1,0.0
DtNm,0,0,0,
DtPB,0,1,1,0.0
DtPL,1,0,1,1.0
DtPN,0,1,1,0.0
DtPb,0,0,0,
DtPm,1,0,1,1.0
DtSM,0,0,0,
DtSS,0,0,0,
DtSn,1,0,1,1.0
DtbN,0,0,0,
Dtbs,0,0,0,
DtlB,0,0,0,
Dtlm,0,0,0,
DtnL,0,1,1,0.0
Dtnm,1,0,1,1.0
DtsB,1,0,1,1.0
DttS,1,0,1,1.0
Dttb,0,1,1,0.0
HBBB,4,1,5,0.8
HBBM,1,1,2,0.5
HBBN,2,3,5,0.4
HBBP,0,1,1,0.0
HBBb,1,3,4,0.25
HBBj,0,1,1,0.0
HBBl,1,1,2,0.5
HBBm,1,2,3,0.33
HBBn,3,1,4,0.75
HBBs,1,0,1,1.0
HBBt,1,0,1,1.0
HBDB,0,0,0,
HBDH,1,0,1,1.0
HBDS,1,0,1,1.0
HBDb,1,0,1,1.0
HBDl,0,1,1,0.0
HBDm,0,0,0,
HBHS,0,1,1,0.0
HBKS,1,1,2,0.5
HBKb,0,1,1,0.0
HBKl,0,1,1,0.0
HBLD,0,1,1,0.0
HBLN,0,1,1,0.0
HBLP,1,0,1,1.0
HBLh,1,0,1,1.0
HBLl,1,0,1,1.0
HBLm,2,0,2,1.0
HBLn,2,2,4,0.5
HBLs,0,1,1,0.0
HBMB,2,2,4,0.5
HBML,1,0,1,1.0
HBMM,1,3,4,0.25
HBMN,1,1,2,0.5
HBMP,1,3,4,0.25
HBMS,2,1,3,0.67
HBMb,3,3,6,0.5
HBMh,3,2,5,0.6
HBMj,2,0,2,1.0
HBMl,3,2,5,0.6
HBMm,5,4,9,0.56
HBMn,3,8,11,0.27
HBNB,5,1,6,0.83
HBND,1,0,1,1.0
HBNH,0,1,1,0.0
HBNK,0,1,1,0.0
HBNL,3,0,3,1.0
HBNM,2,4,6,0.33
HBNN,5,3,8,0.62
HBNP,5,6,11,0.45
HBNS,2,2,4,0.5
HBNb,2,5,7,0.29
HBNh,3,2,5,0.6
HBNl,0,1,1,0.0
HBNm,5,2,7,0.71
HBNn,3,3,6,0.5
HBNs,3,1,4,0.75
HBNt,1,1,2,0.5
HBPB,3,1,4,0.75
HBPD,1,1,2,0.5
HBPH,0,1,1,0.0
HBPL,3,2,5,0.6
HBPM,4,2,6,0.67
HBPN,3,3,6,0.5
HBPP,3,6,9,0.33
HBPS,5,2,7,0.71
HBPb,1,6,7,0.14
HBPl,6,2,8,0.75
HBPm,1,1,2,0.5
HBPn,4,8,12,0.33
HBPs,0,2,2,0.0
HBPt,1,0,1,1.0
HBSB,1,1,2,0.5
HBSH,0,2,2,0.0
HBSL,0,1,1,0.0
HBSM,0,3,3,0.0
HBSN,1,1,2,0.5
HBSP,5,2,7,0.71
HBSS,3,0,3,1.0
HBSb,0,1,1,0.0
HBSh,1,1,2,0.5
HBSl,3,0,3,1.0
HBSm,1,2,3,0.33
HBSn,1,3,4,0.25
HBSs,0,3,3,0.0
HBbB,3,1,4,0.75
HBbH,1,1,2,0.5
HBbJ,0,1,1,0.0
HBbK,1,0,1,1.0
HBbL,0,1,1,0.0
HBbM,1,5,6,0.17
HBbN,2,3,5,0.4
HBbP,4,2,6,0.67
HBbS,1,2,3,0.33
HBbb,5,0,5,1.0
HBbl,0,2,2,0.0
HBbm,4,4,8,0.5
HBbn,5,3,8,0.62
HBbs,1,1,2,0.5
HBhM,2,0,2,1.0
HBhN,0,1,1,0.0
HBhP,0,1,1,0.0
HBhb,1,1,2,0.5
HBhl,1,0,1,1.0
HBhn,1,0,1,1.0
HBjH,0,1,1,0.0
HBjM,3,0,3,1.0
HBjN,2,0,2,1.0
HBjP,2,2,4,0.5
HBjb,3,0,3,1.0
HBjh,0,1,1,0.0
HBjl,1,1,2,0.5
HBjm,1,0,1,1.0
HBjn,3,0,3,1.0
HBjs,1,0,1,1.0
HBlB,0,3,3,0.0
HBlH,1,1,2,0.5
HBlJ,0,1,1,0.0
HBlL,2,0,2,1.0
HBlM,3,0,3,1.0
HBlN,0,1,1,0.0
HBlP,1,2,3,0.33
HBlS,0,1,1,0.0
HBlb,2,2,4,0.5
HBll,0,0,0,
HBlm,4,0,4,1.0
HBln,1,2,3,0.33
HBls,0,2,2,0.0
HBmB,1,0,1,1.0
HBmH,3,1,4,0.75
HBmI,0,1,1,0.0
HBmM,0,3,3,0.0
HBmN,3,4,7,0.43
HBmP,3,7,10,0.3
HBmS,0,1,1,0.0
HBmb,3,3,6,0.5
HBml,1,2,3,0.33
HBmm,0,1,1,0.0
HBmn,0,2,2,0.0
HBnB,1,3,4,0.25
HBnH,2,1,3,0.67
HBnI,1,0,1,1.0
HBnK,1,0,1,1.0
HBnL,2,0,2,1.0
HBnM,6,4,10,0.6
HBnN,4,5,9,0.44
HBnP,3,3,6,0.5
HBnS,1,5,6,0.17
HBnb,6,5,11,0.55
HBnl,2,4,6,0.33
HBnm,2,5,7,0.29
HBnn,4,5,9,0.44
HBns,4,2,6,0.67
HBsB,0,5,5,0.0
HBsH,1,1,2,0.5
HBsL,2,0,2,1.0
HBsM,1,0,1,1.0
HBsN,3,2,5,0.6
HBsS,2,2,4,0.5
HBsb,3,2,5,0.6
HBsh,0,1,1,0.0
HBsl,0,1,1,0.0
HBsm,3,1,4,0.75
HBsn,1,0,1,1.0
HBss,2,3,5,0.4
HBtL,1,0,1,1.0
HBtN,2,2,4,0.5
HBtP,1,1,2,0.5
HBtS,0,2,2,0.0
HBtb,2,4,6,0.33
HBtm,0,1,1,0.0
HBtn,0,1,1,0.0
HBts,1,1,2,0.5
HDBj,0,1,1,0.0
HDHH,0,1,1,0.0
HDHM,1,0,1,1.0
HDHN,1,1,2,0.5
HDHP,0,0,0,
HDHh,1,1,2,0.5
HDHn,1,0,1,1.0
HDLB,0,0,0,
HDLh,1,0,1,1.0
HDLj,0,1,1,0.0
HDLs,1,0,1,1.0
HDML,0,1,1,0.0
HDMP,0,1,1,0.0
HDMh,0,1,1,0.0
HDMl,0,0,0,
HDMn,0,0,0,
HDNB,1,0,1,1.0
HDNP,0,1,1,0.0
HDNS,0,1,1,0.0
HDNn,0,0,0,
HDPB,1,1,2,0.5
HDPH,0,0,0,
HDPM,1,1,2,0.5
HDPP,2,1,3,0.67
HDPb,1,0,1,1.0
HDPn,0,1,1,0.0
HDPt,1,0,1,1.0
HDSP,2,0,2,1.0
HDSh,1,0,1,1.0
HDSn,0,3,3,0.0
HDSs,0,1,1,0.0
HDbB,1,0,1,1.0
HDbL,0,0,0,
HDbS,0,1,1,0.0
HDbb,0,1,1,0.0
HDbn,1,0,1,1.0
HDlM,0,1,1,0.0
HDln,0,1,1,0.0
HDls,0,0,0,
HDmH,0,1,1,0.0
HDmM,0,2,2,0.0
HDmb,0,0,0,
HDml,0,1,1,0.0
HDmn,0,1,1,0.0
HDnB,0,1,1,0.0
HDnh,1,0,1,1.0
HDnn,2,0,2,1.0
HDns,0,0,0,
HDsM,0,1,1,0.0
HDsN,0,0,0,
HDsb,1,0,1,1.0
HDsn,1,0,1,1.0
HDtS,1,0,1,1.0
HDtb,1,0,1,1.0
HHBM,1,1,2,0.5
HHBN,0,1,1,0.0
HHBb,0,0,0,
HHBh,1,0,1,1.0
HHBs,1,1,2,0.5
HHDP,1,0,1,1.0
HHHN,2,1,3,0.67
HHHb,0,1,1,0.0
HHHs,1,0,1,1.0
HHHt,0,0,0,
HHIP,0,1,1,0.0
HHIs,0,0,0,
HHKb,1,0,1,1.0
HHKn,0,2,2,0.0
HHKs,1,0,1,1.0
HHLB,1,0,1,1.0
HHLN,1,1,2,0.5
HHLb,0,0,0,
HHLm,1,0,1,1.0
HHLn,1,1,2,0.5
HHLs,0,0,0,
HHMB,1,0,1,1.0
HHMM,0,1,1,0.0
HHMN,3,0,3,1.0
HHMP,2,1,3,0.67
HHMS,2,1,3,0.67
HHMb,2,0,2,1.0
HHMh,0,1,1,0.0
HHMs,1,0,1,1.0
HHNB,0,1,1,0.0
HHNK,1,0,1,1.0
HHNL,1,0,1,1.0
HHNM,2,2,4,0.5
HHNN,1,2,3,0.33
HHNP,1,0,1,1.0
HHNS,1,2,3,0.33
HHNh,0,1,1,0.0
HHNl,0,1,1,0.0
HHNm,0,1,1,0.0
HHNn,2,2,4,0.5
HHNs,2,1,3,0.67
HHNt,0,1,1,0.0
HHPB,0,0,0,
HHPD,1,0,1,1.0
HHPH,2,1,3,0.67
HHPK,0,1,1,0.0
HHPM,1,1,2,0.5
HHPN,3,2,5,0.6
HHPP,1,2,3,0.33
HHPS,2,0,2,1.0
HHPb,1,2,3,0.33
HHPh,1,0,1,1.0
HHPl,0,1,1,0.0
HHPn,1,1,2,0.5
HHPs,1,1,2,0.5
HHSB,0,1,1,0.0
HHSL,2,0,2,1.0
HHSM,0,1,1,0.0
HHSN,2,0,2,1.0
HHSP,2,0,2,1.0
HHSS,1,0,1,1.0
HHSb,1,0,1,1.0
HHSh,0,1,1,0.0
HHSl,2,1,3,0.67
HHSn,1,2,3,0.33
HHSs,2,1,3,0.67
HHbB,1,0,1,1.0
HHbH,0,1,1,0.0
HHbK,0,1,1,0.0
HHbL,2,0,2,1.0
HHbM,1,0,1,1.0
HHbN,0,1,1,0.0
HHbP,2,0,2,1.0
HHbS,1,0,1,1.0
HHbb,0,1,1,0.0
HHbm,1,1,2,0.5
HHbn,2,1,3,0.67
HHhD,0,0,0,
HHhP,0,1,1,0.0
HHhS,1,0,1,1.0
HHhn,0,1,1,0.0
HHhs,1,0,1,1.0
HHlM,1,0,1,1.0
HHlN,0,1,1,0.0
HHlS,0,0,0,
HHlb,2,1,3,0.67
HHll,1,0,1,1.0
HHlm,0,1,1,0.0
HHln,2,1,3,0.67
HHmM,0,0,0,
HHmN,0,0,0,
HHmP,0,1,1,0.0
HHmn,0,1,1,0.0
HHms,1,0,1,1.0
HHnB,1,1,2,0.5
HHnM,2,2,4,0.5
HHnN,0,2,2,0.0
HHnP,3,1,4,0.75
HHnb,1,1,2,0.5
HHnl,0,0,0,
HHnn,2,1,3,0.67
HHns,0,1,1,0.0
HHsH,1,1,2,0.5
HHsL,0,1,1,0.0
HHsM,0,0,0,
HHsN,2,1,3,0.67
HHsP,1,0,1,1.0
HHsS,0,1,1,0.0
HHsh,0,0,0,
HHsm,1,0,1,1.0
HHsn,0,1,1,0.0
HHtn,0,1,1,0.0
HIBL,0,1,1,0.0
HIBM,0,1,1,0.0
HIBh,0,1,1,0.0
HIBm,1,0,1,1.0
HIBn,1,0,1,1.0
HIDB,1,0,1,1.0
HIHI,0,0,0,
HIHL,0,1,1,0.0
HIHm,1,0,1,1.0
HILP,0,1,1,0.0
HILb,1,0,1,1.0
HILn,0,1,1,0.0
HIMD,0,0,0,
HIMM,0,0,0,
HIMh,2,0,2,1.0
HIMn,0,1,1,0.0
HIMt,0,1,1,0.0
HINP,0,1,1,0.0
HINS,0,1,1,0.0
HINb,0,1,1,0.0
HINn,0,0,0,
HIPB,2,0,2,1.0
HIPH,1,0,1,1.0
HIPL,0,1,1,0.0
HIPM,0,1,1,0.0
HIPS,0,0,0,
HIPb,1,1,2,0.5
HIPl,1,0,1,1.0
HIPn,1,1,2,0.5
HISB,1,0,1,1.0
HISS,1,2,3,0.33
HISn,0,1,1,0.0
HISs,0,1,1,0.0
HIbM,0,1,1,0.0
HIbN,0,1,1,0.0
HIbP,1,0,1,1.0
HIbS,0,1,1,0.0
HIbs,0,1,1,0.0
HIlM,1,0,1,1.0
HImB,1,0,1,1.0
HImM,0,1,1,0.0
HImP,1,1,2,0.5
HImb,1,0,1,1.0
HInH,0,1,1,0.0
HInL,0,2,2,0.0
HInM,0,1,1,0.0
HInN,0,1,1,0.0
HInS,0,0,0,
HInb,0,1,1,0.0
HInm,0,1,1,0.0
HInn,0,0,0,
HIsH,1,0,1,1.0
HIsM,1,0,1,1.0
HIsS,0,0,0,
HIsb,0,1,1,0.0
HKBB,1,0,1,1.0
HKBS,1,0,1,1.0
HKBb,1,0,1,1.0
HKBl,1,0,1,1.0
HKDD,0,1,1,0.0
HKDl,0,1,1,0.0
HKHs,1,0,1,1.0
HKLL,1,0,1,1.0
HKLM,1,0,1,1.0
HKLl,0,1,1,0.0
HKLm,1,0,1,1.0
HKLs,1,0,1,1.0
HKMP,0,1,1,0.0
HKMS,0,0,0,
HKMn,0,1,1,0.0
HKMs,1,0,1,1.0
HKNH,0,0,0,
HKNM,0,1,1,0.0
HKNN,1,0,1,1.0
HKNb,0,1,1,0.0
HKPB,1,1,2,0.5
HKPL,1,0,1,1.0
HKPM,4,0,4,1.0
HKPN,1,0,1,1.0
HKPP,3,2,5,0.6
HKPS,1,0,1,1.0
HKPb,2,0,2,1.0
HKPm,1,0,1,1.0
HKPs,2,0,2,1.0
HKSL,0,0,0,
HKSS,1,2,3,0.33
HKSb,1,0,1,1.0
HKSn,0,1,1,0.0
HKbB,2,0,2,1.0
HKbH,0,0,0,
HKbI,1,0,1,1.0
HKbJ,0,1,1,0.0
HKbL,0,1,1,0.0
HKbM,0,0,0,
HKbN,0,2,2,0.0
HKbP,0,2,2,0.0
HKbS,1,0,1,1.0
HKbl,0,1,1,0.0
HKbn,1,0,1,1.0
HKhM,0,1,1,0.0
HKhP,1,0,1,1.0
HKhS,0,1,1,0.0
HKhb,1,2,3,0.33
HKhh,1,0,1,1.0
HKhm,1,0,1,1.0
HKlH,1,1,2,0.5
HKlm,1,1,2,0.5
HKln,0,1,1,0.0
HKmB,1,0,1,1.0
HKmL,1,0,1,1.0
HKmP,1,0,1,1.0
HKmb,1,0,1,1.0
HKmm,2,0,2,1.0
HKnH,1,0,1,1.0
HKnI,0,0,0,
HKnN,1,2,3,0.33
HKnP,1,2,3,0.33
HKnS,2,1,3,0.67
HKnb,0,0,0,
HKnl,1,0,1,1.0
HKnm,0,1,1,0.0
HKnn,0,0,0,
HKns,1,1,2,0.5
HKsN,0,1,1,0.0
HKsP,2,0,2,1.0
HKsb,0,0,0,
HKtM,0,2,2,0.0
HKtN,0,1,1,0.0
HKtP,0,1,1,0.0
HLBB,1,1,2,0.5
HLBL,1,0,1,1.0
HLBN,2,2,4,0.5
HLBP,0,2,2,0.0
HLBS,1,1,2,0.5
HLBb,2,2,4,0.5
HLBl,0,0,0,
HLBm,0,1,1,0.0
HLBn,2,2,4,0.5
HLBt,0,0,0,
HLDH,0,1,1,0.0
HLDS,1,0,1,1.0
HLDm,1,0,1,1.0
HLKS,1,1,2,0.5
HLKn,0,1,1,0.0
HLKs,1,0,1,1.0
HLLL,0,1,1,0.0
HLLM,1,0,1,1.0
HLLP,0,1,1,0.0
HLLS,3,2,5,0.6
HLLh,1,0,1,1.0
HLLj,0,0,0,
HLLm,1,0,1,1.0
HLLn,0,1,1,0.0
HLLs,1,1,2,0.5
HLMB,1,1,2,0.5
HLMD,1,0,1,1.0
HLML,0,1,1,0.0
HLMM,1,2,3,0.33
HLMN,3,2,5,0.6
HLMP,3,2,5,0.6
HLMb,2,4,6,0.33
HLMl,0,1,1,0.0
HLMm,2,0,2,1.0
HLMn,3,3,6,0.5
HLMs,1,0,1,1.0
HLMt,0,0,0,
HLNB,4,1,5,0.8
HLNH,0,0,0,
HLNL,2,0,2,1.0
HLNN,2,0,2,1.0
HLNP,1,3,4,0.25
HLNS,0,1,1,0.0
HLNb,1,1,2,0.5
HLNh,0,1,1,0.0
HLNm,2,2,4,0.5
HLNn,0,3,3,0.0
HLNs,2,2,4,0.5
HLNt,2,0,2,1.0
HLPB,1,3,4,0.25
HLPH,1,1,2,0.5
HLPM,2,1,3,0.67
HLPN,3,1,4,0.75
HLPP,4,1,5,0.8
HLPS,1,3,4,0.25
HLPb,1,0,1,1.0
HLPl,2,1,3,0.67
HLPm,1,2,3,0.33
HLPn,0,3,3,0.0
HLPs,3,1,4,0.75
HLSB,0,1,1,0.0
HLSM,0,1,1,0.0
HLSN,0,0,0,
HLSP,0,1,1,0.0
HLSS,1,1,2,0.5
HLSb,3,1,4,0.75
HLSh,1,0,1,1.0
HLSl,0,1,1,0.0
HLSn,0,1,1,0.0
HLSs,1,3,4,0.25
HLbB,1,1,2,0.5
HLbH,1,2,3,0.33
HLbL,1,0,1,1.0
HLbM,1,1,2,0.5
HLbN,0,2,2,0.0
HLbP,2,4,6,0.33
HLbS,0,1,1,0.0
HLbb,1,2,3,0.33
HLbl,2,1,3,0.67
HLbm,1,1,2,0.5
HLbn,2,3,5,0.4
HLbs,1,2,3,0.33
HLhB,1,1,2,0.5
HLhL,0,1,1,0.0
HLhM,0,1,1,0.0
HLhN,1,1,2,0.5
HLhP,2,2,4,0.5
HLhS,0,3,3,0.0
HLhb,2,2,4,0.5
HLhh,2,1,3,0.67
HLhm,1,0,1,1.0
HLhn,3,0,3,1.0
HLht,2,0,2,1.0
HLjH,1,0,1,1.0
HLjK,1,0,1,1.0
HLjL,1,0,1,1.0
HLjM,1,1,2,0.5
HLjN,0,2,2,0.0
HLjP,2,1,3,0.67
HLjS,0,2,2,0.0
HLjb,1,0,1,1.0
HLjn,0,0,0,
HLjs,0,0,0,
HLlB,0,1,1,0.0
HLlM,1,2,3,0.33
HLlN,0,1,1,0.0
HLlP,1,1,2,0.5
HLlS,1,0,1,1.0
HLlb,1,1,2,0.5
HLlm,1,0,1,1.0
HLln,0,1,1,0.0
HLls,1,1,2,0.5
HLmB,3,1,4,0.75
HLmH,0,1,1,0.0
HLmJ,0,1,1,0.0
HLmL,0,1,1,0.0
HLmM,1,0,1,1.0
HLmP,2,1,3,0.67
HLmS,1,1,2,0.5
HLmb,0,0,0,
HLml,0,1,1,0.0
HLmn,0,0,0,
HLms,2,3,5,0.4
HLnB,3,0,3,1.0
HLnD,0,1,1,0.0
HLnH,1,3,4,0.25
HLnL,2,1,3,0.67
HLnM,1,1,2,0.5
HLnN,0,1,1,0.0
HLnP,3,6,9,0.33
HLnS,0,2,2,0.0
HLnb,3,1,4,0.75
HLnl,1,0,1,1.0
HLnm,2,0,2,1.0
HLnn,4,5,9,0.44
HLns,3,1,4,0.75
HLsB,1,0,1,1.0
HLsH,2,0,2,1.0
HLsI,0,1,1,0.0
HLsM,1,2,3,0.33
HLsN,1,0,1,1.0
HLsP,3,0,3,1.0
HLsS,1,0,1,1.0
HLsb,1,0,1,1.0
HLsl,1,0,1,1.0
HLsn,2,0,2,1.0
HLss,1,0,1,1.0
HLtH,0,0,0,
HLtP,0,1,1,0.0
HLtb,1,1,2,0.5
HLtn,1,1,2,0.5
HMBB,4,2,6,0.67
HMBD,0,1,1,0.0
HMBI,1,0,1,1.0
HMBL,1,0,1,1.0
HMBM,6,3,9,0.67
HMBN,4,8,12,0.33
HMBP,5,7,12,0.42
HMBS,1,2,3,0.33
HMBb,4,5,9,0.44
HMBj,0,2,2,0.0
HMBl,2,1,3,0.67
HMBm,2,1,3,0.67
HMBn,4,6,10,0.4
HMBs,1,1,2,0.5
HMDH,0,1,1,0.0
HMDM,0,2,2,0.0
HMDP,1,0,1,1.0
HMDb,1,0,1,1.0
HMDn,0,1,1,0.0
HMHb,0,0,0,
HMHm,1,0,1,1.0
HMLB,0,2,2,0.0
HMLN,5,1,6,0.83
HMLP,2,2,4,0.5
HMLS,0,1,1,0.0
HMLb,2,2,4,0.5
HMLj,3,1,4,0.75
HMLl,1,2,3,0.33
HMLm,1,0,1,1.0
HMLn,3,4,7,0.43
HMLs,3,1,4,0.75
HMMB,1,2,3,0.33
HMMD,0,1,1,0.0
HMML,2,3,5,0.4
HMMM,4,2,6,0.67
HMMN,2,4,6,0.33
HMMP,8,7,15,0.53
HMMS,1,3,4,0.25
HMMb,10,4,14,0.71
HMMh,4,2,6,0.67
HMMj,2,1,3,0.67
HMMl,2,2,4,0.5
HMMm,3,1,4,0.75
HMMn,10,6,16,0.62
HMMs,3,2,5,0.6
HMMt,1,0,1,1.0
HMNB,1,2,3,0.33
HMND,1,0,1,1.0
HMNH,1,0,1,1.0
HMNK,1,0,1,1.0
HMNL,1,1,2,0.5
HMNM,3,5,8,0.38
HMNN,10,8,18,0.56
HMNP,9,12,21,0.43
HMNS,1,4,5,0.2
HMNb,1,2,3,0.33
HMNh,2,3,5,0.4
HMNl,2,0,2,1.0
HMNm,1,2,3,0.33
HMNn,8,7,15,0.53
HMNs,0,3,3,0.0
HMNt,1,0,1,1.0
HMPB,5,3,8,0.62
HMPD,0,1,1,0.0
HMPH,0,2,2,0.0
HMPI,0,1,1,0.0
HMPL,1,2,3,0.33
HMPM,7,8,15,0.47
HMPN,7,6,13,0.54
HMPP,7,7,14,0.5
HMPS,2,4,6,0.33
HMPb,7,7,14,0.5
HMPh,2,1,3,0.67
HMPl,4,4,8,0.5
HMPm,10,4,14,0.71
HMPn,7,6,13,0.54
HMPs,1,1,2,0.5
HMPt,1,0,1,1.0
HMSB,1,3,4,0.25
HMSH,1,0,1,1.0
HMSL,0,4,4,0.0
HMSM,1,4,5,0.2
HMSN,3,3,6,0.5
HMSP,2,1,3,0.67
HMSS,1,2,3,0.33
HMSb,2,1,3,0.67
HMSh,0,3,3,0.0
HMSl,2,0,2,1.0
HMSm,3,2,5,0.6
HMSn,5,5,10,0.5
HMSs,0,2,2,0.0
HMSt,1,0,1,1.0
HMbB,4,2,6,0.67
HMbJ,4,2,6,0.67
HMbK,0,2,2,0.0
HMbL,2,1,3,0.67
HMbM,5,8,13,0.38
HMbN,6,5,11,0.55
HMbP,7,6,13,0.54
HMbS,2,2,4,0.5
HMbb,4,6,10,0.4
HMbl,4,1,5,0.8
HMbm,6,1,7,0.86
HMbn,4,7,11,0.36
HMbs,1,2,3,0.33
HMhB,3,3,6,0.5
HMhD,1,1,2,0.5
HMhH,2,0,2,1.0
HMhL,4,0,4,1.0
HMhM,5,4,9,0.56
HMhN,8,8,16,0.5
HMhP,4,8,12,0.33
HMhS,4,2,6,0.67
HMhb,2,3,5,0.4
HMhh,7,1,8,0.88
HMhl,1,5,6,0.17
HMhm,2,5,7,0.29
HMhn,2,3,5,0.4
HMhs,6,3,9,0.67
HMjD,0,0,0,
HMjH,1,0,1,1.0
HMjK,1,0,1,1.0
HMjL,0,1,1,0.0
HMjM,1,1,2,0.5
HMjN,1,2,3,0.33
HMjP,3,0,3,1.0
HMjS,4,2,6,0.67
HMjb,2,1,3,0.67
HMjh,0,0,0,
HMjm,1,0,1,1.0
HMjn,1,2,3,0.33
HMjs,0,1,1,0.0
HMjt,1,0,1,1.0
HMlB,2,3,5,0.4
HMlD,1,0,1,1.0
HMlH,1,4,5,0.2
HMlJ,1,1,2,0.5
HMlL,2,0,2,1.0
HMlM,3,0,3,1.0
HMlN,2,7,9,0.22
HMlP,2,4,6,0.33
HMlS,0,3,3,0.0
HMlb,3,0,3,1.0
HMll,2,3,5,0.4
HMlm,3,1,4,0.75
HMln,1,5,6,0.17
HMls,1,0,1,1.0
HMmB,2,1,3,0.67
HMmH,3,3,6,0.5
HMmI,0,1,1,0.0
HMmJ,1,0,1,1.0
HMmL,0,2,2,0.0
HMmM,7,3,10,0.7
HMmN,5,1,6,0.83
HMmP,8,5,13,0.62
HMmS,3,3,6,0.5
HMmb,2,5,7,0.29
HMml,3,2,5,0.6
HMmm,3,1,4,0.75
HMmn,3,2,5,0.6
HMnB,5,6,11,0.45
HMnD,0,1,1,0.0
HMnH,3,1,4,0.75
HMnI,1,1,2,0.5
HMnK,2,0,2,1.0
HMnL,1,1,2,0.5
HMnM,4,6,10,0.4
HMnN,4,8,12,0.33
HMnP,9,13,22,0.41
HMnS,3,6,9,0.33
HMnb,7,11,18,0.39
HMnh,0,1,1,0.0
HMnl,3,4,7,0.43
HMnm,8,7,15,0.53
HMnn,7,4,11,0.64
HMns,6,2,8,0.75
HMsB,1,0,1,1.0
HMsD,0,1,1,0.0
HMsH,3,2,5,0.6
HMsL,0,1,1,0.0
HMsM,2,1,3,0.67
HMsN,4,3,7,0.57
HMsP,3,1,4,0.75
HMsS,5,3,8,0.62
HMsb,2,1,3,0.67
HMsl,2,1,3,0.67
HMsm,2,0,2,1.0
HMsn,0,2,2,0.0
HMss,1,1,2,0.5
HMtD,1,0,1,1.0
HMtM,1,2,3,0.33
HMtN,0,0,0,
HMtP,1,2,3,0.33
HMtm,2,0,2,1.0
HMtn,2,1,3,0.67
HNBB,0,1,1,0.0
HNBD,0,1,1,0.0
HNBL,2,2,4,0.5
HNBM,2,4,6,0.33
HNBN,2,5,7,0.29
HNBP,1,2,3,0.33
HNBS,1,2,3,0.33
HNBb,1,3,4,0.25
HNBh,1,1,2,0.5
HNBj,1,2,3,0.33
HNBl,1,1,2,0.5
HNBm,4,2,6,0.67
HNBn,3,6,9,0.33
HNBs,2,3,5,0.4
HNBt,0,3,3,0.0
HNDM,0,1,1,0.0
HNDP,1,0,1,1.0
HNDS,0,0,0,
HNDl,1,0,1,1.0
HNHL,1,0,1,1.0
HNHP,2,0,2,1.0
HNHS,1,1,2,0.5
HNHb,0,2,2,0.0
HNHl,0,1,1,0.0
HNHm,1,0,1,1.0
HNHn,2,1,3,0.67
HNHs,1,1,2,0.5
HNKB,2,0,2,1.0
HNKH,0,1,1,0.0
HNKN,0,0,0,
HNKP,0,1,1,0.0
HNKS,1,1,2,0.5
HNKm,0,1,1,0.0
HNKs,1,0,1,1.0
HNLB,1,0,1,1.0
HNLD,0,0,0,
HNLL,0,1,1,0.0
HNLM,0,5,5,0.0
HNLN,4,0,4,1.0
HNLS,0,4,4,0.0
HNLb,0,2,2,0.0
HNLh,0,2,2,0.0
HNLl,1,0,1,1.0
HNLm,4,2,6,0.67
HNLn,1,3,4,0.25
HNLs,0,1,1,0.0
HNMB,1,6,7,0.14
HNML,3,4,7,0.43
HNMM,3,3,6,0.5
HNMN,2,3,5,0.4
HNMP,4,6,10,0.4
HNMS,0,5,5,0.0
HNMb,5,5,10,0.5
HNMh,1,3,4,0.25
HNMj,0,2,2,0.0
HNMl,3,1,4,0.75
HNMm,6,4,10,0.6
HNMn,9,4,13,0.69
HNMs,0,3,3,0.0
HNMt,5,1,6,0.83
HNNB,2,2,4,0.5
HNNH,2,0,2,1.0
HNNK,2,0,2,1.0
HNNL,2,1,3,0.67
HNNM,4,4,8,0.5
HNNN,7,5,12,0.58
HNNP,10,10,20,0.5
HNNS,4,7,11,0.36
HNNb,8,4,12,0.67
HNNh,3,1,4,0.75
HNNl,4,0,4,1.0
HNNm,3,3,6,0.5
HNNn,3,8,11,0.27
HNNs,2,2,4,0.5
HNNt,2,0,2,1.0
HNPB,4,5,9,0.44
HNPH,2,3,5,0.4
HNPK,0,2,2,0.0
HNPL,2,3,5,0.4
HNPM,7,6,13,0.54
HNPN,7,9,16,0.44
HNPP,14,7,21,0.67
HNPS,7,5,12,0.58
HNPb,2,5,7,0.29
HNPh,0,1,1,0.0
HNPl,4,6,10,0.4
HNPm,5,5,10,0.5
HNPn,10,8,18,0.56
HNPs,7,4,11,0.64
HNSB,1,2,3,0.33
HNSD,1,0,1,1.0
HNSH,0,4,4,0.0
HNSL,1,1,2,0.5
HNSM,2,3,5,0.4
HNSN,1,4,5,0.2
HNSP,2,2,4,0.5
HNSS,5,2,7,0.71
HNSb,1,4,5,0.2
HNSh,3,2,5,0.6
HNSl,1,2,3,0.33
HNSm,2,3,5,0.4
HNSn,8,6,14,0.57
HNSs,2,3,5,0.4
HNSt,1,0,1,1.0
HNbB,3,3,6,0.5
HNbD,1,0,1,1.0
HNbH,1,1,2,0.5
HNbJ,2,0,2,1.0
HNbK,1,2,3,0.33
HNbL,2,1,3,0.67
HNbM,1,8,9,0.11
HNbN,6,5,11,0.55
HNbP,4,8,12,0.33
HNbS,1,5,6,0.17
HNbb,9,3,12,0.75
HNbl,3,0,3,1.0
HNbm,1,3,4,0.25
HNbn,9,3,12,0.75
HNbs,2,1,3,0.67
HNhB,1,1,2,0.5
HNhH,0,2,2,0.0
HNhM,0,2,2,0.0
HNhN,1,1,2,0.5
HNhP,3,2,5,0.6
HNhS,1,1,2,0.5
HNhb,4,6,10,0.4
HNhh,1,5,6,0.17
HNhl,1,1,2,0.5
HNhm,4,2,6,0.67
HNhn,1,6,7,0.14
HNhs,4,2,6,0.67
HNlB,3,1,4,0.75
HNlD,0,0,0,
HNlH,4,2,6,0.67
HNlL,1,1,2,0.5
HNlM,2,3,5,0.4
HNlN,5,4,9,0.56
HNlP,3,5,8,0.38
HNlS,3,2,5,0.6
HNlb,2,1,3,0.67
HNll,0,1,1,0.0
HNlm,1,1,2,0.5
HNln,0,3,3,0.0
HNls,3,0,3,1.0
HNmB,0,1,1,0.0
HNmH,2,7,9,0.22
HNmL,0,1,1,0.0
HNmM,5,6,11,0.45
HNmN,2,4,6,0.33
HNmP,4,10,14,0.29
HNmS,3,1,4,0.75
HNmb,10,3,13,0.77
HNml,4,3,7,0.57
HNmm,4,3,7,0.57
HNmn,2,2,4,0.5
HNms,1,1,2,0.5
HNnB,4,3,7,0.57
HNnD,0,1,1,0.0
HNnH,0,4,4,0.0
HNnI,6,0,6,1.0
HNnK,0,2,2,0.0
HNnL,1,4,5,0.2
HNnM,8,5,13,0.62
HNnN,6,12,18,0.33
HNnP,11,8,19,0.58
HNnS,5,4,9,0.56
HNnb,2,2,4,0.5
HNnh,0,1,1,0.0
HNnl,4,3,7,0.57
HNnm,3,7,10,0.3
HNnn,7,7,14,0.5
HNns,4,6,10,0.4
HNsB,3,1,4,0.75
HNsH,1,2,3,0.33
HNsI,0,1,1,0.0
HNsL,1,3,4,0.25
HNsM,1,3,4,0.25
HNsN,4,6,10,0.4
HNsP,4,9,13,0.31
HNsS,4,5,9,0.44
HNsb,2,0,2,1.0
HNsl,0,2,2,0.0
HNsm,1,1,2,0.5
HNsn,3,4,7,0.43
HNss,3,2,5,0.6
HNtB,1,0,1,1.0
HNtH,0,1,1,0.0
HNtM,1,1,2,0.5
HNtN,2,0,2,1.0
HNtP,2,3,5,0.4
HNtb,1,2,3,0.33
HNtl,2,0,2,1.0
HNtm,1,0,1,1.0
HNtn,1,1,2,0.5
HNts,0,1,1,0.0
HPBB,4,2,6,0.67
HPBK,0,1,1,0.0
HPBL,3,1,4,0.75
HPBM,3,3,6,0.5
HPBN,6,0,6,1.0
HPBP,5,3,8,0.62
HPBS,4,4,8,0.5
HPBb,8,3,11,0.73
HPBh,0,1,1,0.0
HPBj,0,4,4,0.0
HPBl,6,5,11,0.55
HPBm,3,6,9,0.33
HPBn,3,3,6,0.5
HPBs,2,2,4,0.5
HPBt,0,0,0,
HPDH,0,1,1,0.0
HPDP,1,0,1,1.0
HPDS,0,1,1,0.0
HPDn,0,0,0,
HPDt,1,0,1,1.0
HPHB,5,2,7,0.71
HPHH,1,0,1,1.0
HPHK,1,0,1,1.0
HPHL,0,0,0,
HPHM,2,1,3,0.67
HPHN,2,0,2,1.0
HPHP,2,3,5,0.4
HPHS,0,4,4,0.0
HPHb,4,2,6,0.67
HPHh,1,0,1,1.0
HPHl,0,2,2,0.0
HPHm,0,2,2,0.0
HPHn,1,3,4,0.25
HPHs,5,2,7,0.71
HPIB,0,1,1,0.0
HPID,0,1,1,0.0
HPIL,1,0,1,1.0
HPIM,1,1,2,0.5
HPIP,1,2,3,0.33
HPIm,0,1,1,0.0
HPIs,1,0,1,1.0
HPKB,1,0,1,1.0
HPKI,1,0,1,1.0
HPKM,2,0,2,1.0
HPKP,0,2,2,0.0
HPKb,2,2,4,0.5
HPKh,1,1,2,0.5
HPKm,2,2,4,0.5
HPKs,1,0,1,1.0
HPLB,1,2,3,0.33
HPLD,1,0,1,1.0
HPLL,0,2,2,0.0
HPLM,3,3,6,0.5
HPLN,2,6,8,0.25
HPLP,1,7,8,0.12
HPLS,1,2,3,0.33
HPLb,1,3,4,0.25
HPLj,2,1,3,0.67
HPLl,0,2,2,0.0
HPLm,3,2,5,0.6
HPLn,5,4,9,0.56
HPLs,2,1,3,0.67
HPMB,2,4,6,0.33
HPMD,0,1,1,0.0
HPML,4,3,7,0.57
HPMM,10,6,16,0.62
HPMN,7,3,10,0.7
HPMP,8,9,17,0.47
HPMS,6,6,12,0.5
HPMb,6,7,13,0.46
HPMh,5,5,10,0.5
HPMj,0,2,2,0.0
HPMl,4,1,5,0.8
HPMm,4,4,8,0.5
HPMn,7,13,20,0.35
HPMs,2,4,6,0.33
HPMt,1,1,2,0.5
HPNB,4,1,5,0.8
HPND,1,0,1,1.0
HPNH,2,0,2,1.0
HPNK,1,1,2,0.5
HPNL,3,1,4,0.75
HPNM,4,7,11,0.36
HPNN,6,7,13,0.46
HPNP,13,10,23,0.57
HPNS,1,5,6,0.17
HPNb,3,8,11,0.27
HPNh,4,1,5,0.8
HPNl,4,1,5,0.8
HPNm,7,4,11,0.64
HPNn,9,13,22,0.41
HPNs,4,2,6,0.67
HPNt,1,0,1,1.0
HPPB,9,8,17,0.53
HPPD,2,1,3,0.67
HPPH,6,6,12,0.5
HPPK,0,1,1,0.0
HPPL,6,1,7,0.86
HPPM,11,15,26,0.42
HPPN,14,7,21,0.67
HPPP,15,9,24,0.62
HPPS,12,8,20,0.6
HPPb,9,15,24,0.38
HPPh,1,3,4,0.25
HPPl,11,9,20,0.55
HPPm,9,9,18,0.5
HPPn,11,4,15,0.73
HPPs,8,5,13,0.62
HPPt,2,0,2,1.0
HPSB,0,1,1,0.0
HPSH,1,1,2,0.5
HPSK,0,2,2,0.0
HPSL,4,2,6,0.67
HPSM,5,3,8,0.62
HPSN,5,5,10,0.5
HPSP,4,8,12,0.33
HPSS,1,3,4,0.25
HPSb,6,2,8,0.75
HPSh,3,2,5,0.6
HPSl,2,1,3,0.67
HPSm,4,5,9,0.44
HPSn,5,7,12,0.42
HPSs,7,4,11,0.64
HPSt,1,0,1,1.0
HPbB,3,5,8,0.38
HPbD,1,1,2,0.5
HPbH,0,3,3,0.0
HPbJ,4,1,5,0.8
HPbK,1,0,1,1.0
HPbL,5,2,7,0.71
HPbM,7,13,20,0.35
HPbN,7,7,14,0.5
HPbP,8,7,15,0.53
HPbS,2,7,9,0.22
HPbb,5,8,13,0.38
HPbl,6,4,10,0.6
HPbm,2,4,6,0.33
HPbn,5,5,10,0.5
HPbs,3,3,6,0.5
HPhB,1,1,2,0.5
HPhD,1,1,2,0.5
HPhL,1,1,2,0.5
HPhM,4,1,5,0.8
HPhN,3,1,4,0.75
HPhP,2,1,3,0.67
HPhb,1,2,3,0.33
HPhh,0,1,1,0.0
HPhm,0,2,2,0.0
HPhn,0,1,1,0.0
HPhs,1,3,4,0.25
HPht,2,0,2,1.0
HPlB,2,2,4,0.5
HPlH,4,6,10,0.4
HPlI,1,0,1,1.0
HPlJ,0,0,0,
HPlK,2,1,3,0.67
HPlL,1,2,3,0.33
HPlM,4,2,6,0.67
HPlN,9,2,11,0.82
HPlP,4,6,10,0.4
HPlS,4,5,9,0.44
HPlb,5,5,10,0.5
HPll,1,0,1,1.0
HPlm,5,1,6,0.83
HPln,5,0,5,1.0
HPls,3,2,5,0.6
HPmB,4,3,7,0.57
HPmD,1,0,1,1.0
HPmH,5,4,9,0.56
HPmK,0,1,1,0.0
HPmL,1,2,3,0.33
HPmM,5,7,12,0.42
HPmN,6,6,12,0.5
HPmP,5,3,8,0.62
HPmS,4,2,6,0.67
HPmb,7,8,15,0.47
HPml,3,2,5,0.6
HPmm,6,4,10,0.6
HPmn,4,1,5,0.8
HPms,1,0,1,1.0
HPnB,3,3,6,0.5
HPnH,1,2,3,0.33
HPnI,0,0,0,
HPnK,0,1,1,0.0
HPnL,1,4,5,0.2
HPnM,3,14,17,0.18
HPnN,6,12,18,0.33
HPnP,5,11,16,0.31
HPnS,10,3,13,0.77
HPnb,6,4,10,0.6
HPnh,1,0,1,1.0
HPnl,5,7,12,0.42
HPnm,5,4,9,0.56
HPnn,5,2,7,0.71
HPns,6,7,13,0.46
HPsB,3,2,5,0.6
HPsD,1,1,2,0.5
HPsH,4,5,9,0.44
HPsI,1,1,2,0.5
HPsK,0,1,1,0.0
HPsL,3,3,6,0.5
HPsM,5,1,6,0.83
HPsN,6,6,12,0.5
HPsP,7,7,14,0.5
HPsS,3,6,9,0.33
HPsb,5,4,9,0.56
HPsh,1,0,1,1.0
HPsl,0,3,3,0.0
HPsm,7,6,13,0.54
HPsn,3,2,5,0.6
HPss,0,5,5,0.0
HPtB,2,0,2,1.0
HPtL,0,0,0,
HPtM,0,1,1,0.0
HPtN,1,0,1,1.0
HPtP,0,1,1,0.0
HPtS,0,1,1,0.0
HPtb,1,0,1,1.0
HPth,0,0,0,
HPtm,0,1,1,0.0
HPts,0,0,0,
HPtt,1,0,1,1.0
HSBB,1,0,1,1.0
HSBL,1,1,2,0.5
HSBM,3,1,4,0.75
HSBN,3,1,4,0.75
HSBP,2,3,5,0.4
HSBS,1,1,2,0.5
HSBb,3,1,4,0.75
HSBl,1,1,2,0.5
HSBm,3,1,4,0.75
HSBn,0,2,2,0.0
HSBs,1,3,4,0.25
HSBt,0,1,1,0.0
HSDl,0,2,2,0.0
HSHB,0,0,0,
HSHH,0,1,1,0.0
HSHN,0,2,2,0.0
HSHP,0,2,2,0.0
HSHS,0,3,3,0.0
HSHb,2,1,3,0.67
HSHh,1,1,2,0.5
HSHl,0,1,1,0.0
HSHm,1,0,1,1.0
HSHn,1,1,2,0.5
HSHs,0,3,3,0.0
HSIP,0,1,1,0.0
HSKN,1,0,1,1.0
HSKs,0,1,1,0.0
HSLL,0,0,0,
HSLM,0,1,1,0.0
HSLN,2,2,4,0.5
HSLP,3,1,4,0.75
HSLS,1,1,2,0.5
HSLb,0,1,1,0.0
HSLh,2,1,3,0.67
HSLj,0,1,1,0.0
HSLm,0,1,1,0.0
HSLn,2,4,6,0.33
HSLs,0,0,0,
HSMB,1,3,4,0.25
HSMM,3,0,3,1.0
HSMN,4,4,8,0.5
HSMP,1,3,4,0.25
HSMS,6,5,11,0.55
HSMb,5,2,7,0.71
HSMh,1,3,4,0.25
HSMj,1,0,1,1.0
HSMm,2,3,5,0.4
HSMn,5,2,7,0.71
HSMs,1,1,2,0.5
HSNB,1,1,2,0.5
HSNH,1,0,1,1.0
HSNK,1,1,2,0.5
HSNL,0,1,1,0.0
HSNM,3,5,8,0.38
HSNN,3,2,5,0.6
HSNP,10,5,15,0.67
HSNS,4,6,10,0.4
HSNb,3,2,5,0.6
HSNh,3,0,3,1.0
HSNl,0,2,2,0.0
HSNm,1,0,1,1.0
HSNn,4,8,12,0.33
HSNs,5,2,7,0.71
HSPB,1,1,2,0.5
HSPH,0,3,3,0.0
HSPL,1,1,2,0.5
HSPM,2,4,6,0.33
HSPN,3,5,8,0.38
HSPP,2,2,4,0.5
HSPS,2,4,6,0.33
HSPb,1,7,8,0.12
HSPh,1,0,1,1.0
HSPl,1,3,4,0.25
HSPm,4,1,5,0.8
HSPn,7,5,12,0.58
HSPs,1,3,4,0.25
HSPt,1,1,2,0.5
HSSB,2,4,6,0.33
HSSH,3,0,3,1.0
HSSK,0,1,1,0.0
HSSL,1,0,1,1.0
HSSM,3,4,7,0.43
HSSN,2,1,3,0.67
HSSP,3,6,9,0.33
HSSS,8,1,9,0.89
HSSb,3,1,4,0.75
HSSh,3,5,8,0.38
HSSm,6,2,8,0.75
HSSn,6,3,9,0.67
HSSs,3,3,6,0.5
HSSt,0,1,1,0.0
HSbB,3,1,4,0.75
HSbH,2,1,3,0.67
HSbJ,0,0,0,
HSbK,1,2,3,0.33
HSbL,1,1,2,0.5
HSbM,4,4,8,0.5
HSbN,5,4,9,0.56
HSbP,5,4,9,0.56
HSbS,0,3,3,0.0
HSbb,1,0,1,1.0
HSbl,3,1,4,0.75
HSbm,3,1,4,0.75
HSbn,5,1,6,0.83
HSbs,1,1,2,0.5
HShB,1,0,1,1.0
HShH,0,2,2,0.0
HShI,0,2,2,0.0
HShK,1,0,1,1.0
HShL,0,2,2,0.0
HShM,4,3,7,0.57
HShN,2,2,4,0.5
HShP,4,0,4,1.0
HShS,4,4,8,0.5
HShb,4,4,8,0.5
HShh,1,3,4,0.25
HShl,1,2,3,0.33
HShm,1,0,1,1.0
HShn,3,5,8,0.38
HShs,1,4,5,0.2
HSht,1,0,1,1.0
HSlB,1,1,2,0.5
HSlH,0,1,1,0.0
HSlJ,1,1,2,0.5
HSlK,0,1,1,0.0
HSlL,1,1,2,0.5
HSlM,1,2,3,0.33
HSlN,6,3,9,0.67
HSlP,6,1,7,0.86
HSlS,1,2,3,0.33
HSlb,5,2,7,0.71
HSll,1,2,3,0.33
HSlm,1,1,2,0.5
HSln,1,3,4,0.25
HSls,1,0,1,1.0
HSmB,0,6,6,0.0
HSmD,0,1,1,0.0
HSmH,1,5,6,0.17
HSmI,1,0,1,1.0
HSmL,1,1,2,0.5
HSmM,3,7,10,0.3
HSmN,0,2,2,0.0
HSmP,5,4,9,0.56
HSmS,2,1,3,0.67
HSmb,1,2,3,0.33
HSml,1,1,2,0.5
HSmm,0,1,1,0.0
HSmn,0,1,1,0.0
HSms,0,0,0,
HSnB,2,1,3,0.67
HSnD,0,0,0,
HSnH,1,4,5,0.2
HSnI,0,1,1,0.0
HSnK,0,1,1,0.0
HSnM,2,4,6,0.33
HSnN,3,4,7,0.43
HSnP,8,7,15,0.53
HSnS,4,5,9,0.44
HSnb,3,6,9,0.33
HSnh,1,0,1,1.0
HSnl,1,1,2,0.5
HSnm,1,2,3,0.33
HSnn,4,6,10,0.4
HSns,5,5,10,0.5
HSsB,2,1,3,0.67
HSsD,1,0,1,1.0
HSsH,1,2,3,0.33
HSsL,1,2,3,0.33
HSsM,3,5,8,0.38
HSsN,3,5,8,0.38
HSsP,3,10,13,0.23
HSsS,7,4,11,0.64
HSsb,4,2,6,0.67
HSsh,0,1,1,0.0
HSsm,4,3,7,0.57
HSsn,4,4,8,0.5
HSss,4,1,5,0.8
HSst,1,0,1,1.0
HStM,0,2,2,0.0
HStN,2,1,3,0.67
HStP,0,1,1,0.0
HStm,0,1,1,0.0
HStn,0,0,0,
HSts,0,1,1,0.0
HbBB,1,5,6,0.17
HbBL,1,2,3,0.33
HbBM,6,5,11,0.55
HbBN,3,7,10,0.3
HbBP,7,4,11,0.64
HbBS,3,2,5,0.6
HbBb,5,6,11,0.45
HbBh,0,1,1,0.0
HbBj,1,2,3,0.33
HbBl,1,0,1,1.0
HbBm,3,3,6,0.5
HbBn,4,6,10,0.4
HbBs,1,0,1,1.0
HbBt,1,0,1,1.0
HbDB,1,1,2,0.5
HbDN,0,1,1,0.0
HbDS,0,1,1,0.0
HbDl,1,0,1,1.0
HbHB,1,1,2,0.5
HbHK,1,1,2,0.5
HbHL,0,2,2,0.0
HbHM,4,2,6,0.67
HbHN,2,2,4,0.5
HbHP,2,5,7,0.29
HbHS,1,1,2,0.5
HbHb,1,1,2,0.5
HbHm,0,1,1,0.0
HbHn,2,0,2,1.0
HbHs,1,0,1,1.0
HbIH,1,0,1,1.0
HbIL,1,0,1,1.0
HbIN,0,1,1,0.0
HbIP,2,1,3,0.67
HbIn,0,2,2,0.0
HbIs,0,0,0,
HbJB,1,0,1,1.0
HbJH,0,1,1,0.0
HbJK,2,0,2,1.0
HbJL,2,0,2,1.0
HbJM,3,4,7,0.43
HbJN,4,0,4,1.0
HbJP,2,1,3,0.67
HbJS,3,1,4,0.75
HbJb,2,3,5,0.4
HbJh,0,1,1,0.0
HbJl,2,1,3,0.67
HbJm,1,1,2,0.5
HbJs,1,0,1,1.0
HbKH,1,0,1,1.0
HbKL,1,0,1,1.0
HbKM,0,1,1,0.0
HbKP,0,1,1,0.0
HbKS,0,1,1,0.0
HbKh,0,0,0,
HbKn,2,1,3,0.67
HbLB,1,4,5,0.2
HbLL,1,1,2,0.5
HbLM,3,2,5,0.6
HbLN,1,2,3,0.33
HbLP,8,3,11,0.73
HbLb,3,1,4,0.75
HbLh,1,3,4,0.25
HbLj,0,1,1,0.0
HbLm,1,0,1,1.0
HbLn,3,2,5,0.6
HbLs,1,3,4,0.25
HbMB,1,2,3,0.33
HbMD,2,0,2,1.0
HbML,0,2,2,0.0
HbMM,4,6,10,0.4
HbMN,8,4,12,0.67
HbMP,5,4,9,0.56
HbMS,8,5,13,0.62
HbMb,4,2,6,0.67
HbMh,3,3,6,0.5
HbMj,3,0,3,1.0
HbMl,0,2,2,0.0
HbMm,6,4,10,0.6
HbMn,2,3,5,0.4
HbMs,5,3,8,0.62
HbMt,1,3,4,0.25
HbNB,7,4,11,0.64
HbND,1,0,1,1.0
HbNK,0,0,0,
HbNL,3,3,6,0.5
HbNM,5,9,14,0.36
HbNN,9,6,15,0.6
HbNP,10,8,18,0.56
HbNS,4,6,10,0.4
HbNb,7,7,14,0.5
HbNh,4,0,4,1.0
HbNl,0,7,7,0.0
HbNm,6,3,9,0.67
HbNn,12,4,16,0.75
HbNs,2,2,4,0.5
HbNt,4,1,5,0.8
HbPB,5,6,11,0.45
HbPD,1,2,3,0.33
HbPH,1,1,2,0.5
HbPK,0,1,1,0.0
HbPL,6,4,10,0.6
HbPM,9,7,16,0.56
HbPN,3,7,10,0.3
HbPP,14,9,23,0.61
HbPS,3,6,9,0.33
HbPb,10,8,18,0.56
HbPh,1,0,1,1.0
HbPl,3,2,5,0.6
HbPm,5,6,11,0.45
HbPn,8,5,13,0.62
HbPs,3,3,6,0.5
HbPt,0,1,1,0.0
HbSB,1,1,2,0.5
HbSH,1,2,3,0.33
HbSL,0,2,2,0.0
HbSM,1,2,3,0.33
HbSN,1,2,3,0.33
HbSP,8,10,18,0.44
HbSS,0,4,4,0.0
HbSb,2,3,5,0.4
HbSh,2,1,3,0.67
HbSl,1,1,2,0.5
HbSm,1,2,3,0.33
HbSn,6,3,9,0.67
HbSs,2,2,4,0.5
HbSt,0,1,1,0.0
HbbB,5,7,12,0.42
HbbH,2,1,3,0.67
HbbI,1,0,1,1.0
HbbJ,2,0,2,1.0
HbbL,1,0,1,1.0
HbbM,8,5,13,0.62
HbbN,7,5,12,0.58
HbbP,8,6,14,0.57
HbbS,2,2,4,0.5
Hbbb,7,13,20,0.35
Hbbl,3,3,6,0.5
Hbbm,0,3,3,0.0
Hbbn,5,4,9,0.56
HblB,1,2,3,0.33
HblH,1,0,1,1.0
HblJ,1,0,1,1.0
HblL,1,1,2,0.5
HblM,2,2,4,0.5
HblN,1,2,3,0.33
HblP,6,2,8,0.75
HblS,5,1,6,0.83
Hblb,1,3,4,0.25
Hbll,0,1,1,0.0
Hblm,0,2,2,0.0
Hbln,0,1,1,0.0
Hbls,2,0,2,1.0
HbmB,2,3,5,0.4
HbmD,1,0,1,1.0
HbmH,3,2,5,0.6
HbmK,0,1,1,0.0
HbmL,2,1,3,0.67
HbmM,3,5,8,0.38
HbmN,3,4,7,0.43
HbmP,7,3,10,0.7
HbmS,1,3,4,0.25
Hbmb,2,4,6,0.33
Hbml,1,0,1,1.0
Hbmm,2,0,2,1.0
Hbmn,5,4,9,0.56
Hbms,1,0,1,1.0
Hbmt,0,1,1,0.0
HbnB,3,6,9,0.33
HbnH,0,3,3,0.0
HbnI,1,0,1,1.0
HbnK,1,0,1,1.0
HbnL,1,1,2,0.5
HbnM,3,10,13,0.23
HbnN,2,8,10,0.2
HbnP,13,9,22,0.59
HbnS,4,2,6,0.67
Hbnb,9,6,15,0.6
Hbnh,1,0,1,1.0
Hbnl,7,1,8,0.88
Hbnm,4,1,5,0.8
Hbnn,3,6,9,0.33
Hbns,3,0,3,1.0
HbsB,4,1,5,0.8
HbsH,1,2,3,0.33
HbsI,0,1,1,0.0
HbsK,0,1,1,0.0
HbsL,3,0,3,1.0
HbsM,3,7,10,0.3
HbsN,2,2,4,0.5
HbsP,4,3,7,0.57
HbsS,2,5,7,0.29
Hbsb,0,4,4,0.0
Hbsl,0,1,1,0.0
Hbsm,3,1,4,0.75
Hbsn,2,3,5,0.4
Hbss,2,1,3,0.67
HhBB,3,1,4,0.75
HhBM,1,1,2,0.5
HhBP,1,1,2,0.5
HhBS,1,0,1,1.0
HhBb,2,0,2,1.0
HhBm,1,1,2,0.5
HhBn,3,1,4,0.75
HhDb,1,0,1,1.0
HhDm,1,0,1,1.0
HhDs,1,0,1,1.0
HhHD,1,0,1,1.0
HhHM,2,0,2,1.0
HhHN,0,1,1,0.0
HhHP,0,1,1,0.0
HhHb,1,0,1,1.0
HhHh,1,0,1,1.0
HhHl,0,0,0,
HhHm,2,0,2,1.0
HhHn,1,0,1,1.0
HhHs,1,1,2,0.5
HhIM,0,1,1,0.0
HhIm,1,0,1,1.0
HhIn,1,0,1,1.0
HhKM,0,1,1,0.0
HhKN,1,0,1,1.0
HhKP,0,0,0,
HhLL,0,1,1,0.0
HhLM,1,0,1,1.0
HhLN,0,2,2,0.0
HhLP,0,1,1,0.0
HhLS,0,2,2,0.0
HhLb,1,0,1,1.0
HhLl,0,1,1,0.0
HhLm,1,1,2,0.5
HhLn,2,0,2,1.0
HhLs,0,1,1,0.0
HhML,1,0,1,1.0
HhMM,2,2,4,0.5
HhMN,3,0,3,1.0
HhMP,1,2,3,0.33
HhMS,1,1,2,0.5
HhMb,0,2,2,0.0
HhMh,0,4,4,0.0
HhMl,2,3,5,0.4
HhMn,1,4,5,0.2
HhMs,1,0,1,1.0
HhNB,0,1,1,0.0
HhNK,0,1,1,0.0
HhNM,2,1,3,0.67
HhNN,2,4,6,0.33
HhNP,3,4,7,0.43
HhNS,1,0,1,1.0
HhNb,1,0,1,1.0
HhNl,1,0,1,1.0
HhNm,2,0,2,1.0
HhNn,1,1,2,0.5
HhNs,2,3,5,0.4
HhPB,2,1,3,0.67
HhPD,0,0,0,
HhPH,2,1,3,0.67
HhPI,0,0,0,
HhPK,0,1,1,0.0
HhPM,1,2,3,0.33
HhPN,3,5,8,0.38
HhPP,3,6,9,0.33
HhPS,2,1,3,0.67
HhPb,3,3,6,0.5
HhPh,1,0,1,1.0
HhPl,1,1,2,0.5
HhPm,5,4,9,0.56
HhPn,1,3,4,0.25
HhPs,4,3,7,0.57
HhSB,0,1,1,0.0
HhSH,1,0,1,1.0
HhSM,2,1,3,0.67
HhSN,3,1,4,0.75
HhSP,2,0,2,1.0
HhSS,0,2,2,0.0
HhSb,2,0,2,1.0
HhSh,0,2,2,0.0
HhSl,1,1,2,0.5
HhSm,0,3,3,0.0
HhSn,2,5,7,0.29
HhSs,1,3,4,0.25
HhSt,1,1,2,0.5
HhbB,1,0,1,1.0
HhbD,0,1,1,0.0
HhbH,2,0,2,1.0
HhbI,1,0,1,1.0
HhbJ,0,1,1,0.0
HhbL,1,4,5,0.2
HhbM,1,1,2,0.5
HhbN,2,2,4,0.5
HhbP,4,2,6,0.67
HhbS,2,0,2,1.0
Hhbb,3,1,4,0.75
Hhbh,1,0,1,1.0
Hhbl,1,0,1,1.0
Hhbm,1,1,2,0.5
Hhbn,2,6,8,0.25
Hhbs,3,0,3,1.0
HhhB,2,0,2,1.0
HhhL,0,1,1,0.0
HhhM,1,0,1,1.0
HhhN,2,1,3,0.67
HhhP,3,1,4,0.75
HhhS,1,3,4,0.25
Hhhb,3,2,5,0.6
Hhhh,2,2,4,0.5
Hhhl,1,1,2,0.5
Hhhm,1,0,1,1.0
Hhhn,0,1,1,0.0
Hhhs,2,2,4,0.5
HhlB,0,1,1,0.0
HhlJ,0,1,1,0.0
HhlK,0,1,1,0.0
HhlM,0,2,2,0.0
HhlN,2,3,5,0.4
HhlP,1,3,4,0.25
HhlS,0,3,3,0.0
Hhlb,0,3,3,0.0
Hhll,1,0,1,1.0
Hhlm,0,1,1,0.0
Hhln,1,0,1,1.0
Hhls,0,1,1,0.0
HhmH,1,0,1,1.0
HhmL,0,1,1,0.0
HhmM,2,2,4,0.5
HhmN,1,2,3,0.33
HhmP,3,2,5,0.6
HhmS,1,0,1,1.0
Hhml,1,1,2,0.5
Hhmm,1,1,2,0.5
Hhmn,2,0,2,1.0
Hhms,1,0,1,1.0
HhnB,3,1,4,0.75
HhnH,2,0,2,1.0
HhnL,1,0,1,1.0
HhnM,1,0,1,1.0
HhnN,4,1,5,0.8
HhnP,5,4,9,0.56
HhnS,2,3,5,0.4
Hhnb,1,2,3,0.33
Hhnl,1,2,3,0.33
Hhnm,1,4,5,0.2
Hhnn,3,5,8,0.38
HhsB,1,1,2,0.5
HhsD,1,0,1,1.0
HhsH,2,4,6,0.33
HhsI,0,2,2,0.0
HhsK,0,1,1,0.0
HhsL,0,1,1,0.0
HhsM,5,5,10,0.5
HhsN,1,0,1,1.0
HhsP,2,5,7,0.29
HhsS,1,2,3,0.33
Hhsb,1,0,1,1.0
Hhsl,0,2,2,0.0
Hhsm,2,0,2,1.0
Hhsn,4,0,4,1.0
Hhss,3,1,4,0.75
HhtL,0,1,1,0.0
HhtN,1,0,1,1.0
HhtS,0,1,1,0.0
HlBB,3,0,3,1.0
HlBL,1,1,2,0.5
HlBM,1,1,2,0.5
HlBN,1,1,2,0.5
HlBP,0,2,2,0.0
HlBS,0,2,2,0.0
HlBb,3,2,5,0.6
HlBh,1,1,2,0.5
HlBl,1,2,3,0.33
HlBm,1,3,4,0.25
HlBn,1,2,3,0.33
HlBt,1,1,2,0.5
HlDL,0,1,1,0.0
HlDN,0,1,1,0.0
HlDP,0,1,1,0.0
HlDb,0,0,0,
HlDt,0,1,1,0.0
HlHB,2,2,4,0.5
HlHK,0,1,1,0.0
HlHL,0,1,1,0.0
HlHM,1,0,1,1.0
HlHN,1,1,2,0.5
HlHP,2,1,3,0.67
HlHS,1,1,2,0.5
HlHb,2,3,5,0.4
HlHh,1,0,1,1.0
HlHl,0,1,1,0.0
HlHm,3,1,4,0.75
HlHn,0,3,3,0.0
HlHs,1,0,1,1.0
HlIs,1,0,1,1.0
HlJN,1,0,1,1.0
HlJS,0,1,1,0.0
HlJm,1,1,2,0.5
HlJn,1,1,2,0.5
HlJs,1,0,1,1.0
HlKB,0,1,1,0.0
HlKM,1,0,1,1.0
HlKP,1,0,1,1.0
HlKl,1,0,1,1.0
HlKn,0,1,1,0.0
HlLB,0,1,1,0.0
HlLM,2,1,3,0.67
HlLP,0,0,0,
HlLb,0,3,3,0.0
HlLl,0,1,1,0.0
HlLm,1,0,1,1.0
HlLn,2,1,3,0.67
HlLs,1,0,1,1.0
HlLt,1,0,1,1.0
HlMB,0,0,0,
HlML,1,0,1,1.0
HlMM,1,5,6,0.17
HlMN,5,5,10,0.5
HlMP,2,2,4,0.5
HlMS,3,6,9,0.33
HlMb,4,2,6,0.67
HlMh,1,2,3,0.33
HlMj,2,2,4,0.5
HlMl,3,0,3,1.0
HlMm,2,2,4,0.5
HlMn,2,4,6,0.33
HlMs,2,3,5,0.4
HlMt,1,0,1,1.0
HlNB,2,1,3,0.67
HlNL,1,1,2,0.5
HlNM,3,0,3,1.0
HlNN,2,4,6,0.33
HlNP,6,1,7,0.86
HlNS,1,4,5,0.2
HlNb,0,3,3,0.0
HlNh,2,2,4,0.5
HlNl,1,2,3,0.33
HlNm,1,1,2,0.5
HlNn,2,5,7,0.29
HlNs,1,3,4,0.25
HlNt,1,1,2,0.5
HlPB,3,1,4,0.75
HlPH,3,1,4,0.75
HlPL,1,0,1,1.0
HlPM,1,2,3,0.33
HlPN,2,3,5,0.4
HlPP,4,3,7,0.57
HlPS,1,2,3,0.33
HlPb,6,4,10,0.6
HlPh,1,0,1,1.0
HlPl,5,4,9,0.56
HlPm,1,3,4,0.25
HlPn,3,3,6,0.5
HlPs,3,2,5,0.6
HlPt,1,1,2,0.5
HlSB,0,1,1,0.0
HlSH,1,1,2,0.5
HlSL,0,1,1,0.0
HlSM,1,1,2,0.5
HlSN,0,4,4,0.0
HlSP,1,1,2,0.5
HlSS,2,0,2,1.0
HlSb,0,1,1,0.0
HlSh,2,3,5,0.4
HlSl,2,2,4,0.5
HlSm,1,2,3,0.33
HlSn,1,3,4,0.25
HlbB,4,2,6,0.67
HlbJ,1,0,1,1.0
HlbL,2,1,3,0.67
HlbM,3,1,4,0.75
HlbN,4,4,8,0.5
HlbP,3,8,11,0.27
HlbS,0,6,6,0.0
Hlbb,6,8,14,0.43
Hlbl,3,1,4,0.75
Hlbm,6,2,8,0.75
Hlbn,4,4,8,0.5
Hlbs,1,2,3,0.33
HllB,0,1,1,0.0
HllI,0,1,1,0.0
HllJ,0,1,1,0.0
HllL,1,0,1,1.0
HllM,2,1,3,0.67
HllN,3,4,7,0.43
HllP,4,0,4,1.0
HllS,0,2,2,0.0
Hllb,1,1,2,0.5
Hlll,1,0,1,1.0
Hllm,0,0,0,
Hlln,1,1,2,0.5
Hlls,3,0,3,1.0
HlmB,1,2,3,0.33
HlmD,0,1,1,0.0
HlmH,0,2,2,0.0
HlmJ,0,1,1,0.0
HlmK,0,1,1,0.0
HlmL,1,0,1,1.0
HlmM,2,5,7,0.29
HlmN,2,3,5,0.4
HlmP,1,5,6,0.17
HlmS,1,1,2,0.5
Hlmb,4,1,5,0.8
Hlml,2,2,4,0.5
Hlmm,0,1,1,0.0
Hlmn,1,1,2,0.5
HlnB,1,1,2,0.5
HlnH,0,2,2,0.0
HlnL,0,3,3,0.0
HlnM,2,1,3,0.67
HlnN,2,1,3,0.67
HlnP,3,3,6,0.5
HlnS,0,1,1,0.0
Hlnb,2,3,5,0.4
Hlnn,3,2,5,0.6
Hlns,1,4,5,0.2
HlsB,0,1,1,0.0
HlsH,1,2,3,0.33
HlsM,2,1,3,0.67
HlsN,1,1,2,0.5
HlsP,4,1,5,0.8
HlsS,2,1,3,0.67
Hlsb,4,0,4,1.0
Hlsl,2,0,2,1.0
Hlsm,1,2,3,0.33
Hlsn,2,2,4,0.5
Hlss,2,1,3,0.67
HmBB,2,1,3,0.67
HmBD,0,0,0,
HmBL,1,0,1,1.0
HmBM,0,2,2,0.0
HmBN,0,5,5,0.0
HmBP,3,3,6,0.5
HmBS,2,0,2,1.0
HmBb,4,2,6,0.67
HmBl,2,0,2,1.0
HmBm,3,0,3,1.0
HmBn,4,2,6,0.67
HmBs,2,1,3,0.67
HmDB,1,0,1,1.0
HmDN,0,2,2,0.0
HmDS,1,0,1,1.0
HmDb,0,1,1,0.0
HmDl,0,0,0,
HmDm,0,0,0,
HmHB,2,2,4,0.5
HmHL,0,3,3,0.0
HmHM,2,1,3,0.67
HmHN,0,3,3,0.0
HmHP,2,4,6,0.33
HmHS,0,1,1,0.0
HmHb,3,2,5,0.6
HmHh,1,1,2,0.5
HmHl,1,2,3,0.33
HmHm,2,2,4,0.5
HmHn,2,4,6,0.33
HmHs,3,3,6,0.5
HmIH,0,1,1,0.0
HmIM,1,0,1,1.0
HmIn,0,1,1,0.0
HmJB,2,0,2,1.0
HmJL,0,1,1,0.0
HmJM,2,0,2,1.0
HmJN,3,0,3,1.0
HmJP,1,0,1,1.0
HmJS,0,1,1,0.0
HmJb,0,2,2,0.0
HmJl,0,0,0,
HmJm,1,0,1,1.0
HmJn,2,0,2,1.0
HmJs,0,1,1,0.0
HmLL,1,0,1,1.0
HmLM,3,0,3,1.0
HmLN,3,1,4,0.75
HmLP,2,1,3,0.67
HmLS,1,1,2,0.5
HmLb,1,3,4,0.25
HmLh,2,2,4,0.5
HmLl,2,1,3,0.67
HmLm,1,1,2,0.5
HmLn,1,1,2,0.5
HmLs,0,1,1,0.0
HmMB,1,3,4,0.25
HmMD,1,0,1,1.0
HmML,0,0,0,
HmMM,3,3,6,0.5
HmMN,5,5,10,0.5
HmMP,4,5,9,0.44
HmMS,4,3,7,0.57
HmMb,4,1,5,0.8
HmMh,6,5,11,0.55
HmMj,2,4,6,0.33
HmMl,1,0,1,1.0
HmMm,5,1,6,0.83
HmMn,4,11,15,0.27
HmMs,4,1,5,0.8
HmMt,3,0,3,1.0
HmNB,4,3,7,0.57
HmNH,2,0,2,1.0
HmNK,1,1,2,0.5
HmNL,1,1,2,0.5
HmNM,3,3,6,0.5
HmNN,6,4,10,0.6
HmNP,9,6,15,0.6
HmNS,2,2,4,0.5
HmNb,3,3,6,0.5
HmNh,2,2,4,0.5
HmNl,2,2,4,0.5
HmNm,3,2,5,0.6
HmNn,7,6,13,0.54
HmNs,4,3,7,0.57
HmNt,0,0,0,
HmPB,3,2,5,0.6
HmPD,0,1,1,0.0
HmPK,0,1,1,0.0
HmPL,3,0,3,1.0
HmPM,1,6,7,0.14
HmPN,6,2,8,0.75
HmPP,3,9,12,0.25
HmPS,1,2,3,0.33
HmPb,4,4,8,0.5
HmPl,1,3,4,0.25
HmPm,3,2,5,0.6
HmPn,4,5,9,0.44
HmPs,4,1,5,0.8
HmPt,2,0,2,1.0
HmSB,0,1,1,0.0
HmSH,0,1,1,0.0
HmSL,1,1,2,0.5
HmSM,1,1,2,0.5
HmSN,0,6,6,0.0
HmSP,5,3,8,0.62
HmSS,3,2,5,0.6
HmSb,4,2,6,0.67
HmSh,0,2,2,0.0
HmSl,0,2,2,0.0
HmSn,3,1,4,0.75
HmSs,3,1,4,0.75
HmSt,0,0,0,
HmbB,7,4,11,0.64
HmbH,1,0,1,1.0
HmbI,0,0,0,
HmbL,2,1,3,0.67
HmbM,6,4,10,0.6
HmbN,2,6,8,0.25
HmbP,7,3,10,0.7
HmbS,0,0,0,
Hmbb,5,2,7,0.71
Hmbl,1,0,1,1.0
Hmbm,3,0,3,1.0
Hmbn,4,2,6,0.67
HmhS,0,0,0,
HmlB,1,0,1,1.0
HmlH,2,0,2,1.0
HmlM,3,2,5,0.6
HmlN,0,1,1,0.0
HmlP,1,1,2,0.5
HmlS,1,0,1,1.0
Hmlb,2,0,2,1.0
Hmll,2,0,2,1.0
Hmlm,1,1,2,0.5
Hmln,1,2,3,0.33
Hmls,1,1,2,0.5
HmmB,2,2,4,0.5
HmmH,1,3,4,0.25
HmmJ,0,1,1,0.0
HmmM,3,3,6,0.5
HmmN,4,2,6,0.67
HmmP,1,2,3,0.33
HmmS,0,0,0,
Hmmb,7,3,10,0.7
Hmml,1,0,1,1.0
Hmmn,4,5,9,0.44
Hmms,1,0,1,1.0
HmnB,2,2,4,0.5
HmnH,3,0,3,1.0
HmnL,1,0,1,1.0
HmnM,4,5,9,0.44
HmnN,8,4,12,0.67
HmnP,4,2,6,0.67
HmnS,2,5,7,0.29
Hmnb,2,2,4,0.5
Hmnl,1,3,4,0.25
Hmnm,1,2,3,0.33
Hmnn,5,9,14,0.36
Hmns,0,3,3,0.0
HmsB,2,0,2,1.0
HmsH,1,2,3,0.33
HmsL,0,2,2,0.0
HmsM,1,3,4,0.25
HmsN,1,1,2,0.5
HmsP,2,2,4,0.5
HmsS,3,1,4,0.75
Hmsb,2,0,2,1.0
Hmsl,1,1,2,0.5
Hmsm,1,0,1,1.0
Hmss,0,4,4,0.0
HnBB,0,1,1,0.0
HnBL,0,0,0,
HnBM,3,4,7,0.43
HnBN,2,3,5,0.4
HnBP,5,3,8,0.62
HnBS,0,2,2,0.0
HnBb,2,2,4,0.5
HnBl,2,3,5,0.4
HnBm,1,1,2,0.5
HnBn,9,8,17,0.53
HnBs,2,3,5,0.4
HnBt,0,1,1,0.0
HnDP,1,0,1,1.0
HnDS,0,1,1,0.0
HnDb,1,0,1,1.0
HnDh,0,1,1,0.0
HnDn,0,1,1,0.0
HnDs,1,0,1,1.0
HnHI,1,1,2,0.5
HnHK,0,1,1,0.0
HnHL,3,2,5,0.6
HnHM,2,5,7,0.29
HnHN,1,1,2,0.5
HnHP,2,2,4,0.5
HnHS,1,4,5,0.2
HnHb,1,2,3,0.33
HnHh,2,2,4,0.5
HnHl,1,1,2,0.5
HnHm,0,1,1,0.0
HnHn,3,4,7,0.43
HnHs,4,4,8,0.5
HnHt,1,0,1,1.0
HnIB,0,1,1,0.0
HnIL,0,0,0,
HnIM,0,2,2,0.0
HnIN,1,0,1,1.0
HnIP,1,1,2,0.5
HnIS,0,1,1,0.0
HnIb,0,0,0,
HnIl,0,1,1,0.0
HnIn,0,2,2,0.0
HnKD,1,0,1,1.0
HnKL,0,0,0,
HnKM,0,3,3,0.0
HnKN,1,0,1,1.0
HnKP,1,1,2,0.5
HnKS,1,1,2,0.5
HnKh,0,1,1,0.0
HnKm,1,0,1,1.0
HnKn,2,2,4,0.5
HnKs,1,0,1,1.0
HnLB,2,2,4,0.5
HnLL,2,2,4,0.5
HnLM,2,2,4,0.5
HnLN,0,1,1,0.0
HnLP,6,4,10,0.6
HnLS,3,0,3,1.0
HnLb,2,2,4,0.5
HnLl,2,2,4,0.5
HnLm,1,2,3,0.33
HnLn,1,2,3,0.33
HnLs,0,1,1,0.0
HnMB,5,2,7,0.71
HnML,1,0,1,1.0
HnMM,10,11,21,0.48
HnMN,11,4,15,0.73
HnMP,8,10,18,0.44
HnMS,3,4,7,0.43
HnMb,5,5,10,0.5
HnMh,6,9,15,0.4
HnMj,1,2,3,0.33
HnMl,2,4,6,0.33
HnMm,9,2,11,0.82
HnMn,12,6,18,0.67
HnMs,4,2,6,0.67
HnMt,1,2,3,0.33
HnNB,4,7,11,0.36
HnND,1,0,1,1.0
HnNH,1,2,3,0.33
HnNK,1,0,1,1.0
HnNL,0,4,4,0.0
HnNM,7,4,11,0.64
HnNN,9,4,13,0.69
HnNP,22,7,29,0.76
HnNS,4,3,7,0.57
HnNb,2,7,9,0.22
HnNh,1,3,4,0.25
HnNl,1,1,2,0.5
HnNm,9,7,16,0.56
HnNn,9,13,22,0.41
HnNs,4,5,9,0.44
HnNt,1,1,2,0.5
HnPB,3,4,7,0.43
HnPD,0,3,3,0.0
HnPH,2,4,6,0.33
HnPK,3,1,4,0.75
HnPL,4,4,8,0.5
HnPM,7,8,15,0.47
HnPN,12,10,22,0.55
HnPP,12,12,24,0.5
HnPS,8,9,17,0.47
HnPb,13,7,20,0.65
HnPh,0,1,1,0.0
HnPl,9,5,14,0.64
HnPm,3,8,11,0.27
HnPn,5,11,16,0.31
HnPs,6,12,18,0.33
HnPt,0,1,1,0.0
HnSB,3,3,6,0.5
HnSD,1,1,2,0.5
HnSH,4,0,4,1.0
HnSK,0,1,1,0.0
HnSL,1,4,5,0.2
HnSM,5,2,7,0.71
HnSN,4,2,6,0.67
HnSP,4,12,16,0.25
HnSS,3,3,6,0.5
HnSb,2,4,6,0.33
HnSh,4,5,9,0.44
HnSl,0,1,1,0.0
HnSm,9,0,9,1.0
HnSn,6,3,9,0.67
HnSs,2,4,6,0.33
HnSt,1,0,1,1.0
HnbB,1,6,7,0.14
HnbH,1,1,2,0.5
HnbJ,5,0,5,1.0
HnbK,1,2,3,0.33
HnbL,2,1,3,0.67
HnbM,10,6,16,0.62
HnbN,5,7,12,0.42
HnbP,12,7,19,0.63
HnbS,6,2,8,0.75
Hnbb,1,2,3,0.33
Hnbl,2,4,6,0.33
Hnbm,8,1,9,0.89
Hnbn,4,8,12,0.33
Hnbs,3,2,5,0.6
HnhB,0,1,1,0.0
HnhH,0,1,1,0.0
HnhP,1,1,2,0.5
HnhS,0,1,1,0.0
Hnhl,0,1,1,0.0
Hnhm,1,0,1,1.0
Hnhn,0,0,0,
HnlB,1,1,2,0.5
HnlH,5,2,7,0.71
HnlJ,0,1,1,0.0
HnlL,1,0,1,1.0
HnlM,1,1,2,0.5
HnlN,1,3,4,0.25
HnlP,0,4,4,0.0
HnlS,1,5,6,0.17
Hnlb,4,0,4,1.0
Hnll,1,5,6,0.17
Hnlm,2,1,3,0.67
Hnln,3,1,4,0.75
Hnls,2,2,4,0.5
HnmB,4,3,7,0.57
HnmH,4,1,5,0.8
HnmI,0,1,1,0.0
HnmJ,0,0,0,
HnmL,2,1,3,0.67
HnmM,1,2,3,0.33
HnmN,3,5,8,0.38
HnmP,3,4,7,0.43
HnmS,0,1,1,0.0
Hnmb,5,3,8,0.62
Hnml,1,3,4,0.25
Hnmm,2,5,7,0.29
Hnmn,4,4,8,0.5
Hnms,2,4,6,0.33
HnnB,2,5,7,0.29
HnnH,2,4,6,0.33
HnnK,0,2,2,0.0
HnnL,0,3,3,0.0
HnnM,2,6,8,0.25
HnnN,7,9,16,0.44
HnnP,19,10,29,0.66
HnnS,4,6,10,0.4
Hnnb,6,8,14,0.43
Hnnh,0,1,1,0.0
Hnnl,3,2,5,0.6
Hnnm,2,2,4,0.5
Hnnn,7,4,11,0.64
Hnns,6,4,10,0.6
HnsB,0,3,3,0.0
HnsH,8,0,8,1.0
HnsL,1,2,3,0.33
HnsM,2,3,5,0.4
HnsN,1,7,8,0.12
HnsP,6,5,11,0.55
HnsS,3,2,5,0.6
Hnsb,6,4,10,0.6
Hnsh,0,1,1,0.0
Hnsl,0,2,2,0.0
Hnsm,1,0,1,1.0
Hnsn,7,5,12,0.58
Hnss,3,4,7,0.43
HsBB,3,2,5,0.6
HsBL,1,0,1,1.0
HsBM,1,3,4,0.25
HsBN,3,2,5,0.6
HsBP,0,3,3,0.0
HsBS,1,0,1,1.0
HsBb,0,2,2,0.0
HsBh,0,1,1,0.0
HsBj,0,1,1,0.0
HsBm,1,1,2,0.5
HsBn,2,2,4,0.5
HsBs,2,0,2,1.0
HsDH,1,0,1,1.0
HsDK,0,1,1,0.0
HsDN,2,0,2,1.0
HsDS,1,0,1,1.0
HsDm,1,0,1,1.0
HsDn,1,0,1,1.0
HsHB,1,0,1,1.0
HsHH,1,1,2,0.5
HsHK,1,1,2,0.5
HsHL,0,0,0,
HsHM,1,7,8,0.12
HsHN,2,1,3,0.67
HsHP,4,4,8,0.5
HsHS,4,5,9,0.44
HsHb,2,7,9,0.22
HsHh,2,2,4,0.5
HsHl,2,1,3,0.67
HsHm,1,0,1,1.0
HsHn,6,3,9,0.67
HsHs,5,3,8,0.62
HsHt,0,0,0,
HsIH,1,0,1,1.0
HsIN,0,1,1,0.0
HsIs,0,2,2,0.0
HsKL,1,0,1,1.0
HsLB,1,0,1,1.0
HsLK,0,1,1,0.0
HsLL,1,1,2,0.5
HsLM,0,1,1,0.0
HsLN,3,0,3,1.0
HsLP,2,3,5,0.4
HsLS,2,2,4,0.5
HsLb,1,1,2,0.5
HsLh,0,1,1,0.0
HsLl,1,0,1,1.0
HsLn,2,3,5,0.4
HsLs,0,1,1,0.0
HsMB,1,2,3,0.33
HsML,1,1,2,0.5
HsMM,6,6,12,0.5
HsMN,2,3,5,0.4
HsMP,5,5,10,0.5
HsMS,0,4,4,0.0
HsMb,3,2,5,0.6
HsMh,4,2,6,0.67
HsMj,1,2,3,0.33
HsMl,0,0,0,
HsMm,3,2,5,0.6
HsMn,5,5,10,0.5
HsMs,4,1,5,0.8
HsMt,0,2,2,0.0
HsNB,2,3,5,0.4
HsNH,1,1,2,0.5
HsNK,1,0,1,1.0
HsNL,1,0,1,1.0
HsNM,2,4,6,0.33
HsNN,2,2,4,0.5
HsNP,7,4,11,0.64
HsNS,2,2,4,0.5
HsNb,4,2,6,0.67
HsNh,0,0,0,
HsNl,0,1,1,0.0
HsNm,4,3,7,0.57
HsNn,3,6,9,0.33
HsNs,6,4,10,0.6
HsNt,0,1,1,0.0
HsPB,5,8,13,0.38
HsPD,2,0,2,1.0
HsPH,0,2,2,0.0
HsPL,3,1,4,0.75
HsPM,3,5,8,0.38
HsPN,6,5,11,0.55
HsPP,6,7,13,0.46
HsPS,4,5,9,0.44
HsPb,4,2,6,0.67
HsPh,1,0,1,1.0
HsPl,2,2,4,0.5
HsPm,4,2,6,0.67
HsPn,6,2,8,0.75
HsPs,8,6,14,0.57
HsPt,1,0,1,1.0
HsSB,1,4,5,0.2
HsSH,1,1,2,0.5
HsSK,1,0,1,1.0
HsSL,3,1,4,0.75
HsSM,2,6,8,0.25
HsSN,3,3,6,0.5
HsSP,4,5,9,0.44
HsSS,4,1,5,0.8
HsSb,3,1,4,0.75
HsSh,3,2,5,0.6
HsSl,1,1,2,0.5
HsSm,2,2,4,0.5
HsSn,7,6,13,0.54
HsSs,2,2,4,0.5
HsSt,1,0,1,1.0
HsbB,2,1,3,0.67
HsbH,3,2,5,0.6
HsbL,1,1,2,0.5
HsbM,2,2,4,0.5
HsbN,3,1,4,0.75
HsbP,7,4,11,0.64
HsbS,1,1,2,0.5
Hsbb,4,6,10,0.4
Hsbl,1,4,5,0.2
Hsbm,4,1,5,0.8
Hsbn,4,3,7,0.57
Hsbs,1,4,5,0.2
HshH,1,0,1,1.0
HshL,0,1,1,0.0
HshP,0,1,1,0.0
HshS,0,1,1,0.0
Hshl,0,1,1,0.0
Hshn,1,0,1,1.0
Hshs,0,1,1,0.0
HslB,1,2,3,0.33
HslH,1,1,2,0.5
HslL,1,1,2,0.5
HslM,1,2,3,0.33
HslN,2,2,4,0.5
HslP,2,5,7,0.29
HslS,0,0,0,
Hslb,3,2,5,0.6
Hsll,0,3,3,0.0
Hslm,3,2,5,0.6
Hsln,1,1,2,0.5
Hsls,1,0,1,1.0
HsmB,0,3,3,0.0
HsmD,1,0,1,1.0
HsmH,1,2,3,0.33
HsmK,0,1,1,0.0
HsmL,4,1,5,0.8
HsmM,4,3,7,0.57
HsmN,2,0,2,1.0
HsmP,5,3,8,0.62
HsmS,0,2,2,0.0
Hsmb,2,0,2,1.0
Hsml,0,1,1,0.0
Hsmm,4,3,7,0.57
Hsmn,1,1,2,0.5
Hsms,0,1,1,0.0
HsnB,3,2,5,0.6
HsnD,1,0,1,1.0
HsnH,1,2,3,0.33
HsnI,1,0,1,1.0
HsnL,1,2,3,0.33
HsnM,3,5,8,0.38
HsnN,6,2,8,0.75
HsnP,6,2,8,0.75
HsnS,3,2,5,0.6
Hsnb,2,4,6,0.33
Hsnl,2,0,2,1.0
Hsnm,2,4,6,0.33
Hsnn,4,1,5,0.8
Hsns,3,2,5,0.6
HssB,0,2,2,0.0
HssD,1,1,2,0.5
HssH,2,4,6,0.33
HssI,0,1,1,0.0
HssL,0,1,1,0.0
HssM,3,1,4,0.75
HssN,2,3,5,0.4
HssP,4,4,8,0.5
HssS,3,4,7,0.43
Hssb,3,4,7,0.43
Hssh,1,0,1,1.0
Hssl,1,0,1,1.0
Hssm,1,2,3,0.33
Hssn,1,2,3,0.33
Hsss,4,3,7,0.57
HtBb,1,0,1,1.0
HtHH,0,0,0,
HtHP,1,0,1,1.0
HtLB,0,1,1,0.0
HtLP,0,1,1,0.0
HtLh,0,1,1,0.0
HtMB,1,0,1,1.0
HtMM,1,0,1,1.0
HtMN,0,0,0,
HtMm,1,0,1,1.0
HtMn,1,0,1,1.0
HtNB,1,0,1,1.0
HtNM,1,1,2,0.5
HtNP,1,0,1,1.0
HtNS,1,0,1,1.0
HtNh,0,0,0,
HtNl,0,1,1,0.0
HtNn,0,1,1,0.0
HtPM,1,0,1,1.0
HtPN,2,1,3,0.67
HtPP,1,1,2,0.5
HtPS,0,2,2,0.0
HtPl,1,1,2,0.5
HtSP,0,1,1,0.0
HtSm,0,1,1,0.0
HtbL,1,0,1,1.0
HtbS,2,0,2,1.0
Htbb,2,1,3,0.67
HtlM,0,0,0,
HtmH,0,1,1,0.0
HtmM,1,1,2,0.5
Htmb,1,0,1,1.0
HtnM,1,0,1,1.0
HtnP,0,1,1,0.0
Htnb,1,1,2,0.5
Htnm,1,0,1,1.0
HtsH,0,1,1,0.0
HtsP,0,1,1,0.0
Htss,1,0,1,1.0
HttS,0,1,1,0.0
IBBB,2,0,2,1.0
IBBD,0,1,1,0.0
IBBN,0,0,0,
IBBP,0,1,1,0.0
IBBn,1,0,1,1.0
IBBs,1,0,1,1.0
IBKB,0,1,1,0.0
IBLl,0,1,1,0.0
IBLn,1,0,1,1.0
IBLt,1,0,1,1.0
IBMM,0,2,2,0.0
IBMP,2,0,2,1.0
IBMS,2,1,3,0.67
IBMl,0,1,1,0.0
IBMm,1,1,2,0.5
IBMn,0,1,1,0.0
IBNL,0,1,1,0.0
IBNM,1,0,1,1.0
IBNN,0,0,0,
IBNP,1,1,2,0.5
IBNb,1,0,1,1.0
IBNh,1,1,2,0.5
IBNl,0,0,0,
IBNm,1,0,1,1.0
IBNs,1,0,1,1.0
IBNt,1,0,1,1.0
IBPB,2,0,2,1.0
IBPM,0,2,2,0.0
IBPN,0,1,1,0.0
IBPP,0,1,1,0.0
IBPS,0,1,1,0.0
IBPb,0,0,0,
IBPh,0,0,0,
IBPl,2,0,2,1.0
IBPm,1,0,1,1.0
IBPn,2,1,3,0.67
IBPs,1,0,1,1.0
IBSB,0,1,1,0.0
IBSL,0,0,0,
IBSM,0,1,1,0.0
IBSb,1,0,1,1.0
IBSh,1,0,1,1.0
IBbB,1,0,1,1.0
IBbM,0,1,1,0.0
IBbS,0,0,0,
IBbm,1,0,1,1.0
IBbs,1,0,1,1.0
IBhl,1,0,1,1.0
IBhm,0,1,1,0.0
IBhs,0,1,1,0.0
IBjP,1,1,2,0.5
IBjS,0,1,1,0.0
IBlB,0,0,0,
IBlN,0,0,0,
IBlP,2,0,2,1.0
IBlb,1,0,1,1.0
IBlm,0,1,1,0.0
IBmJ,1,0,1,1.0
IBmM,0,1,1,0.0
IBmN,2,0,2,1.0
IBmP,0,1,1,0.0
IBmS,0,1,1,0.0
IBmb,0,1,1,0.0
IBmm,1,1,2,0.5
IBms,1,0,1,1.0
IBnB,1,0,1,1.0
IBnM,1,1,2,0.5
IBnN,2,0,2,1.0
IBnP,0,4,4,0.0
IBnn,2,0,2,1.0
IBns,0,1,1,0.0
IBnt,0,1,1,0.0
IBsH,1,0,1,1.0
IBsN,1,0,1,1.0
IBsP,0,2,2,0.0
IBsb,0,1,1,0.0
IBsm,1,1,2,0.5
IBtB,0,1,1,0.0
IBtL,0,1,1,0.0
IDBM,0,1,1,0.0
IDBN,0,1,1,0.0
IDMM,0,1,1,0.0
IDNB,0,1,1,0.0
IDPb,0,1,1,0.0
IDSb,0,1,1,0.0
IDbn,1,0,1,1.0
IDbs,1,0,1,1.0
IDlH,1,0,1,1.0
IDlM,1,0,1,1.0
IDlb,0,0,0,
IDnS,1,0,1,1.0
IDsH,0,1,1,0.0
IHBN,0,2,2,0.0
IHBP,0,1,1,0.0
IHBb,1,0,1,1.0
IHBn,1,0,1,1.0
IHBt,0,1,1,0.0
IHHb,0,0,0,
IHIP,2,0,2,1.0
IHKP,1,0,1,1.0
IHLP,1,0,1,1.0
IHLb,0,0,0,
IHLs,0,0,0,
IHMM,0,0,0,
IHMh,2,0,2,1.0
IHMn,0,3,3,0.0
IHNS,1,0,1,1.0
IHNh,0,1,1,0.0
IHNm,1,0,1,1.0
IHNn,1,0,1,1.0
IHNs,2,1,3,0.67
IHNt,1,0,1,1.0
IHPH,0,0,0,
IHPL,0,1,1,0.0
IHPM,0,0,0,
IHPN,2,0,2,1.0
IHPP,2,1,3,0.67
IHPb,1,1,2,0.5
IHPl,1,0,1,1.0
IHPn,0,1,1,0.0
IHPs,2,1,3,0.67
IHSS,1,0,1,1.0
IHSh,1,0,1,1.0
IHSl,1,0,1,1.0
IHSm,0,1,1,0.0
IHSs,0,1,1,0.0
IHbD,1,0,1,1.0
IHbL,0,1,1,0.0
IHbN,0,1,1,0.0
IHbP,1,2,3,0.33
IHbb,2,1,3,0.67
IHbl,1,0,1,1.0
IHbn,1,0,1,1.0
IHhH,0,1,1,0.0
IHhP,2,2,4,0.5
IHhS,0,0,0,
IHhh,0,1,1,0.0
IHhn,0,1,1,0.0
IHlM,1,1,2,0.5
IHlN,0,1,1,0.0
IHls,0,1,1,0.0
IHmB,0,1,1,0.0
IHmH,0,2,2,0.0
IHmM,2,1,3,0.67
IHmN,0,0,0,
IHmb,0,2,2,0.0
IHmm,0,1,1,0.0
IHnB,0,1,1,0.0
IHnL,0,1,1,0.0
IHnM,2,1,3,0.67
IHnP,0,1,1,0.0
IHnl,0,1,1,0.0
IHnn,1,1,2,0.5
IHsI,0,1,1,0.0
IHsM,0,0,0,
IHsN,0,0,0,
IHsS,1,1,2,0.5
IHtL,1,0,1,1.0
IIBP,1,0,1,1.0
IIBb,0,1,1,0.0
IIHL,0,0,0,
IINN,1,0,1,1.0
IINP,0,1,1,0.0
IINS,1,0,1,1.0
IINb,1,0,1,1.0
IIlS,0,0,0,
IInm,1,0,1,1.0
IIsB,0,1,1,0.0
IIsb,1,0,1,1.0
IKLt,1,0,1,1.0
IKMB,1,0,1,1.0
IKML,0,1,1,0.0
IKhP,1,0,1,1.0
IKnL,1,0,1,1.0
ILBL,0,1,1,0.0
ILBM,1,0,1,1.0
ILBP,0,1,1,0.0
ILBb,1,0,1,1.0
ILBm,0,1,1,0.0
ILDH,0,0,0,
ILKM,0,1,1,0.0
ILKb,0,0,0,
ILKh,1,0,1,1.0
ILLB,1,0,1,1.0
ILLM,0,1,1,0.0
ILLm,0,1,1,0.0
ILLn,1,0,1,1.0
ILLs,0,1,1,0.0
ILMD,1,0,1,1.0
ILMM,1,0,1,1.0
ILMP,1,0,1,1.0
ILMj,0,0,0,
ILMn,1,1,2,0.5
ILNB,1,0,1,1.0
ILNN,0,1,1,0.0
ILNP,3,1,4,0.75
ILNh,1,0,1,1.0
ILNl,1,0,1,1.0
ILPL,0,1,1,0.0
ILPM,1,1,2,0.5
ILPb,0,0,0,
ILPm,1,1,2,0.5
ILPn,0,0,0,
ILSM,1,0,1,1.0
ILSm,0,0,0,
ILSs,1,1,2,0.5
ILbB,1,0,1,1.0
ILbH,0,1,1,0.0
ILbM,2,1,3,0.67
ILbm,1,0,1,1.0
ILbn,1,0,1,1.0
ILhM,0,0,0,
ILhh,1,0,1,1.0
ILjm,1,0,1,1.0
ILlN,1,0,1,1.0
ILlP,1,0,1,1.0
ILlb,0,2,2,0.0
ILln,0,1,1,0.0
ILmB,0,1,1,0.0
ILmH,0,0,0,
ILmP,1,0,1,1.0
ILml,0,0,0,
ILmn,1,0,1,1.0
ILnP,0,1,1,0.0
ILnb,0,1,1,0.0
ILnm,1,0,1,1.0
ILnn,0,0,0,
ILns,0,1,1,0.0
ILsN,1,1,2,0.5
ILsP,1,0,1,1.0
ILsm,1,1,2,0.5
ILtb,0,1,1,0.0
IMBN,0,2,2,0.0
IMBP,0,0,0,
IMBS,1,0,1,1.0
IMBl,0,1,1,0.0
IMBm,1,0,1,1.0
IMBn,0,1,1,0.0
IMDP,0,1,1,0.0
IMKh,0,1,1,0.0
IMLN,1,0,1,1.0
IMLP,1,0,1,1.0
IMLm,1,0,1,1.0
IMLs,0,1,1,0.0
IMMB,1,0,1,1.0
IMMM,1,0,1,1.0
IMMP,1,0,1,1.0
IMMh,0,1,1,0.0
IMMm,1,0,1,1.0
IMMn,0,1,1,0.0
IMNB,2,1,3,0.67
IMNM,1,1,2,0.5
IMNN,1,0,1,1.0
IMNS,1,0,1,1.0
IMNb,0,1,1,0.0
IMNm,0,1,1,0.0
IMNn,1,1,2,0.5
IMNs,2,1,3,0.67
IMPB,0,1,1,0.0
IMPH,0,1,1,0.0
IMPL,2,0,2,1.0
IMPM,1,0,1,1.0
IMPN,2,1,3,0.67
IMPP,0,1,1,0.0
IMPS,1,2,3,0.33
IMPb,0,1,1,0.0
IMSB,0,2,2,0.0
IMSH,1,1,2,0.5
IMSM,0,1,1,0.0
IMSN,1,0,1,1.0
IMSP,1,0,1,1.0
IMSb,1,0,1,1.0
IMSn,1,1,2,0.5
IMbM,0,1,1,0.0
IMbN,1,0,1,1.0
IMbP,1,1,2,0.5
IMbS,0,0,0,
IMbb,1,0,1,1.0
IMbm,1,0,1,1.0
IMbn,3,1,4,0.75
IMbs,2,0,2,1.0
IMhB,0,2,2,0.0
IMhH,0,1,1,0.0
IMhM,1,1,2,0.5
IMhN,2,1,3,0.67
IMhP,2,1,3,0.67
IMhS,0,1,1,0.0
IMhb,0,0,0,
IMhh,0,2,2,0.0
IMhl,0,1,1,0.0
IMhm,0,0,0,
IMhn,1,0,1,1.0
IMhs,1,0,1,1.0
IMjP,1,1,2,0.5
IMjb,1,0,1,1.0
IMjn,1,0,1,1.0
IMlH,1,1,2,0.5
IMlI,1,0,1,1.0
IMlN,2,2,4,0.5
IMlP,0,0,0,
IMlb,0,1,1,0.0
IMll,0,0,0,
IMmB,1,1,2,0.5
IMmH,1,0,1,1.0
IMmJ,1,0,1,1.0
IMmL,1,0,1,1.0
IMmM,1,0,1,1.0
IMmN,1,1,2,0.5
IMmP,0,0,0,
IMml,0,1,1,0.0
IMmm,1,1,2,0.5
IMmn,0,1,1,0.0
IMnB,0,4,4,0.0
IMnM,0,1,1,0.0
IMnN,0,2,2,0.0
IMnP,3,0,3,1.0
IMnS,2,0,2,1.0
IMnb,1,1,2,0.5
IMnh,0,1,1,0.0
IMnl,0,0,0,
IMnm,1,0,1,1.0
IMnn,3,0,3,1.0
IMns,1,1,2,0.5
IMsB,0,1,1,0.0
IMsH,1,1,2,0.5
IMsM,0,1,1,0.0
IMsS,1,2,3,0.33
IMsb,1,0,1,1.0
IMsm,1,1,2,0.5
IMsn,0,1,1,0.0
IMtB,1,0,1,1.0
IMtN,1,0,1,1.0
IMtb,1,0,1,1.0
IMtn,0,2,2,0.0
INBB,1,1,2,0.5
INBP,0,1,1,0.0
INBh,1,0,1,1.0
INBm,1,0,1,1.0
INBs,0,1,1,0.0
INDH,1,0,1,1.0
INHB,0,1,1,0.0
INHM,0,1,1,0.0
INHb,0,1,1,0.0
INHs,0,0,0,
INKD,1,0,1,1.0
INKm,2,0,2,1.0
INKn,0,1,1,0.0
INLB,0,1,1,0.0
INLh,1,0,1,1.0
INLm,1,0,1,1.0
INLn,1,0,1,1.0
INLs,1,0,1,1.0
INMM,0,2,2,0.0
INMN,0,1,1,0.0
INMP,0,2,2,0.0
INMS,1,2,3,0.33
INMb,1,0,1,1.0
INMm,0,0,0,
INMn,1,0,1,1.0
INNB,0,1,1,0.0
INNL,1,0,1,1.0
INNM,2,0,2,1.0
INNN,0,0,0,
INNP,2,0,2,1.0
INNS,1,1,2,0.5
INNm,1,0,1,1.0
INNn,1,2,3,0.33
INPH,1,0,1,1.0
INPL,1,1,2,0.5
INPM,0,1,1,0.0
INPN,1,1,2,0.5
INPP,0,1,1,0.0
INPS,0,1,1,0.0
INPb,2,0,2,1.0
INPl,2,0,2,1.0
INPm,1,0,1,1.0
INPs,0,1,1,0.0
INSH,2,0,2,1.0
INSL,0,1,1,0.0
INSM,1,2,3,0.33
INSN,0,1,1,0.0
INSP,0,2,2,0.0
INSS,0,1,1,0.0
INSh,0,1,1,0.0
INSm,0,2,2,0.0
INSn,1,1,2,0.5
INSs,1,1,2,0.5
INbB,0,1,1,0.0
INbI,0,0,0,
INbL,1,0,1,1.0
INbM,1,1,2,0.5
INbP,0,1,1,0.0
INbS,0,1,1,0.0
INbb,0,0,0,
INbl,0,1,1,0.0
INbm,1,0,1,1.0
INbn,0,1,1,0.0
INbs,2,0,2,1.0
INhM,1,1,2,0.5
INhN,1,0,1,1.0
INhh,0,1,1,0.0
INlH,0,0,0,
INlI,1,0,1,1.0
INlK,1,0,1,1.0
INlM,0,1,1,0.0
INlN,1,0,1,1.0
INlP,0,2,2,0.0
INlS,1,2,3,0.33
INmB,1,0,1,1.0
INmJ,1,0,1,1.0
INmL,0,0,0,
INmN,0,2,2,0.0
INmP,3,0,3,1.0
INmb,0,1,1,0.0
INmn,0,1,1,0.0
INnI,1,0,1,1.0
INnM,0,0,0,
INnN,3,0,3,1.0
INnP,0,1,1,0.0
INnS,0,1,1,0.0
INnb,1,1,2,0.5
INnl,1,1,2,0.5
INnm,0,1,1,0.0
INnn,0,1,1,0.0
INsB,0,1,1,0.0
INsD,1,1,2,0.5
INsH,1,0,1,1.0
INsM,1,0,1,1.0
INsN,1,1,2,0.5
INsS,0,1,1,0.0
INsn,0,1,1,0.0
INss,1,1,2,0.5
INtP,1,0,1,1.0
INtS,0,1,1,0.0
INts,0,1,1,0.0
IPBB,2,0,2,1.0
IPBM,1,3,4,0.25
IPBP,0,1,1,0.0
IPBb,1,1,2,0.5
IPBl,1,1,2,0.5
IPBm,1,1,2,0.5
IPBn,0,1,1,0.0
IPDP,0,1,1,0.0
IPHB,1,0,1,1.0
IPHK,0,1,1,0.0
IPHN,1,0,1,1.0
IPHS,0,1,1,0.0
IPHb,0,0,0,
IPHs,1,1,2,0.5
IPIb,0,1,1,0.0
IPKM,1,0,1,1.0
IPKs,1,0,1,1.0
IPLM,0,1,1,0.0
IPLN,3,0,3,1.0
IPLP,1,0,1,1.0
IPLS,1,0,1,1.0
IPLj,1,0,1,1.0
IPLm,0,3,3,0.0
IPLn,1,2,3,0.33
IPMB,2,0,2,1.0
IPMM,0,1,1,0.0
IPMN,1,2,3,0.33
IPMP,0,2,2,0.0
IPMS,1,0,1,1.0
IPMb,2,2,4,0.5
IPMh,0,1,1,0.0
IPMj,0,1,1,0.0
IPMl,3,0,3,1.0
IPMm,0,2,2,0.0
IPMn,0,2,2,0.0
IPMs,1,0,1,1.0
IPMt,1,0,1,1.0
IPNB,1,1,2,0.5
IPNH,1,0,1,1.0
IPNL,0,0,0,
IPNM,2,1,3,0.67
IPNN,2,0,2,1.0
IPNP,1,2,3,0.33
IPNS,1,0,1,1.0
IPNb,0,1,1,0.0
IPNh,0,1,1,0.0
IPNl,0,0,0,
IPNn,1,1,2,0.5
IPNt,1,0,1,1.0
IPPB,1,2,3,0.33
IPPH,0,1,1,0.0
IPPL,0,2,2,0.0
IPPM,1,3,4,0.25
IPPN,1,2,3,0.33
IPPP,3,1,4,0.75
IPPS,2,1,3,0.67
IPPb,3,1,4,0.75
IPPl,0,2,2,0.0
IPPm,2,2,4,0.5
IPPn,0,1,1,0.0
IPPs,1,2,3,0.33
IPSB,1,0,1,1.0
IPSL,1,0,1,1.0
IPSM,1,0,1,1.0
IPSP,0,2,2,0.0
IPSS,1,0,1,1.0
IPSb,1,0,1,1.0
IPSh,1,0,1,1.0
IPSm,1,1,2,0.5
IPSn,1,0,1,1.0
IPSs,1,0,1,1.0
IPbB,1,2,3,0.33
IPbI,1,0,1,1.0
IPbK,0,1,1,0.0
IPbL,0,1,1,0.0
IPbM,0,2,2,0.0
IPbN,2,1,3,0.67
IPbP,3,2,5,0.6
IPbb,1,1,2,0.5
IPbl,2,1,3,0.67
IPbm,2,0,2,1.0
IPbn,1,1,2,0.5
IPbs,1,1,2,0.5
IPhB,1,0,1,1.0
IPhH,0,1,1,0.0
IPhL,0,1,1,0.0
IPhS,1,0,1,1.0
IPhm,1,0,1,1.0
IPlB,1,1,2,0.5
IPlH,1,0,1,1.0
IPlN,1,1,2,0.5
IPlP,0,0,0,
IPlS,1,0,1,1.0
IPlb,1,2,3,0.33
IPll,0,2,2,0.0
IPln,1,0,1,1.0
IPmB,1,0,1,1.0
IPmH,0,1,1,0.0
IPmL,0,1,1,0.0
IPmM,0,1,1,0.0
IPmN,0,1,1,0.0
IPmP,2,0,2,1.0
IPmS,2,1,3,0.67
IPmb,0,1,1,0.0
IPmm,0,1,1,0.0
IPmn,0,1,1,0.0
IPnK,0,1,1,0.0
IPnL,0,1,1,0.0
IPnM,1,0,1,1.0
IPnN,1,0,1,1.0
IPnP,2,3,5,0.4
IPnS,0,1,1,0.0
IPnb,2,0,2,1.0
IPnl,0,1,1,0.0
IPnn,1,0,1,1.0
IPns,1,1,2,0.5
IPsH,0,0,0,
IPsM,0,0,0,
IPsN,1,2,3,0.33
IPsP,1,0,1,1.0
IPsS,1,1,2,0.5
IPsb,1,1,2,0.5
IPsm,2,0,2,1.0
IPss,1,2,3,0.33
IPtP,0,1,1,0.0
IPtb,0,0,0,
IPtm,1,0,1,1.0
IPtt,0,1,1,0.0
ISBB,0,0,0,
ISBL,0,1,1,0.0
ISBb,1,1,2,0.5
ISBj,0,1,1,0.0
ISHB,0,1,1,0.0
ISHM,1,0,1,1.0
ISHN,0,1,1,0.0
ISHP,1,0,1,1.0
ISHS,0,1,1,0.0
ISHb,2,0,2,1.0
ISLB,1,1,2,0.5
ISLL,0,1,1,0.0
ISLN,0,1,1,0.0
ISLm,1,1,2,0.5
ISLn,0,1,1,0.0
ISML,1,0,1,1.0
ISMN,1,0,1,1.0
ISMP,1,0,1,1.0
ISMb,1,0,1,1.0
ISMl,1,0,1,1.0
ISNM,1,0,1,1.0
ISNN,1,0,1,1.0
ISNP,0,1,1,0.0
ISNS,1,0,1,1.0
ISNh,1,0,1,1.0
ISNm,1,0,1,1.0
ISNn,0,0,0,
ISPB,1,0,1,1.0
ISPH,1,0,1,1.0
ISPM,0,1,1,0.0
ISPN,1,0,1,1.0
ISPb,0,0,0,
ISPl,0,1,1,0.0
ISSM,1,0,1,1.0
ISSS,1,2,3,0.33
ISSb,1,0,1,1.0
ISSh,1,2,3,0.33
ISSn,2,2,4,0.5
ISSs,0,1,1,0.0
ISbP,0,1,1,0.0
ISbb,0,1,1,0.0
ISbm,0,1,1,0.0
ISbn,0,1,1,0.0
ISbs,0,2,2,0.0
IShB,1,0,1,1.0
IShL,1,1,2,0.5
IShN,1,0,1,1.0
IShh,0,1,1,0.0
IShn,1,0,1,1.0
IShs,1,0,1,1.0
ISlL,0,0,0,
ISlN,1,0,1,1.0
ISlm,1,0,1,1.0
ISmH,0,1,1,0.0
ISmP,0,3,3,0.0
ISmS,0,2,2,0.0
ISmb,0,1,1,0.0
ISml,1,0,1,1.0
ISmn,1,1,2,0.5
ISms,1,0,1,1.0
ISnB,0,0,0,
ISnM,2,0,2,1.0
ISnN,0,1,1,0.0
ISnP,1,1,2,0.5
ISnb,0,1,1,0.0
ISnl,0,0,0,
ISnn,2,1,3,0.67
ISns,0,1,1,0.0
ISsM,1,0,1,1.0
ISsN,0,1,1,0.0
ISsS,0,1,1,0.0
ISsl,1,0,1,1.0
ISsm,1,0,1,1.0
ISsn,0,1,1,0.0
IStP,0,1,1,0.0
IStn,2,0,2,1.0
IbBB,1,0,1,1.0
IbBL,0,1,1,0.0
IbBM,1,0,1,1.0
IbBN,1,0,1,1.0
IbBP,0,0,0,
IbBh,2,0,2,1.0
IbBj,1,1,2,0.5
IbBl,0,1,1,0.0
IbBm,0,1,1,0.0
IbBn,0,0,0,
IbHM,1,0,1,1.0
IbHb,0,1,1,0.0
IbHl,1,0,1,1.0
IbHn,1,0,1,1.0
IbHs,1,0,1,1.0
IbID,1,0,1,1.0
IbJM,1,0,1,1.0
IbJP,0,1,1,0.0
IbJb,1,0,1,1.0
IbJm,0,1,1,0.0
IbKL,0,1,1,0.0
IbKP,1,0,1,1.0
IbLS,1,1,2,0.5
IbLh,0,0,0,
IbLn,1,1,2,0.5
IbMN,0,1,1,0.0
IbMP,0,1,1,0.0
IbMb,0,1,1,0.0
IbMm,0,1,1,0.0
IbMn,1,2,3,0.33
IbMt,0,1,1,0.0
IbNB,1,2,3,0.33
IbNH,0,1,1,0.0
IbNN,0,2,2,0.0
IbNP,2,2,4,0.5
IbNb,1,1,2,0.5
IbNh,0,1,1,0.0
IbNn,1,0,1,1.0
IbNt,1,0,1,1.0
IbPB,2,0,2,1.0
IbPD,0,1,1,0.0
IbPL,0,0,0,
IbPM,2,1,3,0.67
IbPN,0,2,2,0.0
IbPP,1,3,4,0.25
IbPS,0,1,1,0.0
IbPb,1,1,2,0.5
IbPs,0,1,1,0.0
IbPt,0,1,1,0.0
IbSL,1,0,1,1.0
IbSM,1,0,1,1.0
IbSN,1,1,2,0.5
IbSP,1,1,2,0.5
IbSh,1,0,1,1.0
IbSl,0,0,0,
IbbB,1,0,1,1.0
IbbN,0,1,1,0.0
IbbP,2,1,3,0.67
IbbS,1,1,2,0.5
Ibbb,2,1,3,0.67
Ibbm,1,0,1,1.0
Ibbn,0,1,1,0.0
Ibbs,1,0,1,1.0
IblB,1,0,1,1.0
IblM,0,0,0,
IblN,0,1,1,0.0
Iblb,1,0,1,1.0
Iblm,0,0,0,
IbmB,0,1,1,0.0
IbmJ,0,0,0,
IbmL,0,0,0,
IbmS,1,0,1,1.0
Ibmb,2,0,2,1.0
Ibml,1,0,1,1.0
IbnL,0,2,2,0.0
IbnM,3,0,3,1.0
IbnN,0,3,3,0.0
IbnP,1,0,1,1.0
IbnS,1,1,2,0.5
Ibnb,0,2,2,0.0
Ibnm,2,0,2,1.0
Ibns,1,1,2,0.5
IbsB,0,1,1,0.0
IbsM,0,0,0,
IbsN,0,1,1,0.0
IbsS,1,0,1,1.0
Ibsh,1,0,1,1.0
Ibsl,0,0,0,
Ibsn,0,0,0,
IlBS,1,1,2,0.5
IlBb,1,0,1,1.0
IlBm,0,1,1,0.0
IlBn,2,0,2,1.0
IlBs,1,0,1,1.0
IlHI,0,1,1,0.0
IlHM,0,1,1,0.0
IlHP,0,1,1,0.0
IlIP,0,0,0,
IlJn,0,0,0,
IlLL,0,1,1,0.0
IlLm,1,0,1,1.0
IlMB,0,1,1,0.0
IlML,1,1,2,0.5
IlMM,0,2,2,0.0
IlMl,0,0,0,
IlMn,0,1,1,0.0
IlND,0,1,1,0.0
IlNN,0,1,1,0.0
IlNP,0,1,1,0.0
IlNb,2,1,3,0.67
IlNn,0,0,0,
IlPB,0,1,1,0.0
IlPL,1,0,1,1.0
IlPM,1,0,1,1.0
IlPN,0,2,2,0.0
IlPn,1,0,1,1.0
IlPt,0,0,0,
IlSN,0,1,1,0.0
IlSP,0,1,1,0.0
IlSh,0,1,1,0.0
IlSs,0,1,1,0.0
IlSt,0,1,1,0.0
IlbN,0,2,2,0.0
Ilbb,1,0,1,1.0
IllB,2,1,3,0.67
IlmB,1,0,1,1.0
IlmM,1,0,1,1.0
IlmP,0,1,1,0.0
Ilmb,2,0,2,1.0
Ilmm,0,0,0,
Ilmn,0,1,1,0.0
Ilnb,0,0,0,
IlsP,1,0,1,1.0
Ilss,1,1,2,0.5
ImBK,0,0,0,
ImBM,1,2,3,0.33
ImBN,1,0,1,1.0
ImBP,1,0,1,1.0
ImBl,0,1,1,0.0
ImBm,0,1,1,0.0
ImBn,0,0,0,
ImBs,1,0,1,1.0
ImBt,0,1,1,0.0
ImHD,1,0,1,1.0
ImHL,0,0,0,
ImHP,1,0,1,1.0
ImHh,1,0,1,1.0
ImHm,0,1,1,0.0
ImHn,2,0,2,1.0
ImIN,1,0,1,1.0
ImJm,0,0,0,
ImLM,0,1,1,0.0
ImLm,0,0,0,
ImMB,1,0,1,1.0
ImMM,1,0,1,1.0
ImMN,0,2,2,0.0
ImMP,1,2,3,0.33
ImMS,1,0,1,1.0
ImMb,1,1,2,0.5
ImMs,0,1,1,0.0
ImMt,1,0,1,1.0
ImNB,1,0,1,1.0
ImNN,0,1,1,0.0
ImNS,2,0,2,1.0
ImNb,0,2,2,0.0
ImNh,1,0,1,1.0
ImPL,0,1,1,0.0
ImPM,0,1,1,0.0
ImPN,0,1,1,0.0
ImPP,2,2,4,0.5
ImPS,1,0,1,1.0
ImPl,0,1,1,0.0
ImPm,1,1,2,0.5
ImSK,0,1,1,0.0
ImSM,1,0,1,1.0
ImSn,0,1,1,0.0
ImSs,0,1,1,0.0
ImbB,3,0,3,1.0
ImbH,1,0,1,1.0
ImbL,1,0,1,1.0
ImbM,0,1,1,0.0
ImbN,2,2,4,0.5
ImbP,1,0,1,1.0
ImbS,0,1,1,0.0
Imbb,1,0,1,1.0
Imbl,0,1,1,0.0
Imbm,0,1,1,0.0
Imbn,0,1,1,0.0
Imbs,0,1,1,0.0
Imln,0,1,1,0.0
ImmN,1,0,1,1.0
Immn,1,1,2,0.5
ImnH,1,0,1,1.0
ImnM,2,2,4,0.5
ImnN,2,0,2,1.0
ImnP,1,1,2,0.5
ImnS,1,0,1,1.0
Imnm,1,0,1,1.0
Imnn,1,0,1,1.0
Imns,1,0,1,1.0
ImsB,1,0,1,1.0
InBB,1,2,3,0.33
InBM,0,1,1,0.0
InBj,1,0,1,1.0
InBl,0,1,1,0.0
InBn,0,0,0,
InBt,1,0,1,1.0
InDM,0,1,1,0.0
InDN,0,1,1,0.0
InHL,0,1,1,0.0
InHN,2,0,2,1.0
InHS,0,0,0,
InHb,0,1,1,0.0
InHm,1,1,2,0.5
InHs,0,1,1,0.0
InIS,1,0,1,1.0
InKh,0,1,1,0.0
InLB,1,0,1,1.0
InLN,0,1,1,0.0
InLn,2,0,2,1.0
InLs,0,0,0,
InMB,0,1,1,0.0
InMM,3,2,5,0.6
InMN,0,1,1,0.0
InMS,0,2,2,0.0
InMh,1,0,1,1.0
InMl,0,0,0,
InMm,2,0,2,1.0
InMn,0,1,1,0.0
InMt,0,2,2,0.0
InNB,1,0,1,1.0
InNM,1,3,4,0.25
InNN,1,2,3,0.33
InNP,2,3,5,0.4
InNS,1,0,1,1.0
InNn,1,0,1,1.0
InNs,0,1,1,0.0
InNt,1,0,1,1.0
InPB,0,1,1,0.0
InPH,0,0,0,
InPL,1,0,1,1.0
InPM,2,2,4,0.5
InPN,1,0,1,1.0
InPP,2,0,2,1.0
InPS,0,1,1,0.0
InPb,0,2,2,0.0
InPs,1,0,1,1.0
InSB,2,0,2,1.0
InSH,0,1,1,0.0
InSN,0,2,2,0.0
InSP,1,1,2,0.5
InSS,2,1,3,0.67
InSb,2,0,2,1.0
InSh,1,0,1,1.0
InSl,0,1,1,0.0
InbB,0,1,1,0.0
InbL,0,1,1,0.0
InbM,0,2,2,0.0
InbN,1,2,3,0.33
InbP,0,2,2,0.0
InbS,0,1,1,0.0
Inbb,1,2,3,0.33
Inbm,0,2,2,0.0
Inbn,0,0,0,
Inhm,1,0,1,1.0
InlH,1,0,1,1.0
InlM,1,0,1,1.0
InlN,1,0,1,1.0
InlP,1,1,2,0.5
InlS,0,1,1,0.0
Inll,0,1,1,0.0
Inln,1,0,1,1.0
Inls,0,1,1,0.0
InmB,2,1,3,0.67
InmH,1,0,1,1.0
InmM,2,1,3,0.67
InmN,1,0,1,1.0
InmP,0,1,1,0.0
InmS,1,0,1,1.0
Inml,1,0,1,1.0
Inmn,1,1,2,0.5
Inms,0,1,1,0.0
InnM,1,1,2,0.5
InnP,1,1,2,0.5
Innl,1,0,1,1.0
Innn,1,0,1,1.0
Inns,0,1,1,0.0
InsH,1,0,1,1.0
InsM,1,1,2,0.5
InsP,0,2,2,0.0
Insb,2,0,2,1.0
IsBM,0,1,1,0.0
IsBN,0,1,1,0.0
IsBb,1,0,1,1.0
IsHB,0,1,1,0.0
IsHM,1,0,1,1.0
IsHb,0,1,1,0.0
IsHh,1,0,1,1.0
IsHn,1,0,1,1.0
IsLP,1,0,1,1.0
IsLn,1,1,2,0.5
IsMM,0,0,0,
IsMS,0,1,1,0.0
IsMh,1,0,1,1.0
IsMn,1,0,1,1.0
IsNM,0,1,1,0.0
IsNN,1,0,1,1.0
IsNm,2,0,2,1.0
IsNs,1,0,1,1.0
IsNt,0,1,1,0.0
IsPL,0,1,1,0.0
IsPN,0,1,1,0.0
IsPP,0,2,2,0.0
IsPn,1,0,1,1.0
IsPs,1,0,1,1.0
IsSB,1,0,1,1.0
IsSN,0,1,1,0.0
IsSb,0,1,1,0.0
IsSh,0,0,0,
IsSn,0,0,0,
IsSs,2,0,2,1.0
IsbB,2,0,2,1.0
IsbL,0,1,1,0.0
IsbM,1,0,1,1.0
Isbb,0,0,0,
IslJ,0,1,1,0.0
IslM,1,0,1,1.0
IslP,1,0,1,1.0
IsmM,2,0,2,1.0
IsmP,0,1,1,0.0
Ismn,0,0,0,
IsnM,0,0,0,
IsnP,1,1,2,0.5
Isns,0,1,1,0.0
IssH,0,1,1,0.0
IssK,0,0,0,
IssM,1,2,3,0.33
IssP,0,1,1,0.0
IssS,0,1,1,0.0
Issb,0,1,1,0.0
Issm,0,1,1,0.0
Issn,0,1,1,0.0
Isss,0,1,1,0.0
ItBb,0,1,1,0.0
ItPm,1,0,1,1.0
ItnP,0,1,1,0.0
JBBB,1,0,1,1.0
JBBL,0,1,1,0.0
JBBN,1,3,4,0.25
JBBP,1,0,1,1.0
JBBj,0,0,0,
JBBl,1,1,2,0.5
JBBm,0,2,2,0.0
JBBn,1,3,4,0.25
JBML,1,1,2,0.5
JBMP,1,0,1,1.0
JBMS,1,1,2,0.5
JBMb,0,2,2,0.0
JBMj,0,0,0,
JBMl,0,2,2,0.0
JBMm,1,0,1,1.0
JBMn,0,1,1,0.0
JBNB,1,0,1,1.0
JBNM,0,1,1,0.0
JBNN,1,1,2,0.5
JBNl,0,1,1,0.0
JBNm,1,0,1,1.0
JBNn,3,2,5,0.6
JBNs,0,1,1,0.0
JBPB,0,2,2,0.0
JBPM,1,0,1,1.0
JBPN,2,0,2,1.0
JBPS,1,0,1,1.0
JBPb,0,0,0,
JBPm,0,1,1,0.0
JBPn,1,2,3,0.33
JBSH,0,1,1,0.0
JBSN,0,1,1,0.0
JBSP,1,0,1,1.0
JBSb,0,1,1,0.0
JBSm,0,1,1,0.0
JBbB,1,0,1,1.0
JBbL,0,1,1,0.0
JBbM,0,1,1,0.0
JBbN,1,0,1,1.0
JBbP,2,2,4,0.5
JBbb,1,1,2,0.5
JBbn,1,0,1,1.0
JBhb,0,2,2,0.0
JBjP,0,0,0,
JBjb,1,0,1,1.0
JBlH,0,2,2,0.0
JBlM,0,1,1,0.0
JBlN,1,0,1,1.0
JBls,0,0,0,
JBmB,1,1,2,0.5
JBmJ,0,1,1,0.0
JBmN,1,0,1,1.0
JBmP,1,0,1,1.0
JBmS,0,1,1,0.0
JBml,1,0,1,1.0
JBnH,1,0,1,1.0
JBnK,0,1,1,0.0
JBnL,1,0,1,1.0
JBnN,1,2,3,0.33
JBnP,0,1,1,0.0
JBnS,0,2,2,0.0
JBnb,1,0,1,1.0
JBnl,0,1,1,0.0
JBnm,1,1,2,0.5
JBnn,0,1,1,0.0
JBsB,0,1,1,0.0
JBsM,1,0,1,1.0
JBsb,1,0,1,1.0
JBsl,0,0,0,
JBsm,1,0,1,1.0
JBsn,1,1,2,0.5
JDHh,1,0,1,1.0
JDMN,0,1,1,0.0
JDlH,0,1,1,0.0
JHBP,2,0,2,1.0
JHBs,1,1,2,0.5
JHBt,1,0,1,1.0
JHDP,1,0,1,1.0
JHDm,1,0,1,1.0
JHLM,0,2,2,0.0
JHMM,1,0,1,1.0
JHMN,1,0,1,1.0
JHMj,1,0,1,1.0
JHMn,1,0,1,1.0
JHNN,1,0,1,1.0
JHNP,0,1,1,0.0
JHNh,1,0,1,1.0
JHNm,1,0,1,1.0
JHNt,0,1,1,0.0
JHPB,0,1,1,0.0
JHPK,0,0,0,
JHPM,1,0,1,1.0
JHPN,2,0,2,1.0
JHPP,0,1,1,0.0
JHPn,1,0,1,1.0
JHPs,1,0,1,1.0
JHSS,1,0,1,1.0
JHSb,0,1,1,0.0
JHSs,0,1,1,0.0
JHbB,1,0,1,1.0
JHbH,0,0,0,
JHbK,0,1,1,0.0
JHbM,1,1,2,0.5
JHbN,1,2,3,0.33
JHbb,0,2,2,0.0
JHbm,1,1,2,0.5
JHhM,1,1,2,0.5
JHhP,0,2,2,0.0
JHlN,0,1,1,0.0
JHln,0,1,1,0.0
JHmB,1,0,1,1.0
JHms,0,1,1,0.0
JHnI,0,1,1,0.0
JHnL,0,1,1,0.0
JHnM,0,1,1,0.0
JHnb,1,1,2,0.5
JHnh,0,1,1,0.0
JHnm,0,2,2,0.0
JHns,0,0,0,
JHsB,0,1,1,0.0
JHsN,0,1,1,0.0
JHsP,1,0,1,1.0
JHsS,0,1,1,0.0
JHsm,0,1,1,0.0
JHss,1,0,1,1.0
JIBm,0,1,1,0.0
JILS,1,0,1,1.0
JIMh,0,1,1,0.0
JIPL,1,0,1,1.0
JIPM,0,1,1,0.0
JIPP,0,1,1,0.0
JIPb,0,1,1,0.0
JISL,0,1,1,0.0
JISh,1,0,1,1.0
JISm,0,1,1,0.0
JInb,1,0,1,1.0
JKBb,1,2,3,0.33
JKHm,0,1,1,0.0
JKMS,0,1,1,0.0
JKMl,1,0,1,1.0
JKMs,1,0,1,1.0
JKNl,1,0,1,1.0
JKPH,1,0,1,1.0
JKPS,0,1,1,0.0
JKPn,1,0,1,1.0
JKbM,0,1,1,0.0
JKbn,0,1,1,0.0
JKhS,0,0,0,
JKhl,0,1,1,0.0
JKmM,0,0,0,
JKml,1,0,1,1.0
JKnM,1,0,1,1.0
JKnm,1,0,1,1.0
JKsB,0,0,0,
JLBN,0,3,3,0.0
JLBm,0,0,0,
JLDN,1,0,1,1.0
JLLM,0,2,2,0.0
JLLN,1,0,1,1.0
JLLb,0,1,1,0.0
JLLh,0,1,1,0.0
JLLm,0,1,1,0.0
JLMM,1,0,1,1.0
JLMS,0,2,2,0.0
JLMb,0,1,1,0.0
JLMl,1,0,1,1.0
JLMm,0,1,1,0.0
JLMn,1,0,1,1.0
JLMs,0,1,1,0.0
JLMt,0,1,1,0.0
JLNL,0,1,1,0.0
JLNM,1,0,1,1.0
JLNN,1,1,2,0.5
JLNP,0,0,0,
JLNn,0,1,1,0.0
JLPB,0,1,1,0.0
JLPM,0,1,1,0.0
JLPN,1,0,1,1.0
JLPP,0,1,1,0.0
JLPl,1,0,1,1.0
JLPm,1,0,1,1.0
JLPs,1,1,2,0.5
JLSM,0,1,1,0.0
JLSP,1,0,1,1.0
JLSh,1,0,1,1.0
JLSl,0,1,1,0.0
JLSm,1,2,3,0.33
JLbB,0,0,0,
JLbD,1,0,1,1.0
JLbP,0,1,1,0.0
JLbn,0,1,1,0.0
JLbs,0,1,1,0.0
JLhS,0,1,1,0.0
JLhh,0,1,1,0.0
JLjB,1,0,1,1.0
JLlN,0,1,1,0.0
JLln,0,1,1,0.0
JLmN,0,1,1,0.0
JLmm,1,0,1,1.0
JLmn,0,1,1,0.0
JLms,1,0,1,1.0
JLnB,1,0,1,1.0
JLnH,0,0,0,
JLnN,0,1,1,0.0
JLnb,1,1,2,0.5
JLnn,0,0,0,
JLns,0,1,1,0.0
JLsH,1,0,1,1.0
JLsN,0,0,0,
JLsP,0,1,1,0.0
JLsn,1,0,1,1.0
JLtM,1,0,1,1.0
JLtP,0,1,1,0.0
JMBM,2,1,3,0.67
JMBP,0,2,2,0.0
JMBS,1,0,1,1.0
JMBl,1,1,2,0.5
JMBn,2,1,3,0.67
JMDS,1,0,1,1.0
JMDs,1,0,1,1.0
JMLL,1,0,1,1.0
JMLM,0,2,2,0.0
JMLP,1,1,2,0.5
JMLS,0,1,1,0.0
JMLl,0,1,1,0.0
JMLm,2,1,3,0.67
JMLn,0,1,1,0.0
JMLs,2,0,2,1.0
JMMB,2,0,2,1.0
JMML,0,0,0,
JMMM,0,4,4,0.0
JMMN,0,1,1,0.0
JMMP,1,2,3,0.33
JMMS,1,0,1,1.0
JMMl,1,0,1,1.0
JMMm,0,2,2,0.0
JMMn,1,0,1,1.0
JMNM,1,2,3,0.33
JMNN,2,1,3,0.67
JMNP,1,1,2,0.5
JMNS,1,0,1,1.0
JMNh,0,0,0,
JMNn,2,1,3,0.67
JMNt,1,0,1,1.0
JMPB,0,1,1,0.0
JMPK,0,1,1,0.0
JMPL,3,0,3,1.0
JMPM,3,1,4,0.75
JMPP,0,1,1,0.0
JMPS,0,2,2,0.0
JMPb,1,2,3,0.33
JMPl,1,1,2,0.5
JMPn,1,2,3,0.33
JMPs,0,0,0,
JMSB,0,1,1,0.0
JMSL,1,1,2,0.5
JMSM,0,1,1,0.0
JMSN,0,3,3,0.0
JMSP,2,2,4,0.5
JMSb,0,1,1,0.0
JMSh,1,1,2,0.5
JMSn,0,2,2,0.0
JMSs,0,0,0,
JMbB,1,0,1,1.0
JMbD,0,1,1,0.0
JMbI,0,0,0,
JMbK,0,0,0,
JMbM,1,2,3,0.33
JMbN,1,3,4,0.25
JMbP,1,1,2,0.5
JMbS,0,0,0,
JMbb,1,0,1,1.0
JMbl,0,1,1,0.0
JMbm,0,0,0,
JMbn,0,0,0,
JMbs,0,1,1,0.0
JMhB,0,1,1,0.0
JMhD,0,0,0,
JMhL,1,0,1,1.0
JMhM,0,2,2,0.0
JMhN,0,2,2,0.0
JMhP,1,1,2,0.5
JMhS,1,0,1,1.0
JMhh,0,1,1,0.0
JMhl,0,1,1,0.0
JMhn,1,0,1,1.0
JMhs,0,2,2,0.0
JMjN,1,1,2,0.5
JMjm,1,0,1,1.0
JMjn,0,1,1,0.0
JMlB,1,0,1,1.0
JMlI,0,0,0,
JMlM,0,1,1,0.0
JMlN,1,1,2,0.5
JMlS,1,1,2,0.5
JMmH,3,0,3,1.0
JMmM,0,1,1,0.0
JMmN,4,3,7,0.57
JMmP,1,2,3,0.33
JMmS,0,1,1,0.0
JMmm,2,0,2,1.0
JMmn,2,0,2,1.0
JMnB,0,1,1,0.0
JMnD,1,0,1,1.0
JMnH,0,1,1,0.0
JMnL,0,0,0,
JMnM,2,1,3,0.67
JMnN,1,3,4,0.25
JMnP,1,2,3,0.33
JMnS,0,1,1,0.0
JMnb,1,1,2,0.5
JMnl,0,1,1,0.0
JMnn,3,1,4,0.75
JMsD,0,1,1,0.0
JMsH,0,1,1,0.0
JMsM,0,1,1,0.0
JMsN,1,2,3,0.33
JMsP,0,1,1,0.0
JMsl,1,0,1,1.0
JMss,0,1,1,0.0
JMtL,0,0,0,
JMtn,1,0,1,1.0
JNBN,0,2,2,0.0
JNBP,0,1,1,0.0
JNBb,0,1,1,0.0
JNBl,2,0,2,1.0
JNBs,0,1,1,0.0
JNDN,0,1,1,0.0
JNDm,1,0,1,1.0
JNHs,1,0,1,1.0
JNLB,0,1,1,0.0
JNLM,1,0,1,1.0
JNLN,0,1,1,0.0
JNLP,0,1,1,0.0
JNLb,0,1,1,0.0
JNLn,0,1,1,0.0
JNLs,0,1,1,0.0
JNMB,0,1,1,0.0
JNMM,0,2,2,0.0
JNMN,0,2,2,0.0
JNMP,0,1,1,0.0
JNMS,0,2,2,0.0
JNMb,0,1,1,0.0
JNMj,1,0,1,1.0
JNMm,0,1,1,0.0
JNMn,3,2,5,0.6
JNNB,2,1,3,0.67
JNNH,1,0,1,1.0
JNNM,3,3,6,0.5
JNNN,2,1,3,0.67
JNNP,0,3,3,0.0
JNNS,2,0,2,1.0
JNNb,0,1,1,0.0
JNNl,2,0,2,1.0
JNNn,0,1,1,0.0
JNPB,1,0,1,1.0
JNPH,0,1,1,0.0
JNPK,0,1,1,0.0
JNPL,1,0,1,1.0
JNPN,2,1,3,0.67
JNPP,2,3,5,0.4
JNPS,0,1,1,0.0
JNPb,1,1,2,0.5
JNPh,0,1,1,0.0
JNPm,1,1,2,0.5
JNPn,1,2,3,0.33
JNSL,1,1,2,0.5
JNSP,0,1,1,0.0
JNSS,0,1,1,0.0
JNSh,0,1,1,0.0
JNSl,1,0,1,1.0
JNSm,0,0,0,
JNbL,1,0,1,1.0
JNbM,1,1,2,0.5
JNbN,1,3,4,0.25
JNbP,2,1,3,0.67
JNbS,1,0,1,1.0
JNbb,0,1,1,0.0
JNbl,1,2,3,0.33
JNbn,1,1,2,0.5
JNhM,0,0,0,
JNhN,0,1,1,0.0
JNhS,0,1,1,0.0
JNhh,2,0,2,1.0
JNhn,1,1,2,0.5
JNlJ,1,0,1,1.0
JNlM,1,0,1,1.0
JNlN,1,1,2,0.5
JNlP,1,2,3,0.33
JNlS,0,0,0,
JNlb,1,0,1,1.0
JNlm,1,0,1,1.0
JNls,1,0,1,1.0
JNmD,0,1,1,0.0
JNmH,1,0,1,1.0
JNmM,0,0,0,
JNmN,1,1,2,0.5
JNmP,0,1,1,0.0
JNml,0,0,0,
JNmm,0,1,1,0.0
JNmn,1,1,2,0.5
JNnH,0,2,2,0.0
JNnL,0,1,1,0.0
JNnN,2,1,3,0.67
JNnP,1,3,4,0.25
JNnb,1,1,2,0.5
JNnl,1,0,1,1.0
JNnm,1,0,1,1.0
JNnn,1,2,3,0.33
JNns,2,0,2,1.0
JNsB,0,1,1,0.0
JNsH,0,1,1,0.0
JNsM,2,0,2,1.0
JNsN,1,0,1,1.0
JNsP,1,2,3,0.33
JNsb,1,0,1,1.0
JNsm,1,0,1,1.0
JNtM,0,1,1,0.0
JNtP,0,1,1,0.0
JNtb,0,1,1,0.0
JNth,0,1,1,0.0
JNtm,0,0,0,
JNtn,1,0,1,1.0
JNtt,0,1,1,0.0
JPBB,1,0,1,1.0
JPBM,1,2,3,0.33
JPBN,2,0,2,1.0
JPBP,0,2,2,0.0
JPBb,1,2,3,0.33
JPBm,3,0,3,1.0
JPBn,2,3,5,0.4
JPBs,1,0,1,1.0
JPDB,0,1,1,0.0
JPHM,0,1,1,0.0
JPHS,1,0,1,1.0
JPHn,0,2,2,0.0
JPHs,0,1,1,0.0
JPIm,0,1,1,0.0
JPKN,0,1,1,0.0
JPKP,0,0,0,
JPKS,1,0,1,1.0
JPLB,1,0,1,1.0
JPLK,1,0,1,1.0
JPLL,0,0,0,
JPLM,0,1,1,0.0
JPLb,0,1,1,0.0
JPLh,0,1,1,0.0
JPLl,0,0,0,
JPLm,1,0,1,1.0
JPLn,0,1,1,0.0
JPLs,1,0,1,1.0
JPMB,1,0,1,1.0
JPML,1,1,2,0.5
JPMM,0,0,0,
JPMN,0,1,1,0.0
JPMP,0,3,3,0.0
JPMb,2,2,4,0.5
JPMh,3,1,4,0.75
JPMm,2,0,2,1.0
JPMn,0,0,0,
JPMs,1,0,1,1.0
JPMt,0,1,1,0.0
JPNB,1,0,1,1.0
JPNK,1,1,2,0.5
JPNL,1,2,3,0.33
JPNM,0,2,2,0.0
JPNN,1,2,3,0.33
JPNP,2,0,2,1.0
JPNb,0,0,0,
JPNh,0,0,0,
JPNl,1,0,1,1.0
JPNm,1,2,3,0.33
JPNn,0,2,2,0.0
JPNs,0,0,0,
JPPB,0,0,0,
JPPI,1,1,2,0.5
JPPL,2,0,2,1.0
JPPM,4,3,7,0.57
JPPN,2,6,8,0.25
JPPP,6,3,9,0.67
JPPS,3,1,4,0.75
JPPb,1,1,2,0.5
JPPl,1,1,2,0.5
JPPm,0,1,1,0.0
JPPn,0,1,1,0.0
JPPs,0,1,1,0.0
JPSH,1,0,1,1.0
JPSL,0,1,1,0.0
JPSM,1,1,2,0.5
JPSN,0,1,1,0.0
JPSS,1,0,1,1.0
JPSl,1,0,1,1.0
JPSm,1,0,1,1.0
JPSn,0,2,2,0.0
JPSs,1,2,3,0.33
JPbB,4,3,7,0.57
JPbH,0,1,1,0.0
JPbI,1,0,1,1.0
JPbJ,0,0,0,
JPbL,0,1,1,0.0
JPbM,1,2,3,0.33
JPbN,2,1,3,0.67
JPbP,1,1,2,0.5
JPbb,0,1,1,0.0
JPbl,1,1,2,0.5
JPbm,1,0,1,1.0
JPhP,0,1,1,0.0
JPhb,1,0,1,1.0
JPhl,0,1,1,0.0
JPlB,2,1,3,0.67
JPlH,1,1,2,0.5
JPlL,0,1,1,0.0
JPlM,0,1,1,0.0
JPlP,0,2,2,0.0
JPlS,1,0,1,1.0
JPlb,2,2,4,0.5
JPll,0,0,0,
JPlm,0,1,1,0.0
JPln,0,1,1,0.0
JPmB,1,1,2,0.5
JPmH,1,2,3,0.33
JPmM,1,0,1,1.0
JPmN,1,1,2,0.5
JPmP,4,4,8,0.5
JPmb,1,2,3,0.33
JPml,2,2,4,0.5
JPmm,0,1,1,0.0
JPms,1,0,1,1.0
JPnB,0,1,1,0.0
JPnH,0,1,1,0.0
JPnM,0,1,1,0.0
JPnN,1,4,5,0.2
JPnP,1,2,3,0.33
JPnS,1,0,1,1.0
JPnb,2,1,3,0.67
JPnn,1,0,1,1.0
JPns,1,1,2,0.5
JPsD,0,0,0,
JPsH,0,1,1,0.0
JPsK,0,1,1,0.0
JPsM,0,2,2,0.0
JPsS,0,1,1,0.0
JPsb,1,0,1,1.0
JPsm,1,0,1,1.0
JPsn,1,2,3,0.33
JSBB,0,1,1,0.0
JSBL,1,0,1,1.0
JSBN,0,1,1,0.0
JSBj,1,0,1,1.0
JSHM,0,1,1,0.0
JSHS,0,1,1,0.0
JSHb,0,0,0,
JSLM,1,0,1,1.0
JSLN,0,0,0,
JSLm,1,0,1,1.0
JSMM,0,1,1,0.0
JSMP,1,0,1,1.0
JSMS,0,0,0,
JSMb,0,1,1,0.0
JSMm,1,0,1,1.0
JSMn,2,0,2,1.0
JSMs,1,1,2,0.5
JSNB,0,1,1,0.0
JSNP,1,0,1,1.0
JSNS,1,0,1,1.0
JSNb,0,2,2,0.0
JSNh,1,1,2,0.5
JSNl,0,1,1,0.0
JSNm,3,0,3,1.0
JSNn,0,1,1,0.0
JSNs,1,0,1,1.0
JSPD,1,0,1,1.0
JSPL,1,0,1,1.0
JSPM,1,0,1,1.0
JSPP,1,0,1,1.0
JSPS,1,1,2,0.5
JSPb,1,1,2,0.5
JSPl,1,0,1,1.0
JSPm,1,0,1,1.0
JSPn,2,1,3,0.67
JSSB,1,0,1,1.0
JSSH,0,2,2,0.0
JSSL,1,0,1,1.0
JSSN,0,1,1,0.0
JSSl,0,1,1,0.0
JSSs,0,1,1,0.0
JSSt,0,1,1,0.0
JSbB,1,1,2,0.5
JSbJ,0,0,0,
JSbN,1,0,1,1.0
JSbS,2,1,3,0.67
JSbn,0,1,1,0.0
JSbs,0,1,1,0.0
JShM,0,0,0,
JShl,0,0,0,
JShn,0,1,1,0.0
JSlB,1,1,2,0.5
JSlL,0,1,1,0.0
JSlM,1,0,1,1.0
JSlb,0,1,1,0.0
JSlm,1,0,1,1.0
JSln,1,0,1,1.0
JSls,0,1,1,0.0
JSmL,1,0,1,1.0
JSmM,0,2,2,0.0
JSmP,1,0,1,1.0
JSmS,0,1,1,0.0
JSmm,0,1,1,0.0
JSnM,0,2,2,0.0
JSnP,1,0,1,1.0
JSnS,1,1,2,0.5
JSnb,1,0,1,1.0
JSnl,1,0,1,1.0
JSnm,0,0,0,
JSnn,0,2,2,0.0
JSns,1,2,3,0.33
JSsL,0,2,2,0.0
JSsS,0,0,0,
JSsb,1,0,1,1.0
JSsl,1,0,1,1.0
JSsm,1,1,2,0.5
JSsn,1,1,2,0.5
JSss,1,0,1,1.0
JStM,0,1,1,0.0
JStS,0,1,1,0.0
JStb,0,1,1,0.0
JbBB,0,1,1,0.0
JbBL,0,1,1,0.0
JbBM,1,1,2,0.5
JbBN,1,1,2,0.5
JbBP,2,1,3,0.67
JbBb,0,1,1,0.0
JbBh,0,1,1,0.0
JbBj,0,0,0,
JbHN,0,3,3,0.0
JbHP,1,0,1,1.0
JbII,1,0,1,1.0
JbJI,1,0,1,1.0
JbJb,0,1,1,0.0
JbJl,1,1,2,0.5
JbJm,0,2,2,0.0
JbKm,1,0,1,1.0
JbLB,0,0,0,
JbLM,1,1,2,0.5
JbLN,1,0,1,1.0
JbLS,0,1,1,0.0
JbLb,1,0,1,1.0
JbLh,0,0,0,
JbLn,1,0,1,1.0
JbMB,1,2,3,0.33
JbMM,0,1,1,0.0
JbMN,1,0,1,1.0
JbMS,2,0,2,1.0
JbMb,0,3,3,0.0
JbMh,1,0,1,1.0
JbMm,1,0,1,1.0
JbMn,1,1,2,0.5
JbMs,3,0,3,1.0
JbNB,2,1,3,0.67
JbND,0,1,1,0.0
JbNL,0,2,2,0.0
JbNM,2,1,3,0.67
JbNN,0,1,1,0.0
JbNP,0,1,1,0.0
JbNS,0,1,1,0.0
JbNb,1,1,2,0.5
JbNh,2,0,2,1.0
JbNl,0,2,2,0.0
JbNm,1,0,1,1.0
JbNs,0,1,1,0.0
JbNt,0,0,0,
JbPB,0,3,3,0.0
JbPH,1,0,1,1.0
JbPL,1,1,2,0.5
JbPM,1,0,1,1.0
JbPN,0,1,1,0.0
JbPP,2,2,4,0.5
JbPS,2,0,2,1.0
JbPl,0,1,1,0.0
JbPm,1,1,2,0.5
JbPn,2,2,4,0.5
JbPs,0,0,0,
JbPt,1,0,1,1.0
JbSB,0,1,1,0.0
JbSN,0,1,1,0.0
JbSb,1,0,1,1.0
JbbB,0,1,1,0.0
JbbM,1,1,2,0.5
JbbN,0,2,2,0.0
JbbP,2,1,3,0.67
Jbbb,3,1,4,0.75
Jbbm,1,1,2,0.5
Jbbn,3,3,6,0.5
Jbbs,1,1,2,0.5
JblH,1,0,1,1.0
JblK,1,0,1,1.0
JblL,1,0,1,1.0
JblM,1,0,1,1.0
JblP,1,1,2,0.5
JblS,0,1,1,0.0
Jblb,0,0,0,
JbmB,1,3,4,0.25
JbmH,0,1,1,0.0
JbmL,0,1,1,0.0
JbmM,0,2,2,0.0
JbmN,2,0,2,1.0
JbmP,1,1,2,0.5
Jbmb,1,2,3,0.33
Jbml,1,0,1,1.0
Jbmm,1,1,2,0.5
Jbmn,1,0,1,1.0
JbnL,1,2,3,0.33
JbnM,1,0,1,1.0
JbnP,0,2,2,0.0
JbnS,2,0,2,1.0
Jbnb,3,0,3,1.0
Jbnm,1,0,1,1.0
Jbnn,1,0,1,1.0
Jbns,2,0,2,1.0
JbsM,1,0,1,1.0
JbsN,2,0,2,1.0
JbsP,0,1,1,0.0
JbsS,1,0,1,1.0
JhBb,0,1,1,0.0
JhBn,1,0,1,1.0
JhHP,0,1,1,0.0
JhLB,0,1,1,0.0
JhLL,0,0,0,
JhMS,0,1,1,0.0
JhMm,0,1,1,0.0
JhNM,1,0,1,1.0
JhNb,0,0,0,
JhNh,1,0,1,1.0
JhPL,1,0,1,1.0
JhPP,1,0,1,1.0
JhPb,0,1,1,0.0
JhPl,1,0,1,1.0
JhSH,0,1,1,0.0
JhbL,0,1,1,0.0
JhbM,0,0,0,
JhbN,0,1,1,0.0
JhbS,0,1,1,0.0
Jhbb,0,1,1,0.0
Jhbs,0,1,1,0.0
JhhP,0,1,1,0.0
Jhhl,1,0,1,1.0
JhmB,0,1,1,0.0
Jhnh,0,0,0,
Jhnl,1,0,1,1.0
Jhnn,0,1,1,0.0
JhsP,0,1,1,0.0
JlBM,0,1,1,0.0
JlBS,0,1,1,0.0
JlBb,0,2,2,0.0
JlBl,1,0,1,1.0
JlBm,1,1,2,0.5
JlBn,2,0,2,1.0
JlBs,1,0,1,1.0
JlBt,0,1,1,0.0
JlDM,0,1,1,0.0
JlHM,1,0,1,1.0
JlHP,1,2,3,0.33
JlHh,1,0,1,1.0
JlHl,0,1,1,0.0
JlHn,1,0,1,1.0
JlHs,1,0,1,1.0
JlJB,1,0,1,1.0
JlLM,1,0,1,1.0
JlLN,1,0,1,1.0
JlLb,0,0,0,
JlMB,0,1,1,0.0
JlML,1,0,1,1.0
JlMM,0,3,3,0.0
JlMN,1,0,1,1.0
JlMP,1,1,2,0.5
JlMS,0,1,1,0.0
JlMb,0,1,1,0.0
JlMh,0,1,1,0.0
JlMj,0,0,0,
JlMl,0,1,1,0.0
JlMs,1,0,1,1.0
JlMt,1,0,1,1.0
JlNB,0,1,1,0.0
JlNP,3,1,4,0.75
JlNn,2,0,2,1.0
JlNs,1,0,1,1.0
JlPB,0,1,1,0.0
JlPH,1,0,1,1.0
JlPN,1,0,1,1.0
JlPP,1,1,2,0.5
JlPl,1,0,1,1.0
JlPn,0,2,2,0.0
JlSP,1,0,1,1.0
JlSh,0,0,0,
JlSl,0,1,1,0.0
JlSs,1,0,1,1.0
JlbB,0,1,1,0.0
JlbD,1,0,1,1.0
JlbM,1,0,1,1.0
JlbN,2,2,4,0.5
JlbP,1,0,1,1.0
Jlbb,3,1,4,0.75
Jlbl,1,0,1,1.0
Jlbm,1,0,1,1.0
Jlbs,0,1,1,0.0
JllJ,0,1,1,0.0
JllL,1,0,1,1.0
JllM,0,1,1,0.0
JllP,0,1,1,0.0
Jlls,0,0,0,
JlmB,0,1,1,0.0
JlmN,1,0,1,1.0
JlmS,1,0,1,1.0
Jlmb,1,0,1,1.0
Jlmm,0,1,1,0.0
Jlmn,0,0,0,
JlnB,2,0,2,1.0
JlnL,0,1,1,0.0
JlnM,1,1,2,0.5
JlnP,0,1,1,0.0
Jlnm,1,0,1,1.0
JlsH,1,0,1,1.0
JlsP,1,0,1,1.0
Jlsn,1,0,1,1.0
JmBM,0,0,0,
JmBN,0,1,1,0.0
JmBP,0,1,1,0.0
JmBl,0,1,1,0.0
JmBm,0,1,1,0.0
JmBn,1,1,2,0.5
JmBt,1,0,1,1.0
JmDn,0,0,0,
JmHB,0,1,1,0.0
JmHN,0,1,1,0.0
JmHP,1,0,1,1.0
JmIn,0,1,1,0.0
JmJB,1,0,1,1.0
JmJN,1,0,1,1.0
JmJP,0,1,1,0.0
JmJn,0,1,1,0.0
JmLB,2,1,3,0.67
JmLN,1,0,1,1.0
JmLP,0,1,1,0.0
JmLS,2,0,2,1.0
JmLb,1,0,1,1.0
JmLj,0,1,1,0.0
JmLl,0,1,1,0.0
JmLn,0,1,1,0.0
JmMM,2,0,2,1.0
JmMN,0,2,2,0.0
JmMP,2,1,3,0.67
JmMh,1,2,3,0.33
JmMj,0,1,1,0.0
JmMm,1,0,1,1.0
JmMn,0,2,2,0.0
JmMs,0,1,1,0.0
JmMt,1,0,1,1.0
JmNM,0,1,1,0.0
JmNN,1,1,2,0.5
JmNP,2,0,2,1.0
JmNn,1,1,2,0.5
JmNs,0,1,1,0.0
JmPL,0,1,1,0.0
JmPM,1,2,3,0.33
JmPN,1,1,2,0.5
JmPP,1,0,1,1.0
JmPb,1,1,2,0.5
JmPm,0,1,1,0.0
JmPn,1,0,1,1.0
JmSB,0,1,1,0.0
JmSP,1,1,2,0.5
JmSn,0,1,1,0.0
JmbB,1,0,1,1.0
JmbJ,1,0,1,1.0
JmbM,0,1,1,0.0
JmbN,1,0,1,1.0
JmbS,0,1,1,0.0
Jmbm,1,0,1,1.0
Jmbs,1,1,2,0.5
Jmhh,0,0,0,
JmlB,2,0,2,1.0
JmlH,0,0,0,
JmlS,1,0,1,1.0
Jmlb,0,1,1,0.0
Jmlm,1,0,1,1.0
JmmB,1,0,1,1.0
JmmI,0,0,0,
JmmJ,0,0,0,
JmmL,0,1,1,0.0
JmmM,0,1,1,0.0
JmmP,0,0,0,
Jmmb,0,1,1,0.0
Jmmn,0,0,0,
JmnB,1,0,1,1.0
JmnM,1,0,1,1.0
JmnN,0,1,1,0.0
JmnP,1,0,1,1.0
Jmnn,0,1,1,0.0
JmsB,0,1,1,0.0
JmsI,0,0,0,
JmsN,1,1,2,0.5
JmsS,1,0,1,1.0
JnBL,0,1,1,0.0
JnBM,0,1,1,0.0
JnBN,1,0,1,1.0
JnBP,1,1,2,0.5
JnBh,0,0,0,
JnBm,1,0,1,1.0
JnBn,1,0,1,1.0
JnBs,0,1,1,0.0
JnDM,0,1,1,0.0
JnDb,0,1,1,0.0
JnHM,0,2,2,0.0
JnHN,1,0,1,1.0
JnHm,0,1,1,0.0
JnHs,0,1,1,0.0
JnIH,1,0,1,1.0
JnIl,1,0,1,1.0
JnIm,1,0,1,1.0
JnKP,0,0,0,
JnLL,1,0,1,1.0
JnLM,0,0,0,
JnLP,0,2,2,0.0
JnLm,1,0,1,1.0
JnLs,1,1,2,0.5
JnMB,1,0,1,1.0
JnML,1,0,1,1.0
JnMM,0,1,1,0.0
JnMN,1,0,1,1.0
JnMP,1,0,1,1.0
JnMb,3,1,4,0.75
JnMh,2,0,2,1.0
JnMl,1,1,2,0.5
JnMn,1,1,2,0.5
JnMt,0,1,1,0.0
JnNB,0,0,0,
JnNM,0,0,0,
JnNS,2,0,2,1.0
JnNb,0,1,1,0.0
JnNm,0,3,3,0.0
JnNn,1,0,1,1.0
JnPB,0,1,1,0.0
JnPL,0,1,1,0.0
JnPM,0,0,0,
JnPN,2,2,4,0.5
JnPP,0,1,1,0.0
JnPS,3,1,4,0.75
JnPl,1,0,1,1.0
JnPm,3,0,3,1.0
JnPn,2,0,2,1.0
JnPs,0,1,1,0.0
JnPt,0,1,1,0.0
JnSH,0,0,0,
JnSM,1,3,4,0.25
JnSN,1,0,1,1.0
JnSP,0,2,2,0.0
JnSS,0,1,1,0.0
JnSb,1,0,1,1.0
JnSm,0,0,0,
JnSn,1,0,1,1.0
JnSs,0,2,2,0.0
JnbB,3,0,3,1.0
JnbH,1,0,1,1.0
JnbM,0,1,1,0.0
JnbN,3,1,4,0.75
JnbP,2,1,3,0.67
Jnbb,1,1,2,0.5
Jnbl,0,1,1,0.0
Jnbn,2,0,2,1.0
JnlM,0,1,1,0.0
JnlP,0,0,0,
Jnll,0,1,1,0.0
Jnlm,1,0,1,1.0
JnmB,0,1,1,0.0
JnmM,1,1,2,0.5
JnmN,0,1,1,0.0
JnmS,0,1,1,0.0
Jnmb,2,0,2,1.0
Jnmm,0,0,0,
Jnmn,0,0,0,
JnnB,1,1,2,0.5
JnnD,1,1,2,0.5
JnnP,3,0,3,1.0
Jnnb,1,0,1,1.0
Jnnl,0,1,1,0.0
Jnnm,0,1,1,0.0
Jnnn,0,2,2,0.0
JnsB,0,1,1,0.0
JnsI,0,1,1,0.0
JnsN,2,0,2,1.0
JnsS,1,0,1,1.0
Jnsm,1,0,1,1.0
Jnsn,0,1,1,0.0
Jnss,0,0,0,
JsBB,0,1,1,0.0
JsBM,1,0,1,1.0
JsBN,0,0,0,
JsBS,1,0,1,1.0
JsBj,0,1,1,0.0
JsBm,0,1,1,0.0
JsBn,2,0,2,1.0
JsHM,0,1,1,0.0
JsHP,0,1,1,0.0
JsHb,2,1,3,0.67
JsHh,0,1,1,0.0
JsHl,0,1,1,0.0
JsHn,0,1,1,0.0
JsHs,1,0,1,1.0
JsLP,0,1,1,0.0
JsLS,0,0,0,
JsLh,2,0,2,1.0
JsLl,0,1,1,0.0
JsMN,2,0,2,1.0
JsMP,0,1,1,0.0
JsMS,0,1,1,0.0
JsMh,0,0,0,
JsMl,0,1,1,0.0
JsMt,1,0,1,1.0
JsNL,1,0,1,1.0
JsNM,1,0,1,1.0
JsNN,0,1,1,0.0
JsNP,0,1,1,0.0
JsNS,0,1,1,0.0
JsNl,0,1,1,0.0
JsNm,2,0,2,1.0
JsPB,2,2,4,0.5
JsPH,2,0,2,1.0
JsPL,0,1,1,0.0
JsPM,1,2,3,0.33
JsPN,1,1,2,0.5
JsPP,1,0,1,1.0
JsPb,0,1,1,0.0
JsPn,0,1,1,0.0
JsPs,0,0,0,
JsSB,1,0,1,1.0
JsSH,1,0,1,1.0
JsSL,1,0,1,1.0
JsSM,0,1,1,0.0
JsSP,1,1,2,0.5
JsSS,1,1,2,0.5
JsSl,1,0,1,1.0
JsSm,1,0,1,1.0
JsSn,1,0,1,1.0
JsbB,0,1,1,0.0
JsbN,0,1,1,0.0
JsbP,1,0,1,1.0
JsbS,0,2,2,0.0
Jsbb,0,1,1,0.0
Jsbl,1,0,1,1.0
Jsbm,1,0,1,1.0
Jsbn,2,0,2,1.0
JshL,0,1,1,0.0
Jshb,1,0,1,1.0
JslB,0,0,0,
JslL,1,0,1,1.0
JslP,0,1,1,0.0
JslS,1,0,1,1.0
JsmL,0,1,1,0.0
JsmP,1,1,2,0.5
Jsms,0,1,1,0.0
JsnM,3,0,3,1.0
JsnN,1,0,1,1.0
JsnS,0,3,3,0.0
Jsnn,2,0,2,1.0
Jsns,1,0,1,1.0
JssH,1,0,1,1.0
JssP,0,2,2,0.0
JssS,2,0,2,1.0
Jssl,1,1,2,0.5
Jssn,1,0,1,1.0
JtBK,0,1,1,0.0
JtBM,1,0,1,1.0
JtBn,0,1,1,0.0
JtBt,1,0,1,1.0
JtHP,0,1,1,0.0
JtMB,0,0,0,
JtMN,1,0,1,1.0
JtMm,0,1,1,0.0
JtNL,0,0,0,
JtNM,1,1,2,0.5
JtNN,1,0,1,1.0
JtNm,1,0,1,1.0
JtSn,0,0,0,
JtSs,0,0,0,
JtnN,0,1,1,0.0
JtsN,0,1,1,0.0
Jtsn,1,0,1,1.0
KBBB,0,2,2,0.0
KBBM,0,1,1,0.0
KBBb,0,1,1,0.0
KBBj,0,2,2,0.0
KBBn,0,1,1,0.0
KBDP,0,0,0,
KBLB,1,0,1,1.0
KBLM,0,2,2,0.0
KBLP,0,1,1,0.0
KBLm,1,0,1,1.0
KBMB,1,0,1,1.0
KBMN,1,0,1,1.0
KBMP,1,0,1,1.0
KBMb,2,0,2,1.0
KBMl,0,1,1,0.0
KBMn,1,0,1,1.0
KBNP,1,2,3,0.33
KBNS,1,0,1,1.0
KBNh,0,0,0,
KBNm,1,0,1,1.0
KBNn,0,1,1,0.0
KBPL,1,0,1,1.0
KBPM,1,0,1,1.0
KBPN,0,2,2,0.0
KBPP,0,1,1,0.0
KBPb,0,1,1,0.0
KBPl,0,1,1,0.0
KBPm,0,1,1,0.0
KBPs,2,1,3,0.67
KBSH,1,0,1,1.0
KBSL,1,0,1,1.0
KBSN,1,0,1,1.0
KBSb,0,1,1,0.0
KBSl,0,2,2,0.0
KBSs,1,0,1,1.0
KBSt,1,0,1,1.0
KBbB,1,1,2,0.5
KBbH,0,0,0,
KBbL,0,1,1,0.0
KBbM,0,1,1,0.0
KBbN,1,2,3,0.33
KBbP,1,0,1,1.0
KBbb,1,1,2,0.5
KBbm,1,0,1,1.0
KBbn,0,1,1,0.0
KBhn,0,0,0,
KBjL,0,1,1,0.0
KBjN,0,0,0,
KBjS,0,1,1,0.0
KBjb,1,0,1,1.0
KBjn,1,0,1,1.0
KBlB,2,0,2,1.0
KBlK,0,1,1,0.0
KBlL,0,1,1,0.0
KBlM,0,1,1,0.0
KBlS,0,1,1,0.0
KBlb,0,1,1,0.0
KBll,0,1,1,0.0
KBmB,1,0,1,1.0
KBmM,0,0,0,
KBmP,2,0,2,1.0
KBmS,0,1,1,0.0
KBmb,0,1,1,0.0
KBmm,2,0,2,1.0
KBmn,1,0,1,1.0
KBnH,1,0,1,1.0
KBnL,1,1,2,0.5
KBnM,2,0,2,1.0
KBnP,0,3,3,0.0
KBnS,1,1,2,0.5
KBnm,1,1,2,0.5
KBnn,1,0,1,1.0
KBns,0,0,0,
KBsN,1,2,3,0.33
KBsP,1,2,3,0.33
KBsS,0,1,1,0.0
KBsn,0,1,1,0.0
KBtL,0,1,1,0.0
KBtP,0,2,2,0.0
KBtl,0,0,0,
KDBb,0,0,0,
KDDm,0,1,1,0.0
KDHM,1,0,1,1.0
KDMn,0,1,1,0.0
KDNb,1,1,2,0.5
KDlL,1,0,1,1.0
KDlM,1,0,1,1.0
KDlP,1,0,1,1.0
KDlb,0,0,0,
KHHn,1,0,1,1.0
KHIS,1,0,1,1.0
KHKN,0,1,1,0.0
KHKb,0,1,1,0.0
KHLN,0,0,0,
KHMS,0,1,1,0.0
KHMb,0,1,1,0.0
KHNS,1,0,1,1.0
KHNb,1,0,1,1.0
KHNn,1,0,1,1.0
KHNs,0,1,1,0.0
KHPM,0,1,1,0.0
KHPP,0,0,0,
KHSS,0,1,1,0.0
KHbS,1,0,1,1.0
KHbl,0,0,0,
KHlD,1,0,1,1.0
KHmH,1,0,1,1.0
KHmM,0,1,1,0.0
KHmP,1,0,1,1.0
KHmm,0,1,1,0.0
KHnM,0,0,0,
KHnS,0,0,0,
KHnn,1,0,1,1.0
KHns,1,1,2,0.5
KHsH,0,0,0,
KHsL,0,1,1,0.0
KHsS,0,1,1,0.0
KIBN,1,0,1,1.0
KIHl,1,0,1,1.0
KIPL,1,0,1,1.0
KISm,0,1,1,0.0
KIbl,0,1,1,0.0
KImS,0,0,0,
KInb,0,1,1,0.0
KIsb,1,0,1,1.0
KKMS,0,1,1,0.0
KKMs,0,1,1,0.0
KKNN,0,1,1,0.0
KKSM,0,0,0,
KKhn,1,0,1,1.0
KKls,0,1,1,0.0
KKnb,1,0,1,1.0
KKsM,0,1,1,0.0
KKsm,0,0,0,
KLBB,0,1,1,0.0
KLBM,0,1,1,0.0
KLBN,1,0,1,1.0
KLBP,1,1,2,0.5
KLBm,1,0,1,1.0
KLLB,1,0,1,1.0
KLLb,1,0,1,1.0
KLLl,0,1,1,0.0
KLLm,0,2,2,0.0
KLLs,1,0,1,1.0
KLLt,0,1,1,0.0
KLMB,1,0,1,1.0
KLMM,2,0,2,1.0
KLMP,0,1,1,0.0
KLMh,3,1,4,0.75
KLMl,0,0,0,
KLMn,1,0,1,1.0
KLNB,1,1,2,0.5
KLNM,0,0,0,
KLNN,1,0,1,1.0
KLPB,1,0,1,1.0
KLPM,1,2,3,0.33
KLPN,1,0,1,1.0
KLPP,1,1,2,0.5
KLPS,0,2,2,0.0
KLPb,1,0,1,1.0
KLPm,0,1,1,0.0
KLPs,0,1,1,0.0
KLSB,0,1,1,0.0
KLSH,0,1,1,0.0
KLSP,1,0,1,1.0
KLSS,2,0,2,1.0
KLSb,1,1,2,0.5
KLSh,0,1,1,0.0
KLbB,1,0,1,1.0
KLbL,0,0,0,
KLbM,0,0,0,
KLbN,1,0,1,1.0
KLbS,0,1,1,0.0
KLbb,0,1,1,0.0
KLbl,0,0,0,
KLbn,0,1,1,0.0
KLhS,1,0,1,1.0
KLjP,1,0,1,1.0
KLjb,1,0,1,1.0
KLlB,1,0,1,1.0
KLlN,1,1,2,0.5
KLlP,1,1,2,0.5
KLlS,1,1,2,0.5
KLlm,0,1,1,0.0
KLls,1,0,1,1.0
KLmL,0,1,1,0.0
KLmP,1,0,1,1.0
KLmS,0,1,1,0.0
KLmb,0,0,0,
KLnD,1,0,1,1.0
KLnH,0,1,1,0.0
KLnL,0,2,2,0.0
KLnM,1,0,1,1.0
KLnN,1,1,2,0.5
KLsB,1,0,1,1.0
KLsH,0,1,1,0.0
KLsM,1,0,1,1.0
KLsS,1,0,1,1.0
KLsl,0,0,0,
KLsm,0,0,0,
KLtP,0,1,1,0.0
KMBB,0,1,1,0.0
KMBM,3,0,3,1.0
KMBP,0,1,1,0.0
KMBb,1,1,2,0.5
KMBh,0,1,1,0.0
KMBj,1,0,1,1.0
KMBl,0,1,1,0.0
KMBm,1,0,1,1.0
KMBn,1,2,3,0.33
KMBs,0,0,0,
KMBt,1,0,1,1.0
KMDK,0,0,0,
KMDn,0,1,1,0.0
KMDs,1,0,1,1.0
KMLM,0,1,1,0.0
KMLN,0,1,1,0.0
KMLP,1,0,1,1.0
KMLb,1,0,1,1.0
KMLh,0,1,1,0.0
KMLn,1,0,1,1.0
KMMB,0,1,1,0.0
KMMM,0,2,2,0.0
KMMN,0,0,0,
KMMP,1,2,3,0.33
KMMS,0,2,2,0.0
KMMb,1,1,2,0.5
KMMh,2,1,3,0.67
KMMj,2,0,2,1.0
KMMm,1,1,2,0.5
KMMn,1,2,3,0.33
KMMs,1,0,1,1.0
KMNM,1,0,1,1.0
KMNP,2,0,2,1.0
KMNS,0,0,0,
KMNb,1,0,1,1.0
KMNh,1,0,1,1.0
KMNl,0,1,1,0.0
KMNm,0,1,1,0.0
KMNn,1,1,2,0.5
KMPB,0,0,0,
KMPH,0,1,1,0.0
KMPK,0,1,1,0.0
KMPL,0,2,2,0.0
KMPM,2,2,4,0.5
KMPN,1,0,1,1.0
KMPP,2,3,5,0.4
KMPS,0,0,0,
KMPb,0,3,3,0.0
KMPm,0,1,1,0.0
KMPn,1,1,2,0.5
KMPs,2,0,2,1.0
KMSM,0,0,0,
KMSN,1,0,1,1.0
KMSP,0,1,1,0.0
KMSb,0,3,3,0.0
KMSh,1,0,1,1.0
KMSs,1,0,1,1.0
KMbB,1,1,2,0.5
KMbH,1,0,1,1.0
KMbN,0,0,0,
KMbP,5,2,7,0.71
KMbS,1,1,2,0.5
KMbb,1,1,2,0.5
KMbl,0,0,0,
KMbm,0,1,1,0.0
KMbn,1,0,1,1.0
KMbs,1,3,4,0.25
KMhB,0,1,1,0.0
KMhH,0,1,1,0.0
KMhL,0,1,1,0.0
KMhN,1,1,2,0.5
KMhP,1,2,3,0.33
KMhb,1,0,1,1.0
KMhl,2,0,2,1.0
KMhm,1,0,1,1.0
KMhn,0,1,1,0.0
KMhs,1,0,1,1.0
KMht,1,0,1,1.0
KMjP,1,0,1,1.0
KMjn,1,1,2,0.5
KMlL,0,1,1,0.0
KMlM,1,0,1,1.0
KMlP,1,1,2,0.5
KMlS,1,1,2,0.5
KMlm,0,1,1,0.0
KMln,1,0,1,1.0
KMls,1,0,1,1.0
KMmH,1,1,2,0.5
KMmL,0,1,1,0.0
KMmM,0,1,1,0.0
KMmN,0,2,2,0.0
KMmP,1,0,1,1.0
KMmS,1,0,1,1.0
KMmb,1,0,1,1.0
KMml,0,1,1,0.0
KMmm,0,0,0,
KMmn,1,0,1,1.0
KMms,1,1,2,0.5
KMnB,0,1,1,0.0
KMnH,1,0,1,1.0
KMnK,0,1,1,0.0
KMnL,0,1,1,0.0
KMnM,4,0,4,1.0
KMnN,2,2,4,0.5
KMnP,5,0,5,1.0
KMnS,0,1,1,0.0
KMnb,2,1,3,0.67
KMnl,1,1,2,0.5
KMnm,3,1,4,0.75
KMnn,2,0,2,1.0
KMns,0,1,1,0.0
KMsM,2,0,2,1.0
KMsN,1,0,1,1.0
KMsP,1,1,2,0.5
KMsl,0,3,3,0.0
KMsm,2,0,2,1.0
KMsn,1,0,1,1.0
KMss,0,1,1,0.0
KMtM,1,0,1,1.0
KMtP,1,0,1,1.0
KMtb,1,0,1,1.0
KMtn,0,1,1,0.0
KNBL,1,0,1,1.0
KNBN,0,1,1,0.0
KNBP,1,1,2,0.5
KNBS,1,0,1,1.0
KNBl,1,0,1,1.0
KNBm,0,1,1,0.0
KNBn,2,0,2,1.0
KNDH,0,0,0,
KNDb,0,1,1,0.0
KNDs,0,1,1,0.0
KNHK,0,1,1,0.0
KNHP,0,0,0,
KNHn,1,0,1,1.0
KNKm,1,0,1,1.0
KNLL,2,0,2,1.0
KNLN,0,0,0,
KNLP,0,1,1,0.0
KNLb,1,1,2,0.5
KNLn,1,0,1,1.0
KNMM,1,1,2,0.5
KNMN,1,0,1,1.0
KNMP,1,0,1,1.0
KNMb,0,1,1,0.0
KNMm,0,1,1,0.0
KNMn,0,1,1,0.0
KNMs,1,0,1,1.0
KNNB,1,0,1,1.0
KNND,0,1,1,0.0
KNNL,0,1,1,0.0
KNNM,0,2,2,0.0
KNNP,1,0,1,1.0
KNNb,0,0,0,
KNNl,1,0,1,1.0
KNNm,0,1,1,0.0
KNNn,2,2,4,0.5
KNNs,0,1,1,0.0
KNPB,0,1,1,0.0
KNPM,1,0,1,1.0
KNPN,2,0,2,1.0
KNPP,2,2,4,0.5
KNPS,1,1,2,0.5
KNPb,1,2,3,0.33
KNPh,0,1,1,0.0
KNPm,4,0,4,1.0
KNPn,2,1,3,0.67
KNPs,0,1,1,0.0
KNSM,1,2,3,0.33
KNSP,0,0,0,
KNSS,1,0,1,1.0
KNSl,0,1,1,0.0
KNSm,0,1,1,0.0
KNSn,0,1,1,0.0
KNSs,1,0,1,1.0
KNbB,2,0,2,1.0
KNbH,1,0,1,1.0
KNbJ,1,0,1,1.0
KNbL,1,0,1,1.0
KNbM,1,0,1,1.0
KNbN,1,0,1,1.0
KNbP,2,0,2,1.0
KNbS,0,1,1,0.0
KNbl,0,1,1,0.0
KNbn,0,1,1,0.0
KNbs,1,0,1,1.0
KNhB,2,0,2,1.0
KNhP,0,1,1,0.0
KNhl,1,0,1,1.0
KNlB,0,1,1,0.0
KNlH,2,0,2,1.0
KNlL,1,0,1,1.0
KNlM,1,0,1,1.0
KNlP,1,0,1,1.0
KNlb,0,1,1,0.0
KNll,1,0,1,1.0
KNlm,1,1,2,0.5
KNln,0,1,1,0.0
KNmL,0,1,1,0.0
KNmM,1,0,1,1.0
KNmP,1,1,2,0.5
KNmS,2,0,2,1.0
KNmb,2,0,2,1.0
KNmm,1,1,2,0.5
KNms,0,0,0,
KNnB,0,0,0,
KNnL,0,0,0,
KNnM,1,0,1,1.0
KNnN,0,1,1,0.0
KNnP,1,0,1,1.0
KNnS,0,2,2,0.0
KNnb,1,1,2,0.5
KNnl,0,1,1,0.0
KNnm,0,1,1,0.0
KNns,0,0,0,
KNsB,0,1,1,0.0
KNsP,1,3,4,0.25
KNsS,1,0,1,1.0
KNsb,0,0,0,
KNsl,1,2,3,0.33
KNsm,0,1,1,0.0
KNss,1,1,2,0.5
KNts,0,1,1,0.0
KPBB,1,1,2,0.5
KPBL,0,1,1,0.0
KPBM,1,3,4,0.25
KPBP,3,2,5,0.6
KPBS,0,1,1,0.0
KPBb,1,2,3,0.33
KPBj,1,0,1,1.0
KPBn,1,1,2,0.5
KPBs,2,0,2,1.0
KPBt,0,1,1,0.0
KPDN,0,1,1,0.0
KPDl,0,1,1,0.0
KPHL,0,1,1,0.0
KPHP,2,0,2,1.0
KPHb,0,0,0,
KPHl,1,0,1,1.0
KPHs,1,0,1,1.0
KPHt,0,1,1,0.0
KPIs,0,1,1,0.0
KPKL,1,0,1,1.0
KPKS,1,0,1,1.0
KPKm,1,0,1,1.0
KPKs,1,0,1,1.0
KPLL,1,2,3,0.33
KPLM,1,1,2,0.5
KPLN,1,1,2,0.5
KPLP,1,0,1,1.0
KPLS,2,0,2,1.0
KPLb,0,2,2,0.0
KPLl,0,1,1,0.0
KPLm,1,0,1,1.0
KPLs,0,0,0,
KPLt,0,1,1,0.0
KPMB,2,4,6,0.33
KPML,2,0,2,1.0
KPMM,0,1,1,0.0
KPMN,1,5,6,0.17
KPMP,0,2,2,0.0
KPMS,0,0,0,
KPMb,1,1,2,0.5
KPMh,2,0,2,1.0
KPMl,1,1,2,0.5
KPMm,0,1,1,0.0
KPMn,2,0,2,1.0
KPNB,1,0,1,1.0
KPNH,0,1,1,0.0
KPNL,1,0,1,1.0
KPNM,0,3,3,0.0
KPNN,2,0,2,1.0
KPNP,1,2,3,0.33
KPNb,1,1,2,0.5
KPNl,1,1,2,0.5
KPNm,1,1,2,0.5
KPNn,1,1,2,0.5
KPPB,2,2,4,0.5
KPPH,0,0,0,
KPPL,0,3,3,0.0
KPPM,2,3,5,0.4
KPPN,0,2,2,0.0
KPPP,6,2,8,0.75
KPPS,1,1,2,0.5
KPPb,0,3,3,0.0
KPPh,1,0,1,1.0
KPPl,1,2,3,0.33
KPPm,2,2,4,0.5
KPPn,0,3,3,0.0
KPPs,1,1,2,0.5
KPPt,0,1,1,0.0
KPSM,2,0,2,1.0
KPSP,0,1,1,0.0
KPSS,1,0,1,1.0
KPSb,3,1,4,0.75
KPSh,1,1,2,0.5
KPSl,1,1,2,0.5
KPSm,1,1,2,0.5
KPSs,1,1,2,0.5
KPbB,1,1,2,0.5
KPbH,0,1,1,0.0
KPbJ,0,1,1,0.0
KPbK,0,1,1,0.0
KPbL,1,1,2,0.5
KPbM,0,1,1,0.0
KPbN,4,5,9,0.44
KPbP,1,4,5,0.2
KPbS,1,0,1,1.0
KPbb,4,2,6,0.67
KPbl,1,1,2,0.5
KPbm,0,1,1,0.0
KPbn,0,1,1,0.0
KPbs,1,0,1,1.0
KPhK,1,0,1,1.0
KPhM,0,1,1,0.0
KPhP,1,0,1,1.0
KPhb,1,1,2,0.5
KPlH,1,1,2,0.5
KPlM,1,2,3,0.33
KPlN,2,1,3,0.67
KPlP,1,0,1,1.0
KPlS,2,0,2,1.0
KPlb,1,0,1,1.0
KPll,0,1,1,0.0
KPln,1,0,1,1.0
KPls,1,0,1,1.0
KPmH,2,0,2,1.0
KPmL,0,1,1,0.0
KPmM,1,0,1,1.0
KPmN,2,4,6,0.33
KPmP,1,4,5,0.2
KPmS,0,0,0,
KPmb,1,0,1,1.0
KPmn,0,1,1,0.0
KPnB,0,1,1,0.0
KPnH,0,1,1,0.0
KPnL,2,2,4,0.5
KPnM,1,1,2,0.5
KPnN,0,1,1,0.0
KPnP,2,2,4,0.5
KPnS,1,0,1,1.0
KPns,2,2,4,0.5
KPsD,0,1,1,0.0
KPsH,1,1,2,0.5
KPsM,1,1,2,0.5
KPsN,2,1,3,0.67
KPsP,1,1,2,0.5
KPsS,1,0,1,1.0
KPsl,1,0,1,1.0
KPsm,1,1,2,0.5
KPsn,2,0,2,1.0
KPss,0,2,2,0.0
KPtN,1,0,1,1.0
KPtP,0,1,1,0.0
KPtb,0,1,1,0.0
KPtm,0,1,1,0.0
KSBL,1,0,1,1.0
KSBM,0,1,1,0.0
KSBN,0,1,1,0.0
KSBS,1,0,1,1.0
KSDP,1,0,1,1.0
KSDn,0,1,1,0.0
KSHP,1,1,2,0.5
KSHb,0,1,1,0.0
KSKL,0,1,1,0.0
KSLM,0,1,1,0.0
KSLN,1,1,2,0.5
KSLP,1,0,1,1.0
KSLS,0,1,1,0.0
KSLb,1,0,1,1.0
KSLm,1,0,1,1.0
KSLn,1,0,1,1.0
KSMB,1,0,1,1.0
KSMD,0,1,1,0.0
KSMP,1,1,2,0.5
KSMb,1,1,2,0.5
KSMh,3,0,3,1.0
KSMm,0,0,0,
KSMn,0,1,1,0.0
KSMs,2,0,2,1.0
KSMt,0,1,1,0.0
KSNM,0,1,1,0.0
KSNP,0,0,0,
KSNS,0,1,1,0.0
KSNb,1,0,1,1.0
KSNl,1,0,1,1.0
KSNs,0,1,1,0.0
KSPB,2,1,3,0.67
KSPH,0,1,1,0.0
KSPM,1,0,1,1.0
KSPP,0,1,1,0.0
KSPS,2,0,2,1.0
KSPb,2,4,6,0.33
KSPm,0,0,0,
KSPn,1,2,3,0.33
KSPs,1,2,3,0.33
KSSH,1,0,1,1.0
KSSM,0,2,2,0.0
KSSN,0,2,2,0.0
KSSP,2,1,3,0.67
KSSS,0,1,1,0.0
KSSb,1,0,1,1.0
KSSh,0,2,2,0.0
KSSl,1,0,1,1.0
KSSm,0,1,1,0.0
KSSn,0,1,1,0.0
KSSs,1,0,1,1.0
KSbB,3,1,4,0.75
KSbH,1,0,1,1.0
KSbJ,0,1,1,0.0
KSbL,1,0,1,1.0
KSbM,0,1,1,0.0
KSbN,1,2,3,0.33
KSbP,1,2,3,0.33
KSbS,1,0,1,1.0
KSbb,1,1,2,0.5
KSbl,1,1,2,0.5
KSbn,2,0,2,1.0
KShL,0,1,1,0.0
KShM,2,0,2,1.0
KShN,0,1,1,0.0
KShP,0,1,1,0.0
KShb,2,0,2,1.0
KShh,1,2,3,0.33
KShm,1,0,1,1.0
KShs,0,1,1,0.0
KSlB,0,1,1,0.0
KSlI,1,0,1,1.0
KSlJ,0,0,0,
KSlL,1,0,1,1.0
KSlN,1,0,1,1.0
KSlP,1,0,1,1.0
KSlS,1,1,2,0.5
KSmb,1,1,2,0.5
KSnD,0,1,1,0.0
KSnH,0,0,0,
KSnL,0,1,1,0.0
KSnM,0,2,2,0.0
KSnN,1,0,1,1.0
KSnP,2,1,3,0.67
KSnb,2,0,2,1.0
KSnl,2,0,2,1.0
KSnn,3,2,5,0.6
KSns,2,0,2,1.0
KSsB,1,0,1,1.0
KSsH,1,0,1,1.0
KSsN,0,0,0,
KSsP,0,1,1,0.0
KSsS,0,0,0,
KSsb,1,1,2,0.5
KSsn,1,1,2,0.5
KSss,2,2,4,0.5
KSts,0,0,0,
KbBM,0,1,1,0.0
KbBN,1,0,1,1.0
KbBP,1,1,2,0.5
KbBS,1,1,2,0.5
KbBb,1,1,2,0.5
KbBm,1,1,2,0.5
KbBn,1,2,3,0.33
KbBs,1,0,1,1.0
KbDm,1,0,1,1.0
KbHB,1,0,1,1.0
KbHM,1,0,1,1.0
KbHP,0,1,1,0.0
KbHb,0,2,2,0.0
KbHn,0,1,1,0.0
KbIM,0,1,1,0.0
KbJB,1,0,1,1.0
KbJN,0,1,1,0.0
KbJb,1,0,1,1.0
KbJm,0,0,0,
KbJs,0,1,1,0.0
KbJt,1,0,1,1.0
KbKM,0,1,1,0.0
KbKb,0,1,1,0.0
KbLS,0,0,0,
KbLb,1,1,2,0.5
KbLh,0,1,1,0.0
KbLm,1,0,1,1.0
KbLs,1,0,1,1.0
KbMM,2,2,4,0.5
KbMP,2,1,3,0.67
KbMb,3,2,5,0.6
KbMh,3,1,4,0.75
KbMj,1,1,2,0.5
KbMl,0,2,2,0.0
KbMm,1,0,1,1.0
KbMn,1,2,3,0.33
KbMs,2,0,2,1.0
KbNM,3,2,5,0.6
KbNN,1,0,1,1.0
KbNP,2,2,4,0.5
KbNS,1,0,1,1.0
KbNh,1,1,2,0.5
KbNl,1,0,1,1.0
KbNs,3,1,4,0.75
KbPB,3,0,3,1.0
KbPH,1,0,1,1.0
KbPK,1,1,2,0.5
KbPL,0,2,2,0.0
KbPM,2,2,4,0.5
KbPN,1,0,1,1.0
KbPP,0,2,2,0.0
KbPS,0,0,0,
KbPb,4,1,5,0.8
KbPh,1,0,1,1.0
KbPl,1,1,2,0.5
KbPm,1,1,2,0.5
KbPn,1,1,2,0.5
KbPs,0,1,1,0.0
KbSL,0,1,1,0.0
KbSM,1,1,2,0.5
KbSP,1,0,1,1.0
KbSS,0,1,1,0.0
KbSb,1,0,1,1.0
KbSh,3,0,3,1.0
KbSl,0,1,1,0.0
KbSn,1,0,1,1.0
KbSs,0,1,1,0.0
KbbB,3,2,5,0.6
KbbL,0,1,1,0.0
KbbM,2,1,3,0.67
KbbN,1,1,2,0.5
KbbP,1,1,2,0.5
KbbS,2,1,3,0.67
Kbbl,1,1,2,0.5
Kbbm,2,0,2,1.0
Kbbn,2,0,2,1.0
KblB,0,0,0,
KblH,1,1,2,0.5
KblL,1,1,2,0.5
KblN,2,0,2,1.0
KblP,0,2,2,0.0
KblS,0,1,1,0.0
Kblb,1,0,1,1.0
Kbln,0,1,1,0.0
KbmB,1,0,1,1.0
KbmJ,0,1,1,0.0
KbmM,1,1,2,0.5
KbmP,1,0,1,1.0
KbmS,1,1,2,0.5
Kbmb,2,1,3,0.67
Kbmn,0,0,0,
KbnH,0,1,1,0.0
KbnK,0,1,1,0.0
KbnM,1,1,2,0.5
KbnN,2,0,2,1.0
KbnP,2,2,4,0.5
KbnS,1,0,1,1.0
Kbnb,1,0,1,1.0
Kbnl,1,0,1,1.0
Kbnm,1,0,1,1.0
Kbnn,2,0,2,1.0
KbsB,0,0,0,
KbsN,1,0,1,1.0
KbsS,3,1,4,0.75
Kbsb,0,1,1,0.0
Kbsl,0,0,0,
Kbsm,1,0,1,1.0
KhBL,0,1,1,0.0
KhBM,0,2,2,0.0
KhBP,0,1,1,0.0
KhBS,1,1,2,0.5
KhBb,0,1,1,0.0
KhBj,1,0,1,1.0
KhBl,1,0,1,1.0
KhHM,0,1,1,0.0
KhHN,0,1,1,0.0
KhHP,0,1,1,0.0
KhHn,1,0,1,1.0
KhIM,0,0,0,
KhLB,1,0,1,1.0
KhLM,2,0,2,1.0
KhLb,0,1,1,0.0
KhLh,1,1,2,0.5
KhLj,1,0,1,1.0
KhLm,2,0,2,1.0
KhMB,1,0,1,1.0
KhML,2,1,3,0.67
KhMM,2,1,3,0.67
KhMP,0,0,0,
KhMS,0,2,2,0.0
KhMb,0,1,1,0.0
KhMh,1,0,1,1.0
KhMj,1,0,1,1.0
KhMs,1,2,3,0.33
KhMt,0,1,1,0.0
KhNB,2,1,3,0.67
KhNL,1,0,1,1.0
KhNM,1,0,1,1.0
KhNP,0,0,0,
KhNb,1,0,1,1.0
KhNm,1,0,1,1.0
KhNn,0,1,1,0.0
KhNs,1,0,1,1.0
KhPB,1,1,2,0.5
KhPH,0,1,1,0.0
KhPI,0,1,1,0.0
KhPK,1,0,1,1.0
KhPL,1,0,1,1.0
KhPM,2,2,4,0.5
KhPN,1,0,1,1.0
KhPP,3,3,6,0.5
KhPS,2,0,2,1.0
KhPb,1,2,3,0.33
KhPl,0,0,0,
KhPs,2,1,3,0.67
KhSB,1,0,1,1.0
KhSH,1,0,1,1.0
KhSM,1,0,1,1.0
KhSP,2,1,3,0.67
KhSS,0,0,0,
KhSb,0,0,0,
KhSl,0,1,1,0.0
KhSm,1,0,1,1.0
KhSn,0,1,1,0.0
KhSs,2,2,4,0.5
KhbB,1,0,1,1.0
KhbH,0,1,1,0.0
KhbL,1,2,3,0.33
KhbM,0,2,2,0.0
KhbN,0,2,2,0.0
KhbP,1,1,2,0.5
KhbS,1,3,4,0.25
Khbb,3,1,4,0.75
Khbl,1,0,1,1.0
Khbm,1,1,2,0.5
Khbn,1,1,2,0.5
Khbs,1,0,1,1.0
KhhK,1,0,1,1.0
KhhL,0,0,0,
KhhM,2,2,4,0.5
KhhP,2,1,3,0.67
KhhS,0,1,1,0.0
Khhb,1,1,2,0.5
Khhh,1,0,1,1.0
Khhl,2,0,2,1.0
Khhn,1,1,2,0.5
KhlH,1,0,1,1.0
KhlJ,2,0,2,1.0
KhlL,1,0,1,1.0
KhlM,0,1,1,0.0
KhlN,0,1,1,0.0
KhlP,0,3,3,0.0
KhlS,0,1,1,0.0
Khlb,1,1,2,0.5
Khll,1,2,3,0.33
Khln,2,0,2,1.0
KhmB,0,1,1,0.0
KhmL,0,1,1,0.0
KhmM,1,0,1,1.0
KhmN,0,1,1,0.0
KhmP,0,0,0,
KhmS,0,1,1,0.0
Khml,1,0,1,1.0
KhnB,1,0,1,1.0
KhnK,0,2,2,0.0
KhnL,1,2,3,0.33
KhnM,0,1,1,0.0
KhnN,0,1,1,0.0
KhnP,0,0,0,
KhnS,0,1,1,0.0
Khnb,2,1,3,0.67
Khnl,2,0,2,1.0
Khnm,1,1,2,0.5
Khnn,1,1,2,0.5
KhsB,0,1,1,0.0
KhsD,0,0,0,
KhsH,1,0,1,1.0
KhsM,0,1,1,0.0
KhsN,0,0,0,
KhsP,0,1,1,0.0
Khsb,0,1,1,0.0
Khsl,0,1,1,0.0
KhtL,0,0,0,
KlBB,0,0,0,
KlBL,1,0,1,1.0
KlBN,1,0,1,1.0
KlBP,1,0,1,1.0
KlBl,0,1,1,0.0
KlDL,0,1,1,0.0
KlHN,2,1,3,0.67
KlHP,1,0,1,1.0
KlHS,0,0,0,
KlHb,1,0,1,1.0
KlHl,0,0,0,
KlHn,0,0,0,
KlHs,1,0,1,1.0
KlIB,0,0,0,
KlIn,1,0,1,1.0
KlJh,1,0,1,1.0
KlJn,0,1,1,0.0
KlJs,0,0,0,
KlKn,1,0,1,1.0
KlLB,1,0,1,1.0
KlLM,1,0,1,1.0
KlLm,1,0,1,1.0
KlLn,1,1,2,0.5
KlMB,0,1,1,0.0
KlML,1,0,1,1.0
KlMM,1,1,2,0.5
KlMN,0,1,1,0.0
KlMP,2,0,2,1.0
KlMS,0,0,0,
KlMb,3,0,3,1.0
KlMh,1,0,1,1.0
KlMl,0,1,1,0.0
KlMm,0,1,1,0.0
KlMn,1,1,2,0.5
KlMs,0,0,0,
KlNB,1,0,1,1.0
KlND,0,1,1,0.0
KlNH,0,1,1,0.0
KlNK,0,1,1,0.0
KlNL,1,0,1,1.0
KlNM,2,1,3,0.67
KlNN,2,1,3,0.67
KlNP,0,1,1,0.0
KlNS,1,1,2,0.5
KlNb,1,2,3,0.33
KlNl,0,1,1,0.0
KlNn,0,1,1,0.0
KlNs,1,0,1,1.0
KlNt,0,1,1,0.0
KlPB,0,1,1,0.0
KlPH,0,1,1,0.0
KlPK,1,0,1,1.0
KlPN,1,0,1,1.0
KlPP,0,2,2,0.0
KlPS,0,1,1,0.0
KlPb,1,1,2,0.5
KlPl,1,2,3,0.33
KlPm,0,1,1,0.0
KlPn,1,2,3,0.33
KlPt,1,0,1,1.0
KlSH,1,0,1,1.0
KlSN,1,2,3,0.33
KlSb,1,3,4,0.25
KlSl,0,1,1,0.0
KlSn,0,1,1,0.0
KlSs,0,1,1,0.0
KlbI,0,0,0,
KlbK,0,0,0,
KlbN,1,0,1,1.0
KlbP,0,2,2,0.0
Klbb,2,0,2,1.0
Klbl,1,0,1,1.0
Klbm,1,0,1,1.0
Klbn,3,0,3,1.0
KllN,0,1,1,0.0
KllP,0,1,1,0.0
Klls,0,1,1,0.0
KlmL,0,1,1,0.0
KlmM,1,1,2,0.5
KlmN,0,0,0,
KlmP,2,2,4,0.5
KlmS,1,1,2,0.5
Klml,1,0,1,1.0
Klmm,0,1,1,0.0
Klmn,0,1,1,0.0
KlnI,0,0,0,
KlnL,1,0,1,1.0
KlnN,1,0,1,1.0
KlnP,0,0,0,
KlnS,0,1,1,0.0
Klnb,0,2,2,0.0
Klns,1,0,1,1.0
KlsB,0,1,1,0.0
KlsH,1,1,2,0.5
KlsP,1,1,2,0.5
Klsb,0,1,1,0.0
Klsm,0,0,0,
Klsn,1,0,1,1.0
Klss,0,1,1,0.0
KmBB,1,0,1,1.0
KmBL,0,0,0,
KmBM,2,1,3,0.67
KmBN,0,1,1,0.0
KmBP,0,1,1,0.0
KmBb,1,0,1,1.0
KmBj,1,1,2,0.5
KmBn,1,2,3,0.33
KmDS,0,0,0,
KmDs,0,1,1,0.0
KmHB,1,0,1,1.0
KmHK,0,1,1,0.0
KmHM,1,1,2,0.5
KmHP,4,0,4,1.0
KmHb,1,1,2,0.5
KmHh,1,1,2,0.5
KmHl,0,0,0,
KmHm,0,1,1,0.0
KmHn,2,0,2,1.0
KmHs,1,0,1,1.0
KmIP,0,1,1,0.0
KmIn,0,0,0,
KmJN,0,1,1,0.0
KmJS,0,0,0,
KmLB,1,0,1,1.0
KmLM,0,1,1,0.0
KmLP,1,0,1,1.0
KmLb,1,1,2,0.5
KmLn,0,1,1,0.0
KmLs,0,0,0,
KmLt,0,1,1,0.0
KmMM,2,2,4,0.5
KmMP,2,1,3,0.67
KmMS,0,1,1,0.0
KmMb,1,1,2,0.5
KmMh,3,1,4,0.75
KmMj,0,1,1,0.0
KmMl,1,0,1,1.0
KmMm,1,1,2,0.5
KmMn,1,3,4,0.25
KmMs,0,0,0,
KmNH,0,1,1,0.0
KmNL,1,1,2,0.5
KmNM,1,0,1,1.0
KmNP,0,1,1,0.0
KmNS,1,0,1,1.0
KmNl,0,1,1,0.0
KmNn,0,2,2,0.0
KmPB,1,1,2,0.5
KmPM,1,1,2,0.5
KmPN,4,2,6,0.67
KmPP,1,1,2,0.5
KmPS,0,1,1,0.0
KmPb,2,0,2,1.0
KmPl,1,0,1,1.0
KmPm,2,0,2,1.0
KmPs,1,0,1,1.0
KmSH,1,0,1,1.0
KmSM,1,2,3,0.33
KmSN,0,1,1,0.0
KmSP,1,3,4,0.25
KmSS,0,2,2,0.0
KmSh,0,1,1,0.0
KmSl,0,1,1,0.0
KmbB,1,0,1,1.0
KmbD,0,0,0,
KmbH,1,1,2,0.5
KmbM,2,0,2,1.0
KmbN,1,2,3,0.33
KmbP,0,2,2,0.0
KmbS,0,1,1,0.0
Kmbb,1,1,2,0.5
Kmbl,0,1,1,0.0
Kmbm,1,2,3,0.33
Kmbn,1,0,1,1.0
KmlL,0,2,2,0.0
KmlP,0,1,1,0.0
Kmll,1,0,1,1.0
Kmln,2,0,2,1.0
Kmls,1,0,1,1.0
KmmB,1,2,3,0.33
KmmH,1,2,3,0.33
KmmL,1,0,1,1.0
KmmM,0,0,0,
KmmP,0,2,2,0.0
KmmS,0,0,0,
Kmmb,0,0,0,
Kmml,1,0,1,1.0
Kmmm,0,1,1,0.0
Kmmn,1,0,1,1.0
Kmms,0,1,1,0.0
KmnB,0,0,0,
KmnD,1,0,1,1.0
KmnM,1,1,2,0.5
KmnP,2,2,4,0.5
KmnS,1,0,1,1.0
Kmnb,1,0,1,1.0
Kmnl,2,0,2,1.0
Kmnm,0,1,1,0.0
KmsB,1,0,1,1.0
KmsS,1,0,1,1.0
Kmsb,0,1,1,0.0
Kmsm,2,0,2,1.0
Kmsn,0,1,1,0.0
KnBM,0,1,1,0.0
KnBS,0,1,1,0.0
KnBb,0,2,2,0.0
KnBm,0,1,1,0.0
KnBn,0,1,1,0.0
KnBs,0,1,1,0.0
KnBt,0,1,1,0.0
KnDD,1,0,1,1.0
KnDS,1,0,1,1.0
KnDm,0,0,0,
KnHB,1,2,3,0.33
KnHM,1,1,2,0.5
KnHP,1,0,1,1.0
KnHm,2,1,3,0.67
KnHn,1,1,2,0.5
KnIP,1,0,1,1.0
KnIn,0,0,0,
KnKh,0,1,1,0.0
KnKm,1,0,1,1.0
KnKn,0,1,1,0.0
KnLB,3,1,4,0.75
KnLL,1,0,1,1.0
KnLM,1,0,1,1.0
KnLb,0,1,1,0.0
KnLl,1,0,1,1.0
KnLm,1,0,1,1.0
KnMB,1,0,1,1.0
KnML,0,1,1,0.0
KnMN,1,2,3,0.33
KnMP,4,2,6,0.67
KnMS,0,3,3,0.0
KnMb,1,1,2,0.5
KnMh,1,4,5,0.2
KnMl,1,0,1,1.0
KnMn,1,0,1,1.0
KnMt,0,1,1,0.0
KnNB,1,0,1,1.0
KnNL,1,0,1,1.0
KnNM,1,1,2,0.5
KnNN,1,1,2,0.5
KnNP,3,1,4,0.75
KnNS,0,2,2,0.0
KnNb,0,2,2,0.0
KnNh,0,1,1,0.0
KnNl,1,0,1,1.0
KnNn,5,0,5,1.0
KnNs,0,1,1,0.0
KnNt,1,0,1,1.0
KnPB,1,1,2,0.5
KnPK,1,0,1,1.0
KnPL,2,1,3,0.67
KnPM,1,2,3,0.33
KnPN,1,2,3,0.33
KnPP,5,3,8,0.62
KnPS,0,1,1,0.0
KnPb,2,1,3,0.67
KnPl,1,0,1,1.0
KnPm,1,0,1,1.0
KnPn,1,1,2,0.5
KnPs,1,0,1,1.0
KnPt,1,0,1,1.0
KnSM,1,1,2,0.5
KnSN,2,0,2,1.0
KnSP,1,0,1,1.0
KnSS,0,1,1,0.0
KnSb,1,1,2,0.5
KnSh,1,2,3,0.33
KnSl,1,0,1,1.0
KnSn,1,2,3,0.33
KnSs,0,1,1,0.0
KnbB,1,0,1,1.0
KnbH,1,0,1,1.0
KnbJ,2,0,2,1.0
KnbL,1,0,1,1.0
KnbM,1,1,2,0.5
KnbN,3,1,4,0.75
KnbP,1,2,3,0.33
KnbS,1,1,2,0.5
Knbb,1,2,3,0.33
Knbl,1,0,1,1.0
Knbn,0,1,1,0.0
Knbs,1,1,2,0.5
Knhl,1,0,1,1.0
KnlB,1,0,1,1.0
KnlH,0,1,1,0.0
KnlL,0,2,2,0.0
KnlM,0,1,1,0.0
KnlN,0,1,1,0.0
KnlP,1,1,2,0.5
Knlb,0,1,1,0.0
Knlm,1,0,1,1.0
KnmB,0,1,1,0.0
KnmH,1,0,1,1.0
KnmL,1,0,1,1.0
KnmM,1,1,2,0.5
KnmN,1,1,2,0.5
KnmP,0,1,1,0.0
KnmS,0,0,0,
Knmb,1,1,2,0.5
Knml,2,0,2,1.0
Knmm,0,0,0,
Knms,0,0,0,
KnnH,1,1,2,0.5
KnnL,0,1,1,0.0
KnnM,1,2,3,0.33
KnnN,1,1,2,0.5
KnnP,1,2,3,0.33
KnnS,1,0,1,1.0
Knnb,1,0,1,1.0
Knnl,0,0,0,
Knnm,1,0,1,1.0
Knnn,3,1,4,0.75
KnsD,1,0,1,1.0
KnsH,1,0,1,1.0
KnsL,1,1,2,0.5
KnsN,2,1,3,0.67
KnsP,1,3,4,0.25
KnsS,2,1,3,0.67
Knsb,0,2,2,0.0
Knsl,1,0,1,1.0
Knss,0,1,1,0.0
KsBN,0,1,1,0.0
KsBP,2,0,2,1.0
KsBS,1,2,3,0.33
KsBb,1,0,1,1.0
KsBj,0,1,1,0.0
KsBs,0,0,0,
KsBt,1,0,1,1.0
KsDs,0,1,1,0.0
KsHD,0,1,1,0.0
KsHP,3,1,4,0.75
KsHb,1,0,1,1.0
KsHh,0,1,1,0.0
KsHs,0,1,1,0.0
KsIS,0,1,1,0.0
KsKM,1,0,1,1.0
KsKP,0,1,1,0.0
KsKb,1,0,1,1.0
KsLL,0,1,1,0.0
KsLM,0,1,1,0.0
KsLP,1,0,1,1.0
KsLS,0,0,0,
KsLb,0,1,1,0.0
KsLm,1,1,2,0.5
KsLn,1,1,2,0.5
KsMB,1,0,1,1.0
KsMN,1,0,1,1.0
KsMS,1,0,1,1.0
KsMb,0,2,2,0.0
KsMj,2,0,2,1.0
KsMl,1,0,1,1.0
KsMm,1,0,1,1.0
KsMn,1,1,2,0.5
KsNM,1,1,2,0.5
KsNN,1,0,1,1.0
KsNP,0,1,1,0.0
KsNS,2,0,2,1.0
KsNb,0,2,2,0.0
KsNm,0,1,1,0.0
KsNn,2,0,2,1.0
KsNs,1,1,2,0.5
KsNt,0,1,1,0.0
KsPB,0,1,1,0.0
KsPK,0,1,1,0.0
KsPM,1,1,2,0.5
KsPN,2,2,4,0.5
KsPP,2,1,3,0.67
KsPS,1,2,3,0.33
KsPb,2,0,2,1.0
KsPh,1,0,1,1.0
KsPl,1,0,1,1.0
KsPn,1,1,2,0.5
KsPs,0,1,1,0.0
KsSB,1,0,1,1.0
KsSL,1,0,1,1.0
KsSP,1,3,4,0.25
KsSS,1,1,2,0.5
KsSh,1,1,2,0.5
KsSl,1,0,1,1.0
KsSm,1,1,2,0.5
KsbB,0,1,1,0.0
KsbN,3,0,3,1.0
KsbP,0,1,1,0.0
KsbS,1,1,2,0.5
Ksbb,1,0,1,1.0
Ksbn,1,1,2,0.5
Ksbs,1,0,1,1.0
KshB,0,1,1,0.0
KslH,1,0,1,1.0
KslK,1,0,1,1.0
KslN,0,1,1,0.0
Kslb,0,2,2,0.0
Kslm,0,1,1,0.0
Ksln,2,0,2,1.0
KsmB,0,1,1,0.0
KsmH,1,1,2,0.5
KsmM,0,0,0,
KsmS,0,2,2,0.0
Ksmb,0,0,0,
Ksmn,0,1,1,0.0
KsnM,1,0,1,1.0
KsnN,3,0,3,1.0
KsnP,1,0,1,1.0
KsnS,1,2,3,0.33
Ksnb,1,0,1,1.0
Ksnm,1,0,1,1.0
Ksnn,0,1,1,0.0
Ksns,1,0,1,1.0
KssB,1,1,2,0.5
KssN,0,1,1,0.0
KssP,1,1,2,0.5
KssS,1,0,1,1.0
Kssb,1,0,1,1.0
Kssl,0,1,1,0.0
Kssm,1,0,1,1.0
Kssn,1,0,1,1.0
Ksss,1,0,1,1.0
KtBS,0,1,1,0.0
KtHM,1,0,1,1.0
KtHP,0,0,0,
KtLN,0,1,1,0.0
KtLb,1,0,1,1.0
KtMP,0,1,1,0.0
KtMb,1,0,1,1.0
KtMn,0,2,2,0.0
KtMs,0,0,0,
KtNB,1,1,2,0.5
KtNP,0,1,1,0.0
KtNn,0,1,1,0.0
KtPM,1,2,3,0.33
KtPP,2,0,2,1.0
KtPm,0,1,1,0.0
Ktbb,1,0,1,1.0
Ktlb,0,1,1,0.0
KtmN,1,0,1,1.0
KtnS,1,0,1,1.0
Ktss,0,0,0,
LBBB,1,4,5,0.2
LBBL,0,1,1,0.0
LBBM,3,0,3,1.0
LBBN,4,4,8,0.5
LBBP,3,4,7,0.43
LBBS,1,1,2,0.5
LBBb,6,3,9,0.67
LBBh,0,0,0,
LBBj,0,0,0,
LBBl,1,1,2,0.5
LBBm,3,1,4,0.75
LBBn,1,3,4,0.25
LBBs,1,1,2,0.5
LBBt,1,1,2,0.5
LBDM,1,0,1,1.0
LBHP,0,0,0,
LBKn,1,0,1,1.0
LBLB,0,1,1,0.0
LBLL,0,1,1,0.0
LBLM,1,0,1,1.0
LBLN,0,2,2,0.0
LBLP,2,3,5,0.4
LBLb,0,2,2,0.0
LBLj,0,1,1,0.0
LBLl,2,1,3,0.67
LBLm,0,0,0,
LBLn,2,4,6,0.33
LBLs,0,1,1,0.0
LBMB,4,2,6,0.67
LBML,2,1,3,0.67
LBMM,3,2,5,0.6
LBMN,4,2,6,0.67
LBMP,4,9,13,0.31
LBMS,3,0,3,1.0
LBMb,2,3,5,0.4
LBMh,3,1,4,0.75
LBMj,0,1,1,0.0
LBMl,1,1,2,0.5
LBMm,5,3,8,0.62
LBMn,3,4,7,0.43
LBMs,0,3,3,0.0
LBMt,0,3,3,0.0
LBNB,3,3,6,0.5
LBNH,1,0,1,1.0
LBNK,1,1,2,0.5
LBNL,2,1,3,0.67
LBNM,2,2,4,0.5
LBNN,3,2,5,0.6
LBNP,8,5,13,0.62
LBNS,1,2,3,0.33
LBNb,9,3,12,0.75
LBNh,1,4,5,0.2
LBNl,0,1,1,0.0
LBNm,2,3,5,0.4
LBNn,9,6,15,0.6
LBNs,3,2,5,0.6
LBNt,0,1,1,0.0
LBPB,3,4,7,0.43
LBPH,0,1,1,0.0
LBPL,2,2,4,0.5
LBPM,3,14,17,0.18
LBPN,3,8,11,0.27
LBPP,10,10,20,0.5
LBPS,5,2,7,0.71
LBPb,5,5,10,0.5
LBPh,1,1,2,0.5
LBPl,5,6,11,0.45
LBPm,6,3,9,0.67
LBPn,3,4,7,0.43
LBPs,2,3,5,0.4
LBPt,2,0,2,1.0
LBSD,0,0,0,
LBSL,2,1,3,0.67
LBSM,0,1,1,0.0
LBSN,3,4,7,0.43
LBSP,3,4,7,0.43
LBSS,1,0,1,1.0
LBSb,2,1,3,0.67
LBSh,2,2,4,0.5
LBSl,0,1,1,0.0
LBSm,2,1,3,0.67
LBSn,2,2,4,0.5
LBSs,5,1,6,0.83
LBbB,6,6,12,0.5
LBbH,2,0,2,1.0
LBbI,2,1,3,0.67
LBbJ,0,1,1,0.0
LBbL,1,0,1,1.0
LBbM,8,6,14,0.57
LBbN,7,11,18,0.39
LBbP,7,12,19,0.37
LBbS,2,4,6,0.33
LBbb,5,1,6,0.83
LBbl,3,1,4,0.75
LBbm,4,1,5,0.8
LBbn,5,3,8,0.62
LBbs,1,1,2,0.5
LBhM,0,1,1,0.0
LBhN,0,2,2,0.0
LBhP,1,0,1,1.0
LBhb,2,4,6,0.33
LBhl,0,3,3,0.0
LBhm,0,2,2,0.0
LBhn,1,0,1,1.0
LBhs,1,0,1,1.0
LBjB,1,1,2,0.5
LBjL,2,0,2,1.0
LBjM,3,3,6,0.5
LBjN,1,0,1,1.0
LBjP,0,1,1,0.0
LBjS,2,0,2,1.0
LBjb,2,1,3,0.67
LBjh,0,0,0,
LBjl,2,2,4,0.5
LBjm,1,0,1,1.0
LBjn,2,3,5,0.4
LBjs,2,0,2,1.0
LBjt,0,1,1,0.0
LBlB,1,1,2,0.5
LBlH,0,2,2,0.0
LBlI,1,0,1,1.0
LBlJ,1,0,1,1.0
LBlL,1,2,3,0.33
LBlM,1,3,4,0.25
LBlN,1,2,3,0.33
LBlP,3,2,5,0.6
LBlS,1,0,1,1.0
LBlb,2,4,6,0.33
LBll,0,1,1,0.0
LBln,2,2,4,0.5
LBls,2,0,2,1.0
LBmB,1,1,2,0.5
LBmH,1,0,1,1.0
LBmI,0,0,0,
LBmJ,1,1,2,0.5
LBmL,0,3,3,0.0
LBmM,4,4,8,0.5
LBmN,3,4,7,0.43
LBmP,6,2,8,0.75
LBmS,1,1,2,0.5
LBmb,4,4,8,0.5
LBml,2,1,3,0.67
LBmm,4,3,7,0.57
LBmn,6,5,11,0.55
LBms,0,1,1,0.0
LBnB,2,6,8,0.25
LBnH,2,1,3,0.67
LBnI,0,1,1,0.0
LBnK,0,2,2,0.0
LBnL,2,0,2,1.0
LBnM,3,4,7,0.43
LBnN,3,9,12,0.25
LBnP,11,6,17,0.65
LBnS,1,3,4,0.25
LBnb,4,6,10,0.4
LBnl,2,3,5,0.4
LBnm,1,1,2,0.5
LBnn,10,13,23,0.43
LBns,1,1,2,0.5
LBsB,2,0,2,1.0
LBsD,1,0,1,1.0
LBsH,2,1,3,0.67
LBsM,0,2,2,0.0
LBsN,1,4,5,0.2
LBsP,1,1,2,0.5
LBsS,0,2,2,0.0
LBsb,1,1,2,0.5
LBsl,1,1,2,0.5
LBsm,2,2,4,0.5
LBsn,0,2,2,0.0
LBss,1,0,1,1.0
LBtH,0,0,0,
LBtL,2,0,2,1.0
LBtM,1,0,1,1.0
LBtN,1,0,1,1.0
LBtP,1,2,3,0.33
LBtb,2,1,3,0.67
LBtm,0,1,1,0.0
LBtn,1,0,1,1.0
LDBN,1,1,2,0.5
LDBm,1,0,1,1.0
LDBn,0,1,1,0.0
LDBs,0,1,1,0.0
LDHN,0,0,0,
LDHP,0,2,2,0.0
LDHb,0,1,1,0.0
LDHm,1,1,2,0.5
LDHs,1,1,2,0.5
LDLL,1,0,1,1.0
LDLM,0,1,1,0.0
LDLn,1,0,1,1.0
LDML,1,0,1,1.0
LDMM,1,0,1,1.0
LDMh,0,1,1,0.0
LDMn,1,0,1,1.0
LDNM,1,0,1,1.0
LDNb,0,1,1,0.0
LDNs,1,0,1,1.0
LDPB,2,0,2,1.0
LDPL,0,1,1,0.0
LDPN,1,1,2,0.5
LDPP,1,1,2,0.5
LDPS,0,0,0,
LDPb,1,0,1,1.0
LDPm,1,0,1,1.0
LDPt,1,0,1,1.0
LDSN,1,0,1,1.0
LDSb,1,0,1,1.0
LDSs,1,0,1,1.0
LDbJ,1,0,1,1.0
LDbP,0,1,1,0.0
LDlM,1,1,2,0.5
LDls,0,1,1,0.0
LDmJ,1,0,1,1.0
LDmL,1,0,1,1.0
LDmS,0,1,1,0.0
LDmb,1,0,1,1.0
LDmn,0,1,1,0.0
LDnS,0,0,0,
LDnn,0,1,1,0.0
LDsL,1,0,1,1.0
LDsS,0,1,1,0.0
LDsl,0,1,1,0.0
LDtP,1,0,1,1.0
LDtt,1,0,1,1.0
LHBM,1,0,1,1.0
LHBl,0,1,1,0.0
LHMN,0,1,1,0.0
LHMs,1,0,1,1.0
LHNm,1,0,1,1.0
LHPM,2,0,2,1.0
LHPN,1,0,1,1.0
LHPP,1,1,2,0.5
LHPn,0,2,2,0.0
LHSh,1,0,1,1.0
LHSm,1,0,1,1.0
LHbD,1,0,1,1.0
LHmM,1,0,1,1.0
LHmb,0,1,1,0.0
LHnP,0,1,1,0.0
LHsN,1,0,1,1.0
LHsP,0,1,1,0.0
LHsn,0,1,1,0.0
LKBm,0,1,1,0.0
LKBn,1,0,1,1.0
LKBs,0,1,1,0.0
LKLL,0,1,1,0.0
LKLS,0,1,1,0.0
LKMB,1,1,2,0.5
LKMS,0,1,1,0.0
LKMb,1,0,1,1.0
LKMh,0,0,0,
LKMm,1,0,1,1.0
LKMn,2,0,2,1.0
LKNL,0,1,1,0.0
LKNP,1,0,1,1.0
LKPN,1,0,1,1.0
LKPP,2,0,2,1.0
LKPS,0,1,1,0.0
LKPl,1,0,1,1.0
LKPm,3,0,3,1.0
LKPs,0,0,0,
LKSM,1,0,1,1.0
LKSb,0,1,1,0.0
LKSn,0,1,1,0.0
LKbM,0,1,1,0.0
LKbN,0,1,1,0.0
LKbP,1,1,2,0.5
LKbS,0,0,0,
LKbl,1,1,2,0.5
LKhB,0,1,1,0.0
LKhN,1,0,1,1.0
LKhP,1,0,1,1.0
LKhS,0,0,0,
LKhb,0,1,1,0.0
LKhl,0,1,1,0.0
LKhs,1,0,1,1.0
LKlH,0,0,0,
LKlM,1,0,1,1.0
LKlN,1,0,1,1.0
LKlS,0,1,1,0.0
LKlb,1,0,1,1.0
LKlm,0,0,0,
LKmB,1,0,1,1.0
LKmM,0,2,2,0.0
LKmP,0,1,1,0.0
LKmn,1,0,1,1.0
LKnB,1,1,2,0.5
LKnD,1,0,1,1.0
LKnL,0,1,1,0.0
LKnN,1,0,1,1.0
LKnP,0,2,2,0.0
LKnb,0,0,0,
LKns,2,0,2,1.0
LKsL,0,1,1,0.0
LKsM,1,1,2,0.5
LKsP,1,0,1,1.0
LKsm,1,0,1,1.0
LLBL,1,1,2,0.5
LLBM,2,2,4,0.5
LLBN,0,2,2,0.0
LLBP,6,3,9,0.67
LLBS,2,1,3,0.67
LLBb,1,2,3,0.33
LLBj,1,2,3,0.33
LLBm,0,3,3,0.0
LLBn,3,3,6,0.5
LLBs,0,2,2,0.0
LLDb,0,0,0,
LLDn,0,1,1,0.0
LLHs,0,1,1,0.0
LLKb,0,1,1,0.0
LLLB,0,2,2,0.0
LLLM,2,0,2,1.0
LLLN,1,0,1,1.0
LLLb,1,1,2,0.5
LLLl,0,2,2,0.0
LLLm,1,0,1,1.0
LLMB,2,1,3,0.67
LLMM,2,2,4,0.5
LLMN,2,7,9,0.22
LLMP,1,2,3,0.33
LLMb,2,3,5,0.4
LLMh,0,4,4,0.0
LLMj,0,2,2,0.0
LLMl,0,1,1,0.0
LLMm,1,2,3,0.33
LLMn,2,2,4,0.5
LLMt,1,1,2,0.5
LLNB,2,2,4,0.5
LLNL,0,2,2,0.0
LLNM,0,1,1,0.0
LLNN,1,5,6,0.17
LLNP,3,3,6,0.5
LLNS,1,2,3,0.33
LLNb,3,0,3,1.0
LLNh,2,1,3,0.67
LLNl,0,1,1,0.0
LLNm,1,2,3,0.33
LLNn,1,0,1,1.0
LLNs,0,2,2,0.0
LLNt,0,1,1,0.0
LLPB,0,2,2,0.0
LLPD,0,0,0,
LLPH,1,0,1,1.0
LLPK,0,0,0,
LLPL,0,1,1,0.0
LLPM,4,1,5,0.8
LLPN,3,4,7,0.43
LLPP,5,4,9,0.56
LLPS,4,0,4,1.0
LLPb,4,3,7,0.57
LLPl,1,1,2,0.5
LLPm,1,2,3,0.33
LLPn,3,1,4,0.75
LLPs,1,1,2,0.5
LLSB,2,1,3,0.67
LLSH,1,0,1,1.0
LLSL,1,0,1,1.0
LLSM,1,0,1,1.0
LLSN,2,2,4,0.5
LLSS,0,1,1,0.0
LLSb,2,3,5,0.4
LLSh,3,0,3,1.0
LLSl,0,1,1,0.0
LLSm,1,0,1,1.0
LLSn,2,1,3,0.67
LLSs,2,0,2,1.0
LLSt,0,1,1,0.0
LLbB,0,3,3,0.0
LLbH,0,1,1,0.0
LLbI,0,1,1,0.0
LLbK,0,1,1,0.0
LLbL,2,1,3,0.67
LLbM,1,2,3,0.33
LLbN,3,1,4,0.75
LLbP,6,4,10,0.6
LLbS,1,1,2,0.5
LLbb,0,2,2,0.0
LLbl,0,1,1,0.0
LLbm,2,2,4,0.5
LLbn,3,3,6,0.5
LLbs,1,2,3,0.33
LLhB,0,1,1,0.0
LLhH,0,2,2,0.0
LLhM,1,0,1,1.0
LLhN,1,0,1,1.0
LLhP,2,4,6,0.33
LLhb,2,2,4,0.5
LLhh,0,1,1,0.0
LLhl,2,0,2,1.0
LLhm,0,1,1,0.0
LLhn,0,2,2,0.0
LLhs,0,1,1,0.0
LLjM,2,1,3,0.67
LLjP,2,2,4,0.5
LLjS,1,2,3,0.33
LLjb,1,2,3,0.33
LLjn,1,0,1,1.0
LLjt,0,1,1,0.0
LLlH,2,0,2,1.0
LLlL,2,1,3,0.67
LLlN,4,0,4,1.0
LLlP,2,1,3,0.67
LLlS,0,1,1,0.0
LLlb,0,2,2,0.0
LLll,0,1,1,0.0
LLlm,1,1,2,0.5
LLln,0,1,1,0.0
LLls,1,0,1,1.0
LLmB,1,1,2,0.5
LLmH,0,1,1,0.0
LLmI,0,1,1,0.0
LLmJ,1,0,1,1.0
LLmL,1,2,3,0.33
LLmM,1,1,2,0.5
LLmN,1,0,1,1.0
LLmP,3,2,5,0.6
LLmS,0,2,2,0.0
LLmb,2,0,2,1.0
LLml,0,0,0,
LLmm,1,0,1,1.0
LLmn,3,1,4,0.75
LLms,1,2,3,0.33
LLnB,2,3,5,0.4
LLnL,0,1,1,0.0
LLnM,2,5,7,0.29
LLnN,6,7,13,0.46
LLnP,4,5,9,0.44
LLnS,4,3,7,0.57
LLnb,0,1,1,0.0
LLnl,1,0,1,1.0
LLnm,3,1,4,0.75
LLnn,4,4,8,0.5
LLns,2,2,4,0.5
LLsB,1,3,4,0.25
LLsH,1,1,2,0.5
LLsL,1,0,1,1.0
LLsM,2,1,3,0.67
LLsN,3,2,5,0.6
LLsP,2,0,2,1.0
LLsS,1,0,1,1.0
LLsb,0,1,1,0.0
LLsl,1,0,1,1.0
LLsm,1,1,2,0.5
LLsn,2,3,5,0.4
LLtB,1,0,1,1.0
LLtH,0,1,1,0.0
LLtL,1,0,1,1.0
LLtM,1,0,1,1.0
LLtN,0,1,1,0.0
LLtP,0,1,1,0.0
LLtb,0,1,1,0.0
LLtm,1,1,2,0.5
LLtn,1,1,2,0.5
LLtt,0,1,1,0.0
LMBB,8,5,13,0.62
LMBD,0,1,1,0.0
LMBL,1,2,3,0.33
LMBM,2,2,4,0.5
LMBN,5,8,13,0.38
LMBP,4,5,9,0.44
LMBS,1,4,5,0.2
LMBb,4,7,11,0.36
LMBh,0,0,0,
LMBj,3,1,4,0.75
LMBl,1,0,1,1.0
LMBm,0,2,2,0.0
LMBn,6,1,7,0.86
LMBs,1,0,1,1.0
LMBt,0,2,2,0.0
LMDM,1,1,2,0.5
LMDN,2,0,2,1.0
LMDP,0,0,0,
LMDb,1,0,1,1.0
LMDl,0,0,0,
LMDm,1,0,1,1.0
LMDn,0,2,2,0.0
LMDs,1,1,2,0.5
LMLB,0,1,1,0.0
LMLH,0,0,0,
LMLL,1,0,1,1.0
LMLM,4,1,5,0.8
LMLN,4,3,7,0.57
LMLP,2,0,2,1.0
LMLS,2,1,3,0.67
LMLb,2,4,6,0.33
LMLh,0,1,1,0.0
LMLj,0,1,1,0.0
LMLl,2,1,3,0.67
LMLm,3,1,4,0.75
LMLn,0,2,2,0.0
LMLs,2,2,4,0.5
LMLt,1,0,1,1.0
LMMB,6,2,8,0.75
LMMD,0,1,1,0.0
LMMK,1,0,1,1.0
LMML,2,1,3,0.67
LMMM,3,6,9,0.33
LMMN,8,6,14,0.57
LMMP,3,6,9,0.33
LMMS,1,2,3,0.33
LMMb,7,9,16,0.44
LMMh,1,2,3,0.33
LMMj,0,1,1,0.0
LMMl,1,3,4,0.25
LMMm,6,0,6,1.0
LMMn,5,10,15,0.33
LMMs,1,1,2,0.5
LMMt,1,1,2,0.5
LMNB,4,1,5,0.8
LMNL,2,3,5,0.4
LMNM,5,8,13,0.38
LMNN,6,3,9,0.67
LMNP,5,4,9,0.56
LMNS,4,2,6,0.67
LMNb,4,4,8,0.5
LMNh,2,0,2,1.0
LMNl,1,2,3,0.33
LMNm,3,3,6,0.5
LMNn,8,14,22,0.36
LMNs,1,4,5,0.2
LMNt,2,2,4,0.5
LMPB,9,5,14,0.64
LMPH,2,3,5,0.4
LMPK,0,1,1,0.0
LMPL,4,1,5,0.8
LMPM,7,5,12,0.58
LMPN,6,5,11,0.55
LMPP,12,13,25,0.48
LMPS,1,1,2,0.5
LMPb,10,8,18,0.56
LMPh,1,1,2,0.5
LMPl,1,3,4,0.25
LMPm,9,4,13,0.69
LMPn,4,4,8,0.5
LMPs,5,1,6,0.83
LMSB,1,3,4,0.25
LMSH,1,1,2,0.5
LMSL,2,1,3,0.67
LMSM,4,1,5,0.8
LMSN,2,4,6,0.33
LMSP,4,6,10,0.4
LMSS,1,2,3,0.33
LMSb,1,2,3,0.33
LMSh,1,2,3,0.33
LMSl,0,1,1,0.0
LMSm,2,1,3,0.67
LMSn,3,3,6,0.5
LMSs,3,2,5,0.6
LMbB,2,7,9,0.22
LMbD,0,1,1,0.0
LMbH,2,2,4,0.5
LMbI,1,0,1,1.0
LMbJ,1,2,3,0.33
LMbK,0,0,0,
LMbL,3,2,5,0.6
LMbM,8,4,12,0.67
LMbN,10,12,22,0.45
LMbP,3,8,11,0.27
LMbS,6,2,8,0.75
LMbb,13,4,17,0.76
LMbl,3,1,4,0.75
LMbm,9,5,14,0.64
LMbn,2,10,12,0.17
LMbs,3,2,5,0.6
LMhB,2,3,5,0.4
LMhD,0,1,1,0.0
LMhH,1,0,1,1.0
LMhI,0,1,1,0.0
LMhL,1,2,3,0.33
LMhM,1,3,4,0.25
LMhN,3,6,9,0.33
LMhP,4,10,14,0.29
LMhS,1,4,5,0.2
LMhb,4,6,10,0.4
LMhh,5,3,8,0.62
LMhl,4,4,8,0.5
LMhm,3,3,6,0.5
LMhn,6,5,11,0.55
LMhs,1,5,6,0.17
LMht,1,0,1,1.0
LMjB,0,1,1,0.0
LMjH,1,0,1,1.0
LMjK,1,0,1,1.0
LMjL,0,0,0,
LMjM,3,2,5,0.6
LMjN,0,1,1,0.0
LMjP,3,1,4,0.75
LMjS,1,1,2,0.5
LMjb,4,1,5,0.8
LMjl,3,0,3,1.0
LMjm,0,3,3,0.0
LMjn,1,1,2,0.5
LMjt,1,1,2,0.5
LMlB,3,0,3,1.0
LMlH,6,0,6,1.0
LMlL,0,2,2,0.0
LMlM,1,1,2,0.5
LMlN,2,3,5,0.4
LMlP,3,5,8,0.38
LMlS,2,2,4,0.5
LMlb,2,1,3,0.67
LMll,2,1,3,0.67
LMlm,1,1,2,0.5
LMln,1,2,3,0.33
LMls,1,1,2,0.5
LMmB,1,3,4,0.25
LMmD,2,0,2,1.0
LMmH,2,6,8,0.25
LMmI,0,1,1,0.0
LMmJ,0,1,1,0.0
LMmL,2,0,2,1.0
LMmM,5,3,8,0.62
LMmN,1,1,2,0.5
LMmP,5,8,13,0.38
LMmS,3,1,4,0.75
LMmb,1,3,4,0.25
LMml,2,1,3,0.67
LMmm,4,3,7,0.57
LMmn,6,7,13,0.46
LMnB,7,8,15,0.47
LMnD,0,1,1,0.0
LMnH,3,1,4,0.75
LMnI,2,0,2,1.0
LMnK,1,2,3,0.33
LMnL,3,2,5,0.6
LMnM,9,12,21,0.43
LMnN,19,13,32,0.59
LMnP,8,11,19,0.42
LMnS,4,3,7,0.57
LMnb,5,8,13,0.38
LMnh,1,0,1,1.0
LMnl,0,3,3,0.0
LMnm,2,6,8,0.25
LMnn,5,7,12,0.42
LMns,4,7,11,0.36
LMsB,1,1,2,0.5
LMsH,5,3,8,0.62
LMsI,1,0,1,1.0
LMsM,1,1,2,0.5
LMsN,3,6,9,0.33
LMsP,8,8,16,0.5
LMsS,0,3,3,0.0
LMsb,3,2,5,0.6
LMsl,0,0,0,
LMsm,4,4,8,0.5
LMsn,1,2,3,0.33
LMss,2,3,5,0.4
LMtH,0,1,1,0.0
LMtN,2,0,2,1.0
LMtP,1,4,5,0.2
LMtS,1,0,1,1.0
LMtb,3,1,4,0.75
LMtm,0,0,0,
LMtn,1,0,1,1.0
LMts,1,1,2,0.5
LNBB,5,4,9,0.56
LNBL,0,3,3,0.0
LNBM,4,2,6,0.67
LNBN,4,6,10,0.4
LNBP,4,6,10,0.4
LNBS,4,1,5,0.8
LNBb,1,3,4,0.25
LNBh,1,0,1,1.0
LNBj,0,1,1,0.0
LNBl,1,1,2,0.5
LNBm,5,0,5,1.0
LNBn,4,5,9,0.44
LNBs,0,2,2,0.0
LNBt,0,1,1,0.0
LNDB,0,1,1,0.0
LNDH,0,1,1,0.0
LNDM,1,0,1,1.0
LNDN,1,0,1,1.0
LNDl,1,0,1,1.0
LNDm,1,0,1,1.0
LNDn,0,0,0,
LNHB,0,1,1,0.0
LNHL,0,0,0,
LNHM,2,0,2,1.0
LNHN,2,0,2,1.0
LNHP,1,1,2,0.5
LNHb,1,0,1,1.0
LNHh,1,0,1,1.0
LNHm,0,1,1,0.0
LNHn,1,1,2,0.5
LNHs,0,1,1,0.0
LNKB,0,1,1,0.0
LNKb,2,1,3,0.67
LNKl,1,0,1,1.0
LNKm,1,0,1,1.0
LNKn,0,0,0,
LNLB,1,3,4,0.25
LNLL,0,0,0,
LNLM,0,2,2,0.0
LNLN,1,0,1,1.0
LNLP,4,3,7,0.57
LNLS,1,1,2,0.5
LNLb,2,4,6,0.33
LNLh,1,1,2,0.5
LNLl,0,1,1,0.0
LNLm,1,2,3,0.33
LNLn,3,1,4,0.75
LNLt,0,2,2,0.0
LNMB,3,4,7,0.43
LNML,1,5,6,0.17
LNMM,5,4,9,0.56
LNMN,3,4,7,0.43
LNMP,9,7,16,0.56
LNMS,1,1,2,0.5
LNMb,3,7,10,0.3
LNMh,3,2,5,0.6
LNMj,1,2,3,0.33
LNMl,2,0,2,1.0
LNMm,2,4,6,0.33
LNMn,7,6,13,0.54
LNMs,1,2,3,0.33
LNNB,3,4,7,0.43
LNNH,1,1,2,0.5
LNNK,0,0,0,
LNNL,0,2,2,0.0
LNNM,4,3,7,0.57
LNNN,8,8,16,0.5
LNNP,9,11,20,0.45
LNNS,5,4,9,0.56
LNNb,8,6,14,0.57
LNNh,1,2,3,0.33
LNNl,1,4,5,0.2
LNNm,4,3,7,0.57
LNNn,7,6,13,0.54
LNNs,1,5,6,0.17
LNPB,7,5,12,0.58
LNPH,1,2,3,0.33
LNPI,0,1,1,0.0
LNPL,8,4,12,0.67
LNPM,8,8,16,0.5
LNPN,10,4,14,0.71
LNPP,8,11,19,0.42
LNPS,3,5,8,0.38
LNPb,4,6,10,0.4
LNPh,1,1,2,0.5
LNPl,5,1,6,0.83
LNPm,2,8,10,0.2
LNPn,11,12,23,0.48
LNPs,5,3,8,0.62
LNSB,1,2,3,0.33
LNSD,1,0,1,1.0
LNSH,1,2,3,0.33
LNSL,1,1,2,0.5
LNSM,3,3,6,0.5
LNSN,2,5,7,0.29
LNSP,7,7,14,0.5
LNSS,4,2,6,0.67
LNSb,3,2,5,0.6
LNSh,1,0,1,1.0
LNSl,1,2,3,0.33
LNSm,4,3,7,0.57
LNSn,7,5,12,0.58
LNSs,0,0,0,
LNSt,1,1,2,0.5
LNbB,4,3,7,0.57
LNbH,3,3,6,0.5
LNbI,0,0,0,
LNbJ,1,0,1,1.0
LNbK,1,0,1,1.0
LNbL,0,1,1,0.0
LNbM,4,7,11,0.36
LNbN,9,6,15,0.6
LNbP,11,3,14,0.79
LNbS,2,2,4,0.5
LNbb,4,5,9,0.44
LNbl,2,2,4,0.5
LNbm,4,1,5,0.8
LNbn,7,4,11,0.64
LNbs,3,3,6,0.5
LNhB,1,1,2,0.5
LNhD,1,0,1,1.0
LNhL,0,1,1,0.0
LNhM,1,2,3,0.33
LNhN,1,5,6,0.17
LNhP,3,1,4,0.75
LNhS,1,3,4,0.25
LNhb,3,2,5,0.6
LNhh,1,0,1,1.0
LNhl,2,2,4,0.5
LNhm,1,2,3,0.33
LNhn,3,2,5,0.6
LNhs,3,2,5,0.6
LNlB,2,2,4,0.5
LNlH,2,2,4,0.5
LNlJ,1,1,2,0.5
LNlL,0,0,0,
LNlM,2,1,3,0.67
LNlN,1,3,4,0.25
LNlP,3,4,7,0.43
LNlS,2,1,3,0.67
LNlb,1,2,3,0.33
LNll,2,1,3,0.67
LNlm,1,1,2,0.5
LNln,2,2,4,0.5
LNls,0,1,1,0.0
LNmB,3,4,7,0.43
LNmD,1,0,1,1.0
LNmH,6,5,11,0.55
LNmJ,1,0,1,1.0
LNmL,4,1,5,0.8
LNmM,2,3,5,0.4
LNmN,5,10,15,0.33
LNmP,5,2,7,0.71
LNmS,3,3,6,0.5
LNmb,2,4,6,0.33
LNml,3,0,3,1.0
LNmm,3,0,3,1.0
LNmn,4,4,8,0.5
LNms,4,2,6,0.67
LNnB,2,5,7,0.29
LNnD,0,2,2,0.0
LNnH,3,5,8,0.38
LNnI,1,0,1,1.0
LNnL,2,2,4,0.5
LNnM,7,6,13,0.54
LNnN,8,9,17,0.47
LNnP,8,16,24,0.33
LNnS,5,4,9,0.56
LNnb,5,4,9,0.56
LNnl,3,5,8,0.38
LNnm,4,2,6,0.67
LNnn,8,10,18,0.44
LNns,3,3,6,0.5
LNnt,1,0,1,1.0
LNsB,2,1,3,0.67
LNsH,1,5,6,0.17
LNsI,2,0,2,1.0
LNsL,2,0,2,1.0
LNsM,0,3,3,0.0
LNsN,1,1,2,0.5
LNsP,4,6,10,0.4
LNsS,1,5,6,0.17
LNsl,0,1,1,0.0
LNsm,2,2,4,0.5
LNsn,5,3,8,0.62
LNss,1,3,4,0.25
LNtK,1,0,1,1.0
LNtL,1,0,1,1.0
LNtM,3,0,3,1.0
LNtN,0,2,2,0.0
LNtP,1,2,3,0.33
LNtS,0,3,3,0.0
LNtb,2,3,5,0.4
LNtn,0,3,3,0.0
LNts,2,0,2,1.0
LPBB,0,3,3,0.0
LPBL,1,3,4,0.25
LPBM,5,7,12,0.42
LPBN,2,5,7,0.29
LPBP,2,7,9,0.22
LPBS,1,2,3,0.33
LPBb,4,4,8,0.5
LPBj,0,1,1,0.0
LPBl,2,1,3,0.67
LPBm,3,0,3,1.0
LPBn,10,9,19,0.53
LPBs,2,2,4,0.5
LPBt,2,1,3,0.67
LPDL,1,0,1,1.0
LPDP,2,0,2,1.0
LPDS,0,1,1,0.0
LPDb,1,0,1,1.0
LPDs,1,0,1,1.0
LPHB,1,2,3,0.33
LPHD,0,1,1,0.0
LPHH,1,0,1,1.0
LPHK,1,0,1,1.0
LPHL,0,1,1,0.0
LPHM,0,4,4,0.0
LPHN,2,3,5,0.4
LPHP,2,1,3,0.67
LPHS,0,1,1,0.0
LPHb,0,1,1,0.0
LPHl,5,0,5,1.0
LPHn,2,5,7,0.29
LPHs,2,1,3,0.67
LPIB,1,0,1,1.0
LPIH,1,0,1,1.0
LPKL,1,0,1,1.0
LPKN,1,0,1,1.0
LPKP,1,0,1,1.0
LPKS,1,1,2,0.5
LPKb,0,0,0,
LPKh,1,0,1,1.0
LPKl,0,0,0,
LPKm,0,0,0,
LPKn,0,1,1,0.0
LPKs,0,1,1,0.0
LPLB,1,3,4,0.25
LPLD,0,1,1,0.0
LPLL,0,3,3,0.0
LPLM,6,2,8,0.75
LPLN,0,5,5,0.0
LPLP,3,3,6,0.5
LPLS,1,6,7,0.14
LPLb,5,3,8,0.62
LPLh,1,1,2,0.5
LPLj,0,0,0,
LPLl,3,2,5,0.6
LPLm,2,3,5,0.4
LPLn,5,7,12,0.42
LPLs,2,2,4,0.5
LPLt,1,1,2,0.5
LPMB,3,9,12,0.25
LPMD,0,1,1,0.0
LPML,3,1,4,0.75
LPMM,8,12,20,0.4
LPMN,3,5,8,0.38
LPMP,5,9,14,0.36
LPMS,1,1,2,0.5
LPMb,6,9,15,0.4
LPMh,4,7,11,0.36
LPMj,1,3,4,0.25
LPMl,1,5,6,0.17
LPMm,2,2,4,0.5
LPMn,11,10,21,0.52
LPMs,5,4,9,0.56
LPNB,3,2,5,0.6
LPND,2,1,3,0.67
LPNH,0,1,1,0.0
LPNL,3,5,8,0.38
LPNM,4,9,13,0.31
LPNN,7,6,13,0.54
LPNP,10,10,20,0.5
LPNS,4,4,8,0.5
LPNb,8,7,15,0.53
LPNh,1,5,6,0.17
LPNl,7,2,9,0.78
LPNm,9,6,15,0.6
LPNn,6,6,12,0.5
LPNs,2,3,5,0.4
LPNt,1,2,3,0.33
LPPB,7,10,17,0.41
LPPD,1,1,2,0.5
LPPI,1,0,1,1.0
LPPK,3,0,3,1.0
LPPL,9,12,21,0.43
LPPM,6,17,23,0.26
LPPN,6,5,11,0.55
LPPP,15,20,35,0.43
LPPS,10,8,18,0.56
LPPb,10,10,20,0.5
LPPh,2,1,3,0.67
LPPl,7,8,15,0.47
LPPm,9,9,18,0.5
LPPn,9,11,20,0.45
LPPs,3,6,9,0.33
LPPt,0,0,0,
LPSB,1,1,2,0.5
LPSD,1,0,1,1.0
LPSH,0,1,1,0.0
LPSL,2,2,4,0.5
LPSM,3,3,6,0.5
LPSN,1,4,5,0.2
LPSP,12,6,18,0.67
LPSS,5,6,11,0.45
LPSb,6,5,11,0.55
LPSh,1,3,4,0.25
LPSl,6,2,8,0.75
LPSm,2,2,4,0.5
LPSn,4,7,11,0.36
LPSs,5,2,7,0.71
LPSt,2,1,3,0.67
LPbB,5,4,9,0.56
LPbH,5,1,6,0.83
LPbI,2,0,2,1.0
LPbJ,5,0,5,1.0
LPbK,0,1,1,0.0
LPbL,4,2,6,0.67
LPbM,9,8,17,0.53
LPbN,8,7,15,0.53
LPbP,15,10,25,0.6
LPbS,5,1,6,0.83
LPbb,8,5,13,0.62
LPbl,4,2,6,0.67
LPbm,5,2,7,0.71
LPbn,5,4,9,0.56
LPbs,4,4,8,0.5
LPhB,0,1,1,0.0
LPhN,1,0,1,1.0
LPhP,0,1,1,0.0
LPhh,1,1,2,0.5
LPhm,0,1,1,0.0
LPlB,5,2,7,0.71
LPlH,2,2,4,0.5
LPlI,0,1,1,0.0
LPlJ,1,0,1,1.0
LPlL,3,3,6,0.5
LPlM,5,3,8,0.62
LPlN,3,6,9,0.33
LPlP,1,8,9,0.11
LPlS,1,3,4,0.25
LPlb,4,3,7,0.57
LPll,5,3,8,0.62
LPlm,4,2,6,0.67
LPln,1,4,5,0.2
LPls,3,1,4,0.75
LPmB,3,1,4,0.75
LPmH,7,3,10,0.7
LPmI,1,1,2,0.5
LPmJ,1,3,4,0.25
LPmL,0,6,6,0.0
LPmM,7,5,12,0.58
LPmN,8,6,14,0.57
LPmP,5,9,14,0.36
LPmS,4,3,7,0.57
LPmb,5,5,10,0.5
LPml,2,2,4,0.5
LPmm,4,5,9,0.44
LPmn,3,0,3,1.0
LPms,2,3,5,0.4
LPnB,4,0,4,1.0
LPnD,1,0,1,1.0
LPnH,2,3,5,0.4
LPnL,1,3,4,0.25
LPnM,13,6,19,0.68
LPnN,6,6,12,0.5
LPnP,10,11,21,0.48
LPnS,5,3,8,0.62
LPnb,6,7,13,0.46
LPnh,2,1,3,0.67
LPnl,3,2,5,0.6
LPnm,6,3,9,0.67
LPnn,3,6,9,0.33
LPns,2,6,8,0.25
LPsB,2,3,5,0.4
LPsD,1,0,1,1.0
LPsH,1,4,5,0.2
LPsI,1,0,1,1.0
LPsL,2,0,2,1.0
LPsM,4,5,9,0.44
LPsN,6,2,8,0.75
LPsP,4,7,11,0.36
LPsS,9,6,15,0.6
LPsb,3,1,4,0.75
LPsh,1,0,1,1.0
LPsl,2,4,6,0.33
LPsm,3,4,7,0.43
LPsn,1,7,8,0.12
LPss,1,2,3,0.33
LPtH,0,0,0,
LPtL,1,0,1,1.0
LPtM,1,1,2,0.5
LPtN,0,1,1,0.0
LPtP,2,2,4,0.5
LPtS,1,0,1,1.0
LPtb,1,0,1,1.0
LPtl,1,0,1,1.0
LSBB,0,0,0,
LSBL,0,1,1,0.0
LSBM,1,2,3,0.33
LSBN,5,4,9,0.56
LSBP,3,1,4,0.75
LSBS,0,1,1,0.0
LSBb,2,3,5,0.4
LSBh,0,1,1,0.0
LSBj,0,1,1,0.0
LSBl,0,3,3,0.0
LSBm,0,1,1,0.0
LSBn,2,0,2,1.0
LSBs,1,0,1,1.0
LSBt,0,1,1,0.0
LSDB,1,0,1,1.0
LSDP,1,0,1,1.0
LSHB,0,1,1,0.0
LSHN,0,3,3,0.0
LSHP,0,1,1,0.0
LSHS,0,1,1,0.0
LSHb,1,0,1,1.0
LSHl,1,1,2,0.5
LSHm,0,1,1,0.0
LSHn,3,1,4,0.75
LSHs,2,0,2,1.0
LSKL,0,1,1,0.0
LSKM,1,0,1,1.0
LSKN,0,2,2,0.0
LSKl,0,1,1,0.0
LSKn,0,2,2,0.0
LSKs,1,0,1,1.0
LSLB,0,1,1,0.0
LSLK,0,1,1,0.0
LSLL,1,2,3,0.33
LSLM,0,2,2,0.0
LSLN,2,2,4,0.5
LSLP,0,1,1,0.0
LSLS,0,1,1,0.0
LSLb,4,1,5,0.8
LSLh,1,0,1,1.0
LSLl,0,1,1,0.0
LSLm,0,1,1,0.0
LSLn,0,1,1,0.0
LSMB,2,2,4,0.5
LSML,3,0,3,1.0
LSMM,5,0,5,1.0
LSMN,0,2,2,0.0
LSMP,9,8,17,0.53
LSMS,1,4,5,0.2
LSMb,4,1,5,0.8
LSMh,1,4,5,0.2
LSMl,3,1,4,0.75
LSMm,3,2,5,0.6
LSMn,5,4,9,0.56
LSMs,2,1,3,0.67
LSNB,0,2,2,0.0
LSNL,1,1,2,0.5
LSNM,3,1,4,0.75
LSNN,1,4,5,0.2
LSNP,3,5,8,0.38
LSNS,3,4,7,0.43
LSNb,5,4,9,0.56
LSNl,2,0,2,1.0
LSNm,4,2,6,0.67
LSNn,2,4,6,0.33
LSNs,1,0,1,1.0
LSNt,2,1,3,0.67
LSPB,2,2,4,0.5
LSPH,0,2,2,0.0
LSPI,1,0,1,1.0
LSPL,4,2,6,0.67
LSPM,2,8,10,0.2
LSPN,3,6,9,0.33
LSPP,6,8,14,0.43
LSPS,5,2,7,0.71
LSPb,5,8,13,0.38
LSPh,0,1,1,0.0
LSPl,2,0,2,1.0
LSPm,4,1,5,0.8
LSPn,9,6,15,0.6
LSPs,4,3,7,0.57
LSPt,1,0,1,1.0
LSSB,3,1,4,0.75
LSSH,2,3,5,0.4
LSSL,4,0,4,1.0
LSSM,2,6,8,0.25
LSSN,2,2,4,0.5
LSSP,3,3,6,0.5
LSSS,3,4,7,0.43
LSSb,6,3,9,0.67
LSSh,1,1,2,0.5
LSSl,2,2,4,0.5
LSSm,4,4,8,0.5
LSSn,4,1,5,0.8
LSSs,4,1,5,0.8
LSbB,2,6,8,0.25
LSbH,2,1,3,0.67
LSbI,2,1,3,0.67
LSbJ,2,1,3,0.67
LSbK,0,1,1,0.0
LSbL,1,3,4,0.25
LSbM,3,3,6,0.5
LSbN,9,2,11,0.82
LSbP,5,2,7,0.71
LSbS,2,3,5,0.4
LSbb,7,6,13,0.54
LSbl,3,2,5,0.6
LSbm,2,4,6,0.33
LSbn,3,2,5,0.6
LSbs,0,1,1,0.0
LShB,1,2,3,0.33
LShD,0,1,1,0.0
LShI,0,1,1,0.0
LShL,2,0,2,1.0
LShM,2,2,4,0.5
LShN,6,0,6,1.0
LShP,3,5,8,0.38
LShS,3,3,6,0.5
LShb,6,2,8,0.75
LShh,3,1,4,0.75
LShl,1,0,1,1.0
LShm,3,1,4,0.75
LShn,3,2,5,0.6
LShs,4,0,4,1.0
LSht,0,1,1,0.0
LSlB,0,2,2,0.0
LSlH,0,1,1,0.0
LSlK,0,1,1,0.0
LSlL,1,3,4,0.25
LSlM,2,2,4,0.5
LSlN,3,0,3,1.0
LSlP,1,3,4,0.25
LSlS,1,0,1,1.0
LSlb,4,0,4,1.0
LSll,2,0,2,1.0
LSlm,2,2,4,0.5
LSln,1,3,4,0.25
LSls,1,1,2,0.5
LSmB,2,0,2,1.0
LSmD,1,0,1,1.0
LSmH,1,3,4,0.25
LSmI,1,0,1,1.0
LSmK,0,1,1,0.0
LSmL,2,1,3,0.67
LSmM,1,5,6,0.17
LSmN,3,3,6,0.5
LSmP,7,1,8,0.88
LSmS,1,1,2,0.5
LSmb,2,2,4,0.5
LSml,0,2,2,0.0
LSmm,3,2,5,0.6
LSmn,0,3,3,0.0
LSms,3,1,4,0.75
LSnB,1,1,2,0.5
LSnD,1,2,3,0.33
LSnK,2,0,2,1.0
LSnL,1,1,2,0.5
LSnM,1,2,3,0.33
LSnN,8,0,8,1.0
LSnP,9,5,14,0.64
LSnS,2,5,7,0.29
LSnb,3,4,7,0.43
LSnl,1,1,2,0.5
LSnm,4,5,9,0.44
LSnn,5,1,6,0.83
LSns,4,6,10,0.4
LSsB,5,1,6,0.83
LSsD,0,1,1,0.0
LSsH,6,2,8,0.75
LSsI,1,0,1,1.0
LSsL,1,1,2,0.5
LSsM,4,1,5,0.8
LSsN,4,2,6,0.67
LSsP,4,8,12,0.33
LSsS,6,4,10,0.6
LSsb,3,3,6,0.5
LSsh,0,1,1,0.0
LSsl,1,0,1,1.0
LSsm,6,0,6,1.0
LSsn,3,1,4,0.75
LSss,1,3,4,0.25
LStM,1,0,1,1.0
LStP,2,1,3,0.67
LSth,0,1,1,0.0
LStl,0,1,1,0.0
LStn,1,0,1,1.0
LSts,0,1,1,0.0
LbBB,5,6,11,0.45
LbBD,0,1,1,0.0
LbBL,1,1,2,0.5
LbBM,3,3,6,0.5
LbBN,6,3,9,0.67
LbBP,3,6,9,0.33
LbBS,5,0,5,1.0
LbBb,3,4,7,0.43
LbBh,2,1,3,0.67
LbBj,1,2,3,0.33
LbBl,0,2,2,0.0
LbBm,2,4,6,0.33
LbBn,6,6,12,0.5
LbBs,1,3,4,0.25
LbBt,2,0,2,1.0
LbDB,0,1,1,0.0
LbDN,0,1,1,0.0
LbDm,0,1,1,0.0
LbDt,0,1,1,0.0
LbHB,3,2,5,0.6
LbHH,0,0,0,
LbHI,0,0,0,
LbHK,0,1,1,0.0
LbHL,1,1,2,0.5
LbHM,2,0,2,1.0
LbHN,0,3,3,0.0
LbHP,1,4,5,0.2
LbHS,1,0,1,1.0
LbHb,1,2,3,0.33
LbHh,1,0,1,1.0
LbHm,1,0,1,1.0
LbHn,3,2,5,0.6
LbHs,0,2,2,0.0
LbIL,1,0,1,1.0
LbIM,0,2,2,0.0
LbIN,0,1,1,0.0
LbIP,2,1,3,0.67
LbIb,1,0,1,1.0
LbJH,0,1,1,0.0
LbJI,1,1,2,0.5
LbJL,1,0,1,1.0
LbJM,2,1,3,0.67
LbJN,1,1,2,0.5
LbJP,3,4,7,0.43
LbJS,1,2,3,0.33
LbJb,1,1,2,0.5
LbJl,0,1,1,0.0
LbJm,2,0,2,1.0
LbJn,4,1,5,0.8
LbJs,1,1,2,0.5
LbKB,0,1,1,0.0
LbKM,0,3,3,0.0
LbKN,0,0,0,
LbKb,3,1,4,0.75
LbKl,2,0,2,1.0
LbKm,2,0,2,1.0
LbKs,1,0,1,1.0
LbKt,1,0,1,1.0
LbLB,3,2,5,0.6
LbLL,1,2,3,0.33
LbLM,3,1,4,0.75
LbLN,4,6,10,0.4
LbLP,2,3,5,0.4
LbLS,0,1,1,0.0
LbLb,0,1,1,0.0
LbLh,2,0,2,1.0
LbLj,0,1,1,0.0
LbLl,1,2,3,0.33
LbLm,1,2,3,0.33
LbLn,8,2,10,0.8
LbLs,1,1,2,0.5
LbLt,0,1,1,0.0
LbMB,6,5,11,0.55
LbML,1,3,4,0.25
LbMM,4,4,8,0.5
LbMN,6,2,8,0.75
LbMP,9,10,19,0.47
LbMS,2,4,6,0.33
LbMb,4,7,11,0.36
LbMh,5,7,12,0.42
LbMj,3,3,6,0.5
LbMl,1,2,3,0.33
LbMm,7,2,9,0.78
LbMn,7,5,12,0.58
LbMs,2,2,4,0.5
LbMt,1,1,2,0.5
LbNB,4,6,10,0.4
LbNH,1,0,1,1.0
LbNL,5,3,8,0.62
LbNM,4,3,7,0.57
LbNN,4,11,15,0.27
LbNP,7,9,16,0.44
LbNS,6,3,9,0.67
LbNb,8,3,11,0.73
LbNh,3,2,5,0.6
LbNl,5,4,9,0.56
LbNm,7,7,14,0.5
LbNn,11,11,22,0.5
LbNs,6,2,8,0.75
LbNt,2,2,4,0.5
LbPB,4,7,11,0.36
LbPD,1,0,1,1.0
LbPH,5,2,7,0.71
LbPI,1,0,1,1.0
LbPK,2,0,2,1.0
LbPL,4,4,8,0.5
LbPM,11,2,13,0.85
LbPN,5,10,15,0.33
LbPP,14,20,34,0.41
LbPS,10,4,14,0.71
LbPb,5,7,12,0.42
LbPh,1,1,2,0.5
LbPl,3,4,7,0.43
LbPm,6,12,18,0.33
LbPn,4,13,17,0.24
LbPs,5,3,8,0.62
LbPt,0,1,1,0.0
LbSB,1,3,4,0.25
LbSH,2,1,3,0.67
LbSL,3,2,5,0.6
LbSM,3,1,4,0.75
LbSN,5,5,10,0.5
LbSP,7,6,13,0.54
LbSS,2,3,5,0.4
LbSb,2,4,6,0.33
LbSh,3,1,4,0.75
LbSl,1,3,4,0.25
LbSm,2,1,3,0.67
LbSn,5,0,5,1.0
LbSs,3,1,4,0.75
LbSt,0,1,1,0.0
LbbB,5,6,11,0.45
LbbD,1,0,1,1.0
LbbH,4,1,5,0.8
LbbI,0,1,1,0.0
LbbJ,2,1,3,0.67
LbbL,1,1,2,0.5
LbbM,7,6,13,0.54
LbbN,6,11,17,0.35
LbbP,8,9,17,0.47
LbbS,6,6,12,0.5
Lbbb,13,4,17,0.76
Lbbl,3,3,6,0.5
Lbbm,2,5,7,0.29
Lbbn,8,7,15,0.53
Lbbs,2,1,3,0.67
LblB,1,4,5,0.2
LblH,3,1,4,0.75
LblL,2,1,3,0.67
LblM,1,5,6,0.17
LblN,4,6,10,0.4
LblP,2,1,3,0.67
LblS,2,2,4,0.5
Lblb,2,3,5,0.4
Lbll,1,1,2,0.5
Lblm,3,1,4,0.75
Lbln,1,1,2,0.5
Lbls,2,1,3,0.67
LbmB,4,5,9,0.44
LbmH,0,4,4,0.0
LbmI,1,1,2,0.5
LbmL,1,0,1,1.0
LbmM,7,5,12,0.58
LbmN,6,6,12,0.5
LbmP,11,2,13,0.85
LbmS,1,3,4,0.25
Lbmb,5,2,7,0.71
Lbml,0,1,1,0.0
Lbmm,1,5,6,0.17
Lbmn,3,3,6,0.5
Lbms,1,0,1,1.0
LbnB,2,6,8,0.25
LbnH,1,1,2,0.5
LbnK,1,0,1,1.0
LbnL,4,2,6,0.67
LbnM,9,8,17,0.53
LbnN,7,10,17,0.41
LbnP,9,8,17,0.53
LbnS,5,3,8,0.62
Lbnb,6,5,11,0.55
Lbnh,2,0,2,1.0
Lbnl,2,4,6,0.33
Lbnm,8,6,14,0.57
Lbnn,7,10,17,0.41
Lbns,0,6,6,0.0
LbsB,1,5,6,0.17
LbsD,0,1,1,0.0
LbsH,1,1,2,0.5
LbsL,0,0,0,
LbsM,4,0,4,1.0
LbsN,5,6,11,0.45
LbsP,8,6,14,0.57
LbsS,10,5,15,0.67
Lbsb,6,2,8,0.75
Lbsh,0,1,1,0.0
Lbsl,1,2,3,0.33
Lbsm,0,3,3,0.0
Lbsn,3,3,6,0.5
Lbss,1,0,1,1.0
LhBB,1,0,1,1.0
LhBM,3,2,5,0.6
LhBN,3,1,4,0.75
LhBP,1,5,6,0.17
LhBS,2,2,4,0.5
LhBb,1,2,3,0.33
LhBh,0,0,0,
LhBj,1,0,1,1.0
LhBl,0,2,2,0.0
LhBm,2,1,3,0.67
LhBn,2,2,4,0.5
LhBs,1,1,2,0.5
LhDn,0,1,1,0.0
LhHB,0,0,0,
LhHM,0,1,1,0.0
LhHP,1,0,1,1.0
LhHS,1,0,1,1.0
LhHb,1,0,1,1.0
LhHn,2,1,3,0.67
LhHs,2,0,2,1.0
LhKs,1,0,1,1.0
LhLB,1,0,1,1.0
LhLL,1,0,1,1.0
LhLM,0,1,1,0.0
LhLN,2,2,4,0.5
LhLP,0,1,1,0.0
LhLS,2,0,2,1.0
LhLb,4,1,5,0.8
LhLh,2,0,2,1.0
LhLl,0,1,1,0.0
LhLm,1,0,1,1.0
LhLn,2,2,4,0.5
LhMB,2,2,4,0.5
LhML,3,0,3,1.0
LhMM,3,8,11,0.27
LhMN,0,2,2,0.0
LhMP,2,7,9,0.22
LhMS,1,1,2,0.5
LhMb,2,2,4,0.5
LhMh,7,4,11,0.64
LhMj,3,0,3,1.0
LhMl,2,0,2,1.0
LhMm,2,0,2,1.0
LhMn,2,1,3,0.67
LhMs,0,2,2,0.0
LhMt,1,0,1,1.0
LhNB,1,2,3,0.33
LhNK,1,0,1,1.0
LhNL,1,0,1,1.0
LhNM,4,3,7,0.57
LhNN,0,4,4,0.0
LhNP,4,6,10,0.4
LhNS,1,3,4,0.25
LhNb,1,4,5,0.2
LhNh,1,1,2,0.5
LhNl,1,2,3,0.33
LhNm,1,2,3,0.33
LhNn,2,3,5,0.4
LhNs,3,5,8,0.38
LhNt,1,1,2,0.5
LhPB,3,1,4,0.75
LhPH,0,2,2,0.0
LhPL,3,3,6,0.5
LhPM,0,6,6,0.0
LhPN,2,1,3,0.67
LhPP,9,6,15,0.6
LhPS,2,3,5,0.4
LhPb,0,5,5,0.0
LhPh,2,0,2,1.0
LhPl,3,3,6,0.5
LhPm,4,4,8,0.5
LhPn,5,5,10,0.5
LhPs,1,4,5,0.2
LhSB,2,0,2,1.0
LhSH,1,1,2,0.5
LhSL,2,0,2,1.0
LhSM,0,1,1,0.0
LhSN,2,0,2,1.0
LhSP,2,1,3,0.67
LhSS,0,2,2,0.0
LhSb,1,1,2,0.5
LhSh,0,4,4,0.0
LhSl,1,1,2,0.5
LhSm,3,0,3,1.0
LhSn,3,2,5,0.6
LhSs,4,1,5,0.8
LhbB,0,1,1,0.0
LhbD,1,0,1,1.0
LhbH,1,0,1,1.0
LhbJ,1,1,2,0.5
LhbL,2,0,2,1.0
LhbM,4,4,8,0.5
LhbN,3,2,5,0.6
LhbP,9,5,14,0.64
LhbS,4,2,6,0.67
Lhbb,3,3,6,0.5
Lhbl,3,0,3,1.0
Lhbm,1,2,3,0.33
Lhbn,2,4,6,0.33
Lhbs,2,1,3,0.67
LhhB,0,0,0,
LhhL,0,3,3,0.0
LhhM,2,2,4,0.5
LhhN,3,2,5,0.6
LhhP,3,5,8,0.38
LhhS,4,4,8,0.5
Lhhb,3,1,4,0.75
Lhhh,2,3,5,0.4
Lhhl,1,0,1,1.0
Lhhm,2,3,5,0.4
Lhhn,2,1,3,0.67
Lhhs,0,2,2,0.0
LhlB,1,0,1,1.0
LhlD,1,0,1,1.0
LhlH,0,1,1,0.0
LhlJ,1,0,1,1.0
LhlK,0,0,0,
LhlL,2,2,4,0.5
LhlM,0,1,1,0.0
LhlN,2,0,2,1.0
LhlP,2,2,4,0.5
LhlS,2,2,4,0.5
Lhlb,2,0,2,1.0
Lhll,2,0,2,1.0
Lhlm,2,1,3,0.67
Lhln,1,1,2,0.5
Lhls,1,0,1,1.0
LhmB,0,1,1,0.0
LhmH,0,3,3,0.0
LhmJ,0,1,1,0.0
LhmL,0,2,2,0.0
LhmM,1,2,3,0.33
LhmN,2,1,3,0.67
LhmP,1,2,3,0.33
Lhmb,3,1,4,0.75
Lhmm,1,0,1,1.0
Lhmn,1,1,2,0.5
Lhms,1,1,2,0.5
LhnB,3,1,4,0.75
LhnH,1,1,2,0.5
LhnI,0,1,1,0.0
LhnK,1,0,1,1.0
LhnL,2,1,3,0.67
LhnM,4,2,6,0.67
LhnN,8,2,10,0.8
LhnP,10,5,15,0.67
LhnS,0,6,6,0.0
Lhnb,3,5,8,0.38
Lhnm,4,2,6,0.67
Lhnn,1,2,3,0.33
Lhns,2,2,4,0.5
LhsB,1,2,3,0.33
LhsD,1,0,1,1.0
LhsH,2,1,3,0.67
LhsL,0,0,0,
LhsM,0,2,2,0.0
LhsN,1,3,4,0.25
LhsP,8,3,11,0.73
LhsS,5,1,6,0.83
Lhsb,2,2,4,0.5
Lhsl,2,0,2,1.0
Lhsm,2,1,3,0.67
Lhsn,1,1,2,0.5
Lhss,2,0,2,1.0
LhtM,0,0,0,
LhtN,0,1,1,0.0
LhtP,2,1,3,0.67
Lhtm,0,1,1,0.0
LjBB,1,0,1,1.0
LjBK,0,1,1,0.0
LjBM,0,1,1,0.0
LjBN,2,1,3,0.67
LjBP,1,1,2,0.5
LjBS,1,0,1,1.0
LjBb,0,3,3,0.0
LjBl,1,0,1,1.0
LjBm,1,3,4,0.25
LjBn,2,2,4,0.5
LjHH,0,1,1,0.0
LjHI,0,1,1,0.0
LjHN,0,1,1,0.0
LjHb,2,0,2,1.0
LjHh,1,0,1,1.0
LjHl,0,1,1,0.0
LjHm,0,2,2,0.0
LjHs,0,0,0,
LjIM,0,1,1,0.0
LjKL,0,1,1,0.0
LjKS,1,0,1,1.0
LjLB,1,2,3,0.33
LjLL,1,1,2,0.5
LjLM,4,0,4,1.0
LjLN,1,1,2,0.5
LjLS,3,0,3,1.0
LjLb,1,0,1,1.0
LjLj,0,1,1,0.0
LjLl,1,0,1,1.0
LjLn,0,0,0,
LjLs,1,1,2,0.5
LjLt,0,0,0,
LjMB,1,2,3,0.33
LjML,0,1,1,0.0
LjMM,2,3,5,0.4
LjMN,3,0,3,1.0
LjMP,2,0,2,1.0
LjMS,0,1,1,0.0
LjMb,1,1,2,0.5
LjMh,1,2,3,0.33
LjMj,2,0,2,1.0
LjMl,3,1,4,0.75
LjMm,1,0,1,1.0
LjMn,2,2,4,0.5
LjMs,2,3,5,0.4
LjNB,0,1,1,0.0
LjND,1,0,1,1.0
LjNH,0,1,1,0.0
LjNL,0,1,1,0.0
LjNM,1,2,3,0.33
LjNN,2,1,3,0.67
LjNP,3,3,6,0.5
LjNS,1,1,2,0.5
LjNb,3,2,5,0.6
LjNh,0,2,2,0.0
LjNl,0,4,4,0.0
LjNm,0,0,0,
LjNn,3,4,7,0.43
LjNs,0,3,3,0.0
LjPB,0,1,1,0.0
LjPH,1,1,2,0.5
LjPK,1,0,1,1.0
LjPL,2,1,3,0.67
LjPM,3,4,7,0.43
LjPN,2,1,3,0.67
LjPP,3,1,4,0.75
LjPS,3,2,5,0.6
LjPb,4,3,7,0.57
LjPh,2,1,3,0.67
LjPl,2,2,4,0.5
LjPm,3,2,5,0.6
LjPn,1,4,5,0.2
LjPs,2,0,2,1.0
LjPt,1,0,1,1.0
LjSB,0,2,2,0.0
LjSH,1,0,1,1.0
LjSL,0,1,1,0.0
LjSM,1,1,2,0.5
LjSN,2,1,3,0.67
LjSP,1,0,1,1.0
LjSS,0,1,1,0.0
LjSb,0,1,1,0.0
LjSh,1,1,2,0.5
LjSl,0,4,4,0.0
LjSm,2,1,3,0.67
LjSn,3,3,6,0.5
LjSs,1,0,1,1.0
LjbB,2,2,4,0.5
LjbH,0,0,0,
LjbI,1,1,2,0.5
LjbJ,0,0,0,
LjbM,2,1,3,0.67
LjbN,1,1,2,0.5
LjbP,6,4,10,0.6
LjbS,1,1,2,0.5
Ljbb,2,0,2,1.0
Ljbl,1,1,2,0.5
Ljbm,1,2,3,0.33
Ljbn,3,1,4,0.75
Ljbs,1,0,1,1.0
LjhB,1,0,1,1.0
LjhL,0,1,1,0.0
LjhS,1,0,1,1.0
Ljhb,0,1,1,0.0
Ljhh,1,0,1,1.0
Ljhl,0,0,0,
Ljhm,0,1,1,0.0
Ljhn,1,0,1,1.0
Ljhs,0,0,0,
LjlM,0,1,1,0.0
LjlN,0,1,1,0.0
LjlP,2,1,3,0.67
LjlS,0,1,1,0.0
Ljlb,1,0,1,1.0
Ljll,1,0,1,1.0
Ljlm,1,0,1,1.0
Ljln,0,1,1,0.0
Ljls,1,0,1,1.0
LjmB,2,1,3,0.67
LjmD,0,1,1,0.0
LjmH,2,3,5,0.4
LjmI,1,0,1,1.0
LjmJ,0,1,1,0.0
LjmK,0,0,0,
LjmL,3,2,5,0.6
LjmM,0,2,2,0.0
LjmN,1,3,4,0.25
LjmP,1,3,4,0.25
LjmS,1,3,4,0.25
Ljmb,1,1,2,0.5
Ljmm,3,2,5,0.6
Ljmn,1,0,1,1.0
LjnB,1,3,4,0.25
LjnH,2,0,2,1.0
LjnI,1,0,1,1.0
LjnL,0,2,2,0.0
LjnM,1,2,3,0.33
LjnN,1,3,4,0.25
LjnP,2,0,2,1.0
LjnS,1,2,3,0.33
Ljnb,3,0,3,1.0
Ljnl,1,1,2,0.5
Ljnm,1,0,1,1.0
Ljnn,1,1,2,0.5
Ljns,0,0,0,
LjsH,0,0,0,
LjsL,1,0,1,1.0
LjsM,0,2,2,0.0
LjsN,0,1,1,0.0
LjsP,3,1,4,0.75
LjsS,1,0,1,1.0
Ljsb,3,6,9,0.33
Ljsh,0,1,1,0.0
Ljsl,1,0,1,1.0
Ljsm,0,1,1,0.0
Ljsn,0,1,1,0.0
Ljss,1,1,2,0.5
Ljtb,0,1,1,0.0
Ljtm,0,1,1,0.0
LlBB,0,2,2,0.0
LlBM,1,1,2,0.5
LlBN,0,4,4,0.0
LlBP,3,3,6,0.5
LlBS,1,1,2,0.5
LlBb,0,3,3,0.0
LlBl,1,0,1,1.0
LlBm,1,2,3,0.33
LlBn,0,4,4,0.0
LlBs,1,0,1,1.0
LlDB,0,1,1,0.0
LlDI,0,1,1,0.0
LlDL,0,1,1,0.0
LlDb,1,0,1,1.0
LlHB,2,3,5,0.4
LlHK,0,0,0,
LlHL,0,1,1,0.0
LlHM,1,1,2,0.5
LlHN,3,2,5,0.6
LlHP,1,4,5,0.2
LlHS,0,3,3,0.0
LlHb,2,6,8,0.25
LlHh,0,2,2,0.0
LlHl,2,0,2,1.0
LlHn,1,3,4,0.25
LlHs,0,1,1,0.0
LlIB,0,1,1,0.0
LlIM,0,1,1,0.0
LlIP,0,1,1,0.0
LlIb,0,1,1,0.0
LlJB,1,1,2,0.5
LlJL,1,0,1,1.0
LlJM,1,0,1,1.0
LlJN,1,0,1,1.0
LlJP,0,1,1,0.0
LlJS,0,0,0,
LlJl,0,0,0,
LlJm,1,0,1,1.0
LlJs,0,1,1,0.0
LlKL,0,1,1,0.0
LlKM,1,0,1,1.0
LlKP,0,1,1,0.0
LlKs,0,0,0,
LlLB,0,1,1,0.0
LlLM,1,0,1,1.0
LlLN,0,1,1,0.0
LlLP,1,1,2,0.5
LlLS,0,1,1,0.0
LlLb,3,1,4,0.75
LlLh,2,1,3,0.67
LlLj,2,1,3,0.67
LlLl,1,2,3,0.33
LlLn,0,1,1,0.0
LlLs,1,1,2,0.5
LlLt,1,0,1,1.0
LlMB,1,2,3,0.33
LlML,1,0,1,1.0
LlMM,2,1,3,0.67
LlMN,1,2,3,0.33
LlMP,1,2,3,0.33
LlMS,3,1,4,0.75
LlMb,2,5,7,0.29
LlMh,4,3,7,0.57
LlMj,1,2,3,0.33
LlMl,1,2,3,0.33
LlMm,2,1,3,0.67
LlMn,4,4,8,0.5
LlMs,2,1,3,0.67
LlNB,4,1,5,0.8
LlNL,3,2,5,0.6
LlNM,3,5,8,0.38
LlNN,9,2,11,0.82
LlNP,4,13,17,0.24
LlNS,2,1,3,0.67
LlNb,3,2,5,0.6
LlNh,2,2,4,0.5
LlNl,2,0,2,1.0
LlNm,3,1,4,0.75
LlNn,4,7,11,0.36
LlNs,2,2,4,0.5
LlPB,3,3,6,0.5
LlPH,0,1,1,0.0
LlPL,2,2,4,0.5
LlPM,2,5,7,0.29
LlPN,2,3,5,0.4
LlPP,6,6,12,0.5
LlPS,1,3,4,0.25
LlPb,2,6,8,0.25
LlPh,0,0,0,
LlPl,2,1,3,0.67
LlPm,6,1,7,0.86
LlPn,5,0,5,1.0
LlPs,6,2,8,0.75
LlPt,4,0,4,1.0
LlSB,0,2,2,0.0
LlSD,1,0,1,1.0
LlSH,0,1,1,0.0
LlSL,1,0,1,1.0
LlSN,3,2,5,0.6
LlSP,4,3,7,0.57
LlSS,3,0,3,1.0
LlSb,3,0,3,1.0
LlSh,0,3,3,0.0
LlSl,0,1,1,0.0
LlSm,4,2,6,0.67
LlSn,4,2,6,0.67
LlSs,2,2,4,0.5
LlSt,1,0,1,1.0
LlbB,1,4,5,0.2
LlbH,1,2,3,0.33
LlbJ,0,0,0,
LlbK,0,1,1,0.0
LlbL,3,1,4,0.75
LlbM,6,4,10,0.6
LlbN,6,2,8,0.75
LlbP,6,7,13,0.46
LlbS,0,1,1,0.0
Llbb,3,4,7,0.43
Llbl,1,2,3,0.33
Llbm,1,0,1,1.0
Llbn,2,4,6,0.33
Llbs,1,0,1,1.0
LllB,1,0,1,1.0
LllH,1,0,1,1.0
LllL,3,1,4,0.75
LllN,0,1,1,0.0
LllP,0,4,4,0.0
LllS,1,2,3,0.33
Lllb,2,1,3,0.67
Llll,3,0,3,1.0
Lllm,1,0,1,1.0
Llln,1,2,3,0.33
Llls,2,1,3,0.67
LlmB,1,1,2,0.5
LlmH,1,0,1,1.0
LlmJ,1,0,1,1.0
LlmM,1,4,5,0.2
LlmN,2,7,9,0.22
LlmP,7,4,11,0.64
LlmS,0,2,2,0.0
Llmb,2,0,2,1.0
Llml,0,2,2,0.0
Llmm,1,0,1,1.0
Llmn,2,1,3,0.67
Llms,0,0,0,
LlnB,1,2,3,0.33
LlnD,0,1,1,0.0
LlnH,0,1,1,0.0
LlnI,1,1,2,0.5
LlnL,0,1,1,0.0
LlnM,3,2,5,0.6
LlnN,4,3,7,0.57
LlnP,6,5,11,0.55
LlnS,1,2,3,0.33
Llnb,5,3,8,0.62
Llnl,3,0,3,1.0
Llnm,3,4,7,0.43
Llnn,1,0,1,1.0
Llns,2,1,3,0.67
LlsB,1,2,3,0.33
LlsD,0,1,1,0.0
LlsH,1,0,1,1.0
LlsL,1,1,2,0.5
LlsM,5,4,9,0.56
LlsN,0,0,0,
LlsP,3,1,4,0.75
LlsS,0,2,2,0.0
Llsh,1,0,1,1.0
Llsl,1,5,6,0.17
Llsm,4,2,6,0.67
Llsn,1,2,3,0.33
Llss,5,2,7,0.71
Llst,0,1,1,0.0
LmBB,1,4,5,0.2
LmBD,0,1,1,0.0
LmBL,2,1,3,0.67
LmBM,5,2,7,0.71
LmBN,4,3,7,0.57
LmBP,1,3,4,0.25
LmBS,0,1,1,0.0
LmBb,6,5,11,0.55
LmBh,0,2,2,0.0
LmBj,1,1,2,0.5
LmBl,1,0,1,1.0
LmBm,1,0,1,1.0
LmBn,8,5,13,0.62
LmBs,3,2,5,0.6
LmBt,1,1,2,0.5
LmDP,1,1,2,0.5
LmDb,1,0,1,1.0
LmDm,0,1,1,0.0
LmDn,0,1,1,0.0
LmDs,2,0,2,1.0
LmHB,1,1,2,0.5
LmHL,1,2,3,0.33
LmHM,2,5,7,0.29
LmHN,2,5,7,0.29
LmHP,5,7,12,0.42
LmHS,1,0,1,1.0
LmHb,1,1,2,0.5
LmHh,2,4,6,0.33
LmHl,2,1,3,0.67
LmHm,2,0,2,1.0
LmHn,2,5,7,0.29
LmHs,3,2,5,0.6
LmIH,1,0,1,1.0
LmII,0,1,1,0.0
LmIP,0,1,1,0.0
LmIb,0,1,1,0.0
LmIm,1,0,1,1.0
LmJB,0,1,1,0.0
LmJH,0,1,1,0.0
LmJM,0,2,2,0.0
LmJN,1,0,1,1.0
LmJP,2,0,2,1.0
LmJS,1,1,2,0.5
LmJl,0,0,0,
LmJm,1,1,2,0.5
LmJs,2,0,2,1.0
LmKM,1,0,1,1.0
LmLB,2,1,3,0.67
LmLL,1,0,1,1.0
LmLM,2,3,5,0.4
LmLN,2,3,5,0.4
LmLP,3,3,6,0.5
LmLS,2,3,5,0.4
LmLb,2,0,2,1.0
LmLh,1,0,1,1.0
LmLl,0,1,1,0.0
LmLn,2,2,4,0.5
LmLs,1,3,4,0.25
LmMB,3,1,4,0.75
LmML,0,1,1,0.0
LmMM,2,6,8,0.25
LmMN,4,4,8,0.5
LmMP,4,7,11,0.36
LmMS,2,1,3,0.67
LmMb,4,3,7,0.57
LmMh,7,1,8,0.88
LmMj,3,1,4,0.75
LmMl,1,1,2,0.5
LmMm,4,1,5,0.8
LmMn,6,3,9,0.67
LmMs,3,1,4,0.75
LmMt,1,1,2,0.5
LmNB,0,3,3,0.0
LmNH,2,0,2,1.0
LmNK,0,1,1,0.0
LmNL,0,1,1,0.0
LmNM,1,2,3,0.33
LmNN,8,6,14,0.57
LmNP,4,6,10,0.4
LmNS,2,1,3,0.67
LmNb,5,3,8,0.62
LmNh,0,1,1,0.0
LmNl,2,1,3,0.67
LmNm,5,4,9,0.56
LmNn,8,11,19,0.42
LmNs,1,4,5,0.2
LmNt,2,1,3,0.67
LmPB,2,5,7,0.29
LmPD,0,0,0,
LmPH,2,0,2,1.0
LmPK,0,2,2,0.0
LmPL,4,4,8,0.5
LmPM,2,7,9,0.22
LmPN,8,4,12,0.67
LmPP,11,10,21,0.52
LmPS,6,0,6,1.0
LmPb,8,6,14,0.57
LmPh,1,1,2,0.5
LmPl,2,4,6,0.33
LmPm,2,3,5,0.4
LmPn,2,5,7,0.29
LmPs,3,7,10,0.3
LmPt,0,1,1,0.0
LmSB,2,3,5,0.4
LmSH,0,1,1,0.0
LmSM,2,2,4,0.5
LmSN,1,2,3,0.33
LmSP,2,4,6,0.33
LmSS,0,3,3,0.0
LmSb,1,1,2,0.5
LmSh,2,3,5,0.4
LmSl,1,2,3,0.33
LmSm,2,2,4,0.5
LmSn,2,7,9,0.22
LmSs,1,4,5,0.2
LmSt,3,1,4,0.75
LmbB,3,1,4,0.75
LmbD,0,0,0,
LmbH,1,1,2,0.5
LmbI,0,1,1,0.0
LmbJ,0,1,1,0.0
LmbL,1,1,2,0.5
LmbM,4,3,7,0.57
LmbN,3,8,11,0.27
LmbP,6,2,8,0.75
LmbS,2,0,2,1.0
Lmbb,2,5,7,0.29
Lmbl,1,3,4,0.25
Lmbm,1,1,2,0.5
Lmbn,5,1,6,0.83
Lmbs,2,1,3,0.67
LmlB,1,0,1,1.0
LmlD,0,1,1,0.0
LmlL,0,2,2,0.0
LmlM,1,1,2,0.5
LmlN,2,1,3,0.67
LmlP,7,1,8,0.88
LmlS,7,1,8,0.88
Lmlb,3,3,6,0.5
Lmll,2,0,2,1.0
Lmlm,1,0,1,1.0
Lmln,0,1,1,0.0
LmmB,3,2,5,0.6
LmmH,2,2,4,0.5
LmmI,0,1,1,0.0
LmmL,2,1,3,0.67
LmmM,1,5,6,0.17
LmmN,3,1,4,0.75
LmmP,7,3,10,0.7
Lmmb,1,1,2,0.5
Lmmm,1,2,3,0.33
Lmmn,4,0,4,1.0
Lmms,1,2,3,0.33
LmnB,2,4,6,0.33
LmnH,1,2,3,0.33
LmnM,3,4,7,0.43
LmnN,10,10,20,0.5
LmnP,5,6,11,0.45
LmnS,1,1,2,0.5
Lmnb,5,7,12,0.42
Lmnl,3,0,3,1.0
Lmnm,5,2,7,0.71
Lmnn,5,2,7,0.71
Lmns,3,2,5,0.6
LmsB,0,0,0,
LmsH,0,2,2,0.0
LmsL,0,1,1,0.0
LmsM,2,2,4,0.5
LmsN,1,1,2,0.5
LmsP,4,2,6,0.67
LmsS,2,1,3,0.67
Lmsb,2,3,5,0.4
Lmsl,1,1,2,0.5
Lmsm,0,1,1,0.0
Lmsn,3,4,7,0.43
Lmss,1,1,2,0.5
LnBB,4,1,5,0.8
LnBK,0,1,1,0.0
LnBL,2,2,4,0.5
LnBM,3,4,7,0.43
LnBN,3,1,4,0.75
LnBP,9,6,15,0.6
LnBS,1,1,2,0.5
LnBb,5,3,8,0.62
LnBh,1,1,2,0.5
LnBj,1,1,2,0.5
LnBl,1,0,1,1.0
LnBm,1,1,2,0.5
LnBn,9,9,18,0.5
LnBs,4,1,5,0.8
LnBt,0,1,1,0.0
LnDL,0,2,2,0.0
LnDM,0,0,0,
LnDN,0,2,2,0.0
LnDP,1,0,1,1.0
LnDb,1,1,2,0.5
LnDl,1,0,1,1.0
LnDm,0,1,1,0.0
LnDn,2,0,2,1.0
LnHB,2,2,4,0.5
LnHH,0,1,1,0.0
LnHK,1,1,2,0.5
LnHL,1,0,1,1.0
LnHM,3,6,9,0.33
LnHN,3,0,3,1.0
LnHP,5,0,5,1.0
LnHS,1,3,4,0.25
LnHb,4,4,8,0.5
LnHl,3,2,5,0.6
LnHm,4,2,6,0.67
LnHn,6,8,14,0.43
LnHs,4,3,7,0.57
LnIB,1,0,1,1.0
LnIH,0,1,1,0.0
LnIM,1,0,1,1.0
LnIP,1,2,3,0.33
LnIm,1,0,1,1.0
LnIn,1,3,4,0.25
LnIs,0,1,1,0.0
LnKB,1,0,1,1.0
LnKK,0,1,1,0.0
LnKN,1,0,1,1.0
LnKP,3,1,4,0.75
LnKS,2,0,2,1.0
LnKn,0,1,1,0.0
LnKs,0,1,1,0.0
LnLB,2,1,3,0.67
LnLD,1,0,1,1.0
LnLL,1,1,2,0.5
LnLM,1,3,4,0.25
LnLN,1,5,6,0.17
LnLP,7,3,10,0.7
LnLS,0,3,3,0.0
LnLb,1,1,2,0.5
LnLh,2,1,3,0.67
LnLj,3,1,4,0.75
LnLl,1,1,2,0.5
LnLm,2,0,2,1.0
LnLn,5,4,9,0.56
LnLs,2,1,3,0.67
LnLt,0,2,2,0.0
LnMB,6,8,14,0.43
LnML,6,3,9,0.67
LnMM,5,14,19,0.26
LnMN,8,7,15,0.53
LnMP,11,6,17,0.65
LnMS,5,2,7,0.71
LnMb,5,10,15,0.33
LnMh,8,1,9,0.89
LnMj,1,1,2,0.5
LnMl,3,3,6,0.5
LnMm,2,2,4,0.5
LnMn,11,11,22,0.5
LnMs,2,5,7,0.29
LnMt,2,1,3,0.67
LnNB,7,3,10,0.7
LnNH,1,1,2,0.5
LnNL,3,3,6,0.5
LnNM,9,8,17,0.53
LnNN,5,13,18,0.28
LnNP,17,14,31,0.55
LnNS,3,10,13,0.23
LnNb,9,8,17,0.53
LnNh,3,6,9,0.33
LnNl,1,3,4,0.25
LnNm,13,4,17,0.76
LnNn,11,11,22,0.5
LnNs,4,7,11,0.36
LnNt,0,2,2,0.0
LnPB,7,5,12,0.58
LnPD,0,0,0,
LnPH,4,4,8,0.5
LnPI,1,0,1,1.0
LnPK,3,1,4,0.75
LnPL,3,4,7,0.43
LnPM,8,13,21,0.38
LnPN,12,12,24,0.5
LnPP,12,12,24,0.5
LnPS,9,6,15,0.6
LnPb,19,5,24,0.79
LnPh,1,3,4,0.25
LnPl,6,6,12,0.5
LnPm,7,7,14,0.5
LnPn,17,11,28,0.61
LnPs,3,10,13,0.23
LnPt,1,2,3,0.33
LnSB,3,5,8,0.38
LnSH,1,1,2,0.5
LnSL,3,2,5,0.6
LnSM,5,8,13,0.38
LnSN,8,4,12,0.67
LnSP,6,6,12,0.5
LnSS,6,7,13,0.46
LnSb,9,6,15,0.6
LnSh,5,2,7,0.71
LnSl,1,0,1,1.0
LnSm,3,5,8,0.38
LnSn,6,7,13,0.46
LnSs,6,5,11,0.55
LnSt,1,2,3,0.33
LnbB,6,3,9,0.67
LnbD,1,0,1,1.0
LnbH,0,5,5,0.0
LnbI,0,2,2,0.0
LnbJ,2,4,6,0.33
LnbK,1,2,3,0.33
LnbL,2,2,4,0.5
LnbM,5,4,9,0.56
LnbN,6,10,16,0.38
LnbP,2,10,12,0.17
LnbS,4,4,8,0.5
Lnbb,4,7,11,0.36
Lnbl,5,1,6,0.83
Lnbm,5,2,7,0.71
Lnbn,9,8,17,0.53
Lnbs,4,4,8,0.5
LnhB,0,1,1,0.0
LnhL,1,0,1,1.0
LnhM,1,0,1,1.0
LnhP,1,0,1,1.0
Lnhb,0,2,2,0.0
Lnhl,0,1,1,0.0
Lnhn,2,0,2,1.0
LnlB,1,3,4,0.25
LnlH,5,3,8,0.62
LnlJ,2,0,2,1.0
LnlK,0,1,1,0.0
LnlM,3,2,5,0.6
LnlN,4,2,6,0.67
LnlP,3,4,7,0.43
LnlS,2,0,2,1.0
Lnlb,2,2,4,0.5
Lnll,0,2,2,0.0
Lnlm,2,0,2,1.0
Lnln,5,4,9,0.56
LnmB,1,3,4,0.25
LnmH,2,4,6,0.33
LnmJ,2,3,5,0.4
LnmL,4,2,6,0.67
LnmM,5,5,10,0.5
LnmN,6,8,14,0.43
LnmP,8,9,17,0.47
LnmS,1,1,2,0.5
Lnmb,3,2,5,0.6
Lnml,2,1,3,0.67
Lnmm,2,2,4,0.5
Lnmn,5,6,11,0.45
Lnms,1,1,2,0.5
LnnB,6,9,15,0.4
LnnH,5,2,7,0.71
LnnI,1,0,1,1.0
LnnK,1,0,1,1.0
LnnL,3,2,5,0.6
LnnM,8,7,15,0.53
LnnN,12,17,29,0.41
LnnP,15,12,27,0.56
LnnS,4,9,13,0.31
Lnnb,4,4,8,0.5
Lnnh,1,2,3,0.33
Lnnl,9,2,11,0.82
Lnnm,3,4,7,0.43
Lnnn,14,8,22,0.64
Lnns,2,5,7,0.29
LnsB,1,1,2,0.5
LnsD,3,0,3,1.0
LnsH,5,4,9,0.56
LnsL,2,1,3,0.67
LnsM,9,1,10,0.9
LnsN,3,0,3,1.0
LnsP,9,8,17,0.53
LnsS,4,9,13,0.31
Lnsb,5,2,7,0.71
Lnsh,1,1,2,0.5
Lnsl,0,1,1,0.0
Lnsm,3,2,5,0.6
Lnsn,4,6,10,0.4
Lnss,7,6,13,0.54
Lntm,1,0,1,1.0
LsBB,1,2,3,0.33
LsBM,0,3,3,0.0
LsBN,0,4,4,0.0
LsBP,1,4,5,0.2
LsBS,0,1,1,0.0
LsBb,2,1,3,0.67
LsBl,0,1,1,0.0
LsBm,1,0,1,1.0
LsBn,3,0,3,1.0
LsBs,1,0,1,1.0
LsDB,0,0,0,
LsDP,1,0,1,1.0
LsDb,1,0,1,1.0
LsDm,1,0,1,1.0
LsHB,1,3,4,0.25
LsHI,0,1,1,0.0
LsHL,1,1,2,0.5
LsHM,1,4,5,0.2
LsHN,2,6,8,0.25
LsHP,3,1,4,0.75
LsHS,0,6,6,0.0
LsHb,2,1,3,0.67
LsHh,4,4,8,0.5
LsHl,3,2,5,0.6
LsHm,1,1,2,0.5
LsHn,1,2,3,0.33
LsHs,1,3,4,0.25
LsIB,0,1,1,0.0
LsIN,2,2,4,0.5
LsIb,1,0,1,1.0
LsIn,1,0,1,1.0
LsKb,1,0,1,1.0
LsKn,0,0,0,
LsKs,0,1,1,0.0
LsLB,2,0,2,1.0
LsLM,0,2,2,0.0
LsLN,1,1,2,0.5
LsLP,4,0,4,1.0
LsLS,0,1,1,0.0
LsLb,0,2,2,0.0
LsLh,1,0,1,1.0
LsLj,1,0,1,1.0
LsLl,0,2,2,0.0
LsLm,1,1,2,0.5
LsLn,1,3,4,0.25
LsLs,0,1,1,0.0
LsMB,4,3,7,0.57
LsMD,1,0,1,1.0
LsML,3,1,4,0.75
LsMM,2,2,4,0.5
LsMN,3,1,4,0.75
LsMP,2,3,5,0.4
LsMS,1,2,3,0.33
LsMb,5,4,9,0.56
LsMh,1,3,4,0.25
LsMj,0,1,1,0.0
LsMl,4,1,5,0.8
LsMm,1,5,6,0.17
LsMn,2,3,5,0.4
LsMs,4,2,6,0.67
LsNB,1,0,1,1.0
LsNH,1,0,1,1.0
LsNK,0,1,1,0.0
LsNL,3,0,3,1.0
LsNM,4,1,5,0.8
LsNN,7,1,8,0.88
LsNP,3,1,4,0.75
LsNS,5,5,10,0.5
LsNb,7,0,7,1.0
LsNh,1,2,3,0.33
LsNl,3,1,4,0.75
LsNm,0,1,1,0.0
LsNn,5,5,10,0.5
LsNs,2,3,5,0.4
LsNt,0,1,1,0.0
LsPD,0,1,1,0.0
LsPH,1,3,4,0.25
LsPL,3,0,3,1.0
LsPM,2,3,5,0.4
LsPN,3,7,10,0.3
LsPP,6,12,18,0.33
LsPS,5,4,9,0.56
LsPb,5,4,9,0.56
LsPh,1,1,2,0.5
LsPl,6,2,8,0.75
LsPm,5,5,10,0.5
LsPn,6,3,9,0.67
LsPs,2,2,4,0.5
LsSB,0,1,1,0.0
LsSL,1,2,3,0.33
LsSM,1,3,4,0.25
LsSN,0,3,3,0.0
LsSP,4,2,6,0.67
LsSS,5,3,8,0.62
LsSb,3,3,6,0.5
LsSh,1,2,3,0.33
LsSm,1,0,1,1.0
LsSn,2,2,4,0.5
LsSs,6,3,9,0.67
LsSt,1,0,1,1.0
LsbB,3,1,4,0.75
LsbH,3,0,3,1.0
LsbJ,1,0,1,1.0
LsbK,0,1,1,0.0
LsbL,2,0,2,1.0
LsbM,4,1,5,0.8
LsbN,3,2,5,0.6
LsbP,6,3,9,0.67
LsbS,2,0,2,1.0
Lsbb,3,2,5,0.6
Lsbl,2,0,2,1.0
Lsbm,2,1,3,0.67
Lsbn,1,5,6,0.17
Lsbs,1,0,1,1.0
LshP,1,0,1,1.0
Lshs,1,1,2,0.5
LslB,1,0,1,1.0
LslH,2,2,4,0.5
LslJ,1,0,1,1.0
LslM,3,2,5,0.6
LslN,2,3,5,0.4
LslP,0,2,2,0.0
LslS,1,2,3,0.33
Lslb,1,1,2,0.5
Lsll,2,1,3,0.67
Lslm,2,1,3,0.67
Lsln,1,3,4,0.25
Lsls,0,0,0,
LsmB,3,3,6,0.5
LsmH,2,0,2,1.0
LsmJ,1,0,1,1.0
LsmL,2,0,2,1.0
LsmM,2,4,6,0.33
LsmN,2,2,4,0.5
LsmP,3,2,5,0.6
LsmS,2,2,4,0.5
Lsmb,1,3,4,0.25
Lsml,0,1,1,0.0
Lsmm,1,4,5,0.2
Lsmn,1,2,3,0.33
Lsms,2,2,4,0.5
LsnB,0,4,4,0.0
LsnD,0,1,1,0.0
LsnH,1,3,4,0.25
LsnK,1,0,1,1.0
LsnL,0,4,4,0.0
LsnM,1,4,5,0.2
LsnN,3,4,7,0.43
LsnP,3,4,7,0.43
LsnS,1,2,3,0.33
Lsnb,4,5,9,0.44
Lsnh,1,0,1,1.0
Lsnl,1,0,1,1.0
Lsnm,3,2,5,0.6
Lsnn,2,1,3,0.67
Lsns,2,0,2,1.0
LssB,1,1,2,0.5
LssH,1,0,1,1.0
LssI,0,0,0,
LssL,3,0,3,1.0
LssM,0,3,3,0.0
LssN,3,3,6,0.5
LssP,1,4,5,0.2
LssS,1,0,1,1.0
Lssb,2,4,6,0.33
Lssl,1,0,1,1.0
Lssm,0,2,2,0.0
Lssn,1,1,2,0.5
Lsss,3,1,4,0.75
LtBB,1,0,1,1.0
LtBL,1,1,2,0.5
LtBM,1,0,1,1.0
LtBN,0,1,1,0.0
LtBP,0,0,0,
LtBS,0,1,1,0.0
LtBb,1,0,1,1.0
LtBj,0,1,1,0.0
LtBn,1,2,3,0.33
LtBs,1,0,1,1.0
LtDH,0,0,0,
LtHB,0,2,2,0.0
LtHD,1,0,1,1.0
LtHb,1,0,1,1.0
LtHl,1,1,2,0.5
LtHm,1,0,1,1.0
LtHs,1,0,1,1.0
LtLK,1,0,1,1.0
LtLL,1,0,1,1.0
LtLM,0,1,1,0.0
LtLh,2,0,2,1.0
LtLl,0,1,1,0.0
LtMM,2,3,5,0.4
LtMP,3,2,5,0.6
LtMb,1,0,1,1.0
LtMh,2,1,3,0.67
LtMj,0,0,0,
LtMm,1,0,1,1.0
LtMn,2,0,2,1.0
LtNM,0,1,1,0.0
LtNP,2,2,4,0.5
LtNS,2,2,4,0.5
LtNl,1,0,1,1.0
LtNm,0,1,1,0.0
LtNn,1,6,7,0.14
LtNs,1,0,1,1.0
LtNt,0,1,1,0.0
LtPB,0,1,1,0.0
LtPH,0,2,2,0.0
LtPM,2,0,2,1.0
LtPN,1,6,7,0.14
LtPP,4,2,6,0.67
LtPl,0,4,4,0.0
LtPm,2,0,2,1.0
LtPn,3,1,4,0.75
LtPs,0,1,1,0.0
LtSM,0,1,1,0.0
LtSN,0,1,1,0.0
LtSP,1,1,2,0.5
LtSS,0,1,1,0.0
LtSh,1,0,1,1.0
LtSm,1,2,3,0.33
LtSn,0,1,1,0.0
LtSt,0,0,0,
LtbB,1,0,1,1.0
LtbH,1,0,1,1.0
LtbL,0,1,1,0.0
LtbM,1,0,1,1.0
LtbN,0,1,1,0.0
LtbP,0,2,2,0.0
Ltbb,1,2,3,0.33
Ltbl,1,1,2,0.5
Ltbm,1,0,1,1.0
Ltbn,0,1,1,0.0
Ltbs,1,1,2,0.5
LtlB,0,1,1,0.0
LtlH,1,0,1,1.0
LtlJ,1,0,1,1.0
LtlK,1,0,1,1.0
LtlM,0,0,0,
LtlN,1,0,1,1.0
LtlP,0,1,1,0.0
Ltlb,0,1,1,0.0
Ltll,1,0,1,1.0
Ltlm,1,0,1,1.0
LtmB,0,1,1,0.0
LtmD,1,0,1,1.0
LtmH,1,0,1,1.0
LtmM,1,1,2,0.5
LtmN,3,0,3,1.0
LtmP,2,1,3,0.67
Ltmb,3,0,3,1.0
Ltmm,2,0,2,1.0
LtnB,1,0,1,1.0
LtnH,0,1,1,0.0
LtnL,1,1,2,0.5
LtnM,1,2,3,0.33
LtnN,5,1,6,0.83
LtnP,0,1,1,0.0
LtnS,0,3,3,0.0
Ltnb,2,2,4,0.5
Ltnl,2,0,2,1.0
Ltnm,1,0,1,1.0
Ltnn,2,1,3,0.67
Ltns,1,0,1,1.0
LtsH,0,1,1,0.0
LtsM,2,0,2,1.0
LtsN,1,1,2,0.5
LtsP,1,0,1,1.0
Ltsn,1,0,1,1.0
Ltss,1,1,2,0.5
LttL,1,0,1,1.0
LttN,0,1,1,0.0
Lttn,1,0,1,1.0
Ltts,1,0,1,1.0
MBBB,10,12,22,0.45
MBBD,0,0,0,
MBBL,2,5,7,0.29
MBBM,9,9,18,0.5
MBBN,11,9,20,0.55
MBBP,13,12,25,0.52
MBBS,1,2,3,0.33
MBBb,3,16,19,0.16
MBBh,1,0,1,1.0
MBBj,4,4,8,0.5
MBBl,2,4,6,0.33
MBBm,10,3,13,0.77
MBBn,10,13,23,0.43
MBBs,3,4,7,0.43
MBBt,1,2,3,0.33
MBDL,0,1,1,0.0
MBDN,1,0,1,1.0
MBDP,0,0,0,
MBDS,0,1,1,0.0
MBDb,1,0,1,1.0
MBDl,0,2,2,0.0
MBDn,0,1,1,0.0
MBDs,1,0,1,1.0
MBHM,1,0,1,1.0
MBHS,0,1,1,0.0
MBHb,1,0,1,1.0
MBIN,0,1,1,0.0
MBKB,0,0,0,
MBKM,1,0,1,1.0
MBKN,0,0,0,
MBKP,1,1,2,0.5
MBKb,0,1,1,0.0
MBKh,2,0,2,1.0
MBKm,0,2,2,0.0
MBKn,0,2,2,0.0
MBKs,0,1,1,0.0
MBLB,0,4,4,0.0
MBLH,1,0,1,1.0
MBLK,1,1,2,0.5
MBLL,0,2,2,0.0
MBLM,1,1,2,0.5
MBLN,2,5,7,0.29
MBLP,9,2,11,0.82
MBLS,1,1,2,0.5
MBLb,5,5,10,0.5
MBLh,2,3,5,0.4
MBLj,3,0,3,1.0
MBLl,1,2,3,0.33
MBLm,0,1,1,0.0
MBLn,6,5,11,0.55
MBLs,3,1,4,0.75
MBLt,0,2,2,0.0
MBMB,12,6,18,0.67
MBMD,1,1,2,0.5
MBMH,0,0,0,
MBML,5,2,7,0.71
MBMM,6,11,17,0.35
MBMN,10,9,19,0.53
MBMP,13,11,24,0.54
MBMS,4,4,8,0.5
MBMb,10,12,22,0.45
MBMh,9,8,17,0.53
MBMj,3,1,4,0.75
MBMl,4,4,8,0.5
MBMm,9,7,16,0.56
MBMn,18,9,27,0.67
MBMs,2,3,5,0.4
MBMt,2,3,5,0.4
MBNB,5,9,14,0.36
MBND,1,0,1,1.0
MBNH,1,1,2,0.5
MBNK,1,1,2,0.5
MBNL,6,1,7,0.86
MBNM,11,10,21,0.52
MBNN,14,8,22,0.64
MBNP,24,21,45,0.53
MBNS,7,6,13,0.54
MBNb,13,8,21,0.62
MBNh,1,2,3,0.33
MBNl,5,3,8,0.62
MBNm,12,5,17,0.71
MBNn,16,22,38,0.42
MBNs,4,7,11,0.36
MBNt,3,2,5,0.6
MBPB,13,11,24,0.54
MBPD,0,1,1,0.0
MBPH,3,5,8,0.38
MBPK,1,2,3,0.33
MBPL,3,2,5,0.6
MBPM,9,20,29,0.31
MBPN,9,11,20,0.45
MBPP,14,13,27,0.52
MBPS,8,9,17,0.47
MBPb,17,13,30,0.57
MBPh,2,2,4,0.5
MBPl,7,10,17,0.41
MBPm,8,13,21,0.38
MBPn,15,11,26,0.58
MBPs,8,10,18,0.44
MBPt,1,1,2,0.5
MBSB,3,2,5,0.6
MBSD,2,0,2,1.0
MBSH,1,1,2,0.5
MBSL,3,3,6,0.5
MBSM,2,2,4,0.5
MBSN,6,1,7,0.86
MBSP,10,6,16,0.62
MBSS,2,3,5,0.4
MBSb,7,2,9,0.78
MBSh,5,4,9,0.56
MBSl,3,0,3,1.0
MBSm,4,2,6,0.67
MBSn,10,6,16,0.62
MBSs,7,6,13,0.54
MBSt,2,0,2,1.0
MBbB,11,6,17,0.65
MBbD,1,1,2,0.5
MBbH,5,2,7,0.71
MBbI,0,1,1,0.0
MBbJ,6,3,9,0.67
MBbK,0,1,1,0.0
MBbL,3,1,4,0.75
MBbM,9,16,25,0.36
MBbN,12,15,27,0.44
MBbP,16,19,35,0.46
MBbS,6,6,12,0.5
MBbb,15,12,27,0.56
MBbl,4,3,7,0.57
MBbm,11,9,20,0.55
MBbn,10,22,32,0.31
MBbs,3,5,8,0.38
MBhB,1,0,1,1.0
MBhM,1,0,1,1.0
MBhN,1,2,3,0.33
MBhP,0,1,1,0.0
MBhS,0,1,1,0.0
MBhb,0,0,0,
MBhh,2,0,2,1.0
MBhm,0,1,1,0.0
MBhn,0,4,4,0.0
MBjB,4,2,6,0.67
MBjH,0,2,2,0.0
MBjI,0,2,2,0.0
MBjK,0,0,0,
MBjL,0,2,2,0.0
MBjM,3,3,6,0.5
MBjN,4,4,8,0.5
MBjP,5,6,11,0.45
MBjS,1,5,6,0.17
MBjb,8,2,10,0.8
MBjh,1,0,1,1.0
MBjl,3,2,5,0.6
MBjm,0,3,3,0.0
MBjn,6,4,10,0.6
MBjs,1,0,1,1.0
MBjt,0,0,0,
MBlB,5,2,7,0.71
MBlD,0,1,1,0.0
MBlH,0,3,3,0.0
MBlJ,1,1,2,0.5
MBlL,0,1,1,0.0
MBlM,2,7,9,0.22
MBlN,3,2,5,0.6
MBlP,3,4,7,0.43
MBlS,2,2,4,0.5
MBlb,6,4,10,0.6
MBll,1,6,7,0.14
MBlm,6,3,9,0.67
MBln,4,5,9,0.44
MBls,2,3,5,0.4
MBmB,14,3,17,0.82
MBmD,0,0,0,
MBmH,3,5,8,0.38
MBmJ,0,3,3,0.0
MBmL,4,1,5,0.8
MBmM,15,11,26,0.58
MBmN,9,11,20,0.45
MBmP,11,7,18,0.61
MBmS,2,6,8,0.25
MBmb,8,8,16,0.5
MBml,3,2,5,0.6
MBmm,1,5,6,0.17
MBmn,4,6,10,0.4
MBms,3,4,7,0.43
MBnB,10,6,16,0.62
MBnD,0,2,2,0.0
MBnH,6,5,11,0.55
MBnI,2,0,2,1.0
MBnK,2,3,5,0.4
MBnL,5,4,9,0.56
MBnM,10,16,26,0.38
MBnN,25,19,44,0.57
MBnP,17,23,40,0.42
MBnS,11,9,20,0.55
MBnb,10,12,22,0.45
MBnh,2,3,5,0.4
MBnl,3,6,9,0.33
MBnm,11,5,16,0.69
MBnn,24,14,38,0.63
MBns,7,8,15,0.47
MBsB,2,2,4,0.5
MBsH,3,3,6,0.5
MBsI,1,0,1,1.0
MBsL,0,1,1,0.0
MBsM,3,5,8,0.38
MBsN,1,4,5,0.2
MBsP,9,6,15,0.6
MBsS,2,1,3,0.67
MBsb,1,3,4,0.25
MBsh,1,0,1,1.0
MBsl,1,2,3,0.33
MBsm,4,2,6,0.67
MBsn,1,4,5,0.2
MBss,1,0,1,1.0
MBtB,1,2,3,0.33
MBtH,3,1,4,0.75
MBtK,0,1,1,0.0
MBtL,1,1,2,0.5
MBtM,1,0,1,1.0
MBtN,0,1,1,0.0
MBtP,3,5,8,0.38
MBtS,1,0,1,1.0
MBtb,1,3,4,0.25
MBtl,2,1,3,0.67
MBtm,1,0,1,1.0
MBtn,3,1,4,0.75
MBts,1,1,2,0.5
MDBM,1,0,1,1.0
MDBN,1,0,1,1.0
MDBP,0,1,1,0.0
MDBh,1,0,1,1.0
MDDP,1,0,1,1.0
MDHL,1,0,1,1.0
MDHN,1,0,1,1.0
MDHP,1,2,3,0.33
MDHb,1,0,1,1.0
MDHh,1,0,1,1.0
MDHm,2,0,2,1.0
MDHn,1,1,2,0.5
MDHs,0,0,0,
MDKb,1,0,1,1.0
MDMN,1,1,2,0.5
MDMP,2,0,2,1.0
MDMb,1,0,1,1.0
MDMh,0,2,2,0.0
MDMj,1,0,1,1.0
MDMm,2,1,3,0.67
MDMn,3,1,4,0.75
MDMs,0,1,1,0.0
MDNB,0,1,1,0.0
MDNM,1,2,3,0.33
MDNN,1,0,1,1.0
MDNP,1,1,2,0.5
MDNS,0,0,0,
MDNs,1,1,2,0.5
MDPB,0,1,1,0.0
MDPK,1,0,1,1.0
MDPL,3,0,3,1.0
MDPM,2,1,3,0.67
MDPN,3,3,6,0.5
MDPP,1,2,3,0.33
MDPS,1,1,2,0.5
MDPb,1,0,1,1.0
MDPl,0,2,2,0.0
MDPm,1,0,1,1.0
MDPn,1,2,3,0.33
MDPs,2,0,2,1.0
MDPt,0,1,1,0.0
MDSB,0,2,2,0.0
MDSM,1,0,1,1.0
MDSP,1,0,1,1.0
MDSS,0,1,1,0.0
MDSb,2,0,2,1.0
MDSn,1,1,2,0.5
MDSs,0,3,3,0.0
MDbH,0,1,1,0.0
MDbI,1,0,1,1.0
MDbL,1,1,2,0.5
MDbM,1,0,1,1.0
MDbN,1,0,1,1.0
MDbP,1,1,2,0.5
MDbS,1,0,1,1.0
MDbl,2,0,2,1.0
MDbm,2,1,3,0.67
MDbn,3,0,3,1.0
MDbs,0,1,1,0.0
MDlI,1,0,1,1.0
MDlK,0,1,1,0.0
MDlM,1,0,1,1.0
MDlN,1,0,1,1.0
MDlP,1,0,1,1.0
MDln,0,1,1,0.0
MDmH,2,1,3,0.67
MDmL,1,0,1,1.0
MDmP,0,1,1,0.0
MDmS,0,2,2,0.0
MDmb,0,0,0,
MDml,1,0,1,1.0
MDmn,0,0,0,
MDms,1,0,1,1.0
MDnH,1,0,1,1.0
MDnI,1,0,1,1.0
MDnK,1,0,1,1.0
MDnL,1,0,1,1.0
MDnM,0,1,1,0.0
MDnN,2,1,3,0.67
MDnP,2,2,4,0.5
MDnS,0,2,2,0.0
MDnb,3,0,3,1.0
MDnl,0,1,1,0.0
MDnm,1,0,1,1.0
MDnn,1,0,1,1.0
MDns,1,1,2,0.5
MDsB,0,1,1,0.0
MDsH,0,1,1,0.0
MDsM,0,1,1,0.0
MDsN,1,0,1,1.0
MDsl,0,2,2,0.0
MDsn,1,0,1,1.0
MDss,0,1,1,0.0
MDtL,1,0,1,1.0
MHMh,0,1,1,0.0
MHNP,0,0,0,
MHPN,0,1,1,0.0
MHPl,1,0,1,1.0
MHPm,0,1,1,0.0
MHSb,1,0,1,1.0
MHSm,0,1,1,0.0
MHbJ,0,0,0,
MHlH,0,0,0,
MHlb,0,1,1,0.0
MHmM,0,1,1,0.0
MHmN,1,0,1,1.0
MHmP,0,0,0,
MHsS,1,0,1,1.0
MHsb,0,0,0,
MKBD,1,0,1,1.0
MKMb,0,1,1,0.0
MKNb,0,1,1,0.0
MKPN,0,1,1,0.0
MKPP,0,1,1,0.0
MKPb,0,2,2,0.0
MKSs,0,1,1,0.0
MKhP,0,1,1,0.0
MKhb,0,1,1,0.0
MKhn,0,0,0,
MKlN,1,0,1,1.0
MKmM,0,1,1,0.0
MKms,0,1,1,0.0
MKnH,0,1,1,0.0
MKnb,0,0,0,
MKsM,0,1,1,0.0
MLBB,1,0,1,1.0
MLBL,0,0,0,
MLBM,6,3,9,0.67
MLBN,3,2,5,0.6
MLBP,4,8,12,0.33
MLBS,1,3,4,0.25
MLBb,6,2,8,0.75
MLBh,0,4,4,0.0
MLBj,0,3,3,0.0
MLBl,3,2,5,0.6
MLBm,1,3,4,0.25
MLBn,6,3,9,0.67
MLBt,2,2,4,0.5
MLDB,1,0,1,1.0
MLDH,0,1,1,0.0
MLDM,1,0,1,1.0
MLDs,1,0,1,1.0
MLDt,0,1,1,0.0
MLHP,1,0,1,1.0
MLKB,0,1,1,0.0
MLKL,1,0,1,1.0
MLKM,0,2,2,0.0
MLLB,1,3,4,0.25
MLLM,0,2,2,0.0
MLLN,0,2,2,0.0
MLLP,2,3,5,0.4
MLLS,0,1,1,0.0
MLLb,3,1,4,0.75
MLLh,1,0,1,1.0
MLLj,1,2,3,0.33
MLLl,0,1,1,0.0
MLLn,0,2,2,0.0
MLLs,3,0,3,1.0
MLLt,1,1,2,0.5
MLMB,5,7,12,0.42
MLML,3,1,4,0.75
MLMM,5,3,8,0.62
MLMN,7,5,12,0.58
MLMP,7,5,12,0.58
MLMS,3,3,6,0.5
MLMb,5,8,13,0.38
MLMh,2,5,7,0.29
MLMl,2,1,3,0.67
MLMm,4,3,7,0.57
MLMn,11,5,16,0.69
MLMs,3,3,6,0.5
MLMt,0,0,0,
MLNB,3,2,5,0.6
MLNH,2,0,2,1.0
MLNK,1,1,2,0.5
MLNL,3,2,5,0.6
MLNM,4,6,10,0.4
MLNN,12,5,17,0.71
MLNP,10,9,19,0.53
MLNS,6,3,9,0.67
MLNb,4,8,12,0.33
MLNh,1,4,5,0.2
MLNl,1,3,4,0.25
MLNm,5,3,8,0.62
MLNn,10,5,15,0.67
MLNs,4,1,5,0.8
MLNt,2,0,2,1.0
MLPB,3,5,8,0.38
MLPH,1,3,4,0.25
MLPK,1,1,2,0.5
MLPL,3,2,5,0.6
MLPM,6,4,10,0.6
MLPN,5,4,9,0.56
MLPP,12,7,19,0.63
MLPS,4,11,15,0.27
MLPb,7,4,11,0.64
MLPl,7,4,11,0.64
MLPm,4,7,11,0.36
MLPn,9,3,12,0.75
MLPs,2,5,7,0.29
MLPt,1,0,1,1.0
MLSB,1,0,1,1.0
MLSH,2,0,2,1.0
MLSK,1,1,2,0.5
MLSM,1,3,4,0.25
MLSN,2,4,6,0.33
MLSP,3,4,7,0.43
MLSS,0,1,1,0.0
MLSb,2,1,3,0.67
MLSh,2,2,4,0.5
MLSl,3,0,3,1.0
MLSm,3,4,7,0.43
MLSn,5,1,6,0.83
MLSs,3,3,6,0.5
MLSt,0,1,1,0.0
MLbB,2,2,4,0.5
MLbH,0,2,2,0.0
MLbJ,5,2,7,0.71
MLbK,2,0,2,1.0
MLbL,2,2,4,0.5
MLbM,4,6,10,0.4
MLbN,6,10,16,0.38
MLbP,5,9,14,0.36
MLbS,4,5,9,0.44
MLbb,1,8,9,0.11
MLbl,3,1,4,0.75
MLbm,6,0,6,1.0
MLbn,6,4,10,0.6
MLbs,4,3,7,0.57
MLhB,2,0,2,1.0
MLhH,0,1,1,0.0
MLhL,0,2,2,0.0
MLhM,5,3,8,0.62
MLhN,4,2,6,0.67
MLhP,3,3,6,0.5
MLhS,2,3,5,0.4
MLhb,2,1,3,0.67
MLhh,3,0,3,1.0
MLhl,1,0,1,1.0
MLhm,0,2,2,0.0
MLhn,3,2,5,0.6
MLhs,0,3,3,0.0
MLjB,1,1,2,0.5
MLjL,1,2,3,0.33
MLjM,2,3,5,0.4
MLjN,2,3,5,0.4
MLjP,5,0,5,1.0
MLjS,0,1,1,0.0
MLjb,0,4,4,0.0
MLjh,0,1,1,0.0
MLjl,1,1,2,0.5
MLjm,3,0,3,1.0
MLjs,1,0,1,1.0
MLjt,0,1,1,0.0
MLlB,1,2,3,0.33
MLlH,3,4,7,0.43
MLlK,1,0,1,1.0
MLlL,1,1,2,0.5
MLlM,4,3,7,0.57
MLlN,2,3,5,0.4
MLlP,3,0,3,1.0
MLlS,2,1,3,0.67
MLlb,7,1,8,0.88
MLll,1,0,1,1.0
MLlm,5,0,5,1.0
MLln,4,6,10,0.4
MLls,2,3,5,0.4
MLmB,2,6,8,0.25
MLmD,0,1,1,0.0
MLmH,3,1,4,0.75
MLmJ,1,1,2,0.5
MLmL,1,0,1,1.0
MLmM,4,5,9,0.44
MLmN,2,4,6,0.33
MLmP,1,8,9,0.11
MLmS,3,2,5,0.6
MLmb,2,0,2,1.0
MLml,2,0,2,1.0
MLmm,6,1,7,0.86
MLmn,7,4,11,0.64
MLms,1,2,3,0.33
MLnB,1,6,7,0.14
MLnD,0,1,1,0.0
MLnH,1,3,4,0.25
MLnI,0,2,2,0.0
MLnK,0,0,0,
MLnL,3,2,5,0.6
MLnM,11,5,16,0.69
MLnN,17,5,22,0.77
MLnP,10,14,24,0.42
MLnS,4,3,7,0.57
MLnb,6,12,18,0.33
MLnh,1,0,1,1.0
MLnl,3,4,7,0.43
MLnm,5,4,9,0.56
MLnn,12,4,16,0.75
MLns,3,5,8,0.38
MLsB,1,1,2,0.5
MLsH,2,1,3,0.67
MLsL,0,1,1,0.0
MLsM,2,4,6,0.33
MLsN,3,9,12,0.25
MLsP,3,3,6,0.5
MLsS,4,2,6,0.67
MLsb,4,4,8,0.5
MLsl,2,2,4,0.5
MLsm,1,3,4,0.25
MLsn,3,2,5,0.6
MLss,1,0,1,1.0
MLtB,1,1,2,0.5
MLtM,1,1,2,0.5
MLtN,0,1,1,0.0
MLtP,0,1,1,0.0
MLtS,0,2,2,0.0
MLtb,0,1,1,0.0
MLtl,1,2,3,0.33
MLtm,1,1,2,0.5
MLtn,0,1,1,0.0
MMBB,10,12,22,0.45
MMBK,0,1,1,0.0
MMBL,3,5,8,0.38
MMBM,9,12,21,0.43
MMBN,12,11,23,0.52
MMBP,12,17,29,0.41
MMBS,6,5,11,0.55
MMBb,9,18,27,0.33
MMBh,0,1,1,0.0
MMBj,3,2,5,0.6
MMBl,1,6,7,0.14
MMBm,13,9,22,0.59
MMBn,10,21,31,0.32
MMBs,5,3,8,0.62
MMBt,2,1,3,0.67
MMDB,1,0,1,1.0
MMDH,0,1,1,0.0
MMDM,1,1,2,0.5
MMDP,2,2,4,0.5
MMDS,0,1,1,0.0
MMDl,0,1,1,0.0
MMDm,0,0,0,
MMDn,0,0,0,
MMHP,0,1,1,0.0
MMHS,0,1,1,0.0
MMKP,0,0,0,
MMKh,0,1,1,0.0
MMLB,3,6,9,0.33
MMLK,1,0,1,1.0
MMLL,1,0,1,1.0
MMLM,4,4,8,0.5
MMLN,10,4,14,0.71
MMLP,3,10,13,0.23
MMLS,3,1,4,0.75
MMLb,5,4,9,0.56
MMLh,1,1,2,0.5
MMLj,1,2,3,0.33
MMLl,1,2,3,0.33
MMLm,2,3,5,0.4
MMLn,5,9,14,0.36
MMLs,3,0,3,1.0
MMLt,1,0,1,1.0
MMMB,15,14,29,0.52
MMMD,1,0,1,1.0
MMMH,1,0,1,1.0
MMML,2,2,4,0.5
MMMM,20,16,36,0.56
MMMN,6,10,16,0.38
MMMP,14,9,23,0.61
MMMS,12,9,21,0.57
MMMb,20,24,44,0.45
MMMh,6,8,14,0.43
MMMj,5,4,9,0.56
MMMl,6,1,7,0.86
MMMm,9,10,19,0.47
MMMn,18,18,36,0.5
MMMs,3,2,5,0.6
MMMt,0,1,1,0.0
MMNB,7,7,14,0.5
MMNH,2,1,3,0.67
MMNK,2,0,2,1.0
MMNL,2,2,4,0.5
MMNM,10,10,20,0.5
MMNN,14,15,29,0.48
MMNP,25,25,50,0.5
MMNS,9,8,17,0.53
MMNb,12,18,30,0.4
MMNh,5,3,8,0.62
MMNl,6,6,12,0.5
MMNm,9,8,17,0.53
MMNn,18,20,38,0.47
MMNs,9,4,13,0.69
MMNt,0,5,5,0.0
MMPB,15,8,23,0.65
MMPD,1,0,1,1.0
MMPH,6,5,11,0.55
MMPK,2,1,3,0.67
MMPL,2,4,6,0.33
MMPM,11,27,38,0.29
MMPN,16,18,34,0.47
MMPP,16,21,37,0.43
MMPS,7,5,12,0.58
MMPb,19,17,36,0.53
MMPh,0,5,5,0.0
MMPl,10,11,21,0.48
MMPm,19,11,30,0.63
MMPn,18,25,43,0.42
MMPs,10,7,17,0.59
MMPt,2,0,2,1.0
MMSB,4,5,9,0.44
MMSD,0,0,0,
MMSH,4,1,5,0.8
MMSL,2,2,4,0.5
MMSM,9,8,17,0.53
MMSN,8,7,15,0.53
MMSP,10,7,17,0.59
MMSS,7,9,16,0.44
MMSb,8,7,15,0.53
MMSh,1,7,8,0.12
MMSl,2,2,4,0.5
MMSm,5,8,13,0.38
MMSn,10,8,18,0.56
MMSs,8,5,13,0.62
MMSt,1,1,2,0.5
MMbB,12,9,21,0.57
MMbD,1,2,3,0.33
MMbH,4,8,12,0.33
MMbI,1,0,1,1.0
MMbJ,6,4,10,0.6
MMbK,1,1,2,0.5
MMbL,6,1,7,0.86
MMbM,12,15,27,0.44
MMbN,30,26,56,0.54
MMbP,19,25,44,0.43
MMbS,10,15,25,0.4
MMbb,21,18,39,0.54
MMbl,10,11,21,0.48
MMbm,8,5,13,0.62
MMbn,17,24,41,0.41
MMbs,13,9,22,0.59
MMhB,10,1,11,0.91
MMhD,1,1,2,0.5
MMhH,5,3,8,0.62
MMhI,0,1,1,0.0
MMhK,1,0,1,1.0
MMhL,3,6,9,0.33
MMhM,12,12,24,0.5
MMhN,6,8,14,0.43
MMhP,15,21,36,0.42
MMhS,10,6,16,0.62
MMhb,16,10,26,0.62
MMhh,14,11,25,0.56
MMhl,5,3,8,0.62
MMhm,7,3,10,0.7
MMhn,6,13,19,0.32
MMhs,11,7,18,0.61
MMht,1,2,3,0.33
MMjB,5,3,8,0.62
MMjD,0,1,1,0.0
MMjH,0,1,1,0.0
MMjK,1,0,1,1.0
MMjL,1,1,2,0.5
MMjM,6,3,9,0.67
MMjN,4,6,10,0.4
MMjP,12,8,20,0.6
MMjS,2,1,3,0.67
MMjb,4,5,9,0.44
MMjh,2,2,4,0.5
MMjl,1,0,1,1.0
MMjm,3,1,4,0.75
MMjn,10,9,19,0.53
MMjs,3,1,4,0.75
MMjt,0,0,0,
MMlB,3,3,6,0.5
MMlH,5,4,9,0.56
MMlJ,1,1,2,0.5
MMlK,0,0,0,
MMlL,1,3,4,0.25
MMlM,8,7,15,0.53
MMlN,9,11,20,0.45
MMlP,6,6,12,0.5
MMlS,4,2,6,0.67
MMlb,3,6,9,0.33
MMll,2,4,6,0.33
MMlm,6,3,9,0.67
MMln,6,8,14,0.43
MMls,2,3,5,0.4
MMmB,5,3,8,0.62
MMmD,4,0,4,1.0
MMmH,4,11,15,0.27
MMmJ,2,1,3,0.67
MMmL,2,6,8,0.25
MMmM,11,8,19,0.58
MMmN,11,7,18,0.61
MMmP,15,16,31,0.48
MMmS,3,3,6,0.5
MMmb,8,10,18,0.44
MMml,2,1,3,0.67
MMmm,4,4,8,0.5
MMmn,7,10,17,0.41
MMms,4,6,10,0.4
MMnB,16,8,24,0.67
MMnD,0,2,2,0.0
MMnH,10,10,20,0.5
MMnI,1,0,1,1.0
MMnK,0,2,2,0.0
MMnL,4,4,8,0.5
MMnM,15,19,34,0.44
MMnN,24,28,52,0.46
MMnP,29,32,61,0.48
MMnS,13,15,28,0.46
MMnb,15,33,48,0.31
MMnh,0,0,0,
MMnl,5,6,11,0.45
MMnm,13,13,26,0.5
MMnn,25,21,46,0.54
MMns,6,12,18,0.33
MMsB,3,3,6,0.5
MMsH,11,9,20,0.55
MMsK,1,1,2,0.5
MMsL,1,2,3,0.33
MMsM,9,7,16,0.56
MMsN,8,6,14,0.57
MMsP,14,3,17,0.82
MMsS,10,4,14,0.71
MMsb,9,9,18,0.5
MMsh,1,0,1,1.0
MMsl,1,8,9,0.11
MMsm,3,3,6,0.5
MMsn,6,6,12,0.5
MMss,2,1,3,0.67
MMtH,1,2,3,0.33
MMtK,1,0,1,1.0
MMtL,2,1,3,0.67
MMtM,0,3,3,0.0
MMtN,3,1,4,0.75
MMtP,4,2,6,0.67
MMtS,0,3,3,0.0
MMtb,4,1,5,0.8
MMtl,3,0,3,1.0
MMtm,1,0,1,1.0
MMtn,0,1,1,0.0
MMts,0,1,1,0.0
MNBB,5,6,11,0.45
MNBK,2,0,2,1.0
MNBL,2,1,3,0.67
MNBM,9,3,12,0.75
MNBN,15,6,21,0.71
MNBP,6,7,13,0.46
MNBS,2,3,5,0.4
MNBb,7,7,14,0.5
MNBh,1,2,3,0.33
MNBj,3,1,4,0.75
MNBl,1,3,4,0.25
MNBm,10,7,17,0.59
MNBn,20,13,33,0.61
MNBs,0,1,1,0.0
MNBt,4,1,5,0.8
MNDB,0,1,1,0.0
MNDH,0,0,0,
MNDI,1,0,1,1.0
MNDL,1,0,1,1.0
MNDM,0,3,3,0.0
MNDN,1,1,2,0.5
MNDP,1,2,3,0.33
MNDS,1,0,1,1.0
MNDb,0,1,1,0.0
MNDn,0,1,1,0.0
MNHB,2,1,3,0.67
MNHL,1,0,1,1.0
MNHM,3,1,4,0.75
MNHN,2,2,4,0.5
MNHP,2,4,6,0.33
MNHS,1,2,3,0.33
MNHb,0,1,1,0.0
MNHh,0,2,2,0.0
MNHl,0,1,1,0.0
MNHm,0,0,0,
MNHn,2,8,10,0.2
MNIM,0,1,1,0.0
MNKB,1,0,1,1.0
MNKH,1,0,1,1.0
MNKL,1,2,3,0.33
MNKM,0,1,1,0.0
MNKN,2,1,3,0.67
MNKP,1,1,2,0.5
MNKS,3,1,4,0.75
MNKh,0,1,1,0.0
MNKl,1,0,1,1.0
MNKm,1,0,1,1.0
MNKn,3,1,4,0.75
MNKs,0,1,1,0.0
MNLB,2,2,4,0.5
MNLK,1,0,1,1.0
MNLL,3,2,5,0.6
MNLM,4,1,5,0.8
MNLN,7,2,9,0.78
MNLP,9,8,17,0.53
MNLS,1,1,2,0.5
MNLb,7,4,11,0.64
MNLh,1,2,3,0.33
MNLj,0,0,0,
MNLl,2,2,4,0.5
MNLm,2,0,2,1.0
MNLn,5,8,13,0.38
MNLs,0,1,1,0.0
MNLt,0,1,1,0.0
MNMB,9,7,16,0.56
MNML,2,5,7,0.29
MNMM,8,13,21,0.38
MNMN,13,15,28,0.46
MNMP,16,12,28,0.57
MNMS,4,2,6,0.67
MNMb,14,17,31,0.45
MNMh,7,5,12,0.58
MNMj,1,3,4,0.25
MNMl,5,1,6,0.83
MNMm,12,10,22,0.55
MNMn,34,16,50,0.68
MNMs,6,4,10,0.6
MNMt,3,2,5,0.6
MNNB,5,11,16,0.31
MNND,1,0,1,1.0
MNNH,1,2,3,0.33
MNNK,1,1,2,0.5
MNNL,6,5,11,0.55
MNNM,16,10,26,0.62
MNNN,23,20,43,0.53
MNNP,28,18,46,0.61
MNNS,8,9,17,0.47
MNNb,22,16,38,0.58
MNNh,8,7,15,0.53
MNNl,6,0,6,1.0
MNNm,9,5,14,0.64
MNNn,23,29,52,0.44
MNNs,9,9,18,0.5
MNNt,4,2,6,0.67
MNPB,18,16,34,0.53
MNPD,2,2,4,0.5
MNPH,6,5,11,0.55
MNPK,2,3,5,0.4
MNPL,4,10,14,0.29
MNPM,19,19,38,0.5
MNPN,27,19,46,0.59
MNPP,36,31,67,0.54
MNPS,18,20,38,0.47
MNPb,11,21,32,0.34
MNPh,2,4,6,0.33
MNPl,7,8,15,0.47
MNPm,12,19,31,0.39
MNPn,25,38,63,0.4
MNPs,14,12,26,0.54
MNPt,0,4,4,0.0
MNSB,4,4,8,0.5
MNSD,1,0,1,1.0
MNSH,2,1,3,0.67
MNSL,2,2,4,0.5
MNSM,8,13,21,0.38
MNSN,12,10,22,0.55
MNSP,6,12,18,0.33
MNSS,6,12,18,0.33
MNSb,15,10,25,0.6
MNSh,7,4,11,0.64
MNSl,5,3,8,0.62
MNSm,4,5,9,0.44
MNSn,6,14,20,0.3
MNSs,4,11,15,0.27
MNSt,0,2,2,0.0
MNbB,7,9,16,0.44
MNbD,1,1,2,0.5
MNbH,7,1,8,0.88
MNbI,1,0,1,1.0
MNbJ,8,5,13,0.62
MNbK,2,0,2,1.0
MNbL,4,8,12,0.33
MNbM,7,12,19,0.37
MNbN,17,23,40,0.42
MNbP,22,20,42,0.52
MNbS,7,8,15,0.47
MNbb,16,14,30,0.53
MNbl,3,9,12,0.25
MNbm,7,9,16,0.44
MNbn,20,11,31,0.65
MNbs,5,8,13,0.38
MNhB,2,1,3,0.67
MNhH,1,2,3,0.33
MNhI,0,1,1,0.0
MNhL,2,2,4,0.5
MNhM,9,3,12,0.75
MNhN,4,6,10,0.4
MNhP,9,7,16,0.56
MNhS,2,6,8,0.25
MNhb,2,6,8,0.25
MNhh,4,5,9,0.44
MNhl,1,2,3,0.33
MNhm,4,4,8,0.5
MNhn,3,6,9,0.33
MNhs,6,5,11,0.55
MNht,1,0,1,1.0
MNlB,6,6,12,0.5
MNlH,1,3,4,0.25
MNlI,1,0,1,1.0
MNlJ,0,0,0,
MNlK,1,1,2,0.5
MNlL,2,2,4,0.5
MNlM,4,7,11,0.36
MNlN,4,4,8,0.5
MNlP,10,5,15,0.67
MNlS,2,4,6,0.33
MNlb,3,9,12,0.25
MNll,3,2,5,0.6
MNlm,4,1,5,0.8
MNln,2,3,5,0.4
MNls,2,3,5,0.4
MNmB,3,6,9,0.33
MNmH,4,11,15,0.27
MNmI,1,1,2,0.5
MNmJ,3,1,4,0.75
MNmL,3,3,6,0.5
MNmM,5,14,19,0.26
MNmN,12,10,22,0.55
MNmP,14,15,29,0.48
MNmS,1,7,8,0.12
MNmb,7,14,21,0.33
MNml,2,5,7,0.29
MNmm,3,8,11,0.27
MNmn,10,13,23,0.43
MNms,2,3,5,0.4
MNnB,11,13,24,0.46
MNnD,1,1,2,0.5
MNnH,12,13,25,0.48
MNnI,3,2,5,0.6
MNnK,2,4,6,0.33
MNnL,5,9,14,0.36
MNnM,25,12,37,0.68
MNnN,31,28,59,0.53
MNnP,32,33,65,0.49
MNnS,7,14,21,0.33
MNnb,17,18,35,0.49
MNnh,0,1,1,0.0
MNnl,7,7,14,0.5
MNnm,15,15,30,0.5
MNnn,28,19,47,0.6
MNns,11,14,25,0.44
MNsB,4,3,7,0.57
MNsH,5,12,17,0.29
MNsI,1,0,1,1.0
MNsL,1,1,2,0.5
MNsM,7,5,12,0.58
MNsN,3,9,12,0.25
MNsP,5,10,15,0.33
MNsS,6,3,9,0.67
MNsb,9,9,18,0.5
MNsh,0,0,0,
MNsl,1,2,3,0.33
MNsm,5,4,9,0.56
MNsn,8,7,15,0.53
MNss,4,9,13,0.31
MNtB,0,1,1,0.0
MNtD,0,0,0,
MNtH,0,2,2,0.0
MNtL,0,1,1,0.0
MNtM,3,5,8,0.38
MNtN,4,2,6,0.67
MNtP,3,5,8,0.38
MNtS,3,0,3,1.0
MNtb,2,2,4,0.5
MNtl,1,1,2,0.5
MNtm,3,4,7,0.43
MNtn,4,4,8,0.5
MNts,3,1,4,0.75
MPBB,10,13,23,0.43
MPBD,0,2,2,0.0
MPBL,8,7,15,0.53
MPBM,11,13,24,0.46
MPBN,18,13,31,0.58
MPBP,19,6,25,0.76
MPBS,6,7,13,0.46
MPBb,7,14,21,0.33
MPBh,3,4,7,0.43
MPBj,4,2,6,0.67
MPBl,3,2,5,0.6
MPBm,10,8,18,0.56
MPBn,12,18,30,0.4
MPBs,4,7,11,0.36
MPBt,2,1,3,0.67
MPDL,1,0,1,1.0
MPDM,3,0,3,1.0
MPDN,3,0,3,1.0
MPDP,0,2,2,0.0
MPDS,0,1,1,0.0
MPDl,1,0,1,1.0
MPDm,0,0,0,
MPDs,1,0,1,1.0
MPHB,2,1,3,0.67
MPHD,0,1,1,0.0
MPHH,0,0,0,
MPHI,1,0,1,1.0
MPHL,1,0,1,1.0
MPHM,6,8,14,0.43
MPHN,4,4,8,0.5
MPHP,9,8,17,0.53
MPHS,9,6,15,0.6
MPHb,9,7,16,0.56
MPHh,4,0,4,1.0
MPHl,3,3,6,0.5
MPHm,3,1,4,0.75
MPHn,8,12,20,0.4
MPHs,4,6,10,0.4
MPHt,1,0,1,1.0
MPIB,2,2,4,0.5
MPIH,1,1,2,0.5
MPIM,2,2,4,0.5
MPIN,1,0,1,1.0
MPIP,3,2,5,0.6
MPIS,1,0,1,1.0
MPIb,0,1,1,0.0
MPIl,0,1,1,0.0
MPIm,2,0,2,1.0
MPIn,1,0,1,1.0
MPIs,0,0,0,
MPIt,0,1,1,0.0
MPKB,2,3,5,0.4
MPKH,1,0,1,1.0
MPKM,1,2,3,0.33
MPKP,1,2,3,0.33
MPKS,3,1,4,0.75
MPKb,3,3,6,0.5
MPKh,3,1,4,0.75
MPKl,2,0,2,1.0
MPKm,3,0,3,1.0
MPKn,2,0,2,1.0
MPKs,1,2,3,0.33
MPKt,0,1,1,0.0
MPLB,0,8,8,0.0
MPLD,1,0,1,1.0
MPLK,1,2,3,0.33
MPLL,1,0,1,1.0
MPLM,2,5,7,0.29
MPLN,3,4,7,0.43
MPLP,6,10,16,0.38
MPLS,2,3,5,0.4
MPLb,9,5,14,0.64
MPLh,6,3,9,0.67
MPLj,3,2,5,0.6
MPLl,2,1,3,0.67
MPLm,4,4,8,0.5
MPLn,13,9,22,0.59
MPLs,4,2,6,0.67
MPLt,1,1,2,0.5
MPMB,12,13,25,0.48
MPML,2,8,10,0.2
MPMM,16,23,39,0.41
MPMN,14,13,27,0.52
MPMP,29,23,52,0.56
MPMS,8,14,22,0.36
MPMb,28,19,47,0.6
MPMh,9,12,21,0.43
MPMj,1,5,6,0.17
MPMl,10,11,21,0.48
MPMm,20,13,33,0.61
MPMn,24,29,53,0.45
MPMs,5,13,18,0.28
MPMt,2,1,3,0.67
MPNB,10,9,19,0.53
MPND,0,3,3,0.0
MPNH,4,2,6,0.67
MPNK,2,2,4,0.5
MPNL,7,6,13,0.54
MPNM,17,17,34,0.5
MPNN,23,19,42,0.55
MPNP,31,25,56,0.55
MPNS,11,15,26,0.42
MPNb,19,21,40,0.48
MPNh,11,6,17,0.65
MPNl,8,14,22,0.36
MPNm,17,18,35,0.49
MPNn,22,21,43,0.51
MPNs,10,10,20,0.5
MPNt,7,1,8,0.88
MPPB,20,7,27,0.74
MPPD,2,1,3,0.67
MPPH,8,10,18,0.44
MPPI,3,2,5,0.6
MPPK,2,1,3,0.67
MPPL,4,10,14,0.29
MPPM,25,22,47,0.53
MPPN,26,34,60,0.43
MPPP,36,40,76,0.47
MPPS,15,20,35,0.43
MPPb,34,34,68,0.5
MPPh,2,2,4,0.5
MPPl,10,13,23,0.43
MPPm,21,15,36,0.58
MPPn,31,28,59,0.53
MPPs,16,17,33,0.48
MPPt,3,3,6,0.5
MPSB,6,8,14,0.43
MPSD,0,1,1,0.0
MPSH,6,12,18,0.33
MPSK,0,1,1,0.0
MPSL,3,4,7,0.43
MPSM,11,9,20,0.55
MPSN,8,7,15,0.53
MPSP,14,18,32,0.44
MPSS,12,9,21,0.57
MPSb,16,7,23,0.7
MPSh,3,10,13,0.23
MPSl,8,3,11,0.73
MPSm,7,5,12,0.58
MPSn,10,12,22,0.45
MPSs,10,8,18,0.56
MPSt,3,1,4,0.75
MPbB,16,8,24,0.67
MPbH,7,4,11,0.64
MPbI,1,0,1,1.0
MPbJ,4,3,7,0.57
MPbK,1,1,2,0.5
MPbL,9,6,15,0.6
MPbM,20,19,39,0.51
MPbN,27,20,47,0.57
MPbP,22,23,45,0.49
MPbS,5,12,17,0.29
MPbb,27,19,46,0.59
MPbl,12,9,21,0.57
MPbm,23,7,30,0.77
MPbn,18,18,36,0.5
MPbs,9,10,19,0.47
MPhB,1,0,1,1.0
MPhL,1,1,2,0.5
MPhM,4,2,6,0.67
MPhN,0,1,1,0.0
MPhP,2,6,8,0.25
MPhS,3,2,5,0.6
MPhb,1,1,2,0.5
MPhh,2,6,8,0.25
MPhl,0,1,1,0.0
MPhm,0,3,3,0.0
MPhn,3,1,4,0.75
MPhs,0,1,1,0.0
MPht,1,0,1,1.0
MPlB,6,6,12,0.5
MPlH,6,7,13,0.46
MPlI,2,1,3,0.67
MPlJ,2,1,3,0.67
MPlK,1,1,2,0.5
MPlL,7,3,10,0.7
MPlM,8,13,21,0.38
MPlN,11,10,21,0.52
MPlP,12,15,27,0.44
MPlS,6,9,15,0.4
MPlb,10,10,20,0.5
MPll,8,3,11,0.73
MPlm,7,2,9,0.78
MPln,5,15,20,0.25
MPls,4,4,8,0.5
MPmB,7,12,19,0.37
MPmD,2,2,4,0.5
MPmH,16,11,27,0.59
MPmI,0,2,2,0.0
MPmJ,0,6,6,0.0
MPmL,4,5,9,0.44
MPmM,15,18,33,0.45
MPmN,16,15,31,0.52
MPmP,28,29,57,0.49
MPmS,9,8,17,0.53
MPmb,14,13,27,0.52
MPml,5,3,8,0.62
MPmm,6,7,13,0.46
MPmn,13,10,23,0.57
MPms,6,5,11,0.55
MPnB,13,12,25,0.52
MPnD,1,2,3,0.33
MPnH,13,6,19,0.68
MPnI,4,2,6,0.67
MPnK,4,1,5,0.8
MPnL,6,4,10,0.6
MPnM,18,25,43,0.42
MPnN,23,28,51,0.45
MPnP,31,28,59,0.53
MPnS,16,12,28,0.57
MPnb,26,12,38,0.68
MPnh,1,0,1,1.0
MPnl,9,8,17,0.53
MPnm,10,12,22,0.45
MPnn,18,22,40,0.45
MPns,14,14,28,0.5
MPsB,6,5,11,0.55
MPsD,1,0,1,1.0
MPsH,10,6,16,0.62
MPsI,1,0,1,1.0
MPsL,7,4,11,0.64
MPsM,11,8,19,0.58
MPsN,11,9,20,0.55
MPsP,22,18,40,0.55
MPsS,6,8,14,0.43
MPsb,4,7,11,0.36
MPsh,1,1,2,0.5
MPsl,6,6,12,0.5
MPsm,3,6,9,0.33
MPsn,10,10,20,0.5
MPss,8,5,13,0.62
MPtB,0,1,1,0.0
MPtH,1,0,1,1.0
MPtM,2,1,3,0.67
MPtN,2,0,2,1.0
MPtP,4,2,6,0.67
MPtS,0,3,3,0.0
MPtb,2,4,6,0.33
MPtl,1,0,1,1.0
MPtm,1,1,2,0.5
MPtn,0,2,2,0.0
MPts,1,0,1,1.0
MPtt,1,0,1,1.0
MSBB,1,0,1,1.0
MSBD,0,1,1,0.0
MSBL,2,3,5,0.4
MSBM,3,10,13,0.23
MSBN,4,3,7,0.57
MSBP,5,6,11,0.45
MSBS,2,3,5,0.4
MSBb,3,3,6,0.5
MSBh,0,0,0,
MSBj,3,1,4,0.75
MSBl,0,2,2,0.0
MSBm,2,3,5,0.4
MSBn,10,9,19,0.53
MSBs,2,1,3,0.67
MSBt,2,1,3,0.67
MSDB,1,0,1,1.0
MSDH,1,0,1,1.0
MSDP,0,1,1,0.0
MSDl,0,0,0,
MSDs,0,1,1,0.0
MSHB,1,2,3,0.33
MSHH,2,1,3,0.67
MSHI,1,0,1,1.0
MSHK,1,2,3,0.33
MSHL,0,2,2,0.0
MSHM,2,7,9,0.22
MSHN,2,3,5,0.4
MSHP,4,1,5,0.8
MSHS,6,3,9,0.67
MSHb,5,7,12,0.42
MSHh,0,1,1,0.0
MSHl,2,4,6,0.33
MSHm,4,3,7,0.57
MSHn,5,2,7,0.71
MSHs,0,3,3,0.0
MSKM,1,1,2,0.5
MSKS,1,0,1,1.0
MSKh,1,0,1,1.0
MSKs,0,0,0,
MSLB,1,2,3,0.33
MSLK,1,0,1,1.0
MSLM,3,2,5,0.6
MSLN,1,2,3,0.33
MSLP,2,4,6,0.33
MSLS,2,0,2,1.0
MSLb,3,4,7,0.43
MSLh,2,0,2,1.0
MSLj,0,0,0,
MSLl,0,2,2,0.0
MSLm,1,1,2,0.5
MSLn,1,5,6,0.17
MSLs,4,4,8,0.5
MSLt,1,0,1,1.0
MSMB,7,10,17,0.41
MSML,5,3,8,0.62
MSMM,4,9,13,0.31
MSMN,11,7,18,0.61
MSMP,10,11,21,0.48
MSMS,5,5,10,0.5
MSMb,9,13,22,0.41
MSMh,11,5,16,0.69
MSMj,2,2,4,0.5
MSMl,2,4,6,0.33
MSMm,8,6,14,0.57
MSMn,14,16,30,0.47
MSMs,6,2,8,0.75
MSMt,2,0,2,1.0
MSNB,3,4,7,0.43
MSNH,0,1,1,0.0
MSNK,3,1,4,0.75
MSNL,1,2,3,0.33
MSNM,9,7,16,0.56
MSNN,9,9,18,0.5
MSNP,10,13,23,0.43
MSNS,6,7,13,0.46
MSNb,8,8,16,0.5
MSNh,1,3,4,0.25
MSNl,0,3,3,0.0
MSNm,2,3,5,0.4
MSNn,9,15,24,0.38
MSNs,3,4,7,0.43
MSNt,2,4,6,0.33
MSPB,12,3,15,0.8
MSPD,1,0,1,1.0
MSPH,5,3,8,0.62
MSPI,1,0,1,1.0
MSPK,1,1,2,0.5
MSPL,4,4,8,0.5
MSPM,7,10,17,0.41
MSPN,16,13,29,0.55
MSPP,28,14,42,0.67
MSPS,11,11,22,0.5
MSPb,9,13,22,0.41
MSPh,2,0,2,1.0
MSPl,7,4,11,0.64
MSPm,8,6,14,0.57
MSPn,16,15,31,0.52
MSPs,8,7,15,0.53
MSPt,1,1,2,0.5
MSSB,5,4,9,0.56
MSSD,1,1,2,0.5
MSSH,3,2,5,0.6
MSSK,1,2,3,0.33
MSSL,2,2,4,0.5
MSSM,9,4,13,0.69
MSSN,7,6,13,0.54
MSSP,8,9,17,0.47
MSSS,8,12,20,0.4
MSSb,12,4,16,0.75
MSSh,7,2,9,0.78
MSSl,1,3,4,0.25
MSSm,5,5,10,0.5
MSSn,14,12,26,0.54
MSSs,3,6,9,0.33
MSSt,1,0,1,1.0
MSbB,7,7,14,0.5
MSbD,3,0,3,1.0
MSbH,2,1,3,0.67
MSbI,2,1,3,0.67
MSbJ,1,5,6,0.17
MSbK,0,1,1,0.0
MSbL,1,2,3,0.33
MSbM,8,7,15,0.53
MSbN,5,13,18,0.28
MSbP,11,15,26,0.42
MSbS,6,3,9,0.67
MSbb,14,5,19,0.74
MSbl,5,2,7,0.71
MSbm,5,4,9,0.56
MSbn,7,11,18,0.39
MSbs,5,2,7,0.71
MShB,1,2,3,0.33
MShH,4,3,7,0.57
MShL,1,0,1,1.0
MShM,4,9,13,0.31
MShN,5,6,11,0.45
MShP,7,4,11,0.64
MShS,4,3,7,0.57
MShb,7,4,11,0.64
MShh,4,6,10,0.4
MShl,2,4,6,0.33
MShm,7,6,13,0.54
MShn,9,15,24,0.38
MShs,8,7,15,0.53
MSlB,3,1,4,0.75
MSlH,3,3,6,0.5
MSlI,1,0,1,1.0
MSlL,2,1,3,0.67
MSlM,6,1,7,0.86
MSlN,5,2,7,0.71
MSlP,6,4,10,0.6
MSlS,2,1,3,0.67
MSlb,7,7,14,0.5
MSll,3,2,5,0.6
MSlm,3,0,3,1.0
MSln,3,5,8,0.38
MSls,0,2,2,0.0
MSmB,1,0,1,1.0
MSmD,0,0,0,
MSmH,6,5,11,0.55
MSmL,2,2,4,0.5
MSmM,5,8,13,0.38
MSmN,13,8,21,0.62
MSmP,11,7,18,0.61
MSmS,4,2,6,0.67
MSmb,11,7,18,0.61
MSml,2,4,6,0.33
MSmm,3,7,10,0.3
MSmn,4,5,9,0.44
MSms,4,3,7,0.57
MSnB,5,5,10,0.5
MSnH,8,8,16,0.5
MSnK,0,1,1,0.0
MSnL,3,7,10,0.3
MSnM,13,6,19,0.68
MSnN,18,16,34,0.53
MSnP,5,20,25,0.2
MSnS,13,4,17,0.76
MSnb,13,7,20,0.65
MSnh,1,0,1,1.0
MSnl,2,4,6,0.33
MSnm,12,3,15,0.8
MSnn,11,11,22,0.5
MSns,8,5,13,0.62
MSsB,1,4,5,0.2
MSsH,7,6,13,0.54
MSsK,1,0,1,1.0
MSsL,4,3,7,0.57
MSsM,5,8,13,0.38
MSsN,7,4,11,0.64
MSsP,10,8,18,0.56
MSsS,4,4,8,0.5
MSsb,2,5,7,0.29
MSsh,1,0,1,1.0
MSsl,5,0,5,1.0
MSsm,7,3,10,0.7
MSsn,4,3,7,0.57
MSss,6,3,9,0.67
MStB,0,2,2,0.0
MStH,2,0,2,1.0
MStM,1,5,6,0.17
MStN,1,1,2,0.5
MStP,4,2,6,0.67
MStS,0,2,2,0.0
MStb,0,3,3,0.0
MStn,1,2,3,0.33
MbBB,7,5,12,0.58
MbBD,0,2,2,0.0
MbBK,0,1,1,0.0
MbBL,4,3,7,0.57
MbBM,16,21,37,0.43
MbBN,5,13,18,0.28
MbBP,12,13,25,0.48
MbBS,3,6,9,0.33
MbBb,9,8,17,0.53
MbBh,3,2,5,0.6
MbBj,6,6,12,0.5
MbBl,2,5,7,0.29
MbBm,12,4,16,0.75
MbBn,17,13,30,0.57
MbBs,6,1,7,0.86
MbBt,0,2,2,0.0
MbDB,0,1,1,0.0
MbDH,1,1,2,0.5
MbDM,0,2,2,0.0
MbDN,2,0,2,1.0
MbDP,3,1,4,0.75
MbDb,0,1,1,0.0
MbDl,0,2,2,0.0
MbDm,2,0,2,1.0
MbDn,3,2,5,0.6
MbDs,0,1,1,0.0
MbHB,3,3,6,0.5
MbHH,0,1,1,0.0
MbHK,0,1,1,0.0
MbHL,3,3,6,0.5
MbHM,5,3,8,0.62
MbHN,8,5,13,0.62
MbHP,5,6,11,0.45
MbHS,5,3,8,0.62
MbHb,8,9,17,0.47
MbHh,3,0,3,1.0
MbHl,1,2,3,0.33
MbHm,4,5,9,0.44
MbHn,7,10,17,0.41
MbHs,3,2,5,0.6
MbID,0,0,0,
MbIH,1,1,2,0.5
MbII,1,0,1,1.0
MbIM,3,3,6,0.5
MbIN,2,1,3,0.67
MbIP,0,1,1,0.0
MbIS,0,1,1,0.0
MbIb,1,3,4,0.25
MbIm,0,0,0,
MbIn,0,0,0,
MbJB,3,0,3,1.0
MbJD,0,1,1,0.0
MbJH,2,2,4,0.5
MbJI,2,0,2,1.0
MbJK,1,1,2,0.5
MbJL,3,0,3,1.0
MbJM,6,8,14,0.43
MbJN,10,5,15,0.67
MbJP,4,5,9,0.44
MbJS,2,2,4,0.5
MbJb,3,5,8,0.38
MbJh,1,0,1,1.0
MbJl,2,1,3,0.67
MbJm,5,0,5,1.0
MbJn,7,4,11,0.64
MbJs,0,2,2,0.0
MbJt,1,0,1,1.0
MbKB,1,1,2,0.5
MbKL,0,1,1,0.0
MbKM,2,1,3,0.67
MbKN,1,3,4,0.25
MbKP,5,0,5,1.0
MbKS,1,2,3,0.33
MbKb,0,1,1,0.0
MbKh,2,2,4,0.5
MbKl,1,1,2,0.5
MbKm,1,0,1,1.0
MbKn,3,5,8,0.38
MbKs,2,0,2,1.0
MbKt,0,1,1,0.0
MbLB,5,3,8,0.62
MbLK,0,1,1,0.0
MbLL,2,0,2,1.0
MbLM,7,5,12,0.58
MbLN,1,2,3,0.33
MbLP,8,8,16,0.5
MbLS,4,5,9,0.44
MbLb,2,2,4,0.5
MbLh,2,2,4,0.5
MbLj,1,2,3,0.33
MbLl,4,1,5,0.8
MbLm,2,3,5,0.4
MbLn,2,7,9,0.22
MbLs,5,2,7,0.71
MbLt,2,0,2,1.0
MbMB,10,9,19,0.53
MbMD,0,1,1,0.0
MbML,4,4,8,0.5
MbMM,17,16,33,0.52
MbMN,14,11,25,0.56
MbMP,19,18,37,0.51
MbMS,5,10,15,0.33
MbMb,16,10,26,0.62
MbMh,10,11,21,0.48
MbMj,7,2,9,0.78
MbMl,8,8,16,0.5
MbMm,16,10,26,0.62
MbMn,20,24,44,0.45
MbMs,10,8,18,0.56
MbMt,2,2,4,0.5
MbNB,13,12,25,0.52
MbND,5,0,5,1.0
MbNH,5,2,7,0.71
MbNL,6,11,17,0.35
MbNM,17,13,30,0.57
MbNN,29,27,56,0.52
MbNP,38,29,67,0.57
MbNS,14,28,42,0.33
MbNb,17,25,42,0.4
MbNh,8,14,22,0.36
MbNl,5,5,10,0.5
MbNm,21,10,31,0.68
MbNn,38,38,76,0.5
MbNs,15,17,32,0.47
MbNt,6,5,11,0.55
MbPB,14,6,20,0.7
MbPD,1,0,1,1.0
MbPH,5,11,16,0.31
MbPI,2,1,3,0.67
MbPK,2,2,4,0.5
MbPL,9,8,17,0.53
MbPM,16,20,36,0.44
MbPN,17,31,48,0.35
MbPP,27,31,58,0.47
MbPS,17,14,31,0.55
MbPb,24,22,46,0.52
MbPh,9,3,12,0.75
MbPl,11,11,22,0.5
MbPm,12,11,23,0.52
MbPn,39,24,63,0.62
MbPs,18,14,32,0.56
MbPt,1,1,2,0.5
MbSB,3,5,8,0.38
MbSH,4,2,6,0.67
MbSI,1,1,2,0.5
MbSL,1,3,4,0.25
MbSM,10,9,19,0.53
MbSN,3,10,13,0.23
MbSP,9,7,16,0.56
MbSS,8,7,15,0.53
MbSb,8,8,16,0.5
MbSh,14,7,21,0.67
MbSl,4,7,11,0.36
MbSm,7,3,10,0.7
MbSn,12,14,26,0.46
MbSs,5,8,13,0.38
MbSt,1,3,4,0.25
MbbB,16,18,34,0.47
MbbD,2,1,3,0.67
MbbH,9,5,14,0.64
MbbI,0,1,1,0.0
MbbJ,3,5,8,0.38
MbbK,2,0,2,1.0
MbbL,6,4,10,0.6
MbbM,19,25,44,0.43
MbbN,26,36,62,0.42
MbbP,32,23,55,0.58
MbbS,5,6,11,0.45
Mbbb,16,11,27,0.59
Mbbl,4,4,8,0.5
Mbbm,11,8,19,0.58
Mbbn,35,23,58,0.6
Mbbs,9,9,18,0.5
MbhP,1,0,1,1.0
MblB,0,6,6,0.0
MblH,3,5,8,0.38
MblI,0,1,1,0.0
MblJ,2,0,2,1.0
MblL,0,4,4,0.0
MblM,3,3,6,0.5
MblN,3,12,15,0.2
MblP,13,7,20,0.65
MblS,4,3,7,0.57
Mblb,10,5,15,0.67
Mbll,1,4,5,0.2
Mblm,3,3,6,0.5
Mbln,8,8,16,0.5
Mbls,7,4,11,0.64
MbmB,5,13,18,0.28
MbmD,2,1,3,0.67
MbmH,12,1,13,0.92
MbmI,0,1,1,0.0
MbmJ,2,2,4,0.5
MbmK,0,1,1,0.0
MbmL,2,8,10,0.2
MbmM,15,12,27,0.56
MbmN,7,19,26,0.27
MbmP,13,20,33,0.39
MbmS,7,5,12,0.58
Mbmb,14,7,21,0.67
Mbml,2,2,4,0.5
Mbmm,5,1,6,0.83
Mbmn,11,9,20,0.55
Mbms,3,5,8,0.38
MbnB,15,12,27,0.56
MbnH,8,9,17,0.47
MbnI,2,1,3,0.67
MbnK,2,1,3,0.67
MbnL,6,3,9,0.67
MbnM,19,19,38,0.5
MbnN,27,31,58,0.47
MbnP,36,38,74,0.49
MbnS,12,8,20,0.6
Mbnb,16,20,36,0.44
Mbnh,3,1,4,0.75
Mbnl,6,9,15,0.4
Mbnm,11,11,22,0.5
Mbnn,31,24,55,0.56
Mbns,12,6,18,0.67
MbsB,8,3,11,0.73
MbsD,1,1,2,0.5
MbsH,6,10,16,0.38
MbsI,1,1,2,0.5
MbsL,0,4,4,0.0
MbsM,8,9,17,0.47
MbsN,11,9,20,0.55
MbsP,16,5,21,0.76
MbsS,7,5,12,0.58
Mbsb,9,3,12,0.75
Mbsh,0,0,0,
Mbsl,3,2,5,0.6
Mbsm,10,2,12,0.83
Mbsn,2,11,13,0.15
Mbss,6,3,9,0.67
MhBB,5,4,9,0.56
MhBL,2,3,5,0.4
MhBM,5,7,12,0.42
MhBN,10,9,19,0.53
MhBP,5,11,16,0.31
MhBS,3,4,7,0.43
MhBb,6,10,16,0.38
MhBh,1,0,1,1.0
MhBj,1,1,2,0.5
MhBl,0,3,3,0.0
MhBm,6,3,9,0.67
MhBn,11,6,17,0.65
MhBs,2,2,4,0.5
MhBt,2,3,5,0.4
MhDL,1,0,1,1.0
MhDM,0,0,0,
MhDN,1,0,1,1.0
MhDP,0,3,3,0.0
MhDb,2,1,3,0.67
MhDl,0,1,1,0.0
MhDm,1,0,1,1.0
MhDn,2,0,2,1.0
MhHB,3,1,4,0.75
MhHI,0,1,1,0.0
MhHK,0,1,1,0.0
MhHL,1,0,1,1.0
MhHM,1,3,4,0.25
MhHN,3,1,4,0.75
MhHP,3,5,8,0.38
MhHS,4,2,6,0.67
MhHb,7,5,12,0.58
MhHh,2,1,3,0.67
MhHl,0,1,1,0.0
MhHn,3,2,5,0.6
MhHs,3,1,4,0.75
MhIM,0,2,2,0.0
MhIN,2,1,3,0.67
MhIS,2,0,2,1.0
MhIl,0,1,1,0.0
MhIn,3,0,3,1.0
MhKL,1,0,1,1.0
MhKl,0,0,0,
MhKs,1,0,1,1.0
MhKt,1,0,1,1.0
MhLB,3,2,5,0.6
MhLL,1,2,3,0.33
MhLM,4,3,7,0.57
MhLN,1,7,8,0.12
MhLP,4,4,8,0.5
MhLS,3,1,4,0.75
MhLb,3,3,6,0.5
MhLh,3,3,6,0.5
MhLj,0,2,2,0.0
MhLl,0,2,2,0.0
MhLm,3,2,5,0.6
MhLn,4,4,8,0.5
MhLs,1,0,1,1.0
MhMB,10,6,16,0.62
MhMD,0,2,2,0.0
MhML,4,5,9,0.44
MhMM,11,10,21,0.52
MhMN,10,11,21,0.48
MhMP,10,18,28,0.36
MhMS,7,13,20,0.35
MhMb,9,17,26,0.35
MhMh,6,9,15,0.4
MhMj,2,2,4,0.5
MhMl,9,4,13,0.69
MhMm,8,4,12,0.67
MhMn,14,20,34,0.41
MhMs,5,8,13,0.38
MhMt,0,1,1,0.0
MhNB,7,9,16,0.44
MhND,1,1,2,0.5
MhNH,0,3,3,0.0
MhNK,1,1,2,0.5
MhNL,4,5,9,0.44
MhNM,8,11,19,0.42
MhNN,9,12,21,0.43
MhNP,18,15,33,0.55
MhNS,12,8,20,0.6
MhNb,7,10,17,0.41
MhNh,2,9,11,0.18
MhNl,3,2,5,0.6
MhNm,9,1,10,0.9
MhNn,11,11,22,0.5
MhNs,4,8,12,0.33
MhNt,1,2,3,0.33
MhPB,8,10,18,0.44
MhPD,0,1,1,0.0
MhPH,6,4,10,0.6
MhPI,3,0,3,1.0
MhPK,1,1,2,0.5
MhPL,9,7,16,0.56
MhPM,23,15,38,0.61
MhPN,13,20,33,0.39
MhPP,31,26,57,0.54
MhPS,16,14,30,0.53
MhPb,17,19,36,0.47
MhPh,0,2,2,0.0
MhPl,9,5,14,0.64
MhPm,12,16,28,0.43
MhPn,16,25,41,0.39
MhPs,10,16,26,0.38
MhPt,4,2,6,0.67
MhSB,9,2,11,0.82
MhSD,0,1,1,0.0
MhSH,2,4,6,0.33
MhSI,1,0,1,1.0
MhSK,0,1,1,0.0
MhSL,6,2,8,0.75
MhSM,10,5,15,0.67
MhSN,13,9,22,0.59
MhSP,6,9,15,0.4
MhSS,8,10,18,0.44
MhSb,8,17,25,0.32
MhSh,10,9,19,0.53
MhSl,0,3,3,0.0
MhSm,3,7,10,0.3
MhSn,9,7,16,0.56
MhSs,8,10,18,0.44
MhSt,1,0,1,1.0
MhbB,4,3,7,0.57
MhbD,0,1,1,0.0
MhbH,4,2,6,0.67
MhbI,0,1,1,0.0
MhbJ,4,4,8,0.5
MhbK,2,1,3,0.67
MhbL,3,1,4,0.75
MhbM,18,15,33,0.55
MhbN,6,16,22,0.27
MhbP,16,19,35,0.46
MhbS,7,7,14,0.5
Mhbb,7,15,22,0.32
Mhbl,6,2,8,0.75
Mhbm,9,7,16,0.56
Mhbn,19,12,31,0.61
Mhbs,8,7,15,0.53
MhhB,4,6,10,0.4
MhhD,0,1,1,0.0
MhhH,4,2,6,0.67
MhhL,3,3,6,0.5
MhhM,13,12,25,0.52
MhhN,10,9,19,0.53
MhhP,12,18,30,0.4
MhhS,12,13,25,0.48
Mhhb,17,9,26,0.65
Mhhh,14,12,26,0.54
Mhhl,5,6,11,0.45
Mhhm,3,6,9,0.33
Mhhn,13,13,26,0.5
Mhhs,4,10,14,0.29
Mhht,2,1,3,0.67
MhlB,2,4,6,0.33
MhlH,5,3,8,0.62
MhlI,0,1,1,0.0
MhlJ,2,2,4,0.5
MhlK,0,1,1,0.0
MhlL,1,3,4,0.25
MhlM,7,9,16,0.44
MhlN,5,18,23,0.22
MhlP,14,7,21,0.67
MhlS,6,6,12,0.5
Mhlb,4,4,8,0.5
Mhll,7,2,9,0.78
Mhlm,6,5,11,0.55
Mhln,6,3,9,0.67
Mhls,8,3,11,0.73
MhmB,3,3,6,0.5
MhmH,8,7,15,0.53
MhmJ,1,1,2,0.5
MhmL,5,1,6,0.83
MhmM,10,9,19,0.53
MhmN,7,7,14,0.5
MhmP,14,12,26,0.54
MhmS,9,7,16,0.56
Mhmb,9,12,21,0.43
Mhml,1,1,2,0.5
Mhmm,11,5,16,0.69
Mhmn,6,7,13,0.46
Mhms,4,4,8,0.5
MhnB,5,6,11,0.45
MhnD,0,0,0,
MhnH,5,5,10,0.5
MhnI,2,0,2,1.0
MhnK,2,3,5,0.4
MhnL,14,5,19,0.74
MhnM,9,18,27,0.33
MhnN,16,16,32,0.5
MhnP,17,15,32,0.53
MhnS,12,13,25,0.48
Mhnb,16,22,38,0.42
Mhnh,1,1,2,0.5
Mhnl,7,0,7,1.0
Mhnm,7,5,12,0.58
Mhnn,18,9,27,0.67
Mhns,9,11,20,0.45
MhsB,4,6,10,0.4
MhsD,2,0,2,1.0
MhsH,9,9,18,0.5
MhsI,1,0,1,1.0
MhsK,0,0,0,
MhsL,4,3,7,0.57
MhsM,8,10,18,0.44
MhsN,10,8,18,0.56
MhsP,17,10,27,0.63
MhsS,13,12,25,0.52
Mhsb,6,5,11,0.55
Mhsl,3,5,8,0.38
Mhsm,10,4,14,0.71
Mhsn,8,9,17,0.47
Mhss,8,6,14,0.57
MhtB,0,1,1,0.0
MhtH,1,0,1,1.0
MhtM,0,1,1,0.0
MhtN,0,3,3,0.0
MhtP,3,3,6,0.5
MhtS,2,2,4,0.5
Mhtb,3,0,3,1.0
Mhtl,1,0,1,1.0
Mhtm,2,1,3,0.67
Mhtn,0,1,1,0.0
Mhts,0,2,2,0.0
Mhtt,1,1,2,0.5
MjBB,2,1,3,0.67
MjBL,1,0,1,1.0
MjBM,4,3,7,0.57
MjBN,4,3,7,0.57
MjBP,3,4,7,0.43
MjBS,1,3,4,0.25
MjBb,1,3,4,0.25
MjBh,1,4,5,0.2
MjBj,3,0,3,1.0
MjBm,3,3,6,0.5
MjBn,2,3,5,0.4
MjBs,1,1,2,0.5
MjBt,0,0,0,
MjDH,0,0,0,
MjDM,0,0,0,
MjDP,1,0,1,1.0
MjDS,0,0,0,
MjDb,1,1,2,0.5
MjHL,0,1,1,0.0
MjHM,2,3,5,0.4
MjHN,4,1,5,0.8
MjHP,2,4,6,0.33
MjHS,1,2,3,0.33
MjHb,1,3,4,0.25
MjHl,1,0,1,1.0
MjHm,1,1,2,0.5
MjHn,3,1,4,0.75
MjHs,1,1,2,0.5
MjHt,0,1,1,0.0
MjIM,1,0,1,1.0
MjIP,1,1,2,0.5
MjIb,1,0,1,1.0
MjKM,0,1,1,0.0
MjKN,0,1,1,0.0
MjKP,0,1,1,0.0
MjKb,0,1,1,0.0
MjKh,2,1,3,0.67
MjKn,0,1,1,0.0
MjLK,1,0,1,1.0
MjLN,0,0,0,
MjLP,2,1,3,0.67
MjLS,1,0,1,1.0
MjLb,1,0,1,1.0
MjLh,0,1,1,0.0
MjLj,3,0,3,1.0
MjLl,2,0,2,1.0
MjLm,0,3,3,0.0
MjLn,1,2,3,0.33
MjLs,1,1,2,0.5
MjMB,3,4,7,0.43
MjMD,0,1,1,0.0
MjML,0,2,2,0.0
MjMM,2,2,4,0.5
MjMN,5,5,10,0.5
MjMP,2,5,7,0.29
MjMS,3,2,5,0.6
MjMb,4,8,12,0.33
MjMh,3,3,6,0.5
MjMj,1,1,2,0.5
MjMl,2,1,3,0.67
MjMm,2,2,4,0.5
MjMn,4,8,12,0.33
MjMs,5,3,8,0.62
MjMt,2,0,2,1.0
MjNB,3,1,4,0.75
MjND,0,2,2,0.0
MjNL,2,2,4,0.5
MjNM,3,3,6,0.5
MjNN,3,5,8,0.38
MjNP,8,8,16,0.5
MjNS,1,5,6,0.17
MjNb,2,3,5,0.4
MjNh,2,3,5,0.4
MjNl,3,2,5,0.6
MjNm,3,2,5,0.6
MjNn,7,4,11,0.64
MjNs,1,1,2,0.5
MjNt,0,1,1,0.0
MjPB,1,4,5,0.2
MjPD,2,0,2,1.0
MjPH,2,1,3,0.67
MjPK,1,1,2,0.5
MjPL,2,2,4,0.5
MjPM,7,5,12,0.58
MjPN,6,8,14,0.43
MjPP,12,20,32,0.38
MjPS,4,5,9,0.44
MjPb,7,6,13,0.54
MjPl,5,4,9,0.56
MjPm,6,3,9,0.67
MjPn,8,9,17,0.47
MjPs,1,4,5,0.2
MjPt,1,1,2,0.5
MjSB,1,6,7,0.14
MjSH,4,2,6,0.67
MjSL,2,0,2,1.0
MjSM,4,5,9,0.44
MjSN,1,0,1,1.0
MjSP,5,5,10,0.5
MjSS,2,3,5,0.4
MjSb,2,3,5,0.4
MjSh,1,2,3,0.33
MjSl,2,1,3,0.67
MjSm,3,3,6,0.5
MjSn,3,4,7,0.43
MjSs,1,0,1,1.0
MjbB,4,5,9,0.44
MjbH,0,0,0,
MjbI,0,1,1,0.0
MjbJ,0,1,1,0.0
MjbK,1,1,2,0.5
MjbL,1,2,3,0.33
MjbM,6,6,12,0.5
MjbN,4,3,7,0.57
MjbP,9,9,18,0.5
MjbS,3,0,3,1.0
Mjbb,6,5,11,0.55
Mjbl,2,4,6,0.33
Mjbm,2,2,4,0.5
Mjbn,1,4,5,0.2
Mjbs,3,2,5,0.6
MjhB,2,0,2,1.0
MjhM,0,0,0,
MjhN,0,1,1,0.0
MjhP,0,1,1,0.0
Mjhb,2,0,2,1.0
Mjhh,3,4,7,0.43
Mjhl,2,1,3,0.67
Mjhm,2,1,3,0.67
Mjhn,0,1,1,0.0
Mjhs,0,1,1,0.0
MjlB,1,2,3,0.33
MjlH,2,3,5,0.4
MjlJ,1,1,2,0.5
MjlL,1,0,1,1.0
MjlM,1,1,2,0.5
MjlN,2,4,6,0.33
MjlP,5,1,6,0.83
MjlS,1,2,3,0.33
Mjlb,3,4,7,0.43
Mjll,1,0,1,1.0
Mjlm,1,2,3,0.33
Mjln,1,0,1,1.0
Mjls,0,1,1,0.0
MjmB,1,1,2,0.5
MjmH,1,3,4,0.25
MjmI,0,0,0,
MjmJ,0,1,1,0.0
MjmL,1,3,4,0.25
MjmM,1,0,1,1.0
MjmN,8,4,12,0.67
MjmP,2,5,7,0.29
MjmS,1,5,6,0.17
Mjmb,2,2,4,0.5
Mjml,1,1,2,0.5
Mjmm,3,4,7,0.43
Mjmn,1,2,3,0.33
Mjms,1,0,1,1.0
MjnB,6,2,8,0.75
MjnD,1,0,1,1.0
MjnH,1,1,2,0.5
MjnI,0,1,1,0.0
MjnK,1,1,2,0.5
MjnL,2,1,3,0.67
MjnM,3,3,6,0.5
MjnN,2,8,10,0.2
MjnP,3,7,10,0.3
MjnS,5,7,12,0.42
Mjnb,4,2,6,0.67
Mjnh,1,0,1,1.0
Mjnl,3,1,4,0.75
Mjnm,2,3,5,0.4
Mjnn,7,5,12,0.58
Mjns,2,1,3,0.67
MjsB,2,1,3,0.67
MjsD,0,1,1,0.0
MjsH,3,3,6,0.5
MjsI,1,0,1,1.0
MjsK,0,1,1,0.0
MjsL,0,1,1,0.0
MjsM,7,1,8,0.88
MjsN,1,1,2,0.5
MjsP,2,1,3,0.67
MjsS,2,1,3,0.67
Mjsb,2,0,2,1.0
Mjsh,0,1,1,0.0
Mjsl,0,1,1,0.0
Mjsm,3,0,3,1.0
Mjsn,6,3,9,0.67
Mjss,3,1,4,0.75
MjtD,1,0,1,1.0
MjtH,2,0,2,1.0
MjtK,1,1,2,0.5
MjtL,2,0,2,1.0
MjtM,1,1,2,0.5
MjtN,1,0,1,1.0
MjtP,1,2,3,0.33
Mjtm,1,0,1,1.0
Mjtn,2,0,2,1.0
Mjts,0,1,1,0.0
MlBB,5,2,7,0.71
MlBD,0,0,0,
MlBL,0,4,4,0.0
MlBM,1,4,5,0.2
MlBN,3,10,13,0.23
MlBP,4,4,8,0.5
MlBS,4,3,7,0.57
MlBb,3,5,8,0.38
MlBh,1,1,2,0.5
MlBj,1,2,3,0.33
MlBl,1,1,2,0.5
MlBm,4,2,6,0.67
MlBn,9,4,13,0.69
MlBs,2,3,5,0.4
MlBt,0,1,1,0.0
MlDB,1,0,1,1.0
MlDH,1,1,2,0.5
MlDM,1,0,1,1.0
MlDS,1,1,2,0.5
MlDm,1,0,1,1.0
MlDn,1,0,1,1.0
MlHB,1,3,4,0.25
MlHD,1,0,1,1.0
MlHH,0,0,0,
MlHK,0,0,0,
MlHL,1,1,2,0.5
MlHM,4,6,10,0.4
MlHN,3,5,8,0.38
MlHP,12,5,17,0.71
MlHS,6,3,9,0.67
MlHb,5,3,8,0.62
MlHh,2,6,8,0.25
MlHl,3,2,5,0.6
MlHm,8,2,10,0.8
MlHn,10,7,17,0.59
MlHs,3,5,8,0.38
MlHt,1,0,1,1.0
MlIH,0,2,2,0.0
MlIN,1,1,2,0.5
MlIP,0,1,1,0.0
MlIS,0,0,0,
MlIb,0,2,2,0.0
MlJB,2,1,3,0.67
MlJH,1,0,1,1.0
MlJI,1,0,1,1.0
MlJL,0,1,1,0.0
MlJM,3,1,4,0.75
MlJN,5,1,6,0.83
MlJP,2,0,2,1.0
MlJb,0,1,1,0.0
MlJl,2,2,4,0.5
MlJm,0,1,1,0.0
MlJs,1,1,2,0.5
MlKB,0,0,0,
MlKP,0,1,1,0.0
MlKh,0,1,1,0.0
MlKl,1,0,1,1.0
MlKm,0,0,0,
MlKn,1,0,1,1.0
MlLB,4,2,6,0.67
MlLH,1,0,1,1.0
MlLL,2,1,3,0.67
MlLM,3,1,4,0.75
MlLN,2,1,3,0.67
MlLP,4,1,5,0.8
MlLS,1,2,3,0.33
MlLb,2,2,4,0.5
MlLh,3,2,5,0.6
MlLj,1,1,2,0.5
MlLl,1,0,1,1.0
MlLm,2,3,5,0.4
MlLn,5,3,8,0.62
MlLs,0,1,1,0.0
MlMB,6,4,10,0.6
MlMD,1,0,1,1.0
MlML,2,4,6,0.33
MlMM,7,4,11,0.64
MlMN,4,10,14,0.29
MlMP,7,7,14,0.5
MlMS,3,5,8,0.38
MlMb,8,8,16,0.5
MlMh,3,6,9,0.33
MlMj,2,1,3,0.67
MlMl,4,1,5,0.8
MlMm,2,6,8,0.25
MlMn,13,15,28,0.46
MlMs,5,6,11,0.45
MlMt,2,1,3,0.67
MlNB,3,1,4,0.75
MlNH,0,2,2,0.0
MlNL,0,1,1,0.0
MlNM,5,6,11,0.45
MlNN,7,13,20,0.35
MlNP,7,9,16,0.44
MlNS,7,5,12,0.58
MlNb,7,8,15,0.47
MlNh,2,6,8,0.25
MlNl,5,5,10,0.5
MlNm,7,7,14,0.5
MlNn,14,13,27,0.52
MlNs,8,5,13,0.62
MlNt,3,2,5,0.6
MlPB,6,3,9,0.67
MlPH,1,4,5,0.2
MlPI,0,0,0,
MlPK,1,1,2,0.5
MlPL,3,1,4,0.75
MlPM,11,6,17,0.65
MlPN,5,9,14,0.36
MlPP,12,16,28,0.43
MlPS,5,4,9,0.56
MlPb,3,11,14,0.21
MlPh,3,1,4,0.75
MlPl,7,1,8,0.88
MlPm,5,5,10,0.5
MlPn,13,8,21,0.62
MlPs,4,5,9,0.44
MlPt,1,1,2,0.5
MlSB,2,3,5,0.4
MlSH,0,3,3,0.0
MlSI,0,1,1,0.0
MlSK,0,0,0,
MlSL,0,0,0,
MlSM,3,9,12,0.25
MlSN,8,5,13,0.62
MlSP,4,14,18,0.22
MlSS,3,7,10,0.3
MlSb,6,5,11,0.55
MlSh,4,6,10,0.4
MlSl,1,3,4,0.25
MlSm,4,3,7,0.57
MlSn,5,8,13,0.38
MlSs,3,8,11,0.27
MlbB,7,3,10,0.7
MlbD,1,1,2,0.5
MlbH,3,2,5,0.6
MlbI,1,1,2,0.5
MlbJ,3,1,4,0.75
MlbK,3,1,4,0.75
MlbL,5,2,7,0.71
MlbM,5,13,18,0.28
MlbN,8,14,22,0.36
MlbP,7,8,15,0.47
MlbS,4,3,7,0.57
Mlbb,11,8,19,0.58
Mlbl,4,1,5,0.8
Mlbm,3,5,8,0.38
Mlbn,2,4,6,0.33
Mlbs,1,0,1,1.0
MllB,3,1,4,0.75
MllD,0,2,2,0.0
MllH,1,1,2,0.5
MllJ,2,0,2,1.0
MllL,0,4,4,0.0
MllM,1,4,5,0.2
MllN,5,4,9,0.56
MllP,4,1,5,0.8
MllS,1,1,2,0.5
Mllb,2,3,5,0.4
Mlll,1,0,1,1.0
Mllm,1,0,1,1.0
Mlln,5,3,8,0.62
Mlls,0,1,1,0.0
MlmB,5,2,7,0.71
MlmH,2,5,7,0.29
MlmJ,1,2,3,0.33
MlmL,1,1,2,0.5
MlmM,3,5,8,0.38
MlmN,5,6,11,0.45
MlmP,5,3,8,0.62
MlmS,4,4,8,0.5
Mlmb,1,6,7,0.14
Mlml,2,1,3,0.67
Mlmm,3,3,6,0.5
Mlmn,8,3,11,0.73
Mlms,2,1,3,0.67
MlnB,1,2,3,0.33
MlnH,3,5,8,0.38
MlnK,1,1,2,0.5
MlnL,2,1,3,0.67
MlnM,7,9,16,0.44
MlnN,11,12,23,0.48
MlnP,9,9,18,0.5
MlnS,2,6,8,0.25
Mlnb,10,5,15,0.67
Mlnh,0,0,0,
Mlnl,2,3,5,0.4
Mlnm,6,5,11,0.55
Mlnn,9,4,13,0.69
Mlns,4,7,11,0.36
MlsB,1,3,4,0.25
MlsD,0,1,1,0.0
MlsH,2,2,4,0.5
MlsI,1,1,2,0.5
MlsL,1,1,2,0.5
MlsM,4,3,7,0.57
MlsN,4,5,9,0.44
MlsP,3,7,10,0.3
MlsS,4,4,8,0.5
Mlsb,4,5,9,0.44
Mlsl,1,0,1,1.0
Mlsm,3,2,5,0.6
Mlsn,4,1,5,0.8
Mlss,7,1,8,0.88
MmBB,2,5,7,0.29
MmBD,0,1,1,0.0
MmBK,3,0,3,1.0
MmBL,1,1,2,0.5
MmBM,8,7,15,0.53
MmBN,8,8,16,0.5
MmBP,11,8,19,0.58
MmBS,9,2,11,0.82
MmBb,7,5,12,0.58
MmBh,0,1,1,0.0
MmBj,5,3,8,0.62
MmBl,2,2,4,0.5
MmBm,6,2,8,0.75
MmBn,18,13,31,0.58
MmBs,6,4,10,0.6
MmBt,1,2,3,0.33
MmDM,2,1,3,0.67
MmDN,1,3,4,0.25
MmDS,1,1,2,0.5
MmDb,0,1,1,0.0
MmDh,0,1,1,0.0
MmDm,1,0,1,1.0
MmDn,2,0,2,1.0
MmDs,0,1,1,0.0
MmHB,3,3,6,0.5
MmHD,1,0,1,1.0
MmHH,2,2,4,0.5
MmHK,0,2,2,0.0
MmHL,2,1,3,0.67
MmHM,6,7,13,0.46
MmHN,10,8,18,0.56
MmHP,15,16,31,0.48
MmHS,5,8,13,0.38
MmHb,6,7,13,0.46
MmHh,2,1,3,0.67
MmHl,5,4,9,0.56
MmHm,4,4,8,0.5
MmHn,12,15,27,0.44
MmHs,10,8,18,0.56
MmHt,0,1,1,0.0
MmIB,0,0,0,
MmID,1,0,1,1.0
MmIH,1,0,1,1.0
MmIM,1,0,1,1.0
MmIN,0,0,0,
MmIP,2,2,4,0.5
MmIl,1,0,1,1.0
MmIm,1,0,1,1.0
MmIn,2,2,4,0.5
MmIs,0,0,0,
MmJB,1,0,1,1.0
MmJH,0,2,2,0.0
MmJK,0,1,1,0.0
MmJL,0,2,2,0.0
MmJM,2,4,6,0.33
MmJN,4,0,4,1.0
MmJP,1,3,4,0.25
MmJS,0,0,0,
MmJb,2,0,2,1.0
MmJl,0,2,2,0.0
MmJm,0,2,2,0.0
MmJn,0,5,5,0.0
MmJs,0,2,2,0.0
MmJt,0,1,1,0.0
MmKB,0,1,1,0.0
MmKL,0,1,1,0.0
MmKb,0,1,1,0.0
MmKn,1,0,1,1.0
MmKs,0,0,0,
MmLB,1,0,1,1.0
MmLL,1,1,2,0.5
MmLM,1,3,4,0.25
MmLN,4,8,12,0.33
MmLP,4,6,10,0.4
MmLS,2,4,6,0.33
MmLb,3,1,4,0.75
MmLh,1,2,3,0.33
MmLj,1,1,2,0.5
MmLl,3,2,5,0.6
MmLm,2,1,3,0.67
MmLn,3,10,13,0.23
MmLs,1,2,3,0.33
MmLt,0,1,1,0.0
MmMB,9,6,15,0.6
MmMD,1,0,1,1.0
MmML,5,3,8,0.62
MmMM,10,7,17,0.59
MmMN,15,12,27,0.56
MmMP,10,14,24,0.42
MmMS,9,9,18,0.5
MmMb,11,6,17,0.65
MmMh,7,12,19,0.37
MmMj,5,1,6,0.83
MmMl,3,3,6,0.5
MmMm,8,5,13,0.62
MmMn,14,8,22,0.64
MmMs,3,3,6,0.5
MmMt,2,2,4,0.5
MmNB,7,6,13,0.54
MmND,1,1,2,0.5
MmNH,1,3,4,0.25
MmNK,0,1,1,0.0
MmNL,7,2,9,0.78
MmNM,4,12,16,0.25
MmNN,20,13,33,0.61
MmNP,19,29,48,0.4
MmNS,12,9,21,0.57
MmNb,9,7,16,0.56
MmNh,4,4,8,0.5
MmNl,3,2,5,0.6
MmNm,10,8,18,0.56
MmNn,30,15,45,0.67
MmNs,11,7,18,0.61
MmNt,4,3,7,0.57
MmPB,4,11,15,0.27
MmPH,4,4,8,0.5
MmPI,2,2,4,0.5
MmPK,0,1,1,0.0
MmPL,4,2,6,0.67
MmPM,9,16,25,0.36
MmPN,14,16,30,0.47
MmPP,28,26,54,0.52
MmPS,6,10,16,0.38
MmPb,14,18,32,0.44
MmPh,3,3,6,0.5
MmPl,4,5,9,0.44
MmPm,4,7,11,0.36
MmPn,19,16,35,0.54
MmPs,11,8,19,0.58
MmPt,3,1,4,0.75
MmSB,3,4,7,0.43
MmSH,0,0,0,
MmSL,0,1,1,0.0
MmSM,3,9,12,0.25
MmSN,5,7,12,0.42
MmSP,11,12,23,0.48
MmSS,4,5,9,0.44
MmSb,11,6,17,0.65
MmSh,8,8,16,0.5
MmSl,1,1,2,0.5
MmSm,1,2,3,0.33
MmSn,12,4,16,0.75
MmSs,5,4,9,0.56
MmSt,4,0,4,1.0
MmbB,8,8,16,0.5
MmbH,5,1,6,0.83
MmbI,2,1,3,0.67
MmbJ,6,3,9,0.67
MmbK,2,2,4,0.5
MmbL,3,4,7,0.43
MmbM,8,9,17,0.47
MmbN,13,13,26,0.5
MmbP,11,13,24,0.46
MmbS,5,2,7,0.71
Mmbb,9,10,19,0.47
Mmbl,2,1,3,0.67
Mmbm,5,2,7,0.71
Mmbn,18,22,40,0.45
Mmbs,7,4,11,0.64
Mmhb,0,1,1,0.0
MmlB,2,1,3,0.67
MmlH,1,2,3,0.33
MmlI,0,1,1,0.0
MmlJ,0,1,1,0.0
MmlM,2,4,6,0.33
MmlN,2,5,7,0.29
MmlP,3,6,9,0.33
MmlS,2,5,7,0.29
Mmlb,6,4,10,0.6
Mmll,1,1,2,0.5
Mmlm,2,1,3,0.67
Mmln,3,2,5,0.6
Mmls,0,1,1,0.0
MmmB,2,5,7,0.29
MmmD,1,0,1,1.0
MmmH,5,7,12,0.42
MmmI,1,0,1,1.0
MmmJ,0,1,1,0.0
MmmL,3,1,4,0.75
MmmM,9,3,12,0.75
MmmN,4,10,14,0.29
MmmP,11,12,23,0.48
MmmS,0,3,3,0.0
Mmmb,10,7,17,0.59
Mmml,2,0,2,1.0
Mmmm,1,4,5,0.2
Mmmn,8,6,14,0.57
Mmms,1,2,3,0.33
MmnB,2,9,11,0.18
MmnD,2,1,3,0.67
MmnH,4,7,11,0.36
MmnI,1,1,2,0.5
MmnK,2,3,5,0.4
MmnL,3,3,6,0.5
MmnM,11,13,24,0.46
MmnN,13,12,25,0.52
MmnP,15,22,37,0.41
MmnS,13,7,20,0.65
Mmnb,12,13,25,0.48
Mmnl,6,4,10,0.6
Mmnm,4,7,11,0.36
Mmnn,9,13,22,0.41
Mmns,6,11,17,0.35
MmsB,2,2,4,0.5
MmsH,5,9,14,0.36
MmsI,1,0,1,1.0
MmsL,2,0,2,1.0
MmsM,3,5,8,0.38
MmsN,7,0,7,1.0
MmsP,9,6,15,0.6
MmsS,3,4,7,0.43
Mmsb,3,5,8,0.38
Mmsh,1,0,1,1.0
Mmsm,3,3,6,0.5
Mmsn,5,8,13,0.38
Mmss,3,0,3,1.0
MnBB,7,9,16,0.44
MnBK,1,2,3,0.33
MnBL,5,2,7,0.71
MnBM,9,13,22,0.41
MnBN,18,15,33,0.55
MnBP,17,16,33,0.52
MnBS,6,3,9,0.67
MnBb,11,11,22,0.5
MnBh,1,1,2,0.5
MnBj,8,2,10,0.8
MnBl,7,2,9,0.78
MnBm,8,5,13,0.62
MnBn,15,15,30,0.5
MnBs,2,6,8,0.25
MnBt,3,4,7,0.43
MnDB,1,0,1,1.0
MnDD,0,1,1,0.0
MnDH,0,1,1,0.0
MnDM,1,1,2,0.5
MnDN,1,2,3,0.33
MnDP,2,4,6,0.33
MnDS,1,1,2,0.5
MnDb,2,1,3,0.67
MnDl,1,2,3,0.33
MnDm,1,1,2,0.5
MnDn,2,1,3,0.67
MnDs,3,0,3,1.0
MnDt,1,0,1,1.0
MnHB,4,4,8,0.5
MnHD,1,0,1,1.0
MnHH,3,3,6,0.5
MnHK,0,2,2,0.0
MnHL,4,4,8,0.5
MnHM,4,14,18,0.22
MnHN,10,10,20,0.5
MnHP,8,14,22,0.36
MnHS,9,7,16,0.56
MnHb,11,7,18,0.61
MnHh,3,6,9,0.33
MnHl,8,3,11,0.73
MnHm,13,3,16,0.81
MnHn,11,20,31,0.35
MnHs,7,7,14,0.5
MnIB,0,3,3,0.0
MnIH,1,1,2,0.5
MnII,2,0,2,1.0
MnIL,2,1,3,0.67
MnIM,1,2,3,0.33
MnIN,0,3,3,0.0
MnIP,2,3,5,0.4
MnIS,1,4,5,0.2
MnIb,1,2,3,0.33
MnIl,0,1,1,0.0
MnIm,2,2,4,0.5
MnIn,3,5,8,0.38
MnIs,1,0,1,1.0
MnKD,1,0,1,1.0
MnKK,0,0,0,
MnKM,1,2,3,0.33
MnKN,0,1,1,0.0
MnKP,4,6,10,0.4
MnKS,3,0,3,1.0
MnKb,2,2,4,0.5
MnKh,1,3,4,0.25
MnKl,1,1,2,0.5
MnKm,2,0,2,1.0
MnKn,3,1,4,0.75
MnKs,1,0,1,1.0
MnKt,1,0,1,1.0
MnLB,8,2,10,0.8
MnLD,0,0,0,
MnLL,1,1,2,0.5
MnLM,7,6,13,0.54
MnLN,6,3,9,0.67
MnLP,11,7,18,0.61
MnLS,3,2,5,0.6
MnLb,7,7,14,0.5
MnLh,2,2,4,0.5
MnLj,2,2,4,0.5
MnLl,1,3,4,0.25
MnLm,8,5,13,0.62
MnLn,6,5,11,0.55
MnLs,4,3,7,0.57
MnLt,1,0,1,1.0
MnMB,17,16,33,0.52
MnMD,1,2,3,0.33
MnML,7,7,14,0.5
MnMM,10,22,32,0.31
MnMN,22,20,42,0.52
MnMP,15,21,36,0.42
MnMS,10,13,23,0.43
MnMb,16,19,35,0.46
MnMh,15,20,35,0.43
MnMj,12,5,17,0.71
MnMl,9,5,14,0.64
MnMm,14,8,22,0.64
MnMn,31,30,61,0.51
MnMs,11,8,19,0.58
MnMt,1,2,3,0.33
MnNB,13,12,25,0.52
MnND,4,1,5,0.8
MnNH,7,2,9,0.78
MnNI,1,0,1,1.0
MnNK,0,3,3,0.0
MnNL,14,11,25,0.56
MnNM,24,24,48,0.5
MnNN,38,25,63,0.6
MnNP,37,46,83,0.45
MnNS,17,21,38,0.45
MnNb,22,28,50,0.44
MnNh,12,14,26,0.46
MnNl,11,8,19,0.58
MnNm,15,18,33,0.45
MnNn,44,34,78,0.56
MnNs,15,18,33,0.45
MnNt,9,4,13,0.69
MnPB,14,16,30,0.47
MnPD,2,0,2,1.0
MnPH,13,12,25,0.52
MnPI,3,2,5,0.6
MnPK,2,3,5,0.4
MnPL,12,13,25,0.48
MnPM,31,35,66,0.47
MnPN,46,37,83,0.55
MnPP,62,49,111,0.56
MnPS,20,24,44,0.45
MnPb,40,30,70,0.57
MnPh,8,5,13,0.62
MnPl,23,17,40,0.57
MnPm,18,15,33,0.55
MnPn,36,34,70,0.51
MnPs,19,30,49,0.39
MnPt,5,2,7,0.71
MnSB,1,8,9,0.11
MnSD,1,1,2,0.5
MnSH,2,5,7,0.29
MnSK,1,1,2,0.5
MnSL,2,7,9,0.22
MnSM,17,6,23,0.74
MnSN,16,10,26,0.62
MnSP,22,20,42,0.52
MnSS,20,18,38,0.53
MnSb,14,11,25,0.56
MnSh,21,16,37,0.57
MnSl,11,8,19,0.58
MnSm,7,9,16,0.44
MnSn,23,22,45,0.51
MnSs,10,12,22,0.45
MnSt,4,2,6,0.67
MnbB,5,12,17,0.29
MnbD,1,0,1,1.0
MnbH,7,10,17,0.41
MnbI,1,2,3,0.33
MnbJ,5,8,13,0.38
MnbK,1,0,1,1.0
MnbL,6,10,16,0.38
MnbM,13,30,43,0.3
MnbN,24,26,50,0.48
MnbP,15,24,39,0.38
MnbS,15,12,27,0.56
Mnbb,23,23,46,0.5
Mnbl,7,13,20,0.35
Mnbm,20,12,32,0.62
Mnbn,32,21,53,0.6
Mnbs,13,11,24,0.54
Mnbt,1,0,1,1.0
MnhH,1,0,1,1.0
MnhM,2,0,2,1.0
MnhN,3,1,4,0.75
MnhP,0,0,0,
MnhS,0,1,1,0.0
Mnhb,1,0,1,1.0
Mnhh,2,0,2,1.0
Mnhl,0,1,1,0.0
Mnhm,2,2,4,0.5
Mnhn,1,0,1,1.0
Mnhs,0,3,3,0.0
MnlB,4,5,9,0.44
MnlD,0,1,1,0.0
MnlH,13,9,22,0.59
MnlJ,1,3,4,0.25
MnlK,1,0,1,1.0
MnlL,2,4,6,0.33
MnlM,9,8,17,0.53
MnlN,18,11,29,0.62
MnlP,7,13,20,0.35
MnlS,6,5,11,0.55
Mnlb,3,5,8,0.38
Mnll,5,4,9,0.56
Mnlm,6,2,8,0.75
Mnln,6,5,11,0.55
Mnls,2,6,8,0.25
MnmB,15,7,22,0.68
MnmD,3,1,4,0.75
MnmH,9,8,17,0.53
MnmJ,3,5,8,0.38
MnmK,1,0,1,1.0
MnmL,2,5,7,0.29
MnmM,14,15,29,0.48
MnmN,15,22,37,0.41
MnmP,19,15,34,0.56
MnmS,5,8,13,0.38
Mnmb,14,8,22,0.64
Mnml,5,3,8,0.62
Mnmm,11,11,22,0.5
Mnmn,14,7,21,0.67
Mnms,2,3,5,0.4
MnnB,17,11,28,0.61
MnnD,4,2,6,0.67
MnnH,15,14,29,0.52
MnnI,4,1,5,0.8
MnnK,5,3,8,0.62
MnnL,8,7,15,0.53
MnnM,20,16,36,0.56
MnnN,33,39,72,0.46
MnnP,51,47,98,0.52
MnnS,13,17,30,0.43
Mnnb,24,21,45,0.53
Mnnh,2,2,4,0.5
Mnnl,7,13,20,0.35
Mnnm,15,16,31,0.48
Mnnn,31,35,66,0.47
Mnns,17,14,31,0.55
Mnnt,0,1,1,0.0
MnsB,5,1,6,0.83
MnsD,0,2,2,0.0
MnsH,16,15,31,0.52
MnsK,1,0,1,1.0
MnsL,5,3,8,0.62
MnsM,10,10,20,0.5
MnsN,14,13,27,0.52
MnsP,19,20,39,0.49
MnsS,12,9,21,0.57
Mnsb,9,7,16,0.56
Mnsh,1,0,1,1.0
Mnsl,4,8,12,0.33
Mnsm,10,8,18,0.56
Mnsn,15,16,31,0.48
Mnss,8,7,15,0.53
MsBB,1,1,2,0.5
MsBK,1,0,1,1.0
MsBL,2,4,6,0.33
MsBM,1,3,4,0.25
MsBN,5,4,9,0.56
MsBP,4,4,8,0.5
MsBS,0,3,3,0.0
MsBb,4,4,8,0.5
MsBh,1,0,1,1.0
MsBj,0,3,3,0.0
MsBl,3,1,4,0.75
MsBm,5,3,8,0.62
MsBn,8,6,14,0.57
MsBs,0,2,2,0.0
MsBt,1,0,1,1.0
MsDB,1,0,1,1.0
MsDP,3,0,3,1.0
MsDS,1,0,1,1.0
MsDl,1,0,1,1.0
MsDm,1,0,1,1.0
MsDn,1,1,2,0.5
MsHB,2,3,5,0.4
MsHD,0,1,1,0.0
MsHK,0,2,2,0.0
MsHL,1,2,3,0.33
MsHM,12,9,21,0.57
MsHN,5,12,17,0.29
MsHP,8,2,10,0.8
MsHS,5,8,13,0.38
MsHb,9,12,21,0.43
MsHh,5,9,14,0.36
MsHl,8,6,14,0.57
MsHm,9,5,14,0.64
MsHn,4,9,13,0.31
MsHs,1,7,8,0.12
MsIB,0,2,2,0.0
MsID,0,1,1,0.0
MsIH,1,0,1,1.0
MsIM,1,1,2,0.5
MsIP,1,1,2,0.5
MsIS,0,1,1,0.0
MsIb,0,1,1,0.0
MsIl,1,0,1,1.0
MsIm,1,0,1,1.0
MsIn,1,0,1,1.0
MsIs,0,1,1,0.0
MsKB,0,0,0,
MsKL,0,1,1,0.0
MsKN,1,0,1,1.0
MsKP,0,0,0,
MsKb,0,1,1,0.0
MsKh,0,0,0,
MsKn,1,0,1,1.0
MsKs,1,0,1,1.0
MsLB,1,1,2,0.5
MsLL,0,1,1,0.0
MsLM,4,2,6,0.67
MsLN,1,3,4,0.25
MsLP,1,1,2,0.5
MsLS,0,0,0,
MsLb,4,3,7,0.57
MsLh,3,2,5,0.6
MsLj,0,0,0,
MsLl,1,1,2,0.5
MsLm,2,3,5,0.4
MsLn,2,1,3,0.67
MsLs,2,2,4,0.5
MsMB,3,6,9,0.33
MsML,5,1,6,0.83
MsMM,10,6,16,0.62
MsMN,5,5,10,0.5
MsMP,8,6,14,0.57
MsMS,6,4,10,0.6
MsMb,6,9,15,0.4
MsMh,4,3,7,0.57
MsMj,1,3,4,0.25
MsMl,1,5,6,0.17
MsMm,6,5,11,0.55
MsMn,11,13,24,0.46
MsMs,0,2,2,0.0
MsMt,1,1,2,0.5
MsNB,3,3,6,0.5
MsNH,0,3,3,0.0
MsNL,3,4,7,0.43
MsNM,6,4,10,0.6
MsNN,16,7,23,0.7
MsNP,15,15,30,0.5
MsNS,8,6,14,0.57
MsNb,5,10,15,0.33
MsNh,2,3,5,0.4
MsNl,1,3,4,0.25
MsNm,3,8,11,0.27
MsNn,8,11,19,0.42
MsNs,6,5,11,0.55
MsNt,2,3,5,0.4
MsPB,3,9,12,0.25
MsPD,0,1,1,0.0
MsPH,5,4,9,0.56
MsPI,0,0,0,
MsPK,1,2,3,0.33
MsPL,4,1,5,0.8
MsPM,8,12,20,0.4
MsPN,13,11,24,0.54
MsPP,11,11,22,0.5
MsPS,11,13,24,0.46
MsPb,13,10,23,0.57
MsPh,3,2,5,0.6
MsPl,9,12,21,0.43
MsPm,7,7,14,0.5
MsPn,9,7,16,0.56
MsPs,5,10,15,0.33
MsPt,3,2,5,0.6
MsSB,4,8,12,0.33
MsSD,0,2,2,0.0
MsSH,3,4,7,0.43
MsSK,1,0,1,1.0
MsSL,4,2,6,0.67
MsSM,10,3,13,0.77
MsSN,6,8,14,0.43
MsSP,6,12,18,0.33
MsSS,7,10,17,0.41
MsSb,5,8,13,0.38
MsSh,7,6,13,0.54
MsSl,1,2,3,0.33
MsSm,5,1,6,0.83
MsSn,11,9,20,0.55
MsSs,7,5,12,0.58
MsSt,1,0,1,1.0
MsbB,6,4,10,0.6
MsbH,4,1,5,0.8
MsbI,0,1,1,0.0
MsbJ,0,1,1,0.0
MsbK,0,1,1,0.0
MsbL,2,3,5,0.4
MsbM,11,6,17,0.65
MsbN,6,13,19,0.32
MsbP,7,6,13,0.54
MsbS,10,4,14,0.71
Msbb,15,10,25,0.6
Msbl,3,0,3,1.0
Msbm,7,5,12,0.58
Msbn,7,3,10,0.7
Msbs,6,4,10,0.6
MshB,1,1,2,0.5
MshP,1,0,1,1.0
MshS,0,1,1,0.0
Mshl,1,0,1,1.0
MslB,2,3,5,0.4
MslD,1,0,1,1.0
MslH,3,2,5,0.6
MslI,0,1,1,0.0
MslJ,1,1,2,0.5
MslL,0,2,2,0.0
MslM,6,1,7,0.86
MslN,6,5,11,0.55
MslP,10,7,17,0.59
MslS,4,2,6,0.67
Mslb,3,4,7,0.43
Msll,0,1,1,0.0
Mslm,3,3,6,0.5
Msln,2,4,6,0.33
Msls,3,4,7,0.43
MsmB,2,4,6,0.33
MsmH,7,6,13,0.54
MsmI,1,1,2,0.5
MsmJ,0,1,1,0.0
MsmL,2,4,6,0.33
MsmM,7,5,12,0.58
MsmN,3,8,11,0.27
MsmP,5,7,12,0.42
MsmS,2,1,3,0.67
Msmb,1,1,2,0.5
Msml,0,2,2,0.0
Msmm,5,9,14,0.36
Msmn,3,5,8,0.38
Msms,4,1,5,0.8
MsnB,3,5,8,0.38
MsnH,4,3,7,0.57
MsnI,2,1,3,0.67
MsnK,0,1,1,0.0
MsnL,2,6,8,0.25
MsnM,6,5,11,0.55
MsnN,7,11,18,0.39
MsnP,13,13,26,0.5
MsnS,8,5,13,0.62
Msnb,7,4,11,0.64
Msnl,6,3,9,0.67
Msnm,9,3,12,0.75
Msnn,14,12,26,0.54
Msns,4,6,10,0.4
Msnt,0,0,0,
MssB,3,1,4,0.75
MssD,1,0,1,1.0
MssH,7,5,12,0.58
MssI,1,2,3,0.33
MssL,0,1,1,0.0
MssM,9,2,11,0.82
MssN,1,5,6,0.17
MssP,3,7,10,0.3
MssS,2,4,6,0.33
Mssb,3,2,5,0.6
Mssh,1,0,1,1.0
Mssl,4,2,6,0.67
Mssm,1,2,3,0.33
Mssn,6,6,12,0.5
Msss,4,2,6,0.67
MtBB,2,3,5,0.4
MtBM,2,1,3,0.67
MtBN,1,0,1,1.0
MtBP,3,0,3,1.0
MtBS,0,1,1,0.0
MtBb,1,0,1,1.0
MtBj,1,0,1,1.0
MtBl,0,1,1,0.0
MtBm,1,1,2,0.5
MtBn,0,1,1,0.0
MtBs,0,3,3,0.0
MtDM,0,1,1,0.0
MtDs,1,0,1,1.0
MtHB,0,1,1,0.0
MtHL,1,1,2,0.5
MtHM,2,0,2,1.0
MtHN,1,1,2,0.5
MtHP,2,2,4,0.5
MtHS,2,0,2,1.0
MtHb,3,2,5,0.6
MtHh,2,1,3,0.67
MtHl,0,1,1,0.0
MtHm,0,1,1,0.0
MtHn,1,0,1,1.0
MtHs,0,1,1,0.0
MtKM,0,0,0,
MtKP,1,0,1,1.0
MtKS,0,0,0,
MtLB,1,2,3,0.33
MtLL,0,1,1,0.0
MtLM,4,1,5,0.8
MtLN,1,0,1,1.0
MtLP,1,3,4,0.25
MtLS,0,1,1,0.0
MtLb,3,2,5,0.6
MtLh,1,0,1,1.0
MtLj,2,0,2,1.0
MtLm,2,0,2,1.0
MtLt,1,0,1,1.0
MtMB,1,4,5,0.2
MtML,0,1,1,0.0
MtMM,1,1,2,0.5
MtMN,0,4,4,0.0
MtMP,3,0,3,1.0
MtMS,2,1,3,0.67
MtMb,8,1,9,0.89
MtMh,4,2,6,0.67
MtMj,1,1,2,0.5
MtMl,0,1,1,0.0
MtMm,1,3,4,0.25
MtMn,4,5,9,0.44
MtMs,3,0,3,1.0
MtNB,0,2,2,0.0
MtNL,2,0,2,1.0
MtNM,1,3,4,0.25
MtNN,3,6,9,0.33
MtNP,2,6,8,0.25
MtNS,0,3,3,0.0
MtNb,2,1,3,0.67
MtNh,0,4,4,0.0
MtNl,0,0,0,
MtNm,1,2,3,0.33
MtNn,4,3,7,0.57
MtNs,0,2,2,0.0
MtNt,1,1,2,0.5
MtPB,2,3,5,0.4
MtPD,0,1,1,0.0
MtPH,2,0,2,1.0
MtPL,2,2,4,0.5
MtPM,3,5,8,0.38
MtPN,4,3,7,0.57
MtPP,7,3,10,0.7
MtPS,4,2,6,0.67
MtPb,4,1,5,0.8
MtPl,3,1,4,0.75
MtPm,5,1,6,0.83
MtPn,5,8,13,0.38
MtPs,1,0,1,1.0
MtPt,1,1,2,0.5
MtSB,1,1,2,0.5
MtSH,3,0,3,1.0
MtSM,1,2,3,0.33
MtSN,1,2,3,0.33
MtSP,2,3,5,0.4
MtSS,1,1,2,0.5
MtSb,0,1,1,0.0
MtSh,0,1,1,0.0
MtSl,0,1,1,0.0
MtSm,1,1,2,0.5
MtSn,1,5,6,0.17
MtSs,2,0,2,1.0
MtbB,3,1,4,0.75
MtbH,1,2,3,0.33
MtbI,1,0,1,1.0
MtbK,0,1,1,0.0
MtbL,2,1,3,0.67
MtbM,3,1,4,0.75
MtbN,1,3,4,0.25
MtbP,1,4,5,0.2
MtbS,1,1,2,0.5
Mtbb,3,4,7,0.43
Mtbl,1,1,2,0.5
Mtbm,0,1,1,0.0
Mtbn,0,3,3,0.0
Mtbs,0,1,1,0.0
MthM,0,1,1,0.0
Mthh,0,1,1,0.0
MtlH,0,0,0,
MtlL,1,0,1,1.0
MtlM,1,1,2,0.5
MtlN,1,1,2,0.5
MtlP,1,2,3,0.33
MtlS,0,1,1,0.0
Mtlm,1,1,2,0.5
Mtln,1,0,1,1.0
Mtls,0,1,1,0.0
MtmB,0,1,1,0.0
MtmD,0,2,2,0.0
MtmH,1,1,2,0.5
MtmJ,0,1,1,0.0
MtmL,1,0,1,1.0
MtmM,4,2,6,0.67
MtmN,3,2,5,0.6
MtmP,4,3,7,0.57
MtmS,1,0,1,1.0
Mtmb,2,1,3,0.67
Mtml,1,0,1,1.0
Mtmn,5,0,5,1.0
Mtms,0,1,1,0.0
MtnB,3,2,5,0.6
MtnH,4,1,5,0.8
MtnL,2,1,3,0.67
MtnM,2,1,3,0.67
MtnN,3,2,5,0.6
MtnP,6,4,10,0.6
MtnS,2,5,7,0.29
Mtnb,2,6,8,0.25
Mtnl,2,0,2,1.0
Mtnm,1,1,2,0.5
Mtnn,2,2,4,0.5
Mtns,3,2,5,0.6
MtsB,0,1,1,0.0
MtsH,1,1,2,0.5
MtsM,2,0,2,1.0
MtsP,1,2,3,0.33
MtsS,0,2,2,0.0
Mtsb,1,0,1,1.0
Mtsm,1,0,1,1.0
Mtsn,2,0,2,1.0
Mtss,1,2,3,0.33
MttH,1,1,2,0.5
MttM,0,0,0,
MttN,1,0,1,1.0
Mttl,1,0,1,1.0
Mttn,0,0,0,
NBBB,4,8,12,0.33
NBBL,2,2,4,0.5
NBBM,4,6,10,0.4
NBBN,6,9,15,0.4
NBBP,11,11,22,0.5
NBBS,4,5,9,0.44
NBBb,10,11,21,0.48
NBBh,1,1,2,0.5
NBBj,3,3,6,0.5
NBBl,2,3,5,0.4
NBBm,7,11,18,0.39
NBBn,8,6,14,0.57
NBBs,5,1,6,0.83
NBBt,2,2,4,0.5
NBDB,0,0,0,
NBDH,1,2,3,0.33
NBDM,1,0,1,1.0
NBDN,1,0,1,1.0
NBDb,1,0,1,1.0
NBDl,0,1,1,0.0
NBDm,0,1,1,0.0
NBHB,1,0,1,1.0
NBHl,0,1,1,0.0
NBKB,0,1,1,0.0
NBKL,1,0,1,1.0
NBKM,2,0,2,1.0
NBKN,1,0,1,1.0
NBKP,2,1,3,0.67
NBKS,0,2,2,0.0
NBKb,1,0,1,1.0
NBKl,2,0,2,1.0
NBKn,0,2,2,0.0
NBLB,1,3,4,0.25
NBLL,3,2,5,0.6
NBLM,5,5,10,0.5
NBLN,5,4,9,0.56
NBLP,1,6,7,0.14
NBLS,5,2,7,0.71
NBLb,5,4,9,0.56
NBLh,1,3,4,0.25
NBLj,1,1,2,0.5
NBLl,1,3,4,0.25
NBLm,4,2,6,0.67
NBLn,3,5,8,0.38
NBLs,4,0,4,1.0
NBMB,10,6,16,0.62
NBMD,0,1,1,0.0
NBMH,0,1,1,0.0
NBML,2,3,5,0.4
NBMM,9,9,18,0.5
NBMN,11,6,17,0.65
NBMP,16,14,30,0.53
NBMS,6,6,12,0.5
NBMb,3,11,14,0.21
NBMh,9,5,14,0.64
NBMj,2,1,3,0.67
NBMl,5,5,10,0.5
NBMm,4,7,11,0.36
NBMn,15,10,25,0.6
NBMs,4,2,6,0.67
NBMt,1,1,2,0.5
NBNB,8,8,16,0.5
NBNH,1,3,4,0.25
NBNK,0,1,1,0.0
NBNL,5,3,8,0.62
NBNM,5,11,16,0.31
NBNN,6,13,19,0.32
NBNP,18,19,37,0.49
NBNS,7,8,15,0.47
NBNb,18,8,26,0.69
NBNh,2,10,12,0.17
NBNl,8,3,11,0.73
NBNm,6,4,10,0.6
NBNn,10,9,19,0.53
NBNs,6,2,8,0.75
NBNt,2,1,3,0.67
NBPB,9,6,15,0.6
NBPD,1,0,1,1.0
NBPH,2,0,2,1.0
NBPK,0,0,0,
NBPL,3,4,7,0.43
NBPM,8,16,24,0.33
NBPN,15,15,30,0.5
NBPP,16,27,43,0.37
NBPS,7,7,14,0.5
NBPb,7,13,20,0.35
NBPh,1,2,3,0.33
NBPl,6,2,8,0.75
NBPm,6,8,14,0.43
NBPn,16,15,31,0.52
NBPs,9,8,17,0.53
NBPt,2,0,2,1.0
NBSB,6,0,6,1.0
NBSD,1,0,1,1.0
NBSH,0,5,5,0.0
NBSI,1,0,1,1.0
NBSL,2,1,3,0.67
NBSM,5,2,7,0.71
NBSN,3,7,10,0.3
NBSP,7,8,15,0.47
NBSS,4,4,8,0.5
NBSb,7,10,17,0.41
NBSh,0,2,2,0.0
NBSl,2,5,7,0.29
NBSm,2,1,3,0.67
NBSn,5,4,9,0.56
NBSs,2,0,2,1.0
NBSt,0,3,3,0.0
NBbB,6,6,12,0.5
NBbD,1,0,1,1.0
NBbH,2,2,4,0.5
NBbI,1,1,2,0.5
NBbJ,4,2,6,0.67
NBbK,0,0,0,
NBbL,2,6,8,0.25
NBbM,8,9,17,0.47
NBbN,14,18,32,0.44
NBbP,17,9,26,0.65
NBbS,4,6,10,0.4
NBbb,5,8,13,0.38
NBbl,8,2,10,0.8
NBbm,6,4,10,0.6
NBbn,12,8,20,0.6
NBbs,5,2,7,0.71
NBhH,0,1,1,0.0
NBhL,1,0,1,1.0
NBhM,0,2,2,0.0
NBhN,2,1,3,0.67
NBhP,1,2,3,0.33
NBhS,1,2,3,0.33
NBhb,1,3,4,0.25
NBhh,0,2,2,0.0
NBhl,2,0,2,1.0
NBhm,2,1,3,0.67
NBhn,1,1,2,0.5
NBjB,3,2,5,0.6
NBjH,1,1,2,0.5
NBjI,0,1,1,0.0
NBjL,1,0,1,1.0
NBjM,4,4,8,0.5
NBjN,4,4,8,0.5
NBjP,7,12,19,0.37
NBjS,2,4,6,0.33
NBjb,3,4,7,0.43
NBjh,0,0,0,
NBjl,2,4,6,0.33
NBjm,1,1,2,0.5
NBjn,4,6,10,0.4
NBjs,1,3,4,0.25
NBjt,1,0,1,1.0
NBlB,4,1,5,0.8
NBlD,1,0,1,1.0
NBlH,0,4,4,0.0
NBlI,1,0,1,1.0
NBlJ,0,0,0,
NBlL,1,1,2,0.5
NBlM,4,1,5,0.8
NBlN,10,3,13,0.77
NBlP,5,2,7,0.71
NBlS,6,2,8,0.75
NBlb,2,2,4,0.5
NBll,1,3,4,0.25
NBlm,2,2,4,0.5
NBln,2,3,5,0.4
NBls,3,3,6,0.5
NBmB,3,4,7,0.43
NBmD,1,1,2,0.5
NBmH,2,5,7,0.29
NBmI,0,1,1,0.0
NBmJ,0,0,0,
NBmL,1,2,3,0.33
NBmM,6,9,15,0.4
NBmN,7,8,15,0.47
NBmP,15,13,28,0.54
NBmS,3,4,7,0.43
NBmb,8,7,15,0.53
NBml,4,3,7,0.57
NBmm,4,3,7,0.57
NBmn,6,9,15,0.4
NBms,4,2,6,0.67
NBnB,4,5,9,0.44
NBnD,1,1,2,0.5
NBnH,4,8,12,0.33
NBnI,2,1,3,0.67
NBnK,0,1,1,0.0
NBnL,3,3,6,0.5
NBnM,4,17,21,0.19
NBnN,18,12,30,0.6
NBnP,20,20,40,0.5
NBnS,11,9,20,0.55
NBnb,15,8,23,0.65
NBnh,0,1,1,0.0
NBnl,9,6,15,0.6
NBnm,10,11,21,0.48
NBnn,15,24,39,0.38
NBns,2,5,7,0.29
NBsB,2,3,5,0.4
NBsH,3,3,6,0.5
NBsI,1,0,1,1.0
NBsL,1,2,3,0.33
NBsM,6,3,9,0.67
NBsN,4,3,7,0.57
NBsP,4,9,13,0.31
NBsS,3,3,6,0.5
NBsb,3,7,10,0.3
NBsh,0,1,1,0.0
NBsl,2,4,6,0.33
NBsm,2,5,7,0.29
NBsn,5,2,7,0.71
NBss,2,3,5,0.4
NBtB,1,3,4,0.25
NBtH,1,0,1,1.0
NBtK,0,1,1,0.0
NBtL,1,0,1,1.0
NBtM,2,0,2,1.0
NBtN,1,4,5,0.2
NBtP,3,4,7,0.43
NBtS,1,2,3,0.33
NBtb,2,4,6,0.33
NBtl,0,1,1,0.0
NBtm,4,0,4,1.0
NBtn,3,2,5,0.6
NBts,1,1,2,0.5
NBtt,2,0,2,1.0
NDBN,1,0,1,1.0
NDBb,1,1,2,0.5
NDBh,0,0,0,
NDBn,3,1,4,0.75
NDHM,1,0,1,1.0
NDHP,3,3,6,0.5
NDHS,2,1,3,0.67
NDHb,1,0,1,1.0
NDHl,0,0,0,
NDHn,2,0,2,1.0
NDHt,2,0,2,1.0
NDIB,1,0,1,1.0
NDIH,0,0,0,
NDLB,1,0,1,1.0
NDLS,1,1,2,0.5
NDLj,1,0,1,1.0
NDLn,0,1,1,0.0
NDMM,0,0,0,
NDMN,1,1,2,0.5
NDMP,1,1,2,0.5
NDMS,2,0,2,1.0
NDMb,1,2,3,0.33
NDMh,1,0,1,1.0
NDMl,0,0,0,
NDMm,1,1,2,0.5
NDMn,1,3,4,0.25
NDMs,0,1,1,0.0
NDNB,3,1,4,0.75
NDNL,1,0,1,1.0
NDNM,0,1,1,0.0
NDNN,1,2,3,0.33
NDNP,0,2,2,0.0
NDNS,0,0,0,
NDNl,1,0,1,1.0
NDNm,2,3,5,0.4
NDNn,2,0,2,1.0
NDNs,1,1,2,0.5
NDPL,1,0,1,1.0
NDPM,1,3,4,0.25
NDPN,2,0,2,1.0
NDPP,1,1,2,0.5
NDPS,1,2,3,0.33
NDPb,3,2,5,0.6
NDPl,0,1,1,0.0
NDPm,1,1,2,0.5
NDPn,1,0,1,1.0
NDPs,1,0,1,1.0
NDSD,0,0,0,
NDSL,2,0,2,1.0
NDSM,1,0,1,1.0
NDSP,1,2,3,0.33
NDSS,1,0,1,1.0
NDSb,0,1,1,0.0
NDSh,1,0,1,1.0
NDSl,0,1,1,0.0
NDSm,2,0,2,1.0
NDSn,1,2,3,0.33
NDSs,0,0,0,
NDSt,0,1,1,0.0
NDbK,0,1,1,0.0
NDbM,1,0,1,1.0
NDbN,0,2,2,0.0
NDbP,0,0,0,
NDbS,2,0,2,1.0
NDbb,0,1,1,0.0
NDbl,0,0,0,
NDbn,0,1,1,0.0
NDbs,0,1,1,0.0
NDlI,1,0,1,1.0
NDlM,1,1,2,0.5
NDlN,1,1,2,0.5
NDlP,0,1,1,0.0
NDlS,2,1,3,0.67
NDlb,1,0,1,1.0
NDmH,1,1,2,0.5
NDmM,0,3,3,0.0
NDmN,1,0,1,1.0
NDml,0,1,1,0.0
NDmm,1,0,1,1.0
NDmn,0,1,1,0.0
NDnN,0,2,2,0.0
NDnP,0,0,0,
NDnS,0,1,1,0.0
NDnb,0,1,1,0.0
NDnl,1,1,2,0.5
NDnn,1,1,2,0.5
NDns,1,0,1,1.0
NDsH,0,1,1,0.0
NDsN,3,0,3,1.0
NDsS,2,0,2,1.0
NDsb,1,0,1,1.0
NDsm,3,0,3,1.0
NDtt,0,1,1,0.0
NHBB,3,0,3,1.0
NHBK,0,1,1,0.0
NHBM,0,4,4,0.0
NHBN,1,1,2,0.5
NHBP,1,0,1,1.0
NHBS,1,0,1,1.0
NHBb,1,3,4,0.25
NHBh,0,1,1,0.0
NHBl,0,2,2,0.0
NHBm,1,1,2,0.5
NHBn,1,2,3,0.33
NHBt,0,1,1,0.0
NHDP,0,0,0,
NHDs,2,0,2,1.0
NHHB,1,0,1,1.0
NHHM,1,0,1,1.0
NHHb,1,1,2,0.5
NHHl,1,0,1,1.0
NHKB,1,0,1,1.0
NHKM,1,0,1,1.0
NHKN,1,0,1,1.0
NHKP,0,0,0,
NHKS,1,0,1,1.0
NHKl,0,1,1,0.0
NHKn,1,2,3,0.33
NHLL,2,0,2,1.0
NHLM,1,1,2,0.5
NHLN,0,1,1,0.0
NHLP,1,0,1,1.0
NHLS,0,1,1,0.0
NHLh,0,1,1,0.0
NHLn,0,1,1,0.0
NHMB,5,1,6,0.83
NHML,1,1,2,0.5
NHMM,2,2,4,0.5
NHMN,4,2,6,0.67
NHMP,3,2,5,0.6
NHMS,1,1,2,0.5
NHMb,0,2,2,0.0
NHMh,0,3,3,0.0
NHMj,1,2,3,0.33
NHMl,2,0,2,1.0
NHMm,3,2,5,0.6
NHMn,3,3,6,0.5
NHMs,1,1,2,0.5
NHMt,0,0,0,
NHNB,0,2,2,0.0
NHND,0,0,0,
NHNK,1,0,1,1.0
NHNL,0,2,2,0.0
NHNM,1,3,4,0.25
NHNN,5,3,8,0.62
NHNP,3,5,8,0.38
NHNS,1,0,1,1.0
NHNb,2,1,3,0.67
NHNh,1,1,2,0.5
NHNl,0,1,1,0.0
NHNm,0,1,1,0.0
NHNn,4,2,6,0.67
NHNs,3,1,4,0.75
NHNt,1,0,1,1.0
NHPB,1,0,1,1.0
NHPH,3,0,3,1.0
NHPI,1,0,1,1.0
NHPL,3,1,4,0.75
NHPM,4,6,10,0.4
NHPN,2,1,3,0.67
NHPP,2,8,10,0.2
NHPS,2,2,4,0.5
NHPb,4,2,6,0.67
NHPh,2,1,3,0.67
NHPl,1,4,5,0.2
NHPm,3,0,3,1.0
NHPn,3,1,4,0.75
NHPs,1,0,1,1.0
NHPt,1,1,2,0.5
NHSB,2,1,3,0.67
NHSH,1,1,2,0.5
NHSL,0,1,1,0.0
NHSM,1,2,3,0.33
NHSN,0,1,1,0.0
NHSP,1,4,5,0.2
NHSb,1,1,2,0.5
NHSh,1,2,3,0.33
NHSl,1,0,1,1.0
NHSm,0,1,1,0.0
NHSn,4,4,8,0.5
NHSs,1,1,2,0.5
NHSt,0,0,0,
NHbB,1,2,3,0.33
NHbI,1,0,1,1.0
NHbJ,1,0,1,1.0
NHbL,1,2,3,0.33
NHbM,1,1,2,0.5
NHbN,2,2,4,0.5
NHbP,4,5,9,0.44
NHbS,1,1,2,0.5
NHbb,1,1,2,0.5
NHbl,0,0,0,
NHbm,3,0,3,1.0
NHbn,4,1,5,0.8
NHbs,2,1,3,0.67
NHhH,1,1,2,0.5
NHhL,1,1,2,0.5
NHhM,0,1,1,0.0
NHhN,0,1,1,0.0
NHhP,1,0,1,1.0
NHhb,2,1,3,0.67
NHhh,0,0,0,
NHhm,0,1,1,0.0
NHhs,0,1,1,0.0
NHlB,2,0,2,1.0
NHlH,1,2,3,0.33
NHlM,1,0,1,1.0
NHlN,1,0,1,1.0
NHlP,1,3,4,0.25
NHlS,1,1,2,0.5
NHlb,3,0,3,1.0
NHll,0,1,1,0.0
NHlm,1,0,1,1.0
NHln,0,0,0,
NHls,0,1,1,0.0
NHmB,1,0,1,1.0
NHmH,1,2,3,0.33
NHmJ,2,0,2,1.0
NHmL,2,1,3,0.67
NHmM,2,1,3,0.67
NHmN,3,1,4,0.75
NHmP,1,3,4,0.25
NHmS,2,1,3,0.67
NHmb,3,1,4,0.75
NHml,0,1,1,0.0
NHmm,1,0,1,1.0
NHmn,2,1,3,0.67
NHms,1,0,1,1.0
NHnB,1,3,4,0.25
NHnH,2,1,3,0.67
NHnI,1,0,1,1.0
NHnK,0,1,1,0.0
NHnL,0,2,2,0.0
NHnM,1,5,6,0.17
NHnN,4,6,10,0.4
NHnP,3,6,9,0.33
NHnS,3,1,4,0.75
NHnb,4,1,5,0.8
NHnh,0,1,1,0.0
NHnl,0,4,4,0.0
NHnm,2,4,6,0.33
NHnn,3,4,7,0.43
NHns,2,0,2,1.0
NHsH,0,2,2,0.0
NHsI,0,0,0,
NHsL,0,0,0,
NHsM,1,2,3,0.33
NHsN,2,1,3,0.67
NHsP,2,3,5,0.4
NHsS,2,2,4,0.5
NHsb,2,3,5,0.4
NHsh,0,1,1,0.0
NHsl,1,1,2,0.5
NHsm,1,0,1,1.0
NHss,2,2,4,0.5
NHtm,0,0,0,
NIBB,0,1,1,0.0
NIHm,0,1,1,0.0
NILL,0,0,0,
NILb,0,1,1,0.0
NIMn,1,0,1,1.0
NINm,1,0,1,1.0
NISm,1,0,1,1.0
NIbP,1,0,1,1.0
NKBM,1,1,2,0.5
NKBN,1,0,1,1.0
NKBP,1,2,3,0.33
NKBb,2,0,2,1.0
NKBl,1,1,2,0.5
NKBm,1,0,1,1.0
NKBn,1,0,1,1.0
NKBt,0,1,1,0.0
NKDN,0,1,1,0.0
NKHK,0,1,1,0.0
NKHM,1,0,1,1.0
NKHl,0,0,0,
NKHn,0,0,0,
NKIH,0,1,1,0.0
NKIn,0,1,1,0.0
NKLB,1,0,1,1.0
NKLM,1,0,1,1.0
NKLP,0,1,1,0.0
NKLS,1,0,1,1.0
NKLb,0,1,1,0.0
NKLl,2,1,3,0.67
NKLm,1,0,1,1.0
NKLs,1,1,2,0.5
NKMB,1,3,4,0.25
NKML,0,1,1,0.0
NKMM,1,2,3,0.33
NKMP,1,3,4,0.25
NKMS,1,0,1,1.0
NKMb,1,0,1,1.0
NKMh,1,0,1,1.0
NKMj,0,1,1,0.0
NKMm,0,1,1,0.0
NKMn,3,2,5,0.6
NKNB,1,1,2,0.5
NKNL,0,1,1,0.0
NKNM,2,0,2,1.0
NKNN,0,2,2,0.0
NKNP,2,1,3,0.67
NKNS,0,1,1,0.0
NKNb,1,2,3,0.33
NKNl,0,1,1,0.0
NKNm,1,2,3,0.33
NKNs,0,1,1,0.0
NKNt,0,1,1,0.0
NKPB,3,1,4,0.75
NKPM,2,1,3,0.67
NKPN,1,1,2,0.5
NKPP,3,5,8,0.38
NKPS,0,1,1,0.0
NKPb,2,1,3,0.67
NKPl,1,0,1,1.0
NKPm,0,2,2,0.0
NKPn,2,0,2,1.0
NKPs,2,1,3,0.67
NKPt,1,0,1,1.0
NKSB,2,0,2,1.0
NKSD,0,1,1,0.0
NKSL,0,1,1,0.0
NKSM,0,3,3,0.0
NKSN,1,0,1,1.0
NKSP,0,0,0,
NKSS,0,0,0,
NKSb,2,2,4,0.5
NKSn,0,3,3,0.0
NKSs,1,0,1,1.0
NKSt,1,0,1,1.0
NKbB,0,2,2,0.0
NKbH,0,1,1,0.0
NKbJ,1,1,2,0.5
NKbL,0,1,1,0.0
NKbM,0,0,0,
NKbP,3,2,5,0.6
NKbb,1,1,2,0.5
NKbl,2,1,3,0.67
NKbm,0,1,1,0.0
NKbn,0,2,2,0.0
NKhB,0,0,0,
NKhH,0,1,1,0.0
NKhL,1,0,1,1.0
NKhN,1,0,1,1.0
NKhP,0,2,2,0.0
NKhS,1,0,1,1.0
NKhl,0,1,1,0.0
NKhn,1,0,1,1.0
NKlB,1,0,1,1.0
NKlH,0,1,1,0.0
NKlL,0,1,1,0.0
NKlM,1,3,4,0.25
NKlN,4,0,4,1.0
NKlP,1,1,2,0.5
NKlS,2,0,2,1.0
NKlm,1,1,2,0.5
NKmD,0,0,0,
NKmL,0,1,1,0.0
NKmM,3,1,4,0.75
NKmP,2,1,3,0.67
NKmS,2,0,2,1.0
NKmb,0,1,1,0.0
NKml,1,0,1,1.0
NKmm,1,1,2,0.5
NKmn,1,1,2,0.5
NKnD,0,1,1,0.0
NKnH,1,1,2,0.5
NKnL,2,0,2,1.0
NKnM,2,0,2,1.0
NKnN,1,3,4,0.25
NKnP,2,3,5,0.4
NKnS,0,0,0,
NKnb,1,1,2,0.5
NKnl,0,1,1,0.0
NKnm,1,1,2,0.5
NKnn,2,1,3,0.67
NKns,0,2,2,0.0
NKsB,0,1,1,0.0
NKsH,0,1,1,0.0
NKsM,0,1,1,0.0
NKsN,0,1,1,0.0
NKsP,2,1,3,0.67
NKsS,0,1,1,0.0
NKsh,1,0,1,1.0
NKsm,1,0,1,1.0
NKsn,0,2,2,0.0
NKss,3,0,3,1.0
NKtM,0,1,1,0.0
NKtN,1,0,1,1.0
NLBB,5,4,9,0.56
NLBD,1,0,1,1.0
NLBK,0,1,1,0.0
NLBL,1,1,2,0.5
NLBM,3,3,6,0.5
NLBN,3,7,10,0.3
NLBP,6,5,11,0.55
NLBS,1,2,3,0.33
NLBb,6,2,8,0.75
NLBh,1,1,2,0.5
NLBj,2,1,3,0.67
NLBl,1,4,5,0.2
NLBm,3,6,9,0.33
NLBn,3,6,9,0.33
NLBs,1,0,1,1.0
NLBt,1,0,1,1.0
NLDP,1,0,1,1.0
NLDS,0,0,0,
NLDb,0,0,0,
NLHB,1,0,1,1.0
NLKB,0,1,1,0.0
NLKL,1,0,1,1.0
NLKM,0,1,1,0.0
NLKP,1,0,1,1.0
NLKS,0,1,1,0.0
NLKh,1,0,1,1.0
NLKl,1,0,1,1.0
NLKm,2,0,2,1.0
NLLB,3,3,6,0.5
NLLL,1,0,1,1.0
NLLM,1,0,1,1.0
NLLN,2,0,2,1.0
NLLP,4,1,5,0.8
NLLS,1,5,6,0.17
NLLb,0,1,1,0.0
NLLh,1,2,3,0.33
NLLj,4,0,4,1.0
NLLl,2,0,2,1.0
NLLm,3,1,4,0.75
NLLn,10,3,13,0.77
NLLs,1,0,1,1.0
NLLt,1,0,1,1.0
NLMB,2,3,5,0.4
NLMD,0,1,1,0.0
NLML,1,1,2,0.5
NLMM,4,4,8,0.5
NLMN,3,4,7,0.43
NLMP,3,8,11,0.27
NLMS,4,2,6,0.67
NLMb,10,6,16,0.62
NLMh,4,5,9,0.44
NLMj,4,3,7,0.57
NLMl,3,0,3,1.0
NLMm,0,0,0,
NLMn,7,9,16,0.44
NLMs,1,1,2,0.5
NLMt,0,2,2,0.0
NLNB,7,4,11,0.64
NLND,1,0,1,1.0
NLNH,1,1,2,0.5
NLNK,0,1,1,0.0
NLNL,2,4,6,0.33
NLNM,5,3,8,0.62
NLNN,7,6,13,0.54
NLNP,7,5,12,0.58
NLNS,3,9,12,0.25
NLNb,4,2,6,0.67
NLNh,4,1,5,0.8
NLNl,2,1,3,0.67
NLNm,4,8,12,0.33
NLNn,5,8,13,0.38
NLNs,5,2,7,0.71
NLNt,1,0,1,1.0
NLPB,4,5,9,0.44
NLPD,1,1,2,0.5
NLPH,2,0,2,1.0
NLPI,1,0,1,1.0
NLPK,1,1,2,0.5
NLPL,4,7,11,0.36
NLPM,6,8,14,0.43
NLPN,12,7,19,0.63
NLPP,12,10,22,0.55
NLPS,1,2,3,0.33
NLPb,10,3,13,0.77
NLPh,1,0,1,1.0
NLPl,8,5,13,0.62
NLPm,8,3,11,0.73
NLPn,13,4,17,0.76
NLPs,5,1,6,0.83
NLPt,3,0,3,1.0
NLSB,4,0,4,1.0
NLSH,0,1,1,0.0
NLSM,2,4,6,0.33
NLSN,0,1,1,0.0
NLSP,5,8,13,0.38
NLSS,1,3,4,0.25
NLSb,4,2,6,0.67
NLSh,0,2,2,0.0
NLSl,3,1,4,0.75
NLSm,2,1,3,0.67
NLSn,4,8,12,0.33
NLSs,7,0,7,1.0
NLSt,1,0,1,1.0
NLbB,4,1,5,0.8
NLbH,2,2,4,0.5
NLbJ,3,1,4,0.75
NLbK,0,1,1,0.0
NLbL,4,1,5,0.8
NLbM,5,4,9,0.56
NLbN,9,8,17,0.53
NLbP,11,5,16,0.69
NLbS,6,1,7,0.86
NLbb,8,5,13,0.62
NLbl,7,3,10,0.7
NLbm,4,5,9,0.44
NLbn,9,7,16,0.56
NLbs,5,4,9,0.56
NLhB,0,1,1,0.0
NLhL,3,2,5,0.6
NLhM,5,2,7,0.71
NLhN,2,3,5,0.4
NLhP,3,2,5,0.6
NLhS,1,5,6,0.17
NLhb,3,4,7,0.43
NLhh,2,3,5,0.4
NLhl,0,2,2,0.0
NLhm,4,1,5,0.8
NLhn,3,0,3,1.0
NLhs,4,2,6,0.67
NLjB,1,1,2,0.5
NLjH,0,3,3,0.0
NLjL,1,0,1,1.0
NLjM,1,3,4,0.25
NLjN,0,1,1,0.0
NLjP,0,2,2,0.0
NLjS,1,0,1,1.0
NLjb,0,4,4,0.0
NLjh,0,1,1,0.0
NLjl,2,0,2,1.0
NLjm,4,2,6,0.67
NLjn,0,4,4,0.0
NLjs,1,2,3,0.33
NLlB,1,1,2,0.5
NLlH,2,1,3,0.67
NLlI,1,1,2,0.5
NLlJ,1,1,2,0.5
NLlL,0,1,1,0.0
NLlM,0,2,2,0.0
NLlN,4,4,8,0.5
NLlP,2,1,3,0.67
NLlS,2,1,3,0.67
NLlb,2,4,6,0.33
NLll,0,1,1,0.0
NLlm,1,2,3,0.33
NLln,3,3,6,0.5
NLls,3,1,4,0.75
NLmB,2,3,5,0.4
NLmH,3,6,9,0.33
NLmJ,0,0,0,
NLmL,1,0,1,1.0
NLmM,4,2,6,0.67
NLmN,5,4,9,0.56
NLmP,7,7,14,0.5
NLmS,4,3,7,0.57
NLmb,2,7,9,0.22
NLmm,3,1,4,0.75
NLmn,5,3,8,0.62
NLms,1,0,1,1.0
NLnB,2,3,5,0.4
NLnD,1,0,1,1.0
NLnH,3,1,4,0.75
NLnI,0,1,1,0.0
NLnK,1,0,1,1.0
NLnL,2,3,5,0.4
NLnM,6,9,15,0.4
NLnN,7,6,13,0.54
NLnP,14,12,26,0.54
NLnS,9,4,13,0.69
NLnb,2,4,6,0.33
NLnh,1,0,1,1.0
NLnl,0,4,4,0.0
NLnm,3,6,9,0.33
NLnn,10,12,22,0.45
NLns,5,5,10,0.5
NLsB,0,1,1,0.0
NLsH,2,2,4,0.5
NLsI,3,0,3,1.0
NLsL,0,1,1,0.0
NLsM,2,3,5,0.4
NLsN,2,3,5,0.4
NLsP,1,3,4,0.25
NLsS,2,1,3,0.67
NLsb,2,2,4,0.5
NLsl,2,0,2,1.0
NLsm,2,1,3,0.67
NLsn,2,1,3,0.67
NLss,2,1,3,0.67
NLtH,0,1,1,0.0
NLtM,2,0,2,1.0
NLtN,1,1,2,0.5
NLtS,0,1,1,0.0
NLtb,0,2,2,0.0
NLtn,3,1,4,0.75
NLts,1,1,2,0.5
NMBB,6,6,12,0.5
NMBK,0,1,1,0.0
NMBL,1,4,5,0.2
NMBM,14,9,23,0.61
NMBN,9,16,25,0.36
NMBP,14,12,26,0.54
NMBS,2,8,10,0.2
NMBb,12,12,24,0.5
NMBh,2,0,2,1.0
NMBj,4,7,11,0.36
NMBl,6,2,8,0.75
NMBm,9,8,17,0.53
NMBn,10,15,25,0.4
NMBs,3,1,4,0.75
NMBt,2,2,4,0.5
NMDH,0,1,1,0.0
NMDM,0,2,2,0.0
NMDN,0,1,1,0.0
NMDP,0,1,1,0.0
NMDS,0,1,1,0.0
NMDb,0,2,2,0.0
NMDm,0,1,1,0.0
NMDn,0,1,1,0.0
NMDs,0,1,1,0.0
NMHP,0,1,1,0.0
NMLB,4,2,6,0.67
NMLL,1,3,4,0.25
NMLM,3,5,8,0.38
NMLN,3,5,8,0.38
NMLP,5,10,15,0.33
NMLS,1,1,2,0.5
NMLb,4,5,9,0.44
NMLh,2,3,5,0.4
NMLj,2,1,3,0.67
NMLl,7,1,8,0.88
NMLm,6,7,13,0.46
NMLn,7,9,16,0.44
NMLs,2,0,2,1.0
NMLt,1,1,2,0.5
NMMB,11,13,24,0.46
NMMD,1,1,2,0.5
NMMH,0,1,1,0.0
NMML,4,7,11,0.36
NMMM,11,7,18,0.61
NMMN,14,18,32,0.44
NMMP,13,15,28,0.46
NMMS,6,4,10,0.6
NMMb,13,14,27,0.48
NMMh,8,9,17,0.47
NMMj,5,3,8,0.62
NMMl,3,4,7,0.43
NMMm,14,9,23,0.61
NMMn,24,20,44,0.55
NMMs,5,4,9,0.56
NMMt,3,1,4,0.75
NMNB,7,4,11,0.64
NMND,0,2,2,0.0
NMNH,5,1,6,0.83
NMNK,1,1,2,0.5
NMNL,3,2,5,0.6
NMNM,11,14,25,0.44
NMNN,12,22,34,0.35
NMNP,27,17,44,0.61
NMNS,10,7,17,0.59
NMNb,13,12,25,0.52
NMNh,6,8,14,0.43
NMNl,4,3,7,0.57
NMNm,8,11,19,0.42
NMNn,30,20,50,0.6
NMNs,4,8,12,0.33
NMNt,3,1,4,0.75
NMPB,11,8,19,0.58
NMPD,1,0,1,1.0
NMPH,6,2,8,0.75
NMPI,2,0,2,1.0
NMPK,2,2,4,0.5
NMPL,2,14,16,0.12
NMPM,15,13,28,0.54
NMPN,13,28,41,0.32
NMPP,35,38,73,0.48
NMPS,12,17,29,0.41
NMPb,17,18,35,0.49
NMPh,1,3,4,0.25
NMPl,9,13,22,0.41
NMPm,13,6,19,0.68
NMPn,21,20,41,0.51
NMPs,19,9,28,0.68
NMPt,0,3,3,0.0
NMSB,6,4,10,0.6
NMSH,0,6,6,0.0
NMSL,2,1,3,0.67
NMSM,9,11,20,0.45
NMSN,7,6,13,0.54
NMSP,16,9,25,0.64
NMSS,8,4,12,0.67
NMSb,14,10,24,0.58
NMSh,6,8,14,0.43
NMSl,0,5,5,0.0
NMSm,1,5,6,0.17
NMSn,10,18,28,0.36
NMSs,3,7,10,0.3
NMSt,0,0,0,
NMbB,8,10,18,0.44
NMbH,6,8,14,0.43
NMbI,0,0,0,
NMbJ,10,2,12,0.83
NMbK,2,0,2,1.0
NMbL,6,6,12,0.5
NMbM,17,12,29,0.59
NMbN,23,23,46,0.5
NMbP,12,19,31,0.39
NMbS,9,12,21,0.43
NMbb,20,17,37,0.54
NMbl,4,10,14,0.29
NMbm,13,7,20,0.65
NMbn,19,27,46,0.41
NMbs,7,11,18,0.39
NMhB,10,5,15,0.67
NMhD,1,1,2,0.5
NMhH,5,3,8,0.62
NMhI,1,0,1,1.0
NMhL,3,2,5,0.6
NMhM,9,14,23,0.39
NMhN,8,6,14,0.57
NMhP,20,18,38,0.53
NMhS,7,8,15,0.47
NMhb,17,10,27,0.63
NMhh,6,12,18,0.33
NMhl,3,8,11,0.27
NMhm,3,4,7,0.43
NMhn,8,12,20,0.4
NMhs,7,8,15,0.47
NMht,0,3,3,0.0
NMjB,3,1,4,0.75
NMjD,1,0,1,1.0
NMjH,2,3,5,0.4
NMjL,2,0,2,1.0
NMjM,1,5,6,0.17
NMjN,3,4,7,0.43
NMjP,4,11,15,0.27
NMjS,3,3,6,0.5
NMjb,4,9,13,0.31
NMjh,1,0,1,1.0
NMjl,1,2,3,0.33
NMjm,5,4,9,0.56
NMjn,4,2,6,0.67
NMjs,2,3,5,0.4
NMjt,1,1,2,0.5
NMlB,3,6,9,0.33
NMlH,3,5,8,0.38
NMlI,0,1,1,0.0
NMlJ,2,1,3,0.67
NMlL,3,2,5,0.6
NMlM,3,13,16,0.19
NMlN,5,11,16,0.31
NMlP,8,10,18,0.44
NMlS,4,2,6,0.67
NMlb,6,3,9,0.67
NMll,1,3,4,0.25
NMlm,2,1,3,0.67
NMln,5,10,15,0.33
NMls,5,3,8,0.62
NMmB,6,14,20,0.3
NMmD,0,2,2,0.0
NMmH,6,10,16,0.38
NMmI,0,1,1,0.0
NMmJ,0,3,3,0.0
NMmK,1,0,1,1.0
NMmL,3,2,5,0.6
NMmM,6,10,16,0.38
NMmN,19,10,29,0.66
NMmP,11,8,19,0.58
NMmS,6,4,10,0.6
NMmb,7,11,18,0.39
NMml,1,6,7,0.14
NMmm,8,6,14,0.57
NMmn,17,11,28,0.61
NMms,4,4,8,0.5
NMnB,20,13,33,0.61
NMnD,1,1,2,0.5
NMnH,9,7,16,0.56
NMnI,1,1,2,0.5
NMnK,3,4,7,0.43
NMnL,6,5,11,0.55
NMnM,25,21,46,0.54
NMnN,26,34,60,0.43
NMnP,35,40,75,0.47
NMnS,16,20,36,0.44
NMnb,13,24,37,0.35
NMnh,0,2,2,0.0
NMnl,14,6,20,0.7
NMnm,12,5,17,0.71
NMnn,37,24,61,0.61
NMns,16,13,29,0.55
NMsB,4,5,9,0.44
NMsH,5,9,14,0.36
NMsI,2,0,2,1.0
NMsL,0,3,3,0.0
NMsM,6,5,11,0.55
NMsN,11,9,20,0.55
NMsP,11,13,24,0.46
NMsS,7,7,14,0.5
NMsb,5,5,10,0.5
NMsl,4,1,5,0.8
NMsm,6,2,8,0.75
NMsn,6,13,19,0.32
NMss,5,4,9,0.56
NMtB,1,3,4,0.25
NMtD,0,1,1,0.0
NMtH,1,1,2,0.5
NMtL,3,0,3,1.0
NMtM,5,1,6,0.83
NMtN,4,4,8,0.5
NMtP,3,5,8,0.38
NMtS,2,1,3,0.67
NMtb,4,2,6,0.67
NMtm,3,1,4,0.75
NMtn,3,4,7,0.43
NMts,1,1,2,0.5
NMtt,0,1,1,0.0
NNBB,5,8,13,0.38
NNBD,1,1,2,0.5
NNBH,0,1,1,0.0
NNBL,4,4,8,0.5
NNBM,7,12,19,0.37
NNBN,8,11,19,0.42
NNBP,10,14,24,0.42
NNBS,2,6,8,0.25
NNBb,14,13,27,0.52
NNBh,0,1,1,0.0
NNBj,7,5,12,0.58
NNBl,5,4,9,0.56
NNBm,5,7,12,0.42
NNBn,6,12,18,0.33
NNBs,7,2,9,0.78
NNBt,3,0,3,1.0
NNDH,0,3,3,0.0
NNDM,2,1,3,0.67
NNDN,3,0,3,1.0
NNDP,0,5,5,0.0
NNDS,1,0,1,1.0
NNDb,1,1,2,0.5
NNDm,1,0,1,1.0
NNDs,1,1,2,0.5
NNHB,2,2,4,0.5
NNHH,1,0,1,1.0
NNHK,0,1,1,0.0
NNHL,1,0,1,1.0
NNHM,6,2,8,0.75
NNHN,1,1,2,0.5
NNHP,2,1,3,0.67
NNHS,2,3,5,0.4
NNHb,2,4,6,0.33
NNHh,1,0,1,1.0
NNHl,1,2,3,0.33
NNHm,2,0,2,1.0
NNHn,3,6,9,0.33
NNHs,0,2,2,0.0
NNKH,0,0,0,
NNKL,1,1,2,0.5
NNKM,3,0,3,1.0
NNKN,1,0,1,1.0
NNKP,0,2,2,0.0
NNKS,1,0,1,1.0
NNKb,0,1,1,0.0
NNKh,1,0,1,1.0
NNKl,3,0,3,1.0
NNKn,0,2,2,0.0
NNKs,1,1,2,0.5
NNKt,1,0,1,1.0
NNLB,2,6,8,0.25
NNLK,0,2,2,0.0
NNLL,1,5,6,0.17
NNLM,1,7,8,0.12
NNLN,8,7,15,0.53
NNLP,6,4,10,0.6
NNLS,1,5,6,0.17
NNLb,6,8,14,0.43
NNLh,3,1,4,0.75
NNLj,1,4,5,0.2
NNLl,3,4,7,0.43
NNLm,4,3,7,0.57
NNLn,7,8,15,0.47
NNLs,5,1,6,0.83
NNLt,1,1,2,0.5
NNMB,12,6,18,0.67
NNMD,0,2,2,0.0
NNMH,0,0,0,
NNML,4,5,9,0.44
NNMM,19,14,33,0.58
NNMN,10,13,23,0.43
NNMP,14,19,33,0.42
NNMS,10,7,17,0.59
NNMb,10,21,31,0.32
NNMh,7,9,16,0.44
NNMj,1,3,4,0.25
NNMl,4,5,9,0.44
NNMm,11,9,20,0.55
NNMn,18,32,50,0.36
NNMs,9,4,13,0.69
NNMt,4,5,9,0.44
NNNB,8,5,13,0.62
NNND,1,1,2,0.5
NNNH,3,6,9,0.33
NNNK,0,1,1,0.0
NNNL,6,6,12,0.5
NNNM,13,19,32,0.41
NNNN,25,24,49,0.51
NNNP,36,34,70,0.51
NNNS,15,21,36,0.42
NNNb,18,19,37,0.49
NNNh,12,12,24,0.5
NNNl,5,9,14,0.36
NNNm,9,14,23,0.39
NNNn,33,29,62,0.53
NNNs,17,12,29,0.59
NNNt,1,1,2,0.5
NNPB,16,15,31,0.52
NNPD,3,1,4,0.75
NNPH,3,6,9,0.33
NNPI,1,3,4,0.25
NNPK,2,9,11,0.18
NNPL,10,12,22,0.45
NNPM,26,29,55,0.47
NNPN,19,20,39,0.49
NNPP,39,41,80,0.49
NNPS,24,28,52,0.46
NNPb,27,33,60,0.45
NNPh,3,5,8,0.38
NNPl,14,18,32,0.44
NNPm,23,16,39,0.59
NNPn,24,22,46,0.52
NNPs,22,18,40,0.55
NNPt,1,4,5,0.2
NNSB,6,4,10,0.6
NNSD,1,1,2,0.5
NNSH,3,4,7,0.43
NNSK,1,1,2,0.5
NNSL,7,3,10,0.7
NNSM,7,10,17,0.41
NNSN,17,15,32,0.53
NNSP,19,21,40,0.48
NNSS,6,15,21,0.29
NNSb,17,6,23,0.74
NNSh,10,8,18,0.56
NNSl,4,4,8,0.5
NNSm,13,11,24,0.54
NNSn,25,11,36,0.69
NNSs,8,12,20,0.4
NNSt,5,0,5,1.0
NNbB,8,5,13,0.62
NNbD,0,1,1,0.0
NNbH,10,8,18,0.56
NNbI,2,1,3,0.67
NNbJ,5,2,7,0.71
NNbK,1,1,2,0.5
NNbL,10,9,19,0.53
NNbM,15,21,36,0.42
NNbN,21,22,43,0.49
NNbP,24,22,46,0.52
NNbS,7,8,15,0.47
NNbb,19,9,28,0.68
NNbl,6,5,11,0.55
NNbm,13,6,19,0.68
NNbn,18,16,34,0.53
NNbs,5,8,13,0.38
NNhB,1,5,6,0.17
NNhH,2,3,5,0.4
NNhI,2,0,2,1.0
NNhL,0,3,3,0.0
NNhM,9,5,14,0.64
NNhN,6,5,11,0.55
NNhP,7,11,18,0.39
NNhS,12,4,16,0.75
NNhb,4,8,12,0.33
NNhh,0,11,11,0.0
NNhl,6,2,8,0.75
NNhm,7,3,10,0.7
NNhn,7,10,17,0.41
NNhs,9,3,12,0.75
NNht,0,1,1,0.0
NNlB,5,4,9,0.56
NNlD,1,0,1,1.0
NNlH,6,2,8,0.75
NNlI,1,1,2,0.5
NNlJ,0,2,2,0.0
NNlK,1,1,2,0.5
NNlL,1,3,4,0.25
NNlM,9,3,12,0.75
NNlN,5,6,11,0.45
NNlP,12,6,18,0.67
NNlS,3,6,9,0.33
NNlb,9,8,17,0.53
NNll,2,4,6,0.33
NNlm,5,3,8,0.62
NNln,9,5,14,0.64
NNls,6,7,13,0.46
NNmB,7,5,12,0.58
NNmD,0,2,2,0.0
NNmH,11,7,18,0.61
NNmI,3,0,3,1.0
NNmJ,3,1,4,0.75
NNmL,2,0,2,1.0
NNmM,8,17,25,0.32
NNmN,15,7,22,0.68
NNmP,19,17,36,0.53
NNmS,2,5,7,0.29
NNmb,10,4,14,0.71
NNml,6,4,10,0.6
NNmm,11,8,19,0.58
NNmn,12,13,25,0.48
NNms,7,5,12,0.58
NNnB,16,13,29,0.55
NNnD,1,0,1,1.0
NNnH,11,17,28,0.39
NNnI,0,3,3,0.0
NNnK,1,0,1,1.0
NNnL,4,9,13,0.31
NNnM,15,26,41,0.37
NNnN,36,35,71,0.51
NNnP,37,47,84,0.44
NNnS,18,18,36,0.5
NNnb,29,20,49,0.59
NNnh,0,2,2,0.0
NNnl,10,5,15,0.67
NNnm,22,16,38,0.58
NNnn,30,27,57,0.53
NNns,18,13,31,0.58
NNsB,7,6,13,0.54
NNsD,3,2,5,0.6
NNsH,12,9,21,0.57
NNsI,1,1,2,0.5
NNsK,1,1,2,0.5
NNsL,5,0,5,1.0
NNsM,6,11,17,0.35
NNsN,11,13,24,0.46
NNsP,16,16,32,0.5
NNsS,4,10,14,0.29
NNsb,7,10,17,0.41
NNsh,1,0,1,1.0
NNsl,5,3,8,0.62
NNsm,3,4,7,0.43
NNsn,8,16,24,0.33
NNss,5,6,11,0.45
NNtB,4,3,7,0.57
NNtD,0,1,1,0.0
NNtH,1,0,1,1.0
NNtK,1,0,1,1.0
NNtL,2,0,2,1.0
NNtM,4,6,10,0.4
NNtN,2,3,5,0.4
NNtP,4,9,13,0.31
NNtS,7,2,9,0.78
NNtb,3,1,4,0.75
NNth,0,1,1,0.0
NNtm,1,3,4,0.25
NNtn,8,2,10,0.8
NNtt,1,0,1,1.0
NPBB,19,14,33,0.58
NPBD,1,2,3,0.33
NPBK,1,2,3,0.33
NPBL,2,6,8,0.25
NPBM,14,16,30,0.47
NPBN,12,19,31,0.39
NPBP,23,24,47,0.49
NPBS,8,7,15,0.53
NPBb,14,15,29,0.48
NPBh,3,3,6,0.5
NPBj,4,7,11,0.36
NPBl,13,8,21,0.62
NPBm,12,6,18,0.67
NPBn,18,14,32,0.56
NPBs,7,8,15,0.47
NPBt,3,5,8,0.38
NPDB,0,1,1,0.0
NPDH,2,1,3,0.67
NPDM,0,2,2,0.0
NPDP,2,2,4,0.5
NPDS,2,3,5,0.4
NPDm,1,1,2,0.5
NPDn,2,1,3,0.67
NPDs,1,0,1,1.0
NPDt,0,1,1,0.0
NPHB,3,4,7,0.43
NPHH,1,0,1,1.0
NPHI,1,0,1,1.0
NPHK,1,0,1,1.0
NPHL,1,0,1,1.0
NPHM,5,5,10,0.5
NPHN,11,9,20,0.55
NPHP,8,10,18,0.44
NPHS,6,6,12,0.5
NPHb,9,8,17,0.53
NPHh,3,3,6,0.5
NPHl,3,4,7,0.43
NPHm,7,3,10,0.7
NPHn,5,6,11,0.45
NPHs,4,11,15,0.27
NPIB,1,0,1,1.0
NPIH,0,2,2,0.0
NPIK,0,1,1,0.0
NPIL,0,1,1,0.0
NPIM,2,1,3,0.67
NPIN,0,3,3,0.0
NPIP,2,3,5,0.4
NPIb,2,3,5,0.4
NPIl,1,1,2,0.5
NPIm,1,1,2,0.5
NPIn,2,0,2,1.0
NPKB,1,1,2,0.5
NPKL,2,2,4,0.5
NPKM,3,5,8,0.38
NPKN,3,2,5,0.6
NPKP,5,5,10,0.5
NPKS,0,1,1,0.0
NPKb,2,3,5,0.4
NPKh,0,1,1,0.0
NPKl,2,2,4,0.5
NPKm,2,4,6,0.33
NPKn,1,7,8,0.12
NPKs,2,4,6,0.33
NPLB,6,6,12,0.5
NPLH,1,0,1,1.0
NPLL,2,2,4,0.5
NPLM,10,17,27,0.37
NPLN,5,10,15,0.33
NPLP,12,13,25,0.48
NPLS,11,4,15,0.73
NPLb,17,10,27,0.63
NPLh,5,4,9,0.56
NPLj,3,2,5,0.6
NPLl,3,9,12,0.25
NPLm,5,6,11,0.45
NPLn,10,12,22,0.45
NPLs,9,7,16,0.56
NPLt,3,2,5,0.6
NPMB,19,14,33,0.58
NPMD,1,2,3,0.33
NPML,9,7,16,0.56
NPMM,21,23,44,0.48
NPMN,21,15,36,0.58
NPMP,34,34,68,0.5
NPMS,12,25,37,0.32
NPMb,16,23,39,0.41
NPMh,23,21,44,0.52
NPMj,7,5,12,0.58
NPMl,15,12,27,0.56
NPMm,16,16,32,0.5
NPMn,38,45,83,0.46
NPMs,14,23,37,0.38
NPMt,1,4,5,0.2
NPNB,11,15,26,0.42
NPND,2,2,4,0.5
NPNH,3,6,9,0.33
NPNK,3,2,5,0.6
NPNL,6,11,17,0.35
NPNM,20,27,47,0.43
NPNN,23,27,50,0.46
NPNP,41,35,76,0.54
NPNS,27,16,43,0.63
NPNb,29,21,50,0.58
NPNh,13,15,28,0.46
NPNl,12,15,27,0.44
NPNm,23,9,32,0.72
NPNn,24,32,56,0.43
NPNs,15,16,31,0.48
NPNt,2,1,3,0.67
NPPB,19,16,35,0.54
NPPD,2,4,6,0.33
NPPH,10,16,26,0.38
NPPI,4,0,4,1.0
NPPK,2,6,8,0.25
NPPL,21,14,35,0.6
NPPM,43,28,71,0.61
NPPN,46,39,85,0.54
NPPP,70,53,123,0.57
NPPS,35,24,59,0.59
NPPb,24,35,59,0.41
NPPh,10,5,15,0.67
NPPl,23,19,42,0.55
NPPm,36,15,51,0.71
NPPn,42,28,70,0.6
NPPs,32,21,53,0.6
NPPt,3,1,4,0.75
NPSB,10,5,15,0.67
NPSH,5,6,11,0.45
NPSK,0,0,0,
NPSL,7,12,19,0.37
NPSM,20,20,40,0.5
NPSN,19,17,36,0.53
NPSP,35,34,69,0.51
NPSS,9,17,26,0.35
NPSb,26,21,47,0.55
NPSh,14,10,24,0.58
NPSl,9,6,15,0.6
NPSm,21,14,35,0.6
NPSn,22,22,44,0.5
NPSs,9,16,25,0.36
NPSt,2,3,5,0.4
NPbB,23,16,39,0.59
NPbD,1,3,4,0.25
NPbH,3,10,13,0.23
NPbI,0,2,2,0.0
NPbJ,7,6,13,0.54
NPbK,5,2,7,0.71
NPbL,6,8,14,0.43
NPbM,20,19,39,0.51
NPbN,19,17,36,0.53
NPbP,27,33,60,0.45
NPbS,14,14,28,0.5
NPbb,37,35,72,0.51
NPbh,1,0,1,1.0
NPbl,10,21,31,0.32
NPbm,27,14,41,0.66
NPbn,21,29,50,0.42
NPbs,12,10,22,0.55
NPhB,3,2,5,0.6
NPhD,2,0,2,1.0
NPhH,1,0,1,1.0
NPhL,1,2,3,0.33
NPhM,2,4,6,0.33
NPhN,2,1,3,0.67
NPhP,5,6,11,0.45
NPhS,6,1,7,0.86
NPhb,0,3,3,0.0
NPhh,4,5,9,0.44
NPhl,1,3,4,0.25
NPhm,8,4,12,0.67
NPhn,2,4,6,0.33
NPhs,5,2,7,0.71
NPlB,8,11,19,0.42
NPlD,2,1,3,0.67
NPlH,9,6,15,0.6
NPlI,3,1,4,0.75
NPlJ,1,4,5,0.2
NPlK,3,0,3,1.0
NPlL,9,4,13,0.69
NPlM,11,20,31,0.35
NPlN,19,9,28,0.68
NPlP,19,14,33,0.58
NPlS,6,9,15,0.4
NPlb,17,10,27,0.63
NPll,4,4,8,0.5
NPlm,9,10,19,0.47
NPln,13,10,23,0.57
NPls,7,10,17,0.41
NPmB,13,13,26,0.5
NPmD,0,3,3,0.0
NPmH,7,11,18,0.39
NPmJ,3,3,6,0.5
NPmK,1,0,1,1.0
NPmL,6,9,15,0.4
NPmM,22,26,48,0.46
NPmN,19,34,53,0.36
NPmP,32,26,58,0.55
NPmS,12,11,23,0.52
NPmb,22,17,39,0.56
NPml,4,12,16,0.25
NPmm,11,9,20,0.55
NPmn,14,11,25,0.56
NPms,6,4,10,0.6
NPmt,1,0,1,1.0
NPnB,15,16,31,0.48
NPnD,2,0,2,1.0
NPnH,12,14,26,0.46
NPnI,3,6,9,0.33
NPnK,1,6,7,0.14
NPnL,11,9,20,0.55
NPnM,23,29,52,0.44
NPnN,31,30,61,0.51
NPnP,41,39,80,0.51
NPnS,13,14,27,0.48
NPnb,33,26,59,0.56
NPnh,4,3,7,0.57
NPnl,12,11,23,0.52
NPnm,24,14,38,0.63
NPnn,22,33,55,0.4
NPns,26,16,42,0.62
NPnt,0,1,1,0.0
NPsB,7,10,17,0.41
NPsD,1,2,3,0.33
NPsH,11,12,23,0.48
NPsI,3,1,4,0.75
NPsK,1,0,1,1.0
NPsL,9,7,16,0.56
NPsM,12,17,29,0.41
NPsN,25,16,41,0.61
NPsP,22,23,45,0.49
NPsS,9,23,32,0.28
NPsb,20,13,33,0.61
NPsh,1,0,1,1.0
NPsl,6,6,12,0.5
NPsm,10,11,21,0.48
NPsn,7,20,27,0.26
NPss,9,12,21,0.43
NPtB,1,4,5,0.2
NPtM,2,0,2,1.0
NPtN,3,2,5,0.6
NPtP,0,1,1,0.0
NPtS,0,3,3,0.0
NPtb,2,2,4,0.5
NPtl,0,3,3,0.0
NPtm,10,1,11,0.91
NPtn,1,0,1,1.0
NPts,0,1,1,0.0
NSBB,1,1,2,0.5
NSBK,0,2,2,0.0
NSBL,0,3,3,0.0
NSBM,3,6,9,0.33
NSBN,9,8,17,0.53
NSBP,11,9,20,0.55
NSBS,4,5,9,0.44
NSBb,9,5,14,0.64
NSBh,0,2,2,0.0
NSBj,1,3,4,0.25
NSBl,2,0,2,1.0
NSBm,2,3,5,0.4
NSBn,7,7,14,0.5
NSBs,3,5,8,0.38
NSBt,0,1,1,0.0
NSDB,1,2,3,0.33
NSDH,1,0,1,1.0
NSDL,1,1,2,0.5
NSDM,1,0,1,1.0
NSDS,1,0,1,1.0
NSDn,2,2,4,0.5
NSDs,1,0,1,1.0
NSDt,0,1,1,0.0
NSHB,0,0,0,
NSHH,1,1,2,0.5
NSHK,0,0,0,
NSHL,1,2,3,0.33
NSHM,2,2,4,0.5
NSHN,8,5,13,0.62
NSHP,2,6,8,0.25
NSHS,5,1,6,0.83
NSHb,4,10,14,0.29
NSHh,0,3,3,0.0
NSHl,3,3,6,0.5
NSHm,4,0,4,1.0
NSHn,4,1,5,0.8
NSHs,2,6,8,0.25
NSHt,1,0,1,1.0
NSIK,1,0,1,1.0
NSKN,1,0,1,1.0
NSKP,2,0,2,1.0
NSKm,0,1,1,0.0
NSLB,1,6,7,0.14
NSLD,0,1,1,0.0
NSLL,0,3,3,0.0
NSLM,1,3,4,0.25
NSLN,3,6,9,0.33
NSLP,5,0,5,1.0
NSLS,1,2,3,0.33
NSLb,3,6,9,0.33
NSLh,2,1,3,0.67
NSLj,0,1,1,0.0
NSLl,1,1,2,0.5
NSLm,4,3,7,0.57
NSLn,9,2,11,0.82
NSLs,7,3,10,0.7
NSLt,2,1,3,0.67
NSMB,10,3,13,0.77
NSMD,2,1,3,0.67
NSML,5,5,10,0.5
NSMM,8,11,19,0.42
NSMN,11,5,16,0.69
NSMP,10,13,23,0.43
NSMS,10,10,20,0.5
NSMb,9,14,23,0.39
NSMh,7,7,14,0.5
NSMj,3,3,6,0.5
NSMl,3,2,5,0.6
NSMm,13,3,16,0.81
NSMn,15,9,24,0.62
NSMs,5,6,11,0.45
NSMt,0,1,1,0.0
NSNB,5,3,8,0.62
NSND,0,1,1,0.0
NSNH,0,5,5,0.0
NSNK,1,0,1,1.0
NSNL,3,1,4,0.75
NSNM,5,14,19,0.26
NSNN,15,9,24,0.62
NSNP,13,23,36,0.36
NSNS,9,7,16,0.56
NSNb,5,8,13,0.38
NSNh,3,8,11,0.27
NSNl,4,4,8,0.5
NSNm,7,7,14,0.5
NSNn,19,16,35,0.54
NSNs,8,8,16,0.5
NSNt,3,3,6,0.5
NSPB,12,5,17,0.71
NSPD,1,0,1,1.0
NSPH,3,5,8,0.38
NSPI,1,1,2,0.5
NSPK,0,1,1,0.0
NSPL,4,4,8,0.5
NSPM,9,20,29,0.31
NSPN,14,15,29,0.48
NSPP,25,28,53,0.47
NSPS,10,14,24,0.42
NSPb,18,21,39,0.46
NSPh,2,1,3,0.67
NSPl,9,7,16,0.56
NSPm,18,6,24,0.75
NSPn,21,20,41,0.51
NSPs,12,11,23,0.52
NSPt,2,0,2,1.0
NSSB,6,7,13,0.46
NSSH,5,3,8,0.62
NSSK,0,2,2,0.0
NSSL,5,5,10,0.5
NSSM,10,8,18,0.56
NSSN,6,7,13,0.46
NSSP,16,8,24,0.67
NSSS,7,6,13,0.54
NSSb,6,10,16,0.38
NSSh,6,6,12,0.5
NSSl,4,4,8,0.5
NSSm,12,9,21,0.57
NSSn,16,5,21,0.76
NSSs,8,6,14,0.57
NSSt,1,0,1,1.0
NSbB,5,8,13,0.38
NSbH,1,1,2,0.5
NSbJ,4,1,5,0.8
NSbK,2,1,3,0.67
NSbL,2,2,4,0.5
NSbM,19,13,32,0.59
NSbN,11,12,23,0.48
NSbP,10,12,22,0.45
NSbS,11,6,17,0.65
NSbb,13,13,26,0.5
NSbl,4,2,6,0.67
NSbm,9,3,12,0.75
NSbn,7,13,20,0.35
NSbs,3,6,9,0.33
NShB,6,1,7,0.86
NShD,1,1,2,0.5
NShH,4,1,5,0.8
NShK,1,0,1,1.0
NShL,1,5,6,0.17
NShM,6,7,13,0.46
NShN,6,7,13,0.46
NShP,7,9,16,0.44
NShS,6,9,15,0.4
NShb,8,7,15,0.53
NShh,10,6,16,0.62
NShl,3,4,7,0.43
NShm,7,4,11,0.64
NShn,10,7,17,0.59
NShs,10,9,19,0.53
NSht,1,0,1,1.0
NSlB,1,5,6,0.17
NSlH,4,3,7,0.57
NSlJ,1,1,2,0.5
NSlL,1,0,1,1.0
NSlM,6,2,8,0.75
NSlN,6,8,14,0.43
NSlP,10,2,12,0.83
NSlS,3,1,4,0.75
NSlb,3,6,9,0.33
NSll,2,0,2,1.0
NSlm,2,5,7,0.29
NSln,1,6,7,0.14
NSls,4,4,8,0.5
NSmB,4,9,13,0.31
NSmH,6,7,13,0.46
NSmI,1,1,2,0.5
NSmJ,3,2,5,0.6
NSmK,1,1,2,0.5
NSmL,4,2,6,0.67
NSmM,8,8,16,0.5
NSmN,8,13,21,0.38
NSmP,14,12,26,0.54
NSmS,9,6,15,0.6
NSmb,5,9,14,0.36
NSml,2,2,4,0.5
NSmm,10,2,12,0.83
NSmn,7,7,14,0.5
NSms,3,2,5,0.6
NSnB,3,16,19,0.16
NSnD,1,3,4,0.25
NSnH,9,3,12,0.75
NSnI,2,1,3,0.67
NSnK,4,2,6,0.67
NSnL,4,7,11,0.36
NSnM,9,21,30,0.3
NSnN,21,22,43,0.49
NSnP,19,16,35,0.54
NSnS,12,8,20,0.6
NSnb,11,7,18,0.61
NSnh,0,1,1,0.0
NSnl,4,4,8,0.5
NSnm,11,4,15,0.73
NSnn,22,19,41,0.54
NSns,11,6,17,0.65
NSsB,4,3,7,0.57
NSsD,1,0,1,1.0
NSsH,10,7,17,0.59
NSsK,0,1,1,0.0
NSsL,2,3,5,0.4
NSsM,9,6,15,0.6
NSsN,13,10,23,0.57
NSsP,8,10,18,0.44
NSsS,12,12,24,0.5
NSsb,11,4,15,0.73
NSsh,1,1,2,0.5
NSsl,7,9,16,0.44
NSsm,6,8,14,0.43
NSsn,10,9,19,0.53
NSss,5,8,13,0.38
NStB,1,2,3,0.33
NStH,2,0,2,1.0
NStK,1,1,2,0.5
NStL,1,0,1,1.0
NStM,2,0,2,1.0
NStN,2,1,3,0.67
NStP,1,2,3,0.33
NStb,0,2,2,0.0
NStl,1,1,2,0.5
NStn,1,3,4,0.25
NbBB,9,7,16,0.56
NbBD,1,0,1,1.0
NbBL,2,6,8,0.25
NbBM,10,8,18,0.56
NbBN,12,10,22,0.55
NbBP,10,11,21,0.48
NbBS,2,4,6,0.33
NbBb,13,12,25,0.52
NbBh,3,1,4,0.75
NbBj,3,5,8,0.38
NbBl,6,3,9,0.67
NbBm,7,4,11,0.64
NbBn,16,14,30,0.53
NbBs,6,7,13,0.46
NbBt,1,2,3,0.33
NbDH,0,1,1,0.0
NbDM,1,0,1,1.0
NbDN,0,2,2,0.0
NbDP,2,3,5,0.4
NbDS,2,0,2,1.0
NbDb,3,1,4,0.75
NbDl,1,0,1,1.0
NbDn,0,1,1,0.0
NbDt,1,0,1,1.0
NbHB,3,6,9,0.33
NbHD,0,2,2,0.0
NbHH,0,3,3,0.0
NbHI,0,1,1,0.0
NbHL,4,3,7,0.57
NbHM,4,3,7,0.57
NbHN,5,6,11,0.45
NbHP,12,6,18,0.67
NbHS,0,6,6,0.0
NbHb,5,6,11,0.45
NbHh,0,1,1,0.0
NbHl,3,4,7,0.43
NbHm,3,3,6,0.5
NbHn,7,2,9,0.78
NbHs,2,1,3,0.67
NbHt,0,0,0,
NbIB,1,1,2,0.5
NbIH,1,0,1,1.0
NbIP,2,3,5,0.4
NbIS,1,1,2,0.5
NbIb,2,1,3,0.67
NbIm,1,1,2,0.5
NbIn,1,1,2,0.5
NbJB,4,0,4,1.0
NbJD,1,0,1,1.0
NbJH,0,4,4,0.0
NbJL,5,2,7,0.71
NbJM,6,6,12,0.5
NbJN,4,6,10,0.4
NbJP,9,8,17,0.53
NbJS,4,3,7,0.57
NbJb,2,3,5,0.4
NbJh,2,0,2,1.0
NbJl,1,1,2,0.5
NbJm,1,2,3,0.33
NbJn,3,5,8,0.38
NbJs,3,4,7,0.43
NbKD,0,1,1,0.0
NbKL,1,2,3,0.33
NbKM,1,2,3,0.33
NbKN,2,0,2,1.0
NbKP,2,2,4,0.5
NbKS,1,0,1,1.0
NbKb,5,1,6,0.83
NbKh,2,2,4,0.5
NbKl,0,1,1,0.0
NbKm,3,1,4,0.75
NbKn,2,0,2,1.0
NbKs,1,1,2,0.5
NbKt,1,0,1,1.0
NbLB,2,3,5,0.4
NbLL,3,1,4,0.75
NbLM,8,7,15,0.53
NbLN,3,3,6,0.5
NbLP,5,7,12,0.42
NbLS,5,7,12,0.42
NbLb,2,6,8,0.25
NbLh,1,5,6,0.17
NbLj,2,1,3,0.67
NbLl,1,4,5,0.2
NbLm,3,2,5,0.6
NbLn,7,9,16,0.44
NbLs,3,5,8,0.38
NbLt,2,0,2,1.0
NbMB,9,8,17,0.53
NbML,6,6,12,0.5
NbMM,13,14,27,0.48
NbMN,14,11,25,0.56
NbMP,20,19,39,0.51
NbMS,8,7,15,0.53
NbMb,16,17,33,0.48
NbMh,9,19,28,0.32
NbMj,7,3,10,0.7
NbMl,9,5,14,0.64
NbMm,10,9,19,0.53
NbMn,27,17,44,0.61
NbMs,11,4,15,0.73
NbMt,1,3,4,0.25
NbNB,9,13,22,0.41
NbND,1,1,2,0.5
NbNH,4,2,6,0.67
NbNK,0,3,3,0.0
NbNL,8,8,16,0.5
NbNM,25,17,42,0.6
NbNN,18,13,31,0.58
NbNP,30,38,68,0.44
NbNS,8,17,25,0.32
NbNb,18,18,36,0.5
NbNh,7,6,13,0.54
NbNl,9,9,18,0.5
NbNm,12,18,30,0.4
NbNn,26,23,49,0.53
NbNs,9,14,23,0.39
NbNt,4,1,5,0.8
NbPB,14,20,34,0.41
NbPD,1,0,1,1.0
NbPH,2,3,5,0.4
NbPI,1,2,3,0.33
NbPK,5,1,6,0.83
NbPL,7,17,24,0.29
NbPM,20,19,39,0.51
NbPN,33,29,62,0.53
NbPP,28,32,60,0.47
NbPS,14,11,25,0.56
NbPb,19,21,40,0.48
NbPh,4,3,7,0.57
NbPl,8,16,24,0.33
NbPm,10,16,26,0.38
NbPn,24,17,41,0.59
NbPs,21,12,33,0.64
NbPt,2,3,5,0.4
NbSB,5,4,9,0.56
NbSH,1,4,5,0.2
NbSI,1,0,1,1.0
NbSK,0,1,1,0.0
NbSL,6,0,6,1.0
NbSM,7,8,15,0.47
NbSN,9,8,17,0.53
NbSP,19,10,29,0.66
NbSS,6,5,11,0.55
NbSb,9,7,16,0.56
NbSh,9,7,16,0.56
NbSl,3,4,7,0.43
NbSm,7,2,9,0.78
NbSn,8,4,12,0.67
NbSs,7,12,19,0.37
NbSt,3,0,3,1.0
NbbB,9,18,27,0.33
NbbH,4,2,6,0.67
NbbI,0,4,4,0.0
NbbJ,5,5,10,0.5
NbbK,4,3,7,0.57
NbbL,8,7,15,0.53
NbbM,20,15,35,0.57
NbbN,23,26,49,0.47
NbbP,23,20,43,0.53
NbbS,7,3,10,0.7
Nbbb,24,19,43,0.56
Nbbl,6,9,15,0.4
Nbbm,5,5,10,0.5
Nbbn,25,13,38,0.66
Nbbs,6,4,10,0.6
Nbhb,1,1,2,0.5
NblB,0,5,5,0.0
NblH,3,4,7,0.43
NblI,1,0,1,1.0
NblJ,1,2,3,0.33
NblL,4,2,6,0.67
NblM,6,5,11,0.55
NblN,8,8,16,0.5
NblP,11,8,19,0.58
NblS,7,1,8,0.88
Nblb,7,8,15,0.47
Nbll,5,2,7,0.71
Nblm,6,5,11,0.55
Nbln,6,7,13,0.46
Nbls,4,6,10,0.4
NbmB,15,10,25,0.6
NbmD,0,1,1,0.0
NbmH,4,8,12,0.33
NbmI,1,1,2,0.5
NbmJ,0,0,0,
NbmL,4,4,8,0.5
NbmM,12,10,22,0.55
NbmN,12,11,23,0.52
NbmP,19,12,31,0.61
NbmS,2,5,7,0.29
Nbmb,7,6,13,0.54
Nbml,1,4,5,0.2
Nbmm,5,8,13,0.38
Nbmn,11,12,23,0.48
Nbms,2,2,4,0.5
NbnB,3,11,14,0.21
NbnD,2,1,3,0.67
NbnH,9,5,14,0.64
NbnI,7,1,8,0.88
NbnK,0,1,1,0.0
NbnL,5,8,13,0.38
NbnM,13,12,25,0.52
NbnN,16,21,37,0.43
NbnP,27,30,57,0.47
NbnS,12,18,30,0.4
Nbnb,14,11,25,0.56
Nbnh,3,3,6,0.5
Nbnl,6,11,17,0.35
Nbnm,12,6,18,0.67
Nbnn,22,16,38,0.58
Nbns,10,7,17,0.59
NbsB,2,5,7,0.29
NbsD,1,1,2,0.5
NbsH,3,3,6,0.5
NbsI,2,0,2,1.0
NbsK,0,1,1,0.0
NbsL,1,2,3,0.33
NbsM,10,9,19,0.53
NbsN,14,11,25,0.56
NbsP,9,12,21,0.43
NbsS,6,2,8,0.75
Nbsb,8,9,17,0.47
Nbsl,4,3,7,0.57
Nbsm,4,3,7,0.57
Nbsn,3,7,10,0.3
Nbss,5,8,13,0.38
Nbst,0,0,0,
NbtM,0,1,1,0.0
NhBB,2,2,4,0.5
NhBK,0,2,2,0.0
NhBL,1,1,2,0.5
NhBM,4,2,6,0.67
NhBN,4,2,6,0.67
NhBP,6,6,12,0.5
NhBS,1,5,6,0.17
NhBb,7,6,13,0.54
NhBh,0,1,1,0.0
NhBj,1,1,2,0.5
NhBl,0,1,1,0.0
NhBm,2,3,5,0.4
NhBn,5,5,10,0.5
NhBs,1,2,3,0.33
NhBt,1,0,1,1.0
NhDH,0,1,1,0.0
NhDL,0,0,0,
NhDb,1,0,1,1.0
NhDs,0,1,1,0.0
NhHB,0,1,1,0.0
NhHH,1,0,1,1.0
NhHM,1,2,3,0.33
NhHN,2,2,4,0.5
NhHP,1,1,2,0.5
NhHS,0,1,1,0.0
NhHb,2,0,2,1.0
NhHh,1,0,1,1.0
NhHl,1,1,2,0.5
NhHm,1,0,1,1.0
NhHn,2,3,5,0.4
NhHs,1,1,2,0.5
NhIB,0,1,1,0.0
NhIM,1,2,3,0.33
NhIP,0,1,1,0.0
NhIS,0,0,0,
NhIb,0,0,0,
NhIm,0,1,1,0.0
NhIs,0,1,1,0.0
NhKb,0,0,0,
NhKh,0,0,0,
NhKs,0,0,0,
NhLB,3,1,4,0.75
NhLK,0,1,1,0.0
NhLL,0,1,1,0.0
NhLM,4,2,6,0.67
NhLN,2,1,3,0.67
NhLP,2,4,6,0.33
NhLS,1,1,2,0.5
NhLb,3,2,5,0.6
NhLh,1,1,2,0.5
NhLj,1,1,2,0.5
NhLl,0,0,0,
NhLm,1,1,2,0.5
NhLn,3,3,6,0.5
NhLs,2,0,2,1.0
NhLt,0,2,2,0.0
NhMB,2,3,5,0.4
NhML,3,3,6,0.5
NhMM,7,7,14,0.5
NhMN,3,6,9,0.33
NhMP,11,10,21,0.52
NhMS,2,4,6,0.33
NhMb,8,12,20,0.4
NhMh,8,8,16,0.5
NhMj,4,2,6,0.67
NhMl,1,1,2,0.5
NhMm,2,4,6,0.33
NhMn,9,9,18,0.5
NhMs,2,2,4,0.5
NhMt,1,1,2,0.5
NhNB,1,1,2,0.5
NhNH,2,0,2,1.0
NhNK,1,0,1,1.0
NhNL,2,1,3,0.67
NhNM,2,6,8,0.25
NhNN,4,6,10,0.4
NhNP,14,8,22,0.64
NhNS,5,3,8,0.62
NhNb,4,2,6,0.67
NhNh,5,2,7,0.71
NhNl,4,1,5,0.8
NhNm,9,2,11,0.82
NhNn,7,10,17,0.41
NhNs,2,6,8,0.25
NhNt,1,0,1,1.0
NhPB,11,2,13,0.85
NhPH,3,3,6,0.5
NhPK,1,2,3,0.33
NhPL,0,3,3,0.0
NhPM,16,14,30,0.53
NhPN,10,7,17,0.59
NhPP,14,15,29,0.48
NhPS,8,12,20,0.4
NhPb,7,7,14,0.5
NhPh,1,2,3,0.33
NhPl,6,6,12,0.5
NhPm,7,7,14,0.5
NhPn,9,12,21,0.43
NhPs,3,2,5,0.6
NhPt,1,0,1,1.0
NhSB,1,3,4,0.25
NhSD,0,1,1,0.0
NhSH,3,3,6,0.5
NhSL,0,2,2,0.0
NhSM,5,6,11,0.45
NhSN,2,6,8,0.25
NhSP,7,7,14,0.5
NhSS,1,7,8,0.12
NhSb,3,9,12,0.25
NhSh,1,5,6,0.17
NhSl,2,2,4,0.5
NhSm,6,3,9,0.67
NhSn,3,6,9,0.33
NhSs,5,4,9,0.56
NhSt,0,1,1,0.0
NhbB,2,3,5,0.4
NhbH,2,1,3,0.67
NhbI,2,1,3,0.67
NhbJ,3,4,7,0.43
NhbK,1,0,1,1.0
NhbL,3,2,5,0.6
NhbM,9,7,16,0.56
NhbN,7,6,13,0.54
NhbP,7,9,16,0.44
NhbS,7,0,7,1.0
Nhbb,8,5,13,0.62
Nhbl,8,5,13,0.62
Nhbm,6,2,8,0.75
Nhbn,6,10,16,0.38
Nhbs,2,2,4,0.5
NhhB,7,3,10,0.7
NhhD,1,0,1,1.0
NhhH,4,1,5,0.8
NhhL,3,0,3,1.0
NhhM,7,4,11,0.64
NhhN,3,4,7,0.43
NhhP,9,7,16,0.56
NhhS,2,7,9,0.22
Nhhb,4,7,11,0.36
Nhhh,4,5,9,0.44
Nhhl,1,1,2,0.5
Nhhm,4,7,11,0.36
Nhhn,8,6,14,0.57
Nhhs,3,7,10,0.3
NhlB,3,4,7,0.43
NhlH,3,4,7,0.43
NhlJ,0,0,0,
NhlK,0,0,0,
NhlL,1,1,2,0.5
NhlM,2,6,8,0.25
NhlN,4,4,8,0.5
NhlP,3,6,9,0.33
NhlS,3,0,3,1.0
Nhlb,2,3,5,0.4
Nhll,4,1,5,0.8
Nhlm,1,4,5,0.2
Nhln,4,0,4,1.0
Nhls,1,4,5,0.2
NhmB,2,3,5,0.4
NhmH,6,3,9,0.67
NhmJ,3,0,3,1.0
NhmK,0,1,1,0.0
NhmL,1,1,2,0.5
NhmM,5,8,13,0.38
NhmN,9,3,12,0.75
NhmP,7,5,12,0.58
NhmS,2,5,7,0.29
Nhmb,2,2,4,0.5
Nhml,4,0,4,1.0
Nhmm,3,1,4,0.75
Nhmn,4,2,6,0.67
Nhms,2,3,5,0.4
NhnB,2,6,8,0.25
NhnD,0,1,1,0.0
NhnH,3,3,6,0.5
NhnI,1,0,1,1.0
NhnL,3,1,4,0.75
NhnM,9,10,19,0.47
NhnN,5,9,14,0.36
NhnP,22,14,36,0.61
NhnS,10,9,19,0.53
Nhnb,8,6,14,0.57
Nhnl,6,4,10,0.6
Nhnm,7,8,15,0.47
Nhnn,8,8,16,0.5
Nhns,9,9,18,0.5
NhsB,3,2,5,0.6
NhsH,6,5,11,0.55
NhsI,1,0,1,1.0
NhsL,2,2,4,0.5
NhsM,5,9,14,0.36
NhsN,6,6,12,0.5
NhsP,7,6,13,0.54
NhsS,5,8,13,0.38
Nhsb,4,5,9,0.44
Nhsl,3,0,3,1.0
Nhsm,7,1,8,0.88
Nhsn,4,3,7,0.57
Nhss,5,4,9,0.56
NhtB,0,1,1,0.0
NhtK,1,0,1,1.0
NhtL,1,0,1,1.0
NhtM,0,1,1,0.0
NhtP,0,3,3,0.0
NhtS,0,1,1,0.0
Nhtl,1,1,2,0.5
Nhtm,0,1,1,0.0
Nhtn,0,0,0,
Nhts,0,1,1,0.0
NlBB,3,1,4,0.75
NlBL,1,2,3,0.33
NlBM,6,0,6,1.0
NlBN,6,8,14,0.43
NlBP,2,8,10,0.2
NlBS,5,1,6,0.83
NlBb,6,3,9,0.67
NlBh,0,1,1,0.0
NlBj,4,6,10,0.4
NlBl,2,2,4,0.5
NlBm,5,3,8,0.62
NlBn,6,6,12,0.5
NlBs,3,2,5,0.6
NlBt,1,0,1,1.0
NlDD,1,0,1,1.0
NlDH,1,1,2,0.5
NlDM,1,2,3,0.33
NlDP,1,1,2,0.5
NlDb,0,1,1,0.0
NlDm,1,0,1,1.0
NlDn,0,1,1,0.0
NlHB,0,2,2,0.0
NlHH,1,1,2,0.5
NlHI,0,1,1,0.0
NlHK,0,1,1,0.0
NlHL,1,1,2,0.5
NlHM,7,5,12,0.58
NlHN,4,4,8,0.5
NlHP,7,7,14,0.5
NlHS,8,4,12,0.67
NlHb,8,4,12,0.67
NlHh,2,2,4,0.5
NlHl,3,1,4,0.75
NlHm,3,5,8,0.38
NlHn,2,2,4,0.5
NlHs,5,1,6,0.83
NlHt,0,1,1,0.0
NlIB,2,0,2,1.0
NlIH,2,0,2,1.0
NlIL,0,1,1,0.0
NlIM,0,0,0,
NlIN,1,0,1,1.0
NlIP,0,2,2,0.0
NlIb,0,1,1,0.0
NlIl,0,1,1,0.0
NlIm,2,0,2,1.0
NlIn,2,1,3,0.67
NlIs,1,0,1,1.0
NlJB,0,1,1,0.0
NlJH,0,1,1,0.0
NlJM,1,2,3,0.33
NlJN,0,2,2,0.0
NlJP,2,2,4,0.5
NlJb,1,2,3,0.33
NlJl,1,0,1,1.0
NlJm,1,2,3,0.33
NlJn,1,2,3,0.33
NlJs,1,0,1,1.0
NlJt,1,0,1,1.0
NlKB,1,0,1,1.0
NlKL,1,0,1,1.0
NlKM,0,2,2,0.0
NlKb,1,1,2,0.5
NlKh,1,0,1,1.0
NlKn,2,1,3,0.67
NlKt,1,0,1,1.0
NlLB,0,0,0,
NlLH,0,1,1,0.0
NlLK,1,1,2,0.5
NlLL,1,0,1,1.0
NlLM,0,4,4,0.0
NlLN,3,3,6,0.5
NlLP,1,3,4,0.25
NlLS,3,3,6,0.5
NlLb,1,1,2,0.5
NlLh,1,2,3,0.33
NlLj,1,0,1,1.0
NlLl,2,1,3,0.67
NlLm,3,2,5,0.6
NlLn,2,4,6,0.33
NlLs,2,1,3,0.67
NlLt,0,2,2,0.0
NlMB,4,3,7,0.57
NlMD,1,2,3,0.33
NlML,0,4,4,0.0
NlMM,6,7,13,0.46
NlMN,4,5,9,0.44
NlMP,11,10,21,0.52
NlMS,6,8,14,0.43
NlMb,3,3,6,0.5
NlMh,3,4,7,0.43
NlMj,3,4,7,0.43
NlMl,3,3,6,0.5
NlMm,4,4,8,0.5
NlMn,7,12,19,0.37
NlMs,6,6,12,0.5
NlMt,1,1,2,0.5
NlNB,1,5,6,0.17
NlNH,2,0,2,1.0
NlNK,0,1,1,0.0
NlNL,4,2,6,0.67
NlNM,7,8,15,0.47
NlNN,12,2,14,0.86
NlNP,15,14,29,0.52
NlNS,6,5,11,0.55
NlNb,6,7,13,0.46
NlNh,2,3,5,0.4
NlNl,1,3,4,0.25
NlNm,14,1,15,0.93
NlNn,9,7,16,0.56
NlNs,8,5,13,0.62
NlNt,1,3,4,0.25
NlPB,5,6,11,0.45
NlPD,1,3,4,0.25
NlPH,2,1,3,0.67
NlPI,0,1,1,0.0
NlPK,2,1,3,0.67
NlPL,6,4,10,0.6
NlPM,12,15,27,0.44
NlPN,13,16,29,0.45
NlPP,15,13,28,0.54
NlPS,9,8,17,0.53
NlPb,9,10,19,0.47
NlPh,1,1,2,0.5
NlPl,5,3,8,0.62
NlPm,7,6,13,0.54
NlPn,8,13,21,0.38
NlPs,7,6,13,0.54
NlPt,3,0,3,1.0
NlSB,3,3,6,0.5
NlSH,2,0,2,1.0
NlSL,1,1,2,0.5
NlSM,5,5,10,0.5
NlSN,2,2,4,0.5
NlSP,3,6,9,0.33
NlSS,3,5,8,0.38
NlSb,7,8,15,0.47
NlSh,1,3,4,0.25
NlSl,4,2,6,0.67
NlSm,3,4,7,0.43
NlSn,7,4,11,0.64
NlSs,5,3,8,0.62
NlSt,1,2,3,0.33
NlbB,3,6,9,0.33
NlbD,1,1,2,0.5
NlbH,2,1,3,0.67
NlbI,0,1,1,0.0
NlbJ,0,1,1,0.0
NlbK,1,0,1,1.0
NlbL,2,3,5,0.4
NlbM,8,8,16,0.5
NlbN,4,11,15,0.27
NlbP,12,8,20,0.6
NlbS,4,2,6,0.67
Nlbb,7,6,13,0.54
Nlbl,3,6,9,0.33
Nlbm,4,4,8,0.5
Nlbn,11,3,14,0.79
Nlbs,6,1,7,0.86
NllB,2,3,5,0.4
NllH,3,4,7,0.43
NllJ,1,0,1,1.0
NllL,1,2,3,0.33
NllM,4,4,8,0.5
NllN,5,5,10,0.5
NllP,5,5,10,0.5
NllS,0,2,2,0.0
Nllb,2,0,2,1.0
Nlll,0,2,2,0.0
Nllm,1,1,2,0.5
Nlln,9,6,15,0.6
Nlls,1,1,2,0.5
NlmB,4,5,9,0.44
NlmH,2,1,3,0.67
NlmI,0,1,1,0.0
NlmJ,0,1,1,0.0
NlmL,2,2,4,0.5
NlmM,4,6,10,0.4
NlmN,5,6,11,0.45
NlmP,7,7,14,0.5
NlmS,6,5,11,0.55
Nlmb,4,5,9,0.44
Nlml,0,2,2,0.0
Nlmm,5,1,6,0.83
Nlmn,4,3,7,0.57
Nlms,2,3,5,0.4
NlnB,8,5,13,0.62
NlnH,4,3,7,0.57
NlnI,0,1,1,0.0
NlnK,0,1,1,0.0
NlnL,1,2,3,0.33
NlnM,6,10,16,0.38
NlnN,7,8,15,0.47
NlnP,10,11,21,0.48
NlnS,5,3,8,0.62
Nlnb,6,5,11,0.55
Nlnl,4,3,7,0.57
Nlnm,11,7,18,0.61
Nlnn,8,8,16,0.5
Nlns,3,5,8,0.38
NlsB,2,2,4,0.5
NlsH,4,3,7,0.57
NlsI,0,1,1,0.0
NlsK,0,0,0,
NlsL,2,2,4,0.5
NlsM,2,2,4,0.5
NlsN,4,3,7,0.57
NlsP,7,3,10,0.7
NlsS,3,6,9,0.33
Nlsb,2,2,4,0.5
Nlsl,3,1,4,0.75
Nlsm,5,4,9,0.56
Nlsn,4,4,8,0.5
Nlss,5,4,9,0.56
NmBB,5,8,13,0.38
NmBD,1,0,1,1.0
NmBL,4,2,6,0.67
NmBM,7,9,16,0.44
NmBN,9,9,18,0.5
NmBP,7,12,19,0.37
NmBS,7,4,11,0.64
NmBb,10,9,19,0.53
NmBh,1,2,3,0.33
NmBj,4,3,7,0.57
NmBl,2,1,3,0.67
NmBm,8,5,13,0.62
NmBn,10,10,20,0.5
NmBs,3,3,6,0.5
NmBt,3,1,4,0.75
NmDH,1,0,1,1.0
NmDL,1,2,3,0.33
NmDM,0,1,1,0.0
NmDN,3,0,3,1.0
NmDP,0,2,2,0.0
NmDb,0,2,2,0.0
NmDn,0,1,1,0.0
NmDs,1,0,1,1.0
NmDt,0,0,0,
NmHB,6,3,9,0.67
NmHH,3,2,5,0.6
NmHK,1,0,1,1.0
NmHL,4,0,4,1.0
NmHM,8,11,19,0.42
NmHN,11,9,20,0.55
NmHP,10,7,17,0.59
NmHS,7,3,10,0.7
NmHb,8,11,19,0.42
NmHh,8,4,12,0.67
NmHl,4,6,10,0.4
NmHm,5,5,10,0.5
NmHn,12,17,29,0.41
NmHs,8,7,15,0.53
NmHt,2,2,4,0.5
NmIB,1,1,2,0.5
NmIH,0,1,1,0.0
NmIL,0,1,1,0.0
NmIM,0,2,2,0.0
NmIN,1,2,3,0.33
NmIP,2,2,4,0.5
NmIS,0,1,1,0.0
NmIb,1,0,1,1.0
NmIm,1,1,2,0.5
NmIn,0,1,1,0.0
NmIs,0,1,1,0.0
NmJB,2,0,2,1.0
NmJH,2,1,3,0.67
NmJK,0,1,1,0.0
NmJL,1,1,2,0.5
NmJM,4,4,8,0.5
NmJN,4,1,5,0.8
NmJP,5,4,9,0.56
NmJS,1,2,3,0.33
NmJb,5,0,5,1.0
NmJl,2,0,2,1.0
NmJm,1,1,2,0.5
NmJn,2,0,2,1.0
NmJs,4,1,5,0.8
NmJt,1,0,1,1.0
NmKN,0,1,1,0.0
NmKb,1,0,1,1.0
NmKl,1,1,2,0.5
NmLB,0,1,1,0.0
NmLK,0,2,2,0.0
NmLL,1,1,2,0.5
NmLM,4,2,6,0.67
NmLN,7,7,14,0.5
NmLP,3,4,7,0.43
NmLS,1,1,2,0.5
NmLb,0,3,3,0.0
NmLh,2,3,5,0.4
NmLj,1,3,4,0.25
NmLl,2,4,6,0.33
NmLm,1,1,2,0.5
NmLn,8,6,14,0.57
NmLs,3,1,4,0.75
NmMB,3,10,13,0.23
NmMD,1,0,1,1.0
NmML,1,2,3,0.33
NmMM,13,4,17,0.76
NmMN,8,18,26,0.31
NmMP,11,18,29,0.38
NmMS,7,9,16,0.44
NmMb,5,11,16,0.31
NmMh,14,6,20,0.7
NmMj,7,4,11,0.64
NmMl,1,4,5,0.2
NmMm,12,7,19,0.63
NmMn,20,15,35,0.57
NmMs,9,8,17,0.53
NmMt,1,1,2,0.5
NmNB,7,9,16,0.44
NmND,1,2,3,0.33
NmNH,3,2,5,0.6
NmNL,5,10,15,0.33
NmNM,12,6,18,0.67
NmNN,27,21,48,0.56
NmNP,19,24,43,0.44
NmNS,9,8,17,0.53
NmNb,15,11,26,0.58
NmNh,5,9,14,0.36
NmNl,5,4,9,0.56
NmNm,8,4,12,0.67
NmNn,21,27,48,0.44
NmNs,11,11,22,0.5
NmNt,8,0,8,1.0
NmPB,7,16,23,0.3
NmPD,0,2,2,0.0
NmPH,10,9,19,0.53
NmPI,1,0,1,1.0
NmPK,0,2,2,0.0
NmPL,4,2,6,0.67
NmPM,19,13,32,0.59
NmPN,14,17,31,0.45
NmPP,20,23,43,0.47
NmPS,9,10,19,0.47
NmPb,11,13,24,0.46
NmPh,2,2,4,0.5
NmPl,4,6,10,0.4
NmPm,9,11,20,0.45
NmPn,25,22,47,0.53
NmPs,15,8,23,0.65
NmPt,1,4,5,0.2
NmSB,2,3,5,0.4
NmSH,2,4,6,0.33
NmSL,0,1,1,0.0
NmSM,7,3,10,0.7
NmSN,4,5,9,0.44
NmSP,7,10,17,0.41
NmSS,3,7,10,0.3
NmSb,2,2,4,0.5
NmSh,5,2,7,0.71
NmSl,3,4,7,0.43
NmSm,5,3,8,0.62
NmSn,14,13,27,0.52
NmSs,5,5,10,0.5
NmbB,14,6,20,0.7
NmbD,2,1,3,0.67
NmbH,5,4,9,0.56
NmbI,2,0,2,1.0
NmbJ,1,3,4,0.25
NmbK,0,2,2,0.0
NmbL,1,3,4,0.25
NmbM,6,6,12,0.5
NmbN,15,16,31,0.48
NmbP,15,12,27,0.56
NmbS,8,7,15,0.53
Nmbb,7,15,22,0.32
Nmbl,6,1,7,0.86
Nmbm,8,5,13,0.62
Nmbn,9,12,21,0.43
Nmbs,2,1,3,0.67
Nmhs,1,0,1,1.0
NmlB,4,3,7,0.57
NmlH,3,2,5,0.6
NmlI,0,1,1,0.0
NmlJ,1,0,1,1.0
NmlL,1,0,1,1.0
NmlM,4,3,7,0.57
NmlN,2,7,9,0.22
NmlP,5,4,9,0.56
NmlS,3,4,7,0.43
Nmlb,5,2,7,0.71
Nmll,1,0,1,1.0
Nmlm,3,1,4,0.75
Nmln,4,4,8,0.5
NmmB,7,6,13,0.54
NmmD,2,0,2,1.0
NmmH,1,3,4,0.25
NmmI,3,1,4,0.75
NmmJ,3,1,4,0.75
NmmK,1,0,1,1.0
NmmL,1,1,2,0.5
NmmM,2,8,10,0.2
NmmN,9,13,22,0.41
NmmP,12,6,18,0.67
NmmS,4,4,8,0.5
Nmmb,6,6,12,0.5
Nmml,3,0,3,1.0
Nmmm,5,1,6,0.83
Nmmn,9,7,16,0.56
Nmms,1,0,1,1.0
NmnB,9,8,17,0.53
NmnD,1,2,3,0.33
NmnH,7,4,11,0.64
NmnI,3,0,3,1.0
NmnL,5,2,7,0.71
NmnM,7,18,25,0.28
NmnN,10,15,25,0.4
NmnP,20,19,39,0.51
NmnS,5,9,14,0.36
Nmnb,13,6,19,0.68
Nmnl,4,2,6,0.67
Nmnm,7,5,12,0.58
Nmnn,19,14,33,0.58
Nmns,4,10,14,0.29
NmsB,3,1,4,0.75
NmsH,3,7,10,0.3
NmsI,1,0,1,1.0
NmsL,1,1,2,0.5
NmsM,4,6,10,0.4
NmsN,9,5,14,0.64
NmsP,8,8,16,0.5
NmsS,5,5,10,0.5
Nmsb,5,3,8,0.62
Nmsl,0,3,3,0.0
Nmsm,5,1,6,0.83
Nmsn,7,6,13,0.54
Nmss,0,2,2,0.0
NnBB,11,7,18,0.61
NnBK,1,1,2,0.5
NnBL,1,4,5,0.2
NnBM,6,18,24,0.25
NnBN,20,14,34,0.59
NnBP,14,16,30,0.47
NnBS,6,12,18,0.33
NnBb,12,19,31,0.39
NnBh,1,3,4,0.25
NnBj,6,4,10,0.6
NnBl,6,2,8,0.75
NnBm,11,7,18,0.61
NnBn,21,19,40,0.52
NnBs,6,3,9,0.67
NnBt,5,5,10,0.5
NnDH,2,0,2,1.0
NnDL,3,0,3,1.0
NnDM,2,3,5,0.4
NnDN,1,5,6,0.17
NnDP,1,1,2,0.5
NnDS,1,1,2,0.5
NnDb,2,1,3,0.67
NnDl,1,0,1,1.0
NnDm,1,0,1,1.0
NnDn,0,3,3,0.0
NnDs,3,1,4,0.75
NnDt,1,0,1,1.0
NnHB,7,5,12,0.58
NnHD,0,2,2,0.0
NnHH,6,1,7,0.86
NnHI,0,1,1,0.0
NnHK,0,3,3,0.0
NnHL,3,3,6,0.5
NnHM,6,7,13,0.46
NnHN,21,5,26,0.81
NnHP,11,16,27,0.41
NnHS,6,5,11,0.55
NnHb,11,8,19,0.58
NnHh,4,6,10,0.4
NnHl,7,5,12,0.58
NnHm,5,4,9,0.56
NnHn,10,14,24,0.42
NnHs,5,15,20,0.25
NnIB,6,0,6,1.0
NnIH,1,0,1,1.0
NnIK,1,0,1,1.0
NnIL,1,3,4,0.25
NnIN,3,2,5,0.6
NnIP,2,1,3,0.67
NnIS,3,2,5,0.6
NnIb,1,6,7,0.14
NnIl,1,1,2,0.5
NnIm,0,3,3,0.0
NnIn,1,2,3,0.33
NnIs,0,1,1,0.0
NnKB,1,1,2,0.5
NnKH,0,0,0,
NnKL,1,1,2,0.5
NnKM,2,1,3,0.67
NnKN,3,4,7,0.43
NnKP,2,2,4,0.5
NnKS,0,1,1,0.0
NnKb,2,1,3,0.67
NnKh,1,0,1,1.0
NnKl,3,1,4,0.75
NnKm,3,1,4,0.75
NnKn,3,2,5,0.6
NnKs,4,2,6,0.67
NnKt,1,0,1,1.0
NnLB,2,2,4,0.5
NnLD,0,2,2,0.0
NnLK,1,0,1,1.0
NnLL,1,5,6,0.17
NnLM,8,8,16,0.5
NnLN,9,10,19,0.47
NnLP,15,6,21,0.71
NnLS,3,1,4,0.75
NnLb,4,13,17,0.24
NnLh,3,2,5,0.6
NnLj,2,0,2,1.0
NnLl,1,2,3,0.33
NnLm,3,3,6,0.5
NnLn,12,12,24,0.5
NnLs,11,5,16,0.69
NnLt,1,1,2,0.5
NnMB,17,14,31,0.55
NnMD,0,3,3,0.0
NnML,4,6,10,0.4
NnMM,16,16,32,0.5
NnMN,18,17,35,0.51
NnMP,21,26,47,0.45
NnMS,13,9,22,0.59
NnMb,24,27,51,0.47
NnMh,15,29,44,0.34
NnMj,9,4,13,0.69
NnMl,5,13,18,0.28
NnMm,12,13,25,0.48
NnMn,27,19,46,0.59
NnMs,7,8,15,0.47
NnMt,3,4,7,0.43
NnNB,15,17,32,0.47
NnND,1,0,1,1.0
NnNH,4,5,9,0.44
NnNK,5,8,13,0.38
NnNL,9,8,17,0.53
NnNM,34,24,58,0.59
NnNN,42,32,74,0.57
NnNP,41,29,70,0.59
NnNS,15,23,38,0.39
NnNb,23,18,41,0.56
NnNh,7,12,19,0.37
NnNl,17,15,32,0.53
NnNm,21,15,36,0.58
NnNn,36,44,80,0.45
NnNs,14,23,37,0.38
NnNt,9,4,13,0.69
NnPB,18,18,36,0.5
NnPD,0,2,2,0.0
NnPH,9,8,17,0.53
NnPI,1,4,5,0.2
NnPK,1,1,2,0.5
NnPL,12,12,24,0.5
NnPM,30,29,59,0.51
NnPN,37,32,69,0.54
NnPP,70,55,125,0.56
NnPS,22,25,47,0.47
NnPb,28,39,67,0.42
NnPh,6,4,10,0.6
NnPl,16,20,36,0.44
NnPm,30,21,51,0.59
NnPn,26,31,57,0.46
NnPs,23,19,42,0.55
NnPt,4,0,4,1.0
NnSB,9,7,16,0.56
NnSD,2,2,4,0.5
NnSH,1,9,10,0.1
NnSK,0,1,1,0.0
NnSL,4,4,8,0.5
NnSM,15,15,30,0.5
NnSN,15,16,31,0.48
NnSP,25,22,47,0.53
NnSS,13,17,30,0.43
NnSb,16,13,29,0.55
NnSh,12,14,26,0.46
NnSl,6,8,14,0.43
NnSm,17,10,27,0.63
NnSn,18,26,44,0.41
NnSs,14,14,28,0.5
NnSt,5,3,8,0.62
NnbB,4,15,19,0.21
NnbD,1,2,3,0.33
NnbH,9,3,12,0.75
NnbI,2,1,3,0.67
NnbJ,5,6,11,0.45
NnbK,2,1,3,0.67
NnbL,5,10,15,0.33
NnbM,22,26,48,0.46
NnbN,19,27,46,0.41
NnbP,26,28,54,0.48
NnbS,13,13,26,0.5
Nnbb,14,21,35,0.4
Nnbl,5,4,9,0.56
Nnbm,14,5,19,0.74
Nnbn,32,24,56,0.57
Nnbs,16,6,22,0.73
NnhH,0,1,1,0.0
NnhM,1,0,1,1.0
NnhP,3,0,3,1.0
NnhS,1,1,2,0.5
Nnhb,1,1,2,0.5
Nnhh,0,1,1,0.0
Nnhm,0,2,2,0.0
Nnhn,1,1,2,0.5
Nnhs,1,1,2,0.5
NnlB,5,9,14,0.36
NnlD,0,2,2,0.0
NnlH,3,7,10,0.3
NnlJ,4,4,8,0.5
NnlK,0,1,1,0.0
NnlL,5,7,12,0.42
NnlM,9,7,16,0.56
NnlN,8,10,18,0.44
NnlP,12,13,25,0.48
NnlS,4,7,11,0.36
Nnlb,17,12,29,0.59
Nnll,3,1,4,0.75
Nnlm,5,3,8,0.62
Nnln,6,5,11,0.55
Nnls,9,7,16,0.56
NnmB,10,12,22,0.45
NnmD,3,4,7,0.43
NnmH,11,16,27,0.41
NnmI,1,1,2,0.5
NnmJ,2,3,5,0.4
NnmL,4,1,5,0.8
NnmM,22,20,42,0.52
NnmN,16,22,38,0.42
NnmP,28,26,54,0.52
NnmS,13,7,20,0.65
Nnmb,16,14,30,0.53
Nnml,6,9,15,0.4
Nnmm,7,6,13,0.54
Nnmn,21,13,34,0.62
Nnms,7,4,11,0.64
NnnB,12,14,26,0.46
NnnD,1,2,3,0.33
NnnH,10,15,25,0.4
NnnI,1,1,2,0.5
NnnK,1,3,4,0.25
NnnL,12,8,20,0.6
NnnM,19,30,49,0.39
NnnN,32,31,63,0.51
NnnP,46,46,92,0.5
NnnS,13,21,34,0.38
Nnnb,28,25,53,0.53
Nnnh,1,5,6,0.17
Nnnl,7,11,18,0.39
Nnnm,21,13,34,0.62
Nnnn,23,28,51,0.45
Nnns,22,16,38,0.58
Nnnt,1,0,1,1.0
NnsB,4,8,12,0.33
NnsD,2,3,5,0.4
NnsH,11,15,26,0.42
NnsK,1,1,2,0.5
NnsL,5,4,9,0.56
NnsM,13,17,30,0.43
NnsN,14,19,33,0.42
NnsP,26,23,49,0.53
NnsS,15,13,28,0.54
Nnsb,14,14,28,0.5
Nnsh,2,0,2,1.0
Nnsl,14,4,18,0.78
Nnsm,10,8,18,0.56
Nnsn,11,14,25,0.44
Nnss,15,11,26,0.58
NntN,1,0,1,1.0
Nntb,1,0,1,1.0
NsBB,2,3,5,0.4
NsBD,0,1,1,0.0
NsBL,1,1,2,0.5
NsBM,6,7,13,0.46
NsBN,4,4,8,0.5
NsBP,2,6,8,0.25
NsBS,5,1,6,0.83
NsBb,3,5,8,0.38
NsBh,1,0,1,1.0
NsBj,3,1,4,0.75
NsBl,0,2,2,0.0
NsBm,4,2,6,0.67
NsBn,5,3,8,0.62
NsBs,4,5,9,0.44
NsBt,1,0,1,1.0
NsDB,0,1,1,0.0
NsDH,1,2,3,0.33
NsDL,1,0,1,1.0
NsDM,2,1,3,0.67
NsDN,3,0,3,1.0
NsDS,0,2,2,0.0
NsDb,1,0,1,1.0
NsDl,0,1,1,0.0
NsDm,1,0,1,1.0
NsDn,2,0,2,1.0
NsDs,0,1,1,0.0
NsHB,7,1,8,0.88
NsHD,1,1,2,0.5
NsHH,2,0,2,1.0
NsHI,1,0,1,1.0
NsHL,3,4,7,0.43
NsHM,6,7,13,0.46
NsHN,3,7,10,0.3
NsHP,11,11,22,0.5
NsHS,8,6,14,0.57
NsHb,9,5,14,0.64
NsHh,5,3,8,0.62
NsHl,4,4,8,0.5
NsHm,13,7,20,0.65
NsHn,22,16,38,0.58
NsHs,8,8,16,0.5
NsIB,0,2,2,0.0
NsIH,2,0,2,1.0
NsIM,1,0,1,1.0
NsIN,3,1,4,0.75
NsIP,1,1,2,0.5
NsIS,1,0,1,1.0
NsIb,2,0,2,1.0
NsIm,3,1,4,0.75
NsIn,0,1,1,0.0
NsIs,0,0,0,
NsKB,0,2,2,0.0
NsKD,0,1,1,0.0
NsKN,0,0,0,
NsKP,1,0,1,1.0
NsKS,1,0,1,1.0
NsKl,0,1,1,0.0
NsKn,1,1,2,0.5
NsKs,1,0,1,1.0
NsLB,1,1,2,0.5
NsLK,0,1,1,0.0
NsLL,1,0,1,1.0
NsLM,1,5,6,0.17
NsLN,2,2,4,0.5
NsLP,8,3,11,0.73
NsLS,0,2,2,0.0
NsLb,3,4,7,0.43
NsLh,2,0,2,1.0
NsLj,1,3,4,0.25
NsLl,2,3,5,0.4
NsLm,4,1,5,0.8
NsLn,4,2,6,0.67
NsLs,2,2,4,0.5
NsLt,0,2,2,0.0
NsMB,7,2,9,0.78
NsMD,0,0,0,
NsML,1,2,3,0.33
NsMM,4,10,14,0.29
NsMN,5,5,10,0.5
NsMP,9,8,17,0.53
NsMS,6,6,12,0.5
NsMb,7,6,13,0.54
NsMh,8,11,19,0.42
NsMj,1,0,1,1.0
NsMl,5,3,8,0.62
NsMm,5,6,11,0.45
NsMn,18,18,36,0.5
NsMs,6,3,9,0.67
NsMt,1,3,4,0.25
NsNB,5,8,13,0.38
NsND,0,1,1,0.0
NsNH,3,1,4,0.75
NsNL,5,5,10,0.5
NsNM,12,7,19,0.63
NsNN,6,8,14,0.43
NsNP,21,22,43,0.49
NsNS,6,8,14,0.43
NsNb,10,4,14,0.71
NsNh,5,6,11,0.45
NsNl,4,1,5,0.8
NsNm,7,6,13,0.54
NsNn,15,20,35,0.43
NsNs,8,6,14,0.57
NsNt,2,0,2,1.0
NsPB,8,9,17,0.47
NsPD,1,1,2,0.5
NsPH,2,7,9,0.22
NsPI,0,2,2,0.0
NsPK,2,2,4,0.5
NsPL,9,5,14,0.64
NsPM,18,11,29,0.62
NsPN,10,8,18,0.56
NsPP,31,26,57,0.54
NsPS,10,9,19,0.53
NsPb,17,16,33,0.52
NsPh,1,1,2,0.5
NsPl,10,7,17,0.59
NsPm,14,7,21,0.67
NsPn,10,13,23,0.43
NsPs,7,11,18,0.39
NsPt,4,1,5,0.8
NsSB,2,3,5,0.4
NsSD,0,1,1,0.0
NsSH,2,1,3,0.67
NsSK,0,1,1,0.0
NsSL,1,1,2,0.5
NsSM,5,8,13,0.38
NsSN,11,8,19,0.58
NsSP,10,11,21,0.48
NsSS,9,6,15,0.6
NsSb,6,5,11,0.55
NsSh,7,2,9,0.78
NsSl,5,3,8,0.62
NsSm,4,6,10,0.4
NsSn,17,14,31,0.55
NsSs,8,6,14,0.57
NsSt,2,0,2,1.0
NsbB,4,11,15,0.27
NsbD,3,0,3,1.0
NsbH,5,2,7,0.71
NsbI,1,0,1,1.0
NsbJ,5,2,7,0.71
NsbK,1,1,2,0.5
NsbL,4,2,6,0.67
NsbM,15,5,20,0.75
NsbN,13,15,28,0.46
NsbP,12,10,22,0.55
NsbS,6,5,11,0.55
Nsbb,5,10,15,0.33
Nsbl,6,4,10,0.6
Nsbm,4,4,8,0.5
Nsbn,9,9,18,0.5
Nsbs,3,2,5,0.6
NshB,0,1,1,0.0
NshM,2,2,4,0.5
NshN,0,1,1,0.0
NshP,3,0,3,1.0
NshS,2,0,2,1.0
Nshh,1,0,1,1.0
Nshm,1,0,1,1.0
Nshn,0,3,3,0.0
NslB,3,5,8,0.38
NslH,1,3,4,0.25
NslI,1,1,2,0.5
NslJ,2,0,2,1.0
NslM,2,2,4,0.5
NslN,4,5,9,0.44
NslP,5,8,13,0.38
NslS,3,2,5,0.6
Nslb,3,3,6,0.5
Nsll,4,2,6,0.67
Nslm,4,3,7,0.57
Nsln,11,2,13,0.85
Nsls,3,2,5,0.6
NsmB,5,4,9,0.56
NsmD,2,1,3,0.67
NsmH,5,4,9,0.56
NsmJ,0,1,1,0.0
NsmL,3,1,4,0.75
NsmM,4,5,9,0.44
NsmN,6,8,14,0.43
NsmP,12,18,30,0.4
NsmS,7,3,10,0.7
Nsmb,3,5,8,0.38
Nsml,3,3,6,0.5
Nsmm,8,3,11,0.73
Nsmn,9,8,17,0.53
Nsms,4,1,5,0.8
NsnB,5,3,8,0.62
NsnH,5,4,9,0.56
NsnI,1,1,2,0.5
NsnK,1,0,1,1.0
NsnL,3,4,7,0.43
NsnM,10,11,21,0.48
NsnN,10,13,23,0.43
NsnP,10,17,27,0.37
NsnS,11,13,24,0.46
Nsnb,12,15,27,0.44
Nsnl,8,4,12,0.67
Nsnm,7,8,15,0.47
Nsnn,19,10,29,0.66
Nsns,4,4,8,0.5
NssB,3,1,4,0.75
NssD,1,0,1,1.0
NssH,8,7,15,0.53
NssK,0,1,1,0.0
NssL,2,2,4,0.5
NssM,4,4,8,0.5
NssN,3,6,9,0.33
NssP,10,14,24,0.42
NssS,8,9,17,0.47
Nssb,5,7,12,0.42
Nssl,4,2,6,0.67
Nssm,7,5,12,0.58
Nssn,2,5,7,0.29
Nsss,4,7,11,0.36
Nsst,0,1,1,0.0
NstN,1,0,1,1.0
NtBB,3,1,4,0.75
NtBD,1,0,1,1.0
NtBL,0,1,1,0.0
NtBM,0,5,5,0.0
NtBN,2,1,3,0.67
NtBP,0,3,3,0.0
NtBb,3,1,4,0.75
NtBm,2,1,3,0.67
NtBn,0,3,3,0.0
NtDH,0,1,1,0.0
NtDP,0,0,0,
NtDb,2,0,2,1.0
NtDm,1,0,1,1.0
NtHB,0,1,1,0.0
NtHL,1,0,1,1.0
NtHM,2,0,2,1.0
NtHN,0,1,1,0.0
NtHP,0,2,2,0.0
NtHS,1,2,3,0.33
NtHb,1,0,1,1.0
NtHh,1,2,3,0.33
NtHm,1,0,1,1.0
NtHn,2,1,3,0.67
NtHs,3,0,3,1.0
NtHt,0,1,1,0.0
NtKP,0,1,1,0.0
NtKS,1,2,3,0.33
NtKb,0,0,0,
NtKh,1,0,1,1.0
NtKl,1,0,1,1.0
NtLD,1,0,1,1.0
NtLM,2,1,3,0.67
NtLN,3,0,3,1.0
NtLP,1,0,1,1.0
NtLS,1,0,1,1.0
NtLb,3,1,4,0.75
NtLh,1,0,1,1.0
NtLj,1,0,1,1.0
NtLl,1,1,2,0.5
NtLn,2,0,2,1.0
NtLs,0,1,1,0.0
NtMB,2,3,5,0.4
NtMD,0,1,1,0.0
NtML,1,0,1,1.0
NtMM,3,2,5,0.6
NtMN,1,6,7,0.14
NtMP,8,3,11,0.73
NtMS,0,5,5,0.0
NtMb,4,6,10,0.4
NtMh,0,4,4,0.0
NtMl,2,0,2,1.0
NtMm,3,0,3,1.0
NtMn,1,11,12,0.08
NtMs,1,1,2,0.5
NtMt,0,1,1,0.0
NtNB,2,0,2,1.0
NtND,1,0,1,1.0
NtNL,2,0,2,1.0
NtNM,6,4,10,0.6
NtNN,4,5,9,0.44
NtNP,5,8,13,0.38
NtNS,2,3,5,0.4
NtNb,1,2,3,0.33
NtNh,0,2,2,0.0
NtNl,2,3,5,0.4
NtNm,3,0,3,1.0
NtNn,6,3,9,0.67
NtNs,3,4,7,0.43
NtNt,0,0,0,
NtPB,1,4,5,0.2
NtPH,3,0,3,1.0
NtPI,1,1,2,0.5
NtPK,0,1,1,0.0
NtPL,3,2,5,0.6
NtPM,2,9,11,0.18
NtPN,3,3,6,0.5
NtPP,4,10,14,0.29
NtPS,0,3,3,0.0
NtPb,3,6,9,0.33
NtPh,1,0,1,1.0
NtPl,4,1,5,0.8
NtPm,5,1,6,0.83
NtPn,7,5,12,0.58
NtPs,0,4,4,0.0
NtPt,0,1,1,0.0
NtSB,2,1,3,0.67
NtSH,1,1,2,0.5
NtSK,0,1,1,0.0
NtSL,3,0,3,1.0
NtSM,0,2,2,0.0
NtSN,1,2,3,0.33
NtSP,5,4,9,0.56
NtSS,3,1,4,0.75
NtSb,4,1,5,0.8
NtSh,0,2,2,0.0
NtSl,1,1,2,0.5
NtSm,2,1,3,0.67
NtSn,5,2,7,0.71
NtSs,1,4,5,0.2
NtSt,0,1,1,0.0
NtbB,1,2,3,0.33
NtbH,0,1,1,0.0
NtbJ,1,3,4,0.25
NtbL,2,1,3,0.67
NtbM,2,1,3,0.67
NtbN,5,4,9,0.56
NtbP,3,1,4,0.75
NtbS,1,2,3,0.33
Ntbb,3,2,5,0.6
Ntbl,1,0,1,1.0
Ntbm,4,0,4,1.0
Ntbn,5,6,11,0.45
Ntbs,0,2,2,0.0
NthB,1,0,1,1.0
Nthn,2,0,2,1.0
Nths,0,0,0,
NtlB,1,2,3,0.33
NtlH,0,3,3,0.0
NtlJ,1,1,2,0.5
NtlN,1,2,3,0.33
NtlP,0,1,1,0.0
NtlS,2,1,3,0.67
Ntlb,1,0,1,1.0
Ntll,0,1,1,0.0
Ntlm,1,0,1,1.0
Ntln,0,0,0,
Ntls,1,0,1,1.0
NtmB,1,1,2,0.5
NtmD,0,2,2,0.0
NtmH,1,0,1,1.0
NtmI,0,1,1,0.0
NtmJ,0,2,2,0.0
NtmL,2,0,2,1.0
NtmM,1,3,4,0.25
NtmN,2,3,5,0.4
NtmP,3,1,4,0.75
NtmS,1,0,1,1.0
Ntmb,1,2,3,0.33
Ntml,0,1,1,0.0
Ntmm,1,2,3,0.33
Ntmn,1,1,2,0.5
NtnB,2,1,3,0.67
NtnH,0,3,3,0.0
NtnK,1,0,1,1.0
NtnL,0,0,0,
NtnM,5,2,7,0.71
NtnN,6,4,10,0.6
NtnP,2,5,7,0.29
NtnS,2,1,3,0.67
Ntnb,6,2,8,0.75
Ntnl,2,0,2,1.0
Ntnm,1,1,2,0.5
Ntnn,3,3,6,0.5
Ntns,1,1,2,0.5
NtsB,1,2,3,0.33
NtsD,0,1,1,0.0
NtsH,0,2,2,0.0
NtsM,3,3,6,0.5
NtsN,0,2,2,0.0
NtsP,1,3,4,0.25
NtsS,3,2,5,0.6
Ntsb,1,2,3,0.33
Ntsl,1,0,1,1.0
Ntsm,3,1,4,0.75
Ntsn,1,1,2,0.5
Ntss,1,2,3,0.33
NttH,0,1,1,0.0
NttL,0,1,1,0.0
NttM,1,0,1,1.0
NttN,0,2,2,0.0
NttP,0,3,3,0.0
Nttb,0,1,1,0.0
Nttn,0,1,1,0.0
Ntts,0,1,1,0.0
PBBB,6,9,15,0.4
PBBL,3,7,10,0.3
PBBM,11,7,18,0.61
PBBN,9,11,20,0.45
PBBP,19,25,44,0.43
PBBS,3,7,10,0.3
PBBb,9,11,20,0.45
PBBh,1,1,2,0.5
PBBj,1,8,9,0.11
PBBl,6,11,17,0.35
PBBm,8,5,13,0.62
PBBn,19,6,25,0.76
PBBs,2,6,8,0.25
PBBt,1,1,2,0.5
PBDB,1,0,1,1.0
PBDH,1,1,2,0.5
PBDN,1,1,2,0.5
PBDP,0,0,0,
PBDS,2,0,2,1.0
PBDb,1,1,2,0.5
PBDl,0,2,2,0.0
PBDm,3,0,3,1.0
PBDn,0,1,1,0.0
PBDs,1,0,1,1.0
PBHm,1,0,1,1.0
PBKH,0,1,1,0.0
PBKM,0,0,0,
PBKP,1,0,1,1.0
PBKb,1,1,2,0.5
PBKm,3,1,4,0.75
PBKn,1,2,3,0.33
PBKs,1,0,1,1.0
PBLB,3,5,8,0.38
PBLL,5,2,7,0.71
PBLM,3,7,10,0.3
PBLN,5,7,12,0.42
PBLP,6,6,12,0.5
PBLS,2,5,7,0.29
PBLb,5,2,7,0.71
PBLh,2,5,7,0.29
PBLj,0,2,2,0.0
PBLl,6,8,14,0.43
PBLm,7,3,10,0.7
PBLn,3,3,6,0.5
PBLs,2,5,7,0.29
PBLt,1,0,1,1.0
PBMB,9,13,22,0.41
PBML,6,8,14,0.43
PBMM,14,11,25,0.56
PBMN,11,16,27,0.41
PBMP,18,13,31,0.58
PBMS,8,6,14,0.57
PBMb,11,11,22,0.5
PBMh,9,13,22,0.41
PBMj,1,1,2,0.5
PBMl,6,3,9,0.67
PBMm,9,11,20,0.45
PBMn,16,21,37,0.43
PBMs,8,4,12,0.67
PBMt,2,2,4,0.5
PBNB,14,9,23,0.61
PBND,1,0,1,1.0
PBNH,1,2,3,0.33
PBNK,0,0,0,
PBNL,5,6,11,0.45
PBNM,14,17,31,0.45
PBNN,9,13,22,0.41
PBNP,20,17,37,0.54
PBNS,11,8,19,0.58
PBNb,13,23,36,0.36
PBNh,10,3,13,0.77
PBNl,10,10,20,0.5
PBNm,9,5,14,0.64
PBNn,15,14,29,0.52
PBNs,7,8,15,0.47
PBNt,4,1,5,0.8
PBPB,13,17,30,0.43
PBPD,1,0,1,1.0
PBPH,4,6,10,0.4
PBPI,1,1,2,0.5
PBPL,7,8,15,0.47
PBPM,20,20,40,0.5
PBPN,15,19,34,0.44
PBPP,24,29,53,0.45
PBPS,9,10,19,0.47
PBPb,18,22,40,0.45
PBPh,1,2,3,0.33
PBPl,9,4,13,0.69
PBPm,15,9,24,0.62
PBPn,16,11,27,0.59
PBPs,8,12,20,0.4
PBPt,1,1,2,0.5
PBSB,2,0,2,1.0
PBSD,0,0,0,
PBSH,0,3,3,0.0
PBSL,2,5,7,0.29
PBSM,8,9,17,0.47
PBSN,9,7,16,0.56
PBSP,10,14,24,0.42
PBSS,3,6,9,0.33
PBSb,9,9,18,0.5
PBSh,4,6,10,0.4
PBSl,4,6,10,0.4
PBSm,10,5,15,0.67
PBSn,6,11,17,0.35
PBSs,5,8,13,0.38
PBSt,2,0,2,1.0
PBbB,17,7,24,0.71
PBbH,3,4,7,0.43
PBbI,2,0,2,1.0
PBbJ,3,5,8,0.38
PBbK,1,2,3,0.33
PBbL,7,9,16,0.44
PBbM,13,21,34,0.38
PBbN,12,18,30,0.4
PBbP,17,20,37,0.46
PBbS,6,9,15,0.4
PBbb,16,10,26,0.62
PBbl,13,7,20,0.65
PBbm,17,8,25,0.68
PBbn,17,11,28,0.61
PBbs,4,7,11,0.36
PBhB,1,1,2,0.5
PBhL,0,2,2,0.0
PBhM,2,1,3,0.67
PBhN,2,1,3,0.67
PBhP,3,5,8,0.38
PBhS,0,0,0,
PBhb,1,1,2,0.5
PBhh,1,4,5,0.2
PBhl,2,4,6,0.33
PBhm,2,2,4,0.5
PBhn,1,2,3,0.33
PBhs,0,0,0,
PBjB,3,8,11,0.27
PBjH,2,0,2,1.0
PBjI,2,1,3,0.67
PBjK,0,1,1,0.0
PBjL,3,4,7,0.43
PBjM,3,5,8,0.38
PBjN,2,2,4,0.5
PBjP,6,6,12,0.5
PBjS,5,4,9,0.56
PBjb,7,12,19,0.37
PBjh,0,1,1,0.0
PBjl,4,2,6,0.67
PBjm,6,3,9,0.67
PBjn,9,6,15,0.6
PBjs,3,2,5,0.6
PBjt,1,1,2,0.5
PBlB,5,6,11,0.45
PBlD,0,1,1,0.0
PBlH,1,3,4,0.25
PBlI,1,0,1,1.0
PBlJ,2,1,3,0.67
PBlK,1,0,1,1.0
PBlL,1,4,5,0.2
PBlM,9,12,21,0.43
PBlN,7,6,13,0.54
PBlP,4,11,15,0.27
PBlS,6,9,15,0.4
PBlb,10,5,15,0.67
PBll,4,5,9,0.44
PBlm,4,4,8,0.5
PBln,9,5,14,0.64
PBls,4,3,7,0.57
PBmB,9,11,20,0.45
PBmD,2,0,2,1.0
PBmH,8,3,11,0.73
PBmI,1,1,2,0.5
PBmJ,4,1,5,0.8
PBmL,4,7,11,0.36
PBmM,14,14,28,0.5
PBmN,15,7,22,0.68
PBmP,12,16,28,0.43
PBmS,2,9,11,0.18
PBmb,12,14,26,0.46
PBml,4,4,8,0.5
PBmm,6,3,9,0.67
PBmn,13,5,18,0.72
PBms,5,2,7,0.71
PBnB,18,8,26,0.69
PBnD,1,3,4,0.25
PBnH,9,6,15,0.6
PBnI,1,4,5,0.2
PBnK,1,1,2,0.5
PBnL,3,4,7,0.43
PBnM,17,12,29,0.59
PBnN,20,22,42,0.48
PBnP,24,29,53,0.45
PBnS,4,15,19,0.21
PBnb,14,21,35,0.4
PBnh,2,0,2,1.0
PBnl,4,6,10,0.4
PBnm,14,10,24,0.58
PBnn,16,22,38,0.42
PBns,14,7,21,0.67
PBsB,2,3,5,0.4
PBsD,0,0,0,
PBsH,4,5,9,0.44
PBsI,1,1,2,0.5
PBsL,4,1,5,0.8
PBsM,3,5,8,0.38
PBsN,6,2,8,0.75
PBsP,5,11,16,0.31
PBsS,7,10,17,0.41
PBsb,7,11,18,0.39
PBsh,0,3,3,0.0
PBsl,3,7,10,0.3
PBsm,2,5,7,0.29
PBsn,2,2,4,0.5
PBss,6,2,8,0.75
PBtB,0,2,2,0.0
PBtH,2,3,5,0.4
PBtL,0,0,0,
PBtM,4,2,6,0.67
PBtN,9,2,11,0.82
PBtP,3,1,4,0.75
PBtS,2,0,2,1.0
PBtb,6,2,8,0.75
PBtm,1,2,3,0.33
PBtn,3,1,4,0.75
PBts,2,1,3,0.67
PDBM,0,1,1,0.0
PDBP,1,0,1,1.0
PDBb,2,1,3,0.67
PDBl,1,0,1,1.0
PDBm,2,1,3,0.67
PDBn,2,0,2,1.0
PDBs,0,1,1,0.0
PDDL,0,2,2,0.0
PDDN,0,1,1,0.0
PDDn,1,1,2,0.5
PDHB,0,1,1,0.0
PDHL,1,0,1,1.0
PDHM,1,1,2,0.5
PDHP,2,1,3,0.67
PDHS,1,1,2,0.5
PDHb,2,1,3,0.67
PDHm,1,0,1,1.0
PDHn,0,1,1,0.0
PDHs,2,0,2,1.0
PDLD,1,0,1,1.0
PDLL,0,2,2,0.0
PDLM,0,2,2,0.0
PDLP,1,1,2,0.5
PDLS,1,0,1,1.0
PDLb,1,0,1,1.0
PDLh,1,0,1,1.0
PDLm,1,0,1,1.0
PDLn,1,0,1,1.0
PDLs,0,0,0,
PDMB,1,0,1,1.0
PDML,0,1,1,0.0
PDMM,3,1,4,0.75
PDMN,1,0,1,1.0
PDMP,2,1,3,0.67
PDMS,1,0,1,1.0
PDMb,1,1,2,0.5
PDMh,1,1,2,0.5
PDMj,0,1,1,0.0
PDMm,0,1,1,0.0
PDMn,1,3,4,0.25
PDMs,0,1,1,0.0
PDMt,0,1,1,0.0
PDNB,0,2,2,0.0
PDNK,1,0,1,1.0
PDNL,0,0,0,
PDNM,0,1,1,0.0
PDNP,3,1,4,0.75
PDNb,0,1,1,0.0
PDNh,0,1,1,0.0
PDNl,1,0,1,1.0
PDNn,3,0,3,1.0
PDNs,0,1,1,0.0
PDNt,0,1,1,0.0
PDPB,0,1,1,0.0
PDPI,0,1,1,0.0
PDPK,0,0,0,
PDPL,0,1,1,0.0
PDPM,1,2,3,0.33
PDPN,2,0,2,1.0
PDPP,3,3,6,0.5
PDPb,3,2,5,0.6
PDPh,0,0,0,
PDPl,1,1,2,0.5
PDPm,2,1,3,0.67
PDPn,1,2,3,0.33
PDPs,3,1,4,0.75
PDSH,0,1,1,0.0
PDSL,1,1,2,0.5
PDSM,1,1,2,0.5
PDSN,0,1,1,0.0
PDSP,2,2,4,0.5
PDSS,0,0,0,
PDSl,0,1,1,0.0
PDSm,0,2,2,0.0
PDSn,3,2,5,0.6
PDSs,1,0,1,1.0
PDbB,1,0,1,1.0
PDbH,0,1,1,0.0
PDbJ,2,0,2,1.0
PDbL,1,0,1,1.0
PDbM,1,1,2,0.5
PDbN,2,0,2,1.0
PDbP,1,0,1,1.0
PDbS,1,1,2,0.5
PDbl,1,1,2,0.5
PDbm,2,0,2,1.0
PDbn,1,3,4,0.25
PDbs,0,0,0,
PDlB,1,0,1,1.0
PDlL,0,1,1,0.0
PDlM,1,0,1,1.0
PDlN,0,0,0,
PDlP,1,1,2,0.5
PDlb,2,0,2,1.0
PDll,1,1,2,0.5
PDln,0,1,1,0.0
PDmB,2,0,2,1.0
PDmH,0,1,1,0.0
PDmJ,1,1,2,0.5
PDmL,0,0,0,
PDmM,0,1,1,0.0
PDmN,1,1,2,0.5
PDmP,2,3,5,0.4
PDmS,0,1,1,0.0
PDmb,2,1,3,0.67
PDmm,0,1,1,0.0
PDmn,1,0,1,1.0
PDms,1,0,1,1.0
PDnB,0,1,1,0.0
PDnH,0,1,1,0.0
PDnL,1,0,1,1.0
PDnM,1,0,1,1.0
PDnN,0,1,1,0.0
PDnP,1,0,1,1.0
PDnS,2,1,3,0.67
PDnb,0,0,0,
PDnl,0,1,1,0.0
PDnn,1,2,3,0.33
PDns,0,1,1,0.0
PDsB,0,1,1,0.0
PDsH,0,0,0,
PDsL,1,0,1,1.0
PDsM,1,2,3,0.33
PDsN,0,1,1,0.0
PDsS,2,1,3,0.67
PDsb,1,0,1,1.0
PDsl,0,1,1,0.0
PDsm,0,1,1,0.0
PDss,0,2,2,0.0
PDtB,0,1,1,0.0
PDtb,0,0,0,
PHBB,2,4,6,0.33
PHBK,0,1,1,0.0
PHBL,1,1,2,0.5
PHBM,1,5,6,0.17
PHBN,5,2,7,0.71
PHBP,6,4,10,0.6
PHBS,1,0,1,1.0
PHBb,1,1,2,0.5
PHBj,1,1,2,0.5
PHBl,3,5,8,0.38
PHBm,4,1,5,0.8
PHBn,2,6,8,0.25
PHBs,0,3,3,0.0
PHBt,0,1,1,0.0
PHDH,0,1,1,0.0
PHDN,1,0,1,1.0
PHDS,1,1,2,0.5
PHDb,2,0,2,1.0
PHDl,0,1,1,0.0
PHDm,0,0,0,
PHHB,0,0,0,
PHHK,0,1,1,0.0
PHHL,1,1,2,0.5
PHHM,1,0,1,1.0
PHHN,3,0,3,1.0
PHHP,1,5,6,0.17
PHHS,2,2,4,0.5
PHHb,1,1,2,0.5
PHHn,1,0,1,1.0
PHHs,1,0,1,1.0
PHIB,1,1,2,0.5
PHID,1,0,1,1.0
PHIP,1,1,2,0.5
PHIS,1,0,1,1.0
PHIb,1,1,2,0.5
PHIn,0,0,0,
PHKB,0,1,1,0.0
PHKD,0,0,0,
PHKL,0,2,2,0.0
PHKM,0,1,1,0.0
PHKP,0,2,2,0.0
PHKS,0,1,1,0.0
PHKb,1,0,1,1.0
PHKh,0,2,2,0.0
PHKm,1,0,1,1.0
PHKt,0,0,0,
PHLB,2,4,6,0.33
PHLL,1,1,2,0.5
PHLM,1,1,2,0.5
PHLN,2,2,4,0.5
PHLP,3,3,6,0.5
PHLS,0,1,1,0.0
PHLb,0,2,2,0.0
PHLh,2,2,4,0.5
PHLj,3,1,4,0.75
PHLl,0,1,1,0.0
PHLm,0,1,1,0.0
PHLn,2,4,6,0.33
PHLs,0,2,2,0.0
PHLt,0,2,2,0.0
PHMB,5,4,9,0.56
PHMH,0,1,1,0.0
PHML,1,2,3,0.33
PHMM,2,11,13,0.15
PHMN,5,6,11,0.45
PHMP,5,5,10,0.5
PHMS,8,2,10,0.8
PHMb,7,8,15,0.47
PHMh,11,4,15,0.73
PHMj,2,0,2,1.0
PHMl,7,3,10,0.7
PHMm,4,5,9,0.44
PHMn,8,8,16,0.5
PHMs,1,3,4,0.25
PHMt,0,0,0,
PHNB,4,3,7,0.57
PHND,0,1,1,0.0
PHNH,1,0,1,1.0
PHNK,0,0,0,
PHNL,3,1,4,0.75
PHNM,8,8,16,0.5
PHNN,10,3,13,0.77
PHNP,6,11,17,0.35
PHNS,2,3,5,0.4
PHNb,4,7,11,0.36
PHNh,0,9,9,0.0
PHNl,3,4,7,0.43
PHNm,6,7,13,0.46
PHNn,3,6,9,0.33
PHNs,4,1,5,0.8
PHNt,1,0,1,1.0
PHPB,5,9,14,0.36
PHPH,1,3,4,0.25
PHPI,1,1,2,0.5
PHPK,2,2,4,0.5
PHPL,2,4,6,0.33
PHPM,7,6,13,0.54
PHPN,9,11,20,0.45
PHPP,12,15,27,0.44
PHPS,3,4,7,0.43
PHPb,10,4,14,0.71
PHPh,3,2,5,0.6
PHPl,9,4,13,0.69
PHPm,5,3,8,0.62
PHPn,19,7,26,0.73
PHPs,7,6,13,0.54
PHPt,1,0,1,1.0
PHSB,2,0,2,1.0
PHSD,0,1,1,0.0
PHSH,1,2,3,0.33
PHSK,1,0,1,1.0
PHSL,2,3,5,0.4
PHSM,5,1,6,0.83
PHSN,5,6,11,0.45
PHSP,6,7,13,0.46
PHSS,1,5,6,0.17
PHSb,7,4,11,0.64
PHSh,7,6,13,0.54
PHSl,4,4,8,0.5
PHSm,2,3,5,0.4
PHSn,7,3,10,0.7
PHSs,6,2,8,0.75
PHSt,2,1,3,0.67
PHbB,6,7,13,0.46
PHbD,0,1,1,0.0
PHbH,2,2,4,0.5
PHbI,1,1,2,0.5
PHbJ,3,1,4,0.75
PHbK,1,0,1,1.0
PHbL,3,3,6,0.5
PHbM,6,5,11,0.55
PHbN,9,9,18,0.5
PHbP,15,4,19,0.79
PHbS,5,2,7,0.71
PHbb,4,3,7,0.57
PHbl,6,2,8,0.75
PHbm,6,1,7,0.86
PHbn,5,2,7,0.71
PHbs,2,2,4,0.5
PHhB,2,2,4,0.5
PHhL,0,2,2,0.0
PHhM,0,0,0,
PHhN,1,3,4,0.25
PHhP,2,3,5,0.4
PHhS,0,3,3,0.0
PHhb,3,3,6,0.5
PHhh,1,2,3,0.33
PHhl,5,1,6,0.83
PHhm,1,1,2,0.5
PHhn,2,3,5,0.4
PHhs,1,1,2,0.5
PHht,1,0,1,1.0
PHlB,0,2,2,0.0
PHlD,1,0,1,1.0
PHlH,2,2,4,0.5
PHlI,0,0,0,
PHlJ,0,1,1,0.0
PHlK,1,0,1,1.0
PHlL,1,2,3,0.33
PHlM,7,4,11,0.64
PHlN,3,4,7,0.43
PHlP,4,14,18,0.22
PHlS,2,2,4,0.5
PHlb,3,5,8,0.38
PHll,3,3,6,0.5
PHlm,3,1,4,0.75
PHln,2,2,4,0.5
PHls,2,3,5,0.4
PHmB,2,4,6,0.33
PHmD,0,1,1,0.0
PHmH,0,4,4,0.0
PHmL,3,3,6,0.5
PHmM,2,3,5,0.4
PHmN,5,3,8,0.62
PHmP,3,4,7,0.43
PHmS,2,3,5,0.4
PHmb,6,5,11,0.55
PHmm,2,3,5,0.4
PHmn,8,7,15,0.53
PHms,0,1,1,0.0
PHnB,1,5,6,0.17
PHnH,1,4,5,0.2
PHnI,0,1,1,0.0
PHnK,0,0,0,
PHnL,2,1,3,0.67
PHnM,7,3,10,0.7
PHnN,8,8,16,0.5
PHnP,15,13,28,0.54
PHnS,5,5,10,0.5
PHnb,9,8,17,0.53
PHnh,0,2,2,0.0
PHnl,4,4,8,0.5
PHnm,3,3,6,0.5
PHnn,5,9,14,0.36
PHns,5,7,12,0.42
PHsB,3,1,4,0.75
PHsD,1,0,1,1.0
PHsH,4,3,7,0.57
PHsI,1,0,1,1.0
PHsK,1,0,1,1.0
PHsL,1,1,2,0.5
PHsM,3,3,6,0.5
PHsN,3,4,7,0.43
PHsP,9,11,20,0.45
PHsS,9,3,12,0.75
PHsb,5,4,9,0.56
PHsh,1,1,2,0.5
PHsl,2,6,8,0.25
PHsm,6,4,10,0.6
PHsn,6,3,9,0.67
PHss,2,4,6,0.33
PHtB,0,1,1,0.0
PHtL,0,1,1,0.0
PHtM,1,1,2,0.5
PHtN,1,0,1,1.0
PHtm,0,1,1,0.0
PIBB,0,1,1,0.0
PIBK,1,0,1,1.0
PIBM,1,1,2,0.5
PIBN,2,1,3,0.67
PIBP,1,2,3,0.33
PIBl,1,1,2,0.5
PIBm,1,1,2,0.5
PIBn,1,0,1,1.0
PIDb,0,0,0,
PIDl,1,1,2,0.5
PIHB,0,0,0,
PIHM,0,1,1,0.0
PIHN,0,1,1,0.0
PIHP,2,2,4,0.5
PIHS,0,2,2,0.0
PIHb,0,1,1,0.0
PIHh,1,0,1,1.0
PIHl,1,0,1,1.0
PIHm,1,1,2,0.5
PIHn,1,1,2,0.5
PIHs,0,1,1,0.0
PIHt,1,0,1,1.0
PIIB,0,0,0,
PIIn,0,1,1,0.0
PIKL,1,0,1,1.0
PIKn,1,0,1,1.0
PILB,1,0,1,1.0
PILD,0,1,1,0.0
PILK,1,1,2,0.5
PILL,1,0,1,1.0
PILM,1,2,3,0.33
PILN,1,0,1,1.0
PILP,0,1,1,0.0
PILS,0,0,0,
PILb,1,0,1,1.0
PILj,0,1,1,0.0
PILm,1,1,2,0.5
PILs,1,0,1,1.0
PIMB,1,0,1,1.0
PIML,0,2,2,0.0
PIMM,1,1,2,0.5
PIMN,0,1,1,0.0
PIMP,3,0,3,1.0
PIMS,1,0,1,1.0
PIMb,0,1,1,0.0
PIMh,2,2,4,0.5
PIMl,0,2,2,0.0
PIMm,1,0,1,1.0
PIMn,3,2,5,0.6
PIMs,1,2,3,0.33
PIMt,1,0,1,1.0
PINB,0,1,1,0.0
PINL,0,1,1,0.0
PINM,0,1,1,0.0
PINN,1,1,2,0.5
PINP,1,2,3,0.33
PINS,1,2,3,0.33
PINb,0,2,2,0.0
PINl,2,2,4,0.5
PINn,0,3,3,0.0
PINs,1,1,2,0.5
PIPB,2,1,3,0.67
PIPH,2,2,4,0.5
PIPI,0,1,1,0.0
PIPK,0,0,0,
PIPL,0,1,1,0.0
PIPM,3,3,6,0.5
PIPN,0,1,1,0.0
PIPP,4,4,8,0.5
PIPS,0,1,1,0.0
PIPb,0,1,1,0.0
PIPh,2,1,3,0.67
PIPl,1,2,3,0.33
PIPm,1,0,1,1.0
PIPn,2,1,3,0.67
PIPs,3,1,4,0.75
PIPt,0,0,0,
PISB,0,0,0,
PISH,0,1,1,0.0
PISL,2,0,2,1.0
PISM,0,1,1,0.0
PISN,0,1,1,0.0
PISS,0,2,2,0.0
PISb,1,3,4,0.25
PISh,2,1,3,0.67
PISl,0,1,1,0.0
PISm,0,0,0,
PISn,1,1,2,0.5
PISt,0,1,1,0.0
PIbB,3,1,4,0.75
PIbH,1,1,2,0.5
PIbJ,1,1,2,0.5
PIbK,0,1,1,0.0
PIbL,1,1,2,0.5
PIbM,0,1,1,0.0
PIbN,0,1,1,0.0
PIbP,3,2,5,0.6
PIbS,1,0,1,1.0
PIbl,0,1,1,0.0
PIbm,1,0,1,1.0
PIbn,3,0,3,1.0
PIbs,1,0,1,1.0
PIlH,1,0,1,1.0
PIlL,1,0,1,1.0
PIlM,1,1,2,0.5
PIlN,0,1,1,0.0
PIlP,2,0,2,1.0
PIlS,0,0,0,
PIlb,0,0,0,
PIlm,0,2,2,0.0
PImB,1,1,2,0.5
PImH,1,0,1,1.0
PImI,1,0,1,1.0
PImL,0,1,1,0.0
PImM,1,3,4,0.25
PImN,2,0,2,1.0
PImP,1,1,2,0.5
PImS,1,0,1,1.0
PImb,3,0,3,1.0
PImn,1,2,3,0.33
PInB,0,1,1,0.0
PInH,0,1,1,0.0
PInL,0,1,1,0.0
PInM,2,1,3,0.67
PInN,2,0,2,1.0
PInP,2,0,2,1.0
PInS,1,1,2,0.5
PInl,1,0,1,1.0
PInm,1,0,1,1.0
PInn,0,1,1,0.0
PIsB,1,0,1,1.0
PIsH,1,0,1,1.0
PIsP,0,1,1,0.0
PIsS,1,0,1,1.0
PIsm,1,0,1,1.0
PIsn,1,0,1,1.0
PIss,1,0,1,1.0
PItn,0,0,0,
PKBB,1,0,1,1.0
PKBL,1,1,2,0.5
PKBM,0,1,1,0.0
PKBN,0,0,0,
PKBP,0,1,1,0.0
PKBS,0,3,3,0.0
PKBb,3,1,4,0.75
PKBj,0,1,1,0.0
PKBl,1,1,2,0.5
PKBn,1,0,1,1.0
PKBt,1,0,1,1.0
PKHI,1,0,1,1.0
PKHN,0,1,1,0.0
PKHP,1,1,2,0.5
PKHn,0,1,1,0.0
PKIP,1,0,1,1.0
PKIb,0,1,1,0.0
PKIm,1,0,1,1.0
PKKh,0,1,1,0.0
PKLB,2,0,2,1.0
PKLL,0,1,1,0.0
PKLM,2,2,4,0.5
PKLN,1,0,1,1.0
PKLP,4,2,6,0.67
PKLS,1,0,1,1.0
PKLb,1,0,1,1.0
PKLl,3,1,4,0.75
PKLn,0,0,0,
PKLs,0,1,1,0.0
PKMB,1,1,2,0.5
PKMD,0,1,1,0.0
PKML,1,0,1,1.0
PKMM,3,1,4,0.75
PKMN,0,2,2,0.0
PKMP,3,1,4,0.75
PKMS,0,1,1,0.0
PKMb,2,3,5,0.4
PKMh,0,3,3,0.0
PKMj,0,1,1,0.0
PKMl,1,2,3,0.33
PKMm,2,0,2,1.0
PKMn,1,2,3,0.33
PKMs,1,2,3,0.33
PKMt,0,1,1,0.0
PKNB,0,0,0,
PKNH,0,1,1,0.0
PKNK,0,1,1,0.0
PKNL,1,0,1,1.0
PKNM,0,1,1,0.0
PKNN,0,3,3,0.0
PKNP,0,2,2,0.0
PKNS,1,3,4,0.25
PKNb,0,1,1,0.0
PKNh,1,1,2,0.5
PKNl,1,2,3,0.33
PKNm,3,0,3,1.0
PKNn,1,2,3,0.33
PKNs,0,3,3,0.0
PKPB,1,2,3,0.33
PKPD,1,0,1,1.0
PKPK,1,0,1,1.0
PKPL,4,2,6,0.67
PKPM,4,3,7,0.57
PKPN,2,4,6,0.33
PKPP,5,2,7,0.71
PKPS,0,4,4,0.0
PKPb,4,4,8,0.5
PKPh,2,0,2,1.0
PKPl,2,1,3,0.67
PKPm,1,2,3,0.33
PKPn,2,0,2,1.0
PKPs,1,2,3,0.33
PKSH,0,1,1,0.0
PKSL,1,0,1,1.0
PKSM,1,0,1,1.0
PKSN,1,0,1,1.0
PKSP,1,1,2,0.5
PKSS,1,2,3,0.33
PKSb,5,0,5,1.0
PKSh,0,1,1,0.0
PKSl,2,2,4,0.5
PKSm,0,1,1,0.0
PKSn,1,1,2,0.5
PKSs,1,1,2,0.5
PKbB,1,1,2,0.5
PKbH,0,1,1,0.0
PKbJ,0,1,1,0.0
PKbL,1,1,2,0.5
PKbM,3,1,4,0.75
PKbN,3,3,6,0.5
PKbP,3,6,9,0.33
PKbS,1,1,2,0.5
PKbb,3,1,4,0.75
PKbm,2,1,3,0.67
PKbn,1,2,3,0.33
PKbs,4,2,6,0.67
PKhB,3,0,3,1.0
PKhH,1,0,1,1.0
PKhL,2,3,5,0.4
PKhM,5,0,5,1.0
PKhN,1,0,1,1.0
PKhP,5,5,10,0.5
PKhS,2,1,3,0.67
PKhb,3,2,5,0.6
PKhh,1,3,4,0.25
PKhm,2,1,3,0.67
PKhn,3,2,5,0.6
PKlB,1,1,2,0.5
PKlD,1,0,1,1.0
PKlH,1,1,2,0.5
PKlI,1,1,2,0.5
PKlJ,0,1,1,0.0
PKlM,1,0,1,1.0
PKlN,2,2,4,0.5
PKlP,4,3,7,0.57
PKlS,0,2,2,0.0
PKlb,0,4,4,0.0
PKlm,4,1,5,0.8
PKln,1,1,2,0.5
PKls,0,1,1,0.0
PKmB,2,1,3,0.67
PKmH,1,2,3,0.33
PKmI,0,1,1,0.0
PKmJ,1,0,1,1.0
PKmL,2,1,3,0.67
PKmM,2,0,2,1.0
PKmN,0,0,0,
PKmP,3,1,4,0.75
PKmS,3,2,5,0.6
PKmb,1,2,3,0.33
PKml,0,1,1,0.0
PKmm,2,3,5,0.4
PKmn,0,0,0,
PKms,0,1,1,0.0
PKnB,1,3,4,0.25
PKnD,0,0,0,
PKnL,2,1,3,0.67
PKnM,4,1,5,0.8
PKnN,4,4,8,0.5
PKnP,5,0,5,1.0
PKnS,1,0,1,1.0
PKnb,4,0,4,1.0
PKnl,3,1,4,0.75
PKnm,1,3,4,0.25
PKnn,1,1,2,0.5
PKns,0,3,3,0.0
PKsB,2,1,3,0.67
PKsH,1,0,1,1.0
PKsI,1,0,1,1.0
PKsK,0,2,2,0.0
PKsL,1,2,3,0.33
PKsM,1,0,1,1.0
PKsN,1,0,1,1.0
PKsP,3,1,4,0.75
PKsS,2,1,3,0.67
PKsb,4,0,4,1.0
PKsl,1,4,5,0.2
PKsm,3,0,3,1.0
PKsn,2,0,2,1.0
PKss,1,2,3,0.33
PKtB,0,0,0,
PKtL,0,1,1,0.0
PKtP,1,0,1,1.0
PKtm,1,0,1,1.0
PKts,0,1,1,0.0
PLBB,4,2,6,0.67
PLBH,0,1,1,0.0
PLBL,0,3,3,0.0
PLBM,7,4,11,0.64
PLBN,9,3,12,0.75
PLBP,9,13,22,0.41
PLBS,2,4,6,0.33
PLBb,11,4,15,0.73
PLBh,2,0,2,1.0
PLBj,2,1,3,0.67
PLBl,4,4,8,0.5
PLBm,3,3,6,0.5
PLBn,8,13,21,0.38
PLBs,2,2,4,0.5
PLDB,1,1,2,0.5
PLDH,0,1,1,0.0
PLDL,1,0,1,1.0
PLDM,0,1,1,0.0
PLDN,0,1,1,0.0
PLDP,2,0,2,1.0
PLDl,1,1,2,0.5
PLDm,0,1,1,0.0
PLHB,0,1,1,0.0
PLHM,1,0,1,1.0
PLHP,1,0,1,1.0
PLHm,0,1,1,0.0
PLKM,0,2,2,0.0
PLKN,0,1,1,0.0
PLKP,1,0,1,1.0
PLKb,0,0,0,
PLKh,0,1,1,0.0
PLKl,1,1,2,0.5
PLKm,1,0,1,1.0
PLKn,0,0,0,
PLKs,2,0,2,1.0
PLLB,3,2,5,0.6
PLLL,1,2,3,0.33
PLLM,6,3,9,0.67
PLLN,8,1,9,0.89
PLLP,9,6,15,0.6
PLLS,1,2,3,0.33
PLLb,2,5,7,0.29
PLLh,0,2,2,0.0
PLLl,0,2,2,0.0
PLLm,4,0,4,1.0
PLLn,3,3,6,0.5
PLLs,4,1,5,0.8
PLMB,11,4,15,0.73
PLMD,0,1,1,0.0
PLML,8,6,14,0.57
PLMM,8,9,17,0.47
PLMN,6,6,12,0.5
PLMP,12,4,16,0.75
PLMS,3,5,8,0.38
PLMb,13,14,27,0.48
PLMh,11,14,25,0.44
PLMj,2,0,2,1.0
PLMl,1,7,8,0.12
PLMm,4,11,15,0.27
PLMn,13,9,22,0.59
PLMs,3,4,7,0.43
PLMt,1,3,4,0.25
PLNB,5,4,9,0.56
PLNH,1,2,3,0.33
PLNK,0,1,1,0.0
PLNL,4,1,5,0.8
PLNM,4,3,7,0.57
PLNN,6,4,10,0.6
PLNP,12,9,21,0.57
PLNS,7,4,11,0.64
PLNb,11,9,20,0.55
PLNh,1,4,5,0.2
PLNl,6,3,9,0.67
PLNm,6,4,10,0.6
PLNn,11,7,18,0.61
PLNs,3,2,5,0.6
PLNt,2,0,2,1.0
PLPB,7,3,10,0.7
PLPH,0,2,2,0.0
PLPK,0,1,1,0.0
PLPL,8,7,15,0.53
PLPM,13,14,27,0.48
PLPN,11,10,21,0.52
PLPP,19,14,33,0.58
PLPS,5,3,8,0.62
PLPb,11,11,22,0.5
PLPh,0,0,0,
PLPl,10,8,18,0.56
PLPm,7,7,14,0.5
PLPn,4,10,14,0.29
PLPs,8,9,17,0.47
PLSB,5,1,6,0.83
PLSH,0,4,4,0.0
PLSK,1,0,1,1.0
PLSL,1,3,4,0.25
PLSM,6,5,11,0.55
PLSN,12,3,15,0.8
PLSP,5,3,8,0.62
PLSS,9,3,12,0.75
PLSb,11,4,15,0.73
PLSh,4,2,6,0.67
PLSl,8,3,11,0.73
PLSm,8,1,9,0.89
PLSn,3,3,6,0.5
PLSs,4,5,9,0.44
PLSt,1,0,1,1.0
PLbB,12,7,19,0.63
PLbH,3,2,5,0.6
PLbI,3,1,4,0.75
PLbJ,1,2,3,0.33
PLbL,4,5,9,0.44
PLbM,12,12,24,0.5
PLbN,15,11,26,0.58
PLbP,13,14,27,0.48
PLbS,8,4,12,0.67
PLbb,12,13,25,0.48
PLbl,6,2,8,0.75
PLbm,10,2,12,0.83
PLbn,9,11,20,0.45
PLbs,10,4,14,0.71
PLhB,5,5,10,0.5
PLhL,1,1,2,0.5
PLhM,8,1,9,0.89
PLhN,1,3,4,0.25
PLhP,5,5,10,0.5
PLhS,4,1,5,0.8
PLhb,5,5,10,0.5
PLhh,4,2,6,0.67
PLhl,0,2,2,0.0
PLhm,5,2,7,0.71
PLhn,1,6,7,0.14
PLhs,3,3,6,0.5
PLjB,2,1,3,0.67
PLjL,3,0,3,1.0
PLjM,1,3,4,0.25
PLjN,3,3,6,0.5
PLjP,5,2,7,0.71
PLjS,2,3,5,0.4
PLjb,5,3,8,0.62
PLjh,1,4,5,0.2
PLjl,0,3,3,0.0
PLjm,4,3,7,0.57
PLjn,4,4,8,0.5
PLjs,2,2,4,0.5
PLlB,2,2,4,0.5
PLlD,0,1,1,0.0
PLlH,2,1,3,0.67
PLlJ,1,0,1,1.0
PLlK,1,0,1,1.0
PLlL,3,5,8,0.38
PLlM,9,8,17,0.53
PLlN,9,3,12,0.75
PLlP,3,8,11,0.27
PLlS,3,4,7,0.43
PLlb,13,6,19,0.68
PLll,2,7,9,0.22
PLlm,2,3,5,0.4
PLln,1,2,3,0.33
PLls,6,4,10,0.6
PLmB,4,4,8,0.5
PLmD,0,2,2,0.0
PLmH,1,6,7,0.14
PLmI,0,2,2,0.0
PLmJ,1,2,3,0.33
PLmL,2,2,4,0.5
PLmM,6,11,17,0.35
PLmN,12,7,19,0.63
PLmP,10,10,20,0.5
PLmS,6,6,12,0.5
PLmb,2,6,8,0.25
PLml,7,5,12,0.58
PLmm,7,2,9,0.78
PLmn,2,7,9,0.22
PLms,2,1,3,0.67
PLnB,3,6,9,0.33
PLnD,1,0,1,1.0
PLnH,1,3,4,0.25
PLnI,2,0,2,1.0
PLnK,1,1,2,0.5
PLnL,5,4,9,0.56
PLnM,14,11,25,0.56
PLnN,8,13,21,0.38
PLnP,22,12,34,0.65
PLnS,15,4,19,0.79
PLnb,6,11,17,0.35
PLnl,7,6,13,0.54
PLnm,7,5,12,0.58
PLnn,11,13,24,0.46
PLns,11,9,20,0.55
PLsB,4,0,4,1.0
PLsH,3,2,5,0.6
PLsI,1,1,2,0.5
PLsK,0,1,1,0.0
PLsL,3,0,3,1.0
PLsM,6,5,11,0.55
PLsN,3,7,10,0.3
PLsP,5,11,16,0.31
PLsS,5,6,11,0.45
PLsb,5,5,10,0.5
PLsl,4,7,11,0.36
PLsm,3,4,7,0.43
PLsn,6,3,9,0.67
PLss,1,3,4,0.25
PLtB,1,2,3,0.33
PLtM,2,1,3,0.67
PLtN,3,3,6,0.5
PLtP,1,2,3,0.33
PLtS,1,0,1,1.0
PLtb,1,0,1,1.0
PLtl,1,0,1,1.0
PLtm,0,1,1,0.0
PLtn,1,2,3,0.33
PLts,1,1,2,0.5
PLtt,1,0,1,1.0
PMBB,16,12,28,0.57
PMBD,0,1,1,0.0
PMBK,1,0,1,1.0
PMBL,6,7,13,0.46
PMBM,10,20,30,0.33
PMBN,15,11,26,0.58
PMBP,17,26,43,0.4
PMBS,7,7,14,0.5
PMBb,23,18,41,0.56
PMBh,3,0,3,1.0
PMBj,5,5,10,0.5
PMBl,6,10,16,0.38
PMBm,19,6,25,0.76
PMBn,17,11,28,0.61
PMBs,3,6,9,0.33
PMBt,0,2,2,0.0
PMDB,1,0,1,1.0
PMDD,0,0,0,
PMDH,2,0,2,1.0
PMDM,0,1,1,0.0
PMDP,2,1,3,0.67
PMDS,3,2,5,0.6
PMDb,1,3,4,0.25
PMDl,0,1,1,0.0
PMDm,0,1,1,0.0
PMDn,1,3,4,0.25
PMDs,0,2,2,0.0
PMKP,0,1,1,0.0
PMKn,0,1,1,0.0
PMLB,8,6,14,0.57
PMLD,1,0,1,1.0
PMLL,2,3,5,0.4
PMLM,6,10,16,0.38
PMLN,10,6,16,0.62
PMLP,3,12,15,0.2
PMLS,2,9,11,0.18
PMLb,9,8,17,0.53
PMLh,3,4,7,0.43
PMLj,5,0,5,1.0
PMLl,7,4,11,0.64
PMLm,5,6,11,0.45
PMLn,13,13,26,0.5
PMLs,4,6,10,0.4
PMLt,0,1,1,0.0
PMMB,15,23,38,0.39
PMMD,0,1,1,0.0
PMML,6,8,14,0.43
PMMM,20,17,37,0.54
PMMN,19,27,46,0.41
PMMP,25,39,64,0.39
PMMS,12,14,26,0.46
PMMb,33,19,52,0.63
PMMh,11,20,31,0.35
PMMj,9,6,15,0.6
PMMl,8,11,19,0.42
PMMm,12,8,20,0.6
PMMn,26,26,52,0.5
PMMs,14,17,31,0.45
PMMt,2,6,8,0.25
PMNB,11,11,22,0.5
PMND,1,1,2,0.5
PMNH,2,2,4,0.5
PMNK,3,1,4,0.75
PMNL,5,6,11,0.45
PMNM,15,21,36,0.42
PMNN,19,17,36,0.53
PMNP,35,29,64,0.55
PMNS,10,13,23,0.43
PMNb,16,14,30,0.53
PMNh,7,6,13,0.54
PMNl,13,8,21,0.62
PMNm,12,9,21,0.57
PMNn,25,18,43,0.58
PMNs,8,13,21,0.38
PMNt,4,7,11,0.36
PMPB,17,14,31,0.55
PMPD,3,0,3,1.0
PMPH,4,12,16,0.25
PMPK,2,7,9,0.22
PMPL,6,11,17,0.35
PMPM,29,30,59,0.49
PMPN,28,35,63,0.44
PMPP,28,36,64,0.44
PMPS,16,20,36,0.44
PMPb,23,26,49,0.47
PMPh,2,1,3,0.67
PMPl,19,19,38,0.5
PMPm,30,26,56,0.54
PMPn,34,20,54,0.63
PMPs,13,11,24,0.54
PMPt,4,1,5,0.8
PMSB,7,12,19,0.37
PMSH,1,3,4,0.25
PMSL,0,1,1,0.0
PMSM,6,15,21,0.29
PMSN,10,12,22,0.45
PMSP,10,24,34,0.29
PMSS,7,14,21,0.33
PMSb,8,13,21,0.38
PMSh,5,9,14,0.36
PMSl,7,10,17,0.41
PMSm,14,11,25,0.56
PMSn,14,10,24,0.58
PMSs,14,13,27,0.52
PMSt,3,1,4,0.75
PMbB,23,9,32,0.72
PMbD,2,0,2,1.0
PMbH,10,11,21,0.48
PMbI,1,1,2,0.5
PMbJ,6,5,11,0.55
PMbK,5,5,10,0.5
PMbL,13,9,22,0.59
PMbM,24,34,58,0.41
PMbN,29,31,60,0.48
PMbP,34,27,61,0.56
PMbS,8,14,22,0.36
PMbb,42,23,65,0.65
PMbl,6,13,19,0.32
PMbm,28,9,37,0.76
PMbn,27,31,58,0.47
PMbs,11,8,19,0.58
PMhB,7,11,18,0.39
PMhH,3,3,6,0.5
PMhI,2,0,2,1.0
PMhK,1,0,1,1.0
PMhL,7,4,11,0.64
PMhM,15,14,29,0.52
PMhN,11,16,27,0.41
PMhP,29,22,51,0.57
PMhS,13,14,27,0.48
PMhb,13,18,31,0.42
PMhh,19,22,41,0.46
PMhl,21,8,29,0.72
PMhm,12,14,26,0.46
PMhn,23,18,41,0.56
PMhs,12,8,20,0.6
PMht,2,3,5,0.4
PMjB,4,3,7,0.57
PMjD,1,0,1,1.0
PMjH,1,4,5,0.2
PMjK,2,0,2,1.0
PMjL,0,4,4,0.0
PMjM,1,3,4,0.25
PMjN,3,5,8,0.38
PMjP,5,7,12,0.42
PMjS,5,1,6,0.83
PMjb,13,6,19,0.68
PMjh,3,2,5,0.6
PMjl,3,7,10,0.3
PMjm,3,2,5,0.6
PMjn,3,5,8,0.38
PMjs,3,3,6,0.5
PMjt,3,0,3,1.0
PMlB,11,4,15,0.73
PMlD,3,0,3,1.0
PMlH,3,10,13,0.23
PMlI,2,0,2,1.0
PMlJ,0,1,1,0.0
PMlK,0,0,0,
PMlL,5,2,7,0.71
PMlM,10,17,27,0.37
PMlN,10,16,26,0.38
PMlP,12,21,33,0.36
PMlS,9,9,18,0.5
PMlb,14,7,21,0.67
PMll,8,7,15,0.53
PMlm,12,8,20,0.6
PMln,8,9,17,0.47
PMls,8,3,11,0.73
PMmB,7,9,16,0.44
PMmD,1,1,2,0.5
PMmH,11,12,23,0.48
PMmI,1,0,1,1.0
PMmJ,5,2,7,0.71
PMmL,4,10,14,0.29
PMmM,22,11,33,0.67
PMmN,16,17,33,0.48
PMmP,27,21,48,0.56
PMmS,11,11,22,0.5
PMmb,15,13,28,0.54
PMml,5,0,5,1.0
PMmm,15,9,24,0.62
PMmn,12,16,28,0.43
PMms,6,7,13,0.46
PMnB,8,16,24,0.33
PMnD,2,2,4,0.5
PMnH,15,15,30,0.5
PMnI,2,5,7,0.29
PMnK,1,2,3,0.33
PMnL,11,8,19,0.58
PMnM,26,25,51,0.51
PMnN,28,28,56,0.5
PMnP,40,43,83,0.48
PMnS,22,21,43,0.51
PMnb,24,33,57,0.42
PMnh,1,1,2,0.5
PMnl,11,12,23,0.48
PMnm,17,18,35,0.49
PMnn,27,33,60,0.45
PMns,23,15,38,0.61
PMsB,6,2,8,0.75
PMsD,2,2,4,0.5
PMsH,15,17,32,0.47
PMsI,1,1,2,0.5
PMsK,1,1,2,0.5
PMsL,4,1,5,0.8
PMsM,9,13,22,0.41
PMsN,11,14,25,0.44
PMsP,15,18,33,0.45
PMsS,9,11,20,0.45
PMsb,14,15,29,0.48
PMsh,0,1,1,0.0
PMsl,5,6,11,0.45
PMsm,9,12,21,0.43
PMsn,10,17,27,0.37
PMss,7,9,16,0.44
PMtB,0,2,2,0.0
PMtH,0,2,2,0.0
PMtL,2,0,2,1.0
PMtM,3,2,5,0.6
PMtN,6,4,10,0.6
PMtP,2,10,12,0.17
PMtS,4,3,7,0.57
PMtb,1,2,3,0.33
PMth,1,0,1,1.0
PMtl,3,0,3,1.0
PMtm,2,2,4,0.5
PMtn,1,2,3,0.33
PMts,0,0,0,
PMtt,0,1,1,0.0
PNBB,10,14,24,0.42
PNBK,1,1,2,0.5
PNBL,3,2,5,0.6
PNBM,12,15,27,0.44
PNBN,15,19,34,0.44
PNBP,16,18,34,0.47
PNBS,6,8,14,0.43
PNBb,9,12,21,0.43
PNBh,3,0,3,1.0
PNBj,5,3,8,0.62
PNBl,10,8,18,0.56
PNBm,8,7,15,0.53
PNBn,12,16,28,0.43
PNBs,5,6,11,0.45
PNBt,3,2,5,0.6
PNDH,0,1,1,0.0
PNDI,0,0,0,
PNDL,0,1,1,0.0
PNDM,1,3,4,0.25
PNDN,0,2,2,0.0
PNDP,3,0,3,1.0
PNDS,2,1,3,0.67
PNDb,2,1,3,0.67
PNDl,1,1,2,0.5
PNDm,0,1,1,0.0
PNDn,0,1,1,0.0
PNDs,1,2,3,0.33
PNHB,1,0,1,1.0
PNHD,0,1,1,0.0
PNHK,1,0,1,1.0
PNHL,1,2,3,0.33
PNHM,3,4,7,0.43
PNHN,4,3,7,0.57
PNHP,4,1,5,0.8
PNHS,1,2,3,0.33
PNHb,2,3,5,0.4
PNHl,2,2,4,0.5
PNHm,3,2,5,0.6
PNHn,5,2,7,0.71
PNHs,1,3,4,0.25
PNKB,1,1,2,0.5
PNKH,0,1,1,0.0
PNKI,0,1,1,0.0
PNKL,1,1,2,0.5
PNKM,1,0,1,1.0
PNKN,0,2,2,0.0
PNKP,3,3,6,0.5
PNKS,2,1,3,0.67
PNKh,2,1,3,0.67
PNKl,0,1,1,0.0
PNKm,1,2,3,0.33
PNKn,1,1,2,0.5
PNKs,2,0,2,1.0
PNLB,4,9,13,0.31
PNLH,1,0,1,1.0
PNLK,0,0,0,
PNLL,3,2,5,0.6
PNLM,7,6,13,0.54
PNLN,11,9,20,0.55
PNLP,8,17,25,0.32
PNLS,6,8,14,0.43
PNLb,11,9,20,0.55
PNLh,3,8,11,0.27
PNLj,1,5,6,0.17
PNLl,5,4,9,0.56
PNLm,8,5,13,0.62
PNLn,9,8,17,0.53
PNLs,4,4,8,0.5
PNLt,1,0,1,1.0
PNMB,16,21,37,0.43
PNMD,1,1,2,0.5
PNML,9,4,13,0.69
PNMM,15,24,39,0.38
PNMN,15,27,42,0.36
PNMP,28,19,47,0.6
PNMS,10,16,26,0.38
PNMb,23,25,48,0.48
PNMh,23,20,43,0.53
PNMj,5,11,16,0.31
PNMl,8,6,14,0.57
PNMm,14,10,24,0.58
PNMn,27,38,65,0.42
PNMs,17,9,26,0.65
PNMt,5,3,8,0.62
PNNB,9,16,25,0.36
PNND,1,1,2,0.5
PNNH,2,3,5,0.4
PNNK,1,5,6,0.17
PNNL,9,13,22,0.41
PNNM,18,17,35,0.51
PNNN,19,19,38,0.5
PNNP,33,30,63,0.52
PNNS,11,12,23,0.48
PNNb,21,10,31,0.68
PNNh,5,7,12,0.42
PNNl,8,13,21,0.38
PNNm,17,8,25,0.68
PNNn,26,25,51,0.51
PNNs,12,11,23,0.52
PNNt,6,1,7,0.86
PNPB,12,22,34,0.35
PNPD,1,3,4,0.25
PNPH,7,10,17,0.41
PNPI,4,4,8,0.5
PNPK,3,3,6,0.5
PNPL,17,18,35,0.49
PNPM,37,29,66,0.56
PNPN,31,37,68,0.46
PNPP,34,52,86,0.4
PNPS,27,23,50,0.54
PNPb,30,39,69,0.43
PNPh,5,2,7,0.71
PNPl,25,16,41,0.61
PNPm,31,12,43,0.72
PNPn,28,33,61,0.46
PNPs,29,13,42,0.69
PNPt,3,5,8,0.38
PNSB,4,7,11,0.36
PNSD,1,0,1,1.0
PNSH,3,6,9,0.33
PNSI,0,0,0,
PNSL,5,7,12,0.42
PNSM,7,18,25,0.28
PNSN,11,16,27,0.41
PNSP,13,22,35,0.37
PNSS,8,12,20,0.4
PNSb,19,11,30,0.63
PNSh,14,18,32,0.44
PNSl,7,12,19,0.37
PNSm,16,12,28,0.57
PNSn,16,10,26,0.62
PNSs,17,16,33,0.52
PNSt,1,1,2,0.5
PNbB,16,20,36,0.44
PNbD,0,1,1,0.0
PNbH,4,8,12,0.33
PNbI,0,1,1,0.0
PNbJ,5,2,7,0.71
PNbK,3,2,5,0.6
PNbL,7,5,12,0.58
PNbM,17,27,44,0.39
PNbN,20,22,42,0.48
PNbP,37,34,71,0.52
PNbS,15,17,32,0.47
PNbb,31,16,47,0.66
PNbh,0,1,1,0.0
PNbl,14,8,22,0.64
PNbm,19,13,32,0.59
PNbn,11,15,26,0.42
PNbs,11,12,23,0.48
PNhB,5,8,13,0.38
PNhD,0,1,1,0.0
PNhH,2,1,3,0.67
PNhI,1,1,2,0.5
PNhL,6,1,7,0.86
PNhM,14,14,28,0.5
PNhN,8,9,17,0.47
PNhP,18,11,29,0.62
PNhS,15,10,25,0.6
PNhb,6,9,15,0.4
PNhh,8,6,14,0.57
PNhl,4,7,11,0.36
PNhm,8,4,12,0.67
PNhn,11,12,23,0.48
PNhs,9,7,16,0.56
PNlB,7,6,13,0.54
PNlH,11,8,19,0.58
PNlI,1,2,3,0.33
PNlJ,0,2,2,0.0
PNlL,4,8,12,0.33
PNlM,8,12,20,0.4
PNlN,15,10,25,0.6
PNlP,17,11,28,0.61
PNlS,6,9,15,0.4
PNlb,8,12,20,0.4
PNll,6,10,16,0.38
PNlm,14,10,24,0.58
PNln,11,17,28,0.39
PNls,5,7,12,0.42
PNmB,19,10,29,0.66
PNmD,4,0,4,1.0
PNmH,9,9,18,0.5
PNmI,1,1,2,0.5
PNmJ,2,5,7,0.29
PNmL,6,5,11,0.55
PNmM,19,12,31,0.61
PNmN,25,16,41,0.61
PNmP,16,19,35,0.46
PNmS,11,7,18,0.61
PNmb,10,14,24,0.42
PNml,5,3,8,0.62
PNmm,7,9,16,0.44
PNmn,15,13,28,0.54
PNms,7,5,12,0.58
PNnB,15,15,30,0.5
PNnD,4,1,5,0.8
PNnH,8,10,18,0.44
PNnI,0,2,2,0.0
PNnK,2,3,5,0.4
PNnL,9,6,15,0.6
PNnM,25,32,57,0.44
PNnN,39,22,61,0.64
PNnP,34,49,83,0.41
PNnS,14,21,35,0.4
PNnb,13,24,37,0.35
PNnh,0,1,1,0.0
PNnl,15,15,30,0.5
PNnm,28,10,38,0.74
PNnn,31,19,50,0.62
PNns,20,15,35,0.57
PNsB,2,6,8,0.25
PNsH,11,14,25,0.44
PNsI,2,0,2,1.0
PNsK,1,0,1,1.0
PNsL,1,5,6,0.17
PNsM,12,21,33,0.36
PNsN,13,12,25,0.52
PNsP,18,21,39,0.46
PNsS,10,12,22,0.45
PNsb,12,12,24,0.5
PNsh,0,0,0,
PNsl,2,7,9,0.22
PNsm,11,9,20,0.55
PNsn,7,15,22,0.32
PNss,13,11,24,0.54
PNtB,2,1,3,0.67
PNtH,0,1,1,0.0
PNtK,0,1,1,0.0
PNtL,0,1,1,0.0
PNtM,4,3,7,0.57
PNtN,4,2,6,0.67
PNtP,3,5,8,0.38
PNtS,2,3,5,0.4
PNtb,2,4,6,0.33
PNtl,2,0,2,1.0
PNtm,4,1,5,0.8
PNtn,3,3,6,0.5
PNts,1,1,2,0.5
PNtt,1,0,1,1.0
PPBB,9,17,26,0.35
PPBD,2,0,2,1.0
PPBK,0,3,3,0.0
PPBL,13,12,25,0.52
PPBM,24,23,47,0.51
PPBN,16,23,39,0.41
PPBP,28,27,55,0.51
PPBS,10,11,21,0.48
PPBb,20,27,47,0.43
PPBh,4,2,6,0.67
PPBj,7,9,16,0.44
PPBl,15,16,31,0.48
PPBm,22,18,40,0.55
PPBn,20,20,40,0.5
PPBs,8,15,23,0.35
PPBt,7,4,11,0.64
PPDB,1,1,2,0.5
PPDD,0,1,1,0.0
PPDH,1,3,4,0.25
PPDL,1,1,2,0.5
PPDM,3,2,5,0.6
PPDN,1,1,2,0.5
PPDP,1,2,3,0.33
PPDS,2,2,4,0.5
PPDb,2,3,5,0.4
PPDl,0,2,2,0.0
PPDm,0,1,1,0.0
PPDn,0,2,2,0.0
PPDs,3,1,4,0.75
PPHB,1,3,4,0.25
PPHD,1,1,2,0.5
PPHH,1,1,2,0.5
PPHI,1,1,2,0.5
PPHK,0,1,1,0.0
PPHL,5,1,6,0.83
PPHM,12,13,25,0.48
PPHN,10,3,13,0.77
PPHP,12,8,20,0.6
PPHS,6,11,17,0.35
PPHb,14,6,20,0.7
PPHh,2,4,6,0.33
PPHl,4,9,13,0.31
PPHm,3,3,6,0.5
PPHn,5,11,16,0.31
PPHs,5,5,10,0.5
PPIB,1,2,3,0.33
PPIH,2,2,4,0.5
PPII,1,1,2,0.5
PPIL,1,0,1,1.0
PPIM,1,3,4,0.25
PPIN,0,1,1,0.0
PPIP,1,1,2,0.5
PPIS,1,4,5,0.2
PPIb,6,1,7,0.86
PPIl,1,0,1,1.0
PPIm,1,1,2,0.5
PPIn,1,2,3,0.33
PPKB,1,1,2,0.5
PPKH,1,0,1,1.0
PPKI,0,1,1,0.0
PPKK,1,0,1,1.0
PPKL,1,1,2,0.5
PPKM,4,3,7,0.57
PPKN,1,2,3,0.33
PPKP,5,4,9,0.56
PPKS,1,2,3,0.33
PPKb,3,1,4,0.75
PPKh,3,3,6,0.5
PPKl,1,2,3,0.33
PPKm,4,2,6,0.67
PPKn,4,3,7,0.57
PPKs,1,2,3,0.33
PPKt,2,0,2,1.0
PPLB,10,10,20,0.5
PPLD,2,0,2,1.0
PPLK,0,3,3,0.0
PPLL,7,5,12,0.58
PPLM,24,23,47,0.51
PPLN,12,11,23,0.52
PPLP,22,21,43,0.51
PPLS,10,12,22,0.45
PPLb,26,15,41,0.63
PPLh,3,5,8,0.38
PPLj,6,7,13,0.46
PPLl,10,8,18,0.56
PPLm,14,11,25,0.56
PPLn,23,10,33,0.7
PPLs,11,13,24,0.46
PPLt,2,1,3,0.67
PPMB,24,24,48,0.5
PPMD,2,2,4,0.5
PPML,19,19,38,0.5
PPMM,51,30,81,0.63
PPMN,30,13,43,0.7
PPMP,49,42,91,0.54
PPMS,16,22,38,0.42
PPMb,48,53,101,0.48
PPMh,19,34,53,0.36
PPMj,7,7,14,0.5
PPMl,18,21,39,0.46
PPMm,25,17,42,0.6
PPMn,38,29,67,0.57
PPMs,21,18,39,0.54
PPMt,5,6,11,0.45
PPNB,29,21,50,0.58
PPND,1,1,2,0.5
PPNH,2,4,6,0.33
PPNK,1,1,2,0.5
PPNL,19,12,31,0.61
PPNM,33,38,71,0.46
PPNN,20,30,50,0.4
PPNP,53,45,98,0.54
PPNS,17,21,38,0.45
PPNb,30,38,68,0.44
PPNh,17,14,31,0.55
PPNl,14,28,42,0.33
PPNm,28,11,39,0.72
PPNn,27,28,55,0.49
PPNs,16,24,40,0.4
PPNt,3,6,9,0.33
PPPB,31,45,76,0.41
PPPD,3,3,6,0.5
PPPH,9,11,20,0.45
PPPI,3,0,3,1.0
PPPK,3,2,5,0.6
PPPL,27,29,56,0.48
PPPM,58,73,131,0.44
PPPN,46,37,83,0.55
PPPP,67,75,142,0.47
PPPS,30,45,75,0.4
PPPb,54,58,112,0.48
PPPh,5,10,15,0.33
PPPl,39,29,68,0.57
PPPm,40,29,69,0.58
PPPn,47,55,102,0.46
PPPs,28,29,57,0.49
PPPt,6,5,11,0.55
PPSB,13,13,26,0.5
PPSD,0,1,1,0.0
PPSH,12,10,22,0.55
PPSI,1,0,1,1.0
PPSK,2,0,2,1.0
PPSL,10,22,32,0.31
PPSM,21,26,47,0.45
PPSN,22,23,45,0.49
PPSP,28,34,62,0.45
PPSS,15,23,38,0.39
PPSb,33,22,55,0.6
PPSh,10,12,22,0.45
PPSl,16,18,34,0.47
PPSm,19,16,35,0.54
PPSn,23,13,36,0.64
PPSs,24,22,46,0.52
PPSt,1,1,2,0.5
PPbB,26,29,55,0.47
PPbD,0,2,2,0.0
PPbH,12,13,25,0.48
PPbI,3,3,6,0.5
PPbJ,5,4,9,0.56
PPbK,2,2,4,0.5
PPbL,17,17,34,0.5
PPbM,43,39,82,0.52
PPbN,31,35,66,0.47
PPbP,39,51,90,0.43
PPbS,24,19,43,0.56
PPbb,45,43,88,0.51
PPbl,26,20,46,0.57
PPbm,37,27,64,0.58
PPbn,35,24,59,0.59
PPbs,13,14,27,0.48
PPhB,2,2,4,0.5
PPhD,1,0,1,1.0
PPhH,0,1,1,0.0
PPhL,2,3,5,0.4
PPhM,6,0,6,1.0
PPhN,4,2,6,0.67
PPhP,3,7,10,0.3
PPhS,1,3,4,0.25
PPhb,2,3,5,0.4
PPhh,9,1,10,0.9
PPhl,7,2,9,0.78
PPhm,5,1,6,0.83
PPhn,9,3,12,0.75
PPhs,2,2,4,0.5
PPht,1,0,1,1.0
PPlB,17,15,32,0.53
PPlD,2,0,2,1.0
PPlH,12,10,22,0.55
PPlI,1,0,1,1.0
PPlJ,3,3,6,0.5
PPlK,0,1,1,0.0
PPlL,13,9,22,0.59
PPlM,23,19,42,0.55
PPlN,18,16,34,0.53
PPlP,27,30,57,0.47
PPlS,17,8,25,0.68
PPlb,19,31,50,0.38
PPll,14,11,25,0.56
PPlm,14,8,22,0.64
PPln,13,15,28,0.46
PPls,9,10,19,0.47
PPmB,22,15,37,0.59
PPmD,3,1,4,0.75
PPmH,19,14,33,0.58
PPmI,3,2,5,0.6
PPmJ,6,2,8,0.75
PPmL,11,15,26,0.42
PPmM,25,40,65,0.38
PPmN,25,16,41,0.61
PPmP,29,39,68,0.43
PPmS,13,21,34,0.38
PPmb,27,32,59,0.46
PPml,11,9,20,0.55
PPmm,16,13,29,0.55
PPmn,22,18,40,0.55
PPms,16,10,26,0.62
PPnB,12,17,29,0.41
PPnD,1,3,4,0.25
PPnH,10,13,23,0.43
PPnI,2,4,6,0.33
PPnK,1,3,4,0.25
PPnL,10,16,26,0.38
PPnM,23,31,54,0.43
PPnN,43,27,70,0.61
PPnP,48,46,94,0.51
PPnS,31,22,53,0.58
PPnb,25,34,59,0.42
PPnh,1,1,2,0.5
PPnl,20,14,34,0.59
PPnm,18,20,38,0.47
PPnn,20,29,49,0.41
PPns,20,25,45,0.44
PPsB,12,10,22,0.55
PPsD,1,1,2,0.5
PPsH,8,11,19,0.42
PPsI,1,1,2,0.5
PPsK,2,0,2,1.0
PPsL,6,13,19,0.32
PPsM,21,15,36,0.58
PPsN,18,8,26,0.69
PPsP,34,26,60,0.57
PPsS,19,25,44,0.43
PPsb,23,28,51,0.45
PPsh,4,3,7,0.57
PPsl,11,10,21,0.52
PPsm,12,16,28,0.43
PPsn,11,22,33,0.33
PPss,13,13,26,0.5
PPst,1,0,1,1.0
PPtB,2,0,2,1.0
PPtH,1,1,2,0.5
PPtL,1,1,2,0.5
PPtM,3,4,7,0.43
PPtN,0,5,5,0.0
PPtP,0,5,5,0.0
PPtS,5,3,8,0.62
PPtb,5,3,8,0.62
PPtl,2,2,4,0.5
PPtm,0,3,3,0.0
PPtn,3,1,4,0.75
PPts,1,1,2,0.5
PSBB,4,6,10,0.4
PSBD,2,0,2,1.0
PSBK,0,2,2,0.0
PSBL,3,5,8,0.38
PSBM,5,12,17,0.29
PSBN,7,7,14,0.5
PSBP,7,5,12,0.58
PSBS,2,8,10,0.2
PSBb,12,7,19,0.63
PSBh,1,0,1,1.0
PSBj,8,2,10,0.8
PSBl,6,4,10,0.6
PSBm,7,2,9,0.78
PSBn,13,15,28,0.46
PSBs,1,5,6,0.17
PSBt,3,1,4,0.75
PSDH,1,1,2,0.5
PSDN,0,1,1,0.0
PSDP,0,3,3,0.0
PSDS,0,1,1,0.0
PSDb,2,0,2,1.0
PSDl,0,1,1,0.0
PSDn,2,0,2,1.0
PSHB,1,4,5,0.2
PSHH,0,3,3,0.0
PSHI,2,1,3,0.67
PSHK,1,0,1,1.0
PSHL,3,4,7,0.43
PSHM,5,5,10,0.5
PSHN,7,3,10,0.7
PSHP,2,9,11,0.18
PSHS,5,5,10,0.5
PSHb,5,8,13,0.38
PSHh,0,1,1,0.0
PSHl,4,2,6,0.67
PSHm,10,4,14,0.71
PSHn,5,5,10,0.5
PSHs,9,5,14,0.64
PSIS,1,0,1,1.0
PSKB,1,1,2,0.5
PSKH,1,0,1,1.0
PSKK,0,1,1,0.0
PSKh,1,1,2,0.5
PSKl,0,1,1,0.0
PSKm,0,1,1,0.0
PSKn,1,0,1,1.0
PSKs,1,0,1,1.0
PSLB,5,6,11,0.45
PSLL,0,2,2,0.0
PSLM,5,8,13,0.38
PSLN,3,6,9,0.33
PSLP,7,10,17,0.41
PSLS,9,2,11,0.82
PSLb,5,12,17,0.29
PSLh,0,4,4,0.0
PSLj,4,2,6,0.67
PSLl,5,3,8,0.62
PSLm,6,6,12,0.5
PSLn,5,8,13,0.38
PSLs,4,5,9,0.44
PSMB,7,10,17,0.41
PSMD,0,2,2,0.0
PSMH,1,1,2,0.5
PSML,2,15,17,0.12
PSMM,12,15,27,0.44
PSMN,15,9,24,0.62
PSMP,16,12,28,0.57
PSMS,12,6,18,0.67
PSMb,19,12,31,0.61
PSMh,11,12,23,0.48
PSMj,2,5,7,0.29
PSMl,11,8,19,0.58
PSMm,14,12,26,0.54
PSMn,20,21,41,0.49
PSMs,12,7,19,0.63
PSMt,2,2,4,0.5
PSNB,11,6,17,0.65
PSND,3,0,3,1.0
PSNH,2,3,5,0.4
PSNK,0,2,2,0.0
PSNL,6,6,12,0.5
PSNM,15,11,26,0.58
PSNN,12,9,21,0.57
PSNP,19,15,34,0.56
PSNS,6,3,9,0.67
PSNb,17,14,31,0.55
PSNh,4,5,9,0.44
PSNl,6,6,12,0.5
PSNm,12,5,17,0.71
PSNn,15,17,32,0.47
PSNs,4,10,14,0.29
PSNt,2,0,2,1.0
PSPB,16,13,29,0.55
PSPD,1,0,1,1.0
PSPH,9,6,15,0.6
PSPI,2,3,5,0.4
PSPK,2,1,3,0.67
PSPL,14,11,25,0.56
PSPM,20,27,47,0.43
PSPN,21,19,40,0.52
PSPP,38,19,57,0.67
PSPS,11,19,30,0.37
PSPb,20,25,45,0.44
PSPh,2,6,8,0.25
PSPl,17,11,28,0.61
PSPm,14,16,30,0.47
PSPn,15,18,33,0.45
PSPs,15,14,29,0.52
PSPt,3,1,4,0.75
PSSB,4,7,11,0.36
PSSD,1,0,1,1.0
PSSH,4,6,10,0.4
PSSK,0,0,0,
PSSL,11,7,18,0.61
PSSM,8,11,19,0.42
PSSN,8,4,12,0.67
PSSP,17,21,38,0.45
PSSS,13,10,23,0.57
PSSb,16,12,28,0.57
PSSh,8,9,17,0.47
PSSl,10,8,18,0.56
PSSm,12,7,19,0.63
PSSn,15,5,20,0.75
PSSs,11,12,23,0.48
PSSt,0,1,1,0.0
PSbB,13,9,22,0.59
PSbD,1,1,2,0.5
PSbH,2,4,6,0.33
PSbI,0,0,0,
PSbJ,4,5,9,0.44
PSbK,5,5,10,0.5
PSbL,7,8,15,0.47
PSbM,17,16,33,0.52
PSbN,23,24,47,0.49
PSbP,15,24,39,0.38
PSbS,15,14,29,0.52
PSbb,16,20,36,0.44
PSbh,0,2,2,0.0
PSbl,8,4,12,0.67
PSbm,13,2,15,0.87
PSbn,10,13,23,0.43
PSbs,11,10,21,0.52
PShB,6,3,9,0.67
PShH,1,3,4,0.25
PShL,1,4,5,0.2
PShM,9,5,14,0.64
PShN,6,5,11,0.55
PShP,6,16,22,0.27
PShS,9,12,21,0.43
PShb,14,12,26,0.54
PShh,8,7,15,0.53
PShl,4,9,13,0.31
PShm,10,5,15,0.67
PShn,11,8,19,0.58
PShs,9,14,23,0.39
PSlB,5,3,8,0.62
PSlD,0,1,1,0.0
PSlH,8,12,20,0.4
PSlJ,3,0,3,1.0
PSlK,2,0,2,1.0
PSlL,6,3,9,0.67
PSlM,15,10,25,0.6
PSlN,11,8,19,0.58
PSlP,13,15,28,0.46
PSlS,6,9,15,0.4
PSlb,7,7,14,0.5
PSll,4,6,10,0.4
PSlm,5,7,12,0.42
PSln,6,4,10,0.6
PSls,5,4,9,0.56
PSmB,7,3,10,0.7
PSmD,0,1,1,0.0
PSmH,7,10,17,0.41
PSmI,0,1,1,0.0
PSmJ,2,2,4,0.5
PSmL,5,7,12,0.42
PSmM,11,10,21,0.52
PSmN,18,11,29,0.62
PSmP,18,17,35,0.51
PSmS,5,6,11,0.45
PSmb,15,14,29,0.52
PSml,7,5,12,0.58
PSmm,11,4,15,0.73
PSmn,12,9,21,0.57
PSms,5,6,11,0.45
PSnB,4,4,8,0.5
PSnD,1,1,2,0.5
PSnH,4,10,14,0.29
PSnI,0,0,0,
PSnK,2,2,4,0.5
PSnL,2,5,7,0.29
PSnM,13,23,36,0.36
PSnN,19,11,30,0.63
PSnP,19,25,44,0.43
PSnS,12,15,27,0.44
PSnb,21,11,32,0.66
PSnh,0,1,1,0.0
PSnl,4,9,13,0.31
PSnm,10,7,17,0.59
PSnn,18,21,39,0.46
PSns,9,9,18,0.5
PSsB,3,5,8,0.38
PSsD,1,1,2,0.5
PSsH,6,10,16,0.38
PSsI,3,1,4,0.75
PSsK,0,1,1,0.0
PSsL,6,6,12,0.5
PSsM,7,11,18,0.39
PSsN,10,10,20,0.5
PSsP,12,16,28,0.43
PSsS,18,11,29,0.62
PSsb,13,18,31,0.42
PSsl,7,8,15,0.47
PSsm,14,7,21,0.67
PSsn,10,6,16,0.62
PSss,4,9,13,0.31
PStB,0,2,2,0.0
PStH,1,3,4,0.25
PStL,5,0,5,1.0
PStM,2,5,7,0.29
PStN,1,1,2,0.5
PStP,4,2,6,0.67
PStS,3,1,4,0.75
PStb,1,5,6,0.17
PStl,2,0,2,1.0
PStm,1,2,3,0.33
PStn,2,5,7,0.29
PSts,2,1,3,0.67
PbBB,16,10,26,0.62
PbBD,0,0,0,
PbBK,2,2,4,0.5
PbBL,4,6,10,0.4
PbBM,24,24,48,0.5
PbBN,13,18,31,0.42
PbBP,30,19,49,0.61
PbBS,11,11,22,0.5
PbBb,20,14,34,0.59
PbBh,2,3,5,0.4
PbBj,12,6,18,0.67
PbBl,11,13,24,0.46
PbBm,14,8,22,0.64
PbBn,19,17,36,0.53
PbBs,7,8,15,0.47
PbBt,1,4,5,0.2
PbDH,0,2,2,0.0
PbDM,0,1,1,0.0
PbDN,1,0,1,1.0
PbDP,4,2,6,0.67
PbDS,1,0,1,1.0
PbDb,2,1,3,0.67
PbDl,2,1,3,0.67
PbDm,0,1,1,0.0
PbDn,1,1,2,0.5
PbDs,1,0,1,1.0
PbDt,0,0,0,
PbHB,6,2,8,0.75
PbHD,1,0,1,1.0
PbHH,2,2,4,0.5
PbHI,0,1,1,0.0
PbHL,3,2,5,0.6
PbHM,5,4,9,0.56
PbHN,4,11,15,0.27
PbHP,10,10,20,0.5
PbHS,4,4,8,0.5
PbHb,7,5,12,0.58
PbHh,1,1,2,0.5
PbHl,4,4,8,0.5
PbHm,8,1,9,0.89
PbHn,10,6,16,0.62
PbHs,7,2,9,0.78
PbIB,1,2,3,0.33
PbIH,1,0,1,1.0
PbIL,3,1,4,0.75
PbIM,3,0,3,1.0
PbIN,0,1,1,0.0
PbIP,1,1,2,0.5
PbIS,2,0,2,1.0
PbIb,2,0,2,1.0
PbIl,0,2,2,0.0
PbIm,2,1,3,0.67
PbIn,2,3,5,0.4
PbIs,4,0,4,1.0
PbJB,1,4,5,0.2
PbJH,2,2,4,0.5
PbJK,0,1,1,0.0
PbJL,2,0,2,1.0
PbJM,7,9,16,0.44
PbJN,10,4,14,0.71
PbJP,7,5,12,0.58
PbJS,3,2,5,0.6
PbJb,3,8,11,0.27
PbJh,1,4,5,0.2
PbJl,3,4,7,0.43
PbJm,7,0,7,1.0
PbJn,6,3,9,0.67
PbJs,8,0,8,1.0
PbJt,1,0,1,1.0
PbKB,0,2,2,0.0
PbKL,2,1,3,0.67
PbKM,2,3,5,0.4
PbKN,1,1,2,0.5
PbKP,1,4,5,0.2
PbKS,0,3,3,0.0
PbKb,2,1,3,0.67
PbKh,1,2,3,0.33
PbKl,4,3,7,0.57
PbKm,3,3,6,0.5
PbKn,0,0,0,
PbKs,0,0,0,
PbLB,5,9,14,0.36
PbLD,1,0,1,1.0
PbLL,5,1,6,0.83
PbLM,7,14,21,0.33
PbLN,4,3,7,0.57
PbLP,8,5,13,0.62
PbLS,7,6,13,0.54
PbLb,16,8,24,0.67
PbLh,5,4,9,0.56
PbLj,5,1,6,0.83
PbLl,2,0,2,1.0
PbLm,8,5,13,0.62
PbLn,11,20,31,0.35
PbLs,2,4,6,0.33
PbLt,2,3,5,0.4
PbMB,25,19,44,0.57
PbMD,1,4,5,0.2
PbML,6,8,14,0.43
PbMM,29,28,57,0.51
PbMN,22,18,40,0.55
PbMP,25,34,59,0.42
PbMS,14,8,22,0.64
PbMb,32,37,69,0.46
PbMh,23,25,48,0.48
PbMj,6,9,15,0.4
PbMl,16,14,30,0.53
PbMm,25,22,47,0.53
PbMn,25,21,46,0.54
PbMs,13,14,27,0.48
PbMt,5,4,9,0.56
PbNB,14,12,26,0.54
PbNH,2,6,8,0.25
PbNK,3,1,4,0.75
PbNL,8,6,14,0.57
PbNM,25,32,57,0.44
PbNN,22,25,47,0.47
PbNP,37,32,69,0.54
PbNS,16,15,31,0.52
PbNb,25,29,54,0.46
PbNh,13,15,28,0.46
PbNl,11,8,19,0.58
PbNm,19,13,32,0.59
PbNn,39,25,64,0.61
PbNs,9,13,22,0.41
PbNt,3,4,7,0.43
PbPB,26,16,42,0.62
PbPD,2,0,2,1.0
PbPH,11,8,19,0.58
PbPI,1,0,1,1.0
PbPK,2,2,4,0.5
PbPL,15,14,29,0.52
PbPM,42,33,75,0.56
PbPN,31,26,57,0.54
PbPP,46,45,91,0.51
PbPS,20,29,49,0.41
PbPb,39,35,74,0.53
PbPh,2,4,6,0.33
PbPl,25,27,52,0.48
PbPm,22,20,42,0.52
PbPn,39,23,62,0.63
PbPs,15,16,31,0.48
PbPt,1,0,1,1.0
PbSB,5,6,11,0.45
PbSD,1,0,1,1.0
PbSH,3,4,7,0.43
PbSK,0,1,1,0.0
PbSL,4,6,10,0.4
PbSM,9,11,20,0.45
PbSN,6,7,13,0.46
PbSP,17,19,36,0.47
PbSS,2,8,10,0.2
PbSb,11,14,25,0.44
PbSh,4,13,17,0.24
PbSl,4,7,11,0.36
PbSm,11,5,16,0.69
PbSn,13,13,26,0.5
PbSs,8,5,13,0.62
PbSt,3,3,6,0.5
PbbB,23,19,42,0.55
PbbD,2,3,5,0.4
PbbH,9,12,21,0.43
PbbI,3,2,5,0.6
PbbJ,3,6,9,0.33
PbbK,4,3,7,0.57
PbbL,6,11,17,0.35
PbbM,37,29,66,0.56
PbbN,29,27,56,0.52
PbbP,39,28,67,0.58
PbbS,14,14,28,0.5
Pbbb,40,34,74,0.54
Pbbl,7,13,20,0.35
Pbbm,20,11,31,0.65
Pbbn,23,34,57,0.4
Pbbs,13,7,20,0.65
PbhB,0,1,1,0.0
PbhP,0,1,1,0.0
PblB,11,4,15,0.73
PblD,0,2,2,0.0
PblH,5,5,10,0.5
PblI,1,1,2,0.5
PblJ,2,3,5,0.4
PblL,4,6,10,0.4
PblM,24,17,41,0.59
PblN,11,12,23,0.48
PblP,21,18,39,0.54
PblS,6,2,8,0.75
Pblb,8,14,22,0.36
Pbll,11,4,15,0.73
Pblm,9,9,18,0.5
Pbln,11,5,16,0.69
Pbls,7,1,8,0.88
PbmB,15,12,27,0.56
PbmD,2,2,4,0.5
PbmH,8,8,16,0.5
PbmI,2,1,3,0.67
PbmJ,3,4,7,0.43
PbmK,1,1,2,0.5
PbmL,4,6,10,0.4
PbmM,14,23,37,0.38
PbmN,19,18,37,0.51
PbmP,23,20,43,0.53
PbmS,12,8,20,0.6
Pbmb,25,18,43,0.58
Pbml,6,5,11,0.55
Pbmm,8,13,21,0.38
Pbmn,19,14,33,0.58
Pbms,7,4,11,0.64
Pbmt,0,1,1,0.0
PbnB,11,15,26,0.42
PbnD,0,4,4,0.0
PbnH,10,9,19,0.53
PbnI,2,0,2,1.0
PbnK,1,4,5,0.2
PbnL,8,8,16,0.5
PbnM,25,22,47,0.53
PbnN,19,27,46,0.41
PbnP,27,24,51,0.53
PbnS,12,11,23,0.52
Pbnb,31,20,51,0.61
Pbnh,2,1,3,0.67
Pbnl,14,8,22,0.64
Pbnm,15,9,24,0.62
Pbnn,24,18,42,0.57
Pbns,13,12,25,0.52
PbsB,7,4,11,0.64
PbsD,1,1,2,0.5
PbsH,10,9,19,0.53
PbsI,0,0,0,
PbsL,2,4,6,0.33
PbsM,9,11,20,0.45
PbsN,8,11,19,0.42
PbsP,10,16,26,0.38
PbsS,4,9,13,0.31
Pbsb,11,12,23,0.48
Pbsl,6,8,14,0.43
Pbsm,8,7,15,0.53
Pbsn,13,7,20,0.65
Pbss,8,6,14,0.57
PhBB,0,2,2,0.0
PhBL,0,3,3,0.0
PhBM,3,3,6,0.5
PhBN,0,4,4,0.0
PhBP,1,0,1,1.0
PhBS,0,0,0,
PhBb,1,2,3,0.33
PhBj,0,0,0,
PhBl,1,1,2,0.5
PhBm,1,1,2,0.5
PhBn,1,3,4,0.25
PhBs,0,1,1,0.0
PhBt,0,1,1,0.0
PhDB,0,0,0,
PhDL,0,1,1,0.0
PhDN,1,1,2,0.5
PhDP,0,1,1,0.0
PhDl,0,1,1,0.0
PhDn,0,1,1,0.0
PhHP,2,0,2,1.0
PhHS,1,0,1,1.0
PhHb,0,1,1,0.0
PhHl,1,1,2,0.5
PhHm,0,1,1,0.0
PhHs,0,2,2,0.0
PhKh,0,2,2,0.0
PhLB,1,0,1,1.0
PhLD,0,1,1,0.0
PhLH,0,1,1,0.0
PhLL,2,1,3,0.67
PhLM,2,1,3,0.67
PhLN,0,1,1,0.0
PhLP,2,0,2,1.0
PhLb,0,1,1,0.0
PhLh,0,2,2,0.0
PhLm,2,2,4,0.5
PhLn,3,1,4,0.75
PhLs,1,1,2,0.5
PhMB,1,5,6,0.17
PhMD,1,0,1,1.0
PhML,2,2,4,0.5
PhMM,4,4,8,0.5
PhMN,4,2,6,0.67
PhMP,2,4,6,0.33
PhMS,0,3,3,0.0
PhMb,5,1,6,0.83
PhMh,4,2,6,0.67
PhMm,1,4,5,0.2
PhMn,4,3,7,0.57
PhMs,1,0,1,1.0
PhNK,0,0,0,
PhNL,0,1,1,0.0
PhNM,2,2,4,0.5
PhNN,2,4,6,0.33
PhNP,2,5,7,0.29
PhNS,3,3,6,0.5
PhNb,4,1,5,0.8
PhNl,0,1,1,0.0
PhNm,3,0,3,1.0
PhNn,4,2,6,0.67
PhNs,1,0,1,1.0
PhNt,0,0,0,
PhPB,4,3,7,0.57
PhPD,0,0,0,
PhPH,1,0,1,1.0
PhPI,0,1,1,0.0
PhPL,2,3,5,0.4
PhPM,2,8,10,0.2
PhPN,4,2,6,0.67
PhPP,5,3,8,0.62
PhPS,3,2,5,0.6
PhPb,7,1,8,0.88
PhPh,1,0,1,1.0
PhPl,5,2,7,0.71
PhPm,5,3,8,0.62
PhPn,3,4,7,0.43
PhPs,7,3,10,0.7
PhSB,0,1,1,0.0
PhSH,1,2,3,0.33
PhSL,1,1,2,0.5
PhSM,0,3,3,0.0
PhSN,5,2,7,0.71
PhSP,0,0,0,
PhSS,1,2,3,0.33
PhSb,0,2,2,0.0
PhSh,1,3,4,0.25
PhSl,0,1,1,0.0
PhSm,1,1,2,0.5
PhSn,2,2,4,0.5
PhSs,1,0,1,1.0
PhbB,0,3,3,0.0
PhbH,2,0,2,1.0
PhbI,0,1,1,0.0
PhbK,1,0,1,1.0
PhbM,2,1,3,0.67
PhbN,2,5,7,0.29
PhbP,2,1,3,0.67
PhbS,1,1,2,0.5
Phbb,3,2,5,0.6
Phbl,3,2,5,0.6
Phbm,2,2,4,0.5
Phbn,2,5,7,0.29
Phbs,2,1,3,0.67
PhhB,2,4,6,0.33
PhhH,0,2,2,0.0
PhhL,3,1,4,0.75
PhhM,2,2,4,0.5
PhhN,3,2,5,0.6
PhhP,8,2,10,0.8
PhhS,5,3,8,0.62
Phhb,2,7,9,0.22
Phhh,1,2,3,0.33
Phhl,3,1,4,0.75
Phhm,4,4,8,0.5
Phhn,4,2,6,0.67
Phhs,3,3,6,0.5
PhlB,0,1,1,0.0
PhlH,1,1,2,0.5
PhlL,0,3,3,0.0
PhlM,2,2,4,0.5
PhlN,3,0,3,1.0
PhlP,2,1,3,0.67
PhlS,3,1,4,0.75
Phlb,3,2,5,0.6
Phll,0,2,2,0.0
Phlm,2,3,5,0.4
Phln,1,0,1,1.0
Phls,1,1,2,0.5
PhmB,1,0,1,1.0
PhmD,1,0,1,1.0
PhmH,1,5,6,0.17
PhmJ,1,0,1,1.0
PhmL,2,0,2,1.0
PhmM,3,0,3,1.0
PhmN,2,3,5,0.4
PhmP,2,2,4,0.5
PhmS,0,2,2,0.0
Phmb,2,2,4,0.5
Phml,1,0,1,1.0
Phmm,2,0,2,1.0
Phmn,3,3,6,0.5
Phms,0,3,3,0.0
PhnB,4,1,5,0.8
PhnH,1,1,2,0.5
PhnI,1,0,1,1.0
PhnK,1,0,1,1.0
PhnL,1,0,1,1.0
PhnM,4,5,9,0.44
PhnN,5,2,7,0.71
PhnP,2,6,8,0.25
PhnS,3,4,7,0.43
Phnb,3,1,4,0.75
Phnl,1,0,1,1.0
Phnm,4,1,5,0.8
Phnn,2,1,3,0.67
Phns,2,1,3,0.67
PhsB,2,0,2,1.0
PhsH,3,3,6,0.5
PhsI,1,0,1,1.0
PhsL,0,1,1,0.0
PhsM,1,1,2,0.5
PhsN,1,2,3,0.33
PhsP,3,1,4,0.75
PhsS,0,3,3,0.0
Phsb,1,1,2,0.5
Phsm,3,0,3,1.0
Phsn,0,4,4,0.0
Phss,3,1,4,0.75
PhtH,0,0,0,
PhtM,1,0,1,1.0
PhtN,0,0,0,
PhtP,0,0,0,
PhtS,2,0,2,1.0
Phtb,1,0,1,1.0
PlBB,5,4,9,0.56
PlBL,0,3,3,0.0
PlBM,15,8,23,0.65
PlBN,8,6,14,0.57
PlBP,9,9,18,0.5
PlBS,5,7,12,0.42
PlBb,17,6,23,0.74
PlBh,1,0,1,1.0
PlBj,0,3,3,0.0
PlBl,9,5,14,0.64
PlBm,3,7,10,0.3
PlBn,19,5,24,0.79
PlBs,3,4,7,0.43
PlBt,3,2,5,0.6
PlDH,0,0,0,
PlDM,0,1,1,0.0
PlDN,1,0,1,1.0
PlDP,0,0,0,
PlDS,1,1,2,0.5
PlDb,1,0,1,1.0
PlDm,1,0,1,1.0
PlDn,1,1,2,0.5
PlHB,5,6,11,0.45
PlHD,0,1,1,0.0
PlHI,1,0,1,1.0
PlHL,3,3,6,0.5
PlHM,13,7,20,0.65
PlHN,6,12,18,0.33
PlHP,11,9,20,0.55
PlHS,4,4,8,0.5
PlHb,11,5,16,0.69
PlHh,2,2,4,0.5
PlHl,5,8,13,0.38
PlHm,8,4,12,0.67
PlHn,5,6,11,0.45
PlHs,4,5,9,0.44
PlHt,0,0,0,
PlID,1,0,1,1.0
PlIL,1,0,1,1.0
PlIM,0,1,1,0.0
PlIN,4,2,6,0.67
PlIP,1,2,3,0.33
PlIS,0,1,1,0.0
PlIb,0,2,2,0.0
PlIl,0,0,0,
PlIn,0,1,1,0.0
PlJB,1,1,2,0.5
PlJH,0,2,2,0.0
PlJI,0,0,0,
PlJL,1,0,1,1.0
PlJM,3,1,4,0.75
PlJN,2,1,3,0.67
PlJP,5,4,9,0.56
PlJS,2,2,4,0.5
PlJb,2,4,6,0.33
PlJl,4,0,4,1.0
PlJm,1,2,3,0.33
PlJn,1,2,3,0.33
PlJs,2,1,3,0.67
PlKB,1,0,1,1.0
PlKL,1,1,2,0.5
PlKM,0,4,4,0.0
PlKN,0,2,2,0.0
PlKP,1,2,3,0.33
PlKS,1,0,1,1.0
PlKb,1,0,1,1.0
PlKm,1,1,2,0.5
PlKn,0,1,1,0.0
PlKs,1,0,1,1.0
PlLB,5,6,11,0.45
PlLL,1,1,2,0.5
PlLM,7,5,12,0.58
PlLN,5,3,8,0.62
PlLP,4,10,14,0.29
PlLS,2,2,4,0.5
PlLb,8,2,10,0.8
PlLh,5,1,6,0.83
PlLj,2,2,4,0.5
PlLl,6,1,7,0.86
PlLm,1,1,2,0.5
PlLn,8,4,12,0.67
PlLs,3,1,4,0.75
PlLt,1,0,1,1.0
PlMB,7,5,12,0.58
PlML,5,7,12,0.42
PlMM,16,11,27,0.59
PlMN,11,9,20,0.55
PlMP,8,12,20,0.4
PlMS,5,10,15,0.33
PlMb,16,15,31,0.52
PlMh,9,10,19,0.47
PlMj,3,4,7,0.43
PlMl,9,6,15,0.6
PlMm,6,9,15,0.4
PlMn,22,11,33,0.67
PlMs,5,7,12,0.42
PlMt,2,3,5,0.4
PlNB,9,10,19,0.47
PlND,0,2,2,0.0
PlNH,1,0,1,1.0
PlNK,1,1,2,0.5
PlNL,8,6,14,0.57
PlNM,8,12,20,0.4
PlNN,10,10,20,0.5
PlNP,16,22,38,0.42
PlNS,10,5,15,0.67
PlNb,17,5,22,0.77
PlNh,5,5,10,0.5
PlNl,7,3,10,0.7
PlNm,7,8,15,0.47
PlNn,17,15,32,0.53
PlNs,5,7,12,0.42
PlNt,2,1,3,0.67
PlPB,11,11,22,0.5
PlPH,4,3,7,0.57
PlPI,2,1,3,0.67
PlPK,3,0,3,1.0
PlPL,10,6,16,0.62
PlPM,20,16,36,0.56
PlPN,9,12,21,0.43
PlPP,24,31,55,0.44
PlPS,5,7,12,0.42
PlPb,14,18,32,0.44
PlPh,4,3,7,0.57
PlPl,14,11,25,0.56
PlPm,18,9,27,0.67
PlPn,9,12,21,0.43
PlPs,12,10,22,0.55
PlPt,0,3,3,0.0
PlSB,4,8,12,0.33
PlSH,5,2,7,0.71
PlSK,1,0,1,1.0
PlSL,0,4,4,0.0
PlSM,7,7,14,0.5
PlSN,8,9,17,0.47
PlSP,13,7,20,0.65
PlSS,9,10,19,0.47
PlSb,9,5,14,0.64
PlSh,7,5,12,0.58
PlSl,3,3,6,0.5
PlSm,6,6,12,0.5
PlSn,5,10,15,0.33
PlSs,9,10,19,0.47
PlSt,1,1,2,0.5
PlbB,15,7,22,0.68
PlbD,1,1,2,0.5
PlbH,4,1,5,0.8
PlbI,2,1,3,0.67
PlbJ,4,4,8,0.5
PlbK,1,0,1,1.0
PlbL,8,7,15,0.53
PlbM,16,17,33,0.48
PlbN,14,9,23,0.61
PlbP,11,22,33,0.33
PlbS,5,5,10,0.5
Plbb,12,13,25,0.48
Plbl,11,3,14,0.79
Plbm,10,8,18,0.56
Plbn,9,12,21,0.43
Plbs,5,6,11,0.45
PllB,7,7,14,0.5
PllH,6,2,8,0.75
PllJ,2,1,3,0.67
PllL,3,0,3,1.0
PllM,5,9,14,0.36
PllN,4,8,12,0.33
PllP,6,4,10,0.6
PllS,3,2,5,0.6
Pllb,14,10,24,0.58
Plll,5,0,5,1.0
Pllm,2,5,7,0.29
Plln,3,7,10,0.3
Plls,1,5,6,0.17
PlmB,8,4,12,0.67
PlmH,5,5,10,0.5
PlmI,0,1,1,0.0
PlmJ,2,4,6,0.33
PlmL,8,4,12,0.67
PlmM,13,6,19,0.68
PlmN,11,7,18,0.61
PlmP,16,8,24,0.67
PlmS,5,4,9,0.56
Plmb,11,8,19,0.58
Plmh,0,1,1,0.0
Plml,1,1,2,0.5
Plmm,8,3,11,0.73
Plmn,6,5,11,0.55
Plms,4,0,4,1.0
PlnB,6,8,14,0.43
PlnH,6,4,10,0.6
PlnK,0,1,1,0.0
PlnL,2,5,7,0.29
PlnM,12,9,21,0.57
PlnN,10,14,24,0.42
PlnP,14,16,30,0.47
PlnS,9,6,15,0.6
Plnb,10,11,21,0.48
Plnl,2,1,3,0.67
Plnm,7,10,17,0.41
Plnn,13,8,21,0.62
Plns,3,12,15,0.2
PlsB,3,4,7,0.43
PlsD,3,3,6,0.5
PlsH,7,6,13,0.54
PlsI,1,4,5,0.2
PlsL,4,2,6,0.67
PlsM,11,5,16,0.69
PlsN,5,6,11,0.45
PlsP,4,10,14,0.29
PlsS,4,3,7,0.57
Plsb,4,4,8,0.5
Plsh,0,1,1,0.0
Plsl,5,5,10,0.5
Plsm,5,2,7,0.71
Plsn,5,5,10,0.5
Plss,4,5,9,0.44
PmBB,8,5,13,0.62
PmBD,2,1,3,0.67
PmBK,1,1,2,0.5
PmBL,3,9,12,0.25
PmBM,7,19,26,0.27
PmBN,15,10,25,0.6
PmBP,16,11,27,0.59
PmBS,12,7,19,0.63
PmBb,12,8,20,0.6
PmBh,3,1,4,0.75
PmBj,5,7,12,0.42
PmBl,8,7,15,0.53
PmBm,12,2,14,0.86
PmBn,13,17,30,0.43
PmBs,4,4,8,0.5
PmBt,3,3,6,0.5
PmDB,0,3,3,0.0
PmDD,1,0,1,1.0
PmDH,0,1,1,0.0
PmDL,0,0,0,
PmDM,4,0,4,1.0
PmDN,2,1,3,0.67
PmDP,2,0,2,1.0
PmDS,1,0,1,1.0
PmDb,2,2,4,0.5
PmDl,0,1,1,0.0
PmDm,0,1,1,0.0
PmDn,1,0,1,1.0
PmDs,1,1,2,0.5
PmDt,1,0,1,1.0
PmHB,11,3,14,0.79
PmHD,1,2,3,0.33
PmHH,0,0,0,
PmHI,1,1,2,0.5
PmHK,2,0,2,1.0
PmHL,4,5,9,0.44
PmHM,11,11,22,0.5
PmHN,10,13,23,0.43
PmHP,16,16,32,0.5
PmHS,7,3,10,0.7
PmHb,10,15,25,0.4
PmHh,7,4,11,0.64
PmHl,6,2,8,0.75
PmHm,5,8,13,0.38
PmHn,13,6,19,0.68
PmHs,3,10,13,0.23
PmHt,1,1,2,0.5
PmID,0,1,1,0.0
PmIL,1,0,1,1.0
PmIM,0,2,2,0.0
PmIN,0,1,1,0.0
PmIP,0,1,1,0.0
PmIb,2,1,3,0.67
PmIl,2,0,2,1.0
PmIm,1,0,1,1.0
PmIn,2,1,3,0.67
PmIs,0,1,1,0.0
PmJB,2,1,3,0.67
PmJH,1,2,3,0.33
PmJK,2,0,2,1.0
PmJL,1,0,1,1.0
PmJM,5,3,8,0.62
PmJN,7,2,9,0.78
PmJP,6,9,15,0.4
PmJS,2,1,3,0.67
PmJb,3,4,7,0.43
PmJl,2,2,4,0.5
PmJm,3,2,5,0.6
PmJn,3,6,9,0.33
PmJs,2,3,5,0.4
PmKb,1,0,1,1.0
PmKh,1,0,1,1.0
PmLB,6,6,12,0.5
PmLD,0,1,1,0.0
PmLL,1,1,2,0.5
PmLM,11,6,17,0.65
PmLN,2,8,10,0.2
PmLP,6,10,16,0.38
PmLS,1,10,11,0.09
PmLb,9,7,16,0.56
PmLh,4,5,9,0.44
PmLj,1,2,3,0.33
PmLl,6,2,8,0.75
PmLm,5,3,8,0.62
PmLn,12,8,20,0.6
PmLs,3,2,5,0.6
PmLt,1,1,2,0.5
PmMB,12,14,26,0.46
PmMD,1,0,1,1.0
PmML,7,4,11,0.64
PmMM,19,19,38,0.5
PmMN,19,18,37,0.51
PmMP,22,15,37,0.59
PmMS,13,11,24,0.54
PmMb,23,24,47,0.49
PmMh,12,17,29,0.41
PmMj,5,2,7,0.71
PmMl,16,6,22,0.73
PmMm,16,16,32,0.5
PmMn,24,18,42,0.57
PmMs,11,9,20,0.55
PmMt,3,5,8,0.38
PmNB,7,13,20,0.35
PmND,2,0,2,1.0
PmNH,5,0,5,1.0
PmNL,12,7,19,0.63
PmNM,13,19,32,0.41
PmNN,18,21,39,0.46
PmNP,22,30,52,0.42
PmNS,11,11,22,0.5
PmNb,17,12,29,0.59
PmNh,5,7,12,0.42
PmNl,8,10,18,0.44
PmNm,16,11,27,0.59
PmNn,25,26,51,0.49
PmNs,9,13,22,0.41
PmNt,4,2,6,0.67
PmPB,21,13,34,0.62
PmPD,1,2,3,0.33
PmPH,7,3,10,0.7
PmPI,0,2,2,0.0
PmPK,2,2,4,0.5
PmPL,8,11,19,0.42
PmPM,24,20,44,0.55
PmPN,22,19,41,0.54
PmPP,33,30,63,0.52
PmPS,19,9,28,0.68
PmPb,25,29,54,0.46
PmPh,0,1,1,0.0
PmPl,10,13,23,0.43
PmPm,16,15,31,0.52
PmPn,24,26,50,0.48
PmPs,11,21,32,0.34
PmPt,3,1,4,0.75
PmSB,5,3,8,0.62
PmSD,1,0,1,1.0
PmSH,4,4,8,0.5
PmSI,1,0,1,1.0
PmSL,2,6,8,0.25
PmSM,8,9,17,0.47
PmSN,7,6,13,0.54
PmSP,16,15,31,0.52
PmSS,10,6,16,0.62
PmSb,8,5,13,0.62
PmSh,1,7,8,0.12
PmSl,7,4,11,0.64
PmSm,7,9,16,0.44
PmSn,13,7,20,0.65
PmSs,8,7,15,0.53
PmSt,3,3,6,0.5
PmbB,20,9,29,0.69
PmbD,0,0,0,
PmbH,6,3,9,0.67
PmbI,2,1,3,0.67
PmbJ,6,4,10,0.6
PmbK,1,0,1,1.0
PmbL,10,6,16,0.62
PmbM,14,24,38,0.37
PmbN,17,16,33,0.52
PmbP,19,21,40,0.48
PmbS,6,11,17,0.35
Pmbb,22,19,41,0.54
Pmbl,3,12,15,0.2
Pmbm,9,11,20,0.45
Pmbn,18,14,32,0.56
Pmbs,6,9,15,0.4
PmlB,2,2,4,0.5
PmlH,9,3,12,0.75
PmlJ,1,1,2,0.5
PmlL,2,1,3,0.67
PmlM,6,4,10,0.6
PmlN,4,8,12,0.33
PmlP,12,9,21,0.57
PmlS,4,3,7,0.57
Pmlb,7,9,16,0.44
Pmll,4,4,8,0.5
Pmlm,5,3,8,0.62
Pmln,2,3,5,0.4
Pmls,2,1,3,0.67
PmmB,7,5,12,0.58
PmmD,0,2,2,0.0
PmmH,2,5,7,0.29
PmmI,0,1,1,0.0
PmmJ,1,1,2,0.5
PmmL,3,1,4,0.75
PmmM,8,11,19,0.42
PmmN,15,12,27,0.56
PmmP,10,20,30,0.33
PmmS,5,9,14,0.36
Pmmb,17,12,29,0.59
Pmmh,0,1,1,0.0
Pmml,3,0,3,1.0
Pmmm,5,8,13,0.38
Pmmn,13,3,16,0.81
Pmms,2,4,6,0.33
PmnB,10,4,14,0.71
PmnD,0,3,3,0.0
PmnH,4,8,12,0.33
PmnI,3,0,3,1.0
PmnK,3,1,4,0.75
PmnL,8,5,13,0.62
PmnM,12,6,18,0.67
PmnN,18,13,31,0.58
PmnP,25,26,51,0.49
PmnS,9,7,16,0.56
Pmnb,17,13,30,0.57
Pmnl,6,3,9,0.67
Pmnm,10,7,17,0.59
Pmnn,11,11,22,0.5
Pmns,7,8,15,0.47
PmsB,2,4,6,0.33
PmsD,2,0,2,1.0
PmsH,11,2,13,0.85
PmsI,0,1,1,0.0
PmsL,4,1,5,0.8
PmsM,5,5,10,0.5
PmsN,4,10,14,0.29
PmsP,12,13,25,0.48
PmsS,5,5,10,0.5
Pmsb,3,4,7,0.43
Pmsh,1,1,2,0.5
Pmsl,1,2,3,0.33
Pmsm,7,5,12,0.58
Pmsn,8,6,14,0.57
Pmss,5,3,8,0.62
PmtP,0,1,1,0.0
PnBB,9,7,16,0.56
PnBD,0,1,1,0.0
PnBK,0,1,1,0.0
PnBL,3,8,11,0.27
PnBM,9,13,22,0.41
PnBN,10,11,21,0.48
PnBP,17,12,29,0.59
PnBS,6,4,10,0.6
PnBb,14,15,29,0.48
PnBh,0,3,3,0.0
PnBj,7,6,13,0.54
PnBl,5,6,11,0.45
PnBm,7,10,17,0.41
PnBn,18,10,28,0.64
PnBs,4,6,10,0.4
PnBt,0,0,0,
PnDB,0,0,0,
PnDH,1,1,2,0.5
PnDL,0,2,2,0.0
PnDM,1,1,2,0.5
PnDN,2,0,2,1.0
PnDP,2,0,2,1.0
PnDS,2,1,3,0.67
PnDb,0,2,2,0.0
PnDl,0,1,1,0.0
PnDm,0,2,2,0.0
PnDn,3,0,3,1.0
PnDs,2,0,2,1.0
PnDt,1,0,1,1.0
PnHB,9,6,15,0.6
PnHH,3,4,7,0.43
PnHI,1,0,1,1.0
PnHK,0,1,1,0.0
PnHL,7,4,11,0.64
PnHM,5,15,20,0.25
PnHN,8,11,19,0.42
PnHP,12,11,23,0.52
PnHS,5,7,12,0.42
PnHb,11,13,24,0.46
PnHh,6,1,7,0.86
PnHl,10,3,13,0.77
PnHm,6,6,12,0.5
PnHn,17,14,31,0.55
PnHs,9,7,16,0.56
PnIB,1,1,2,0.5
PnIH,1,0,1,1.0
PnIL,0,2,2,0.0
PnIM,1,3,4,0.25
PnIN,0,1,1,0.0
PnIP,4,3,7,0.57
PnIS,2,1,3,0.67
PnIb,3,1,4,0.75
PnIl,3,2,5,0.6
PnIm,2,1,3,0.67
PnIn,4,2,6,0.67
PnIs,1,0,1,1.0
PnKB,1,0,1,1.0
PnKK,1,0,1,1.0
PnKL,2,0,2,1.0
PnKM,1,3,4,0.25
PnKN,1,1,2,0.5
PnKP,1,2,3,0.33
PnKS,2,0,2,1.0
PnKb,2,1,3,0.67
PnKh,3,3,6,0.5
PnKl,1,1,2,0.5
PnKm,3,2,5,0.6
PnKn,4,1,5,0.8
PnKs,1,1,2,0.5
PnLB,6,7,13,0.46
PnLD,1,0,1,1.0
PnLK,1,0,1,1.0
PnLL,1,4,5,0.2
PnLM,8,5,13,0.62
PnLN,12,9,21,0.57
PnLP,10,7,17,0.59
PnLS,7,16,23,0.3
PnLb,4,11,15,0.27
PnLh,3,4,7,0.43
PnLj,3,3,6,0.5
PnLl,2,7,9,0.22
PnLm,7,2,9,0.78
PnLn,17,12,29,0.59
PnLs,5,5,10,0.5
PnLt,0,3,3,0.0
PnMB,10,14,24,0.42
PnMK,0,1,1,0.0
PnML,8,9,17,0.47
PnMM,17,17,34,0.5
PnMN,21,25,46,0.46
PnMP,27,29,56,0.48
PnMS,12,12,24,0.5
PnMb,25,28,53,0.47
PnMh,8,17,25,0.32
PnMj,6,9,15,0.4
PnMl,22,12,34,0.65
PnMm,25,17,42,0.6
PnMn,32,30,62,0.52
PnMs,8,15,23,0.35
PnMt,1,1,2,0.5
PnNB,11,7,18,0.61
PnND,1,0,1,1.0
PnNH,1,6,7,0.14
PnNK,0,1,1,0.0
PnNL,12,11,23,0.52
PnNM,24,27,51,0.47
PnNN,24,24,48,0.5
PnNP,42,35,77,0.55
PnNS,18,14,32,0.56
PnNb,30,22,52,0.58
PnNh,12,7,19,0.63
PnNl,10,12,22,0.45
PnNm,13,14,27,0.48
PnNn,25,30,55,0.45
PnNs,17,13,30,0.57
PnNt,4,1,5,0.8
PnPB,19,18,37,0.51
PnPD,2,2,4,0.5
PnPH,4,12,16,0.25
PnPI,2,2,4,0.5
PnPK,5,4,9,0.56
PnPL,17,22,39,0.44
PnPM,38,45,83,0.46
PnPN,29,30,59,0.49
PnPP,62,49,111,0.56
PnPS,30,29,59,0.51
PnPb,33,37,70,0.47
PnPh,4,1,5,0.8
PnPl,25,30,55,0.45
PnPm,32,13,45,0.71
PnPn,40,27,67,0.6
PnPs,19,26,45,0.42
PnPt,6,2,8,0.75
PnSB,6,11,17,0.35
PnSD,0,1,1,0.0
PnSH,5,7,12,0.42
PnSI,1,0,1,1.0
PnSK,0,1,1,0.0
PnSL,7,6,13,0.54
PnSM,19,19,38,0.5
PnSN,8,15,23,0.35
PnSP,21,15,36,0.58
PnSS,13,22,35,0.37
PnSb,11,10,21,0.52
PnSh,14,14,28,0.5
PnSl,9,11,20,0.45
PnSm,8,9,17,0.47
PnSn,13,11,24,0.54
PnSs,12,14,26,0.46
PnSt,2,6,8,0.25
PnbB,16,9,25,0.64
PnbD,0,0,0,
PnbH,5,4,9,0.56
PnbI,1,2,3,0.33
PnbJ,8,7,15,0.53
PnbK,5,2,7,0.71
PnbL,9,9,18,0.5
PnbM,28,19,47,0.6
PnbN,39,33,72,0.54
PnbP,33,27,60,0.55
PnbS,13,12,25,0.52
Pnbb,20,26,46,0.43
Pnbh,1,0,1,1.0
Pnbl,15,12,27,0.56
Pnbm,14,17,31,0.45
Pnbn,19,15,34,0.56
Pnbs,9,11,20,0.45
PnhB,1,0,1,1.0
PnhL,0,2,2,0.0
PnhM,3,4,7,0.43
PnhN,0,1,1,0.0
PnhP,0,1,1,0.0
PnhS,1,1,2,0.5
Pnhb,1,2,3,0.33
Pnhh,2,0,2,1.0
Pnhl,1,2,3,0.33
Pnhm,0,1,1,0.0
Pnhn,1,3,4,0.25
Pnhs,0,0,0,
PnlB,5,10,15,0.33
PnlH,9,4,13,0.69
PnlI,0,1,1,0.0
PnlJ,2,8,10,0.2
PnlL,6,6,12,0.5
PnlM,8,4,12,0.67
PnlN,13,15,28,0.46
PnlP,12,15,27,0.44
PnlS,11,8,19,0.58
Pnlb,20,12,32,0.62
Pnll,6,5,11,0.55
Pnlm,6,8,14,0.43
Pnln,10,8,18,0.56
Pnls,5,6,11,0.45
PnmB,22,14,36,0.61
PnmD,3,3,6,0.5
PnmH,12,15,27,0.44
PnmI,0,2,2,0.0
PnmJ,4,2,6,0.67
PnmK,1,0,1,1.0
PnmL,5,4,9,0.56
PnmM,12,11,23,0.52
PnmN,8,8,16,0.5
PnmP,19,22,41,0.46
PnmS,11,10,21,0.52
Pnmb,15,18,33,0.45
Pnml,5,8,13,0.38
Pnmm,8,6,14,0.57
Pnmn,17,13,30,0.57
Pnms,9,12,21,0.43
PnnB,11,10,21,0.52
PnnD,1,1,2,0.5
PnnH,10,6,16,0.62
PnnI,3,0,3,1.0
PnnK,2,2,4,0.5
PnnL,8,5,13,0.62
PnnM,20,21,41,0.49
PnnN,21,27,48,0.44
PnnP,40,37,77,0.52
PnnS,9,16,25,0.36
Pnnb,22,24,46,0.48
Pnnh,1,1,2,0.5
Pnnl,14,10,24,0.58
Pnnm,18,8,26,0.69
Pnnn,21,16,37,0.57
Pnns,13,9,22,0.59
PnsB,7,4,11,0.64
PnsD,3,1,4,0.75
PnsH,17,14,31,0.55
PnsI,3,0,3,1.0
PnsK,1,1,2,0.5
PnsL,13,5,18,0.72
PnsM,16,11,27,0.59
PnsN,15,9,24,0.62
PnsP,25,21,46,0.54
PnsS,15,11,26,0.58
Pnsb,16,14,30,0.53
Pnsh,1,1,2,0.5
Pnsl,9,11,20,0.45
Pnsm,12,11,23,0.52
Pnsn,18,11,29,0.62
Pnss,12,4,16,0.75
Pnts,0,1,1,0.0
PsBB,6,2,8,0.75
PsBD,0,0,0,
PsBK,0,2,2,0.0
PsBL,1,3,4,0.25
PsBM,8,7,15,0.53
PsBN,10,6,16,0.62
PsBP,5,7,12,0.42
PsBS,2,2,4,0.5
PsBb,11,10,21,0.52
PsBh,1,0,1,1.0
PsBj,4,3,7,0.57
PsBl,2,7,9,0.22
PsBm,6,2,8,0.75
PsBn,9,9,18,0.5
PsBs,1,4,5,0.2
PsBt,0,2,2,0.0
PsDD,1,0,1,1.0
PsDM,2,1,3,0.67
PsDN,1,2,3,0.33
PsDP,1,3,4,0.25
PsDS,1,1,2,0.5
PsDb,0,1,1,0.0
PsDl,0,0,0,
PsDm,1,0,1,1.0
PsDn,1,1,2,0.5
PsHB,6,1,7,0.86
PsHD,1,0,1,1.0
PsHH,7,3,10,0.7
PsHI,1,0,1,1.0
PsHL,5,6,11,0.45
PsHM,12,17,29,0.41
PsHN,12,8,20,0.6
PsHP,15,15,30,0.5
PsHS,4,4,8,0.5
PsHb,18,12,30,0.6
PsHh,5,11,16,0.31
PsHl,8,10,18,0.44
PsHm,6,13,19,0.32
PsHn,11,10,21,0.52
PsHs,9,1,10,0.9
PsHt,0,1,1,0.0
PsIB,2,2,4,0.5
PsIH,1,0,1,1.0
PsIL,1,1,2,0.5
PsIM,1,2,3,0.33
PsIN,1,1,2,0.5
PsIP,0,3,3,0.0
PsIb,0,1,1,0.0
PsIl,2,1,3,0.67
PsIm,3,1,4,0.75
PsIn,1,0,1,1.0
PsKL,1,0,1,1.0
PsKM,1,0,1,1.0
PsKN,0,1,1,0.0
PsKP,2,0,2,1.0
PsKS,1,1,2,0.5
PsKh,1,1,2,0.5
PsKl,0,0,0,
PsKm,2,0,2,1.0
PsLB,2,3,5,0.4
PsLD,0,1,1,0.0
PsLK,0,1,1,0.0
PsLL,1,3,4,0.25
PsLM,5,5,10,0.5
PsLN,5,4,9,0.56
PsLP,8,6,14,0.57
PsLS,4,3,7,0.57
PsLb,5,2,7,0.71
PsLh,2,4,6,0.33
PsLj,0,3,3,0.0
PsLl,6,3,9,0.67
PsLm,6,4,10,0.6
PsLn,8,7,15,0.53
PsLs,3,2,5,0.6
PsLt,1,1,2,0.5
PsMB,7,9,16,0.44
PsMK,0,1,1,0.0
PsML,10,6,16,0.62
PsMM,16,7,23,0.7
PsMN,14,9,23,0.61
PsMP,12,16,28,0.43
PsMS,10,7,17,0.59
PsMb,12,5,17,0.71
PsMh,12,8,20,0.6
PsMj,6,7,13,0.46
PsMl,7,4,11,0.64
PsMm,11,8,19,0.58
PsMn,15,12,27,0.56
PsMs,4,6,10,0.4
PsMt,0,1,1,0.0
PsNB,11,8,19,0.58
PsNL,6,5,11,0.55
PsNM,6,13,19,0.32
PsNN,15,10,25,0.6
PsNP,16,31,47,0.34
PsNS,10,13,23,0.43
PsNb,21,9,30,0.7
PsNh,4,9,13,0.31
PsNl,2,7,9,0.22
PsNm,3,4,7,0.43
PsNn,13,12,25,0.52
PsNs,11,11,22,0.5
PsNt,2,2,4,0.5
PsPB,12,16,28,0.43
PsPH,6,10,16,0.38
PsPI,2,1,3,0.67
PsPK,0,4,4,0.0
PsPL,8,8,16,0.5
PsPM,18,18,36,0.5
PsPN,14,12,26,0.54
PsPP,27,34,61,0.44
PsPS,14,13,27,0.52
PsPb,19,18,37,0.51
PsPh,1,1,2,0.5
PsPl,7,11,18,0.39
PsPm,9,20,29,0.31
PsPn,16,26,42,0.38
PsPs,15,9,24,0.62
PsPt,4,1,5,0.8
PsSB,6,8,14,0.43
PsSD,0,1,1,0.0
PsSH,6,4,10,0.6
PsSK,0,2,2,0.0
PsSL,7,5,12,0.58
PsSM,8,8,16,0.5
PsSN,3,15,18,0.17
PsSP,14,17,31,0.45
PsSS,7,8,15,0.47
PsSb,10,7,17,0.59
PsSh,5,11,16,0.31
PsSl,9,13,22,0.41
PsSm,8,11,19,0.42
PsSn,14,16,30,0.47
PsSs,10,15,25,0.4
PsSt,1,3,4,0.25
PsbB,6,11,17,0.35
PsbD,2,0,2,1.0
PsbH,3,2,5,0.6
PsbI,3,1,4,0.75
PsbJ,8,4,12,0.67
PsbK,3,0,3,1.0
PsbL,14,4,18,0.78
PsbM,19,18,37,0.51
PsbN,12,15,27,0.44
PsbP,16,15,31,0.52
PsbS,7,10,17,0.41
Psbb,17,13,30,0.57
Psbl,4,4,8,0.5
Psbm,2,6,8,0.25
Psbn,12,15,27,0.44
Psbs,5,6,11,0.45
PshB,2,0,2,1.0
PshK,0,1,1,0.0
PshL,0,2,2,0.0
PshM,1,1,2,0.5
PshN,1,1,2,0.5
PshP,1,1,2,0.5
PshS,0,0,0,
Pshb,0,0,0,
Pshh,2,0,2,1.0
Pshm,1,2,3,0.33
Pshn,0,1,1,0.0
Pshs,0,0,0,
PslB,3,6,9,0.33
PslD,1,0,1,1.0
PslH,4,2,6,0.67
PslI,1,2,3,0.33
PslJ,2,5,7,0.29
PslL,4,1,5,0.8
PslM,14,7,21,0.67
PslN,5,5,10,0.5
PslP,19,7,26,0.73
PslS,5,4,9,0.56
Pslb,9,7,16,0.56
Psll,6,3,9,0.67
Pslm,5,10,15,0.33
Psln,7,11,18,0.39
Psls,5,6,11,0.45
PsmB,11,8,19,0.58
PsmD,1,0,1,1.0
PsmH,6,4,10,0.6
PsmJ,2,2,4,0.5
PsmK,1,2,3,0.33
PsmL,2,6,8,0.25
PsmM,11,10,21,0.52
PsmN,9,6,15,0.6
PsmP,12,13,25,0.48
PsmS,5,5,10,0.5
Psmb,18,12,30,0.6
Psml,3,7,10,0.3
Psmm,10,4,14,0.71
Psmn,10,6,16,0.62
Psms,10,3,13,0.77
PsnB,1,5,6,0.17
PsnH,6,8,14,0.43
PsnI,0,1,1,0.0
PsnK,0,2,2,0.0
PsnL,3,4,7,0.43
PsnM,9,18,27,0.33
PsnN,7,8,15,0.47
PsnP,8,18,26,0.31
PsnS,3,13,16,0.19
Psnb,19,11,30,0.63
Psnl,5,3,8,0.62
Psnm,12,6,18,0.67
Psnn,7,11,18,0.39
Psns,8,10,18,0.44
PssB,5,3,8,0.62
PssD,3,2,5,0.6
PssH,10,8,18,0.56
PssI,3,2,5,0.6
PssL,2,1,3,0.67
PssM,9,7,16,0.56
PssN,4,12,16,0.25
PssP,13,12,25,0.52
PssS,9,10,19,0.47
Pssb,9,12,21,0.43
Pssh,1,0,1,1.0
Pssl,6,7,13,0.46
Pssm,13,2,15,0.87
Pssn,7,4,11,0.64
Psss,9,9,18,0.5
PstM,1,0,1,1.0
PtBB,0,1,1,0.0
PtBL,3,2,5,0.6
PtBM,1,3,4,0.25
PtBN,0,0,0,
PtBP,1,1,2,0.5
PtBS,1,1,2,0.5
PtBb,0,2,2,0.0
PtBj,1,0,1,1.0
PtBm,2,0,2,1.0
PtBn,4,1,5,0.8
PtBs,0,1,1,0.0
PtDB,0,1,1,0.0
PtDN,0,1,1,0.0
PtDP,1,0,1,1.0
PtDS,1,0,1,1.0
PtDl,0,1,1,0.0
PtDs,1,0,1,1.0
PtHB,1,0,1,1.0
PtHD,0,1,1,0.0
PtHH,0,1,1,0.0
PtHL,0,1,1,0.0
PtHN,2,0,2,1.0
PtHP,1,2,3,0.33
PtHb,0,0,0,
PtHh,1,0,1,1.0
PtHl,0,1,1,0.0
PtHm,1,0,1,1.0
PtHn,2,0,2,1.0
PtHs,1,0,1,1.0
PtKS,0,1,1,0.0
PtLL,1,0,1,1.0
PtLM,1,1,2,0.5
PtLN,2,1,3,0.67
PtLP,2,0,2,1.0
PtLS,0,2,2,0.0
PtLb,0,1,1,0.0
PtLh,0,1,1,0.0
PtLl,0,1,1,0.0
PtLm,1,0,1,1.0
PtLn,2,0,2,1.0
PtLs,1,2,3,0.33
PtMB,0,1,1,0.0
PtML,1,3,4,0.25
PtMM,2,3,5,0.4
PtMN,0,1,1,0.0
PtMP,5,2,7,0.71
PtMS,0,3,3,0.0
PtMb,4,2,6,0.67
PtMh,2,3,5,0.4
PtMj,0,1,1,0.0
PtMl,2,3,5,0.4
PtMm,2,1,3,0.67
PtMn,9,4,13,0.69
PtMs,3,1,4,0.75
PtNB,1,2,3,0.33
PtNL,2,0,2,1.0
PtNM,3,4,7,0.43
PtNN,1,2,3,0.33
PtNP,2,2,4,0.5
PtNS,1,1,2,0.5
PtNb,1,3,4,0.25
PtNh,1,0,1,1.0
PtNl,1,2,3,0.33
PtNm,2,1,3,0.67
PtNn,1,3,4,0.25
PtNs,1,2,3,0.33
PtPH,2,0,2,1.0
PtPI,0,1,1,0.0
PtPK,0,1,1,0.0
PtPL,1,2,3,0.33
PtPM,4,0,4,1.0
PtPN,2,4,6,0.33
PtPP,9,1,10,0.9
PtPS,3,2,5,0.6
PtPb,4,1,5,0.8
PtPh,1,0,1,1.0
PtPl,1,3,4,0.25
PtPm,6,0,6,1.0
PtPn,2,3,5,0.4
PtPs,1,2,3,0.33
PtPt,0,1,1,0.0
PtSB,0,2,2,0.0
PtSH,0,1,1,0.0
PtSK,1,0,1,1.0
PtSM,2,0,2,1.0
PtSN,1,3,4,0.25
PtSP,4,0,4,1.0
PtSS,1,2,3,0.33
PtSb,0,1,1,0.0
PtSh,2,1,3,0.67
PtSl,1,1,2,0.5
PtSm,4,4,8,0.5
PtSn,4,3,7,0.57
PtSs,2,3,5,0.4
PtbB,1,1,2,0.5
PtbH,0,1,1,0.0
PtbJ,1,1,2,0.5
PtbL,1,1,2,0.5
PtbM,3,1,4,0.75
PtbN,3,5,8,0.38
PtbP,2,3,5,0.4
PtbS,1,3,4,0.25
Ptbb,3,2,5,0.6
Ptbl,0,3,3,0.0
Ptbm,2,2,4,0.5
Ptbn,2,2,4,0.5
PthP,1,0,1,1.0
Pthh,1,0,1,1.0
PtlB,2,2,4,0.5
PtlH,0,1,1,0.0
PtlM,2,2,4,0.5
PtlN,1,1,2,0.5
PtlP,2,2,4,0.5
PtlS,0,1,1,0.0
Ptlb,1,3,4,0.25
Ptll,0,1,1,0.0
Ptlm,3,1,4,0.75
Ptln,1,0,1,1.0
PtmB,0,2,2,0.0
PtmD,0,0,0,
PtmH,1,0,1,1.0
PtmJ,1,1,2,0.5
PtmM,4,1,5,0.8
PtmN,4,0,4,1.0
PtmP,2,2,4,0.5
PtmS,2,3,5,0.4
Ptmb,2,3,5,0.4
Ptml,2,1,3,0.67
Ptmm,3,2,5,0.6
Ptmn,2,1,3,0.67
Ptms,1,0,1,1.0
PtnB,0,3,3,0.0
PtnD,1,1,2,0.5
PtnH,0,1,1,0.0
PtnL,0,0,0,
PtnM,2,1,3,0.67
PtnN,2,1,3,0.67
PtnP,3,5,8,0.38
PtnS,0,1,1,0.0
Ptnb,0,2,2,0.0
Ptnl,0,1,1,0.0
Ptnm,1,2,3,0.33
Ptnn,0,1,1,0.0
Ptns,1,1,2,0.5
PtsB,1,2,3,0.33
PtsH,0,0,0,
PtsM,1,1,2,0.5
PtsN,0,1,1,0.0
PtsP,2,3,5,0.4
PtsS,2,2,4,0.5
Ptsb,0,1,1,0.0
Ptsl,0,0,0,
Ptsm,1,0,1,1.0
Ptsn,0,1,1,0.0
Ptss,0,1,1,0.0
PttL,1,1,2,0.5
Pttl,0,1,1,0.0
SBBB,1,2,3,0.33
SBBM,2,2,4,0.5
SBBN,2,3,5,0.4
SBBP,1,6,7,0.14
SBBS,1,2,3,0.33
SBBb,4,5,9,0.44
SBBh,1,1,2,0.5
SBBj,1,1,2,0.5
SBBm,0,5,5,0.0
SBBn,3,9,12,0.25
SBBs,0,0,0,
SBBt,1,0,1,1.0
SBDB,1,0,1,1.0
SBDM,1,0,1,1.0
SBDP,1,0,1,1.0
SBDS,0,0,0,
SBDn,0,1,1,0.0
SBKB,1,0,1,1.0
SBKN,0,1,1,0.0
SBKb,0,1,1,0.0
SBKh,0,0,0,
SBKl,0,1,1,0.0
SBKm,1,1,2,0.5
SBLB,2,0,2,1.0
SBLH,1,0,1,1.0
SBLL,1,3,4,0.25
SBLM,1,1,2,0.5
SBLN,2,1,3,0.67
SBLP,2,2,4,0.5
SBLS,1,1,2,0.5
SBLb,3,4,7,0.43
SBLh,0,4,4,0.0
SBLj,4,1,5,0.8
SBLm,6,2,8,0.75
SBLn,2,6,8,0.25
SBLs,2,0,2,1.0
SBMB,5,4,9,0.56
SBMD,0,1,1,0.0
SBMH,0,1,1,0.0
SBML,0,0,0,
SBMM,6,2,8,0.75
SBMN,1,3,4,0.25
SBMP,2,9,11,0.18
SBMS,0,1,1,0.0
SBMb,4,7,11,0.36
SBMh,2,1,3,0.67
SBMj,0,2,2,0.0
SBMl,3,6,9,0.33
SBMm,5,5,10,0.5
SBMn,11,2,13,0.85
SBMs,3,0,3,1.0
SBMt,1,1,2,0.5
SBNB,2,7,9,0.22
SBNK,0,1,1,0.0
SBNL,7,1,8,0.88
SBNM,5,2,7,0.71
SBNN,7,4,11,0.64
SBNP,9,9,18,0.5
SBNS,3,5,8,0.38
SBNb,8,4,12,0.67
SBNh,0,2,2,0.0
SBNl,1,3,4,0.25
SBNm,4,1,5,0.8
SBNn,9,9,18,0.5
SBNs,4,1,5,0.8
SBNt,1,2,3,0.33
SBPB,3,3,6,0.5
SBPH,1,1,2,0.5
SBPK,4,1,5,0.8
SBPL,1,4,5,0.2
SBPM,4,9,13,0.31
SBPN,7,4,11,0.64
SBPP,8,14,22,0.36
SBPS,2,4,6,0.33
SBPb,4,3,7,0.57
SBPh,3,0,3,1.0
SBPl,1,4,5,0.2
SBPm,7,4,11,0.64
SBPn,7,8,15,0.47
SBPs,3,1,4,0.75
SBPt,0,2,2,0.0
SBSB,1,3,4,0.25
SBSH,2,0,2,1.0
SBSK,0,1,1,0.0
SBSL,0,2,2,0.0
SBSM,5,2,7,0.71
SBSN,3,3,6,0.5
SBSP,5,2,7,0.71
SBSS,2,0,2,1.0
SBSb,9,4,13,0.69
SBSh,2,2,4,0.5
SBSl,2,2,4,0.5
SBSm,7,0,7,1.0
SBSn,4,2,6,0.67
SBSs,3,1,4,0.75
SBSt,0,1,1,0.0
SBbB,6,3,9,0.67
SBbD,0,0,0,
SBbH,1,2,3,0.33
SBbJ,2,2,4,0.5
SBbK,1,0,1,1.0
SBbL,4,2,6,0.67
SBbM,8,2,10,0.8
SBbN,6,7,13,0.46
SBbP,7,10,17,0.41
SBbS,1,3,4,0.25
SBbb,5,7,12,0.42
SBbl,3,3,6,0.5
SBbm,5,1,6,0.83
SBbn,8,4,12,0.67
SBbs,2,4,6,0.33
SBhL,0,0,0,
SBhM,1,0,1,1.0
SBhN,1,1,2,0.5
SBhP,3,4,7,0.43
SBhb,1,1,2,0.5
SBhh,0,2,2,0.0
SBhl,2,1,3,0.67
SBhm,2,0,2,1.0
SBhn,1,0,1,1.0
SBhs,1,1,2,0.5
SBjB,5,1,6,0.83
SBjK,0,1,1,0.0
SBjL,0,1,1,0.0
SBjM,0,5,5,0.0
SBjN,4,1,5,0.8
SBjP,6,3,9,0.67
SBjS,0,0,0,
SBjb,0,1,1,0.0
SBjh,0,0,0,
SBjl,0,1,1,0.0
SBjm,2,2,4,0.5
SBjn,2,4,6,0.33
SBjs,1,0,1,1.0
SBlB,2,1,3,0.67
SBlD,0,1,1,0.0
SBlH,2,1,3,0.67
SBlJ,0,1,1,0.0
SBlL,0,2,2,0.0
SBlM,1,3,4,0.25
SBlN,1,6,7,0.14
SBlP,0,5,5,0.0
SBlS,2,3,5,0.4
SBlb,4,4,8,0.5
SBll,2,1,3,0.67
SBlm,2,2,4,0.5
SBln,0,6,6,0.0
SBmB,1,5,6,0.17
SBmH,3,1,4,0.75
SBmL,0,1,1,0.0
SBmM,3,3,6,0.5
SBmN,8,5,13,0.62
SBmP,5,2,7,0.71
SBmS,2,4,6,0.33
SBmb,1,2,3,0.33
SBml,2,1,3,0.67
SBmm,2,3,5,0.4
SBmn,3,1,4,0.75
SBms,0,1,1,0.0
SBnB,6,5,11,0.55
SBnD,0,0,0,
SBnH,1,1,2,0.5
SBnI,2,0,2,1.0
SBnL,2,3,5,0.4
SBnM,7,3,10,0.7
SBnN,14,8,22,0.64
SBnP,11,13,24,0.46
SBnS,5,5,10,0.5
SBnb,5,7,12,0.42
SBnh,0,0,0,
SBnl,5,3,8,0.62
SBnm,7,8,15,0.47
SBnn,10,13,23,0.43
SBns,3,1,4,0.75
SBsB,3,2,5,0.6
SBsH,5,1,6,0.83
SBsI,1,0,1,1.0
SBsL,1,0,1,1.0
SBsM,4,1,5,0.8
SBsN,2,0,2,1.0
SBsP,4,5,9,0.44
SBsS,2,5,7,0.29
SBsb,2,5,7,0.29
SBsl,3,2,5,0.6
SBsm,4,1,5,0.8
SBsn,4,1,5,0.8
SBss,3,0,3,1.0
SBtB,1,0,1,1.0
SBtM,1,2,3,0.33
SBtN,1,0,1,1.0
SBtP,1,1,2,0.5
SBtS,0,2,2,0.0
SBtb,0,1,1,0.0
SBtl,1,0,1,1.0
SBtm,5,2,7,0.71
SBtn,1,2,3,0.33
SBts,0,1,1,0.0
SBtt,0,1,1,0.0
SDBL,0,2,2,0.0
SDBN,1,0,1,1.0
SDBm,0,1,1,0.0
SDBn,0,0,0,
SDBt,0,1,1,0.0
SDHM,0,1,1,0.0
SDHN,1,0,1,1.0
SDHP,0,1,1,0.0
SDHS,0,1,1,0.0
SDHb,0,1,1,0.0
SDHl,1,0,1,1.0
SDHm,1,0,1,1.0
SDHs,1,0,1,1.0
SDKs,0,1,1,0.0
SDLP,0,2,2,0.0
SDLS,0,1,1,0.0
SDMB,1,0,1,1.0
SDMD,1,0,1,1.0
SDMN,1,0,1,1.0
SDMS,0,1,1,0.0
SDMb,1,1,2,0.5
SDMh,0,1,1,0.0
SDMm,1,1,2,0.5
SDMn,1,0,1,1.0
SDMs,1,0,1,1.0
SDNM,0,1,1,0.0
SDNP,0,1,1,0.0
SDNb,0,1,1,0.0
SDNm,0,1,1,0.0
SDPB,1,1,2,0.5
SDPL,1,1,2,0.5
SDPM,2,0,2,1.0
SDPN,1,0,1,1.0
SDPP,1,0,1,1.0
SDPS,0,3,3,0.0
SDPb,0,1,1,0.0
SDPl,0,0,0,
SDPm,0,1,1,0.0
SDPn,0,1,1,0.0
SDPs,0,2,2,0.0
SDSM,1,0,1,1.0
SDSN,1,3,4,0.25
SDSh,1,0,1,1.0
SDSl,0,1,1,0.0
SDbH,1,0,1,1.0
SDbL,1,0,1,1.0
SDbM,2,1,3,0.67
SDbN,1,0,1,1.0
SDbP,1,0,1,1.0
SDlB,1,0,1,1.0
SDlD,0,1,1,0.0
SDlK,1,0,1,1.0
SDlP,0,0,0,
SDlS,0,1,1,0.0
SDlb,0,2,2,0.0
SDll,0,1,1,0.0
SDls,0,0,0,
SDmB,0,1,1,0.0
SDmP,1,0,1,1.0
SDnB,1,0,1,1.0
SDnN,0,1,1,0.0
SDnP,3,2,5,0.6
SDnS,1,0,1,1.0
SDnm,3,0,3,1.0
SDnn,1,1,2,0.5
SDsS,0,2,2,0.0
SDsb,1,1,2,0.5
SDsm,0,2,2,0.0
SDsn,1,0,1,1.0
SDtl,0,1,1,0.0
SDts,1,0,1,1.0
SHBB,1,0,1,1.0
SHBM,0,0,0,
SHBN,5,1,6,0.83
SHBP,3,3,6,0.5
SHBS,1,0,1,1.0
SHBb,7,4,11,0.64
SHBj,1,1,2,0.5
SHBm,2,1,3,0.67
SHBn,3,2,5,0.6
SHBs,2,2,4,0.5
SHBt,0,1,1,0.0
SHDL,0,0,0,
SHDP,0,1,1,0.0
SHHB,1,1,2,0.5
SHHH,1,0,1,1.0
SHHL,0,1,1,0.0
SHHM,0,3,3,0.0
SHHN,1,1,2,0.5
SHHP,0,1,1,0.0
SHHS,0,1,1,0.0
SHHb,3,0,3,1.0
SHHl,1,2,3,0.33
SHHm,1,0,1,1.0
SHHn,1,1,2,0.5
SHHs,0,1,1,0.0
SHIB,1,0,1,1.0
SHIM,0,1,1,0.0
SHIS,0,1,1,0.0
SHIn,1,0,1,1.0
SHKB,0,1,1,0.0
SHKL,0,1,1,0.0
SHKP,3,0,3,1.0
SHKb,0,1,1,0.0
SHKh,0,1,1,0.0
SHKm,1,0,1,1.0
SHKn,0,0,0,
SHLB,0,1,1,0.0
SHLD,1,0,1,1.0
SHLK,1,0,1,1.0
SHLM,1,0,1,1.0
SHLN,3,1,4,0.75
SHLP,1,1,2,0.5
SHLS,0,0,0,
SHLb,0,2,2,0.0
SHLh,2,2,4,0.5
SHLj,0,0,0,
SHLl,1,1,2,0.5
SHLm,1,0,1,1.0
SHLn,1,4,5,0.2
SHLs,1,0,1,1.0
SHMB,1,2,3,0.33
SHML,2,3,5,0.4
SHMM,5,5,10,0.5
SHMN,2,4,6,0.33
SHMP,3,5,8,0.38
SHMS,1,2,3,0.33
SHMb,5,7,12,0.42
SHMh,2,2,4,0.5
SHMj,0,1,1,0.0
SHMl,1,3,4,0.25
SHMm,0,1,1,0.0
SHMn,6,3,9,0.67
SHMt,1,0,1,1.0
SHNB,4,4,8,0.5
SHNH,0,3,3,0.0
SHNL,1,2,3,0.33
SHNM,6,3,9,0.67
SHNN,3,0,3,1.0
SHNP,6,2,8,0.75
SHNS,2,1,3,0.67
SHNb,4,1,5,0.8
SHNh,3,1,4,0.75
SHNl,2,2,4,0.5
SHNm,5,1,6,0.83
SHNn,2,2,4,0.5
SHNs,3,1,4,0.75
SHNt,1,1,2,0.5
SHPB,5,2,7,0.71
SHPH,1,2,3,0.33
SHPK,0,1,1,0.0
SHPL,1,2,3,0.33
SHPM,5,3,8,0.62
SHPN,2,2,4,0.5
SHPP,5,7,12,0.42
SHPS,0,3,3,0.0
SHPb,5,7,12,0.42
SHPh,1,1,2,0.5
SHPl,2,1,3,0.67
SHPm,3,5,8,0.38
SHPn,4,5,9,0.44
SHPs,2,3,5,0.4
SHSB,3,0,3,1.0
SHSH,1,3,4,0.25
SHSI,1,0,1,1.0
SHSL,0,0,0,
SHSM,2,2,4,0.5
SHSN,1,5,6,0.17
SHSP,3,2,5,0.6
SHSS,9,6,15,0.6
SHSb,2,3,5,0.4
SHSh,4,2,6,0.67
SHSl,0,2,2,0.0
SHSm,0,3,3,0.0
SHSn,4,0,4,1.0
SHSs,5,6,11,0.45
SHbB,5,2,7,0.71
SHbH,3,0,3,1.0
SHbI,1,0,1,1.0
SHbJ,2,1,3,0.67
SHbK,0,1,1,0.0
SHbL,0,2,2,0.0
SHbM,5,5,10,0.5
SHbN,3,6,9,0.33
SHbP,7,3,10,0.7
SHbS,3,1,4,0.75
SHbb,10,3,13,0.77
SHbl,3,0,3,1.0
SHbm,6,1,7,0.86
SHbn,5,6,11,0.45
SHbs,5,5,10,0.5
SHhB,1,0,1,1.0
SHhI,0,1,1,0.0
SHhP,0,0,0,
SHhb,3,2,5,0.6
SHhl,1,2,3,0.33
SHhm,3,0,3,1.0
SHhn,0,0,0,
SHhs,2,1,3,0.67
SHlD,1,0,1,1.0
SHlH,3,0,3,1.0
SHlL,3,0,3,1.0
SHlM,4,1,5,0.8
SHlN,1,2,3,0.33
SHlP,4,3,7,0.57
SHlS,2,2,4,0.5
SHlb,2,6,8,0.25
SHll,1,1,2,0.5
SHlm,1,1,2,0.5
SHln,0,3,3,0.0
SHls,0,5,5,0.0
SHmB,1,1,2,0.5
SHmD,0,1,1,0.0
SHmH,3,0,3,1.0
SHmJ,1,2,3,0.33
SHmL,3,1,4,0.75
SHmM,4,5,9,0.44
SHmN,3,3,6,0.5
SHmP,5,2,7,0.71
SHmS,5,3,8,0.62
SHml,0,1,1,0.0
SHmm,1,3,4,0.25
SHmn,5,2,7,0.71
SHms,4,2,6,0.67
SHnB,2,3,5,0.4
SHnD,1,1,2,0.5
SHnH,0,2,2,0.0
SHnK,1,1,2,0.5
SHnL,1,4,5,0.2
SHnM,9,3,12,0.75
SHnN,7,4,11,0.64
SHnP,2,2,4,0.5
SHnS,5,2,7,0.71
SHnb,0,2,2,0.0
SHnl,1,0,1,1.0
SHnm,4,3,7,0.57
SHnn,3,5,8,0.38
SHns,4,3,7,0.57
SHsB,2,0,2,1.0
SHsD,1,1,2,0.5
SHsH,0,6,6,0.0
SHsL,2,0,2,1.0
SHsM,3,0,3,1.0
SHsN,4,2,6,0.67
SHsP,6,8,14,0.43
SHsS,2,3,5,0.4
SHsb,5,4,9,0.56
SHsh,1,0,1,1.0
SHsl,3,0,3,1.0
SHsm,3,1,4,0.75
SHsn,3,5,8,0.38
SHss,1,2,3,0.33
SHtM,0,1,1,0.0
SHtN,0,1,1,0.0
SHtb,2,0,2,1.0
SHtm,1,0,1,1.0
SHts,1,0,1,1.0
SIBN,0,1,1,0.0
SIKh,0,0,0,
SILb,1,0,1,1.0
SIMB,0,0,0,
SIMh,0,1,1,0.0
SIMn,0,1,1,0.0
SINm,1,0,1,1.0
SIPm,1,0,1,1.0
SISL,0,1,1,0.0
SIbN,0,1,1,0.0
SIbP,1,0,1,1.0
SInK,1,0,1,1.0
SIsL,0,1,1,0.0
SIss,0,1,1,0.0
SKBL,1,0,1,1.0
SKBP,1,0,1,1.0
SKBb,0,1,1,0.0
SKBn,1,1,2,0.5
SKHL,1,0,1,1.0
SKHN,0,1,1,0.0
SKKs,0,1,1,0.0
SKLN,1,0,1,1.0
SKLl,0,0,0,
SKLm,1,0,1,1.0
SKLs,0,1,1,0.0
SKMB,1,0,1,1.0
SKMM,1,0,1,1.0
SKMh,0,1,1,0.0
SKMn,0,1,1,0.0
SKNM,0,1,1,0.0
SKNS,0,1,1,0.0
SKNl,0,1,1,0.0
SKNn,1,1,2,0.5
SKPB,2,0,2,1.0
SKPK,1,0,1,1.0
SKPb,1,0,1,1.0
SKPm,1,0,1,1.0
SKPn,1,1,2,0.5
SKPt,0,1,1,0.0
SKSP,1,1,2,0.5
SKSs,0,1,1,0.0
SKbB,0,0,0,
SKbl,1,0,1,1.0
SKbm,0,1,1,0.0
SKbn,2,0,2,1.0
SKhL,1,0,1,1.0
SKhM,0,1,1,0.0
SKhP,0,1,1,0.0
SKhS,0,0,0,
SKhh,0,0,0,
SKhl,0,1,1,0.0
SKlB,1,0,1,1.0
SKlN,0,1,1,0.0
SKlb,0,1,1,0.0
SKls,0,1,1,0.0
SKmM,0,1,1,0.0
SKmP,1,0,1,1.0
SKmb,1,0,1,1.0
SKml,0,0,0,
SKmm,1,1,2,0.5
SKmn,0,1,1,0.0
SKms,0,1,1,0.0
SKnM,1,1,2,0.5
SKnN,1,0,1,1.0
SKnS,1,1,2,0.5
SKnb,0,2,2,0.0
SKnn,2,0,2,1.0
SKns,0,1,1,0.0
SKsB,0,1,1,0.0
SKsK,0,0,0,
SKsL,0,0,0,
SKsN,1,0,1,1.0
SKsP,0,0,0,
SKsl,0,1,1,0.0
SKss,0,0,0,
SLBB,2,4,6,0.33
SLBL,1,3,4,0.25
SLBM,2,4,6,0.33
SLBN,1,1,2,0.5
SLBP,5,2,7,0.71
SLBS,0,1,1,0.0
SLBb,5,3,8,0.62
SLBj,0,1,1,0.0
SLBl,0,1,1,0.0
SLBm,6,1,7,0.86
SLBn,6,2,8,0.75
SLBs,2,1,3,0.67
SLDP,1,0,1,1.0
SLKb,0,1,1,0.0
SLKh,0,1,1,0.0
SLKl,1,0,1,1.0
SLKn,0,1,1,0.0
SLLM,1,0,1,1.0
SLLN,0,1,1,0.0
SLLP,2,3,5,0.4
SLLS,1,1,2,0.5
SLLb,2,2,4,0.5
SLLh,0,2,2,0.0
SLLl,2,0,2,1.0
SLLm,0,0,0,
SLLn,2,0,2,1.0
SLLs,1,0,1,1.0
SLLt,0,1,1,0.0
SLMB,4,2,6,0.67
SLML,1,0,1,1.0
SLMM,4,3,7,0.57
SLMN,2,1,3,0.67
SLMP,2,5,7,0.29
SLMS,2,3,5,0.4
SLMb,8,1,9,0.89
SLMh,3,1,4,0.75
SLMj,0,3,3,0.0
SLMl,4,2,6,0.67
SLMm,2,2,4,0.5
SLMn,8,5,13,0.62
SLMs,2,1,3,0.67
SLMt,0,1,1,0.0
SLNB,0,2,2,0.0
SLND,1,1,2,0.5
SLNH,1,0,1,1.0
SLNK,0,2,2,0.0
SLNL,0,2,2,0.0
SLNM,2,6,8,0.25
SLNN,2,5,7,0.29
SLNP,3,6,9,0.33
SLNS,1,1,2,0.5
SLNb,3,3,6,0.5
SLNh,2,0,2,1.0
SLNl,3,1,4,0.75
SLNm,4,0,4,1.0
SLNn,6,6,12,0.5
SLNs,1,1,2,0.5
SLNt,0,2,2,0.0
SLPB,2,4,6,0.33
SLPH,3,0,3,1.0
SLPK,0,1,1,0.0
SLPL,4,5,9,0.44
SLPM,2,0,2,1.0
SLPN,2,2,4,0.5
SLPP,13,8,21,0.62
SLPS,4,4,8,0.5
SLPb,5,4,9,0.56
SLPl,1,0,1,1.0
SLPm,3,1,4,0.75
SLPn,2,5,7,0.29
SLPs,3,2,5,0.6
SLPt,0,0,0,
SLSB,2,3,5,0.4
SLSK,0,1,1,0.0
SLSL,2,1,3,0.67
SLSM,4,4,8,0.5
SLSN,1,2,3,0.33
SLSP,2,3,5,0.4
SLSS,3,3,6,0.5
SLSb,2,6,8,0.25
SLSh,4,3,7,0.57
SLSl,2,0,2,1.0
SLSm,3,3,6,0.5
SLSn,1,0,1,1.0
SLSs,1,3,4,0.25
SLSt,1,0,1,1.0
SLbB,0,5,5,0.0
SLbD,2,0,2,1.0
SLbJ,0,3,3,0.0
SLbK,0,2,2,0.0
SLbL,1,2,3,0.33
SLbM,1,2,3,0.33
SLbN,4,7,11,0.36
SLbP,8,2,10,0.8
SLbS,4,3,7,0.57
SLbb,7,4,11,0.64
SLbl,5,3,8,0.62
SLbm,1,5,6,0.17
SLbn,3,5,8,0.38
SLbs,3,1,4,0.75
SLhD,0,1,1,0.0
SLhH,1,0,1,1.0
SLhL,2,1,3,0.67
SLhM,1,3,4,0.25
SLhN,5,2,7,0.71
SLhP,2,3,5,0.4
SLhb,0,4,4,0.0
SLhh,0,1,1,0.0
SLhl,3,0,3,1.0
SLhm,0,1,1,0.0
SLhn,1,2,3,0.33
SLhs,1,0,1,1.0
SLjB,0,2,2,0.0
SLjK,1,0,1,1.0
SLjL,2,0,2,1.0
SLjM,1,1,2,0.5
SLjN,2,0,2,1.0
SLjP,3,1,4,0.75
SLjb,0,2,2,0.0
SLjm,1,1,2,0.5
SLjs,1,1,2,0.5
SLlB,1,1,2,0.5
SLlH,0,1,1,0.0
SLlJ,0,1,1,0.0
SLlK,1,0,1,1.0
SLlL,1,0,1,1.0
SLlM,0,3,3,0.0
SLlN,5,2,7,0.71
SLlP,4,2,6,0.67
SLlS,0,1,1,0.0
SLlb,3,0,3,1.0
SLll,1,0,1,1.0
SLlm,3,0,3,1.0
SLln,1,1,2,0.5
SLls,0,2,2,0.0
SLmB,4,3,7,0.57
SLmH,3,1,4,0.75
SLmI,0,1,1,0.0
SLmJ,1,0,1,1.0
SLmL,1,0,1,1.0
SLmM,3,2,5,0.6
SLmN,2,3,5,0.4
SLmP,6,7,13,0.46
SLmS,2,1,3,0.67
SLmb,1,2,3,0.33
SLmm,2,1,3,0.67
SLmn,5,3,8,0.62
SLms,1,2,3,0.33
SLnB,1,2,3,0.33
SLnD,1,0,1,1.0
SLnH,0,2,2,0.0
SLnL,2,1,3,0.67
SLnM,6,5,11,0.55
SLnN,7,5,12,0.58
SLnP,9,8,17,0.53
SLnS,6,5,11,0.55
SLnb,6,4,10,0.6
SLnh,0,1,1,0.0
SLnl,4,2,6,0.67
SLnm,5,0,5,1.0
SLnn,9,4,13,0.69
SLns,2,1,3,0.67
SLsB,2,0,2,1.0
SLsH,3,1,4,0.75
SLsL,1,0,1,1.0
SLsM,1,1,2,0.5
SLsN,4,2,6,0.67
SLsP,4,5,9,0.44
SLsS,1,5,6,0.17
SLsb,2,0,2,1.0
SLsl,0,1,1,0.0
SLsm,2,1,3,0.67
SLsn,4,1,5,0.8
SLss,5,2,7,0.71
SLtH,0,1,1,0.0
SLtM,0,1,1,0.0
SLtN,0,2,2,0.0
SLtP,1,0,1,1.0
SLtS,1,0,1,1.0
SLtb,0,1,1,0.0
SLtl,0,1,1,0.0
SLtn,1,1,2,0.5
SLts,1,0,1,1.0
SMBB,5,3,8,0.62
SMBD,1,1,2,0.5
SMBK,1,1,2,0.5
SMBL,0,0,0,
SMBM,3,2,5,0.6
SMBN,10,9,19,0.53
SMBP,7,7,14,0.5
SMBS,2,6,8,0.25
SMBb,7,4,11,0.64
SMBj,3,2,5,0.6
SMBl,1,1,2,0.5
SMBm,8,3,11,0.73
SMBn,7,12,19,0.37
SMBt,1,1,2,0.5
SMDH,0,2,2,0.0
SMDM,0,1,1,0.0
SMDN,1,0,1,1.0
SMDP,1,0,1,1.0
SMDb,1,2,3,0.33
SMDm,0,0,0,
SMDn,2,1,3,0.67
SMHM,0,0,0,
SMHs,0,1,1,0.0
SMKB,0,0,0,
SMKS,0,1,1,0.0
SMLB,2,1,3,0.67
SMLD,0,1,1,0.0
SMLM,5,3,8,0.62
SMLN,4,7,11,0.36
SMLP,4,2,6,0.67
SMLS,1,3,4,0.25
SMLb,4,2,6,0.67
SMLh,3,2,5,0.6
SMLj,2,1,3,0.67
SMLl,6,2,8,0.75
SMLm,2,6,8,0.25
SMLn,5,8,13,0.38
SMLs,1,1,2,0.5
SMLt,1,1,2,0.5
SMMB,8,7,15,0.53
SMMD,2,0,2,1.0
SMMK,1,0,1,1.0
SMML,3,3,6,0.5
SMMM,9,5,14,0.64
SMMN,7,6,13,0.54
SMMP,9,14,23,0.39
SMMS,3,2,5,0.6
SMMb,8,11,19,0.42
SMMh,9,7,16,0.56
SMMj,2,2,4,0.5
SMMl,5,2,7,0.71
SMMm,2,6,8,0.25
SMMn,11,15,26,0.42
SMMs,8,4,12,0.67
SMMt,2,2,4,0.5
SMNB,2,5,7,0.29
SMNH,0,1,1,0.0
SMNI,1,0,1,1.0
SMNK,0,1,1,0.0
SMNL,3,3,6,0.5
SMNM,6,16,22,0.27
SMNN,13,9,22,0.59
SMNP,9,16,25,0.36
SMNS,9,7,16,0.56
SMNb,15,8,23,0.65
SMNh,0,3,3,0.0
SMNl,2,2,4,0.5
SMNm,2,3,5,0.4
SMNn,11,13,24,0.46
SMNs,4,5,9,0.44
SMNt,1,1,2,0.5
SMPB,11,7,18,0.61
SMPH,8,5,13,0.62
SMPI,1,0,1,1.0
SMPK,0,1,1,0.0
SMPL,5,3,8,0.62
SMPM,11,16,27,0.41
SMPN,11,14,25,0.44
SMPP,15,21,36,0.42
SMPS,9,10,19,0.47
SMPb,16,6,22,0.73
SMPh,0,1,1,0.0
SMPl,6,7,13,0.46
SMPm,10,4,14,0.71
SMPn,13,11,24,0.54
SMPs,7,10,17,0.41
SMPt,2,0,2,1.0
SMSB,2,5,7,0.29
SMSH,4,3,7,0.57
SMSL,2,3,5,0.4
SMSM,4,9,13,0.31
SMSN,8,5,13,0.62
SMSP,6,2,8,0.75
SMSS,7,4,11,0.64
SMSb,7,7,14,0.5
SMSh,2,7,9,0.22
SMSl,3,1,4,0.75
SMSm,3,3,6,0.5
SMSn,10,10,20,0.5
SMSs,9,4,13,0.69
SMbB,10,8,18,0.56
SMbD,1,1,2,0.5
SMbH,4,5,9,0.44
SMbI,2,1,3,0.67
SMbJ,2,1,3,0.67
SMbK,2,4,6,0.33
SMbL,3,4,7,0.43
SMbM,11,6,17,0.65
SMbN,13,19,32,0.41
SMbP,12,10,22,0.55
SMbS,5,9,14,0.36
SMbb,11,13,24,0.46
SMbl,2,5,7,0.29
SMbm,4,10,14,0.29
SMbn,13,6,19,0.68
SMbs,8,5,13,0.62
SMhB,5,7,12,0.42
SMhD,1,0,1,1.0
SMhH,1,1,2,0.5
SMhK,0,1,1,0.0
SMhL,2,1,3,0.67
SMhM,8,11,19,0.42
SMhN,5,6,11,0.45
SMhP,9,13,22,0.41
SMhS,4,5,9,0.44
SMhb,6,9,15,0.4
SMhh,8,10,18,0.44
SMhl,5,2,7,0.71
SMhm,7,6,13,0.54
SMhn,8,10,18,0.44
SMhs,11,6,17,0.65
SMht,1,2,3,0.33
SMjB,1,1,2,0.5
SMjH,3,1,4,0.75
SMjI,0,1,1,0.0
SMjL,2,3,5,0.4
SMjM,3,2,5,0.6
SMjN,4,1,5,0.8
SMjP,5,3,8,0.62
SMjS,0,2,2,0.0
SMjb,1,2,3,0.33
SMjh,1,0,1,1.0
SMjl,1,0,1,1.0
SMjm,1,0,1,1.0
SMjn,5,3,8,0.62
SMjs,0,2,2,0.0
SMlB,1,3,4,0.25
SMlH,4,3,7,0.57
SMlJ,1,0,1,1.0
SMlL,1,0,1,1.0
SMlM,7,6,13,0.54
SMlN,2,3,5,0.4
SMlP,6,5,11,0.55
SMlS,4,4,8,0.5
SMlb,8,3,11,0.73
SMll,1,0,1,1.0
SMlm,3,3,6,0.5
SMln,3,0,3,1.0
SMls,1,1,2,0.5
SMmB,8,8,16,0.5
SMmD,1,1,2,0.5
SMmH,8,7,15,0.53
SMmI,1,2,3,0.33
SMmJ,2,1,3,0.67
SMmK,0,2,2,0.0
SMmL,6,4,10,0.6
SMmM,5,6,11,0.45
SMmN,4,6,10,0.4
SMmP,5,7,12,0.42
SMmS,4,3,7,0.57
SMmb,9,10,19,0.47
SMml,2,2,4,0.5
SMmm,5,7,12,0.42
SMmn,8,3,11,0.73
SMms,4,3,7,0.57
SMnB,5,7,12,0.42
SMnD,1,1,2,0.5
SMnH,6,6,12,0.5
SMnI,3,3,6,0.5
SMnK,0,1,1,0.0
SMnL,3,5,8,0.38
SMnM,14,9,23,0.61
SMnN,15,20,35,0.43
SMnP,26,12,38,0.68
SMnS,5,7,12,0.42
SMnb,16,19,35,0.46
SMnl,12,1,13,0.92
SMnm,8,8,16,0.5
SMnn,16,22,38,0.42
SMns,11,5,16,0.69
SMsB,2,3,5,0.4
SMsD,1,0,1,1.0
SMsH,7,5,12,0.58
SMsI,1,0,1,1.0
SMsL,2,2,4,0.5
SMsM,8,8,16,0.5
SMsN,4,2,6,0.67
SMsP,8,7,15,0.53
SMsS,4,4,8,0.5
SMsb,6,8,14,0.43
SMsl,6,0,6,1.0
SMsm,2,2,4,0.5
SMsn,8,3,11,0.73
SMss,1,2,3,0.33
SMtB,1,1,2,0.5
SMtH,1,0,1,1.0
SMtL,3,0,3,1.0
SMtM,0,3,3,0.0
SMtN,0,1,1,0.0
SMtP,4,0,4,1.0
SMtS,0,1,1,0.0
SMtb,1,1,2,0.5
SMtl,1,1,2,0.5
SMtm,1,1,2,0.5
SMtn,3,1,4,0.75
SMtt,1,0,1,1.0
SNBB,2,6,8,0.25
SNBK,1,1,2,0.5
SNBL,2,1,3,0.67
SNBM,3,8,11,0.27
SNBN,8,3,11,0.73
SNBP,3,5,8,0.38
SNBS,3,3,6,0.5
SNBb,2,4,6,0.33
SNBh,0,1,1,0.0
SNBj,3,2,5,0.6
SNBl,0,0,0,
SNBm,2,3,5,0.4
SNBn,9,4,13,0.69
SNBs,5,2,7,0.71
SNBt,1,2,3,0.33
SNDL,0,0,0,
SNDM,0,1,1,0.0
SNDN,1,0,1,1.0
SNDS,0,1,1,0.0
SNDm,1,0,1,1.0
SNDn,0,1,1,0.0
SNHB,0,1,1,0.0
SNHN,3,1,4,0.75
SNHP,0,2,2,0.0
SNHS,1,0,1,1.0
SNHb,1,0,1,1.0
SNHh,0,1,1,0.0
SNHl,1,1,2,0.5
SNHm,2,1,3,0.67
SNHn,3,2,5,0.6
SNHs,1,0,1,1.0
SNHt,0,1,1,0.0
SNIH,0,1,1,0.0
SNKB,0,1,1,0.0
SNKM,1,0,1,1.0
SNKN,1,1,2,0.5
SNKP,2,0,2,1.0
SNKS,0,2,2,0.0
SNKb,2,2,4,0.5
SNKl,1,0,1,1.0
SNKm,0,2,2,0.0
SNKn,1,0,1,1.0
SNLB,1,2,3,0.33
SNLK,1,0,1,1.0
SNLL,2,3,5,0.4
SNLM,2,1,3,0.67
SNLN,4,4,8,0.5
SNLP,3,4,7,0.43
SNLS,4,3,7,0.57
SNLb,1,1,2,0.5
SNLh,1,1,2,0.5
SNLj,2,0,2,1.0
SNLl,2,2,4,0.5
SNLm,2,0,2,1.0
SNLn,3,1,4,0.75
SNLs,0,1,1,0.0
SNLt,0,0,0,
SNMB,5,4,9,0.56
SNML,1,2,3,0.33
SNMM,13,9,22,0.59
SNMN,6,4,10,0.6
SNMP,11,7,18,0.61
SNMS,6,6,12,0.5
SNMb,13,9,22,0.59
SNMh,9,7,16,0.56
SNMj,2,2,4,0.5
SNMl,3,2,5,0.6
SNMm,5,7,12,0.42
SNMn,14,9,23,0.61
SNMs,2,3,5,0.4
SNMt,1,2,3,0.33
SNNB,10,3,13,0.77
SNNH,2,2,4,0.5
SNNK,1,0,1,1.0
SNNL,2,1,3,0.67
SNNM,8,9,17,0.47
SNNN,13,14,27,0.48
SNNP,7,10,17,0.41
SNNS,5,7,12,0.42
SNNb,16,10,26,0.62
SNNh,3,7,10,0.3
SNNl,6,1,7,0.86
SNNm,7,4,11,0.64
SNNn,15,8,23,0.65
SNNs,8,5,13,0.62
SNNt,4,0,4,1.0
SNPB,7,7,14,0.5
SNPD,0,0,0,
SNPH,1,3,4,0.25
SNPI,2,2,4,0.5
SNPK,2,0,2,1.0
SNPL,2,4,6,0.33
SNPM,13,13,26,0.5
SNPN,16,14,30,0.53
SNPP,31,22,53,0.58
SNPS,3,14,17,0.18
SNPb,17,15,32,0.53
SNPh,2,2,4,0.5
SNPl,11,7,18,0.61
SNPm,13,8,21,0.62
SNPn,9,10,19,0.47
SNPs,4,10,14,0.29
SNPt,0,1,1,0.0
SNSB,6,6,12,0.5
SNSD,3,0,3,1.0
SNSH,3,4,7,0.43
SNSK,1,0,1,1.0
SNSL,4,5,9,0.44
SNSM,4,3,7,0.57
SNSN,8,3,11,0.73
SNSP,14,9,23,0.61
SNSS,4,5,9,0.44
SNSb,6,2,8,0.75
SNSh,2,8,10,0.2
SNSl,2,4,6,0.33
SNSm,4,5,9,0.44
SNSn,11,8,19,0.58
SNSs,8,5,13,0.62
SNSt,1,0,1,1.0
SNbB,5,4,9,0.56
SNbD,0,1,1,0.0
SNbH,3,2,5,0.6
SNbI,1,2,3,0.33
SNbJ,4,4,8,0.5
SNbK,1,1,2,0.5
SNbL,2,3,5,0.4
SNbM,3,13,16,0.19
SNbN,12,11,23,0.52
SNbP,9,12,21,0.43
SNbS,8,5,13,0.62
SNbb,7,4,11,0.64
SNbl,1,3,4,0.25
SNbm,7,6,13,0.54
SNbn,11,9,20,0.55
SNbs,5,3,8,0.62
SNhB,2,4,6,0.33
SNhH,1,0,1,1.0
SNhL,1,1,2,0.5
SNhM,5,3,8,0.62
SNhN,3,1,4,0.75
SNhP,5,6,11,0.45
SNhS,3,3,6,0.5
SNhb,4,5,9,0.44
SNhh,4,0,4,1.0
SNhl,1,2,3,0.33
SNhm,7,1,8,0.88
SNhn,8,4,12,0.67
SNhs,4,2,6,0.67
SNht,0,1,1,0.0
SNlB,1,2,3,0.33
SNlH,0,1,1,0.0
SNlI,2,2,4,0.5
SNlJ,1,2,3,0.33
SNlK,0,1,1,0.0
SNlL,0,1,1,0.0
SNlM,1,4,5,0.2
SNlN,7,8,15,0.47
SNlP,9,4,13,0.69
SNlS,0,2,2,0.0
SNlb,6,4,10,0.6
SNll,1,3,4,0.25
SNlm,2,2,4,0.5
SNln,4,2,6,0.67
SNls,3,4,7,0.43
SNmB,3,3,6,0.5
SNmD,1,0,1,1.0
SNmH,3,6,9,0.33
SNmJ,1,2,3,0.33
SNmK,0,1,1,0.0
SNmL,3,0,3,1.0
SNmM,5,10,15,0.33
SNmN,13,8,21,0.62
SNmP,8,6,14,0.57
SNmS,4,6,10,0.4
SNmb,2,6,8,0.25
SNml,1,0,1,1.0
SNmm,3,3,6,0.5
SNmn,1,10,11,0.09
SNms,4,3,7,0.57
SNnB,5,6,11,0.45
SNnH,6,6,12,0.5
SNnI,1,3,4,0.25
SNnK,1,1,2,0.5
SNnL,9,3,12,0.75
SNnM,8,9,17,0.47
SNnN,14,11,25,0.56
SNnP,24,21,45,0.53
SNnS,17,10,27,0.63
SNnb,9,11,20,0.45
SNnl,4,4,8,0.5
SNnm,7,9,16,0.44
SNnn,20,15,35,0.57
SNns,9,11,20,0.45
SNsB,5,1,6,0.83
SNsD,1,0,1,1.0
SNsH,3,6,9,0.33
SNsI,0,1,1,0.0
SNsK,0,1,1,0.0
SNsL,0,3,3,0.0
SNsM,3,7,10,0.3
SNsN,4,4,8,0.5
SNsP,9,6,15,0.6
SNsS,5,6,11,0.45
SNsb,4,3,7,0.57
SNsl,3,3,6,0.5
SNsm,6,2,8,0.75
SNsn,6,5,11,0.55
SNss,5,2,7,0.71
SNtB,2,2,4,0.5
SNtH,1,1,2,0.5
SNtK,0,1,1,0.0
SNtL,0,3,3,0.0
SNtM,1,3,4,0.25
SNtN,1,0,1,1.0
SNtP,4,1,5,0.8
SNtS,1,1,2,0.5
SNtb,4,1,5,0.8
SNtl,1,0,1,1.0
SNtm,1,0,1,1.0
SNtn,2,0,2,1.0
SNts,3,2,5,0.6
SPBB,7,7,14,0.5
SPBD,0,1,1,0.0
SPBK,0,1,1,0.0
SPBL,1,1,2,0.5
SPBM,12,7,19,0.63
SPBN,8,17,25,0.32
SPBP,10,7,17,0.59
SPBS,1,10,11,0.09
SPBb,11,4,15,0.73
SPBh,1,3,4,0.25
SPBj,2,2,4,0.5
SPBl,3,3,6,0.5
SPBm,6,5,11,0.55
SPBn,6,12,18,0.33
SPBs,5,3,8,0.62
SPBt,0,1,1,0.0
SPDD,1,1,2,0.5
SPDL,0,0,0,
SPDM,0,0,0,
SPDN,1,3,4,0.25
SPDP,2,0,2,1.0
SPDb,1,0,1,1.0
SPDl,0,1,1,0.0
SPDm,1,1,2,0.5
SPDn,0,1,1,0.0
SPHB,2,3,5,0.4
SPHH,0,0,0,
SPHK,1,0,1,1.0
SPHL,0,1,1,0.0
SPHM,4,3,7,0.57
SPHN,4,4,8,0.5
SPHP,5,11,16,0.31
SPHS,2,4,6,0.33
SPHb,7,5,12,0.58
SPHh,2,6,8,0.25
SPHl,3,3,6,0.5
SPHm,4,2,6,0.67
SPHn,0,7,7,0.0
SPHs,3,5,8,0.38
SPIB,0,1,1,0.0
SPID,0,1,1,0.0
SPIH,0,1,1,0.0
SPIL,0,1,1,0.0
SPIM,0,1,1,0.0
SPIN,0,1,1,0.0
SPIP,2,2,4,0.5
SPIS,2,2,4,0.5
SPIl,1,0,1,1.0
SPIm,1,0,1,1.0
SPIn,1,0,1,1.0
SPKL,0,1,1,0.0
SPKM,2,2,4,0.5
SPKN,1,2,3,0.33
SPKP,4,1,5,0.8
SPKS,0,2,2,0.0
SPKb,2,2,4,0.5
SPKh,3,0,3,1.0
SPKl,1,1,2,0.5
SPKm,0,1,1,0.0
SPKn,1,1,2,0.5
SPKs,1,0,1,1.0
SPLB,5,4,9,0.56
SPLK,1,1,2,0.5
SPLL,4,1,5,0.8
SPLM,5,5,10,0.5
SPLN,8,6,14,0.57
SPLP,5,6,11,0.45
SPLS,4,5,9,0.44
SPLb,9,9,18,0.5
SPLh,5,1,6,0.83
SPLj,0,5,5,0.0
SPLl,6,2,8,0.75
SPLm,2,7,9,0.22
SPLn,6,5,11,0.55
SPLs,3,6,9,0.33
SPLt,0,1,1,0.0
SPMB,11,5,16,0.69
SPMD,0,1,1,0.0
SPML,7,8,15,0.47
SPMM,11,10,21,0.52
SPMN,13,10,23,0.57
SPMP,12,19,31,0.39
SPMS,6,5,11,0.55
SPMb,21,21,42,0.5
SPMh,12,15,27,0.44
SPMj,2,6,8,0.25
SPMl,10,5,15,0.67
SPMm,13,7,20,0.65
SPMn,15,21,36,0.42
SPMs,4,8,12,0.33
SPMt,1,0,1,1.0
SPNB,10,4,14,0.71
SPND,1,1,2,0.5
SPNH,0,2,2,0.0
SPNK,1,0,1,1.0
SPNL,3,3,6,0.5
SPNM,20,11,31,0.65
SPNN,13,13,26,0.5
SPNP,32,16,48,0.67
SPNS,15,12,27,0.56
SPNb,12,19,31,0.39
SPNh,10,7,17,0.59
SPNl,7,4,11,0.64
SPNm,18,5,23,0.78
SPNn,8,14,22,0.36
SPNs,9,6,15,0.6
SPNt,1,1,2,0.5
SPPB,16,14,30,0.53
SPPD,3,1,4,0.75
SPPH,6,6,12,0.5
SPPI,0,4,4,0.0
SPPK,3,3,6,0.5
SPPL,10,15,25,0.4
SPPM,20,26,46,0.43
SPPN,24,32,56,0.43
SPPP,33,33,66,0.5
SPPS,12,23,35,0.34
SPPb,24,16,40,0.6
SPPh,1,2,3,0.33
SPPl,16,11,27,0.59
SPPm,18,8,26,0.69
SPPn,14,20,34,0.41
SPPs,15,14,29,0.52
SPPt,4,0,4,1.0
SPSB,4,6,10,0.4
SPSD,2,1,3,0.67
SPSH,4,6,10,0.4
SPSL,6,3,9,0.67
SPSM,17,12,29,0.59
SPSN,6,8,14,0.43
SPSP,12,14,26,0.46
SPSS,13,20,33,0.39
SPSb,15,16,31,0.48
SPSh,9,5,14,0.64
SPSl,5,1,6,0.83
SPSm,9,8,17,0.53
SPSn,10,16,26,0.38
SPSs,11,4,15,0.73
SPSt,5,3,8,0.62
SPbB,9,8,17,0.53
SPbD,2,2,4,0.5
SPbH,4,5,9,0.44
SPbI,1,3,4,0.25
SPbJ,4,7,11,0.36
SPbK,1,2,3,0.33
SPbL,7,2,9,0.78
SPbM,15,24,39,0.38
SPbN,12,28,40,0.3
SPbP,33,23,56,0.59
SPbS,8,10,18,0.44
SPbb,16,20,36,0.44
SPbl,7,8,15,0.47
SPbm,8,10,18,0.44
SPbn,14,13,27,0.52
SPbs,7,9,16,0.44
SPhD,1,0,1,1.0
SPhL,0,2,2,0.0
SPhM,3,2,5,0.6
SPhN,0,1,1,0.0
SPhP,2,4,6,0.33
SPhS,0,1,1,0.0
SPhb,1,1,2,0.5
SPhh,0,6,6,0.0
SPhl,2,2,4,0.5
SPhm,0,0,0,
SPhn,5,1,6,0.83
SPhs,1,3,4,0.25
SPht,0,1,1,0.0
SPlB,0,7,7,0.0
SPlH,2,6,8,0.25
SPlJ,1,2,3,0.33
SPlL,3,5,8,0.38
SPlM,9,7,16,0.56
SPlN,11,7,18,0.61
SPlP,14,5,19,0.74
SPlS,7,8,15,0.47
SPlb,8,8,16,0.5
SPll,2,5,7,0.29
SPlm,2,5,7,0.29
SPln,5,3,8,0.62
SPls,5,2,7,0.71
SPmB,8,10,18,0.44
SPmD,2,2,4,0.5
SPmH,6,8,14,0.43
SPmJ,2,0,2,1.0
SPmL,4,4,8,0.5
SPmM,9,13,22,0.41
SPmN,8,11,19,0.42
SPmP,12,13,25,0.48
SPmS,7,5,12,0.58
SPmb,8,9,17,0.47
SPml,5,3,8,0.62
SPmm,3,7,10,0.3
SPmn,8,13,21,0.38
SPms,1,3,4,0.25
SPnB,5,9,14,0.36
SPnH,6,6,12,0.5
SPnI,2,0,2,1.0
SPnK,1,1,2,0.5
SPnL,8,4,12,0.67
SPnM,17,18,35,0.49
SPnN,13,19,32,0.41
SPnP,25,22,47,0.53
SPnS,12,18,30,0.4
SPnb,17,20,37,0.46
SPnh,0,3,3,0.0
SPnl,3,9,12,0.25
SPnm,12,7,19,0.63
SPnn,15,10,25,0.6
SPns,8,16,24,0.33
SPsB,4,6,10,0.4
SPsH,6,13,19,0.32
SPsI,1,1,2,0.5
SPsK,1,0,1,1.0
SPsL,3,6,9,0.33
SPsM,10,12,22,0.45
SPsN,9,5,14,0.64
SPsP,4,15,19,0.21
SPsS,10,6,16,0.62
SPsb,12,11,23,0.52
SPsl,10,10,20,0.5
SPsm,5,6,11,0.45
SPsn,14,5,19,0.74
SPss,4,10,14,0.29
SPst,1,0,1,1.0
SPtB,1,0,1,1.0
SPtD,2,1,3,0.67
SPtH,2,0,2,1.0
SPtK,1,0,1,1.0
SPtM,3,0,3,1.0
SPtN,3,3,6,0.5
SPtP,6,1,7,0.86
SPtS,1,3,4,0.25
SPtb,1,1,2,0.5
SPtl,1,1,2,0.5
SPtm,2,1,3,0.67
SPtn,1,0,1,1.0
SPts,0,1,1,0.0
SPtt,0,1,1,0.0
SSBB,3,6,9,0.33
SSBL,2,1,3,0.67
SSBM,4,5,9,0.44
SSBN,3,3,6,0.5
SSBP,5,4,9,0.56
SSBS,4,1,5,0.8
SSBb,3,3,6,0.5
SSBh,1,0,1,1.0
SSBj,3,2,5,0.6
SSBl,3,2,5,0.6
SSBm,8,2,10,0.8
SSBn,6,5,11,0.55
SSBs,4,2,6,0.67
SSBt,3,1,4,0.75
SSDB,1,0,1,1.0
SSDH,0,0,0,
SSDM,0,3,3,0.0
SSDN,1,0,1,1.0
SSDP,0,1,1,0.0
SSDS,1,0,1,1.0
SSDb,1,0,1,1.0
SSDn,0,1,1,0.0
SSHB,2,3,5,0.4
SSHD,1,0,1,1.0
SSHH,0,1,1,0.0
SSHL,1,3,4,0.25
SSHM,6,6,12,0.5
SSHN,5,4,9,0.56
SSHP,4,5,9,0.44
SSHS,4,3,7,0.57
SSHb,2,7,9,0.22
SSHh,0,4,4,0.0
SSHl,2,0,2,1.0
SSHm,3,0,3,1.0
SSHn,10,4,14,0.71
SSHs,3,1,4,0.75
SSHt,0,0,0,
SSIb,1,0,1,1.0
SSKB,1,1,2,0.5
SSKH,1,0,1,1.0
SSKP,2,1,3,0.67
SSKS,0,0,0,
SSKb,0,1,1,0.0
SSKh,0,0,0,
SSKl,2,0,2,1.0
SSKm,0,1,1,0.0
SSKs,1,0,1,1.0
SSLB,5,1,6,0.83
SSLL,2,0,2,1.0
SSLM,5,3,8,0.62
SSLN,0,4,4,0.0
SSLP,7,4,11,0.64
SSLS,7,2,9,0.78
SSLb,5,5,10,0.5
SSLh,2,1,3,0.67
SSLj,2,0,2,1.0
SSLl,3,0,3,1.0
SSLm,1,1,2,0.5
SSLn,7,6,13,0.54
SSLs,1,0,1,1.0
SSLt,0,1,1,0.0
SSMB,3,4,7,0.43
SSMD,0,1,1,0.0
SSML,2,4,6,0.33
SSMM,8,10,18,0.44
SSMN,9,7,16,0.56
SSMP,10,10,20,0.5
SSMS,4,8,12,0.33
SSMb,8,7,15,0.53
SSMh,7,8,15,0.47
SSMj,2,0,2,1.0
SSMl,5,5,10,0.5
SSMm,6,6,12,0.5
SSMn,7,21,28,0.25
SSMs,8,1,9,0.89
SSMt,1,1,2,0.5
SSNB,4,2,6,0.67
SSND,1,0,1,1.0
SSNH,1,0,1,1.0
SSNL,2,0,2,1.0
SSNM,8,6,14,0.57
SSNN,9,7,16,0.56
SSNP,4,9,13,0.31
SSNS,6,4,10,0.6
SSNb,7,6,13,0.54
SSNh,4,3,7,0.57
SSNl,3,2,5,0.6
SSNm,9,2,11,0.82
SSNn,14,7,21,0.67
SSNs,3,4,7,0.43
SSNt,2,1,3,0.67
SSPB,7,7,14,0.5
SSPD,1,3,4,0.25
SSPH,4,4,8,0.5
SSPI,2,0,2,1.0
SSPK,2,2,4,0.5
SSPL,7,5,12,0.58
SSPM,12,8,20,0.6
SSPN,18,14,32,0.56
SSPP,14,20,34,0.41
SSPS,15,11,26,0.58
SSPb,17,8,25,0.68
SSPh,2,0,2,1.0
SSPl,5,1,6,0.83
SSPm,12,6,18,0.67
SSPn,9,12,21,0.43
SSPs,7,9,16,0.44
SSPt,1,1,2,0.5
SSSB,1,4,5,0.2
SSSH,6,2,8,0.75
SSSL,4,4,8,0.5
SSSM,8,11,19,0.42
SSSN,6,9,15,0.4
SSSP,14,10,24,0.58
SSSS,13,9,22,0.59
SSSb,11,6,17,0.65
SSSh,7,7,14,0.5
SSSl,6,2,8,0.75
SSSm,4,4,8,0.5
SSSn,12,10,22,0.55
SSSs,10,6,16,0.62
SSSt,5,0,5,1.0
SSbB,4,11,15,0.27
SSbH,2,2,4,0.5
SSbI,1,0,1,1.0
SSbJ,2,2,4,0.5
SSbK,2,2,4,0.5
SSbL,5,2,7,0.71
SSbM,11,8,19,0.58
SSbN,17,12,29,0.59
SSbP,13,11,24,0.54
SSbS,7,7,14,0.5
SSbb,17,9,26,0.65
SSbl,4,3,7,0.57
SSbm,7,4,11,0.64
SSbn,5,11,16,0.31
SSbs,3,0,3,1.0
SShB,3,2,5,0.6
SShD,0,0,0,
SShH,0,1,1,0.0
SShI,1,0,1,1.0
SShK,1,0,1,1.0
SShL,3,1,4,0.75
SShM,6,6,12,0.5
SShN,7,3,10,0.7
SShP,6,7,13,0.46
SShS,4,5,9,0.44
SShb,5,6,11,0.45
SShh,2,6,8,0.25
SShl,3,2,5,0.6
SShm,6,4,10,0.6
SShn,8,11,19,0.42
SShs,7,8,15,0.47
SSht,1,0,1,1.0
SSlB,2,0,2,1.0
SSlD,0,0,0,
SSlH,4,4,8,0.5
SSlI,1,0,1,1.0
SSlJ,1,0,1,1.0
SSlK,1,0,1,1.0
SSlL,1,2,3,0.33
SSlM,5,5,10,0.5
SSlN,4,10,14,0.29
SSlP,7,3,10,0.7
SSlS,5,2,7,0.71
SSlb,0,6,6,0.0
SSll,2,2,4,0.5
SSlm,0,2,2,0.0
SSln,6,1,7,0.86
SSls,3,2,5,0.6
SSmB,1,4,5,0.2
SSmH,2,5,7,0.29
SSmI,0,1,1,0.0
SSmJ,0,1,1,0.0
SSmL,5,1,6,0.83
SSmM,5,4,9,0.56
SSmN,11,1,12,0.92
SSmP,10,6,16,0.62
SSmS,5,6,11,0.45
SSmb,7,3,10,0.7
SSml,4,7,11,0.36
SSmm,6,4,10,0.6
SSmn,8,9,17,0.47
SSms,0,4,4,0.0
SSnB,2,6,8,0.25
SSnD,2,1,3,0.67
SSnH,6,4,10,0.6
SSnI,1,1,2,0.5
SSnK,2,0,2,1.0
SSnL,4,3,7,0.57
SSnM,10,12,22,0.45
SSnN,15,11,26,0.58
SSnP,19,14,33,0.58
SSnS,10,8,18,0.56
SSnb,8,5,13,0.62
SSnl,1,3,4,0.25
SSnm,11,7,18,0.61
SSnn,12,13,25,0.48
SSns,6,5,11,0.55
SSsB,3,6,9,0.33
SSsD,1,0,1,1.0
SSsH,5,11,16,0.31
SSsI,1,1,2,0.5
SSsK,1,1,2,0.5
SSsL,1,3,4,0.25
SSsM,6,12,18,0.33
SSsN,5,9,14,0.36
SSsP,9,11,20,0.45
SSsS,3,9,12,0.25
SSsb,7,8,15,0.47
SSsl,4,7,11,0.36
SSsm,6,7,13,0.46
SSsn,5,9,14,0.36
SSss,4,8,12,0.33
SStB,1,0,1,1.0
SStH,1,0,1,1.0
SStL,1,1,2,0.5
SStN,0,1,1,0.0
SStP,1,2,3,0.33
SStS,1,3,4,0.25
SStb,2,0,2,1.0
SStl,0,0,0,
SStm,2,0,2,1.0
SStn,0,0,0,
SSts,2,3,5,0.4
SStt,0,1,1,0.0
SbBB,5,7,12,0.42
SbBD,1,3,4,0.25
SbBK,1,0,1,1.0
SbBL,3,4,7,0.43
SbBM,7,4,11,0.64
SbBN,10,5,15,0.67
SbBP,5,7,12,0.42
SbBS,3,6,9,0.33
SbBb,5,9,14,0.36
SbBh,1,2,3,0.33
SbBj,1,2,3,0.33
SbBl,3,5,8,0.38
SbBm,10,3,13,0.77
SbBn,12,8,20,0.6
SbBs,4,3,7,0.57
SbDH,1,0,1,1.0
SbDM,0,1,1,0.0
SbDP,1,0,1,1.0
SbDS,0,2,2,0.0
SbDb,1,0,1,1.0
SbHB,2,1,3,0.67
SbHL,1,1,2,0.5
SbHM,7,2,9,0.78
SbHN,5,1,6,0.83
SbHP,0,5,5,0.0
SbHS,1,0,1,1.0
SbHb,6,5,11,0.55
SbHh,2,0,2,1.0
SbHl,1,0,1,1.0
SbHm,2,0,2,1.0
SbHn,4,4,8,0.5
SbHs,1,1,2,0.5
SbIB,1,0,1,1.0
SbIH,0,1,1,0.0
SbIM,1,1,2,0.5
SbIN,1,1,2,0.5
SbIP,3,0,3,1.0
SbIS,1,1,2,0.5
SbIb,0,1,1,0.0
SbIn,1,1,2,0.5
SbJB,1,0,1,1.0
SbJH,1,3,4,0.25
SbJK,0,1,1,0.0
SbJL,1,2,3,0.33
SbJM,5,6,11,0.45
SbJN,3,2,5,0.6
SbJP,0,5,5,0.0
SbJS,2,4,6,0.33
SbJb,6,1,7,0.86
SbJh,1,1,2,0.5
SbJl,4,2,6,0.67
SbJm,1,2,3,0.33
SbJn,0,1,1,0.0
SbJs,5,1,6,0.83
SbKB,1,1,2,0.5
SbKH,1,1,2,0.5
SbKL,0,1,1,0.0
SbKM,1,2,3,0.33
SbKN,1,1,2,0.5
SbKP,3,0,3,1.0
SbKS,0,1,1,0.0
SbKb,1,0,1,1.0
SbKh,0,3,3,0.0
SbKl,1,1,2,0.5
SbKm,1,1,2,0.5
SbKn,2,2,4,0.5
SbKs,2,0,2,1.0
SbLB,2,1,3,0.67
SbLL,3,2,5,0.6
SbLM,3,3,6,0.5
SbLN,1,5,6,0.17
SbLP,3,5,8,0.38
SbLS,3,2,5,0.6
SbLb,3,6,9,0.33
SbLh,1,3,4,0.25
SbLj,2,0,2,1.0
SbLl,1,4,5,0.2
SbLm,1,0,1,1.0
SbLn,7,4,11,0.64
SbLt,1,1,2,0.5
SbMB,10,6,16,0.62
SbMD,0,2,2,0.0
SbML,5,5,10,0.5
SbMM,6,8,14,0.43
SbMN,10,13,23,0.43
SbMP,10,11,21,0.48
SbMS,5,4,9,0.56
SbMb,14,6,20,0.7
SbMh,7,9,16,0.44
SbMj,1,4,5,0.2
SbMl,5,7,12,0.42
SbMm,3,2,5,0.6
SbMn,11,13,24,0.46
SbMs,8,2,10,0.8
SbMt,1,1,2,0.5
SbNB,11,8,19,0.58
SbND,0,1,1,0.0
SbNH,0,2,2,0.0
SbNI,1,0,1,1.0
SbNK,3,2,5,0.6
SbNL,7,5,12,0.58
SbNM,15,14,29,0.52
SbNN,12,13,25,0.48
SbNP,14,18,32,0.44
SbNS,12,6,18,0.67
SbNb,10,18,28,0.36
SbNh,6,10,16,0.38
SbNl,7,6,13,0.54
SbNm,11,10,21,0.52
SbNn,18,15,33,0.55
SbNs,10,9,19,0.53
SbNt,1,1,2,0.5
SbPB,9,3,12,0.75
SbPD,3,2,5,0.6
SbPH,7,2,9,0.78
SbPK,0,2,2,0.0
SbPL,6,8,14,0.43
SbPM,15,15,30,0.5
SbPN,10,16,26,0.38
SbPP,31,19,50,0.62
SbPS,8,7,15,0.53
SbPb,18,13,31,0.58
SbPh,1,4,5,0.2
SbPl,7,8,15,0.47
SbPm,9,8,17,0.53
SbPn,9,11,20,0.45
SbPs,6,7,13,0.46
SbPt,3,1,4,0.75
SbSB,1,6,7,0.14
SbSH,1,4,5,0.2
SbSL,1,3,4,0.25
SbSM,8,12,20,0.4
SbSN,6,6,12,0.5
SbSP,11,11,22,0.5
SbSS,16,6,22,0.73
SbSb,7,9,16,0.44
SbSh,5,0,5,1.0
SbSl,3,1,4,0.75
SbSm,6,4,10,0.6
SbSn,7,9,16,0.44
SbSs,4,5,9,0.44
SbSt,3,2,5,0.6
SbbB,18,9,27,0.67
SbbD,1,0,1,1.0
SbbH,3,2,5,0.6
SbbI,1,2,3,0.33
SbbJ,2,2,4,0.5
SbbK,0,1,1,0.0
SbbL,6,5,11,0.55
SbbM,9,12,21,0.43
SbbN,10,15,25,0.4
SbbP,18,17,35,0.51
SbbS,7,10,17,0.41
Sbbb,20,11,31,0.65
Sbbl,4,6,10,0.4
Sbbm,10,4,14,0.71
Sbbn,11,4,15,0.73
Sbbs,9,4,13,0.69
Sbhb,0,1,1,0.0
Sbhl,0,1,1,0.0
SblB,7,5,12,0.58
SblD,0,1,1,0.0
SblH,2,2,4,0.5
SblJ,1,0,1,1.0
SblK,0,0,0,
SblL,1,2,3,0.33
SblM,3,7,10,0.3
SblN,6,3,9,0.67
SblP,6,7,13,0.46
SblS,9,3,12,0.75
Sblb,4,4,8,0.5
Sbll,2,0,2,1.0
Sblm,4,2,6,0.67
Sbln,2,4,6,0.33
Sbls,4,1,5,0.8
SbmB,6,8,14,0.43
SbmH,4,8,12,0.33
SbmI,1,0,1,1.0
SbmJ,1,1,2,0.5
SbmK,0,1,1,0.0
SbmL,2,1,3,0.67
SbmM,4,8,12,0.33
SbmN,10,5,15,0.67
SbmP,10,9,19,0.53
SbmS,4,3,7,0.57
Sbmb,5,3,8,0.62
Sbml,0,2,2,0.0
Sbmm,4,2,6,0.67
Sbmn,3,7,10,0.3
Sbms,3,2,5,0.6
SbnB,9,3,12,0.75
SbnD,2,0,2,1.0
SbnH,2,2,4,0.5
SbnI,3,1,4,0.75
SbnK,1,0,1,1.0
SbnL,1,2,3,0.33
SbnM,11,12,23,0.48
SbnN,11,17,28,0.39
SbnP,19,11,30,0.63
SbnS,3,8,11,0.27
Sbnb,10,9,19,0.53
Sbnl,3,3,6,0.5
Sbnm,11,2,13,0.85
Sbnn,13,11,24,0.54
Sbns,9,5,14,0.64
SbsB,1,2,3,0.33
SbsD,1,1,2,0.5
SbsH,5,7,12,0.42
SbsL,1,4,5,0.2
SbsM,3,4,7,0.43
SbsN,4,5,9,0.44
SbsP,7,7,14,0.5
SbsS,2,4,6,0.33
Sbsb,9,2,11,0.82
Sbsl,4,1,5,0.8
Sbsm,4,1,5,0.8
Sbsn,6,5,11,0.55
Sbss,4,5,9,0.44
ShBB,5,3,8,0.62
ShBL,1,1,2,0.5
ShBM,2,7,9,0.22
ShBN,2,3,5,0.4
ShBP,9,3,12,0.75
ShBS,1,5,6,0.17
ShBb,4,1,5,0.8
ShBh,0,2,2,0.0
ShBj,1,0,1,1.0
ShBl,3,1,4,0.75
ShBm,7,3,10,0.7
ShBn,4,5,9,0.44
ShBs,1,3,4,0.25
ShDP,1,1,2,0.5
ShDS,0,1,1,0.0
ShDb,1,0,1,1.0
ShDs,0,1,1,0.0
ShHB,0,1,1,0.0
ShHH,1,0,1,1.0
ShHI,1,0,1,1.0
ShHK,0,1,1,0.0
ShHM,0,2,2,0.0
ShHN,3,4,7,0.43
ShHP,0,1,1,0.0
ShHS,2,2,4,0.5
ShHb,1,0,1,1.0
ShHh,0,2,2,0.0
ShHl,1,1,2,0.5
ShHm,0,2,2,0.0
ShHn,2,1,3,0.67
ShHs,2,2,4,0.5
ShIL,1,0,1,1.0
ShIN,1,0,1,1.0
ShIP,0,2,2,0.0
ShIm,1,0,1,1.0
ShIn,1,1,2,0.5
ShKB,0,1,1,0.0
ShKL,0,1,1,0.0
ShKS,1,0,1,1.0
ShKh,0,1,1,0.0
ShLB,0,2,2,0.0
ShLH,1,0,1,1.0
ShLL,0,1,1,0.0
ShLM,1,1,2,0.5
ShLN,3,3,6,0.5
ShLP,3,4,7,0.43
ShLS,2,3,5,0.4
ShLb,1,2,3,0.33
ShLh,1,4,5,0.2
ShLj,1,1,2,0.5
ShLl,2,0,2,1.0
ShLm,2,3,5,0.4
ShLn,2,5,7,0.29
ShLs,1,1,2,0.5
ShMB,3,2,5,0.6
ShMD,1,1,2,0.5
ShMK,0,1,1,0.0
ShML,2,2,4,0.5
ShMM,7,9,16,0.44
ShMN,3,6,9,0.33
ShMP,3,8,11,0.27
ShMS,3,5,8,0.38
ShMb,11,9,20,0.55
ShMh,8,4,12,0.67
ShMj,4,0,4,1.0
ShMl,6,0,6,1.0
ShMm,5,1,6,0.83
ShMn,9,3,12,0.75
ShMs,4,4,8,0.5
ShMt,2,1,3,0.67
ShNB,4,4,8,0.5
ShND,1,0,1,1.0
ShNK,1,1,2,0.5
ShNL,1,1,2,0.5
ShNM,3,5,8,0.38
ShNN,6,8,14,0.43
ShNP,7,13,20,0.35
ShNS,5,3,8,0.62
ShNb,4,5,9,0.44
ShNh,2,3,5,0.4
ShNl,2,1,3,0.67
ShNm,8,2,10,0.8
ShNn,9,12,21,0.43
ShNs,3,5,8,0.38
ShNt,0,1,1,0.0
ShPB,3,13,16,0.19
ShPH,4,2,6,0.67
ShPI,0,0,0,
ShPL,3,0,3,1.0
ShPM,5,6,11,0.45
ShPN,8,10,18,0.44
ShPP,12,14,26,0.46
ShPS,10,12,22,0.45
ShPb,11,11,22,0.5
ShPh,2,0,2,1.0
ShPl,4,5,9,0.44
ShPm,9,4,13,0.69
ShPn,7,9,16,0.44
ShPs,9,4,13,0.69
ShPt,1,2,3,0.33
ShSB,4,6,10,0.4
ShSD,0,2,2,0.0
ShSH,1,3,4,0.25
ShSL,4,1,5,0.8
ShSM,5,3,8,0.62
ShSN,4,5,9,0.44
ShSP,9,7,16,0.56
ShSS,6,9,15,0.4
ShSb,5,5,10,0.5
ShSh,5,8,13,0.38
ShSl,6,4,10,0.6
ShSm,5,1,6,0.83
ShSn,7,4,11,0.64
ShSs,12,6,18,0.67
ShSt,2,0,2,1.0
ShbB,5,4,9,0.56
ShbH,2,4,6,0.33
ShbI,0,0,0,
ShbJ,2,1,3,0.67
ShbK,3,2,5,0.6
ShbL,3,5,8,0.38
ShbM,9,11,20,0.45
ShbN,9,7,16,0.56
ShbP,12,5,17,0.71
ShbS,4,10,14,0.29
Shbb,12,10,22,0.55
Shbl,2,3,5,0.4
Shbm,6,3,9,0.67
Shbn,11,8,19,0.58
Shbs,3,5,8,0.38
ShhB,4,5,9,0.44
ShhD,1,0,1,1.0
ShhH,2,0,2,1.0
ShhL,2,1,3,0.67
ShhM,3,5,8,0.38
ShhN,6,6,12,0.5
ShhP,10,9,19,0.53
ShhS,6,5,11,0.55
Shhb,6,4,10,0.6
Shhh,9,5,14,0.64
Shhl,3,1,4,0.75
Shhm,7,5,12,0.58
Shhn,7,6,13,0.54
Shhs,9,6,15,0.6
Shht,2,0,2,1.0
ShlB,3,3,6,0.5
ShlD,1,0,1,1.0
ShlH,4,1,5,0.8
ShlI,1,0,1,1.0
ShlK,0,2,2,0.0
ShlL,2,1,3,0.67
ShlM,2,4,6,0.33
ShlN,1,2,3,0.33
ShlP,5,1,6,0.83
ShlS,2,1,3,0.67
Shlb,3,6,9,0.33
Shll,4,0,4,1.0
Shlm,4,1,5,0.8
Shln,2,3,5,0.4
Shls,1,4,5,0.2
ShmB,5,6,11,0.45
ShmD,1,0,1,1.0
ShmH,2,2,4,0.5
ShmJ,1,1,2,0.5
ShmL,3,3,6,0.5
ShmM,2,5,7,0.29
ShmN,12,6,18,0.67
ShmP,8,5,13,0.62
ShmS,10,4,14,0.71
Shmb,7,3,10,0.7
Shml,5,0,5,1.0
Shmm,5,1,6,0.83
Shmn,5,5,10,0.5
Shms,3,2,5,0.6
ShnB,3,5,8,0.38
ShnH,7,4,11,0.64
ShnI,0,3,3,0.0
ShnK,1,3,4,0.25
ShnL,5,1,6,0.83
ShnM,7,14,21,0.33
ShnN,12,8,20,0.6
ShnP,10,13,23,0.43
ShnS,4,8,12,0.33
Shnb,13,5,18,0.72
Shnh,2,0,2,1.0
Shnl,3,3,6,0.5
Shnm,5,3,8,0.62
Shnn,6,9,15,0.4
Shns,7,8,15,0.47
ShsB,4,5,9,0.44
ShsD,1,1,2,0.5
ShsH,8,5,13,0.62
ShsI,2,0,2,1.0
ShsL,0,4,4,0.0
ShsM,6,9,15,0.4
ShsN,6,4,10,0.6
ShsP,6,8,14,0.43
ShsS,7,11,18,0.39
Shsb,4,9,13,0.31
Shsh,0,2,2,0.0
Shsl,5,4,9,0.56
Shsm,7,10,17,0.41
Shsn,6,7,13,0.46
Shss,9,7,16,0.56
ShtB,0,0,0,
ShtH,0,1,1,0.0
ShtK,0,1,1,0.0
ShtL,1,0,1,1.0
ShtM,1,1,2,0.5
ShtN,1,2,3,0.33
ShtP,0,1,1,0.0
ShtS,0,1,1,0.0
Shtb,0,1,1,0.0
Shtm,1,0,1,1.0
Shtn,1,0,1,1.0
Shts,0,1,1,0.0
SlBB,1,3,4,0.25
SlBL,0,1,1,0.0
SlBM,2,3,5,0.4
SlBN,4,2,6,0.67
SlBP,5,4,9,0.56
SlBS,1,4,5,0.2
SlBb,4,2,6,0.67
SlBh,1,1,2,0.5
SlBj,0,1,1,0.0
SlBl,2,1,3,0.67
SlBm,3,1,4,0.75
SlBn,2,3,5,0.4
SlBs,1,1,2,0.5
SlDP,2,0,2,1.0
SlDb,1,0,1,1.0
SlDs,0,1,1,0.0
SlHB,0,4,4,0.0
SlHH,1,1,2,0.5
SlHK,0,1,1,0.0
SlHL,1,0,1,1.0
SlHM,4,2,6,0.67
SlHN,3,5,8,0.38
SlHP,7,6,13,0.54
SlHS,1,3,4,0.25
SlHb,6,3,9,0.67
SlHh,1,2,3,0.33
SlHl,1,3,4,0.25
SlHm,2,3,5,0.4
SlHn,2,5,7,0.29
SlHs,4,2,6,0.67
SlIB,1,0,1,1.0
SlIH,0,1,1,0.0
SlII,0,1,1,0.0
SlIN,1,0,1,1.0
SlIS,0,1,1,0.0
SlIb,1,0,1,1.0
SlIs,0,2,2,0.0
SlJB,0,1,1,0.0
SlJH,0,1,1,0.0
SlJL,1,2,3,0.33
SlJM,0,1,1,0.0
SlJN,0,3,3,0.0
SlJP,3,2,5,0.6
SlJS,1,1,2,0.5
SlJb,0,2,2,0.0
SlJs,3,1,4,0.75
SlKK,1,0,1,1.0
SlKM,1,1,2,0.5
SlKN,1,0,1,1.0
SlKP,0,0,0,
SlKb,0,1,1,0.0
SlKh,0,3,3,0.0
SlKl,1,0,1,1.0
SlKm,2,0,2,1.0
SlLB,2,1,3,0.67
SlLL,0,0,0,
SlLM,2,2,4,0.5
SlLN,6,1,7,0.86
SlLP,4,2,6,0.67
SlLS,3,0,3,1.0
SlLb,0,3,3,0.0
SlLh,3,0,3,1.0
SlLl,1,0,1,1.0
SlLm,2,0,2,1.0
SlLn,3,3,6,0.5
SlLs,1,1,2,0.5
SlLt,1,0,1,1.0
SlMB,4,6,10,0.4
SlML,3,2,5,0.6
SlMM,4,2,6,0.67
SlMN,3,6,9,0.33
SlMP,7,6,13,0.54
SlMS,3,7,10,0.3
SlMb,9,1,10,0.9
SlMh,4,2,6,0.67
SlMj,1,1,2,0.5
SlMl,3,2,5,0.6
SlMm,1,4,5,0.2
SlMn,12,7,19,0.63
SlMs,2,4,6,0.33
SlMt,3,0,3,1.0
SlNB,3,3,6,0.5
SlND,0,1,1,0.0
SlNK,0,0,0,
SlNL,1,1,2,0.5
SlNM,7,4,11,0.64
SlNN,4,13,17,0.24
SlNP,9,2,11,0.82
SlNS,4,0,4,1.0
SlNb,8,8,16,0.5
SlNh,3,1,4,0.75
SlNl,3,3,6,0.5
SlNm,1,4,5,0.2
SlNn,10,5,15,0.67
SlNs,2,6,8,0.25
SlNt,0,0,0,
SlPB,3,5,8,0.38
SlPD,0,1,1,0.0
SlPH,1,2,3,0.33
SlPK,1,3,4,0.25
SlPL,2,3,5,0.4
SlPM,7,9,16,0.44
SlPN,13,10,23,0.57
SlPP,11,12,23,0.48
SlPS,4,4,8,0.5
SlPb,8,5,13,0.62
SlPl,1,2,3,0.33
SlPm,3,4,7,0.43
SlPn,7,8,15,0.47
SlPs,3,5,8,0.38
SlPt,0,2,2,0.0
SlSB,1,1,2,0.5
SlSD,1,0,1,1.0
SlSL,1,1,2,0.5
SlSM,4,8,12,0.33
SlSN,5,3,8,0.62
SlSP,3,3,6,0.5
SlSS,3,5,8,0.38
SlSb,7,3,10,0.7
SlSh,0,6,6,0.0
SlSl,2,2,4,0.5
SlSm,4,2,6,0.67
SlSn,3,2,5,0.6
SlSs,7,0,7,1.0
SlSt,1,2,3,0.33
SlbB,8,3,11,0.73
SlbH,4,0,4,1.0
SlbJ,2,0,2,1.0
SlbK,0,1,1,0.0
SlbL,2,3,5,0.4
SlbM,9,3,12,0.75
SlbN,6,7,13,0.46
SlbP,3,10,13,0.23
SlbS,2,2,4,0.5
Slbb,6,6,12,0.5
Slbl,3,2,5,0.6
Slbm,4,3,7,0.57
Slbn,10,6,16,0.62
Slbs,1,4,5,0.2
SllB,2,1,3,0.67
SllH,1,5,6,0.17
SllI,1,0,1,1.0
SllJ,0,1,1,0.0
SllL,0,3,3,0.0
SllM,4,3,7,0.57
SllN,2,4,6,0.33
SllP,3,6,9,0.33
SllS,5,4,9,0.56
Sllb,5,1,6,0.83
Slll,4,3,7,0.57
Sllm,1,1,2,0.5
Slln,1,1,2,0.5
Slls,0,3,3,0.0
SlmB,2,2,4,0.5
SlmH,1,3,4,0.25
SlmJ,0,0,0,
SlmK,0,1,1,0.0
SlmL,1,1,2,0.5
SlmM,2,4,6,0.33
SlmN,8,5,13,0.62
SlmP,6,3,9,0.67
SlmS,4,4,8,0.5
Slmb,6,5,11,0.55
Slml,2,0,2,1.0
Slmm,4,5,9,0.44
Slmn,3,3,6,0.5
Slms,2,0,2,1.0
SlnB,3,2,5,0.6
SlnH,3,1,4,0.75
SlnL,3,1,4,0.75
SlnM,1,4,5,0.2
SlnN,5,4,9,0.56
SlnP,7,10,17,0.41
SlnS,3,5,8,0.38
Slnb,6,3,9,0.67
Slnl,3,3,6,0.5
Slnm,1,2,3,0.33
Slnn,7,2,9,0.78
Slns,2,2,4,0.5
Slnt,1,1,2,0.5
SlsB,2,1,3,0.67
SlsD,1,1,2,0.5
SlsH,2,4,6,0.33
SlsL,3,0,3,1.0
SlsM,3,3,6,0.5
SlsN,1,2,3,0.33
SlsP,8,4,12,0.67
SlsS,2,1,3,0.67
Slsb,0,6,6,0.0
Slsl,1,2,3,0.33
Slsm,5,0,5,1.0
Slsn,3,0,3,1.0
Slss,3,0,3,1.0
SmBB,3,3,6,0.5
SmBL,2,0,2,1.0
SmBM,6,6,12,0.5
SmBN,7,3,10,0.7
SmBP,6,5,11,0.55
SmBS,1,4,5,0.2
SmBb,3,5,8,0.38
SmBh,1,3,4,0.25
SmBj,2,4,6,0.33
SmBl,0,3,3,0.0
SmBm,3,4,7,0.43
SmBn,7,7,14,0.5
SmBs,0,1,1,0.0
SmBt,1,2,3,0.33
SmDH,1,0,1,1.0
SmDL,1,0,1,1.0
SmDM,0,1,1,0.0
SmDN,0,0,0,
SmDP,0,1,1,0.0
SmDb,0,2,2,0.0
SmDl,0,1,1,0.0
SmDn,0,0,0,
SmDs,1,0,1,1.0
SmHB,2,4,6,0.33
SmHI,2,1,3,0.67
SmHK,2,1,3,0.67
SmHL,1,1,2,0.5
SmHM,7,6,13,0.54
SmHN,6,1,7,0.86
SmHP,5,8,13,0.38
SmHS,1,3,4,0.25
SmHb,4,6,10,0.4
SmHh,2,2,4,0.5
SmHl,3,5,8,0.38
SmHm,4,2,6,0.67
SmHn,9,7,16,0.56
SmHs,1,7,8,0.12
SmID,0,1,1,0.0
SmIH,0,1,1,0.0
SmIL,0,2,2,0.0
SmIM,1,0,1,1.0
SmIP,1,0,1,1.0
SmIS,0,1,1,0.0
SmIb,0,1,1,0.0
SmIl,0,1,1,0.0
SmIn,1,0,1,1.0
SmIs,1,0,1,1.0
SmJB,1,1,2,0.5
SmJH,0,1,1,0.0
SmJK,1,0,1,1.0
SmJM,2,2,4,0.5
SmJN,1,2,3,0.33
SmJP,1,2,3,0.33
SmJS,0,2,2,0.0
SmJm,0,2,2,0.0
SmJn,0,2,2,0.0
SmJs,0,2,2,0.0
SmJt,1,0,1,1.0
SmKB,0,0,0,
SmKP,0,1,1,0.0
SmKh,0,1,1,0.0
SmKn,1,1,2,0.5
SmKs,1,0,1,1.0
SmLB,2,3,5,0.4
SmLD,0,0,0,
SmLH,0,1,1,0.0
SmLL,1,3,4,0.25
SmLM,0,3,3,0.0
SmLN,2,0,2,1.0
SmLP,3,5,8,0.38
SmLS,1,5,6,0.17
SmLb,2,7,9,0.22
SmLh,0,2,2,0.0
SmLj,0,2,2,0.0
SmLl,2,0,2,1.0
SmLm,3,2,5,0.6
SmLn,5,0,5,1.0
SmLs,0,1,1,0.0
SmLt,0,1,1,0.0
SmMB,3,2,5,0.6
SmMD,1,0,1,1.0
SmML,2,1,3,0.67
SmMM,3,10,13,0.23
SmMN,12,9,21,0.57
SmMP,14,10,24,0.58
SmMS,6,4,10,0.6
SmMb,8,7,15,0.53
SmMh,4,3,7,0.57
SmMj,2,2,4,0.5
SmMl,4,1,5,0.8
SmMm,5,5,10,0.5
SmMn,13,17,30,0.43
SmMs,3,3,6,0.5
SmMt,1,1,2,0.5
SmNB,7,7,14,0.5
SmND,1,0,1,1.0
SmNH,3,2,5,0.6
SmNK,1,2,3,0.33
SmNL,4,3,7,0.57
SmNM,6,13,19,0.32
SmNN,8,13,21,0.38
SmNP,7,13,20,0.35
SmNS,11,13,24,0.46
SmNb,8,5,13,0.62
SmNh,3,2,5,0.6
SmNl,6,0,6,1.0
SmNm,9,2,11,0.82
SmNn,8,14,22,0.36
SmNs,3,6,9,0.33
SmNt,3,2,5,0.6
SmPB,3,7,10,0.3
SmPD,2,2,4,0.5
SmPH,4,4,8,0.5
SmPI,0,0,0,
SmPK,2,1,3,0.67
SmPL,4,5,9,0.44
SmPM,11,13,24,0.46
SmPN,16,13,29,0.55
SmPP,15,13,28,0.54
SmPS,14,5,19,0.74
SmPb,13,12,25,0.52
SmPh,1,1,2,0.5
SmPl,3,7,10,0.3
SmPm,9,1,10,0.9
SmPn,8,9,17,0.47
SmPs,6,4,10,0.6
SmPt,2,3,5,0.4
SmSB,2,3,5,0.4
SmSH,1,2,3,0.33
SmSL,4,2,6,0.67
SmSM,3,4,7,0.43
SmSN,5,6,11,0.45
SmSP,5,4,9,0.56
SmSS,3,4,7,0.43
SmSb,5,8,13,0.38
SmSh,1,7,8,0.12
SmSl,0,1,1,0.0
SmSm,4,3,7,0.57
SmSn,5,7,12,0.42
SmSs,2,5,7,0.29
SmSt,1,1,2,0.5
SmbB,9,2,11,0.82
SmbH,2,2,4,0.5
SmbJ,1,3,4,0.25
SmbK,0,1,1,0.0
SmbL,3,0,3,1.0
SmbM,11,5,16,0.69
SmbN,17,11,28,0.61
SmbP,8,12,20,0.4
SmbS,5,5,10,0.5
Smbb,8,9,17,0.47
Smbl,4,2,6,0.67
Smbm,6,2,8,0.75
Smbn,8,9,17,0.47
Smbs,3,3,6,0.5
SmlB,4,2,6,0.67
SmlH,3,0,3,1.0
SmlJ,0,1,1,0.0
SmlL,2,2,4,0.5
SmlM,3,2,5,0.6
SmlN,3,3,6,0.5
SmlP,5,3,8,0.62
SmlS,0,3,3,0.0
Smlb,5,6,11,0.45
Smll,0,1,1,0.0
Smlm,6,3,9,0.67
Smln,3,4,7,0.43
Smls,1,0,1,1.0
SmmB,1,4,5,0.2
SmmH,5,2,7,0.71
SmmJ,6,1,7,0.86
SmmL,1,1,2,0.5
SmmM,7,6,13,0.54
SmmN,4,10,14,0.29
SmmP,9,5,14,0.64
SmmS,5,3,8,0.62
Smmb,4,3,7,0.57
Smml,0,1,1,0.0
Smmm,3,2,5,0.6
Smmn,5,3,8,0.62
Smms,1,2,3,0.33
SmnB,3,2,5,0.6
SmnD,1,1,2,0.5
SmnH,3,8,11,0.27
SmnL,0,2,2,0.0
SmnM,5,10,15,0.33
SmnN,9,11,20,0.45
SmnP,12,15,27,0.44
SmnS,4,5,9,0.44
Smnb,3,6,9,0.33
Smnl,3,2,5,0.6
Smnm,3,3,6,0.5
Smnn,8,10,18,0.44
Smns,3,3,6,0.5
SmsB,0,3,3,0.0
SmsH,2,4,6,0.33
SmsI,2,0,2,1.0
SmsL,1,2,3,0.33
SmsM,1,2,3,0.33
SmsN,5,1,6,0.83
SmsP,3,7,10,0.3
SmsS,3,5,8,0.38
Smsb,4,0,4,1.0
Smsl,2,0,2,1.0
Smsm,2,1,3,0.67
Smsn,2,4,6,0.33
Smss,1,2,3,0.33
SnBB,2,3,5,0.4
SnBD,0,1,1,0.0
SnBK,2,1,3,0.67
SnBL,1,0,1,1.0
SnBM,3,1,4,0.75
SnBN,6,5,11,0.55
SnBP,8,6,14,0.57
SnBS,3,3,6,0.5
SnBb,3,7,10,0.3
SnBh,0,0,0,
SnBj,2,6,8,0.25
SnBl,4,1,5,0.8
SnBm,3,4,7,0.43
SnBn,11,10,21,0.52
SnBs,4,3,7,0.57
SnBt,2,0,2,1.0
SnDB,0,2,2,0.0
SnDH,2,0,2,1.0
SnDK,0,0,0,
SnDL,1,0,1,1.0
SnDM,0,2,2,0.0
SnDN,0,1,1,0.0
SnDP,0,2,2,0.0
SnDS,1,1,2,0.5
SnDb,1,0,1,1.0
SnDm,0,2,2,0.0
SnDn,2,0,2,1.0
SnDs,1,1,2,0.5
SnHB,2,3,5,0.4
SnHD,0,0,0,
SnHH,2,0,2,1.0
SnHI,1,1,2,0.5
SnHK,0,2,2,0.0
SnHL,1,0,1,1.0
SnHM,7,6,13,0.54
SnHN,3,5,8,0.38
SnHP,11,12,23,0.48
SnHS,6,6,12,0.5
SnHb,5,8,13,0.38
SnHh,2,1,3,0.67
SnHl,4,3,7,0.57
SnHm,1,4,5,0.2
SnHn,8,3,11,0.73
SnHs,5,4,9,0.56
SnHt,2,0,2,1.0
SnIB,1,1,2,0.5
SnIH,0,2,2,0.0
SnIL,1,0,1,1.0
SnIM,0,1,1,0.0
SnIN,0,1,1,0.0
SnIP,4,1,5,0.8
SnIb,1,3,4,0.25
SnIl,1,0,1,1.0
SnIn,2,1,3,0.67
SnKB,2,1,3,0.67
SnKM,3,3,6,0.5
SnKN,1,5,6,0.17
SnKP,1,2,3,0.33
SnKS,0,1,1,0.0
SnKb,1,1,2,0.5
SnKh,0,4,4,0.0
SnKl,0,1,1,0.0
SnKm,1,1,2,0.5
SnKn,0,3,3,0.0
SnKs,2,1,3,0.67
SnLB,0,5,5,0.0
SnLK,0,1,1,0.0
SnLL,1,2,3,0.33
SnLM,2,5,7,0.29
SnLN,3,2,5,0.6
SnLP,3,3,6,0.5
SnLS,3,3,6,0.5
SnLb,8,3,11,0.73
SnLh,3,2,5,0.6
SnLj,2,1,3,0.67
SnLl,3,2,5,0.6
SnLm,3,1,4,0.75
SnLn,13,4,17,0.76
SnLs,3,2,5,0.6
SnLt,2,1,3,0.67
SnMB,6,9,15,0.4
SnML,2,5,7,0.29
SnMM,10,16,26,0.38
SnMN,12,10,22,0.55
SnMP,12,11,23,0.52
SnMS,7,7,14,0.5
SnMb,6,17,23,0.26
SnMh,6,16,22,0.27
SnMj,2,1,3,0.67
SnMl,4,4,8,0.5
SnMm,9,6,15,0.6
SnMn,19,20,39,0.49
SnMs,7,9,16,0.44
SnMt,1,2,3,0.33
SnNB,8,11,19,0.42
SnND,1,1,2,0.5
SnNH,2,0,2,1.0
SnNK,1,3,4,0.25
SnNL,4,6,10,0.4
SnNM,15,17,32,0.47
SnNN,20,15,35,0.57
SnNP,27,16,43,0.63
SnNS,10,11,21,0.48
SnNb,17,12,29,0.59
SnNh,6,7,13,0.46
SnNl,3,3,6,0.5
SnNm,8,9,17,0.47
SnNn,21,29,50,0.42
SnNs,16,9,25,0.64
SnNt,5,1,6,0.83
SnPB,6,8,14,0.43
SnPD,0,1,1,0.0
SnPH,5,10,15,0.33
SnPK,1,0,1,1.0
SnPL,6,5,11,0.55
SnPM,17,19,36,0.47
SnPN,21,17,38,0.55
SnPP,26,31,57,0.46
SnPS,18,10,28,0.64
SnPb,17,12,29,0.59
SnPh,2,3,5,0.4
SnPl,12,7,19,0.63
SnPm,12,15,27,0.44
SnPn,18,15,33,0.55
SnPs,8,12,20,0.4
SnPt,2,0,2,1.0
SnSB,2,9,11,0.18
SnSD,1,0,1,1.0
SnSH,6,3,9,0.67
SnSI,0,1,1,0.0
SnSL,6,2,8,0.75
SnSM,12,16,28,0.43
SnSN,7,7,14,0.5
SnSP,14,13,27,0.52
SnSS,12,10,22,0.55
SnSb,5,6,11,0.45
SnSh,5,9,14,0.36
SnSl,3,6,9,0.33
SnSm,8,3,11,0.73
SnSn,13,14,27,0.48
SnSs,17,5,22,0.77
SnSt,4,0,4,1.0
SnbB,12,8,20,0.6
SnbD,0,1,1,0.0
SnbH,4,2,6,0.67
SnbI,1,0,1,1.0
SnbJ,2,2,4,0.5
SnbK,1,2,3,0.33
SnbL,3,6,9,0.33
SnbM,11,10,21,0.52
SnbN,18,15,33,0.55
SnbP,14,15,29,0.48
SnbS,6,7,13,0.46
Snbb,9,12,21,0.43
Snbl,6,5,11,0.55
Snbm,6,4,10,0.6
Snbn,17,15,32,0.53
Snbs,5,4,9,0.56
SnhH,1,0,1,1.0
SnhL,2,0,2,1.0
SnhM,0,0,0,
SnhN,1,1,2,0.5
SnhP,2,0,2,1.0
Snhb,0,1,1,0.0
Snhn,0,0,0,
Snht,1,0,1,1.0
SnlB,3,4,7,0.43
SnlD,1,0,1,1.0
SnlH,4,5,9,0.44
SnlJ,1,2,3,0.33
SnlL,2,1,3,0.67
SnlM,5,0,5,1.0
SnlN,8,6,14,0.57
SnlP,4,6,10,0.4
SnlS,2,1,3,0.67
Snlb,4,7,11,0.36
Snll,4,0,4,1.0
Snlm,2,1,3,0.67
Snln,6,6,12,0.5
Snls,3,1,4,0.75
SnmB,6,5,11,0.55
SnmD,0,2,2,0.0
SnmH,4,8,12,0.33
SnmI,1,0,1,1.0
SnmJ,1,3,4,0.25
SnmL,2,0,2,1.0
SnmM,9,13,22,0.41
SnmN,12,15,27,0.44
SnmP,11,8,19,0.58
SnmS,7,5,12,0.58
Snmb,9,10,19,0.47
Snml,2,2,4,0.5
Snmm,5,3,8,0.62
Snmn,8,6,14,0.57
Snms,3,3,6,0.5
SnnB,5,4,9,0.56
SnnD,1,3,4,0.25
SnnH,9,3,12,0.75
SnnI,1,2,3,0.33
SnnK,1,2,3,0.33
SnnL,7,9,16,0.44
SnnM,11,11,22,0.5
SnnN,19,24,43,0.44
SnnP,27,16,43,0.63
SnnS,13,11,24,0.54
Snnb,20,14,34,0.59
Snnl,9,3,12,0.75
Snnm,7,9,16,0.44
Snnn,12,16,28,0.43
Snns,7,8,15,0.47
SnsB,7,1,8,0.88
SnsD,1,1,2,0.5
SnsH,5,8,13,0.38
SnsL,1,5,6,0.17
SnsM,7,11,18,0.39
SnsN,6,8,14,0.43
SnsP,11,14,25,0.44
SnsS,9,7,16,0.56
Snsb,5,5,10,0.5
Snsh,1,0,1,1.0
Snsl,4,3,7,0.57
Snsm,8,4,12,0.67
Snsn,14,11,25,0.56
Snss,10,11,21,0.48
SntB,0,0,0,
SsBB,2,4,6,0.33
SsBK,1,1,2,0.5
SsBL,2,1,3,0.67
SsBM,4,2,6,0.67
SsBN,2,1,3,0.67
SsBP,5,5,10,0.5
SsBS,4,0,4,1.0
SsBb,3,9,12,0.25
SsBj,1,4,5,0.2
SsBl,1,1,2,0.5
SsBm,3,3,6,0.5
SsBn,5,5,10,0.5
SsBs,3,1,4,0.75
SsBt,1,0,1,1.0
SsDD,1,0,1,1.0
SsDH,1,0,1,1.0
SsDL,0,0,0,
SsDM,1,1,2,0.5
SsDN,1,0,1,1.0
SsDP,1,0,1,1.0
SsDS,0,2,2,0.0
SsDb,1,1,2,0.5
SsDm,1,1,2,0.5
SsDn,1,0,1,1.0
SsHB,6,5,11,0.55
SsHD,1,0,1,1.0
SsHH,0,4,4,0.0
SsHI,1,0,1,1.0
SsHK,0,1,1,0.0
SsHL,0,3,3,0.0
SsHM,5,11,16,0.31
SsHN,7,12,19,0.37
SsHP,11,7,18,0.61
SsHS,11,7,18,0.61
SsHb,13,3,16,0.81
SsHh,4,3,7,0.57
SsHl,1,5,6,0.17
SsHm,9,4,13,0.69
SsHn,10,10,20,0.5
SsHs,2,10,12,0.17
SsHt,0,0,0,
SsIB,1,1,2,0.5
SsIH,1,0,1,1.0
SsIL,1,0,1,1.0
SsIM,1,1,2,0.5
SsIN,1,0,1,1.0
SsIS,0,1,1,0.0
SsIb,1,0,1,1.0
SsIl,2,0,2,1.0
SsKB,0,2,2,0.0
SsKK,0,0,0,
SsKM,0,2,2,0.0
SsKP,0,0,0,
SsKh,0,1,1,0.0
SsKl,1,1,2,0.5
SsKm,0,0,0,
SsKn,0,2,2,0.0
SsKs,0,0,0,
SsLB,7,1,8,0.88
SsLL,1,1,2,0.5
SsLM,4,6,10,0.4
SsLN,1,0,1,1.0
SsLP,2,6,8,0.25
SsLS,1,1,2,0.5
SsLb,3,1,4,0.75
SsLh,0,1,1,0.0
SsLj,2,1,3,0.67
SsLl,4,3,7,0.57
SsLm,4,1,5,0.8
SsLn,3,1,4,0.75
SsLs,2,3,5,0.4
SsLt,1,0,1,1.0
SsMB,6,7,13,0.46
SsMD,0,0,0,
SsML,2,2,4,0.5
SsMM,6,7,13,0.46
SsMN,9,7,16,0.56
SsMP,12,8,20,0.6
SsMS,6,5,11,0.55
SsMb,5,10,15,0.33
SsMh,11,7,18,0.61
SsMj,3,3,6,0.5
SsMl,3,3,6,0.5
SsMm,11,10,21,0.52
SsMn,9,12,21,0.43
SsMs,5,6,11,0.45
SsMt,1,0,1,1.0
SsNB,8,2,10,0.8
SsND,1,0,1,1.0
SsNH,2,2,4,0.5
SsNK,0,3,3,0.0
SsNL,1,1,2,0.5
SsNM,9,7,16,0.56
SsNN,8,10,18,0.44
SsNP,13,10,23,0.57
SsNS,3,7,10,0.3
SsNb,8,12,20,0.4
SsNh,3,3,6,0.5
SsNl,3,3,6,0.5
SsNm,7,4,11,0.64
SsNn,12,16,28,0.43
SsNs,4,7,11,0.36
SsNt,1,1,2,0.5
SsPB,7,6,13,0.54
SsPD,0,2,2,0.0
SsPH,1,6,7,0.14
SsPK,3,5,8,0.38
SsPL,6,2,8,0.75
SsPM,10,5,15,0.67
SsPN,10,7,17,0.59
SsPP,22,14,36,0.61
SsPS,14,9,23,0.61
SsPb,9,16,25,0.36
SsPh,1,1,2,0.5
SsPl,6,3,9,0.67
SsPm,17,11,28,0.61
SsPn,8,11,19,0.42
SsPs,6,8,14,0.43
SsPt,2,2,4,0.5
SsSB,2,3,5,0.4
SsSH,4,5,9,0.44
SsSK,0,1,1,0.0
SsSL,4,2,6,0.67
SsSM,11,10,21,0.52
SsSN,5,6,11,0.45
SsSP,12,9,21,0.57
SsSS,11,12,23,0.48
SsSb,12,6,18,0.67
SsSh,9,10,19,0.47
SsSl,7,4,11,0.64
SsSm,8,5,13,0.62
SsSn,11,14,25,0.44
SsSs,16,10,26,0.62
SsSt,1,1,2,0.5
SsbB,6,2,8,0.75
SsbD,1,0,1,1.0
SsbH,0,1,1,0.0
SsbI,2,0,2,1.0
SsbJ,1,2,3,0.33
SsbK,3,1,4,0.75
SsbL,4,2,6,0.67
SsbM,8,8,16,0.5
SsbN,12,4,16,0.75
SsbP,13,9,22,0.59
SsbS,4,5,9,0.44
Ssbb,10,8,18,0.56
Ssbl,9,5,14,0.64
Ssbm,8,5,13,0.62
Ssbn,3,10,13,0.23
Ssbs,3,5,8,0.38
SshB,0,1,1,0.0
SshP,1,3,4,0.25
SshS,0,1,1,0.0
Sshb,3,2,5,0.6
Sshh,1,1,2,0.5
Sshs,0,1,1,0.0
SslB,3,5,8,0.38
SslD,0,0,0,
SslH,6,4,10,0.6
SslI,1,0,1,1.0
SslJ,0,0,0,
SslL,2,2,4,0.5
SslM,4,7,11,0.36
SslN,4,5,9,0.44
SslP,3,7,10,0.3
SslS,1,1,2,0.5
Sslb,6,5,11,0.55
Ssll,5,5,10,0.5
Sslm,5,0,5,1.0
Ssln,8,2,10,0.8
Ssls,2,4,6,0.33
SsmB,2,3,5,0.4
SsmD,0,0,0,
SsmH,5,3,8,0.62
SsmI,2,0,2,1.0
SsmJ,1,2,3,0.33
SsmL,5,4,9,0.56
SsmM,11,5,16,0.69
SsmN,8,7,15,0.53
SsmP,5,7,12,0.42
SsmS,7,7,14,0.5
Ssmb,4,8,12,0.33
Ssml,4,1,5,0.8
Ssmm,5,0,5,1.0
Ssmn,8,5,13,0.62
Ssms,2,6,8,0.25
SsnB,1,5,6,0.17
SsnD,1,1,2,0.5
SsnH,6,8,14,0.43
SsnI,1,0,1,1.0
SsnK,1,1,2,0.5
SsnL,2,1,3,0.67
SsnM,6,11,17,0.35
SsnN,8,7,15,0.53
SsnP,15,16,31,0.48
SsnS,6,4,10,0.6
Ssnb,4,10,14,0.29
Ssnh,0,1,1,0.0
Ssnl,1,1,2,0.5
Ssnm,8,5,13,0.62
Ssnn,8,9,17,0.47
Ssns,0,5,5,0.0
SssB,6,1,7,0.86
SssD,1,0,1,1.0
SssH,6,12,18,0.33
SssI,3,1,4,0.75
SssL,1,3,4,0.25
SssM,10,8,18,0.56
SssN,4,6,10,0.4
SssP,9,13,22,0.41
SssS,14,9,23,0.61
Sssb,17,4,21,0.81
Sssh,1,1,2,0.5
Sssl,6,1,7,0.86
Sssm,3,4,7,0.43
Sssn,4,5,9,0.44
Ssss,3,9,12,0.25
SstM,1,0,1,1.0
SstP,1,0,1,1.0
StBB,2,1,3,0.67
StBN,0,2,2,0.0
StBP,1,0,1,1.0
StBS,3,0,3,1.0
StBl,0,0,0,
StBn,1,3,4,0.25
StBs,0,2,2,0.0
StDP,0,0,0,
StHM,4,0,4,1.0
StHN,1,1,2,0.5
StHP,1,1,2,0.5
StHS,0,0,0,
StHb,0,1,1,0.0
StHh,0,2,2,0.0
StHl,0,1,1,0.0
StHn,3,0,3,1.0
StHs,1,0,1,1.0
StKB,1,0,1,1.0
StKM,2,0,2,1.0
StKP,0,1,1,0.0
StKS,1,0,1,1.0
StLL,0,1,1,0.0
StLM,0,1,1,0.0
StLN,4,1,5,0.8
StLP,1,0,1,1.0
StLS,0,1,1,0.0
StLl,0,1,1,0.0
StLm,1,0,1,1.0
StLn,1,0,1,1.0
StLt,0,1,1,0.0
StMB,0,2,2,0.0
StMM,1,0,1,1.0
StMN,0,2,2,0.0
StMP,1,4,5,0.2
StMS,1,0,1,1.0
StMb,1,4,5,0.2
StMh,4,2,6,0.67
StMl,0,0,0,
StMn,6,1,7,0.86
StMs,4,1,5,0.8
StNB,1,0,1,1.0
StND,0,0,0,
StNL,1,1,2,0.5
StNM,0,2,2,0.0
StNN,1,3,4,0.25
StNP,1,5,6,0.17
StNS,2,3,5,0.4
StNb,0,1,1,0.0
StNh,2,0,2,1.0
StNl,2,0,2,1.0
StNm,0,2,2,0.0
StNn,3,5,8,0.38
StPB,1,2,3,0.33
StPH,0,1,1,0.0
StPI,1,0,1,1.0
StPK,0,1,1,0.0
StPL,1,1,2,0.5
StPM,0,0,0,
StPN,3,2,5,0.6
StPP,1,5,6,0.17
StPS,4,0,4,1.0
StPb,3,0,3,1.0
StPh,2,0,2,1.0
StPl,1,0,1,1.0
StPm,5,0,5,1.0
StPn,4,2,6,0.67
StPs,3,2,5,0.6
StSB,1,0,1,1.0
StSL,0,0,0,
StSM,1,0,1,1.0
StSN,2,1,3,0.67
StSP,1,0,1,1.0
StSS,3,3,6,0.5
StSb,2,3,5,0.4
StSh,2,0,2,1.0
StSl,0,1,1,0.0
StSm,0,3,3,0.0
StSn,1,4,5,0.2
StSs,0,3,3,0.0
StSt,0,1,1,0.0
StbB,1,1,2,0.5
StbJ,1,0,1,1.0
StbM,1,1,2,0.5
StbN,3,1,4,0.75
StbP,1,0,1,1.0
StbS,1,0,1,1.0
Stbb,2,3,5,0.4
Stbl,1,1,2,0.5
Stbm,1,0,1,1.0
Stbn,1,1,2,0.5
Stbs,0,1,1,0.0
SthP,0,1,1,0.0
Sthb,1,1,2,0.5
StlB,0,0,0,
StlH,0,1,1,0.0
StlL,1,1,2,0.5
StlM,0,0,0,
StlN,1,1,2,0.5
StlP,2,1,3,0.67
StlS,0,0,0,
Stlb,3,0,3,1.0
Stll,0,0,0,
Stlm,1,0,1,1.0
Stln,0,1,1,0.0
Stls,2,0,2,1.0
StmH,1,1,2,0.5
StmL,1,0,1,1.0
StmM,1,1,2,0.5
StmN,2,0,2,1.0
StmP,0,1,1,0.0
StmS,1,2,3,0.33
Stmb,1,0,1,1.0
Stmm,0,1,1,0.0
Stmn,1,0,1,1.0
Stms,0,1,1,0.0
StnB,0,1,1,0.0
StnD,1,0,1,1.0
StnH,3,3,6,0.5
StnK,0,1,1,0.0
StnL,0,0,0,
StnM,0,1,1,0.0
StnN,1,2,3,0.33
StnP,2,2,4,0.5
StnS,1,2,3,0.33
Stnb,0,4,4,0.0
Stnl,1,3,4,0.25
Stnm,1,0,1,1.0
Stnn,1,2,3,0.33
Stns,1,1,2,0.5
StsH,3,0,3,1.0
StsL,1,0,1,1.0
StsM,0,3,3,0.0
StsN,1,0,1,1.0
StsP,1,2,3,0.33
StsS,1,1,2,0.5
Stsb,0,0,0,
Stsl,1,0,1,1.0
Stsm,1,0,1,1.0
Stsn,1,1,2,0.5
Stss,1,0,1,1.0
SttH,0,0,0,
SttM,0,0,0,
SttP,1,0,1,1.0
Sttb,0,1,1,0.0
bBBB,14,5,19,0.74
bBBD,0,0,0,
bBBL,3,2,5,0.6
bBBM,10,6,16,0.62
bBBN,11,10,21,0.52
bBBP,11,8,19,0.58
bBBS,2,4,6,0.33
bBBb,16,13,29,0.55
bBBh,1,3,4,0.25
bBBj,5,4,9,0.56
bBBl,3,3,6,0.5
bBBm,5,11,16,0.31
bBBn,15,10,25,0.6
bBBs,6,2,8,0.75
bBBt,1,0,1,1.0
bBDH,0,1,1,0.0
bBDN,1,0,1,1.0
bBDP,3,0,3,1.0
bBDS,2,2,4,0.5
bBDb,2,1,3,0.67
bBDm,0,1,1,0.0
bBDn,1,0,1,1.0
bBDs,1,0,1,1.0
bBHM,0,1,1,0.0
bBKM,1,0,1,1.0
bBKN,0,1,1,0.0
bBKS,0,1,1,0.0
bBKb,2,2,4,0.5
bBKh,0,1,1,0.0
bBKl,1,0,1,1.0
bBKm,0,2,2,0.0
bBLB,1,2,3,0.33
bBLD,1,0,1,1.0
bBLK,0,1,1,0.0
bBLL,0,1,1,0.0
bBLM,4,6,10,0.4
bBLN,1,3,4,0.25
bBLP,7,7,14,0.5
bBLS,2,2,4,0.5
bBLb,4,6,10,0.4
bBLh,1,5,6,0.17
bBLj,3,2,5,0.6
bBLl,3,3,6,0.5
bBLm,8,2,10,0.8
bBLn,5,6,11,0.45
bBLs,1,3,4,0.25
bBLt,0,1,1,0.0
bBMB,11,9,20,0.55
bBMD,0,0,0,
bBML,4,5,9,0.44
bBMM,11,16,27,0.41
bBMN,9,14,23,0.39
bBMP,15,16,31,0.48
bBMS,9,5,14,0.64
bBMb,15,13,28,0.54
bBMh,9,13,22,0.41
bBMj,7,4,11,0.64
bBMl,2,9,11,0.18
bBMm,12,12,24,0.5
bBMn,14,9,23,0.61
bBMs,5,4,9,0.56
bBMt,0,7,7,0.0
bBNB,9,8,17,0.53
bBND,3,1,4,0.75
bBNH,3,0,3,1.0
bBNL,3,2,5,0.6
bBNM,14,12,26,0.54
bBNN,10,11,21,0.48
bBNP,18,22,40,0.45
bBNS,10,12,22,0.45
bBNb,8,10,18,0.44
bBNh,5,9,14,0.36
bBNl,4,9,13,0.31
bBNm,8,4,12,0.67
bBNn,16,23,39,0.41
bBNs,1,6,7,0.14
bBNt,0,0,0,
bBPB,11,10,21,0.52
bBPD,0,1,1,0.0
bBPH,2,7,9,0.22
bBPI,3,0,3,1.0
bBPK,2,1,3,0.67
bBPL,6,8,14,0.43
bBPM,14,19,33,0.42
bBPN,14,13,27,0.52
bBPP,15,19,34,0.44
bBPS,12,9,21,0.57
bBPb,12,12,24,0.5
bBPh,3,1,4,0.75
bBPl,7,7,14,0.5
bBPm,11,7,18,0.61
bBPn,11,24,35,0.31
bBPs,9,10,19,0.47
bBPt,0,1,1,0.0
bBSB,1,2,3,0.33
bBSD,1,0,1,1.0
bBSH,3,3,6,0.5
bBSL,2,1,3,0.67
bBSM,2,7,9,0.22
bBSN,8,3,11,0.73
bBSP,12,11,23,0.52
bBSS,3,1,4,0.75
bBSb,10,2,12,0.83
bBSh,6,4,10,0.6
bBSl,2,5,7,0.29
bBSm,6,3,9,0.67
bBSn,9,8,17,0.53
bBSs,2,5,7,0.29
bBSt,0,1,1,0.0
bBbB,8,8,16,0.5
bBbH,6,3,9,0.67
bBbJ,6,4,10,0.6
bBbK,0,2,2,0.0
bBbL,6,4,10,0.6
bBbM,12,15,27,0.44
bBbN,15,14,29,0.52
bBbP,18,17,35,0.51
bBbS,4,7,11,0.36
bBbb,16,16,32,0.5
bBbl,5,3,8,0.62
bBbm,12,3,15,0.8
bBbn,19,11,30,0.63
bBbs,5,11,16,0.31
bBhB,2,1,3,0.67
bBhL,0,1,1,0.0
bBhM,4,2,6,0.67
bBhN,2,2,4,0.5
bBhP,3,2,5,0.6
bBhS,1,2,3,0.33
bBhb,2,1,3,0.67
bBhh,2,3,5,0.4
bBhm,2,2,4,0.5
bBhn,8,2,10,0.8
bBhs,1,1,2,0.5
bBjB,3,2,5,0.6
bBjH,1,0,1,1.0
bBjK,1,1,2,0.5
bBjL,2,0,2,1.0
bBjM,1,9,10,0.1
bBjN,3,5,8,0.38
bBjP,4,9,13,0.31
bBjS,3,1,4,0.75
bBjb,2,6,8,0.25
bBjh,1,0,1,1.0
bBjl,6,2,8,0.75
bBjm,6,2,8,0.75
bBjn,10,5,15,0.67
bBjs,3,2,5,0.6
bBjt,2,1,3,0.67
bBlB,1,3,4,0.25
bBlH,1,4,5,0.2
bBlJ,2,2,4,0.5
bBlK,1,0,1,1.0
bBlL,1,3,4,0.25
bBlM,7,8,15,0.47
bBlN,4,4,8,0.5
bBlP,7,7,14,0.5
bBlS,3,2,5,0.6
bBlb,7,6,13,0.54
bBll,4,3,7,0.57
bBlm,5,1,6,0.83
bBln,3,10,13,0.23
bBls,0,2,2,0.0
bBmB,12,4,16,0.75
bBmD,1,0,1,1.0
bBmH,8,6,14,0.57
bBmI,1,1,2,0.5
bBmJ,1,2,3,0.33
bBmL,2,1,3,0.67
bBmM,11,8,19,0.58
bBmN,10,9,19,0.53
bBmP,9,9,18,0.5
bBmS,4,3,7,0.57
bBmb,12,8,20,0.6
bBml,1,3,4,0.25
bBmm,3,1,4,0.75
bBmn,10,4,14,0.71
bBms,5,1,6,0.83
bBnB,7,9,16,0.44
bBnD,2,0,2,1.0
bBnH,7,7,14,0.5
bBnI,0,1,1,0.0
bBnK,1,1,2,0.5
bBnL,8,4,12,0.67
bBnM,16,20,36,0.44
bBnN,23,24,47,0.49
bBnP,22,21,43,0.51
bBnS,15,10,25,0.6
bBnb,10,12,22,0.45
bBnh,1,1,2,0.5
bBnl,7,7,14,0.5
bBnm,12,8,20,0.6
bBnn,21,12,33,0.64
bBns,9,7,16,0.56
bBsB,0,3,3,0.0
bBsH,8,7,15,0.53
bBsM,9,4,13,0.69
bBsN,2,7,9,0.22
bBsP,10,10,20,0.5
bBsS,9,2,11,0.82
bBsb,5,6,11,0.45
bBsh,1,0,1,1.0
bBsl,3,2,5,0.6
bBsm,1,2,3,0.33
bBsn,6,3,9,0.67
bBss,7,1,8,0.88
bBtB,1,2,3,0.33
bBtH,1,1,2,0.5
bBtM,3,0,3,1.0
bBtN,2,2,4,0.5
bBtP,3,3,6,0.5
bBtS,2,2,4,0.5
bBtb,2,4,6,0.33
bBtl,2,2,4,0.5
bBtm,0,0,0,
bBtn,0,5,5,0.0
bBts,1,0,1,1.0
bDBM,1,0,1,1.0
bDBN,1,1,2,0.5
bDBP,0,1,1,0.0
bDBS,1,0,1,1.0
bDBb,1,1,2,0.5
bDBm,0,3,3,0.0
bDBn,0,1,1,0.0
bDHB,0,1,1,0.0
bDHI,0,1,1,0.0
bDHK,0,0,0,
bDHL,0,1,1,0.0
bDHM,3,1,4,0.75
bDHN,1,2,3,0.33
bDHP,2,1,3,0.67
bDHS,1,0,1,1.0
bDHb,0,1,1,0.0
bDHh,2,0,2,1.0
bDHl,0,1,1,0.0
bDHm,1,0,1,1.0
bDHn,0,1,1,0.0
bDHs,1,0,1,1.0
bDLM,0,1,1,0.0
bDLl,1,0,1,1.0
bDLm,0,1,1,0.0
bDLn,0,0,0,
bDMB,1,0,1,1.0
bDMP,1,0,1,1.0
bDMS,0,2,2,0.0
bDMb,0,1,1,0.0
bDMh,1,0,1,1.0
bDMl,0,1,1,0.0
bDMm,0,0,0,
bDMn,0,2,2,0.0
bDNB,1,1,2,0.5
bDND,1,0,1,1.0
bDNM,1,0,1,1.0
bDNN,0,1,1,0.0
bDNS,1,1,2,0.5
bDNb,1,1,2,0.5
bDNm,0,0,0,
bDNn,1,1,2,0.5
bDPB,0,2,2,0.0
bDPI,1,0,1,1.0
bDPL,1,1,2,0.5
bDPM,2,2,4,0.5
bDPN,2,1,3,0.67
bDPP,1,1,2,0.5
bDPS,5,0,5,1.0
bDPb,1,0,1,1.0
bDPl,0,1,1,0.0
bDPm,2,0,2,1.0
bDPn,2,2,4,0.5
bDSM,2,1,3,0.67
bDSP,1,2,3,0.33
bDSS,1,1,2,0.5
bDSb,1,0,1,1.0
bDSh,0,1,1,0.0
bDSl,0,1,1,0.0
bDSm,1,0,1,1.0
bDSn,0,1,1,0.0
bDSs,1,0,1,1.0
bDbB,0,2,2,0.0
bDbL,0,1,1,0.0
bDbM,1,1,2,0.5
bDbN,1,0,1,1.0
bDbP,2,2,4,0.5
bDbS,1,1,2,0.5
bDbb,0,2,2,0.0
bDbm,0,2,2,0.0
bDbn,0,0,0,
bDlB,1,0,1,1.0
bDlH,1,0,1,1.0
bDlL,1,0,1,1.0
bDlM,1,2,3,0.33
bDlP,1,0,1,1.0
bDln,0,1,1,0.0
bDls,1,0,1,1.0
bDmH,0,1,1,0.0
bDmM,1,0,1,1.0
bDmP,0,1,1,0.0
bDmS,1,0,1,1.0
bDmm,1,0,1,1.0
bDms,0,0,0,
bDnB,1,0,1,1.0
bDnI,0,2,2,0.0
bDnN,2,1,3,0.67
bDnP,1,2,3,0.33
bDnS,1,0,1,1.0
bDnb,1,0,1,1.0
bDnm,0,0,0,
bDnn,1,1,2,0.5
bDsH,0,1,1,0.0
bDsL,0,0,0,
bDsP,0,1,1,0.0
bDsS,1,0,1,1.0
bDsb,0,1,1,0.0
bDsm,1,0,1,1.0
bDsn,1,0,1,1.0
bDtK,1,0,1,1.0
bDtP,1,1,2,0.5
bDtl,1,0,1,1.0
bHBB,1,2,3,0.33
bHBH,1,0,1,1.0
bHBK,1,0,1,1.0
bHBL,0,2,2,0.0
bHBM,2,6,8,0.25
bHBN,2,2,4,0.5
bHBP,6,3,9,0.67
bHBS,0,3,3,0.0
bHBb,2,1,3,0.67
bHBh,0,1,1,0.0
bHBj,2,2,4,0.5
bHBl,1,3,4,0.25
bHBm,4,0,4,1.0
bHBn,9,6,15,0.6
bHBs,3,2,5,0.6
bHBt,0,2,2,0.0
bHDB,0,0,0,
bHDM,0,1,1,0.0
bHDP,1,0,1,1.0
bHDS,0,1,1,0.0
bHDb,0,1,1,0.0
bHDm,0,1,1,0.0
bHDn,0,1,1,0.0
bHDt,0,1,1,0.0
bHHH,0,1,1,0.0
bHHI,0,1,1,0.0
bHHK,0,1,1,0.0
bHHL,1,0,1,1.0
bHHN,1,2,3,0.33
bHHP,2,1,3,0.67
bHHS,0,0,0,
bHHb,0,1,1,0.0
bHHl,0,1,1,0.0
bHHn,0,1,1,0.0
bHHs,2,0,2,1.0
bHIP,1,3,4,0.25
bHIn,0,1,1,0.0
bHIs,1,0,1,1.0
bHKb,2,0,2,1.0
bHKh,1,0,1,1.0
bHKn,1,0,1,1.0
bHKs,1,0,1,1.0
bHKt,1,0,1,1.0
bHLB,1,1,2,0.5
bHLD,0,1,1,0.0
bHLK,0,1,1,0.0
bHLL,1,0,1,1.0
bHLM,4,1,5,0.8
bHLN,1,2,3,0.33
bHLP,4,2,6,0.67
bHLS,2,3,5,0.4
bHLb,2,4,6,0.33
bHLh,1,0,1,1.0
bHLj,0,0,0,
bHLl,2,1,3,0.67
bHLm,2,3,5,0.4
bHLn,0,3,3,0.0
bHLs,1,0,1,1.0
bHMB,6,6,12,0.5
bHML,0,2,2,0.0
bHMM,2,8,10,0.2
bHMN,5,2,7,0.71
bHMP,7,4,11,0.64
bHMS,5,3,8,0.62
bHMb,4,3,7,0.57
bHMh,8,6,14,0.57
bHMj,1,1,2,0.5
bHMl,2,1,3,0.67
bHMm,3,2,5,0.6
bHMn,5,10,15,0.33
bHMs,1,0,1,1.0
bHNB,3,2,5,0.6
bHND,1,0,1,1.0
bHNH,0,0,0,
bHNK,1,1,2,0.5
bHNL,0,1,1,0.0
bHNM,2,5,7,0.29
bHNN,3,6,9,0.33
bHNP,6,8,14,0.43
bHNS,2,6,8,0.25
bHNb,6,6,12,0.5
bHNh,3,4,7,0.43
bHNl,6,2,8,0.75
bHNm,4,5,9,0.44
bHNn,4,13,17,0.24
bHNs,4,0,4,1.0
bHPB,2,7,9,0.22
bHPD,0,1,1,0.0
bHPH,3,3,6,0.5
bHPI,1,1,2,0.5
bHPL,5,2,7,0.71
bHPM,7,8,15,0.47
bHPN,6,7,13,0.46
bHPP,11,12,23,0.48
bHPS,4,6,10,0.4
bHPb,7,3,10,0.7
bHPh,1,0,1,1.0
bHPl,4,4,8,0.5
bHPm,6,7,13,0.46
bHPn,7,7,14,0.5
bHPs,7,2,9,0.78
bHPt,2,1,3,0.67
bHSB,3,0,3,1.0
bHSH,0,1,1,0.0
bHSL,0,1,1,0.0
bHSM,0,3,3,0.0
bHSN,3,2,5,0.6
bHSP,3,1,4,0.75
bHSS,3,5,8,0.38
bHSb,2,2,4,0.5
bHSh,3,3,6,0.5
bHSl,4,1,5,0.8
bHSm,6,2,8,0.75
bHSn,2,4,6,0.33
bHSs,4,3,7,0.57
bHSt,2,0,2,1.0
bHbB,2,3,5,0.4
bHbH,0,4,4,0.0
bHbI,0,1,1,0.0
bHbJ,7,1,8,0.88
bHbK,1,0,1,1.0
bHbL,4,1,5,0.8
bHbM,6,7,13,0.46
bHbN,5,7,12,0.42
bHbP,4,8,12,0.33
bHbS,4,1,5,0.8
bHbb,5,6,11,0.45
bHbl,2,1,3,0.67
bHbm,0,1,1,0.0
bHbn,6,7,13,0.46
bHbs,4,1,5,0.8
bHhB,1,0,1,1.0
bHhL,1,1,2,0.5
bHhM,5,0,5,1.0
bHhN,0,1,1,0.0
bHhP,4,3,7,0.57
bHhS,0,1,1,0.0
bHhb,1,0,1,1.0
bHhh,1,2,3,0.33
bHhm,1,0,1,1.0
bHhn,2,0,2,1.0
bHhs,1,0,1,1.0
bHlB,1,3,4,0.25
bHlH,0,2,2,0.0
bHlJ,0,1,1,0.0
bHlL,0,1,1,0.0
bHlM,0,2,2,0.0
bHlN,1,6,7,0.14
bHlP,3,3,6,0.5
bHlS,1,1,2,0.5
bHlb,1,1,2,0.5
bHll,2,1,3,0.67
bHlm,1,0,1,1.0
bHln,2,1,3,0.67
bHls,1,0,1,1.0
bHmB,1,2,3,0.33
bHmH,2,3,5,0.4
bHmJ,2,1,3,0.67
bHmL,1,4,5,0.2
bHmM,5,1,6,0.83
bHmN,6,4,10,0.6
bHmP,2,3,5,0.4
bHmS,0,1,1,0.0
bHmb,5,1,6,0.83
bHmh,1,0,1,1.0
bHml,1,0,1,1.0
bHmm,2,3,5,0.4
bHmn,1,4,5,0.2
bHms,4,2,6,0.67
bHnB,2,2,4,0.5
bHnD,0,1,1,0.0
bHnH,3,1,4,0.75
bHnK,1,0,1,1.0
bHnL,0,1,1,0.0
bHnM,7,6,13,0.54
bHnN,7,13,20,0.35
bHnP,8,4,12,0.67
bHnS,2,5,7,0.29
bHnb,10,2,12,0.83
bHnl,2,1,3,0.67
bHnm,3,2,5,0.6
bHnn,6,7,13,0.46
bHns,4,2,6,0.67
bHsB,2,1,3,0.67
bHsH,4,2,6,0.67
bHsL,2,1,3,0.67
bHsM,3,2,5,0.6
bHsN,1,4,5,0.2
bHsP,3,0,3,1.0
bHsS,3,2,5,0.6
bHsb,1,0,1,1.0
bHsl,1,0,1,1.0
bHsm,2,0,2,1.0
bHsn,3,0,3,1.0
bHss,1,2,3,0.33
bHtP,0,1,1,0.0
bHtb,0,1,1,0.0
bIBL,0,1,1,0.0
bIBM,2,0,2,1.0
bIBP,1,1,2,0.5
bIBS,1,1,2,0.5
bIBn,1,0,1,1.0
bIBs,1,0,1,1.0
bIBt,1,0,1,1.0
bIDB,1,0,1,1.0
bIDN,1,0,1,1.0
bIDP,0,1,1,0.0
bIHB,1,0,1,1.0
bIHM,1,0,1,1.0
bIHN,1,2,3,0.33
bIHP,2,1,3,0.67
bIHS,0,1,1,0.0
bIHb,1,1,2,0.5
bIHh,0,1,1,0.0
bIHm,1,0,1,1.0
bIHn,1,0,1,1.0
bIHs,2,0,2,1.0
bIIN,2,0,2,1.0
bILL,1,0,1,1.0
bILN,1,0,1,1.0
bILP,1,0,1,1.0
bILS,0,0,0,
bILb,1,0,1,1.0
bILt,0,1,1,0.0
bIMB,2,0,2,1.0
bIML,0,0,0,
bIMM,0,1,1,0.0
bIMN,1,4,5,0.2
bIMP,2,0,2,1.0
bIMS,3,2,5,0.6
bIMb,0,5,5,0.0
bIMh,2,1,3,0.67
bIMj,0,1,1,0.0
bIMl,0,1,1,0.0
bIMm,1,0,1,1.0
bIMn,3,1,4,0.75
bIMs,1,1,2,0.5
bIMt,1,1,2,0.5
bINB,1,0,1,1.0
bINM,0,2,2,0.0
bINN,1,0,1,1.0
bINP,0,0,0,
bINS,3,1,4,0.75
bINb,1,0,1,1.0
bINm,1,0,1,1.0
bINn,2,1,3,0.67
bINs,1,0,1,1.0
bIPB,2,2,4,0.5
bIPL,1,0,1,1.0
bIPM,2,2,4,0.5
bIPN,2,1,3,0.67
bIPP,4,6,10,0.4
bIPS,0,1,1,0.0
bIPb,2,3,5,0.4
bIPl,1,3,4,0.25
bIPm,2,1,3,0.67
bIPn,1,0,1,1.0
bIPs,0,1,1,0.0
bIPt,0,1,1,0.0
bISH,2,0,2,1.0
bISL,1,0,1,1.0
bISN,1,0,1,1.0
bISP,0,1,1,0.0
bISb,0,1,1,0.0
bISh,2,0,2,1.0
bISm,0,1,1,0.0
bISn,1,1,2,0.5
bISt,0,1,1,0.0
bIbB,1,2,3,0.33
bIbH,0,1,1,0.0
bIbL,1,0,1,1.0
bIbM,3,1,4,0.75
bIbN,1,1,2,0.5
bIbP,2,0,2,1.0
bIbS,1,0,1,1.0
bIbb,2,0,2,1.0
bIbl,1,0,1,1.0
bIbm,0,0,0,
bIbn,4,0,4,1.0
bIbs,1,0,1,1.0
bIlB,0,2,2,0.0
bIlH,0,0,0,
bIlI,0,0,0,
bIlM,2,0,2,1.0
bIlN,0,2,2,0.0
bIlP,1,0,1,1.0
bIlb,1,0,1,1.0
bIll,1,0,1,1.0
bImB,0,1,1,0.0
bImH,1,3,4,0.25
bImM,1,0,1,1.0
bImN,0,1,1,0.0
bImP,1,1,2,0.5
bImb,2,1,3,0.67
bImn,0,1,1,0.0
bIms,1,0,1,1.0
bInB,1,0,1,1.0
bInH,1,1,2,0.5
bInI,1,0,1,1.0
bInM,2,0,2,1.0
bInN,2,1,3,0.67
bInP,2,0,2,1.0
bInb,1,2,3,0.33
bInh,0,1,1,0.0
bInl,1,1,2,0.5
bInm,0,0,0,
bInn,0,1,1,0.0
bIns,1,0,1,1.0
bIsH,0,1,1,0.0
bIsL,0,0,0,
bIsM,2,1,3,0.67
bIsP,1,1,2,0.5
bIsS,0,1,1,0.0
bIsl,1,0,1,1.0
bIsm,1,0,1,1.0
bIss,1,2,3,0.33
bItP,0,1,1,0.0
bJBB,3,4,7,0.43
bJBM,3,2,5,0.6
bJBN,3,3,6,0.5
bJBP,5,3,8,0.62
bJBS,1,2,3,0.33
bJBb,4,1,5,0.8
bJBh,0,1,1,0.0
bJBj,0,2,2,0.0
bJBl,3,0,3,1.0
bJBm,1,1,2,0.5
bJBn,3,1,4,0.75
bJBs,2,2,4,0.5
bJDH,1,0,1,1.0
bJDM,1,0,1,1.0
bJDl,0,1,1,0.0
bJHB,0,1,1,0.0
bJHD,0,0,0,
bJHL,2,0,2,1.0
bJHM,2,0,2,1.0
bJHN,0,1,1,0.0
bJHP,1,0,1,1.0
bJHS,1,1,2,0.5
bJHb,3,3,6,0.5
bJHh,1,0,1,1.0
bJHl,1,1,2,0.5
bJHn,3,4,7,0.43
bJHs,2,1,3,0.67
bJIB,0,1,1,0.0
bJIM,1,0,1,1.0
bJIP,1,1,2,0.5
bJIS,1,1,2,0.5
bJIn,0,1,1,0.0
bJKB,0,3,3,0.0
bJKN,0,1,1,0.0
bJKP,0,2,2,0.0
bJKb,1,0,1,1.0
bJKm,1,0,1,1.0
bJKn,1,1,2,0.5
bJKs,1,0,1,1.0
bJLB,1,0,1,1.0
bJLL,1,0,1,1.0
bJLM,3,4,7,0.43
bJLN,2,0,2,1.0
bJLP,4,3,7,0.57
bJLS,0,4,4,0.0
bJLb,0,1,1,0.0
bJLh,0,0,0,
bJLj,1,0,1,1.0
bJLl,1,1,2,0.5
bJLm,0,1,1,0.0
bJLn,2,1,3,0.67
bJLs,2,0,2,1.0
bJMB,4,4,8,0.5
bJMD,1,0,1,1.0
bJML,5,7,12,0.42
bJMM,6,4,10,0.6
bJMN,1,1,2,0.5
bJMP,7,5,12,0.58
bJMS,4,2,6,0.67
bJMb,4,5,9,0.44
bJMh,5,3,8,0.62
bJMj,1,2,3,0.33
bJMl,4,1,5,0.8
bJMm,7,3,10,0.7
bJMn,8,9,17,0.47
bJMs,5,1,6,0.83
bJMt,1,0,1,1.0
bJNB,1,4,5,0.2
bJND,1,1,2,0.5
bJNH,0,1,1,0.0
bJNL,2,2,4,0.5
bJNM,2,4,6,0.33
bJNN,9,2,11,0.82
bJNP,6,4,10,0.6
bJNS,1,1,2,0.5
bJNb,4,6,10,0.4
bJNh,5,1,6,0.83
bJNl,3,1,4,0.75
bJNm,3,3,6,0.5
bJNn,5,4,9,0.56
bJNs,2,2,4,0.5
bJNt,1,1,2,0.5
bJPB,4,10,14,0.29
bJPH,0,2,2,0.0
bJPK,0,0,0,
bJPL,3,2,5,0.6
bJPM,4,5,9,0.44
bJPN,5,6,11,0.45
bJPP,15,9,24,0.62
bJPS,1,4,5,0.2
bJPb,10,7,17,0.59
bJPh,1,1,2,0.5
bJPl,3,5,8,0.38
bJPm,6,5,11,0.55
bJPn,2,6,8,0.25
bJPs,2,2,4,0.5
bJSB,1,0,1,1.0
bJSH,1,0,1,1.0
bJSL,2,1,3,0.67
bJSM,2,5,7,0.29
bJSN,0,4,4,0.0
bJSP,1,5,6,0.17
bJSS,2,3,5,0.4
bJSb,5,1,6,0.83
bJSh,0,2,2,0.0
bJSl,3,4,7,0.43
bJSm,3,1,4,0.75
bJSn,2,3,5,0.4
bJSs,2,5,7,0.29
bJSt,0,1,1,0.0
bJbB,2,2,4,0.5
bJbH,2,0,2,1.0
bJbI,0,1,1,0.0
bJbJ,0,2,2,0.0
bJbL,3,2,5,0.6
bJbM,3,5,8,0.38
bJbN,9,5,14,0.64
bJbP,8,6,14,0.57
bJbS,2,1,3,0.67
bJbb,1,11,12,0.08
bJbl,3,1,4,0.75
bJbm,6,5,11,0.55
bJbn,5,6,11,0.45
bJbs,2,0,2,1.0
bJhB,0,2,2,0.0
bJhH,0,0,0,
bJhM,0,1,1,0.0
bJhN,2,1,3,0.67
bJhP,1,2,3,0.33
bJhS,0,1,1,0.0
bJhb,4,1,5,0.8
bJhm,1,0,1,1.0
bJhn,0,2,2,0.0
bJhs,0,0,0,
bJlB,1,5,6,0.17
bJlH,1,2,3,0.33
bJlL,2,1,3,0.67
bJlM,6,3,9,0.67
bJlN,1,2,3,0.33
bJlP,1,0,1,1.0
bJlS,1,1,2,0.5
bJlb,4,5,9,0.44
bJll,1,2,3,0.33
bJlm,1,1,2,0.5
bJln,3,0,3,1.0
bJls,2,0,2,1.0
bJmB,3,2,5,0.6
bJmD,0,1,1,0.0
bJmH,1,0,1,1.0
bJmJ,1,1,2,0.5
bJmL,2,3,5,0.4
bJmM,2,2,4,0.5
bJmN,4,1,5,0.8
bJmP,5,2,7,0.71
bJmS,0,1,1,0.0
bJmb,2,0,2,1.0
bJmh,0,1,1,0.0
bJml,2,1,3,0.67
bJmm,3,2,5,0.6
bJmn,1,0,1,1.0
bJms,1,1,2,0.5
bJnB,1,2,3,0.33
bJnD,1,0,1,1.0
bJnH,2,2,4,0.5
bJnL,2,1,3,0.67
bJnM,3,7,10,0.3
bJnN,2,2,4,0.5
bJnP,5,1,6,0.83
bJnS,4,6,10,0.4
bJnb,5,5,10,0.5
bJnl,2,1,3,0.67
bJnm,2,2,4,0.5
bJnn,1,1,2,0.5
bJns,2,1,3,0.67
bJsB,4,2,6,0.67
bJsH,0,2,2,0.0
bJsL,2,0,2,1.0
bJsM,4,0,4,1.0
bJsN,2,0,2,1.0
bJsP,9,2,11,0.82
bJsS,4,1,5,0.8
bJsb,2,1,3,0.67
bJsh,1,1,2,0.5
bJsl,1,1,2,0.5
bJsm,1,0,1,1.0
bJsn,3,1,4,0.75
bJss,0,1,1,0.0
bJtB,1,0,1,1.0
bJtH,1,0,1,1.0
bJtM,1,0,1,1.0
bJtN,2,0,2,1.0
bJtS,0,1,1,0.0
bJts,0,1,1,0.0
bKBB,1,0,1,1.0
bKBL,1,0,1,1.0
bKBM,0,1,1,0.0
bKBN,0,0,0,
bKBP,1,0,1,1.0
bKBh,0,1,1,0.0
bKBj,2,0,2,1.0
bKBl,2,0,2,1.0
bKBm,1,2,3,0.33
bKBn,3,2,5,0.6
bKBs,2,1,3,0.67
bKDl,1,0,1,1.0
bKHK,1,0,1,1.0
bKHM,0,1,1,0.0
bKHN,1,1,2,0.5
bKHm,1,1,2,0.5
bKHn,1,0,1,1.0
bKLL,1,1,2,0.5
bKLM,1,1,2,0.5
bKLP,2,1,3,0.67
bKLS,1,1,2,0.5
bKLb,3,1,4,0.75
bKLh,1,0,1,1.0
bKLj,1,0,1,1.0
bKLm,0,1,1,0.0
bKLn,1,0,1,1.0
bKMB,1,0,1,1.0
bKML,1,0,1,1.0
bKMM,2,2,4,0.5
bKMN,0,1,1,0.0
bKMP,2,1,3,0.67
bKMb,0,5,5,0.0
bKMh,0,3,3,0.0
bKMl,2,0,2,1.0
bKMm,3,2,5,0.6
bKMn,1,5,6,0.17
bKMs,0,1,1,0.0
bKMt,1,0,1,1.0
bKNB,1,2,3,0.33
bKND,0,0,0,
bKNM,1,0,1,1.0
bKNN,1,0,1,1.0
bKNP,2,3,5,0.4
bKNS,1,1,2,0.5
bKNb,3,0,3,1.0
bKNh,2,0,2,1.0
bKNl,0,1,1,0.0
bKNm,0,2,2,0.0
bKNn,1,0,1,1.0
bKNs,1,0,1,1.0
bKPB,2,1,3,0.67
bKPH,0,1,1,0.0
bKPI,1,0,1,1.0
bKPL,1,1,2,0.5
bKPM,3,3,6,0.5
bKPN,1,1,2,0.5
bKPP,4,2,6,0.67
bKPb,2,2,4,0.5
bKPl,1,0,1,1.0
bKPm,1,0,1,1.0
bKPn,3,1,4,0.75
bKPs,1,2,3,0.33
bKSL,1,0,1,1.0
bKSM,0,3,3,0.0
bKSP,1,2,3,0.33
bKSS,1,0,1,1.0
bKSb,1,2,3,0.33
bKSh,1,1,2,0.5
bKSl,2,0,2,1.0
bKSn,1,1,2,0.5
bKSs,1,1,2,0.5
bKbB,1,1,2,0.5
bKbJ,1,0,1,1.0
bKbL,1,0,1,1.0
bKbM,2,6,8,0.25
bKbN,3,0,3,1.0
bKbP,0,1,1,0.0
bKbS,1,1,2,0.5
bKbb,2,3,5,0.4
bKbl,1,1,2,0.5
bKbn,0,2,2,0.0
bKbs,2,0,2,1.0
bKhI,1,0,1,1.0
bKhL,3,0,3,1.0
bKhM,2,0,2,1.0
bKhN,1,1,2,0.5
bKhP,0,1,1,0.0
bKhS,0,0,0,
bKhb,4,3,7,0.57
bKhh,1,1,2,0.5
bKhl,2,2,4,0.5
bKhn,1,0,1,1.0
bKhs,4,1,5,0.8
bKht,1,0,1,1.0
bKlH,1,1,2,0.5
bKlJ,0,0,0,
bKlL,1,1,2,0.5
bKlM,1,2,3,0.33
bKlN,0,1,1,0.0
bKlP,0,2,2,0.0
bKlS,0,3,3,0.0
bKlb,3,2,5,0.6
bKll,1,0,1,1.0
bKln,0,1,1,0.0
bKmB,2,1,3,0.67
bKmH,0,1,1,0.0
bKmL,0,1,1,0.0
bKmM,2,3,5,0.4
bKmN,1,2,3,0.33
bKmP,2,1,3,0.67
bKmS,0,0,0,
bKmb,1,4,5,0.2
bKmm,2,3,5,0.4
bKmn,1,1,2,0.5
bKms,1,1,2,0.5
bKnH,1,4,5,0.2
bKnL,1,2,3,0.33
bKnM,1,0,1,1.0
bKnN,2,2,4,0.5
bKnP,3,0,3,1.0
bKnS,1,1,2,0.5
bKnb,2,1,3,0.67
bKnh,0,1,1,0.0
bKnl,1,0,1,1.0
bKnm,1,1,2,0.5
bKnn,1,0,1,1.0
bKns,2,0,2,1.0
bKsB,1,0,1,1.0
bKsN,2,2,4,0.5
bKsP,3,0,3,1.0
bKsS,1,1,2,0.5
bKsb,0,2,2,0.0
bKsl,0,0,0,
bKsm,0,2,2,0.0
bKsn,2,1,3,0.67
bKss,0,2,2,0.0
bKtM,0,0,0,
bKtN,1,0,1,1.0
bKtP,0,1,1,0.0
bKtb,0,1,1,0.0
bLBB,4,0,4,1.0
bLBL,0,3,3,0.0
bLBM,1,2,3,0.33
bLBN,3,4,7,0.43
bLBP,6,2,8,0.75
bLBS,1,2,3,0.33
bLBb,16,4,20,0.8
bLBh,0,1,1,0.0
bLBj,1,5,6,0.17
bLBm,3,4,7,0.43
bLBn,3,5,8,0.38
bLBs,2,2,4,0.5
bLBt,0,1,1,0.0
bLDB,0,1,1,0.0
bLDS,0,1,1,0.0
bLDt,1,0,1,1.0
bLHs,1,0,1,1.0
bLKM,1,0,1,1.0
bLKP,0,2,2,0.0
bLKn,2,0,2,1.0
bLLB,3,0,3,1.0
bLLK,0,1,1,0.0
bLLL,0,1,1,0.0
bLLM,4,3,7,0.57
bLLN,3,1,4,0.75
bLLP,1,2,3,0.33
bLLS,2,3,5,0.4
bLLb,1,0,1,1.0
bLLh,0,2,2,0.0
bLLj,0,1,1,0.0
bLLl,2,1,3,0.67
bLLm,0,1,1,0.0
bLLn,3,5,8,0.38
bLLs,1,2,3,0.33
bLLt,2,0,2,1.0
bLMB,5,4,9,0.56
bLML,2,1,3,0.67
bLMM,5,5,10,0.5
bLMN,8,6,14,0.57
bLMP,8,12,20,0.4
bLMS,4,1,5,0.8
bLMb,6,8,14,0.43
bLMh,5,6,11,0.45
bLMj,0,2,2,0.0
bLMl,2,2,4,0.5
bLMm,4,1,5,0.8
bLMn,7,6,13,0.54
bLMs,2,5,7,0.29
bLMt,0,2,2,0.0
bLNB,2,2,4,0.5
bLNL,1,0,1,1.0
bLNM,3,2,5,0.6
bLNN,8,10,18,0.44
bLNP,7,4,11,0.64
bLNS,2,6,8,0.25
bLNb,6,4,10,0.6
bLNh,0,1,1,0.0
bLNl,3,3,6,0.5
bLNm,3,2,5,0.6
bLNn,9,3,12,0.75
bLNs,3,1,4,0.75
bLNt,1,0,1,1.0
bLPB,4,3,7,0.57
bLPH,0,3,3,0.0
bLPI,1,0,1,1.0
bLPK,1,1,2,0.5
bLPL,3,4,7,0.43
bLPM,5,6,11,0.45
bLPN,3,8,11,0.27
bLPP,7,7,14,0.5
bLPS,7,6,13,0.54
bLPb,5,9,14,0.36
bLPl,3,5,8,0.38
bLPm,11,4,15,0.73
bLPn,5,3,8,0.62
bLPs,6,5,11,0.55
bLPt,0,1,1,0.0
bLSB,3,2,5,0.6
bLSD,1,0,1,1.0
bLSL,1,2,3,0.33
bLSM,4,2,6,0.67
bLSN,2,5,7,0.29
bLSP,6,5,11,0.55
bLSS,3,8,11,0.27
bLSb,5,5,10,0.5
bLSh,3,5,8,0.38
bLSl,3,2,5,0.6
bLSm,3,2,5,0.6
bLSn,2,6,8,0.25
bLSs,6,5,11,0.55
bLSt,0,1,1,0.0
bLbB,7,2,9,0.78
bLbH,2,1,3,0.67
bLbI,1,0,1,1.0
bLbJ,0,4,4,0.0
bLbK,1,2,3,0.33
bLbL,1,5,6,0.17
bLbM,3,6,9,0.33
bLbN,8,8,16,0.5
bLbP,9,7,16,0.56
bLbS,3,4,7,0.43
bLbb,10,5,15,0.67
bLbl,2,2,4,0.5
bLbm,4,3,7,0.57
bLbn,5,6,11,0.45
bLbs,9,3,12,0.75
bLhB,2,2,4,0.5
bLhK,0,1,1,0.0
bLhL,1,0,1,1.0
bLhM,6,1,7,0.86
bLhN,6,0,6,1.0
bLhP,3,7,10,0.3
bLhS,2,3,5,0.4
bLhb,6,2,8,0.75
bLhh,2,0,2,1.0
bLhl,1,0,1,1.0
bLhm,2,0,2,1.0
bLhn,6,2,8,0.75
bLhs,2,3,5,0.4
bLht,0,0,0,
bLjB,0,1,1,0.0
bLjH,0,4,4,0.0
bLjL,1,0,1,1.0
bLjM,2,3,5,0.4
bLjN,1,3,4,0.25
bLjP,1,4,5,0.2
bLjS,3,3,6,0.5
bLjb,1,0,1,1.0
bLjl,0,1,1,0.0
bLjm,1,1,2,0.5
bLjn,3,4,7,0.43
bLjs,1,2,3,0.33
bLlB,0,1,1,0.0
bLlD,1,0,1,1.0
bLlH,1,3,4,0.25
bLlJ,1,0,1,1.0
bLlK,1,0,1,1.0
bLlL,3,2,5,0.6
bLlM,0,1,1,0.0
bLlN,5,6,11,0.45
bLlP,3,5,8,0.38
bLlS,1,0,1,1.0
bLlb,2,1,3,0.67
bLll,0,1,1,0.0
bLlm,1,2,3,0.33
bLln,3,4,7,0.43
bLls,1,3,4,0.25
bLmB,5,1,6,0.83
bLmH,6,2,8,0.75
bLmI,0,1,1,0.0
bLmJ,1,1,2,0.5
bLmL,3,1,4,0.75
bLmM,2,3,5,0.4
bLmN,0,4,4,0.0
bLmP,7,3,10,0.7
bLmS,2,1,3,0.67
bLmb,2,5,7,0.29
bLml,0,1,1,0.0
bLmm,1,2,3,0.33
bLmn,1,4,5,0.2
bLms,1,1,2,0.5
bLnB,0,6,6,0.0
bLnH,5,10,15,0.33
bLnI,0,2,2,0.0
bLnK,0,1,1,0.0
bLnL,4,3,7,0.57
bLnM,4,10,14,0.29
bLnN,9,10,19,0.47
bLnP,13,12,25,0.52
bLnS,8,7,15,0.53
bLnb,12,5,17,0.71
bLnh,0,2,2,0.0
bLnl,1,5,6,0.17
bLnm,7,1,8,0.88
bLnn,14,8,22,0.64
bLns,5,7,12,0.42
bLsB,0,1,1,0.0
bLsD,0,0,0,
bLsH,2,3,5,0.4
bLsL,2,5,7,0.29
bLsM,1,4,5,0.2
bLsN,4,1,5,0.8
bLsP,5,4,9,0.56
bLsS,3,5,8,0.38
bLsb,4,5,9,0.44
bLsl,1,0,1,1.0
bLsm,3,2,5,0.6
bLsn,4,2,6,0.67
bLss,2,3,5,0.4
bLtB,1,1,2,0.5
bLtL,2,0,2,1.0
bLtM,0,1,1,0.0
bLtN,0,0,0,
bLtP,1,1,2,0.5
bLtS,0,2,2,0.0
bLtb,1,0,1,1.0
bLtl,0,0,0,
bLtm,0,0,0,
bLtn,0,2,2,0.0
bMBB,7,8,15,0.47
bMBD,1,0,1,1.0
bMBH,1,1,2,0.5
bMBK,1,0,1,1.0
bMBL,3,5,8,0.38
bMBM,20,12,32,0.62
bMBN,8,16,24,0.33
bMBP,17,15,32,0.53
bMBS,5,9,14,0.36
bMBb,17,13,30,0.57
bMBj,6,3,9,0.67
bMBl,5,7,12,0.42
bMBm,11,5,16,0.69
bMBn,17,17,34,0.5
bMBs,5,4,9,0.56
bMBt,1,0,1,1.0
bMDH,0,1,1,0.0
bMDP,2,1,3,0.67
bMDS,1,1,2,0.5
bMDb,1,2,3,0.33
bMDl,2,0,2,1.0
bMDm,0,1,1,0.0
bMDn,2,1,3,0.67
bMDt,1,0,1,1.0
bMHP,1,0,1,1.0
bMKP,1,0,1,1.0
bMLB,1,4,5,0.2
bMLD,1,0,1,1.0
bMLL,1,2,3,0.33
bMLM,8,2,10,0.8
bMLN,4,8,12,0.33
bMLP,4,5,9,0.44
bMLS,4,5,9,0.44
bMLb,9,4,13,0.69
bMLh,2,4,6,0.33
bMLj,4,2,6,0.67
bMLl,3,1,4,0.75
bMLm,6,2,8,0.75
bMLn,6,7,13,0.46
bMLs,0,3,3,0.0
bMLt,0,1,1,0.0
bMMB,9,11,20,0.45
bMMD,0,1,1,0.0
bMML,5,3,8,0.62
bMMM,17,16,33,0.52
bMMN,26,16,42,0.62
bMMP,18,19,37,0.49
bMMS,8,12,20,0.4
bMMb,19,23,42,0.45
bMMh,10,14,24,0.42
bMMj,2,6,8,0.25
bMMl,3,7,10,0.3
bMMm,3,7,10,0.3
bMMn,27,21,48,0.56
bMMs,10,6,16,0.62
bMMt,5,1,6,0.83
bMNB,7,7,14,0.5
bMND,2,0,2,1.0
bMNH,2,5,7,0.29
bMNK,0,1,1,0.0
bMNL,5,4,9,0.56
bMNM,10,18,28,0.36
bMNN,18,17,35,0.51
bMNP,19,18,37,0.51
bMNS,10,9,19,0.53
bMNb,9,13,22,0.41
bMNh,5,8,13,0.38
bMNl,2,2,4,0.5
bMNm,10,9,19,0.53
bMNn,23,23,46,0.5
bMNs,6,10,16,0.38
bMNt,4,6,10,0.4
bMPB,14,12,26,0.54
bMPD,1,0,1,1.0
bMPH,8,8,16,0.5
bMPI,0,3,3,0.0
bMPK,1,2,3,0.33
bMPL,5,7,12,0.42
bMPM,12,29,41,0.29
bMPN,27,20,47,0.57
bMPP,26,32,58,0.45
bMPS,7,12,19,0.37
bMPb,25,25,50,0.5
bMPh,3,3,6,0.5
bMPl,15,8,23,0.65
bMPm,16,7,23,0.7
bMPn,14,28,42,0.33
bMPs,16,14,30,0.53
bMPt,3,1,4,0.75
bMSB,6,3,9,0.67
bMSD,1,1,2,0.5
bMSH,5,8,13,0.38
bMSK,0,1,1,0.0
bMSL,6,3,9,0.67
bMSM,11,8,19,0.58
bMSN,7,3,10,0.7
bMSP,14,10,24,0.58
bMSS,11,14,25,0.44
bMSb,5,6,11,0.45
bMSh,9,8,17,0.53
bMSl,2,5,7,0.29
bMSm,8,8,16,0.5
bMSn,12,10,22,0.55
bMSs,2,6,8,0.25
bMSt,1,1,2,0.5
bMbB,15,7,22,0.68
bMbD,3,1,4,0.75
bMbH,6,7,13,0.46
bMbI,1,3,4,0.25
bMbJ,6,6,12,0.5
bMbK,2,1,3,0.67
bMbL,3,4,7,0.43
bMbM,18,23,41,0.44
bMbN,28,24,52,0.54
bMbP,26,28,54,0.48
bMbS,10,8,18,0.56
bMbb,29,18,47,0.62
bMbl,3,5,8,0.38
bMbm,12,9,21,0.57
bMbn,28,20,48,0.58
bMbs,7,7,14,0.5
bMhB,6,8,14,0.43
bMhD,0,1,1,0.0
bMhH,0,6,6,0.0
bMhI,2,2,4,0.5
bMhL,9,2,11,0.82
bMhM,13,12,25,0.52
bMhN,13,4,17,0.76
bMhP,23,9,32,0.72
bMhS,14,12,26,0.54
bMhb,8,8,16,0.5
bMhh,13,18,31,0.42
bMhl,10,10,20,0.5
bMhm,11,15,26,0.42
bMhn,19,18,37,0.51
bMhs,12,10,22,0.55
bMht,1,1,2,0.5
bMjB,5,5,10,0.5
bMjD,0,1,1,0.0
bMjH,2,1,3,0.67
bMjI,1,0,1,1.0
bMjL,0,3,3,0.0
bMjM,7,5,12,0.58
bMjN,2,4,6,0.33
bMjP,6,11,17,0.35
bMjS,3,4,7,0.43
bMjb,5,1,6,0.83
bMjl,1,0,1,1.0
bMjm,3,4,7,0.43
bMjn,4,3,7,0.57
bMjs,7,3,10,0.7
bMjt,0,1,1,0.0
bMlB,3,3,6,0.5
bMlD,0,1,1,0.0
bMlH,8,5,13,0.62
bMlJ,2,1,3,0.67
bMlK,0,2,2,0.0
bMlL,4,3,7,0.57
bMlM,5,10,15,0.33
bMlN,7,9,16,0.44
bMlP,8,14,22,0.36
bMlS,2,7,9,0.22
bMlb,10,8,18,0.56
bMll,1,1,2,0.5
bMlm,5,3,8,0.62
bMln,8,5,13,0.62
bMls,2,5,7,0.29
bMmB,10,6,16,0.62
bMmD,1,0,1,1.0
bMmH,10,8,18,0.56
bMmI,0,1,1,0.0
bMmJ,2,3,5,0.4
bMmL,7,2,9,0.78
bMmM,11,10,21,0.52
bMmN,18,19,37,0.49
bMmP,15,19,34,0.44
bMmS,3,12,15,0.2
bMmb,13,10,23,0.57
bMml,2,2,4,0.5
bMmm,4,5,9,0.44
bMmn,10,9,19,0.53
bMms,3,7,10,0.3
bMnB,8,10,18,0.44
bMnD,1,1,2,0.5
bMnH,8,14,22,0.36
bMnI,3,2,5,0.6
bMnK,2,1,3,0.67
bMnL,1,3,4,0.25
bMnM,18,20,38,0.47
bMnN,34,22,56,0.61
bMnP,36,34,70,0.51
bMnS,16,22,38,0.42
bMnb,24,21,45,0.53
bMnh,1,1,2,0.5
bMnl,8,6,14,0.57
bMnm,19,9,28,0.68
bMnn,22,26,48,0.46
bMns,12,12,24,0.5
bMsB,3,5,8,0.38
bMsH,8,10,18,0.44
bMsL,2,3,5,0.4
bMsM,5,12,17,0.29
bMsN,8,13,21,0.38
bMsP,10,15,25,0.4
bMsS,9,7,16,0.56
bMsb,8,4,12,0.67
bMsl,3,1,4,0.75
bMsm,7,3,10,0.7
bMsn,6,10,16,0.38
bMss,7,8,15,0.47
bMtB,2,2,4,0.5
bMtH,2,3,5,0.4
bMtL,2,1,3,0.67
bMtM,1,3,4,0.25
bMtN,2,3,5,0.4
bMtP,1,1,2,0.5
bMtS,0,1,1,0.0
bMtb,0,3,3,0.0
bMtl,0,1,1,0.0
bMtm,2,3,5,0.4
bMtn,6,6,12,0.5
bMts,0,0,0,
bNBB,10,5,15,0.67
bNBK,0,2,2,0.0
bNBL,5,5,10,0.5
bNBM,16,9,25,0.64
bNBN,16,13,29,0.55
bNBP,16,12,28,0.57
bNBS,10,9,19,0.53
bNBb,12,10,22,0.55
bNBh,0,2,2,0.0
bNBj,3,8,11,0.27
bNBl,5,3,8,0.62
bNBm,9,6,15,0.6
bNBn,16,20,36,0.44
bNBs,5,6,11,0.45
bNBt,2,0,2,1.0
bNDB,1,0,1,1.0
bNDH,0,1,1,0.0
bNDL,1,0,1,1.0
bNDM,1,4,5,0.2
bNDN,1,1,2,0.5
bNDP,1,0,1,1.0
bNDS,1,1,2,0.5
bNDb,1,0,1,1.0
bNDl,1,0,1,1.0
bNDn,1,0,1,1.0
bNDs,0,0,0,
bNHB,1,3,4,0.25
bNHH,0,1,1,0.0
bNHK,0,1,1,0.0
bNHM,5,4,9,0.56
bNHN,3,2,5,0.6
bNHP,1,2,3,0.33
bNHS,0,0,0,
bNHb,1,1,2,0.5
bNHh,1,1,2,0.5
bNHl,1,0,1,1.0
bNHm,3,2,5,0.6
bNHn,3,7,10,0.3
bNHs,0,2,2,0.0
bNIB,1,0,1,1.0
bNKB,1,1,2,0.5
bNKL,1,0,1,1.0
bNKM,1,1,2,0.5
bNKN,0,3,3,0.0
bNKP,1,1,2,0.5
bNKS,0,1,1,0.0
bNKb,2,3,5,0.4
bNKl,2,0,2,1.0
bNKm,1,0,1,1.0
bNKn,1,0,1,1.0
bNKs,0,2,2,0.0
bNLB,6,2,8,0.75
bNLK,1,1,2,0.5
bNLL,1,5,6,0.17
bNLM,7,7,14,0.5
bNLN,5,7,12,0.42
bNLP,5,8,13,0.38
bNLS,5,7,12,0.42
bNLb,4,13,17,0.24
bNLh,6,2,8,0.75
bNLj,0,1,1,0.0
bNLl,3,2,5,0.6
bNLm,6,5,11,0.55
bNLn,10,6,16,0.62
bNLs,2,2,4,0.5
bNLt,1,0,1,1.0
bNMB,16,9,25,0.64
bNMD,2,1,3,0.67
bNML,5,5,10,0.5
bNMM,14,18,32,0.44
bNMN,18,15,33,0.55
bNMP,24,27,51,0.47
bNMS,9,16,25,0.36
bNMb,16,22,38,0.42
bNMh,9,22,31,0.29
bNMj,6,5,11,0.55
bNMl,9,7,16,0.56
bNMm,7,8,15,0.47
bNMn,33,33,66,0.5
bNMs,10,11,21,0.48
bNMt,5,4,9,0.56
bNNB,11,18,29,0.38
bNND,1,1,2,0.5
bNNH,2,2,4,0.5
bNNK,0,0,0,
bNNL,7,8,15,0.47
bNNM,14,17,31,0.45
bNNN,25,15,40,0.62
bNNP,32,37,69,0.46
bNNS,12,14,26,0.46
bNNb,21,17,38,0.55
bNNh,10,9,19,0.53
bNNl,8,13,21,0.38
bNNm,10,12,22,0.45
bNNn,30,33,63,0.48
bNNs,17,14,31,0.55
bNNt,10,3,13,0.77
bNPB,15,12,27,0.56
bNPD,0,0,0,
bNPH,11,14,25,0.44
bNPI,3,1,4,0.75
bNPK,5,2,7,0.71
bNPL,19,15,34,0.56
bNPM,24,31,55,0.44
bNPN,34,28,62,0.55
bNPP,46,38,84,0.55
bNPS,16,20,36,0.44
bNPb,33,34,67,0.49
bNPh,5,8,13,0.38
bNPl,12,15,27,0.44
bNPm,33,14,47,0.7
bNPn,29,35,64,0.45
bNPs,9,14,23,0.39
bNPt,3,2,5,0.6
bNSB,11,5,16,0.69
bNSD,0,1,1,0.0
bNSH,8,6,14,0.57
bNSL,2,5,7,0.29
bNSM,14,6,20,0.7
bNSN,20,12,32,0.62
bNSP,13,22,35,0.37
bNSS,10,10,20,0.5
bNSb,14,16,30,0.47
bNSh,12,10,22,0.55
bNSl,6,3,9,0.67
bNSm,17,7,24,0.71
bNSn,22,12,34,0.65
bNSs,10,8,18,0.56
bNSt,1,2,3,0.33
bNbB,16,12,28,0.57
bNbD,1,0,1,1.0
bNbH,8,6,14,0.57
bNbI,0,1,1,0.0
bNbJ,5,4,9,0.56
bNbK,0,2,2,0.0
bNbL,6,7,13,0.46
bNbM,21,26,47,0.45
bNbN,26,22,48,0.54
bNbP,29,18,47,0.62
bNbS,8,15,23,0.35
bNbb,24,34,58,0.41
bNbh,0,1,1,0.0
bNbl,5,8,13,0.38
bNbm,17,12,29,0.59
bNbn,23,29,52,0.44
bNbs,11,10,21,0.52
bNhB,7,4,11,0.64
bNhD,1,0,1,1.0
bNhH,0,4,4,0.0
bNhI,1,0,1,1.0
bNhK,0,1,1,0.0
bNhL,4,4,8,0.5
bNhM,7,10,17,0.41
bNhN,5,7,12,0.42
bNhP,20,8,28,0.71
bNhS,5,9,14,0.36
bNhb,6,11,17,0.35
bNhh,8,6,14,0.57
bNhl,6,5,11,0.55
bNhm,10,6,16,0.62
bNhn,12,13,25,0.48
bNhs,4,7,11,0.36
bNht,1,1,2,0.5
bNlB,5,6,11,0.45
bNlD,1,2,3,0.33
bNlH,6,7,13,0.46
bNlI,1,2,3,0.33
bNlJ,1,2,3,0.33
bNlK,2,1,3,0.67
bNlL,2,1,3,0.67
bNlM,9,6,15,0.6
bNlN,9,17,26,0.35
bNlP,17,14,31,0.55
bNlS,3,3,6,0.5
bNlb,8,4,12,0.67
bNll,1,2,3,0.33
bNlm,4,6,10,0.4
bNln,11,7,18,0.61
bNls,6,4,10,0.6
bNmB,10,11,21,0.48
bNmH,11,12,23,0.48
bNmI,3,0,3,1.0
bNmJ,2,3,5,0.4
bNmK,0,1,1,0.0
bNmL,7,5,12,0.58
bNmM,12,16,28,0.43
bNmN,22,23,45,0.49
bNmP,24,19,43,0.56
bNmS,6,9,15,0.4
bNmb,11,6,17,0.65
bNml,8,1,9,0.89
bNmm,13,13,26,0.5
bNmn,17,14,31,0.55
bNms,6,6,12,0.5
bNnB,18,10,28,0.64
bNnD,2,0,2,1.0
bNnH,10,15,25,0.4
bNnI,3,4,7,0.43
bNnK,3,4,7,0.43
bNnL,7,12,19,0.37
bNnM,21,19,40,0.52
bNnN,36,38,74,0.49
bNnP,46,35,81,0.57
bNnS,26,32,58,0.45
bNnb,23,18,41,0.56
bNnh,1,1,2,0.5
bNnl,8,11,19,0.42
bNnm,26,13,39,0.67
bNnn,29,25,54,0.54
bNns,17,15,32,0.53
bNsB,4,3,7,0.57
bNsD,2,1,3,0.67
bNsH,4,13,17,0.24
bNsI,2,1,3,0.67
bNsK,1,1,2,0.5
bNsL,3,6,9,0.33
bNsM,10,11,21,0.48
bNsN,9,10,19,0.47
bNsP,24,17,41,0.59
bNsS,10,6,16,0.62
bNsb,12,15,27,0.44
bNsh,1,1,2,0.5
bNsl,5,9,14,0.36
bNsm,8,6,14,0.57
bNsn,10,10,20,0.5
bNss,7,7,14,0.5
bNtB,0,2,2,0.0
bNtD,0,1,1,0.0
bNtH,1,2,3,0.33
bNtK,1,0,1,1.0
bNtL,1,0,1,1.0
bNtM,6,7,13,0.46
bNtN,8,6,14,0.57
bNtP,7,10,17,0.41
bNtS,0,2,2,0.0
bNtb,2,5,7,0.29
bNth,1,1,2,0.5
bNtl,0,2,2,0.0
bNtm,1,1,2,0.5
bNtn,5,2,7,0.71
bNts,1,3,4,0.25
bPBB,10,11,21,0.48
bPBD,1,2,3,0.33
bPBK,0,3,3,0.0
bPBL,4,7,11,0.36
bPBM,13,17,30,0.43
bPBN,19,12,31,0.61
bPBP,13,22,35,0.37
bPBS,8,8,16,0.5
bPBb,11,15,26,0.42
bPBh,1,0,1,1.0
bPBj,4,6,10,0.4
bPBl,3,8,11,0.27
bPBm,9,13,22,0.41
bPBn,22,20,42,0.52
bPBs,8,4,12,0.67
bPBt,2,5,7,0.29
bPDB,0,1,1,0.0
bPDH,0,0,0,
bPDL,2,1,3,0.67
bPDM,1,2,3,0.33
bPDN,2,1,3,0.67
bPDP,1,4,5,0.2
bPDS,1,1,2,0.5
bPDb,1,0,1,1.0
bPDl,1,1,2,0.5
bPDm,2,1,3,0.67
bPDs,1,1,2,0.5
bPHB,3,6,9,0.33
bPHD,0,1,1,0.0
bPHH,2,0,2,1.0
bPHK,0,1,1,0.0
bPHL,3,4,7,0.43
bPHM,8,7,15,0.53
bPHN,5,6,11,0.45
bPHP,7,9,16,0.44
bPHS,4,2,6,0.67
bPHb,3,1,4,0.75
bPHh,0,1,1,0.0
bPHl,4,3,7,0.57
bPHm,6,4,10,0.6
bPHn,4,5,9,0.44
bPHs,2,6,8,0.25
bPIB,0,1,1,0.0
bPIH,0,0,0,
bPIL,1,0,1,1.0
bPIM,0,3,3,0.0
bPIN,0,1,1,0.0
bPIP,2,0,2,1.0
bPIS,1,0,1,1.0
bPIb,3,1,4,0.75
bPIm,1,0,1,1.0
bPIn,0,1,1,0.0
bPKB,1,2,3,0.33
bPKH,0,2,2,0.0
bPKL,0,2,2,0.0
bPKM,0,3,3,0.0
bPKN,1,3,4,0.25
bPKP,4,2,6,0.67
bPKS,0,4,4,0.0
bPKb,3,0,3,1.0
bPKh,2,2,4,0.5
bPKl,1,2,3,0.33
bPKn,1,1,2,0.5
bPKs,3,1,4,0.75
bPKt,0,1,1,0.0
bPLB,8,7,15,0.53
bPLD,0,1,1,0.0
bPLH,0,1,1,0.0
bPLK,0,0,0,
bPLL,3,0,3,1.0
bPLM,13,11,24,0.54
bPLN,10,7,17,0.59
bPLP,10,9,19,0.53
bPLS,3,4,7,0.43
bPLb,9,13,22,0.41
bPLh,4,4,8,0.5
bPLj,3,4,7,0.43
bPLl,8,7,15,0.53
bPLm,11,6,17,0.65
bPLn,14,10,24,0.58
bPLs,2,4,6,0.33
bPLt,4,1,5,0.8
bPMB,14,18,32,0.44
bPMD,2,2,4,0.5
bPML,8,10,18,0.44
bPMM,20,20,40,0.5
bPMN,18,31,49,0.37
bPMP,28,22,50,0.56
bPMS,11,21,32,0.34
bPMb,21,15,36,0.58
bPMh,15,17,32,0.47
bPMj,4,4,8,0.5
bPMl,12,9,21,0.57
bPMm,12,14,26,0.46
bPMn,28,27,55,0.51
bPMs,10,10,20,0.5
bPMt,6,1,7,0.86
bPNB,11,9,20,0.55
bPNH,2,2,4,0.5
bPNK,0,0,0,
bPNL,7,8,15,0.47
bPNM,20,24,44,0.45
bPNN,19,18,37,0.51
bPNP,26,34,60,0.43
bPNS,11,19,30,0.37
bPNb,20,18,38,0.53
bPNh,6,10,16,0.38
bPNl,10,10,20,0.5
bPNm,17,7,24,0.71
bPNn,33,24,57,0.58
bPNs,12,14,26,0.46
bPNt,3,3,6,0.5
bPPB,20,25,45,0.44
bPPD,3,0,3,1.0
bPPH,12,8,20,0.6
bPPI,1,0,1,1.0
bPPK,1,2,3,0.33
bPPL,16,13,29,0.55
bPPM,33,26,59,0.56
bPPN,34,35,69,0.49
bPPP,47,55,102,0.46
bPPS,22,22,44,0.5
bPPb,33,32,65,0.51
bPPh,8,8,16,0.5
bPPl,18,16,34,0.53
bPPm,29,27,56,0.52
bPPn,35,25,60,0.58
bPPs,18,20,38,0.47
bPPt,1,3,4,0.25
bPSB,12,4,16,0.75
bPSH,8,7,15,0.53
bPSK,1,1,2,0.5
bPSL,3,4,7,0.43
bPSM,12,8,20,0.6
bPSN,6,9,15,0.4
bPSP,20,21,41,0.49
bPSS,7,12,19,0.37
bPSb,14,13,27,0.52
bPSh,5,14,19,0.26
bPSl,7,12,19,0.37
bPSm,6,12,18,0.33
bPSn,9,11,20,0.45
bPSs,9,17,26,0.35
bPSt,0,1,1,0.0
bPbB,21,15,36,0.58
bPbD,0,1,1,0.0
bPbH,6,5,11,0.55
bPbI,1,1,2,0.5
bPbJ,6,10,16,0.38
bPbK,1,3,4,0.25
bPbL,15,10,25,0.6
bPbM,30,33,63,0.48
bPbN,30,25,55,0.55
bPbP,34,28,62,0.55
bPbS,8,10,18,0.44
bPbb,26,27,53,0.49
bPbl,16,6,22,0.73
bPbm,20,12,32,0.62
bPbn,25,20,45,0.56
bPbs,4,13,17,0.24
bPhB,2,5,7,0.29
bPhL,1,2,3,0.33
bPhM,5,2,7,0.71
bPhN,1,6,7,0.14
bPhP,7,6,13,0.54
bPhS,1,3,4,0.25
bPhb,3,5,8,0.38
bPhh,2,4,6,0.33
bPhl,2,1,3,0.67
bPhm,0,2,2,0.0
bPhn,4,5,9,0.44
bPhs,2,3,5,0.4
bPlB,9,7,16,0.56
bPlD,0,0,0,
bPlH,11,7,18,0.61
bPlI,1,0,1,1.0
bPlJ,2,2,4,0.5
bPlK,2,1,3,0.67
bPlL,2,3,5,0.4
bPlM,11,16,27,0.41
bPlN,12,14,26,0.46
bPlP,13,17,30,0.43
bPlS,10,7,17,0.59
bPlb,10,11,21,0.48
bPll,10,11,21,0.48
bPlm,14,9,23,0.61
bPln,13,10,23,0.57
bPls,11,9,20,0.55
bPmB,18,13,31,0.58
bPmD,1,0,1,1.0
bPmH,6,8,14,0.43
bPmI,1,1,2,0.5
bPmJ,3,3,6,0.5
bPmL,6,4,10,0.6
bPmM,17,16,33,0.52
bPmN,15,9,24,0.62
bPmP,21,26,47,0.45
bPmS,6,12,18,0.33
bPmb,19,19,38,0.5
bPml,6,2,8,0.75
bPmm,11,6,17,0.65
bPmn,10,12,22,0.45
bPms,7,3,10,0.7
bPnB,13,10,23,0.57
bPnD,1,2,3,0.33
bPnH,16,19,35,0.46
bPnI,0,3,3,0.0
bPnK,0,0,0,
bPnL,15,10,25,0.6
bPnM,15,26,41,0.37
bPnN,19,29,48,0.4
bPnP,35,27,62,0.56
bPnS,16,15,31,0.52
bPnb,21,19,40,0.52
bPnh,2,1,3,0.67
bPnl,8,12,20,0.4
bPnm,19,15,34,0.56
bPnn,16,18,34,0.47
bPns,12,7,19,0.63
bPsB,7,3,10,0.7
bPsD,1,0,1,1.0
bPsH,12,8,20,0.6
bPsI,2,1,3,0.67
bPsL,3,6,9,0.33
bPsM,19,6,25,0.76
bPsN,9,13,22,0.41
bPsP,16,12,28,0.57
bPsS,14,10,24,0.58
bPsb,12,8,20,0.6
bPsh,1,0,1,1.0
bPsl,5,5,10,0.5
bPsm,12,8,20,0.6
bPsn,6,8,14,0.43
bPss,12,7,19,0.63
bPtB,2,1,3,0.67
bPtH,1,0,1,1.0
bPtL,1,0,1,1.0
bPtM,1,3,4,0.25
bPtN,2,2,4,0.5
bPtP,4,4,8,0.5
bPtS,0,2,2,0.0
bPtb,2,2,4,0.5
bPtl,2,1,3,0.67
bPtm,0,1,1,0.0
bPtn,4,5,9,0.44
bPtt,1,0,1,1.0
bSBB,2,4,6,0.33
bSBK,1,0,1,1.0
bSBL,4,2,6,0.67
bSBM,1,3,4,0.25
bSBN,6,7,13,0.46
bSBP,3,4,7,0.43
bSBS,2,4,6,0.33
bSBb,4,9,13,0.31
bSBh,0,1,1,0.0
bSBj,1,2,3,0.33
bSBl,2,2,4,0.5
bSBm,3,2,5,0.6
bSBn,7,8,15,0.47
bSBs,1,1,2,0.5
bSBt,0,1,1,0.0
bSDM,0,1,1,0.0
bSDP,1,0,1,1.0
bSDl,2,0,2,1.0
bSHB,2,1,3,0.67
bSHD,0,0,0,
bSHH,0,1,1,0.0
bSHK,0,0,0,
bSHL,0,1,1,0.0
bSHM,4,1,5,0.8
bSHN,2,1,3,0.67
bSHP,3,6,9,0.33
bSHS,3,3,6,0.5
bSHb,3,4,7,0.43
bSHh,0,1,1,0.0
bSHl,2,1,3,0.67
bSHm,6,2,8,0.75
bSHn,3,2,5,0.6
bSHs,3,2,5,0.6
bSHt,0,1,1,0.0
bSIM,1,0,1,1.0
bSIn,0,0,0,
bSKP,0,1,1,0.0
bSKn,1,1,2,0.5
bSLB,0,3,3,0.0
bSLK,0,1,1,0.0
bSLL,0,2,2,0.0
bSLM,1,4,5,0.2
bSLN,5,2,7,0.71
bSLP,4,4,8,0.5
bSLS,4,5,9,0.44
bSLb,4,2,6,0.67
bSLh,2,0,2,1.0
bSLj,1,4,5,0.2
bSLl,0,3,3,0.0
bSLm,2,4,6,0.33
bSLn,4,6,10,0.4
bSMB,3,2,5,0.6
bSMD,1,2,3,0.33
bSML,5,4,9,0.56
bSMM,9,4,13,0.69
bSMN,8,8,16,0.5
bSMP,11,13,24,0.46
bSMS,4,5,9,0.44
bSMb,8,6,14,0.57
bSMh,10,5,15,0.67
bSMj,3,2,5,0.6
bSMl,4,3,7,0.57
bSMm,9,8,17,0.53
bSMn,10,11,21,0.48
bSMs,2,3,5,0.4
bSMt,1,2,3,0.33
bSNB,3,7,10,0.3
bSNH,2,0,2,1.0
bSNL,7,1,8,0.88
bSNM,4,8,12,0.33
bSNN,3,7,10,0.3
bSNP,11,13,24,0.46
bSNS,9,7,16,0.56
bSNb,9,7,16,0.56
bSNh,3,3,6,0.5
bSNl,3,2,5,0.6
bSNm,6,4,10,0.6
bSNn,10,9,19,0.53
bSNs,1,5,6,0.17
bSNt,1,1,2,0.5
bSPB,9,7,16,0.56
bSPD,0,2,2,0.0
bSPH,3,5,8,0.38
bSPI,1,0,1,1.0
bSPK,0,1,1,0.0
bSPL,5,8,13,0.38
bSPM,17,16,33,0.52
bSPN,15,12,27,0.56
bSPP,24,15,39,0.62
bSPS,12,11,23,0.52
bSPb,14,14,28,0.5
bSPh,0,2,2,0.0
bSPl,8,5,13,0.62
bSPm,9,7,16,0.56
bSPn,12,10,22,0.55
bSPs,9,9,18,0.5
bSPt,3,1,4,0.75
bSSB,2,3,5,0.4
bSSH,3,5,8,0.38
bSSK,0,1,1,0.0
bSSL,1,1,2,0.5
bSSM,4,5,9,0.44
bSSN,5,6,11,0.45
bSSP,8,15,23,0.35
bSSS,5,5,10,0.5
bSSb,6,6,12,0.5
bSSh,2,8,10,0.2
bSSl,2,2,4,0.5
bSSm,5,3,8,0.62
bSSn,4,4,8,0.5
bSSs,3,4,7,0.43
bSbB,3,5,8,0.38
bSbH,3,4,7,0.43
bSbI,0,0,0,
bSbJ,0,1,1,0.0
bSbK,1,2,3,0.33
bSbL,0,2,2,0.0
bSbM,9,7,16,0.56
bSbN,11,13,24,0.46
bSbP,14,8,22,0.64
bSbS,5,2,7,0.71
bSbb,14,10,24,0.58
bSbl,5,2,7,0.71
bSbm,3,3,6,0.5
bSbn,10,9,19,0.53
bSbs,1,6,7,0.14
bShB,6,6,12,0.5
bShH,2,1,3,0.67
bShL,5,2,7,0.71
bShM,6,6,12,0.5
bShN,3,1,4,0.75
bShP,16,7,23,0.7
bShS,6,3,9,0.67
bShb,6,9,15,0.4
bShh,8,4,12,0.67
bShl,1,1,2,0.5
bShm,3,5,8,0.38
bShn,5,5,10,0.5
bShs,3,4,7,0.43
bSlB,2,2,4,0.5
bSlD,0,1,1,0.0
bSlH,1,4,5,0.2
bSlI,0,1,1,0.0
bSlL,1,0,1,1.0
bSlM,3,7,10,0.3
bSlN,4,2,6,0.67
bSlP,6,7,13,0.46
bSlS,1,2,3,0.33
bSlb,6,4,10,0.6
bSll,4,6,10,0.4
bSlm,1,2,3,0.33
bSln,4,4,8,0.5
bSls,2,5,7,0.29
bSmB,12,5,17,0.71
bSmD,1,2,3,0.33
bSmH,7,6,13,0.54
bSmI,1,0,1,1.0
bSmJ,4,1,5,0.8
bSmL,3,1,4,0.75
bSmM,3,8,11,0.27
bSmN,9,5,14,0.64
bSmP,9,12,21,0.43
bSmS,4,2,6,0.67
bSmb,4,8,12,0.33
bSml,1,0,1,1.0
bSmm,5,1,6,0.83
bSmn,8,1,9,0.89
bSms,0,2,2,0.0
bSnB,3,6,9,0.33
bSnD,1,1,2,0.5
bSnH,6,6,12,0.5
bSnI,0,1,1,0.0
bSnK,1,0,1,1.0
bSnL,5,3,8,0.62
bSnM,14,9,23,0.61
bSnN,10,20,30,0.33
bSnP,13,14,27,0.48
bSnS,12,6,18,0.67
bSnb,6,13,19,0.32
bSnh,2,0,2,1.0
bSnl,4,2,6,0.67
bSnm,5,3,8,0.62
bSnn,12,7,19,0.63
bSns,11,9,20,0.55
bSsB,3,2,5,0.6
bSsH,3,5,8,0.38
bSsK,1,1,2,0.5
bSsL,3,2,5,0.6
bSsM,3,5,8,0.38
bSsN,10,2,12,0.83
bSsP,4,7,11,0.36
bSsS,2,6,8,0.25
bSsb,8,11,19,0.42
bSsh,1,1,2,0.5
bSsl,3,0,3,1.0
bSsm,6,4,10,0.6
bSsn,4,1,5,0.8
bSss,5,5,10,0.5
bSst,0,0,0,
bStK,1,0,1,1.0
bStL,3,0,3,1.0
bStM,1,0,1,1.0
bStN,3,2,5,0.6
bStP,1,4,5,0.2
bStS,1,4,5,0.2
bStb,1,1,2,0.5
bSth,0,0,0,
bStl,2,1,3,0.67
bStn,1,2,3,0.33
bSts,0,3,3,0.0
bbBB,13,8,21,0.62
bbBD,1,0,1,1.0
bbBK,1,1,2,0.5
bbBL,6,5,11,0.55
bbBM,20,9,29,0.69
bbBN,22,16,38,0.58
bbBP,16,16,32,0.5
bbBS,4,11,15,0.27
bbBb,22,27,49,0.45
bbBh,4,2,6,0.67
bbBj,5,4,9,0.56
bbBl,6,7,13,0.46
bbBm,15,9,24,0.62
bbBn,29,14,43,0.67
bbBs,13,7,20,0.65
bbBt,3,0,3,1.0
bbDB,1,0,1,1.0
bbDH,5,0,5,1.0
bbDL,0,1,1,0.0
bbDM,1,3,4,0.25
bbDP,2,5,7,0.29
bbDS,4,0,4,1.0
bbDb,1,0,1,1.0
bbDn,2,0,2,1.0
bbDs,0,2,2,0.0
bbDt,1,0,1,1.0
bbHB,2,4,6,0.33
bbHH,1,0,1,1.0
bbHK,1,0,1,1.0
bbHL,0,1,1,0.0
bbHM,6,6,12,0.5
bbHN,6,5,11,0.55
bbHP,8,6,14,0.57
bbHS,5,6,11,0.45
bbHb,7,6,13,0.54
bbHh,0,0,0,
bbHl,2,0,2,1.0
bbHm,4,2,6,0.67
bbHn,4,6,10,0.4
bbHs,2,2,4,0.5
bbHt,0,1,1,0.0
bbIB,1,0,1,1.0
bbIH,0,0,0,
bbIM,4,1,5,0.8
bbIN,3,0,3,1.0
bbIP,3,3,6,0.5
bbIS,1,0,1,1.0
bbIb,2,2,4,0.5
bbIl,3,0,3,1.0
bbIm,0,2,2,0.0
bbIn,1,1,2,0.5
bbIs,0,2,2,0.0
bbJB,3,2,5,0.6
bbJH,3,2,5,0.6
bbJL,3,2,5,0.6
bbJM,5,2,7,0.71
bbJN,4,3,7,0.57
bbJP,8,5,13,0.62
bbJS,4,4,8,0.5
bbJb,3,6,9,0.33
bbJh,0,0,0,
bbJl,2,1,3,0.67
bbJm,2,1,3,0.67
bbJn,7,3,10,0.7
bbJs,2,1,3,0.67
bbJt,1,2,3,0.33
bbKB,2,2,4,0.5
bbKH,1,1,2,0.5
bbKL,1,0,1,1.0
bbKM,0,1,1,0.0
bbKN,1,1,2,0.5
bbKP,0,1,1,0.0
bbKS,0,3,3,0.0
bbKb,2,0,2,1.0
bbKh,1,1,2,0.5
bbKl,2,2,4,0.5
bbKm,0,2,2,0.0
bbKn,1,1,2,0.5
bbKs,0,3,3,0.0
bbLB,3,2,5,0.6
bbLD,1,0,1,1.0
bbLL,2,2,4,0.5
bbLM,3,6,9,0.33
bbLN,6,11,17,0.35
bbLP,5,6,11,0.45
bbLS,4,3,7,0.57
bbLb,6,7,13,0.46
bbLh,2,3,5,0.4
bbLj,1,2,3,0.33
bbLl,2,1,3,0.67
bbLm,4,1,5,0.8
bbLn,10,6,16,0.62
bbLs,4,2,6,0.67
bbLt,2,0,2,1.0
bbMB,16,12,28,0.57
bbMD,0,2,2,0.0
bbML,7,7,14,0.5
bbMM,26,21,47,0.55
bbMN,18,20,38,0.47
bbMP,26,32,58,0.45
bbMS,16,14,30,0.53
bbMb,23,24,47,0.49
bbMh,19,17,36,0.53
bbMj,4,10,14,0.29
bbMl,7,9,16,0.44
bbMm,10,7,17,0.59
bbMn,20,16,36,0.56
bbMs,6,5,11,0.55
bbMt,1,4,5,0.2
bbNB,19,13,32,0.59
bbNH,4,1,5,0.8
bbNK,1,3,4,0.25
bbNL,6,7,13,0.46
bbNM,24,19,43,0.56
bbNN,24,18,42,0.57
bbNP,29,28,57,0.51
bbNS,17,19,36,0.47
bbNb,26,19,45,0.58
bbNh,10,11,21,0.48
bbNl,13,10,23,0.57
bbNm,16,13,29,0.55
bbNn,32,31,63,0.51
bbNs,12,13,25,0.48
bbNt,10,2,12,0.83
bbPB,21,22,43,0.49
bbPD,0,1,1,0.0
bbPH,3,3,6,0.5
bbPI,0,1,1,0.0
bbPK,4,0,4,1.0
bbPL,15,10,25,0.6
bbPM,31,29,60,0.52
bbPN,23,19,42,0.55
bbPP,35,26,61,0.57
bbPS,15,12,27,0.56
bbPb,26,26,52,0.5
bbPh,3,8,11,0.27
bbPl,14,10,24,0.58
bbPm,20,14,34,0.59
bbPn,20,28,48,0.42
bbPs,11,8,19,0.58
bbPt,4,4,8,0.5
bbSB,9,1,10,0.9
bbSD,0,0,0,
bbSH,4,2,6,0.67
bbSL,4,3,7,0.57
bbSM,12,10,22,0.55
bbSN,10,5,15,0.67
bbSP,8,15,23,0.35
bbSS,4,4,8,0.5
bbSb,6,4,10,0.6
bbSh,5,4,9,0.56
bbSl,0,4,4,0.0
bbSm,10,9,19,0.53
bbSn,13,8,21,0.62
bbSs,4,7,11,0.36
bbSt,3,1,4,0.75
bbbB,15,30,45,0.33
bbbD,3,0,3,1.0
bbbH,9,4,13,0.69
bbbI,4,3,7,0.57
bbbJ,4,2,6,0.67
bbbK,0,1,1,0.0
bbbL,7,8,15,0.47
bbbM,27,29,56,0.48
bbbN,34,25,59,0.58
bbbP,37,30,67,0.55
bbbS,10,8,18,0.56
bbbb,28,36,64,0.44
bbbl,12,5,17,0.71
bbbm,15,9,24,0.62
bbbn,23,9,32,0.72
bbbs,10,9,19,0.53
bblB,8,5,13,0.62
bblH,3,1,4,0.75
bblI,0,1,1,0.0
bblJ,2,0,2,1.0
bblK,1,1,2,0.5
bblL,3,2,5,0.6
bblM,7,5,12,0.58
bblN,10,11,21,0.48
bblP,9,7,16,0.56
bblS,1,2,3,0.33
bblb,9,16,25,0.36
bbll,8,5,13,0.62
bblm,3,5,8,0.38
bbln,0,11,11,0.0
bbls,1,3,4,0.25
bbmB,8,10,18,0.44
bbmH,8,8,16,0.5
bbmI,2,2,4,0.5
bbmJ,1,2,3,0.33
bbmL,3,4,7,0.43
bbmM,11,9,20,0.55
bbmN,13,12,25,0.52
bbmP,18,13,31,0.58
bbmS,5,8,13,0.38
bbmb,8,13,21,0.38
bbml,1,1,2,0.5
bbmm,6,5,11,0.55
bbmn,11,8,19,0.58
bbms,4,3,7,0.57
bbnB,12,13,25,0.48
bbnD,2,1,3,0.67
bbnH,7,5,12,0.58
bbnI,1,0,1,1.0
bbnK,0,1,1,0.0
bbnL,9,2,11,0.82
bbnM,29,19,48,0.6
bbnN,33,23,56,0.59
bbnP,31,24,55,0.56
bbnS,10,11,21,0.48
bbnb,21,25,46,0.46
bbnh,2,1,3,0.67
bbnl,7,7,14,0.5
bbnm,10,10,20,0.5
bbnn,18,22,40,0.45
bbns,9,13,22,0.41
bbsB,2,3,5,0.4
bbsH,4,11,15,0.27
bbsK,0,1,1,0.0
bbsL,7,5,12,0.58
bbsM,7,13,20,0.35
bbsN,7,7,14,0.5
bbsP,7,7,14,0.5
bbsS,3,7,10,0.3
bbsb,9,5,14,0.64
bbsl,3,1,4,0.75
bbsm,10,2,12,0.83
bbsn,5,5,10,0.5
bbss,5,2,7,0.71
bhBn,0,1,1,0.0
bhBs,1,0,1,1.0
bhPB,0,1,1,0.0
bhPb,0,0,0,
bhbS,1,0,1,1.0
bhbb,1,0,1,1.0
bhbm,1,0,1,1.0
bhhs,0,1,1,0.0
bhll,0,0,0,
blBB,5,8,13,0.38
blBD,1,0,1,1.0
blBK,0,1,1,0.0
blBL,1,2,3,0.33
blBM,5,3,8,0.62
blBN,4,2,6,0.67
blBP,6,10,16,0.38
blBS,2,5,7,0.29
blBb,4,8,12,0.33
blBh,0,2,2,0.0
blBj,2,2,4,0.5
blBl,3,2,5,0.6
blBm,7,6,13,0.54
blBn,10,7,17,0.59
blBs,2,4,6,0.33
blBt,3,2,5,0.6
blDb,1,1,2,0.5
blDs,1,0,1,1.0
blHB,5,3,8,0.62
blHD,0,0,0,
blHH,3,1,4,0.75
blHI,1,0,1,1.0
blHK,0,0,0,
blHM,6,4,10,0.6
blHN,5,2,7,0.71
blHP,2,4,6,0.33
blHS,0,1,1,0.0
blHb,4,1,5,0.8
blHh,1,5,6,0.17
blHl,3,3,6,0.5
blHm,2,4,6,0.33
blHn,5,2,7,0.71
blHs,2,0,2,1.0
blHt,0,1,1,0.0
blIB,0,1,1,0.0
blIM,1,1,2,0.5
blIN,0,1,1,0.0
blIP,1,1,2,0.5
blIb,1,1,2,0.5
blIm,2,1,3,0.67
blIn,0,0,0,
blJB,1,0,1,1.0
blJL,3,0,3,1.0
blJM,4,1,5,0.8
blJN,1,0,1,1.0
blJP,3,1,4,0.75
blJS,2,0,2,1.0
blJb,1,1,2,0.5
blJh,2,0,2,1.0
blJl,0,1,1,0.0
blJm,3,0,3,1.0
blJn,1,1,2,0.5
blJt,1,0,1,1.0
blKB,0,1,1,0.0
blKM,0,0,0,
blKP,0,1,1,0.0
blKb,0,1,1,0.0
blKh,0,1,1,0.0
blKm,0,1,1,0.0
blKn,0,1,1,0.0
blLB,2,1,3,0.67
blLL,1,1,2,0.5
blLM,1,3,4,0.25
blLN,4,3,7,0.57
blLP,4,1,5,0.8
blLS,2,1,3,0.67
blLb,3,1,4,0.75
blLh,0,2,2,0.0
blLj,1,1,2,0.5
blLl,1,1,2,0.5
blLm,1,2,3,0.33
blLn,7,4,11,0.64
blLs,2,2,4,0.5
blLt,0,1,1,0.0
blMB,10,3,13,0.77
blML,5,2,7,0.71
blMM,5,5,10,0.5
blMN,6,5,11,0.55
blMP,5,13,18,0.28
blMS,5,5,10,0.5
blMb,3,8,11,0.27
blMh,2,4,6,0.33
blMj,1,3,4,0.25
blMl,6,4,10,0.6
blMm,9,3,12,0.75
blMn,10,8,18,0.56
blMs,3,4,7,0.43
blMt,3,2,5,0.6
blNB,6,6,12,0.5
blNH,0,1,1,0.0
blNL,2,3,5,0.4
blNM,7,8,15,0.47
blNN,9,5,14,0.64
blNP,13,9,22,0.59
blNS,1,4,5,0.2
blNb,16,11,27,0.59
blNh,4,3,7,0.57
blNl,3,3,6,0.5
blNm,7,4,11,0.64
blNn,19,18,37,0.51
blNs,1,2,3,0.33
blNt,1,1,2,0.5
blPB,12,9,21,0.57
blPH,5,4,9,0.56
blPI,1,2,3,0.33
blPL,6,3,9,0.67
blPM,15,10,25,0.6
blPN,9,9,18,0.5
blPP,13,17,30,0.43
blPS,6,8,14,0.43
blPb,12,11,23,0.52
blPh,1,0,1,1.0
blPl,5,3,8,0.62
blPm,4,5,9,0.44
blPn,13,6,19,0.68
blPs,7,6,13,0.54
blPt,0,1,1,0.0
blSB,3,4,7,0.43
blSL,2,3,5,0.4
blSM,2,5,7,0.29
blSN,7,3,10,0.7
blSP,4,7,11,0.36
blSS,2,4,6,0.33
blSb,2,6,8,0.25
blSh,2,4,6,0.33
blSl,2,1,3,0.67
blSm,3,2,5,0.6
blSn,5,2,7,0.71
blSs,1,0,1,1.0
blSt,2,0,2,1.0
blbB,7,4,11,0.64
blbH,2,4,6,0.33
blbI,0,0,0,
blbJ,5,2,7,0.71
blbK,1,0,1,1.0
blbL,3,9,12,0.25
blbM,6,8,14,0.43
blbN,7,13,20,0.35
blbP,7,8,15,0.47
blbS,2,4,6,0.33
blbb,15,9,24,0.62
blbl,6,5,11,0.55
blbm,7,3,10,0.7
blbn,8,9,17,0.47
blbs,4,1,5,0.8
bllB,5,3,8,0.62
bllH,0,3,3,0.0
bllI,1,0,1,1.0
bllJ,1,0,1,1.0
bllK,0,1,1,0.0
bllL,3,2,5,0.6
bllM,1,3,4,0.25
bllN,7,3,10,0.7
bllP,4,2,6,0.67
bllS,1,0,1,1.0
bllb,3,2,5,0.6
blll,0,2,2,0.0
bllm,2,1,3,0.67
blln,1,0,1,1.0
blls,1,3,4,0.25
blmB,6,4,10,0.6
blmH,1,0,1,1.0
blmL,2,4,6,0.33
blmM,4,4,8,0.5
blmN,4,3,7,0.57
blmP,8,7,15,0.53
blmS,3,2,5,0.6
blmb,3,5,8,0.38
blml,2,3,5,0.4
blmm,3,1,4,0.75
blmn,7,6,13,0.54
blms,2,1,3,0.67
blnB,1,4,5,0.2
blnD,1,0,1,1.0
blnH,3,2,5,0.6
blnI,1,1,2,0.5
blnL,2,3,5,0.4
blnM,5,3,8,0.62
blnN,7,4,11,0.64
blnP,14,10,24,0.58
blnS,0,2,2,0.0
blnb,6,7,13,0.46
blnh,0,1,1,0.0
blnl,1,3,4,0.25
blnm,4,7,11,0.36
blnn,5,7,12,0.42
blns,2,3,5,0.4
blsB,6,2,8,0.75
blsH,1,0,1,1.0
blsL,2,3,5,0.4
blsM,2,3,5,0.4
blsN,7,4,11,0.64
blsP,5,2,7,0.71
blsS,3,5,8,0.38
blsb,3,5,8,0.38
blsl,2,0,2,1.0
blsm,1,1,2,0.5
blsn,4,1,5,0.8
blss,2,3,5,0.4
bmBB,6,7,13,0.46
bmBD,1,0,1,1.0
bmBK,2,0,2,1.0
bmBL,4,5,9,0.44
bmBM,10,13,23,0.43
bmBN,8,12,20,0.4
bmBP,10,10,20,0.5
bmBS,5,1,6,0.83
bmBb,10,9,19,0.53
bmBh,1,3,4,0.25
bmBj,4,2,6,0.67
bmBl,4,4,8,0.5
bmBm,10,4,14,0.71
bmBn,24,14,38,0.63
bmBs,3,5,8,0.38
bmBt,2,1,3,0.67
bmDB,0,0,0,
bmDM,1,2,3,0.33
bmDN,1,0,1,1.0
bmDP,0,1,1,0.0
bmDS,0,0,0,
bmDb,1,0,1,1.0
bmDm,0,1,1,0.0
bmDn,0,2,2,0.0
bmDs,0,1,1,0.0
bmHB,7,6,13,0.54
bmHD,1,0,1,1.0
bmHH,1,1,2,0.5
bmHL,2,0,2,1.0
bmHM,3,8,11,0.27
bmHN,9,4,13,0.69
bmHP,14,13,27,0.52
bmHS,3,4,7,0.43
bmHb,8,9,17,0.47
bmHh,2,6,8,0.25
bmHl,5,3,8,0.62
bmHm,5,3,8,0.62
bmHn,9,6,15,0.6
bmHs,3,2,5,0.6
bmIB,0,1,1,0.0
bmIH,0,1,1,0.0
bmIL,1,1,2,0.5
bmIM,0,1,1,0.0
bmIN,0,1,1,0.0
bmIP,2,1,3,0.67
bmIS,1,0,1,1.0
bmIb,2,2,4,0.5
bmIn,2,0,2,1.0
bmJB,0,3,3,0.0
bmJH,1,0,1,1.0
bmJK,1,1,2,0.5
bmJL,1,1,2,0.5
bmJN,1,3,4,0.25
bmJP,1,2,3,0.33
bmJS,2,0,2,1.0
bmJb,1,1,2,0.5
bmJh,0,1,1,0.0
bmJl,1,1,2,0.5
bmJm,1,3,4,0.25
bmJn,2,3,5,0.4
bmJs,2,1,3,0.67
bmJt,1,0,1,1.0
bmKS,0,0,0,
bmKb,2,0,2,1.0
bmKh,1,0,1,1.0
bmKm,0,1,1,0.0
bmKs,1,0,1,1.0
bmKt,1,0,1,1.0
bmLB,3,0,3,1.0
bmLD,0,0,0,
bmLL,1,0,1,1.0
bmLM,1,3,4,0.25
bmLN,3,2,5,0.6
bmLP,9,2,11,0.82
bmLS,0,1,1,0.0
bmLb,3,1,4,0.75
bmLh,3,3,6,0.5
bmLl,2,2,4,0.5
bmLm,4,2,6,0.67
bmLn,10,5,15,0.67
bmLs,0,2,2,0.0
bmLt,0,2,2,0.0
bmMB,4,11,15,0.27
bmML,4,5,9,0.44
bmMM,14,10,24,0.58
bmMN,6,10,16,0.38
bmMP,15,11,26,0.58
bmMS,4,4,8,0.5
bmMb,5,9,14,0.36
bmMh,8,10,18,0.44
bmMj,8,4,12,0.67
bmMl,4,4,8,0.5
bmMm,8,8,16,0.5
bmMn,14,15,29,0.48
bmMs,8,4,12,0.67
bmMt,1,3,4,0.25
bmNB,13,6,19,0.68
bmND,0,0,0,
bmNH,5,5,10,0.5
bmNL,3,5,8,0.38
bmNM,13,8,21,0.62
bmNN,17,15,32,0.53
bmNP,15,12,27,0.56
bmNS,16,7,23,0.7
bmNb,15,8,23,0.65
bmNh,4,3,7,0.57
bmNl,4,4,8,0.5
bmNm,15,11,26,0.58
bmNn,19,16,35,0.54
bmNs,13,5,18,0.72
bmNt,2,0,2,1.0
bmPB,9,7,16,0.56
bmPD,2,0,2,1.0
bmPH,2,3,5,0.4
bmPI,1,1,2,0.5
bmPK,1,1,2,0.5
bmPL,4,4,8,0.5
bmPM,14,20,34,0.41
bmPN,15,20,35,0.43
bmPP,22,20,42,0.52
bmPS,9,9,18,0.5
bmPb,15,15,30,0.5
bmPh,2,1,3,0.67
bmPl,3,3,6,0.5
bmPm,6,8,14,0.43
bmPn,16,21,37,0.43
bmPs,4,11,15,0.27
bmPt,1,0,1,1.0
bmSB,3,6,9,0.33
bmSH,0,2,2,0.0
bmSK,1,0,1,1.0
bmSL,3,0,3,1.0
bmSM,6,3,9,0.67
bmSN,6,6,12,0.5
bmSP,12,8,20,0.6
bmSS,7,2,9,0.78
bmSb,8,9,17,0.47
bmSh,7,5,12,0.58
bmSl,3,4,7,0.43
bmSm,2,2,4,0.5
bmSn,6,9,15,0.4
bmSs,4,5,9,0.44
bmSt,1,0,1,1.0
bmbB,11,13,24,0.46
bmbH,2,1,3,0.67
bmbI,1,0,1,1.0
bmbJ,1,4,5,0.2
bmbK,0,3,3,0.0
bmbL,5,4,9,0.56
bmbM,11,18,29,0.38
bmbN,15,9,24,0.62
bmbP,12,20,32,0.38
bmbS,8,3,11,0.73
bmbb,12,8,20,0.6
bmbl,5,3,8,0.62
bmbm,7,4,11,0.64
bmbn,14,12,26,0.54
bmbs,5,2,7,0.71
bmlB,3,4,7,0.43
bmlH,1,0,1,1.0
bmlI,0,1,1,0.0
bmlJ,0,2,2,0.0
bmlL,1,0,1,1.0
bmlM,4,4,8,0.5
bmlN,4,4,8,0.5
bmlP,8,2,10,0.8
bmlS,1,1,2,0.5
bmlb,7,3,10,0.7
bmll,1,0,1,1.0
bmlm,2,2,4,0.5
bmln,1,4,5,0.2
bmls,0,1,1,0.0
bmmB,3,3,6,0.5
bmmD,0,0,0,
bmmH,2,3,5,0.4
bmmI,0,1,1,0.0
bmmJ,0,3,3,0.0
bmmK,1,0,1,1.0
bmmL,2,0,2,1.0
bmmM,5,4,9,0.56
bmmN,9,9,18,0.5
bmmP,6,5,11,0.55
bmmS,1,2,3,0.33
bmmb,8,4,12,0.67
bmml,2,1,3,0.67
bmmm,4,4,8,0.5
bmmn,9,9,18,0.5
bmms,1,0,1,1.0
bmnB,7,5,12,0.58
bmnH,7,2,9,0.78
bmnI,1,0,1,1.0
bmnK,1,1,2,0.5
bmnL,5,4,9,0.56
bmnM,8,5,13,0.62
bmnN,16,18,34,0.47
bmnP,16,17,33,0.48
bmnS,4,4,8,0.5
bmnb,9,18,27,0.33
bmnl,2,4,6,0.33
bmnm,4,3,7,0.57
bmnn,10,11,21,0.48
bmns,6,3,9,0.67
bmsB,1,1,2,0.5
bmsD,1,0,1,1.0
bmsH,4,1,5,0.8
bmsI,0,1,1,0.0
bmsL,0,1,1,0.0
bmsM,3,9,12,0.25
bmsN,1,5,6,0.17
bmsP,5,4,9,0.56
bmsS,4,3,7,0.57
bmsb,1,5,6,0.17
bmsl,1,0,1,1.0
bmsm,4,2,6,0.67
bmsn,4,3,7,0.57
bmss,2,2,4,0.5
bmtN,1,0,1,1.0
bmtb,1,1,2,0.5
bnBB,6,9,15,0.4
bnBD,1,0,1,1.0
bnBH,0,1,1,0.0
bnBK,0,2,2,0.0
bnBL,3,6,9,0.33
bnBM,7,18,25,0.28
bnBN,8,8,16,0.5
bnBP,19,9,28,0.68
bnBS,7,4,11,0.64
bnBb,12,9,21,0.57
bnBh,2,3,5,0.4
bnBj,6,7,13,0.46
bnBl,2,1,3,0.67
bnBm,8,6,14,0.57
bnBn,18,19,37,0.49
bnBs,4,6,10,0.4
bnBt,1,3,4,0.25
bnDB,1,0,1,1.0
bnDH,1,2,3,0.33
bnDM,2,1,3,0.67
bnDN,0,2,2,0.0
bnDP,1,1,2,0.5
bnDS,1,1,2,0.5
bnDb,1,1,2,0.5
bnDl,0,0,0,
bnDm,1,2,3,0.33
bnDn,2,0,2,1.0
bnDs,3,1,4,0.75
bnDt,2,0,2,1.0
bnHB,6,6,12,0.5
bnHL,2,2,4,0.5
bnHM,5,5,10,0.5
bnHN,9,13,22,0.41
bnHP,13,9,22,0.59
bnHS,4,5,9,0.44
bnHb,7,7,14,0.5
bnHh,3,2,5,0.6
bnHl,4,2,6,0.67
bnHm,6,3,9,0.67
bnHn,8,9,17,0.47
bnHs,4,3,7,0.57
bnHt,1,0,1,1.0
bnIB,2,3,5,0.4
bnIH,1,2,3,0.33
bnIL,1,1,2,0.5
bnIM,1,1,2,0.5
bnIN,3,1,4,0.75
bnIP,4,0,4,1.0
bnIS,0,3,3,0.0
bnIb,0,2,2,0.0
bnIm,0,1,1,0.0
bnIn,1,2,3,0.33
bnIs,1,0,1,1.0
bnKD,1,0,1,1.0
bnKH,1,0,1,1.0
bnKK,1,1,2,0.5
bnKL,1,0,1,1.0
bnKM,0,1,1,0.0
bnKN,1,0,1,1.0
bnKP,1,4,5,0.2
bnKS,0,0,0,
bnKb,2,1,3,0.67
bnKh,1,2,3,0.33
bnKl,2,1,3,0.67
bnKm,0,1,1,0.0
bnKn,1,1,2,0.5
bnKs,0,0,0,
bnLB,6,3,9,0.67
bnLK,0,1,1,0.0
bnLL,1,1,2,0.5
bnLM,4,8,12,0.33
bnLN,5,3,8,0.62
bnLP,6,3,9,0.67
bnLS,7,6,13,0.54
bnLb,4,4,8,0.5
bnLh,1,0,1,1.0
bnLj,3,0,3,1.0
bnLl,5,4,9,0.56
bnLm,3,5,8,0.38
bnLn,6,6,12,0.5
bnLs,4,4,8,0.5
bnLt,1,1,2,0.5
bnMB,12,8,20,0.6
bnMD,0,0,0,
bnML,6,3,9,0.67
bnMM,15,13,28,0.54
bnMN,13,25,38,0.34
bnMP,19,27,46,0.41
bnMS,5,9,14,0.36
bnMb,17,16,33,0.52
bnMh,8,13,21,0.38
bnMj,11,5,16,0.69
bnMl,8,8,16,0.5
bnMm,13,8,21,0.62
bnMn,35,23,58,0.6
bnMs,4,12,16,0.25
bnMt,1,2,3,0.33
bnNB,14,12,26,0.54
bnND,1,2,3,0.33
bnNH,4,1,5,0.8
bnNI,1,1,2,0.5
bnNK,3,0,3,1.0
bnNL,6,3,9,0.67
bnNM,20,19,39,0.51
bnNN,22,20,42,0.52
bnNP,38,25,63,0.6
bnNS,18,23,41,0.44
bnNb,22,27,49,0.45
bnNh,4,12,16,0.25
bnNl,10,11,21,0.48
bnNm,12,4,16,0.75
bnNn,35,27,62,0.56
bnNs,20,7,27,0.74
bnNt,0,3,3,0.0
bnPB,17,12,29,0.59
bnPD,3,4,7,0.43
bnPH,14,6,20,0.7
bnPI,1,0,1,1.0
bnPK,4,5,9,0.44
bnPL,9,9,18,0.5
bnPM,25,35,60,0.42
bnPN,28,25,53,0.53
bnPP,55,42,97,0.57
bnPS,18,24,42,0.43
bnPb,26,28,54,0.48
bnPh,4,3,7,0.57
bnPl,14,11,25,0.56
bnPm,20,14,34,0.59
bnPn,18,27,45,0.4
bnPs,11,13,24,0.46
bnPt,3,5,8,0.38
bnSB,5,4,9,0.56
bnSD,1,0,1,1.0
bnSH,4,3,7,0.57
bnSL,3,3,6,0.5
bnSM,9,14,23,0.39
bnSN,14,8,22,0.64
bnSP,18,12,30,0.6
bnSS,11,11,22,0.5
bnSb,9,14,23,0.39
bnSh,8,8,16,0.5
bnSl,2,2,4,0.5
bnSm,8,6,14,0.57
bnSn,8,19,27,0.3
bnSs,9,8,17,0.53
bnSt,1,3,4,0.25
bnbB,14,11,25,0.56
bnbD,3,1,4,0.75
bnbH,7,3,10,0.7
bnbI,0,1,1,0.0
bnbJ,5,4,9,0.56
bnbK,3,3,6,0.5
bnbL,5,5,10,0.5
bnbM,16,14,30,0.53
bnbN,26,23,49,0.53
bnbP,26,24,50,0.52
bnbS,12,8,20,0.6
bnbb,25,23,48,0.52
bnbl,8,3,11,0.73
bnbm,14,9,23,0.61
bnbn,24,20,44,0.55
bnbs,8,8,16,0.5
bnhB,3,1,4,0.75
bnhH,0,0,0,
bnhL,2,1,3,0.67
bnhM,2,1,3,0.67
bnhN,2,1,3,0.67
bnhP,2,1,3,0.67
bnhS,1,0,1,1.0
bnhb,2,1,3,0.67
bnhh,1,0,1,1.0
bnhn,2,1,3,0.67
bnlB,6,2,8,0.75
bnlH,2,7,9,0.22
bnlI,1,0,1,1.0
bnlJ,1,1,2,0.5
bnlL,2,5,7,0.29
bnlM,5,7,12,0.42
bnlN,8,4,12,0.67
bnlP,11,8,19,0.58
bnlS,7,2,9,0.78
bnlb,9,10,19,0.47
bnll,4,3,7,0.57
bnlm,5,5,10,0.5
bnln,6,7,13,0.46
bnls,3,1,4,0.75
bnmB,5,10,15,0.33
bnmD,1,2,3,0.33
bnmH,7,5,12,0.58
bnmJ,1,0,1,1.0
bnmL,6,4,10,0.6
bnmM,14,13,27,0.52
bnmN,13,10,23,0.57
bnmP,15,9,24,0.62
bnmS,6,7,13,0.46
bnmb,7,8,15,0.47
bnml,3,1,4,0.75
bnmm,8,7,15,0.53
bnmn,15,8,23,0.65
bnms,2,2,4,0.5
bnnB,13,9,22,0.59
bnnD,0,1,1,0.0
bnnH,6,11,17,0.35
bnnI,2,1,3,0.67
bnnK,1,1,2,0.5
bnnL,4,3,7,0.57
bnnM,19,24,43,0.44
bnnN,30,24,54,0.56
bnnP,31,39,70,0.44
bnnS,9,14,23,0.39
bnnb,24,21,45,0.53
bnnh,2,1,3,0.67
bnnl,11,8,19,0.58
bnnm,23,7,30,0.77
bnnn,25,16,41,0.61
bnns,6,7,13,0.46
bnsB,5,1,6,0.83
bnsD,2,1,3,0.67
bnsH,13,13,26,0.5
bnsK,1,0,1,1.0
bnsL,8,1,9,0.89
bnsM,8,7,15,0.53
bnsN,15,5,20,0.75
bnsP,11,14,25,0.44
bnsS,10,8,18,0.56
bnsb,10,5,15,0.67
bnsh,1,0,1,1.0
bnsl,3,3,6,0.5
bnsm,12,7,19,0.63
bnsn,8,10,18,0.44
bnss,4,6,10,0.4
bsBB,4,3,7,0.57
bsBL,0,2,2,0.0
bsBM,2,4,6,0.33
bsBN,7,3,10,0.7
bsBP,5,1,6,0.83
bsBS,2,3,5,0.4
bsBb,9,5,14,0.64
bsBh,1,1,2,0.5
bsBj,2,2,4,0.5
bsBl,1,3,4,0.25
bsBm,6,0,6,1.0
bsBn,5,6,11,0.45
bsBt,1,1,2,0.5
bsDH,0,1,1,0.0
bsDL,1,0,1,1.0
bsDM,0,1,1,0.0
bsDP,1,1,2,0.5
bsDS,1,0,1,1.0
bsDb,1,1,2,0.5
bsDl,1,0,1,1.0
bsDm,0,0,0,
bsDn,0,0,0,
bsDs,1,1,2,0.5
bsHB,6,5,11,0.55
bsHH,0,1,1,0.0
bsHL,3,2,5,0.6
bsHM,5,10,15,0.33
bsHN,7,5,12,0.58
bsHP,15,5,20,0.75
bsHS,5,8,13,0.38
bsHb,4,7,11,0.36
bsHh,1,1,2,0.5
bsHl,6,3,9,0.67
bsHm,7,1,8,0.88
bsHn,10,8,18,0.56
bsHs,7,4,11,0.64
bsIB,1,0,1,1.0
bsIH,0,1,1,0.0
bsIL,1,2,3,0.33
bsIM,0,2,2,0.0
bsIN,1,0,1,1.0
bsIP,0,1,1,0.0
bsIS,1,0,1,1.0
bsIm,0,2,2,0.0
bsIn,2,1,3,0.67
bsKP,0,1,1,0.0
bsKS,1,0,1,1.0
bsKb,0,0,0,
bsKh,1,0,1,1.0
bsKm,1,1,2,0.5
bsKs,1,0,1,1.0
bsLB,0,1,1,0.0
bsLH,0,1,1,0.0
bsLL,0,2,2,0.0
bsLM,1,3,4,0.25
bsLN,5,3,8,0.62
bsLP,5,7,12,0.42
bsLS,2,1,3,0.67
bsLb,3,4,7,0.43
bsLh,4,1,5,0.8
bsLj,0,1,1,0.0
bsLl,2,0,2,1.0
bsLm,2,0,2,1.0
bsLn,6,1,7,0.86
bsLs,0,2,2,0.0
bsLt,0,1,1,0.0
bsMB,4,3,7,0.57
bsMD,1,0,1,1.0
bsML,2,4,6,0.33
bsMM,10,7,17,0.59
bsMN,3,6,9,0.33
bsMP,9,9,18,0.5
bsMS,3,3,6,0.5
bsMb,9,11,20,0.45
bsMh,5,7,12,0.42
bsMj,1,1,2,0.5
bsMl,5,5,10,0.5
bsMm,9,5,14,0.64
bsMn,14,7,21,0.67
bsMs,7,3,10,0.7
bsMt,0,0,0,
bsNB,5,5,10,0.5
bsND,0,1,1,0.0
bsNH,1,3,4,0.25
bsNK,2,1,3,0.67
bsNL,1,4,5,0.2
bsNM,4,8,12,0.33
bsNN,17,8,25,0.68
bsNP,9,13,22,0.41
bsNS,7,5,12,0.58
bsNb,10,2,12,0.83
bsNh,2,3,5,0.4
bsNl,5,3,8,0.62
bsNm,8,8,16,0.5
bsNn,13,6,19,0.68
bsNs,9,4,13,0.69
bsNt,1,0,1,1.0
bsPB,5,7,12,0.42
bsPD,1,2,3,0.33
bsPH,2,1,3,0.67
bsPI,2,0,2,1.0
bsPK,0,0,0,
bsPL,5,7,12,0.42
bsPM,11,7,18,0.61
bsPN,10,13,23,0.43
bsPP,11,16,27,0.41
bsPS,8,7,15,0.53
bsPb,15,5,20,0.75
bsPh,1,1,2,0.5
bsPl,5,6,11,0.45
bsPm,10,5,15,0.67
bsPn,6,5,11,0.55
bsPs,4,3,7,0.57
bsPt,2,1,3,0.67
bsSB,4,3,7,0.57
bsSH,2,3,5,0.4
bsSL,1,5,6,0.17
bsSM,3,5,8,0.38
bsSN,7,5,12,0.58
bsSP,5,8,13,0.38
bsSS,3,4,7,0.43
bsSb,6,9,15,0.4
bsSh,4,6,10,0.4
bsSl,4,2,6,0.67
bsSm,4,2,6,0.67
bsSn,5,6,11,0.45
bsSs,6,11,17,0.35
bsSt,1,1,2,0.5
bsbB,4,6,10,0.4
bsbD,1,0,1,1.0
bsbH,2,2,4,0.5
bsbJ,1,3,4,0.25
bsbK,2,1,3,0.67
bsbL,2,2,4,0.5
bsbM,6,6,12,0.5
bsbN,9,15,24,0.38
bsbP,4,13,17,0.24
bsbS,7,4,11,0.64
bsbb,12,4,16,0.75
bsbl,1,6,7,0.14
bsbm,10,4,14,0.71
bsbn,13,4,17,0.76
bsbs,1,5,6,0.17
bshM,0,1,1,0.0
bshP,0,1,1,0.0
bshb,1,0,1,1.0
bshh,0,1,1,0.0
bshn,0,1,1,0.0
bshs,0,1,1,0.0
bslB,3,3,6,0.5
bslH,0,1,1,0.0
bslJ,0,2,2,0.0
bslK,1,0,1,1.0
bslL,1,1,2,0.5
bslM,2,4,6,0.33
bslN,6,4,10,0.6
bslP,6,3,9,0.67
bslS,1,0,1,1.0
bslb,2,4,6,0.33
bsll,3,1,4,0.75
bslm,2,3,5,0.4
bsln,2,2,4,0.5
bsls,3,2,5,0.6
bsmB,6,5,11,0.55
bsmD,0,1,1,0.0
bsmH,2,5,7,0.29
bsmJ,0,1,1,0.0
bsmL,3,1,4,0.75
bsmM,5,0,5,1.0
bsmN,6,4,10,0.6
bsmP,1,4,5,0.2
bsmS,4,6,10,0.4
bsmb,4,7,11,0.36
bsml,2,2,4,0.5
bsmm,2,2,4,0.5
bsmn,7,7,14,0.5
bsms,2,1,3,0.67
bsnB,1,4,5,0.2
bsnH,0,3,3,0.0
bsnI,0,1,1,0.0
bsnK,0,0,0,
bsnL,1,2,3,0.33
bsnM,4,5,9,0.44
bsnN,9,10,19,0.47
bsnP,12,7,19,0.63
bsnS,4,2,6,0.67
bsnb,8,5,13,0.62
bsnl,3,2,5,0.6
bsnm,5,2,7,0.71
bsnn,7,9,16,0.44
bsns,8,2,10,0.8
bssB,2,3,5,0.4
bssD,1,0,1,1.0
bssH,0,2,2,0.0
bssI,0,1,1,0.0
bssK,0,1,1,0.0
bssL,2,3,5,0.4
bssM,4,4,8,0.5
bssN,3,3,6,0.5
bssP,3,3,6,0.5
bssS,4,7,11,0.36
bssb,5,5,10,0.5
bssl,1,2,3,0.33
bssm,5,0,5,1.0
bssn,6,3,9,0.67
bsss,5,4,9,0.56
bstD,0,0,0,
btBb,1,0,1,1.0
btMl,1,0,1,1.0
hBBB,1,1,2,0.5
hBBM,1,3,4,0.25
hBBN,0,1,1,0.0
hBBP,4,1,5,0.8
hBBb,1,3,4,0.25
hBBh,1,0,1,1.0
hBBj,2,1,3,0.67
hBBl,1,0,1,1.0
hBBm,1,0,1,1.0
hBBn,1,2,3,0.33
hBBs,1,0,1,1.0
hBBt,1,1,2,0.5
hBKP,1,0,1,1.0
hBKS,0,1,1,0.0
hBKn,1,0,1,1.0
hBLB,1,1,2,0.5
hBLM,0,1,1,0.0
hBLN,1,1,2,0.5
hBLP,0,2,2,0.0
hBLS,0,1,1,0.0
hBLb,1,0,1,1.0
hBLj,0,1,1,0.0
hBLl,1,0,1,1.0
hBLm,3,1,4,0.75
hBLn,1,1,2,0.5
hBLs,1,0,1,1.0
hBLt,1,0,1,1.0
hBMB,3,0,3,1.0
hBMM,2,3,5,0.4
hBMN,3,2,5,0.6
hBMP,3,4,7,0.43
hBMS,4,1,5,0.8
hBMb,5,4,9,0.56
hBMh,1,1,2,0.5
hBMj,1,0,1,1.0
hBMl,1,2,3,0.33
hBMm,2,2,4,0.5
hBMn,3,2,5,0.6
hBNB,0,5,5,0.0
hBNL,1,2,3,0.33
hBNM,2,2,4,0.5
hBNN,1,1,2,0.5
hBNP,0,2,2,0.0
hBNS,1,3,4,0.25
hBNb,3,2,5,0.6
hBNh,1,2,3,0.33
hBNl,1,2,3,0.33
hBNm,0,5,5,0.0
hBNn,5,3,8,0.62
hBNs,3,0,3,1.0
hBNt,2,0,2,1.0
hBPB,0,2,2,0.0
hBPD,0,2,2,0.0
hBPH,1,0,1,1.0
hBPL,0,0,0,
hBPM,3,4,7,0.43
hBPN,4,2,6,0.67
hBPP,2,4,6,0.33
hBPS,0,3,3,0.0
hBPb,6,3,9,0.67
hBPl,2,1,3,0.67
hBPm,2,2,4,0.5
hBPn,3,3,6,0.5
hBPs,6,1,7,0.86
hBSB,1,0,1,1.0
hBSL,0,1,1,0.0
hBSM,1,2,3,0.33
hBSN,3,0,3,1.0
hBSP,2,2,4,0.5
hBSS,0,2,2,0.0
hBSb,1,2,3,0.33
hBSl,0,0,0,
hBSm,1,0,1,1.0
hBSn,4,2,6,0.67
hBSs,1,1,2,0.5
hBbB,1,2,3,0.33
hBbH,0,1,1,0.0
hBbJ,0,0,0,
hBbK,0,1,1,0.0
hBbL,2,1,3,0.67
hBbM,2,3,5,0.4
hBbN,1,4,5,0.2
hBbP,9,3,12,0.75
hBbS,2,1,3,0.67
hBbb,2,0,2,1.0
hBbl,1,1,2,0.5
hBbm,1,1,2,0.5
hBbn,1,7,8,0.12
hBbs,1,4,5,0.2
hBhB,0,1,1,0.0
hBhN,0,1,1,0.0
hBhP,0,1,1,0.0
hBhS,0,1,1,0.0
hBhb,1,0,1,1.0
hBhl,1,0,1,1.0
hBhm,0,1,1,0.0
hBjB,1,0,1,1.0
hBjL,0,1,1,0.0
hBjM,1,0,1,1.0
hBjN,0,0,0,
hBjP,0,1,1,0.0
hBjS,0,0,0,
hBjh,0,2,2,0.0
hBjn,1,2,3,0.33
hBjs,0,2,2,0.0
hBlB,1,0,1,1.0
hBlH,0,3,3,0.0
hBlJ,0,2,2,0.0
hBlM,0,2,2,0.0
hBlN,2,0,2,1.0
hBlP,1,1,2,0.5
hBlS,1,0,1,1.0
hBlb,0,1,1,0.0
hBll,0,1,1,0.0
hBln,1,0,1,1.0
hBmB,1,0,1,1.0
hBmH,1,0,1,1.0
hBmJ,1,0,1,1.0
hBmL,0,1,1,0.0
hBmM,3,2,5,0.6
hBmN,7,1,8,0.88
hBmP,2,5,7,0.29
hBmS,0,1,1,0.0
hBmb,0,2,2,0.0
hBml,1,1,2,0.5
hBmm,3,1,4,0.75
hBmn,1,2,3,0.33
hBms,0,1,1,0.0
hBnB,0,2,2,0.0
hBnH,3,2,5,0.6
hBnK,1,1,2,0.5
hBnL,1,1,2,0.5
hBnM,3,3,6,0.5
hBnN,1,5,6,0.17
hBnP,4,6,10,0.4
hBnS,2,3,5,0.4
hBnb,4,2,6,0.67
hBnl,1,4,5,0.2
hBnm,3,1,4,0.75
hBnn,2,1,3,0.67
hBns,1,1,2,0.5
hBsH,1,1,2,0.5
hBsL,0,0,0,
hBsM,0,2,2,0.0
hBsN,1,0,1,1.0
hBsP,2,2,4,0.5
hBsS,1,1,2,0.5
hBsb,2,1,3,0.67
hBsh,0,1,1,0.0
hBsl,1,0,1,1.0
hBsm,1,1,2,0.5
hBsn,1,0,1,1.0
hBss,0,1,1,0.0
hBtB,1,0,1,1.0
hBtH,1,0,1,1.0
hBtM,0,0,0,
hBtN,0,0,0,
hBtP,1,0,1,1.0
hBtS,1,0,1,1.0
hBtb,1,0,1,1.0
hBtl,0,1,1,0.0
hBtn,1,1,2,0.5
hBts,0,1,1,0.0
hDBP,1,0,1,1.0
hDHb,1,0,1,1.0
hDHn,1,0,1,1.0
hDLD,0,1,1,0.0
hDLP,1,0,1,1.0
hDLb,0,1,1,0.0
hDLh,0,1,1,0.0
hDMN,0,0,0,
hDNB,1,0,1,1.0
hDNS,1,0,1,1.0
hDNb,1,0,1,1.0
hDPK,0,1,1,0.0
hDPL,0,0,0,
hDPN,0,1,1,0.0
hDPP,1,0,1,1.0
hDPl,0,0,0,
hDPn,1,0,1,1.0
hDPs,0,2,2,0.0
hDSS,1,0,1,1.0
hDSb,0,0,0,
hDbB,1,1,2,0.5
hDbL,1,0,1,1.0
hDbM,1,0,1,1.0
hDbP,1,0,1,1.0
hDbn,0,1,1,0.0
hDlb,0,1,1,0.0
hDln,0,0,0,
hDmM,1,0,1,1.0
hDnB,1,0,1,1.0
hDnM,0,1,1,0.0
hDnl,0,0,0,
hDnm,0,2,2,0.0
hDsP,0,1,1,0.0
hDsS,1,0,1,1.0
hDsn,0,2,2,0.0
hHBL,0,1,1,0.0
hHBN,1,1,2,0.5
hHBP,0,1,1,0.0
hHBS,1,0,1,1.0
hHBb,2,1,3,0.67
hHBn,2,1,3,0.67
hHBt,2,0,2,1.0
hHDS,0,0,0,
hHHM,1,0,1,1.0
hHHN,0,1,1,0.0
hHHS,1,0,1,1.0
hHHh,0,0,0,
hHIL,0,0,0,
hHIn,0,1,1,0.0
hHKb,1,0,1,1.0
hHKn,0,1,1,0.0
hHLM,0,1,1,0.0
hHMM,2,0,2,1.0
hHMN,2,0,2,1.0
hHMS,0,1,1,0.0
hHMb,1,1,2,0.5
hHMh,0,1,1,0.0
hHMj,0,0,0,
hHMl,0,1,1,0.0
hHMm,1,0,1,1.0
hHMn,0,3,3,0.0
hHMs,2,0,2,1.0
hHMt,1,1,2,0.5
hHNB,2,2,4,0.5
hHNH,0,1,1,0.0
hHNM,0,0,0,
hHNN,1,0,1,1.0
hHNP,0,0,0,
hHNS,1,0,1,1.0
hHNb,0,2,2,0.0
hHNh,1,0,1,1.0
hHNl,1,0,1,1.0
hHNm,1,0,1,1.0
hHNn,1,0,1,1.0
hHNs,2,0,2,1.0
hHPB,1,0,1,1.0
hHPK,0,1,1,0.0
hHPL,0,1,1,0.0
hHPM,2,0,2,1.0
hHPN,1,4,5,0.2
hHPP,1,2,3,0.33
hHPS,1,1,2,0.5
hHPb,1,1,2,0.5
hHPh,1,0,1,1.0
hHPl,1,1,2,0.5
hHPm,1,0,1,1.0
hHPn,1,2,3,0.33
hHPs,2,0,2,1.0
hHSB,0,1,1,0.0
hHSH,0,0,0,
hHSM,1,0,1,1.0
hHSN,1,0,1,1.0
hHSP,0,2,2,0.0
hHSS,2,2,4,0.5
hHSb,0,1,1,0.0
hHSh,0,3,3,0.0
hHSl,1,0,1,1.0
hHSn,0,1,1,0.0
hHSs,0,1,1,0.0
hHbB,2,0,2,1.0
hHbJ,0,1,1,0.0
hHbL,0,1,1,0.0
hHbM,1,0,1,1.0
hHbN,2,0,2,1.0
hHbP,1,2,3,0.33
hHbS,1,1,2,0.5
hHbb,1,0,1,1.0
hHbm,0,2,2,0.0
hHbn,0,2,2,0.0
hHbs,2,0,2,1.0
hHhL,0,0,0,
hHhN,2,0,2,1.0
hHhP,0,1,1,0.0
hHhS,1,0,1,1.0
hHhb,1,1,2,0.5
hHhn,0,0,0,
hHlB,0,1,1,0.0
hHlD,0,1,1,0.0
hHlK,0,1,1,0.0
hHlM,1,0,1,1.0
hHlN,0,0,0,
hHlP,0,1,1,0.0
hHlb,0,1,1,0.0
hHll,2,0,2,1.0
hHls,0,1,1,0.0
hHmB,1,0,1,1.0
hHmM,1,0,1,1.0
hHmP,0,1,1,0.0
hHmS,0,1,1,0.0
hHmb,0,1,1,0.0
hHmm,1,0,1,1.0
hHms,1,0,1,1.0
hHnB,2,1,3,0.67
hHnH,1,0,1,1.0
hHnI,1,0,1,1.0
hHnM,0,1,1,0.0
hHnN,0,1,1,0.0
hHnP,1,2,3,0.33
hHnS,2,2,4,0.5
hHnb,2,0,2,1.0
hHnh,0,1,1,0.0
hHnm,1,0,1,1.0
hHnn,1,1,2,0.5
hHns,1,0,1,1.0
hHsB,1,0,1,1.0
hHsH,0,1,1,0.0
hHsM,0,2,2,0.0
hHsN,2,1,3,0.67
hHsS,0,1,1,0.0
hHsb,1,3,4,0.25
hHsn,2,1,3,0.67
hIBs,1,0,1,1.0
hILB,0,1,1,0.0
hIMB,0,1,1,0.0
hIMl,1,0,1,1.0
hIMm,1,1,2,0.5
hIMn,2,0,2,1.0
hIMs,1,0,1,1.0
hINM,1,0,1,1.0
hINN,0,1,1,0.0
hINb,1,0,1,1.0
hINh,1,0,1,1.0
hIPb,2,0,2,1.0
hIPm,0,0,0,
hISB,0,1,1,0.0
hISM,1,0,1,1.0
hISP,0,1,1,0.0
hIbs,1,0,1,1.0
hIlm,1,0,1,1.0
hImB,0,1,1,0.0
hImH,0,1,1,0.0
hImb,1,0,1,1.0
hInB,1,0,1,1.0
hInM,1,0,1,1.0
hInN,1,0,1,1.0
hInP,1,0,1,1.0
hInS,1,0,1,1.0
hInm,1,0,1,1.0
hIsb,1,0,1,1.0
hKBs,1,0,1,1.0
hKLB,0,1,1,0.0
hKLb,1,0,1,1.0
hKMb,1,1,2,0.5
hKNS,0,1,1,0.0
hKPP,0,0,0,
hKSP,1,0,1,1.0
hKbH,1,0,1,1.0
hKhh,1,0,1,1.0
hKhl,1,0,1,1.0
hKhn,0,2,2,0.0
hKlJ,0,1,1,0.0
hKlK,0,1,1,0.0
hKsH,0,1,1,0.0
hKsM,1,0,1,1.0
hKsP,1,0,1,1.0
hKtN,0,1,1,0.0
hLBB,3,3,6,0.5
hLBM,0,1,1,0.0
hLBN,0,1,1,0.0
hLBP,1,0,1,1.0
hLBS,0,2,2,0.0
hLBb,1,0,1,1.0
hLBh,0,1,1,0.0
hLBm,1,0,1,1.0
hLBn,0,2,2,0.0
hLBs,1,2,3,0.33
hLDm,0,1,1,0.0
hLHP,0,1,1,0.0
hLHS,0,1,1,0.0
hLKb,1,0,1,1.0
hLLD,0,1,1,0.0
hLLM,1,1,2,0.5
hLLN,1,1,2,0.5
hLLP,2,0,2,1.0
hLLb,1,1,2,0.5
hLLn,4,1,5,0.8
hLMD,0,1,1,0.0
hLML,2,2,4,0.5
hLMM,1,1,2,0.5
hLMN,1,1,2,0.5
hLMP,3,2,5,0.6
hLMS,1,2,3,0.33
hLMb,2,1,3,0.67
hLMh,0,3,3,0.0
hLMj,1,0,1,1.0
hLMm,0,0,0,
hLMn,2,1,3,0.67
hLMs,1,0,1,1.0
hLNB,1,1,2,0.5
hLNH,1,0,1,1.0
hLNL,0,0,0,
hLNM,1,2,3,0.33
hLNP,2,3,5,0.4
hLNS,0,0,0,
hLNb,1,1,2,0.5
hLNl,1,0,1,1.0
hLNm,1,0,1,1.0
hLNn,3,3,6,0.5
hLNs,1,0,1,1.0
hLPB,1,0,1,1.0
hLPK,0,1,1,0.0
hLPL,1,0,1,1.0
hLPM,2,1,3,0.67
hLPN,3,1,4,0.75
hLPP,1,1,2,0.5
hLPS,0,4,4,0.0
hLPb,2,1,3,0.67
hLPl,0,2,2,0.0
hLPm,3,1,4,0.75
hLPn,2,3,5,0.4
hLPs,1,1,2,0.5
hLPt,2,0,2,1.0
hLSB,0,1,1,0.0
hLSD,0,0,0,
hLSM,0,2,2,0.0
hLSN,0,1,1,0.0
hLSP,2,1,3,0.67
hLSS,2,3,5,0.4
hLSb,1,2,3,0.33
hLSh,1,2,3,0.33
hLSl,0,1,1,0.0
hLSn,1,0,1,1.0
hLSs,1,0,1,1.0
hLSt,0,1,1,0.0
hLbB,3,1,4,0.75
hLbJ,0,1,1,0.0
hLbK,1,0,1,1.0
hLbM,3,1,4,0.75
hLbN,3,2,5,0.6
hLbP,0,2,2,0.0
hLbS,0,2,2,0.0
hLbb,1,1,2,0.5
hLbl,2,1,3,0.67
hLbm,1,1,2,0.5
hLbn,1,1,2,0.5
hLbs,2,0,2,1.0
hLhB,1,0,1,1.0
hLhM,1,0,1,1.0
hLhN,1,0,1,1.0
hLhP,1,2,3,0.33
hLhS,2,1,3,0.67
hLhb,2,0,2,1.0
hLhh,0,2,2,0.0
hLhl,1,1,2,0.5
hLhn,1,2,3,0.33
hLhs,1,2,3,0.33
hLht,0,1,1,0.0
hLjH,1,0,1,1.0
hLjM,1,0,1,1.0
hLjP,3,1,4,0.75
hLjb,1,0,1,1.0
hLjm,0,2,2,0.0
hLjn,0,1,1,0.0
hLlH,1,1,2,0.5
hLlI,1,0,1,1.0
hLlM,0,1,1,0.0
hLlN,1,0,1,1.0
hLlP,1,0,1,1.0
hLlb,1,0,1,1.0
hLll,0,1,1,0.0
hLls,0,0,0,
hLmB,0,1,1,0.0
hLmK,1,0,1,1.0
hLmM,0,1,1,0.0
hLmN,1,3,4,0.25
hLmP,3,2,5,0.6
hLmb,1,1,2,0.5
hLml,1,0,1,1.0
hLmm,3,1,4,0.75
hLmn,1,1,2,0.5
hLms,0,1,1,0.0
hLnB,0,2,2,0.0
hLnH,2,0,2,1.0
hLnK,1,0,1,1.0
hLnL,2,1,3,0.67
hLnM,2,0,2,1.0
hLnN,3,0,3,1.0
hLnP,2,3,5,0.4
hLnS,1,3,4,0.25
hLnb,3,1,4,0.75
hLnm,2,0,2,1.0
hLnn,3,1,4,0.75
hLns,0,1,1,0.0
hLsB,0,1,1,0.0
hLsH,1,1,2,0.5
hLsM,1,0,1,1.0
hLsP,1,2,3,0.33
hLsS,2,0,2,1.0
hLsl,1,1,2,0.5
hLsm,1,0,1,1.0
hLtB,0,1,1,0.0
hLtL,1,0,1,1.0
hLtm,1,0,1,1.0
hLts,0,1,1,0.0
hMBB,2,1,3,0.67
hMBL,0,1,1,0.0
hMBM,1,3,4,0.25
hMBN,1,4,5,0.2
hMBP,3,1,4,0.75
hMBS,1,2,3,0.33
hMBb,2,2,4,0.5
hMBh,1,0,1,1.0
hMBj,2,1,3,0.67
hMBl,0,1,1,0.0
hMBm,1,2,3,0.33
hMBn,1,2,3,0.33
hMBs,0,1,1,0.0
hMBt,0,1,1,0.0
hMDH,0,1,1,0.0
hMDN,1,0,1,1.0
hMDP,2,1,3,0.67
hMDS,1,0,1,1.0
hMDm,1,1,2,0.5
hMKn,0,1,1,0.0
hMLB,2,1,3,0.67
hMLD,0,1,1,0.0
hMLK,3,0,3,1.0
hMLL,1,0,1,1.0
hMLM,3,2,5,0.6
hMLN,1,1,2,0.5
hMLP,2,0,2,1.0
hMLS,1,2,3,0.33
hMLb,0,1,1,0.0
hMLh,1,1,2,0.5
hMLl,1,1,2,0.5
hMLm,2,2,4,0.5
hMLn,2,0,2,1.0
hMLs,0,1,1,0.0
hMLt,1,0,1,1.0
hMMB,4,3,7,0.57
hMML,2,1,3,0.67
hMMM,3,4,7,0.43
hMMN,5,3,8,0.62
hMMP,5,5,10,0.5
hMMS,1,2,3,0.33
hMMb,3,11,14,0.21
hMMh,2,1,3,0.67
hMMj,1,2,3,0.33
hMMl,4,2,6,0.67
hMMm,5,3,8,0.62
hMMn,0,5,5,0.0
hMMs,3,2,5,0.6
hMMt,1,1,2,0.5
hMNB,0,1,1,0.0
hMND,1,0,1,1.0
hMNL,1,1,2,0.5
hMNM,4,4,8,0.5
hMNN,1,3,4,0.25
hMNP,3,7,10,0.3
hMNS,3,2,5,0.6
hMNb,6,4,10,0.6
hMNh,0,2,2,0.0
hMNl,0,1,1,0.0
hMNm,2,1,3,0.67
hMNn,5,2,7,0.71
hMNs,0,5,5,0.0
hMNt,1,0,1,1.0
hMPB,2,2,4,0.5
hMPH,2,1,3,0.67
hMPK,0,1,1,0.0
hMPM,7,6,13,0.54
hMPN,2,7,9,0.22
hMPP,9,4,13,0.69
hMPS,4,0,4,1.0
hMPb,10,6,16,0.62
hMPl,3,3,6,0.5
hMPm,4,4,8,0.5
hMPn,6,4,10,0.6
hMPs,5,4,9,0.56
hMSH,0,2,2,0.0
hMSM,2,2,4,0.5
hMSN,1,0,1,1.0
hMSP,2,2,4,0.5
hMSS,3,2,5,0.6
hMSb,7,5,12,0.58
hMSh,2,1,3,0.67
hMSl,0,5,5,0.0
hMSm,1,2,3,0.33
hMSn,3,6,9,0.33
hMSs,0,2,2,0.0
hMbB,2,2,4,0.5
hMbH,1,4,5,0.2
hMbJ,1,1,2,0.5
hMbL,0,1,1,0.0
hMbM,4,7,11,0.36
hMbN,4,7,11,0.36
hMbP,9,8,17,0.53
hMbS,2,2,4,0.5
hMbb,4,6,10,0.4
hMbl,1,1,2,0.5
hMbm,5,4,9,0.56
hMbn,8,6,14,0.57
hMbs,3,0,3,1.0
hMhB,2,0,2,1.0
hMhH,0,1,1,0.0
hMhI,1,0,1,1.0
hMhM,5,6,11,0.45
hMhN,8,1,9,0.89
hMhP,2,8,10,0.2
hMhS,2,7,9,0.22
hMhb,2,3,5,0.4
hMhh,7,2,9,0.78
hMhl,2,1,3,0.67
hMhm,7,2,9,0.78
hMhn,2,3,5,0.4
hMhs,3,2,5,0.6
hMjB,0,1,1,0.0
hMjH,0,1,1,0.0
hMjL,0,1,1,0.0
hMjM,5,1,6,0.83
hMjN,4,2,6,0.67
hMjP,1,1,2,0.5
hMjS,0,1,1,0.0
hMjh,0,1,1,0.0
hMjl,0,1,1,0.0
hMjm,1,0,1,1.0
hMjn,2,0,2,1.0
hMjs,0,1,1,0.0
hMlB,3,0,3,1.0
hMlH,1,1,2,0.5
hMlJ,0,0,0,
hMlL,1,0,1,1.0
hMlM,2,2,4,0.5
hMlN,2,3,5,0.4
hMlP,4,0,4,1.0
hMlS,3,6,9,0.33
hMlb,2,1,3,0.67
hMlm,0,2,2,0.0
hMln,1,0,1,1.0
hMls,0,1,1,0.0
hMmB,1,2,3,0.33
hMmH,1,3,4,0.25
hMmI,0,1,1,0.0
hMmM,2,2,4,0.5
hMmN,4,2,6,0.67
hMmP,2,5,7,0.29
hMmS,1,0,1,1.0
hMmb,2,3,5,0.4
hMml,1,1,2,0.5
hMmm,0,2,2,0.0
hMmn,1,2,3,0.33
hMms,0,1,1,0.0
hMnB,1,3,4,0.25
hMnD,0,0,0,
hMnH,0,6,6,0.0
hMnK,0,1,1,0.0
hMnL,2,5,7,0.29
hMnM,5,1,6,0.83
hMnN,6,6,12,0.5
hMnP,5,9,14,0.36
hMnS,2,4,6,0.33
hMnb,4,3,7,0.57
hMnl,4,2,6,0.67
hMnm,2,3,5,0.4
hMnn,4,9,13,0.31
hMns,2,3,5,0.4
hMsB,2,2,4,0.5
hMsH,4,1,5,0.8
hMsI,0,1,1,0.0
hMsL,2,0,2,1.0
hMsM,2,1,3,0.67
hMsN,2,2,4,0.5
hMsP,1,4,5,0.2
hMsS,3,1,4,0.75
hMsb,4,3,7,0.57
hMsl,1,1,2,0.5
hMsm,2,3,5,0.4
hMsn,1,3,4,0.25
hMss,1,1,2,0.5
hMtH,1,1,2,0.5
hMtM,1,1,2,0.5
hMtN,1,2,3,0.33
hMtP,1,0,1,1.0
hMtb,1,2,3,0.33
hNBB,1,1,2,0.5
hNBD,1,0,1,1.0
hNBK,1,0,1,1.0
hNBL,1,0,1,1.0
hNBM,2,3,5,0.4
hNBN,1,1,2,0.5
hNBP,2,2,4,0.5
hNBS,1,2,3,0.33
hNBb,1,2,3,0.33
hNBj,3,1,4,0.75
hNBl,0,2,2,0.0
hNBm,2,2,4,0.5
hNBn,1,2,3,0.33
hNBs,1,2,3,0.33
hNDM,1,0,1,1.0
hNDN,1,0,1,1.0
hNDP,0,1,1,0.0
hNDn,0,1,1,0.0
hNHL,1,0,1,1.0
hNHM,0,1,1,0.0
hNHP,1,0,1,1.0
hNHS,0,0,0,
hNHb,0,1,1,0.0
hNHl,0,1,1,0.0
hNHs,0,1,1,0.0
hNKL,0,1,1,0.0
hNKN,1,0,1,1.0
hNKP,1,0,1,1.0
hNKh,0,1,1,0.0
hNKl,1,0,1,1.0
hNKm,1,0,1,1.0
hNKn,0,1,1,0.0
hNKt,1,0,1,1.0
hNLB,1,0,1,1.0
hNLL,1,0,1,1.0
hNLN,1,1,2,0.5
hNLP,2,0,2,1.0
hNLS,1,0,1,1.0
hNLb,1,2,3,0.33
hNLh,2,0,2,1.0
hNLj,0,1,1,0.0
hNLl,1,1,2,0.5
hNLm,1,0,1,1.0
hNLn,0,1,1,0.0
hNLs,0,0,0,
hNLt,0,1,1,0.0
hNMB,1,3,4,0.25
hNML,0,1,1,0.0
hNMM,0,1,1,0.0
hNMN,2,6,8,0.25
hNMP,3,4,7,0.43
hNMS,2,2,4,0.5
hNMb,3,3,6,0.5
hNMh,3,3,6,0.5
hNMj,2,0,2,1.0
hNMl,0,1,1,0.0
hNMm,4,8,12,0.33
hNMn,5,5,10,0.5
hNMs,0,3,3,0.0
hNMt,1,0,1,1.0
hNNB,0,2,2,0.0
hNND,1,1,2,0.5
hNNH,1,1,2,0.5
hNNK,1,0,1,1.0
hNNL,1,1,2,0.5
hNNM,4,1,5,0.8
hNNN,2,5,7,0.29
hNNP,2,5,7,0.29
hNNS,3,2,5,0.6
hNNb,4,2,6,0.67
hNNh,1,4,5,0.2
hNNl,0,1,1,0.0
hNNm,4,6,10,0.4
hNNn,3,5,8,0.38
hNNs,3,4,7,0.43
hNPB,8,1,9,0.89
hNPH,0,1,1,0.0
hNPK,1,1,2,0.5
hNPL,1,1,2,0.5
hNPM,5,11,16,0.31
hNPN,4,9,13,0.31
hNPP,9,8,17,0.53
hNPS,7,2,9,0.78
hNPb,5,7,12,0.42
hNPh,0,1,1,0.0
hNPl,5,6,11,0.45
hNPm,3,2,5,0.6
hNPn,7,5,12,0.58
hNPs,1,4,5,0.2
hNSB,4,1,5,0.8
hNSH,0,1,1,0.0
hNSL,2,1,3,0.67
hNSM,3,2,5,0.6
hNSN,0,4,4,0.0
hNSP,4,4,8,0.5
hNSS,2,2,4,0.5
hNSb,6,0,6,1.0
hNSh,4,1,5,0.8
hNSm,0,2,2,0.0
hNSn,2,3,5,0.4
hNSs,2,2,4,0.5
hNbB,2,1,3,0.67
hNbI,0,1,1,0.0
hNbJ,0,2,2,0.0
hNbK,1,1,2,0.5
hNbL,2,1,3,0.67
hNbM,4,1,5,0.8
hNbN,4,2,6,0.67
hNbP,4,6,10,0.4
hNbS,5,2,7,0.71
hNbb,3,2,5,0.6
hNbl,1,1,2,0.5
hNbm,7,1,8,0.88
hNbn,2,4,6,0.33
hNbs,2,1,3,0.67
hNhB,2,1,3,0.67
hNhL,1,0,1,1.0
hNhM,0,2,2,0.0
hNhP,3,1,4,0.75
hNhS,0,1,1,0.0
hNhb,2,1,3,0.67
hNhh,0,1,1,0.0
hNhl,3,0,3,1.0
hNhm,2,0,2,1.0
hNhn,0,3,3,0.0
hNhs,1,0,1,1.0
hNlM,1,2,3,0.33
hNlN,3,2,5,0.6
hNlP,1,0,1,1.0
hNlS,1,2,3,0.33
hNlb,0,1,1,0.0
hNll,1,0,1,1.0
hNlm,2,1,3,0.67
hNln,0,2,2,0.0
hNls,1,2,3,0.33
hNmB,3,2,5,0.6
hNmH,3,3,6,0.5
hNmI,0,0,0,
hNmJ,1,0,1,1.0
hNmL,0,1,1,0.0
hNmM,3,4,7,0.43
hNmN,5,2,7,0.71
hNmP,3,6,9,0.33
hNmS,1,3,4,0.25
hNmb,1,0,1,1.0
hNmm,0,1,1,0.0
hNmn,1,1,2,0.5
hNms,1,1,2,0.5
hNnB,1,5,6,0.17
hNnD,2,0,2,1.0
hNnH,3,0,3,1.0
hNnK,1,1,2,0.5
hNnL,0,1,1,0.0
hNnM,6,5,11,0.55
hNnN,7,3,10,0.7
hNnP,6,4,10,0.6
hNnS,3,3,6,0.5
hNnb,8,5,13,0.62
hNnl,0,1,1,0.0
hNnm,3,3,6,0.5
hNnn,4,7,11,0.36
hNns,4,2,6,0.67
hNsB,1,1,2,0.5
hNsD,0,1,1,0.0
hNsH,3,3,6,0.5
hNsL,0,1,1,0.0
hNsM,4,5,9,0.44
hNsN,2,0,2,1.0
hNsP,1,4,5,0.2
hNsS,2,2,4,0.5
hNsb,1,1,2,0.5
hNsh,1,0,1,1.0
hNsl,5,1,6,0.83
hNsm,2,1,3,0.67
hNsn,4,4,8,0.5
hNss,1,1,2,0.5
hNtB,1,0,1,1.0
hNtH,0,1,1,0.0
hNtK,1,0,1,1.0
hNtM,1,1,2,0.5
hNtN,0,1,1,0.0
hNtP,0,2,2,0.0
hNtb,0,2,2,0.0
hNtl,1,0,1,1.0
hNtn,0,2,2,0.0
hPBB,8,5,13,0.62
hPBK,0,1,1,0.0
hPBL,1,1,2,0.5
hPBM,1,1,2,0.5
hPBN,4,3,7,0.57
hPBP,9,2,11,0.82
hPBS,2,3,5,0.4
hPBb,4,8,12,0.33
hPBh,1,0,1,1.0
hPBj,0,2,2,0.0
hPBl,1,1,2,0.5
hPBm,1,2,3,0.33
hPBn,7,2,9,0.78
hPBs,3,0,3,1.0
hPBt,0,0,0,
hPDP,0,1,1,0.0
hPDS,0,1,1,0.0
hPDs,0,0,0,
hPHB,2,0,2,1.0
hPHD,2,0,2,1.0
hPHI,0,1,1,0.0
hPHL,1,0,1,1.0
hPHM,1,0,1,1.0
hPHN,1,3,4,0.25
hPHP,1,2,3,0.33
hPHS,4,1,5,0.8
hPHb,1,0,1,1.0
hPHh,1,2,3,0.33
hPHl,1,2,3,0.33
hPHm,0,1,1,0.0
hPHn,1,1,2,0.5
hPHs,2,1,3,0.67
hPIB,1,0,1,1.0
hPIH,0,1,1,0.0
hPIL,0,1,1,0.0
hPIN,1,0,1,1.0
hPIP,1,1,2,0.5
hPIb,1,0,1,1.0
hPIl,1,0,1,1.0
hPKB,1,1,2,0.5
hPKL,0,1,1,0.0
hPKP,2,0,2,1.0
hPKS,0,1,1,0.0
hPKl,1,0,1,1.0
hPKm,0,0,0,
hPKs,0,3,3,0.0
hPLB,4,3,7,0.57
hPLD,0,1,1,0.0
hPLL,3,2,5,0.6
hPLM,3,3,6,0.5
hPLN,0,2,2,0.0
hPLP,3,2,5,0.6
hPLS,2,2,4,0.5
hPLb,1,2,3,0.33
hPLh,1,1,2,0.5
hPLl,2,1,3,0.67
hPLm,3,2,5,0.6
hPLn,3,4,7,0.43
hPLs,1,2,3,0.33
hPMB,3,6,9,0.33
hPMD,0,0,0,
hPML,3,2,5,0.6
hPMM,7,4,11,0.64
hPMN,10,3,13,0.77
hPMP,11,8,19,0.58
hPMS,6,3,9,0.67
hPMb,4,8,12,0.33
hPMh,4,1,5,0.8
hPMj,2,2,4,0.5
hPMl,2,5,7,0.29
hPMm,7,6,13,0.54
hPMn,6,6,12,0.5
hPMs,7,2,9,0.78
hPMt,1,0,1,1.0
hPNB,4,7,11,0.36
hPNH,1,2,3,0.33
hPNL,0,1,1,0.0
hPNM,8,5,13,0.62
hPNN,7,2,9,0.78
hPNP,8,8,16,0.5
hPNS,1,5,6,0.17
hPNb,8,4,12,0.67
hPNh,3,1,4,0.75
hPNl,4,1,5,0.8
hPNm,2,4,6,0.33
hPNn,8,3,11,0.73
hPNs,1,5,6,0.17
hPPB,5,3,8,0.62
hPPD,0,1,1,0.0
hPPH,5,0,5,1.0
hPPI,0,1,1,0.0
hPPK,0,1,1,0.0
hPPL,4,4,8,0.5
hPPM,8,10,18,0.44
hPPN,9,8,17,0.53
hPPP,14,13,27,0.52
hPPS,6,6,12,0.5
hPPb,14,13,27,0.52
hPPh,0,2,2,0.0
hPPl,6,6,12,0.5
hPPm,7,5,12,0.58
hPPn,7,5,12,0.58
hPPs,7,5,12,0.58
hPSB,4,4,8,0.5
hPSD,0,1,1,0.0
hPSH,2,4,6,0.33
hPSL,4,3,7,0.57
hPSM,4,4,8,0.5
hPSN,5,4,9,0.56
hPSP,11,6,17,0.65
hPSS,3,3,6,0.5
hPSb,6,3,9,0.67
hPSh,2,3,5,0.4
hPSl,4,1,5,0.8
hPSm,5,5,10,0.5
hPSn,4,4,8,0.5
hPSs,1,6,7,0.14
hPSt,0,2,2,0.0
hPbB,1,4,5,0.2
hPbD,0,1,1,0.0
hPbH,1,1,2,0.5
hPbI,1,1,2,0.5
hPbJ,1,1,2,0.5
hPbK,3,0,3,1.0
hPbL,3,2,5,0.6
hPbM,7,9,16,0.44
hPbN,6,7,13,0.46
hPbP,6,6,12,0.5
hPbS,0,4,4,0.0
hPbb,4,10,14,0.29
hPbl,4,4,8,0.5
hPbm,3,9,12,0.25
hPbn,9,4,13,0.69
hPbs,0,2,2,0.0
hPhB,2,0,2,1.0
hPhK,1,0,1,1.0
hPhL,1,0,1,1.0
hPhM,0,2,2,0.0
hPhN,1,1,2,0.5
hPhP,1,0,1,1.0
hPhb,2,0,2,1.0
hPhh,1,3,4,0.25
hPhm,1,0,1,1.0
hPhs,0,1,1,0.0
hPlB,3,1,4,0.75
hPlH,6,2,8,0.75
hPlI,1,0,1,1.0
hPlL,0,1,1,0.0
hPlM,4,5,9,0.44
hPlN,2,3,5,0.4
hPlP,4,4,8,0.5
hPlS,5,0,5,1.0
hPlb,9,2,11,0.82
hPll,1,0,1,1.0
hPlm,2,1,3,0.67
hPln,3,1,4,0.75
hPls,2,1,3,0.67
hPmB,6,2,8,0.75
hPmD,1,0,1,1.0
hPmH,2,0,2,1.0
hPmJ,0,2,2,0.0
hPmL,2,2,4,0.5
hPmM,7,5,12,0.58
hPmN,3,7,10,0.3
hPmP,4,8,12,0.33
hPmS,5,3,8,0.62
hPmb,3,7,10,0.3
hPml,1,2,3,0.33
hPmm,7,4,11,0.64
hPmn,4,5,9,0.44
hPms,1,2,3,0.33
hPnB,1,3,4,0.25
hPnD,0,1,1,0.0
hPnH,3,7,10,0.3
hPnI,2,1,3,0.67
hPnK,0,0,0,
hPnL,1,0,1,1.0
hPnM,2,8,10,0.2
hPnN,9,6,15,0.6
hPnP,7,5,12,0.58
hPnS,3,3,6,0.5
hPnb,5,9,14,0.36
hPnl,4,1,5,0.8
hPnm,9,2,11,0.82
hPnn,8,6,14,0.57
hPns,2,6,8,0.25
hPsB,0,2,2,0.0
hPsD,1,0,1,1.0
hPsH,3,9,12,0.25
hPsI,0,1,1,0.0
hPsK,1,0,1,1.0
hPsL,1,1,2,0.5
hPsM,2,4,6,0.33
hPsN,1,5,6,0.17
hPsP,8,5,13,0.62
hPsS,7,7,14,0.5
hPsb,8,2,10,0.8
hPsl,1,2,3,0.33
hPsm,6,2,8,0.75
hPsn,3,3,6,0.5
hPss,2,2,4,0.5
hPtB,1,0,1,1.0
hPtL,1,0,1,1.0
hPtM,2,0,2,1.0
hPtN,1,1,2,0.5
hPtS,0,1,1,0.0
hPtl,1,1,2,0.5
hPtn,0,1,1,0.0
hPts,1,1,2,0.5
hSBB,1,1,2,0.5
hSBL,1,1,2,0.5
hSBM,2,1,3,0.67
hSBN,2,2,4,0.5
hSBP,0,3,3,0.0
hSBS,2,2,4,0.5
hSBb,1,3,4,0.25
hSBh,0,0,0,
hSBm,0,1,1,0.0
hSBn,4,1,5,0.8
hSBt,1,0,1,1.0
hSDK,0,1,1,0.0
hSDb,1,0,1,1.0
hSDl,0,1,1,0.0
hSDm,1,0,1,1.0
hSDn,1,0,1,1.0
hSDs,1,0,1,1.0
hSHH,1,1,2,0.5
hSHM,2,1,3,0.67
hSHN,3,2,5,0.6
hSHP,2,2,4,0.5
hSHS,2,2,4,0.5
hSHb,0,1,1,0.0
hSHl,2,1,3,0.67
hSHm,2,3,5,0.4
hSHn,4,0,4,1.0
hSHs,0,1,1,0.0
hSIM,0,1,1,0.0
hSKP,0,1,1,0.0
hSKm,0,1,1,0.0
hSLB,2,0,2,1.0
hSLL,1,0,1,1.0
hSLM,1,0,1,1.0
hSLN,2,0,2,1.0
hSLP,0,2,2,0.0
hSLS,2,4,6,0.33
hSLb,0,1,1,0.0
hSLh,0,1,1,0.0
hSLl,1,0,1,1.0
hSLn,1,2,3,0.33
hSLs,0,1,1,0.0
hSMB,0,0,0,
hSML,0,1,1,0.0
hSMM,2,6,8,0.25
hSMN,2,3,5,0.4
hSMP,5,3,8,0.62
hSMS,2,1,3,0.67
hSMb,6,2,8,0.75
hSMh,2,7,9,0.22
hSMj,1,0,1,1.0
hSMl,0,3,3,0.0
hSMm,2,1,3,0.67
hSMn,1,4,5,0.2
hSMs,1,2,3,0.33
hSMt,1,0,1,1.0
hSNB,2,0,2,1.0
hSNL,1,0,1,1.0
hSNM,1,2,3,0.33
hSNN,7,5,12,0.58
hSNP,1,4,5,0.2
hSNS,3,2,5,0.6
hSNb,0,2,2,0.0
hSNh,1,4,5,0.2
hSNl,0,3,3,0.0
hSNm,4,3,7,0.57
hSNn,2,4,6,0.33
hSNs,2,1,3,0.67
hSNt,2,0,2,1.0
hSPB,2,1,3,0.67
hSPH,2,3,5,0.4
hSPK,0,1,1,0.0
hSPL,1,1,2,0.5
hSPM,4,4,8,0.5
hSPN,6,5,11,0.55
hSPP,5,4,9,0.56
hSPS,3,6,9,0.33
hSPb,9,1,10,0.9
hSPh,2,2,4,0.5
hSPl,1,1,2,0.5
hSPm,2,0,2,1.0
hSPn,3,3,6,0.5
hSPs,2,1,3,0.67
hSPt,0,0,0,
hSSB,1,0,1,1.0
hSSH,6,2,8,0.75
hSSL,2,1,3,0.67
hSSN,1,4,5,0.2
hSSP,5,6,11,0.45
hSSS,3,4,7,0.43
hSSb,3,6,9,0.33
hSSh,2,0,2,1.0
hSSl,2,1,3,0.67
hSSm,1,1,2,0.5
hSSn,1,2,3,0.33
hSSs,1,5,6,0.17
hSbB,1,2,3,0.33
hSbH,0,1,1,0.0
hSbJ,2,1,3,0.67
hSbK,0,1,1,0.0
hSbL,1,0,1,1.0
hSbM,2,2,4,0.5
hSbN,3,3,6,0.5
hSbP,6,3,9,0.67
hSbS,1,2,3,0.33
hSbb,5,3,8,0.62
hSbl,4,1,5,0.8
hSbm,2,1,3,0.67
hSbn,7,4,11,0.64
hSbs,0,1,1,0.0
hShB,1,2,3,0.33
hShK,1,0,1,1.0
hShL,3,2,5,0.6
hShM,1,1,2,0.5
hShN,3,0,3,1.0
hShP,4,3,7,0.57
hShS,2,1,3,0.67
hShb,2,5,7,0.29
hShh,2,2,4,0.5
hShl,2,4,6,0.33
hShm,2,0,2,1.0
hShn,6,2,8,0.75
hShs,5,3,8,0.62
hSlB,0,3,3,0.0
hSlH,1,1,2,0.5
hSlJ,0,0,0,
hSlK,0,1,1,0.0
hSlL,1,0,1,1.0
hSlM,0,2,2,0.0
hSlN,0,4,4,0.0
hSlP,2,0,2,1.0
hSlS,2,2,4,0.5
hSlb,1,2,3,0.33
hSll,2,0,2,1.0
hSlm,2,6,8,0.25
hSln,1,0,1,1.0
hSls,1,0,1,1.0
hSmB,1,0,1,1.0
hSmH,1,3,4,0.25
hSmJ,2,0,2,1.0
hSmK,0,0,0,
hSmL,1,1,2,0.5
hSmM,3,3,6,0.5
hSmN,6,1,7,0.86
hSmP,3,1,4,0.75
hSmS,1,4,5,0.2
hSmb,1,1,2,0.5
hSml,3,0,3,1.0
hSmm,2,1,3,0.67
hSmn,3,1,4,0.75
hSms,2,1,3,0.67
hSnB,0,0,0,
hSnH,6,0,6,1.0
hSnI,1,0,1,1.0
hSnL,1,0,1,1.0
hSnM,5,3,8,0.62
hSnN,5,2,7,0.71
hSnP,2,6,8,0.25
hSnS,2,4,6,0.33
hSnb,4,2,6,0.67
hSnh,0,0,0,
hSnl,1,1,2,0.5
hSnm,3,3,6,0.5
hSnn,3,5,8,0.38
hSns,2,2,4,0.5
hSnt,1,0,1,1.0
hSsB,1,1,2,0.5
hSsH,3,4,7,0.43
hSsL,1,0,1,1.0
hSsM,3,4,7,0.43
hSsN,4,4,8,0.5
hSsP,3,5,8,0.38
hSsS,3,5,8,0.38
hSsb,2,3,5,0.4
hSsh,0,1,1,0.0
hSsl,1,2,3,0.33
hSsm,2,4,6,0.33
hSsn,1,3,4,0.25
hSss,3,3,6,0.5
hStM,1,0,1,1.0
hStN,1,0,1,1.0
hStS,1,2,3,0.33
hStl,0,2,2,0.0
hStn,0,1,1,0.0
hbBL,1,0,1,1.0
hbBM,4,3,7,0.57
hbBN,2,1,3,0.67
hbBP,3,1,4,0.75
hbBS,2,2,4,0.5
hbBb,3,3,6,0.5
hbBh,1,1,2,0.5
hbBj,2,1,3,0.67
hbBl,3,0,3,1.0
hbBm,1,1,2,0.5
hbBn,2,2,4,0.5
hbBs,1,0,1,1.0
hbDB,1,0,1,1.0
hbDb,1,0,1,1.0
hbDl,1,0,1,1.0
hbHB,0,2,2,0.0
hbHH,1,0,1,1.0
hbHL,1,2,3,0.33
hbHM,1,4,5,0.2
hbHN,0,1,1,0.0
hbHP,2,3,5,0.4
hbHS,0,2,2,0.0
hbHb,0,1,1,0.0
hbHh,1,0,1,1.0
hbHl,1,1,2,0.5
hbHm,1,0,1,1.0
hbHn,2,1,3,0.67
hbHs,0,2,2,0.0
hbIM,1,1,2,0.5
hbIP,1,2,3,0.33
hbIS,0,1,1,0.0
hbIb,0,0,0,
hbIs,0,2,2,0.0
hbJB,0,1,1,0.0
hbJL,0,1,1,0.0
hbJM,2,2,4,0.5
hbJN,0,1,1,0.0
hbJP,2,2,4,0.5
hbJS,0,1,1,0.0
hbJb,4,0,4,1.0
hbJl,1,4,5,0.2
hbJm,1,0,1,1.0
hbJn,1,0,1,1.0
hbJs,1,1,2,0.5
hbKB,0,2,2,0.0
hbKL,1,1,2,0.5
hbKM,0,1,1,0.0
hbKN,0,1,1,0.0
hbKS,0,1,1,0.0
hbKb,0,1,1,0.0
hbKh,0,0,0,
hbKn,0,1,1,0.0
hbKt,1,0,1,1.0
hbLB,3,3,6,0.5
hbLD,1,0,1,1.0
hbLL,1,1,2,0.5
hbLM,0,2,2,0.0
hbLN,1,1,2,0.5
hbLP,1,1,2,0.5
hbLS,1,2,3,0.33
hbLb,5,3,8,0.62
hbLh,1,0,1,1.0
hbLj,2,0,2,1.0
hbLl,1,0,1,1.0
hbLm,1,2,3,0.33
hbLn,2,2,4,0.5
hbLs,0,1,1,0.0
hbLt,1,0,1,1.0
hbMB,4,3,7,0.57
hbML,2,1,3,0.67
hbMM,6,6,12,0.5
hbMN,6,4,10,0.6
hbMP,5,9,14,0.36
hbMS,2,2,4,0.5
hbMb,3,8,11,0.27
hbMh,2,8,10,0.2
hbMj,3,0,3,1.0
hbMl,1,1,2,0.5
hbMm,7,2,9,0.78
hbMn,4,10,14,0.29
hbMs,3,4,7,0.43
hbMt,1,0,1,1.0
hbNB,1,2,3,0.33
hbNH,1,1,2,0.5
hbNL,1,1,2,0.5
hbNM,3,5,8,0.38
hbNN,4,2,6,0.67
hbNP,7,3,10,0.7
hbNS,0,1,1,0.0
hbNb,3,4,7,0.43
hbNh,1,2,3,0.33
hbNl,4,0,4,1.0
hbNm,3,4,7,0.43
hbNn,5,5,10,0.5
hbNs,3,4,7,0.43
hbNt,1,1,2,0.5
hbPB,2,2,4,0.5
hbPD,2,0,2,1.0
hbPH,0,3,3,0.0
hbPI,0,0,0,
hbPK,0,3,3,0.0
hbPL,4,3,7,0.57
hbPM,9,6,15,0.6
hbPN,5,4,9,0.56
hbPP,4,9,13,0.31
hbPS,4,6,10,0.4
hbPb,8,7,15,0.53
hbPh,2,3,5,0.4
hbPl,1,3,4,0.25
hbPm,3,2,5,0.6
hbPn,1,4,5,0.2
hbPs,4,4,8,0.5
hbSB,2,0,2,1.0
hbSH,0,1,1,0.0
hbSL,1,4,5,0.2
hbSM,4,3,7,0.57
hbSN,4,3,7,0.57
hbSP,2,2,4,0.5
hbSS,4,3,7,0.57
hbSb,2,2,4,0.5
hbSh,0,2,2,0.0
hbSl,1,1,2,0.5
hbSm,0,4,4,0.0
hbSn,3,4,7,0.43
hbSs,4,5,9,0.44
hbSt,0,1,1,0.0
hbbB,4,5,9,0.44
hbbH,2,2,4,0.5
hbbJ,1,1,2,0.5
hbbL,0,1,1,0.0
hbbM,4,3,7,0.57
hbbN,6,6,12,0.5
hbbP,5,6,11,0.45
hbbS,3,2,5,0.6
hbbb,7,3,10,0.7
hbbl,3,2,5,0.6
hbbm,5,2,7,0.71
hbbn,5,8,13,0.38
hbbs,3,2,5,0.6
hbhB,0,1,1,0.0
hblB,2,2,4,0.5
hblH,1,3,4,0.25
hblJ,3,1,4,0.75
hblM,2,3,5,0.4
hblN,6,4,10,0.6
hblP,3,6,9,0.33
hblS,3,0,3,1.0
hblb,2,2,4,0.5
hbll,2,1,3,0.67
hblm,1,1,2,0.5
hbln,2,0,2,1.0
hbls,1,1,2,0.5
hbmB,2,1,3,0.67
hbmD,1,0,1,1.0
hbmH,1,1,2,0.5
hbmL,2,2,4,0.5
hbmM,1,2,3,0.33
hbmN,5,3,8,0.62
hbmP,2,5,7,0.29
hbmS,1,4,5,0.2
hbmb,7,1,8,0.88
hbml,2,1,3,0.67
hbmm,0,0,0,
hbmn,2,3,5,0.4
hbms,2,1,3,0.67
hbnB,2,1,3,0.67
hbnH,1,3,4,0.25
hbnI,2,0,2,1.0
hbnK,2,0,2,1.0
hbnL,1,2,3,0.33
hbnM,0,5,5,0.0
hbnN,5,9,14,0.36
hbnP,12,4,16,0.75
hbnS,3,4,7,0.43
hbnb,4,7,11,0.36
hbnh,0,1,1,0.0
hbnl,1,2,3,0.33
hbnm,2,1,3,0.67
hbnn,4,9,13,0.31
hbns,6,2,8,0.75
hbsB,3,1,4,0.75
hbsD,1,0,1,1.0
hbsH,4,1,5,0.8
hbsI,0,1,1,0.0
hbsK,1,0,1,1.0
hbsL,2,1,3,0.67
hbsM,2,2,4,0.5
hbsN,3,2,5,0.6
hbsP,3,3,6,0.5
hbsS,2,6,8,0.25
hbsb,2,0,2,1.0
hbsl,1,1,2,0.5
hbsm,1,1,2,0.5
hbsn,3,2,5,0.6
hbss,3,2,5,0.6
hhBB,1,0,1,1.0
hhBK,1,0,1,1.0
hhBL,2,1,3,0.67
hhBM,2,1,3,0.67
hhBN,2,6,8,0.25
hhBP,2,2,4,0.5
hhBS,2,0,2,1.0
hhBb,5,2,7,0.71
hhBh,1,1,2,0.5
hhBl,1,0,1,1.0
hhBm,2,3,5,0.4
hhBn,2,3,5,0.4
hhBs,0,1,1,0.0
hhBt,1,2,3,0.33
hhDH,0,1,1,0.0
hhDP,1,0,1,1.0
hhDS,1,0,1,1.0
hhDn,0,1,1,0.0
hhDs,1,0,1,1.0
hhHB,2,1,3,0.67
hhHH,0,0,0,
hhHM,3,0,3,1.0
hhHN,1,0,1,1.0
hhHP,2,1,3,0.67
hhHS,0,1,1,0.0
hhHb,1,1,2,0.5
hhHh,0,1,1,0.0
hhHl,0,1,1,0.0
hhHn,1,1,2,0.5
hhHs,0,1,1,0.0
hhKM,0,1,1,0.0
hhLB,0,1,1,0.0
hhLL,1,1,2,0.5
hhLM,0,1,1,0.0
hhLN,0,1,1,0.0
hhLP,2,1,3,0.67
hhLS,1,1,2,0.5
hhLb,1,2,3,0.33
hhLh,1,0,1,1.0
hhLj,1,1,2,0.5
hhLl,1,0,1,1.0
hhLn,3,2,5,0.6
hhLs,1,2,3,0.33
hhLt,1,0,1,1.0
hhMB,2,1,3,0.67
hhML,1,2,3,0.33
hhMM,0,2,2,0.0
hhMN,1,1,2,0.5
hhMP,7,7,14,0.5
hhMS,2,3,5,0.4
hhMb,4,1,5,0.8
hhMh,3,4,7,0.43
hhMj,2,1,3,0.67
hhMl,1,1,2,0.5
hhMm,1,3,4,0.25
hhMn,6,2,8,0.75
hhMs,5,2,7,0.71
hhMt,2,0,2,1.0
hhNB,5,2,7,0.71
hhND,0,2,2,0.0
hhNH,0,0,0,
hhNL,0,1,1,0.0
hhNM,4,4,8,0.5
hhNN,2,2,4,0.5
hhNP,5,1,6,0.83
hhNS,3,4,7,0.43
hhNb,3,2,5,0.6
hhNh,1,0,1,1.0
hhNl,0,2,2,0.0
hhNm,2,3,5,0.4
hhNn,4,5,9,0.44
hhNs,4,3,7,0.57
hhNt,0,1,1,0.0
hhPB,4,2,6,0.67
hhPH,3,0,3,1.0
hhPI,0,1,1,0.0
hhPK,2,2,4,0.5
hhPL,4,4,8,0.5
hhPM,10,7,17,0.59
hhPN,6,1,7,0.86
hhPP,5,10,15,0.33
hhPS,4,5,9,0.44
hhPb,5,7,12,0.42
hhPh,1,0,1,1.0
hhPl,3,3,6,0.5
hhPm,3,3,6,0.5
hhPn,5,6,11,0.45
hhPs,3,1,4,0.75
hhSB,1,0,1,1.0
hhSD,0,0,0,
hhSH,1,2,3,0.33
hhSL,2,1,3,0.67
hhSM,5,3,8,0.62
hhSN,3,1,4,0.75
hhSP,4,5,9,0.44
hhSS,0,5,5,0.0
hhSb,1,5,6,0.17
hhSh,2,5,7,0.29
hhSl,3,5,8,0.38
hhSm,4,3,7,0.57
hhSn,4,3,7,0.57
hhSs,3,2,5,0.6
hhbB,3,1,4,0.75
hhbH,1,1,2,0.5
hhbI,1,1,2,0.5
hhbK,1,0,1,1.0
hhbL,5,1,6,0.83
hhbM,5,4,9,0.56
hhbN,3,2,5,0.6
hhbP,3,3,6,0.5
hhbS,2,4,6,0.33
hhbb,3,5,8,0.38
hhbl,0,5,5,0.0
hhbm,5,2,7,0.71
hhbn,3,2,5,0.6
hhbs,4,2,6,0.67
hhhB,3,1,4,0.75
hhhD,0,1,1,0.0
hhhH,0,1,1,0.0
hhhL,0,2,2,0.0
hhhM,5,3,8,0.62
hhhN,7,3,10,0.7
hhhP,4,8,12,0.33
hhhS,4,2,6,0.67
hhhb,4,4,8,0.5
hhhh,2,7,9,0.22
hhhl,1,1,2,0.5
hhhm,1,3,4,0.25
hhhn,7,1,8,0.88
hhhs,0,5,5,0.0
hhlB,0,3,3,0.0
hhlH,1,1,2,0.5
hhlJ,0,2,2,0.0
hhlL,1,1,2,0.5
hhlM,3,2,5,0.6
hhlN,3,4,7,0.43
hhlP,4,2,6,0.67
hhlS,1,1,2,0.5
hhll,2,1,3,0.67
hhlm,1,1,2,0.5
hhln,1,1,2,0.5
hhls,1,2,3,0.33
hhmB,0,2,2,0.0
hhmD,0,1,1,0.0
hhmH,0,2,2,0.0
hhmI,0,1,1,0.0
hhmJ,0,1,1,0.0
hhmL,3,0,3,1.0
hhmM,3,1,4,0.75
hhmN,4,2,6,0.67
hhmP,7,3,10,0.7
hhmS,2,2,4,0.5
hhmb,3,5,8,0.38
hhml,0,1,1,0.0
hhmm,4,0,4,1.0
hhmn,3,2,5,0.6
hhms,1,3,4,0.25
hhnB,2,2,4,0.5
hhnD,1,0,1,1.0
hhnH,1,0,1,1.0
hhnK,0,1,1,0.0
hhnL,0,2,2,0.0
hhnM,5,7,12,0.42
hhnN,2,3,5,0.4
hhnP,8,4,12,0.67
hhnS,2,5,7,0.29
hhnb,5,2,7,0.71
hhnh,1,1,2,0.5
hhnl,2,1,3,0.67
hhnm,3,2,5,0.6
hhnn,6,5,11,0.55
hhns,4,3,7,0.57
hhsB,1,1,2,0.5
hhsD,1,0,1,1.0
hhsH,2,4,6,0.33
hhsL,3,0,3,1.0
hhsM,1,3,4,0.25
hhsN,4,1,5,0.8
hhsP,1,7,8,0.12
hhsS,2,3,5,0.4
hhsb,2,3,5,0.4
hhsl,3,0,3,1.0
hhsm,4,3,7,0.57
hhsn,5,4,9,0.56
hhss,1,5,6,0.17
hhtM,0,1,1,0.0
hhtN,1,0,1,1.0
hhtP,1,1,2,0.5
hlBB,0,2,2,0.0
hlBD,1,0,1,1.0
hlBL,1,0,1,1.0
hlBM,0,2,2,0.0
hlBN,1,0,1,1.0
hlBP,0,1,1,0.0
hlBS,2,1,3,0.67
hlBb,4,3,7,0.57
hlBj,1,0,1,1.0
hlBl,2,1,3,0.67
hlBm,1,1,2,0.5
hlBn,2,1,3,0.67
hlDN,0,1,1,0.0
hlDt,0,1,1,0.0
hlHB,1,1,2,0.5
hlHK,0,1,1,0.0
hlHL,0,0,0,
hlHM,1,4,5,0.2
hlHN,0,4,4,0.0
hlHP,1,1,2,0.5
hlHS,2,0,2,1.0
hlHb,1,1,2,0.5
hlHl,0,1,1,0.0
hlHm,0,1,1,0.0
hlHn,2,3,5,0.4
hlHs,1,0,1,1.0
hlHt,1,0,1,1.0
hlIM,0,0,0,
hlIn,1,0,1,1.0
hlJB,1,0,1,1.0
hlJH,0,1,1,0.0
hlJI,0,0,0,
hlJK,0,1,1,0.0
hlJM,1,0,1,1.0
hlJP,0,3,3,0.0
hlJb,0,1,1,0.0
hlJh,1,0,1,1.0
hlJl,1,0,1,1.0
hlJs,0,1,1,0.0
hlKP,0,1,1,0.0
hlKS,0,1,1,0.0
hlKl,1,0,1,1.0
hlKm,1,1,2,0.5
hlKn,0,0,0,
hlLD,1,0,1,1.0
hlLM,0,1,1,0.0
hlLN,2,1,3,0.67
hlLS,0,2,2,0.0
hlLb,0,2,2,0.0
hlLh,0,2,2,0.0
hlLl,0,0,0,
hlLm,0,1,1,0.0
hlLn,4,0,4,1.0
hlLs,0,0,0,
hlLt,1,0,1,1.0
hlMB,2,1,3,0.67
hlMK,1,0,1,1.0
hlML,1,1,2,0.5
hlMM,2,3,5,0.4
hlMN,2,2,4,0.5
hlMP,2,4,6,0.33
hlMS,0,1,1,0.0
hlMb,3,0,3,1.0
hlMh,1,4,5,0.2
hlMj,0,1,1,0.0
hlMl,1,1,2,0.5
hlMm,3,2,5,0.6
hlMn,6,2,8,0.75
hlMs,1,2,3,0.33
hlMt,1,1,2,0.5
hlNB,1,0,1,1.0
hlND,1,0,1,1.0
hlNH,0,2,2,0.0
hlNK,1,1,2,0.5
hlNL,1,0,1,1.0
hlNM,1,1,2,0.5
hlNN,4,4,8,0.5
hlNP,1,3,4,0.25
hlNS,0,3,3,0.0
hlNb,3,4,7,0.43
hlNh,0,2,2,0.0
hlNl,1,4,5,0.2
hlNm,3,2,5,0.6
hlNn,3,3,6,0.5
hlNs,3,2,5,0.6
hlPB,2,2,4,0.5
hlPK,0,1,1,0.0
hlPL,3,0,3,1.0
hlPM,2,4,6,0.33
hlPN,5,2,7,0.71
hlPP,3,6,9,0.33
hlPS,2,2,4,0.5
hlPb,3,2,5,0.6
hlPl,1,4,5,0.2
hlPm,4,1,5,0.8
hlPn,4,2,6,0.67
hlPs,4,2,6,0.67
hlPt,0,0,0,
hlSB,2,1,3,0.67
hlSK,0,1,1,0.0
hlSL,1,3,4,0.25
hlSM,1,1,2,0.5
hlSN,1,3,4,0.25
hlSP,3,3,6,0.5
hlSS,1,2,3,0.33
hlSb,1,0,1,1.0
hlSh,1,2,3,0.33
hlSl,0,3,3,0.0
hlSn,3,2,5,0.6
hlSs,3,1,4,0.75
hlSt,1,0,1,1.0
hlbH,0,2,2,0.0
hlbI,1,0,1,1.0
hlbJ,2,0,2,1.0
hlbK,2,0,2,1.0
hlbL,2,1,3,0.67
hlbM,1,3,4,0.25
hlbN,1,1,2,0.5
hlbP,3,2,5,0.6
hlbS,0,3,3,0.0
hlbb,6,2,8,0.75
hlbl,1,0,1,1.0
hlbm,4,0,4,1.0
hlbn,1,4,5,0.2
hlbs,1,1,2,0.5
hllB,3,1,4,0.75
hllH,0,2,2,0.0
hllL,1,1,2,0.5
hllM,1,1,2,0.5
hllN,7,5,12,0.58
hllP,0,3,3,0.0
hllS,2,0,2,1.0
hllb,1,2,3,0.33
hlll,0,1,1,0.0
hllm,1,0,1,1.0
hlln,1,2,3,0.33
hlmB,0,1,1,0.0
hlmH,2,0,2,1.0
hlmL,0,1,1,0.0
hlmM,2,1,3,0.67
hlmN,3,6,9,0.33
hlmP,2,1,3,0.67
hlmS,0,1,1,0.0
hlmb,2,1,3,0.67
hlml,1,0,1,1.0
hlmm,1,0,1,1.0
hlmn,1,3,4,0.25
hlms,2,1,3,0.67
hlnB,1,0,1,1.0
hlnD,1,0,1,1.0
hlnH,0,0,0,
hlnL,0,2,2,0.0
hlnM,2,5,7,0.29
hlnN,1,2,3,0.33
hlnP,2,4,6,0.33
hlnS,0,1,1,0.0
hlnb,1,3,4,0.25
hlnl,1,1,2,0.5
hlnm,2,0,2,1.0
hlnn,1,0,1,1.0
hlns,1,0,1,1.0
hlsB,1,0,1,1.0
hlsH,2,2,4,0.5
hlsI,0,1,1,0.0
hlsL,0,1,1,0.0
hlsM,1,1,2,0.5
hlsN,2,1,3,0.67
hlsP,4,0,4,1.0
hlsS,2,0,2,1.0
hlsb,4,2,6,0.67
hlsm,1,1,2,0.5
hlsn,0,1,1,0.0
hlss,0,0,0,
hmBL,0,1,1,0.0
hmBM,0,2,2,0.0
hmBN,3,2,5,0.6
hmBP,0,2,2,0.0
hmBS,2,0,2,1.0
hmBb,2,4,6,0.33
hmBh,0,1,1,0.0
hmBj,1,1,2,0.5
hmBm,2,0,2,1.0
hmBn,3,1,4,0.75
hmBs,0,2,2,0.0
hmDH,0,1,1,0.0
hmDK,0,0,0,
hmDP,0,1,1,0.0
hmDm,1,0,1,1.0
hmHB,0,4,4,0.0
hmHD,0,1,1,0.0
hmHL,2,2,4,0.5
hmHM,2,1,3,0.67
hmHN,1,0,1,1.0
hmHP,4,3,7,0.57
hmHS,2,2,4,0.5
hmHb,5,1,6,0.83
hmHh,0,1,1,0.0
hmHl,0,3,3,0.0
hmHm,1,3,4,0.25
hmHn,4,1,5,0.8
hmHs,1,4,5,0.2
hmIn,0,1,1,0.0
hmJB,1,1,2,0.5
hmJL,0,1,1,0.0
hmJM,0,1,1,0.0
hmJN,1,0,1,1.0
hmJP,1,0,1,1.0
hmJS,0,1,1,0.0
hmJb,0,1,1,0.0
hmJm,0,1,1,0.0
hmJn,1,0,1,1.0
hmJs,0,1,1,0.0
hmKs,1,0,1,1.0
hmLB,0,0,0,
hmLM,3,1,4,0.75
hmLN,2,1,3,0.67
hmLP,3,2,5,0.6
hmLS,1,1,2,0.5
hmLb,1,1,2,0.5
hmLh,1,0,1,1.0
hmLj,1,1,2,0.5
hmLm,1,1,2,0.5
hmLn,1,3,4,0.25
hmLs,1,0,1,1.0
hmLt,1,0,1,1.0
hmMB,2,0,2,1.0
hmML,2,2,4,0.5
hmMM,3,4,7,0.43
hmMN,4,4,8,0.5
hmMP,3,1,4,0.75
hmMS,1,2,3,0.33
hmMb,4,4,8,0.5
hmMh,1,1,2,0.5
hmMj,1,1,2,0.5
hmMl,1,2,3,0.33
hmMm,1,1,2,0.5
hmMn,4,5,9,0.44
hmMs,1,1,2,0.5
hmMt,1,0,1,1.0
hmNB,2,2,4,0.5
hmNL,2,3,5,0.4
hmNM,2,3,5,0.4
hmNN,7,6,13,0.54
hmNP,4,7,11,0.36
hmNS,1,1,2,0.5
hmNb,4,5,9,0.44
hmNh,0,0,0,
hmNl,2,0,2,1.0
hmNm,4,3,7,0.57
hmNn,3,2,5,0.6
hmNs,2,2,4,0.5
hmNt,0,0,0,
hmPB,1,5,6,0.17
hmPH,2,1,3,0.67
hmPL,2,2,4,0.5
hmPM,6,2,8,0.75
hmPN,5,4,9,0.56
hmPP,7,7,14,0.5
hmPS,0,2,2,0.0
hmPb,3,2,5,0.6
hmPl,1,1,2,0.5
hmPm,6,0,6,1.0
hmPn,6,3,9,0.67
hmPs,2,0,2,1.0
hmSB,1,1,2,0.5
hmSM,6,2,8,0.75
hmSN,0,2,2,0.0
hmSP,2,4,6,0.33
hmSS,3,1,4,0.75
hmSb,2,5,7,0.29
hmSh,0,1,1,0.0
hmSl,1,1,2,0.5
hmSm,1,1,2,0.5
hmSn,4,2,6,0.67
hmSs,5,0,5,1.0
hmSt,2,0,2,1.0
hmbB,3,1,4,0.75
hmbH,1,2,3,0.33
hmbI,0,1,1,0.0
hmbJ,0,1,1,0.0
hmbL,1,0,1,1.0
hmbM,1,4,5,0.2
hmbN,3,4,7,0.43
hmbP,3,4,7,0.43
hmbS,3,2,5,0.6
hmbb,3,5,8,0.38
hmbl,4,2,6,0.67
hmbm,2,2,4,0.5
hmbn,2,5,7,0.29
hmbs,0,2,2,0.0
hmlB,1,1,2,0.5
hmlH,0,1,1,0.0
hmlJ,1,0,1,1.0
hmlL,1,0,1,1.0
hmlM,0,0,0,
hmlN,1,2,3,0.33
hmlP,1,2,3,0.33
hmlS,0,3,3,0.0
hmlb,1,1,2,0.5
hmll,0,1,1,0.0
hmmB,3,2,5,0.6
hmmH,3,1,4,0.75
hmmJ,1,1,2,0.5
hmmK,0,1,1,0.0
hmmL,2,1,3,0.67
hmmM,2,2,4,0.5
hmmN,0,5,5,0.0
hmmP,6,1,7,0.86
hmmS,0,3,3,0.0
hmmb,2,2,4,0.5
hmmn,0,2,2,0.0
hmms,2,0,2,1.0
hmnB,2,3,5,0.4
hmnH,2,1,3,0.67
hmnI,0,1,1,0.0
hmnM,5,1,6,0.83
hmnN,2,3,5,0.4
hmnP,2,4,6,0.33
hmnS,1,2,3,0.33
hmnb,4,2,6,0.67
hmnl,0,1,1,0.0
hmnm,2,0,2,1.0
hmnn,4,4,8,0.5
hmns,1,0,1,1.0
hmsH,0,2,2,0.0
hmsL,1,1,2,0.5
hmsM,1,1,2,0.5
hmsN,1,1,2,0.5
hmsP,1,1,2,0.5
hmsS,0,1,1,0.0
hmsb,2,0,2,1.0
hmsl,2,0,2,1.0
hmsm,2,1,3,0.67
hmsn,4,2,6,0.67
hmss,2,1,3,0.67
hnBB,3,0,3,1.0
hnBH,0,1,1,0.0
hnBL,1,1,2,0.5
hnBM,1,3,4,0.25
hnBN,2,3,5,0.4
hnBP,3,3,6,0.5
hnBS,1,0,1,1.0
hnBb,4,0,4,1.0
hnBh,0,0,0,
hnBj,0,1,1,0.0
hnBm,8,3,11,0.73
hnBn,1,2,3,0.33
hnBs,0,0,0,
hnBt,0,1,1,0.0
hnDL,0,1,1,0.0
hnDM,1,0,1,1.0
hnDP,2,0,2,1.0
hnDm,0,0,0,
hnHB,1,0,1,1.0
hnHH,1,0,1,1.0
hnHI,0,1,1,0.0
hnHK,0,1,1,0.0
hnHL,1,0,1,1.0
hnHM,2,4,6,0.33
hnHN,2,1,3,0.67
hnHP,3,5,8,0.38
hnHS,4,4,8,0.5
hnHb,0,2,2,0.0
hnHh,0,3,3,0.0
hnHl,1,0,1,1.0
hnHm,2,2,4,0.5
hnHn,2,0,2,1.0
hnHs,2,3,5,0.4
hnIB,1,0,1,1.0
hnIH,1,0,1,1.0
hnIM,1,0,1,1.0
hnIP,2,0,2,1.0
hnIb,0,0,0,
hnIm,0,1,1,0.0
hnIn,0,2,2,0.0
hnIs,1,0,1,1.0
hnKH,0,2,2,0.0
hnKI,0,0,0,
hnKM,0,1,1,0.0
hnKN,0,2,2,0.0
hnKP,0,1,1,0.0
hnKS,2,0,2,1.0
hnKh,0,0,0,
hnKl,1,0,1,1.0
hnKm,1,2,3,0.33
hnKn,1,1,2,0.5
hnKs,1,1,2,0.5
hnLB,1,4,5,0.2
hnLL,1,0,1,1.0
hnLM,3,2,5,0.6
hnLN,2,0,2,1.0
hnLP,4,3,7,0.57
hnLS,3,0,3,1.0
hnLb,1,3,4,0.25
hnLh,0,1,1,0.0
hnLj,1,2,3,0.33
hnLl,0,0,0,
hnLm,1,0,1,1.0
hnLn,2,1,3,0.67
hnLt,1,1,2,0.5
hnMB,2,1,3,0.67
hnML,0,3,3,0.0
hnMM,8,4,12,0.67
hnMN,2,7,9,0.22
hnMP,4,3,7,0.57
hnMS,3,3,6,0.5
hnMb,7,5,12,0.58
hnMh,4,6,10,0.4
hnMj,1,2,3,0.33
hnMl,5,4,9,0.56
hnMm,2,5,7,0.29
hnMn,3,8,11,0.27
hnMs,5,5,10,0.5
hnMt,2,2,4,0.5
hnNB,3,2,5,0.6
hnND,0,2,2,0.0
hnNH,1,1,2,0.5
hnNK,0,0,0,
hnNL,2,3,5,0.4
hnNM,8,8,16,0.5
hnNN,5,4,9,0.56
hnNP,14,7,21,0.67
hnNS,2,4,6,0.33
hnNb,4,3,7,0.57
hnNh,1,3,4,0.25
hnNl,2,0,2,1.0
hnNm,8,6,14,0.57
hnNn,5,5,10,0.5
hnNs,1,6,7,0.14
hnNt,1,1,2,0.5
hnPB,2,5,7,0.29
hnPH,5,2,7,0.71
hnPI,1,1,2,0.5
hnPK,2,0,2,1.0
hnPL,2,4,6,0.33
hnPM,8,10,18,0.44
hnPN,8,9,17,0.47
hnPP,16,11,27,0.59
hnPS,4,5,9,0.44
hnPb,5,4,9,0.56
hnPh,1,1,2,0.5
hnPl,2,2,4,0.5
hnPm,6,4,10,0.6
hnPn,7,9,16,0.44
hnPs,7,2,9,0.78
hnPt,0,0,0,
hnSB,1,3,4,0.25
hnSH,5,4,9,0.56
hnSL,0,2,2,0.0
hnSM,5,2,7,0.71
hnSN,4,2,6,0.67
hnSP,8,9,17,0.47
hnSS,5,2,7,0.71
hnSb,1,6,7,0.14
hnSh,5,3,8,0.62
hnSl,4,0,4,1.0
hnSm,5,2,7,0.71
hnSn,8,3,11,0.73
hnSs,6,4,10,0.6
hnSt,1,0,1,1.0
hnbB,5,4,9,0.56
hnbD,2,1,3,0.67
hnbH,3,2,5,0.6
hnbI,0,1,1,0.0
hnbL,1,2,3,0.33
hnbM,4,12,16,0.25
hnbN,3,6,9,0.33
hnbP,3,9,12,0.25
hnbS,2,4,6,0.33
hnbb,8,4,12,0.67
hnbl,3,3,6,0.5
hnbm,1,1,2,0.5
hnbn,3,4,7,0.43
hnbs,5,2,7,0.71
hnhB,2,0,2,1.0
hnhM,0,0,0,
hnhP,0,1,1,0.0
hnhS,1,0,1,1.0
hnhl,1,0,1,1.0
hnhn,1,0,1,1.0
hnlB,1,2,3,0.33
hnlH,1,2,3,0.33
hnlJ,1,1,2,0.5
hnlK,0,1,1,0.0
hnlM,2,1,3,0.67
hnlN,1,2,3,0.33
hnlP,7,3,10,0.7
hnlS,2,0,2,1.0
hnlb,0,0,0,
hnll,0,1,1,0.0
hnlm,2,1,3,0.67
hnln,2,1,3,0.67
hnls,2,2,4,0.5
hnmB,0,2,2,0.0
hnmD,1,0,1,1.0
hnmH,0,1,1,0.0
hnmI,0,0,0,
hnmJ,1,0,1,1.0
hnmL,3,2,5,0.6
hnmM,3,2,5,0.6
hnmN,3,8,11,0.27
hnmP,4,5,9,0.44
hnmS,2,2,4,0.5
hnmb,5,3,8,0.62
hnml,1,1,2,0.5
hnmm,1,2,3,0.33
hnmn,4,3,7,0.57
hnnB,1,3,4,0.25
hnnH,4,2,6,0.67
hnnI,1,0,1,1.0
hnnK,0,2,2,0.0
hnnL,5,1,6,0.83
hnnM,6,2,8,0.75
hnnN,4,4,8,0.5
hnnP,7,9,16,0.44
hnnS,1,7,8,0.12
hnnb,6,9,15,0.4
hnnh,1,1,2,0.5
hnnl,0,2,2,0.0
hnnm,0,1,1,0.0
hnnn,7,9,16,0.44
hnns,2,0,2,1.0
hnsB,1,3,4,0.25
hnsD,0,1,1,0.0
hnsH,1,4,5,0.2
hnsL,2,1,3,0.67
hnsM,1,2,3,0.33
hnsN,2,4,6,0.33
hnsP,7,1,8,0.88
hnsS,1,3,4,0.25
hnsb,7,4,11,0.64
hnsl,3,0,3,1.0
hnsm,1,1,2,0.5
hnsn,7,2,9,0.78
hnss,2,2,4,0.5
hsBB,2,1,3,0.67
hsBL,1,0,1,1.0
hsBM,0,4,4,0.0
hsBN,1,2,3,0.33
hsBP,5,1,6,0.83
hsBb,5,2,7,0.71
hsBj,0,1,1,0.0
hsBl,1,3,4,0.25
hsBm,1,0,1,1.0
hsBn,1,0,1,1.0
hsBs,1,1,2,0.5
hsBt,1,0,1,1.0
hsDD,1,0,1,1.0
hsDH,0,1,1,0.0
hsDM,1,0,1,1.0
hsDN,1,0,1,1.0
hsDP,0,1,1,0.0
hsDS,0,2,2,0.0
hsDm,1,0,1,1.0
hsDt,0,0,0,
hsHB,2,3,5,0.4
hsHH,2,1,3,0.67
hsHL,0,2,2,0.0
hsHM,1,5,6,0.17
hsHN,2,4,6,0.33
hsHP,1,3,4,0.25
hsHS,2,3,5,0.4
hsHb,2,1,3,0.67
hsHh,0,3,3,0.0
hsHl,3,3,6,0.5
hsHm,5,1,6,0.83
hsHn,8,6,14,0.57
hsHs,2,3,5,0.4
hsHt,0,0,0,
hsIB,1,0,1,1.0
hsIM,0,2,2,0.0
hsIP,0,1,1,0.0
hsIS,1,1,2,0.5
hsIs,0,2,2,0.0
hsKb,0,1,1,0.0
hsKn,1,0,1,1.0
hsLB,1,1,2,0.5
hsLN,1,1,2,0.5
hsLP,0,0,0,
hsLS,1,0,1,1.0
hsLb,2,1,3,0.67
hsLh,0,1,1,0.0
hsLj,1,0,1,1.0
hsLl,0,1,1,0.0
hsLm,2,0,2,1.0
hsLn,1,3,4,0.25
hsLs,1,1,2,0.5
hsLt,1,0,1,1.0
hsMB,0,3,3,0.0
hsML,1,1,2,0.5
hsMM,3,4,7,0.43
hsMN,4,1,5,0.8
hsMP,3,1,4,0.75
hsMS,1,0,1,1.0
hsMb,5,2,7,0.71
hsMh,4,4,8,0.5
hsMj,3,0,3,1.0
hsMl,1,1,2,0.5
hsMm,1,6,7,0.14
hsMn,3,4,7,0.43
hsMs,1,1,2,0.5
hsMt,1,0,1,1.0
hsNB,0,2,2,0.0
hsNH,1,0,1,1.0
hsNK,1,0,1,1.0
hsNL,2,4,6,0.33
hsNM,2,1,3,0.67
hsNN,4,4,8,0.5
hsNP,4,7,11,0.36
hsNS,0,3,3,0.0
hsNb,1,2,3,0.33
hsNh,0,3,3,0.0
hsNl,0,2,2,0.0
hsNm,3,1,4,0.75
hsNn,6,1,7,0.86
hsNs,2,3,5,0.4
hsNt,1,1,2,0.5
hsPB,1,2,3,0.33
hsPH,2,2,4,0.5
hsPI,1,1,2,0.5
hsPL,1,0,1,1.0
hsPM,3,6,9,0.33
hsPN,5,4,9,0.56
hsPP,8,7,15,0.53
hsPS,5,5,10,0.5
hsPb,4,6,10,0.4
hsPh,1,0,1,1.0
hsPl,1,2,3,0.33
hsPm,3,2,5,0.6
hsPn,5,4,9,0.56
hsPs,2,5,7,0.29
hsPt,0,1,1,0.0
hsSB,2,1,3,0.67
hsSD,1,0,1,1.0
hsSH,1,1,2,0.5
hsSK,0,1,1,0.0
hsSL,2,0,2,1.0
hsSM,4,4,8,0.5
hsSN,3,2,5,0.6
hsSP,5,5,10,0.5
hsSS,5,6,11,0.45
hsSb,2,4,6,0.33
hsSh,1,2,3,0.33
hsSl,4,2,6,0.67
hsSm,5,2,7,0.71
hsSn,4,5,9,0.44
hsSs,6,3,9,0.67
hsSt,0,1,1,0.0
hsbB,0,2,2,0.0
hsbH,2,1,3,0.67
hsbJ,0,0,0,
hsbK,1,0,1,1.0
hsbL,0,1,1,0.0
hsbM,1,3,4,0.25
hsbN,5,5,10,0.5
hsbP,1,3,4,0.25
hsbS,2,0,2,1.0
hsbb,5,2,7,0.71
hsbl,1,1,2,0.5
hsbm,6,2,8,0.75
hsbn,5,2,7,0.71
hsbs,0,1,1,0.0
hshP,1,0,1,1.0
hshb,0,1,1,0.0
hshs,1,0,1,1.0
hslB,0,0,0,
hslH,3,2,5,0.6
hslJ,1,0,1,1.0
hslL,1,1,2,0.5
hslM,3,3,6,0.5
hslN,0,2,2,0.0
hslP,1,0,1,1.0
hslS,2,0,2,1.0
hslb,4,3,7,0.57
hsll,1,1,2,0.5
hsln,0,1,1,0.0
hsls,1,0,1,1.0
hsmB,2,1,3,0.67
hsmD,1,0,1,1.0
hsmH,0,3,3,0.0
hsmJ,1,1,2,0.5
hsmL,2,1,3,0.67
hsmM,2,2,4,0.5
hsmN,9,5,14,0.64
hsmP,3,4,7,0.43
hsmS,1,5,6,0.17
hsmb,4,4,8,0.5
hsml,0,2,2,0.0
hsmm,0,1,1,0.0
hsmn,2,1,3,0.67
hsms,2,2,4,0.5
hsnB,0,2,2,0.0
hsnH,0,3,3,0.0
hsnM,4,4,8,0.5
hsnN,3,2,5,0.6
hsnP,4,4,8,0.5
hsnS,2,6,8,0.25
hsnb,3,4,7,0.43
hsnl,1,1,2,0.5
hsnn,1,2,3,0.33
hsns,5,4,9,0.56
hsnt,0,1,1,0.0
hssB,1,1,2,0.5
hssD,0,1,1,0.0
hssH,2,2,4,0.5
hssI,1,0,1,1.0
hssL,0,2,2,0.0
hssM,4,4,8,0.5
hssN,1,4,5,0.2
hssP,3,3,6,0.5
hssS,4,2,6,0.67
hssb,2,3,5,0.4
hssl,2,1,3,0.67
hssm,2,2,4,0.5
hssn,3,1,4,0.75
hsss,1,5,6,0.17
htBb,1,0,1,1.0
htBj,1,1,2,0.5
htBm,0,1,1,0.0
htHM,1,0,1,1.0
htHP,0,1,1,0.0
htHn,1,0,1,1.0
htKS,0,1,1,0.0
htKs,0,0,0,
htLL,1,0,1,1.0
htLN,0,0,0,
htLb,1,0,1,1.0
htLh,1,0,1,1.0
htMN,1,1,2,0.5
htMP,0,2,2,0.0
htMl,0,1,1,0.0
htMm,0,0,0,
htMn,0,1,1,0.0
htNP,1,0,1,1.0
htNS,1,0,1,1.0
htNb,0,1,1,0.0
htNh,1,1,2,0.5
htNl,0,0,0,
htNm,1,1,2,0.5
htNn,1,1,2,0.5
htNs,1,0,1,1.0
htPB,0,2,2,0.0
htPL,0,1,1,0.0
htPM,1,1,2,0.5
htPN,1,0,1,1.0
htPP,3,0,3,1.0
htPb,1,1,2,0.5
htPl,2,0,2,1.0
htPm,0,1,1,0.0
htPn,0,1,1,0.0
htPs,2,0,2,1.0
htSB,1,0,1,1.0
htSH,0,1,1,0.0
htSM,1,0,1,1.0
htSP,0,1,1,0.0
htSS,0,1,1,0.0
htSb,0,1,1,0.0
htSh,0,0,0,
htSm,1,1,2,0.5
htbB,1,0,1,1.0
htbM,0,1,1,0.0
htbN,1,0,1,1.0
htbP,0,1,1,0.0
htbm,1,0,1,1.0
htbn,0,0,0,
htlH,0,0,0,
htlN,0,1,1,0.0
htlP,0,0,0,
htlb,0,1,1,0.0
htmM,0,1,1,0.0
htmN,1,0,1,1.0
htmS,0,0,0,
htmb,1,0,1,1.0
htmm,0,1,1,0.0
htms,1,0,1,1.0
htnM,1,0,1,1.0
htnP,2,1,3,0.67
htns,0,1,1,0.0
htsH,1,0,1,1.0
htsN,0,0,0,
htsP,0,0,0,
htsb,1,0,1,1.0
htsn,1,0,1,1.0
httM,0,1,1,0.0
httm,0,1,1,0.0
jBBB,0,1,1,0.0
jBBM,0,2,2,0.0
jBBN,0,1,1,0.0
jBBS,1,0,1,1.0
jBBb,0,1,1,0.0
jBBj,1,1,2,0.5
jBBm,2,0,2,1.0
jBKl,0,1,1,0.0
jBLB,1,0,1,1.0
jBLD,1,0,1,1.0
jBLN,0,1,1,0.0
jBLP,0,1,1,0.0
jBLl,0,1,1,0.0
jBLn,0,1,1,0.0
jBML,1,0,1,1.0
jBMM,1,1,2,0.5
jBMN,0,1,1,0.0
jBMP,1,1,2,0.5
jBMb,1,1,2,0.5
jBMj,0,1,1,0.0
jBMm,4,0,4,1.0
jBMn,2,0,2,1.0
jBNB,1,0,1,1.0
jBNH,1,0,1,1.0
jBNM,1,1,2,0.5
jBNN,1,1,2,0.5
jBNP,0,1,1,0.0
jBNb,3,1,4,0.75
jBNh,1,0,1,1.0
jBNl,0,1,1,0.0
jBNm,1,0,1,1.0
jBNn,1,0,1,1.0
jBNt,0,1,1,0.0
jBPH,1,0,1,1.0
jBPL,0,1,1,0.0
jBPN,0,1,1,0.0
jBPP,0,1,1,0.0
jBPS,0,1,1,0.0
jBPb,0,1,1,0.0
jBPl,1,1,2,0.5
jBPn,2,0,2,1.0
jBPs,1,0,1,1.0
jBPt,1,0,1,1.0
jBSN,0,1,1,0.0
jBSP,0,1,1,0.0
jBSS,0,1,1,0.0
jBSh,2,0,2,1.0
jBSl,0,0,0,
jBSn,1,0,1,1.0
jBSs,2,0,2,1.0
jBSt,1,0,1,1.0
jBbI,0,1,1,0.0
jBbN,1,0,1,1.0
jBbP,1,1,2,0.5
jBbb,1,2,3,0.33
jBbl,0,1,1,0.0
jBbm,1,1,2,0.5
jBbn,2,0,2,1.0
jBhP,1,0,1,1.0
jBhl,0,1,1,0.0
jBhn,1,0,1,1.0
jBhs,1,1,2,0.5
jBjB,0,1,1,0.0
jBjL,1,1,2,0.5
jBlH,1,0,1,1.0
jBlJ,1,0,1,1.0
jBlL,0,0,0,
jBlM,1,0,1,1.0
jBlN,0,1,1,0.0
jBlb,0,1,1,0.0
jBmL,1,0,1,1.0
jBmM,0,0,0,
jBmP,0,2,2,0.0
jBmS,1,0,1,1.0
jBmb,1,1,2,0.5
jBmm,0,1,1,0.0
jBmn,1,1,2,0.5
jBms,0,1,1,0.0
jBnH,0,1,1,0.0
jBnL,1,0,1,1.0
jBnM,0,1,1,0.0
jBnN,1,2,3,0.33
jBnP,1,3,4,0.25
jBnS,2,1,3,0.67
jBnb,2,1,3,0.67
jBnl,1,0,1,1.0
jBnn,0,1,1,0.0
jBsL,0,1,1,0.0
jBsM,0,1,1,0.0
jBsN,0,1,1,0.0
jBsP,1,1,2,0.5
jBsl,0,0,0,
jBsn,1,0,1,1.0
jBss,0,0,0,
jBtD,0,1,1,0.0
jBtP,1,0,1,1.0
jDHP,1,0,1,1.0
jDHl,1,0,1,1.0
jDMP,0,1,1,0.0
jDMh,1,0,1,1.0
jDPL,1,0,1,1.0
jDPP,1,0,1,1.0
jDSP,0,1,1,0.0
jDbN,0,1,1,0.0
jDbb,1,0,1,1.0
jHBL,0,1,1,0.0
jHBb,1,0,1,1.0
jHHH,1,0,1,1.0
jHHI,0,0,0,
jHIs,0,1,1,0.0
jHLb,0,1,1,0.0
jHLs,1,0,1,1.0
jHMB,1,0,1,1.0
jHMN,1,0,1,1.0
jHMm,1,0,1,1.0
jHMn,1,0,1,1.0
jHNL,0,1,1,0.0
jHNM,0,1,1,0.0
jHNP,0,1,1,0.0
jHNS,0,1,1,0.0
jHNl,0,1,1,0.0
jHNm,1,0,1,1.0
jHNn,1,0,1,1.0
jHNs,0,1,1,0.0
jHNt,0,0,0,
jHPH,0,1,1,0.0
jHPL,1,0,1,1.0
jHPM,0,0,0,
jHPP,0,2,2,0.0
jHPb,0,0,0,
jHPh,0,1,1,0.0
jHPl,0,2,2,0.0
jHPs,1,0,1,1.0
jHSN,1,0,1,1.0
jHSS,1,0,1,1.0
jHSm,0,1,1,0.0
jHSs,1,0,1,1.0
jHbB,0,1,1,0.0
jHbJ,1,0,1,1.0
jHbN,0,1,1,0.0
jHbP,2,0,2,1.0
jHbm,1,1,2,0.5
jHhS,1,1,2,0.5
jHlP,1,0,1,1.0
jHlS,1,0,1,1.0
jHlb,2,0,2,1.0
jHmM,0,1,1,0.0
jHmP,2,1,3,0.67
jHmm,0,1,1,0.0
jHnM,0,1,1,0.0
jHnS,0,2,2,0.0
jHnb,0,0,0,
jHns,0,0,0,
jHsH,0,0,0,
jHsN,0,1,1,0.0
jHsP,1,0,1,1.0
jHsl,0,1,1,0.0
jHtn,1,0,1,1.0
jIHh,0,1,1,0.0
jIML,1,0,1,1.0
jIMM,1,0,1,1.0
jIMb,1,0,1,1.0
jIPN,1,0,1,1.0
jIPh,0,0,0,
jIPn,0,0,0,
jIPs,0,1,1,0.0
jISH,0,0,0,
jIbM,0,1,1,0.0
jIbP,0,0,0,
jIbb,0,1,1,0.0
jIbm,0,1,1,0.0
jIbn,1,0,1,1.0
jIlM,1,0,1,1.0
jKBS,1,0,1,1.0
jKLn,1,0,1,1.0
jKMP,1,0,1,1.0
jKMm,0,1,1,0.0
jKNl,0,1,1,0.0
jKPS,0,1,1,0.0
jKPb,1,1,2,0.5
jKSL,1,0,1,1.0
jKbH,0,1,1,0.0
jKbb,1,0,1,1.0
jKhM,1,1,2,0.5
jKhl,0,1,1,0.0
jKmm,1,1,2,0.5
jKnm,1,0,1,1.0
jLBL,1,0,1,1.0
jLBS,1,0,1,1.0
jLBh,0,1,1,0.0
jLBj,1,0,1,1.0
jLBn,0,1,1,0.0
jLBs,1,0,1,1.0
jLDL,1,0,1,1.0
jLKM,1,0,1,1.0
jLLM,0,1,1,0.0
jLLS,1,0,1,1.0
jLLh,0,0,0,
jLLn,1,0,1,1.0
jLML,1,0,1,1.0
jLMM,0,0,0,
jLMN,0,1,1,0.0
jLMP,0,1,1,0.0
jLMS,1,0,1,1.0
jLMh,0,1,1,0.0
jLMm,1,0,1,1.0
jLND,1,0,1,1.0
jLNH,0,0,0,
jLNP,1,0,1,1.0
jLNb,0,0,0,
jLNm,1,0,1,1.0
jLNt,0,1,1,0.0
jLPN,2,1,3,0.67
jLPP,0,1,1,0.0
jLPb,0,0,0,
jLPm,1,0,1,1.0
jLPn,0,1,1,0.0
jLPs,1,0,1,1.0
jLSB,1,0,1,1.0
jLSL,1,0,1,1.0
jLSM,0,1,1,0.0
jLSS,2,0,2,1.0
jLSn,0,1,1,0.0
jLSs,0,1,1,0.0
jLbB,0,1,1,0.0
jLbK,0,1,1,0.0
jLbM,1,1,2,0.5
jLbN,0,1,1,0.0
jLbP,2,2,4,0.5
jLbS,0,1,1,0.0
jLhP,1,1,2,0.5
jLhh,0,1,1,0.0
jLhn,0,1,1,0.0
jLjB,1,0,1,1.0
jLjL,1,0,1,1.0
jLjN,1,0,1,1.0
jLjP,0,2,2,0.0
jLjS,0,0,0,
jLlB,1,0,1,1.0
jLlM,1,0,1,1.0
jLlP,2,0,2,1.0
jLmN,0,1,1,0.0
jLmb,0,0,0,
jLmm,0,1,1,0.0
jLmn,0,1,1,0.0
jLms,0,1,1,0.0
jLnN,0,1,1,0.0
jLnP,1,3,4,0.25
jLnl,1,0,1,1.0
jLns,0,0,0,
jLsH,0,1,1,0.0
jLsM,1,0,1,1.0
jLsN,1,0,1,1.0
jLsP,1,1,2,0.5
jLsS,0,0,0,
jLsl,1,0,1,1.0
jLtS,1,0,1,1.0
jMBB,0,1,1,0.0
jMBL,0,1,1,0.0
jMBN,0,1,1,0.0
jMBP,1,0,1,1.0
jMBb,2,1,3,0.67
jMBl,1,0,1,1.0
jMBn,1,1,2,0.5
jMBs,1,0,1,1.0
jMBt,1,1,2,0.5
jMDP,1,0,1,1.0
jMLP,3,0,3,1.0
jMLl,0,0,0,
jMLn,2,0,2,1.0
jMLs,0,1,1,0.0
jMMB,1,0,1,1.0
jMML,1,0,1,1.0
jMMN,1,0,1,1.0
jMMP,0,1,1,0.0
jMMS,0,0,0,
jMMb,1,1,2,0.5
jMMh,0,2,2,0.0
jMMj,0,1,1,0.0
jMMl,0,0,0,
jMMm,1,0,1,1.0
jMMn,1,0,1,1.0
jMNB,1,2,3,0.33
jMNL,0,1,1,0.0
jMNM,3,0,3,1.0
jMNN,0,2,2,0.0
jMNP,2,2,4,0.5
jMNS,1,0,1,1.0
jMNb,2,0,2,1.0
jMNh,2,0,2,1.0
jMNm,1,0,1,1.0
jMNn,2,0,2,1.0
jMPB,2,0,2,1.0
jMPM,1,1,2,0.5
jMPN,1,0,1,1.0
jMPP,2,1,3,0.67
jMPS,1,0,1,1.0
jMPb,1,1,2,0.5
jMPm,1,1,2,0.5
jMPn,2,0,2,1.0
jMPs,1,1,2,0.5
jMSB,1,0,1,1.0
jMSM,0,1,1,0.0
jMSN,0,2,2,0.0
jMSP,0,1,1,0.0
jMSh,0,1,1,0.0
jMSl,1,0,1,1.0
jMSm,0,0,0,
jMSn,1,0,1,1.0
jMSt,1,0,1,1.0
jMbB,1,2,3,0.33
jMbI,0,0,0,
jMbL,1,0,1,1.0
jMbM,0,1,1,0.0
jMbN,0,3,3,0.0
jMbP,1,5,6,0.17
jMbb,1,1,2,0.5
jMbl,1,0,1,1.0
jMbm,0,2,2,0.0
jMbn,0,4,4,0.0
jMhL,0,1,1,0.0
jMhM,1,1,2,0.5
jMhN,1,0,1,1.0
jMhP,0,0,0,
jMhS,0,2,2,0.0
jMhb,0,1,1,0.0
jMhh,1,0,1,1.0
jMhn,2,1,3,0.67
jMhs,1,0,1,1.0
jMjN,1,2,3,0.33
jMjP,0,0,0,
jMjb,0,1,1,0.0
jMjl,0,1,1,0.0
jMjm,1,0,1,1.0
jMjs,1,0,1,1.0
jMlB,0,2,2,0.0
jMlH,1,0,1,1.0
jMlI,0,1,1,0.0
jMlL,1,0,1,1.0
jMlM,1,1,2,0.5
jMlN,1,0,1,1.0
jMlP,1,0,1,1.0
jMlb,0,1,1,0.0
jMlm,0,1,1,0.0
jMmH,1,0,1,1.0
jMmI,0,0,0,
jMmM,1,2,3,0.33
jMmN,0,1,1,0.0
jMmS,1,0,1,1.0
jMml,0,0,0,
jMmm,1,0,1,1.0
jMmn,0,0,0,
jMms,0,1,1,0.0
jMnB,1,0,1,1.0
jMnH,1,2,3,0.33
jMnI,1,0,1,1.0
jMnL,0,0,0,
jMnM,4,2,6,0.67
jMnN,1,1,2,0.5
jMnP,3,0,3,1.0
jMnb,0,1,1,0.0
jMnl,1,2,3,0.33
jMnm,2,2,4,0.5
jMnn,3,3,6,0.5
jMsB,1,1,2,0.5
jMsL,1,0,1,1.0
jMsM,0,1,1,0.0
jMsN,2,2,4,0.5
jMsP,0,1,1,0.0
jMsb,2,0,2,1.0
jMsl,2,1,3,0.67
jMsn,0,1,1,0.0
jMss,1,1,2,0.5
jMtB,0,0,0,
jMtN,1,0,1,1.0
jNBB,1,0,1,1.0
jNBN,0,0,0,
jNBP,1,1,2,0.5
jNBS,0,1,1,0.0
jNBj,1,0,1,1.0
jNBm,1,0,1,1.0
jNBn,2,0,2,1.0
jNDH,0,0,0,
jNDN,0,0,0,
jNDP,1,0,1,1.0
jNDm,0,0,0,
jNHs,1,0,1,1.0
jNLM,1,0,1,1.0
jNLN,0,1,1,0.0
jNLP,1,0,1,1.0
jNLb,0,1,1,0.0
jNLm,0,3,3,0.0
jNLn,0,1,1,0.0
jNLs,0,1,1,0.0
jNMB,1,1,2,0.5
jNML,0,1,1,0.0
jNMN,0,2,2,0.0
jNMS,0,1,1,0.0
jNMb,1,1,2,0.5
jNMh,0,1,1,0.0
jNMl,0,1,1,0.0
jNMm,0,1,1,0.0
jNMn,1,1,2,0.5
jNNL,1,0,1,1.0
jNNM,1,0,1,1.0
jNNN,2,1,3,0.67
jNNP,2,1,3,0.67
jNNb,3,1,4,0.75
jNNh,1,1,2,0.5
jNNm,0,0,0,
jNNn,1,0,1,1.0
jNPB,2,1,3,0.67
jNPH,1,0,1,1.0
jNPL,0,2,2,0.0
jNPM,3,0,3,1.0
jNPN,2,0,2,1.0
jNPP,2,3,5,0.4
jNPS,5,1,6,0.83
jNPb,1,1,2,0.5
jNPh,0,1,1,0.0
jNPl,2,2,4,0.5
jNPm,3,3,6,0.5
jNPn,0,1,1,0.0
jNPs,1,0,1,1.0
jNSB,0,1,1,0.0
jNSH,0,1,1,0.0
jNSL,0,1,1,0.0
jNSM,0,1,1,0.0
jNSN,1,0,1,1.0
jNSP,1,0,1,1.0
jNSb,4,1,5,0.8
jNSh,0,0,0,
jNSn,0,3,3,0.0
jNSs,0,1,1,0.0
jNbB,1,1,2,0.5
jNbK,0,0,0,
jNbL,0,1,1,0.0
jNbM,1,1,2,0.5
jNbN,0,1,1,0.0
jNbP,2,1,3,0.67
jNbS,0,0,0,
jNbb,2,0,2,1.0
jNbl,0,1,1,0.0
jNbn,0,2,2,0.0
jNbs,1,0,1,1.0
jNhH,0,1,1,0.0
jNhM,0,0,0,
jNhN,1,0,1,1.0
jNhP,0,2,2,0.0
jNhb,1,1,2,0.5
jNhh,1,1,2,0.5
jNhl,0,1,1,0.0
jNhn,1,1,2,0.5
jNhs,0,1,1,0.0
jNlB,0,1,1,0.0
jNlJ,0,1,1,0.0
jNlL,0,1,1,0.0
jNlP,1,1,2,0.5
jNlS,1,2,3,0.33
jNlb,1,0,1,1.0
jNll,0,1,1,0.0
jNls,0,1,1,0.0
jNmH,0,3,3,0.0
jNmJ,1,0,1,1.0
jNmN,0,2,2,0.0
jNmP,0,1,1,0.0
jNmb,2,1,3,0.67
jNmm,0,1,1,0.0
jNmn,1,1,2,0.5
jNnB,2,2,4,0.5
jNnH,2,0,2,1.0
jNnL,1,0,1,1.0
jNnM,2,2,4,0.5
jNnN,1,1,2,0.5
jNnP,3,3,6,0.5
jNnS,3,0,3,1.0
jNnb,0,2,2,0.0
jNnh,1,0,1,1.0
jNnl,0,0,0,
jNnm,3,0,3,1.0
jNnn,1,1,2,0.5
jNns,0,1,1,0.0
jNsD,0,1,1,0.0
jNsH,2,0,2,1.0
jNsP,1,1,2,0.5
jNsS,1,0,1,1.0
jNsb,1,0,1,1.0
jNsl,0,1,1,0.0
jNsm,0,0,0,
jNss,1,0,1,1.0
jNts,1,0,1,1.0
jPBB,1,0,1,1.0
jPBM,1,0,1,1.0
jPBN,0,1,1,0.0
jPBP,2,2,4,0.5
jPBb,1,0,1,1.0
jPBm,2,0,2,1.0
jPBn,1,0,1,1.0
jPBs,0,1,1,0.0
jPDB,0,1,1,0.0
jPDM,0,0,0,
jPHL,0,1,1,0.0
jPHM,1,1,2,0.5
jPHN,1,0,1,1.0
jPHP,0,0,0,
jPHl,0,1,1,0.0
jPHn,2,0,2,1.0
jPKN,1,0,1,1.0
jPKP,0,2,2,0.0
jPLB,1,1,2,0.5
jPLL,1,0,1,1.0
jPLM,1,1,2,0.5
jPLN,0,1,1,0.0
jPLP,1,1,2,0.5
jPLS,1,1,2,0.5
jPLb,2,1,3,0.67
jPLl,1,0,1,1.0
jPLm,1,0,1,1.0
jPMB,2,1,3,0.67
jPML,1,1,2,0.5
jPMM,1,0,1,1.0
jPMN,1,3,4,0.25
jPMP,1,1,2,0.5
jPMS,0,1,1,0.0
jPMb,3,0,3,1.0
jPMh,2,2,4,0.5
jPMl,1,1,2,0.5
jPMm,0,2,2,0.0
jPMn,2,0,2,1.0
jPMs,3,2,5,0.6
jPNB,2,0,2,1.0
jPNN,3,1,4,0.75
jPNP,5,1,6,0.83
jPNS,1,0,1,1.0
jPNb,1,1,2,0.5
jPNh,0,3,3,0.0
jPNl,1,0,1,1.0
jPNm,2,2,4,0.5
jPNn,3,1,4,0.75
jPPB,0,1,1,0.0
jPPH,1,0,1,1.0
jPPI,1,0,1,1.0
jPPL,1,1,2,0.5
jPPM,3,2,5,0.6
jPPN,2,2,4,0.5
jPPP,2,8,10,0.2
jPPS,3,0,3,1.0
jPPb,4,4,8,0.5
jPPl,0,1,1,0.0
jPPm,1,2,3,0.33
jPPn,3,1,4,0.75
jPPs,2,1,3,0.67
jPPt,0,0,0,
jPSH,0,0,0,
jPSM,3,2,5,0.6
jPSN,1,0,1,1.0
jPSP,0,3,3,0.0
jPSS,0,2,2,0.0
jPSb,0,0,0,
jPSl,1,1,2,0.5
jPSm,1,1,2,0.5
jPSn,2,1,3,0.67
jPSs,2,3,5,0.4
jPSt,2,0,2,1.0
jPbH,0,0,0,
jPbJ,1,0,1,1.0
jPbM,4,4,8,0.5
jPbN,2,2,4,0.5
jPbP,7,6,13,0.54
jPbb,1,1,2,0.5
jPbl,1,1,2,0.5
jPbm,1,3,4,0.25
jPbn,2,0,2,1.0
jPbs,1,0,1,1.0
jPhB,0,1,1,0.0
jPhM,1,0,1,1.0
jPhP,1,0,1,1.0
jPhb,0,1,1,0.0
jPhn,0,0,0,
jPhs,0,0,0,
jPlB,0,1,1,0.0
jPlH,0,1,1,0.0
jPlI,1,0,1,1.0
jPlK,1,0,1,1.0
jPlL,0,2,2,0.0
jPlM,1,0,1,1.0
jPlN,0,1,1,0.0
jPlP,3,2,5,0.6
jPlS,1,1,2,0.5
jPlb,2,2,4,0.5
jPln,0,1,1,0.0
jPls,2,1,3,0.67
jPmB,1,1,2,0.5
jPmH,1,3,4,0.25
jPmL,2,0,2,1.0
jPmM,1,2,3,0.33
jPmN,0,2,2,0.0
jPmP,0,1,1,0.0
jPmb,0,1,1,0.0
jPml,1,0,1,1.0
jPmm,2,0,2,1.0
jPmn,0,2,2,0.0
jPms,1,1,2,0.5
jPnB,0,0,0,
jPnD,0,1,1,0.0
jPnH,0,1,1,0.0
jPnM,1,3,4,0.25
jPnN,1,1,2,0.5
jPnP,3,2,5,0.6
jPnS,1,3,4,0.25
jPnb,2,0,2,1.0
jPnl,0,5,5,0.0
jPnm,0,2,2,0.0
jPnn,1,1,2,0.5
jPsK,0,1,1,0.0
jPsL,2,0,2,1.0
jPsM,1,2,3,0.33
jPsP,0,1,1,0.0
jPsS,1,1,2,0.5
jPsb,1,0,1,1.0
jPsm,2,1,3,0.67
jPsn,0,1,1,0.0
jPss,0,0,0,
jPtM,0,1,1,0.0
jPtP,0,1,1,0.0
jPtS,0,0,0,
jPtl,1,0,1,1.0
jSBP,1,1,2,0.5
jSBS,1,0,1,1.0
jSBb,1,1,2,0.5
jSBn,0,3,3,0.0
jSBs,1,1,2,0.5
jSDP,1,0,1,1.0
jSHN,1,1,2,0.5
jSHP,1,2,3,0.33
jSHS,1,1,2,0.5
jSHb,1,0,1,1.0
jSLN,0,2,2,0.0
jSLb,0,0,0,
jSLt,1,0,1,1.0
jSMB,1,1,2,0.5
jSMN,1,0,1,1.0
jSMP,2,2,4,0.5
jSMS,1,0,1,1.0
jSMb,1,0,1,1.0
jSMh,0,1,1,0.0
jSMj,1,0,1,1.0
jSMl,0,0,0,
jSMm,0,2,2,0.0
jSMn,3,0,3,1.0
jSMs,1,1,2,0.5
jSNM,0,1,1,0.0
jSNN,0,0,0,
jSNS,2,0,2,1.0
jSNb,0,2,2,0.0
jSNs,1,0,1,1.0
jSNt,0,2,2,0.0
jSPB,0,2,2,0.0
jSPH,1,0,1,1.0
jSPL,1,0,1,1.0
jSPM,1,0,1,1.0
jSPN,3,1,4,0.75
jSPP,2,3,5,0.4
jSPS,1,2,3,0.33
jSPb,3,1,4,0.75
jSPh,0,1,1,0.0
jSPl,1,1,2,0.5
jSPm,1,0,1,1.0
jSPn,0,2,2,0.0
jSSB,1,0,1,1.0
jSSD,1,0,1,1.0
jSSM,1,0,1,1.0
jSSN,1,1,2,0.5
jSSP,1,1,2,0.5
jSSS,0,0,0,
jSSb,0,1,1,0.0
jSSl,0,0,0,
jSSm,1,0,1,1.0
jSSn,1,2,3,0.33
jSbB,1,0,1,1.0
jSbL,0,0,0,
jSbN,0,1,1,0.0
jSbP,1,0,1,1.0
jSbl,0,1,1,0.0
jSbm,1,1,2,0.5
jSbn,1,0,1,1.0
jSbs,1,1,2,0.5
jShL,1,0,1,1.0
jShM,1,0,1,1.0
jShN,0,1,1,0.0
jShS,0,1,1,0.0
jShb,0,1,1,0.0
jShh,0,1,1,0.0
jShn,1,2,3,0.33
jShs,0,4,4,0.0
jSlH,0,1,1,0.0
jSlJ,1,0,1,1.0
jSlM,1,1,2,0.5
jSlN,1,1,2,0.5
jSlP,1,0,1,1.0
jSlb,1,0,1,1.0
jSll,0,0,0,
jSlm,2,0,2,1.0
jSln,2,0,2,1.0
jSmB,1,0,1,1.0
jSmM,1,1,2,0.5
jSmN,1,1,2,0.5
jSmS,0,2,2,0.0
jSmb,1,1,2,0.5
jSml,1,0,1,1.0
jSmm,1,0,1,1.0
jSmn,2,0,2,1.0
jSms,1,1,2,0.5
jSnB,0,0,0,
jSnL,1,0,1,1.0
jSnM,0,1,1,0.0
jSnN,0,3,3,0.0
jSnS,0,1,1,0.0
jSnb,1,0,1,1.0
jSnl,2,0,2,1.0
jSnm,3,0,3,1.0
jSnn,1,1,2,0.5
jSns,0,1,1,0.0
jSsH,0,0,0,
jSsM,2,0,2,1.0
jSsN,1,1,2,0.5
jSsP,3,0,3,1.0
jSsh,0,1,1,0.0
jSss,0,1,1,0.0
jStH,1,0,1,1.0
jbBB,3,2,5,0.6
jbBH,1,0,1,1.0
jbBN,1,0,1,1.0
jbBP,2,1,3,0.67
jbBS,1,1,2,0.5
jbBb,1,1,2,0.5
jbBj,1,0,1,1.0
jbBl,1,0,1,1.0
jbBm,1,1,2,0.5
jbBn,0,1,1,0.0
jbBt,1,0,1,1.0
jbHD,1,0,1,1.0
jbHM,0,2,2,0.0
jbHP,2,0,2,1.0
jbHs,1,1,2,0.5
jbIM,0,1,1,0.0
jbIl,0,1,1,0.0
jbIn,0,1,1,0.0
jbJN,1,0,1,1.0
jbJn,1,0,1,1.0
jbJs,0,1,1,0.0
jbKN,0,1,1,0.0
jbKn,0,1,1,0.0
jbLL,0,1,1,0.0
jbLN,0,1,1,0.0
jbLP,1,1,2,0.5
jbLS,0,1,1,0.0
jbLb,2,0,2,1.0
jbLj,1,0,1,1.0
jbLm,0,0,0,
jbLn,1,0,1,1.0
jbMB,1,0,1,1.0
jbMM,1,3,4,0.25
jbMN,2,0,2,1.0
jbMP,0,0,0,
jbMS,2,1,3,0.67
jbMb,2,1,3,0.67
jbMl,0,1,1,0.0
jbMm,1,0,1,1.0
jbMn,1,1,2,0.5
jbMs,0,1,1,0.0
jbNB,1,0,1,1.0
jbNL,1,0,1,1.0
jbNM,2,1,3,0.67
jbNN,0,2,2,0.0
jbNP,0,1,1,0.0
jbNS,0,1,1,0.0
jbNh,0,1,1,0.0
jbNl,1,0,1,1.0
jbNm,2,0,2,1.0
jbNn,1,1,2,0.5
jbNs,0,1,1,0.0
jbPB,1,0,1,1.0
jbPH,1,0,1,1.0
jbPK,0,0,0,
jbPL,1,3,4,0.25
jbPM,2,0,2,1.0
jbPN,2,2,4,0.5
jbPP,1,1,2,0.5
jbPS,1,3,4,0.25
jbPb,4,3,7,0.57
jbPl,1,1,2,0.5
jbPm,2,0,2,1.0
jbPn,0,1,1,0.0
jbPs,0,3,3,0.0
jbPt,0,0,0,
jbSH,0,1,1,0.0
jbSK,1,0,1,1.0
jbSM,1,0,1,1.0
jbSN,0,2,2,0.0
jbSP,0,1,1,0.0
jbSS,1,0,1,1.0
jbSh,1,1,2,0.5
jbSs,1,1,2,0.5
jbbB,0,1,1,0.0
jbbH,1,1,2,0.5
jbbJ,0,1,1,0.0
jbbL,1,0,1,1.0
jbbM,2,1,3,0.67
jbbN,2,1,3,0.67
jbbP,1,2,3,0.33
jbbS,0,3,3,0.0
jbbb,3,0,3,1.0
jbbm,0,3,3,0.0
jbbn,0,2,2,0.0
jblB,0,1,1,0.0
jblH,1,2,3,0.33
jblM,0,1,1,0.0
jblP,1,0,1,1.0
jblS,0,1,1,0.0
jblb,1,2,3,0.33
jblm,0,1,1,0.0
jbln,0,1,1,0.0
jbls,1,0,1,1.0
jbmB,1,2,3,0.33
jbmH,0,0,0,
jbmM,2,0,2,1.0
jbmN,0,1,1,0.0
jbmS,1,1,2,0.5
jbmb,2,1,3,0.67
jbml,0,1,1,0.0
jbmm,1,0,1,1.0
jbmn,1,1,2,0.5
jbnB,1,0,1,1.0
jbnD,0,1,1,0.0
jbnH,2,0,2,1.0
jbnM,0,0,0,
jbnN,1,1,2,0.5
jbnP,0,1,1,0.0
jbnS,1,0,1,1.0
jbnb,0,1,1,0.0
jbnh,1,0,1,1.0
jbnm,0,1,1,0.0
jbnn,0,1,1,0.0
jbns,0,1,1,0.0
jbsH,0,2,2,0.0
jbsI,0,1,1,0.0
jbsL,1,0,1,1.0
jbsM,0,2,2,0.0
jbsS,1,0,1,1.0
jbsh,0,1,1,0.0
jbsn,0,3,3,0.0
jhBB,1,0,1,1.0
jhBM,0,1,1,0.0
jhBS,0,1,1,0.0
jhLP,1,0,1,1.0
jhMP,0,0,0,
jhNM,0,1,1,0.0
jhNm,1,0,1,1.0
jhNn,1,0,1,1.0
jhNs,0,1,1,0.0
jhPH,0,1,1,0.0
jhPP,0,1,1,0.0
jhPS,0,1,1,0.0
jhPb,1,0,1,1.0
jhPl,0,1,1,0.0
jhPm,0,1,1,0.0
jhPs,0,1,1,0.0
jhSN,0,1,1,0.0
jhSb,1,0,1,1.0
jhSs,1,1,2,0.5
jhbB,0,2,2,0.0
jhbP,2,0,2,1.0
jhbS,1,0,1,1.0
jhbb,0,1,1,0.0
jhbn,0,0,0,
jhhB,1,0,1,1.0
jhhH,1,1,2,0.5
jhhN,0,2,2,0.0
jhhP,0,1,1,0.0
jhhS,0,1,1,0.0
jhhb,1,0,1,1.0
jhhh,1,0,1,1.0
jhhl,1,0,1,1.0
jhhm,1,0,1,1.0
jhhn,0,1,1,0.0
jhlM,1,0,1,1.0
jhlP,0,1,1,0.0
jhlS,1,0,1,1.0
jhlb,1,2,3,0.33
jhlm,1,0,1,1.0
jhmB,1,0,1,1.0
jhmN,0,1,1,0.0
jhml,0,0,0,
jhmn,1,0,1,1.0
jhnN,1,0,1,1.0
jhnP,1,0,1,1.0
jhsS,0,0,0,
jhsm,0,1,1,0.0
jlBM,0,0,0,
jlBP,1,0,1,1.0
jlBb,1,1,2,0.5
jlBj,1,0,1,1.0
jlBn,2,0,2,1.0
jlHH,1,0,1,1.0
jlHM,1,1,2,0.5
jlHN,1,0,1,1.0
jlHb,0,1,1,0.0
jlHh,0,1,1,0.0
jlHl,1,0,1,1.0
jlHn,2,0,2,1.0
jlIP,1,0,1,1.0
jlJL,1,0,1,1.0
jlJP,2,0,2,1.0
jlJS,0,1,1,0.0
jlJm,0,1,1,0.0
jlJs,1,0,1,1.0
jlKM,0,1,1,0.0
jlLL,1,0,1,1.0
jlLM,0,1,1,0.0
jlLN,1,0,1,1.0
jlLb,0,1,1,0.0
jlML,1,0,1,1.0
jlMP,0,2,2,0.0
jlMS,2,0,2,1.0
jlMj,0,1,1,0.0
jlMl,0,2,2,0.0
jlMm,1,0,1,1.0
jlMn,1,0,1,1.0
jlNB,1,1,2,0.5
jlND,0,1,1,0.0
jlNM,1,2,3,0.33
jlNN,0,1,1,0.0
jlNP,2,2,4,0.5
jlNb,0,2,2,0.0
jlNn,1,2,3,0.33
jlNs,0,1,1,0.0
jlNt,0,1,1,0.0
jlPB,2,0,2,1.0
jlPN,2,0,2,1.0
jlPP,2,1,3,0.67
jlPS,0,0,0,
jlPb,0,2,2,0.0
jlPl,1,0,1,1.0
jlPn,2,0,2,1.0
jlPs,1,0,1,1.0
jlSL,0,1,1,0.0
jlSM,1,0,1,1.0
jlSN,1,0,1,1.0
jlSP,0,1,1,0.0
jlSS,1,0,1,1.0
jlSb,1,0,1,1.0
jlSl,1,0,1,1.0
jlSn,0,1,1,0.0
jlSs,0,1,1,0.0
jlbM,2,0,2,1.0
jlbN,1,1,2,0.5
jlbP,0,2,2,0.0
jlbb,1,5,6,0.17
jlbm,1,0,1,1.0
jlbn,1,0,1,1.0
jllB,1,0,1,1.0
jllM,1,0,1,1.0
jllP,0,0,0,
jllb,0,1,1,0.0
jlmH,0,1,1,0.0
jlmI,1,0,1,1.0
jlmL,0,0,0,
jlmN,1,1,2,0.5
jlmP,1,1,2,0.5
jlml,1,0,1,1.0
jlnK,1,0,1,1.0
jlnL,1,0,1,1.0
jlnM,1,0,1,1.0
jlnN,1,0,1,1.0
jlnl,0,1,1,0.0
jlnn,0,1,1,0.0
jlsM,1,0,1,1.0
jlsP,2,0,2,1.0
jlsb,0,1,1,0.0
jlsn,0,1,1,0.0
jmBN,0,1,1,0.0
jmBP,1,0,1,1.0
jmBS,1,0,1,1.0
jmBb,1,0,1,1.0
jmBj,1,1,2,0.5
jmBn,1,0,1,1.0
jmBt,1,0,1,1.0
jmDP,0,1,1,0.0
jmDb,0,1,1,0.0
jmDn,0,1,1,0.0
jmDs,0,1,1,0.0
jmHL,0,0,0,
jmHM,1,2,3,0.33
jmHP,1,0,1,1.0
jmHS,0,1,1,0.0
jmHb,1,2,3,0.33
jmHh,0,0,0,
jmHm,1,1,2,0.5
jmHn,2,0,2,1.0
jmHs,1,0,1,1.0
jmIL,1,0,1,1.0
jmIN,1,0,1,1.0
jmIP,1,1,2,0.5
jmJL,0,1,1,0.0
jmJn,0,1,1,0.0
jmJs,0,1,1,0.0
jmKS,0,0,0,
jmLL,0,1,1,0.0
jmLM,0,1,1,0.0
jmLN,1,1,2,0.5
jmLP,0,1,1,0.0
jmLb,0,4,4,0.0
jmLh,0,1,1,0.0
jmLm,0,1,1,0.0
jmLs,0,0,0,
jmMM,0,1,1,0.0
jmMP,1,0,1,1.0
jmMl,1,0,1,1.0
jmMm,1,0,1,1.0
jmMn,0,1,1,0.0
jmMs,1,0,1,1.0
jmNB,0,1,1,0.0
jmNK,0,1,1,0.0
jmNL,0,1,1,0.0
jmNM,1,0,1,1.0
jmNN,3,2,5,0.6
jmNP,0,1,1,0.0
jmNS,0,2,2,0.0
jmNb,0,1,1,0.0
jmNm,1,0,1,1.0
jmNn,2,2,4,0.5
jmNs,0,1,1,0.0
jmPB,1,0,1,1.0
jmPH,1,1,2,0.5
jmPK,0,1,1,0.0
jmPM,0,2,2,0.0
jmPN,2,1,3,0.67
jmPP,0,1,1,0.0
jmPS,0,0,0,
jmPb,1,1,2,0.5
jmPl,2,0,2,1.0
jmPm,0,0,0,
jmPn,2,3,5,0.4
jmPs,1,0,1,1.0
jmPt,1,1,2,0.5
jmSL,0,0,0,
jmSM,0,1,1,0.0
jmSN,1,1,2,0.5
jmSb,0,1,1,0.0
jmSl,1,0,1,1.0
jmSm,1,2,3,0.33
jmSn,1,1,2,0.5
jmSs,1,1,2,0.5
jmbB,1,1,2,0.5
jmbH,0,1,1,0.0
jmbM,0,1,1,0.0
jmbN,1,0,1,1.0
jmbP,1,1,2,0.5
jmbS,1,1,2,0.5
jmbb,2,0,2,1.0
jmbn,1,1,2,0.5
jmbs,0,1,1,0.0
jmlN,0,1,1,0.0
jmlb,1,0,1,1.0
jmmB,0,1,1,0.0
jmmL,1,0,1,1.0
jmmM,1,0,1,1.0
jmmN,1,1,2,0.5
jmmb,2,0,2,1.0
jmmn,1,1,2,0.5
jmms,2,0,2,1.0
jmnB,0,2,2,0.0
jmnM,0,0,0,
jmnP,1,1,2,0.5
jmnS,1,1,2,0.5
jmnb,1,0,1,1.0
jmns,0,1,1,0.0
jmsD,0,1,1,0.0
jmsP,1,0,1,1.0
jnBB,1,0,1,1.0
jnBL,2,0,2,1.0
jnBM,1,1,2,0.5
jnBN,3,0,3,1.0
jnBP,2,0,2,1.0
jnBb,2,0,2,1.0
jnBl,1,0,1,1.0
jnBn,2,1,3,0.67
jnBs,0,1,1,0.0
jnDH,0,1,1,0.0
jnDs,1,0,1,1.0
jnHB,0,1,1,0.0
jnHK,0,1,1,0.0
jnHM,1,1,2,0.5
jnHN,2,1,3,0.67
jnHP,1,1,2,0.5
jnHb,0,1,1,0.0
jnHl,1,0,1,1.0
jnHm,1,1,2,0.5
jnIH,1,0,1,1.0
jnIN,0,1,1,0.0
jnKM,1,0,1,1.0
jnKN,0,1,1,0.0
jnKl,0,1,1,0.0
jnKm,0,1,1,0.0
jnLM,1,3,4,0.25
jnLN,2,1,3,0.67
jnLP,0,1,1,0.0
jnLS,0,1,1,0.0
jnLb,1,0,1,1.0
jnLj,2,0,2,1.0
jnLm,1,0,1,1.0
jnLn,1,1,2,0.5
jnLs,1,0,1,1.0
jnML,1,0,1,1.0
jnMM,2,1,3,0.67
jnMN,0,1,1,0.0
jnMP,2,1,3,0.67
jnMS,1,0,1,1.0
jnMb,0,1,1,0.0
jnMh,1,2,3,0.33
jnMl,1,1,2,0.5
jnMm,1,1,2,0.5
jnMn,3,4,7,0.43
jnMs,1,0,1,1.0
jnNB,0,2,2,0.0
jnNM,0,1,1,0.0
jnNN,0,1,1,0.0
jnNP,0,1,1,0.0
jnNS,1,0,1,1.0
jnNb,0,1,1,0.0
jnNl,0,1,1,0.0
jnNm,1,1,2,0.5
jnNn,3,4,7,0.43
jnNs,1,1,2,0.5
jnPB,3,0,3,1.0
jnPK,1,0,1,1.0
jnPM,3,2,5,0.6
jnPN,2,1,3,0.67
jnPP,1,2,3,0.33
jnPS,1,0,1,1.0
jnPb,1,1,2,0.5
jnPh,0,1,1,0.0
jnPl,0,0,0,
jnPm,0,0,0,
jnPn,0,3,3,0.0
jnPs,3,1,4,0.75
jnSB,2,1,3,0.67
jnSH,0,1,1,0.0
jnSM,1,0,1,1.0
jnSN,1,0,1,1.0
jnSS,1,1,2,0.5
jnSb,1,0,1,1.0
jnSh,3,2,5,0.6
jnSm,0,1,1,0.0
jnSn,3,1,4,0.75
jnSs,1,1,2,0.5
jnbK,2,0,2,1.0
jnbL,0,2,2,0.0
jnbM,1,1,2,0.5
jnbN,1,0,1,1.0
jnbP,3,0,3,1.0
jnbS,0,1,1,0.0
jnbb,2,0,2,1.0
jnbn,0,1,1,0.0
jnhL,1,0,1,1.0
jnhP,0,2,2,0.0
jnlB,0,2,2,0.0
jnlH,1,0,1,1.0
jnlM,0,2,2,0.0
jnlP,1,0,1,1.0
jnlS,0,0,0,
jnlb,1,0,1,1.0
jnll,0,1,1,0.0
jnmB,2,0,2,1.0
jnmH,0,1,1,0.0
jnmL,0,1,1,0.0
jnmM,1,0,1,1.0
jnmN,0,1,1,0.0
jnmP,1,0,1,1.0
jnmS,0,1,1,0.0
jnmm,0,1,1,0.0
jnmn,2,2,4,0.5
jnms,1,0,1,1.0
jnnB,2,0,2,1.0
jnnD,0,0,0,
jnnK,0,1,1,0.0
jnnL,1,2,3,0.33
jnnM,1,2,3,0.33
jnnN,0,3,3,0.0
jnnP,2,1,3,0.67
jnnS,1,2,3,0.33
jnnb,2,0,2,1.0
jnnh,1,0,1,1.0
jnnl,1,1,2,0.5
jnnm,2,0,2,1.0
jnnn,0,1,1,0.0
jnsM,1,0,1,1.0
jnsP,4,1,5,0.8
jnsS,0,1,1,0.0
jnsb,1,0,1,1.0
jnsm,1,0,1,1.0
jnss,0,1,1,0.0
jsBB,0,1,1,0.0
jsBM,0,1,1,0.0
jsBb,1,0,1,1.0
jsDb,1,0,1,1.0
jsHN,1,2,3,0.33
jsHP,1,0,1,1.0
jsHS,0,1,1,0.0
jsHh,1,0,1,1.0
jsHl,1,0,1,1.0
jsHm,1,0,1,1.0
jsHn,3,0,3,1.0
jsHs,0,1,1,0.0
jsIN,1,0,1,1.0
jsKn,0,1,1,0.0
jsLB,1,0,1,1.0
jsLD,0,2,2,0.0
jsLP,0,1,1,0.0
jsLl,1,0,1,1.0
jsLs,1,0,1,1.0
jsMB,2,0,2,1.0
jsMM,1,0,1,1.0
jsMS,1,2,3,0.33
jsMh,1,0,1,1.0
jsMm,1,0,1,1.0
jsMn,0,1,1,0.0
jsNH,0,1,1,0.0
jsNM,1,0,1,1.0
jsNP,0,1,1,0.0
jsNb,0,1,1,0.0
jsNn,0,1,1,0.0
jsPB,1,1,2,0.5
jsPH,1,0,1,1.0
jsPM,1,2,3,0.33
jsPN,1,1,2,0.5
jsPP,0,2,2,0.0
jsPS,0,0,0,
jsPb,0,1,1,0.0
jsPn,3,1,4,0.75
jsSH,0,1,1,0.0
jsSM,0,1,1,0.0
jsSN,0,1,1,0.0
jsSP,0,4,4,0.0
jsSS,1,1,2,0.5
jsSh,1,0,1,1.0
jsSm,2,0,2,1.0
jsbH,1,0,1,1.0
jsbJ,1,0,1,1.0
jsbL,0,0,0,
jsbM,1,1,2,0.5
jsbN,1,1,2,0.5
jsbP,1,0,1,1.0
jsbb,1,2,3,0.33
jsbl,0,3,3,0.0
jsbs,0,1,1,0.0
jshP,0,1,1,0.0
jshb,0,1,1,0.0
jslB,0,1,1,0.0
jslS,1,1,2,0.5
jsll,0,1,1,0.0
jsln,0,0,0,
jsmB,0,0,0,
jsmM,2,0,2,1.0
jsmN,0,1,1,0.0
jsmP,0,2,2,0.0
jsmm,0,1,1,0.0
jsnB,0,1,1,0.0
jsnH,0,1,1,0.0
jsnM,0,1,1,0.0
jsnN,1,2,3,0.33
jsnP,2,2,4,0.5
jsnb,1,0,1,1.0
jsnh,1,0,1,1.0
jsnl,1,1,2,0.5
jsnm,0,1,1,0.0
jsnn,2,0,2,1.0
jssL,0,1,1,0.0
jssM,1,0,1,1.0
jssP,0,3,3,0.0
jssS,0,1,1,0.0
jssb,0,1,1,0.0
jssl,0,1,1,0.0
jssn,0,1,1,0.0
jsss,1,1,2,0.5
jtBb,1,0,1,1.0
jtBm,0,1,1,0.0
jtDS,1,0,1,1.0
jtHN,0,1,1,0.0
jtHh,0,0,0,
jtKM,0,1,1,0.0
jtKP,1,0,1,1.0
jtLh,1,0,1,1.0
jtLt,0,1,1,0.0
jtMN,1,0,1,1.0
jtMn,0,1,1,0.0
jtNB,1,0,1,1.0
jtNs,1,0,1,1.0
jtPB,1,0,1,1.0
jtPM,1,0,1,1.0
jtPN,0,0,0,
jtPP,0,2,2,0.0
jtPm,0,2,2,0.0
jtSM,0,1,1,0.0
jtbl,1,0,1,1.0
jtbn,1,0,1,1.0
jtmP,1,1,2,0.5
jtmb,1,0,1,1.0
jtmn,1,0,1,1.0
jtnN,0,1,1,0.0
jtnS,0,1,1,0.0
jtsN,1,0,1,1.0
jtss,1,0,1,1.0
lBBB,1,3,4,0.25
lBBD,1,0,1,1.0
lBBL,0,0,0,
lBBM,2,4,6,0.33
lBBN,3,4,7,0.43
lBBP,4,5,9,0.44
lBBS,5,1,6,0.83
lBBb,0,4,4,0.0
lBBh,0,1,1,0.0
lBBj,2,1,3,0.67
lBBl,1,3,4,0.25
lBBm,3,1,4,0.75
lBBn,5,4,9,0.56
lBBs,3,0,3,1.0
lBDB,1,0,1,1.0
lBDH,1,0,1,1.0
lBDL,0,1,1,0.0
lBDP,1,1,2,0.5
lBDS,1,0,1,1.0
lBDm,1,0,1,1.0
lBHP,0,1,1,0.0
lBKS,0,1,1,0.0
lBKb,1,0,1,1.0
lBKh,1,1,2,0.5
lBKn,1,0,1,1.0
lBKs,0,1,1,0.0
lBLB,0,2,2,0.0
lBLL,0,1,1,0.0
lBLM,0,2,2,0.0
lBLN,2,1,3,0.67
lBLP,4,0,4,1.0
lBLb,1,2,3,0.33
lBLh,2,1,3,0.67
lBLj,1,0,1,1.0
lBLl,4,1,5,0.8
lBLm,0,2,2,0.0
lBLn,6,4,10,0.6
lBLs,0,1,1,0.0
lBLt,0,1,1,0.0
lBMB,3,5,8,0.38
lBMD,1,0,1,1.0
lBML,3,0,3,1.0
lBMM,1,6,7,0.14
lBMN,5,6,11,0.45
lBMP,5,5,10,0.5
lBMS,3,1,4,0.75
lBMb,4,5,9,0.44
lBMh,1,2,3,0.33
lBMj,2,0,2,1.0
lBMl,3,1,4,0.75
lBMm,2,2,4,0.5
lBMn,2,5,7,0.29
lBMs,3,7,10,0.3
lBMt,1,0,1,1.0
lBNB,4,3,7,0.57
lBNH,1,1,2,0.5
lBNL,1,0,1,1.0
lBNM,4,3,7,0.57
lBNN,6,10,16,0.38
lBNP,7,11,18,0.39
lBNS,3,3,6,0.5
lBNb,1,6,7,0.14
lBNh,2,3,5,0.4
lBNl,5,1,6,0.83
lBNm,0,4,4,0.0
lBNn,8,8,16,0.5
lBNs,2,4,6,0.33
lBNt,1,0,1,1.0
lBPB,1,3,4,0.25
lBPD,0,1,1,0.0
lBPH,2,1,3,0.67
lBPL,2,0,2,1.0
lBPM,7,2,9,0.78
lBPN,7,8,15,0.47
lBPP,14,8,22,0.64
lBPS,2,4,6,0.33
lBPb,10,1,11,0.91
lBPh,2,2,4,0.5
lBPl,5,4,9,0.56
lBPm,7,7,14,0.5
lBPn,8,7,15,0.53
lBPs,4,3,7,0.57
lBPt,1,0,1,1.0
lBSB,2,1,3,0.67
lBSH,2,3,5,0.4
lBSL,0,0,0,
lBSM,2,4,6,0.33
lBSN,6,4,10,0.6
lBSP,2,5,7,0.29
lBSS,2,2,4,0.5
lBSb,1,3,4,0.25
lBSh,1,1,2,0.5
lBSl,4,1,5,0.8
lBSm,4,0,4,1.0
lBSn,6,7,13,0.46
lBSs,6,2,8,0.75
lBbB,3,5,8,0.38
lBbH,2,2,4,0.5
lBbJ,1,0,1,1.0
lBbK,0,1,1,0.0
lBbL,3,2,5,0.6
lBbM,9,12,21,0.43
lBbN,7,5,12,0.58
lBbP,10,4,14,0.71
lBbS,1,4,5,0.2
lBbb,6,6,12,0.5
lBbl,3,0,3,1.0
lBbm,4,4,8,0.5
lBbn,6,6,12,0.5
lBbs,1,2,3,0.33
lBhH,0,1,1,0.0
lBhM,0,1,1,0.0
lBhN,0,1,1,0.0
lBhP,3,1,4,0.75
lBhS,0,1,1,0.0
lBhb,2,0,2,1.0
lBhm,0,1,1,0.0
lBhn,2,0,2,1.0
lBjB,3,1,4,0.75
lBjH,1,1,2,0.5
lBjM,1,2,3,0.33
lBjN,1,5,6,0.17
lBjP,3,1,4,0.75
lBjS,0,0,0,
lBjb,3,0,3,1.0
lBjl,3,1,4,0.75
lBjm,1,1,2,0.5
lBjn,1,1,2,0.5
lBjs,0,3,3,0.0
lBjt,0,0,0,
lBlB,3,2,5,0.6
lBlH,2,2,4,0.5
lBlJ,0,2,2,0.0
lBlL,2,4,6,0.33
lBlM,3,4,7,0.43
lBlN,2,1,3,0.67
lBlP,3,4,7,0.43
lBlS,2,2,4,0.5
lBlb,3,2,5,0.6
lBll,0,1,1,0.0
lBlm,3,0,3,1.0
lBln,1,1,2,0.5
lBls,2,1,3,0.67
lBmB,1,6,7,0.14
lBmH,3,1,4,0.75
lBmJ,2,0,2,1.0
lBmL,1,0,1,1.0
lBmM,5,3,8,0.62
lBmN,6,4,10,0.6
lBmP,6,6,12,0.5
lBmS,4,1,5,0.8
lBmb,2,5,7,0.29
lBml,0,4,4,0.0
lBmm,5,4,9,0.56
lBmn,4,4,8,0.5
lBms,3,0,3,1.0
lBnB,5,6,11,0.45
lBnD,0,1,1,0.0
lBnH,3,5,8,0.38
lBnI,0,1,1,0.0
lBnL,4,4,8,0.5
lBnM,7,10,17,0.41
lBnN,9,12,21,0.43
lBnP,8,8,16,0.5
lBnS,1,7,8,0.12
lBnb,3,3,6,0.5
lBnl,4,2,6,0.67
lBnm,2,7,9,0.22
lBnn,9,7,16,0.56
lBns,4,4,8,0.5
lBsB,2,0,2,1.0
lBsH,0,2,2,0.0
lBsK,1,1,2,0.5
lBsL,1,1,2,0.5
lBsM,0,4,4,0.0
lBsN,0,3,3,0.0
lBsP,5,6,11,0.45
lBsS,0,3,3,0.0
lBsb,0,3,3,0.0
lBsl,1,1,2,0.5
lBsm,2,0,2,1.0
lBsn,3,2,5,0.6
lBss,3,0,3,1.0
lBtH,1,0,1,1.0
lBtL,1,0,1,1.0
lBtM,0,2,2,0.0
lBtN,1,2,3,0.33
lBtP,1,3,4,0.25
lBtS,1,2,3,0.33
lBtb,0,1,1,0.0
lBtm,1,2,3,0.33
lBtn,2,0,2,1.0
lBts,0,2,2,0.0
lBtt,0,1,1,0.0
lDBS,0,2,2,0.0
lDBm,0,2,2,0.0
lDDH,0,0,0,
lDHN,0,1,1,0.0
lDHP,1,0,1,1.0
lDHl,0,1,1,0.0
lDHn,2,0,2,1.0
lDIl,0,1,1,0.0
lDLS,1,0,1,1.0
lDLl,0,1,1,0.0
lDLn,1,1,2,0.5
lDMS,1,0,1,1.0
lDMb,1,0,1,1.0
lDMh,1,0,1,1.0
lDMm,2,0,2,1.0
lDNB,1,0,1,1.0
lDNM,1,0,1,1.0
lDNP,1,0,1,1.0
lDNb,0,1,1,0.0
lDNn,1,0,1,1.0
lDNs,1,0,1,1.0
lDPB,1,0,1,1.0
lDPM,0,0,0,
lDPN,2,1,3,0.67
lDPP,1,0,1,1.0
lDPS,1,0,1,1.0
lDPl,1,0,1,1.0
lDPn,0,1,1,0.0
lDPs,1,0,1,1.0
lDSM,0,0,0,
lDSP,0,2,2,0.0
lDSb,0,1,1,0.0
lDSl,1,0,1,1.0
lDSm,1,0,1,1.0
lDbL,1,0,1,1.0
lDbM,1,0,1,1.0
lDbN,0,1,1,0.0
lDbP,3,1,4,0.75
lDbl,0,1,1,0.0
lDbn,0,1,1,0.0
lDbs,0,0,0,
lDln,1,0,1,1.0
lDmL,1,0,1,1.0
lDmN,1,1,2,0.5
lDmP,1,0,1,1.0
lDmS,0,0,0,
lDnB,0,1,1,0.0
lDnH,0,1,1,0.0
lDnM,0,1,1,0.0
lDnN,0,1,1,0.0
lDnb,0,0,0,
lDnl,0,1,1,0.0
lDsH,1,0,1,1.0
lDsM,0,1,1,0.0
lDsN,0,1,1,0.0
lDsP,1,0,1,1.0
lDsl,1,0,1,1.0
lDtn,1,1,2,0.5
lHBB,2,0,2,1.0
lHBD,1,1,2,0.5
lHBL,0,3,3,0.0
lHBM,2,3,5,0.4
lHBN,6,0,6,1.0
lHBP,4,4,8,0.5
lHBS,2,2,4,0.5
lHBb,5,2,7,0.71
lHBh,1,0,1,1.0
lHBj,1,2,3,0.33
lHBl,1,1,2,0.5
lHBm,4,3,7,0.57
lHBn,6,6,12,0.5
lHBs,1,0,1,1.0
lHBt,2,0,2,1.0
lHDH,1,0,1,1.0
lHDL,1,0,1,1.0
lHDM,0,0,0,
lHDP,1,0,1,1.0
lHDS,0,0,0,
lHDl,1,0,1,1.0
lHDm,1,0,1,1.0
lHDn,1,0,1,1.0
lHHM,2,0,2,1.0
lHHN,3,1,4,0.75
lHHP,2,0,2,1.0
lHHS,2,0,2,1.0
lHHb,1,0,1,1.0
lHHh,0,0,0,
lHHn,1,1,2,0.5
lHHs,1,0,1,1.0
lHIN,0,0,0,
lHIP,0,1,1,0.0
lHIS,1,0,1,1.0
lHIm,1,1,2,0.5
lHKN,1,0,1,1.0
lHKP,3,0,3,1.0
lHKb,1,2,3,0.33
lHKm,0,2,2,0.0
lHKs,0,0,0,
lHLB,2,0,2,1.0
lHLM,2,1,3,0.67
lHLN,1,1,2,0.5
lHLP,3,1,4,0.75
lHLb,2,2,4,0.5
lHLh,0,2,2,0.0
lHLj,1,0,1,1.0
lHLl,2,0,2,1.0
lHLm,1,0,1,1.0
lHLn,0,5,5,0.0
lHLs,1,0,1,1.0
lHMB,0,3,3,0.0
lHMH,0,1,1,0.0
lHML,1,3,4,0.25
lHMM,4,7,11,0.36
lHMN,6,3,9,0.67
lHMP,2,5,7,0.29
lHMS,4,2,6,0.67
lHMb,3,0,3,1.0
lHMh,3,3,6,0.5
lHMj,2,0,2,1.0
lHMl,4,4,8,0.5
lHMm,1,4,5,0.2
lHMn,12,6,18,0.67
lHMs,0,1,1,0.0
lHMt,0,1,1,0.0
lHNB,2,3,5,0.4
lHNK,1,0,1,1.0
lHNL,3,3,6,0.5
lHNM,5,9,14,0.36
lHNN,2,6,8,0.25
lHNP,3,3,6,0.5
lHNS,1,2,3,0.33
lHNb,5,6,11,0.45
lHNh,1,4,5,0.2
lHNl,4,1,5,0.8
lHNm,2,1,3,0.67
lHNn,4,8,12,0.33
lHNs,5,4,9,0.56
lHNt,1,2,3,0.33
lHPB,4,4,8,0.5
lHPD,0,0,0,
lHPH,3,3,6,0.5
lHPI,1,0,1,1.0
lHPK,1,0,1,1.0
lHPL,4,4,8,0.5
lHPM,10,3,13,0.77
lHPN,4,5,9,0.44
lHPP,10,10,20,0.5
lHPS,6,7,13,0.46
lHPb,7,4,11,0.64
lHPh,1,2,3,0.33
lHPl,2,3,5,0.4
lHPm,8,3,11,0.73
lHPn,7,7,14,0.5
lHPs,6,4,10,0.6
lHPt,3,0,3,1.0
lHSB,3,3,6,0.5
lHSH,1,1,2,0.5
lHSL,0,3,3,0.0
lHSM,4,1,5,0.8
lHSN,0,4,4,0.0
lHSP,2,2,4,0.5
lHSS,3,1,4,0.75
lHSb,3,2,5,0.6
lHSh,0,2,2,0.0
lHSl,2,3,5,0.4
lHSm,4,0,4,1.0
lHSn,2,1,3,0.67
lHSs,2,3,5,0.4
lHSt,2,0,2,1.0
lHbB,6,1,7,0.86
lHbH,3,1,4,0.75
lHbI,1,0,1,1.0
lHbJ,1,1,2,0.5
lHbK,1,0,1,1.0
lHbL,4,3,7,0.57
lHbM,8,5,13,0.62
lHbN,10,5,15,0.67
lHbP,10,8,18,0.56
lHbS,1,3,4,0.25
lHbb,5,3,8,0.62
lHbl,1,0,1,1.0
lHbm,4,1,5,0.8
lHbn,4,5,9,0.44
lHbs,3,4,7,0.43
lHhB,0,3,3,0.0
lHhD,0,1,1,0.0
lHhM,1,1,2,0.5
lHhN,0,0,0,
lHhP,1,3,4,0.25
lHhS,1,2,3,0.33
lHhb,1,3,4,0.25
lHhh,3,2,5,0.6
lHhl,1,2,3,0.33
lHhm,1,2,3,0.33
lHhn,2,6,8,0.25
lHhs,2,5,7,0.29
lHlB,0,1,1,0.0
lHlH,3,1,4,0.75
lHlL,0,1,1,0.0
lHlM,4,6,10,0.4
lHlN,4,3,7,0.57
lHlP,0,5,5,0.0
lHlS,1,0,1,1.0
lHlb,1,5,6,0.17
lHll,1,0,1,1.0
lHlm,3,2,5,0.6
lHln,1,5,6,0.17
lHls,1,3,4,0.25
lHmB,2,3,5,0.4
lHmH,1,2,3,0.33
lHmJ,0,0,0,
lHmM,5,6,11,0.45
lHmN,5,8,13,0.38
lHmP,5,3,8,0.62
lHmS,0,2,2,0.0
lHmb,2,2,4,0.5
lHml,4,1,5,0.8
lHmm,4,0,4,1.0
lHmn,7,1,8,0.88
lHms,4,1,5,0.8
lHnB,1,1,2,0.5
lHnD,0,1,1,0.0
lHnH,2,2,4,0.5
lHnK,1,1,2,0.5
lHnL,4,4,8,0.5
lHnM,6,9,15,0.4
lHnN,5,9,14,0.36
lHnP,8,9,17,0.47
lHnS,2,2,4,0.5
lHnb,6,6,12,0.5
lHnl,4,1,5,0.8
lHnm,3,7,10,0.3
lHnn,11,4,15,0.73
lHns,2,2,4,0.5
lHsB,1,3,4,0.25
lHsH,3,3,6,0.5
lHsL,3,0,3,1.0
lHsM,3,3,6,0.5
lHsN,0,6,6,0.0
lHsP,2,3,5,0.4
lHsS,5,4,9,0.56
lHsb,1,2,3,0.33
lHsh,0,1,1,0.0
lHsl,3,1,4,0.75
lHsm,4,0,4,1.0
lHsn,3,4,7,0.43
lHss,2,3,5,0.4
lHtH,0,2,2,0.0
lHtN,1,0,1,1.0
lHtP,1,0,1,1.0
lHtS,0,1,1,0.0
lHtl,1,0,1,1.0
lHtm,1,0,1,1.0
lIBB,0,0,0,
lIBM,1,2,3,0.33
lIBP,0,1,1,0.0
lIBh,0,1,1,0.0
lIBl,1,0,1,1.0
lIBm,1,0,1,1.0
lIBn,1,0,1,1.0
lIDS,0,1,1,0.0
lIHB,1,1,2,0.5
lIHH,0,1,1,0.0
lIHS,1,0,1,1.0
lIHb,0,2,2,0.0
lIHm,0,1,1,0.0
lIIl,1,0,1,1.0
lILN,1,0,1,1.0
lILs,0,1,1,0.0
lIMN,1,0,1,1.0
lIMP,0,0,0,
lIMb,1,0,1,1.0
lIMj,0,0,0,
lIMn,1,0,1,1.0
lINH,0,1,1,0.0
lINK,0,1,1,0.0
lINL,0,0,0,
lINM,1,0,1,1.0
lINN,1,1,2,0.5
lINP,1,1,2,0.5
lINb,2,0,2,1.0
lINl,2,0,2,1.0
lINs,1,0,1,1.0
lINt,0,1,1,0.0
lIPB,1,0,1,1.0
lIPH,1,0,1,1.0
lIPL,0,1,1,0.0
lIPN,1,1,2,0.5
lIPP,1,1,2,0.5
lIPb,2,1,3,0.67
lIPh,1,0,1,1.0
lIPl,1,1,2,0.5
lIPm,1,0,1,1.0
lIPn,0,1,1,0.0
lIPs,0,1,1,0.0
lISM,1,0,1,1.0
lISN,1,0,1,1.0
lISP,1,0,1,1.0
lISS,1,0,1,1.0
lISs,2,0,2,1.0
lIbB,1,0,1,1.0
lIbJ,1,0,1,1.0
lIbP,1,0,1,1.0
lIbS,1,0,1,1.0
lIbb,1,0,1,1.0
lIbm,0,1,1,0.0
lIbn,2,2,4,0.5
lIlB,1,0,1,1.0
lIlP,2,1,3,0.67
lIln,0,1,1,0.0
lIls,0,0,0,
lImB,0,1,1,0.0
lImH,0,1,1,0.0
lImL,1,0,1,1.0
lImM,1,1,2,0.5
lImn,0,1,1,0.0
lInB,1,0,1,1.0
lInD,1,0,1,1.0
lInM,3,1,4,0.75
lInN,1,0,1,1.0
lInb,1,0,1,1.0
lInm,1,0,1,1.0
lIns,0,1,1,0.0
lIsH,1,0,1,1.0
lIsN,1,0,1,1.0
lIsP,1,1,2,0.5
lIsl,1,0,1,1.0
lIsn,0,0,0,
lJBB,2,2,4,0.5
lJBM,0,2,2,0.0
lJBN,1,2,3,0.33
lJBP,0,1,1,0.0
lJBS,0,1,1,0.0
lJBb,1,0,1,1.0
lJBj,0,1,1,0.0
lJBl,0,1,1,0.0
lJBm,2,0,2,1.0
lJBn,2,2,4,0.5
lJBs,0,3,3,0.0
lJHB,1,0,1,1.0
lJHM,1,0,1,1.0
lJHN,0,1,1,0.0
lJHP,0,3,3,0.0
lJHb,2,1,3,0.67
lJHh,1,0,1,1.0
lJHm,1,1,2,0.5
lJHn,1,0,1,1.0
lJHs,0,1,1,0.0
lJIL,1,0,1,1.0
lJIP,1,0,1,1.0
lJIS,0,1,1,0.0
lJKb,0,1,1,0.0
lJLB,1,0,1,1.0
lJLD,1,0,1,1.0
lJLL,2,2,4,0.5
lJLN,1,0,1,1.0
lJLP,0,1,1,0.0
lJLb,1,0,1,1.0
lJLh,0,0,0,
lJLm,1,0,1,1.0
lJLn,0,1,1,0.0
lJLs,0,1,1,0.0
lJLt,1,0,1,1.0
lJMB,1,1,2,0.5
lJMD,0,1,1,0.0
lJMM,2,1,3,0.67
lJMN,5,0,5,1.0
lJMP,3,1,4,0.75
lJMS,3,1,4,0.75
lJMb,2,1,3,0.67
lJMh,2,0,2,1.0
lJMj,1,0,1,1.0
lJMl,1,0,1,1.0
lJMm,1,1,2,0.5
lJMn,2,1,3,0.67
lJMs,0,1,1,0.0
lJMt,0,1,1,0.0
lJNB,1,1,2,0.5
lJNL,1,1,2,0.5
lJNM,1,1,2,0.5
lJNN,2,0,2,1.0
lJNP,0,1,1,0.0
lJNS,2,0,2,1.0
lJNb,3,1,4,0.75
lJNh,0,0,0,
lJNl,0,1,1,0.0
lJNm,0,1,1,0.0
lJNn,1,3,4,0.25
lJNs,4,0,4,1.0
lJNt,0,1,1,0.0
lJPB,3,2,5,0.6
lJPD,1,0,1,1.0
lJPH,1,0,1,1.0
lJPK,1,0,1,1.0
lJPL,0,1,1,0.0
lJPM,1,4,5,0.2
lJPN,4,0,4,1.0
lJPP,6,4,10,0.6
lJPS,1,0,1,1.0
lJPb,5,0,5,1.0
lJPh,0,1,1,0.0
lJPl,1,1,2,0.5
lJPm,1,2,3,0.33
lJPn,3,1,4,0.75
lJPs,1,0,1,1.0
lJSB,1,0,1,1.0
lJSM,0,2,2,0.0
lJSN,1,2,3,0.33
lJSP,2,2,4,0.5
lJSS,1,1,2,0.5
lJSb,0,1,1,0.0
lJSl,1,0,1,1.0
lJSm,1,0,1,1.0
lJSn,1,0,1,1.0
lJSs,0,1,1,0.0
lJbB,4,0,4,1.0
lJbH,0,0,0,
lJbL,1,0,1,1.0
lJbM,2,2,4,0.5
lJbP,2,2,4,0.5
lJbb,2,2,4,0.5
lJbl,1,0,1,1.0
lJbm,3,2,5,0.6
lJbn,1,2,3,0.33
lJbs,0,1,1,0.0
lJhL,1,0,1,1.0
lJhM,1,0,1,1.0
lJhh,0,2,2,0.0
lJlB,2,2,4,0.5
lJlD,1,0,1,1.0
lJlH,1,0,1,1.0
lJlJ,1,0,1,1.0
lJlM,1,3,4,0.25
lJlN,0,2,2,0.0
lJlP,1,0,1,1.0
lJlS,0,1,1,0.0
lJlb,0,0,0,
lJll,2,0,2,1.0
lJlm,1,1,2,0.5
lJln,1,0,1,1.0
lJmB,0,0,0,
lJmJ,1,0,1,1.0
lJmL,4,0,4,1.0
lJmM,4,3,7,0.57
lJmP,2,1,3,0.67
lJmS,1,0,1,1.0
lJmb,0,0,0,
lJml,2,0,2,1.0
lJmm,1,0,1,1.0
lJmn,2,0,2,1.0
lJms,2,0,2,1.0
lJnB,2,1,3,0.67
lJnD,0,1,1,0.0
lJnH,1,0,1,1.0
lJnI,1,1,2,0.5
lJnK,0,1,1,0.0
lJnL,0,0,0,
lJnM,0,2,2,0.0
lJnN,1,1,2,0.5
lJnP,1,3,4,0.25
lJnS,0,1,1,0.0
lJnb,1,1,2,0.5
lJnl,0,1,1,0.0
lJnm,2,0,2,1.0
lJnn,0,2,2,0.0
lJns,1,0,1,1.0
lJsH,0,3,3,0.0
lJsL,0,1,1,0.0
lJsM,2,0,2,1.0
lJsN,0,0,0,
lJsP,2,1,3,0.67
lJsS,1,0,1,1.0
lJsb,1,2,3,0.33
lJsl,2,0,2,1.0
lJsn,2,0,2,1.0
lJtM,1,0,1,1.0
lJtN,1,0,1,1.0
lJtS,0,1,1,0.0
lKBB,0,1,1,0.0
lKBP,0,2,2,0.0
lKBb,0,1,1,0.0
lKBl,1,0,1,1.0
lKBs,0,0,0,
lKKM,0,1,1,0.0
lKLB,1,0,1,1.0
lKLL,0,1,1,0.0
lKLS,0,0,0,
lKLl,1,0,1,1.0
lKLn,1,0,1,1.0
lKMB,0,2,2,0.0
lKMM,0,0,0,
lKMP,2,0,2,1.0
lKMS,0,1,1,0.0
lKMb,1,0,1,1.0
lKMh,0,1,1,0.0
lKMm,0,1,1,0.0
lKMn,2,2,4,0.5
lKMs,1,2,3,0.33
lKMt,0,1,1,0.0
lKNL,0,1,1,0.0
lKNN,0,1,1,0.0
lKNb,1,0,1,1.0
lKNm,0,1,1,0.0
lKPH,0,0,0,
lKPL,1,0,1,1.0
lKPM,0,0,0,
lKPP,2,2,4,0.5
lKPS,0,1,1,0.0
lKPb,1,2,3,0.33
lKPm,0,0,0,
lKPn,1,0,1,1.0
lKSD,1,0,1,1.0
lKSN,0,1,1,0.0
lKSS,1,0,1,1.0
lKSb,1,0,1,1.0
lKbB,0,2,2,0.0
lKbN,1,0,1,1.0
lKbP,1,0,1,1.0
lKbb,1,0,1,1.0
lKbl,1,0,1,1.0
lKbm,0,0,0,
lKhH,1,0,1,1.0
lKhM,0,0,0,
lKhP,1,0,1,1.0
lKhb,0,0,0,
lKhl,2,1,3,0.67
lKhn,0,2,2,0.0
lKlH,0,1,1,0.0
lKlM,1,0,1,1.0
lKlN,1,0,1,1.0
lKlP,0,1,1,0.0
lKlS,1,1,2,0.5
lKlb,0,1,1,0.0
lKmB,0,1,1,0.0
lKmH,0,1,1,0.0
lKmM,0,1,1,0.0
lKmN,1,0,1,1.0
lKmb,0,2,2,0.0
lKmn,0,0,0,
lKms,0,1,1,0.0
lKnB,1,0,1,1.0
lKnL,2,0,2,1.0
lKnM,1,0,1,1.0
lKnP,0,1,1,0.0
lKnn,1,3,4,0.25
lKns,0,0,0,
lKsM,0,1,1,0.0
lKsS,1,0,1,1.0
lKss,0,1,1,0.0
lKtM,0,1,1,0.0
lLBB,0,2,2,0.0
lLBL,1,1,2,0.5
lLBM,2,0,2,1.0
lLBN,0,1,1,0.0
lLBP,5,2,7,0.71
lLBS,2,1,3,0.67
lLBb,0,2,2,0.0
lLBh,0,1,1,0.0
lLBj,2,1,3,0.67
lLBl,2,2,4,0.5
lLBm,2,1,3,0.67
lLBn,2,1,3,0.67
lLBs,0,1,1,0.0
lLDP,0,0,0,
lLHS,0,0,0,
lLHn,1,0,1,1.0
lLKM,1,0,1,1.0
lLKm,1,0,1,1.0
lLLB,2,0,2,1.0
lLLD,0,1,1,0.0
lLLM,1,0,1,1.0
lLLN,1,1,2,0.5
lLLP,1,1,2,0.5
lLLS,1,1,2,0.5
lLLb,0,3,3,0.0
lLLh,1,2,3,0.33
lLLj,0,0,0,
lLLl,0,1,1,0.0
lLLn,1,0,1,1.0
lLLs,0,1,1,0.0
lLLt,0,1,1,0.0
lLMB,5,2,7,0.71
lLMD,0,1,1,0.0
lLML,3,0,3,1.0
lLMM,3,4,7,0.43
lLMN,3,3,6,0.5
lLMP,2,2,4,0.5
lLMS,2,1,3,0.67
lLMb,1,1,2,0.5
lLMh,1,1,2,0.5
lLMj,0,0,0,
lLMl,1,0,1,1.0
lLMm,3,3,6,0.5
lLMn,3,4,7,0.43
lLMs,4,1,5,0.8
lLMt,0,0,0,
lLNB,2,3,5,0.4
lLND,0,1,1,0.0
lLNH,1,0,1,1.0
lLNL,1,1,2,0.5
lLNM,5,3,8,0.62
lLNN,5,2,7,0.71
lLNP,5,2,7,0.71
lLNS,1,1,2,0.5
lLNb,1,1,2,0.5
lLNh,1,2,3,0.33
lLNl,0,1,1,0.0
lLNm,0,1,1,0.0
lLNn,2,4,6,0.33
lLNs,2,2,4,0.5
lLNt,2,1,3,0.67
lLPB,1,4,5,0.2
lLPD,0,0,0,
lLPH,2,3,5,0.4
lLPK,1,1,2,0.5
lLPL,1,2,3,0.33
lLPM,4,2,6,0.67
lLPN,1,7,8,0.12
lLPP,5,1,6,0.83
lLPS,0,1,1,0.0
lLPb,3,1,4,0.75
lLPh,0,1,1,0.0
lLPl,0,3,3,0.0
lLPm,0,4,4,0.0
lLPn,4,0,4,1.0
lLPs,2,1,3,0.67
lLPt,0,1,1,0.0
lLSB,0,1,1,0.0
lLSH,0,1,1,0.0
lLSK,0,0,0,
lLSL,0,1,1,0.0
lLSM,2,2,4,0.5
lLSN,2,1,3,0.67
lLSP,0,1,1,0.0
lLSS,3,3,6,0.5
lLSb,1,2,3,0.33
lLSh,2,0,2,1.0
lLSl,1,1,2,0.5
lLSm,0,1,1,0.0
lLSn,2,2,4,0.5
lLSs,1,2,3,0.33
lLbB,2,2,4,0.5
lLbH,1,1,2,0.5
lLbK,1,0,1,1.0
lLbL,1,0,1,1.0
lLbM,3,4,7,0.43
lLbN,1,3,4,0.25
lLbP,4,6,10,0.4
lLbS,4,2,6,0.67
lLbb,4,6,10,0.4
lLbl,1,2,3,0.33
lLbm,5,0,5,1.0
lLbn,3,1,4,0.75
lLbs,2,1,3,0.67
lLhB,1,2,3,0.33
lLhH,0,1,1,0.0
lLhM,4,1,5,0.8
lLhN,1,3,4,0.25
lLhP,1,1,2,0.5
lLhS,0,2,2,0.0
lLhb,0,1,1,0.0
lLhh,1,1,2,0.5
lLhl,0,0,0,
lLhm,0,1,1,0.0
lLhn,1,0,1,1.0
lLhs,0,0,0,
lLjB,0,1,1,0.0
lLjH,0,1,1,0.0
lLjL,2,0,2,1.0
lLjM,1,0,1,1.0
lLjN,0,4,4,0.0
lLjP,1,1,2,0.5
lLjl,1,0,1,1.0
lLjm,3,1,4,0.75
lLjn,0,0,0,
lLjs,0,2,2,0.0
lLlB,0,4,4,0.0
lLlH,1,0,1,1.0
lLlK,0,1,1,0.0
lLlM,1,0,1,1.0
lLlN,4,1,5,0.8
lLlP,2,2,4,0.5
lLlS,0,1,1,0.0
lLlb,2,0,2,1.0
lLln,3,2,5,0.6
lLls,1,1,2,0.5
lLmB,0,3,3,0.0
lLmH,0,3,3,0.0
lLmJ,1,0,1,1.0
lLmM,3,2,5,0.6
lLmN,0,3,3,0.0
lLmP,2,3,5,0.4
lLmS,1,1,2,0.5
lLmb,3,4,7,0.43
lLml,0,0,0,
lLmm,1,0,1,1.0
lLmn,4,1,5,0.8
lLms,1,0,1,1.0
lLnB,7,1,8,0.88
lLnD,0,1,1,0.0
lLnH,0,5,5,0.0
lLnK,0,1,1,0.0
lLnL,1,3,4,0.25
lLnM,7,2,9,0.78
lLnN,4,6,10,0.4
lLnP,3,5,8,0.38
lLnS,3,5,8,0.38
lLnb,2,4,6,0.33
lLnh,0,1,1,0.0
lLnl,1,0,1,1.0
lLnm,5,4,9,0.56
lLnn,6,4,10,0.6
lLns,3,1,4,0.75
lLsB,0,2,2,0.0
lLsH,3,2,5,0.6
lLsL,1,3,4,0.25
lLsM,0,1,1,0.0
lLsP,1,4,5,0.2
lLsS,1,1,2,0.5
lLsb,4,0,4,1.0
lLsl,0,2,2,0.0
lLsm,3,0,3,1.0
lLsn,2,0,2,1.0
lLss,1,0,1,1.0
lLtB,1,0,1,1.0
lLtH,0,1,1,0.0
lLtM,1,0,1,1.0
lLtN,1,0,1,1.0
lLtP,1,4,5,0.2
lLtb,1,0,1,1.0
lLtl,0,2,2,0.0
lLtm,0,0,0,
lLtn,0,1,1,0.0
lLts,0,0,0,
lMBB,3,8,11,0.27
lMBD,1,1,2,0.5
lMBK,0,0,0,
lMBL,0,0,0,
lMBM,2,4,6,0.33
lMBN,14,3,17,0.82
lMBP,4,8,12,0.33
lMBS,3,0,3,1.0
lMBb,4,3,7,0.57
lMBh,1,1,2,0.5
lMBj,2,7,9,0.22
lMBl,0,2,2,0.0
lMBm,2,2,4,0.5
lMBn,9,4,13,0.69
lMBs,0,1,1,0.0
lMBt,0,3,3,0.0
lMDB,1,0,1,1.0
lMDM,0,0,0,
lMDN,0,1,1,0.0
lMDS,1,0,1,1.0
lMDb,1,1,2,0.5
lMDm,1,0,1,1.0
lMKM,0,1,1,0.0
lMKm,1,0,1,1.0
lMLB,2,5,7,0.29
lMLL,2,0,2,1.0
lMLM,4,2,6,0.67
lMLN,3,4,7,0.43
lMLP,2,3,5,0.4
lMLS,0,1,1,0.0
lMLb,1,2,3,0.33
lMLh,3,0,3,1.0
lMLj,1,2,3,0.33
lMLl,0,0,0,
lMLm,3,3,6,0.5
lMLn,5,4,9,0.56
lMLs,2,0,2,1.0
lMLt,2,0,2,1.0
lMMB,5,3,8,0.62
lMML,2,0,2,1.0
lMMM,6,13,19,0.32
lMMN,1,7,8,0.12
lMMP,8,8,16,0.5
lMMS,5,3,8,0.62
lMMb,11,3,14,0.79
lMMh,4,9,13,0.31
lMMj,2,2,4,0.5
lMMl,3,3,6,0.5
lMMm,2,6,8,0.25
lMMn,9,12,21,0.43
lMMs,4,4,8,0.5
lMMt,1,0,1,1.0
lMNB,5,3,8,0.62
lMNH,1,0,1,1.0
lMNK,1,1,2,0.5
lMNL,0,1,1,0.0
lMNM,5,4,9,0.56
lMNN,6,10,16,0.38
lMNP,8,8,16,0.5
lMNS,4,1,5,0.8
lMNb,5,10,15,0.33
lMNh,2,2,4,0.5
lMNl,5,1,6,0.83
lMNm,4,5,9,0.44
lMNn,11,9,20,0.55
lMNs,2,4,6,0.33
lMNt,0,2,2,0.0
lMPB,9,4,13,0.69
lMPD,0,1,1,0.0
lMPH,3,2,5,0.6
lMPI,1,0,1,1.0
lMPK,2,1,3,0.67
lMPL,1,2,3,0.33
lMPM,4,9,13,0.31
lMPN,7,7,14,0.5
lMPP,14,11,25,0.56
lMPS,5,5,10,0.5
lMPb,10,15,25,0.4
lMPh,2,2,4,0.5
lMPl,1,5,6,0.17
lMPm,8,9,17,0.47
lMPn,10,10,20,0.5
lMPs,3,4,7,0.43
lMPt,0,2,2,0.0
lMSB,2,0,2,1.0
lMSD,0,1,1,0.0
lMSH,2,1,3,0.67
lMSK,1,0,1,1.0
lMSL,1,1,2,0.5
lMSM,5,5,10,0.5
lMSN,5,8,13,0.38
lMSP,4,8,12,0.33
lMSS,3,2,5,0.6
lMSb,5,4,9,0.56
lMSh,4,7,11,0.36
lMSl,2,3,5,0.4
lMSm,7,2,9,0.78
lMSn,5,3,8,0.62
lMSs,3,4,7,0.43
lMbB,3,7,10,0.3
lMbD,1,1,2,0.5
lMbH,2,0,2,1.0
lMbI,0,2,2,0.0
lMbJ,3,3,6,0.5
lMbK,0,1,1,0.0
lMbL,0,2,2,0.0
lMbM,4,8,12,0.33
lMbN,14,4,18,0.78
lMbP,9,20,29,0.31
lMbS,3,5,8,0.38
lMbb,8,3,11,0.73
lMbl,0,2,2,0.0
lMbm,8,3,11,0.73
lMbn,13,8,21,0.62
lMbs,2,5,7,0.29
lMhB,4,1,5,0.8
lMhD,1,1,2,0.5
lMhH,2,1,3,0.67
lMhL,1,1,2,0.5
lMhM,4,8,12,0.33
lMhN,3,2,5,0.6
lMhP,9,9,18,0.5
lMhS,2,2,4,0.5
lMhb,3,9,12,0.25
lMhh,3,5,8,0.38
lMhl,2,2,4,0.5
lMhm,6,6,12,0.5
lMhn,5,4,9,0.56
lMhs,0,4,4,0.0
lMht,0,2,2,0.0
lMjB,3,0,3,1.0
lMjD,1,0,1,1.0
lMjH,1,0,1,1.0
lMjK,0,1,1,0.0
lMjM,1,1,2,0.5
lMjN,2,3,5,0.4
lMjP,6,1,7,0.86
lMjS,3,2,5,0.6
lMjb,1,3,4,0.25
lMjh,0,2,2,0.0
lMjl,2,1,3,0.67
lMjm,2,2,4,0.5
lMjn,1,1,2,0.5
lMjs,2,3,5,0.4
lMjt,0,1,1,0.0
lMlB,2,0,2,1.0
lMlH,2,5,7,0.29
lMlJ,1,0,1,1.0
lMlK,2,0,2,1.0
lMlL,4,1,5,0.8
lMlM,6,5,11,0.55
lMlN,5,6,11,0.45
lMlP,6,5,11,0.55
lMlS,4,2,6,0.67
lMlb,6,3,9,0.67
lMlm,3,2,5,0.6
lMln,5,6,11,0.45
lMls,1,4,5,0.2
lMmB,4,4,8,0.5
lMmH,1,4,5,0.2
lMmK,1,1,2,0.5
lMmL,2,1,3,0.67
lMmM,3,2,5,0.6
lMmN,3,3,6,0.5
lMmP,1,7,8,0.12
lMmS,3,3,6,0.5
lMmb,9,2,11,0.82
lMml,0,1,1,0.0
lMmm,3,2,5,0.6
lMmn,6,6,12,0.5
lMms,1,3,4,0.25
lMnB,4,6,10,0.4
lMnD,1,1,2,0.5
lMnH,4,6,10,0.4
lMnI,1,0,1,1.0
lMnK,1,1,2,0.5
lMnL,3,4,7,0.43
lMnM,7,13,20,0.35
lMnN,15,10,25,0.6
lMnP,17,17,34,0.5
lMnS,10,5,15,0.67
lMnb,8,4,12,0.67
lMnh,0,1,1,0.0
lMnl,3,5,8,0.38
lMnm,5,2,7,0.71
lMnn,19,17,36,0.53
lMns,2,7,9,0.22
lMsB,2,4,6,0.33
lMsH,2,3,5,0.4
lMsI,0,1,1,0.0
lMsK,0,1,1,0.0
lMsL,2,1,3,0.67
lMsM,1,4,5,0.2
lMsN,4,2,6,0.67
lMsP,8,5,13,0.62
lMsS,3,3,6,0.5
lMsb,5,2,7,0.71
lMsh,2,0,2,1.0
lMsl,3,5,8,0.38
lMsm,4,1,5,0.8
lMsn,4,2,6,0.67
lMss,2,5,7,0.29
lMtH,0,1,1,0.0
lMtM,2,3,5,0.4
lMtN,4,1,5,0.8
lMtP,5,0,5,1.0
lMtS,1,0,1,1.0
lMtb,1,1,2,0.5
lMtl,0,1,1,0.0
lMtm,1,0,1,1.0
lMtn,2,1,3,0.67
lMts,1,2,3,0.33
lNBB,2,2,4,0.5
lNBD,1,0,1,1.0
lNBK,0,0,0,
lNBL,4,0,4,1.0
lNBM,5,7,12,0.42
lNBN,3,4,7,0.43
lNBP,6,4,10,0.6
lNBS,6,4,10,0.6
lNBb,5,7,12,0.42
lNBh,0,1,1,0.0
lNBj,0,1,1,0.0
lNBl,1,1,2,0.5
lNBm,3,1,4,0.75
lNBn,3,7,10,0.3
lNBs,2,1,3,0.67
lNBt,1,0,1,1.0
lNDH,1,1,2,0.5
lNDN,0,1,1,0.0
lNDP,0,1,1,0.0
lNDS,1,0,1,1.0
lNDb,0,1,1,0.0
lNDm,0,1,1,0.0
lNDn,2,0,2,1.0
lNHB,1,0,1,1.0
lNHM,2,0,2,1.0
lNHP,0,2,2,0.0
lNHS,1,0,1,1.0
lNHb,3,0,3,1.0
lNHh,0,1,1,0.0
lNHm,1,1,2,0.5
lNHn,2,1,3,0.67
lNHs,1,0,1,1.0
lNIL,0,1,1,0.0
lNKB,1,0,1,1.0
lNKM,1,0,1,1.0
lNKN,0,1,1,0.0
lNKP,2,0,2,1.0
lNKS,0,0,0,
lNKb,1,1,2,0.5
lNKh,1,0,1,1.0
lNKl,1,0,1,1.0
lNKn,0,1,1,0.0
lNKs,0,0,0,
lNLB,4,3,7,0.57
lNLL,0,1,1,0.0
lNLM,4,2,6,0.67
lNLN,1,5,6,0.17
lNLP,9,5,14,0.64
lNLS,1,1,2,0.5
lNLb,3,4,7,0.43
lNLh,3,1,4,0.75
lNLj,1,1,2,0.5
lNLl,0,2,2,0.0
lNLm,3,2,5,0.6
lNLn,4,5,9,0.44
lNLs,1,1,2,0.5
lNLt,1,1,2,0.5
lNMB,9,3,12,0.75
lNML,3,1,4,0.75
lNMM,5,13,18,0.28
lNMN,6,5,11,0.55
lNMP,9,13,22,0.41
lNMS,6,4,10,0.6
lNMb,6,12,18,0.33
lNMh,9,3,12,0.75
lNMj,5,2,7,0.71
lNMl,3,2,5,0.6
lNMm,7,8,15,0.47
lNMn,10,5,15,0.67
lNMs,6,1,7,0.86
lNMt,1,1,2,0.5
lNNB,6,6,12,0.5
lNND,1,0,1,1.0
lNNH,1,1,2,0.5
lNNL,4,3,7,0.57
lNNM,9,8,17,0.53
lNNN,11,10,21,0.52
lNNP,13,15,28,0.46
lNNS,3,6,9,0.33
lNNb,3,9,12,0.25
lNNh,6,5,11,0.55
lNNl,4,4,8,0.5
lNNm,3,5,8,0.38
lNNn,17,10,27,0.63
lNNs,7,4,11,0.64
lNNt,2,3,5,0.4
lNPB,9,9,18,0.5
lNPD,1,0,1,1.0
lNPH,2,3,5,0.4
lNPK,0,1,1,0.0
lNPL,6,4,10,0.6
lNPM,15,22,37,0.41
lNPN,6,12,18,0.33
lNPP,25,17,42,0.6
lNPS,10,9,19,0.53
lNPb,10,11,21,0.48
lNPh,1,5,6,0.17
lNPl,9,7,16,0.56
lNPm,11,6,17,0.65
lNPn,9,12,21,0.43
lNPs,8,10,18,0.44
lNPt,2,0,2,1.0
lNSB,1,3,4,0.25
lNSH,0,2,2,0.0
lNSL,4,0,4,1.0
lNSM,8,6,14,0.57
lNSN,2,7,9,0.22
lNSP,4,5,9,0.44
lNSS,4,2,6,0.67
lNSb,3,4,7,0.43
lNSh,1,5,6,0.17
lNSl,1,1,2,0.5
lNSm,6,3,9,0.67
lNSn,9,6,15,0.6
lNSs,4,5,9,0.44
lNbB,9,8,17,0.53
lNbD,0,1,1,0.0
lNbH,0,2,2,0.0
lNbJ,2,5,7,0.29
lNbK,0,2,2,0.0
lNbL,3,1,4,0.75
lNbM,6,7,13,0.46
lNbN,11,10,21,0.52
lNbP,15,13,28,0.54
lNbS,1,3,4,0.25
lNbb,6,9,15,0.4
lNbl,4,5,9,0.44
lNbm,5,6,11,0.45
lNbn,7,11,18,0.39
lNbs,3,4,7,0.43
lNhB,1,0,1,1.0
lNhH,1,1,2,0.5
lNhI,1,0,1,1.0
lNhL,1,0,1,1.0
lNhM,2,6,8,0.25
lNhN,6,3,9,0.67
lNhP,5,8,13,0.38
lNhS,2,3,5,0.4
lNhb,2,4,6,0.33
lNhh,2,6,8,0.25
lNhl,1,1,2,0.5
lNhm,1,0,1,1.0
lNhn,5,4,9,0.56
lNhs,0,1,1,0.0
lNht,0,1,1,0.0
lNlB,1,3,4,0.25
lNlH,1,2,3,0.33
lNlL,3,0,3,1.0
lNlM,6,3,9,0.67
lNlN,4,3,7,0.57
lNlP,4,5,9,0.44
lNlS,3,3,6,0.5
lNlb,2,1,3,0.67
lNll,5,0,5,1.0
lNlm,4,2,6,0.67
lNln,5,6,11,0.45
lNls,1,3,4,0.25
lNmB,7,3,10,0.7
lNmH,6,5,11,0.55
lNmI,1,0,1,1.0
lNmJ,2,0,2,1.0
lNmL,0,0,0,
lNmM,7,3,10,0.7
lNmN,8,13,21,0.38
lNmP,7,8,15,0.47
lNmS,2,2,4,0.5
lNmb,5,5,10,0.5
lNml,0,3,3,0.0
lNmm,1,1,2,0.5
lNmn,1,6,7,0.14
lNms,1,5,6,0.17
lNnB,7,3,10,0.7
lNnD,0,2,2,0.0
lNnH,8,11,19,0.42
lNnI,1,0,1,1.0
lNnK,1,2,3,0.33
lNnL,8,4,12,0.67
lNnM,14,11,25,0.56
lNnN,16,11,27,0.59
lNnP,19,9,28,0.68
lNnS,10,8,18,0.56
lNnb,12,6,18,0.67
lNnh,1,0,1,1.0
lNnl,6,4,10,0.6
lNnm,9,6,15,0.6
lNnn,12,10,22,0.55
lNns,8,6,14,0.57
lNsB,1,3,4,0.25
lNsD,1,0,1,1.0
lNsH,1,5,6,0.17
lNsI,0,1,1,0.0
lNsL,2,1,3,0.67
lNsM,2,2,4,0.5
lNsN,4,4,8,0.5
lNsP,7,6,13,0.54
lNsS,5,8,13,0.38
lNsb,7,5,12,0.58
lNsh,0,1,1,0.0
lNsl,1,1,2,0.5
lNsm,6,3,9,0.67
lNsn,6,2,8,0.75
lNss,5,1,6,0.83
lNst,1,0,1,1.0
lNtB,3,0,3,1.0
lNtD,0,1,1,0.0
lNtH,0,0,0,
lNtL,0,0,0,
lNtM,2,0,2,1.0
lNtN,2,1,3,0.67
lNtP,1,1,2,0.5
lNtS,2,4,6,0.33
lNtb,1,4,5,0.2
lNtl,0,0,0,
lNtm,1,0,1,1.0
lNtn,0,0,0,
lNts,2,1,3,0.67
lNtt,0,0,0,
lPBB,3,5,8,0.38
lPBD,0,1,1,0.0
lPBL,4,5,9,0.44
lPBM,11,6,17,0.65
lPBN,5,5,10,0.5
lPBP,11,6,17,0.65
lPBS,5,7,12,0.42
lPBb,15,6,21,0.71
lPBh,1,0,1,1.0
lPBj,1,3,4,0.25
lPBl,5,6,11,0.45
lPBm,3,3,6,0.5
lPBn,9,6,15,0.6
lPBs,4,5,9,0.44
lPBt,1,0,1,1.0
lPDL,0,1,1,0.0
lPDP,1,1,2,0.5
lPDb,1,1,2,0.5
lPDn,2,0,2,1.0
lPDs,1,1,2,0.5
lPHB,1,1,2,0.5
lPHD,1,0,1,1.0
lPHH,1,2,3,0.33
lPHL,1,1,2,0.5
lPHM,5,3,8,0.62
lPHN,2,2,4,0.5
lPHP,4,4,8,0.5
lPHS,1,1,2,0.5
lPHb,6,4,10,0.6
lPHh,2,0,2,1.0
lPHl,2,0,2,1.0
lPHm,1,1,2,0.5
lPHn,2,3,5,0.4
lPHs,0,7,7,0.0
lPHt,2,0,2,1.0
lPIH,0,0,0,
lPIM,1,0,1,1.0
lPIN,1,1,2,0.5
lPIP,0,1,1,0.0
lPIS,1,2,3,0.33
lPIb,1,1,2,0.5
lPIl,1,0,1,1.0
lPKH,1,0,1,1.0
lPKL,2,0,2,1.0
lPKM,0,0,0,
lPKN,1,2,3,0.33
lPKP,2,0,2,1.0
lPKS,0,1,1,0.0
lPKb,0,1,1,0.0
lPKh,0,0,0,
lPKl,0,1,1,0.0
lPKm,2,1,3,0.67
lPKn,1,0,1,1.0
lPKs,0,1,1,0.0
lPLB,4,4,8,0.5
lPLD,1,0,1,1.0
lPLM,4,6,10,0.4
lPLN,4,7,11,0.36
lPLP,6,4,10,0.6
lPLS,4,6,10,0.4
lPLb,4,4,8,0.5
lPLh,3,2,5,0.6
lPLj,0,0,0,
lPLl,1,3,4,0.25
lPLm,6,1,7,0.86
lPLn,4,3,7,0.57
lPLs,0,1,1,0.0
lPLt,1,0,1,1.0
lPMB,8,7,15,0.53
lPML,5,2,7,0.71
lPMM,14,8,22,0.64
lPMN,7,6,13,0.54
lPMP,9,14,23,0.39
lPMS,6,11,17,0.35
lPMb,17,13,30,0.57
lPMh,9,6,15,0.6
lPMj,4,6,10,0.4
lPMl,3,6,9,0.33
lPMm,8,7,15,0.53
lPMn,9,20,29,0.31
lPMs,3,3,6,0.5
lPMt,2,1,3,0.67
lPNB,7,5,12,0.58
lPND,0,1,1,0.0
lPNH,0,1,1,0.0
lPNL,1,4,5,0.2
lPNM,5,13,18,0.28
lPNN,8,7,15,0.53
lPNP,13,21,34,0.38
lPNS,6,6,12,0.5
lPNb,4,8,12,0.33
lPNh,7,5,12,0.58
lPNl,6,4,10,0.6
lPNm,10,4,14,0.71
lPNn,7,12,19,0.37
lPNs,3,9,12,0.25
lPNt,3,2,5,0.6
lPPB,19,8,27,0.7
lPPD,2,2,4,0.5
lPPH,3,2,5,0.6
lPPI,2,2,4,0.5
lPPK,1,0,1,1.0
lPPL,10,5,15,0.67
lPPM,13,13,26,0.5
lPPN,15,6,21,0.71
lPPP,29,22,51,0.57
lPPS,15,11,26,0.58
lPPb,12,17,29,0.41
lPPh,1,0,1,1.0
lPPl,11,13,24,0.46
lPPm,12,6,18,0.67
lPPn,12,12,24,0.5
lPPs,12,9,21,0.57
lPPt,2,1,3,0.67
lPSB,2,6,8,0.25
lPSH,3,3,6,0.5
lPSL,3,2,5,0.6
lPSM,3,8,11,0.27
lPSN,9,3,12,0.75
lPSP,5,9,14,0.36
lPSS,3,3,6,0.5
lPSb,4,6,10,0.4
lPSh,3,0,3,1.0
lPSl,6,7,13,0.46
lPSm,5,3,8,0.62
lPSn,7,10,17,0.41
lPSs,5,3,8,0.62
lPbB,11,4,15,0.73
lPbD,0,0,0,
lPbH,2,6,8,0.25
lPbI,0,2,2,0.0
lPbJ,5,1,6,0.83
lPbK,0,1,1,0.0
lPbL,3,5,8,0.38
lPbM,14,11,25,0.56
lPbN,8,7,15,0.53
lPbP,11,9,20,0.55
lPbS,2,8,10,0.2
lPbb,15,9,24,0.62
lPbh,0,1,1,0.0
lPbl,6,5,11,0.55
lPbm,5,4,9,0.56
lPbn,12,15,27,0.44
lPbs,1,5,6,0.17
lPhB,2,0,2,1.0
lPhL,2,0,2,1.0
lPhN,1,2,3,0.33
lPhP,1,2,3,0.33
lPhS,1,1,2,0.5
lPhb,2,2,4,0.5
lPhh,1,2,3,0.33
lPhl,1,4,5,0.2
lPhn,2,0,2,1.0
lPhs,1,1,2,0.5
lPlB,1,5,6,0.17
lPlH,3,3,6,0.5
lPlJ,0,1,1,0.0
lPlK,0,0,0,
lPlL,3,1,4,0.75
lPlM,8,7,15,0.53
lPlN,9,2,11,0.82
lPlP,6,10,16,0.38
lPlS,5,5,10,0.5
lPlb,8,4,12,0.67
lPll,2,3,5,0.4
lPlm,2,5,7,0.29
lPln,1,3,4,0.25
lPls,3,3,6,0.5
lPmB,2,5,7,0.29
lPmD,1,0,1,1.0
lPmH,4,8,12,0.33
lPmJ,2,1,3,0.67
lPmL,3,2,5,0.6
lPmM,9,9,18,0.5
lPmN,7,9,16,0.44
lPmP,9,10,19,0.47
lPmS,5,8,13,0.38
lPmb,8,3,11,0.73
lPml,3,2,5,0.6
lPmm,4,3,7,0.57
lPmn,7,7,14,0.5
lPms,0,2,2,0.0
lPnB,8,2,10,0.8
lPnH,8,4,12,0.67
lPnI,1,0,1,1.0
lPnK,1,0,1,1.0
lPnL,5,4,9,0.56
lPnM,9,10,19,0.47
lPnN,11,7,18,0.61
lPnP,14,14,28,0.5
lPnS,8,5,13,0.62
lPnb,11,2,13,0.85
lPnh,3,0,3,1.0
lPnl,6,2,8,0.75
lPnm,9,7,16,0.56
lPnn,12,7,19,0.63
lPns,3,10,13,0.23
lPsB,3,6,9,0.33
lPsD,0,0,0,
lPsH,4,2,6,0.67
lPsI,1,1,2,0.5
lPsL,3,1,4,0.75
lPsM,3,9,12,0.25
lPsN,11,2,13,0.85
lPsP,5,12,17,0.29
lPsS,5,8,13,0.38
lPsb,3,5,8,0.38
lPsl,5,3,8,0.62
lPsm,4,4,8,0.5
lPsn,2,4,6,0.33
lPss,2,1,3,0.67
lPtB,1,0,1,1.0
lPtH,0,2,2,0.0
lPtM,1,3,4,0.25
lPtN,2,0,2,1.0
lPtP,1,1,2,0.5
lPtS,2,2,4,0.5
lPtb,0,2,2,0.0
lPtl,1,2,3,0.33
lPtm,0,1,1,0.0
lPtn,2,0,2,1.0
lPts,1,1,2,0.5
lSBB,4,3,7,0.57
lSBL,0,1,1,0.0
lSBM,1,1,2,0.5
lSBN,1,5,6,0.17
lSBP,1,2,3,0.33
lSBS,0,1,1,0.0
lSBb,5,4,9,0.56
lSBh,2,0,2,1.0
lSBj,1,2,3,0.33
lSBl,3,3,6,0.5
lSBm,1,0,1,1.0
lSBn,2,4,6,0.33
lSBs,1,4,5,0.2
lSDH,0,1,1,0.0
lSDL,0,1,1,0.0
lSDn,0,1,1,0.0
lSHB,0,1,1,0.0
lSHL,0,3,3,0.0
lSHM,1,2,3,0.33
lSHN,1,2,3,0.33
lSHP,2,3,5,0.4
lSHS,1,2,3,0.33
lSHb,1,0,1,1.0
lSHh,0,1,1,0.0
lSHl,0,1,1,0.0
lSHn,1,1,2,0.5
lSHs,0,1,1,0.0
lSIb,1,0,1,1.0
lSIs,0,1,1,0.0
lSKP,0,2,2,0.0
lSKn,1,0,1,1.0
lSLL,0,0,0,
lSLM,1,3,4,0.25
lSLN,1,4,5,0.2
lSLP,4,2,6,0.67
lSLS,1,1,2,0.5
lSLb,3,3,6,0.5
lSLh,0,1,1,0.0
lSLl,1,1,2,0.5
lSLm,1,1,2,0.5
lSLn,4,1,5,0.8
lSLs,1,0,1,1.0
lSLt,0,1,1,0.0
lSMB,1,2,3,0.33
lSML,3,0,3,1.0
lSMM,3,8,11,0.27
lSMN,5,1,6,0.83
lSMP,9,7,16,0.56
lSMS,4,4,8,0.5
lSMb,5,4,9,0.56
lSMh,3,3,6,0.5
lSMj,0,0,0,
lSMl,1,3,4,0.25
lSMm,3,3,6,0.5
lSMn,2,10,12,0.17
lSMs,3,6,9,0.33
lSMt,2,0,2,1.0
lSNB,5,1,6,0.83
lSNH,1,0,1,1.0
lSNK,1,0,1,1.0
lSNL,2,2,4,0.5
lSNM,4,6,10,0.4
lSNN,5,10,15,0.33
lSNP,5,9,14,0.36
lSNS,3,2,5,0.6
lSNb,2,1,3,0.67
lSNh,2,1,3,0.67
lSNl,2,2,4,0.5
lSNm,8,2,10,0.8
lSNn,6,10,16,0.38
lSNs,1,3,4,0.25
lSNt,2,1,3,0.67
lSPB,6,4,10,0.6
lSPH,2,2,4,0.5
lSPI,1,0,1,1.0
lSPK,1,0,1,1.0
lSPL,2,8,10,0.2
lSPM,2,9,11,0.18
lSPN,4,4,8,0.5
lSPP,11,6,17,0.65
lSPS,3,5,8,0.38
lSPb,10,4,14,0.71
lSPh,1,0,1,1.0
lSPl,5,4,9,0.56
lSPm,8,3,11,0.73
lSPn,7,8,15,0.47
lSPs,4,5,9,0.44
lSPt,0,1,1,0.0
lSSB,2,2,4,0.5
lSSH,3,2,5,0.6
lSSK,1,0,1,1.0
lSSL,1,3,4,0.25
lSSM,3,3,6,0.5
lSSN,4,2,6,0.67
lSSP,7,4,11,0.64
lSSS,6,4,10,0.6
lSSb,2,8,10,0.2
lSSh,4,4,8,0.5
lSSl,5,1,6,0.83
lSSm,3,6,9,0.33
lSSn,3,3,6,0.5
lSSs,3,4,7,0.43
lSSt,1,0,1,1.0
lSbB,3,2,5,0.6
lSbD,0,1,1,0.0
lSbH,3,3,6,0.5
lSbJ,2,0,2,1.0
lSbL,2,3,5,0.4
lSbM,2,1,3,0.67
lSbN,10,9,19,0.53
lSbP,9,3,12,0.75
lSbS,6,1,7,0.86
lSbb,5,1,6,0.83
lSbl,1,2,3,0.33
lSbm,4,3,7,0.57
lSbn,8,6,14,0.57
lSbs,1,2,3,0.33
lShB,3,3,6,0.5
lShM,2,3,5,0.4
lShN,3,1,4,0.75
lShP,3,9,12,0.25
lShS,5,1,6,0.83
lShb,4,5,9,0.44
lShh,2,4,6,0.33
lShl,1,0,1,1.0
lShm,6,3,9,0.67
lShn,7,6,13,0.54
lShs,5,3,8,0.62
lSlB,1,0,1,1.0
lSlD,0,0,0,
lSlH,3,0,3,1.0
lSlI,0,1,1,0.0
lSlJ,1,0,1,1.0
lSlL,1,2,3,0.33
lSlM,0,2,2,0.0
lSlN,1,1,2,0.5
lSlP,5,2,7,0.71
lSlS,3,3,6,0.5
lSlb,4,1,5,0.8
lSll,2,1,3,0.67
lSlm,2,3,5,0.4
lSln,1,1,2,0.5
lSls,2,2,4,0.5
lSmB,1,1,2,0.5
lSmD,1,0,1,1.0
lSmH,2,0,2,1.0
lSmJ,2,0,2,1.0
lSmK,0,1,1,0.0
lSmL,0,2,2,0.0
lSmM,3,3,6,0.5
lSmN,3,4,7,0.43
lSmP,4,8,12,0.33
lSmS,4,2,6,0.67
lSmb,2,1,3,0.67
lSml,2,3,5,0.4
lSmm,1,0,1,1.0
lSmn,5,4,9,0.56
lSms,1,2,3,0.33
lSnB,3,3,6,0.5
lSnD,2,0,2,1.0
lSnH,3,3,6,0.5
lSnI,2,0,2,1.0
lSnK,2,1,3,0.67
lSnL,1,3,4,0.25
lSnM,3,8,11,0.27
lSnN,6,10,16,0.38
lSnP,4,4,8,0.5
lSnS,4,4,8,0.5
lSnb,4,6,10,0.4
lSnl,2,3,5,0.4
lSnm,4,2,6,0.67
lSnn,3,3,6,0.5
lSns,2,4,6,0.33
lSsB,0,3,3,0.0
lSsD,1,1,2,0.5
lSsH,2,5,7,0.29
lSsI,0,1,1,0.0
lSsL,1,1,2,0.5
lSsM,5,6,11,0.45
lSsN,1,5,6,0.17
lSsP,6,5,11,0.55
lSsS,2,9,11,0.18
lSsb,3,2,5,0.6
lSsh,1,0,1,1.0
lSsl,1,5,6,0.17
lSsm,3,1,4,0.75
lSsn,3,4,7,0.43
lSss,7,5,12,0.58
lStB,3,1,4,0.75
lStL,1,0,1,1.0
lStM,0,1,1,0.0
lStN,1,1,2,0.5
lStS,2,0,2,1.0
lStb,1,0,1,1.0
lStl,2,1,3,0.67
lStm,2,0,2,1.0
lStn,0,1,1,0.0
lStt,0,0,0,
lbBB,3,3,6,0.5
lbBK,0,1,1,0.0
lbBL,2,0,2,1.0
lbBM,6,7,13,0.46
lbBN,4,9,13,0.31
lbBP,13,2,15,0.87
lbBS,0,4,4,0.0
lbBb,8,6,14,0.57
lbBh,3,1,4,0.75
lbBj,2,4,6,0.33
lbBl,3,1,4,0.75
lbBm,7,2,9,0.78
lbBn,10,5,15,0.67
lbBs,1,5,6,0.17
lbBt,2,3,5,0.4
lbDB,0,1,1,0.0
lbDH,1,2,3,0.33
lbDL,0,2,2,0.0
lbDP,1,0,1,1.0
lbDb,1,0,1,1.0
lbDl,1,0,1,1.0
lbDs,0,0,0,
lbHB,0,1,1,0.0
lbHH,1,0,1,1.0
lbHL,1,1,2,0.5
lbHM,4,1,5,0.8
lbHN,1,4,5,0.2
lbHP,3,2,5,0.6
lbHS,3,1,4,0.75
lbHb,2,1,3,0.67
lbHl,1,0,1,1.0
lbHm,1,1,2,0.5
lbHn,3,0,3,1.0
lbHs,1,1,2,0.5
lbIB,1,0,1,1.0
lbID,1,0,1,1.0
lbIH,1,0,1,1.0
lbII,1,0,1,1.0
lbIM,0,2,2,0.0
lbIN,1,0,1,1.0
lbIP,0,1,1,0.0
lbIm,1,0,1,1.0
lbIn,1,0,1,1.0
lbIs,1,0,1,1.0
lbJB,3,3,6,0.5
lbJH,2,1,3,0.67
lbJL,1,2,3,0.33
lbJM,2,4,6,0.33
lbJN,1,2,3,0.33
lbJP,1,1,2,0.5
lbJb,2,2,4,0.5
lbJh,0,1,1,0.0
lbJl,1,1,2,0.5
lbJm,0,3,3,0.0
lbJs,0,1,1,0.0
lbKB,0,1,1,0.0
lbKM,2,1,3,0.67
lbKN,2,0,2,1.0
lbKP,0,2,2,0.0
lbKS,1,0,1,1.0
lbKh,0,1,1,0.0
lbKm,0,1,1,0.0
lbKs,0,2,2,0.0
lbKt,1,0,1,1.0
lbLB,2,3,5,0.4
lbLL,1,1,2,0.5
lbLM,4,4,8,0.5
lbLN,2,1,3,0.67
lbLP,2,5,7,0.29
lbLS,3,4,7,0.43
lbLb,6,2,8,0.75
lbLh,2,0,2,1.0
lbLj,0,1,1,0.0
lbLl,4,0,4,1.0
lbLm,1,2,3,0.33
lbLn,3,5,8,0.38
lbLs,3,1,4,0.75
lbLt,1,0,1,1.0
lbMB,2,5,7,0.29
lbML,3,2,5,0.6
lbMM,15,11,26,0.58
lbMN,4,8,12,0.33
lbMP,10,14,24,0.42
lbMS,7,4,11,0.64
lbMb,9,8,17,0.53
lbMh,9,8,17,0.53
lbMj,3,2,5,0.6
lbMl,7,1,8,0.88
lbMm,7,2,9,0.78
lbMn,10,13,23,0.43
lbMs,4,3,7,0.57
lbMt,1,0,1,1.0
lbNB,9,2,11,0.82
lbND,3,0,3,1.0
lbNH,1,2,3,0.33
lbNK,0,1,1,0.0
lbNL,7,1,8,0.88
lbNM,3,11,14,0.21
lbNN,8,6,14,0.57
lbNP,18,22,40,0.45
lbNS,6,5,11,0.55
lbNb,13,8,21,0.62
lbNh,4,5,9,0.44
lbNl,6,0,6,1.0
lbNm,9,8,17,0.53
lbNn,9,11,20,0.45
lbNs,4,9,13,0.31
lbNt,1,1,2,0.5
lbPB,6,6,12,0.5
lbPD,1,0,1,1.0
lbPH,3,1,4,0.75
lbPK,2,1,3,0.67
lbPL,4,3,7,0.57
lbPM,13,7,20,0.65
lbPN,12,8,20,0.6
lbPP,26,20,46,0.57
lbPS,3,4,7,0.43
lbPb,28,11,39,0.72
lbPh,0,0,0,
lbPl,10,7,17,0.59
lbPm,10,3,13,0.77
lbPn,7,11,18,0.39
lbPs,2,9,11,0.18
lbPt,2,0,2,1.0
lbSB,4,2,6,0.67
lbSD,0,1,1,0.0
lbSH,1,1,2,0.5
lbSL,3,0,3,1.0
lbSM,1,1,2,0.5
lbSN,4,2,6,0.67
lbSP,6,9,15,0.4
lbSS,3,3,6,0.5
lbSb,5,5,10,0.5
lbSh,1,2,3,0.33
lbSl,2,6,8,0.25
lbSm,2,2,4,0.5
lbSn,8,4,12,0.67
lbSs,3,5,8,0.38
lbbB,9,11,20,0.45
lbbD,1,0,1,1.0
lbbH,5,2,7,0.71
lbbI,2,0,2,1.0
lbbJ,4,1,5,0.8
lbbK,0,3,3,0.0
lbbL,3,3,6,0.5
lbbM,12,5,17,0.71
lbbN,13,16,29,0.45
lbbP,20,13,33,0.61
lbbS,4,2,6,0.67
lbbb,13,9,22,0.59
lbbl,3,5,8,0.38
lbbm,2,4,6,0.33
lbbn,8,11,19,0.42
lbbs,9,2,11,0.82
lblB,6,4,10,0.6
lblH,1,0,1,1.0
lblI,0,1,1,0.0
lblJ,1,0,1,1.0
lblL,1,1,2,0.5
lblM,6,9,15,0.4
lblN,1,11,12,0.08
lblP,4,4,8,0.5
lblS,4,2,6,0.67
lblb,3,3,6,0.5
lbll,2,3,5,0.4
lblm,5,1,6,0.83
lbln,1,2,3,0.33
lbls,2,4,6,0.33
lbmB,5,8,13,0.38
lbmH,3,6,9,0.33
lbmJ,0,1,1,0.0
lbmL,2,1,3,0.67
lbmM,5,2,7,0.71
lbmN,8,8,16,0.5
lbmP,5,8,13,0.38
lbmS,3,3,6,0.5
lbmb,3,4,7,0.43
lbml,0,1,1,0.0
lbmm,3,5,8,0.38
lbmn,5,3,8,0.62
lbms,1,3,4,0.25
lbnB,5,4,9,0.56
lbnD,1,0,1,1.0
lbnH,3,1,4,0.75
lbnI,2,0,2,1.0
lbnK,0,0,0,
lbnL,2,1,3,0.67
lbnM,3,7,10,0.3
lbnN,8,10,18,0.44
lbnP,10,12,22,0.45
lbnS,8,2,10,0.8
lbnb,6,9,15,0.4
lbnl,2,3,5,0.4
lbnm,4,4,8,0.5
lbnn,8,10,18,0.44
lbns,2,5,7,0.29
lbsB,1,0,1,1.0
lbsH,5,2,7,0.71
lbsI,1,0,1,1.0
lbsK,0,1,1,0.0
lbsL,0,3,3,0.0
lbsM,0,1,1,0.0
lbsN,8,4,12,0.67
lbsP,6,2,8,0.75
lbsS,1,3,4,0.25
lbsb,4,4,8,0.5
lbsl,2,0,2,1.0
lbsm,2,4,6,0.33
lbsn,2,1,3,0.67
lbss,0,2,2,0.0
llBB,4,3,7,0.57
llBD,1,1,2,0.5
llBK,0,0,0,
llBL,3,1,4,0.75
llBM,1,3,4,0.25
llBN,3,2,5,0.6
llBP,3,5,8,0.38
llBS,1,6,7,0.14
llBb,2,2,4,0.5
llBj,2,2,4,0.5
llBl,0,1,1,0.0
llBm,3,5,8,0.38
llBn,6,5,11,0.55
llBs,0,0,0,
llDH,0,1,1,0.0
llDS,0,1,1,0.0
llDm,1,0,1,1.0
llDn,1,0,1,1.0
llDs,1,0,1,1.0
llHB,2,2,4,0.5
llHD,1,2,3,0.33
llHH,1,0,1,1.0
llHK,0,1,1,0.0
llHL,2,0,2,1.0
llHM,1,0,1,1.0
llHN,1,4,5,0.2
llHP,7,6,13,0.54
llHb,1,0,1,1.0
llHh,1,0,1,1.0
llHl,2,1,3,0.67
llHm,4,3,7,0.57
llHn,3,4,7,0.43
llHs,1,1,2,0.5
llIB,0,1,1,0.0
llIN,1,0,1,1.0
llIl,0,0,0,
llJB,1,1,2,0.5
llJH,1,0,1,1.0
llJM,2,2,4,0.5
llJN,0,2,2,0.0
llJP,0,2,2,0.0
llJS,1,0,1,1.0
llJb,2,2,4,0.5
llJn,1,0,1,1.0
llKP,2,0,2,1.0
llKb,1,0,1,1.0
llKl,0,1,1,0.0
llKs,1,0,1,1.0
llLB,1,0,1,1.0
llLL,2,0,2,1.0
llLM,4,2,6,0.67
llLN,3,1,4,0.75
llLP,1,0,1,1.0
llLS,1,0,1,1.0
llLb,1,2,3,0.33
llLl,1,1,2,0.5
llLm,1,2,3,0.33
llLn,1,3,4,0.25
llLs,0,2,2,0.0
llLt,1,1,2,0.5
llMB,4,1,5,0.8
llMD,1,1,2,0.5
llML,1,0,1,1.0
llMM,2,3,5,0.4
llMN,3,5,8,0.38
llMP,4,2,6,0.67
llMS,3,2,5,0.6
llMb,5,6,11,0.45
llMh,2,1,3,0.67
llMj,1,2,3,0.33
llMl,0,2,2,0.0
llMm,1,2,3,0.33
llMn,3,7,10,0.3
llMs,2,2,4,0.5
llNB,3,3,6,0.5
llNH,2,1,3,0.67
llNL,2,2,4,0.5
llNM,5,5,10,0.5
llNN,2,6,8,0.25
llNP,6,2,8,0.75
llNS,1,4,5,0.2
llNb,1,6,7,0.14
llNh,2,1,3,0.67
llNl,5,4,9,0.56
llNm,4,1,5,0.8
llNn,8,5,13,0.62
llNs,2,1,3,0.67
llNt,2,1,3,0.67
llPB,5,3,8,0.62
llPD,1,0,1,1.0
llPH,0,3,3,0.0
llPL,1,1,2,0.5
llPM,11,2,13,0.85
llPN,4,4,8,0.5
llPP,5,8,13,0.38
llPS,1,4,5,0.2
llPb,4,6,10,0.4
llPh,0,2,2,0.0
llPl,4,1,5,0.8
llPm,7,4,11,0.64
llPn,3,3,6,0.5
llPs,5,3,8,0.62
llPt,0,1,1,0.0
llSB,1,0,1,1.0
llSH,1,0,1,1.0
llSL,2,0,2,1.0
llSM,2,2,4,0.5
llSN,1,1,2,0.5
llSP,6,2,8,0.75
llSS,2,1,3,0.67
llSb,2,0,2,1.0
llSh,2,1,3,0.67
llSl,1,4,5,0.2
llSm,2,1,3,0.67
llSn,4,3,7,0.57
llSs,0,2,2,0.0
llbB,2,4,6,0.33
llbH,1,1,2,0.5
llbI,1,0,1,1.0
llbJ,2,1,3,0.67
llbL,1,1,2,0.5
llbM,4,3,7,0.57
llbN,5,8,13,0.38
llbP,8,6,14,0.57
llbS,2,2,4,0.5
llbb,4,3,7,0.57
llbl,2,3,5,0.4
llbm,1,2,3,0.33
llbn,2,0,2,1.0
llbs,1,0,1,1.0
lllB,0,0,0,
lllH,0,0,0,
lllM,6,2,8,0.75
lllN,2,3,5,0.4
lllP,4,0,4,1.0
lllS,0,1,1,0.0
lllb,2,2,4,0.5
llll,0,0,0,
lllm,0,0,0,
llln,1,2,3,0.33
llls,1,1,2,0.5
llmB,1,1,2,0.5
llmH,2,1,3,0.67
llmJ,0,1,1,0.0
llmM,1,0,1,1.0
llmN,1,4,5,0.2
llmP,2,4,6,0.33
llmb,1,5,6,0.17
llml,0,1,1,0.0
llmm,1,1,2,0.5
llmn,4,2,6,0.67
llms,0,0,0,
llnB,2,3,5,0.4
llnH,4,2,6,0.67
llnI,1,1,2,0.5
llnK,0,1,1,0.0
llnL,2,0,2,1.0
llnM,1,3,4,0.25
llnN,2,5,7,0.29
llnP,7,1,8,0.88
llnS,2,0,2,1.0
llnb,0,5,5,0.0
llnl,1,1,2,0.5
llnm,2,2,4,0.5
llnn,5,5,10,0.5
llns,1,2,3,0.33
llsB,0,0,0,
llsH,0,2,2,0.0
llsL,0,1,1,0.0
llsM,2,0,2,1.0
llsN,1,0,1,1.0
llsP,2,6,8,0.25
llsS,5,0,5,1.0
llsb,3,1,4,0.75
llsm,2,1,3,0.67
llsn,4,2,6,0.67
llss,2,3,5,0.4
lmBB,4,1,5,0.8
lmBL,1,4,5,0.2
lmBM,2,1,3,0.67
lmBN,6,3,9,0.67
lmBP,2,3,5,0.4
lmBS,2,2,4,0.5
lmBb,2,3,5,0.4
lmBh,2,1,3,0.67
lmBj,2,1,3,0.67
lmBl,1,0,1,1.0
lmBm,2,1,3,0.67
lmBn,7,6,13,0.54
lmBs,2,2,4,0.5
lmBt,0,1,1,0.0
lmDH,1,0,1,1.0
lmDM,0,0,0,
lmDN,1,0,1,1.0
lmDb,0,1,1,0.0
lmDm,0,1,1,0.0
lmHB,2,4,6,0.33
lmHH,0,0,0,
lmHL,1,0,1,1.0
lmHM,2,0,2,1.0
lmHN,4,4,8,0.5
lmHP,4,1,5,0.8
lmHS,2,1,3,0.67
lmHb,2,3,5,0.4
lmHh,1,0,1,1.0
lmHl,1,4,5,0.2
lmHm,5,1,6,0.83
lmHn,2,0,2,1.0
lmHs,5,2,7,0.71
lmHt,0,0,0,
lmIL,1,0,1,1.0
lmIN,0,0,0,
lmIb,1,0,1,1.0
lmIm,1,0,1,1.0
lmIn,1,0,1,1.0
lmJB,1,1,2,0.5
lmJH,1,0,1,1.0
lmJK,1,0,1,1.0
lmJL,0,0,0,
lmJM,1,1,2,0.5
lmJN,0,2,2,0.0
lmJP,1,2,3,0.33
lmJS,0,1,1,0.0
lmJb,0,2,2,0.0
lmJl,0,2,2,0.0
lmJm,1,1,2,0.5
lmJn,2,1,3,0.67
lmJs,0,1,1,0.0
lmKl,1,0,1,1.0
lmKm,1,0,1,1.0
lmLB,1,1,2,0.5
lmLD,0,0,0,
lmLL,0,1,1,0.0
lmLM,4,2,6,0.67
lmLN,2,2,4,0.5
lmLP,4,2,6,0.67
lmLb,1,2,3,0.33
lmLh,1,0,1,1.0
lmLj,0,1,1,0.0
lmLl,0,1,1,0.0
lmLm,2,1,3,0.67
lmLn,2,2,4,0.5
lmLs,3,0,3,1.0
lmMB,3,5,8,0.38
lmMD,1,1,2,0.5
lmML,1,1,2,0.5
lmMM,5,3,8,0.62
lmMN,6,5,11,0.55
lmMP,7,2,9,0.78
lmMS,3,2,5,0.6
lmMb,4,4,8,0.5
lmMh,7,8,15,0.47
lmMj,0,2,2,0.0
lmMl,5,0,5,1.0
lmMm,3,3,6,0.5
lmMn,9,5,14,0.64
lmMs,4,2,6,0.67
lmMt,0,1,1,0.0
lmNB,2,5,7,0.29
lmNH,2,1,3,0.67
lmNK,0,1,1,0.0
lmNL,2,3,5,0.4
lmNM,6,6,12,0.5
lmNN,3,7,10,0.3
lmNP,10,8,18,0.56
lmNS,5,6,11,0.45
lmNb,3,12,15,0.2
lmNh,1,2,3,0.33
lmNl,2,4,6,0.33
lmNm,5,0,5,1.0
lmNn,12,5,17,0.71
lmNs,5,7,12,0.42
lmNt,1,0,1,1.0
lmPB,5,8,13,0.38
lmPH,1,1,2,0.5
lmPI,1,0,1,1.0
lmPK,0,3,3,0.0
lmPL,2,2,4,0.5
lmPM,5,9,14,0.36
lmPN,10,4,14,0.71
lmPP,16,17,33,0.48
lmPS,4,7,11,0.36
lmPb,4,7,11,0.36
lmPh,2,0,2,1.0
lmPl,3,4,7,0.43
lmPm,7,4,11,0.64
lmPn,7,4,11,0.64
lmPs,2,2,4,0.5
lmPt,1,2,3,0.33
lmSB,0,2,2,0.0
lmSH,1,1,2,0.5
lmSM,4,3,7,0.57
lmSN,3,2,5,0.6
lmSP,6,2,8,0.75
lmSS,3,3,6,0.5
lmSb,6,1,7,0.86
lmSh,3,2,5,0.6
lmSl,3,3,6,0.5
lmSm,3,2,5,0.6
lmSn,3,2,5,0.6
lmSs,2,4,6,0.33
lmbB,4,3,7,0.57
lmbH,1,1,2,0.5
lmbJ,1,1,2,0.5
lmbK,1,1,2,0.5
lmbL,2,4,6,0.33
lmbM,4,2,6,0.67
lmbN,8,7,15,0.53
lmbP,7,8,15,0.47
lmbS,1,1,2,0.5
lmbb,8,5,13,0.62
lmbm,3,6,9,0.33
lmbn,3,12,15,0.2
lmbs,2,1,3,0.67
lmhs,1,0,1,1.0
lmlB,2,5,7,0.29
lmlH,1,0,1,1.0
lmlK,1,0,1,1.0
lmlL,0,0,0,
lmlM,1,2,3,0.33
lmlN,3,0,3,1.0
lmlP,3,5,8,0.38
lmlS,1,1,2,0.5
lmlb,2,1,3,0.67
lmll,0,0,0,
lmlm,4,4,8,0.5
lmln,0,3,3,0.0
lmls,1,1,2,0.5
lmmB,2,2,4,0.5
lmmD,0,1,1,0.0
lmmH,3,2,5,0.6
lmmI,0,1,1,0.0
lmmJ,1,0,1,1.0
lmmL,1,2,3,0.33
lmmM,2,2,4,0.5
lmmN,4,6,10,0.4
lmmP,7,5,12,0.58
lmmS,0,2,2,0.0
lmmb,3,5,8,0.38
lmml,1,0,1,1.0
lmmm,2,3,5,0.4
lmmn,1,4,5,0.2
lmms,0,2,2,0.0
lmnB,4,3,7,0.57
lmnD,0,1,1,0.0
lmnH,5,2,7,0.71
lmnL,3,1,4,0.75
lmnM,2,5,7,0.29
lmnN,10,6,16,0.62
lmnP,5,5,10,0.5
lmnS,3,3,6,0.5
lmnb,4,4,8,0.5
lmnh,0,1,1,0.0
lmnl,3,0,3,1.0
lmnm,3,4,7,0.43
lmnn,4,3,7,0.57
lmns,1,4,5,0.2
lmsB,1,2,3,0.33
lmsH,2,0,2,1.0
lmsM,3,4,7,0.43
lmsN,1,2,3,0.33
lmsP,3,5,8,0.38
lmsS,0,3,3,0.0
lmsb,0,1,1,0.0
lmsl,1,0,1,1.0
lmsm,1,2,3,0.33
lmss,0,1,1,0.0
lnBB,2,5,7,0.29
lnBL,1,3,4,0.25
lnBM,1,2,3,0.33
lnBN,3,2,5,0.6
lnBP,7,6,13,0.54
lnBS,2,1,3,0.67
lnBb,2,3,5,0.4
lnBh,2,0,2,1.0
lnBj,1,1,2,0.5
lnBl,1,2,3,0.33
lnBm,1,5,6,0.17
lnBn,5,10,15,0.33
lnBs,1,2,3,0.33
lnDB,1,1,2,0.5
lnDH,0,1,1,0.0
lnDL,1,0,1,1.0
lnDl,1,0,1,1.0
lnDn,0,1,1,0.0
lnHB,3,3,6,0.5
lnHH,2,2,4,0.5
lnHK,1,0,1,1.0
lnHL,1,2,3,0.33
lnHM,5,1,6,0.83
lnHN,2,4,6,0.33
lnHP,8,7,15,0.53
lnHS,2,1,3,0.67
lnHb,2,4,6,0.33
lnHh,0,1,1,0.0
lnHl,2,2,4,0.5
lnHm,1,3,4,0.25
lnHn,2,2,4,0.5
lnHs,3,0,3,1.0
lnHt,0,0,0,
lnIH,0,2,2,0.0
lnIL,0,1,1,0.0
lnIN,2,0,2,1.0
lnIP,3,0,3,1.0
lnIb,0,1,1,0.0
lnIn,1,0,1,1.0
lnKI,1,0,1,1.0
lnKN,0,1,1,0.0
lnKP,1,2,3,0.33
lnKS,0,1,1,0.0
lnKb,1,1,2,0.5
lnKm,1,0,1,1.0
lnKn,1,1,2,0.5
lnLB,1,2,3,0.33
lnLL,1,2,3,0.33
lnLM,4,2,6,0.67
lnLN,3,2,5,0.6
lnLP,1,2,3,0.33
lnLS,1,2,3,0.33
lnLb,4,3,7,0.57
lnLh,0,1,1,0.0
lnLj,1,1,2,0.5
lnLl,1,0,1,1.0
lnLm,2,0,2,1.0
lnLn,6,4,10,0.6
lnLs,0,1,1,0.0
lnMB,1,6,7,0.14
lnML,2,1,3,0.67
lnMM,4,5,9,0.44
lnMN,7,4,11,0.64
lnMP,10,10,20,0.5
lnMS,3,2,5,0.6
lnMb,2,5,7,0.29
lnMh,5,4,9,0.56
lnMj,5,1,6,0.83
lnMl,3,4,7,0.43
lnMm,7,3,10,0.7
lnMn,11,10,21,0.52
lnMs,6,5,11,0.55
lnMt,1,0,1,1.0
lnNB,6,2,8,0.75
lnNH,0,1,1,0.0
lnNK,1,0,1,1.0
lnNL,1,1,2,0.5
lnNM,3,6,9,0.33
lnNN,6,6,12,0.5
lnNP,10,12,22,0.45
lnNS,4,3,7,0.57
lnNb,4,12,16,0.25
lnNh,3,3,6,0.5
lnNl,3,3,6,0.5
lnNm,8,3,11,0.73
lnNn,8,8,16,0.5
lnNs,4,4,8,0.5
lnNt,4,2,6,0.67
lnPB,1,4,5,0.2
lnPH,2,6,8,0.25
lnPI,1,1,2,0.5
lnPK,0,1,1,0.0
lnPL,1,2,3,0.33
lnPM,15,9,24,0.62
lnPN,13,13,26,0.5
lnPP,13,18,31,0.42
lnPS,9,8,17,0.53
lnPb,11,9,20,0.55
lnPh,1,1,2,0.5
lnPl,4,5,9,0.44
lnPm,9,3,12,0.75
lnPn,9,15,24,0.38
lnPs,9,6,15,0.6
lnPt,2,2,4,0.5
lnSB,3,2,5,0.6
lnSH,1,2,3,0.33
lnSL,3,1,4,0.75
lnSM,5,3,8,0.62
lnSN,1,2,3,0.33
lnSP,6,7,13,0.46
lnSS,3,4,7,0.43
lnSb,2,6,8,0.25
lnSh,1,0,1,1.0
lnSl,3,0,3,1.0
lnSm,3,1,4,0.75
lnSn,4,4,8,0.5
lnSs,3,1,4,0.75
lnSt,4,2,6,0.67
lnbB,2,4,6,0.33
lnbD,0,2,2,0.0
lnbH,4,2,6,0.67
lnbI,2,0,2,1.0
lnbJ,2,0,2,1.0
lnbK,1,0,1,1.0
lnbL,3,5,8,0.38
lnbM,5,4,9,0.56
lnbN,9,6,15,0.6
lnbP,8,11,19,0.42
lnbS,2,3,5,0.4
lnbb,9,4,13,0.69
lnbl,0,4,4,0.0
lnbm,5,5,10,0.5
lnbn,7,1,8,0.88
lnbs,1,5,6,0.17
lnhP,1,0,1,1.0
lnhs,0,1,1,0.0
lnlB,2,2,4,0.5
lnlH,0,3,3,0.0
lnlJ,1,0,1,1.0
lnlL,0,1,1,0.0
lnlM,1,3,4,0.25
lnlN,3,3,6,0.5
lnlP,7,3,10,0.7
lnlS,2,3,5,0.4
lnlb,2,1,3,0.67
lnll,2,1,3,0.67
lnlm,3,0,3,1.0
lnln,2,2,4,0.5
lnls,3,0,3,1.0
lnmB,2,2,4,0.5
lnmH,3,5,8,0.38
lnmI,0,0,0,
lnmJ,0,1,1,0.0
lnmL,0,2,2,0.0
lnmM,6,9,15,0.4
lnmN,8,6,14,0.57
lnmP,3,4,7,0.43
lnmS,2,6,8,0.25
lnmb,7,6,13,0.54
lnml,2,1,3,0.67
lnmm,3,0,3,1.0
lnmn,8,7,15,0.53
lnms,6,1,7,0.86
lnnB,4,4,8,0.5
lnnD,1,0,1,1.0
lnnH,2,4,6,0.33
lnnI,0,2,2,0.0
lnnK,1,2,3,0.33
lnnL,2,6,8,0.25
lnnM,14,7,21,0.67
lnnN,7,6,13,0.54
lnnP,7,6,13,0.54
lnnS,4,6,10,0.4
lnnb,2,5,7,0.29
lnnh,1,0,1,1.0
lnnl,5,3,8,0.62
lnnm,2,2,4,0.5
lnnn,8,9,17,0.47
lnns,8,4,12,0.67
lnsB,1,0,1,1.0
lnsD,1,0,1,1.0
lnsH,3,3,6,0.5
lnsI,0,0,0,
lnsL,2,1,3,0.67
lnsM,3,5,8,0.38
lnsN,2,3,5,0.4
lnsP,3,5,8,0.38
lnsS,4,3,7,0.57
lnsb,8,9,17,0.47
lnsh,1,0,1,1.0
lnsl,1,2,3,0.33
lnsm,3,1,4,0.75
lnsn,6,4,10,0.6
lnss,3,1,4,0.75
lntN,0,1,1,0.0
lntl,0,1,1,0.0
lsBB,0,2,2,0.0
lsBK,1,1,2,0.5
lsBM,5,2,7,0.71
lsBN,3,2,5,0.6
lsBP,3,7,10,0.3
lsBS,0,4,4,0.0
lsBb,1,1,2,0.5
lsBh,1,0,1,1.0
lsBl,1,1,2,0.5
lsBm,5,1,6,0.83
lsBn,1,3,4,0.25
lsBs,1,0,1,1.0
lsBt,0,1,1,0.0
lsDB,0,1,1,0.0
lsDM,1,1,2,0.5
lsDP,0,1,1,0.0
lsDb,1,1,2,0.5
lsDh,0,0,0,
lsDm,1,1,2,0.5
lsDn,2,0,2,1.0
lsHB,5,2,7,0.71
lsHI,0,0,0,
lsHK,1,0,1,1.0
lsHL,3,2,5,0.6
lsHM,3,2,5,0.6
lsHN,3,0,3,1.0
lsHP,3,1,4,0.75
lsHS,1,2,3,0.33
lsHb,9,3,12,0.75
lsHh,0,0,0,
lsHl,2,1,3,0.67
lsHm,3,2,5,0.6
lsHn,4,1,5,0.8
lsHs,0,2,2,0.0
lsHt,0,2,2,0.0
lsIH,1,0,1,1.0
lsIM,1,0,1,1.0
lsIN,0,0,0,
lsIP,1,0,1,1.0
lsIS,1,0,1,1.0
lsIb,0,2,2,0.0
lsIn,0,1,1,0.0
lsIs,1,1,2,0.5
lsKh,0,1,1,0.0
lsLB,1,1,2,0.5
lsLL,2,3,5,0.4
lsLM,1,1,2,0.5
lsLN,1,2,3,0.33
lsLP,2,4,6,0.33
lsLS,1,1,2,0.5
lsLb,1,1,2,0.5
lsLh,2,2,4,0.5
lsLl,2,0,2,1.0
lsLm,0,1,1,0.0
lsLn,1,5,6,0.17
lsLs,0,2,2,0.0
lsLt,1,0,1,1.0
lsMB,1,4,5,0.2
lsML,0,2,2,0.0
lsMM,6,4,10,0.6
lsMN,0,4,4,0.0
lsMP,4,5,9,0.44
lsMS,6,2,8,0.75
lsMb,1,3,4,0.25
lsMh,3,1,4,0.75
lsMj,0,2,2,0.0
lsMl,2,1,3,0.67
lsMm,1,3,4,0.25
lsMn,3,5,8,0.38
lsMs,2,2,4,0.5
lsMt,2,0,2,1.0
lsNB,6,3,9,0.67
lsNH,0,0,0,
lsNK,1,0,1,1.0
lsNL,3,0,3,1.0
lsNM,2,4,6,0.33
lsNN,5,6,11,0.45
lsNP,4,5,9,0.44
lsNS,1,5,6,0.17
lsNb,5,2,7,0.71
lsNh,1,3,4,0.25
lsNl,1,1,2,0.5
lsNm,2,2,4,0.5
lsNn,2,3,5,0.4
lsNs,3,2,5,0.6
lsPB,2,4,6,0.33
lsPH,4,2,6,0.67
lsPL,2,2,4,0.5
lsPM,4,9,13,0.31
lsPN,7,2,9,0.78
lsPP,7,8,15,0.47
lsPS,5,8,13,0.38
lsPb,4,5,9,0.44
lsPh,2,2,4,0.5
lsPl,1,2,3,0.33
lsPm,5,3,8,0.62
lsPn,3,8,11,0.27
lsPs,6,3,9,0.67
lsSB,1,2,3,0.33
lsSH,0,4,4,0.0
lsSM,4,4,8,0.5
lsSN,4,7,11,0.36
lsSP,4,0,4,1.0
lsSS,5,5,10,0.5
lsSb,4,1,5,0.8
lsSh,1,2,3,0.33
lsSl,1,0,1,1.0
lsSm,5,2,7,0.71
lsSn,2,6,8,0.25
lsSs,3,2,5,0.6
lsSt,0,0,0,
lsbB,3,2,5,0.6
lsbD,0,1,1,0.0
lsbH,0,1,1,0.0
lsbJ,1,1,2,0.5
lsbK,1,0,1,1.0
lsbL,1,1,2,0.5
lsbM,8,1,9,0.89
lsbN,2,5,7,0.29
lsbP,4,7,11,0.36
lsbS,2,1,3,0.67
lsbb,2,1,3,0.67
lsbl,0,3,3,0.0
lsbm,5,5,10,0.5
lsbn,7,4,11,0.64
lsbs,1,3,4,0.25
lshB,0,1,1,0.0
lshm,0,1,1,0.0
lslB,2,1,3,0.67
lslH,0,1,1,0.0
lslK,0,1,1,0.0
lslL,1,2,3,0.33
lslM,2,1,3,0.67
lslN,4,0,4,1.0
lslP,0,2,2,0.0
lslS,1,6,7,0.14
lslb,4,2,6,0.67
lsll,1,1,2,0.5
lslm,0,2,2,0.0
lsln,6,1,7,0.86
lsls,1,0,1,1.0
lsmB,4,5,9,0.44
lsmH,1,0,1,1.0
lsmI,1,0,1,1.0
lsmJ,0,2,2,0.0
lsmL,0,3,3,0.0
lsmM,1,5,6,0.17
lsmN,3,5,8,0.38
lsmP,3,5,8,0.38
lsmS,1,4,5,0.2
lsmb,1,1,2,0.5
lsml,2,2,4,0.5
lsmm,1,0,1,1.0
lsmn,1,1,2,0.5
lsms,0,1,1,0.0
lsnB,0,1,1,0.0
lsnH,4,2,6,0.67
lsnI,0,1,1,0.0
lsnK,0,1,1,0.0
lsnL,2,0,2,1.0
lsnM,4,5,9,0.44
lsnN,3,6,9,0.33
lsnP,7,4,11,0.64
lsnS,3,3,6,0.5
lsnb,1,2,3,0.33
lsnl,2,1,3,0.67
lsnm,2,0,2,1.0
lsnn,5,1,6,0.83
lsns,2,2,4,0.5
lssB,4,2,6,0.67
lssH,1,2,3,0.33
lssI,1,0,1,1.0
lssK,1,0,1,1.0
lssM,2,3,5,0.4
lssN,4,1,5,0.8
lssP,5,7,12,0.42
lssS,5,5,10,0.5
lssb,1,2,3,0.33
lssh,0,0,0,
lssl,1,4,5,0.2
lssm,2,0,2,1.0
lssn,4,2,6,0.67
lsss,0,1,1,0.0
lstb,0,1,1,0.0
mBBB,7,4,11,0.64
mBBH,1,0,1,1.0
mBBK,1,0,1,1.0
mBBL,1,1,2,0.5
mBBM,6,3,9,0.67
mBBN,5,4,9,0.56
mBBP,7,4,11,0.64
mBBS,2,1,3,0.67
mBBb,8,3,11,0.73
mBBh,1,3,4,0.25
mBBj,1,2,3,0.33
mBBl,1,2,3,0.33
mBBm,3,2,5,0.6
mBBn,9,11,20,0.45
mBBs,2,2,4,0.5
mBBt,0,0,0,
mBDD,1,0,1,1.0
mBDH,2,0,2,1.0
mBDN,1,0,1,1.0
mBDP,0,1,1,0.0
mBDS,0,0,0,
mBDb,0,0,0,
mBDm,0,2,2,0.0
mBDs,1,0,1,1.0
mBHI,0,1,1,0.0
mBKB,1,1,2,0.5
mBKM,2,0,2,1.0
mBKN,0,1,1,0.0
mBKP,0,1,1,0.0
mBKS,2,1,3,0.67
mBKb,1,0,1,1.0
mBKn,0,1,1,0.0
mBLB,5,2,7,0.71
mBLH,0,1,1,0.0
mBLM,1,0,1,1.0
mBLN,1,5,6,0.17
mBLP,3,3,6,0.5
mBLS,2,0,2,1.0
mBLb,3,1,4,0.75
mBLh,2,1,3,0.67
mBLj,2,0,2,1.0
mBLl,1,0,1,1.0
mBLm,3,3,6,0.5
mBLn,4,3,7,0.57
mBLs,2,0,2,1.0
mBLt,1,0,1,1.0
mBMB,2,6,8,0.25
mBMD,0,1,1,0.0
mBML,4,2,6,0.67
mBMM,4,5,9,0.44
mBMN,7,7,14,0.5
mBMP,11,13,24,0.46
mBMS,4,3,7,0.57
mBMb,8,11,19,0.42
mBMh,9,4,13,0.69
mBMj,2,2,4,0.5
mBMl,2,2,4,0.5
mBMm,9,8,17,0.53
mBMn,11,9,20,0.55
mBMs,5,4,9,0.56
mBMt,2,2,4,0.5
mBNB,8,1,9,0.89
mBND,0,1,1,0.0
mBNH,0,1,1,0.0
mBNL,5,3,8,0.62
mBNM,13,7,20,0.65
mBNN,9,8,17,0.53
mBNP,14,9,23,0.61
mBNS,17,7,24,0.71
mBNb,4,5,9,0.44
mBNh,4,6,10,0.4
mBNl,6,1,7,0.86
mBNm,10,7,17,0.59
mBNn,17,13,30,0.57
mBNs,7,6,13,0.54
mBNt,1,3,4,0.25
mBPB,4,5,9,0.44
mBPD,1,1,2,0.5
mBPH,3,3,6,0.5
mBPI,0,1,1,0.0
mBPK,1,1,2,0.5
mBPL,6,4,10,0.6
mBPM,7,11,18,0.39
mBPN,8,13,21,0.38
mBPP,5,12,17,0.29
mBPS,4,3,7,0.57
mBPb,10,10,20,0.5
mBPh,1,1,2,0.5
mBPl,5,3,8,0.62
mBPm,8,4,12,0.67
mBPn,11,12,23,0.48
mBPs,5,5,10,0.5
mBPt,0,1,1,0.0
mBSB,3,2,5,0.6
mBSD,0,1,1,0.0
mBSH,0,2,2,0.0
mBSK,0,1,1,0.0
mBSL,1,1,2,0.5
mBSM,7,4,11,0.64
mBSN,5,8,13,0.38
mBSP,6,11,17,0.35
mBSS,8,6,14,0.57
mBSb,1,4,5,0.2
mBSh,2,4,6,0.33
mBSl,0,1,1,0.0
mBSm,2,3,5,0.4
mBSn,7,3,10,0.7
mBSs,2,7,9,0.22
mBSt,0,0,0,
mBbB,5,3,8,0.62
mBbH,4,3,7,0.57
mBbI,1,2,3,0.33
mBbJ,2,3,5,0.4
mBbL,3,2,5,0.6
mBbM,9,9,18,0.5
mBbN,13,16,29,0.45
mBbP,13,12,25,0.52
mBbS,3,2,5,0.6
mBbb,7,8,15,0.47
mBbl,1,0,1,1.0
mBbm,10,6,16,0.62
mBbn,13,6,19,0.68
mBbs,2,2,4,0.5
mBhB,0,2,2,0.0
mBhH,0,0,0,
mBhL,1,0,1,1.0
mBhM,0,1,1,0.0
mBhN,1,2,3,0.33
mBhP,1,1,2,0.5
mBhS,1,0,1,1.0
mBhb,1,0,1,1.0
mBhl,3,1,4,0.75
mBhm,2,1,3,0.67
mBhn,4,2,6,0.67
mBhs,4,0,4,1.0
mBjB,2,4,6,0.33
mBjD,1,0,1,1.0
mBjK,0,1,1,0.0
mBjL,1,0,1,1.0
mBjM,2,3,5,0.4
mBjN,6,3,9,0.67
mBjP,3,5,8,0.38
mBjS,1,3,4,0.25
mBjb,5,5,10,0.5
mBjl,3,1,4,0.75
mBjm,2,1,3,0.67
mBjn,5,2,7,0.71
mBjs,1,2,3,0.33
mBlB,0,4,4,0.0
mBlD,1,0,1,1.0
mBlH,2,3,5,0.4
mBlI,1,0,1,1.0
mBlJ,1,1,2,0.5
mBlL,1,1,2,0.5
mBlM,1,5,6,0.17
mBlN,3,2,5,0.6
mBlP,3,1,4,0.75
mBlS,1,1,2,0.5
mBlb,1,3,4,0.25
mBll,0,1,1,0.0
mBlm,1,0,1,1.0
mBln,4,4,8,0.5
mBls,1,0,1,1.0
mBmB,6,2,8,0.75
mBmD,1,2,3,0.33
mBmH,5,0,5,1.0
mBmI,1,1,2,0.5
mBmJ,1,0,1,1.0
mBmL,1,4,5,0.2
mBmM,5,10,15,0.33
mBmN,8,9,17,0.47
mBmP,4,8,12,0.33
mBmS,2,2,4,0.5
mBmb,4,2,6,0.67
mBml,0,0,0,
mBmm,2,2,4,0.5
mBmn,7,9,16,0.44
mBms,2,2,4,0.5
mBnB,12,8,20,0.6
mBnD,3,0,3,1.0
mBnH,6,8,14,0.43
mBnI,1,1,2,0.5
mBnK,1,3,4,0.25
mBnL,2,3,5,0.4
mBnM,17,11,28,0.61
mBnN,15,24,39,0.38
mBnP,25,22,47,0.53
mBnS,2,7,9,0.22
mBnb,13,13,26,0.5
mBnl,2,2,4,0.5
mBnm,11,3,14,0.79
mBnn,16,15,31,0.52
mBns,3,7,10,0.3
mBnt,0,1,1,0.0
mBsB,3,0,3,1.0
mBsD,0,1,1,0.0
mBsH,2,3,5,0.4
mBsL,0,1,1,0.0
mBsM,2,5,7,0.29
mBsN,3,4,7,0.43
mBsP,6,7,13,0.46
mBsS,4,5,9,0.44
mBsb,4,2,6,0.67
mBsl,0,0,0,
mBsm,4,3,7,0.57
mBsn,2,1,3,0.67
mBss,1,1,2,0.5
mBtB,2,1,3,0.67
mBtH,1,1,2,0.5
mBtL,1,0,1,1.0
mBtM,2,2,4,0.5
mBtN,1,1,2,0.5
mBtP,3,3,6,0.5
mBtS,0,2,2,0.0
mBtb,4,2,6,0.67
mBtm,2,1,3,0.67
mBtn,1,4,5,0.2
mBts,1,1,2,0.5
mBtt,1,0,1,1.0
mDBM,1,1,2,0.5
mDBN,0,1,1,0.0
mDBP,1,1,2,0.5
mDBb,1,1,2,0.5
mDBn,2,0,2,1.0
mDDB,1,0,1,1.0
mDHM,0,1,1,0.0
mDHN,2,1,3,0.67
mDHP,1,1,2,0.5
mDHS,0,1,1,0.0
mDHb,2,0,2,1.0
mDHh,0,2,2,0.0
mDHm,0,0,0,
mDHs,0,1,1,0.0
mDKN,0,0,0,
mDLK,0,0,0,
mDLN,0,1,1,0.0
mDLS,0,1,1,0.0
mDLb,0,1,1,0.0
mDLm,1,0,1,1.0
mDLs,2,0,2,1.0
mDMB,0,1,1,0.0
mDMM,1,3,4,0.25
mDMN,1,2,3,0.33
mDMP,2,1,3,0.67
mDMS,0,1,1,0.0
mDMb,0,0,0,
mDMh,0,1,1,0.0
mDMm,1,0,1,1.0
mDMn,2,1,3,0.67
mDMs,0,1,1,0.0
mDNB,0,2,2,0.0
mDNH,0,1,1,0.0
mDNK,1,0,1,1.0
mDNL,1,0,1,1.0
mDNM,3,1,4,0.75
mDNN,2,0,2,1.0
mDNP,1,0,1,1.0
mDNS,0,2,2,0.0
mDNb,0,1,1,0.0
mDNm,0,1,1,0.0
mDNn,3,0,3,1.0
mDPB,1,1,2,0.5
mDPL,1,0,1,1.0
mDPM,0,3,3,0.0
mDPP,0,2,2,0.0
mDPS,0,1,1,0.0
mDPb,5,1,6,0.83
mDPm,2,2,4,0.5
mDPs,1,1,2,0.5
mDSM,2,0,2,1.0
mDSN,2,0,2,1.0
mDSP,0,1,1,0.0
mDSS,2,0,2,1.0
mDSb,0,1,1,0.0
mDSh,0,0,0,
mDSm,0,1,1,0.0
mDSn,0,2,2,0.0
mDSs,1,0,1,1.0
mDSt,0,1,1,0.0
mDbB,1,2,3,0.33
mDbI,0,1,1,0.0
mDbM,1,1,2,0.5
mDbN,0,1,1,0.0
mDbb,1,4,5,0.2
mDbm,0,1,1,0.0
mDbn,0,3,3,0.0
mDbs,2,1,3,0.67
mDhm,1,0,1,1.0
mDhn,1,0,1,1.0
mDlN,0,1,1,0.0
mDlP,1,0,1,1.0
mDln,1,0,1,1.0
mDls,0,0,0,
mDmH,1,0,1,1.0
mDmJ,0,1,1,0.0
mDmN,1,1,2,0.5
mDmP,1,2,3,0.33
mDmb,0,1,1,0.0
mDmm,1,1,2,0.5
mDmn,1,1,2,0.5
mDnB,0,1,1,0.0
mDnH,1,2,3,0.33
mDnL,0,1,1,0.0
mDnM,1,1,2,0.5
mDnN,1,1,2,0.5
mDnP,2,1,3,0.67
mDnS,0,1,1,0.0
mDnb,1,1,2,0.5
mDnl,0,0,0,
mDnm,1,0,1,1.0
mDnn,3,1,4,0.75
mDsI,1,0,1,1.0
mDsL,1,1,2,0.5
mDsM,1,3,4,0.25
mDsP,1,0,1,1.0
mDsS,1,0,1,1.0
mDsb,0,1,1,0.0
mDsl,1,0,1,1.0
mDsn,0,1,1,0.0
mDss,1,1,2,0.5
mDtL,0,1,1,0.0
mDtP,0,1,1,0.0
mHBB,6,1,7,0.86
mHBD,0,1,1,0.0
mHBM,5,5,10,0.5
mHBN,8,4,12,0.67
mHBP,3,6,9,0.33
mHBS,6,4,10,0.6
mHBb,2,7,9,0.22
mHBh,1,0,1,1.0
mHBj,2,1,3,0.67
mHBl,2,3,5,0.4
mHBm,4,5,9,0.44
mHBn,5,3,8,0.62
mHBs,2,3,5,0.4
mHBt,1,2,3,0.33
mHDH,1,1,2,0.5
mHDL,0,1,1,0.0
mHDM,1,1,2,0.5
mHDP,0,1,1,0.0
mHDb,1,0,1,1.0
mHDn,1,1,2,0.5
mHDs,0,1,1,0.0
mHDt,1,0,1,1.0
mHHB,1,1,2,0.5
mHHD,0,0,0,
mHHH,1,0,1,1.0
mHHL,0,1,1,0.0
mHHN,0,1,1,0.0
mHHP,1,0,1,1.0
mHHS,2,0,2,1.0
mHHb,0,1,1,0.0
mHHh,0,1,1,0.0
mHHl,1,2,3,0.33
mHHm,1,0,1,1.0
mHHn,1,1,2,0.5
mHHs,0,0,0,
mHIM,0,1,1,0.0
mHIN,0,1,1,0.0
mHIP,1,0,1,1.0
mHIS,1,0,1,1.0
mHIb,2,0,2,1.0
mHIl,1,0,1,1.0
mHIn,1,1,2,0.5
mHKP,4,1,5,0.8
mHKS,1,0,1,1.0
mHKb,0,1,1,0.0
mHKh,1,0,1,1.0
mHKl,0,1,1,0.0
mHKn,1,1,2,0.5
mHLB,1,3,4,0.25
mHLK,0,1,1,0.0
mHLL,1,1,2,0.5
mHLM,0,1,1,0.0
mHLN,3,4,7,0.43
mHLP,0,6,6,0.0
mHLS,2,0,2,1.0
mHLb,0,3,3,0.0
mHLh,1,2,3,0.33
mHLj,2,0,2,1.0
mHLl,1,1,2,0.5
mHLm,4,1,5,0.8
mHLn,2,4,6,0.33
mHLs,1,2,3,0.33
mHLt,0,1,1,0.0
mHMB,3,5,8,0.38
mHMD,3,2,5,0.6
mHML,3,1,4,0.75
mHMM,9,6,15,0.6
mHMN,9,6,15,0.6
mHMP,12,8,20,0.6
mHMS,5,5,10,0.5
mHMb,9,6,15,0.6
mHMh,6,6,12,0.5
mHMj,4,3,7,0.57
mHMl,4,2,6,0.67
mHMm,3,2,5,0.6
mHMn,12,12,24,0.5
mHMs,5,4,9,0.56
mHMt,1,1,2,0.5
mHNB,3,2,5,0.6
mHNH,1,2,3,0.33
mHNL,4,1,5,0.8
mHNM,6,7,13,0.46
mHNN,6,7,13,0.46
mHNP,13,12,25,0.52
mHNS,6,8,14,0.43
mHNb,6,3,9,0.67
mHNh,3,1,4,0.75
mHNl,6,4,10,0.6
mHNm,4,4,8,0.5
mHNn,8,10,18,0.44
mHNs,9,5,14,0.64
mHNt,0,5,5,0.0
mHPB,6,5,11,0.55
mHPH,4,2,6,0.67
mHPK,1,0,1,1.0
mHPL,4,5,9,0.44
mHPM,10,12,22,0.45
mHPN,12,16,28,0.43
mHPP,22,20,42,0.52
mHPS,5,14,19,0.26
mHPb,13,10,23,0.57
mHPh,1,0,1,1.0
mHPl,4,4,8,0.5
mHPm,12,9,21,0.57
mHPn,9,14,23,0.39
mHPs,8,6,14,0.57
mHPt,1,1,2,0.5
mHSB,1,1,2,0.5
mHSD,0,1,1,0.0
mHSH,1,0,1,1.0
mHSL,2,1,3,0.67
mHSM,5,4,9,0.56
mHSN,2,5,7,0.29
mHSP,5,3,8,0.62
mHSS,5,3,8,0.62
mHSb,2,5,7,0.29
mHSh,2,4,6,0.33
mHSl,2,4,6,0.33
mHSm,2,5,7,0.29
mHSn,3,10,13,0.23
mHSs,8,1,9,0.89
mHSt,0,1,1,0.0
mHbB,4,8,12,0.33
mHbD,1,0,1,1.0
mHbH,2,5,7,0.29
mHbI,1,0,1,1.0
mHbJ,2,1,3,0.67
mHbL,4,2,6,0.67
mHbM,13,5,18,0.72
mHbN,7,8,15,0.47
mHbP,2,8,10,0.2
mHbS,4,3,7,0.57
mHbb,9,12,21,0.43
mHbl,2,1,3,0.67
mHbm,5,5,10,0.5
mHbn,9,11,20,0.45
mHbs,5,4,9,0.56
mHhB,4,2,6,0.67
mHhD,0,1,1,0.0
mHhK,2,1,3,0.67
mHhL,2,0,2,1.0
mHhM,2,6,8,0.25
mHhN,2,3,5,0.4
mHhP,5,6,11,0.45
mHhS,6,4,10,0.6
mHhb,1,3,4,0.25
mHhh,2,2,4,0.5
mHhl,2,3,5,0.4
mHhm,1,0,1,1.0
mHhn,3,6,9,0.33
mHhs,5,1,6,0.83
mHht,1,0,1,1.0
mHlB,3,0,3,1.0
mHlD,0,1,1,0.0
mHlH,1,0,1,1.0
mHlJ,0,2,2,0.0
mHlK,1,1,2,0.5
mHlL,1,3,4,0.25
mHlM,4,6,10,0.4
mHlN,6,5,11,0.55
mHlP,2,4,6,0.33
mHlS,1,1,2,0.5
mHlb,6,8,14,0.43
mHll,1,1,2,0.5
mHlm,4,1,5,0.8
mHln,3,4,7,0.43
mHls,2,1,3,0.67
mHmB,1,6,7,0.14
mHmD,2,0,2,1.0
mHmH,2,4,6,0.33
mHmI,1,1,2,0.5
mHmJ,0,0,0,
mHmL,1,2,3,0.33
mHmM,5,8,13,0.38
mHmN,5,6,11,0.45
mHmP,6,5,11,0.55
mHmS,1,3,4,0.25
mHmb,4,3,7,0.57
mHml,2,2,4,0.5
mHmm,6,3,9,0.67
mHmn,5,6,11,0.45
mHms,0,2,2,0.0
mHnB,5,7,12,0.42
mHnD,1,0,1,1.0
mHnH,5,7,12,0.42
mHnI,2,1,3,0.67
mHnK,3,1,4,0.75
mHnL,6,3,9,0.67
mHnM,10,10,20,0.5
mHnN,14,13,27,0.52
mHnP,18,14,32,0.56
mHnS,7,5,12,0.58
mHnb,7,5,12,0.58
mHnl,1,7,8,0.12
mHnm,7,7,14,0.5
mHnn,7,7,14,0.5
mHns,6,8,14,0.43
mHsB,5,1,6,0.83
mHsH,5,5,10,0.5
mHsL,1,3,4,0.25
mHsM,6,5,11,0.55
mHsN,1,5,6,0.17
mHsP,9,7,16,0.56
mHsS,7,3,10,0.7
mHsb,4,6,10,0.4
mHsh,1,0,1,1.0
mHsl,1,4,5,0.2
mHsm,3,3,6,0.5
mHsn,6,6,12,0.5
mHss,2,6,8,0.25
mHtL,0,0,0,
mHtN,1,0,1,1.0
mHtP,2,1,3,0.67
mHtb,0,1,1,0.0
mHtn,1,1,2,0.5
mHts,1,0,1,1.0
mHtt,1,0,1,1.0
mIBB,1,0,1,1.0
mIBN,0,0,0,
mIBj,1,0,1,1.0
mIBm,1,0,1,1.0
mIBn,0,1,1,0.0
mIBs,0,0,0,
mIDM,1,0,1,1.0
mIDl,0,1,1,0.0
mIDn,1,0,1,1.0
mIHI,0,0,0,
mIHK,0,0,0,
mIHM,1,0,1,1.0
mIHP,0,1,1,0.0
mIHb,1,0,1,1.0
mIHh,1,0,1,1.0
mIHn,1,0,1,1.0
mIIs,1,0,1,1.0
mIKM,1,0,1,1.0
mILB,0,1,1,0.0
mILL,0,1,1,0.0
mILM,0,1,1,0.0
mILP,2,0,2,1.0
mILS,0,1,1,0.0
mILh,1,1,2,0.5
mILm,1,1,2,0.5
mILn,0,1,1,0.0
mILs,0,1,1,0.0
mIMM,1,0,1,1.0
mIMN,1,0,1,1.0
mIMS,0,1,1,0.0
mIMh,2,1,3,0.67
mIMj,0,1,1,0.0
mIMl,0,1,1,0.0
mIMm,2,0,2,1.0
mIMn,0,2,2,0.0
mIMs,0,1,1,0.0
mIMt,0,1,1,0.0
mINB,1,0,1,1.0
mINH,0,1,1,0.0
mINL,0,1,1,0.0
mINM,1,0,1,1.0
mINN,1,2,3,0.33
mINP,0,2,2,0.0
mINS,0,1,1,0.0
mINm,0,0,0,
mINn,1,1,2,0.5
mIPB,1,0,1,1.0
mIPL,1,0,1,1.0
mIPM,2,1,3,0.67
mIPN,4,2,6,0.67
mIPP,1,1,2,0.5
mIPS,0,1,1,0.0
mIPb,2,4,6,0.33
mIPl,1,0,1,1.0
mIPm,1,1,2,0.5
mIPn,0,2,2,0.0
mISH,1,0,1,1.0
mISN,0,1,1,0.0
mISS,1,0,1,1.0
mISm,1,0,1,1.0
mISs,0,0,0,
mIbB,1,0,1,1.0
mIbH,0,2,2,0.0
mIbL,0,1,1,0.0
mIbN,4,1,5,0.8
mIbP,1,0,1,1.0
mIbb,1,1,2,0.5
mIbn,0,1,1,0.0
mIbs,0,0,0,
mIlB,1,0,1,1.0
mIlH,0,1,1,0.0
mIlM,0,1,1,0.0
mIlN,0,1,1,0.0
mIlm,0,1,1,0.0
mImB,1,0,1,1.0
mImH,0,0,0,
mImM,2,0,2,1.0
mImN,0,1,1,0.0
mImP,0,1,1,0.0
mImb,1,0,1,1.0
mImm,0,1,1,0.0
mImn,1,0,1,1.0
mInB,1,0,1,1.0
mInD,1,0,1,1.0
mInH,1,0,1,1.0
mInM,0,1,1,0.0
mInN,2,0,2,1.0
mInP,0,0,0,
mInS,2,1,3,0.67
mInb,1,2,3,0.33
mInl,1,1,2,0.5
mInm,1,0,1,1.0
mIns,0,1,1,0.0
mIsH,0,1,1,0.0
mIsM,1,0,1,1.0
mIsN,0,1,1,0.0
mIsP,1,0,1,1.0
mIsS,0,2,2,0.0
mIss,1,1,2,0.5
mJBB,0,2,2,0.0
mJBM,2,2,4,0.5
mJBN,0,3,3,0.0
mJBP,1,2,3,0.33
mJBb,1,2,3,0.33
mJBh,0,1,1,0.0
mJBl,1,0,1,1.0
mJBm,1,0,1,1.0
mJBn,3,2,5,0.6
mJHB,0,1,1,0.0
mJHD,0,1,1,0.0
mJHM,2,1,3,0.67
mJHN,1,0,1,1.0
mJHP,3,0,3,1.0
mJHS,0,2,2,0.0
mJHb,2,1,3,0.67
mJHh,0,0,0,
mJHn,0,1,1,0.0
mJHs,1,0,1,1.0
mJKH,0,1,1,0.0
mJKM,0,2,2,0.0
mJKP,1,0,1,1.0
mJKh,1,1,2,0.5
mJKm,0,1,1,0.0
mJLB,1,1,2,0.5
mJLL,0,0,0,
mJLM,0,1,1,0.0
mJLN,1,0,1,1.0
mJLS,2,1,3,0.67
mJLb,1,0,1,1.0
mJLm,0,2,2,0.0
mJLn,0,2,2,0.0
mJLs,0,0,0,
mJLt,0,0,0,
mJMB,0,1,1,0.0
mJML,1,2,3,0.33
mJMM,1,1,2,0.5
mJMN,2,5,7,0.29
mJMP,3,2,5,0.6
mJMS,3,0,3,1.0
mJMb,4,1,5,0.8
mJMh,2,1,3,0.67
mJMm,5,3,8,0.62
mJMn,5,2,7,0.71
mJMs,1,1,2,0.5
mJNB,0,1,1,0.0
mJNM,5,4,9,0.56
mJNN,4,2,6,0.67
mJNP,6,5,11,0.55
mJNS,0,1,1,0.0
mJNb,2,1,3,0.67
mJNl,1,2,3,0.33
mJNm,2,0,2,1.0
mJNn,2,5,7,0.29
mJNs,0,2,2,0.0
mJNt,1,1,2,0.5
mJPB,0,2,2,0.0
mJPH,1,2,3,0.33
mJPI,0,1,1,0.0
mJPK,1,0,1,1.0
mJPL,1,3,4,0.25
mJPM,2,2,4,0.5
mJPN,2,4,6,0.33
mJPP,5,1,6,0.83
mJPS,5,3,8,0.62
mJPb,2,0,2,1.0
mJPl,4,2,6,0.67
mJPm,4,4,8,0.5
mJPn,3,2,5,0.6
mJPs,2,2,4,0.5
mJSB,2,0,2,1.0
mJSH,1,1,2,0.5
mJSL,1,0,1,1.0
mJSM,1,0,1,1.0
mJSN,2,2,4,0.5
mJSP,0,1,1,0.0
mJSS,0,0,0,
mJSb,1,0,1,1.0
mJSh,2,0,2,1.0
mJSn,1,6,7,0.14
mJSs,0,1,1,0.0
mJSt,1,0,1,1.0
mJbB,2,0,2,1.0
mJbH,1,0,1,1.0
mJbJ,0,4,4,0.0
mJbK,0,1,1,0.0
mJbL,1,0,1,1.0
mJbM,4,2,6,0.67
mJbN,4,1,5,0.8
mJbP,1,2,3,0.33
mJbb,3,1,4,0.75
mJbl,0,0,0,
mJbm,4,1,5,0.8
mJbn,2,1,3,0.67
mJbs,2,0,2,1.0
mJhL,1,0,1,1.0
mJhP,1,0,1,1.0
mJlB,1,1,2,0.5
mJlH,0,1,1,0.0
mJlL,1,0,1,1.0
mJlM,1,0,1,1.0
mJlN,0,1,1,0.0
mJlP,1,3,4,0.25
mJlS,0,0,0,
mJlb,2,2,4,0.5
mJlm,1,1,2,0.5
mJln,2,1,3,0.67
mJmB,0,2,2,0.0
mJmH,1,0,1,1.0
mJmI,0,0,0,
mJmJ,1,0,1,1.0
mJmL,1,0,1,1.0
mJmM,2,0,2,1.0
mJmN,1,1,2,0.5
mJmP,2,1,3,0.67
mJmS,0,1,1,0.0
mJmb,3,3,6,0.5
mJml,0,1,1,0.0
mJmm,1,1,2,0.5
mJmn,2,1,3,0.67
mJms,1,0,1,1.0
mJnB,1,1,2,0.5
mJnH,0,1,1,0.0
mJnI,0,1,1,0.0
mJnL,0,1,1,0.0
mJnM,3,1,4,0.75
mJnN,1,2,3,0.33
mJnP,5,3,8,0.62
mJnS,2,0,2,1.0
mJnb,4,0,4,1.0
mJnl,0,0,0,
mJnm,2,2,4,0.5
mJnn,2,2,4,0.5
mJns,2,2,4,0.5
mJsB,3,0,3,1.0
mJsH,1,1,2,0.5
mJsL,0,1,1,0.0
mJsM,0,1,1,0.0
mJsN,2,3,5,0.4
mJsP,3,1,4,0.75
mJsS,0,3,3,0.0
mJsb,1,1,2,0.5
mJsl,0,0,0,
mJsm,0,0,0,
mJsn,2,2,4,0.5
mJss,1,2,3,0.33
mJtB,1,0,1,1.0
mJtM,0,1,1,0.0
mJtN,1,1,2,0.5
mJtn,1,0,1,1.0
mKBN,1,0,1,1.0
mKBS,0,1,1,0.0
mKBj,1,0,1,1.0
mKBs,1,0,1,1.0
mKLn,0,1,1,0.0
mKMM,0,0,0,
mKMN,1,0,1,1.0
mKMn,0,0,0,
mKNb,0,1,1,0.0
mKPS,0,0,0,
mKPb,1,0,1,1.0
mKSP,0,2,2,0.0
mKSn,1,0,1,1.0
mKSs,0,1,1,0.0
mKbB,0,1,1,0.0
mKbK,0,1,1,0.0
mKbM,1,0,1,1.0
mKbN,1,0,1,1.0
mKbS,0,1,1,0.0
mKbn,1,0,1,1.0
mKhB,0,1,1,0.0
mKhM,0,1,1,0.0
mKhl,0,1,1,0.0
mKlH,1,0,1,1.0
mKlM,1,0,1,1.0
mKlN,0,1,1,0.0
mKlm,1,0,1,1.0
mKln,1,0,1,1.0
mKmB,0,1,1,0.0
mKmM,1,0,1,1.0
mKml,0,1,1,0.0
mKnI,0,1,1,0.0
mKnM,0,0,0,
mKnP,0,0,0,
mKsB,1,0,1,1.0
mKsD,1,0,1,1.0
mKsL,0,1,1,0.0
mKsS,0,0,0,
mKtP,1,0,1,1.0
mLBB,4,3,7,0.57
mLBL,0,1,1,0.0
mLBM,0,3,3,0.0
mLBN,4,4,8,0.5
mLBP,5,5,10,0.5
mLBS,0,1,1,0.0
mLBb,3,1,4,0.75
mLBh,0,1,1,0.0
mLBj,2,0,2,1.0
mLBl,0,1,1,0.0
mLBm,1,0,1,1.0
mLBn,2,3,5,0.4
mLBs,1,0,1,1.0
mLBt,0,1,1,0.0
mLDH,0,0,0,
mLDP,2,1,3,0.67
mLDm,1,0,1,1.0
mLHP,1,0,1,1.0
mLKP,0,1,1,0.0
mLKl,0,1,1,0.0
mLKn,0,0,0,
mLLB,1,2,3,0.33
mLLL,1,0,1,1.0
mLLN,1,0,1,1.0
mLLP,1,2,3,0.33
mLLS,2,2,4,0.5
mLLb,2,2,4,0.5
mLLh,0,2,2,0.0
mLLj,1,0,1,1.0
mLLm,2,0,2,1.0
mLLn,4,0,4,1.0
mLLs,0,1,1,0.0
mLMB,0,1,1,0.0
mLMD,2,0,2,1.0
mLML,0,1,1,0.0
mLMM,6,4,10,0.6
mLMN,6,4,10,0.6
mLMP,3,5,8,0.38
mLMS,2,1,3,0.67
mLMb,3,4,7,0.43
mLMh,4,3,7,0.57
mLMj,2,0,2,1.0
mLMl,2,1,3,0.67
mLMm,1,1,2,0.5
mLMn,7,5,12,0.58
mLMs,4,3,7,0.57
mLMt,1,2,3,0.33
mLNB,2,3,5,0.4
mLNH,1,0,1,1.0
mLNM,4,3,7,0.57
mLNN,4,5,9,0.44
mLNP,7,4,11,0.64
mLNS,3,0,3,1.0
mLNb,4,9,13,0.31
mLNh,1,3,4,0.25
mLNl,2,2,4,0.5
mLNm,3,2,5,0.6
mLNn,5,4,9,0.56
mLNs,2,2,4,0.5
mLNt,2,2,4,0.5
mLPB,6,5,11,0.55
mLPH,1,2,3,0.33
mLPL,3,3,6,0.5
mLPM,4,5,9,0.44
mLPN,3,7,10,0.3
mLPP,4,8,12,0.33
mLPS,4,3,7,0.57
mLPb,4,9,13,0.31
mLPl,3,1,4,0.75
mLPm,1,1,2,0.5
mLPn,4,7,11,0.36
mLPs,2,3,5,0.4
mLSB,1,2,3,0.33
mLSH,0,1,1,0.0
mLSK,0,0,0,
mLSL,2,2,4,0.5
mLSM,1,4,5,0.2
mLSN,1,1,2,0.5
mLSP,4,2,6,0.67
mLSS,1,0,1,1.0
mLSb,6,3,9,0.67
mLSh,1,1,2,0.5
mLSl,0,4,4,0.0
mLSm,2,4,6,0.33
mLSn,0,4,4,0.0
mLSs,5,1,6,0.83
mLbB,1,2,3,0.33
mLbH,2,2,4,0.5
mLbJ,0,3,3,0.0
mLbL,1,1,2,0.5
mLbM,4,3,7,0.57
mLbN,5,6,11,0.45
mLbP,2,9,11,0.18
mLbS,0,4,4,0.0
mLbb,4,4,8,0.5
mLbl,3,1,4,0.75
mLbm,2,2,4,0.5
mLbn,5,2,7,0.71
mLbs,2,3,5,0.4
mLhB,3,0,3,1.0
mLhH,1,1,2,0.5
mLhL,0,1,1,0.0
mLhM,2,1,3,0.67
mLhN,1,3,4,0.25
mLhP,1,3,4,0.25
mLhS,0,1,1,0.0
mLhb,2,2,4,0.5
mLhh,3,1,4,0.75
mLhl,2,2,4,0.5
mLhm,1,1,2,0.5
mLhn,5,5,10,0.5
mLhs,3,0,3,1.0
mLjM,2,0,2,1.0
mLjN,1,4,5,0.2
mLjP,2,3,5,0.4
mLjb,1,3,4,0.25
mLjl,1,0,1,1.0
mLjm,4,0,4,1.0
mLjn,2,0,2,1.0
mLjs,0,1,1,0.0
mLlB,2,1,3,0.67
mLlH,0,1,1,0.0
mLlI,1,0,1,1.0
mLlJ,1,1,2,0.5
mLlM,1,3,4,0.25
mLlN,1,2,3,0.33
mLlP,2,0,2,1.0
mLlS,1,4,5,0.2
mLlb,0,1,1,0.0
mLll,1,0,1,1.0
mLlm,2,1,3,0.67
mLln,2,2,4,0.5
mLls,1,3,4,0.25
mLmB,1,1,2,0.5
mLmH,1,0,1,1.0
mLmL,2,1,3,0.67
mLmM,3,2,5,0.6
mLmN,4,4,8,0.5
mLmP,4,4,8,0.5
mLmS,3,1,4,0.75
mLmb,2,1,3,0.67
mLml,0,2,2,0.0
mLmm,3,0,3,1.0
mLmn,6,3,9,0.67
mLms,0,2,2,0.0
mLnB,2,1,3,0.67
mLnD,0,2,2,0.0
mLnH,5,1,6,0.83
mLnL,4,0,4,1.0
mLnM,6,2,8,0.75
mLnN,4,6,10,0.4
mLnP,9,5,14,0.64
mLnS,6,8,14,0.43
mLnb,5,8,13,0.38
mLnh,0,1,1,0.0
mLnl,1,3,4,0.25
mLnm,3,4,7,0.43
mLnn,3,4,7,0.43
mLns,2,3,5,0.4
mLnt,0,1,1,0.0
mLsB,1,1,2,0.5
mLsH,2,3,5,0.4
mLsL,0,2,2,0.0
mLsM,2,2,4,0.5
mLsN,3,1,4,0.75
mLsP,2,4,6,0.33
mLsS,2,2,4,0.5
mLsb,1,1,2,0.5
mLsl,0,0,0,
mLsm,0,1,1,0.0
mLsn,2,1,3,0.67
mLss,3,4,7,0.43
mLtD,0,0,0,
mLtH,1,0,1,1.0
mLtM,0,0,0,
mLtN,1,1,2,0.5
mLtP,1,0,1,1.0
mLtS,0,0,0,
mLtb,0,1,1,0.0
mLtm,2,0,2,1.0
mLtn,3,2,5,0.6
mLts,0,0,0,
mMBB,8,2,10,0.8
mMBL,1,2,3,0.33
mMBM,5,9,14,0.36
mMBN,8,6,14,0.57
mMBP,10,5,15,0.67
mMBS,4,4,8,0.5
mMBb,7,7,14,0.5
mMBh,1,1,2,0.5
mMBj,1,3,4,0.25
mMBl,5,2,7,0.71
mMBm,10,6,16,0.62
mMBn,21,9,30,0.7
mMBs,2,2,4,0.5
mMBt,1,2,3,0.33
mMDB,1,0,1,1.0
mMDH,1,0,1,1.0
mMDM,0,1,1,0.0
mMDN,2,0,2,1.0
mMDP,0,1,1,0.0
mMDS,0,1,1,0.0
mMDb,1,0,1,1.0
mMHS,0,1,1,0.0
mMKN,0,1,1,0.0
mMLB,4,0,4,1.0
mMLD,1,0,1,1.0
mMLM,6,2,8,0.75
mMLN,6,1,7,0.86
mMLP,9,3,12,0.75
mMLS,0,0,0,
mMLb,4,4,8,0.5
mMLh,4,3,7,0.57
mMLj,2,0,2,1.0
mMLl,1,2,3,0.33
mMLn,4,2,6,0.67
mMLs,5,1,6,0.83
mMLt,0,1,1,0.0
mMMB,6,6,12,0.5
mMMD,0,0,0,
mMML,6,5,11,0.55
mMMM,10,9,19,0.53
mMMN,5,10,15,0.33
mMMP,7,10,17,0.41
mMMS,9,6,15,0.6
mMMb,10,10,20,0.5
mMMh,11,9,20,0.55
mMMj,3,6,9,0.33
mMMl,7,0,7,1.0
mMMm,4,6,10,0.4
mMMn,25,15,40,0.62
mMMs,5,6,11,0.45
mMMt,1,1,2,0.5
mMNB,4,11,15,0.27
mMNH,2,1,3,0.67
mMNK,1,1,2,0.5
mMNL,2,1,3,0.67
mMNM,8,15,23,0.35
mMNN,14,19,33,0.42
mMNP,21,18,39,0.54
mMNS,13,8,21,0.62
mMNb,14,9,23,0.61
mMNh,5,2,7,0.71
mMNl,4,8,12,0.33
mMNm,9,11,20,0.45
mMNn,18,23,41,0.44
mMNs,2,3,5,0.4
mMNt,2,1,3,0.67
mMPB,10,9,19,0.53
mMPH,4,6,10,0.4
mMPI,3,2,5,0.6
mMPK,3,1,4,0.75
mMPL,3,3,6,0.5
mMPM,9,13,22,0.41
mMPN,15,19,34,0.44
mMPP,26,21,47,0.55
mMPS,10,8,18,0.56
mMPb,9,8,17,0.53
mMPh,1,2,3,0.33
mMPl,9,5,14,0.64
mMPm,17,8,25,0.68
mMPn,13,16,29,0.45
mMPs,6,3,9,0.67
mMPt,0,2,2,0.0
mMSB,6,3,9,0.67
mMSH,4,5,9,0.44
mMSK,2,0,2,1.0
mMSL,3,1,4,0.75
mMSM,11,5,16,0.69
mMSN,13,6,19,0.68
mMSP,12,9,21,0.57
mMSS,9,5,14,0.64
mMSb,4,4,8,0.5
mMSh,2,5,7,0.29
mMSl,3,2,5,0.6
mMSm,2,7,9,0.22
mMSn,7,10,17,0.41
mMSs,5,3,8,0.62
mMSt,1,2,3,0.33
mMbB,10,6,16,0.62
mMbD,1,0,1,1.0
mMbH,5,2,7,0.71
mMbI,1,0,1,1.0
mMbJ,3,4,7,0.43
mMbK,1,1,2,0.5
mMbL,1,2,3,0.33
mMbM,13,9,22,0.59
mMbN,25,13,38,0.66
mMbP,10,7,17,0.59
mMbS,4,4,8,0.5
mMbb,14,6,20,0.7
mMbl,2,5,7,0.29
mMbm,9,9,18,0.5
mMbn,9,14,23,0.39
mMbs,2,6,8,0.25
mMhB,4,5,9,0.44
mMhH,6,2,8,0.75
mMhL,1,1,2,0.5
mMhM,9,8,17,0.53
mMhN,9,10,19,0.47
mMhP,15,14,29,0.52
mMhS,10,5,15,0.67
mMhb,6,10,16,0.38
mMhh,8,5,13,0.62
mMhl,10,3,13,0.77
mMhm,5,7,12,0.42
mMhn,12,11,23,0.52
mMhs,6,12,18,0.33
mMht,2,1,3,0.67
mMjB,3,2,5,0.6
mMjD,0,1,1,0.0
mMjH,1,2,3,0.33
mMjI,0,1,1,0.0
mMjK,1,0,1,1.0
mMjL,1,2,3,0.33
mMjM,3,4,7,0.43
mMjN,5,1,6,0.83
mMjP,5,3,8,0.62
mMjS,3,2,5,0.6
mMjb,4,2,6,0.67
mMjh,0,1,1,0.0
mMjl,1,1,2,0.5
mMjm,3,2,5,0.6
mMjn,3,4,7,0.43
mMjs,1,2,3,0.33
mMjt,1,1,2,0.5
mMlB,4,4,8,0.5
mMlH,0,3,3,0.0
mMlI,0,1,1,0.0
mMlJ,0,1,1,0.0
mMlL,1,0,1,1.0
mMlM,3,8,11,0.27
mMlN,5,5,10,0.5
mMlP,3,3,6,0.5
mMlS,5,2,7,0.71
mMlb,7,4,11,0.64
mMll,2,1,3,0.67
mMlm,2,1,3,0.67
mMln,7,4,11,0.64
mMls,2,3,5,0.4
mMmB,8,3,11,0.73
mMmD,1,1,2,0.5
mMmH,6,11,17,0.35
mMmI,0,1,1,0.0
mMmJ,1,0,1,1.0
mMmL,2,2,4,0.5
mMmM,7,6,13,0.54
mMmN,9,16,25,0.36
mMmP,10,13,23,0.43
mMmS,3,5,8,0.38
mMmb,8,7,15,0.53
mMmh,0,1,1,0.0
mMml,2,0,2,1.0
mMmm,4,7,11,0.36
mMmn,10,7,17,0.59
mMms,2,1,3,0.67
mMnB,6,9,15,0.4
mMnH,8,11,19,0.42
mMnI,2,4,6,0.33
mMnK,1,2,3,0.33
mMnL,4,4,8,0.5
mMnM,13,12,25,0.52
mMnN,23,29,52,0.44
mMnP,37,25,62,0.6
mMnS,8,12,20,0.4
mMnb,12,17,29,0.41
mMnh,1,0,1,1.0
mMnl,11,2,13,0.85
mMnm,12,10,22,0.55
mMnn,24,23,47,0.51
mMns,5,11,16,0.31
mMsB,3,5,8,0.38
mMsH,5,5,10,0.5
mMsI,1,0,1,1.0
mMsK,1,0,1,1.0
mMsM,9,4,13,0.69
mMsN,11,7,18,0.61
mMsP,5,11,16,0.31
mMsS,8,4,12,0.67
mMsb,6,7,13,0.46
mMsl,4,2,6,0.67
mMsm,6,5,11,0.55
mMsn,5,12,17,0.29
mMss,0,2,2,0.0
mMtB,1,3,4,0.25
mMtK,0,0,0,
mMtL,1,2,3,0.33
mMtM,2,1,3,0.67
mMtN,2,0,2,1.0
mMtP,2,0,2,1.0
mMtS,1,2,3,0.33
mMtb,3,2,5,0.6
mMth,1,0,1,1.0
mMtl,0,1,1,0.0
mMtm,1,1,2,0.5
mMtn,2,3,5,0.4
mMts,1,1,2,0.5
mMtt,0,1,1,0.0
mNBB,6,3,9,0.67
mNBD,1,0,1,1.0
mNBK,2,1,3,0.67
mNBL,2,5,7,0.29
mNBM,7,10,17,0.41
mNBN,10,2,12,0.83
mNBP,4,12,16,0.25
mNBS,0,4,4,0.0
mNBb,9,7,16,0.56
mNBh,1,3,4,0.25
mNBj,1,3,4,0.25
mNBl,5,2,7,0.71
mNBm,3,3,6,0.5
mNBn,13,16,29,0.45
mNBs,5,1,6,0.83
mNBt,6,0,6,1.0
mNDB,1,0,1,1.0
mNDH,2,0,2,1.0
mNDM,0,1,1,0.0
mNDN,0,1,1,0.0
mNDP,0,0,0,
mNDS,0,5,5,0.0
mNDl,1,0,1,1.0
mNDn,0,1,1,0.0
mNHB,2,1,3,0.67
mNHD,1,0,1,1.0
mNHK,1,0,1,1.0
mNHL,1,1,2,0.5
mNHM,1,1,2,0.5
mNHN,6,5,11,0.55
mNHP,3,5,8,0.38
mNHS,4,1,5,0.8
mNHb,3,1,4,0.75
mNHh,2,2,4,0.5
mNHl,0,0,0,
mNHm,1,1,2,0.5
mNHn,5,3,8,0.62
mNHs,1,2,3,0.33
mNKB,0,1,1,0.0
mNKL,0,1,1,0.0
mNKM,2,1,3,0.67
mNKN,1,1,2,0.5
mNKP,0,1,1,0.0
mNKb,1,1,2,0.5
mNKl,1,0,1,1.0
mNKm,1,1,2,0.5
mNKn,3,1,4,0.75
mNLB,5,5,10,0.5
mNLD,0,1,1,0.0
mNLL,0,3,3,0.0
mNLM,3,3,6,0.5
mNLN,4,7,11,0.36
mNLP,4,8,12,0.33
mNLS,1,3,4,0.25
mNLb,5,7,12,0.42
mNLh,1,1,2,0.5
mNLj,1,3,4,0.25
mNLm,3,3,6,0.5
mNLn,6,11,17,0.35
mNLs,2,1,3,0.67
mNMB,5,6,11,0.45
mNML,4,5,9,0.44
mNMM,7,11,18,0.39
mNMN,9,13,22,0.41
mNMP,12,15,27,0.44
mNMS,8,4,12,0.67
mNMb,9,11,20,0.45
mNMh,7,9,16,0.44
mNMj,0,3,3,0.0
mNMl,6,3,9,0.67
mNMm,6,7,13,0.46
mNMn,17,13,30,0.57
mNMs,8,3,11,0.73
mNMt,2,2,4,0.5
mNNB,11,8,19,0.58
mNND,0,0,0,
mNNH,2,5,7,0.29
mNNK,1,0,1,1.0
mNNL,3,4,7,0.43
mNNM,20,19,39,0.51
mNNN,19,23,42,0.45
mNNP,19,23,42,0.45
mNNS,15,16,31,0.48
mNNb,8,17,25,0.32
mNNh,5,2,7,0.71
mNNl,2,7,9,0.22
mNNm,9,10,19,0.47
mNNn,23,32,55,0.42
mNNs,8,13,21,0.38
mNNt,6,2,8,0.75
mNPB,13,15,28,0.46
mNPD,2,0,2,1.0
mNPH,9,7,16,0.56
mNPI,0,2,2,0.0
mNPK,0,2,2,0.0
mNPL,4,6,10,0.4
mNPM,22,13,35,0.63
mNPN,18,35,53,0.34
mNPP,28,30,58,0.48
mNPS,20,11,31,0.65
mNPb,13,19,32,0.41
mNPh,3,1,4,0.75
mNPl,10,11,21,0.48
mNPm,14,14,28,0.5
mNPn,22,28,50,0.44
mNPs,7,12,19,0.37
mNSB,7,1,8,0.88
mNSD,0,2,2,0.0
mNSH,5,4,9,0.56
mNSL,2,4,6,0.33
mNSM,8,6,14,0.57
mNSN,5,9,14,0.36
mNSP,9,9,18,0.5
mNSS,15,10,25,0.6
mNSb,7,7,14,0.5
mNSh,7,6,13,0.54
mNSl,5,3,8,0.62
mNSm,7,4,11,0.64
mNSn,11,16,27,0.41
mNSs,11,10,21,0.52
mNSt,0,2,2,0.0
mNbB,8,7,15,0.53
mNbD,2,1,3,0.67
mNbH,2,5,7,0.29
mNbI,2,0,2,1.0
mNbJ,3,1,4,0.75
mNbK,1,0,1,1.0
mNbL,7,1,8,0.88
mNbM,13,12,25,0.52
mNbN,23,18,41,0.56
mNbP,13,14,27,0.48
mNbS,3,7,10,0.3
mNbb,5,10,15,0.33
mNbl,2,3,5,0.4
mNbm,6,4,10,0.6
mNbn,14,12,26,0.54
mNbs,7,1,8,0.88
mNhB,2,2,4,0.5
mNhH,3,0,3,1.0
mNhK,0,0,0,
mNhL,2,0,2,1.0
mNhM,2,3,5,0.4
mNhN,4,2,6,0.67
mNhP,7,4,11,0.64
mNhS,2,3,5,0.4
mNhb,6,4,10,0.6
mNhh,4,6,10,0.4
mNhl,2,2,4,0.5
mNhm,1,1,2,0.5
mNhn,2,6,8,0.25
mNhs,4,1,5,0.8
mNht,1,1,2,0.5
mNlB,5,2,7,0.71
mNlH,1,0,1,1.0
mNlI,0,1,1,0.0
mNlJ,0,3,3,0.0
mNlM,3,7,10,0.3
mNlN,5,4,9,0.56
mNlP,8,7,15,0.53
mNlS,3,5,8,0.38
mNlb,3,5,8,0.38
mNll,1,3,4,0.25
mNlm,1,1,2,0.5
mNln,9,5,14,0.64
mNls,2,4,6,0.33
mNmB,11,7,18,0.61
mNmD,0,0,0,
mNmH,14,6,20,0.7
mNmI,0,1,1,0.0
mNmJ,4,1,5,0.8
mNmK,1,0,1,1.0
mNmL,2,3,5,0.4
mNmM,11,7,18,0.61
mNmN,14,13,27,0.52
mNmP,14,9,23,0.61
mNmS,3,4,7,0.43
mNmb,11,6,17,0.65
mNml,0,2,2,0.0
mNmm,7,1,8,0.88
mNmn,10,11,21,0.48
mNms,3,4,7,0.43
mNnB,13,19,32,0.41
mNnD,8,4,12,0.67
mNnH,7,7,14,0.5
mNnI,1,1,2,0.5
mNnK,0,0,0,
mNnL,7,6,13,0.54
mNnM,15,17,32,0.47
mNnN,23,33,56,0.41
mNnP,20,27,47,0.43
mNnS,9,16,25,0.36
mNnb,14,15,29,0.48
mNnh,0,1,1,0.0
mNnl,5,7,12,0.42
mNnm,18,13,31,0.58
mNnn,24,28,52,0.46
mNns,21,10,31,0.68
mNnt,0,1,1,0.0
mNsB,2,1,3,0.67
mNsD,2,0,2,1.0
mNsH,9,15,24,0.38
mNsI,0,1,1,0.0
mNsL,1,4,5,0.2
mNsM,4,6,10,0.4
mNsN,7,12,19,0.37
mNsP,10,13,23,0.43
mNsS,8,11,19,0.42
mNsb,7,0,7,1.0
mNsh,2,1,3,0.67
mNsl,0,4,4,0.0
mNsm,6,5,11,0.55
mNsn,13,10,23,0.57
mNss,4,5,9,0.44
mNtB,0,2,2,0.0
mNtD,0,1,1,0.0
mNtH,2,0,2,1.0
mNtL,2,1,3,0.67
mNtM,1,1,2,0.5
mNtN,6,4,10,0.6
mNtP,2,4,6,0.33
mNtS,2,3,5,0.4
mNtb,2,3,5,0.4
mNtl,0,1,1,0.0
mNtm,2,0,2,1.0
mNtn,2,2,4,0.5
mNts,1,2,3,0.33
mNtt,0,1,1,0.0
mPBB,4,4,8,0.5
mPBD,0,1,1,0.0
mPBK,0,0,0,
mPBL,4,3,7,0.57
mPBM,12,5,17,0.71
mPBN,9,15,24,0.38
mPBP,15,15,30,0.5
mPBS,7,8,15,0.47
mPBb,11,11,22,0.5
mPBh,0,1,1,0.0
mPBj,5,6,11,0.45
mPBl,5,5,10,0.5
mPBm,9,4,13,0.69
mPBn,15,10,25,0.6
mPBs,5,2,7,0.71
mPBt,1,1,2,0.5
mPDD,2,0,2,1.0
mPDH,1,0,1,1.0
mPDM,2,1,3,0.67
mPDP,1,2,3,0.33
mPDb,0,0,0,
mPDl,2,0,2,1.0
mPDm,1,2,3,0.33
mPDn,1,0,1,1.0
mPDs,0,1,1,0.0
mPHB,2,3,5,0.4
mPHH,0,1,1,0.0
mPHI,1,0,1,1.0
mPHK,1,1,2,0.5
mPHL,2,1,3,0.67
mPHM,9,5,14,0.64
mPHN,5,4,9,0.56
mPHP,2,9,11,0.18
mPHS,3,7,10,0.3
mPHb,4,2,6,0.67
mPHh,1,1,2,0.5
mPHl,1,1,2,0.5
mPHm,3,6,9,0.33
mPHn,7,3,10,0.7
mPHs,4,3,7,0.57
mPIH,1,2,3,0.33
mPIL,1,0,1,1.0
mPIM,0,1,1,0.0
mPIN,1,4,5,0.2
mPIP,0,0,0,
mPIS,1,0,1,1.0
mPIm,1,2,3,0.33
mPIn,2,0,2,1.0
mPKB,1,0,1,1.0
mPKI,0,1,1,0.0
mPKL,1,0,1,1.0
mPKM,1,1,2,0.5
mPKN,0,1,1,0.0
mPKP,4,0,4,1.0
mPKS,0,0,0,
mPKb,1,0,1,1.0
mPKh,1,0,1,1.0
mPKl,1,2,3,0.33
mPKm,0,1,1,0.0
mPKn,8,2,10,0.8
mPLB,3,3,6,0.5
mPLK,0,1,1,0.0
mPLL,3,3,6,0.5
mPLM,6,5,11,0.55
mPLN,4,3,7,0.57
mPLP,8,2,10,0.8
mPLS,3,2,5,0.6
mPLb,6,8,14,0.43
mPLh,3,5,8,0.38
mPLj,2,4,6,0.33
mPLl,1,2,3,0.33
mPLm,4,1,5,0.8
mPLn,4,5,9,0.44
mPLs,5,2,7,0.71
mPLt,0,1,1,0.0
mPMB,11,7,18,0.61
mPMD,2,1,3,0.67
mPML,6,4,10,0.6
mPMM,9,18,27,0.33
mPMN,10,15,25,0.4
mPMP,22,19,41,0.54
mPMS,7,9,16,0.44
mPMb,16,15,31,0.52
mPMh,21,15,36,0.58
mPMj,6,2,8,0.75
mPMl,8,10,18,0.44
mPMm,13,10,23,0.57
mPMn,14,21,35,0.4
mPMs,8,7,15,0.53
mPMt,2,2,4,0.5
mPNB,11,6,17,0.65
mPND,2,1,3,0.67
mPNH,2,2,4,0.5
mPNK,1,0,1,1.0
mPNL,6,9,15,0.4
mPNM,21,25,46,0.46
mPNN,13,13,26,0.5
mPNP,22,26,48,0.46
mPNS,10,13,23,0.43
mPNb,15,15,30,0.5
mPNh,5,4,9,0.56
mPNl,3,13,16,0.19
mPNm,13,4,17,0.76
mPNn,18,20,38,0.47
mPNs,14,10,24,0.58
mPNt,2,2,4,0.5
mPPB,16,19,35,0.46
mPPD,1,0,1,1.0
mPPH,7,3,10,0.7
mPPI,1,1,2,0.5
mPPK,4,2,6,0.67
mPPL,7,11,18,0.39
mPPM,22,32,54,0.41
mPPN,27,23,50,0.54
mPPP,36,41,77,0.47
mPPS,14,19,33,0.42
mPPb,25,26,51,0.49
mPPh,1,3,4,0.25
mPPl,11,10,21,0.52
mPPm,24,22,46,0.52
mPPn,21,16,37,0.57
mPPs,9,11,20,0.45
mPPt,1,2,3,0.33
mPSB,5,11,16,0.31
mPSD,0,0,0,
mPSH,1,5,6,0.17
mPSL,3,4,7,0.43
mPSM,7,6,13,0.54
mPSN,7,9,16,0.44
mPSP,16,11,27,0.59
mPSS,10,4,14,0.71
mPSb,9,4,13,0.69
mPSh,6,13,19,0.32
mPSl,1,6,7,0.14
mPSm,8,6,14,0.57
mPSn,10,11,21,0.48
mPSs,7,3,10,0.7
mPSt,1,2,3,0.33
mPbB,10,14,24,0.42
mPbD,1,2,3,0.33
mPbH,10,4,14,0.71
mPbI,1,0,1,1.0
mPbJ,6,3,9,0.67
mPbK,0,0,0,
mPbL,3,4,7,0.43
mPbM,18,18,36,0.5
mPbN,17,21,38,0.45
mPbP,19,29,48,0.4
mPbS,6,6,12,0.5
mPbb,13,21,34,0.38
mPbl,8,3,11,0.73
mPbm,14,11,25,0.56
mPbn,15,15,30,0.5
mPbs,6,8,14,0.43
mPhB,1,0,1,1.0
mPhD,0,1,1,0.0
mPhH,0,1,1,0.0
mPhL,1,1,2,0.5
mPhM,0,4,4,0.0
mPhN,0,3,3,0.0
mPhP,1,4,5,0.2
mPhS,2,0,2,1.0
mPhb,2,2,4,0.5
mPhh,1,2,3,0.33
mPhl,1,1,2,0.5
mPhm,0,1,1,0.0
mPhn,1,3,4,0.25
mPhs,1,0,1,1.0
mPlB,3,5,8,0.38
mPlH,2,3,5,0.4
mPlI,1,0,1,1.0
mPlJ,0,3,3,0.0
mPlL,1,3,4,0.25
mPlM,7,7,14,0.5
mPlN,3,6,9,0.33
mPlP,7,7,14,0.5
mPlS,6,4,10,0.6
mPlb,7,2,9,0.78
mPll,3,3,6,0.5
mPlm,12,4,16,0.75
mPln,8,6,14,0.57
mPls,0,4,4,0.0
mPmB,11,4,15,0.73
mPmD,1,0,1,1.0
mPmH,9,7,16,0.56
mPmI,1,1,2,0.5
mPmJ,3,5,8,0.38
mPmL,6,2,8,0.75
mPmM,9,7,16,0.56
mPmN,11,12,23,0.48
mPmP,9,16,25,0.36
mPmS,4,2,6,0.67
mPmb,12,10,22,0.55
mPml,2,1,3,0.67
mPmm,6,7,13,0.46
mPmn,4,8,12,0.33
mPms,6,8,14,0.43
mPnB,11,9,20,0.55
mPnD,3,1,4,0.75
mPnH,9,5,14,0.64
mPnI,0,4,4,0.0
mPnK,2,1,3,0.67
mPnL,9,8,17,0.53
mPnM,22,16,38,0.58
mPnN,30,14,44,0.68
mPnP,24,30,54,0.44
mPnS,12,9,21,0.57
mPnb,16,18,34,0.47
mPnh,0,0,0,
mPnl,9,6,15,0.6
mPnm,8,11,19,0.42
mPnn,23,18,41,0.56
mPns,12,8,20,0.6
mPsB,3,6,9,0.33
mPsD,3,0,3,1.0
mPsH,8,14,22,0.36
mPsI,1,0,1,1.0
mPsK,0,0,0,
mPsL,0,1,1,0.0
mPsM,13,5,18,0.72
mPsN,9,9,18,0.5
mPsP,6,14,20,0.3
mPsS,7,8,15,0.47
mPsb,7,10,17,0.41
mPsh,0,1,1,0.0
mPsl,4,6,10,0.4
mPsm,7,2,9,0.78
mPsn,4,5,9,0.44
mPss,4,7,11,0.36
mPtB,2,1,3,0.67
mPtD,1,0,1,1.0
mPtH,1,1,2,0.5
mPtL,1,3,4,0.25
mPtM,1,4,5,0.2
mPtN,1,1,2,0.5
mPtP,2,0,2,1.0
mPtS,0,1,1,0.0
mPtb,5,1,6,0.83
mPtl,0,0,0,
mPtm,4,2,6,0.67
mPtn,2,0,2,1.0
mPts,3,0,3,1.0
mSBB,1,0,1,1.0
mSBL,2,1,3,0.67
mSBM,2,1,3,0.67
mSBN,3,1,4,0.75
mSBP,4,4,8,0.5
mSBS,3,2,5,0.6
mSBb,5,2,7,0.71
mSBh,2,2,4,0.5
mSBj,1,2,3,0.33
mSBl,2,1,3,0.67
mSBm,4,2,6,0.67
mSBn,5,5,10,0.5
mSBs,2,1,3,0.67
mSBt,2,2,4,0.5
mSDt,0,1,1,0.0
mSHB,1,2,3,0.33
mSHH,1,0,1,1.0
mSHK,0,1,1,0.0
mSHL,1,0,1,1.0
mSHM,1,3,4,0.25
mSHN,0,1,1,0.0
mSHP,4,0,4,1.0
mSHS,5,2,7,0.71
mSHb,1,2,3,0.33
mSHl,1,3,4,0.25
mSHm,0,4,4,0.0
mSHn,3,2,5,0.6
mSHs,0,1,1,0.0
mSIN,0,1,1,0.0
mSKL,1,0,1,1.0
mSKP,0,0,0,
mSKn,0,1,1,0.0
mSLB,1,2,3,0.33
mSLK,0,0,0,
mSLM,3,1,4,0.75
mSLN,0,0,0,
mSLP,3,3,6,0.5
mSLS,2,3,5,0.4
mSLb,1,0,1,1.0
mSLh,0,1,1,0.0
mSLl,1,0,1,1.0
mSLm,2,1,3,0.67
mSLn,3,0,3,1.0
mSLs,0,3,3,0.0
mSLt,0,1,1,0.0
mSMB,4,4,8,0.5
mSMD,1,1,2,0.5
mSML,2,4,6,0.33
mSMM,2,3,5,0.4
mSMN,4,10,14,0.29
mSMP,7,7,14,0.5
mSMS,4,6,10,0.4
mSMb,7,6,13,0.54
mSMh,3,4,7,0.43
mSMj,0,4,4,0.0
mSMl,2,2,4,0.5
mSMm,2,4,6,0.33
mSMn,6,11,17,0.35
mSMs,0,1,1,0.0
mSMt,0,2,2,0.0
mSNB,3,2,5,0.6
mSNK,1,1,2,0.5
mSNL,1,1,2,0.5
mSNM,2,8,10,0.2
mSNN,8,5,13,0.62
mSNP,8,6,14,0.57
mSNS,5,7,12,0.42
mSNb,6,2,8,0.75
mSNh,2,4,6,0.33
mSNl,2,2,4,0.5
mSNm,6,1,7,0.86
mSNn,8,8,16,0.5
mSNs,7,7,14,0.5
mSNt,1,1,2,0.5
mSPB,8,6,14,0.57
mSPD,1,0,1,1.0
mSPH,0,4,4,0.0
mSPK,0,1,1,0.0
mSPL,3,5,8,0.38
mSPM,6,15,21,0.29
mSPN,15,6,21,0.71
mSPP,10,14,24,0.42
mSPS,7,10,17,0.41
mSPb,13,11,24,0.54
mSPh,2,1,3,0.67
mSPl,4,3,7,0.57
mSPm,5,5,10,0.5
mSPn,15,7,22,0.68
mSPs,6,10,16,0.38
mSPt,3,1,4,0.75
mSSB,3,2,5,0.6
mSSD,1,0,1,1.0
mSSH,0,2,2,0.0
mSSK,0,0,0,
mSSL,2,0,2,1.0
mSSM,10,7,17,0.59
mSSN,5,4,9,0.56
mSSP,10,4,14,0.71
mSSS,5,4,9,0.56
mSSb,4,1,5,0.8
mSSh,5,4,9,0.56
mSSl,0,3,3,0.0
mSSm,2,8,10,0.2
mSSn,3,4,7,0.43
mSSs,4,4,8,0.5
mSSt,0,2,2,0.0
mSbB,3,4,7,0.43
mSbD,0,0,0,
mSbH,1,1,2,0.5
mSbJ,0,3,3,0.0
mSbK,1,0,1,1.0
mSbL,2,1,3,0.67
mSbM,5,8,13,0.38
mSbN,7,16,23,0.3
mSbP,8,8,16,0.5
mSbS,4,10,14,0.29
mSbb,8,5,13,0.62
mSbl,6,1,7,0.86
mSbm,4,1,5,0.8
mSbn,8,6,14,0.57
mSbs,1,3,4,0.25
mShB,1,1,2,0.5
mShH,1,1,2,0.5
mShL,2,0,2,1.0
mShM,2,5,7,0.29
mShN,0,7,7,0.0
mShP,4,5,9,0.44
mShS,4,2,6,0.67
mShb,6,7,13,0.46
mShh,5,3,8,0.62
mShl,3,2,5,0.6
mShm,4,0,4,1.0
mShn,12,7,19,0.63
mShs,4,6,10,0.4
mSht,0,0,0,
mSlB,1,0,1,1.0
mSlH,1,2,3,0.33
mSlJ,2,0,2,1.0
mSlK,0,0,0,
mSlL,3,1,4,0.75
mSlM,4,4,8,0.5
mSlN,4,2,6,0.67
mSlP,6,2,8,0.75
mSlS,0,3,3,0.0
mSlb,5,3,8,0.62
mSll,4,2,6,0.67
mSlm,2,1,3,0.67
mSln,3,2,5,0.6
mSls,1,3,4,0.25
mSmB,4,3,7,0.57
mSmH,3,3,6,0.5
mSmI,1,1,2,0.5
mSmK,0,1,1,0.0
mSmL,0,1,1,0.0
mSmM,3,4,7,0.43
mSmN,2,6,8,0.25
mSmP,3,1,4,0.75
mSmS,1,3,4,0.25
mSmb,6,3,9,0.67
mSml,1,0,1,1.0
mSmm,4,0,4,1.0
mSmn,6,6,12,0.5
mSms,2,0,2,1.0
mSnB,2,5,7,0.29
mSnD,1,1,2,0.5
mSnH,4,5,9,0.44
mSnK,0,1,1,0.0
mSnL,3,2,5,0.6
mSnM,6,7,13,0.46
mSnN,14,11,25,0.56
mSnP,9,6,15,0.6
mSnS,7,7,14,0.5
mSnb,8,11,19,0.42
mSnh,0,0,0,
mSnl,6,4,10,0.6
mSnm,4,6,10,0.4
mSnn,9,12,21,0.43
mSns,6,8,14,0.43
mSsB,2,4,6,0.33
mSsH,3,6,9,0.33
mSsI,2,0,2,1.0
mSsK,1,0,1,1.0
mSsL,1,0,1,1.0
mSsM,4,6,10,0.4
mSsN,5,8,13,0.38
mSsP,8,8,16,0.5
mSsS,5,3,8,0.62
mSsb,3,3,6,0.5
mSsh,0,1,1,0.0
mSsl,2,3,5,0.4
mSsm,5,2,7,0.71
mSsn,3,5,8,0.38
mSss,8,5,13,0.62
mStB,1,1,2,0.5
mStH,0,1,1,0.0
mStL,0,1,1,0.0
mStM,1,3,4,0.25
mStN,4,2,6,0.67
mStP,2,0,2,1.0
mStS,1,0,1,1.0
mStl,0,1,1,0.0
mStm,3,0,3,1.0
mStn,0,1,1,0.0
mSts,1,0,1,1.0
mbBB,7,9,16,0.44
mbBL,4,2,6,0.67
mbBM,14,8,22,0.64
mbBN,13,12,25,0.52
mbBP,19,14,33,0.58
mbBS,6,5,11,0.55
mbBb,5,8,13,0.38
mbBh,1,2,3,0.33
mbBj,5,8,13,0.38
mbBl,2,5,7,0.29
mbBm,6,4,10,0.6
mbBn,16,12,28,0.57
mbBs,2,4,6,0.33
mbBt,3,1,4,0.75
mbDB,0,0,0,
mbDH,0,0,0,
mbDP,1,0,1,1.0
mbDS,0,1,1,0.0
mbDb,2,1,3,0.67
mbHB,1,3,4,0.25
mbHD,1,0,1,1.0
mbHH,1,0,1,1.0
mbHL,2,2,4,0.5
mbHM,2,5,7,0.29
mbHN,5,2,7,0.71
mbHP,8,8,16,0.5
mbHS,1,3,4,0.25
mbHb,7,0,7,1.0
mbHh,1,0,1,1.0
mbHl,0,1,1,0.0
mbHm,0,2,2,0.0
mbHn,1,1,2,0.5
mbHs,0,2,2,0.0
mbIH,0,2,2,0.0
mbIM,5,1,6,0.83
mbIN,2,1,3,0.67
mbIP,1,1,2,0.5
mbIb,3,0,3,1.0
mbIl,1,0,1,1.0
mbIn,1,0,1,1.0
mbJB,0,2,2,0.0
mbJH,1,3,4,0.25
mbJI,1,0,1,1.0
mbJK,1,2,3,0.33
mbJL,1,0,1,1.0
mbJM,1,3,4,0.25
mbJN,2,4,6,0.33
mbJP,4,6,10,0.4
mbJS,4,1,5,0.8
mbJb,3,6,9,0.33
mbJh,2,0,2,1.0
mbJl,2,1,3,0.67
mbJm,2,2,4,0.5
mbJn,1,3,4,0.25
mbJs,1,1,2,0.5
mbKB,1,0,1,1.0
mbKM,2,1,3,0.67
mbKN,1,0,1,1.0
mbKP,1,1,2,0.5
mbKS,0,1,1,0.0
mbKb,0,1,1,0.0
mbKh,0,1,1,0.0
mbKm,3,2,5,0.6
mbKs,0,0,0,
mbLB,1,4,5,0.2
mbLK,0,0,0,
mbLL,1,3,4,0.25
mbLM,4,5,9,0.44
mbLN,3,2,5,0.6
mbLP,2,6,8,0.25
mbLS,4,2,6,0.67
mbLb,2,4,6,0.33
mbLh,1,2,3,0.33
mbLj,1,4,5,0.2
mbLl,2,2,4,0.5
mbLm,2,2,4,0.5
mbLn,7,7,14,0.5
mbLs,0,2,2,0.0
mbLt,1,0,1,1.0
mbMB,15,7,22,0.68
mbMD,0,1,1,0.0
mbML,2,3,5,0.4
mbMM,8,11,19,0.42
mbMN,8,10,18,0.44
mbMP,13,17,30,0.43
mbMS,3,8,11,0.27
mbMb,9,8,17,0.53
mbMh,8,12,20,0.4
mbMj,2,1,3,0.67
mbMl,5,2,7,0.71
mbMm,11,3,14,0.79
mbMn,23,21,44,0.52
mbMs,5,6,11,0.45
mbMt,2,3,5,0.4
mbNB,6,6,12,0.5
mbNK,1,1,2,0.5
mbNL,4,2,6,0.67
mbNM,27,14,41,0.66
mbNN,16,17,33,0.48
mbNP,24,20,44,0.55
mbNS,5,8,13,0.38
mbNb,16,16,32,0.5
mbNh,9,6,15,0.6
mbNl,7,7,14,0.5
mbNm,9,6,15,0.6
mbNn,21,10,31,0.68
mbNs,5,8,13,0.38
mbNt,2,4,6,0.33
mbPB,13,12,25,0.52
mbPH,4,6,10,0.4
mbPI,1,0,1,1.0
mbPK,1,2,3,0.33
mbPL,2,5,7,0.29
mbPM,11,17,28,0.39
mbPN,10,9,19,0.53
mbPP,28,25,53,0.53
mbPS,10,8,18,0.56
mbPb,13,15,28,0.46
mbPh,1,3,4,0.25
mbPl,7,14,21,0.33
mbPm,12,10,22,0.55
mbPn,14,17,31,0.45
mbPs,6,4,10,0.6
mbPt,1,0,1,1.0
mbSB,3,1,4,0.75
mbSD,1,1,2,0.5
mbSH,2,2,4,0.5
mbSL,1,2,3,0.33
mbSM,4,4,8,0.5
mbSN,6,4,10,0.6
mbSP,8,6,14,0.57
mbSS,4,3,7,0.57
mbSb,4,5,9,0.44
mbSh,4,1,5,0.8
mbSl,1,4,5,0.2
mbSm,4,2,6,0.67
mbSn,4,5,9,0.44
mbSs,2,3,5,0.4
mbSt,1,0,1,1.0
mbbB,13,15,28,0.46
mbbD,2,0,2,1.0
mbbH,1,3,4,0.25
mbbI,1,1,2,0.5
mbbJ,1,0,1,1.0
mbbK,2,2,4,0.5
mbbL,2,2,4,0.5
mbbM,14,12,26,0.54
mbbN,24,12,36,0.67
mbbP,17,13,30,0.57
mbbS,6,6,12,0.5
mbbb,16,10,26,0.62
mbbl,6,2,8,0.75
mbbm,10,5,15,0.67
mbbn,20,17,37,0.54
mbbs,5,3,8,0.62
mblB,3,4,7,0.43
mblH,5,2,7,0.71
mblI,1,0,1,1.0
mblL,0,3,3,0.0
mblM,7,2,9,0.78
mblN,3,2,5,0.6
mblP,9,4,13,0.69
mblS,0,1,1,0.0
mblb,6,7,13,0.46
mbll,1,2,3,0.33
mblm,4,1,5,0.8
mbln,6,4,10,0.6
mbls,2,0,2,1.0
mbmB,2,7,9,0.22
mbmH,4,3,7,0.57
mbmJ,2,0,2,1.0
mbmL,5,5,10,0.5
mbmM,8,3,11,0.73
mbmN,15,10,25,0.6
mbmP,3,3,6,0.5
mbmS,5,5,10,0.5
mbmb,8,4,12,0.67
mbml,2,0,2,1.0
mbmm,4,3,7,0.57
mbmn,10,5,15,0.67
mbms,1,2,3,0.33
mbnB,9,9,18,0.5
mbnD,0,0,0,
mbnH,7,6,13,0.54
mbnI,0,1,1,0.0
mbnK,0,1,1,0.0
mbnL,3,2,5,0.6
mbnM,15,10,25,0.6
mbnN,20,13,33,0.61
mbnP,17,17,34,0.5
mbnS,6,8,14,0.43
mbnb,13,12,25,0.52
mbnh,0,0,0,
mbnl,3,3,6,0.5
mbnm,9,3,12,0.75
mbnn,19,16,35,0.54
mbns,8,6,14,0.57
mbsB,2,4,6,0.33
mbsH,7,4,11,0.64
mbsI,1,0,1,1.0
mbsL,2,0,2,1.0
mbsM,5,1,6,0.83
mbsN,5,3,8,0.62
mbsP,6,7,13,0.46
mbsS,2,4,6,0.33
mbsb,2,5,7,0.29
mbsl,3,2,5,0.6
mbsm,5,1,6,0.83
mbsn,2,2,4,0.5
mbss,0,1,1,0.0
mhSP,1,0,1,1.0
mhbm,0,1,1,0.0
mhhP,1,0,1,1.0
mhnS,1,0,1,1.0
mhsN,1,0,1,1.0
mhsS,0,1,1,0.0
mlBB,4,2,6,0.67
mlBH,0,1,1,0.0
mlBL,2,4,6,0.33
mlBM,2,5,7,0.29
mlBN,4,2,6,0.67
mlBP,1,5,6,0.17
mlBS,3,3,6,0.5
mlBb,2,2,4,0.5
mlBj,1,2,3,0.33
mlBl,2,0,2,1.0
mlBm,2,1,3,0.67
mlBn,5,4,9,0.56
mlBs,1,1,2,0.5
mlBt,1,0,1,1.0
mlDb,1,0,1,1.0
mlHB,3,1,4,0.75
mlHH,0,1,1,0.0
mlHL,1,0,1,1.0
mlHM,1,3,4,0.25
mlHN,5,2,7,0.71
mlHP,1,3,4,0.25
mlHS,4,2,6,0.67
mlHb,2,3,5,0.4
mlHh,0,1,1,0.0
mlHm,1,0,1,1.0
mlHn,2,5,7,0.29
mlHs,1,0,1,1.0
mlHt,1,0,1,1.0
mlIH,1,0,1,1.0
mlIN,0,1,1,0.0
mlIb,1,0,1,1.0
mlIn,2,0,2,1.0
mlIs,0,0,0,
mlJH,1,0,1,1.0
mlJN,1,2,3,0.33
mlJP,1,0,1,1.0
mlJS,0,0,0,
mlJb,1,0,1,1.0
mlJl,0,1,1,0.0
mlJm,1,0,1,1.0
mlJn,1,2,3,0.33
mlKB,0,1,1,0.0
mlLB,2,2,4,0.5
mlLL,0,1,1,0.0
mlLM,0,2,2,0.0
mlLN,2,1,3,0.67
mlLP,2,0,2,1.0
mlLS,0,1,1,0.0
mlLb,1,0,1,1.0
mlLh,0,1,1,0.0
mlLj,1,0,1,1.0
mlLm,1,1,2,0.5
mlLn,3,1,4,0.75
mlLs,0,2,2,0.0
mlLt,0,1,1,0.0
mlMB,1,1,2,0.5
mlMM,3,5,8,0.38
mlMN,6,4,10,0.6
mlMP,4,6,10,0.4
mlMS,2,0,2,1.0
mlMb,3,1,4,0.75
mlMh,4,2,6,0.67
mlMl,3,3,6,0.5
mlMm,2,1,3,0.67
mlMn,3,5,8,0.38
mlMs,1,1,2,0.5
mlNB,2,2,4,0.5
mlND,2,0,2,1.0
mlNL,1,1,2,0.5
mlNM,7,3,10,0.7
mlNN,3,5,8,0.38
mlNP,9,6,15,0.6
mlNS,2,0,2,1.0
mlNb,3,3,6,0.5
mlNh,3,0,3,1.0
mlNl,1,1,2,0.5
mlNm,3,0,3,1.0
mlNn,6,5,11,0.55
mlNs,0,3,3,0.0
mlPB,6,11,17,0.35
mlPH,0,2,2,0.0
mlPK,0,1,1,0.0
mlPL,5,1,6,0.83
mlPM,9,11,20,0.45
mlPN,4,0,4,1.0
mlPP,11,7,18,0.61
mlPS,2,5,7,0.29
mlPb,5,2,7,0.71
mlPh,1,1,2,0.5
mlPl,6,2,8,0.75
mlPm,5,1,6,0.83
mlPn,6,9,15,0.4
mlSB,3,3,6,0.5
mlSD,0,1,1,0.0
mlSH,0,1,1,0.0
mlSI,0,1,1,0.0
mlSL,0,1,1,0.0
mlSM,0,4,4,0.0
mlSN,5,4,9,0.56
mlSP,2,1,3,0.67
mlSS,2,2,4,0.5
mlSb,3,1,4,0.75
mlSh,2,3,5,0.4
mlSl,2,0,2,1.0
mlSm,0,3,3,0.0
mlSn,2,1,3,0.67
mlSs,1,5,6,0.17
mlSt,2,0,2,1.0
mlbB,3,5,8,0.38
mlbD,0,0,0,
mlbH,0,1,1,0.0
mlbJ,2,3,5,0.4
mlbL,2,1,3,0.67
mlbM,6,8,14,0.43
mlbN,4,5,9,0.44
mlbP,6,6,12,0.5
mlbS,2,4,6,0.33
mlbb,4,4,8,0.5
mlbl,3,0,3,1.0
mlbm,4,2,6,0.67
mlbn,7,3,10,0.7
mlbs,1,0,1,1.0
mllB,2,1,3,0.67
mllJ,1,1,2,0.5
mllL,0,1,1,0.0
mllM,0,3,3,0.0
mllN,2,0,2,1.0
mllP,3,1,4,0.75
mllS,0,4,4,0.0
mllb,1,1,2,0.5
mlll,1,0,1,1.0
mllm,0,1,1,0.0
mlls,0,2,2,0.0
mlmB,2,1,3,0.67
mlmD,1,0,1,1.0
mlmH,0,0,0,
mlmJ,1,2,3,0.33
mlmL,1,0,1,1.0
mlmM,6,1,7,0.86
mlmN,3,6,9,0.33
mlmP,3,3,6,0.5
mlmS,0,5,5,0.0
mlmb,1,2,3,0.33
mlml,1,1,2,0.5
mlmm,1,2,3,0.33
mlmn,4,2,6,0.67
mlms,2,0,2,1.0
mlnB,0,2,2,0.0
mlnD,0,0,0,
mlnH,2,3,5,0.4
mlnI,0,0,0,
mlnL,2,1,3,0.67
mlnM,4,5,9,0.44
mlnN,1,1,2,0.5
mlnP,5,3,8,0.62
mlnb,5,1,6,0.83
mlnl,3,0,3,1.0
mlnm,4,3,7,0.57
mlnn,1,4,5,0.2
mlns,2,3,5,0.4
mlsB,1,0,1,1.0
mlsH,1,0,1,1.0
mlsM,1,1,2,0.5
mlsN,3,2,5,0.6
mlsP,1,3,4,0.25
mlsS,2,1,3,0.67
mlsb,1,0,1,1.0
mlsl,0,1,1,0.0
mlsm,2,0,2,1.0
mlsn,0,2,2,0.0
mmBB,3,4,7,0.43
mmBD,0,1,1,0.0
mmBK,0,3,3,0.0
mmBL,3,1,4,0.75
mmBM,3,5,8,0.38
mmBN,12,4,16,0.75
mmBP,8,5,13,0.62
mmBS,2,3,5,0.4
mmBb,6,4,10,0.6
mmBj,1,1,2,0.5
mmBl,1,2,3,0.33
mmBm,5,2,7,0.71
mmBn,9,8,17,0.53
mmBs,2,0,2,1.0
mmBt,0,1,1,0.0
mmDB,0,1,1,0.0
mmDH,2,0,2,1.0
mmDM,1,1,2,0.5
mmDP,0,0,0,
mmDS,0,1,1,0.0
mmDb,0,1,1,0.0
mmDm,0,0,0,
mmDn,1,0,1,1.0
mmDs,1,0,1,1.0
mmHB,3,1,4,0.75
mmHH,1,1,2,0.5
mmHK,0,1,1,0.0
mmHL,1,1,2,0.5
mmHM,3,4,7,0.43
mmHN,4,5,9,0.44
mmHP,11,4,15,0.73
mmHS,2,6,8,0.25
mmHb,4,5,9,0.44
mmHh,2,0,2,1.0
mmHl,3,0,3,1.0
mmHm,2,4,6,0.33
mmHn,10,8,18,0.56
mmHs,1,3,4,0.25
mmIM,0,1,1,0.0
mmIN,1,0,1,1.0
mmIP,1,3,4,0.25
mmIS,1,0,1,1.0
mmIm,0,1,1,0.0
mmIn,0,1,1,0.0
mmIs,2,0,2,1.0
mmJB,0,2,2,0.0
mmJH,1,0,1,1.0
mmJL,1,0,1,1.0
mmJM,2,1,3,0.67
mmJN,2,4,6,0.33
mmJP,1,3,4,0.25
mmJS,1,0,1,1.0
mmJb,1,3,4,0.25
mmJl,0,1,1,0.0
mmJn,0,2,2,0.0
mmJs,1,0,1,1.0
mmKM,1,0,1,1.0
mmKP,0,1,1,0.0
mmKS,0,1,1,0.0
mmKl,0,1,1,0.0
mmLL,0,1,1,0.0
mmLM,3,6,9,0.33
mmLN,4,3,7,0.57
mmLP,2,1,3,0.67
mmLS,2,1,3,0.67
mmLb,1,0,1,1.0
mmLh,1,2,3,0.33
mmLj,0,2,2,0.0
mmLl,1,0,1,1.0
mmLm,2,2,4,0.5
mmLn,4,1,5,0.8
mmLs,1,0,1,1.0
mmMB,3,5,8,0.38
mmML,0,1,1,0.0
mmMM,2,9,11,0.18
mmMN,5,9,14,0.36
mmMP,7,7,14,0.5
mmMS,1,2,3,0.33
mmMb,4,4,8,0.5
mmMh,7,3,10,0.7
mmMj,3,5,8,0.38
mmMl,0,2,2,0.0
mmMm,4,5,9,0.44
mmMn,7,12,19,0.37
mmMs,5,6,11,0.45
mmMt,2,4,6,0.33
mmNB,5,4,9,0.56
mmND,1,0,1,1.0
mmNH,2,1,3,0.67
mmNK,1,0,1,1.0
mmNL,3,1,4,0.75
mmNM,4,6,10,0.4
mmNN,15,13,28,0.54
mmNP,14,10,24,0.58
mmNS,0,5,5,0.0
mmNb,8,6,14,0.57
mmNh,3,2,5,0.6
mmNl,3,4,7,0.43
mmNm,7,12,19,0.37
mmNn,13,11,24,0.54
mmNs,3,2,5,0.6
mmNt,1,2,3,0.33
mmPB,9,2,11,0.82
mmPD,0,0,0,
mmPH,4,3,7,0.57
mmPI,1,1,2,0.5
mmPK,2,0,2,1.0
mmPL,2,4,6,0.33
mmPM,14,10,24,0.58
mmPN,17,6,23,0.74
mmPP,16,8,24,0.67
mmPS,10,5,15,0.67
mmPb,10,4,14,0.71
mmPh,1,1,2,0.5
mmPl,2,6,8,0.25
mmPm,9,6,15,0.6
mmPn,13,8,21,0.62
mmPs,5,7,12,0.42
mmSB,0,2,2,0.0
mmSH,3,2,5,0.6
mmSL,2,1,3,0.67
mmSM,1,2,3,0.33
mmSN,4,5,9,0.44
mmSP,6,6,12,0.5
mmSS,4,0,4,1.0
mmSb,8,4,12,0.67
mmSh,1,4,5,0.2
mmSl,1,4,5,0.2
mmSm,1,1,2,0.5
mmSn,5,3,8,0.62
mmSs,1,1,2,0.5
mmbB,6,12,18,0.33
mmbH,1,2,3,0.33
mmbI,1,0,1,1.0
mmbJ,1,1,2,0.5
mmbK,0,1,1,0.0
mmbL,2,1,3,0.67
mmbM,4,11,15,0.27
mmbN,10,10,20,0.5
mmbP,7,15,22,0.32
mmbS,1,4,5,0.2
mmbb,9,9,18,0.5
mmbl,1,4,5,0.2
mmbm,7,1,8,0.88
mmbn,7,9,16,0.44
mmbs,1,1,2,0.5
mmhn,1,0,1,1.0
mmlB,2,3,5,0.4
mmlH,1,0,1,1.0
mmlL,2,0,2,1.0
mmlM,2,1,3,0.67
mmlN,2,1,3,0.67
mmlP,2,3,5,0.4
mmlS,3,0,3,1.0
mmlb,1,1,2,0.5
mmlm,1,0,1,1.0
mmln,0,2,2,0.0
mmls,1,1,2,0.5
mmmB,2,2,4,0.5
mmmH,5,1,6,0.83
mmmI,0,1,1,0.0
mmmJ,1,0,1,1.0
mmmL,2,1,3,0.67
mmmM,5,2,7,0.71
mmmN,4,0,4,1.0
mmmP,8,6,14,0.57
mmmS,2,3,5,0.4
mmmb,3,3,6,0.5
mmml,1,0,1,1.0
mmmm,2,3,5,0.4
mmmn,12,6,18,0.67
mmms,2,0,2,1.0
mmnB,3,6,9,0.33
mmnD,0,1,1,0.0
mmnH,7,6,13,0.54
mmnI,1,0,1,1.0
mmnK,0,1,1,0.0
mmnL,1,0,1,1.0
mmnM,9,6,15,0.6
mmnN,18,14,32,0.56
mmnP,15,6,21,0.71
mmnS,5,5,10,0.5
mmnb,10,7,17,0.59
mmnl,1,5,6,0.17
mmnm,5,3,8,0.62
mmnn,7,4,11,0.64
mmns,6,2,8,0.75
mmsB,2,1,3,0.67
mmsD,1,0,1,1.0
mmsH,1,2,3,0.33
mmsL,1,1,2,0.5
mmsM,1,3,4,0.25
mmsN,1,3,4,0.25
mmsP,1,3,4,0.25
mmsS,2,1,3,0.67
mmsb,0,1,1,0.0
mmsl,2,2,4,0.5
mmsm,0,0,0,
mmsn,2,2,4,0.5
mmss,0,1,1,0.0
mnBB,4,2,6,0.67
mnBD,0,2,2,0.0
mnBK,0,0,0,
mnBL,4,3,7,0.57
mnBM,4,6,10,0.4
mnBN,8,5,13,0.62
mnBP,8,11,19,0.42
mnBS,6,7,13,0.46
mnBb,8,7,15,0.53
mnBh,1,0,1,1.0
mnBj,4,1,5,0.8
mnBl,4,2,6,0.67
mnBm,6,5,11,0.55
mnBn,7,7,14,0.5
mnBs,3,2,5,0.6
mnDH,0,2,2,0.0
mnDM,2,0,2,1.0
mnDN,1,1,2,0.5
mnDP,2,0,2,1.0
mnDS,1,0,1,1.0
mnDb,2,2,4,0.5
mnDm,0,1,1,0.0
mnDn,0,1,1,0.0
mnDs,0,1,1,0.0
mnHB,4,5,9,0.44
mnHH,3,0,3,1.0
mnHI,1,1,2,0.5
mnHK,1,1,2,0.5
mnHL,2,1,3,0.67
mnHM,6,5,11,0.55
mnHN,5,12,17,0.29
mnHP,9,9,18,0.5
mnHS,1,6,7,0.14
mnHb,4,3,7,0.57
mnHh,3,8,11,0.27
mnHl,2,0,2,1.0
mnHm,1,2,3,0.33
mnHn,13,2,15,0.87
mnHs,5,6,11,0.45
mnIB,0,3,3,0.0
mnIH,1,0,1,1.0
mnIM,1,1,2,0.5
mnIN,1,1,2,0.5
mnIP,2,0,2,1.0
mnIS,1,1,2,0.5
mnIn,0,2,2,0.0
mnKD,1,0,1,1.0
mnKM,1,2,3,0.33
mnKN,1,1,2,0.5
mnKP,1,0,1,1.0
mnKS,1,1,2,0.5
mnKh,1,0,1,1.0
mnKl,2,0,2,1.0
mnKm,2,0,2,1.0
mnKn,0,2,2,0.0
mnLB,1,4,5,0.2
mnLD,1,0,1,1.0
mnLL,1,0,1,1.0
mnLM,3,2,5,0.6
mnLN,5,3,8,0.62
mnLP,6,4,10,0.6
mnLS,2,1,3,0.67
mnLb,2,2,4,0.5
mnLh,1,2,3,0.33
mnLj,3,1,4,0.75
mnLl,0,2,2,0.0
mnLm,0,1,1,0.0
mnLn,4,4,8,0.5
mnLs,1,4,5,0.2
mnLt,1,3,4,0.25
mnMB,10,8,18,0.56
mnML,1,5,6,0.17
mnMM,6,9,15,0.4
mnMN,11,10,21,0.52
mnMP,14,12,26,0.54
mnMS,5,12,17,0.29
mnMb,17,9,26,0.65
mnMh,4,7,11,0.36
mnMj,1,3,4,0.25
mnMl,2,2,4,0.5
mnMm,9,9,18,0.5
mnMn,20,16,36,0.56
mnMs,5,4,9,0.56
mnMt,3,2,5,0.6
mnNB,8,6,14,0.57
mnND,1,1,2,0.5
mnNH,1,2,3,0.33
mnNK,1,0,1,1.0
mnNL,3,6,9,0.33
mnNM,13,12,25,0.52
mnNN,16,17,33,0.48
mnNP,22,20,42,0.52
mnNS,9,11,20,0.45
mnNb,10,10,20,0.5
mnNh,5,0,5,1.0
mnNl,6,2,8,0.75
mnNm,11,12,23,0.48
mnNn,24,24,48,0.5
mnNs,10,14,24,0.42
mnNt,1,3,4,0.25
mnPB,10,8,18,0.56
mnPD,2,1,3,0.67
mnPH,5,4,9,0.56
mnPI,1,0,1,1.0
mnPK,2,0,2,1.0
mnPL,5,7,12,0.42
mnPM,12,13,25,0.48
mnPN,25,19,44,0.57
mnPP,29,27,56,0.52
mnPS,7,13,20,0.35
mnPb,21,21,42,0.5
mnPh,3,1,4,0.75
mnPl,7,7,14,0.5
mnPm,12,9,21,0.57
mnPn,20,19,39,0.51
mnPs,11,6,17,0.65
mnPt,2,2,4,0.5
mnSB,8,2,10,0.8
mnSH,4,3,7,0.57
mnSK,0,1,1,0.0
mnSL,2,1,3,0.67
mnSM,5,9,14,0.36
mnSN,7,6,13,0.54
mnSP,5,9,14,0.36
mnSS,5,6,11,0.45
mnSb,9,5,14,0.64
mnSh,4,4,8,0.5
mnSl,0,5,5,0.0
mnSm,3,3,6,0.5
mnSn,6,10,16,0.38
mnSs,4,5,9,0.44
mnSt,1,2,3,0.33
mnbB,12,5,17,0.71
mnbD,0,1,1,0.0
mnbH,4,0,4,1.0
mnbI,1,0,1,1.0
mnbJ,4,4,8,0.5
mnbK,2,2,4,0.5
mnbL,2,2,4,0.5
mnbM,15,10,25,0.6
mnbN,12,16,28,0.43
mnbP,16,11,27,0.59
mnbS,4,5,9,0.44
mnbb,11,3,14,0.79
mnbl,5,6,11,0.45
mnbm,6,5,11,0.55
mnbn,15,15,30,0.5
mnbs,8,5,13,0.62
mnhP,0,1,1,0.0
mnhS,1,0,1,1.0
mnhb,1,0,1,1.0
mnhh,0,1,1,0.0
mnlB,3,2,5,0.6
mnlD,1,0,1,1.0
mnlH,2,1,3,0.67
mnlJ,0,1,1,0.0
mnlL,0,1,1,0.0
mnlM,1,6,7,0.14
mnlN,5,2,7,0.71
mnlP,7,9,16,0.44
mnlS,1,3,4,0.25
mnlb,3,4,7,0.43
mnll,2,2,4,0.5
mnlm,0,1,1,0.0
mnln,3,1,4,0.75
mnls,3,2,5,0.6
mnmB,2,4,6,0.33
mnmD,0,1,1,0.0
mnmH,1,5,6,0.17
mnmI,0,1,1,0.0
mnmJ,0,1,1,0.0
mnmL,1,0,1,1.0
mnmM,6,6,12,0.5
mnmN,4,11,15,0.27
mnmP,13,6,19,0.68
mnmS,2,2,4,0.5
mnmb,4,10,14,0.29
mnml,2,1,3,0.67
mnmm,3,4,7,0.43
mnmn,12,6,18,0.67
mnms,1,0,1,1.0
mnnB,8,4,12,0.67
mnnD,1,0,1,1.0
mnnH,5,2,7,0.71
mnnI,2,2,4,0.5
mnnK,3,2,5,0.6
mnnL,3,3,6,0.5
mnnM,15,9,24,0.62
mnnN,18,21,39,0.46
mnnP,23,19,42,0.55
mnnS,6,2,8,0.75
mnnb,11,8,19,0.58
mnnl,4,6,10,0.4
mnnm,6,7,13,0.46
mnnn,14,10,24,0.58
mnns,10,9,19,0.53
mnsB,4,5,9,0.44
mnsD,1,2,3,0.33
mnsH,4,3,7,0.57
mnsI,2,1,3,0.67
mnsL,1,0,1,1.0
mnsM,4,7,11,0.36
mnsN,3,10,13,0.23
mnsP,5,10,15,0.33
mnsS,4,3,7,0.57
mnsb,7,6,13,0.54
mnsl,3,3,6,0.5
mnsm,4,2,6,0.67
mnsn,8,6,14,0.57
mnss,2,5,7,0.29
msBB,0,1,1,0.0
msBL,2,2,4,0.5
msBM,1,1,2,0.5
msBN,1,2,3,0.33
msBP,0,6,6,0.0
msBS,0,2,2,0.0
msBb,2,2,4,0.5
msBj,1,3,4,0.25
msBl,1,1,2,0.5
msBm,0,1,1,0.0
msBn,6,1,7,0.86
msBs,1,3,4,0.25
msBt,1,1,2,0.5
msDB,1,0,1,1.0
msDL,1,0,1,1.0
msDM,0,2,2,0.0
msDN,1,0,1,1.0
msDb,1,0,1,1.0
msDm,0,1,1,0.0
msHB,1,3,4,0.25
msHH,0,1,1,0.0
msHI,0,1,1,0.0
msHL,1,3,4,0.25
msHM,1,5,6,0.17
msHN,2,5,7,0.29
msHP,5,6,11,0.45
msHS,2,3,5,0.4
msHb,6,5,11,0.55
msHh,2,4,6,0.33
msHl,3,2,5,0.6
msHm,2,5,7,0.29
msHn,3,4,7,0.43
msHs,1,2,3,0.33
msIM,1,2,3,0.33
msIP,2,0,2,1.0
msIb,1,1,2,0.5
msIs,0,1,1,0.0
msKM,0,1,1,0.0
msLB,0,1,1,0.0
msLL,1,1,2,0.5
msLM,0,1,1,0.0
msLN,1,1,2,0.5
msLP,3,1,4,0.75
msLS,0,1,1,0.0
msLb,1,0,1,1.0
msLh,2,1,3,0.67
msLj,0,1,1,0.0
msLl,0,1,1,0.0
msLm,1,1,2,0.5
msLn,2,3,5,0.4
msLs,1,1,2,0.5
msMB,1,0,1,1.0
msMM,2,2,4,0.5
msMN,2,8,10,0.2
msMP,7,3,10,0.7
msMS,1,3,4,0.25
msMb,3,5,8,0.38
msMh,6,5,11,0.55
msMj,0,0,0,
msMl,2,1,3,0.67
msMm,2,6,8,0.25
msMn,12,7,19,0.63
msMs,3,2,5,0.6
msMt,1,1,2,0.5
msNB,1,4,5,0.2
msND,1,0,1,1.0
msNK,0,1,1,0.0
msNL,0,1,1,0.0
msNM,3,7,10,0.3
msNN,2,5,7,0.29
msNP,5,4,9,0.56
msNS,3,6,9,0.33
msNb,6,7,13,0.46
msNh,1,2,3,0.33
msNl,1,1,2,0.5
msNm,4,3,7,0.57
msNn,7,4,11,0.64
msNs,4,2,6,0.67
msPB,7,5,12,0.58
msPH,2,2,4,0.5
msPK,1,3,4,0.25
msPL,2,3,5,0.4
msPM,5,5,10,0.5
msPN,8,3,11,0.73
msPP,10,4,14,0.71
msPS,0,9,9,0.0
msPb,3,7,10,0.3
msPh,2,2,4,0.5
msPl,4,2,6,0.67
msPm,4,5,9,0.44
msPn,10,6,16,0.62
msPs,2,8,10,0.2
msPt,2,0,2,1.0
msSB,2,2,4,0.5
msSH,2,0,2,1.0
msSL,1,1,2,0.5
msSM,6,6,12,0.5
msSN,2,1,3,0.67
msSP,7,7,14,0.5
msSS,3,3,6,0.5
msSb,4,4,8,0.5
msSh,2,4,6,0.33
msSl,1,1,2,0.5
msSm,5,1,6,0.83
msSn,3,6,9,0.33
msSs,4,1,5,0.8
msSt,0,1,1,0.0
msbB,2,1,3,0.67
msbH,1,1,2,0.5
msbJ,1,1,2,0.5
msbL,2,0,2,1.0
msbM,9,4,13,0.69
msbN,5,5,10,0.5
msbP,4,7,11,0.36
msbS,1,0,1,1.0
msbb,7,4,11,0.64
msbl,2,1,3,0.67
msbm,0,1,1,0.0
msbn,4,1,5,0.8
msbs,2,1,3,0.67
mshN,0,1,1,0.0
mshS,0,1,1,0.0
mshn,0,1,1,0.0
mslB,0,1,1,0.0
mslD,0,0,0,
mslH,1,0,1,1.0
mslJ,1,0,1,1.0
mslL,1,0,1,1.0
mslM,2,1,3,0.67
mslN,3,1,4,0.75
mslP,4,2,6,0.67
mslS,1,0,1,1.0
mslb,1,2,3,0.33
msll,0,1,1,0.0
msln,2,1,3,0.67
msls,0,1,1,0.0
msmB,4,2,6,0.67
msmD,0,0,0,
msmH,2,0,2,1.0
msmJ,1,0,1,1.0
msmL,0,1,1,0.0
msmM,4,3,7,0.57
msmN,3,4,7,0.43
msmP,5,4,9,0.56
msmS,4,2,6,0.67
msmb,1,1,2,0.5
msml,1,1,2,0.5
msmm,0,2,2,0.0
msmn,0,4,4,0.0
msms,3,2,5,0.6
msnB,2,4,6,0.33
msnD,1,1,2,0.5
msnH,3,4,7,0.43
msnK,1,1,2,0.5
msnL,3,3,6,0.5
msnM,5,5,10,0.5
msnN,4,7,11,0.36
msnP,6,8,14,0.43
msnS,1,1,2,0.5
msnb,7,6,13,0.54
msnl,2,2,4,0.5
msnm,5,4,9,0.56
msnn,4,2,6,0.67
msns,3,2,5,0.6
mssB,3,0,3,1.0
mssH,2,2,4,0.5
mssL,0,3,3,0.0
mssM,1,2,3,0.33
mssN,2,2,4,0.5
mssP,8,3,11,0.73
mssS,3,1,4,0.75
mssb,2,2,4,0.5
mssl,2,1,3,0.67
mssm,3,1,4,0.75
mssn,5,2,7,0.71
msss,2,2,4,0.5
mtBS,1,0,1,1.0
mtNB,0,0,0,
mtPn,1,0,1,1.0
mtbH,0,1,1,0.0
mtbM,1,0,1,1.0
nBBB,5,6,11,0.45
nBBK,1,0,1,1.0
nBBL,2,9,11,0.18
nBBM,4,6,10,0.4
nBBN,5,8,13,0.38
nBBP,7,2,9,0.78
nBBS,2,5,7,0.29
nBBb,9,10,19,0.47
nBBh,2,2,4,0.5
nBBj,6,1,7,0.86
nBBl,2,0,2,1.0
nBBm,12,4,16,0.75
nBBn,6,8,14,0.43
nBBs,4,0,4,1.0
nBBt,1,2,3,0.33
nBDH,1,1,2,0.5
nBDN,0,0,0,
nBDP,1,1,2,0.5
nBDS,0,0,0,
nBDb,1,1,2,0.5
nBDl,1,0,1,1.0
nBDs,0,0,0,
nBHb,2,0,2,1.0
nBKI,1,0,1,1.0
nBKL,0,1,1,0.0
nBKM,0,1,1,0.0
nBKN,0,1,1,0.0
nBKP,3,1,4,0.75
nBKS,1,0,1,1.0
nBKb,0,1,1,0.0
nBKl,1,1,2,0.5
nBKm,1,1,2,0.5
nBKn,0,1,1,0.0
nBKs,1,0,1,1.0
nBLB,2,2,4,0.5
nBLH,0,1,1,0.0
nBLK,1,0,1,1.0
nBLL,0,2,2,0.0
nBLM,3,6,9,0.33
nBLN,1,2,3,0.33
nBLP,2,6,8,0.25
nBLS,2,0,2,1.0
nBLb,5,1,6,0.83
nBLh,2,3,5,0.4
nBLj,0,0,0,
nBLl,3,2,5,0.6
nBLm,3,3,6,0.5
nBLn,2,4,6,0.33
nBLs,3,0,3,1.0
nBLt,3,2,5,0.6
nBMB,4,5,9,0.44
nBMD,0,1,1,0.0
nBMK,0,1,1,0.0
nBML,2,0,2,1.0
nBMM,2,6,8,0.25
nBMN,3,10,13,0.23
nBMP,9,7,16,0.56
nBMS,0,10,10,0.0
nBMb,16,12,28,0.57
nBMh,6,15,21,0.29
nBMj,3,3,6,0.5
nBMl,6,5,11,0.55
nBMm,4,7,11,0.36
nBMn,16,11,27,0.59
nBMs,6,2,8,0.75
nBMt,1,0,1,1.0
nBNB,10,4,14,0.71
nBND,0,1,1,0.0
nBNH,1,0,1,1.0
nBNL,4,5,9,0.44
nBNM,10,12,22,0.45
nBNN,15,12,27,0.56
nBNP,18,16,34,0.53
nBNS,5,7,12,0.42
nBNb,8,13,21,0.38
nBNh,3,6,9,0.33
nBNl,4,4,8,0.5
nBNm,3,5,8,0.38
nBNn,15,12,27,0.56
nBNs,7,8,15,0.47
nBNt,1,1,2,0.5
nBPB,10,9,19,0.53
nBPH,4,4,8,0.5
nBPK,1,0,1,1.0
nBPL,4,5,9,0.44
nBPM,10,23,33,0.3
nBPN,12,19,31,0.39
nBPP,19,19,38,0.5
nBPS,6,15,21,0.29
nBPb,17,11,28,0.61
nBPh,0,1,1,0.0
nBPl,4,4,8,0.5
nBPm,12,6,18,0.67
nBPn,15,14,29,0.52
nBPs,4,9,13,0.31
nBPt,1,1,2,0.5
nBSB,4,3,7,0.57
nBSH,1,5,6,0.17
nBSI,1,0,1,1.0
nBSL,4,4,8,0.5
nBSM,1,8,9,0.11
nBSN,4,4,8,0.5
nBSP,9,4,13,0.69
nBSS,4,6,10,0.4
nBSb,5,6,11,0.45
nBSh,4,4,8,0.5
nBSl,0,3,3,0.0
nBSm,2,2,4,0.5
nBSn,6,4,10,0.6
nBSs,4,3,7,0.57
nBSt,3,1,4,0.75
nBbB,7,5,12,0.58
nBbD,1,2,3,0.33
nBbH,2,4,6,0.33
nBbI,1,0,1,1.0
nBbJ,2,0,2,1.0
nBbK,1,0,1,1.0
nBbL,3,2,5,0.6
nBbM,15,10,25,0.6
nBbN,21,12,33,0.64
nBbP,14,11,25,0.56
nBbS,2,7,9,0.22
nBbb,10,10,20,0.5
nBbl,5,4,9,0.56
nBbm,7,2,9,0.78
nBbn,10,7,17,0.59
nBbs,7,4,11,0.64
nBhB,2,1,3,0.67
nBhL,1,0,1,1.0
nBhM,0,0,0,
nBhN,4,1,5,0.8
nBhP,4,2,6,0.67
nBhS,0,1,1,0.0
nBhb,2,3,5,0.4
nBhh,0,2,2,0.0
nBhl,0,1,1,0.0
nBhm,3,1,4,0.75
nBhn,1,2,3,0.33
nBhs,1,0,1,1.0
nBjB,3,3,6,0.5
nBjD,0,0,0,
nBjH,0,0,0,
nBjL,1,0,1,1.0
nBjM,4,3,7,0.57
nBjN,2,3,5,0.4
nBjP,5,8,13,0.38
nBjS,5,5,10,0.5
nBjb,5,3,8,0.62
nBjh,3,2,5,0.6
nBjl,3,6,9,0.33
nBjm,1,3,4,0.25
nBjn,4,3,7,0.57
nBjs,2,2,4,0.5
nBjt,0,0,0,
nBlB,4,4,8,0.5
nBlD,0,0,0,
nBlH,2,2,4,0.5
nBlL,1,6,7,0.14
nBlM,3,2,5,0.6
nBlN,6,5,11,0.55
nBlP,3,4,7,0.43
nBlS,4,3,7,0.57
nBlb,2,3,5,0.4
nBll,3,3,6,0.5
nBlm,4,3,7,0.57
nBln,1,4,5,0.2
nBls,3,1,4,0.75
nBmB,6,3,9,0.67
nBmD,1,0,1,1.0
nBmH,7,5,12,0.58
nBmI,2,0,2,1.0
nBmJ,1,1,2,0.5
nBmL,2,1,3,0.67
nBmM,5,4,9,0.56
nBmN,6,9,15,0.4
nBmP,13,13,26,0.5
nBmS,3,6,9,0.33
nBmb,11,6,17,0.65
nBml,2,4,6,0.33
nBmm,5,4,9,0.56
nBmn,6,5,11,0.55
nBms,3,3,6,0.5
nBnB,6,13,19,0.32
nBnD,0,1,1,0.0
nBnH,4,6,10,0.4
nBnI,3,0,3,1.0
nBnK,2,4,6,0.33
nBnL,5,2,7,0.71
nBnM,16,17,33,0.48
nBnN,21,21,42,0.5
nBnP,19,29,48,0.4
nBnS,7,18,25,0.28
nBnb,13,13,26,0.5
nBnl,6,9,15,0.4
nBnm,9,16,25,0.36
nBnn,18,14,32,0.56
nBns,13,6,19,0.68
nBsB,1,3,4,0.25
nBsH,5,2,7,0.71
nBsI,0,0,0,
nBsL,1,1,2,0.5
nBsM,2,5,7,0.29
nBsN,6,8,14,0.43
nBsP,5,6,11,0.45
nBsS,1,4,5,0.2
nBsb,5,6,11,0.45
nBsh,0,1,1,0.0
nBsl,4,1,5,0.8
nBsm,5,2,7,0.71
nBsn,5,7,12,0.42
nBss,2,3,5,0.4
nBtB,1,1,2,0.5
nBtH,0,1,1,0.0
nBtM,1,2,3,0.33
nBtN,2,2,4,0.5
nBtP,5,4,9,0.56
nBtS,0,2,2,0.0
nBtb,1,2,3,0.33
nBtl,1,1,2,0.5
nBtm,2,0,2,1.0
nBtn,1,3,4,0.25
nBts,4,0,4,1.0
nBtt,2,2,4,0.5
nDBB,1,0,1,1.0
nDBD,1,0,1,1.0
nDBM,0,1,1,0.0
nDBP,0,0,0,
nDBS,0,1,1,0.0
nDBl,0,1,1,0.0
nDBm,0,0,0,
nDBs,0,1,1,0.0
nDDP,0,0,0,
nDDS,1,0,1,1.0
nDDs,0,1,1,0.0
nDHB,2,1,3,0.67
nDHH,1,0,1,1.0
nDHM,0,2,2,0.0
nDHN,4,0,4,1.0
nDHP,1,3,4,0.25
nDHS,1,2,3,0.33
nDHb,2,0,2,1.0
nDHl,1,0,1,1.0
nDHm,0,0,0,
nDHn,1,1,2,0.5
nDIP,0,1,1,0.0
nDKS,0,1,1,0.0
nDLM,1,0,1,1.0
nDLN,1,1,2,0.5
nDLP,1,0,1,1.0
nDLb,0,3,3,0.0
nDLh,1,0,1,1.0
nDLl,0,1,1,0.0
nDLm,1,0,1,1.0
nDLn,1,0,1,1.0
nDMB,1,1,2,0.5
nDML,0,1,1,0.0
nDMM,2,1,3,0.67
nDMN,0,2,2,0.0
nDMP,2,1,3,0.67
nDMS,1,1,2,0.5
nDMh,0,1,1,0.0
nDMm,2,2,4,0.5
nDMn,1,4,5,0.2
nDMs,0,3,3,0.0
nDNB,1,0,1,1.0
nDNM,1,2,3,0.33
nDNP,5,3,8,0.62
nDNS,0,1,1,0.0
nDNb,1,1,2,0.5
nDNh,0,0,0,
nDNl,0,0,0,
nDNm,2,1,3,0.67
nDNn,1,2,3,0.33
nDNs,2,0,2,1.0
nDPB,1,0,1,1.0
nDPH,0,0,0,
nDPI,1,0,1,1.0
nDPL,1,1,2,0.5
nDPM,0,2,2,0.0
nDPN,1,2,3,0.33
nDPP,0,4,4,0.0
nDPS,1,4,5,0.2
nDPb,1,0,1,1.0
nDPl,1,1,2,0.5
nDPm,2,0,2,1.0
nDPn,0,1,1,0.0
nDPs,0,2,2,0.0
nDSB,1,1,2,0.5
nDSH,0,1,1,0.0
nDSM,0,1,1,0.0
nDSN,1,1,2,0.5
nDSP,0,2,2,0.0
nDSS,2,4,6,0.33
nDSb,0,1,1,0.0
nDSn,1,2,3,0.33
nDSs,1,0,1,1.0
nDbJ,1,0,1,1.0
nDbM,1,0,1,1.0
nDbN,1,4,5,0.2
nDbP,3,3,6,0.5
nDbb,2,1,3,0.67
nDbl,1,1,2,0.5
nDbm,1,2,3,0.33
nDbn,2,4,6,0.33
nDbs,0,2,2,0.0
nDhP,1,0,1,1.0
nDhn,0,1,1,0.0
nDlH,1,1,2,0.5
nDlM,0,0,0,
nDlN,1,0,1,1.0
nDlP,1,2,3,0.33
nDlS,1,0,1,1.0
nDlm,0,1,1,0.0
nDln,1,1,2,0.5
nDmH,0,1,1,0.0
nDmI,1,0,1,1.0
nDmL,1,1,2,0.5
nDmN,0,0,0,
nDmP,2,1,3,0.67
nDmS,0,0,0,
nDmb,2,2,4,0.5
nDml,1,0,1,1.0
nDmm,0,1,1,0.0
nDmn,4,0,4,1.0
nDms,0,2,2,0.0
nDnB,2,1,3,0.67
nDnH,1,1,2,0.5
nDnK,0,1,1,0.0
nDnL,0,1,1,0.0
nDnM,0,0,0,
nDnN,1,2,3,0.33
nDnP,1,2,3,0.33
nDnS,0,1,1,0.0
nDnb,1,1,2,0.5
nDnl,0,0,0,
nDnm,0,1,1,0.0
nDnn,1,0,1,1.0
nDsB,2,2,4,0.5
nDsH,1,0,1,1.0
nDsL,0,0,0,
nDsM,1,1,2,0.5
nDsN,2,0,2,1.0
nDsP,2,1,3,0.67
nDsS,3,4,7,0.43
nDsb,2,0,2,1.0
nDsn,2,1,3,0.67
nDtH,2,0,2,1.0
nDtM,0,1,1,0.0
nDtN,0,1,1,0.0
nDtP,1,0,1,1.0
nDtS,0,0,0,
nHBB,1,3,4,0.25
nHBD,1,1,2,0.5
nHBK,1,0,1,1.0
nHBM,3,5,8,0.38
nHBN,4,15,19,0.21
nHBP,2,11,13,0.15
nHBS,1,5,6,0.17
nHBb,4,3,7,0.57
nHBh,0,2,2,0.0
nHBj,1,4,5,0.2
nHBl,2,2,4,0.5
nHBm,4,2,6,0.67
nHBn,7,10,17,0.41
nHBs,3,2,5,0.6
nHBt,1,1,2,0.5
nHDH,1,0,1,1.0
nHDP,0,0,0,
nHDS,0,2,2,0.0
nHDl,0,1,1,0.0
nHDm,0,1,1,0.0
nHHB,1,0,1,1.0
nHHK,0,2,2,0.0
nHHL,0,2,2,0.0
nHHM,2,2,4,0.5
nHHN,4,0,4,1.0
nHHP,3,4,7,0.43
nHHS,2,3,5,0.4
nHHb,1,1,2,0.5
nHHh,0,0,0,
nHHl,0,1,1,0.0
nHHm,0,0,0,
nHHn,1,1,2,0.5
nHHs,1,1,2,0.5
nHIH,1,1,2,0.5
nHIL,0,1,1,0.0
nHIM,2,0,2,1.0
nHIS,0,1,1,0.0
nHIb,1,0,1,1.0
nHIm,1,0,1,1.0
nHKL,1,0,1,1.0
nHKM,0,1,1,0.0
nHKN,0,1,1,0.0
nHKP,1,1,2,0.5
nHKb,1,0,1,1.0
nHKl,1,2,3,0.33
nHKm,0,1,1,0.0
nHKn,1,1,2,0.5
nHKs,0,1,1,0.0
nHKt,2,0,2,1.0
nHLB,2,2,4,0.5
nHLL,1,0,1,1.0
nHLM,2,5,7,0.29
nHLN,5,4,9,0.56
nHLP,3,3,6,0.5
nHLS,0,4,4,0.0
nHLb,4,4,8,0.5
nHLh,2,2,4,0.5
nHLj,0,1,1,0.0
nHLl,2,0,2,1.0
nHLm,0,1,1,0.0
nHLn,6,0,6,1.0
nHLs,1,1,2,0.5
nHLt,0,1,1,0.0
nHMB,6,6,12,0.5
nHMD,1,0,1,1.0
nHML,2,3,5,0.4
nHMM,4,7,11,0.36
nHMN,6,5,11,0.55
nHMP,11,16,27,0.41
nHMS,3,4,7,0.43
nHMb,10,6,16,0.62
nHMh,12,8,20,0.6
nHMj,1,1,2,0.5
nHMl,2,6,8,0.25
nHMm,8,4,12,0.67
nHMn,8,10,18,0.44
nHMs,5,2,7,0.71
nHMt,3,1,4,0.75
nHNB,6,3,9,0.67
nHNH,0,1,1,0.0
nHNK,1,0,1,1.0
nHNL,3,3,6,0.5
nHNM,7,10,17,0.41
nHNN,14,12,26,0.54
nHNP,14,16,30,0.47
nHNS,7,11,18,0.39
nHNb,6,9,15,0.4
nHNh,1,5,6,0.17
nHNl,3,3,6,0.5
nHNm,6,6,12,0.5
nHNn,12,10,22,0.55
nHNs,7,5,12,0.58
nHNt,1,2,3,0.33
nHPB,1,12,13,0.08
nHPD,0,0,0,
nHPH,5,3,8,0.62
nHPI,2,1,3,0.67
nHPK,2,2,4,0.5
nHPL,2,4,6,0.33
nHPM,14,17,31,0.45
nHPN,12,11,23,0.52
nHPP,19,26,45,0.42
nHPS,5,9,14,0.36
nHPb,10,9,19,0.53
nHPh,2,2,4,0.5
nHPl,6,6,12,0.5
nHPm,7,8,15,0.47
nHPn,12,9,21,0.57
nHPs,9,11,20,0.45
nHPt,1,0,1,1.0
nHSB,0,4,4,0.0
nHSH,2,3,5,0.4
nHSK,0,0,0,
nHSL,1,1,2,0.5
nHSM,7,8,15,0.47
nHSN,5,3,8,0.62
nHSP,6,8,14,0.43
nHSS,8,2,10,0.8
nHSb,4,2,6,0.67
nHSh,3,3,6,0.5
nHSl,6,2,8,0.75
nHSm,7,5,12,0.58
nHSn,2,11,13,0.15
nHSs,4,7,11,0.36
nHSt,1,0,1,1.0
nHbB,6,7,13,0.46
nHbD,1,0,1,1.0
nHbH,5,1,6,0.83
nHbI,0,1,1,0.0
nHbJ,3,3,6,0.5
nHbK,2,1,3,0.67
nHbL,2,3,5,0.4
nHbM,7,4,11,0.64
nHbN,8,11,19,0.42
nHbP,10,16,26,0.38
nHbS,2,1,3,0.67
nHbb,8,7,15,0.53
nHbl,4,3,7,0.57
nHbm,4,3,7,0.57
nHbn,10,6,16,0.62
nHbs,2,4,6,0.33
nHhB,0,2,2,0.0
nHhH,1,2,3,0.33
nHhI,1,0,1,1.0
nHhL,1,1,2,0.5
nHhM,5,3,8,0.62
nHhN,4,3,7,0.57
nHhP,3,5,8,0.38
nHhS,3,4,7,0.43
nHhb,1,5,6,0.17
nHhh,1,1,2,0.5
nHhl,4,0,4,1.0
nHhm,1,1,2,0.5
nHhn,5,4,9,0.56
nHhs,5,2,7,0.71
nHht,1,0,1,1.0
nHlB,5,6,11,0.45
nHlH,1,5,6,0.17
nHlJ,1,0,1,1.0
nHlK,0,1,1,0.0
nHlL,2,3,5,0.4
nHlM,3,5,8,0.38
nHlN,4,4,8,0.5
nHlP,5,1,6,0.83
nHlS,2,4,6,0.33
nHlb,5,7,12,0.42
nHll,1,1,2,0.5
nHlm,3,3,6,0.5
nHln,4,1,5,0.8
nHls,0,5,5,0.0
nHmB,5,2,7,0.71
nHmD,1,0,1,1.0
nHmH,5,5,10,0.5
nHmJ,3,1,4,0.75
nHmL,2,4,6,0.33
nHmM,7,2,9,0.78
nHmN,3,8,11,0.27
nHmP,5,8,13,0.38
nHmS,6,1,7,0.86
nHmb,6,2,8,0.75
nHml,0,3,3,0.0
nHmm,6,3,9,0.67
nHmn,8,4,12,0.67
nHms,0,3,3,0.0
nHnB,5,6,11,0.45
nHnD,1,1,2,0.5
nHnH,5,5,10,0.5
nHnI,1,1,2,0.5
nHnK,1,0,1,1.0
nHnL,2,2,4,0.5
nHnM,15,9,24,0.62
nHnN,14,10,24,0.58
nHnP,17,19,36,0.47
nHnS,11,10,21,0.52
nHnb,11,9,20,0.55
nHnh,1,0,1,1.0
nHnl,3,5,8,0.38
nHnm,4,2,6,0.67
nHnn,10,14,24,0.42
nHns,7,4,11,0.64
nHsB,3,2,5,0.6
nHsD,3,1,4,0.75
nHsH,6,8,14,0.43
nHsL,4,2,6,0.67
nHsM,8,8,16,0.5
nHsN,5,4,9,0.56
nHsP,11,9,20,0.55
nHsS,4,5,9,0.44
nHsb,2,8,10,0.2
nHsh,0,0,0,
nHsl,4,2,6,0.67
nHsm,4,4,8,0.5
nHsn,8,6,14,0.57
nHss,10,5,15,0.67
nHtM,2,0,2,1.0
nHtN,2,0,2,1.0
nHtP,2,0,2,1.0
nHts,0,0,0,
nIBB,1,0,1,1.0
nIBM,1,1,2,0.5
nIBN,0,3,3,0.0
nIBP,3,2,5,0.6
nIBS,2,0,2,1.0
nIBb,2,0,2,1.0
nIBj,0,0,0,
nIBl,0,1,1,0.0
nIBm,2,2,4,0.5
nIBn,3,1,4,0.75
nIBs,0,1,1,0.0
nIDs,0,0,0,
nIHB,0,1,1,0.0
nIHL,0,0,0,
nIHM,0,2,2,0.0
nIHN,1,2,3,0.33
nIHP,0,2,2,0.0
nIHS,1,0,1,1.0
nIHb,1,2,3,0.33
nIHh,0,1,1,0.0
nIHl,1,1,2,0.5
nIHm,3,0,3,1.0
nIHn,1,2,3,0.33
nIHs,3,0,3,1.0
nIIB,0,1,1,0.0
nIIH,1,0,1,1.0
nIIN,0,1,1,0.0
nIIs,0,1,1,0.0
nIKM,1,0,1,1.0
nILK,1,0,1,1.0
nILM,0,0,0,
nILN,2,3,5,0.4
nILb,0,1,1,0.0
nILl,1,2,3,0.33
nILn,1,2,3,0.33
nIMB,0,1,1,0.0
nIMK,0,0,0,
nIMM,0,1,1,0.0
nIMN,4,1,5,0.8
nIMP,1,1,2,0.5
nIMS,1,0,1,1.0
nIMb,0,1,1,0.0
nIMh,1,1,2,0.5
nIMj,0,1,1,0.0
nIMl,3,0,3,1.0
nIMm,2,2,4,0.5
nIMn,1,2,3,0.33
nIMs,0,1,1,0.0
nIMt,1,0,1,1.0
nINB,1,2,3,0.33
nIND,1,0,1,1.0
nINH,1,0,1,1.0
nINK,0,1,1,0.0
nINL,1,0,1,1.0
nINM,1,0,1,1.0
nINN,0,1,1,0.0
nINP,1,0,1,1.0
nINS,3,2,5,0.6
nINb,0,1,1,0.0
nINh,0,0,0,
nINl,2,0,2,1.0
nINm,2,3,5,0.4
nINn,1,1,2,0.5
nINs,1,1,2,0.5
nINt,0,0,0,
nIPB,1,5,6,0.17
nIPD,0,1,1,0.0
nIPH,1,0,1,1.0
nIPK,1,0,1,1.0
nIPL,0,2,2,0.0
nIPM,2,5,7,0.29
nIPN,3,3,6,0.5
nIPP,4,2,6,0.67
nIPS,4,5,9,0.44
nIPb,2,2,4,0.5
nIPl,0,1,1,0.0
nIPm,0,1,1,0.0
nIPn,0,2,2,0.0
nIPs,3,3,6,0.5
nIPt,1,0,1,1.0
nISB,1,1,2,0.5
nISH,3,1,4,0.75
nISL,1,1,2,0.5
nISM,0,1,1,0.0
nISN,1,1,2,0.5
nISS,1,1,2,0.5
nISh,0,0,0,
nISl,2,0,2,1.0
nISm,0,1,1,0.0
nISn,2,2,4,0.5
nISs,0,1,1,0.0
nISt,0,1,1,0.0
nIbB,1,0,1,1.0
nIbI,0,0,0,
nIbK,1,0,1,1.0
nIbL,1,0,1,1.0
nIbM,1,0,1,1.0
nIbN,2,1,3,0.67
nIbP,1,1,2,0.5
nIbS,0,0,0,
nIbb,2,3,5,0.4
nIbl,2,0,2,1.0
nIbm,1,2,3,0.33
nIbn,1,1,2,0.5
nIbs,1,1,2,0.5
nIlB,0,3,3,0.0
nIlN,1,1,2,0.5
nIlP,1,0,1,1.0
nIlS,0,0,0,
nIll,1,0,1,1.0
nIlm,2,1,3,0.67
nIls,0,0,0,
nImB,0,1,1,0.0
nImJ,0,1,1,0.0
nImM,1,0,1,1.0
nImN,3,0,3,1.0
nImP,1,0,1,1.0
nImS,0,1,1,0.0
nImb,2,3,5,0.4
nIml,0,1,1,0.0
nImm,1,1,2,0.5
nImn,3,2,5,0.6
nInB,2,1,3,0.67
nInH,3,1,4,0.75
nInL,2,0,2,1.0
nInM,3,0,3,1.0
nInN,2,0,2,1.0
nInP,2,3,5,0.4
nInS,3,2,5,0.6
nInb,3,1,4,0.75
nInl,2,0,2,1.0
nInm,3,3,6,0.5
nInn,3,0,3,1.0
nIns,1,1,2,0.5
nIsL,0,0,0,
nIsN,2,0,2,1.0
nIsP,1,0,1,1.0
nIsS,1,1,2,0.5
nIsm,0,1,1,0.0
nIsn,0,2,2,0.0
nItB,0,1,1,0.0
nKBB,1,0,1,1.0
nKBM,0,1,1,0.0
nKBN,0,1,1,0.0
nKBP,1,0,1,1.0
nKBS,1,1,2,0.5
nKBm,1,1,2,0.5
nKBn,0,1,1,0.0
nKBt,1,0,1,1.0
nKDB,0,1,1,0.0
nKDH,1,0,1,1.0
nKDM,0,1,1,0.0
nKDN,0,1,1,0.0
nKDl,1,0,1,1.0
nKHH,0,1,1,0.0
nKHS,1,0,1,1.0
nKHb,0,1,1,0.0
nKHn,0,1,1,0.0
nKHs,1,1,2,0.5
nKIB,1,0,1,1.0
nKIs,0,1,1,0.0
nKKM,1,0,1,1.0
nKKN,1,0,1,1.0
nKKl,0,1,1,0.0
nKKn,0,1,1,0.0
nKKs,1,0,1,1.0
nKLL,0,2,2,0.0
nKLN,1,0,1,1.0
nKLP,1,0,1,1.0
nKLn,2,0,2,1.0
nKLs,1,1,2,0.5
nKMB,1,2,3,0.33
nKMD,1,0,1,1.0
nKML,1,0,1,1.0
nKMM,0,4,4,0.0
nKMN,2,2,4,0.5
nKMP,2,2,4,0.5
nKMS,0,1,1,0.0
nKMb,4,0,4,1.0
nKMh,3,2,5,0.6
nKMj,0,1,1,0.0
nKMl,0,0,0,
nKMm,0,1,1,0.0
nKMn,3,2,5,0.6
nKMs,0,2,2,0.0
nKNB,0,2,2,0.0
nKNH,0,0,0,
nKNL,2,0,2,1.0
nKNM,0,1,1,0.0
nKNN,1,0,1,1.0
nKNP,2,3,5,0.4
nKNS,2,1,3,0.67
nKNb,2,0,2,1.0
nKNl,2,0,2,1.0
nKNm,2,1,3,0.67
nKNn,4,1,5,0.8
nKNs,2,0,2,1.0
nKPB,1,2,3,0.33
nKPD,0,1,1,0.0
nKPH,0,2,2,0.0
nKPK,0,2,2,0.0
nKPL,3,1,4,0.75
nKPM,4,1,5,0.8
nKPN,1,1,2,0.5
nKPP,5,3,8,0.62
nKPS,1,0,1,1.0
nKPb,3,3,6,0.5
nKPh,0,2,2,0.0
nKPl,4,2,6,0.67
nKPm,2,1,3,0.67
nKPn,1,1,2,0.5
nKPs,1,3,4,0.25
nKPt,0,1,1,0.0
nKSB,2,0,2,1.0
nKSH,0,0,0,
nKSK,1,0,1,1.0
nKSM,0,2,2,0.0
nKSN,0,1,1,0.0
nKSP,1,3,4,0.25
nKSS,1,1,2,0.5
nKSb,0,2,2,0.0
nKSh,2,2,4,0.5
nKSl,1,0,1,1.0
nKSm,0,1,1,0.0
nKSn,1,1,2,0.5
nKSs,0,2,2,0.0
nKbB,0,0,0,
nKbD,0,1,1,0.0
nKbL,0,0,0,
nKbM,0,3,3,0.0
nKbN,1,1,2,0.5
nKbP,2,2,4,0.5
nKbS,3,0,3,1.0
nKbb,4,1,5,0.8
nKbl,1,1,2,0.5
nKbm,2,1,3,0.67
nKbn,1,0,1,1.0
nKbs,0,1,1,0.0
nKhB,1,0,1,1.0
nKhM,3,0,3,1.0
nKhN,1,1,2,0.5
nKhP,2,1,3,0.67
nKhS,0,4,4,0.0
nKhb,1,3,4,0.25
nKhh,1,3,4,0.25
nKhl,1,3,4,0.25
nKhm,2,1,3,0.67
nKhn,2,2,4,0.5
nKhs,1,3,4,0.25
nKlH,1,0,1,1.0
nKlL,1,1,2,0.5
nKlM,2,1,3,0.67
nKlN,2,1,3,0.67
nKlP,1,3,4,0.25
nKlS,0,1,1,0.0
nKll,1,1,2,0.5
nKlm,2,0,2,1.0
nKln,1,1,2,0.5
nKls,0,2,2,0.0
nKmB,1,0,1,1.0
nKmH,1,5,6,0.17
nKmL,0,1,1,0.0
nKmM,1,5,6,0.17
nKmN,2,2,4,0.5
nKmP,3,2,5,0.6
nKmS,1,0,1,1.0
nKmb,2,0,2,1.0
nKml,0,1,1,0.0
nKmm,0,2,2,0.0
nKmn,1,1,2,0.5
nKnB,0,1,1,0.0
nKnH,3,0,3,1.0
nKnK,1,1,2,0.5
nKnM,3,5,8,0.38
nKnN,1,0,1,1.0
nKnP,4,3,7,0.57
nKnS,2,1,3,0.67
nKnb,1,2,3,0.33
nKnl,1,0,1,1.0
nKnm,2,0,2,1.0
nKnn,3,3,6,0.5
nKns,2,0,2,1.0
nKsH,2,0,2,1.0
nKsM,0,3,3,0.0
nKsN,2,3,5,0.4
nKsP,2,0,2,1.0
nKsS,2,0,2,1.0
nKsb,2,2,4,0.5
nKsl,0,1,1,0.0
nKsn,1,0,1,1.0
nKss,0,1,1,0.0
nKtH,1,0,1,1.0
nKtL,1,0,1,1.0
nKtP,1,0,1,1.0
nKtl,0,1,1,0.0
nKtn,1,0,1,1.0
nLBB,4,1,5,0.8
nLBL,2,3,5,0.4
nLBM,3,5,8,0.38
nLBN,3,13,16,0.19
nLBP,10,5,15,0.67
nLBS,1,3,4,0.25
nLBb,7,7,14,0.5
nLBh,0,1,1,0.0
nLBj,1,1,2,0.5
nLBl,4,1,5,0.8
nLBm,2,6,8,0.25
nLBn,2,4,6,0.33
nLBs,1,2,3,0.33
nLBt,0,2,2,0.0
nLDB,0,1,1,0.0
nLDH,0,1,1,0.0
nLDL,0,1,1,0.0
nLDM,1,0,1,1.0
nLDP,1,0,1,1.0
nLDl,1,0,1,1.0
nLDs,1,0,1,1.0
nLHb,0,0,0,
nLKM,1,0,1,1.0
nLKP,1,1,2,0.5
nLKn,1,1,2,0.5
nLKs,1,1,2,0.5
nLLB,2,3,5,0.4
nLLL,0,1,1,0.0
nLLM,3,0,3,1.0
nLLN,2,2,4,0.5
nLLP,3,2,5,0.6
nLLS,1,0,1,1.0
nLLb,2,2,4,0.5
nLLh,0,2,2,0.0
nLLl,0,2,2,0.0
nLLm,3,3,6,0.5
nLLn,4,1,5,0.8
nLLs,0,4,4,0.0
nLLt,1,1,2,0.5
nLMB,7,0,7,1.0
nLMD,0,2,2,0.0
nLML,3,4,7,0.43
nLMM,4,8,12,0.33
nLMN,6,4,10,0.6
nLMP,6,7,13,0.46
nLMS,1,2,3,0.33
nLMb,8,8,16,0.5
nLMh,3,7,10,0.3
nLMj,2,4,6,0.33
nLMl,4,1,5,0.8
nLMm,4,3,7,0.57
nLMn,17,3,20,0.85
nLMs,3,6,9,0.33
nLNB,5,1,6,0.83
nLND,1,1,2,0.5
nLNH,0,1,1,0.0
nLNL,1,3,4,0.25
nLNM,5,10,15,0.33
nLNN,8,8,16,0.5
nLNP,7,11,18,0.39
nLNS,4,2,6,0.67
nLNb,8,5,13,0.62
nLNh,3,4,7,0.43
nLNl,1,3,4,0.25
nLNm,5,4,9,0.56
nLNn,5,5,10,0.5
nLNs,4,4,8,0.5
nLNt,1,2,3,0.33
nLPB,5,4,9,0.56
nLPD,0,1,1,0.0
nLPH,6,3,9,0.67
nLPK,1,0,1,1.0
nLPL,2,1,3,0.67
nLPM,1,7,8,0.12
nLPN,10,6,16,0.62
nLPP,17,15,32,0.53
nLPS,7,9,16,0.44
nLPb,9,8,17,0.53
nLPh,1,0,1,1.0
nLPl,3,4,7,0.43
nLPm,6,3,9,0.67
nLPn,5,3,8,0.62
nLPs,6,2,8,0.75
nLPt,0,1,1,0.0
nLSB,0,0,0,
nLSH,2,0,2,1.0
nLSL,1,0,1,1.0
nLSM,4,5,9,0.44
nLSN,2,3,5,0.4
nLSP,2,7,9,0.22
nLSS,2,7,9,0.22
nLSb,1,6,7,0.14
nLSh,2,4,6,0.33
nLSl,1,1,2,0.5
nLSm,4,2,6,0.67
nLSn,5,5,10,0.5
nLSs,2,3,5,0.4
nLSt,0,0,0,
nLbB,0,2,2,0.0
nLbH,3,1,4,0.75
nLbI,0,1,1,0.0
nLbJ,0,1,1,0.0
nLbK,0,1,1,0.0
nLbL,4,1,5,0.8
nLbM,5,3,8,0.62
nLbN,4,8,12,0.33
nLbP,9,6,15,0.6
nLbS,5,3,8,0.62
nLbb,8,11,19,0.42
nLbl,4,0,4,1.0
nLbm,6,4,10,0.6
nLbn,9,11,20,0.45
nLbs,6,2,8,0.75
nLhB,1,2,3,0.33
nLhH,1,1,2,0.5
nLhL,1,1,2,0.5
nLhM,1,1,2,0.5
nLhN,2,6,8,0.25
nLhP,2,3,5,0.4
nLhS,2,0,2,1.0
nLhb,1,2,3,0.33
nLhh,2,4,6,0.33
nLhl,2,1,3,0.67
nLhm,1,2,3,0.33
nLhn,2,3,5,0.4
nLhs,2,1,3,0.67
nLjB,1,4,5,0.2
nLjH,0,2,2,0.0
nLjL,2,2,4,0.5
nLjM,4,4,8,0.5
nLjN,1,2,3,0.33
nLjP,2,2,4,0.5
nLjS,3,4,7,0.43
nLjb,0,2,2,0.0
nLjh,1,1,2,0.5
nLjl,0,1,1,0.0
nLjm,1,0,1,1.0
nLjn,5,1,6,0.83
nLjs,1,2,3,0.33
nLlB,0,1,1,0.0
nLlH,2,0,2,1.0
nLlJ,2,1,3,0.67
nLlL,0,2,2,0.0
nLlM,0,4,4,0.0
nLlN,2,2,4,0.5
nLlP,3,8,11,0.27
nLlS,3,2,5,0.6
nLlb,6,3,9,0.67
nLll,1,0,1,1.0
nLlm,1,4,5,0.2
nLln,3,3,6,0.5
nLls,4,3,7,0.57
nLmB,1,4,5,0.2
nLmD,0,2,2,0.0
nLmH,3,3,6,0.5
nLmL,3,1,4,0.75
nLmM,5,2,7,0.71
nLmN,3,7,10,0.3
nLmP,2,9,11,0.18
nLmS,2,6,8,0.25
nLmb,6,2,8,0.75
nLml,2,1,3,0.67
nLmm,1,2,3,0.33
nLmn,2,3,5,0.4
nLms,1,2,3,0.33
nLnB,3,5,8,0.38
nLnD,2,1,3,0.67
nLnH,1,8,9,0.11
nLnI,0,1,1,0.0
nLnK,2,0,2,1.0
nLnL,4,1,5,0.8
nLnM,10,8,18,0.56
nLnN,11,16,27,0.41
nLnP,9,14,23,0.39
nLnS,9,7,16,0.56
nLnb,9,7,16,0.56
nLnh,1,0,1,1.0
nLnl,2,3,5,0.4
nLnm,5,4,9,0.56
nLnn,11,4,15,0.73
nLns,4,0,4,1.0
nLsB,1,1,2,0.5
nLsD,0,2,2,0.0
nLsH,4,0,4,1.0
nLsM,4,6,10,0.4
nLsN,6,3,9,0.67
nLsP,3,3,6,0.5
nLsS,1,2,3,0.33
nLsb,3,2,5,0.6
nLsh,0,1,1,0.0
nLsl,0,2,2,0.0
nLsm,6,2,8,0.75
nLsn,1,8,9,0.11
nLss,4,1,5,0.8
nLtL,0,1,1,0.0
nLtM,0,1,1,0.0
nLtN,0,0,0,
nLtP,3,2,5,0.6
nLtS,1,0,1,1.0
nLtb,1,1,2,0.5
nLtl,0,1,1,0.0
nLtm,2,1,3,0.67
nLtn,5,0,5,1.0
nLtt,1,1,2,0.5
nMBB,10,10,20,0.5
nMBD,0,1,1,0.0
nMBK,1,3,4,0.25
nMBL,5,6,11,0.45
nMBM,7,11,18,0.39
nMBN,12,13,25,0.48
nMBP,19,9,28,0.68
nMBS,7,7,14,0.5
nMBb,5,12,17,0.29
nMBh,0,1,1,0.0
nMBj,2,2,4,0.5
nMBl,0,6,6,0.0
nMBm,9,10,19,0.47
nMBn,25,14,39,0.64
nMBs,5,6,11,0.45
nMBt,2,1,3,0.67
nMDH,0,0,0,
nMDM,0,2,2,0.0
nMDN,1,0,1,1.0
nMDP,1,1,2,0.5
nMDb,1,0,1,1.0
nMDm,1,1,2,0.5
nMDn,1,1,2,0.5
nMHm,0,1,1,0.0
nMKh,0,1,1,0.0
nMKs,1,0,1,1.0
nMLB,5,5,10,0.5
nMLL,1,3,4,0.25
nMLM,5,7,12,0.42
nMLN,10,3,13,0.77
nMLP,5,7,12,0.42
nMLS,0,2,2,0.0
nMLb,8,4,12,0.67
nMLh,3,1,4,0.75
nMLl,2,7,9,0.22
nMLm,4,2,6,0.67
nMLn,9,10,19,0.47
nMLs,3,3,6,0.5
nMLt,1,0,1,1.0
nMMB,15,9,24,0.62
nMMD,1,0,1,1.0
nMML,3,4,7,0.43
nMMM,17,13,30,0.57
nMMN,13,15,28,0.46
nMMP,19,21,40,0.48
nMMS,6,10,16,0.38
nMMb,13,23,36,0.36
nMMh,14,15,29,0.48
nMMj,2,4,6,0.33
nMMl,10,9,19,0.53
nMMm,20,8,28,0.71
nMMn,20,27,47,0.43
nMMs,5,6,11,0.45
nMMt,0,0,0,
nMNB,13,12,25,0.52
nMND,1,1,2,0.5
nMNH,3,1,4,0.75
nMNK,3,1,4,0.75
nMNL,6,7,13,0.46
nMNM,7,19,26,0.27
nMNN,11,18,29,0.38
nMNP,35,19,54,0.65
nMNS,12,10,22,0.55
nMNb,16,14,30,0.53
nMNh,5,7,12,0.42
nMNl,6,5,11,0.55
nMNm,18,12,30,0.6
nMNn,26,24,50,0.52
nMNs,12,8,20,0.6
nMNt,2,2,4,0.5
nMPB,15,11,26,0.58
nMPD,3,1,4,0.75
nMPH,4,9,13,0.31
nMPI,2,3,5,0.4
nMPK,2,1,3,0.67
nMPL,5,8,13,0.38
nMPM,21,26,47,0.45
nMPN,16,23,39,0.41
nMPP,25,28,53,0.47
nMPS,10,18,28,0.36
nMPb,19,36,55,0.35
nMPh,2,2,4,0.5
nMPl,6,10,16,0.38
nMPm,24,12,36,0.67
nMPn,23,15,38,0.61
nMPs,7,9,16,0.44
nMPt,1,3,4,0.25
nMSB,6,4,10,0.6
nMSH,3,6,9,0.33
nMSK,1,0,1,1.0
nMSL,3,3,6,0.5
nMSM,9,12,21,0.43
nMSN,5,8,13,0.38
nMSP,15,10,25,0.6
nMSS,8,11,19,0.42
nMSb,7,11,18,0.39
nMSh,6,7,13,0.46
nMSl,3,5,8,0.38
nMSm,11,9,20,0.55
nMSn,15,12,27,0.56
nMSs,7,4,11,0.64
nMSt,5,4,9,0.56
nMbB,6,5,11,0.55
nMbD,0,2,2,0.0
nMbH,6,7,13,0.46
nMbJ,5,4,9,0.56
nMbK,2,2,4,0.5
nMbL,2,2,4,0.5
nMbM,15,21,36,0.42
nMbN,30,29,59,0.51
nMbP,18,21,39,0.46
nMbS,8,9,17,0.47
nMbb,16,26,42,0.38
nMbl,7,7,14,0.5
nMbm,10,5,15,0.67
nMbn,30,17,47,0.64
nMbs,7,9,16,0.44
nMhB,1,5,6,0.17
nMhD,0,0,0,
nMhH,4,2,6,0.67
nMhI,1,0,1,1.0
nMhL,4,4,8,0.5
nMhM,17,9,26,0.65
nMhN,16,7,23,0.7
nMhP,21,17,38,0.55
nMhS,9,11,20,0.45
nMhb,11,14,25,0.44
nMhh,12,12,24,0.5
nMhl,7,6,13,0.54
nMhm,9,8,17,0.53
nMhn,27,16,43,0.63
nMhs,9,7,16,0.56
nMht,4,1,5,0.8
nMjB,3,3,6,0.5
nMjH,2,2,4,0.5
nMjI,1,1,2,0.5
nMjK,1,0,1,1.0
nMjL,1,3,4,0.25
nMjM,3,9,12,0.25
nMjN,3,5,8,0.38
nMjP,8,9,17,0.47
nMjS,9,5,14,0.64
nMjb,2,6,8,0.25
nMjh,1,1,2,0.5
nMjl,1,2,3,0.33
nMjm,3,2,5,0.6
nMjn,8,1,9,0.89
nMjs,0,3,3,0.0
nMjt,1,1,2,0.5
nMlB,8,5,13,0.62
nMlD,2,0,2,1.0
nMlH,3,5,8,0.38
nMlI,0,0,0,
nMlJ,3,0,3,1.0
nMlL,4,4,8,0.5
nMlM,7,5,12,0.58
nMlN,8,10,18,0.44
nMlP,10,8,18,0.56
nMlS,6,12,18,0.33
nMlb,7,9,16,0.44
nMll,7,1,8,0.88
nMlm,2,4,6,0.33
nMln,11,9,20,0.55
nMls,2,6,8,0.25
nMmB,5,3,8,0.62
nMmD,1,1,2,0.5
nMmH,9,8,17,0.53
nMmI,0,1,1,0.0
nMmJ,1,5,6,0.17
nMmL,2,5,7,0.29
nMmM,14,8,22,0.64
nMmN,14,18,32,0.44
nMmP,15,13,28,0.54
nMmS,17,7,24,0.71
nMmb,10,8,18,0.56
nMml,0,3,3,0.0
nMmm,5,7,12,0.42
nMmn,14,12,26,0.54
nMms,5,6,11,0.45
nMnB,16,10,26,0.62
nMnD,4,2,6,0.67
nMnH,12,15,27,0.44
nMnI,1,2,3,0.33
nMnK,1,4,5,0.2
nMnL,4,8,12,0.33
nMnM,29,21,50,0.58
nMnN,42,37,79,0.53
nMnP,39,40,79,0.49
nMnS,21,12,33,0.64
nMnb,27,23,50,0.54
nMnh,0,2,2,0.0
nMnl,11,6,17,0.65
nMnm,20,7,27,0.74
nMnn,32,26,58,0.55
nMns,12,22,34,0.35
nMsB,3,2,5,0.6
nMsD,1,1,2,0.5
nMsH,6,8,14,0.43
nMsI,1,1,2,0.5
nMsL,6,3,9,0.67
nMsM,9,5,14,0.64
nMsN,10,5,15,0.67
nMsP,18,18,36,0.5
nMsS,8,10,18,0.44
nMsb,6,9,15,0.4
nMsh,1,0,1,1.0
nMsl,4,5,9,0.44
nMsm,3,5,8,0.38
nMsn,20,8,28,0.71
nMss,5,6,11,0.45
nMtB,2,0,2,1.0
nMtH,6,1,7,0.86
nMtL,0,2,2,0.0
nMtM,2,5,7,0.29
nMtN,1,3,4,0.25
nMtP,3,4,7,0.43
nMtS,2,3,5,0.4
nMtb,3,2,5,0.6
nMtm,4,3,7,0.57
nMtn,4,5,9,0.44
nMts,1,2,3,0.33
nNBB,9,9,18,0.5
nNBD,0,1,1,0.0
nNBL,10,7,17,0.59
nNBM,12,12,24,0.5
nNBN,11,10,21,0.52
nNBP,22,15,37,0.59
nNBS,8,5,13,0.62
nNBb,20,6,26,0.77
nNBh,4,1,5,0.8
nNBj,8,5,13,0.62
nNBl,3,3,6,0.5
nNBm,11,7,18,0.61
nNBn,14,15,29,0.48
nNBs,6,8,14,0.43
nNBt,1,5,6,0.17
nNDH,2,0,2,1.0
nNDL,2,0,2,1.0
nNDM,0,1,1,0.0
nNDN,1,3,4,0.25
nNDP,1,1,2,0.5
nNDS,1,1,2,0.5
nNDb,2,1,3,0.67
nNDl,2,1,3,0.67
nNDm,1,0,1,1.0
nNDn,1,0,1,1.0
nNDs,0,1,1,0.0
nNHB,1,3,4,0.25
nNHD,0,1,1,0.0
nNHH,0,2,2,0.0
nNHK,3,1,4,0.75
nNHL,1,1,2,0.5
nNHM,3,3,6,0.5
nNHN,3,2,5,0.6
nNHP,8,4,12,0.67
nNHS,1,6,7,0.14
nNHb,2,0,2,1.0
nNHl,2,1,3,0.67
nNHm,1,4,5,0.2
nNHn,5,2,7,0.71
nNHs,4,2,6,0.67
nNIL,1,0,1,1.0
nNIS,0,1,1,0.0
nNIb,1,0,1,1.0
nNKB,0,2,2,0.0
nNKI,1,0,1,1.0
nNKM,2,3,5,0.4
nNKN,1,0,1,1.0
nNKP,2,2,4,0.5
nNKS,2,2,4,0.5
nNKb,1,1,2,0.5
nNKh,1,0,1,1.0
nNKl,4,1,5,0.8
nNKm,1,2,3,0.33
nNKn,1,2,3,0.33
nNKs,1,1,2,0.5
nNLB,7,4,11,0.64
nNLD,0,0,0,
nNLK,0,1,1,0.0
nNLL,4,4,8,0.5
nNLM,5,7,12,0.42
nNLN,7,4,11,0.64
nNLP,10,11,21,0.48
nNLS,2,6,8,0.25
nNLb,4,10,14,0.29
nNLh,4,4,8,0.5
nNLj,0,1,1,0.0
nNLl,2,6,8,0.25
nNLm,4,1,5,0.8
nNLn,7,7,14,0.5
nNLs,0,6,6,0.0
nNLt,1,2,3,0.33
nNMB,14,13,27,0.52
nNMD,0,2,2,0.0
nNML,3,7,10,0.3
nNMM,19,15,34,0.56
nNMN,25,24,49,0.51
nNMP,28,30,58,0.48
nNMS,9,7,16,0.56
nNMb,22,21,43,0.51
nNMh,14,14,28,0.5
nNMj,5,6,11,0.45
nNMl,10,7,17,0.59
nNMm,14,16,30,0.47
nNMn,41,25,66,0.62
nNMs,11,10,21,0.52
nNMt,4,1,5,0.8
nNNB,17,13,30,0.57
nNND,2,1,3,0.67
nNNH,3,2,5,0.6
nNNK,1,1,2,0.5
nNNL,6,6,12,0.5
nNNM,19,25,44,0.43
nNNN,22,26,48,0.46
nNNP,32,46,78,0.41
nNNS,30,14,44,0.68
nNNb,21,20,41,0.51
nNNh,15,14,29,0.52
nNNl,6,14,20,0.3
nNNm,16,14,30,0.53
nNNn,39,33,72,0.54
nNNs,11,11,22,0.5
nNNt,6,2,8,0.75
nNPB,23,21,44,0.52
nNPD,1,1,2,0.5
nNPH,3,12,15,0.2
nNPI,2,2,4,0.5
nNPK,4,4,8,0.5
nNPL,15,12,27,0.56
nNPM,34,50,84,0.4
nNPN,37,28,65,0.57
nNPP,53,45,98,0.54
nNPS,23,31,54,0.43
nNPb,23,30,53,0.43
nNPh,3,5,8,0.38
nNPl,13,15,28,0.46
nNPm,33,19,52,0.63
nNPn,33,32,65,0.51
nNPs,28,25,53,0.53
nNPt,5,5,10,0.5
nNSB,8,10,18,0.44
nNSD,0,2,2,0.0
nNSH,6,3,9,0.67
nNSK,0,0,0,
nNSL,2,5,7,0.29
nNSM,13,13,26,0.5
nNSN,13,9,22,0.59
nNSP,26,39,65,0.4
nNSS,18,9,27,0.67
nNSb,9,15,24,0.38
nNSh,11,8,19,0.58
nNSl,5,5,10,0.5
nNSm,14,11,25,0.56
nNSn,25,19,44,0.57
nNSs,13,12,25,0.52
nNSt,1,1,2,0.5
nNbB,12,16,28,0.43
nNbD,1,0,1,1.0
nNbH,3,5,8,0.38
nNbI,0,1,1,0.0
nNbJ,9,2,11,0.82
nNbK,2,4,6,0.33
nNbL,4,7,11,0.36
nNbM,21,17,38,0.55
nNbN,21,31,52,0.4
nNbP,33,26,59,0.56
nNbS,15,15,30,0.5
nNbb,26,25,51,0.51
nNbl,7,8,15,0.47
nNbm,16,8,24,0.67
nNbn,20,24,44,0.45
nNbs,10,8,18,0.56
nNhB,3,4,7,0.43
nNhH,0,1,1,0.0
nNhI,0,1,1,0.0
nNhL,4,1,5,0.8
nNhM,8,11,19,0.42
nNhN,6,8,14,0.43
nNhP,10,19,29,0.34
nNhS,3,6,9,0.33
nNhb,8,7,15,0.53
nNhh,6,8,14,0.43
nNhl,12,5,17,0.71
nNhm,5,4,9,0.56
nNhn,16,14,30,0.53
nNhs,9,5,14,0.64
nNht,2,2,4,0.5
nNlB,4,4,8,0.5
nNlD,1,2,3,0.33
nNlH,3,6,9,0.33
nNlI,1,0,1,1.0
nNlJ,1,2,3,0.33
nNlK,0,1,1,0.0
nNlL,4,4,8,0.5
nNlM,10,10,20,0.5
nNlN,9,11,20,0.45
nNlP,8,14,22,0.36
nNlS,10,7,17,0.59
nNlb,10,6,16,0.62
nNll,5,6,11,0.45
nNlm,7,5,12,0.58
nNln,5,9,14,0.36
nNls,5,2,7,0.71
nNmB,10,11,21,0.48
nNmD,0,1,1,0.0
nNmH,13,11,24,0.54
nNmI,1,2,3,0.33
nNmJ,2,2,4,0.5
nNmL,5,9,14,0.36
nNmM,15,15,30,0.5
nNmN,23,13,36,0.64
nNmP,15,26,41,0.37
nNmS,7,12,19,0.37
nNmb,15,21,36,0.42
nNml,3,2,5,0.6
nNmm,11,5,16,0.69
nNmn,15,16,31,0.48
nNms,6,6,12,0.5
nNnB,28,20,48,0.58
nNnD,2,0,2,1.0
nNnH,17,11,28,0.61
nNnI,3,4,7,0.43
nNnK,3,4,7,0.43
nNnL,8,16,24,0.33
nNnM,24,25,49,0.49
nNnN,40,36,76,0.53
nNnP,41,41,82,0.5
nNnS,32,19,51,0.63
nNnb,32,25,57,0.56
nNnh,0,0,0,
nNnl,15,14,29,0.52
nNnm,23,19,42,0.55
nNnn,31,39,70,0.44
nNns,23,19,42,0.55
nNsB,8,7,15,0.53
nNsD,4,0,4,1.0
nNsH,8,19,27,0.3
nNsI,4,4,8,0.5
nNsL,4,8,12,0.33
nNsM,10,8,18,0.56
nNsN,29,14,43,0.67
nNsP,18,21,39,0.46
nNsS,9,8,17,0.53
nNsb,13,13,26,0.5
nNsh,1,0,1,1.0
nNsl,1,10,11,0.09
nNsm,8,13,21,0.38
nNsn,14,22,36,0.39
nNss,8,8,16,0.5
nNtB,3,1,4,0.75
nNtH,3,2,5,0.6
nNtK,1,0,1,1.0
nNtL,0,1,1,0.0
nNtM,1,6,7,0.14
nNtN,7,3,10,0.7
nNtP,7,6,13,0.54
nNtS,2,7,9,0.22
nNtb,1,2,3,0.33
nNtl,1,0,1,1.0
nNtm,3,1,4,0.75
nNtn,3,3,6,0.5
nNts,3,2,5,0.6
nNtt,2,0,2,1.0
nPBB,12,13,25,0.48
nPBD,4,2,6,0.67
nPBH,0,1,1,0.0
nPBK,0,1,1,0.0
nPBL,15,3,18,0.83
nPBM,13,13,26,0.5
nPBN,15,14,29,0.52
nPBP,19,11,30,0.63
nPBS,8,13,21,0.38
nPBb,13,15,28,0.46
nPBh,0,2,2,0.0
nPBj,11,5,16,0.69
nPBl,9,1,10,0.9
nPBm,16,6,22,0.73
nPBn,14,24,38,0.37
nPBs,6,8,14,0.43
nPBt,2,2,4,0.5
nPDB,0,3,3,0.0
nPDH,0,1,1,0.0
nPDM,1,2,3,0.33
nPDN,1,1,2,0.5
nPDP,1,1,2,0.5
nPDS,0,1,1,0.0
nPDb,2,3,5,0.4
nPDl,2,0,2,1.0
nPDm,5,2,7,0.71
nPDn,1,2,3,0.33
nPDs,1,0,1,1.0
nPHB,4,3,7,0.57
nPHD,0,1,1,0.0
nPHH,2,3,5,0.4
nPHI,0,0,0,
nPHK,2,1,3,0.67
nPHL,4,4,8,0.5
nPHM,6,8,14,0.43
nPHN,8,12,20,0.4
nPHP,16,10,26,0.62
nPHS,9,9,18,0.5
nPHb,7,9,16,0.44
nPHh,1,4,5,0.2
nPHl,6,2,8,0.75
nPHm,5,7,12,0.42
nPHn,14,12,26,0.54
nPHs,8,4,12,0.67
nPIB,0,1,1,0.0
nPIH,0,0,0,
nPIK,1,0,1,1.0
nPIL,2,1,3,0.67
nPIM,1,1,2,0.5
nPIN,3,0,3,1.0
nPIP,4,1,5,0.8
nPIS,2,2,4,0.5
nPIb,1,2,3,0.33
nPIm,3,1,4,0.75
nPIn,3,0,3,1.0
nPIs,1,1,2,0.5
nPKB,3,0,3,1.0
nPKL,1,2,3,0.33
nPKM,2,3,5,0.4
nPKN,3,1,4,0.75
nPKP,0,0,0,
nPKS,0,3,3,0.0
nPKb,2,3,5,0.4
nPKh,3,6,9,0.33
nPKl,3,2,5,0.6
nPKm,2,4,6,0.33
nPKn,2,2,4,0.5
nPKs,3,2,5,0.6
nPLB,5,8,13,0.38
nPLD,1,1,2,0.5
nPLH,1,0,1,1.0
nPLL,6,5,11,0.55
nPLM,7,10,17,0.41
nPLN,4,8,12,0.33
nPLP,13,15,28,0.46
nPLS,9,9,18,0.5
nPLb,7,19,26,0.27
nPLh,4,7,11,0.36
nPLj,4,4,8,0.5
nPLl,7,9,16,0.44
nPLm,8,5,13,0.62
nPLn,12,14,26,0.46
nPLs,5,2,7,0.71
nPLt,2,0,2,1.0
nPMB,9,15,24,0.38
nPMD,1,3,4,0.25
nPMK,0,1,1,0.0
nPML,9,10,19,0.47
nPMM,29,25,54,0.54
nPMN,34,25,59,0.58
nPMP,33,34,67,0.49
nPMS,14,15,29,0.48
nPMb,41,28,69,0.59
nPMh,23,27,50,0.46
nPMj,4,9,13,0.31
nPMl,13,9,22,0.59
nPMm,18,15,33,0.55
nPMn,27,38,65,0.42
nPMs,12,20,32,0.38
nPMt,6,1,7,0.86
nPNB,18,11,29,0.62
nPND,1,1,2,0.5
nPNH,2,2,4,0.5
nPNK,1,3,4,0.25
nPNL,15,11,26,0.58
nPNM,36,27,63,0.57
nPNN,32,23,55,0.58
nPNP,41,49,90,0.46
nPNS,16,25,41,0.39
nPNb,30,18,48,0.62
nPNh,22,23,45,0.49
nPNl,16,18,34,0.47
nPNm,16,21,37,0.43
nPNn,34,38,72,0.47
nPNs,24,16,40,0.6
nPNt,3,2,5,0.6
nPPB,26,35,61,0.43
nPPD,2,3,5,0.4
nPPH,15,5,20,0.75
nPPI,4,2,6,0.67
nPPK,2,7,9,0.22
nPPL,20,28,48,0.42
nPPM,49,50,99,0.49
nPPN,39,31,70,0.56
nPPP,77,61,138,0.56
nPPS,29,37,66,0.44
nPPb,43,46,89,0.48
nPPh,6,6,12,0.5
nPPl,25,25,50,0.5
nPPm,34,24,58,0.59
nPPn,38,41,79,0.48
nPPs,17,31,48,0.35
nPPt,5,3,8,0.62
nPSB,7,9,16,0.44
nPSD,0,0,0,
nPSH,2,2,4,0.5
nPSL,7,10,17,0.41
nPSM,17,28,45,0.38
nPSN,15,20,35,0.43
nPSP,26,19,45,0.58
nPSS,18,18,36,0.5
nPSb,23,11,34,0.68
nPSh,11,15,26,0.42
nPSl,19,11,30,0.63
nPSm,13,13,26,0.5
nPSn,18,16,34,0.53
nPSs,17,19,36,0.47
nPSt,5,7,12,0.42
nPbB,25,22,47,0.53
nPbH,8,9,17,0.47
nPbI,1,2,3,0.33
nPbJ,4,6,10,0.4
nPbK,4,2,6,0.67
nPbL,7,15,22,0.32
nPbM,42,35,77,0.55
nPbN,34,36,70,0.49
nPbP,35,34,69,0.51
nPbS,7,10,17,0.41
nPbb,39,23,62,0.63
nPbl,15,9,24,0.62
nPbm,23,13,36,0.64
nPbn,24,30,54,0.44
nPbs,6,14,20,0.3
nPhB,1,1,2,0.5
nPhH,0,2,2,0.0
nPhM,5,2,7,0.71
nPhN,2,2,4,0.5
nPhP,5,1,6,0.83
nPhS,3,4,7,0.43
nPhb,0,5,5,0.0
nPhh,9,7,16,0.56
nPhl,2,2,4,0.5
nPhm,3,3,6,0.5
nPhn,6,1,7,0.86
nPhs,1,4,5,0.2
nPht,1,0,1,1.0
nPlB,11,10,21,0.52
nPlD,0,0,0,
nPlH,7,8,15,0.47
nPlJ,6,4,10,0.6
nPlK,1,1,2,0.5
nPlL,6,5,11,0.55
nPlM,14,15,29,0.48
nPlN,20,17,37,0.54
nPlP,21,22,43,0.49
nPlS,8,19,27,0.3
nPlb,18,13,31,0.58
nPll,6,6,12,0.5
nPlm,12,10,22,0.55
nPln,13,10,23,0.57
nPls,9,7,16,0.56
nPmB,20,15,35,0.57
nPmD,1,1,2,0.5
nPmH,12,15,27,0.44
nPmI,1,2,3,0.33
nPmJ,5,7,12,0.42
nPmL,12,4,16,0.75
nPmM,24,28,52,0.46
nPmN,23,16,39,0.59
nPmP,31,28,59,0.53
nPmS,9,8,17,0.53
nPmb,11,22,33,0.33
nPml,3,3,6,0.5
nPmm,10,9,19,0.53
nPmn,14,16,30,0.47
nPms,6,9,15,0.4
nPnB,10,20,30,0.33
nPnD,4,1,5,0.8
nPnH,12,21,33,0.36
nPnI,2,1,3,0.67
nPnK,0,5,5,0.0
nPnL,8,11,19,0.42
nPnM,20,28,48,0.42
nPnN,31,29,60,0.52
nPnP,55,47,102,0.54
nPnS,29,11,40,0.72
nPnb,28,20,48,0.58
nPnh,1,2,3,0.33
nPnl,18,20,38,0.47
nPnm,21,22,43,0.49
nPnn,31,28,59,0.53
nPns,24,18,42,0.57
nPsB,7,10,17,0.41
nPsD,2,1,3,0.67
nPsH,20,17,37,0.54
nPsI,2,2,4,0.5
nPsL,4,9,13,0.31
nPsM,13,11,24,0.54
nPsN,20,17,37,0.54
nPsP,22,29,51,0.43
nPsS,13,21,34,0.38
nPsb,14,18,32,0.44
nPsh,2,1,3,0.67
nPsl,9,13,22,0.41
nPsm,14,9,23,0.61
nPsn,14,10,24,0.58
nPss,10,19,29,0.34
nPtB,2,1,3,0.67
nPtD,1,0,1,1.0
nPtH,0,1,1,0.0
nPtL,3,2,5,0.6
nPtM,4,5,9,0.44
nPtN,1,3,4,0.25
nPtP,4,2,6,0.67
nPtS,4,5,9,0.44
nPtb,1,1,2,0.5
nPtl,1,2,3,0.33
nPtm,2,5,7,0.29
nPtn,2,3,5,0.4
nPts,2,3,5,0.4
nSBB,2,4,6,0.33
nSBD,1,0,1,1.0
nSBK,1,0,1,1.0
nSBL,1,1,2,0.5
nSBM,3,7,10,0.3
nSBN,9,4,13,0.69
nSBP,7,8,15,0.47
nSBS,2,9,11,0.18
nSBb,5,3,8,0.62
nSBh,1,4,5,0.2
nSBj,2,2,4,0.5
nSBl,5,2,7,0.71
nSBm,6,5,11,0.55
nSBn,9,6,15,0.6
nSBs,5,5,10,0.5
nSBt,0,3,3,0.0
nSDH,0,2,2,0.0
nSDM,0,2,2,0.0
nSDP,3,2,5,0.6
nSDS,0,0,0,
nSDm,1,0,1,1.0
nSDn,1,1,2,0.5
nSDs,0,1,1,0.0
nSHB,4,3,7,0.57
nSHH,3,1,4,0.75
nSHL,1,1,2,0.5
nSHM,6,1,7,0.86
nSHN,5,4,9,0.56
nSHP,7,4,11,0.64
nSHS,1,4,5,0.2
nSHb,4,6,10,0.4
nSHh,1,4,5,0.2
nSHl,1,1,2,0.5
nSHm,5,2,7,0.71
nSHn,6,5,11,0.55
nSHs,2,6,8,0.25
nSIB,1,0,1,1.0
nSIs,1,0,1,1.0
nSKB,0,2,2,0.0
nSKM,1,0,1,1.0
nSKm,2,1,3,0.67
nSKn,1,0,1,1.0
nSKs,0,1,1,0.0
nSLB,3,3,6,0.5
nSLL,4,3,7,0.57
nSLM,1,6,7,0.14
nSLN,5,4,9,0.56
nSLP,2,3,5,0.4
nSLS,4,0,4,1.0
nSLb,2,2,4,0.5
nSLh,2,2,4,0.5
nSLj,0,1,1,0.0
nSLl,1,1,2,0.5
nSLm,5,1,6,0.83
nSLn,3,4,7,0.43
nSLs,1,4,5,0.2
nSLt,1,1,2,0.5
nSMB,9,3,12,0.75
nSMD,0,1,1,0.0
nSMK,1,0,1,1.0
nSML,4,4,8,0.5
nSMM,14,14,28,0.5
nSMN,7,9,16,0.44
nSMP,14,11,25,0.56
nSMS,6,4,10,0.6
nSMb,10,11,21,0.48
nSMh,6,11,17,0.35
nSMj,2,3,5,0.4
nSMl,6,4,10,0.6
nSMm,6,7,13,0.46
nSMn,20,16,36,0.56
nSMs,5,8,13,0.38
nSMt,3,2,5,0.6
nSNB,8,7,15,0.53
nSND,1,1,2,0.5
nSNH,0,1,1,0.0
nSNI,0,0,0,
nSNK,2,0,2,1.0
nSNL,3,0,3,1.0
nSNM,10,14,24,0.42
nSNN,13,12,25,0.52
nSNP,20,17,37,0.54
nSNS,3,7,10,0.3
nSNb,7,8,15,0.47
nSNh,4,4,8,0.5
nSNl,3,6,9,0.33
nSNm,5,2,7,0.71
nSNn,16,20,36,0.44
nSNs,2,10,12,0.17
nSNt,0,0,0,
nSPB,11,8,19,0.58
nSPD,1,0,1,1.0
nSPH,6,4,10,0.6
nSPI,1,1,2,0.5
nSPK,2,2,4,0.5
nSPL,3,7,10,0.3
nSPM,18,13,31,0.58
nSPN,18,17,35,0.51
nSPP,34,24,58,0.59
nSPS,22,11,33,0.67
nSPb,19,11,30,0.63
nSPh,1,2,3,0.33
nSPl,8,6,14,0.57
nSPm,13,14,27,0.48
nSPn,14,15,29,0.48
nSPs,9,21,30,0.3
nSPt,3,5,8,0.38
nSSB,8,3,11,0.73
nSSD,1,1,2,0.5
nSSH,6,5,11,0.55
nSSI,0,1,1,0.0
nSSL,4,4,8,0.5
nSSM,12,15,27,0.44
nSSN,7,13,20,0.35
nSSP,20,10,30,0.67
nSSS,11,10,21,0.52
nSSb,15,12,27,0.56
nSSh,8,6,14,0.57
nSSl,6,2,8,0.75
nSSm,4,8,12,0.33
nSSn,15,21,36,0.42
nSSs,5,16,21,0.24
nSSt,0,1,1,0.0
nSbB,8,4,12,0.67
nSbH,1,5,6,0.17
nSbI,2,1,3,0.67
nSbJ,5,2,7,0.71
nSbK,0,1,1,0.0
nSbL,6,4,10,0.6
nSbM,10,13,23,0.43
nSbN,16,9,25,0.64
nSbP,9,10,19,0.47
nSbS,12,9,21,0.57
nSbb,10,15,25,0.4
nSbl,5,5,10,0.5
nSbm,14,2,16,0.88
nSbn,12,5,17,0.71
nSbs,6,8,14,0.43
nShB,3,5,8,0.38
nShD,0,0,0,
nShH,1,1,2,0.5
nShI,1,1,2,0.5
nShL,2,2,4,0.5
nShM,6,7,13,0.46
nShN,5,11,16,0.31
nShP,14,10,24,0.58
nShS,10,12,22,0.45
nShb,9,9,18,0.5
nShh,10,13,23,0.43
nShl,6,1,7,0.86
nShm,7,8,15,0.47
nShn,12,6,18,0.67
nShs,12,11,23,0.52
nSht,6,3,9,0.67
nSlB,3,0,3,1.0
nSlH,2,3,5,0.4
nSlI,0,1,1,0.0
nSlJ,1,0,1,1.0
nSlL,2,0,2,1.0
nSlM,4,9,13,0.31
nSlN,6,9,15,0.4
nSlP,10,11,21,0.48
nSlS,2,4,6,0.33
nSlb,8,11,19,0.42
nSll,3,3,6,0.5
nSlm,6,1,7,0.86
nSln,7,6,13,0.54
nSls,3,3,6,0.5
nSmB,5,6,11,0.45
nSmD,0,0,0,
nSmH,2,7,9,0.22
nSmJ,1,0,1,1.0
nSmL,1,2,3,0.33
nSmM,10,11,21,0.48
nSmN,12,11,23,0.52
nSmP,8,14,22,0.36
nSmS,3,5,8,0.38
nSmb,13,5,18,0.72
nSml,1,4,5,0.2
nSmm,4,4,8,0.5
nSmn,8,8,16,0.5
nSms,4,5,9,0.44
nSnB,7,5,12,0.58
nSnD,2,0,2,1.0
nSnH,6,8,14,0.43
nSnI,0,2,2,0.0
nSnK,3,0,3,1.0
nSnL,2,6,8,0.25
nSnM,14,15,29,0.48
nSnN,19,16,35,0.54
nSnP,23,19,42,0.55
nSnS,20,15,35,0.57
nSnb,22,12,34,0.65
nSnh,1,0,1,1.0
nSnl,9,6,15,0.6
nSnm,13,14,27,0.48
nSnn,23,12,35,0.66
nSns,10,10,20,0.5
nSsB,3,4,7,0.43
nSsD,0,3,3,0.0
nSsH,11,9,20,0.55
nSsK,0,1,1,0.0
nSsL,5,3,8,0.62
nSsM,10,11,21,0.48
nSsN,9,15,24,0.38
nSsP,12,17,29,0.41
nSsS,12,19,31,0.39
nSsb,14,9,23,0.61
nSsh,0,1,1,0.0
nSsl,6,7,13,0.46
nSsm,4,5,9,0.44
nSsn,9,12,21,0.43
nSss,12,5,17,0.71
nStB,1,1,2,0.5
nStH,2,2,4,0.5
nStM,4,6,10,0.4
nStN,2,4,6,0.33
nStP,4,4,8,0.5
nStS,2,3,5,0.4
nStb,3,1,4,0.75
nSth,0,1,1,0.0
nStl,0,0,0,
nStm,2,0,2,1.0
nStn,4,2,6,0.67
nSts,2,2,4,0.5
nStt,1,0,1,1.0
nbBB,5,19,24,0.21
nbBD,1,1,2,0.5
nbBK,1,0,1,1.0
nbBL,5,8,13,0.38
nbBM,8,13,21,0.38
nbBN,11,16,27,0.41
nbBP,7,12,19,0.37
nbBS,5,4,9,0.56
nbBb,17,10,27,0.63
nbBh,2,4,6,0.33
nbBj,4,6,10,0.4
nbBl,6,4,10,0.6
nbBm,4,4,8,0.5
nbBn,19,12,31,0.61
nbBs,2,7,9,0.22
nbBt,1,2,3,0.33
nbDB,0,1,1,0.0
nbDH,0,1,1,0.0
nbDL,1,0,1,1.0
nbDM,0,1,1,0.0
nbDN,1,0,1,1.0
nbDP,4,1,5,0.8
nbDS,1,1,2,0.5
nbDb,1,1,2,0.5
nbDl,0,1,1,0.0
nbDm,0,1,1,0.0
nbDn,0,2,2,0.0
nbDs,0,1,1,0.0
nbHB,4,2,6,0.67
nbHH,1,1,2,0.5
nbHK,0,3,3,0.0
nbHL,2,0,2,1.0
nbHM,10,4,14,0.71
nbHN,6,12,18,0.33
nbHP,9,8,17,0.53
nbHS,3,6,9,0.33
nbHb,4,2,6,0.67
nbHh,2,1,3,0.67
nbHl,3,0,3,1.0
nbHm,6,2,8,0.75
nbHn,5,4,9,0.56
nbHs,1,1,2,0.5
nbIB,1,1,2,0.5
nbIH,1,2,3,0.33
nbIL,1,0,1,1.0
nbIM,1,2,3,0.33
nbIN,0,2,2,0.0
nbIP,3,1,4,0.75
nbIS,0,1,1,0.0
nbIb,2,1,3,0.67
nbIl,1,1,2,0.5
nbIm,1,1,2,0.5
nbIn,0,1,1,0.0
nbIs,0,1,1,0.0
nbJB,9,3,12,0.75
nbJD,1,0,1,1.0
nbJH,1,1,2,0.5
nbJL,0,1,1,0.0
nbJM,5,4,9,0.56
nbJN,2,4,6,0.33
nbJP,8,8,16,0.5
nbJS,1,4,5,0.2
nbJb,6,5,11,0.55
nbJh,0,3,3,0.0
nbJl,4,3,7,0.57
nbJm,4,0,4,1.0
nbJn,4,4,8,0.5
nbJs,2,1,3,0.67
nbJt,0,1,1,0.0
nbKB,1,1,2,0.5
nbKH,0,0,0,
nbKL,0,1,1,0.0
nbKM,3,4,7,0.43
nbKN,1,1,2,0.5
nbKP,2,1,3,0.67
nbKS,3,1,4,0.75
nbKb,2,3,5,0.4
nbKh,1,4,5,0.2
nbKl,0,1,1,0.0
nbKm,0,4,4,0.0
nbKn,4,3,7,0.57
nbKs,0,0,0,
nbLB,2,4,6,0.33
nbLK,0,2,2,0.0
nbLL,3,1,4,0.75
nbLM,7,4,11,0.64
nbLN,11,3,14,0.79
nbLP,10,3,13,0.77
nbLS,2,3,5,0.4
nbLb,10,2,12,0.83
nbLh,2,5,7,0.29
nbLj,1,3,4,0.25
nbLl,3,2,5,0.6
nbLm,7,3,10,0.7
nbLn,13,7,20,0.65
nbLs,3,3,6,0.5
nbMB,11,17,28,0.39
nbMD,1,0,1,1.0
nbMH,0,1,1,0.0
nbMK,0,0,0,
nbML,9,5,14,0.64
nbMM,14,10,24,0.58
nbMN,16,20,36,0.44
nbMP,16,12,28,0.57
nbMS,11,10,21,0.52
nbMb,20,25,45,0.44
nbMh,17,18,35,0.49
nbMj,5,8,13,0.38
nbMl,7,6,13,0.54
nbMm,16,12,28,0.57
nbMn,25,26,51,0.49
nbMs,5,10,15,0.33
nbMt,3,3,6,0.5
nbNB,18,12,30,0.6
nbND,2,0,2,1.0
nbNH,1,3,4,0.25
nbNK,0,1,1,0.0
nbNL,7,8,15,0.47
nbNM,20,23,43,0.47
nbNN,27,29,56,0.48
nbNP,25,36,61,0.41
nbNS,19,18,37,0.51
nbNb,22,24,46,0.48
nbNh,8,12,20,0.4
nbNl,10,8,18,0.56
nbNm,27,13,40,0.68
nbNn,33,30,63,0.52
nbNs,8,10,18,0.44
nbNt,6,1,7,0.86
nbPB,8,17,25,0.32
nbPD,1,0,1,1.0
nbPH,7,6,13,0.54
nbPI,1,2,3,0.33
nbPK,1,2,3,0.33
nbPL,10,11,21,0.48
nbPM,26,16,42,0.62
nbPN,21,19,40,0.52
nbPP,30,27,57,0.53
nbPS,8,18,26,0.31
nbPb,22,20,42,0.52
nbPh,3,4,7,0.43
nbPl,14,11,25,0.56
nbPm,21,7,28,0.75
nbPn,19,27,46,0.41
nbPs,5,16,21,0.24
nbPt,3,2,5,0.6
nbSB,3,8,11,0.27
nbSH,2,5,7,0.29
nbSL,5,3,8,0.62
nbSM,8,10,18,0.44
nbSN,5,10,15,0.33
nbSP,16,15,31,0.52
nbSS,7,6,13,0.54
nbSb,7,10,17,0.41
nbSh,7,6,13,0.54
nbSl,5,3,8,0.62
nbSm,13,2,15,0.87
nbSn,13,7,20,0.65
nbSs,8,6,14,0.57
nbbB,14,22,36,0.39
nbbD,2,1,3,0.67
nbbH,6,6,12,0.5
nbbI,2,0,2,1.0
nbbJ,3,2,5,0.6
nbbK,0,1,1,0.0
nbbL,6,3,9,0.67
nbbM,22,13,35,0.63
nbbN,22,19,41,0.54
nbbP,20,24,44,0.45
nbbS,11,10,21,0.52
nbbb,28,20,48,0.58
nbbl,10,6,16,0.62
nbbm,9,9,18,0.5
nbbn,21,19,40,0.52
nbbs,6,9,15,0.4
nbhh,0,0,0,
nblB,4,7,11,0.36
nblH,3,4,7,0.43
nblI,0,2,2,0.0
nblJ,1,3,4,0.25
nblK,1,2,3,0.33
nblL,3,2,5,0.6
nblM,3,10,13,0.23
nblN,8,13,21,0.38
nblP,11,14,25,0.44
nblS,3,4,7,0.43
nblb,11,7,18,0.61
nbll,4,2,6,0.67
nblm,5,4,9,0.56
nbln,10,4,14,0.71
nbls,6,2,8,0.75
nbmB,14,13,27,0.52
nbmH,6,13,19,0.32
nbmI,1,0,1,1.0
nbmJ,2,2,4,0.5
nbmK,1,0,1,1.0
nbmL,3,4,7,0.43
nbmM,9,9,18,0.5
nbmN,13,8,21,0.62
nbmP,13,15,28,0.46
nbmS,5,10,15,0.33
nbmb,12,10,22,0.55
nbml,6,1,7,0.86
nbmm,6,3,9,0.67
nbmn,9,10,19,0.47
nbms,6,3,9,0.67
nbmt,1,0,1,1.0
nbnB,17,14,31,0.55
nbnD,2,4,6,0.33
nbnH,4,9,13,0.31
nbnI,2,1,3,0.67
nbnK,1,1,2,0.5
nbnL,9,3,12,0.75
nbnM,18,24,42,0.43
nbnN,24,23,47,0.51
nbnP,35,33,68,0.51
nbnS,14,15,29,0.48
nbnb,15,25,40,0.38
nbnh,1,2,3,0.33
nbnl,9,7,16,0.56
nbnm,10,6,16,0.62
nbnn,25,21,46,0.54
nbns,13,7,20,0.65
nbsB,4,5,9,0.44
nbsD,0,1,1,0.0
nbsH,8,8,16,0.5
nbsI,3,0,3,1.0
nbsL,1,2,3,0.33
nbsM,6,16,22,0.27
nbsN,12,9,21,0.57
nbsP,11,8,19,0.58
nbsS,3,2,5,0.6
nbsb,8,8,16,0.5
nbsh,0,1,1,0.0
nbsl,5,3,8,0.62
nbsm,6,6,12,0.5
nbsn,6,2,8,0.75
nbss,3,3,6,0.5
nbtB,0,1,1,0.0
nhBM,0,0,0,
nhBN,2,1,3,0.67
nhBP,3,2,5,0.6
nhBl,1,0,1,1.0
nhBm,1,0,1,1.0
nhHP,1,1,2,0.5
nhHS,1,1,2,0.5
nhHb,1,0,1,1.0
nhHn,0,1,1,0.0
nhLB,1,0,1,1.0
nhLM,1,1,2,0.5
nhLN,0,2,2,0.0
nhLP,1,0,1,1.0
nhLS,0,0,0,
nhLb,1,1,2,0.5
nhLn,0,0,0,
nhML,1,0,1,1.0
nhMM,1,2,3,0.33
nhMN,1,0,1,1.0
nhMP,0,3,3,0.0
nhMS,0,0,0,
nhMb,0,1,1,0.0
nhMh,2,1,3,0.67
nhMj,1,0,1,1.0
nhMm,1,1,2,0.5
nhMn,0,1,1,0.0
nhMs,0,1,1,0.0
nhNB,0,1,1,0.0
nhNM,2,1,3,0.67
nhNN,2,1,3,0.67
nhNP,1,0,1,1.0
nhNb,2,2,4,0.5
nhNl,0,1,1,0.0
nhNm,1,0,1,1.0
nhNt,0,1,1,0.0
nhPB,1,0,1,1.0
nhPH,0,0,0,
nhPL,2,2,4,0.5
nhPM,1,1,2,0.5
nhPN,1,2,3,0.33
nhPP,2,0,2,1.0
nhPS,0,1,1,0.0
nhPb,1,0,1,1.0
nhPl,0,2,2,0.0
nhPm,3,1,4,0.75
nhPs,1,1,2,0.5
nhSB,0,0,0,
nhSK,1,0,1,1.0
nhSM,0,1,1,0.0
nhSN,0,1,1,0.0
nhSP,1,0,1,1.0
nhSS,1,0,1,1.0
nhSb,0,0,0,
nhSh,0,1,1,0.0
nhSs,0,1,1,0.0
nhbB,1,1,2,0.5
nhbJ,0,1,1,0.0
nhbL,0,2,2,0.0
nhbM,1,0,1,1.0
nhbN,1,1,2,0.5
nhbP,3,1,4,0.75
nhbS,1,0,1,1.0
nhbb,0,2,2,0.0
nhbl,0,0,0,
nhbn,1,1,2,0.5
nhbs,0,1,1,0.0
nhhB,0,1,1,0.0
nhhN,0,1,1,0.0
nhhP,2,1,3,0.67
nhhS,1,1,2,0.5
nhhh,1,0,1,1.0
nhhl,0,1,1,0.0
nhhm,1,0,1,1.0
nhhn,0,2,2,0.0
nhhs,1,0,1,1.0
nhlH,0,1,1,0.0
nhlJ,0,1,1,0.0
nhlL,0,1,1,0.0
nhlM,1,0,1,1.0
nhlN,0,1,1,0.0
nhlS,1,0,1,1.0
nhlb,2,0,2,1.0
nhll,0,0,0,
nhlm,0,1,1,0.0
nhln,0,1,1,0.0
nhmB,1,0,1,1.0
nhmL,1,0,1,1.0
nhmM,0,1,1,0.0
nhmP,1,2,3,0.33
nhml,1,0,1,1.0
nhmm,0,1,1,0.0
nhmn,2,0,2,1.0
nhms,0,2,2,0.0
nhnD,1,0,1,1.0
nhnH,1,0,1,1.0
nhnM,2,2,4,0.5
nhnN,1,3,4,0.25
nhnP,0,1,1,0.0
nhnS,0,1,1,0.0
nhnb,0,1,1,0.0
nhnl,1,0,1,1.0
nhnm,1,0,1,1.0
nhnn,1,1,2,0.5
nhns,0,2,2,0.0
nhsP,1,1,2,0.5
nhsb,1,2,3,0.33
nhss,1,1,2,0.5
nhtN,1,0,1,1.0
nlBB,1,3,4,0.25
nlBL,2,4,6,0.33
nlBM,6,4,10,0.6
nlBN,8,7,15,0.53
nlBP,9,5,14,0.64
nlBS,2,1,3,0.67
nlBb,11,3,14,0.79
nlBh,1,1,2,0.5
nlBj,2,1,3,0.67
nlBl,5,1,6,0.83
nlBm,9,5,14,0.64
nlBn,7,6,13,0.54
nlBs,4,2,6,0.67
nlBt,0,1,1,0.0
nlDB,0,1,1,0.0
nlDN,1,0,1,1.0
nlDP,1,1,2,0.5
nlDb,0,1,1,0.0
nlDn,0,0,0,
nlDs,1,2,3,0.33
nlHB,1,3,4,0.25
nlHD,1,1,2,0.5
nlHH,1,0,1,1.0
nlHK,1,0,1,1.0
nlHL,3,5,8,0.38
nlHM,4,6,10,0.4
nlHN,6,4,10,0.6
nlHP,12,5,17,0.71
nlHS,5,5,10,0.5
nlHb,1,5,6,0.17
nlHh,2,1,3,0.67
nlHl,3,4,7,0.43
nlHm,3,6,9,0.33
nlHn,6,7,13,0.46
nlHs,5,1,6,0.83
nlHt,0,0,0,
nlIB,1,0,1,1.0
nlIS,1,0,1,1.0
nlIl,1,0,1,1.0
nlJB,0,1,1,0.0
nlJH,1,1,2,0.5
nlJL,1,1,2,0.5
nlJM,0,3,3,0.0
nlJN,2,5,7,0.29
nlJP,5,2,7,0.71
nlJS,0,0,0,
nlJb,0,1,1,0.0
nlJl,2,2,4,0.5
nlJm,2,2,4,0.5
nlJn,3,4,7,0.43
nlJs,0,1,1,0.0
nlKP,0,1,1,0.0
nlKb,1,0,1,1.0
nlKl,1,0,1,1.0
nlKm,0,1,1,0.0
nlLB,1,0,1,1.0
nlLM,4,3,7,0.57
nlLN,4,2,6,0.67
nlLP,4,3,7,0.57
nlLS,2,0,2,1.0
nlLb,3,4,7,0.43
nlLh,2,1,3,0.67
nlLj,1,2,3,0.33
nlLl,1,0,1,1.0
nlLm,5,1,6,0.83
nlLn,9,5,14,0.64
nlLs,2,2,4,0.5
nlLt,0,2,2,0.0
nlMB,4,3,7,0.57
nlML,5,2,7,0.71
nlMM,5,5,10,0.5
nlMN,5,5,10,0.5
nlMP,3,13,16,0.19
nlMS,4,7,11,0.36
nlMb,10,9,19,0.53
nlMh,4,5,9,0.44
nlMj,3,2,5,0.6
nlMl,3,4,7,0.43
nlMm,3,1,4,0.75
nlMn,4,10,14,0.29
nlMs,4,2,6,0.67
nlMt,0,1,1,0.0
nlNB,7,2,9,0.78
nlNH,1,3,4,0.25
nlNK,1,0,1,1.0
nlNL,2,3,5,0.4
nlNM,10,7,17,0.59
nlNN,15,6,21,0.71
nlNP,20,11,31,0.65
nlNS,6,6,12,0.5
nlNb,7,7,14,0.5
nlNh,4,1,5,0.8
nlNl,5,1,6,0.83
nlNm,9,4,13,0.69
nlNn,10,15,25,0.4
nlNs,3,3,6,0.5
nlNt,2,2,4,0.5
nlPB,6,9,15,0.4
nlPD,0,1,1,0.0
nlPH,3,5,8,0.38
nlPI,1,0,1,1.0
nlPK,1,1,2,0.5
nlPL,2,9,11,0.18
nlPM,8,11,19,0.42
nlPN,11,3,14,0.79
nlPP,19,16,35,0.54
nlPS,6,11,17,0.35
nlPb,10,13,23,0.43
nlPh,2,2,4,0.5
nlPl,3,7,10,0.3
nlPm,9,5,14,0.64
nlPn,12,5,17,0.71
nlPs,7,3,10,0.7
nlPt,0,1,1,0.0
nlSB,2,4,6,0.33
nlSH,2,0,2,1.0
nlSL,3,3,6,0.5
nlSM,8,4,12,0.67
nlSN,5,6,11,0.45
nlSP,6,10,16,0.38
nlSS,2,3,5,0.4
nlSb,3,7,10,0.3
nlSh,4,4,8,0.5
nlSl,2,3,5,0.4
nlSm,5,5,10,0.5
nlSn,5,4,9,0.56
nlSs,4,5,9,0.44
nlSt,1,1,2,0.5
nlbB,8,10,18,0.44
nlbD,0,0,0,
nlbH,4,0,4,1.0
nlbJ,2,3,5,0.4
nlbK,0,1,1,0.0
nlbL,4,0,4,1.0
nlbM,4,8,12,0.33
nlbN,9,9,18,0.5
nlbP,11,13,24,0.46
nlbS,5,6,11,0.45
nlbb,9,15,24,0.38
nlbl,8,1,9,0.89
nlbm,8,1,9,0.89
nlbn,8,2,10,0.8
nlbs,3,5,8,0.38
nllB,0,2,2,0.0
nllD,1,0,1,1.0
nllH,2,5,7,0.29
nllJ,1,0,1,1.0
nllK,0,3,3,0.0
nllL,0,1,1,0.0
nllM,4,2,6,0.67
nllN,3,5,8,0.38
nllP,2,9,11,0.18
nllS,2,3,5,0.4
nllb,4,2,6,0.67
nlll,1,1,2,0.5
nllm,2,5,7,0.29
nlln,4,1,5,0.8
nlls,2,1,3,0.67
nlmB,2,5,7,0.29
nlmD,1,0,1,1.0
nlmH,2,4,6,0.33
nlmJ,1,0,1,1.0
nlmL,1,2,3,0.33
nlmM,3,2,5,0.6
nlmN,7,6,13,0.54
nlmP,6,5,11,0.55
nlmS,0,4,4,0.0
nlmb,2,2,4,0.5
nlml,0,1,1,0.0
nlmm,3,2,5,0.6
nlmn,4,3,7,0.57
nlms,3,1,4,0.75
nlnB,3,5,8,0.38
nlnD,1,0,1,1.0
nlnH,3,1,4,0.75
nlnK,1,1,2,0.5
nlnL,5,1,6,0.83
nlnM,8,10,18,0.44
nlnN,7,13,20,0.35
nlnP,9,13,22,0.41
nlnS,3,7,10,0.3
nlnb,2,2,4,0.5
nlnl,2,1,3,0.67
nlnm,6,3,9,0.67
nlnn,7,7,14,0.5
nlns,3,2,5,0.6
nlsB,4,4,8,0.5
nlsH,1,7,8,0.12
nlsI,1,0,1,1.0
nlsL,2,2,4,0.5
nlsM,2,2,4,0.5
nlsN,7,3,10,0.7
nlsP,5,7,12,0.42
nlsS,4,2,6,0.67
nlsb,4,5,9,0.44
nlsl,8,3,11,0.73
nlsm,2,1,3,0.67
nlsn,6,3,9,0.67
nlss,1,2,3,0.33
nmBB,1,6,7,0.14
nmBH,0,1,1,0.0
nmBK,1,0,1,1.0
nmBL,2,4,6,0.33
nmBM,6,7,13,0.46
nmBN,9,10,19,0.47
nmBP,11,10,21,0.52
nmBS,6,7,13,0.46
nmBb,6,5,11,0.55
nmBh,1,5,6,0.17
nmBj,3,1,4,0.75
nmBl,1,2,3,0.33
nmBm,8,6,14,0.57
nmBn,15,9,24,0.62
nmBs,8,3,11,0.73
nmBt,2,2,4,0.5
nmDB,1,1,2,0.5
nmDH,1,1,2,0.5
nmDL,0,2,2,0.0
nmDM,0,2,2,0.0
nmDN,1,0,1,1.0
nmDP,0,3,3,0.0
nmDS,1,3,4,0.25
nmDb,2,2,4,0.5
nmDl,1,1,2,0.5
nmDm,0,1,1,0.0
nmDn,4,1,5,0.8
nmDs,1,0,1,1.0
nmHB,7,1,8,0.88
nmHD,1,1,2,0.5
nmHH,1,1,2,0.5
nmHI,0,3,3,0.0
nmHK,0,1,1,0.0
nmHL,2,2,4,0.5
nmHM,9,10,19,0.47
nmHN,6,11,17,0.35
nmHP,8,20,28,0.29
nmHS,8,7,15,0.53
nmHb,8,5,13,0.62
nmHh,4,3,7,0.57
nmHl,3,6,9,0.33
nmHm,8,4,12,0.67
nmHn,15,9,24,0.62
nmHs,7,5,12,0.58
nmIM,0,1,1,0.0
nmIP,3,0,3,1.0
nmIS,0,2,2,0.0
nmIb,1,1,2,0.5
nmIm,0,1,1,0.0
nmIn,2,1,3,0.67
nmJB,1,2,3,0.33
nmJH,0,1,1,0.0
nmJL,3,0,3,1.0
nmJM,2,4,6,0.33
nmJN,1,2,3,0.33
nmJP,1,6,7,0.14
nmJS,2,1,3,0.67
nmJb,5,1,6,0.83
nmJh,1,0,1,1.0
nmJl,0,2,2,0.0
nmJm,5,1,6,0.83
nmJn,1,2,3,0.33
nmJs,2,1,3,0.67
nmJt,1,0,1,1.0
nmKB,2,0,2,1.0
nmKM,0,1,1,0.0
nmKn,0,1,1,0.0
nmLB,3,1,4,0.75
nmLL,3,1,4,0.75
nmLM,7,4,11,0.64
nmLN,4,4,8,0.5
nmLP,2,7,9,0.22
nmLS,3,1,4,0.75
nmLb,3,2,5,0.6
nmLh,1,2,3,0.33
nmLj,1,1,2,0.5
nmLl,1,2,3,0.33
nmLm,2,0,2,1.0
nmLn,3,3,6,0.5
nmLs,4,2,6,0.67
nmLt,1,1,2,0.5
nmMB,5,9,14,0.36
nmMD,0,0,0,
nmMK,1,0,1,1.0
nmML,3,2,5,0.6
nmMM,8,11,19,0.42
nmMN,19,17,36,0.53
nmMP,15,14,29,0.52
nmMS,10,9,19,0.53
nmMb,13,8,21,0.62
nmMh,10,16,26,0.38
nmMj,5,3,8,0.62
nmMl,8,6,14,0.57
nmMm,9,6,15,0.6
nmMn,19,21,40,0.48
nmMs,6,4,10,0.6
nmMt,1,2,3,0.33
nmNB,8,7,15,0.53
nmND,1,0,1,1.0
nmNH,3,2,5,0.6
nmNK,3,3,6,0.5
nmNL,3,5,8,0.38
nmNM,11,10,21,0.52
nmNN,20,18,38,0.53
nmNP,38,30,68,0.56
nmNS,7,7,14,0.5
nmNb,21,8,29,0.72
nmNh,2,3,5,0.4
nmNl,4,5,9,0.44
nmNm,9,8,17,0.53
nmNn,27,25,52,0.52
nmNs,9,6,15,0.6
nmNt,5,2,7,0.71
nmPB,12,8,20,0.6
nmPD,0,2,2,0.0
nmPH,4,6,10,0.4
nmPI,3,0,3,1.0
nmPK,2,0,2,1.0
nmPL,4,4,8,0.5
nmPM,21,20,41,0.51
nmPN,12,21,33,0.36
nmPP,26,25,51,0.51
nmPS,13,11,24,0.54
nmPb,20,13,33,0.61
nmPh,1,4,5,0.2
nmPl,7,7,14,0.5
nmPm,6,11,17,0.35
nmPn,21,11,32,0.66
nmPs,7,11,18,0.39
nmPt,3,4,7,0.43
nmSB,2,2,4,0.5
nmSH,3,4,7,0.43
nmSL,0,3,3,0.0
nmSM,7,4,11,0.64
nmSN,7,6,13,0.54
nmSP,15,5,20,0.75
nmSS,7,3,10,0.7
nmSb,8,5,13,0.62
nmSh,2,4,6,0.33
nmSl,4,0,4,1.0
nmSm,5,3,8,0.62
nmSn,7,10,17,0.41
nmSs,5,3,8,0.62
nmSt,3,1,4,0.75
nmbB,16,8,24,0.67
nmbD,1,2,3,0.33
nmbH,3,0,3,1.0
nmbI,2,1,3,0.67
nmbJ,0,4,4,0.0
nmbL,6,5,11,0.55
nmbM,22,8,30,0.73
nmbN,10,9,19,0.53
nmbP,13,9,22,0.59
nmbS,3,3,6,0.5
nmbb,17,12,29,0.59
nmbl,4,5,9,0.44
nmbm,9,3,12,0.75
nmbn,15,10,25,0.6
nmbs,1,3,4,0.25
nmlB,7,3,10,0.7
nmlH,1,3,4,0.25
nmlI,1,0,1,1.0
nmlJ,1,1,2,0.5
nmlL,3,1,4,0.75
nmlM,2,3,5,0.4
nmlN,7,2,9,0.78
nmlP,10,4,14,0.71
nmlS,5,2,7,0.71
nmlb,5,3,8,0.62
nmll,3,0,3,1.0
nmlm,1,1,2,0.5
nmln,3,3,6,0.5
nmls,3,0,3,1.0
nmmB,7,5,12,0.58
nmmH,4,3,7,0.57
nmmJ,0,1,1,0.0
nmmK,0,0,0,
nmmL,2,0,2,1.0
nmmM,9,6,15,0.6
nmmN,4,9,13,0.31
nmmP,10,13,23,0.43
nmmS,3,5,8,0.38
nmmb,4,8,12,0.33
nmml,3,1,4,0.75
nmmm,6,4,10,0.6
nmmn,9,11,20,0.45
nmms,4,2,6,0.67
nmnB,9,10,19,0.47
nmnH,7,5,12,0.58
nmnI,1,0,1,1.0
nmnL,4,7,11,0.36
nmnM,14,15,29,0.48
nmnN,16,18,34,0.47
nmnP,21,19,40,0.52
nmnS,6,11,17,0.35
nmnb,11,15,26,0.42
nmnh,0,0,0,
nmnl,2,1,3,0.67
nmnm,7,7,14,0.5
nmnn,14,12,26,0.54
nmns,4,8,12,0.33
nmsB,2,1,3,0.67
nmsH,1,5,6,0.17
nmsK,1,0,1,1.0
nmsL,1,1,2,0.5
nmsM,5,4,9,0.56
nmsN,8,5,13,0.62
nmsP,7,4,11,0.64
nmsS,4,4,8,0.5
nmsb,9,2,11,0.82
nmsl,2,1,3,0.67
nmsm,3,2,5,0.6
nmsn,7,2,9,0.78
nmss,7,5,12,0.58
nnBB,4,9,13,0.31
nnBD,1,1,2,0.5
nnBK,2,0,2,1.0
nnBL,4,1,5,0.8
nnBM,9,11,20,0.45
nnBN,14,14,28,0.5
nnBP,11,15,26,0.42
nnBS,10,4,14,0.71
nnBb,10,11,21,0.48
nnBh,5,3,8,0.62
nnBj,3,4,7,0.43
nnBl,4,7,11,0.36
nnBm,6,8,14,0.43
nnBn,16,14,30,0.53
nnBs,3,9,12,0.25
nnBt,3,3,6,0.5
nnDB,0,1,1,0.0
nnDH,3,0,3,1.0
nnDM,1,2,3,0.33
nnDN,1,0,1,1.0
nnDP,2,2,4,0.5
nnDS,3,1,4,0.75
nnDb,1,3,4,0.25
nnDh,0,1,1,0.0
nnDl,0,1,1,0.0
nnDm,0,2,2,0.0
nnDn,2,0,2,1.0
nnDs,4,0,4,1.0
nnDt,2,0,2,1.0
nnHB,6,5,11,0.55
nnHD,0,0,0,
nnHL,4,0,4,1.0
nnHM,12,9,21,0.57
nnHN,5,9,14,0.36
nnHP,16,7,23,0.7
nnHS,6,8,14,0.43
nnHb,7,3,10,0.7
nnHh,7,2,9,0.78
nnHl,5,4,9,0.56
nnHm,7,2,9,0.78
nnHn,12,13,25,0.48
nnHs,4,8,12,0.33
nnHt,0,1,1,0.0
nnIB,0,1,1,0.0
nnIH,1,4,5,0.2
nnIL,1,0,1,1.0
nnIM,5,2,7,0.71
nnIN,3,2,5,0.6
nnIP,6,4,10,0.6
nnIS,2,0,2,1.0
nnIb,1,0,1,1.0
nnIl,1,0,1,1.0
nnIm,0,2,2,0.0
nnIn,2,0,2,1.0
nnIs,0,1,1,0.0
nnIt,1,0,1,1.0
nnKB,1,1,2,0.5
nnKD,0,1,1,0.0
nnKH,0,2,2,0.0
nnKM,3,1,4,0.75
nnKN,1,3,4,0.25
nnKP,3,2,5,0.6
nnKS,0,4,4,0.0
nnKb,2,2,4,0.5
nnKh,2,3,5,0.4
nnKl,0,2,2,0.0
nnKm,5,1,6,0.83
nnKn,4,2,6,0.67
nnKs,1,0,1,1.0
nnKt,0,0,0,
nnLB,7,4,11,0.64
nnLD,0,0,0,
nnLK,0,1,1,0.0
nnLL,5,4,9,0.56
nnLM,2,7,9,0.22
nnLN,5,8,13,0.38
nnLP,3,9,12,0.25
nnLS,0,1,1,0.0
nnLb,2,10,12,0.17
nnLh,3,6,9,0.33
nnLj,6,4,10,0.6
nnLl,5,4,9,0.56
nnLm,6,4,10,0.6
nnLn,12,7,19,0.63
nnLs,0,3,3,0.0
nnMB,14,10,24,0.58
nnMD,3,1,4,0.75
nnMH,0,1,1,0.0
nnML,5,5,10,0.5
nnMM,19,18,37,0.51
nnMN,18,22,40,0.45
nnMP,23,20,43,0.53
nnMS,18,11,29,0.62
nnMb,13,14,27,0.48
nnMh,11,13,24,0.46
nnMj,5,4,9,0.56
nnMl,3,9,12,0.25
nnMm,13,10,23,0.57
nnMn,28,22,50,0.56
nnMs,12,12,24,0.5
nnMt,6,2,8,0.75
nnNB,14,17,31,0.45
nnND,0,3,3,0.0
nnNH,4,4,8,0.5
nnNK,1,2,3,0.33
nnNL,9,3,12,0.75
nnNM,13,31,44,0.3
nnNN,20,27,47,0.43
nnNP,29,49,78,0.37
nnNS,19,13,32,0.59
nnNb,26,22,48,0.54
nnNh,6,22,28,0.21
nnNl,11,10,21,0.52
nnNm,22,14,36,0.61
nnNn,37,34,71,0.52
nnNs,23,16,39,0.59
nnNt,4,2,6,0.67
nnPB,32,16,48,0.67
nnPD,2,0,2,1.0
nnPH,11,9,20,0.55
nnPI,3,1,4,0.75
nnPK,3,6,9,0.33
nnPL,12,13,25,0.48
nnPM,33,35,68,0.49
nnPN,36,35,71,0.51
nnPP,54,42,96,0.56
nnPS,29,30,59,0.49
nnPb,42,22,64,0.66
nnPh,2,5,7,0.29
nnPl,19,14,33,0.58
nnPm,35,14,49,0.71
nnPn,44,45,89,0.49
nnPs,13,20,33,0.39
nnPt,5,4,9,0.56
nnSB,5,5,10,0.5
nnSD,0,0,0,
nnSH,2,7,9,0.22
nnSL,2,4,6,0.33
nnSM,9,17,26,0.35
nnSN,9,8,17,0.53
nnSP,23,16,39,0.59
nnSS,10,15,25,0.4
nnSb,10,12,22,0.45
nnSh,8,9,17,0.47
nnSl,4,9,13,0.31
nnSm,9,9,18,0.5
nnSn,19,16,35,0.54
nnSs,18,16,34,0.53
nnSt,4,0,4,1.0
nnbB,20,12,32,0.62
nnbD,1,0,1,1.0
nnbH,7,1,8,0.88
nnbI,1,1,2,0.5
nnbJ,2,2,4,0.5
nnbK,3,7,10,0.3
nnbL,7,4,11,0.64
nnbM,19,23,42,0.45
nnbN,30,32,62,0.48
nnbP,22,21,43,0.51
nnbS,8,10,18,0.44
nnbb,21,20,41,0.51
nnbl,9,9,18,0.5
nnbm,11,12,23,0.48
nnbn,16,15,31,0.52
nnbs,6,5,11,0.55
nnhB,0,1,1,0.0
nnhH,0,0,0,
nnhM,1,0,1,1.0
nnhN,1,0,1,1.0
nnhP,2,0,2,1.0
nnhS,1,0,1,1.0
nnhb,2,2,4,0.5
nnhh,1,3,4,0.25
nnhl,1,1,2,0.5
nnhm,0,3,3,0.0
nnhn,1,1,2,0.5
nnlB,8,13,21,0.38
nnlD,0,1,1,0.0
nnlH,5,6,11,0.45
nnlJ,1,3,4,0.25
nnlK,0,1,1,0.0
nnlL,3,3,6,0.5
nnlM,8,10,18,0.44
nnlN,9,8,17,0.53
nnlP,15,9,24,0.62
nnlS,3,5,8,0.38
nnlb,8,7,15,0.53
nnll,3,1,4,0.75
nnlm,6,3,9,0.67
nnln,13,5,18,0.72
nnls,5,4,9,0.56
nnmB,8,7,15,0.53
nnmD,0,3,3,0.0
nnmH,9,7,16,0.56
nnmI,1,1,2,0.5
nnmJ,1,1,2,0.5
nnmK,0,1,1,0.0
nnmL,2,2,4,0.5
nnmM,20,12,32,0.62
nnmN,21,17,38,0.55
nnmP,24,17,41,0.59
nnmS,5,8,13,0.38
nnmb,18,6,24,0.75
nnml,3,2,5,0.6
nnmm,5,6,11,0.45
nnmn,16,15,31,0.52
nnms,4,6,10,0.4
nnnB,16,12,28,0.57
nnnD,0,3,3,0.0
nnnH,3,10,13,0.23
nnnI,2,0,2,1.0
nnnK,4,1,5,0.8
nnnL,4,4,8,0.5
nnnM,27,17,44,0.61
nnnN,29,32,61,0.48
nnnP,44,50,94,0.47
nnnS,17,21,38,0.45
nnnb,21,15,36,0.58
nnnl,11,3,14,0.79
nnnm,22,15,37,0.59
nnnn,25,15,40,0.62
nnns,20,18,38,0.53
nnsB,12,4,16,0.75
nnsD,0,0,0,
nnsH,11,21,32,0.34
nnsI,1,0,1,1.0
nnsL,5,3,8,0.62
nnsM,17,14,31,0.55
nnsN,12,18,30,0.4
nnsP,12,20,32,0.38
nnsS,6,10,16,0.38
nnsb,8,7,15,0.53
nnsl,3,4,7,0.43
nnsm,9,6,15,0.6
nnsn,12,8,20,0.6
nnss,12,5,17,0.71
nntM,0,1,1,0.0
nntP,1,0,1,1.0
nsBB,5,1,6,0.83
nsBD,0,1,1,0.0
nsBK,1,2,3,0.33
nsBL,2,0,2,1.0
nsBM,7,6,13,0.54
nsBN,5,6,11,0.45
nsBP,3,2,5,0.6
nsBS,6,1,7,0.86
nsBb,3,6,9,0.33
nsBh,0,1,1,0.0
nsBj,2,2,4,0.5
nsBl,2,4,6,0.33
nsBm,3,3,6,0.5
nsBn,5,8,13,0.38
nsBs,5,1,6,0.83
nsBt,1,2,3,0.33
nsDB,3,0,3,1.0
nsDH,2,1,3,0.67
nsDL,0,1,1,0.0
nsDM,3,2,5,0.6
nsDN,1,0,1,1.0
nsDP,3,1,4,0.75
nsDS,2,1,3,0.67
nsDb,3,1,4,0.75
nsDl,0,1,1,0.0
nsDm,1,1,2,0.5
nsDn,0,1,1,0.0
nsDs,2,1,3,0.67
nsHB,5,6,11,0.45
nsHD,1,0,1,1.0
nsHH,2,0,2,1.0
nsHI,4,0,4,1.0
nsHK,0,1,1,0.0
nsHL,3,4,7,0.43
nsHM,11,14,25,0.44
nsHN,16,16,32,0.5
nsHP,10,14,24,0.42
nsHS,11,6,17,0.65
nsHb,5,12,17,0.29
nsHh,5,7,12,0.42
nsHl,6,1,7,0.86
nsHm,4,13,17,0.24
nsHn,12,14,26,0.46
nsHs,3,12,15,0.2
nsIB,1,1,2,0.5
nsIH,0,1,1,0.0
nsIL,0,2,2,0.0
nsIM,0,1,1,0.0
nsIP,1,3,4,0.25
nsIn,1,0,1,1.0
nsIs,1,0,1,1.0
nsKM,1,1,2,0.5
nsKN,0,1,1,0.0
nsKb,1,0,1,1.0
nsKh,0,1,1,0.0
nsLB,4,2,6,0.67
nsLD,0,0,0,
nsLK,0,1,1,0.0
nsLL,1,3,4,0.25
nsLM,1,3,4,0.25
nsLN,4,5,9,0.44
nsLP,3,6,9,0.33
nsLS,2,4,6,0.33
nsLb,4,3,7,0.57
nsLh,4,2,6,0.67
nsLj,1,2,3,0.33
nsLl,4,1,5,0.8
nsLm,2,4,6,0.33
nsLn,6,4,10,0.6
nsLs,3,1,4,0.75
nsLt,0,2,2,0.0
nsMB,7,11,18,0.39
nsMD,1,1,2,0.5
nsMH,1,1,2,0.5
nsML,2,2,4,0.5
nsMM,10,10,20,0.5
nsMN,14,12,26,0.54
nsMP,17,10,27,0.63
nsMS,4,5,9,0.44
nsMb,3,10,13,0.23
nsMh,10,12,22,0.45
nsMj,4,1,5,0.8
nsMl,6,8,14,0.43
nsMm,4,7,11,0.36
nsMn,13,12,25,0.52
nsMs,2,5,7,0.29
nsMt,3,2,5,0.6
nsNB,5,4,9,0.56
nsND,0,1,1,0.0
nsNH,1,3,4,0.25
nsNI,0,0,0,
nsNK,2,1,3,0.67
nsNL,6,5,11,0.55
nsNM,12,10,22,0.55
nsNN,12,11,23,0.52
nsNP,18,17,35,0.51
nsNS,10,5,15,0.67
nsNb,10,9,19,0.53
nsNh,1,2,3,0.33
nsNl,10,4,14,0.71
nsNm,5,11,16,0.31
nsNn,13,11,24,0.54
nsNs,5,2,7,0.71
nsNt,4,1,5,0.8
nsPB,9,10,19,0.47
nsPD,3,1,4,0.75
nsPH,3,4,7,0.43
nsPI,1,2,3,0.33
nsPK,1,2,3,0.33
nsPL,5,6,11,0.45
nsPM,16,12,28,0.57
nsPN,19,18,37,0.51
nsPP,16,23,39,0.41
nsPS,15,13,28,0.54
nsPb,10,22,32,0.31
nsPh,2,0,2,1.0
nsPl,10,6,16,0.62
nsPm,16,9,25,0.64
nsPn,16,19,35,0.46
nsPs,10,13,23,0.43
nsPt,1,1,2,0.5
nsSB,5,1,6,0.83
nsSD,1,0,1,1.0
nsSH,0,1,1,0.0
nsSK,0,1,1,0.0
nsSL,3,7,10,0.3
nsSM,8,15,23,0.35
nsSN,14,9,23,0.61
nsSP,12,10,22,0.55
nsSS,12,16,28,0.43
nsSb,6,8,14,0.43
nsSh,6,5,11,0.55
nsSl,2,6,8,0.25
nsSm,5,8,13,0.38
nsSn,11,11,22,0.5
nsSs,12,15,27,0.44
nsSt,1,0,1,1.0
nsbB,11,8,19,0.58
nsbD,2,0,2,1.0
nsbH,2,0,2,1.0
nsbI,1,0,1,1.0
nsbJ,2,0,2,1.0
nsbL,2,3,5,0.4
nsbM,8,12,20,0.4
nsbN,15,12,27,0.56
nsbP,13,16,29,0.45
nsbS,6,4,10,0.6
nsbb,7,8,15,0.47
nsbl,3,5,8,0.38
nsbm,11,7,18,0.61
nsbn,7,8,15,0.47
nsbs,5,5,10,0.5
nshB,1,0,1,1.0
nshM,0,1,1,0.0
nshN,0,1,1,0.0
nshP,1,0,1,1.0
nshS,1,1,2,0.5
nshb,0,0,0,
nshl,0,0,0,
nshn,0,1,1,0.0
nshs,1,1,2,0.5
nslB,2,1,3,0.67
nslD,1,1,2,0.5
nslH,1,5,6,0.17
nslJ,0,2,2,0.0
nslL,1,1,2,0.5
nslM,2,3,5,0.4
nslN,11,4,15,0.73
nslP,6,8,14,0.43
nslS,6,1,7,0.86
nslb,4,6,10,0.4
nsll,4,3,7,0.57
nslm,2,7,9,0.22
nsln,5,2,7,0.71
nsls,2,2,4,0.5
nsmB,3,6,9,0.33
nsmD,5,1,6,0.83
nsmH,4,3,7,0.57
nsmJ,1,0,1,1.0
nsmL,4,2,6,0.67
nsmM,8,9,17,0.47
nsmN,10,12,22,0.45
nsmP,8,5,13,0.62
nsmS,8,3,11,0.73
nsmb,7,4,11,0.64
nsml,3,0,3,1.0
nsmm,3,5,8,0.38
nsmn,7,7,14,0.5
nsms,5,4,9,0.56
nsnB,4,7,11,0.36
nsnD,2,1,3,0.67
nsnH,11,4,15,0.73
nsnK,1,1,2,0.5
nsnL,5,1,6,0.83
nsnM,12,11,23,0.52
nsnN,22,15,37,0.59
nsnP,15,14,29,0.52
nsnS,6,4,10,0.6
nsnb,8,12,20,0.4
nsnl,3,8,11,0.27
nsnm,5,5,10,0.5
nsnn,14,10,24,0.58
nsns,8,10,18,0.44
nssB,3,1,4,0.75
nssD,0,0,0,
nssH,10,6,16,0.62
nssI,2,0,2,1.0
nssK,2,0,2,1.0
nssL,2,2,4,0.5
nssM,11,16,27,0.41
nssN,9,8,17,0.53
nssP,5,14,19,0.26
nssS,10,7,17,0.59
nssb,9,5,14,0.64
nssl,6,0,6,1.0
nssm,10,3,13,0.77
nssn,7,10,17,0.41
nsss,8,3,11,0.73
nsst,0,1,1,0.0
ntBs,1,0,1,1.0
ntMb,1,0,1,1.0
ntNB,0,1,1,0.0
ntNM,0,1,1,0.0
ntNN,1,0,1,1.0
ntNb,1,0,1,1.0
ntPL,1,0,1,1.0
ntPn,0,1,1,0.0
ntbB,0,1,1,0.0
ntlb,1,0,1,1.0
ntmN,1,0,1,1.0
ntnP,1,0,1,1.0
ntnb,0,1,1,0.0
ntsP,0,1,1,0.0
s,1,0,1,1.0
sBBB,1,2,3,0.33
sBBL,1,0,1,1.0
sBBM,7,5,12,0.58
sBBN,3,2,5,0.6
sBBP,1,4,5,0.2
sBBS,2,2,4,0.5
sBBb,6,1,7,0.86
sBBh,1,0,1,1.0
sBBj,1,2,3,0.33
sBBl,0,3,3,0.0
sBBm,3,1,4,0.75
sBBn,6,2,8,0.75
sBBs,0,2,2,0.0
sBBt,1,0,1,1.0
sBDS,0,1,1,0.0
sBDb,0,1,1,0.0
sBDm,0,1,1,0.0
sBHN,1,0,1,1.0
sBKB,1,0,1,1.0
sBKH,0,1,1,0.0
sBKM,0,1,1,0.0
sBKN,1,0,1,1.0
sBKP,0,0,0,
sBKh,0,0,0,
sBKl,1,0,1,1.0
sBKm,0,1,1,0.0
sBKn,0,1,1,0.0
sBKs,0,0,0,
sBLB,0,2,2,0.0
sBLL,0,1,1,0.0
sBLM,1,2,3,0.33
sBLP,2,1,3,0.67
sBLS,0,1,1,0.0
sBLb,3,1,4,0.75
sBLh,3,0,3,1.0
sBLj,1,1,2,0.5
sBLl,0,1,1,0.0
sBLm,0,2,2,0.0
sBLn,3,2,5,0.6
sBLs,0,1,1,0.0
sBMB,0,5,5,0.0
sBML,1,2,3,0.33
sBMM,10,0,10,1.0
sBMN,2,5,7,0.29
sBMP,5,10,15,0.33
sBMS,3,2,5,0.6
sBMb,8,5,13,0.62
sBMh,6,1,7,0.86
sBMj,1,2,3,0.33
sBMl,4,0,4,1.0
sBMm,4,4,8,0.5
sBMn,5,5,10,0.5
sBMs,1,1,2,0.5
sBMt,0,1,1,0.0
sBNB,2,2,4,0.5
sBNK,1,0,1,1.0
sBNL,2,4,6,0.33
sBNM,5,3,8,0.62
sBNN,3,8,11,0.27
sBNP,9,7,16,0.56
sBNS,4,2,6,0.67
sBNb,2,7,9,0.22
sBNh,0,3,3,0.0
sBNl,3,2,5,0.6
sBNm,2,3,5,0.4
sBNn,8,6,14,0.57
sBNs,3,3,6,0.5
sBNt,1,0,1,1.0
sBPB,2,5,7,0.29
sBPH,0,1,1,0.0
sBPI,0,0,0,
sBPM,5,6,11,0.45
sBPN,6,4,10,0.6
sBPP,4,5,9,0.44
sBPS,2,4,6,0.33
sBPb,6,8,14,0.43
sBPh,0,2,2,0.0
sBPl,3,3,6,0.5
sBPm,3,5,8,0.38
sBPn,3,6,9,0.33
sBPs,1,4,5,0.2
sBPt,0,1,1,0.0
sBSB,1,4,5,0.2
sBSH,2,2,4,0.5
sBSL,0,0,0,
sBSM,1,4,5,0.2
sBSN,0,3,3,0.0
sBSP,4,3,7,0.57
sBSS,1,4,5,0.2
sBSb,0,1,1,0.0
sBSh,0,2,2,0.0
sBSl,2,0,2,1.0
sBSm,4,1,5,0.8
sBSn,4,2,6,0.67
sBSs,3,1,4,0.75
sBbB,4,2,6,0.67
sBbH,2,3,5,0.4
sBbI,1,0,1,1.0
sBbJ,7,2,9,0.78
sBbL,4,1,5,0.8
sBbM,2,6,8,0.25
sBbN,11,11,22,0.5
sBbP,6,4,10,0.6
sBbS,3,2,5,0.6
sBbb,0,8,8,0.0
sBbl,2,2,4,0.5
sBbm,4,1,5,0.8
sBbn,9,5,14,0.64
sBbs,2,1,3,0.67
sBhB,0,1,1,0.0
sBhM,1,1,2,0.5
sBhN,0,0,0,
sBhP,1,0,1,1.0
sBhS,0,1,1,0.0
sBhh,0,1,1,0.0
sBhm,1,0,1,1.0
sBhn,1,1,2,0.5
sBjB,3,1,4,0.75
sBjH,0,1,1,0.0
sBjI,0,0,0,
sBjL,2,0,2,1.0
sBjM,0,1,1,0.0
sBjN,0,1,1,0.0
sBjP,3,4,7,0.43
sBjS,2,2,4,0.5
sBjb,3,1,4,0.75
sBjh,0,1,1,0.0
sBjl,3,0,3,1.0
sBjm,1,1,2,0.5
sBjn,5,1,6,0.83
sBjs,1,2,3,0.33
sBjt,0,1,1,0.0
sBlB,2,0,2,1.0
sBlH,3,1,4,0.75
sBlI,1,0,1,1.0
sBlJ,1,0,1,1.0
sBlL,1,1,2,0.5
sBlM,3,1,4,0.75
sBlN,3,3,6,0.5
sBlP,5,2,7,0.71
sBlS,1,1,2,0.5
sBlb,1,2,3,0.33
sBll,1,1,2,0.5
sBlm,2,1,3,0.67
sBln,2,5,7,0.29
sBls,1,3,4,0.25
sBmB,3,3,6,0.5
sBmH,1,2,3,0.33
sBmI,0,0,0,
sBmL,3,3,6,0.5
sBmM,4,5,9,0.44
sBmN,1,2,3,0.33
sBmP,6,4,10,0.6
sBmS,4,2,6,0.67
sBmb,2,2,4,0.5
sBml,0,0,0,
sBmm,2,2,4,0.5
sBmn,4,2,6,0.67
sBms,0,1,1,0.0
sBmt,1,0,1,1.0
sBnB,3,3,6,0.5
sBnH,2,4,6,0.33
sBnI,1,2,3,0.33
sBnK,1,1,2,0.5
sBnL,0,2,2,0.0
sBnM,10,6,16,0.62
sBnN,7,11,18,0.39
sBnP,6,9,15,0.4
sBnS,3,3,6,0.5
sBnb,2,6,8,0.25
sBnl,3,2,5,0.6
sBnm,4,2,6,0.67
sBnn,6,2,8,0.75
sBns,4,2,6,0.67
sBsB,0,1,1,0.0
sBsH,0,3,3,0.0
sBsM,3,0,3,1.0
sBsN,2,3,5,0.4
sBsP,3,3,6,0.5
sBsS,1,5,6,0.17
sBsb,2,3,5,0.4
sBsl,0,1,1,0.0
sBsm,2,1,3,0.67
sBsn,2,2,4,0.5
sBss,2,1,3,0.67
sBtB,0,1,1,0.0
sBtH,0,1,1,0.0
sBtL,1,0,1,1.0
sBtN,1,1,2,0.5
sBtP,0,0,0,
sBtS,0,0,0,
sBtb,0,1,1,0.0
sBtl,1,1,2,0.5
sBtm,2,1,3,0.67
sBtn,1,1,2,0.5
sBtt,0,0,0,
sDBL,0,1,1,0.0
sDBM,1,1,2,0.5
sDBP,2,1,3,0.67
sDBS,0,1,1,0.0
sDBb,1,0,1,1.0
sDBl,0,1,1,0.0
sDBm,0,1,1,0.0
sDBn,1,0,1,1.0
sDBs,0,1,1,0.0
sDDB,0,1,1,0.0
sDDL,0,1,1,0.0
sDDS,0,0,0,
sDDn,1,0,1,1.0
sDHK,1,0,1,1.0
sDHM,0,2,2,0.0
sDHN,1,0,1,1.0
sDHS,0,1,1,0.0
sDHb,1,0,1,1.0
sDHh,1,0,1,1.0
sDHl,0,0,0,
sDHm,0,1,1,0.0
sDHn,2,1,3,0.67
sDHs,0,2,2,0.0
sDIP,0,1,1,0.0
sDKb,0,1,1,0.0
sDLM,0,0,0,
sDLP,0,0,0,
sDLS,0,1,1,0.0
sDLh,0,0,0,
sDLj,0,1,1,0.0
sDLn,0,1,1,0.0
sDLt,1,0,1,1.0
sDMB,0,1,1,0.0
sDML,0,1,1,0.0
sDMM,1,0,1,1.0
sDMN,1,1,2,0.5
sDMP,1,1,2,0.5
sDMS,2,0,2,1.0
sDMb,1,2,3,0.33
sDMh,1,0,1,1.0
sDMj,0,1,1,0.0
sDMn,4,0,4,1.0
sDMs,1,0,1,1.0
sDNH,1,0,1,1.0
sDNM,2,1,3,0.67
sDNN,1,0,1,1.0
sDNP,0,1,1,0.0
sDNS,4,0,4,1.0
sDNl,1,0,1,1.0
sDNn,0,0,0,
sDNs,0,1,1,0.0
sDPB,1,2,3,0.33
sDPD,1,0,1,1.0
sDPK,1,0,1,1.0
sDPL,1,1,2,0.5
sDPM,0,1,1,0.0
sDPN,1,0,1,1.0
sDPP,0,1,1,0.0
sDPS,0,2,2,0.0
sDPb,1,0,1,1.0
sDPl,0,1,1,0.0
sDPn,1,3,4,0.25
sDSM,0,4,4,0.0
sDSP,2,3,5,0.4
sDSS,0,0,0,
sDSb,1,0,1,1.0
sDSh,1,0,1,1.0
sDSl,0,1,1,0.0
sDSm,2,0,2,1.0
sDSn,2,1,3,0.67
sDbB,1,0,1,1.0
sDbD,1,0,1,1.0
sDbI,1,0,1,1.0
sDbM,2,5,7,0.29
sDbN,0,3,3,0.0
sDbP,1,0,1,1.0
sDbn,2,0,2,1.0
sDbs,2,0,2,1.0
sDhN,1,0,1,1.0
sDhP,0,0,0,
sDlM,1,1,2,0.5
sDlP,1,0,1,1.0
sDlb,1,0,1,1.0
sDlm,1,0,1,1.0
sDln,0,0,0,
sDls,0,1,1,0.0
sDmB,1,0,1,1.0
sDmH,0,2,2,0.0
sDmL,0,0,0,
sDmM,2,0,2,1.0
sDmP,2,0,2,1.0
sDmS,1,0,1,1.0
sDmb,2,1,3,0.67
sDml,0,1,1,0.0
sDmn,1,1,2,0.5
sDnB,0,1,1,0.0
sDnH,3,1,4,0.75
sDnN,1,1,2,0.5
sDnP,2,0,2,1.0
sDnl,0,1,1,0.0
sDns,1,0,1,1.0
sDsN,0,1,1,0.0
sDsP,1,0,1,1.0
sDsS,1,0,1,1.0
sDsb,1,0,1,1.0
sDsm,0,0,0,
sDsn,1,1,2,0.5
sDtD,1,0,1,1.0
sHBB,2,3,5,0.4
sHBL,2,1,3,0.67
sHBM,5,5,10,0.5
sHBN,4,3,7,0.57
sHBP,7,2,9,0.78
sHBS,3,3,6,0.5
sHBb,2,6,8,0.25
sHBh,1,2,3,0.33
sHBj,0,1,1,0.0
sHBl,3,2,5,0.6
sHBm,3,2,5,0.6
sHBn,4,8,12,0.33
sHBs,4,4,8,0.5
sHBt,2,0,2,1.0
sHDH,1,0,1,1.0
sHDM,1,1,2,0.5
sHDN,1,1,2,0.5
sHDP,1,1,2,0.5
sHDb,0,1,1,0.0
sHDn,0,1,1,0.0
sHHB,1,0,1,1.0
sHHH,1,1,2,0.5
sHHM,2,1,3,0.67
sHHN,2,2,4,0.5
sHHP,2,2,4,0.5
sHHS,2,3,5,0.4
sHHb,0,2,2,0.0
sHHl,0,2,2,0.0
sHHm,0,2,2,0.0
sHHn,4,1,5,0.8
sHHs,1,0,1,1.0
sHIB,1,1,2,0.5
sHIL,0,1,1,0.0
sHIM,2,0,2,1.0
sHIN,1,1,2,0.5
sHIn,2,0,2,1.0
sHIs,1,0,1,1.0
sHKB,1,0,1,1.0
sHKD,0,0,0,
sHKH,0,1,1,0.0
sHKL,1,0,1,1.0
sHKb,1,0,1,1.0
sHKh,0,1,1,0.0
sHKm,1,0,1,1.0
sHKn,2,1,3,0.67
sHLB,1,0,1,1.0
sHLD,1,0,1,1.0
sHLL,2,1,3,0.67
sHLM,2,4,6,0.33
sHLN,1,2,3,0.33
sHLP,0,2,2,0.0
sHLS,3,3,6,0.5
sHLb,4,5,9,0.44
sHLh,2,2,4,0.5
sHLl,1,1,2,0.5
sHLm,1,3,4,0.25
sHLn,2,4,6,0.33
sHLs,0,3,3,0.0
sHMB,9,10,19,0.47
sHMD,0,0,0,
sHML,1,5,6,0.17
sHMM,9,8,17,0.53
sHMN,2,3,5,0.4
sHMP,11,17,28,0.39
sHMS,2,2,4,0.5
sHMb,5,8,13,0.38
sHMh,9,8,17,0.53
sHMj,3,2,5,0.6
sHMl,8,5,13,0.62
sHMm,12,7,19,0.63
sHMn,10,12,22,0.45
sHMs,7,6,13,0.54
sHMt,0,2,2,0.0
sHNB,7,4,11,0.64
sHNH,0,2,2,0.0
sHNK,0,2,2,0.0
sHNL,3,0,3,1.0
sHNM,3,9,12,0.25
sHNN,7,8,15,0.47
sHNP,12,8,20,0.6
sHNS,4,5,9,0.44
sHNb,8,4,12,0.67
sHNh,3,4,7,0.43
sHNl,6,1,7,0.86
sHNm,7,9,16,0.44
sHNn,16,12,28,0.57
sHNs,3,4,7,0.43
sHNt,0,1,1,0.0
sHPB,9,8,17,0.53
sHPD,2,0,2,1.0
sHPH,1,2,3,0.33
sHPK,0,3,3,0.0
sHPL,3,3,6,0.5
sHPM,13,14,27,0.48
sHPN,6,5,11,0.55
sHPP,17,15,32,0.53
sHPS,7,6,13,0.54
sHPb,9,8,17,0.53
sHPh,2,1,3,0.67
sHPl,10,3,13,0.77
sHPm,12,8,20,0.6
sHPn,7,5,12,0.58
sHPs,10,8,18,0.56
sHPt,1,0,1,1.0
sHSB,2,6,8,0.25
sHSH,3,2,5,0.6
sHSL,2,1,3,0.67
sHSM,4,7,11,0.36
sHSN,12,5,17,0.71
sHSP,6,8,14,0.43
sHSS,1,6,7,0.14
sHSb,10,3,13,0.77
sHSh,5,4,9,0.56
sHSl,1,7,8,0.12
sHSm,7,3,10,0.7
sHSn,8,7,15,0.53
sHSs,3,4,7,0.43
sHbB,5,4,9,0.56
sHbH,1,1,2,0.5
sHbJ,1,2,3,0.33
sHbL,2,3,5,0.4
sHbM,5,13,18,0.28
sHbN,18,7,25,0.72
sHbP,11,8,19,0.58
sHbS,5,12,17,0.29
sHbb,14,3,17,0.82
sHbl,5,7,12,0.42
sHbm,6,5,11,0.55
sHbn,8,9,17,0.47
sHbs,7,2,9,0.78
sHhB,2,1,3,0.67
sHhH,2,3,5,0.4
sHhI,0,1,1,0.0
sHhL,1,2,3,0.33
sHhM,3,6,9,0.33
sHhN,6,5,11,0.55
sHhP,5,8,13,0.38
sHhS,4,5,9,0.44
sHhb,4,7,11,0.36
sHhh,3,4,7,0.43
sHhl,4,1,5,0.8
sHhm,3,5,8,0.38
sHhn,7,2,9,0.78
sHhs,7,4,11,0.64
sHlB,3,3,6,0.5
sHlD,1,0,1,1.0
sHlH,1,3,4,0.25
sHlJ,1,1,2,0.5
sHlL,0,1,1,0.0
sHlM,10,6,16,0.62
sHlN,5,4,9,0.56
sHlP,5,6,11,0.45
sHlS,2,3,5,0.4
sHlb,6,6,12,0.5
sHll,2,2,4,0.5
sHlm,6,6,12,0.5
sHln,0,3,3,0.0
sHls,4,2,6,0.67
sHmB,3,5,8,0.38
sHmH,1,5,6,0.17
sHmI,0,1,1,0.0
sHmJ,1,2,3,0.33
sHmL,0,1,1,0.0
sHmM,6,9,15,0.4
sHmN,7,7,14,0.5
sHmP,6,6,12,0.5
sHmS,5,4,9,0.56
sHmb,12,6,18,0.67
sHml,5,5,10,0.5
sHmm,2,4,6,0.33
sHmn,6,9,15,0.4
sHms,4,2,6,0.67
sHnB,2,4,6,0.33
sHnH,6,1,7,0.86
sHnI,3,1,4,0.75
sHnK,1,1,2,0.5
sHnL,7,5,12,0.58
sHnM,12,13,25,0.48
sHnN,10,15,25,0.4
sHnP,10,18,28,0.36
sHnS,6,7,13,0.46
sHnb,11,9,20,0.55
sHnh,1,0,1,1.0
sHnl,4,4,8,0.5
sHnm,6,9,15,0.4
sHnn,9,7,16,0.56
sHns,4,11,15,0.27
sHsB,2,3,5,0.4
sHsH,7,6,13,0.54
sHsI,0,1,1,0.0
sHsL,0,1,1,0.0
sHsM,6,7,13,0.46
sHsN,3,6,9,0.33
sHsP,12,6,18,0.67
sHsS,7,6,13,0.54
sHsb,3,9,12,0.25
sHsl,4,5,9,0.44
sHsm,2,5,7,0.29
sHsn,5,7,12,0.42
sHss,8,5,13,0.62
sHtM,1,0,1,1.0
sHtP,0,0,0,
sHtS,1,0,1,1.0
sHtb,1,1,2,0.5
sHtn,0,1,1,0.0
sHts,0,1,1,0.0
sIBB,1,1,2,0.5
sIBL,1,0,1,1.0
sIBM,1,0,1,1.0
sIBN,0,0,0,
sIBP,1,3,4,0.25
sIBb,1,2,3,0.33
sIBh,0,1,1,0.0
sIBl,2,0,2,1.0
sIBn,1,0,1,1.0
sIBs,0,3,3,0.0
sIBt,1,0,1,1.0
sIDb,0,1,1,0.0
sIHB,1,0,1,1.0
sIHM,1,0,1,1.0
sIHN,0,1,1,0.0
sIHP,1,2,3,0.33
sIHS,1,1,2,0.5
sIHm,0,0,0,
sIHn,1,0,1,1.0
sILB,1,0,1,1.0
sILL,0,1,1,0.0
sILP,1,1,2,0.5
sILb,0,1,1,0.0
sILl,0,1,1,0.0
sILm,0,2,2,0.0
sILs,1,0,1,1.0
sIMB,0,1,1,0.0
sIMM,0,0,0,
sIMN,1,0,1,1.0
sIMP,4,0,4,1.0
sIMS,0,1,1,0.0
sIMb,1,1,2,0.5
sIMh,1,1,2,0.5
sIMl,1,0,1,1.0
sIMm,1,1,2,0.5
sIMn,1,1,2,0.5
sIMs,1,1,2,0.5
sINB,1,0,1,1.0
sINH,1,0,1,1.0
sINL,0,1,1,0.0
sINM,2,0,2,1.0
sINN,2,0,2,1.0
sINP,3,0,3,1.0
sINS,1,0,1,1.0
sINb,1,2,3,0.33
sINh,2,0,2,1.0
sINl,2,0,2,1.0
sINn,1,0,1,1.0
sINs,1,0,1,1.0
sIPH,0,0,0,
sIPL,1,2,3,0.33
sIPM,0,1,1,0.0
sIPP,2,1,3,0.67
sIPS,1,0,1,1.0
sIPb,1,1,2,0.5
sIPl,1,0,1,1.0
sIPm,0,1,1,0.0
sIPn,1,1,2,0.5
sIPs,1,1,2,0.5
sIPt,0,1,1,0.0
sISM,0,1,1,0.0
sISN,1,0,1,1.0
sISP,2,2,4,0.5
sISS,1,1,2,0.5
sISn,1,1,2,0.5
sISs,0,1,1,0.0
sIbJ,0,1,1,0.0
sIbM,0,1,1,0.0
sIbN,1,0,1,1.0
sIbP,2,2,4,0.5
sIbS,1,0,1,1.0
sIbb,0,1,1,0.0
sIbm,1,0,1,1.0
sIbn,2,2,4,0.5
sIlB,0,1,1,0.0
sIlJ,0,0,0,
sIlL,0,1,1,0.0
sIlM,1,0,1,1.0
sIlN,0,1,1,0.0
sIlS,1,0,1,1.0
sIll,1,0,1,1.0
sIls,0,1,1,0.0
sImB,2,2,4,0.5
sImH,0,0,0,
sImP,2,0,2,1.0
sImS,0,1,1,0.0
sImb,0,2,2,0.0
sImn,1,0,1,1.0
sInN,0,2,2,0.0
sInP,1,1,2,0.5
sInS,1,0,1,1.0
sInb,1,0,1,1.0
sInl,0,0,0,
sInm,1,1,2,0.5
sIns,1,1,2,0.5
sIsB,1,0,1,1.0
sIsN,0,1,1,0.0
sIsP,0,0,0,
sIsb,1,0,1,1.0
sIsl,0,0,0,
sIsn,1,0,1,1.0
sIss,4,1,5,0.8
sKBm,1,1,2,0.5
sKBn,1,0,1,1.0
sKBs,1,0,1,1.0
sKDl,1,0,1,1.0
sKKS,1,0,1,1.0
sKLS,0,0,0,
sKLb,0,0,0,
sKLj,0,1,1,0.0
sKMM,0,2,2,0.0
sKMS,1,0,1,1.0
sKMl,1,1,2,0.5
sKMm,1,0,1,1.0
sKMn,1,2,3,0.33
sKND,0,1,1,0.0
sKNN,0,1,1,0.0
sKNP,1,0,1,1.0
sKNn,0,1,1,0.0
sKNs,1,0,1,1.0
sKPB,0,1,1,0.0
sKPM,1,0,1,1.0
sKPP,2,2,4,0.5
sKPS,0,1,1,0.0
sKPb,0,1,1,0.0
sKPl,1,0,1,1.0
sKPm,1,0,1,1.0
sKSB,1,0,1,1.0
sKSL,0,1,1,0.0
sKSP,1,0,1,1.0
sKSS,0,1,1,0.0
sKSh,0,0,0,
sKSn,0,1,1,0.0
sKbM,0,2,2,0.0
sKbN,0,0,0,
sKbP,2,0,2,1.0
sKbb,1,0,1,1.0
sKbl,1,0,1,1.0
sKhB,1,0,1,1.0
sKhM,0,1,1,0.0
sKhN,1,0,1,1.0
sKhS,0,1,1,0.0
sKhb,0,0,0,
sKhh,1,0,1,1.0
sKhl,1,0,1,1.0
sKhm,1,0,1,1.0
sKhn,0,2,2,0.0
sKlM,0,1,1,0.0
sKlP,0,2,2,0.0
sKlm,0,1,1,0.0
sKls,1,0,1,1.0
sKmB,1,0,1,1.0
sKmH,1,1,2,0.5
sKmL,0,1,1,0.0
sKmP,0,1,1,0.0
sKmn,0,1,1,0.0
sKnM,1,0,1,1.0
sKnN,1,0,1,1.0
sKnP,1,0,1,1.0
sKnS,0,1,1,0.0
sKnb,2,1,3,0.67
sKns,1,0,1,1.0
sKsB,0,1,1,0.0
sKsH,0,0,0,
sKsL,0,2,2,0.0
sKsP,0,2,2,0.0
sKsn,0,0,0,
sLBB,2,2,4,0.5
sLBM,2,2,4,0.5
sLBN,2,2,4,0.5
sLBP,4,1,5,0.8
sLBS,1,2,3,0.33
sLBb,3,2,5,0.6
sLBh,0,1,1,0.0
sLBj,1,1,2,0.5
sLBl,0,1,1,0.0
sLBn,1,3,4,0.25
sLBs,0,0,0,
sLBt,1,0,1,1.0
sLDP,0,1,1,0.0
sLDm,2,0,2,1.0
sLDn,0,0,0,
sLHm,1,0,1,1.0
sLKb,2,0,2,1.0
sLKl,0,1,1,0.0
sLKn,0,0,0,
sLKs,1,0,1,1.0
sLLB,2,1,3,0.67
sLLL,1,1,2,0.5
sLLM,0,2,2,0.0
sLLN,2,0,2,1.0
sLLP,0,2,2,0.0
sLLb,4,2,6,0.67
sLLh,2,0,2,1.0
sLLj,1,0,1,1.0
sLLl,1,0,1,1.0
sLLm,0,3,3,0.0
sLLn,3,0,3,1.0
sLLs,1,1,2,0.5
sLMB,3,0,3,1.0
sLMD,0,1,1,0.0
sLML,0,1,1,0.0
sLMM,0,2,2,0.0
sLMN,2,4,6,0.33
sLMP,4,3,7,0.57
sLMS,2,1,3,0.67
sLMb,3,3,6,0.5
sLMh,0,0,0,
sLMl,2,1,3,0.67
sLMm,4,0,4,1.0
sLMn,3,5,8,0.38
sLMs,1,1,2,0.5
sLMt,1,0,1,1.0
sLNB,4,2,6,0.67
sLND,1,0,1,1.0
sLNL,1,2,3,0.33
sLNM,1,5,6,0.17
sLNN,0,0,0,
sLNP,6,6,12,0.5
sLNS,2,4,6,0.33
sLNb,2,2,4,0.5
sLNh,3,0,3,1.0
sLNl,0,2,2,0.0
sLNm,4,2,6,0.67
sLNn,6,2,8,0.75
sLNs,1,1,2,0.5
sLNt,1,1,2,0.5
sLPB,1,1,2,0.5
sLPH,1,1,2,0.5
sLPL,4,2,6,0.67
sLPM,4,9,13,0.31
sLPN,4,4,8,0.5
sLPP,6,10,16,0.38
sLPS,2,2,4,0.5
sLPb,6,1,7,0.86
sLPh,1,0,1,1.0
sLPl,4,1,5,0.8
sLPm,5,2,7,0.71
sLPn,4,4,8,0.5
sLPs,4,3,7,0.57
sLPt,1,0,1,1.0
sLSH,0,1,1,0.0
sLSK,1,0,1,1.0
sLSL,1,0,1,1.0
sLSM,2,1,3,0.67
sLSN,3,1,4,0.75
sLSP,3,5,8,0.38
sLSS,2,2,4,0.5
sLSb,2,5,7,0.29
sLSh,1,1,2,0.5
sLSl,0,1,1,0.0
sLSm,2,0,2,1.0
sLSn,3,2,5,0.6
sLSs,1,0,1,1.0
sLbB,3,5,8,0.38
sLbD,0,1,1,0.0
sLbH,0,1,1,0.0
sLbJ,0,1,1,0.0
sLbK,0,1,1,0.0
sLbL,1,0,1,1.0
sLbM,4,4,8,0.5
sLbN,3,3,6,0.5
sLbP,3,0,3,1.0
sLbS,1,1,2,0.5
sLbb,3,4,7,0.43
sLbm,3,1,4,0.75
sLbn,5,4,9,0.56
sLbs,0,1,1,0.0
sLhB,1,2,3,0.33
sLhL,1,1,2,0.5
sLhM,1,1,2,0.5
sLhN,2,3,5,0.4
sLhP,3,1,4,0.75
sLhS,2,0,2,1.0
sLhb,0,2,2,0.0
sLhh,2,1,3,0.67
sLhl,3,2,5,0.6
sLhm,1,0,1,1.0
sLhn,3,0,3,1.0
sLhs,0,2,2,0.0
sLht,0,0,0,
sLjM,1,1,2,0.5
sLjN,1,2,3,0.33
sLjS,0,2,2,0.0
sLjb,1,4,5,0.2
sLjh,1,0,1,1.0
sLjm,2,1,3,0.67
sLjn,2,0,2,1.0
sLjs,0,3,3,0.0
sLlB,2,1,3,0.67
sLlD,1,1,2,0.5
sLlH,1,1,2,0.5
sLlM,2,2,4,0.5
sLlN,4,3,7,0.57
sLlP,3,1,4,0.75
sLlS,2,4,6,0.33
sLlb,3,0,3,1.0
sLll,1,1,2,0.5
sLlm,5,2,7,0.71
sLln,1,0,1,1.0
sLls,1,2,3,0.33
sLmB,2,3,5,0.4
sLmD,0,1,1,0.0
sLmH,2,1,3,0.67
sLmJ,1,0,1,1.0
sLmL,2,4,6,0.33
sLmM,1,2,3,0.33
sLmN,1,4,5,0.2
sLmP,2,1,3,0.67
sLmS,1,0,1,1.0
sLmb,2,1,3,0.67
sLml,1,1,2,0.5
sLmm,2,1,3,0.67
sLmn,2,3,5,0.4
sLms,2,2,4,0.5
sLnB,4,1,5,0.8
sLnH,1,4,5,0.2
sLnI,0,1,1,0.0
sLnK,1,0,1,1.0
sLnL,1,2,3,0.33
sLnM,4,5,9,0.44
sLnN,6,6,12,0.5
sLnP,2,7,9,0.22
sLnS,1,0,1,1.0
sLnb,3,1,4,0.75
sLnl,3,0,3,1.0
sLnm,3,3,6,0.5
sLnn,7,5,12,0.58
sLns,3,2,5,0.6
sLsB,1,0,1,1.0
sLsD,0,0,0,
sLsH,6,2,8,0.75
sLsK,0,1,1,0.0
sLsL,0,0,0,
sLsM,1,1,2,0.5
sLsN,1,4,5,0.2
sLsP,3,2,5,0.6
sLsS,0,0,0,
sLsb,2,1,3,0.67
sLsl,0,1,1,0.0
sLsm,1,1,2,0.5
sLsn,1,4,5,0.2
sLss,3,2,5,0.6
sLtH,1,1,2,0.5
sLtM,0,2,2,0.0
sLtN,0,0,0,
sLtP,1,0,1,1.0
sLtb,0,1,1,0.0
sLtl,0,0,0,
sLtm,0,1,1,0.0
sLtn,0,1,1,0.0
sLts,1,0,1,1.0
sM,0,1,1,0.0
sMBB,4,4,8,0.5
sMBL,2,1,3,0.67
sMBM,5,6,11,0.45
sMBN,4,7,11,0.36
sMBP,5,11,16,0.31
sMBS,1,3,4,0.25
sMBb,5,13,18,0.28
sMBh,2,0,2,1.0
sMBj,3,2,5,0.6
sMBl,2,3,5,0.4
sMBm,4,2,6,0.67
sMBn,7,5,12,0.58
sMBs,2,2,4,0.5
sMBt,1,0,1,1.0
sMDM,0,1,1,0.0
sMDP,2,1,3,0.67
sMDS,0,1,1,0.0
sMDs,0,1,1,0.0
sMHN,1,0,1,1.0
sMHl,0,1,1,0.0
sMKl,1,0,1,1.0
sMLB,3,1,4,0.75
sMLL,1,0,1,1.0
sMLM,4,3,7,0.57
sMLN,2,3,5,0.4
sMLP,5,3,8,0.62
sMLS,2,2,4,0.5
sMLb,3,3,6,0.5
sMLh,0,2,2,0.0
sMLl,1,4,5,0.2
sMLm,1,1,2,0.5
sMLn,7,1,8,0.88
sMLs,2,1,3,0.67
sMMB,3,13,16,0.19
sMML,3,4,7,0.43
sMMM,5,6,11,0.45
sMMN,10,8,18,0.56
sMMP,7,12,19,0.37
sMMS,3,3,6,0.5
sMMb,13,12,25,0.52
sMMh,12,11,23,0.52
sMMj,4,4,8,0.5
sMMl,3,3,6,0.5
sMMm,3,8,11,0.27
sMMn,12,7,19,0.63
sMMs,8,5,13,0.62
sMMt,2,0,2,1.0
sMNB,1,0,1,1.0
sMND,1,0,1,1.0
sMNH,2,0,2,1.0
sMNK,0,2,2,0.0
sMNL,0,3,3,0.0
sMNM,6,7,13,0.46
sMNN,13,12,25,0.52
sMNP,13,16,29,0.45
sMNS,3,7,10,0.3
sMNb,3,5,8,0.38
sMNh,4,2,6,0.67
sMNl,3,2,5,0.6
sMNm,3,3,6,0.5
sMNn,11,11,22,0.5
sMNs,4,4,8,0.5
sMNt,3,1,4,0.75
sMPB,8,6,14,0.57
sMPD,0,0,0,
sMPH,4,1,5,0.8
sMPI,1,0,1,1.0
sMPK,1,0,1,1.0
sMPL,5,5,10,0.5
sMPM,11,16,27,0.41
sMPN,12,13,25,0.48
sMPP,8,17,25,0.32
sMPS,6,5,11,0.55
sMPb,10,6,16,0.62
sMPh,1,0,1,1.0
sMPl,6,6,12,0.5
sMPm,7,3,10,0.7
sMPn,7,13,20,0.35
sMPs,3,6,9,0.33
sMPt,1,0,1,1.0
sMSB,2,1,3,0.67
sMSH,1,2,3,0.33
sMSK,0,0,0,
sMSL,2,3,5,0.4
sMSM,11,9,20,0.55
sMSN,5,4,9,0.56
sMSP,7,8,15,0.47
sMSS,3,2,5,0.6
sMSb,6,4,10,0.6
sMSh,3,1,4,0.75
sMSl,2,1,3,0.67
sMSm,5,4,9,0.56
sMSn,10,7,17,0.59
sMSs,6,5,11,0.55
sMSt,1,0,1,1.0
sMb,0,1,1,0.0
sMbB,7,8,15,0.47
sMbH,1,3,4,0.25
sMbI,1,0,1,1.0
sMbJ,1,2,3,0.33
sMbK,1,0,1,1.0
sMbL,1,0,1,1.0
sMbM,6,2,8,0.75
sMbN,9,15,24,0.38
sMbP,15,15,30,0.5
sMbS,3,4,7,0.43
sMbb,12,5,17,0.71
sMbl,2,3,5,0.4
sMbm,6,5,11,0.55
sMbn,12,12,24,0.5
sMbs,12,2,14,0.86
sMhB,6,3,9,0.67
sMhH,0,2,2,0.0
sMhK,0,1,1,0.0
sMhL,0,1,1,0.0
sMhM,6,8,14,0.43
sMhN,9,6,15,0.6
sMhP,10,12,22,0.45
sMhS,10,9,19,0.53
sMhb,6,10,16,0.38
sMhh,6,1,7,0.86
sMhl,2,2,4,0.5
sMhm,3,1,4,0.75
sMhn,8,10,18,0.44
sMhs,6,6,12,0.5
sMht,0,1,1,0.0
sMjB,2,1,3,0.67
sMjI,0,0,0,
sMjM,1,2,3,0.33
sMjN,1,4,5,0.2
sMjP,3,3,6,0.5
sMjS,0,4,4,0.0
sMjb,2,3,5,0.4
sMjl,1,1,2,0.5
sMjm,2,1,3,0.67
sMjn,2,1,3,0.67
sMjs,3,1,4,0.75
sMjt,1,0,1,1.0
sMlB,1,5,6,0.17
sMlH,3,5,8,0.38
sMlI,0,0,0,
sMlJ,1,1,2,0.5
sMlK,0,1,1,0.0
sMlL,0,3,3,0.0
sMlM,6,2,8,0.75
sMlN,6,1,7,0.86
sMlP,5,3,8,0.62
sMlS,4,3,7,0.57
sMlb,5,2,7,0.71
sMll,1,2,3,0.33
sMlm,3,5,8,0.38
sMln,1,3,4,0.25
sMls,3,3,6,0.5
sMmB,4,6,10,0.4
sMmH,3,4,7,0.43
sMmI,1,0,1,1.0
sMmJ,1,1,2,0.5
sMmL,3,1,4,0.75
sMmM,5,3,8,0.62
sMmN,13,8,21,0.62
sMmP,9,5,14,0.64
sMmS,5,0,5,1.0
sMmb,4,8,12,0.33
sMml,4,2,6,0.67
sMmm,3,4,7,0.43
sMmn,7,7,14,0.5
sMms,4,5,9,0.44
sMnB,8,8,16,0.5
sMnD,1,3,4,0.25
sMnH,8,8,16,0.5
sMnI,1,3,4,0.25
sMnK,1,3,4,0.25
sMnL,2,1,3,0.67
sMnM,11,13,24,0.46
sMnN,16,17,33,0.48
sMnP,14,20,34,0.41
sMnS,8,13,21,0.38
sMnb,13,10,23,0.57
sMnh,1,0,1,1.0
sMnl,5,3,8,0.62
sMnm,13,6,19,0.68
sMnn,14,16,30,0.47
sMns,14,4,18,0.78
sMsB,3,3,6,0.5
sMsH,4,4,8,0.5
sMsI,1,1,2,0.5
sMsK,1,1,2,0.5
sMsL,0,3,3,0.0
sMsM,4,5,9,0.44
sMsN,3,5,8,0.38
sMsP,7,5,12,0.58
sMsS,2,2,4,0.5
sMsb,3,4,7,0.43
sMsh,0,0,0,
sMsl,2,2,4,0.5
sMsm,2,1,3,0.67
sMsn,10,2,12,0.83
sMss,3,0,3,1.0
sMtB,1,0,1,1.0
sMtH,0,1,1,0.0
sMtK,0,1,1,0.0
sMtL,2,1,3,0.67
sMtM,1,2,3,0.33
sMtN,1,2,3,0.33
sMtP,1,1,2,0.5
sMtS,1,1,2,0.5
sMtb,1,0,1,1.0
sMtl,0,1,1,0.0
sMtm,2,1,3,0.67
sMtn,1,2,3,0.33
sMts,0,0,0,
sNBB,4,3,7,0.57
sNBL,2,2,4,0.5
sNBM,7,2,9,0.78
sNBN,3,5,8,0.38
sNBP,10,8,18,0.56
sNBS,3,2,5,0.6
sNBb,5,3,8,0.62
sNBh,1,1,2,0.5
sNBj,0,2,2,0.0
sNBl,1,3,4,0.25
sNBm,3,4,7,0.43
sNBn,9,9,18,0.5
sNBs,3,3,6,0.5
sNBt,2,1,3,0.67
sNDB,0,1,1,0.0
sNDH,0,1,1,0.0
sNDN,0,0,0,
sNDb,1,1,2,0.5
sNDm,0,1,1,0.0
sNHB,0,1,1,0.0
sNHH,1,0,1,1.0
sNHK,0,1,1,0.0
sNHL,0,0,0,
sNHM,4,1,5,0.8
sNHN,0,2,2,0.0
sNHP,3,3,6,0.5
sNHS,0,1,1,0.0
sNHb,0,1,1,0.0
sNHm,4,1,5,0.8
sNHn,2,2,4,0.5
sNHs,2,2,4,0.5
sNIN,0,1,1,0.0
sNKH,0,1,1,0.0
sNKL,0,1,1,0.0
sNKM,0,3,3,0.0
sNKN,1,1,2,0.5
sNKP,2,3,5,0.4
sNKb,1,1,2,0.5
sNKs,2,0,2,1.0
sNLB,0,1,1,0.0
sNLL,4,2,6,0.67
sNLM,2,4,6,0.33
sNLN,0,4,4,0.0
sNLP,3,5,8,0.38
sNLS,1,3,4,0.25
sNLb,6,2,8,0.75
sNLh,1,5,6,0.17
sNLj,2,2,4,0.5
sNLl,0,1,1,0.0
sNLm,3,2,5,0.6
sNLn,5,6,11,0.45
sNLs,1,2,3,0.33
sNLt,0,1,1,0.0
sNMB,4,6,10,0.4
sNMD,1,0,1,1.0
sNML,4,4,8,0.5
sNMM,10,4,14,0.71
sNMN,7,4,11,0.64
sNMP,7,5,12,0.58
sNMS,9,8,17,0.53
sNMb,11,5,16,0.69
sNMh,5,5,10,0.5
sNMj,5,2,7,0.71
sNMl,5,4,9,0.56
sNMm,7,3,10,0.7
sNMn,12,12,24,0.5
sNMs,1,3,4,0.25
sNMt,0,1,1,0.0
sNNB,6,7,13,0.46
sNND,1,0,1,1.0
sNNH,0,1,1,0.0
sNNK,0,2,2,0.0
sNNL,4,4,8,0.5
sNNM,9,8,17,0.53
sNNN,11,15,26,0.42
sNNP,22,15,37,0.59
sNNS,5,12,17,0.29
sNNb,6,8,14,0.43
sNNh,4,1,5,0.8
sNNl,7,1,8,0.88
sNNm,5,7,12,0.42
sNNn,16,9,25,0.64
sNNs,4,6,10,0.4
sNNt,4,2,6,0.67
sNPB,6,5,11,0.55
sNPD,1,1,2,0.5
sNPH,5,0,5,1.0
sNPK,1,5,6,0.17
sNPL,3,5,8,0.38
sNPM,12,19,31,0.39
sNPN,10,16,26,0.38
sNPP,18,23,41,0.44
sNPS,9,17,26,0.35
sNPb,14,12,26,0.54
sNPh,1,1,2,0.5
sNPl,8,9,17,0.47
sNPm,13,7,20,0.65
sNPn,18,15,33,0.55
sNPs,16,12,28,0.57
sNPt,1,1,2,0.5
sNSB,4,3,7,0.57
sNSH,1,5,6,0.17
sNSL,3,3,6,0.5
sNSM,8,4,12,0.67
sNSN,3,4,7,0.43
sNSP,8,8,16,0.5
sNSS,4,8,12,0.33
sNSb,3,9,12,0.25
sNSh,5,11,16,0.31
sNSl,2,5,7,0.29
sNSm,10,2,12,0.83
sNSn,8,5,13,0.62
sNSs,7,11,18,0.39
sNbB,4,10,14,0.29
sNbD,2,1,3,0.67
sNbH,3,4,7,0.43
sNbJ,0,1,1,0.0
sNbK,3,1,4,0.75
sNbL,2,5,7,0.29
sNbM,13,12,25,0.52
sNbN,16,11,27,0.59
sNbP,12,10,22,0.55
sNbS,4,1,5,0.8
sNbb,9,11,20,0.45
sNbl,3,3,6,0.5
sNbm,6,5,11,0.55
sNbn,8,4,12,0.67
sNbs,3,4,7,0.43
sNbt,1,0,1,1.0
sNhB,1,1,2,0.5
sNhM,3,2,5,0.6
sNhN,3,3,6,0.5
sNhP,7,4,11,0.64
sNhS,0,3,3,0.0
sNhb,4,3,7,0.57
sNhh,3,5,8,0.38
sNhl,4,0,4,1.0
sNhm,2,0,2,1.0
sNhn,4,6,10,0.4
sNhs,2,1,3,0.67
sNht,1,0,1,1.0
sNlB,1,2,3,0.33
sNlH,1,4,5,0.2
sNlJ,1,1,2,0.5
sNlK,1,0,1,1.0
sNlL,1,1,2,0.5
sNlM,4,2,6,0.67
sNlN,6,3,9,0.67
sNlP,7,5,12,0.58
sNlS,4,5,9,0.44
sNlb,4,3,7,0.57
sNll,1,1,2,0.5
sNlm,2,1,3,0.67
sNln,5,5,10,0.5
sNls,2,0,2,1.0
sNmB,3,5,8,0.38
sNmD,1,0,1,1.0
sNmH,5,6,11,0.45
sNmJ,0,0,0,
sNmK,0,1,1,0.0
sNmL,1,2,3,0.33
sNmM,5,3,8,0.62
sNmN,7,4,11,0.64
sNmP,8,10,18,0.44
sNmS,3,1,4,0.75
sNmb,7,3,10,0.7
sNmh,0,1,1,0.0
sNml,2,2,4,0.5
sNmm,5,0,5,1.0
sNmn,10,6,16,0.62
sNms,2,2,4,0.5
sNnB,9,7,16,0.56
sNnH,4,1,5,0.8
sNnI,1,1,2,0.5
sNnK,0,2,2,0.0
sNnL,3,1,4,0.75
sNnM,7,12,19,0.37
sNnN,14,15,29,0.48
sNnP,23,19,42,0.55
sNnS,9,11,20,0.45
sNnb,11,9,20,0.55
sNnh,1,1,2,0.5
sNnl,2,6,8,0.25
sNnm,9,5,14,0.64
sNnn,19,9,28,0.68
sNns,5,12,17,0.29
sNsB,3,2,5,0.6
sNsH,4,2,6,0.67
sNsK,0,1,1,0.0
sNsL,1,6,7,0.14
sNsM,5,9,14,0.36
sNsN,4,6,10,0.4
sNsP,6,4,10,0.6
sNsS,5,7,12,0.42
sNsb,8,6,14,0.57
sNsh,3,1,4,0.75
sNsl,3,3,6,0.5
sNsm,6,3,9,0.67
sNsn,8,7,15,0.53
sNss,3,5,8,0.38
sNtB,1,0,1,1.0
sNtH,2,0,2,1.0
sNtL,0,2,2,0.0
sNtM,1,1,2,0.5
sNtN,1,3,4,0.25
sNtS,2,2,4,0.5
sNtb,2,1,3,0.67
sNtl,1,1,2,0.5
sNtm,2,2,4,0.5
sNtn,1,2,3,0.33
sNts,1,0,1,1.0
sNtt,1,0,1,1.0
sPBB,6,4,10,0.6
sPBD,0,1,1,0.0
sPBL,3,4,7,0.43
sPBM,6,4,10,0.6
sPBN,7,5,12,0.58
sPBP,9,8,17,0.53
sPBS,3,6,9,0.33
sPBb,12,5,17,0.71
sPBh,2,0,2,1.0
sPBj,7,7,14,0.5
sPBl,6,4,10,0.6
sPBm,9,2,11,0.82
sPBn,14,14,28,0.5
sPBs,2,1,3,0.67
sPBt,0,1,1,0.0
sPDB,0,2,2,0.0
sPDH,0,1,1,0.0
sPDL,0,1,1,0.0
sPDM,1,0,1,1.0
sPDN,1,1,2,0.5
sPDP,0,2,2,0.0
sPDS,1,0,1,1.0
sPDb,0,2,2,0.0
sPDm,0,1,1,0.0
sPDs,0,1,1,0.0
sPHB,1,0,1,1.0
sPHD,0,1,1,0.0
sPHH,1,0,1,1.0
sPHI,1,0,1,1.0
sPHL,5,1,6,0.83
sPHM,5,2,7,0.71
sPHN,5,3,8,0.62
sPHP,3,6,9,0.33
sPHS,1,5,6,0.17
sPHb,5,6,11,0.45
sPHh,3,1,4,0.75
sPHl,1,2,3,0.33
sPHm,4,3,7,0.57
sPHn,6,5,11,0.55
sPHs,7,4,11,0.64
sPHt,1,0,1,1.0
sPIH,1,0,1,1.0
sPIL,2,2,4,0.5
sPIM,1,0,1,1.0
sPIN,1,1,2,0.5
sPIP,1,1,2,0.5
sPIb,0,1,1,0.0
sPIl,1,1,2,0.5
sPIm,0,1,1,0.0
sPIn,1,0,1,1.0
sPIs,0,2,2,0.0
sPKB,0,1,1,0.0
sPKM,1,2,3,0.33
sPKN,0,3,3,0.0
sPKP,2,1,3,0.67
sPKS,0,1,1,0.0
sPKb,3,2,5,0.6
sPKh,1,0,1,1.0
sPKl,1,0,1,1.0
sPKm,2,1,3,0.67
sPKn,1,2,3,0.33
sPKs,5,5,10,0.5
sPLB,6,8,14,0.43
sPLK,0,0,0,
sPLL,3,2,5,0.6
sPLM,6,4,10,0.6
sPLN,5,3,8,0.62
sPLP,3,6,9,0.33
sPLS,5,3,8,0.62
sPLb,7,4,11,0.64
sPLh,1,6,7,0.14
sPLj,2,2,4,0.5
sPLl,3,1,4,0.75
sPLm,5,3,8,0.62
sPLn,3,7,10,0.3
sPLs,3,1,4,0.75
sPLt,1,1,2,0.5
sPMB,7,7,14,0.5
sPMD,0,1,1,0.0
sPML,4,4,8,0.5
sPMM,7,12,19,0.37
sPMN,7,13,20,0.35
sPMP,11,21,32,0.34
sPMS,11,11,22,0.5
sPMb,8,13,21,0.38
sPMh,11,13,24,0.46
sPMj,7,6,13,0.54
sPMl,7,8,15,0.47
sPMm,14,4,18,0.78
sPMn,12,11,23,0.52
sPMs,5,9,14,0.36
sPMt,1,2,3,0.33
sPNB,9,7,16,0.56
sPND,1,1,2,0.5
sPNH,3,1,4,0.75
sPNK,0,2,2,0.0
sPNL,3,4,7,0.43
sPNM,6,19,25,0.24
sPNN,10,6,16,0.62
sPNP,17,23,40,0.42
sPNS,15,7,22,0.68
sPNb,7,8,15,0.47
sPNh,8,5,13,0.62
sPNl,3,9,12,0.25
sPNm,5,5,10,0.5
sPNn,21,8,29,0.72
sPNs,7,15,22,0.32
sPNt,2,1,3,0.67
sPPB,4,14,18,0.22
sPPD,1,0,1,1.0
sPPH,1,4,5,0.2
sPPI,2,0,2,1.0
sPPK,2,2,4,0.5
sPPL,12,10,22,0.55
sPPM,23,20,43,0.53
sPPN,21,15,36,0.58
sPPP,29,30,59,0.49
sPPS,20,19,39,0.51
sPPb,24,19,43,0.56
sPPh,3,2,5,0.6
sPPl,11,11,22,0.5
sPPm,16,20,36,0.44
sPPn,22,13,35,0.63
sPPs,6,11,17,0.35
sPPt,2,1,3,0.67
sPSB,7,4,11,0.64
sPSD,1,0,1,1.0
sPSH,1,4,5,0.2
sPSK,0,1,1,0.0
sPSL,4,2,6,0.67
sPSM,6,16,22,0.27
sPSN,5,8,13,0.38
sPSP,16,17,33,0.48
sPSS,5,12,17,0.29
sPSb,6,15,21,0.29
sPSh,2,13,15,0.13
sPSl,6,3,9,0.67
sPSm,9,8,17,0.53
sPSn,7,9,16,0.44
sPSs,5,10,15,0.33
sPSt,1,4,5,0.2
sPbB,11,14,25,0.44
sPbD,4,1,5,0.8
sPbH,3,4,7,0.43
sPbI,3,0,3,1.0
sPbJ,1,7,8,0.12
sPbK,0,2,2,0.0
sPbL,3,6,9,0.33
sPbM,21,12,33,0.64
sPbN,18,18,36,0.5
sPbP,18,18,36,0.5
sPbS,7,8,15,0.47
sPbb,10,13,23,0.43
sPbl,9,4,13,0.69
sPbm,8,12,20,0.4
sPbn,13,11,24,0.54
sPbs,8,10,18,0.44
sPhB,0,0,0,
sPhH,0,2,2,0.0
sPhL,0,1,1,0.0
sPhM,3,1,4,0.75
sPhN,4,0,4,1.0
sPhP,5,1,6,0.83
sPhS,1,0,1,1.0
sPhh,4,2,6,0.67
sPhl,0,1,1,0.0
sPhm,0,2,2,0.0
sPhn,3,1,4,0.75
sPhs,2,0,2,1.0
sPht,0,1,1,0.0
sPlB,8,8,16,0.5
sPlD,0,1,1,0.0
sPlH,3,3,6,0.5
sPlJ,2,3,5,0.4
sPlK,1,1,2,0.5
sPlL,3,2,5,0.6
sPlM,5,3,8,0.62
sPlN,4,8,12,0.33
sPlP,5,9,14,0.36
sPlS,6,4,10,0.6
sPlb,6,6,12,0.5
sPll,6,5,11,0.55
sPlm,5,4,9,0.56
sPln,4,9,13,0.31
sPls,5,6,11,0.45
sPmB,6,6,12,0.5
sPmH,5,1,6,0.83
sPmJ,1,3,4,0.25
sPmL,3,3,6,0.5
sPmM,15,12,27,0.56
sPmN,12,13,25,0.48
sPmP,8,10,18,0.44
sPmS,4,10,14,0.29
sPmb,18,10,28,0.64
sPml,2,4,6,0.33
sPmm,8,6,14,0.57
sPmn,8,10,18,0.44
sPms,4,5,9,0.44
sPnB,6,7,13,0.46
sPnD,3,1,4,0.75
sPnH,5,9,14,0.36
sPnI,2,1,3,0.67
sPnK,3,1,4,0.75
sPnL,3,5,8,0.38
sPnM,7,16,23,0.3
sPnN,10,12,22,0.45
sPnP,20,16,36,0.56
sPnS,9,11,20,0.45
sPnb,10,14,24,0.42
sPnh,0,1,1,0.0
sPnl,4,8,12,0.33
sPnm,16,6,22,0.73
sPnn,14,11,25,0.56
sPns,9,8,17,0.53
sPsB,3,3,6,0.5
sPsD,0,1,1,0.0
sPsH,8,7,15,0.53
sPsK,1,0,1,1.0
sPsL,4,3,7,0.57
sPsM,7,8,15,0.47
sPsN,10,4,14,0.71
sPsP,10,10,20,0.5
sPsS,3,12,15,0.2
sPsb,9,5,14,0.64
sPsh,2,1,3,0.67
sPsl,6,9,15,0.4
sPsm,6,11,17,0.35
sPsn,5,5,10,0.5
sPss,8,6,14,0.57
sPtB,1,1,2,0.5
sPtH,2,1,3,0.67
sPtL,0,1,1,0.0
sPtM,0,7,7,0.0
sPtN,1,1,2,0.5
sPtP,0,2,2,0.0
sPtS,3,1,4,0.75
sPtb,2,2,4,0.5
sPth,0,0,0,
sPtl,1,0,1,1.0
sPtm,0,4,4,0.0
sPts,0,0,0,
sSBB,5,2,7,0.71
sSBL,1,3,4,0.25
sSBM,4,4,8,0.5
sSBN,6,3,9,0.67
sSBP,9,3,12,0.75
sSBS,2,3,5,0.4
sSBb,2,5,7,0.29
sSBl,1,2,3,0.33
sSBm,3,2,5,0.6
sSBn,5,6,11,0.45
sSBs,3,2,5,0.6
sSDM,1,0,1,1.0
sSDN,0,1,1,0.0
sSDb,1,1,2,0.5
sSDl,1,0,1,1.0
sSDn,0,1,1,0.0
sSDs,0,2,2,0.0
sSHB,1,6,7,0.14
sSHH,1,0,1,1.0
sSHL,3,0,3,1.0
sSHM,4,5,9,0.44
sSHN,0,1,1,0.0
sSHP,1,2,3,0.33
sSHS,1,2,3,0.33
sSHb,5,5,10,0.5
sSHh,0,1,1,0.0
sSHl,1,2,3,0.33
sSHm,6,1,7,0.86
sSHn,1,0,1,1.0
sSHs,5,3,8,0.62
sSHt,1,2,3,0.33
sSKL,0,1,1,0.0
sSKS,0,1,1,0.0
sSKb,0,2,2,0.0
sSKh,1,0,1,1.0
sSKm,0,0,0,
sSKn,0,1,1,0.0
sSKs,2,0,2,1.0
sSLB,1,6,7,0.14
sSLK,0,0,0,
sSLL,0,2,2,0.0
sSLM,3,9,12,0.25
sSLN,4,1,5,0.8
sSLP,1,0,1,1.0
sSLS,1,1,2,0.5
sSLb,1,2,3,0.33
sSLh,0,2,2,0.0
sSLj,2,0,2,1.0
sSLl,4,2,6,0.67
sSLm,2,2,4,0.5
sSLn,7,5,12,0.58
sSLs,1,0,1,1.0
sSLt,0,1,1,0.0
sSMB,4,2,6,0.67
sSML,7,2,9,0.78
sSMM,4,4,8,0.5
sSMN,6,8,14,0.43
sSMP,12,9,21,0.57
sSMS,1,5,6,0.17
sSMb,10,9,19,0.53
sSMh,9,7,16,0.56
sSMj,1,5,6,0.17
sSMl,3,3,6,0.5
sSMm,4,5,9,0.44
sSMn,9,15,24,0.38
sSMs,3,7,10,0.3
sSMt,0,1,1,0.0
sSNB,3,2,5,0.6
sSNH,1,3,4,0.25
sSNK,0,2,2,0.0
sSNL,3,0,3,1.0
sSNM,6,3,9,0.67
sSNN,8,9,17,0.47
sSNP,10,8,18,0.56
sSNS,7,10,17,0.41
sSNb,6,7,13,0.46
sSNh,3,7,10,0.3
sSNl,6,5,11,0.55
sSNm,6,8,14,0.43
sSNn,6,10,16,0.38
sSNs,4,0,4,1.0
sSNt,1,0,1,1.0
sSPB,9,3,12,0.75
sSPD,0,1,1,0.0
sSPH,1,1,2,0.5
sSPK,1,5,6,0.17
sSPL,2,3,5,0.4
sSPM,10,10,20,0.5
sSPN,5,10,15,0.33
sSPP,23,20,43,0.53
sSPS,9,5,14,0.64
sSPb,6,9,15,0.4
sSPh,0,3,3,0.0
sSPl,5,6,11,0.45
sSPm,12,8,20,0.6
sSPn,11,17,28,0.39
sSPs,7,11,18,0.39
sSPt,3,1,4,0.75
sSSB,4,3,7,0.57
sSSD,1,1,2,0.5
sSSH,2,5,7,0.29
sSSK,1,0,1,1.0
sSSL,4,3,7,0.57
sSSM,3,10,13,0.23
sSSN,6,5,11,0.55
sSSP,13,11,24,0.54
sSSS,12,9,21,0.57
sSSb,12,12,24,0.5
sSSh,4,5,9,0.44
sSSl,6,7,13,0.46
sSSm,3,1,4,0.75
sSSn,7,6,13,0.54
sSSs,8,10,18,0.44
sSSt,1,3,4,0.25
sSbB,3,3,6,0.5
sSbH,2,2,4,0.5
sSbI,2,0,2,1.0
sSbJ,2,3,5,0.4
sSbK,0,1,1,0.0
sSbL,3,1,4,0.75
sSbM,7,5,12,0.58
sSbN,9,8,17,0.53
sSbP,9,8,17,0.53
sSbS,7,3,10,0.7
sSbb,10,11,21,0.48
sSbl,3,3,6,0.5
sSbm,4,3,7,0.57
sSbn,5,7,12,0.42
sSbs,2,3,5,0.4
sShB,4,2,6,0.67
sShD,0,1,1,0.0
sShH,0,0,0,
sShL,2,3,5,0.4
sShM,3,4,7,0.43
sShN,3,6,9,0.33
sShP,9,13,22,0.41
sShS,6,9,15,0.4
sShb,8,5,13,0.62
sShh,5,5,10,0.5
sShl,1,3,4,0.25
sShm,3,7,10,0.3
sShn,10,4,14,0.71
sShs,8,7,15,0.53
sSht,2,2,4,0.5
sSlB,1,3,4,0.25
sSlH,4,1,5,0.8
sSlJ,2,0,2,1.0
sSlK,2,2,4,0.5
sSlL,2,1,3,0.67
sSlM,3,4,7,0.43
sSlN,5,2,7,0.71
sSlP,3,2,5,0.6
sSlS,7,4,11,0.64
sSlb,5,1,6,0.83
sSll,2,3,5,0.4
sSlm,7,6,13,0.54
sSln,3,3,6,0.5
sSls,3,1,4,0.75
sSmB,5,1,6,0.83
sSmD,0,1,1,0.0
sSmH,5,4,9,0.56
sSmI,1,2,3,0.33
sSmJ,1,0,1,1.0
sSmL,3,2,5,0.6
sSmM,6,7,13,0.46
sSmN,7,4,11,0.64
sSmP,4,6,10,0.4
sSmS,5,3,8,0.62
sSmb,7,6,13,0.54
sSml,1,4,5,0.2
sSmm,5,1,6,0.83
sSmn,6,3,9,0.67
sSms,1,0,1,1.0
sSnB,3,4,7,0.43
sSnH,3,6,9,0.33
sSnI,0,1,1,0.0
sSnK,0,0,0,
sSnL,10,6,16,0.62
sSnM,11,5,16,0.69
sSnN,10,12,22,0.45
sSnP,16,11,27,0.59
sSnS,11,12,23,0.48
sSnb,7,14,21,0.33
sSnl,3,8,11,0.27
sSnm,8,5,13,0.62
sSnn,14,20,34,0.41
sSns,7,6,13,0.54
sSsB,4,3,7,0.57
sSsD,1,0,1,1.0
sSsH,12,10,22,0.55
sSsI,0,1,1,0.0
sSsK,1,1,2,0.5
sSsL,1,0,1,1.0
sSsM,14,11,25,0.56
sSsN,4,7,11,0.36
sSsP,9,10,19,0.47
sSsS,13,17,30,0.43
sSsb,4,8,12,0.33
sSsh,1,1,2,0.5
sSsl,5,7,12,0.42
sSsm,10,3,13,0.77
sSsn,3,7,10,0.3
sSss,20,11,31,0.65
sStB,1,0,1,1.0
sStK,2,0,2,1.0
sStM,1,1,2,0.5
sStN,2,1,3,0.67
sStP,1,4,5,0.2
sStS,2,1,3,0.67
sStl,1,0,1,1.0
sStm,2,0,2,1.0
sStn,1,1,2,0.5
sSts,2,1,3,0.67
sbBB,6,9,15,0.4
sbBK,0,1,1,0.0
sbBL,2,2,4,0.5
sbBM,6,9,15,0.4
sbBN,6,2,8,0.75
sbBP,6,8,14,0.43
sbBS,1,4,5,0.2
sbBb,5,9,14,0.36
sbBj,3,2,5,0.6
sbBl,3,4,7,0.43
sbBm,4,3,7,0.57
sbBn,8,7,15,0.53
sbBs,2,3,5,0.4
sbDB,0,1,1,0.0
sbDH,1,0,1,1.0
sbDM,1,0,1,1.0
sbDN,2,2,4,0.5
sbDS,0,1,1,0.0
sbDm,0,0,0,
sbDn,0,1,1,0.0
sbHB,2,3,5,0.4
sbHH,1,0,1,1.0
sbHL,1,3,4,0.25
sbHM,3,1,4,0.75
sbHN,4,2,6,0.67
sbHP,4,3,7,0.57
sbHS,0,1,1,0.0
sbHb,3,2,5,0.6
sbHh,1,0,1,1.0
sbHl,1,0,1,1.0
sbHm,1,1,2,0.5
sbHn,3,3,6,0.5
sbHs,1,0,1,1.0
sbIB,0,1,1,0.0
sbIH,1,1,2,0.5
sbIM,1,0,1,1.0
sbIN,1,0,1,1.0
sbIP,0,2,2,0.0
sbIb,0,1,1,0.0
sbIm,0,1,1,0.0
sbIn,0,1,1,0.0
sbIt,1,0,1,1.0
sbJB,1,1,2,0.5
sbJI,0,1,1,0.0
sbJM,5,3,8,0.62
sbJN,0,3,3,0.0
sbJP,3,2,5,0.6
sbJS,2,3,5,0.4
sbJb,1,3,4,0.25
sbJl,2,0,2,1.0
sbJm,0,1,1,0.0
sbJn,2,1,3,0.67
sbJs,1,0,1,1.0
sbJt,1,0,1,1.0
sbKB,2,1,3,0.67
sbKM,0,2,2,0.0
sbKN,1,1,2,0.5
sbKP,3,3,6,0.5
sbKS,0,0,0,
sbKb,1,2,3,0.33
sbKh,0,2,2,0.0
sbKm,0,2,2,0.0
sbKn,0,0,0,
sbLB,2,5,7,0.29
sbLK,1,0,1,1.0
sbLL,2,1,3,0.67
sbLM,3,4,7,0.43
sbLN,3,1,4,0.75
sbLP,3,8,11,0.27
sbLS,4,3,7,0.57
sbLb,4,5,9,0.44
sbLh,2,1,3,0.67
sbLj,1,0,1,1.0
sbLl,1,1,2,0.5
sbLm,2,2,4,0.5
sbLn,2,4,6,0.33
sbLs,5,1,6,0.83
sbMB,8,11,19,0.42
sbML,5,1,6,0.83
sbMM,9,14,23,0.39
sbMN,14,9,23,0.61
sbMP,9,5,14,0.64
sbMS,6,8,14,0.43
sbMb,9,8,17,0.53
sbMh,9,5,14,0.64
sbMj,0,1,1,0.0
sbMl,2,4,6,0.33
sbMm,6,2,8,0.75
sbMn,7,18,25,0.28
sbMs,6,3,9,0.67
sbMt,3,1,4,0.75
sbNB,4,3,7,0.57
sbND,1,1,2,0.5
sbNH,1,0,1,1.0
sbNL,3,3,6,0.5
sbNM,8,13,21,0.38
sbNN,12,9,21,0.57
sbNP,16,11,27,0.59
sbNS,9,5,14,0.64
sbNb,13,11,24,0.54
sbNh,4,5,9,0.44
sbNl,2,6,8,0.25
sbNm,8,11,19,0.42
sbNn,8,9,17,0.47
sbNs,7,3,10,0.7
sbNt,3,2,5,0.6
sbPB,6,10,16,0.38
sbPH,2,1,3,0.67
sbPI,1,0,1,1.0
sbPK,2,3,5,0.4
sbPL,4,2,6,0.67
sbPM,12,8,20,0.6
sbPN,9,9,18,0.5
sbPP,14,11,25,0.56
sbPS,12,11,23,0.52
sbPb,12,14,26,0.46
sbPh,1,0,1,1.0
sbPl,6,4,10,0.6
sbPm,10,3,13,0.77
sbPn,10,9,19,0.53
sbPs,7,5,12,0.58
sbPt,1,3,4,0.25
sbSB,5,3,8,0.62
sbSH,0,1,1,0.0
sbSL,1,3,4,0.25
sbSM,3,7,10,0.3
sbSN,2,3,5,0.4
sbSP,10,7,17,0.59
sbSS,3,2,5,0.6
sbSb,7,3,10,0.7
sbSh,4,8,12,0.33
sbSl,1,3,4,0.25
sbSm,2,3,5,0.4
sbSn,4,7,11,0.36
sbSs,3,1,4,0.75
sbSt,0,2,2,0.0
sbbB,8,9,17,0.47
sbbD,0,1,1,0.0
sbbH,3,2,5,0.6
sbbI,0,1,1,0.0
sbbJ,4,3,7,0.57
sbbK,1,1,2,0.5
sbbL,6,2,8,0.75
sbbM,16,8,24,0.67
sbbN,12,13,25,0.48
sbbP,8,12,20,0.4
sbbS,12,4,16,0.75
sbbb,19,11,30,0.63
sbbl,4,4,8,0.5
sbbm,5,8,13,0.38
sbbn,6,8,14,0.43
sbbs,3,2,5,0.6
sblB,2,2,4,0.5
sblH,5,2,7,0.71
sblJ,1,1,2,0.5
sblL,1,1,2,0.5
sblM,4,5,9,0.44
sblN,3,6,9,0.33
sblP,5,3,8,0.62
sblS,1,2,3,0.33
sblb,5,6,11,0.45
sbll,2,0,2,1.0
sblm,3,3,6,0.5
sbln,4,6,10,0.4
sbls,4,1,5,0.8
sbmB,6,4,10,0.6
sbmD,1,0,1,1.0
sbmH,2,2,4,0.5
sbmI,1,0,1,1.0
sbmJ,3,0,3,1.0
sbmK,0,1,1,0.0
sbmL,0,1,1,0.0
sbmM,8,7,15,0.53
sbmN,5,12,17,0.29
sbmP,11,5,16,0.69
sbmS,4,8,12,0.33
sbmb,8,5,13,0.62
sbml,2,2,4,0.5
sbmm,1,3,4,0.25
sbmn,8,5,13,0.62
sbms,1,4,5,0.2
sbnB,9,1,10,0.9
sbnD,1,3,4,0.25
sbnH,2,3,5,0.4
sbnK,0,2,2,0.0
sbnL,5,3,8,0.62
sbnM,5,10,15,0.33
sbnN,9,14,23,0.39
sbnP,16,15,31,0.52
sbnS,3,6,9,0.33
sbnb,12,9,21,0.57
sbnh,1,1,2,0.5
sbnl,3,3,6,0.5
sbnm,5,6,11,0.45
sbnn,6,12,18,0.33
sbns,5,4,9,0.56
sbsB,0,3,3,0.0
sbsD,1,0,1,1.0
sbsH,3,2,5,0.6
sbsI,1,0,1,1.0
sbsK,1,0,1,1.0
sbsL,1,1,2,0.5
sbsM,3,7,10,0.3
sbsN,1,3,4,0.25
sbsP,2,8,10,0.2
sbsS,4,6,10,0.4
sbsb,4,8,12,0.33
sbsh,1,0,1,1.0
sbsl,3,1,4,0.75
sbsm,3,2,5,0.6
sbsn,7,4,11,0.64
sbss,1,2,3,0.33
shBB,1,0,1,1.0
shBN,1,0,1,1.0
shBb,1,1,2,0.5
shBh,1,0,1,1.0
shBj,0,1,1,0.0
shBm,1,0,1,1.0
shBn,1,0,1,1.0
shBs,0,2,2,0.0
shHB,0,1,1,0.0
shKl,0,0,0,
shLP,0,2,2,0.0
shLb,0,1,1,0.0
shLm,0,1,1,0.0
shML,1,0,1,1.0
shMM,0,1,1,0.0
shMh,1,1,2,0.5
shMj,0,1,1,0.0
shMl,2,0,2,1.0
shMm,0,1,1,0.0
shMn,1,0,1,1.0
shMs,0,0,0,
shNB,1,0,1,1.0
shNb,1,0,1,1.0
shNm,1,0,1,1.0
shNn,0,1,1,0.0
shNs,0,1,1,0.0
shPB,1,0,1,1.0
shPH,1,0,1,1.0
shPL,1,0,1,1.0
shPM,2,1,3,0.67
shPN,1,1,2,0.5
shPP,0,1,1,0.0
shPS,1,2,3,0.33
shPb,2,0,2,1.0
shPn,0,1,1,0.0
shPs,1,0,1,1.0
shPt,0,1,1,0.0
shSB,1,1,2,0.5
shSH,1,0,1,1.0
shSM,0,1,1,0.0
shSP,1,1,2,0.5
shSn,1,0,1,1.0
shSs,1,1,2,0.5
shbH,1,0,1,1.0
shbL,1,0,1,1.0
shbM,0,0,0,
shbN,2,0,2,1.0
shbP,1,0,1,1.0
shbS,1,0,1,1.0
shbb,0,3,3,0.0
shbl,0,1,1,0.0
shbn,0,1,1,0.0
shbs,0,1,1,0.0
shhB,2,0,2,1.0
shhL,1,0,1,1.0
shhM,0,0,0,
shhS,0,1,1,0.0
shhb,1,1,2,0.5
shhh,1,0,1,1.0
shhm,0,1,1,0.0
shhs,1,0,1,1.0
shlJ,1,0,1,1.0
shlM,0,1,1,0.0
shlP,0,1,1,0.0
shlS,1,0,1,1.0
shmN,0,2,2,0.0
shmS,0,1,1,0.0
shmb,0,1,1,0.0
shmm,1,1,2,0.5
shmn,1,0,1,1.0
shnH,2,1,3,0.67
shnS,0,1,1,0.0
shnb,1,0,1,1.0
shnm,1,1,2,0.5
shnn,0,1,1,0.0
shns,1,0,1,1.0
shsB,0,1,1,0.0
shsN,0,2,2,0.0
shsP,0,0,0,
shsS,0,1,1,0.0
shsb,2,2,4,0.5
shsm,0,0,0,
shss,1,0,1,1.0
shtl,0,1,1,0.0
slBB,0,1,1,0.0
slBK,1,2,3,0.33
slBL,0,2,2,0.0
slBM,2,2,4,0.5
slBN,3,4,7,0.43
slBP,4,6,10,0.4
slBS,1,2,3,0.33
slBb,3,5,8,0.38
slBh,0,1,1,0.0
slBj,0,1,1,0.0
slBl,2,2,4,0.5
slBm,3,0,3,1.0
slBn,5,4,9,0.56
slBs,3,0,3,1.0
slBt,2,0,2,1.0
slDL,1,0,1,1.0
slDN,1,1,2,0.5
slDP,1,1,2,0.5
slDl,0,1,1,0.0
slHB,3,3,6,0.5
slHH,1,1,2,0.5
slHK,1,1,2,0.5
slHL,0,2,2,0.0
slHM,2,2,4,0.5
slHN,5,3,8,0.62
slHP,2,0,2,1.0
slHS,2,3,5,0.4
slHb,4,1,5,0.8
slHh,0,2,2,0.0
slHl,0,1,1,0.0
slHm,2,2,4,0.5
slHn,2,4,6,0.33
slHs,1,4,5,0.2
slIH,0,1,1,0.0
slIM,0,1,1,0.0
slIP,0,1,1,0.0
slIl,1,0,1,1.0
slIm,0,0,0,
slIn,2,0,2,1.0
slJB,1,2,3,0.33
slJL,1,0,1,1.0
slJM,1,0,1,1.0
slJP,0,0,0,
slJS,2,1,3,0.67
slJb,2,4,6,0.33
slJl,1,0,1,1.0
slJm,2,0,2,1.0
slJn,1,1,2,0.5
slJs,0,3,3,0.0
slKL,1,0,1,1.0
slKM,0,0,0,
slKN,1,0,1,1.0
slKn,1,0,1,1.0
slLB,1,1,2,0.5
slLL,0,2,2,0.0
slLM,2,0,2,1.0
slLN,1,1,2,0.5
slLP,3,2,5,0.6
slLS,0,3,3,0.0
slLb,1,1,2,0.5
slLh,0,1,1,0.0
slLl,1,1,2,0.5
slLm,1,0,1,1.0
slLn,2,1,3,0.67
slLs,1,2,3,0.33
slLt,1,0,1,1.0
slMB,6,2,8,0.75
slMD,1,0,1,1.0
slMK,0,1,1,0.0
slML,2,5,7,0.29
slMM,4,8,12,0.33
slMN,2,4,6,0.33
slMP,4,6,10,0.4
slMS,2,3,5,0.4
slMb,3,5,8,0.38
slMh,3,4,7,0.43
slMl,5,0,5,1.0
slMm,3,2,5,0.6
slMn,4,3,7,0.57
slMs,2,2,4,0.5
slMt,0,2,2,0.0
slNB,4,1,5,0.8
slNH,0,1,1,0.0
slNI,1,0,1,1.0
slNK,0,1,1,0.0
slNL,3,2,5,0.6
slNM,4,6,10,0.4
slNN,5,3,8,0.62
slNP,8,12,20,0.4
slNS,3,2,5,0.6
slNb,5,2,7,0.71
slNh,2,3,5,0.4
slNl,1,0,1,1.0
slNm,4,2,6,0.67
slNn,5,8,13,0.38
slNs,4,2,6,0.67
slNt,2,0,2,1.0
slPB,5,6,11,0.45
slPH,1,5,6,0.17
slPI,1,0,1,1.0
slPK,0,2,2,0.0
slPL,4,6,10,0.4
slPM,3,6,9,0.33
slPN,9,4,13,0.69
slPP,14,9,23,0.61
slPS,3,5,8,0.38
slPb,4,5,9,0.44
slPh,0,1,1,0.0
slPl,3,4,7,0.43
slPm,3,5,8,0.38
slPn,5,10,15,0.33
slPs,2,3,5,0.4
slSB,1,1,2,0.5
slSH,1,0,1,1.0
slSL,2,0,2,1.0
slSM,4,1,5,0.8
slSN,2,1,3,0.67
slSP,7,4,11,0.64
slSS,5,6,11,0.45
slSb,2,4,6,0.33
slSh,0,1,1,0.0
slSl,0,1,1,0.0
slSm,2,0,2,1.0
slSn,4,1,5,0.8
slSs,4,2,6,0.67
slSt,1,2,3,0.33
slbB,7,5,12,0.58
slbH,0,3,3,0.0
slbJ,1,2,3,0.33
slbK,1,0,1,1.0
slbL,3,0,3,1.0
slbM,5,4,9,0.56
slbN,5,7,12,0.42
slbP,7,8,15,0.47
slbS,2,3,5,0.4
slbb,8,5,13,0.62
slbl,1,3,4,0.25
slbm,2,2,4,0.5
slbn,5,6,11,0.45
slbs,2,4,6,0.33
sllB,1,4,5,0.2
sllD,0,1,1,0.0
sllH,0,2,2,0.0
sllJ,0,0,0,
sllK,0,0,0,
sllL,2,0,2,1.0
sllM,2,5,7,0.29
sllN,1,2,3,0.33
sllP,4,3,7,0.57
sllS,0,5,5,0.0
sllb,4,2,6,0.67
slll,1,0,1,1.0
sllm,3,4,7,0.43
slln,0,3,3,0.0
slls,1,2,3,0.33
slmB,3,0,3,1.0
slmH,1,2,3,0.33
slmI,0,1,1,0.0
slmJ,1,0,1,1.0
slmL,1,1,2,0.5
slmM,3,4,7,0.43
slmN,5,4,9,0.56
slmP,2,5,7,0.29
slmS,3,0,3,1.0
slmb,4,5,9,0.44
slml,7,1,8,0.88
slmm,2,2,4,0.5
slmn,2,2,4,0.5
slnB,5,5,10,0.5
slnH,1,1,2,0.5
slnK,0,0,0,
slnL,2,3,5,0.4
slnM,2,3,5,0.4
slnN,6,4,10,0.6
slnP,4,7,11,0.36
slnS,4,1,5,0.8
slnb,1,4,5,0.2
slnl,1,1,2,0.5
slnm,3,3,6,0.5
slnn,3,4,7,0.43
slns,2,1,3,0.67
slsB,1,0,1,1.0
slsD,0,1,1,0.0
slsH,2,3,5,0.4
slsI,0,1,1,0.0
slsL,1,0,1,1.0
slsM,1,1,2,0.5
slsN,3,2,5,0.6
slsP,8,1,9,0.89
slsS,6,3,9,0.67
slsb,1,2,3,0.33
slsl,0,2,2,0.0
slsm,4,0,4,1.0
slsn,2,2,4,0.5
slss,2,0,2,1.0
smBB,4,1,5,0.8
smBL,2,0,2,1.0
smBM,5,6,11,0.45
smBN,5,6,11,0.45
smBP,2,12,14,0.14
smBS,2,2,4,0.5
smBb,5,7,12,0.42
smBj,0,3,3,0.0
smBl,2,1,3,0.67
smBm,4,7,11,0.36
smBn,5,9,14,0.36
smBs,4,2,6,0.67
smBt,1,0,1,1.0
smDB,3,0,3,1.0
smDH,0,1,1,0.0
smDN,1,1,2,0.5
smDP,2,1,3,0.67
smDS,2,1,3,0.67
smDh,0,1,1,0.0
smDn,0,1,1,0.0
smDs,0,2,2,0.0
smHB,5,1,6,0.83
smHL,1,2,3,0.33
smHM,6,3,9,0.67
smHN,2,3,5,0.4
smHP,7,8,15,0.47
smHS,2,7,9,0.22
smHb,3,3,6,0.5
smHh,1,3,4,0.25
smHl,4,1,5,0.8
smHm,0,3,3,0.0
smHn,5,4,9,0.56
smHs,2,3,5,0.4
smHt,0,1,1,0.0
smIK,1,0,1,1.0
smIL,2,0,2,1.0
smIM,2,0,2,1.0
smIP,0,0,0,
smIb,1,0,1,1.0
smJB,1,2,3,0.33
smJH,1,0,1,1.0
smJM,1,1,2,0.5
smJP,3,2,5,0.6
smJS,1,0,1,1.0
smJb,0,1,1,0.0
smJl,1,0,1,1.0
smJm,1,1,2,0.5
smJn,2,0,2,1.0
smJs,1,0,1,1.0
smKS,0,1,1,0.0
smKb,0,0,0,
smKl,0,1,1,0.0
smKm,1,0,1,1.0
smLB,5,2,7,0.71
smLK,0,1,1,0.0
smLL,1,1,2,0.5
smLM,2,2,4,0.5
smLN,1,3,4,0.25
smLP,2,2,4,0.5
smLS,1,3,4,0.25
smLb,2,5,7,0.29
smLh,0,4,4,0.0
smLj,0,1,1,0.0
smLl,2,0,2,1.0
smLm,3,1,4,0.75
smLn,1,6,7,0.14
smLs,2,1,3,0.67
smLt,1,1,2,0.5
smMB,4,5,9,0.44
smMD,0,1,1,0.0
smML,1,2,3,0.33
smMM,7,10,17,0.41
smMN,5,8,13,0.38
smMP,5,13,18,0.28
smMS,7,7,14,0.5
smMb,7,8,15,0.47
smMh,3,11,14,0.21
smMj,2,0,2,1.0
smMl,2,4,6,0.33
smMm,1,3,4,0.25
smMn,11,7,18,0.61
smMs,0,12,12,0.0
smNB,7,3,10,0.7
smND,1,0,1,1.0
smNH,4,1,5,0.8
smNK,0,1,1,0.0
smNL,1,2,3,0.33
smNM,5,6,11,0.45
smNN,7,6,13,0.54
smNP,12,8,20,0.6
smNS,6,11,17,0.35
smNb,10,6,16,0.62
smNh,1,1,2,0.5
smNl,2,1,3,0.67
smNm,4,4,8,0.5
smNn,14,8,22,0.64
smNs,6,5,11,0.55
smNt,0,1,1,0.0
smPB,7,1,8,0.88
smPD,0,1,1,0.0
smPH,3,2,5,0.6
smPI,1,0,1,1.0
smPK,0,1,1,0.0
smPL,2,0,2,1.0
smPM,8,11,19,0.42
smPN,6,8,14,0.43
smPP,17,12,29,0.59
smPS,3,7,10,0.3
smPb,9,10,19,0.47
smPh,1,1,2,0.5
smPl,7,6,13,0.54
smPm,3,3,6,0.5
smPn,10,7,17,0.59
smPs,7,4,11,0.64
smPt,0,0,0,
smSB,2,2,4,0.5
smSH,1,1,2,0.5
smSL,3,1,4,0.75
smSM,4,7,11,0.36
smSN,6,2,8,0.75
smSP,6,10,16,0.38
smSS,2,3,5,0.4
smSb,8,6,14,0.57
smSh,4,8,12,0.33
smSl,4,3,7,0.57
smSm,2,2,4,0.5
smSn,4,8,12,0.33
smSs,3,4,7,0.43
smSt,2,1,3,0.67
smbB,4,9,13,0.31
smbH,1,1,2,0.5
smbI,0,1,1,0.0
smbJ,2,2,4,0.5
smbL,4,0,4,1.0
smbM,4,4,8,0.5
smbN,6,5,11,0.55
smbP,5,8,13,0.38
smbS,0,2,2,0.0
smbb,11,3,14,0.79
smbl,2,3,5,0.4
smbm,4,2,6,0.67
smbn,6,6,12,0.5
smbs,2,2,4,0.5
smlB,3,2,5,0.6
smlH,1,1,2,0.5
smlJ,1,1,2,0.5
smlL,0,0,0,
smlM,1,1,2,0.5
smlN,3,0,3,1.0
smlP,5,4,9,0.56
smlb,3,2,5,0.6
smll,2,1,3,0.67
smlm,4,2,6,0.67
smln,3,2,5,0.6
smls,2,1,3,0.67
smmB,3,2,5,0.6
smmD,1,0,1,1.0
smmH,3,3,6,0.5
smmJ,1,1,2,0.5
smmL,2,2,4,0.5
smmM,4,7,11,0.36
smmN,5,4,9,0.56
smmP,5,4,9,0.56
smmS,1,4,5,0.2
smmb,4,4,8,0.5
smml,1,1,2,0.5
smmm,2,6,8,0.25
smmn,4,6,10,0.4
smms,1,0,1,1.0
smnB,2,2,4,0.5
smnD,2,0,2,1.0
smnH,5,2,7,0.71
smnK,0,1,1,0.0
smnL,0,0,0,
smnM,9,4,13,0.69
smnN,8,10,18,0.44
smnP,4,12,16,0.25
smnS,5,1,6,0.83
smnb,8,6,14,0.57
smnh,2,0,2,1.0
smnl,3,5,8,0.38
smnm,3,4,7,0.43
smnn,5,3,8,0.62
smns,3,4,7,0.43
smsB,3,6,9,0.33
smsH,4,2,6,0.67
smsL,1,1,2,0.5
smsM,3,3,6,0.5
smsN,1,5,6,0.17
smsP,6,3,9,0.67
smsS,6,5,11,0.55
smsb,0,1,1,0.0
smsl,2,2,4,0.5
smsm,3,1,4,0.75
smsn,5,5,10,0.5
smss,1,1,2,0.5
snBB,2,3,5,0.4
snBD,0,0,0,
snBL,0,0,0,
snBM,2,1,3,0.67
snBN,1,1,2,0.5
snBP,6,2,8,0.75
snBS,1,1,2,0.5
snBb,5,1,6,0.83
snBh,0,0,0,
snBj,1,1,2,0.5
snBl,1,4,5,0.2
snBm,4,3,7,0.57
snBn,9,3,12,0.75
snBs,4,4,8,0.5
snBt,1,0,1,1.0
snDH,1,0,1,1.0
snDI,0,1,1,0.0
snDM,1,1,2,0.5
snDN,0,1,1,0.0
snDS,1,0,1,1.0
snDb,0,2,2,0.0
snDn,1,0,1,1.0
snHB,4,4,8,0.5
snHD,1,0,1,1.0
snHH,0,1,1,0.0
snHI,0,1,1,0.0
snHK,1,0,1,1.0
snHL,5,2,7,0.71
snHM,3,0,3,1.0
snHN,3,4,7,0.43
snHP,7,4,11,0.64
snHS,5,4,9,0.56
snHb,8,5,13,0.62
snHh,4,4,8,0.5
snHl,0,2,2,0.0
snHm,4,5,9,0.44
snHn,8,2,10,0.8
snHs,1,6,7,0.14
snHt,1,0,1,1.0
snIB,0,1,1,0.0
snIM,0,2,2,0.0
snIN,1,0,1,1.0
snIP,0,2,2,0.0
snIS,2,0,2,1.0
snIl,1,0,1,1.0
snIm,0,1,1,0.0
snIn,3,0,3,1.0
snIs,0,1,1,0.0
snKB,1,0,1,1.0
snKL,0,1,1,0.0
snKM,0,0,0,
snKN,1,0,1,1.0
snKP,2,1,3,0.67
snKS,1,1,2,0.5
snKb,0,1,1,0.0
snKh,0,0,0,
snKl,0,1,1,0.0
snKm,1,1,2,0.5
snKn,1,1,2,0.5
snKs,1,1,2,0.5
snKt,0,1,1,0.0
snLB,2,2,4,0.5
snLH,0,1,1,0.0
snLL,1,0,1,1.0
snLM,1,5,6,0.17
snLN,3,2,5,0.6
snLP,2,7,9,0.22
snLS,0,1,1,0.0
snLb,6,3,9,0.67
snLh,1,2,3,0.33
snLj,3,0,3,1.0
snLl,0,2,2,0.0
snLm,3,1,4,0.75
snLn,6,3,9,0.67
snLs,1,1,2,0.5
snLt,1,1,2,0.5
snMB,1,2,3,0.33
snML,2,2,4,0.5
snMM,5,6,11,0.45
snMN,10,3,13,0.77
snMP,13,10,23,0.57
snMS,6,7,13,0.46
snMb,11,7,18,0.61
snMh,10,4,14,0.71
snMj,5,2,7,0.71
snMl,5,3,8,0.62
snMm,10,3,13,0.77
snMn,11,19,30,0.37
snMs,4,4,8,0.5
snMt,2,4,6,0.33
snNB,6,7,13,0.46
snND,1,0,1,1.0
snNH,3,1,4,0.75
snNK,1,2,3,0.33
snNL,2,0,2,1.0
snNM,11,16,27,0.41
snNN,13,11,24,0.54
snNP,7,13,20,0.35
snNS,5,9,14,0.36
snNb,12,13,25,0.48
snNh,9,3,12,0.75
snNl,6,0,6,1.0
snNm,9,2,11,0.82
snNn,12,18,30,0.4
snNs,5,8,13,0.38
snNt,0,1,1,0.0
snPB,9,8,17,0.53
snPH,4,9,13,0.31
snPI,1,2,3,0.33
snPK,2,2,4,0.5
snPL,2,6,8,0.25
snPM,11,12,23,0.48
snPN,11,13,24,0.46
snPP,24,16,40,0.6
snPS,11,8,19,0.58
snPb,18,15,33,0.55
snPh,0,1,1,0.0
snPl,9,8,17,0.53
snPm,10,9,19,0.53
snPn,8,19,27,0.3
snPs,9,4,13,0.69
snSB,4,1,5,0.8
snSH,4,1,5,0.8
snSK,1,0,1,1.0
snSM,1,6,7,0.14
snSN,5,6,11,0.45
snSP,12,7,19,0.63
snSS,6,8,14,0.43
snSb,5,7,12,0.42
snSh,3,4,7,0.43
snSl,3,4,7,0.43
snSm,6,9,15,0.4
snSn,9,8,17,0.53
snSs,7,5,12,0.58
snSt,1,1,2,0.5
snbB,10,3,13,0.77
snbH,4,1,5,0.8
snbI,1,1,2,0.5
snbJ,0,1,1,0.0
snbL,3,4,7,0.43
snbM,7,9,16,0.44
snbN,12,11,23,0.52
snbP,9,8,17,0.53
snbS,5,6,11,0.45
snbb,14,11,25,0.56
snbl,3,0,3,1.0
snbm,7,3,10,0.7
snbn,8,9,17,0.47
snbs,5,3,8,0.62
snhL,2,0,2,1.0
snhN,0,0,0,
snhb,1,0,1,1.0
snlB,3,4,7,0.43
snlD,0,2,2,0.0
snlH,2,0,2,1.0
snlI,1,0,1,1.0
snlJ,1,1,2,0.5
snlL,0,4,4,0.0
snlM,3,4,7,0.43
snlN,2,4,6,0.33
snlP,4,3,7,0.57
snlS,5,3,8,0.62
snlb,2,3,5,0.4
snll,5,2,7,0.71
snlm,3,1,4,0.75
snln,4,0,4,1.0
snls,3,3,6,0.5
snmB,6,3,9,0.67
snmH,7,2,9,0.78
snmI,1,0,1,1.0
snmJ,2,3,5,0.4
snmK,1,0,1,1.0
snmL,4,3,7,0.57
snmM,5,4,9,0.56
snmN,9,4,13,0.69
snmP,2,6,8,0.25
snmS,4,5,9,0.44
snmb,3,6,9,0.33
snml,3,2,5,0.6
snmm,5,1,6,0.83
snmn,4,4,8,0.5
snms,3,4,7,0.43
snnB,2,4,6,0.33
snnD,1,2,3,0.33
snnH,4,5,9,0.44
snnK,0,0,0,
snnL,2,3,5,0.4
snnM,16,8,24,0.67
snnN,11,11,22,0.5
snnP,16,17,33,0.48
snnS,8,8,16,0.5
snnb,10,7,17,0.59
snnl,3,2,5,0.6
snnm,3,3,6,0.5
snnn,13,14,27,0.48
snns,7,5,12,0.58
snsB,5,1,6,0.83
snsD,1,1,2,0.5
snsH,4,2,6,0.67
snsL,3,2,5,0.6
snsM,4,2,6,0.67
snsN,11,2,13,0.85
snsP,9,8,17,0.53
snsS,6,5,11,0.55
snsb,2,7,9,0.22
snsl,3,2,5,0.6
snsm,4,1,5,0.8
snsn,3,5,8,0.38
snss,5,4,9,0.56
sntN,1,0,1,1.0
sntP,0,1,1,0.0
ssBB,2,3,5,0.4
ssBL,0,1,1,0.0
ssBM,2,3,5,0.4
ssBN,5,4,9,0.56
ssBP,3,4,7,0.43
ssBS,3,1,4,0.75
ssBb,2,4,6,0.33
ssBj,2,1,3,0.67
ssBm,2,3,5,0.4
ssBn,5,4,9,0.56
ssBs,1,0,1,1.0
ssBt,0,2,2,0.0
ssDB,0,2,2,0.0
ssDD,0,1,1,0.0
ssDH,0,2,2,0.0
ssDL,1,0,1,1.0
ssDM,1,0,1,1.0
ssDN,0,1,1,0.0
ssDS,2,1,3,0.67
ssDb,1,0,1,1.0
ssDl,0,1,1,0.0
ssDm,0,1,1,0.0
ssHB,1,3,4,0.25
ssHD,1,0,1,1.0
ssHH,0,3,3,0.0
ssHK,1,0,1,1.0
ssHL,3,1,4,0.75
ssHM,11,6,17,0.65
ssHN,6,3,9,0.67
ssHP,5,12,17,0.29
ssHS,4,7,11,0.36
ssHb,6,5,11,0.55
ssHh,6,4,10,0.6
ssHl,1,3,4,0.25
ssHm,3,3,6,0.5
ssHn,6,6,12,0.5
ssHs,7,5,12,0.58
ssHt,1,0,1,1.0
ssIB,1,0,1,1.0
ssIL,0,2,2,0.0
ssIM,2,0,2,1.0
ssIN,0,4,4,0.0
ssIP,0,0,0,
ssIS,1,0,1,1.0
ssIb,1,1,2,0.5
ssIl,0,1,1,0.0
ssIm,0,0,0,
ssIn,0,2,2,0.0
ssIs,0,0,0,
ssKM,0,2,2,0.0
ssKP,0,1,1,0.0
ssKS,2,0,2,1.0
ssKh,0,0,0,
ssKl,0,0,0,
ssKm,0,1,1,0.0
ssKs,1,0,1,1.0
ssLB,0,1,1,0.0
ssLL,1,2,3,0.33
ssLM,1,1,2,0.5
ssLN,1,2,3,0.33
ssLP,3,4,7,0.43
ssLS,1,1,2,0.5
ssLb,4,0,4,1.0
ssLh,0,0,0,
ssLj,1,1,2,0.5
ssLl,0,5,5,0.0
ssLm,1,2,3,0.33
ssLn,2,0,2,1.0
ssLs,1,0,1,1.0
ssMB,4,4,8,0.5
ssML,2,4,6,0.33
ssMM,8,7,15,0.53
ssMN,6,2,8,0.75
ssMP,9,8,17,0.53
ssMS,5,5,10,0.5
ssMb,10,6,16,0.62
ssMh,3,7,10,0.3
ssMj,2,0,2,1.0
ssMl,2,2,4,0.5
ssMm,5,4,9,0.56
ssMn,8,11,19,0.42
ssMs,2,9,11,0.18
ssMt,1,3,4,0.25
ssNB,1,3,4,0.25
ssND,0,1,1,0.0
ssNH,1,1,2,0.5
ssNL,1,2,3,0.33
ssNM,4,1,5,0.8
ssNN,9,5,14,0.64
ssNP,9,8,17,0.53
ssNS,3,4,7,0.43
ssNb,6,2,8,0.75
ssNh,1,2,3,0.33
ssNl,4,3,7,0.57
ssNm,2,2,4,0.5
ssNn,8,10,18,0.44
ssNs,4,6,10,0.4
ssNt,0,2,2,0.0
ssPB,4,3,7,0.57
ssPD,1,0,1,1.0
ssPH,2,3,5,0.4
ssPI,3,0,3,1.0
ssPK,1,3,4,0.25
ssPL,6,4,10,0.6
ssPM,7,8,15,0.47
ssPN,6,7,13,0.46
ssPP,15,8,23,0.65
ssPS,8,8,16,0.5
ssPb,20,13,33,0.61
ssPh,1,0,1,1.0
ssPl,3,6,9,0.33
ssPm,7,7,14,0.5
ssPn,7,6,13,0.54
ssPs,7,9,16,0.44
ssPt,0,2,2,0.0
ssSB,4,4,8,0.5
ssSD,1,1,2,0.5
ssSH,4,4,8,0.5
ssSK,1,0,1,1.0
ssSL,4,1,5,0.8
ssSM,3,9,12,0.25
ssSN,5,5,10,0.5
ssSP,11,13,24,0.46
ssSS,9,14,23,0.39
ssSb,2,8,10,0.2
ssSh,4,7,11,0.36
ssSl,3,4,7,0.43
ssSm,2,3,5,0.4
ssSn,9,4,13,0.69
ssSs,16,7,23,0.7
ssSt,2,2,4,0.5
ssbB,3,6,9,0.33
ssbH,3,0,3,1.0
ssbI,0,1,1,0.0
ssbJ,1,3,4,0.25
ssbK,1,2,3,0.33
ssbL,3,7,10,0.3
ssbM,6,4,10,0.6
ssbN,6,10,16,0.38
ssbP,10,3,13,0.77
ssbS,3,0,3,1.0
ssbb,8,4,12,0.67
ssbl,2,5,7,0.29
ssbm,7,5,12,0.58
ssbn,4,9,13,0.31
ssbs,4,3,7,0.57
sshM,1,2,3,0.33
sshP,2,0,2,1.0
sshh,0,2,2,0.0
sshm,1,0,1,1.0
sshs,0,1,1,0.0
sslB,5,3,8,0.62
sslD,1,0,1,1.0
sslH,1,3,4,0.25
sslJ,1,1,2,0.5
sslK,1,0,1,1.0
sslL,1,2,3,0.33
sslM,3,0,3,1.0
sslN,2,3,5,0.4
sslP,4,4,8,0.5
sslS,5,1,6,0.83
sslb,4,2,6,0.67
ssll,1,2,3,0.33
sslm,5,5,10,0.5
ssln,0,3,3,0.0
ssls,1,2,3,0.33
ssmB,3,5,8,0.38
ssmD,0,1,1,0.0
ssmH,6,2,8,0.75
ssmI,1,0,1,1.0
ssmJ,1,0,1,1.0
ssmL,1,1,2,0.5
ssmM,8,6,14,0.57
ssmN,1,6,7,0.14
ssmP,4,4,8,0.5
ssmS,4,7,11,0.36
ssmb,2,3,5,0.4
ssmm,1,2,3,0.33
ssmn,6,4,10,0.6
ssms,5,1,6,0.83
ssnB,1,2,3,0.33
ssnD,1,0,1,1.0
ssnH,2,2,4,0.5
ssnI,1,1,2,0.5
ssnK,1,0,1,1.0
ssnL,3,4,7,0.43
ssnM,2,7,9,0.22
ssnN,4,7,11,0.36
ssnP,9,11,20,0.45
ssnS,6,12,18,0.33
ssnb,4,3,7,0.57
ssnh,1,0,1,1.0
ssnl,4,5,9,0.44
ssnm,3,3,6,0.5
ssnn,5,7,12,0.42
ssns,3,3,6,0.5
sssB,2,2,4,0.5
sssD,1,0,1,1.0
sssH,3,6,9,0.33
sssI,1,1,2,0.5
sssK,1,1,2,0.5
sssL,2,2,4,0.5
sssM,3,5,8,0.38
sssN,5,6,11,0.45
sssP,3,9,12,0.25
sssS,7,4,11,0.64
sssb,7,6,13,0.54
sssh,0,1,1,0.0
sssl,3,5,8,0.38
sssm,4,1,5,0.8
sssn,9,5,14,0.64
ssss,5,6,11,0.45
sstl,1,0,1,1.0
sstm,1,0,1,1.0
stDn,0,1,1,0.0
stMM,0,0,0,
stMN,1,0,1,1.0
stNB,0,0,0,
stPB,1,0,1,1.0
stbl,1,0,1,1.0
stlP,1,0,1,1.0
stmM,1,0,1,1.0
tBBB,1,0,1,1.0
tBBL,1,0,1,1.0
tBBM,0,0,0,
tBBN,2,1,3,0.67
tBBb,1,0,1,1.0
tBBj,0,1,1,0.0
tBBl,1,0,1,1.0
tBBm,3,1,4,0.75
tBBt,1,0,1,1.0
tBDL,0,1,1,0.0
tBKs,1,0,1,1.0
tBLB,0,0,0,
tBLL,1,0,1,1.0
tBLM,2,0,2,1.0
tBLP,1,0,1,1.0
tBLl,1,0,1,1.0
tBLm,2,0,2,1.0
tBMB,1,1,2,0.5
tBMM,1,0,1,1.0
tBMN,1,0,1,1.0
tBMP,3,1,4,0.75
tBMb,1,0,1,1.0
tBMh,1,1,2,0.5
tBMl,2,2,4,0.5
tBMm,1,1,2,0.5
tBMn,1,1,2,0.5
tBMs,0,1,1,0.0
tBNM,1,1,2,0.5
tBNP,3,0,3,1.0
tBNS,0,1,1,0.0
tBNb,0,1,1,0.0
tBNh,0,1,1,0.0
tBNl,1,0,1,1.0
tBNs,1,1,2,0.5
tBPL,1,0,1,1.0
tBPM,0,1,1,0.0
tBPN,1,1,2,0.5
tBPP,1,3,4,0.25
tBPS,3,0,3,1.0
tBPb,0,1,1,0.0
tBPl,0,2,2,0.0
tBPn,0,1,1,0.0
tBSB,0,1,1,0.0
tBSH,0,1,1,0.0
tBSP,0,2,2,0.0
tBSS,2,1,3,0.67
tBSb,0,1,1,0.0
tBSm,0,0,0,
tBSn,0,1,1,0.0
tBbB,1,2,3,0.33
tBbJ,1,0,1,1.0
tBbM,2,3,5,0.4
tBbP,1,2,3,0.33
tBbS,2,0,2,1.0
tBbb,0,1,1,0.0
tBbn,1,1,2,0.5
tBbs,0,1,1,0.0
tBhn,0,1,1,0.0
tBjL,1,1,2,0.5
tBjN,0,0,0,
tBjP,1,0,1,1.0
tBjb,0,1,1,0.0
tBjt,1,0,1,1.0
tBlH,0,1,1,0.0
tBlN,1,1,2,0.5
tBln,1,0,1,1.0
tBmH,2,0,2,1.0
tBmL,0,1,1,0.0
tBmM,1,2,3,0.33
tBmP,1,0,1,1.0
tBmS,1,1,2,0.5
tBml,1,0,1,1.0
tBmn,0,2,2,0.0
tBnB,0,1,1,0.0
tBnH,2,1,3,0.67
tBnI,1,0,1,1.0
tBnM,1,2,3,0.33
tBnN,0,4,4,0.0
tBnP,1,1,2,0.5
tBnS,0,0,0,
tBnb,1,3,4,0.25
tBnl,0,2,2,0.0
tBnm,1,1,2,0.5
tBnn,1,0,1,1.0
tBns,1,1,2,0.5
tBsH,1,0,1,1.0
tBsM,2,0,2,1.0
tBsP,0,1,1,0.0
tBsb,2,0,2,1.0
tBsl,0,1,1,0.0
tBsm,1,0,1,1.0
tBss,0,2,2,0.0
tBtt,1,0,1,1.0
tDBn,1,0,1,1.0
tDHP,1,0,1,1.0
tDHn,1,0,1,1.0
tDMb,0,1,1,0.0
tDMm,1,0,1,1.0
tDMn,0,1,1,0.0
tDNb,1,0,1,1.0
tDPH,1,0,1,1.0
tDPM,1,0,1,1.0
tDPP,1,0,1,1.0
tDPS,0,0,0,
tDSN,0,0,0,
tDSh,1,0,1,1.0
tDbP,2,0,2,1.0
tDlb,0,0,0,
tDmB,0,0,0,
tDnl,1,0,1,1.0
tDsH,0,1,1,0.0
tDsM,0,1,1,0.0
tHBD,0,1,1,0.0
tHBN,1,0,1,1.0
tHBS,0,1,1,0.0
tHBb,2,0,2,1.0
tHBm,0,2,2,0.0
tHBn,1,1,2,0.5
tHDL,1,0,1,1.0
tHDP,1,0,1,1.0
tHDm,1,0,1,1.0
tHDs,0,1,1,0.0
tHHb,1,0,1,1.0
tHHh,1,0,1,1.0
tHHs,1,0,1,1.0
tHLM,0,1,1,0.0
tHLP,1,0,1,1.0
tHLS,0,1,1,0.0
tHLs,1,0,1,1.0
tHLt,0,1,1,0.0
tHMB,2,0,2,1.0
tHML,0,1,1,0.0
tHMM,1,0,1,1.0
tHMP,1,0,1,1.0
tHMS,3,1,4,0.75
tHMt,1,0,1,1.0
tHNB,1,0,1,1.0
tHND,1,0,1,1.0
tHNN,1,1,2,0.5
tHNP,0,0,0,
tHNS,0,1,1,0.0
tHNb,1,2,3,0.33
tHNm,0,1,1,0.0
tHNn,1,1,2,0.5
tHPH,1,0,1,1.0
tHPM,0,1,1,0.0
tHPN,1,0,1,1.0
tHPP,0,0,0,
tHPS,1,2,3,0.33
tHPb,0,1,1,0.0
tHPh,2,0,2,1.0
tHPl,1,0,1,1.0
tHPm,0,1,1,0.0
tHPn,4,0,4,1.0
tHPs,0,1,1,0.0
tHSB,1,0,1,1.0
tHSH,0,0,0,
tHSN,0,1,1,0.0
tHSP,0,1,1,0.0
tHSS,0,2,2,0.0
tHSb,0,2,2,0.0
tHSh,0,1,1,0.0
tHbL,0,1,1,0.0
tHbM,0,0,0,
tHbN,1,0,1,1.0
tHbP,1,0,1,1.0
tHbS,0,1,1,0.0
tHbb,0,1,1,0.0
tHbm,2,0,2,1.0
tHbn,1,1,2,0.5
tHbs,1,0,1,1.0
tHhB,1,0,1,1.0
tHhL,1,0,1,1.0
tHhN,1,0,1,1.0
tHhP,1,1,2,0.5
tHhS,0,0,0,
tHhm,1,0,1,1.0
tHhn,1,0,1,1.0
tHhs,1,1,2,0.5
tHlM,0,1,1,0.0
tHlP,0,1,1,0.0
tHlb,1,0,1,1.0
tHll,0,1,1,0.0
tHlm,0,2,2,0.0
tHmD,1,0,1,1.0
tHmH,1,0,1,1.0
tHmL,1,0,1,1.0
tHmM,1,0,1,1.0
tHmP,1,1,2,0.5
tHmn,0,1,1,0.0
tHms,0,1,1,0.0
tHnB,0,1,1,0.0
tHnH,0,1,1,0.0
tHnK,1,0,1,1.0
tHnM,1,0,1,1.0
tHnN,2,1,3,0.67
tHnP,1,2,3,0.33
tHnS,0,1,1,0.0
tHnm,0,1,1,0.0
tHnn,0,1,1,0.0
tHsL,0,1,1,0.0
tHsM,1,0,1,1.0
tHsN,0,2,2,0.0
tHsP,1,1,2,0.5
tHsS,0,1,1,0.0
tHss,0,1,1,0.0
tHtP,2,0,2,1.0
tKBB,0,0,0,
tKMD,0,1,1,0.0
tKMN,1,0,1,1.0
tKMP,1,0,1,1.0
tKMS,0,0,0,
tKMm,1,0,1,1.0
tKPB,0,1,1,0.0
tKPN,0,1,1,0.0
tKPb,1,0,1,1.0
tKPn,1,0,1,1.0
tKSN,0,1,1,0.0
tKSS,0,1,1,0.0
tKSb,1,0,1,1.0
tKSh,1,0,1,1.0
tKSn,1,1,2,0.5
tKSs,0,0,0,
tKbK,1,0,1,1.0
tKbM,0,1,1,0.0
tKbP,1,0,1,1.0
tKhB,0,0,0,
tKlM,0,1,1,0.0
tKsN,1,0,1,1.0
tLBN,0,1,1,0.0
tLBb,1,0,1,1.0
tLBl,1,0,1,1.0
tLBm,1,0,1,1.0
tLBs,0,1,1,0.0
tLDN,0,1,1,0.0
tLKN,1,0,1,1.0
tLLH,0,1,1,0.0
tLLM,1,0,1,1.0
tLLN,0,3,3,0.0
tLLb,1,0,1,1.0
tLLl,0,0,0,
tLLm,0,1,1,0.0
tLLt,0,1,1,0.0
tLMB,1,1,2,0.5
tLMM,0,1,1,0.0
tLMN,1,2,3,0.33
tLMP,0,0,0,
tLMb,0,1,1,0.0
tLMh,0,2,2,0.0
tLMj,0,1,1,0.0
tLMm,1,1,2,0.5
tLMn,2,1,3,0.67
tLNB,1,0,1,1.0
tLNK,0,1,1,0.0
tLNN,2,4,6,0.33
tLNP,0,1,1,0.0
tLNS,0,1,1,0.0
tLNh,0,1,1,0.0
tLNl,0,1,1,0.0
tLNm,1,0,1,1.0
tLNn,1,1,2,0.5
tLPM,1,1,2,0.5
tLPN,1,2,3,0.33
tLPP,0,1,1,0.0
tLPS,1,0,1,1.0
tLPm,1,0,1,1.0
tLPn,1,0,1,1.0
tLPs,2,0,2,1.0
tLSL,1,0,1,1.0
tLSP,1,0,1,1.0
tLSb,0,2,2,0.0
tLSh,1,0,1,1.0
tLSm,1,0,1,1.0
tLSs,1,0,1,1.0
tLbL,1,0,1,1.0
tLbM,1,2,3,0.33
tLbN,1,1,2,0.5
tLbP,0,0,0,
tLbS,1,1,2,0.5
tLbn,1,2,3,0.33
tLbs,0,1,1,0.0
tLhB,2,0,2,1.0
tLhL,1,0,1,1.0
tLhM,0,1,1,0.0
tLhN,1,0,1,1.0
tLhP,1,0,1,1.0
tLhh,1,0,1,1.0
tLhn,1,0,1,1.0
tLjL,2,0,2,1.0
tLjS,1,0,1,1.0
tLlN,0,0,0,
tLlP,0,1,1,0.0
tLlb,1,0,1,1.0
tLlm,0,1,1,0.0
tLln,0,2,2,0.0
tLmH,0,1,1,0.0
tLmN,0,1,1,0.0
tLmS,1,1,2,0.5
tLmb,1,0,1,1.0
tLml,0,1,1,0.0
tLmm,1,0,1,1.0
tLnL,0,1,1,0.0
tLnM,1,1,2,0.5
tLnN,0,1,1,0.0
tLnP,1,0,1,1.0
tLnS,1,1,2,0.5
tLsL,0,1,1,0.0
tLsN,0,1,1,0.0
tLsl,0,0,0,
tLsm,1,0,1,1.0
tLsn,1,0,1,1.0
tLtB,1,0,1,1.0
tLtN,0,1,1,0.0
tLtb,0,1,1,0.0
tLtn,1,0,1,1.0
tMBB,1,2,3,0.33
tMBM,1,1,2,0.5
tMBP,1,0,1,1.0
tMBb,3,1,4,0.75
tMBj,0,0,0,
tMBm,1,0,1,1.0
tMBn,1,3,4,0.25
tMBt,0,1,1,0.0
tMDP,1,0,1,1.0
tMLB,0,1,1,0.0
tMLM,0,1,1,0.0
tMLN,0,1,1,0.0
tMLP,0,2,2,0.0
tMLS,1,0,1,1.0
tMLm,1,0,1,1.0
tMLn,1,1,2,0.5
tMMB,0,2,2,0.0
tMMD,0,1,1,0.0
tMMM,0,1,1,0.0
tMMN,1,3,4,0.25
tMMP,1,1,2,0.5
tMMS,1,1,2,0.5
tMMb,1,1,2,0.5
tMMj,1,1,2,0.5
tMMl,0,1,1,0.0
tMMm,1,0,1,1.0
tMMn,0,1,1,0.0
tMMs,2,1,3,0.67
tMMt,0,1,1,0.0
tMNB,1,0,1,1.0
tMNN,2,0,2,1.0
tMNP,1,5,6,0.17
tMNS,0,1,1,0.0
tMNb,1,2,3,0.33
tMNh,2,1,3,0.67
tMNm,0,2,2,0.0
tMNn,4,2,6,0.67
tMNs,0,1,1,0.0
tMPB,1,2,3,0.33
tMPI,1,0,1,1.0
tMPL,1,0,1,1.0
tMPM,2,3,5,0.4
tMPN,0,2,2,0.0
tMPP,1,4,5,0.2
tMPS,2,2,4,0.5
tMPb,3,2,5,0.6
tMPh,1,0,1,1.0
tMPl,0,1,1,0.0
tMPm,0,0,0,
tMPn,1,0,1,1.0
tMPs,2,1,3,0.67
tMSB,1,0,1,1.0
tMSM,2,0,2,1.0
tMSP,0,3,3,0.0
tMSS,2,0,2,1.0
tMSb,1,1,2,0.5
tMSl,1,0,1,1.0
tMSm,0,1,1,0.0
tMSn,1,2,3,0.33
tMSs,0,0,0,
tMbB,1,1,2,0.5
tMbK,1,0,1,1.0
tMbL,2,2,4,0.5
tMbM,2,2,4,0.5
tMbN,5,2,7,0.71
tMbP,0,4,4,0.0
tMbS,1,2,3,0.33
tMbb,5,2,7,0.71
tMbl,0,1,1,0.0
tMbn,1,0,1,1.0
tMbs,0,2,2,0.0
tMhH,1,0,1,1.0
tMhL,0,1,1,0.0
tMhM,1,1,2,0.5
tMhN,1,1,2,0.5
tMhP,1,3,4,0.25
tMhS,2,1,3,0.67
tMhb,0,2,2,0.0
tMhh,1,2,3,0.33
tMhl,0,2,2,0.0
tMhn,1,1,2,0.5
tMhs,3,0,3,1.0
tMjP,0,0,0,
tMjS,1,0,1,1.0
tMjl,2,0,2,1.0
tMjn,0,1,1,0.0
tMlB,0,1,1,0.0
tMlH,0,1,1,0.0
tMlN,0,0,0,
tMlS,0,2,2,0.0
tMlm,1,1,2,0.5
tMln,0,1,1,0.0
tMls,3,0,3,1.0
tMmB,0,1,1,0.0
tMmH,0,1,1,0.0
tMmL,0,1,1,0.0
tMmM,0,1,1,0.0
tMmN,3,0,3,1.0
tMmS,1,0,1,1.0
tMmb,0,2,2,0.0
tMml,1,0,1,1.0
tMmn,1,1,2,0.5
tMnB,3,0,3,1.0
tMnH,2,0,2,1.0
tMnI,1,0,1,1.0
tMnL,1,1,2,0.5
tMnM,5,0,5,1.0
tMnN,3,2,5,0.6
tMnP,4,2,6,0.67
tMnS,1,5,6,0.17
tMnb,2,3,5,0.4
tMnh,0,1,1,0.0
tMnl,0,1,1,0.0
tMnm,2,1,3,0.67
tMnn,3,4,7,0.43
tMns,3,1,4,0.75
tMsB,0,2,2,0.0
tMsH,1,1,2,0.5
tMsL,1,0,1,1.0
tMsM,0,2,2,0.0
tMsN,0,2,2,0.0
tMsP,1,1,2,0.5
tMsS,1,1,2,0.5
tMsb,0,1,1,0.0
tMsm,1,0,1,1.0
tMsn,1,1,2,0.5
tMss,0,1,1,0.0
tMtL,1,0,1,1.0
tMtP,0,1,1,0.0
tMtn,1,0,1,1.0
tNBB,0,2,2,0.0
tNBL,0,1,1,0.0
tNBM,1,0,1,1.0
tNBN,4,0,4,1.0
tNBP,0,1,1,0.0
tNBb,1,0,1,1.0
tNBj,0,1,1,0.0
tNBm,1,1,2,0.5
tNBn,2,0,2,1.0
tNBs,2,0,2,1.0
tNDH,1,0,1,1.0
tNDN,1,0,1,1.0
tNHs,1,0,1,1.0
tNKN,1,0,1,1.0
tNLB,2,0,2,1.0
tNLL,1,0,1,1.0
tNLM,1,1,2,0.5
tNLN,0,1,1,0.0
tNLP,0,1,1,0.0
tNLb,0,1,1,0.0
tNLj,0,2,2,0.0
tNLn,0,2,2,0.0
tNMB,0,0,0,
tNML,2,0,2,1.0
tNMM,1,3,4,0.25
tNMN,1,0,1,1.0
tNMP,3,2,5,0.6
tNMS,0,1,1,0.0
tNMb,1,2,3,0.33
tNMj,0,1,1,0.0
tNMl,3,0,3,1.0
tNMm,0,2,2,0.0
tNMn,5,1,6,0.83
tNMs,1,2,3,0.33
tNNB,0,1,1,0.0
tNNK,1,0,1,1.0
tNNM,0,2,2,0.0
tNNN,0,1,1,0.0
tNNP,3,1,4,0.75
tNNS,3,2,5,0.6
tNNb,2,1,3,0.67
tNNh,0,1,1,0.0
tNNl,0,2,2,0.0
tNNm,6,0,6,1.0
tNNn,0,4,4,0.0
tNNs,1,1,2,0.5
tNNt,1,0,1,1.0
tNPB,1,0,1,1.0
tNPH,2,0,2,1.0
tNPK,1,0,1,1.0
tNPL,1,0,1,1.0
tNPM,2,1,3,0.67
tNPN,1,1,2,0.5
tNPP,4,5,9,0.44
tNPS,0,2,2,0.0
tNPb,1,3,4,0.25
tNPh,0,1,1,0.0
tNPl,2,3,5,0.4
tNPm,3,3,6,0.5
tNPn,2,2,4,0.5
tNPs,1,0,1,1.0
tNSB,1,1,2,0.5
tNSL,0,1,1,0.0
tNSM,0,3,3,0.0
tNSN,0,1,1,0.0
tNSP,1,3,4,0.25
tNSS,1,0,1,1.0
tNSb,0,3,3,0.0
tNSh,0,1,1,0.0
tNSl,0,1,1,0.0
tNSm,1,0,1,1.0
tNSn,1,4,5,0.2
tNSs,1,1,2,0.5
tNbB,0,1,1,0.0
tNbH,1,0,1,1.0
tNbJ,1,0,1,1.0
tNbK,0,1,1,0.0
tNbN,0,1,1,0.0
tNbP,4,0,4,1.0
tNbS,1,0,1,1.0
tNbb,2,1,3,0.67
tNbl,0,2,2,0.0
tNbm,0,2,2,0.0
tNhL,1,1,2,0.5
tNhN,0,1,1,0.0
tNhP,1,1,2,0.5
tNhS,2,0,2,1.0
tNhb,0,1,1,0.0
tNhh,1,0,1,1.0
tNhm,1,0,1,1.0
tNhn,1,1,2,0.5
tNhs,1,0,1,1.0
tNlH,1,1,2,0.5
tNlM,2,1,3,0.67
tNlN,0,1,1,0.0
tNlP,3,1,4,0.75
tNlS,0,0,0,
tNlb,2,1,3,0.67
tNls,1,1,2,0.5
tNmB,3,1,4,0.75
tNmI,1,0,1,1.0
tNmJ,1,0,1,1.0
tNmM,0,0,0,
tNmN,1,2,3,0.33
tNmP,0,1,1,0.0
tNmS,2,0,2,1.0
tNmb,2,1,3,0.67
tNml,1,1,2,0.5
tNmn,1,1,2,0.5
tNms,0,1,1,0.0
tNnB,1,2,3,0.33
tNnH,0,1,1,0.0
tNnI,0,1,1,0.0
tNnM,4,4,8,0.5
tNnN,0,1,1,0.0
tNnP,3,1,4,0.75
tNnS,2,1,3,0.67
tNnb,3,3,6,0.5
tNnl,3,2,5,0.6
tNnm,2,3,5,0.4
tNnn,2,4,6,0.33
tNns,3,0,3,1.0
tNsB,1,0,1,1.0
tNsM,0,1,1,0.0
tNsN,0,2,2,0.0
tNsP,1,3,4,0.25
tNsS,2,1,3,0.67
tNsb,0,1,1,0.0
tNsl,0,1,1,0.0
tNsm,1,2,3,0.33
tNsn,1,2,3,0.33
tNss,0,1,1,0.0
tNtP,2,2,4,0.5
tNtb,0,1,1,0.0
tNtn,0,1,1,0.0
tPBK,0,1,1,0.0
tPBL,0,1,1,0.0
tPBM,3,1,4,0.75
tPBN,1,1,2,0.5
tPBP,3,1,4,0.75
tPBb,1,1,2,0.5
tPBm,2,1,3,0.67
tPBn,1,2,3,0.33
tPBs,1,0,1,1.0
tPDl,0,2,2,0.0
tPHM,1,0,1,1.0
tPHP,2,2,4,0.5
tPHS,2,0,2,1.0
tPHb,1,0,1,1.0
tPHh,0,1,1,0.0
tPHl,0,1,1,0.0
tPHm,1,0,1,1.0
tPHs,0,0,0,
tPHt,1,0,1,1.0
tPIB,0,0,0,
tPIH,0,0,0,
tPIM,0,0,0,
tPIP,2,0,2,1.0
tPIb,0,1,1,0.0
tPIl,0,0,0,
tPKb,0,0,0,
tPKh,0,0,0,
tPKl,0,1,1,0.0
tPKs,0,1,1,0.0
tPLB,0,1,1,0.0
tPLL,1,0,1,1.0
tPLM,1,1,2,0.5
tPLN,0,1,1,0.0
tPLP,0,1,1,0.0
tPLS,1,2,3,0.33
tPLb,2,0,2,1.0
tPLh,1,0,1,1.0
tPLl,1,2,3,0.33
tPLm,2,0,2,1.0
tPLn,1,0,1,1.0
tPMB,2,3,5,0.4
tPML,1,0,1,1.0
tPMM,2,0,2,1.0
tPMN,2,0,2,1.0
tPMP,2,2,4,0.5
tPMb,4,3,7,0.57
tPMh,1,4,5,0.2
tPMj,2,1,3,0.67
tPMl,0,2,2,0.0
tPMm,1,0,1,1.0
tPMn,1,3,4,0.25
tPMs,0,1,1,0.0
tPNB,0,2,2,0.0
tPND,0,1,1,0.0
tPNH,1,0,1,1.0
tPNL,1,1,2,0.5
tPNM,1,2,3,0.33
tPNN,3,3,6,0.5
tPNP,1,3,4,0.25
tPNS,0,1,1,0.0
tPNb,6,1,7,0.86
tPNh,1,0,1,1.0
tPNl,4,4,8,0.5
tPNm,2,1,3,0.67
tPNn,2,1,3,0.67
tPNs,2,2,4,0.5
tPPB,2,5,7,0.29
tPPD,1,0,1,1.0
tPPH,0,0,0,
tPPK,0,0,0,
tPPL,2,2,4,0.5
tPPM,4,5,9,0.44
tPPN,6,0,6,1.0
tPPP,3,6,9,0.33
tPPS,2,4,6,0.33
tPPb,5,1,6,0.83
tPPl,1,1,2,0.5
tPPm,3,7,10,0.3
tPPn,4,3,7,0.57
tPPs,2,1,3,0.67
tPSB,1,0,1,1.0
tPSM,1,2,3,0.33
tPSN,2,0,2,1.0
tPSP,3,0,3,1.0
tPSS,2,1,3,0.67
tPSb,3,1,4,0.75
tPSh,0,0,0,
tPSl,1,1,2,0.5
tPSm,1,1,2,0.5
tPSn,1,1,2,0.5
tPSs,0,0,0,
tPbB,4,1,5,0.8
tPbD,1,0,1,1.0
tPbM,2,3,5,0.4
tPbN,2,3,5,0.4
tPbP,3,3,6,0.5
tPbS,2,1,3,0.67
tPbb,2,2,4,0.5
tPbm,2,3,5,0.4
tPbn,1,0,1,1.0
tPbs,1,1,2,0.5
tPhM,1,0,1,1.0
tPhN,1,0,1,1.0
tPhh,1,0,1,1.0
tPhl,1,0,1,1.0
tPlB,1,2,3,0.33
tPlH,2,0,2,1.0
tPlJ,0,1,1,0.0
tPlL,1,0,1,1.0
tPlM,1,0,1,1.0
tPlN,0,1,1,0.0
tPlP,1,2,3,0.33
tPlS,2,0,2,1.0
tPlb,1,3,4,0.25
tPll,1,0,1,1.0
tPlm,0,2,2,0.0
tPln,1,0,1,1.0
tPls,2,0,2,1.0
tPmB,4,0,4,1.0
tPmH,0,0,0,
tPmJ,1,0,1,1.0
tPmL,1,1,2,0.5
tPmM,1,1,2,0.5
tPmN,4,9,13,0.31
tPmP,3,2,5,0.6
tPmS,0,2,2,0.0
tPmb,1,0,1,1.0
tPmm,3,0,3,1.0
tPms,0,2,2,0.0
tPnB,2,1,3,0.67
tPnD,0,1,1,0.0
tPnH,0,2,2,0.0
tPnK,1,1,2,0.5
tPnL,1,0,1,1.0
tPnM,2,4,6,0.33
tPnN,2,1,3,0.67
tPnP,7,1,8,0.88
tPnS,1,4,5,0.2
tPnb,2,2,4,0.5
tPnl,1,2,3,0.33
tPnm,1,2,3,0.33
tPnn,2,2,4,0.5
tPns,1,2,3,0.33
tPsB,2,2,4,0.5
tPsH,0,2,2,0.0
tPsK,0,1,1,0.0
tPsM,0,1,1,0.0
tPsN,1,0,1,1.0
tPsP,0,7,7,0.0
tPsS,0,1,1,0.0
tPsb,2,1,3,0.67
tPsl,1,0,1,1.0
tPsm,1,1,2,0.5
tPsn,2,0,2,1.0
tPss,1,0,1,1.0
tPtM,0,1,1,0.0
tPtm,0,1,1,0.0
tPtn,0,1,1,0.0
tPts,0,0,0,
tSBM,0,0,0,
tSBP,1,1,2,0.5
tSBS,0,1,1,0.0
tSBb,2,1,3,0.67
tSBj,1,0,1,1.0
tSBl,0,1,1,0.0
tSBn,1,0,1,1.0
tSBs,0,0,0,
tSBt,1,0,1,1.0
tSHB,0,1,1,0.0
tSHM,1,0,1,1.0
tSHN,1,0,1,1.0
tSHP,1,1,2,0.5
tSHb,0,1,1,0.0
tSHm,0,0,0,
tSHs,0,1,1,0.0
tSKN,0,1,1,0.0
tSKb,1,0,1,1.0
tSLL,1,0,1,1.0
tSLM,1,0,1,1.0
tSLN,1,0,1,1.0
tSLb,0,0,0,
tSMB,0,2,2,0.0
tSMD,0,1,1,0.0
tSML,1,0,1,1.0
tSMM,1,1,2,0.5
tSMN,0,1,1,0.0
tSMP,1,2,3,0.33
tSMS,0,1,1,0.0
tSMb,1,0,1,1.0
tSMh,1,1,2,0.5
tSMn,1,1,2,0.5
tSNM,0,2,2,0.0
tSNN,0,2,2,0.0
tSNP,0,0,0,
tSNS,1,1,2,0.5
tSNb,1,0,1,1.0
tSNl,0,0,0,
tSNm,0,2,2,0.0
tSNn,0,2,2,0.0
tSNs,0,1,1,0.0
tSNt,1,0,1,1.0
tSPB,1,0,1,1.0
tSPD,0,1,1,0.0
tSPH,1,1,2,0.5
tSPK,1,0,1,1.0
tSPL,1,1,2,0.5
tSPM,1,2,3,0.33
tSPN,1,1,2,0.5
tSPP,5,0,5,1.0
tSPS,2,1,3,0.67
tSPb,1,1,2,0.5
tSPl,1,0,1,1.0
tSPm,2,0,2,1.0
tSPn,1,0,1,1.0
tSPs,0,1,1,0.0
tSSK,0,1,1,0.0
tSSL,0,2,2,0.0
tSSN,2,0,2,1.0
tSSP,1,0,1,1.0
tSSS,3,0,3,1.0
tSSb,0,2,2,0.0
tSSh,2,0,2,1.0
tSSn,1,4,5,0.2
tSSs,1,0,1,1.0
tSbH,0,1,1,0.0
tSbJ,0,1,1,0.0
tSbK,0,0,0,
tSbN,1,4,5,0.2
tSbP,1,0,1,1.0
tSbS,0,2,2,0.0
tSbb,1,1,2,0.5
tSbm,0,1,1,0.0
tSbn,1,0,1,1.0
tShB,1,0,1,1.0
tShD,0,1,1,0.0
tShH,0,1,1,0.0
tShM,1,0,1,1.0
tShN,1,0,1,1.0
tShP,2,1,3,0.67
tShS,1,1,2,0.5
tShb,0,1,1,0.0
tShh,1,0,1,1.0
tShl,1,0,1,1.0
tShm,0,1,1,0.0
tShn,1,0,1,1.0
tShs,0,1,1,0.0
tSlB,1,0,1,1.0
tSlH,1,0,1,1.0
tSlJ,0,1,1,0.0
tSlM,0,2,2,0.0
tSlP,0,1,1,0.0
tSlS,1,1,2,0.5
tSlb,0,1,1,0.0
tSlm,0,1,1,0.0
tSln,1,1,2,0.5
tSmH,2,0,2,1.0
tSmL,1,2,3,0.33
tSmM,1,0,1,1.0
tSmN,2,1,3,0.67
tSmP,2,3,5,0.4
tSmb,3,3,6,0.5
tSmm,0,3,3,0.0
tSmn,1,0,1,1.0
tSms,1,0,1,1.0
tSnB,1,0,1,1.0
tSnK,2,0,2,1.0
tSnM,1,0,1,1.0
tSnN,1,2,3,0.33
tSnP,1,1,2,0.5
tSnS,2,1,3,0.67
tSnb,2,2,4,0.5
tSnl,3,0,3,1.0
tSnm,3,1,4,0.75
tSnn,1,0,1,1.0
tSns,0,2,2,0.0
tSsB,1,0,1,1.0
tSsH,0,0,0,
tSsM,1,0,1,1.0
tSsN,1,1,2,0.5
tSsP,3,0,3,1.0
tSsS,0,1,1,0.0
tSsb,1,1,2,0.5
tSsl,2,0,2,1.0
tSsn,0,1,1,0.0
tSss,1,1,2,0.5
tStH,2,0,2,1.0
tStP,0,0,0,
tStn,1,0,1,1.0
tStt,0,1,1,0.0
tbBB,0,1,1,0.0
tbBM,1,0,1,1.0
tbBN,0,2,2,0.0
tbBP,1,0,1,1.0
tbBS,2,1,3,0.67
tbBb,1,1,2,0.5
tbBm,1,0,1,1.0
tbBn,2,0,2,1.0
tbBs,1,0,1,1.0
tbHB,0,1,1,0.0
tbHD,1,0,1,1.0
tbHM,0,0,0,
tbHP,0,1,1,0.0
tbHS,0,0,0,
tbHb,1,2,3,0.33
tbHn,0,0,0,
tbHs,2,0,2,1.0
tbIM,0,1,1,0.0
tbIP,1,0,1,1.0
tbJB,0,1,1,0.0
tbJN,0,1,1,0.0
tbJP,0,2,2,0.0
tbJb,0,1,1,0.0
tbJh,0,1,1,0.0
tbJs,0,3,3,0.0
tbKb,1,0,1,1.0
tbKn,1,0,1,1.0
tbLB,0,0,0,
tbLL,1,0,1,1.0
tbLM,2,0,2,1.0
tbLN,0,2,2,0.0
tbLP,0,0,0,
tbLb,1,2,3,0.33
tbLh,1,0,1,1.0
tbLj,1,0,1,1.0
tbLl,1,0,1,1.0
tbLm,0,1,1,0.0
tbLn,0,1,1,0.0
tbML,0,1,1,0.0
tbMM,1,0,1,1.0
tbMN,1,4,5,0.2
tbMS,2,0,2,1.0
tbMb,1,0,1,1.0
tbMh,0,2,2,0.0
tbMl,1,0,1,1.0
tbMm,0,1,1,0.0
tbMn,1,1,2,0.5
tbMs,0,1,1,0.0
tbNB,2,2,4,0.5
tbNH,0,1,1,0.0
tbNM,0,2,2,0.0
tbNN,2,2,4,0.5
tbNP,3,3,6,0.5
tbNS,2,0,2,1.0
tbNb,1,1,2,0.5
tbNh,0,1,1,0.0
tbNl,1,1,2,0.5
tbNm,2,0,2,1.0
tbNn,6,1,7,0.86
tbNs,0,4,4,0.0
tbPB,0,1,1,0.0
tbPL,0,1,1,0.0
tbPN,2,2,4,0.5
tbPP,0,3,3,0.0
tbPS,0,1,1,0.0
tbPb,2,0,2,1.0
tbPl,0,2,2,0.0
tbPm,0,1,1,0.0
tbPn,0,1,1,0.0
tbPs,2,1,3,0.67
tbSB,0,1,1,0.0
tbSM,1,0,1,1.0
tbSN,1,0,1,1.0
tbSP,2,1,3,0.67
tbSS,0,1,1,0.0
tbSb,1,0,1,1.0
tbSh,0,0,0,
tbSm,0,0,0,
tbSn,2,0,2,1.0
tbSs,1,0,1,1.0
tbSt,0,1,1,0.0
tbbB,0,1,1,0.0
tbbD,1,0,1,1.0
tbbJ,0,1,1,0.0
tbbL,0,1,1,0.0
tbbM,4,3,7,0.57
tbbN,1,3,4,0.25
tbbP,3,1,4,0.75
tbbS,0,3,3,0.0
tbbb,2,3,5,0.4
tbbl,1,1,2,0.5
tbbm,2,0,2,1.0
tbbn,4,2,6,0.67
tbbs,1,0,1,1.0
tblB,1,0,1,1.0
tblH,0,1,1,0.0
tblI,1,0,1,1.0
tblJ,0,1,1,0.0
tblM,1,1,2,0.5
tblN,2,2,4,0.5
tblP,0,2,2,0.0
tblb,0,2,2,0.0
tblm,1,0,1,1.0
tbls,0,2,2,0.0
tbmB,0,0,0,
tbmH,1,1,2,0.5
tbmL,0,0,0,
tbmM,2,1,3,0.67
tbmN,3,2,5,0.6
tbmP,1,1,2,0.5
tbmS,0,0,0,
tbmb,0,1,1,0.0
tbml,1,1,2,0.5
tbms,0,1,1,0.0
tbnB,1,1,2,0.5
tbnH,1,1,2,0.5
tbnM,2,3,5,0.4
tbnP,3,2,5,0.6
tbnS,0,1,1,0.0
tbnb,1,1,2,0.5
tbnl,1,0,1,1.0
tbnm,1,1,2,0.5
tbnn,2,4,6,0.33
tbns,1,0,1,1.0
tbsB,1,0,1,1.0
tbsP,1,1,2,0.5
tbsS,0,2,2,0.0
tbsb,2,0,2,1.0
tbsl,0,2,2,0.0
tbsn,0,2,2,0.0
tbss,0,1,1,0.0
thBP,0,1,1,0.0
thMh,1,0,1,1.0
thPS,1,0,1,1.0
thPm,0,1,1,0.0
thbH,1,0,1,1.0
thbM,1,0,1,1.0
thhS,0,0,0,
thhn,0,1,1,0.0
thnS,0,2,2,0.0
thsH,1,0,1,1.0
tlBB,1,0,1,1.0
tlBD,1,0,1,1.0
tlBM,1,0,1,1.0
tlBN,0,1,1,0.0
tlBP,0,1,1,0.0
tlBb,1,1,2,0.5
tlBl,0,1,1,0.0
tlBn,1,0,1,1.0
tlHL,1,0,1,1.0
tlHP,0,2,2,0.0
tlHb,1,0,1,1.0
tlHl,0,1,1,0.0
tlHm,1,0,1,1.0
tlHn,1,1,2,0.5
tlJB,1,0,1,1.0
tlJM,1,0,1,1.0
tlJP,0,1,1,0.0
tlKh,0,1,1,0.0
tlLL,1,0,1,1.0
tlLS,1,1,2,0.5
tlLb,1,0,1,1.0
tlLt,1,0,1,1.0
tlML,1,0,1,1.0
tlMP,1,2,3,0.33
tlMS,2,1,3,0.67
tlMb,1,1,2,0.5
tlMj,0,1,1,0.0
tlMm,1,0,1,1.0
tlMn,0,1,1,0.0
tlNL,0,1,1,0.0
tlNM,0,0,0,
tlNP,1,2,3,0.33
tlNS,0,2,2,0.0
tlNb,0,1,1,0.0
tlNh,0,1,1,0.0
tlNl,0,2,2,0.0
tlNm,1,0,1,1.0
tlNn,1,0,1,1.0
tlNs,0,0,0,
tlPI,1,0,1,1.0
tlPK,0,1,1,0.0
tlPL,1,1,2,0.5
tlPM,0,4,4,0.0
tlPN,0,1,1,0.0
tlPP,2,0,2,1.0
tlPS,1,0,1,1.0
tlPb,0,2,2,0.0
tlPm,0,0,0,
tlPn,2,1,3,0.67
tlPs,0,1,1,0.0
tlSN,1,0,1,1.0
tlSP,1,0,1,1.0
tlSb,1,0,1,1.0
tlSh,0,1,1,0.0
tlSn,1,0,1,1.0
tlSs,0,1,1,0.0
tlbB,0,1,1,0.0
tlbJ,1,0,1,1.0
tlbL,0,0,0,
tlbN,0,2,2,0.0
tlbP,1,1,2,0.5
tlbS,0,1,1,0.0
tlbl,0,0,0,
tlbm,1,0,1,1.0
tlbn,2,0,2,1.0
tlbs,0,1,1,0.0
tllB,1,1,2,0.5
tllP,1,1,2,0.5
tlll,1,1,2,0.5
tlln,1,1,2,0.5
tlmH,0,1,1,0.0
tlmL,0,0,0,
tlmM,0,1,1,0.0
tlmN,2,0,2,1.0
tlmP,1,0,1,1.0
tlmS,0,2,2,0.0
tlmm,0,1,1,0.0
tlmn,1,0,1,1.0
tlnH,0,1,1,0.0
tlnM,0,1,1,0.0
tlnP,2,1,3,0.67
tlnS,1,0,1,1.0
tlnb,1,0,1,1.0
tlnn,1,0,1,1.0
tlsB,1,1,2,0.5
tlsL,1,0,1,1.0
tlsP,0,0,0,
tlsl,0,1,1,0.0
tmBD,0,0,0,
tmBN,0,0,0,
tmBP,1,0,1,1.0
tmBb,1,2,3,0.33
tmBn,1,1,2,0.5
tmDH,1,0,1,1.0
tmDP,1,0,1,1.0
tmDb,1,1,2,0.5
tmDm,2,1,3,0.67
tmDn,1,1,2,0.5
tmHB,1,1,2,0.5
tmHN,1,0,1,1.0
tmHP,4,0,4,1.0
tmHS,1,0,1,1.0
tmHb,0,1,1,0.0
tmHh,0,0,0,
tmHn,1,0,1,1.0
tmHs,1,0,1,1.0
tmIb,1,0,1,1.0
tmJL,1,0,1,1.0
tmJP,0,1,1,0.0
tmJb,0,1,1,0.0
tmJn,0,1,1,0.0
tmJs,1,0,1,1.0
tmLM,2,0,2,1.0
tmLN,0,1,1,0.0
tmLP,1,0,1,1.0
tmLb,0,1,1,0.0
tmLm,1,0,1,1.0
tmLn,0,1,1,0.0
tmMB,2,2,4,0.5
tmMM,4,1,5,0.8
tmMN,0,1,1,0.0
tmMP,3,0,3,1.0
tmMS,0,1,1,0.0
tmMb,0,1,1,0.0
tmMh,1,1,2,0.5
tmMj,1,1,2,0.5
tmMl,1,1,2,0.5
tmMm,0,2,2,0.0
tmMn,1,1,2,0.5
tmMs,0,1,1,0.0
tmMt,0,1,1,0.0
tmNH,1,0,1,1.0
tmNL,2,0,2,1.0
tmNM,4,0,4,1.0
tmNN,1,4,5,0.2
tmNP,1,2,3,0.33
tmNS,0,0,0,
tmNb,0,1,1,0.0
tmNh,1,0,1,1.0
tmNm,1,2,3,0.33
tmNn,1,0,1,1.0
tmNs,1,0,1,1.0
tmNt,1,0,1,1.0
tmPB,2,1,3,0.67
tmPL,1,1,2,0.5
tmPM,1,0,1,1.0
tmPN,1,2,3,0.33
tmPP,2,1,3,0.67
tmPS,1,0,1,1.0
tmPb,1,1,2,0.5
tmPh,1,0,1,1.0
tmPl,0,1,1,0.0
tmPm,2,0,2,1.0
tmPn,2,2,4,0.5
tmPs,1,0,1,1.0
tmSL,0,1,1,0.0
tmSM,1,0,1,1.0
tmSP,2,0,2,1.0
tmSS,2,1,3,0.67
tmSb,0,0,0,
tmSh,0,1,1,0.0
tmSl,1,1,2,0.5
tmSn,0,2,2,0.0
tmSs,1,0,1,1.0
tmbB,1,0,1,1.0
tmbJ,0,0,0,
tmbK,1,0,1,1.0
tmbL,0,1,1,0.0
tmbM,2,0,2,1.0
tmbN,2,1,3,0.67
tmbP,2,0,2,1.0
tmbS,1,1,2,0.5
tmbb,1,0,1,1.0
tmbl,0,1,1,0.0
tmbn,0,1,1,0.0
tmbs,1,1,2,0.5
tmlL,2,0,2,1.0
tmlM,1,1,2,0.5
tmlN,1,0,1,1.0
tmll,1,0,1,1.0
tmls,1,0,1,1.0
tmmB,1,1,2,0.5
tmmH,0,1,1,0.0
tmmL,2,1,3,0.67
tmmN,0,1,1,0.0
tmmP,1,1,2,0.5
tmmb,0,1,1,0.0
tmml,0,1,1,0.0
tmmm,0,1,1,0.0
tmmn,2,1,3,0.67
tmnB,1,1,2,0.5
tmnH,0,1,1,0.0
tmnK,1,0,1,1.0
tmnL,2,0,2,1.0
tmnM,2,0,2,1.0
tmnN,1,1,2,0.5
tmnP,1,1,2,0.5
tmnS,1,0,1,1.0
tmnb,1,0,1,1.0
tmnn,1,0,1,1.0
tmsB,0,0,0,
tmsD,0,1,1,0.0
tmsP,1,1,2,0.5
tmss,1,0,1,1.0
tnBL,0,1,1,0.0
tnBN,2,0,2,1.0
tnBP,1,0,1,1.0
tnBS,1,0,1,1.0
tnBb,2,1,3,0.67
tnBh,0,1,1,0.0
tnBj,0,2,2,0.0
tnBl,2,0,2,1.0
tnBm,0,1,1,0.0
tnBn,2,1,3,0.67
tnDL,0,1,1,0.0
tnDM,0,1,1,0.0
tnDb,0,1,1,0.0
tnHL,0,1,1,0.0
tnHM,1,0,1,1.0
tnHN,2,3,5,0.4
tnHP,1,2,3,0.33
tnHS,0,1,1,0.0
tnHb,2,1,3,0.67
tnHh,0,1,1,0.0
tnHl,1,0,1,1.0
tnHn,3,0,3,1.0
tnHs,0,2,2,0.0
tnIP,0,0,0,
tnKh,1,0,1,1.0
tnKl,1,0,1,1.0
tnLB,1,0,1,1.0
tnLP,1,3,4,0.25
tnLb,0,1,1,0.0
tnLh,1,0,1,1.0
tnLj,4,0,4,1.0
tnLl,0,1,1,0.0
tnLm,1,1,2,0.5
tnMB,1,1,2,0.5
tnMM,1,1,2,0.5
tnMN,0,2,2,0.0
tnMP,1,2,3,0.33
tnMS,1,2,3,0.33
tnMb,2,0,2,1.0
tnMh,1,1,2,0.5
tnMl,1,0,1,1.0
tnMm,0,2,2,0.0
tnMn,0,0,0,
tnMs,0,0,0,
tnNB,2,1,3,0.67
tnNH,2,1,3,0.67
tnNL,1,1,2,0.5
tnNM,0,1,1,0.0
tnNN,2,0,2,1.0
tnNP,6,2,8,0.75
tnNS,2,2,4,0.5
tnNb,1,0,1,1.0
tnNh,1,3,4,0.25
tnNm,3,0,3,1.0
tnNn,2,1,3,0.67
tnNs,0,2,2,0.0
tnNt,1,0,1,1.0
tnPB,2,0,2,1.0
tnPD,0,1,1,0.0
tnPM,2,1,3,0.67
tnPN,2,0,2,1.0
tnPP,3,3,6,0.5
tnPS,2,3,5,0.4
tnPb,2,1,3,0.67
tnPh,1,0,1,1.0
tnPl,1,0,1,1.0
tnPm,2,5,7,0.29
tnPn,2,2,4,0.5
tnPs,1,1,2,0.5
tnPt,1,1,2,0.5
tnSM,0,0,0,
tnSN,2,1,3,0.67
tnSP,0,1,1,0.0
tnSS,1,0,1,1.0
tnSb,1,1,2,0.5
tnSh,0,1,1,0.0
tnSl,1,2,3,0.33
tnSm,1,1,2,0.5
tnSn,3,2,5,0.6
tnSs,1,0,1,1.0
tnSt,2,0,2,1.0
tnbB,4,0,4,1.0
tnbJ,1,0,1,1.0
tnbK,1,0,1,1.0
tnbM,1,3,4,0.25
tnbN,0,3,3,0.0
tnbP,0,3,3,0.0
tnbb,6,2,8,0.75
tnbl,1,0,1,1.0
tnbm,2,0,2,1.0
tnbn,0,3,3,0.0
tnbs,1,2,3,0.33
tnhb,0,0,0,
tnlB,0,1,1,0.0
tnlH,0,1,1,0.0
tnlL,0,1,1,0.0
tnlM,1,0,1,1.0
tnlN,1,2,3,0.33
tnlS,0,1,1,0.0
tnlb,1,2,3,0.33
tnll,0,1,1,0.0
tnls,0,1,1,0.0
tnmD,1,0,1,1.0
tnmJ,2,0,2,1.0
tnmL,1,0,1,1.0
tnmM,2,0,2,1.0
tnmN,1,3,4,0.25
tnmP,3,0,3,1.0
tnmb,1,0,1,1.0
tnmm,0,1,1,0.0
tnmn,0,1,1,0.0
tnnD,1,1,2,0.5
tnnI,0,1,1,0.0
tnnM,2,0,2,1.0
tnnN,3,2,5,0.6
tnnP,4,1,5,0.8
tnnb,2,2,4,0.5
tnnl,1,0,1,1.0
tnnm,1,1,2,0.5
tnnn,0,1,1,0.0
tnns,0,1,1,0.0
tnsB,1,0,1,1.0
tnsH,1,0,1,1.0
tnsM,3,1,4,0.75
tnsN,1,1,2,0.5
tnsP,1,3,4,0.25
tnsS,0,1,1,0.0
tnsb,0,1,1,0.0
tnsl,0,1,1,0.0
tnsm,0,1,1,0.0
tnsn,2,0,2,1.0
tntN,1,0,1,1.0
tsBL,1,0,1,1.0
tsBM,1,0,1,1.0
tsBS,0,1,1,0.0
tsBb,0,1,1,0.0
tsBl,3,0,3,1.0
tsBs,0,0,0,
tsDb,0,0,0,
tsDl,0,1,1,0.0
tsHB,0,2,2,0.0
tsHM,1,2,3,0.33
tsHP,1,2,3,0.33
tsHS,0,2,2,0.0
tsHb,0,1,1,0.0
tsHh,1,0,1,1.0
tsHn,1,0,1,1.0
tsHs,2,1,3,0.67
tsLN,0,1,1,0.0
tsMM,3,1,4,0.75
tsMN,1,0,1,1.0
tsMP,1,3,4,0.25
tsMS,1,0,1,1.0
tsMb,2,0,2,1.0
tsMh,1,0,1,1.0
tsMm,2,0,2,1.0
tsMn,0,1,1,0.0
tsMs,0,1,1,0.0
tsNM,2,1,3,0.67
tsNN,0,1,1,0.0
tsNP,0,2,2,0.0
tsNb,0,1,1,0.0
tsNl,1,1,2,0.5
tsNm,1,0,1,1.0
tsNn,0,1,1,0.0
tsNs,1,0,1,1.0
tsNt,1,0,1,1.0
tsPK,0,2,2,0.0
tsPL,0,2,2,0.0
tsPM,0,2,2,0.0
tsPN,2,0,2,1.0
tsPP,2,2,4,0.5
tsPS,0,1,1,0.0
tsPb,1,2,3,0.33
tsPl,0,1,1,0.0
tsPm,0,2,2,0.0
tsPn,1,2,3,0.33
tsPs,1,0,1,1.0
tsSM,1,1,2,0.5
tsSP,1,0,1,1.0
tsSS,1,0,1,1.0
tsSb,0,1,1,0.0
tsSh,0,1,1,0.0
tsSl,0,1,1,0.0
tsSn,1,1,2,0.5
tsSs,0,2,2,0.0
tsbB,1,1,2,0.5
tsbK,1,0,1,1.0
tsbL,1,0,1,1.0
tsbN,0,1,1,0.0
tsbP,0,1,1,0.0
tsbb,1,0,1,1.0
tsbl,0,1,1,0.0
tsbs,1,1,2,0.5
tslL,0,0,0,
tslP,0,2,2,0.0
tslS,0,1,1,0.0
tsmB,0,1,1,0.0
tsmH,0,1,1,0.0
tsmL,1,0,1,1.0
tsmM,0,2,2,0.0
tsmN,1,0,1,1.0
tsmP,2,0,2,1.0
tsmb,1,1,2,0.5
tsnL,0,1,1,0.0
tsnM,0,1,1,0.0
tsnN,4,0,4,1.0
tsnP,0,0,0,
tsnS,2,0,2,1.0
tsnb,1,0,1,1.0
tsnm,1,0,1,1.0
tsnn,0,0,0,
tsns,0,1,1,0.0
tssB,0,1,1,0.0
tssD,0,1,1,0.0
tssH,1,0,1,1.0
tssM,1,0,1,1.0
tssP,0,0,0,
tssS,3,1,4,0.75
tssl,2,0,2,1.0
tssm,1,1,2,0.5
tsss,1,3,4,0.25
ttHB,0,1,1,0.0
ttHD,0,1,1,0.0
ttHH,0,0,0,
ttHm,1,0,1,1.0
ttLP,0,1,1,0.0
ttLS,0,0,0,
ttLb,0,1,1,0.0
ttLm,0,2,2,0.0
ttLt,0,0,0,
ttML,1,0,1,1.0
ttMP,2,0,2,1.0
ttMh,1,0,1,1.0
ttMs,0,1,1,0.0
ttNP,0,1,1,0.0
ttNS,1,0,1,1.0
ttNb,0,1,1,0.0
ttNl,0,1,1,0.0
ttNm,1,0,1,1.0
ttNn,1,0,1,1.0
ttPH,0,0,0,
ttPM,0,0,0,
ttPN,0,1,1,0.0
ttPP,0,1,1,0.0
ttPS,0,1,1,0.0
ttPb,0,1,1,0.0
ttPm,1,0,1,1.0
ttPn,1,0,1,1.0
ttSM,1,0,1,1.0
ttSl,0,1,1,0.0
ttbN,1,1,2,0.5
ttbl,1,0,1,1.0
ttbm,1,0,1,1.0
ttbn,1,0,1,1.0
ttlP,1,1,2,0.5
ttln,1,0,1,1.0
ttmD,0,1,1,0.0
ttmH,1,0,1,1.0
ttnH,1,0,1,1.0
ttnI,0,0,0,
ttnM,0,1,1,0.0
ttnb,0,1,1,0.0
ttsM,1,0,1,1.0
ttsm,1,0,1,1.0
tttL,0,1,1,0.0
