candlestick_code4,label_increase,label_decrease,occurrence,percentage
BBBB,23,14,37,0.62
BBBD,1,2,3,0.33
BBBH,0,0,0,
BBBK,0,3,3,0.0
BBBL,2,1,3,0.67
BBBM,5,20,25,0.2
BBBN,10,17,27,0.37
BBBP,11,23,34,0.32
BBBS,5,2,7,0.71
BBBb,10,14,24,0.42
BBBh,2,0,2,1.0
BBBj,2,2,4,0.5
BBBl,7,7,14,0.5
BBBm,12,8,20,0.6
BBBn,23,16,39,0.59
BBBs,7,7,14,0.5
BBDB,1,1,2,0.5
BBDD,4,2,6,0.67
BBDH,3,2,5,0.6
BBDL,2,1,3,0.67
BBDM,0,5,5,0.0
BBDN,2,2,4,0.5
BBDP,5,4,9,0.56
BBDS,2,1,3,0.67
BBDb,2,0,2,1.0
BBDl,0,1,1,0.0
BBDm,5,1,6,0.83
BBDn,2,3,5,0.4
BBDs,0,1,1,0.0
BBDt,0,1,1,0.0
BBHB,1,1,2,0.5
BBHM,0,1,1,0.0
BBHN,0,0,0,
BBHP,1,0,1,1.0
BBIs,0,0,0,
BBKB,0,4,4,0.0
BBKD,0,2,2,0.0
BBKM,3,0,3,1.0
BBKN,0,1,1,0.0
BBKP,2,2,4,0.5
BBKS,3,1,4,0.75
BBKb,1,0,1,1.0
BBKh,1,1,2,0.5
BBKm,1,3,4,0.25
BBKn,2,1,3,0.67
BBKs,1,0,1,1.0
BBLB,4,5,9,0.44
BBLD,1,2,3,0.33
BBLM,3,3,6,0.5
BBLN,3,2,5,0.6
BBLP,2,3,5,0.4
BBLS,1,0,1,1.0
BBLb,7,2,9,0.78
BBLh,0,0,0,
BBLj,0,2,2,0.0
BBLl,1,2,3,0.33
BBLm,4,6,10,0.4
BBLn,4,5,9,0.44
BBLs,1,1,2,0.5
BBMB,4,12,16,0.25
BBMD,2,2,4,0.5
BBMH,0,1,1,0.0
BBMK,1,0,1,1.0
BBML,2,0,2,1.0
BBMM,7,10,17,0.41
BBMN,3,9,12,0.25
BBMP,14,12,26,0.54
BBMS,4,7,11,0.36
BBMb,17,13,30,0.57
BBMh,1,8,9,0.11
BBMj,1,2,3,0.33
BBMl,3,4,7,0.43
BBMm,13,14,27,0.48
BBMn,10,16,26,0.38
BBMs,3,5,8,0.38
BBMt,1,2,3,0.33
BBNB,17,13,30,0.57
BBND,1,3,4,0.25
BBNH,2,4,6,0.33
BBNK,2,0,2,1.0
BBNL,2,4,6,0.33
BBNM,8,14,22,0.36
BBNN,17,20,37,0.46
BBNP,12,18,30,0.4
BBNS,1,5,6,0.17
BBNb,9,11,20,0.45
BBNh,5,3,8,0.62
BBNl,1,3,4,0.25
BBNm,14,17,31,0.45
BBNn,13,14,27,0.48
BBNs,9,2,11,0.82
BBNt,1,0,1,1.0
BBPB,15,17,32,0.47
BBPD,4,3,7,0.57
BBPH,4,1,5,0.8
BBPI,1,1,2,0.5
BBPK,0,1,1,0.0
BBPL,11,4,15,0.73
BBPM,12,16,28,0.43
BBPN,16,13,29,0.55
BBPP,21,20,41,0.51
BBPS,6,5,11,0.55
BBPb,11,9,20,0.55
BBPh,3,3,6,0.5
BBPl,7,6,13,0.54
BBPm,14,26,40,0.35
BBPn,22,18,40,0.55
BBPs,5,11,16,0.31
BBPt,1,1,2,0.5
BBSB,3,6,9,0.33
BBSD,0,1,1,0.0
BBSH,0,0,0,
BBSL,3,1,4,0.75
BBSM,4,4,8,0.5
BBSN,10,5,15,0.67
BBSP,6,4,10,0.6
BBSS,2,2,4,0.5
BBSb,6,1,7,0.86
BBSh,2,0,2,1.0
BBSl,2,0,2,1.0
BBSm,2,6,8,0.25
BBSn,3,5,8,0.38
BBSs,6,2,8,0.75
BBSt,0,0,0,
BBbB,14,8,22,0.64
BBbD,4,3,7,0.57
BBbH,4,2,6,0.67
BBbI,1,0,1,1.0
BBbJ,5,2,7,0.71
BBbK,1,2,3,0.33
BBbL,2,2,4,0.5
BBbM,11,8,19,0.58
BBbN,10,11,21,0.48
BBbP,12,22,34,0.35
BBbS,3,4,7,0.43
BBbb,5,12,17,0.29
BBbl,0,9,9,0.0
BBbm,16,14,30,0.53
BBbn,9,10,19,0.47
BBbs,3,4,7,0.43
BBhB,0,1,1,0.0
BBhD,1,0,1,1.0
BBhL,0,1,1,0.0
BBhM,0,0,0,
BBhP,2,3,5,0.4
BBhb,1,1,2,0.5
BBhh,1,1,2,0.5
BBhl,1,0,1,1.0
BBhm,1,0,1,1.0
BBhn,1,1,2,0.5
BBhs,1,0,1,1.0
BBjB,3,2,5,0.6
BBjD,0,1,1,0.0
BBjM,1,0,1,1.0
BBjP,1,5,6,0.17
BBjS,1,2,3,0.33
BBjb,2,2,4,0.5
BBjh,0,1,1,0.0
BBjm,1,0,1,1.0
BBjn,3,1,4,0.75
BBjs,1,0,1,1.0
BBjt,1,0,1,1.0
BBlB,3,4,7,0.43
BBlH,5,1,6,0.83
BBlJ,1,0,1,1.0
BBlL,2,1,3,0.67
BBlM,2,3,5,0.4
BBlN,2,5,7,0.29
BBlP,0,3,3,0.0
BBlS,1,2,3,0.33
BBlb,2,1,3,0.67
BBll,2,0,2,1.0
BBlm,6,3,9,0.67
BBln,3,4,7,0.43
BBls,1,2,3,0.33
BBmB,8,15,23,0.35
BBmD,5,4,9,0.56
BBmH,7,10,17,0.41
BBmI,2,1,3,0.67
BBmJ,1,2,3,0.33
BBmL,3,2,5,0.6
BBmM,5,19,24,0.21
BBmN,19,18,37,0.51
BBmP,12,13,25,0.48
BBmS,5,10,15,0.33
BBmb,11,5,16,0.69
BBml,2,4,6,0.33
BBmm,23,17,40,0.57
BBmn,11,6,17,0.65
BBms,8,11,19,0.42
BBnB,11,19,30,0.37
BBnD,1,3,4,0.25
BBnH,6,6,12,0.5
BBnI,2,2,4,0.5
BBnK,1,1,2,0.5
BBnL,3,6,9,0.33
BBnM,12,16,28,0.43
BBnN,20,20,40,0.5
BBnP,20,14,34,0.59
BBnS,10,10,20,0.5
BBnb,9,9,18,0.5
BBnh,1,2,3,0.33
BBnl,2,6,8,0.25
BBnm,19,14,33,0.58
BBnn,12,16,28,0.43
BBns,15,7,22,0.68
BBsB,5,6,11,0.45
BBsH,9,6,15,0.6
BBsI,1,0,1,1.0
BBsL,1,1,2,0.5
BBsM,1,3,4,0.25
BBsN,4,2,6,0.67
BBsP,5,3,8,0.62
BBsS,1,2,3,0.33
BBsb,2,1,3,0.67
BBsl,2,3,5,0.4
BBsm,5,6,11,0.45
BBsn,6,3,9,0.67
BBss,5,2,7,0.71
BBtB,0,1,1,0.0
BBtH,0,0,0,
BBtI,0,0,0,
BBtM,0,1,1,0.0
BBtN,2,0,2,1.0
BBtP,2,3,5,0.4
BBtS,1,1,2,0.5
BBtb,0,1,1,0.0
BBtm,1,1,2,0.5
BBtn,2,0,2,1.0
BBts,0,0,0,
BDBB,4,5,9,0.44
BDBD,0,0,0,
BDBK,0,1,1,0.0
BDBL,0,1,1,0.0
BDBM,1,3,4,0.25
BDBN,0,1,1,0.0
BDBP,3,3,6,0.5
BDBS,1,1,2,0.5
BDBb,2,1,3,0.67
BDBj,1,0,1,1.0
BDBl,1,0,1,1.0
BDBm,1,2,3,0.33
BDBn,2,4,6,0.33
BDBs,1,0,1,1.0
BDDB,2,2,4,0.5
BDDD,1,0,1,1.0
BDDH,0,5,5,0.0
BDDL,0,1,1,0.0
BDDM,0,2,2,0.0
BDDN,2,1,3,0.67
BDDP,3,1,4,0.75
BDDS,1,1,2,0.5
BDDb,3,0,3,1.0
BDDm,1,2,3,0.33
BDDn,0,1,1,0.0
BDDs,1,0,1,1.0
BDHB,4,1,5,0.8
BDHD,2,1,3,0.67
BDHH,0,0,0,
BDHK,1,0,1,1.0
BDHL,2,1,3,0.67
BDHM,2,1,3,0.67
BDHN,2,2,4,0.5
BDHP,1,4,5,0.2
BDHS,2,0,2,1.0
BDHb,0,4,4,0.0
BDHh,0,0,0,
BDHl,0,0,0,
BDHm,2,6,8,0.25
BDHn,2,3,5,0.4
BDHs,0,1,1,0.0
BDIN,1,0,1,1.0
BDLB,0,2,2,0.0
BDLD,0,0,0,
BDLM,1,1,2,0.5
BDLN,1,2,3,0.33
BDLP,1,0,1,1.0
BDLS,2,1,3,0.67
BDLh,1,0,1,1.0
BDLj,1,0,1,1.0
BDLl,0,1,1,0.0
BDLm,1,1,2,0.5
BDLn,1,4,5,0.2
BDMB,2,7,9,0.22
BDMD,2,1,3,0.67
BDMM,3,4,7,0.43
BDMN,6,1,7,0.86
BDMP,4,5,9,0.44
BDMS,0,1,1,0.0
BDMb,2,4,6,0.33
BDMh,3,3,6,0.5
BDMj,1,0,1,1.0
BDMl,0,0,0,
BDMm,8,1,9,0.89
BDMn,4,1,5,0.8
BDMs,2,1,3,0.67
BDNB,2,2,4,0.5
BDND,1,1,2,0.5
BDNH,1,1,2,0.5
BDNK,1,0,1,1.0
BDNL,0,1,1,0.0
BDNM,4,6,10,0.4
BDNN,2,1,3,0.67
BDNP,0,1,1,0.0
BDNb,2,3,5,0.4
BDNl,1,0,1,1.0
BDNm,5,2,7,0.71
BDNn,1,3,4,0.25
BDNs,1,1,2,0.5
BDPB,4,4,8,0.5
BDPD,1,0,1,1.0
BDPH,0,2,2,0.0
BDPK,0,1,1,0.0
BDPL,1,1,2,0.5
BDPM,1,3,4,0.25
BDPN,0,2,2,0.0
BDPP,5,4,9,0.56
BDPS,1,4,5,0.2
BDPb,2,4,6,0.33
BDPh,1,0,1,1.0
BDPl,1,1,2,0.5
BDPm,4,2,6,0.67
BDPn,3,3,6,0.5
BDPs,3,2,5,0.6
BDPt,0,1,1,0.0
BDSB,5,2,7,0.71
BDSH,2,0,2,1.0
BDSM,0,3,3,0.0
BDSN,1,1,2,0.5
BDSP,2,3,5,0.4
BDSS,1,2,3,0.33
BDSb,0,2,2,0.0
BDSh,0,0,0,
BDSm,3,4,7,0.43
BDSn,6,1,7,0.86
BDSs,1,1,2,0.5
BDbB,1,3,4,0.25
BDbD,0,0,0,
BDbI,1,0,1,1.0
BDbJ,1,0,1,1.0
BDbK,1,2,3,0.33
BDbL,0,1,1,0.0
BDbM,3,0,3,1.0
BDbN,1,1,2,0.5
BDbP,2,2,4,0.5
BDbS,1,1,2,0.5
BDbb,1,0,1,1.0
BDbl,0,1,1,0.0
BDbm,6,3,9,0.67
BDbn,1,2,3,0.33
BDbs,1,1,2,0.5
BDhP,0,0,0,
BDhm,0,1,1,0.0
BDlB,1,0,1,1.0
BDlI,0,0,0,
BDlN,2,2,4,0.5
BDlP,0,2,2,0.0
BDlS,0,1,1,0.0
BDlb,0,0,0,
BDlm,1,1,2,0.5
BDln,2,0,2,1.0
BDls,0,2,2,0.0
BDmB,3,2,5,0.6
BDmD,2,2,4,0.5
BDmH,5,4,9,0.56
BDmL,1,1,2,0.5
BDmM,4,4,8,0.5
BDmN,3,1,4,0.75
BDmP,5,7,12,0.42
BDmS,1,7,8,0.12
BDmb,0,0,0,
BDml,1,1,2,0.5
BDmm,5,5,10,0.5
BDmn,2,1,3,0.67
BDms,3,2,5,0.6
BDnB,2,0,2,1.0
BDnD,2,0,2,1.0
BDnL,1,2,3,0.33
BDnM,2,2,4,0.5
BDnN,1,1,2,0.5
BDnP,2,5,7,0.29
BDnS,1,2,3,0.33
BDnb,3,3,6,0.5
BDnl,0,1,1,0.0
BDnm,5,3,8,0.62
BDnn,2,4,6,0.33
BDns,0,2,2,0.0
BDsB,0,2,2,0.0
BDsD,0,1,1,0.0
BDsH,2,1,3,0.67
BDsI,1,0,1,1.0
BDsL,0,0,0,
BDsM,1,1,2,0.5
BDsN,1,1,2,0.5
BDsP,1,4,5,0.2
BDsS,4,4,8,0.5
BDsb,2,1,3,0.67
BDsm,1,5,6,0.17
BDsn,2,0,2,1.0
BDss,1,0,1,1.0
BDtD,0,1,1,0.0
BDtH,1,0,1,1.0
BDtP,1,0,1,1.0
BDtS,0,1,1,0.0
BDts,2,0,2,1.0
BHBL,0,1,1,0.0
BHBM,0,1,1,0.0
BHBl,1,0,1,1.0
BHBm,1,0,1,1.0
BHHS,0,0,0,
BHMN,1,0,1,1.0
BHMP,0,1,1,0.0
BHMh,1,0,1,1.0
BHMs,0,1,1,0.0
BHNH,0,1,1,0.0
BHNS,1,0,1,1.0
BHPM,0,1,1,0.0
BHPP,0,0,0,
BHPS,0,1,1,0.0
BHPm,0,1,1,0.0
BHSS,0,1,1,0.0
BHbB,0,1,1,0.0
BHlM,0,0,0,
BHmH,1,0,1,1.0
BHmb,1,0,1,1.0
BHnN,0,0,0,
BHsB,0,1,1,0.0
BHsH,1,1,2,0.5
BHsP,1,0,1,1.0
BHsS,0,0,0,
BHsh,0,1,1,0.0
BIBB,0,0,0,
BImM,1,0,1,1.0
BIsS,0,0,0,
BKBB,0,0,0,
BKBK,0,0,0,
BKBM,0,1,1,0.0
BKBN,0,3,3,0.0
BKBP,1,1,2,0.5
BKBS,0,1,1,0.0
BKBb,2,0,2,1.0
BKBl,2,0,2,1.0
BKBm,1,2,3,0.33
BKBn,2,0,2,1.0
BKBs,1,0,1,1.0
BKDB,0,0,0,
BKDD,1,1,2,0.5
BKDM,1,0,1,1.0
BKDP,1,0,1,1.0
BKDb,1,1,2,0.5
BKDm,0,1,1,0.0
BKHM,1,0,1,1.0
BKHb,0,0,0,
BKIP,1,0,1,1.0
BKIn,1,0,1,1.0
BKLB,0,2,2,0.0
BKLM,0,0,0,
BKLN,1,1,2,0.5
BKLS,0,1,1,0.0
BKLb,2,0,2,1.0
BKLm,0,1,1,0.0
BKLn,0,1,1,0.0
BKLs,0,1,1,0.0
BKMB,0,2,2,0.0
BKMD,0,1,1,0.0
BKML,1,0,1,1.0
BKMM,3,3,6,0.5
BKMN,0,2,2,0.0
BKMP,2,1,3,0.67
BKMS,3,0,3,1.0
BKMb,2,0,2,1.0
BKMh,0,2,2,0.0
BKMl,0,1,1,0.0
BKMm,2,3,5,0.4
BKMn,1,2,3,0.33
BKMs,2,2,4,0.5
BKNB,0,3,3,0.0
BKND,0,1,1,0.0
BKNK,0,1,1,0.0
BKNL,1,1,2,0.5
BKNM,0,4,4,0.0
BKNN,0,2,2,0.0
BKNP,2,1,3,0.67
BKNS,1,1,2,0.5
BKNb,2,1,3,0.67
BKNh,0,1,1,0.0
BKNm,2,3,5,0.4
BKNn,2,1,3,0.67
BKNs,1,2,3,0.33
BKNt,0,1,1,0.0
BKPB,1,1,2,0.5
BKPD,1,2,3,0.33
BKPH,1,1,2,0.5
BKPL,0,4,4,0.0
BKPM,4,4,8,0.5
BKPN,2,1,3,0.67
BKPP,2,1,3,0.67
BKPS,1,1,2,0.5
BKPb,5,1,6,0.83
BKPl,1,1,2,0.5
BKPm,3,6,9,0.33
BKPn,0,1,1,0.0
BKPt,0,1,1,0.0
BKSH,2,0,2,1.0
BKSM,0,2,2,0.0
BKSP,2,0,2,1.0
BKSS,0,1,1,0.0
BKSb,1,1,2,0.5
BKSl,1,0,1,1.0
BKSm,2,1,3,0.67
BKSn,0,0,0,
BKSs,0,0,0,
BKSt,0,1,1,0.0
BKbB,1,0,1,1.0
BKbD,1,0,1,1.0
BKbH,1,0,1,1.0
BKbI,1,0,1,1.0
BKbM,1,0,1,1.0
BKbN,2,3,5,0.4
BKbP,1,1,2,0.5
BKbS,0,2,2,0.0
BKbb,0,1,1,0.0
BKbm,0,3,3,0.0
BKbs,1,0,1,1.0
BKhB,2,0,2,1.0
BKhM,0,3,3,0.0
BKhN,2,3,5,0.4
BKhP,2,1,3,0.67
BKhS,0,1,1,0.0
BKhb,0,2,2,0.0
BKhh,1,0,1,1.0
BKhl,1,0,1,1.0
BKhm,1,1,2,0.5
BKhn,1,2,3,0.33
BKhs,1,0,1,1.0
BKlB,1,0,1,1.0
BKlI,1,0,1,1.0
BKlM,2,0,2,1.0
BKlP,0,1,1,0.0
BKln,0,2,2,0.0
BKls,0,2,2,0.0
BKmB,1,0,1,1.0
BKmD,0,3,3,0.0
BKmH,2,1,3,0.67
BKmI,0,1,1,0.0
BKmL,0,1,1,0.0
BKmM,3,1,4,0.75
BKmN,0,2,2,0.0
BKmP,1,0,1,1.0
BKmS,2,0,2,1.0
BKmb,1,1,2,0.5
BKml,0,1,1,0.0
BKmm,1,3,4,0.25
BKmn,5,2,7,0.71
BKms,1,3,4,0.25
BKnB,2,1,3,0.67
BKnD,2,0,2,1.0
BKnH,0,1,1,0.0
BKnK,0,1,1,0.0
BKnM,1,5,6,0.17
BKnN,1,2,3,0.33
BKnP,1,3,4,0.25
BKnS,0,1,1,0.0
BKnb,0,0,0,
BKnl,1,0,1,1.0
BKnm,2,2,4,0.5
BKnn,3,1,4,0.75
BKns,0,1,1,0.0
BKsD,2,0,2,1.0
BKsH,0,0,0,
BKsI,0,1,1,0.0
BKsM,1,1,2,0.5
BKsN,0,1,1,0.0
BKsP,1,0,1,1.0
BKsS,0,2,2,0.0
BKsb,1,0,1,1.0
BKsm,0,2,2,0.0
BKsn,1,0,1,1.0
BKss,2,0,2,1.0
BKtB,0,1,1,0.0
BLBB,1,3,4,0.25
BLBL,0,1,1,0.0
BLBM,1,1,2,0.5
BLBN,4,4,8,0.5
BLBP,4,5,9,0.44
BLBS,1,1,2,0.5
BLBb,4,5,9,0.44
BLBh,0,1,1,0.0
BLBj,2,1,3,0.67
BLBl,0,1,1,0.0
BLBm,7,1,8,0.88
BLBn,5,6,11,0.45
BLBs,1,1,2,0.5
BLDD,1,1,2,0.5
BLDH,1,0,1,1.0
BLDL,0,1,1,0.0
BLDM,2,0,2,1.0
BLDN,1,1,2,0.5
BLDP,2,0,2,1.0
BLDb,1,1,2,0.5
BLDm,1,2,3,0.33
BLDs,1,1,2,0.5
BLHs,1,0,1,1.0
BLKM,1,0,1,1.0
BLKm,0,1,1,0.0
BLKs,0,1,1,0.0
BLLB,0,1,1,0.0
BLLD,0,0,0,
BLLK,0,1,1,0.0
BLLM,1,0,1,1.0
BLLN,1,1,2,0.5
BLLP,3,0,3,1.0
BLLS,1,2,3,0.33
BLLb,0,2,2,0.0
BLLh,1,0,1,1.0
BLLj,0,1,1,0.0
BLLl,1,0,1,1.0
BLLm,1,4,5,0.2
BLLn,1,1,2,0.5
BLLs,2,1,3,0.67
BLMB,2,6,8,0.25
BLMD,0,1,1,0.0
BLML,0,2,2,0.0
BLMM,3,0,3,1.0
BLMN,6,3,9,0.67
BLMP,2,3,5,0.4
BLMS,1,0,1,1.0
BLMb,4,2,6,0.67
BLMh,3,5,8,0.38
BLMj,2,0,2,1.0
BLMm,5,5,10,0.5
BLMn,3,2,5,0.6
BLMs,2,1,3,0.67
BLNB,3,4,7,0.43
BLNH,1,2,3,0.33
BLNM,4,0,4,1.0
BLNN,2,4,6,0.33
BLNP,1,4,5,0.2
BLNS,0,1,1,0.0
BLNb,4,4,8,0.5
BLNh,2,1,3,0.67
BLNl,1,0,1,1.0
BLNm,1,2,3,0.33
BLNn,5,7,12,0.42
BLNs,2,2,4,0.5
BLPB,5,5,10,0.5
BLPD,1,0,1,1.0
BLPH,1,1,2,0.5
BLPI,0,1,1,0.0
BLPK,1,1,2,0.5
BLPL,0,3,3,0.0
BLPM,3,6,9,0.33
BLPN,7,3,10,0.7
BLPP,7,7,14,0.5
BLPS,1,4,5,0.2
BLPb,4,2,6,0.67
BLPh,1,0,1,1.0
BLPl,2,1,3,0.67
BLPm,3,1,4,0.75
BLPn,4,4,8,0.5
BLPs,1,2,3,0.33
BLPt,1,1,2,0.5
BLSB,5,2,7,0.71
BLSD,0,1,1,0.0
BLSH,1,0,1,1.0
BLSL,1,0,1,1.0
BLSM,2,1,3,0.67
BLSN,0,1,1,0.0
BLSP,0,2,2,0.0
BLSS,3,1,4,0.75
BLSb,0,2,2,0.0
BLSh,0,2,2,0.0
BLSl,2,0,2,1.0
BLSm,2,3,5,0.4
BLSn,3,0,3,1.0
BLSs,1,1,2,0.5
BLSt,0,1,1,0.0
BLbB,3,7,10,0.3
BLbD,0,1,1,0.0
BLbH,0,0,0,
BLbK,1,1,2,0.5
BLbL,0,0,0,
BLbM,2,4,6,0.33
BLbN,6,2,8,0.75
BLbP,9,5,14,0.64
BLbS,3,4,7,0.43
BLbb,2,2,4,0.5
BLbl,2,1,3,0.67
BLbm,3,5,8,0.38
BLbn,2,1,3,0.67
BLbs,3,3,6,0.5
BLhB,0,1,1,0.0
BLhM,1,0,1,1.0
BLhN,2,1,3,0.67
BLhP,2,3,5,0.4
BLhb,0,1,1,0.0
BLhh,0,3,3,0.0
BLhl,1,0,1,1.0
BLhm,2,1,3,0.67
BLhn,3,1,4,0.75
BLhs,0,1,1,0.0
BLjB,1,1,2,0.5
BLjL,1,0,1,1.0
BLjN,1,1,2,0.5
BLjP,0,1,1,0.0
BLjb,1,2,3,0.33
BLjl,1,0,1,1.0
BLjm,1,1,2,0.5
BLjn,0,1,1,0.0
BLjs,1,0,1,1.0
BLlB,1,1,2,0.5
BLlH,0,1,1,0.0
BLlJ,0,4,4,0.0
BLlL,0,0,0,
BLlM,2,0,2,1.0
BLlN,2,0,2,1.0
BLlP,1,1,2,0.5
BLlS,1,1,2,0.5
BLlb,0,2,2,0.0
BLlm,1,2,3,0.33
BLln,3,1,4,0.75
BLls,1,0,1,1.0
BLmB,4,5,9,0.44
BLmD,1,0,1,1.0
BLmH,2,2,4,0.5
BLmL,2,1,3,0.67
BLmM,2,6,8,0.25
BLmN,6,4,10,0.6
BLmP,2,5,7,0.29
BLmS,1,3,4,0.25
BLmb,4,5,9,0.44
BLml,0,2,2,0.0
BLmm,7,5,12,0.58
BLmn,5,7,12,0.42
BLms,1,5,6,0.17
BLnB,3,2,5,0.6
BLnD,2,1,3,0.67
BLnH,1,2,3,0.33
BLnI,0,1,1,0.0
BLnL,0,0,0,
BLnM,3,4,7,0.43
BLnN,3,5,8,0.38
BLnP,7,7,14,0.5
BLnS,4,2,6,0.67
BLnb,2,2,4,0.5
BLnl,2,2,4,0.5
BLnm,7,4,11,0.64
BLnn,9,4,13,0.69
BLns,3,1,4,0.75
BLsB,4,0,4,1.0
BLsH,1,2,3,0.33
BLsL,1,1,2,0.5
BLsM,1,1,2,0.5
BLsN,4,3,7,0.57
BLsP,4,3,7,0.57
BLsS,1,3,4,0.25
BLsb,3,0,3,1.0
BLsl,0,1,1,0.0
BLsm,1,1,2,0.5
BLsn,1,1,2,0.5
BLss,2,5,7,0.29
BLtH,0,2,2,0.0
BLtN,0,0,0,
BLtP,0,0,0,
BLtm,1,0,1,1.0
BLts,1,0,1,1.0
BLtt,1,0,1,1.0
BMBB,6,11,17,0.35
BMBD,2,3,5,0.4
BMBK,1,0,1,1.0
BMBL,1,2,3,0.33
BMBM,5,6,11,0.45
BMBN,8,14,22,0.36
BMBP,14,14,28,0.5
BMBS,1,4,5,0.2
BMBb,13,13,26,0.5
BMBj,0,2,2,0.0
BMBl,2,4,6,0.33
BMBm,12,16,28,0.43
BMBn,10,13,23,0.43
BMBs,2,2,4,0.5
BMBt,2,0,2,1.0
BMDB,2,2,4,0.5
BMDD,3,0,3,1.0
BMDH,2,2,4,0.5
BMDI,0,0,0,
BMDL,0,2,2,0.0
BMDM,0,4,4,0.0
BMDN,3,4,7,0.43
BMDP,4,4,8,0.5
BMDS,4,1,5,0.8
BMDb,3,1,4,0.75
BMDl,0,2,2,0.0
BMDm,1,2,3,0.33
BMDn,0,0,0,
BMDs,0,5,5,0.0
BMHH,0,0,0,
BMHl,0,0,0,
BMHs,0,1,1,0.0
BMKI,1,0,1,1.0
BMKN,0,0,0,
BMKm,1,0,1,1.0
BMLB,1,4,5,0.2
BMLK,0,2,2,0.0
BMLL,2,0,2,1.0
BMLM,2,2,4,0.5
BMLN,1,1,2,0.5
BMLP,0,1,1,0.0
BMLS,3,1,4,0.75
BMLb,3,1,4,0.75
BMLh,2,2,4,0.5
BMLj,0,1,1,0.0
BMLl,0,1,1,0.0
BMLm,4,3,7,0.57
BMLn,4,1,5,0.8
BMLs,0,1,1,0.0
BMMB,5,13,18,0.28
BMMD,1,2,3,0.33
BMML,1,2,3,0.33
BMMM,9,6,15,0.6
BMMN,8,5,13,0.62
BMMP,13,9,22,0.59
BMMS,6,3,9,0.67
BMMb,2,10,12,0.17
BMMh,3,5,8,0.38
BMMj,0,1,1,0.0
BMMl,1,1,2,0.5
BMMm,9,16,25,0.36
BMMn,9,6,15,0.6
BMMs,3,5,8,0.38
BMMt,1,1,2,0.5
BMNB,6,8,14,0.43
BMND,5,2,7,0.71
BMNH,4,2,6,0.67
BMNK,0,2,2,0.0
BMNL,5,3,8,0.62
BMNM,10,6,16,0.62
BMNN,9,16,25,0.36
BMNP,15,17,32,0.47
BMNS,6,7,13,0.46
BMNb,7,6,13,0.54
BMNh,2,4,6,0.33
BMNl,1,0,1,1.0
BMNm,4,12,16,0.25
BMNn,18,13,31,0.58
BMNs,7,5,12,0.58
BMPB,17,13,30,0.57
BMPD,1,2,3,0.33
BMPH,7,3,10,0.7
BMPI,2,0,2,1.0
BMPK,4,0,4,1.0
BMPL,5,3,8,0.62
BMPM,12,9,21,0.57
BMPN,9,11,20,0.45
BMPP,13,12,25,0.52
BMPS,14,10,24,0.58
BMPb,7,6,13,0.54
BMPh,1,2,3,0.33
BMPl,3,2,5,0.6
BMPm,18,14,32,0.56
BMPn,10,15,25,0.4
BMPs,6,10,16,0.38
BMSB,3,8,11,0.27
BMSD,1,0,1,1.0
BMSH,2,2,4,0.5
BMSI,0,0,0,
BMSK,0,1,1,0.0
BMSL,0,1,1,0.0
BMSM,3,4,7,0.43
BMSN,2,7,9,0.22
BMSP,3,5,8,0.38
BMSS,1,2,3,0.33
BMSb,5,5,10,0.5
BMSh,3,4,7,0.43
BMSl,1,3,4,0.25
BMSm,5,5,10,0.5
BMSn,5,3,8,0.62
BMSs,3,4,7,0.43
BMbB,9,9,18,0.5
BMbD,2,2,4,0.5
BMbH,4,2,6,0.67
BMbJ,0,1,1,0.0
BMbK,3,2,5,0.6
BMbL,3,2,5,0.6
BMbM,12,7,19,0.63
BMbN,13,22,35,0.37
BMbP,10,8,18,0.56
BMbS,5,6,11,0.45
BMbb,8,7,15,0.53
BMbl,2,2,4,0.5
BMbm,12,14,26,0.46
BMbn,11,8,19,0.58
BMbs,3,4,7,0.43
BMhB,8,7,15,0.53
BMhD,3,1,4,0.75
BMhH,1,3,4,0.25
BMhI,0,0,0,
BMhL,1,2,3,0.33
BMhM,12,12,24,0.5
BMhN,10,5,15,0.67
BMhP,8,13,21,0.38
BMhS,8,4,12,0.67
BMhb,9,4,13,0.69
BMhh,1,9,10,0.1
BMhl,1,1,2,0.5
BMhm,10,6,16,0.62
BMhn,6,9,15,0.4
BMhs,7,8,15,0.47
BMht,0,0,0,
BMjB,1,1,2,0.5
BMjH,1,1,2,0.5
BMjK,0,1,1,0.0
BMjM,0,0,0,
BMjN,0,2,2,0.0
BMjP,2,0,2,1.0
BMjS,0,1,1,0.0
BMjb,0,1,1,0.0
BMjm,1,3,4,0.25
BMjn,3,2,5,0.6
BMjs,3,1,4,0.75
BMlB,3,2,5,0.6
BMlD,1,3,4,0.25
BMlH,4,0,4,1.0
BMlI,2,1,3,0.67
BMlJ,0,1,1,0.0
BMlL,1,0,1,1.0
BMlM,3,1,4,0.75
BMlN,6,3,9,0.67
BMlP,6,6,12,0.5
BMlS,1,2,3,0.33
BMll,0,0,0,
BMlm,4,4,8,0.5
BMln,1,1,2,0.5
BMls,1,1,2,0.5
BMmB,10,10,20,0.5
BMmD,3,0,3,1.0
BMmH,6,13,19,0.32
BMmI,0,2,2,0.0
BMmJ,0,2,2,0.0
BMmL,1,3,4,0.25
BMmM,12,19,31,0.39
BMmN,27,16,43,0.63
BMmP,10,12,22,0.45
BMmS,9,11,20,0.45
BMmb,9,11,20,0.45
BMmh,0,1,1,0.0
BMml,1,1,2,0.5
BMmm,18,11,29,0.62
BMmn,7,16,23,0.3
BMms,6,6,12,0.5
BMnB,7,8,15,0.47
BMnD,3,4,7,0.43
BMnH,6,8,14,0.43
BMnI,1,1,2,0.5
BMnK,3,3,6,0.5
BMnL,3,2,5,0.6
BMnM,7,11,18,0.39
BMnN,23,22,45,0.51
BMnP,20,18,38,0.53
BMnS,11,4,15,0.73
BMnb,12,7,19,0.63
BMnh,1,0,1,1.0
BMnl,4,1,5,0.8
BMnm,12,11,23,0.52
BMnn,15,21,36,0.42
BMns,9,11,20,0.45
BMsB,6,6,12,0.5
BMsD,2,1,3,0.67
BMsH,1,3,4,0.25
BMsI,1,0,1,1.0
BMsL,3,0,3,1.0
BMsM,3,5,8,0.38
BMsN,4,4,8,0.5
BMsP,5,3,8,0.62
BMsS,5,4,9,0.56
BMsb,4,4,8,0.5
BMsl,2,1,3,0.67
BMsm,12,10,22,0.55
BMsn,4,6,10,0.4
BMss,5,3,8,0.62
BMtB,0,1,1,0.0
BMtH,0,1,1,0.0
BMtL,0,0,0,
BMtM,0,0,0,
BMtN,2,1,3,0.67
BMtP,3,1,4,0.75
BMtS,1,2,3,0.33
BMtb,1,0,1,1.0
BMtn,1,1,2,0.5
BNBB,16,13,29,0.55
BNBD,2,4,6,0.33
BNBH,1,0,1,1.0
BNBK,1,1,2,0.5
BNBL,0,4,4,0.0
BNBM,7,16,23,0.3
BNBN,5,9,14,0.36
BNBP,9,21,30,0.3
BNBS,6,7,13,0.46
BNBb,16,14,30,0.53
BNBh,1,1,2,0.5
BNBj,2,1,3,0.67
BNBl,1,4,5,0.2
BNBm,11,12,23,0.48
BNBn,12,14,26,0.46
BNBs,2,7,9,0.22
BNBt,2,3,5,0.4
BNDB,5,4,9,0.56
BNDD,1,1,2,0.5
BNDH,3,4,7,0.43
BNDL,0,0,0,
BNDM,2,3,5,0.4
BNDN,1,6,7,0.14
BNDP,2,3,5,0.4
BNDS,6,4,10,0.6
BNDb,2,3,5,0.4
BNDh,1,0,1,1.0
BNDl,0,2,2,0.0
BNDm,3,3,6,0.5
BNDn,3,4,7,0.43
BNDs,0,1,1,0.0
BNDt,1,0,1,1.0
BNHB,2,2,4,0.5
BNHD,0,1,1,0.0
BNHI,0,1,1,0.0
BNHK,1,0,1,1.0
BNHL,0,1,1,0.0
BNHM,1,1,2,0.5
BNHN,1,2,3,0.33
BNHP,1,4,5,0.2
BNHS,0,1,1,0.0
BNHb,1,0,1,1.0
BNHh,0,1,1,0.0
BNHl,1,0,1,1.0
BNHm,1,1,2,0.5
BNHn,3,1,4,0.75
BNHs,0,2,2,0.0
BNIN,0,0,0,
BNIS,0,1,1,0.0
BNIb,1,1,2,0.5
BNIm,1,0,1,1.0
BNKB,0,2,2,0.0
BNKD,0,1,1,0.0
BNKM,1,1,2,0.5
BNKN,0,1,1,0.0
BNKP,1,1,2,0.5
BNKS,2,0,2,1.0
BNKb,3,0,3,1.0
BNKh,4,0,4,1.0
BNKl,1,0,1,1.0
BNKm,3,2,5,0.6
BNKn,0,1,1,0.0
BNKs,2,0,2,1.0
BNLB,3,1,4,0.75
BNLD,1,1,2,0.5
BNLK,0,0,0,
BNLM,0,4,4,0.0
BNLN,4,6,10,0.4
BNLP,6,3,9,0.67
BNLS,0,3,3,0.0
BNLb,5,2,7,0.71
BNLh,1,1,2,0.5
BNLj,0,1,1,0.0
BNLl,0,2,2,0.0
BNLm,3,5,8,0.38
BNLn,3,4,7,0.43
BNLs,2,4,6,0.33
BNMB,6,22,28,0.21
BNMD,0,3,3,0.0
BNML,1,1,2,0.5
BNMM,5,5,10,0.5
BNMN,8,8,16,0.5
BNMP,19,16,35,0.54
BNMS,3,4,7,0.43
BNMb,7,16,23,0.3
BNMh,5,4,9,0.56
BNMj,3,2,5,0.6
BNMl,2,6,8,0.25
BNMm,12,14,26,0.46
BNMn,16,19,35,0.46
BNMs,5,5,10,0.5
BNMt,1,1,2,0.5
BNNB,13,14,27,0.48
BNND,5,4,9,0.56
BNNH,4,1,5,0.8
BNNK,2,3,5,0.4
BNNL,1,6,7,0.14
BNNM,8,11,19,0.42
BNNN,20,13,33,0.61
BNNP,13,20,33,0.39
BNNS,10,10,20,0.5
BNNb,12,7,19,0.63
BNNh,0,5,5,0.0
BNNl,3,6,9,0.33
BNNm,16,13,29,0.55
BNNn,17,23,40,0.42
BNNs,7,11,18,0.39
BNNt,2,1,3,0.67
BNPB,10,15,25,0.4
BNPD,5,4,9,0.56
BNPH,3,9,12,0.25
BNPI,3,2,5,0.6
BNPK,3,1,4,0.75
BNPL,4,7,11,0.36
BNPM,17,21,38,0.45
BNPN,18,18,36,0.5
BNPP,16,22,38,0.42
BNPS,20,14,34,0.59
BNPb,15,9,24,0.62
BNPh,2,4,6,0.33
BNPl,9,4,13,0.69
BNPm,15,15,30,0.5
BNPn,14,21,35,0.4
BNPs,11,12,23,0.48
BNPt,2,5,7,0.29
BNSB,5,3,8,0.62
BNSD,3,1,4,0.75
BNSH,0,5,5,0.0
BNSL,2,0,2,1.0
BNSM,4,5,9,0.44
BNSN,5,2,7,0.71
BNSP,8,15,23,0.35
BNSS,6,7,13,0.46
BNSb,4,8,12,0.33
BNSh,6,5,11,0.55
BNSl,5,0,5,1.0
BNSm,10,6,16,0.62
BNSn,10,8,18,0.56
BNSs,5,10,15,0.33
BNSt,1,2,3,0.33
BNbB,4,4,8,0.5
BNbD,1,2,3,0.33
BNbH,1,2,3,0.33
BNbI,0,2,2,0.0
BNbJ,2,2,4,0.5
BNbK,1,1,2,0.5
BNbL,1,4,5,0.2
BNbM,10,6,16,0.62
BNbN,7,12,19,0.37
BNbP,16,12,28,0.57
BNbS,3,5,8,0.38
BNbb,11,8,19,0.58
BNbl,3,4,7,0.43
BNbm,12,9,21,0.57
BNbn,11,4,15,0.73
BNbs,5,5,10,0.5
BNhB,5,5,10,0.5
BNhD,0,2,2,0.0
BNhH,0,1,1,0.0
BNhL,2,3,5,0.4
BNhM,5,3,8,0.62
BNhN,1,6,7,0.14
BNhP,2,6,8,0.25
BNhS,0,2,2,0.0
BNhb,3,4,7,0.43
BNhh,4,3,7,0.57
BNhl,0,1,1,0.0
BNhm,1,2,3,0.33
BNhn,3,7,10,0.3
BNhs,3,2,5,0.6
BNht,1,0,1,1.0
BNlB,1,3,4,0.25
BNlD,1,3,4,0.25
BNlH,4,3,7,0.57
BNlJ,2,1,3,0.67
BNlK,1,0,1,1.0
BNlM,4,5,9,0.44
BNlN,5,8,13,0.38
BNlP,1,1,2,0.5
BNlS,0,0,0,
BNlb,2,3,5,0.4
BNll,0,1,1,0.0
BNlm,4,2,6,0.67
BNln,2,3,5,0.4
BNls,3,3,6,0.5
BNmB,12,12,24,0.5
BNmD,4,5,9,0.44
BNmH,8,12,20,0.4
BNmJ,0,4,4,0.0
BNmL,3,3,6,0.5
BNmM,13,12,25,0.52
BNmN,9,18,27,0.33
BNmP,15,25,40,0.38
BNmS,10,12,22,0.45
BNmb,8,17,25,0.32
BNml,4,3,7,0.57
BNmm,12,30,42,0.29
BNmn,16,15,31,0.52
BNms,18,11,29,0.62
BNnB,10,16,26,0.38
BNnD,2,4,6,0.33
BNnH,6,14,20,0.3
BNnI,6,1,7,0.86
BNnK,0,0,0,
BNnL,6,4,10,0.6
BNnM,16,14,30,0.53
BNnN,18,34,52,0.35
BNnP,14,19,33,0.42
BNnS,17,10,27,0.63
BNnb,7,8,15,0.47
BNnh,1,2,3,0.33
BNnl,7,2,9,0.78
BNnm,22,11,33,0.67
BNnn,14,16,30,0.47
BNns,17,15,32,0.53
BNsB,5,2,7,0.71
BNsD,1,5,6,0.17
BNsH,4,6,10,0.4
BNsI,1,0,1,1.0
BNsL,1,5,6,0.17
BNsM,8,9,17,0.47
BNsN,3,11,14,0.21
BNsP,9,15,24,0.38
BNsS,5,4,9,0.56
BNsb,3,2,5,0.6
BNsh,0,1,1,0.0
BNsl,1,0,1,1.0
BNsm,9,7,16,0.56
BNsn,12,8,20,0.6
BNss,5,6,11,0.45
BNtB,2,0,2,1.0
BNtD,1,1,2,0.5
BNtH,1,0,1,1.0
BNtI,0,1,1,0.0
BNtM,1,1,2,0.5
BNtN,2,2,4,0.5
BNtP,1,0,1,1.0
BNtS,0,1,1,0.0
BNtb,1,0,1,1.0
BNtl,0,0,0,
BNtm,4,0,4,1.0
BNtn,1,3,4,0.25
BNts,0,1,1,0.0
BPBB,13,15,28,0.46
BPBD,2,4,6,0.33
BPBK,0,1,1,0.0
BPBL,4,4,8,0.5
BPBM,7,9,16,0.44
BPBN,17,15,32,0.53
BPBP,16,21,37,0.43
BPBS,6,4,10,0.6
BPBb,14,11,25,0.56
BPBh,0,2,2,0.0
BPBj,3,2,5,0.6
BPBl,3,0,3,1.0
BPBm,17,14,31,0.55
BPBn,16,12,28,0.57
BPBs,7,4,11,0.64
BPBt,1,1,2,0.5
BPDB,3,2,5,0.6
BPDD,1,1,2,0.5
BPDH,3,3,6,0.5
BPDI,1,0,1,1.0
BPDL,1,1,2,0.5
BPDM,5,3,8,0.62
BPDN,3,1,4,0.75
BPDP,1,5,6,0.17
BPDS,3,3,6,0.5
BPDb,5,4,9,0.56
BPDl,4,1,5,0.8
BPDm,1,5,6,0.17
BPDs,3,3,6,0.5
BPHB,3,3,6,0.5
BPHD,1,0,1,1.0
BPHH,0,1,1,0.0
BPHI,2,0,2,1.0
BPHK,0,1,1,0.0
BPHL,1,1,2,0.5
BPHM,4,0,4,1.0
BPHN,6,6,12,0.5
BPHP,2,3,5,0.4
BPHS,2,6,8,0.25
BPHb,1,3,4,0.25
BPHh,1,0,1,1.0
BPHl,2,1,3,0.67
BPHm,6,4,10,0.6
BPHn,2,1,3,0.67
BPHs,4,6,10,0.4
BPIB,1,0,1,1.0
BPIM,1,3,4,0.25
BPIN,0,0,0,
BPIP,3,1,4,0.75
BPIb,0,1,1,0.0
BPIl,0,0,0,
BPIm,2,3,5,0.4
BPIn,2,2,4,0.5
BPIs,2,1,3,0.67
BPKB,1,1,2,0.5
BPKD,0,0,0,
BPKH,1,0,1,1.0
BPKM,7,3,10,0.7
BPKN,4,0,4,1.0
BPKP,1,1,2,0.5
BPKh,1,2,3,0.33
BPKm,2,3,5,0.4
BPKn,0,3,3,0.0
BPKs,1,1,2,0.5
BPKt,0,1,1,0.0
BPLB,3,8,11,0.27
BPLD,2,0,2,1.0
BPLH,0,0,0,
BPLL,0,1,1,0.0
BPLM,2,3,5,0.4
BPLN,7,5,12,0.58
BPLP,7,9,16,0.44
BPLS,5,4,9,0.56
BPLb,3,5,8,0.38
BPLh,2,2,4,0.5
BPLj,0,1,1,0.0
BPLl,2,2,4,0.5
BPLm,8,13,21,0.38
BPLn,6,5,11,0.55
BPLs,10,3,13,0.77
BPLt,1,0,1,1.0
BPMB,15,11,26,0.58
BPMD,5,2,7,0.71
BPML,3,7,10,0.3
BPMM,8,11,19,0.42
BPMN,13,9,22,0.59
BPMP,19,24,43,0.44
BPMS,5,11,16,0.31
BPMb,7,16,23,0.3
BPMh,9,15,24,0.38
BPMj,1,0,1,1.0
BPMl,4,4,8,0.5
BPMm,15,19,34,0.44
BPMn,11,16,27,0.41
BPMs,7,16,23,0.3
BPMt,1,0,1,1.0
BPNB,19,13,32,0.59
BPND,1,3,4,0.25
BPNH,1,3,4,0.25
BPNK,1,1,2,0.5
BPNL,6,11,17,0.35
BPNM,13,15,28,0.46
BPNN,17,8,25,0.68
BPNP,25,20,45,0.56
BPNS,18,10,28,0.64
BPNb,8,12,20,0.4
BPNh,4,4,8,0.5
BPNl,4,8,12,0.33
BPNm,19,16,35,0.54
BPNn,18,16,34,0.53
BPNs,14,11,25,0.56
BPNt,2,0,2,1.0
BPPB,23,20,43,0.53
BPPD,4,7,11,0.36
BPPH,5,6,11,0.45
BPPI,1,1,2,0.5
BPPK,2,2,4,0.5
BPPL,10,11,21,0.48
BPPM,13,26,39,0.33
BPPN,17,17,34,0.5
BPPP,35,33,68,0.51
BPPS,12,14,26,0.46
BPPb,13,16,29,0.45
BPPh,3,4,7,0.43
BPPl,7,15,22,0.32
BPPm,29,20,49,0.59
BPPn,16,17,33,0.48
BPPs,12,18,30,0.4
BPPt,2,0,2,1.0
BPSB,5,6,11,0.45
BPSD,1,4,5,0.2
BPSH,2,0,2,1.0
BPSK,0,0,0,
BPSL,2,2,4,0.5
BPSM,5,7,12,0.42
BPSN,12,5,17,0.71
BPSP,10,8,18,0.56
BPSS,5,13,18,0.28
BPSb,8,8,16,0.5
BPSh,3,6,9,0.33
BPSl,1,5,6,0.17
BPSm,13,10,23,0.57
BPSn,7,10,17,0.41
BPSs,7,5,12,0.58
BPbB,11,13,24,0.46
BPbD,3,7,10,0.3
BPbH,3,1,4,0.75
BPbI,3,0,3,1.0
BPbJ,0,1,1,0.0
BPbK,3,1,4,0.75
BPbL,2,5,7,0.29
BPbM,13,15,28,0.46
BPbN,10,11,21,0.48
BPbP,15,14,29,0.52
BPbS,4,10,14,0.29
BPbb,8,12,20,0.4
BPbl,3,4,7,0.43
BPbm,12,11,23,0.52
BPbn,11,7,18,0.61
BPbs,7,4,11,0.64
BPhB,1,0,1,1.0
BPhM,1,3,4,0.25
BPhN,1,5,6,0.17
BPhP,2,2,4,0.5
BPhS,1,0,1,1.0
BPhb,1,0,1,1.0
BPhh,1,1,2,0.5
BPhl,0,1,1,0.0
BPhm,2,4,6,0.33
BPhn,1,0,1,1.0
BPhs,0,1,1,0.0
BPlB,3,5,8,0.38
BPlD,0,1,1,0.0
BPlH,1,7,8,0.12
BPlI,1,0,1,1.0
BPlJ,3,1,4,0.75
BPlL,4,0,4,1.0
BPlM,4,4,8,0.5
BPlN,7,6,13,0.54
BPlP,7,5,12,0.58
BPlS,7,4,11,0.64
BPlb,5,10,15,0.33
BPll,3,1,4,0.75
BPlm,4,6,10,0.4
BPln,3,5,8,0.38
BPls,2,1,3,0.67
BPmB,18,16,34,0.53
BPmD,6,5,11,0.55
BPmH,10,10,20,0.5
BPmI,0,1,1,0.0
BPmJ,2,0,2,1.0
BPmL,6,7,13,0.46
BPmM,16,19,35,0.46
BPmN,17,18,35,0.49
BPmP,23,17,40,0.57
BPmS,9,9,18,0.5
BPmb,17,10,27,0.63
BPml,5,5,10,0.5
BPmm,29,21,50,0.58
BPmn,11,19,30,0.37
BPms,8,7,15,0.53
BPnB,9,11,20,0.45
BPnD,2,4,6,0.33
BPnH,5,7,12,0.42
BPnI,2,4,6,0.33
BPnK,0,2,2,0.0
BPnL,6,8,14,0.43
BPnM,13,13,26,0.5
BPnN,16,15,31,0.52
BPnP,14,26,40,0.35
BPnS,14,7,21,0.67
BPnb,13,8,21,0.62
BPnh,0,1,1,0.0
BPnl,4,4,8,0.5
BPnm,13,8,21,0.62
BPnn,20,13,33,0.61
BPns,10,14,24,0.42
BPsB,6,2,8,0.75
BPsD,4,5,9,0.44
BPsH,9,4,13,0.69
BPsI,2,1,3,0.67
BPsK,1,0,1,1.0
BPsL,5,3,8,0.62
BPsM,4,8,12,0.33
BPsN,10,6,16,0.62
BPsP,12,14,26,0.46
BPsS,15,6,21,0.71
BPsb,5,5,10,0.5
BPsl,1,2,3,0.33
BPsm,12,9,21,0.57
BPsn,10,2,12,0.83
BPss,10,10,20,0.5
BPtB,0,1,1,0.0
BPtD,0,0,0,
BPtH,2,0,2,1.0
BPtK,0,1,1,0.0
BPtN,1,2,3,0.33
BPtP,1,4,5,0.2
BPtb,1,0,1,1.0
BPtm,0,0,0,
BPtn,1,2,3,0.33
BSBB,3,4,7,0.43
BSBD,2,1,3,0.67
BSBL,2,1,3,0.67
BSBM,2,3,5,0.4
BSBN,3,3,6,0.5
BSBP,8,5,13,0.62
BSBS,1,2,3,0.33
BSBb,8,2,10,0.8
BSBh,0,0,0,
BSBj,1,1,2,0.5
BSBl,1,0,1,1.0
BSBm,4,5,9,0.44
BSBn,12,6,18,0.67
BSBs,7,3,10,0.7
BSDD,1,1,2,0.5
BSDH,0,0,0,
BSDM,3,2,5,0.6
BSDN,0,1,1,0.0
BSDP,4,0,4,1.0
BSDS,0,0,0,
BSDb,4,1,5,0.8
BSDm,3,2,5,0.6
BSDn,0,2,2,0.0
BSDs,2,1,3,0.67
BSHB,1,0,1,1.0
BSHD,2,0,2,1.0
BSHH,0,2,2,0.0
BSHI,1,1,2,0.5
BSHK,1,0,1,1.0
BSHL,0,2,2,0.0
BSHM,2,1,3,0.67
BSHN,1,0,1,1.0
BSHP,5,0,5,1.0
BSHS,2,4,6,0.33
BSHb,0,1,1,0.0
BSHh,1,0,1,1.0
BSHl,0,2,2,0.0
BSHm,2,3,5,0.4
BSHn,2,1,3,0.67
BSHs,2,1,3,0.67
BSIB,0,0,0,
BSIN,0,1,1,0.0
BSIP,0,1,1,0.0
BSIS,0,1,1,0.0
BSKM,1,0,1,1.0
BSKn,0,1,1,0.0
BSKs,0,1,1,0.0
BSLB,0,5,5,0.0
BSLD,1,0,1,1.0
BSLL,2,0,2,1.0
BSLM,1,1,2,0.5
BSLN,1,3,4,0.25
BSLP,2,1,3,0.67
BSLS,3,0,3,1.0
BSLb,1,1,2,0.5
BSLh,1,1,2,0.5
BSLj,1,0,1,1.0
BSLl,1,0,1,1.0
BSLm,5,3,8,0.62
BSLn,0,3,3,0.0
BSLs,2,3,5,0.4
BSMB,10,5,15,0.67
BSMD,1,0,1,1.0
BSMH,0,1,1,0.0
BSML,1,1,2,0.5
BSMM,11,6,17,0.65
BSMN,6,5,11,0.55
BSMP,8,9,17,0.47
BSMS,3,4,7,0.43
BSMb,3,12,15,0.2
BSMh,0,4,4,0.0
BSMl,2,2,4,0.5
BSMm,10,8,18,0.56
BSMn,7,6,13,0.54
BSMs,4,0,4,1.0
BSMt,0,1,1,0.0
BSNB,7,9,16,0.44
BSND,1,3,4,0.25
BSNH,1,1,2,0.5
BSNI,0,1,1,0.0
BSNK,0,1,1,0.0
BSNL,2,0,2,1.0
BSNM,5,3,8,0.62
BSNN,7,8,15,0.47
BSNP,10,6,16,0.62
BSNS,4,7,11,0.36
BSNb,7,2,9,0.78
BSNh,0,0,0,
BSNl,2,3,5,0.4
BSNm,4,3,7,0.57
BSNn,7,9,16,0.44
BSNs,4,6,10,0.4
BSNt,2,0,2,1.0
BSPB,3,4,7,0.43
BSPD,0,1,1,0.0
BSPH,1,3,4,0.25
BSPK,0,0,0,
BSPL,4,1,5,0.8
BSPM,3,6,9,0.33
BSPN,9,13,22,0.41
BSPP,12,12,24,0.5
BSPS,7,10,17,0.41
BSPb,2,2,4,0.5
BSPh,0,1,1,0.0
BSPl,3,2,5,0.6
BSPm,11,3,14,0.79
BSPn,6,4,10,0.6
BSPs,11,1,12,0.92
BSPt,1,1,2,0.5
BSSB,1,3,4,0.25
BSSD,0,1,1,0.0
BSSH,2,2,4,0.5
BSSL,1,2,3,0.33
BSSM,1,3,4,0.25
BSSN,4,4,8,0.5
BSSP,3,5,8,0.38
BSSS,6,8,14,0.43
BSSb,2,1,3,0.67
BSSh,3,5,8,0.38
BSSl,4,0,4,1.0
BSSm,7,7,14,0.5
BSSn,4,5,9,0.44
BSSs,4,3,7,0.57
BSSt,2,0,2,1.0
BSbB,4,5,9,0.44
BSbD,1,0,1,1.0
BSbH,3,3,6,0.5
BSbJ,1,2,3,0.33
BSbL,0,2,2,0.0
BSbM,6,4,10,0.6
BSbN,9,6,15,0.6
BSbP,7,6,13,0.54
BSbS,4,5,9,0.44
BSbb,1,2,3,0.33
BSbl,0,1,1,0.0
BSbm,3,6,9,0.33
BSbn,5,6,11,0.45
BSbs,4,3,7,0.57
BShB,2,1,3,0.67
BShD,3,0,3,1.0
BShH,2,0,2,1.0
BShL,1,1,2,0.5
BShM,3,3,6,0.5
BShN,2,5,7,0.29
BShP,2,3,5,0.4
BShS,1,1,2,0.5
BShb,4,1,5,0.8
BShh,2,0,2,1.0
BShm,4,4,8,0.5
BShn,3,2,5,0.6
BShs,3,0,3,1.0
BSht,0,0,0,
BSlB,0,1,1,0.0
BSlD,1,1,2,0.5
BSlH,1,2,3,0.33
BSlI,1,0,1,1.0
BSlJ,1,1,2,0.5
BSlL,3,0,3,1.0
BSlM,3,2,5,0.6
BSlN,2,1,3,0.67
BSlP,0,4,4,0.0
BSlb,1,2,3,0.33
BSll,0,2,2,0.0
BSlm,2,4,6,0.33
BSln,1,1,2,0.5
BSls,0,1,1,0.0
BSmB,4,2,6,0.67
BSmD,7,2,9,0.78
BSmH,7,11,18,0.39
BSmJ,1,2,3,0.33
BSmK,0,1,1,0.0
BSmL,2,0,2,1.0
BSmM,4,4,8,0.5
BSmN,9,10,19,0.47
BSmP,5,4,9,0.56
BSmS,6,4,10,0.6
BSmb,9,1,10,0.9
BSml,0,1,1,0.0
BSmm,7,7,14,0.5
BSmn,3,6,9,0.33
BSms,3,3,6,0.5
BSnB,5,3,8,0.62
BSnD,2,1,3,0.67
BSnH,4,2,6,0.67
BSnI,0,2,2,0.0
BSnK,1,1,2,0.5
BSnL,1,3,4,0.25
BSnM,1,4,5,0.2
BSnN,11,6,17,0.65
BSnP,6,11,17,0.35
BSnS,1,3,4,0.25
BSnb,1,3,4,0.25
BSnh,0,1,1,0.0
BSnl,2,0,2,1.0
BSnm,3,6,9,0.33
BSnn,7,5,12,0.58
BSns,3,5,8,0.38
BSsB,3,2,5,0.6
BSsD,2,4,6,0.33
BSsH,4,4,8,0.5
BSsI,0,2,2,0.0
BSsL,3,1,4,0.75
BSsM,3,5,8,0.38
BSsN,5,3,8,0.62
BSsP,3,2,5,0.6
BSsS,6,5,11,0.55
BSsb,4,3,7,0.57
BSsl,2,3,5,0.4
BSsm,4,5,9,0.44
BSsn,5,3,8,0.62
BSss,3,5,8,0.38
BStD,0,1,1,0.0
BStM,0,1,1,0.0
BStP,2,0,2,1.0
BStS,0,1,1,0.0
BStb,0,0,0,
BStm,1,0,1,1.0
BSts,1,0,1,1.0
BbBB,10,8,18,0.56
BbBD,0,2,2,0.0
BbBK,0,0,0,
BbBL,3,2,5,0.6
BbBM,6,11,17,0.35
BbBN,18,14,32,0.56
BbBP,12,16,28,0.43
BbBS,3,5,8,0.38
BbBb,8,9,17,0.47
BbBh,3,2,5,0.6
BbBj,3,2,5,0.6
BbBl,3,2,5,0.6
BbBm,9,13,22,0.41
BbBn,9,15,24,0.38
BbBs,5,1,6,0.83
BbBt,0,1,1,0.0
BbDB,1,2,3,0.33
BbDD,1,2,3,0.33
BbDH,2,1,3,0.67
BbDL,1,0,1,1.0
BbDM,1,1,2,0.5
BbDN,1,4,5,0.2
BbDP,1,7,8,0.12
BbDS,4,0,4,1.0
BbDl,2,0,2,1.0
BbDm,4,1,5,0.8
BbDn,1,2,3,0.33
BbDs,1,2,3,0.33
BbHB,0,1,1,0.0
BbHD,0,2,2,0.0
BbHH,1,2,3,0.33
BbHK,0,0,0,
BbHL,0,1,1,0.0
BbHM,2,2,4,0.5
BbHN,5,3,8,0.62
BbHP,3,4,7,0.43
BbHS,2,1,3,0.67
BbHb,1,4,5,0.2
BbHh,0,1,1,0.0
BbHm,4,2,6,0.67
BbHn,1,7,8,0.12
BbHs,2,0,2,1.0
BbID,0,0,0,
BbIH,1,0,1,1.0
BbIM,1,0,1,1.0
BbIN,3,1,4,0.75
BbIP,1,2,3,0.33
BbIS,1,1,2,0.5
BbIb,0,1,1,0.0
BbIl,0,1,1,0.0
BbIm,0,1,1,0.0
BbIn,1,3,4,0.25
BbIs,0,2,2,0.0
BbJB,2,3,5,0.4
BbJD,1,0,1,1.0
BbJH,4,3,7,0.57
BbJL,1,1,2,0.5
BbJM,1,5,6,0.17
BbJN,0,0,0,
BbJP,6,6,12,0.5
BbJS,1,6,7,0.14
BbJb,2,2,4,0.5
BbJh,0,0,0,
BbJm,2,2,4,0.5
BbJn,2,4,6,0.33
BbJs,3,1,4,0.75
BbKB,0,2,2,0.0
BbKD,1,0,1,1.0
BbKH,1,0,1,1.0
BbKM,0,2,2,0.0
BbKN,3,2,5,0.6
BbKP,4,3,7,0.57
BbKb,0,1,1,0.0
BbKh,1,2,3,0.33
BbKl,1,0,1,1.0
BbKm,2,0,2,1.0
BbKn,0,0,0,
BbKs,1,0,1,1.0
BbLB,0,2,2,0.0
BbLL,1,1,2,0.5
BbLM,0,1,1,0.0
BbLN,3,6,9,0.33
BbLP,4,3,7,0.57
BbLS,0,1,1,0.0
BbLb,2,4,6,0.33
BbLh,3,2,5,0.6
BbLl,1,0,1,1.0
BbLm,3,5,8,0.38
BbLn,6,9,15,0.4
BbLs,2,0,2,1.0
BbMB,9,8,17,0.53
BbMD,2,0,2,1.0
BbML,2,2,4,0.5
BbMM,10,5,15,0.67
BbMN,10,10,20,0.5
BbMP,12,15,27,0.44
BbMS,5,5,10,0.5
BbMb,14,7,21,0.67
BbMh,3,4,7,0.43
BbMj,1,1,2,0.5
BbMl,3,1,4,0.75
BbMm,22,9,31,0.71
BbMn,13,12,25,0.52
BbMs,3,4,7,0.43
BbNB,12,11,23,0.52
BbND,3,1,4,0.75
BbNH,3,2,5,0.6
BbNK,2,0,2,1.0
BbNL,3,4,7,0.43
BbNM,10,7,17,0.59
BbNN,16,14,30,0.53
BbNP,22,17,39,0.56
BbNS,7,9,16,0.44
BbNb,10,3,13,0.77
BbNh,5,4,9,0.56
BbNl,3,2,5,0.6
BbNm,21,10,31,0.68
BbNn,18,9,27,0.67
BbNs,7,12,19,0.37
BbNt,3,1,4,0.75
BbPB,9,6,15,0.6
BbPD,2,2,4,0.5
BbPH,3,2,5,0.6
BbPI,1,0,1,1.0
BbPK,1,0,1,1.0
BbPL,2,3,5,0.4
BbPM,8,19,27,0.3
BbPN,16,16,32,0.5
BbPP,10,17,27,0.37
BbPS,10,9,19,0.53
BbPb,13,13,26,0.5
BbPh,2,2,4,0.5
BbPl,3,3,6,0.5
BbPm,11,8,19,0.58
BbPn,15,17,32,0.47
BbPs,8,8,16,0.5
BbPt,0,1,1,0.0
BbSB,2,2,4,0.5
BbSD,1,1,2,0.5
BbSH,2,2,4,0.5
BbSL,0,1,1,0.0
BbSM,2,3,5,0.4
BbSN,6,6,12,0.5
BbSP,2,4,6,0.33
BbSS,6,4,10,0.6
BbSb,4,2,6,0.67
BbSh,1,2,3,0.33
BbSl,1,4,5,0.2
BbSm,10,4,14,0.71
BbSn,8,5,13,0.62
BbSs,5,5,10,0.5
BbSt,0,1,1,0.0
BbbB,10,8,18,0.56
BbbD,0,1,1,0.0
BbbH,2,2,4,0.5
BbbI,1,0,1,1.0
BbbJ,3,1,4,0.75
BbbK,0,2,2,0.0
BbbL,2,2,4,0.5
BbbM,9,9,18,0.5
BbbN,9,10,19,0.47
BbbP,9,11,20,0.45
BbbS,6,3,9,0.67
Bbbb,10,6,16,0.62
Bbbl,3,2,5,0.6
Bbbm,10,2,12,0.83
Bbbn,11,13,24,0.46
Bbbs,7,1,8,0.88
BbhB,0,1,1,0.0
BbhN,1,0,1,1.0
BblB,2,0,2,1.0
BblD,1,0,1,1.0
BblH,1,1,2,0.5
BblJ,1,1,2,0.5
BblK,0,0,0,
BblL,0,1,1,0.0
BblM,1,3,4,0.25
BblN,5,6,11,0.45
BblP,4,5,9,0.44
BblS,2,3,5,0.4
Bblb,5,2,7,0.71
Bbll,2,3,5,0.4
Bblm,3,5,8,0.38
Bbln,3,3,6,0.5
Bbls,1,0,1,1.0
BbmB,9,10,19,0.47
BbmD,3,2,5,0.6
BbmH,9,9,18,0.5
BbmJ,2,0,2,1.0
BbmL,2,0,2,1.0
BbmM,11,6,17,0.65
BbmN,14,8,22,0.64
BbmP,13,6,19,0.68
BbmS,7,11,18,0.39
Bbmb,7,9,16,0.44
Bbml,3,2,5,0.6
Bbmm,11,8,19,0.58
Bbmn,4,10,14,0.29
Bbms,4,5,9,0.44
BbnB,7,9,16,0.44
BbnD,3,6,9,0.33
BbnH,4,5,9,0.44
BbnI,0,5,5,0.0
BbnK,0,1,1,0.0
BbnL,6,2,8,0.75
BbnM,7,15,22,0.32
BbnN,11,10,21,0.52
BbnP,16,15,31,0.52
BbnS,9,6,15,0.6
Bbnb,12,7,19,0.63
Bbnh,2,0,2,1.0
Bbnl,4,2,6,0.67
Bbnm,12,7,19,0.63
Bbnn,7,13,20,0.35
Bbns,7,3,10,0.7
BbsB,3,3,6,0.5
BbsD,3,3,6,0.5
BbsH,2,10,12,0.17
BbsI,0,1,1,0.0
BbsL,2,3,5,0.4
BbsM,4,7,11,0.36
BbsN,7,3,10,0.7
BbsP,4,6,10,0.4
BbsS,3,3,6,0.5
Bbsb,1,2,3,0.33
Bbsh,0,1,1,0.0
Bbsl,2,1,3,0.67
Bbsm,4,4,8,0.5
Bbsn,5,3,8,0.62
Bbss,2,3,5,0.4
BhBK,1,0,1,1.0
BhBM,0,1,1,0.0
BhBN,2,1,3,0.67
BhBP,1,0,1,1.0
BhBS,0,1,1,0.0
BhBb,2,0,2,1.0
BhBl,1,0,1,1.0
BhBm,0,2,2,0.0
BhBn,1,0,1,1.0
BhBs,0,1,1,0.0
BhBt,1,0,1,1.0
BhDH,0,1,1,0.0
BhDL,0,1,1,0.0
BhDP,1,0,1,1.0
BhDb,1,0,1,1.0
BhDm,1,0,1,1.0
BhDn,1,0,1,1.0
BhDs,0,1,1,0.0
BhHS,0,1,1,0.0
BhHn,0,0,0,
BhIl,0,1,1,0.0
BhIm,1,0,1,1.0
BhLS,1,0,1,1.0
BhLj,1,0,1,1.0
BhLl,2,0,2,1.0
BhLn,0,1,1,0.0
BhMB,0,1,1,0.0
BhMD,1,0,1,1.0
BhMM,2,0,2,1.0
BhMN,1,1,2,0.5
BhMP,2,0,2,1.0
BhMS,0,1,1,0.0
BhMb,0,1,1,0.0
BhMh,1,1,2,0.5
BhMl,2,0,2,1.0
BhMm,3,0,3,1.0
BhMn,3,2,5,0.6
BhMt,0,1,1,0.0
BhNB,2,1,3,0.67
BhNL,1,0,1,1.0
BhNN,1,0,1,1.0
BhNP,1,0,1,1.0
BhNS,1,0,1,1.0
BhNb,0,2,2,0.0
BhNh,1,0,1,1.0
BhNm,2,2,4,0.5
BhNn,1,1,2,0.5
BhPB,0,2,2,0.0
BhPD,0,1,1,0.0
BhPH,1,0,1,1.0
BhPK,0,1,1,0.0
BhPL,0,1,1,0.0
BhPN,0,2,2,0.0
BhPP,0,1,1,0.0
BhPm,1,2,3,0.33
BhPn,1,1,2,0.5
BhPs,0,0,0,
BhSB,1,0,1,1.0
BhSM,0,1,1,0.0
BhSN,1,1,2,0.5
BhSP,0,1,1,0.0
BhSS,0,2,2,0.0
BhSb,2,0,2,1.0
BhSh,0,0,0,
BhSt,0,1,1,0.0
BhbI,0,0,0,
BhbL,0,1,1,0.0
BhbM,0,1,1,0.0
BhbN,3,3,6,0.5
BhbP,2,3,5,0.4
Bhbm,2,1,3,0.67
Bhbs,0,0,0,
BhhB,0,1,1,0.0
BhhH,0,1,1,0.0
BhhL,0,0,0,
BhhM,3,1,4,0.75
BhhP,1,1,2,0.5
Bhhb,1,0,1,1.0
Bhhh,1,0,1,1.0
Bhhm,1,1,2,0.5
Bhhn,1,0,1,1.0
Bhhs,0,2,2,0.0
BhlH,0,1,1,0.0
BhlN,1,1,2,0.5
BhlS,0,1,1,0.0
Bhlb,1,0,1,1.0
Bhls,0,2,2,0.0
BhmB,0,0,0,
BhmM,1,0,1,1.0
BhmN,1,2,3,0.33
BhmP,0,1,1,0.0
BhmS,0,1,1,0.0
Bhmb,0,0,0,
Bhml,0,1,1,0.0
Bhmn,0,2,2,0.0
Bhms,1,1,2,0.5
BhnB,3,3,6,0.5
BhnD,0,2,2,0.0
BhnH,1,1,2,0.5
BhnL,0,1,1,0.0
BhnM,2,1,3,0.67
BhnN,2,1,3,0.67
BhnP,1,2,3,0.33
BhnS,1,0,1,1.0
Bhnb,1,2,3,0.33
Bhnm,0,1,1,0.0
Bhnn,2,0,2,1.0
Bhns,4,1,5,0.8
BhsB,1,3,4,0.25
BhsH,3,0,3,1.0
BhsM,1,0,1,1.0
BhsP,1,1,2,0.5
BhsS,0,0,0,
Bhsb,1,0,1,1.0
Bhsl,0,1,1,0.0
Bhsn,0,1,1,0.0
Bhss,0,2,2,0.0
BhtB,0,1,1,0.0
Bhtn,0,0,0,
BjBB,1,4,5,0.2
BjBD,0,1,1,0.0
BjBK,1,1,2,0.5
BjBL,1,0,1,1.0
BjBM,1,1,2,0.5
BjBN,4,0,4,1.0
BjBP,3,2,5,0.6
BjBS,0,1,1,0.0
BjBb,1,4,5,0.2
BjBh,0,1,1,0.0
BjBj,1,0,1,1.0
BjBl,0,0,0,
BjBm,1,4,5,0.2
BjBn,3,3,6,0.5
BjDM,0,1,1,0.0
BjDN,0,1,1,0.0
BjDP,1,0,1,1.0
BjDm,1,1,2,0.5
BjHB,0,1,1,0.0
BjHH,0,1,1,0.0
BjHM,0,1,1,0.0
BjHN,1,0,1,1.0
BjHP,2,1,3,0.67
BjHb,0,1,1,0.0
BjHn,0,2,2,0.0
BjHs,0,2,2,0.0
BjIP,1,0,1,1.0
BjKh,1,0,1,1.0
BjLB,1,0,1,1.0
BjLK,1,0,1,1.0
BjLL,0,2,2,0.0
BjLM,1,1,2,0.5
BjLP,2,0,2,1.0
BjLS,1,0,1,1.0
BjLb,1,1,2,0.5
BjLh,0,1,1,0.0
BjLm,0,3,3,0.0
BjLn,1,0,1,1.0
BjMB,2,3,5,0.4
BjMD,0,0,0,
BjMM,0,1,1,0.0
BjMN,1,1,2,0.5
BjMP,3,4,7,0.43
BjMS,1,0,1,1.0
BjMb,2,0,2,1.0
BjMh,1,2,3,0.33
BjMj,1,0,1,1.0
BjMl,1,1,2,0.5
BjMm,1,2,3,0.33
BjMn,2,2,4,0.5
BjMs,1,0,1,1.0
BjNB,3,2,5,0.6
BjND,1,0,1,1.0
BjNL,1,0,1,1.0
BjNM,1,3,4,0.25
BjNN,1,0,1,1.0
BjNP,3,1,4,0.75
BjNS,0,2,2,0.0
BjNb,1,0,1,1.0
BjNl,2,0,2,1.0
BjNm,2,1,3,0.67
BjNn,1,0,1,1.0
BjNs,2,0,2,1.0
BjPB,2,1,3,0.67
BjPH,1,0,1,1.0
BjPI,0,1,1,0.0
BjPL,1,0,1,1.0
BjPM,2,3,5,0.4
BjPN,5,2,7,0.71
BjPP,3,1,4,0.75
BjPS,2,2,4,0.5
BjPb,3,1,4,0.75
BjPh,0,1,1,0.0
BjPl,4,0,4,1.0
BjPm,4,2,6,0.67
BjPn,1,1,2,0.5
BjPs,1,2,3,0.33
BjSB,0,0,0,
BjSH,0,1,1,0.0
BjSI,0,1,1,0.0
BjSL,1,0,1,1.0
BjSM,1,0,1,1.0
BjSN,1,0,1,1.0
BjSP,3,1,4,0.75
BjSS,2,1,3,0.67
BjSb,0,2,2,0.0
BjSl,1,0,1,1.0
BjSm,2,4,6,0.33
BjSn,0,2,2,0.0
BjSs,3,1,4,0.75
BjbB,1,2,3,0.33
BjbD,1,1,2,0.5
BjbL,1,0,1,1.0
BjbM,3,1,4,0.75
BjbN,0,0,0,
BjbP,0,3,3,0.0
BjbS,1,3,4,0.25
Bjbb,2,2,4,0.5
Bjbm,1,2,3,0.33
Bjbn,1,0,1,1.0
Bjbs,1,2,3,0.33
BjhM,0,0,0,
BjhP,1,0,1,1.0
Bjhb,1,0,1,1.0
Bjhs,0,1,1,0.0
Bjht,0,0,0,
BjlB,1,1,2,0.5
BjlH,0,0,0,
BjlJ,1,0,1,1.0
BjlM,1,0,1,1.0
BjlN,1,1,2,0.5
BjlP,0,1,1,0.0
Bjln,0,1,1,0.0
BjmB,2,1,3,0.67
BjmD,2,0,2,1.0
BjmH,2,2,4,0.5
BjmL,2,1,3,0.67
BjmM,1,1,2,0.5
BjmN,0,2,2,0.0
BjmP,2,4,6,0.33
BjmS,1,0,1,1.0
Bjmb,2,0,2,1.0
Bjmm,5,1,6,0.83
Bjmn,4,2,6,0.67
Bjms,2,1,3,0.67
BjnB,1,1,2,0.5
BjnH,2,0,2,1.0
BjnI,1,0,1,1.0
BjnL,1,0,1,1.0
BjnM,4,3,7,0.57
BjnN,0,1,1,0.0
BjnP,0,3,3,0.0
BjnS,1,1,2,0.5
Bjnb,1,3,4,0.25
Bjnl,2,0,2,1.0
Bjnm,3,2,5,0.6
Bjnn,0,1,1,0.0
Bjns,0,1,1,0.0
BjsB,1,1,2,0.5
BjsH,2,1,3,0.67
BjsL,0,1,1,0.0
BjsN,2,0,2,1.0
BjsP,0,0,0,
BjsS,2,1,3,0.67
Bjsh,0,1,1,0.0
Bjsl,1,0,1,1.0
Bjsn,0,1,1,0.0
Bjss,2,1,3,0.67
BjtB,1,0,1,1.0
BjtP,1,1,2,0.5
Bjtb,1,0,1,1.0
Bjts,1,0,1,1.0
BlBB,3,1,4,0.75
BlBK,0,1,1,0.0
BlBL,2,0,2,1.0
BlBM,4,2,6,0.67
BlBN,0,5,5,0.0
BlBP,6,2,8,0.75
BlBS,4,2,6,0.67
BlBb,2,1,3,0.67
BlBl,0,1,1,0.0
BlBm,4,3,7,0.57
BlBn,4,1,5,0.8
BlBs,0,1,1,0.0
BlDB,0,2,2,0.0
BlDH,0,2,2,0.0
BlDM,0,1,1,0.0
BlDN,1,1,2,0.5
BlDP,1,1,2,0.5
BlDb,1,0,1,1.0
BlDm,3,2,5,0.6
BlDs,1,0,1,1.0
BlHB,1,2,3,0.33
BlHH,0,0,0,
BlHI,1,0,1,1.0
BlHK,1,0,1,1.0
BlHM,3,1,4,0.75
BlHN,3,1,4,0.75
BlHP,1,4,5,0.2
BlHS,0,2,2,0.0
BlHb,2,0,2,1.0
BlHl,1,0,1,1.0
BlHm,5,1,6,0.83
BlHn,3,2,5,0.6
BlHs,2,0,2,1.0
BlIM,2,0,2,1.0
BlIN,0,2,2,0.0
BlIP,0,1,1,0.0
BlIS,0,0,0,
BlIm,1,0,1,1.0
BlJB,1,0,1,1.0
BlJL,1,0,1,1.0
BlJM,1,1,2,0.5
BlJN,0,2,2,0.0
BlJP,1,0,1,1.0
BlJb,1,1,2,0.5
BlJm,1,2,3,0.33
BlJn,3,0,3,1.0
BlJs,1,1,2,0.5
BlJt,1,0,1,1.0
BlKM,0,1,1,0.0
BlKh,1,0,1,1.0
BlKn,1,0,1,1.0
BlLB,0,3,3,0.0
BlLD,0,0,0,
BlLL,0,1,1,0.0
BlLM,0,1,1,0.0
BlLN,0,1,1,0.0
BlLP,1,1,2,0.5
BlLS,1,0,1,1.0
BlLb,2,0,2,1.0
BlLl,1,0,1,1.0
BlLm,0,4,4,0.0
BlLn,0,2,2,0.0
BlLs,0,1,1,0.0
BlMB,3,2,5,0.6
BlMK,0,1,1,0.0
BlML,1,2,3,0.33
BlMM,3,5,8,0.38
BlMN,1,4,5,0.2
BlMP,2,5,7,0.29
BlMS,4,2,6,0.67
BlMb,7,1,8,0.88
BlMh,1,2,3,0.33
BlMl,2,0,2,1.0
BlMm,4,1,5,0.8
BlMn,2,4,6,0.33
BlMs,4,0,4,1.0
BlNB,2,1,3,0.67
BlND,1,0,1,1.0
BlNH,0,1,1,0.0
BlNL,1,0,1,1.0
BlNM,5,1,6,0.83
BlNN,4,3,7,0.57
BlNP,3,12,15,0.2
BlNS,0,3,3,0.0
BlNb,3,4,7,0.43
BlNh,0,2,2,0.0
BlNl,0,1,1,0.0
BlNm,1,2,3,0.33
BlNn,1,6,7,0.14
BlNs,7,4,11,0.64
BlNt,1,0,1,1.0
BlPB,5,4,9,0.56
BlPD,1,1,2,0.5
BlPH,2,3,5,0.4
BlPI,0,1,1,0.0
BlPK,0,1,1,0.0
BlPL,1,1,2,0.5
BlPM,0,2,2,0.0
BlPN,7,5,12,0.58
BlPP,1,5,6,0.17
BlPS,1,1,2,0.5
BlPb,6,2,8,0.75
BlPl,3,1,4,0.75
BlPm,5,3,8,0.62
BlPn,7,6,13,0.54
BlPs,1,1,2,0.5
BlPt,1,0,1,1.0
BlSB,1,2,3,0.33
BlSD,2,1,3,0.67
BlSH,2,2,4,0.5
BlSL,1,0,1,1.0
BlSM,4,2,6,0.67
BlSN,3,1,4,0.75
BlSP,1,3,4,0.25
BlSS,1,3,4,0.25
BlSb,1,2,3,0.33
BlSh,1,4,5,0.2
BlSl,0,2,2,0.0
BlSm,3,2,5,0.6
BlSn,4,2,6,0.67
BlSs,1,2,3,0.33
BlbB,2,3,5,0.4
BlbD,1,0,1,1.0
BlbJ,1,0,1,1.0
BlbK,0,0,0,
BlbL,3,1,4,0.75
BlbM,2,0,2,1.0
BlbN,3,4,7,0.43
BlbP,3,4,7,0.43
BlbS,0,2,2,0.0
Blbb,3,1,4,0.75
Blbl,0,1,1,0.0
Blbm,2,2,4,0.5
Blbn,1,3,4,0.25
Blbs,2,1,3,0.67
BlhS,0,0,0,
BllH,1,0,1,1.0
BllM,3,1,4,0.75
BllN,0,1,1,0.0
BllP,1,0,1,1.0
BllS,0,0,0,
Bllb,1,0,1,1.0
Blll,0,1,1,0.0
Bllm,0,1,1,0.0
Blln,0,1,1,0.0
BlmB,7,3,10,0.7
BlmD,1,0,1,1.0
BlmH,2,1,3,0.67
BlmI,1,0,1,1.0
BlmJ,1,1,2,0.5
BlmL,0,1,1,0.0
BlmM,4,4,8,0.5
BlmN,2,5,7,0.29
BlmP,6,4,10,0.6
BlmS,0,2,2,0.0
Blmb,4,1,5,0.8
Blml,3,1,4,0.75
Blmm,3,3,6,0.5
Blmn,4,4,8,0.5
Blms,1,0,1,1.0
BlnB,0,6,6,0.0
BlnD,0,1,1,0.0
BlnH,1,4,5,0.2
BlnI,1,1,2,0.5
BlnL,0,0,0,
BlnM,1,3,4,0.25
BlnN,3,3,6,0.5
BlnP,4,5,9,0.44
BlnS,4,1,5,0.8
Blnb,1,1,2,0.5
Blnl,2,1,3,0.67
Blnm,2,0,2,1.0
Blnn,0,3,3,0.0
Blns,3,2,5,0.6
BlsB,0,3,3,0.0
BlsD,0,1,1,0.0
BlsH,3,0,3,1.0
BlsL,1,0,1,1.0
BlsM,1,1,2,0.5
BlsN,1,0,1,1.0
BlsP,3,0,3,1.0
BlsS,2,1,3,0.67
Blsb,0,1,1,0.0
Blsh,0,1,1,0.0
Blsl,1,2,3,0.33
Blsm,1,2,3,0.33
Blsn,1,3,4,0.25
Blss,2,1,3,0.67
BmBB,6,3,9,0.67
BmBD,4,2,6,0.67
BmBH,0,1,1,0.0
BmBL,1,4,5,0.2
BmBM,11,12,23,0.48
BmBN,9,10,19,0.47
BmBP,12,9,21,0.57
BmBS,6,8,14,0.43
BmBb,12,8,20,0.6
BmBh,1,0,1,1.0
BmBj,0,1,1,0.0
BmBl,5,3,8,0.62
BmBm,18,15,33,0.55
BmBn,18,16,34,0.53
BmBs,10,6,16,0.62
BmBt,3,2,5,0.6
BmDB,8,2,10,0.8
BmDD,4,1,5,0.8
BmDH,2,3,5,0.4
BmDL,3,1,4,0.75
BmDM,2,5,7,0.29
BmDN,7,5,12,0.58
BmDP,8,4,12,0.67
BmDS,4,3,7,0.57
BmDb,2,2,4,0.5
BmDl,1,1,2,0.5
BmDm,5,2,7,0.71
BmDn,4,3,7,0.57
BmDs,2,0,2,1.0
BmDt,1,0,1,1.0
BmHB,5,8,13,0.38
BmHD,3,2,5,0.6
BmHH,0,1,1,0.0
BmHI,0,1,1,0.0
BmHK,0,1,1,0.0
BmHL,2,4,6,0.33
BmHM,6,7,13,0.46
BmHN,7,8,15,0.47
BmHP,12,15,27,0.44
BmHS,5,4,9,0.56
BmHb,5,6,11,0.45
BmHh,6,8,14,0.43
BmHl,3,1,4,0.75
BmHm,18,5,23,0.78
BmHn,9,12,21,0.43
BmHs,7,6,13,0.54
BmIB,0,1,1,0.0
BmIH,1,0,1,1.0
BmIN,0,1,1,0.0
BmIP,1,1,2,0.5
BmIb,0,0,0,
BmIt,1,0,1,1.0
BmJB,1,0,1,1.0
BmJD,0,0,0,
BmJH,1,1,2,0.5
BmJI,0,1,1,0.0
BmJL,2,1,3,0.67
BmJM,2,1,3,0.67
BmJN,3,5,8,0.38
BmJP,1,1,2,0.5
BmJS,0,1,1,0.0
BmJb,1,1,2,0.5
BmJh,0,1,1,0.0
BmJl,1,1,2,0.5
BmJm,1,1,2,0.5
BmJn,1,4,5,0.2
BmJs,1,2,3,0.33
BmJt,1,0,1,1.0
BmKM,1,0,1,1.0
BmKP,1,0,1,1.0
BmKb,1,0,1,1.0
BmKm,1,0,1,1.0
BmKs,0,1,1,0.0
BmLB,6,1,7,0.86
BmLD,1,0,1,1.0
BmLH,0,0,0,
BmLL,1,0,1,1.0
BmLM,2,3,5,0.4
BmLN,3,4,7,0.43
BmLP,3,3,6,0.5
BmLS,0,3,3,0.0
BmLb,3,2,5,0.6
BmLh,2,2,4,0.5
BmLj,1,1,2,0.5
BmLl,0,1,1,0.0
BmLm,3,4,7,0.43
BmLn,3,1,4,0.75
BmLs,1,2,3,0.33
BmMB,9,8,17,0.53
BmMD,6,2,8,0.75
BmMH,0,1,1,0.0
BmML,1,1,2,0.5
BmMM,13,21,34,0.38
BmMN,12,10,22,0.55
BmMP,20,14,34,0.59
BmMS,8,10,18,0.44
BmMb,12,9,21,0.57
BmMh,5,9,14,0.36
BmMj,2,2,4,0.5
BmMl,2,2,4,0.5
BmMm,23,9,32,0.72
BmMn,23,19,42,0.55
BmMs,3,9,12,0.25
BmMt,2,0,2,1.0
BmNB,5,7,12,0.42
BmND,6,1,7,0.86
BmNH,4,6,10,0.4
BmNI,0,1,1,0.0
BmNK,2,2,4,0.5
BmNL,4,2,6,0.67
BmNM,10,16,26,0.38
BmNN,19,18,37,0.51
BmNP,20,26,46,0.43
BmNS,7,11,18,0.39
BmNb,6,7,13,0.46
BmNh,3,3,6,0.5
BmNl,3,5,8,0.38
BmNm,19,11,30,0.63
BmNn,22,20,42,0.52
BmNs,11,9,20,0.55
BmNt,2,1,3,0.67
BmPB,16,16,32,0.5
BmPD,4,7,11,0.36
BmPH,3,5,8,0.38
BmPI,2,1,3,0.67
BmPK,0,1,1,0.0
BmPL,3,7,10,0.3
BmPM,17,26,43,0.4
BmPN,16,14,30,0.53
BmPP,14,18,32,0.44
BmPS,8,6,14,0.57
BmPb,10,7,17,0.59
BmPh,1,3,4,0.25
BmPl,5,3,8,0.62
BmPm,18,18,36,0.5
BmPn,12,13,25,0.48
BmPs,6,9,15,0.4
BmPt,1,1,2,0.5
BmSB,3,1,4,0.75
BmSD,6,5,11,0.55
BmSH,4,3,7,0.57
BmSI,1,0,1,1.0
BmSL,0,3,3,0.0
BmSM,5,8,13,0.38
BmSN,6,11,17,0.35
BmSP,8,8,16,0.5
BmSS,5,11,16,0.31
BmSb,5,4,9,0.56
BmSh,4,4,8,0.5
BmSl,0,3,3,0.0
BmSm,11,4,15,0.73
BmSn,11,7,18,0.61
BmSs,8,8,16,0.5
BmSt,0,1,1,0.0
BmbB,14,10,24,0.58
BmbD,3,5,8,0.38
BmbH,0,1,1,0.0
BmbI,2,3,5,0.4
BmbJ,0,1,1,0.0
BmbK,0,1,1,0.0
BmbL,4,3,7,0.57
BmbM,8,15,23,0.35
BmbN,9,18,27,0.33
BmbP,11,14,25,0.44
BmbS,5,8,13,0.38
Bmbb,3,8,11,0.27
Bmbm,8,9,17,0.47
Bmbn,10,7,17,0.59
Bmbs,2,4,6,0.33
BmlB,5,2,7,0.71
BmlD,0,1,1,0.0
BmlH,0,1,1,0.0
BmlL,1,1,2,0.5
BmlM,4,1,5,0.8
BmlN,2,5,7,0.29
BmlP,5,1,6,0.83
BmlS,0,1,1,0.0
Bmlb,4,2,6,0.67
Bmll,1,0,1,1.0
Bmlm,4,5,9,0.44
Bmln,0,2,2,0.0
Bmls,2,3,5,0.4
BmmB,14,6,20,0.7
BmmD,4,6,10,0.4
BmmH,7,11,18,0.39
BmmI,0,1,1,0.0
BmmJ,2,5,7,0.29
BmmL,6,5,11,0.55
BmmM,14,18,32,0.44
BmmN,23,15,38,0.61
BmmP,16,11,27,0.59
BmmS,6,6,12,0.5
Bmmb,11,8,19,0.58
Bmml,1,3,4,0.25
Bmmm,14,19,33,0.42
Bmmn,10,18,28,0.36
Bmms,4,6,10,0.4
BmnB,9,14,23,0.39
BmnD,7,1,8,0.88
BmnH,2,5,7,0.29
BmnI,0,1,1,0.0
BmnK,1,1,2,0.5
BmnL,2,7,9,0.22
BmnM,10,17,27,0.37
BmnN,12,18,30,0.4
BmnP,12,18,30,0.4
BmnS,12,7,19,0.63
Bmnb,8,15,23,0.35
Bmnl,0,3,3,0.0
Bmnm,15,7,22,0.68
Bmnn,11,8,19,0.58
Bmns,6,8,14,0.43
BmsB,5,4,9,0.56
BmsD,3,4,7,0.43
BmsH,3,2,5,0.6
BmsI,0,1,1,0.0
BmsL,1,3,4,0.25
BmsM,6,6,12,0.5
BmsN,5,11,16,0.31
BmsP,3,11,14,0.21
BmsS,1,5,6,0.17
Bmsb,3,2,5,0.6
Bmsh,0,0,0,
Bmsl,1,2,3,0.33
Bmsm,7,10,17,0.41
Bmsn,11,5,16,0.69
Bmss,8,2,10,0.8
BnBB,7,15,22,0.32
BnBD,0,6,6,0.0
BnBH,0,0,0,
BnBK,2,1,3,0.67
BnBL,1,1,2,0.5
BnBM,6,14,20,0.3
BnBN,16,13,29,0.55
BnBP,18,10,28,0.64
BnBS,10,8,18,0.56
BnBb,4,12,16,0.25
BnBh,0,2,2,0.0
BnBj,4,3,7,0.57
BnBl,1,4,5,0.2
BnBm,11,8,19,0.58
BnBn,16,22,38,0.42
BnBs,10,6,16,0.62
BnBt,3,1,4,0.75
BnDB,2,3,5,0.4
BnDD,1,1,2,0.5
BnDH,2,3,5,0.4
BnDK,0,1,1,0.0
BnDL,2,0,2,1.0
BnDM,4,3,7,0.57
BnDN,1,1,2,0.5
BnDP,1,4,5,0.2
BnDS,3,5,8,0.38
BnDb,0,2,2,0.0
BnDl,1,2,3,0.33
BnDm,2,3,5,0.4
BnDn,3,3,6,0.5
BnDs,2,4,6,0.33
BnHB,6,8,14,0.43
BnHD,1,5,6,0.17
BnHH,1,0,1,1.0
BnHK,0,0,0,
BnHL,1,1,2,0.5
BnHM,4,9,13,0.31
BnHN,6,8,14,0.43
BnHP,8,9,17,0.47
BnHS,4,3,7,0.57
BnHb,4,5,9,0.44
BnHh,3,3,6,0.5
BnHl,2,1,3,0.67
BnHm,10,8,18,0.56
BnHn,10,7,17,0.59
BnHs,3,4,7,0.43
BnIB,1,1,2,0.5
BnID,2,0,2,1.0
BnIH,1,2,3,0.33
BnIM,2,0,2,1.0
BnIN,0,3,3,0.0
BnIP,3,3,6,0.5
BnIS,0,1,1,0.0
BnIb,3,0,3,1.0
BnIm,0,1,1,0.0
BnIn,4,4,8,0.5
BnKB,0,1,1,0.0
BnKD,0,1,1,0.0
BnKH,0,1,1,0.0
BnKM,2,0,2,1.0
BnKP,1,1,2,0.5
BnKS,0,2,2,0.0
BnKb,3,2,5,0.6
BnKh,0,1,1,0.0
BnKl,0,1,1,0.0
BnKm,1,0,1,1.0
BnKn,2,2,4,0.5
BnKs,0,2,2,0.0
BnLB,3,1,4,0.75
BnLD,2,0,2,1.0
BnLL,4,0,4,1.0
BnLM,3,3,6,0.5
BnLN,6,4,10,0.6
BnLP,2,3,5,0.4
BnLS,0,3,3,0.0
BnLb,2,2,4,0.5
BnLh,2,0,2,1.0
BnLj,1,1,2,0.5
BnLl,2,2,4,0.5
BnLm,4,1,5,0.8
BnLn,6,2,8,0.75
BnLs,2,3,5,0.4
BnMB,13,10,23,0.57
BnMD,3,4,7,0.43
BnML,1,1,2,0.5
BnMM,13,8,21,0.62
BnMN,17,15,32,0.53
BnMP,11,17,28,0.39
BnMS,9,7,16,0.56
BnMb,5,9,14,0.36
BnMh,10,12,22,0.45
BnMj,2,1,3,0.67
BnMl,2,4,6,0.33
BnMm,14,18,32,0.44
BnMn,17,19,36,0.47
BnMs,12,13,25,0.48
BnMt,0,2,2,0.0
BnNB,23,12,35,0.66
BnND,4,2,6,0.67
BnNH,4,2,6,0.67
BnNK,2,1,3,0.67
BnNL,4,9,13,0.31
BnNM,14,13,27,0.52
BnNN,22,23,45,0.49
BnNP,24,31,55,0.44
BnNS,7,14,21,0.33
BnNb,8,10,18,0.44
BnNh,6,8,14,0.43
BnNl,5,5,10,0.5
BnNm,18,20,38,0.47
BnNn,19,27,46,0.41
BnNs,18,9,27,0.67
BnNt,3,1,4,0.75
BnPB,11,14,25,0.44
BnPD,1,7,8,0.12
BnPH,5,2,7,0.71
BnPI,1,3,4,0.25
BnPK,2,2,4,0.5
BnPL,7,8,15,0.47
BnPM,16,11,27,0.59
BnPN,22,21,43,0.51
BnPP,29,24,53,0.55
BnPS,22,21,43,0.51
BnPb,11,10,21,0.52
BnPh,2,2,4,0.5
BnPl,8,10,18,0.44
BnPm,22,18,40,0.55
BnPn,24,14,38,0.63
BnPs,18,15,33,0.55
BnPt,0,1,1,0.0
BnSB,6,7,13,0.46
BnSD,4,2,6,0.67
BnSH,2,1,3,0.67
BnSI,0,1,1,0.0
BnSK,1,0,1,1.0
BnSL,4,2,6,0.67
BnSM,7,12,19,0.37
BnSN,10,9,19,0.53
BnSP,13,13,26,0.5
BnSS,7,10,17,0.41
BnSb,6,4,10,0.6
BnSh,9,5,14,0.64
BnSl,5,2,7,0.71
BnSm,16,7,23,0.7
BnSn,5,7,12,0.42
BnSs,7,11,18,0.39
BnSt,2,1,3,0.67
BnbB,4,5,9,0.44
BnbD,2,2,4,0.5
BnbH,0,2,2,0.0
BnbI,0,1,1,0.0
BnbJ,1,4,5,0.2
BnbK,1,3,4,0.25
BnbL,3,1,4,0.75
BnbM,10,15,25,0.4
BnbN,18,14,32,0.56
BnbP,12,9,21,0.57
BnbS,5,13,18,0.28
Bnbb,8,8,16,0.5
Bnbl,2,1,3,0.67
Bnbm,11,13,24,0.46
Bnbn,10,15,25,0.4
Bnbs,4,3,7,0.57
BnhD,0,1,1,0.0
BnhH,0,0,0,
BnhN,0,1,1,0.0
BnhP,1,0,1,1.0
BnhS,0,2,2,0.0
Bnhh,0,1,1,0.0
Bnhm,0,0,0,
Bnhn,1,1,2,0.5
Bnhs,2,0,2,1.0
BnlB,3,3,6,0.5
BnlD,1,0,1,1.0
BnlH,4,3,7,0.57
BnlJ,1,1,2,0.5
BnlL,2,2,4,0.5
BnlM,4,9,13,0.31
BnlN,3,5,8,0.38
BnlP,4,4,8,0.5
BnlS,3,3,6,0.5
Bnlb,2,3,5,0.4
Bnll,3,0,3,1.0
Bnlm,4,3,7,0.57
Bnln,4,4,8,0.5
Bnls,4,0,4,1.0
BnmB,8,20,28,0.29
BnmD,8,5,13,0.62
BnmH,9,12,21,0.43
BnmJ,7,5,12,0.58
BnmL,1,6,7,0.14
BnmM,14,16,30,0.47
BnmN,15,20,35,0.43
BnmP,29,18,47,0.62
BnmS,11,8,19,0.58
Bnmb,12,6,18,0.67
Bnml,3,1,4,0.75
Bnmm,23,15,38,0.61
Bnmn,14,15,29,0.48
Bnms,9,8,17,0.53
BnnB,10,9,19,0.53
BnnD,4,6,10,0.4
BnnH,9,10,19,0.47
BnnI,3,3,6,0.5
BnnK,0,0,0,
BnnL,1,4,5,0.2
BnnM,12,14,26,0.46
BnnN,22,20,42,0.52
BnnP,20,23,43,0.47
BnnS,10,8,18,0.56
Bnnb,7,8,15,0.47
Bnnl,7,4,11,0.64
Bnnm,17,12,29,0.59
Bnnn,22,24,46,0.48
Bnns,10,13,23,0.43
BnsB,2,3,5,0.4
BnsD,3,4,7,0.43
BnsH,11,8,19,0.58
BnsI,0,2,2,0.0
BnsM,5,11,16,0.31
BnsN,14,13,27,0.52
BnsP,15,10,25,0.6
BnsS,9,9,18,0.5
Bnsb,7,7,14,0.5
Bnsh,1,0,1,1.0
Bnsl,2,3,5,0.4
Bnsm,6,11,17,0.35
Bnsn,12,10,22,0.55
Bnss,7,7,14,0.5
Bnst,0,1,1,0.0
BsBB,5,4,9,0.56
BsBD,2,2,4,0.5
BsBL,0,1,1,0.0
BsBM,5,4,9,0.56
BsBN,5,0,5,1.0
BsBP,8,7,15,0.53
BsBS,0,2,2,0.0
BsBb,5,7,12,0.42
BsBh,2,0,2,1.0
BsBj,1,0,1,1.0
BsBl,2,0,2,1.0
BsBm,3,0,3,1.0
BsBn,3,8,11,0.27
BsBs,0,4,4,0.0
BsBt,2,1,3,0.67
BsDB,2,0,2,1.0
BsDD,3,1,4,0.75
BsDH,2,0,2,1.0
BsDK,1,0,1,1.0
BsDM,0,0,0,
BsDN,1,1,2,0.5
BsDP,5,2,7,0.71
BsDS,1,4,5,0.2
BsDb,2,2,4,0.5
BsDm,4,5,9,0.44
BsDn,2,1,3,0.67
BsDs,1,1,2,0.5
BsHB,3,1,4,0.75
BsHD,2,0,2,1.0
BsHH,2,1,3,0.67
BsHK,1,0,1,1.0
BsHL,1,1,2,0.5
BsHM,5,7,12,0.42
BsHN,6,3,9,0.67
BsHP,3,5,8,0.38
BsHS,4,9,13,0.31
BsHb,3,6,9,0.33
BsHh,0,6,6,0.0
BsHl,1,2,3,0.33
BsHm,4,5,9,0.44
BsHn,6,0,6,1.0
BsHs,3,5,8,0.38
BsHt,0,1,1,0.0
BsIB,1,0,1,1.0
BsID,1,1,2,0.5
BsIH,1,0,1,1.0
BsII,0,0,0,
BsIL,0,2,2,0.0
BsIM,2,2,4,0.5
BsIN,1,0,1,1.0
BsIS,3,0,3,1.0
BsIb,0,1,1,0.0
BsIm,1,0,1,1.0
BsIn,0,1,1,0.0
BsIs,1,1,2,0.5
BsKH,0,0,0,
BsKS,1,1,2,0.5
BsLL,1,1,2,0.5
BsLM,2,1,3,0.67
BsLN,2,2,4,0.5
BsLP,0,1,1,0.0
BsLS,2,0,2,1.0
BsLl,1,0,1,1.0
BsLm,3,1,4,0.75
BsLn,2,1,3,0.67
BsLs,1,1,2,0.5
BsMB,3,5,8,0.38
BsMD,3,1,4,0.75
BsML,2,1,3,0.67
BsMM,2,6,8,0.25
BsMN,3,5,8,0.38
BsMP,6,7,13,0.46
BsMS,1,7,8,0.12
BsMb,4,5,9,0.44
BsMh,0,6,6,0.0
BsMj,1,0,1,1.0
BsMl,2,1,3,0.67
BsMm,6,5,11,0.55
BsMn,7,8,15,0.47
BsMs,3,5,8,0.38
BsNB,5,6,11,0.45
BsND,2,2,4,0.5
BsNH,2,2,4,0.5
BsNK,1,1,2,0.5
BsNL,4,0,4,1.0
BsNM,3,9,12,0.25
BsNN,9,11,20,0.45
BsNP,10,7,17,0.59
BsNS,6,3,9,0.67
BsNb,6,5,11,0.55
BsNh,2,3,5,0.4
BsNl,0,1,1,0.0
BsNm,11,5,16,0.69
BsNn,6,9,15,0.4
BsNs,2,6,8,0.25
BsPB,4,2,6,0.67
BsPD,1,0,1,1.0
BsPH,1,0,1,1.0
BsPI,0,1,1,0.0
BsPK,0,3,3,0.0
BsPL,1,6,7,0.14
BsPM,5,16,21,0.24
BsPN,7,7,14,0.5
BsPP,7,4,11,0.64
BsPS,3,5,8,0.38
BsPb,3,6,9,0.33
BsPh,1,2,3,0.33
BsPl,2,2,4,0.5
BsPm,10,5,15,0.67
BsPn,9,6,15,0.6
BsPs,1,6,7,0.14
BsPt,1,0,1,1.0
BsSB,6,2,8,0.75
BsSD,4,0,4,1.0
BsSH,1,3,4,0.25
BsSI,0,1,1,0.0
BsSL,1,0,1,1.0
BsSM,2,5,7,0.29
BsSN,6,7,13,0.46
BsSP,6,2,8,0.75
BsSS,5,3,8,0.62
BsSb,0,2,2,0.0
BsSh,2,4,6,0.33
BsSl,0,1,1,0.0
BsSm,7,8,15,0.47
BsSn,5,4,9,0.56
BsSs,7,1,8,0.88
BsSt,0,1,1,0.0
BsbB,1,1,2,0.5
BsbD,0,0,0,
BsbI,1,0,1,1.0
BsbJ,2,0,2,1.0
BsbM,2,6,8,0.25
BsbN,8,9,17,0.47
BsbP,3,1,4,0.75
BsbS,0,3,3,0.0
Bsbb,4,4,8,0.5
Bsbm,5,1,6,0.83
Bsbn,2,1,3,0.67
Bsbs,0,2,2,0.0
BshL,1,0,1,1.0
BshM,0,1,1,0.0
BshN,0,1,1,0.0
Bshm,0,0,0,
BslB,0,1,1,0.0
BslH,1,1,2,0.5
BslL,0,1,1,0.0
BslM,3,2,5,0.6
BslN,1,0,1,1.0
BslP,3,3,6,0.5
BslS,0,1,1,0.0
Bslb,0,3,3,0.0
Bsll,1,0,1,1.0
Bslm,1,4,5,0.2
Bsln,0,1,1,0.0
Bsls,2,2,4,0.5
BsmB,6,9,15,0.4
BsmD,2,0,2,1.0
BsmH,1,6,7,0.14
BsmJ,0,0,0,
BsmL,2,0,2,1.0
BsmM,8,4,12,0.67
BsmN,4,9,13,0.31
BsmP,6,3,9,0.67
BsmS,10,5,15,0.67
Bsmb,4,4,8,0.5
Bsml,2,1,3,0.67
Bsmm,6,1,7,0.86
Bsmn,3,5,8,0.38
Bsms,2,2,4,0.5
BsnB,0,4,4,0.0
BsnD,1,0,1,1.0
BsnH,8,6,14,0.57
BsnI,1,0,1,1.0
BsnK,0,1,1,0.0
BsnL,3,1,4,0.75
BsnM,4,9,13,0.31
BsnN,15,7,22,0.68
BsnP,4,8,12,0.33
BsnS,3,5,8,0.38
Bsnb,1,4,5,0.2
Bsnm,6,1,7,0.86
Bsnn,10,6,16,0.62
Bsns,5,3,8,0.62
BssB,3,4,7,0.43
BssD,1,1,2,0.5
BssH,7,4,11,0.64
BssK,0,0,0,
BssL,1,0,1,1.0
BssM,4,2,6,0.67
BssN,2,4,6,0.33
BssP,3,7,10,0.3
BssS,8,7,15,0.53
Bssb,2,5,7,0.29
Bssh,1,2,3,0.33
Bssl,1,1,2,0.5
Bssm,3,7,10,0.3
Bssn,6,4,10,0.6
Bsss,5,3,8,0.62
BtBN,0,1,1,0.0
BtBP,1,1,2,0.5
BtBS,1,0,1,1.0
BtBb,0,2,2,0.0
BtBl,1,0,1,1.0
BtDB,0,2,2,0.0
BtDH,0,1,1,0.0
BtDM,1,0,1,1.0
BtDN,0,0,0,
BtDl,1,0,1,1.0
BtHB,0,1,1,0.0
BtHH,1,0,1,1.0
BtHL,1,0,1,1.0
BtHM,0,1,1,0.0
BtHN,0,0,0,
BtHP,2,0,2,1.0
BtHS,0,1,1,0.0
BtHh,2,0,2,1.0
BtHl,1,1,2,0.5
BtHm,0,1,1,0.0
BtII,0,1,1,0.0
BtIM,1,0,1,1.0
BtLP,1,1,2,0.5
BtLb,1,1,2,0.5
BtLm,1,0,1,1.0
BtLn,0,1,1,0.0
BtMB,1,0,1,1.0
BtML,1,0,1,1.0
BtMM,2,0,2,1.0
BtMN,1,1,2,0.5
BtMP,1,2,3,0.33
BtMb,1,1,2,0.5
BtMl,0,1,1,0.0
BtMm,3,2,5,0.6
BtMn,2,2,4,0.5
BtMs,0,1,1,0.0
BtNB,1,0,1,1.0
BtND,1,0,1,1.0
BtNM,3,1,4,0.75
BtNN,1,0,1,1.0
BtNP,3,1,4,0.75
BtNS,2,3,5,0.4
BtNb,1,0,1,1.0
BtNh,1,0,1,1.0
BtNl,2,0,2,1.0
BtNm,1,1,2,0.5
BtNn,1,1,2,0.5
BtNs,1,1,2,0.5
BtNt,1,0,1,1.0
BtPH,2,1,3,0.67
BtPK,1,1,2,0.5
BtPL,0,2,2,0.0
BtPM,0,2,2,0.0
BtPN,1,2,3,0.33
BtPP,1,3,4,0.25
BtPS,1,3,4,0.25
BtPb,3,1,4,0.75
BtPh,0,0,0,
BtPl,0,1,1,0.0
BtPm,0,1,1,0.0
BtPn,1,2,3,0.33
BtPs,0,2,2,0.0
BtSL,1,0,1,1.0
BtSM,0,1,1,0.0
BtSN,1,1,2,0.5
BtSS,0,2,2,0.0
BtSb,1,1,2,0.5
BtSh,0,0,0,
BtSl,0,0,0,
BtSm,2,0,2,1.0
BtSn,2,0,2,1.0
BtSs,0,1,1,0.0
BtbL,0,0,0,
BtbM,0,2,2,0.0
BtbN,0,1,1,0.0
BtbP,0,3,3,0.0
BtbS,1,1,2,0.5
Btbb,1,1,2,0.5
Btbm,0,1,1,0.0
Btbn,1,0,1,1.0
Btbs,0,0,0,
BtlL,0,1,1,0.0
BtlN,1,0,1,1.0
BtlP,0,0,0,
Btln,1,0,1,1.0
BtmB,0,2,2,0.0
BtmD,2,0,2,1.0
BtmH,0,0,0,
BtmM,0,1,1,0.0
BtmN,1,0,1,1.0
BtmP,3,1,4,0.75
BtmS,1,0,1,1.0
Btmb,0,2,2,0.0
Btmm,2,3,5,0.4
Btmn,1,0,1,1.0
Btms,0,1,1,0.0
BtnB,2,0,2,1.0
BtnD,0,1,1,0.0
BtnH,2,1,3,0.67
BtnM,1,1,2,0.5
BtnN,0,1,1,0.0
BtnP,2,1,3,0.67
BtnS,0,1,1,0.0
Btnh,0,0,0,
Btnl,1,0,1,1.0
Btnm,0,1,1,0.0
Btnn,0,4,4,0.0
Btns,0,1,1,0.0
BtsH,0,3,3,0.0
BtsL,0,0,0,
BtsN,0,1,1,0.0
BtsP,1,1,2,0.5
BtsS,0,2,2,0.0
Btsl,1,0,1,1.0
Btsm,1,3,4,0.25
Btss,0,1,1,0.0
BttL,0,1,1,0.0
BttS,0,0,0,
Bttb,1,0,1,1.0
Bttn,0,1,1,0.0
DBBB,5,2,7,0.71
DBBH,1,0,1,1.0
DBBK,0,2,2,0.0
DBBL,1,2,3,0.33
DBBM,1,2,3,0.33
DBBN,2,2,4,0.5
DBBP,2,3,5,0.4
DBBS,1,1,2,0.5
DBBb,3,2,5,0.6
DBBh,0,0,0,
DBBj,1,0,1,1.0
DBBl,1,0,1,1.0
DBBm,5,3,8,0.62
DBBn,6,8,14,0.43
DBBs,0,2,2,0.0
DBBt,1,0,1,1.0
DBDB,1,0,1,1.0
DBDD,0,1,1,0.0
DBDH,1,3,4,0.25
DBDM,0,3,3,0.0
DBDP,0,0,0,
DBDS,1,0,1,1.0
DBDb,1,0,1,1.0
DBDm,0,1,1,0.0
DBDn,0,1,1,0.0
DBDs,1,0,1,1.0
DBKB,0,0,0,
DBKL,0,1,1,0.0
DBKM,0,1,1,0.0
DBKN,1,0,1,1.0
DBKP,2,1,3,0.67
DBKb,1,2,3,0.33
DBKh,0,1,1,0.0
DBKm,1,1,2,0.5
DBKn,1,0,1,1.0
DBKt,1,0,1,1.0
DBLL,1,0,1,1.0
DBLM,1,0,1,1.0
DBLN,1,0,1,1.0
DBLP,0,1,1,0.0
DBLS,0,1,1,0.0
DBLb,1,0,1,1.0
DBLh,0,2,2,0.0
DBLl,1,0,1,1.0
DBLm,1,2,3,0.33
DBLs,0,0,0,
DBLt,1,0,1,1.0
DBMB,3,2,5,0.6
DBMD,0,1,1,0.0
DBMM,3,6,9,0.33
DBMN,1,3,4,0.25
DBMP,3,3,6,0.5
DBMS,1,4,5,0.2
DBMb,1,4,5,0.2
DBMh,3,1,4,0.75
DBMj,0,1,1,0.0
DBMl,1,0,1,1.0
DBMm,8,2,10,0.8
DBMn,5,4,9,0.56
DBMs,1,1,2,0.5
DBMt,1,0,1,1.0
DBNB,2,5,7,0.29
DBND,1,0,1,1.0
DBNH,1,0,1,1.0
DBNL,0,4,4,0.0
DBNM,0,1,1,0.0
DBNN,1,1,2,0.5
DBNP,2,9,11,0.18
DBNS,3,4,7,0.43
DBNb,4,1,5,0.8
DBNh,1,0,1,1.0
DBNl,0,2,2,0.0
DBNm,4,2,6,0.67
DBNn,1,3,4,0.25
DBNs,1,2,3,0.33
DBNt,0,1,1,0.0
DBPB,2,5,7,0.29
DBPH,0,1,1,0.0
DBPK,1,0,1,1.0
DBPL,1,2,3,0.33
DBPM,1,5,6,0.17
DBPN,2,1,3,0.67
DBPP,5,4,9,0.56
DBPS,2,2,4,0.5
DBPb,1,3,4,0.25
DBPh,0,1,1,0.0
DBPl,1,1,2,0.5
DBPm,2,4,6,0.33
DBPn,2,4,6,0.33
DBPs,4,4,8,0.5
DBPt,0,1,1,0.0
DBSB,2,1,3,0.67
DBSD,2,0,2,1.0
DBSH,1,0,1,1.0
DBSL,0,1,1,0.0
DBSM,2,5,7,0.29
DBSN,1,0,1,1.0
DBSP,3,2,5,0.6
DBSS,1,3,4,0.25
DBSb,1,4,5,0.2
DBSh,1,1,2,0.5
DBSm,2,1,3,0.67
DBSn,0,1,1,0.0
DBSs,1,1,2,0.5
DBbB,2,3,5,0.4
DBbD,0,0,0,
DBbJ,0,1,1,0.0
DBbL,1,2,3,0.33
DBbM,3,2,5,0.6
DBbN,6,0,6,1.0
DBbP,2,1,3,0.67
DBbS,1,2,3,0.33
DBbb,0,2,2,0.0
DBbl,2,0,2,1.0
DBbm,2,1,3,0.67
DBbn,1,1,2,0.5
DBbs,3,2,5,0.6
DBhB,0,0,0,
DBhM,0,1,1,0.0
DBhb,0,0,0,
DBhm,0,0,0,
DBhn,1,0,1,1.0
DBjB,0,0,0,
DBjL,0,0,0,
DBjN,0,1,1,0.0
DBjP,1,0,1,1.0
DBjb,1,0,1,1.0
DBjm,0,1,1,0.0
DBjs,0,0,0,
DBlB,0,1,1,0.0
DBlL,0,1,1,0.0
DBlM,2,0,2,1.0
DBlN,1,0,1,1.0
DBlP,0,2,2,0.0
DBlS,0,1,1,0.0
DBlb,1,1,2,0.5
DBll,1,0,1,1.0
DBlm,3,2,5,0.6
DBls,0,1,1,0.0
DBmB,2,6,8,0.25
DBmD,2,2,4,0.5
DBmH,0,2,2,0.0
DBmL,1,3,4,0.25
DBmM,7,3,10,0.7
DBmN,2,5,7,0.29
DBmP,6,1,7,0.86
DBmS,1,6,7,0.14
DBmb,4,3,7,0.57
DBmm,7,2,9,0.78
DBmn,3,4,7,0.43
DBms,4,4,8,0.5
DBnB,6,4,10,0.6
DBnD,0,0,0,
DBnH,1,1,2,0.5
DBnL,1,0,1,1.0
DBnM,2,1,3,0.67
DBnN,4,1,5,0.8
DBnP,5,3,8,0.62
DBnS,2,3,5,0.4
DBnb,3,2,5,0.6
DBnl,1,0,1,1.0
DBnm,1,6,7,0.14
DBnn,2,3,5,0.4
DBns,5,1,6,0.83
DBsB,0,1,1,0.0
DBsD,0,1,1,0.0
DBsH,0,2,2,0.0
DBsL,0,1,1,0.0
DBsM,0,2,2,0.0
DBsN,1,5,6,0.17
DBsP,2,2,4,0.5
DBsS,1,1,2,0.5
DBsb,1,1,2,0.5
DBsl,0,1,1,0.0
DBsm,1,1,2,0.5
DBss,0,2,2,0.0
DBtD,0,0,0,
DBtM,0,0,0,
DBtN,0,1,1,0.0
DBtP,0,1,1,0.0
DDBB,4,5,9,0.44
DDBD,0,1,1,0.0
DDBK,1,3,4,0.25
DDBM,0,3,3,0.0
DDBN,3,4,7,0.43
DDBP,1,3,4,0.25
DDBS,0,2,2,0.0
DDBb,1,0,1,1.0
DDBj,1,0,1,1.0
DDBm,1,2,3,0.33
DDBn,0,1,1,0.0
DDBs,1,1,2,0.5
DDDB,1,0,1,1.0
DDDD,3,0,3,1.0
DDDH,1,0,1,1.0
DDDL,1,1,2,0.5
DDDM,3,5,8,0.38
DDDN,2,2,4,0.5
DDDP,2,1,3,0.67
DDDS,1,1,2,0.5
DDDb,0,2,2,0.0
DDDl,0,1,1,0.0
DDDm,0,1,1,0.0
DDDn,0,0,0,
DDDs,0,2,2,0.0
DDHB,4,0,4,1.0
DDHD,1,1,2,0.5
DDHH,0,0,0,
DDHL,1,0,1,1.0
DDHM,0,2,2,0.0
DDHN,1,0,1,1.0
DDHP,2,3,5,0.4
DDHS,2,3,5,0.4
DDHb,1,2,3,0.33
DDHh,1,0,1,1.0
DDHl,2,0,2,1.0
DDHm,3,2,5,0.6
DDHn,3,0,3,1.0
DDHs,1,0,1,1.0
DDIM,0,2,2,0.0
DDIP,0,1,1,0.0
DDLB,0,1,1,0.0
DDLK,0,1,1,0.0
DDLM,2,1,3,0.67
DDLN,0,1,1,0.0
DDLP,3,1,4,0.75
DDLb,0,3,3,0.0
DDLj,1,0,1,1.0
DDLm,0,2,2,0.0
DDMB,2,3,5,0.4
DDMD,1,1,2,0.5
DDMH,0,1,1,0.0
DDMM,9,3,12,0.75
DDMN,3,1,4,0.75
DDMP,2,1,3,0.67
DDMS,2,1,3,0.67
DDMb,2,1,3,0.67
DDMh,5,4,9,0.56
DDMj,1,0,1,1.0
DDMl,1,0,1,1.0
DDMm,5,2,7,0.71
DDMn,4,0,4,1.0
DDMs,2,3,5,0.4
DDNB,1,0,1,1.0
DDND,1,1,2,0.5
DDNH,0,0,0,
DDNK,1,0,1,1.0
DDNL,1,1,2,0.5
DDNM,0,1,1,0.0
DDNN,3,1,4,0.75
DDNS,2,0,2,1.0
DDNh,1,0,1,1.0
DDNl,0,1,1,0.0
DDNm,2,2,4,0.5
DDNn,0,3,3,0.0
DDNs,1,1,2,0.5
DDNt,1,0,1,1.0
DDPB,5,1,6,0.83
DDPD,0,3,3,0.0
DDPI,1,1,2,0.5
DDPK,0,0,0,
DDPL,2,1,3,0.67
DDPM,0,5,5,0.0
DDPN,0,1,1,0.0
DDPP,2,3,5,0.4
DDPS,0,1,1,0.0
DDPb,1,0,1,1.0
DDPl,1,0,1,1.0
DDPm,7,3,10,0.7
DDPn,1,1,2,0.5
DDPs,1,2,3,0.33
DDSD,1,1,2,0.5
DDSH,0,0,0,
DDSL,2,0,2,1.0
DDSM,0,4,4,0.0
DDSN,2,0,2,1.0
DDSP,5,2,7,0.71
DDSS,1,2,3,0.33
DDSb,0,1,1,0.0
DDSh,0,0,0,
DDSl,0,0,0,
DDSm,2,2,4,0.5
DDSn,1,0,1,1.0
DDSs,1,3,4,0.25
DDbB,1,1,2,0.5
DDbH,0,2,2,0.0
DDbI,1,0,1,1.0
DDbK,0,1,1,0.0
DDbM,2,0,2,1.0
DDbN,1,0,1,1.0
DDbP,3,2,5,0.6
DDbS,1,0,1,1.0
DDbb,1,5,6,0.17
DDbm,1,1,2,0.5
DDbn,1,1,2,0.5
DDbs,2,1,3,0.67
DDhM,0,1,1,0.0
DDhP,1,0,1,1.0
DDhl,0,0,0,
DDlB,1,0,1,1.0
DDlH,0,1,1,0.0
DDlM,1,0,1,1.0
DDlP,0,0,0,
DDlS,2,0,2,1.0
DDlb,1,1,2,0.5
DDlm,2,1,3,0.67
DDls,1,1,2,0.5
DDmB,5,2,7,0.71
DDmD,2,5,7,0.29
DDmH,2,1,3,0.67
DDmL,0,1,1,0.0
DDmM,2,6,8,0.25
DDmN,1,1,2,0.5
DDmP,3,7,10,0.3
DDmS,1,6,7,0.14
DDmb,3,5,8,0.38
DDml,0,2,2,0.0
DDmm,10,3,13,0.77
DDmn,4,2,6,0.67
DDms,3,1,4,0.75
DDnD,2,1,3,0.67
DDnH,1,0,1,1.0
DDnK,1,0,1,1.0
DDnM,3,0,3,1.0
DDnN,0,1,1,0.0
DDnP,3,1,4,0.75
DDnS,1,0,1,1.0
DDnb,2,1,3,0.67
DDnh,0,1,1,0.0
DDnl,2,2,4,0.5
DDnm,1,1,2,0.5
DDnn,2,0,2,1.0
DDns,1,0,1,1.0
DDsB,0,1,1,0.0
DDsD,0,0,0,
DDsH,1,2,3,0.33
DDsN,3,0,3,1.0
DDsP,0,2,2,0.0
DDsS,0,2,2,0.0
DDsb,1,1,2,0.5
DDsl,1,1,2,0.5
DDsm,2,2,4,0.5
DDsn,1,0,1,1.0
DDss,4,0,4,1.0
DDtB,1,0,1,1.0
DDtM,0,1,1,0.0
DDtN,0,1,1,0.0
DDtb,0,0,0,
DHBB,2,0,2,1.0
DHBD,1,0,1,1.0
DHBL,0,1,1,0.0
DHBM,1,6,7,0.14
DHBN,3,1,4,0.75
DHBP,1,4,5,0.2
DHBS,2,1,3,0.67
DHBb,0,2,2,0.0
DHBh,1,0,1,1.0
DHBj,0,0,0,
DHBl,0,1,1,0.0
DHBm,1,5,6,0.17
DHBn,3,0,3,1.0
DHBs,1,0,1,1.0
DHDB,2,0,2,1.0
DHDD,0,0,0,
DHDH,0,0,0,
DHDL,1,0,1,1.0
DHDM,3,1,4,0.75
DHDN,1,0,1,1.0
DHDP,0,0,0,
DHDS,1,0,1,1.0
DHDb,1,0,1,1.0
DHDm,1,2,3,0.33
DHDn,2,1,3,0.67
DHDs,1,0,1,1.0
DHHD,0,0,0,
DHHH,1,0,1,1.0
DHHK,1,0,1,1.0
DHHM,1,1,2,0.5
DHHP,0,1,1,0.0
DHHS,1,0,1,1.0
DHHn,0,2,2,0.0
DHIM,0,1,1,0.0
DHIP,0,1,1,0.0
DHIb,2,0,2,1.0
DHKB,0,1,1,0.0
DHKP,0,0,0,
DHKh,0,1,1,0.0
DHKl,1,0,1,1.0
DHKm,0,1,1,0.0
DHLL,1,0,1,1.0
DHLM,1,2,3,0.33
DHLN,0,1,1,0.0
DHLP,1,2,3,0.33
DHLb,0,1,1,0.0
DHLl,1,1,2,0.5
DHLm,2,1,3,0.67
DHLn,2,0,2,1.0
DHMB,3,5,8,0.38
DHMD,0,2,2,0.0
DHML,2,1,3,0.67
DHMM,6,6,12,0.5
DHMN,1,2,3,0.33
DHMP,5,6,11,0.45
DHMS,1,2,3,0.33
DHMb,5,5,10,0.5
DHMh,1,6,7,0.14
DHMl,0,0,0,
DHMm,5,3,8,0.62
DHMn,0,4,4,0.0
DHMs,2,3,5,0.4
DHNB,3,2,5,0.6
DHND,1,1,2,0.5
DHNK,0,1,1,0.0
DHNL,1,1,2,0.5
DHNM,3,2,5,0.6
DHNN,3,1,4,0.75
DHNP,1,7,8,0.12
DHNS,2,2,4,0.5
DHNb,1,0,1,1.0
DHNh,1,0,1,1.0
DHNl,1,1,2,0.5
DHNm,4,1,5,0.8
DHNn,2,2,4,0.5
DHNs,0,2,2,0.0
DHNt,1,1,2,0.5
DHPB,4,0,4,1.0
DHPD,1,1,2,0.5
DHPH,1,1,2,0.5
DHPI,1,1,2,0.5
DHPK,0,1,1,0.0
DHPL,2,1,3,0.67
DHPM,2,5,7,0.29
DHPN,3,0,3,1.0
DHPP,2,4,6,0.33
DHPS,1,3,4,0.25
DHPb,2,1,3,0.67
DHPh,1,0,1,1.0
DHPl,1,0,1,1.0
DHPm,5,6,11,0.45
DHPn,3,4,7,0.43
DHPs,2,3,5,0.4
DHSB,2,1,3,0.67
DHSD,1,0,1,1.0
DHSH,1,0,1,1.0
DHSL,2,0,2,1.0
DHSM,3,2,5,0.6
DHSN,2,3,5,0.4
DHSP,2,2,4,0.5
DHSS,7,4,11,0.64
DHSb,1,1,2,0.5
DHSh,0,2,2,0.0
DHSl,1,0,1,1.0
DHSm,8,3,11,0.73
DHSn,1,2,3,0.33
DHSs,4,4,8,0.5
DHbB,3,3,6,0.5
DHbD,1,1,2,0.5
DHbI,0,0,0,
DHbK,0,1,1,0.0
DHbL,5,2,7,0.71
DHbM,0,2,2,0.0
DHbN,1,2,3,0.33
DHbP,6,0,6,1.0
DHbb,3,4,7,0.43
DHbl,1,0,1,1.0
DHbm,2,4,6,0.33
DHbn,3,3,6,0.5
DHbs,1,2,3,0.33
DHhB,1,1,2,0.5
DHhD,0,0,0,
DHhK,0,1,1,0.0
DHhL,0,1,1,0.0
DHhM,3,3,6,0.5
DHhN,0,1,1,0.0
DHhP,3,2,5,0.6
DHhS,1,0,1,1.0
DHhb,1,0,1,1.0
DHhh,3,0,3,1.0
DHhl,0,3,3,0.0
DHhm,0,3,3,0.0
DHhs,1,0,1,1.0
DHlB,0,1,1,0.0
DHlD,1,0,1,1.0
DHlH,2,0,2,1.0
DHlJ,0,0,0,
DHlL,1,0,1,1.0
DHlM,2,0,2,1.0
DHlN,3,0,3,1.0
DHlP,2,2,4,0.5
DHlb,0,2,2,0.0
DHll,1,0,1,1.0
DHln,0,1,1,0.0
DHmB,1,2,3,0.33
DHmD,1,2,3,0.33
DHmH,2,3,5,0.4
DHmJ,0,0,0,
DHmL,2,2,4,0.5
DHmM,3,7,10,0.3
DHmN,4,5,9,0.44
DHmP,4,6,10,0.4
DHmS,4,0,4,1.0
DHmb,5,4,9,0.56
DHmh,0,0,0,
DHml,3,1,4,0.75
DHmm,6,8,14,0.43
DHmn,4,3,7,0.57
DHms,1,1,2,0.5
DHnB,1,1,2,0.5
DHnD,2,0,2,1.0
DHnH,2,1,3,0.67
DHnK,0,0,0,
DHnL,2,1,3,0.67
DHnM,2,1,3,0.67
DHnN,4,0,4,1.0
DHnP,3,5,8,0.38
DHnS,0,2,2,0.0
DHnb,2,2,4,0.5
DHnm,2,4,6,0.33
DHnn,4,1,5,0.8
DHns,3,1,4,0.75
DHsB,2,1,3,0.67
DHsD,4,2,6,0.67
DHsH,1,1,2,0.5
DHsM,2,2,4,0.5
DHsN,2,2,4,0.5
DHsP,2,2,4,0.5
DHsS,2,4,6,0.33
DHsb,1,1,2,0.5
DHsl,1,1,2,0.5
DHsm,4,4,8,0.5
DHsn,0,2,2,0.0
DHss,5,5,10,0.5
DHtB,1,0,1,1.0
DHtI,0,0,0,
DHtM,1,0,1,1.0
DHtm,0,0,0,
DIBB,1,0,1,1.0
DIBP,1,0,1,1.0
DIBl,1,0,1,1.0
DIBm,0,1,1,0.0
DIDD,1,0,1,1.0
DIDL,1,0,1,1.0
DIDb,0,1,1,0.0
DIHP,1,0,1,1.0
DIHn,0,0,0,
DIIB,0,1,1,0.0
DILL,0,0,0,
DILM,1,0,1,1.0
DILm,1,0,1,1.0
DIMN,1,0,1,1.0
DIMP,1,0,1,1.0
DIMm,1,1,2,0.5
DINB,1,0,1,1.0
DINM,0,1,1,0.0
DINP,1,0,1,1.0
DIPM,0,1,1,0.0
DIPN,0,1,1,0.0
DIPS,0,0,0,
DIPl,1,0,1,1.0
DIPm,0,1,1,0.0
DISS,1,0,1,1.0
DISm,0,0,0,
DIbJ,0,1,1,0.0
DIbN,0,1,1,0.0
DIbn,0,1,1,0.0
DImH,1,0,1,1.0
DImP,0,0,0,
DInM,0,0,0,
DInN,1,0,1,1.0
DInm,0,1,1,0.0
DIsN,0,0,0,
DIsS,0,1,1,0.0
DIsn,0,1,1,0.0
DKBn,1,0,1,1.0
DKIH,1,0,1,1.0
DKMb,0,1,1,0.0
DKMs,0,1,1,0.0
DKPB,0,1,1,0.0
DKPD,1,0,1,1.0
DKSm,1,0,1,1.0
DKnP,1,0,1,1.0
DKsD,0,1,1,0.0
DLBB,1,0,1,1.0
DLBD,1,0,1,1.0
DLBL,0,1,1,0.0
DLBM,2,0,2,1.0
DLBN,1,0,1,1.0
DLBP,3,3,6,0.5
DLBb,1,1,2,0.5
DLBj,1,0,1,1.0
DLBl,0,1,1,0.0
DLBm,0,2,2,0.0
DLBn,0,1,1,0.0
DLBs,1,2,3,0.33
DLDD,1,1,2,0.5
DLDM,1,1,2,0.5
DLDP,0,0,0,
DLDS,0,1,1,0.0
DLDb,0,0,0,
DLDl,1,1,2,0.5
DLDm,0,1,1,0.0
DLDn,0,0,0,
DLKb,0,1,1,0.0
DLKh,1,0,1,1.0
DLKl,1,0,1,1.0
DLKm,2,0,2,1.0
DLLM,1,0,1,1.0
DLLS,0,1,1,0.0
DLLh,1,0,1,1.0
DLLl,0,1,1,0.0
DLLm,0,1,1,0.0
DLLn,1,0,1,1.0
DLLs,0,1,1,0.0
DLMB,2,1,3,0.67
DLMD,0,0,0,
DLML,0,0,0,
DLMM,0,1,1,0.0
DLMN,0,1,1,0.0
DLMP,0,1,1,0.0
DLMS,2,0,2,1.0
DLMb,2,0,2,1.0
DLMh,1,0,1,1.0
DLMj,0,0,0,
DLMm,4,0,4,1.0
DLMn,4,2,6,0.67
DLMs,1,1,2,0.5
DLNB,2,1,3,0.67
DLNL,0,1,1,0.0
DLNM,0,0,0,
DLNN,1,0,1,1.0
DLNP,2,1,3,0.67
DLNS,0,1,1,0.0
DLNb,1,1,2,0.5
DLNh,0,1,1,0.0
DLNl,0,1,1,0.0
DLNm,1,1,2,0.5
DLNn,1,0,1,1.0
DLNs,0,2,2,0.0
DLPB,2,3,5,0.4
DLPD,0,0,0,
DLPK,1,0,1,1.0
DLPM,2,2,4,0.5
DLPN,1,1,2,0.5
DLPP,0,0,0,
DLPS,3,1,4,0.75
DLPb,2,0,2,1.0
DLPl,0,0,0,
DLPm,2,1,3,0.67
DLPn,1,0,1,1.0
DLPs,1,1,2,0.5
DLSB,1,0,1,1.0
DLSL,1,0,1,1.0
DLSM,4,2,6,0.67
DLSN,1,2,3,0.33
DLSP,0,1,1,0.0
DLSh,1,0,1,1.0
DLSl,0,1,1,0.0
DLSm,3,1,4,0.75
DLSs,0,1,1,0.0
DLbB,1,0,1,1.0
DLbH,1,0,1,1.0
DLbM,1,1,2,0.5
DLbP,1,1,2,0.5
DLbS,0,1,1,0.0
DLbb,1,1,2,0.5
DLbm,0,3,3,0.0
DLbn,2,0,2,1.0
DLbs,1,0,1,1.0
DLhB,1,0,1,1.0
DLhD,1,0,1,1.0
DLhI,0,1,1,0.0
DLhN,1,0,1,1.0
DLhP,0,3,3,0.0
DLhb,0,1,1,0.0
DLhm,1,1,2,0.5
DLhs,1,0,1,1.0
DLjD,2,0,2,1.0
DLjL,0,0,0,
DLjN,1,0,1,1.0
DLjP,0,1,1,0.0
DLjb,0,1,1,0.0
DLlI,1,0,1,1.0
DLlL,1,0,1,1.0
DLlM,1,1,2,0.5
DLlN,1,0,1,1.0
DLlP,1,0,1,1.0
DLlb,1,2,3,0.33
DLll,0,1,1,0.0
DLlm,1,0,1,1.0
DLls,1,0,1,1.0
DLmB,1,1,2,0.5
DLmD,1,1,2,0.5
DLmH,1,0,1,1.0
DLmM,0,0,0,
DLmN,0,4,4,0.0
DLmP,0,1,1,0.0
DLmS,0,1,1,0.0
DLmb,0,2,2,0.0
DLml,1,2,3,0.33
DLmm,1,0,1,1.0
DLmn,1,3,4,0.25
DLnB,3,3,6,0.5
DLnD,0,0,0,
DLnH,1,1,2,0.5
DLnI,0,1,1,0.0
DLnM,2,1,3,0.67
DLnN,0,2,2,0.0
DLnP,1,2,3,0.33
DLnS,1,1,2,0.5
DLnb,1,2,3,0.33
DLnm,0,1,1,0.0
DLnn,0,2,2,0.0
DLns,1,0,1,1.0
DLsH,1,2,3,0.33
DLsK,1,0,1,1.0
DLsN,0,0,0,
DLsS,1,1,2,0.5
DLsb,1,2,3,0.33
DLsm,0,0,0,
DLtN,1,0,1,1.0
DLtP,1,1,2,0.5
DLtb,1,1,2,0.5
DLtm,1,0,1,1.0
DLtn,0,2,2,0.0
DMBB,9,6,15,0.6
DMBD,3,3,6,0.5
DMBK,2,1,3,0.67
DMBL,1,0,1,1.0
DMBM,3,1,4,0.75
DMBN,6,4,10,0.6
DMBP,3,5,8,0.38
DMBS,1,2,3,0.33
DMBb,7,9,16,0.44
DMBh,2,0,2,1.0
DMBj,0,0,0,
DMBm,6,7,13,0.46
DMBn,7,4,11,0.64
DMBs,1,1,2,0.5
DMDB,1,2,3,0.33
DMDD,1,0,1,1.0
DMDH,1,0,1,1.0
DMDL,0,0,0,
DMDM,1,4,5,0.2
DMDN,3,1,4,0.75
DMDP,4,0,4,1.0
DMDS,2,1,3,0.67
DMDb,0,3,3,0.0
DMDm,2,3,5,0.4
DMDs,0,1,1,0.0
DMHD,0,1,1,0.0
DMHb,0,1,1,0.0
DMLB,2,1,3,0.67
DMLD,1,0,1,1.0
DMLL,1,0,1,1.0
DMLM,2,0,2,1.0
DMLN,1,1,2,0.5
DMLS,0,0,0,
DMLb,1,2,3,0.33
DMLl,0,1,1,0.0
DMLm,3,1,4,0.75
DMLn,2,1,3,0.67
DMLt,0,0,0,
DMMB,5,4,9,0.56
DMMD,1,0,1,1.0
DMML,2,0,2,1.0
DMMM,3,8,11,0.27
DMMN,0,5,5,0.0
DMMP,4,6,10,0.4
DMMS,3,3,6,0.5
DMMb,4,5,9,0.44
DMMh,5,5,10,0.5
DMMj,0,1,1,0.0
DMMl,1,1,2,0.5
DMMm,16,7,23,0.7
DMMn,7,6,13,0.54
DMMs,4,6,10,0.4
DMMt,0,0,0,
DMNB,2,2,4,0.5
DMND,4,1,5,0.8
DMNH,0,1,1,0.0
DMNK,1,0,1,1.0
DMNL,1,2,3,0.33
DMNM,3,4,7,0.43
DMNN,1,4,5,0.2
DMNP,7,4,11,0.64
DMNS,3,2,5,0.6
DMNb,2,3,5,0.4
DMNh,0,2,2,0.0
DMNl,1,1,2,0.5
DMNm,3,7,10,0.3
DMNn,6,3,9,0.67
DMNs,1,1,2,0.5
DMPB,2,4,6,0.33
DMPD,1,2,3,0.33
DMPH,1,3,4,0.25
DMPI,1,0,1,1.0
DMPK,2,2,4,0.5
DMPL,1,2,3,0.33
DMPM,4,7,11,0.36
DMPN,3,3,6,0.5
DMPP,6,1,7,0.86
DMPS,4,2,6,0.67
DMPb,5,5,10,0.5
DMPh,0,1,1,0.0
DMPl,0,1,1,0.0
DMPm,9,5,14,0.64
DMPn,7,2,9,0.78
DMPs,4,0,4,1.0
DMPt,0,2,2,0.0
DMSB,3,1,4,0.75
DMSD,0,2,2,0.0
DMSH,0,1,1,0.0
DMSL,2,2,4,0.5
DMSM,2,7,9,0.22
DMSN,0,3,3,0.0
DMSP,2,5,7,0.29
DMSS,3,2,5,0.6
DMSb,1,3,4,0.25
DMSh,1,1,2,0.5
DMSl,1,2,3,0.33
DMSm,3,4,7,0.43
DMSn,4,1,5,0.8
DMSs,0,4,4,0.0
DMbB,3,5,8,0.38
DMbD,0,2,2,0.0
DMbH,2,0,2,1.0
DMbI,1,0,1,1.0
DMbK,3,0,3,1.0
DMbL,1,0,1,1.0
DMbM,1,3,4,0.25
DMbN,0,2,2,0.0
DMbP,6,6,12,0.5
DMbS,0,2,2,0.0
DMbb,4,2,6,0.67
DMbl,1,0,1,1.0
DMbm,11,3,14,0.79
DMbn,4,5,9,0.44
DMhB,2,6,8,0.25
DMhD,0,1,1,0.0
DMhH,0,2,2,0.0
DMhL,1,1,2,0.5
DMhM,5,4,9,0.56
DMhN,3,8,11,0.27
DMhP,3,1,4,0.75
DMhS,4,5,9,0.44
DMhb,1,5,6,0.17
DMhh,1,2,3,0.33
DMhl,2,0,2,1.0
DMhm,8,9,17,0.47
DMhn,1,1,2,0.5
DMhs,3,0,3,1.0
DMht,1,0,1,1.0
DMjB,0,1,1,0.0
DMjM,0,1,1,0.0
DMjN,1,1,2,0.5
DMjS,1,0,1,1.0
DMjb,0,1,1,0.0
DMjm,1,0,1,1.0
DMlB,0,2,2,0.0
DMlH,1,0,1,1.0
DMlJ,0,0,0,
DMlL,1,0,1,1.0
DMlM,0,0,0,
DMlN,1,1,2,0.5
DMlP,2,1,3,0.67
DMlS,1,1,2,0.5
DMlb,1,0,1,1.0
DMll,1,0,1,1.0
DMlm,0,1,1,0.0
DMln,1,0,1,1.0
DMls,1,1,2,0.5
DMmB,10,7,17,0.59
DMmD,8,5,13,0.62
DMmH,2,1,3,0.67
DMmI,1,0,1,1.0
DMmJ,0,2,2,0.0
DMmL,3,2,5,0.6
DMmM,3,6,9,0.33
DMmN,2,9,11,0.18
DMmP,6,7,13,0.46
DMmS,3,4,7,0.43
DMmb,4,3,7,0.57
DMml,2,2,4,0.5
DMmm,6,9,15,0.4
DMmn,2,6,8,0.25
DMms,5,4,9,0.56
DMnB,6,2,8,0.75
DMnD,1,2,3,0.33
DMnH,1,0,1,1.0
DMnI,2,2,4,0.5
DMnK,0,1,1,0.0
DMnL,0,2,2,0.0
DMnM,3,5,8,0.38
DMnN,7,3,10,0.7
DMnP,2,2,4,0.5
DMnS,5,3,8,0.62
DMnb,2,4,6,0.33
DMnl,1,2,3,0.33
DMnm,9,8,17,0.53
DMnn,5,2,7,0.71
DMns,1,3,4,0.25
DMsB,4,1,5,0.8
DMsD,0,1,1,0.0
DMsH,1,4,5,0.2
DMsI,0,1,1,0.0
DMsL,0,0,0,
DMsM,2,1,3,0.67
DMsN,8,1,9,0.89
DMsP,1,0,1,1.0
DMsS,3,3,6,0.5
DMsb,3,2,5,0.6
DMsm,3,7,10,0.3
DMsn,6,3,9,0.67
DMss,1,1,2,0.5
DMtD,1,1,2,0.5
DMtM,1,0,1,1.0
DMtm,0,1,1,0.0
DNBB,3,1,4,0.75
DNBD,1,2,3,0.33
DNBL,0,1,1,0.0
DNBM,4,2,6,0.67
DNBN,2,4,6,0.33
DNBP,6,5,11,0.55
DNBS,1,2,3,0.33
DNBb,1,3,4,0.25
DNBj,1,0,1,1.0
DNBl,1,0,1,1.0
DNBm,4,2,6,0.67
DNBn,2,5,7,0.29
DNBs,0,1,1,0.0
DNBt,1,1,2,0.5
DNDB,0,2,2,0.0
DNDD,2,1,3,0.67
DNDH,0,2,2,0.0
DNDM,1,2,3,0.33
DNDN,1,1,2,0.5
DNDS,1,0,1,1.0
DNDb,0,2,2,0.0
DNDm,4,1,5,0.8
DNDn,0,1,1,0.0
DNDs,3,0,3,1.0
DNHB,0,0,0,
DNHD,1,0,1,1.0
DNHM,0,0,0,
DNHN,0,1,1,0.0
DNHS,1,0,1,1.0
DNHb,1,0,1,1.0
DNHh,1,0,1,1.0
DNHm,0,1,1,0.0
DNHs,1,0,1,1.0
DNIn,0,0,0,
DNKB,1,0,1,1.0
DNKD,1,0,1,1.0
DNKM,0,1,1,0.0
DNKS,0,0,0,
DNKm,1,1,2,0.5
DNLB,1,0,1,1.0
DNLL,0,1,1,0.0
DNLM,0,0,0,
DNLN,4,1,5,0.8
DNLP,1,1,2,0.5
DNLS,1,0,1,1.0
DNLl,1,0,1,1.0
DNLm,0,3,3,0.0
DNLn,0,1,1,0.0
DNLs,1,0,1,1.0
DNMB,2,3,5,0.4
DNMD,2,3,5,0.4
DNML,0,1,1,0.0
DNMM,6,3,9,0.67
DNMN,2,5,7,0.29
DNMP,3,1,4,0.75
DNMS,3,1,4,0.75
DNMb,4,5,9,0.44
DNMh,0,3,3,0.0
DNMl,0,2,2,0.0
DNMm,8,1,9,0.89
DNMn,6,6,12,0.5
DNMs,0,3,3,0.0
DNNB,1,8,9,0.11
DNNH,0,0,0,
DNNK,0,1,1,0.0
DNNL,0,1,1,0.0
DNNM,2,4,6,0.33
DNNN,2,4,6,0.33
DNNP,4,1,5,0.8
DNNS,4,4,8,0.5
DNNb,0,1,1,0.0
DNNh,0,1,1,0.0
DNNl,1,0,1,1.0
DNNm,3,2,5,0.6
DNNn,3,3,6,0.5
DNNs,4,2,6,0.67
DNPB,2,2,4,0.5
DNPD,2,1,3,0.67
DNPH,1,1,2,0.5
DNPI,1,0,1,1.0
DNPK,0,2,2,0.0
DNPL,0,1,1,0.0
DNPM,1,2,3,0.33
DNPN,1,3,4,0.25
DNPP,3,5,8,0.38
DNPS,2,3,5,0.4
DNPb,0,4,4,0.0
DNPl,1,0,1,1.0
DNPm,4,3,7,0.57
DNPn,3,3,6,0.5
DNPs,2,2,4,0.5
DNSB,1,1,2,0.5
DNSD,0,0,0,
DNSH,1,0,1,1.0
DNSI,0,0,0,
DNSL,0,1,1,0.0
DNSM,1,4,5,0.2
DNSN,3,1,4,0.75
DNSP,3,0,3,1.0
DNSS,3,0,3,1.0
DNSh,2,0,2,1.0
DNSm,1,3,4,0.25
DNSn,1,2,3,0.33
DNSs,1,3,4,0.25
DNbB,2,2,4,0.5
DNbH,1,0,1,1.0
DNbI,0,1,1,0.0
DNbJ,0,1,1,0.0
DNbK,1,0,1,1.0
DNbL,0,3,3,0.0
DNbM,1,1,2,0.5
DNbN,0,3,3,0.0
DNbP,5,1,6,0.83
DNbS,0,1,1,0.0
DNbb,1,4,5,0.2
DNbl,0,1,1,0.0
DNbm,1,1,2,0.5
DNbn,2,2,4,0.5
DNbs,3,1,4,0.75
DNhB,1,1,2,0.5
DNhD,1,1,2,0.5
DNhL,0,1,1,0.0
DNhM,0,1,1,0.0
DNhN,1,2,3,0.33
DNhP,1,0,1,1.0
DNhh,0,1,1,0.0
DNhm,1,0,1,1.0
DNhn,1,0,1,1.0
DNhs,0,0,0,
DNlB,0,2,2,0.0
DNlH,0,2,2,0.0
DNlJ,0,1,1,0.0
DNlM,0,2,2,0.0
DNlN,1,2,3,0.33
DNlP,2,3,5,0.4
DNlb,1,0,1,1.0
DNll,1,1,2,0.5
DNlm,2,1,3,0.67
DNln,3,0,3,1.0
DNls,1,0,1,1.0
DNmB,2,4,6,0.33
DNmD,1,1,2,0.5
DNmH,6,5,11,0.55
DNmI,0,1,1,0.0
DNmL,0,1,1,0.0
DNmM,4,3,7,0.57
DNmN,2,6,8,0.25
DNmP,5,4,9,0.56
DNmS,4,4,8,0.5
DNmb,2,5,7,0.29
DNml,1,0,1,1.0
DNmm,2,3,5,0.4
DNmn,5,5,10,0.5
DNms,3,2,5,0.6
DNnB,2,3,5,0.4
DNnD,1,3,4,0.25
DNnH,4,0,4,1.0
DNnK,1,1,2,0.5
DNnL,3,1,4,0.75
DNnM,4,6,10,0.4
DNnN,2,2,4,0.5
DNnP,6,2,8,0.75
DNnS,1,4,5,0.2
DNnb,2,0,2,1.0
DNnl,3,4,7,0.43
DNnm,5,4,9,0.56
DNnn,2,3,5,0.4
DNns,2,3,5,0.4
DNsB,0,1,1,0.0
DNsD,0,0,0,
DNsL,1,0,1,1.0
DNsM,5,4,9,0.56
DNsN,4,1,5,0.8
DNsP,5,3,8,0.62
DNsS,4,5,9,0.44
DNsb,1,1,2,0.5
DNsl,1,0,1,1.0
DNsm,3,2,5,0.6
DNsn,1,2,3,0.33
DNss,3,2,5,0.6
DNtM,0,0,0,
DNtN,2,0,2,1.0
DNtP,1,0,1,1.0
DNtb,1,1,2,0.5
DNtm,1,0,1,1.0
DNtn,1,1,2,0.5
DNtt,0,1,1,0.0
DPBB,6,4,10,0.6
DPBD,3,0,3,1.0
DPBK,1,0,1,1.0
DPBL,0,0,0,
DPBM,2,2,4,0.5
DPBN,3,5,8,0.38
DPBP,4,2,6,0.67
DPBS,3,4,7,0.43
DPBb,6,5,11,0.55
DPBj,1,0,1,1.0
DPBl,2,1,3,0.67
DPBm,6,3,9,0.67
DPBn,3,4,7,0.43
DPBs,1,0,1,1.0
DPDB,1,1,2,0.5
DPDD,1,2,3,0.33
DPDL,1,0,1,1.0
DPDM,2,2,4,0.5
DPDN,3,0,3,1.0
DPDP,1,3,4,0.25
DPDS,1,1,2,0.5
DPDb,2,0,2,1.0
DPDm,5,1,6,0.83
DPDs,0,3,3,0.0
DPHB,0,0,0,
DPHD,0,1,1,0.0
DPHI,0,0,0,
DPHK,0,1,1,0.0
DPHL,1,0,1,1.0
DPHM,2,0,2,1.0
DPHN,1,0,1,1.0
DPHP,1,1,2,0.5
DPHb,2,1,3,0.67
DPHh,0,1,1,0.0
DPHl,1,0,1,1.0
DPHm,1,2,3,0.33
DPHn,1,1,2,0.5
DPHs,1,0,1,1.0
DPIM,0,1,1,0.0
DPIN,1,0,1,1.0
DPIS,1,0,1,1.0
DPIb,1,3,4,0.25
DPIm,1,0,1,1.0
DPKB,0,2,2,0.0
DPKD,0,1,1,0.0
DPKL,0,1,1,0.0
DPKM,1,0,1,1.0
DPKP,0,0,0,
DPKS,2,1,3,0.67
DPKb,0,3,3,0.0
DPKh,0,0,0,
DPLB,1,1,2,0.5
DPLD,1,0,1,1.0
DPLL,2,1,3,0.67
DPLM,2,2,4,0.5
DPLN,0,1,1,0.0
DPLP,2,1,3,0.67
DPLS,0,0,0,
DPLb,0,1,1,0.0
DPLh,0,1,1,0.0
DPLj,0,1,1,0.0
DPLl,0,1,1,0.0
DPLm,4,2,6,0.67
DPLn,1,2,3,0.33
DPLs,1,0,1,1.0
DPMB,1,0,1,1.0
DPMD,2,2,4,0.5
DPMH,0,1,1,0.0
DPML,2,2,4,0.5
DPMM,6,4,10,0.6
DPMN,0,4,4,0.0
DPMP,4,2,6,0.67
DPMS,7,2,9,0.78
DPMb,5,3,8,0.62
DPMh,4,3,7,0.57
DPMl,1,1,2,0.5
DPMm,5,4,9,0.56
DPMn,5,3,8,0.62
DPMs,5,1,6,0.83
DPMt,1,1,2,0.5
DPNB,3,2,5,0.6
DPND,2,1,3,0.67
DPNH,0,0,0,
DPNK,0,1,1,0.0
DPNM,4,3,7,0.57
DPNN,2,3,5,0.4
DPNP,6,6,12,0.5
DPNS,3,1,4,0.75
DPNb,2,3,5,0.4
DPNh,2,2,4,0.5
DPNl,0,6,6,0.0
DPNm,2,2,4,0.5
DPNn,3,1,4,0.75
DPNs,1,1,2,0.5
DPNt,0,1,1,0.0
DPPB,4,2,6,0.67
DPPD,2,0,2,1.0
DPPH,1,1,2,0.5
DPPI,1,0,1,1.0
DPPK,0,1,1,0.0
DPPL,1,6,7,0.14
DPPM,3,5,8,0.38
DPPN,2,6,8,0.25
DPPP,7,3,10,0.7
DPPS,3,4,7,0.43
DPPb,4,5,9,0.44
DPPh,2,1,3,0.67
DPPl,1,4,5,0.2
DPPm,7,8,15,0.47
DPPn,2,5,7,0.29
DPPs,5,5,10,0.5
DPSB,4,4,8,0.5
DPSD,0,2,2,0.0
DPSH,1,4,5,0.2
DPSI,1,0,1,1.0
DPSL,0,1,1,0.0
DPSM,3,5,8,0.38
DPSN,0,4,4,0.0
DPSP,1,5,6,0.17
DPSS,3,1,4,0.75
DPSb,2,0,2,1.0
DPSh,2,1,3,0.67
DPSl,0,1,1,0.0
DPSm,7,7,14,0.5
DPSn,1,3,4,0.25
DPSs,1,2,3,0.33
DPSt,0,0,0,
DPbB,6,3,9,0.67
DPbD,1,0,1,1.0
DPbH,2,0,2,1.0
DPbI,1,1,2,0.5
DPbJ,1,0,1,1.0
DPbK,1,0,1,1.0
DPbL,3,1,4,0.75
DPbM,4,2,6,0.67
DPbN,5,1,6,0.83
DPbP,1,4,5,0.2
DPbS,2,4,6,0.33
DPbb,5,4,9,0.56
DPbl,1,1,2,0.5
DPbm,6,5,11,0.55
DPbn,2,0,2,1.0
DPbs,1,2,3,0.33
DPhD,0,1,1,0.0
DPhM,1,1,2,0.5
DPhS,0,1,1,0.0
DPhm,0,1,1,0.0
DPhn,0,1,1,0.0
DPlB,0,3,3,0.0
DPlH,0,0,0,
DPlK,0,0,0,
DPlL,1,0,1,1.0
DPlM,3,2,5,0.6
DPlN,2,3,5,0.4
DPlP,1,2,3,0.33
DPlS,2,0,2,1.0
DPlb,2,2,4,0.5
DPlm,2,1,3,0.67
DPln,1,0,1,1.0
DPls,2,1,3,0.67
DPmB,8,4,12,0.67
DPmD,5,3,8,0.62
DPmH,5,3,8,0.62
DPmJ,0,1,1,0.0
DPmL,3,1,4,0.75
DPmM,4,9,13,0.31
DPmN,3,9,12,0.25
DPmP,7,8,15,0.47
DPmS,2,3,5,0.4
DPmb,3,5,8,0.38
DPml,0,1,1,0.0
DPmm,6,7,13,0.46
DPmn,2,7,9,0.22
DPms,1,7,8,0.12
DPnB,2,3,5,0.4
DPnD,1,1,2,0.5
DPnH,3,0,3,1.0
DPnI,1,0,1,1.0
DPnL,2,3,5,0.4
DPnM,2,4,6,0.33
DPnN,5,3,8,0.62
DPnP,3,4,7,0.43
DPnS,2,5,7,0.29
DPnb,1,6,7,0.14
DPnl,2,1,3,0.67
DPnm,1,2,3,0.33
DPnn,2,5,7,0.29
DPns,1,2,3,0.33
DPsB,3,2,5,0.6
DPsH,2,2,4,0.5
DPsI,0,2,2,0.0
DPsL,1,1,2,0.5
DPsM,4,3,7,0.57
DPsN,1,2,3,0.33
DPsP,4,1,5,0.8
DPsS,2,4,6,0.33
DPsb,3,2,5,0.6
DPsm,1,5,6,0.17
DPsn,4,3,7,0.57
DPss,2,0,2,1.0
DPtB,0,0,0,
DPtL,0,0,0,
DPtM,1,0,1,1.0
DPtS,1,1,2,0.5
DPtb,2,1,3,0.67
DPtm,0,0,0,
DPts,0,0,0,
DSBB,2,4,6,0.33
DSBD,0,0,0,
DSBK,0,1,1,0.0
DSBL,0,2,2,0.0
DSBM,3,2,5,0.6
DSBN,1,7,8,0.12
DSBP,3,2,5,0.6
DSBS,0,2,2,0.0
DSBb,3,2,5,0.6
DSBj,1,0,1,1.0
DSBl,0,1,1,0.0
DSBm,3,4,7,0.43
DSBn,2,7,9,0.22
DSBs,2,3,5,0.4
DSDB,2,1,3,0.67
DSDD,2,2,4,0.5
DSDH,1,0,1,1.0
DSDL,0,1,1,0.0
DSDM,2,2,4,0.5
DSDN,1,1,2,0.5
DSDP,0,2,2,0.0
DSDS,1,1,2,0.5
DSDb,0,0,0,
DSDl,0,2,2,0.0
DSDm,2,1,3,0.67
DSDn,1,2,3,0.33
DSDs,2,0,2,1.0
DSHB,1,2,3,0.33
DSHL,1,0,1,1.0
DSHM,0,1,1,0.0
DSHN,0,2,2,0.0
DSHP,0,1,1,0.0
DSHS,1,0,1,1.0
DSHb,1,2,3,0.33
DSHh,0,1,1,0.0
DSHl,1,1,2,0.5
DSHm,2,0,2,1.0
DSHn,1,0,1,1.0
DSHs,0,2,2,0.0
DSIb,0,0,0,
DSKh,1,0,1,1.0
DSLB,1,2,3,0.33
DSLL,0,2,2,0.0
DSLM,1,2,3,0.33
DSLN,1,0,1,1.0
DSLS,2,2,4,0.5
DSLb,2,0,2,1.0
DSLh,0,0,0,
DSLj,0,1,1,0.0
DSLl,0,1,1,0.0
DSLm,0,3,3,0.0
DSLn,1,0,1,1.0
DSLs,0,1,1,0.0
DSMB,2,6,8,0.25
DSMD,0,0,0,
DSML,2,0,2,1.0
DSMM,2,0,2,1.0
DSMN,2,4,6,0.33
DSMP,1,3,4,0.25
DSMS,4,2,6,0.67
DSMb,4,1,5,0.8
DSMh,3,2,5,0.6
DSMl,1,1,2,0.5
DSMm,5,3,8,0.62
DSMn,3,3,6,0.5
DSMs,3,1,4,0.75
DSNB,4,5,9,0.44
DSND,2,0,2,1.0
DSNH,1,1,2,0.5
DSNM,2,2,4,0.5
DSNN,2,5,7,0.29
DSNP,1,4,5,0.2
DSNS,2,4,6,0.33
DSNb,1,1,2,0.5
DSNh,1,0,1,1.0
DSNm,2,1,3,0.67
DSNn,2,2,4,0.5
DSNs,2,3,5,0.4
DSPB,3,1,4,0.75
DSPD,0,2,2,0.0
DSPH,1,2,3,0.33
DSPI,0,1,1,0.0
DSPL,1,2,3,0.33
DSPM,3,3,6,0.5
DSPN,4,2,6,0.67
DSPP,3,4,7,0.43
DSPS,4,4,8,0.5
DSPb,4,4,8,0.5
DSPh,0,2,2,0.0
DSPl,1,0,1,1.0
DSPm,3,2,5,0.6
DSPn,5,3,8,0.62
DSPs,1,2,3,0.33
DSSB,2,0,2,1.0
DSSD,0,1,1,0.0
DSSH,1,1,2,0.5
DSSI,0,0,0,
DSSK,0,1,1,0.0
DSSL,0,1,1,0.0
DSSM,4,5,9,0.44
DSSN,1,3,4,0.25
DSSP,2,6,8,0.25
DSSS,2,0,2,1.0
DSSb,1,1,2,0.5
DSSh,0,0,0,
DSSl,0,2,2,0.0
DSSm,3,2,5,0.6
DSSn,1,3,4,0.25
DSSs,2,3,5,0.4
DSbB,1,1,2,0.5
DSbD,0,1,1,0.0
DSbH,1,0,1,1.0
DSbI,0,1,1,0.0
DSbJ,1,1,2,0.5
DSbL,0,1,1,0.0
DSbM,2,4,6,0.33
DSbN,2,2,4,0.5
DSbP,3,2,5,0.6
DSbS,4,0,4,1.0
DSbb,0,2,2,0.0
DSbl,0,0,0,
DSbm,1,6,7,0.14
DSbn,4,3,7,0.57
DSbs,2,1,3,0.67
DShB,2,2,4,0.5
DShD,1,0,1,1.0
DShH,0,1,1,0.0
DShL,2,0,2,1.0
DShM,0,2,2,0.0
DShN,1,0,1,1.0
DShP,1,2,3,0.33
DShS,3,2,5,0.6
DShb,1,0,1,1.0
DShh,1,1,2,0.5
DShl,1,0,1,1.0
DShm,0,1,1,0.0
DShn,1,1,2,0.5
DShs,1,0,1,1.0
DSht,0,1,1,0.0
DSlH,1,0,1,1.0
DSlI,0,1,1,0.0
DSlJ,0,0,0,
DSlK,0,1,1,0.0
DSlM,1,0,1,1.0
DSlN,2,0,2,1.0
DSlP,1,1,2,0.5
DSlS,0,4,4,0.0
DSll,0,0,0,
DSlm,1,1,2,0.5
DSls,0,0,0,
DSmB,5,3,8,0.62
DSmD,2,1,3,0.67
DSmH,6,3,9,0.67
DSmI,0,0,0,
DSmJ,1,1,2,0.5
DSmK,0,1,1,0.0
DSmL,2,2,4,0.5
DSmM,3,4,7,0.43
DSmN,2,2,4,0.5
DSmP,2,8,10,0.2
DSmS,1,4,5,0.2
DSmb,2,6,8,0.25
DSml,1,0,1,1.0
DSmm,7,5,12,0.58
DSmn,5,5,10,0.5
DSms,3,4,7,0.43
DSnB,3,0,3,1.0
DSnD,2,0,2,1.0
DSnH,2,1,3,0.67
DSnK,0,0,0,
DSnL,0,1,1,0.0
DSnM,1,4,5,0.2
DSnN,1,3,4,0.25
DSnP,3,3,6,0.5
DSnS,6,1,7,0.86
DSnb,1,2,3,0.33
DSnl,1,0,1,1.0
DSnm,1,0,1,1.0
DSnn,2,4,6,0.33
DSns,1,2,3,0.33
DSsB,0,1,1,0.0
DSsD,3,1,4,0.75
DSsH,2,4,6,0.33
DSsI,1,0,1,1.0
DSsL,1,2,3,0.33
DSsM,6,5,11,0.55
DSsN,4,3,7,0.57
DSsP,2,2,4,0.5
DSsS,4,4,8,0.5
DSsb,0,1,1,0.0
DSsh,0,0,0,
DSsl,2,1,3,0.67
DSsm,7,6,13,0.54
DSsn,1,3,4,0.25
DSss,4,5,9,0.44
DStK,0,0,0,
DStP,1,0,1,1.0
DStS,1,0,1,1.0
DStb,0,0,0,
DStm,1,1,2,0.5
DbBB,2,2,4,0.5
DbBD,2,1,3,0.67
DbBL,2,2,4,0.5
DbBM,1,4,5,0.2
DbBN,2,1,3,0.67
DbBP,3,5,8,0.38
DbBS,2,0,2,1.0
DbBb,1,2,3,0.33
DbBj,1,0,1,1.0
DbBl,1,1,2,0.5
DbBm,3,4,7,0.43
DbBn,3,6,9,0.33
DbBs,4,1,5,0.8
DbBt,0,1,1,0.0
DbDD,0,1,1,0.0
DbDH,1,1,2,0.5
DbDL,0,1,1,0.0
DbDM,1,0,1,1.0
DbDP,1,1,2,0.5
DbDS,1,1,2,0.5
DbDb,2,0,2,1.0
DbDl,1,0,1,1.0
DbDm,0,1,1,0.0
DbDn,0,0,0,
DbDs,1,0,1,1.0
DbHB,1,1,2,0.5
DbHD,0,1,1,0.0
DbHN,0,2,2,0.0
DbHb,0,1,1,0.0
DbHl,0,1,1,0.0
DbHm,1,0,1,1.0
DbHn,3,0,3,1.0
DbHs,0,1,1,0.0
DbIN,1,2,3,0.33
DbIP,0,0,0,
DbIb,1,0,1,1.0
DbJB,1,1,2,0.5
DbJH,0,1,1,0.0
DbJK,0,1,1,0.0
DbJL,1,0,1,1.0
DbJM,2,2,4,0.5
DbJN,1,0,1,1.0
DbJP,0,1,1,0.0
DbJb,2,0,2,1.0
DbJl,1,0,1,1.0
DbKB,0,1,1,0.0
DbKI,1,0,1,1.0
DbKM,1,0,1,1.0
DbKS,0,1,1,0.0
DbKb,2,0,2,1.0
DbKh,1,0,1,1.0
DbKm,1,1,2,0.5
DbKn,2,0,2,1.0
DbLD,1,0,1,1.0
DbLM,1,1,2,0.5
DbLP,0,2,2,0.0
DbLh,1,1,2,0.5
DbLl,0,1,1,0.0
DbLm,0,1,1,0.0
DbLn,1,2,3,0.33
DbLs,0,1,1,0.0
DbMB,0,2,2,0.0
DbMD,1,1,2,0.5
DbML,1,0,1,1.0
DbMM,4,8,12,0.33
DbMN,4,3,7,0.57
DbMP,1,1,2,0.5
DbMS,4,2,6,0.67
DbMb,2,1,3,0.67
DbMh,2,3,5,0.4
DbMl,0,1,1,0.0
DbMm,6,3,9,0.67
DbMn,2,3,5,0.4
DbMs,2,0,2,1.0
DbMt,0,1,1,0.0
DbNB,2,4,6,0.33
DbND,1,1,2,0.5
DbNK,0,0,0,
DbNL,1,1,2,0.5
DbNM,3,4,7,0.43
DbNN,3,2,5,0.6
DbNP,1,5,6,0.17
DbNS,2,6,8,0.25
DbNb,3,1,4,0.75
DbNh,2,1,3,0.67
DbNm,0,5,5,0.0
DbNn,3,3,6,0.5
DbNs,2,0,2,1.0
DbPB,5,4,9,0.56
DbPD,0,1,1,0.0
DbPH,1,0,1,1.0
DbPI,1,0,1,1.0
DbPK,1,1,2,0.5
DbPL,1,1,2,0.5
DbPM,4,9,13,0.31
DbPN,2,0,2,1.0
DbPP,4,7,11,0.36
DbPS,1,1,2,0.5
DbPb,2,0,2,1.0
DbPh,0,1,1,0.0
DbPl,1,0,1,1.0
DbPm,3,4,7,0.43
DbPn,2,0,2,1.0
DbPs,1,0,1,1.0
DbPt,1,0,1,1.0
DbSB,2,2,4,0.5
DbSD,1,0,1,1.0
DbSH,0,0,0,
DbSL,0,0,0,
DbSM,4,1,5,0.8
DbSN,2,1,3,0.67
DbSP,3,2,5,0.6
DbSS,2,3,5,0.4
DbSb,0,2,2,0.0
DbSm,1,1,2,0.5
DbSn,2,2,4,0.5
DbSs,1,2,3,0.33
DbbB,5,3,8,0.62
DbbD,0,0,0,
DbbH,2,1,3,0.67
DbbI,0,1,1,0.0
DbbK,0,2,2,0.0
DbbL,2,0,2,1.0
DbbM,2,2,4,0.5
DbbN,2,4,6,0.33
DbbP,5,2,7,0.71
DbbS,3,0,3,1.0
Dbbb,1,2,3,0.33
Dbbl,0,1,1,0.0
Dbbm,6,1,7,0.86
Dbbn,5,2,7,0.71
Dbbs,1,3,4,0.25
DblD,1,0,1,1.0
DblH,0,0,0,
DblM,1,1,2,0.5
DblN,0,1,1,0.0
DblP,1,0,1,1.0
DblS,1,0,1,1.0
Dblb,1,0,1,1.0
Dblm,0,3,3,0.0
Dbln,0,1,1,0.0
Dbls,0,1,1,0.0
DbmB,2,3,5,0.4
DbmD,2,1,3,0.67
DbmH,1,3,4,0.25
DbmL,2,2,4,0.5
DbmM,6,4,10,0.6
DbmN,2,2,4,0.5
DbmP,3,8,11,0.27
DbmS,2,0,2,1.0
Dbmb,2,2,4,0.5
Dbml,1,0,1,1.0
Dbmm,8,4,12,0.67
Dbmn,4,3,7,0.57
Dbms,2,2,4,0.5
DbnB,2,1,3,0.67
DbnD,1,0,1,1.0
DbnH,0,2,2,0.0
DbnK,0,0,0,
DbnL,0,2,2,0.0
DbnM,3,2,5,0.6
DbnN,2,4,6,0.33
DbnP,2,2,4,0.5
DbnS,1,0,1,1.0
Dbnb,1,1,2,0.5
Dbnl,1,1,2,0.5
Dbnm,1,5,6,0.17
Dbnn,1,3,4,0.25
Dbns,0,2,2,0.0
DbsB,2,2,4,0.5
DbsD,0,1,1,0.0
DbsH,1,2,3,0.33
DbsM,2,1,3,0.67
DbsN,1,0,1,1.0
DbsP,1,0,1,1.0
DbsS,2,1,3,0.67
Dbsb,0,0,0,
Dbsm,0,0,0,
Dbsn,1,3,4,0.25
Dbss,3,1,4,0.75
DhBM,0,0,0,
DhLm,0,1,1,0.0
DhMn,0,1,1,0.0
DhNB,0,1,1,0.0
DhNH,0,1,1,0.0
DhNh,0,0,0,
DhPM,0,1,1,0.0
DhPN,0,1,1,0.0
DhPP,0,0,0,
DhPb,0,0,0,
DhPt,0,1,1,0.0
DhSH,0,1,1,0.0
DhSL,0,0,0,
DhSm,0,1,1,0.0
DhbM,0,1,1,0.0
DhhM,1,0,1,1.0
Dhhs,1,0,1,1.0
DhlD,0,1,1,0.0
DhmN,0,1,1,0.0
DhmP,0,1,1,0.0
Dhmm,0,2,2,0.0
Dhms,2,0,2,1.0
DhnN,0,0,0,
DhnP,0,1,1,0.0
DhnS,1,0,1,1.0
Dhnm,1,0,1,1.0
Dhsb,0,1,1,0.0
DlBD,0,1,1,0.0
DlBL,1,0,1,1.0
DlBM,3,3,6,0.5
DlBN,1,2,3,0.33
DlBP,1,2,3,0.33
DlBS,1,1,2,0.5
DlBh,0,1,1,0.0
DlBj,1,0,1,1.0
DlBl,1,0,1,1.0
DlBm,0,1,1,0.0
DlBn,1,3,4,0.25
DlBs,1,0,1,1.0
DlBt,0,1,1,0.0
DlDM,0,1,1,0.0
DlDP,0,0,0,
DlDm,1,1,2,0.5
DlDn,0,0,0,
DlHM,1,1,2,0.5
DlHP,0,1,1,0.0
DlHb,0,2,2,0.0
DlHl,1,0,1,1.0
DlHm,0,1,1,0.0
DlHs,0,0,0,
DlIH,0,1,1,0.0
DlIP,0,0,0,
DlJD,0,0,0,
DlJN,0,1,1,0.0
DlJS,0,2,2,0.0
DlJb,0,0,0,
DlJm,0,1,1,0.0
DlJn,1,0,1,1.0
DlJs,1,0,1,1.0
DlKm,1,0,1,1.0
DlLB,2,1,3,0.67
DlLL,0,1,1,0.0
DlLM,1,2,3,0.33
DlLP,0,1,1,0.0
DlLS,0,1,1,0.0
DlLb,0,1,1,0.0
DlLh,0,1,1,0.0
DlLm,1,0,1,1.0
DlMB,2,2,4,0.5
DlMD,1,0,1,1.0
DlML,1,1,2,0.5
DlMM,1,1,2,0.5
DlMN,0,1,1,0.0
DlMP,0,1,1,0.0
DlMS,0,1,1,0.0
DlMb,0,1,1,0.0
DlMh,0,1,1,0.0
DlMm,1,1,2,0.5
DlMn,1,0,1,1.0
DlMs,1,2,3,0.33
DlNB,1,0,1,1.0
DlNL,0,2,2,0.0
DlNM,0,3,3,0.0
DlNN,1,3,4,0.25
DlNP,4,0,4,1.0
DlNS,1,0,1,1.0
DlNh,1,0,1,1.0
DlNm,1,3,4,0.25
DlNn,0,1,1,0.0
DlNs,1,0,1,1.0
DlPD,0,2,2,0.0
DlPL,0,1,1,0.0
DlPM,3,2,5,0.6
DlPN,2,0,2,1.0
DlPP,1,3,4,0.25
DlPS,1,0,1,1.0
DlPb,2,1,3,0.67
DlPl,1,0,1,1.0
DlPm,2,1,3,0.67
DlPs,1,0,1,1.0
DlSB,0,0,0,
DlSH,0,0,0,
DlSK,1,0,1,1.0
DlSL,1,0,1,1.0
DlSM,3,0,3,1.0
DlSN,1,0,1,1.0
DlSP,0,2,2,0.0
DlSh,0,1,1,0.0
DlSm,0,3,3,0.0
DlSn,0,1,1,0.0
DlSs,0,3,3,0.0
DlbB,3,1,4,0.75
DlbD,1,0,1,1.0
DlbH,0,0,0,
DlbJ,0,1,1,0.0
DlbM,1,1,2,0.5
DlbN,3,2,5,0.6
DlbP,0,1,1,0.0
DlbS,1,0,1,1.0
Dlbb,2,0,2,1.0
Dlbl,1,0,1,1.0
Dlbm,1,1,2,0.5
Dlbn,0,3,3,0.0
Dlbs,0,1,1,0.0
DllH,0,1,1,0.0
DllM,0,3,3,0.0
DllN,0,1,1,0.0
DllP,1,1,2,0.5
Dllb,0,0,0,
Dlll,1,0,1,1.0
Dlln,3,1,4,0.75
DlmB,3,0,3,1.0
DlmL,1,0,1,1.0
DlmM,0,3,3,0.0
DlmN,1,0,1,1.0
DlmP,1,2,3,0.33
Dlmb,2,3,5,0.4
Dlmm,1,2,3,0.33
Dlmn,3,0,3,1.0
DlnD,0,1,1,0.0
DlnH,0,1,1,0.0
DlnI,2,0,2,1.0
DlnL,0,1,1,0.0
DlnM,0,1,1,0.0
DlnN,1,0,1,1.0
DlnP,0,2,2,0.0
DlnS,3,1,4,0.75
Dlnb,2,0,2,1.0
Dlnl,0,1,1,0.0
Dlnm,0,1,1,0.0
Dlns,1,0,1,1.0
DlsB,2,0,2,1.0
DlsD,1,0,1,1.0
DlsH,0,2,2,0.0
DlsM,0,1,1,0.0
DlsP,0,0,0,
Dlsb,2,0,2,1.0
Dlsm,1,2,3,0.33
Dlsn,1,1,2,0.5
Dlss,1,0,1,1.0
DmBB,4,1,5,0.8
DmBD,1,2,3,0.33
DmBK,1,1,2,0.5
DmBL,3,0,3,1.0
DmBM,6,6,12,0.5
DmBN,1,3,4,0.25
DmBP,4,7,11,0.36
DmBS,3,3,6,0.5
DmBb,4,4,8,0.5
DmBh,1,0,1,1.0
DmBl,1,1,2,0.5
DmBm,7,6,13,0.54
DmBn,7,2,9,0.78
DmBs,5,2,7,0.71
DmBt,1,0,1,1.0
DmDB,3,3,6,0.5
DmDD,2,3,5,0.4
DmDH,1,2,3,0.33
DmDI,1,0,1,1.0
DmDL,1,0,1,1.0
DmDM,1,6,7,0.14
DmDN,0,3,3,0.0
DmDP,4,2,6,0.67
DmDS,1,2,3,0.33
DmDb,1,6,7,0.14
DmDl,0,0,0,
DmDm,3,1,4,0.75
DmDn,3,0,3,1.0
DmDs,2,4,6,0.33
DmHB,2,3,5,0.4
DmHD,1,2,3,0.33
DmHH,0,1,1,0.0
DmHI,0,1,1,0.0
DmHK,0,1,1,0.0
DmHL,2,3,5,0.4
DmHM,5,6,11,0.45
DmHN,2,0,2,1.0
DmHP,8,7,15,0.53
DmHS,2,1,3,0.67
DmHb,1,2,3,0.33
DmHh,2,3,5,0.4
DmHl,3,2,5,0.6
DmHm,5,6,11,0.45
DmHn,1,3,4,0.25
DmHs,0,3,3,0.0
DmHt,1,0,1,1.0
DmIb,0,1,1,0.0
DmIm,0,0,0,
DmIn,1,0,1,1.0
DmJB,1,1,2,0.5
DmJM,0,2,2,0.0
DmJP,1,0,1,1.0
DmJS,2,0,2,1.0
DmJl,0,1,1,0.0
DmJm,2,0,2,1.0
DmJn,0,1,1,0.0
DmJs,0,0,0,
DmJt,1,0,1,1.0
DmKm,0,1,1,0.0
DmLB,0,0,0,
DmLD,0,1,1,0.0
DmLM,3,0,3,1.0
DmLN,1,1,2,0.5
DmLP,2,1,3,0.67
DmLS,0,2,2,0.0
DmLb,0,2,2,0.0
DmLl,1,0,1,1.0
DmLm,2,1,3,0.67
DmLn,0,2,2,0.0
DmLs,1,2,3,0.33
DmMB,5,3,8,0.62
DmMD,1,2,3,0.33
DmML,2,0,2,1.0
DmMM,6,13,19,0.32
DmMN,5,4,9,0.56
DmMP,7,14,21,0.33
DmMS,4,2,6,0.67
DmMb,4,2,6,0.67
DmMh,5,5,10,0.5
DmMl,4,0,4,1.0
DmMm,11,5,16,0.69
DmMn,2,10,12,0.17
DmMs,0,3,3,0.0
DmMt,1,2,3,0.33
DmNB,3,4,7,0.43
DmND,1,2,3,0.33
DmNH,1,0,1,1.0
DmNK,1,1,2,0.5
DmNL,1,0,1,1.0
DmNM,4,2,6,0.67
DmNN,6,4,10,0.6
DmNP,9,6,15,0.6
DmNS,3,4,7,0.43
DmNb,3,5,8,0.38
DmNl,0,2,2,0.0
DmNm,5,0,5,1.0
DmNn,6,4,10,0.6
DmNs,6,2,8,0.75
DmNt,1,0,1,1.0
DmPB,3,4,7,0.43
DmPD,1,4,5,0.2
DmPH,0,1,1,0.0
DmPI,1,0,1,1.0
DmPK,3,0,3,1.0
DmPL,1,3,4,0.25
DmPM,9,2,11,0.82
DmPN,3,3,6,0.5
DmPP,9,7,16,0.56
DmPS,3,3,6,0.5
DmPb,8,7,15,0.53
DmPh,1,0,1,1.0
DmPl,1,1,2,0.5
DmPm,12,6,18,0.67
DmPn,5,4,9,0.56
DmPs,1,5,6,0.17
DmSB,4,1,5,0.8
DmSD,1,0,1,1.0
DmSH,0,1,1,0.0
DmSM,2,8,10,0.2
DmSN,4,4,8,0.5
DmSP,2,2,4,0.5
DmSS,3,2,5,0.6
DmSb,0,1,1,0.0
DmSh,1,2,3,0.33
DmSl,1,0,1,1.0
DmSm,3,8,11,0.27
DmSn,1,7,8,0.12
DmSs,5,3,8,0.62
DmbB,4,4,8,0.5
DmbD,1,1,2,0.5
DmbK,0,2,2,0.0
DmbM,5,5,10,0.5
DmbN,8,2,10,0.8
DmbP,3,5,8,0.38
DmbS,1,2,3,0.33
Dmbb,3,3,6,0.5
Dmbl,1,2,3,0.33
Dmbm,7,7,14,0.5
Dmbn,8,3,11,0.73
Dmbs,0,1,1,0.0
Dmhl,1,0,1,1.0
Dmhs,0,1,1,0.0
DmlB,1,1,2,0.5
DmlD,1,1,2,0.5
DmlH,2,0,2,1.0
DmlL,1,1,2,0.5
DmlM,1,1,2,0.5
DmlN,1,0,1,1.0
DmlP,0,2,2,0.0
Dmlb,0,1,1,0.0
Dmlm,2,0,2,1.0
Dmln,1,0,1,1.0
Dmls,2,0,2,1.0
DmmB,5,6,11,0.45
DmmD,4,2,6,0.67
DmmH,2,3,5,0.4
DmmI,1,0,1,1.0
DmmJ,0,2,2,0.0
DmmL,3,1,4,0.75
DmmM,9,12,21,0.43
DmmN,6,0,6,1.0
DmmP,4,8,12,0.33
DmmS,3,4,7,0.43
Dmmb,5,4,9,0.56
Dmmh,0,0,0,
Dmml,1,2,3,0.33
Dmmm,4,13,17,0.24
Dmmn,7,6,13,0.54
Dmms,2,1,3,0.67
DmnB,3,6,9,0.33
DmnD,3,2,5,0.6
DmnH,1,2,3,0.33
DmnI,0,1,1,0.0
DmnL,1,0,1,1.0
DmnM,1,5,6,0.17
DmnN,7,2,9,0.78
DmnP,4,4,8,0.5
DmnS,3,1,4,0.75
Dmnb,3,1,4,0.75
Dmnl,2,0,2,1.0
Dmnm,5,5,10,0.5
Dmnn,4,3,7,0.57
Dmns,1,1,2,0.5
DmsB,0,0,0,
DmsD,4,2,6,0.67
DmsH,2,4,6,0.33
DmsI,0,0,0,
DmsK,0,0,0,
DmsL,0,1,1,0.0
DmsM,4,2,6,0.67
DmsN,3,7,10,0.3
DmsP,3,4,7,0.43
DmsS,1,4,5,0.2
Dmsb,3,1,4,0.75
Dmsh,0,1,1,0.0
Dmsm,3,1,4,0.75
Dmsn,2,2,4,0.5
Dmss,3,2,5,0.6
DnBB,2,5,7,0.29
DnBD,1,2,3,0.33
DnBH,0,0,0,
DnBM,1,1,2,0.5
DnBN,4,2,6,0.67
DnBP,1,0,1,1.0
DnBS,1,2,3,0.33
DnBb,4,3,7,0.57
DnBj,1,0,1,1.0
DnBl,1,0,1,1.0
DnBm,6,2,8,0.75
DnBn,2,2,4,0.5
DnBs,4,2,6,0.67
DnDB,2,1,3,0.67
DnDD,1,1,2,0.5
DnDH,3,0,3,1.0
DnDK,0,1,1,0.0
DnDL,0,1,1,0.0
DnDM,5,4,9,0.56
DnDN,1,0,1,1.0
DnDP,1,1,2,0.5
DnDS,0,0,0,
DnDb,3,0,3,1.0
DnDm,1,0,1,1.0
DnDn,5,0,5,1.0
DnDs,0,1,1,0.0
DnHB,1,1,2,0.5
DnHD,0,0,0,
DnHM,2,2,4,0.5
DnHN,1,1,2,0.5
DnHP,4,0,4,1.0
DnHS,0,2,2,0.0
DnHh,0,2,2,0.0
DnHl,0,1,1,0.0
DnHm,1,0,1,1.0
DnHn,3,0,3,1.0
DnHs,0,0,0,
DnHt,0,1,1,0.0
DnIH,2,1,3,0.67
DnIM,1,0,1,1.0
DnIP,1,0,1,1.0
DnIb,1,0,1,1.0
DnIm,0,1,1,0.0
DnIn,0,1,1,0.0
DnKL,0,0,0,
DnKM,0,1,1,0.0
DnKP,1,1,2,0.5
DnKh,0,1,1,0.0
DnKs,0,0,0,
DnLB,0,1,1,0.0
DnLL,1,0,1,1.0
DnLM,2,1,3,0.67
DnLN,1,1,2,0.5
DnLP,1,2,3,0.33
DnLb,1,1,2,0.5
DnLm,0,0,0,
DnLs,0,1,1,0.0
DnMB,6,2,8,0.75
DnMD,2,1,3,0.67
DnMH,0,1,1,0.0
DnML,0,2,2,0.0
DnMM,2,5,7,0.29
DnMN,3,1,4,0.75
DnMP,6,2,8,0.75
DnMS,2,2,4,0.5
DnMb,2,2,4,0.5
DnMh,4,1,5,0.8
DnMj,1,0,1,1.0
DnMl,0,2,2,0.0
DnMm,2,7,9,0.22
DnMn,2,5,7,0.29
DnMs,4,1,5,0.8
DnNB,2,4,6,0.33
DnND,1,1,2,0.5
DnNH,0,0,0,
DnNL,0,1,1,0.0
DnNM,3,5,8,0.38
DnNN,4,3,7,0.57
DnNP,5,7,12,0.42
DnNS,1,4,5,0.2
DnNb,1,3,4,0.25
DnNh,3,0,3,1.0
DnNl,2,0,2,1.0
DnNm,4,1,5,0.8
DnNn,4,3,7,0.57
DnNs,2,2,4,0.5
DnNt,0,1,1,0.0
DnPB,4,0,4,1.0
DnPD,2,1,3,0.67
DnPH,1,0,1,1.0
DnPI,0,0,0,
DnPK,1,1,2,0.5
DnPL,2,3,5,0.4
DnPM,6,4,10,0.6
DnPN,2,1,3,0.67
DnPP,2,4,6,0.33
DnPS,1,3,4,0.25
DnPb,3,3,6,0.5
DnPh,1,1,2,0.5
DnPl,0,2,2,0.0
DnPm,3,7,10,0.3
DnPn,6,4,10,0.6
DnPs,3,2,5,0.6
DnSB,1,4,5,0.2
DnSD,2,2,4,0.5
DnSH,3,1,4,0.75
DnSL,1,2,3,0.33
DnSM,4,1,5,0.8
DnSN,1,2,3,0.33
DnSP,5,3,8,0.62
DnSS,1,2,3,0.33
DnSb,1,1,2,0.5
DnSh,1,1,2,0.5
DnSl,0,1,1,0.0
DnSm,2,2,4,0.5
DnSn,1,1,2,0.5
DnSs,4,2,6,0.67
DnbB,2,0,2,1.0
DnbD,0,1,1,0.0
DnbH,1,2,3,0.33
DnbI,1,0,1,1.0
DnbK,2,0,2,1.0
DnbL,0,2,2,0.0
DnbM,2,3,5,0.4
DnbN,3,6,9,0.33
DnbP,3,1,4,0.75
DnbS,2,0,2,1.0
Dnbb,1,3,4,0.25
Dnbl,0,1,1,0.0
Dnbm,5,3,8,0.62
Dnbn,5,1,6,0.83
DnhN,0,0,0,
Dnhl,0,1,1,0.0
DnlB,0,2,2,0.0
DnlJ,1,0,1,1.0
DnlL,0,1,1,0.0
DnlM,1,0,1,1.0
DnlN,1,0,1,1.0
DnlP,4,1,5,0.8
DnlS,2,1,3,0.67
Dnll,0,1,1,0.0
Dnlm,1,0,1,1.0
Dnln,1,1,2,0.5
Dnls,0,0,0,
DnmB,7,1,8,0.88
DnmD,0,0,0,
DnmH,0,4,4,0.0
DnmJ,0,0,0,
DnmL,0,0,0,
DnmM,5,1,6,0.83
DnmN,8,1,9,0.89
DnmP,4,5,9,0.44
DnmS,1,0,1,1.0
Dnmb,2,3,5,0.4
Dnml,0,0,0,
Dnmm,6,2,8,0.75
Dnmn,2,4,6,0.33
Dnms,1,2,3,0.33
DnnB,2,2,4,0.5
DnnH,2,2,4,0.5
DnnL,0,1,1,0.0
DnnM,4,3,7,0.57
DnnN,5,5,10,0.5
DnnP,1,2,3,0.33
DnnS,4,0,4,1.0
Dnnb,4,3,7,0.57
Dnnl,0,1,1,0.0
Dnnm,1,2,3,0.33
Dnnn,1,5,6,0.17
Dnns,1,2,3,0.33
DnsB,1,1,2,0.5
DnsD,1,0,1,1.0
DnsH,2,2,4,0.5
DnsI,0,1,1,0.0
DnsL,0,1,1,0.0
DnsM,3,0,3,1.0
DnsN,3,2,5,0.6
DnsP,3,0,3,1.0
DnsS,3,1,4,0.75
Dnsb,2,0,2,1.0
Dnsl,1,0,1,1.0
Dnsm,1,2,3,0.33
Dnsn,1,0,1,1.0
Dnss,0,2,2,0.0
DsBB,0,1,1,0.0
DsBK,2,2,4,0.5
DsBL,1,0,1,1.0
DsBM,0,2,2,0.0
DsBN,3,2,5,0.6
DsBP,3,3,6,0.5
DsBS,2,1,3,0.67
DsBb,4,2,6,0.67
DsBl,0,1,1,0.0
DsBm,2,2,4,0.5
DsBn,0,2,2,0.0
DsBs,2,1,3,0.67
DsDB,0,1,1,0.0
DsDD,2,0,2,1.0
DsDH,2,0,2,1.0
DsDL,0,2,2,0.0
DsDM,1,1,2,0.5
DsDN,2,1,3,0.67
DsDP,1,4,5,0.2
DsDS,1,2,3,0.33
DsDb,0,1,1,0.0
DsDl,0,1,1,0.0
DsDm,2,2,4,0.5
DsDn,1,2,3,0.33
DsDs,1,1,2,0.5
DsDt,0,0,0,
DsHB,1,3,4,0.25
DsHD,1,0,1,1.0
DsHH,1,0,1,1.0
DsHI,0,0,0,
DsHK,1,0,1,1.0
DsHL,0,2,2,0.0
DsHM,2,3,5,0.4
DsHN,1,5,6,0.17
DsHP,3,4,7,0.43
DsHS,3,1,4,0.75
DsHb,0,2,2,0.0
DsHh,1,2,3,0.33
DsHl,1,2,3,0.33
DsHm,3,2,5,0.6
DsHn,2,5,7,0.29
DsHs,2,3,5,0.4
DsHt,0,1,1,0.0
DsID,1,0,1,1.0
DsIH,1,0,1,1.0
DsIM,0,1,1,0.0
DsIP,0,1,1,0.0
DsIb,0,2,2,0.0
DsIm,1,0,1,1.0
DsLB,1,0,1,1.0
DsLD,0,1,1,0.0
DsLK,0,0,0,
DsLM,1,1,2,0.5
DsLN,0,1,1,0.0
DsLP,3,3,6,0.5
DsLS,2,0,2,1.0
DsLb,0,2,2,0.0
DsLh,0,1,1,0.0
DsLl,0,1,1,0.0
DsLm,0,2,2,0.0
DsLn,3,2,5,0.6
DsLs,3,0,3,1.0
DsMB,2,1,3,0.67
DsMD,1,0,1,1.0
DsMM,1,2,3,0.33
DsMN,4,5,9,0.44
DsMP,3,3,6,0.5
DsMS,2,1,3,0.67
DsMb,1,3,4,0.25
DsMh,2,0,2,1.0
DsMl,3,0,3,1.0
DsMm,2,3,5,0.4
DsMn,7,1,8,0.88
DsMs,6,2,8,0.75
DsNB,2,1,3,0.67
DsND,2,1,3,0.67
DsNH,0,0,0,
DsNL,0,2,2,0.0
DsNM,3,6,9,0.33
DsNN,8,2,10,0.8
DsNP,2,2,4,0.5
DsNS,5,0,5,1.0
DsNb,0,1,1,0.0
DsNl,0,2,2,0.0
DsNm,3,3,6,0.5
DsNn,0,1,1,0.0
DsNs,1,2,3,0.33
DsPB,3,3,6,0.5
DsPD,1,3,4,0.25
DsPH,2,1,3,0.67
DsPI,0,0,0,
DsPK,0,1,1,0.0
DsPL,0,0,0,
DsPM,0,2,2,0.0
DsPN,5,0,5,1.0
DsPP,2,5,7,0.29
DsPS,0,2,2,0.0
DsPb,1,0,1,1.0
DsPl,0,3,3,0.0
DsPm,3,6,9,0.33
DsPn,1,2,3,0.33
DsPs,2,2,4,0.5
DsPt,0,1,1,0.0
DsSB,3,1,4,0.75
DsSD,1,0,1,1.0
DsSH,2,1,3,0.67
DsSI,1,0,1,1.0
DsSL,2,1,3,0.67
DsSM,4,4,8,0.5
DsSN,1,1,2,0.5
DsSP,2,4,6,0.33
DsSS,4,6,10,0.4
DsSb,5,1,6,0.83
DsSh,2,1,3,0.67
DsSl,1,2,3,0.33
DsSm,2,3,5,0.4
DsSn,3,1,4,0.75
DsSs,3,3,6,0.5
DsbB,5,2,7,0.71
DsbH,1,0,1,1.0
DsbI,0,0,0,
DsbJ,0,1,1,0.0
DsbM,1,0,1,1.0
DsbN,1,1,2,0.5
DsbP,1,3,4,0.25
DsbS,1,2,3,0.33
Dsbb,1,2,3,0.33
Dsbl,0,1,1,0.0
Dsbm,2,2,4,0.5
Dsbn,0,2,2,0.0
Dsbs,1,0,1,1.0
DshB,0,0,0,
DshL,0,0,0,
Dshb,1,0,1,1.0
DslB,1,0,1,1.0
DslH,0,1,1,0.0
DslJ,1,0,1,1.0
DslK,0,0,0,
DslL,0,0,0,
DslM,0,0,0,
DslN,1,0,1,1.0
Dslb,2,1,3,0.67
Dsll,2,0,2,1.0
Dslm,2,0,2,1.0
Dsls,1,0,1,1.0
DsmB,3,1,4,0.75
DsmD,2,2,4,0.5
DsmH,2,4,6,0.33
DsmJ,1,1,2,0.5
DsmL,0,1,1,0.0
DsmM,5,2,7,0.71
DsmN,3,2,5,0.6
DsmP,2,8,10,0.2
DsmS,0,1,1,0.0
Dsmb,2,2,4,0.5
Dsml,1,0,1,1.0
Dsmm,3,8,11,0.27
Dsmn,3,2,5,0.6
Dsms,1,3,4,0.25
DsnB,1,0,1,1.0
DsnD,0,0,0,
DsnH,1,1,2,0.5
DsnI,1,0,1,1.0
DsnK,0,1,1,0.0
DsnL,2,0,2,1.0
DsnM,2,1,3,0.67
DsnN,5,2,7,0.71
DsnP,1,0,1,1.0
DsnS,1,3,4,0.25
Dsnb,4,3,7,0.57
Dsnh,1,0,1,1.0
Dsnl,0,1,1,0.0
Dsnm,4,2,6,0.67
Dsnn,1,1,2,0.5
Dsns,0,0,0,
DssB,2,0,2,1.0
DssD,1,2,3,0.33
DssH,1,1,2,0.5
DssL,2,0,2,1.0
DssM,1,1,2,0.5
DssN,0,3,3,0.0
DssP,4,3,7,0.57
DssS,3,5,8,0.38
Dssb,1,4,5,0.2
Dssh,1,0,1,1.0
Dssl,0,1,1,0.0
Dssm,6,3,9,0.67
Dssn,4,0,4,1.0
Dsss,0,3,3,0.0
DstD,1,0,1,1.0
DtBB,2,4,6,0.33
DtBM,0,1,1,0.0
DtBN,0,1,1,0.0
DtBS,1,0,1,1.0
DtBm,0,1,1,0.0
DtBn,1,0,1,1.0
DtDM,0,1,1,0.0
DtDb,0,1,1,0.0
DtHM,0,1,1,0.0
DtHS,0,0,0,
DtHm,0,1,1,0.0
DtLb,0,1,1,0.0
DtLl,1,0,1,1.0
DtLm,0,0,0,
DtMD,1,0,1,1.0
DtMP,1,0,1,1.0
DtMb,1,0,1,1.0
DtMh,1,0,1,1.0
DtMl,0,1,1,0.0
DtMm,2,0,2,1.0
DtMs,1,0,1,1.0
DtND,0,0,0,
DtNK,0,1,1,0.0
DtNM,0,2,2,0.0
DtNS,0,1,1,0.0
DtNl,1,0,1,1.0
DtNm,0,0,0,
DtNn,0,0,0,
DtPB,0,1,1,0.0
DtPI,0,0,0,
DtPM,1,1,2,0.5
DtPN,0,1,1,0.0
DtPS,0,0,0,
DtPb,1,0,1,1.0
DtPn,0,1,1,0.0
DtSD,0,0,0,
DtSH,0,0,0,
DtSP,0,2,2,0.0
DtSS,0,1,1,0.0
DtSb,0,0,0,
DtSh,1,0,1,1.0
DtSn,0,0,0,
DtbK,0,1,1,0.0
DtbM,1,0,1,1.0
DtbP,0,1,1,0.0
DtbS,1,0,1,1.0
Dtbn,0,1,1,0.0
DtlH,0,0,0,
DtmB,1,0,1,1.0
DtmJ,0,1,1,0.0
DtmM,1,1,2,0.5
DtmN,2,0,2,1.0
Dtms,1,0,1,1.0
DtnP,0,0,0,
DtnS,0,1,1,0.0
Dtnm,1,0,1,1.0
Dtns,0,1,1,0.0
DtsD,0,0,0,
DtsP,0,0,0,
Dtsm,2,0,2,1.0
DttP,1,0,1,1.0
HBBB,4,5,9,0.44
HBBL,0,5,5,0.0
HBBM,4,5,9,0.44
HBBN,3,6,9,0.33
HBBP,7,3,10,0.7
HBBS,2,0,2,1.0
HBBb,4,6,10,0.4
HBBh,0,1,1,0.0
HBBj,1,0,1,1.0
HBBl,2,0,2,1.0
HBBm,5,3,8,0.62
HBBn,4,4,8,0.5
HBBs,1,1,2,0.5
HBDD,0,0,0,
HBDH,0,1,1,0.0
HBDM,2,3,5,0.4
HBDN,1,0,1,1.0
HBDP,1,0,1,1.0
HBDS,1,1,2,0.5
HBDb,0,0,0,
HBDm,1,0,1,1.0
HBDn,0,1,1,0.0
HBDs,1,1,2,0.5
HBHB,1,0,1,1.0
HBKD,0,1,1,0.0
HBKL,1,0,1,1.0
HBKM,1,0,1,1.0
HBKN,0,1,1,0.0
HBKb,0,1,1,0.0
HBKh,0,2,2,0.0
HBKl,1,0,1,1.0
HBKm,0,1,1,0.0
HBKn,0,1,1,0.0
HBKs,0,0,0,
HBLB,1,0,1,1.0
HBLD,1,0,1,1.0
HBLL,0,1,1,0.0
HBLM,0,0,0,
HBLN,1,0,1,1.0
HBLP,3,1,4,0.75
HBLS,2,0,2,1.0
HBLb,1,3,4,0.25
HBLh,1,1,2,0.5
HBLj,0,1,1,0.0
HBLl,0,1,1,0.0
HBLm,3,4,7,0.43
HBLn,1,1,2,0.5
HBLs,4,1,5,0.8
HBMB,1,2,3,0.33
HBMD,0,1,1,0.0
HBMK,0,1,1,0.0
HBML,1,0,1,1.0
HBMM,2,2,4,0.5
HBMN,1,1,2,0.5
HBMP,4,3,7,0.57
HBMS,2,2,4,0.5
HBMb,2,4,6,0.33
HBMh,3,6,9,0.33
HBMl,0,1,1,0.0
HBMm,10,1,11,0.91
HBMn,3,4,7,0.43
HBMs,2,1,3,0.67
HBMt,1,0,1,1.0
HBNB,4,2,6,0.67
HBND,1,2,3,0.33
HBNH,0,0,0,
HBNK,0,0,0,
HBNL,2,0,2,1.0
HBNM,4,7,11,0.36
HBNN,2,4,6,0.33
HBNP,5,4,9,0.56
HBNS,3,2,5,0.6
HBNb,2,2,4,0.5
HBNh,3,1,4,0.75
HBNl,2,2,4,0.5
HBNm,1,5,6,0.17
HBNn,8,7,15,0.53
HBNs,5,2,7,0.71
HBPB,3,6,9,0.33
HBPD,4,0,4,1.0
HBPH,0,0,0,
HBPK,0,1,1,0.0
HBPL,1,4,5,0.2
HBPM,2,5,7,0.29
HBPN,3,6,9,0.33
HBPP,9,8,17,0.53
HBPS,5,3,8,0.62
HBPb,4,5,9,0.44
HBPh,0,0,0,
HBPl,1,4,5,0.2
HBPm,4,5,9,0.44
HBPn,2,3,5,0.4
HBPs,4,4,8,0.5
HBPt,0,1,1,0.0
HBSB,0,1,1,0.0
HBSD,1,0,1,1.0
HBSH,0,0,0,
HBSM,4,2,6,0.67
HBSN,1,3,4,0.25
HBSP,3,5,8,0.38
HBSS,3,2,5,0.6
HBSb,3,1,4,0.75
HBSh,1,2,3,0.33
HBSm,0,5,5,0.0
HBSn,1,4,5,0.2
HBSs,2,2,4,0.5
HBSt,0,1,1,0.0
HBbB,5,3,8,0.62
HBbH,0,2,2,0.0
HBbJ,1,1,2,0.5
HBbK,0,0,0,
HBbL,0,1,1,0.0
HBbM,3,5,8,0.38
HBbN,3,2,5,0.6
HBbP,6,2,8,0.75
HBbS,1,2,3,0.33
HBbb,5,5,10,0.5
HBbl,0,1,1,0.0
HBbm,2,2,4,0.5
HBbn,3,1,4,0.75
HBbs,1,2,3,0.33
HBhB,0,1,1,0.0
HBhn,1,1,2,0.5
HBjB,1,1,2,0.5
HBjH,1,0,1,1.0
HBjL,2,0,2,1.0
HBjP,2,0,2,1.0
HBjS,1,1,2,0.5
HBjn,0,2,2,0.0
HBlB,2,3,5,0.4
HBlH,0,1,1,0.0
HBlI,1,0,1,1.0
HBlL,1,0,1,1.0
HBlM,1,2,3,0.33
HBlN,0,1,1,0.0
HBlP,4,0,4,1.0
HBlS,0,2,2,0.0
HBlm,0,1,1,0.0
HBln,2,0,2,1.0
HBls,1,0,1,1.0
HBmB,3,4,7,0.43
HBmD,2,1,3,0.67
HBmH,0,3,3,0.0
HBmJ,0,1,1,0.0
HBmL,3,1,4,0.75
HBmM,7,4,11,0.64
HBmN,2,5,7,0.29
HBmP,3,4,7,0.43
HBmS,3,5,8,0.38
HBmb,4,3,7,0.57
HBml,3,0,3,1.0
HBmm,4,3,7,0.57
HBmn,4,0,4,1.0
HBms,4,4,8,0.5
HBnB,2,4,6,0.33
HBnD,0,0,0,
HBnH,1,3,4,0.25
HBnL,2,1,3,0.67
HBnM,2,4,6,0.33
HBnN,2,4,6,0.33
HBnP,5,5,10,0.5
HBnS,2,1,3,0.67
HBnb,3,4,7,0.43
HBnl,2,3,5,0.4
HBnm,1,7,8,0.12
HBnn,7,6,13,0.54
HBns,1,1,2,0.5
HBsB,2,0,2,1.0
HBsH,1,1,2,0.5
HBsI,1,0,1,1.0
HBsL,0,0,0,
HBsM,3,2,5,0.6
HBsN,2,2,4,0.5
HBsP,3,3,6,0.5
HBsS,2,1,3,0.67
HBsb,1,0,1,1.0
HBsm,3,1,4,0.75
HBsn,0,4,4,0.0
HBss,1,1,2,0.5
HBtm,0,0,0,
HBtn,0,2,2,0.0
HBts,0,1,1,0.0
HDBB,1,2,3,0.33
HDBK,0,1,1,0.0
HDBL,0,1,1,0.0
HDBM,1,0,1,1.0
HDBN,1,0,1,1.0
HDBP,0,0,0,
HDBS,0,1,1,0.0
HDBb,3,1,4,0.75
HDBh,1,0,1,1.0
HDBm,0,1,1,0.0
HDBn,0,0,0,
HDBs,0,0,0,
HDDD,1,1,2,0.5
HDDM,1,0,1,1.0
HDDP,1,3,4,0.25
HDDS,0,2,2,0.0
HDDm,0,2,2,0.0
HDDn,1,0,1,1.0
HDDs,0,1,1,0.0
HDDt,1,0,1,1.0
HDHB,0,1,1,0.0
HDHD,1,0,1,1.0
HDHH,0,0,0,
HDHL,0,1,1,0.0
HDHM,0,4,4,0.0
HDHN,1,2,3,0.33
HDHP,0,1,1,0.0
HDHS,0,4,4,0.0
HDHb,1,1,2,0.5
HDHh,1,0,1,1.0
HDHl,0,1,1,0.0
HDHm,0,1,1,0.0
HDHn,0,0,0,
HDHs,0,1,1,0.0
HDIS,1,0,1,1.0
HDKM,0,1,1,0.0
HDLB,0,1,1,0.0
HDLD,1,0,1,1.0
HDLP,1,1,2,0.5
HDLS,1,0,1,1.0
HDLm,1,1,2,0.5
HDLn,0,1,1,0.0
HDLs,0,1,1,0.0
HDMB,2,1,3,0.67
HDMM,1,6,7,0.14
HDMN,1,2,3,0.33
HDMP,0,4,4,0.0
HDMS,2,0,2,1.0
HDMb,0,2,2,0.0
HDMh,3,1,4,0.75
HDMl,0,1,1,0.0
HDMm,2,2,4,0.5
HDMn,1,0,1,1.0
HDMs,1,1,2,0.5
HDNB,0,1,1,0.0
HDNH,1,0,1,1.0
HDNM,2,2,4,0.5
HDNN,0,1,1,0.0
HDNP,0,1,1,0.0
HDNb,3,0,3,1.0
HDNm,2,2,4,0.5
HDNn,0,1,1,0.0
HDPB,1,0,1,1.0
HDPD,1,0,1,1.0
HDPH,0,1,1,0.0
HDPI,0,1,1,0.0
HDPK,1,0,1,1.0
HDPL,0,1,1,0.0
HDPM,1,1,2,0.5
HDPN,1,2,3,0.33
HDPP,2,2,4,0.5
HDPS,0,2,2,0.0
HDPb,2,2,4,0.5
HDPl,0,1,1,0.0
HDPm,1,0,1,1.0
HDPn,0,2,2,0.0
HDPt,0,1,1,0.0
HDSB,1,0,1,1.0
HDSD,0,0,0,
HDSL,1,1,2,0.5
HDSM,3,3,6,0.5
HDSN,1,0,1,1.0
HDSP,0,3,3,0.0
HDSb,0,2,2,0.0
HDSh,0,1,1,0.0
HDSm,2,1,3,0.67
HDSn,0,1,1,0.0
HDSs,2,1,3,0.67
HDbB,0,2,2,0.0
HDbD,0,0,0,
HDbH,2,0,2,1.0
HDbJ,0,1,1,0.0
HDbL,0,0,0,
HDbM,1,1,2,0.5
HDbN,1,1,2,0.5
HDbP,1,0,1,1.0
HDbb,0,1,1,0.0
HDbm,2,1,3,0.67
HDbn,1,0,1,1.0
HDhm,0,1,1,0.0
HDlB,1,1,2,0.5
HDlJ,1,0,1,1.0
HDlL,1,0,1,1.0
HDlM,1,1,2,0.5
HDlN,0,1,1,0.0
HDlP,0,1,1,0.0
HDlm,1,0,1,1.0
HDmB,3,2,5,0.6
HDmD,1,0,1,1.0
HDmH,1,3,4,0.25
HDmL,2,1,3,0.67
HDmM,2,1,3,0.67
HDmN,1,3,4,0.25
HDmP,2,2,4,0.5
HDmS,0,4,4,0.0
HDmb,1,1,2,0.5
HDml,3,0,3,1.0
HDmm,0,3,3,0.0
HDmn,1,0,1,1.0
HDms,0,0,0,
HDnB,1,1,2,0.5
HDnM,2,1,3,0.67
HDnN,0,3,3,0.0
HDnP,0,1,1,0.0
HDnS,2,1,3,0.67
HDnb,1,2,3,0.33
HDnl,0,1,1,0.0
HDnm,0,2,2,0.0
HDnn,3,1,4,0.75
HDsB,1,0,1,1.0
HDsD,0,0,0,
HDsH,0,1,1,0.0
HDsM,0,1,1,0.0
HDsP,1,2,3,0.33
HDsS,1,2,3,0.33
HDsb,0,0,0,
HDsl,0,3,3,0.0
HDsm,0,0,0,
HDsn,0,3,3,0.0
HDss,1,2,3,0.33
HDtm,0,0,0,
HHBB,1,1,2,0.5
HHBL,0,1,1,0.0
HHBM,0,1,1,0.0
HHBN,0,0,0,
HHBP,1,1,2,0.5
HHBb,0,1,1,0.0
HHBs,0,0,0,
HHDH,1,0,1,1.0
HHDM,1,0,1,1.0
HHDS,0,1,1,0.0
HHDb,2,1,3,0.67
HHDn,0,1,1,0.0
HHHM,0,0,0,
HHHN,1,0,1,1.0
HHHP,0,1,1,0.0
HHHS,0,1,1,0.0
HHHb,1,0,1,1.0
HHHm,1,0,1,1.0
HHHn,0,2,2,0.0
HHHs,1,1,2,0.5
HHIB,0,1,1,0.0
HHIH,1,0,1,1.0
HHKM,0,0,0,
HHLB,1,0,1,1.0
HHLL,1,0,1,1.0
HHLN,1,0,1,1.0
HHLS,0,1,1,0.0
HHLb,1,0,1,1.0
HHLm,1,1,2,0.5
HHMB,0,1,1,0.0
HHMD,0,0,0,
HHMM,0,1,1,0.0
HHMN,0,1,1,0.0
HHMP,1,1,2,0.5
HHMS,1,0,1,1.0
HHMb,2,0,2,1.0
HHMh,1,1,2,0.5
HHMl,2,0,2,1.0
HHMm,1,0,1,1.0
HHMn,2,1,3,0.67
HHMs,0,1,1,0.0
HHNB,1,1,2,0.5
HHNM,1,1,2,0.5
HHNN,1,5,6,0.17
HHNP,0,1,1,0.0
HHNS,1,3,4,0.25
HHNb,0,0,0,
HHNm,2,0,2,1.0
HHNn,0,0,0,
HHNs,0,1,1,0.0
HHPB,1,2,3,0.33
HHPH,0,1,1,0.0
HHPK,0,0,0,
HHPM,1,0,1,1.0
HHPN,2,1,3,0.67
HHPS,0,1,1,0.0
HHPb,1,1,2,0.5
HHPl,1,0,1,1.0
HHPm,1,2,3,0.33
HHPn,4,1,5,0.8
HHSD,0,1,1,0.0
HHSH,2,0,2,1.0
HHSM,0,1,1,0.0
HHSN,0,1,1,0.0
HHSP,1,0,1,1.0
HHSS,1,1,2,0.5
HHSb,1,0,1,1.0
HHSh,1,0,1,1.0
HHSl,1,0,1,1.0
HHSm,1,5,6,0.17
HHSn,1,0,1,1.0
HHSs,0,3,3,0.0
HHSt,0,0,0,
HHbB,1,1,2,0.5
HHbD,0,1,1,0.0
HHbM,1,1,2,0.5
HHbN,0,2,2,0.0
HHbP,0,1,1,0.0
HHbb,2,1,3,0.67
HHbs,1,0,1,1.0
HHhm,2,1,3,0.67
HHhn,0,0,0,
HHmD,0,1,1,0.0
HHmH,0,0,0,
HHmM,2,1,3,0.67
HHmN,0,1,1,0.0
HHmP,1,2,3,0.33
HHmS,0,0,0,
HHmb,1,2,3,0.33
HHmn,1,0,1,1.0
HHms,0,1,1,0.0
HHnB,1,1,2,0.5
HHnH,0,1,1,0.0
HHnK,0,1,1,0.0
HHnM,1,0,1,1.0
HHnN,1,1,2,0.5
HHnP,2,0,2,1.0
HHnb,2,1,3,0.67
HHnh,0,1,1,0.0
HHnl,1,0,1,1.0
HHnm,0,1,1,0.0
HHnn,0,1,1,0.0
HHns,0,0,0,
HHsB,0,1,1,0.0
HHsD,1,0,1,1.0
HHsH,3,2,5,0.6
HHsM,1,1,2,0.5
HHsN,1,0,1,1.0
HHsP,3,1,4,0.75
HHsS,2,0,2,1.0
HHsb,1,0,1,1.0
HHsl,0,1,1,0.0
HHsm,1,0,1,1.0
HHsn,0,0,0,
HHss,1,2,3,0.33
HIBM,1,0,1,1.0
HIBS,0,0,0,
HIBb,0,1,1,0.0
HIBm,2,0,2,1.0
HIBn,0,1,1,0.0
HIDH,0,0,0,
HIDN,1,0,1,1.0
HIDb,1,0,1,1.0
HIDl,1,0,1,1.0
HIHB,0,1,1,0.0
HIHN,0,1,1,0.0
HIHh,0,1,1,0.0
HIHm,1,0,1,1.0
HIHn,0,0,0,
HIHs,1,0,1,1.0
HIIP,1,0,1,1.0
HILb,0,1,1,0.0
HILm,0,2,2,0.0
HIMB,0,0,0,
HIMD,0,1,1,0.0
HIMN,1,1,2,0.5
HIMP,0,1,1,0.0
HIMh,0,1,1,0.0
HIMj,0,1,1,0.0
HIMm,0,2,2,0.0
HIMn,1,2,3,0.33
HIMs,0,1,1,0.0
HINB,1,0,1,1.0
HINM,0,1,1,0.0
HINN,0,1,1,0.0
HINP,0,0,0,
HINS,1,0,1,1.0
HIPB,0,1,1,0.0
HIPI,0,1,1,0.0
HIPM,1,0,1,1.0
HIPN,1,0,1,1.0
HIPP,1,0,1,1.0
HIPS,2,1,3,0.67
HIPb,0,1,1,0.0
HIPm,0,1,1,0.0
HIPn,2,1,3,0.67
HISD,0,0,0,
HISS,0,1,1,0.0
HISn,1,0,1,1.0
HIbB,1,0,1,1.0
HIbH,1,0,1,1.0
HIbJ,0,1,1,0.0
HIbN,1,0,1,1.0
HIbP,1,1,2,0.5
HIbS,0,1,1,0.0
HIbb,2,0,2,1.0
HIbn,0,0,0,
HIbs,0,1,1,0.0
HIlN,1,2,3,0.33
HImB,1,0,1,1.0
HImM,1,0,1,1.0
HImN,0,2,2,0.0
HImP,0,1,1,0.0
HImS,0,1,1,0.0
HImb,1,0,1,1.0
HImm,0,2,2,0.0
HInK,0,1,1,0.0
HInM,2,0,2,1.0
HInN,0,1,1,0.0
HInP,1,0,1,1.0
HInb,1,1,2,0.5
HInm,1,0,1,1.0
HInn,0,1,1,0.0
HIns,1,0,1,1.0
HIsB,1,0,1,1.0
HIsM,0,0,0,
HIsP,0,1,1,0.0
HIsh,0,0,0,
HIsm,1,1,2,0.5
HIsn,0,1,1,0.0
HIss,0,1,1,0.0
HKBB,0,1,1,0.0
HKBK,1,0,1,1.0
HKBL,0,0,0,
HKBM,0,2,2,0.0
HKBN,0,0,0,
HKBP,1,0,1,1.0
HKBm,1,1,2,0.5
HKBn,1,1,2,0.5
HKDD,0,1,1,0.0
HKKn,0,1,1,0.0
HKLN,1,0,1,1.0
HKMB,1,1,2,0.5
HKMD,0,1,1,0.0
HKMS,0,1,1,0.0
HKMb,1,1,2,0.5
HKMm,2,0,2,1.0
HKND,1,0,1,1.0
HKNN,1,0,1,1.0
HKNP,1,0,1,1.0
HKNS,1,0,1,1.0
HKNm,1,1,2,0.5
HKNn,0,1,1,0.0
HKPB,0,1,1,0.0
HKPD,0,0,0,
HKPN,0,1,1,0.0
HKPP,0,1,1,0.0
HKPS,0,0,0,
HKPb,1,0,1,1.0
HKPm,3,1,4,0.75
HKSH,1,0,1,1.0
HKSL,0,1,1,0.0
HKSM,0,1,1,0.0
HKSP,0,1,1,0.0
HKSS,0,2,2,0.0
HKSn,1,0,1,1.0
HKbB,1,1,2,0.5
HKbD,0,0,0,
HKbM,1,1,2,0.5
HKbP,0,1,1,0.0
HKbS,1,0,1,1.0
HKbm,0,0,0,
HKbn,0,1,1,0.0
HKbs,0,1,1,0.0
HKhB,1,0,1,1.0
HKhN,1,0,1,1.0
HKhP,1,0,1,1.0
HKhb,1,0,1,1.0
HKhh,0,1,1,0.0
HKhm,1,1,2,0.5
HKlL,1,0,1,1.0
HKlS,1,0,1,1.0
HKlm,0,0,0,
HKmH,0,1,1,0.0
HKmN,0,0,0,
HKmb,1,2,3,0.33
HKml,1,0,1,1.0
HKmn,1,2,3,0.33
HKms,2,0,2,1.0
HKnM,0,1,1,0.0
HKnP,1,0,1,1.0
HKnS,0,1,1,0.0
HKnm,1,0,1,1.0
HKsH,0,1,1,0.0
HKsM,2,0,2,1.0
HKsN,0,0,0,
HKsP,1,0,1,1.0
HKsS,1,0,1,1.0
HKsl,1,0,1,1.0
HKsm,0,2,2,0.0
HKtD,1,0,1,1.0
HKtM,1,0,1,1.0
HKtP,1,0,1,1.0
HLBB,5,0,5,1.0
HLBL,0,1,1,0.0
HLBM,0,1,1,0.0
HLBN,3,3,6,0.5
HLBP,2,2,4,0.5
HLBS,2,0,2,1.0
HLBb,2,1,3,0.67
HLBm,3,0,3,1.0
HLBn,1,1,2,0.5
HLBs,1,0,1,1.0
HLDB,1,0,1,1.0
HLDH,1,0,1,1.0
HLDM,1,0,1,1.0
HLDS,0,1,1,0.0
HLDb,1,1,2,0.5
HLDm,1,0,1,1.0
HLDn,1,1,2,0.5
HLDs,0,1,1,0.0
HLKN,0,1,1,0.0
HLKS,0,0,0,
HLKl,0,1,1,0.0
HLLB,1,1,2,0.5
HLLL,0,1,1,0.0
HLLM,0,1,1,0.0
HLLN,1,0,1,1.0
HLLP,0,2,2,0.0
HLLS,1,0,1,1.0
HLLh,0,1,1,0.0
HLLm,0,1,1,0.0
HLLn,0,1,1,0.0
HLMB,2,0,2,1.0
HLMD,0,1,1,0.0
HLML,1,0,1,1.0
HLMM,0,3,3,0.0
HLMP,3,1,4,0.75
HLMS,3,1,4,0.75
HLMb,2,2,4,0.5
HLMh,0,2,2,0.0
HLMm,2,1,3,0.67
HLMn,3,3,6,0.5
HLMs,0,0,0,
HLNB,0,0,0,
HLND,1,0,1,1.0
HLNL,0,1,1,0.0
HLNM,1,2,3,0.33
HLNN,2,0,2,1.0
HLNP,3,2,5,0.6
HLNS,1,2,3,0.33
HLNb,1,1,2,0.5
HLNm,1,1,2,0.5
HLNn,2,1,3,0.67
HLNs,1,2,3,0.33
HLPB,1,3,4,0.25
HLPH,1,0,1,1.0
HLPI,0,0,0,
HLPM,0,0,0,
HLPN,0,2,2,0.0
HLPP,0,1,1,0.0
HLPS,1,2,3,0.33
HLPb,2,4,6,0.33
HLPl,0,1,1,0.0
HLPm,0,0,0,
HLPn,2,2,4,0.5
HLPs,0,1,1,0.0
HLSB,0,0,0,
HLSM,0,0,0,
HLSN,0,2,2,0.0
HLSP,0,1,1,0.0
HLSS,0,3,3,0.0
HLSb,1,3,4,0.25
HLSl,0,0,0,
HLSm,0,2,2,0.0
HLSn,1,3,4,0.25
HLSs,0,3,3,0.0
HLbB,1,0,1,1.0
HLbJ,1,0,1,1.0
HLbM,1,0,1,1.0
HLbN,2,2,4,0.5
HLbP,1,0,1,1.0
HLbS,0,1,1,0.0
HLbb,0,2,2,0.0
HLbm,1,2,3,0.33
HLbn,0,2,2,0.0
HLbs,3,1,4,0.75
HLhL,1,0,1,1.0
HLhN,2,0,2,1.0
HLhS,0,0,0,
HLhb,0,1,1,0.0
HLhm,0,1,1,0.0
HLhs,2,1,3,0.67
HLjM,1,0,1,1.0
HLjP,1,0,1,1.0
HLjm,1,0,1,1.0
HLjs,0,2,2,0.0
HLlB,1,0,1,1.0
HLlM,0,1,1,0.0
HLlN,0,1,1,0.0
HLlP,2,0,2,1.0
HLlS,1,0,1,1.0
HLll,1,0,1,1.0
HLlm,1,0,1,1.0
HLln,1,1,2,0.5
HLmB,2,1,3,0.67
HLmD,0,1,1,0.0
HLmH,4,3,7,0.57
HLmI,1,0,1,1.0
HLmL,0,2,2,0.0
HLmM,1,2,3,0.33
HLmN,0,3,3,0.0
HLmP,0,4,4,0.0
HLmS,0,0,0,
HLmb,0,1,1,0.0
HLml,0,1,1,0.0
HLmm,2,1,3,0.67
HLmn,2,2,4,0.5
HLms,0,2,2,0.0
HLnB,1,2,3,0.33
HLnD,1,0,1,1.0
HLnH,1,0,1,1.0
HLnM,1,1,2,0.5
HLnN,1,3,4,0.25
HLnP,3,3,6,0.5
HLnS,0,3,3,0.0
HLnb,1,1,2,0.5
HLnl,1,0,1,1.0
HLnm,1,1,2,0.5
HLnn,2,1,3,0.67
HLsD,1,0,1,1.0
HLsH,3,2,5,0.6
HLsL,1,0,1,1.0
HLsM,0,1,1,0.0
HLsN,1,0,1,1.0
HLsP,1,0,1,1.0
HLsS,0,1,1,0.0
HLsb,0,1,1,0.0
HLsm,1,0,1,1.0
HLsn,0,3,3,0.0
HLss,1,1,2,0.5
HLtN,1,0,1,1.0
HMBB,5,3,8,0.62
HMBD,1,1,2,0.5
HMBK,0,1,1,0.0
HMBL,1,1,2,0.5
HMBM,0,3,3,0.0
HMBN,5,6,11,0.45
HMBP,5,4,9,0.56
HMBS,1,1,2,0.5
HMBb,1,2,3,0.33
HMBh,1,0,1,1.0
HMBj,0,0,0,
HMBl,0,0,0,
HMBm,7,4,11,0.64
HMBn,2,7,9,0.22
HMBs,4,1,5,0.8
HMDD,1,2,3,0.33
HMDH,2,3,5,0.4
HMDM,0,2,2,0.0
HMDN,0,1,1,0.0
HMDP,1,0,1,1.0
HMDS,0,3,3,0.0
HMDb,1,1,2,0.5
HMDl,2,0,2,1.0
HMDm,2,1,3,0.67
HMDn,0,2,2,0.0
HMDs,2,1,3,0.67
HMKL,0,0,0,
HMKN,1,0,1,1.0
HMKh,1,0,1,1.0
HMLB,0,1,1,0.0
HMLL,0,2,2,0.0
HMLM,0,0,0,
HMLN,1,2,3,0.33
HMLP,2,2,4,0.5
HMLS,3,0,3,1.0
HMLb,0,1,1,0.0
HMLh,0,1,1,0.0
HMLl,0,1,1,0.0
HMLm,3,3,6,0.5
HMLs,1,0,1,1.0
HMMB,1,6,7,0.14
HMMD,0,2,2,0.0
HMMK,0,1,1,0.0
HMML,0,1,1,0.0
HMMM,3,7,10,0.3
HMMN,3,11,14,0.21
HMMP,8,5,13,0.62
HMMS,5,5,10,0.5
HMMb,4,6,10,0.4
HMMh,5,3,8,0.62
HMMl,0,2,2,0.0
HMMm,5,1,6,0.83
HMMn,4,3,7,0.57
HMMs,4,3,7,0.57
HMNB,5,3,8,0.62
HMND,3,1,4,0.75
HMNL,1,3,4,0.25
HMNM,3,5,8,0.38
HMNN,6,4,10,0.6
HMNP,8,5,13,0.62
HMNS,3,1,4,0.75
HMNb,2,6,8,0.25
HMNh,2,0,2,1.0
HMNl,2,4,6,0.33
HMNm,5,8,13,0.38
HMNn,5,4,9,0.56
HMNs,2,1,3,0.67
HMNt,1,0,1,1.0
HMPB,5,7,12,0.42
HMPH,1,1,2,0.5
HMPI,1,0,1,1.0
HMPK,0,1,1,0.0
HMPL,3,4,7,0.43
HMPM,3,1,4,0.75
HMPN,8,7,15,0.53
HMPP,7,6,13,0.54
HMPS,2,3,5,0.4
HMPb,7,7,14,0.5
HMPh,0,0,0,
HMPl,2,1,3,0.67
HMPm,10,5,15,0.67
HMPn,6,8,14,0.43
HMPs,2,1,3,0.67
HMPt,1,1,2,0.5
HMSB,3,5,8,0.38
HMSD,1,0,1,1.0
HMSH,0,1,1,0.0
HMSL,0,2,2,0.0
HMSM,6,7,13,0.46
HMSN,2,2,4,0.5
HMSP,7,3,10,0.7
HMSS,3,2,5,0.6
HMSb,2,0,2,1.0
HMSh,2,2,4,0.5
HMSl,2,2,4,0.5
HMSm,3,4,7,0.43
HMSn,5,5,10,0.5
HMSs,3,1,4,0.75
HMSt,0,0,0,
HMbB,6,1,7,0.86
HMbD,1,0,1,1.0
HMbH,0,5,5,0.0
HMbI,1,0,1,1.0
HMbK,1,0,1,1.0
HMbL,2,0,2,1.0
HMbM,2,7,9,0.22
HMbN,6,3,9,0.67
HMbP,7,4,11,0.64
HMbS,2,2,4,0.5
HMbb,2,2,4,0.5
HMbl,2,0,2,1.0
HMbm,5,5,10,0.5
HMbn,3,4,7,0.43
HMbs,3,2,5,0.6
HMhB,3,2,5,0.6
HMhD,1,0,1,1.0
HMhH,1,1,2,0.5
HMhI,1,0,1,1.0
HMhL,1,0,1,1.0
HMhM,3,2,5,0.6
HMhN,3,5,8,0.38
HMhP,8,2,10,0.8
HMhS,4,5,9,0.44
HMhb,2,1,3,0.67
HMhh,4,4,8,0.5
HMhl,3,2,5,0.6
HMhm,4,5,9,0.44
HMhn,8,1,9,0.89
HMhs,1,3,4,0.25
HMht,0,1,1,0.0
HMjB,1,0,1,1.0
HMjN,0,0,0,
HMjP,0,0,0,
HMjm,2,0,2,1.0
HMjn,3,1,4,0.75
HMlB,0,1,1,0.0
HMlH,1,0,1,1.0
HMlI,1,0,1,1.0
HMlJ,0,1,1,0.0
HMlK,1,0,1,1.0
HMlL,1,0,1,1.0
HMlM,0,5,5,0.0
HMlN,1,1,2,0.5
HMlP,2,1,3,0.67
HMlS,2,0,2,1.0
HMlb,3,1,4,0.75
HMlm,1,1,2,0.5
HMln,0,1,1,0.0
HMls,0,1,1,0.0
HMmB,3,5,8,0.38
HMmD,6,2,8,0.75
HMmH,4,3,7,0.57
HMmI,1,1,2,0.5
HMmJ,2,2,4,0.5
HMmL,1,0,1,1.0
HMmM,8,7,15,0.53
HMmN,7,7,14,0.5
HMmP,5,3,8,0.62
HMmS,4,3,7,0.57
HMmb,3,3,6,0.5
HMml,2,3,5,0.4
HMmm,8,7,15,0.53
HMmn,6,4,10,0.6
HMms,4,1,5,0.8
HMnB,6,5,11,0.55
HMnD,0,2,2,0.0
HMnH,3,4,7,0.43
HMnI,1,0,1,1.0
HMnK,1,0,1,1.0
HMnL,2,1,3,0.67
HMnM,8,4,12,0.67
HMnN,8,10,18,0.44
HMnP,6,9,15,0.4
HMnS,2,3,5,0.4
HMnb,4,3,7,0.57
HMnl,1,1,2,0.5
HMnm,6,5,11,0.55
HMnn,7,4,11,0.64
HMns,3,6,9,0.33
HMsB,0,1,1,0.0
HMsD,0,0,0,
HMsH,3,0,3,1.0
HMsI,0,1,1,0.0
HMsL,1,1,2,0.5
HMsM,5,2,7,0.71
HMsN,4,4,8,0.5
HMsP,4,4,8,0.5
HMsS,5,4,9,0.56
HMsb,3,2,5,0.6
HMsh,0,0,0,
HMsl,0,3,3,0.0
HMsm,2,0,2,1.0
HMsn,4,2,6,0.67
HMss,1,4,5,0.2
HMtB,0,1,1,0.0
HMtH,0,1,1,0.0
HMtN,1,0,1,1.0
HMtP,1,0,1,1.0
HMtb,1,0,1,1.0
HMtm,0,1,1,0.0
HMtn,1,0,1,1.0
HMtt,0,1,1,0.0
HNBB,4,1,5,0.8
HNBD,3,0,3,1.0
HNBK,2,1,3,0.67
HNBL,0,3,3,0.0
HNBM,1,4,5,0.2
HNBN,1,3,4,0.25
HNBP,2,6,8,0.25
HNBS,3,2,5,0.6
HNBb,4,3,7,0.57
HNBj,0,2,2,0.0
HNBl,1,1,2,0.5
HNBm,2,1,3,0.67
HNBn,3,5,8,0.38
HNBs,2,2,4,0.5
HNBt,0,1,1,0.0
HNDB,1,1,2,0.5
HNDD,0,2,2,0.0
HNDH,1,1,2,0.5
HNDL,2,0,2,1.0
HNDM,3,2,5,0.6
HNDN,0,1,1,0.0
HNDP,0,2,2,0.0
HNDS,1,1,2,0.5
HNDb,0,1,1,0.0
HNDm,0,3,3,0.0
HNDn,0,1,1,0.0
HNDs,0,1,1,0.0
HNHB,1,0,1,1.0
HNHL,0,0,0,
HNHM,1,0,1,1.0
HNHN,1,0,1,1.0
HNHP,1,0,1,1.0
HNHS,2,2,4,0.5
HNHb,4,0,4,1.0
HNHl,1,0,1,1.0
HNHm,1,1,2,0.5
HNHs,0,1,1,0.0
HNIb,0,0,0,
HNIs,0,0,0,
HNKB,0,1,1,0.0
HNKH,1,0,1,1.0
HNKM,0,2,2,0.0
HNKN,1,4,5,0.2
HNKP,1,0,1,1.0
HNKb,0,1,1,0.0
HNKh,0,1,1,0.0
HNKm,0,1,1,0.0
HNKn,2,2,4,0.5
HNKs,0,0,0,
HNLB,0,1,1,0.0
HNLD,0,0,0,
HNLM,0,1,1,0.0
HNLN,1,0,1,1.0
HNLP,2,1,3,0.67
HNLS,2,1,3,0.67
HNLb,0,2,2,0.0
HNLh,1,0,1,1.0
HNLl,0,1,1,0.0
HNLm,2,1,3,0.67
HNLn,1,1,2,0.5
HNLs,1,0,1,1.0
HNLt,0,0,0,
HNMB,4,2,6,0.67
HNMD,1,2,3,0.33
HNML,4,1,5,0.8
HNMM,1,1,2,0.5
HNMN,7,5,12,0.58
HNMP,4,5,9,0.44
HNMS,3,2,5,0.6
HNMb,4,2,6,0.67
HNMh,4,7,11,0.36
HNMj,1,0,1,1.0
HNMl,2,0,2,1.0
HNMm,11,3,14,0.79
HNMn,7,8,15,0.47
HNMs,4,1,5,0.8
HNMt,2,2,4,0.5
HNNB,5,0,5,1.0
HNND,2,1,3,0.67
HNNH,1,0,1,1.0
HNNK,1,2,3,0.33
HNNL,0,5,5,0.0
HNNM,3,7,10,0.3
HNNN,4,6,10,0.4
HNNP,7,8,15,0.47
HNNS,4,2,6,0.67
HNNb,2,2,4,0.5
HNNh,0,0,0,
HNNl,3,3,6,0.5
HNNm,8,5,13,0.62
HNNn,4,15,19,0.21
HNNs,8,4,12,0.67
HNNt,1,1,2,0.5
HNPB,6,4,10,0.6
HNPD,0,2,2,0.0
HNPH,0,2,2,0.0
HNPI,2,2,4,0.5
HNPK,0,2,2,0.0
HNPL,2,1,3,0.67
HNPM,5,2,7,0.71
HNPN,4,7,11,0.36
HNPP,7,11,18,0.39
HNPS,4,2,6,0.67
HNPb,5,3,8,0.62
HNPh,0,0,0,
HNPl,5,3,8,0.62
HNPm,8,9,17,0.47
HNPn,3,5,8,0.38
HNPs,3,4,7,0.43
HNSB,3,1,4,0.75
HNSD,0,2,2,0.0
HNSH,1,2,3,0.33
HNSI,1,0,1,1.0
HNSL,2,0,2,1.0
HNSM,3,3,6,0.5
HNSN,3,1,4,0.75
HNSP,5,5,10,0.5
HNSS,3,4,7,0.43
HNSb,2,0,2,1.0
HNSh,2,1,3,0.67
HNSl,3,0,3,1.0
HNSm,8,6,14,0.57
HNSn,4,5,9,0.44
HNSs,4,9,13,0.31
HNSt,0,1,1,0.0
HNbB,2,0,2,1.0
HNbD,0,2,2,0.0
HNbH,1,1,2,0.5
HNbI,2,0,2,1.0
HNbJ,0,2,2,0.0
HNbK,0,1,1,0.0
HNbL,3,2,5,0.6
HNbM,3,4,7,0.43
HNbN,3,4,7,0.43
HNbP,5,4,9,0.56
HNbS,2,2,4,0.5
HNbb,5,2,7,0.71
HNbl,1,0,1,1.0
HNbm,0,5,5,0.0
HNbn,7,3,10,0.7
HNbs,3,1,4,0.75
HNhB,1,1,2,0.5
HNhD,0,1,1,0.0
HNhH,0,1,1,0.0
HNhM,1,0,1,1.0
HNhN,0,1,1,0.0
HNhP,1,3,4,0.25
HNhS,2,3,5,0.4
HNhb,1,0,1,1.0
HNhh,1,0,1,1.0
HNhm,1,1,2,0.5
HNhn,3,2,5,0.6
HNhs,1,0,1,1.0
HNlB,0,1,1,0.0
HNlH,1,1,2,0.5
HNlL,1,0,1,1.0
HNlM,0,2,2,0.0
HNlN,1,3,4,0.25
HNlP,0,2,2,0.0
HNlS,0,2,2,0.0
HNlb,2,1,3,0.67
HNll,0,0,0,
HNlm,0,2,2,0.0
HNln,2,0,2,1.0
HNls,1,0,1,1.0
HNmB,5,3,8,0.62
HNmD,1,0,1,1.0
HNmH,2,2,4,0.5
HNmI,1,0,1,1.0
HNmJ,3,0,3,1.0
HNmL,1,1,2,0.5
HNmM,7,7,14,0.5
HNmN,3,8,11,0.27
HNmP,7,3,10,0.7
HNmS,4,3,7,0.57
HNmb,2,4,6,0.33
HNml,2,0,2,1.0
HNmm,3,0,3,1.0
HNmn,5,7,12,0.42
HNms,8,0,8,1.0
HNnB,4,2,6,0.67
HNnD,1,1,2,0.5
HNnH,1,1,2,0.5
HNnK,0,1,1,0.0
HNnL,0,1,1,0.0
HNnM,4,6,10,0.4
HNnN,5,13,18,0.28
HNnP,8,6,14,0.57
HNnS,2,8,10,0.2
HNnb,5,4,9,0.56
HNnl,2,2,4,0.5
HNnm,9,5,14,0.64
HNnn,8,10,18,0.44
HNns,5,5,10,0.5
HNsB,3,0,3,1.0
HNsD,1,2,3,0.33
HNsH,1,2,3,0.33
HNsI,1,0,1,1.0
HNsL,1,1,2,0.5
HNsM,2,5,7,0.29
HNsN,2,3,5,0.4
HNsP,1,3,4,0.25
HNsS,4,4,8,0.5
HNsb,3,0,3,1.0
HNsl,2,0,2,1.0
HNsm,4,3,7,0.57
HNsn,2,4,6,0.33
HNss,2,1,3,0.67
HNtH,2,0,2,1.0
HNtM,1,0,1,1.0
HNtN,3,0,3,1.0
HNtP,1,0,1,1.0
HNtS,2,1,3,0.67
HNtm,0,2,2,0.0
HNts,1,0,1,1.0
HPBB,3,3,6,0.5
HPBD,1,0,1,1.0
HPBL,2,7,9,0.22
HPBM,5,9,14,0.36
HPBN,4,8,12,0.33
HPBP,10,6,16,0.62
HPBS,3,1,4,0.75
HPBb,3,4,7,0.43
HPBj,2,0,2,1.0
HPBl,1,0,1,1.0
HPBm,5,5,10,0.5
HPBn,1,7,8,0.12
HPBs,2,1,3,0.67
HPDB,2,1,3,0.67
HPDD,1,1,2,0.5
HPDL,0,1,1,0.0
HPDM,3,4,7,0.43
HPDN,0,0,0,
HPDP,0,2,2,0.0
HPDS,1,1,2,0.5
HPDl,0,0,0,
HPDm,1,0,1,1.0
HPDn,0,1,1,0.0
HPDs,3,0,3,1.0
HPHB,3,0,3,1.0
HPHD,0,0,0,
HPHL,1,0,1,1.0
HPHM,2,0,2,1.0
HPHN,1,3,4,0.25
HPHP,1,2,3,0.33
HPHS,2,3,5,0.4
HPHl,0,1,1,0.0
HPHm,0,2,2,0.0
HPHn,0,1,1,0.0
HPHs,2,1,3,0.67
HPHt,1,0,1,1.0
HPIB,1,1,2,0.5
HPIH,0,1,1,0.0
HPIP,2,0,2,1.0
HPIS,2,0,2,1.0
HPIb,1,0,1,1.0
HPIm,0,1,1,0.0
HPIn,1,2,3,0.33
HPKB,1,1,2,0.5
HPKM,1,3,4,0.25
HPKP,0,1,1,0.0
HPKS,0,0,0,
HPKb,2,1,3,0.67
HPKh,1,0,1,1.0
HPKl,0,1,1,0.0
HPKm,2,0,2,1.0
HPKn,1,0,1,1.0
HPKs,1,0,1,1.0
HPLB,1,5,6,0.17
HPLL,0,1,1,0.0
HPLM,2,2,4,0.5
HPLN,1,1,2,0.5
HPLP,5,3,8,0.62
HPLS,1,2,3,0.33
HPLb,0,3,3,0.0
HPLh,2,1,3,0.67
HPLm,1,2,3,0.33
HPLn,2,3,5,0.4
HPLs,2,4,6,0.33
HPMB,9,10,19,0.47
HPMD,3,1,4,0.75
HPML,4,2,6,0.67
HPMM,2,9,11,0.18
HPMN,5,5,10,0.5
HPMP,4,8,12,0.33
HPMS,3,6,9,0.33
HPMb,3,5,8,0.38
HPMh,6,7,13,0.46
HPMj,0,1,1,0.0
HPMl,4,1,5,0.8
HPMm,9,8,17,0.53
HPMn,8,6,14,0.57
HPMs,7,2,9,0.78
HPMt,1,0,1,1.0
HPNB,3,4,7,0.43
HPND,1,0,1,1.0
HPNK,0,2,2,0.0
HPNL,0,4,4,0.0
HPNM,5,8,13,0.38
HPNN,1,10,11,0.09
HPNP,11,11,22,0.5
HPNS,2,5,7,0.29
HPNb,9,5,14,0.64
HPNh,1,1,2,0.5
HPNl,5,0,5,1.0
HPNm,6,1,7,0.86
HPNn,8,3,11,0.73
HPNs,3,4,7,0.43
HPNt,0,0,0,
HPPB,6,8,14,0.43
HPPD,4,2,6,0.67
HPPH,4,2,6,0.67
HPPI,1,0,1,1.0
HPPK,2,1,3,0.67
HPPL,4,7,11,0.36
HPPM,16,8,24,0.67
HPPN,5,5,10,0.5
HPPP,7,8,15,0.47
HPPS,2,3,5,0.4
HPPb,7,2,9,0.78
HPPh,0,0,0,
HPPl,5,1,6,0.83
HPPm,9,9,18,0.5
HPPn,6,8,14,0.43
HPPs,6,7,13,0.46
HPPt,1,0,1,1.0
HPSB,5,3,8,0.62
HPSD,1,1,2,0.5
HPSH,2,2,4,0.5
HPSL,2,0,2,1.0
HPSM,5,7,12,0.42
HPSN,5,0,5,1.0
HPSP,4,3,7,0.57
HPSS,6,3,9,0.67
HPSb,2,3,5,0.4
HPSh,1,0,1,1.0
HPSl,0,3,3,0.0
HPSm,6,5,11,0.55
HPSn,4,7,11,0.36
HPSs,7,1,8,0.88
HPSt,1,0,1,1.0
HPbB,4,8,12,0.33
HPbD,1,0,1,1.0
HPbH,1,0,1,1.0
HPbJ,0,1,1,0.0
HPbL,3,1,4,0.75
HPbM,5,8,13,0.38
HPbN,7,7,14,0.5
HPbP,8,3,11,0.73
HPbS,6,3,9,0.67
HPbb,6,5,11,0.55
HPbl,1,3,4,0.25
HPbm,6,0,6,1.0
HPbn,2,2,4,0.5
HPbs,4,3,7,0.57
HPhB,1,1,2,0.5
HPhD,2,0,2,1.0
HPhH,0,1,1,0.0
HPhL,1,0,1,1.0
HPhM,0,1,1,0.0
HPhP,2,0,2,1.0
HPhS,1,0,1,1.0
HPhb,0,0,0,
HPhh,2,0,2,1.0
HPhm,3,0,3,1.0
HPhn,1,0,1,1.0
HPlB,1,3,4,0.25
HPlD,1,1,2,0.5
HPlH,1,1,2,0.5
HPlL,1,1,2,0.5
HPlM,4,2,6,0.67
HPlN,2,2,4,0.5
HPlP,3,0,3,1.0
HPlS,1,1,2,0.5
HPlb,1,2,3,0.33
HPll,0,0,0,
HPlm,1,2,3,0.33
HPln,1,2,3,0.33
HPls,2,2,4,0.5
HPmB,6,4,10,0.6
HPmD,1,3,4,0.25
HPmH,6,4,10,0.6
HPmI,2,0,2,1.0
HPmJ,0,0,0,
HPmL,0,1,1,0.0
HPmM,4,10,14,0.29
HPmN,5,8,13,0.38
HPmP,8,3,11,0.73
HPmS,3,4,7,0.43
HPmb,11,7,18,0.61
HPml,4,4,8,0.5
HPmm,6,4,10,0.6
HPmn,9,2,11,0.82
HPms,1,3,4,0.25
HPnB,6,2,8,0.75
HPnD,1,0,1,1.0
HPnH,2,3,5,0.4
HPnI,1,1,2,0.5
HPnK,1,0,1,1.0
HPnL,1,2,3,0.33
HPnM,6,3,9,0.67
HPnN,5,7,12,0.42
HPnP,9,4,13,0.69
HPnS,5,3,8,0.62
HPnb,3,1,4,0.75
HPnm,6,4,10,0.6
HPnn,4,4,8,0.5
HPns,7,3,10,0.7
HPsB,1,4,5,0.2
HPsD,2,2,4,0.5
HPsH,2,8,10,0.2
HPsI,1,0,1,1.0
HPsK,1,0,1,1.0
HPsL,2,2,4,0.5
HPsM,5,6,11,0.45
HPsN,3,1,4,0.75
HPsP,2,8,10,0.2
HPsS,6,8,14,0.43
HPsb,3,5,8,0.38
HPsl,1,0,1,1.0
HPsm,0,5,5,0.0
HPsn,7,3,10,0.7
HPss,1,1,2,0.5
HPtB,1,0,1,1.0
HPtP,1,1,2,0.5
HPtS,1,0,1,1.0
HPtb,1,1,2,0.5
HPts,1,0,1,1.0
HSBB,1,2,3,0.33
HSBD,1,1,2,0.5
HSBK,1,1,2,0.5
HSBL,1,1,2,0.5
HSBM,4,6,10,0.4
HSBN,3,2,5,0.6
HSBP,2,0,2,1.0
HSBS,1,2,3,0.33
HSBb,2,2,4,0.5
HSBj,0,1,1,0.0
HSBm,1,6,7,0.14
HSBn,3,3,6,0.5
HSBs,1,1,2,0.5
HSBt,0,1,1,0.0
HSDB,1,0,1,1.0
HSDD,0,1,1,0.0
HSDH,1,1,2,0.5
HSDI,1,0,1,1.0
HSDL,1,0,1,1.0
HSDM,1,2,3,0.33
HSDN,1,1,2,0.5
HSDP,2,2,4,0.5
HSDS,1,1,2,0.5
HSDb,1,2,3,0.33
HSDl,1,0,1,1.0
HSDm,1,1,2,0.5
HSDn,0,1,1,0.0
HSDs,1,1,2,0.5
HSHB,0,1,1,0.0
HSHH,1,0,1,1.0
HSHM,0,0,0,
HSHP,1,1,2,0.5
HSHS,2,3,5,0.4
HSHb,2,0,2,1.0
HSHh,1,2,3,0.33
HSHl,1,1,2,0.5
HSHm,3,2,5,0.6
HSHs,1,0,1,1.0
HSHt,1,0,1,1.0
HSIS,1,0,1,1.0
HSIs,1,1,2,0.5
HSKB,0,0,0,
HSKM,1,0,1,1.0
HSKN,1,0,1,1.0
HSKS,1,0,1,1.0
HSKs,0,1,1,0.0
HSLB,1,1,2,0.5
HSLD,1,0,1,1.0
HSLK,1,0,1,1.0
HSLL,1,0,1,1.0
HSLM,0,1,1,0.0
HSLN,1,0,1,1.0
HSLP,1,2,3,0.33
HSLS,2,0,2,1.0
HSLb,0,2,2,0.0
HSLh,1,0,1,1.0
HSLj,0,1,1,0.0
HSLl,1,0,1,1.0
HSLm,0,1,1,0.0
HSLn,0,3,3,0.0
HSLs,1,1,2,0.5
HSMB,4,2,6,0.67
HSMD,0,0,0,
HSML,1,0,1,1.0
HSMM,3,3,6,0.5
HSMN,4,1,5,0.8
HSMP,2,2,4,0.5
HSMS,7,5,12,0.58
HSMb,3,4,7,0.43
HSMh,1,3,4,0.25
HSMj,0,1,1,0.0
HSMl,2,2,4,0.5
HSMm,8,8,16,0.5
HSMn,6,6,12,0.5
HSMs,2,4,6,0.33
HSMt,1,0,1,1.0
HSNB,5,1,6,0.83
HSND,0,0,0,
HSNH,0,0,0,
HSNL,2,3,5,0.4
HSNM,2,1,3,0.67
HSNN,4,5,9,0.44
HSNP,3,4,7,0.43
HSNS,7,2,9,0.78
HSNb,2,0,2,1.0
HSNh,1,0,1,1.0
HSNl,2,1,3,0.67
HSNm,5,2,7,0.71
HSNn,1,4,5,0.2
HSNs,2,3,5,0.4
HSNt,0,0,0,
HSPB,2,0,2,1.0
HSPD,4,0,4,1.0
HSPH,0,3,3,0.0
HSPI,1,1,2,0.5
HSPK,1,3,4,0.25
HSPL,3,4,7,0.43
HSPM,3,2,5,0.6
HSPN,3,6,9,0.33
HSPP,8,11,19,0.42
HSPS,3,7,10,0.3
HSPb,5,2,7,0.71
HSPh,1,0,1,1.0
HSPl,0,2,2,0.0
HSPm,5,8,13,0.38
HSPn,2,4,6,0.33
HSPs,3,0,3,1.0
HSPt,2,0,2,1.0
HSSB,2,1,3,0.67
HSSD,1,5,6,0.17
HSSH,1,1,2,0.5
HSSL,5,0,5,1.0
HSSM,6,2,8,0.75
HSSN,2,1,3,0.67
HSSP,5,6,11,0.45
HSSS,6,7,13,0.46
HSSb,3,9,12,0.25
HSSh,4,3,7,0.57
HSSl,0,2,2,0.0
HSSm,5,7,12,0.42
HSSn,7,5,12,0.58
HSSs,15,3,18,0.83
HSSt,2,0,2,1.0
HSbB,3,2,5,0.6
HSbH,0,1,1,0.0
HSbL,0,2,2,0.0
HSbM,2,6,8,0.25
HSbN,7,1,8,0.88
HSbP,3,6,9,0.33
HSbS,0,3,3,0.0
HSbb,3,2,5,0.6
HSbl,2,2,4,0.5
HSbm,1,3,4,0.25
HSbn,2,3,5,0.4
HSbs,0,0,0,
HShB,0,1,1,0.0
HShH,1,0,1,1.0
HShI,1,0,1,1.0
HShL,2,0,2,1.0
HShM,3,1,4,0.75
HShN,2,0,2,1.0
HShP,1,1,2,0.5
HShS,7,0,7,1.0
HShb,1,2,3,0.33
HShh,2,1,3,0.67
HShm,4,1,5,0.8
HShn,2,3,5,0.4
HShs,3,3,6,0.5
HSlB,3,1,4,0.75
HSlD,3,1,4,0.75
HSlH,0,0,0,
HSlJ,0,1,1,0.0
HSlM,1,0,1,1.0
HSlN,2,1,3,0.67
HSlS,1,2,3,0.33
HSlb,3,0,3,1.0
HSll,0,1,1,0.0
HSlm,0,1,1,0.0
HSln,0,1,1,0.0
HSls,1,1,2,0.5
HSmB,2,5,7,0.29
HSmD,2,1,3,0.67
HSmH,7,1,8,0.88
HSmI,1,0,1,1.0
HSmJ,0,1,1,0.0
HSmL,1,3,4,0.25
HSmM,2,5,7,0.29
HSmN,6,5,11,0.55
HSmP,2,6,8,0.25
HSmS,3,4,7,0.43
HSmb,5,2,7,0.71
HSml,4,0,4,1.0
HSmm,8,5,13,0.62
HSmn,2,3,5,0.4
HSms,5,2,7,0.71
HSnB,1,4,5,0.2
HSnD,2,3,5,0.4
HSnH,1,2,3,0.33
HSnI,0,1,1,0.0
HSnL,1,2,3,0.33
HSnM,6,3,9,0.67
HSnN,3,1,4,0.75
HSnP,3,4,7,0.43
HSnS,6,5,11,0.55
HSnb,1,5,6,0.17
HSnl,0,1,1,0.0
HSnm,4,2,6,0.67
HSnn,3,5,8,0.38
HSns,2,4,6,0.33
HSsB,0,1,1,0.0
HSsD,2,1,3,0.67
HSsH,5,2,7,0.71
HSsL,1,0,1,1.0
HSsM,3,4,7,0.43
HSsN,1,4,5,0.2
HSsP,3,4,7,0.43
HSsS,4,6,10,0.4
HSsb,2,4,6,0.33
HSsl,0,0,0,
HSsm,4,12,16,0.25
HSsn,3,4,7,0.43
HSss,4,4,8,0.5
HStB,0,0,0,
HStM,0,0,0,
HStP,1,0,1,1.0
HStS,0,1,1,0.0
HbBB,2,2,4,0.5
HbBD,3,2,5,0.6
HbBL,2,0,2,1.0
HbBM,2,3,5,0.4
HbBN,1,2,3,0.33
HbBP,2,2,4,0.5
HbBS,4,0,4,1.0
HbBb,2,4,6,0.33
HbBh,1,0,1,1.0
HbBj,0,2,2,0.0
HbBl,3,1,4,0.75
HbBm,1,3,4,0.25
HbBn,2,4,6,0.33
HbBs,2,1,3,0.67
HbBt,0,1,1,0.0
HbDB,1,2,3,0.33
HbDD,1,0,1,1.0
HbDH,0,3,3,0.0
HbDL,1,0,1,1.0
HbDM,1,0,1,1.0
HbDN,1,2,3,0.33
HbDP,1,1,2,0.5
HbDS,0,0,0,
HbDb,2,2,4,0.5
HbDl,1,0,1,1.0
HbDm,3,2,5,0.6
HbHB,2,1,3,0.67
HbHM,1,1,2,0.5
HbHP,2,0,2,1.0
HbHb,1,1,2,0.5
HbHm,0,2,2,0.0
HbHs,1,0,1,1.0
HbIB,1,0,1,1.0
HbID,0,1,1,0.0
HbIH,1,0,1,1.0
HbJB,0,3,3,0.0
HbJL,0,1,1,0.0
HbJN,2,2,4,0.5
HbJb,0,0,0,
HbJl,1,0,1,1.0
HbJm,1,2,3,0.33
HbJn,0,1,1,0.0
HbJs,0,0,0,
HbKB,2,0,2,1.0
HbKI,0,0,0,
HbKL,0,1,1,0.0
HbKP,0,1,1,0.0
HbKS,1,0,1,1.0
HbKh,0,1,1,0.0
HbKl,1,1,2,0.5
HbKm,4,2,6,0.67
HbKn,0,2,2,0.0
HbLB,2,0,2,1.0
HbLH,1,0,1,1.0
HbLL,0,1,1,0.0
HbLN,2,1,3,0.67
HbLP,3,2,5,0.6
HbLS,2,2,4,0.5
HbLb,2,3,5,0.4
HbLh,0,2,2,0.0
HbLm,2,5,7,0.29
HbLn,4,0,4,1.0
HbLs,1,3,4,0.25
HbMB,4,1,5,0.8
HbMD,3,1,4,0.75
HbML,2,1,3,0.67
HbMM,3,3,6,0.5
HbMN,2,3,5,0.4
HbMP,3,2,5,0.6
HbMS,1,0,1,1.0
HbMb,2,2,4,0.5
HbMh,2,6,8,0.25
HbMl,1,1,2,0.5
HbMm,7,5,12,0.58
HbMn,4,5,9,0.44
HbMs,2,4,6,0.33
HbNB,5,3,8,0.62
HbND,0,1,1,0.0
HbNH,1,1,2,0.5
HbNL,1,0,1,1.0
HbNM,8,4,12,0.67
HbNN,6,8,14,0.43
HbNP,2,6,8,0.25
HbNS,1,1,2,0.5
HbNb,4,1,5,0.8
HbNh,2,3,5,0.4
HbNl,3,0,3,1.0
HbNm,8,5,13,0.62
HbNn,1,5,6,0.17
HbNs,3,1,4,0.75
HbNt,1,0,1,1.0
HbPB,3,2,5,0.6
HbPD,1,2,3,0.33
HbPH,0,1,1,0.0
HbPL,2,3,5,0.4
HbPM,6,11,17,0.35
HbPN,3,6,9,0.33
HbPP,10,7,17,0.59
HbPS,6,1,7,0.86
HbPb,1,1,2,0.5
HbPl,1,0,1,1.0
HbPm,4,9,13,0.31
HbPn,5,7,12,0.42
HbPs,0,3,3,0.0
HbPt,0,3,3,0.0
HbSB,1,2,3,0.33
HbSD,1,0,1,1.0
HbSH,1,0,1,1.0
HbSK,1,0,1,1.0
HbSL,0,1,1,0.0
HbSM,1,4,5,0.2
HbSN,3,2,5,0.6
HbSP,3,1,4,0.75
HbSS,3,3,6,0.5
HbSb,1,0,1,1.0
HbSh,1,0,1,1.0
HbSl,1,0,1,1.0
HbSm,4,4,8,0.5
HbSn,1,2,3,0.33
HbSs,2,3,5,0.4
HbbB,5,2,7,0.71
HbbD,1,0,1,1.0
HbbH,0,2,2,0.0
HbbJ,0,1,1,0.0
HbbL,3,0,3,1.0
HbbM,3,4,7,0.43
HbbN,4,4,8,0.5
HbbP,6,5,11,0.55
HbbS,1,1,2,0.5
Hbbb,7,3,10,0.7
Hbbl,0,1,1,0.0
Hbbm,8,1,9,0.89
Hbbn,4,1,5,0.8
Hbbs,1,1,2,0.5
Hbhm,1,0,1,1.0
HblB,1,1,2,0.5
HblM,3,1,4,0.75
HblN,0,0,0,
HblP,0,2,2,0.0
HblS,1,0,1,1.0
Hblb,1,1,2,0.5
Hbll,0,1,1,0.0
Hblm,0,0,0,
Hbln,2,2,4,0.5
HbmB,4,1,5,0.8
HbmD,0,1,1,0.0
HbmH,3,1,4,0.75
HbmJ,0,1,1,0.0
HbmL,1,0,1,1.0
HbmM,4,3,7,0.57
HbmN,7,6,13,0.54
HbmP,8,1,9,0.89
HbmS,1,2,3,0.33
Hbmb,4,3,7,0.57
Hbml,2,0,2,1.0
Hbmm,3,6,9,0.33
Hbmn,5,2,7,0.71
Hbms,1,2,3,0.33
HbnB,2,3,5,0.4
HbnH,0,3,3,0.0
HbnI,0,0,0,
HbnK,1,0,1,1.0
HbnL,2,1,3,0.67
HbnM,6,2,8,0.75
HbnN,3,4,7,0.43
HbnP,5,4,9,0.56
HbnS,1,1,2,0.5
Hbnb,3,3,6,0.5
Hbnm,2,1,3,0.67
Hbnn,2,1,3,0.67
Hbns,1,1,2,0.5
HbsB,0,1,1,0.0
HbsD,1,1,2,0.5
HbsH,0,1,1,0.0
HbsM,1,2,3,0.33
HbsN,1,3,4,0.25
HbsP,4,0,4,1.0
HbsS,1,2,3,0.33
Hbsb,1,2,3,0.33
Hbsm,3,2,5,0.6
Hbsn,3,0,3,1.0
Hbss,1,3,4,0.25
Hbst,0,0,0,
HhBB,1,0,1,1.0
HhBD,0,0,0,
HhBL,0,1,1,0.0
HhBM,1,4,5,0.2
HhBN,1,1,2,0.5
HhBP,0,4,4,0.0
HhBS,1,1,2,0.5
HhBb,2,0,2,1.0
HhBm,1,1,2,0.5
HhBs,2,1,3,0.67
HhDD,0,0,0,
HhDH,1,2,3,0.33
HhDM,1,0,1,1.0
HhDN,0,0,0,
HhDS,2,1,3,0.67
HhDm,1,1,2,0.5
HhDn,0,0,0,
HhDs,0,2,2,0.0
HhHH,0,0,0,
HhHM,3,1,4,0.75
HhHN,1,0,1,1.0
HhHP,1,0,1,1.0
HhHS,0,1,1,0.0
HhHb,0,0,0,
HhHh,1,0,1,1.0
HhHm,0,0,0,
HhHn,1,1,2,0.5
HhHs,0,1,1,0.0
HhIH,1,0,1,1.0
HhIM,1,0,1,1.0
HhIN,0,0,0,
HhKb,1,0,1,1.0
HhLD,0,1,1,0.0
HhLN,0,1,1,0.0
HhLP,2,0,2,1.0
HhLS,0,1,1,0.0
HhLm,1,1,2,0.5
HhLn,3,1,4,0.75
HhMB,1,1,2,0.5
HhMD,0,1,1,0.0
HhMK,0,1,1,0.0
HhML,0,1,1,0.0
HhMM,1,5,6,0.17
HhMN,0,4,4,0.0
HhMP,2,4,6,0.33
HhMS,4,3,7,0.57
HhMb,2,0,2,1.0
HhMh,2,3,5,0.4
HhMl,2,0,2,1.0
HhMm,3,4,7,0.43
HhMn,4,0,4,1.0
HhMs,2,1,3,0.67
HhMt,1,0,1,1.0
HhNB,2,0,2,1.0
HhNH,0,1,1,0.0
HhNK,1,0,1,1.0
HhNL,3,0,3,1.0
HhNM,2,4,6,0.33
HhNN,2,1,3,0.67
HhNP,0,0,0,
HhNS,3,0,3,1.0
HhNb,4,1,5,0.8
HhNl,0,1,1,0.0
HhNm,1,1,2,0.5
HhNn,1,2,3,0.33
HhNs,2,1,3,0.67
HhPB,1,2,3,0.33
HhPD,2,0,2,1.0
HhPH,1,2,3,0.33
HhPI,1,0,1,1.0
HhPK,0,1,1,0.0
HhPL,0,1,1,0.0
HhPM,1,3,4,0.25
HhPN,3,2,5,0.6
HhPP,1,5,6,0.17
HhPS,1,0,1,1.0
HhPb,5,0,5,1.0
HhPh,1,0,1,1.0
HhPl,1,0,1,1.0
HhPm,3,1,4,0.75
HhPn,5,1,6,0.83
HhPs,2,1,3,0.67
HhPt,1,0,1,1.0
HhSB,1,0,1,1.0
HhSD,0,1,1,0.0
HhSL,1,0,1,1.0
HhSM,1,4,5,0.2
HhSN,3,3,6,0.5
HhSP,1,4,5,0.2
HhSS,1,0,1,1.0
HhSb,2,2,4,0.5
HhSh,0,3,3,0.0
HhSl,0,1,1,0.0
HhSm,2,1,3,0.67
HhSn,2,0,2,1.0
HhSs,2,1,3,0.67
HhSt,0,0,0,
HhbB,0,2,2,0.0
HhbD,1,0,1,1.0
HhbI,1,0,1,1.0
HhbJ,0,0,0,
HhbK,0,0,0,
HhbM,2,3,5,0.4
HhbN,2,1,3,0.67
HhbP,1,4,5,0.2
HhbS,2,2,4,0.5
Hhbb,0,2,2,0.0
Hhbm,2,3,5,0.4
Hhbn,1,3,4,0.25
HhhB,3,1,4,0.75
HhhH,1,1,2,0.5
HhhL,0,1,1,0.0
HhhM,3,3,6,0.5
HhhN,1,1,2,0.5
HhhP,3,1,4,0.75
HhhS,1,2,3,0.33
Hhhb,2,1,3,0.67
Hhhh,1,3,4,0.25
Hhhm,2,0,2,1.0
Hhhn,1,2,3,0.33
Hhhs,2,2,4,0.5
HhlD,0,1,1,0.0
HhlH,1,0,1,1.0
HhlL,1,0,1,1.0
HhlM,1,2,3,0.33
HhlN,1,0,1,1.0
HhlP,2,0,2,1.0
HhlS,1,0,1,1.0
Hhlb,0,1,1,0.0
Hhll,0,1,1,0.0
Hhlm,5,1,6,0.83
Hhln,0,0,0,
Hhls,0,1,1,0.0
HhmB,4,1,5,0.8
HhmD,0,0,0,
HhmH,2,4,6,0.33
HhmL,2,1,3,0.67
HhmM,5,3,8,0.62
HhmN,1,1,2,0.5
HhmP,1,1,2,0.5
HhmS,3,0,3,1.0
Hhmb,2,5,7,0.29
Hhmm,8,5,13,0.62
Hhmn,1,2,3,0.33
Hhms,1,4,5,0.2
HhnB,0,1,1,0.0
HhnD,1,0,1,1.0
HhnH,1,1,2,0.5
HhnL,0,1,1,0.0
HhnM,0,3,3,0.0
HhnN,0,2,2,0.0
HhnP,0,1,1,0.0
HhnS,5,0,5,1.0
Hhnb,1,2,3,0.33
Hhnm,3,2,5,0.6
Hhnn,2,1,3,0.67
Hhns,2,1,3,0.67
HhsB,0,2,2,0.0
HhsD,0,1,1,0.0
HhsH,1,1,2,0.5
HhsI,1,0,1,1.0
HhsL,1,0,1,1.0
HhsM,1,1,2,0.5
HhsN,1,1,2,0.5
HhsP,3,1,4,0.75
HhsS,1,2,3,0.33
Hhsb,0,1,1,0.0
Hhsl,0,1,1,0.0
Hhsm,2,2,4,0.5
Hhsn,2,2,4,0.5
Hhss,1,4,5,0.2
HhtP,0,1,1,0.0
HlBB,0,1,1,0.0
HlBD,2,0,2,1.0
HlBN,0,1,1,0.0
HlBP,1,4,5,0.2
HlBb,2,1,3,0.67
HlBj,2,0,2,1.0
HlBm,2,1,3,0.67
HlBn,4,0,4,1.0
HlBs,0,1,1,0.0
HlBt,1,0,1,1.0
HlDB,1,1,2,0.5
HlDN,1,0,1,1.0
HlDP,0,0,0,
HlDS,1,1,2,0.5
HlDs,1,0,1,1.0
HlHB,1,2,3,0.33
HlHK,0,0,0,
HlHL,1,0,1,1.0
HlHM,1,2,3,0.33
HlHN,0,0,0,
HlHP,2,0,2,1.0
HlHS,0,1,1,0.0
HlHb,0,2,2,0.0
HlHh,1,1,2,0.5
HlHl,0,0,0,
HlHm,0,0,0,
HlIH,1,0,1,1.0
HlJD,1,0,1,1.0
HlJI,0,1,1,0.0
HlJM,0,1,1,0.0
HlJb,1,1,2,0.5
HlJm,1,2,3,0.33
HlJs,0,1,1,0.0
HlKS,0,0,0,
HlLB,0,1,1,0.0
HlLD,0,0,0,
HlLL,0,1,1,0.0
HlLM,0,2,2,0.0
HlLN,1,1,2,0.5
HlLP,2,1,3,0.67
HlLS,2,0,2,1.0
HlLb,1,0,1,1.0
HlLj,0,1,1,0.0
HlLl,1,0,1,1.0
HlLm,0,1,1,0.0
HlLn,1,2,3,0.33
HlLs,0,1,1,0.0
HlMB,0,1,1,0.0
HlML,0,2,2,0.0
HlMM,1,2,3,0.33
HlMN,0,4,4,0.0
HlMP,3,4,7,0.43
HlMS,3,1,4,0.75
HlMb,1,1,2,0.5
HlMh,0,4,4,0.0
HlMl,1,0,1,1.0
HlMm,0,1,1,0.0
HlMn,0,1,1,0.0
HlMs,0,0,0,
HlNB,2,1,3,0.67
HlNH,1,1,2,0.5
HlNM,2,4,6,0.33
HlNN,3,3,6,0.5
HlNP,3,0,3,1.0
HlNS,1,2,3,0.33
HlNh,0,0,0,
HlNl,2,0,2,1.0
HlNm,0,0,0,
HlNn,2,1,3,0.67
HlNs,0,1,1,0.0
HlNt,2,0,2,1.0
HlPD,1,0,1,1.0
HlPH,1,2,3,0.33
HlPK,1,0,1,1.0
HlPL,0,1,1,0.0
HlPM,3,1,4,0.75
HlPN,2,2,4,0.5
HlPP,3,2,5,0.6
HlPS,0,1,1,0.0
HlPb,0,2,2,0.0
HlPh,1,2,3,0.33
HlPl,1,1,2,0.5
HlPm,5,0,5,1.0
HlPn,2,1,3,0.67
HlSB,2,0,2,1.0
HlSD,0,1,1,0.0
HlSH,1,0,1,1.0
HlSM,0,0,0,
HlSN,0,2,2,0.0
HlSP,2,0,2,1.0
HlSS,0,1,1,0.0
HlSb,0,2,2,0.0
HlSl,0,1,1,0.0
HlSm,0,1,1,0.0
HlSn,1,1,2,0.5
HlSs,1,0,1,1.0
HlbH,1,0,1,1.0
HlbJ,1,0,1,1.0
HlbK,0,1,1,0.0
HlbL,1,0,1,1.0
HlbM,4,0,4,1.0
HlbN,0,1,1,0.0
HlbP,2,0,2,1.0
HlbS,1,1,2,0.5
Hlbb,2,1,3,0.67
Hlbl,1,0,1,1.0
Hlbm,3,1,4,0.75
Hlbs,2,0,2,1.0
HllH,1,0,1,1.0
HllL,0,0,0,
HllN,1,0,1,1.0
HllS,1,0,1,1.0
Hllb,0,0,0,
Hllm,2,0,2,1.0
Hlln,1,0,1,1.0
HlmD,1,0,1,1.0
HlmH,2,0,2,1.0
HlmI,0,1,1,0.0
HlmL,0,1,1,0.0
HlmM,1,1,2,0.5
HlmN,0,4,4,0.0
HlmS,0,1,1,0.0
Hlmb,3,2,5,0.6
Hlmm,2,2,4,0.5
Hlmn,2,1,3,0.67
Hlms,0,1,1,0.0
HlnB,0,1,1,0.0
HlnD,1,0,1,1.0
HlnH,0,0,0,
HlnL,0,0,0,
HlnM,0,0,0,
HlnN,3,0,3,1.0
HlnP,2,2,4,0.5
Hlnb,1,1,2,0.5
Hlnm,1,2,3,0.33
Hlnn,1,1,2,0.5
HlsB,1,1,2,0.5
HlsH,0,1,1,0.0
HlsI,0,1,1,0.0
HlsL,1,0,1,1.0
HlsM,2,0,2,1.0
HlsP,2,0,2,1.0
HlsS,1,0,1,1.0
Hlsl,1,0,1,1.0
Hlsm,2,0,2,1.0
Hlsn,0,2,2,0.0
Hlss,2,1,3,0.67
HmBB,1,2,3,0.33
HmBD,3,0,3,1.0
HmBK,0,2,2,0.0
HmBL,3,2,5,0.6
HmBM,4,3,7,0.57
HmBN,6,5,11,0.55
HmBP,5,4,9,0.56
HmBS,3,2,5,0.6
HmBb,5,5,10,0.5
HmBj,1,2,3,0.33
HmBl,1,0,1,1.0
HmBm,6,5,11,0.55
HmBn,9,3,12,0.75
HmBs,2,1,3,0.67
HmBt,0,1,1,0.0
HmDB,2,1,3,0.67
HmDD,0,1,1,0.0
HmDH,0,1,1,0.0
HmDL,0,1,1,0.0
HmDM,3,0,3,1.0
HmDN,2,0,2,1.0
HmDP,1,1,2,0.5
HmDS,3,1,4,0.75
HmDb,3,1,4,0.75
HmDl,0,1,1,0.0
HmDm,4,2,6,0.67
HmDn,0,3,3,0.0
HmDs,0,3,3,0.0
HmDt,1,0,1,1.0
HmHB,0,3,3,0.0
HmHD,2,1,3,0.67
HmHH,1,1,2,0.5
HmHL,1,0,1,1.0
HmHM,7,9,16,0.44
HmHN,3,8,11,0.27
HmHP,9,4,13,0.69
HmHS,7,4,11,0.64
HmHb,6,7,13,0.46
HmHh,5,4,9,0.56
HmHl,1,0,1,1.0
HmHm,2,7,9,0.22
HmHn,2,3,5,0.4
HmHs,2,2,4,0.5
HmIB,0,1,1,0.0
HmIL,0,1,1,0.0
HmIM,1,0,1,1.0
HmIS,0,1,1,0.0
HmJD,2,0,2,1.0
HmJH,1,0,1,1.0
HmJM,2,1,3,0.67
HmJN,1,1,2,0.5
HmJP,0,1,1,0.0
HmJS,0,1,1,0.0
HmJh,1,0,1,1.0
HmJm,1,1,2,0.5
HmJn,1,0,1,1.0
HmJs,0,1,1,0.0
HmKh,1,0,1,1.0
HmKn,0,1,1,0.0
HmLB,1,3,4,0.25
HmLD,1,0,1,1.0
HmLK,0,0,0,
HmLM,4,2,6,0.67
HmLN,5,1,6,0.83
HmLP,1,3,4,0.25
HmLS,3,1,4,0.75
HmLb,3,1,4,0.75
HmLm,2,1,3,0.67
HmLn,0,1,1,0.0
HmMB,2,5,7,0.29
HmMD,3,3,6,0.5
HmMK,1,0,1,1.0
HmML,0,2,2,0.0
HmMM,6,9,15,0.4
HmMN,7,5,12,0.58
HmMP,6,10,16,0.38
HmMS,6,3,9,0.67
HmMb,6,2,8,0.75
HmMh,6,5,11,0.55
HmMj,0,1,1,0.0
HmMl,1,2,3,0.33
HmMm,7,8,15,0.47
HmMn,6,12,18,0.33
HmMs,4,6,10,0.4
HmMt,1,0,1,1.0
HmNB,1,2,3,0.33
HmND,2,3,5,0.4
HmNH,1,0,1,1.0
HmNK,1,1,2,0.5
HmNL,1,2,3,0.33
HmNM,2,4,6,0.33
HmNN,4,10,14,0.29
HmNP,8,10,18,0.44
HmNS,3,2,5,0.6
HmNb,5,5,10,0.5
HmNh,2,1,3,0.67
HmNl,2,2,4,0.5
HmNm,5,2,7,0.71
HmNn,4,7,11,0.36
HmNs,5,6,11,0.45
HmNt,1,0,1,1.0
HmPB,4,3,7,0.57
HmPD,0,3,3,0.0
HmPH,1,3,4,0.25
HmPI,0,0,0,
HmPK,0,3,3,0.0
HmPL,1,3,4,0.25
HmPM,10,6,16,0.62
HmPN,9,4,13,0.69
HmPP,7,4,11,0.64
HmPS,3,1,4,0.75
HmPb,8,3,11,0.73
HmPl,1,5,6,0.17
HmPm,5,6,11,0.45
HmPn,4,7,11,0.36
HmPs,5,7,12,0.42
HmPt,1,0,1,1.0
HmSB,4,3,7,0.57
HmSD,2,1,3,0.67
HmSH,3,4,7,0.43
HmSM,3,6,9,0.33
HmSN,4,2,6,0.67
HmSP,5,7,12,0.42
HmSS,4,2,6,0.67
HmSb,1,2,3,0.33
HmSh,5,1,6,0.83
HmSl,0,1,1,0.0
HmSm,0,6,6,0.0
HmSn,7,6,13,0.54
HmSs,1,3,4,0.25
HmbB,3,5,8,0.38
HmbD,1,0,1,1.0
HmbH,1,1,2,0.5
HmbJ,2,0,2,1.0
HmbK,2,2,4,0.5
HmbL,0,4,4,0.0
HmbM,5,7,12,0.42
HmbN,7,6,13,0.54
HmbP,3,8,11,0.27
HmbS,3,3,6,0.5
Hmbb,3,3,6,0.5
Hmbl,1,1,2,0.5
Hmbm,3,4,7,0.43
Hmbn,8,5,13,0.62
Hmbs,2,2,4,0.5
HmhD,1,0,1,1.0
HmhM,1,0,1,1.0
Hmhh,1,0,1,1.0
HmlB,0,2,2,0.0
HmlH,0,0,0,
HmlJ,0,1,1,0.0
HmlL,0,1,1,0.0
HmlM,1,3,4,0.25
HmlN,0,3,3,0.0
HmlP,2,1,3,0.67
HmlS,0,0,0,
Hmlb,0,2,2,0.0
Hmlm,0,2,2,0.0
Hmln,1,2,3,0.33
Hmls,0,1,1,0.0
HmmB,7,5,12,0.58
HmmD,3,2,5,0.6
HmmH,3,5,8,0.38
HmmK,0,0,0,
HmmL,1,5,6,0.17
HmmM,7,10,17,0.41
HmmN,3,4,7,0.43
HmmP,6,4,10,0.6
HmmS,6,2,8,0.75
Hmmb,4,5,9,0.44
Hmmh,0,1,1,0.0
Hmml,0,0,0,
Hmmm,4,8,12,0.33
Hmmn,4,5,9,0.44
Hmms,3,4,7,0.43
HmnB,4,3,7,0.57
HmnD,2,0,2,1.0
HmnH,2,4,6,0.33
HmnK,1,0,1,1.0
HmnL,1,2,3,0.33
HmnM,5,6,11,0.45
HmnN,5,5,10,0.5
HmnP,6,10,16,0.38
HmnS,2,2,4,0.5
Hmnb,4,4,8,0.5
Hmnl,1,1,2,0.5
Hmnm,3,5,8,0.38
Hmnn,4,4,8,0.5
Hmns,3,1,4,0.75
HmsB,3,2,5,0.6
HmsD,3,0,3,1.0
HmsH,1,3,4,0.25
HmsL,1,1,2,0.5
HmsM,3,1,4,0.75
HmsN,2,4,6,0.33
HmsP,3,4,7,0.43
HmsS,1,4,5,0.2
Hmsb,3,1,4,0.75
Hmsl,1,1,2,0.5
Hmsm,3,4,7,0.43
Hmsn,2,2,4,0.5
Hmss,3,3,6,0.5
HnBB,2,5,7,0.29
HnBD,2,1,3,0.67
HnBK,2,0,2,1.0
HnBL,1,0,1,1.0
HnBM,5,4,9,0.56
HnBN,3,3,6,0.5
HnBP,4,5,9,0.44
HnBS,3,3,6,0.5
HnBb,2,3,5,0.4
HnBh,0,1,1,0.0
HnBj,0,1,1,0.0
HnBl,1,1,2,0.5
HnBm,1,1,2,0.5
HnBn,3,9,12,0.25
HnBs,2,2,4,0.5
HnDD,1,0,1,1.0
HnDH,2,0,2,1.0
HnDL,0,1,1,0.0
HnDM,2,0,2,1.0
HnDN,0,2,2,0.0
HnDP,2,2,4,0.5
HnDS,2,0,2,1.0
HnDl,1,1,2,0.5
HnDm,0,2,2,0.0
HnDs,2,1,3,0.67
HnDt,0,0,0,
HnHB,0,2,2,0.0
HnHD,2,0,2,1.0
HnHH,1,0,1,1.0
HnHK,0,0,0,
HnHL,1,2,3,0.33
HnHM,2,6,8,0.25
HnHN,6,4,10,0.6
HnHP,2,2,4,0.5
HnHS,1,3,4,0.25
HnHb,3,2,5,0.6
HnHh,0,1,1,0.0
HnHl,2,0,2,1.0
HnHm,1,1,2,0.5
HnHn,4,1,5,0.8
HnHs,1,2,3,0.33
HnHt,1,0,1,1.0
HnIB,0,0,0,
HnIH,1,0,1,1.0
HnIM,1,0,1,1.0
HnIP,1,0,1,1.0
HnIb,2,0,2,1.0
HnIm,1,0,1,1.0
HnIs,1,2,3,0.33
HnKB,1,1,2,0.5
HnKD,1,0,1,1.0
HnKM,0,1,1,0.0
HnKN,0,0,0,
HnKP,0,0,0,
HnKS,1,2,3,0.33
HnKh,0,4,4,0.0
HnKm,0,0,0,
HnKs,0,0,0,
HnKt,0,0,0,
HnLB,1,3,4,0.25
HnLL,0,1,1,0.0
HnLM,2,1,3,0.67
HnLN,0,0,0,
HnLP,3,4,7,0.43
HnLS,2,0,2,1.0
HnLh,1,0,1,1.0
HnLl,1,2,3,0.33
HnLm,0,2,2,0.0
HnLn,1,1,2,0.5
HnLs,0,3,3,0.0
HnLt,0,2,2,0.0
HnMB,1,4,5,0.2
HnMD,3,1,4,0.75
HnMK,0,1,1,0.0
HnML,0,3,3,0.0
HnMM,8,6,14,0.57
HnMN,3,2,5,0.6
HnMP,11,6,17,0.65
HnMS,2,2,4,0.5
HnMb,4,0,4,1.0
HnMh,3,3,6,0.5
HnMl,2,0,2,1.0
HnMm,5,6,11,0.45
HnMn,10,11,21,0.48
HnMs,3,3,6,0.5
HnNB,10,4,14,0.71
HnND,0,2,2,0.0
HnNH,1,1,2,0.5
HnNK,1,0,1,1.0
HnNL,1,1,2,0.5
HnNM,6,5,11,0.55
HnNN,3,7,10,0.3
HnNP,8,7,15,0.53
HnNS,6,5,11,0.55
HnNb,5,2,7,0.71
HnNh,2,4,6,0.33
HnNl,1,2,3,0.33
HnNm,5,4,9,0.56
HnNn,6,4,10,0.6
HnNs,4,3,7,0.57
HnNt,0,1,1,0.0
HnPB,3,3,6,0.5
HnPD,2,2,4,0.5
HnPH,0,3,3,0.0
HnPI,0,1,1,0.0
HnPK,0,2,2,0.0
HnPL,3,2,5,0.6
HnPM,10,6,16,0.62
HnPN,7,8,15,0.47
HnPP,9,8,17,0.53
HnPS,7,11,18,0.39
HnPb,6,2,8,0.75
HnPl,2,2,4,0.5
HnPm,4,8,12,0.33
HnPn,3,5,8,0.38
HnPs,4,7,11,0.36
HnPt,0,0,0,
HnSB,3,1,4,0.75
HnSD,0,0,0,
HnSH,2,3,5,0.4
HnSL,3,0,3,1.0
HnSM,2,3,5,0.4
HnSN,7,5,12,0.58
HnSP,4,4,8,0.5
HnSS,5,2,7,0.71
HnSb,1,1,2,0.5
HnSh,4,2,6,0.67
HnSl,2,1,3,0.67
HnSm,8,6,14,0.57
HnSn,3,7,10,0.3
HnSs,5,3,8,0.62
HnSt,0,2,2,0.0
HnbB,2,1,3,0.67
HnbD,0,1,1,0.0
HnbI,1,0,1,1.0
HnbJ,1,0,1,1.0
HnbK,0,3,3,0.0
HnbL,1,1,2,0.5
HnbM,1,5,6,0.17
HnbN,5,1,6,0.83
HnbP,3,8,11,0.27
HnbS,4,4,8,0.5
Hnbb,5,7,12,0.42
Hnbl,1,0,1,1.0
Hnbm,6,1,7,0.86
Hnbn,2,4,6,0.33
Hnbs,0,2,2,0.0
HnhH,2,0,2,1.0
HnhS,0,1,1,0.0
Hnhb,0,1,1,0.0
HnlH,2,0,2,1.0
HnlL,0,2,2,0.0
HnlM,2,0,2,1.0
HnlN,0,0,0,
HnlP,0,1,1,0.0
Hnlb,0,1,1,0.0
Hnln,0,2,2,0.0
Hnls,0,1,1,0.0
HnmB,6,3,9,0.67
HnmD,1,2,3,0.33
HnmH,5,4,9,0.56
HnmI,2,0,2,1.0
HnmL,1,2,3,0.33
HnmM,7,4,11,0.64
HnmN,4,3,7,0.57
HnmP,7,9,16,0.44
HnmS,1,4,5,0.2
Hnmb,4,5,9,0.44
Hnml,0,1,1,0.0
Hnmm,3,3,6,0.5
Hnmn,6,1,7,0.86
HnnB,3,3,6,0.5
HnnD,2,3,5,0.4
HnnH,2,3,5,0.4
HnnI,2,0,2,1.0
HnnK,2,0,2,1.0
HnnL,2,1,3,0.67
HnnM,7,6,13,0.54
HnnN,5,5,10,0.5
HnnP,5,6,11,0.45
HnnS,4,3,7,0.57
Hnnb,2,4,6,0.33
Hnnl,3,1,4,0.75
Hnnm,5,3,8,0.62
Hnnn,6,4,10,0.6
Hnns,2,3,5,0.4
HnsB,2,3,5,0.4
HnsD,1,1,2,0.5
HnsH,3,5,8,0.38
HnsI,1,0,1,1.0
HnsL,1,3,4,0.25
HnsM,4,3,7,0.57
HnsN,2,3,5,0.4
HnsP,3,2,5,0.6
HnsS,6,5,11,0.55
Hnsb,1,2,3,0.33
Hnsl,0,0,0,
Hnsm,3,1,4,0.75
Hnsn,3,1,4,0.75
Hnss,6,6,12,0.5
HsBB,2,1,3,0.67
HsBD,0,1,1,0.0
HsBL,1,2,3,0.33
HsBM,1,2,3,0.33
HsBN,1,1,2,0.5
HsBP,4,3,7,0.57
HsBb,1,0,1,1.0
HsBh,0,1,1,0.0
HsBj,1,0,1,1.0
HsBm,3,1,4,0.75
HsBn,4,1,5,0.8
HsBs,1,1,2,0.5
HsDB,0,2,2,0.0
HsDD,0,1,1,0.0
HsDH,0,2,2,0.0
HsDL,0,1,1,0.0
HsDM,1,2,3,0.33
HsDN,1,3,4,0.25
HsDS,1,1,2,0.5
HsDb,0,3,3,0.0
HsDl,0,1,1,0.0
HsDm,1,1,2,0.5
HsDn,1,0,1,1.0
HsDs,1,2,3,0.33
HsHB,6,2,8,0.75
HsHD,1,1,2,0.5
HsHH,1,1,2,0.5
HsHK,0,1,1,0.0
HsHL,2,3,5,0.4
HsHM,6,7,13,0.46
HsHN,3,1,4,0.75
HsHP,7,2,9,0.78
HsHS,6,1,7,0.86
HsHb,2,2,4,0.5
HsHh,4,1,5,0.8
HsHl,3,0,3,1.0
HsHm,1,0,1,1.0
HsHn,4,1,5,0.8
HsHs,3,9,12,0.25
HsHt,1,2,3,0.33
HsID,0,1,1,0.0
HsIH,1,0,1,1.0
HsIM,1,0,1,1.0
HsIP,1,0,1,1.0
HsIS,0,1,1,0.0
HsIm,0,1,1,0.0
HsIn,0,0,0,
HsKB,1,0,1,1.0
HsLB,4,1,5,0.8
HsLD,0,1,1,0.0
HsLK,1,0,1,1.0
HsLL,0,0,0,
HsLM,3,5,8,0.38
HsLN,2,1,3,0.67
HsLP,1,0,1,1.0
HsLS,2,2,4,0.5
HsLb,0,1,1,0.0
HsLh,0,0,0,
HsLj,1,0,1,1.0
HsLm,0,1,1,0.0
HsLn,2,0,2,1.0
HsLs,0,1,1,0.0
HsMB,5,2,7,0.71
HsMD,0,1,1,0.0
HsML,2,1,3,0.67
HsMM,5,2,7,0.71
HsMN,3,2,5,0.6
HsMP,2,3,5,0.4
HsMS,2,3,5,0.4
HsMb,2,1,3,0.67
HsMh,1,1,2,0.5
HsMl,1,4,5,0.2
HsMm,9,3,12,0.75
HsMn,2,7,9,0.22
HsMs,2,1,3,0.67
HsMt,1,0,1,1.0
HsNB,2,2,4,0.5
HsND,0,1,1,0.0
HsNH,0,1,1,0.0
HsNK,0,0,0,
HsNL,1,1,2,0.5
HsNM,4,2,6,0.67
HsNN,2,3,5,0.4
HsNP,6,3,9,0.67
HsNS,4,1,5,0.8
HsNb,0,1,1,0.0
HsNh,1,0,1,1.0
HsNl,2,1,3,0.67
HsNm,1,0,1,1.0
HsNn,6,3,9,0.67
HsNs,1,1,2,0.5
HsNt,1,1,2,0.5
HsPB,5,0,5,1.0
HsPD,3,1,4,0.75
HsPH,1,0,1,1.0
HsPK,1,1,2,0.5
HsPL,3,1,4,0.75
HsPM,3,5,8,0.38
HsPN,4,5,9,0.44
HsPP,3,4,7,0.43
HsPS,4,4,8,0.5
HsPb,4,4,8,0.5
HsPh,0,0,0,
HsPl,1,2,3,0.33
HsPm,2,5,7,0.29
HsPn,6,1,7,0.86
HsPs,1,5,6,0.17
HsPt,0,0,0,
HsSB,0,4,4,0.0
HsSD,2,3,5,0.4
HsSH,2,2,4,0.5
HsSK,0,0,0,
HsSL,0,1,1,0.0
HsSM,4,7,11,0.36
HsSN,6,2,8,0.75
HsSP,2,2,4,0.5
HsSS,8,5,13,0.62
HsSb,2,1,3,0.67
HsSh,1,3,4,0.25
HsSl,1,0,1,1.0
HsSm,4,1,5,0.8
HsSn,2,5,7,0.29
HsSs,6,3,9,0.67
HsbB,4,0,4,1.0
HsbD,0,0,0,
HsbH,3,0,3,1.0
HsbJ,2,0,2,1.0
HsbK,1,1,2,0.5
HsbL,0,1,1,0.0
HsbM,2,1,3,0.67
HsbN,7,1,8,0.88
HsbP,3,1,4,0.75
HsbS,1,1,2,0.5
Hsbb,1,2,3,0.33
Hsbl,1,1,2,0.5
Hsbm,2,3,5,0.4
Hsbn,2,2,4,0.5
Hsbs,1,0,1,1.0
HshB,0,1,1,0.0
HshL,1,0,1,1.0
HshN,1,0,1,1.0
Hshb,0,1,1,0.0
Hshs,0,2,2,0.0
HslB,4,2,6,0.67
HslH,0,0,0,
HslJ,1,0,1,1.0
HslM,2,0,2,1.0
HslN,1,2,3,0.33
HslP,2,0,2,1.0
Hslb,1,1,2,0.5
Hslm,2,1,3,0.67
Hsln,0,3,3,0.0
Hsls,0,1,1,0.0
HsmB,7,3,10,0.7
HsmD,2,3,5,0.4
HsmH,4,2,6,0.67
HsmJ,2,2,4,0.5
HsmL,1,3,4,0.25
HsmM,2,7,9,0.22
HsmN,5,7,12,0.42
HsmP,3,6,9,0.33
HsmS,1,4,5,0.2
Hsmb,2,3,5,0.4
Hsml,1,1,2,0.5
Hsmm,3,2,5,0.6
Hsmn,5,7,12,0.42
Hsms,3,1,4,0.75
HsnB,2,1,3,0.67
HsnD,0,0,0,
HsnH,0,1,1,0.0
HsnI,0,0,0,
HsnL,0,0,0,
HsnM,1,2,3,0.33
HsnN,5,6,11,0.45
HsnP,3,8,11,0.27
HsnS,2,6,8,0.25
Hsnb,4,1,5,0.8
Hsnl,1,2,3,0.33
Hsnm,4,6,10,0.4
Hsnn,5,3,8,0.62
Hsns,2,3,5,0.4
HssB,1,2,3,0.33
HssD,1,1,2,0.5
HssH,3,6,9,0.33
HssI,1,0,1,1.0
HssL,0,2,2,0.0
HssM,3,5,8,0.38
HssN,4,3,7,0.57
HssP,7,3,10,0.7
HssS,4,4,8,0.5
Hssb,4,3,7,0.57
Hssh,1,0,1,1.0
Hssl,0,1,1,0.0
Hssm,2,2,4,0.5
Hssn,1,2,3,0.33
Hsss,7,5,12,0.58
HstS,0,1,1,0.0
HtBL,0,1,1,0.0
HtBM,1,0,1,1.0
HtBP,0,0,0,
HtBb,0,1,1,0.0
HtBm,1,0,1,1.0
HtBn,0,1,1,0.0
HtHn,1,0,1,1.0
HtID,1,0,1,1.0
HtKP,1,0,1,1.0
HtKn,0,1,1,0.0
HtLL,0,0,0,
HtMB,0,1,1,0.0
HtMn,0,1,1,0.0
HtNN,1,0,1,1.0
HtNS,0,1,1,0.0
HtNn,1,0,1,1.0
HtPI,0,1,1,0.0
HtPN,0,2,2,0.0
HtPP,1,0,1,1.0
HtPS,0,1,1,0.0
HtPb,0,1,1,0.0
HtPn,1,1,2,0.5
HtSM,0,1,1,0.0
HtSP,0,0,0,
HtSS,1,0,1,1.0
HtSm,1,0,1,1.0
HtSs,1,0,1,1.0
HtbN,1,0,1,1.0
HtbP,0,1,1,0.0
Htbm,1,0,1,1.0
Htbs,0,1,1,0.0
HthN,1,0,1,1.0
HtlH,0,0,0,
Htln,0,1,1,0.0
HtmB,1,0,1,1.0
HtmJ,0,0,0,
HtmL,0,1,1,0.0
HtmM,1,0,1,1.0
HtmS,0,1,1,0.0
Htmm,0,1,1,0.0
HtnB,2,0,2,1.0
HtnN,0,1,1,0.0
Htnb,1,0,1,1.0
Htnm,1,0,1,1.0
Htnn,0,0,0,
HtsH,0,2,2,0.0
HtsM,1,1,2,0.5
HtsN,1,0,1,1.0
Htsb,0,1,1,0.0
Htsn,1,0,1,1.0
HttB,1,0,1,1.0
IBBB,2,2,4,0.5
IBBD,0,0,0,
IBBM,1,0,1,1.0
IBBN,1,0,1,1.0
IBBn,0,1,1,0.0
IBBt,0,0,0,
IBDB,0,0,0,
IBDL,1,0,1,1.0
IBDN,0,1,1,0.0
IBDS,1,0,1,1.0
IBDb,0,1,1,0.0
IBKb,1,0,1,1.0
IBKh,0,0,0,
IBKl,0,0,0,
IBKm,0,1,1,0.0
IBLP,0,2,2,0.0
IBLS,0,1,1,0.0
IBLh,1,0,1,1.0
IBLn,0,0,0,
IBMB,0,0,0,
IBMM,0,1,1,0.0
IBMN,0,1,1,0.0
IBMb,0,1,1,0.0
IBMh,1,1,2,0.5
IBMm,0,0,0,
IBMn,3,0,3,1.0
IBND,1,0,1,1.0
IBNM,1,1,2,0.5
IBNP,1,0,1,1.0
IBNb,1,0,1,1.0
IBNh,1,0,1,1.0
IBNm,0,1,1,0.0
IBNn,1,0,1,1.0
IBNs,1,0,1,1.0
IBPB,2,0,2,1.0
IBPL,0,0,0,
IBPM,0,3,3,0.0
IBPN,1,1,2,0.5
IBPP,3,1,4,0.75
IBPm,1,2,3,0.33
IBPn,1,1,2,0.5
IBSB,0,1,1,0.0
IBSL,0,1,1,0.0
IBSN,0,1,1,0.0
IBSP,0,0,0,
IBSb,1,0,1,1.0
IBSl,1,0,1,1.0
IBSm,0,1,1,0.0
IBSn,0,0,0,
IBbH,1,1,2,0.5
IBbJ,0,0,0,
IBbN,1,0,1,1.0
IBbP,0,2,2,0.0
IBbS,0,2,2,0.0
IBbb,0,0,0,
IBbs,1,1,2,0.5
IBhm,1,0,1,1.0
IBjM,0,1,1,0.0
IBjS,0,1,1,0.0
IBlH,1,0,1,1.0
IBlL,0,0,0,
IBlM,1,0,1,1.0
IBlS,0,1,1,0.0
IBlb,0,1,1,0.0
IBmB,1,0,1,1.0
IBmH,0,0,0,
IBmM,1,0,1,1.0
IBmN,1,2,3,0.33
IBmP,0,0,0,
IBmS,1,0,1,1.0
IBml,1,0,1,1.0
IBmm,0,1,1,0.0
IBmn,1,0,1,1.0
IBms,3,0,3,1.0
IBnB,0,0,0,
IBnD,0,1,1,0.0
IBnL,0,0,0,
IBnM,0,1,1,0.0
IBnN,2,2,4,0.5
IBnP,0,3,3,0.0
IBnS,0,0,0,
IBnl,1,0,1,1.0
IBnn,1,1,2,0.5
IBns,1,1,2,0.5
IBsB,1,0,1,1.0
IBsH,0,0,0,
IBsP,0,0,0,
IBsS,0,0,0,
IBsl,1,0,1,1.0
IBsm,1,0,1,1.0
IBsn,0,0,0,
IDBM,1,0,1,1.0
IDBN,1,0,1,1.0
IDBP,0,1,1,0.0
IDBm,1,1,2,0.5
IDBs,1,0,1,1.0
IDDB,0,1,1,0.0
IDDm,0,1,1,0.0
IDHB,0,1,1,0.0
IDHM,1,0,1,1.0
IDHP,0,2,2,0.0
IDHb,0,1,1,0.0
IDHm,0,0,0,
IDLM,0,1,1,0.0
IDLj,0,0,0,
IDLs,1,0,1,1.0
IDMB,0,1,1,0.0
IDMP,0,2,2,0.0
IDMm,1,1,2,0.5
IDMn,0,0,0,
IDMs,0,1,1,0.0
IDNB,1,0,1,1.0
IDND,0,1,1,0.0
IDNH,0,0,0,
IDNN,1,0,1,1.0
IDNP,1,0,1,1.0
IDNn,1,0,1,1.0
IDNs,1,0,1,1.0
IDPB,0,1,1,0.0
IDPP,0,0,0,
IDPm,1,0,1,1.0
IDSN,1,0,1,1.0
IDSh,0,1,1,0.0
IDSs,1,0,1,1.0
IDbH,1,0,1,1.0
IDbM,0,0,0,
IDbN,0,0,0,
IDbP,1,0,1,1.0
IDbS,1,0,1,1.0
IDbl,0,1,1,0.0
IDbm,0,1,1,0.0
IDhm,0,1,1,0.0
IDlB,0,1,1,0.0
IDlH,1,0,1,1.0
IDlM,1,0,1,1.0
IDlN,1,0,1,1.0
IDlm,1,0,1,1.0
IDmB,1,0,1,1.0
IDmH,0,0,0,
IDmM,1,1,2,0.5
IDmN,0,1,1,0.0
IDmP,0,0,0,
IDmS,1,0,1,1.0
IDmm,1,0,1,1.0
IDmn,1,0,1,1.0
IDnB,1,0,1,1.0
IDnM,0,0,0,
IDnP,0,1,1,0.0
IDsD,0,0,0,
IDsH,0,1,1,0.0
IDsL,1,0,1,1.0
IDsM,1,1,2,0.5
IDsN,0,1,1,0.0
IDsS,1,1,2,0.5
IDtP,0,1,1,0.0
IHBB,1,1,2,0.5
IHBP,0,2,2,0.0
IHBS,1,0,1,1.0
IHBb,2,0,2,1.0
IHBm,0,0,0,
IHBs,0,1,1,0.0
IHDM,2,0,2,1.0
IHDS,0,0,0,
IHHM,0,1,1,0.0
IHHn,1,0,1,1.0
IHHs,0,1,1,0.0
IHIM,0,1,1,0.0
IHIP,0,1,1,0.0
IHKB,1,0,1,1.0
IHLB,1,0,1,1.0
IHLN,1,0,1,1.0
IHLh,0,0,0,
IHLl,1,0,1,1.0
IHLm,0,1,1,0.0
IHLn,1,0,1,1.0
IHMD,0,0,0,
IHML,0,1,1,0.0
IHMM,1,2,3,0.33
IHMN,0,1,1,0.0
IHMP,2,0,2,1.0
IHMh,0,2,2,0.0
IHMl,0,1,1,0.0
IHMm,1,1,2,0.5
IHMn,1,3,4,0.25
IHNB,0,1,1,0.0
IHNM,1,0,1,1.0
IHNN,0,1,1,0.0
IHNP,1,0,1,1.0
IHNS,0,0,0,
IHNb,1,0,1,1.0
IHNm,0,1,1,0.0
IHNs,1,0,1,1.0
IHPB,1,0,1,1.0
IHPM,1,1,2,0.5
IHPN,0,0,0,
IHPP,2,1,3,0.67
IHPb,2,0,2,1.0
IHPm,3,0,3,1.0
IHPs,0,1,1,0.0
IHPt,0,1,1,0.0
IHSM,0,0,0,
IHSP,1,1,2,0.5
IHSb,0,0,0,
IHSm,1,0,1,1.0
IHSn,1,0,1,1.0
IHSs,0,1,1,0.0
IHbM,0,0,0,
IHbN,1,0,1,1.0
IHbP,0,1,1,0.0
IHbb,1,1,2,0.5
IHhH,0,0,0,
IHhL,0,1,1,0.0
IHhM,0,1,1,0.0
IHhN,1,0,1,1.0
IHhP,0,0,0,
IHhm,1,1,2,0.5
IHhs,0,1,1,0.0
IHlM,0,1,1,0.0
IHlN,1,0,1,1.0
IHlm,0,0,0,
IHmH,0,1,1,0.0
IHmJ,0,0,0,
IHmM,3,1,4,0.75
IHmN,0,1,1,0.0
IHmP,1,0,1,1.0
IHmb,1,0,1,1.0
IHmm,1,1,2,0.5
IHmn,1,0,1,1.0
IHnB,1,1,2,0.5
IHnH,1,1,2,0.5
IHnM,0,0,0,
IHnP,0,0,0,
IHnS,0,0,0,
IHnm,0,0,0,
IHnn,0,0,0,
IHsB,0,1,1,0.0
IHsH,2,0,2,1.0
IHsL,2,0,2,1.0
IHsP,2,0,2,1.0
IHsb,1,0,1,1.0
IHss,0,2,2,0.0
IIBm,1,0,1,1.0
IIMP,1,0,1,1.0
IIPH,0,0,0,
IIPS,0,2,2,0.0
IIPm,0,1,1,0.0
IIbM,0,1,1,0.0
IIlm,1,0,1,1.0
IImM,0,1,1,0.0
IImN,1,0,1,1.0
IImP,0,1,1,0.0
IIms,1,0,1,1.0
IInL,0,1,1,0.0
IIss,0,0,0,
ILBP,1,0,1,1.0
ILBb,0,1,1,0.0
ILBm,1,0,1,1.0
ILBn,1,1,2,0.5
ILDM,0,1,1,0.0
ILDN,0,1,1,0.0
ILKL,1,0,1,1.0
ILKM,0,1,1,0.0
ILLB,0,1,1,0.0
ILLP,0,2,2,0.0
ILLb,1,0,1,1.0
ILMH,1,0,1,1.0
ILMM,1,0,1,1.0
ILMN,0,0,0,
ILMP,0,1,1,0.0
ILMj,0,0,0,
ILMm,0,0,0,
ILMn,1,0,1,1.0
ILNL,0,0,0,
ILNh,0,1,1,0.0
ILPB,1,0,1,1.0
ILPL,0,1,1,0.0
ILPM,1,0,1,1.0
ILPS,0,1,1,0.0
ILPb,0,1,1,0.0
ILPn,0,1,1,0.0
ILPt,0,1,1,0.0
ILSL,0,1,1,0.0
ILSM,0,1,1,0.0
ILSP,1,0,1,1.0
ILSn,1,1,2,0.5
ILbP,1,0,1,1.0
ILbb,1,0,1,1.0
ILbl,0,0,0,
ILhM,0,1,1,0.0
ILln,0,1,1,0.0
ILmB,0,0,0,
ILmM,1,0,1,1.0
ILmP,0,2,2,0.0
ILmS,0,1,1,0.0
ILmb,1,0,1,1.0
ILml,0,0,0,
ILnN,0,1,1,0.0
ILnP,1,0,1,1.0
ILnS,1,0,1,1.0
ILnm,1,1,2,0.5
ILsB,0,1,1,0.0
ILsM,1,0,1,1.0
ILtS,0,1,1,0.0
ILtb,1,0,1,1.0
ILtm,1,0,1,1.0
IMBB,0,2,2,0.0
IMBL,0,1,1,0.0
IMBM,0,1,1,0.0
IMBN,2,0,2,1.0
IMBP,2,1,3,0.67
IMBS,0,0,0,
IMBb,1,1,2,0.5
IMBm,0,1,1,0.0
IMBn,2,0,2,1.0
IMBs,0,0,0,
IMDH,1,0,1,1.0
IMDM,0,1,1,0.0
IMDS,1,0,1,1.0
IMDb,1,1,2,0.5
IMDm,0,0,0,
IMLD,0,1,1,0.0
IMLM,0,1,1,0.0
IMLN,0,1,1,0.0
IMLh,0,1,1,0.0
IMLm,1,0,1,1.0
IMLn,1,0,1,1.0
IMMB,0,1,1,0.0
IMMM,0,0,0,
IMMN,1,0,1,1.0
IMMP,1,0,1,1.0
IMMS,0,1,1,0.0
IMMh,1,0,1,1.0
IMMl,1,1,2,0.5
IMMm,3,1,4,0.75
IMMn,3,1,4,0.75
IMMs,0,1,1,0.0
IMNB,2,0,2,1.0
IMNL,1,0,1,1.0
IMNN,2,2,4,0.5
IMNS,0,1,1,0.0
IMNb,1,1,2,0.5
IMNh,0,1,1,0.0
IMNm,0,0,0,
IMNn,3,2,5,0.6
IMNs,0,0,0,
IMPB,0,1,1,0.0
IMPD,1,0,1,1.0
IMPL,1,1,2,0.5
IMPM,1,0,1,1.0
IMPP,1,1,2,0.5
IMPS,1,2,3,0.33
IMPb,0,2,2,0.0
IMPh,0,0,0,
IMPl,0,0,0,
IMPm,1,1,2,0.5
IMPn,3,0,3,1.0
IMPs,1,1,2,0.5
IMSB,0,1,1,0.0
IMSH,0,1,1,0.0
IMSN,1,0,1,1.0
IMSP,1,0,1,1.0
IMSS,0,1,1,0.0
IMSn,0,1,1,0.0
IMSs,1,0,1,1.0
IMbJ,0,0,0,
IMbK,0,0,0,
IMbN,0,0,0,
IMbS,0,2,2,0.0
IMbb,0,1,1,0.0
IMbm,0,1,1,0.0
IMbs,0,2,2,0.0
IMhB,1,1,2,0.5
IMhI,1,0,1,1.0
IMhN,0,1,1,0.0
IMhP,0,1,1,0.0
IMhb,1,1,2,0.5
IMhh,1,0,1,1.0
IMhl,1,0,1,1.0
IMhm,2,0,2,1.0
IMjP,0,1,1,0.0
IMjm,0,0,0,
IMlL,1,0,1,1.0
IMlS,0,1,1,0.0
IMlb,0,1,1,0.0
IMls,0,1,1,0.0
IMmB,0,1,1,0.0
IMmH,0,2,2,0.0
IMmM,0,1,1,0.0
IMmN,2,3,5,0.4
IMmP,1,1,2,0.5
IMmS,0,1,1,0.0
IMmb,1,2,3,0.33
IMmm,1,2,3,0.33
IMmn,0,1,1,0.0
IMms,2,0,2,1.0
IMnD,0,1,1,0.0
IMnM,0,1,1,0.0
IMnN,1,3,4,0.25
IMnP,2,1,3,0.67
IMnS,0,0,0,
IMnb,1,2,3,0.33
IMnl,0,2,2,0.0
IMnm,1,0,1,1.0
IMnn,2,3,5,0.4
IMns,1,0,1,1.0
IMsB,0,1,1,0.0
IMsD,0,1,1,0.0
IMsN,1,1,2,0.5
IMsP,0,1,1,0.0
IMsS,1,2,3,0.33
IMsb,0,0,0,
IMsm,0,2,2,0.0
IMsn,1,0,1,1.0
IMss,1,0,1,1.0
IMtm,0,1,1,0.0
IMts,0,1,1,0.0
INBB,3,0,3,1.0
INBM,0,1,1,0.0
INBN,0,1,1,0.0
INBP,0,1,1,0.0
INBm,1,0,1,1.0
INBn,1,1,2,0.5
INBs,1,0,1,1.0
INDP,1,0,1,1.0
INDS,1,0,1,1.0
INDn,0,0,0,
INHL,1,0,1,1.0
INHm,2,0,2,1.0
INHn,1,1,2,0.5
INLM,0,1,1,0.0
INLS,1,0,1,1.0
INLn,1,0,1,1.0
INMB,1,0,1,1.0
INML,1,0,1,1.0
INMM,0,1,1,0.0
INMN,0,2,2,0.0
INMP,1,2,3,0.33
INMS,1,0,1,1.0
INMb,0,1,1,0.0
INMl,0,0,0,
INMm,1,0,1,1.0
INMn,2,1,3,0.67
INNK,1,0,1,1.0
INNM,1,1,2,0.5
INNN,1,0,1,1.0
INNP,0,2,2,0.0
INNS,1,0,1,1.0
INNb,1,1,2,0.5
INNm,1,0,1,1.0
INNn,2,2,4,0.5
INNs,0,2,2,0.0
INPD,1,1,2,0.5
INPH,0,0,0,
INPI,0,0,0,
INPL,3,0,3,1.0
INPM,2,0,2,1.0
INPN,1,0,1,1.0
INPP,1,0,1,1.0
INPS,3,0,3,1.0
INPm,0,4,4,0.0
INPn,3,1,4,0.75
INPs,0,0,0,
INPt,1,0,1,1.0
INSB,3,0,3,1.0
INSD,0,1,1,0.0
INSH,1,0,1,1.0
INSM,0,1,1,0.0
INSN,2,0,2,1.0
INSP,2,0,2,1.0
INSb,0,0,0,
INSm,1,0,1,1.0
INSs,0,0,0,
INbI,1,0,1,1.0
INbL,1,0,1,1.0
INbM,1,0,1,1.0
INbN,1,0,1,1.0
INbP,0,1,1,0.0
INbb,0,1,1,0.0
INbl,2,0,2,1.0
INhB,0,1,1,0.0
INhL,0,1,1,0.0
INhN,1,0,1,1.0
INhn,0,1,1,0.0
INht,0,0,0,
INlM,1,0,1,1.0
INlS,0,1,1,0.0
INmB,1,0,1,1.0
INmD,1,0,1,1.0
INmM,0,1,1,0.0
INmN,0,1,1,0.0
INmP,1,1,2,0.5
INmS,1,0,1,1.0
INmb,0,2,2,0.0
INmm,0,1,1,0.0
INnB,0,1,1,0.0
INnD,0,2,2,0.0
INnH,0,1,1,0.0
INnI,0,1,1,0.0
INnL,1,0,1,1.0
INnN,2,2,4,0.5
INnS,0,1,1,0.0
INnb,0,1,1,0.0
INnl,0,0,0,
INnm,1,1,2,0.5
INnn,1,0,1,1.0
INns,0,1,1,0.0
INsB,0,1,1,0.0
INsM,0,1,1,0.0
INsN,0,2,2,0.0
INsP,1,0,1,1.0
INsS,0,2,2,0.0
INss,2,0,2,1.0
INtB,0,1,1,0.0
INtK,0,0,0,
INtM,1,0,1,1.0
INtN,0,1,1,0.0
IPBB,0,1,1,0.0
IPBD,0,1,1,0.0
IPBL,0,1,1,0.0
IPBM,2,1,3,0.67
IPBN,0,2,2,0.0
IPBP,2,1,3,0.67
IPBS,0,1,1,0.0
IPBb,0,1,1,0.0
IPBj,1,0,1,1.0
IPBm,1,0,1,1.0
IPBs,3,0,3,1.0
IPDP,1,0,1,1.0
IPDb,0,1,1,0.0
IPDm,0,1,1,0.0
IPDn,1,0,1,1.0
IPHM,0,0,0,
IPHP,1,0,1,1.0
IPHn,0,1,1,0.0
IPIS,0,0,0,
IPIm,1,0,1,1.0
IPKB,0,1,1,0.0
IPKD,0,1,1,0.0
IPKM,1,0,1,1.0
IPKN,1,0,1,1.0
IPKS,0,1,1,0.0
IPKn,1,0,1,1.0
IPLB,0,1,1,0.0
IPLM,0,2,2,0.0
IPLN,0,1,1,0.0
IPLS,0,0,0,
IPLb,0,1,1,0.0
IPLj,0,1,1,0.0
IPMB,2,3,5,0.4
IPMM,0,2,2,0.0
IPMN,2,1,3,0.67
IPMP,1,0,1,1.0
IPMS,0,0,0,
IPMb,3,0,3,1.0
IPMh,0,2,2,0.0
IPMl,0,2,2,0.0
IPMm,1,2,3,0.33
IPMn,2,0,2,1.0
IPMs,1,0,1,1.0
IPMt,0,1,1,0.0
IPNH,2,1,3,0.67
IPNL,1,0,1,1.0
IPNM,1,0,1,1.0
IPNN,1,1,2,0.5
IPNP,1,1,2,0.5
IPNS,1,1,2,0.5
IPNh,1,0,1,1.0
IPNl,1,0,1,1.0
IPNm,0,1,1,0.0
IPNn,0,2,2,0.0
IPNs,1,0,1,1.0
IPNt,0,0,0,
IPPB,1,1,2,0.5
IPPH,0,1,1,0.0
IPPL,1,0,1,1.0
IPPM,2,1,3,0.67
IPPN,3,0,3,1.0
IPPP,1,0,1,1.0
IPPS,1,1,2,0.5
IPPl,2,0,2,1.0
IPPm,1,1,2,0.5
IPPn,1,0,1,1.0
IPSB,1,0,1,1.0
IPSH,0,1,1,0.0
IPSL,0,1,1,0.0
IPSM,1,0,1,1.0
IPSN,1,1,2,0.5
IPSP,2,1,3,0.67
IPSS,0,1,1,0.0
IPSb,0,1,1,0.0
IPSh,1,0,1,1.0
IPSm,0,2,2,0.0
IPSn,1,1,2,0.5
IPSs,1,1,2,0.5
IPbB,0,1,1,0.0
IPbD,1,0,1,1.0
IPbM,0,2,2,0.0
IPbN,0,1,1,0.0
IPbP,2,0,2,1.0
IPbb,1,0,1,1.0
IPbh,1,0,1,1.0
IPbl,1,1,2,0.5
IPbm,1,0,1,1.0
IPbn,0,1,1,0.0
IPbs,0,0,0,
IPhb,0,1,1,0.0
IPhm,1,0,1,1.0
IPlB,0,1,1,0.0
IPlM,1,0,1,1.0
IPlN,0,1,1,0.0
IPlP,0,1,1,0.0
IPlb,1,0,1,1.0
IPll,0,0,0,
IPls,0,1,1,0.0
IPmB,1,0,1,1.0
IPmH,1,1,2,0.5
IPmJ,0,1,1,0.0
IPmL,1,1,2,0.5
IPmM,0,3,3,0.0
IPmN,1,1,2,0.5
IPmP,0,2,2,0.0
IPmS,1,1,2,0.5
IPmb,7,4,11,0.64
IPmm,3,0,3,1.0
IPmn,0,1,1,0.0
IPms,0,1,1,0.0
IPnB,0,0,0,
IPnD,0,1,1,0.0
IPnH,1,0,1,1.0
IPnL,0,1,1,0.0
IPnM,0,2,2,0.0
IPnN,1,1,2,0.5
IPnP,3,1,4,0.75
IPnS,0,1,1,0.0
IPnb,2,0,2,1.0
IPnl,0,0,0,
IPnm,1,1,2,0.5
IPnn,0,2,2,0.0
IPns,2,0,2,1.0
IPsB,0,2,2,0.0
IPsH,0,1,1,0.0
IPsL,1,0,1,1.0
IPsP,0,0,0,
IPsS,1,1,2,0.5
IPsb,0,1,1,0.0
IPsl,1,0,1,1.0
IPtb,0,2,2,0.0
IPtm,0,1,1,0.0
ISBM,0,1,1,0.0
ISBN,1,0,1,1.0
ISBP,3,0,3,1.0
ISBm,0,1,1,0.0
ISBn,1,0,1,1.0
ISBt,0,0,0,
ISDM,0,0,0,
ISDS,0,1,1,0.0
ISDm,0,0,0,
ISHD,0,1,1,0.0
ISHL,0,1,1,0.0
ISHM,0,2,2,0.0
ISHP,0,0,0,
ISHl,0,2,2,0.0
ISHm,0,0,0,
ISHs,1,0,1,1.0
ISIN,0,1,1,0.0
ISIP,0,1,1,0.0
ISIm,1,0,1,1.0
ISLL,0,1,1,0.0
ISLN,1,1,2,0.5
ISLP,0,1,1,0.0
ISLh,1,0,1,1.0
ISLm,1,0,1,1.0
ISMB,1,0,1,1.0
ISMM,0,1,1,0.0
ISMN,0,2,2,0.0
ISMP,1,0,1,1.0
ISMb,2,1,3,0.67
ISMh,0,1,1,0.0
ISMm,2,2,4,0.5
ISMn,2,0,2,1.0
ISND,1,0,1,1.0
ISNM,1,0,1,1.0
ISNN,1,0,1,1.0
ISNP,0,1,1,0.0
ISNS,1,1,2,0.5
ISNh,1,0,1,1.0
ISNn,0,0,0,
ISNs,1,0,1,1.0
ISPB,0,0,0,
ISPL,0,2,2,0.0
ISPM,1,0,1,1.0
ISPN,0,0,0,
ISPP,1,1,2,0.5
ISPS,1,0,1,1.0
ISPb,1,0,1,1.0
ISPm,1,1,2,0.5
ISPn,1,0,1,1.0
ISPs,1,0,1,1.0
ISSD,0,2,2,0.0
ISSH,0,0,0,
ISSM,1,1,2,0.5
ISSN,2,0,2,1.0
ISSP,0,3,3,0.0
ISSm,0,1,1,0.0
ISSs,0,1,1,0.0
ISbD,1,0,1,1.0
ISbJ,1,0,1,1.0
ISbM,0,0,0,
ISbN,2,0,2,1.0
ISbP,2,1,3,0.67
ISbs,1,0,1,1.0
IShN,1,0,1,1.0
IShP,1,1,2,0.5
IShS,0,1,1,0.0
IShh,1,0,1,1.0
IShm,1,0,1,1.0
IShn,1,0,1,1.0
IShs,1,0,1,1.0
ISlB,1,0,1,1.0
ISlM,0,1,1,0.0
ISlP,0,1,1,0.0
ISlS,1,0,1,1.0
ISlb,1,0,1,1.0
ISll,0,1,1,0.0
ISmL,0,1,1,0.0
ISmM,5,3,8,0.62
ISmP,2,1,3,0.67
ISmb,1,0,1,1.0
ISmm,1,0,1,1.0
ISmn,1,0,1,1.0
ISnB,0,1,1,0.0
ISnH,1,0,1,1.0
ISnL,0,0,0,
ISnM,0,1,1,0.0
ISnN,1,1,2,0.5
ISnP,0,1,1,0.0
ISnS,0,2,2,0.0
ISnh,0,1,1,0.0
ISnl,1,1,2,0.5
ISns,1,0,1,1.0
ISsB,1,1,2,0.5
ISsH,1,0,1,1.0
ISsL,0,1,1,0.0
ISsM,1,0,1,1.0
ISsN,1,1,2,0.5
ISsP,0,1,1,0.0
ISsl,1,0,1,1.0
ISsm,1,0,1,1.0
ISsn,0,1,1,0.0
ISss,2,0,2,1.0
IStM,0,2,2,0.0
IStS,2,0,2,1.0
IStn,0,1,1,0.0
IbBB,0,2,2,0.0
IbBM,0,0,0,
IbBN,2,1,3,0.67
IbBP,0,3,3,0.0
IbBm,0,2,2,0.0
IbDD,2,0,2,1.0
IbDP,0,1,1,0.0
IbDm,0,0,0,
IbHB,1,0,1,1.0
IbHL,0,0,0,
IbHb,1,0,1,1.0
IbHs,1,0,1,1.0
IbJI,0,0,0,
IbJP,0,2,2,0.0
IbJb,1,0,1,1.0
IbJm,1,1,2,0.5
IbJn,0,1,1,0.0
IbKB,0,1,1,0.0
IbKP,0,1,1,0.0
IbLB,1,0,1,1.0
IbLM,1,0,1,1.0
IbLN,0,1,1,0.0
IbLP,1,1,2,0.5
IbLb,0,0,0,
IbLm,0,1,1,0.0
IbMB,0,1,1,0.0
IbMD,1,0,1,1.0
IbMM,2,0,2,1.0
IbMN,0,1,1,0.0
IbMP,0,1,1,0.0
IbMS,3,1,4,0.75
IbMh,1,0,1,1.0
IbMl,1,0,1,1.0
IbMm,3,0,3,1.0
IbMn,1,1,2,0.5
IbMs,0,1,1,0.0
IbNB,2,0,2,1.0
IbNL,0,1,1,0.0
IbNM,1,0,1,1.0
IbNN,1,0,1,1.0
IbNP,1,0,1,1.0
IbNb,1,1,2,0.5
IbNh,0,1,1,0.0
IbNm,0,3,3,0.0
IbNn,1,3,4,0.25
IbPB,1,0,1,1.0
IbPH,1,0,1,1.0
IbPL,1,1,2,0.5
IbPM,0,0,0,
IbPN,1,1,2,0.5
IbPP,1,2,3,0.33
IbPS,3,0,3,1.0
IbPh,2,0,2,1.0
IbPl,0,1,1,0.0
IbPm,2,3,5,0.4
IbPs,0,1,1,0.0
IbSD,0,0,0,
IbSM,1,0,1,1.0
IbSS,0,0,0,
IbSm,1,0,1,1.0
IbSn,0,0,0,
IbSs,1,1,2,0.5
IbbB,1,1,2,0.5
IbbH,0,1,1,0.0
IbbM,1,1,2,0.5
IbbN,0,1,1,0.0
IbbP,3,1,4,0.75
IbbS,1,1,2,0.5
Ibbb,2,2,4,0.5
Ibbl,0,1,1,0.0
Ibbm,1,0,1,1.0
IblM,0,2,2,0.0
IblN,1,0,1,1.0
Iblb,1,0,1,1.0
IbmM,2,0,2,1.0
IbmN,0,2,2,0.0
IbmP,0,2,2,0.0
Ibmb,0,1,1,0.0
Ibmm,2,0,2,1.0
Ibmn,0,2,2,0.0
IbnD,1,0,1,1.0
IbnP,1,1,2,0.5
IbnS,1,0,1,1.0
Ibnb,2,0,2,1.0
Ibnl,0,1,1,0.0
Ibnm,2,0,2,1.0
Ibnn,1,0,1,1.0
IbsD,0,1,1,0.0
IbsH,1,0,1,1.0
IbsM,0,0,0,
IbsN,1,1,2,0.5
IbsS,1,0,1,1.0
Ibsb,0,1,1,0.0
Ibsm,2,0,2,1.0
Ibsn,1,0,1,1.0
Ibss,0,0,0,
IhNm,0,1,1,0.0
IhhN,1,0,1,1.0
IlBS,1,0,1,1.0
IlBl,0,0,0,
IlBm,0,0,0,
IlBt,0,0,0,
IlDs,0,1,1,0.0
IlDt,1,0,1,1.0
IlHM,0,0,0,
IlHm,1,0,1,1.0
IlIP,1,0,1,1.0
IlJP,0,0,0,
IlKB,1,0,1,1.0
IlKH,1,0,1,1.0
IlLB,1,0,1,1.0
IlMB,1,0,1,1.0
IlMP,0,3,3,0.0
IlMb,0,1,1,0.0
IlNH,1,0,1,1.0
IlNN,0,1,1,0.0
IlNP,1,0,1,1.0
IlNn,1,0,1,1.0
IlPP,1,0,1,1.0
IlPS,1,0,1,1.0
IlPn,1,0,1,1.0
IlSS,1,0,1,1.0
IlSh,0,0,0,
IlbN,1,0,1,1.0
Ilbb,0,2,2,0.0
Ilbn,0,1,1,0.0
IllP,1,0,1,1.0
IlmB,0,2,2,0.0
IlmN,0,0,0,
IlmP,0,0,0,
IlmS,0,1,1,0.0
IlnP,1,0,1,1.0
Ilnb,1,0,1,1.0
IlsB,1,0,1,1.0
ImBB,0,1,1,0.0
ImBL,0,1,1,0.0
ImBM,0,0,0,
ImBN,1,2,3,0.33
ImBP,1,3,4,0.25
ImBS,0,0,0,
ImBl,1,0,1,1.0
ImBn,0,2,2,0.0
ImDD,1,0,1,1.0
ImDH,0,1,1,0.0
ImDM,1,0,1,1.0
ImDN,0,2,2,0.0
ImDP,1,0,1,1.0
ImDm,0,1,1,0.0
ImDs,0,1,1,0.0
ImHB,1,0,1,1.0
ImHL,0,1,1,0.0
ImHP,1,2,3,0.33
ImHb,1,0,1,1.0
ImHh,1,1,2,0.5
ImHn,1,0,1,1.0
ImID,0,1,1,0.0
ImJb,1,0,1,1.0
ImJn,0,1,1,0.0
ImLS,0,1,1,0.0
ImLs,1,0,1,1.0
ImMB,0,1,1,0.0
ImMD,1,0,1,1.0
ImML,1,0,1,1.0
ImMM,1,0,1,1.0
ImMP,2,0,2,1.0
ImMS,0,2,2,0.0
ImMb,1,2,3,0.33
ImMh,0,1,1,0.0
ImMl,1,0,1,1.0
ImMm,0,0,0,
ImMn,0,2,2,0.0
ImMs,1,0,1,1.0
ImNB,2,1,3,0.67
ImND,0,1,1,0.0
ImNM,1,0,1,1.0
ImNN,0,2,2,0.0
ImNP,1,2,3,0.33
ImNS,0,0,0,
ImNb,3,1,4,0.75
ImNh,0,0,0,
ImNm,2,1,3,0.67
ImNt,0,1,1,0.0
ImPB,1,1,2,0.5
ImPD,0,2,2,0.0
ImPH,0,1,1,0.0
ImPK,0,1,1,0.0
ImPM,2,0,2,1.0
ImPP,1,3,4,0.25
ImPS,0,1,1,0.0
ImPb,2,3,5,0.4
ImPm,2,2,4,0.5
ImPn,2,0,2,1.0
ImPs,0,1,1,0.0
ImSB,0,1,1,0.0
ImSM,0,1,1,0.0
ImSN,0,0,0,
ImSP,1,1,2,0.5
ImSb,1,0,1,1.0
ImSh,0,2,2,0.0
ImSm,0,2,2,0.0
ImSn,0,1,1,0.0
ImSs,0,1,1,0.0
ImbB,5,2,7,0.71
ImbI,0,1,1,0.0
ImbJ,0,1,1,0.0
ImbL,1,0,1,1.0
ImbM,1,0,1,1.0
ImbN,1,0,1,1.0
ImbP,1,2,3,0.33
Imbb,1,0,1,1.0
Imbm,0,1,1,0.0
Imbn,1,0,1,1.0
Imbs,0,0,0,
ImlD,1,0,1,1.0
ImlN,1,0,1,1.0
ImlP,1,0,1,1.0
ImmB,0,2,2,0.0
ImmH,0,0,0,
ImmL,1,1,2,0.5
ImmM,2,1,3,0.67
ImmP,0,1,1,0.0
Immb,0,4,4,0.0
Immm,1,2,3,0.33
Immn,0,2,2,0.0
ImnB,0,1,1,0.0
ImnI,0,1,1,0.0
ImnM,3,1,4,0.75
ImnN,2,0,2,1.0
ImnP,0,3,3,0.0
ImnS,0,1,1,0.0
Imnn,0,1,1,0.0
Imns,0,1,1,0.0
ImsD,0,0,0,
ImsH,0,2,2,0.0
ImsL,0,1,1,0.0
ImsP,0,1,1,0.0
ImsS,0,1,1,0.0
Imsm,1,0,1,1.0
Imsn,0,1,1,0.0
Imss,0,0,0,
InBB,0,1,1,0.0
InBL,0,1,1,0.0
InBN,0,0,0,
InBP,0,1,1,0.0
InBb,0,0,0,
InBl,0,0,0,
InBm,1,0,1,1.0
InBs,0,1,1,0.0
InDD,0,2,2,0.0
InDS,0,0,0,
InDm,0,1,1,0.0
InDn,0,2,2,0.0
InHK,0,0,0,
InHL,0,1,1,0.0
InHM,1,0,1,1.0
InHN,3,1,4,0.75
InHP,0,0,0,
InHh,1,0,1,1.0
InHm,1,0,1,1.0
InKH,1,0,1,1.0
InKh,1,0,1,1.0
InKm,0,1,1,0.0
InLN,0,1,1,0.0
InLb,0,2,2,0.0
InLm,0,1,1,0.0
InLn,1,0,1,1.0
InMB,0,2,2,0.0
InMD,1,0,1,1.0
InML,0,1,1,0.0
InMN,1,0,1,1.0
InMP,3,1,4,0.75
InMS,1,0,1,1.0
InMb,1,0,1,1.0
InMh,2,0,2,1.0
InMm,0,0,0,
InMn,1,1,2,0.5
InMs,2,0,2,1.0
InMt,1,0,1,1.0
InNB,1,3,4,0.25
InND,0,1,1,0.0
InNL,1,1,2,0.5
InNN,1,1,2,0.5
InNP,3,0,3,1.0
InNS,0,1,1,0.0
InNb,0,1,1,0.0
InNm,0,2,2,0.0
InNn,0,1,1,0.0
InNs,0,0,0,
InPB,1,1,2,0.5
InPD,0,0,0,
InPI,0,1,1,0.0
InPK,1,0,1,1.0
InPM,1,1,2,0.5
InPN,1,0,1,1.0
InPP,1,0,1,1.0
InPS,1,2,3,0.33
InPm,2,1,3,0.67
InPn,1,0,1,1.0
InPs,1,0,1,1.0
InSB,1,0,1,1.0
InSM,0,2,2,0.0
InSN,1,0,1,1.0
InSP,0,4,4,0.0
InSS,1,0,1,1.0
InSb,3,0,3,1.0
InSl,1,0,1,1.0
InSm,1,0,1,1.0
InSs,2,1,3,0.67
InbH,0,2,2,0.0
InbK,1,0,1,1.0
InbN,1,0,1,1.0
InbP,1,1,2,0.5
InbS,1,1,2,0.5
Inbb,1,0,1,1.0
Inbm,0,1,1,0.0
Inbn,0,1,1,0.0
InlM,0,1,1,0.0
InlS,3,0,3,1.0
Inlm,1,0,1,1.0
InmB,1,0,1,1.0
InmH,0,0,0,
InmL,0,1,1,0.0
InmM,0,0,0,
InmN,0,1,1,0.0
InmP,0,1,1,0.0
InmS,1,0,1,1.0
Inmb,0,1,1,0.0
Inmm,1,2,3,0.33
Inmn,1,0,1,1.0
Inms,0,1,1,0.0
InnB,1,0,1,1.0
InnH,0,0,0,
InnN,0,3,3,0.0
InnP,2,1,3,0.67
Innb,1,1,2,0.5
Inns,1,1,2,0.5
InsL,1,0,1,1.0
InsN,0,1,1,0.0
InsS,1,0,1,1.0
Insb,0,0,0,
Insn,1,0,1,1.0
Inss,1,0,1,1.0
IsBB,2,0,2,1.0
IsBN,0,1,1,0.0
IsBP,0,1,1,0.0
IsBS,0,2,2,0.0
IsBn,0,1,1,0.0
IsBs,1,0,1,1.0
IsBt,1,0,1,1.0
IsHD,0,1,1,0.0
IsHI,0,1,1,0.0
IsHb,0,1,1,0.0
IsHl,0,1,1,0.0
IsHs,1,0,1,1.0
IsID,0,0,0,
IsIN,1,0,1,1.0
IsLB,0,1,1,0.0
IsLm,0,1,1,0.0
IsMB,1,0,1,1.0
IsMM,0,2,2,0.0
IsMh,0,1,1,0.0
IsMm,0,1,1,0.0
IsMn,1,0,1,1.0
IsMs,1,1,2,0.5
IsNB,1,0,1,1.0
IsNK,1,0,1,1.0
IsNM,0,1,1,0.0
IsNN,0,1,1,0.0
IsNP,1,0,1,1.0
IsNS,1,0,1,1.0
IsNm,0,0,0,
IsNs,0,0,0,
IsPB,1,0,1,1.0
IsPD,0,0,0,
IsPH,1,0,1,1.0
IsPM,0,0,0,
IsPN,0,1,1,0.0
IsPP,0,1,1,0.0
IsPS,0,1,1,0.0
IsPb,1,2,3,0.33
IsPm,0,0,0,
IsPs,0,1,1,0.0
IsPt,1,0,1,1.0
IsSB,1,1,2,0.5
IsSH,0,1,1,0.0
IsSL,1,0,1,1.0
IsSN,0,1,1,0.0
IsSP,1,0,1,1.0
IsSb,0,1,1,0.0
IsSm,0,2,2,0.0
IsSn,1,1,2,0.5
IsSs,1,1,2,0.5
IsbN,0,1,1,0.0
Isbm,1,0,1,1.0
IshD,0,0,0,
IslN,1,0,1,1.0
Islb,0,1,1,0.0
Islm,1,0,1,1.0
Isln,2,0,2,1.0
IsmB,0,1,1,0.0
IsmH,1,2,3,0.33
IsmM,1,0,1,1.0
IsmP,0,3,3,0.0
IsmS,1,0,1,1.0
Ismb,1,0,1,1.0
Isml,0,0,0,
Ismm,1,0,1,1.0
Ismn,0,1,1,0.0
IsnB,1,0,1,1.0
IsnH,0,1,1,0.0
IsnI,0,0,0,
IsnK,1,0,1,1.0
IsnL,1,0,1,1.0
IsnM,1,0,1,1.0
Isnl,1,0,1,1.0
Isnm,0,3,3,0.0
Isns,0,1,1,0.0
IssD,0,0,0,
IssH,0,1,1,0.0
IssN,0,0,0,
IssP,1,1,2,0.5
IssS,2,0,2,1.0
Issm,1,1,2,0.5
Issn,2,0,2,1.0
Isss,1,0,1,1.0
ItNM,1,0,1,1.0
ItNP,1,0,1,1.0
ItPN,1,0,1,1.0
ItPm,0,0,0,
ItbN,1,0,1,1.0
ItmM,0,1,1,0.0
ItsN,0,1,1,0.0
JBBM,0,2,2,0.0
JBBP,0,1,1,0.0
JBBb,0,1,1,0.0
JBBl,0,1,1,0.0
JBBm,0,2,2,0.0
JBDD,1,0,1,1.0
JBDn,0,1,1,0.0
JBLM,0,1,1,0.0
JBLm,1,1,2,0.5
JBLn,0,1,1,0.0
JBMB,1,1,2,0.5
JBML,0,1,1,0.0
JBMN,2,0,2,1.0
JBMP,1,0,1,1.0
JBMb,2,0,2,1.0
JBMh,0,1,1,0.0
JBMm,1,0,1,1.0
JBMn,0,1,1,0.0
JBNB,1,0,1,1.0
JBND,1,0,1,1.0
JBNM,0,3,3,0.0
JBNN,1,0,1,1.0
JBNP,1,0,1,1.0
JBNb,0,1,1,0.0
JBNm,1,0,1,1.0
JBNn,1,1,2,0.5
JBNs,1,0,1,1.0
JBPI,1,0,1,1.0
JBPL,1,1,2,0.5
JBPP,1,1,2,0.5
JBPn,2,0,2,1.0
JBSN,0,1,1,0.0
JBSs,0,1,1,0.0
JBbJ,2,0,2,1.0
JBbL,0,0,0,
JBbM,1,0,1,1.0
JBbP,0,1,1,0.0
JBbb,1,0,1,1.0
JBbm,0,2,2,0.0
JBhn,1,0,1,1.0
JBjB,1,0,1,1.0
JBjN,1,0,1,1.0
JBjn,1,0,1,1.0
JBlH,0,1,1,0.0
JBlN,1,0,1,1.0
JBlP,0,2,2,0.0
JBmB,1,0,1,1.0
JBmH,0,1,1,0.0
JBmJ,0,0,0,
JBmM,0,1,1,0.0
JBmN,2,0,2,1.0
JBmP,1,2,3,0.33
JBmS,0,1,1,0.0
JBmn,1,1,2,0.5
JBnD,0,1,1,0.0
JBnM,2,0,2,1.0
JBnN,1,0,1,1.0
JBnP,0,2,2,0.0
JBnS,0,1,1,0.0
JBnb,2,0,2,1.0
JBnm,1,1,2,0.5
JBnn,0,0,0,
JBsB,0,0,0,
JBsH,1,0,1,1.0
JBsM,1,0,1,1.0
JBsN,0,1,1,0.0
JBsP,0,2,2,0.0
JBsS,1,0,1,1.0
JBsb,0,1,1,0.0
JBsm,0,0,0,
JBss,1,1,2,0.5
JBtn,0,0,0,
JDBl,0,1,1,0.0
JDBm,1,1,2,0.5
JDBn,1,0,1,1.0
JDBs,0,1,1,0.0
JDDH,1,0,1,1.0
JDDP,0,0,0,
JDDn,1,0,1,1.0
JDHB,0,2,2,0.0
JDHL,1,0,1,1.0
JDHM,2,1,3,0.67
JDHS,0,0,0,
JDHl,0,1,1,0.0
JDHm,0,1,1,0.0
JDKB,1,0,1,1.0
JDLb,1,0,1,1.0
JDMD,0,1,1,0.0
JDMs,1,0,1,1.0
JDNM,0,1,1,0.0
JDNN,1,0,1,1.0
JDNP,0,1,1,0.0
JDNS,1,0,1,1.0
JDNb,1,0,1,1.0
JDNn,0,0,0,
JDPB,0,0,0,
JDPH,1,0,1,1.0
JDPK,1,0,1,1.0
JDPP,1,0,1,1.0
JDPb,2,0,2,1.0
JDPs,0,1,1,0.0
JDSB,0,2,2,0.0
JDSb,0,1,1,0.0
JDSs,0,1,1,0.0
JDbB,0,1,1,0.0
JDbm,1,0,1,1.0
JDmN,0,1,1,0.0
JDmP,0,0,0,
JDnM,1,0,1,1.0
JDsD,1,0,1,1.0
JDsP,1,0,1,1.0
JDsb,0,1,1,0.0
JDtM,0,0,0,
JHBP,0,0,0,
JHBb,0,1,1,0.0
JHDP,0,1,1,0.0
JHHb,0,1,1,0.0
JHKB,1,0,1,1.0
JHLS,0,1,1,0.0
JHMM,1,0,1,1.0
JHMP,0,2,2,0.0
JHMj,1,0,1,1.0
JHMm,1,0,1,1.0
JHMn,0,1,1,0.0
JHNK,1,0,1,1.0
JHNN,1,0,1,1.0
JHNP,1,1,2,0.5
JHNS,0,1,1,0.0
JHNb,1,1,2,0.5
JHNm,0,0,0,
JHNn,1,0,1,1.0
JHNt,0,0,0,
JHPB,0,1,1,0.0
JHPM,0,0,0,
JHPN,2,1,3,0.67
JHPP,0,0,0,
JHPm,0,1,1,0.0
JHPn,0,1,1,0.0
JHPs,1,0,1,1.0
JHSB,1,0,1,1.0
JHSM,0,1,1,0.0
JHSP,0,0,0,
JHSm,1,0,1,1.0
JHbM,0,1,1,0.0
JHbN,1,0,1,1.0
JHbP,1,0,1,1.0
JHbl,0,1,1,0.0
JHbn,0,0,0,
JHhP,0,1,1,0.0
JHhl,1,0,1,1.0
JHlB,0,1,1,0.0
JHlN,0,1,1,0.0
JHmB,0,1,1,0.0
JHmH,2,0,2,1.0
JHmI,1,0,1,1.0
JHmL,1,0,1,1.0
JHmM,0,2,2,0.0
JHmN,0,1,1,0.0
JHmP,0,0,0,
JHmm,0,1,1,0.0
JHms,1,0,1,1.0
JHnD,0,0,0,
JHnN,0,2,2,0.0
JHnP,0,1,1,0.0
JHsM,0,1,1,0.0
JHsN,0,0,0,
JHsP,1,1,2,0.5
JHsb,1,0,1,1.0
JHsm,0,0,0,
JHss,1,0,1,1.0
JIBL,1,0,1,1.0
JIBM,1,0,1,1.0
JIBm,1,0,1,1.0
JIDM,0,2,2,0.0
JIHn,1,0,1,1.0
JIIm,0,0,0,
JINt,1,0,1,1.0
JIPB,1,0,1,1.0
JIPK,1,0,1,1.0
JIPN,1,0,1,1.0
JIPP,0,1,1,0.0
JIbB,1,0,1,1.0
JInP,0,0,0,
JKHB,0,1,1,0.0
JKLL,0,1,1,0.0
JKNB,1,0,1,1.0
JKPP,0,0,0,
JKPl,1,0,1,1.0
JKbm,1,0,1,1.0
JKlB,0,1,1,0.0
JKns,0,1,1,0.0
JLBB,1,0,1,1.0
JLBN,1,1,2,0.5
JLBb,0,0,0,
JLBm,0,1,1,0.0
JLBn,0,1,1,0.0
JLKm,0,1,1,0.0
JLLn,1,0,1,1.0
JLMB,1,0,1,1.0
JLML,0,0,0,
JLMN,0,1,1,0.0
JLMm,1,1,2,0.5
JLMn,2,0,2,1.0
JLNB,1,0,1,1.0
JLND,0,1,1,0.0
JLNm,1,0,1,1.0
JLPB,0,0,0,
JLPM,1,1,2,0.5
JLPS,0,0,0,
JLPb,1,0,1,1.0
JLSP,1,0,1,1.0
JLSm,0,1,1,0.0
JLbB,0,1,1,0.0
JLbn,0,0,0,
JLbs,0,0,0,
JLhN,0,1,1,0.0
JLlN,1,0,1,1.0
JLmM,0,0,0,
JLmb,1,0,1,1.0
JLnD,0,1,1,0.0
JLnK,0,1,1,0.0
JLnN,2,1,3,0.67
JLnP,1,0,1,1.0
JLnn,1,0,1,1.0
JLns,0,1,1,0.0
JLsS,2,0,2,1.0
JLsm,0,2,2,0.0
JMBB,1,0,1,1.0
JMBM,0,1,1,0.0
JMBS,1,1,2,0.5
JMBb,0,1,1,0.0
JMBm,1,0,1,1.0
JMBs,0,0,0,
JMDL,1,0,1,1.0
JMDM,0,1,1,0.0
JMDP,0,1,1,0.0
JMDb,1,0,1,1.0
JMDm,1,1,2,0.5
JMDs,0,0,0,
JMLM,1,0,1,1.0
JMLN,0,1,1,0.0
JMMB,0,1,1,0.0
JMMD,1,0,1,1.0
JMML,0,1,1,0.0
JMMM,0,1,1,0.0
JMMN,0,2,2,0.0
JMMP,0,1,1,0.0
JMMS,0,1,1,0.0
JMMb,1,0,1,1.0
JMMh,0,2,2,0.0
JMMm,0,1,1,0.0
JMMn,1,1,2,0.5
JMNB,1,0,1,1.0
JMNP,0,0,0,
JMNS,1,0,1,1.0
JMNm,0,1,1,0.0
JMNn,1,2,3,0.33
JMPB,0,1,1,0.0
JMPH,2,0,2,1.0
JMPM,2,1,3,0.67
JMPP,1,1,2,0.5
JMPb,1,1,2,0.5
JMPl,1,1,2,0.5
JMPm,1,1,2,0.5
JMPn,0,1,1,0.0
JMPs,1,0,1,1.0
JMSM,0,1,1,0.0
JMSP,0,1,1,0.0
JMSS,1,0,1,1.0
JMSb,0,0,0,
JMSh,1,0,1,1.0
JMSm,0,1,1,0.0
JMSn,0,2,2,0.0
JMSs,0,1,1,0.0
JMbB,2,1,3,0.67
JMbJ,1,0,1,1.0
JMbL,0,1,1,0.0
JMbM,0,1,1,0.0
JMbN,0,1,1,0.0
JMbb,0,1,1,0.0
JMbm,0,0,0,
JMbn,1,0,1,1.0
JMhB,1,0,1,1.0
JMhM,0,2,2,0.0
JMhP,1,0,1,1.0
JMhS,1,0,1,1.0
JMhb,1,0,1,1.0
JMhm,0,1,1,0.0
JMhn,1,0,1,1.0
JMhs,0,1,1,0.0
JMmB,2,0,2,1.0
JMmH,2,2,4,0.5
JMmM,1,0,1,1.0
JMmN,0,0,0,
JMmP,1,0,1,1.0
JMmS,0,2,2,0.0
JMmb,1,1,2,0.5
JMmh,0,1,1,0.0
JMml,1,1,2,0.5
JMmm,2,0,2,1.0
JMmn,3,2,5,0.6
JMms,1,1,2,0.5
JMnB,0,1,1,0.0
JMnL,1,0,1,1.0
JMnM,1,1,2,0.5
JMnN,2,2,4,0.5
JMnP,3,0,3,1.0
JMnb,0,2,2,0.0
JMnn,1,0,1,1.0
JMns,1,0,1,1.0
JMsB,1,0,1,1.0
JMsI,1,0,1,1.0
JMsN,2,0,2,1.0
JMsP,1,0,1,1.0
JMsS,0,0,0,
JMsb,1,0,1,1.0
JMsl,0,0,0,
JMsn,0,1,1,0.0
JMss,1,0,1,1.0
JNBL,0,2,2,0.0
JNBM,1,1,2,0.5
JNBP,1,0,1,1.0
JNBS,1,1,2,0.5
JNBb,1,1,2,0.5
JNDB,1,0,1,1.0
JNDS,0,1,1,0.0
JNDb,0,2,2,0.0
JNHN,0,1,1,0.0
JNHh,0,0,0,
JNHn,0,0,0,
JNKL,0,1,1,0.0
JNKP,0,0,0,
JNKS,1,0,1,1.0
JNKm,0,0,0,
JNMB,0,2,2,0.0
JNML,1,1,2,0.5
JNMP,2,0,2,1.0
JNMh,1,1,2,0.5
JNMm,0,3,3,0.0
JNMn,0,2,2,0.0
JNNM,2,1,3,0.67
JNNN,0,1,1,0.0
JNNS,1,2,3,0.33
JNNb,0,1,1,0.0
JNNl,0,1,1,0.0
JNNm,1,0,1,1.0
JNNs,1,0,1,1.0
JNPL,1,0,1,1.0
JNPM,1,0,1,1.0
JNPN,1,0,1,1.0
JNPP,2,1,3,0.67
JNPS,1,0,1,1.0
JNPb,1,1,2,0.5
JNPm,1,0,1,1.0
JNPn,1,0,1,1.0
JNPs,0,2,2,0.0
JNSB,1,0,1,1.0
JNSN,0,1,1,0.0
JNSP,1,2,3,0.33
JNSS,1,0,1,1.0
JNSn,0,0,0,
JNSs,0,3,3,0.0
JNbB,0,0,0,
JNbM,1,1,2,0.5
JNbN,1,0,1,1.0
JNbP,1,0,1,1.0
JNbm,1,1,2,0.5
JNbn,0,2,2,0.0
JNhB,0,0,0,
JNhM,0,1,1,0.0
JNhh,0,0,0,
JNhm,1,0,1,1.0
JNhs,1,0,1,1.0
JNlP,0,1,1,0.0
JNlS,0,1,1,0.0
JNmH,1,1,2,0.5
JNmM,1,0,1,1.0
JNmS,0,0,0,
JNmb,0,1,1,0.0
JNml,0,0,0,
JNnL,0,3,3,0.0
JNnM,1,0,1,1.0
JNnS,0,0,0,
JNnb,0,1,1,0.0
JNnm,1,0,1,1.0
JNns,0,1,1,0.0
JNsM,1,2,3,0.33
JNsS,0,1,1,0.0
JNsm,2,0,2,1.0
JNsn,0,1,1,0.0
JPBK,0,1,1,0.0
JPBM,1,0,1,1.0
JPBS,1,0,1,1.0
JPBb,1,1,2,0.5
JPBm,1,0,1,1.0
JPBn,0,1,1,0.0
JPBs,1,0,1,1.0
JPDB,1,0,1,1.0
JPDM,1,0,1,1.0
JPHM,1,0,1,1.0
JPHn,0,1,1,0.0
JPKM,0,1,1,0.0
JPKS,0,1,1,0.0
JPKh,1,0,1,1.0
JPKl,0,0,0,
JPLj,0,0,0,
JPLm,1,0,1,1.0
JPLn,0,1,1,0.0
JPLs,0,1,1,0.0
JPLt,0,1,1,0.0
JPMB,0,2,2,0.0
JPMM,0,3,3,0.0
JPMN,1,0,1,1.0
JPMP,2,0,2,1.0
JPMb,2,1,3,0.67
JPMh,1,0,1,1.0
JPMl,1,0,1,1.0
JPMm,0,0,0,
JPMn,1,0,1,1.0
JPMs,0,1,1,0.0
JPNM,1,1,2,0.5
JPNN,0,0,0,
JPNP,2,1,3,0.67
JPNS,2,0,2,1.0
JPNl,1,0,1,1.0
JPNm,0,1,1,0.0
JPNn,0,3,3,0.0
JPPD,0,1,1,0.0
JPPM,2,1,3,0.67
JPPN,2,0,2,1.0
JPPP,3,2,5,0.6
JPPS,0,1,1,0.0
JPPb,0,0,0,
JPPm,0,0,0,
JPPs,0,2,2,0.0
JPSB,1,1,2,0.5
JPSM,1,1,2,0.5
JPSN,1,0,1,1.0
JPSS,0,2,2,0.0
JPSn,1,0,1,1.0
JPSs,1,0,1,1.0
JPbB,0,1,1,0.0
JPbI,0,1,1,0.0
JPbM,2,1,3,0.67
JPbN,0,3,3,0.0
JPbP,2,1,3,0.67
JPbS,1,0,1,1.0
JPbb,0,2,2,0.0
JPbm,3,0,3,1.0
JPhL,1,0,1,1.0
JPhn,1,0,1,1.0
JPlH,0,1,1,0.0
JPlb,0,0,0,
JPlm,0,1,1,0.0
JPls,1,0,1,1.0
JPmB,0,1,1,0.0
JPmD,1,1,2,0.5
JPmH,0,2,2,0.0
JPmL,1,0,1,1.0
JPmM,0,2,2,0.0
JPmP,2,0,2,1.0
JPmb,2,2,4,0.5
JPmm,1,1,2,0.5
JPmn,1,0,1,1.0
JPms,2,0,2,1.0
JPnB,1,0,1,1.0
JPnD,0,1,1,0.0
JPnL,1,0,1,1.0
JPnM,0,1,1,0.0
JPnP,1,2,3,0.33
JPnS,0,1,1,0.0
JPnb,0,0,0,
JPnh,1,0,1,1.0
JPnn,0,1,1,0.0
JPns,1,1,2,0.5
JPsB,0,1,1,0.0
JPsD,0,0,0,
JPsH,0,1,1,0.0
JPsL,0,1,1,0.0
JPsM,0,1,1,0.0
JPsS,1,0,1,1.0
JPsb,2,0,2,1.0
JPsl,0,0,0,
JPss,1,0,1,1.0
JPtb,0,0,0,
JSBN,0,0,0,
JSBP,1,0,1,1.0
JSBb,1,0,1,1.0
JSBm,1,0,1,1.0
JSBn,1,0,1,1.0
JSBs,0,1,1,0.0
JSDH,0,0,0,
JSDM,2,0,2,1.0
JSDS,1,0,1,1.0
JSHB,1,0,1,1.0
JSHP,0,1,1,0.0
JSHm,0,0,0,
JSHn,0,0,0,
JSLb,0,0,0,
JSLn,3,0,3,1.0
JSLs,0,1,1,0.0
JSMM,0,1,1,0.0
JSMP,0,0,0,
JSMS,1,0,1,1.0
JSMh,0,1,1,0.0
JSMl,1,0,1,1.0
JSMm,0,0,0,
JSMn,0,1,1,0.0
JSMt,0,1,1,0.0
JSNM,0,0,0,
JSNS,0,1,1,0.0
JSNm,1,0,1,1.0
JSPL,0,1,1,0.0
JSPN,1,0,1,1.0
JSPP,1,0,1,1.0
JSPS,0,0,0,
JSPn,1,0,1,1.0
JSSB,1,0,1,1.0
JSSL,1,0,1,1.0
JSSM,0,0,0,
JSbB,0,1,1,0.0
JSbD,0,1,1,0.0
JSbH,1,0,1,1.0
JSbJ,0,1,1,0.0
JSbM,2,0,2,1.0
JSbN,1,1,2,0.5
JSbS,1,0,1,1.0
JSbl,0,1,1,0.0
JShS,1,0,1,1.0
JShn,1,0,1,1.0
JShs,1,0,1,1.0
JSlm,0,0,0,
JSln,1,0,1,1.0
JSls,0,1,1,0.0
JSmD,0,2,2,0.0
JSmH,1,0,1,1.0
JSmL,0,2,2,0.0
JSmM,1,0,1,1.0
JSmN,1,0,1,1.0
JSmP,0,0,0,
JSmS,0,2,2,0.0
JSmb,1,0,1,1.0
JSmn,1,0,1,1.0
JSnB,0,1,1,0.0
JSnN,2,0,2,1.0
JSnb,1,0,1,1.0
JSsB,0,1,1,0.0
JSsM,0,1,1,0.0
JSsP,1,0,1,1.0
JSsb,1,0,1,1.0
JSsh,0,1,1,0.0
JSsl,1,0,1,1.0
JSsm,0,0,0,
JSsn,1,0,1,1.0
JStB,0,1,1,0.0
JStP,1,0,1,1.0
JbBL,0,1,1,0.0
JbBP,0,2,2,0.0
JbBS,0,1,1,0.0
JbBb,0,2,2,0.0
JbBl,0,1,1,0.0
JbBm,0,1,1,0.0
JbBn,1,0,1,1.0
JbBs,0,0,0,
JbBt,1,0,1,1.0
JbDP,0,1,1,0.0
JbHP,0,2,2,0.0
JbHb,0,1,1,0.0
JbHn,1,0,1,1.0
JbJL,0,1,1,0.0
JbJN,1,0,1,1.0
JbJP,0,1,1,0.0
JbKB,0,0,0,
JbLP,1,1,2,0.5
JbMB,3,0,3,1.0
JbMD,0,1,1,0.0
JbML,1,1,2,0.5
JbMM,0,2,2,0.0
JbMN,0,2,2,0.0
JbMP,0,3,3,0.0
JbMS,1,1,2,0.5
JbMl,0,1,1,0.0
JbMm,1,1,2,0.5
JbNB,1,2,3,0.33
JbNM,0,0,0,
JbNN,0,1,1,0.0
JbNP,1,0,1,1.0
JbNm,2,2,4,0.5
JbPK,2,1,3,0.67
JbPL,0,1,1,0.0
JbPN,1,0,1,1.0
JbPP,1,0,1,1.0
JbPS,1,1,2,0.5
JbPl,1,1,2,0.5
JbPm,1,0,1,1.0
JbPs,0,1,1,0.0
JbSB,1,0,1,1.0
JbSD,0,1,1,0.0
JbSN,0,0,0,
JbSm,0,2,2,0.0
JbbB,2,0,2,1.0
JbbH,1,0,1,1.0
JbbL,1,0,1,1.0
JbbM,0,0,0,
JbbN,2,0,2,1.0
JbbP,3,1,4,0.75
JbbS,0,1,1,0.0
Jbbb,1,0,1,1.0
Jbbm,1,0,1,1.0
JblB,1,0,1,1.0
JblD,1,0,1,1.0
JblN,0,1,1,0.0
Jbln,1,0,1,1.0
JbmB,0,1,1,0.0
JbmD,0,1,1,0.0
JbmL,0,1,1,0.0
JbmM,1,0,1,1.0
JbmN,0,1,1,0.0
JbmP,0,2,2,0.0
Jbmb,1,0,1,1.0
Jbmm,1,0,1,1.0
Jbmn,0,0,0,
Jbms,0,0,0,
JbnB,0,1,1,0.0
JbnL,0,0,0,
JbnM,1,0,1,1.0
JbnN,1,0,1,1.0
JbnP,2,0,2,1.0
JbnS,1,0,1,1.0
Jbnb,1,0,1,1.0
Jbnl,0,0,0,
Jbnm,2,0,2,1.0
JbsB,0,1,1,0.0
JbsM,2,0,2,1.0
Jbsl,0,0,0,
Jbsm,0,1,1,0.0
JhIl,1,0,1,1.0
JhMn,1,0,1,1.0
JhMs,0,0,0,
JhPK,1,0,1,1.0
JhPm,0,1,1,0.0
JhhM,1,0,1,1.0
JhhS,0,1,1,0.0
Jhhm,1,0,1,1.0
Jhlm,0,1,1,0.0
JhmB,1,0,1,1.0
JhmM,1,0,1,1.0
Jhmn,1,0,1,1.0
JhsM,1,0,1,1.0
JhsS,1,0,1,1.0
JlBM,1,0,1,1.0
JlBP,0,0,0,
JlBl,0,1,1,0.0
JlBm,1,0,1,1.0
JlDB,0,1,1,0.0
JlIN,1,0,1,1.0
JlLj,1,0,1,1.0
JlLm,1,0,1,1.0
JlMM,1,0,1,1.0
JlMP,0,1,1,0.0
JlMh,0,1,1,0.0
JlMm,1,0,1,1.0
JlMn,0,1,1,0.0
JlMs,1,0,1,1.0
JlNM,0,1,1,0.0
JlNN,0,1,1,0.0
JlNb,0,1,1,0.0
JlNm,1,0,1,1.0
JlNs,0,1,1,0.0
JlPL,0,1,1,0.0
JlPP,0,1,1,0.0
JlSB,1,1,2,0.5
JlSP,0,0,0,
JlbI,0,1,1,0.0
JlbL,1,0,1,1.0
JlbM,1,0,1,1.0
JlbN,1,0,1,1.0
JlbP,0,0,0,
JlbS,0,1,1,0.0
JllB,1,0,1,1.0
JllM,0,1,1,0.0
Jllm,0,1,1,0.0
JlmL,0,1,1,0.0
JlmM,0,0,0,
JlmS,0,0,0,
JlnD,0,1,1,0.0
JlnM,0,1,1,0.0
JlnP,0,0,0,
Jlnb,0,2,2,0.0
JlsL,1,0,1,1.0
Jlsb,1,0,1,1.0
Jlsm,0,1,1,0.0
JmBB,1,1,2,0.5
JmBM,2,0,2,1.0
JmBP,0,3,3,0.0
JmBS,0,1,1,0.0
JmBm,2,0,2,1.0
JmBn,0,0,0,
JmBs,1,0,1,1.0
JmDD,0,0,0,
JmDM,1,0,1,1.0
JmDP,0,1,1,0.0
JmDn,0,0,0,
JmHB,0,1,1,0.0
JmHM,1,0,1,1.0
JmHN,1,2,3,0.33
JmHn,1,0,1,1.0
JmHs,1,1,2,0.5
JmIP,0,1,1,0.0
JmJM,0,2,2,0.0
JmJb,0,1,1,0.0
JmLP,0,0,0,
JmLS,0,2,2,0.0
JmLb,0,1,1,0.0
JmLl,1,0,1,1.0
JmLm,2,0,2,1.0
JmMB,2,2,4,0.5
JmMM,0,1,1,0.0
JmMN,0,1,1,0.0
JmMP,1,0,1,1.0
JmMb,1,1,2,0.5
JmMh,0,0,0,
JmMm,0,1,1,0.0
JmMn,1,0,1,1.0
JmNB,1,0,1,1.0
JmNM,0,0,0,
JmNN,0,1,1,0.0
JmNP,1,1,2,0.5
JmNb,0,1,1,0.0
JmNh,1,0,1,1.0
JmNm,0,1,1,0.0
JmNn,2,1,3,0.67
JmPB,1,2,3,0.33
JmPI,0,1,1,0.0
JmPK,0,1,1,0.0
JmPL,0,0,0,
JmPN,1,0,1,1.0
JmPP,0,0,0,
JmPb,1,1,2,0.5
JmPh,0,1,1,0.0
JmPn,0,0,0,
JmSH,0,1,1,0.0
JmSP,0,1,1,0.0
JmSS,0,0,0,
JmSs,2,0,2,1.0
JmbK,0,0,0,
JmbM,0,2,2,0.0
JmbN,0,1,1,0.0
JmbP,0,1,1,0.0
JmbS,1,0,1,1.0
Jmbm,1,0,1,1.0
Jmbn,2,0,2,1.0
Jmbs,1,0,1,1.0
JmlB,0,1,1,0.0
JmlH,0,0,0,
JmlI,0,0,0,
Jmll,1,0,1,1.0
JmmB,3,1,4,0.75
JmmN,0,1,1,0.0
JmmP,1,2,3,0.33
JmmS,0,2,2,0.0
Jmmb,2,1,3,0.67
Jmmm,1,2,3,0.33
Jmms,1,0,1,1.0
JmnB,0,2,2,0.0
JmnM,0,2,2,0.0
JmnN,1,1,2,0.5
JmnP,1,0,1,1.0
Jmnb,1,0,1,1.0
Jmnm,1,0,1,1.0
Jmnn,0,1,1,0.0
Jmns,1,0,1,1.0
JmsB,0,1,1,0.0
JmsI,0,1,1,0.0
JmsL,1,0,1,1.0
JmsM,0,0,0,
JmsP,0,1,1,0.0
Jmsm,0,1,1,0.0
Jmsn,1,0,1,1.0
Jmss,1,0,1,1.0
JnBB,1,1,2,0.5
JnBL,1,0,1,1.0
JnBN,0,1,1,0.0
JnBP,1,2,3,0.33
JnBS,0,1,1,0.0
JnBb,1,0,1,1.0
JnBj,1,0,1,1.0
JnBl,0,1,1,0.0
JnDB,0,1,1,0.0
JnDH,1,0,1,1.0
JnDM,1,0,1,1.0
JnDN,0,1,1,0.0
JnDm,1,1,2,0.5
JnHB,0,1,1,0.0
JnHM,0,0,0,
JnHN,1,0,1,1.0
JnHm,2,0,2,1.0
JnIP,0,1,1,0.0
JnKL,1,0,1,1.0
JnLS,0,0,0,
JnLs,1,0,1,1.0
JnMb,1,2,3,0.33
JnMh,1,1,2,0.5
JnMm,1,1,2,0.5
JnMn,1,1,2,0.5
JnNB,1,0,1,1.0
JnND,1,0,1,1.0
JnNL,1,1,2,0.5
JnNN,0,0,0,
JnNP,3,0,3,1.0
JnNS,1,0,1,1.0
JnNh,1,0,1,1.0
JnNm,0,1,1,0.0
JnNn,0,1,1,0.0
JnNs,0,1,1,0.0
JnPB,2,0,2,1.0
JnPH,0,1,1,0.0
JnPM,1,0,1,1.0
JnPN,0,2,2,0.0
JnPP,1,0,1,1.0
JnPS,0,2,2,0.0
JnPb,0,0,0,
JnPh,0,0,0,
JnPl,1,0,1,1.0
JnPm,0,0,0,
JnPn,1,2,3,0.33
JnSB,1,0,1,1.0
JnSM,1,0,1,1.0
JnSP,0,1,1,0.0
JnSS,1,0,1,1.0
JnSn,0,1,1,0.0
JnSs,1,0,1,1.0
JnbB,1,0,1,1.0
JnbM,1,0,1,1.0
JnbN,0,0,0,
JnbP,0,1,1,0.0
Jnbb,0,0,0,
JnlN,0,1,1,0.0
Jnlb,1,0,1,1.0
JnmD,0,2,2,0.0
JnmS,0,1,1,0.0
Jnmb,1,0,1,1.0
Jnmm,0,1,1,0.0
Jnmn,1,1,2,0.5
Jnms,1,0,1,1.0
JnnB,1,0,1,1.0
JnnD,0,1,1,0.0
JnnH,1,1,2,0.5
JnnP,1,0,1,1.0
JnnS,1,0,1,1.0
Jnnb,1,0,1,1.0
Jnnl,0,1,1,0.0
Jnnn,2,2,4,0.5
JnsB,0,1,1,0.0
JnsM,0,3,3,0.0
JnsS,0,0,0,
Jnsm,1,1,2,0.5
Jnsn,0,1,1,0.0
Jnss,1,0,1,1.0
JsBM,1,1,2,0.5
JsBN,1,0,1,1.0
JsBP,1,1,2,0.5
JsBn,0,1,1,0.0
JsDH,0,1,1,0.0
JsDM,0,2,2,0.0
JsDN,0,1,1,0.0
JsHB,0,1,1,0.0
JsHS,0,1,1,0.0
JsHl,0,1,1,0.0
JsHn,0,0,0,
JsLB,0,1,1,0.0
JsLN,0,1,1,0.0
JsLP,0,1,1,0.0
JsLs,1,0,1,1.0
JsMM,1,1,2,0.5
JsMN,1,0,1,1.0
JsMP,0,1,1,0.0
JsMb,1,0,1,1.0
JsMh,0,1,1,0.0
JsMm,0,0,0,
JsMn,1,2,3,0.33
JsMs,1,0,1,1.0
JsNN,1,0,1,1.0
JsNP,1,1,2,0.5
JsNS,0,1,1,0.0
JsNn,1,1,2,0.5
JsNs,0,1,1,0.0
JsPB,0,0,0,
JsPH,1,1,2,0.5
JsPL,0,1,1,0.0
JsPM,1,0,1,1.0
JsPN,1,1,2,0.5
JsPP,0,1,1,0.0
JsPb,0,1,1,0.0
JsPl,0,1,1,0.0
JsPm,0,1,1,0.0
JsPn,0,1,1,0.0
JsSs,1,0,1,1.0
JsbB,1,0,1,1.0
JsbM,0,1,1,0.0
Jsbn,0,1,1,0.0
Jshm,0,0,0,
JslI,0,1,1,0.0
JslM,1,0,1,1.0
JslN,0,1,1,0.0
JslS,0,1,1,0.0
Jsln,1,0,1,1.0
Jsls,1,0,1,1.0
JsmB,1,1,2,0.5
JsmJ,0,1,1,0.0
JsmL,0,1,1,0.0
JsmN,1,2,3,0.33
JsmP,0,1,1,0.0
JsmS,2,1,3,0.67
Jsmn,0,1,1,0.0
JsnM,1,1,2,0.5
JsnP,2,0,2,1.0
JsnS,0,1,1,0.0
Jsnb,1,0,1,1.0
Jsnm,1,1,2,0.5
JssB,0,0,0,
JssD,0,1,1,0.0
JssP,1,0,1,1.0
JssS,1,0,1,1.0
Jssn,0,1,1,0.0
JstP,1,0,1,1.0
Jsts,0,1,1,0.0
JtBL,0,1,1,0.0
JtBP,0,1,1,0.0
JtKs,1,0,1,1.0
JtMS,1,0,1,1.0
JtNm,1,0,1,1.0
Jtbn,0,1,1,0.0
Jtll,1,0,1,1.0
Jtmb,0,1,1,0.0
JtnD,0,0,0,
JtsH,1,0,1,1.0
Jtsn,1,0,1,1.0
KBBB,0,0,0,
KBBD,0,1,1,0.0
KBBN,0,3,3,0.0
KBBP,0,1,1,0.0
KBBb,0,1,1,0.0
KBBm,0,0,0,
KBBn,2,1,3,0.67
KBBs,1,1,2,0.5
KBDN,1,0,1,1.0
KBDP,0,1,1,0.0
KBDb,0,1,1,0.0
KBHm,1,0,1,1.0
KBKB,1,0,1,1.0
KBKM,1,0,1,1.0
KBKS,1,0,1,1.0
KBKb,0,1,1,0.0
KBLN,1,0,1,1.0
KBLh,1,0,1,1.0
KBLl,1,2,3,0.33
KBLn,0,1,1,0.0
KBMM,1,1,2,0.5
KBMN,2,0,2,1.0
KBMP,3,1,4,0.75
KBMS,1,2,3,0.33
KBMb,0,2,2,0.0
KBMh,1,1,2,0.5
KBMl,0,0,0,
KBMn,0,1,1,0.0
KBNB,1,0,1,1.0
KBNM,0,3,3,0.0
KBNN,0,1,1,0.0
KBNP,2,1,3,0.67
KBNS,2,1,3,0.67
KBNb,1,0,1,1.0
KBNh,0,0,0,
KBNl,1,0,1,1.0
KBNm,0,1,1,0.0
KBNn,1,2,3,0.33
KBNs,0,1,1,0.0
KBPB,1,2,3,0.33
KBPH,0,1,1,0.0
KBPL,0,1,1,0.0
KBPM,2,2,4,0.5
KBPP,1,0,1,1.0
KBPS,2,0,2,1.0
KBPb,1,0,1,1.0
KBPh,0,0,0,
KBPm,3,3,6,0.5
KBPn,0,2,2,0.0
KBPs,1,0,1,1.0
KBSI,0,1,1,0.0
KBSl,0,1,1,0.0
KBSm,0,1,1,0.0
KBSs,0,1,1,0.0
KBbB,0,2,2,0.0
KBbM,0,1,1,0.0
KBbN,1,0,1,1.0
KBbP,3,0,3,1.0
KBbm,1,0,1,1.0
KBhn,1,0,1,1.0
KBjL,1,0,1,1.0
KBlB,0,1,1,0.0
KBlH,2,0,2,1.0
KBlP,0,1,1,0.0
KBlS,1,1,2,0.5
KBmB,1,1,2,0.5
KBmD,0,0,0,
KBmH,2,0,2,1.0
KBmK,0,1,1,0.0
KBmL,2,0,2,1.0
KBmM,3,1,4,0.75
KBmP,1,1,2,0.5
KBmS,3,0,3,1.0
KBmb,2,0,2,1.0
KBml,1,1,2,0.5
KBmm,1,1,2,0.5
KBms,0,1,1,0.0
KBnB,0,1,1,0.0
KBnD,1,0,1,1.0
KBnM,1,2,3,0.33
KBnN,0,1,1,0.0
KBnS,2,0,2,1.0
KBnb,1,1,2,0.5
KBnh,0,0,0,
KBnm,0,1,1,0.0
KBnn,1,1,2,0.5
KBns,0,0,0,
KBsH,1,0,1,1.0
KBsL,0,1,1,0.0
KBsM,0,1,1,0.0
KBsN,1,0,1,1.0
KBsP,1,0,1,1.0
KBsS,1,0,1,1.0
KBsb,0,0,0,
KBsm,0,1,1,0.0
KBss,0,0,0,
KDBB,1,0,1,1.0
KDBM,1,1,2,0.5
KDBP,0,1,1,0.0
KDBb,0,1,1,0.0
KDBm,2,0,2,1.0
KDBn,0,1,1,0.0
KDDD,1,0,1,1.0
KDDL,0,0,0,
KDDM,1,0,1,1.0
KDDP,1,0,1,1.0
KDDb,0,1,1,0.0
KDHI,1,0,1,1.0
KDHS,1,0,1,1.0
KDHm,0,1,1,0.0
KDHn,0,0,0,
KDKS,0,1,1,0.0
KDLD,1,0,1,1.0
KDLN,0,1,1,0.0
KDLP,0,1,1,0.0
KDLh,0,0,0,
KDLm,0,0,0,
KDMB,1,0,1,1.0
KDMM,1,0,1,1.0
KDMb,0,1,1,0.0
KDMl,0,1,1,0.0
KDMs,1,0,1,1.0
KDND,0,1,1,0.0
KDNK,0,0,0,
KDNM,0,1,1,0.0
KDNN,1,0,1,1.0
KDNm,1,0,1,1.0
KDNs,1,0,1,1.0
KDPB,0,0,0,
KDPM,0,1,1,0.0
KDPm,0,0,0,
KDPs,1,1,2,0.5
KDSm,0,1,1,0.0
KDSn,0,0,0,
KDbN,1,1,2,0.5
KDbb,0,1,1,0.0
KDbm,0,1,1,0.0
KDbn,0,1,1,0.0
KDlH,1,0,1,1.0
KDlL,0,0,0,
KDlm,0,1,1,0.0
KDmH,0,1,1,0.0
KDmN,1,0,1,1.0
KDmS,1,0,1,1.0
KDmb,1,0,1,1.0
KDmm,1,0,1,1.0
KDnb,0,1,1,0.0
KDnm,1,0,1,1.0
KDnn,0,1,1,0.0
KDsD,1,0,1,1.0
KDsM,0,0,0,
KDsl,0,1,1,0.0
KDsm,0,0,0,
KDtM,0,1,1,0.0
KHBP,0,1,1,0.0
KHBb,0,1,1,0.0
KHIP,0,1,1,0.0
KHKP,0,1,1,0.0
KHMB,1,1,2,0.5
KHMh,0,1,1,0.0
KHNB,1,0,1,1.0
KHNK,0,0,0,
KHNS,0,0,0,
KHNb,1,0,1,1.0
KHPL,0,0,0,
KHPm,1,0,1,1.0
KHSP,0,0,0,
KHSn,2,0,2,1.0
KHSs,0,1,1,0.0
KHbD,0,1,1,0.0
KHbP,1,0,1,1.0
KHhm,0,0,0,
KHhs,0,1,1,0.0
KHlN,0,0,0,
KHmB,0,0,0,
KHmN,0,1,1,0.0
KHmS,0,1,1,0.0
KHnB,0,1,1,0.0
KHnS,0,0,0,
KHnm,0,1,1,0.0
KHnn,0,0,0,
KHns,1,0,1,1.0
KHsH,1,0,1,1.0
KHsM,0,1,1,0.0
KHsP,0,0,0,
KHsS,0,0,0,
KIBB,1,0,1,1.0
KIDH,1,0,1,1.0
KIHN,1,0,1,1.0
KIHs,1,0,1,1.0
KILh,1,0,1,1.0
KIMh,1,0,1,1.0
KIMl,0,1,1,0.0
KINP,1,0,1,1.0
KINm,0,1,1,0.0
KIPM,1,0,1,1.0
KIPm,0,1,1,0.0
KISS,1,0,1,1.0
KISh,0,1,1,0.0
KISs,1,0,1,1.0
KIbL,0,1,1,0.0
KIbM,1,0,1,1.0
KIbm,1,0,1,1.0
KIlH,1,0,1,1.0
KImH,0,0,0,
KImP,0,0,0,
KImS,0,1,1,0.0
KInM,0,1,1,0.0
KInS,0,1,1,0.0
KInn,1,0,1,1.0
KIsH,0,0,0,
KIsl,0,1,1,0.0
KKPn,0,0,0,
KKnb,0,0,0,
KLBB,0,0,0,
KLBK,0,1,1,0.0
KLBL,1,0,1,1.0
KLBM,0,0,0,
KLBN,0,1,1,0.0
KLBP,3,2,5,0.6
KLBm,0,1,1,0.0
KLBn,1,1,2,0.5
KLDb,1,0,1,1.0
KLLD,0,1,1,0.0
KLLl,1,0,1,1.0
KLLn,0,3,3,0.0
KLMB,0,1,1,0.0
KLMD,1,0,1,1.0
KLMN,0,0,0,
KLMl,0,1,1,0.0
KLMn,1,0,1,1.0
KLNL,1,1,2,0.5
KLNM,1,0,1,1.0
KLNS,0,0,0,
KLNb,1,0,1,1.0
KLNn,1,1,2,0.5
KLPB,0,0,0,
KLPL,0,1,1,0.0
KLPM,0,1,1,0.0
KLPN,0,1,1,0.0
KLPP,0,0,0,
KLPS,0,1,1,0.0
KLPb,0,1,1,0.0
KLPm,1,2,3,0.33
KLPn,1,0,1,1.0
KLPs,0,1,1,0.0
KLSB,0,1,1,0.0
KLSN,1,0,1,1.0
KLSP,0,0,0,
KLSS,1,0,1,1.0
KLSb,0,1,1,0.0
KLbB,0,0,0,
KLbJ,0,1,1,0.0
KLbP,0,2,2,0.0
KLbb,1,0,1,1.0
KLbl,1,0,1,1.0
KLbn,0,0,0,
KLhB,1,0,1,1.0
KLjm,1,0,1,1.0
KLlH,1,0,1,1.0
KLlP,0,1,1,0.0
KLmD,1,0,1,1.0
KLmJ,0,1,1,0.0
KLmM,0,1,1,0.0
KLmN,1,0,1,1.0
KLmb,0,0,0,
KLmm,3,1,4,0.75
KLmn,1,0,1,1.0
KLnB,1,0,1,1.0
KLnD,0,1,1,0.0
KLnL,0,1,1,0.0
KLnN,0,1,1,0.0
KLnm,1,0,1,1.0
KLsH,0,1,1,0.0
KLsP,1,0,1,1.0
KLtM,1,0,1,1.0
KMBB,2,0,2,1.0
KMBM,0,2,2,0.0
KMBN,0,2,2,0.0
KMBP,1,2,3,0.33
KMBS,0,1,1,0.0
KMBb,1,3,4,0.25
KMBl,1,0,1,1.0
KMBm,1,2,3,0.33
KMBn,1,1,2,0.5
KMDD,0,1,1,0.0
KMDH,0,1,1,0.0
KMDl,1,1,2,0.5
KMDm,2,0,2,1.0
KMDn,0,1,1,0.0
KMLB,0,1,1,0.0
KMLM,0,1,1,0.0
KMLN,0,1,1,0.0
KMLP,0,1,1,0.0
KMLS,1,0,1,1.0
KMLb,0,1,1,0.0
KMLl,0,1,1,0.0
KMLm,1,0,1,1.0
KMLn,1,1,2,0.5
KMMB,0,2,2,0.0
KMMD,0,0,0,
KMML,1,0,1,1.0
KMMM,0,2,2,0.0
KMMN,2,0,2,1.0
KMMP,4,0,4,1.0
KMMS,1,3,4,0.25
KMMb,1,1,2,0.5
KMMl,2,0,2,1.0
KMMm,4,1,5,0.8
KMMn,2,2,4,0.5
KMNB,0,0,0,
KMND,2,0,2,1.0
KMNM,0,1,1,0.0
KMNN,1,2,3,0.33
KMNP,1,0,1,1.0
KMNS,2,0,2,1.0
KMNb,3,0,3,1.0
KMNh,1,2,3,0.33
KMNl,0,1,1,0.0
KMNm,3,1,4,0.75
KMNn,1,1,2,0.5
KMPB,1,1,2,0.5
KMPK,1,0,1,1.0
KMPL,1,0,1,1.0
KMPM,1,1,2,0.5
KMPN,0,4,4,0.0
KMPP,2,1,3,0.67
KMPS,3,0,3,1.0
KMPb,0,1,1,0.0
KMPl,1,0,1,1.0
KMPm,1,3,4,0.25
KMPs,0,2,2,0.0
KMSB,1,1,2,0.5
KMSD,1,0,1,1.0
KMSK,0,0,0,
KMSM,0,1,1,0.0
KMSN,1,1,2,0.5
KMSP,0,1,1,0.0
KMSS,0,1,1,0.0
KMSb,0,1,1,0.0
KMSh,0,0,0,
KMSm,1,0,1,1.0
KMSn,2,0,2,1.0
KMbB,2,0,2,1.0
KMbD,0,0,0,
KMbJ,0,0,0,
KMbK,1,0,1,1.0
KMbL,1,0,1,1.0
KMbN,2,2,4,0.5
KMbP,1,1,2,0.5
KMbS,1,0,1,1.0
KMbm,1,4,5,0.2
KMbn,1,2,3,0.33
KMhB,0,1,1,0.0
KMhL,0,0,0,
KMhM,1,1,2,0.5
KMhP,1,1,2,0.5
KMhS,1,0,1,1.0
KMhb,1,0,1,1.0
KMhh,0,0,0,
KMhl,0,2,2,0.0
KMhm,0,1,1,0.0
KMhs,0,0,0,
KMjn,1,0,1,1.0
KMlD,1,0,1,1.0
KMlL,0,1,1,0.0
KMlM,1,0,1,1.0
KMlN,0,1,1,0.0
KMlP,1,2,3,0.33
KMlS,0,0,0,
KMlb,1,0,1,1.0
KMlm,1,1,2,0.5
KMln,1,1,2,0.5
KMmB,2,0,2,1.0
KMmD,0,1,1,0.0
KMmH,3,3,6,0.5
KMmL,2,1,3,0.67
KMmM,2,4,6,0.33
KMmN,3,2,5,0.6
KMmP,2,1,3,0.67
KMmS,2,0,2,1.0
KMmb,0,1,1,0.0
KMml,0,0,0,
KMmm,2,3,5,0.4
KMmn,2,0,2,1.0
KMms,0,1,1,0.0
KMnB,1,0,1,1.0
KMnD,0,1,1,0.0
KMnK,1,0,1,1.0
KMnL,0,1,1,0.0
KMnM,0,3,3,0.0
KMnN,2,0,2,1.0
KMnP,1,0,1,1.0
KMnS,0,1,1,0.0
KMnb,1,1,2,0.5
KMnm,1,0,1,1.0
KMnn,1,3,4,0.25
KMns,0,1,1,0.0
KMsB,1,0,1,1.0
KMsH,1,0,1,1.0
KMsK,0,1,1,0.0
KMsN,0,2,2,0.0
KMsS,2,0,2,1.0
KMsl,1,1,2,0.5
KMsm,3,0,3,1.0
KMsn,2,1,3,0.67
KMss,0,0,0,
KMtM,1,0,1,1.0
KMtn,0,1,1,0.0
KNBB,1,0,1,1.0
KNBD,0,1,1,0.0
KNBK,1,0,1,1.0
KNBM,1,1,2,0.5
KNBN,1,0,1,1.0
KNBP,1,1,2,0.5
KNBb,1,1,2,0.5
KNBm,2,0,2,1.0
KNBn,1,2,3,0.33
KNDB,1,0,1,1.0
KNDH,1,0,1,1.0
KNDP,0,0,0,
KNDm,0,1,1,0.0
KNHM,2,0,2,1.0
KNHP,1,0,1,1.0
KNHh,0,1,1,0.0
KNHs,0,1,1,0.0
KNKS,1,0,1,1.0
KNKn,1,1,2,0.5
KNLB,0,0,0,
KNLM,1,2,3,0.33
KNLP,0,1,1,0.0
KNLb,1,0,1,1.0
KNLh,0,0,0,
KNLm,0,1,1,0.0
KNLs,0,0,0,
KNMB,1,1,2,0.5
KNMM,1,1,2,0.5
KNMN,0,1,1,0.0
KNMP,1,1,2,0.5
KNMS,1,0,1,1.0
KNMb,1,2,3,0.33
KNMh,0,1,1,0.0
KNMl,0,2,2,0.0
KNMm,1,4,5,0.2
KNMn,0,1,1,0.0
KNMs,1,0,1,1.0
KNNN,0,4,4,0.0
KNNP,3,1,4,0.75
KNNb,1,0,1,1.0
KNNl,1,0,1,1.0
KNNn,0,1,1,0.0
KNNs,1,1,2,0.5
KNPB,2,0,2,1.0
KNPH,1,2,3,0.33
KNPL,0,1,1,0.0
KNPN,1,2,3,0.33
KNPP,1,2,3,0.33
KNPS,0,1,1,0.0
KNPh,1,1,2,0.5
KNPl,1,0,1,1.0
KNPm,1,1,2,0.5
KNPn,1,1,2,0.5
KNPs,1,1,2,0.5
KNSB,1,1,2,0.5
KNSD,0,0,0,
KNSI,0,1,1,0.0
KNSL,0,1,1,0.0
KNSM,0,2,2,0.0
KNSP,0,0,0,
KNSS,0,1,1,0.0
KNSl,0,0,0,
KNSs,1,0,1,1.0
KNbB,2,1,3,0.67
KNbD,0,2,2,0.0
KNbI,0,1,1,0.0
KNbK,0,1,1,0.0
KNbM,1,1,2,0.5
KNbN,0,2,2,0.0
KNbP,0,1,1,0.0
KNbS,0,2,2,0.0
KNbb,0,0,0,
KNbm,1,1,2,0.5
KNbn,0,1,1,0.0
KNbs,1,1,2,0.5
KNhl,0,1,1,0.0
KNlM,0,1,1,0.0
KNlN,0,1,1,0.0
KNlP,1,0,1,1.0
KNlS,1,0,1,1.0
KNlb,0,0,0,
KNll,1,0,1,1.0
KNlm,1,0,1,1.0
KNmH,1,0,1,1.0
KNmL,0,0,0,
KNmM,0,0,0,
KNmN,1,0,1,1.0
KNmP,0,2,2,0.0
KNmS,0,0,0,
KNmb,0,1,1,0.0
KNmm,2,0,2,1.0
KNmn,5,1,6,0.83
KNms,0,0,0,
KNnB,1,0,1,1.0
KNnH,1,0,1,1.0
KNnK,1,0,1,1.0
KNnM,1,0,1,1.0
KNnN,0,1,1,0.0
KNnP,0,0,0,
KNnS,1,2,3,0.33
KNnl,1,0,1,1.0
KNnm,2,1,3,0.67
KNns,1,0,1,1.0
KNsB,1,0,1,1.0
KNsD,0,0,0,
KNsM,0,1,1,0.0
KNsN,0,2,2,0.0
KNsP,1,0,1,1.0
KNsS,3,0,3,1.0
KNsb,0,1,1,0.0
KNsl,0,0,0,
KNsm,2,0,2,1.0
KNsn,0,0,0,
KNss,2,1,3,0.67
KNtP,0,1,1,0.0
KNtm,0,2,2,0.0
KPBB,0,1,1,0.0
KPBM,1,1,2,0.5
KPBN,1,2,3,0.33
KPBP,0,3,3,0.0
KPBS,0,1,1,0.0
KPBj,0,1,1,0.0
KPBl,0,2,2,0.0
KPBm,3,3,6,0.5
KPBn,0,1,1,0.0
KPDH,0,1,1,0.0
KPDL,0,0,0,
KPDM,0,1,1,0.0
KPDN,1,0,1,1.0
KPDP,0,2,2,0.0
KPDS,0,2,2,0.0
KPDm,0,1,1,0.0
KPDn,1,1,2,0.5
KPHL,0,1,1,0.0
KPHb,1,0,1,1.0
KPHm,1,0,1,1.0
KPHs,0,1,1,0.0
KPIL,1,0,1,1.0
KPIm,0,1,1,0.0
KPLB,1,0,1,1.0
KPLD,0,1,1,0.0
KPLL,0,0,0,
KPLP,1,0,1,1.0
KPLS,0,1,1,0.0
KPLb,1,1,2,0.5
KPLl,1,1,2,0.5
KPLm,2,1,3,0.67
KPLn,0,0,0,
KPMB,0,5,5,0.0
KPMD,0,0,0,
KPMM,0,4,4,0.0
KPMN,0,2,2,0.0
KPMP,1,1,2,0.5
KPMS,0,2,2,0.0
KPMb,2,1,3,0.67
KPMh,0,0,0,
KPMl,1,2,3,0.33
KPMm,2,2,4,0.5
KPMn,1,0,1,1.0
KPMs,0,1,1,0.0
KPMt,0,0,0,
KPNB,1,2,3,0.33
KPND,1,0,1,1.0
KPNL,0,1,1,0.0
KPNM,2,0,2,1.0
KPNN,0,2,2,0.0
KPNP,1,2,3,0.33
KPNb,0,1,1,0.0
KPNh,0,0,0,
KPNl,3,0,3,1.0
KPNm,0,0,0,
KPNn,2,0,2,1.0
KPNs,0,2,2,0.0
KPPB,1,1,2,0.5
KPPK,1,0,1,1.0
KPPL,0,1,1,0.0
KPPM,0,2,2,0.0
KPPN,2,1,3,0.67
KPPP,0,1,1,0.0
KPPS,0,1,1,0.0
KPPb,1,0,1,1.0
KPPh,0,1,1,0.0
KPPl,1,1,2,0.5
KPPm,4,2,6,0.67
KPPn,0,0,0,
KPPs,3,1,4,0.75
KPSB,1,1,2,0.5
KPSH,2,1,3,0.67
KPSM,0,1,1,0.0
KPSP,3,0,3,1.0
KPSS,1,1,2,0.5
KPSb,1,1,2,0.5
KPSl,2,0,2,1.0
KPSm,0,0,0,
KPSn,0,2,2,0.0
KPSs,1,0,1,1.0
KPbB,1,1,2,0.5
KPbL,1,1,2,0.5
KPbM,0,2,2,0.0
KPbN,1,1,2,0.5
KPbP,1,2,3,0.33
KPbS,2,1,3,0.67
KPbb,0,1,1,0.0
KPbl,0,3,3,0.0
KPbm,0,2,2,0.0
KPbn,0,1,1,0.0
KPbs,0,1,1,0.0
KPhD,0,1,1,0.0
KPhL,1,0,1,1.0
KPhP,0,1,1,0.0
KPhh,0,0,0,
KPhl,0,0,0,
KPlH,0,1,1,0.0
KPlL,1,1,2,0.5
KPlM,0,3,3,0.0
KPlN,0,0,0,
KPlP,1,2,3,0.33
KPlb,0,1,1,0.0
KPlm,1,0,1,1.0
KPmB,1,4,5,0.2
KPmD,1,0,1,1.0
KPmH,0,2,2,0.0
KPmI,0,0,0,
KPmJ,0,0,0,
KPmK,0,1,1,0.0
KPmL,0,1,1,0.0
KPmM,2,0,2,1.0
KPmN,1,0,1,1.0
KPmP,2,3,5,0.4
KPmS,1,0,1,1.0
KPmb,0,3,3,0.0
KPmm,2,3,5,0.4
KPmn,2,2,4,0.5
KPms,2,2,4,0.5
KPnB,1,2,3,0.33
KPnD,0,1,1,0.0
KPnH,1,0,1,1.0
KPnP,0,2,2,0.0
KPnS,3,0,3,1.0
KPnb,0,2,2,0.0
KPnl,0,2,2,0.0
KPnm,0,1,1,0.0
KPnn,1,0,1,1.0
KPsD,0,0,0,
KPsH,0,0,0,
KPsM,0,1,1,0.0
KPsS,1,0,1,1.0
KPsb,2,0,2,1.0
KPsl,0,1,1,0.0
KPsm,0,2,2,0.0
KPtb,0,1,1,0.0
KPtl,0,1,1,0.0
KPtm,0,1,1,0.0
KSBB,0,1,1,0.0
KSBN,2,0,2,1.0
KSBP,0,2,2,0.0
KSBb,0,0,0,
KSBl,1,0,1,1.0
KSDD,1,0,1,1.0
KSDS,0,0,0,
KSDm,1,0,1,1.0
KSDs,1,0,1,1.0
KSHB,1,0,1,1.0
KSHL,0,1,1,0.0
KSHM,1,0,1,1.0
KSHN,0,1,1,0.0
KSHP,1,0,1,1.0
KSHS,0,2,2,0.0
KSHh,0,1,1,0.0
KSHs,1,0,1,1.0
KSKm,0,0,0,
KSLB,2,0,2,1.0
KSLN,0,1,1,0.0
KSLP,1,0,1,1.0
KSLS,0,0,0,
KSLb,0,1,1,0.0
KSLh,0,1,1,0.0
KSLm,1,1,2,0.5
KSMB,2,2,4,0.5
KSMD,0,1,1,0.0
KSML,1,0,1,1.0
KSMS,1,1,2,0.5
KSMb,2,0,2,1.0
KSMh,2,0,2,1.0
KSMj,0,1,1,0.0
KSMl,0,0,0,
KSMm,3,0,3,1.0
KSMs,1,1,2,0.5
KSND,0,1,1,0.0
KSNH,0,0,0,
KSNN,2,0,2,1.0
KSNb,1,0,1,1.0
KSNl,1,0,1,1.0
KSNn,0,0,0,
KSNs,1,0,1,1.0
KSPB,2,1,3,0.67
KSPK,0,1,1,0.0
KSPN,2,2,4,0.5
KSPP,1,0,1,1.0
KSPS,0,1,1,0.0
KSPb,2,0,2,1.0
KSPl,2,0,2,1.0
KSPm,2,1,3,0.67
KSPn,0,1,1,0.0
KSSH,1,0,1,1.0
KSSL,0,1,1,0.0
KSSM,1,1,2,0.5
KSSP,0,3,3,0.0
KSSS,3,2,5,0.6
KSSh,0,1,1,0.0
KSSm,1,0,1,1.0
KSSn,1,0,1,1.0
KSSs,2,1,3,0.67
KSbB,1,1,2,0.5
KSbK,1,0,1,1.0
KSbL,0,2,2,0.0
KSbN,0,1,1,0.0
KSbP,0,0,0,
KSbm,1,0,1,1.0
KSbn,1,1,2,0.5
KShH,0,1,1,0.0
KShM,1,0,1,1.0
KShN,1,0,1,1.0
KShb,0,2,2,0.0
KShl,1,0,1,1.0
KShm,0,0,0,
KShs,1,0,1,1.0
KSlB,0,2,2,0.0
KSlP,0,1,1,0.0
KSlh,0,0,0,
KSln,1,0,1,1.0
KSmB,2,0,2,1.0
KSmM,1,2,3,0.33
KSmN,0,1,1,0.0
KSmP,1,0,1,1.0
KSmS,0,1,1,0.0
KSmb,1,0,1,1.0
KSmm,2,0,2,1.0
KSmn,4,1,5,0.8
KSnM,0,1,1,0.0
KSnN,0,1,1,0.0
KSnS,1,0,1,1.0
KSnm,2,0,2,1.0
KSnn,0,1,1,0.0
KSns,1,1,2,0.5
KSsH,1,1,2,0.5
KSsI,0,0,0,
KSsK,0,1,1,0.0
KSsL,0,0,0,
KSsM,0,1,1,0.0
KSsP,1,0,1,1.0
KSsS,0,3,3,0.0
KSsl,0,1,1,0.0
KSsn,0,2,2,0.0
KSss,1,0,1,1.0
KStL,1,0,1,1.0
KStN,1,0,1,1.0
KStm,1,0,1,1.0
KStn,0,0,0,
KbBB,1,0,1,1.0
KbBM,1,0,1,1.0
KbBN,2,1,3,0.67
KbBP,0,1,1,0.0
KbBS,0,1,1,0.0
KbBm,2,0,2,1.0
KbBn,1,1,2,0.5
KbDB,0,1,1,0.0
KbDH,0,1,1,0.0
KbDP,1,0,1,1.0
KbDm,0,2,2,0.0
KbHB,0,1,1,0.0
KbHL,0,1,1,0.0
KbIS,0,0,0,
KbJL,1,0,1,1.0
KbKP,0,2,2,0.0
KbKh,1,1,2,0.5
KbKl,1,0,1,1.0
KbKm,0,0,0,
KbLb,0,1,1,0.0
KbMB,0,1,1,0.0
KbMD,1,0,1,1.0
KbMM,1,2,3,0.33
KbMN,0,1,1,0.0
KbMP,1,2,3,0.33
KbMS,1,1,2,0.5
KbMh,1,1,2,0.5
KbMl,1,0,1,1.0
KbMm,3,2,5,0.6
KbMn,1,0,1,1.0
KbMs,0,0,0,
KbNB,1,1,2,0.5
KbNM,1,4,5,0.2
KbNN,0,0,0,
KbNP,3,2,5,0.6
KbNb,1,1,2,0.5
KbNh,0,1,1,0.0
KbNm,2,1,3,0.67
KbNn,0,1,1,0.0
KbNt,0,1,1,0.0
KbPB,0,0,0,
KbPD,0,1,1,0.0
KbPL,1,1,2,0.5
KbPM,1,1,2,0.5
KbPN,1,3,4,0.25
KbPP,1,0,1,1.0
KbPS,1,0,1,1.0
KbPb,1,1,2,0.5
KbPh,1,0,1,1.0
KbPl,1,0,1,1.0
KbPm,1,1,2,0.5
KbPn,1,0,1,1.0
KbPs,1,1,2,0.5
KbSB,1,0,1,1.0
KbSN,1,0,1,1.0
KbSP,1,0,1,1.0
KbSh,1,0,1,1.0
KbSm,1,2,3,0.33
KbSn,0,0,0,
KbSs,0,1,1,0.0
KbbD,1,0,1,1.0
KbbH,1,0,1,1.0
KbbL,2,0,2,1.0
KbbM,2,3,5,0.4
KbbP,0,1,1,0.0
Kbbb,1,3,4,0.25
Kbbm,2,2,4,0.5
Kbbn,1,0,1,1.0
KblB,0,1,1,0.0
KblN,1,0,1,1.0
KblP,0,1,1,0.0
Kbln,1,0,1,1.0
Kbls,0,1,1,0.0
KbmB,2,0,2,1.0
KbmH,0,1,1,0.0
KbmL,0,1,1,0.0
KbmM,1,1,2,0.5
KbmN,0,1,1,0.0
KbmP,1,0,1,1.0
KbmS,1,1,2,0.5
Kbml,0,2,2,0.0
Kbmm,1,0,1,1.0
Kbmn,2,0,2,1.0
Kbms,0,1,1,0.0
KbnD,0,0,0,
KbnH,1,0,1,1.0
KbnM,1,1,2,0.5
KbnN,0,1,1,0.0
KbnP,0,1,1,0.0
KbnS,1,0,1,1.0
Kbnb,2,1,3,0.67
Kbnm,0,2,2,0.0
Kbnn,0,3,3,0.0
Kbns,2,0,2,1.0
KbsB,0,1,1,0.0
KbsD,1,0,1,1.0
KbsH,0,1,1,0.0
KbsM,1,0,1,1.0
KbsN,1,0,1,1.0
KbsS,1,0,1,1.0
Kbsl,0,1,1,0.0
Kbsm,1,0,1,1.0
Kbss,0,0,0,
KhBK,1,0,1,1.0
KhBL,1,0,1,1.0
KhBM,2,2,4,0.5
KhBN,2,0,2,1.0
KhBP,0,2,2,0.0
KhBS,0,2,2,0.0
KhBm,0,0,0,
KhDM,1,0,1,1.0
KhDP,0,2,2,0.0
KhDm,0,1,1,0.0
KhDn,1,0,1,1.0
KhHM,0,2,2,0.0
KhHP,0,1,1,0.0
KhHS,0,0,0,
KhHb,0,1,1,0.0
KhHm,0,1,1,0.0
KhHn,0,1,1,0.0
KhIB,0,1,1,0.0
KhIl,0,0,0,
KhLM,1,0,1,1.0
KhLP,0,1,1,0.0
KhLl,0,1,1,0.0
KhLm,0,0,0,
KhMD,2,0,2,1.0
KhMM,0,2,2,0.0
KhMN,0,1,1,0.0
KhMP,3,2,5,0.6
KhMS,0,0,0,
KhMb,0,1,1,0.0
KhMh,1,0,1,1.0
KhMl,0,1,1,0.0
KhMm,4,1,5,0.8
KhMn,0,1,1,0.0
KhMs,0,1,1,0.0
KhNL,0,0,0,
KhNM,1,2,3,0.33
KhNN,2,1,3,0.67
KhNP,1,0,1,1.0
KhNS,1,1,2,0.5
KhNh,1,0,1,1.0
KhNl,1,0,1,1.0
KhNm,0,2,2,0.0
KhNn,2,1,3,0.67
KhNs,1,0,1,1.0
KhPB,1,0,1,1.0
KhPH,1,0,1,1.0
KhPK,0,1,1,0.0
KhPL,1,1,2,0.5
KhPM,3,1,4,0.75
KhPN,0,1,1,0.0
KhPP,1,0,1,1.0
KhPS,0,2,2,0.0
KhPb,0,1,1,0.0
KhPl,0,0,0,
KhPm,2,2,4,0.5
KhPn,0,0,0,
KhSB,1,0,1,1.0
KhSM,0,2,2,0.0
KhSN,0,2,2,0.0
KhSP,0,0,0,
KhSS,2,0,2,1.0
KhSb,0,0,0,
KhSm,1,0,1,1.0
KhSn,0,2,2,0.0
KhbB,2,0,2,1.0
KhbH,0,0,0,
KhbK,1,1,2,0.5
KhbL,0,0,0,
KhbM,1,1,2,0.5
KhbP,0,1,1,0.0
KhbS,3,0,3,1.0
Khbm,1,0,1,1.0
Khbn,0,2,2,0.0
KhhB,1,0,1,1.0
KhhD,0,1,1,0.0
KhhH,0,0,0,
KhhN,0,2,2,0.0
KhhP,1,2,3,0.33
KhhS,0,1,1,0.0
Khhb,1,0,1,1.0
Khhl,1,0,1,1.0
Khhm,1,1,2,0.5
Khhs,0,2,2,0.0
KhlB,0,1,1,0.0
KhlH,0,0,0,
KhlK,0,1,1,0.0
KhlL,1,0,1,1.0
KhlN,0,1,1,0.0
KhlP,1,0,1,1.0
KhlS,1,0,1,1.0
Khln,1,0,1,1.0
KhmD,0,0,0,
KhmJ,0,0,0,
KhmL,0,0,0,
KhmM,2,1,3,0.67
KhmN,1,0,1,1.0
KhmP,1,2,3,0.33
KhmS,2,2,4,0.5
Khmb,2,0,2,1.0
Khmm,5,4,9,0.56
Khmn,1,0,1,1.0
Khms,0,1,1,0.0
KhnM,0,2,2,0.0
KhnN,2,0,2,1.0
KhnP,1,1,2,0.5
KhnS,1,1,2,0.5
Khnb,0,1,1,0.0
Khnl,1,1,2,0.5
Khnm,2,0,2,1.0
Khnn,1,2,3,0.33
Khns,1,0,1,1.0
KhsD,0,1,1,0.0
KhsH,1,1,2,0.5
KhsI,0,1,1,0.0
KhsL,0,1,1,0.0
KhsM,0,0,0,
KhsS,0,1,1,0.0
Khsb,0,0,0,
Khsl,1,2,3,0.33
Khsm,1,1,2,0.5
Khsn,1,0,1,1.0
Khtn,1,0,1,1.0
KlBB,0,1,1,0.0
KlBP,2,0,2,1.0
KlBn,1,0,1,1.0
KlDP,0,1,1,0.0
KlDb,0,1,1,0.0
KlDm,1,0,1,1.0
KlDt,0,1,1,0.0
KlHB,0,1,1,0.0
KlHN,1,0,1,1.0
KlHS,0,1,1,0.0
KlHm,0,1,1,0.0
KlHn,1,0,1,1.0
KlHs,0,1,1,0.0
KlIS,0,0,0,
KlKm,0,0,0,
KlLB,0,1,1,0.0
KlLm,1,0,1,1.0
KlLs,1,0,1,1.0
KlMB,1,0,1,1.0
KlMM,0,0,0,
KlMN,0,1,1,0.0
KlMP,2,1,3,0.67
KlMm,1,2,3,0.33
KlMn,0,1,1,0.0
KlMs,0,1,1,0.0
KlNM,2,0,2,1.0
KlNN,1,1,2,0.5
KlNP,1,0,1,1.0
KlNS,1,0,1,1.0
KlNb,1,0,1,1.0
KlNn,0,0,0,
KlNs,1,0,1,1.0
KlPK,2,0,2,1.0
KlPM,2,0,2,1.0
KlPP,0,1,1,0.0
KlPb,1,0,1,1.0
KlPm,0,1,1,0.0
KlSB,0,1,1,0.0
KlSP,1,0,1,1.0
KlSS,0,1,1,0.0
KlSh,0,0,0,
KlSs,0,2,2,0.0
KlbB,1,0,1,1.0
KlbM,0,0,0,
Klhn,0,0,0,
KllK,0,1,1,0.0
KllM,0,1,1,0.0
Klls,1,0,1,1.0
KlmB,0,1,1,0.0
KlmD,0,1,1,0.0
KlmH,0,1,1,0.0
KlmL,0,1,1,0.0
KlmP,3,0,3,1.0
Klmb,1,1,2,0.5
Klml,0,0,0,
Klmn,0,1,1,0.0
Klms,1,0,1,1.0
KlnM,1,0,1,1.0
KlnN,0,1,1,0.0
Klnl,0,1,1,0.0
Klnm,0,0,0,
Klnn,0,0,0,
KlsH,0,1,1,0.0
KlsM,0,1,1,0.0
KlsP,0,0,0,
KlsS,1,0,1,1.0
Klsn,1,0,1,1.0
Klss,0,1,1,0.0
KmBB,0,3,3,0.0
KmBD,0,0,0,
KmBK,0,1,1,0.0
KmBM,0,2,2,0.0
KmBN,2,0,2,1.0
KmBP,1,2,3,0.33
KmBS,2,0,2,1.0
KmBb,0,0,0,
KmBm,1,0,1,1.0
KmBn,1,1,2,0.5
KmDB,0,1,1,0.0
KmDH,1,1,2,0.5
KmDM,0,2,2,0.0
KmDN,0,1,1,0.0
KmDb,0,0,0,
KmDl,0,1,1,0.0
KmDm,3,3,6,0.5
KmDs,0,0,0,
KmDt,1,0,1,1.0
KmHB,1,1,2,0.5
KmHH,1,0,1,1.0
KmHL,0,1,1,0.0
KmHM,3,1,4,0.75
KmHN,1,1,2,0.5
KmHS,1,1,2,0.5
KmHb,0,0,0,
KmHh,0,1,1,0.0
KmHl,1,0,1,1.0
KmHm,0,1,1,0.0
KmHn,1,0,1,1.0
KmHs,1,0,1,1.0
KmIb,1,0,1,1.0
KmIn,0,1,1,0.0
KmJM,0,1,1,0.0
KmJP,0,2,2,0.0
KmJS,0,1,1,0.0
KmJb,0,1,1,0.0
KmLB,1,0,1,1.0
KmLD,0,0,0,
KmLK,0,0,0,
KmLP,2,0,2,1.0
KmLb,0,0,0,
KmLj,0,0,0,
KmLn,1,1,2,0.5
KmLs,0,1,1,0.0
KmMB,1,1,2,0.5
KmMD,0,1,1,0.0
KmMM,3,3,6,0.5
KmMN,0,2,2,0.0
KmMP,1,1,2,0.5
KmMS,0,1,1,0.0
KmMb,2,0,2,1.0
KmMh,3,1,4,0.75
KmMl,1,0,1,1.0
KmMm,4,2,6,0.67
KmMn,3,0,3,1.0
KmMs,1,1,2,0.5
KmNB,0,1,1,0.0
KmND,0,0,0,
KmNH,0,1,1,0.0
KmNL,0,1,1,0.0
KmNM,1,1,2,0.5
KmNN,0,1,1,0.0
KmNP,1,1,2,0.5
KmNS,2,1,3,0.67
KmNb,0,1,1,0.0
KmNh,1,0,1,1.0
KmNl,0,1,1,0.0
KmNm,0,0,0,
KmNn,0,1,1,0.0
KmNs,0,2,2,0.0
KmNt,0,1,1,0.0
KmPB,2,3,5,0.4
KmPL,1,0,1,1.0
KmPM,0,4,4,0.0
KmPN,1,1,2,0.5
KmPP,2,0,2,1.0
KmPS,1,2,3,0.33
KmPb,1,1,2,0.5
KmPh,1,0,1,1.0
KmPm,0,1,1,0.0
KmPn,1,1,2,0.5
KmPs,3,1,4,0.75
KmSB,0,1,1,0.0
KmSK,0,1,1,0.0
KmSL,0,0,0,
KmSM,0,1,1,0.0
KmSN,0,1,1,0.0
KmSP,1,1,2,0.5
KmSS,1,3,4,0.25
KmSb,1,0,1,1.0
KmSh,0,0,0,
KmSn,0,0,0,
KmSs,3,0,3,1.0
KmbD,2,0,2,1.0
KmbK,0,0,0,
KmbL,1,1,2,0.5
KmbM,1,1,2,0.5
KmbN,2,0,2,1.0
KmbP,0,2,2,0.0
KmbS,1,0,1,1.0
Kmbb,3,1,4,0.75
Kmbl,0,1,1,0.0
Kmbm,2,1,3,0.67
Kmbn,1,2,3,0.33
Kmbs,1,0,1,1.0
KmlB,1,0,1,1.0
KmlH,0,1,1,0.0
KmlN,0,2,2,0.0
Kmlm,1,0,1,1.0
Kmln,1,1,2,0.5
KmmD,1,0,1,1.0
KmmH,1,1,2,0.5
KmmJ,1,0,1,1.0
KmmK,0,1,1,0.0
KmmL,0,1,1,0.0
KmmM,2,1,3,0.67
KmmN,1,4,5,0.2
KmmP,1,2,3,0.33
KmmS,1,0,1,1.0
Kmmb,0,1,1,0.0
Kmml,0,0,0,
Kmmm,1,3,4,0.25
Kmmn,0,2,2,0.0
KmnB,2,1,3,0.67
KmnD,0,1,1,0.0
KmnH,1,1,2,0.5
KmnL,0,1,1,0.0
KmnM,0,2,2,0.0
KmnN,0,2,2,0.0
KmnP,4,1,5,0.8
KmnS,1,0,1,1.0
Kmnb,1,1,2,0.5
Kmnl,1,0,1,1.0
Kmnn,2,0,2,1.0
Kmns,0,1,1,0.0
KmsB,0,1,1,0.0
KmsD,1,0,1,1.0
KmsH,2,2,4,0.5
KmsI,0,1,1,0.0
KmsL,0,1,1,0.0
KmsM,1,3,4,0.25
KmsN,1,0,1,1.0
KmsP,1,0,1,1.0
KmsS,1,1,2,0.5
Kmsb,1,0,1,1.0
Kmsh,1,0,1,1.0
Kmsl,1,1,2,0.5
Kmsm,2,2,4,0.5
Kmsn,0,1,1,0.0
Kmss,0,0,0,
KnBB,0,1,1,0.0
KnBL,0,1,1,0.0
KnBM,0,3,3,0.0
KnBN,0,0,0,
KnBP,1,0,1,1.0
KnBS,0,1,1,0.0
KnBl,0,0,0,
KnBn,2,1,3,0.67
KnDN,0,1,1,0.0
KnDP,0,0,0,
KnDm,0,1,1,0.0
KnHB,1,0,1,1.0
KnHP,0,2,2,0.0
KnHb,1,0,1,1.0
KnHl,1,1,2,0.5
KnHm,1,0,1,1.0
KnHn,0,1,1,0.0
KnHs,0,1,1,0.0
KnKM,0,0,0,
KnKS,0,0,0,
KnKm,0,0,0,
KnKn,0,1,1,0.0
KnLN,1,0,1,1.0
KnLP,1,0,1,1.0
KnLm,1,0,1,1.0
KnLs,1,0,1,1.0
KnMB,0,0,0,
KnMD,1,0,1,1.0
KnMM,1,1,2,0.5
KnMP,0,2,2,0.0
KnMS,0,1,1,0.0
KnMb,0,1,1,0.0
KnMl,1,0,1,1.0
KnMm,3,4,7,0.43
KnMn,0,1,1,0.0
KnMs,3,0,3,1.0
KnNB,1,1,2,0.5
KnND,0,1,1,0.0
KnNL,1,0,1,1.0
KnNM,0,1,1,0.0
KnNN,0,1,1,0.0
KnNP,1,1,2,0.5
KnNS,2,2,4,0.5
KnNb,1,0,1,1.0
KnNh,0,2,2,0.0
KnNl,0,2,2,0.0
KnNm,3,0,3,1.0
KnNn,1,1,2,0.5
KnNs,2,0,2,1.0
KnPB,1,0,1,1.0
KnPH,0,1,1,0.0
KnPK,1,0,1,1.0
KnPM,1,2,3,0.33
KnPN,2,2,4,0.5
KnPP,2,1,3,0.67
KnPS,0,0,0,
KnPb,0,2,2,0.0
KnPh,0,0,0,
KnPl,1,0,1,1.0
KnPm,3,0,3,1.0
KnPn,2,0,2,1.0
KnPs,1,0,1,1.0
KnPt,1,0,1,1.0
KnSH,1,0,1,1.0
KnSM,0,1,1,0.0
KnSN,1,0,1,1.0
KnSS,0,1,1,0.0
KnSb,1,1,2,0.5
KnSh,2,1,3,0.67
KnSm,0,2,2,0.0
KnSn,1,0,1,1.0
KnSs,1,0,1,1.0
KnbB,0,1,1,0.0
KnbH,0,0,0,
KnbJ,0,1,1,0.0
KnbM,1,1,2,0.5
KnbN,1,2,3,0.33
KnbP,2,0,2,1.0
KnbS,0,0,0,
Knbb,1,2,3,0.33
Knbl,0,1,1,0.0
Knbm,1,0,1,1.0
KnlB,4,0,4,1.0
KnlP,0,1,1,0.0
KnlS,1,0,1,1.0
KnmB,2,0,2,1.0
KnmH,0,0,0,
KnmM,1,3,4,0.25
KnmN,1,1,2,0.5
KnmP,2,1,3,0.67
KnmS,0,2,2,0.0
Knmb,2,0,2,1.0
Knml,0,1,1,0.0
Knmm,2,0,2,1.0
Knmn,0,0,0,
Knms,1,0,1,1.0
KnnB,1,4,5,0.2
KnnD,1,1,2,0.5
KnnH,2,0,2,1.0
KnnN,0,0,0,
KnnP,1,1,2,0.5
KnnS,0,1,1,0.0
Knnh,1,0,1,1.0
Knnl,1,0,1,1.0
Knnm,1,0,1,1.0
Knnn,0,2,2,0.0
Knns,1,1,2,0.5
KnsB,0,0,0,
KnsH,0,0,0,
KnsP,1,1,2,0.5
KnsS,1,1,2,0.5
Knsb,0,1,1,0.0
Knsl,0,1,1,0.0
Knsm,2,0,2,1.0
Knsn,1,1,2,0.5
Knss,3,0,3,1.0
KsBB,1,2,3,0.33
KsBD,1,0,1,1.0
KsBM,0,1,1,0.0
KsBN,0,2,2,0.0
KsBb,1,0,1,1.0
KsBm,0,0,0,
KsBs,0,1,1,0.0
KsDH,0,1,1,0.0
KsDM,1,1,2,0.5
KsDN,0,1,1,0.0
KsDP,1,0,1,1.0
KsDS,0,1,1,0.0
KsDm,2,0,2,1.0
KsHB,1,2,3,0.33
KsHD,0,1,1,0.0
KsHI,0,1,1,0.0
KsHK,1,0,1,1.0
KsHM,0,1,1,0.0
KsHN,1,0,1,1.0
KsHP,0,1,1,0.0
KsHS,0,0,0,
KsHb,1,0,1,1.0
KsHh,1,1,2,0.5
KsHl,0,1,1,0.0
KsHm,2,0,2,1.0
KsHn,0,1,1,0.0
KsHs,2,0,2,1.0
KsIP,0,0,0,
KsLP,0,0,0,
KsLl,1,1,2,0.5
KsLm,1,0,1,1.0
KsMD,1,0,1,1.0
KsML,1,0,1,1.0
KsMM,1,2,3,0.33
KsMP,2,1,3,0.67
KsMS,2,0,2,1.0
KsMb,0,0,0,
KsMh,0,1,1,0.0
KsMn,0,3,3,0.0
KsMs,1,1,2,0.5
KsMt,1,0,1,1.0
KsNK,1,0,1,1.0
KsNS,2,1,3,0.67
KsNb,0,2,2,0.0
KsNh,1,0,1,1.0
KsNn,1,0,1,1.0
KsNs,0,1,1,0.0
KsPB,0,0,0,
KsPL,0,1,1,0.0
KsPM,1,1,2,0.5
KsPN,1,2,3,0.33
KsPP,1,1,2,0.5
KsPS,1,0,1,1.0
KsPb,1,0,1,1.0
KsPl,0,1,1,0.0
KsPm,0,1,1,0.0
KsPn,0,2,2,0.0
KsPs,0,0,0,
KsSB,0,3,3,0.0
KsSD,0,0,0,
KsSH,0,1,1,0.0
KsSL,2,0,2,1.0
KsSM,1,1,2,0.5
KsSN,1,0,1,1.0
KsSP,2,0,2,1.0
KsSS,0,1,1,0.0
KsSb,0,1,1,0.0
KsSh,0,1,1,0.0
KsSm,4,0,4,1.0
KsSn,0,0,0,
KsSs,3,1,4,0.75
KsbB,0,2,2,0.0
KsbL,0,1,1,0.0
KsbN,2,2,4,0.5
KsbP,2,0,2,1.0
Ksbb,0,0,0,
Ksbm,3,1,4,0.75
Ksbn,0,0,0,
Ksbs,0,0,0,
KshB,0,0,0,
Kshn,1,0,1,1.0
KslB,0,1,1,0.0
KslJ,0,1,1,0.0
KslL,0,0,0,
KslN,0,1,1,0.0
Kslm,0,1,1,0.0
KsmD,0,0,0,
KsmH,1,1,2,0.5
KsmL,0,0,0,
KsmM,1,1,2,0.5
KsmN,0,1,1,0.0
KsmP,0,1,1,0.0
Ksmb,2,1,3,0.67
Ksmm,2,1,3,0.67
Ksmn,1,0,1,1.0
Ksms,2,0,2,1.0
KsnK,1,0,1,1.0
KsnL,0,0,0,
KsnM,1,0,1,1.0
KsnN,0,0,0,
KsnP,2,1,3,0.67
KsnS,0,1,1,0.0
Ksnm,0,1,1,0.0
Ksnn,2,0,2,1.0
Ksns,0,0,0,
KssB,1,0,1,1.0
KssD,0,1,1,0.0
KssH,0,0,0,
KssM,1,2,3,0.33
KssP,0,2,2,0.0
KssS,1,0,1,1.0
Kssb,1,0,1,1.0
Kssl,0,0,0,
Kssn,1,0,1,1.0
KtBB,0,1,1,0.0
KtBM,0,1,1,0.0
KtBs,0,1,1,0.0
KtDH,1,0,1,1.0
KtHh,0,1,1,0.0
KtLN,1,0,1,1.0
KtMS,0,1,1,0.0
KtMh,1,0,1,1.0
KtNN,1,0,1,1.0
KtPL,1,0,1,1.0
KtPM,1,0,1,1.0
KthM,1,0,1,1.0
KtmB,0,1,1,0.0
KtsP,1,0,1,1.0
LBBB,8,9,17,0.47
LBBD,0,1,1,0.0
LBBK,2,0,2,1.0
LBBL,1,5,6,0.17
LBBM,6,6,12,0.5
LBBN,3,5,8,0.38
LBBP,9,5,14,0.64
LBBS,4,5,9,0.44
LBBb,10,2,12,0.83
LBBj,1,0,1,1.0
LBBl,2,1,3,0.67
LBBm,5,1,6,0.83
LBBn,5,2,7,0.71
LBBs,1,0,1,1.0
LBBt,1,1,2,0.5
LBDB,0,0,0,
LBDD,0,0,0,
LBDL,1,1,2,0.5
LBDM,1,0,1,1.0
LBDN,1,1,2,0.5
LBDP,1,1,2,0.5
LBDS,0,0,0,
LBDb,1,0,1,1.0
LBDl,1,1,2,0.5
LBDm,0,0,0,
LBDn,0,1,1,0.0
LBDs,0,0,0,
LBHN,0,0,0,
LBHs,1,1,2,0.5
LBKL,1,0,1,1.0
LBKN,1,0,1,1.0
LBKP,1,0,1,1.0
LBKS,0,1,1,0.0
LBKb,0,1,1,0.0
LBKh,0,0,0,
LBKl,1,0,1,1.0
LBKn,1,0,1,1.0
LBLB,1,0,1,1.0
LBLM,3,1,4,0.75
LBLN,0,1,1,0.0
LBLP,0,1,1,0.0
LBLb,1,2,3,0.33
LBLj,0,1,1,0.0
LBLl,0,1,1,0.0
LBLm,0,4,4,0.0
LBLn,0,2,2,0.0
LBLs,0,0,0,
LBMB,3,2,5,0.6
LBMD,0,1,1,0.0
LBML,1,1,2,0.5
LBMM,5,3,8,0.62
LBMN,1,2,3,0.33
LBMP,3,5,8,0.38
LBMS,1,0,1,1.0
LBMb,3,3,6,0.5
LBMh,1,1,2,0.5
LBMl,1,2,3,0.33
LBMm,1,6,7,0.14
LBMn,2,7,9,0.22
LBMs,1,1,2,0.5
LBNB,4,4,8,0.5
LBND,0,1,1,0.0
LBNH,2,0,2,1.0
LBNK,2,1,3,0.67
LBNL,0,1,1,0.0
LBNM,2,1,3,0.67
LBNN,8,4,12,0.67
LBNP,5,8,13,0.38
LBNS,1,1,2,0.5
LBNb,2,2,4,0.5
LBNh,1,1,2,0.5
LBNl,1,1,2,0.5
LBNm,6,8,14,0.43
LBNn,10,2,12,0.83
LBNs,2,1,3,0.67
LBNt,1,1,2,0.5
LBPB,9,6,15,0.6
LBPD,0,1,1,0.0
LBPH,1,2,3,0.33
LBPI,0,1,1,0.0
LBPL,1,3,4,0.25
LBPM,4,6,10,0.4
LBPN,8,4,12,0.67
LBPP,5,7,12,0.42
LBPS,2,3,5,0.4
LBPb,4,4,8,0.5
LBPh,1,1,2,0.5
LBPl,0,3,3,0.0
LBPm,5,8,13,0.38
LBPn,3,4,7,0.43
LBPs,5,1,6,0.83
LBSB,1,1,2,0.5
LBSL,0,0,0,
LBSM,2,2,4,0.5
LBSN,0,2,2,0.0
LBSP,2,1,3,0.67
LBSS,2,0,2,1.0
LBSb,1,1,2,0.5
LBSl,1,0,1,1.0
LBSm,2,0,2,1.0
LBSn,2,2,4,0.5
LBSs,1,4,5,0.2
LBbB,6,2,8,0.75
LBbD,0,1,1,0.0
LBbH,0,1,1,0.0
LBbI,1,1,2,0.5
LBbJ,2,1,3,0.67
LBbK,2,1,3,0.67
LBbL,0,3,3,0.0
LBbM,2,3,5,0.4
LBbN,9,5,14,0.64
LBbP,3,3,6,0.5
LBbS,2,2,4,0.5
LBbb,0,2,2,0.0
LBbl,0,1,1,0.0
LBbm,3,4,7,0.43
LBbn,2,5,7,0.29
LBbs,3,3,6,0.5
LBhN,0,1,1,0.0
LBhS,1,1,2,0.5
LBhh,1,0,1,1.0
LBhl,0,2,2,0.0
LBhn,0,1,1,0.0
LBht,0,1,1,0.0
LBjB,2,3,5,0.4
LBjL,0,1,1,0.0
LBjM,1,0,1,1.0
LBjN,0,1,1,0.0
LBjS,1,1,2,0.5
LBjb,0,1,1,0.0
LBjm,0,2,2,0.0
LBjn,0,2,2,0.0
LBjs,1,0,1,1.0
LBlB,0,1,1,0.0
LBlH,0,2,2,0.0
LBlL,0,1,1,0.0
LBlM,0,2,2,0.0
LBlN,0,2,2,0.0
LBlP,3,0,3,1.0
LBlS,1,1,2,0.5
LBlb,1,1,2,0.5
LBll,1,0,1,1.0
LBlm,3,2,5,0.6
LBln,1,1,2,0.5
LBls,0,0,0,
LBmB,4,7,11,0.36
LBmD,2,1,3,0.67
LBmH,4,4,8,0.5
LBmJ,2,0,2,1.0
LBmL,2,0,2,1.0
LBmM,1,7,8,0.12
LBmN,1,8,9,0.11
LBmP,6,3,9,0.67
LBmS,4,3,7,0.57
LBmb,0,0,0,
LBmm,8,2,10,0.8
LBmn,3,4,7,0.43
LBms,0,0,0,
LBnB,3,6,9,0.33
LBnD,1,3,4,0.25
LBnH,1,1,2,0.5
LBnI,0,1,1,0.0
LBnK,0,1,1,0.0
LBnL,1,2,3,0.33
LBnM,0,7,7,0.0
LBnN,13,6,19,0.68
LBnP,11,8,19,0.58
LBnS,2,3,5,0.4
LBnb,3,6,9,0.33
LBnl,4,0,4,1.0
LBnm,5,2,7,0.71
LBnn,5,11,16,0.31
LBns,4,7,11,0.36
LBsB,1,1,2,0.5
LBsD,0,1,1,0.0
LBsH,0,2,2,0.0
LBsL,1,0,1,1.0
LBsM,1,1,2,0.5
LBsN,3,1,4,0.75
LBsP,1,1,2,0.5
LBsS,2,1,3,0.67
LBsb,1,0,1,1.0
LBsh,1,0,1,1.0
LBsm,4,1,5,0.8
LBsn,2,3,5,0.4
LBss,1,5,6,0.17
LBtH,0,1,1,0.0
LBtM,0,1,1,0.0
LBtN,1,1,2,0.5
LDBM,0,1,1,0.0
LDBN,2,2,4,0.5
LDBP,0,1,1,0.0
LDBS,1,0,1,1.0
LDBb,2,1,3,0.67
LDBm,0,1,1,0.0
LDBn,1,2,3,0.33
LDBt,1,0,1,1.0
LDDB,1,0,1,1.0
LDDD,1,0,1,1.0
LDDH,1,0,1,1.0
LDDM,1,0,1,1.0
LDDN,1,0,1,1.0
LDDP,0,1,1,0.0
LDDS,1,0,1,1.0
LDDb,1,1,2,0.5
LDDl,1,0,1,1.0
LDDm,2,1,3,0.67
LDDn,0,0,0,
LDDs,0,1,1,0.0
LDHL,0,1,1,0.0
LDHM,1,3,4,0.25
LDHN,1,0,1,1.0
LDHP,1,1,2,0.5
LDHS,0,1,1,0.0
LDHb,2,1,3,0.67
LDHm,3,0,3,1.0
LDHn,0,0,0,
LDLB,0,0,0,
LDLM,0,1,1,0.0
LDLN,0,1,1,0.0
LDLS,0,1,1,0.0
LDLb,2,1,3,0.67
LDLn,1,1,2,0.5
LDMB,1,1,2,0.5
LDMD,0,1,1,0.0
LDMM,1,1,2,0.5
LDMN,1,0,1,1.0
LDMP,1,1,2,0.5
LDMS,0,1,1,0.0
LDMb,1,0,1,1.0
LDMh,0,1,1,0.0
LDMm,3,2,5,0.6
LDMn,2,2,4,0.5
LDNB,2,0,2,1.0
LDND,2,0,2,1.0
LDNM,0,1,1,0.0
LDNN,1,1,2,0.5
LDNP,0,1,1,0.0
LDNS,0,1,1,0.0
LDNb,0,2,2,0.0
LDNh,1,0,1,1.0
LDNl,0,1,1,0.0
LDNm,1,1,2,0.5
LDNn,1,0,1,1.0
LDNs,0,0,0,
LDPB,2,0,2,1.0
LDPH,1,0,1,1.0
LDPM,1,0,1,1.0
LDPN,1,1,2,0.5
LDPP,2,0,2,1.0
LDPS,0,1,1,0.0
LDPb,1,1,2,0.5
LDPm,2,0,2,1.0
LDPs,1,1,2,0.5
LDPt,0,0,0,
LDSB,1,0,1,1.0
LDSD,0,0,0,
LDSH,0,1,1,0.0
LDSM,1,2,3,0.33
LDSN,0,0,0,
LDSP,0,1,1,0.0
LDSS,0,2,2,0.0
LDSb,1,1,2,0.5
LDSh,0,0,0,
LDSm,1,0,1,1.0
LDSn,0,1,1,0.0
LDSs,1,0,1,1.0
LDbB,0,2,2,0.0
LDbI,0,0,0,
LDbL,1,0,1,1.0
LDbM,1,0,1,1.0
LDbN,0,1,1,0.0
LDbS,0,0,0,
LDbb,1,1,2,0.5
LDbl,1,0,1,1.0
LDbm,1,1,2,0.5
LDbn,0,0,0,
LDbs,0,1,1,0.0
LDhP,0,0,0,
LDlB,1,1,2,0.5
LDlM,0,1,1,0.0
LDlP,0,1,1,0.0
LDlm,0,1,1,0.0
LDln,0,0,0,
LDmD,0,1,1,0.0
LDmH,1,0,1,1.0
LDmL,0,1,1,0.0
LDmM,2,2,4,0.5
LDmN,0,2,2,0.0
LDmP,2,1,3,0.67
LDmS,0,0,0,
LDmb,0,1,1,0.0
LDmn,3,2,5,0.6
LDms,0,1,1,0.0
LDnB,2,1,3,0.67
LDnH,0,0,0,
LDnI,0,0,0,
LDnK,1,1,2,0.5
LDnM,2,2,4,0.5
LDnN,2,0,2,1.0
LDnS,1,1,2,0.5
LDnb,0,0,0,
LDnm,1,0,1,1.0
LDnn,0,1,1,0.0
LDsB,1,0,1,1.0
LDsH,1,0,1,1.0
LDsN,1,1,2,0.5
LDsP,1,1,2,0.5
LDsS,1,0,1,1.0
LDsl,0,1,1,0.0
LDsm,2,1,3,0.67
LDsn,0,2,2,0.0
LDss,0,1,1,0.0
LDtB,1,0,1,1.0
LDts,0,1,1,0.0
LHBN,0,1,1,0.0
LHBb,1,0,1,1.0
LHMP,1,0,1,1.0
LHMS,0,1,1,0.0
LHMl,1,0,1,1.0
LHPP,1,0,1,1.0
LHPb,1,0,1,1.0
LHPl,1,0,1,1.0
LHSP,1,2,3,0.33
LHSs,0,0,0,
LHbl,0,1,1,0.0
LHlM,1,0,1,1.0
LHlm,0,1,1,0.0
LHmM,0,0,0,
LHmm,0,1,1,0.0
LHnP,1,0,1,1.0
LHsB,0,1,1,0.0
LHsm,1,0,1,1.0
LKBN,0,1,1,0.0
LKBm,1,0,1,1.0
LKBn,1,0,1,1.0
LKDL,0,1,1,0.0
LKHm,0,0,0,
LKIb,0,1,1,0.0
LKLB,3,0,3,1.0
LKLP,0,2,2,0.0
LKLb,0,1,1,0.0
LKLs,0,0,0,
LKMB,0,2,2,0.0
LKMM,2,0,2,1.0
LKMP,0,0,0,
LKMh,1,0,1,1.0
LKMm,0,0,0,
LKMs,0,1,1,0.0
LKNB,0,1,1,0.0
LKNM,0,1,1,0.0
LKNS,1,0,1,1.0
LKNb,2,0,2,1.0
LKNm,1,0,1,1.0
LKNn,0,0,0,
LKNs,1,0,1,1.0
LKPB,1,0,1,1.0
LKPL,1,0,1,1.0
LKPM,2,0,2,1.0
LKPP,0,2,2,0.0
LKPb,0,0,0,
LKPl,1,0,1,1.0
LKSP,1,0,1,1.0
LKSl,1,0,1,1.0
LKbJ,1,0,1,1.0
LKbM,0,0,0,
LKbP,0,1,1,0.0
LKbm,1,0,1,1.0
LKhB,1,0,1,1.0
LKhP,0,1,1,0.0
LKhb,0,0,0,
LKhh,0,1,1,0.0
LKhs,0,1,1,0.0
LKlH,0,1,1,0.0
LKlS,1,1,2,0.5
LKlm,0,0,0,
LKmL,0,0,0,
LKmM,0,1,1,0.0
LKmN,3,0,3,1.0
LKmP,1,1,2,0.5
LKmb,1,0,1,1.0
LKmm,2,0,2,1.0
LKnH,0,1,1,0.0
LKnN,0,0,0,
LKnn,0,1,1,0.0
LKns,0,1,1,0.0
LKsH,1,0,1,1.0
LKsL,0,1,1,0.0
LKsP,0,1,1,0.0
LKsb,1,1,2,0.5
LKsm,0,3,3,0.0
LKtP,1,0,1,1.0
LLBB,1,3,4,0.25
LLBD,0,2,2,0.0
LLBK,1,0,1,1.0
LLBM,2,1,3,0.67
LLBN,0,2,2,0.0
LLBP,1,1,2,0.5
LLBS,0,1,1,0.0
LLBb,3,1,4,0.75
LLBh,1,0,1,1.0
LLBl,0,1,1,0.0
LLBm,1,1,2,0.5
LLBn,2,2,4,0.5
LLBs,1,0,1,1.0
LLDD,1,0,1,1.0
LLDL,1,0,1,1.0
LLDl,1,0,1,1.0
LLDn,1,1,2,0.5
LLHB,1,0,1,1.0
LLKL,0,0,0,
LLKs,1,1,2,0.5
LLLM,1,1,2,0.5
LLLP,0,0,0,
LLLS,0,1,1,0.0
LLLb,2,0,2,1.0
LLLl,0,1,1,0.0
LLLm,1,0,1,1.0
LLLn,1,1,2,0.5
LLLs,0,0,0,
LLMB,1,0,1,1.0
LLMM,2,3,5,0.4
LLMN,3,1,4,0.75
LLMP,5,1,6,0.83
LLMS,1,2,3,0.33
LLMb,1,6,7,0.14
LLMm,2,0,2,1.0
LLMn,0,3,3,0.0
LLMs,1,0,1,1.0
LLMt,0,0,0,
LLNB,1,3,4,0.25
LLNH,1,0,1,1.0
LLNL,1,0,1,1.0
LLNM,1,2,3,0.33
LLNN,2,1,3,0.67
LLNP,2,1,3,0.67
LLNS,1,1,2,0.5
LLNl,1,0,1,1.0
LLNm,1,1,2,0.5
LLNn,1,2,3,0.33
LLNs,4,0,4,1.0
LLPB,2,0,2,1.0
LLPK,1,0,1,1.0
LLPL,2,1,3,0.67
LLPM,2,0,2,1.0
LLPN,3,3,6,0.5
LLPP,2,1,3,0.67
LLPS,2,3,5,0.4
LLPb,3,0,3,1.0
LLPh,0,0,0,
LLPl,2,2,4,0.5
LLPm,2,1,3,0.67
LLPn,0,2,2,0.0
LLPs,1,0,1,1.0
LLSB,1,0,1,1.0
LLSL,1,0,1,1.0
LLSM,2,0,2,1.0
LLSN,0,1,1,0.0
LLSP,1,1,2,0.5
LLSS,1,1,2,0.5
LLSb,0,1,1,0.0
LLSl,1,1,2,0.5
LLSm,0,1,1,0.0
LLSn,1,1,2,0.5
LLSs,0,0,0,
LLbB,2,2,4,0.5
LLbH,1,0,1,1.0
LLbI,0,0,0,
LLbM,0,2,2,0.0
LLbN,3,0,3,1.0
LLbP,1,2,3,0.33
LLbS,2,0,2,1.0
LLbb,1,0,1,1.0
LLbm,2,2,4,0.5
LLbn,1,2,3,0.33
LLhB,2,1,3,0.67
LLhL,0,1,1,0.0
LLhM,1,0,1,1.0
LLhP,1,3,4,0.25
LLhS,0,3,3,0.0
LLhb,0,0,0,
LLhh,0,1,1,0.0
LLhl,0,1,1,0.0
LLhm,1,0,1,1.0
LLhs,0,2,2,0.0
LLjL,1,0,1,1.0
LLjN,1,0,1,1.0
LLjP,1,1,2,0.5
LLjb,1,0,1,1.0
LLjn,1,0,1,1.0
LLlB,0,1,1,0.0
LLlL,0,1,1,0.0
LLlM,0,1,1,0.0
LLlN,1,1,2,0.5
LLlS,0,2,2,0.0
LLlb,0,2,2,0.0
LLln,0,1,1,0.0
LLls,0,1,1,0.0
LLmB,4,1,5,0.8
LLmD,0,1,1,0.0
LLmH,1,0,1,1.0
LLmJ,0,1,1,0.0
LLmL,0,1,1,0.0
LLmM,2,0,2,1.0
LLmN,3,1,4,0.75
LLmP,4,4,8,0.5
LLmS,0,3,3,0.0
LLmb,0,1,1,0.0
LLml,1,2,3,0.33
LLmm,3,1,4,0.75
LLmn,5,1,6,0.83
LLms,0,1,1,0.0
LLnB,0,6,6,0.0
LLnI,0,1,1,0.0
LLnL,0,1,1,0.0
LLnM,1,1,2,0.5
LLnN,3,3,6,0.5
LLnP,2,4,6,0.33
LLnS,0,0,0,
LLnb,0,2,2,0.0
LLnm,2,0,2,1.0
LLnn,3,2,5,0.6
LLns,2,2,4,0.5
LLsB,1,0,1,1.0
LLsH,2,0,2,1.0
LLsL,1,0,1,1.0
LLsN,2,1,3,0.67
LLsP,2,3,5,0.4
LLsS,1,0,1,1.0
LLsb,0,0,0,
LLsl,1,0,1,1.0
LLsm,4,1,5,0.8
LLsn,2,0,2,1.0
LLtM,0,1,1,0.0
LLtP,1,0,1,1.0
LLtm,1,0,1,1.0
LMBB,9,2,11,0.82
LMBD,0,0,0,
LMBK,0,1,1,0.0
LMBM,3,4,7,0.43
LMBN,6,6,12,0.5
LMBP,6,5,11,0.55
LMBS,2,2,4,0.5
LMBb,6,6,12,0.5
LMBh,1,0,1,1.0
LMBl,0,1,1,0.0
LMBm,6,8,14,0.43
LMBn,8,5,13,0.62
LMBs,0,1,1,0.0
LMBt,0,1,1,0.0
LMDB,1,2,3,0.33
LMDH,0,1,1,0.0
LMDL,0,1,1,0.0
LMDM,2,2,4,0.5
LMDN,0,1,1,0.0
LMDP,0,2,2,0.0
LMDS,2,1,3,0.67
LMDb,0,2,2,0.0
LMDl,0,0,0,
LMDm,1,0,1,1.0
LMDn,1,1,2,0.5
LMDs,1,0,1,1.0
LMHN,0,1,1,0.0
LMHm,0,0,0,
LMKh,0,1,1,0.0
LMLB,1,0,1,1.0
LMLD,1,0,1,1.0
LMLM,0,2,2,0.0
LMLN,1,0,1,1.0
LMLP,1,2,3,0.33
LMLS,1,0,1,1.0
LMLb,2,2,4,0.5
LMLj,1,0,1,1.0
LMLl,0,0,0,
LMLm,1,0,1,1.0
LMLn,1,1,2,0.5
LMLs,0,1,1,0.0
LMMB,4,7,11,0.36
LMMD,2,0,2,1.0
LMML,1,0,1,1.0
LMMM,2,2,4,0.5
LMMN,0,1,1,0.0
LMMP,6,8,14,0.43
LMMS,4,2,6,0.67
LMMb,5,6,11,0.45
LMMh,5,5,10,0.5
LMMj,0,1,1,0.0
LMMl,2,1,3,0.67
LMMm,7,4,11,0.64
LMMn,6,2,8,0.75
LMMs,2,2,4,0.5
LMMt,1,1,2,0.5
LMNB,6,1,7,0.86
LMNH,1,0,1,1.0
LMNK,0,1,1,0.0
LMNL,3,1,4,0.75
LMNM,3,4,7,0.43
LMNN,5,5,10,0.5
LMNP,3,10,13,0.23
LMNS,4,0,4,1.0
LMNb,2,2,4,0.5
LMNh,1,0,1,1.0
LMNl,1,0,1,1.0
LMNm,3,2,5,0.6
LMNn,6,4,10,0.6
LMNs,4,2,6,0.67
LMPB,2,5,7,0.29
LMPD,0,2,2,0.0
LMPH,1,3,4,0.25
LMPK,0,1,1,0.0
LMPL,1,2,3,0.33
LMPM,4,2,6,0.67
LMPN,6,4,10,0.6
LMPP,5,11,16,0.31
LMPS,6,3,9,0.67
LMPb,5,1,6,0.83
LMPl,1,0,1,1.0
LMPm,8,3,11,0.73
LMPn,1,6,7,0.14
LMPs,2,2,4,0.5
LMSB,1,3,4,0.25
LMSD,1,0,1,1.0
LMSH,2,0,2,1.0
LMSL,0,3,3,0.0
LMSM,2,2,4,0.5
LMSN,1,2,3,0.33
LMSP,5,1,6,0.83
LMSS,2,4,6,0.33
LMSb,1,1,2,0.5
LMSh,0,0,0,
LMSl,1,0,1,1.0
LMSm,4,3,7,0.57
LMSn,1,3,4,0.25
LMSs,1,0,1,1.0
LMbB,6,4,10,0.6
LMbD,3,0,3,1.0
LMbH,1,2,3,0.33
LMbI,1,0,1,1.0
LMbJ,0,3,3,0.0
LMbL,1,2,3,0.33
LMbM,3,13,16,0.19
LMbN,1,3,4,0.25
LMbP,2,3,5,0.4
LMbS,0,3,3,0.0
LMbb,4,2,6,0.67
LMbl,3,0,3,1.0
LMbm,3,4,7,0.43
LMbn,4,5,9,0.44
LMbs,2,1,3,0.67
LMhB,2,2,4,0.5
LMhD,1,2,3,0.33
LMhH,0,1,1,0.0
LMhI,0,2,2,0.0
LMhK,0,1,1,0.0
LMhL,3,1,4,0.75
LMhM,3,4,7,0.43
LMhN,4,2,6,0.67
LMhP,2,2,4,0.5
LMhS,0,1,1,0.0
LMhb,1,3,4,0.25
LMhh,3,2,5,0.6
LMhl,1,1,2,0.5
LMhm,2,4,6,0.33
LMhn,5,2,7,0.71
LMhs,3,1,4,0.75
LMjD,0,1,1,0.0
LMjL,0,1,1,0.0
LMjM,0,2,2,0.0
LMjN,0,0,0,
LMjP,2,2,4,0.5
LMjS,0,1,1,0.0
LMjm,2,1,3,0.67
LMjn,0,0,0,
LMlH,0,1,1,0.0
LMlI,0,1,1,0.0
LMlJ,0,0,0,
LMlM,0,2,2,0.0
LMlN,1,0,1,1.0
LMlP,1,2,3,0.33
LMlS,0,1,1,0.0
LMlb,1,0,1,1.0
LMll,0,1,1,0.0
LMlm,0,1,1,0.0
LMln,0,2,2,0.0
LMls,1,2,3,0.33
LMmB,4,5,9,0.44
LMmD,4,2,6,0.67
LMmH,1,0,1,1.0
LMmI,0,1,1,0.0
LMmJ,1,1,2,0.5
LMmK,0,1,1,0.0
LMmL,1,2,3,0.33
LMmM,5,3,8,0.62
LMmN,6,8,14,0.43
LMmP,5,4,9,0.56
LMmS,4,4,8,0.5
LMmb,2,6,8,0.25
LMml,3,3,6,0.5
LMmm,6,4,10,0.6
LMmn,5,5,10,0.5
LMms,5,2,7,0.71
LMnB,3,7,10,0.3
LMnD,1,1,2,0.5
LMnH,1,0,1,1.0
LMnI,0,1,1,0.0
LMnL,0,1,1,0.0
LMnM,6,3,9,0.67
LMnN,11,1,12,0.92
LMnP,9,11,20,0.45
LMnS,1,8,9,0.11
LMnb,4,0,4,1.0
LMnl,2,2,4,0.5
LMnm,2,4,6,0.33
LMnn,8,8,16,0.5
LMns,2,7,9,0.22
LMsB,1,1,2,0.5
LMsD,0,0,0,
LMsH,0,2,2,0.0
LMsI,0,2,2,0.0
LMsL,1,1,2,0.5
LMsM,3,2,5,0.6
LMsN,3,0,3,1.0
LMsP,6,0,6,1.0
LMsS,1,5,6,0.17
LMsb,2,1,3,0.67
LMsm,2,3,5,0.4
LMsn,0,2,2,0.0
LMss,3,1,4,0.75
LMtN,1,1,2,0.5
LMtP,0,0,0,
LNBB,1,5,6,0.17
LNBH,0,1,1,0.0
LNBK,0,1,1,0.0
LNBL,0,2,2,0.0
LNBM,4,3,7,0.57
LNBN,5,5,10,0.5
LNBP,6,7,13,0.46
LNBS,0,2,2,0.0
LNBb,3,5,8,0.38
LNBj,0,2,2,0.0
LNBl,1,2,3,0.33
LNBm,4,2,6,0.67
LNBn,4,5,9,0.44
LNBs,4,1,5,0.8
LNDB,3,1,4,0.75
LNDD,0,1,1,0.0
LNDH,0,2,2,0.0
LNDL,0,1,1,0.0
LNDN,0,1,1,0.0
LNDP,0,1,1,0.0
LNDS,1,0,1,1.0
LNDb,1,1,2,0.5
LNDm,1,1,2,0.5
LNDn,3,1,4,0.75
LNDs,1,0,1,1.0
LNHB,1,2,3,0.33
LNHD,0,1,1,0.0
LNHH,1,0,1,1.0
LNHL,1,0,1,1.0
LNHM,1,1,2,0.5
LNHP,0,1,1,0.0
LNHS,1,0,1,1.0
LNHb,1,0,1,1.0
LNHh,0,0,0,
LNHl,1,0,1,1.0
LNHm,1,0,1,1.0
LNHs,0,1,1,0.0
LNKB,0,1,1,0.0
LNKD,1,0,1,1.0
LNKN,1,0,1,1.0
LNKP,0,1,1,0.0
LNKh,1,0,1,1.0
LNKm,0,0,0,
LNKn,2,0,2,1.0
LNLB,1,2,3,0.33
LNLD,1,0,1,1.0
LNLM,3,0,3,1.0
LNLN,2,1,3,0.67
LNLS,0,1,1,0.0
LNLb,1,1,2,0.5
LNLh,0,1,1,0.0
LNLj,0,1,1,0.0
LNLl,0,2,2,0.0
LNLm,0,2,2,0.0
LNLn,0,2,2,0.0
LNLs,1,0,1,1.0
LNMB,2,3,5,0.4
LNMD,1,1,2,0.5
LNMK,0,0,0,
LNML,1,0,1,1.0
LNMM,5,3,8,0.62
LNMN,5,3,8,0.62
LNMP,5,7,12,0.42
LNMS,2,4,6,0.33
LNMb,2,3,5,0.4
LNMh,1,4,5,0.2
LNMj,0,2,2,0.0
LNMl,2,0,2,1.0
LNMm,6,7,13,0.46
LNMn,4,3,7,0.57
LNMs,4,0,4,1.0
LNMt,0,1,1,0.0
LNNB,5,4,9,0.56
LNNK,1,1,2,0.5
LNNL,1,4,5,0.2
LNNM,3,4,7,0.43
LNNN,4,4,8,0.5
LNNP,10,8,18,0.56
LNNS,3,1,4,0.75
LNNb,3,3,6,0.5
LNNh,0,1,1,0.0
LNNl,2,1,3,0.67
LNNm,4,1,5,0.8
LNNn,4,8,12,0.33
LNNs,1,2,3,0.33
LNPB,2,3,5,0.4
LNPD,3,2,5,0.6
LNPH,3,1,4,0.75
LNPK,0,0,0,
LNPL,1,2,3,0.33
LNPM,2,5,7,0.29
LNPN,9,4,13,0.69
LNPP,7,5,12,0.58
LNPS,3,4,7,0.43
LNPb,5,7,12,0.42
LNPh,1,0,1,1.0
LNPl,1,2,3,0.33
LNPm,9,7,16,0.56
LNPn,2,5,7,0.29
LNPs,3,1,4,0.75
LNSB,2,1,3,0.67
LNSD,0,1,1,0.0
LNSH,3,1,4,0.75
LNSL,4,1,5,0.8
LNSM,2,5,7,0.29
LNSN,1,4,5,0.2
LNSP,4,0,4,1.0
LNSS,0,1,1,0.0
LNSb,2,1,3,0.67
LNSh,2,2,4,0.5
LNSl,1,0,1,1.0
LNSm,0,4,4,0.0
LNSn,3,1,4,0.75
LNSs,2,1,3,0.67
LNSt,1,0,1,1.0
LNbB,1,2,3,0.33
LNbD,2,0,2,1.0
LNbK,1,0,1,1.0
LNbL,3,2,5,0.6
LNbM,3,6,9,0.33
LNbN,6,5,11,0.55
LNbP,4,5,9,0.44
LNbS,3,1,4,0.75
LNbb,0,1,1,0.0
LNbh,0,0,0,
LNbl,0,1,1,0.0
LNbm,9,4,13,0.69
LNbn,2,1,3,0.67
LNbs,2,3,5,0.4
LNhB,1,1,2,0.5
LNhK,1,0,1,1.0
LNhM,1,2,3,0.33
LNhN,2,0,2,1.0
LNhP,0,0,0,
LNhS,2,1,3,0.67
LNhb,0,2,2,0.0
LNhl,2,2,4,0.5
LNhm,2,5,7,0.29
LNhs,0,1,1,0.0
LNlB,2,1,3,0.67
LNlH,1,0,1,1.0
LNlI,1,0,1,1.0
LNlJ,1,0,1,1.0
LNlL,1,0,1,1.0
LNlN,2,2,4,0.5
LNlP,2,2,4,0.5
LNlS,1,2,3,0.33
LNlb,1,1,2,0.5
LNlm,0,2,2,0.0
LNln,0,1,1,0.0
LNls,0,1,1,0.0
LNmB,7,2,9,0.78
LNmD,0,0,0,
LNmH,3,2,5,0.6
LNmJ,0,0,0,
LNmL,1,2,3,0.33
LNmM,5,5,10,0.5
LNmN,4,1,5,0.8
LNmP,2,3,5,0.4
LNmS,5,2,7,0.71
LNmb,1,4,5,0.2
LNml,2,0,2,1.0
LNmm,4,8,12,0.33
LNmn,2,4,6,0.33
LNms,4,4,8,0.5
LNnB,7,2,9,0.78
LNnH,1,3,4,0.25
LNnI,1,0,1,1.0
LNnL,1,2,3,0.33
LNnM,5,8,13,0.38
LNnN,3,6,9,0.33
LNnP,6,9,15,0.4
LNnS,6,5,11,0.55
LNnb,7,4,11,0.64
LNnh,1,1,2,0.5
LNnl,0,2,2,0.0
LNnm,3,8,11,0.27
LNnn,6,3,9,0.67
LNns,4,1,5,0.8
LNsB,1,0,1,1.0
LNsD,0,0,0,
LNsH,1,2,3,0.33
LNsI,0,0,0,
LNsL,3,0,3,1.0
LNsM,6,4,10,0.6
LNsN,2,3,5,0.4
LNsP,4,3,7,0.57
LNsS,3,1,4,0.75
LNsb,2,4,6,0.33
LNsl,1,1,2,0.5
LNsm,3,4,7,0.43
LNsn,3,1,4,0.75
LNss,3,3,6,0.5
LNtD,0,1,1,0.0
LNtH,0,1,1,0.0
LNtM,0,2,2,0.0
LNtb,0,1,1,0.0
LNtm,2,0,2,1.0
LNtn,0,1,1,0.0
LPBB,5,10,15,0.33
LPBD,3,2,5,0.6
LPBK,0,0,0,
LPBL,0,1,1,0.0
LPBM,6,4,10,0.6
LPBN,3,9,12,0.25
LPBP,9,7,16,0.56
LPBS,2,2,4,0.5
LPBb,8,6,14,0.57
LPBh,0,1,1,0.0
LPBj,1,0,1,1.0
LPBl,1,2,3,0.33
LPBm,7,5,12,0.58
LPBn,5,7,12,0.42
LPBs,1,1,2,0.5
LPBt,0,1,1,0.0
LPDB,1,2,3,0.33
LPDD,1,1,2,0.5
LPDL,1,1,2,0.5
LPDM,2,1,3,0.67
LPDN,0,2,2,0.0
LPDP,0,3,3,0.0
LPDb,0,1,1,0.0
LPDl,0,0,0,
LPDm,2,0,2,1.0
LPDn,0,1,1,0.0
LPDs,1,0,1,1.0
LPHB,1,0,1,1.0
LPHL,1,0,1,1.0
LPHN,1,1,2,0.5
LPHP,1,5,6,0.17
LPHS,1,2,3,0.33
LPHb,1,1,2,0.5
LPHh,0,2,2,0.0
LPHm,0,1,1,0.0
LPHn,1,0,1,1.0
LPHs,3,2,5,0.6
LPIB,1,1,2,0.5
LPIH,0,1,1,0.0
LPIP,2,0,2,1.0
LPIb,0,1,1,0.0
LPIm,0,1,1,0.0
LPIs,1,0,1,1.0
LPKB,0,0,0,
LPKD,0,0,0,
LPKL,0,2,2,0.0
LPKM,1,1,2,0.5
LPKN,0,0,0,
LPKP,0,1,1,0.0
LPKS,2,0,2,1.0
LPKb,0,1,1,0.0
LPKh,1,0,1,1.0
LPKl,1,0,1,1.0
LPKm,0,1,1,0.0
LPKs,1,0,1,1.0
LPLB,3,3,6,0.5
LPLD,0,1,1,0.0
LPLL,0,0,0,
LPLM,0,3,3,0.0
LPLN,2,4,6,0.33
LPLP,2,5,7,0.29
LPLS,3,0,3,1.0
LPLb,3,3,6,0.5
LPLh,1,0,1,1.0
LPLj,0,2,2,0.0
LPLl,2,1,3,0.67
LPLm,2,1,3,0.67
LPLn,1,0,1,1.0
LPLs,3,3,6,0.5
LPLt,0,0,0,
LPMB,7,3,10,0.7
LPMD,1,0,1,1.0
LPML,0,2,2,0.0
LPMM,2,3,5,0.4
LPMN,7,1,8,0.88
LPMP,10,7,17,0.59
LPMS,3,4,7,0.43
LPMb,3,4,7,0.43
LPMh,2,4,6,0.33
LPMj,0,1,1,0.0
LPMl,2,0,2,1.0
LPMm,9,5,14,0.64
LPMn,11,5,16,0.69
LPMs,6,2,8,0.75
LPNB,7,5,12,0.58
LPND,0,1,1,0.0
LPNH,0,1,1,0.0
LPNL,1,2,3,0.33
LPNM,3,5,8,0.38
LPNN,6,13,19,0.32
LPNP,7,5,12,0.58
LPNS,4,6,10,0.4
LPNb,4,4,8,0.5
LPNh,1,3,4,0.25
LPNl,0,3,3,0.0
LPNm,7,4,11,0.64
LPNn,4,8,12,0.33
LPNs,4,4,8,0.5
LPNt,1,2,3,0.33
LPPB,8,6,14,0.57
LPPD,2,1,3,0.67
LPPH,1,2,3,0.33
LPPI,0,0,0,
LPPK,1,1,2,0.5
LPPL,6,5,11,0.55
LPPM,7,6,13,0.54
LPPN,7,8,15,0.47
LPPP,17,9,26,0.65
LPPS,5,2,7,0.71
LPPb,5,9,14,0.36
LPPh,0,0,0,
LPPl,2,2,4,0.5
LPPm,4,6,10,0.4
LPPn,1,6,7,0.14
LPPs,4,5,9,0.44
LPSB,1,2,3,0.33
LPSD,0,1,1,0.0
LPSH,2,3,5,0.4
LPSI,0,1,1,0.0
LPSK,1,0,1,1.0
LPSL,3,4,7,0.43
LPSM,4,3,7,0.57
LPSN,5,3,8,0.62
LPSP,5,3,8,0.62
LPSS,4,2,6,0.67
LPSb,5,7,12,0.42
LPSh,0,0,0,
LPSl,2,1,3,0.67
LPSm,5,2,7,0.71
LPSn,3,4,7,0.43
LPSs,1,2,3,0.33
LPbB,4,10,14,0.29
LPbD,2,1,3,0.67
LPbH,0,0,0,
LPbI,0,1,1,0.0
LPbJ,2,2,4,0.5
LPbK,0,2,2,0.0
LPbL,1,4,5,0.2
LPbM,5,3,8,0.62
LPbN,2,4,6,0.33
LPbP,8,5,13,0.62
LPbS,1,0,1,1.0
LPbb,2,8,10,0.2
LPbl,1,3,4,0.25
LPbm,4,5,9,0.44
LPbn,3,3,6,0.5
LPbs,1,5,6,0.17
LPhB,0,2,2,0.0
LPhM,1,0,1,1.0
LPhN,0,1,1,0.0
LPhP,1,0,1,1.0
LPhS,0,1,1,0.0
LPhb,0,2,2,0.0
LPhl,0,1,1,0.0
LPhm,2,0,2,1.0
LPhn,0,0,0,
LPhs,1,0,1,1.0
LPlB,2,2,4,0.5
LPlH,2,4,6,0.33
LPlJ,1,0,1,1.0
LPlL,2,2,4,0.5
LPlM,0,5,5,0.0
LPlN,1,2,3,0.33
LPlP,2,4,6,0.33
LPlS,2,3,5,0.4
LPlb,3,2,5,0.6
LPll,2,2,4,0.5
LPlm,4,2,6,0.67
LPln,0,2,2,0.0
LPls,2,1,3,0.67
LPmB,6,7,13,0.46
LPmD,6,2,8,0.75
LPmH,5,3,8,0.62
LPmJ,2,0,2,1.0
LPmL,0,4,4,0.0
LPmM,5,10,15,0.33
LPmN,2,10,12,0.17
LPmP,6,7,13,0.46
LPmS,5,3,8,0.62
LPmb,7,5,12,0.58
LPml,2,3,5,0.4
LPmm,6,6,12,0.5
LPmn,2,5,7,0.29
LPms,0,1,1,0.0
LPnB,5,4,9,0.56
LPnD,0,1,1,0.0
LPnH,3,5,8,0.38
LPnI,1,1,2,0.5
LPnK,0,2,2,0.0
LPnL,3,4,7,0.43
LPnM,5,6,11,0.45
LPnN,4,9,13,0.31
LPnP,7,4,11,0.64
LPnS,4,1,5,0.8
LPnb,4,4,8,0.5
LPnh,1,0,1,1.0
LPnl,2,4,6,0.33
LPnm,4,6,10,0.4
LPnn,5,2,7,0.71
LPns,1,2,3,0.33
LPsB,2,7,9,0.22
LPsH,4,3,7,0.57
LPsI,1,1,2,0.5
LPsL,1,2,3,0.33
LPsM,5,3,8,0.62
LPsN,2,3,5,0.4
LPsP,5,5,10,0.5
LPsS,3,4,7,0.43
LPsb,3,1,4,0.75
LPsl,0,2,2,0.0
LPsm,3,3,6,0.5
LPsn,3,0,3,1.0
LPss,4,2,6,0.67
LPtB,0,1,1,0.0
LPtH,0,1,1,0.0
LPtL,1,0,1,1.0
LPtN,2,0,2,1.0
LPtP,0,1,1,0.0
LPtS,2,0,2,1.0
LPtb,0,1,1,0.0
LPtl,1,0,1,1.0
LPtm,0,2,2,0.0
LPts,1,0,1,1.0
LSBB,3,1,4,0.75
LSBK,0,0,0,
LSBL,2,1,3,0.67
LSBM,4,2,6,0.67
LSBN,0,4,4,0.0
LSBP,2,4,6,0.33
LSBS,3,0,3,1.0
LSBb,2,2,4,0.5
LSBj,0,0,0,
LSBl,0,1,1,0.0
LSBm,3,3,6,0.5
LSBn,3,2,5,0.6
LSBs,2,1,3,0.67
LSDH,0,1,1,0.0
LSDN,1,1,2,0.5
LSDP,0,1,1,0.0
LSDS,0,1,1,0.0
LSDb,0,1,1,0.0
LSDl,0,1,1,0.0
LSDm,1,5,6,0.17
LSDn,1,2,3,0.33
LSDs,0,1,1,0.0
LSHB,1,0,1,1.0
LSHD,0,0,0,
LSHL,1,1,2,0.5
LSHM,1,0,1,1.0
LSHN,0,2,2,0.0
LSHP,0,1,1,0.0
LSHb,1,1,2,0.5
LSHm,0,2,2,0.0
LSHs,1,1,2,0.5
LSIm,1,0,1,1.0
LSLB,0,2,2,0.0
LSLD,0,0,0,
LSLH,1,0,1,1.0
LSLM,0,2,2,0.0
LSLN,1,1,2,0.5
LSLP,2,0,2,1.0
LSLS,0,3,3,0.0
LSLb,2,2,4,0.5
LSLh,0,1,1,0.0
LSLl,2,0,2,1.0
LSLm,1,2,3,0.33
LSLn,2,0,2,1.0
LSLs,1,1,2,0.5
LSLt,0,1,1,0.0
LSMB,5,2,7,0.71
LSML,2,0,2,1.0
LSMM,0,2,2,0.0
LSMN,6,3,9,0.67
LSMP,5,5,10,0.5
LSMS,2,2,4,0.5
LSMb,1,3,4,0.25
LSMh,3,3,6,0.5
LSMl,2,0,2,1.0
LSMm,2,2,4,0.5
LSMn,0,1,1,0.0
LSMs,2,0,2,1.0
LSNB,3,5,8,0.38
LSNH,1,1,2,0.5
LSNL,0,1,1,0.0
LSNM,2,5,7,0.29
LSNN,4,4,8,0.5
LSNP,6,2,8,0.75
LSNS,1,1,2,0.5
LSNb,1,3,4,0.25
LSNh,0,2,2,0.0
LSNl,2,0,2,1.0
LSNm,4,3,7,0.57
LSNn,3,6,9,0.33
LSPB,2,2,4,0.5
LSPD,0,1,1,0.0
LSPH,0,1,1,0.0
LSPI,0,1,1,0.0
LSPL,2,1,3,0.67
LSPM,5,5,10,0.5
LSPN,2,1,3,0.67
LSPP,3,7,10,0.3
LSPb,3,0,3,1.0
LSPh,0,1,1,0.0
LSPl,3,5,8,0.38
LSPm,3,3,6,0.5
LSPn,4,6,10,0.4
LSPs,4,3,7,0.57
LSPt,1,0,1,1.0
LSSB,2,2,4,0.5
LSSD,0,1,1,0.0
LSSH,1,1,2,0.5
LSSL,1,1,2,0.5
LSSM,1,5,6,0.17
LSSN,2,2,4,0.5
LSSP,4,5,9,0.44
LSSS,2,5,7,0.29
LSSb,1,0,1,1.0
LSSh,3,1,4,0.75
LSSl,2,0,2,1.0
LSSm,2,3,5,0.4
LSSn,5,2,7,0.71
LSSs,1,6,7,0.14
LSbB,3,2,5,0.6
LSbJ,1,0,1,1.0
LSbL,1,1,2,0.5
LSbM,0,1,1,0.0
LSbN,1,3,4,0.25
LSbP,3,2,5,0.6
LSbS,0,1,1,0.0
LSbb,2,2,4,0.5
LSbl,2,1,3,0.67
LSbm,1,3,4,0.25
LSbn,2,1,3,0.67
LSbs,1,0,1,1.0
LShB,1,0,1,1.0
LShH,0,0,0,
LShL,0,1,1,0.0
LShN,1,3,4,0.25
LShP,3,2,5,0.6
LShS,2,1,3,0.67
LShh,1,1,2,0.5
LShm,1,3,4,0.25
LShn,0,0,0,
LShs,3,0,3,1.0
LSlB,1,3,4,0.25
LSlJ,0,1,1,0.0
LSlM,0,1,1,0.0
LSlN,2,2,4,0.5
LSlP,0,1,1,0.0
LSlS,2,0,2,1.0
LSlb,1,2,3,0.33
LSll,0,1,1,0.0
LSlm,1,0,1,1.0
LSln,0,1,1,0.0
LSls,0,1,1,0.0
LSmB,1,1,2,0.5
LSmD,0,0,0,
LSmH,1,1,2,0.5
LSmL,2,0,2,1.0
LSmM,2,6,8,0.25
LSmN,1,3,4,0.25
LSmP,0,3,3,0.0
LSmS,1,2,3,0.33
LSmb,7,3,10,0.7
LSml,2,0,2,1.0
LSmm,3,2,5,0.6
LSmn,2,0,2,1.0
LSms,2,2,4,0.5
LSnB,2,1,3,0.67
LSnD,1,0,1,1.0
LSnH,1,1,2,0.5
LSnL,1,0,1,1.0
LSnM,2,1,3,0.67
LSnN,2,6,8,0.25
LSnP,3,3,6,0.5
LSnS,2,5,7,0.29
LSnb,2,3,5,0.4
LSnl,0,1,1,0.0
LSnm,2,4,6,0.33
LSnn,4,3,7,0.57
LSns,3,2,5,0.6
LSsB,1,2,3,0.33
LSsD,0,1,1,0.0
LSsH,0,2,2,0.0
LSsI,1,0,1,1.0
LSsL,2,0,2,1.0
LSsM,1,2,3,0.33
LSsN,4,1,5,0.8
LSsP,1,1,2,0.5
LSsS,3,3,6,0.5
LSsh,0,1,1,0.0
LSsm,2,2,4,0.5
LSsn,1,2,3,0.33
LSss,0,3,3,0.0
LStB,0,1,1,0.0
LStL,0,1,1,0.0
LStP,1,1,2,0.5
LStl,1,0,1,1.0
LStn,0,1,1,0.0
LbBB,3,4,7,0.43
LbBH,0,1,1,0.0
LbBK,0,1,1,0.0
LbBL,0,0,0,
LbBM,7,5,12,0.58
LbBN,4,2,6,0.67
LbBP,3,0,3,1.0
LbBS,1,3,4,0.25
LbBb,2,3,5,0.4
LbBh,0,0,0,
LbBj,1,1,2,0.5
LbBl,1,1,2,0.5
LbBm,3,5,8,0.38
LbBn,5,7,12,0.42
LbBs,2,5,7,0.29
LbDD,0,2,2,0.0
LbDH,2,0,2,1.0
LbDM,0,1,1,0.0
LbDS,0,0,0,
LbDb,1,0,1,1.0
LbDn,0,1,1,0.0
LbDs,1,0,1,1.0
LbHB,1,0,1,1.0
LbHH,0,1,1,0.0
LbHN,1,0,1,1.0
LbHP,1,0,1,1.0
LbHS,0,2,2,0.0
LbHb,1,0,1,1.0
LbHh,1,1,2,0.5
LbHm,0,3,3,0.0
LbHn,0,1,1,0.0
LbHs,2,0,2,1.0
LbIB,1,0,1,1.0
LbID,0,0,0,
LbIH,0,1,1,0.0
LbIP,1,0,1,1.0
LbIS,0,1,1,0.0
LbIm,0,1,1,0.0
LbJK,0,1,1,0.0
LbJL,0,1,1,0.0
LbJN,1,1,2,0.5
LbJS,0,1,1,0.0
LbJb,1,1,2,0.5
LbJl,0,2,2,0.0
LbJn,2,0,2,1.0
LbJs,1,0,1,1.0
LbKB,0,0,0,
LbKD,0,0,0,
LbKL,1,1,2,0.5
LbKM,1,0,1,1.0
LbKP,1,0,1,1.0
LbKS,1,1,2,0.5
LbKh,1,0,1,1.0
LbKm,1,0,1,1.0
LbKn,0,1,1,0.0
LbKs,0,1,1,0.0
LbLL,1,1,2,0.5
LbLM,0,0,0,
LbLN,0,1,1,0.0
LbLP,1,1,2,0.5
LbLS,0,1,1,0.0
LbLb,0,1,1,0.0
LbLj,1,0,1,1.0
LbLm,1,1,2,0.5
LbLn,4,2,6,0.67
LbLs,1,0,1,1.0
LbMB,2,5,7,0.29
LbMD,2,3,5,0.4
LbML,1,0,1,1.0
LbMM,3,2,5,0.6
LbMN,1,2,3,0.33
LbMP,3,9,12,0.25
LbMS,1,3,4,0.25
LbMb,6,3,9,0.67
LbMh,5,2,7,0.71
LbMl,2,0,2,1.0
LbMm,7,5,12,0.58
LbMn,3,2,5,0.6
LbMs,3,2,5,0.6
LbMt,0,1,1,0.0
LbNB,4,6,10,0.4
LbND,0,1,1,0.0
LbNH,0,2,2,0.0
LbNM,4,1,5,0.8
LbNN,3,3,6,0.5
LbNP,8,5,13,0.62
LbNS,5,7,12,0.42
LbNb,4,3,7,0.57
LbNh,1,1,2,0.5
LbNm,3,1,4,0.75
LbNn,4,3,7,0.57
LbNs,2,5,7,0.29
LbNt,0,2,2,0.0
LbPB,6,4,10,0.6
LbPD,1,1,2,0.5
LbPH,1,3,4,0.25
LbPL,1,3,4,0.25
LbPM,5,3,8,0.62
LbPN,9,2,11,0.82
LbPP,5,5,10,0.5
LbPS,3,3,6,0.5
LbPb,3,5,8,0.38
LbPh,2,0,2,1.0
LbPl,2,0,2,1.0
LbPm,5,3,8,0.62
LbPn,6,2,8,0.75
LbPs,4,4,8,0.5
LbPt,1,2,3,0.33
LbSB,0,1,1,0.0
LbSD,1,0,1,1.0
LbSH,0,0,0,
LbSL,0,1,1,0.0
LbSM,5,2,7,0.71
LbSN,2,2,4,0.5
LbSP,1,2,3,0.33
LbSS,4,1,5,0.8
LbSb,3,0,3,1.0
LbSh,3,0,3,1.0
LbSl,1,0,1,1.0
LbSm,1,1,2,0.5
LbSn,2,3,5,0.4
LbSs,2,3,5,0.4
LbSt,0,1,1,0.0
LbbB,4,1,5,0.8
LbbD,0,1,1,0.0
LbbI,1,0,1,1.0
LbbL,4,1,5,0.8
LbbM,2,1,3,0.67
LbbN,4,3,7,0.57
LbbP,4,4,8,0.5
LbbS,6,4,10,0.6
Lbbb,6,7,13,0.46
Lbbl,0,1,1,0.0
Lbbm,4,1,5,0.8
Lbbn,3,1,4,0.75
Lbbs,4,0,4,1.0
LblB,0,1,1,0.0
LblH,2,0,2,1.0
LblJ,1,0,1,1.0
LblL,1,0,1,1.0
LblM,2,3,5,0.4
LblN,0,1,1,0.0
LblP,1,2,3,0.33
LblS,1,2,3,0.33
Lblm,1,2,3,0.33
Lbls,1,1,2,0.5
LbmB,4,4,8,0.5
LbmD,1,1,2,0.5
LbmH,1,2,3,0.33
LbmI,1,0,1,1.0
LbmL,2,1,3,0.67
LbmM,4,3,7,0.57
LbmN,1,3,4,0.25
LbmP,5,8,13,0.38
LbmS,6,1,7,0.86
Lbmb,5,4,9,0.56
Lbml,1,1,2,0.5
Lbmm,2,2,4,0.5
Lbmn,4,6,10,0.4
Lbms,7,1,8,0.88
LbnB,2,1,3,0.67
LbnD,1,0,1,1.0
LbnH,0,3,3,0.0
LbnI,0,1,1,0.0
LbnL,2,2,4,0.5
LbnM,5,5,10,0.5
LbnN,2,1,3,0.67
LbnP,7,8,15,0.47
LbnS,4,1,5,0.8
Lbnb,3,3,6,0.5
Lbnl,2,0,2,1.0
Lbnm,4,2,6,0.67
Lbnn,2,5,7,0.29
Lbns,2,2,4,0.5
LbsB,0,3,3,0.0
LbsD,0,2,2,0.0
LbsH,1,2,3,0.33
LbsI,1,1,2,0.5
LbsL,0,1,1,0.0
LbsM,0,3,3,0.0
LbsN,1,1,2,0.5
LbsP,4,2,6,0.67
LbsS,5,2,7,0.71
Lbsb,1,1,2,0.5
Lbsl,1,1,2,0.5
Lbsm,1,1,2,0.5
Lbsn,2,2,4,0.5
Lbss,0,2,2,0.0
LhBB,1,1,2,0.5
LhBD,1,0,1,1.0
LhBL,0,0,0,
LhBM,0,2,2,0.0
LhBN,0,3,3,0.0
LhBP,1,3,4,0.25
LhBS,1,0,1,1.0
LhBb,0,3,3,0.0
LhBm,2,1,3,0.67
LhBn,0,2,2,0.0
LhBs,1,2,3,0.33
LhDM,1,1,2,0.5
LhDb,1,0,1,1.0
LhDt,0,1,1,0.0
LhHH,0,2,2,0.0
LhHN,0,1,1,0.0
LhHP,0,0,0,
LhHS,1,0,1,1.0
LhHs,0,1,1,0.0
LhIN,1,0,1,1.0
LhIb,1,0,1,1.0
LhKS,0,1,1,0.0
LhLK,1,0,1,1.0
LhLL,0,1,1,0.0
LhLP,0,1,1,0.0
LhLS,2,1,3,0.67
LhLb,2,1,3,0.67
LhLj,1,0,1,1.0
LhLm,1,1,2,0.5
LhLn,0,1,1,0.0
LhMB,1,1,2,0.5
LhMD,2,1,3,0.67
LhMH,0,1,1,0.0
LhMM,3,3,6,0.5
LhMN,0,2,2,0.0
LhMP,3,3,6,0.5
LhMS,0,1,1,0.0
LhMb,2,3,5,0.4
LhMh,0,3,3,0.0
LhMl,2,1,3,0.67
LhMm,1,1,2,0.5
LhMn,1,1,2,0.5
LhMs,0,2,2,0.0
LhNB,3,0,3,1.0
LhNH,1,0,1,1.0
LhNL,1,1,2,0.5
LhNM,3,0,3,1.0
LhNN,1,1,2,0.5
LhNP,1,4,5,0.2
LhNS,1,2,3,0.33
LhNb,0,2,2,0.0
LhNh,0,1,1,0.0
LhNl,1,0,1,1.0
LhNm,4,1,5,0.8
LhNn,1,1,2,0.5
LhNs,0,3,3,0.0
LhPB,1,4,5,0.2
LhPH,1,0,1,1.0
LhPL,3,2,5,0.6
LhPM,0,6,6,0.0
LhPN,3,1,4,0.75
LhPP,1,5,6,0.17
LhPS,1,2,3,0.33
LhPb,3,2,5,0.6
LhPm,2,1,3,0.67
LhPn,0,3,3,0.0
LhPs,3,0,3,1.0
LhSB,1,1,2,0.5
LhSD,0,0,0,
LhSN,0,0,0,
LhSP,0,1,1,0.0
LhSS,4,2,6,0.67
LhSb,0,0,0,
LhSh,0,1,1,0.0
LhSl,0,1,1,0.0
LhSm,0,1,1,0.0
LhSn,2,0,2,1.0
LhSs,1,1,2,0.5
LhbB,1,2,3,0.33
LhbD,1,1,2,0.5
LhbH,0,0,0,
LhbJ,0,1,1,0.0
LhbL,1,0,1,1.0
LhbM,0,0,0,
LhbN,1,0,1,1.0
LhbP,1,1,2,0.5
LhbS,1,1,2,0.5
Lhbb,1,4,5,0.2
Lhbl,2,0,2,1.0
Lhbm,1,0,1,1.0
Lhbn,1,0,1,1.0
Lhbs,1,1,2,0.5
LhhB,1,0,1,1.0
LhhI,0,1,1,0.0
LhhM,0,2,2,0.0
LhhN,1,1,2,0.5
LhhP,4,2,6,0.67
LhhS,0,1,1,0.0
Lhhb,0,2,2,0.0
Lhhh,0,1,1,0.0
Lhhm,2,0,2,1.0
Lhhn,1,1,2,0.5
Lhhs,2,1,3,0.67
LhlB,0,2,2,0.0
LhlD,0,1,1,0.0
LhlN,1,0,1,1.0
LhlP,0,0,0,
LhlS,1,1,2,0.5
Lhlb,2,0,2,1.0
Lhlm,1,0,1,1.0
Lhln,0,1,1,0.0
Lhls,2,1,3,0.67
LhmB,2,5,7,0.29
LhmD,0,1,1,0.0
LhmH,1,1,2,0.5
LhmJ,0,1,1,0.0
LhmM,1,0,1,1.0
LhmN,0,4,4,0.0
LhmP,1,0,1,1.0
LhmS,1,3,4,0.25
Lhmb,2,1,3,0.67
Lhml,1,0,1,1.0
Lhmm,2,0,2,1.0
Lhms,1,0,1,1.0
LhnB,0,2,2,0.0
LhnH,0,0,0,
LhnI,1,0,1,1.0
LhnL,1,0,1,1.0
LhnN,2,1,3,0.67
LhnP,0,2,2,0.0
LhnS,1,2,3,0.33
Lhnb,1,3,4,0.25
Lhnm,0,1,1,0.0
Lhnn,0,2,2,0.0
Lhns,1,0,1,1.0
LhsB,1,1,2,0.5
LhsD,0,2,2,0.0
LhsH,2,0,2,1.0
LhsL,0,0,0,
LhsM,4,0,4,1.0
LhsN,1,2,3,0.33
LhsP,2,2,4,0.5
LhsS,4,3,7,0.57
Lhsb,1,2,3,0.33
Lhsl,1,0,1,1.0
Lhsn,2,3,5,0.4
Lhss,1,0,1,1.0
LhtN,0,1,1,0.0
Lhtl,1,0,1,1.0
Lhtm,0,0,0,
Lhts,1,0,1,1.0
LjBL,0,0,0,
LjBM,1,0,1,1.0
LjBN,0,1,1,0.0
LjBP,1,1,2,0.5
LjBm,1,0,1,1.0
LjBn,1,0,1,1.0
LjDB,0,1,1,0.0
LjDM,0,1,1,0.0
LjDP,1,0,1,1.0
LjHP,0,1,1,0.0
LjIb,1,0,1,1.0
LjKP,1,0,1,1.0
LjLB,1,3,4,0.25
LjLD,0,1,1,0.0
LjLL,2,0,2,1.0
LjLM,0,1,1,0.0
LjLN,0,1,1,0.0
LjLP,0,0,0,
LjLn,0,1,1,0.0
LjLs,0,1,1,0.0
LjMB,0,1,1,0.0
LjMM,0,0,0,
LjMN,0,1,1,0.0
LjMP,0,1,1,0.0
LjMS,1,0,1,1.0
LjMb,0,1,1,0.0
LjMj,0,1,1,0.0
LjMm,0,1,1,0.0
LjMn,3,0,3,1.0
LjNB,2,0,2,1.0
LjNM,0,2,2,0.0
LjNN,0,3,3,0.0
LjNS,0,0,0,
LjNb,1,0,1,1.0
LjNh,1,0,1,1.0
LjNn,1,0,1,1.0
LjPB,1,3,4,0.25
LjPD,1,0,1,1.0
LjPN,1,0,1,1.0
LjPP,2,3,5,0.4
LjPS,2,1,3,0.67
LjPb,0,1,1,0.0
LjPl,0,1,1,0.0
LjPm,0,0,0,
LjPn,1,0,1,1.0
LjPs,0,0,0,
LjSB,0,1,1,0.0
LjSH,1,0,1,1.0
LjSM,0,1,1,0.0
LjSN,0,0,0,
LjSP,1,0,1,1.0
LjSS,1,0,1,1.0
LjSb,0,1,1,0.0
LjSn,1,1,2,0.5
LjbB,0,1,1,0.0
LjbL,0,1,1,0.0
LjbM,2,0,2,1.0
LjbN,0,2,2,0.0
LjbP,3,0,3,1.0
Ljbb,0,1,1,0.0
Ljbm,1,2,3,0.33
Ljbs,1,0,1,1.0
LjhB,0,1,1,0.0
LjhL,0,1,1,0.0
Ljhb,0,1,1,0.0
LjlL,0,1,1,0.0
LjlM,1,0,1,1.0
LjlP,1,0,1,1.0
LjlS,1,0,1,1.0
LjmB,1,1,2,0.5
LjmD,0,2,2,0.0
LjmH,2,0,2,1.0
LjmI,0,1,1,0.0
LjmM,1,2,3,0.33
LjmN,0,1,1,0.0
LjmS,1,0,1,1.0
Ljmb,2,1,3,0.67
Ljml,0,1,1,0.0
Ljmm,0,1,1,0.0
Ljmn,1,2,3,0.33
LjnB,0,0,0,
LjnH,1,0,1,1.0
LjnN,0,0,0,
LjnP,1,4,5,0.2
LjnS,1,0,1,1.0
Ljnm,1,0,1,1.0
Ljnn,1,0,1,1.0
LjsD,0,1,1,0.0
LjsH,0,1,1,0.0
LjsM,1,0,1,1.0
LjsP,1,0,1,1.0
LjsS,0,1,1,0.0
Ljsb,0,1,1,0.0
Ljsm,0,2,2,0.0
Ljsn,2,0,2,1.0
Ljss,1,0,1,1.0
LjtS,1,0,1,1.0
Ljtb,1,0,1,1.0
LlBB,1,1,2,0.5
LlBM,1,0,1,1.0
LlBN,0,3,3,0.0
LlBP,3,2,5,0.6
LlBb,1,1,2,0.5
LlBl,1,1,2,0.5
LlBm,3,0,3,1.0
LlBn,1,2,3,0.33
LlBs,0,1,1,0.0
LlHB,2,3,5,0.4
LlHH,0,0,0,
LlHM,0,2,2,0.0
LlHN,1,1,2,0.5
LlHP,1,1,2,0.5
LlHS,1,1,2,0.5
LlHb,0,1,1,0.0
LlHh,0,0,0,
LlHm,1,1,2,0.5
LlHn,1,1,2,0.5
LlHs,1,1,2,0.5
LlHt,0,0,0,
LlIB,0,1,1,0.0
LlJB,1,0,1,1.0
LlJD,0,1,1,0.0
LlJS,0,2,2,0.0
LlJb,1,2,3,0.33
LlJm,4,1,5,0.8
LlJn,1,0,1,1.0
LlKB,0,0,0,
LlLB,0,1,1,0.0
LlLM,0,1,1,0.0
LlLN,0,1,1,0.0
LlLP,0,2,2,0.0
LlLS,0,1,1,0.0
LlLb,1,2,3,0.33
LlLh,1,1,2,0.5
LlLl,1,0,1,1.0
LlLm,1,2,3,0.33
LlLn,3,2,5,0.6
LlLs,0,1,1,0.0
LlMB,1,2,3,0.33
LlMD,0,0,0,
LlML,1,1,2,0.5
LlMM,3,2,5,0.6
LlMN,1,4,5,0.2
LlMP,1,2,3,0.33
LlMS,1,2,3,0.33
LlMb,2,1,3,0.67
LlMh,1,4,5,0.2
LlMj,1,0,1,1.0
LlMl,1,0,1,1.0
LlMm,1,3,4,0.25
LlMn,0,2,2,0.0
LlMs,2,0,2,1.0
LlNB,2,0,2,1.0
LlND,0,1,1,0.0
LlNK,0,0,0,
LlNL,3,1,4,0.75
LlNM,2,2,4,0.5
LlNN,2,3,5,0.4
LlNP,1,3,4,0.25
LlNS,1,3,4,0.25
LlNb,0,0,0,
LlNh,0,1,1,0.0
LlNl,2,2,4,0.5
LlNm,3,1,4,0.75
LlNn,2,3,5,0.4
LlNs,0,4,4,0.0
LlNt,2,1,3,0.67
LlPB,2,1,3,0.67
LlPH,2,0,2,1.0
LlPK,0,1,1,0.0
LlPL,1,1,2,0.5
LlPM,2,2,4,0.5
LlPN,3,3,6,0.5
LlPP,1,2,3,0.33
LlPS,2,2,4,0.5
LlPb,0,0,0,
LlPl,0,1,1,0.0
LlPm,2,3,5,0.4
LlPn,0,3,3,0.0
LlPs,1,2,3,0.33
LlSB,1,0,1,1.0
LlSH,1,0,1,1.0
LlSI,0,1,1,0.0
LlSL,1,2,3,0.33
LlSM,0,2,2,0.0
LlSP,1,1,2,0.5
LlSS,0,3,3,0.0
LlSb,1,0,1,1.0
LlSh,1,0,1,1.0
LlSl,1,0,1,1.0
LlSm,0,1,1,0.0
LlSn,2,1,3,0.67
LlSs,3,3,6,0.5
LlbL,1,1,2,0.5
LlbN,2,0,2,1.0
LlbP,1,0,1,1.0
LlbS,0,1,1,0.0
Llbb,3,1,4,0.75
Llbl,2,0,2,1.0
Llbm,0,2,2,0.0
Llbn,5,2,7,0.71
Llbs,1,0,1,1.0
LllH,1,1,2,0.5
LllM,1,0,1,1.0
LllN,0,0,0,
LllS,1,0,1,1.0
Llln,1,0,1,1.0
Llls,0,0,0,
LlmB,1,1,2,0.5
LlmD,0,0,0,
LlmJ,1,0,1,1.0
LlmL,0,0,0,
LlmM,0,3,3,0.0
LlmN,0,1,1,0.0
LlmP,1,2,3,0.33
LlmS,1,3,4,0.25
Llmb,2,2,4,0.5
Llmm,2,3,5,0.4
Llmn,1,1,2,0.5
Llms,0,0,0,
LlnB,1,2,3,0.33
LlnD,0,2,2,0.0
LlnH,0,3,3,0.0
LlnK,0,0,0,
LlnL,0,0,0,
LlnM,1,0,1,1.0
LlnN,1,2,3,0.33
LlnP,4,1,5,0.8
LlnS,1,1,2,0.5
Llnb,2,2,4,0.5
Llnl,0,3,3,0.0
Llnm,1,2,3,0.33
Llnn,1,3,4,0.25
Llns,0,0,0,
LlsB,1,1,2,0.5
LlsH,2,1,3,0.67
LlsL,2,0,2,1.0
LlsM,2,3,5,0.4
LlsN,0,5,5,0.0
LlsP,1,0,1,1.0
LlsS,1,1,2,0.5
Llsb,0,2,2,0.0
Llsl,1,0,1,1.0
Llsm,3,0,3,1.0
Llss,2,2,4,0.5
LmBB,5,2,7,0.71
LmBD,1,0,1,1.0
LmBK,2,0,2,1.0
LmBL,3,1,4,0.75
LmBM,3,4,7,0.43
LmBN,4,4,8,0.5
LmBP,3,2,5,0.6
LmBS,6,2,8,0.75
LmBb,2,2,4,0.5
LmBh,1,1,2,0.5
LmBj,1,0,1,1.0
LmBl,1,1,2,0.5
LmBm,7,3,10,0.7
LmBn,3,3,6,0.5
LmBs,2,2,4,0.5
LmBt,0,1,1,0.0
LmDB,2,1,3,0.67
LmDD,2,0,2,1.0
LmDH,0,0,0,
LmDL,0,1,1,0.0
LmDM,2,1,3,0.67
LmDN,2,0,2,1.0
LmDP,2,3,5,0.4
LmDS,1,2,3,0.33
LmDb,2,0,2,1.0
LmDl,1,0,1,1.0
LmDm,3,1,4,0.75
LmDn,4,3,7,0.57
LmHB,0,3,3,0.0
LmHH,0,2,2,0.0
LmHI,0,1,1,0.0
LmHL,1,0,1,1.0
LmHM,5,5,10,0.5
LmHN,3,4,7,0.43
LmHP,9,5,14,0.64
LmHS,2,2,4,0.5
LmHb,5,3,8,0.62
LmHh,3,2,5,0.6
LmHl,2,3,5,0.4
LmHm,6,2,8,0.75
LmHn,1,3,4,0.25
LmHs,3,2,5,0.6
LmHt,0,1,1,0.0
LmIH,0,1,1,0.0
LmIM,0,1,1,0.0
LmIb,1,0,1,1.0
LmIm,1,0,1,1.0
LmIn,1,0,1,1.0
LmJD,0,1,1,0.0
LmJH,0,1,1,0.0
LmJI,0,1,1,0.0
LmJL,1,0,1,1.0
LmJM,0,0,0,
LmJN,1,0,1,1.0
LmJP,1,1,2,0.5
LmJb,1,2,3,0.33
LmJl,2,0,2,1.0
LmJm,2,3,5,0.4
LmJn,0,1,1,0.0
LmJs,1,0,1,1.0
LmKM,1,0,1,1.0
LmKn,1,0,1,1.0
LmLB,5,1,6,0.83
LmLD,1,0,1,1.0
LmLM,1,1,2,0.5
LmLN,2,1,3,0.67
LmLP,1,1,2,0.5
LmLS,0,1,1,0.0
LmLb,0,0,0,
LmLh,0,2,2,0.0
LmLl,4,2,6,0.67
LmLm,3,2,5,0.6
LmLn,3,1,4,0.75
LmLs,0,3,3,0.0
LmLt,0,1,1,0.0
LmMB,5,3,8,0.62
LmMD,1,3,4,0.25
LmML,0,0,0,
LmMM,4,7,11,0.36
LmMN,4,4,8,0.5
LmMP,8,7,15,0.53
LmMS,3,7,10,0.3
LmMb,3,0,3,1.0
LmMh,1,1,2,0.5
LmMj,1,1,2,0.5
LmMl,2,1,3,0.67
LmMm,8,7,15,0.53
LmMn,6,5,11,0.55
LmMs,3,2,5,0.6
LmMt,0,0,0,
LmNB,3,5,8,0.38
LmND,3,0,3,1.0
LmNH,0,2,2,0.0
LmNK,0,1,1,0.0
LmNM,2,5,7,0.29
LmNN,9,14,23,0.39
LmNP,11,7,18,0.61
LmNS,9,6,15,0.6
LmNb,2,4,6,0.33
LmNh,2,1,3,0.67
LmNl,0,1,1,0.0
LmNm,3,1,4,0.75
LmNn,8,6,14,0.57
LmNs,3,4,7,0.43
LmNt,2,0,2,1.0
LmPB,7,5,12,0.58
LmPD,2,1,3,0.67
LmPH,4,1,5,0.8
LmPK,2,2,4,0.5
LmPL,3,1,4,0.75
LmPM,6,5,11,0.55
LmPN,6,7,13,0.46
LmPP,5,7,12,0.42
LmPS,3,2,5,0.6
LmPb,10,2,12,0.83
LmPh,1,0,1,1.0
LmPl,2,1,3,0.67
LmPm,11,6,17,0.65
LmPn,5,4,9,0.56
LmPs,3,5,8,0.38
LmSB,1,4,5,0.2
LmSD,0,1,1,0.0
LmSH,2,0,2,1.0
LmSL,0,2,2,0.0
LmSM,1,2,3,0.33
LmSN,1,1,2,0.5
LmSP,8,6,14,0.57
LmSS,1,2,3,0.33
LmSb,9,4,13,0.69
LmSh,0,1,1,0.0
LmSl,1,1,2,0.5
LmSm,4,4,8,0.5
LmSn,5,4,9,0.56
LmSs,5,3,8,0.62
LmSt,0,0,0,
LmbB,0,3,3,0.0
LmbD,0,2,2,0.0
LmbH,1,1,2,0.5
LmbJ,0,0,0,
LmbK,0,1,1,0.0
LmbL,2,2,4,0.5
LmbM,5,4,9,0.56
LmbN,4,3,7,0.57
LmbP,6,7,13,0.46
LmbS,3,2,5,0.6
Lmbb,9,3,12,0.75
Lmbl,1,2,3,0.33
Lmbm,7,2,9,0.78
Lmbn,7,2,9,0.78
Lmbs,1,2,3,0.33
Lmhh,0,1,1,0.0
Lmhm,1,0,1,1.0
Lmhn,0,0,0,
LmlB,1,1,2,0.5
LmlH,1,2,3,0.33
LmlJ,1,0,1,1.0
LmlL,1,0,1,1.0
LmlM,1,0,1,1.0
LmlN,3,0,3,1.0
LmlP,2,2,4,0.5
LmlS,1,1,2,0.5
Lmlb,3,0,3,1.0
Lmlm,3,2,5,0.6
Lmln,2,1,3,0.67
Lmls,1,0,1,1.0
LmmB,1,3,4,0.25
LmmD,1,0,1,1.0
LmmH,6,2,8,0.75
LmmL,2,2,4,0.5
LmmM,1,5,6,0.17
LmmN,3,3,6,0.5
LmmP,9,5,14,0.64
LmmS,5,5,10,0.5
Lmmb,3,6,9,0.33
Lmml,0,1,1,0.0
Lmmm,6,5,11,0.55
Lmmn,4,8,12,0.33
Lmms,2,3,5,0.4
LmnB,3,6,9,0.33
LmnD,3,0,3,1.0
LmnH,4,2,6,0.67
LmnL,2,2,4,0.5
LmnM,6,4,10,0.6
LmnN,8,7,15,0.53
LmnP,7,10,17,0.41
LmnS,1,4,5,0.2
Lmnb,4,2,6,0.67
Lmnl,0,2,2,0.0
Lmnm,3,3,6,0.5
Lmnn,8,5,13,0.62
Lmns,1,11,12,0.08
LmsB,2,3,5,0.4
LmsD,1,1,2,0.5
LmsH,1,1,2,0.5
LmsI,1,1,2,0.5
LmsL,1,0,1,1.0
LmsM,1,5,6,0.17
LmsN,3,0,3,1.0
LmsP,4,2,6,0.67
LmsS,2,4,6,0.33
Lmsb,6,1,7,0.86
Lmsl,1,2,3,0.33
Lmsm,4,1,5,0.8
Lmsn,3,3,6,0.5
Lmss,2,0,2,1.0
LnBB,2,4,6,0.33
LnBL,1,3,4,0.25
LnBM,3,5,8,0.38
LnBN,3,3,6,0.5
LnBP,7,6,13,0.54
LnBS,3,0,3,1.0
LnBb,3,5,8,0.38
LnBh,1,0,1,1.0
LnBl,0,1,1,0.0
LnBm,8,3,11,0.73
LnBn,3,1,4,0.75
LnBs,3,3,6,0.5
LnBt,0,2,2,0.0
LnDB,2,1,3,0.67
LnDH,0,1,1,0.0
LnDL,2,3,5,0.4
LnDM,4,1,5,0.8
LnDN,1,0,1,1.0
LnDP,0,3,3,0.0
LnDS,0,1,1,0.0
LnDb,0,2,2,0.0
LnDl,0,2,2,0.0
LnDm,1,2,3,0.33
LnDn,1,2,3,0.33
LnDs,0,3,3,0.0
LnHB,2,0,2,1.0
LnHH,0,0,0,
LnHL,1,1,2,0.5
LnHM,2,2,4,0.5
LnHN,4,6,10,0.4
LnHP,2,3,5,0.4
LnHS,2,2,4,0.5
LnHb,2,1,3,0.67
LnHh,1,0,1,1.0
LnHl,2,0,2,1.0
LnHm,5,1,6,0.83
LnHn,3,4,7,0.43
LnHs,0,1,1,0.0
LnIB,1,1,2,0.5
LnID,0,1,1,0.0
LnIL,1,0,1,1.0
LnIM,1,0,1,1.0
LnIP,1,0,1,1.0
LnIS,0,2,2,0.0
LnIb,0,0,0,
LnIl,1,0,1,1.0
LnIm,1,0,1,1.0
LnIn,1,0,1,1.0
LnIs,0,0,0,
LnKD,1,0,1,1.0
LnKM,1,2,3,0.33
LnKP,1,0,1,1.0
LnKl,2,0,2,1.0
LnKs,2,0,2,1.0
LnKt,1,0,1,1.0
LnLB,0,1,1,0.0
LnLM,2,2,4,0.5
LnLN,1,1,2,0.5
LnLP,3,4,7,0.43
LnLS,1,0,1,1.0
LnLb,3,0,3,1.0
LnLh,0,0,0,
LnLl,4,0,4,1.0
LnLm,3,2,5,0.6
LnLn,0,2,2,0.0
LnLs,2,0,2,1.0
LnMB,6,6,12,0.5
LnMD,1,1,2,0.5
LnML,0,1,1,0.0
LnMM,3,0,3,1.0
LnMN,5,1,6,0.83
LnMP,8,6,14,0.57
LnMS,1,3,4,0.25
LnMb,2,5,7,0.29
LnMh,1,2,3,0.33
LnMj,1,0,1,1.0
LnMl,1,1,2,0.5
LnMm,5,5,10,0.5
LnMn,5,3,8,0.62
LnMs,3,2,5,0.6
LnMt,1,1,2,0.5
LnNB,7,5,12,0.58
LnND,2,2,4,0.5
LnNH,1,1,2,0.5
LnNK,1,0,1,1.0
LnNL,2,1,3,0.67
LnNM,8,8,16,0.5
LnNN,7,5,12,0.58
LnNP,6,7,13,0.46
LnNS,6,6,12,0.5
LnNb,5,4,9,0.56
LnNh,2,3,5,0.4
LnNl,4,4,8,0.5
LnNm,3,12,15,0.2
LnNn,6,8,14,0.43
LnNs,8,2,10,0.8
LnNt,3,0,3,1.0
LnPB,2,8,10,0.2
LnPD,4,1,5,0.8
LnPH,1,1,2,0.5
LnPL,6,3,9,0.67
LnPM,11,7,18,0.61
LnPN,10,9,19,0.53
LnPP,6,7,13,0.46
LnPS,8,5,13,0.62
LnPb,4,6,10,0.4
LnPl,0,2,2,0.0
LnPm,6,10,16,0.38
LnPn,11,6,17,0.65
LnPs,1,2,3,0.33
LnPt,0,1,1,0.0
LnSB,1,3,4,0.25
LnSD,0,1,1,0.0
LnSH,1,2,3,0.33
LnSL,0,0,0,
LnSM,4,4,8,0.5
LnSN,2,4,6,0.33
LnSP,7,1,8,0.88
LnSS,6,4,10,0.6
LnSb,1,2,3,0.33
LnSh,2,3,5,0.4
LnSl,2,1,3,0.67
LnSm,6,5,11,0.55
LnSn,2,5,7,0.29
LnSs,7,2,9,0.78
LnbB,3,4,7,0.43
LnbH,0,1,1,0.0
LnbI,1,1,2,0.5
LnbJ,1,2,3,0.33
LnbL,1,1,2,0.5
LnbM,1,4,5,0.2
LnbN,5,3,8,0.62
LnbP,8,4,12,0.67
LnbS,1,2,3,0.33
Lnbb,1,4,5,0.2
Lnbl,0,0,0,
Lnbm,5,2,7,0.71
Lnbn,7,1,8,0.88
Lnbs,0,2,2,0.0
LnhM,0,1,1,0.0
LnhP,0,1,1,0.0
Lnhm,1,0,1,1.0
Lnhn,0,1,1,0.0
LnlB,1,1,2,0.5
LnlH,1,2,3,0.33
LnlL,1,0,1,1.0
LnlM,0,1,1,0.0
LnlN,3,2,5,0.6
Lnlb,0,2,2,0.0
Lnll,1,0,1,1.0
Lnlm,2,0,2,1.0
Lnln,2,3,5,0.4
Lnls,0,1,1,0.0
LnmB,7,6,13,0.54
LnmD,3,1,4,0.75
LnmH,1,5,6,0.17
LnmI,0,2,2,0.0
LnmJ,0,1,1,0.0
LnmL,2,4,6,0.33
LnmM,3,6,9,0.33
LnmN,6,2,8,0.75
LnmP,7,6,13,0.54
LnmS,5,2,7,0.71
Lnmb,3,7,10,0.3
Lnml,1,0,1,1.0
Lnmm,6,7,13,0.46
Lnmn,3,3,6,0.5
Lnms,1,0,1,1.0
LnnB,5,4,9,0.56
LnnD,5,0,5,1.0
LnnH,0,4,4,0.0
LnnI,0,1,1,0.0
LnnK,2,0,2,1.0
LnnL,3,2,5,0.6
LnnM,5,6,11,0.45
LnnN,8,5,13,0.62
LnnP,10,7,17,0.59
LnnS,6,3,9,0.67
Lnnb,3,3,6,0.5
Lnnl,1,0,1,1.0
Lnnm,2,4,6,0.33
Lnnn,9,7,16,0.56
Lnns,4,1,5,0.8
LnsB,1,3,4,0.25
LnsD,1,1,2,0.5
LnsH,2,3,5,0.4
LnsI,3,0,3,1.0
LnsL,0,1,1,0.0
LnsM,5,5,10,0.5
LnsN,5,0,5,1.0
LnsP,2,3,5,0.4
LnsS,1,3,4,0.25
Lnsb,3,2,5,0.6
Lnsl,4,1,5,0.8
Lnsm,9,4,13,0.69
Lnsn,3,5,8,0.38
Lnss,1,1,2,0.5
LsBB,2,2,4,0.5
LsBD,0,4,4,0.0
LsBL,2,0,2,1.0
LsBM,0,1,1,0.0
LsBN,1,2,3,0.33
LsBP,2,1,3,0.67
LsBS,1,1,2,0.5
LsBb,3,0,3,1.0
LsBm,2,2,4,0.5
LsBn,2,3,5,0.4
LsBs,1,1,2,0.5
LsBt,1,0,1,1.0
LsDD,0,1,1,0.0
LsDH,1,0,1,1.0
LsDN,1,1,2,0.5
LsDP,0,3,3,0.0
LsDS,3,0,3,1.0
LsDm,1,2,3,0.33
LsDn,1,1,2,0.5
LsHB,2,0,2,1.0
LsHD,1,1,2,0.5
LsHH,1,0,1,1.0
LsHK,1,0,1,1.0
LsHL,2,1,3,0.67
LsHM,2,2,4,0.5
LsHN,2,4,6,0.33
LsHP,5,4,9,0.56
LsHS,0,2,2,0.0
LsHb,2,0,2,1.0
LsHh,1,1,2,0.5
LsHl,0,3,3,0.0
LsHm,0,3,3,0.0
LsHn,0,4,4,0.0
LsHs,0,1,1,0.0
LsIB,1,0,1,1.0
LsID,0,1,1,0.0
LsIH,1,0,1,1.0
LsIL,2,0,2,1.0
LsIN,0,0,0,
LsIS,1,0,1,1.0
LsIb,0,1,1,0.0
LsKL,1,0,1,1.0
LsKN,1,0,1,1.0
LsKS,0,0,0,
LsLB,2,0,2,1.0
LsLD,0,1,1,0.0
LsLK,0,1,1,0.0
LsLL,2,0,2,1.0
LsLM,1,0,1,1.0
LsLN,1,0,1,1.0
LsLP,1,2,3,0.33
LsLS,1,0,1,1.0
LsLb,1,1,2,0.5
LsLh,1,0,1,1.0
LsLj,1,0,1,1.0
LsLl,0,1,1,0.0
LsLm,1,1,2,0.5
LsLn,1,2,3,0.33
LsLs,0,2,2,0.0
LsMB,1,0,1,1.0
LsMD,0,0,0,
LsML,0,0,0,
LsMM,2,5,7,0.29
LsMN,2,2,4,0.5
LsMP,4,7,11,0.36
LsMS,2,3,5,0.4
LsMb,3,4,7,0.43
LsMh,1,2,3,0.33
LsMj,1,0,1,1.0
LsMl,1,1,2,0.5
LsMm,2,1,3,0.67
LsMn,3,5,8,0.38
LsMs,2,1,3,0.67
LsMt,1,0,1,1.0
LsNB,0,1,1,0.0
LsND,1,2,3,0.33
LsNH,0,1,1,0.0
LsNL,2,2,4,0.5
LsNM,3,3,6,0.5
LsNN,2,3,5,0.4
LsNP,4,6,10,0.4
LsNS,2,1,3,0.67
LsNb,3,0,3,1.0
LsNl,1,0,1,1.0
LsNm,4,4,8,0.5
LsNn,4,6,10,0.4
LsNs,3,2,5,0.6
LsPB,3,3,6,0.5
LsPH,0,1,1,0.0
LsPL,1,1,2,0.5
LsPM,2,5,7,0.29
LsPN,3,5,8,0.38
LsPP,2,7,9,0.22
LsPS,3,3,6,0.5
LsPb,4,1,5,0.8
LsPl,0,1,1,0.0
LsPm,2,4,6,0.33
LsPn,4,5,9,0.44
LsPs,2,2,4,0.5
LsPt,0,0,0,
LsSB,0,2,2,0.0
LsSD,1,1,2,0.5
LsSH,0,0,0,
LsSL,0,2,2,0.0
LsSM,2,5,7,0.29
LsSN,3,1,4,0.75
LsSP,1,1,2,0.5
LsSS,3,5,8,0.38
LsSb,3,3,6,0.5
LsSh,3,2,5,0.6
LsSl,1,3,4,0.25
LsSm,4,2,6,0.67
LsSn,2,1,3,0.67
LsSs,2,2,4,0.5
LsSt,0,1,1,0.0
LsbB,3,2,5,0.6
LsbD,0,0,0,
LsbL,2,3,5,0.4
LsbM,0,0,0,
LsbN,5,1,6,0.83
LsbP,2,3,5,0.4
LsbS,4,3,7,0.57
Lsbb,2,3,5,0.4
Lsbl,0,2,2,0.0
Lsbm,1,0,1,1.0
Lsbn,1,3,4,0.25
Lsbs,1,0,1,1.0
Lshh,0,2,2,0.0
Lshn,0,1,1,0.0
LslB,2,0,2,1.0
LslH,0,2,2,0.0
LslI,0,0,0,
LslL,1,1,2,0.5
LslN,1,0,1,1.0
LslP,0,2,2,0.0
LslS,0,0,0,
Lslb,1,2,3,0.33
Lslm,1,0,1,1.0
Lsln,1,0,1,1.0
Lsls,2,2,4,0.5
LsmB,5,2,7,0.71
LsmD,1,2,3,0.33
LsmH,0,2,2,0.0
LsmJ,2,1,3,0.67
LsmL,1,1,2,0.5
LsmM,6,4,10,0.6
LsmN,2,6,8,0.25
LsmP,2,7,9,0.22
LsmS,2,3,5,0.4
Lsmb,2,1,3,0.67
Lsml,1,1,2,0.5
Lsmm,1,1,2,0.5
Lsmn,2,6,8,0.25
Lsms,3,0,3,1.0
LsnB,1,2,3,0.33
LsnD,0,3,3,0.0
LsnH,0,1,1,0.0
LsnI,0,1,1,0.0
LsnL,2,1,3,0.67
LsnM,1,5,6,0.17
LsnN,1,3,4,0.25
LsnP,5,5,10,0.5
LsnS,1,2,3,0.33
Lsnb,2,0,2,1.0
Lsnl,1,2,3,0.33
Lsnm,3,3,6,0.5
Lsnn,4,3,7,0.57
Lsns,2,2,4,0.5
LssB,2,0,2,1.0
LssD,1,0,1,1.0
LssH,3,2,5,0.6
LssL,1,0,1,1.0
LssM,1,1,2,0.5
LssN,1,1,2,0.5
LssP,3,3,6,0.5
LssS,2,3,5,0.4
Lssb,2,3,5,0.4
Lssl,0,0,0,
Lssm,3,2,5,0.6
Lssn,1,2,3,0.33
Lsss,2,2,4,0.5
LstB,0,1,1,0.0
LtBD,0,1,1,0.0
LtBN,1,0,1,1.0
LtBb,0,0,0,
LtBl,0,1,1,0.0
LtBs,1,0,1,1.0
LtDB,1,0,1,1.0
LtDI,0,1,1,0.0
LtDM,0,1,1,0.0
LtDP,0,1,1,0.0
LtDm,1,1,2,0.5
LtHB,0,1,1,0.0
LtHL,0,1,1,0.0
LtHP,0,1,1,0.0
LtHh,0,0,0,
LtHn,0,1,1,0.0
LtHs,0,1,1,0.0
LtLL,1,0,1,1.0
LtLM,1,0,1,1.0
LtLN,0,1,1,0.0
LtLb,1,0,1,1.0
LtMB,0,1,1,0.0
LtMM,0,0,0,
LtMP,0,2,2,0.0
LtMb,0,0,0,
LtMh,1,0,1,1.0
LtMm,0,1,1,0.0
LtMn,1,1,2,0.5
LtNP,1,0,1,1.0
LtNS,1,0,1,1.0
LtNl,1,0,1,1.0
LtNm,1,2,3,0.33
LtPM,1,1,2,0.5
LtPP,2,1,3,0.67
LtPh,0,1,1,0.0
LtPl,1,0,1,1.0
LtPn,1,0,1,1.0
LtPs,1,0,1,1.0
LtSD,0,1,1,0.0
LtSL,0,0,0,
LtSM,0,1,1,0.0
LtSP,1,0,1,1.0
LtSh,1,0,1,1.0
LtSm,0,1,1,0.0
LtbB,1,0,1,1.0
LtbH,1,0,1,1.0
LtbI,1,0,1,1.0
LtbM,1,0,1,1.0
LtbN,1,1,2,0.5
LtbP,1,0,1,1.0
LtbS,0,1,1,0.0
Ltbb,0,1,1,0.0
Ltbl,0,1,1,0.0
Ltbn,0,1,1,0.0
Ltbs,1,0,1,1.0
LtlD,0,1,1,0.0
Ltlb,0,1,1,0.0
Ltll,1,0,1,1.0
Ltlm,0,0,0,
LtmB,1,0,1,1.0
LtmH,1,0,1,1.0
LtmL,1,0,1,1.0
LtmM,2,0,2,1.0
LtmN,0,1,1,0.0
LtmP,2,2,4,0.5
LtmS,0,1,1,0.0
Ltmb,0,2,2,0.0
Ltmm,1,1,2,0.5
Ltmn,1,1,2,0.5
Ltms,0,0,0,
LtnP,1,0,1,1.0
Ltnb,0,2,2,0.0
Ltnl,2,1,3,0.67
Ltnm,0,2,2,0.0
Ltns,1,1,2,0.5
LtsH,1,1,2,0.5
LtsM,1,0,1,1.0
LtsN,1,1,2,0.5
LtsP,1,0,1,1.0
Ltsl,2,0,2,1.0
Ltsm,1,0,1,1.0
LttL,0,1,1,0.0
MBBB,11,18,29,0.38
MBBD,3,3,6,0.5
MBBH,1,0,1,1.0
MBBK,0,2,2,0.0
MBBL,2,3,5,0.4
MBBM,9,18,27,0.33
MBBN,15,10,25,0.6
MBBP,20,19,39,0.51
MBBS,5,4,9,0.56
MBBb,11,14,25,0.44
MBBj,1,2,3,0.33
MBBl,4,4,8,0.5
MBBm,13,19,32,0.41
MBBn,19,17,36,0.53
MBBs,5,4,9,0.56
MBBt,0,1,1,0.0
MBDB,4,3,7,0.57
MBDD,0,1,1,0.0
MBDH,4,3,7,0.57
MBDM,3,3,6,0.5
MBDN,0,3,3,0.0
MBDP,4,2,6,0.67
MBDS,1,2,3,0.33
MBDb,2,2,4,0.5
MBDl,2,0,2,1.0
MBDm,9,3,12,0.75
MBDn,1,3,4,0.25
MBDs,4,4,8,0.5
MBHs,1,0,1,1.0
MBKB,1,1,2,0.5
MBKI,0,1,1,0.0
MBKL,2,1,3,0.67
MBKM,1,3,4,0.25
MBKN,2,1,3,0.67
MBKP,3,3,6,0.5
MBKS,0,1,1,0.0
MBKb,2,0,2,1.0
MBKh,1,1,2,0.5
MBKl,1,1,2,0.5
MBKm,3,1,4,0.75
MBKn,0,2,2,0.0
MBKs,1,0,1,1.0
MBLB,3,2,5,0.6
MBLD,0,1,1,0.0
MBLH,0,1,1,0.0
MBLL,0,2,2,0.0
MBLM,1,1,2,0.5
MBLN,1,6,7,0.14
MBLP,4,5,9,0.44
MBLS,1,1,2,0.5
MBLb,1,7,8,0.12
MBLh,1,0,1,1.0
MBLj,1,1,2,0.5
MBLl,1,2,3,0.33
MBLm,4,3,7,0.57
MBLn,2,3,5,0.4
MBLs,2,2,4,0.5
MBMB,11,10,21,0.52
MBMD,2,0,2,1.0
MBML,0,1,1,0.0
MBMM,8,3,11,0.73
MBMN,17,10,27,0.63
MBMP,10,15,25,0.4
MBMS,4,4,8,0.5
MBMb,8,11,19,0.42
MBMh,9,6,15,0.6
MBMj,1,1,2,0.5
MBMl,4,0,4,1.0
MBMm,9,15,24,0.38
MBMn,19,9,28,0.68
MBMs,3,6,9,0.33
MBNB,9,13,22,0.41
MBND,0,2,2,0.0
MBNH,1,1,2,0.5
MBNI,1,1,2,0.5
MBNK,1,3,4,0.25
MBNL,4,8,12,0.33
MBNM,9,7,16,0.56
MBNN,16,16,32,0.5
MBNP,23,15,38,0.61
MBNS,4,5,9,0.44
MBNb,6,8,14,0.43
MBNh,6,4,10,0.6
MBNl,3,1,4,0.75
MBNm,13,17,30,0.43
MBNn,18,14,32,0.56
MBNs,6,2,8,0.75
MBNt,0,3,3,0.0
MBPB,16,21,37,0.43
MBPD,5,3,8,0.62
MBPH,5,5,10,0.5
MBPI,0,2,2,0.0
MBPK,5,5,10,0.5
MBPL,5,5,10,0.5
MBPM,11,17,28,0.39
MBPN,20,25,45,0.44
MBPP,26,22,48,0.54
MBPS,11,11,22,0.5
MBPb,10,9,19,0.53
MBPh,1,0,1,1.0
MBPl,4,3,7,0.57
MBPm,19,20,39,0.49
MBPn,20,25,45,0.44
MBPs,7,7,14,0.5
MBSB,5,3,8,0.62
MBSD,0,2,2,0.0
MBSH,2,1,3,0.67
MBSI,1,0,1,1.0
MBSL,0,1,1,0.0
MBSM,4,4,8,0.5
MBSN,2,6,8,0.25
MBSP,7,8,15,0.47
MBSS,2,2,4,0.5
MBSb,5,6,11,0.45
MBSh,2,5,7,0.29
MBSl,0,2,2,0.0
MBSm,10,7,17,0.59
MBSn,3,4,7,0.43
MBSs,5,5,10,0.5
MBSt,1,0,1,1.0
MBbB,15,14,29,0.52
MBbD,2,1,3,0.67
MBbH,5,6,11,0.45
MBbI,3,1,4,0.75
MBbJ,5,4,9,0.56
MBbK,0,1,1,0.0
MBbL,3,4,7,0.43
MBbM,3,13,16,0.19
MBbN,13,12,25,0.52
MBbP,16,20,36,0.44
MBbS,7,9,16,0.44
MBbb,10,10,20,0.5
MBbh,1,0,1,1.0
MBbl,5,2,7,0.71
MBbm,12,11,23,0.52
MBbn,12,14,26,0.46
MBbs,8,2,10,0.8
MBhB,0,0,0,
MBhM,0,3,3,0.0
MBhN,0,1,1,0.0
MBhS,1,0,1,1.0
MBhb,1,1,2,0.5
MBhh,1,1,2,0.5
MBhm,0,0,0,
MBhn,1,2,3,0.33
MBhs,0,1,1,0.0
MBjB,1,0,1,1.0
MBjH,1,1,2,0.5
MBjM,0,4,4,0.0
MBjN,0,1,1,0.0
MBjP,5,2,7,0.71
MBjS,1,2,3,0.33
MBjb,1,1,2,0.5
MBjl,0,1,1,0.0
MBjm,4,1,5,0.8
MBjn,1,3,4,0.25
MBjs,2,0,2,1.0
MBlB,2,5,7,0.29
MBlD,2,1,3,0.67
MBlH,2,5,7,0.29
MBlJ,1,2,3,0.33
MBlL,0,2,2,0.0
MBlM,5,3,8,0.62
MBlN,3,2,5,0.6
MBlP,2,5,7,0.29
MBlS,3,2,5,0.6
MBlb,4,3,7,0.57
MBll,0,1,1,0.0
MBlm,3,3,6,0.5
MBln,3,1,4,0.75
MBls,3,1,4,0.75
MBmB,12,16,28,0.43
MBmD,7,5,12,0.58
MBmH,9,13,22,0.41
MBmJ,5,2,7,0.71
MBmL,2,1,3,0.67
MBmM,10,11,21,0.48
MBmN,22,15,37,0.59
MBmP,13,16,29,0.45
MBmS,3,5,8,0.38
MBmb,11,3,14,0.79
MBml,6,2,8,0.75
MBmm,8,19,27,0.3
MBmn,21,15,36,0.58
MBms,8,8,16,0.5
MBnB,12,14,26,0.46
MBnD,3,1,4,0.75
MBnH,7,10,17,0.41
MBnI,0,3,3,0.0
MBnK,0,2,2,0.0
MBnL,5,5,10,0.5
MBnM,11,21,32,0.34
MBnN,9,18,27,0.33
MBnP,25,25,50,0.5
MBnS,13,12,25,0.52
MBnb,18,14,32,0.56
MBnh,0,2,2,0.0
MBnl,4,2,6,0.67
MBnm,15,11,26,0.58
MBnn,17,18,35,0.49
MBns,8,2,10,0.8
MBsB,3,7,10,0.3
MBsD,1,5,6,0.17
MBsH,3,3,6,0.5
MBsI,1,0,1,1.0
MBsM,4,6,10,0.4
MBsN,5,3,8,0.62
MBsP,4,6,10,0.4
MBsS,7,3,10,0.7
MBsb,3,2,5,0.6
MBsl,1,1,2,0.5
MBsm,5,6,11,0.45
MBsn,4,4,8,0.5
MBss,6,6,12,0.5
MBtH,2,0,2,1.0
MBtL,0,0,0,
MBtM,1,0,1,1.0
MBtN,0,1,1,0.0
MBtP,1,1,2,0.5
MBtS,0,2,2,0.0
MBtm,3,0,3,1.0
MBtn,2,1,3,0.67
MBtt,0,0,0,
MDBB,4,5,9,0.44
MDBK,0,2,2,0.0
MDBL,1,2,3,0.33
MDBM,3,2,5,0.6
MDBN,6,2,8,0.75
MDBP,1,3,4,0.25
MDBS,1,1,2,0.5
MDBb,6,2,8,0.75
MDBj,0,1,1,0.0
MDBl,0,2,2,0.0
MDBm,5,4,9,0.56
MDBn,4,4,8,0.5
MDBs,3,0,3,1.0
MDDB,2,1,3,0.67
MDDD,4,0,4,1.0
MDDH,2,4,6,0.33
MDDL,1,0,1,1.0
MDDM,1,2,3,0.33
MDDN,1,3,4,0.25
MDDP,2,2,4,0.5
MDDS,0,3,3,0.0
MDDb,2,2,4,0.5
MDDl,1,0,1,1.0
MDDm,1,3,4,0.25
MDDn,1,2,3,0.33
MDDs,1,0,1,1.0
MDDt,1,1,2,0.5
MDHD,2,0,2,1.0
MDHH,1,0,1,1.0
MDHI,1,0,1,1.0
MDHK,0,1,1,0.0
MDHL,1,1,2,0.5
MDHM,3,3,6,0.5
MDHN,2,2,4,0.5
MDHP,5,5,10,0.5
MDHS,1,3,4,0.25
MDHb,2,1,3,0.67
MDHh,1,1,2,0.5
MDHl,2,0,2,1.0
MDHm,6,3,9,0.67
MDHn,0,4,4,0.0
MDHs,2,2,4,0.5
MDHt,0,1,1,0.0
MDID,1,0,1,1.0
MDII,1,0,1,1.0
MDIN,0,0,0,
MDIP,0,1,1,0.0
MDIn,1,0,1,1.0
MDLB,3,3,6,0.5
MDLD,0,1,1,0.0
MDLM,2,2,4,0.5
MDLN,0,1,1,0.0
MDLP,2,1,3,0.67
MDLS,1,1,2,0.5
MDLb,1,0,1,1.0
MDLh,0,1,1,0.0
MDLj,0,0,0,
MDLm,0,1,1,0.0
MDLn,0,1,1,0.0
MDLs,0,0,0,
MDLt,0,1,1,0.0
MDMB,4,6,10,0.4
MDMD,2,2,4,0.5
MDML,2,0,2,1.0
MDMM,2,10,12,0.17
MDMN,5,7,12,0.42
MDMP,2,7,9,0.22
MDMS,3,3,6,0.5
MDMb,3,3,6,0.5
MDMh,4,8,12,0.33
MDMl,1,0,1,1.0
MDMm,5,10,15,0.33
MDMn,6,7,13,0.46
MDMs,4,2,6,0.67
MDNB,2,3,5,0.4
MDND,0,2,2,0.0
MDNM,4,4,8,0.5
MDNN,2,4,6,0.33
MDNP,1,1,2,0.5
MDNS,2,4,6,0.33
MDNb,1,4,5,0.2
MDNh,4,0,4,1.0
MDNl,2,1,3,0.67
MDNm,2,0,2,1.0
MDNn,2,7,9,0.22
MDNs,2,3,5,0.4
MDNt,0,3,3,0.0
MDPB,1,3,4,0.25
MDPD,1,2,3,0.33
MDPH,2,0,2,1.0
MDPI,0,2,2,0.0
MDPK,1,0,1,1.0
MDPL,0,2,2,0.0
MDPM,2,3,5,0.4
MDPN,8,4,12,0.67
MDPP,2,8,10,0.2
MDPS,5,2,7,0.71
MDPb,2,0,2,1.0
MDPh,0,1,1,0.0
MDPl,0,3,3,0.0
MDPm,7,4,11,0.64
MDPn,3,3,6,0.5
MDPs,2,2,4,0.5
MDPt,2,1,3,0.67
MDSB,0,3,3,0.0
MDSD,1,0,1,1.0
MDSH,0,1,1,0.0
MDSL,0,2,2,0.0
MDSM,2,1,3,0.67
MDSN,1,4,5,0.2
MDSP,3,4,7,0.43
MDSS,4,2,6,0.67
MDSb,3,1,4,0.75
MDSh,1,0,1,1.0
MDSl,1,1,2,0.5
MDSm,4,4,8,0.5
MDSn,2,1,3,0.67
MDSs,3,2,5,0.6
MDSt,1,0,1,1.0
MDbB,3,0,3,1.0
MDbD,1,1,2,0.5
MDbH,0,0,0,
MDbJ,2,1,3,0.67
MDbK,0,1,1,0.0
MDbM,1,2,3,0.33
MDbN,5,4,9,0.56
MDbP,3,2,5,0.6
MDbS,3,2,5,0.6
MDbb,4,3,7,0.57
MDbm,4,1,5,0.8
MDbn,2,2,4,0.5
MDbs,1,0,1,1.0
MDhL,0,1,1,0.0
MDhn,0,1,1,0.0
MDlB,2,1,3,0.67
MDlD,0,1,1,0.0
MDlH,0,2,2,0.0
MDlL,1,0,1,1.0
MDlM,5,1,6,0.83
MDlN,2,2,4,0.5
MDlP,1,1,2,0.5
MDlS,0,0,0,
MDll,1,0,1,1.0
MDlm,2,0,2,1.0
MDls,0,0,0,
MDmB,0,4,4,0.0
MDmD,2,1,3,0.67
MDmH,4,2,6,0.67
MDmI,0,1,1,0.0
MDmJ,3,1,4,0.75
MDmL,1,0,1,1.0
MDmM,11,8,19,0.58
MDmN,3,4,7,0.43
MDmP,3,1,4,0.75
MDmS,1,2,3,0.33
MDmb,4,3,7,0.57
MDml,0,2,2,0.0
MDmm,6,4,10,0.6
MDmn,3,5,8,0.38
MDms,2,1,3,0.67
MDnB,1,3,4,0.25
MDnD,1,0,1,1.0
MDnH,2,1,3,0.67
MDnM,1,5,6,0.17
MDnN,3,4,7,0.43
MDnP,5,2,7,0.71
MDnS,0,0,0,
MDnb,4,4,8,0.5
MDnm,2,7,9,0.22
MDnn,1,1,2,0.5
MDns,1,1,2,0.5
MDsB,1,0,1,1.0
MDsD,0,1,1,0.0
MDsH,4,4,8,0.5
MDsI,1,0,1,1.0
MDsL,1,0,1,1.0
MDsM,3,5,8,0.38
MDsN,1,2,3,0.33
MDsP,3,3,6,0.5
MDsS,4,1,5,0.8
MDsb,2,2,4,0.5
MDsm,6,3,9,0.67
MDsn,3,1,4,0.75
MDss,1,3,4,0.25
MDtB,1,0,1,1.0
MDtM,0,0,0,
MDtN,1,0,1,1.0
MDtP,0,1,1,0.0
MHBb,1,0,1,1.0
MHDm,0,1,1,0.0
MHHH,1,1,2,0.5
MHHb,1,0,1,1.0
MHKP,0,1,1,0.0
MHKh,0,0,0,
MHLb,1,0,1,1.0
MHMN,1,0,1,1.0
MHMh,1,0,1,1.0
MHNm,0,1,1,0.0
MHPB,1,1,2,0.5
MHPP,1,0,1,1.0
MHPS,1,0,1,1.0
MHPb,0,2,2,0.0
MHPs,0,1,1,0.0
MHSl,0,1,1,0.0
MHSm,1,0,1,1.0
MHSs,0,0,0,
MHbb,0,1,1,0.0
MHbl,0,0,0,
MHlB,0,1,1,0.0
MHlH,0,1,1,0.0
MHlI,0,1,1,0.0
MHmM,1,1,2,0.5
MHmP,0,1,1,0.0
MHmm,1,0,1,1.0
MHsH,0,1,1,0.0
MHsb,0,1,1,0.0
MHss,1,0,1,1.0
MILn,0,1,1,0.0
MIMB,0,0,0,
MImB,0,0,0,
MImM,0,0,0,
MKBP,0,1,1,0.0
MKBb,1,0,1,1.0
MKDS,0,1,1,0.0
MKIS,0,0,0,
MKIm,0,1,1,0.0
MKLP,1,0,1,1.0
MKLm,0,1,1,0.0
MKMM,0,1,1,0.0
MKMs,0,1,1,0.0
MKNB,0,0,0,
MKNM,0,1,1,0.0
MKNP,1,0,1,1.0
MKNm,0,1,1,0.0
MKPL,1,0,1,1.0
MKPM,0,1,1,0.0
MKPN,0,0,0,
MKPP,1,0,1,1.0
MKPm,1,0,1,1.0
MKSM,1,0,1,1.0
MKSn,0,1,1,0.0
MKSs,0,1,1,0.0
MKbB,1,0,1,1.0
MKbM,1,1,2,0.5
MKhM,0,0,0,
MKhP,1,0,1,1.0
MKhh,0,1,1,0.0
MKhm,0,0,0,
MKhn,0,1,1,0.0
MKlD,0,0,0,
MKlN,1,0,1,1.0
MKlb,1,0,1,1.0
MKmL,0,2,2,0.0
MKmN,1,0,1,1.0
MKmP,0,2,2,0.0
MKmm,0,1,1,0.0
MKms,0,0,0,
MKnD,0,1,1,0.0
MKnN,1,0,1,1.0
MKnP,1,0,1,1.0
MKsH,0,0,0,
MKsN,1,0,1,1.0
MKsb,0,1,1,0.0
MKsm,0,0,0,
MKsn,1,0,1,1.0
MLBB,4,4,8,0.5
MLBK,1,1,2,0.5
MLBL,1,0,1,1.0
MLBM,4,3,7,0.57
MLBN,4,2,6,0.67
MLBP,8,4,12,0.67
MLBS,1,4,5,0.2
MLBb,4,1,5,0.8
MLBh,0,0,0,
MLBj,0,2,2,0.0
MLBl,0,5,5,0.0
MLBm,2,2,4,0.5
MLBn,7,6,13,0.54
MLBs,0,2,2,0.0
MLDB,0,1,1,0.0
MLDH,1,1,2,0.5
MLDL,1,0,1,1.0
MLDN,1,3,4,0.25
MLDS,0,2,2,0.0
MLDh,0,0,0,
MLDm,1,1,2,0.5
MLDn,2,0,2,1.0
MLHB,0,1,1,0.0
MLHM,0,1,1,0.0
MLHm,0,1,1,0.0
MLKD,1,0,1,1.0
MLKN,1,1,2,0.5
MLKb,0,1,1,0.0
MLKm,1,0,1,1.0
MLLB,2,0,2,1.0
MLLK,0,0,0,
MLLM,0,2,2,0.0
MLLN,0,1,1,0.0
MLLP,0,1,1,0.0
MLLS,0,1,1,0.0
MLLb,1,1,2,0.5
MLLh,0,1,1,0.0
MLLl,0,0,0,
MLLm,1,0,1,1.0
MLLn,1,1,2,0.5
MLLs,0,1,1,0.0
MLMB,2,4,6,0.33
MLMD,0,1,1,0.0
MLMH,0,1,1,0.0
MLML,0,2,2,0.0
MLMM,3,3,6,0.5
MLMN,4,1,5,0.8
MLMP,1,3,4,0.25
MLMS,1,0,1,1.0
MLMb,3,1,4,0.75
MLMh,3,3,6,0.5
MLMj,0,1,1,0.0
MLMl,0,1,1,0.0
MLMm,3,3,6,0.5
MLMn,3,3,6,0.5
MLMs,0,2,2,0.0
MLNB,1,3,4,0.25
MLND,1,2,3,0.33
MLNH,0,0,0,
MLNM,2,3,5,0.4
MLNN,4,3,7,0.57
MLNP,2,6,8,0.25
MLNS,2,2,4,0.5
MLNb,4,3,7,0.57
MLNh,0,1,1,0.0
MLNl,0,2,2,0.0
MLNm,3,2,5,0.6
MLNn,7,2,9,0.78
MLNs,2,3,5,0.4
MLNt,1,0,1,1.0
MLPB,3,6,9,0.33
MLPH,0,0,0,
MLPL,1,0,1,1.0
MLPM,4,3,7,0.57
MLPN,2,3,5,0.4
MLPP,1,3,4,0.25
MLPS,1,4,5,0.2
MLPb,3,7,10,0.3
MLPh,0,2,2,0.0
MLPl,3,2,5,0.6
MLPm,5,6,11,0.45
MLPn,2,6,8,0.25
MLPs,4,3,7,0.57
MLSB,1,0,1,1.0
MLSD,0,1,1,0.0
MLSH,1,0,1,1.0
MLSL,1,0,1,1.0
MLSM,3,0,3,1.0
MLSN,4,6,10,0.4
MLSP,1,5,6,0.17
MLSS,1,2,3,0.33
MLSb,0,1,1,0.0
MLSh,0,2,2,0.0
MLSl,1,0,1,1.0
MLSm,0,4,4,0.0
MLSn,0,0,0,
MLSs,1,1,2,0.5
MLbB,3,5,8,0.38
MLbD,0,1,1,0.0
MLbK,0,1,1,0.0
MLbL,1,2,3,0.33
MLbM,1,1,2,0.5
MLbN,5,5,10,0.5
MLbP,4,0,4,1.0
MLbS,0,2,2,0.0
MLbb,4,1,5,0.8
MLbl,0,1,1,0.0
MLbm,3,5,8,0.38
MLbn,0,4,4,0.0
MLbs,0,1,1,0.0
MLhB,1,1,2,0.5
MLhD,1,0,1,1.0
MLhH,0,0,0,
MLhL,0,1,1,0.0
MLhM,2,3,5,0.4
MLhN,1,1,2,0.5
MLhP,0,0,0,
MLhb,2,2,4,0.5
MLhh,1,0,1,1.0
MLhl,1,1,2,0.5
MLhm,3,2,5,0.6
MLhn,0,2,2,0.0
MLhs,1,2,3,0.33
MLjB,0,1,1,0.0
MLjL,1,0,1,1.0
MLjM,0,1,1,0.0
MLjN,0,1,1,0.0
MLjP,0,2,2,0.0
MLjS,0,2,2,0.0
MLjb,1,0,1,1.0
MLjm,1,0,1,1.0
MLjn,0,0,0,
MLjs,0,1,1,0.0
MLjt,0,1,1,0.0
MLlB,0,1,1,0.0
MLlH,0,1,1,0.0
MLlJ,1,0,1,1.0
MLlM,1,0,1,1.0
MLlN,0,1,1,0.0
MLlP,1,3,4,0.25
MLlS,0,2,2,0.0
MLlb,1,1,2,0.5
MLlm,2,3,5,0.4
MLln,1,2,3,0.33
MLls,2,3,5,0.4
MLmB,3,4,7,0.43
MLmD,2,2,4,0.5
MLmH,1,2,3,0.33
MLmJ,1,0,1,1.0
MLmL,2,2,4,0.5
MLmM,5,4,9,0.56
MLmN,10,4,14,0.71
MLmP,5,5,10,0.5
MLmS,2,2,4,0.5
MLmb,5,3,8,0.62
MLmh,0,0,0,
MLml,0,1,1,0.0
MLmm,4,7,11,0.36
MLmn,4,5,9,0.44
MLms,1,1,2,0.5
MLnB,5,2,7,0.71
MLnD,0,1,1,0.0
MLnH,3,1,4,0.75
MLnI,1,1,2,0.5
MLnK,0,1,1,0.0
MLnL,1,1,2,0.5
MLnM,5,2,7,0.71
MLnN,9,5,14,0.64
MLnP,7,4,11,0.64
MLnS,3,3,6,0.5
MLnb,1,4,5,0.2
MLnh,1,1,2,0.5
MLnl,0,1,1,0.0
MLnm,3,2,5,0.6
MLnn,5,2,7,0.71
MLns,4,5,9,0.44
MLsB,0,1,1,0.0
MLsH,2,3,5,0.4
MLsM,1,1,2,0.5
MLsN,1,3,4,0.25
MLsP,1,3,4,0.25
MLsS,2,3,5,0.4
MLsb,2,0,2,1.0
MLsl,1,0,1,1.0
MLsm,2,0,2,1.0
MLsn,1,5,6,0.17
MLss,2,1,3,0.67
MLtM,0,1,1,0.0
MLtP,0,1,1,0.0
MLtS,0,0,0,
MLtb,0,0,0,
MLtm,0,1,1,0.0
MLtn,0,3,3,0.0
MLts,1,1,2,0.5
MMBB,16,14,30,0.53
MMBD,2,5,7,0.29
MMBK,3,2,5,0.6
MMBL,3,1,4,0.75
MMBM,12,8,20,0.6
MMBN,17,11,28,0.61
MMBP,17,20,37,0.46
MMBS,3,6,9,0.33
MMBb,15,10,25,0.6
MMBh,0,1,1,0.0
MMBl,8,6,14,0.57
MMBm,15,10,25,0.6
MMBn,23,10,33,0.7
MMBs,3,4,7,0.43
MMBt,0,1,1,0.0
MMDB,2,7,9,0.22
MMDD,3,2,5,0.6
MMDH,3,1,4,0.75
MMDL,3,0,3,1.0
MMDM,4,6,10,0.4
MMDN,4,2,6,0.67
MMDP,2,2,4,0.5
MMDS,0,0,0,
MMDb,1,1,2,0.5
MMDl,0,1,1,0.0
MMDm,3,4,7,0.43
MMDn,0,2,2,0.0
MMDs,1,2,3,0.33
MMDt,2,0,2,1.0
MMHB,0,1,1,0.0
MMHL,0,1,1,0.0
MMHM,0,1,1,0.0
MMHP,1,2,3,0.33
MMHl,1,0,1,1.0
MMKB,0,1,1,0.0
MMKh,0,1,1,0.0
MMKl,0,0,0,
MMKm,0,0,0,
MMLB,0,7,7,0.0
MMLH,0,1,1,0.0
MMLL,0,2,2,0.0
MMLM,2,1,3,0.67
MMLN,1,0,1,1.0
MMLP,3,2,5,0.6
MMLS,2,1,3,0.67
MMLb,4,3,7,0.57
MMLh,1,4,5,0.2
MMLj,0,1,1,0.0
MMLl,2,1,3,0.67
MMLm,2,1,3,0.67
MMLn,1,2,3,0.33
MMLs,3,0,3,1.0
MMLt,0,1,1,0.0
MMMB,6,14,20,0.3
MMMD,6,3,9,0.67
MMML,2,2,4,0.5
MMMM,10,13,23,0.43
MMMN,7,15,22,0.32
MMMP,15,9,24,0.62
MMMS,5,8,13,0.38
MMMb,12,14,26,0.46
MMMh,6,6,12,0.5
MMMj,1,1,2,0.5
MMMl,2,1,3,0.67
MMMm,13,13,26,0.5
MMMn,12,26,38,0.32
MMMs,7,2,9,0.78
MMMt,1,0,1,1.0
MMNB,13,16,29,0.45
MMND,2,4,6,0.33
MMNH,2,1,3,0.67
MMNK,1,1,2,0.5
MMNL,1,2,3,0.33
MMNM,9,9,18,0.5
MMNN,8,20,28,0.29
MMNP,13,18,31,0.42
MMNS,11,4,15,0.73
MMNb,11,8,19,0.58
MMNh,1,2,3,0.33
MMNl,7,1,8,0.88
MMNm,15,14,29,0.52
MMNn,5,28,33,0.15
MMNs,8,12,20,0.4
MMNt,1,0,1,1.0
MMPB,18,12,30,0.6
MMPD,6,4,10,0.6
MMPH,3,3,6,0.5
MMPI,3,1,4,0.75
MMPK,2,4,6,0.33
MMPL,4,6,10,0.4
MMPM,6,15,21,0.29
MMPN,14,21,35,0.4
MMPP,25,20,45,0.56
MMPS,11,16,27,0.41
MMPb,16,22,38,0.42
MMPh,2,4,6,0.33
MMPl,3,5,8,0.38
MMPm,18,16,34,0.53
MMPn,22,23,45,0.49
MMPs,8,14,22,0.36
MMPt,0,2,2,0.0
MMSB,7,6,13,0.54
MMSD,2,1,3,0.67
MMSH,3,3,6,0.5
MMSK,0,1,1,0.0
MMSL,2,1,3,0.67
MMSM,9,4,13,0.69
MMSN,4,6,10,0.4
MMSP,9,6,15,0.6
MMSS,7,3,10,0.7
MMSb,5,5,10,0.5
MMSh,4,3,7,0.57
MMSl,2,1,3,0.67
MMSm,7,5,12,0.58
MMSn,9,8,17,0.53
MMSs,4,5,9,0.44
MMSt,0,0,0,
MMbB,10,8,18,0.56
MMbD,3,4,7,0.43
MMbH,2,1,3,0.67
MMbI,2,0,2,1.0
MMbJ,2,5,7,0.29
MMbK,4,0,4,1.0
MMbL,2,5,7,0.29
MMbM,7,11,18,0.39
MMbN,15,17,32,0.47
MMbP,15,16,31,0.48
MMbS,8,3,11,0.73
MMbb,8,14,22,0.36
MMbl,2,2,4,0.5
MMbm,11,14,25,0.44
MMbn,9,11,20,0.45
MMbs,5,6,11,0.45
MMhB,10,10,20,0.5
MMhD,6,4,10,0.6
MMhH,3,2,5,0.6
MMhI,1,0,1,1.0
MMhK,1,0,1,1.0
MMhL,2,3,5,0.4
MMhM,17,8,25,0.68
MMhN,9,8,17,0.53
MMhP,10,10,20,0.5
MMhS,11,9,20,0.55
MMhb,8,3,11,0.73
MMhh,12,9,21,0.57
MMhl,3,3,6,0.5
MMhm,12,10,22,0.55
MMhn,10,11,21,0.48
MMhs,9,2,11,0.82
MMht,0,1,1,0.0
MMjD,1,0,1,1.0
MMjH,1,1,2,0.5
MMjL,1,0,1,1.0
MMjM,0,1,1,0.0
MMjN,0,1,1,0.0
MMjS,1,0,1,1.0
MMjb,0,1,1,0.0
MMjl,1,0,1,1.0
MMjm,1,0,1,1.0
MMjn,1,1,2,0.5
MMjs,1,0,1,1.0
MMlB,3,2,5,0.6
MMlD,0,1,1,0.0
MMlH,2,2,4,0.5
MMlJ,0,1,1,0.0
MMlL,1,2,3,0.33
MMlM,1,3,4,0.25
MMlN,2,5,7,0.29
MMlP,3,4,7,0.43
MMlS,3,3,6,0.5
MMlb,3,2,5,0.6
MMlm,1,2,3,0.33
MMln,6,2,8,0.75
MMls,0,2,2,0.0
MMmB,18,22,40,0.45
MMmD,7,5,12,0.58
MMmH,11,17,28,0.39
MMmI,0,2,2,0.0
MMmJ,3,2,5,0.6
MMmL,4,3,7,0.57
MMmM,14,19,33,0.42
MMmN,23,16,39,0.59
MMmP,25,18,43,0.58
MMmS,14,14,28,0.5
MMmb,7,16,23,0.3
MMml,0,3,3,0.0
MMmm,15,21,36,0.42
MMmn,17,19,36,0.47
MMms,5,14,19,0.26
MMnB,8,16,24,0.33
MMnD,5,2,7,0.71
MMnH,8,13,21,0.38
MMnI,6,1,7,0.86
MMnK,1,0,1,1.0
MMnL,2,4,6,0.33
MMnM,18,11,29,0.62
MMnN,28,29,57,0.49
MMnP,13,16,29,0.45
MMnS,11,14,25,0.44
MMnb,10,11,21,0.48
MMnh,1,1,2,0.5
MMnl,3,2,5,0.6
MMnm,16,18,34,0.47
MMnn,13,20,33,0.39
MMns,17,12,29,0.59
MMsB,3,7,10,0.3
MMsD,2,2,4,0.5
MMsH,6,8,14,0.43
MMsL,2,3,5,0.4
MMsM,7,9,16,0.44
MMsN,5,11,16,0.31
MMsP,4,5,9,0.44
MMsS,9,5,14,0.64
MMsb,7,0,7,1.0
MMsl,2,1,3,0.67
MMsm,10,10,20,0.5
MMsn,10,6,16,0.62
MMss,6,3,9,0.67
MMst,0,0,0,
MMtB,0,1,1,0.0
MMtD,0,2,2,0.0
MMtH,0,1,1,0.0
MMtM,1,0,1,1.0
MMtN,0,2,2,0.0
MMtP,0,1,1,0.0
MMtS,1,1,2,0.5
MMtb,1,0,1,1.0
MMtn,1,1,2,0.5
MMts,0,1,1,0.0
MNBB,10,11,21,0.48
MNBD,2,5,7,0.29
MNBK,1,2,3,0.33
MNBL,2,2,4,0.5
MNBM,6,10,16,0.38
MNBN,11,12,23,0.48
MNBP,16,12,28,0.57
MNBS,9,5,14,0.64
MNBb,9,8,17,0.53
MNBh,1,0,1,1.0
MNBj,1,2,3,0.33
MNBl,1,5,6,0.17
MNBm,13,12,25,0.52
MNBn,12,15,27,0.44
MNBs,6,6,12,0.5
MNBt,0,1,1,0.0
MNDB,5,3,8,0.62
MNDD,1,2,3,0.33
MNDH,1,5,6,0.17
MNDI,1,0,1,1.0
MNDL,0,1,1,0.0
MNDM,9,3,12,0.75
MNDN,2,3,5,0.4
MNDP,3,4,7,0.43
MNDS,2,4,6,0.33
MNDb,3,6,9,0.33
MNDm,2,4,6,0.33
MNDn,2,3,5,0.4
MNDs,1,0,1,1.0
MNHB,1,1,2,0.5
MNHK,0,1,1,0.0
MNHL,0,1,1,0.0
MNHM,4,2,6,0.67
MNHN,1,3,4,0.25
MNHP,1,4,5,0.2
MNHS,1,2,3,0.33
MNHb,3,0,3,1.0
MNHh,1,0,1,1.0
MNHm,2,2,4,0.5
MNHn,2,1,3,0.67
MNHs,0,2,2,0.0
MNIN,1,0,1,1.0
MNIP,1,0,1,1.0
MNKB,1,0,1,1.0
MNKH,0,0,0,
MNKM,1,0,1,1.0
MNKN,0,2,2,0.0
MNKP,2,0,2,1.0
MNKS,0,3,3,0.0
MNKb,0,1,1,0.0
MNKh,1,0,1,1.0
MNKl,1,2,3,0.33
MNKm,0,3,3,0.0
MNKn,3,2,5,0.6
MNKs,4,2,6,0.67
MNLB,1,3,4,0.25
MNLH,0,1,1,0.0
MNLK,0,0,0,
MNLL,0,1,1,0.0
MNLM,3,5,8,0.38
MNLN,4,6,10,0.4
MNLP,3,6,9,0.33
MNLS,5,1,6,0.83
MNLb,1,4,5,0.2
MNLh,2,0,2,1.0
MNLj,3,1,4,0.75
MNLl,0,0,0,
MNLm,4,1,5,0.8
MNLn,7,7,14,0.5
MNLs,2,4,6,0.33
MNMB,17,10,27,0.63
MNMD,2,4,6,0.33
MNML,4,5,9,0.44
MNMM,6,8,14,0.43
MNMN,14,9,23,0.61
MNMP,7,10,17,0.41
MNMS,2,5,7,0.29
MNMb,11,7,18,0.61
MNMh,1,9,10,0.1
MNMj,0,0,0,
MNMl,3,2,5,0.6
MNMm,16,11,27,0.59
MNMn,10,19,29,0.34
MNMs,4,6,10,0.4
MNMt,2,0,2,1.0
MNNB,12,11,23,0.52
MNND,3,3,6,0.5
MNNH,1,3,4,0.25
MNNK,0,2,2,0.0
MNNL,4,2,6,0.67
MNNM,13,16,29,0.45
MNNN,12,28,40,0.3
MNNP,17,18,35,0.49
MNNS,9,7,16,0.56
MNNb,15,14,29,0.52
MNNh,2,4,6,0.33
MNNl,5,4,9,0.56
MNNm,12,15,27,0.44
MNNn,27,33,60,0.45
MNNs,11,9,20,0.55
MNNt,0,2,2,0.0
MNPB,14,14,28,0.5
MNPD,4,1,5,0.8
MNPH,2,2,4,0.5
MNPI,2,3,5,0.4
MNPK,2,1,3,0.67
MNPL,6,13,19,0.32
MNPM,8,22,30,0.27
MNPN,23,18,41,0.56
MNPP,28,29,57,0.49
MNPS,16,12,28,0.57
MNPb,16,8,24,0.67
MNPh,1,1,2,0.5
MNPl,8,5,13,0.62
MNPm,17,19,36,0.47
MNPn,18,15,33,0.55
MNPs,7,21,28,0.25
MNPt,0,1,1,0.0
MNSB,8,6,14,0.57
MNSD,1,4,5,0.2
MNSH,2,1,3,0.67
MNSL,1,2,3,0.33
MNSM,5,8,13,0.38
MNSN,6,4,10,0.6
MNSP,10,11,21,0.48
MNSS,8,13,21,0.38
MNSb,5,1,6,0.83
MNSh,3,5,8,0.38
MNSl,0,1,1,0.0
MNSm,9,9,18,0.5
MNSn,5,5,10,0.5
MNSs,6,4,10,0.6
MNSt,1,0,1,1.0
MNbB,7,4,11,0.64
MNbD,1,1,2,0.5
MNbH,3,2,5,0.6
MNbI,1,0,1,1.0
MNbJ,1,1,2,0.5
MNbK,0,1,1,0.0
MNbL,3,6,9,0.33
MNbM,5,10,15,0.33
MNbN,9,18,27,0.33
MNbP,11,9,20,0.55
MNbS,4,5,9,0.44
MNbb,9,8,17,0.53
MNbl,1,4,5,0.2
MNbm,11,9,20,0.55
MNbn,14,20,34,0.41
MNbs,2,5,7,0.29
MNbt,1,0,1,1.0
MNhB,3,1,4,0.75
MNhD,2,1,3,0.67
MNhH,0,1,1,0.0
MNhI,0,0,0,
MNhL,0,1,1,0.0
MNhM,4,1,5,0.8
MNhN,3,2,5,0.6
MNhP,4,5,9,0.44
MNhS,3,6,9,0.33
MNhb,4,2,6,0.67
MNhh,1,6,7,0.14
MNhl,1,0,1,1.0
MNhm,6,2,8,0.75
MNhn,2,7,9,0.22
MNhs,4,4,8,0.5
MNht,0,1,1,0.0
MNlB,2,3,5,0.4
MNlD,0,1,1,0.0
MNlH,0,4,4,0.0
MNlJ,1,0,1,1.0
MNlM,1,3,4,0.25
MNlN,6,6,12,0.5
MNlP,5,5,10,0.5
MNlS,0,3,3,0.0
MNlb,3,0,3,1.0
MNll,0,2,2,0.0
MNlm,5,0,5,1.0
MNln,2,7,9,0.22
MNls,2,3,5,0.4
MNmB,7,13,20,0.35
MNmD,3,3,6,0.5
MNmH,13,13,26,0.5
MNmI,1,0,1,1.0
MNmJ,2,1,3,0.67
MNmL,4,4,8,0.5
MNmM,11,15,26,0.42
MNmN,19,21,40,0.48
MNmP,11,14,25,0.44
MNmS,10,12,22,0.45
MNmb,12,13,25,0.48
MNml,0,2,2,0.0
MNmm,17,16,33,0.52
MNmn,9,16,25,0.36
MNms,9,9,18,0.5
MNnB,9,11,20,0.45
MNnD,2,4,6,0.33
MNnH,9,12,21,0.43
MNnI,5,3,8,0.62
MNnK,2,3,5,0.4
MNnL,1,5,6,0.17
MNnM,11,19,30,0.37
MNnN,15,22,37,0.41
MNnP,17,23,40,0.42
MNnS,8,12,20,0.4
MNnb,10,11,21,0.48
MNnh,1,0,1,1.0
MNnl,3,5,8,0.38
MNnm,18,15,33,0.55
MNnn,18,23,41,0.44
MNns,17,17,34,0.5
MNnt,0,0,0,
MNsB,8,3,11,0.73
MNsD,3,0,3,1.0
MNsH,5,5,10,0.5
MNsI,1,3,4,0.25
MNsL,0,5,5,0.0
MNsM,7,12,19,0.37
MNsN,10,6,16,0.62
MNsP,4,6,10,0.4
MNsS,5,9,14,0.36
MNsb,5,4,9,0.56
MNsh,2,1,3,0.67
MNsl,5,2,7,0.71
MNsm,4,13,17,0.24
MNsn,12,10,22,0.55
MNss,7,3,10,0.7
MNtB,0,3,3,0.0
MNtD,0,1,1,0.0
MNtH,0,2,2,0.0
MNtL,1,0,1,1.0
MNtN,2,1,3,0.67
MNtP,3,2,5,0.6
MNtS,2,1,3,0.67
MNtb,0,0,0,
MNtm,1,0,1,1.0
MNtn,1,2,3,0.33
MPBB,18,20,38,0.47
MPBD,2,4,6,0.33
MPBK,1,2,3,0.33
MPBL,8,7,15,0.53
MPBM,9,8,17,0.53
MPBN,15,17,32,0.47
MPBP,13,22,35,0.37
MPBS,4,11,15,0.27
MPBb,20,9,29,0.69
MPBh,2,1,3,0.67
MPBj,0,3,3,0.0
MPBl,3,2,5,0.6
MPBm,14,17,31,0.45
MPBn,12,17,29,0.41
MPBs,10,8,18,0.56
MPBt,1,1,2,0.5
MPDB,3,1,4,0.75
MPDD,2,2,4,0.5
MPDH,4,2,6,0.67
MPDI,0,0,0,
MPDL,0,1,1,0.0
MPDM,3,6,9,0.33
MPDN,2,3,5,0.4
MPDP,2,5,7,0.29
MPDS,4,2,6,0.67
MPDb,4,1,5,0.8
MPDl,2,0,2,1.0
MPDm,6,8,14,0.43
MPDn,1,0,1,1.0
MPDs,4,2,6,0.67
MPDt,1,0,1,1.0
MPHB,5,3,8,0.62
MPHD,1,1,2,0.5
MPHI,0,0,0,
MPHL,1,4,5,0.2
MPHM,5,10,15,0.33
MPHN,3,7,10,0.3
MPHP,3,3,6,0.5
MPHS,6,4,10,0.6
MPHb,2,1,3,0.67
MPHh,1,2,3,0.33
MPHl,1,0,1,1.0
MPHm,6,6,12,0.5
MPHn,3,7,10,0.3
MPHs,4,9,13,0.31
MPIB,0,1,1,0.0
MPID,1,0,1,1.0
MPIH,1,2,3,0.33
MPIM,2,1,3,0.67
MPIN,2,0,2,1.0
MPIP,1,1,2,0.5
MPIS,3,1,4,0.75
MPIb,2,0,2,1.0
MPIm,2,0,2,1.0
MPIn,0,1,1,0.0
MPIs,0,4,4,0.0
MPKB,1,3,4,0.25
MPKD,0,2,2,0.0
MPKI,0,0,0,
MPKL,0,0,0,
MPKM,3,2,5,0.6
MPKN,2,2,4,0.5
MPKP,6,2,8,0.75
MPKS,1,2,3,0.33
MPKb,1,0,1,1.0
MPKh,1,3,4,0.25
MPKm,7,6,13,0.54
MPKn,0,2,2,0.0
MPKs,2,3,5,0.4
MPKt,2,0,2,1.0
MPLB,8,2,10,0.8
MPLD,0,1,1,0.0
MPLK,1,1,2,0.5
MPLL,3,2,5,0.6
MPLM,5,10,15,0.33
MPLN,8,0,8,1.0
MPLP,10,7,17,0.59
MPLS,5,1,6,0.83
MPLb,5,5,10,0.5
MPLh,0,1,1,0.0
MPLj,2,0,2,1.0
MPLl,4,2,6,0.67
MPLm,8,2,10,0.8
MPLn,5,7,12,0.42
MPLs,4,3,7,0.57
MPLt,2,0,2,1.0
MPMB,15,12,27,0.56
MPMD,6,4,10,0.6
MPMK,0,0,0,
MPML,5,3,8,0.62
MPMM,20,12,32,0.62
MPMN,12,19,31,0.39
MPMP,17,20,37,0.46
MPMS,5,4,9,0.56
MPMb,14,10,24,0.58
MPMh,11,11,22,0.5
MPMj,1,1,2,0.5
MPMl,7,4,11,0.64
MPMm,26,17,43,0.6
MPMn,11,16,27,0.41
MPMs,6,10,16,0.38
MPMt,1,0,1,1.0
MPNB,14,21,35,0.4
MPND,4,3,7,0.57
MPNH,3,2,5,0.6
MPNI,1,0,1,1.0
MPNK,2,1,3,0.67
MPNL,2,5,7,0.29
MPNM,14,21,35,0.4
MPNN,16,14,30,0.53
MPNP,16,33,49,0.33
MPNS,11,8,19,0.58
MPNb,14,11,25,0.56
MPNh,2,4,6,0.33
MPNl,6,5,11,0.55
MPNm,17,19,36,0.47
MPNn,21,29,50,0.42
MPNs,5,12,17,0.29
MPNt,2,3,5,0.4
MPPB,23,23,46,0.5
MPPD,3,3,6,0.5
MPPH,5,9,14,0.36
MPPI,3,2,5,0.6
MPPK,1,2,3,0.33
MPPL,6,9,15,0.4
MPPM,25,18,43,0.58
MPPN,19,17,36,0.53
MPPP,28,32,60,0.47
MPPS,14,19,33,0.42
MPPb,15,19,34,0.44
MPPh,5,7,12,0.42
MPPl,3,9,12,0.25
MPPm,25,25,50,0.5
MPPn,20,20,40,0.5
MPPs,14,14,28,0.5
MPPt,0,3,3,0.0
MPSB,9,9,18,0.5
MPSD,2,2,4,0.5
MPSH,1,5,6,0.17
MPSL,4,6,10,0.4
MPSM,16,6,22,0.73
MPSN,18,10,28,0.64
MPSP,9,7,16,0.56
MPSS,9,12,21,0.43
MPSb,6,3,9,0.67
MPSh,8,3,11,0.73
MPSl,4,5,9,0.44
MPSm,13,9,22,0.59
MPSn,9,12,21,0.43
MPSs,15,11,26,0.58
MPSt,1,1,2,0.5
MPbB,15,10,25,0.6
MPbD,4,1,5,0.8
MPbH,3,6,9,0.33
MPbI,0,2,2,0.0
MPbJ,2,4,6,0.33
MPbK,2,1,3,0.67
MPbL,2,2,4,0.5
MPbM,14,25,39,0.36
MPbN,14,16,30,0.47
MPbP,17,21,38,0.45
MPbS,8,8,16,0.5
MPbb,8,10,18,0.44
MPbl,3,3,6,0.5
MPbm,20,14,34,0.59
MPbn,15,17,32,0.47
MPbs,10,7,17,0.59
MPhB,4,1,5,0.8
MPhH,0,1,1,0.0
MPhL,1,1,2,0.5
MPhM,0,1,1,0.0
MPhN,3,2,5,0.6
MPhP,1,1,2,0.5
MPhS,0,2,2,0.0
MPhb,1,3,4,0.25
MPhh,0,0,0,
MPhl,1,1,2,0.5
MPhm,2,3,5,0.4
MPhn,3,2,5,0.6
MPhs,1,2,3,0.33
MPht,1,0,1,1.0
MPlB,3,5,8,0.38
MPlD,2,0,2,1.0
MPlH,2,2,4,0.5
MPlJ,1,2,3,0.33
MPlK,0,1,1,0.0
MPlL,1,2,3,0.33
MPlM,2,9,11,0.18
MPlN,8,5,13,0.62
MPlP,6,8,14,0.43
MPlS,1,2,3,0.33
MPlb,1,4,5,0.2
MPll,1,0,1,1.0
MPlm,7,6,13,0.54
MPln,8,7,15,0.53
MPls,1,4,5,0.2
MPmB,12,19,31,0.39
MPmD,2,13,15,0.13
MPmH,12,15,27,0.44
MPmI,1,0,1,1.0
MPmJ,1,4,5,0.2
MPmL,10,7,17,0.59
MPmM,21,23,44,0.48
MPmN,18,23,41,0.44
MPmP,26,29,55,0.47
MPmS,7,7,14,0.5
MPmb,16,15,31,0.52
MPmh,0,0,0,
MPml,6,7,13,0.46
MPmm,18,14,32,0.56
MPmn,21,19,40,0.52
MPms,5,10,15,0.33
MPnB,5,22,27,0.19
MPnD,3,3,6,0.5
MPnH,9,10,19,0.47
MPnI,2,0,2,1.0
MPnK,2,1,3,0.67
MPnL,5,7,12,0.42
MPnM,19,14,33,0.58
MPnN,19,22,41,0.46
MPnP,23,21,44,0.52
MPnS,10,15,25,0.4
MPnb,9,11,20,0.45
MPnh,1,0,1,1.0
MPnl,4,5,9,0.44
MPnm,23,11,34,0.68
MPnn,15,15,30,0.5
MPns,17,19,36,0.47
MPsB,4,8,12,0.33
MPsD,4,5,9,0.44
MPsH,13,5,18,0.72
MPsI,0,1,1,0.0
MPsL,4,5,9,0.44
MPsM,9,11,20,0.45
MPsN,14,8,22,0.64
MPsP,12,18,30,0.4
MPsS,8,10,18,0.44
MPsb,5,7,12,0.42
MPsl,3,1,4,0.75
MPsm,11,9,20,0.55
MPsn,8,9,17,0.47
MPss,7,2,9,0.78
MPtH,1,1,2,0.5
MPtL,0,1,1,0.0
MPtM,0,1,1,0.0
MPtN,0,0,0,
MPtP,0,2,2,0.0
MPtb,1,1,2,0.5
MPtm,1,1,2,0.5
MPtn,3,1,4,0.75
MPts,0,0,0,
MSBB,9,6,15,0.6
MSBD,1,1,2,0.5
MSBK,1,0,1,1.0
MSBL,3,1,4,0.75
MSBM,5,10,15,0.33
MSBN,10,6,16,0.62
MSBP,8,3,11,0.73
MSBS,3,2,5,0.6
MSBb,4,3,7,0.57
MSBh,0,2,2,0.0
MSBj,1,0,1,1.0
MSBl,2,1,3,0.67
MSBm,7,8,15,0.47
MSBn,6,6,12,0.5
MSBs,2,3,5,0.4
MSBt,0,2,2,0.0
MSDB,3,0,3,1.0
MSDD,2,1,3,0.67
MSDH,1,4,5,0.2
MSDI,1,0,1,1.0
MSDM,5,3,8,0.62
MSDN,2,2,4,0.5
MSDP,2,1,3,0.67
MSDS,2,4,6,0.33
MSDh,0,1,1,0.0
MSDm,2,5,7,0.29
MSDn,1,1,2,0.5
MSDs,1,4,5,0.2
MSHB,4,0,4,1.0
MSHD,1,2,3,0.33
MSHH,2,2,4,0.5
MSHL,1,0,1,1.0
MSHM,4,2,6,0.67
MSHN,2,1,3,0.67
MSHP,3,3,6,0.5
MSHS,1,4,5,0.2
MSHb,1,2,3,0.33
MSHh,2,1,3,0.67
MSHl,0,3,3,0.0
MSHm,1,2,3,0.33
MSHn,5,3,8,0.62
MSHs,1,4,5,0.2
MSHt,1,0,1,1.0
MSIP,0,0,0,
MSIh,0,0,0,
MSIs,1,0,1,1.0
MSKN,0,1,1,0.0
MSKP,0,1,1,0.0
MSKn,2,0,2,1.0
MSKs,1,0,1,1.0
MSLB,1,3,4,0.25
MSLM,1,0,1,1.0
MSLN,4,2,6,0.67
MSLP,5,2,7,0.71
MSLS,1,2,3,0.33
MSLb,1,1,2,0.5
MSLh,2,1,3,0.67
MSLl,3,1,4,0.75
MSLm,3,4,7,0.43
MSLn,3,4,7,0.43
MSLs,1,2,3,0.33
MSLt,1,1,2,0.5
MSMB,9,9,18,0.5
MSMD,0,3,3,0.0
MSML,4,0,4,1.0
MSMM,4,15,19,0.21
MSMN,10,5,15,0.67
MSMP,7,6,13,0.54
MSMS,9,7,16,0.56
MSMb,7,7,14,0.5
MSMh,5,8,13,0.38
MSMl,3,0,3,1.0
MSMm,11,9,20,0.55
MSMn,7,11,18,0.39
MSMs,2,6,8,0.25
MSMt,0,1,1,0.0
MSNB,2,2,4,0.5
MSND,3,0,3,1.0
MSNH,1,2,3,0.33
MSNK,2,4,6,0.33
MSNL,2,3,5,0.4
MSNM,6,5,11,0.55
MSNN,11,7,18,0.61
MSNP,11,8,19,0.58
MSNS,6,6,12,0.5
MSNb,2,2,4,0.5
MSNh,3,0,3,1.0
MSNl,1,0,1,1.0
MSNm,12,7,19,0.63
MSNn,12,5,17,0.71
MSNs,8,3,11,0.73
MSNt,1,3,4,0.25
MSPB,8,10,18,0.44
MSPD,3,2,5,0.6
MSPH,5,3,8,0.62
MSPI,2,0,2,1.0
MSPK,4,0,4,1.0
MSPL,4,2,6,0.67
MSPM,5,5,10,0.5
MSPN,11,8,19,0.58
MSPP,21,9,30,0.7
MSPS,8,7,15,0.53
MSPb,7,5,12,0.58
MSPh,1,0,1,1.0
MSPl,2,0,2,1.0
MSPm,9,9,18,0.5
MSPn,9,8,17,0.53
MSPs,8,5,13,0.62
MSPt,1,1,2,0.5
MSSB,6,3,9,0.67
MSSD,3,0,3,1.0
MSSH,4,3,7,0.57
MSSI,0,0,0,
MSSK,0,1,1,0.0
MSSL,1,0,1,1.0
MSSM,5,10,15,0.33
MSSN,2,4,6,0.33
MSSP,5,4,9,0.56
MSSS,9,14,23,0.39
MSSb,7,7,14,0.5
MSSh,2,6,8,0.25
MSSl,2,0,2,1.0
MSSm,11,5,16,0.69
MSSn,5,5,10,0.5
MSSs,8,9,17,0.47
MSSt,1,0,1,1.0
MSbB,1,1,2,0.5
MSbD,0,2,2,0.0
MSbH,2,0,2,1.0
MSbI,0,0,0,
MSbJ,3,1,4,0.75
MSbK,5,3,8,0.62
MSbL,0,1,1,0.0
MSbM,7,8,15,0.47
MSbN,9,10,19,0.47
MSbP,4,4,8,0.5
MSbS,1,5,6,0.17
MSbb,5,6,11,0.45
MSbh,0,1,1,0.0
MSbl,2,0,2,1.0
MSbm,6,3,9,0.67
MSbn,7,9,16,0.44
MSbs,4,4,8,0.5
MShB,3,2,5,0.6
MShD,0,1,1,0.0
MShL,2,0,2,1.0
MShM,2,6,8,0.25
MShN,5,3,8,0.62
MShP,7,5,12,0.58
MShS,2,4,6,0.33
MShb,2,2,4,0.5
MShh,8,2,10,0.8
MShl,0,1,1,0.0
MShm,7,5,12,0.58
MShn,3,3,6,0.5
MShs,9,4,13,0.69
MSht,1,0,1,1.0
MSlB,0,3,3,0.0
MSlD,2,0,2,1.0
MSlH,3,1,4,0.75
MSlI,0,1,1,0.0
MSlJ,0,1,1,0.0
MSlL,2,0,2,1.0
MSlM,2,3,5,0.4
MSlN,2,5,7,0.29
MSlP,3,4,7,0.43
MSlS,0,4,4,0.0
MSlb,2,1,3,0.67
MSll,0,1,1,0.0
MSlm,3,4,7,0.43
MSln,1,1,2,0.5
MSls,0,1,1,0.0
MSmB,10,8,18,0.56
MSmD,2,4,6,0.33
MSmH,7,11,18,0.39
MSmJ,1,3,4,0.25
MSmK,0,1,1,0.0
MSmL,1,5,6,0.17
MSmM,8,13,21,0.38
MSmN,12,10,22,0.55
MSmP,6,8,14,0.43
MSmS,5,15,20,0.25
MSmb,10,12,22,0.45
MSml,1,3,4,0.25
MSmm,7,15,22,0.32
MSmn,9,11,20,0.45
MSms,8,5,13,0.62
MSnB,3,7,10,0.3
MSnD,2,3,5,0.4
MSnH,5,6,11,0.45
MSnI,1,2,3,0.33
MSnL,1,4,5,0.2
MSnM,4,6,10,0.4
MSnN,12,12,24,0.5
MSnP,11,13,24,0.46
MSnS,8,9,17,0.47
MSnb,3,3,6,0.5
MSnh,1,0,1,1.0
MSnl,4,3,7,0.57
MSnm,6,7,13,0.46
MSnn,8,9,17,0.47
MSns,9,6,15,0.6
MSsB,5,2,7,0.71
MSsD,7,1,8,0.88
MSsH,7,8,15,0.47
MSsI,1,1,2,0.5
MSsL,1,3,4,0.25
MSsM,3,7,10,0.3
MSsN,9,5,14,0.64
MSsP,1,6,7,0.14
MSsS,6,12,18,0.33
MSsb,4,4,8,0.5
MSsl,2,1,3,0.67
MSsm,8,7,15,0.53
MSsn,5,6,11,0.45
MSss,7,5,12,0.58
MStB,1,1,2,0.5
MStD,0,0,0,
MStH,0,2,2,0.0
MStM,1,1,2,0.5
MStP,2,0,2,1.0
MStS,1,0,1,1.0
MStl,1,1,2,0.5
MStm,1,2,3,0.33
MSts,1,0,1,1.0
MStt,0,1,1,0.0
MbBB,11,13,24,0.46
MbBD,1,1,2,0.5
MbBH,0,1,1,0.0
MbBK,2,1,3,0.67
MbBL,2,1,3,0.67
MbBM,12,9,21,0.57
MbBN,16,7,23,0.7
MbBP,13,7,20,0.65
MbBS,6,3,9,0.67
MbBb,9,3,12,0.75
MbBh,1,4,5,0.2
MbBj,0,2,2,0.0
MbBl,3,2,5,0.6
MbBm,6,10,16,0.38
MbBn,10,15,25,0.4
MbBs,3,6,9,0.33
MbBt,0,1,1,0.0
MbDB,3,1,4,0.75
MbDD,2,0,2,1.0
MbDH,4,2,6,0.67
MbDM,5,5,10,0.5
MbDN,2,3,5,0.4
MbDP,3,2,5,0.6
MbDS,2,1,3,0.67
MbDb,2,3,5,0.4
MbDl,0,1,1,0.0
MbDm,1,5,6,0.17
MbDn,1,0,1,1.0
MbDs,0,3,3,0.0
MbDt,0,1,1,0.0
MbHB,4,1,5,0.8
MbHD,0,1,1,0.0
MbHH,1,2,3,0.33
MbHI,2,0,2,1.0
MbHL,2,0,2,1.0
MbHM,2,6,8,0.25
MbHN,3,3,6,0.5
MbHP,3,8,11,0.27
MbHS,0,3,3,0.0
MbHb,3,1,4,0.75
MbHh,3,2,5,0.6
MbHm,2,3,5,0.4
MbHn,7,0,7,1.0
MbHs,1,2,3,0.33
MbIB,1,0,1,1.0
MbIH,2,1,3,0.67
MbIM,1,2,3,0.33
MbIN,1,2,3,0.33
MbIP,1,1,2,0.5
MbIS,0,1,1,0.0
MbIb,0,1,1,0.0
MbIm,0,1,1,0.0
MbIn,2,0,2,1.0
MbJB,0,2,2,0.0
MbJD,2,0,2,1.0
MbJH,1,3,4,0.25
MbJL,1,0,1,1.0
MbJM,0,2,2,0.0
MbJN,1,2,3,0.33
MbJP,3,2,5,0.6
MbJS,1,2,3,0.33
MbJb,2,2,4,0.5
MbJl,1,1,2,0.5
MbJm,1,5,6,0.17
MbJn,2,1,3,0.67
MbJs,2,1,3,0.67
MbKB,1,3,4,0.25
MbKD,3,0,3,1.0
MbKH,0,1,1,0.0
MbKI,1,1,2,0.5
MbKL,1,0,1,1.0
MbKM,6,4,10,0.6
MbKN,1,2,3,0.33
MbKP,3,4,7,0.43
MbKS,2,1,3,0.67
MbKb,1,1,2,0.5
MbKh,2,6,8,0.25
MbKl,0,0,0,
MbKm,1,3,4,0.25
MbKn,1,0,1,1.0
MbKs,4,0,4,1.0
MbKt,1,0,1,1.0
MbLB,5,6,11,0.45
MbLD,1,0,1,1.0
MbLK,0,1,1,0.0
MbLL,0,0,0,
MbLM,6,2,8,0.75
MbLN,3,1,4,0.75
MbLP,5,4,9,0.56
MbLS,0,1,1,0.0
MbLb,4,0,4,1.0
MbLj,0,2,2,0.0
MbLm,2,4,6,0.33
MbLn,7,5,12,0.58
MbLs,2,2,4,0.5
MbMB,6,8,14,0.43
MbMD,4,6,10,0.4
MbMH,1,0,1,1.0
MbML,2,2,4,0.5
MbMM,11,13,24,0.46
MbMN,12,9,21,0.57
MbMP,11,16,27,0.41
MbMS,9,6,15,0.6
MbMb,4,8,12,0.33
MbMh,11,19,30,0.37
MbMj,0,2,2,0.0
MbMl,1,4,5,0.2
MbMm,12,13,25,0.48
MbMn,14,19,33,0.42
MbMs,8,6,14,0.57
MbNB,10,8,18,0.56
MbND,3,2,5,0.6
MbNH,2,2,4,0.5
MbNK,1,3,4,0.25
MbNL,3,4,7,0.43
MbNM,8,20,28,0.29
MbNN,17,16,33,0.52
MbNP,18,22,40,0.45
MbNS,9,10,19,0.47
MbNb,10,10,20,0.5
MbNh,7,0,7,1.0
MbNl,2,2,4,0.5
MbNm,19,5,24,0.79
MbNn,17,19,36,0.47
MbNs,5,11,16,0.31
MbNt,2,3,5,0.4
MbPB,9,11,20,0.45
MbPD,0,3,3,0.0
MbPH,5,4,9,0.56
MbPI,0,2,2,0.0
MbPK,2,2,4,0.5
MbPL,2,7,9,0.22
MbPM,13,16,29,0.45
MbPN,18,18,36,0.5
MbPP,14,19,33,0.42
MbPS,8,15,23,0.35
MbPb,11,4,15,0.73
MbPh,1,4,5,0.2
MbPl,3,6,9,0.33
MbPm,10,16,26,0.38
MbPn,23,12,35,0.66
MbPs,5,6,11,0.45
MbPt,1,2,3,0.33
MbSB,5,2,7,0.71
MbSD,2,0,2,1.0
MbSH,2,3,5,0.4
MbSI,0,1,1,0.0
MbSL,6,1,7,0.86
MbSM,8,4,12,0.67
MbSN,4,4,8,0.5
MbSP,8,9,17,0.47
MbSS,7,7,14,0.5
MbSb,5,4,9,0.56
MbSh,6,3,9,0.67
MbSl,2,2,4,0.5
MbSm,5,3,8,0.62
MbSn,12,6,18,0.67
MbSs,5,6,11,0.45
MbbB,12,10,22,0.55
MbbD,1,1,2,0.5
MbbH,2,4,6,0.33
MbbI,1,0,1,1.0
MbbJ,0,5,5,0.0
MbbK,3,1,4,0.75
MbbL,2,4,6,0.33
MbbM,3,5,8,0.38
MbbN,8,6,14,0.57
MbbP,12,17,29,0.41
MbbS,2,7,9,0.22
Mbbb,14,10,24,0.58
Mbbl,4,2,6,0.67
Mbbm,7,13,20,0.35
Mbbn,17,7,24,0.71
Mbbs,2,4,6,0.33
Mbhb,1,0,1,1.0
Mbhm,0,1,1,0.0
MblB,1,2,3,0.33
MblH,2,1,3,0.67
MblJ,0,0,0,
MblL,0,1,1,0.0
MblM,2,5,7,0.29
MblN,2,3,5,0.4
MblP,2,0,2,1.0
MblS,2,2,4,0.5
Mblb,1,1,2,0.5
Mblm,1,4,5,0.2
Mbln,3,2,5,0.6
Mbls,3,1,4,0.75
MbmB,10,7,17,0.59
MbmD,2,4,6,0.33
MbmH,10,7,17,0.59
MbmI,0,1,1,0.0
MbmJ,0,3,3,0.0
MbmL,3,2,5,0.6
MbmM,14,15,29,0.48
MbmN,12,13,25,0.48
MbmP,15,10,25,0.6
MbmS,8,4,12,0.67
Mbmb,10,13,23,0.43
Mbml,1,3,4,0.25
Mbmm,17,8,25,0.68
Mbmn,15,10,25,0.6
Mbms,5,3,8,0.62
MbnB,10,11,21,0.48
MbnD,3,3,6,0.5
MbnH,4,4,8,0.5
MbnI,1,3,4,0.25
MbnK,0,2,2,0.0
MbnL,2,5,7,0.29
MbnM,13,10,23,0.57
MbnN,19,18,37,0.51
MbnP,14,18,32,0.44
MbnS,7,6,13,0.54
Mbnb,11,6,17,0.65
Mbnh,0,2,2,0.0
Mbnl,6,3,9,0.67
Mbnm,12,11,23,0.52
Mbnn,11,14,25,0.44
Mbns,4,13,17,0.24
MbsB,3,0,3,1.0
MbsD,3,0,3,1.0
MbsH,9,2,11,0.82
MbsI,1,2,3,0.33
MbsK,1,0,1,1.0
MbsL,1,0,1,1.0
MbsM,8,5,13,0.62
MbsN,3,8,11,0.27
MbsP,10,4,14,0.71
MbsS,6,8,14,0.43
Mbsb,10,2,12,0.83
Mbsl,0,2,2,0.0
Mbsm,5,5,10,0.5
Mbsn,4,8,12,0.33
Mbss,3,5,8,0.38
MhBB,10,6,16,0.62
MhBD,3,3,6,0.5
MhBK,1,0,1,1.0
MhBL,1,0,1,1.0
MhBM,6,4,10,0.6
MhBN,7,13,20,0.35
MhBP,10,18,28,0.36
MhBS,3,7,10,0.3
MhBb,7,5,12,0.58
MhBh,0,5,5,0.0
MhBj,1,2,3,0.33
MhBl,1,3,4,0.25
MhBm,15,13,28,0.54
MhBn,10,10,20,0.5
MhBs,6,3,9,0.67
MhDB,0,1,1,0.0
MhDD,2,1,3,0.67
MhDH,5,3,8,0.62
MhDL,0,1,1,0.0
MhDM,4,2,6,0.67
MhDN,1,4,5,0.2
MhDP,5,4,9,0.56
MhDS,3,3,6,0.5
MhDb,0,3,3,0.0
MhDl,0,0,0,
MhDm,2,4,6,0.33
MhDn,6,2,8,0.75
MhDs,1,4,5,0.2
MhDt,1,0,1,1.0
MhHB,5,3,8,0.62
MhHD,0,0,0,
MhHH,2,0,2,1.0
MhHM,2,1,3,0.67
MhHN,0,4,4,0.0
MhHP,2,3,5,0.4
MhHS,1,1,2,0.5
MhHb,2,0,2,1.0
MhHh,0,2,2,0.0
MhHl,1,1,2,0.5
MhHm,3,4,7,0.43
MhHn,2,2,4,0.5
MhHs,1,2,3,0.33
MhIB,2,1,3,0.67
MhIH,0,0,0,
MhIN,0,1,1,0.0
MhIP,0,0,0,
MhIS,1,2,3,0.33
MhIb,0,1,1,0.0
MhIm,0,0,0,
MhIn,0,0,0,
MhIs,1,1,2,0.5
MhKN,1,2,3,0.33
MhKS,0,0,0,
MhKb,0,1,1,0.0
MhKh,0,0,0,
MhLB,4,4,8,0.5
MhLL,1,0,1,1.0
MhLM,3,3,6,0.5
MhLN,2,3,5,0.4
MhLP,2,6,8,0.25
MhLS,0,4,4,0.0
MhLb,3,1,4,0.75
MhLh,1,0,1,1.0
MhLj,1,0,1,1.0
MhLl,3,0,3,1.0
MhLm,1,2,3,0.33
MhLn,2,1,3,0.67
MhLs,1,0,1,1.0
MhMB,12,16,28,0.43
MhMD,3,2,5,0.6
MhMH,0,1,1,0.0
MhML,2,4,6,0.33
MhMM,7,16,23,0.3
MhMN,8,14,22,0.36
MhMP,15,11,26,0.58
MhMS,4,9,13,0.31
MhMb,7,11,18,0.39
MhMh,5,9,14,0.36
MhMj,1,1,2,0.5
MhMl,7,1,8,0.88
MhMm,15,9,24,0.62
MhMn,15,17,32,0.47
MhMs,6,4,10,0.6
MhMt,0,1,1,0.0
MhNB,9,2,11,0.82
MhND,2,1,3,0.67
MhNH,0,0,0,
MhNI,0,0,0,
MhNK,2,2,4,0.5
MhNL,1,2,3,0.33
MhNM,5,13,18,0.28
MhNN,9,5,14,0.64
MhNP,13,17,30,0.43
MhNS,6,7,13,0.46
MhNb,6,6,12,0.5
MhNh,3,0,3,1.0
MhNl,4,3,7,0.57
MhNm,10,7,17,0.59
MhNn,10,7,17,0.59
MhNs,2,8,10,0.2
MhNt,3,1,4,0.75
MhPB,8,5,13,0.62
MhPD,6,3,9,0.67
MhPH,1,5,6,0.17
MhPI,0,0,0,
MhPK,2,2,4,0.5
MhPL,3,3,6,0.5
MhPM,14,18,32,0.44
MhPN,16,20,36,0.44
MhPP,20,14,34,0.59
MhPS,6,6,12,0.5
MhPb,8,7,15,0.53
MhPh,0,1,1,0.0
MhPl,5,6,11,0.45
MhPm,16,13,29,0.55
MhPn,11,4,15,0.73
MhPs,10,10,20,0.5
MhPt,0,2,2,0.0
MhSB,10,6,16,0.62
MhSD,1,3,4,0.25
MhSH,1,3,4,0.25
MhSI,1,0,1,1.0
MhSL,4,2,6,0.67
MhSM,13,11,24,0.54
MhSN,8,4,12,0.67
MhSP,8,12,20,0.4
MhSS,12,6,18,0.67
MhSb,2,5,7,0.29
MhSh,3,3,6,0.5
MhSl,2,2,4,0.5
MhSm,8,7,15,0.53
MhSn,6,2,8,0.75
MhSs,4,7,11,0.36
MhbB,6,7,13,0.46
MhbD,2,0,2,1.0
MhbH,1,3,4,0.25
MhbI,0,1,1,0.0
MhbJ,3,1,4,0.75
MhbK,1,2,3,0.33
MhbL,2,3,5,0.4
MhbM,8,11,19,0.42
MhbN,15,9,24,0.62
MhbP,6,5,11,0.55
MhbS,5,3,8,0.62
Mhbb,6,12,18,0.33
Mhbl,3,4,7,0.43
Mhbm,4,3,7,0.57
Mhbn,2,12,14,0.14
Mhbs,0,1,1,0.0
MhhB,9,5,14,0.64
MhhD,0,1,1,0.0
MhhH,2,1,3,0.67
MhhI,0,0,0,
MhhK,0,1,1,0.0
MhhL,1,4,5,0.2
MhhM,13,15,28,0.46
MhhN,4,4,8,0.5
MhhP,10,6,16,0.62
MhhS,11,12,23,0.48
Mhhb,8,5,13,0.62
Mhhh,5,16,21,0.24
Mhhl,4,4,8,0.5
Mhhm,15,11,26,0.58
Mhhn,10,6,16,0.62
Mhhs,6,3,9,0.67
Mhht,0,1,1,0.0
MhlB,1,5,6,0.17
MhlH,3,4,7,0.43
MhlJ,1,1,2,0.5
MhlK,1,0,1,1.0
MhlL,0,1,1,0.0
MhlM,4,4,8,0.5
MhlN,3,3,6,0.5
MhlP,3,4,7,0.43
MhlS,5,2,7,0.71
Mhlb,1,4,5,0.2
Mhll,3,1,4,0.75
Mhlm,4,5,9,0.44
Mhln,3,6,9,0.33
Mhls,1,1,2,0.5
MhmB,12,12,24,0.5
MhmD,4,2,6,0.67
MhmH,11,13,24,0.46
MhmI,0,2,2,0.0
MhmJ,2,4,6,0.33
MhmL,1,6,7,0.14
MhmM,10,23,33,0.3
MhmN,12,19,31,0.39
MhmP,15,9,24,0.62
MhmS,14,16,30,0.47
Mhmb,12,6,18,0.67
Mhml,1,2,3,0.33
Mhmm,16,14,30,0.53
Mhmn,10,8,18,0.56
Mhms,12,8,20,0.6
MhnB,10,2,12,0.83
MhnD,1,2,3,0.33
MhnH,7,5,12,0.58
MhnK,2,4,6,0.33
MhnL,4,2,6,0.67
MhnM,9,11,20,0.45
MhnN,16,7,23,0.7
MhnP,14,12,26,0.54
MhnS,6,7,13,0.46
Mhnb,5,5,10,0.5
Mhnl,3,2,5,0.6
Mhnm,11,7,18,0.61
Mhnn,8,4,12,0.67
Mhns,13,12,25,0.52
MhsB,5,3,8,0.62
MhsD,2,3,5,0.4
MhsH,8,8,16,0.5
MhsI,1,0,1,1.0
MhsK,1,0,1,1.0
MhsL,4,1,5,0.8
MhsM,5,3,8,0.62
MhsN,9,8,17,0.53
MhsP,7,9,16,0.44
MhsS,9,9,18,0.5
Mhsb,7,2,9,0.78
Mhsh,0,1,1,0.0
Mhsl,1,4,5,0.2
Mhsm,10,4,14,0.71
Mhsn,3,5,8,0.38
Mhss,6,10,16,0.38
MhtH,0,2,2,0.0
MhtM,1,0,1,1.0
MhtN,0,1,1,0.0
MhtP,1,0,1,1.0
MhtS,0,1,1,0.0
Mhtb,0,0,0,
Mhtm,0,1,1,0.0
Mhtn,1,1,2,0.5
Mhts,1,0,1,1.0
MjBB,2,0,2,1.0
MjBD,0,0,0,
MjBL,1,0,1,1.0
MjBM,1,0,1,1.0
MjBN,1,0,1,1.0
MjBP,1,0,1,1.0
MjBb,4,1,5,0.8
MjBj,0,1,1,0.0
MjBl,0,1,1,0.0
MjBm,2,1,3,0.67
MjBn,2,0,2,1.0
MjDP,1,0,1,1.0
MjDb,0,1,1,0.0
MjDm,1,0,1,1.0
MjHL,0,0,0,
MjHM,0,1,1,0.0
MjHS,0,1,1,0.0
MjHn,1,0,1,1.0
MjHs,1,0,1,1.0
MjKN,2,0,2,1.0
MjKb,1,0,1,1.0
MjKn,1,0,1,1.0
MjLB,1,1,2,0.5
MjLM,0,1,1,0.0
MjLN,1,0,1,1.0
MjLm,0,0,0,
MjLn,1,0,1,1.0
MjMB,0,3,3,0.0
MjML,0,1,1,0.0
MjMM,1,1,2,0.5
MjMN,0,2,2,0.0
MjMP,2,2,4,0.5
MjMb,1,0,1,1.0
MjMh,0,1,1,0.0
MjMj,0,1,1,0.0
MjMl,1,0,1,1.0
MjMm,2,1,3,0.67
MjMn,2,0,2,1.0
MjNB,1,0,1,1.0
MjND,0,0,0,
MjNH,1,0,1,1.0
MjNL,0,1,1,0.0
MjNP,2,1,3,0.67
MjNS,0,3,3,0.0
MjNb,0,1,1,0.0
MjNh,1,0,1,1.0
MjNl,0,2,2,0.0
MjNm,1,1,2,0.5
MjNn,3,0,3,1.0
MjNs,2,3,5,0.4
MjPB,0,1,1,0.0
MjPD,0,1,1,0.0
MjPH,0,0,0,
MjPL,2,0,2,1.0
MjPM,0,0,0,
MjPN,0,1,1,0.0
MjPP,2,0,2,1.0
MjPS,1,2,3,0.33
MjPb,1,0,1,1.0
MjPl,0,2,2,0.0
MjPm,1,1,2,0.5
MjPn,4,1,5,0.8
MjPs,1,0,1,1.0
MjSB,0,2,2,0.0
MjSL,1,0,1,1.0
MjSM,0,0,0,
MjSP,1,0,1,1.0
MjSS,1,1,2,0.5
MjSb,0,1,1,0.0
MjSh,1,1,2,0.5
MjSl,1,0,1,1.0
MjSm,0,1,1,0.0
MjSn,1,2,3,0.33
MjbB,2,0,2,1.0
MjbD,0,1,1,0.0
MjbH,0,0,0,
MjbJ,1,0,1,1.0
MjbN,1,2,3,0.33
MjbP,0,0,0,
MjbS,0,1,1,0.0
Mjbb,1,1,2,0.5
Mjbm,3,3,6,0.5
Mjbn,0,1,1,0.0
MjlB,0,1,1,0.0
MjlN,1,1,2,0.5
MjlP,0,1,1,0.0
Mjlm,0,0,0,
MjmB,1,0,1,1.0
MjmD,0,1,1,0.0
MjmH,4,3,7,0.57
MjmJ,0,1,1,0.0
MjmL,0,1,1,0.0
MjmM,2,0,2,1.0
MjmN,0,1,1,0.0
MjmP,1,4,5,0.2
MjmS,1,1,2,0.5
Mjmb,3,1,4,0.75
Mjmm,2,1,3,0.67
Mjmn,1,0,1,1.0
Mjms,1,0,1,1.0
MjnB,1,3,4,0.25
MjnH,0,0,0,
MjnI,0,1,1,0.0
MjnM,2,0,2,1.0
MjnN,2,2,4,0.5
MjnP,1,3,4,0.25
MjnS,1,4,5,0.2
Mjnl,2,0,2,1.0
Mjnm,0,2,2,0.0
Mjnn,2,2,4,0.5
Mjns,2,2,4,0.5
MjsB,0,1,1,0.0
MjsD,0,1,1,0.0
MjsH,1,1,2,0.5
MjsL,0,1,1,0.0
MjsM,1,0,1,1.0
MjsN,0,2,2,0.0
MjsP,2,1,3,0.67
MjsS,0,3,3,0.0
Mjsm,0,1,1,0.0
Mjsn,0,1,1,0.0
Mjss,1,0,1,1.0
MjtL,1,1,2,0.5
MlBB,3,6,9,0.33
MlBD,1,0,1,1.0
MlBL,0,4,4,0.0
MlBM,4,3,7,0.57
MlBN,3,3,6,0.5
MlBP,1,1,2,0.5
MlBS,0,2,2,0.0
MlBb,3,3,6,0.5
MlBl,1,4,5,0.2
MlBm,6,3,9,0.67
MlBn,2,2,4,0.5
MlBs,1,2,3,0.33
MlBt,1,0,1,1.0
MlDB,1,1,2,0.5
MlDD,1,1,2,0.5
MlDM,0,2,2,0.0
MlDP,1,1,2,0.5
MlDS,0,0,0,
MlDb,0,2,2,0.0
MlDm,1,1,2,0.5
MlDn,1,0,1,1.0
MlDs,0,0,0,
MlHB,0,1,1,0.0
MlHD,0,0,0,
MlHH,1,0,1,1.0
MlHL,0,1,1,0.0
MlHM,2,0,2,1.0
MlHN,9,0,9,1.0
MlHP,5,4,9,0.56
MlHS,4,4,8,0.5
MlHb,1,1,2,0.5
MlHh,1,0,1,1.0
MlHl,0,0,0,
MlHm,3,2,5,0.6
MlHn,1,0,1,1.0
MlHs,1,2,3,0.33
MlII,0,1,1,0.0
MlIM,1,2,3,0.33
MlIP,1,0,1,1.0
MlIb,0,1,1,0.0
MlJB,1,1,2,0.5
MlJD,1,0,1,1.0
MlJH,1,1,2,0.5
MlJL,1,0,1,1.0
MlJM,1,0,1,1.0
MlJN,2,1,3,0.67
MlJP,2,2,4,0.5
MlJS,0,2,2,0.0
MlJb,0,2,2,0.0
MlJm,1,0,1,1.0
MlJn,2,0,2,1.0
MlJs,0,2,2,0.0
MlKN,0,1,1,0.0
MlKP,2,0,2,1.0
MlLB,2,0,2,1.0
MlLD,0,1,1,0.0
MlLL,0,2,2,0.0
MlLM,2,1,3,0.67
MlLN,2,0,2,1.0
MlLP,3,3,6,0.5
MlLS,2,0,2,1.0
MlLb,0,1,1,0.0
MlLm,1,1,2,0.5
MlLn,3,0,3,1.0
MlLs,1,0,1,1.0
MlMB,3,1,4,0.75
MlMD,1,1,2,0.5
MlML,0,1,1,0.0
MlMM,2,3,5,0.4
MlMN,1,4,5,0.2
MlMP,6,7,13,0.46
MlMS,1,0,1,1.0
MlMb,6,3,9,0.67
MlMh,3,1,4,0.75
MlMj,1,0,1,1.0
MlMl,2,1,3,0.67
MlMm,6,6,12,0.5
MlMn,9,7,16,0.56
MlMs,3,0,3,1.0
MlNB,2,1,3,0.67
MlND,1,0,1,1.0
MlNH,1,1,2,0.5
MlNI,0,0,0,
MlNL,1,2,3,0.33
MlNM,2,5,7,0.29
MlNN,4,7,11,0.36
MlNP,9,3,12,0.75
MlNS,1,4,5,0.2
MlNb,2,3,5,0.4
MlNh,0,2,2,0.0
MlNl,1,2,3,0.33
MlNm,8,4,12,0.67
MlNn,5,5,10,0.5
MlNs,3,5,8,0.38
MlNt,1,1,2,0.5
MlPB,3,4,7,0.43
MlPD,4,1,5,0.8
MlPH,1,3,4,0.25
MlPI,1,0,1,1.0
MlPK,0,2,2,0.0
MlPL,1,0,1,1.0
MlPM,3,2,5,0.6
MlPN,6,4,10,0.6
MlPP,7,5,12,0.58
MlPS,2,1,3,0.67
MlPb,5,1,6,0.83
MlPh,1,0,1,1.0
MlPl,2,2,4,0.5
MlPm,4,7,11,0.36
MlPn,8,2,10,0.8
MlPs,3,2,5,0.6
MlPt,2,1,3,0.67
MlSB,2,2,4,0.5
MlSD,1,1,2,0.5
MlSL,0,1,1,0.0
MlSM,0,0,0,
MlSN,3,2,5,0.6
MlSP,6,1,7,0.86
MlSS,6,4,10,0.6
MlSb,1,2,3,0.33
MlSh,1,0,1,1.0
MlSl,2,1,3,0.67
MlSm,6,1,7,0.86
MlSn,2,2,4,0.5
MlSs,2,6,8,0.25
MlSt,0,1,1,0.0
MlbB,1,1,2,0.5
MlbD,1,1,2,0.5
MlbH,1,1,2,0.5
MlbL,0,3,3,0.0
MlbM,6,2,8,0.75
MlbN,4,4,8,0.5
MlbP,2,2,4,0.5
MlbS,1,1,2,0.5
Mlbb,2,2,4,0.5
Mlbm,2,0,2,1.0
Mlbn,0,1,1,0.0
Mlbs,2,2,4,0.5
Mlhb,1,0,1,1.0
MllB,2,2,4,0.5
MllI,1,0,1,1.0
MllK,0,1,1,0.0
MllM,2,1,3,0.67
MllN,2,1,3,0.67
MllP,3,0,3,1.0
MllS,1,0,1,1.0
Mllb,0,1,1,0.0
Mllm,4,2,6,0.67
Mlln,1,1,2,0.5
MlmB,6,5,11,0.55
MlmD,1,2,3,0.33
MlmH,3,4,7,0.43
MlmJ,0,1,1,0.0
MlmL,2,0,2,1.0
MlmM,0,4,4,0.0
MlmN,3,2,5,0.6
MlmP,6,6,12,0.5
MlmS,3,1,4,0.75
Mlmb,4,4,8,0.5
Mlml,1,0,1,1.0
Mlmm,5,3,8,0.62
Mlmn,10,4,14,0.71
Mlms,3,4,7,0.43
MlnB,4,1,5,0.8
MlnD,2,4,6,0.33
MlnH,2,1,3,0.67
MlnI,1,1,2,0.5
MlnK,0,1,1,0.0
MlnL,1,0,1,1.0
MlnM,3,2,5,0.6
MlnN,1,8,9,0.11
MlnP,3,1,4,0.75
MlnS,2,3,5,0.4
Mlnb,3,3,6,0.5
Mlnl,1,1,2,0.5
Mlnm,3,2,5,0.6
Mlnn,4,5,9,0.44
Mlns,6,1,7,0.86
MlsB,2,1,3,0.67
MlsD,1,0,1,1.0
MlsH,3,1,4,0.75
MlsL,0,1,1,0.0
MlsM,1,2,3,0.33
MlsN,1,3,4,0.25
MlsP,2,1,3,0.67
MlsS,2,2,4,0.5
Mlsb,2,2,4,0.5
Mlsl,1,1,2,0.5
Mlsm,2,0,2,1.0
Mlsn,2,4,6,0.33
Mlss,1,1,2,0.5
MmBB,13,12,25,0.52
MmBD,5,5,10,0.5
MmBK,3,2,5,0.6
MmBL,3,0,3,1.0
MmBM,8,15,23,0.35
MmBN,14,23,37,0.38
MmBP,11,18,29,0.38
MmBS,8,12,20,0.4
MmBb,11,14,25,0.44
MmBh,1,4,5,0.2
MmBj,2,2,4,0.5
MmBl,1,4,5,0.2
MmBm,21,21,42,0.5
MmBn,13,16,29,0.45
MmBs,6,6,12,0.5
MmBt,0,2,2,0.0
MmDB,7,6,13,0.54
MmDD,0,3,3,0.0
MmDH,5,10,15,0.33
MmDI,0,1,1,0.0
MmDL,2,2,4,0.5
MmDM,5,15,20,0.25
MmDN,7,10,17,0.41
MmDP,8,3,11,0.73
MmDS,9,8,17,0.53
MmDb,4,3,7,0.57
MmDh,0,1,1,0.0
MmDl,2,2,4,0.5
MmDm,14,7,21,0.67
MmDn,3,2,5,0.6
MmDs,8,3,11,0.73
MmHB,10,9,19,0.53
MmHD,3,4,7,0.43
MmHH,2,2,4,0.5
MmHI,0,1,1,0.0
MmHK,1,0,1,1.0
MmHL,5,1,6,0.83
MmHM,11,16,27,0.41
MmHN,12,9,21,0.57
MmHP,18,13,31,0.58
MmHS,13,13,26,0.5
MmHb,7,13,20,0.35
MmHh,5,5,10,0.5
MmHl,2,2,4,0.5
MmHm,21,17,38,0.55
MmHn,13,10,23,0.57
MmHs,9,9,18,0.5
MmHt,0,1,1,0.0
MmIB,2,0,2,1.0
MmIH,0,2,2,0.0
MmIM,0,2,2,0.0
MmIN,1,1,2,0.5
MmIP,2,0,2,1.0
MmIS,1,0,1,1.0
MmIb,2,0,2,1.0
MmIl,0,2,2,0.0
MmIm,1,0,1,1.0
MmIn,3,0,3,1.0
MmJB,1,1,2,0.5
MmJD,0,2,2,0.0
MmJH,1,3,4,0.25
MmJL,0,0,0,
MmJM,3,4,7,0.43
MmJN,2,3,5,0.4
MmJP,1,2,3,0.33
MmJS,0,0,0,
MmJb,2,5,7,0.29
MmJh,0,1,1,0.0
MmJl,0,0,0,
MmJm,2,2,4,0.5
MmJn,2,2,4,0.5
MmJs,0,1,1,0.0
MmKN,0,1,1,0.0
MmKh,1,0,1,1.0
MmKm,1,0,1,1.0
MmKn,0,1,1,0.0
MmKs,1,0,1,1.0
MmLB,3,6,9,0.33
MmLD,2,0,2,1.0
MmLK,1,0,1,1.0
MmLL,2,2,4,0.5
MmLM,8,8,16,0.5
MmLN,3,3,6,0.5
MmLP,3,6,9,0.33
MmLS,4,0,4,1.0
MmLb,1,2,3,0.33
MmLh,0,2,2,0.0
MmLl,2,2,4,0.5
MmLm,7,8,15,0.47
MmLn,3,10,13,0.23
MmLs,3,3,6,0.5
MmMB,9,16,25,0.36
MmMD,5,5,10,0.5
MmMK,0,1,1,0.0
MmML,2,4,6,0.33
MmMM,24,12,36,0.67
MmMN,12,20,32,0.38
MmMP,19,14,33,0.58
MmMS,20,13,33,0.61
MmMb,14,13,27,0.52
MmMh,16,20,36,0.44
MmMj,1,2,3,0.33
MmMl,2,1,3,0.67
MmMm,29,14,43,0.67
MmMn,17,35,52,0.33
MmMs,11,13,24,0.46
MmMt,3,0,3,1.0
MmNB,7,13,20,0.35
MmND,4,9,13,0.31
MmNH,4,12,16,0.25
MmNK,1,3,4,0.25
MmNL,3,8,11,0.27
MmNM,12,18,30,0.4
MmNN,37,33,70,0.53
MmNP,37,25,62,0.6
MmNS,19,8,27,0.7
MmNb,15,20,35,0.43
MmNh,6,7,13,0.46
MmNl,4,3,7,0.57
MmNm,21,17,38,0.55
MmNn,33,26,59,0.56
MmNs,17,10,27,0.63
MmNt,2,1,3,0.67
MmPB,12,11,23,0.52
MmPD,6,3,9,0.67
MmPH,2,5,7,0.29
MmPI,3,1,4,0.75
MmPK,1,4,5,0.2
MmPL,5,5,10,0.5
MmPM,24,16,40,0.6
MmPN,23,18,41,0.56
MmPP,29,34,63,0.46
MmPS,10,12,22,0.45
MmPb,16,16,32,0.5
MmPh,1,4,5,0.2
MmPl,3,4,7,0.43
MmPm,25,13,38,0.66
MmPn,17,23,40,0.42
MmPs,8,16,24,0.33
MmPt,0,0,0,
MmSB,12,7,19,0.63
MmSD,4,1,5,0.8
MmSH,4,3,7,0.57
MmSI,1,0,1,1.0
MmSL,1,5,6,0.17
MmSM,6,10,16,0.38
MmSN,13,8,21,0.62
MmSP,17,12,29,0.59
MmSS,15,11,26,0.58
MmSb,5,8,13,0.38
MmSh,0,11,11,0.0
MmSl,3,4,7,0.43
MmSm,16,20,36,0.44
MmSn,13,15,28,0.46
MmSs,9,8,17,0.53
MmSt,0,2,2,0.0
MmbB,17,6,23,0.74
MmbD,2,2,4,0.5
MmbH,4,5,9,0.44
MmbI,2,0,2,1.0
MmbJ,6,3,9,0.67
MmbK,4,2,6,0.67
MmbL,4,1,5,0.8
MmbM,13,15,28,0.46
MmbN,12,14,26,0.46
MmbP,15,11,26,0.58
MmbS,6,8,14,0.43
Mmbb,17,9,26,0.65
Mmbl,4,1,5,0.8
Mmbm,21,10,31,0.68
Mmbn,21,9,30,0.7
Mmbs,7,6,13,0.54
MmhM,2,0,2,1.0
Mmhl,0,0,0,
Mmhm,3,0,3,1.0
Mmhn,1,1,2,0.5
MmlB,2,6,8,0.25
MmlD,0,2,2,0.0
MmlH,3,0,3,1.0
MmlJ,2,1,3,0.67
MmlL,0,1,1,0.0
MmlM,3,3,6,0.5
MmlN,1,4,5,0.2
MmlP,6,4,10,0.6
MmlS,2,3,5,0.4
Mmlb,3,2,5,0.6
Mmll,2,3,5,0.4
Mmlm,4,5,9,0.44
Mmln,4,4,8,0.5
Mmls,1,4,5,0.2
MmmB,14,14,28,0.5
MmmD,12,7,19,0.63
MmmH,8,9,17,0.47
MmmI,1,1,2,0.5
MmmJ,1,1,2,0.5
MmmL,2,1,3,0.67
MmmM,19,26,45,0.42
MmmN,20,15,35,0.57
MmmP,23,13,36,0.64
MmmS,12,14,26,0.46
Mmmb,16,14,30,0.53
Mmmh,0,1,1,0.0
Mmml,3,1,4,0.75
Mmmm,23,19,42,0.55
Mmmn,19,13,32,0.59
Mmms,8,12,20,0.4
MmnB,13,11,24,0.54
MmnD,1,3,4,0.25
MmnH,6,11,17,0.35
MmnI,4,2,6,0.67
MmnK,1,4,5,0.2
MmnL,4,2,6,0.67
MmnM,12,20,32,0.38
MmnN,29,25,54,0.54
MmnP,26,17,43,0.6
MmnS,11,11,22,0.5
Mmnb,8,10,18,0.44
Mmnh,0,1,1,0.0
Mmnl,2,4,6,0.33
Mmnm,20,18,38,0.53
Mmnn,19,21,40,0.48
Mmns,8,11,19,0.42
MmsB,4,7,11,0.36
MmsD,3,5,8,0.38
MmsH,7,7,14,0.5
MmsI,1,0,1,1.0
MmsL,5,4,9,0.56
MmsM,6,9,15,0.4
MmsN,15,8,23,0.65
MmsP,12,7,19,0.63
MmsS,10,2,12,0.83
Mmsb,6,6,12,0.5
Mmsl,1,1,2,0.5
Mmsm,14,12,26,0.54
Mmsn,8,13,21,0.38
Mmss,8,12,20,0.4
MnBB,8,18,26,0.31
MnBD,1,2,3,0.33
MnBK,0,1,1,0.0
MnBL,3,5,8,0.38
MnBM,5,12,17,0.29
MnBN,23,18,41,0.56
MnBP,11,19,30,0.37
MnBS,6,8,14,0.43
MnBb,8,9,17,0.47
MnBj,3,2,5,0.6
MnBl,3,3,6,0.5
MnBm,10,9,19,0.53
MnBn,20,17,37,0.54
MnBs,3,6,9,0.33
MnBt,1,0,1,1.0
MnDB,3,5,8,0.38
MnDD,1,0,1,1.0
MnDH,0,1,1,0.0
MnDL,1,0,1,1.0
MnDM,4,7,11,0.36
MnDN,3,1,4,0.75
MnDP,4,7,11,0.36
MnDS,3,5,8,0.38
MnDb,1,2,3,0.33
MnDl,1,1,2,0.5
MnDm,7,4,11,0.64
MnDn,6,4,10,0.6
MnDs,3,4,7,0.43
MnDt,1,3,4,0.25
MnHB,5,2,7,0.71
MnHD,3,1,4,0.75
MnHH,3,1,4,0.75
MnHI,1,2,3,0.33
MnHL,2,1,3,0.67
MnHM,7,9,16,0.44
MnHN,5,14,19,0.26
MnHP,16,10,26,0.62
MnHS,7,6,13,0.54
MnHb,4,4,8,0.5
MnHh,4,3,7,0.57
MnHl,2,2,4,0.5
MnHm,10,10,20,0.5
MnHn,9,7,16,0.56
MnHs,3,4,7,0.43
MnIB,2,1,3,0.67
MnID,1,0,1,1.0
MnIH,0,2,2,0.0
MnIL,1,1,2,0.5
MnIM,2,5,7,0.29
MnIN,3,3,6,0.5
MnIP,5,1,6,0.83
MnIS,0,2,2,0.0
MnIb,1,1,2,0.5
MnIl,0,1,1,0.0
MnIm,1,5,6,0.17
MnIn,3,4,7,0.43
MnIs,1,0,1,1.0
MnKB,1,2,3,0.33
MnKD,1,0,1,1.0
MnKL,1,0,1,1.0
MnKM,1,4,5,0.2
MnKN,1,5,6,0.17
MnKS,0,2,2,0.0
MnKb,1,0,1,1.0
MnKh,1,3,4,0.25
MnKm,4,3,7,0.57
MnKn,0,2,2,0.0
MnKs,1,0,1,1.0
MnLB,2,2,4,0.5
MnLD,1,0,1,1.0
MnLL,2,1,3,0.67
MnLM,2,2,4,0.5
MnLN,10,4,14,0.71
MnLP,7,8,15,0.47
MnLS,1,0,1,1.0
MnLb,4,1,5,0.8
MnLh,2,1,3,0.67
MnLj,0,2,2,0.0
MnLl,2,0,2,1.0
MnLm,4,6,10,0.4
MnLn,5,9,14,0.36
MnLs,3,3,6,0.5
MnLt,1,1,2,0.5
MnMB,16,12,28,0.57
MnMD,3,4,7,0.43
MnML,1,1,2,0.5
MnMM,18,21,39,0.46
MnMN,9,13,22,0.41
MnMP,22,14,36,0.61
MnMS,9,4,13,0.69
MnMb,11,8,19,0.58
MnMh,13,7,20,0.65
MnMj,0,1,1,0.0
MnMl,1,1,2,0.5
MnMm,21,16,37,0.57
MnMn,18,23,41,0.44
MnMs,7,15,22,0.32
MnMt,2,1,3,0.67
MnNB,18,12,30,0.6
MnND,6,6,12,0.5
MnNH,3,1,4,0.75
MnNI,0,1,1,0.0
MnNK,3,6,9,0.33
MnNL,4,10,14,0.29
MnNM,16,26,42,0.38
MnNN,27,39,66,0.41
MnNP,34,32,66,0.52
MnNS,13,22,35,0.37
MnNb,14,14,28,0.5
MnNh,10,3,13,0.77
MnNl,2,6,8,0.25
MnNm,15,19,34,0.44
MnNn,26,38,64,0.41
MnNs,17,13,30,0.57
MnNt,2,3,5,0.4
MnPB,20,14,34,0.59
MnPD,5,2,7,0.71
MnPH,9,5,14,0.64
MnPI,3,2,5,0.6
MnPK,4,2,6,0.67
MnPL,5,10,15,0.33
MnPM,23,21,44,0.52
MnPN,27,26,53,0.51
MnPP,31,24,55,0.56
MnPS,10,15,25,0.4
MnPb,14,17,31,0.45
MnPh,2,4,6,0.33
MnPl,5,5,10,0.5
MnPm,23,21,44,0.52
MnPn,31,25,56,0.55
MnPs,18,20,38,0.47
MnPt,1,4,5,0.2
MnSB,4,5,9,0.44
MnSD,5,4,9,0.56
MnSH,4,4,8,0.5
MnSL,4,1,5,0.8
MnSM,6,13,19,0.32
MnSN,16,8,24,0.67
MnSP,11,15,26,0.42
MnSS,15,17,32,0.47
MnSb,9,4,13,0.69
MnSh,5,2,7,0.71
MnSl,5,5,10,0.5
MnSm,17,14,31,0.55
MnSn,13,22,35,0.37
MnSs,10,16,26,0.38
MnSt,2,0,2,1.0
MnbB,8,7,15,0.53
MnbD,2,1,3,0.67
MnbH,5,0,5,1.0
MnbI,1,0,1,1.0
MnbJ,3,5,8,0.38
MnbK,3,5,8,0.38
MnbL,3,3,6,0.5
MnbM,8,15,23,0.35
MnbN,16,15,31,0.52
MnbP,17,11,28,0.61
MnbS,6,6,12,0.5
Mnbb,7,11,18,0.39
Mnbl,3,7,10,0.3
Mnbm,15,8,23,0.65
Mnbn,12,8,20,0.6
Mnbs,6,6,12,0.5
MnhM,0,1,1,0.0
MnhN,0,2,2,0.0
Mnhb,3,0,3,1.0
Mnhh,1,0,1,1.0
Mnhl,1,1,2,0.5
Mnhn,0,1,1,0.0
Mnhs,1,0,1,1.0
MnlB,2,4,6,0.33
MnlD,1,1,2,0.5
MnlH,2,4,6,0.33
MnlI,2,1,3,0.67
MnlJ,0,1,1,0.0
MnlL,2,2,4,0.5
MnlM,2,3,5,0.4
MnlN,4,5,9,0.44
MnlP,1,4,5,0.2
MnlS,4,5,9,0.44
Mnlb,4,5,9,0.44
Mnll,0,1,1,0.0
Mnlm,2,1,3,0.67
Mnln,8,4,12,0.67
Mnls,2,2,4,0.5
MnmB,14,11,25,0.56
MnmD,8,5,13,0.62
MnmH,11,11,22,0.5
MnmI,0,0,0,
MnmJ,0,1,1,0.0
MnmL,1,7,8,0.12
MnmM,16,17,33,0.48
MnmN,16,19,35,0.46
MnmP,20,11,31,0.65
MnmS,9,14,23,0.39
Mnmb,18,13,31,0.58
Mnml,5,5,10,0.5
Mnmm,21,13,34,0.62
Mnmn,20,17,37,0.54
Mnms,12,14,26,0.46
MnnB,12,19,31,0.39
MnnD,4,4,8,0.5
MnnH,14,12,26,0.54
MnnI,5,5,10,0.5
MnnK,2,0,2,1.0
MnnL,4,4,8,0.5
MnnM,17,21,38,0.45
MnnN,25,25,50,0.5
MnnP,23,25,48,0.48
MnnS,12,16,28,0.43
Mnnb,9,13,22,0.41
Mnnh,0,1,1,0.0
Mnnl,1,3,4,0.25
Mnnm,16,19,35,0.46
Mnnn,20,26,46,0.43
Mnns,16,12,28,0.57
MnsB,13,7,20,0.65
MnsD,2,4,6,0.33
MnsH,6,13,19,0.32
MnsI,3,3,6,0.5
MnsL,6,5,11,0.55
MnsM,5,7,12,0.42
MnsN,20,12,32,0.62
MnsP,12,11,23,0.52
MnsS,11,10,21,0.52
Mnsb,6,6,12,0.5
Mnsh,1,1,2,0.5
Mnsl,2,2,4,0.5
Mnsm,15,9,24,0.62
Mnsn,20,8,28,0.71
Mnss,10,12,22,0.45
MsBB,5,4,9,0.56
MsBD,0,5,5,0.0
MsBK,1,2,3,0.33
MsBL,1,0,1,1.0
MsBM,0,11,11,0.0
MsBN,3,8,11,0.27
MsBP,4,4,8,0.5
MsBS,2,5,7,0.29
MsBb,3,6,9,0.33
MsBj,0,1,1,0.0
MsBl,1,0,1,1.0
MsBm,6,2,8,0.75
MsBn,8,9,17,0.47
MsBs,2,1,3,0.67
MsBt,0,0,0,
MsDB,1,0,1,1.0
MsDD,1,1,2,0.5
MsDH,3,2,5,0.6
MsDL,1,1,2,0.5
MsDM,2,4,6,0.33
MsDN,4,3,7,0.57
MsDP,3,1,4,0.75
MsDS,2,6,8,0.25
MsDb,1,0,1,1.0
MsDl,1,3,4,0.25
MsDm,3,2,5,0.6
MsDn,0,2,2,0.0
MsDs,2,1,3,0.67
MsHB,9,2,11,0.82
MsHD,5,0,5,1.0
MsHH,4,1,5,0.8
MsHK,1,0,1,1.0
MsHL,6,0,6,1.0
MsHM,11,7,18,0.61
MsHN,4,7,11,0.36
MsHP,8,5,13,0.62
MsHS,7,6,13,0.54
MsHb,9,6,15,0.6
MsHh,3,3,6,0.5
MsHl,1,1,2,0.5
MsHm,13,9,22,0.59
MsHn,9,6,15,0.6
MsHs,6,11,17,0.35
MsHt,0,1,1,0.0
MsIB,0,2,2,0.0
MsIH,0,1,1,0.0
MsIM,0,0,0,
MsIN,1,2,3,0.33
MsIP,0,2,2,0.0
MsIS,0,1,1,0.0
MsIl,1,0,1,1.0
MsIm,3,1,4,0.75
MsIs,0,1,1,0.0
MsKB,0,1,1,0.0
MsKP,0,0,0,
MsKb,0,1,1,0.0
MsKs,1,0,1,1.0
MsLB,2,1,3,0.67
MsLD,1,0,1,1.0
MsLL,0,0,0,
MsLM,1,2,3,0.33
MsLN,5,2,7,0.71
MsLP,7,5,12,0.58
MsLS,3,3,6,0.5
MsLb,0,1,1,0.0
MsLh,1,0,1,1.0
MsLl,0,2,2,0.0
MsLm,3,0,3,1.0
MsLn,4,3,7,0.57
MsLs,0,1,1,0.0
MsMB,4,4,8,0.5
MsMD,3,0,3,1.0
MsML,2,2,4,0.5
MsMM,6,8,14,0.43
MsMN,5,7,12,0.42
MsMP,7,5,12,0.58
MsMS,4,2,6,0.67
MsMb,4,11,15,0.27
MsMh,4,7,11,0.36
MsMj,1,0,1,1.0
MsMl,4,2,6,0.67
MsMm,9,8,17,0.53
MsMn,10,9,19,0.53
MsMs,1,3,4,0.25
MsMt,0,1,1,0.0
MsNB,10,7,17,0.59
MsND,2,2,4,0.5
MsNH,0,2,2,0.0
MsNI,1,0,1,1.0
MsNK,1,1,2,0.5
MsNL,3,2,5,0.6
MsNM,10,5,15,0.67
MsNN,7,11,18,0.39
MsNP,16,11,27,0.59
MsNS,9,10,19,0.47
MsNb,6,7,13,0.46
MsNh,3,4,7,0.43
MsNl,2,1,3,0.67
MsNm,3,5,8,0.38
MsNn,10,10,20,0.5
MsNs,18,7,25,0.72
MsNt,2,1,3,0.67
MsPB,4,13,17,0.24
MsPD,4,0,4,1.0
MsPH,5,2,7,0.71
MsPI,0,0,0,
MsPK,3,1,4,0.75
MsPL,2,2,4,0.5
MsPM,7,11,18,0.39
MsPN,15,8,23,0.65
MsPP,12,12,24,0.5
MsPS,4,7,11,0.36
MsPb,11,4,15,0.73
MsPh,1,1,2,0.5
MsPl,2,0,2,1.0
MsPm,16,11,27,0.59
MsPn,4,6,10,0.4
MsPs,7,10,17,0.41
MsPt,1,2,3,0.33
MsSB,3,7,10,0.3
MsSD,6,0,6,1.0
MsSH,5,2,7,0.71
MsSK,0,1,1,0.0
MsSL,3,3,6,0.5
MsSM,3,8,11,0.27
MsSN,2,13,15,0.13
MsSP,10,4,14,0.71
MsSS,12,13,25,0.48
MsSb,8,6,14,0.57
MsSh,3,9,12,0.25
MsSl,3,1,4,0.75
MsSm,13,14,27,0.48
MsSn,8,5,13,0.62
MsSs,15,9,24,0.62
MsSt,2,1,3,0.67
MsbB,2,4,6,0.33
MsbD,1,2,3,0.33
MsbH,2,0,2,1.0
MsbI,0,1,1,0.0
MsbJ,1,0,1,1.0
MsbK,0,2,2,0.0
MsbL,0,3,3,0.0
MsbM,7,6,13,0.54
MsbN,5,8,13,0.38
MsbP,6,5,11,0.55
MsbS,2,3,5,0.4
Msbb,2,4,6,0.33
Msbm,4,6,10,0.4
Msbn,12,7,19,0.63
Msbs,6,1,7,0.86
MshM,0,1,1,0.0
MshN,1,0,1,1.0
MshP,1,1,2,0.5
Mshb,1,0,1,1.0
Mshs,1,0,1,1.0
MslB,1,2,3,0.33
MslD,0,1,1,0.0
MslH,3,0,3,1.0
MslJ,0,3,3,0.0
MslL,1,0,1,1.0
MslM,4,2,6,0.67
MslN,5,4,9,0.56
MslP,6,1,7,0.86
MslS,1,3,4,0.25
Mslb,2,0,2,1.0
Mslm,4,4,8,0.5
Msln,0,1,1,0.0
Msls,6,1,7,0.86
MsmB,7,5,12,0.58
MsmD,2,5,7,0.29
MsmH,7,2,9,0.78
MsmJ,2,1,3,0.67
MsmK,1,0,1,1.0
MsmL,1,0,1,1.0
MsmM,17,13,30,0.57
MsmN,10,11,21,0.48
MsmP,12,7,19,0.63
MsmS,6,10,16,0.38
Msmb,10,10,20,0.5
Msml,0,1,1,0.0
Msmm,8,7,15,0.53
Msmn,11,9,20,0.55
Msms,9,1,10,0.9
MsnB,3,7,10,0.3
MsnD,4,1,5,0.8
MsnH,7,5,12,0.58
MsnI,2,3,5,0.4
MsnK,0,1,1,0.0
MsnL,0,1,1,0.0
MsnM,13,6,19,0.68
MsnN,10,11,21,0.48
MsnP,10,9,19,0.53
MsnS,8,5,13,0.62
Msnb,7,2,9,0.78
Msnl,0,1,1,0.0
Msnm,11,7,18,0.61
Msnn,10,10,20,0.5
Msns,9,6,15,0.6
MssB,3,2,5,0.6
MssD,4,2,6,0.67
MssH,10,4,14,0.71
MssI,1,0,1,1.0
MssL,1,0,1,1.0
MssM,6,6,12,0.5
MssN,9,9,18,0.5
MssP,10,8,18,0.56
MssS,6,9,15,0.4
Mssb,4,4,8,0.5
Mssh,2,0,2,1.0
Mssl,0,2,2,0.0
Mssm,7,5,12,0.58
Mssn,3,8,11,0.27
Msss,4,11,15,0.27
MstS,0,1,1,0.0
Mstb,0,1,1,0.0
Mstl,1,0,1,1.0
MtBB,0,1,1,0.0
MtBP,1,0,1,1.0
MtBS,0,1,1,0.0
MtBb,0,0,0,
MtBl,1,0,1,1.0
MtBm,2,1,3,0.67
MtBn,0,2,2,0.0
MtBs,1,2,3,0.33
MtDB,1,0,1,1.0
MtDN,0,0,0,
MtDP,1,0,1,1.0
MtDl,0,1,1,0.0
MtDm,2,0,2,1.0
MtDn,0,1,1,0.0
MtHB,1,0,1,1.0
MtHI,2,0,2,1.0
MtHK,0,1,1,0.0
MtHN,0,1,1,0.0
MtHS,0,1,1,0.0
MtHb,1,2,3,0.33
MtHm,1,1,2,0.5
MtHn,1,1,2,0.5
MtIs,0,1,1,0.0
MtKm,0,1,1,0.0
MtLB,1,0,1,1.0
MtLM,0,1,1,0.0
MtLN,0,1,1,0.0
MtLn,0,1,1,0.0
MtMB,1,1,2,0.5
MtMM,1,3,4,0.25
MtMN,2,0,2,1.0
MtMP,0,1,1,0.0
MtMS,2,1,3,0.67
MtMb,3,0,3,1.0
MtMh,0,1,1,0.0
MtMm,1,0,1,1.0
MtMn,1,2,3,0.33
MtNB,1,2,3,0.33
MtND,1,1,2,0.5
MtNH,1,0,1,1.0
MtNM,2,0,2,1.0
MtNN,4,2,6,0.67
MtNP,2,1,3,0.67
MtNS,0,0,0,
MtNb,2,0,2,1.0
MtNm,1,4,5,0.2
MtNn,2,0,2,1.0
MtNs,0,1,1,0.0
MtNt,1,0,1,1.0
MtPB,3,1,4,0.75
MtPD,0,1,1,0.0
MtPH,1,0,1,1.0
MtPK,0,1,1,0.0
MtPM,1,1,2,0.5
MtPN,2,1,3,0.67
MtPP,4,2,6,0.67
MtPS,4,3,7,0.57
MtPb,3,0,3,1.0
MtPh,0,1,1,0.0
MtPl,0,1,1,0.0
MtPm,1,0,1,1.0
MtPn,0,3,3,0.0
MtPs,1,1,2,0.5
MtSB,2,0,2,1.0
MtSL,1,0,1,1.0
MtSM,0,1,1,0.0
MtSN,0,2,2,0.0
MtSP,1,1,2,0.5
MtSS,0,1,1,0.0
MtSb,1,1,2,0.5
MtSh,1,1,2,0.5
MtSm,1,2,3,0.33
MtSn,2,1,3,0.67
MtSs,0,1,1,0.0
MtbB,0,3,3,0.0
MtbK,1,0,1,1.0
MtbM,0,1,1,0.0
MtbN,0,2,2,0.0
MtbP,0,1,1,0.0
MtbS,0,0,0,
Mtbb,1,1,2,0.5
Mtbm,0,1,1,0.0
Mtbn,0,3,3,0.0
MtlB,0,1,1,0.0
Mtls,2,0,2,1.0
MtmB,0,1,1,0.0
MtmD,0,1,1,0.0
MtmH,0,1,1,0.0
MtmJ,2,0,2,1.0
MtmM,2,1,3,0.67
MtmP,2,0,2,1.0
MtmS,0,1,1,0.0
Mtmb,1,0,1,1.0
Mtmm,1,1,2,0.5
Mtmn,3,0,3,1.0
MtnB,0,1,1,0.0
MtnD,1,0,1,1.0
MtnH,1,1,2,0.5
MtnI,0,1,1,0.0
MtnM,0,1,1,0.0
MtnN,1,2,3,0.33
MtnP,1,2,3,0.33
MtnS,2,0,2,1.0
Mtnb,1,0,1,1.0
Mtnn,1,2,3,0.33
Mtns,1,0,1,1.0
MtsB,1,0,1,1.0
MtsD,0,0,0,
MtsL,1,0,1,1.0
MtsM,0,1,1,0.0
MtsP,1,2,3,0.33
Mtsm,1,0,1,1.0
Mtsn,2,0,2,1.0
Mtss,0,2,2,0.0
Mttm,1,0,1,1.0
Mttn,1,0,1,1.0
NBBB,12,21,33,0.36
NBBD,4,3,7,0.57
NBBK,1,1,2,0.5
NBBL,2,5,7,0.29
NBBM,14,9,23,0.61
NBBN,15,14,29,0.52
NBBP,16,12,28,0.57
NBBS,2,4,6,0.33
NBBb,4,12,16,0.25
NBBh,0,1,1,0.0
NBBj,1,2,3,0.33
NBBl,0,6,6,0.0
NBBm,13,8,21,0.62
NBBn,17,15,32,0.53
NBBs,4,6,10,0.4
NBBt,0,1,1,0.0
NBDB,2,2,4,0.5
NBDD,4,0,4,1.0
NBDH,2,1,3,0.67
NBDL,1,1,2,0.5
NBDM,3,1,4,0.75
NBDN,2,2,4,0.5
NBDP,2,1,3,0.67
NBDS,2,5,7,0.29
NBDb,4,2,6,0.67
NBDl,1,2,3,0.33
NBDm,2,4,6,0.33
NBDn,1,2,3,0.33
NBDs,6,3,9,0.67
NBHB,0,1,1,0.0
NBHM,0,1,1,0.0
NBHl,1,0,1,1.0
NBHn,1,0,1,1.0
NBIm,1,0,1,1.0
NBKL,1,0,1,1.0
NBKM,0,1,1,0.0
NBKN,1,5,6,0.17
NBKP,1,2,3,0.33
NBKS,0,2,2,0.0
NBKb,1,0,1,1.0
NBKh,1,3,4,0.25
NBKm,1,0,1,1.0
NBKn,3,2,5,0.6
NBKs,1,4,5,0.2
NBLB,1,2,3,0.33
NBLD,1,0,1,1.0
NBLL,2,1,3,0.67
NBLM,1,3,4,0.25
NBLN,1,2,3,0.33
NBLP,8,4,12,0.67
NBLS,0,2,2,0.0
NBLb,3,4,7,0.43
NBLj,2,1,3,0.67
NBLl,1,1,2,0.5
NBLm,3,4,7,0.43
NBLn,8,3,11,0.73
NBLs,3,1,4,0.75
NBMB,12,13,25,0.48
NBMD,5,3,8,0.62
NBML,2,2,4,0.5
NBMM,7,7,14,0.5
NBMN,8,8,16,0.5
NBMP,7,10,17,0.41
NBMS,3,6,9,0.33
NBMb,16,8,24,0.67
NBMh,12,4,16,0.75
NBMl,1,2,3,0.33
NBMm,14,10,24,0.58
NBMn,12,20,32,0.38
NBMs,4,8,12,0.33
NBMt,0,2,2,0.0
NBNB,5,15,20,0.25
NBND,5,2,7,0.71
NBNH,2,2,4,0.5
NBNI,0,1,1,0.0
NBNK,0,3,3,0.0
NBNL,2,5,7,0.29
NBNM,7,13,20,0.35
NBNN,10,13,23,0.43
NBNP,17,22,39,0.44
NBNS,6,10,16,0.38
NBNb,10,8,18,0.56
NBNh,4,2,6,0.67
NBNl,3,2,5,0.6
NBNm,20,16,36,0.56
NBNn,24,9,33,0.73
NBNs,7,5,12,0.58
NBNt,1,1,2,0.5
NBPB,11,11,22,0.5
NBPD,0,5,5,0.0
NBPH,1,4,5,0.2
NBPI,0,6,6,0.0
NBPK,2,0,2,1.0
NBPL,3,12,15,0.2
NBPM,9,15,24,0.38
NBPN,10,20,30,0.33
NBPP,16,20,36,0.44
NBPS,5,16,21,0.24
NBPb,12,8,20,0.6
NBPh,2,1,3,0.67
NBPl,6,7,13,0.46
NBPm,16,17,33,0.48
NBPn,21,17,38,0.55
NBPs,10,11,21,0.48
NBPt,0,1,1,0.0
NBSB,2,5,7,0.29
NBSD,1,1,2,0.5
NBSH,2,1,3,0.67
NBSL,2,1,3,0.67
NBSM,5,7,12,0.42
NBSN,7,7,14,0.5
NBSP,5,9,14,0.36
NBSS,9,5,14,0.64
NBSb,6,6,12,0.5
NBSh,4,3,7,0.57
NBSl,4,3,7,0.57
NBSm,7,7,14,0.5
NBSn,3,5,8,0.38
NBSs,3,3,6,0.5
NBSt,0,0,0,
NBbB,10,11,21,0.48
NBbD,2,1,3,0.67
NBbH,2,2,4,0.5
NBbI,0,0,0,
NBbJ,0,4,4,0.0
NBbK,1,1,2,0.5
NBbL,4,4,8,0.5
NBbM,10,14,24,0.42
NBbN,8,8,16,0.5
NBbP,16,16,32,0.5
NBbS,3,3,6,0.5
NBbb,11,9,20,0.55
NBbl,4,3,7,0.57
NBbm,11,6,17,0.65
NBbn,9,7,16,0.56
NBbs,6,4,10,0.6
NBhB,1,1,2,0.5
NBhL,0,1,1,0.0
NBhM,3,0,3,1.0
NBhN,1,2,3,0.33
NBhP,0,3,3,0.0
NBhS,1,2,3,0.33
NBhh,1,1,2,0.5
NBhl,0,1,1,0.0
NBhm,1,0,1,1.0
NBhn,0,1,1,0.0
NBhs,1,0,1,1.0
NBht,1,0,1,1.0
NBjB,3,1,4,0.75
NBjD,0,1,1,0.0
NBjH,0,3,3,0.0
NBjM,1,4,5,0.2
NBjN,0,1,1,0.0
NBjP,4,2,6,0.67
NBjS,1,0,1,1.0
NBjb,2,1,3,0.67
NBjl,1,0,1,1.0
NBjm,0,4,4,0.0
NBjn,4,2,6,0.67
NBjs,2,0,2,1.0
NBjt,1,0,1,1.0
NBlB,1,1,2,0.5
NBlD,1,0,1,1.0
NBlH,3,2,5,0.6
NBlI,1,0,1,1.0
NBlL,2,2,4,0.5
NBlM,2,1,3,0.67
NBlN,3,3,6,0.5
NBlP,1,5,6,0.17
NBlS,1,2,3,0.33
NBlb,1,2,3,0.33
NBll,1,1,2,0.5
NBlm,4,2,6,0.67
NBln,0,5,5,0.0
NBls,2,3,5,0.4
NBmB,8,12,20,0.4
NBmD,2,3,5,0.4
NBmH,10,6,16,0.62
NBmI,0,1,1,0.0
NBmJ,3,5,8,0.38
NBmK,1,0,1,1.0
NBmL,5,3,8,0.62
NBmM,8,12,20,0.4
NBmN,9,13,22,0.41
NBmP,14,18,32,0.44
NBmS,8,5,13,0.62
NBmb,13,7,20,0.65
NBml,5,3,8,0.62
NBmm,12,11,23,0.52
NBmn,16,14,30,0.53
NBms,5,6,11,0.45
NBnB,17,13,30,0.57
NBnD,4,3,7,0.57
NBnH,6,7,13,0.46
NBnI,0,2,2,0.0
NBnK,1,2,3,0.33
NBnL,2,4,6,0.33
NBnM,11,14,25,0.44
NBnN,22,13,35,0.63
NBnP,12,11,23,0.52
NBnS,11,14,25,0.44
NBnb,15,8,23,0.65
NBnh,1,0,1,1.0
NBnl,6,2,8,0.75
NBnm,20,15,35,0.57
NBnn,12,18,30,0.4
NBns,10,9,19,0.53
NBsB,5,1,6,0.83
NBsD,1,2,3,0.33
NBsH,4,5,9,0.44
NBsI,1,0,1,1.0
NBsL,1,1,2,0.5
NBsM,3,7,10,0.3
NBsN,6,5,11,0.55
NBsP,11,8,19,0.58
NBsS,4,6,10,0.4
NBsb,0,2,2,0.0
NBsh,1,0,1,1.0
NBsl,2,1,3,0.67
NBsm,12,0,12,1.0
NBsn,11,2,13,0.85
NBss,1,6,7,0.14
NBtD,0,1,1,0.0
NBtH,0,1,1,0.0
NBtM,0,2,2,0.0
NBtN,1,2,3,0.33
NBtS,0,2,2,0.0
NBtb,1,2,3,0.33
NBtl,1,0,1,1.0
NBtm,1,1,2,0.5
NBtn,2,3,5,0.4
NBts,0,2,2,0.0
NDBB,0,6,6,0.0
NDBD,0,1,1,0.0
NDBK,2,0,2,1.0
NDBL,2,1,3,0.67
NDBM,1,3,4,0.25
NDBN,4,6,10,0.4
NDBP,3,2,5,0.6
NDBS,3,0,3,1.0
NDBb,2,2,4,0.5
NDBh,1,2,3,0.33
NDBl,0,1,1,0.0
NDBm,4,2,6,0.67
NDBn,5,0,5,1.0
NDBs,2,1,3,0.67
NDDB,2,0,2,1.0
NDDD,1,1,2,0.5
NDDH,0,2,2,0.0
NDDL,0,1,1,0.0
NDDM,2,5,7,0.29
NDDN,3,2,5,0.6
NDDP,3,0,3,1.0
NDDS,2,1,3,0.67
NDDb,1,1,2,0.5
NDDl,0,2,2,0.0
NDDm,5,4,9,0.56
NDDn,0,2,2,0.0
NDDs,4,0,4,1.0
NDHB,3,3,6,0.5
NDHD,1,0,1,1.0
NDHI,0,1,1,0.0
NDHK,0,1,1,0.0
NDHL,0,1,1,0.0
NDHM,1,1,2,0.5
NDHN,3,3,6,0.5
NDHP,3,4,7,0.43
NDHS,1,1,2,0.5
NDHb,2,2,4,0.5
NDHh,2,0,2,1.0
NDHl,3,0,3,1.0
NDHm,3,4,7,0.43
NDHn,3,4,7,0.43
NDHs,7,2,9,0.78
NDHt,1,0,1,1.0
NDIB,1,0,1,1.0
NDIH,0,1,1,0.0
NDIL,1,0,1,1.0
NDIm,0,1,1,0.0
NDIn,1,1,2,0.5
NDLB,0,1,1,0.0
NDLK,0,1,1,0.0
NDLL,1,0,1,1.0
NDLM,1,0,1,1.0
NDLN,1,1,2,0.5
NDLP,0,0,0,
NDLS,1,1,2,0.5
NDLh,0,1,1,0.0
NDLl,0,3,3,0.0
NDLm,1,1,2,0.5
NDLn,1,1,2,0.5
NDLt,0,1,1,0.0
NDMB,5,9,14,0.36
NDMD,2,0,2,1.0
NDML,2,3,5,0.4
NDMM,5,4,9,0.56
NDMN,4,7,11,0.36
NDMP,5,6,11,0.45
NDMS,3,4,7,0.43
NDMb,2,6,8,0.25
NDMh,3,4,7,0.43
NDMj,0,1,1,0.0
NDMl,2,0,2,1.0
NDMm,3,3,6,0.5
NDMn,2,7,9,0.22
NDMs,1,7,8,0.12
NDNB,2,3,5,0.4
NDND,4,2,6,0.67
NDNH,1,0,1,1.0
NDNL,1,0,1,1.0
NDNM,2,3,5,0.4
NDNN,9,2,11,0.82
NDNP,3,2,5,0.6
NDNS,3,1,4,0.75
NDNb,3,2,5,0.6
NDNh,0,1,1,0.0
NDNl,0,0,0,
NDNm,4,6,10,0.4
NDNn,3,7,10,0.3
NDNs,1,0,1,1.0
NDNt,0,1,1,0.0
NDPB,2,3,5,0.4
NDPD,1,1,2,0.5
NDPH,0,1,1,0.0
NDPI,0,1,1,0.0
NDPK,0,1,1,0.0
NDPL,1,0,1,1.0
NDPM,4,2,6,0.67
NDPN,2,5,7,0.29
NDPP,6,5,11,0.55
NDPS,3,4,7,0.43
NDPb,3,5,8,0.38
NDPl,1,1,2,0.5
NDPm,6,4,10,0.6
NDPn,7,1,8,0.88
NDPs,2,2,4,0.5
NDSB,5,4,9,0.56
NDSD,4,1,5,0.8
NDSH,2,1,3,0.67
NDSL,0,1,1,0.0
NDSM,3,0,3,1.0
NDSN,3,2,5,0.6
NDSP,1,3,4,0.25
NDSS,4,2,6,0.67
NDSb,2,3,5,0.4
NDSh,4,2,6,0.67
NDSl,1,0,1,1.0
NDSm,8,3,11,0.73
NDSn,4,1,5,0.8
NDSs,3,3,6,0.5
NDbB,4,2,6,0.67
NDbD,0,1,1,0.0
NDbJ,1,0,1,1.0
NDbK,0,1,1,0.0
NDbM,7,2,9,0.78
NDbN,4,2,6,0.67
NDbP,7,0,7,1.0
NDbS,3,0,3,1.0
NDbb,3,2,5,0.6
NDbl,0,1,1,0.0
NDbm,4,3,7,0.57
NDbn,3,1,4,0.75
NDbs,0,0,0,
NDhN,1,0,1,1.0
NDhh,0,1,1,0.0
NDlB,1,0,1,1.0
NDlD,0,0,0,
NDlH,0,1,1,0.0
NDlK,0,1,1,0.0
NDlL,1,0,1,1.0
NDlM,1,1,2,0.5
NDlN,1,1,2,0.5
NDlP,0,0,0,
NDlS,0,1,1,0.0
NDlb,1,1,2,0.5
NDll,0,1,1,0.0
NDlm,0,1,1,0.0
NDln,1,2,3,0.33
NDls,0,2,2,0.0
NDmB,2,7,9,0.22
NDmD,3,2,5,0.6
NDmH,5,6,11,0.45
NDmJ,1,0,1,1.0
NDmL,1,2,3,0.33
NDmM,5,5,10,0.5
NDmN,4,4,8,0.5
NDmP,3,8,11,0.27
NDmS,6,1,7,0.86
NDmb,2,1,3,0.67
NDmm,4,6,10,0.4
NDmn,2,3,5,0.4
NDms,0,1,1,0.0
NDnB,5,2,7,0.71
NDnD,2,1,3,0.67
NDnH,2,2,4,0.5
NDnI,1,0,1,1.0
NDnM,4,4,8,0.5
NDnN,4,4,8,0.5
NDnP,4,4,8,0.5
NDnS,3,2,5,0.6
NDnb,4,2,6,0.67
NDnl,1,1,2,0.5
NDnm,2,2,4,0.5
NDnn,5,4,9,0.56
NDns,4,2,6,0.67
NDsB,2,0,2,1.0
NDsD,0,1,1,0.0
NDsH,2,3,5,0.4
NDsL,1,2,3,0.33
NDsM,3,1,4,0.75
NDsN,2,1,3,0.67
NDsP,1,4,5,0.2
NDsS,1,3,4,0.25
NDsb,2,4,6,0.33
NDsh,1,0,1,1.0
NDsl,0,1,1,0.0
NDsm,2,1,3,0.67
NDsn,0,4,4,0.0
NDss,2,2,4,0.5
NDtB,1,0,1,1.0
NDtM,0,1,1,0.0
NDtN,0,1,1,0.0
NDtP,1,0,1,1.0
NDtm,0,0,0,
NHBB,2,1,3,0.67
NHBK,1,0,1,1.0
NHBL,1,1,2,0.5
NHBM,0,0,0,
NHBN,3,0,3,1.0
NHBP,1,2,3,0.33
NHBS,0,3,3,0.0
NHBb,0,1,1,0.0
NHBj,0,0,0,
NHBl,3,1,4,0.75
NHBm,5,1,6,0.83
NHBn,1,0,1,1.0
NHDB,0,0,0,
NHDD,1,0,1,1.0
NHDH,0,1,1,0.0
NHDP,3,1,4,0.75
NHDl,1,0,1,1.0
NHDm,1,0,1,1.0
NHDs,1,0,1,1.0
NHHL,1,0,1,1.0
NHHM,1,0,1,1.0
NHHS,0,1,1,0.0
NHHb,1,0,1,1.0
NHHn,0,0,0,
NHHs,0,0,0,
NHIP,1,0,1,1.0
NHIb,0,0,0,
NHIl,1,0,1,1.0
NHIn,0,1,1,0.0
NHKB,1,0,1,1.0
NHKD,0,0,0,
NHKM,1,0,1,1.0
NHKN,1,0,1,1.0
NHKS,0,0,0,
NHKl,0,1,1,0.0
NHKm,0,1,1,0.0
NHKn,1,0,1,1.0
NHKs,0,1,1,0.0
NHKt,0,0,0,
NHLB,2,3,5,0.4
NHLM,0,1,1,0.0
NHLP,0,2,2,0.0
NHLS,1,0,1,1.0
NHLb,2,0,2,1.0
NHLn,2,1,3,0.67
NHLs,2,1,3,0.67
NHMB,1,1,2,0.5
NHMK,1,0,1,1.0
NHML,0,1,1,0.0
NHMM,4,3,7,0.57
NHMN,3,3,6,0.5
NHMP,2,2,4,0.5
NHMS,1,0,1,1.0
NHMb,2,2,4,0.5
NHMh,7,1,8,0.88
NHMl,1,1,2,0.5
NHMm,1,7,8,0.12
NHMn,4,3,7,0.57
NHMs,1,0,1,1.0
NHNB,3,1,4,0.75
NHND,1,0,1,1.0
NHNH,1,0,1,1.0
NHNM,0,4,4,0.0
NHNN,3,3,6,0.5
NHNP,2,2,4,0.5
NHNS,4,1,5,0.8
NHNb,4,4,8,0.5
NHNh,1,0,1,1.0
NHNl,1,1,2,0.5
NHNm,2,3,5,0.4
NHNn,4,4,8,0.5
NHNs,4,2,6,0.67
NHPB,2,2,4,0.5
NHPH,1,0,1,1.0
NHPK,0,1,1,0.0
NHPL,0,1,1,0.0
NHPM,2,2,4,0.5
NHPN,1,3,4,0.25
NHPP,3,3,6,0.5
NHPS,3,2,5,0.6
NHPb,4,1,5,0.8
NHPh,0,1,1,0.0
NHPl,1,0,1,1.0
NHPm,1,5,6,0.17
NHPn,2,1,3,0.67
NHPs,0,0,0,
NHSB,0,0,0,
NHSD,1,0,1,1.0
NHSH,1,1,2,0.5
NHSK,0,1,1,0.0
NHSL,2,0,2,1.0
NHSM,3,2,5,0.6
NHSN,2,2,4,0.5
NHSP,6,0,6,1.0
NHSS,3,1,4,0.75
NHSb,1,1,2,0.5
NHSh,0,1,1,0.0
NHSl,0,1,1,0.0
NHSm,3,3,6,0.5
NHSn,5,1,6,0.83
NHSs,2,2,4,0.5
NHbB,4,1,5,0.8
NHbJ,1,0,1,1.0
NHbL,0,1,1,0.0
NHbM,1,4,5,0.2
NHbN,2,1,3,0.67
NHbP,3,1,4,0.75
NHbS,0,1,1,0.0
NHbb,1,2,3,0.33
NHbm,1,3,4,0.25
NHbn,0,1,1,0.0
NHbs,0,1,1,0.0
NHhL,0,2,2,0.0
NHhM,0,1,1,0.0
NHhP,0,0,0,
NHhS,1,0,1,1.0
NHhb,0,1,1,0.0
NHhh,0,1,1,0.0
NHhl,0,1,1,0.0
NHhm,2,0,2,1.0
NHhn,1,0,1,1.0
NHhs,0,1,1,0.0
NHht,0,0,0,
NHlB,1,0,1,1.0
NHlJ,0,0,0,
NHlL,1,0,1,1.0
NHlN,1,2,3,0.33
NHlP,1,0,1,1.0
NHlS,1,0,1,1.0
NHlb,0,1,1,0.0
NHll,1,0,1,1.0
NHlm,0,1,1,0.0
NHls,1,0,1,1.0
NHmB,4,2,6,0.67
NHmD,0,2,2,0.0
NHmH,4,0,4,1.0
NHmJ,1,1,2,0.5
NHmL,1,3,4,0.25
NHmM,1,2,3,0.33
NHmN,1,3,4,0.25
NHmP,3,5,8,0.38
NHmS,1,3,4,0.25
NHmb,3,0,3,1.0
NHmm,4,1,5,0.8
NHmn,3,1,4,0.75
NHms,2,2,4,0.5
NHnB,0,2,2,0.0
NHnD,1,0,1,1.0
NHnH,1,1,2,0.5
NHnI,0,1,1,0.0
NHnK,0,0,0,
NHnL,1,1,2,0.5
NHnM,2,4,6,0.33
NHnN,3,5,8,0.38
NHnP,4,5,9,0.44
NHnS,2,2,4,0.5
NHnb,0,2,2,0.0
NHnm,3,0,3,1.0
NHnn,1,1,2,0.5
NHns,1,1,2,0.5
NHsB,0,1,1,0.0
NHsD,1,0,1,1.0
NHsH,1,0,1,1.0
NHsL,2,1,3,0.67
NHsM,1,1,2,0.5
NHsN,1,1,2,0.5
NHsP,2,2,4,0.5
NHsS,4,1,5,0.8
NHsb,0,2,2,0.0
NHsl,0,3,3,0.0
NHsm,1,1,2,0.5
NHsn,5,3,8,0.62
NHss,5,1,6,0.83
NIBP,0,0,0,
NIBh,0,1,1,0.0
NIBs,1,0,1,1.0
NIDl,1,0,1,1.0
NIHm,0,1,1,0.0
NILP,1,0,1,1.0
NIMM,1,0,1,1.0
NIMn,1,0,1,1.0
NINP,0,0,0,
NINh,0,0,0,
NIPN,0,1,1,0.0
NIPP,1,0,1,1.0
NISH,0,1,1,0.0
NISI,1,0,1,1.0
NIbB,0,1,1,0.0
NIbD,0,0,0,
NIbb,0,2,2,0.0
NIbm,1,1,2,0.5
NImS,0,2,2,0.0
NImm,0,1,1,0.0
NIms,0,1,1,0.0
NInP,0,1,1,0.0
NIsB,0,0,0,
NIsm,0,1,1,0.0
NIss,1,0,1,1.0
NKBB,0,1,1,0.0
NKBD,1,0,1,1.0
NKBL,1,1,2,0.5
NKBM,1,1,2,0.5
NKBN,3,0,3,1.0
NKBP,5,0,5,1.0
NKBb,1,0,1,1.0
NKBj,1,0,1,1.0
NKBl,1,0,1,1.0
NKBm,1,1,2,0.5
NKBn,0,1,1,0.0
NKBs,1,1,2,0.5
NKDB,1,0,1,1.0
NKDH,0,1,1,0.0
NKDL,0,0,0,
NKDN,0,1,1,0.0
NKDP,0,0,0,
NKDS,0,0,0,
NKDb,1,1,2,0.5
NKDn,0,2,2,0.0
NKHK,0,0,0,
NKHM,1,0,1,1.0
NKHh,0,1,1,0.0
NKHl,1,0,1,1.0
NKIB,1,0,1,1.0
NKIN,1,1,2,0.5
NKIm,1,0,1,1.0
NKLP,0,0,0,
NKLS,0,1,1,0.0
NKLm,1,2,3,0.33
NKLn,1,0,1,1.0
NKMB,1,1,2,0.5
NKMD,0,2,2,0.0
NKML,1,0,1,1.0
NKMM,1,1,2,0.5
NKMN,2,2,4,0.5
NKMP,3,3,6,0.5
NKMS,1,0,1,1.0
NKMb,0,0,0,
NKMh,0,1,1,0.0
NKMm,2,0,2,1.0
NKMn,4,1,5,0.8
NKMs,1,4,5,0.2
NKNB,0,1,1,0.0
NKND,0,2,2,0.0
NKNH,1,1,2,0.5
NKNL,2,0,2,1.0
NKNM,4,3,7,0.57
NKNP,0,1,1,0.0
NKNS,0,0,0,
NKNb,3,1,4,0.75
NKNl,1,0,1,1.0
NKNm,0,2,2,0.0
NKNn,1,2,3,0.33
NKNs,2,1,3,0.67
NKPB,1,2,3,0.33
NKPH,0,1,1,0.0
NKPI,0,1,1,0.0
NKPL,0,1,1,0.0
NKPM,2,2,4,0.5
NKPN,0,3,3,0.0
NKPP,5,7,12,0.42
NKPS,1,2,3,0.33
NKPb,1,2,3,0.33
NKPh,0,1,1,0.0
NKPm,1,2,3,0.33
NKPn,0,1,1,0.0
NKPs,0,1,1,0.0
NKSB,0,0,0,
NKSH,0,1,1,0.0
NKSL,1,0,1,1.0
NKSM,2,3,5,0.4
NKSN,1,0,1,1.0
NKSP,1,2,3,0.33
NKSS,3,1,4,0.75
NKSb,1,0,1,1.0
NKSh,1,1,2,0.5
NKSl,0,1,1,0.0
NKSm,1,1,2,0.5
NKSn,1,1,2,0.5
NKSs,3,0,3,1.0
NKSt,1,0,1,1.0
NKbB,1,1,2,0.5
NKbD,0,1,1,0.0
NKbK,0,0,0,
NKbM,1,1,2,0.5
NKbN,1,1,2,0.5
NKbP,0,1,1,0.0
NKbb,1,2,3,0.33
NKbm,2,2,4,0.5
NKbn,0,2,2,0.0
NKbs,1,0,1,1.0
NKhB,2,0,2,1.0
NKhD,0,1,1,0.0
NKhI,1,0,1,1.0
NKhM,0,2,2,0.0
NKhN,3,2,5,0.6
NKhP,2,2,4,0.5
NKhS,0,2,2,0.0
NKhb,1,1,2,0.5
NKhh,0,1,1,0.0
NKhm,1,1,2,0.5
NKhn,0,1,1,0.0
NKhs,2,1,3,0.67
NKlH,1,0,1,1.0
NKlM,0,1,1,0.0
NKlN,0,1,1,0.0
NKlP,0,0,0,
NKlS,1,0,1,1.0
NKlm,0,1,1,0.0
NKln,0,1,1,0.0
NKmB,1,3,4,0.25
NKmD,2,4,6,0.33
NKmH,2,2,4,0.5
NKmI,0,0,0,
NKmJ,0,0,0,
NKmL,0,0,0,
NKmM,1,5,6,0.17
NKmN,2,0,2,1.0
NKmP,2,1,3,0.67
NKmS,1,1,2,0.5
NKmb,1,0,1,1.0
NKmm,0,0,0,
NKmn,2,1,3,0.67
NKms,1,1,2,0.5
NKnB,3,0,3,1.0
NKnD,0,0,0,
NKnH,0,2,2,0.0
NKnK,0,1,1,0.0
NKnL,0,2,2,0.0
NKnM,0,2,2,0.0
NKnN,3,3,6,0.5
NKnP,4,7,11,0.36
NKnS,0,0,0,
NKnb,0,2,2,0.0
NKnl,0,0,0,
NKnm,4,0,4,1.0
NKnn,0,4,4,0.0
NKns,0,1,1,0.0
NKsH,0,3,3,0.0
NKsP,2,2,4,0.5
NKsS,2,5,7,0.29
NKsb,2,1,3,0.67
NKsh,1,0,1,1.0
NKsl,1,0,1,1.0
NKsm,2,1,3,0.67
NKsn,2,3,5,0.4
NLBB,7,1,8,0.88
NLBD,2,1,3,0.67
NLBK,0,1,1,0.0
NLBL,1,1,2,0.5
NLBM,1,1,2,0.5
NLBN,1,9,10,0.1
NLBP,7,5,12,0.58
NLBS,3,0,3,1.0
NLBb,5,3,8,0.62
NLBj,1,0,1,1.0
NLBl,1,1,2,0.5
NLBm,9,2,11,0.82
NLBn,10,8,18,0.56
NLBs,1,1,2,0.5
NLBt,1,0,1,1.0
NLDD,1,0,1,1.0
NLDL,1,0,1,1.0
NLDM,0,2,2,0.0
NLDN,1,0,1,1.0
NLDP,0,1,1,0.0
NLDS,2,0,2,1.0
NLDb,0,0,0,
NLDl,1,0,1,1.0
NLDm,1,0,1,1.0
NLDn,3,1,4,0.75
NLDs,0,0,0,
NLHl,1,1,2,0.5
NLHn,0,0,0,
NLKM,1,0,1,1.0
NLKP,2,0,2,1.0
NLKb,1,0,1,1.0
NLKl,0,1,1,0.0
NLKm,0,1,1,0.0
NLKs,0,2,2,0.0
NLLB,1,1,2,0.5
NLLL,1,1,2,0.5
NLLM,1,0,1,1.0
NLLN,2,2,4,0.5
NLLP,1,0,1,1.0
NLLb,1,2,3,0.33
NLLh,0,1,1,0.0
NLLm,1,1,2,0.5
NLLn,2,1,3,0.67
NLLs,1,0,1,1.0
NLLt,0,1,1,0.0
NLMB,2,2,4,0.5
NLMD,2,1,3,0.67
NLMK,0,1,1,0.0
NLML,0,0,0,
NLMM,2,3,5,0.4
NLMN,4,5,9,0.44
NLMP,1,4,5,0.2
NLMS,0,2,2,0.0
NLMb,5,5,10,0.5
NLMh,0,2,2,0.0
NLMj,0,0,0,
NLMl,0,0,0,
NLMm,4,4,8,0.5
NLMn,6,5,11,0.55
NLMs,3,1,4,0.75
NLNB,5,4,9,0.56
NLND,0,2,2,0.0
NLNH,1,0,1,1.0
NLNL,1,3,4,0.25
NLNM,5,4,9,0.56
NLNN,6,5,11,0.55
NLNP,4,5,9,0.44
NLNS,0,2,2,0.0
NLNb,5,2,7,0.71
NLNh,0,1,1,0.0
NLNl,1,1,2,0.5
NLNm,6,7,13,0.46
NLNn,5,10,15,0.33
NLNs,1,4,5,0.2
NLPB,7,4,11,0.64
NLPD,3,1,4,0.75
NLPH,2,0,2,1.0
NLPI,0,0,0,
NLPK,0,0,0,
NLPL,0,1,1,0.0
NLPM,3,4,7,0.43
NLPN,4,10,14,0.29
NLPP,6,8,14,0.43
NLPS,5,1,6,0.83
NLPb,2,6,8,0.25
NLPh,1,1,2,0.5
NLPl,4,2,6,0.67
NLPm,3,1,4,0.75
NLPn,4,4,8,0.5
NLPs,4,4,8,0.5
NLSB,2,1,3,0.67
NLSD,1,0,1,1.0
NLSH,0,0,0,
NLSL,3,3,6,0.5
NLSM,0,2,2,0.0
NLSN,1,3,4,0.25
NLSP,2,1,3,0.67
NLSS,5,5,10,0.5
NLSb,2,1,3,0.67
NLSh,2,0,2,1.0
NLSl,2,0,2,1.0
NLSm,1,5,6,0.17
NLSn,0,2,2,0.0
NLSs,4,1,5,0.8
NLSt,0,0,0,
NLbB,5,3,8,0.62
NLbD,0,1,1,0.0
NLbH,1,2,3,0.33
NLbJ,1,0,1,1.0
NLbK,2,0,2,1.0
NLbL,0,1,1,0.0
NLbM,8,3,11,0.73
NLbN,3,6,9,0.33
NLbP,3,3,6,0.5
NLbS,3,2,5,0.6
NLbb,0,3,3,0.0
NLbl,0,1,1,0.0
NLbm,2,5,7,0.29
NLbn,1,2,3,0.33
NLbs,5,0,5,1.0
NLhB,1,2,3,0.33
NLhH,0,1,1,0.0
NLhL,1,3,4,0.25
NLhM,0,1,1,0.0
NLhN,1,4,5,0.2
NLhP,4,1,5,0.8
NLhS,1,2,3,0.33
NLhb,1,1,2,0.5
NLhh,2,3,5,0.4
NLhl,0,1,1,0.0
NLhm,2,0,2,1.0
NLhn,0,0,0,
NLhs,3,1,4,0.75
NLjB,0,1,1,0.0
NLjK,0,0,0,
NLjM,1,1,2,0.5
NLjP,0,0,0,
NLjS,2,0,2,1.0
NLjb,1,2,3,0.33
NLjm,1,1,2,0.5
NLjn,0,1,1,0.0
NLlB,0,1,1,0.0
NLlJ,0,1,1,0.0
NLlL,0,1,1,0.0
NLlM,4,2,6,0.67
NLlN,3,0,3,1.0
NLlP,4,3,7,0.57
NLlS,1,1,2,0.5
NLlb,1,0,1,1.0
NLll,0,2,2,0.0
NLlm,0,0,0,
NLln,2,2,4,0.5
NLls,1,1,2,0.5
NLmB,3,3,6,0.5
NLmD,2,1,3,0.67
NLmH,4,8,12,0.33
NLmI,0,1,1,0.0
NLmJ,1,0,1,1.0
NLmL,2,3,5,0.4
NLmM,4,2,6,0.67
NLmN,6,2,8,0.75
NLmP,5,7,12,0.42
NLmS,0,5,5,0.0
NLmb,4,5,9,0.44
NLml,1,3,4,0.25
NLmm,5,3,8,0.62
NLmn,2,8,10,0.2
NLms,3,5,8,0.38
NLnB,3,4,7,0.43
NLnD,0,0,0,
NLnH,2,1,3,0.67
NLnI,1,1,2,0.5
NLnK,0,0,0,
NLnL,0,3,3,0.0
NLnM,2,6,8,0.25
NLnN,5,10,15,0.33
NLnP,7,6,13,0.54
NLnS,4,1,5,0.8
NLnb,6,4,10,0.6
NLnh,0,1,1,0.0
NLnl,1,0,1,1.0
NLnm,9,8,17,0.53
NLnn,9,6,15,0.6
NLns,5,0,5,1.0
NLsB,0,3,3,0.0
NLsD,3,1,4,0.75
NLsH,1,1,2,0.5
NLsL,1,3,4,0.25
NLsM,5,4,9,0.56
NLsN,1,4,5,0.2
NLsP,2,2,4,0.5
NLsS,3,3,6,0.5
NLsb,1,3,4,0.25
NLsl,0,3,3,0.0
NLsm,2,5,7,0.29
NLsn,4,4,8,0.5
NLss,1,0,1,1.0
NLtB,1,0,1,1.0
NLtM,0,1,1,0.0
NLtP,0,1,1,0.0
NLtS,0,1,1,0.0
NLtb,1,0,1,1.0
NLtn,0,1,1,0.0
NLts,1,0,1,1.0
NMBB,12,15,27,0.44
NMBD,2,3,5,0.4
NMBK,1,0,1,1.0
NMBL,1,5,6,0.17
NMBM,7,7,14,0.5
NMBN,14,20,34,0.41
NMBP,22,15,37,0.59
NMBS,3,4,7,0.43
NMBb,13,9,22,0.59
NMBh,0,1,1,0.0
NMBj,1,4,5,0.2
NMBl,2,2,4,0.5
NMBm,18,10,28,0.64
NMBn,14,20,34,0.41
NMBs,8,3,11,0.73
NMBt,0,1,1,0.0
NMDB,1,3,4,0.25
NMDD,4,0,4,1.0
NMDH,1,3,4,0.25
NMDL,1,0,1,1.0
NMDM,6,3,9,0.67
NMDN,4,4,8,0.5
NMDP,4,3,7,0.57
NMDS,4,3,7,0.57
NMDb,3,2,5,0.6
NMDl,1,1,2,0.5
NMDm,7,4,11,0.64
NMDn,4,4,8,0.5
NMDs,2,2,4,0.5
NMHm,0,1,1,0.0
NMIM,1,0,1,1.0
NMKb,1,0,1,1.0
NMKh,0,2,2,0.0
NMKm,1,0,1,1.0
NMKs,0,1,1,0.0
NMLB,7,3,10,0.7
NMLD,1,1,2,0.5
NMLM,0,3,3,0.0
NMLN,2,4,6,0.33
NMLP,2,6,8,0.25
NMLS,4,1,5,0.8
NMLb,0,2,2,0.0
NMLh,1,1,2,0.5
NMLj,0,0,0,
NMLm,7,5,12,0.58
NMLn,5,3,8,0.62
NMLs,1,6,7,0.14
NMMB,13,8,21,0.62
NMMD,5,1,6,0.83
NMMH,0,0,0,
NMML,2,2,4,0.5
NMMM,5,16,21,0.24
NMMN,8,12,20,0.4
NMMP,18,9,27,0.67
NMMS,3,3,6,0.5
NMMb,12,10,22,0.55
NMMh,5,8,13,0.38
NMMj,0,2,2,0.0
NMMl,3,4,7,0.43
NMMm,11,8,19,0.58
NMMn,14,11,25,0.56
NMMs,6,8,14,0.43
NMMt,1,1,2,0.5
NMNB,7,17,24,0.29
NMND,6,2,8,0.75
NMNH,3,0,3,1.0
NMNI,0,0,0,
NMNK,2,3,5,0.4
NMNL,5,6,11,0.45
NMNM,10,11,21,0.48
NMNN,21,12,33,0.64
NMNP,16,22,38,0.42
NMNS,7,3,10,0.7
NMNb,7,14,21,0.33
NMNh,1,8,9,0.11
NMNl,6,3,9,0.67
NMNm,18,17,35,0.51
NMNn,19,26,45,0.42
NMNs,6,3,9,0.67
NMNt,0,1,1,0.0
NMPB,7,16,23,0.3
NMPD,2,3,5,0.4
NMPH,6,4,10,0.6
NMPI,3,1,4,0.75
NMPK,3,2,5,0.6
NMPL,6,2,8,0.75
NMPM,11,16,27,0.41
NMPN,9,18,27,0.33
NMPP,19,22,41,0.46
NMPS,6,14,20,0.3
NMPb,10,14,24,0.42
NMPh,2,3,5,0.4
NMPl,8,6,14,0.57
NMPm,14,20,34,0.41
NMPn,19,12,31,0.61
NMPs,9,11,20,0.45
NMPt,1,0,1,1.0
NMSB,2,8,10,0.2
NMSD,3,1,4,0.75
NMSH,3,5,8,0.38
NMSI,1,0,1,1.0
NMSK,0,1,1,0.0
NMSL,0,3,3,0.0
NMSM,7,10,17,0.41
NMSN,5,12,17,0.29
NMSP,7,9,16,0.44
NMSS,6,7,13,0.46
NMSb,5,6,11,0.45
NMSh,2,4,6,0.33
NMSl,4,0,4,1.0
NMSm,13,12,25,0.52
NMSn,8,6,14,0.57
NMSs,6,6,12,0.5
NMSt,1,1,2,0.5
NMbB,9,7,16,0.56
NMbD,5,2,7,0.71
NMbH,3,2,5,0.6
NMbI,0,2,2,0.0
NMbJ,0,1,1,0.0
NMbK,2,2,4,0.5
NMbL,1,3,4,0.25
NMbM,8,13,21,0.38
NMbN,10,9,19,0.53
NMbP,18,10,28,0.64
NMbS,7,6,13,0.54
NMbb,7,9,16,0.44
NMbh,0,1,1,0.0
NMbl,2,3,5,0.4
NMbm,12,5,17,0.71
NMbn,15,12,27,0.56
NMbs,13,12,25,0.52
NMhB,3,7,10,0.3
NMhD,3,3,6,0.5
NMhH,5,1,6,0.83
NMhI,1,0,1,1.0
NMhL,5,3,8,0.62
NMhM,8,10,18,0.44
NMhN,3,6,9,0.33
NMhP,10,21,31,0.32
NMhS,6,5,11,0.55
NMhb,11,4,15,0.73
NMhh,7,14,21,0.33
NMhl,3,2,5,0.6
NMhm,18,9,27,0.67
NMhn,8,9,17,0.47
NMhs,6,5,11,0.55
NMht,0,1,1,0.0
NMjB,2,5,7,0.29
NMjK,1,1,2,0.5
NMjL,0,1,1,0.0
NMjM,2,0,2,1.0
NMjN,2,1,3,0.67
NMjP,0,3,3,0.0
NMjb,2,2,4,0.5
NMjl,0,0,0,
NMjm,1,4,5,0.2
NMjn,2,4,6,0.33
NMjs,0,0,0,
NMlB,1,1,2,0.5
NMlD,0,0,0,
NMlH,1,0,1,1.0
NMlJ,2,1,3,0.67
NMlK,0,0,0,
NMlL,0,2,2,0.0
NMlM,3,3,6,0.5
NMlN,3,6,9,0.33
NMlP,3,6,9,0.33
NMlS,1,2,3,0.33
NMlb,6,4,10,0.6
NMll,4,3,7,0.57
NMlm,2,3,5,0.4
NMln,1,2,3,0.33
NMls,3,1,4,0.75
NMmB,12,11,23,0.52
NMmD,9,3,12,0.75
NMmH,12,7,19,0.63
NMmI,0,1,1,0.0
NMmJ,3,3,6,0.5
NMmL,4,7,11,0.36
NMmM,13,17,30,0.43
NMmN,22,23,45,0.49
NMmP,17,13,30,0.57
NMmS,10,12,22,0.45
NMmb,16,15,31,0.52
NMmh,0,1,1,0.0
NMml,5,3,8,0.62
NMmm,20,24,44,0.45
NMmn,14,8,22,0.64
NMms,11,15,26,0.42
NMnB,10,9,19,0.53
NMnD,7,2,9,0.78
NMnH,8,4,12,0.67
NMnI,2,3,5,0.4
NMnK,3,3,6,0.5
NMnL,5,7,12,0.42
NMnM,10,12,22,0.45
NMnN,32,22,54,0.59
NMnP,22,31,53,0.42
NMnS,13,18,31,0.42
NMnb,6,13,19,0.32
NMnh,1,0,1,1.0
NMnl,3,6,9,0.33
NMnm,15,18,33,0.45
NMnn,25,17,42,0.6
NMns,14,14,28,0.5
NMsB,3,3,6,0.5
NMsD,3,1,4,0.75
NMsH,7,8,15,0.47
NMsI,0,0,0,
NMsL,4,3,7,0.57
NMsM,7,11,18,0.39
NMsN,9,14,23,0.39
NMsP,11,11,22,0.5
NMsS,9,9,18,0.5
NMsb,2,5,7,0.29
NMsh,1,0,1,1.0
NMsl,3,1,4,0.75
NMsm,7,8,15,0.47
NMsn,8,11,19,0.42
NMss,5,1,6,0.83
NMtB,2,1,3,0.67
NMtH,0,1,1,0.0
NMtM,1,2,3,0.33
NMtN,1,2,3,0.33
NMtP,1,2,3,0.33
NMtS,0,1,1,0.0
NMtb,1,1,2,0.5
NMtl,0,1,1,0.0
NMtm,1,1,2,0.5
NMtn,0,0,0,
NMts,1,1,2,0.5
NNBB,16,11,27,0.59
NNBD,3,5,8,0.38
NNBH,1,0,1,1.0
NNBK,1,4,5,0.2
NNBL,2,2,4,0.5
NNBM,7,18,25,0.28
NNBN,16,16,32,0.5
NNBP,18,21,39,0.46
NNBS,6,8,14,0.43
NNBb,8,8,16,0.5
NNBh,1,1,2,0.5
NNBj,2,1,3,0.67
NNBl,2,3,5,0.4
NNBm,9,9,18,0.5
NNBn,12,25,37,0.32
NNBs,4,2,6,0.67
NNBt,1,3,4,0.25
NNDB,2,2,4,0.5
NNDD,2,1,3,0.67
NNDH,3,4,7,0.43
NNDL,2,0,2,1.0
NNDM,6,5,11,0.55
NNDN,4,3,7,0.57
NNDP,5,5,10,0.5
NNDS,2,6,8,0.25
NNDb,2,2,4,0.5
NNDl,3,1,4,0.75
NNDm,6,3,9,0.67
NNDn,3,8,11,0.27
NNDs,2,6,8,0.25
NNDt,0,1,1,0.0
NNHB,1,3,4,0.25
NNHD,0,1,1,0.0
NNHH,1,1,2,0.5
NNHK,1,1,2,0.5
NNHM,2,2,4,0.5
NNHN,2,2,4,0.5
NNHP,4,1,5,0.8
NNHS,1,3,4,0.25
NNHb,0,3,3,0.0
NNHh,0,2,2,0.0
NNHl,1,1,2,0.5
NNHm,1,2,3,0.33
NNHn,2,1,3,0.67
NNHs,3,4,7,0.43
NNIM,1,0,1,1.0
NNIS,0,1,1,0.0
NNIs,0,1,1,0.0
NNKD,1,0,1,1.0
NNKL,0,0,0,
NNKM,2,0,2,1.0
NNKN,1,4,5,0.2
NNKP,2,2,4,0.5
NNKS,0,2,2,0.0
NNKb,1,0,1,1.0
NNKh,2,1,3,0.67
NNKl,0,0,0,
NNKm,2,1,3,0.67
NNKn,7,1,8,0.88
NNKs,2,0,2,1.0
NNLB,2,7,9,0.22
NNLD,0,3,3,0.0
NNLL,2,2,4,0.5
NNLM,4,4,8,0.5
NNLN,3,3,6,0.5
NNLP,3,4,7,0.43
NNLS,5,1,6,0.83
NNLb,4,3,7,0.57
NNLh,2,1,3,0.67
NNLj,1,0,1,1.0
NNLm,9,9,18,0.5
NNLn,3,7,10,0.3
NNLs,2,2,4,0.5
NNLt,0,0,0,
NNMB,12,13,25,0.48
NNMD,1,2,3,0.33
NNMH,0,1,1,0.0
NNML,1,3,4,0.25
NNMM,15,14,29,0.52
NNMN,22,26,48,0.46
NNMP,16,18,34,0.47
NNMS,3,5,8,0.38
NNMb,10,13,23,0.43
NNMh,12,11,23,0.52
NNMj,1,2,3,0.33
NNMl,2,2,4,0.5
NNMm,21,21,42,0.5
NNMn,19,16,35,0.54
NNMs,7,8,15,0.47
NNMt,0,1,1,0.0
NNNB,17,8,25,0.68
NNND,5,3,8,0.62
NNNH,2,6,8,0.25
NNNK,2,2,4,0.5
NNNL,6,3,9,0.67
NNNM,24,20,44,0.55
NNNN,29,27,56,0.52
NNNP,28,42,70,0.4
NNNS,15,21,36,0.42
NNNb,9,14,23,0.39
NNNh,5,8,13,0.38
NNNl,9,5,14,0.64
NNNm,23,32,55,0.42
NNNn,28,29,57,0.49
NNNs,12,16,28,0.43
NNNt,3,1,4,0.75
NNPB,19,14,33,0.58
NNPD,5,6,11,0.45
NNPH,7,2,9,0.78
NNPI,3,5,8,0.38
NNPK,1,1,2,0.5
NNPL,5,7,12,0.42
NNPM,17,25,42,0.4
NNPN,28,24,52,0.54
NNPP,44,31,75,0.59
NNPS,21,16,37,0.57
NNPb,25,20,45,0.56
NNPh,0,1,1,0.0
NNPl,11,8,19,0.58
NNPm,22,16,38,0.58
NNPn,25,25,50,0.5
NNPs,7,19,26,0.27
NNPt,1,1,2,0.5
NNSB,7,17,24,0.29
NNSD,4,4,8,0.5
NNSH,3,2,5,0.6
NNSK,2,0,2,1.0
NNSL,6,4,10,0.6
NNSM,8,11,19,0.42
NNSN,13,12,25,0.52
NNSP,10,19,29,0.34
NNSS,14,23,37,0.38
NNSb,6,6,12,0.5
NNSh,5,7,12,0.42
NNSl,3,5,8,0.38
NNSm,8,13,21,0.38
NNSn,9,12,21,0.43
NNSs,14,17,31,0.45
NNSt,2,0,2,1.0
NNbB,11,7,18,0.61
NNbD,2,2,4,0.5
NNbH,2,2,4,0.5
NNbJ,3,2,5,0.6
NNbK,5,3,8,0.62
NNbL,4,8,12,0.33
NNbM,14,13,27,0.52
NNbN,19,20,39,0.49
NNbP,15,7,22,0.68
NNbS,10,4,14,0.71
NNbb,9,11,20,0.45
NNbl,4,3,7,0.57
NNbm,6,11,17,0.35
NNbn,13,12,25,0.52
NNbs,8,5,13,0.62
NNhB,2,3,5,0.4
NNhD,3,0,3,1.0
NNhH,0,2,2,0.0
NNhK,0,1,1,0.0
NNhL,1,0,1,1.0
NNhM,1,4,5,0.2
NNhN,4,3,7,0.57
NNhP,6,5,11,0.55
NNhS,3,2,5,0.6
NNhb,5,1,6,0.83
NNhh,5,4,9,0.56
NNhl,1,3,4,0.25
NNhm,8,5,13,0.62
NNhn,5,4,9,0.56
NNhs,3,2,5,0.6
NNht,0,1,1,0.0
NNlB,2,1,3,0.67
NNlH,3,3,6,0.5
NNlI,1,0,1,1.0
NNlJ,2,1,3,0.67
NNlL,3,2,5,0.6
NNlM,1,9,10,0.1
NNlN,7,4,11,0.64
NNlP,5,3,8,0.62
NNlS,5,2,7,0.71
NNlb,1,5,6,0.17
NNll,3,2,5,0.6
NNlm,6,6,12,0.5
NNln,4,5,9,0.44
NNls,2,1,3,0.67
NNmB,13,9,22,0.59
NNmD,8,3,11,0.73
NNmH,14,20,34,0.41
NNmI,2,2,4,0.5
NNmJ,2,3,5,0.4
NNmL,5,5,10,0.5
NNmM,23,26,49,0.47
NNmN,22,19,41,0.54
NNmP,22,15,37,0.59
NNmS,11,8,19,0.58
NNmb,13,7,20,0.65
NNml,3,2,5,0.6
NNmm,22,19,41,0.54
NNmn,25,12,37,0.68
NNms,12,8,20,0.6
NNnB,14,17,31,0.45
NNnD,7,8,15,0.47
NNnH,15,14,29,0.52
NNnI,0,4,4,0.0
NNnK,2,1,3,0.67
NNnL,6,13,19,0.32
NNnM,16,20,36,0.44
NNnN,35,27,62,0.56
NNnP,33,23,56,0.59
NNnS,13,17,30,0.43
NNnb,22,20,42,0.52
NNnh,0,1,1,0.0
NNnl,5,4,9,0.56
NNnm,28,31,59,0.47
NNnn,29,26,55,0.53
NNns,13,22,35,0.37
NNsB,4,4,8,0.5
NNsD,5,6,11,0.45
NNsH,13,15,28,0.46
NNsI,0,2,2,0.0
NNsL,7,5,12,0.58
NNsM,9,12,21,0.43
NNsN,8,12,20,0.4
NNsP,15,11,26,0.58
NNsS,9,11,20,0.45
NNsb,8,9,17,0.47
NNsh,1,0,1,1.0
NNsl,3,4,7,0.43
NNsm,11,14,25,0.44
NNsn,12,7,19,0.63
NNss,9,10,19,0.47
NNst,0,1,1,0.0
NNtB,0,1,1,0.0
NNtD,0,1,1,0.0
NNtH,1,2,3,0.33
NNtL,2,0,2,1.0
NNtM,1,0,1,1.0
NNtN,4,4,8,0.5
NNtP,1,1,2,0.5
NNtS,2,4,6,0.33
NNtb,1,0,1,1.0
NNtl,0,1,1,0.0
NNtm,0,4,4,0.0
NNtn,3,3,6,0.5
NNts,1,2,3,0.33
NNtt,0,1,1,0.0
NPBB,14,17,31,0.45
NPBD,4,2,6,0.67
NPBH,0,1,1,0.0
NPBK,1,4,5,0.2
NPBL,4,5,9,0.44
NPBM,13,14,27,0.48
NPBN,17,20,37,0.46
NPBP,17,26,43,0.4
NPBS,12,7,19,0.63
NPBb,13,13,26,0.5
NPBh,0,0,0,
NPBj,3,3,6,0.5
NPBl,4,3,7,0.57
NPBm,23,6,29,0.79
NPBn,21,20,41,0.51
NPBs,4,6,10,0.4
NPBt,2,1,3,0.67
NPDB,4,0,4,1.0
NPDD,2,2,4,0.5
NPDH,4,6,10,0.4
NPDL,3,1,4,0.75
NPDM,4,6,10,0.4
NPDN,3,3,6,0.5
NPDP,6,7,13,0.46
NPDS,2,3,5,0.4
NPDb,5,3,8,0.62
NPDl,1,2,3,0.33
NPDm,7,3,10,0.7
NPDn,4,4,8,0.5
NPDs,6,1,7,0.86
NPDt,1,0,1,1.0
NPHB,5,7,12,0.42
NPHD,2,2,4,0.5
NPHH,0,1,1,0.0
NPHI,0,1,1,0.0
NPHL,0,1,1,0.0
NPHM,6,5,11,0.55
NPHN,4,3,7,0.57
NPHP,6,7,13,0.46
NPHS,4,3,7,0.57
NPHb,4,5,9,0.44
NPHh,1,4,5,0.2
NPHl,0,1,1,0.0
NPHm,6,4,10,0.6
NPHn,3,12,15,0.2
NPHs,4,3,7,0.57
NPID,2,1,3,0.67
NPIH,1,2,3,0.33
NPIL,1,1,2,0.5
NPIM,2,3,5,0.4
NPIN,1,2,3,0.33
NPIP,5,3,8,0.62
NPIS,1,1,2,0.5
NPIb,2,4,6,0.33
NPIm,1,5,6,0.17
NPIn,3,1,4,0.75
NPIs,2,1,3,0.67
NPIt,0,1,1,0.0
NPKB,1,0,1,1.0
NPKD,1,0,1,1.0
NPKH,1,0,1,1.0
NPKL,0,2,2,0.0
NPKM,5,1,6,0.83
NPKN,1,3,4,0.25
NPKP,3,4,7,0.43
NPKS,2,1,3,0.67
NPKb,3,5,8,0.38
NPKh,0,4,4,0.0
NPKl,0,3,3,0.0
NPKm,5,2,7,0.71
NPKn,3,3,6,0.5
NPKs,0,0,0,
NPKt,1,0,1,1.0
NPLB,5,13,18,0.28
NPLD,2,1,3,0.67
NPLL,6,6,12,0.5
NPLM,3,4,7,0.43
NPLN,11,5,16,0.69
NPLP,13,7,20,0.65
NPLS,5,4,9,0.56
NPLb,7,4,11,0.64
NPLh,1,0,1,1.0
NPLj,1,0,1,1.0
NPLl,4,6,10,0.4
NPLm,7,11,18,0.39
NPLn,10,11,21,0.48
NPLs,5,7,12,0.42
NPLt,0,1,1,0.0
NPMB,13,20,33,0.39
NPMD,9,2,11,0.82
NPMH,0,0,0,
NPMI,1,0,1,1.0
NPML,5,3,8,0.62
NPMM,9,21,30,0.3
NPMN,13,16,29,0.45
NPMP,25,25,50,0.5
NPMS,10,8,18,0.56
NPMb,11,11,22,0.5
NPMh,11,23,34,0.32
NPMj,4,0,4,1.0
NPMl,4,3,7,0.57
NPMm,30,23,53,0.57
NPMn,17,23,40,0.42
NPMs,16,11,27,0.59
NPMt,3,1,4,0.75
NPNB,16,26,42,0.38
NPND,2,6,8,0.25
NPNH,4,4,8,0.5
NPNK,2,4,6,0.33
NPNL,10,9,19,0.53
NPNM,22,24,46,0.48
NPNN,23,28,51,0.45
NPNP,27,28,55,0.49
NPNS,19,16,35,0.54
NPNb,10,14,24,0.42
NPNh,9,5,14,0.64
NPNl,12,6,18,0.67
NPNm,26,13,39,0.67
NPNn,23,23,46,0.5
NPNs,15,22,37,0.41
NPNt,0,2,2,0.0
NPPB,23,17,40,0.57
NPPD,3,3,6,0.5
NPPH,6,5,11,0.55
NPPI,1,0,1,1.0
NPPK,3,5,8,0.38
NPPL,10,11,21,0.48
NPPM,29,39,68,0.43
NPPN,26,26,52,0.5
NPPP,38,37,75,0.51
NPPS,17,16,33,0.52
NPPb,20,20,40,0.5
NPPh,2,4,6,0.33
NPPl,11,14,25,0.44
NPPm,30,21,51,0.59
NPPn,32,17,49,0.65
NPPs,21,18,39,0.54
NPPt,5,1,6,0.83
NPSB,6,11,17,0.35
NPSD,2,3,5,0.4
NPSH,3,5,8,0.38
NPSK,0,2,2,0.0
NPSL,10,5,15,0.67
NPSM,11,15,26,0.42
NPSN,20,19,39,0.51
NPSP,10,18,28,0.36
NPSS,11,17,28,0.39
NPSb,15,7,22,0.68
NPSh,7,10,17,0.41
NPSl,12,3,15,0.8
NPSm,21,14,35,0.6
NPSn,17,20,37,0.46
NPSs,17,17,34,0.5
NPSt,0,1,1,0.0
NPbB,7,12,19,0.37
NPbD,4,0,4,1.0
NPbH,2,5,7,0.29
NPbI,0,1,1,0.0
NPbJ,1,2,3,0.33
NPbK,1,0,1,1.0
NPbL,3,5,8,0.38
NPbM,13,18,31,0.42
NPbN,24,23,47,0.51
NPbP,22,22,44,0.5
NPbS,10,6,16,0.62
NPbb,18,8,26,0.69
NPbl,5,7,12,0.42
NPbm,9,13,22,0.41
NPbn,18,17,35,0.51
NPbs,9,8,17,0.53
NPhB,3,0,3,1.0
NPhD,0,1,1,0.0
NPhH,1,0,1,1.0
NPhM,1,1,2,0.5
NPhN,2,2,4,0.5
NPhP,3,3,6,0.5
NPhS,2,2,4,0.5
NPhb,2,1,3,0.67
NPhh,2,0,2,1.0
NPhm,3,7,10,0.3
NPhn,3,0,3,1.0
NPhs,3,2,5,0.6
NPlB,7,10,17,0.41
NPlD,1,1,2,0.5
NPlH,2,7,9,0.22
NPlI,0,1,1,0.0
NPlJ,2,2,4,0.5
NPlL,5,5,10,0.5
NPlM,11,10,21,0.52
NPlN,7,7,14,0.5
NPlP,7,3,10,0.7
NPlS,2,5,7,0.29
NPlb,12,3,15,0.8
NPll,2,2,4,0.5
NPlm,8,4,12,0.67
NPln,8,7,15,0.53
NPls,0,1,1,0.0
NPmB,15,20,35,0.43
NPmD,12,14,26,0.46
NPmH,13,14,27,0.48
NPmI,0,2,2,0.0
NPmJ,4,2,6,0.67
NPmK,0,1,1,0.0
NPmL,9,8,17,0.53
NPmM,13,29,42,0.31
NPmN,27,27,54,0.5
NPmP,18,31,49,0.37
NPmS,17,14,31,0.55
NPmb,20,23,43,0.47
NPml,2,5,7,0.29
NPmm,26,19,45,0.58
NPmn,21,17,38,0.55
NPms,8,8,16,0.5
NPnB,9,15,24,0.38
NPnD,1,2,3,0.33
NPnH,11,6,17,0.65
NPnI,2,4,6,0.33
NPnK,2,1,3,0.67
NPnL,11,6,17,0.65
NPnM,18,19,37,0.49
NPnN,23,35,58,0.4
NPnP,22,36,58,0.38
NPnS,13,15,28,0.46
NPnb,16,13,29,0.55
NPnh,0,1,1,0.0
NPnl,9,7,16,0.56
NPnm,32,24,56,0.57
NPnn,17,17,34,0.5
NPns,11,13,24,0.46
NPsB,4,5,9,0.44
NPsD,6,1,7,0.86
NPsH,13,16,29,0.45
NPsI,1,4,5,0.2
NPsL,5,5,10,0.5
NPsM,16,16,32,0.5
NPsN,15,9,24,0.62
NPsP,21,10,31,0.68
NPsS,9,13,22,0.41
NPsb,5,5,10,0.5
NPsh,4,1,5,0.8
NPsl,5,6,11,0.45
NPsm,15,16,31,0.48
NPsn,14,3,17,0.82
NPss,13,15,28,0.46
NPst,0,1,1,0.0
NPtB,0,0,0,
NPtD,0,0,0,
NPtH,1,0,1,1.0
NPtL,1,1,2,0.5
NPtM,1,1,2,0.5
NPtN,3,1,4,0.75
NPtP,0,1,1,0.0
NPtS,2,2,4,0.5
NPtb,2,1,3,0.67
NPtm,2,2,4,0.5
NPtn,2,1,3,0.67
NPts,1,1,2,0.5
NSBB,8,11,19,0.42
NSBD,2,0,2,1.0
NSBK,0,1,1,0.0
NSBL,0,3,3,0.0
NSBM,3,5,8,0.38
NSBN,9,11,20,0.45
NSBP,19,13,32,0.59
NSBS,7,5,12,0.58
NSBb,4,8,12,0.33
NSBh,1,0,1,1.0
NSBj,1,1,2,0.5
NSBl,1,2,3,0.33
NSBm,11,10,21,0.52
NSBn,5,11,16,0.31
NSBs,1,3,4,0.25
NSBt,0,4,4,0.0
NSDB,2,4,6,0.33
NSDD,1,0,1,1.0
NSDH,4,5,9,0.44
NSDL,0,1,1,0.0
NSDM,2,2,4,0.5
NSDN,0,2,2,0.0
NSDP,3,4,7,0.43
NSDS,2,5,7,0.29
NSDb,3,3,6,0.5
NSDl,1,2,3,0.33
NSDm,5,5,10,0.5
NSDn,4,1,5,0.8
NSDs,0,2,2,0.0
NSHB,1,2,3,0.33
NSHD,0,2,2,0.0
NSHH,2,0,2,1.0
NSHK,0,1,1,0.0
NSHL,2,0,2,1.0
NSHM,3,4,7,0.43
NSHN,6,6,12,0.5
NSHP,4,1,5,0.8
NSHS,4,6,10,0.4
NSHb,4,2,6,0.67
NSHh,0,0,0,
NSHl,1,3,4,0.25
NSHm,6,4,10,0.6
NSHn,1,1,2,0.5
NSHs,3,1,4,0.75
NSHt,0,1,1,0.0
NSIM,0,1,1,0.0
NSIP,0,0,0,
NSIm,0,1,1,0.0
NSKB,1,2,3,0.33
NSKL,1,0,1,1.0
NSKb,1,0,1,1.0
NSKh,1,0,1,1.0
NSKm,1,1,2,0.5
NSKn,0,1,1,0.0
NSLB,5,1,6,0.83
NSLL,2,0,2,1.0
NSLM,4,4,8,0.5
NSLN,2,3,5,0.4
NSLP,8,3,11,0.73
NSLS,5,2,7,0.71
NSLb,1,3,4,0.25
NSLh,1,0,1,1.0
NSLj,1,1,2,0.5
NSLl,0,2,2,0.0
NSLm,6,4,10,0.6
NSLn,5,1,6,0.83
NSLs,0,1,1,0.0
NSLt,3,0,3,1.0
NSMB,6,13,19,0.32
NSMD,2,1,3,0.67
NSML,4,2,6,0.67
NSMM,6,14,20,0.3
NSMN,8,13,21,0.38
NSMP,9,13,22,0.41
NSMS,9,6,15,0.6
NSMb,9,10,19,0.47
NSMh,10,9,19,0.53
NSMj,1,1,2,0.5
NSMl,4,2,6,0.67
NSMm,10,7,17,0.59
NSMn,10,15,25,0.4
NSMs,6,9,15,0.4
NSNB,5,8,13,0.38
NSND,1,1,2,0.5
NSNH,2,2,4,0.5
NSNK,2,1,3,0.67
NSNL,2,1,3,0.67
NSNM,11,7,18,0.61
NSNN,21,15,36,0.58
NSNP,20,15,35,0.57
NSNS,9,9,18,0.5
NSNb,8,3,11,0.73
NSNh,1,3,4,0.25
NSNl,2,2,4,0.5
NSNm,5,11,16,0.31
NSNn,9,14,23,0.39
NSNs,11,8,19,0.58
NSNt,2,0,2,1.0
NSPB,8,9,17,0.47
NSPD,2,2,4,0.5
NSPH,4,3,7,0.57
NSPK,1,3,4,0.25
NSPL,3,6,9,0.33
NSPM,11,11,22,0.5
NSPN,22,18,40,0.55
NSPP,22,26,48,0.46
NSPS,6,3,9,0.67
NSPb,7,15,22,0.32
NSPh,2,4,6,0.33
NSPl,3,3,6,0.5
NSPm,17,17,34,0.5
NSPn,6,19,25,0.24
NSPs,7,18,25,0.28
NSPt,1,1,2,0.5
NSSB,8,6,14,0.57
NSSD,1,3,4,0.25
NSSH,7,3,10,0.7
NSSI,0,0,0,
NSSK,0,2,2,0.0
NSSL,3,4,7,0.43
NSSM,15,11,26,0.58
NSSN,15,12,27,0.56
NSSP,11,12,23,0.48
NSSS,13,11,24,0.54
NSSb,7,6,13,0.54
NSSh,2,7,9,0.22
NSSl,2,6,8,0.25
NSSm,11,7,18,0.61
NSSn,10,21,31,0.32
NSSs,10,9,19,0.53
NSSt,0,1,1,0.0
NSbB,2,5,7,0.29
NSbD,1,1,2,0.5
NSbH,0,2,2,0.0
NSbJ,0,1,1,0.0
NSbK,1,2,3,0.33
NSbL,2,3,5,0.4
NSbM,4,7,11,0.36
NSbN,10,7,17,0.59
NSbP,7,5,12,0.58
NSbS,4,3,7,0.57
NSbb,8,4,12,0.67
NSbl,1,2,3,0.33
NSbm,6,5,11,0.55
NSbn,9,8,17,0.53
NSbs,0,8,8,0.0
NShB,4,4,8,0.5
NShD,2,2,4,0.5
NShH,4,1,5,0.8
NShI,1,1,2,0.5
NShL,0,1,1,0.0
NShM,4,10,14,0.29
NShN,8,5,13,0.62
NShP,6,5,11,0.55
NShS,6,9,15,0.4
NShb,3,3,6,0.5
NShh,4,4,8,0.5
NShl,1,2,3,0.33
NShm,9,7,16,0.56
NShn,3,6,9,0.33
NShs,2,8,10,0.2
NSlB,1,2,3,0.33
NSlD,0,1,1,0.0
NSlH,2,1,3,0.67
NSlJ,2,1,3,0.67
NSlK,0,2,2,0.0
NSlL,1,1,2,0.5
NSlM,2,4,6,0.33
NSlN,5,1,6,0.83
NSlP,1,3,4,0.25
NSlS,1,2,3,0.33
NSlb,3,2,5,0.6
NSll,2,0,2,1.0
NSlm,2,6,8,0.25
NSln,2,3,5,0.4
NSls,0,1,1,0.0
NSmB,7,9,16,0.44
NSmD,5,5,10,0.5
NSmH,6,6,12,0.5
NSmJ,2,1,3,0.67
NSmK,1,0,1,1.0
NSmL,4,1,5,0.8
NSmM,6,13,19,0.32
NSmN,10,22,32,0.31
NSmP,11,13,24,0.46
NSmS,9,7,16,0.56
NSmb,9,7,16,0.56
NSml,3,2,5,0.6
NSmm,13,23,36,0.36
NSmn,10,13,23,0.43
NSms,4,5,9,0.44
NSnB,8,5,13,0.62
NSnD,5,2,7,0.71
NSnH,4,4,8,0.5
NSnI,1,1,2,0.5
NSnK,2,3,5,0.4
NSnL,5,6,11,0.45
NSnM,11,11,22,0.5
NSnN,15,18,33,0.45
NSnP,12,19,31,0.39
NSnS,8,10,18,0.44
NSnb,9,4,13,0.69
NSnh,0,1,1,0.0
NSnl,2,0,2,1.0
NSnm,10,10,20,0.5
NSnn,13,8,21,0.62
NSns,7,11,18,0.39
NSsB,11,3,14,0.79
NSsD,4,4,8,0.5
NSsH,10,4,14,0.71
NSsI,1,2,3,0.33
NSsL,4,5,9,0.44
NSsM,10,12,22,0.45
NSsN,10,11,21,0.48
NSsP,16,13,29,0.55
NSsS,7,10,17,0.41
NSsb,7,8,15,0.47
NSsh,0,1,1,0.0
NSsl,2,2,4,0.5
NSsm,12,6,18,0.67
NSsn,10,4,14,0.71
NSss,12,9,21,0.57
NStB,0,4,4,0.0
NStH,0,2,2,0.0
NStL,1,0,1,1.0
NStM,0,1,1,0.0
NStN,1,1,2,0.5
NStP,0,0,0,
NStS,1,2,3,0.33
NStb,1,1,2,0.5
NStn,1,2,3,0.33
NSts,1,1,2,0.5
NbBB,5,3,8,0.62
NbBD,2,4,6,0.33
NbBK,1,2,3,0.33
NbBL,1,4,5,0.2
NbBM,8,5,13,0.62
NbBN,9,10,19,0.47
NbBP,12,10,22,0.55
NbBS,3,3,6,0.5
NbBb,7,6,13,0.54
NbBh,1,0,1,1.0
NbBj,4,1,5,0.8
NbBl,1,2,3,0.33
NbBm,6,4,10,0.6
NbBn,20,18,38,0.53
NbBs,2,2,4,0.5
NbBt,0,1,1,0.0
NbDB,0,0,0,
NbDD,1,0,1,1.0
NbDH,1,1,2,0.5
NbDL,0,1,1,0.0
NbDM,2,1,3,0.67
NbDN,1,3,4,0.25
NbDP,1,2,3,0.33
NbDS,2,2,4,0.5
NbDb,2,0,2,1.0
NbDl,0,0,0,
NbDm,3,3,6,0.5
NbDn,5,1,6,0.83
NbDs,2,0,2,1.0
NbHB,1,1,2,0.5
NbHI,0,1,1,0.0
NbHK,0,2,2,0.0
NbHL,1,1,2,0.5
NbHM,4,1,5,0.8
NbHN,4,5,9,0.44
NbHP,2,1,3,0.67
NbHS,2,2,4,0.5
NbHb,2,2,4,0.5
NbHh,2,0,2,1.0
NbHm,4,4,8,0.5
NbHn,4,4,8,0.5
NbHs,0,2,2,0.0
NbII,1,0,1,1.0
NbIM,0,2,2,0.0
NbIN,1,1,2,0.5
NbIP,0,0,0,
NbIS,0,2,2,0.0
NbIb,1,0,1,1.0
NbIl,1,0,1,1.0
NbIm,2,1,3,0.67
NbIn,1,0,1,1.0
NbIs,1,0,1,1.0
NbJB,2,4,6,0.33
NbJH,3,1,4,0.75
NbJI,1,0,1,1.0
NbJL,1,0,1,1.0
NbJM,2,2,4,0.5
NbJN,2,3,5,0.4
NbJP,2,3,5,0.4
NbJS,3,1,4,0.75
NbJb,3,2,5,0.6
NbJl,0,1,1,0.0
NbJm,4,1,5,0.8
NbJn,1,1,2,0.5
NbJs,1,1,2,0.5
NbKB,1,2,3,0.33
NbKI,0,1,1,0.0
NbKL,2,0,2,1.0
NbKM,2,2,4,0.5
NbKN,2,0,2,1.0
NbKP,2,2,4,0.5
NbKS,1,2,3,0.33
NbKb,3,2,5,0.6
NbKh,0,0,0,
NbKl,2,0,2,1.0
NbKm,3,4,7,0.43
NbKs,1,2,3,0.33
NbLB,3,2,5,0.6
NbLK,1,0,1,1.0
NbLL,2,2,4,0.5
NbLM,4,3,7,0.57
NbLN,5,2,7,0.71
NbLP,6,8,14,0.43
NbLS,1,1,2,0.5
NbLb,6,4,10,0.6
NbLh,2,1,3,0.67
NbLj,1,1,2,0.5
NbLl,3,1,4,0.75
NbLm,6,3,9,0.67
NbLn,4,3,7,0.57
NbLs,4,2,6,0.67
NbMB,6,12,18,0.33
NbMD,1,3,4,0.25
NbML,1,3,4,0.25
NbMM,10,10,20,0.5
NbMN,12,12,24,0.5
NbMP,15,11,26,0.58
NbMS,5,8,13,0.38
NbMb,9,5,14,0.64
NbMh,6,4,10,0.6
NbMj,1,0,1,1.0
NbMl,1,1,2,0.5
NbMm,11,12,23,0.48
NbMn,16,5,21,0.76
NbMs,5,6,11,0.45
NbMt,1,0,1,1.0
NbNB,9,12,21,0.43
NbND,1,3,4,0.25
NbNH,1,5,6,0.17
NbNK,0,3,3,0.0
NbNL,7,3,10,0.7
NbNM,14,11,25,0.56
NbNN,14,10,24,0.58
NbNP,11,17,28,0.39
NbNS,12,10,22,0.55
NbNb,12,9,21,0.57
NbNh,4,2,6,0.67
NbNl,8,9,17,0.47
NbNm,16,12,28,0.57
NbNn,13,13,26,0.5
NbNs,10,10,20,0.5
NbNt,2,3,5,0.4
NbPB,10,11,21,0.48
NbPD,2,4,6,0.33
NbPH,3,2,5,0.6
NbPI,1,0,1,1.0
NbPK,1,2,3,0.33
NbPL,6,6,12,0.5
NbPM,19,18,37,0.51
NbPN,9,12,21,0.43
NbPP,17,11,28,0.61
NbPS,13,9,22,0.59
NbPb,12,9,21,0.57
NbPh,0,3,3,0.0
NbPl,2,0,2,1.0
NbPm,10,11,21,0.48
NbPn,11,10,21,0.52
NbPs,5,5,10,0.5
NbPt,3,0,3,1.0
NbSB,4,2,6,0.67
NbSD,3,0,3,1.0
NbSH,2,3,5,0.4
NbSK,1,0,1,1.0
NbSL,1,2,3,0.33
NbSM,7,7,14,0.5
NbSN,7,6,13,0.54
NbSP,7,1,8,0.88
NbSS,6,6,12,0.5
NbSb,7,5,12,0.58
NbSh,6,2,8,0.75
NbSl,2,0,2,1.0
NbSm,4,5,9,0.44
NbSn,9,4,13,0.69
NbSs,6,5,11,0.55
NbSt,1,0,1,1.0
NbbB,8,7,15,0.53
NbbD,2,3,5,0.4
NbbH,0,1,1,0.0
NbbJ,1,3,4,0.25
NbbK,1,1,2,0.5
NbbL,4,6,10,0.4
NbbM,10,6,16,0.62
NbbN,11,12,23,0.48
NbbP,16,14,30,0.53
NbbS,2,5,7,0.29
Nbbb,10,8,18,0.56
Nbbl,1,2,3,0.33
Nbbm,13,13,26,0.5
Nbbn,5,9,14,0.36
Nbbs,5,4,9,0.56
NbhP,1,0,1,1.0
NblB,5,2,7,0.71
NblD,0,1,1,0.0
NblH,1,0,1,1.0
NblJ,1,0,1,1.0
NblK,0,1,1,0.0
NblL,0,1,1,0.0
NblM,1,1,2,0.5
NblN,2,0,2,1.0
NblP,1,5,6,0.17
NblS,0,2,2,0.0
Nblb,2,3,5,0.4
Nbll,1,2,3,0.33
Nblm,7,2,9,0.78
Nbln,2,3,5,0.4
Nbls,0,2,2,0.0
NbmB,8,9,17,0.47
NbmD,4,3,7,0.57
NbmH,5,15,20,0.25
NbmI,0,1,1,0.0
NbmJ,2,3,5,0.4
NbmK,0,1,1,0.0
NbmL,2,2,4,0.5
NbmM,8,22,30,0.27
NbmN,8,10,18,0.44
NbmP,6,16,22,0.27
NbmS,3,7,10,0.3
Nbmb,7,9,16,0.44
Nbml,4,4,8,0.5
Nbmm,8,2,10,0.8
Nbmn,7,11,18,0.39
Nbms,2,4,6,0.33
NbnB,8,10,18,0.44
NbnD,3,1,4,0.75
NbnH,1,4,5,0.2
NbnI,2,1,3,0.67
NbnK,1,1,2,0.5
NbnL,2,2,4,0.5
NbnM,11,9,20,0.55
NbnN,14,19,33,0.42
NbnP,18,17,35,0.51
NbnS,7,10,17,0.41
Nbnb,9,11,20,0.45
Nbnh,0,1,1,0.0
Nbnl,4,3,7,0.57
Nbnm,17,11,28,0.61
Nbnn,17,9,26,0.65
Nbns,6,4,10,0.6
NbsB,10,7,17,0.59
NbsD,2,0,2,1.0
NbsH,3,10,13,0.23
NbsI,0,2,2,0.0
NbsL,0,3,3,0.0
NbsM,7,6,13,0.54
NbsN,4,2,6,0.67
NbsP,5,2,7,0.71
NbsS,7,3,10,0.7
Nbsb,2,2,4,0.5
Nbsh,0,0,0,
Nbsl,2,1,3,0.67
Nbsm,7,6,13,0.54
Nbsn,4,4,8,0.5
Nbss,5,1,6,0.83
NbtM,0,0,0,
NhBB,2,4,6,0.33
NhBK,1,2,3,0.33
NhBL,0,3,3,0.0
NhBM,2,1,3,0.67
NhBN,3,7,10,0.3
NhBP,5,6,11,0.45
NhBS,2,0,2,1.0
NhBb,1,3,4,0.25
NhBh,0,1,1,0.0
NhBj,1,0,1,1.0
NhBl,0,0,0,
NhBm,3,2,5,0.6
NhBn,6,3,9,0.67
NhBs,4,2,6,0.67
NhBt,1,0,1,1.0
NhDB,1,0,1,1.0
NhDD,2,1,3,0.67
NhDK,0,0,0,
NhDM,3,2,5,0.6
NhDN,2,3,5,0.4
NhDP,1,0,1,1.0
NhDS,0,2,2,0.0
NhDb,0,1,1,0.0
NhDm,0,2,2,0.0
NhDn,1,1,2,0.5
NhDs,1,1,2,0.5
NhHH,1,0,1,1.0
NhHK,0,0,0,
NhHM,2,1,3,0.67
NhHN,1,0,1,1.0
NhHP,0,1,1,0.0
NhHS,1,0,1,1.0
NhHb,1,1,2,0.5
NhHh,1,1,2,0.5
NhHl,1,0,1,1.0
NhHn,0,3,3,0.0
NhIH,0,1,1,0.0
NhIP,0,1,1,0.0
NhIl,1,0,1,1.0
NhIn,0,1,1,0.0
NhIs,2,0,2,1.0
NhKN,0,1,1,0.0
NhKm,1,1,2,0.5
NhLB,2,1,3,0.67
NhLD,1,0,1,1.0
NhLL,0,1,1,0.0
NhLM,0,0,0,
NhLN,1,0,1,1.0
NhLP,0,1,1,0.0
NhLS,0,1,1,0.0
NhLb,2,1,3,0.67
NhLh,1,0,1,1.0
NhLl,1,0,1,1.0
NhLm,3,1,4,0.75
NhLn,0,4,4,0.0
NhLs,2,2,4,0.5
NhMB,1,5,6,0.17
NhMD,1,0,1,1.0
NhML,1,1,2,0.5
NhMM,1,5,6,0.17
NhMN,1,4,5,0.2
NhMP,4,5,9,0.44
NhMS,2,0,2,1.0
NhMb,3,4,7,0.43
NhMh,3,2,5,0.6
NhMj,0,0,0,
NhMl,2,1,3,0.67
NhMm,6,3,9,0.67
NhMn,3,2,5,0.6
NhMs,3,1,4,0.75
NhNB,2,1,3,0.67
NhND,1,4,5,0.2
NhNH,0,1,1,0.0
NhNK,3,1,4,0.75
NhNL,1,1,2,0.5
NhNM,4,1,5,0.8
NhNN,2,4,6,0.33
NhNP,10,8,18,0.56
NhNS,5,1,6,0.83
NhNb,2,4,6,0.33
NhNh,1,1,2,0.5
NhNl,1,0,1,1.0
NhNm,3,4,7,0.43
NhNn,5,6,11,0.45
NhNs,1,2,3,0.33
NhNt,3,0,3,1.0
NhPB,2,3,5,0.4
NhPD,2,1,3,0.67
NhPH,2,1,3,0.67
NhPI,0,2,2,0.0
NhPK,0,1,1,0.0
NhPL,1,2,3,0.33
NhPM,5,2,7,0.71
NhPN,1,5,6,0.17
NhPP,9,5,14,0.64
NhPS,3,2,5,0.6
NhPb,3,5,8,0.38
NhPh,1,2,3,0.33
NhPl,2,1,3,0.67
NhPm,3,5,8,0.38
NhPn,7,6,13,0.54
NhPs,6,5,11,0.55
NhPt,1,1,2,0.5
NhSB,6,0,6,1.0
NhSD,1,1,2,0.5
NhSH,4,4,8,0.5
NhSL,3,2,5,0.6
NhSM,1,5,6,0.17
NhSN,3,3,6,0.5
NhSP,2,3,5,0.4
NhSS,4,3,7,0.57
NhSb,4,2,6,0.67
NhSh,1,3,4,0.25
NhSl,0,2,2,0.0
NhSm,2,3,5,0.4
NhSn,4,2,6,0.67
NhSs,5,3,8,0.62
NhbB,7,3,10,0.7
NhbD,0,2,2,0.0
NhbI,1,1,2,0.5
NhbJ,0,1,1,0.0
NhbK,1,0,1,1.0
NhbL,1,2,3,0.33
NhbM,1,2,3,0.33
NhbN,8,3,11,0.73
NhbP,0,4,4,0.0
NhbS,3,0,3,1.0
Nhbb,3,3,6,0.5
Nhbl,1,3,4,0.25
Nhbm,2,2,4,0.5
Nhbn,2,2,4,0.5
Nhbs,0,1,1,0.0
NhhB,1,3,4,0.25
NhhD,2,1,3,0.67
NhhL,2,0,2,1.0
NhhM,6,4,10,0.6
NhhN,1,4,5,0.2
NhhP,5,5,10,0.5
NhhS,4,6,10,0.4
Nhhb,2,3,5,0.4
Nhhh,1,4,5,0.2
Nhhl,2,2,4,0.5
Nhhm,3,1,4,0.75
Nhhn,4,8,12,0.33
Nhhs,3,2,5,0.6
NhlK,0,1,1,0.0
NhlM,2,2,4,0.5
NhlN,2,1,3,0.67
NhlP,1,4,5,0.2
NhlS,0,1,1,0.0
Nhlb,0,2,2,0.0
Nhll,0,1,1,0.0
Nhlm,1,1,2,0.5
Nhln,1,2,3,0.33
Nhls,1,0,1,1.0
NhmB,1,8,9,0.11
NhmD,1,1,2,0.5
NhmH,2,4,6,0.33
NhmI,0,0,0,
NhmJ,2,0,2,1.0
NhmK,0,1,1,0.0
NhmL,1,0,1,1.0
NhmM,1,7,8,0.12
NhmN,5,7,12,0.42
NhmP,7,1,8,0.88
NhmS,2,4,6,0.33
Nhmb,1,4,5,0.2
Nhml,2,0,2,1.0
Nhmm,4,3,7,0.57
Nhmn,5,2,7,0.71
Nhms,2,0,2,1.0
NhnB,1,1,2,0.5
NhnD,0,0,0,
NhnH,3,4,7,0.43
NhnI,0,0,0,
NhnK,0,0,0,
NhnL,0,0,0,
NhnM,3,4,7,0.43
NhnN,4,10,14,0.29
NhnP,4,9,13,0.31
NhnS,0,1,1,0.0
Nhnb,2,2,4,0.5
Nhnl,1,0,1,1.0
Nhnm,8,6,14,0.57
Nhnn,5,4,9,0.56
Nhns,3,3,6,0.5
NhsB,4,2,6,0.67
NhsD,1,2,3,0.33
NhsH,0,5,5,0.0
NhsI,1,0,1,1.0
NhsL,1,0,1,1.0
NhsM,4,3,7,0.57
NhsN,3,3,6,0.5
NhsP,5,3,8,0.62
NhsS,6,4,10,0.6
Nhsb,2,1,3,0.67
Nhsh,1,0,1,1.0
Nhsm,0,4,4,0.0
Nhsn,5,2,7,0.71
Nhss,2,1,3,0.67
NhtB,0,1,1,0.0
NhtP,2,1,3,0.67
Nhtl,0,1,1,0.0
Nhtn,0,2,2,0.0
NlBB,4,6,10,0.4
NlBD,1,2,3,0.33
NlBL,2,0,2,1.0
NlBM,2,1,3,0.67
NlBN,0,3,3,0.0
NlBP,5,5,10,0.5
NlBS,0,5,5,0.0
NlBb,4,1,5,0.8
NlBj,0,0,0,
NlBl,2,2,4,0.5
NlBm,4,2,6,0.67
NlBn,2,6,8,0.25
NlBs,2,1,3,0.67
NlBt,1,0,1,1.0
NlDL,1,0,1,1.0
NlDP,0,1,1,0.0
NlDm,3,0,3,1.0
NlDn,3,1,4,0.75
NlDs,2,0,2,1.0
NlDt,0,1,1,0.0
NlHB,3,1,4,0.75
NlHD,0,1,1,0.0
NlHH,1,1,2,0.5
NlHK,0,1,1,0.0
NlHL,0,2,2,0.0
NlHM,1,3,4,0.25
NlHN,4,1,5,0.8
NlHP,4,2,6,0.67
NlHS,0,2,2,0.0
NlHb,1,1,2,0.5
NlHh,2,2,4,0.5
NlHl,0,3,3,0.0
NlHm,3,3,6,0.5
NlHn,3,3,6,0.5
NlHs,2,2,4,0.5
NlIM,1,0,1,1.0
NlIN,1,0,1,1.0
NlIS,0,2,2,0.0
NlIb,0,0,0,
NlJB,3,1,4,0.75
NlJD,0,1,1,0.0
NlJH,0,1,1,0.0
NlJI,0,1,1,0.0
NlJM,1,5,6,0.17
NlJN,1,0,1,1.0
NlJP,1,1,2,0.5
NlJS,1,0,1,1.0
NlJb,2,1,3,0.67
NlJh,0,1,1,0.0
NlJl,2,0,2,1.0
NlJm,0,1,1,0.0
NlJn,0,1,1,0.0
NlJs,1,0,1,1.0
NlJt,0,1,1,0.0
NlKB,0,1,1,0.0
NlKP,1,0,1,1.0
NlKh,1,0,1,1.0
NlLB,2,3,5,0.4
NlLL,1,0,1,1.0
NlLM,2,4,6,0.33
NlLN,1,1,2,0.5
NlLP,3,2,5,0.6
NlLS,1,0,1,1.0
NlLb,0,0,0,
NlLh,0,0,0,
NlLl,1,1,2,0.5
NlLm,2,0,2,1.0
NlLn,1,3,4,0.25
NlLs,0,1,1,0.0
NlLt,0,1,1,0.0
NlMB,4,2,6,0.67
NlMD,1,0,1,1.0
NlML,0,2,2,0.0
NlMM,4,2,6,0.67
NlMN,6,2,8,0.75
NlMP,11,7,18,0.61
NlMS,0,2,2,0.0
NlMb,3,3,6,0.5
NlMh,5,3,8,0.62
NlMl,3,2,5,0.6
NlMm,4,7,11,0.36
NlMn,5,12,17,0.29
NlMs,1,1,2,0.5
NlMt,1,0,1,1.0
NlNB,4,5,9,0.44
NlND,1,0,1,1.0
NlNL,2,2,4,0.5
NlNM,5,7,12,0.42
NlNN,8,8,16,0.5
NlNP,8,6,14,0.57
NlNS,3,3,6,0.5
NlNb,5,1,6,0.83
NlNh,2,1,3,0.67
NlNl,2,3,5,0.4
NlNm,3,5,8,0.38
NlNn,4,6,10,0.4
NlNs,8,2,10,0.8
NlNt,0,1,1,0.0
NlPB,4,1,5,0.8
NlPH,3,3,6,0.5
NlPI,1,0,1,1.0
NlPK,0,1,1,0.0
NlPL,0,2,2,0.0
NlPM,5,2,7,0.71
NlPN,3,6,9,0.33
NlPP,7,2,9,0.78
NlPS,4,4,8,0.5
NlPb,4,4,8,0.5
NlPl,2,1,3,0.67
NlPm,8,2,10,0.8
NlPn,3,1,4,0.75
NlPs,2,4,6,0.33
NlSB,1,0,1,1.0
NlSD,1,0,1,1.0
NlSH,1,1,2,0.5
NlSL,1,1,2,0.5
NlSM,3,3,6,0.5
NlSN,0,4,4,0.0
NlSP,3,3,6,0.5
NlSS,4,3,7,0.57
NlSb,2,4,6,0.33
NlSh,3,0,3,1.0
NlSl,0,1,1,0.0
NlSm,4,1,5,0.8
NlSn,4,4,8,0.5
NlSs,5,1,6,0.83
NlbB,6,5,11,0.55
NlbD,2,1,3,0.67
NlbH,1,0,1,1.0
NlbL,3,0,3,1.0
NlbM,3,2,5,0.6
NlbN,4,1,5,0.8
NlbP,5,1,6,0.83
NlbS,1,3,4,0.25
Nlbb,3,6,9,0.33
Nlbl,2,1,3,0.67
Nlbm,3,6,9,0.33
Nlbn,3,2,5,0.6
Nlbs,0,1,1,0.0
NllB,0,0,0,
NllH,2,1,3,0.67
NllJ,0,1,1,0.0
NllK,1,0,1,1.0
NllL,1,0,1,1.0
NllM,2,4,6,0.33
NllN,2,0,2,1.0
NllP,2,1,3,0.67
NllS,1,1,2,0.5
Nllb,2,1,3,0.67
Nlll,1,0,1,1.0
Nllm,2,2,4,0.5
Nlln,1,1,2,0.5
Nlls,0,1,1,0.0
NlmB,5,3,8,0.62
NlmD,2,0,2,1.0
NlmH,1,1,2,0.5
NlmJ,0,0,0,
NlmL,0,1,1,0.0
NlmM,4,2,6,0.67
NlmN,3,5,8,0.38
NlmP,5,2,7,0.71
NlmS,1,3,4,0.25
Nlmb,6,1,7,0.86
Nlml,0,1,1,0.0
Nlmm,2,2,4,0.5
Nlmn,2,1,3,0.67
Nlms,2,2,4,0.5
NlnB,1,4,5,0.2
NlnD,2,1,3,0.67
NlnH,1,3,4,0.25
NlnM,2,4,6,0.33
NlnN,2,4,6,0.33
NlnP,6,4,10,0.6
NlnS,3,5,8,0.38
Nlnb,6,4,10,0.6
Nlnl,1,0,1,1.0
Nlnm,5,0,5,1.0
Nlnn,2,3,5,0.4
Nlns,0,3,3,0.0
NlsB,1,2,3,0.33
NlsH,2,2,4,0.5
NlsI,0,1,1,0.0
NlsK,1,0,1,1.0
NlsL,0,1,1,0.0
NlsM,1,4,5,0.2
NlsN,4,5,9,0.44
NlsP,3,7,10,0.3
NlsS,4,3,7,0.57
Nlsb,1,2,3,0.33
Nlsl,2,0,2,1.0
Nlsm,2,2,4,0.5
Nlsn,0,3,3,0.0
Nlss,1,1,2,0.5
NmBB,8,6,14,0.57
NmBD,2,5,7,0.29
NmBK,1,1,2,0.5
NmBL,1,6,7,0.14
NmBM,15,13,28,0.54
NmBN,22,15,37,0.59
NmBP,12,17,29,0.41
NmBS,4,9,13,0.31
NmBb,9,11,20,0.45
NmBh,0,1,1,0.0
NmBj,3,1,4,0.75
NmBl,3,2,5,0.6
NmBm,20,10,30,0.67
NmBn,10,14,24,0.42
NmBs,6,11,17,0.35
NmBt,2,3,5,0.4
NmDB,4,3,7,0.57
NmDD,0,4,4,0.0
NmDH,5,6,11,0.45
NmDI,1,0,1,1.0
NmDK,0,1,1,0.0
NmDL,1,2,3,0.33
NmDM,4,3,7,0.57
NmDN,2,3,5,0.4
NmDP,8,4,12,0.67
NmDS,4,4,8,0.5
NmDb,3,3,6,0.5
NmDl,0,3,3,0.0
NmDm,7,8,15,0.47
NmDn,5,1,6,0.83
NmDs,1,4,5,0.2
NmDt,1,0,1,1.0
NmHB,13,11,24,0.54
NmHD,2,1,3,0.67
NmHH,2,2,4,0.5
NmHI,0,4,4,0.0
NmHK,1,1,2,0.5
NmHL,3,5,8,0.38
NmHM,11,11,22,0.5
NmHN,9,12,21,0.43
NmHP,15,14,29,0.52
NmHS,9,3,12,0.75
NmHb,8,11,19,0.42
NmHh,3,5,8,0.38
NmHl,1,1,2,0.5
NmHm,19,8,27,0.7
NmHn,11,12,23,0.48
NmHs,7,14,21,0.33
NmHt,1,0,1,1.0
NmIB,1,1,2,0.5
NmIH,1,1,2,0.5
NmIL,1,1,2,0.5
NmIM,1,1,2,0.5
NmIN,0,0,0,
NmIP,1,4,5,0.2
NmIS,0,1,1,0.0
NmIb,0,1,1,0.0
NmIm,1,0,1,1.0
NmIn,1,0,1,1.0
NmIs,1,0,1,1.0
NmJB,1,1,2,0.5
NmJD,2,0,2,1.0
NmJI,1,0,1,1.0
NmJL,3,2,5,0.6
NmJM,0,3,3,0.0
NmJN,3,1,4,0.75
NmJP,5,2,7,0.71
NmJS,2,2,4,0.5
NmJb,3,0,3,1.0
NmJm,3,3,6,0.5
NmJn,1,0,1,1.0
NmJs,1,1,2,0.5
NmKD,0,0,0,
NmKI,0,0,0,
NmKb,0,2,2,0.0
NmKm,0,1,1,0.0
NmKs,1,0,1,1.0
NmLB,2,3,5,0.4
NmLD,0,1,1,0.0
NmLK,0,0,0,
NmLL,1,1,2,0.5
NmLM,4,6,10,0.4
NmLN,4,4,8,0.5
NmLP,6,9,15,0.4
NmLS,1,3,4,0.25
NmLb,2,3,5,0.4
NmLh,2,2,4,0.5
NmLl,0,3,3,0.0
NmLm,3,7,10,0.3
NmLn,12,2,14,0.86
NmLs,3,4,7,0.43
NmLt,0,1,1,0.0
NmMB,12,10,22,0.55
NmMD,4,5,9,0.44
NmMH,0,1,1,0.0
NmMK,0,1,1,0.0
NmML,3,4,7,0.43
NmMM,14,16,30,0.47
NmMN,21,16,37,0.57
NmMP,17,30,47,0.36
NmMS,11,14,25,0.44
NmMb,7,8,15,0.47
NmMh,14,16,30,0.47
NmMj,1,3,4,0.25
NmMl,5,3,8,0.62
NmMm,12,20,32,0.38
NmMn,24,30,54,0.44
NmMs,12,7,19,0.63
NmNB,12,13,25,0.48
NmND,5,4,9,0.56
NmNH,2,3,5,0.4
NmNK,2,4,6,0.33
NmNL,1,1,2,0.5
NmNM,11,10,21,0.52
NmNN,28,20,48,0.58
NmNP,26,25,51,0.51
NmNS,8,14,22,0.36
NmNb,16,12,28,0.57
NmNh,2,3,5,0.4
NmNl,4,5,9,0.44
NmNm,10,16,26,0.38
NmNn,25,22,47,0.53
NmNs,13,16,29,0.45
NmNt,1,3,4,0.25
NmPB,15,10,25,0.6
NmPD,2,3,5,0.4
NmPH,7,3,10,0.7
NmPI,2,0,2,1.0
NmPK,2,1,3,0.67
NmPL,6,5,11,0.55
NmPM,15,19,34,0.44
NmPN,24,27,51,0.47
NmPP,26,13,39,0.67
NmPS,15,14,29,0.52
NmPb,16,12,28,0.57
NmPh,1,0,1,1.0
NmPl,5,4,9,0.56
NmPm,17,13,30,0.57
NmPn,16,14,30,0.53
NmPs,10,11,21,0.48
NmPt,1,0,1,1.0
NmSB,8,7,15,0.53
NmSD,1,3,4,0.25
NmSH,4,4,8,0.5
NmSL,3,2,5,0.6
NmSM,13,7,20,0.65
NmSN,12,12,24,0.5
NmSP,9,10,19,0.47
NmSS,5,7,12,0.42
NmSb,4,5,9,0.44
NmSh,5,6,11,0.45
NmSl,4,0,4,1.0
NmSm,11,7,18,0.61
NmSn,9,7,16,0.56
NmSs,7,9,16,0.44
NmSt,3,0,3,1.0
NmbB,10,11,21,0.48
NmbD,0,3,3,0.0
NmbH,3,3,6,0.5
NmbI,2,1,3,0.67
NmbJ,4,4,8,0.5
NmbK,1,0,1,1.0
NmbL,4,3,7,0.57
NmbM,12,19,31,0.39
NmbN,16,17,33,0.48
NmbP,13,19,32,0.41
NmbS,5,5,10,0.5
Nmbb,12,12,24,0.5
Nmbl,1,3,4,0.25
Nmbm,24,11,35,0.69
Nmbn,14,15,29,0.48
Nmbs,7,4,11,0.64
NmhL,0,1,1,0.0
NmlB,5,2,7,0.71
NmlD,0,1,1,0.0
NmlH,1,2,3,0.33
NmlJ,0,2,2,0.0
NmlL,1,2,3,0.33
NmlM,4,5,9,0.44
NmlN,3,4,7,0.43
NmlP,5,2,7,0.71
NmlS,4,0,4,1.0
Nmlb,6,2,8,0.75
Nmll,1,2,3,0.33
Nmlm,6,1,7,0.86
Nmln,3,0,3,1.0
Nmls,2,1,3,0.67
NmmB,11,10,21,0.52
NmmD,6,4,10,0.6
NmmH,11,12,23,0.48
NmmI,0,1,1,0.0
NmmJ,0,4,4,0.0
NmmL,1,6,7,0.14
NmmM,14,15,29,0.48
NmmN,15,15,30,0.5
NmmP,18,14,32,0.56
NmmS,9,6,15,0.6
Nmmb,15,9,24,0.62
Nmml,1,2,3,0.33
Nmmm,16,18,34,0.47
Nmmn,23,14,37,0.62
Nmms,5,7,12,0.42
NmnB,18,7,25,0.72
NmnD,3,4,7,0.43
NmnH,7,7,14,0.5
NmnI,1,2,3,0.33
NmnK,0,2,2,0.0
NmnL,5,3,8,0.62
NmnM,11,19,30,0.37
NmnN,17,16,33,0.52
NmnP,19,26,45,0.42
NmnS,11,19,30,0.37
Nmnb,11,15,26,0.42
Nmnh,0,0,0,
Nmnl,1,4,5,0.2
Nmnm,11,11,22,0.5
Nmnn,14,13,27,0.52
Nmns,17,9,26,0.65
NmsB,4,6,10,0.4
NmsD,2,3,5,0.4
NmsH,4,3,7,0.57
NmsI,0,2,2,0.0
NmsK,0,0,0,
NmsL,2,3,5,0.4
NmsM,10,11,21,0.48
NmsN,7,12,19,0.37
NmsP,7,10,17,0.41
NmsS,10,7,17,0.59
Nmsb,5,2,7,0.71
Nmsh,0,1,1,0.0
Nmsl,4,2,6,0.67
Nmsm,10,4,14,0.71
Nmsn,9,10,19,0.47
Nmss,10,5,15,0.67
NnBB,5,13,18,0.28
NnBD,3,1,4,0.75
NnBK,3,3,6,0.5
NnBL,4,6,10,0.4
NnBM,6,15,21,0.29
NnBN,16,16,32,0.5
NnBP,18,18,36,0.5
NnBS,6,7,13,0.46
NnBb,13,5,18,0.72
NnBh,1,0,1,1.0
NnBj,1,1,2,0.5
NnBl,5,5,10,0.5
NnBm,10,12,22,0.45
NnBn,14,14,28,0.5
NnBs,3,8,11,0.27
NnBt,0,1,1,0.0
NnDB,3,2,5,0.6
NnDD,4,2,6,0.67
NnDH,4,6,10,0.4
NnDI,0,0,0,
NnDL,2,1,3,0.67
NnDM,5,5,10,0.5
NnDN,4,7,11,0.36
NnDP,6,5,11,0.55
NnDS,3,4,7,0.43
NnDb,5,3,8,0.62
NnDl,1,1,2,0.5
NnDm,6,5,11,0.55
NnDn,4,2,6,0.67
NnDs,3,3,6,0.5
NnDt,0,1,1,0.0
NnHB,2,8,10,0.2
NnHD,1,2,3,0.33
NnHH,3,1,4,0.75
NnHI,1,0,1,1.0
NnHK,1,0,1,1.0
NnHL,1,3,4,0.25
NnHM,10,11,21,0.48
NnHN,13,16,29,0.45
NnHP,16,6,22,0.73
NnHS,11,9,20,0.55
NnHb,12,13,25,0.48
NnHh,6,3,9,0.67
NnHl,4,3,7,0.57
NnHm,6,12,18,0.33
NnHn,12,12,24,0.5
NnHs,6,7,13,0.46
NnHt,1,1,2,0.5
NnIB,1,2,3,0.33
NnID,1,2,3,0.33
NnIH,3,5,8,0.38
NnIL,1,2,3,0.33
NnIM,7,2,9,0.78
NnIN,2,2,4,0.5
NnIP,4,2,6,0.67
NnIS,4,1,5,0.8
NnIb,4,1,5,0.8
NnIl,1,0,1,1.0
NnIm,2,4,6,0.33
NnIn,0,1,1,0.0
NnIs,1,1,2,0.5
NnIt,0,1,1,0.0
NnKB,3,2,5,0.6
NnKD,0,2,2,0.0
NnKH,0,0,0,
NnKL,0,1,1,0.0
NnKM,1,4,5,0.2
NnKN,1,2,3,0.33
NnKP,1,3,4,0.25
NnKS,1,2,3,0.33
NnKb,1,1,2,0.5
NnKh,2,3,5,0.4
NnKl,0,1,1,0.0
NnKm,2,3,5,0.4
NnKn,4,0,4,1.0
NnKs,0,0,0,
NnKt,1,0,1,1.0
NnLB,4,5,9,0.44
NnLD,0,2,2,0.0
NnLK,0,0,0,
NnLL,4,0,4,1.0
NnLM,2,3,5,0.4
NnLN,7,6,13,0.54
NnLP,8,6,14,0.57
NnLS,3,2,5,0.6
NnLb,1,3,4,0.25
NnLh,1,2,3,0.33
NnLj,0,2,2,0.0
NnLl,4,3,7,0.57
NnLm,4,3,7,0.57
NnLn,13,9,22,0.59
NnLs,7,7,14,0.5
NnLt,0,1,1,0.0
NnMB,9,15,24,0.38
NnMD,5,6,11,0.45
NnMK,0,1,1,0.0
NnML,3,4,7,0.43
NnMM,20,11,31,0.65
NnMN,16,29,45,0.36
NnMP,26,27,53,0.49
NnMS,14,13,27,0.52
NnMb,8,11,19,0.42
NnMh,5,15,20,0.25
NnMj,1,0,1,1.0
NnMl,4,1,5,0.8
NnMm,19,8,27,0.7
NnMn,28,23,51,0.55
NnMs,7,3,10,0.7
NnMt,0,0,0,
NnNB,15,26,41,0.37
NnND,7,4,11,0.64
NnNH,4,2,6,0.67
NnNK,0,3,3,0.0
NnNL,9,1,10,0.9
NnNM,14,29,43,0.33
NnNN,25,31,56,0.45
NnNP,31,38,69,0.45
NnNS,21,27,48,0.44
NnNb,10,12,22,0.45
NnNh,2,7,9,0.22
NnNl,8,5,13,0.62
NnNm,26,21,47,0.55
NnNn,33,35,68,0.49
NnNs,23,26,49,0.47
NnNt,2,0,2,1.0
NnPB,19,16,35,0.54
NnPD,4,5,9,0.44
NnPH,6,8,14,0.43
NnPI,1,4,5,0.2
NnPK,5,4,9,0.56
NnPL,10,13,23,0.43
NnPM,30,24,54,0.56
NnPN,19,40,59,0.32
NnPP,22,35,57,0.39
NnPS,21,19,40,0.52
NnPb,22,16,38,0.58
NnPh,2,1,3,0.67
NnPl,3,11,14,0.21
NnPm,27,23,50,0.54
NnPn,17,24,41,0.41
NnPs,19,18,37,0.51
NnPt,2,1,3,0.67
NnSB,9,10,19,0.47
NnSD,4,6,10,0.4
NnSH,3,4,7,0.43
NnSL,4,3,7,0.57
NnSM,9,16,25,0.36
NnSN,18,12,30,0.6
NnSP,19,16,35,0.54
NnSS,12,10,22,0.55
NnSb,9,6,15,0.6
NnSh,7,6,13,0.54
NnSl,5,3,8,0.62
NnSm,24,18,42,0.57
NnSn,17,23,40,0.42
NnSs,12,13,25,0.48
NnSt,1,5,6,0.17
NnbB,13,11,24,0.54
NnbD,1,1,2,0.5
NnbH,2,3,5,0.4
NnbI,1,2,3,0.33
NnbJ,4,0,4,1.0
NnbK,4,1,5,0.8
NnbL,1,4,5,0.2
NnbM,16,16,32,0.5
NnbN,25,18,43,0.58
NnbP,8,20,28,0.29
NnbS,4,4,8,0.5
Nnbb,12,12,24,0.5
Nnbl,4,3,7,0.57
Nnbm,7,11,18,0.39
Nnbn,15,15,30,0.5
Nnbs,7,8,15,0.47
NnhL,1,0,1,1.0
NnhM,0,1,1,0.0
NnhN,1,0,1,1.0
NnhP,2,1,3,0.67
NnhS,0,2,2,0.0
Nnhb,1,0,1,1.0
Nnhh,0,1,1,0.0
Nnhm,3,0,3,1.0
Nnhs,1,0,1,1.0
NnlB,3,2,5,0.6
NnlD,2,0,2,1.0
NnlH,2,3,5,0.4
NnlJ,2,0,2,1.0
NnlL,0,0,0,
NnlM,7,7,14,0.5
NnlN,10,6,16,0.62
NnlP,10,5,15,0.67
NnlS,3,2,5,0.6
Nnlb,5,3,8,0.62
Nnll,1,1,2,0.5
Nnlm,2,6,8,0.25
Nnln,6,5,11,0.55
Nnls,2,4,6,0.33
NnmB,12,10,22,0.55
NnmD,4,2,6,0.67
NnmH,9,15,24,0.38
NnmI,1,0,1,1.0
NnmJ,3,2,5,0.6
NnmK,1,0,1,1.0
NnmL,4,7,11,0.36
NnmM,11,15,26,0.42
NnmN,21,29,50,0.42
NnmP,29,19,48,0.6
NnmS,14,12,26,0.54
Nnmb,26,12,38,0.68
Nnml,4,3,7,0.57
Nnmm,25,17,42,0.6
Nnmn,25,16,41,0.61
Nnms,11,9,20,0.55
NnnB,12,14,26,0.46
NnnD,5,2,7,0.71
NnnH,12,16,28,0.43
NnnI,2,2,4,0.5
NnnK,2,0,2,1.0
NnnL,5,5,10,0.5
NnnM,13,20,33,0.39
NnnN,30,27,57,0.53
NnnP,41,31,72,0.57
NnnS,22,11,33,0.67
Nnnb,17,17,34,0.5
Nnnh,1,1,2,0.5
Nnnl,7,7,14,0.5
Nnnm,28,14,42,0.67
Nnnn,20,36,56,0.36
Nnns,12,18,30,0.4
NnsB,13,10,23,0.57
NnsD,5,5,10,0.5
NnsH,18,12,30,0.6
NnsI,0,0,0,
NnsL,2,6,8,0.25
NnsM,9,16,25,0.36
NnsN,16,13,29,0.55
NnsP,15,19,34,0.44
NnsS,17,13,30,0.57
Nnsb,7,10,17,0.41
Nnsh,0,0,0,
Nnsl,4,1,5,0.8
Nnsm,14,14,28,0.5
Nnsn,15,17,32,0.47
Nnss,18,3,21,0.86
NntD,1,0,1,1.0
NsBB,9,4,13,0.69
NsBD,1,0,1,1.0
NsBL,0,1,1,0.0
NsBM,3,9,12,0.25
NsBN,12,10,22,0.55
NsBP,11,10,21,0.52
NsBS,3,2,5,0.6
NsBb,2,6,8,0.25
NsBh,0,1,1,0.0
NsBj,2,0,2,1.0
NsBl,1,2,3,0.33
NsBm,8,6,14,0.57
NsBn,7,9,16,0.44
NsBs,2,4,6,0.33
NsBt,0,1,1,0.0
NsDB,2,0,2,1.0
NsDD,1,5,6,0.17
NsDH,4,7,11,0.36
NsDI,0,0,0,
NsDK,0,1,1,0.0
NsDL,1,2,3,0.33
NsDM,3,5,8,0.38
NsDN,1,5,6,0.17
NsDP,2,3,5,0.4
NsDS,9,1,10,0.9
NsDb,2,5,7,0.29
NsDl,0,5,5,0.0
NsDm,2,5,7,0.29
NsDn,5,5,10,0.5
NsDs,3,1,4,0.75
NsDt,0,1,1,0.0
NsHB,6,4,10,0.6
NsHD,3,1,4,0.75
NsHH,1,4,5,0.2
NsHK,0,1,1,0.0
NsHL,2,2,4,0.5
NsHM,7,6,13,0.54
NsHN,13,7,20,0.65
NsHP,11,11,22,0.5
NsHS,8,10,18,0.44
NsHb,8,10,18,0.44
NsHh,4,6,10,0.4
NsHl,2,1,3,0.67
NsHm,9,11,20,0.45
NsHn,7,10,17,0.41
NsHs,9,7,16,0.56
NsHt,0,1,1,0.0
NsIB,2,2,4,0.5
NsIH,1,2,3,0.33
NsII,0,0,0,
NsIL,1,0,1,1.0
NsIM,2,1,3,0.67
NsIN,1,2,3,0.33
NsIP,5,2,7,0.71
NsIS,2,0,2,1.0
NsIb,1,1,2,0.5
NsIl,2,0,2,1.0
NsIm,1,3,4,0.25
NsIn,2,1,3,0.67
NsIs,1,1,2,0.5
NsKB,1,0,1,1.0
NsKm,1,0,1,1.0
NsKs,0,0,0,
NsLB,1,2,3,0.33
NsLD,1,2,3,0.33
NsLK,1,0,1,1.0
NsLL,2,1,3,0.67
NsLM,2,2,4,0.5
NsLN,3,7,10,0.3
NsLP,1,1,2,0.5
NsLS,7,2,9,0.78
NsLb,0,5,5,0.0
NsLh,3,0,3,1.0
NsLl,0,2,2,0.0
NsLm,5,1,6,0.83
NsLn,5,3,8,0.62
NsLs,2,5,7,0.29
NsLt,1,1,2,0.5
NsMB,8,8,16,0.5
NsMD,0,5,5,0.0
NsMK,1,3,4,0.25
NsML,2,3,5,0.4
NsMM,12,10,22,0.55
NsMN,8,9,17,0.47
NsMP,13,11,24,0.54
NsMS,7,2,9,0.78
NsMb,8,7,15,0.53
NsMh,0,7,7,0.0
NsMj,1,1,2,0.5
NsMl,5,3,8,0.62
NsMm,7,15,22,0.32
NsMn,10,14,24,0.42
NsMs,7,8,15,0.47
NsMt,1,0,1,1.0
NsNB,7,7,14,0.5
NsND,5,2,7,0.71
NsNH,3,0,3,1.0
NsNK,0,1,1,0.0
NsNL,3,4,7,0.43
NsNM,5,8,13,0.38
NsNN,12,11,23,0.52
NsNP,12,12,24,0.5
NsNS,15,10,25,0.6
NsNb,9,7,16,0.56
NsNh,3,3,6,0.5
NsNl,3,2,5,0.6
NsNm,8,21,29,0.28
NsNn,8,14,22,0.36
NsNs,7,13,20,0.35
NsNt,0,0,0,
NsPB,4,9,13,0.31
NsPD,4,1,5,0.8
NsPH,6,1,7,0.86
NsPI,0,0,0,
NsPK,2,3,5,0.4
NsPL,4,5,9,0.44
NsPM,12,13,25,0.48
NsPN,10,6,16,0.62
NsPP,14,11,25,0.56
NsPS,6,13,19,0.32
NsPb,5,4,9,0.56
NsPh,0,2,2,0.0
NsPl,5,5,10,0.5
NsPm,20,13,33,0.61
NsPn,14,13,27,0.52
NsPs,10,10,20,0.5
NsPt,1,0,1,1.0
NsSB,4,5,9,0.44
NsSD,3,4,7,0.43
NsSH,1,4,5,0.2
NsSK,1,0,1,1.0
NsSL,3,3,6,0.5
NsSM,4,8,12,0.33
NsSN,3,11,14,0.21
NsSP,11,8,19,0.58
NsSS,16,11,27,0.59
NsSb,7,6,13,0.54
NsSh,5,8,13,0.38
NsSl,4,2,6,0.67
NsSm,18,5,23,0.78
NsSn,14,11,25,0.56
NsSs,15,13,28,0.54
NsSt,1,0,1,1.0
NsbB,4,9,13,0.31
NsbD,2,1,3,0.67
NsbH,2,3,5,0.4
NsbI,2,0,2,1.0
NsbJ,5,1,6,0.83
NsbK,0,2,2,0.0
NsbL,3,3,6,0.5
NsbM,10,4,14,0.71
NsbN,4,6,10,0.4
NsbP,11,3,14,0.79
NsbS,3,4,7,0.43
Nsbb,6,4,10,0.6
Nsbl,3,3,6,0.5
Nsbm,6,3,9,0.67
Nsbn,7,6,13,0.54
Nsbs,4,5,9,0.44
NshB,0,1,1,0.0
NshD,0,1,1,0.0
NshL,1,0,1,1.0
NshN,0,1,1,0.0
NshP,0,0,0,
Nshb,1,1,2,0.5
Nshh,0,2,2,0.0
Nshm,1,0,1,1.0
NslB,2,5,7,0.29
NslD,1,0,1,1.0
NslH,2,1,3,0.67
NslJ,1,1,2,0.5
NslK,0,1,1,0.0
NslL,3,0,3,1.0
NslM,1,5,6,0.17
NslN,2,5,7,0.29
NslP,5,1,6,0.83
NslS,3,2,5,0.6
Nslb,2,2,4,0.5
Nsll,2,1,3,0.67
Nslm,4,2,6,0.67
Nsln,0,0,0,
Nsls,4,3,7,0.57
NsmB,11,10,21,0.52
NsmD,4,6,10,0.4
NsmH,11,11,22,0.5
NsmI,1,1,2,0.5
NsmJ,1,1,2,0.5
NsmL,1,2,3,0.33
NsmM,11,7,18,0.61
NsmN,14,11,25,0.56
NsmP,14,9,23,0.61
NsmS,14,5,19,0.74
Nsmb,14,9,23,0.61
Nsml,3,2,5,0.6
Nsmm,13,13,26,0.5
Nsmn,8,7,15,0.53
Nsms,7,8,15,0.47
NsnB,9,6,15,0.6
NsnD,4,1,5,0.8
NsnH,2,8,10,0.2
NsnI,0,1,1,0.0
NsnK,0,0,0,
NsnL,4,2,6,0.67
NsnM,10,13,23,0.43
NsnN,8,11,19,0.42
NsnP,16,7,23,0.7
NsnS,11,8,19,0.58
Nsnb,6,7,13,0.46
Nsnl,3,2,5,0.6
Nsnm,7,8,15,0.47
Nsnn,10,10,20,0.5
Nsns,6,10,16,0.38
NssB,7,4,11,0.64
NssD,1,5,6,0.17
NssH,8,11,19,0.42
NssI,0,1,1,0.0
NssL,0,1,1,0.0
NssM,8,12,20,0.4
NssN,4,8,12,0.33
NssP,11,6,17,0.65
NssS,7,22,29,0.24
Nssb,5,7,12,0.42
Nssh,1,2,3,0.33
Nssl,2,4,6,0.33
Nssm,6,20,26,0.23
Nssn,11,6,17,0.65
Nsss,4,10,14,0.29
Nsst,0,0,0,
NstL,0,1,1,0.0
Nstl,1,0,1,1.0
Nstm,0,1,1,0.0
NtBB,4,0,4,1.0
NtBD,0,0,0,
NtBL,1,0,1,1.0
NtBM,1,0,1,1.0
NtBN,1,1,2,0.5
NtBP,2,1,3,0.67
NtBS,1,1,2,0.5
NtBb,1,0,1,1.0
NtBl,0,1,1,0.0
NtBm,2,0,2,1.0
NtBn,2,2,4,0.5
NtBs,1,0,1,1.0
NtDB,1,0,1,1.0
NtDN,0,1,1,0.0
NtDb,0,0,0,
NtDl,1,0,1,1.0
NtDm,0,1,1,0.0
NtDs,2,1,3,0.67
NtHB,1,0,1,1.0
NtHL,1,0,1,1.0
NtHN,2,1,3,0.67
NtHP,2,1,3,0.67
NtHS,0,0,0,
NtHb,0,1,1,0.0
NtHh,1,0,1,1.0
NtHl,1,0,1,1.0
NtHm,0,2,2,0.0
NtHn,0,1,1,0.0
NtHs,2,0,2,1.0
NtHt,0,1,1,0.0
NtIb,1,0,1,1.0
NtKB,0,1,1,0.0
NtKP,1,0,1,1.0
NtLB,0,0,0,
NtLK,0,0,0,
NtLM,0,1,1,0.0
NtLN,0,1,1,0.0
NtLP,0,2,2,0.0
NtLS,2,0,2,1.0
NtLb,0,2,2,0.0
NtLh,2,0,2,1.0
NtLm,1,1,2,0.5
NtLn,1,1,2,0.5
NtLt,0,1,1,0.0
NtMB,3,1,4,0.75
NtMD,1,0,1,1.0
NtMK,0,0,0,
NtML,0,0,0,
NtMM,0,1,1,0.0
NtMN,1,3,4,0.25
NtMP,3,0,3,1.0
NtMS,0,2,2,0.0
NtMb,0,1,1,0.0
NtMh,0,1,1,0.0
NtMl,0,0,0,
NtMm,1,0,1,1.0
NtMn,2,4,6,0.33
NtMs,1,0,1,1.0
NtNB,2,2,4,0.5
NtND,0,0,0,
NtNL,1,0,1,1.0
NtNM,0,7,7,0.0
NtNN,3,2,5,0.6
NtNP,6,2,8,0.75
NtNS,1,1,2,0.5
NtNb,2,2,4,0.5
NtNh,2,2,4,0.5
NtNl,1,0,1,1.0
NtNm,1,2,3,0.33
NtNn,1,1,2,0.5
NtNs,3,0,3,1.0
NtPB,3,0,3,1.0
NtPI,0,1,1,0.0
NtPK,0,0,0,
NtPL,2,1,3,0.67
NtPM,4,2,6,0.67
NtPN,2,1,3,0.67
NtPP,3,0,3,1.0
NtPS,1,0,1,1.0
NtPb,5,0,5,1.0
NtPh,2,2,4,0.5
NtPl,1,1,2,0.5
NtPn,1,2,3,0.33
NtPs,0,3,3,0.0
NtSB,0,1,1,0.0
NtSH,0,0,0,
NtSL,0,1,1,0.0
NtSM,1,0,1,1.0
NtSN,0,2,2,0.0
NtSP,0,1,1,0.0
NtSS,0,0,0,
NtSl,1,0,1,1.0
NtSm,2,1,3,0.67
NtSn,5,2,7,0.71
NtSs,1,2,3,0.33
NtSt,1,0,1,1.0
NtbB,0,1,1,0.0
NtbD,0,0,0,
NtbH,0,1,1,0.0
NtbK,1,0,1,1.0
NtbL,0,1,1,0.0
NtbM,1,1,2,0.5
NtbN,4,1,5,0.8
NtbP,2,0,2,1.0
NtbS,0,1,1,0.0
Ntbb,1,1,2,0.5
Ntbn,2,0,2,1.0
Ntbs,1,1,2,0.5
NtlN,0,0,0,
NtlP,0,1,1,0.0
Ntlb,2,0,2,1.0
Ntll,0,1,1,0.0
Ntlm,1,0,1,1.0
Ntls,1,0,1,1.0
NtmB,2,3,5,0.4
NtmD,1,1,2,0.5
NtmH,0,3,3,0.0
NtmJ,0,1,1,0.0
NtmK,0,1,1,0.0
NtmL,1,1,2,0.5
NtmM,1,1,2,0.5
NtmN,1,1,2,0.5
NtmP,3,1,4,0.75
NtmS,1,0,1,1.0
Ntmb,3,1,4,0.75
Ntml,0,0,0,
Ntmm,1,1,2,0.5
Ntmn,0,2,2,0.0
Ntms,2,1,3,0.67
NtnB,1,1,2,0.5
NtnD,0,1,1,0.0
NtnH,0,1,1,0.0
NtnI,2,1,3,0.67
NtnK,1,0,1,1.0
NtnM,3,1,4,0.75
NtnN,0,3,3,0.0
NtnP,4,4,8,0.5
NtnS,0,3,3,0.0
Ntnb,2,3,5,0.4
Ntnm,1,3,4,0.25
Ntnn,1,1,2,0.5
Ntns,1,1,2,0.5
NtsB,1,0,1,1.0
NtsD,0,1,1,0.0
NtsH,2,1,3,0.67
NtsL,0,0,0,
NtsM,0,1,1,0.0
NtsP,1,1,2,0.5
NtsS,1,0,1,1.0
Ntsl,1,0,1,1.0
Ntsm,0,2,2,0.0
Ntsn,1,0,1,1.0
NttS,1,0,1,1.0
Nttl,0,1,1,0.0
Nttm,0,1,1,0.0
Ntts,1,0,1,1.0
PBBB,20,13,33,0.61
PBBD,2,0,2,1.0
PBBK,1,1,2,0.5
PBBL,6,7,13,0.46
PBBM,6,14,20,0.3
PBBN,17,18,35,0.49
PBBP,11,19,30,0.37
PBBS,8,7,15,0.53
PBBb,11,17,28,0.39
PBBh,2,1,3,0.67
PBBj,0,2,2,0.0
PBBl,7,4,11,0.64
PBBm,16,21,37,0.43
PBBn,20,16,36,0.56
PBBs,2,4,6,0.33
PBBt,2,1,3,0.67
PBDB,2,4,6,0.33
PBDD,2,2,4,0.5
PBDH,1,1,2,0.5
PBDL,1,2,3,0.33
PBDM,5,5,10,0.5
PBDN,2,5,7,0.29
PBDP,3,3,6,0.5
PBDS,1,2,3,0.33
PBDb,1,5,6,0.17
PBDl,2,2,4,0.5
PBDm,5,6,11,0.45
PBDn,4,1,5,0.8
PBDs,0,3,3,0.0
PBDt,0,1,1,0.0
PBHM,1,0,1,1.0
PBHS,1,0,1,1.0
PBHm,0,1,1,0.0
PBKB,4,0,4,1.0
PBKD,0,1,1,0.0
PBKH,0,1,1,0.0
PBKI,0,0,0,
PBKL,0,1,1,0.0
PBKM,2,2,4,0.5
PBKN,2,4,6,0.33
PBKP,5,3,8,0.62
PBKS,1,1,2,0.5
PBKb,2,0,2,1.0
PBKh,2,1,3,0.67
PBKm,3,3,6,0.5
PBKn,1,0,1,1.0
PBKs,0,1,1,0.0
PBLB,6,8,14,0.43
PBLD,1,0,1,1.0
PBLL,0,5,5,0.0
PBLM,6,5,11,0.55
PBLN,4,8,12,0.33
PBLP,5,5,10,0.5
PBLS,4,4,8,0.5
PBLb,4,6,10,0.4
PBLh,0,3,3,0.0
PBLj,1,1,2,0.5
PBLl,2,3,5,0.4
PBLm,9,8,17,0.53
PBLn,5,9,14,0.36
PBLs,4,5,9,0.44
PBLt,1,0,1,1.0
PBMB,14,16,30,0.47
PBMD,3,3,6,0.5
PBMK,0,1,1,0.0
PBML,5,4,9,0.56
PBMM,10,8,18,0.56
PBMN,17,10,27,0.63
PBMP,24,19,43,0.56
PBMS,2,11,13,0.15
PBMb,13,10,23,0.57
PBMh,9,9,18,0.5
PBMj,2,2,4,0.5
PBMl,1,2,3,0.33
PBMm,17,17,34,0.5
PBMn,11,15,26,0.42
PBMs,8,6,14,0.57
PBMt,1,0,1,1.0
PBNB,9,15,24,0.38
PBND,3,5,8,0.38
PBNH,2,1,3,0.67
PBNL,4,4,8,0.5
PBNM,14,13,27,0.52
PBNN,14,24,38,0.37
PBNP,21,14,35,0.6
PBNS,2,10,12,0.17
PBNb,13,15,28,0.46
PBNh,4,2,6,0.67
PBNl,4,6,10,0.4
PBNm,18,16,34,0.53
PBNn,19,22,41,0.46
PBNs,8,6,14,0.57
PBNt,1,0,1,1.0
PBPB,9,12,21,0.43
PBPD,1,5,6,0.17
PBPH,2,4,6,0.33
PBPI,1,1,2,0.5
PBPK,4,2,6,0.67
PBPL,9,6,15,0.6
PBPM,10,15,25,0.4
PBPN,19,20,39,0.49
PBPP,29,27,56,0.52
PBPS,8,8,16,0.5
PBPb,22,6,28,0.79
PBPh,1,4,5,0.2
PBPl,10,6,16,0.62
PBPm,23,29,52,0.44
PBPn,16,8,24,0.67
PBPs,6,12,18,0.33
PBPt,1,1,2,0.5
PBSB,7,11,18,0.39
PBSD,0,2,2,0.0
PBSH,1,2,3,0.33
PBSI,2,0,2,1.0
PBSL,5,3,8,0.62
PBSM,10,10,20,0.5
PBSN,6,7,13,0.46
PBSP,5,8,13,0.38
PBSS,2,7,9,0.22
PBSb,5,5,10,0.5
PBSh,5,5,10,0.5
PBSl,0,3,3,0.0
PBSm,10,9,19,0.53
PBSn,6,5,11,0.55
PBSs,3,4,7,0.43
PBbB,14,16,30,0.47
PBbD,0,2,2,0.0
PBbH,6,3,9,0.67
PBbI,1,2,3,0.33
PBbJ,3,1,4,0.75
PBbK,1,0,1,1.0
PBbL,3,6,9,0.33
PBbM,15,12,27,0.56
PBbN,17,17,34,0.5
PBbP,10,16,26,0.38
PBbS,3,7,10,0.3
PBbb,9,6,15,0.6
PBbl,4,4,8,0.5
PBbm,16,10,26,0.62
PBbn,11,5,16,0.69
PBbs,8,4,12,0.67
PBhB,1,0,1,1.0
PBhL,1,0,1,1.0
PBhM,0,2,2,0.0
PBhP,1,0,1,1.0
PBhS,1,0,1,1.0
PBhb,4,0,4,1.0
PBhh,2,0,2,1.0
PBhm,2,2,4,0.5
PBhn,3,2,5,0.6
PBhs,2,0,2,1.0
PBjB,3,4,7,0.43
PBjD,2,0,2,1.0
PBjH,2,0,2,1.0
PBjI,0,0,0,
PBjL,1,1,2,0.5
PBjM,3,1,4,0.75
PBjN,4,2,6,0.67
PBjP,1,2,3,0.33
PBjS,0,4,4,0.0
PBjb,3,2,5,0.6
PBjh,0,1,1,0.0
PBjl,1,0,1,1.0
PBjm,1,1,2,0.5
PBjn,1,3,4,0.25
PBjs,1,1,2,0.5
PBlB,6,1,7,0.86
PBlD,1,3,4,0.25
PBlH,2,1,3,0.67
PBlJ,1,1,2,0.5
PBlK,1,0,1,1.0
PBlL,0,1,1,0.0
PBlM,2,7,9,0.22
PBlN,5,6,11,0.45
PBlP,6,6,12,0.5
PBlS,3,2,5,0.6
PBlb,2,2,4,0.5
PBll,0,1,1,0.0
PBlm,6,4,10,0.6
PBln,1,4,5,0.2
PBls,3,4,7,0.43
PBmB,8,18,26,0.31
PBmD,11,3,14,0.79
PBmH,12,11,23,0.52
PBmI,1,0,1,1.0
PBmJ,1,3,4,0.25
PBmK,0,1,1,0.0
PBmL,4,7,11,0.36
PBmM,14,26,40,0.35
PBmN,18,20,38,0.47
PBmP,24,17,41,0.59
PBmS,5,14,19,0.26
PBmb,15,12,27,0.56
PBml,3,5,8,0.38
PBmm,18,17,35,0.51
PBmn,14,14,28,0.5
PBms,9,8,17,0.53
PBnB,6,15,21,0.29
PBnD,4,3,7,0.57
PBnH,7,11,18,0.39
PBnI,0,1,1,0.0
PBnK,1,2,3,0.33
PBnL,9,4,13,0.69
PBnM,11,18,29,0.38
PBnN,17,12,29,0.59
PBnP,21,21,42,0.5
PBnS,12,12,24,0.5
PBnb,9,7,16,0.56
PBnh,0,1,1,0.0
PBnl,10,4,14,0.71
PBnm,24,16,40,0.6
PBnn,15,19,34,0.44
PBns,4,12,16,0.25
PBsB,9,9,18,0.5
PBsD,0,4,4,0.0
PBsH,4,7,11,0.36
PBsI,3,0,3,1.0
PBsK,1,0,1,1.0
PBsL,6,0,6,1.0
PBsM,7,6,13,0.54
PBsN,10,7,17,0.59
PBsP,9,11,20,0.45
PBsS,5,9,14,0.36
PBsb,8,6,14,0.57
PBsl,1,1,2,0.5
PBsm,6,2,8,0.75
PBsn,6,7,13,0.46
PBss,7,6,13,0.54
PBtD,1,0,1,1.0
PBtH,1,0,1,1.0
PBtL,0,2,2,0.0
PBtM,0,1,1,0.0
PBtN,1,0,1,1.0
PBtP,2,2,4,0.5
PBtS,1,0,1,1.0
PBtb,1,0,1,1.0
PBtm,1,2,3,0.33
PBtn,0,0,0,
PBts,2,1,3,0.67
PDBB,0,4,4,0.0
PDBD,1,0,1,1.0
PDBL,0,3,3,0.0
PDBM,3,5,8,0.38
PDBN,4,3,7,0.57
PDBP,4,3,7,0.57
PDBS,2,1,3,0.67
PDBb,4,1,5,0.8
PDBh,0,1,1,0.0
PDBj,1,1,2,0.5
PDBm,3,3,6,0.5
PDBn,0,2,2,0.0
PDBs,1,1,2,0.5
PDBt,0,0,0,
PDDB,1,1,2,0.5
PDDD,1,1,2,0.5
PDDH,1,1,2,0.5
PDDL,1,1,2,0.5
PDDM,4,2,6,0.67
PDDP,0,1,1,0.0
PDDS,0,1,1,0.0
PDDb,1,0,1,1.0
PDDl,1,3,4,0.25
PDDm,2,5,7,0.29
PDDn,0,2,2,0.0
PDHB,3,3,6,0.5
PDHD,1,0,1,1.0
PDHH,0,1,1,0.0
PDHL,1,1,2,0.5
PDHM,6,5,11,0.55
PDHN,2,2,4,0.5
PDHP,1,6,7,0.14
PDHS,0,2,2,0.0
PDHb,4,3,7,0.57
PDHh,0,1,1,0.0
PDHl,3,0,3,1.0
PDHm,7,10,17,0.41
PDHn,1,1,2,0.5
PDHs,3,3,6,0.5
PDIB,0,1,1,0.0
PDID,0,1,1,0.0
PDIP,1,0,1,1.0
PDIb,0,0,0,
PDLB,0,0,0,
PDLD,0,2,2,0.0
PDLK,0,1,1,0.0
PDLL,0,0,0,
PDLM,0,3,3,0.0
PDLN,2,1,3,0.67
PDLP,5,0,5,1.0
PDLS,2,1,3,0.67
PDLh,1,2,3,0.33
PDLl,2,0,2,1.0
PDLm,3,1,4,0.75
PDLn,4,1,5,0.8
PDLt,0,0,0,
PDMB,2,4,6,0.33
PDMD,2,2,4,0.5
PDMH,0,0,0,
PDML,1,1,2,0.5
PDMM,3,13,16,0.19
PDMN,2,5,7,0.29
PDMP,3,9,12,0.25
PDMS,4,3,7,0.57
PDMb,1,4,5,0.2
PDMh,3,6,9,0.33
PDMl,2,1,3,0.67
PDMm,5,6,11,0.45
PDMn,4,6,10,0.4
PDMs,1,2,3,0.33
PDMt,0,0,0,
PDNB,2,3,5,0.4
PDND,1,1,2,0.5
PDNK,0,0,0,
PDNL,0,2,2,0.0
PDNM,3,4,7,0.43
PDNN,2,5,7,0.29
PDNP,2,3,5,0.4
PDNS,1,4,5,0.2
PDNb,2,2,4,0.5
PDNh,0,0,0,
PDNl,1,0,1,1.0
PDNm,6,3,9,0.67
PDNn,4,1,5,0.8
PDNs,4,2,6,0.67
PDPB,5,4,9,0.56
PDPD,1,3,4,0.25
PDPH,1,1,2,0.5
PDPI,1,0,1,1.0
PDPL,1,1,2,0.5
PDPM,0,8,8,0.0
PDPN,1,6,7,0.14
PDPP,7,7,14,0.5
PDPS,3,4,7,0.43
PDPb,4,5,9,0.44
PDPl,3,0,3,1.0
PDPm,8,4,12,0.67
PDPn,4,3,7,0.57
PDPs,7,2,9,0.78
PDPt,1,1,2,0.5
PDSB,4,2,6,0.67
PDSD,1,1,2,0.5
PDSL,3,0,3,1.0
PDSM,2,4,6,0.33
PDSN,2,0,2,1.0
PDSP,3,3,6,0.5
PDSS,1,5,6,0.17
PDSb,2,2,4,0.5
PDSh,1,3,4,0.25
PDSl,0,1,1,0.0
PDSm,3,5,8,0.38
PDSn,0,1,1,0.0
PDSs,9,1,10,0.9
PDbB,2,2,4,0.5
PDbD,0,2,2,0.0
PDbH,2,0,2,1.0
PDbL,0,2,2,0.0
PDbM,7,7,14,0.5
PDbN,3,0,3,1.0
PDbP,5,3,8,0.62
PDbS,3,2,5,0.6
PDbb,4,3,7,0.57
PDbl,1,0,1,1.0
PDbm,4,5,9,0.44
PDbn,0,1,1,0.0
PDbs,4,1,5,0.8
PDhb,1,0,1,1.0
PDhn,1,0,1,1.0
PDlB,3,3,6,0.5
PDlD,1,1,2,0.5
PDlJ,0,1,1,0.0
PDlL,1,0,1,1.0
PDlM,1,2,3,0.33
PDlN,2,0,2,1.0
PDlP,1,0,1,1.0
PDlS,2,1,3,0.67
PDlb,4,1,5,0.8
PDll,0,1,1,0.0
PDlm,1,1,2,0.5
PDln,1,0,1,1.0
PDmB,3,5,8,0.38
PDmD,1,4,5,0.2
PDmH,4,2,6,0.67
PDmI,0,1,1,0.0
PDmJ,1,1,2,0.5
PDmL,1,3,4,0.25
PDmM,5,7,12,0.42
PDmN,4,3,7,0.57
PDmP,3,6,9,0.33
PDmS,6,2,8,0.75
PDmb,3,7,10,0.3
PDml,1,0,1,1.0
PDmm,3,4,7,0.43
PDmn,4,5,9,0.44
PDms,3,3,6,0.5
PDnB,0,4,4,0.0
PDnD,1,2,3,0.33
PDnH,2,0,2,1.0
PDnI,1,1,2,0.5
PDnL,1,0,1,1.0
PDnM,3,4,7,0.43
PDnN,4,2,6,0.67
PDnP,2,3,5,0.4
PDnS,0,2,2,0.0
PDnb,2,2,4,0.5
PDnh,1,0,1,1.0
PDnl,0,0,0,
PDnm,1,3,4,0.25
PDnn,1,0,1,1.0
PDns,3,1,4,0.75
PDsB,2,5,7,0.29
PDsD,2,1,3,0.67
PDsH,4,5,9,0.44
PDsI,0,0,0,
PDsL,2,1,3,0.67
PDsM,0,8,8,0.0
PDsN,5,1,6,0.83
PDsP,3,2,5,0.6
PDsS,3,3,6,0.5
PDsb,2,2,4,0.5
PDsl,1,0,1,1.0
PDsm,0,3,3,0.0
PDsn,2,0,2,1.0
PDss,0,6,6,0.0
PDst,0,0,0,
PDtB,2,1,3,0.67
PDtL,0,1,1,0.0
PDtN,1,0,1,1.0
PDtP,1,0,1,1.0
PDtS,0,0,0,
PHBB,5,6,11,0.45
PHBD,1,0,1,1.0
PHBK,0,1,1,0.0
PHBL,1,3,4,0.25
PHBM,2,5,7,0.29
PHBN,3,4,7,0.43
PHBP,5,3,8,0.62
PHBS,0,2,2,0.0
PHBb,1,4,5,0.2
PHBj,2,0,2,1.0
PHBl,2,1,3,0.67
PHBm,4,4,8,0.5
PHBn,1,2,3,0.33
PHBs,1,2,3,0.33
PHDB,0,1,1,0.0
PHDD,0,1,1,0.0
PHDH,1,0,1,1.0
PHDL,0,1,1,0.0
PHDM,3,1,4,0.75
PHDP,0,1,1,0.0
PHDS,6,0,6,1.0
PHDb,0,1,1,0.0
PHDl,0,1,1,0.0
PHDm,4,0,4,1.0
PHDn,0,2,2,0.0
PHDs,0,2,2,0.0
PHHH,1,2,3,0.33
PHHL,0,1,1,0.0
PHHM,1,0,1,1.0
PHHN,1,0,1,1.0
PHHP,1,2,3,0.33
PHHS,1,1,2,0.5
PHHh,0,1,1,0.0
PHHm,0,0,0,
PHHn,1,0,1,1.0
PHIB,1,0,1,1.0
PHID,0,0,0,
PHIH,0,1,1,0.0
PHIL,0,1,1,0.0
PHIM,0,0,0,
PHIP,1,1,2,0.5
PHIb,0,1,1,0.0
PHIl,1,0,1,1.0
PHKN,0,1,1,0.0
PHKP,0,1,1,0.0
PHKS,0,1,1,0.0
PHKb,1,0,1,1.0
PHKm,0,2,2,0.0
PHKs,0,1,1,0.0
PHLB,1,0,1,1.0
PHLL,1,0,1,1.0
PHLM,1,2,3,0.33
PHLN,1,1,2,0.5
PHLP,2,1,3,0.67
PHLS,1,3,4,0.25
PHLb,2,1,3,0.67
PHLm,3,2,5,0.6
PHLn,0,3,3,0.0
PHLs,0,2,2,0.0
PHMB,3,4,7,0.43
PHMD,2,1,3,0.67
PHML,2,1,3,0.67
PHMM,5,4,9,0.56
PHMN,1,6,7,0.14
PHMP,11,4,15,0.73
PHMS,2,3,5,0.4
PHMb,2,4,6,0.33
PHMh,2,6,8,0.25
PHMj,0,1,1,0.0
PHMl,1,0,1,1.0
PHMm,3,1,4,0.75
PHMn,2,4,6,0.33
PHMs,4,2,6,0.67
PHNB,1,4,5,0.2
PHND,1,1,2,0.5
PHNH,0,1,1,0.0
PHNK,3,0,3,1.0
PHNL,1,0,1,1.0
PHNM,4,8,12,0.33
PHNN,6,7,13,0.46
PHNP,11,5,16,0.69
PHNS,2,5,7,0.29
PHNb,4,3,7,0.57
PHNl,1,1,2,0.5
PHNm,7,3,10,0.7
PHNn,4,6,10,0.4
PHNs,3,3,6,0.5
PHNt,2,0,2,1.0
PHPB,4,2,6,0.67
PHPD,1,0,1,1.0
PHPH,1,0,1,1.0
PHPI,0,3,3,0.0
PHPL,2,4,6,0.33
PHPM,11,8,19,0.58
PHPN,6,6,12,0.5
PHPP,5,13,18,0.28
PHPS,1,4,5,0.2
PHPb,6,4,10,0.6
PHPl,6,0,6,1.0
PHPm,3,5,8,0.38
PHPn,3,3,6,0.5
PHPs,3,4,7,0.43
PHPt,0,1,1,0.0
PHSB,3,5,8,0.38
PHSD,0,0,0,
PHSH,1,2,3,0.33
PHSL,1,1,2,0.5
PHSM,3,5,8,0.38
PHSN,2,1,3,0.67
PHSP,1,4,5,0.2
PHSS,4,4,8,0.5
PHSb,1,4,5,0.2
PHSh,0,1,1,0.0
PHSl,1,3,4,0.25
PHSm,4,3,7,0.57
PHSn,2,3,5,0.4
PHSs,2,3,5,0.4
PHSt,1,0,1,1.0
PHbB,3,0,3,1.0
PHbD,0,2,2,0.0
PHbI,1,0,1,1.0
PHbK,0,1,1,0.0
PHbL,0,1,1,0.0
PHbM,3,3,6,0.5
PHbN,7,5,12,0.58
PHbP,6,2,8,0.75
PHbS,3,1,4,0.75
PHbb,2,4,6,0.33
PHbl,1,0,1,1.0
PHbm,2,3,5,0.4
PHbs,2,2,4,0.5
PHhB,1,1,2,0.5
PHhD,0,1,1,0.0
PHhM,1,0,1,1.0
PHhN,1,0,1,1.0
PHhP,1,2,3,0.33
PHhS,2,1,3,0.67
PHhb,1,2,3,0.33
PHhh,3,2,5,0.6
PHhl,0,1,1,0.0
PHhm,3,0,3,1.0
PHhn,0,3,3,0.0
PHhs,1,3,4,0.25
PHlB,2,2,4,0.5
PHlH,2,1,3,0.67
PHlJ,0,1,1,0.0
PHlL,0,1,1,0.0
PHlM,3,2,5,0.6
PHlN,3,1,4,0.75
PHlP,1,0,1,1.0
PHlS,0,2,2,0.0
PHlb,2,3,5,0.4
PHlm,0,0,0,
PHln,1,2,3,0.33
PHls,1,0,1,1.0
PHmB,4,7,11,0.36
PHmD,1,0,1,1.0
PHmH,3,4,7,0.43
PHmJ,3,0,3,1.0
PHmL,1,1,2,0.5
PHmM,4,12,16,0.25
PHmN,4,2,6,0.67
PHmP,7,8,15,0.47
PHmS,3,4,7,0.43
PHmb,5,3,8,0.62
PHml,2,2,4,0.5
PHmm,14,4,18,0.78
PHmn,2,7,9,0.22
PHms,2,6,8,0.25
PHnB,2,0,2,1.0
PHnD,2,0,2,1.0
PHnH,3,1,4,0.75
PHnI,0,1,1,0.0
PHnK,0,0,0,
PHnL,1,1,2,0.5
PHnM,5,6,11,0.45
PHnN,5,6,11,0.45
PHnP,7,8,15,0.47
PHnS,4,6,10,0.4
PHnb,1,6,7,0.14
PHnh,0,1,1,0.0
PHnl,1,1,2,0.5
PHnm,6,6,12,0.5
PHnn,6,4,10,0.6
PHns,4,2,6,0.67
PHsB,4,1,5,0.8
PHsD,0,0,0,
PHsH,3,6,9,0.33
PHsI,1,0,1,1.0
PHsK,1,0,1,1.0
PHsL,0,0,0,
PHsM,3,5,8,0.38
PHsN,5,3,8,0.62
PHsP,4,1,5,0.8
PHsS,3,5,8,0.38
PHsb,5,3,8,0.62
PHsl,0,2,2,0.0
PHsm,6,5,11,0.55
PHsn,4,4,8,0.5
PHss,7,2,9,0.78
PHtB,0,1,1,0.0
PHtP,0,0,0,
PIBB,1,0,1,1.0
PIBD,1,0,1,1.0
PIBL,1,0,1,1.0
PIBM,0,1,1,0.0
PIBN,0,2,2,0.0
PIBP,1,1,2,0.5
PIBS,1,1,2,0.5
PIBb,1,0,1,1.0
PIBl,2,1,3,0.67
PIBm,0,2,2,0.0
PIBn,1,1,2,0.5
PIDB,0,0,0,
PIDH,1,2,3,0.33
PIDL,0,1,1,0.0
PIDN,0,1,1,0.0
PIDP,0,1,1,0.0
PIDS,2,1,3,0.67
PIDb,0,0,0,
PIDl,1,1,2,0.5
PIDm,2,0,2,1.0
PIHB,0,1,1,0.0
PIHD,1,0,1,1.0
PIHH,0,0,0,
PIHL,1,2,3,0.33
PIHM,0,3,3,0.0
PIHN,0,1,1,0.0
PIHP,1,5,6,0.17
PIHS,0,1,1,0.0
PIHh,0,1,1,0.0
PIHl,1,0,1,1.0
PIHm,0,3,3,0.0
PIHn,0,1,1,0.0
PIHs,1,0,1,1.0
PIIM,0,0,0,
PIIm,1,0,1,1.0
PILB,0,1,1,0.0
PILM,1,1,2,0.5
PILN,0,0,0,
PILP,2,1,3,0.67
PILS,1,1,2,0.5
PILm,1,0,1,1.0
PILt,0,1,1,0.0
PIMB,2,5,7,0.29
PIMD,0,1,1,0.0
PIML,1,0,1,1.0
PIMM,2,2,4,0.5
PIMN,1,2,3,0.33
PIMP,0,2,2,0.0
PIMb,2,1,3,0.67
PIMh,0,1,1,0.0
PIMl,1,0,1,1.0
PIMm,1,0,1,1.0
PIMn,1,2,3,0.33
PIMs,2,0,2,1.0
PIND,1,0,1,1.0
PINL,1,0,1,1.0
PINM,1,1,2,0.5
PINN,1,0,1,1.0
PINP,0,3,3,0.0
PINS,1,1,2,0.5
PINh,1,0,1,1.0
PINl,1,0,1,1.0
PINm,1,1,2,0.5
PINn,1,2,3,0.33
PINs,2,1,3,0.67
PIPB,1,1,2,0.5
PIPL,1,1,2,0.5
PIPM,4,5,9,0.44
PIPN,2,0,2,1.0
PIPP,0,1,1,0.0
PIPS,0,3,3,0.0
PIPb,1,2,3,0.33
PIPm,2,4,6,0.33
PIPn,0,2,2,0.0
PIPs,2,0,2,1.0
PIPt,0,1,1,0.0
PISB,2,1,3,0.67
PISI,0,1,1,0.0
PISL,1,1,2,0.5
PISM,1,1,2,0.5
PISN,2,0,2,1.0
PISP,2,1,3,0.67
PISS,3,0,3,1.0
PISb,1,0,1,1.0
PISh,0,1,1,0.0
PISl,1,1,2,0.5
PISm,2,1,3,0.67
PISn,1,1,2,0.5
PISs,2,3,5,0.4
PISt,1,0,1,1.0
PIbB,0,2,2,0.0
PIbD,0,1,1,0.0
PIbH,1,0,1,1.0
PIbJ,0,1,1,0.0
PIbK,1,0,1,1.0
PIbL,1,0,1,1.0
PIbM,3,4,7,0.43
PIbN,0,1,1,0.0
PIbP,3,2,5,0.6
PIbS,0,1,1,0.0
PIbb,3,2,5,0.6
PIbl,1,1,2,0.5
PIbm,2,1,3,0.67
PIbn,2,1,3,0.67
PIbs,2,0,2,1.0
PIlH,0,1,1,0.0
PIlI,0,1,1,0.0
PIlP,0,1,1,0.0
PIlb,1,0,1,1.0
PIlm,1,0,1,1.0
PIls,1,0,1,1.0
PImB,1,0,1,1.0
PImD,0,1,1,0.0
PImH,1,0,1,1.0
PImM,2,0,2,1.0
PImN,1,1,2,0.5
PImP,1,0,1,1.0
PImS,2,1,3,0.67
PImb,3,3,6,0.5
PImm,3,2,5,0.6
PImn,2,1,3,0.67
PIms,0,1,1,0.0
PInB,2,0,2,1.0
PInH,2,0,2,1.0
PInK,0,1,1,0.0
PInM,1,0,1,1.0
PInN,1,2,3,0.33
PInP,1,1,2,0.5
PInS,2,1,3,0.67
PInb,2,2,4,0.5
PInl,0,1,1,0.0
PInm,0,1,1,0.0
PInn,0,2,2,0.0
PIns,0,1,1,0.0
PIsB,0,1,1,0.0
PIsI,0,0,0,
PIsM,1,2,3,0.33
PIsP,2,0,2,1.0
PIsS,1,1,2,0.5
PIsl,1,1,2,0.5
PIsm,1,2,3,0.33
PIss,0,1,1,0.0
PItN,0,0,0,
PItP,1,1,2,0.5
PItm,1,0,1,1.0
PKBB,3,3,6,0.5
PKBD,0,1,1,0.0
PKBL,0,1,1,0.0
PKBM,1,0,1,1.0
PKBN,2,0,2,1.0
PKBP,0,3,3,0.0
PKBS,0,2,2,0.0
PKBb,1,0,1,1.0
PKBl,1,1,2,0.5
PKBm,4,3,7,0.57
PKBn,1,1,2,0.5
PKBs,0,1,1,0.0
PKDB,1,2,3,0.33
PKDD,0,0,0,
PKDH,0,1,1,0.0
PKDN,0,1,1,0.0
PKDP,1,1,2,0.5
PKDl,1,3,4,0.25
PKDm,1,0,1,1.0
PKDn,0,1,1,0.0
PKDs,1,1,2,0.5
PKHB,0,1,1,0.0
PKHM,1,0,1,1.0
PKHS,0,2,2,0.0
PKHn,0,1,1,0.0
PKHs,1,0,1,1.0
PKIb,1,0,1,1.0
PKIl,0,0,0,
PKIm,0,0,0,
PKIs,0,1,1,0.0
PKLB,1,0,1,1.0
PKLL,0,2,2,0.0
PKLM,0,1,1,0.0
PKLN,0,1,1,0.0
PKLP,2,1,3,0.67
PKLS,1,0,1,1.0
PKLh,0,0,0,
PKLj,0,1,1,0.0
PKLl,1,1,2,0.5
PKLm,0,3,3,0.0
PKLn,2,0,2,1.0
PKMB,1,5,6,0.17
PKMD,0,0,0,
PKML,1,2,3,0.33
PKMM,2,7,9,0.22
PKMN,3,0,3,1.0
PKMP,3,3,6,0.5
PKMS,3,2,5,0.6
PKMb,0,4,4,0.0
PKMh,3,2,5,0.6
PKMl,2,2,4,0.5
PKMm,6,5,11,0.55
PKMn,1,2,3,0.33
PKMs,1,0,1,1.0
PKMt,1,0,1,1.0
PKNB,2,2,4,0.5
PKND,0,0,0,
PKNH,0,0,0,
PKNL,2,0,2,1.0
PKNM,0,3,3,0.0
PKNN,1,1,2,0.5
PKNP,3,2,5,0.6
PKNS,1,0,1,1.0
PKNb,2,2,4,0.5
PKNl,0,2,2,0.0
PKNm,2,2,4,0.5
PKNn,1,1,2,0.5
PKNs,0,1,1,0.0
PKPB,1,2,3,0.33
PKPD,2,0,2,1.0
PKPH,0,1,1,0.0
PKPI,1,0,1,1.0
PKPL,1,2,3,0.33
PKPM,3,2,5,0.6
PKPN,2,2,4,0.5
PKPP,0,2,2,0.0
PKPS,1,5,6,0.17
PKPb,6,2,8,0.75
PKPh,1,0,1,1.0
PKPl,0,1,1,0.0
PKPm,2,5,7,0.29
PKPn,0,3,3,0.0
PKPs,0,1,1,0.0
PKSB,2,3,5,0.4
PKSD,0,0,0,
PKSH,0,0,0,
PKSL,2,1,3,0.67
PKSM,1,1,2,0.5
PKSN,1,2,3,0.33
PKSP,1,2,3,0.33
PKSS,3,3,6,0.5
PKSb,2,1,3,0.67
PKSh,2,0,2,1.0
PKSm,2,1,3,0.67
PKSn,0,2,2,0.0
PKSs,0,1,1,0.0
PKbB,2,0,2,1.0
PKbK,0,1,1,0.0
PKbL,0,1,1,0.0
PKbM,2,2,4,0.5
PKbN,3,1,4,0.75
PKbP,3,1,4,0.75
PKbS,0,0,0,
PKbb,2,5,7,0.29
PKbl,0,1,1,0.0
PKbm,1,1,2,0.5
PKbn,1,2,3,0.33
PKbs,1,1,2,0.5
PKhB,1,1,2,0.5
PKhD,1,1,2,0.5
PKhH,0,0,0,
PKhL,0,1,1,0.0
PKhM,0,1,1,0.0
PKhN,0,2,2,0.0
PKhP,1,1,2,0.5
PKhS,3,1,4,0.75
PKhb,1,1,2,0.5
PKhh,0,3,3,0.0
PKhl,1,1,2,0.5
PKhm,0,4,4,0.0
PKhn,1,2,3,0.33
PKhs,1,4,5,0.2
PKht,0,1,1,0.0
PKlB,0,0,0,
PKlD,1,1,2,0.5
PKlM,1,3,4,0.25
PKlN,4,1,5,0.8
PKlP,0,2,2,0.0
PKlb,1,0,1,1.0
PKll,1,0,1,1.0
PKlm,1,1,2,0.5
PKln,0,0,0,
PKls,1,0,1,1.0
PKmB,3,4,7,0.43
PKmD,3,1,4,0.75
PKmH,3,0,3,1.0
PKmL,0,0,0,
PKmM,2,6,8,0.25
PKmN,4,2,6,0.67
PKmP,3,1,4,0.75
PKmS,0,2,2,0.0
PKmb,1,6,7,0.14
PKml,1,1,2,0.5
PKmm,0,3,3,0.0
PKmn,0,1,1,0.0
PKms,6,4,10,0.6
PKnB,1,0,1,1.0
PKnH,0,2,2,0.0
PKnK,1,0,1,1.0
PKnL,0,0,0,
PKnM,2,3,5,0.4
PKnN,0,3,3,0.0
PKnP,2,0,2,1.0
PKnS,4,2,6,0.67
PKnb,4,5,9,0.44
PKnm,2,2,4,0.5
PKnn,1,2,3,0.33
PKns,0,4,4,0.0
PKsB,2,1,3,0.67
PKsD,2,2,4,0.5
PKsH,1,2,3,0.33
PKsL,0,2,2,0.0
PKsM,1,1,2,0.5
PKsN,2,2,4,0.5
PKsP,2,2,4,0.5
PKsS,2,0,2,1.0
PKsb,1,2,3,0.33
PKsh,0,1,1,0.0
PKsl,0,2,2,0.0
PKsn,0,0,0,
PKss,0,2,2,0.0
PKtM,1,0,1,1.0
PKtN,1,0,1,1.0
PKth,1,0,1,1.0
PKts,0,0,0,
PLBB,6,11,17,0.35
PLBD,2,0,2,1.0
PLBH,0,1,1,0.0
PLBK,2,0,2,1.0
PLBL,0,3,3,0.0
PLBM,2,7,9,0.22
PLBN,11,6,17,0.65
PLBP,9,13,22,0.41
PLBS,3,3,6,0.5
PLBb,7,6,13,0.54
PLBh,0,1,1,0.0
PLBj,1,0,1,1.0
PLBl,4,3,7,0.57
PLBm,3,9,12,0.25
PLBn,10,10,20,0.5
PLBs,3,4,7,0.43
PLDB,2,3,5,0.4
PLDD,0,3,3,0.0
PLDH,1,0,1,1.0
PLDM,1,2,3,0.33
PLDN,0,1,1,0.0
PLDP,2,1,3,0.67
PLDS,3,1,4,0.75
PLDm,1,1,2,0.5
PLDn,1,1,2,0.5
PLDs,1,0,1,1.0
PLHP,0,2,2,0.0
PLKL,1,1,2,0.5
PLKM,0,1,1,0.0
PLKN,1,0,1,1.0
PLKP,0,0,0,
PLKh,0,1,1,0.0
PLKn,1,0,1,1.0
PLLB,3,6,9,0.33
PLLD,0,1,1,0.0
PLLL,2,1,3,0.67
PLLM,2,2,4,0.5
PLLN,6,3,9,0.67
PLLP,1,7,8,0.12
PLLS,0,2,2,0.0
PLLb,0,4,4,0.0
PLLh,1,0,1,1.0
PLLl,2,1,3,0.67
PLLm,6,5,11,0.55
PLLn,7,3,10,0.7
PLLs,2,2,4,0.5
PLMB,6,13,19,0.32
PLMD,2,2,4,0.5
PLML,0,0,0,
PLMM,5,6,11,0.45
PLMN,6,7,13,0.46
PLMP,9,10,19,0.47
PLMS,4,2,6,0.67
PLMb,7,5,12,0.58
PLMh,4,7,11,0.36
PLMj,1,1,2,0.5
PLMl,1,6,7,0.14
PLMm,6,10,16,0.38
PLMn,7,5,12,0.58
PLMs,4,1,5,0.8
PLNB,6,9,15,0.4
PLND,1,3,4,0.25
PLNH,1,0,1,1.0
PLNK,1,1,2,0.5
PLNL,1,2,3,0.33
PLNM,7,4,11,0.64
PLNN,6,4,10,0.6
PLNP,2,8,10,0.2
PLNS,5,3,8,0.62
PLNb,5,4,9,0.56
PLNh,3,2,5,0.6
PLNl,4,2,6,0.67
PLNm,7,5,12,0.58
PLNn,6,5,11,0.55
PLNs,3,3,6,0.5
PLNt,0,3,3,0.0
PLPB,8,8,16,0.5
PLPD,1,0,1,1.0
PLPH,2,2,4,0.5
PLPI,2,0,2,1.0
PLPK,1,1,2,0.5
PLPL,7,3,10,0.7
PLPM,7,14,21,0.33
PLPN,5,7,12,0.42
PLPP,13,5,18,0.72
PLPS,8,4,12,0.67
PLPb,8,6,14,0.57
PLPh,1,0,1,1.0
PLPl,9,5,14,0.64
PLPm,13,8,21,0.62
PLPn,12,4,16,0.75
PLPs,5,10,15,0.33
PLPt,2,0,2,1.0
PLSB,7,2,9,0.78
PLSD,0,2,2,0.0
PLSH,0,0,0,
PLSL,2,3,5,0.4
PLSM,7,3,10,0.7
PLSN,7,3,10,0.7
PLSP,3,8,11,0.27
PLSS,2,6,8,0.25
PLSb,3,1,4,0.75
PLSh,2,2,4,0.5
PLSl,5,0,5,1.0
PLSm,5,5,10,0.5
PLSn,1,7,8,0.12
PLSs,1,2,3,0.33
PLbB,8,1,9,0.89
PLbD,0,0,0,
PLbH,1,2,3,0.33
PLbJ,0,0,0,
PLbK,0,1,1,0.0
PLbL,2,0,2,1.0
PLbM,3,7,10,0.3
PLbN,6,8,14,0.43
PLbP,5,6,11,0.45
PLbS,3,8,11,0.27
PLbb,3,6,9,0.33
PLbl,4,1,5,0.8
PLbm,11,3,14,0.79
PLbn,7,3,10,0.7
PLbs,3,5,8,0.38
PLhB,3,3,6,0.5
PLhD,0,1,1,0.0
PLhL,1,2,3,0.33
PLhM,4,3,7,0.57
PLhN,1,2,3,0.33
PLhP,4,2,6,0.67
PLhS,1,2,3,0.33
PLhb,1,1,2,0.5
PLhh,0,1,1,0.0
PLhl,1,2,3,0.33
PLhm,1,2,3,0.33
PLhn,1,0,1,1.0
PLhs,3,3,6,0.5
PLht,0,1,1,0.0
PLjL,1,1,2,0.5
PLjM,1,0,1,1.0
PLjN,1,0,1,1.0
PLjP,1,0,1,1.0
PLjS,1,0,1,1.0
PLjb,2,0,2,1.0
PLjh,0,1,1,0.0
PLjm,1,0,1,1.0
PLjn,1,1,2,0.5
PLjs,1,1,2,0.5
PLjt,1,0,1,1.0
PLlB,2,6,8,0.25
PLlH,1,3,4,0.25
PLlJ,0,1,1,0.0
PLlL,1,6,7,0.14
PLlM,4,1,5,0.8
PLlN,5,3,8,0.62
PLlP,5,6,11,0.45
PLlS,2,1,3,0.67
PLlb,1,6,7,0.14
PLll,1,0,1,1.0
PLlm,4,2,6,0.67
PLln,1,3,4,0.25
PLls,2,5,7,0.29
PLmB,9,8,17,0.53
PLmD,1,2,3,0.33
PLmH,5,6,11,0.45
PLmI,0,0,0,
PLmJ,1,2,3,0.33
PLmK,0,1,1,0.0
PLmL,4,4,8,0.5
PLmM,6,7,13,0.46
PLmN,9,10,19,0.47
PLmP,11,9,20,0.55
PLmS,3,5,8,0.38
PLmb,5,8,13,0.38
PLml,5,0,5,1.0
PLmm,8,7,15,0.53
PLmn,8,8,16,0.5
PLms,4,5,9,0.44
PLnB,4,5,9,0.44
PLnD,3,0,3,1.0
PLnH,4,4,8,0.5
PLnI,0,1,1,0.0
PLnL,3,1,4,0.75
PLnM,6,6,12,0.5
PLnN,9,7,16,0.56
PLnP,15,5,20,0.75
PLnS,7,6,13,0.54
PLnb,3,7,10,0.3
PLnh,1,0,1,1.0
PLnl,2,3,5,0.4
PLnm,13,10,23,0.57
PLnn,10,7,17,0.59
PLns,7,4,11,0.64
PLsB,2,5,7,0.29
PLsD,1,0,1,1.0
PLsH,2,4,6,0.33
PLsI,2,0,2,1.0
PLsL,2,2,4,0.5
PLsM,3,4,7,0.43
PLsN,4,4,8,0.5
PLsP,5,4,9,0.56
PLsS,7,3,10,0.7
PLsb,2,3,5,0.4
PLsl,2,3,5,0.4
PLsm,5,4,9,0.56
PLsn,4,2,6,0.67
PLss,2,3,5,0.4
PLtB,0,1,1,0.0
PLtD,1,1,2,0.5
PLtH,1,0,1,1.0
PLtL,1,0,1,1.0
PLtM,0,0,0,
PLtb,1,0,1,1.0
PLtm,4,2,6,0.67
PLtn,0,1,1,0.0
PLts,1,1,2,0.5
PMBB,15,22,37,0.41
PMBD,5,0,5,1.0
PMBK,3,2,5,0.6
PMBL,3,7,10,0.3
PMBM,16,18,34,0.47
PMBN,17,13,30,0.57
PMBP,23,22,45,0.51
PMBS,5,6,11,0.45
PMBb,12,14,26,0.46
PMBh,2,1,3,0.67
PMBj,2,4,6,0.33
PMBl,1,6,7,0.14
PMBm,21,23,44,0.48
PMBn,16,17,33,0.48
PMBs,11,7,18,0.61
PMDB,6,4,10,0.6
PMDD,1,2,3,0.33
PMDH,0,2,2,0.0
PMDI,0,1,1,0.0
PMDL,4,1,5,0.8
PMDM,8,7,15,0.53
PMDN,1,5,6,0.17
PMDP,4,1,5,0.8
PMDS,2,1,3,0.67
PMDb,1,3,4,0.25
PMDl,5,1,6,0.83
PMDm,3,7,10,0.3
PMDn,0,3,3,0.0
PMDs,5,3,8,0.62
PMDt,1,0,1,1.0
PMHH,0,1,1,0.0
PMHK,0,0,0,
PMHP,2,0,2,1.0
PMIL,0,1,1,0.0
PMKD,1,0,1,1.0
PMKI,0,1,1,0.0
PMKN,1,0,1,1.0
PMKP,0,1,1,0.0
PMKb,1,0,1,1.0
PMKm,0,1,1,0.0
PMLB,6,7,13,0.46
PMLD,0,0,0,
PMLH,1,0,1,1.0
PMLL,1,3,4,0.25
PMLM,6,3,9,0.67
PMLN,9,7,16,0.56
PMLP,5,6,11,0.45
PMLS,1,5,6,0.17
PMLb,5,5,10,0.5
PMLh,2,0,2,1.0
PMLj,3,1,4,0.75
PMLl,2,4,6,0.33
PMLm,5,6,11,0.45
PMLn,8,13,21,0.38
PMLs,1,4,5,0.2
PMLt,1,1,2,0.5
PMMB,14,20,34,0.41
PMMD,7,2,9,0.78
PMMK,0,0,0,
PMML,4,3,7,0.57
PMMM,12,13,25,0.48
PMMN,18,11,29,0.62
PMMP,16,29,45,0.36
PMMS,8,10,18,0.44
PMMb,17,13,30,0.57
PMMh,15,12,27,0.56
PMMj,0,1,1,0.0
PMMl,2,4,6,0.33
PMMm,33,22,55,0.6
PMMn,22,23,45,0.49
PMMs,8,7,15,0.53
PMMt,1,0,1,1.0
PMNB,10,10,20,0.5
PMND,3,3,6,0.5
PMNH,0,1,1,0.0
PMNK,3,3,6,0.5
PMNL,4,4,8,0.5
PMNM,13,12,25,0.52
PMNN,18,19,37,0.49
PMNP,29,18,47,0.62
PMNS,9,9,18,0.5
PMNb,14,10,24,0.58
PMNh,6,6,12,0.5
PMNl,3,5,8,0.38
PMNm,19,16,35,0.54
PMNn,16,18,34,0.47
PMNs,14,7,21,0.67
PMNt,2,1,3,0.67
PMPB,23,15,38,0.61
PMPD,3,4,7,0.43
PMPH,6,5,11,0.55
PMPI,3,1,4,0.75
PMPK,2,3,5,0.4
PMPL,7,12,19,0.37
PMPM,17,22,39,0.44
PMPN,15,31,46,0.33
PMPP,33,24,57,0.58
PMPS,13,9,22,0.59
PMPb,24,24,48,0.5
PMPh,2,4,6,0.33
PMPl,4,10,14,0.29
PMPm,22,21,43,0.51
PMPn,26,19,45,0.58
PMPs,14,9,23,0.61
PMPt,0,3,3,0.0
PMSB,8,5,13,0.62
PMSD,2,0,2,1.0
PMSH,2,0,2,1.0
PMSL,4,3,7,0.57
PMSM,7,14,21,0.33
PMSN,8,5,13,0.62
PMSP,9,12,21,0.43
PMSS,9,19,28,0.32
PMSb,5,7,12,0.42
PMSh,4,5,9,0.44
PMSl,2,6,8,0.25
PMSm,15,21,36,0.42
PMSn,7,7,14,0.5
PMSs,17,6,23,0.74
PMSt,1,2,3,0.33
PMbB,12,9,21,0.57
PMbD,2,4,6,0.33
PMbH,4,3,7,0.57
PMbI,3,1,4,0.75
PMbJ,0,2,2,0.0
PMbK,0,1,1,0.0
PMbL,5,4,9,0.56
PMbM,12,17,29,0.41
PMbN,16,12,28,0.57
PMbP,23,19,42,0.55
PMbS,7,9,16,0.44
PMbb,13,14,27,0.48
PMbl,3,2,5,0.6
PMbm,20,7,27,0.74
PMbn,23,13,36,0.64
PMbs,5,1,6,0.83
PMhB,12,7,19,0.63
PMhD,5,1,6,0.83
PMhH,2,4,6,0.33
PMhI,1,0,1,1.0
PMhK,0,0,0,
PMhL,0,4,4,0.0
PMhM,10,25,35,0.29
PMhN,11,10,21,0.52
PMhP,21,13,34,0.62
PMhS,12,9,21,0.57
PMhb,5,10,15,0.33
PMhh,19,7,26,0.73
PMhl,9,9,18,0.5
PMhm,17,21,38,0.45
PMhn,16,15,31,0.52
PMhs,6,12,18,0.33
PMjB,0,2,2,0.0
PMjL,1,1,2,0.5
PMjM,2,2,4,0.5
PMjN,0,1,1,0.0
PMjP,2,3,5,0.4
PMjS,1,1,2,0.5
PMjb,0,1,1,0.0
PMjm,1,1,2,0.5
PMjn,1,1,2,0.5
PMjs,0,1,1,0.0
PMlB,4,6,10,0.4
PMlD,2,0,2,1.0
PMlH,2,3,5,0.4
PMlJ,5,0,5,1.0
PMlK,0,0,0,
PMlL,4,2,6,0.67
PMlM,4,11,15,0.27
PMlN,1,12,13,0.08
PMlP,6,9,15,0.4
PMlS,4,4,8,0.5
PMlb,6,0,6,1.0
PMll,3,2,5,0.6
PMlm,7,6,13,0.54
PMln,2,9,11,0.18
PMls,3,1,4,0.75
PMmB,18,22,40,0.45
PMmD,9,8,17,0.53
PMmH,13,21,34,0.38
PMmI,0,1,1,0.0
PMmJ,2,2,4,0.5
PMmK,0,2,2,0.0
PMmL,6,8,14,0.43
PMmM,27,23,50,0.54
PMmN,22,22,44,0.5
PMmP,28,32,60,0.47
PMmS,10,17,27,0.37
PMmb,18,15,33,0.55
PMmh,0,0,0,
PMml,3,6,9,0.33
PMmm,23,18,41,0.56
PMmn,20,15,35,0.57
PMms,10,12,22,0.45
PMnB,15,19,34,0.44
PMnD,6,3,9,0.67
PMnH,7,19,26,0.27
PMnI,3,1,4,0.75
PMnK,6,2,8,0.75
PMnL,8,6,14,0.57
PMnM,24,18,42,0.57
PMnN,22,23,45,0.49
PMnP,18,19,37,0.49
PMnS,17,11,28,0.61
PMnb,11,8,19,0.58
PMnh,0,1,1,0.0
PMnl,2,6,8,0.25
PMnm,19,16,35,0.54
PMnn,17,18,35,0.49
PMns,12,17,29,0.41
PMsB,12,7,19,0.63
PMsD,7,5,12,0.58
PMsH,13,18,31,0.42
PMsI,2,0,2,1.0
PMsL,3,6,9,0.33
PMsM,7,13,20,0.35
PMsN,13,6,19,0.68
PMsP,13,19,32,0.41
PMsS,12,15,27,0.44
PMsb,8,8,16,0.5
PMsh,1,0,1,1.0
PMsl,2,4,6,0.33
PMsm,9,5,14,0.64
PMsn,9,8,17,0.53
PMss,7,9,16,0.44
PMtB,0,3,3,0.0
PMtD,0,1,1,0.0
PMtH,1,0,1,1.0
PMtM,3,2,5,0.6
PMtN,2,2,4,0.5
PMtP,1,1,2,0.5
PMtS,0,2,2,0.0
PMtb,3,5,8,0.38
PMtl,0,0,0,
PMtm,1,0,1,1.0
PMtn,1,3,4,0.25
PMts,1,0,1,1.0
PMtt,0,1,1,0.0
PNBB,13,16,29,0.45
PNBD,2,3,5,0.4
PNBH,0,1,1,0.0
PNBK,1,0,1,1.0
PNBL,6,5,11,0.55
PNBM,11,11,22,0.5
PNBN,11,16,27,0.41
PNBP,21,18,39,0.54
PNBS,5,12,17,0.29
PNBb,14,17,31,0.45
PNBh,1,0,1,1.0
PNBj,3,5,8,0.38
PNBl,4,1,5,0.8
PNBm,15,14,29,0.52
PNBn,17,17,34,0.5
PNBs,8,5,13,0.62
PNBt,0,1,1,0.0
PNDB,3,5,8,0.38
PNDD,1,0,1,1.0
PNDH,2,3,5,0.4
PNDL,0,1,1,0.0
PNDM,9,3,12,0.75
PNDN,5,3,8,0.62
PNDP,5,4,9,0.56
PNDS,1,3,4,0.25
PNDb,4,2,6,0.67
PNDl,1,2,3,0.33
PNDm,3,2,5,0.6
PNDn,1,1,2,0.5
PNDs,1,4,5,0.2
PNDt,0,2,2,0.0
PNHB,2,1,3,0.67
PNHD,0,0,0,
PNHH,0,1,1,0.0
PNHI,0,1,1,0.0
PNHK,2,0,2,1.0
PNHL,2,2,4,0.5
PNHM,1,2,3,0.33
PNHN,2,4,6,0.33
PNHP,4,2,6,0.67
PNHS,2,3,5,0.4
PNHb,0,2,2,0.0
PNHh,0,1,1,0.0
PNHl,1,1,2,0.5
PNHm,1,4,5,0.2
PNHn,0,1,1,0.0
PNHs,4,3,7,0.57
PNIB,1,0,1,1.0
PNIL,0,1,1,0.0
PNIm,0,1,1,0.0
PNKB,3,0,3,1.0
PNKI,1,0,1,1.0
PNKM,1,2,3,0.33
PNKN,3,2,5,0.6
PNKP,1,1,2,0.5
PNKS,1,0,1,1.0
PNKb,2,1,3,0.67
PNKm,0,1,1,0.0
PNKn,2,0,2,1.0
PNKs,2,4,6,0.33
PNLB,5,12,17,0.29
PNLD,0,1,1,0.0
PNLH,0,1,1,0.0
PNLK,0,2,2,0.0
PNLL,3,0,3,1.0
PNLM,2,8,10,0.2
PNLN,6,9,15,0.4
PNLP,6,14,20,0.3
PNLS,3,2,5,0.6
PNLb,9,2,11,0.82
PNLh,3,1,4,0.75
PNLj,0,0,0,
PNLl,3,4,7,0.43
PNLm,12,8,20,0.6
PNLn,8,8,16,0.5
PNLs,7,4,11,0.64
PNLt,0,1,1,0.0
PNMB,7,20,27,0.26
PNMD,2,0,2,1.0
PNMI,1,0,1,1.0
PNML,4,4,8,0.5
PNMM,9,18,27,0.33
PNMN,15,15,30,0.5
PNMP,14,24,38,0.37
PNMS,14,17,31,0.45
PNMb,11,11,22,0.5
PNMh,9,5,14,0.64
PNMj,0,4,4,0.0
PNMl,4,11,15,0.27
PNMm,27,19,46,0.59
PNMn,19,14,33,0.58
PNMs,22,6,28,0.79
PNMt,1,2,3,0.33
PNNB,7,11,18,0.39
PNND,6,9,15,0.4
PNNH,2,4,6,0.33
PNNK,1,2,3,0.33
PNNL,9,1,10,0.9
PNNM,15,19,34,0.44
PNNN,23,30,53,0.43
PNNP,27,22,49,0.55
PNNS,14,14,28,0.5
PNNb,11,10,21,0.52
PNNh,3,4,7,0.43
PNNl,2,6,8,0.25
PNNm,27,22,49,0.55
PNNn,19,23,42,0.45
PNNs,5,17,22,0.23
PNNt,2,0,2,1.0
PNPB,22,20,42,0.52
PNPD,6,5,11,0.55
PNPH,3,5,8,0.38
PNPI,3,0,3,1.0
PNPK,4,6,10,0.4
PNPL,9,12,21,0.43
PNPM,34,24,58,0.59
PNPN,25,24,49,0.51
PNPP,34,24,58,0.59
PNPS,11,22,33,0.33
PNPb,16,17,33,0.48
PNPh,1,2,3,0.33
PNPl,12,16,28,0.43
PNPm,37,21,58,0.64
PNPn,30,22,52,0.58
PNPs,17,14,31,0.55
PNPt,2,2,4,0.5
PNSB,9,6,15,0.6
PNSD,1,7,8,0.12
PNSH,3,2,5,0.6
PNSK,0,2,2,0.0
PNSL,6,6,12,0.5
PNSM,15,12,27,0.56
PNSN,10,10,20,0.5
PNSP,22,17,39,0.56
PNSS,13,16,29,0.45
PNSb,8,5,13,0.62
PNSh,9,14,23,0.39
PNSl,4,5,9,0.44
PNSm,12,13,25,0.48
PNSn,8,14,22,0.36
PNSs,7,12,19,0.37
PNSt,2,0,2,1.0
PNbB,9,11,20,0.45
PNbD,2,0,2,1.0
PNbH,3,5,8,0.38
PNbI,1,1,2,0.5
PNbJ,0,2,2,0.0
PNbK,2,1,3,0.67
PNbL,4,5,9,0.44
PNbM,6,9,15,0.4
PNbN,16,20,36,0.44
PNbP,17,12,29,0.59
PNbS,4,8,12,0.33
PNbb,14,10,24,0.58
PNbl,8,4,12,0.67
PNbm,13,5,18,0.72
PNbn,14,11,25,0.56
PNbs,8,5,13,0.62
PNhB,3,6,9,0.33
PNhD,2,0,2,1.0
PNhH,0,1,1,0.0
PNhI,0,1,1,0.0
PNhL,3,1,4,0.75
PNhM,1,3,4,0.25
PNhN,4,6,10,0.4
PNhP,7,12,19,0.37
PNhS,6,3,9,0.67
PNhb,5,4,9,0.56
PNhh,3,3,6,0.5
PNhl,3,4,7,0.43
PNhm,3,5,8,0.38
PNhn,2,3,5,0.4
PNhs,4,7,11,0.36
PNht,0,0,0,
PNlB,7,6,13,0.54
PNlD,2,0,2,1.0
PNlH,7,2,9,0.78
PNlI,1,0,1,1.0
PNlJ,4,1,5,0.8
PNlL,5,6,11,0.45
PNlM,6,7,13,0.46
PNlN,11,5,16,0.69
PNlP,8,2,10,0.8
PNlS,4,5,9,0.44
PNlb,6,2,8,0.75
PNll,4,3,7,0.57
PNlm,7,5,12,0.58
PNln,2,4,6,0.33
PNls,6,5,11,0.55
PNmB,17,14,31,0.55
PNmD,4,12,16,0.25
PNmH,15,8,23,0.65
PNmI,2,0,2,1.0
PNmJ,3,3,6,0.5
PNmL,2,7,9,0.22
PNmM,16,13,29,0.55
PNmN,20,17,37,0.54
PNmP,26,13,39,0.67
PNmS,18,7,25,0.72
PNmb,18,17,35,0.51
PNmh,0,0,0,
PNml,4,7,11,0.36
PNmm,21,16,37,0.57
PNmn,15,16,31,0.48
PNms,10,8,18,0.56
PNnB,14,11,25,0.56
PNnD,9,3,12,0.75
PNnH,8,11,19,0.42
PNnI,4,5,9,0.44
PNnK,3,1,4,0.75
PNnL,5,5,10,0.5
PNnM,18,21,39,0.46
PNnN,28,23,51,0.55
PNnP,31,28,59,0.53
PNnS,22,21,43,0.51
PNnb,26,14,40,0.65
PNnl,4,4,8,0.5
PNnm,16,27,43,0.37
PNnn,21,26,47,0.45
PNns,13,18,31,0.42
PNsB,5,11,16,0.31
PNsD,5,9,14,0.36
PNsH,11,15,26,0.42
PNsI,2,2,4,0.5
PNsK,0,1,1,0.0
PNsL,5,4,9,0.56
PNsM,4,8,12,0.33
PNsN,16,14,30,0.53
PNsP,15,10,25,0.6
PNsS,7,16,23,0.3
PNsb,7,9,16,0.44
PNsh,1,0,1,1.0
PNsl,6,4,10,0.6
PNsm,15,22,37,0.41
PNsn,11,8,19,0.58
PNss,12,13,25,0.48
PNtB,2,2,4,0.5
PNtD,0,2,2,0.0
PNtH,2,1,3,0.67
PNtL,3,3,6,0.5
PNtM,0,1,1,0.0
PNtN,3,2,5,0.6
PNtP,2,4,6,0.33
PNtS,0,2,2,0.0
PNtb,1,2,3,0.33
PNtl,0,1,1,0.0
PNtm,1,3,4,0.25
PNtn,3,2,5,0.6
PNts,0,0,0,
PPBB,16,20,36,0.44
PPBD,6,3,9,0.67
PPBK,3,2,5,0.6
PPBL,10,13,23,0.43
PPBM,24,22,46,0.52
PPBN,16,13,29,0.55
PPBP,18,23,41,0.44
PPBS,10,12,22,0.45
PPBb,23,17,40,0.57
PPBh,1,3,4,0.25
PPBj,4,2,6,0.67
PPBl,6,10,16,0.38
PPBm,25,31,56,0.45
PPBn,11,16,27,0.41
PPBs,21,6,27,0.78
PPBt,2,0,2,1.0
PPDB,5,1,6,0.83
PPDD,0,1,1,0.0
PPDH,4,4,8,0.5
PPDL,2,0,2,1.0
PPDM,9,4,13,0.69
PPDN,4,2,6,0.67
PPDP,7,5,12,0.58
PPDS,4,2,6,0.67
PPDb,7,8,15,0.47
PPDl,2,1,3,0.67
PPDm,7,5,12,0.58
PPDn,2,1,3,0.67
PPDs,6,4,10,0.6
PPDt,1,0,1,1.0
PPHB,6,5,11,0.55
PPHD,3,4,7,0.43
PPHH,0,0,0,
PPHI,2,0,2,1.0
PPHL,1,4,5,0.2
PPHM,5,6,11,0.45
PPHN,2,8,10,0.2
PPHP,7,4,11,0.64
PPHS,8,0,8,1.0
PPHb,4,2,6,0.67
PPHh,0,1,1,0.0
PPHl,4,1,5,0.8
PPHm,11,13,24,0.46
PPHn,5,11,16,0.31
PPHs,5,7,12,0.42
PPIB,2,1,3,0.67
PPID,0,1,1,0.0
PPIH,0,1,1,0.0
PPIL,3,0,3,1.0
PPIM,2,2,4,0.5
PPIN,0,2,2,0.0
PPIP,3,4,7,0.43
PPIS,1,3,4,0.25
PPIb,4,2,6,0.67
PPIm,1,2,3,0.33
PPIn,3,1,4,0.75
PPKB,3,1,4,0.75
PPKD,1,0,1,1.0
PPKL,3,1,4,0.75
PPKM,2,9,11,0.18
PPKN,3,3,6,0.5
PPKP,6,2,8,0.75
PPKS,4,2,6,0.67
PPKb,0,1,1,0.0
PPKh,1,4,5,0.2
PPKl,3,1,4,0.75
PPKm,1,5,6,0.17
PPKn,1,4,5,0.2
PPKs,4,0,4,1.0
PPLB,12,12,24,0.5
PPLD,3,0,3,1.0
PPLK,2,0,2,1.0
PPLL,4,5,9,0.44
PPLM,12,14,26,0.46
PPLN,11,7,18,0.61
PPLP,13,23,36,0.36
PPLS,8,3,11,0.73
PPLb,8,13,21,0.38
PPLh,7,5,12,0.58
PPLj,2,2,4,0.5
PPLl,9,4,13,0.69
PPLm,17,13,30,0.57
PPLn,10,16,26,0.38
PPLs,3,5,8,0.38
PPLt,0,2,2,0.0
PPMB,17,28,45,0.38
PPMD,5,5,10,0.5
PPMH,0,0,0,
PPMK,1,0,1,1.0
PPML,9,15,24,0.38
PPMM,17,36,53,0.32
PPMN,16,18,34,0.47
PPMP,41,33,74,0.55
PPMS,13,15,28,0.46
PPMb,14,23,37,0.38
PPMh,18,12,30,0.6
PPMj,2,1,3,0.67
PPMl,8,16,24,0.33
PPMm,26,25,51,0.51
PPMn,32,17,49,0.65
PPMs,23,14,37,0.62
PPMt,3,4,7,0.43
PPNB,15,14,29,0.52
PPND,8,3,11,0.73
PPNH,6,3,9,0.67
PPNI,1,0,1,1.0
PPNK,2,1,3,0.67
PPNL,9,7,16,0.56
PPNM,17,24,41,0.41
PPNN,21,22,43,0.49
PPNP,28,30,58,0.48
PPNS,9,17,26,0.35
PPNb,15,15,30,0.5
PPNh,2,2,4,0.5
PPNl,6,9,15,0.4
PPNm,20,20,40,0.5
PPNn,28,24,52,0.54
PPNs,11,21,32,0.34
PPNt,4,0,4,1.0
PPPB,27,27,54,0.5
PPPD,7,4,11,0.64
PPPH,8,6,14,0.57
PPPI,2,4,6,0.33
PPPK,8,2,10,0.8
PPPL,25,25,50,0.5
PPPM,30,37,67,0.45
PPPN,16,25,41,0.39
PPPP,38,46,84,0.45
PPPS,23,16,39,0.59
PPPb,25,25,50,0.5
PPPh,2,6,8,0.25
PPPl,16,18,34,0.47
PPPm,44,28,72,0.61
PPPn,18,18,36,0.5
PPPs,21,17,38,0.55
PPPt,2,7,9,0.22
PPSB,16,11,27,0.59
PPSD,5,4,9,0.56
PPSH,3,0,3,1.0
PPSI,0,2,2,0.0
PPSK,0,1,1,0.0
PPSL,5,11,16,0.31
PPSM,26,23,49,0.53
PPSN,7,14,21,0.33
PPSP,15,18,33,0.45
PPSS,17,18,35,0.49
PPSb,12,11,23,0.52
PPSh,4,8,12,0.33
PPSl,7,11,18,0.39
PPSm,18,14,32,0.56
PPSn,7,14,21,0.33
PPSs,20,14,34,0.59
PPSt,3,3,6,0.5
PPbB,14,21,35,0.4
PPbD,1,1,2,0.5
PPbH,5,4,9,0.56
PPbI,2,1,3,0.67
PPbJ,11,8,19,0.58
PPbK,1,3,4,0.25
PPbL,8,5,13,0.62
PPbM,15,17,32,0.47
PPbN,18,22,40,0.45
PPbP,22,23,45,0.49
PPbS,8,9,17,0.47
PPbb,20,20,40,0.5
PPbl,7,8,15,0.47
PPbm,23,14,37,0.62
PPbn,20,13,33,0.61
PPbs,22,9,31,0.71
PPhB,0,2,2,0.0
PPhD,1,0,1,1.0
PPhI,0,2,2,0.0
PPhL,1,2,3,0.33
PPhM,1,3,4,0.25
PPhN,0,0,0,
PPhP,2,3,5,0.4
PPhS,2,2,4,0.5
PPhb,4,3,7,0.57
PPhh,2,2,4,0.5
PPhm,7,5,12,0.58
PPhn,4,2,6,0.67
PPhs,2,2,4,0.5
PPht,2,0,2,1.0
PPlB,13,7,20,0.65
PPlD,2,0,2,1.0
PPlH,8,4,12,0.67
PPlI,1,1,2,0.5
PPlJ,3,0,3,1.0
PPlL,5,4,9,0.56
PPlM,9,13,22,0.41
PPlN,5,7,12,0.42
PPlP,14,13,27,0.52
PPlS,9,5,14,0.64
PPlb,13,10,23,0.57
PPll,6,2,8,0.75
PPlm,8,6,14,0.57
PPln,4,12,16,0.25
PPls,9,10,19,0.47
PPmB,28,21,49,0.57
PPmD,9,4,13,0.69
PPmH,12,17,29,0.41
PPmI,2,1,3,0.67
PPmJ,5,2,7,0.71
PPmL,13,10,23,0.57
PPmM,31,42,73,0.42
PPmN,21,20,41,0.51
PPmP,23,31,54,0.43
PPmS,19,10,29,0.66
PPmb,38,22,60,0.63
PPmh,0,0,0,
PPml,7,10,17,0.41
PPmm,26,23,49,0.53
PPmn,19,16,35,0.54
PPms,18,14,32,0.56
PPnB,11,14,25,0.44
PPnD,4,5,9,0.44
PPnH,3,10,13,0.23
PPnI,4,0,4,1.0
PPnK,1,1,2,0.5
PPnL,12,10,22,0.55
PPnM,17,21,38,0.45
PPnN,22,18,40,0.55
PPnP,15,33,48,0.31
PPnS,15,16,31,0.48
PPnb,19,7,26,0.73
PPnh,1,0,1,1.0
PPnl,9,9,18,0.5
PPnm,19,26,45,0.42
PPnn,10,16,26,0.38
PPns,11,8,19,0.58
PPsB,10,10,20,0.5
PPsD,3,4,7,0.43
PPsH,10,8,18,0.56
PPsI,1,0,1,1.0
PPsK,1,0,1,1.0
PPsL,10,10,20,0.5
PPsM,16,8,24,0.67
PPsN,20,9,29,0.69
PPsP,12,18,30,0.4
PPsS,15,15,30,0.5
PPsb,9,12,21,0.43
PPsl,6,9,15,0.4
PPsm,20,23,43,0.47
PPsn,11,6,17,0.65
PPss,14,8,22,0.64
PPtB,1,0,1,1.0
PPtH,2,1,3,0.67
PPtK,1,0,1,1.0
PPtL,2,2,4,0.5
PPtM,3,2,5,0.6
PPtP,0,2,2,0.0
PPtS,2,3,5,0.4
PPtb,3,2,5,0.6
PPtl,2,0,2,1.0
PPtm,2,1,3,0.67
PPtn,1,0,1,1.0
PPts,1,0,1,1.0
PPtt,1,1,2,0.5
PSBB,8,9,17,0.47
PSBD,2,0,2,1.0
PSBK,2,0,2,1.0
PSBL,4,4,8,0.5
PSBM,6,7,13,0.46
PSBN,9,12,21,0.43
PSBP,16,14,30,0.53
PSBS,4,7,11,0.36
PSBb,9,7,16,0.56
PSBh,0,1,1,0.0
PSBj,1,2,3,0.33
PSBl,6,3,9,0.67
PSBm,9,10,19,0.47
PSBn,6,12,18,0.33
PSBs,3,1,4,0.75
PSBt,2,2,4,0.5
PSDB,3,0,3,1.0
PSDD,3,0,3,1.0
PSDH,1,2,3,0.33
PSDL,1,0,1,1.0
PSDM,5,0,5,1.0
PSDN,1,1,2,0.5
PSDP,3,3,6,0.5
PSDS,2,4,6,0.33
PSDb,1,5,6,0.17
PSDl,2,0,2,1.0
PSDm,5,8,13,0.38
PSDn,4,1,5,0.8
PSDs,5,1,6,0.83
PSHB,5,4,9,0.56
PSHD,1,1,2,0.5
PSHH,1,0,1,1.0
PSHL,2,1,3,0.67
PSHM,6,4,10,0.6
PSHN,3,1,4,0.75
PSHP,4,5,9,0.44
PSHS,5,3,8,0.62
PSHb,5,2,7,0.71
PSHh,0,4,4,0.0
PSHl,2,0,2,1.0
PSHm,1,8,9,0.11
PSHn,4,3,7,0.57
PSHs,4,3,7,0.57
PSIS,1,0,1,1.0
PSIm,1,0,1,1.0
PSIn,0,1,1,0.0
PSIs,1,1,2,0.5
PSKI,0,0,0,
PSKL,0,0,0,
PSKN,0,0,0,
PSKP,1,0,1,1.0
PSKS,0,1,1,0.0
PSKb,1,0,1,1.0
PSKh,2,1,3,0.67
PSKl,1,1,2,0.5
PSKn,0,1,1,0.0
PSKs,0,2,2,0.0
PSLB,5,3,8,0.62
PSLD,1,0,1,1.0
PSLK,0,1,1,0.0
PSLL,3,0,3,1.0
PSLM,1,6,7,0.14
PSLN,2,1,3,0.67
PSLP,8,7,15,0.53
PSLS,6,7,13,0.46
PSLb,4,4,8,0.5
PSLh,2,1,3,0.67
PSLj,0,2,2,0.0
PSLl,2,1,3,0.67
PSLm,6,1,7,0.86
PSLn,8,5,13,0.62
PSLs,4,1,5,0.8
PSLt,0,1,1,0.0
PSMB,7,19,26,0.27
PSMD,4,4,8,0.5
PSMK,0,1,1,0.0
PSML,3,3,6,0.5
PSMM,17,18,35,0.49
PSMN,8,11,19,0.42
PSMP,14,17,31,0.45
PSMS,5,8,13,0.38
PSMb,7,5,12,0.58
PSMh,10,8,18,0.56
PSMj,2,1,3,0.67
PSMl,4,3,7,0.57
PSMm,16,8,24,0.67
PSMn,8,15,23,0.35
PSMs,9,12,21,0.43
PSMt,1,1,2,0.5
PSNB,5,7,12,0.42
PSND,5,4,9,0.56
PSNH,7,3,10,0.7
PSNI,0,1,1,0.0
PSNK,1,0,1,1.0
PSNL,7,3,10,0.7
PSNM,11,16,27,0.41
PSNN,11,11,22,0.5
PSNP,11,18,29,0.38
PSNS,8,6,14,0.57
PSNb,3,4,7,0.43
PSNh,3,2,5,0.6
PSNl,4,2,6,0.67
PSNm,11,12,23,0.48
PSNn,11,14,25,0.44
PSNs,6,13,19,0.32
PSNt,0,2,2,0.0
PSPB,4,7,11,0.36
PSPD,4,1,5,0.8
PSPH,0,4,4,0.0
PSPI,0,1,1,0.0
PSPK,0,1,1,0.0
PSPL,5,5,10,0.5
PSPM,12,16,28,0.43
PSPN,14,14,28,0.5
PSPP,15,11,26,0.58
PSPS,12,8,20,0.6
PSPb,6,13,19,0.32
PSPl,5,7,12,0.42
PSPm,11,17,28,0.39
PSPn,14,10,24,0.58
PSPs,10,8,18,0.56
PSPt,2,1,3,0.67
PSSB,8,8,16,0.5
PSSD,8,5,13,0.62
PSSH,2,6,8,0.25
PSSI,2,0,2,1.0
PSSK,0,1,1,0.0
PSSL,2,4,6,0.33
PSSM,10,14,24,0.42
PSSN,9,11,20,0.45
PSSP,10,12,22,0.45
PSSS,19,19,38,0.5
PSSb,12,8,20,0.6
PSSh,6,5,11,0.55
PSSl,3,6,9,0.33
PSSm,11,12,23,0.48
PSSn,9,15,24,0.38
PSSs,16,13,29,0.55
PSSt,1,2,3,0.33
PSbB,7,9,16,0.44
PSbD,1,0,1,1.0
PSbH,1,1,2,0.5
PSbI,1,1,2,0.5
PSbJ,1,1,2,0.5
PSbK,0,0,0,
PSbL,4,3,7,0.57
PSbM,12,14,26,0.46
PSbN,13,12,25,0.52
PSbP,8,11,19,0.42
PSbS,2,7,9,0.22
PSbb,6,4,10,0.6
PSbl,2,3,5,0.4
PSbm,14,6,20,0.7
PSbn,9,8,17,0.53
PSbs,7,2,9,0.78
PShB,4,1,5,0.8
PShH,1,1,2,0.5
PShI,0,0,0,
PShL,1,1,2,0.5
PShM,6,5,11,0.55
PShN,2,2,4,0.5
PShP,6,10,16,0.38
PShS,6,6,12,0.5
PShb,4,7,11,0.36
PShh,5,8,13,0.38
PShl,0,1,1,0.0
PShm,8,2,10,0.8
PShn,6,8,14,0.43
PShs,5,5,10,0.5
PSlB,2,3,5,0.4
PSlD,1,0,1,1.0
PSlH,6,2,8,0.75
PSlI,1,0,1,1.0
PSlJ,3,0,3,1.0
PSlL,2,2,4,0.5
PSlM,4,6,10,0.4
PSlN,8,8,16,0.5
PSlP,5,3,8,0.62
PSlS,7,7,14,0.5
PSlb,4,2,6,0.67
PSll,3,1,4,0.75
PSlm,5,8,13,0.38
PSln,5,0,5,1.0
PSls,2,6,8,0.25
PSmB,10,10,20,0.5
PSmD,3,5,8,0.38
PSmH,9,11,20,0.45
PSmI,0,2,2,0.0
PSmJ,3,2,5,0.6
PSmL,2,4,6,0.33
PSmM,10,15,25,0.4
PSmN,20,16,36,0.56
PSmP,19,20,39,0.49
PSmS,10,10,20,0.5
PSmb,8,7,15,0.53
PSmh,0,1,1,0.0
PSml,5,5,10,0.5
PSmm,16,11,27,0.59
PSmn,12,10,22,0.55
PSms,8,8,16,0.5
PSnB,5,10,15,0.33
PSnD,2,1,3,0.67
PSnH,9,6,15,0.6
PSnI,1,3,4,0.25
PSnL,2,4,6,0.33
PSnM,5,7,12,0.42
PSnN,14,12,26,0.54
PSnP,14,22,36,0.39
PSnS,11,6,17,0.65
PSnb,8,7,15,0.53
PSnh,1,0,1,1.0
PSnl,4,5,9,0.44
PSnm,19,8,27,0.7
PSnn,15,6,21,0.71
PSns,8,4,12,0.67
PSsB,9,2,11,0.82
PSsD,6,2,8,0.75
PSsH,12,8,20,0.6
PSsI,3,0,3,1.0
PSsL,2,8,10,0.2
PSsM,10,14,24,0.42
PSsN,17,12,29,0.59
PSsP,12,11,23,0.52
PSsS,15,18,33,0.45
PSsb,11,8,19,0.58
PSsh,1,1,2,0.5
PSsl,3,3,6,0.5
PSsm,18,12,30,0.6
PSsn,8,9,17,0.47
PSss,5,17,22,0.23
PStB,1,0,1,1.0
PStD,0,0,0,
PStH,2,0,2,1.0
PStK,0,1,1,0.0
PStL,1,1,2,0.5
PStM,1,1,2,0.5
PStN,1,2,3,0.33
PStP,1,1,2,0.5
PStS,1,4,5,0.2
PStb,2,1,3,0.67
PStl,0,1,1,0.0
PStm,0,0,0,
PStn,2,0,2,1.0
PSts,1,2,3,0.33
PbBB,9,12,21,0.43
PbBD,2,1,3,0.67
PbBK,2,1,3,0.67
PbBL,5,6,11,0.45
PbBM,11,10,21,0.52
PbBN,13,7,20,0.65
PbBP,19,17,36,0.53
PbBS,11,5,16,0.69
PbBb,14,13,27,0.52
PbBh,0,2,2,0.0
PbBj,1,1,2,0.5
PbBl,5,7,12,0.42
PbBm,16,13,29,0.55
PbBn,16,12,28,0.57
PbBs,8,3,11,0.73
PbBt,4,2,6,0.67
PbDB,1,4,5,0.2
PbDD,0,1,1,0.0
PbDH,1,2,3,0.33
PbDL,1,0,1,1.0
PbDM,3,6,9,0.33
PbDN,5,1,6,0.83
PbDP,1,4,5,0.2
PbDS,4,1,5,0.8
PbDb,5,2,7,0.71
PbDm,4,2,6,0.67
PbDn,2,2,4,0.5
PbDs,2,1,3,0.67
PbHB,3,2,5,0.6
PbHD,1,1,2,0.5
PbHI,2,0,2,1.0
PbHK,1,1,2,0.5
PbHL,3,0,3,1.0
PbHM,1,3,4,0.25
PbHN,3,1,4,0.75
PbHP,5,4,9,0.56
PbHS,3,2,5,0.6
PbHb,4,1,5,0.8
PbHh,2,2,4,0.5
PbHl,1,1,2,0.5
PbHm,2,3,5,0.4
PbHn,5,2,7,0.71
PbHs,0,2,2,0.0
PbIB,2,1,3,0.67
PbID,3,0,3,1.0
PbIL,0,1,1,0.0
PbIM,1,0,1,1.0
PbIP,1,5,6,0.17
PbIS,0,1,1,0.0
PbIb,0,2,2,0.0
PbIm,3,0,3,1.0
PbIn,2,1,3,0.67
PbIs,0,2,2,0.0
PbJB,2,3,5,0.4
PbJD,0,0,0,
PbJH,2,3,5,0.4
PbJI,0,0,0,
PbJL,1,1,2,0.5
PbJM,2,2,4,0.5
PbJN,5,1,6,0.83
PbJP,3,5,8,0.38
PbJS,1,1,2,0.5
PbJb,2,4,6,0.33
PbJh,0,1,1,0.0
PbJl,3,0,3,1.0
PbJm,3,5,8,0.38
PbJn,0,2,2,0.0
PbJs,1,2,3,0.33
PbJt,0,1,1,0.0
PbKB,1,2,3,0.33
PbKD,0,1,1,0.0
PbKH,0,0,0,
PbKL,1,0,1,1.0
PbKM,4,3,7,0.57
PbKN,5,1,6,0.83
PbKP,1,1,2,0.5
PbKS,0,0,0,
PbKb,2,2,4,0.5
PbKh,0,1,1,0.0
PbKl,3,1,4,0.75
PbKm,3,1,4,0.75
PbKn,0,0,0,
PbLB,6,5,11,0.55
PbLD,2,0,2,1.0
PbLK,0,1,1,0.0
PbLL,2,3,5,0.4
PbLM,7,6,13,0.54
PbLN,2,5,7,0.29
PbLP,12,4,16,0.75
PbLS,3,1,4,0.75
PbLb,3,6,9,0.33
PbLh,2,3,5,0.4
PbLj,0,1,1,0.0
PbLl,0,3,3,0.0
PbLm,2,7,9,0.22
PbLn,8,7,15,0.53
PbLs,7,2,9,0.78
PbLt,0,1,1,0.0
PbMB,9,23,32,0.28
PbMD,0,5,5,0.0
PbMK,1,0,1,1.0
PbML,5,6,11,0.45
PbMM,16,17,33,0.48
PbMN,14,13,27,0.52
PbMP,17,20,37,0.46
PbMS,14,8,22,0.64
PbMb,17,13,30,0.57
PbMh,11,14,25,0.44
PbMj,1,1,2,0.5
PbMl,9,5,14,0.64
PbMm,22,18,40,0.55
PbMn,19,18,37,0.51
PbMs,9,7,16,0.56
PbMt,1,1,2,0.5
PbNB,10,8,18,0.56
PbND,5,4,9,0.56
PbNH,3,1,4,0.75
PbNI,1,0,1,1.0
PbNK,1,2,3,0.33
PbNL,2,9,11,0.18
PbNM,17,16,33,0.52
PbNN,15,17,32,0.47
PbNP,23,22,45,0.51
PbNS,8,16,24,0.33
PbNb,14,8,22,0.64
PbNh,4,4,8,0.5
PbNl,6,2,8,0.75
PbNm,24,14,38,0.63
PbNn,18,26,44,0.41
PbNs,13,5,18,0.72
PbNt,3,4,7,0.43
PbPB,14,8,22,0.64
PbPD,3,3,6,0.5
PbPH,4,6,10,0.4
PbPI,0,2,2,0.0
PbPK,3,1,4,0.75
PbPL,18,8,26,0.69
PbPM,17,27,44,0.39
PbPN,18,20,38,0.47
PbPP,22,25,47,0.47
PbPS,13,10,23,0.57
PbPb,11,14,25,0.44
PbPh,1,1,2,0.5
PbPl,11,4,15,0.73
PbPm,26,14,40,0.65
PbPn,9,11,20,0.45
PbPs,12,12,24,0.5
PbPt,2,2,4,0.5
PbSB,4,5,9,0.44
PbSD,0,3,3,0.0
PbSH,2,4,6,0.33
PbSL,4,0,4,1.0
PbSM,3,5,8,0.38
PbSN,6,8,14,0.43
PbSP,7,9,16,0.44
PbSS,6,5,11,0.55
PbSb,2,3,5,0.4
PbSh,4,4,8,0.5
PbSl,2,3,5,0.4
PbSm,9,4,13,0.69
PbSn,7,4,11,0.64
PbSs,5,4,9,0.56
PbbB,19,12,31,0.61
PbbD,2,1,3,0.67
PbbH,4,3,7,0.57
PbbI,0,0,0,
PbbJ,0,2,2,0.0
PbbK,0,2,2,0.0
PbbL,3,6,9,0.33
PbbM,14,21,35,0.4
PbbN,15,15,30,0.5
PbbP,19,21,40,0.48
PbbS,5,5,10,0.5
Pbbb,15,10,25,0.6
Pbbl,6,6,12,0.5
Pbbm,11,13,24,0.46
Pbbn,14,9,23,0.61
Pbbs,6,6,12,0.5
PbhS,1,0,1,1.0
PblB,3,4,7,0.43
PblD,1,0,1,1.0
PblH,0,3,3,0.0
PblJ,2,0,2,1.0
PblL,0,2,2,0.0
PblM,4,5,9,0.44
PblN,4,4,8,0.5
PblP,3,15,18,0.17
PblS,1,4,5,0.2
Pblb,7,4,11,0.64
Pblh,0,1,1,0.0
Pbll,2,1,3,0.67
Pblm,5,3,8,0.62
Pbln,10,5,15,0.67
Pbls,2,4,6,0.33
PbmB,13,14,27,0.48
PbmD,6,2,8,0.75
PbmH,9,12,21,0.43
PbmI,2,1,3,0.67
PbmJ,1,2,3,0.33
PbmK,0,0,0,
PbmL,3,2,5,0.6
PbmM,23,16,39,0.59
PbmN,7,12,19,0.37
PbmP,22,18,40,0.55
PbmS,7,9,16,0.44
Pbmb,16,13,29,0.55
Pbml,4,9,13,0.31
Pbmm,16,8,24,0.67
Pbmn,16,6,22,0.73
Pbms,3,5,8,0.38
PbnB,7,6,13,0.54
PbnD,0,0,0,
PbnH,8,7,15,0.53
PbnI,1,2,3,0.33
PbnL,2,4,6,0.33
PbnM,13,15,28,0.46
PbnN,13,16,29,0.45
PbnP,17,16,33,0.52
PbnS,9,4,13,0.69
Pbnb,13,9,22,0.59
Pbnh,1,0,1,1.0
Pbnl,5,3,8,0.62
Pbnm,14,5,19,0.74
Pbnn,9,12,21,0.43
Pbns,8,6,14,0.57
PbsB,9,4,13,0.69
PbsD,3,1,4,0.75
PbsH,8,6,14,0.57
PbsI,2,0,2,1.0
PbsL,5,3,8,0.62
PbsM,10,3,13,0.77
PbsN,15,8,23,0.65
PbsP,12,9,21,0.57
PbsS,9,12,21,0.43
Pbsb,8,3,11,0.73
Pbsl,1,4,5,0.2
Pbsm,6,8,14,0.43
Pbsn,7,7,14,0.5
Pbss,3,5,8,0.38
Pbst,0,1,1,0.0
PhBB,0,5,5,0.0
PhBD,0,0,0,
PhBL,1,0,1,1.0
PhBN,1,1,2,0.5
PhBP,1,1,2,0.5
PhBS,0,1,1,0.0
PhBb,1,0,1,1.0
PhBl,1,0,1,1.0
PhBm,3,2,5,0.6
PhBn,2,0,2,1.0
PhBs,0,0,0,
PhDD,0,1,1,0.0
PhDL,1,0,1,1.0
PhDM,1,0,1,1.0
PhDP,1,0,1,1.0
PhDh,0,1,1,0.0
PhDm,0,1,1,0.0
PhHB,0,1,1,0.0
PhHM,1,0,1,1.0
PhHS,1,0,1,1.0
PhHb,1,0,1,1.0
PhHh,0,1,1,0.0
PhHn,0,2,2,0.0
PhIm,1,0,1,1.0
PhIn,1,0,1,1.0
PhIs,1,0,1,1.0
PhLB,0,1,1,0.0
PhLM,1,1,2,0.5
PhLN,1,0,1,1.0
PhLP,0,0,0,
PhLS,3,0,3,1.0
PhLm,0,0,0,
PhLn,2,0,2,1.0
PhLs,0,0,0,
PhLt,0,1,1,0.0
PhMB,1,1,2,0.5
PhMD,1,0,1,1.0
PhMM,1,3,4,0.25
PhMN,1,1,2,0.5
PhMP,3,2,5,0.6
PhMS,1,0,1,1.0
PhMh,2,4,6,0.33
PhMj,1,0,1,1.0
PhMl,0,2,2,0.0
PhMm,1,3,4,0.25
PhMn,0,5,5,0.0
PhMs,0,1,1,0.0
PhMt,0,1,1,0.0
PhND,1,0,1,1.0
PhNH,1,0,1,1.0
PhNM,1,0,1,1.0
PhNN,2,2,4,0.5
PhNP,2,2,4,0.5
PhNS,0,3,3,0.0
PhNb,1,1,2,0.5
PhNh,1,0,1,1.0
PhNl,0,0,0,
PhNm,5,2,7,0.71
PhNn,1,1,2,0.5
PhPB,1,1,2,0.5
PhPD,0,2,2,0.0
PhPH,0,2,2,0.0
PhPK,0,1,1,0.0
PhPL,1,0,1,1.0
PhPM,3,4,7,0.43
PhPN,0,3,3,0.0
PhPP,3,4,7,0.43
PhPS,0,1,1,0.0
PhPb,2,3,5,0.4
PhPh,1,1,2,0.5
PhPl,3,1,4,0.75
PhPm,1,2,3,0.33
PhPn,2,3,5,0.4
PhPs,0,1,1,0.0
PhSB,2,0,2,1.0
PhSH,1,1,2,0.5
PhSL,1,0,1,1.0
PhSM,1,2,3,0.33
PhSN,2,2,4,0.5
PhSP,5,2,7,0.71
PhSS,1,1,2,0.5
PhSb,1,1,2,0.5
PhSh,1,1,2,0.5
PhSm,1,3,4,0.25
PhSn,0,0,0,
PhSs,1,0,1,1.0
PhbB,2,0,2,1.0
PhbD,1,0,1,1.0
PhbJ,0,2,2,0.0
PhbK,0,0,0,
PhbM,1,2,3,0.33
PhbN,1,2,3,0.33
PhbP,1,3,4,0.25
PhbS,0,3,3,0.0
Phbb,2,1,3,0.67
Phbm,1,2,3,0.33
Phbn,1,2,3,0.33
Phbs,0,1,1,0.0
PhhB,1,2,3,0.33
PhhD,2,1,3,0.67
PhhL,1,0,1,1.0
PhhM,1,0,1,1.0
PhhN,1,2,3,0.33
PhhP,0,2,2,0.0
PhhS,3,2,5,0.6
Phhb,1,1,2,0.5
Phhh,3,1,4,0.75
Phhm,2,1,3,0.67
Phhs,1,2,3,0.33
PhlB,2,0,2,1.0
PhlH,1,0,1,1.0
PhlJ,0,0,0,
PhlL,0,0,0,
PhlN,0,1,1,0.0
Phlb,1,1,2,0.5
Phlm,2,1,3,0.67
PhmB,4,3,7,0.57
PhmD,0,1,1,0.0
PhmH,2,2,4,0.5
PhmJ,1,0,1,1.0
PhmL,2,3,5,0.4
PhmM,3,3,6,0.5
PhmN,2,3,5,0.4
PhmP,3,2,5,0.6
PhmS,1,1,2,0.5
Phmb,2,2,4,0.5
Phmh,0,1,1,0.0
Phml,2,2,4,0.5
Phmm,5,5,10,0.5
Phmn,2,2,4,0.5
Phms,3,1,4,0.75
PhnB,1,0,1,1.0
PhnD,0,1,1,0.0
PhnH,0,2,2,0.0
PhnI,0,0,0,
PhnL,1,0,1,1.0
PhnM,2,0,2,1.0
PhnN,1,3,4,0.25
PhnP,1,1,2,0.5
PhnS,0,2,2,0.0
Phnb,2,1,3,0.67
Phnh,0,1,1,0.0
Phnm,1,2,3,0.33
Phnn,2,1,3,0.67
Phns,1,3,4,0.25
PhsB,1,1,2,0.5
PhsD,1,2,3,0.33
PhsH,1,1,2,0.5
PhsI,0,1,1,0.0
PhsL,0,2,2,0.0
PhsM,1,3,4,0.25
PhsN,1,1,2,0.5
PhsP,3,1,4,0.75
PhsS,2,0,2,1.0
Phsb,1,0,1,1.0
Phsh,1,0,1,1.0
Phsl,0,1,1,0.0
Phsm,2,1,3,0.67
Phsn,1,0,1,1.0
Phss,0,0,0,
PhtB,0,0,0,
PhtM,1,0,1,1.0
PhtN,0,1,1,0.0
PlBB,4,5,9,0.44
PlBD,2,0,2,1.0
PlBK,1,1,2,0.5
PlBL,0,5,5,0.0
PlBM,3,8,11,0.27
PlBN,8,3,11,0.73
PlBP,4,7,11,0.36
PlBS,1,4,5,0.2
PlBb,5,4,9,0.56
PlBh,0,1,1,0.0
PlBj,2,2,4,0.5
PlBl,4,2,6,0.67
PlBm,8,3,11,0.73
PlBn,5,11,16,0.31
PlBs,1,4,5,0.2
PlBt,0,0,0,
PlDB,0,2,2,0.0
PlDD,1,0,1,1.0
PlDH,0,4,4,0.0
PlDM,1,0,1,1.0
PlDN,2,0,2,1.0
PlDP,1,0,1,1.0
PlDb,0,1,1,0.0
PlDl,1,1,2,0.5
PlDm,1,0,1,1.0
PlDs,1,1,2,0.5
PlHB,5,2,7,0.71
PlHD,1,0,1,1.0
PlHK,1,0,1,1.0
PlHL,3,1,4,0.75
PlHM,1,1,2,0.5
PlHN,4,7,11,0.36
PlHP,4,3,7,0.57
PlHS,0,4,4,0.0
PlHb,1,3,4,0.25
PlHh,0,4,4,0.0
PlHl,1,5,6,0.17
PlHm,2,6,8,0.25
PlHn,6,5,11,0.55
PlHs,3,3,6,0.5
PlID,0,1,1,0.0
PlIL,1,0,1,1.0
PlIM,0,1,1,0.0
PlIN,0,1,1,0.0
PlIS,2,0,2,1.0
PlIm,1,1,2,0.5
PlIn,0,0,0,
PlJB,2,1,3,0.67
PlJD,0,1,1,0.0
PlJH,0,1,1,0.0
PlJK,0,1,1,0.0
PlJM,1,1,2,0.5
PlJN,4,1,5,0.8
PlJP,0,3,3,0.0
PlJS,0,0,0,
PlJb,2,0,2,1.0
PlJl,1,0,1,1.0
PlJm,0,1,1,0.0
PlJn,1,0,1,1.0
PlJs,1,1,2,0.5
PlKb,1,0,1,1.0
PlKh,2,0,2,1.0
PlKl,0,1,1,0.0
PlKs,1,0,1,1.0
PlLB,4,1,5,0.8
PlLK,1,1,2,0.5
PlLL,2,3,5,0.4
PlLM,4,3,7,0.57
PlLN,1,2,3,0.33
PlLP,7,4,11,0.64
PlLS,0,0,0,
PlLb,1,2,3,0.33
PlLh,0,1,1,0.0
PlLl,3,0,3,1.0
PlLm,2,2,4,0.5
PlLn,1,1,2,0.5
PlLs,0,5,5,0.0
PlLt,1,0,1,1.0
PlMB,3,4,7,0.43
PlMD,3,2,5,0.6
PlML,5,5,10,0.5
PlMM,5,8,13,0.38
PlMN,9,4,13,0.69
PlMP,8,6,14,0.57
PlMS,3,2,5,0.6
PlMb,3,6,9,0.33
PlMh,2,6,8,0.25
PlMl,3,0,3,1.0
PlMm,7,13,20,0.35
PlMn,6,13,19,0.32
PlMs,6,5,11,0.55
PlMt,0,1,1,0.0
PlNB,4,3,7,0.57
PlND,0,2,2,0.0
PlNH,1,0,1,1.0
PlNK,0,1,1,0.0
PlNL,0,2,2,0.0
PlNM,6,11,17,0.35
PlNN,3,6,9,0.33
PlNP,11,9,20,0.55
PlNS,3,6,9,0.33
PlNb,5,3,8,0.62
PlNh,1,2,3,0.33
PlNl,4,3,7,0.57
PlNm,5,6,11,0.45
PlNn,6,7,13,0.46
PlNs,3,4,7,0.43
PlPB,7,7,14,0.5
PlPD,0,2,2,0.0
PlPH,2,0,2,1.0
PlPI,1,1,2,0.5
PlPK,1,0,1,1.0
PlPL,3,6,9,0.33
PlPM,8,9,17,0.47
PlPN,5,11,16,0.31
PlPP,1,12,13,0.08
PlPS,7,6,13,0.54
PlPb,6,7,13,0.46
PlPh,2,1,3,0.67
PlPl,5,4,9,0.56
PlPm,11,6,17,0.65
PlPn,6,9,15,0.4
PlPs,6,6,12,0.5
PlSB,4,4,8,0.5
PlSD,2,0,2,1.0
PlSH,4,1,5,0.8
PlSK,0,1,1,0.0
PlSL,0,2,2,0.0
PlSM,8,6,14,0.57
PlSN,4,2,6,0.67
PlSP,4,4,8,0.5
PlSS,4,2,6,0.67
PlSb,4,3,7,0.57
PlSh,3,1,4,0.75
PlSl,4,2,6,0.67
PlSm,1,1,2,0.5
PlSn,4,4,8,0.5
PlSs,1,5,6,0.17
PlSt,0,0,0,
PlbB,6,5,11,0.55
PlbD,1,0,1,1.0
PlbH,2,1,3,0.67
PlbI,0,0,0,
PlbJ,2,1,3,0.67
PlbK,0,1,1,0.0
PlbL,5,4,9,0.56
PlbM,7,9,16,0.44
PlbN,8,5,13,0.62
PlbP,15,7,22,0.68
PlbS,3,1,4,0.75
Plbb,7,6,13,0.54
Plbh,0,1,1,0.0
Plbl,4,0,4,1.0
Plbm,4,5,9,0.44
Plbn,7,6,13,0.54
Plbs,8,2,10,0.8
PllB,3,2,5,0.6
PllL,1,1,2,0.5
PllM,1,1,2,0.5
PllN,4,2,6,0.67
PllP,6,2,8,0.75
PllS,0,1,1,0.0
Pllb,1,4,5,0.2
Plll,2,1,3,0.67
Pllm,0,2,2,0.0
Plln,1,2,3,0.33
Plls,0,1,1,0.0
PlmB,5,4,9,0.56
PlmD,0,6,6,0.0
PlmH,4,1,5,0.8
PlmJ,0,2,2,0.0
PlmL,4,2,6,0.67
PlmM,8,3,11,0.73
PlmN,5,9,14,0.36
PlmP,7,5,12,0.58
PlmS,1,4,5,0.2
Plmb,5,5,10,0.5
Plml,3,2,5,0.6
Plmm,2,7,9,0.22
Plmn,4,3,7,0.57
Plms,2,2,4,0.5
PlnB,3,6,9,0.33
PlnD,1,1,2,0.5
PlnH,3,3,6,0.5
PlnL,3,1,4,0.75
PlnM,6,4,10,0.6
PlnN,4,3,7,0.57
PlnP,7,5,12,0.58
PlnS,4,4,8,0.5
Plnb,5,2,7,0.71
Plnl,3,3,6,0.5
Plnm,8,4,12,0.67
Plnn,7,4,11,0.64
Plns,4,2,6,0.67
PlsB,3,1,4,0.75
PlsD,1,5,6,0.17
PlsH,2,2,4,0.5
PlsI,0,2,2,0.0
PlsK,0,1,1,0.0
PlsM,2,4,6,0.33
PlsN,5,1,6,0.83
PlsP,1,2,3,0.33
PlsS,5,9,14,0.36
Plsb,1,4,5,0.2
Plsh,0,1,1,0.0
Plsl,4,1,5,0.8
Plsm,4,2,6,0.67
Plsn,6,1,7,0.86
Plss,0,3,3,0.0
PmBB,14,15,29,0.48
PmBD,5,4,9,0.56
PmBH,0,0,0,
PmBK,4,3,7,0.57
PmBL,7,8,15,0.47
PmBM,14,18,32,0.44
PmBN,25,19,44,0.57
PmBP,24,28,52,0.46
PmBS,10,13,23,0.43
PmBb,17,14,31,0.55
PmBj,0,5,5,0.0
PmBl,2,5,7,0.29
PmBm,21,21,42,0.5
PmBn,17,15,32,0.53
PmBs,9,6,15,0.6
PmBt,0,1,1,0.0
PmDB,6,8,14,0.43
PmDD,5,2,7,0.71
PmDH,6,5,11,0.55
PmDI,1,1,2,0.5
PmDL,3,2,5,0.6
PmDM,8,7,15,0.53
PmDN,3,6,9,0.33
PmDP,11,6,17,0.65
PmDS,5,12,17,0.29
PmDb,2,6,8,0.25
PmDl,3,1,4,0.75
PmDm,10,11,21,0.48
PmDn,9,4,13,0.69
PmDs,4,8,12,0.33
PmDt,2,2,4,0.5
PmHB,11,11,22,0.5
PmHD,5,6,11,0.45
PmHH,0,2,2,0.0
PmHI,1,1,2,0.5
PmHK,1,1,2,0.5
PmHL,3,4,7,0.43
PmHM,9,10,19,0.47
PmHN,14,12,26,0.54
PmHP,16,18,34,0.47
PmHS,10,9,19,0.53
PmHb,11,10,21,0.52
PmHh,5,9,14,0.36
PmHl,4,4,8,0.5
PmHm,20,13,33,0.61
PmHn,13,10,23,0.57
PmHs,13,6,19,0.68
PmHt,2,0,2,1.0
PmIB,0,2,2,0.0
PmID,0,1,1,0.0
PmIH,1,1,2,0.5
PmII,0,1,1,0.0
PmIL,0,0,0,
PmIM,1,0,1,1.0
PmIN,1,0,1,1.0
PmIP,2,1,3,0.67
PmIS,1,0,1,1.0
PmIb,1,1,2,0.5
PmIm,2,2,4,0.5
PmIn,1,2,3,0.33
PmIs,0,2,2,0.0
PmJB,1,3,4,0.25
PmJD,2,1,3,0.67
PmJH,3,1,4,0.75
PmJL,0,3,3,0.0
PmJM,3,2,5,0.6
PmJN,3,1,4,0.75
PmJP,3,2,5,0.6
PmJS,0,2,2,0.0
PmJb,0,1,1,0.0
PmJl,4,1,5,0.8
PmJm,1,1,2,0.5
PmJn,1,2,3,0.33
PmJs,4,1,5,0.8
PmJt,0,2,2,0.0
PmKm,0,2,2,0.0
PmKs,1,0,1,1.0
PmLB,6,6,12,0.5
PmLD,2,2,4,0.5
PmLK,0,1,1,0.0
PmLL,2,3,5,0.4
PmLM,10,8,18,0.56
PmLN,3,10,13,0.23
PmLP,10,9,19,0.53
PmLS,3,8,11,0.27
PmLb,9,4,13,0.69
PmLh,3,2,5,0.6
PmLj,0,2,2,0.0
PmLl,1,2,3,0.33
PmLm,6,5,11,0.55
PmLn,6,9,15,0.4
PmLs,6,6,12,0.5
PmLt,3,0,3,1.0
PmMB,18,11,29,0.62
PmMD,3,4,7,0.43
PmMK,0,0,0,
PmML,1,7,8,0.12
PmMM,23,29,52,0.44
PmMN,13,11,24,0.54
PmMP,25,18,43,0.58
PmMS,12,18,30,0.4
PmMb,22,20,42,0.52
PmMh,20,12,32,0.62
PmMj,3,1,4,0.75
PmMl,9,8,17,0.53
PmMm,28,25,53,0.53
PmMn,19,31,50,0.38
PmMs,9,19,28,0.32
PmMt,0,2,2,0.0
PmNB,17,16,33,0.52
PmND,6,5,11,0.55
PmNH,3,2,5,0.6
PmNK,1,2,3,0.33
PmNL,10,4,14,0.71
PmNM,23,19,42,0.55
PmNN,19,14,33,0.58
PmNP,29,22,51,0.57
PmNS,6,7,13,0.46
PmNb,16,17,33,0.48
PmNh,2,8,10,0.2
PmNl,9,2,11,0.82
PmNm,25,13,38,0.66
PmNn,26,22,48,0.54
PmNs,17,10,27,0.63
PmNt,1,2,3,0.33
PmPB,8,19,27,0.3
PmPD,6,7,13,0.46
PmPH,10,4,14,0.71
PmPI,1,3,4,0.25
PmPK,1,2,3,0.33
PmPL,13,7,20,0.65
PmPM,24,28,52,0.46
PmPN,22,16,38,0.58
PmPP,31,33,64,0.48
PmPS,20,20,40,0.5
PmPb,18,21,39,0.46
PmPh,2,3,5,0.4
PmPl,7,13,20,0.35
PmPm,23,27,50,0.46
PmPn,26,18,44,0.59
PmPs,8,13,21,0.38
PmPt,0,3,3,0.0
PmSB,10,17,27,0.37
PmSD,2,2,4,0.5
PmSH,2,3,5,0.4
PmSK,0,2,2,0.0
PmSL,1,1,2,0.5
PmSM,8,15,23,0.35
PmSN,12,6,18,0.67
PmSP,16,10,26,0.62
PmSS,13,9,22,0.59
PmSb,7,8,15,0.47
PmSh,5,6,11,0.45
PmSl,2,2,4,0.5
PmSm,14,15,29,0.48
PmSn,8,12,20,0.4
PmSs,11,12,23,0.48
PmSt,0,1,1,0.0
PmbB,23,18,41,0.56
PmbD,5,3,8,0.62
PmbH,3,4,7,0.43
PmbI,3,1,4,0.75
PmbJ,6,4,10,0.6
PmbK,3,0,3,1.0
PmbL,11,12,23,0.48
PmbM,27,20,47,0.57
PmbN,21,23,44,0.48
PmbP,27,20,47,0.57
PmbS,6,10,16,0.38
Pmbb,25,21,46,0.54
Pmbl,9,7,16,0.56
Pmbm,26,18,44,0.59
Pmbn,10,12,22,0.45
Pmbs,6,7,13,0.46
PmhS,1,0,1,1.0
Pmhb,0,1,1,0.0
Pmhh,1,0,1,1.0
Pmhs,0,1,1,0.0
PmlB,2,5,7,0.29
PmlD,4,0,4,1.0
PmlH,6,3,9,0.67
PmlI,0,1,1,0.0
PmlJ,1,5,6,0.17
PmlL,2,2,4,0.5
PmlM,7,3,10,0.7
PmlN,6,8,14,0.43
PmlP,11,0,11,1.0
PmlS,2,2,4,0.5
Pmlb,2,5,7,0.29
Pmll,3,3,6,0.5
Pmlm,4,5,9,0.44
Pmln,4,7,11,0.36
Pmls,1,3,4,0.25
PmmB,17,17,34,0.5
PmmD,6,6,12,0.5
PmmH,12,18,30,0.4
PmmI,1,0,1,1.0
PmmJ,4,1,5,0.8
PmmK,1,1,2,0.5
PmmL,1,17,18,0.06
PmmM,22,36,58,0.38
PmmN,24,25,49,0.49
PmmP,29,27,56,0.52
PmmS,12,11,23,0.52
Pmmb,26,14,40,0.65
Pmml,5,1,6,0.83
Pmmm,31,18,49,0.63
Pmmn,20,19,39,0.51
Pmms,10,7,17,0.59
PmnB,9,17,26,0.35
PmnD,5,1,6,0.83
PmnH,8,13,21,0.38
PmnI,2,1,3,0.67
PmnK,0,1,1,0.0
PmnL,4,2,6,0.67
PmnM,23,25,48,0.48
PmnN,12,10,22,0.55
PmnP,18,24,42,0.43
PmnS,11,8,19,0.58
Pmnb,10,15,25,0.4
Pmnl,5,4,9,0.56
Pmnm,22,20,42,0.52
Pmnn,17,8,25,0.68
Pmns,13,7,20,0.65
PmsB,4,5,9,0.44
PmsD,3,0,3,1.0
PmsH,3,7,10,0.3
PmsI,3,0,3,1.0
PmsL,3,3,6,0.5
PmsM,10,7,17,0.59
PmsN,9,4,13,0.69
PmsP,7,12,19,0.37
PmsS,11,12,23,0.48
Pmsb,10,5,15,0.67
Pmsl,1,4,5,0.2
Pmsm,9,12,21,0.43
Pmsn,8,6,14,0.57
Pmss,10,4,14,0.71
PnBB,10,8,18,0.56
PnBD,1,4,5,0.2
PnBK,1,0,1,1.0
PnBL,3,5,8,0.38
PnBM,9,10,19,0.47
PnBN,15,13,28,0.54
PnBP,17,14,31,0.55
PnBS,11,7,18,0.61
PnBb,16,10,26,0.62
PnBh,1,3,4,0.25
PnBj,2,1,3,0.67
PnBl,4,2,6,0.67
PnBm,21,13,34,0.62
PnBn,17,12,29,0.59
PnBs,7,5,12,0.58
PnBt,3,1,4,0.75
PnDB,5,1,6,0.83
PnDD,2,0,2,1.0
PnDH,3,3,6,0.5
PnDL,1,2,3,0.33
PnDM,1,4,5,0.2
PnDN,3,1,4,0.75
PnDP,4,9,13,0.31
PnDS,3,5,8,0.38
PnDb,1,2,3,0.33
PnDm,4,3,7,0.57
PnDn,2,6,8,0.25
PnDs,0,5,5,0.0
PnHB,2,5,7,0.29
PnHD,1,2,3,0.33
PnHH,1,2,3,0.33
PnHI,0,0,0,
PnHK,3,0,3,1.0
PnHL,4,1,5,0.8
PnHM,7,13,20,0.35
PnHN,8,8,16,0.5
PnHP,11,17,28,0.39
PnHS,4,7,11,0.36
PnHb,4,5,9,0.44
PnHh,1,8,9,0.11
PnHl,2,1,3,0.67
PnHm,12,7,19,0.63
PnHn,6,9,15,0.4
PnHs,2,6,8,0.25
PnIB,1,3,4,0.25
PnID,1,2,3,0.33
PnIH,1,2,3,0.33
PnIL,0,1,1,0.0
PnIM,5,3,8,0.62
PnIN,4,1,5,0.8
PnIP,1,3,4,0.25
PnIS,1,1,2,0.5
PnIb,1,1,2,0.5
PnIl,0,1,1,0.0
PnIm,4,2,6,0.67
PnIn,1,2,3,0.33
PnIs,1,0,1,1.0
PnKB,0,2,2,0.0
PnKD,2,0,2,1.0
PnKI,1,0,1,1.0
PnKL,1,1,2,0.5
PnKM,3,2,5,0.6
PnKN,1,2,3,0.33
PnKP,0,1,1,0.0
PnKS,1,1,2,0.5
PnKb,0,2,2,0.0
PnKh,1,2,3,0.33
PnKl,1,0,1,1.0
PnKm,3,0,3,1.0
PnKn,3,0,3,1.0
PnKs,2,0,2,1.0
PnLB,4,6,10,0.4
PnLD,2,2,4,0.5
PnLK,2,1,3,0.67
PnLL,3,3,6,0.5
PnLM,4,2,6,0.67
PnLN,7,9,16,0.44
PnLP,10,8,18,0.56
PnLS,7,4,11,0.64
PnLb,5,9,14,0.36
PnLh,3,1,4,0.75
PnLl,4,3,7,0.57
PnLm,11,6,17,0.65
PnLn,6,8,14,0.43
PnLs,3,2,5,0.6
PnLt,0,0,0,
PnMB,18,11,29,0.62
PnMD,7,3,10,0.7
PnML,6,1,7,0.86
PnMM,16,14,30,0.53
PnMN,12,14,26,0.46
PnMP,22,19,41,0.54
PnMS,18,15,33,0.55
PnMb,14,7,21,0.67
PnMh,16,20,36,0.44
PnMj,0,1,1,0.0
PnMl,2,6,8,0.25
PnMm,16,21,37,0.43
PnMn,17,16,33,0.52
PnMs,13,15,28,0.46
PnMt,5,3,8,0.62
PnNB,11,13,24,0.46
PnND,4,7,11,0.36
PnNH,0,5,5,0.0
PnNI,1,0,1,1.0
PnNK,0,2,2,0.0
PnNL,5,6,11,0.45
PnNM,17,20,37,0.46
PnNN,18,24,42,0.43
PnNP,27,25,52,0.52
PnNS,14,8,22,0.64
PnNb,14,12,26,0.54
PnNh,3,3,6,0.5
PnNl,6,3,9,0.67
PnNm,20,21,41,0.49
PnNn,19,29,48,0.4
PnNs,10,10,20,0.5
PnNt,4,0,4,1.0
PnPB,18,19,37,0.49
PnPD,1,3,4,0.25
PnPH,3,7,10,0.3
PnPI,5,1,6,0.83
PnPK,2,2,4,0.5
PnPL,10,13,23,0.43
PnPM,21,19,40,0.52
PnPN,12,22,34,0.35
PnPP,21,26,47,0.45
PnPS,8,20,28,0.29
PnPb,13,24,37,0.35
PnPh,1,2,3,0.33
PnPl,15,8,23,0.65
PnPm,25,22,47,0.53
PnPn,20,24,44,0.45
PnPs,16,19,35,0.46
PnPt,3,1,4,0.75
PnSB,8,10,18,0.44
PnSD,3,3,6,0.5
PnSH,2,8,10,0.2
PnSI,0,2,2,0.0
PnSL,6,10,16,0.38
PnSM,16,12,28,0.57
PnSN,6,13,19,0.32
PnSP,16,5,21,0.76
PnSS,11,16,27,0.41
PnSb,9,7,16,0.56
PnSh,7,6,13,0.54
PnSl,4,4,8,0.5
PnSm,13,9,22,0.59
PnSn,15,15,30,0.5
PnSs,8,12,20,0.4
PnSt,1,2,3,0.33
PnbB,11,8,19,0.58
PnbD,1,4,5,0.2
PnbH,2,4,6,0.33
PnbI,1,1,2,0.5
PnbJ,1,1,2,0.5
PnbK,1,2,3,0.33
PnbL,6,7,13,0.46
PnbM,8,8,16,0.5
PnbN,12,19,31,0.39
PnbP,15,11,26,0.58
PnbS,8,13,21,0.38
Pnbb,10,12,22,0.45
Pnbl,0,3,3,0.0
Pnbm,13,12,25,0.52
Pnbn,14,8,22,0.64
Pnbs,5,5,10,0.5
PnhB,1,1,2,0.5
PnhD,0,0,0,
PnhH,1,0,1,1.0
PnhM,0,1,1,0.0
PnhN,0,0,0,
PnhP,1,1,2,0.5
PnhS,0,1,1,0.0
Pnhb,0,1,1,0.0
Pnhh,0,1,1,0.0
Pnhm,1,0,1,1.0
Pnhs,2,0,2,1.0
PnlB,8,4,12,0.67
PnlD,4,0,4,1.0
PnlH,1,6,7,0.14
PnlI,1,0,1,1.0
PnlJ,2,3,5,0.4
PnlL,1,3,4,0.25
PnlM,8,7,15,0.53
PnlN,4,5,9,0.44
PnlP,4,8,12,0.33
PnlS,0,3,3,0.0
Pnlb,9,3,12,0.75
Pnll,3,1,4,0.75
Pnlm,1,1,2,0.5
Pnln,5,4,9,0.56
Pnls,6,2,8,0.75
PnmB,12,22,34,0.35
PnmD,3,3,6,0.5
PnmH,14,4,18,0.78
PnmI,1,2,3,0.33
PnmJ,3,2,5,0.6
PnmL,5,9,14,0.36
PnmM,20,15,35,0.57
PnmN,22,15,37,0.59
PnmP,21,17,38,0.55
PnmS,18,2,20,0.9
Pnmb,14,12,26,0.54
Pnml,4,7,11,0.36
Pnmm,16,17,33,0.48
Pnmn,18,9,27,0.67
Pnms,7,6,13,0.54
Pnmt,0,0,0,
PnnB,8,9,17,0.47
PnnD,3,6,9,0.33
PnnH,8,9,17,0.47
PnnI,2,4,6,0.33
PnnK,3,0,3,1.0
PnnL,5,4,9,0.56
PnnM,14,10,24,0.58
PnnN,12,22,34,0.35
PnnP,21,21,42,0.5
PnnS,12,10,22,0.55
Pnnb,10,9,19,0.53
Pnnh,0,1,1,0.0
Pnnl,9,5,14,0.64
Pnnm,15,8,23,0.65
Pnnn,16,12,28,0.57
Pnns,9,9,18,0.5
PnsB,5,6,11,0.45
PnsD,2,1,3,0.67
PnsH,8,5,13,0.62
PnsI,0,1,1,0.0
PnsK,1,0,1,1.0
PnsL,3,4,7,0.43
PnsM,17,12,29,0.59
PnsN,10,11,21,0.48
PnsP,11,11,22,0.5
PnsS,11,10,21,0.52
Pnsb,8,7,15,0.53
Pnsh,1,0,1,1.0
Pnsl,11,4,15,0.73
Pnsm,9,8,17,0.53
Pnsn,13,10,23,0.57
Pnss,11,13,24,0.46
PntN,1,0,1,1.0
PntS,0,1,1,0.0
PsBB,8,7,15,0.53
PsBD,2,3,5,0.4
PsBK,0,1,1,0.0
PsBL,4,3,7,0.57
PsBM,7,2,9,0.78
PsBN,10,13,23,0.43
PsBP,12,7,19,0.63
PsBS,1,4,5,0.2
PsBb,6,5,11,0.55
PsBh,1,0,1,1.0
PsBj,2,1,3,0.67
PsBl,4,3,7,0.57
PsBm,6,10,16,0.38
PsBn,8,6,14,0.57
PsBs,7,2,9,0.78
PsDB,1,5,6,0.17
PsDD,4,2,6,0.67
PsDH,4,7,11,0.36
PsDL,0,1,1,0.0
PsDM,3,10,13,0.23
PsDN,7,4,11,0.64
PsDP,3,3,6,0.5
PsDS,4,0,4,1.0
PsDb,4,4,8,0.5
PsDl,1,1,2,0.5
PsDm,1,3,4,0.25
PsDn,2,2,4,0.5
PsDs,1,2,3,0.33
PsHB,7,6,13,0.54
PsHD,3,1,4,0.75
PsHH,0,3,3,0.0
PsHI,0,2,2,0.0
PsHK,1,0,1,1.0
PsHL,6,0,6,1.0
PsHM,9,9,18,0.5
PsHN,10,7,17,0.59
PsHP,11,12,23,0.48
PsHS,9,12,21,0.43
PsHb,7,9,16,0.44
PsHh,5,7,12,0.42
PsHl,5,2,7,0.71
PsHm,13,4,17,0.76
PsHn,10,7,17,0.59
PsHs,9,8,17,0.53
PsIB,0,1,1,0.0
PsID,1,0,1,1.0
PsIH,0,1,1,0.0
PsIL,1,1,2,0.5
PsIN,2,2,4,0.5
PsIP,1,1,2,0.5
PsIS,1,4,5,0.2
PsIb,0,0,0,
PsIl,1,0,1,1.0
PsIm,0,3,3,0.0
PsIn,1,0,1,1.0
PsIs,1,3,4,0.25
PsKB,1,0,1,1.0
PsKL,1,1,2,0.5
PsKM,1,0,1,1.0
PsKN,1,0,1,1.0
PsKm,1,0,1,1.0
PsLB,8,4,12,0.67
PsLD,1,0,1,1.0
PsLH,0,1,1,0.0
PsLL,1,2,3,0.33
PsLM,2,5,7,0.29
PsLN,3,4,7,0.43
PsLP,4,3,7,0.57
PsLS,4,3,7,0.57
PsLb,5,1,6,0.83
PsLh,2,1,3,0.67
PsLj,0,0,0,
PsLl,5,3,8,0.62
PsLm,11,4,15,0.73
PsLn,1,5,6,0.17
PsLs,2,4,6,0.33
PsLt,1,0,1,1.0
PsMB,11,7,18,0.61
PsMD,7,2,9,0.78
PsMH,0,0,0,
PsMK,1,0,1,1.0
PsML,2,4,6,0.33
PsMM,8,10,18,0.44
PsMN,9,11,20,0.45
PsMP,10,7,17,0.59
PsMS,10,8,18,0.56
PsMb,11,11,22,0.5
PsMh,18,10,28,0.64
PsMl,4,3,7,0.57
PsMm,14,17,31,0.45
PsMn,5,7,12,0.42
PsMs,5,7,12,0.42
PsMt,0,2,2,0.0
PsNB,6,7,13,0.46
PsND,1,1,2,0.5
PsNH,1,1,2,0.5
PsNK,3,1,4,0.75
PsNL,3,5,8,0.38
PsNM,9,12,21,0.43
PsNN,15,14,29,0.52
PsNP,16,13,29,0.55
PsNS,3,12,15,0.2
PsNb,3,6,9,0.33
PsNh,2,3,5,0.4
PsNl,3,2,5,0.6
PsNm,12,7,19,0.63
PsNn,9,7,16,0.56
PsNs,13,6,19,0.68
PsNt,1,0,1,1.0
PsPB,7,2,9,0.78
PsPD,0,4,4,0.0
PsPH,2,4,6,0.33
PsPI,2,1,3,0.67
PsPK,1,2,3,0.33
PsPL,5,6,11,0.45
PsPM,8,13,21,0.38
PsPN,10,18,28,0.36
PsPP,24,17,41,0.59
PsPS,12,13,25,0.48
PsPb,12,13,25,0.48
PsPh,0,0,0,
PsPl,5,6,11,0.45
PsPm,12,18,30,0.4
PsPn,16,15,31,0.52
PsPs,10,9,19,0.53
PsPt,0,1,1,0.0
PsSB,6,3,9,0.67
PsSD,0,1,1,0.0
PsSH,7,2,9,0.78
PsSL,8,5,13,0.62
PsSM,8,11,19,0.42
PsSN,3,12,15,0.2
PsSP,16,9,25,0.64
PsSS,19,12,31,0.61
PsSb,6,7,13,0.46
PsSh,8,3,11,0.73
PsSl,4,3,7,0.57
PsSm,9,11,20,0.45
PsSn,15,7,22,0.68
PsSs,12,16,28,0.43
PsSt,1,0,1,1.0
PsbB,9,3,12,0.75
PsbD,2,1,3,0.67
PsbH,2,3,5,0.4
PsbI,0,1,1,0.0
PsbJ,2,1,3,0.67
PsbK,2,0,2,1.0
PsbL,4,2,6,0.67
PsbM,10,11,21,0.48
PsbN,7,12,19,0.37
PsbP,6,13,19,0.32
PsbS,6,6,12,0.5
Psbb,10,9,19,0.53
Psbl,2,2,4,0.5
Psbm,8,4,12,0.67
Psbn,2,8,10,0.2
Psbs,2,4,6,0.33
PshM,1,0,1,1.0
PshN,1,0,1,1.0
PshS,0,1,1,0.0
Pshm,0,0,0,
Pshs,1,0,1,1.0
PslB,2,2,4,0.5
PslD,0,1,1,0.0
PslH,4,3,7,0.57
PslJ,1,1,2,0.5
PslL,0,3,3,0.0
PslM,3,6,9,0.33
PslN,3,7,10,0.3
PslP,5,3,8,0.62
PslS,4,4,8,0.5
Pslb,8,3,11,0.73
Psll,1,0,1,1.0
Pslm,4,2,6,0.67
Psln,1,4,5,0.2
Psls,1,3,4,0.25
PsmB,10,5,15,0.67
PsmD,1,1,2,0.5
PsmH,16,7,23,0.7
PsmI,1,1,2,0.5
PsmJ,0,4,4,0.0
PsmL,4,6,10,0.4
PsmM,12,18,30,0.4
PsmN,14,9,23,0.61
PsmP,8,18,26,0.31
PsmS,7,10,17,0.41
Psmb,4,13,17,0.24
Psml,2,4,6,0.33
Psmm,18,13,31,0.58
Psmn,9,9,18,0.5
Psms,5,8,13,0.38
PsnB,10,5,15,0.67
PsnD,3,3,6,0.5
PsnH,4,6,10,0.4
PsnI,1,2,3,0.33
PsnK,1,1,2,0.5
PsnL,1,4,5,0.2
PsnM,7,8,15,0.47
PsnN,4,16,20,0.2
PsnP,9,17,26,0.35
PsnS,7,12,19,0.37
Psnb,9,3,12,0.75
Psnl,1,1,2,0.5
Psnm,8,10,18,0.44
Psnn,5,8,13,0.38
Psns,9,8,17,0.53
PssB,5,6,11,0.45
PssD,2,1,3,0.67
PssH,9,4,13,0.69
PssI,1,1,2,0.5
PssK,0,1,1,0.0
PssL,4,3,7,0.57
PssM,8,14,22,0.36
PssN,8,8,16,0.5
PssP,11,15,26,0.42
PssS,12,14,26,0.46
Pssb,4,6,10,0.4
Pssl,2,2,4,0.5
Pssm,4,5,9,0.44
Pssn,7,12,19,0.37
Psss,8,6,14,0.57
Pstn,0,0,0,
PtBB,1,0,1,1.0
PtBD,0,1,1,0.0
PtBM,1,1,2,0.5
PtBN,1,1,2,0.5
PtBP,1,3,4,0.25
PtBl,0,1,1,0.0
PtBm,1,0,1,1.0
PtBn,0,2,2,0.0
PtBs,1,0,1,1.0
PtDH,1,2,3,0.33
PtDM,2,0,2,1.0
PtDS,0,0,0,
PtDb,0,1,1,0.0
PtDm,0,0,0,
PtDs,0,1,1,0.0
PtHB,2,0,2,1.0
PtHM,0,0,0,
PtHN,1,2,3,0.33
PtHP,2,0,2,1.0
PtHS,1,1,2,0.5
PtHb,1,1,2,0.5
PtHl,1,0,1,1.0
PtHm,1,0,1,1.0
PtHs,0,1,1,0.0
PtIH,1,0,1,1.0
PtIb,1,0,1,1.0
PtKB,0,1,1,0.0
PtKm,0,1,1,0.0
PtLM,2,1,3,0.67
PtLN,0,1,1,0.0
PtLP,1,2,3,0.33
PtLb,3,0,3,1.0
PtLm,2,0,2,1.0
PtLn,0,0,0,
PtLs,1,0,1,1.0
PtMB,0,0,0,
PtMM,1,0,1,1.0
PtMN,2,1,3,0.67
PtMP,2,1,3,0.67
PtMS,0,2,2,0.0
PtMb,3,0,3,1.0
PtMh,1,0,1,1.0
PtMm,3,0,3,1.0
PtMn,2,2,4,0.5
PtMs,2,0,2,1.0
PtMt,1,0,1,1.0
PtNB,1,2,3,0.33
PtNH,1,0,1,1.0
PtNK,0,0,0,
PtNL,1,0,1,1.0
PtNM,0,2,2,0.0
PtNN,0,1,1,0.0
PtNP,0,1,1,0.0
PtNb,1,1,2,0.5
PtNh,0,1,1,0.0
PtNl,0,1,1,0.0
PtNm,0,2,2,0.0
PtNn,0,2,2,0.0
PtNs,0,0,0,
PtNt,1,0,1,1.0
PtPB,1,1,2,0.5
PtPD,1,0,1,1.0
PtPH,1,0,1,1.0
PtPL,1,0,1,1.0
PtPM,1,1,2,0.5
PtPN,2,0,2,1.0
PtPP,3,2,5,0.6
PtPS,0,2,2,0.0
PtPb,0,3,3,0.0
PtPh,0,0,0,
PtPl,0,1,1,0.0
PtPm,1,2,3,0.33
PtPn,5,0,5,1.0
PtPs,1,0,1,1.0
PtSH,1,0,1,1.0
PtSL,0,0,0,
PtSM,1,3,4,0.25
PtSN,2,1,3,0.67
PtSP,1,0,1,1.0
PtSS,2,2,4,0.5
PtSb,1,1,2,0.5
PtSl,0,1,1,0.0
PtSm,0,2,2,0.0
PtSn,0,1,1,0.0
PtSs,1,1,2,0.5
PtbB,4,1,5,0.8
PtbJ,1,2,3,0.33
PtbL,0,1,1,0.0
PtbM,1,0,1,1.0
PtbN,1,2,3,0.33
PtbP,2,3,5,0.4
PtbS,1,0,1,1.0
Ptbb,0,1,1,0.0
Ptbl,1,0,1,1.0
Ptbm,1,1,2,0.5
Ptbn,2,0,2,1.0
PtlB,0,3,3,0.0
PtlH,0,1,1,0.0
PtlI,1,0,1,1.0
PtlK,1,0,1,1.0
PtlL,0,1,1,0.0
PtlP,1,0,1,1.0
PtlS,0,0,0,
PtmD,1,0,1,1.0
PtmH,3,1,4,0.75
PtmL,1,1,2,0.5
PtmM,1,2,3,0.33
PtmN,1,3,4,0.25
PtmP,1,3,4,0.25
PtmS,1,1,2,0.5
Ptmb,2,0,2,1.0
Ptml,0,0,0,
Ptmm,1,0,1,1.0
Ptmn,0,1,1,0.0
PtnB,0,2,2,0.0
PtnD,0,0,0,
PtnH,0,1,1,0.0
PtnK,0,0,0,
PtnL,0,0,0,
PtnM,0,2,2,0.0
PtnN,1,1,2,0.5
PtnP,2,2,4,0.5
PtnS,1,0,1,1.0
Ptnb,1,2,3,0.33
Ptnl,0,1,1,0.0
Ptnm,1,0,1,1.0
Ptnn,1,0,1,1.0
Ptns,1,1,2,0.5
PtsB,0,1,1,0.0
PtsD,1,0,1,1.0
PtsH,1,1,2,0.5
PtsI,1,0,1,1.0
PtsM,0,2,2,0.0
PtsN,1,1,2,0.5
PtsP,0,1,1,0.0
PtsS,0,1,1,0.0
Ptsb,1,0,1,1.0
Ptss,1,0,1,1.0
PttM,1,0,1,1.0
PttN,0,1,1,0.0
Pttn,0,1,1,0.0
S,0,0,0,
SBBB,4,8,12,0.33
SBBD,4,2,6,0.67
SBBK,1,0,1,1.0
SBBL,4,2,6,0.67
SBBM,5,5,10,0.5
SBBN,7,4,11,0.64
SBBP,13,17,30,0.43
SBBS,2,2,4,0.5
SBBb,7,11,18,0.39
SBBh,1,0,1,1.0
SBBj,1,2,3,0.33
SBBl,1,1,2,0.5
SBBm,10,7,17,0.59
SBBn,12,12,24,0.5
SBBs,1,3,4,0.25
SBDB,0,0,0,
SBDD,1,0,1,1.0
SBDH,2,0,2,1.0
SBDL,2,0,2,1.0
SBDM,1,0,1,1.0
SBDN,3,3,6,0.5
SBDP,2,1,3,0.67
SBDS,2,2,4,0.5
SBDb,0,0,0,
SBDm,0,1,1,0.0
SBDn,2,2,4,0.5
SBDs,1,0,1,1.0
SBKB,2,0,2,1.0
SBKH,1,0,1,1.0
SBKM,2,2,4,0.5
SBKN,0,0,0,
SBKP,2,3,5,0.4
SBKS,0,1,1,0.0
SBKb,1,0,1,1.0
SBKh,0,1,1,0.0
SBKm,0,0,0,
SBKs,0,0,0,
SBLB,1,3,4,0.25
SBLD,0,2,2,0.0
SBLK,1,0,1,1.0
SBLL,2,1,3,0.67
SBLM,2,0,2,1.0
SBLN,1,3,4,0.25
SBLP,4,2,6,0.67
SBLS,2,1,3,0.67
SBLb,3,0,3,1.0
SBLh,1,0,1,1.0
SBLl,2,3,5,0.4
SBLm,3,5,8,0.38
SBLn,1,3,4,0.25
SBLs,1,1,2,0.5
SBLt,0,1,1,0.0
SBMB,3,8,11,0.27
SBMD,0,3,3,0.0
SBMK,0,1,1,0.0
SBML,1,4,5,0.2
SBMM,6,4,10,0.6
SBMN,6,3,9,0.67
SBMP,6,6,12,0.5
SBMS,3,0,3,1.0
SBMb,10,8,18,0.56
SBMh,10,4,14,0.71
SBMj,0,1,1,0.0
SBMl,2,1,3,0.67
SBMm,12,6,18,0.67
SBMn,9,9,18,0.5
SBMs,9,3,12,0.75
SBNB,8,1,9,0.89
SBND,3,3,6,0.5
SBNH,0,1,1,0.0
SBNL,4,2,6,0.67
SBNM,5,9,14,0.36
SBNN,7,14,21,0.33
SBNP,6,15,21,0.29
SBNS,3,8,11,0.27
SBNb,5,12,17,0.29
SBNh,3,0,3,1.0
SBNl,2,1,3,0.67
SBNm,11,8,19,0.58
SBNn,8,9,17,0.47
SBNs,3,8,11,0.27
SBNt,0,0,0,
SBPB,10,9,19,0.53
SBPD,1,2,3,0.33
SBPH,3,0,3,1.0
SBPK,0,0,0,
SBPL,3,2,5,0.6
SBPM,10,12,22,0.45
SBPN,14,13,27,0.52
SBPP,12,17,29,0.41
SBPS,5,6,11,0.45
SBPb,6,8,14,0.43
SBPh,0,2,2,0.0
SBPl,1,3,4,0.25
SBPm,9,10,19,0.47
SBPn,6,9,15,0.4
SBPs,3,4,7,0.43
SBPt,0,1,1,0.0
SBSB,1,7,8,0.12
SBSD,0,1,1,0.0
SBSK,1,0,1,1.0
SBSL,1,2,3,0.33
SBSM,7,5,12,0.58
SBSN,5,2,7,0.71
SBSP,6,2,8,0.75
SBSS,2,2,4,0.5
SBSb,3,2,5,0.6
SBSh,2,0,2,1.0
SBSl,3,2,5,0.6
SBSm,5,4,9,0.56
SBSn,8,6,14,0.57
SBSs,2,5,7,0.29
SBSt,0,1,1,0.0
SBbB,8,8,16,0.5
SBbD,0,0,0,
SBbH,0,3,3,0.0
SBbI,1,0,1,1.0
SBbJ,1,2,3,0.33
SBbK,1,1,2,0.5
SBbL,1,3,4,0.25
SBbM,6,9,15,0.4
SBbN,4,8,12,0.33
SBbP,9,4,13,0.69
SBbS,2,1,3,0.67
SBbb,6,5,11,0.55
SBbl,5,2,7,0.71
SBbm,4,5,9,0.44
SBbn,5,6,11,0.45
SBbs,2,2,4,0.5
SBhB,1,0,1,1.0
SBhM,0,2,2,0.0
SBhN,3,0,3,1.0
SBhP,1,1,2,0.5
SBhS,1,0,1,1.0
SBhb,2,0,2,1.0
SBhh,2,0,2,1.0
SBhl,1,0,1,1.0
SBhm,1,1,2,0.5
SBhn,2,1,3,0.67
SBjB,2,0,2,1.0
SBjL,0,1,1,0.0
SBjN,2,3,5,0.4
SBjP,0,2,2,0.0
SBjS,1,0,1,1.0
SBjb,0,0,0,
SBjh,0,1,1,0.0
SBjl,1,0,1,1.0
SBjm,1,1,2,0.5
SBjn,0,1,1,0.0
SBjs,1,0,1,1.0
SBlB,1,4,5,0.2
SBlD,0,1,1,0.0
SBlH,1,0,1,1.0
SBlL,2,0,2,1.0
SBlM,1,2,3,0.33
SBlN,0,6,6,0.0
SBlP,3,5,8,0.38
SBlS,2,2,4,0.5
SBlb,1,1,2,0.5
SBlm,3,4,7,0.43
SBln,1,1,2,0.5
SBls,2,1,3,0.67
SBmB,4,6,10,0.4
SBmD,4,2,6,0.67
SBmH,3,3,6,0.5
SBmJ,1,1,2,0.5
SBmK,0,1,1,0.0
SBmL,0,3,3,0.0
SBmM,6,8,14,0.43
SBmN,12,6,18,0.67
SBmP,8,11,19,0.42
SBmS,6,2,8,0.75
SBmb,5,6,11,0.45
SBml,2,2,4,0.5
SBmm,11,7,18,0.61
SBmn,12,11,23,0.52
SBms,6,3,9,0.67
SBnB,5,11,16,0.31
SBnD,1,2,3,0.33
SBnH,3,1,4,0.75
SBnI,0,1,1,0.0
SBnK,0,2,2,0.0
SBnL,2,1,3,0.67
SBnM,7,6,13,0.54
SBnN,9,10,19,0.47
SBnP,15,9,24,0.62
SBnS,8,6,14,0.57
SBnb,8,7,15,0.53
SBnh,0,1,1,0.0
SBnl,1,4,5,0.2
SBnm,9,14,23,0.39
SBnn,8,11,19,0.42
SBns,7,5,12,0.58
SBsB,1,2,3,0.33
SBsD,2,4,6,0.33
SBsH,5,3,8,0.62
SBsL,0,1,1,0.0
SBsM,4,1,5,0.8
SBsN,4,2,6,0.67
SBsP,0,5,5,0.0
SBsS,1,9,10,0.1
SBsb,3,3,6,0.5
SBsl,1,0,1,1.0
SBsm,8,1,9,0.89
SBsn,4,5,9,0.44
SBss,3,1,4,0.75
SBtL,0,0,0,
SBtM,1,0,1,1.0
SBtN,1,0,1,1.0
SBtP,0,3,3,0.0
SBtS,0,1,1,0.0
SBtb,1,0,1,1.0
SBtl,0,0,0,
SBtm,4,0,4,1.0
SBtn,1,1,2,0.5
SBts,1,0,1,1.0
SDBB,0,2,2,0.0
SDBD,1,0,1,1.0
SDBM,2,4,6,0.33
SDBN,1,2,3,0.33
SDBP,2,4,6,0.33
SDBS,0,1,1,0.0
SDBb,0,2,2,0.0
SDBj,0,2,2,0.0
SDBm,1,0,1,1.0
SDBn,2,5,7,0.29
SDBs,1,0,1,1.0
SDDB,2,1,3,0.67
SDDD,1,1,2,0.5
SDDH,0,2,2,0.0
SDDL,1,2,3,0.33
SDDM,8,0,8,1.0
SDDP,3,3,6,0.5
SDDS,1,3,4,0.25
SDDb,1,0,1,1.0
SDDh,0,1,1,0.0
SDDl,1,1,2,0.5
SDDm,3,5,8,0.38
SDDn,1,1,2,0.5
SDDs,0,2,2,0.0
SDHB,1,1,2,0.5
SDHD,2,2,4,0.5
SDHH,0,1,1,0.0
SDHL,1,0,1,1.0
SDHM,3,8,11,0.27
SDHN,0,5,5,0.0
SDHP,1,4,5,0.2
SDHS,1,2,3,0.33
SDHb,4,2,6,0.67
SDHh,1,2,3,0.33
SDHl,0,1,1,0.0
SDHm,3,3,6,0.5
SDHn,1,0,1,1.0
SDHs,0,3,3,0.0
SDIB,0,1,1,0.0
SDIL,1,0,1,1.0
SDIM,0,0,0,
SDIN,1,0,1,1.0
SDLB,2,0,2,1.0
SDLD,0,0,0,
SDLL,1,0,1,1.0
SDLM,0,1,1,0.0
SDLN,1,1,2,0.5
SDLS,1,0,1,1.0
SDLb,0,2,2,0.0
SDLj,0,0,0,
SDLl,1,1,2,0.5
SDLm,1,1,2,0.5
SDLs,0,0,0,
SDLt,0,1,1,0.0
SDMB,7,6,13,0.54
SDMD,4,1,5,0.8
SDML,2,0,2,1.0
SDMM,2,4,6,0.33
SDMN,2,3,5,0.4
SDMP,3,2,5,0.6
SDMS,4,3,7,0.57
SDMb,1,4,5,0.2
SDMh,2,1,3,0.67
SDMj,1,0,1,1.0
SDMl,0,1,1,0.0
SDMm,5,2,7,0.71
SDMn,4,3,7,0.57
SDMs,2,5,7,0.29
SDMt,1,0,1,1.0
SDNB,3,0,3,1.0
SDND,1,0,1,1.0
SDNI,0,1,1,0.0
SDNL,2,1,3,0.67
SDNM,3,2,5,0.6
SDNN,1,1,2,0.5
SDNP,2,2,4,0.5
SDNS,3,1,4,0.75
SDNb,1,3,4,0.25
SDNh,0,1,1,0.0
SDNl,0,1,1,0.0
SDNm,3,5,8,0.38
SDNn,2,2,4,0.5
SDNs,1,1,2,0.5
SDNt,2,2,4,0.5
SDPB,5,3,8,0.62
SDPH,0,0,0,
SDPK,1,0,1,1.0
SDPL,0,2,2,0.0
SDPM,3,2,5,0.6
SDPN,2,2,4,0.5
SDPP,4,1,5,0.8
SDPS,6,1,7,0.86
SDPb,7,2,9,0.78
SDPl,2,0,2,1.0
SDPm,4,5,9,0.44
SDPn,0,4,4,0.0
SDPs,1,1,2,0.5
SDSB,4,2,6,0.67
SDSD,2,2,4,0.5
SDSH,2,3,5,0.4
SDSL,0,1,1,0.0
SDSM,6,2,8,0.75
SDSN,3,3,6,0.5
SDSP,2,0,2,1.0
SDSS,3,2,5,0.6
SDSb,3,1,4,0.75
SDSh,1,0,1,1.0
SDSl,1,0,1,1.0
SDSm,5,6,11,0.45
SDSn,0,2,2,0.0
SDSs,10,5,15,0.67
SDbB,2,3,5,0.4
SDbD,0,1,1,0.0
SDbH,1,1,2,0.5
SDbJ,2,0,2,1.0
SDbL,0,0,0,
SDbM,2,2,4,0.5
SDbN,4,0,4,1.0
SDbP,4,3,7,0.57
SDbS,1,1,2,0.5
SDbb,2,5,7,0.29
SDbl,1,1,2,0.5
SDbm,3,3,6,0.5
SDbn,1,2,3,0.33
SDbs,0,0,0,
SDhS,1,0,1,1.0
SDhm,0,1,1,0.0
SDlB,0,1,1,0.0
SDlH,0,1,1,0.0
SDlL,3,0,3,1.0
SDlP,1,0,1,1.0
SDlS,0,0,0,
SDlb,1,1,2,0.5
SDlm,2,2,4,0.5
SDln,0,1,1,0.0
SDls,0,1,1,0.0
SDmB,2,1,3,0.67
SDmD,3,1,4,0.75
SDmH,2,3,5,0.4
SDmI,0,1,1,0.0
SDmJ,1,0,1,1.0
SDmL,0,1,1,0.0
SDmM,3,7,10,0.3
SDmN,4,6,10,0.4
SDmP,4,3,7,0.57
SDmS,1,4,5,0.2
SDmb,5,3,8,0.62
SDml,1,0,1,1.0
SDmm,4,7,11,0.36
SDmn,1,1,2,0.5
SDms,2,1,3,0.67
SDnB,0,5,5,0.0
SDnD,2,2,4,0.5
SDnH,2,1,3,0.67
SDnI,0,2,2,0.0
SDnL,0,0,0,
SDnM,2,3,5,0.4
SDnN,3,2,5,0.6
SDnP,1,2,3,0.33
SDnS,2,1,3,0.67
SDnb,1,0,1,1.0
SDnl,1,2,3,0.33
SDnm,3,5,8,0.38
SDnn,2,2,4,0.5
SDns,1,3,4,0.25
SDsB,1,2,3,0.33
SDsD,1,1,2,0.5
SDsH,1,0,1,1.0
SDsL,1,1,2,0.5
SDsM,1,3,4,0.25
SDsN,2,0,2,1.0
SDsP,4,3,7,0.57
SDsS,5,2,7,0.71
SDsb,2,1,3,0.67
SDsl,0,1,1,0.0
SDsm,2,1,3,0.67
SDsn,4,1,5,0.8
SDss,2,5,7,0.29
SDtM,0,1,1,0.0
SDtm,0,0,0,
SDts,0,0,0,
SHBB,5,5,10,0.5
SHBD,1,1,2,0.5
SHBL,0,1,1,0.0
SHBM,1,2,3,0.33
SHBN,0,3,3,0.0
SHBP,0,2,2,0.0
SHBS,3,2,5,0.6
SHBb,2,3,5,0.4
SHBj,0,1,1,0.0
SHBl,1,1,2,0.5
SHBm,2,1,3,0.67
SHBn,1,4,5,0.2
SHBs,0,2,2,0.0
SHDB,0,1,1,0.0
SHDD,0,0,0,
SHDH,1,0,1,1.0
SHDK,1,0,1,1.0
SHDL,0,1,1,0.0
SHDM,1,2,3,0.33
SHDN,0,1,1,0.0
SHDP,0,1,1,0.0
SHDS,0,1,1,0.0
SHDb,1,0,1,1.0
SHDl,0,1,1,0.0
SHDm,0,2,2,0.0
SHDn,1,2,3,0.33
SHDs,0,0,0,
SHDt,0,0,0,
SHHB,1,0,1,1.0
SHHH,0,0,0,
SHHL,2,0,2,1.0
SHHM,0,1,1,0.0
SHHN,1,1,2,0.5
SHHP,0,0,0,
SHHS,3,3,6,0.5
SHHb,0,1,1,0.0
SHHm,1,1,2,0.5
SHHs,3,1,4,0.75
SHIB,0,1,1,0.0
SHID,0,1,1,0.0
SHIH,1,0,1,1.0
SHIM,0,1,1,0.0
SHIN,1,0,1,1.0
SHIP,0,1,1,0.0
SHIb,1,0,1,1.0
SHIn,0,1,1,0.0
SHKB,0,0,0,
SHKK,0,1,1,0.0
SHKP,0,1,1,0.0
SHKb,1,0,1,1.0
SHKl,1,0,1,1.0
SHKs,1,0,1,1.0
SHLB,3,1,4,0.75
SHLD,1,0,1,1.0
SHLM,0,1,1,0.0
SHLN,1,1,2,0.5
SHLS,0,0,0,
SHLb,1,3,4,0.25
SHLj,0,2,2,0.0
SHLl,2,1,3,0.67
SHLm,1,0,1,1.0
SHLn,1,0,1,1.0
SHLs,2,0,2,1.0
SHMB,0,7,7,0.0
SHMD,0,1,1,0.0
SHMK,0,0,0,
SHML,0,1,1,0.0
SHMM,3,4,7,0.43
SHMN,1,2,3,0.33
SHMP,4,6,10,0.4
SHMS,8,3,11,0.73
SHMb,1,0,1,1.0
SHMh,1,6,7,0.14
SHMj,1,0,1,1.0
SHMl,1,1,2,0.5
SHMm,5,5,10,0.5
SHMn,1,2,3,0.33
SHMs,0,1,1,0.0
SHMt,0,1,1,0.0
SHNB,2,2,4,0.5
SHNH,0,1,1,0.0
SHNI,0,0,0,
SHNM,3,3,6,0.5
SHNN,2,2,4,0.5
SHNP,2,5,7,0.29
SHNS,2,2,4,0.5
SHNb,1,3,4,0.25
SHNh,1,1,2,0.5
SHNl,0,2,2,0.0
SHNm,3,1,4,0.75
SHNn,3,2,5,0.6
SHNs,4,3,7,0.57
SHPB,6,3,9,0.67
SHPD,0,0,0,
SHPH,0,2,2,0.0
SHPI,2,0,2,1.0
SHPK,1,2,3,0.33
SHPL,0,1,1,0.0
SHPM,3,4,7,0.43
SHPN,2,5,7,0.29
SHPP,5,6,11,0.45
SHPS,7,1,8,0.88
SHPb,2,0,2,1.0
SHPh,0,0,0,
SHPl,1,2,3,0.33
SHPm,3,1,4,0.75
SHPn,0,4,4,0.0
SHPs,4,1,5,0.8
SHSB,4,3,7,0.57
SHSD,1,2,3,0.33
SHSH,0,3,3,0.0
SHSI,0,1,1,0.0
SHSK,1,0,1,1.0
SHSL,1,1,2,0.5
SHSM,2,3,5,0.4
SHSN,7,1,8,0.88
SHSP,3,0,3,1.0
SHSS,2,11,13,0.15
SHSb,3,4,7,0.43
SHSh,3,4,7,0.43
SHSl,2,3,5,0.4
SHSm,3,2,5,0.6
SHSn,2,1,3,0.67
SHSs,2,7,9,0.22
SHbB,2,1,3,0.67
SHbD,3,2,5,0.6
SHbJ,2,1,3,0.67
SHbK,0,2,2,0.0
SHbL,1,1,2,0.5
SHbM,4,4,8,0.5
SHbN,2,3,5,0.4
SHbP,1,1,2,0.5
SHbS,2,0,2,1.0
SHbb,1,1,2,0.5
SHbm,6,4,10,0.6
SHbn,2,1,3,0.67
SHbs,0,1,1,0.0
SHhB,0,1,1,0.0
SHhD,1,1,2,0.5
SHhH,1,1,2,0.5
SHhL,0,0,0,
SHhM,0,1,1,0.0
SHhN,0,1,1,0.0
SHhP,1,2,3,0.33
SHhS,4,1,5,0.8
SHhb,2,2,4,0.5
SHhh,1,3,4,0.25
SHhl,1,0,1,1.0
SHhm,1,6,7,0.14
SHhn,1,3,4,0.25
SHhs,2,1,3,0.67
SHlB,0,2,2,0.0
SHlH,2,1,3,0.67
SHlL,2,2,4,0.5
SHlM,2,1,3,0.67
SHlN,1,0,1,1.0
SHlP,2,5,7,0.29
SHlS,1,0,1,1.0
SHlb,1,3,4,0.25
SHll,0,1,1,0.0
SHlm,3,2,5,0.6
SHln,0,1,1,0.0
SHls,0,1,1,0.0
SHmB,7,2,9,0.78
SHmD,3,3,6,0.5
SHmH,1,5,6,0.17
SHmJ,0,1,1,0.0
SHmL,1,0,1,1.0
SHmM,5,5,10,0.5
SHmN,0,2,2,0.0
SHmP,5,0,5,1.0
SHmS,3,4,7,0.43
SHmb,5,2,7,0.71
SHml,3,1,4,0.75
SHmm,10,4,14,0.71
SHmn,2,3,5,0.4
SHms,1,2,3,0.33
SHnB,1,3,4,0.25
SHnD,1,1,2,0.5
SHnH,3,1,4,0.75
SHnI,0,1,1,0.0
SHnK,0,0,0,
SHnL,0,0,0,
SHnM,5,1,6,0.83
SHnN,3,3,6,0.5
SHnP,3,2,5,0.6
SHnS,2,4,6,0.33
SHnb,2,2,4,0.5
SHnm,1,1,2,0.5
SHnn,2,2,4,0.5
SHns,1,1,2,0.5
SHsB,3,1,4,0.75
SHsD,0,0,0,
SHsH,5,6,11,0.45
SHsL,3,0,3,1.0
SHsM,3,6,9,0.33
SHsN,4,2,6,0.67
SHsP,3,1,4,0.75
SHsS,4,2,6,0.67
SHsb,2,1,3,0.67
SHsl,5,1,6,0.83
SHsm,4,4,8,0.5
SHsn,2,4,6,0.33
SHss,3,5,8,0.38
SHst,1,0,1,1.0
SHtB,0,1,1,0.0
SHtP,0,1,1,0.0
SHtS,0,0,0,
SHts,1,0,1,1.0
SIBB,1,0,1,1.0
SIBD,1,1,2,0.5
SIBb,1,0,1,1.0
SIBm,1,0,1,1.0
SIHN,0,1,1,0.0
SIHP,1,1,2,0.5
SIHl,0,1,1,0.0
SIMM,0,1,1,0.0
SIMn,0,1,1,0.0
SINP,0,1,1,0.0
SINn,1,0,1,1.0
SIPK,1,0,1,1.0
SIPP,1,1,2,0.5
SIPb,1,1,2,0.5
SIPm,1,0,1,1.0
SIPs,0,1,1,0.0
SISM,0,1,1,0.0
SISN,0,0,0,
SISS,0,1,1,0.0
SISl,0,0,0,
SISm,2,1,3,0.67
SIbP,1,0,1,1.0
SIbs,0,1,1,0.0
SIhN,0,1,1,0.0
SImD,0,1,1,0.0
SImM,0,1,1,0.0
SImN,2,0,2,1.0
SImP,0,0,0,
SImS,0,0,0,
SImb,0,1,1,0.0
SInM,0,0,0,
SInn,1,1,2,0.5
SIsL,0,0,0,
SIsM,1,0,1,1.0
SIsN,0,1,1,0.0
SIsP,0,2,2,0.0
SIsS,1,0,1,1.0
SIsb,0,1,1,0.0
SIsl,0,1,1,0.0
SIsm,1,0,1,1.0
SKBK,1,0,1,1.0
SKBN,1,0,1,1.0
SKBP,0,0,0,
SKBm,0,1,1,0.0
SKBn,0,1,1,0.0
SKBs,0,0,0,
SKIM,0,1,1,0.0
SKIS,0,1,1,0.0
SKKP,0,0,0,
SKLP,1,1,2,0.5
SKLS,1,0,1,1.0
SKLt,1,0,1,1.0
SKMB,1,0,1,1.0
SKMM,0,1,1,0.0
SKMN,1,0,1,1.0
SKMb,1,0,1,1.0
SKMn,1,0,1,1.0
SKNK,1,0,1,1.0
SKNL,0,1,1,0.0
SKNN,1,0,1,1.0
SKNP,1,1,2,0.5
SKNs,0,0,0,
SKPB,1,0,1,1.0
SKPl,1,0,1,1.0
SKPm,1,0,1,1.0
SKSL,1,0,1,1.0
SKSM,0,1,1,0.0
SKSN,0,0,0,
SKSh,0,0,0,
SKSn,0,1,1,0.0
SKbM,1,0,1,1.0
SKbN,1,0,1,1.0
SKbb,0,1,1,0.0
SKbn,0,2,2,0.0
SKhB,1,0,1,1.0
SKhH,1,0,1,1.0
SKhL,1,0,1,1.0
SKhM,0,1,1,0.0
SKhP,0,1,1,0.0
SKhb,0,1,1,0.0
SKhs,0,1,1,0.0
SKlM,0,1,1,0.0
SKlN,0,1,1,0.0
SKlb,1,0,1,1.0
SKll,1,1,2,0.5
SKlm,1,0,1,1.0
SKls,0,0,0,
SKmJ,1,0,1,1.0
SKmP,2,2,4,0.5
SKmb,0,1,1,0.0
SKml,0,1,1,0.0
SKmn,0,1,1,0.0
SKms,0,1,1,0.0
SKnH,0,1,1,0.0
SKnL,1,0,1,1.0
SKnN,1,0,1,1.0
SKnl,2,0,2,1.0
SKnm,0,0,0,
SKns,0,1,1,0.0
SKsD,1,0,1,1.0
SKsH,1,0,1,1.0
SKsM,1,0,1,1.0
SKsN,0,1,1,0.0
SKsb,0,3,3,0.0
SKsl,1,0,1,1.0
SKsm,0,1,1,0.0
SLBB,5,2,7,0.71
SLBD,0,2,2,0.0
SLBK,0,0,0,
SLBL,0,2,2,0.0
SLBM,2,1,3,0.67
SLBN,4,5,9,0.44
SLBP,2,6,8,0.25
SLBS,1,1,2,0.5
SLBb,4,2,6,0.67
SLBj,1,0,1,1.0
SLBl,0,1,1,0.0
SLBm,1,2,3,0.33
SLBn,5,4,9,0.56
SLBs,0,2,2,0.0
SLDD,0,0,0,
SLDH,0,2,2,0.0
SLDM,2,3,5,0.4
SLDN,0,1,1,0.0
SLDP,0,1,1,0.0
SLDb,0,3,3,0.0
SLDl,0,1,1,0.0
SLDm,1,1,2,0.5
SLDn,0,1,1,0.0
SLDs,0,1,1,0.0
SLHP,0,0,0,
SLKM,1,0,1,1.0
SLKN,0,1,1,0.0
SLKh,0,1,1,0.0
SLKl,1,0,1,1.0
SLKm,1,0,1,1.0
SLLB,1,0,1,1.0
SLLD,0,1,1,0.0
SLLK,1,0,1,1.0
SLLL,0,2,2,0.0
SLLM,1,0,1,1.0
SLLN,1,0,1,1.0
SLLP,1,2,3,0.33
SLLS,2,0,2,1.0
SLLb,2,2,4,0.5
SLLh,0,1,1,0.0
SLLj,1,1,2,0.5
SLLl,1,1,2,0.5
SLLm,1,0,1,1.0
SLLn,0,2,2,0.0
SLLs,0,2,2,0.0
SLMB,7,2,9,0.78
SLMD,1,0,1,1.0
SLMM,1,3,4,0.25
SLMN,1,3,4,0.25
SLMP,2,5,7,0.29
SLMS,0,3,3,0.0
SLMb,2,2,4,0.5
SLMh,0,1,1,0.0
SLMj,0,2,2,0.0
SLMl,3,1,4,0.75
SLMm,4,5,9,0.44
SLMn,6,6,12,0.5
SLMs,2,0,2,1.0
SLNB,4,5,9,0.44
SLND,1,0,1,1.0
SLNH,1,0,1,1.0
SLNL,4,2,6,0.67
SLNM,1,3,4,0.25
SLNN,2,4,6,0.33
SLNP,1,6,7,0.14
SLNS,4,2,6,0.67
SLNb,2,1,3,0.67
SLNh,0,1,1,0.0
SLNl,2,0,2,1.0
SLNm,3,6,9,0.33
SLNn,3,1,4,0.75
SLNs,2,4,6,0.33
SLPB,3,10,13,0.23
SLPD,1,1,2,0.5
SLPH,1,1,2,0.5
SLPI,0,1,1,0.0
SLPK,0,0,0,
SLPL,7,3,10,0.7
SLPM,4,4,8,0.5
SLPN,5,3,8,0.62
SLPP,3,4,7,0.43
SLPS,2,2,4,0.5
SLPb,1,4,5,0.2
SLPh,0,1,1,0.0
SLPl,2,1,3,0.67
SLPm,7,2,9,0.78
SLPn,1,2,3,0.33
SLPs,4,3,7,0.57
SLSB,3,6,9,0.33
SLSD,0,2,2,0.0
SLSH,2,0,2,1.0
SLSL,1,3,4,0.25
SLSM,1,2,3,0.33
SLSN,3,1,4,0.75
SLSP,4,3,7,0.57
SLSS,3,1,4,0.75
SLSb,1,1,2,0.5
SLSh,2,0,2,1.0
SLSl,2,3,5,0.4
SLSm,2,3,5,0.4
SLSn,3,1,4,0.75
SLSs,2,1,3,0.67
SLbB,2,4,6,0.33
SLbD,1,0,1,1.0
SLbH,2,0,2,1.0
SLbI,1,0,1,1.0
SLbJ,1,0,1,1.0
SLbK,0,0,0,
SLbL,2,0,2,1.0
SLbM,3,1,4,0.75
SLbN,2,0,2,1.0
SLbP,4,7,11,0.36
SLbS,2,2,4,0.5
SLbb,4,3,7,0.57
SLbl,1,1,2,0.5
SLbm,3,1,4,0.75
SLbn,3,2,5,0.6
SLbs,0,2,2,0.0
SLhB,0,2,2,0.0
SLhH,1,1,2,0.5
SLhK,0,0,0,
SLhL,0,1,1,0.0
SLhM,3,1,4,0.75
SLhN,0,0,0,
SLhP,6,0,6,1.0
SLhb,1,1,2,0.5
SLhh,2,2,4,0.5
SLhl,1,0,1,1.0
SLhm,1,1,2,0.5
SLhs,1,0,1,1.0
SLjD,1,0,1,1.0
SLjL,2,0,2,1.0
SLjM,0,1,1,0.0
SLjN,2,0,2,1.0
SLjb,1,0,1,1.0
SLjh,1,0,1,1.0
SLjm,0,2,2,0.0
SLjn,0,0,0,
SLlB,1,1,2,0.5
SLlH,0,1,1,0.0
SLlJ,0,1,1,0.0
SLlL,1,2,3,0.33
SLlM,1,2,3,0.33
SLlN,0,2,2,0.0
SLlP,1,1,2,0.5
SLlS,0,4,4,0.0
SLll,0,0,0,
SLlm,2,1,3,0.67
SLln,1,2,3,0.33
SLls,0,1,1,0.0
SLmB,6,2,8,0.75
SLmD,1,1,2,0.5
SLmH,1,2,3,0.33
SLmI,1,0,1,1.0
SLmJ,0,4,4,0.0
SLmL,0,1,1,0.0
SLmM,5,4,9,0.56
SLmN,3,6,9,0.33
SLmP,5,2,7,0.71
SLmS,4,6,10,0.4
SLmb,0,1,1,0.0
SLmh,0,1,1,0.0
SLml,1,0,1,1.0
SLmm,4,2,6,0.67
SLmn,9,2,11,0.82
SLms,3,1,4,0.75
SLnB,3,2,5,0.6
SLnD,6,0,6,1.0
SLnL,1,3,4,0.25
SLnM,2,4,6,0.33
SLnN,6,4,10,0.6
SLnP,3,5,8,0.38
SLnS,1,3,4,0.25
SLnb,2,2,4,0.5
SLnl,0,3,3,0.0
SLnm,0,2,2,0.0
SLnn,4,3,7,0.57
SLns,2,2,4,0.5
SLsB,1,1,2,0.5
SLsH,1,1,2,0.5
SLsL,1,0,1,1.0
SLsM,3,2,5,0.6
SLsN,1,1,2,0.5
SLsP,5,1,6,0.83
SLsS,2,4,6,0.33
SLsb,2,1,3,0.67
SLsh,0,1,1,0.0
SLsl,1,1,2,0.5
SLsm,4,4,8,0.5
SLsn,2,1,3,0.67
SLss,3,2,5,0.6
SLtB,1,2,3,0.33
SLtL,1,0,1,1.0
SLtM,0,1,1,0.0
SLtP,0,1,1,0.0
SLtS,1,0,1,1.0
SLtm,0,2,2,0.0
SLtn,0,1,1,0.0
SMBB,12,8,20,0.6
SMBD,4,1,5,0.8
SMBH,0,1,1,0.0
SMBK,1,0,1,1.0
SMBM,11,6,17,0.65
SMBN,8,12,20,0.4
SMBP,14,12,26,0.54
SMBS,2,7,9,0.22
SMBb,13,11,24,0.54
SMBh,0,1,1,0.0
SMBj,1,0,1,1.0
SMBl,5,3,8,0.62
SMBm,8,8,16,0.5
SMBn,10,15,25,0.4
SMBs,3,2,5,0.6
SMBt,2,0,2,1.0
SMDB,2,2,4,0.5
SMDD,1,4,5,0.2
SMDH,1,3,4,0.25
SMDI,0,0,0,
SMDL,1,0,1,1.0
SMDM,5,3,8,0.62
SMDN,1,3,4,0.25
SMDP,2,2,4,0.5
SMDS,4,1,5,0.8
SMDb,1,3,4,0.25
SMDl,1,0,1,1.0
SMDm,4,2,6,0.67
SMDn,3,2,5,0.6
SMDs,3,2,5,0.6
SMHS,0,2,2,0.0
SMHs,0,1,1,0.0
SMKB,0,0,0,
SMKM,0,1,1,0.0
SMKS,1,0,1,1.0
SMKl,1,0,1,1.0
SMKn,0,0,0,
SMKs,0,2,2,0.0
SMLB,2,3,5,0.4
SMLD,2,0,2,1.0
SMLH,0,0,0,
SMLL,0,0,0,
SMLM,5,6,11,0.45
SMLN,1,2,3,0.33
SMLP,2,2,4,0.5
SMLS,4,0,4,1.0
SMLb,2,0,2,1.0
SMLh,2,1,3,0.67
SMLj,2,0,2,1.0
SMLl,1,1,2,0.5
SMLm,3,0,3,1.0
SMLn,2,2,4,0.5
SMLt,1,1,2,0.5
SMMB,7,9,16,0.44
SMMD,2,2,4,0.5
SMMH,1,0,1,1.0
SMML,0,0,0,
SMMM,11,11,22,0.5
SMMN,5,9,14,0.36
SMMP,12,16,28,0.43
SMMS,3,1,4,0.75
SMMb,16,8,24,0.67
SMMh,7,10,17,0.41
SMMj,1,0,1,1.0
SMMl,0,7,7,0.0
SMMm,16,13,29,0.55
SMMn,10,10,20,0.5
SMMs,7,4,11,0.64
SMMt,1,1,2,0.5
SMNB,5,13,18,0.28
SMND,3,2,5,0.6
SMNH,1,2,3,0.33
SMNK,0,1,1,0.0
SMNL,3,2,5,0.6
SMNM,8,8,16,0.5
SMNN,9,16,25,0.36
SMNP,13,14,27,0.48
SMNS,2,2,4,0.5
SMNb,8,4,12,0.67
SMNh,0,2,2,0.0
SMNl,1,3,4,0.25
SMNm,13,14,27,0.48
SMNn,5,9,14,0.36
SMNs,9,10,19,0.47
SMNt,1,1,2,0.5
SMPB,7,7,14,0.5
SMPD,3,3,6,0.5
SMPH,2,1,3,0.67
SMPI,2,1,3,0.67
SMPK,2,2,4,0.5
SMPL,6,3,9,0.67
SMPM,11,14,25,0.44
SMPN,11,12,23,0.48
SMPP,18,14,32,0.56
SMPS,7,6,13,0.54
SMPb,12,6,18,0.67
SMPh,1,1,2,0.5
SMPl,8,4,12,0.67
SMPm,9,12,21,0.43
SMPn,10,11,21,0.48
SMPs,6,6,12,0.5
SMPt,0,2,2,0.0
SMSB,9,3,12,0.75
SMSD,4,3,7,0.57
SMSH,1,1,2,0.5
SMSL,1,1,2,0.5
SMSM,13,11,24,0.54
SMSN,10,3,13,0.77
SMSP,4,6,10,0.4
SMSS,4,8,12,0.33
SMSb,7,10,17,0.41
SMSh,6,5,11,0.55
SMSl,3,2,5,0.6
SMSm,14,6,20,0.7
SMSn,7,7,14,0.5
SMSs,6,1,7,0.86
SMSt,1,1,2,0.5
SMbB,4,6,10,0.4
SMbD,1,1,2,0.5
SMbH,1,2,3,0.33
SMbJ,0,2,2,0.0
SMbK,0,2,2,0.0
SMbL,2,1,3,0.67
SMbM,6,12,18,0.33
SMbN,15,7,22,0.68
SMbP,7,5,12,0.58
SMbS,7,5,12,0.58
SMbb,3,10,13,0.23
SMbh,0,1,1,0.0
SMbl,0,0,0,
SMbm,9,5,14,0.64
SMbn,7,13,20,0.35
SMbs,4,6,10,0.4
SMhB,9,5,14,0.64
SMhD,1,1,2,0.5
SMhH,0,2,2,0.0
SMhI,1,0,1,1.0
SMhL,4,0,4,1.0
SMhM,6,10,16,0.38
SMhN,1,6,7,0.14
SMhP,9,7,16,0.56
SMhS,5,10,15,0.33
SMhb,2,6,8,0.25
SMhh,7,8,15,0.47
SMhl,3,3,6,0.5
SMhm,14,9,23,0.61
SMhn,4,5,9,0.44
SMhs,6,5,11,0.55
SMjB,1,0,1,1.0
SMjH,1,0,1,1.0
SMjM,0,1,1,0.0
SMjN,0,1,1,0.0
SMjP,0,0,0,
SMjb,1,0,1,1.0
SMjl,1,0,1,1.0
SMjm,1,1,2,0.5
SMjn,1,0,1,1.0
SMjs,0,1,1,0.0
SMlB,3,4,7,0.43
SMlD,0,2,2,0.0
SMlH,2,0,2,1.0
SMlJ,1,4,5,0.2
SMlM,3,5,8,0.38
SMlN,3,5,8,0.38
SMlP,3,3,6,0.5
SMlS,2,5,7,0.29
SMlb,1,3,4,0.25
SMll,1,0,1,1.0
SMlm,2,4,6,0.33
SMln,4,5,9,0.44
SMls,0,0,0,
SMmB,9,10,19,0.47
SMmD,9,3,12,0.75
SMmH,6,12,18,0.33
SMmI,2,1,3,0.67
SMmJ,2,0,2,1.0
SMmK,1,0,1,1.0
SMmL,3,5,8,0.38
SMmM,12,15,27,0.44
SMmN,13,7,20,0.65
SMmP,19,12,31,0.61
SMmS,7,12,19,0.37
SMmb,7,14,21,0.33
SMmh,1,1,2,0.5
SMml,3,0,3,1.0
SMmm,12,11,23,0.52
SMmn,9,12,21,0.43
SMms,7,7,14,0.5
SMnB,11,7,18,0.61
SMnD,2,3,5,0.4
SMnH,6,2,8,0.75
SMnI,2,2,4,0.5
SMnK,3,0,3,1.0
SMnL,5,5,10,0.5
SMnM,5,11,16,0.31
SMnN,9,10,19,0.47
SMnP,17,20,37,0.46
SMnS,11,9,20,0.55
SMnb,4,12,16,0.25
SMnh,0,1,1,0.0
SMnl,1,3,4,0.25
SMnm,17,11,28,0.61
SMnn,17,15,32,0.53
SMns,9,8,17,0.53
SMsB,4,6,10,0.4
SMsD,1,2,3,0.33
SMsH,8,6,14,0.57
SMsI,2,0,2,1.0
SMsL,0,4,4,0.0
SMsM,6,4,10,0.6
SMsN,7,2,9,0.78
SMsP,11,16,27,0.41
SMsS,6,11,17,0.35
SMsb,2,4,6,0.33
SMsh,0,1,1,0.0
SMsl,2,3,5,0.4
SMsm,8,7,15,0.53
SMsn,7,2,9,0.78
SMss,4,8,12,0.33
SMtB,0,1,1,0.0
SMtP,0,4,4,0.0
SMtS,2,0,2,1.0
SMtb,0,1,1,0.0
SMtl,0,1,1,0.0
SMtm,0,1,1,0.0
SNBB,7,7,14,0.5
SNBD,2,3,5,0.4
SNBK,1,0,1,1.0
SNBL,2,1,3,0.67
SNBM,8,7,15,0.53
SNBN,6,7,13,0.46
SNBP,4,8,12,0.33
SNBS,4,1,5,0.8
SNBb,7,8,15,0.47
SNBh,1,0,1,1.0
SNBj,1,1,2,0.5
SNBl,0,2,2,0.0
SNBm,10,4,14,0.71
SNBn,7,5,12,0.58
SNBs,2,7,9,0.22
SNDB,2,2,4,0.5
SNDD,5,2,7,0.71
SNDH,2,2,4,0.5
SNDL,1,1,2,0.5
SNDM,3,1,4,0.75
SNDN,2,2,4,0.5
SNDP,5,1,6,0.83
SNDS,2,4,6,0.33
SNDb,0,0,0,
SNDl,0,1,1,0.0
SNDm,2,2,4,0.5
SNDn,4,0,4,1.0
SNDs,2,4,6,0.33
SNHB,0,2,2,0.0
SNHH,1,0,1,1.0
SNHL,2,2,4,0.5
SNHM,3,3,6,0.5
SNHN,3,3,6,0.5
SNHP,1,0,1,1.0
SNHS,4,1,5,0.8
SNHb,3,2,5,0.6
SNHh,1,3,4,0.25
SNHm,2,3,5,0.4
SNHn,1,1,2,0.5
SNHs,2,0,2,1.0
SNIb,0,1,1,0.0
SNIm,0,1,1,0.0
SNKB,1,1,2,0.5
SNKM,1,5,6,0.17
SNKN,1,0,1,1.0
SNKP,4,1,5,0.8
SNKS,1,2,3,0.33
SNKb,0,1,1,0.0
SNKh,1,1,2,0.5
SNKm,2,2,4,0.5
SNLB,1,1,2,0.5
SNLD,1,1,2,0.5
SNLL,1,1,2,0.5
SNLM,1,2,3,0.33
SNLN,3,4,7,0.43
SNLP,3,4,7,0.43
SNLS,6,1,7,0.86
SNLb,4,0,4,1.0
SNLh,0,1,1,0.0
SNLj,0,2,2,0.0
SNLl,2,0,2,1.0
SNLm,1,2,3,0.33
SNLn,5,3,8,0.62
SNLs,3,2,5,0.6
SNMB,9,7,16,0.56
SNMD,7,2,9,0.78
SNML,0,3,3,0.0
SNMM,6,4,10,0.6
SNMN,6,13,19,0.32
SNMP,9,16,25,0.36
SNMS,3,6,9,0.33
SNMb,8,6,14,0.57
SNMh,1,5,6,0.17
SNMj,2,2,4,0.5
SNMl,1,0,1,1.0
SNMm,8,6,14,0.57
SNMn,7,12,19,0.37
SNMs,4,5,9,0.44
SNNB,6,5,11,0.55
SNND,2,2,4,0.5
SNNH,0,2,2,0.0
SNNK,0,1,1,0.0
SNNL,3,7,10,0.3
SNNM,20,10,30,0.67
SNNN,13,19,32,0.41
SNNP,10,12,22,0.45
SNNS,12,6,18,0.67
SNNb,8,6,14,0.57
SNNh,3,1,4,0.75
SNNl,0,4,4,0.0
SNNm,12,6,18,0.67
SNNn,11,22,33,0.33
SNNs,14,5,19,0.74
SNNt,3,0,3,1.0
SNPB,10,7,17,0.59
SNPD,1,4,5,0.2
SNPH,3,3,6,0.5
SNPI,2,1,3,0.67
SNPK,1,3,4,0.25
SNPL,3,8,11,0.27
SNPM,10,8,18,0.56
SNPN,19,18,37,0.51
SNPP,10,9,19,0.53
SNPS,17,12,29,0.59
SNPb,6,13,19,0.32
SNPh,1,6,7,0.14
SNPl,9,1,10,0.9
SNPm,10,11,21,0.48
SNPn,13,9,22,0.59
SNPs,9,8,17,0.53
SNPt,0,1,1,0.0
SNSB,4,6,10,0.4
SNSD,2,1,3,0.67
SNSH,3,6,9,0.33
SNSK,1,1,2,0.5
SNSL,5,2,7,0.71
SNSM,10,10,20,0.5
SNSN,11,5,16,0.69
SNSP,9,6,15,0.6
SNSS,12,6,18,0.67
SNSb,5,3,8,0.62
SNSh,5,4,9,0.56
SNSl,1,2,3,0.33
SNSm,11,9,20,0.55
SNSn,18,5,23,0.78
SNSs,7,6,13,0.54
SNSt,0,1,1,0.0
SNbB,5,6,11,0.45
SNbD,0,1,1,0.0
SNbH,3,2,5,0.6
SNbI,0,1,1,0.0
SNbJ,3,1,4,0.75
SNbK,2,2,4,0.5
SNbM,7,5,12,0.58
SNbN,3,7,10,0.3
SNbP,4,2,6,0.67
SNbS,4,3,7,0.57
SNbb,4,4,8,0.5
SNbl,2,0,2,1.0
SNbm,7,3,10,0.7
SNbn,5,4,9,0.56
SNbs,2,1,3,0.67
SNhB,1,2,3,0.33
SNhD,2,0,2,1.0
SNhH,1,1,2,0.5
SNhI,0,1,1,0.0
SNhK,0,1,1,0.0
SNhM,0,2,2,0.0
SNhN,1,0,1,1.0
SNhP,1,6,7,0.14
SNhS,3,2,5,0.6
SNhb,1,1,2,0.5
SNhh,2,2,4,0.5
SNhl,2,0,2,1.0
SNhm,5,2,7,0.71
SNhn,4,4,8,0.5
SNhs,5,0,5,1.0
SNlB,2,2,4,0.5
SNlD,0,0,0,
SNlH,1,2,3,0.33
SNlJ,1,1,2,0.5
SNlL,1,1,2,0.5
SNlM,1,1,2,0.5
SNlN,1,1,2,0.5
SNlP,3,3,6,0.5
SNlS,3,5,8,0.38
SNlb,0,0,0,
SNll,2,0,2,1.0
SNlm,2,2,4,0.5
SNln,2,2,4,0.5
SNls,1,1,2,0.5
SNmB,8,8,16,0.5
SNmD,4,3,7,0.57
SNmH,6,7,13,0.46
SNmJ,1,1,2,0.5
SNmK,0,1,1,0.0
SNmL,3,1,4,0.75
SNmM,7,8,15,0.47
SNmN,8,8,16,0.5
SNmP,11,16,27,0.41
SNmS,5,6,11,0.45
SNmb,5,13,18,0.28
SNml,1,2,3,0.33
SNmm,3,10,13,0.23
SNmn,9,7,16,0.56
SNms,6,5,11,0.55
SNnB,4,6,10,0.4
SNnD,3,2,5,0.6
SNnH,4,6,10,0.4
SNnI,2,2,4,0.5
SNnK,0,0,0,
SNnL,3,3,6,0.5
SNnM,7,11,18,0.39
SNnN,9,14,23,0.39
SNnP,15,14,29,0.52
SNnS,12,8,20,0.6
SNnb,12,3,15,0.8
SNnh,1,0,1,1.0
SNnl,2,1,3,0.67
SNnm,5,9,14,0.36
SNnn,13,15,28,0.46
SNns,15,13,28,0.54
SNsB,4,3,7,0.57
SNsD,4,0,4,1.0
SNsH,8,7,15,0.53
SNsI,2,2,4,0.5
SNsK,1,0,1,1.0
SNsL,2,2,4,0.5
SNsM,10,5,15,0.67
SNsN,5,13,18,0.28
SNsP,10,10,20,0.5
SNsS,5,4,9,0.56
SNsb,3,4,7,0.43
SNsl,1,3,4,0.25
SNsm,9,6,15,0.6
SNsn,8,6,14,0.57
SNss,7,5,12,0.58
SNtD,0,2,2,0.0
SNtH,1,0,1,1.0
SNtM,1,1,2,0.5
SNtN,1,3,4,0.25
SNtP,3,1,4,0.75
SNtS,0,2,2,0.0
SNtb,1,0,1,1.0
SNtl,0,1,1,0.0
SNtm,1,1,2,0.5
SNtn,1,2,3,0.33
SNts,1,0,1,1.0
SPBB,6,7,13,0.46
SPBD,2,2,4,0.5
SPBH,2,0,2,1.0
SPBK,2,1,3,0.67
SPBL,2,6,8,0.25
SPBM,4,7,11,0.36
SPBN,5,9,14,0.36
SPBP,6,10,16,0.38
SPBS,10,2,12,0.83
SPBb,5,5,10,0.5
SPBh,0,1,1,0.0
SPBj,2,0,2,1.0
SPBl,1,0,1,1.0
SPBm,8,8,16,0.5
SPBn,8,15,23,0.35
SPBs,3,6,9,0.33
SPDB,3,2,5,0.6
SPDD,1,0,1,1.0
SPDH,3,6,9,0.33
SPDL,2,1,3,0.67
SPDM,1,5,6,0.17
SPDN,1,4,5,0.2
SPDP,2,3,5,0.4
SPDS,2,3,5,0.4
SPDb,2,1,3,0.67
SPDl,2,3,5,0.4
SPDm,1,3,4,0.25
SPDn,1,1,2,0.5
SPDs,4,0,4,1.0
SPDt,1,0,1,1.0
SPHB,3,0,3,1.0
SPHD,1,0,1,1.0
SPHH,0,1,1,0.0
SPHK,0,0,0,
SPHM,0,3,3,0.0
SPHN,3,2,5,0.6
SPHP,6,3,9,0.67
SPHS,1,2,3,0.33
SPHb,3,0,3,1.0
SPHh,2,2,4,0.5
SPHl,1,2,3,0.33
SPHm,6,3,9,0.67
SPHn,4,1,5,0.8
SPHs,1,5,6,0.17
SPIM,1,1,2,0.5
SPIN,1,0,1,1.0
SPIP,0,2,2,0.0
SPIS,1,2,3,0.33
SPIb,0,0,0,
SPIm,0,1,1,0.0
SPIn,2,0,2,1.0
SPIs,1,0,1,1.0
SPIt,0,1,1,0.0
SPKB,1,3,4,0.25
SPKD,1,2,3,0.33
SPKL,1,0,1,1.0
SPKM,1,3,4,0.25
SPKN,0,1,1,0.0
SPKP,1,2,3,0.33
SPKS,1,1,2,0.5
SPKb,4,2,6,0.67
SPKh,1,1,2,0.5
SPKl,3,1,4,0.75
SPKm,3,3,6,0.5
SPKn,0,1,1,0.0
SPKs,0,0,0,
SPLB,3,5,8,0.38
SPLD,3,0,3,1.0
SPLL,1,3,4,0.25
SPLM,6,8,14,0.43
SPLN,2,3,5,0.4
SPLP,6,3,9,0.67
SPLS,1,4,5,0.2
SPLb,7,1,8,0.88
SPLh,0,2,2,0.0
SPLj,1,0,1,1.0
SPLl,2,1,3,0.67
SPLm,11,8,19,0.58
SPLn,6,4,10,0.6
SPLs,2,4,6,0.33
SPLt,0,1,1,0.0
SPMB,9,8,17,0.53
SPMD,0,3,3,0.0
SPMK,0,1,1,0.0
SPML,3,1,4,0.75
SPMM,8,12,20,0.4
SPMN,8,9,17,0.47
SPMP,7,15,22,0.32
SPMS,6,6,12,0.5
SPMb,8,9,17,0.47
SPMh,10,9,19,0.53
SPMj,0,2,2,0.0
SPMl,6,4,10,0.6
SPMm,13,10,23,0.57
SPMn,10,12,22,0.45
SPMs,6,6,12,0.5
SPMt,3,3,6,0.5
SPNB,11,6,17,0.65
SPND,2,1,3,0.67
SPNH,1,0,1,1.0
SPNK,2,2,4,0.5
SPNL,2,6,8,0.25
SPNM,10,14,24,0.42
SPNN,16,14,30,0.53
SPNP,23,16,39,0.59
SPNS,13,5,18,0.72
SPNb,5,9,14,0.36
SPNh,1,2,3,0.33
SPNl,3,2,5,0.6
SPNm,14,11,25,0.56
SPNn,14,11,25,0.56
SPNs,8,9,17,0.47
SPNt,0,0,0,
SPPB,12,15,27,0.44
SPPD,0,9,9,0.0
SPPH,2,7,9,0.22
SPPI,2,0,2,1.0
SPPK,3,3,6,0.5
SPPL,9,4,13,0.69
SPPM,11,14,25,0.44
SPPN,14,19,33,0.42
SPPP,12,23,35,0.34
SPPS,13,13,26,0.5
SPPb,14,16,30,0.47
SPPh,3,3,6,0.5
SPPl,7,9,16,0.44
SPPm,20,23,43,0.47
SPPn,16,19,35,0.46
SPPs,11,10,21,0.52
SPPt,0,2,2,0.0
SPSB,7,7,14,0.5
SPSD,2,3,5,0.4
SPSH,5,2,7,0.71
SPSK,0,3,3,0.0
SPSL,4,4,8,0.5
SPSM,10,7,17,0.59
SPSN,5,9,14,0.36
SPSP,11,18,29,0.38
SPSS,11,10,21,0.52
SPSb,8,6,14,0.57
SPSh,0,8,8,0.0
SPSl,4,1,5,0.8
SPSm,9,10,19,0.47
SPSn,9,6,15,0.6
SPSs,13,8,21,0.62
SPSt,1,2,3,0.33
SPbB,8,5,13,0.62
SPbD,3,3,6,0.5
SPbH,0,2,2,0.0
SPbI,2,0,2,1.0
SPbJ,1,1,2,0.5
SPbK,2,2,4,0.5
SPbL,3,1,4,0.75
SPbM,8,7,15,0.53
SPbN,3,15,18,0.17
SPbP,8,10,18,0.44
SPbS,7,3,10,0.7
SPbb,6,7,13,0.46
SPbl,4,2,6,0.67
SPbm,10,5,15,0.67
SPbn,6,5,11,0.55
SPbs,9,4,13,0.69
SPhB,1,0,1,1.0
SPhH,1,0,1,1.0
SPhM,0,1,1,0.0
SPhN,1,0,1,1.0
SPhP,2,0,2,1.0
SPhS,0,3,3,0.0
SPhb,2,0,2,1.0
SPhh,0,0,0,
SPhl,1,0,1,1.0
SPhm,1,0,1,1.0
SPhn,0,3,3,0.0
SPhs,1,0,1,1.0
SPlB,3,5,8,0.38
SPlH,1,4,5,0.2
SPlI,1,1,2,0.5
SPlJ,0,0,0,
SPlK,0,1,1,0.0
SPlL,1,0,1,1.0
SPlM,5,6,11,0.45
SPlN,3,3,6,0.5
SPlP,7,1,8,0.88
SPlS,3,4,7,0.43
SPlb,6,3,9,0.67
SPll,0,1,1,0.0
SPlm,6,4,10,0.6
SPln,2,4,6,0.33
SPls,2,3,5,0.4
SPmB,8,14,22,0.36
SPmD,7,5,12,0.58
SPmH,8,8,16,0.5
SPmI,0,2,2,0.0
SPmJ,2,1,3,0.67
SPmL,4,5,9,0.44
SPmM,12,15,27,0.44
SPmN,14,12,26,0.54
SPmP,13,18,31,0.42
SPmS,4,12,16,0.25
SPmb,12,10,22,0.55
SPml,4,3,7,0.57
SPmm,13,16,29,0.45
SPmn,10,8,18,0.56
SPms,4,6,10,0.4
SPnB,5,12,17,0.29
SPnD,2,2,4,0.5
SPnH,1,3,4,0.25
SPnI,2,1,3,0.67
SPnK,2,0,2,1.0
SPnL,6,3,9,0.67
SPnM,6,9,15,0.4
SPnN,12,6,18,0.67
SPnP,7,11,18,0.39
SPnS,6,4,10,0.6
SPnb,7,8,15,0.47
SPnl,3,3,6,0.5
SPnm,15,9,24,0.62
SPnn,11,6,17,0.65
SPns,6,9,15,0.4
SPsB,6,4,10,0.6
SPsD,4,0,4,1.0
SPsH,6,5,11,0.55
SPsL,3,2,5,0.6
SPsM,10,10,20,0.5
SPsN,9,6,15,0.6
SPsP,6,13,19,0.32
SPsS,11,16,27,0.41
SPsb,6,4,10,0.6
SPsh,0,1,1,0.0
SPsl,4,3,7,0.57
SPsm,10,10,20,0.5
SPsn,3,8,11,0.27
SPss,15,5,20,0.75
SPtB,0,0,0,
SPtD,1,0,1,1.0
SPtH,0,1,1,0.0
SPtL,0,2,2,0.0
SPtM,1,2,3,0.33
SPtN,1,1,2,0.5
SPtS,1,0,1,1.0
SPtb,1,0,1,1.0
SPtm,1,0,1,1.0
SPtn,1,1,2,0.5
SS,0,0,0,
SSBB,4,7,11,0.36
SSBD,3,2,5,0.6
SSBK,1,1,2,0.5
SSBL,2,2,4,0.5
SSBM,5,15,20,0.25
SSBN,4,6,10,0.4
SSBP,10,12,22,0.45
SSBS,3,10,13,0.23
SSBb,2,4,6,0.33
SSBh,4,2,6,0.67
SSBl,2,2,4,0.5
SSBm,7,7,14,0.5
SSBn,6,9,15,0.4
SSBs,0,2,2,0.0
SSBt,0,2,2,0.0
SSD,0,0,0,
SSDB,1,2,3,0.33
SSDD,5,3,8,0.62
SSDH,2,3,5,0.4
SSDL,2,0,2,1.0
SSDM,5,4,9,0.56
SSDN,4,4,8,0.5
SSDP,1,7,8,0.12
SSDS,4,5,9,0.44
SSDb,4,6,10,0.4
SSDh,1,0,1,1.0
SSDl,0,1,1,0.0
SSDm,6,1,7,0.86
SSDn,4,4,8,0.5
SSDs,4,3,7,0.57
SSHB,3,2,5,0.6
SSHD,2,2,4,0.5
SSHH,2,1,3,0.67
SSHI,2,0,2,1.0
SSHK,0,1,1,0.0
SSHL,0,2,2,0.0
SSHM,1,3,4,0.25
SSHN,2,5,7,0.29
SSHP,3,3,6,0.5
SSHS,7,4,11,0.64
SSHb,3,3,6,0.5
SSHh,3,3,6,0.5
SSHl,4,0,4,1.0
SSHm,6,4,10,0.6
SSHn,4,3,7,0.57
SSHs,5,5,10,0.5
SSIB,0,1,1,0.0
SSIP,0,0,0,
SSIS,1,0,1,1.0
SSIn,1,0,1,1.0
SSIs,1,0,1,1.0
SSKB,0,1,1,0.0
SSKK,0,0,0,
SSKM,0,1,1,0.0
SSKN,0,0,0,
SSKS,0,0,0,
SSKb,0,2,2,0.0
SSKl,0,1,1,0.0
SSKm,0,2,2,0.0
SSKs,1,0,1,1.0
SSLB,1,4,5,0.2
SSLD,3,2,5,0.6
SSLK,0,0,0,
SSLL,4,2,6,0.67
SSLM,1,3,4,0.25
SSLN,2,3,5,0.4
SSLP,4,1,5,0.8
SSLS,1,0,1,1.0
SSLb,1,8,9,0.11
SSLh,0,1,1,0.0
SSLl,3,0,3,1.0
SSLm,1,2,3,0.33
SSLn,3,2,5,0.6
SSLs,2,5,7,0.29
SSMB,6,7,13,0.46
SSMD,2,5,7,0.29
SSMK,1,0,1,1.0
SSML,2,6,8,0.25
SSMM,8,10,18,0.44
SSMN,15,9,24,0.62
SSMP,11,7,18,0.61
SSMS,8,10,18,0.44
SSMb,4,3,7,0.57
SSMh,7,8,15,0.47
SSMj,0,2,2,0.0
SSMl,3,0,3,1.0
SSMm,18,9,27,0.67
SSMn,14,12,26,0.54
SSMs,9,7,16,0.56
SSMt,1,1,2,0.5
SSNB,5,6,11,0.45
SSND,1,1,2,0.5
SSNH,2,3,5,0.4
SSNK,1,0,1,1.0
SSNL,1,1,2,0.5
SSNM,6,14,20,0.3
SSNN,12,9,21,0.57
SSNP,14,10,24,0.58
SSNS,9,11,20,0.45
SSNb,5,8,13,0.38
SSNh,1,2,3,0.33
SSNl,3,2,5,0.6
SSNm,8,4,12,0.67
SSNn,10,7,17,0.59
SSNs,6,6,12,0.5
SSNt,2,1,3,0.67
SSPB,6,5,11,0.55
SSPD,2,1,3,0.67
SSPH,3,6,9,0.33
SSPI,1,0,1,1.0
SSPK,0,1,1,0.0
SSPL,4,5,9,0.44
SSPM,15,8,23,0.65
SSPN,5,13,18,0.28
SSPP,15,18,33,0.45
SSPS,11,9,20,0.55
SSPb,9,4,13,0.69
SSPh,1,3,4,0.25
SSPl,2,8,10,0.2
SSPm,16,15,31,0.52
SSPn,7,5,12,0.58
SSPs,13,12,25,0.52
SSPt,1,1,2,0.5
SSSB,9,7,16,0.56
SSSD,2,6,8,0.25
SSSH,6,10,16,0.38
SSSK,2,1,3,0.67
SSSL,3,2,5,0.6
SSSM,21,8,29,0.72
SSSN,12,13,25,0.48
SSSP,18,15,33,0.55
SSSS,24,25,49,0.49
SSSb,5,5,10,0.5
SSSh,6,8,14,0.43
SSSl,1,4,5,0.2
SSSm,16,18,34,0.47
SSSn,9,10,19,0.47
SSSs,18,22,40,0.45
SSSt,2,2,4,0.5
SSbB,4,8,12,0.33
SSbD,0,2,2,0.0
SSbI,0,1,1,0.0
SSbJ,0,1,1,0.0
SSbK,3,1,4,0.75
SSbL,2,2,4,0.5
SSbM,3,12,15,0.2
SSbN,10,7,17,0.59
SSbP,7,6,13,0.54
SSbS,2,2,4,0.5
SSbb,8,4,12,0.67
SSbl,1,1,2,0.5
SSbm,9,6,15,0.6
SSbn,11,5,16,0.69
SSbs,2,4,6,0.33
SShB,2,1,3,0.67
SShD,1,0,1,1.0
SShH,1,2,3,0.33
SShK,0,1,1,0.0
SShL,2,1,3,0.67
SShM,3,5,8,0.38
SShN,4,9,13,0.31
SShP,8,7,15,0.53
SShS,6,8,14,0.43
SShb,3,2,5,0.6
SShh,3,6,9,0.33
SShl,2,1,3,0.67
SShm,7,3,10,0.7
SShn,7,3,10,0.7
SShs,5,7,12,0.42
SSlB,1,0,1,1.0
SSlD,0,1,1,0.0
SSlH,3,1,4,0.75
SSlJ,0,4,4,0.0
SSlK,0,1,1,0.0
SSlL,0,2,2,0.0
SSlM,2,5,7,0.29
SSlN,1,2,3,0.33
SSlP,3,1,4,0.75
SSlS,3,1,4,0.75
SSlb,3,3,6,0.5
SSlm,3,3,6,0.5
SSln,3,5,8,0.38
SSls,1,1,2,0.5
SSmB,7,8,15,0.47
SSmD,7,6,13,0.54
SSmH,9,8,17,0.53
SSmI,2,0,2,1.0
SSmJ,4,3,7,0.57
SSmL,7,0,7,1.0
SSmM,11,13,24,0.46
SSmN,12,13,25,0.48
SSmP,7,15,22,0.32
SSmS,14,10,24,0.58
SSmb,8,8,16,0.5
SSml,2,5,7,0.29
SSmm,15,6,21,0.71
SSmn,8,6,14,0.57
SSms,9,5,14,0.64
SSnB,3,7,10,0.3
SSnD,2,6,8,0.25
SSnH,3,6,9,0.33
SSnI,0,0,0,
SSnK,1,0,1,1.0
SSnL,3,3,6,0.5
SSnM,12,9,21,0.57
SSnN,14,11,25,0.56
SSnP,8,11,19,0.42
SSnS,9,9,18,0.5
SSnb,6,8,14,0.43
SSnl,3,2,5,0.6
SSnm,7,14,21,0.33
SSnn,11,17,28,0.39
SSns,8,10,18,0.44
SSsB,4,4,8,0.5
SSsD,4,2,6,0.67
SSsH,6,17,23,0.26
SSsI,4,3,7,0.57
SSsK,1,1,2,0.5
SSsL,2,3,5,0.4
SSsM,10,15,25,0.4
SSsN,10,8,18,0.56
SSsP,9,9,18,0.5
SSsS,22,21,43,0.51
SSsb,9,12,21,0.43
SSsl,4,7,11,0.36
SSsm,10,5,15,0.67
SSsn,3,4,7,0.43
SSss,13,13,26,0.5
SStB,0,2,2,0.0
SStD,1,0,1,1.0
SStH,0,1,1,0.0
SStL,2,0,2,1.0
SStM,1,0,1,1.0
SStN,2,0,2,1.0
SStP,1,0,1,1.0
SStS,2,0,2,1.0
SStb,1,1,2,0.5
SStm,1,2,3,0.33
SSts,2,1,3,0.67
SbBB,3,3,6,0.5
SbBD,2,2,4,0.5
SbBK,2,0,2,1.0
SbBL,2,1,3,0.67
SbBM,5,11,16,0.31
SbBN,5,4,9,0.56
SbBP,3,6,9,0.33
SbBS,2,2,4,0.5
SbBb,7,5,12,0.58
SbBj,0,0,0,
SbBl,2,1,3,0.67
SbBm,6,4,10,0.6
SbBn,10,8,18,0.56
SbBs,3,9,12,0.25
SbDD,0,2,2,0.0
SbDH,1,1,2,0.5
SbDM,2,0,2,1.0
SbDN,4,0,4,1.0
SbDP,2,1,3,0.67
SbDS,1,0,1,1.0
SbDb,1,1,2,0.5
SbDm,3,1,4,0.75
SbDn,0,1,1,0.0
SbDs,1,0,1,1.0
SbHB,2,0,2,1.0
SbHI,0,1,1,0.0
SbHM,2,6,8,0.25
SbHN,2,2,4,0.5
SbHP,3,4,7,0.43
SbHS,1,1,2,0.5
SbHb,2,1,3,0.67
SbHl,1,1,2,0.5
SbHm,1,0,1,1.0
SbHn,4,1,5,0.8
SbHs,1,0,1,1.0
SbIL,2,0,2,1.0
SbIP,1,0,1,1.0
SbIS,0,0,0,
SbIb,0,0,0,
SbIm,1,1,2,0.5
SbIn,1,0,1,1.0
SbJB,2,2,4,0.5
SbJD,1,0,1,1.0
SbJH,1,1,2,0.5
SbJK,1,0,1,1.0
SbJM,0,2,2,0.0
SbJN,3,0,3,1.0
SbJP,4,2,6,0.67
SbJS,1,1,2,0.5
SbJb,1,2,3,0.33
SbJh,0,0,0,
SbJn,1,0,1,1.0
SbJs,1,2,3,0.33
SbKB,1,1,2,0.5
SbKD,2,0,2,1.0
SbKL,0,1,1,0.0
SbKM,1,2,3,0.33
SbKN,1,0,1,1.0
SbKP,2,2,4,0.5
SbKS,0,2,2,0.0
SbKh,0,1,1,0.0
SbKm,3,1,4,0.75
SbKn,1,3,4,0.25
SbKs,2,1,3,0.67
SbLB,1,2,3,0.33
SbLD,2,0,2,1.0
SbLK,0,1,1,0.0
SbLL,0,3,3,0.0
SbLM,1,1,2,0.5
SbLN,4,1,5,0.8
SbLP,1,4,5,0.2
SbLS,1,1,2,0.5
SbLb,5,4,9,0.56
SbLh,0,1,1,0.0
SbLl,1,0,1,1.0
SbLm,2,3,5,0.4
SbLn,2,2,4,0.5
SbLs,2,1,3,0.67
SbMB,4,6,10,0.4
SbMD,2,2,4,0.5
SbML,1,0,1,1.0
SbMM,3,10,13,0.23
SbMN,7,7,14,0.5
SbMP,8,8,16,0.5
SbMS,7,2,9,0.78
SbMb,5,13,18,0.28
SbMh,4,8,12,0.33
SbMj,2,1,3,0.67
SbMl,3,4,7,0.43
SbMm,12,4,16,0.75
SbMn,14,8,22,0.64
SbMs,1,3,4,0.25
SbNB,6,5,11,0.55
SbND,1,2,3,0.33
SbNH,3,0,3,1.0
SbNK,2,0,2,1.0
SbNL,3,0,3,1.0
SbNM,9,9,18,0.5
SbNN,15,10,25,0.6
SbNP,8,9,17,0.47
SbNS,9,7,16,0.56
SbNb,5,4,9,0.56
SbNh,0,0,0,
SbNl,3,1,4,0.75
SbNm,9,7,16,0.56
SbNn,8,9,17,0.47
SbNs,6,5,11,0.55
SbPB,12,4,16,0.75
SbPD,3,3,6,0.5
SbPH,1,1,2,0.5
SbPI,1,0,1,1.0
SbPK,2,1,3,0.67
SbPL,2,5,7,0.29
SbPM,9,11,20,0.45
SbPN,1,5,6,0.17
SbPP,14,13,27,0.52
SbPS,6,6,12,0.5
SbPb,4,6,10,0.4
SbPh,0,1,1,0.0
SbPl,2,3,5,0.4
SbPm,14,5,19,0.74
SbPn,7,6,13,0.54
SbPs,3,2,5,0.6
SbSB,4,4,8,0.5
SbSD,1,0,1,1.0
SbSH,1,2,3,0.33
SbSL,1,0,1,1.0
SbSM,3,6,9,0.33
SbSN,4,2,6,0.67
SbSP,8,8,16,0.5
SbSS,2,2,4,0.5
SbSb,3,3,6,0.5
SbSh,1,2,3,0.33
SbSl,1,0,1,1.0
SbSm,4,6,10,0.4
SbSn,1,3,4,0.25
SbSs,3,4,7,0.43
SbSt,0,1,1,0.0
SbbB,8,4,12,0.67
SbbD,1,0,1,1.0
SbbH,1,3,4,0.25
SbbI,2,0,2,1.0
SbbJ,1,3,4,0.25
SbbK,0,3,3,0.0
SbbL,4,3,7,0.57
SbbM,6,3,9,0.67
SbbN,4,7,11,0.36
SbbP,4,14,18,0.22
SbbS,1,1,2,0.5
Sbbb,6,3,9,0.67
Sbbh,1,0,1,1.0
Sbbl,1,1,2,0.5
Sbbm,5,4,9,0.56
Sbbn,5,3,8,0.62
Sbbs,4,3,7,0.57
Sbhm,1,0,1,1.0
SblB,1,1,2,0.5
SblL,0,1,1,0.0
SblM,0,2,2,0.0
SblN,1,4,5,0.2
SblP,4,1,5,0.8
SblS,1,2,3,0.33
Sblb,2,2,4,0.5
Sbll,1,0,1,1.0
Sblm,1,2,3,0.33
Sbln,2,1,3,0.67
Sbls,0,1,1,0.0
SbmB,4,11,15,0.27
SbmD,4,2,6,0.67
SbmH,4,4,8,0.5
SbmI,3,2,5,0.6
SbmJ,1,0,1,1.0
SbmL,0,1,1,0.0
SbmM,3,6,9,0.33
SbmN,12,7,19,0.63
SbmP,4,3,7,0.57
SbmS,4,3,7,0.57
Sbmb,5,7,12,0.42
Sbml,2,2,4,0.5
Sbmm,12,5,17,0.71
Sbmn,6,4,10,0.6
Sbms,2,2,4,0.5
SbnB,7,10,17,0.41
SbnD,3,3,6,0.5
SbnH,3,2,5,0.6
SbnI,1,0,1,1.0
SbnK,1,0,1,1.0
SbnL,2,1,3,0.67
SbnM,11,8,19,0.58
SbnN,9,6,15,0.6
SbnP,9,8,17,0.53
SbnS,3,8,11,0.27
Sbnb,7,7,14,0.5
Sbnh,0,1,1,0.0
Sbnl,2,3,5,0.4
Sbnm,7,5,12,0.58
Sbnn,10,7,17,0.59
Sbns,3,5,8,0.38
SbsB,1,2,3,0.33
SbsD,0,0,0,
SbsH,3,3,6,0.5
SbsI,0,0,0,
SbsL,1,5,6,0.17
SbsM,1,1,2,0.5
SbsN,1,2,3,0.33
SbsP,3,4,7,0.43
SbsS,4,3,7,0.57
Sbsb,4,3,7,0.57
Sbsh,0,2,2,0.0
Sbsl,1,1,2,0.5
Sbsm,5,3,8,0.62
Sbsn,5,4,9,0.56
Sbss,3,3,6,0.5
ShBB,3,3,6,0.5
ShBD,1,1,2,0.5
ShBK,1,0,1,1.0
ShBL,2,1,3,0.67
ShBM,2,5,7,0.29
ShBN,1,3,4,0.25
ShBP,6,6,12,0.5
ShBS,2,4,6,0.33
ShBb,2,2,4,0.5
ShBh,0,1,1,0.0
ShBl,1,0,1,1.0
ShBm,1,4,5,0.2
ShBn,1,3,4,0.25
ShBs,1,4,5,0.2
ShDB,1,2,3,0.33
ShDH,0,2,2,0.0
ShDI,0,1,1,0.0
ShDM,2,0,2,1.0
ShDN,0,1,1,0.0
ShDP,2,0,2,1.0
ShDS,2,2,4,0.5
ShDb,1,1,2,0.5
ShDh,0,0,0,
ShDm,1,0,1,1.0
ShDn,0,0,0,
ShDs,1,2,3,0.33
ShHB,3,1,4,0.75
ShHI,0,1,1,0.0
ShHK,0,2,2,0.0
ShHL,0,1,1,0.0
ShHM,1,4,5,0.2
ShHN,0,1,1,0.0
ShHP,0,1,1,0.0
ShHS,0,1,1,0.0
ShHb,0,3,3,0.0
ShHh,0,0,0,
ShHl,1,1,2,0.5
ShHm,0,0,0,
ShHn,2,0,2,1.0
ShHs,0,1,1,0.0
ShIB,1,0,1,1.0
ShII,0,1,1,0.0
ShIL,1,0,1,1.0
ShIM,1,1,2,0.5
ShIN,1,0,1,1.0
ShIS,0,0,0,
ShIl,0,0,0,
ShIm,1,0,1,1.0
ShIs,0,0,0,
ShKN,0,1,1,0.0
ShKS,0,0,0,
ShKh,0,0,0,
ShKn,0,1,1,0.0
ShLB,1,2,3,0.33
ShLL,2,0,2,1.0
ShLM,0,0,0,
ShLN,2,3,5,0.4
ShLP,2,2,4,0.5
ShLS,1,1,2,0.5
ShLb,0,2,2,0.0
ShLh,1,0,1,1.0
ShLl,2,0,2,1.0
ShLm,0,2,2,0.0
ShLn,3,2,5,0.6
ShLt,0,2,2,0.0
ShMB,4,3,7,0.57
ShMD,2,1,3,0.67
ShMH,0,1,1,0.0
ShML,0,1,1,0.0
ShMM,3,6,9,0.33
ShMN,4,4,8,0.5
ShMP,5,12,17,0.29
ShMS,5,3,8,0.62
ShMb,2,4,6,0.33
ShMh,2,4,6,0.33
ShMl,4,1,5,0.8
ShMm,6,6,12,0.5
ShMn,7,8,15,0.47
ShMs,2,4,6,0.33
ShMt,0,0,0,
ShNB,4,2,6,0.67
ShND,0,1,1,0.0
ShNH,0,1,1,0.0
ShNK,0,2,2,0.0
ShNL,3,4,7,0.43
ShNM,3,3,6,0.5
ShNN,5,7,12,0.42
ShNP,4,0,4,1.0
ShNS,4,3,7,0.57
ShNb,4,2,6,0.67
ShNh,0,1,1,0.0
ShNl,0,0,0,
ShNm,13,3,16,0.81
ShNn,9,6,15,0.6
ShNs,4,3,7,0.57
ShNt,0,1,1,0.0
ShPB,2,3,5,0.4
ShPD,3,2,5,0.6
ShPH,1,2,3,0.33
ShPI,1,0,1,1.0
ShPK,0,0,0,
ShPL,3,3,6,0.5
ShPM,6,8,14,0.43
ShPN,8,6,14,0.57
ShPP,9,7,16,0.56
ShPS,3,6,9,0.33
ShPb,6,2,8,0.75
ShPh,1,2,3,0.33
ShPl,2,3,5,0.4
ShPm,6,7,13,0.46
ShPn,5,3,8,0.62
ShPs,4,5,9,0.44
ShPt,0,1,1,0.0
ShSB,2,6,8,0.25
ShSD,1,0,1,1.0
ShSH,1,6,7,0.14
ShSK,1,0,1,1.0
ShSL,2,3,5,0.4
ShSM,7,5,12,0.58
ShSN,7,7,14,0.5
ShSP,4,3,7,0.57
ShSS,10,6,16,0.62
ShSb,6,4,10,0.6
ShSh,1,5,6,0.17
ShSl,0,3,3,0.0
ShSm,10,4,14,0.71
ShSn,5,7,12,0.42
ShSs,8,3,11,0.73
ShbB,2,2,4,0.5
ShbD,3,1,4,0.75
ShbH,0,0,0,
ShbJ,1,0,1,1.0
ShbK,2,0,2,1.0
ShbL,1,0,1,1.0
ShbM,2,5,7,0.29
ShbN,3,5,8,0.38
ShbP,6,4,10,0.6
ShbS,6,2,8,0.75
Shbb,3,7,10,0.3
Shbm,1,3,4,0.25
Shbn,6,6,12,0.5
Shbs,1,0,1,1.0
ShhB,4,5,9,0.44
ShhD,0,2,2,0.0
ShhH,0,0,0,
ShhL,1,0,1,1.0
ShhM,2,7,9,0.22
ShhN,3,1,4,0.75
ShhP,5,3,8,0.62
ShhS,7,4,11,0.64
Shhb,1,2,3,0.33
Shhh,7,6,13,0.54
Shhl,3,2,5,0.6
Shhm,6,5,11,0.55
Shhn,4,5,9,0.44
Shhs,3,1,4,0.75
ShlB,0,1,1,0.0
ShlH,2,1,3,0.67
ShlJ,1,1,2,0.5
ShlL,1,0,1,1.0
ShlM,1,1,2,0.5
ShlN,0,2,2,0.0
ShlP,0,1,1,0.0
ShlS,0,1,1,0.0
Shlb,1,2,3,0.33
Shll,1,0,1,1.0
Shlm,2,0,2,1.0
Shln,1,1,2,0.5
Shls,2,0,2,1.0
ShmB,8,1,9,0.89
ShmD,4,2,6,0.67
ShmH,2,9,11,0.18
ShmI,1,0,1,1.0
ShmJ,0,1,1,0.0
ShmL,2,4,6,0.33
ShmM,0,11,11,0.0
ShmN,4,6,10,0.4
ShmP,8,3,11,0.73
ShmS,4,3,7,0.57
Shmb,5,5,10,0.5
Shml,1,2,3,0.33
Shmm,5,5,10,0.5
Shmn,5,4,9,0.56
Shms,5,2,7,0.71
ShnB,5,1,6,0.83
ShnD,1,0,1,1.0
ShnH,3,2,5,0.6
ShnI,1,0,1,1.0
ShnK,1,0,1,1.0
ShnL,1,2,3,0.33
ShnM,4,2,6,0.67
ShnN,5,6,11,0.45
ShnP,6,1,7,0.86
ShnS,6,11,17,0.35
Shnb,7,3,10,0.7
Shnl,1,0,1,1.0
Shnm,7,4,11,0.64
Shnn,8,4,12,0.67
Shns,5,4,9,0.56
ShsB,3,3,6,0.5
ShsD,1,2,3,0.33
ShsH,6,3,9,0.67
ShsI,1,1,2,0.5
ShsL,1,2,3,0.33
ShsM,6,2,8,0.75
ShsN,2,4,6,0.33
ShsP,7,4,11,0.64
ShsS,4,11,15,0.27
Shsb,6,2,8,0.75
Shsh,1,0,1,1.0
Shsl,6,0,6,1.0
Shsm,3,2,5,0.6
Shsn,7,2,9,0.78
Shss,8,6,14,0.57
ShtM,1,0,1,1.0
Shtl,1,0,1,1.0
Shtn,0,0,0,
Shts,0,2,2,0.0
SlBB,1,0,1,1.0
SlBD,2,0,2,1.0
SlBK,1,0,1,1.0
SlBM,1,1,2,0.5
SlBN,5,4,9,0.56
SlBP,2,1,3,0.67
SlBS,2,1,3,0.67
SlBb,2,3,5,0.4
SlBj,1,0,1,1.0
SlBl,2,0,2,1.0
SlBm,3,1,4,0.75
SlBn,6,2,8,0.75
SlBs,4,0,4,1.0
SlDB,1,0,1,1.0
SlDD,0,1,1,0.0
SlDH,3,0,3,1.0
SlDM,1,0,1,1.0
SlDN,2,0,2,1.0
SlDP,0,1,1,0.0
SlDS,2,2,4,0.5
SlDh,0,0,0,
SlDl,0,1,1,0.0
SlDm,1,1,2,0.5
SlDn,0,1,1,0.0
SlDs,2,0,2,1.0
SlHB,0,3,3,0.0
SlHH,0,1,1,0.0
SlHI,0,1,1,0.0
SlHK,0,2,2,0.0
SlHL,0,1,1,0.0
SlHM,0,4,4,0.0
SlHN,1,4,5,0.2
SlHP,2,1,3,0.67
SlHS,3,2,5,0.6
SlHb,1,2,3,0.33
SlHh,1,0,1,1.0
SlHm,3,4,7,0.43
SlHs,0,1,1,0.0
SlHt,0,1,1,0.0
SlIM,0,1,1,0.0
SlIP,0,0,0,
SlIS,0,0,0,
SlIm,1,0,1,1.0
SlIn,0,1,1,0.0
SlIs,0,1,1,0.0
SlJD,0,0,0,
SlJH,0,1,1,0.0
SlJL,0,0,0,
SlJM,0,1,1,0.0
SlJN,1,0,1,1.0
SlJP,0,1,1,0.0
SlJS,1,0,1,1.0
SlJb,2,2,4,0.5
SlJh,1,0,1,1.0
SlJm,1,2,3,0.33
SlJn,2,0,2,1.0
SlJs,1,1,2,0.5
SlKI,0,0,0,
SlKb,0,2,2,0.0
SlKm,0,0,0,
SlLB,1,0,1,1.0
SlLD,1,0,1,1.0
SlLL,2,1,3,0.67
SlLM,1,1,2,0.5
SlLN,0,1,1,0.0
SlLP,0,1,1,0.0
SlLS,0,1,1,0.0
SlLh,1,0,1,1.0
SlLl,0,1,1,0.0
SlLn,2,1,3,0.67
SlLs,1,0,1,1.0
SlLt,0,1,1,0.0
SlMB,0,2,2,0.0
SlMD,2,0,2,1.0
SlML,0,2,2,0.0
SlMM,1,4,5,0.2
SlMN,1,3,4,0.25
SlMP,3,3,6,0.5
SlMS,4,4,8,0.5
SlMb,3,1,4,0.75
SlMh,2,1,3,0.67
SlMj,0,0,0,
SlMl,2,1,3,0.67
SlMm,6,1,7,0.86
SlMn,6,4,10,0.6
SlMs,2,2,4,0.5
SlNB,6,3,9,0.67
SlND,0,1,1,0.0
SlNH,0,1,1,0.0
SlNI,0,0,0,
SlNL,3,1,4,0.75
SlNM,2,2,4,0.5
SlNN,1,4,5,0.2
SlNP,6,5,11,0.55
SlNS,4,1,5,0.8
SlNb,3,1,4,0.75
SlNl,1,2,3,0.33
SlNm,5,7,12,0.42
SlNn,5,4,9,0.56
SlNs,1,4,5,0.2
SlPB,0,2,2,0.0
SlPD,0,1,1,0.0
SlPH,1,1,2,0.5
SlPI,0,1,1,0.0
SlPK,0,0,0,
SlPL,1,0,1,1.0
SlPM,7,4,11,0.64
SlPN,4,1,5,0.8
SlPP,3,3,6,0.5
SlPS,3,1,4,0.75
SlPb,1,3,4,0.25
SlPh,0,1,1,0.0
SlPl,2,2,4,0.5
SlPm,0,1,1,0.0
SlPn,4,2,6,0.67
SlPs,2,1,3,0.67
SlSB,1,2,3,0.33
SlSD,1,1,2,0.5
SlSL,1,2,3,0.33
SlSM,4,2,6,0.67
SlSN,3,1,4,0.75
SlSP,5,0,5,1.0
SlSS,2,4,6,0.33
SlSb,4,4,8,0.5
SlSh,2,0,2,1.0
SlSl,1,1,2,0.5
SlSm,4,3,7,0.57
SlSn,0,2,2,0.0
SlSs,2,1,3,0.67
SlbB,3,3,6,0.5
SlbH,0,1,1,0.0
SlbJ,1,0,1,1.0
SlbL,2,0,2,1.0
SlbM,0,2,2,0.0
SlbN,2,7,9,0.22
SlbP,3,3,6,0.5
SlbS,1,1,2,0.5
Slbb,6,3,9,0.67
Slbl,1,0,1,1.0
Slbm,2,2,4,0.5
Slbn,5,2,7,0.71
Slbs,2,1,3,0.67
SlhP,0,0,0,
SllB,2,1,3,0.67
SllH,0,1,1,0.0
SllK,0,1,1,0.0
SllM,0,1,1,0.0
SllN,1,5,6,0.17
SllP,1,1,2,0.5
SllS,1,0,1,1.0
Slll,2,0,2,1.0
Sllm,2,2,4,0.5
Slln,3,0,3,1.0
Slls,1,0,1,1.0
SlmB,2,2,4,0.5
SlmD,1,3,4,0.25
SlmH,4,3,7,0.57
SlmJ,0,0,0,
SlmL,0,1,1,0.0
SlmM,4,5,9,0.44
SlmN,3,1,4,0.75
SlmP,1,4,5,0.2
SlmS,1,3,4,0.25
Slmb,2,3,5,0.4
Slml,2,1,3,0.67
Slmm,4,0,4,1.0
Slmn,5,6,11,0.45
Slms,1,3,4,0.25
SlnB,1,1,2,0.5
SlnD,2,1,3,0.67
SlnH,0,1,1,0.0
SlnL,1,1,2,0.5
SlnM,0,3,3,0.0
SlnN,2,5,7,0.29
SlnP,2,6,8,0.25
SlnS,2,0,2,1.0
Slnb,2,1,3,0.67
Slnl,1,0,1,1.0
Slnm,1,2,3,0.33
Slnn,0,4,4,0.0
Slns,2,2,4,0.5
SlsB,1,0,1,1.0
SlsD,0,2,2,0.0
SlsH,1,1,2,0.5
SlsI,0,1,1,0.0
SlsL,0,2,2,0.0
SlsM,0,0,0,
SlsN,3,0,3,1.0
SlsP,3,5,8,0.38
SlsS,3,0,3,1.0
Slsb,1,3,4,0.25
Slsm,5,2,7,0.71
Slsn,2,0,2,1.0
Slss,1,2,3,0.33
SmBB,3,12,15,0.2
SmBD,4,3,7,0.57
SmBK,1,2,3,0.33
SmBL,4,0,4,1.0
SmBM,5,12,17,0.29
SmBN,6,5,11,0.55
SmBP,8,8,16,0.5
SmBS,7,5,12,0.58
SmBb,5,12,17,0.29
SmBj,2,2,4,0.5
SmBl,3,3,6,0.5
SmBm,10,7,17,0.59
SmBn,10,12,22,0.45
SmBs,7,3,10,0.7
SmBt,0,3,3,0.0
SmDB,4,4,8,0.5
SmDD,5,2,7,0.71
SmDH,2,3,5,0.4
SmDL,2,0,2,1.0
SmDM,6,4,10,0.6
SmDN,2,3,5,0.4
SmDP,3,2,5,0.6
SmDS,4,8,12,0.33
SmDb,5,2,7,0.71
SmDh,1,0,1,1.0
SmDl,2,2,4,0.5
SmDm,6,5,11,0.55
SmDn,2,2,4,0.5
SmDs,7,1,8,0.88
SmDt,0,1,1,0.0
SmHB,7,9,16,0.44
SmHD,2,0,2,1.0
SmHH,3,5,8,0.38
SmHK,1,2,3,0.33
SmHL,5,2,7,0.71
SmHM,10,11,21,0.48
SmHN,7,8,15,0.47
SmHP,6,6,12,0.5
SmHS,6,7,13,0.46
SmHb,2,8,10,0.2
SmHh,4,4,8,0.5
SmHl,2,5,7,0.29
SmHm,13,16,29,0.45
SmHn,9,10,19,0.47
SmHs,3,6,9,0.33
SmIB,1,0,1,1.0
SmID,1,0,1,1.0
SmIM,0,1,1,0.0
SmIN,1,0,1,1.0
SmIP,0,0,0,
SmIb,1,0,1,1.0
SmIl,0,0,0,
SmIm,2,0,2,1.0
SmIn,0,0,0,
SmIs,0,1,1,0.0
SmJB,2,3,5,0.4
SmJH,1,2,3,0.33
SmJL,1,1,2,0.5
SmJM,0,3,3,0.0
SmJN,0,1,1,0.0
SmJP,4,1,5,0.8
SmJS,1,3,4,0.25
SmJb,4,1,5,0.8
SmJh,0,1,1,0.0
SmJm,2,4,6,0.33
SmJn,8,2,10,0.8
SmJs,0,3,3,0.0
SmKL,1,0,1,1.0
SmKb,0,1,1,0.0
SmKm,1,0,1,1.0
SmKn,1,0,1,1.0
SmKs,0,1,1,0.0
SmLB,4,3,7,0.57
SmLD,1,0,1,1.0
SmLK,0,1,1,0.0
SmLL,0,2,2,0.0
SmLM,1,3,4,0.25
SmLN,4,9,13,0.31
SmLP,1,3,4,0.25
SmLS,3,2,5,0.6
SmLb,2,2,4,0.5
SmLl,1,2,3,0.33
SmLm,4,4,8,0.5
SmLn,4,5,9,0.44
SmLs,3,5,8,0.38
SmLt,1,2,3,0.33
SmMB,8,4,12,0.67
SmMD,4,4,8,0.5
SmMH,0,0,0,
SmML,1,4,5,0.2
SmMM,8,14,22,0.36
SmMN,8,12,20,0.4
SmMP,8,12,20,0.4
SmMS,11,7,18,0.61
SmMb,11,10,21,0.52
SmMh,12,10,22,0.55
SmMj,2,0,2,1.0
SmMl,3,5,8,0.38
SmMm,13,16,29,0.45
SmMn,13,15,28,0.46
SmMs,9,7,16,0.56
SmNB,7,11,18,0.39
SmND,1,2,3,0.33
SmNH,1,1,2,0.5
SmNK,0,1,1,0.0
SmNL,2,3,5,0.4
SmNM,12,10,22,0.55
SmNN,11,15,26,0.42
SmNP,18,28,46,0.39
SmNS,15,8,23,0.65
SmNb,3,11,14,0.21
SmNh,6,3,9,0.67
SmNl,6,4,10,0.6
SmNm,16,14,30,0.53
SmNn,14,12,26,0.54
SmNs,17,8,25,0.68
SmNt,1,0,1,1.0
SmPB,7,14,21,0.33
SmPD,3,3,6,0.5
SmPH,1,2,3,0.33
SmPI,2,2,4,0.5
SmPK,3,3,6,0.5
SmPL,2,4,6,0.33
SmPM,10,16,26,0.38
SmPN,9,13,22,0.41
SmPP,18,10,28,0.64
SmPS,10,5,15,0.67
SmPb,8,10,18,0.44
SmPh,2,1,3,0.67
SmPl,2,3,5,0.4
SmPm,14,13,27,0.52
SmPn,14,12,26,0.54
SmPs,7,11,18,0.39
SmPt,1,2,3,0.33
SmSB,8,8,16,0.5
SmSD,6,2,8,0.75
SmSH,8,4,12,0.67
SmSI,1,0,1,1.0
SmSL,2,1,3,0.67
SmSM,8,5,13,0.62
SmSN,6,11,17,0.35
SmSP,10,7,17,0.59
SmSS,11,11,22,0.5
SmSb,7,5,12,0.58
SmSh,3,8,11,0.27
SmSl,1,2,3,0.33
SmSm,10,9,19,0.53
SmSn,10,12,22,0.45
SmSs,11,5,16,0.69
SmSt,1,3,4,0.25
SmbB,12,9,21,0.57
SmbD,1,1,2,0.5
SmbH,1,1,2,0.5
SmbI,0,1,1,0.0
SmbJ,2,0,2,1.0
SmbK,2,1,3,0.67
SmbL,5,5,10,0.5
SmbM,9,11,20,0.45
SmbN,9,11,20,0.45
SmbP,25,13,38,0.66
SmbS,4,8,12,0.33
Smbb,10,7,17,0.59
Smbl,1,5,6,0.17
Smbm,10,7,17,0.59
Smbn,11,8,19,0.58
Smbs,2,4,6,0.33
SmhM,1,0,1,1.0
Smhm,1,0,1,1.0
Smhs,1,0,1,1.0
SmlB,2,3,5,0.4
SmlD,1,0,1,1.0
SmlH,0,2,2,0.0
SmlI,1,0,1,1.0
SmlJ,0,0,0,
SmlL,2,2,4,0.5
SmlM,3,3,6,0.5
SmlN,2,2,4,0.5
SmlP,2,6,8,0.25
SmlS,1,1,2,0.5
Smlb,3,1,4,0.75
Smll,3,1,4,0.75
Smlm,4,2,6,0.67
Smln,1,2,3,0.33
Smls,4,1,5,0.8
SmmB,18,9,27,0.67
SmmD,3,3,6,0.5
SmmH,15,9,24,0.62
SmmI,0,1,1,0.0
SmmJ,2,3,5,0.4
SmmL,5,2,7,0.71
SmmM,5,15,20,0.25
SmmN,11,9,20,0.55
SmmP,22,10,32,0.69
SmmS,9,6,15,0.6
Smmb,13,15,28,0.46
Smml,7,1,8,0.88
Smmm,11,12,23,0.48
Smmn,12,15,27,0.44
Smms,3,5,8,0.38
SmnB,6,9,15,0.4
SmnD,3,5,8,0.38
SmnH,6,6,12,0.5
SmnI,2,1,3,0.67
SmnK,0,1,1,0.0
SmnL,1,1,2,0.5
SmnM,9,8,17,0.53
SmnN,10,12,22,0.45
SmnP,10,11,21,0.48
SmnS,9,5,14,0.64
Smnb,4,12,16,0.25
Smnh,1,0,1,1.0
Smnl,1,1,2,0.5
Smnm,14,9,23,0.61
Smnn,11,8,19,0.58
Smns,6,4,10,0.6
SmsB,5,7,12,0.42
SmsD,1,3,4,0.25
SmsH,7,5,12,0.58
SmsI,1,0,1,1.0
SmsL,2,2,4,0.5
SmsM,5,8,13,0.38
SmsN,4,9,13,0.31
SmsP,9,9,18,0.5
SmsS,7,8,15,0.47
Smsb,2,9,11,0.18
Smsl,1,2,3,0.33
Smsm,8,6,14,0.57
Smsn,7,8,15,0.47
Smss,6,2,8,0.75
SnBB,3,4,7,0.43
SnBD,1,1,2,0.5
SnBH,0,0,0,
SnBK,1,1,2,0.5
SnBL,1,0,1,1.0
SnBM,4,6,10,0.4
SnBN,9,7,16,0.56
SnBP,6,9,15,0.4
SnBS,8,1,9,0.89
SnBb,3,3,6,0.5
SnBh,0,1,1,0.0
SnBj,2,2,4,0.5
SnBl,0,1,1,0.0
SnBm,7,7,14,0.5
SnBn,10,8,18,0.56
SnBs,6,3,9,0.67
SnBt,2,2,4,0.5
SnDB,3,1,4,0.75
SnDD,3,2,5,0.6
SnDH,4,2,6,0.67
SnDI,0,1,1,0.0
SnDL,0,1,1,0.0
SnDM,7,3,10,0.7
SnDN,2,3,5,0.4
SnDP,4,2,6,0.67
SnDS,2,3,5,0.4
SnDb,2,0,2,1.0
SnDl,0,1,1,0.0
SnDm,5,1,6,0.83
SnDn,3,3,6,0.5
SnDs,4,2,6,0.67
SnHB,4,7,11,0.36
SnHD,3,1,4,0.75
SnHH,0,2,2,0.0
SnHI,2,0,2,1.0
SnHK,1,0,1,1.0
SnHL,0,1,1,0.0
SnHM,3,5,8,0.38
SnHN,6,4,10,0.6
SnHP,9,7,16,0.56
SnHS,6,6,12,0.5
SnHb,3,6,9,0.33
SnHh,0,3,3,0.0
SnHl,0,3,3,0.0
SnHm,12,7,19,0.63
SnHn,3,3,6,0.5
SnHs,2,6,8,0.25
SnHt,0,2,2,0.0
SnIB,1,2,3,0.33
SnID,1,0,1,1.0
SnIH,2,0,2,1.0
SnIM,1,0,1,1.0
SnIN,2,1,3,0.67
SnIP,0,0,0,
SnIS,1,2,3,0.33
SnIb,1,0,1,1.0
SnIh,0,0,0,
SnIm,0,2,2,0.0
SnIn,3,1,4,0.75
SnIs,2,1,3,0.67
SnKL,1,0,1,1.0
SnKM,1,0,1,1.0
SnKN,0,2,2,0.0
SnKS,0,1,1,0.0
SnKb,1,1,2,0.5
SnKh,0,4,4,0.0
SnKl,1,0,1,1.0
SnKm,0,1,1,0.0
SnKn,2,0,2,1.0
SnKs,0,1,1,0.0
SnLB,1,2,3,0.33
SnLD,1,2,3,0.33
SnLK,0,0,0,
SnLM,3,3,6,0.5
SnLN,2,5,7,0.29
SnLP,3,4,7,0.43
SnLS,1,4,5,0.2
SnLb,2,1,3,0.67
SnLh,2,0,2,1.0
SnLj,1,1,2,0.5
SnLl,3,0,3,1.0
SnLm,6,3,9,0.67
SnLn,3,5,8,0.38
SnLs,2,1,3,0.67
SnLt,0,1,1,0.0
SnMB,10,6,16,0.62
SnMD,1,0,1,1.0
SnMH,0,1,1,0.0
SnMK,0,0,0,
SnML,1,0,1,1.0
SnMM,2,11,13,0.15
SnMN,4,13,17,0.24
SnMP,12,11,23,0.52
SnMS,7,5,12,0.58
SnMb,13,5,18,0.72
SnMh,6,8,14,0.43
SnMj,1,3,4,0.25
SnMl,1,0,1,1.0
SnMm,10,7,17,0.59
SnMn,9,12,21,0.43
SnMs,4,6,10,0.4
SnMt,0,0,0,
SnNB,6,4,10,0.6
SnND,8,2,10,0.8
SnNH,1,1,2,0.5
SnNK,0,1,1,0.0
SnNL,5,6,11,0.45
SnNM,17,15,32,0.53
SnNN,19,14,33,0.58
SnNP,16,9,25,0.64
SnNS,18,6,24,0.75
SnNb,8,10,18,0.44
SnNh,9,1,10,0.9
SnNl,3,2,5,0.6
SnNm,8,11,19,0.42
SnNn,16,15,31,0.52
SnNs,9,14,23,0.39
SnNt,1,5,6,0.17
SnPB,9,7,16,0.56
SnPD,2,4,6,0.33
SnPH,3,3,6,0.5
SnPI,1,1,2,0.5
SnPK,2,4,6,0.33
SnPL,4,5,9,0.44
SnPM,7,16,23,0.3
SnPN,6,11,17,0.35
SnPP,16,19,35,0.46
SnPS,8,12,20,0.4
SnPb,8,9,17,0.47
SnPh,2,2,4,0.5
SnPl,3,4,7,0.43
SnPm,20,16,36,0.56
SnPn,26,12,38,0.68
SnPs,11,4,15,0.73
SnPt,0,1,1,0.0
SnSB,2,9,11,0.18
SnSD,2,3,5,0.4
SnSH,5,3,8,0.62
SnSK,0,1,1,0.0
SnSL,1,3,4,0.25
SnSM,16,4,20,0.8
SnSN,8,5,13,0.62
SnSP,21,8,29,0.72
SnSS,10,5,15,0.67
SnSb,4,8,12,0.33
SnSh,9,2,11,0.82
SnSl,1,2,3,0.33
SnSm,10,5,15,0.67
SnSn,5,15,20,0.25
SnSs,9,9,18,0.5
SnSt,2,0,2,1.0
SnbB,3,4,7,0.43
SnbD,3,0,3,1.0
SnbH,1,1,2,0.5
SnbI,0,1,1,0.0
SnbJ,3,2,5,0.6
SnbK,1,0,1,1.0
SnbL,1,1,2,0.5
SnbM,6,6,12,0.5
SnbN,11,7,18,0.61
SnbP,12,10,22,0.55
SnbS,2,4,6,0.33
Snbb,8,4,12,0.67
Snbl,4,0,4,1.0
Snbm,5,6,11,0.45
Snbn,7,3,10,0.7
Snbs,3,4,7,0.43
SnhB,0,1,1,0.0
SnhM,1,0,1,1.0
SnhN,0,1,1,0.0
SnhP,1,2,3,0.33
Snhh,1,2,3,0.33
Snhn,0,0,0,
Snhs,0,0,0,
SnlB,1,1,2,0.5
SnlH,1,1,2,0.5
SnlI,1,0,1,1.0
SnlJ,1,0,1,1.0
SnlL,1,0,1,1.0
SnlM,2,3,5,0.4
SnlN,5,4,9,0.56
SnlP,5,2,7,0.71
SnlS,2,4,6,0.33
Snlb,3,4,7,0.43
Snll,0,0,0,
Snlm,2,3,5,0.4
Snln,1,1,2,0.5
SnmB,5,8,13,0.38
SnmD,2,4,6,0.33
SnmH,7,4,11,0.64
SnmI,1,0,1,1.0
SnmJ,1,1,2,0.5
SnmL,2,2,4,0.5
SnmM,8,11,19,0.42
SnmN,13,16,29,0.45
SnmP,10,3,13,0.77
SnmS,4,6,10,0.4
Snmb,10,10,20,0.5
Snml,2,0,2,1.0
Snmm,10,10,20,0.5
Snmn,13,6,19,0.68
Snms,6,11,17,0.35
SnnB,5,5,10,0.5
SnnD,4,1,5,0.8
SnnH,10,3,13,0.77
SnnI,1,2,3,0.33
SnnK,1,1,2,0.5
SnnL,4,1,5,0.8
SnnM,12,12,24,0.5
SnnN,8,19,27,0.3
SnnP,11,15,26,0.42
SnnS,9,8,17,0.53
Snnb,7,6,13,0.54
Snnh,1,0,1,1.0
Snnl,0,2,2,0.0
Snnm,10,9,19,0.53
Snnn,15,16,31,0.48
Snns,4,5,9,0.44
SnsB,1,4,5,0.2
SnsD,2,3,5,0.4
SnsH,8,8,16,0.5
SnsI,1,1,2,0.5
SnsK,0,1,1,0.0
SnsL,0,4,4,0.0
SnsM,4,8,12,0.33
SnsN,8,9,17,0.47
SnsP,6,17,23,0.26
SnsS,11,6,17,0.65
Snsb,4,5,9,0.44
Snsh,0,2,2,0.0
Snsl,2,1,3,0.67
Snsm,9,8,17,0.53
Snsn,9,7,16,0.56
Snss,11,5,16,0.69
SsBB,9,9,18,0.5
SsBD,1,0,1,1.0
SsBK,0,1,1,0.0
SsBL,6,1,7,0.86
SsBM,4,3,7,0.57
SsBN,4,5,9,0.44
SsBP,2,5,7,0.29
SsBS,4,3,7,0.57
SsBb,1,2,3,0.33
SsBh,0,1,1,0.0
SsBj,0,1,1,0.0
SsBl,0,1,1,0.0
SsBm,5,3,8,0.62
SsBn,6,8,14,0.43
SsBs,3,3,6,0.5
SsBt,1,1,2,0.5
SsDB,2,5,7,0.29
SsDD,2,1,3,0.67
SsDH,4,1,5,0.8
SsDL,2,0,2,1.0
SsDM,4,7,11,0.36
SsDN,4,3,7,0.57
SsDP,6,3,9,0.67
SsDS,6,3,9,0.67
SsDb,4,3,7,0.57
SsDl,1,2,3,0.33
SsDm,2,1,3,0.67
SsDn,4,3,7,0.57
SsDs,5,0,5,1.0
SsDt,2,1,3,0.67
SsHB,6,4,10,0.6
SsHD,2,5,7,0.29
SsHH,3,2,5,0.6
SsHI,0,1,1,0.0
SsHK,1,0,1,1.0
SsHL,2,2,4,0.5
SsHM,11,10,21,0.52
SsHN,11,14,25,0.44
SsHP,9,8,17,0.53
SsHS,13,10,23,0.57
SsHb,2,6,8,0.25
SsHh,4,4,8,0.5
SsHl,2,4,6,0.33
SsHm,9,4,13,0.69
SsHn,6,11,17,0.35
SsHs,9,6,15,0.6
SsIB,1,0,1,1.0
SsID,1,0,1,1.0
SsIL,0,0,0,
SsIM,3,2,5,0.6
SsIN,1,0,1,1.0
SsIP,1,1,2,0.5
SsIS,2,4,6,0.33
SsIb,2,1,3,0.67
SsIl,0,1,1,0.0
SsIn,2,0,2,1.0
SsIs,0,1,1,0.0
SsKH,0,1,1,0.0
SsKL,0,0,0,
SsKM,0,1,1,0.0
SsKS,1,1,2,0.5
SsKl,1,0,1,1.0
SsKm,1,0,1,1.0
SsKs,2,2,4,0.5
SsLB,3,3,6,0.5
SsLD,1,0,1,1.0
SsLK,0,1,1,0.0
SsLL,1,0,1,1.0
SsLM,2,5,7,0.29
SsLN,4,2,6,0.67
SsLP,5,6,11,0.45
SsLS,2,4,6,0.33
SsLb,3,1,4,0.75
SsLh,0,2,2,0.0
SsLj,0,1,1,0.0
SsLl,1,1,2,0.5
SsLm,1,4,5,0.2
SsLn,4,4,8,0.5
SsLs,2,3,5,0.4
SsLt,1,0,1,1.0
SsMB,4,6,10,0.4
SsMD,1,6,7,0.14
SsMK,0,1,1,0.0
SsML,4,3,7,0.57
SsMM,8,12,20,0.4
SsMN,6,8,14,0.43
SsMP,10,16,26,0.38
SsMS,6,10,16,0.38
SsMb,12,4,16,0.75
SsMh,10,4,14,0.71
SsMj,0,1,1,0.0
SsMl,0,2,2,0.0
SsMm,10,10,20,0.5
SsMn,13,10,23,0.57
SsMs,6,8,14,0.43
SsMt,1,1,2,0.5
SsNB,7,11,18,0.39
SsND,3,2,5,0.6
SsNH,1,0,1,1.0
SsNI,0,0,0,
SsNK,0,0,0,
SsNL,1,2,3,0.33
SsNM,11,14,25,0.44
SsNN,9,16,25,0.36
SsNP,14,8,22,0.64
SsNS,12,11,23,0.52
SsNb,3,5,8,0.38
SsNh,4,0,4,1.0
SsNl,2,3,5,0.4
SsNm,13,6,19,0.68
SsNn,16,5,21,0.76
SsNs,7,10,17,0.41
SsNt,0,1,1,0.0
SsPB,3,6,9,0.33
SsPD,1,2,3,0.33
SsPH,2,4,6,0.33
SsPI,2,0,2,1.0
SsPK,2,3,5,0.4
SsPL,6,6,12,0.5
SsPM,10,8,18,0.56
SsPN,13,9,22,0.59
SsPP,13,18,31,0.42
SsPS,9,5,14,0.64
SsPb,8,6,14,0.57
SsPh,1,3,4,0.25
SsPl,4,2,6,0.67
SsPm,12,8,20,0.6
SsPn,7,7,14,0.5
SsPs,9,6,15,0.6
SsPt,2,0,2,1.0
SsSB,4,10,14,0.29
SsSD,4,4,8,0.5
SsSH,2,7,9,0.22
SsSK,1,0,1,1.0
SsSL,7,6,13,0.54
SsSM,7,6,13,0.54
SsSN,9,12,21,0.43
SsSP,8,21,29,0.28
SsSS,17,20,37,0.46
SsSb,7,9,16,0.44
SsSh,9,10,19,0.47
SsSl,4,3,7,0.57
SsSm,12,12,24,0.5
SsSn,11,4,15,0.73
SsSs,16,25,41,0.39
SsSt,4,2,6,0.67
SsbB,3,7,10,0.3
SsbD,1,1,2,0.5
SsbH,4,1,5,0.8
SsbI,0,1,1,0.0
SsbJ,1,0,1,1.0
SsbK,0,1,1,0.0
SsbL,1,1,2,0.5
SsbM,4,3,7,0.57
SsbN,4,9,13,0.31
SsbP,9,12,21,0.43
SsbS,7,3,10,0.7
Ssbb,9,7,16,0.56
Ssbl,1,0,1,1.0
Ssbm,9,8,17,0.53
Ssbn,14,6,20,0.7
Ssbs,7,2,9,0.78
SshH,1,0,1,1.0
SshI,0,0,0,
SshN,1,1,2,0.5
SshS,0,1,1,0.0
Sshm,0,1,1,0.0
Sshs,0,1,1,0.0
SslB,1,0,1,1.0
SslD,1,1,2,0.5
SslH,2,1,3,0.67
SslI,1,0,1,1.0
SslL,0,1,1,0.0
SslM,2,5,7,0.29
SslN,3,3,6,0.5
SslP,4,0,4,1.0
SslS,3,2,5,0.6
Sslb,4,3,7,0.57
Ssll,2,0,2,1.0
Sslm,6,3,9,0.67
Ssln,4,1,5,0.8
Ssls,2,2,4,0.5
SsmB,11,4,15,0.73
SsmD,2,3,5,0.4
SsmH,3,7,10,0.3
SsmJ,1,2,3,0.33
SsmK,0,0,0,
SsmL,4,0,4,1.0
SsmM,10,15,25,0.4
SsmN,13,11,24,0.54
SsmP,15,14,29,0.52
SsmS,9,14,23,0.39
Ssmb,4,10,14,0.29
Ssml,2,1,3,0.67
Ssmm,14,11,25,0.56
Ssmn,11,5,16,0.69
Ssms,7,8,15,0.47
SsnB,2,2,4,0.5
SsnD,2,1,3,0.67
SsnH,8,8,16,0.5
SsnI,4,0,4,1.0
SsnK,1,0,1,1.0
SsnL,1,1,2,0.5
SsnM,5,9,14,0.36
SsnN,19,11,30,0.63
SsnP,11,11,22,0.5
SsnS,6,6,12,0.5
Ssnb,2,3,5,0.4
Ssnl,0,2,2,0.0
Ssnm,9,5,14,0.64
Ssnn,5,10,15,0.33
Ssns,6,6,12,0.5
SssB,7,2,9,0.78
SssD,2,3,5,0.4
SssH,8,11,19,0.42
SssI,0,3,3,0.0
SssL,1,1,2,0.5
SssM,8,5,13,0.62
SssN,9,10,19,0.47
SssP,7,11,18,0.39
SssS,8,17,25,0.32
Sssb,10,5,15,0.67
Sssh,0,1,1,0.0
Sssl,1,6,7,0.14
Sssm,10,4,14,0.71
Sssn,15,6,21,0.71
Ssss,13,16,29,0.45
SstS,0,1,1,0.0
StBB,1,1,2,0.5
StBD,1,0,1,1.0
StBK,0,0,0,
StBN,2,0,2,1.0
StBP,2,2,4,0.5
StBb,2,0,2,1.0
StBm,1,2,3,0.33
StBn,0,0,0,
StBs,1,0,1,1.0
StDB,0,0,0,
StDM,0,1,1,0.0
StDP,1,1,2,0.5
StDs,0,1,1,0.0
StHM,0,1,1,0.0
StHN,0,1,1,0.0
StHP,0,1,1,0.0
StHS,0,2,2,0.0
StHb,0,1,1,0.0
StHh,0,0,0,
StHl,2,0,2,1.0
StHm,1,1,2,0.5
StHn,2,0,2,1.0
StHs,0,1,1,0.0
StKP,0,1,1,0.0
StKh,0,0,0,
StLB,1,0,1,1.0
StLK,1,0,1,1.0
StLM,1,2,3,0.33
StLN,1,0,1,1.0
StLP,2,1,3,0.67
StLm,1,1,2,0.5
StLn,1,1,2,0.5
StMN,1,0,1,1.0
StMP,2,0,2,1.0
StMS,0,1,1,0.0
StMb,2,0,2,1.0
StMh,0,1,1,0.0
StMj,0,1,1,0.0
StMm,0,3,3,0.0
StMn,1,0,1,1.0
StMs,1,0,1,1.0
StND,1,1,2,0.5
StNL,1,0,1,1.0
StNM,0,3,3,0.0
StNN,0,2,2,0.0
StNP,0,1,1,0.0
StNS,2,0,2,1.0
StNm,1,1,2,0.5
StNn,1,2,3,0.33
StNs,0,1,1,0.0
StPB,2,2,4,0.5
StPK,0,1,1,0.0
StPL,0,1,1,0.0
StPM,1,3,4,0.25
StPN,1,1,2,0.5
StPP,2,3,5,0.4
StPS,1,1,2,0.5
StPh,0,1,1,0.0
StPl,1,0,1,1.0
StPn,3,0,3,1.0
StSB,3,1,4,0.75
StSH,0,0,0,
StSN,3,1,4,0.75
StSP,1,4,5,0.2
StSS,2,1,3,0.67
StSh,1,0,1,1.0
StSm,2,3,5,0.4
StSn,3,0,3,1.0
StSt,0,0,0,
StbB,0,1,1,0.0
StbD,1,0,1,1.0
StbM,1,0,1,1.0
StbN,1,0,1,1.0
StbP,0,0,0,
StbS,1,0,1,1.0
Stbb,2,1,3,0.67
Stbl,1,0,1,1.0
Stbm,1,0,1,1.0
Stbn,2,1,3,0.67
StlB,0,0,0,
StlN,0,1,1,0.0
StlP,1,0,1,1.0
Stll,1,0,1,1.0
Stlm,0,1,1,0.0
StmD,0,1,1,0.0
StmH,2,1,3,0.67
StmJ,0,0,0,
StmL,0,0,0,
StmM,2,5,7,0.29
StmN,3,0,3,1.0
StmP,2,1,3,0.67
StmS,0,0,0,
Stmb,2,0,2,1.0
Stml,0,1,1,0.0
Stmm,1,2,3,0.33
Stmn,1,1,2,0.5
StnB,1,0,1,1.0
StnD,0,1,1,0.0
StnH,2,0,2,1.0
StnM,0,1,1,0.0
StnN,0,0,0,
StnP,1,2,3,0.33
StnS,0,0,0,
Stnb,2,0,2,1.0
Stnm,1,0,1,1.0
Stnn,1,2,3,0.33
Stns,1,1,2,0.5
StsD,1,0,1,1.0
StsH,0,2,2,0.0
StsN,0,2,2,0.0
StsP,1,1,2,0.5
StsS,1,0,1,1.0
Stsm,2,0,2,1.0
Stsn,1,0,1,1.0
SttP,0,1,1,0.0
Sttm,2,0,2,1.0
bBBB,12,8,20,0.6
bBBD,1,2,3,0.33
bBBH,2,0,2,1.0
bBBK,3,0,3,1.0
bBBL,6,1,7,0.86
bBBM,6,14,20,0.3
bBBN,7,10,17,0.41
bBBP,9,11,20,0.45
bBBS,5,5,10,0.5
bBBb,11,4,15,0.73
bBBh,0,1,1,0.0
bBBl,3,3,6,0.5
bBBm,11,16,27,0.41
bBBn,8,9,17,0.47
bBBs,3,3,6,0.5
bBBt,1,1,2,0.5
bBDB,2,2,4,0.5
bBDD,2,0,2,1.0
bBDH,1,4,5,0.2
bBDL,1,0,1,1.0
bBDM,7,2,9,0.78
bBDN,3,3,6,0.5
bBDP,1,3,4,0.25
bBDS,1,2,3,0.33
bBDb,1,2,3,0.33
bBDl,1,0,1,1.0
bBDm,2,2,4,0.5
bBDn,0,1,1,0.0
bBDs,2,2,4,0.5
bBHs,0,0,0,
bBIB,1,0,1,1.0
bBKB,1,1,2,0.5
bBKD,0,0,0,
bBKI,0,1,1,0.0
bBKM,0,2,2,0.0
bBKN,2,0,2,1.0
bBKP,3,1,4,0.75
bBKS,0,2,2,0.0
bBKb,0,1,1,0.0
bBKh,1,1,2,0.5
bBKm,1,2,3,0.33
bBKn,1,0,1,1.0
bBKs,1,0,1,1.0
bBLB,2,2,4,0.5
bBLD,1,0,1,1.0
bBLK,0,1,1,0.0
bBLL,0,1,1,0.0
bBLM,1,2,3,0.33
bBLN,5,2,7,0.71
bBLP,5,0,5,1.0
bBLS,2,2,4,0.5
bBLb,1,1,2,0.5
bBLh,0,0,0,
bBLj,0,1,1,0.0
bBLl,1,0,1,1.0
bBLm,2,5,7,0.29
bBLn,4,7,11,0.36
bBLs,1,2,3,0.33
bBLt,0,1,1,0.0
bBMB,7,9,16,0.44
bBMD,2,1,3,0.67
bBML,1,1,2,0.5
bBMM,14,11,25,0.56
bBMN,12,14,26,0.46
bBMP,9,19,28,0.32
bBMS,5,4,9,0.56
bBMb,10,13,23,0.43
bBMh,5,8,13,0.38
bBMj,1,3,4,0.25
bBMl,2,2,4,0.5
bBMm,12,11,23,0.52
bBMn,11,15,26,0.42
bBMs,6,2,8,0.75
bBMt,3,0,3,1.0
bBNB,10,10,20,0.5
bBND,4,2,6,0.67
bBNH,1,1,2,0.5
bBNI,1,1,2,0.5
bBNK,1,3,4,0.25
bBNL,2,3,5,0.4
bBNM,6,12,18,0.33
bBNN,14,16,30,0.47
bBNP,22,16,38,0.58
bBNS,7,11,18,0.39
bBNb,7,10,17,0.41
bBNh,6,9,15,0.4
bBNl,4,0,4,1.0
bBNm,11,17,28,0.39
bBNn,19,13,32,0.59
bBNs,7,8,15,0.47
bBNt,2,1,3,0.67
bBPB,10,6,16,0.62
bBPD,1,1,2,0.5
bBPH,4,2,6,0.67
bBPI,0,2,2,0.0
bBPK,1,1,2,0.5
bBPL,2,6,8,0.25
bBPM,14,9,23,0.61
bBPN,14,10,24,0.58
bBPP,14,15,29,0.48
bBPS,8,11,19,0.42
bBPb,11,7,18,0.61
bBPh,2,3,5,0.4
bBPl,3,7,10,0.3
bBPm,17,10,27,0.63
bBPn,10,9,19,0.53
bBPs,7,9,16,0.44
bBSB,6,5,11,0.55
bBSD,0,2,2,0.0
bBSH,2,4,6,0.33
bBSL,2,3,5,0.4
bBSM,4,6,10,0.4
bBSN,9,5,14,0.64
bBSP,5,6,11,0.45
bBSS,4,10,14,0.29
bBSb,6,3,9,0.67
bBSh,3,1,4,0.75
bBSl,0,1,1,0.0
bBSm,6,5,11,0.55
bBSn,2,7,9,0.22
bBSs,7,3,10,0.7
bBSt,0,1,1,0.0
bBbB,3,9,12,0.25
bBbD,2,2,4,0.5
bBbH,3,1,4,0.75
bBbI,1,0,1,1.0
bBbJ,2,0,2,1.0
bBbK,2,2,4,0.5
bBbL,4,2,6,0.67
bBbM,5,11,16,0.31
bBbN,15,11,26,0.58
bBbP,9,8,17,0.53
bBbS,4,3,7,0.57
bBbb,10,10,20,0.5
bBbl,2,3,5,0.4
bBbm,5,7,12,0.42
bBbn,12,8,20,0.6
bBbs,4,4,8,0.5
bBhB,1,1,2,0.5
bBhD,0,2,2,0.0
bBhM,1,0,1,1.0
bBhN,1,1,2,0.5
bBhP,0,0,0,
bBhS,1,0,1,1.0
bBhb,1,1,2,0.5
bBhh,0,2,2,0.0
bBhl,0,1,1,0.0
bBhm,0,1,1,0.0
bBhn,2,1,3,0.67
bBhs,2,1,3,0.67
bBjB,1,3,4,0.25
bBjD,0,0,0,
bBjH,0,0,0,
bBjL,0,1,1,0.0
bBjM,0,5,5,0.0
bBjN,1,2,3,0.33
bBjP,0,2,2,0.0
bBjS,0,0,0,
bBjb,2,1,3,0.67
bBjh,1,0,1,1.0
bBjl,1,0,1,1.0
bBjm,1,4,5,0.2
bBjn,2,1,3,0.67
bBjs,1,0,1,1.0
bBjt,0,1,1,0.0
bBlB,1,2,3,0.33
bBlD,0,1,1,0.0
bBlH,0,2,2,0.0
bBlI,1,0,1,1.0
bBlJ,2,0,2,1.0
bBlL,1,1,2,0.5
bBlM,3,3,6,0.5
bBlN,4,7,11,0.36
bBlP,6,4,10,0.6
bBlS,2,2,4,0.5
bBlb,1,2,3,0.33
bBll,0,2,2,0.0
bBlm,1,2,3,0.33
bBln,3,2,5,0.6
bBls,0,3,3,0.0
bBmB,6,3,9,0.67
bBmD,3,2,5,0.6
bBmH,6,11,17,0.35
bBmI,1,0,1,1.0
bBmJ,1,1,2,0.5
bBmL,3,2,5,0.6
bBmM,7,7,14,0.5
bBmN,10,13,23,0.43
bBmP,18,8,26,0.69
bBmS,6,10,16,0.38
bBmb,8,9,17,0.47
bBml,2,1,3,0.67
bBmm,12,8,20,0.6
bBmn,15,7,22,0.68
bBms,3,5,8,0.38
bBnB,9,10,19,0.47
bBnD,7,1,8,0.88
bBnH,8,6,14,0.57
bBnI,3,1,4,0.75
bBnK,0,2,2,0.0
bBnL,4,1,5,0.8
bBnM,11,11,22,0.5
bBnN,24,23,47,0.51
bBnP,20,13,33,0.61
bBnS,8,2,10,0.8
bBnb,8,7,15,0.53
bBnl,6,2,8,0.75
bBnm,13,16,29,0.45
bBnn,20,13,33,0.61
bBns,6,10,16,0.38
bBsB,2,4,6,0.33
bBsD,2,1,3,0.67
bBsH,7,4,11,0.64
bBsI,1,0,1,1.0
bBsL,0,1,1,0.0
bBsM,7,5,12,0.58
bBsN,5,8,13,0.38
bBsP,5,1,6,0.83
bBsS,5,4,9,0.56
bBsb,2,1,3,0.67
bBsh,1,0,1,1.0
bBsl,3,3,6,0.5
bBsm,4,5,9,0.44
bBsn,4,5,9,0.44
bBss,4,3,7,0.57
bBtD,1,0,1,1.0
bBtH,1,0,1,1.0
bBtL,0,1,1,0.0
bBtM,0,2,2,0.0
bBtN,1,1,2,0.5
bBtP,1,1,2,0.5
bBtS,1,1,2,0.5
bBtb,2,1,3,0.67
bBtm,0,1,1,0.0
bBtn,1,0,1,1.0
bBts,0,1,1,0.0
bBtt,0,1,1,0.0
bDBB,0,1,1,0.0
bDBD,1,0,1,1.0
bDBK,1,0,1,1.0
bDBL,1,0,1,1.0
bDBM,0,3,3,0.0
bDBN,2,2,4,0.5
bDBP,2,2,4,0.5
bDBS,2,2,4,0.5
bDBb,1,0,1,1.0
bDBl,1,1,2,0.5
bDBm,3,2,5,0.6
bDBn,2,0,2,1.0
bDBs,1,1,2,0.5
bDDB,1,0,1,1.0
bDDD,1,1,2,0.5
bDDH,0,1,1,0.0
bDDL,0,1,1,0.0
bDDM,3,1,4,0.75
bDDN,0,1,1,0.0
bDDP,1,1,2,0.5
bDDS,1,2,3,0.33
bDDb,1,2,3,0.33
bDDm,2,3,5,0.4
bDDn,0,1,1,0.0
bDDs,1,3,4,0.25
bDHB,1,3,4,0.25
bDHM,5,0,5,1.0
bDHN,3,0,3,1.0
bDHP,0,2,2,0.0
bDHS,3,1,4,0.75
bDHb,1,1,2,0.5
bDHh,0,1,1,0.0
bDHm,5,2,7,0.71
bDHn,3,0,3,1.0
bDHs,2,1,3,0.67
bDHt,1,0,1,1.0
bDIb,0,1,1,0.0
bDLB,1,0,1,1.0
bDLM,1,0,1,1.0
bDLN,0,0,0,
bDLP,0,1,1,0.0
bDLS,2,1,3,0.67
bDLh,1,0,1,1.0
bDLl,0,1,1,0.0
bDLn,1,0,1,1.0
bDMB,1,0,1,1.0
bDMD,1,0,1,1.0
bDML,1,2,3,0.33
bDMM,5,1,6,0.83
bDMN,2,3,5,0.4
bDMP,1,1,2,0.5
bDMS,1,0,1,1.0
bDMb,4,1,5,0.8
bDMh,2,0,2,1.0
bDMl,1,0,1,1.0
bDMm,5,1,6,0.83
bDMn,2,2,4,0.5
bDMs,1,2,3,0.33
bDNB,4,1,5,0.8
bDND,0,0,0,
bDNL,0,1,1,0.0
bDNM,2,2,4,0.5
bDNN,0,1,1,0.0
bDNP,4,3,7,0.57
bDNS,2,2,4,0.5
bDNb,1,1,2,0.5
bDNh,0,1,1,0.0
bDNl,0,1,1,0.0
bDNm,0,0,0,
bDNn,6,1,7,0.86
bDNs,4,2,6,0.67
bDPB,1,2,3,0.33
bDPD,1,0,1,1.0
bDPH,0,2,2,0.0
bDPI,1,0,1,1.0
bDPK,0,0,0,
bDPL,1,1,2,0.5
bDPM,4,2,6,0.67
bDPN,3,0,3,1.0
bDPP,1,1,2,0.5
bDPS,0,2,2,0.0
bDPb,3,3,6,0.5
bDPl,1,2,3,0.33
bDPm,2,3,5,0.4
bDPn,1,1,2,0.5
bDPs,1,2,3,0.33
bDSB,2,3,5,0.4
bDSD,1,1,2,0.5
bDSH,1,1,2,0.5
bDSL,3,1,4,0.75
bDSM,2,2,4,0.5
bDSN,1,1,2,0.5
bDSP,3,1,4,0.75
bDSS,0,3,3,0.0
bDSm,1,3,4,0.25
bDSn,1,1,2,0.5
bDSs,1,2,3,0.33
bDSt,1,1,2,0.5
bDbB,2,4,6,0.33
bDbD,1,1,2,0.5
bDbL,0,1,1,0.0
bDbM,3,3,6,0.5
bDbN,2,2,4,0.5
bDbP,1,1,2,0.5
bDbS,1,0,1,1.0
bDbb,2,4,6,0.33
bDbl,1,0,1,1.0
bDbm,2,0,2,1.0
bDbn,1,1,2,0.5
bDbs,3,1,4,0.75
bDlB,1,2,3,0.33
bDlD,1,0,1,1.0
bDlJ,1,0,1,1.0
bDlN,0,1,1,0.0
bDlP,1,0,1,1.0
bDlS,1,0,1,1.0
bDlb,0,1,1,0.0
bDll,1,1,2,0.5
bDmB,1,2,3,0.33
bDmD,0,1,1,0.0
bDmH,1,2,3,0.33
bDmJ,1,1,2,0.5
bDmL,1,2,3,0.33
bDmM,2,2,4,0.5
bDmN,3,2,5,0.6
bDmP,1,3,4,0.25
bDmS,3,3,6,0.5
bDmb,4,4,8,0.5
bDmh,0,1,1,0.0
bDml,0,1,1,0.0
bDmm,1,2,3,0.33
bDmn,2,5,7,0.29
bDms,3,3,6,0.5
bDnB,0,0,0,
bDnD,1,2,3,0.33
bDnH,0,1,1,0.0
bDnK,1,0,1,1.0
bDnL,0,1,1,0.0
bDnM,2,2,4,0.5
bDnN,2,0,2,1.0
bDnP,1,3,4,0.25
bDnS,1,2,3,0.33
bDnb,1,1,2,0.5
bDnm,5,0,5,1.0
bDnn,2,1,3,0.67
bDns,1,0,1,1.0
bDsD,1,0,1,1.0
bDsH,0,2,2,0.0
bDsL,1,0,1,1.0
bDsM,2,1,3,0.67
bDsN,1,1,2,0.5
bDsP,0,2,2,0.0
bDsS,1,1,2,0.5
bDsb,0,1,1,0.0
bDsm,1,0,1,1.0
bDsn,2,0,2,1.0
bDtL,0,1,1,0.0
bDts,0,1,1,0.0
bHBB,1,3,4,0.25
bHBK,0,0,0,
bHBL,0,5,5,0.0
bHBM,0,2,2,0.0
bHBN,2,2,4,0.5
bHBP,3,3,6,0.5
bHBS,1,2,3,0.33
bHBb,0,1,1,0.0
bHBm,0,1,1,0.0
bHBn,1,7,8,0.12
bHBs,0,1,1,0.0
bHBt,0,1,1,0.0
bHDM,1,0,1,1.0
bHDN,0,0,0,
bHDP,1,1,2,0.5
bHDb,1,0,1,1.0
bHDl,4,0,4,1.0
bHDm,1,1,2,0.5
bHDn,1,0,1,1.0
bHDs,1,0,1,1.0
bHHD,1,0,1,1.0
bHHH,1,0,1,1.0
bHHM,0,1,1,0.0
bHHN,0,1,1,0.0
bHHS,0,2,2,0.0
bHHb,0,1,1,0.0
bHHm,0,0,0,
bHHn,0,0,0,
bHIB,0,1,1,0.0
bHIL,0,1,1,0.0
bHIM,0,1,1,0.0
bHIS,0,1,1,0.0
bHIm,0,1,1,0.0
bHIn,0,2,2,0.0
bHIs,1,0,1,1.0
bHKM,0,1,1,0.0
bHKP,1,0,1,1.0
bHKb,1,1,2,0.5
bHKh,0,1,1,0.0
bHKm,0,1,1,0.0
bHLB,1,2,3,0.33
bHLD,0,3,3,0.0
bHLL,0,0,0,
bHLM,0,2,2,0.0
bHLN,1,1,2,0.5
bHLP,1,1,2,0.5
bHLS,0,1,1,0.0
bHLb,1,0,1,1.0
bHLh,1,1,2,0.5
bHLn,1,1,2,0.5
bHMB,3,1,4,0.75
bHML,2,0,2,1.0
bHMM,2,3,5,0.4
bHMN,4,2,6,0.67
bHMP,3,3,6,0.5
bHMS,3,3,6,0.5
bHMb,3,3,6,0.5
bHMh,4,2,6,0.67
bHMj,1,1,2,0.5
bHMl,1,0,1,1.0
bHMm,5,2,7,0.71
bHMn,5,1,6,0.83
bHMs,1,3,4,0.25
bHNB,2,2,4,0.5
bHNK,0,1,1,0.0
bHNL,1,0,1,1.0
bHNM,3,2,5,0.6
bHNN,1,5,6,0.17
bHNP,4,1,5,0.8
bHNS,1,5,6,0.17
bHNb,3,4,7,0.43
bHNl,1,0,1,1.0
bHNm,1,2,3,0.33
bHNn,1,4,5,0.2
bHNs,2,0,2,1.0
bHNt,0,1,1,0.0
bHPB,2,3,5,0.4
bHPD,2,0,2,1.0
bHPH,1,1,2,0.5
bHPL,2,2,4,0.5
bHPM,1,4,5,0.2
bHPN,5,5,10,0.5
bHPP,9,4,13,0.69
bHPS,2,2,4,0.5
bHPb,1,0,1,1.0
bHPh,0,1,1,0.0
bHPl,0,1,1,0.0
bHPm,4,3,7,0.57
bHPn,3,3,6,0.5
bHPs,5,2,7,0.71
bHSB,0,0,0,
bHSD,1,1,2,0.5
bHSH,0,0,0,
bHSL,1,0,1,1.0
bHSM,4,0,4,1.0
bHSN,3,0,3,1.0
bHSP,2,1,3,0.67
bHSS,0,5,5,0.0
bHSb,2,1,3,0.67
bHSh,1,0,1,1.0
bHSl,1,0,1,1.0
bHSm,3,2,5,0.6
bHSn,1,2,3,0.33
bHSs,3,2,5,0.6
bHbB,3,1,4,0.75
bHbD,1,2,3,0.33
bHbH,0,1,1,0.0
bHbK,0,0,0,
bHbL,0,1,1,0.0
bHbM,1,2,3,0.33
bHbN,1,3,4,0.25
bHbP,5,2,7,0.71
bHbS,3,1,4,0.75
bHbb,2,0,2,1.0
bHbm,1,3,4,0.25
bHbn,4,1,5,0.8
bHbs,1,1,2,0.5
bHhB,0,0,0,
bHhL,0,0,0,
bHhM,1,2,3,0.33
bHhN,1,1,2,0.5
bHhP,1,2,3,0.33
bHhS,0,2,2,0.0
bHhb,0,0,0,
bHhl,0,1,1,0.0
bHhm,1,3,4,0.25
bHhs,1,1,2,0.5
bHlB,1,0,1,1.0
bHlL,1,0,1,1.0
bHlM,1,0,1,1.0
bHlN,0,1,1,0.0
bHlP,0,0,0,
bHll,0,1,1,0.0
bHlm,0,2,2,0.0
bHls,0,1,1,0.0
bHmB,5,1,6,0.83
bHmH,0,2,2,0.0
bHmJ,1,0,1,1.0
bHmL,1,0,1,1.0
bHmM,0,1,1,0.0
bHmN,1,6,7,0.14
bHmP,8,1,9,0.89
bHmS,0,3,3,0.0
bHmb,7,2,9,0.78
bHml,1,2,3,0.33
bHmm,0,1,1,0.0
bHmn,1,3,4,0.25
bHms,1,1,2,0.5
bHnB,3,1,4,0.75
bHnD,1,1,2,0.5
bHnH,2,1,3,0.67
bHnK,1,0,1,1.0
bHnM,3,2,5,0.6
bHnN,6,7,13,0.46
bHnP,4,3,7,0.57
bHnS,3,2,5,0.6
bHnb,1,2,3,0.33
bHnh,0,1,1,0.0
bHnm,2,2,4,0.5
bHnn,4,2,6,0.67
bHns,1,3,4,0.25
bHsD,3,1,4,0.75
bHsH,1,1,2,0.5
bHsL,1,0,1,1.0
bHsM,0,1,1,0.0
bHsN,1,1,2,0.5
bHsP,3,2,5,0.6
bHsS,0,1,1,0.0
bHsb,1,1,2,0.5
bHsl,0,1,1,0.0
bHsm,0,1,1,0.0
bHsn,3,0,3,1.0
bHtP,1,1,2,0.5
bHtt,1,0,1,1.0
bIBB,1,0,1,1.0
bIBD,1,0,1,1.0
bIBL,0,1,1,0.0
bIBN,0,1,1,0.0
bIBP,0,2,2,0.0
bIBS,0,1,1,0.0
bIBb,1,0,1,1.0
bIBm,0,0,0,
bIBn,1,1,2,0.5
bIBs,0,0,0,
bIDB,0,1,1,0.0
bIDM,1,0,1,1.0
bIDN,0,0,0,
bIDb,1,0,1,1.0
bIDl,1,0,1,1.0
bIDm,1,0,1,1.0
bIDn,1,0,1,1.0
bIDs,1,1,2,0.5
bIHI,1,0,1,1.0
bIHL,1,0,1,1.0
bIHM,0,1,1,0.0
bIHN,3,0,3,1.0
bIHS,1,2,3,0.33
bIHb,1,1,2,0.5
bIHs,1,0,1,1.0
bIIP,0,0,0,
bILB,0,0,0,
bILL,1,0,1,1.0
bILM,0,1,1,0.0
bILl,0,1,1,0.0
bILm,1,1,2,0.5
bIMB,1,0,1,1.0
bIMD,0,1,1,0.0
bIMM,1,0,1,1.0
bIMN,1,0,1,1.0
bIMP,1,2,3,0.33
bIMS,2,1,3,0.67
bIMh,0,2,2,0.0
bIMm,1,1,2,0.5
bIMn,0,0,0,
bIMs,1,0,1,1.0
bINB,0,2,2,0.0
bINL,0,1,1,0.0
bINM,2,0,2,1.0
bINN,0,2,2,0.0
bINP,1,0,1,1.0
bINS,1,0,1,1.0
bINb,0,1,1,0.0
bINh,1,0,1,1.0
bINm,1,0,1,1.0
bINn,4,3,7,0.57
bIPB,2,1,3,0.67
bIPD,0,1,1,0.0
bIPK,1,0,1,1.0
bIPL,1,0,1,1.0
bIPM,1,1,2,0.5
bIPN,3,0,3,1.0
bIPP,1,1,2,0.5
bIPS,2,0,2,1.0
bIPb,0,2,2,0.0
bIPl,0,1,1,0.0
bIPm,1,2,3,0.33
bIPn,1,3,4,0.25
bIPs,2,0,2,1.0
bISD,0,1,1,0.0
bISM,1,2,3,0.33
bISP,1,2,3,0.33
bISb,0,2,2,0.0
bISh,0,1,1,0.0
bISl,1,0,1,1.0
bISm,2,0,2,1.0
bISn,1,0,1,1.0
bISs,1,2,3,0.33
bISt,0,1,1,0.0
bIbB,0,0,0,
bIbH,0,1,1,0.0
bIbL,1,0,1,1.0
bIbM,1,0,1,1.0
bIbN,2,2,4,0.5
bIbP,2,2,4,0.5
bIbb,2,0,2,1.0
bIbs,0,1,1,0.0
bIlK,0,1,1,0.0
bIlM,0,0,0,
bIlb,0,1,1,0.0
bIln,0,1,1,0.0
bImB,1,1,2,0.5
bImH,0,1,1,0.0
bImL,0,0,0,
bImM,1,1,2,0.5
bImN,1,0,1,1.0
bImP,0,3,3,0.0
bImb,3,0,3,1.0
bIml,1,1,2,0.5
bImm,0,2,2,0.0
bImn,1,0,1,1.0
bInB,0,2,2,0.0
bInH,1,0,1,1.0
bInL,1,1,2,0.5
bInM,1,1,2,0.5
bInN,1,0,1,1.0
bInP,1,2,3,0.33
bInb,0,1,1,0.0
bInm,0,1,1,0.0
bIns,1,0,1,1.0
bIsB,1,0,1,1.0
bIsN,1,0,1,1.0
bIsS,0,1,1,0.0
bIsl,0,1,1,0.0
bIsm,1,1,2,0.5
bIsn,1,1,2,0.5
bJBB,2,1,3,0.67
bJBD,0,0,0,
bJBL,0,2,2,0.0
bJBM,2,1,3,0.67
bJBN,2,3,5,0.4
bJBP,1,0,1,1.0
bJBS,1,0,1,1.0
bJBb,1,2,3,0.33
bJBh,0,1,1,0.0
bJBj,1,1,2,0.5
bJBl,3,0,3,1.0
bJBm,3,4,7,0.43
bJBn,4,2,6,0.67
bJBs,3,4,7,0.43
bJDB,0,1,1,0.0
bJDD,0,1,1,0.0
bJDH,3,0,3,1.0
bJDL,0,1,1,0.0
bJDN,1,1,2,0.5
bJDP,0,1,1,0.0
bJDS,2,0,2,1.0
bJHB,0,0,0,
bJHH,0,1,1,0.0
bJHK,1,0,1,1.0
bJHM,3,1,4,0.75
bJHN,2,2,4,0.5
bJHP,4,2,6,0.67
bJHS,1,1,2,0.5
bJHb,1,0,1,1.0
bJHh,1,0,1,1.0
bJHl,1,0,1,1.0
bJHm,2,0,2,1.0
bJHn,0,0,0,
bJHs,1,3,4,0.25
bJIB,1,0,1,1.0
bJID,2,0,2,1.0
bJIP,0,0,0,
bJKL,1,0,1,1.0
bJKN,1,0,1,1.0
bJKl,1,0,1,1.0
bJKn,0,1,1,0.0
bJLB,1,2,3,0.33
bJLM,1,1,2,0.5
bJLN,1,0,1,1.0
bJLS,0,1,1,0.0
bJLb,1,0,1,1.0
bJLl,0,0,0,
bJLm,0,1,1,0.0
bJLn,1,1,2,0.5
bJLs,2,1,3,0.67
bJMB,2,2,4,0.5
bJMD,0,1,1,0.0
bJML,1,0,1,1.0
bJMM,2,0,2,1.0
bJMN,1,3,4,0.25
bJMP,1,3,4,0.25
bJMS,2,2,4,0.5
bJMb,3,0,3,1.0
bJMh,2,2,4,0.5
bJMm,3,7,10,0.3
bJMn,2,4,6,0.33
bJMs,4,1,5,0.8
bJNB,2,3,5,0.4
bJND,0,1,1,0.0
bJNH,1,1,2,0.5
bJNK,1,0,1,1.0
bJNM,1,3,4,0.25
bJNN,1,2,3,0.33
bJNP,2,5,7,0.29
bJNS,0,1,1,0.0
bJNb,1,1,2,0.5
bJNh,1,1,2,0.5
bJNl,0,0,0,
bJNm,2,1,3,0.67
bJNn,1,1,2,0.5
bJNs,2,0,2,1.0
bJPB,1,4,5,0.2
bJPH,1,0,1,1.0
bJPK,1,0,1,1.0
bJPL,1,1,2,0.5
bJPM,3,5,8,0.38
bJPN,2,2,4,0.5
bJPP,4,1,5,0.8
bJPS,2,1,3,0.67
bJPb,5,2,7,0.71
bJPh,0,1,1,0.0
bJPl,0,2,2,0.0
bJPm,6,5,11,0.55
bJPn,2,3,5,0.4
bJPs,3,1,4,0.75
bJSB,1,2,3,0.33
bJSD,1,0,1,1.0
bJSH,0,2,2,0.0
bJSL,0,3,3,0.0
bJSM,2,1,3,0.67
bJSP,1,0,1,1.0
bJSS,2,0,2,1.0
bJSb,3,1,4,0.75
bJSh,1,2,3,0.33
bJSl,1,0,1,1.0
bJSm,3,1,4,0.75
bJSn,3,1,4,0.75
bJSs,1,1,2,0.5
bJSt,1,0,1,1.0
bJbB,0,2,2,0.0
bJbD,0,0,0,
bJbH,0,0,0,
bJbJ,1,0,1,1.0
bJbM,6,2,8,0.75
bJbN,3,1,4,0.75
bJbP,2,6,8,0.25
bJbS,1,1,2,0.5
bJbb,1,2,3,0.33
bJbl,1,1,2,0.5
bJbm,3,3,6,0.5
bJbn,1,1,2,0.5
bJbs,1,1,2,0.5
bJhP,0,1,1,0.0
bJhh,3,0,3,1.0
bJhm,0,1,1,0.0
bJhs,1,0,1,1.0
bJlB,0,2,2,0.0
bJlD,1,0,1,1.0
bJlL,0,1,1,0.0
bJlM,0,2,2,0.0
bJlN,1,1,2,0.5
bJlS,0,0,0,
bJlb,2,1,3,0.67
bJll,1,1,2,0.5
bJlm,2,0,2,1.0
bJln,0,1,1,0.0
bJls,1,1,2,0.5
bJmB,1,3,4,0.25
bJmD,1,1,2,0.5
bJmH,1,2,3,0.33
bJmJ,1,0,1,1.0
bJmL,1,1,2,0.5
bJmM,2,0,2,1.0
bJmN,2,3,5,0.4
bJmP,3,2,5,0.6
bJmS,0,2,2,0.0
bJmb,4,3,7,0.57
bJmm,5,4,9,0.56
bJmn,2,1,3,0.67
bJms,1,1,2,0.5
bJnB,2,2,4,0.5
bJnD,0,1,1,0.0
bJnH,2,1,3,0.67
bJnK,0,0,0,
bJnM,0,4,4,0.0
bJnN,3,4,7,0.43
bJnP,1,3,4,0.25
bJnS,2,0,2,1.0
bJnb,1,0,1,1.0
bJnl,1,1,2,0.5
bJnm,1,3,4,0.25
bJnn,0,2,2,0.0
bJns,1,2,3,0.33
bJsB,3,2,5,0.6
bJsD,0,1,1,0.0
bJsH,2,2,4,0.5
bJsL,1,0,1,1.0
bJsM,1,4,5,0.2
bJsN,2,0,2,1.0
bJsP,1,1,2,0.5
bJsS,0,0,0,
bJsb,0,1,1,0.0
bJsl,1,0,1,1.0
bJsm,4,0,4,1.0
bJsn,2,0,2,1.0
bJss,0,1,1,0.0
bJst,1,0,1,1.0
bJtB,0,0,0,
bJtb,0,1,1,0.0
bJtm,0,1,1,0.0
bKBB,1,1,2,0.5
bKBH,0,1,1,0.0
bKBM,2,1,3,0.67
bKBN,2,2,4,0.5
bKBP,3,4,7,0.43
bKBS,0,1,1,0.0
bKBb,1,0,1,1.0
bKBl,0,0,0,
bKBm,1,2,3,0.33
bKBn,0,2,2,0.0
bKBs,1,0,1,1.0
bKDB,0,1,1,0.0
bKDH,0,1,1,0.0
bKDK,0,0,0,
bKDL,0,0,0,
bKDN,1,0,1,1.0
bKDP,0,1,1,0.0
bKDb,0,1,1,0.0
bKDm,1,0,1,1.0
bKDt,1,0,1,1.0
bKHI,0,1,1,0.0
bKHN,1,0,1,1.0
bKHP,0,1,1,0.0
bKHS,0,1,1,0.0
bKHh,0,1,1,0.0
bKHm,2,0,2,1.0
bKHn,0,1,1,0.0
bKHs,1,0,1,1.0
bKIM,0,1,1,0.0
bKIP,1,0,1,1.0
bKIS,0,0,0,
bKIn,0,2,2,0.0
bKIs,1,0,1,1.0
bKLB,1,1,2,0.5
bKLN,2,1,3,0.67
bKLP,0,2,2,0.0
bKLS,0,0,0,
bKLb,1,0,1,1.0
bKMB,3,2,5,0.6
bKMD,0,1,1,0.0
bKML,0,2,2,0.0
bKMM,0,2,2,0.0
bKMN,1,6,7,0.14
bKMP,1,2,3,0.33
bKMS,1,1,2,0.5
bKMb,1,2,3,0.33
bKMh,0,1,1,0.0
bKMj,0,1,1,0.0
bKMl,2,1,3,0.67
bKMm,2,4,6,0.33
bKMn,0,3,3,0.0
bKMs,4,0,4,1.0
bKMt,0,1,1,0.0
bKNB,0,1,1,0.0
bKNH,2,0,2,1.0
bKNM,1,4,5,0.2
bKNN,1,2,3,0.33
bKNP,0,2,2,0.0
bKNS,2,1,3,0.67
bKNb,1,2,3,0.33
bKNl,1,0,1,1.0
bKNm,0,1,1,0.0
bKNn,1,1,2,0.5
bKNs,0,1,1,0.0
bKNt,0,0,0,
bKPB,2,3,5,0.4
bKPD,1,0,1,1.0
bKPL,1,0,1,1.0
bKPM,5,2,7,0.71
bKPN,1,3,4,0.25
bKPP,2,2,4,0.5
bKPS,0,4,4,0.0
bKPb,3,2,5,0.6
bKPh,0,0,0,
bKPl,0,1,1,0.0
bKPm,2,4,6,0.33
bKPn,4,3,7,0.57
bKPs,1,3,4,0.25
bKSB,0,1,1,0.0
bKSD,0,1,1,0.0
bKSH,1,0,1,1.0
bKSL,1,0,1,1.0
bKSM,1,0,1,1.0
bKSN,1,2,3,0.33
bKSS,0,2,2,0.0
bKSb,1,0,1,1.0
bKSh,0,2,2,0.0
bKSl,1,0,1,1.0
bKSm,1,2,3,0.33
bKSs,3,2,5,0.6
bKbB,2,0,2,1.0
bKbH,1,0,1,1.0
bKbM,2,2,4,0.5
bKbN,3,1,4,0.75
bKbP,4,1,5,0.8
bKbS,1,1,2,0.5
bKbb,3,1,4,0.75
bKbl,0,0,0,
bKbm,2,0,2,1.0
bKbn,2,2,4,0.5
bKbs,1,2,3,0.33
bKhB,2,0,2,1.0
bKhD,2,0,2,1.0
bKhH,0,2,2,0.0
bKhL,1,1,2,0.5
bKhM,0,1,1,0.0
bKhN,1,0,1,1.0
bKhP,1,3,4,0.25
bKhS,1,0,1,1.0
bKhb,0,0,0,
bKhh,3,0,3,1.0
bKhl,1,0,1,1.0
bKhm,3,5,8,0.38
bKhn,0,3,3,0.0
bKhs,0,2,2,0.0
bKlD,0,1,1,0.0
bKlK,0,1,1,0.0
bKlL,0,2,2,0.0
bKlM,2,1,3,0.67
bKlN,2,0,2,1.0
bKlP,1,0,1,1.0
bKlS,0,1,1,0.0
bKlh,0,1,1,0.0
bKlm,0,0,0,
bKmB,4,1,5,0.8
bKmD,1,0,1,1.0
bKmH,2,2,4,0.5
bKmL,1,0,1,1.0
bKmM,5,4,9,0.56
bKmN,1,3,4,0.25
bKmP,2,1,3,0.67
bKmS,3,0,3,1.0
bKmb,3,0,3,1.0
bKmm,8,3,11,0.73
bKmn,1,0,1,1.0
bKms,1,2,3,0.33
bKnB,0,1,1,0.0
bKnD,1,0,1,1.0
bKnK,0,1,1,0.0
bKnM,0,1,1,0.0
bKnN,1,0,1,1.0
bKnP,0,1,1,0.0
bKnS,0,0,0,
bKnb,1,1,2,0.5
bKnl,2,0,2,1.0
bKnm,0,1,1,0.0
bKnn,1,1,2,0.5
bKns,2,1,3,0.67
bKsB,2,0,2,1.0
bKsH,0,1,1,0.0
bKsL,0,1,1,0.0
bKsM,2,0,2,1.0
bKsN,0,2,2,0.0
bKsP,2,1,3,0.67
bKsS,2,1,3,0.67
bKsb,2,0,2,1.0
bKsm,1,1,2,0.5
bKsn,0,0,0,
bKss,2,0,2,1.0
bKtB,1,0,1,1.0
bLBB,6,2,8,0.75
bLBD,0,1,1,0.0
bLBH,1,0,1,1.0
bLBL,0,2,2,0.0
bLBM,1,6,7,0.14
bLBN,2,0,2,1.0
bLBP,3,2,5,0.6
bLBS,1,1,2,0.5
bLBb,1,1,2,0.5
bLBh,0,1,1,0.0
bLBj,0,1,1,0.0
bLBl,1,1,2,0.5
bLBm,2,1,3,0.67
bLBn,4,4,8,0.5
bLBs,0,3,3,0.0
bLBt,2,0,2,1.0
bLDB,2,0,2,1.0
bLDH,1,0,1,1.0
bLDL,0,2,2,0.0
bLDM,1,0,1,1.0
bLDb,0,1,1,0.0
bLHM,1,1,2,0.5
bLHS,1,0,1,1.0
bLHb,0,1,1,0.0
bLKM,0,1,1,0.0
bLKP,1,1,2,0.5
bLKb,0,0,0,
bLKl,0,1,1,0.0
bLKm,0,1,1,0.0
bLLB,1,0,1,1.0
bLLM,2,3,5,0.4
bLLN,1,0,1,1.0
bLLP,2,1,3,0.67
bLLb,3,0,3,1.0
bLLh,2,1,3,0.67
bLLj,1,0,1,1.0
bLLm,2,2,4,0.5
bLLn,2,1,3,0.67
bLLs,1,1,2,0.5
bLMB,5,4,9,0.56
bLMD,1,0,1,1.0
bLML,0,2,2,0.0
bLMM,4,4,8,0.5
bLMN,4,2,6,0.67
bLMP,4,3,7,0.57
bLMS,2,3,5,0.4
bLMb,1,3,4,0.25
bLMh,5,3,8,0.62
bLMm,6,4,10,0.6
bLMn,3,2,5,0.6
bLMs,2,3,5,0.4
bLNB,1,1,2,0.5
bLND,0,3,3,0.0
bLNH,1,1,2,0.5
bLNK,0,0,0,
bLNL,3,0,3,1.0
bLNM,2,7,9,0.22
bLNN,4,7,11,0.36
bLNP,5,3,8,0.62
bLNS,4,2,6,0.67
bLNb,2,1,3,0.67
bLNh,1,1,2,0.5
bLNl,2,1,3,0.67
bLNm,3,2,5,0.6
bLNn,4,5,9,0.44
bLNs,1,3,4,0.25
bLNt,0,1,1,0.0
bLPB,2,5,7,0.29
bLPD,0,0,0,
bLPH,1,3,4,0.25
bLPK,0,0,0,
bLPL,2,1,3,0.67
bLPM,2,11,13,0.15
bLPN,7,4,11,0.64
bLPP,6,4,10,0.6
bLPS,6,4,10,0.6
bLPb,1,4,5,0.2
bLPh,0,1,1,0.0
bLPl,5,2,7,0.71
bLPm,6,6,12,0.5
bLPn,8,8,16,0.5
bLPs,5,1,6,0.83
bLPt,1,0,1,1.0
bLSB,2,2,4,0.5
bLSD,0,1,1,0.0
bLSH,0,2,2,0.0
bLSL,1,2,3,0.33
bLSM,1,2,3,0.33
bLSN,2,1,3,0.67
bLSP,2,2,4,0.5
bLSS,3,1,4,0.75
bLSb,3,1,4,0.75
bLSh,2,1,3,0.67
bLSm,3,0,3,1.0
bLSn,3,1,4,0.75
bLSs,2,2,4,0.5
bLbB,4,5,9,0.44
bLbD,1,0,1,1.0
bLbH,0,1,1,0.0
bLbI,0,0,0,
bLbJ,1,1,2,0.5
bLbK,0,0,0,
bLbL,1,3,4,0.25
bLbM,5,5,10,0.5
bLbN,4,0,4,1.0
bLbP,4,4,8,0.5
bLbS,4,0,4,1.0
bLbb,5,4,9,0.56
bLbm,2,2,4,0.5
bLbn,10,4,14,0.71
bLbs,0,0,0,
bLhB,0,0,0,
bLhH,0,1,1,0.0
bLhL,1,0,1,1.0
bLhM,1,4,5,0.2
bLhN,0,1,1,0.0
bLhP,3,1,4,0.75
bLhS,1,0,1,1.0
bLhb,2,2,4,0.5
bLhh,0,2,2,0.0
bLhl,0,1,1,0.0
bLhm,3,0,3,1.0
bLhn,3,0,3,1.0
bLhs,2,1,3,0.67
bLjB,1,1,2,0.5
bLjL,1,0,1,1.0
bLjM,1,1,2,0.5
bLjP,1,0,1,1.0
bLjl,1,0,1,1.0
bLjm,3,1,4,0.75
bLjs,0,0,0,
bLlB,1,0,1,1.0
bLlH,3,0,3,1.0
bLlM,0,0,0,
bLlN,3,0,3,1.0
bLlP,3,0,3,1.0
bLlS,1,0,1,1.0
bLlb,0,1,1,0.0
bLlm,0,2,2,0.0
bLln,0,2,2,0.0
bLmB,2,1,3,0.67
bLmD,0,0,0,
bLmH,1,5,6,0.17
bLmJ,0,2,2,0.0
bLmL,1,1,2,0.5
bLmM,1,5,6,0.17
bLmN,2,0,2,1.0
bLmP,2,3,5,0.4
bLmS,4,1,5,0.8
bLmb,3,12,15,0.2
bLmm,1,6,7,0.14
bLmn,4,4,8,0.5
bLms,3,3,6,0.5
bLnB,3,5,8,0.38
bLnD,1,2,3,0.33
bLnH,4,1,5,0.8
bLnK,0,0,0,
bLnL,0,2,2,0.0
bLnM,5,5,10,0.5
bLnN,13,11,24,0.54
bLnP,8,4,12,0.67
bLnS,3,3,6,0.5
bLnb,1,2,3,0.33
bLnl,2,0,2,1.0
bLnm,3,4,7,0.43
bLnn,3,1,4,0.75
bLns,2,7,9,0.22
bLsB,0,3,3,0.0
bLsD,0,1,1,0.0
bLsH,2,3,5,0.4
bLsI,0,0,0,
bLsL,0,0,0,
bLsM,4,5,9,0.44
bLsN,2,5,7,0.29
bLsP,5,3,8,0.62
bLsS,2,5,7,0.29
bLsb,2,0,2,1.0
bLsl,1,2,3,0.33
bLsm,1,1,2,0.5
bLsn,3,0,3,1.0
bLss,1,0,1,1.0
bLtH,0,0,0,
bLtP,0,0,0,
bLtS,0,0,0,
bLtb,1,0,1,1.0
bLtn,0,1,1,0.0
bMBB,5,10,15,0.33
bMBD,1,4,5,0.2
bMBK,2,1,3,0.67
bMBL,3,2,5,0.6
bMBM,10,10,20,0.5
bMBN,8,10,18,0.44
bMBP,17,8,25,0.68
bMBS,5,10,15,0.33
bMBb,10,11,21,0.48
bMBh,1,0,1,1.0
bMBj,1,2,3,0.33
bMBl,4,3,7,0.57
bMBm,12,9,21,0.57
bMBn,18,9,27,0.67
bMBs,3,5,8,0.38
bMBt,0,0,0,
bMDB,1,2,3,0.33
bMDD,1,2,3,0.33
bMDH,2,2,4,0.5
bMDL,1,1,2,0.5
bMDM,5,4,9,0.56
bMDN,1,1,2,0.5
bMDP,6,1,7,0.86
bMDS,2,2,4,0.5
bMDb,3,2,5,0.6
bMDl,1,0,1,1.0
bMDm,6,3,9,0.67
bMDn,4,3,7,0.57
bMDs,3,4,7,0.43
bMDt,1,0,1,1.0
bMHM,1,0,1,1.0
bMHS,0,1,1,0.0
bMKN,0,1,1,0.0
bMLB,4,3,7,0.57
bMLD,1,0,1,1.0
bMLL,1,0,1,1.0
bMLM,0,3,3,0.0
bMLN,0,3,3,0.0
bMLP,4,4,8,0.5
bMLS,3,0,3,1.0
bMLb,2,1,3,0.67
bMLh,2,3,5,0.4
bMLj,0,1,1,0.0
bMLl,0,3,3,0.0
bMLm,4,2,6,0.67
bMLn,2,7,9,0.22
bMLs,2,0,2,1.0
bMLt,0,2,2,0.0
bMMB,7,15,22,0.32
bMMD,4,3,7,0.57
bMMK,0,1,1,0.0
bMML,2,2,4,0.5
bMMM,5,9,14,0.36
bMMN,14,17,31,0.45
bMMP,14,18,32,0.44
bMMS,7,7,14,0.5
bMMb,7,11,18,0.39
bMMh,5,8,13,0.38
bMMl,3,0,3,1.0
bMMm,8,15,23,0.35
bMMn,15,11,26,0.58
bMMs,7,5,12,0.58
bMMt,1,0,1,1.0
bMNB,10,7,17,0.59
bMND,6,3,9,0.67
bMNH,0,2,2,0.0
bMNK,1,2,3,0.33
bMNL,2,3,5,0.4
bMNM,7,9,16,0.44
bMNN,14,24,38,0.37
bMNP,12,13,25,0.48
bMNS,7,12,19,0.37
bMNb,12,13,25,0.48
bMNh,3,4,7,0.43
bMNl,1,3,4,0.25
bMNm,16,8,24,0.67
bMNn,10,11,21,0.48
bMNs,5,8,13,0.38
bMNt,1,0,1,1.0
bMPB,10,7,17,0.59
bMPD,3,4,7,0.43
bMPH,9,5,14,0.64
bMPI,0,0,0,
bMPK,4,2,6,0.67
bMPL,6,3,9,0.67
bMPM,15,11,26,0.58
bMPN,18,17,35,0.51
bMPP,20,14,34,0.59
bMPS,14,9,23,0.61
bMPb,11,12,23,0.48
bMPh,2,1,3,0.67
bMPl,2,6,8,0.25
bMPm,23,14,37,0.62
bMPn,12,15,27,0.44
bMPs,3,5,8,0.38
bMPt,1,2,3,0.33
bMSB,6,3,9,0.67
bMSD,2,1,3,0.67
bMSH,0,2,2,0.0
bMSL,3,3,6,0.5
bMSM,7,6,13,0.54
bMSN,8,11,19,0.42
bMSP,8,6,14,0.57
bMSS,5,12,17,0.29
bMSb,3,2,5,0.6
bMSh,3,2,5,0.6
bMSl,2,1,3,0.67
bMSm,9,5,14,0.64
bMSn,9,6,15,0.6
bMSs,3,8,11,0.27
bMSt,1,0,1,1.0
bMbB,11,9,20,0.55
bMbD,3,1,4,0.75
bMbH,3,1,4,0.75
bMbI,0,1,1,0.0
bMbJ,3,1,4,0.75
bMbK,2,2,4,0.5
bMbL,2,2,4,0.5
bMbM,15,12,27,0.56
bMbN,12,10,22,0.55
bMbP,13,6,19,0.68
bMbS,6,4,10,0.6
bMbb,7,4,11,0.64
bMbh,0,1,1,0.0
bMbl,1,6,7,0.14
bMbm,9,6,15,0.6
bMbn,10,7,17,0.59
bMbs,4,8,12,0.33
bMhB,8,9,17,0.47
bMhD,3,0,3,1.0
bMhH,4,1,5,0.8
bMhI,0,1,1,0.0
bMhL,2,2,4,0.5
bMhM,8,11,19,0.42
bMhN,6,4,10,0.6
bMhP,9,4,13,0.69
bMhS,14,4,18,0.78
bMhb,6,5,11,0.55
bMhh,7,9,16,0.44
bMhl,4,4,8,0.5
bMhm,8,13,21,0.38
bMhn,14,5,19,0.74
bMhs,8,6,14,0.57
bMht,0,1,1,0.0
bMjB,1,0,1,1.0
bMjL,2,0,2,1.0
bMjM,3,2,5,0.6
bMjN,0,1,1,0.0
bMjP,0,1,1,0.0
bMjl,1,0,1,1.0
bMjm,0,4,4,0.0
bMjn,1,1,2,0.5
bMjs,2,0,2,1.0
bMlB,2,4,6,0.33
bMlD,0,1,1,0.0
bMlH,4,1,5,0.8
bMlJ,0,0,0,
bMlL,1,3,4,0.25
bMlM,2,4,6,0.33
bMlN,4,5,9,0.44
bMlP,1,1,2,0.5
bMlS,0,5,5,0.0
bMlb,1,1,2,0.5
bMll,0,1,1,0.0
bMlm,4,4,8,0.5
bMln,3,4,7,0.43
bMls,0,3,3,0.0
bMmB,9,8,17,0.53
bMmD,5,9,14,0.36
bMmH,15,13,28,0.54
bMmI,2,1,3,0.67
bMmJ,3,2,5,0.6
bMmK,0,1,1,0.0
bMmL,8,6,14,0.57
bMmM,16,21,37,0.43
bMmN,14,23,37,0.38
bMmP,8,16,24,0.33
bMmS,13,8,21,0.62
bMmb,9,9,18,0.5
bMml,3,4,7,0.43
bMmm,11,11,22,0.5
bMmn,24,11,35,0.69
bMms,4,7,11,0.36
bMnB,10,10,20,0.5
bMnD,1,3,4,0.25
bMnH,12,7,19,0.63
bMnI,2,1,3,0.67
bMnK,3,0,3,1.0
bMnL,5,3,8,0.62
bMnM,13,15,28,0.46
bMnN,26,25,51,0.51
bMnP,17,28,45,0.38
bMnS,11,18,29,0.38
bMnb,15,4,19,0.79
bMnh,1,0,1,1.0
bMnl,3,1,4,0.75
bMnm,10,11,21,0.48
bMnn,16,13,29,0.55
bMns,12,9,21,0.57
bMsB,3,1,4,0.75
bMsD,1,3,4,0.25
bMsH,11,3,14,0.79
bMsL,4,0,4,1.0
bMsM,4,4,8,0.5
bMsN,8,11,19,0.42
bMsP,7,3,10,0.7
bMsS,6,9,15,0.4
bMsb,3,2,5,0.6
bMsl,2,0,2,1.0
bMsm,2,4,6,0.33
bMsn,6,6,12,0.5
bMss,8,6,14,0.57
bMtD,0,1,1,0.0
bMtH,0,1,1,0.0
bMtM,0,0,0,
bMtN,3,1,4,0.75
bMtP,2,1,3,0.67
bMtS,0,0,0,
bMtb,1,0,1,1.0
bMtm,2,1,3,0.67
bMts,0,1,1,0.0
bNBB,13,9,22,0.59
bNBD,1,2,3,0.33
bNBI,0,1,1,0.0
bNBK,2,0,2,1.0
bNBL,2,4,6,0.33
bNBM,10,10,20,0.5
bNBN,15,16,31,0.48
bNBP,14,20,34,0.41
bNBS,5,2,7,0.71
bNBb,11,10,21,0.52
bNBh,1,0,1,1.0
bNBj,3,1,4,0.75
bNBl,2,2,4,0.5
bNBm,7,15,22,0.32
bNBn,14,12,26,0.54
bNBs,5,5,10,0.5
bNBt,0,2,2,0.0
bNDB,1,0,1,1.0
bNDH,1,3,4,0.25
bNDI,0,1,1,0.0
bNDL,0,1,1,0.0
bNDM,4,2,6,0.67
bNDN,2,2,4,0.5
bNDP,4,4,8,0.5
bNDS,2,2,4,0.5
bNDb,6,0,6,1.0
bNDm,4,2,6,0.67
bNDn,6,2,8,0.75
bNDs,1,3,4,0.25
bNDt,0,1,1,0.0
bNHB,1,1,2,0.5
bNHD,0,0,0,
bNHK,1,0,1,1.0
bNHL,0,1,1,0.0
bNHM,2,5,7,0.29
bNHN,1,2,3,0.33
bNHP,2,1,3,0.67
bNHS,1,0,1,1.0
bNHb,1,0,1,1.0
bNHh,1,1,2,0.5
bNHl,1,2,3,0.33
bNHm,4,3,7,0.57
bNHn,1,2,3,0.33
bNHs,0,4,4,0.0
bNIB,0,1,1,0.0
bNKB,0,0,0,
bNKH,0,1,1,0.0
bNKI,1,0,1,1.0
bNKM,1,1,2,0.5
bNKN,2,1,3,0.67
bNKP,3,1,4,0.75
bNKS,1,0,1,1.0
bNKb,3,1,4,0.75
bNKh,2,0,2,1.0
bNKl,1,0,1,1.0
bNKm,2,0,2,1.0
bNKn,2,3,5,0.4
bNLB,6,3,9,0.67
bNLD,0,1,1,0.0
bNLL,0,0,0,
bNLM,1,4,5,0.2
bNLN,7,4,11,0.64
bNLP,8,5,13,0.62
bNLS,3,3,6,0.5
bNLb,7,2,9,0.78
bNLh,1,2,3,0.33
bNLl,0,0,0,
bNLm,1,3,4,0.25
bNLn,2,2,4,0.5
bNLs,3,2,5,0.6
bNLt,2,2,4,0.5
bNMB,7,10,17,0.41
bNMD,1,2,3,0.33
bNML,3,3,6,0.5
bNMM,8,14,22,0.36
bNMN,11,15,26,0.42
bNMP,13,15,28,0.46
bNMS,11,16,27,0.41
bNMb,5,10,15,0.33
bNMh,12,10,22,0.55
bNMj,0,2,2,0.0
bNMl,3,4,7,0.43
bNMm,7,16,23,0.3
bNMn,21,12,33,0.64
bNMs,13,11,24,0.54
bNMt,1,1,2,0.5
bNNB,11,13,24,0.46
bNND,4,6,10,0.4
bNNH,2,2,4,0.5
bNNK,0,2,2,0.0
bNNL,5,5,10,0.5
bNNM,18,11,29,0.62
bNNN,29,32,61,0.48
bNNP,17,21,38,0.45
bNNS,13,11,24,0.54
bNNb,9,9,18,0.5
bNNh,4,5,9,0.44
bNNl,4,2,6,0.67
bNNm,18,12,30,0.6
bNNn,22,15,37,0.59
bNNs,10,10,20,0.5
bNNt,2,0,2,1.0
bNPB,16,14,30,0.53
bNPD,4,2,6,0.67
bNPH,9,2,11,0.82
bNPI,1,1,2,0.5
bNPK,0,3,3,0.0
bNPL,5,7,12,0.42
bNPM,17,17,34,0.5
bNPN,20,25,45,0.44
bNPP,26,26,52,0.5
bNPS,7,20,27,0.26
bNPb,10,19,29,0.34
bNPh,3,2,5,0.6
bNPl,4,7,11,0.36
bNPm,22,15,37,0.59
bNPn,17,16,33,0.52
bNPs,10,14,24,0.42
bNPt,1,2,3,0.33
bNSB,4,4,8,0.5
bNSD,3,1,4,0.75
bNSH,5,4,9,0.56
bNSK,0,0,0,
bNSL,3,4,7,0.43
bNSM,13,9,22,0.59
bNSN,7,11,18,0.39
bNSP,13,9,22,0.59
bNSS,8,11,19,0.42
bNSb,8,5,13,0.62
bNSh,2,9,11,0.18
bNSl,3,4,7,0.43
bNSm,12,11,23,0.52
bNSn,10,8,18,0.56
bNSs,14,5,19,0.74
bNSt,2,0,2,1.0
bNbB,10,14,24,0.42
bNbD,2,2,4,0.5
bNbH,1,1,2,0.5
bNbI,2,0,2,1.0
bNbJ,2,3,5,0.4
bNbK,1,3,4,0.25
bNbL,3,4,7,0.43
bNbM,5,12,17,0.29
bNbN,22,20,42,0.52
bNbP,22,6,28,0.79
bNbS,6,6,12,0.5
bNbb,8,4,12,0.67
bNbl,1,2,3,0.33
bNbm,8,7,15,0.53
bNbn,12,15,27,0.44
bNbs,1,3,4,0.25
bNhB,2,3,5,0.4
bNhD,2,0,2,1.0
bNhI,0,0,0,
bNhL,1,2,3,0.33
bNhM,5,4,9,0.56
bNhN,2,6,8,0.25
bNhP,7,6,13,0.54
bNhS,2,4,6,0.33
bNhb,4,3,7,0.57
bNhh,5,4,9,0.56
bNhm,4,2,6,0.67
bNhn,6,4,10,0.6
bNhs,6,2,8,0.75
bNht,1,2,3,0.33
bNlB,3,2,5,0.6
bNlD,0,1,1,0.0
bNlH,3,3,6,0.5
bNlJ,1,0,1,1.0
bNlL,2,0,2,1.0
bNlM,5,6,11,0.45
bNlN,5,4,9,0.56
bNlP,4,2,6,0.67
bNlS,1,3,4,0.25
bNlb,5,6,11,0.45
bNlm,4,0,4,1.0
bNln,0,2,2,0.0
bNls,2,0,2,1.0
bNmB,12,10,22,0.55
bNmD,3,1,4,0.75
bNmH,12,9,21,0.57
bNmI,2,0,2,1.0
bNmJ,1,1,2,0.5
bNmL,7,4,11,0.64
bNmM,19,16,35,0.54
bNmN,24,20,44,0.55
bNmP,14,14,28,0.5
bNmS,7,10,17,0.41
bNmb,17,11,28,0.61
bNml,5,0,5,1.0
bNmm,8,3,11,0.73
bNmn,12,13,25,0.48
bNms,7,5,12,0.58
bNnB,8,10,18,0.44
bNnD,2,1,3,0.67
bNnH,10,13,23,0.43
bNnI,3,1,4,0.75
bNnK,3,1,4,0.75
bNnL,8,6,14,0.57
bNnM,7,17,24,0.29
bNnN,23,21,44,0.52
bNnP,34,27,61,0.56
bNnS,12,22,34,0.35
bNnb,10,10,20,0.5
bNnl,4,3,7,0.57
bNnm,17,12,29,0.59
bNnn,22,27,49,0.45
bNns,10,5,15,0.67
bNsB,6,7,13,0.46
bNsD,6,1,7,0.86
bNsH,4,8,12,0.33
bNsI,0,4,4,0.0
bNsL,2,3,5,0.4
bNsM,6,9,15,0.4
bNsN,11,3,14,0.79
bNsP,4,13,17,0.24
bNsS,7,14,21,0.33
bNsb,7,4,11,0.64
bNsl,2,2,4,0.5
bNsm,9,8,17,0.53
bNsn,9,9,18,0.5
bNss,8,9,17,0.47
bNst,0,1,1,0.0
bNtB,3,0,3,1.0
bNtK,1,0,1,1.0
bNtL,0,1,1,0.0
bNtM,2,3,5,0.4
bNtN,2,1,3,0.67
bNtP,2,2,4,0.5
bNtS,1,1,2,0.5
bNtb,1,2,3,0.33
bNtm,5,2,7,0.71
bNtn,1,1,2,0.5
bNts,4,0,4,1.0
bNtt,1,1,2,0.5
bPBB,13,10,23,0.57
bPBD,2,5,7,0.29
bPBK,1,1,2,0.5
bPBL,5,4,9,0.56
bPBM,8,17,25,0.32
bPBN,12,12,24,0.5
bPBP,20,12,32,0.62
bPBS,13,4,17,0.76
bPBb,11,11,22,0.5
bPBh,1,2,3,0.33
bPBj,1,2,3,0.33
bPBl,1,2,3,0.33
bPBm,15,10,25,0.6
bPBn,15,13,28,0.54
bPBs,3,3,6,0.5
bPDB,2,4,6,0.33
bPDD,0,2,2,0.0
bPDH,1,2,3,0.33
bPDL,2,0,2,1.0
bPDM,3,2,5,0.6
bPDN,4,1,5,0.8
bPDP,5,4,9,0.56
bPDS,5,2,7,0.71
bPDb,1,5,6,0.17
bPDl,0,2,2,0.0
bPDm,2,0,2,1.0
bPDn,1,2,3,0.33
bPDs,2,1,3,0.67
bPHB,3,1,4,0.75
bPHD,1,1,2,0.5
bPHH,1,0,1,1.0
bPHI,0,0,0,
bPHK,0,1,1,0.0
bPHL,4,2,6,0.67
bPHM,1,5,6,0.17
bPHN,3,2,5,0.6
bPHP,4,2,6,0.67
bPHS,1,1,2,0.5
bPHb,1,2,3,0.33
bPHh,1,3,4,0.25
bPHl,0,1,1,0.0
bPHm,7,7,14,0.5
bPHn,4,1,5,0.8
bPHs,3,0,3,1.0
bPID,1,0,1,1.0
bPIH,1,1,2,0.5
bPIL,1,0,1,1.0
bPIM,1,1,2,0.5
bPIN,0,2,2,0.0
bPIS,0,1,1,0.0
bPIb,0,1,1,0.0
bPIm,1,1,2,0.5
bPIn,1,0,1,1.0
bPKB,1,1,2,0.5
bPKD,2,1,3,0.67
bPKH,0,0,0,
bPKL,1,0,1,1.0
bPKM,1,3,4,0.25
bPKN,4,0,4,1.0
bPKP,1,1,2,0.5
bPKS,0,1,1,0.0
bPKb,1,0,1,1.0
bPKh,2,1,3,0.67
bPKl,2,0,2,1.0
bPKm,0,0,0,
bPKn,1,2,3,0.33
bPKs,1,1,2,0.5
bPLB,5,4,9,0.56
bPLD,1,0,1,1.0
bPLL,3,4,7,0.43
bPLM,3,4,7,0.43
bPLN,6,3,9,0.67
bPLP,6,13,19,0.32
bPLS,6,1,7,0.86
bPLb,6,6,12,0.5
bPLh,2,5,7,0.29
bPLj,0,0,0,
bPLl,4,4,8,0.5
bPLm,7,3,10,0.7
bPLn,5,7,12,0.42
bPLs,4,3,7,0.57
bPLt,1,2,3,0.33
bPMB,12,14,26,0.46
bPMD,11,5,16,0.69
bPMK,0,1,1,0.0
bPML,11,6,17,0.65
bPMM,15,17,32,0.47
bPMN,10,14,24,0.42
bPMP,16,18,34,0.47
bPMS,10,15,25,0.4
bPMb,10,22,32,0.31
bPMh,11,18,29,0.38
bPMl,8,3,11,0.73
bPMm,24,20,44,0.55
bPMn,20,18,38,0.53
bPMs,15,15,30,0.5
bPMt,0,4,4,0.0
bPNB,9,10,19,0.47
bPND,4,1,5,0.8
bPNH,4,5,9,0.44
bPNK,2,0,2,1.0
bPNL,6,9,15,0.4
bPNM,7,19,26,0.27
bPNN,13,16,29,0.45
bPNP,20,19,39,0.51
bPNS,7,8,15,0.47
bPNb,12,12,24,0.5
bPNh,4,5,9,0.44
bPNl,5,3,8,0.62
bPNm,10,9,19,0.53
bPNn,21,19,40,0.52
bPNs,9,10,19,0.47
bPNt,1,3,4,0.25
bPPB,12,20,32,0.38
bPPD,3,2,5,0.6
bPPH,5,10,15,0.33
bPPI,4,1,5,0.8
bPPK,0,4,4,0.0
bPPL,8,14,22,0.36
bPPM,22,20,42,0.52
bPPN,9,25,34,0.26
bPPP,20,19,39,0.51
bPPS,15,13,28,0.54
bPPb,22,10,32,0.69
bPPh,0,4,4,0.0
bPPl,11,9,20,0.55
bPPm,22,21,43,0.51
bPPn,12,12,24,0.5
bPPs,13,10,23,0.57
bPPt,1,2,3,0.33
bPSB,3,6,9,0.33
bPSD,1,5,6,0.17
bPSH,1,1,2,0.5
bPSI,0,1,1,0.0
bPSL,2,5,7,0.29
bPSM,8,7,15,0.53
bPSN,7,8,15,0.47
bPSP,12,10,22,0.55
bPSS,7,9,16,0.44
bPSb,10,4,14,0.71
bPSh,5,8,13,0.38
bPSl,3,5,8,0.38
bPSm,9,12,21,0.43
bPSn,9,5,14,0.64
bPSs,8,7,15,0.53
bPSt,3,0,3,1.0
bPbB,9,9,18,0.5
bPbD,2,2,4,0.5
bPbH,2,4,6,0.33
bPbI,1,1,2,0.5
bPbJ,1,1,2,0.5
bPbK,0,1,1,0.0
bPbL,2,7,9,0.22
bPbM,8,14,22,0.36
bPbN,16,12,28,0.57
bPbP,14,16,30,0.47
bPbS,6,4,10,0.6
bPbb,20,10,30,0.67
bPbl,3,0,3,1.0
bPbm,11,12,23,0.48
bPbn,9,8,17,0.53
bPbs,10,5,15,0.67
bPhB,0,3,3,0.0
bPhD,0,0,0,
bPhL,2,2,4,0.5
bPhM,2,2,4,0.5
bPhN,1,1,2,0.5
bPhP,4,6,10,0.4
bPhS,1,2,3,0.33
bPhb,0,2,2,0.0
bPhh,1,1,2,0.5
bPhl,3,2,5,0.6
bPhm,3,2,5,0.6
bPhn,0,0,0,
bPhs,0,2,2,0.0
bPlB,8,3,11,0.73
bPlD,1,0,1,1.0
bPlH,5,1,6,0.83
bPlJ,1,1,2,0.5
bPlL,1,3,4,0.25
bPlM,5,5,10,0.5
bPlN,3,3,6,0.5
bPlP,4,3,7,0.57
bPlS,5,3,8,0.62
bPlb,0,5,5,0.0
bPlm,2,2,4,0.5
bPln,6,4,10,0.6
bPls,3,0,3,1.0
bPmB,21,13,34,0.62
bPmD,5,4,9,0.56
bPmH,10,14,24,0.42
bPmI,1,1,2,0.5
bPmJ,1,3,4,0.25
bPmL,3,4,7,0.43
bPmM,16,14,30,0.53
bPmN,14,10,24,0.58
bPmP,21,20,41,0.51
bPmS,11,10,21,0.52
bPmb,20,12,32,0.62
bPmh,0,0,0,
bPml,4,4,8,0.5
bPmm,12,16,28,0.43
bPmn,12,5,17,0.71
bPms,8,5,13,0.62
bPnB,10,9,19,0.53
bPnD,1,4,5,0.2
bPnH,7,8,15,0.47
bPnI,3,1,4,0.75
bPnK,1,2,3,0.33
bPnL,7,5,12,0.58
bPnM,16,12,28,0.57
bPnN,11,11,22,0.5
bPnP,21,16,37,0.57
bPnS,11,9,20,0.55
bPnb,4,11,15,0.27
bPnh,2,0,2,1.0
bPnl,5,3,8,0.62
bPnm,9,7,16,0.56
bPnn,19,11,30,0.63
bPns,7,10,17,0.41
bPsB,8,3,11,0.73
bPsD,1,3,4,0.25
bPsH,6,6,12,0.5
bPsK,1,0,1,1.0
bPsL,1,1,2,0.5
bPsM,6,8,14,0.43
bPsN,6,4,10,0.6
bPsP,6,10,16,0.38
bPsS,10,7,17,0.59
bPsb,12,4,16,0.75
bPsh,0,0,0,
bPsl,4,3,7,0.57
bPsm,8,7,15,0.53
bPsn,7,7,14,0.5
bPss,9,3,12,0.75
bPtB,1,1,2,0.5
bPtD,0,1,1,0.0
bPtI,1,0,1,1.0
bPtM,1,5,6,0.17
bPtN,2,2,4,0.5
bPtP,0,3,3,0.0
bPtS,0,1,1,0.0
bPtb,1,2,3,0.33
bPtm,5,0,5,1.0
bPtn,0,0,0,
bPts,0,1,1,0.0
bSBB,2,6,8,0.25
bSBD,1,0,1,1.0
bSBK,2,0,2,1.0
bSBL,1,0,1,1.0
bSBM,4,3,7,0.57
bSBN,4,3,7,0.57
bSBP,7,6,13,0.54
bSBS,2,2,4,0.5
bSBb,1,2,3,0.33
bSBh,1,0,1,1.0
bSBl,2,0,2,1.0
bSBm,3,4,7,0.43
bSBn,5,6,11,0.45
bSBs,3,1,4,0.75
bSBt,0,1,1,0.0
bSDB,0,1,1,0.0
bSDD,3,2,5,0.6
bSDH,4,0,4,1.0
bSDI,0,0,0,
bSDL,2,1,3,0.67
bSDM,0,2,2,0.0
bSDN,0,2,2,0.0
bSDP,1,0,1,1.0
bSDS,0,3,3,0.0
bSDb,3,0,3,1.0
bSDl,0,1,1,0.0
bSDm,4,3,7,0.57
bSDt,1,0,1,1.0
bSHB,0,1,1,0.0
bSHD,0,1,1,0.0
bSHH,4,0,4,1.0
bSHK,0,1,1,0.0
bSHM,0,3,3,0.0
bSHN,2,4,6,0.33
bSHP,2,3,5,0.4
bSHS,2,2,4,0.5
bSHb,2,1,3,0.67
bSHh,1,1,2,0.5
bSHl,1,1,2,0.5
bSHm,3,3,6,0.5
bSHn,1,1,2,0.5
bSHs,2,1,3,0.67
bSIH,1,0,1,1.0
bSIm,1,0,1,1.0
bSKS,2,0,2,1.0
bSKh,0,0,0,
bSLB,2,0,2,1.0
bSLD,1,1,2,0.5
bSLL,0,2,2,0.0
bSLM,3,3,6,0.5
bSLN,2,0,2,1.0
bSLP,3,1,4,0.75
bSLS,3,2,5,0.6
bSLb,1,1,2,0.5
bSLh,3,2,5,0.6
bSLj,1,1,2,0.5
bSLm,1,2,3,0.33
bSLn,1,2,3,0.33
bSLs,1,3,4,0.25
bSLt,1,0,1,1.0
bSMB,2,8,10,0.2
bSMD,4,2,6,0.67
bSML,0,1,1,0.0
bSMM,4,8,12,0.33
bSMN,5,8,13,0.38
bSMP,6,5,11,0.55
bSMS,8,4,12,0.67
bSMb,10,3,13,0.77
bSMh,3,10,13,0.23
bSMj,1,0,1,1.0
bSMl,1,2,3,0.33
bSMm,8,7,15,0.53
bSMn,6,7,13,0.46
bSMs,3,3,6,0.5
bSNB,6,4,10,0.6
bSND,1,2,3,0.33
bSNH,0,2,2,0.0
bSNL,1,1,2,0.5
bSNM,3,6,9,0.33
bSNN,6,10,16,0.38
bSNP,16,8,24,0.67
bSNS,7,8,15,0.47
bSNb,3,1,4,0.75
bSNh,0,3,3,0.0
bSNl,1,2,3,0.33
bSNm,6,5,11,0.55
bSNn,4,2,6,0.67
bSNs,7,3,10,0.7
bSPB,4,7,11,0.36
bSPD,4,2,6,0.67
bSPH,0,2,2,0.0
bSPI,1,0,1,1.0
bSPK,4,2,6,0.67
bSPL,3,6,9,0.33
bSPM,3,5,8,0.38
bSPN,8,7,15,0.53
bSPP,8,9,17,0.47
bSPS,8,4,12,0.67
bSPb,7,4,11,0.64
bSPh,0,2,2,0.0
bSPl,2,0,2,1.0
bSPm,7,5,12,0.58
bSPn,5,6,11,0.45
bSPs,4,4,8,0.5
bSSB,3,3,6,0.5
bSSD,2,3,5,0.4
bSSH,3,1,4,0.75
bSSI,1,0,1,1.0
bSSL,2,5,7,0.29
bSSM,2,5,7,0.29
bSSN,4,2,6,0.67
bSSP,4,5,9,0.44
bSSS,10,7,17,0.59
bSSb,4,3,7,0.57
bSSh,2,2,4,0.5
bSSl,0,2,2,0.0
bSSm,2,1,3,0.67
bSSn,6,8,14,0.43
bSSs,4,9,13,0.31
bSSt,0,0,0,
bSbB,4,1,5,0.8
bSbH,1,2,3,0.33
bSbK,0,1,1,0.0
bSbL,2,1,3,0.67
bSbM,6,4,10,0.6
bSbN,4,3,7,0.57
bSbP,5,7,12,0.42
bSbS,6,2,8,0.75
bSbb,3,3,6,0.5
bSbl,1,1,2,0.5
bSbm,3,0,3,1.0
bSbn,4,2,6,0.67
bSbs,3,5,8,0.38
bShB,2,0,2,1.0
bShH,0,2,2,0.0
bShI,1,0,1,1.0
bShL,2,0,2,1.0
bShM,3,5,8,0.38
bShN,5,2,7,0.71
bShP,0,6,6,0.0
bShS,7,4,11,0.64
bShb,0,3,3,0.0
bShh,4,3,7,0.57
bShl,0,2,2,0.0
bShm,1,1,2,0.5
bShn,1,4,5,0.2
bShs,3,2,5,0.6
bSlB,2,2,4,0.5
bSlD,3,0,3,1.0
bSlH,1,2,3,0.33
bSlM,2,1,3,0.67
bSlN,1,2,3,0.33
bSlP,2,1,3,0.67
bSlb,0,6,6,0.0
bSll,1,0,1,1.0
bSlm,2,2,4,0.5
bSln,3,2,5,0.6
bSls,0,0,0,
bSmB,5,3,8,0.62
bSmD,1,3,4,0.25
bSmH,7,7,14,0.5
bSmJ,1,2,3,0.33
bSmL,3,2,5,0.6
bSmM,4,5,9,0.44
bSmN,3,11,14,0.21
bSmP,3,4,7,0.43
bSmS,5,4,9,0.56
bSmb,7,2,9,0.78
bSml,2,3,5,0.4
bSmm,10,5,15,0.67
bSmn,5,2,7,0.71
bSms,2,4,6,0.33
bSnB,1,5,6,0.17
bSnD,2,0,2,1.0
bSnH,1,2,3,0.33
bSnI,1,1,2,0.5
bSnK,0,2,2,0.0
bSnL,0,2,2,0.0
bSnM,13,6,19,0.68
bSnN,13,11,24,0.54
bSnP,7,6,13,0.54
bSnS,1,6,7,0.14
bSnb,7,1,8,0.88
bSnh,0,1,1,0.0
bSnl,2,3,5,0.4
bSnm,6,6,12,0.5
bSnn,6,6,12,0.5
bSns,4,3,7,0.57
bSsB,5,5,10,0.5
bSsD,0,0,0,
bSsH,8,1,9,0.89
bSsL,3,0,3,1.0
bSsM,1,7,8,0.12
bSsN,5,4,9,0.56
bSsP,2,4,6,0.33
bSsS,3,8,11,0.27
bSsb,5,7,12,0.42
bSsl,1,2,3,0.33
bSsm,4,4,8,0.5
bSsn,8,7,15,0.53
bSss,2,4,6,0.33
bStH,1,1,2,0.5
bStM,0,1,1,0.0
bStN,0,1,1,0.0
bStS,0,2,2,0.0
bStn,1,1,2,0.5
bSts,0,0,0,
bbBB,19,11,30,0.63
bbBD,5,2,7,0.71
bbBK,1,1,2,0.5
bbBL,3,3,6,0.5
bbBM,19,15,34,0.56
bbBN,15,22,37,0.41
bbBP,13,9,22,0.59
bbBS,9,7,16,0.56
bbBb,13,7,20,0.65
bbBh,0,1,1,0.0
bbBj,3,2,5,0.6
bbBl,2,4,6,0.33
bbBm,10,10,20,0.5
bbBn,12,12,24,0.5
bbBs,7,2,9,0.78
bbBt,2,0,2,1.0
bbDB,1,2,3,0.33
bbDD,0,0,0,
bbDH,2,3,5,0.4
bbDL,1,0,1,1.0
bbDM,1,1,2,0.5
bbDN,0,1,1,0.0
bbDP,1,2,3,0.33
bbDS,3,0,3,1.0
bbDb,2,1,3,0.67
bbDm,1,1,2,0.5
bbDn,0,1,1,0.0
bbDs,3,1,4,0.75
bbHB,2,0,2,1.0
bbHD,0,2,2,0.0
bbHH,1,0,1,1.0
bbHL,2,0,2,1.0
bbHM,1,4,5,0.2
bbHN,1,4,5,0.2
bbHP,1,2,3,0.33
bbHS,3,3,6,0.5
bbHb,1,2,3,0.33
bbHh,0,1,1,0.0
bbHl,1,0,1,1.0
bbHm,4,4,8,0.5
bbHn,1,3,4,0.25
bbHs,1,0,1,1.0
bbIH,1,1,2,0.5
bbIM,3,0,3,1.0
bbIN,1,1,2,0.5
bbIP,0,3,3,0.0
bbIS,0,0,0,
bbIb,1,0,1,1.0
bbIm,1,1,2,0.5
bbIs,1,0,1,1.0
bbJB,1,1,2,0.5
bbJD,0,0,0,
bbJL,0,1,1,0.0
bbJM,1,2,3,0.33
bbJN,0,1,1,0.0
bbJP,3,2,5,0.6
bbJS,3,1,4,0.75
bbJb,2,2,4,0.5
bbJm,2,2,4,0.5
bbJn,4,4,8,0.5
bbJs,0,1,1,0.0
bbKB,2,1,3,0.67
bbKI,0,1,1,0.0
bbKM,4,0,4,1.0
bbKN,1,1,2,0.5
bbKP,3,1,4,0.75
bbKS,0,0,0,
bbKb,3,3,6,0.5
bbKh,0,1,1,0.0
bbKl,1,0,1,1.0
bbKm,3,2,5,0.6
bbKn,0,4,4,0.0
bbKs,1,0,1,1.0
bbLB,2,3,5,0.4
bbLH,1,1,2,0.5
bbLL,2,1,3,0.67
bbLM,6,6,12,0.5
bbLN,3,4,7,0.43
bbLP,3,6,9,0.33
bbLS,5,4,9,0.56
bbLb,3,3,6,0.5
bbLh,0,3,3,0.0
bbLl,0,0,0,
bbLm,1,1,2,0.5
bbLn,9,4,13,0.69
bbLs,4,0,4,1.0
bbLt,0,0,0,
bbMB,9,10,19,0.47
bbMD,4,3,7,0.57
bbMH,1,0,1,1.0
bbML,3,2,5,0.6
bbMM,9,18,27,0.33
bbMN,10,12,22,0.45
bbMP,10,13,23,0.43
bbMS,4,6,10,0.4
bbMb,9,11,20,0.45
bbMh,7,10,17,0.41
bbMj,3,0,3,1.0
bbMl,4,2,6,0.67
bbMm,6,10,16,0.38
bbMn,21,12,33,0.64
bbMs,6,5,11,0.55
bbMt,0,1,1,0.0
bbNB,8,9,17,0.47
bbND,2,3,5,0.4
bbNH,0,2,2,0.0
bbNK,1,0,1,1.0
bbNL,4,1,5,0.8
bbNM,10,17,27,0.37
bbNN,25,14,39,0.64
bbNP,18,16,34,0.53
bbNS,10,6,16,0.62
bbNb,11,8,19,0.58
bbNh,5,5,10,0.5
bbNl,2,2,4,0.5
bbNm,13,5,18,0.72
bbNn,12,14,26,0.46
bbNs,6,10,16,0.38
bbPB,16,13,29,0.55
bbPD,2,2,4,0.5
bbPH,4,5,9,0.44
bbPI,2,0,2,1.0
bbPK,1,2,3,0.33
bbPL,4,5,9,0.44
bbPM,14,18,32,0.44
bbPN,16,15,31,0.52
bbPP,16,24,40,0.4
bbPS,8,5,13,0.62
bbPb,15,17,32,0.47
bbPh,2,0,2,1.0
bbPl,2,4,6,0.33
bbPm,12,15,27,0.44
bbPn,15,8,23,0.65
bbPs,11,11,22,0.5
bbPt,0,1,1,0.0
bbSB,4,2,6,0.67
bbSD,0,1,1,0.0
bbSH,1,4,5,0.2
bbSL,1,5,6,0.17
bbSM,4,9,13,0.31
bbSN,8,1,9,0.89
bbSP,5,4,9,0.56
bbSS,3,5,8,0.38
bbSb,4,3,7,0.57
bbSh,2,3,5,0.4
bbSl,1,1,2,0.5
bbSm,4,3,7,0.57
bbSn,9,7,16,0.56
bbSs,2,6,8,0.25
bbSt,1,1,2,0.5
bbbB,18,12,30,0.6
bbbD,2,3,5,0.4
bbbH,1,2,3,0.33
bbbI,0,1,1,0.0
bbbJ,0,3,3,0.0
bbbK,1,1,2,0.5
bbbL,3,4,7,0.43
bbbM,11,18,29,0.38
bbbN,16,16,32,0.5
bbbP,19,20,39,0.49
bbbS,8,10,18,0.44
bbbb,15,18,33,0.45
bbbl,4,1,5,0.8
bbbm,10,8,18,0.56
bbbn,9,10,19,0.47
bbbs,5,4,9,0.56
bbhM,0,1,1,0.0
bblB,2,0,2,1.0
bblH,1,2,3,0.33
bblI,1,0,1,1.0
bblL,0,2,2,0.0
bblM,5,2,7,0.71
bblN,3,4,7,0.43
bblP,4,2,6,0.67
bblS,1,2,3,0.33
bblb,4,7,11,0.36
bbll,1,0,1,1.0
bblm,4,2,6,0.67
bbln,2,1,3,0.67
bbls,0,1,1,0.0
bbmB,10,13,23,0.43
bbmD,3,4,7,0.43
bbmH,7,4,11,0.64
bbmI,1,0,1,1.0
bbmJ,0,1,1,0.0
bbmL,3,2,5,0.6
bbmM,8,12,20,0.4
bbmN,8,9,17,0.47
bbmP,14,14,28,0.5
bbmS,4,2,6,0.67
bbmb,13,9,22,0.59
bbml,4,4,8,0.5
bbmm,3,10,13,0.23
bbmn,13,6,19,0.68
bbms,3,2,5,0.6
bbnB,7,10,17,0.41
bbnD,0,4,4,0.0
bbnH,4,5,9,0.44
bbnI,0,1,1,0.0
bbnK,0,1,1,0.0
bbnL,3,1,4,0.75
bbnM,12,19,31,0.39
bbnN,11,23,34,0.32
bbnP,17,16,33,0.52
bbnS,4,7,11,0.36
bbnb,13,5,18,0.72
bbnh,0,1,1,0.0
bbnl,3,1,4,0.75
bbnm,12,4,16,0.75
bbnn,9,10,19,0.47
bbns,4,7,11,0.36
bbsB,5,4,9,0.56
bbsD,0,2,2,0.0
bbsH,1,5,6,0.17
bbsI,0,1,1,0.0
bbsL,1,1,2,0.5
bbsM,3,5,8,0.38
bbsN,5,5,10,0.5
bbsP,5,6,11,0.45
bbsS,4,4,8,0.5
bbsb,4,5,9,0.44
bbsl,0,1,1,0.0
bbsm,5,5,10,0.5
bbsn,7,4,11,0.64
bbss,1,0,1,1.0
bhBm,0,1,1,0.0
bhMm,1,0,1,1.0
bhNS,0,1,1,0.0
bhPM,1,0,1,1.0
bhSS,0,0,0,
bhbD,0,0,0,
bhbM,1,0,1,1.0
bhmH,0,1,1,0.0
bhmM,1,0,1,1.0
bhmP,0,1,1,0.0
bhmn,1,0,1,1.0
blBB,0,1,1,0.0
blBD,2,0,2,1.0
blBK,0,1,1,0.0
blBL,2,1,3,0.67
blBM,1,0,1,1.0
blBN,2,2,4,0.5
blBP,8,11,19,0.42
blBS,2,1,3,0.67
blBb,1,0,1,1.0
blBh,0,0,0,
blBj,0,2,2,0.0
blBl,1,1,2,0.5
blBm,4,0,4,1.0
blBn,2,0,2,1.0
blBs,2,1,3,0.67
blBt,0,0,0,
blDL,0,1,1,0.0
blDM,0,1,1,0.0
blDm,1,0,1,1.0
blDt,1,0,1,1.0
blHB,0,0,0,
blHM,0,2,2,0.0
blHN,4,0,4,1.0
blHP,0,2,2,0.0
blHS,0,2,2,0.0
blHb,0,1,1,0.0
blHh,1,0,1,1.0
blHl,1,0,1,1.0
blHm,1,1,2,0.5
blHn,0,0,0,
blHs,0,0,0,
blIB,0,1,1,0.0
blIM,1,0,1,1.0
blJB,2,0,2,1.0
blJD,0,0,0,
blJM,1,1,2,0.5
blJN,1,0,1,1.0
blJP,0,1,1,0.0
blJS,0,1,1,0.0
blJb,0,2,2,0.0
blJn,1,1,2,0.5
blKP,1,0,1,1.0
blKm,1,0,1,1.0
blLB,0,2,2,0.0
blLM,1,0,1,1.0
blLP,2,3,5,0.4
blLS,1,0,1,1.0
blLb,1,0,1,1.0
blLh,0,1,1,0.0
blLm,2,2,4,0.5
blLn,1,0,1,1.0
blLs,1,0,1,1.0
blMB,0,2,2,0.0
blMD,1,1,2,0.5
blML,0,0,0,
blMM,2,5,7,0.29
blMN,2,7,9,0.22
blMP,4,5,9,0.44
blMS,3,2,5,0.6
blMb,3,3,6,0.5
blMh,1,1,2,0.5
blMj,1,0,1,1.0
blMl,1,1,2,0.5
blMm,4,2,6,0.67
blMn,2,2,4,0.5
blMs,1,2,3,0.33
blNB,5,0,5,1.0
blNH,0,1,1,0.0
blNM,2,2,4,0.5
blNN,1,4,5,0.2
blNP,3,6,9,0.33
blNS,4,0,4,1.0
blNb,2,6,8,0.25
blNh,0,1,1,0.0
blNl,3,1,4,0.75
blNm,3,3,6,0.5
blNn,4,3,7,0.57
blNs,1,2,3,0.33
blPB,0,1,1,0.0
blPD,1,0,1,1.0
blPH,1,2,3,0.33
blPI,1,1,2,0.5
blPL,2,0,2,1.0
blPM,2,0,2,1.0
blPN,8,7,15,0.53
blPP,8,6,14,0.57
blPS,0,5,5,0.0
blPb,3,3,6,0.5
blPh,0,1,1,0.0
blPl,2,0,2,1.0
blPm,6,8,14,0.43
blPn,4,4,8,0.5
blPs,2,1,3,0.67
blPt,2,1,3,0.67
blSB,1,0,1,1.0
blSD,1,0,1,1.0
blSH,1,1,2,0.5
blSL,1,0,1,1.0
blSM,2,2,4,0.5
blSN,0,2,2,0.0
blSP,2,2,4,0.5
blSS,0,2,2,0.0
blSb,2,1,3,0.67
blSh,2,0,2,1.0
blSl,2,1,3,0.67
blSm,0,3,3,0.0
blSn,3,2,5,0.6
blSs,1,2,3,0.33
blbB,6,7,13,0.46
blbD,2,0,2,1.0
blbI,1,0,1,1.0
blbJ,1,1,2,0.5
blbK,1,0,1,1.0
blbL,1,0,1,1.0
blbM,1,2,3,0.33
blbN,2,6,8,0.25
blbP,4,3,7,0.57
blbS,1,2,3,0.33
blbb,6,5,11,0.55
blbl,2,2,4,0.5
blbm,1,2,3,0.33
blbn,6,5,11,0.55
blbs,2,1,3,0.67
blhs,0,0,0,
bllB,2,1,3,0.67
bllJ,1,0,1,1.0
bllL,1,3,4,0.25
bllM,1,2,3,0.33
bllP,2,2,4,0.5
bllb,2,1,3,0.67
bllm,1,0,1,1.0
blls,1,0,1,1.0
blmB,3,2,5,0.6
blmD,0,1,1,0.0
blmH,3,2,5,0.6
blmI,1,0,1,1.0
blmJ,0,1,1,0.0
blmL,0,1,1,0.0
blmM,4,2,6,0.67
blmN,2,3,5,0.4
blmP,8,3,11,0.73
blmS,2,3,5,0.4
blmb,4,6,10,0.4
blmh,1,0,1,1.0
blml,1,0,1,1.0
blmm,1,4,5,0.2
blmn,4,3,7,0.57
blms,0,1,1,0.0
blnB,3,3,6,0.5
blnD,2,0,2,1.0
blnH,0,2,2,0.0
blnI,1,0,1,1.0
blnK,1,1,2,0.5
blnL,1,2,3,0.33
blnM,2,4,6,0.33
blnN,6,1,7,0.86
blnP,4,5,9,0.44
blnS,3,1,4,0.75
blnb,2,4,6,0.33
blnl,1,1,2,0.5
blnm,2,2,4,0.5
blnn,3,2,5,0.6
blns,2,4,6,0.33
blsB,2,1,3,0.67
blsD,0,2,2,0.0
blsH,1,0,1,1.0
blsL,0,1,1,0.0
blsM,1,0,1,1.0
blsN,0,1,1,0.0
blsP,2,2,4,0.5
blsS,2,1,3,0.67
blsb,1,4,5,0.2
blsl,2,1,3,0.67
blsm,1,1,2,0.5
blsn,2,2,4,0.5
blss,0,1,1,0.0
bmBB,6,4,10,0.6
bmBD,0,2,2,0.0
bmBK,0,3,3,0.0
bmBL,4,3,7,0.57
bmBM,8,9,17,0.47
bmBN,10,20,30,0.33
bmBP,14,11,25,0.56
bmBS,9,3,12,0.75
bmBb,5,6,11,0.45
bmBh,3,1,4,0.75
bmBj,1,3,4,0.25
bmBl,5,5,10,0.5
bmBm,12,7,19,0.63
bmBn,12,13,25,0.48
bmBs,5,7,12,0.42
bmBt,0,3,3,0.0
bmDB,1,6,7,0.14
bmDD,3,1,4,0.75
bmDH,1,1,2,0.5
bmDL,0,1,1,0.0
bmDM,3,2,5,0.6
bmDN,5,4,9,0.56
bmDP,2,1,3,0.67
bmDS,2,2,4,0.5
bmDb,0,3,3,0.0
bmDh,0,0,0,
bmDl,2,0,2,1.0
bmDm,5,5,10,0.5
bmDn,1,2,3,0.33
bmDs,5,2,7,0.71
bmDt,1,0,1,1.0
bmHB,8,6,14,0.57
bmHD,2,4,6,0.33
bmHH,1,0,1,1.0
bmHK,0,1,1,0.0
bmHL,1,3,4,0.25
bmHM,11,6,17,0.65
bmHN,10,6,16,0.62
bmHP,7,10,17,0.41
bmHS,6,5,11,0.55
bmHb,15,5,20,0.75
bmHh,2,0,2,1.0
bmHl,3,2,5,0.6
bmHm,8,4,12,0.67
bmHn,9,10,19,0.47
bmHs,8,8,16,0.5
bmHt,0,1,1,0.0
bmIB,1,0,1,1.0
bmIH,0,1,1,0.0
bmIL,1,0,1,1.0
bmIM,1,0,1,1.0
bmIN,2,0,2,1.0
bmIP,2,1,3,0.67
bmIS,0,1,1,0.0
bmIb,0,0,0,
bmIm,0,0,0,
bmJB,2,1,3,0.67
bmJD,1,0,1,1.0
bmJH,0,0,0,
bmJL,2,0,2,1.0
bmJM,1,1,2,0.5
bmJN,0,2,2,0.0
bmJP,2,2,4,0.5
bmJb,2,2,4,0.5
bmJl,1,0,1,1.0
bmJm,4,0,4,1.0
bmJn,0,1,1,0.0
bmJs,0,2,2,0.0
bmKD,0,1,1,0.0
bmKm,0,1,1,0.0
bmLB,5,3,8,0.62
bmLD,1,3,4,0.25
bmLK,0,1,1,0.0
bmLL,1,0,1,1.0
bmLM,1,6,7,0.14
bmLN,1,2,3,0.33
bmLP,3,3,6,0.5
bmLS,1,1,2,0.5
bmLb,0,2,2,0.0
bmLh,1,2,3,0.33
bmLj,0,1,1,0.0
bmLl,0,1,1,0.0
bmLm,2,2,4,0.5
bmLn,3,2,5,0.6
bmLs,3,2,5,0.6
bmMB,6,6,12,0.5
bmMD,6,1,7,0.86
bmML,1,4,5,0.2
bmMM,13,19,32,0.41
bmMN,17,11,28,0.61
bmMP,10,13,23,0.43
bmMS,5,7,12,0.42
bmMb,9,13,22,0.41
bmMh,7,8,15,0.47
bmMj,1,2,3,0.33
bmMl,2,4,6,0.33
bmMm,18,13,31,0.58
bmMn,13,13,26,0.5
bmMs,10,12,22,0.45
bmMt,2,2,4,0.5
bmNB,10,16,26,0.38
bmND,4,3,7,0.57
bmNH,4,0,4,1.0
bmNK,1,0,1,1.0
bmNL,1,2,3,0.33
bmNM,8,10,18,0.44
bmNN,14,12,26,0.54
bmNP,16,16,32,0.5
bmNS,8,7,15,0.53
bmNb,10,9,19,0.53
bmNh,3,2,5,0.6
bmNl,4,4,8,0.5
bmNm,6,12,18,0.33
bmNn,14,19,33,0.42
bmNs,10,8,18,0.56
bmPB,10,15,25,0.4
bmPD,3,6,9,0.33
bmPH,5,1,6,0.83
bmPK,1,1,2,0.5
bmPL,5,3,8,0.62
bmPM,14,13,27,0.52
bmPN,12,16,28,0.43
bmPP,10,15,25,0.4
bmPS,7,18,25,0.28
bmPb,18,11,29,0.62
bmPh,0,2,2,0.0
bmPl,4,8,12,0.33
bmPm,14,11,25,0.56
bmPn,15,6,21,0.71
bmPs,8,7,15,0.53
bmPt,0,2,2,0.0
bmSB,5,5,10,0.5
bmSD,3,2,5,0.6
bmSH,0,0,0,
bmSL,2,1,3,0.67
bmSM,7,7,14,0.5
bmSN,1,6,7,0.14
bmSP,5,3,8,0.62
bmSS,8,6,14,0.57
bmSb,2,4,6,0.33
bmSh,6,3,9,0.67
bmSl,2,2,4,0.5
bmSm,11,10,21,0.52
bmSn,5,4,9,0.56
bmSs,9,6,15,0.6
bmSt,0,1,1,0.0
bmbB,10,14,24,0.42
bmbD,0,0,0,
bmbH,2,1,3,0.67
bmbI,1,0,1,1.0
bmbJ,3,1,4,0.75
bmbK,1,3,4,0.25
bmbL,2,3,5,0.4
bmbM,16,5,21,0.76
bmbN,20,12,32,0.62
bmbP,20,10,30,0.67
bmbS,6,4,10,0.6
bmbb,16,11,27,0.59
bmbl,1,5,6,0.17
bmbm,9,8,17,0.53
bmbn,15,14,29,0.52
bmbs,1,3,4,0.25
bmlB,3,1,4,0.75
bmlD,0,0,0,
bmlH,0,2,2,0.0
bmlI,1,0,1,1.0
bmlJ,0,0,0,
bmlL,1,1,2,0.5
bmlM,4,2,6,0.67
bmlN,2,5,7,0.29
bmlP,5,3,8,0.62
bmlS,0,2,2,0.0
bmlb,4,1,5,0.8
bmll,1,1,2,0.5
bmlm,2,2,4,0.5
bmln,7,4,11,0.64
bmls,1,0,1,1.0
bmmB,14,11,25,0.56
bmmD,3,4,7,0.43
bmmH,6,3,9,0.67
bmmJ,2,0,2,1.0
bmmL,5,3,8,0.62
bmmM,11,14,25,0.44
bmmN,12,7,19,0.63
bmmP,16,13,29,0.55
bmmS,6,7,13,0.46
bmmb,12,16,28,0.43
bmml,3,1,4,0.75
bmmm,14,5,19,0.74
bmmn,7,8,15,0.47
bmms,3,1,4,0.75
bmnB,10,8,18,0.56
bmnD,2,2,4,0.5
bmnH,5,10,15,0.33
bmnL,0,3,3,0.0
bmnM,12,10,22,0.55
bmnN,15,14,29,0.52
bmnP,17,13,30,0.57
bmnS,5,9,14,0.36
bmnb,10,9,19,0.53
bmnh,1,1,2,0.5
bmnl,4,1,5,0.8
bmnm,9,5,14,0.64
bmnn,12,7,19,0.63
bmns,2,5,7,0.29
bmsB,2,2,4,0.5
bmsD,2,1,3,0.67
bmsH,1,4,5,0.2
bmsI,2,0,2,1.0
bmsL,0,1,1,0.0
bmsM,3,5,8,0.38
bmsN,3,5,8,0.38
bmsP,2,5,7,0.29
bmsS,3,2,5,0.6
bmsb,9,3,12,0.75
bmsh,0,1,1,0.0
bmsl,0,1,1,0.0
bmsm,6,1,7,0.86
bmsn,2,3,5,0.4
bmss,4,3,7,0.57
bnBB,5,5,10,0.5
bnBD,2,1,3,0.67
bnBL,2,3,5,0.4
bnBM,7,9,16,0.44
bnBN,12,10,22,0.55
bnBP,8,13,21,0.38
bnBS,11,5,16,0.69
bnBb,13,9,22,0.59
bnBh,1,3,4,0.25
bnBj,2,0,2,1.0
bnBl,5,3,8,0.62
bnBm,12,6,18,0.67
bnBn,10,14,24,0.42
bnBs,5,3,8,0.62
bnDB,1,4,5,0.2
bnDD,1,1,2,0.5
bnDH,5,2,7,0.71
bnDL,2,1,3,0.67
bnDM,2,1,3,0.67
bnDN,3,4,7,0.43
bnDP,4,7,11,0.36
bnDS,2,3,5,0.4
bnDb,2,0,2,1.0
bnDl,0,1,1,0.0
bnDm,6,2,8,0.75
bnDn,2,1,3,0.67
bnDs,4,1,5,0.8
bnDt,1,0,1,1.0
bnHB,6,3,9,0.67
bnHH,0,1,1,0.0
bnHK,1,0,1,1.0
bnHL,2,1,3,0.67
bnHM,3,5,8,0.38
bnHN,2,9,11,0.18
bnHP,5,7,12,0.42
bnHS,3,3,6,0.5
bnHb,4,8,12,0.33
bnHh,4,0,4,1.0
bnHl,2,0,2,1.0
bnHm,6,5,11,0.55
bnHn,5,3,8,0.62
bnHs,5,3,8,0.62
bnHt,1,1,2,0.5
bnIB,1,1,2,0.5
bnIH,0,0,0,
bnII,0,1,1,0.0
bnIL,1,1,2,0.5
bnIM,1,0,1,1.0
bnIN,0,2,2,0.0
bnIP,2,1,3,0.67
bnIS,2,0,2,1.0
bnIb,2,0,2,1.0
bnIl,3,0,3,1.0
bnIm,5,3,8,0.62
bnIn,2,0,2,1.0
bnIs,0,0,0,
bnKB,0,1,1,0.0
bnKD,1,0,1,1.0
bnKM,0,2,2,0.0
bnKN,0,1,1,0.0
bnKP,4,2,6,0.67
bnKb,0,1,1,0.0
bnKm,1,0,1,1.0
bnKn,0,1,1,0.0
bnKs,2,0,2,1.0
bnLB,2,2,4,0.5
bnLD,1,2,3,0.33
bnLL,2,1,3,0.67
bnLM,3,1,4,0.75
bnLN,3,4,7,0.43
bnLP,7,6,13,0.54
bnLS,4,0,4,1.0
bnLb,4,0,4,1.0
bnLh,0,2,2,0.0
bnLl,1,2,3,0.33
bnLm,3,4,7,0.43
bnLn,5,4,9,0.56
bnLs,0,1,1,0.0
bnLt,2,1,3,0.67
bnMB,8,10,18,0.44
bnMD,4,3,7,0.57
bnML,2,3,5,0.4
bnMM,10,15,25,0.4
bnMN,17,14,31,0.55
bnMP,10,11,21,0.48
bnMS,6,10,16,0.38
bnMb,8,10,18,0.44
bnMh,9,9,18,0.5
bnMj,0,0,0,
bnMl,2,3,5,0.4
bnMm,16,10,26,0.62
bnMn,21,15,36,0.58
bnMs,9,13,22,0.41
bnMt,3,2,5,0.6
bnNB,14,9,23,0.61
bnND,2,7,9,0.22
bnNH,2,1,3,0.67
bnNK,1,0,1,1.0
bnNL,5,3,8,0.62
bnNM,15,13,28,0.54
bnNN,14,14,28,0.5
bnNP,27,18,45,0.6
bnNS,14,6,20,0.7
bnNb,12,15,27,0.44
bnNh,4,4,8,0.5
bnNl,4,6,10,0.4
bnNm,18,11,29,0.62
bnNn,16,23,39,0.41
bnNs,10,9,19,0.53
bnNt,3,1,4,0.75
bnPB,11,13,24,0.46
bnPD,5,2,7,0.71
bnPH,7,7,14,0.5
bnPI,1,1,2,0.5
bnPK,1,2,3,0.33
bnPL,7,7,14,0.5
bnPM,14,17,31,0.45
bnPN,19,13,32,0.59
bnPP,15,17,32,0.47
bnPS,7,9,16,0.44
bnPb,16,11,27,0.59
bnPh,1,1,2,0.5
bnPl,8,6,14,0.57
bnPm,11,22,33,0.33
bnPn,9,10,19,0.47
bnPs,8,12,20,0.4
bnPt,1,1,2,0.5
bnSB,11,3,14,0.79
bnSD,2,2,4,0.5
bnSH,1,2,3,0.33
bnSL,3,1,4,0.75
bnSM,2,6,8,0.25
bnSN,5,5,10,0.5
bnSP,10,12,22,0.45
bnSS,6,5,11,0.55
bnSb,1,2,3,0.33
bnSh,3,2,5,0.6
bnSl,0,1,1,0.0
bnSm,8,2,10,0.8
bnSn,7,6,13,0.54
bnSs,12,7,19,0.63
bnSt,2,1,3,0.67
bnbB,13,8,21,0.62
bnbD,1,1,2,0.5
bnbH,1,0,1,1.0
bnbJ,2,1,3,0.67
bnbL,1,3,4,0.25
bnbM,9,17,26,0.35
bnbN,16,13,29,0.55
bnbP,8,9,17,0.47
bnbS,2,9,11,0.18
bnbb,11,11,22,0.5
bnbl,2,3,5,0.4
bnbm,7,8,15,0.47
bnbn,12,6,18,0.67
bnbs,4,4,8,0.5
bnhB,0,0,0,
bnhD,1,0,1,1.0
bnhL,2,0,2,1.0
bnhM,0,1,1,0.0
bnhN,1,0,1,1.0
bnhh,0,0,0,
bnhm,1,0,1,1.0
bnhn,1,0,1,1.0
bnhs,0,1,1,0.0
bnlB,3,4,7,0.43
bnlH,0,1,1,0.0
bnlK,0,0,0,
bnlL,0,4,4,0.0
bnlM,4,1,5,0.8
bnlN,4,3,7,0.57
bnlP,4,3,7,0.57
bnlS,4,1,5,0.8
bnlb,5,2,7,0.71
bnll,0,0,0,
bnlm,4,4,8,0.5
bnln,2,0,2,1.0
bnls,2,1,3,0.67
bnmB,13,10,23,0.57
bnmD,3,3,6,0.5
bnmH,9,6,15,0.6
bnmI,1,1,2,0.5
bnmJ,0,1,1,0.0
bnmK,1,0,1,1.0
bnmL,3,3,6,0.5
bnmM,12,9,21,0.57
bnmN,14,16,30,0.47
bnmP,14,13,27,0.52
bnmS,7,5,12,0.58
bnmb,8,9,17,0.47
bnmm,8,7,15,0.53
bnmn,10,10,20,0.5
bnms,6,5,11,0.55
bnnB,2,11,13,0.15
bnnD,5,1,6,0.83
bnnH,3,5,8,0.38
bnnI,1,0,1,1.0
bnnK,1,2,3,0.33
bnnL,4,3,7,0.57
bnnM,11,7,18,0.61
bnnN,21,16,37,0.57
bnnP,13,11,24,0.54
bnnS,10,10,20,0.5
bnnb,9,7,16,0.56
bnnh,1,0,1,1.0
bnnl,1,5,6,0.17
bnnm,7,8,15,0.47
bnnn,19,17,36,0.53
bnns,10,11,21,0.48
bnsB,4,4,8,0.5
bnsD,3,3,6,0.5
bnsH,5,8,13,0.38
bnsI,0,1,1,0.0
bnsL,1,0,1,1.0
bnsM,10,7,17,0.59
bnsN,6,7,13,0.46
bnsP,6,8,14,0.43
bnsS,3,6,9,0.33
bnsb,3,4,7,0.43
bnsh,0,2,2,0.0
bnsl,1,1,2,0.5
bnsm,12,9,21,0.57
bnsn,4,7,11,0.36
bnss,4,4,8,0.5
bsBB,3,4,7,0.43
bsBD,0,0,0,
bsBK,1,0,1,1.0
bsBL,2,3,5,0.4
bsBM,4,4,8,0.5
bsBN,3,6,9,0.33
bsBP,4,9,13,0.31
bsBS,2,4,6,0.33
bsBb,3,2,5,0.6
bsBh,0,0,0,
bsBj,0,1,1,0.0
bsBl,2,1,3,0.67
bsBm,3,1,4,0.75
bsBn,8,5,13,0.62
bsBs,1,1,2,0.5
bsDB,1,1,2,0.5
bsDD,2,1,3,0.67
bsDH,0,3,3,0.0
bsDI,0,0,0,
bsDL,0,1,1,0.0
bsDM,0,6,6,0.0
bsDN,3,0,3,1.0
bsDP,2,1,3,0.67
bsDS,0,2,2,0.0
bsDb,3,0,3,1.0
bsDl,1,0,1,1.0
bsDm,1,3,4,0.25
bsDn,3,1,4,0.75
bsDs,1,1,2,0.5
bsDt,1,0,1,1.0
bsHB,3,3,6,0.5
bsHD,0,1,1,0.0
bsHH,2,0,2,1.0
bsHI,1,0,1,1.0
bsHL,1,3,4,0.25
bsHM,3,4,7,0.43
bsHN,3,4,7,0.43
bsHP,5,6,11,0.45
bsHS,5,1,6,0.83
bsHb,3,4,7,0.43
bsHh,1,0,1,1.0
bsHl,1,2,3,0.33
bsHm,6,10,16,0.38
bsHn,2,2,4,0.5
bsHs,6,3,9,0.67
bsHt,0,1,1,0.0
bsIB,0,1,1,0.0
bsID,0,1,1,0.0
bsIH,0,1,1,0.0
bsIM,0,2,2,0.0
bsIN,1,0,1,1.0
bsIP,2,1,3,0.67
bsIS,1,0,1,1.0
bsIb,1,3,4,0.25
bsIm,0,1,1,0.0
bsIn,0,1,1,0.0
bsIs,1,0,1,1.0
bsKP,0,1,1,0.0
bsLB,1,1,2,0.5
bsLD,2,1,3,0.67
bsLH,0,1,1,0.0
bsLM,8,2,10,0.8
bsLN,2,1,3,0.67
bsLP,2,2,4,0.5
bsLS,2,0,2,1.0
bsLb,0,3,3,0.0
bsLh,1,2,3,0.33
bsLl,0,2,2,0.0
bsLm,2,4,6,0.33
bsLn,1,0,1,1.0
bsLs,1,0,1,1.0
bsLt,0,1,1,0.0
bsMB,6,3,9,0.67
bsMD,1,2,3,0.33
bsML,1,1,2,0.5
bsMM,9,9,18,0.5
bsMN,5,5,10,0.5
bsMP,5,5,10,0.5
bsMS,4,2,6,0.67
bsMb,3,4,7,0.43
bsMh,3,3,6,0.5
bsMl,0,2,2,0.0
bsMm,7,4,11,0.64
bsMn,4,5,9,0.44
bsMs,3,3,6,0.5
bsMt,0,1,1,0.0
bsNB,8,3,11,0.73
bsND,0,1,1,0.0
bsNH,2,1,3,0.67
bsNM,2,7,9,0.22
bsNN,10,8,18,0.56
bsNP,7,6,13,0.54
bsNS,2,6,8,0.25
bsNb,2,0,2,1.0
bsNh,1,0,1,1.0
bsNl,2,2,4,0.5
bsNm,6,4,10,0.6
bsNn,14,4,18,0.78
bsNs,5,3,8,0.62
bsNt,0,2,2,0.0
bsPB,5,7,12,0.42
bsPD,2,3,5,0.4
bsPH,0,1,1,0.0
bsPI,0,1,1,0.0
bsPL,5,4,9,0.56
bsPM,8,6,14,0.57
bsPN,4,7,11,0.36
bsPP,7,7,14,0.5
bsPS,3,8,11,0.27
bsPb,1,5,6,0.17
bsPh,0,0,0,
bsPl,1,1,2,0.5
bsPm,6,10,16,0.38
bsPn,2,6,8,0.25
bsPs,4,4,8,0.5
bsSB,7,1,8,0.88
bsSD,1,0,1,1.0
bsSH,1,2,3,0.33
bsSL,2,0,2,1.0
bsSM,4,6,10,0.4
bsSN,2,4,6,0.33
bsSP,2,11,13,0.15
bsSS,4,8,12,0.33
bsSb,5,4,9,0.56
bsSh,3,6,9,0.33
bsSl,3,1,4,0.75
bsSm,2,6,8,0.25
bsSn,5,7,12,0.42
bsSs,1,6,7,0.14
bsSt,1,0,1,1.0
bsbB,3,1,4,0.75
bsbD,1,1,2,0.5
bsbH,0,1,1,0.0
bsbJ,3,2,5,0.6
bsbK,1,2,3,0.33
bsbL,3,1,4,0.75
bsbM,4,2,6,0.67
bsbN,10,5,15,0.67
bsbP,4,8,12,0.33
bsbS,3,1,4,0.75
bsbb,5,0,5,1.0
bsbl,1,2,3,0.33
bsbm,4,2,6,0.67
bsbn,5,2,7,0.71
bsbs,0,2,2,0.0
bshh,0,1,1,0.0
bshm,1,1,2,0.5
bshs,0,0,0,
bslB,0,2,2,0.0
bslH,0,0,0,
bslJ,0,2,2,0.0
bslM,1,1,2,0.5
bslN,1,1,2,0.5
bslP,2,1,3,0.67
bslb,2,2,4,0.5
bsll,2,0,2,1.0
bslm,0,1,1,0.0
bsln,1,0,1,1.0
bsls,0,2,2,0.0
bsmB,5,2,7,0.71
bsmD,0,1,1,0.0
bsmH,3,4,7,0.43
bsmI,1,0,1,1.0
bsmJ,1,1,2,0.5
bsmL,4,0,4,1.0
bsmM,1,4,5,0.2
bsmN,5,8,13,0.38
bsmP,6,10,16,0.38
bsmS,1,6,7,0.14
bsmb,6,4,10,0.6
bsml,0,4,4,0.0
bsmm,6,6,12,0.5
bsmn,5,4,9,0.56
bsms,1,6,7,0.14
bsnB,3,2,5,0.6
bsnD,1,0,1,1.0
bsnH,3,8,11,0.27
bsnI,0,1,1,0.0
bsnL,4,1,5,0.8
bsnM,7,7,14,0.5
bsnN,9,3,12,0.75
bsnP,11,7,18,0.61
bsnS,1,3,4,0.25
bsnb,5,1,6,0.83
bsnl,1,1,2,0.5
bsnm,1,3,4,0.25
bsnn,6,5,11,0.55
bsns,4,1,5,0.8
bssB,4,3,7,0.57
bssD,1,1,2,0.5
bssH,10,5,15,0.67
bssL,0,2,2,0.0
bssM,3,0,3,1.0
bssN,3,3,6,0.5
bssP,4,3,7,0.57
bssS,5,6,11,0.45
bssb,0,1,1,0.0
bssh,0,1,1,0.0
bssl,1,0,1,1.0
bssm,3,0,3,1.0
bssn,4,3,7,0.57
bsss,2,3,5,0.4
bstP,0,1,1,0.0
bstS,0,1,1,0.0
bsts,0,0,0,
btMS,0,1,1,0.0
hBBB,3,3,6,0.5
hBBD,1,0,1,1.0
hBBK,1,0,1,1.0
hBBL,1,0,1,1.0
hBBM,1,2,3,0.33
hBBN,7,2,9,0.78
hBBP,1,3,4,0.25
hBBS,0,2,2,0.0
hBBb,1,2,3,0.33
hBBl,0,1,1,0.0
hBBm,3,1,4,0.75
hBBn,2,4,6,0.33
hBBs,0,1,1,0.0
hBBt,0,0,0,
hBDB,2,1,3,0.67
hBDD,2,0,2,1.0
hBDH,2,0,2,1.0
hBDM,1,1,2,0.5
hBDN,0,1,1,0.0
hBDS,0,1,1,0.0
hBDb,1,0,1,1.0
hBDm,2,0,2,1.0
hBDs,0,1,1,0.0
hBDt,0,1,1,0.0
hBKB,0,1,1,0.0
hBKM,0,0,0,
hBKN,0,2,2,0.0
hBKb,1,0,1,1.0
hBKm,1,0,1,1.0
hBKn,0,1,1,0.0
hBLB,1,0,1,1.0
hBLK,0,1,1,0.0
hBLL,1,1,2,0.5
hBLN,0,1,1,0.0
hBLP,0,2,2,0.0
hBLb,0,1,1,0.0
hBLh,0,1,1,0.0
hBLj,1,0,1,1.0
hBLm,1,0,1,1.0
hBLn,0,0,0,
hBLs,0,2,2,0.0
hBMB,2,3,5,0.4
hBMD,1,0,1,1.0
hBMM,1,0,1,1.0
hBMN,1,4,5,0.2
hBMP,3,2,5,0.6
hBMS,1,2,3,0.33
hBMb,1,1,2,0.5
hBMh,3,1,4,0.75
hBMl,1,0,1,1.0
hBMm,2,4,6,0.33
hBMn,3,3,6,0.5
hBMs,2,1,3,0.67
hBNB,2,1,3,0.67
hBND,2,0,2,1.0
hBNM,3,3,6,0.5
hBNN,1,2,3,0.33
hBNP,2,0,2,1.0
hBNS,0,2,2,0.0
hBNb,1,2,3,0.33
hBNh,0,0,0,
hBNl,0,1,1,0.0
hBNm,5,8,13,0.38
hBNn,5,3,8,0.62
hBNs,1,1,2,0.5
hBPB,0,5,5,0.0
hBPD,1,0,1,1.0
hBPH,3,0,3,1.0
hBPI,0,2,2,0.0
hBPL,2,0,2,1.0
hBPM,0,3,3,0.0
hBPN,3,3,6,0.5
hBPP,4,7,11,0.36
hBPS,2,4,6,0.33
hBPb,4,4,8,0.5
hBPl,2,0,2,1.0
hBPm,4,5,9,0.44
hBPn,2,6,8,0.25
hBPs,0,1,1,0.0
hBSB,1,0,1,1.0
hBSH,0,2,2,0.0
hBSM,3,1,4,0.75
hBSN,1,1,2,0.5
hBSP,1,2,3,0.33
hBSb,1,4,5,0.2
hBSh,0,0,0,
hBSl,1,1,2,0.5
hBSm,1,1,2,0.5
hBSn,1,1,2,0.5
hBSs,1,0,1,1.0
hBSt,0,1,1,0.0
hBbB,1,2,3,0.33
hBbD,0,0,0,
hBbH,1,0,1,1.0
hBbJ,1,0,1,1.0
hBbL,0,2,2,0.0
hBbM,0,2,2,0.0
hBbN,3,2,5,0.6
hBbP,1,3,4,0.25
hBbS,1,2,3,0.33
hBbb,2,0,2,1.0
hBbl,0,1,1,0.0
hBbm,3,2,5,0.6
hBbn,0,0,0,
hBbs,2,0,2,1.0
hBhB,0,1,1,0.0
hBhH,0,0,0,
hBhb,0,0,0,
hBhl,0,0,0,
hBhm,0,1,1,0.0
hBhn,1,2,3,0.33
hBjH,0,0,0,
hBjN,0,0,0,
hBjP,0,1,1,0.0
hBjS,0,1,1,0.0
hBjm,1,0,1,1.0
hBjn,1,0,1,1.0
hBlL,0,1,1,0.0
hBlM,1,0,1,1.0
hBlN,1,0,1,1.0
hBlP,1,1,2,0.5
hBlb,0,0,0,
hBll,0,1,1,0.0
hBlm,0,1,1,0.0
hBln,0,1,1,0.0
hBmB,2,7,9,0.22
hBmD,1,0,1,1.0
hBmH,3,2,5,0.6
hBmM,1,2,3,0.33
hBmN,2,6,8,0.25
hBmP,3,6,9,0.33
hBmS,1,3,4,0.25
hBmb,3,0,3,1.0
hBml,0,1,1,0.0
hBmm,6,3,9,0.67
hBmn,3,3,6,0.5
hBms,2,0,2,1.0
hBnB,2,2,4,0.5
hBnD,1,0,1,1.0
hBnI,0,0,0,
hBnL,0,1,1,0.0
hBnM,2,2,4,0.5
hBnN,5,4,9,0.56
hBnP,4,3,7,0.57
hBnS,0,4,4,0.0
hBnb,2,2,4,0.5
hBnl,1,0,1,1.0
hBnm,4,0,4,1.0
hBnn,5,2,7,0.71
hBns,1,2,3,0.33
hBsB,0,1,1,0.0
hBsH,1,1,2,0.5
hBsL,1,0,1,1.0
hBsM,2,0,2,1.0
hBsN,3,4,7,0.43
hBsP,3,4,7,0.43
hBsS,1,0,1,1.0
hBsb,0,1,1,0.0
hBsl,1,0,1,1.0
hBsm,6,0,6,1.0
hBsn,2,2,4,0.5
hBss,1,2,3,0.33
hBtH,0,0,0,
hBtN,1,0,1,1.0
hDBD,0,0,0,
hDBL,0,1,1,0.0
hDBM,0,1,1,0.0
hDBP,0,0,0,
hDBS,1,0,1,1.0
hDBm,0,2,2,0.0
hDBn,0,1,1,0.0
hDDB,0,0,0,
hDDD,0,1,1,0.0
hDDM,0,1,1,0.0
hDDS,0,2,2,0.0
hDDm,1,1,2,0.5
hDDn,0,0,0,
hDDs,1,0,1,1.0
hDHB,1,1,2,0.5
hDHD,0,0,0,
hDHL,0,1,1,0.0
hDHM,0,2,2,0.0
hDHP,2,1,3,0.67
hDHS,1,2,3,0.33
hDHb,2,3,5,0.4
hDHh,1,0,1,1.0
hDHm,0,0,0,
hDHs,0,1,1,0.0
hDIn,0,1,1,0.0
hDKP,0,0,0,
hDLB,1,0,1,1.0
hDLl,1,0,1,1.0
hDLm,1,0,1,1.0
hDLs,1,0,1,1.0
hDMB,1,1,2,0.5
hDMD,0,1,1,0.0
hDMM,1,3,4,0.25
hDMN,1,0,1,1.0
hDMS,2,2,4,0.5
hDMh,0,1,1,0.0
hDMm,0,2,2,0.0
hDMn,0,1,1,0.0
hDMs,0,1,1,0.0
hDNB,1,1,2,0.5
hDNL,0,1,1,0.0
hDNM,0,0,0,
hDNP,1,1,2,0.5
hDNl,0,1,1,0.0
hDNm,1,1,2,0.5
hDNn,1,0,1,1.0
hDNs,0,1,1,0.0
hDPB,1,1,2,0.5
hDPH,0,1,1,0.0
hDPM,0,0,0,
hDPN,1,0,1,1.0
hDPP,1,1,2,0.5
hDPS,1,0,1,1.0
hDPb,1,0,1,1.0
hDPl,0,2,2,0.0
hDPm,1,0,1,1.0
hDPs,0,1,1,0.0
hDSB,0,1,1,0.0
hDSD,0,1,1,0.0
hDSH,1,1,2,0.5
hDSM,2,2,4,0.5
hDSP,0,0,0,
hDSS,1,0,1,1.0
hDSb,2,3,5,0.4
hDSh,1,0,1,1.0
hDSl,1,0,1,1.0
hDSm,0,0,0,
hDSs,2,1,3,0.67
hDbB,2,0,2,1.0
hDbK,0,1,1,0.0
hDbN,1,0,1,1.0
hDbb,2,0,2,1.0
hDbm,0,1,1,0.0
hDbn,0,1,1,0.0
hDhN,0,0,0,
hDhP,1,0,1,1.0
hDlS,0,1,1,0.0
hDmB,0,2,2,0.0
hDmD,0,1,1,0.0
hDmH,1,0,1,1.0
hDmM,3,2,5,0.6
hDmN,0,1,1,0.0
hDmP,1,0,1,1.0
hDmS,1,1,2,0.5
hDmb,1,0,1,1.0
hDml,0,0,0,
hDmm,0,2,2,0.0
hDmn,1,0,1,1.0
hDms,1,2,3,0.33
hDnB,0,1,1,0.0
hDnM,0,1,1,0.0
hDnN,0,2,2,0.0
hDnP,1,0,1,1.0
hDnS,2,1,3,0.67
hDnb,0,2,2,0.0
hDnl,1,0,1,1.0
hDns,0,0,0,
hDsB,0,1,1,0.0
hDsH,1,1,2,0.5
hDsL,0,1,1,0.0
hDsM,1,1,2,0.5
hDsN,1,0,1,1.0
hDsS,0,0,0,
hDsm,3,0,3,1.0
hDsn,1,1,2,0.5
hDss,0,0,0,
hDtD,1,0,1,1.0
hDtM,0,1,1,0.0
hDtb,1,1,2,0.5
hHBB,2,2,4,0.5
hHBN,1,0,1,1.0
hHBP,1,1,2,0.5
hHBS,0,1,1,0.0
hHBm,1,0,1,1.0
hHBn,1,0,1,1.0
hHDB,1,0,1,1.0
hHDD,0,0,0,
hHHB,0,1,1,0.0
hHHN,2,0,2,1.0
hHHS,0,0,0,
hHHh,0,1,1,0.0
hHHm,0,0,0,
hHHs,0,0,0,
hHIP,1,0,1,1.0
hHKS,1,0,1,1.0
hHKb,0,0,0,
hHKn,0,1,1,0.0
hHLB,0,1,1,0.0
hHLP,1,1,2,0.5
hHLm,1,0,1,1.0
hHMB,1,0,1,1.0
hHMM,1,0,1,1.0
hHMN,1,2,3,0.33
hHMS,1,1,2,0.5
hHMb,2,1,3,0.67
hHMh,1,0,1,1.0
hHMl,0,1,1,0.0
hHMm,1,0,1,1.0
hHMn,2,2,4,0.5
hHNM,0,1,1,0.0
hHNS,1,1,2,0.5
hHNb,0,1,1,0.0
hHNl,0,1,1,0.0
hHNn,1,2,3,0.33
hHNs,1,1,2,0.5
hHPB,0,1,1,0.0
hHPD,1,0,1,1.0
hHPP,1,1,2,0.5
hHPb,1,0,1,1.0
hHPm,0,1,1,0.0
hHPn,0,1,1,0.0
hHPs,0,1,1,0.0
hHSB,1,0,1,1.0
hHSK,1,0,1,1.0
hHSN,0,0,0,
hHSP,0,1,1,0.0
hHSS,2,3,5,0.4
hHSl,1,0,1,1.0
hHSm,1,1,2,0.5
hHSs,0,1,1,0.0
hHbB,0,1,1,0.0
hHbD,0,0,0,
hHbH,1,0,1,1.0
hHbK,1,0,1,1.0
hHbP,1,0,1,1.0
hHbS,0,2,2,0.0
hHbl,0,1,1,0.0
hHbm,2,1,3,0.67
hHhD,0,0,0,
hHhI,1,0,1,1.0
hHhM,1,0,1,1.0
hHhN,0,1,1,0.0
hHhP,0,0,0,
hHhb,1,2,3,0.33
hHhm,0,1,1,0.0
hHhs,1,0,1,1.0
hHlB,0,1,1,0.0
hHlM,0,1,1,0.0
hHlP,1,0,1,1.0
hHlS,0,0,0,
hHlb,1,0,1,1.0
hHln,1,0,1,1.0
hHmH,0,1,1,0.0
hHmJ,0,1,1,0.0
hHmM,1,0,1,1.0
hHmP,0,1,1,0.0
hHmS,0,0,0,
hHmb,1,0,1,1.0
hHmm,1,0,1,1.0
hHmn,2,0,2,1.0
hHnB,0,1,1,0.0
hHnK,2,0,2,1.0
hHnM,1,0,1,1.0
hHnS,1,0,1,1.0
hHnb,1,0,1,1.0
hHnm,0,4,4,0.0
hHnn,1,0,1,1.0
hHns,1,0,1,1.0
hHsI,1,0,1,1.0
hHsM,0,1,1,0.0
hHsS,0,0,0,
hHsm,1,1,2,0.5
hHsn,1,1,2,0.5
hIBL,0,0,0,
hIBN,0,0,0,
hIBP,1,1,2,0.5
hIBb,0,1,1,0.0
hIDb,0,1,1,0.0
hIHI,0,0,0,
hIHM,1,0,1,1.0
hIHh,1,0,1,1.0
hIIn,1,0,1,1.0
hILB,0,0,0,
hIML,0,0,0,
hIMj,0,0,0,
hIMn,0,2,2,0.0
hINH,0,1,1,0.0
hINL,1,0,1,1.0
hINP,0,0,0,
hINm,0,0,0,
hIPl,0,1,1,0.0
hIPm,1,0,1,1.0
hIPn,0,1,1,0.0
hISN,0,1,1,0.0
hISS,1,0,1,1.0
hISl,1,0,1,1.0
hISm,1,0,1,1.0
hIbM,1,0,1,1.0
hIbP,0,1,1,0.0
hIbs,0,0,0,
hIlD,1,0,1,1.0
hIlK,1,0,1,1.0
hIlM,1,1,2,0.5
hIln,0,0,0,
hImB,0,0,0,
hImD,0,0,0,
hImM,1,0,1,1.0
hImN,0,0,0,
hInP,1,0,1,1.0
hInS,0,1,1,0.0
hInm,1,0,1,1.0
hIsB,2,0,2,1.0
hIsM,0,1,1,0.0
hIsP,0,1,1,0.0
hIsS,0,1,1,0.0
hIsn,0,2,2,0.0
hKNB,1,0,1,1.0
hKNN,0,1,1,0.0
hKNl,0,1,1,0.0
hKNm,1,0,1,1.0
hKNs,0,1,1,0.0
hKSH,1,0,1,1.0
hKSP,1,0,1,1.0
hKSm,0,1,1,0.0
hKbN,0,0,0,
hKbl,1,0,1,1.0
hKhS,1,0,1,1.0
hKhh,0,1,1,0.0
hKmS,2,0,2,1.0
hKmn,0,0,0,
hKnm,1,0,1,1.0
hLBB,2,3,5,0.4
hLBK,1,0,1,1.0
hLBL,1,0,1,1.0
hLBM,0,0,0,
hLBN,0,1,1,0.0
hLBP,1,0,1,1.0
hLBb,0,2,2,0.0
hLBh,1,0,1,1.0
hLBm,1,1,2,0.5
hLBn,1,1,2,0.5
hLBs,0,1,1,0.0
hLDH,0,1,1,0.0
hLDs,0,1,1,0.0
hLKI,0,1,1,0.0
hLKM,1,0,1,1.0
hLLL,0,1,1,0.0
hLLN,0,1,1,0.0
hLLj,0,0,0,
hLLm,1,0,1,1.0
hLLs,0,1,1,0.0
hLMD,1,0,1,1.0
hLMK,1,0,1,1.0
hLMM,0,1,1,0.0
hLMN,1,0,1,1.0
hLMP,1,0,1,1.0
hLMS,1,0,1,1.0
hLMh,1,0,1,1.0
hLMm,1,1,2,0.5
hLMn,1,0,1,1.0
hLMs,1,1,2,0.5
hLMt,1,0,1,1.0
hLNB,0,1,1,0.0
hLND,1,1,2,0.5
hLNM,0,1,1,0.0
hLNN,1,0,1,1.0
hLNP,0,1,1,0.0
hLNS,1,0,1,1.0
hLNb,2,0,2,1.0
hLNh,1,0,1,1.0
hLNl,0,0,0,
hLNm,1,0,1,1.0
hLNn,0,1,1,0.0
hLNs,1,0,1,1.0
hLPB,1,1,2,0.5
hLPD,1,0,1,1.0
hLPL,0,1,1,0.0
hLPN,1,1,2,0.5
hLPP,0,3,3,0.0
hLPS,1,1,2,0.5
hLPb,1,3,4,0.25
hLPm,1,1,2,0.5
hLPn,2,1,3,0.67
hLPs,0,0,0,
hLSB,0,1,1,0.0
hLSH,1,0,1,1.0
hLSM,1,1,2,0.5
hLSN,2,1,3,0.67
hLSP,1,0,1,1.0
hLSS,2,1,3,0.67
hLSm,0,1,1,0.0
hLSn,0,4,4,0.0
hLSs,0,1,1,0.0
hLbB,0,1,1,0.0
hLbK,1,0,1,1.0
hLbM,2,2,4,0.5
hLbP,1,0,1,1.0
hLbS,2,1,3,0.67
hLbb,0,2,2,0.0
hLbl,1,0,1,1.0
hLbn,1,0,1,1.0
hLhB,0,1,1,0.0
hLhM,0,0,0,
hLhN,1,0,1,1.0
hLhP,1,0,1,1.0
hLhb,1,0,1,1.0
hLjN,1,0,1,1.0
hLjP,1,0,1,1.0
hLjh,1,0,1,1.0
hLjs,0,1,1,0.0
hLlL,0,0,0,
hLlM,1,1,2,0.5
hLlN,0,2,2,0.0
hLlP,1,0,1,1.0
hLlS,1,0,1,1.0
hLlm,1,0,1,1.0
hLmB,0,1,1,0.0
hLmH,0,0,0,
hLmM,0,2,2,0.0
hLmN,2,0,2,1.0
hLmP,2,3,5,0.4
hLmb,0,1,1,0.0
hLml,0,1,1,0.0
hLmm,0,2,2,0.0
hLmn,0,1,1,0.0
hLms,1,1,2,0.5
hLnB,1,0,1,1.0
hLnM,0,0,0,
hLnN,3,2,5,0.6
hLnP,1,2,3,0.33
hLnS,0,2,2,0.0
hLnb,1,1,2,0.5
hLnm,2,1,3,0.67
hLnn,1,1,2,0.5
hLns,0,2,2,0.0
hLsB,0,1,1,0.0
hLsD,0,1,1,0.0
hLsI,0,0,0,
hLsM,0,1,1,0.0
hLsN,0,1,1,0.0
hLsP,1,0,1,1.0
hLsS,1,0,1,1.0
hLsb,1,0,1,1.0
hLss,0,1,1,0.0
hLtl,0,1,1,0.0
hLtm,1,0,1,1.0
hLts,0,1,1,0.0
hMBB,3,2,5,0.6
hMBD,2,1,3,0.67
hMBK,0,0,0,
hMBL,1,1,2,0.5
hMBM,2,2,4,0.5
hMBN,2,2,4,0.5
hMBP,2,5,7,0.29
hMBS,3,2,5,0.6
hMBb,1,2,3,0.33
hMBj,1,0,1,1.0
hMBl,2,0,2,1.0
hMBm,5,7,12,0.42
hMBn,4,4,8,0.5
hMBs,0,0,0,
hMBt,0,0,0,
hMDB,1,0,1,1.0
hMDD,0,0,0,
hMDH,1,0,1,1.0
hMDL,2,1,3,0.67
hMDM,1,1,2,0.5
hMDN,1,1,2,0.5
hMDP,0,1,1,0.0
hMDS,1,1,2,0.5
hMDb,0,2,2,0.0
hMDl,2,0,2,1.0
hMDm,0,2,2,0.0
hMHl,1,0,1,1.0
hMHm,0,1,1,0.0
hMHs,0,0,0,
hMKm,1,0,1,1.0
hMLB,1,0,1,1.0
hMLM,1,1,2,0.5
hMLP,1,1,2,0.5
hMLb,1,0,1,1.0
hMLh,1,0,1,1.0
hMLl,1,0,1,1.0
hMLm,0,3,3,0.0
hMLn,0,1,1,0.0
hMMB,3,3,6,0.5
hMMD,3,1,4,0.75
hMMH,0,1,1,0.0
hMML,0,1,1,0.0
hMMM,1,0,1,1.0
hMMN,3,4,7,0.43
hMMP,7,5,12,0.58
hMMS,0,0,0,
hMMb,4,2,6,0.67
hMMh,1,3,4,0.25
hMMj,0,1,1,0.0
hMMl,2,0,2,1.0
hMMm,6,3,9,0.67
hMMn,6,8,14,0.43
hMMs,3,2,5,0.6
hMNB,3,3,6,0.5
hMND,0,1,1,0.0
hMNH,0,1,1,0.0
hMNM,3,2,5,0.6
hMNN,2,0,2,1.0
hMNP,2,3,5,0.4
hMNS,0,0,0,
hMNb,3,2,5,0.6
hMNh,0,2,2,0.0
hMNl,2,1,3,0.67
hMNm,3,5,8,0.38
hMNn,0,3,3,0.0
hMNs,2,0,2,1.0
hMNt,0,1,1,0.0
hMPB,4,1,5,0.8
hMPD,1,2,3,0.33
hMPI,0,0,0,
hMPK,0,1,1,0.0
hMPL,3,3,6,0.5
hMPM,4,6,10,0.4
hMPN,4,6,10,0.4
hMPP,3,9,12,0.25
hMPS,3,1,4,0.75
hMPb,2,3,5,0.4
hMPl,1,1,2,0.5
hMPm,10,5,15,0.67
hMPn,7,2,9,0.78
hMPs,0,0,0,
hMSB,1,0,1,1.0
hMSD,0,1,1,0.0
hMSH,1,4,5,0.2
hMSL,0,1,1,0.0
hMSM,1,0,1,1.0
hMSN,0,2,2,0.0
hMSP,2,0,2,1.0
hMSS,4,5,9,0.44
hMSb,4,0,4,1.0
hMSh,0,0,0,
hMSm,3,0,3,1.0
hMSn,3,0,3,1.0
hMSs,0,0,0,
hMbB,1,0,1,1.0
hMbD,3,0,3,1.0
hMbH,1,1,2,0.5
hMbK,0,0,0,
hMbM,0,3,3,0.0
hMbN,2,2,4,0.5
hMbP,2,4,6,0.33
hMbS,3,1,4,0.75
hMbb,4,1,5,0.8
hMbm,2,4,6,0.33
hMbn,2,3,5,0.4
hMhB,1,3,4,0.25
hMhD,0,0,0,
hMhL,0,2,2,0.0
hMhM,2,5,7,0.29
hMhN,1,3,4,0.25
hMhP,1,0,1,1.0
hMhS,0,0,0,
hMhb,5,1,6,0.83
hMhh,4,6,10,0.4
hMhl,0,1,1,0.0
hMhm,4,3,7,0.57
hMhn,0,2,2,0.0
hMhs,2,1,3,0.67
hMht,0,1,1,0.0
hMjD,0,1,1,0.0
hMjP,0,1,1,0.0
hMjS,1,0,1,1.0
hMjm,0,0,0,
hMlB,5,1,6,0.83
hMlJ,0,1,1,0.0
hMlL,1,2,3,0.33
hMlM,1,0,1,1.0
hMlN,3,2,5,0.6
hMlP,2,1,3,0.67
hMlS,0,1,1,0.0
hMlb,1,1,2,0.5
hMlm,0,1,1,0.0
hMls,1,0,1,1.0
hMmB,3,4,7,0.43
hMmD,1,1,2,0.5
hMmH,2,4,6,0.33
hMmJ,0,3,3,0.0
hMmL,1,1,2,0.5
hMmM,5,5,10,0.5
hMmN,3,13,16,0.19
hMmP,1,7,8,0.12
hMmS,6,5,11,0.55
hMmb,3,5,8,0.38
hMmm,4,3,7,0.57
hMmn,3,5,8,0.38
hMms,3,1,4,0.75
hMnB,1,5,6,0.17
hMnD,2,2,4,0.5
hMnH,2,0,2,1.0
hMnI,1,1,2,0.5
hMnK,1,1,2,0.5
hMnM,1,5,6,0.17
hMnN,4,4,8,0.5
hMnP,8,1,9,0.89
hMnS,2,3,5,0.4
hMnb,3,4,7,0.43
hMnh,0,1,1,0.0
hMnl,1,3,4,0.25
hMnm,6,8,14,0.43
hMnn,2,5,7,0.29
hMns,0,1,1,0.0
hMsB,1,1,2,0.5
hMsD,1,1,2,0.5
hMsH,4,1,5,0.8
hMsL,1,0,1,1.0
hMsM,1,2,3,0.33
hMsN,2,1,3,0.67
hMsP,2,0,2,1.0
hMsS,1,3,4,0.25
hMsb,0,3,3,0.0
hMsh,0,0,0,
hMsl,0,1,1,0.0
hMsm,1,2,3,0.33
hMsn,0,2,2,0.0
hMss,1,3,4,0.25
hMst,0,1,1,0.0
hMtM,0,0,0,
hMtP,1,0,1,1.0
hMtn,0,1,1,0.0
hNBB,3,4,7,0.43
hNBD,1,1,2,0.5
hNBL,0,1,1,0.0
hNBM,3,4,7,0.43
hNBN,1,3,4,0.25
hNBP,2,1,3,0.67
hNBS,0,2,2,0.0
hNBb,0,2,2,0.0
hNBh,1,0,1,1.0
hNBm,1,0,1,1.0
hNBn,1,3,4,0.25
hNDD,0,0,0,
hNDM,0,0,0,
hNDN,0,1,1,0.0
hNDP,0,0,0,
hNDS,1,1,2,0.5
hNDb,0,0,0,
hNDh,0,0,0,
hNDm,2,0,2,1.0
hNDn,2,0,2,1.0
hNDs,0,0,0,
hNHL,1,0,1,1.0
hNHN,0,1,1,0.0
hNHP,0,1,1,0.0
hNHb,1,0,1,1.0
hNHm,0,3,3,0.0
hNID,0,1,1,0.0
hNKB,2,0,2,1.0
hNKD,1,0,1,1.0
hNKH,0,0,0,
hNKM,1,1,2,0.5
hNKP,1,0,1,1.0
hNKS,2,0,2,1.0
hNKb,0,0,0,
hNKl,1,0,1,1.0
hNKm,2,0,2,1.0
hNLB,0,1,1,0.0
hNLH,0,1,1,0.0
hNLL,0,2,2,0.0
hNLM,2,1,3,0.67
hNLN,0,4,4,0.0
hNLP,2,1,3,0.67
hNLb,0,1,1,0.0
hNLh,1,0,1,1.0
hNLn,2,2,4,0.5
hNLs,1,0,1,1.0
hNMB,2,2,4,0.5
hNMD,2,1,3,0.67
hNML,1,0,1,1.0
hNMM,2,1,3,0.67
hNMN,2,4,6,0.33
hNMP,2,4,6,0.33
hNMS,3,1,4,0.75
hNMb,3,2,5,0.6
hNMh,3,2,5,0.6
hNMj,0,1,1,0.0
hNMl,1,0,1,1.0
hNMm,1,3,4,0.25
hNMn,5,1,6,0.83
hNMs,2,1,3,0.67
hNMt,0,1,1,0.0
hNNB,0,3,3,0.0
hNND,1,0,1,1.0
hNNK,1,0,1,1.0
hNNL,0,1,1,0.0
hNNM,4,3,7,0.57
hNNN,4,3,7,0.57
hNNP,3,2,5,0.6
hNNS,4,0,4,1.0
hNNb,2,0,2,1.0
hNNh,0,2,2,0.0
hNNl,0,3,3,0.0
hNNm,0,2,2,0.0
hNNn,3,2,5,0.6
hNNs,5,2,7,0.71
hNNt,1,1,2,0.5
hNPB,2,6,8,0.25
hNPD,0,2,2,0.0
hNPH,1,1,2,0.5
hNPI,0,0,0,
hNPL,2,0,2,1.0
hNPM,2,3,5,0.4
hNPN,3,4,7,0.43
hNPP,7,8,15,0.47
hNPS,1,3,4,0.25
hNPb,1,0,1,1.0
hNPl,2,1,3,0.67
hNPm,6,1,7,0.86
hNPn,3,7,10,0.3
hNPs,3,3,6,0.5
hNSB,2,2,4,0.5
hNSH,0,2,2,0.0
hNSM,4,1,5,0.8
hNSN,0,2,2,0.0
hNSP,4,3,7,0.57
hNSS,5,3,8,0.62
hNSb,3,4,7,0.43
hNSh,1,0,1,1.0
hNSl,0,0,0,
hNSm,1,0,1,1.0
hNSn,0,3,3,0.0
hNSs,2,1,3,0.67
hNSt,0,1,1,0.0
hNbB,0,1,1,0.0
hNbD,1,0,1,1.0
hNbH,2,0,2,1.0
hNbJ,2,1,3,0.67
hNbK,1,0,1,1.0
hNbL,0,1,1,0.0
hNbM,0,3,3,0.0
hNbN,2,3,5,0.4
hNbP,2,3,5,0.4
hNbS,2,2,4,0.5
hNbb,0,3,3,0.0
hNbm,1,2,3,0.33
hNbn,1,0,1,1.0
hNbs,2,1,3,0.67
hNhB,0,0,0,
hNhD,0,1,1,0.0
hNhM,2,2,4,0.5
hNhN,0,0,0,
hNhS,0,2,2,0.0
hNhb,1,0,1,1.0
hNhh,1,2,3,0.33
hNhl,1,0,1,1.0
hNhm,0,1,1,0.0
hNhn,1,0,1,1.0
hNlH,1,0,1,1.0
hNlK,1,0,1,1.0
hNlM,1,0,1,1.0
hNlN,2,4,6,0.33
hNlP,1,2,3,0.33
hNlS,1,0,1,1.0
hNlb,1,0,1,1.0
hNll,0,0,0,
hNlm,1,0,1,1.0
hNln,1,0,1,1.0
hNmB,0,3,3,0.0
hNmD,2,2,4,0.5
hNmH,3,6,9,0.33
hNmK,0,0,0,
hNmL,1,2,3,0.33
hNmM,3,3,6,0.5
hNmN,4,2,6,0.67
hNmP,2,3,5,0.4
hNmS,4,2,6,0.67
hNmb,4,4,8,0.5
hNml,0,0,0,
hNmm,1,2,3,0.33
hNmn,0,5,5,0.0
hNms,3,0,3,1.0
hNnB,3,2,5,0.6
hNnH,1,1,2,0.5
hNnI,1,0,1,1.0
hNnK,1,0,1,1.0
hNnL,1,0,1,1.0
hNnM,4,1,5,0.8
hNnN,3,5,8,0.38
hNnP,2,4,6,0.33
hNnS,5,3,8,0.62
hNnb,0,1,1,0.0
hNnl,0,0,0,
hNnm,2,3,5,0.4
hNnn,3,2,5,0.6
hNns,5,3,8,0.62
hNsB,2,1,3,0.67
hNsD,1,2,3,0.33
hNsH,0,2,2,0.0
hNsL,1,0,1,1.0
hNsM,0,0,0,
hNsN,2,3,5,0.4
hNsP,1,0,1,1.0
hNsS,2,1,3,0.67
hNsb,2,5,7,0.29
hNsl,0,2,2,0.0
hNsm,2,0,2,1.0
hNsn,0,1,1,0.0
hNss,1,4,5,0.2
hNtM,1,1,2,0.5
hNtN,0,3,3,0.0
hNtn,0,2,2,0.0
hPBB,2,5,7,0.29
hPBD,0,2,2,0.0
hPBL,0,1,1,0.0
hPBM,0,2,2,0.0
hPBN,1,1,2,0.5
hPBP,1,5,6,0.17
hPBS,1,1,2,0.5
hPBb,5,3,8,0.62
hPBj,2,0,2,1.0
hPBl,0,1,1,0.0
hPBm,4,1,5,0.8
hPBn,2,3,5,0.4
hPBs,2,0,2,1.0
hPBt,0,0,0,
hPDB,4,3,7,0.57
hPDD,0,1,1,0.0
hPDH,0,1,1,0.0
hPDM,1,1,2,0.5
hPDP,4,3,7,0.57
hPDS,0,0,0,
hPDb,1,0,1,1.0
hPDl,0,1,1,0.0
hPDm,2,2,4,0.5
hPDn,0,3,3,0.0
hPHB,1,1,2,0.5
hPHD,0,0,0,
hPHH,1,0,1,1.0
hPHI,0,1,1,0.0
hPHM,0,2,2,0.0
hPHN,1,0,1,1.0
hPHP,3,0,3,1.0
hPHS,0,1,1,0.0
hPHb,0,1,1,0.0
hPHl,1,0,1,1.0
hPHm,1,1,2,0.5
hPHn,2,1,3,0.67
hPHs,1,0,1,1.0
hPID,0,0,0,
hPIL,0,1,1,0.0
hPIM,1,0,1,1.0
hPIP,1,0,1,1.0
hPIb,1,0,1,1.0
hPIm,1,0,1,1.0
hPKH,0,1,1,0.0
hPKI,0,1,1,0.0
hPKM,1,0,1,1.0
hPKN,1,1,2,0.5
hPKP,1,0,1,1.0
hPKS,0,0,0,
hPKb,0,2,2,0.0
hPKh,0,1,1,0.0
hPKm,0,1,1,0.0
hPKn,0,1,1,0.0
hPKs,2,1,3,0.67
hPLL,1,2,3,0.33
hPLM,1,2,3,0.33
hPLN,1,1,2,0.5
hPLP,1,0,1,1.0
hPLS,1,1,2,0.5
hPLb,0,2,2,0.0
hPLh,0,1,1,0.0
hPLj,0,0,0,
hPLl,2,1,3,0.67
hPLm,5,0,5,1.0
hPLn,1,0,1,1.0
hPLs,1,1,2,0.5
hPMB,3,1,4,0.75
hPMD,1,0,1,1.0
hPML,1,1,2,0.5
hPMM,3,4,7,0.43
hPMN,2,7,9,0.22
hPMP,6,5,11,0.55
hPMS,4,3,7,0.57
hPMb,4,2,6,0.67
hPMh,0,6,6,0.0
hPMj,1,0,1,1.0
hPMl,2,1,3,0.67
hPMm,6,6,12,0.5
hPMn,5,4,9,0.56
hPMs,3,1,4,0.75
hPMt,0,1,1,0.0
hPNB,1,1,2,0.5
hPND,2,0,2,1.0
hPNH,0,0,0,
hPNK,0,1,1,0.0
hPNL,2,2,4,0.5
hPNM,5,4,9,0.56
hPNN,2,4,6,0.33
hPNP,2,4,6,0.33
hPNS,5,2,7,0.71
hPNb,3,6,9,0.33
hPNh,1,2,3,0.33
hPNl,2,1,3,0.67
hPNm,3,3,6,0.5
hPNn,4,9,13,0.31
hPNs,5,1,6,0.83
hPPB,7,5,12,0.58
hPPD,0,2,2,0.0
hPPH,1,1,2,0.5
hPPI,0,1,1,0.0
hPPK,0,0,0,
hPPL,0,1,1,0.0
hPPM,6,5,11,0.55
hPPN,5,1,6,0.83
hPPP,8,6,14,0.57
hPPS,7,6,13,0.54
hPPb,3,6,9,0.33
hPPl,2,5,7,0.29
hPPm,3,3,6,0.5
hPPn,5,2,7,0.71
hPPs,2,3,5,0.4
hPPt,1,1,2,0.5
hPSB,1,3,4,0.25
hPSD,2,0,2,1.0
hPSH,0,2,2,0.0
hPSL,1,1,2,0.5
hPSM,1,5,6,0.17
hPSP,1,2,3,0.33
hPSS,2,2,4,0.5
hPSb,2,5,7,0.29
hPSh,1,0,1,1.0
hPSl,1,2,3,0.33
hPSm,4,2,6,0.67
hPSn,0,2,2,0.0
hPSs,3,3,6,0.5
hPSt,1,0,1,1.0
hPbB,3,2,5,0.6
hPbD,0,1,1,0.0
hPbH,0,0,0,
hPbI,1,0,1,1.0
hPbK,0,1,1,0.0
hPbL,1,1,2,0.5
hPbM,4,4,8,0.5
hPbN,5,4,9,0.56
hPbP,4,7,11,0.36
hPbb,1,2,3,0.33
hPbm,0,2,2,0.0
hPbn,4,3,7,0.57
hPbs,0,2,2,0.0
hPhB,0,2,2,0.0
hPhS,1,0,1,1.0
hPhb,0,1,1,0.0
hPhh,0,0,0,
hPhm,1,1,2,0.5
hPhs,1,0,1,1.0
hPlB,2,1,3,0.67
hPlD,0,0,0,
hPlH,1,1,2,0.5
hPlK,0,0,0,
hPlL,0,1,1,0.0
hPlM,1,0,1,1.0
hPlN,3,1,4,0.75
hPlP,2,0,2,1.0
hPlS,0,1,1,0.0
hPlb,1,3,4,0.25
hPlm,1,1,2,0.5
hPln,1,0,1,1.0
hPls,3,1,4,0.75
hPmB,3,4,7,0.43
hPmD,1,0,1,1.0
hPmH,4,2,6,0.67
hPmI,2,1,3,0.67
hPmJ,3,1,4,0.75
hPmL,2,1,3,0.67
hPmM,8,3,11,0.73
hPmN,3,4,7,0.43
hPmP,4,3,7,0.57
hPmS,0,3,3,0.0
hPmb,1,3,4,0.25
hPml,1,0,1,1.0
hPmm,7,7,14,0.5
hPmn,2,3,5,0.4
hPms,4,0,4,1.0
hPnB,2,3,5,0.4
hPnD,2,0,2,1.0
hPnH,2,4,6,0.33
hPnK,3,0,3,1.0
hPnL,0,1,1,0.0
hPnM,2,4,6,0.33
hPnN,5,3,8,0.62
hPnP,1,6,7,0.14
hPnS,2,6,8,0.25
hPnb,1,4,5,0.2
hPnh,1,0,1,1.0
hPnl,2,2,4,0.5
hPnm,3,0,3,1.0
hPnn,2,0,2,1.0
hPns,1,4,5,0.2
hPsB,3,1,4,0.75
hPsD,2,0,2,1.0
hPsH,1,2,3,0.33
hPsL,0,2,2,0.0
hPsM,6,2,8,0.75
hPsN,2,0,2,1.0
hPsP,3,2,5,0.6
hPsS,5,2,7,0.71
hPsb,1,0,1,1.0
hPsl,1,0,1,1.0
hPsm,6,3,9,0.67
hPsn,2,1,3,0.67
hPss,3,2,5,0.6
hPtB,0,1,1,0.0
hPtD,1,0,1,1.0
hPtH,1,0,1,1.0
hPtN,0,1,1,0.0
hPtb,0,1,1,0.0
hPtm,1,0,1,1.0
hPtn,2,0,2,1.0
hPts,1,0,1,1.0
hSBB,2,6,8,0.25
hSBD,2,0,2,1.0
hSBK,1,0,1,1.0
hSBL,1,0,1,1.0
hSBM,3,3,6,0.5
hSBN,0,4,4,0.0
hSBP,2,0,2,1.0
hSBS,1,1,2,0.5
hSBb,5,2,7,0.71
hSBj,1,1,2,0.5
hSBl,0,1,1,0.0
hSBm,2,2,4,0.5
hSBn,4,0,4,1.0
hSBs,1,2,3,0.33
hSDB,0,0,0,
hSDD,1,0,1,1.0
hSDH,0,1,1,0.0
hSDL,0,1,1,0.0
hSDP,1,2,3,0.33
hSDS,1,0,1,1.0
hSDm,3,1,4,0.75
hSDs,1,0,1,1.0
hSHB,2,0,2,1.0
hSHD,0,1,1,0.0
hSHI,0,1,1,0.0
hSHM,1,0,1,1.0
hSHN,1,2,3,0.33
hSHP,0,1,1,0.0
hSHS,2,4,6,0.33
hSHb,0,2,2,0.0
hSHl,1,0,1,1.0
hSHm,4,1,5,0.8
hSHn,2,1,3,0.67
hSHs,2,1,3,0.67
hSIS,0,0,0,
hSKN,1,0,1,1.0
hSKS,1,0,1,1.0
hSLB,1,0,1,1.0
hSLK,0,1,1,0.0
hSLM,0,1,1,0.0
hSLN,1,2,3,0.33
hSLP,4,1,5,0.8
hSLS,4,0,4,1.0
hSLb,1,2,3,0.33
hSLh,1,0,1,1.0
hSLl,0,1,1,0.0
hSLm,1,0,1,1.0
hSLn,0,0,0,
hSMB,4,4,8,0.5
hSMD,0,0,0,
hSMK,0,1,1,0.0
hSML,2,0,2,1.0
hSMM,4,3,7,0.57
hSMN,4,1,5,0.8
hSMP,3,6,9,0.33
hSMS,2,2,4,0.5
hSMb,5,3,8,0.62
hSMh,3,6,9,0.33
hSMl,1,4,5,0.2
hSMm,3,5,8,0.38
hSMn,0,2,2,0.0
hSMs,4,3,7,0.57
hSNB,2,2,4,0.5
hSNH,2,0,2,1.0
hSNL,0,3,3,0.0
hSNM,2,2,4,0.5
hSNN,2,4,6,0.33
hSNP,5,1,6,0.83
hSNS,1,3,4,0.25
hSNb,3,3,6,0.5
hSNh,1,1,2,0.5
hSNm,1,6,7,0.14
hSNn,1,0,1,1.0
hSNs,0,2,2,0.0
hSNt,0,1,1,0.0
hSPB,1,2,3,0.33
hSPD,0,1,1,0.0
hSPH,1,0,1,1.0
hSPI,0,0,0,
hSPK,1,0,1,1.0
hSPL,0,2,2,0.0
hSPM,2,0,2,1.0
hSPN,3,2,5,0.6
hSPP,7,5,12,0.58
hSPS,2,2,4,0.5
hSPb,3,2,5,0.6
hSPh,1,0,1,1.0
hSPl,0,0,0,
hSPm,6,2,8,0.75
hSPn,1,0,1,1.0
hSPs,2,3,5,0.4
hSSB,4,3,7,0.57
hSSD,1,0,1,1.0
hSSH,2,0,2,1.0
hSSK,2,0,2,1.0
hSSL,1,1,2,0.5
hSSM,3,6,9,0.33
hSSN,4,1,5,0.8
hSSP,2,5,7,0.29
hSSS,3,7,10,0.3
hSSb,1,2,3,0.33
hSSh,1,2,3,0.33
hSSl,1,2,3,0.33
hSSm,4,1,5,0.8
hSSn,1,0,1,1.0
hSSs,2,1,3,0.67
hSSt,0,1,1,0.0
hSbB,4,4,8,0.5
hSbJ,0,1,1,0.0
hSbK,1,0,1,1.0
hSbL,1,2,3,0.33
hSbM,2,4,6,0.33
hSbN,1,0,1,1.0
hSbP,1,0,1,1.0
hSbS,1,1,2,0.5
hSbb,0,1,1,0.0
hSbm,0,4,4,0.0
hSbn,4,2,6,0.67
hSbs,1,0,1,1.0
hShB,1,0,1,1.0
hShD,0,1,1,0.0
hShH,0,0,0,
hShK,1,0,1,1.0
hShM,1,1,2,0.5
hShN,1,0,1,1.0
hShP,0,1,1,0.0
hShS,0,1,1,0.0
hShb,2,2,4,0.5
hShh,0,4,4,0.0
hShl,0,1,1,0.0
hShm,0,2,2,0.0
hShn,3,0,3,1.0
hShs,1,2,3,0.33
hSlB,0,0,0,
hSlH,0,1,1,0.0
hSlJ,0,1,1,0.0
hSlN,1,0,1,1.0
hSlP,2,0,2,1.0
hSlS,2,0,2,1.0
hSlb,0,1,1,0.0
hSll,1,0,1,1.0
hSlm,0,1,1,0.0
hSln,0,1,1,0.0
hSls,0,1,1,0.0
hSmB,3,1,4,0.75
hSmD,1,1,2,0.5
hSmH,4,3,7,0.57
hSmJ,0,0,0,
hSmL,0,0,0,
hSmM,1,5,6,0.17
hSmN,6,5,11,0.55
hSmP,3,3,6,0.5
hSmS,0,2,2,0.0
hSmb,0,0,0,
hSml,0,1,1,0.0
hSmm,4,3,7,0.57
hSmn,2,3,5,0.4
hSms,1,1,2,0.5
hSnB,1,0,1,1.0
hSnD,2,1,3,0.67
hSnH,1,1,2,0.5
hSnI,1,0,1,1.0
hSnK,0,1,1,0.0
hSnL,0,0,0,
hSnM,4,1,5,0.8
hSnN,5,1,6,0.83
hSnP,1,1,2,0.5
hSnS,0,3,3,0.0
hSnb,0,1,1,0.0
hSnl,0,1,1,0.0
hSnm,2,0,2,1.0
hSnn,6,2,8,0.75
hSns,2,5,7,0.29
hSsB,0,1,1,0.0
hSsD,4,0,4,1.0
hSsH,2,4,6,0.33
hSsK,1,1,2,0.5
hSsL,2,0,2,1.0
hSsM,4,1,5,0.8
hSsN,5,1,6,0.83
hSsP,2,5,7,0.29
hSsS,7,2,9,0.78
hSsb,0,2,2,0.0
hSsm,3,3,6,0.5
hSsn,1,1,2,0.5
hSss,1,2,3,0.33
hStS,1,0,1,1.0
hStm,1,0,1,1.0
hbBB,1,1,2,0.5
hbBL,1,1,2,0.5
hbBM,1,2,3,0.33
hbBN,3,4,7,0.43
hbBP,3,3,6,0.5
hbBS,0,2,2,0.0
hbBb,0,2,2,0.0
hbBl,1,0,1,1.0
hbBm,2,1,3,0.67
hbBn,2,1,3,0.67
hbBs,2,2,4,0.5
hbBt,1,0,1,1.0
hbDB,2,1,3,0.67
hbDD,0,2,2,0.0
hbDN,2,1,3,0.67
hbDP,0,0,0,
hbDS,0,1,1,0.0
hbDm,1,2,3,0.33
hbDn,1,0,1,1.0
hbDs,0,1,1,0.0
hbHB,0,0,0,
hbHN,0,1,1,0.0
hbHP,2,0,2,1.0
hbHh,0,1,1,0.0
hbHm,0,0,0,
hbHn,0,1,1,0.0
hbIB,1,0,1,1.0
hbIH,1,0,1,1.0
hbIS,1,0,1,1.0
hbIm,0,1,1,0.0
hbIs,1,0,1,1.0
hbJD,0,0,0,
hbJH,0,1,1,0.0
hbJM,1,0,1,1.0
hbJN,0,0,0,
hbJP,0,1,1,0.0
hbJl,0,1,1,0.0
hbJm,0,0,0,
hbJn,0,0,0,
hbJs,1,1,2,0.5
hbKB,1,0,1,1.0
hbKM,2,2,4,0.5
hbKP,0,3,3,0.0
hbKb,1,0,1,1.0
hbKh,1,3,4,0.25
hbKm,1,0,1,1.0
hbKs,0,0,0,
hbLB,1,1,2,0.5
hbLL,1,0,1,1.0
hbLM,0,0,0,
hbLN,2,0,2,1.0
hbLP,0,1,1,0.0
hbLS,1,0,1,1.0
hbLb,2,1,3,0.67
hbLj,0,0,0,
hbLm,0,2,2,0.0
hbLn,1,0,1,1.0
hbLs,0,0,0,
hbMB,0,2,2,0.0
hbMD,0,1,1,0.0
hbML,0,0,0,
hbMM,1,1,2,0.5
hbMN,4,0,4,1.0
hbMP,2,2,4,0.5
hbMS,2,0,2,1.0
hbMb,3,2,5,0.6
hbMh,4,4,8,0.5
hbMl,0,1,1,0.0
hbMm,5,3,8,0.62
hbMn,5,4,9,0.56
hbMs,0,0,0,
hbMt,1,0,1,1.0
hbNB,2,2,4,0.5
hbNH,1,0,1,1.0
hbNK,0,1,1,0.0
hbNL,2,0,2,1.0
hbNM,2,3,5,0.4
hbNN,5,6,11,0.45
hbNP,1,0,1,1.0
hbNS,0,5,5,0.0
hbNb,4,3,7,0.57
hbNh,2,0,2,1.0
hbNm,4,2,6,0.67
hbNn,3,6,9,0.33
hbNs,0,2,2,0.0
hbNt,2,0,2,1.0
hbPB,1,4,5,0.2
hbPD,1,0,1,1.0
hbPH,0,1,1,0.0
hbPI,0,0,0,
hbPM,6,3,9,0.67
hbPN,1,3,4,0.25
hbPP,7,3,10,0.7
hbPS,0,0,0,
hbPb,3,1,4,0.75
hbPl,4,0,4,1.0
hbPm,6,1,7,0.86
hbPn,0,1,1,0.0
hbPs,1,2,3,0.33
hbSD,1,0,1,1.0
hbSH,1,0,1,1.0
hbSL,0,1,1,0.0
hbSM,2,8,10,0.2
hbSN,1,2,3,0.33
hbSP,1,3,4,0.25
hbSS,2,1,3,0.67
hbSb,0,1,1,0.0
hbSh,1,0,1,1.0
hbSl,0,2,2,0.0
hbSm,2,1,3,0.67
hbSn,1,3,4,0.25
hbSs,0,1,1,0.0
hbbB,1,1,2,0.5
hbbH,3,1,4,0.75
hbbI,0,0,0,
hbbL,0,1,1,0.0
hbbM,3,2,5,0.6
hbbN,2,2,4,0.5
hbbP,2,1,3,0.67
hbbS,4,1,5,0.8
hbbb,4,2,6,0.67
hbbl,1,0,1,1.0
hbbm,2,3,5,0.4
hbbn,3,4,7,0.43
hbbs,3,0,3,1.0
hblB,0,0,0,
hblL,0,0,0,
hblM,0,2,2,0.0
hblb,0,1,1,0.0
hbll,1,1,2,0.5
hblm,0,0,0,
hbln,0,3,3,0.0
hbls,1,0,1,1.0
hbmB,3,0,3,1.0
hbmD,0,1,1,0.0
hbmH,0,2,2,0.0
hbmL,1,0,1,1.0
hbmM,0,0,0,
hbmN,2,1,3,0.67
hbmP,1,1,2,0.5
hbmS,0,3,3,0.0
hbmb,2,1,3,0.67
hbml,2,1,3,0.67
hbmm,2,3,5,0.4
hbmn,0,3,3,0.0
hbms,2,2,4,0.5
hbnB,1,1,2,0.5
hbnD,1,1,2,0.5
hbnH,0,2,2,0.0
hbnL,1,0,1,1.0
hbnM,3,0,3,1.0
hbnN,3,2,5,0.6
hbnP,3,2,5,0.6
hbnb,2,0,2,1.0
hbnh,0,0,0,
hbnl,1,1,2,0.5
hbnm,6,1,7,0.86
hbnn,3,4,7,0.43
hbns,3,2,5,0.6
hbsB,1,0,1,1.0
hbsD,1,1,2,0.5
hbsH,1,0,1,1.0
hbsP,6,0,6,1.0
hbsS,0,0,0,
hbsm,1,1,2,0.5
hbsn,1,0,1,1.0
hbss,1,0,1,1.0
hbst,0,0,0,
hhBB,4,1,5,0.8
hhBD,1,1,2,0.5
hhBM,1,2,3,0.33
hhBN,1,4,5,0.2
hhBP,1,0,1,1.0
hhBS,2,2,4,0.5
hhBb,2,0,2,1.0
hhBh,1,0,1,1.0
hhBj,0,1,1,0.0
hhBl,0,1,1,0.0
hhBm,2,1,3,0.67
hhBn,5,2,7,0.71
hhBs,1,1,2,0.5
hhDD,0,1,1,0.0
hhDH,0,1,1,0.0
hhDL,0,1,1,0.0
hhDM,1,0,1,1.0
hhDN,1,0,1,1.0
hhDP,0,0,0,
hhDS,0,2,2,0.0
hhDm,3,0,3,1.0
hhDn,0,1,1,0.0
hhDs,1,0,1,1.0
hhHL,1,1,2,0.5
hhHM,1,0,1,1.0
hhHN,1,0,1,1.0
hhHP,0,1,1,0.0
hhHb,1,0,1,1.0
hhHh,0,0,0,
hhHm,0,0,0,
hhHn,1,0,1,1.0
hhHs,1,0,1,1.0
hhID,0,1,1,0.0
hhIP,0,1,1,0.0
hhIs,0,1,1,0.0
hhKm,0,0,0,
hhLB,2,0,2,1.0
hhLM,0,1,1,0.0
hhLN,0,0,0,
hhLS,1,0,1,1.0
hhLb,3,0,3,1.0
hhLm,0,1,1,0.0
hhLn,1,1,2,0.5
hhMB,1,5,6,0.17
hhMD,0,1,1,0.0
hhML,0,2,2,0.0
hhMM,1,11,12,0.08
hhMN,2,0,2,1.0
hhMP,3,3,6,0.5
hhMS,1,0,1,1.0
hhMb,2,1,3,0.67
hhMh,3,1,4,0.75
hhMl,1,0,1,1.0
hhMm,11,5,16,0.69
hhMn,4,3,7,0.57
hhMs,1,2,3,0.33
hhNB,1,0,1,1.0
hhND,1,1,2,0.5
hhNK,0,2,2,0.0
hhNM,3,0,3,1.0
hhNN,3,0,3,1.0
hhNP,1,5,6,0.17
hhNS,1,1,2,0.5
hhNb,0,1,1,0.0
hhNh,0,0,0,
hhNl,1,0,1,1.0
hhNm,2,1,3,0.67
hhNn,5,0,5,1.0
hhNs,1,0,1,1.0
hhPB,4,2,6,0.67
hhPD,1,0,1,1.0
hhPH,0,1,1,0.0
hhPK,1,1,2,0.5
hhPL,1,1,2,0.5
hhPM,2,1,3,0.67
hhPN,3,4,7,0.43
hhPP,5,2,7,0.71
hhPS,1,2,3,0.33
hhPb,2,1,3,0.67
hhPl,1,1,2,0.5
hhPm,4,5,9,0.44
hhPn,4,4,8,0.5
hhPs,1,1,2,0.5
hhPt,0,1,1,0.0
hhSB,3,4,7,0.43
hhSH,2,2,4,0.5
hhSK,0,0,0,
hhSL,0,1,1,0.0
hhSM,7,4,11,0.64
hhSN,2,1,3,0.67
hhSP,7,1,8,0.88
hhSS,1,4,5,0.2
hhSb,3,1,4,0.75
hhSh,0,0,0,
hhSl,1,1,2,0.5
hhSm,5,3,8,0.62
hhSn,1,2,3,0.33
hhSs,3,2,5,0.6
hhbB,1,2,3,0.33
hhbH,0,0,0,
hhbJ,0,0,0,
hhbK,0,1,1,0.0
hhbL,0,1,1,0.0
hhbM,1,3,4,0.25
hhbN,2,2,4,0.5
hhbP,3,2,5,0.6
hhbS,1,1,2,0.5
hhbb,4,1,5,0.8
hhbl,0,1,1,0.0
hhbm,1,2,3,0.33
hhbn,2,3,5,0.4
hhbs,2,0,2,1.0
hhhB,0,2,2,0.0
hhhD,1,0,1,1.0
hhhH,1,1,2,0.5
hhhL,0,1,1,0.0
hhhM,2,2,4,0.5
hhhN,1,3,4,0.25
hhhP,2,4,6,0.33
hhhS,3,2,5,0.6
hhhb,1,2,3,0.33
hhhh,0,1,1,0.0
hhhl,1,1,2,0.5
hhhm,5,1,6,0.83
hhhn,0,6,6,0.0
hhhs,4,2,6,0.67
hhlB,1,0,1,1.0
hhlH,1,0,1,1.0
hhlJ,1,0,1,1.0
hhlK,1,0,1,1.0
hhlM,2,1,3,0.67
hhlN,1,1,2,0.5
hhlP,2,1,3,0.67
hhlS,1,3,4,0.25
hhlb,1,3,4,0.25
hhlm,1,1,2,0.5
hhln,1,1,2,0.5
hhmB,2,3,5,0.4
hhmD,1,0,1,1.0
hhmH,2,3,5,0.4
hhmJ,1,1,2,0.5
hhmK,0,1,1,0.0
hhmL,2,0,2,1.0
hhmM,4,3,7,0.57
hhmN,2,4,6,0.33
hhmP,4,3,7,0.57
hhmS,2,5,7,0.29
hhmb,0,4,4,0.0
hhml,0,1,1,0.0
hhmm,6,4,10,0.6
hhmn,1,0,1,1.0
hhms,0,0,0,
hhnB,1,0,1,1.0
hhnD,1,0,1,1.0
hhnH,0,1,1,0.0
hhnI,1,0,1,1.0
hhnL,1,0,1,1.0
hhnM,2,4,6,0.33
hhnN,2,2,4,0.5
hhnP,1,4,5,0.2
hhnS,2,3,5,0.4
hhnb,1,1,2,0.5
hhnl,0,1,1,0.0
hhnm,4,3,7,0.57
hhnn,1,4,5,0.2
hhns,2,7,9,0.22
hhsB,2,1,3,0.67
hhsH,2,2,4,0.5
hhsI,0,1,1,0.0
hhsL,1,0,1,1.0
hhsM,5,3,8,0.62
hhsN,3,3,6,0.5
hhsP,3,3,6,0.5
hhsS,0,3,3,0.0
hhsb,1,3,4,0.25
hhsh,0,1,1,0.0
hhsm,1,2,3,0.33
hhsn,0,2,2,0.0
hhss,1,2,3,0.33
hhtn,1,0,1,1.0
hhts,1,0,1,1.0
hlBM,0,1,1,0.0
hlBN,0,2,2,0.0
hlBP,1,0,1,1.0
hlBS,0,0,0,
hlBb,0,2,2,0.0
hlBl,0,1,1,0.0
hlBm,0,1,1,0.0
hlBn,0,0,0,
hlBs,1,2,3,0.33
hlDb,0,1,1,0.0
hlDl,1,0,1,1.0
hlDm,1,0,1,1.0
hlHB,0,1,1,0.0
hlHL,0,2,2,0.0
hlHM,0,1,1,0.0
hlHN,0,1,1,0.0
hlHP,2,1,3,0.67
hlHS,1,1,2,0.5
hlHb,0,1,1,0.0
hlHm,2,1,3,0.67
hlHn,0,0,0,
hlHs,0,0,0,
hlJL,1,0,1,1.0
hlJM,0,1,1,0.0
hlJP,2,0,2,1.0
hlJl,1,0,1,1.0
hlJn,0,0,0,
hlKM,0,1,1,0.0
hlKN,1,0,1,1.0
hlKl,0,0,0,
hlKs,0,1,1,0.0
hlLM,0,1,1,0.0
hlLP,0,2,2,0.0
hlLS,0,1,1,0.0
hlLb,0,1,1,0.0
hlMB,2,0,2,1.0
hlML,0,1,1,0.0
hlMM,1,0,1,1.0
hlMN,1,1,2,0.5
hlMP,1,2,3,0.33
hlMS,0,1,1,0.0
hlMb,2,1,3,0.67
hlMh,1,1,2,0.5
hlMl,1,0,1,1.0
hlMm,0,1,1,0.0
hlMn,0,2,2,0.0
hlMs,2,0,2,1.0
hlNB,0,1,1,0.0
hlND,2,0,2,1.0
hlNL,1,0,1,1.0
hlNM,0,1,1,0.0
hlNN,2,2,4,0.5
hlNP,2,1,3,0.67
hlNS,0,1,1,0.0
hlNb,1,1,2,0.5
hlNh,0,1,1,0.0
hlNl,0,1,1,0.0
hlNm,1,0,1,1.0
hlNn,0,1,1,0.0
hlNs,3,0,3,1.0
hlNt,1,0,1,1.0
hlPB,1,1,2,0.5
hlPK,1,1,2,0.5
hlPM,0,1,1,0.0
hlPN,3,0,3,1.0
hlPP,1,0,1,1.0
hlPS,1,1,2,0.5
hlPb,1,0,1,1.0
hlPl,0,0,0,
hlPm,0,3,3,0.0
hlPn,1,0,1,1.0
hlPs,1,1,2,0.5
hlSL,1,1,2,0.5
hlSM,1,2,3,0.33
hlSN,0,1,1,0.0
hlSP,1,0,1,1.0
hlSS,1,1,2,0.5
hlSb,1,0,1,1.0
hlSl,1,0,1,1.0
hlSm,0,1,1,0.0
hlSn,1,2,3,0.33
hlSs,1,1,2,0.5
hlbB,1,0,1,1.0
hlbD,1,0,1,1.0
hlbK,0,1,1,0.0
hlbL,1,0,1,1.0
hlbM,0,1,1,0.0
hlbN,0,2,2,0.0
hlbP,0,2,2,0.0
hlbb,4,2,6,0.67
hlbm,1,3,4,0.25
hlbn,2,0,2,1.0
hlbs,0,0,0,
hllB,0,1,1,0.0
hllD,0,1,1,0.0
hllL,0,1,1,0.0
hllN,0,1,1,0.0
hllP,1,0,1,1.0
hllS,1,0,1,1.0
hlll,0,1,1,0.0
hllm,0,1,1,0.0
hlls,1,0,1,1.0
hlmB,2,0,2,1.0
hlmD,0,1,1,0.0
hlmH,0,1,1,0.0
hlmL,1,2,3,0.33
hlmM,0,1,1,0.0
hlmN,3,1,4,0.75
hlmP,2,2,4,0.5
hlmS,1,2,3,0.33
hlmb,0,1,1,0.0
hlml,1,1,2,0.5
hlmm,0,0,0,
hlms,2,0,2,1.0
hlnB,0,1,1,0.0
hlnD,0,1,1,0.0
hlnH,0,2,2,0.0
hlnM,0,2,2,0.0
hlnN,1,1,2,0.5
hlnP,3,0,3,1.0
hlnS,0,0,0,
hlnb,4,1,5,0.8
hlnm,0,1,1,0.0
hlnn,1,0,1,1.0
hlns,1,3,4,0.25
hlsB,1,0,1,1.0
hlsD,0,0,0,
hlsH,1,0,1,1.0
hlsM,1,1,2,0.5
hlsN,0,0,0,
hlsP,0,1,1,0.0
hlsS,2,0,2,1.0
hlsb,0,1,1,0.0
hlsm,3,0,3,1.0
hlss,0,0,0,
hmBB,4,1,5,0.8
hmBD,2,1,3,0.67
hmBK,0,1,1,0.0
hmBL,1,0,1,1.0
hmBM,4,6,10,0.4
hmBN,4,5,9,0.44
hmBP,2,3,5,0.4
hmBS,1,1,2,0.5
hmBb,2,3,5,0.4
hmBj,0,2,2,0.0
hmBm,2,4,6,0.33
hmBn,5,4,9,0.56
hmBs,2,1,3,0.67
hmDB,0,1,1,0.0
hmDD,1,2,3,0.33
hmDH,1,1,2,0.5
hmDL,0,0,0,
hmDM,1,1,2,0.5
hmDN,1,2,3,0.33
hmDS,3,0,3,1.0
hmDb,0,1,1,0.0
hmDm,2,1,3,0.67
hmDn,0,2,2,0.0
hmDs,0,0,0,
hmHB,0,2,2,0.0
hmHD,0,0,0,
hmHH,1,1,2,0.5
hmHK,0,0,0,
hmHL,0,1,1,0.0
hmHM,2,4,6,0.33
hmHN,1,3,4,0.25
hmHP,2,5,7,0.29
hmHS,1,4,5,0.2
hmHb,6,2,8,0.75
hmHh,2,1,3,0.67
hmHl,3,0,3,1.0
hmHm,5,2,7,0.71
hmHn,3,2,5,0.6
hmHs,4,0,4,1.0
hmHt,0,1,1,0.0
hmIM,1,0,1,1.0
hmIP,0,1,1,0.0
hmIb,0,1,1,0.0
hmIm,1,0,1,1.0
hmJB,0,1,1,0.0
hmJD,0,1,1,0.0
hmJH,1,0,1,1.0
hmJK,0,1,1,0.0
hmJM,0,2,2,0.0
hmJN,0,1,1,0.0
hmJP,0,0,0,
hmJS,1,0,1,1.0
hmJm,0,3,3,0.0
hmJn,1,1,2,0.5
hmJs,0,1,1,0.0
hmKm,0,1,1,0.0
hmLB,1,2,3,0.33
hmLD,1,0,1,1.0
hmLK,0,0,0,
hmLL,1,0,1,1.0
hmLM,0,4,4,0.0
hmLN,1,0,1,1.0
hmLP,1,1,2,0.5
hmLS,1,0,1,1.0
hmLb,1,1,2,0.5
hmLl,0,0,0,
hmLm,0,3,3,0.0
hmLn,3,0,3,1.0
hmLs,2,2,4,0.5
hmMB,2,4,6,0.33
hmMD,4,0,4,1.0
hmML,4,1,5,0.8
hmMM,3,5,8,0.38
hmMN,1,2,3,0.33
hmMP,3,7,10,0.3
hmMS,3,1,4,0.75
hmMb,3,4,7,0.43
hmMh,3,1,4,0.75
hmMl,1,1,2,0.5
hmMm,7,8,15,0.47
hmMn,3,3,6,0.5
hmMs,6,2,8,0.75
hmNB,2,4,6,0.33
hmND,1,0,1,1.0
hmNH,1,0,1,1.0
hmNK,0,1,1,0.0
hmNL,0,2,2,0.0
hmNM,2,2,4,0.5
hmNN,2,6,8,0.25
hmNP,2,3,5,0.4
hmNS,2,3,5,0.4
hmNb,5,1,6,0.83
hmNh,0,2,2,0.0
hmNl,3,3,6,0.5
hmNm,3,4,7,0.43
hmNn,5,10,15,0.33
hmNs,2,5,7,0.29
hmPB,4,4,8,0.5
hmPD,0,1,1,0.0
hmPK,1,0,1,1.0
hmPL,2,1,3,0.67
hmPM,7,4,11,0.64
hmPN,4,4,8,0.5
hmPP,5,6,11,0.45
hmPS,3,2,5,0.6
hmPb,3,3,6,0.5
hmPh,1,1,2,0.5
hmPl,0,1,1,0.0
hmPm,2,2,4,0.5
hmPn,1,1,2,0.5
hmPs,0,1,1,0.0
hmSB,7,2,9,0.78
hmSD,2,0,2,1.0
hmSH,0,2,2,0.0
hmSM,4,2,6,0.67
hmSN,0,3,3,0.0
hmSP,4,2,6,0.67
hmSS,4,4,8,0.5
hmSb,2,4,6,0.33
hmSh,0,1,1,0.0
hmSl,0,2,2,0.0
hmSm,3,5,8,0.38
hmSn,4,1,5,0.8
hmSs,4,3,7,0.57
hmbB,1,3,4,0.25
hmbD,1,1,2,0.5
hmbH,1,0,1,1.0
hmbI,2,0,2,1.0
hmbJ,1,0,1,1.0
hmbL,1,1,2,0.5
hmbM,3,4,7,0.43
hmbN,4,3,7,0.57
hmbP,4,5,9,0.44
hmbS,0,4,4,0.0
hmbb,2,3,5,0.4
hmbl,1,1,2,0.5
hmbm,3,3,6,0.5
hmbn,1,2,3,0.33
hmbs,1,1,2,0.5
hmhb,0,1,1,0.0
hmlH,0,1,1,0.0
hmlL,0,1,1,0.0
hmlM,2,2,4,0.5
hmlN,1,0,1,1.0
hmlP,1,0,1,1.0
hmlb,2,1,3,0.67
hmlm,2,0,2,1.0
hmln,1,1,2,0.5
hmmB,6,4,10,0.6
hmmD,2,0,2,1.0
hmmH,4,2,6,0.67
hmmJ,1,0,1,1.0
hmmL,1,0,1,1.0
hmmM,5,1,6,0.83
hmmN,4,5,9,0.44
hmmP,7,9,16,0.44
hmmS,2,3,5,0.4
hmmb,5,3,8,0.62
hmml,2,1,3,0.67
hmmm,2,5,7,0.29
hmmn,4,9,13,0.31
hmms,1,1,2,0.5
hmnB,2,2,4,0.5
hmnD,0,2,2,0.0
hmnH,0,1,1,0.0
hmnI,2,0,2,1.0
hmnK,0,0,0,
hmnL,0,1,1,0.0
hmnM,3,1,4,0.75
hmnN,4,5,9,0.44
hmnP,3,0,3,1.0
hmnS,1,4,5,0.2
hmnb,0,1,1,0.0
hmnm,3,6,9,0.33
hmnn,2,2,4,0.5
hmns,1,1,2,0.5
hmsB,4,0,4,1.0
hmsD,3,0,3,1.0
hmsH,4,1,5,0.8
hmsL,0,1,1,0.0
hmsM,1,2,3,0.33
hmsN,4,5,9,0.44
hmsP,2,1,3,0.67
hmsS,3,2,5,0.6
hmsb,0,0,0,
hmsm,2,2,4,0.5
hmsn,5,1,6,0.83
hmss,0,2,2,0.0
hnBB,3,3,6,0.5
hnBL,3,1,4,0.75
hnBM,1,1,2,0.5
hnBN,3,1,4,0.75
hnBP,3,3,6,0.5
hnBS,1,0,1,1.0
hnBb,1,2,3,0.33
hnBl,0,1,1,0.0
hnBm,1,2,3,0.33
hnBn,2,1,3,0.67
hnBs,0,0,0,
hnDH,0,1,1,0.0
hnDM,0,2,2,0.0
hnDN,0,1,1,0.0
hnDS,1,0,1,1.0
hnDb,0,1,1,0.0
hnDm,1,2,3,0.33
hnDs,2,0,2,1.0
hnHB,2,1,3,0.67
hnHD,1,0,1,1.0
hnHL,1,2,3,0.33
hnHM,1,2,3,0.33
hnHN,3,3,6,0.5
hnHP,0,1,1,0.0
hnHb,1,1,2,0.5
hnHh,0,0,0,
hnHl,0,1,1,0.0
hnHm,2,2,4,0.5
hnHn,0,1,1,0.0
hnHs,2,1,3,0.67
hnIH,0,1,1,0.0
hnIM,1,1,2,0.5
hnIN,1,0,1,1.0
hnIP,2,1,3,0.67
hnKB,0,1,1,0.0
hnKI,0,1,1,0.0
hnKM,0,1,1,0.0
hnKP,0,1,1,0.0
hnKS,0,0,0,
hnKh,1,0,1,1.0
hnKl,1,0,1,1.0
hnKn,1,0,1,1.0
hnKs,0,0,0,
hnLB,2,0,2,1.0
hnLD,1,0,1,1.0
hnLM,1,0,1,1.0
hnLN,2,1,3,0.67
hnLP,1,2,3,0.33
hnLh,0,1,1,0.0
hnLm,0,0,0,
hnLn,1,0,1,1.0
hnLs,1,0,1,1.0
hnMB,1,1,2,0.5
hnML,1,0,1,1.0
hnMM,1,2,3,0.33
hnMN,5,2,7,0.71
hnMP,0,1,1,0.0
hnMS,0,5,5,0.0
hnMb,1,2,3,0.33
hnMh,2,2,4,0.5
hnMj,1,0,1,1.0
hnMl,0,1,1,0.0
hnMm,6,4,10,0.6
hnMn,0,3,3,0.0
hnMs,1,2,3,0.33
hnMt,1,0,1,1.0
hnNB,4,3,7,0.57
hnND,1,1,2,0.5
hnNH,0,0,0,
hnNK,1,0,1,1.0
hnNL,1,0,1,1.0
hnNM,5,1,6,0.83
hnNN,2,3,5,0.4
hnNP,3,2,5,0.6
hnNS,2,3,5,0.4
hnNb,1,1,2,0.5
hnNh,0,2,2,0.0
hnNl,4,0,4,1.0
hnNm,3,4,7,0.43
hnNn,6,4,10,0.6
hnNs,3,0,3,1.0
hnNt,0,1,1,0.0
hnPB,2,4,6,0.33
hnPD,0,0,0,
hnPH,1,2,3,0.33
hnPI,2,0,2,1.0
hnPK,1,1,2,0.5
hnPM,3,4,7,0.43
hnPN,5,3,8,0.62
hnPP,3,8,11,0.27
hnPS,3,1,4,0.75
hnPb,3,1,4,0.75
hnPh,0,0,0,
hnPl,1,2,3,0.33
hnPm,6,9,15,0.4
hnPn,2,7,9,0.22
hnPs,1,0,1,1.0
hnSB,0,1,1,0.0
hnSD,2,1,3,0.67
hnSH,0,1,1,0.0
hnSK,1,0,1,1.0
hnSL,2,1,3,0.67
hnSM,2,1,3,0.67
hnSN,4,4,8,0.5
hnSP,5,3,8,0.62
hnSS,0,3,3,0.0
hnSb,2,2,4,0.5
hnSh,0,0,0,
hnSl,1,1,2,0.5
hnSm,4,0,4,1.0
hnSn,4,0,4,1.0
hnSs,3,4,7,0.43
hnbB,0,1,1,0.0
hnbH,2,0,2,1.0
hnbL,2,1,3,0.67
hnbM,1,4,5,0.2
hnbN,1,4,5,0.2
hnbP,2,4,6,0.33
hnbS,0,1,1,0.0
hnbb,4,3,7,0.57
hnbl,0,1,1,0.0
hnbm,2,1,3,0.67
hnbn,1,0,1,1.0
hnbs,1,3,4,0.25
hnhs,0,1,1,0.0
hnlB,0,0,0,
hnlH,0,1,1,0.0
hnlJ,1,0,1,1.0
hnlM,0,1,1,0.0
hnlP,4,0,4,1.0
hnlS,1,0,1,1.0
hnlm,2,1,3,0.67
hnln,1,0,1,1.0
hnmB,2,3,5,0.4
hnmH,2,2,4,0.5
hnmJ,1,0,1,1.0
hnmL,3,1,4,0.75
hnmM,6,7,13,0.46
hnmN,4,3,7,0.57
hnmP,3,6,9,0.33
hnmS,1,1,2,0.5
hnmb,2,1,3,0.67
hnml,1,1,2,0.5
hnmm,4,2,6,0.67
hnmn,2,3,5,0.4
hnms,0,5,5,0.0
hnnB,1,1,2,0.5
hnnD,1,0,1,1.0
hnnH,0,0,0,
hnnK,0,1,1,0.0
hnnL,0,4,4,0.0
hnnM,2,1,3,0.67
hnnN,6,2,8,0.75
hnnP,3,7,10,0.3
hnnS,1,4,5,0.2
hnnb,1,0,1,1.0
hnnl,0,0,0,
hnnm,2,1,3,0.67
hnnn,1,1,2,0.5
hnns,2,3,5,0.4
hnsB,2,0,2,1.0
hnsD,2,0,2,1.0
hnsH,4,5,9,0.44
hnsL,0,2,2,0.0
hnsM,5,2,7,0.71
hnsN,4,6,10,0.4
hnsP,3,6,9,0.33
hnsS,4,1,5,0.8
hnsb,1,1,2,0.5
hnsl,1,0,1,1.0
hnsm,4,2,6,0.67
hnsn,4,3,7,0.57
hnss,2,2,4,0.5
hsBB,1,4,5,0.2
hsBD,1,0,1,1.0
hsBL,0,0,0,
hsBM,1,3,4,0.25
hsBN,0,3,3,0.0
hsBP,5,3,8,0.62
hsBj,0,1,1,0.0
hsBl,2,1,3,0.67
hsBm,1,0,1,1.0
hsBn,3,2,5,0.6
hsBs,2,2,4,0.5
hsBt,0,1,1,0.0
hsDB,1,2,3,0.33
hsDH,0,0,0,
hsDM,1,1,2,0.5
hsDN,0,1,1,0.0
hsDP,1,0,1,1.0
hsDb,2,0,2,1.0
hsDm,4,3,7,0.57
hsDn,0,1,1,0.0
hsDs,2,0,2,1.0
hsHB,1,1,2,0.5
hsHD,1,1,2,0.5
hsHK,0,0,0,
hsHM,3,6,9,0.33
hsHN,1,2,3,0.33
hsHP,2,3,5,0.4
hsHS,3,6,9,0.33
hsHb,2,1,3,0.67
hsHh,1,3,4,0.25
hsHl,1,0,1,1.0
hsHm,1,3,4,0.25
hsHn,2,5,7,0.29
hsHs,1,3,4,0.25
hsIH,0,2,2,0.0
hsIL,0,1,1,0.0
hsIM,1,1,2,0.5
hsIN,1,1,2,0.5
hsIS,0,1,1,0.0
hsIb,0,1,1,0.0
hsIm,1,1,2,0.5
hsIs,0,1,1,0.0
hsKM,1,0,1,1.0
hsLB,0,1,1,0.0
hsLM,3,0,3,1.0
hsLN,0,0,0,
hsLP,2,1,3,0.67
hsLS,0,1,1,0.0
hsLb,0,1,1,0.0
hsLh,0,0,0,
hsLj,0,2,2,0.0
hsLl,0,0,0,
hsLm,1,1,2,0.5
hsLn,1,0,1,1.0
hsMB,5,1,6,0.83
hsMD,2,0,2,1.0
hsML,1,0,1,1.0
hsMM,3,1,4,0.75
hsMN,1,4,5,0.2
hsMP,2,3,5,0.4
hsMS,2,3,5,0.4
hsMb,0,1,1,0.0
hsMh,1,1,2,0.5
hsMl,1,0,1,1.0
hsMm,2,2,4,0.5
hsMn,1,1,2,0.5
hsMs,0,3,3,0.0
hsMt,0,1,1,0.0
hsNB,0,1,1,0.0
hsND,1,0,1,1.0
hsNH,1,0,1,1.0
hsNM,1,4,5,0.2
hsNN,4,3,7,0.57
hsNP,3,3,6,0.5
hsNS,0,3,3,0.0
hsNb,1,0,1,1.0
hsNh,0,0,0,
hsNl,1,1,2,0.5
hsNm,3,4,7,0.43
hsNn,2,3,5,0.4
hsNs,1,2,3,0.33
hsPB,8,1,9,0.89
hsPK,1,0,1,1.0
hsPL,2,2,4,0.5
hsPM,2,2,4,0.5
hsPN,4,2,6,0.67
hsPP,2,3,5,0.4
hsPS,3,3,6,0.5
hsPb,2,4,6,0.33
hsPh,2,0,2,1.0
hsPl,1,0,1,1.0
hsPm,4,3,7,0.57
hsPn,6,5,11,0.55
hsPs,2,1,3,0.67
hsSB,0,6,6,0.0
hsSD,3,1,4,0.75
hsSH,1,0,1,1.0
hsSI,1,0,1,1.0
hsSK,0,1,1,0.0
hsSL,1,0,1,1.0
hsSM,2,4,6,0.33
hsSN,0,2,2,0.0
hsSP,7,4,11,0.64
hsSS,4,4,8,0.5
hsSb,2,2,4,0.5
hsSh,1,1,2,0.5
hsSl,0,1,1,0.0
hsSm,4,3,7,0.57
hsSn,1,3,4,0.25
hsSs,3,7,10,0.3
hsSt,0,1,1,0.0
hsbB,4,0,4,1.0
hsbD,0,2,2,0.0
hsbH,1,0,1,1.0
hsbK,1,0,1,1.0
hsbL,1,0,1,1.0
hsbM,0,2,2,0.0
hsbN,3,4,7,0.43
hsbP,4,5,9,0.44
hsbS,1,0,1,1.0
hsbb,1,2,3,0.33
hsbm,0,0,0,
hsbn,1,1,2,0.5
hsbs,1,2,3,0.33
hshB,1,0,1,1.0
hshD,0,0,0,
hshL,1,0,1,1.0
hshP,0,0,0,
hshS,0,1,1,0.0
hshm,1,0,1,1.0
hshn,1,0,1,1.0
hslH,0,1,1,0.0
hslL,0,1,1,0.0
hslM,1,1,2,0.5
hslN,2,1,3,0.67
hslP,0,1,1,0.0
hslS,3,1,4,0.75
hslb,2,1,3,0.67
hsll,0,0,0,
hslm,1,1,2,0.5
hsls,1,2,3,0.33
hsmB,1,2,3,0.33
hsmD,0,1,1,0.0
hsmH,2,4,6,0.33
hsmJ,0,1,1,0.0
hsmL,1,0,1,1.0
hsmM,2,3,5,0.4
hsmN,6,1,7,0.86
hsmP,0,1,1,0.0
hsmS,2,0,2,1.0
hsmb,1,1,2,0.5
hsml,1,1,2,0.5
hsmm,2,1,3,0.67
hsmn,0,1,1,0.0
hsms,1,1,2,0.5
hsnB,1,1,2,0.5
hsnD,0,1,1,0.0
hsnH,0,1,1,0.0
hsnL,1,0,1,1.0
hsnM,2,2,4,0.5
hsnN,1,1,2,0.5
hsnP,2,7,9,0.22
hsnS,2,3,5,0.4
hsnm,1,1,2,0.5
hsnn,4,0,4,1.0
hsns,1,3,4,0.25
hssB,0,1,1,0.0
hssD,1,0,1,1.0
hssH,3,0,3,1.0
hssI,0,0,0,
hssL,1,0,1,1.0
hssM,1,2,3,0.33
hssN,0,4,4,0.0
hssP,2,4,6,0.33
hssS,4,3,7,0.57
hssb,1,1,2,0.5
hssl,1,1,2,0.5
hssm,4,2,6,0.67
hssn,1,4,5,0.2
hsss,4,2,6,0.67
htBK,1,0,1,1.0
htBP,1,0,1,1.0
htBn,0,1,1,0.0
htHP,0,0,0,
htHs,0,1,1,0.0
htMB,0,2,2,0.0
htMM,1,0,1,1.0
htNb,0,1,1,0.0
htNm,0,2,2,0.0
htPB,0,1,1,0.0
htPL,0,1,1,0.0
htPM,1,0,1,1.0
htPS,0,1,1,0.0
htPm,1,0,1,1.0
htPn,1,0,1,1.0
htPs,1,0,1,1.0
htSs,0,1,1,0.0
htbS,0,1,1,0.0
htlB,0,1,1,0.0
htlM,0,1,1,0.0
htlm,0,0,0,
htmD,1,0,1,1.0
htmn,0,1,1,0.0
htnH,0,1,1,0.0
htnM,2,0,2,1.0
htnP,1,1,2,0.5
htnn,0,1,1,0.0
htns,1,0,1,1.0
htsB,0,1,1,0.0
htsL,0,1,1,0.0
htsS,1,0,1,1.0
htsb,0,1,1,0.0
htsn,0,1,1,0.0
jBBN,1,1,2,0.5
jBBP,0,1,1,0.0
jBBb,1,0,1,1.0
jBBm,1,0,1,1.0
jBDH,0,1,1,0.0
jBDP,1,0,1,1.0
jBDb,0,1,1,0.0
jBKB,0,1,1,0.0
jBKn,1,0,1,1.0
jBLB,1,0,1,1.0
jBLP,0,1,1,0.0
jBLS,0,0,0,
jBMD,1,1,2,0.5
jBMM,0,0,0,
jBMN,0,1,1,0.0
jBMP,0,1,1,0.0
jBMb,0,1,1,0.0
jBMh,1,0,1,1.0
jBMt,1,0,1,1.0
jBNB,0,2,2,0.0
jBND,0,1,1,0.0
jBNN,0,0,0,
jBNP,1,0,1,1.0
jBNS,0,1,1,0.0
jBNh,1,0,1,1.0
jBPB,0,1,1,0.0
jBPM,0,1,1,0.0
jBPN,1,0,1,1.0
jBPP,0,1,1,0.0
jBPl,0,1,1,0.0
jBPn,1,0,1,1.0
jBPs,1,0,1,1.0
jBSS,1,0,1,1.0
jBSl,0,1,1,0.0
jBSs,0,0,0,
jBbB,1,0,1,1.0
jBbL,0,2,2,0.0
jBbM,1,0,1,1.0
jBbN,0,1,1,0.0
jBbb,1,1,2,0.5
jBbl,0,1,1,0.0
jBbn,0,0,0,
jBhb,0,1,1,0.0
jBjM,1,0,1,1.0
jBjb,1,0,1,1.0
jBlP,1,0,1,1.0
jBln,0,0,0,
jBmH,0,1,1,0.0
jBmM,1,1,2,0.5
jBmP,1,1,2,0.5
jBmS,0,1,1,0.0
jBmb,1,1,2,0.5
jBmm,1,0,1,1.0
jBmn,0,0,0,
jBnB,1,1,2,0.5
jBnM,0,1,1,0.0
jBnN,0,1,1,0.0
jBnP,2,0,2,1.0
jBnS,1,0,1,1.0
jBnm,0,0,0,
jBns,1,0,1,1.0
jDBm,1,0,1,1.0
jDMm,1,1,2,0.5
jDNm,0,0,0,
jDPM,1,1,2,0.5
jDPN,0,1,1,0.0
jDbJ,1,0,1,1.0
jDbl,1,0,1,1.0
jDmB,0,1,1,0.0
jDmM,0,1,1,0.0
jDmm,1,0,1,1.0
jHBP,0,1,1,0.0
jHBm,0,0,0,
jHHI,1,0,1,1.0
jHLK,0,1,1,0.0
jHMl,0,1,1,0.0
jHMn,0,1,1,0.0
jHNN,0,0,0,
jHPN,0,1,1,0.0
jHPb,0,0,0,
jHPn,0,1,1,0.0
jHPt,1,0,1,1.0
jHSH,1,0,1,1.0
jHbP,0,1,1,0.0
jHnI,0,1,1,0.0
jHnN,0,1,1,0.0
jHnn,1,0,1,1.0
jHsN,0,1,1,0.0
jHsm,2,0,2,1.0
jIPM,1,0,1,1.0
jIbN,0,1,1,0.0
jKNL,0,1,1,0.0
jKNP,1,0,1,1.0
jKPt,0,1,1,0.0
jKbN,1,0,1,1.0
jKhM,0,1,1,0.0
jKnN,0,1,1,0.0
jLBB,0,1,1,0.0
jLBM,1,0,1,1.0
jLBN,0,1,1,0.0
jLBP,0,1,1,0.0
jLBm,0,1,1,0.0
jLBn,1,1,2,0.5
jLDb,0,1,1,0.0
jLKM,0,0,0,
jLLB,1,0,1,1.0
jLLN,1,0,1,1.0
jLLm,1,1,2,0.5
jLMB,1,0,1,1.0
jLMb,1,1,2,0.5
jLMs,1,0,1,1.0
jLNB,0,1,1,0.0
jLNm,0,1,1,0.0
jLPB,0,1,1,0.0
jLPD,0,1,1,0.0
jLPM,0,1,1,0.0
jLSH,0,1,1,0.0
jLSP,0,1,1,0.0
jLbN,0,1,1,0.0
jLbm,0,1,1,0.0
jLhm,1,0,1,1.0
jLmH,1,0,1,1.0
jLmJ,1,0,1,1.0
jLmP,0,0,0,
jLmb,0,1,1,0.0
jLmn,0,1,1,0.0
jLnB,1,0,1,1.0
jLnN,1,0,1,1.0
jLnm,0,1,1,0.0
jLsn,0,1,1,0.0
jMBB,1,0,1,1.0
jMBP,0,2,2,0.0
jMBS,0,1,1,0.0
jMBm,0,0,0,
jMBn,3,0,3,1.0
jMBs,0,0,0,
jMDD,0,0,0,
jMLl,0,1,1,0.0
jMMB,0,0,0,
jMMS,0,0,0,
jMMh,1,0,1,1.0
jMMm,1,0,1,1.0
jMMn,0,1,1,0.0
jMNH,0,0,0,
jMNP,3,1,4,0.75
jMNl,0,1,1,0.0
jMNs,0,2,2,0.0
jMPB,2,0,2,1.0
jMPD,1,0,1,1.0
jMPH,0,0,0,
jMPM,0,0,0,
jMPP,0,1,1,0.0
jMPS,0,0,0,
jMPb,0,0,0,
jMPl,0,1,1,0.0
jMPm,1,1,2,0.5
jMPn,0,1,1,0.0
jMSM,0,0,0,
jMSN,1,0,1,1.0
jMbB,0,0,0,
jMbI,1,0,1,1.0
jMbN,0,1,1,0.0
jMbS,0,1,1,0.0
jMbb,0,1,1,0.0
jMhD,0,0,0,
jMhK,1,0,1,1.0
jMhM,0,1,1,0.0
jMhb,0,1,1,0.0
jMjL,1,0,1,1.0
jMjn,0,2,2,0.0
jMlM,0,1,1,0.0
jMlN,1,0,1,1.0
jMlP,0,0,0,
jMls,0,1,1,0.0
jMmB,1,0,1,1.0
jMmD,0,0,0,
jMmS,2,0,2,1.0
jMmb,1,1,2,0.5
jMmn,0,1,1,0.0
jMms,0,1,1,0.0
jMnB,1,0,1,1.0
jMnM,1,0,1,1.0
jMnN,1,0,1,1.0
jMnP,0,0,0,
jMnS,0,2,2,0.0
jMnb,1,0,1,1.0
jMnh,1,0,1,1.0
jMnm,0,0,0,
jMsL,0,1,1,0.0
jNBB,0,1,1,0.0
jNBL,0,0,0,
jNBN,0,2,2,0.0
jNBP,1,0,1,1.0
jNBS,0,2,2,0.0
jNBm,1,0,1,1.0
jNBn,0,1,1,0.0
jNDN,1,0,1,1.0
jNDs,0,0,0,
jNHD,1,0,1,1.0
jNHM,0,1,1,0.0
jNLB,0,1,1,0.0
jNLP,1,0,1,1.0
jNLb,0,1,1,0.0
jNMD,0,0,0,
jNMN,0,1,1,0.0
jNMb,0,1,1,0.0
jNMl,0,1,1,0.0
jNMm,0,1,1,0.0
jNMn,0,2,2,0.0
jNNN,0,1,1,0.0
jNNP,1,0,1,1.0
jNNm,0,1,1,0.0
jNNn,0,2,2,0.0
jNPH,0,1,1,0.0
jNPN,1,0,1,1.0
jNPP,1,0,1,1.0
jNPS,1,1,2,0.5
jNPn,2,0,2,1.0
jNSP,1,1,2,0.5
jNSb,0,2,2,0.0
jNSn,1,0,1,1.0
jNSs,2,0,2,1.0
jNbB,1,0,1,1.0
jNbM,0,1,1,0.0
jNbP,0,3,3,0.0
jNbm,0,1,1,0.0
jNhB,0,0,0,
jNhN,0,1,1,0.0
jNlD,1,0,1,1.0
jNlL,1,0,1,1.0
jNlb,1,0,1,1.0
jNls,1,1,2,0.5
jNmB,0,1,1,0.0
jNmP,1,0,1,1.0
jNmS,0,0,0,
jNmm,0,0,0,
jNms,0,1,1,0.0
jNnB,0,1,1,0.0
jNnL,0,0,0,
jNnM,1,0,1,1.0
jNnN,2,0,2,1.0
jNnP,1,0,1,1.0
jNsB,0,1,1,0.0
jNsN,0,0,0,
jNsP,1,1,2,0.5
jNsb,1,0,1,1.0
jNsm,0,0,0,
jPBK,1,0,1,1.0
jPBN,0,2,2,0.0
jPBP,2,0,2,1.0
jPBb,1,0,1,1.0
jPBm,2,0,2,1.0
jPBn,1,0,1,1.0
jPDM,1,0,1,1.0
jPDm,1,0,1,1.0
jPHD,0,1,1,0.0
jPHM,0,0,0,
jPIn,0,0,0,
jPLB,0,1,1,0.0
jPLD,1,0,1,1.0
jPLN,0,1,1,0.0
jPLj,0,1,1,0.0
jPLn,1,0,1,1.0
jPLt,0,1,1,0.0
jPML,1,0,1,1.0
jPMP,2,1,3,0.67
jPMS,0,1,1,0.0
jPMb,0,1,1,0.0
jPMh,0,1,1,0.0
jPMm,0,0,0,
jPNL,1,1,2,0.5
jPNM,1,0,1,1.0
jPNN,1,0,1,1.0
jPNP,1,0,1,1.0
jPNl,0,1,1,0.0
jPNn,0,1,1,0.0
jPNs,0,1,1,0.0
jPPB,0,2,2,0.0
jPPD,2,0,2,1.0
jPPM,1,0,1,1.0
jPPN,0,2,2,0.0
jPPP,0,1,1,0.0
jPPb,1,1,2,0.5
jPPh,0,1,1,0.0
jPPl,1,0,1,1.0
jPPm,0,1,1,0.0
jPPt,1,0,1,1.0
jPSH,1,0,1,1.0
jPSL,2,0,2,1.0
jPSM,0,1,1,0.0
jPSS,0,2,2,0.0
jPSb,1,0,1,1.0
jPSh,0,1,1,0.0
jPSl,0,0,0,
jPSm,0,1,1,0.0
jPbK,0,1,1,0.0
jPbM,0,1,1,0.0
jPbN,2,0,2,1.0
jPbS,0,0,0,
jPbm,1,0,1,1.0
jPbn,1,0,1,1.0
jPhP,0,0,0,
jPlB,0,1,1,0.0
jPlD,0,0,0,
jPlJ,1,0,1,1.0
jPlM,1,0,1,1.0
jPlN,0,1,1,0.0
jPlP,0,1,1,0.0
jPlb,1,0,1,1.0
jPlm,0,1,1,0.0
jPmB,1,1,2,0.5
jPmL,0,1,1,0.0
jPmM,1,0,1,1.0
jPmP,0,1,1,0.0
jPmS,0,1,1,0.0
jPmb,0,1,1,0.0
jPmn,1,0,1,1.0
jPnB,0,2,2,0.0
jPnH,0,0,0,
jPnM,0,2,2,0.0
jPnN,1,0,1,1.0
jPnP,1,0,1,1.0
jPsD,0,1,1,0.0
jPsM,1,1,2,0.5
jPsP,0,1,1,0.0
jPsl,0,1,1,0.0
jPsm,1,0,1,1.0
jPsn,0,0,0,
jSBl,0,1,1,0.0
jSBm,0,0,0,
jSBs,0,1,1,0.0
jSBt,1,0,1,1.0
jSHB,1,0,1,1.0
jSHb,1,0,1,1.0
jSIb,0,0,0,
jSLD,0,1,1,0.0
jSLN,0,1,1,0.0
jSLS,1,0,1,1.0
jSMP,1,0,1,1.0
jSMS,1,0,1,1.0
jSMn,1,0,1,1.0
jSNP,1,1,2,0.5
jSNh,0,0,0,
jSPB,1,0,1,1.0
jSPD,1,0,1,1.0
jSPM,1,0,1,1.0
jSPN,1,1,2,0.5
jSPS,0,0,0,
jSPs,0,1,1,0.0
jSSH,0,1,1,0.0
jSSM,1,0,1,1.0
jSSN,0,0,0,
jSSP,1,0,1,1.0
jSSS,0,0,0,
jSSm,1,0,1,1.0
jSbb,0,0,0,
jSbn,2,0,2,1.0
jSbs,0,1,1,0.0
jShP,0,1,1,0.0
jShs,0,1,1,0.0
jSlH,1,0,1,1.0
jSlN,0,1,1,0.0
jSmL,1,0,1,1.0
jSmP,0,1,1,0.0
jSmb,0,1,1,0.0
jSmm,2,1,3,0.67
jSmn,0,1,1,0.0
jSnB,0,1,1,0.0
jSnI,1,0,1,1.0
jSnP,0,1,1,0.0
jSnS,1,0,1,1.0
jSnm,0,1,1,0.0
jSnn,2,1,3,0.67
jSsM,1,0,1,1.0
jSsN,0,1,1,0.0
jSsS,1,0,1,1.0
jSsb,0,0,0,
jbBB,1,0,1,1.0
jbBM,0,1,1,0.0
jbBb,1,0,1,1.0
jbBh,1,0,1,1.0
jbBl,0,0,0,
jbBn,0,1,1,0.0
jbBs,1,0,1,1.0
jbDI,0,1,1,0.0
jbDN,0,1,1,0.0
jbDm,1,0,1,1.0
jbHD,1,0,1,1.0
jbJM,0,1,1,0.0
jbLB,1,0,1,1.0
jbLn,1,0,1,1.0
jbMB,1,0,1,1.0
jbML,0,1,1,0.0
jbMN,1,0,1,1.0
jbMP,2,1,3,0.67
jbMt,1,0,1,1.0
jbNB,1,0,1,1.0
jbNh,1,0,1,1.0
jbNm,2,0,2,1.0
jbNn,2,0,2,1.0
jbPN,0,2,2,0.0
jbPS,0,1,1,0.0
jbPb,0,1,1,0.0
jbPh,1,0,1,1.0
jbPn,1,0,1,1.0
jbPs,0,1,1,0.0
jbSK,0,0,0,
jbSP,1,0,1,1.0
jbSS,1,0,1,1.0
jbSb,1,0,1,1.0
jbSn,1,0,1,1.0
jbbM,1,2,3,0.33
jbbP,1,0,1,1.0
jbbb,1,0,1,1.0
jbbn,2,1,3,0.67
jbmB,0,0,0,
jbmH,0,0,0,
jbmL,0,1,1,0.0
jbmM,1,1,2,0.5
jbmN,0,1,1,0.0
jbmb,2,1,3,0.67
jbmm,2,0,2,1.0
jbmn,0,1,1,0.0
jbnN,1,0,1,1.0
jbnn,0,1,1,0.0
jbsM,1,1,2,0.5
jbsn,1,0,1,1.0
jhBl,0,1,1,0.0
jhLm,1,0,1,1.0
jhMs,0,1,1,0.0
jhPM,1,0,1,1.0
jhbB,0,1,1,0.0
jhbl,0,1,1,0.0
jhsI,1,0,1,1.0
jhtP,1,0,1,1.0
jlBM,1,0,1,1.0
jlBb,2,0,2,1.0
jlHD,0,1,1,0.0
jlJN,1,0,1,1.0
jlLl,1,0,1,1.0
jlMB,0,1,1,0.0
jlMN,1,0,1,1.0
jlNB,0,1,1,0.0
jlNN,1,0,1,1.0
jlNm,0,0,0,
jlNn,0,1,1,0.0
jlPN,1,0,1,1.0
jlPb,1,0,1,1.0
jlPn,1,0,1,1.0
jlSP,1,0,1,1.0
jlmS,0,1,1,0.0
jlnP,1,0,1,1.0
jlnb,0,1,1,0.0
jmBB,0,1,1,0.0
jmBM,0,0,0,
jmBN,1,0,1,1.0
jmBS,1,0,1,1.0
jmBb,0,0,0,
jmBn,0,1,1,0.0
jmDB,0,1,1,0.0
jmDH,0,1,1,0.0
jmDb,1,0,1,1.0
jmDh,0,1,1,0.0
jmDn,1,0,1,1.0
jmHB,3,0,3,1.0
jmHD,0,1,1,0.0
jmHH,1,0,1,1.0
jmHL,0,1,1,0.0
jmHP,0,1,1,0.0
jmHS,2,0,2,1.0
jmHb,3,0,3,1.0
jmHh,1,0,1,1.0
jmHn,1,0,1,1.0
jmHs,0,0,0,
jmIb,1,0,1,1.0
jmJm,1,0,1,1.0
jmLB,1,0,1,1.0
jmLL,0,1,1,0.0
jmLb,0,1,1,0.0
jmLn,1,0,1,1.0
jmMB,0,0,0,
jmMM,0,0,0,
jmMS,0,0,0,
jmMb,1,1,2,0.5
jmMj,1,0,1,1.0
jmMn,0,0,0,
jmNm,1,0,1,1.0
jmNs,1,1,2,0.5
jmPB,0,2,2,0.0
jmPL,1,0,1,1.0
jmPP,1,0,1,1.0
jmPb,2,0,2,1.0
jmPl,2,0,2,1.0
jmPm,0,2,2,0.0
jmPn,1,0,1,1.0
jmPs,1,0,1,1.0
jmSM,0,1,1,0.0
jmSP,1,0,1,1.0
jmSS,0,2,2,0.0
jmSs,0,1,1,0.0
jmbB,1,1,2,0.5
jmbI,0,1,1,0.0
jmbK,0,1,1,0.0
jmbL,1,0,1,1.0
jmbM,1,2,3,0.33
jmbP,1,0,1,1.0
jmbn,1,0,1,1.0
jmlH,0,1,1,0.0
jmmB,1,1,2,0.5
jmmD,1,0,1,1.0
jmmH,1,0,1,1.0
jmmM,1,0,1,1.0
jmmN,0,1,1,0.0
jmmP,2,0,2,1.0
jmmS,0,0,0,
jmmm,0,1,1,0.0
jmmn,1,0,1,1.0
jmnB,1,0,1,1.0
jmnI,1,0,1,1.0
jmnL,0,1,1,0.0
jmnM,0,1,1,0.0
jmnN,1,1,2,0.5
jmnS,0,1,1,0.0
jmnb,0,0,0,
jmnm,0,1,1,0.0
jmnn,1,1,2,0.5
jmsB,0,1,1,0.0
jmsM,0,1,1,0.0
jmsS,0,1,1,0.0
jmsb,1,0,1,1.0
jnBD,1,0,1,1.0
jnBN,0,1,1,0.0
jnBS,1,0,1,1.0
jnBb,0,1,1,0.0
jnBn,1,2,3,0.33
jnHM,0,0,0,
jnHN,1,1,2,0.5
jnHP,1,1,2,0.5
jnHh,1,0,1,1.0
jnIM,0,0,0,
jnIs,0,1,1,0.0
jnLL,0,1,1,0.0
jnMM,2,1,3,0.67
jnMN,0,1,1,0.0
jnMP,1,0,1,1.0
jnMS,0,1,1,0.0
jnMb,0,0,0,
jnMs,1,0,1,1.0
jnNM,1,0,1,1.0
jnNN,0,1,1,0.0
jnNP,0,0,0,
jnNS,1,0,1,1.0
jnNb,0,1,1,0.0
jnNh,0,0,0,
jnNn,2,0,2,1.0
jnPM,1,0,1,1.0
jnPN,0,0,0,
jnPP,1,0,1,1.0
jnPS,1,1,2,0.5
jnPb,0,1,1,0.0
jnPl,0,0,0,
jnPm,0,0,0,
jnPn,2,2,4,0.5
jnPs,1,1,2,0.5
jnSB,0,0,0,
jnSL,0,0,0,
jnSN,1,0,1,1.0
jnSP,1,1,2,0.5
jnSb,0,1,1,0.0
jnSn,0,1,1,0.0
jnSs,1,0,1,1.0
jnbH,0,1,1,0.0
jnbN,0,0,0,
jnbP,0,1,1,0.0
jnbb,0,1,1,0.0
jnlB,1,0,1,1.0
jnlD,0,0,0,
jnlM,2,0,2,1.0
jnlN,0,1,1,0.0
jnlP,1,0,1,1.0
jnmB,1,0,1,1.0
jnmH,0,0,0,
jnmM,1,0,1,1.0
jnmN,1,0,1,1.0
jnmP,1,0,1,1.0
jnmb,0,1,1,0.0
jnmm,0,3,3,0.0
jnmn,0,0,0,
jnnI,1,0,1,1.0
jnnN,0,0,0,
jnnP,3,0,3,1.0
jnnn,1,1,2,0.5
jnns,0,1,1,0.0
jnsH,0,1,1,0.0
jnsM,0,1,1,0.0
jnsP,0,1,1,0.0
jnsS,0,1,1,0.0
jnss,0,1,1,0.0
jsBK,1,0,1,1.0
jsBS,0,1,1,0.0
jsBm,1,0,1,1.0
jsBn,1,0,1,1.0
jsDD,0,0,0,
jsDb,0,0,0,
jsDm,1,0,1,1.0
jsHB,1,0,1,1.0
jsHM,1,0,1,1.0
jsHh,0,2,2,0.0
jsHn,0,1,1,0.0
jsHs,1,0,1,1.0
jsLl,1,0,1,1.0
jsLn,0,1,1,0.0
jsMB,0,1,1,0.0
jsMP,0,1,1,0.0
jsMh,0,0,0,
jsNB,1,0,1,1.0
jsNP,1,0,1,1.0
jsNS,1,0,1,1.0
jsNm,0,1,1,0.0
jsNn,1,0,1,1.0
jsPB,1,0,1,1.0
jsPK,0,0,0,
jsPN,0,1,1,0.0
jsPS,1,0,1,1.0
jsPm,0,1,1,0.0
jsSP,0,1,1,0.0
jsSS,1,0,1,1.0
jsSm,1,2,3,0.33
jsSs,1,0,1,1.0
jsbb,0,1,1,0.0
jshm,0,0,0,
jsln,0,1,1,0.0
jsmb,0,1,1,0.0
jsmm,1,0,1,1.0
jsmn,0,1,1,0.0
jsnD,0,0,0,
jsnL,0,1,1,0.0
jsnM,0,1,1,0.0
jsnb,1,0,1,1.0
jsnm,1,0,1,1.0
jssB,0,0,0,
jssH,1,0,1,1.0
jssN,0,1,1,0.0
jssS,0,0,0,
jssn,1,0,1,1.0
jtBN,1,0,1,1.0
jtLM,0,1,1,0.0
jtLs,1,0,1,1.0
jtPL,0,1,1,0.0
jtPs,1,0,1,1.0
jtSN,0,0,0,
jtbM,1,0,1,1.0
jtbP,0,1,1,0.0
jtsN,1,0,1,1.0
lBBB,1,3,4,0.25
lBBD,0,1,1,0.0
lBBK,0,1,1,0.0
lBBL,1,1,2,0.5
lBBM,3,1,4,0.75
lBBN,5,1,6,0.83
lBBP,6,5,11,0.55
lBBS,0,4,4,0.0
lBBb,0,4,4,0.0
lBBh,0,1,1,0.0
lBBl,2,0,2,1.0
lBBm,2,5,7,0.29
lBBn,9,4,13,0.69
lBBs,0,1,1,0.0
lBDB,1,0,1,1.0
lBDD,0,0,0,
lBDH,0,2,2,0.0
lBDM,1,1,2,0.5
lBDN,2,1,3,0.67
lBDP,0,0,0,
lBDS,0,0,0,
lBDb,1,0,1,1.0
lBDn,1,0,1,1.0
lBDs,1,0,1,1.0
lBKB,0,0,0,
lBKM,0,1,1,0.0
lBKN,2,0,2,1.0
lBKP,1,1,2,0.5
lBKh,1,0,1,1.0
lBKm,2,0,2,1.0
lBKn,1,0,1,1.0
lBKs,0,1,1,0.0
lBLB,1,2,3,0.33
lBLL,1,0,1,1.0
lBLM,0,1,1,0.0
lBLP,4,0,4,1.0
lBLS,0,1,1,0.0
lBLb,1,0,1,1.0
lBLl,0,0,0,
lBLm,2,1,3,0.67
lBLn,2,0,2,1.0
lBLs,1,1,2,0.5
lBLt,0,1,1,0.0
lBMB,3,4,7,0.43
lBMD,0,0,0,
lBMH,0,1,1,0.0
lBML,2,1,3,0.67
lBMM,0,4,4,0.0
lBMN,5,4,9,0.56
lBMP,4,6,10,0.4
lBMS,1,0,1,1.0
lBMb,6,2,8,0.75
lBMh,3,0,3,1.0
lBMj,0,3,3,0.0
lBMl,0,3,3,0.0
lBMm,3,3,6,0.5
lBMn,3,4,7,0.43
lBMs,2,1,3,0.67
lBNB,2,5,7,0.29
lBNH,1,0,1,1.0
lBNK,1,0,1,1.0
lBNL,2,0,2,1.0
lBNM,1,1,2,0.5
lBNN,1,5,6,0.17
lBNP,4,6,10,0.4
lBNS,4,5,9,0.44
lBNb,3,0,3,1.0
lBNh,1,0,1,1.0
lBNl,3,1,4,0.75
lBNm,9,2,11,0.82
lBNn,4,4,8,0.5
lBNs,1,2,3,0.33
lBNt,1,1,2,0.5
lBPB,1,6,7,0.14
lBPH,1,0,1,1.0
lBPK,1,0,1,1.0
lBPL,0,4,4,0.0
lBPM,6,2,8,0.75
lBPN,8,7,15,0.53
lBPP,8,5,13,0.62
lBPS,1,8,9,0.11
lBPb,4,1,5,0.8
lBPl,7,2,9,0.78
lBPm,6,6,12,0.5
lBPn,5,2,7,0.71
lBPs,3,1,4,0.75
lBSB,0,2,2,0.0
lBSD,1,0,1,1.0
lBSH,1,0,1,1.0
lBSM,4,1,5,0.8
lBSN,0,3,3,0.0
lBSP,1,1,2,0.5
lBSS,1,3,4,0.25
lBSb,4,1,5,0.8
lBSm,4,0,4,1.0
lBSn,2,1,3,0.67
lBSs,2,2,4,0.5
lBbB,2,1,3,0.67
lBbD,3,0,3,1.0
lBbH,1,0,1,1.0
lBbI,0,1,1,0.0
lBbL,1,2,3,0.33
lBbM,1,4,5,0.2
lBbN,5,4,9,0.56
lBbP,6,4,10,0.6
lBbS,1,2,3,0.33
lBbb,2,4,6,0.33
lBbl,0,1,1,0.0
lBbm,2,1,3,0.67
lBbn,4,2,6,0.67
lBbs,1,0,1,1.0
lBhP,1,0,1,1.0
lBhh,0,0,0,
lBhs,1,0,1,1.0
lBjB,0,1,1,0.0
lBjL,1,0,1,1.0
lBjM,1,0,1,1.0
lBjN,1,0,1,1.0
lBjP,1,2,3,0.33
lBjS,1,0,1,1.0
lBjb,0,1,1,0.0
lBjm,0,1,1,0.0
lBlB,0,2,2,0.0
lBlD,0,2,2,0.0
lBlI,2,0,2,1.0
lBlJ,0,1,1,0.0
lBlL,0,1,1,0.0
lBlM,1,1,2,0.5
lBlN,1,2,3,0.33
lBlP,3,1,4,0.75
lBlS,0,1,1,0.0
lBlb,5,0,5,1.0
lBll,1,0,1,1.0
lBlm,1,1,2,0.5
lBln,2,2,4,0.5
lBls,0,1,1,0.0
lBmB,4,1,5,0.8
lBmD,2,0,2,1.0
lBmH,0,4,4,0.0
lBmJ,1,0,1,1.0
lBmK,0,1,1,0.0
lBmL,0,0,0,
lBmM,3,7,10,0.3
lBmN,3,4,7,0.43
lBmP,7,3,10,0.7
lBmS,2,4,6,0.33
lBmb,4,3,7,0.57
lBml,1,0,1,1.0
lBmm,3,0,3,1.0
lBmn,3,7,10,0.3
lBms,0,1,1,0.0
lBnB,4,1,5,0.8
lBnD,1,3,4,0.25
lBnH,0,2,2,0.0
lBnI,0,1,1,0.0
lBnK,0,1,1,0.0
lBnL,2,1,3,0.67
lBnM,6,5,11,0.55
lBnN,3,7,10,0.3
lBnP,8,6,14,0.57
lBnS,4,4,8,0.5
lBnb,1,2,3,0.33
lBnm,5,4,9,0.56
lBnn,5,3,8,0.62
lBns,4,2,6,0.67
lBsB,0,1,1,0.0
lBsD,1,1,2,0.5
lBsH,1,2,3,0.33
lBsI,0,2,2,0.0
lBsL,1,0,1,1.0
lBsM,2,2,4,0.5
lBsN,4,1,5,0.8
lBsP,4,1,5,0.8
lBsS,1,1,2,0.5
lBsb,1,1,2,0.5
lBsm,3,0,3,1.0
lBsn,1,3,4,0.25
lBss,2,0,2,1.0
lBtB,0,1,1,0.0
lBtD,1,0,1,1.0
lBtH,1,0,1,1.0
lBtP,0,3,3,0.0
lBtS,1,1,2,0.5
lBtm,1,0,1,1.0
lDBN,0,3,3,0.0
lDBP,0,1,1,0.0
lDBS,1,0,1,1.0
lDBb,2,0,2,1.0
lDBl,0,0,0,
lDBm,1,0,1,1.0
lDBn,1,1,2,0.5
lDBs,0,0,0,
lDDB,1,0,1,1.0
lDDM,0,0,0,
lDDS,1,0,1,1.0
lDDm,1,1,2,0.5
lDDs,1,0,1,1.0
lDHB,0,1,1,0.0
lDHM,1,0,1,1.0
lDHP,1,0,1,1.0
lDHb,0,1,1,0.0
lDHl,0,1,1,0.0
lDHs,1,1,2,0.5
lDLM,0,1,1,0.0
lDLm,1,1,2,0.5
lDMB,1,1,2,0.5
lDML,0,2,2,0.0
lDMM,0,2,2,0.0
lDMP,2,2,4,0.5
lDMS,0,0,0,
lDMb,1,1,2,0.5
lDMh,1,1,2,0.5
lDMj,1,0,1,1.0
lDMm,1,1,2,0.5
lDMn,1,0,1,1.0
lDMs,0,2,2,0.0
lDNB,1,0,1,1.0
lDNH,0,1,1,0.0
lDNL,1,1,2,0.5
lDNM,3,0,3,1.0
lDNN,1,0,1,1.0
lDNP,0,1,1,0.0
lDNl,1,0,1,1.0
lDNn,1,0,1,1.0
lDPB,1,0,1,1.0
lDPD,2,1,3,0.67
lDPH,0,2,2,0.0
lDPK,0,1,1,0.0
lDPL,0,1,1,0.0
lDPM,0,1,1,0.0
lDPP,2,1,3,0.67
lDPb,1,1,2,0.5
lDPm,1,0,1,1.0
lDPn,1,1,2,0.5
lDPs,1,0,1,1.0
lDSB,0,2,2,0.0
lDSD,0,1,1,0.0
lDSH,0,1,1,0.0
lDSI,0,1,1,0.0
lDSM,0,1,1,0.0
lDSh,1,0,1,1.0
lDSm,1,1,2,0.5
lDbB,2,0,2,1.0
lDbJ,0,1,1,0.0
lDbL,0,1,1,0.0
lDbM,0,1,1,0.0
lDbN,0,2,2,0.0
lDbP,2,0,2,1.0
lDbb,2,1,3,0.67
lDbl,0,1,1,0.0
lDbm,1,0,1,1.0
lDbn,0,1,1,0.0
lDbs,0,1,1,0.0
lDhh,1,0,1,1.0
lDlP,2,1,3,0.67
lDlS,0,1,1,0.0
lDlb,1,0,1,1.0
lDlm,0,1,1,0.0
lDmB,1,2,3,0.33
lDmD,1,0,1,1.0
lDmH,0,1,1,0.0
lDmJ,0,0,0,
lDmM,2,0,2,1.0
lDmN,3,0,3,1.0
lDmP,1,3,4,0.25
lDmS,1,0,1,1.0
lDmm,1,1,2,0.5
lDmn,2,1,3,0.67
lDnB,0,1,1,0.0
lDnH,0,0,0,
lDnL,1,0,1,1.0
lDnM,1,0,1,1.0
lDnN,0,1,1,0.0
lDnP,1,1,2,0.5
lDnl,1,0,1,1.0
lDnm,2,0,2,1.0
lDsB,1,0,1,1.0
lDsH,1,1,2,0.5
lDsI,0,1,1,0.0
lDsL,0,1,1,0.0
lDsM,0,2,2,0.0
lDsN,3,0,3,1.0
lDsP,1,1,2,0.5
lDsm,0,1,1,0.0
lDtL,0,1,1,0.0
lDtN,1,0,1,1.0
lDtP,0,1,1,0.0
lDtS,1,0,1,1.0
lDtb,1,0,1,1.0
lHBB,1,2,3,0.33
lHBD,0,0,0,
lHBK,0,2,2,0.0
lHBL,0,0,0,
lHBM,1,2,3,0.33
lHBN,2,4,6,0.33
lHBP,2,3,5,0.4
lHBS,2,1,3,0.67
lHBb,1,4,5,0.2
lHBj,1,0,1,1.0
lHBm,2,1,3,0.67
lHBn,2,3,5,0.4
lHBs,3,1,4,0.75
lHDB,0,1,1,0.0
lHDD,0,0,0,
lHDH,2,1,3,0.67
lHDM,0,1,1,0.0
lHDN,0,1,1,0.0
lHDn,1,1,2,0.5
lHDs,0,1,1,0.0
lHHH,1,1,2,0.5
lHHM,1,0,1,1.0
lHHN,1,1,2,0.5
lHHP,1,1,2,0.5
lHHh,0,0,0,
lHHs,1,0,1,1.0
lHIN,1,0,1,1.0
lHIn,1,0,1,1.0
lHIs,0,1,1,0.0
lHKM,0,1,1,0.0
lHKS,0,1,1,0.0
lHKh,0,0,0,
lHKm,0,1,1,0.0
lHKn,1,0,1,1.0
lHKs,1,1,2,0.5
lHLM,0,1,1,0.0
lHLN,0,1,1,0.0
lHLP,0,1,1,0.0
lHLS,0,1,1,0.0
lHLb,0,2,2,0.0
lHLj,1,0,1,1.0
lHLl,1,1,2,0.5
lHLm,1,1,2,0.5
lHLn,1,1,2,0.5
lHLs,0,0,0,
lHMB,1,3,4,0.25
lHMD,2,0,2,1.0
lHML,0,1,1,0.0
lHMM,0,0,0,
lHMN,1,2,3,0.33
lHMP,2,4,6,0.33
lHMS,0,1,1,0.0
lHMb,3,3,6,0.5
lHMh,1,2,3,0.33
lHMl,1,1,2,0.5
lHMm,4,2,6,0.67
lHMn,3,2,5,0.6
lHMs,1,1,2,0.5
lHNB,4,4,8,0.5
lHNH,1,0,1,1.0
lHNL,0,2,2,0.0
lHNM,3,6,9,0.33
lHNN,0,8,8,0.0
lHNP,4,3,7,0.57
lHNS,1,1,2,0.5
lHNb,1,2,3,0.33
lHNh,0,1,1,0.0
lHNl,2,0,2,1.0
lHNm,3,0,3,1.0
lHNn,2,0,2,1.0
lHNs,2,1,3,0.67
lHPB,6,2,8,0.75
lHPH,3,1,4,0.75
lHPI,1,1,2,0.5
lHPL,0,0,0,
lHPM,2,4,6,0.33
lHPN,0,1,1,0.0
lHPP,2,2,4,0.5
lHPS,3,4,7,0.43
lHPb,3,5,8,0.38
lHPh,2,0,2,1.0
lHPl,0,1,1,0.0
lHPm,2,4,6,0.33
lHPn,5,1,6,0.83
lHPs,1,2,3,0.33
lHSB,1,1,2,0.5
lHSD,0,1,1,0.0
lHSH,0,1,1,0.0
lHSK,1,0,1,1.0
lHSM,1,1,2,0.5
lHSN,3,1,4,0.75
lHSP,1,4,5,0.2
lHSS,0,1,1,0.0
lHSb,4,0,4,1.0
lHSh,3,1,4,0.75
lHSl,0,0,0,
lHSm,1,2,3,0.33
lHSn,1,4,5,0.2
lHSs,0,2,2,0.0
lHbB,0,1,1,0.0
lHbD,0,1,1,0.0
lHbH,1,0,1,1.0
lHbJ,1,1,2,0.5
lHbL,1,0,1,1.0
lHbM,0,1,1,0.0
lHbN,1,1,2,0.5
lHbP,3,4,7,0.43
lHbS,1,2,3,0.33
lHbb,3,2,5,0.6
lHbl,1,1,2,0.5
lHbm,1,1,2,0.5
lHbn,1,1,2,0.5
lHbs,0,1,1,0.0
lHhB,0,1,1,0.0
lHhH,0,2,2,0.0
lHhM,1,2,3,0.33
lHhN,1,0,1,1.0
lHhP,3,0,3,1.0
lHhS,0,1,1,0.0
lHhh,0,1,1,0.0
lHhm,1,1,2,0.5
lHhn,0,1,1,0.0
lHhs,0,1,1,0.0
lHlB,0,1,1,0.0
lHlH,1,1,2,0.5
lHlL,0,1,1,0.0
lHlM,2,0,2,1.0
lHlP,1,0,1,1.0
lHlS,0,0,0,
lHlb,3,1,4,0.75
lHll,0,1,1,0.0
lHln,1,1,2,0.5
lHls,0,1,1,0.0
lHmB,5,2,7,0.71
lHmD,3,4,7,0.43
lHmH,3,2,5,0.6
lHmJ,1,0,1,1.0
lHmL,1,0,1,1.0
lHmM,2,0,2,1.0
lHmN,0,4,4,0.0
lHmP,3,7,10,0.3
lHmS,4,1,5,0.8
lHmb,4,3,7,0.57
lHmh,1,0,1,1.0
lHml,1,0,1,1.0
lHmm,3,3,6,0.5
lHmn,3,2,5,0.6
lHms,0,1,1,0.0
lHnB,2,0,2,1.0
lHnD,0,1,1,0.0
lHnH,1,0,1,1.0
lHnK,1,0,1,1.0
lHnL,2,3,5,0.4
lHnM,1,3,4,0.25
lHnN,0,3,3,0.0
lHnP,3,0,3,1.0
lHnS,4,3,7,0.57
lHnb,3,1,4,0.75
lHnh,0,0,0,
lHnm,1,0,1,1.0
lHnn,2,2,4,0.5
lHns,1,0,1,1.0
lHsD,1,0,1,1.0
lHsH,0,1,1,0.0
lHsI,0,1,1,0.0
lHsL,1,0,1,1.0
lHsM,2,3,5,0.4
lHsN,1,0,1,1.0
lHsP,1,3,4,0.25
lHsS,1,0,1,1.0
lHsb,3,0,3,1.0
lHsh,0,1,1,0.0
lHsl,1,0,1,1.0
lHsm,4,0,4,1.0
lHsn,1,2,3,0.33
lHss,1,0,1,1.0
lHtK,0,0,0,
lHtn,0,1,1,0.0
lIBB,1,0,1,1.0
lIBK,1,0,1,1.0
lIBS,1,1,2,0.5
lIBn,1,1,2,0.5
lIBs,0,2,2,0.0
lIDb,0,1,1,0.0
lIHN,1,0,1,1.0
lIHm,0,0,0,
lIIm,1,0,1,1.0
lILB,0,1,1,0.0
lILP,1,0,1,1.0
lIMM,0,1,1,0.0
lIMN,0,1,1,0.0
lIMP,0,1,1,0.0
lIMl,0,1,1,0.0
lIMm,0,2,2,0.0
lIMn,0,1,1,0.0
lIMt,0,1,1,0.0
lINB,0,1,1,0.0
lINM,1,0,1,1.0
lINN,0,1,1,0.0
lINP,0,1,1,0.0
lINS,1,0,1,1.0
lINl,1,0,1,1.0
lINn,0,1,1,0.0
lINs,1,0,1,1.0
lIPD,0,1,1,0.0
lIPL,1,0,1,1.0
lIPM,1,0,1,1.0
lIPP,1,0,1,1.0
lIPh,0,1,1,0.0
lIPm,1,1,2,0.5
lISB,0,0,0,
lISP,2,0,2,1.0
lISS,0,0,0,
lISb,0,0,0,
lISm,0,1,1,0.0
lISt,2,0,2,1.0
lIbB,1,0,1,1.0
lIbK,0,0,0,
lIbN,1,0,1,1.0
lIbn,0,1,1,0.0
lImB,1,0,1,1.0
lImN,0,2,2,0.0
lImS,0,1,1,0.0
lImb,2,0,2,1.0
lInN,1,0,1,1.0
lInP,1,1,2,0.5
lInl,0,1,1,0.0
lIsP,1,0,1,1.0
lJBB,0,1,1,0.0
lJBD,0,1,1,0.0
lJBL,1,1,2,0.5
lJBM,2,2,4,0.5
lJBN,0,2,2,0.0
lJBP,2,0,2,1.0
lJBb,1,1,2,0.5
lJBs,0,0,0,
lJBt,0,1,1,0.0
lJDB,0,1,1,0.0
lJDH,2,0,2,1.0
lJDK,1,0,1,1.0
lJDM,0,0,0,
lJDN,0,1,1,0.0
lJDP,0,2,2,0.0
lJDS,1,0,1,1.0
lJDm,1,0,1,1.0
lJHP,0,1,1,0.0
lJHb,0,2,2,0.0
lJHh,0,1,1,0.0
lJHl,1,0,1,1.0
lJHm,1,0,1,1.0
lJIH,1,0,1,1.0
lJIP,0,0,0,
lJKP,0,1,1,0.0
lJKb,0,1,1,0.0
lJLM,1,2,3,0.33
lJLP,1,0,1,1.0
lJLh,1,0,1,1.0
lJMB,2,1,3,0.67
lJMD,0,1,1,0.0
lJMM,3,2,5,0.6
lJMN,0,1,1,0.0
lJMP,2,1,3,0.67
lJMS,0,1,1,0.0
lJMb,2,4,6,0.33
lJMm,0,1,1,0.0
lJMn,5,1,6,0.83
lJMs,0,0,0,
lJNB,1,0,1,1.0
lJNK,0,1,1,0.0
lJNM,2,2,4,0.5
lJNN,2,0,2,1.0
lJNP,1,2,3,0.33
lJNS,1,1,2,0.5
lJNb,2,0,2,1.0
lJNh,1,0,1,1.0
lJNm,1,2,3,0.33
lJNs,1,1,2,0.5
lJPB,0,1,1,0.0
lJPH,0,1,1,0.0
lJPM,1,2,3,0.33
lJPN,1,1,2,0.5
lJPP,1,0,1,1.0
lJPS,3,0,3,1.0
lJPb,3,1,4,0.75
lJPl,0,1,1,0.0
lJPm,1,2,3,0.33
lJPs,1,2,3,0.33
lJSB,0,1,1,0.0
lJSD,1,0,1,1.0
lJSH,2,0,2,1.0
lJSL,0,1,1,0.0
lJSN,1,0,1,1.0
lJSP,1,0,1,1.0
lJSb,1,0,1,1.0
lJSl,0,0,0,
lJSs,2,1,3,0.67
lJSt,1,0,1,1.0
lJbB,0,2,2,0.0
lJbH,0,1,1,0.0
lJbM,3,1,4,0.75
lJbN,2,1,3,0.67
lJbP,2,0,2,1.0
lJbS,0,2,2,0.0
lJbb,4,0,4,1.0
lJbm,1,0,1,1.0
lJbn,0,1,1,0.0
lJbs,1,0,1,1.0
lJhI,0,1,1,0.0
lJhM,0,0,0,
lJhh,0,1,1,0.0
lJhl,0,1,1,0.0
lJlB,0,1,1,0.0
lJlM,0,1,1,0.0
lJlN,0,1,1,0.0
lJlS,2,0,2,1.0
lJlb,1,0,1,1.0
lJln,1,0,1,1.0
lJmB,2,1,3,0.67
lJmD,0,0,0,
lJmH,3,0,3,1.0
lJmM,1,3,4,0.25
lJmP,0,0,0,
lJmS,0,2,2,0.0
lJmb,2,0,2,1.0
lJml,1,1,2,0.5
lJmm,2,0,2,1.0
lJmn,2,0,2,1.0
lJms,2,0,2,1.0
lJnB,2,1,3,0.67
lJnD,0,1,1,0.0
lJnL,1,1,2,0.5
lJnM,0,2,2,0.0
lJnN,1,1,2,0.5
lJnP,1,2,3,0.33
lJnS,1,2,3,0.33
lJnb,1,0,1,1.0
lJnm,0,1,1,0.0
lJnn,1,2,3,0.33
lJsB,1,1,2,0.5
lJsM,0,0,0,
lJsN,1,0,1,1.0
lJsP,2,1,3,0.67
lJsh,0,1,1,0.0
lJsl,1,0,1,1.0
lJsm,1,1,2,0.5
lJsn,1,1,2,0.5
lJss,1,0,1,1.0
lJtK,0,1,1,0.0
lJtN,0,1,1,0.0
lJts,0,1,1,0.0
lKBL,0,1,1,0.0
lKBN,0,1,1,0.0
lKBP,2,0,2,1.0
lKBn,0,1,1,0.0
lKDM,0,1,1,0.0
lKHN,0,1,1,0.0
lKIH,0,1,1,0.0
lKMl,0,0,0,
lKMm,0,1,1,0.0
lKMn,0,1,1,0.0
lKNb,0,0,0,
lKNt,0,1,1,0.0
lKPB,0,1,1,0.0
lKPM,0,2,2,0.0
lKPS,1,1,2,0.5
lKSH,1,0,1,1.0
lKSP,0,1,1,0.0
lKbS,1,1,2,0.5
lKbb,1,1,2,0.5
lKhB,1,0,1,1.0
lKhM,1,2,3,0.33
lKlH,0,0,0,
lKlm,0,1,1,0.0
lKmH,1,0,1,1.0
lKmL,0,0,0,
lKmM,0,0,0,
lKmS,1,0,1,1.0
lKmn,0,1,1,0.0
lKnN,0,0,0,
lKnP,0,0,0,
lKnm,0,0,0,
lKsM,0,0,0,
lKsm,0,1,1,0.0
lKsn,0,1,1,0.0
lLBB,1,3,4,0.25
lLBD,1,0,1,1.0
lLBM,0,1,1,0.0
lLBN,1,0,1,1.0
lLBP,2,3,5,0.4
lLBb,1,1,2,0.5
lLBj,1,1,2,0.5
lLBm,0,1,1,0.0
lLBn,2,1,3,0.67
lLBs,3,0,3,1.0
lLDH,1,0,1,1.0
lLDP,0,1,1,0.0
lLDS,0,0,0,
lLDm,0,0,0,
lLHS,0,0,0,
lLKH,0,1,1,0.0
lLKL,1,0,1,1.0
lLKn,0,1,1,0.0
lLLB,1,1,2,0.5
lLLL,0,1,1,0.0
lLLM,2,1,3,0.67
lLLN,1,0,1,1.0
lLLP,2,0,2,1.0
lLLm,2,0,2,1.0
lLLn,1,0,1,1.0
lLLs,2,1,3,0.67
lLMB,2,2,4,0.5
lLML,2,0,2,1.0
lLMM,0,1,1,0.0
lLMN,1,1,2,0.5
lLMP,1,0,1,1.0
lLMS,1,0,1,1.0
lLMb,5,0,5,1.0
lLMh,2,1,3,0.67
lLMj,1,0,1,1.0
lLMm,3,2,5,0.6
lLMn,2,2,4,0.5
lLMs,3,1,4,0.75
lLNB,0,1,1,0.0
lLND,0,0,0,
lLNH,0,0,0,
lLNM,0,2,2,0.0
lLNN,2,1,3,0.67
lLNP,2,1,3,0.67
lLNS,0,1,1,0.0
lLNb,1,1,2,0.5
lLNm,4,3,7,0.57
lLNn,0,0,0,
lLNs,0,1,1,0.0
lLNt,0,1,1,0.0
lLPB,2,4,6,0.33
lLPD,0,1,1,0.0
lLPH,1,0,1,1.0
lLPI,0,0,0,
lLPK,1,0,1,1.0
lLPL,1,1,2,0.5
lLPM,1,1,2,0.5
lLPN,4,1,5,0.8
lLPP,7,1,8,0.88
lLPS,0,1,1,0.0
lLPb,3,2,5,0.6
lLPl,1,1,2,0.5
lLPm,2,1,3,0.67
lLPn,2,2,4,0.5
lLPs,1,1,2,0.5
lLPt,0,1,1,0.0
lLSB,0,1,1,0.0
lLSH,0,1,1,0.0
lLSN,0,2,2,0.0
lLSP,1,2,3,0.33
lLSS,1,2,3,0.33
lLSh,1,1,2,0.5
lLSl,1,1,2,0.5
lLSm,0,1,1,0.0
lLSn,1,0,1,1.0
lLSs,1,0,1,1.0
lLSt,0,1,1,0.0
lLbD,0,2,2,0.0
lLbH,0,1,1,0.0
lLbM,1,1,2,0.5
lLbN,1,1,2,0.5
lLbP,2,1,3,0.67
lLbb,1,2,3,0.33
lLbm,3,1,4,0.75
lLbn,2,1,3,0.67
lLbs,0,1,1,0.0
lLhM,0,1,1,0.0
lLhP,0,2,2,0.0
lLhS,1,0,1,1.0
lLhb,1,1,2,0.5
lLhh,0,1,1,0.0
lLhn,1,1,2,0.5
lLjB,1,0,1,1.0
lLjb,1,0,1,1.0
lLlB,1,0,1,1.0
lLlH,1,2,3,0.33
lLlJ,1,0,1,1.0
lLlL,1,1,2,0.5
lLlM,1,0,1,1.0
lLlN,3,0,3,1.0
lLlP,1,2,3,0.33
lLlS,0,2,2,0.0
lLlb,0,1,1,0.0
lLln,0,2,2,0.0
lLls,0,1,1,0.0
lLmB,0,1,1,0.0
lLmD,0,1,1,0.0
lLmH,2,3,5,0.4
lLmJ,0,1,1,0.0
lLmL,1,1,2,0.5
lLmM,1,1,2,0.5
lLmN,2,3,5,0.4
lLmP,5,4,9,0.56
lLmS,0,0,0,
lLmb,2,2,4,0.5
lLml,1,0,1,1.0
lLmm,1,1,2,0.5
lLmn,1,0,1,1.0
lLms,1,0,1,1.0
lLnB,0,1,1,0.0
lLnD,0,2,2,0.0
lLnH,0,3,3,0.0
lLnL,2,1,3,0.67
lLnM,1,2,3,0.33
lLnN,2,3,5,0.4
lLnP,2,2,4,0.5
lLnS,0,2,2,0.0
lLnb,2,1,3,0.67
lLnl,2,0,2,1.0
lLnm,3,1,4,0.75
lLnn,1,2,3,0.33
lLns,1,4,5,0.2
lLsH,0,0,0,
lLsI,1,0,1,1.0
lLsM,0,3,3,0.0
lLsN,1,0,1,1.0
lLsP,1,1,2,0.5
lLsS,0,0,0,
lLsb,2,0,2,1.0
lLsm,2,0,2,1.0
lLsn,1,1,2,0.5
lLss,2,2,4,0.5
lLtD,1,1,2,0.5
lLtM,0,0,0,
lLtl,1,1,2,0.5
lMBB,2,4,6,0.33
lMBD,1,2,3,0.33
lMBL,1,0,1,1.0
lMBM,0,5,5,0.0
lMBN,5,3,8,0.62
lMBP,1,4,5,0.2
lMBS,1,0,1,1.0
lMBb,4,1,5,0.8
lMBh,1,0,1,1.0
lMBj,1,0,1,1.0
lMBm,2,4,6,0.33
lMBn,3,4,7,0.43
lMBs,0,2,2,0.0
lMBt,0,1,1,0.0
lMDB,2,0,2,1.0
lMDD,0,1,1,0.0
lMDH,1,2,3,0.33
lMDL,1,0,1,1.0
lMDM,1,1,2,0.5
lMDN,0,3,3,0.0
lMDP,0,2,2,0.0
lMDS,0,1,1,0.0
lMDb,0,1,1,0.0
lMDl,0,1,1,0.0
lMDm,1,0,1,1.0
lMDn,1,0,1,1.0
lMDs,0,1,1,0.0
lMKs,1,0,1,1.0
lMLB,1,1,2,0.5
lMLK,1,0,1,1.0
lMLM,4,1,5,0.8
lMLN,1,1,2,0.5
lMLP,2,3,5,0.4
lMLb,1,2,3,0.33
lMLl,1,1,2,0.5
lMLm,5,2,7,0.71
lMLn,3,0,3,1.0
lMLs,2,2,4,0.5
lMMB,4,2,6,0.67
lMMD,1,1,2,0.5
lMMM,4,5,9,0.44
lMMN,3,3,6,0.5
lMMP,7,6,13,0.54
lMMS,0,2,2,0.0
lMMb,1,7,8,0.12
lMMh,4,3,7,0.57
lMMm,7,5,12,0.58
lMMn,3,8,11,0.27
lMMs,3,2,5,0.6
lMMt,0,1,1,0.0
lMNB,3,1,4,0.75
lMNH,0,1,1,0.0
lMNL,1,1,2,0.5
lMNM,3,3,6,0.5
lMNN,2,5,7,0.29
lMNP,7,10,17,0.41
lMNS,1,0,1,1.0
lMNb,4,6,10,0.4
lMNh,1,0,1,1.0
lMNl,1,1,2,0.5
lMNm,2,3,5,0.4
lMNn,6,7,13,0.46
lMNs,3,2,5,0.6
lMNt,2,0,2,1.0
lMPB,4,3,7,0.57
lMPD,1,0,1,1.0
lMPH,3,0,3,1.0
lMPI,0,1,1,0.0
lMPK,1,0,1,1.0
lMPL,2,3,5,0.4
lMPM,4,8,12,0.33
lMPN,3,8,11,0.27
lMPP,6,8,14,0.43
lMPS,3,1,4,0.75
lMPb,8,5,13,0.62
lMPh,0,2,2,0.0
lMPl,3,1,4,0.75
lMPm,4,7,11,0.36
lMPn,7,1,8,0.88
lMPs,5,5,10,0.5
lMPt,0,1,1,0.0
lMSB,7,2,9,0.78
lMSD,2,0,2,1.0
lMSH,1,1,2,0.5
lMSK,1,0,1,1.0
lMSL,0,0,0,
lMSM,1,2,3,0.33
lMSN,2,2,4,0.5
lMSP,4,6,10,0.4
lMSS,4,3,7,0.57
lMSb,1,1,2,0.5
lMSh,0,1,1,0.0
lMSl,2,2,4,0.5
lMSm,3,4,7,0.43
lMSn,2,3,5,0.4
lMSs,4,1,5,0.8
lMSt,0,1,1,0.0
lMbB,3,3,6,0.5
lMbH,2,1,3,0.67
lMbJ,0,1,1,0.0
lMbL,2,0,2,1.0
lMbM,5,3,8,0.62
lMbN,6,2,8,0.75
lMbP,5,4,9,0.56
lMbS,3,0,3,1.0
lMbb,1,1,2,0.5
lMbl,1,4,5,0.2
lMbm,2,4,6,0.33
lMbn,4,2,6,0.67
lMbs,0,1,1,0.0
lMhB,0,3,3,0.0
lMhD,0,2,2,0.0
lMhH,0,2,2,0.0
lMhL,1,0,1,1.0
lMhM,3,3,6,0.5
lMhN,2,0,2,1.0
lMhP,2,6,8,0.25
lMhS,4,2,6,0.67
lMhb,4,3,7,0.57
lMhh,4,1,5,0.8
lMhl,0,2,2,0.0
lMhm,3,2,5,0.6
lMhn,0,4,4,0.0
lMhs,3,3,6,0.5
lMjB,0,1,1,0.0
lMjM,1,0,1,1.0
lMjN,1,2,3,0.33
lMjS,0,1,1,0.0
lMjn,1,0,1,1.0
lMlB,4,0,4,1.0
lMlL,1,0,1,1.0
lMlM,2,4,6,0.33
lMlN,2,0,2,1.0
lMlP,0,1,1,0.0
lMlS,3,1,4,0.75
lMlb,1,0,1,1.0
lMll,1,1,2,0.5
lMlm,1,0,1,1.0
lMls,0,1,1,0.0
lMmB,4,3,7,0.57
lMmD,3,2,5,0.6
lMmH,2,4,6,0.33
lMmI,0,1,1,0.0
lMmJ,1,0,1,1.0
lMmL,0,4,4,0.0
lMmM,6,2,8,0.75
lMmN,5,9,14,0.36
lMmP,4,5,9,0.44
lMmS,2,3,5,0.4
lMmb,4,9,13,0.31
lMmh,1,1,2,0.5
lMml,1,1,2,0.5
lMmm,5,4,9,0.56
lMmn,10,7,17,0.59
lMms,4,3,7,0.57
lMnB,5,5,10,0.5
lMnD,2,1,3,0.67
lMnH,5,4,9,0.56
lMnI,1,1,2,0.5
lMnL,1,0,1,1.0
lMnM,4,6,10,0.4
lMnN,7,6,13,0.54
lMnP,7,3,10,0.7
lMnS,3,3,6,0.5
lMnb,1,3,4,0.25
lMnh,0,1,1,0.0
lMnl,3,1,4,0.75
lMnm,8,6,14,0.57
lMnn,8,3,11,0.73
lMns,5,3,8,0.62
lMsB,2,2,4,0.5
lMsD,2,2,4,0.5
lMsH,1,2,3,0.33
lMsK,0,1,1,0.0
lMsL,0,1,1,0.0
lMsM,3,2,5,0.6
lMsN,4,3,7,0.57
lMsP,6,5,11,0.55
lMsS,2,6,8,0.25
lMsb,1,1,2,0.5
lMsl,1,0,1,1.0
lMsm,1,2,3,0.33
lMsn,2,6,8,0.25
lMss,2,0,2,1.0
lMtS,0,1,1,0.0
lMtb,1,0,1,1.0
lMtm,1,0,1,1.0
lMtn,0,0,0,
lMts,0,0,0,
lNBB,3,3,6,0.5
lNBL,0,1,1,0.0
lNBM,0,2,2,0.0
lNBN,6,4,10,0.6
lNBP,3,7,10,0.3
lNBS,1,2,3,0.33
lNBb,2,1,3,0.67
lNBl,0,1,1,0.0
lNBm,2,3,5,0.4
lNBn,3,3,6,0.5
lNBs,1,0,1,1.0
lNDB,1,0,1,1.0
lNDD,0,0,0,
lNDL,4,0,4,1.0
lNDN,2,1,3,0.67
lNDS,0,3,3,0.0
lNDb,0,1,1,0.0
lNDl,1,0,1,1.0
lNDm,1,2,3,0.33
lNDn,0,1,1,0.0
lNDs,1,0,1,1.0
lNHM,2,0,2,1.0
lNHS,1,2,3,0.33
lNHl,0,1,1,0.0
lNHm,1,0,1,1.0
lNHn,2,1,3,0.67
lNIP,0,0,0,
lNIs,1,0,1,1.0
lNKB,1,0,1,1.0
lNKM,1,1,2,0.5
lNKS,0,0,0,
lNKb,0,1,1,0.0
lNKh,1,0,1,1.0
lNKl,0,0,0,
lNKm,0,0,0,
lNKn,1,0,1,1.0
lNLB,0,2,2,0.0
lNLK,0,1,1,0.0
lNLL,1,0,1,1.0
lNLM,3,1,4,0.75
lNLN,1,2,3,0.33
lNLP,1,1,2,0.5
lNLS,0,0,0,
lNLb,3,1,4,0.75
lNLh,0,0,0,
lNLm,0,2,2,0.0
lNLn,1,3,4,0.25
lNLs,1,1,2,0.5
lNMB,5,6,11,0.45
lNMD,1,1,2,0.5
lNML,2,1,3,0.67
lNMM,0,5,5,0.0
lNMN,3,2,5,0.6
lNMP,2,4,6,0.33
lNMS,1,3,4,0.25
lNMb,3,4,7,0.43
lNMh,5,0,5,1.0
lNMj,1,1,2,0.5
lNMl,3,1,4,0.75
lNMm,8,3,11,0.73
lNMn,8,9,17,0.47
lNMs,1,1,2,0.5
lNNB,2,2,4,0.5
lNND,1,1,2,0.5
lNNH,0,1,1,0.0
lNNI,0,1,1,0.0
lNNK,1,0,1,1.0
lNNL,1,1,2,0.5
lNNM,4,1,5,0.8
lNNN,10,8,18,0.56
lNNP,7,9,16,0.44
lNNS,2,1,3,0.67
lNNb,5,4,9,0.56
lNNh,1,5,6,0.17
lNNl,2,2,4,0.5
lNNm,5,1,6,0.83
lNNn,7,7,14,0.5
lNNs,2,1,3,0.67
lNNt,1,0,1,1.0
lNPB,6,8,14,0.43
lNPD,1,3,4,0.25
lNPH,2,2,4,0.5
lNPI,2,2,4,0.5
lNPK,1,0,1,1.0
lNPL,1,2,3,0.33
lNPM,5,4,9,0.56
lNPN,17,9,26,0.65
lNPP,8,12,20,0.4
lNPS,4,7,11,0.36
lNPb,5,2,7,0.71
lNPh,1,0,1,1.0
lNPl,5,1,6,0.83
lNPm,7,4,11,0.64
lNPn,8,5,13,0.62
lNPs,5,2,7,0.71
lNSB,4,3,7,0.57
lNSH,1,3,4,0.25
lNSL,2,1,3,0.67
lNSM,5,1,6,0.83
lNSN,3,1,4,0.75
lNSP,4,2,6,0.67
lNSS,1,5,6,0.17
lNSb,4,1,5,0.8
lNSh,1,1,2,0.5
lNSl,1,0,1,1.0
lNSm,4,0,4,1.0
lNSn,5,3,8,0.62
lNSs,4,1,5,0.8
lNbB,3,3,6,0.5
lNbD,2,0,2,1.0
lNbH,0,1,1,0.0
lNbJ,1,1,2,0.5
lNbK,0,1,1,0.0
lNbL,1,2,3,0.33
lNbM,5,2,7,0.71
lNbN,7,4,11,0.64
lNbP,1,4,5,0.2
lNbS,1,2,3,0.33
lNbb,3,0,3,1.0
lNbl,1,1,2,0.5
lNbm,6,3,9,0.67
lNbn,4,4,8,0.5
lNbs,2,2,4,0.5
lNhB,0,0,0,
lNhH,0,1,1,0.0
lNhI,0,1,1,0.0
lNhL,0,2,2,0.0
lNhM,0,1,1,0.0
lNhN,2,0,2,1.0
lNhP,1,3,4,0.25
lNhS,2,1,3,0.67
lNhb,2,1,3,0.67
lNhh,1,0,1,1.0
lNhm,0,1,1,0.0
lNhn,1,0,1,1.0
lNhs,2,1,3,0.67
lNlB,4,1,5,0.8
lNlH,0,2,2,0.0
lNlJ,2,1,3,0.67
lNlM,2,4,6,0.33
lNlN,1,1,2,0.5
lNlP,1,2,3,0.33
lNlS,0,2,2,0.0
lNlb,1,1,2,0.5
lNlm,1,2,3,0.33
lNln,3,0,3,1.0
lNls,1,2,3,0.33
lNmB,3,6,9,0.33
lNmD,0,3,3,0.0
lNmH,2,6,8,0.25
lNmJ,1,1,2,0.5
lNmL,2,0,2,1.0
lNmM,4,6,10,0.4
lNmN,2,6,8,0.25
lNmP,11,2,13,0.85
lNmS,1,2,3,0.33
lNmb,4,5,9,0.44
lNml,0,3,3,0.0
lNmm,4,3,7,0.57
lNmn,6,4,10,0.6
lNms,2,2,4,0.5
lNnB,5,4,9,0.56
lNnD,1,0,1,1.0
lNnH,2,2,4,0.5
lNnK,1,0,1,1.0
lNnL,1,2,3,0.33
lNnM,7,3,10,0.7
lNnN,9,4,13,0.69
lNnP,5,9,14,0.36
lNnS,1,1,2,0.5
lNnb,5,6,11,0.45
lNnl,1,0,1,1.0
lNnm,6,5,11,0.55
lNnn,6,11,17,0.35
lNns,5,1,6,0.83
lNsB,1,2,3,0.33
lNsD,1,0,1,1.0
lNsH,4,3,7,0.57
lNsI,1,1,2,0.5
lNsL,1,2,3,0.33
lNsM,3,3,6,0.5
lNsN,2,5,7,0.29
lNsP,5,9,14,0.36
lNsS,2,3,5,0.4
lNsb,1,3,4,0.25
lNsh,1,0,1,1.0
lNsl,0,1,1,0.0
lNsm,4,3,7,0.57
lNsn,2,4,6,0.33
lNss,5,3,8,0.62
lNtB,0,1,1,0.0
lNtL,3,1,4,0.75
lNtM,0,0,0,
lNtN,0,0,0,
lNtP,0,0,0,
lNtS,1,0,1,1.0
lNtb,0,2,2,0.0
lNtn,0,1,1,0.0
lPBB,3,1,4,0.75
lPBD,2,0,2,1.0
lPBK,1,1,2,0.5
lPBL,3,4,7,0.43
lPBM,3,5,8,0.38
lPBN,4,3,7,0.57
lPBP,2,8,10,0.2
lPBS,3,3,6,0.5
lPBb,2,0,2,1.0
lPBh,2,1,3,0.67
lPBl,1,2,3,0.33
lPBm,8,3,11,0.73
lPBn,5,2,7,0.71
lPBs,0,1,1,0.0
lPBt,0,1,1,0.0
lPDB,0,1,1,0.0
lPDH,1,1,2,0.5
lPDM,0,1,1,0.0
lPDN,2,0,2,1.0
lPDP,1,0,1,1.0
lPDS,1,0,1,1.0
lPDb,1,2,3,0.33
lPDm,1,0,1,1.0
lPDn,0,1,1,0.0
lPDs,1,0,1,1.0
lPDt,1,0,1,1.0
lPHB,0,0,0,
lPHD,2,0,2,1.0
lPHH,0,1,1,0.0
lPHM,3,0,3,1.0
lPHN,4,1,5,0.8
lPHP,3,2,5,0.6
lPHS,2,2,4,0.5
lPHb,2,0,2,1.0
lPHl,1,0,1,1.0
lPHm,2,1,3,0.67
lPHn,2,3,5,0.4
lPHs,3,1,4,0.75
lPHt,1,0,1,1.0
lPIB,0,0,0,
lPID,0,1,1,0.0
lPIH,1,1,2,0.5
lPIM,0,1,1,0.0
lPIN,1,0,1,1.0
lPIP,2,0,2,1.0
lPIS,1,0,1,1.0
lPIb,1,0,1,1.0
lPIl,0,1,1,0.0
lPIm,0,0,0,
lPIs,0,1,1,0.0
lPKB,1,0,1,1.0
lPKL,1,0,1,1.0
lPKM,1,1,2,0.5
lPKP,0,2,2,0.0
lPKS,0,1,1,0.0
lPKh,1,1,2,0.5
lPKl,1,0,1,1.0
lPKm,1,1,2,0.5
lPKn,0,2,2,0.0
lPKs,0,0,0,
lPLB,2,3,5,0.4
lPLD,1,1,2,0.5
lPLK,1,0,1,1.0
lPLM,1,1,2,0.5
lPLN,2,0,2,1.0
lPLP,0,3,3,0.0
lPLS,1,3,4,0.25
lPLb,2,0,2,1.0
lPLh,0,3,3,0.0
lPLl,1,2,3,0.33
lPLm,1,0,1,1.0
lPLn,0,5,5,0.0
lPLs,1,3,4,0.25
lPMB,9,5,14,0.64
lPMD,0,1,1,0.0
lPML,2,2,4,0.5
lPMM,6,5,11,0.55
lPMN,6,5,11,0.55
lPMP,5,3,8,0.62
lPMS,5,3,8,0.62
lPMb,6,3,9,0.67
lPMh,1,4,5,0.2
lPMj,1,0,1,1.0
lPMl,2,0,2,1.0
lPMm,7,1,8,0.88
lPMn,3,2,5,0.6
lPMs,3,3,6,0.5
lPNB,8,3,11,0.73
lPND,3,2,5,0.6
lPNI,0,1,1,0.0
lPNL,1,9,10,0.1
lPNM,4,8,12,0.33
lPNN,4,6,10,0.4
lPNP,9,10,19,0.47
lPNS,3,3,6,0.5
lPNb,4,3,7,0.57
lPNh,1,3,4,0.25
lPNl,2,0,2,1.0
lPNm,8,4,12,0.67
lPNn,8,6,14,0.57
lPNs,3,5,8,0.38
lPNt,0,1,1,0.0
lPPB,2,4,6,0.33
lPPD,1,2,3,0.33
lPPH,0,1,1,0.0
lPPI,1,0,1,1.0
lPPK,1,0,1,1.0
lPPL,3,2,5,0.6
lPPM,5,8,13,0.38
lPPN,5,5,10,0.5
lPPP,13,7,20,0.65
lPPS,5,5,10,0.5
lPPb,3,4,7,0.43
lPPh,0,2,2,0.0
lPPl,6,2,8,0.75
lPPm,9,8,17,0.53
lPPn,8,6,14,0.57
lPPs,1,4,5,0.2
lPPt,1,0,1,1.0
lPSB,1,3,4,0.25
lPSH,1,1,2,0.5
lPSL,3,3,6,0.5
lPSM,2,4,6,0.33
lPSN,0,2,2,0.0
lPSP,6,3,9,0.67
lPSS,2,1,3,0.67
lPSb,2,3,5,0.4
lPSh,0,3,3,0.0
lPSl,1,0,1,1.0
lPSm,2,4,6,0.33
lPSn,1,0,1,1.0
lPSs,3,3,6,0.5
lPSt,1,1,2,0.5
lPbB,2,2,4,0.5
lPbD,0,1,1,0.0
lPbH,1,2,3,0.33
lPbJ,0,1,1,0.0
lPbK,1,0,1,1.0
lPbL,2,1,3,0.67
lPbM,4,9,13,0.31
lPbN,4,4,8,0.5
lPbP,12,3,15,0.8
lPbS,2,1,3,0.67
lPbb,4,3,7,0.57
lPbl,2,1,3,0.67
lPbm,6,0,6,1.0
lPbn,2,1,3,0.67
lPbs,1,1,2,0.5
lPhH,0,0,0,
lPhI,0,0,0,
lPhM,4,1,5,0.8
lPhN,0,1,1,0.0
lPhP,0,1,1,0.0
lPhb,1,0,1,1.0
lPhs,2,0,2,1.0
lPlB,0,1,1,0.0
lPlH,0,1,1,0.0
lPlL,1,1,2,0.5
lPlM,3,3,6,0.5
lPlN,0,1,1,0.0
lPlP,5,5,10,0.5
lPlS,1,0,1,1.0
lPlb,4,2,6,0.67
lPll,0,1,1,0.0
lPlm,2,0,2,1.0
lPln,0,1,1,0.0
lPls,0,1,1,0.0
lPmB,4,3,7,0.57
lPmH,2,5,7,0.29
lPmI,2,0,2,1.0
lPmJ,1,0,1,1.0
lPmL,2,2,4,0.5
lPmM,7,8,15,0.47
lPmN,3,6,9,0.33
lPmP,10,2,12,0.83
lPmS,0,2,2,0.0
lPmb,5,4,9,0.56
lPml,2,2,4,0.5
lPmm,4,3,7,0.57
lPmn,8,4,12,0.67
lPms,0,1,1,0.0
lPnB,6,1,7,0.86
lPnH,2,3,5,0.4
lPnI,0,1,1,0.0
lPnK,2,0,2,1.0
lPnL,0,1,1,0.0
lPnM,3,9,12,0.25
lPnN,6,4,10,0.6
lPnP,4,5,9,0.44
lPnS,4,4,8,0.5
lPnb,1,2,3,0.33
lPnh,0,1,1,0.0
lPnl,2,1,3,0.67
lPnm,3,5,8,0.38
lPnn,4,3,7,0.57
lPns,2,2,4,0.5
lPsB,4,2,6,0.67
lPsD,1,0,1,1.0
lPsH,4,2,6,0.67
lPsM,4,1,5,0.8
lPsN,1,4,5,0.2
lPsP,1,0,1,1.0
lPsS,4,2,6,0.67
lPsb,1,1,2,0.5
lPsl,1,1,2,0.5
lPsm,3,2,5,0.6
lPsn,1,4,5,0.2
lPss,3,2,5,0.6
lPtB,1,0,1,1.0
lPtH,1,1,2,0.5
lPtM,0,2,2,0.0
lPtN,1,2,3,0.33
lPtn,0,2,2,0.0
lPts,1,0,1,1.0
lSBB,0,3,3,0.0
lSBL,0,2,2,0.0
lSBM,1,2,3,0.33
lSBN,4,1,5,0.8
lSBP,2,0,2,1.0
lSBS,1,0,1,1.0
lSBb,2,1,3,0.67
lSBh,1,1,2,0.5
lSBj,0,1,1,0.0
lSBl,0,1,1,0.0
lSBm,1,2,3,0.33
lSBn,5,3,8,0.62
lSBs,0,2,2,0.0
lSDB,1,1,2,0.5
lSDD,0,1,1,0.0
lSDH,0,0,0,
lSDM,1,1,2,0.5
lSDN,2,1,3,0.67
lSDS,1,1,2,0.5
lSDb,0,1,1,0.0
lSDs,0,2,2,0.0
lSHD,0,0,0,
lSHI,0,0,0,
lSHL,2,0,2,1.0
lSHM,2,1,3,0.67
lSHP,3,1,4,0.75
lSHS,2,1,3,0.67
lSHb,1,1,2,0.5
lSHh,0,0,0,
lSHm,0,1,1,0.0
lSHn,1,1,2,0.5
lSHs,1,0,1,1.0
lSIm,1,0,1,1.0
lSKM,1,0,1,1.0
lSKh,0,1,1,0.0
lSKl,0,1,1,0.0
lSKm,0,1,1,0.0
lSLB,1,1,2,0.5
lSLL,0,0,0,
lSLM,1,0,1,1.0
lSLN,2,1,3,0.67
lSLP,1,2,3,0.33
lSLb,0,2,2,0.0
lSLh,0,1,1,0.0
lSLl,0,1,1,0.0
lSLm,3,2,5,0.6
lSLn,1,1,2,0.5
lSLs,1,0,1,1.0
lSMB,4,0,4,1.0
lSMD,1,1,2,0.5
lSMK,0,1,1,0.0
lSML,1,0,1,1.0
lSMM,7,5,12,0.58
lSMN,0,5,5,0.0
lSMP,1,0,1,1.0
lSMS,1,3,4,0.25
lSMb,0,2,2,0.0
lSMh,0,2,2,0.0
lSMl,0,1,1,0.0
lSMm,6,3,9,0.67
lSMn,4,5,9,0.44
lSMs,0,1,1,0.0
lSNB,4,0,4,1.0
lSND,0,0,0,
lSNH,2,0,2,1.0
lSNK,1,0,1,1.0
lSNL,0,1,1,0.0
lSNM,2,1,3,0.67
lSNN,4,3,7,0.57
lSNP,2,4,6,0.33
lSNS,2,4,6,0.33
lSNb,1,0,1,1.0
lSNh,1,2,3,0.33
lSNl,1,0,1,1.0
lSNm,2,2,4,0.5
lSNn,2,12,14,0.14
lSNs,1,1,2,0.5
lSNt,0,1,1,0.0
lSPB,1,1,2,0.5
lSPD,1,0,1,1.0
lSPH,0,1,1,0.0
lSPK,0,1,1,0.0
lSPL,3,4,7,0.43
lSPM,1,6,7,0.14
lSPN,4,5,9,0.44
lSPP,3,5,8,0.38
lSPS,2,1,3,0.67
lSPb,1,3,4,0.25
lSPh,0,1,1,0.0
lSPl,3,0,3,1.0
lSPm,0,4,4,0.0
lSPn,1,2,3,0.33
lSPs,1,2,3,0.33
lSPt,1,0,1,1.0
lSSB,0,1,1,0.0
lSSD,1,0,1,1.0
lSSH,1,3,4,0.25
lSSL,1,1,2,0.5
lSSM,2,5,7,0.29
lSSN,2,2,4,0.5
lSSP,4,0,4,1.0
lSSS,6,2,8,0.75
lSSb,1,1,2,0.5
lSSl,1,0,1,1.0
lSSm,4,4,8,0.5
lSSn,0,5,5,0.0
lSSs,3,3,6,0.5
lSSt,1,0,1,1.0
lSbB,2,2,4,0.5
lSbD,1,1,2,0.5
lSbH,2,1,3,0.67
lSbM,3,2,5,0.6
lSbN,0,4,4,0.0
lSbP,2,2,4,0.5
lSbS,1,0,1,1.0
lSbb,8,4,12,0.67
lSbm,1,2,3,0.33
lSbn,2,1,3,0.67
lSbs,2,1,3,0.67
lShB,2,2,4,0.5
lShH,0,0,0,
lShL,1,2,3,0.33
lShM,0,2,2,0.0
lShN,1,1,2,0.5
lShP,0,1,1,0.0
lShS,2,2,4,0.5
lShb,0,1,1,0.0
lShh,2,2,4,0.5
lShl,1,1,2,0.5
lShm,2,0,2,1.0
lShs,2,2,4,0.5
lSlB,0,2,2,0.0
lSlL,0,0,0,
lSlM,0,1,1,0.0
lSlN,0,1,1,0.0
lSlP,1,0,1,1.0
lSlS,0,1,1,0.0
lSlb,2,0,2,1.0
lSll,1,2,3,0.33
lSlm,2,1,3,0.67
lSln,1,0,1,1.0
lSls,0,2,2,0.0
lSmB,1,3,4,0.25
lSmD,1,0,1,1.0
lSmH,0,3,3,0.0
lSmI,0,1,1,0.0
lSmJ,0,1,1,0.0
lSmL,1,0,1,1.0
lSmM,2,4,6,0.33
lSmN,2,1,3,0.67
lSmP,3,4,7,0.43
lSmS,1,2,3,0.33
lSmb,2,1,3,0.67
lSml,0,1,1,0.0
lSmm,2,0,2,1.0
lSmn,3,4,7,0.43
lSms,3,2,5,0.6
lSnB,4,1,5,0.8
lSnD,0,5,5,0.0
lSnH,2,1,3,0.67
lSnI,1,1,2,0.5
lSnL,0,1,1,0.0
lSnM,3,3,6,0.5
lSnN,1,2,3,0.33
lSnP,4,5,9,0.44
lSnS,2,4,6,0.33
lSnb,3,0,3,1.0
lSnl,2,1,3,0.67
lSnm,4,1,5,0.8
lSnn,3,6,9,0.33
lSns,2,0,2,1.0
lSsB,0,2,2,0.0
lSsH,4,0,4,1.0
lSsK,1,0,1,1.0
lSsL,1,1,2,0.5
lSsM,0,2,2,0.0
lSsN,3,3,6,0.5
lSsP,5,4,9,0.56
lSsS,2,4,6,0.33
lSsb,3,3,6,0.5
lSsl,1,2,3,0.33
lSsm,3,2,5,0.6
lSsn,4,1,5,0.8
lSss,2,2,4,0.5
lStN,0,1,1,0.0
lStb,0,1,1,0.0
lbBB,3,1,4,0.75
lbBD,2,0,2,1.0
lbBK,0,0,0,
lbBL,3,0,3,1.0
lbBM,4,2,6,0.67
lbBN,4,5,9,0.44
lbBP,2,7,9,0.22
lbBS,2,4,6,0.33
lbBb,5,1,6,0.83
lbBh,0,0,0,
lbBj,0,1,1,0.0
lbBl,2,0,2,1.0
lbBm,6,2,8,0.75
lbBn,3,3,6,0.5
lbBs,4,1,5,0.8
lbBt,0,0,0,
lbDB,0,1,1,0.0
lbDH,1,0,1,1.0
lbDL,0,0,0,
lbDM,0,0,0,
lbDN,0,4,4,0.0
lbDS,0,1,1,0.0
lbDb,0,1,1,0.0
lbDm,1,0,1,1.0
lbHB,0,1,1,0.0
lbHM,2,0,2,1.0
lbHN,0,0,0,
lbHP,1,0,1,1.0
lbHS,0,1,1,0.0
lbHb,1,1,2,0.5
lbHl,0,0,0,
lbHn,3,0,3,1.0
lbIL,1,1,2,0.5
lbIP,0,0,0,
lbIl,1,1,2,0.5
lbJB,2,0,2,1.0
lbJM,0,0,0,
lbJN,0,0,0,
lbJP,1,0,1,1.0
lbJS,0,2,2,0.0
lbJb,0,0,0,
lbJs,1,0,1,1.0
lbJt,1,0,1,1.0
lbKH,0,1,1,0.0
lbKM,1,1,2,0.5
lbKP,0,2,2,0.0
lbKb,0,2,2,0.0
lbKh,0,1,1,0.0
lbKl,1,0,1,1.0
lbKn,0,0,0,
lbLB,1,3,4,0.25
lbLD,0,1,1,0.0
lbLL,1,3,4,0.25
lbLM,2,3,5,0.4
lbLN,3,4,7,0.43
lbLP,1,5,6,0.17
lbLS,1,2,3,0.33
lbLb,0,2,2,0.0
lbLh,0,1,1,0.0
lbLl,1,0,1,1.0
lbLn,3,1,4,0.75
lbLs,1,1,2,0.5
lbMB,6,3,9,0.67
lbMM,6,0,6,1.0
lbMN,3,6,9,0.33
lbMP,4,5,9,0.44
lbMS,1,5,6,0.17
lbMb,0,1,1,0.0
lbMh,2,0,2,1.0
lbMl,1,1,2,0.5
lbMm,4,2,6,0.67
lbMn,7,0,7,1.0
lbMs,2,2,4,0.5
lbMt,1,0,1,1.0
lbNB,1,2,3,0.33
lbND,0,1,1,0.0
lbNH,1,0,1,1.0
lbNL,1,5,6,0.17
lbNM,3,5,8,0.38
lbNN,7,6,13,0.54
lbNP,7,8,15,0.47
lbNS,1,3,4,0.25
lbNb,6,0,6,1.0
lbNh,2,1,3,0.67
lbNl,3,0,3,1.0
lbNm,7,1,8,0.88
lbNn,9,8,17,0.53
lbNs,1,3,4,0.25
lbNt,1,2,3,0.33
lbPB,2,5,7,0.29
lbPD,2,1,3,0.67
lbPH,1,2,3,0.33
lbPL,2,2,4,0.5
lbPM,10,9,19,0.53
lbPN,4,4,8,0.5
lbPP,4,6,10,0.4
lbPS,2,3,5,0.4
lbPb,4,2,6,0.67
lbPh,0,2,2,0.0
lbPl,0,0,0,
lbPm,4,9,13,0.31
lbPn,5,2,7,0.71
lbPs,1,1,2,0.5
lbSB,1,1,2,0.5
lbSD,2,1,3,0.67
lbSH,1,0,1,1.0
lbSM,1,1,2,0.5
lbSN,1,2,3,0.33
lbSP,2,3,5,0.4
lbSS,1,0,1,1.0
lbSb,0,3,3,0.0
lbSh,2,1,3,0.67
lbSl,1,1,2,0.5
lbSm,1,0,1,1.0
lbSn,0,2,2,0.0
lbSs,2,2,4,0.5
lbbB,7,4,11,0.64
lbbH,1,0,1,1.0
lbbK,0,1,1,0.0
lbbL,3,2,5,0.6
lbbM,4,4,8,0.5
lbbN,3,3,6,0.5
lbbP,6,2,8,0.75
lbbS,2,1,3,0.67
lbbb,5,2,7,0.71
lbbl,0,2,2,0.0
lbbm,5,5,10,0.5
lbbn,6,3,9,0.67
lbbs,3,1,4,0.75
lbhm,0,1,1,0.0
lblB,1,1,2,0.5
lblD,1,0,1,1.0
lblH,0,1,1,0.0
lblJ,0,1,1,0.0
lblL,1,0,1,1.0
lblM,0,1,1,0.0
lblN,1,2,3,0.33
lblP,4,3,7,0.57
lblS,0,1,1,0.0
lblb,1,2,3,0.33
lbll,1,0,1,1.0
lblm,0,0,0,
lbln,1,0,1,1.0
lbls,1,0,1,1.0
lbmB,6,1,7,0.86
lbmD,0,1,1,0.0
lbmH,2,3,5,0.4
lbmL,0,1,1,0.0
lbmM,3,1,4,0.75
lbmN,3,3,6,0.5
lbmP,2,10,12,0.17
lbmS,0,3,3,0.0
lbmb,3,3,6,0.5
lbmm,1,3,4,0.25
lbmn,7,6,13,0.54
lbnB,3,6,9,0.33
lbnD,1,0,1,1.0
lbnH,0,1,1,0.0
lbnI,1,0,1,1.0
lbnL,2,1,3,0.67
lbnM,2,4,6,0.33
lbnN,5,2,7,0.71
lbnP,7,6,13,0.54
lbnS,2,2,4,0.5
lbnb,4,3,7,0.57
lbnh,0,1,1,0.0
lbnl,3,1,4,0.75
lbnm,1,3,4,0.25
lbnn,8,2,10,0.8
lbns,2,1,3,0.67
lbsB,4,1,5,0.8
lbsD,1,0,1,1.0
lbsL,2,0,2,1.0
lbsM,2,3,5,0.4
lbsN,1,4,5,0.2
lbsP,1,1,2,0.5
lbsS,3,1,4,0.75
lbsb,5,0,5,1.0
lbsm,1,3,4,0.25
lbsn,1,0,1,1.0
lbss,0,2,2,0.0
lhPK,0,0,0,
lhSM,0,1,1,0.0
lhbL,1,0,1,1.0
lhnP,0,0,0,
lhss,0,0,0,
llBB,0,0,0,
llBD,0,1,1,0.0
llBM,2,4,6,0.33
llBN,1,3,4,0.25
llBP,0,0,0,
llBS,1,1,2,0.5
llBb,2,0,2,1.0
llBl,0,1,1,0.0
llBm,1,2,3,0.33
llBn,1,0,1,1.0
llBs,0,0,0,
llDP,0,0,0,
llDS,1,0,1,1.0
llDb,1,1,2,0.5
llHB,1,2,3,0.33
llHL,1,0,1,1.0
llHM,0,1,1,0.0
llHN,2,0,2,1.0
llHP,1,0,1,1.0
llHm,0,1,1,0.0
llHn,2,0,2,1.0
llHs,2,0,2,1.0
llIB,0,1,1,0.0
llJM,1,0,1,1.0
llJN,0,1,1,0.0
llJm,0,1,1,0.0
llKM,0,1,1,0.0
llKb,1,0,1,1.0
llKl,0,1,1,0.0
llKn,0,0,0,
llLB,0,0,0,
llLN,0,1,1,0.0
llLP,0,0,0,
llLS,0,1,1,0.0
llLb,0,2,2,0.0
llLm,0,1,1,0.0
llLn,2,1,3,0.67
llLs,1,0,1,1.0
llMB,2,2,4,0.5
llML,0,1,1,0.0
llMM,2,1,3,0.67
llMP,0,0,0,
llMS,4,1,5,0.8
llMh,0,1,1,0.0
llMl,1,0,1,1.0
llMm,2,2,4,0.5
llMn,2,2,4,0.5
llMs,1,1,2,0.5
llNB,1,0,1,1.0
llND,1,1,2,0.5
llNK,1,0,1,1.0
llNL,0,1,1,0.0
llNM,1,2,3,0.33
llNN,1,0,1,1.0
llNP,3,2,5,0.6
llNS,2,0,2,1.0
llNb,2,3,5,0.4
llNh,3,0,3,1.0
llNl,0,2,2,0.0
llNm,1,3,4,0.25
llNn,1,1,2,0.5
llNs,1,1,2,0.5
llPB,3,2,5,0.6
llPH,0,0,0,
llPL,1,1,2,0.5
llPM,3,2,5,0.6
llPN,5,1,6,0.83
llPP,2,2,4,0.5
llPS,1,1,2,0.5
llPb,3,1,4,0.75
llPl,0,1,1,0.0
llPm,2,2,4,0.5
llPn,0,1,1,0.0
llPs,1,0,1,1.0
llSB,1,1,2,0.5
llSL,1,0,1,1.0
llSM,2,1,3,0.67
llSN,1,1,2,0.5
llSP,1,0,1,1.0
llSS,0,2,2,0.0
llSh,0,0,0,
llSl,1,1,2,0.5
llSm,0,1,1,0.0
llSn,1,0,1,1.0
llSs,1,0,1,1.0
llbB,1,0,1,1.0
llbH,1,0,1,1.0
llbK,0,1,1,0.0
llbL,1,0,1,1.0
llbM,0,0,0,
llbN,0,5,5,0.0
llbP,0,4,4,0.0
llbb,1,3,4,0.25
llbl,1,0,1,1.0
llbm,0,1,1,0.0
llbn,2,1,3,0.67
llbs,0,1,1,0.0
lllD,0,1,1,0.0
lllH,2,0,2,1.0
lllM,1,1,2,0.5
lllN,0,0,0,
lllP,1,1,2,0.5
lllS,1,0,1,1.0
lllm,1,0,1,1.0
llmB,3,1,4,0.75
llmM,3,3,6,0.5
llmN,2,1,3,0.67
llmP,2,1,3,0.67
llmS,1,1,2,0.5
llmb,2,2,4,0.5
llmm,1,0,1,1.0
llmn,2,3,5,0.4
llms,2,1,3,0.67
llnB,2,0,2,1.0
llnH,2,2,4,0.5
llnI,0,0,0,
llnL,0,0,0,
llnM,3,1,4,0.75
llnN,2,1,3,0.67
llnP,0,0,0,
llnS,1,0,1,1.0
llnb,1,0,1,1.0
llnl,0,1,1,0.0
llnn,1,0,1,1.0
llns,1,0,1,1.0
llsB,0,1,1,0.0
llsH,1,1,2,0.5
llsN,1,0,1,1.0
llsP,1,1,2,0.5
llsb,0,1,1,0.0
lmBB,6,6,12,0.5
lmBD,1,2,3,0.33
lmBK,0,1,1,0.0
lmBL,1,2,3,0.33
lmBM,7,4,11,0.64
lmBN,6,1,7,0.86
lmBP,7,2,9,0.78
lmBS,2,3,5,0.4
lmBb,1,3,4,0.25
lmBh,0,1,1,0.0
lmBj,1,1,2,0.5
lmBl,1,1,2,0.5
lmBm,5,5,10,0.5
lmBn,5,4,9,0.56
lmBs,0,2,2,0.0
lmBt,0,0,0,
lmDB,1,0,1,1.0
lmDD,0,1,1,0.0
lmDH,1,0,1,1.0
lmDI,1,0,1,1.0
lmDM,1,1,2,0.5
lmDN,1,1,2,0.5
lmDP,1,3,4,0.25
lmDS,1,1,2,0.5
lmDb,3,1,4,0.75
lmDh,0,1,1,0.0
lmDm,1,4,5,0.2
lmDn,0,1,1,0.0
lmDs,2,1,3,0.67
lmDt,0,1,1,0.0
lmHB,2,1,3,0.67
lmHD,0,0,0,
lmHI,0,1,1,0.0
lmHK,0,1,1,0.0
lmHL,1,0,1,1.0
lmHM,3,3,6,0.5
lmHN,4,0,4,1.0
lmHP,2,5,7,0.29
lmHS,1,2,3,0.33
lmHb,3,2,5,0.6
lmHh,1,3,4,0.25
lmHl,2,1,3,0.67
lmHm,1,1,2,0.5
lmHn,3,0,3,1.0
lmHs,1,0,1,1.0
lmIM,0,1,1,0.0
lmIm,1,1,2,0.5
lmJD,0,0,0,
lmJH,0,2,2,0.0
lmJL,0,1,1,0.0
lmJM,0,0,0,
lmJP,3,1,4,0.75
lmJS,2,0,2,1.0
lmJb,0,1,1,0.0
lmJm,0,1,1,0.0
lmJs,0,1,1,0.0
lmKL,1,0,1,1.0
lmLL,1,2,3,0.33
lmLM,1,0,1,1.0
lmLN,0,1,1,0.0
lmLP,1,1,2,0.5
lmLS,1,2,3,0.33
lmLb,2,1,3,0.67
lmLm,2,1,3,0.67
lmLn,1,0,1,1.0
lmLs,2,1,3,0.67
lmMB,2,4,6,0.33
lmMD,3,1,4,0.75
lmMH,0,1,1,0.0
lmML,1,1,2,0.5
lmMM,6,4,10,0.6
lmMN,3,4,7,0.43
lmMP,5,9,14,0.36
lmMS,3,1,4,0.75
lmMb,4,2,6,0.67
lmMh,2,4,6,0.33
lmMj,1,1,2,0.5
lmMm,8,3,11,0.73
lmMn,4,2,6,0.67
lmMs,3,2,5,0.6
lmNB,2,5,7,0.29
lmND,0,0,0,
lmNH,1,0,1,1.0
lmNK,0,0,0,
lmNL,1,3,4,0.25
lmNM,4,3,7,0.57
lmNN,6,4,10,0.6
lmNP,6,3,9,0.67
lmNS,0,4,4,0.0
lmNb,5,5,10,0.5
lmNh,0,1,1,0.0
lmNl,1,2,3,0.33
lmNm,9,2,11,0.82
lmNn,4,2,6,0.67
lmNs,3,1,4,0.75
lmPB,6,3,9,0.67
lmPD,2,1,3,0.67
lmPH,1,0,1,1.0
lmPK,0,1,1,0.0
lmPL,3,0,3,1.0
lmPM,8,6,14,0.57
lmPN,7,7,14,0.5
lmPP,9,8,17,0.53
lmPS,3,3,6,0.5
lmPb,4,6,10,0.4
lmPh,0,1,1,0.0
lmPl,4,1,5,0.8
lmPm,6,3,9,0.67
lmPn,5,2,7,0.71
lmPs,2,0,2,1.0
lmPt,1,2,3,0.33
lmSB,2,2,4,0.5
lmSD,1,3,4,0.25
lmSH,1,1,2,0.5
lmSL,0,1,1,0.0
lmSM,0,4,4,0.0
lmSN,0,2,2,0.0
lmSP,2,4,6,0.33
lmSS,0,1,1,0.0
lmSb,2,2,4,0.5
lmSh,1,0,1,1.0
lmSl,1,2,3,0.33
lmSm,2,3,5,0.4
lmSn,2,5,7,0.29
lmSs,0,2,2,0.0
lmbB,3,5,8,0.38
lmbD,1,0,1,1.0
lmbI,1,1,2,0.5
lmbJ,0,1,1,0.0
lmbL,1,1,2,0.5
lmbM,7,2,9,0.78
lmbN,3,8,11,0.27
lmbP,10,6,16,0.62
lmbS,1,6,7,0.14
lmbb,5,6,11,0.45
lmbl,1,1,2,0.5
lmbm,5,5,10,0.5
lmbn,1,3,4,0.25
lmbs,0,0,0,
lmhB,0,0,0,
lmlB,1,2,3,0.33
lmlH,1,0,1,1.0
lmlI,1,0,1,1.0
lmlL,0,1,1,0.0
lmlM,2,2,4,0.5
lmlN,1,3,4,0.25
lmlP,2,0,2,1.0
lmlS,1,0,1,1.0
lmll,0,1,1,0.0
lmlm,0,0,0,
lmln,1,3,4,0.25
lmlt,0,0,0,
lmmB,5,5,10,0.5
lmmD,1,0,1,1.0
lmmH,0,2,2,0.0
lmmI,1,0,1,1.0
lmmJ,1,0,1,1.0
lmmL,1,3,4,0.25
lmmM,2,3,5,0.4
lmmN,1,2,3,0.33
lmmP,6,10,16,0.38
lmmS,3,2,5,0.6
lmmb,7,2,9,0.78
lmml,3,0,3,1.0
lmmm,7,3,10,0.7
lmmn,1,5,6,0.17
lmnB,3,4,7,0.43
lmnD,0,1,1,0.0
lmnH,3,0,3,1.0
lmnK,0,0,0,
lmnL,2,4,6,0.33
lmnM,4,3,7,0.57
lmnN,6,5,11,0.55
lmnP,7,6,13,0.54
lmnS,1,2,3,0.33
lmnb,3,1,4,0.75
lmnl,1,1,2,0.5
lmnm,3,2,5,0.6
lmnn,4,3,7,0.57
lmns,1,4,5,0.2
lmsB,2,3,5,0.4
lmsD,1,0,1,1.0
lmsH,1,0,1,1.0
lmsI,0,1,1,0.0
lmsL,1,2,3,0.33
lmsM,0,1,1,0.0
lmsN,2,1,3,0.67
lmsP,1,0,1,1.0
lmsS,2,0,2,1.0
lmsb,4,1,5,0.8
lmsh,0,2,2,0.0
lmsm,5,1,6,0.83
lmsn,2,1,3,0.67
lmss,0,1,1,0.0
lnBB,0,5,5,0.0
lnBD,0,0,0,
lnBM,3,3,6,0.5
lnBN,2,3,5,0.4
lnBP,3,2,5,0.6
lnBS,0,1,1,0.0
lnBb,3,4,7,0.43
lnBj,1,0,1,1.0
lnBl,2,3,5,0.4
lnBm,1,5,6,0.17
lnBn,2,5,7,0.29
lnBs,1,1,2,0.5
lnBt,0,1,1,0.0
lnDB,0,1,1,0.0
lnDH,1,1,2,0.5
lnDI,0,1,1,0.0
lnDL,0,1,1,0.0
lnDM,3,0,3,1.0
lnDN,1,1,2,0.5
lnDP,1,1,2,0.5
lnDS,0,0,0,
lnDb,1,1,2,0.5
lnDl,1,1,2,0.5
lnDm,1,0,1,1.0
lnDn,4,0,4,1.0
lnDs,3,2,5,0.6
lnHB,1,0,1,1.0
lnHH,1,0,1,1.0
lnHI,1,1,2,0.5
lnHM,2,2,4,0.5
lnHN,1,4,5,0.2
lnHP,0,2,2,0.0
lnHS,1,2,3,0.33
lnHb,4,1,5,0.8
lnHh,0,2,2,0.0
lnHl,2,0,2,1.0
lnHm,3,0,3,1.0
lnHn,1,5,6,0.17
lnHs,0,0,0,
lnIB,0,0,0,
lnII,0,1,1,0.0
lnIM,1,1,2,0.5
lnIN,1,1,2,0.5
lnIP,1,0,1,1.0
lnIn,0,0,0,
lnIs,1,0,1,1.0
lnKH,1,0,1,1.0
lnKM,0,1,1,0.0
lnKh,0,1,1,0.0
lnKn,1,0,1,1.0
lnLB,1,0,1,1.0
lnLD,1,1,2,0.5
lnLM,3,0,3,1.0
lnLN,0,1,1,0.0
lnLP,1,1,2,0.5
lnLS,1,1,2,0.5
lnLb,0,0,0,
lnLh,0,1,1,0.0
lnLj,1,0,1,1.0
lnLm,0,0,0,
lnLn,1,3,4,0.25
lnLs,1,1,2,0.5
lnMB,0,5,5,0.0
lnMD,1,0,1,1.0
lnML,1,0,1,1.0
lnMM,4,4,8,0.5
lnMN,2,2,4,0.5
lnMP,4,8,12,0.33
lnMS,1,2,3,0.33
lnMb,2,2,4,0.5
lnMh,2,1,3,0.67
lnMl,1,0,1,1.0
lnMm,1,6,7,0.14
lnMn,2,8,10,0.2
lnMs,1,0,1,1.0
lnNB,2,4,6,0.33
lnND,1,2,3,0.33
lnNH,2,0,2,1.0
lnNI,0,1,1,0.0
lnNK,1,0,1,1.0
lnNL,2,1,3,0.67
lnNM,3,1,4,0.75
lnNN,4,5,9,0.44
lnNP,5,4,9,0.56
lnNS,3,4,7,0.43
lnNb,0,3,3,0.0
lnNh,2,2,4,0.5
lnNl,1,1,2,0.5
lnNm,6,4,10,0.6
lnNn,6,3,9,0.67
lnNs,1,2,3,0.33
lnPB,6,2,8,0.75
lnPK,0,1,1,0.0
lnPL,2,3,5,0.4
lnPM,1,4,5,0.2
lnPN,8,5,13,0.62
lnPP,3,6,9,0.33
lnPS,2,4,6,0.33
lnPb,7,7,14,0.5
lnPh,2,1,3,0.67
lnPl,0,3,3,0.0
lnPm,4,1,5,0.8
lnPn,3,2,5,0.6
lnPs,3,4,7,0.43
lnPt,1,0,1,1.0
lnSB,1,2,3,0.33
lnSD,0,1,1,0.0
lnSH,0,0,0,
lnSL,1,1,2,0.5
lnSM,2,5,7,0.29
lnSN,4,4,8,0.5
lnSP,5,1,6,0.83
lnSS,0,1,1,0.0
lnSb,2,2,4,0.5
lnSh,4,2,6,0.67
lnSl,0,1,1,0.0
lnSm,2,4,6,0.33
lnSn,2,3,5,0.4
lnSs,1,2,3,0.33
lnSt,1,0,1,1.0
lnbB,2,2,4,0.5
lnbD,0,2,2,0.0
lnbH,1,1,2,0.5
lnbJ,1,0,1,1.0
lnbK,1,0,1,1.0
lnbL,1,1,2,0.5
lnbM,4,6,10,0.4
lnbN,9,3,12,0.75
lnbP,6,7,13,0.46
lnbS,2,1,3,0.67
lnbb,7,4,11,0.64
lnbl,0,3,3,0.0
lnbm,2,3,5,0.4
lnbn,1,2,3,0.33
lnbs,1,1,2,0.5
lnlB,0,2,2,0.0
lnlD,0,1,1,0.0
lnlI,0,1,1,0.0
lnlJ,0,1,1,0.0
lnlL,0,1,1,0.0
lnlM,1,0,1,1.0
lnlN,1,0,1,1.0
lnlP,1,2,3,0.33
lnlS,0,1,1,0.0
lnlb,2,0,2,1.0
lnll,0,2,2,0.0
lnlm,1,2,3,0.33
lnln,0,1,1,0.0
lnmB,5,3,8,0.62
lnmD,3,0,3,1.0
lnmH,2,4,6,0.33
lnmK,0,0,0,
lnmL,0,1,1,0.0
lnmM,0,2,2,0.0
lnmN,5,2,7,0.71
lnmP,3,7,10,0.3
lnmS,1,0,1,1.0
lnmb,1,0,1,1.0
lnmm,6,2,8,0.75
lnmn,4,2,6,0.67
lnms,1,0,1,1.0
lnnB,2,1,3,0.67
lnnD,2,0,2,1.0
lnnH,1,2,3,0.33
lnnK,1,0,1,1.0
lnnL,1,0,1,1.0
lnnM,2,6,8,0.25
lnnN,1,3,4,0.25
lnnP,6,6,12,0.5
lnnS,2,0,2,1.0
lnnb,6,2,8,0.75
lnnl,1,3,4,0.25
lnnm,2,2,4,0.5
lnnn,6,1,7,0.86
lnns,2,1,3,0.67
lnsB,4,3,7,0.57
lnsD,0,1,1,0.0
lnsH,1,1,2,0.5
lnsK,1,0,1,1.0
lnsL,1,0,1,1.0
lnsM,3,4,7,0.43
lnsN,1,1,2,0.5
lnsP,3,1,4,0.75
lnsS,1,0,1,1.0
lnsb,1,3,4,0.25
lnsh,1,0,1,1.0
lnsl,1,1,2,0.5
lnsm,1,2,3,0.33
lnsn,4,1,5,0.8
lnss,1,0,1,1.0
lnts,0,1,1,0.0
lsBB,3,3,6,0.5
lsBL,2,1,3,0.67
lsBM,2,0,2,1.0
lsBN,1,2,3,0.33
lsBP,0,2,2,0.0
lsBS,1,1,2,0.5
lsBb,2,2,4,0.5
lsBh,1,1,2,0.5
lsBl,1,0,1,1.0
lsBm,3,2,5,0.6
lsBn,0,4,4,0.0
lsBs,1,2,3,0.33
lsBt,1,0,1,1.0
lsDL,1,0,1,1.0
lsDM,0,1,1,0.0
lsDN,1,1,2,0.5
lsDS,0,0,0,
lsDb,2,0,2,1.0
lsDl,0,2,2,0.0
lsDm,2,1,3,0.67
lsDs,0,0,0,
lsHB,0,0,0,
lsHD,1,1,2,0.5
lsHL,0,2,2,0.0
lsHM,4,2,6,0.67
lsHN,3,4,7,0.43
lsHP,1,1,2,0.5
lsHS,1,0,1,1.0
lsHb,4,0,4,1.0
lsHh,1,0,1,1.0
lsHl,1,0,1,1.0
lsHm,0,3,3,0.0
lsHn,0,3,3,0.0
lsHs,1,1,2,0.5
lsIH,1,0,1,1.0
lsIP,0,2,2,0.0
lsIb,1,0,1,1.0
lsIl,0,1,1,0.0
lsIm,1,0,1,1.0
lsKB,0,1,1,0.0
lsKS,1,0,1,1.0
lsKn,1,0,1,1.0
lsLD,1,0,1,1.0
lsLL,1,0,1,1.0
lsLM,0,3,3,0.0
lsLN,2,3,5,0.4
lsLP,2,0,2,1.0
lsLS,2,0,2,1.0
lsLb,2,0,2,1.0
lsLj,1,1,2,0.5
lsLl,1,0,1,1.0
lsLm,2,1,3,0.67
lsMB,1,2,3,0.33
lsMD,0,2,2,0.0
lsML,1,1,2,0.5
lsMM,2,2,4,0.5
lsMN,3,3,6,0.5
lsMP,2,0,2,1.0
lsMS,1,0,1,1.0
lsMb,3,4,7,0.43
lsMl,1,1,2,0.5
lsMm,3,4,7,0.43
lsMs,1,4,5,0.2
lsMt,0,1,1,0.0
lsNB,2,2,4,0.5
lsNH,0,0,0,
lsNK,1,0,1,1.0
lsNL,0,3,3,0.0
lsNM,1,2,3,0.33
lsNN,2,3,5,0.4
lsNP,2,2,4,0.5
lsNS,2,2,4,0.5
lsNb,3,1,4,0.75
lsNh,2,0,2,1.0
lsNl,1,1,2,0.5
lsNm,3,0,3,1.0
lsNn,0,2,2,0.0
lsNs,4,1,5,0.8
lsPB,1,3,4,0.25
lsPD,2,1,3,0.67
lsPH,0,1,1,0.0
lsPL,2,2,4,0.5
lsPM,1,3,4,0.25
lsPN,9,2,11,0.82
lsPP,3,7,10,0.3
lsPS,2,1,3,0.67
lsPb,3,2,5,0.6
lsPl,1,0,1,1.0
lsPm,1,2,3,0.33
lsPn,7,3,10,0.7
lsPs,3,4,7,0.43
lsSB,2,0,2,1.0
lsSD,1,1,2,0.5
lsSH,0,1,1,0.0
lsSL,3,1,4,0.75
lsSM,1,2,3,0.33
lsSN,2,2,4,0.5
lsSP,1,2,3,0.33
lsSS,3,2,5,0.6
lsSb,1,2,3,0.33
lsSh,4,2,6,0.67
lsSm,4,1,5,0.8
lsSn,1,3,4,0.25
lsSs,2,2,4,0.5
lsSt,1,1,2,0.5
lsbB,3,2,5,0.6
lsbD,1,0,1,1.0
lsbH,1,0,1,1.0
lsbJ,1,0,1,1.0
lsbL,1,1,2,0.5
lsbM,2,1,3,0.67
lsbN,0,1,1,0.0
lsbP,1,1,2,0.5
lsbS,0,2,2,0.0
lsbb,1,3,4,0.25
lsbl,2,1,3,0.67
lsbm,3,1,4,0.75
lsbn,0,3,3,0.0
lsbs,2,1,3,0.67
lshh,0,1,1,0.0
lshl,0,1,1,0.0
lshn,0,1,1,0.0
lslB,0,3,3,0.0
lslD,0,2,2,0.0
lslH,1,0,1,1.0
lslJ,1,0,1,1.0
lslL,1,1,2,0.5
lslM,0,1,1,0.0
lslN,0,1,1,0.0
lslP,1,2,3,0.33
lslS,1,1,2,0.5
lslb,1,0,1,1.0
lslm,0,0,0,
lsln,2,0,2,1.0
lsls,1,1,2,0.5
lsmB,2,5,7,0.29
lsmD,2,3,5,0.4
lsmH,0,2,2,0.0
lsmJ,0,1,1,0.0
lsmL,2,2,4,0.5
lsmM,1,4,5,0.2
lsmN,1,3,4,0.25
lsmP,3,2,5,0.6
lsmS,4,4,8,0.5
lsmb,2,0,2,1.0
lsml,0,2,2,0.0
lsmm,0,4,4,0.0
lsmn,0,2,2,0.0
lsms,1,0,1,1.0
lsnB,3,0,3,1.0
lsnH,0,2,2,0.0
lsnM,2,3,5,0.4
lsnN,1,2,3,0.33
lsnP,2,3,5,0.4
lsnS,0,2,2,0.0
lsnb,1,1,2,0.5
lsnl,1,3,4,0.25
lsnm,1,2,3,0.33
lsnn,2,2,4,0.5
lsns,2,0,2,1.0
lssB,1,2,3,0.33
lssD,1,2,3,0.33
lssI,0,1,1,0.0
lssM,0,1,1,0.0
lssN,2,1,3,0.67
lssP,3,2,5,0.6
lssS,0,4,4,0.0
lssb,0,1,1,0.0
lssl,0,1,1,0.0
lssm,3,1,4,0.75
lssn,2,1,3,0.67
lsss,2,1,3,0.67
ltHB,0,1,1,0.0
mBBB,4,13,17,0.24
mBBD,8,3,11,0.73
mBBK,1,1,2,0.5
mBBL,1,3,4,0.25
mBBM,9,9,18,0.5
mBBN,13,13,26,0.5
mBBP,18,13,31,0.58
mBBS,4,1,5,0.8
mBBb,8,6,14,0.57
mBBh,1,2,3,0.33
mBBj,3,1,4,0.75
mBBl,1,3,4,0.25
mBBm,12,7,19,0.63
mBBn,17,9,26,0.65
mBBs,2,6,8,0.25
mBBt,2,0,2,1.0
mBDB,2,3,5,0.4
mBDD,1,4,5,0.2
mBDH,4,4,8,0.5
mBDI,1,0,1,1.0
mBDL,1,2,3,0.33
mBDM,3,2,5,0.6
mBDN,1,5,6,0.17
mBDP,5,2,7,0.71
mBDS,6,3,9,0.67
mBDb,3,2,5,0.6
mBDl,2,1,3,0.67
mBDm,3,7,10,0.3
mBDn,2,2,4,0.5
mBDs,2,3,5,0.4
mBDt,1,1,2,0.5
mBHP,0,1,1,0.0
mBHb,1,0,1,1.0
mBKD,2,0,2,1.0
mBKL,2,1,3,0.67
mBKM,4,4,8,0.5
mBKN,3,1,4,0.75
mBKP,3,4,7,0.43
mBKS,0,1,1,0.0
mBKb,1,1,2,0.5
mBKh,3,0,3,1.0
mBKl,0,3,3,0.0
mBKm,1,6,7,0.14
mBKn,1,3,4,0.25
mBKs,2,1,3,0.67
mBLB,2,5,7,0.29
mBLD,0,1,1,0.0
mBLK,0,1,1,0.0
mBLL,0,2,2,0.0
mBLM,5,4,9,0.56
mBLN,2,2,4,0.5
mBLP,8,4,12,0.67
mBLS,3,2,5,0.6
mBLb,6,3,9,0.67
mBLh,2,1,3,0.67
mBLj,1,0,1,1.0
mBLm,5,4,9,0.56
mBLn,4,5,9,0.44
mBLs,4,2,6,0.67
mBLt,0,1,1,0.0
mBMB,8,11,19,0.42
mBMD,7,2,9,0.78
mBML,3,1,4,0.75
mBMM,13,17,30,0.43
mBMN,10,12,22,0.45
mBMP,11,13,24,0.46
mBMS,1,7,8,0.12
mBMb,5,9,14,0.36
mBMh,15,14,29,0.52
mBMj,2,2,4,0.5
mBMl,3,2,5,0.6
mBMm,20,16,36,0.56
mBMn,21,15,36,0.58
mBMs,10,10,20,0.5
mBNB,9,13,22,0.41
mBND,8,6,14,0.57
mBNH,1,2,3,0.33
mBNK,0,1,1,0.0
mBNL,2,2,4,0.5
mBNM,12,19,31,0.39
mBNN,20,19,39,0.51
mBNP,26,8,34,0.76
mBNS,12,8,20,0.6
mBNb,6,10,16,0.38
mBNh,6,8,14,0.43
mBNl,3,1,4,0.75
mBNm,8,23,31,0.26
mBNn,24,22,46,0.52
mBNs,9,14,23,0.39
mBNt,1,1,2,0.5
mBPB,8,8,16,0.5
mBPD,7,8,15,0.47
mBPH,5,7,12,0.42
mBPI,1,0,1,1.0
mBPK,2,2,4,0.5
mBPL,3,7,10,0.3
mBPM,15,22,37,0.41
mBPN,16,19,35,0.46
mBPP,23,24,47,0.49
mBPS,10,11,21,0.48
mBPb,8,22,30,0.27
mBPh,0,2,2,0.0
mBPl,2,4,6,0.33
mBPm,22,14,36,0.61
mBPn,15,6,21,0.71
mBPs,9,18,27,0.33
mBPt,2,0,2,1.0
mBSB,4,8,12,0.33
mBSD,2,2,4,0.5
mBSH,3,4,7,0.43
mBSK,0,2,2,0.0
mBSL,2,5,7,0.29
mBSM,7,10,17,0.41
mBSN,13,13,26,0.5
mBSP,10,7,17,0.59
mBSS,4,9,13,0.31
mBSb,5,5,10,0.5
mBSh,5,4,9,0.56
mBSl,2,5,7,0.29
mBSm,16,6,22,0.73
mBSn,8,8,16,0.5
mBSs,9,4,13,0.69
mBbB,11,8,19,0.58
mBbD,3,3,6,0.5
mBbH,1,4,5,0.2
mBbI,1,2,3,0.33
mBbJ,2,2,4,0.5
mBbK,1,2,3,0.33
mBbL,1,0,1,1.0
mBbM,9,12,21,0.43
mBbN,9,18,27,0.33
mBbP,14,16,30,0.47
mBbS,1,10,11,0.09
mBbb,8,9,17,0.47
mBbh,0,1,1,0.0
mBbl,3,4,7,0.43
mBbm,8,9,17,0.47
mBbn,19,16,35,0.54
mBbs,3,1,4,0.75
mBhB,0,1,1,0.0
mBhI,0,2,2,0.0
mBhM,2,4,6,0.33
mBhN,1,2,3,0.33
mBhP,0,0,0,
mBhm,0,1,1,0.0
mBhn,2,2,4,0.5
mBhs,1,2,3,0.33
mBjB,0,3,3,0.0
mBjH,0,1,1,0.0
mBjL,0,1,1,0.0
mBjM,3,1,4,0.75
mBjN,3,3,6,0.5
mBjP,3,0,3,1.0
mBjS,1,1,2,0.5
mBjb,1,3,4,0.25
mBjl,1,1,2,0.5
mBjm,1,4,5,0.2
mBjn,1,2,3,0.33
mBjs,2,3,5,0.4
mBlB,4,4,8,0.5
mBlD,1,0,1,1.0
mBlH,0,4,4,0.0
mBlI,0,1,1,0.0
mBlJ,2,3,5,0.4
mBlK,1,0,1,1.0
mBlM,4,4,8,0.5
mBlN,3,4,7,0.43
mBlP,3,4,7,0.43
mBlS,2,2,4,0.5
mBlb,4,2,6,0.67
mBlh,0,1,1,0.0
mBll,1,0,1,1.0
mBlm,3,4,7,0.43
mBln,3,2,5,0.6
mBls,3,1,4,0.75
mBmB,8,17,25,0.32
mBmD,7,3,10,0.7
mBmH,13,10,23,0.57
mBmI,1,0,1,1.0
mBmJ,1,3,4,0.25
mBmL,1,1,2,0.5
mBmM,20,17,37,0.54
mBmN,24,20,44,0.55
mBmP,21,14,35,0.6
mBmS,7,10,17,0.41
mBmb,17,10,27,0.63
mBml,2,3,5,0.4
mBmm,14,19,33,0.42
mBmn,15,7,22,0.68
mBms,7,8,15,0.47
mBnB,12,9,21,0.57
mBnD,1,4,5,0.2
mBnH,8,6,14,0.57
mBnI,1,1,2,0.5
mBnK,2,1,3,0.67
mBnL,5,2,7,0.71
mBnM,20,16,36,0.56
mBnN,26,22,48,0.54
mBnP,21,28,49,0.43
mBnS,11,9,20,0.55
mBnb,11,9,20,0.55
mBnl,6,2,8,0.75
mBnm,16,12,28,0.57
mBnn,12,13,25,0.48
mBns,8,8,16,0.5
mBsB,5,2,7,0.71
mBsD,0,2,2,0.0
mBsH,6,7,13,0.46
mBsI,1,1,2,0.5
mBsK,1,0,1,1.0
mBsL,2,2,4,0.5
mBsM,4,6,10,0.4
mBsN,11,12,23,0.48
mBsP,4,9,13,0.31
mBsS,9,9,18,0.5
mBsb,3,4,7,0.43
mBsl,0,1,1,0.0
mBsm,5,7,12,0.42
mBsn,10,4,14,0.71
mBss,13,9,22,0.59
mBtB,0,2,2,0.0
mBtH,1,0,1,1.0
mBtL,0,1,1,0.0
mBtM,3,3,6,0.5
mBtN,0,1,1,0.0
mBtP,2,3,5,0.4
mBtS,1,0,1,1.0
mBtb,2,1,3,0.67
mBtl,1,1,2,0.5
mBtm,1,2,3,0.33
mBtn,3,1,4,0.75
mBts,0,2,2,0.0
mBtt,0,1,1,0.0
mDBB,5,5,10,0.5
mDBD,1,2,3,0.33
mDBK,1,0,1,1.0
mDBL,1,3,4,0.25
mDBM,7,6,13,0.54
mDBN,3,4,7,0.43
mDBP,5,6,11,0.45
mDBS,3,3,6,0.5
mDBb,3,4,7,0.43
mDBl,2,2,4,0.5
mDBm,7,6,13,0.54
mDBn,5,4,9,0.56
mDBs,1,2,3,0.33
mDBt,0,0,0,
mDDB,6,2,8,0.75
mDDD,4,1,5,0.8
mDDH,3,3,6,0.5
mDDL,3,1,4,0.75
mDDM,2,2,4,0.5
mDDN,1,4,5,0.2
mDDP,6,5,11,0.55
mDDS,5,2,7,0.71
mDDb,3,2,5,0.6
mDDl,0,2,2,0.0
mDDm,9,5,14,0.64
mDDn,1,0,1,1.0
mDDs,0,3,3,0.0
mDDt,1,0,1,1.0
mDHB,2,3,5,0.4
mDHD,1,1,2,0.5
mDHI,0,1,1,0.0
mDHK,0,0,0,
mDHL,0,1,1,0.0
mDHM,6,8,14,0.43
mDHN,0,3,3,0.0
mDHP,3,4,7,0.43
mDHS,4,3,7,0.57
mDHb,2,1,3,0.67
mDHh,1,1,2,0.5
mDHl,1,0,1,1.0
mDHm,6,4,10,0.6
mDHn,4,3,7,0.57
mDHs,3,3,6,0.5
mDHt,0,1,1,0.0
mDIH,0,1,1,0.0
mDIL,0,1,1,0.0
mDIM,1,0,1,1.0
mDIN,1,0,1,1.0
mDIS,0,1,1,0.0
mDIb,1,0,1,1.0
mDIn,1,0,1,1.0
mDKn,0,0,0,
mDLB,1,1,2,0.5
mDLD,0,3,3,0.0
mDLL,0,2,2,0.0
mDLM,1,3,4,0.25
mDLN,0,0,0,
mDLP,4,1,5,0.8
mDLS,2,0,2,1.0
mDLb,2,1,3,0.67
mDLj,0,1,1,0.0
mDLm,0,1,1,0.0
mDLn,0,3,3,0.0
mDLs,1,2,3,0.33
mDLt,1,0,1,1.0
mDMB,4,6,10,0.4
mDMD,4,3,7,0.57
mDML,0,0,0,
mDMM,8,6,14,0.57
mDMN,2,3,5,0.4
mDMP,6,4,10,0.6
mDMS,3,6,9,0.33
mDMb,1,9,10,0.1
mDMh,6,10,16,0.38
mDMj,0,1,1,0.0
mDMl,0,1,1,0.0
mDMm,6,11,17,0.35
mDMn,4,6,10,0.4
mDMs,5,4,9,0.56
mDMt,0,1,1,0.0
mDNB,4,5,9,0.44
mDND,2,0,2,1.0
mDNH,1,1,2,0.5
mDNK,0,1,1,0.0
mDNL,1,0,1,1.0
mDNM,5,7,12,0.42
mDNN,6,6,12,0.5
mDNP,4,2,6,0.67
mDNS,4,0,4,1.0
mDNb,4,3,7,0.57
mDNh,1,0,1,1.0
mDNl,2,3,5,0.4
mDNm,8,5,13,0.62
mDNn,5,5,10,0.5
mDNs,5,5,10,0.5
mDNt,0,1,1,0.0
mDPB,3,9,12,0.25
mDPD,6,2,8,0.75
mDPK,1,0,1,1.0
mDPL,2,1,3,0.67
mDPM,7,9,16,0.44
mDPN,5,3,8,0.62
mDPP,9,8,17,0.53
mDPS,5,5,10,0.5
mDPb,2,6,8,0.25
mDPh,2,0,2,1.0
mDPl,2,0,2,1.0
mDPm,6,7,13,0.46
mDPn,3,5,8,0.38
mDPs,2,3,5,0.4
mDSB,1,6,7,0.14
mDSD,2,1,3,0.67
mDSH,1,1,2,0.5
mDSL,2,1,3,0.67
mDSM,5,2,7,0.71
mDSN,10,3,13,0.77
mDSP,7,3,10,0.7
mDSS,3,4,7,0.43
mDSb,2,4,6,0.33
mDSh,2,0,2,1.0
mDSl,2,1,3,0.67
mDSm,4,6,10,0.4
mDSn,5,5,10,0.5
mDSs,7,7,14,0.5
mDbB,2,4,6,0.33
mDbD,0,0,0,
mDbH,0,1,1,0.0
mDbI,0,1,1,0.0
mDbJ,1,1,2,0.5
mDbK,0,2,2,0.0
mDbL,0,0,0,
mDbM,3,4,7,0.43
mDbN,5,4,9,0.56
mDbP,6,3,9,0.67
mDbS,3,4,7,0.43
mDbb,4,3,7,0.57
mDbl,2,1,3,0.67
mDbm,6,6,12,0.5
mDbn,4,1,5,0.8
mDhP,1,1,2,0.5
mDhS,0,1,1,0.0
mDhm,1,0,1,1.0
mDhn,0,0,0,
mDhs,0,1,1,0.0
mDlB,1,1,2,0.5
mDlH,1,0,1,1.0
mDlJ,1,0,1,1.0
mDlL,1,1,2,0.5
mDlM,0,2,2,0.0
mDlN,2,0,2,1.0
mDlP,3,3,6,0.5
mDlS,0,1,1,0.0
mDlb,1,2,3,0.33
mDll,1,1,2,0.5
mDlm,0,1,1,0.0
mDln,0,2,2,0.0
mDls,1,1,2,0.5
mDmB,6,12,18,0.33
mDmD,4,6,10,0.4
mDmH,7,6,13,0.54
mDmL,1,1,2,0.5
mDmM,10,7,17,0.59
mDmN,9,5,14,0.64
mDmP,3,5,8,0.38
mDmS,6,2,8,0.75
mDmb,7,9,16,0.44
mDmh,0,1,1,0.0
mDml,0,0,0,
mDmm,17,9,26,0.65
mDmn,7,3,10,0.7
mDms,9,1,10,0.9
mDnB,2,3,5,0.4
mDnD,2,2,4,0.5
mDnH,3,2,5,0.6
mDnI,0,1,1,0.0
mDnK,0,0,0,
mDnL,2,1,3,0.67
mDnM,8,5,13,0.62
mDnN,7,5,12,0.58
mDnP,7,5,12,0.58
mDnS,6,1,7,0.86
mDnb,3,3,6,0.5
mDnl,2,0,2,1.0
mDnm,5,2,7,0.71
mDnn,5,3,8,0.62
mDns,1,3,4,0.25
mDsB,1,4,5,0.2
mDsD,5,2,7,0.71
mDsH,4,0,4,1.0
mDsI,0,2,2,0.0
mDsL,0,2,2,0.0
mDsM,7,2,9,0.78
mDsN,1,4,5,0.2
mDsP,5,4,9,0.56
mDsS,5,5,10,0.5
mDsb,6,4,10,0.6
mDsl,2,2,4,0.5
mDsm,6,1,7,0.86
mDsn,1,2,3,0.33
mDss,4,3,7,0.57
mDtB,1,1,2,0.5
mDtM,0,0,0,
mDtP,1,0,1,1.0
mDtS,1,1,2,0.5
mDtb,1,0,1,1.0
mDtl,0,1,1,0.0
mDtm,2,0,2,1.0
mDtn,1,0,1,1.0
mDtt,1,1,2,0.5
mHBB,11,6,17,0.65
mHBD,2,1,3,0.67
mHBH,1,0,1,1.0
mHBK,1,2,3,0.33
mHBL,3,4,7,0.43
mHBM,7,5,12,0.58
mHBN,11,11,22,0.5
mHBP,11,9,20,0.55
mHBS,6,4,10,0.6
mHBb,10,3,13,0.77
mHBh,0,2,2,0.0
mHBj,0,2,2,0.0
mHBl,3,2,5,0.6
mHBm,13,14,27,0.48
mHBn,8,14,22,0.36
mHBs,5,5,10,0.5
mHBt,0,2,2,0.0
mHDB,3,2,5,0.6
mHDD,0,1,1,0.0
mHDH,2,2,4,0.5
mHDL,0,0,0,
mHDM,4,6,10,0.4
mHDN,0,3,3,0.0
mHDP,6,4,10,0.6
mHDS,1,7,8,0.12
mHDb,3,4,7,0.43
mHDl,0,1,1,0.0
mHDm,9,3,12,0.75
mHDn,1,4,5,0.2
mHDs,0,2,2,0.0
mHHB,3,1,4,0.75
mHHD,0,2,2,0.0
mHHH,0,2,2,0.0
mHHL,0,2,2,0.0
mHHM,0,4,4,0.0
mHHN,1,1,2,0.5
mHHP,1,1,2,0.5
mHHS,0,1,1,0.0
mHHb,5,1,6,0.83
mHHm,1,3,4,0.25
mHHn,1,4,5,0.2
mHHs,1,1,2,0.5
mHII,0,0,0,
mHIM,1,1,2,0.5
mHIP,2,1,3,0.67
mHIb,1,1,2,0.5
mHIl,1,0,1,1.0
mHIm,2,2,4,0.5
mHIn,1,1,2,0.5
mHKB,2,1,3,0.67
mHKM,0,1,1,0.0
mHKN,0,1,1,0.0
mHKb,1,0,1,1.0
mHKh,0,2,2,0.0
mHKl,0,1,1,0.0
mHKm,1,2,3,0.33
mHKs,2,0,2,1.0
mHLB,1,3,4,0.25
mHLD,2,4,6,0.33
mHLL,1,1,2,0.5
mHLM,3,5,8,0.38
mHLN,1,2,3,0.33
mHLP,3,5,8,0.38
mHLS,2,4,6,0.33
mHLb,1,4,5,0.2
mHLh,1,1,2,0.5
mHLl,2,0,2,1.0
mHLm,5,5,10,0.5
mHLn,4,3,7,0.57
mHLs,0,3,3,0.0
mHLt,1,0,1,1.0
mHMB,7,8,15,0.47
mHMD,1,4,5,0.2
mHMK,0,0,0,
mHML,3,2,5,0.6
mHMM,12,12,24,0.5
mHMN,10,12,22,0.45
mHMP,12,9,21,0.57
mHMS,7,10,17,0.41
mHMb,10,7,17,0.59
mHMh,6,4,10,0.6
mHMj,0,2,2,0.0
mHMl,3,2,5,0.6
mHMm,15,8,23,0.65
mHMn,14,14,28,0.5
mHMs,9,4,13,0.69
mHMt,1,1,2,0.5
mHNB,5,3,8,0.62
mHND,4,4,8,0.5
mHNH,1,1,2,0.5
mHNK,1,3,4,0.25
mHNL,3,5,8,0.38
mHNM,11,13,24,0.46
mHNN,12,11,23,0.52
mHNP,14,11,25,0.56
mHNS,8,8,16,0.5
mHNb,7,5,12,0.58
mHNh,2,4,6,0.33
mHNl,1,0,1,1.0
mHNm,13,6,19,0.68
mHNn,9,22,31,0.29
mHNs,8,4,12,0.67
mHNt,2,1,3,0.67
mHPB,15,8,23,0.65
mHPD,6,2,8,0.75
mHPH,2,2,4,0.5
mHPI,2,0,2,1.0
mHPK,4,2,6,0.67
mHPL,5,2,7,0.71
mHPM,14,24,38,0.37
mHPN,10,9,19,0.53
mHPP,17,17,34,0.5
mHPS,9,8,17,0.53
mHPb,12,11,23,0.52
mHPh,1,3,4,0.25
mHPl,5,3,8,0.62
mHPm,18,22,40,0.45
mHPn,15,11,26,0.58
mHPs,10,6,16,0.62
mHPt,0,3,3,0.0
mHSB,8,6,14,0.57
mHSD,2,3,5,0.4
mHSH,0,4,4,0.0
mHSL,2,3,5,0.4
mHSM,8,16,24,0.33
mHSN,8,5,13,0.62
mHSP,6,12,18,0.33
mHSS,3,12,15,0.2
mHSb,6,5,11,0.55
mHSh,2,4,6,0.33
mHSl,0,1,1,0.0
mHSm,8,13,21,0.38
mHSn,7,6,13,0.54
mHSs,3,5,8,0.38
mHSt,1,0,1,1.0
mHbB,7,4,11,0.64
mHbD,1,0,1,1.0
mHbH,3,3,6,0.5
mHbJ,2,1,3,0.67
mHbK,0,3,3,0.0
mHbL,2,7,9,0.22
mHbM,3,8,11,0.27
mHbN,21,9,30,0.7
mHbP,9,12,21,0.43
mHbS,6,4,10,0.6
mHbb,9,12,21,0.43
mHbl,1,3,4,0.25
mHbm,8,9,17,0.47
mHbn,8,7,15,0.53
mHbs,5,4,9,0.56
mHhB,2,4,6,0.33
mHhD,3,1,4,0.75
mHhH,4,1,5,0.8
mHhL,1,3,4,0.25
mHhM,9,7,16,0.56
mHhN,7,5,12,0.58
mHhP,4,7,11,0.36
mHhS,4,4,8,0.5
mHhb,6,3,9,0.67
mHhh,2,6,8,0.25
mHhl,1,5,6,0.17
mHhm,9,5,14,0.64
mHhn,2,8,10,0.2
mHhs,6,1,7,0.86
mHlB,0,2,2,0.0
mHlD,0,2,2,0.0
mHlH,1,1,2,0.5
mHlJ,1,2,3,0.33
mHlL,2,1,3,0.67
mHlM,4,3,7,0.57
mHlN,7,5,12,0.58
mHlP,4,5,9,0.44
mHlS,3,2,5,0.6
mHlb,0,4,4,0.0
mHlm,4,0,4,1.0
mHln,3,0,3,1.0
mHls,2,4,6,0.33
mHmB,9,16,25,0.36
mHmD,5,3,8,0.62
mHmH,10,10,20,0.5
mHmI,1,0,1,1.0
mHmJ,1,3,4,0.25
mHmK,0,1,1,0.0
mHmL,3,2,5,0.6
mHmM,18,22,40,0.45
mHmN,8,16,24,0.33
mHmP,11,14,25,0.44
mHmS,9,6,15,0.6
mHmb,11,8,19,0.58
mHmh,0,0,0,
mHml,0,4,4,0.0
mHmm,14,10,24,0.58
mHmn,10,13,23,0.43
mHms,9,3,12,0.75
mHnB,13,11,24,0.54
mHnD,1,2,3,0.33
mHnH,5,4,9,0.56
mHnI,1,0,1,1.0
mHnK,2,1,3,0.67
mHnL,5,2,7,0.71
mHnM,8,15,23,0.35
mHnN,16,17,33,0.48
mHnP,15,10,25,0.6
mHnS,10,8,18,0.56
mHnb,8,10,18,0.44
mHnl,0,1,1,0.0
mHnm,17,5,22,0.77
mHnn,15,9,24,0.62
mHns,11,11,22,0.5
mHsB,5,5,10,0.5
mHsD,3,2,5,0.6
mHsH,9,4,13,0.69
mHsI,0,1,1,0.0
mHsL,4,2,6,0.67
mHsM,7,5,12,0.58
mHsN,6,5,11,0.55
mHsP,8,9,17,0.47
mHsS,8,13,21,0.38
mHsb,4,7,11,0.36
mHsl,0,1,1,0.0
mHsm,11,3,14,0.79
mHsn,10,8,18,0.56
mHss,6,6,12,0.5
mHtL,1,0,1,1.0
mHtM,0,1,1,0.0
mHtN,1,0,1,1.0
mHtP,1,0,1,1.0
mHtS,0,1,1,0.0
mHtb,0,0,0,
mHth,1,0,1,1.0
mHtl,0,1,1,0.0
mHtm,2,0,2,1.0
mHtn,2,0,2,1.0
mIBM,0,2,2,0.0
mIBN,1,1,2,0.5
mIBP,1,0,1,1.0
mIBS,0,0,0,
mIBb,1,1,2,0.5
mIBm,1,0,1,1.0
mIBn,2,1,3,0.67
mIDM,0,0,0,
mIDm,0,1,1,0.0
mIDn,1,0,1,1.0
mIHB,0,1,1,0.0
mIHS,0,0,0,
mIHh,0,2,2,0.0
mIHm,2,0,2,1.0
mIHn,1,0,1,1.0
mIHs,0,0,0,
mIIm,0,1,1,0.0
mILB,0,1,1,0.0
mILD,1,0,1,1.0
mILM,0,1,1,0.0
mILS,0,0,0,
mILn,2,0,2,1.0
mIMB,0,1,1,0.0
mIMM,0,2,2,0.0
mIMN,1,0,1,1.0
mIMP,0,0,0,
mIMS,1,0,1,1.0
mIMb,0,1,1,0.0
mIMh,0,1,1,0.0
mIMm,0,1,1,0.0
mIMn,0,3,3,0.0
mIMs,0,3,3,0.0
mINB,0,2,2,0.0
mIND,0,1,1,0.0
mINN,1,0,1,1.0
mINP,1,2,3,0.33
mINS,0,1,1,0.0
mINh,0,1,1,0.0
mINm,1,0,1,1.0
mINn,1,1,2,0.5
mINs,3,0,3,1.0
mINt,1,0,1,1.0
mIPB,1,0,1,1.0
mIPM,1,1,2,0.5
mIPN,1,0,1,1.0
mIPP,3,0,3,1.0
mIPS,2,0,2,1.0
mIPb,2,1,3,0.67
mIPh,0,1,1,0.0
mIPm,2,0,2,1.0
mIPn,2,0,2,1.0
mIPs,1,0,1,1.0
mISB,0,1,1,0.0
mISM,0,1,1,0.0
mISN,0,0,0,
mISP,0,2,2,0.0
mISb,1,0,1,1.0
mISm,0,0,0,
mISn,1,0,1,1.0
mISs,1,0,1,1.0
mIbB,2,1,3,0.67
mIbD,0,0,0,
mIbL,0,0,0,
mIbM,0,1,1,0.0
mIbN,1,1,2,0.5
mIbP,1,0,1,1.0
mIbb,0,1,1,0.0
mIbm,0,0,0,
mIbn,0,1,1,0.0
mIbs,2,0,2,1.0
mIlB,0,1,1,0.0
mIlP,0,0,0,
mIlb,0,1,1,0.0
mIlm,1,0,1,1.0
mImB,2,0,2,1.0
mImD,1,0,1,1.0
mImH,0,1,1,0.0
mImI,1,0,1,1.0
mImJ,0,1,1,0.0
mImL,1,0,1,1.0
mImM,0,1,1,0.0
mImN,1,1,2,0.5
mImP,1,3,4,0.25
mImS,0,0,0,
mImn,0,1,1,0.0
mIms,0,0,0,
mInD,0,1,1,0.0
mInH,1,1,2,0.5
mInK,0,0,0,
mInL,0,1,1,0.0
mInM,1,0,1,1.0
mInN,3,0,3,1.0
mInP,1,0,1,1.0
mInS,2,1,3,0.67
mInb,0,1,1,0.0
mInm,1,1,2,0.5
mInn,0,0,0,
mIsH,0,1,1,0.0
mIsI,1,0,1,1.0
mIsS,0,1,1,0.0
mIsl,0,1,1,0.0
mIsn,1,0,1,1.0
mIss,0,0,0,
mIts,1,0,1,1.0
mJBB,1,2,3,0.33
mJBM,2,2,4,0.5
mJBN,3,1,4,0.75
mJBP,0,3,3,0.0
mJBS,0,1,1,0.0
mJBb,1,1,2,0.5
mJBj,1,0,1,1.0
mJBl,0,0,0,
mJBm,3,2,5,0.6
mJBn,2,4,6,0.33
mJBs,2,1,3,0.67
mJDB,0,4,4,0.0
mJDH,1,2,3,0.33
mJDM,0,0,0,
mJDN,1,1,2,0.5
mJDP,1,1,2,0.5
mJDS,0,1,1,0.0
mJDb,1,1,2,0.5
mJDm,0,0,0,
mJDn,1,0,1,1.0
mJDs,0,1,1,0.0
mJDt,1,0,1,1.0
mJHB,0,1,1,0.0
mJHD,0,0,0,
mJHL,0,0,0,
mJHM,0,1,1,0.0
mJHN,1,3,4,0.25
mJHP,1,0,1,1.0
mJHS,2,1,3,0.67
mJHb,1,0,1,1.0
mJHm,3,4,7,0.43
mJHn,2,0,2,1.0
mJHs,1,1,2,0.5
mJIB,1,1,2,0.5
mJII,0,1,1,0.0
mJIN,1,0,1,1.0
mJIP,1,0,1,1.0
mJIb,1,0,1,1.0
mJIn,0,0,0,
mJKH,1,0,1,1.0
mJKP,0,0,0,
mJLB,2,2,4,0.5
mJLK,0,1,1,0.0
mJLL,0,1,1,0.0
mJLM,1,1,2,0.5
mJLN,0,1,1,0.0
mJLP,3,1,4,0.75
mJLS,0,0,0,
mJLb,0,2,2,0.0
mJLm,1,1,2,0.5
mJLn,2,1,3,0.67
mJLs,0,0,0,
mJMD,2,2,4,0.5
mJML,1,0,1,1.0
mJMM,2,2,4,0.5
mJMN,0,2,2,0.0
mJMP,1,5,6,0.17
mJMS,1,4,5,0.2
mJMb,1,1,2,0.5
mJMh,2,2,4,0.5
mJMm,6,7,13,0.46
mJMn,4,1,5,0.8
mJMs,0,2,2,0.0
mJNB,1,0,1,1.0
mJND,2,1,3,0.67
mJNK,1,0,1,1.0
mJNM,1,2,3,0.33
mJNN,2,2,4,0.5
mJNP,0,2,2,0.0
mJNS,4,2,6,0.67
mJNb,3,3,6,0.5
mJNh,1,1,2,0.5
mJNl,1,0,1,1.0
mJNm,0,2,2,0.0
mJNn,5,1,6,0.83
mJNs,1,2,3,0.33
mJPB,1,0,1,1.0
mJPD,2,0,2,1.0
mJPK,0,2,2,0.0
mJPL,1,2,3,0.33
mJPM,3,2,5,0.6
mJPN,3,3,6,0.5
mJPP,1,5,6,0.17
mJPS,3,1,4,0.75
mJPb,2,3,5,0.4
mJPh,1,0,1,1.0
mJPl,0,1,1,0.0
mJPm,1,1,2,0.5
mJPn,5,1,6,0.83
mJPs,1,1,2,0.5
mJPt,0,1,1,0.0
mJSB,0,2,2,0.0
mJSD,0,0,0,
mJSH,1,0,1,1.0
mJSL,0,1,1,0.0
mJSM,1,2,3,0.33
mJSN,1,1,2,0.5
mJSP,1,2,3,0.33
mJSS,1,0,1,1.0
mJSb,0,0,0,
mJSl,0,1,1,0.0
mJSm,5,1,6,0.83
mJSs,1,2,3,0.33
mJbB,3,5,8,0.38
mJbH,1,1,2,0.5
mJbJ,1,0,1,1.0
mJbK,1,0,1,1.0
mJbL,0,0,0,
mJbM,3,2,5,0.6
mJbN,1,2,3,0.33
mJbP,1,0,1,1.0
mJbS,1,0,1,1.0
mJbb,3,0,3,1.0
mJbl,1,0,1,1.0
mJbm,3,1,4,0.75
mJbn,5,2,7,0.71
mJbs,1,1,2,0.5
mJhM,0,1,1,0.0
mJhm,2,0,2,1.0
mJhs,1,0,1,1.0
mJlB,1,0,1,1.0
mJlI,1,0,1,1.0
mJlL,0,0,0,
mJlM,2,1,3,0.67
mJlN,1,1,2,0.5
mJlP,1,0,1,1.0
mJlb,1,0,1,1.0
mJll,1,0,1,1.0
mJlm,1,0,1,1.0
mJln,0,1,1,0.0
mJls,0,1,1,0.0
mJmB,4,2,6,0.67
mJmD,0,0,0,
mJmH,1,1,2,0.5
mJmI,0,0,0,
mJmJ,1,1,2,0.5
mJmL,0,3,3,0.0
mJmM,3,1,4,0.75
mJmN,1,5,6,0.17
mJmP,2,3,5,0.4
mJmS,1,0,1,1.0
mJmb,0,0,0,
mJml,1,1,2,0.5
mJmm,4,4,8,0.5
mJmn,3,3,6,0.5
mJms,0,2,2,0.0
mJnB,3,2,5,0.6
mJnD,3,0,3,1.0
mJnH,1,1,2,0.5
mJnI,0,0,0,
mJnM,1,2,3,0.33
mJnN,1,2,3,0.33
mJnP,7,3,10,0.7
mJnS,0,0,0,
mJnb,3,1,4,0.75
mJnm,0,1,1,0.0
mJnn,1,3,4,0.25
mJns,4,1,5,0.8
mJsD,3,0,3,1.0
mJsL,1,1,2,0.5
mJsM,3,3,6,0.5
mJsN,0,4,4,0.0
mJsP,3,1,4,0.75
mJsb,2,0,2,1.0
mJsl,1,2,3,0.33
mJsm,4,0,4,1.0
mJsn,2,4,6,0.33
mJss,1,0,1,1.0
mJst,1,0,1,1.0
mJtB,1,0,1,1.0
mJtM,1,0,1,1.0
mJtl,0,1,1,0.0
mJtn,0,0,0,
mJts,0,0,0,
mKBM,0,1,1,0.0
mKDB,1,0,1,1.0
mKDD,1,0,1,1.0
mKDs,0,1,1,0.0
mKID,0,0,0,
mKLB,0,1,1,0.0
mKLM,1,0,1,1.0
mKMN,1,0,1,1.0
mKNP,1,1,2,0.5
mKNs,1,0,1,1.0
mKPS,0,1,1,0.0
mKPh,1,0,1,1.0
mKSl,1,0,1,1.0
mKbK,1,0,1,1.0
mKbP,1,1,2,0.5
mKbn,0,2,2,0.0
mKhB,1,0,1,1.0
mKhm,0,0,0,
mKmH,1,0,1,1.0
mKmL,0,0,0,
mKmM,0,0,0,
mKmP,0,1,1,0.0
mKmb,0,1,1,0.0
mKml,1,0,1,1.0
mKmm,1,1,2,0.5
mKmn,2,1,3,0.67
mKms,0,1,1,0.0
mKnM,1,1,2,0.5
mKnP,0,0,0,
mKnm,0,1,1,0.0
mKnn,0,0,0,
mKsH,1,0,1,1.0
mKsM,0,1,1,0.0
mKsP,1,0,1,1.0
mKsS,0,1,1,0.0
mKsm,0,0,0,
mKsn,0,1,1,0.0
mKtm,1,0,1,1.0
mLBB,8,5,13,0.62
mLBD,0,2,2,0.0
mLBH,0,1,1,0.0
mLBK,0,1,1,0.0
mLBL,2,0,2,1.0
mLBM,1,5,6,0.17
mLBN,4,2,6,0.67
mLBP,5,4,9,0.56
mLBS,0,1,1,0.0
mLBb,1,2,3,0.33
mLBh,1,0,1,1.0
mLBj,1,1,2,0.5
mLBl,2,2,4,0.5
mLBm,6,3,9,0.67
mLBn,5,2,7,0.71
mLBs,2,1,3,0.67
mLBt,1,0,1,1.0
mLDB,0,1,1,0.0
mLDD,2,0,2,1.0
mLDH,1,3,4,0.25
mLDL,0,1,1,0.0
mLDN,1,2,3,0.33
mLDP,3,0,3,1.0
mLDS,1,1,2,0.5
mLDb,1,1,2,0.5
mLDm,0,3,3,0.0
mLDn,2,0,2,1.0
mLDs,0,0,0,
mLDt,0,1,1,0.0
mLHS,0,0,0,
mLKN,0,1,1,0.0
mLKP,0,1,1,0.0
mLKS,0,1,1,0.0
mLKh,0,0,0,
mLKm,1,0,1,1.0
mLKn,0,1,1,0.0
mLLL,0,0,0,
mLLM,2,1,3,0.67
mLLN,1,0,1,1.0
mLLP,4,2,6,0.67
mLLS,1,0,1,1.0
mLLb,0,1,1,0.0
mLLh,1,0,1,1.0
mLLj,0,1,1,0.0
mLLl,1,0,1,1.0
mLLm,3,4,7,0.43
mLLn,2,2,4,0.5
mLLs,0,0,0,
mLLt,1,0,1,1.0
mLMB,6,5,11,0.55
mLMD,2,1,3,0.67
mLML,0,2,2,0.0
mLMM,3,4,7,0.43
mLMN,2,2,4,0.5
mLMP,7,2,9,0.78
mLMS,1,0,1,1.0
mLMb,6,5,11,0.55
mLMh,3,3,6,0.5
mLMj,1,2,3,0.33
mLMl,0,2,2,0.0
mLMm,10,6,16,0.62
mLMn,4,8,12,0.33
mLMs,3,4,7,0.43
mLNB,5,4,9,0.56
mLND,0,1,1,0.0
mLNH,1,1,2,0.5
mLNK,1,0,1,1.0
mLNL,0,1,1,0.0
mLNM,2,5,7,0.29
mLNN,1,2,3,0.33
mLNP,6,10,16,0.38
mLNS,3,3,6,0.5
mLNb,5,3,8,0.62
mLNh,1,5,6,0.17
mLNl,0,1,1,0.0
mLNm,5,6,11,0.45
mLNn,4,6,10,0.4
mLNs,3,5,8,0.38
mLNt,1,0,1,1.0
mLPB,5,3,8,0.62
mLPD,0,1,1,0.0
mLPH,0,2,2,0.0
mLPK,1,0,1,1.0
mLPL,3,0,3,1.0
mLPM,3,5,8,0.38
mLPN,8,7,15,0.53
mLPP,10,11,21,0.48
mLPS,1,4,5,0.2
mLPb,3,7,10,0.3
mLPh,1,1,2,0.5
mLPl,2,2,4,0.5
mLPm,7,6,13,0.54
mLPn,5,0,5,1.0
mLPs,5,1,6,0.83
mLSB,1,1,2,0.5
mLSD,2,2,4,0.5
mLSH,0,1,1,0.0
mLSL,0,1,1,0.0
mLSM,2,1,3,0.67
mLSN,2,4,6,0.33
mLSP,2,3,5,0.4
mLSS,2,1,3,0.67
mLSb,3,4,7,0.43
mLSh,1,1,2,0.5
mLSm,2,1,3,0.67
mLSn,2,6,8,0.25
mLSs,6,2,8,0.75
mLbB,2,4,6,0.33
mLbD,0,0,0,
mLbH,0,1,1,0.0
mLbI,1,0,1,1.0
mLbJ,1,1,2,0.5
mLbK,1,0,1,1.0
mLbL,0,4,4,0.0
mLbM,2,5,7,0.29
mLbN,7,3,10,0.7
mLbP,4,5,9,0.44
mLbS,4,2,6,0.67
mLbb,6,2,8,0.75
mLbl,1,0,1,1.0
mLbm,3,2,5,0.6
mLbn,6,5,11,0.55
mLbs,2,1,3,0.67
mLhB,0,2,2,0.0
mLhH,0,1,1,0.0
mLhL,1,0,1,1.0
mLhM,0,0,0,
mLhN,1,2,3,0.33
mLhP,2,3,5,0.4
mLhS,2,1,3,0.67
mLhb,1,2,3,0.33
mLhh,0,1,1,0.0
mLhl,1,0,1,1.0
mLhm,0,3,3,0.0
mLhn,0,2,2,0.0
mLhs,2,1,3,0.67
mLht,1,1,2,0.5
mLjI,0,1,1,0.0
mLjM,1,0,1,1.0
mLjN,2,0,2,1.0
mLjP,3,1,4,0.75
mLjS,0,1,1,0.0
mLjb,0,1,1,0.0
mLjm,0,2,2,0.0
mLjs,1,1,2,0.5
mLlH,4,1,5,0.8
mLlL,0,1,1,0.0
mLlM,4,1,5,0.8
mLlN,3,3,6,0.5
mLlP,3,0,3,1.0
mLlS,1,0,1,1.0
mLll,1,0,1,1.0
mLlm,0,3,3,0.0
mLln,2,1,3,0.67
mLls,2,3,5,0.4
mLmB,3,0,3,1.0
mLmD,5,1,6,0.83
mLmH,3,5,8,0.38
mLmI,0,1,1,0.0
mLmJ,1,1,2,0.5
mLmL,2,3,5,0.4
mLmM,4,3,7,0.57
mLmN,5,7,12,0.42
mLmP,4,4,8,0.5
mLmS,3,4,7,0.43
mLmb,1,4,5,0.2
mLml,3,3,6,0.5
mLmm,3,8,11,0.27
mLmn,6,9,15,0.4
mLms,2,2,4,0.5
mLnB,4,3,7,0.57
mLnD,2,2,4,0.5
mLnH,7,3,10,0.7
mLnK,1,0,1,1.0
mLnL,0,1,1,0.0
mLnM,5,1,6,0.83
mLnN,8,4,12,0.67
mLnP,8,7,15,0.53
mLnS,7,9,16,0.44
mLnb,5,4,9,0.56
mLnl,0,1,1,0.0
mLnm,3,7,10,0.3
mLnn,7,3,10,0.7
mLns,1,6,7,0.14
mLsB,2,1,3,0.67
mLsD,0,3,3,0.0
mLsH,3,1,4,0.75
mLsI,1,0,1,1.0
mLsK,1,0,1,1.0
mLsL,2,1,3,0.67
mLsM,1,4,5,0.2
mLsN,2,4,6,0.33
mLsP,2,3,5,0.4
mLsS,3,4,7,0.43
mLsb,4,2,6,0.67
mLsh,0,0,0,
mLsl,2,0,2,1.0
mLsm,5,5,10,0.5
mLsn,6,2,8,0.75
mLss,1,3,4,0.25
mLtD,0,1,1,0.0
mLtH,0,1,1,0.0
mLtL,0,1,1,0.0
mLtM,1,0,1,1.0
mLtN,0,2,2,0.0
mLtP,1,0,1,1.0
mLtb,1,1,2,0.5
mLtn,0,1,1,0.0
mLts,0,0,0,
mMBB,5,15,20,0.25
mMBD,3,3,6,0.5
mMBK,4,3,7,0.57
mMBL,3,5,8,0.38
mMBM,8,11,19,0.42
mMBN,13,11,24,0.54
mMBP,16,11,27,0.59
mMBS,5,5,10,0.5
mMBb,6,14,20,0.3
mMBh,1,1,2,0.5
mMBj,2,2,4,0.5
mMBl,5,2,7,0.71
mMBm,7,11,18,0.39
mMBn,19,13,32,0.59
mMBs,4,9,13,0.31
mMBt,0,1,1,0.0
mMDB,8,5,13,0.62
mMDD,1,2,3,0.33
mMDH,5,9,14,0.36
mMDI,1,0,1,1.0
mMDL,1,0,1,1.0
mMDM,7,5,12,0.58
mMDN,5,3,8,0.62
mMDP,5,5,10,0.5
mMDS,3,6,9,0.33
mMDb,4,2,6,0.67
mMDl,1,0,1,1.0
mMDm,5,7,12,0.42
mMDn,5,7,12,0.42
mMDs,4,3,7,0.57
mMHK,0,0,0,
mMHP,1,0,1,1.0
mMHb,0,1,1,0.0
mMHm,1,0,1,1.0
mMIm,2,0,2,1.0
mMKL,0,1,1,0.0
mMKP,1,0,1,1.0
mMKn,1,0,1,1.0
mMLB,2,4,6,0.33
mMLL,1,0,1,1.0
mMLM,4,3,7,0.57
mMLN,1,5,6,0.17
mMLP,3,9,12,0.25
mMLS,1,4,5,0.2
mMLb,6,3,9,0.67
mMLh,2,1,3,0.67
mMLj,0,0,0,
mMLl,1,1,2,0.5
mMLm,3,6,9,0.33
mMLn,4,3,7,0.57
mMLs,3,2,5,0.6
mMLt,0,0,0,
mMMB,15,14,29,0.52
mMMD,8,5,13,0.62
mMMH,2,2,4,0.5
mMMK,1,0,1,1.0
mMML,2,1,3,0.67
mMMM,15,13,28,0.54
mMMN,16,18,34,0.47
mMMP,19,19,38,0.5
mMMS,6,12,18,0.33
mMMb,15,6,21,0.71
mMMh,13,14,27,0.48
mMMj,0,2,2,0.0
mMMl,3,1,4,0.75
mMMm,30,26,56,0.54
mMMn,25,16,41,0.61
mMMs,7,12,19,0.37
mMMt,0,1,1,0.0
mMNB,12,18,30,0.4
mMND,4,9,13,0.31
mMNH,2,1,3,0.67
mMNI,1,0,1,1.0
mMNK,2,3,5,0.4
mMNL,4,2,6,0.67
mMNM,8,15,23,0.35
mMNN,20,24,44,0.45
mMNP,17,18,35,0.49
mMNS,10,9,19,0.53
mMNb,3,14,17,0.18
mMNh,10,6,16,0.62
mMNl,4,1,5,0.8
mMNm,15,9,24,0.62
mMNn,29,18,47,0.62
mMNs,9,13,22,0.41
mMNt,1,1,2,0.5
mMPB,15,16,31,0.48
mMPD,3,7,10,0.3
mMPH,4,8,12,0.33
mMPI,0,3,3,0.0
mMPK,4,4,8,0.5
mMPL,5,7,12,0.42
mMPM,18,25,43,0.42
mMPN,16,25,41,0.39
mMPP,19,25,44,0.43
mMPS,19,15,34,0.56
mMPb,17,15,32,0.53
mMPh,2,2,4,0.5
mMPl,6,4,10,0.6
mMPm,21,20,41,0.51
mMPn,20,23,43,0.47
mMPs,14,8,22,0.64
mMPt,1,0,1,1.0
mMSB,5,5,10,0.5
mMSD,2,3,5,0.4
mMSH,7,7,14,0.5
mMSL,4,7,11,0.36
mMSM,12,9,21,0.57
mMSN,10,7,17,0.59
mMSP,13,10,23,0.57
mMSS,10,5,15,0.67
mMSb,6,9,15,0.4
mMSh,5,5,10,0.5
mMSl,6,3,9,0.67
mMSm,18,9,27,0.67
mMSn,13,6,19,0.68
mMSs,7,12,19,0.37
mMSt,0,1,1,0.0
mMbB,12,14,26,0.46
mMbD,1,1,2,0.5
mMbH,2,5,7,0.29
mMbI,3,2,5,0.6
mMbJ,2,5,7,0.29
mMbK,5,5,10,0.5
mMbL,2,7,9,0.22
mMbM,18,13,31,0.58
mMbN,15,16,31,0.48
mMbP,13,15,28,0.46
mMbS,4,18,22,0.18
mMbb,13,12,25,0.52
mMbl,2,2,4,0.5
mMbm,12,8,20,0.6
mMbn,20,14,34,0.59
mMbs,5,3,8,0.62
mMhB,7,13,20,0.35
mMhD,4,5,9,0.44
mMhH,2,4,6,0.33
mMhI,2,0,2,1.0
mMhK,1,0,1,1.0
mMhL,5,2,7,0.71
mMhM,15,21,36,0.42
mMhN,12,8,20,0.6
mMhP,11,16,27,0.41
mMhS,12,9,21,0.57
mMhb,8,11,19,0.42
mMhh,7,16,23,0.3
mMhl,6,3,9,0.67
mMhm,16,5,21,0.76
mMhn,15,9,24,0.62
mMhs,9,13,22,0.41
mMht,0,1,1,0.0
mMjB,2,0,2,1.0
mMjM,3,1,4,0.75
mMjN,1,2,3,0.33
mMjP,4,2,6,0.67
mMjS,2,3,5,0.4
mMjb,2,2,4,0.5
mMjm,1,3,4,0.25
mMjn,4,2,6,0.67
mMjs,2,0,2,1.0
mMlB,4,5,9,0.44
mMlD,2,1,3,0.67
mMlH,2,3,5,0.4
mMlJ,1,0,1,1.0
mMlL,0,1,1,0.0
mMlM,2,7,9,0.22
mMlN,5,6,11,0.45
mMlP,4,5,9,0.44
mMlS,1,2,3,0.33
mMlb,0,2,2,0.0
mMlh,0,1,1,0.0
mMll,0,3,3,0.0
mMlm,1,5,6,0.17
mMln,5,7,12,0.42
mMls,3,1,4,0.75
mMmB,10,15,25,0.4
mMmD,12,13,25,0.48
mMmH,13,15,28,0.46
mMmJ,1,3,4,0.25
mMmK,0,0,0,
mMmL,7,2,9,0.78
mMmM,22,21,43,0.51
mMmN,28,30,58,0.48
mMmP,17,25,42,0.4
mMmS,10,16,26,0.38
mMmb,17,15,32,0.53
mMml,2,3,5,0.4
mMmm,26,22,48,0.54
mMmn,23,22,45,0.51
mMms,9,8,17,0.53
mMnB,18,7,25,0.72
mMnD,5,7,12,0.42
mMnH,14,14,28,0.5
mMnI,2,4,6,0.33
mMnK,1,1,2,0.5
mMnL,2,3,5,0.4
mMnM,16,16,32,0.5
mMnN,25,22,47,0.53
mMnP,25,30,55,0.45
mMnS,14,19,33,0.42
mMnb,21,9,30,0.7
mMnh,0,1,1,0.0
mMnl,3,5,8,0.38
mMnm,26,22,48,0.54
mMnn,32,25,57,0.56
mMns,12,13,25,0.48
mMsB,6,11,17,0.35
mMsD,3,3,6,0.5
mMsH,9,17,26,0.35
mMsI,0,1,1,0.0
mMsK,1,0,1,1.0
mMsL,0,0,0,
mMsM,5,11,16,0.31
mMsN,13,9,22,0.59
mMsP,9,17,26,0.35
mMsS,11,15,26,0.42
mMsb,3,6,9,0.33
mMsl,5,1,6,0.83
mMsm,13,9,22,0.59
mMsn,15,10,25,0.6
mMss,11,6,17,0.65
mMtB,0,3,3,0.0
mMtH,0,2,2,0.0
mMtI,0,0,0,
mMtM,1,0,1,1.0
mMtN,0,2,2,0.0
mMtP,5,3,8,0.62
mMtS,1,0,1,1.0
mMtb,0,0,0,
mMtm,1,2,3,0.33
mMtn,1,0,1,1.0
mMts,0,1,1,0.0
mNBB,5,8,13,0.38
mNBD,5,4,9,0.56
mNBH,1,0,1,1.0
mNBK,2,2,4,0.5
mNBL,2,2,4,0.5
mNBM,9,11,20,0.45
mNBN,7,14,21,0.33
mNBP,9,11,20,0.45
mNBS,8,12,20,0.4
mNBb,12,8,20,0.6
mNBh,5,0,5,1.0
mNBj,1,1,2,0.5
mNBl,2,2,4,0.5
mNBm,11,17,28,0.39
mNBn,17,17,34,0.5
mNBs,4,7,11,0.36
mNBt,2,1,3,0.67
mNDB,3,2,5,0.6
mNDD,1,3,4,0.25
mNDH,4,1,5,0.8
mNDI,1,2,3,0.33
mNDL,0,2,2,0.0
mNDM,7,7,14,0.5
mNDN,3,7,10,0.3
mNDP,4,5,9,0.44
mNDS,2,1,3,0.67
mNDb,0,1,1,0.0
mNDl,2,1,3,0.67
mNDm,5,7,12,0.42
mNDn,3,4,7,0.43
mNDs,2,2,4,0.5
mNHB,2,1,3,0.67
mNHD,1,0,1,1.0
mNHH,2,1,3,0.67
mNHI,0,2,2,0.0
mNHK,0,1,1,0.0
mNHL,0,1,1,0.0
mNHM,1,1,2,0.5
mNHN,8,4,12,0.67
mNHP,1,7,8,0.12
mNHS,6,6,12,0.5
mNHb,4,0,4,1.0
mNHl,0,1,1,0.0
mNHm,6,1,7,0.86
mNHn,5,2,7,0.71
mNHs,2,5,7,0.29
mNIb,0,1,1,0.0
mNKB,0,1,1,0.0
mNKD,0,0,0,
mNKI,0,0,0,
mNKL,0,1,1,0.0
mNKM,1,0,1,1.0
mNKN,2,3,5,0.4
mNKP,1,3,4,0.25
mNKS,2,1,3,0.67
mNKb,0,3,3,0.0
mNKh,2,5,7,0.29
mNKl,0,1,1,0.0
mNKm,3,1,4,0.75
mNKn,2,0,2,1.0
mNKs,1,2,3,0.33
mNLB,5,9,14,0.36
mNLL,2,0,2,1.0
mNLM,2,4,6,0.33
mNLN,0,1,1,0.0
mNLP,3,2,5,0.6
mNLS,1,2,3,0.33
mNLb,5,3,8,0.62
mNLh,4,0,4,1.0
mNLl,0,2,2,0.0
mNLm,3,8,11,0.27
mNLn,7,4,11,0.64
mNLs,6,3,9,0.67
mNMB,6,10,16,0.38
mNMD,5,1,6,0.83
mNMK,0,1,1,0.0
mNML,1,6,7,0.14
mNMM,11,12,23,0.48
mNMN,10,19,29,0.34
mNMP,22,22,44,0.5
mNMS,9,8,17,0.53
mNMb,14,6,20,0.7
mNMh,8,15,23,0.35
mNMj,2,0,2,1.0
mNMl,4,5,9,0.44
mNMm,14,20,34,0.41
mNMn,19,17,36,0.53
mNMs,6,6,12,0.5
mNMt,2,0,2,1.0
mNNB,15,16,31,0.48
mNND,4,8,12,0.33
mNNH,1,3,4,0.25
mNNI,1,0,1,1.0
mNNK,2,2,4,0.5
mNNL,4,4,8,0.5
mNNM,20,19,39,0.51
mNNN,30,31,61,0.49
mNNP,28,32,60,0.47
mNNS,17,13,30,0.57
mNNb,20,8,28,0.71
mNNh,5,6,11,0.45
mNNl,2,2,4,0.5
mNNm,27,19,46,0.59
mNNn,27,31,58,0.47
mNNs,7,12,19,0.37
mNNt,1,5,6,0.17
mNPB,15,22,37,0.41
mNPD,5,5,10,0.5
mNPH,3,8,11,0.27
mNPI,2,3,5,0.4
mNPK,2,3,5,0.4
mNPL,15,4,19,0.79
mNPM,16,39,55,0.29
mNPN,23,22,45,0.51
mNPP,36,33,69,0.52
mNPS,16,18,34,0.47
mNPb,20,20,40,0.5
mNPh,3,4,7,0.43
mNPl,6,6,12,0.5
mNPm,33,30,63,0.52
mNPn,24,30,54,0.44
mNPs,14,17,31,0.45
mNPt,0,2,2,0.0
mNSB,14,8,22,0.64
mNSD,3,4,7,0.43
mNSH,7,1,8,0.88
mNSL,6,2,8,0.75
mNSM,7,12,19,0.37
mNSN,11,8,19,0.58
mNSP,9,12,21,0.43
mNSS,20,12,32,0.62
mNSb,8,6,14,0.57
mNSh,10,4,14,0.71
mNSl,1,4,5,0.2
mNSm,13,8,21,0.62
mNSn,15,9,24,0.62
mNSs,11,9,20,0.55
mNbB,5,14,19,0.26
mNbD,2,3,5,0.4
mNbH,6,7,13,0.46
mNbI,0,1,1,0.0
mNbJ,6,3,9,0.67
mNbK,1,2,3,0.33
mNbL,4,2,6,0.67
mNbM,15,7,22,0.68
mNbN,19,9,28,0.68
mNbP,22,13,35,0.63
mNbS,5,13,18,0.28
mNbb,11,11,22,0.5
mNbl,1,4,5,0.2
mNbm,12,10,22,0.55
mNbn,14,11,25,0.56
mNbs,4,6,10,0.4
mNhB,5,3,8,0.62
mNhD,1,2,3,0.33
mNhH,2,0,2,1.0
mNhI,0,1,1,0.0
mNhL,0,0,0,
mNhM,3,8,11,0.27
mNhN,4,2,6,0.67
mNhP,4,1,5,0.8
mNhS,4,0,4,1.0
mNhb,4,3,7,0.57
mNhh,2,6,8,0.25
mNhm,6,4,10,0.6
mNhn,4,4,8,0.5
mNhs,2,5,7,0.29
mNlB,2,4,6,0.33
mNlD,0,2,2,0.0
mNlH,1,2,3,0.33
mNlI,0,0,0,
mNlJ,0,2,2,0.0
mNlL,2,1,3,0.67
mNlM,7,0,7,1.0
mNlN,5,2,7,0.71
mNlP,4,3,7,0.57
mNlS,3,3,6,0.5
mNlb,5,4,9,0.56
mNll,1,4,5,0.2
mNlm,1,3,4,0.25
mNln,4,3,7,0.57
mNls,3,0,3,1.0
mNmB,13,22,35,0.37
mNmD,3,4,7,0.43
mNmH,6,11,17,0.35
mNmI,0,2,2,0.0
mNmJ,3,1,4,0.75
mNmK,0,1,1,0.0
mNmL,6,7,13,0.46
mNmM,13,19,32,0.41
mNmN,13,19,32,0.41
mNmP,18,12,30,0.6
mNmS,16,8,24,0.67
mNmb,14,13,27,0.52
mNml,4,4,8,0.5
mNmm,18,11,29,0.62
mNmn,15,9,24,0.62
mNms,8,6,14,0.57
mNnB,17,14,31,0.55
mNnD,6,3,9,0.67
mNnH,16,12,28,0.57
mNnI,5,2,7,0.71
mNnK,2,2,4,0.5
mNnL,2,6,8,0.25
mNnM,24,19,43,0.56
mNnN,36,40,76,0.47
mNnP,31,23,54,0.57
mNnS,11,19,30,0.37
mNnb,11,18,29,0.38
mNnh,0,1,1,0.0
mNnl,4,3,7,0.57
mNnm,21,22,43,0.49
mNnn,22,19,41,0.54
mNns,20,10,30,0.67
mNsB,13,9,22,0.59
mNsD,5,6,11,0.45
mNsH,14,12,26,0.54
mNsI,2,2,4,0.5
mNsL,4,0,4,1.0
mNsM,13,13,26,0.5
mNsN,10,11,21,0.48
mNsP,13,9,22,0.59
mNsS,13,13,26,0.5
mNsb,5,5,10,0.5
mNsh,0,1,1,0.0
mNsl,3,2,5,0.6
mNsm,9,10,19,0.47
mNsn,9,15,24,0.38
mNss,17,11,28,0.61
mNtB,1,2,3,0.33
mNtH,0,2,2,0.0
mNtM,1,3,4,0.25
mNtN,3,1,4,0.75
mNtP,2,1,3,0.67
mNtS,1,0,1,1.0
mNtb,1,2,3,0.33
mNtl,1,0,1,1.0
mNtm,2,1,3,0.67
mNtn,2,2,4,0.5
mNts,0,2,2,0.0
mPBB,11,14,25,0.44
mPBD,3,4,7,0.43
mPBK,3,1,4,0.75
mPBL,6,7,13,0.46
mPBM,15,12,27,0.56
mPBN,14,17,31,0.45
mPBP,17,18,35,0.49
mPBS,8,10,18,0.44
mPBb,14,13,27,0.52
mPBh,1,5,6,0.17
mPBj,1,1,2,0.5
mPBl,3,3,6,0.5
mPBm,19,13,32,0.59
mPBn,18,13,31,0.58
mPBs,16,8,24,0.67
mPBt,2,0,2,1.0
mPDB,3,2,5,0.6
mPDD,1,4,5,0.2
mPDH,4,6,10,0.4
mPDI,1,0,1,1.0
mPDL,2,1,3,0.67
mPDM,4,4,8,0.5
mPDN,6,5,11,0.55
mPDP,5,8,13,0.38
mPDS,4,4,8,0.5
mPDb,3,4,7,0.43
mPDh,1,1,2,0.5
mPDl,3,0,3,1.0
mPDm,7,9,16,0.44
mPDn,5,1,6,0.83
mPDs,3,7,10,0.3
mPHB,0,1,1,0.0
mPHD,0,2,2,0.0
mPHH,1,0,1,1.0
mPHK,0,2,2,0.0
mPHL,2,3,5,0.4
mPHM,8,3,11,0.73
mPHN,6,5,11,0.55
mPHP,5,6,11,0.45
mPHS,2,3,5,0.4
mPHb,2,1,3,0.67
mPHh,0,1,1,0.0
mPHl,5,3,8,0.62
mPHm,4,2,6,0.67
mPHn,8,4,12,0.67
mPHs,4,1,5,0.8
mPIB,3,3,6,0.5
mPIH,2,1,3,0.67
mPIM,1,0,1,1.0
mPIN,0,2,2,0.0
mPIP,0,2,2,0.0
mPIS,2,1,3,0.67
mPIb,3,2,5,0.6
mPIl,0,1,1,0.0
mPIm,1,2,3,0.33
mPIn,1,0,1,1.0
mPIt,0,0,0,
mPKB,1,1,2,0.5
mPKD,1,0,1,1.0
mPKI,0,1,1,0.0
mPKL,1,2,3,0.33
mPKM,4,2,6,0.67
mPKN,0,3,3,0.0
mPKP,2,3,5,0.4
mPKS,1,0,1,1.0
mPKb,0,3,3,0.0
mPKh,1,2,3,0.33
mPKm,3,4,7,0.43
mPKn,2,3,5,0.4
mPKs,6,0,6,1.0
mPLB,9,2,11,0.82
mPLD,1,2,3,0.33
mPLH,0,0,0,
mPLL,6,4,10,0.6
mPLM,7,4,11,0.64
mPLN,5,8,13,0.38
mPLP,7,11,18,0.39
mPLS,5,3,8,0.62
mPLb,7,3,10,0.7
mPLh,2,1,3,0.67
mPLj,0,1,1,0.0
mPLl,1,0,1,1.0
mPLm,8,4,12,0.67
mPLn,8,7,15,0.53
mPLs,0,2,2,0.0
mPLt,1,2,3,0.33
mPMB,19,16,35,0.54
mPMD,4,3,7,0.57
mPML,5,3,8,0.62
mPMM,24,19,43,0.56
mPMN,20,23,43,0.47
mPMP,12,25,37,0.32
mPMS,11,11,22,0.5
mPMb,14,15,29,0.48
mPMh,17,19,36,0.47
mPMj,1,3,4,0.25
mPMl,7,9,16,0.44
mPMm,22,16,38,0.58
mPMn,23,25,48,0.48
mPMs,11,10,21,0.52
mPMt,2,1,3,0.67
mPNB,15,16,31,0.48
mPND,5,0,5,1.0
mPNH,3,1,4,0.75
mPNK,2,1,3,0.67
mPNL,7,8,15,0.47
mPNM,19,13,32,0.59
mPNN,22,18,40,0.55
mPNP,21,29,50,0.42
mPNS,17,11,28,0.61
mPNb,11,9,20,0.55
mPNh,8,4,12,0.67
mPNl,6,6,12,0.5
mPNm,16,14,30,0.53
mPNn,21,25,46,0.46
mPNs,15,9,24,0.62
mPNt,7,4,11,0.64
mPPB,14,20,34,0.41
mPPD,9,8,17,0.53
mPPH,3,7,10,0.3
mPPI,2,1,3,0.67
mPPK,2,4,6,0.33
mPPL,8,14,22,0.36
mPPM,30,21,51,0.59
mPPN,22,18,40,0.55
mPPP,44,31,75,0.59
mPPS,21,19,40,0.52
mPPb,13,21,34,0.38
mPPh,2,2,4,0.5
mPPl,9,11,20,0.45
mPPm,22,33,55,0.4
mPPn,25,17,42,0.6
mPPs,14,7,21,0.67
mPPt,2,2,4,0.5
mPSB,9,11,20,0.45
mPSD,3,6,9,0.33
mPSH,3,3,6,0.5
mPSK,0,0,0,
mPSL,3,4,7,0.43
mPSM,14,15,29,0.48
mPSN,14,13,27,0.52
mPSP,16,8,24,0.67
mPSS,10,12,22,0.45
mPSb,10,4,14,0.71
mPSh,5,7,12,0.42
mPSl,5,5,10,0.5
mPSm,10,14,24,0.42
mPSn,9,6,15,0.6
mPSs,8,14,22,0.36
mPSt,1,2,3,0.33
mPbB,16,14,30,0.53
mPbD,3,1,4,0.75
mPbH,0,1,1,0.0
mPbI,2,1,3,0.67
mPbJ,3,7,10,0.3
mPbK,4,3,7,0.57
mPbL,6,11,17,0.35
mPbM,17,21,38,0.45
mPbN,10,15,25,0.4
mPbP,29,12,41,0.71
mPbS,5,9,14,0.36
mPbb,18,12,30,0.6
mPbl,7,7,14,0.5
mPbm,18,13,31,0.58
mPbn,10,7,17,0.59
mPbs,9,8,17,0.53
mPhB,2,1,3,0.67
mPhH,0,1,1,0.0
mPhI,0,0,0,
mPhL,1,0,1,1.0
mPhM,4,0,4,1.0
mPhN,0,2,2,0.0
mPhP,1,3,4,0.25
mPhS,2,0,2,1.0
mPhb,0,1,1,0.0
mPhh,1,0,1,1.0
mPhl,0,1,1,0.0
mPhm,2,2,4,0.5
mPhn,3,1,4,0.75
mPhs,0,2,2,0.0
mPlB,6,3,9,0.67
mPlD,0,0,0,
mPlH,3,6,9,0.33
mPlI,2,0,2,1.0
mPlJ,1,1,2,0.5
mPlL,2,1,3,0.67
mPlM,6,4,10,0.6
mPlN,4,3,7,0.57
mPlP,10,6,16,0.62
mPlS,5,5,10,0.5
mPlb,7,5,12,0.58
mPll,5,3,8,0.62
mPlm,6,3,9,0.67
mPln,7,3,10,0.7
mPls,3,3,6,0.5
mPmB,19,12,31,0.61
mPmD,3,10,13,0.23
mPmH,10,9,19,0.53
mPmI,1,0,1,1.0
mPmJ,1,1,2,0.5
mPmK,0,1,1,0.0
mPmL,4,6,10,0.4
mPmM,18,23,41,0.44
mPmN,19,20,39,0.49
mPmP,20,19,39,0.51
mPmS,7,8,15,0.47
mPmb,17,21,38,0.45
mPml,5,5,10,0.5
mPmm,22,15,37,0.59
mPmn,16,17,33,0.48
mPms,3,4,7,0.43
mPnB,11,6,17,0.65
mPnD,1,8,9,0.11
mPnH,8,7,15,0.53
mPnI,3,1,4,0.75
mPnK,0,1,1,0.0
mPnL,6,10,16,0.38
mPnM,21,19,40,0.52
mPnN,14,17,31,0.45
mPnP,36,21,57,0.63
mPnS,8,14,22,0.36
mPnb,15,8,23,0.65
mPnh,2,0,2,1.0
mPnl,2,5,7,0.29
mPnm,15,8,23,0.65
mPnn,9,18,27,0.33
mPns,19,12,31,0.61
mPsB,5,7,12,0.42
mPsD,6,2,8,0.75
mPsH,7,11,18,0.39
mPsI,2,0,2,1.0
mPsL,2,3,5,0.4
mPsM,4,9,13,0.31
mPsN,11,9,20,0.55
mPsP,7,21,28,0.25
mPsS,8,9,17,0.47
mPsb,13,10,23,0.57
mPsl,2,2,4,0.5
mPsm,17,5,22,0.77
mPsn,8,9,17,0.47
mPss,11,4,15,0.73
mPtB,1,0,1,1.0
mPtD,0,0,0,
mPtH,1,0,1,1.0
mPtI,0,1,1,0.0
mPtM,0,3,3,0.0
mPtN,0,1,1,0.0
mPtP,6,1,7,0.86
mPtS,0,0,0,
mPtb,0,1,1,0.0
mPtl,1,1,2,0.5
mPtm,1,1,2,0.5
mPtn,0,2,2,0.0
mPtt,1,0,1,1.0
mSBB,12,9,21,0.57
mSBD,4,1,5,0.8
mSBK,1,0,1,1.0
mSBL,1,2,3,0.33
mSBM,5,6,11,0.45
mSBN,9,9,18,0.5
mSBP,4,9,13,0.31
mSBS,7,10,17,0.41
mSBb,5,6,11,0.45
mSBh,1,1,2,0.5
mSBj,1,0,1,1.0
mSBl,5,1,6,0.83
mSBm,14,6,20,0.7
mSBn,10,18,28,0.36
mSBs,4,6,10,0.4
mSBt,1,0,1,1.0
mSDB,1,2,3,0.33
mSDD,2,1,3,0.67
mSDH,2,2,4,0.5
mSDL,2,1,3,0.67
mSDM,6,4,10,0.6
mSDN,2,4,6,0.33
mSDP,1,2,3,0.33
mSDS,7,8,15,0.47
mSDb,2,5,7,0.29
mSDl,1,1,2,0.5
mSDm,6,0,6,1.0
mSDn,4,1,5,0.8
mSDs,4,5,9,0.44
mSDt,0,1,1,0.0
mSHB,1,1,2,0.5
mSHD,1,0,1,1.0
mSHH,1,2,3,0.33
mSHL,2,1,3,0.67
mSHM,4,6,10,0.4
mSHN,2,1,3,0.67
mSHP,6,5,11,0.55
mSHS,4,2,6,0.67
mSHb,2,1,3,0.67
mSHh,1,7,8,0.12
mSHl,3,0,3,1.0
mSHm,7,4,11,0.64
mSHn,2,3,5,0.4
mSHs,2,4,6,0.33
mSHt,0,1,1,0.0
mSIB,0,2,2,0.0
mSIP,0,1,1,0.0
mSIS,0,0,0,
mSIm,1,0,1,1.0
mSKb,0,1,1,0.0
mSKl,0,1,1,0.0
mSKm,0,1,1,0.0
mSKn,0,1,1,0.0
mSLB,0,3,3,0.0
mSLD,2,1,3,0.67
mSLL,0,1,1,0.0
mSLM,3,3,6,0.5
mSLN,0,1,1,0.0
mSLP,3,1,4,0.75
mSLS,2,2,4,0.5
mSLb,0,4,4,0.0
mSLj,1,0,1,1.0
mSLl,2,1,3,0.67
mSLm,6,1,7,0.86
mSLn,1,2,3,0.33
mSLs,1,4,5,0.2
mSLt,0,0,0,
mSMB,3,9,12,0.25
mSMD,6,3,9,0.67
mSMH,0,0,0,
mSMK,0,1,1,0.0
mSML,4,1,5,0.8
mSMM,6,16,22,0.27
mSMN,6,12,18,0.33
mSMP,7,7,14,0.5
mSMS,8,6,14,0.57
mSMb,5,3,8,0.62
mSMh,9,2,11,0.82
mSMj,0,1,1,0.0
mSMl,4,1,5,0.8
mSMm,18,11,29,0.62
mSMn,11,6,17,0.65
mSMs,6,14,20,0.3
mSMt,0,0,0,
mSNB,7,7,14,0.5
mSND,3,4,7,0.43
mSNH,3,1,4,0.75
mSNK,3,0,3,1.0
mSNL,1,3,4,0.25
mSNM,4,9,13,0.31
mSNN,10,12,22,0.45
mSNP,13,8,21,0.62
mSNS,6,14,20,0.3
mSNb,4,4,8,0.5
mSNh,2,2,4,0.5
mSNl,2,2,4,0.5
mSNm,6,5,11,0.55
mSNn,15,11,26,0.58
mSNs,6,8,14,0.43
mSNt,0,0,0,
mSPB,6,8,14,0.43
mSPD,4,2,6,0.67
mSPH,3,2,5,0.6
mSPK,2,4,6,0.33
mSPL,4,3,7,0.57
mSPM,10,10,20,0.5
mSPN,11,10,21,0.52
mSPP,8,16,24,0.33
mSPS,11,16,27,0.41
mSPb,4,7,11,0.36
mSPh,0,1,1,0.0
mSPl,6,7,13,0.46
mSPm,8,10,18,0.44
mSPn,8,16,24,0.33
mSPs,10,8,18,0.56
mSPt,1,1,2,0.5
mSSB,3,5,8,0.38
mSSD,2,3,5,0.4
mSSH,2,6,8,0.25
mSSL,1,0,1,1.0
mSSM,12,8,20,0.6
mSSN,6,8,14,0.43
mSSP,7,9,16,0.44
mSSS,14,7,21,0.67
mSSb,7,7,14,0.5
mSSh,7,5,12,0.58
mSSl,0,4,4,0.0
mSSm,13,10,23,0.57
mSSn,9,8,17,0.53
mSSs,11,13,24,0.46
mSSt,1,2,3,0.33
mSbB,3,12,15,0.2
mSbD,1,0,1,1.0
mSbH,3,1,4,0.75
mSbI,1,1,2,0.5
mSbJ,3,0,3,1.0
mSbK,1,2,3,0.33
mSbL,3,2,5,0.6
mSbM,3,7,10,0.3
mSbN,10,4,14,0.71
mSbP,11,11,22,0.5
mSbS,1,5,6,0.17
mSbb,8,5,13,0.62
mSbl,0,2,2,0.0
mSbm,9,6,15,0.6
mSbn,8,6,14,0.57
mSbs,1,3,4,0.25
mShB,2,2,4,0.5
mShD,1,0,1,1.0
mShH,3,0,3,1.0
mShI,0,1,1,0.0
mShL,1,1,2,0.5
mShM,7,3,10,0.7
mShN,3,8,11,0.27
mShP,6,8,14,0.43
mShS,9,5,14,0.64
mShb,6,4,10,0.6
mShh,7,4,11,0.64
mShl,0,2,2,0.0
mShm,4,10,14,0.29
mShn,5,6,11,0.45
mShs,4,3,7,0.57
mSlB,3,4,7,0.43
mSlD,1,0,1,1.0
mSlH,3,2,5,0.6
mSlI,0,1,1,0.0
mSlJ,0,1,1,0.0
mSlL,1,0,1,1.0
mSlM,1,1,2,0.5
mSlN,3,1,4,0.75
mSlP,0,5,5,0.0
mSlS,0,2,2,0.0
mSlb,1,3,4,0.25
mSll,2,0,2,1.0
mSlm,2,2,4,0.5
mSln,1,0,1,1.0
mSls,1,2,3,0.33
mSmB,6,8,14,0.43
mSmD,4,4,8,0.5
mSmH,8,8,16,0.5
mSmI,0,1,1,0.0
mSmJ,2,1,3,0.67
mSmL,6,5,11,0.55
mSmM,17,12,29,0.59
mSmN,11,14,25,0.44
mSmP,12,10,22,0.55
mSmS,8,11,19,0.42
mSmb,18,12,30,0.6
mSmh,1,0,1,1.0
mSml,2,6,8,0.25
mSmm,10,16,26,0.38
mSmn,14,13,27,0.52
mSms,10,4,14,0.71
mSnB,3,11,14,0.21
mSnD,3,4,7,0.43
mSnH,5,5,10,0.5
mSnI,1,2,3,0.33
mSnK,1,1,2,0.5
mSnL,6,2,8,0.75
mSnM,7,14,21,0.33
mSnN,15,9,24,0.62
mSnP,13,12,25,0.52
mSnS,10,3,13,0.77
mSnb,6,7,13,0.46
mSnh,1,0,1,1.0
mSnl,3,3,6,0.5
mSnm,10,14,24,0.42
mSnn,9,13,22,0.41
mSns,7,8,15,0.47
mSsB,8,5,13,0.62
mSsD,2,6,8,0.25
mSsH,6,6,12,0.5
mSsI,2,0,2,1.0
mSsK,0,1,1,0.0
mSsL,2,2,4,0.5
mSsM,3,9,12,0.25
mSsN,13,9,22,0.59
mSsP,11,5,16,0.69
mSsS,12,10,22,0.55
mSsb,3,6,9,0.33
mSsl,3,2,5,0.6
mSsm,11,8,19,0.58
mSsn,8,4,12,0.67
mSss,5,10,15,0.33
mStB,0,1,1,0.0
mStD,1,0,1,1.0
mStH,1,1,2,0.5
mStL,1,1,2,0.5
mStN,0,0,0,
mStP,1,0,1,1.0
mStS,0,0,0,
mStb,0,1,1,0.0
mStm,4,2,6,0.67
mStn,0,0,0,
mbBB,8,18,26,0.31
mbBD,3,2,5,0.6
mbBK,2,0,2,1.0
mbBL,0,5,5,0.0
mbBM,11,12,23,0.48
mbBN,15,25,40,0.38
mbBP,23,12,35,0.66
mbBS,6,7,13,0.46
mbBb,10,11,21,0.48
mbBh,0,3,3,0.0
mbBj,3,2,5,0.6
mbBl,7,1,8,0.88
mbBm,13,10,23,0.57
mbBn,25,13,38,0.66
mbBs,9,4,13,0.69
mbBt,0,1,1,0.0
mbDB,3,1,4,0.75
mbDD,1,2,3,0.33
mbDH,1,2,3,0.33
mbDL,2,3,5,0.4
mbDM,3,3,6,0.5
mbDN,0,0,0,
mbDP,3,1,4,0.75
mbDS,2,1,3,0.67
mbDb,3,4,7,0.43
mbDl,0,0,0,
mbDm,2,5,7,0.29
mbDn,3,3,6,0.5
mbDs,0,1,1,0.0
mbHB,3,1,4,0.75
mbHI,1,0,1,1.0
mbHM,7,3,10,0.7
mbHN,2,2,4,0.5
mbHP,4,1,5,0.8
mbHS,1,1,2,0.5
mbHb,4,0,4,1.0
mbHh,2,0,2,1.0
mbHm,2,1,3,0.67
mbHn,0,2,2,0.0
mbHs,2,0,2,1.0
mbHt,1,0,1,1.0
mbIB,0,4,4,0.0
mbID,0,2,2,0.0
mbIH,1,0,1,1.0
mbIL,1,1,2,0.5
mbIM,2,0,2,1.0
mbIN,1,1,2,0.5
mbIP,2,1,3,0.67
mbIS,1,2,3,0.33
mbIb,1,0,1,1.0
mbIm,1,4,5,0.2
mbIn,1,1,2,0.5
mbIs,0,2,2,0.0
mbJB,5,6,11,0.45
mbJD,2,0,2,1.0
mbJH,1,0,1,1.0
mbJK,1,0,1,1.0
mbJM,3,4,7,0.43
mbJN,2,0,2,1.0
mbJP,0,2,2,0.0
mbJS,0,6,6,0.0
mbJb,1,2,3,0.33
mbJh,0,2,2,0.0
mbJl,1,0,1,1.0
mbJm,4,3,7,0.57
mbJn,1,2,3,0.33
mbJs,3,1,4,0.75
mbKB,3,1,4,0.75
mbKD,1,1,2,0.5
mbKH,0,3,3,0.0
mbKM,2,2,4,0.5
mbKN,0,3,3,0.0
mbKP,2,3,5,0.4
mbKS,0,1,1,0.0
mbKb,2,2,4,0.5
mbKh,3,1,4,0.75
mbKl,0,0,0,
mbKm,2,3,5,0.4
mbKs,1,2,3,0.33
mbLB,2,1,3,0.67
mbLK,0,0,0,
mbLL,2,1,3,0.67
mbLM,5,4,9,0.56
mbLN,4,3,7,0.57
mbLP,4,11,15,0.27
mbLS,2,1,3,0.67
mbLb,4,4,8,0.5
mbLh,1,7,8,0.12
mbLj,3,0,3,1.0
mbLl,0,1,1,0.0
mbLm,5,5,10,0.5
mbLn,2,4,6,0.33
mbLs,5,1,6,0.83
mbLt,0,2,2,0.0
mbMB,12,13,25,0.48
mbMD,4,6,10,0.4
mbML,4,5,9,0.44
mbMM,11,12,23,0.48
mbMN,26,12,38,0.68
mbMP,24,18,42,0.57
mbMS,6,10,16,0.38
mbMb,16,8,24,0.67
mbMh,9,7,16,0.56
mbMj,1,2,3,0.33
mbMl,3,3,6,0.5
mbMm,27,8,35,0.77
mbMn,22,18,40,0.55
mbMs,11,3,14,0.79
mbMt,1,2,3,0.33
mbNB,13,16,29,0.45
mbND,5,6,11,0.45
mbNH,1,1,2,0.5
mbNK,0,3,3,0.0
mbNL,4,2,6,0.67
mbNM,18,15,33,0.55
mbNN,29,17,46,0.63
mbNP,24,18,42,0.57
mbNS,15,8,23,0.65
mbNb,21,14,35,0.6
mbNh,4,5,9,0.44
mbNl,3,4,7,0.43
mbNm,13,11,24,0.54
mbNn,18,14,32,0.56
mbNs,14,7,21,0.67
mbNt,2,1,3,0.67
mbPB,21,13,34,0.62
mbPD,7,1,8,0.88
mbPH,1,1,2,0.5
mbPI,0,1,1,0.0
mbPK,1,1,2,0.5
mbPL,6,3,9,0.67
mbPM,18,32,50,0.36
mbPN,16,16,32,0.5
mbPP,24,19,43,0.56
mbPS,7,11,18,0.39
mbPb,14,20,34,0.41
mbPh,5,2,7,0.71
mbPl,3,3,6,0.5
mbPm,24,14,38,0.63
mbPn,14,21,35,0.4
mbPs,12,8,20,0.6
mbPt,1,2,3,0.33
mbSB,1,4,5,0.2
mbSD,1,1,2,0.5
mbSH,1,2,3,0.33
mbSL,0,2,2,0.0
mbSM,2,7,9,0.22
mbSN,6,2,8,0.75
mbSP,10,4,14,0.71
mbSS,6,3,9,0.67
mbSb,8,6,14,0.57
mbSh,2,2,4,0.5
mbSl,0,1,1,0.0
mbSm,9,5,14,0.64
mbSn,7,6,13,0.54
mbSs,4,8,12,0.33
mbSt,2,0,2,1.0
mbbB,21,9,30,0.7
mbbD,3,2,5,0.6
mbbH,1,3,4,0.25
mbbI,1,0,1,1.0
mbbJ,3,2,5,0.6
mbbK,4,1,5,0.8
mbbL,2,4,6,0.33
mbbM,10,13,23,0.43
mbbN,22,19,41,0.54
mbbP,17,18,35,0.49
mbbS,7,7,14,0.5
mbbb,22,16,38,0.58
mbbl,1,3,4,0.25
mbbm,6,8,14,0.43
mbbn,23,14,37,0.62
mbbs,1,6,7,0.14
mblB,3,2,5,0.6
mblH,1,1,2,0.5
mblI,1,0,1,1.0
mblJ,1,1,2,0.5
mblL,1,2,3,0.33
mblM,6,0,6,1.0
mblN,1,4,5,0.2
mblP,4,5,9,0.44
mblS,1,2,3,0.33
mblb,0,6,6,0.0
mbll,1,2,3,0.33
mblm,3,4,7,0.43
mbln,1,4,5,0.2
mbls,2,0,2,1.0
mbmB,20,8,28,0.71
mbmD,4,0,4,1.0
mbmH,6,11,17,0.35
mbmI,0,1,1,0.0
mbmJ,1,1,2,0.5
mbmL,4,3,7,0.57
mbmM,16,22,38,0.42
mbmN,15,20,35,0.43
mbmP,14,13,27,0.52
mbmS,7,6,13,0.54
mbmb,16,16,32,0.5
mbml,0,4,4,0.0
mbmm,21,20,41,0.51
mbmn,9,8,17,0.53
mbms,4,4,8,0.5
mbnB,12,10,22,0.55
mbnD,6,3,9,0.67
mbnH,8,3,11,0.73
mbnI,2,2,4,0.5
mbnK,1,2,3,0.33
mbnL,5,4,9,0.56
mbnM,22,19,41,0.54
mbnN,24,23,47,0.51
mbnP,20,18,38,0.53
mbnS,6,3,9,0.67
mbnb,16,12,28,0.57
mbnl,5,1,6,0.83
mbnm,8,7,15,0.53
mbnn,10,9,19,0.53
mbns,11,5,16,0.69
mbsB,0,4,4,0.0
mbsD,2,1,3,0.67
mbsH,3,3,6,0.5
mbsI,2,1,3,0.67
mbsL,1,1,2,0.5
mbsM,5,8,13,0.38
mbsN,7,7,14,0.5
mbsP,7,4,11,0.64
mbsS,1,4,5,0.2
mbsb,2,4,6,0.33
mbsl,1,4,5,0.2
mbsm,1,4,5,0.2
mbsn,3,4,7,0.43
mbss,5,1,6,0.83
mhBS,0,1,1,0.0
mhDH,1,0,1,1.0
mhDM,1,0,1,1.0
mhLK,0,1,1,0.0
mhMM,1,0,1,1.0
mhMS,0,1,1,0.0
mhSB,0,0,0,
mhbb,0,2,2,0.0
mhhB,0,1,1,0.0
mhhL,0,1,1,0.0
mhhb,0,1,1,0.0
mhlB,0,1,1,0.0
mhlP,0,1,1,0.0
mhmB,0,0,0,
mhmH,1,0,1,1.0
mhmL,0,1,1,0.0
mhmM,2,0,2,1.0
mhmN,1,0,1,1.0
mhmS,0,1,1,0.0
mhmm,1,0,1,1.0
mhnP,0,1,1,0.0
mhnn,0,1,1,0.0
mhns,1,0,1,1.0
mhsH,1,0,1,1.0
mhsI,1,0,1,1.0
mhsP,0,0,0,
mhsh,0,0,0,
mhsm,1,0,1,1.0
mlBB,2,4,6,0.33
mlBK,1,0,1,1.0
mlBL,2,2,4,0.5
mlBM,0,2,2,0.0
mlBN,1,5,6,0.17
mlBP,3,3,6,0.5
mlBS,2,4,6,0.33
mlBb,0,2,2,0.0
mlBj,0,1,1,0.0
mlBl,0,2,2,0.0
mlBm,2,2,4,0.5
mlBn,5,3,8,0.62
mlBs,1,2,3,0.33
mlDB,0,1,1,0.0
mlDD,1,0,1,1.0
mlDL,0,1,1,0.0
mlDM,4,0,4,1.0
mlDN,1,0,1,1.0
mlDP,0,1,1,0.0
mlDb,1,1,2,0.5
mlDl,1,0,1,1.0
mlDm,0,0,0,
mlDn,2,0,2,1.0
mlDs,1,1,2,0.5
mlHB,1,2,3,0.33
mlHD,1,0,1,1.0
mlHM,1,3,4,0.25
mlHN,2,0,2,1.0
mlHP,3,7,10,0.3
mlHS,1,0,1,1.0
mlHb,3,2,5,0.6
mlHh,0,1,1,0.0
mlHl,1,0,1,1.0
mlHm,1,0,1,1.0
mlHn,2,3,5,0.4
mlHs,0,2,2,0.0
mlIM,1,0,1,1.0
mlIN,2,1,3,0.67
mlIP,1,0,1,1.0
mlIS,1,0,1,1.0
mlIm,0,1,1,0.0
mlJD,2,1,3,0.67
mlJM,2,1,3,0.67
mlJP,3,2,5,0.6
mlJS,0,1,1,0.0
mlJb,1,1,2,0.5
mlJl,1,0,1,1.0
mlJm,1,0,1,1.0
mlJn,2,0,2,1.0
mlJs,0,0,0,
mlKm,0,0,0,
mlLL,1,0,1,1.0
mlLM,2,4,6,0.33
mlLN,2,2,4,0.5
mlLP,1,2,3,0.33
mlLS,0,0,0,
mlLb,0,1,1,0.0
mlLl,3,2,5,0.6
mlLm,2,1,3,0.67
mlLn,1,2,3,0.33
mlLs,2,1,3,0.67
mlMB,2,1,3,0.67
mlML,0,1,1,0.0
mlMM,3,5,8,0.38
mlMN,3,2,5,0.6
mlMP,4,4,8,0.5
mlMS,3,2,5,0.6
mlMb,3,1,4,0.75
mlMh,1,2,3,0.33
mlMj,1,0,1,1.0
mlMm,5,6,11,0.45
mlMn,8,1,9,0.89
mlMs,1,7,8,0.12
mlMt,0,1,1,0.0
mlNB,1,1,2,0.5
mlND,1,2,3,0.33
mlNK,1,0,1,1.0
mlNM,3,4,7,0.43
mlNN,7,4,11,0.64
mlNP,4,3,7,0.57
mlNS,2,3,5,0.4
mlNb,5,3,8,0.62
mlNh,1,0,1,1.0
mlNl,2,0,2,1.0
mlNm,5,5,10,0.5
mlNn,6,7,13,0.46
mlNs,4,1,5,0.8
mlNt,1,0,1,1.0
mlPB,9,4,13,0.69
mlPD,0,2,2,0.0
mlPH,1,1,2,0.5
mlPI,1,0,1,1.0
mlPK,1,0,1,1.0
mlPL,0,1,1,0.0
mlPM,4,6,10,0.4
mlPN,7,4,11,0.64
mlPP,6,5,11,0.55
mlPS,4,0,4,1.0
mlPb,3,0,3,1.0
mlPh,1,0,1,1.0
mlPl,0,2,2,0.0
mlPm,1,3,4,0.25
mlPn,6,2,8,0.75
mlPs,1,1,2,0.5
mlPt,0,1,1,0.0
mlSB,0,3,3,0.0
mlSD,1,0,1,1.0
mlSH,0,1,1,0.0
mlSL,0,3,3,0.0
mlSM,1,2,3,0.33
mlSN,3,3,6,0.5
mlSP,1,3,4,0.25
mlSS,1,0,1,1.0
mlSb,0,2,2,0.0
mlSh,0,1,1,0.0
mlSl,1,1,2,0.5
mlSm,1,2,3,0.33
mlSn,2,0,2,1.0
mlSs,0,2,2,0.0
mlbB,5,1,6,0.83
mlbD,0,0,0,
mlbH,1,1,2,0.5
mlbJ,1,0,1,1.0
mlbK,0,0,0,
mlbM,4,3,7,0.57
mlbN,6,3,9,0.67
mlbP,7,2,9,0.78
mlbS,0,3,3,0.0
mlbb,4,3,7,0.57
mlbl,0,1,1,0.0
mlbm,1,2,3,0.33
mlbn,1,4,5,0.2
mlbs,0,2,2,0.0
mllB,1,3,4,0.25
mllH,2,0,2,1.0
mllL,0,2,2,0.0
mllN,0,1,1,0.0
mllP,0,1,1,0.0
mllS,1,2,3,0.33
mllb,1,3,4,0.25
mllm,2,0,2,1.0
mlln,2,1,3,0.67
mlls,0,1,1,0.0
mlmB,8,5,13,0.62
mlmD,1,2,3,0.33
mlmH,1,5,6,0.17
mlmJ,0,0,0,
mlmL,0,1,1,0.0
mlmM,3,5,8,0.38
mlmN,6,2,8,0.75
mlmP,8,1,9,0.89
mlmS,2,1,3,0.67
mlmb,5,4,9,0.56
mlml,2,0,2,1.0
mlmm,2,5,7,0.29
mlmn,3,4,7,0.43
mlnB,3,3,6,0.5
mlnD,0,1,1,0.0
mlnI,0,1,1,0.0
mlnM,4,2,6,0.67
mlnN,6,3,9,0.67
mlnP,4,6,10,0.4
mlnS,3,4,7,0.43
mlnb,5,5,10,0.5
mlnm,2,1,3,0.67
mlnn,3,6,9,0.33
mlnt,0,0,0,
mlsB,0,0,0,
mlsH,0,0,0,
mlsL,4,0,4,1.0
mlsM,1,2,3,0.33
mlsN,3,2,5,0.6
mlsP,3,1,4,0.75
mlsS,1,1,2,0.5
mlsb,3,2,5,0.6
mlsl,0,1,1,0.0
mlsm,2,0,2,1.0
mlsn,1,1,2,0.5
mlss,0,0,0,
mltH,1,0,1,1.0
mmBB,12,10,22,0.55
mmBD,5,4,9,0.56
mmBK,3,3,6,0.5
mmBL,2,8,10,0.2
mmBM,11,14,25,0.44
mmBN,21,21,42,0.5
mmBP,14,18,32,0.44
mmBS,8,6,14,0.57
mmBb,17,13,30,0.57
mmBh,2,1,3,0.67
mmBj,3,1,4,0.75
mmBl,2,5,7,0.29
mmBm,11,12,23,0.48
mmBn,19,15,34,0.56
mmBs,6,9,15,0.4
mmBt,2,1,3,0.67
mmDB,5,2,7,0.71
mmDD,5,7,12,0.42
mmDH,5,7,12,0.42
mmDL,2,1,3,0.67
mmDM,8,8,16,0.5
mmDN,4,6,10,0.4
mmDP,5,4,9,0.56
mmDS,3,6,9,0.33
mmDb,4,5,9,0.44
mmDh,0,0,0,
mmDl,2,3,5,0.4
mmDm,7,5,12,0.58
mmDn,5,3,8,0.62
mmDs,3,1,4,0.75
mmDt,1,0,1,1.0
mmHB,8,14,22,0.36
mmHD,3,3,6,0.5
mmHH,1,2,3,0.33
mmHI,0,2,2,0.0
mmHK,0,1,1,0.0
mmHL,2,2,4,0.5
mmHM,7,12,19,0.37
mmHN,14,8,22,0.64
mmHP,12,10,22,0.55
mmHS,7,7,14,0.5
mmHb,5,8,13,0.38
mmHh,4,8,12,0.33
mmHl,4,1,5,0.8
mmHm,12,10,22,0.55
mmHn,18,12,30,0.6
mmHs,5,8,13,0.38
mmHt,1,0,1,1.0
mmIB,1,0,1,1.0
mmIN,0,1,1,0.0
mmIP,0,1,1,0.0
mmIS,1,0,1,1.0
mmIb,0,1,1,0.0
mmIl,1,0,1,1.0
mmIn,1,2,3,0.33
mmIs,0,1,1,0.0
mmJB,3,0,3,1.0
mmJD,1,1,2,0.5
mmJH,1,0,1,1.0
mmJI,2,0,2,1.0
mmJK,0,0,0,
mmJM,5,1,6,0.83
mmJN,4,3,7,0.57
mmJP,4,2,6,0.67
mmJS,0,0,0,
mmJb,3,1,4,0.75
mmJm,3,1,4,0.75
mmJn,0,2,2,0.0
mmJs,2,1,3,0.67
mmKD,1,0,1,1.0
mmKP,1,0,1,1.0
mmKh,0,1,1,0.0
mmKm,1,0,1,1.0
mmKn,1,0,1,1.0
mmKt,0,1,1,0.0
mmLB,1,4,5,0.2
mmLD,2,2,4,0.5
mmLL,1,1,2,0.5
mmLM,5,5,10,0.5
mmLN,3,4,7,0.43
mmLP,9,7,16,0.56
mmLS,2,3,5,0.4
mmLb,9,3,12,0.75
mmLh,2,1,3,0.67
mmLj,0,2,2,0.0
mmLl,2,2,4,0.5
mmLm,4,6,10,0.4
mmLn,6,5,11,0.55
mmLs,1,4,5,0.2
mmLt,0,1,1,0.0
mmMB,14,7,21,0.67
mmMD,10,8,18,0.56
mmMI,0,1,1,0.0
mmML,1,1,2,0.5
mmMM,6,25,31,0.19
mmMN,21,18,39,0.54
mmMP,19,15,34,0.56
mmMS,4,17,21,0.19
mmMb,15,21,36,0.42
mmMh,9,13,22,0.41
mmMj,1,3,4,0.25
mmMl,6,4,10,0.6
mmMm,21,19,40,0.52
mmMn,23,24,47,0.49
mmMs,16,10,26,0.62
mmMt,0,3,3,0.0
mmNB,15,14,29,0.52
mmND,7,5,12,0.58
mmNH,3,0,3,1.0
mmNK,2,1,3,0.67
mmNL,3,6,9,0.33
mmNM,13,19,32,0.41
mmNN,25,23,48,0.52
mmNP,25,30,55,0.45
mmNS,11,14,25,0.44
mmNb,13,7,20,0.65
mmNh,0,4,4,0.0
mmNl,4,0,4,1.0
mmNm,13,12,25,0.52
mmNn,23,20,43,0.53
mmNs,12,10,22,0.55
mmNt,1,7,8,0.12
mmPB,20,23,43,0.47
mmPD,3,7,10,0.3
mmPH,4,6,10,0.4
mmPI,1,2,3,0.33
mmPK,2,2,4,0.5
mmPL,7,8,15,0.47
mmPM,30,23,53,0.57
mmPN,16,21,37,0.43
mmPP,23,24,47,0.49
mmPS,17,7,24,0.71
mmPb,12,16,28,0.43
mmPh,3,2,5,0.6
mmPl,10,7,17,0.59
mmPm,22,23,45,0.49
mmPn,17,16,33,0.52
mmPs,12,4,16,0.75
mmPt,0,1,1,0.0
mmSB,10,11,21,0.48
mmSD,4,3,7,0.57
mmSH,1,5,6,0.17
mmSK,0,1,1,0.0
mmSL,4,4,8,0.5
mmSM,10,11,21,0.48
mmSN,7,7,14,0.5
mmSP,6,10,16,0.38
mmSS,5,11,16,0.31
mmSb,6,5,11,0.55
mmSh,2,4,6,0.33
mmSl,2,1,3,0.67
mmSm,12,11,23,0.52
mmSn,7,12,19,0.37
mmSs,13,3,16,0.81
mmSt,0,2,2,0.0
mmbB,16,19,35,0.46
mmbD,7,1,8,0.88
mmbH,3,2,5,0.6
mmbI,0,1,1,0.0
mmbJ,2,4,6,0.33
mmbK,0,3,3,0.0
mmbL,5,2,7,0.71
mmbM,16,21,37,0.43
mmbN,26,19,45,0.58
mmbP,20,20,40,0.5
mmbS,2,7,9,0.22
mmbb,21,17,38,0.55
mmbl,1,1,2,0.5
mmbm,10,18,28,0.36
mmbn,20,15,35,0.57
mmbs,7,2,9,0.78
mmhD,0,0,0,
mmhm,0,1,1,0.0
mmhs,0,0,0,
mmlB,2,4,6,0.33
mmlD,1,1,2,0.5
mmlH,0,1,1,0.0
mmlL,2,1,3,0.67
mmlM,1,6,7,0.14
mmlN,3,4,7,0.43
mmlP,6,4,10,0.6
mmlS,1,3,4,0.25
mmlb,2,3,5,0.4
mmll,1,0,1,1.0
mmlm,3,2,5,0.6
mmln,4,1,5,0.8
mmmB,13,17,30,0.43
mmmD,8,6,14,0.57
mmmH,16,12,28,0.57
mmmI,0,2,2,0.0
mmmJ,2,4,6,0.33
mmmK,0,0,0,
mmmL,7,2,9,0.78
mmmM,20,27,47,0.43
mmmN,18,12,30,0.6
mmmP,28,23,51,0.55
mmmS,12,5,17,0.71
mmmb,25,17,42,0.6
mmmh,0,0,0,
mmml,3,1,4,0.75
mmmm,28,13,41,0.68
mmmn,19,16,35,0.54
mmms,11,5,16,0.69
mmnB,16,12,28,0.57
mmnD,5,3,8,0.62
mmnH,5,10,15,0.33
mmnI,1,1,2,0.5
mmnK,2,1,3,0.67
mmnL,3,4,7,0.43
mmnM,15,14,29,0.52
mmnN,20,16,36,0.56
mmnP,29,27,56,0.52
mmnS,8,12,20,0.4
mmnb,18,14,32,0.56
mmnh,0,0,0,
mmnl,7,2,9,0.78
mmnm,15,10,25,0.6
mmnn,20,13,33,0.61
mmns,5,6,11,0.45
mmsB,5,4,9,0.56
mmsD,2,2,4,0.5
mmsH,7,4,11,0.64
mmsI,0,1,1,0.0
mmsL,2,2,4,0.5
mmsM,6,7,13,0.46
mmsN,5,4,9,0.56
mmsP,4,7,11,0.36
mmsS,7,13,20,0.35
mmsb,5,4,9,0.56
mmsl,3,0,3,1.0
mmsm,10,3,13,0.77
mmsn,7,6,13,0.54
mmss,1,0,1,1.0
mmst,0,0,0,
mnBB,11,6,17,0.65
mnBD,1,4,5,0.2
mnBK,3,1,4,0.75
mnBL,5,3,8,0.62
mnBM,7,10,17,0.41
mnBN,14,18,32,0.44
mnBP,13,15,28,0.46
mnBS,9,2,11,0.82
mnBb,5,11,16,0.31
mnBh,0,2,2,0.0
mnBj,5,1,6,0.83
mnBl,5,3,8,0.62
mnBm,11,10,21,0.52
mnBn,18,16,34,0.53
mnBs,9,5,14,0.64
mnBt,2,0,2,1.0
mnDB,3,2,5,0.6
mnDD,2,3,5,0.4
mnDH,6,1,7,0.86
mnDL,2,2,4,0.5
mnDM,5,4,9,0.56
mnDN,5,3,8,0.62
mnDP,6,3,9,0.67
mnDS,4,5,9,0.44
mnDb,2,0,2,1.0
mnDl,1,1,2,0.5
mnDm,5,3,8,0.62
mnDn,2,7,9,0.22
mnDs,2,1,3,0.67
mnDt,1,1,2,0.5
mnHB,3,5,8,0.38
mnHD,2,4,6,0.33
mnHH,2,0,2,1.0
mnHI,1,0,1,1.0
mnHK,0,1,1,0.0
mnHL,1,0,1,1.0
mnHM,8,8,16,0.5
mnHN,5,10,15,0.33
mnHP,8,7,15,0.53
mnHS,6,2,8,0.75
mnHb,5,6,11,0.45
mnHh,2,1,3,0.67
mnHl,2,2,4,0.5
mnHm,12,11,23,0.52
mnHn,13,7,20,0.65
mnHs,3,5,8,0.38
mnHt,0,2,2,0.0
mnIB,2,3,5,0.4
mnID,1,1,2,0.5
mnIH,2,2,4,0.5
mnIM,0,4,4,0.0
mnIN,1,2,3,0.33
mnIP,3,2,5,0.6
mnIS,2,1,3,0.67
mnIb,1,4,5,0.2
mnIm,2,1,3,0.67
mnIs,2,0,2,1.0
mnKB,0,1,1,0.0
mnKD,0,1,1,0.0
mnKH,0,1,1,0.0
mnKM,1,2,3,0.33
mnKN,1,0,1,1.0
mnKP,2,2,4,0.5
mnKS,0,0,0,
mnKb,0,1,1,0.0
mnKh,2,0,2,1.0
mnKl,0,1,1,0.0
mnKm,1,2,3,0.33
mnKn,2,1,3,0.67
mnKs,2,1,3,0.67
mnLB,3,3,6,0.5
mnLD,0,1,1,0.0
mnLL,0,1,1,0.0
mnLM,5,1,6,0.83
mnLN,4,5,9,0.44
mnLP,1,2,3,0.33
mnLS,3,1,4,0.75
mnLb,2,2,4,0.5
mnLh,2,4,6,0.33
mnLj,1,0,1,1.0
mnLl,4,1,5,0.8
mnLm,3,5,8,0.38
mnLn,4,4,8,0.5
mnLs,5,2,7,0.71
mnMB,12,11,23,0.52
mnMD,0,3,3,0.0
mnML,2,3,5,0.4
mnMM,8,8,16,0.5
mnMN,16,20,36,0.44
mnMP,20,15,35,0.57
mnMS,12,9,21,0.57
mnMb,8,12,20,0.4
mnMh,10,13,23,0.43
mnMj,1,0,1,1.0
mnMl,2,7,9,0.22
mnMm,15,10,25,0.6
mnMn,20,29,49,0.41
mnMs,16,6,22,0.73
mnMt,2,2,4,0.5
mnNB,9,13,22,0.41
mnND,3,8,11,0.27
mnNH,5,4,9,0.56
mnNK,0,1,1,0.0
mnNL,6,4,10,0.6
mnNM,15,16,31,0.48
mnNN,22,22,44,0.5
mnNP,28,24,52,0.54
mnNS,10,9,19,0.53
mnNb,8,12,20,0.4
mnNh,7,6,13,0.54
mnNl,1,5,6,0.17
mnNm,21,22,43,0.49
mnNn,21,26,47,0.45
mnNs,13,19,32,0.41
mnNt,0,2,2,0.0
mnPB,12,10,22,0.55
mnPD,6,1,7,0.86
mnPH,4,8,12,0.33
mnPI,3,2,5,0.6
mnPK,2,5,7,0.29
mnPL,12,5,17,0.71
mnPM,19,21,40,0.48
mnPN,20,24,44,0.45
mnPP,30,29,59,0.51
mnPS,20,14,34,0.59
mnPb,17,17,34,0.5
mnPh,1,3,4,0.25
mnPl,5,6,11,0.45
mnPm,23,13,36,0.64
mnPn,18,16,34,0.53
mnPs,19,16,35,0.54
mnPt,2,1,3,0.67
mnSB,7,11,18,0.39
mnSD,1,2,3,0.33
mnSH,3,1,4,0.75
mnSL,3,5,8,0.38
mnSM,7,18,25,0.28
mnSN,13,10,23,0.57
mnSP,10,6,16,0.62
mnSS,6,5,11,0.55
mnSb,5,3,8,0.62
mnSh,7,9,16,0.44
mnSl,4,1,5,0.8
mnSm,13,8,21,0.62
mnSn,18,9,27,0.67
mnSs,13,8,21,0.62
mnSt,2,1,3,0.67
mnbB,13,11,24,0.54
mnbD,2,2,4,0.5
mnbH,2,2,4,0.5
mnbJ,2,2,4,0.5
mnbK,1,2,3,0.33
mnbL,5,7,12,0.42
mnbM,11,16,27,0.41
mnbN,10,9,19,0.53
mnbP,16,12,28,0.57
mnbS,5,5,10,0.5
mnbb,23,14,37,0.62
mnbl,6,1,7,0.86
mnbm,16,8,24,0.67
mnbn,8,13,21,0.38
mnbs,2,5,7,0.29
mnhB,0,1,1,0.0
mnhP,1,0,1,1.0
mnhS,3,0,3,1.0
mnhb,0,0,0,
mnhm,0,1,1,0.0
mnhn,1,0,1,1.0
mnlB,3,3,6,0.5
mnlD,0,2,2,0.0
mnlH,3,1,4,0.75
mnlJ,0,2,2,0.0
mnlL,1,1,2,0.5
mnlM,6,3,9,0.67
mnlN,1,4,5,0.2
mnlP,0,3,3,0.0
mnlS,3,0,3,1.0
mnlb,3,2,5,0.6
mnlm,2,0,2,1.0
mnln,3,2,5,0.6
mnls,3,1,4,0.75
mnmB,21,6,27,0.78
mnmD,6,5,11,0.55
mnmH,6,9,15,0.4
mnmJ,2,3,5,0.4
mnmL,3,3,6,0.5
mnmM,11,18,29,0.38
mnmN,25,14,39,0.64
mnmP,12,15,27,0.44
mnmS,4,7,11,0.36
mnmb,11,19,30,0.37
mnmh,0,1,1,0.0
mnml,0,3,3,0.0
mnmm,10,15,25,0.4
mnmn,17,16,33,0.52
mnms,4,2,6,0.67
mnnB,7,14,21,0.33
mnnD,6,7,13,0.46
mnnH,3,5,8,0.38
mnnI,0,3,3,0.0
mnnK,1,3,4,0.25
mnnL,5,4,9,0.56
mnnM,7,15,22,0.32
mnnN,26,14,40,0.65
mnnP,17,22,39,0.44
mnnS,13,9,22,0.59
mnnb,6,10,16,0.38
mnnl,4,1,5,0.8
mnnm,13,6,19,0.68
mnnn,19,14,33,0.58
mnns,6,7,13,0.46
mnsB,5,7,12,0.42
mnsD,1,3,4,0.25
mnsH,5,7,12,0.42
mnsI,3,1,4,0.75
mnsL,3,2,5,0.6
mnsM,5,7,12,0.42
mnsN,8,9,17,0.47
mnsP,12,5,17,0.71
mnsS,5,10,15,0.33
mnsb,3,10,13,0.23
mnsh,0,1,1,0.0
mnsl,3,1,4,0.75
mnsm,11,4,15,0.73
mnsn,8,10,18,0.44
mnss,9,9,18,0.5
msBB,1,3,4,0.25
msBD,0,2,2,0.0
msBK,0,2,2,0.0
msBL,0,1,1,0.0
msBM,5,7,12,0.42
msBN,11,5,16,0.69
msBP,4,7,11,0.36
msBS,2,2,4,0.5
msBb,4,5,9,0.44
msBh,1,0,1,1.0
msBj,1,0,1,1.0
msBl,1,2,3,0.33
msBm,6,5,11,0.55
msBn,7,13,20,0.35
msBs,2,3,5,0.4
msBt,1,0,1,1.0
msDB,1,4,5,0.2
msDD,2,4,6,0.33
msDH,1,1,2,0.5
msDL,0,1,1,0.0
msDM,4,5,9,0.44
msDN,3,5,8,0.38
msDP,2,1,3,0.67
msDS,1,1,2,0.5
msDb,0,1,1,0.0
msDh,1,0,1,1.0
msDl,1,0,1,1.0
msDm,6,5,11,0.55
msDn,4,3,7,0.57
msDs,4,0,4,1.0
msHB,4,3,7,0.57
msHD,4,3,7,0.57
msHH,0,1,1,0.0
msHI,1,2,3,0.33
msHL,0,2,2,0.0
msHM,7,3,10,0.7
msHN,9,6,15,0.6
msHP,7,7,14,0.5
msHS,9,5,14,0.64
msHb,3,3,6,0.5
msHh,1,5,6,0.17
msHl,0,1,1,0.0
msHm,7,9,16,0.44
msHn,5,4,9,0.56
msHs,9,3,12,0.75
msIB,0,0,0,
msIH,0,1,1,0.0
msIM,0,3,3,0.0
msIN,0,1,1,0.0
msIP,1,0,1,1.0
msIS,2,0,2,1.0
msIb,0,3,3,0.0
msIm,0,0,0,
msIn,0,1,1,0.0
msIs,1,1,2,0.5
msKb,0,1,1,0.0
msKh,1,1,2,0.5
msLB,2,2,4,0.5
msLD,0,0,0,
msLK,1,0,1,1.0
msLL,0,2,2,0.0
msLM,1,3,4,0.25
msLN,2,3,5,0.4
msLP,1,1,2,0.5
msLS,1,3,4,0.25
msLb,1,2,3,0.33
msLh,0,0,0,
msLl,0,1,1,0.0
msLm,4,4,8,0.5
msLn,2,3,5,0.4
msLs,3,1,4,0.75
msLt,0,1,1,0.0
msMB,6,8,14,0.43
msMD,3,2,5,0.6
msML,2,1,3,0.67
msMM,6,10,16,0.38
msMN,8,7,15,0.53
msMP,6,11,17,0.35
msMS,5,5,10,0.5
msMb,4,7,11,0.36
msMh,6,7,13,0.46
msMj,0,2,2,0.0
msMl,1,1,2,0.5
msMm,7,4,11,0.64
msMn,13,12,25,0.52
msMs,6,6,12,0.5
msMt,1,0,1,1.0
msNB,3,8,11,0.27
msND,3,3,6,0.5
msNH,2,0,2,1.0
msNK,0,1,1,0.0
msNL,5,2,7,0.71
msNM,9,5,14,0.64
msNN,8,6,14,0.57
msNP,11,12,23,0.48
msNS,9,2,11,0.82
msNb,4,4,8,0.5
msNh,3,2,5,0.6
msNl,0,2,2,0.0
msNm,11,9,20,0.55
msNn,12,9,21,0.57
msNs,8,6,14,0.57
msPB,6,7,13,0.46
msPD,2,4,6,0.33
msPH,1,4,5,0.2
msPI,1,0,1,1.0
msPK,0,5,5,0.0
msPL,5,4,9,0.56
msPM,6,5,11,0.55
msPN,9,9,18,0.5
msPP,5,7,12,0.42
msPS,4,8,12,0.33
msPb,5,8,13,0.38
msPh,0,1,1,0.0
msPl,4,3,7,0.57
msPm,9,11,20,0.45
msPn,5,8,13,0.38
msPs,4,6,10,0.4
msPt,0,2,2,0.0
msSB,7,6,13,0.54
msSD,1,5,6,0.17
msSH,3,0,3,1.0
msSK,0,1,1,0.0
msSL,2,1,3,0.67
msSM,6,8,14,0.43
msSN,9,4,13,0.69
msSP,5,11,16,0.31
msSS,7,4,11,0.64
msSb,1,6,7,0.14
msSh,5,5,10,0.5
msSl,2,0,2,1.0
msSm,2,9,11,0.18
msSn,8,8,16,0.5
msSs,6,8,14,0.43
msSt,3,1,4,0.75
msbB,3,7,10,0.3
msbD,1,2,3,0.33
msbH,1,2,3,0.33
msbJ,2,2,4,0.5
msbK,1,1,2,0.5
msbL,1,1,2,0.5
msbM,8,4,12,0.67
msbN,8,9,17,0.47
msbP,9,3,12,0.75
msbS,6,1,7,0.86
msbb,7,3,10,0.7
msbl,3,1,4,0.75
msbm,5,2,7,0.71
msbn,2,5,7,0.29
msbs,1,1,2,0.5
mshH,0,0,0,
mshM,0,1,1,0.0
mshP,0,2,2,0.0
mshS,0,1,1,0.0
mshl,1,1,2,0.5
mshm,0,0,0,
mslB,3,2,5,0.6
mslD,0,0,0,
mslH,0,1,1,0.0
mslJ,1,0,1,1.0
mslL,0,1,1,0.0
mslM,1,1,2,0.5
mslN,2,1,3,0.67
mslP,3,2,5,0.6
mslS,3,1,4,0.75
mslb,0,1,1,0.0
msll,0,1,1,0.0
mslm,5,0,5,1.0
msln,1,3,4,0.25
msls,1,1,2,0.5
msmB,8,8,16,0.5
msmD,7,1,8,0.88
msmH,6,7,13,0.46
msmJ,0,1,1,0.0
msmL,1,3,4,0.25
msmM,11,11,22,0.5
msmN,7,10,17,0.41
msmP,11,9,20,0.55
msmS,7,7,14,0.5
msmb,4,4,8,0.5
msml,1,1,2,0.5
msmm,11,8,19,0.58
msmn,10,7,17,0.59
msms,5,5,10,0.5
msnB,5,7,12,0.42
msnD,4,5,9,0.44
msnH,3,3,6,0.5
msnI,0,1,1,0.0
msnK,1,0,1,1.0
msnL,0,3,3,0.0
msnM,8,10,18,0.44
msnN,10,7,17,0.59
msnP,7,8,15,0.47
msnS,10,7,17,0.59
msnb,6,9,15,0.4
msnl,4,0,4,1.0
msnm,9,7,16,0.56
msnn,8,7,15,0.53
msns,4,5,9,0.44
mssB,6,2,8,0.75
mssD,3,2,5,0.6
mssH,5,6,11,0.45
mssI,0,0,0,
mssL,1,1,2,0.5
mssM,3,4,7,0.43
mssN,9,10,19,0.47
mssP,6,6,12,0.5
mssS,5,6,11,0.45
mssb,4,4,8,0.5
mssh,0,3,3,0.0
mssl,2,0,2,1.0
mssm,4,3,7,0.57
mssn,3,3,6,0.5
msss,5,4,9,0.56
mstD,0,0,0,
mstb,0,1,1,0.0
mtbB,0,1,1,0.0
nBBB,4,4,8,0.5
nBBD,1,3,4,0.25
nBBI,0,1,1,0.0
nBBK,2,1,3,0.67
nBBL,1,3,4,0.25
nBBM,4,8,12,0.33
nBBN,7,7,14,0.5
nBBP,16,14,30,0.53
nBBS,5,4,9,0.56
nBBb,7,9,16,0.44
nBBj,0,1,1,0.0
nBBl,2,1,3,0.67
nBBm,16,15,31,0.52
nBBn,14,10,24,0.58
nBBs,7,7,14,0.5
nBBt,0,1,1,0.0
nBDH,2,3,5,0.4
nBDL,0,2,2,0.0
nBDM,1,3,4,0.25
nBDN,0,2,2,0.0
nBDP,1,3,4,0.25
nBDS,1,1,2,0.5
nBDb,2,3,5,0.4
nBDl,2,0,2,1.0
nBDm,5,2,7,0.71
nBDn,2,5,7,0.29
nBDs,1,2,3,0.33
nBHH,0,0,0,
nBHP,1,0,1,1.0
nBHs,1,0,1,1.0
nBKB,1,1,2,0.5
nBKL,0,1,1,0.0
nBKM,1,3,4,0.25
nBKN,1,1,2,0.5
nBKP,1,2,3,0.33
nBKS,1,1,2,0.5
nBKb,1,1,2,0.5
nBKh,0,1,1,0.0
nBKl,0,1,1,0.0
nBKm,2,0,2,1.0
nBKn,0,2,2,0.0
nBKs,1,0,1,1.0
nBLB,4,2,6,0.67
nBLD,0,1,1,0.0
nBLL,0,0,0,
nBLM,4,2,6,0.67
nBLN,3,4,7,0.43
nBLP,7,3,10,0.7
nBLS,2,1,3,0.67
nBLb,5,5,10,0.5
nBLh,2,2,4,0.5
nBLj,1,0,1,1.0
nBLl,1,1,2,0.5
nBLm,4,4,8,0.5
nBLn,0,4,4,0.0
nBLs,3,0,3,1.0
nBLt,1,1,2,0.5
nBMB,2,10,12,0.17
nBMD,2,1,3,0.67
nBML,2,2,4,0.5
nBMM,7,4,11,0.64
nBMN,8,7,15,0.53
nBMP,13,7,20,0.65
nBMS,3,1,4,0.75
nBMb,7,9,16,0.44
nBMh,8,8,16,0.5
nBMj,0,1,1,0.0
nBMl,2,4,6,0.33
nBMm,15,14,29,0.52
nBMn,11,9,20,0.55
nBMs,2,7,9,0.22
nBMt,2,0,2,1.0
nBNB,13,10,23,0.57
nBND,4,2,6,0.67
nBNH,2,1,3,0.67
nBNK,1,1,2,0.5
nBNL,3,5,8,0.38
nBNM,10,18,28,0.36
nBNN,14,16,30,0.47
nBNP,12,18,30,0.4
nBNS,6,12,18,0.33
nBNb,7,13,20,0.35
nBNh,2,3,5,0.4
nBNl,3,4,7,0.43
nBNm,12,11,23,0.52
nBNn,20,18,38,0.53
nBNs,8,11,19,0.42
nBNt,2,2,4,0.5
nBPB,10,10,20,0.5
nBPD,2,2,4,0.5
nBPH,4,5,9,0.44
nBPI,3,1,4,0.75
nBPK,1,3,4,0.25
nBPL,5,5,10,0.5
nBPM,12,14,26,0.46
nBPN,16,18,34,0.47
nBPP,15,21,36,0.42
nBPS,9,6,15,0.6
nBPb,10,14,24,0.42
nBPh,4,3,7,0.57
nBPl,3,4,7,0.43
nBPm,16,17,33,0.48
nBPn,15,13,28,0.54
nBPs,11,5,16,0.69
nBPt,0,1,1,0.0
nBSB,1,6,7,0.14
nBSD,1,1,2,0.5
nBSH,3,4,7,0.43
nBSL,1,4,5,0.2
nBSM,6,7,13,0.46
nBSN,9,10,19,0.47
nBSP,5,5,10,0.5
nBSS,13,8,21,0.62
nBSb,3,4,7,0.43
nBSh,0,2,2,0.0
nBSl,2,2,4,0.5
nBSm,1,2,3,0.33
nBSn,9,3,12,0.75
nBSs,8,4,12,0.67
nBSt,0,0,0,
nBbB,8,11,19,0.42
nBbD,2,1,3,0.67
nBbH,2,1,3,0.67
nBbI,0,1,1,0.0
nBbJ,2,5,7,0.29
nBbK,2,0,2,1.0
nBbL,2,4,6,0.33
nBbM,6,10,16,0.38
nBbN,4,12,16,0.25
nBbP,11,13,24,0.46
nBbS,3,8,11,0.27
nBbb,6,12,18,0.33
nBbl,1,1,2,0.5
nBbm,7,9,16,0.44
nBbn,12,12,24,0.5
nBbs,3,2,5,0.6
nBhB,0,0,0,
nBhD,0,1,1,0.0
nBhH,0,1,1,0.0
nBhL,0,1,1,0.0
nBhM,1,0,1,1.0
nBhN,0,1,1,0.0
nBhP,1,1,2,0.5
nBhb,0,3,3,0.0
nBhh,0,0,0,
nBhl,1,0,1,1.0
nBhm,1,0,1,1.0
nBhn,3,2,5,0.6
nBjB,2,4,6,0.33
nBjH,1,0,1,1.0
nBjL,1,1,2,0.5
nBjM,2,2,4,0.5
nBjN,3,2,5,0.6
nBjP,1,3,4,0.25
nBjS,2,1,3,0.67
nBjb,1,0,1,1.0
nBjh,1,0,1,1.0
nBjm,2,1,3,0.67
nBjn,2,2,4,0.5
nBjs,1,1,2,0.5
nBjt,0,1,1,0.0
nBlB,3,1,4,0.75
nBlD,2,0,2,1.0
nBlH,1,1,2,0.5
nBlI,1,1,2,0.5
nBlJ,1,1,2,0.5
nBlK,0,1,1,0.0
nBlL,2,1,3,0.67
nBlM,3,3,6,0.5
nBlN,2,4,6,0.33
nBlP,2,5,7,0.29
nBlS,5,1,6,0.83
nBlb,3,2,5,0.6
nBll,1,0,1,1.0
nBlm,3,2,5,0.6
nBln,1,1,2,0.5
nBls,1,3,4,0.25
nBmB,11,6,17,0.65
nBmD,3,4,7,0.43
nBmH,10,8,18,0.56
nBmJ,5,0,5,1.0
nBmK,0,1,1,0.0
nBmL,2,4,6,0.33
nBmM,15,11,26,0.58
nBmN,12,15,27,0.44
nBmP,12,10,22,0.55
nBmS,9,2,11,0.82
nBmb,11,7,18,0.61
nBml,2,3,5,0.4
nBmm,12,11,23,0.52
nBmn,7,8,15,0.47
nBms,4,3,7,0.57
nBnB,11,11,22,0.5
nBnD,5,1,6,0.83
nBnH,12,9,21,0.57
nBnI,2,2,4,0.5
nBnK,1,2,3,0.33
nBnL,5,2,7,0.71
nBnM,16,13,29,0.55
nBnN,16,21,37,0.43
nBnP,21,26,47,0.45
nBnS,7,10,17,0.41
nBnb,8,9,17,0.47
nBnh,0,0,0,
nBnl,1,6,7,0.14
nBnm,21,11,32,0.66
nBnn,14,20,34,0.41
nBns,11,7,18,0.61
nBsB,1,3,4,0.25
nBsD,2,1,3,0.67
nBsH,3,5,8,0.38
nBsI,2,0,2,1.0
nBsL,0,1,1,0.0
nBsM,4,8,12,0.33
nBsN,5,6,11,0.45
nBsP,12,6,18,0.67
nBsS,6,3,9,0.67
nBsb,8,2,10,0.8
nBsl,2,2,4,0.5
nBsm,5,6,11,0.45
nBsn,6,8,14,0.43
nBss,4,1,5,0.8
nBtB,1,0,1,1.0
nBtD,0,0,0,
nBtH,0,1,1,0.0
nBtM,0,3,3,0.0
nBtN,1,2,3,0.33
nBtP,2,1,3,0.67
nBtS,2,0,2,1.0
nBtm,1,2,3,0.33
nBtn,1,1,2,0.5
nBts,2,1,3,0.67
nBtt,1,0,1,1.0
nDBB,5,3,8,0.62
nDBD,1,0,1,1.0
nDBK,1,0,1,1.0
nDBL,1,1,2,0.5
nDBM,2,5,7,0.29
nDBN,1,3,4,0.25
nDBP,2,4,6,0.33
nDBS,4,3,7,0.57
nDBl,2,2,4,0.5
nDBm,8,3,11,0.73
nDBn,5,2,7,0.71
nDBs,0,1,1,0.0
nDDB,3,1,4,0.75
nDDD,2,0,2,1.0
nDDI,1,0,1,1.0
nDDL,1,0,1,1.0
nDDM,4,3,7,0.57
nDDN,3,2,5,0.6
nDDP,2,1,3,0.67
nDDS,0,1,1,0.0
nDDb,1,1,2,0.5
nDDm,4,1,5,0.8
nDDn,0,3,3,0.0
nDDs,0,1,1,0.0
nDHB,2,1,3,0.67
nDHD,2,0,2,1.0
nDHH,1,1,2,0.5
nDHL,3,0,3,1.0
nDHM,5,3,8,0.62
nDHN,5,0,5,1.0
nDHP,5,3,8,0.62
nDHS,6,4,10,0.6
nDHb,1,3,4,0.25
nDHh,6,2,8,0.75
nDHl,0,1,1,0.0
nDHm,5,1,6,0.83
nDHn,4,2,6,0.67
nDHs,0,0,0,
nDIB,0,1,1,0.0
nDID,0,0,0,
nDIs,2,0,2,1.0
nDKP,1,0,1,1.0
nDKs,0,0,0,
nDLB,2,2,4,0.5
nDLK,0,1,1,0.0
nDLL,0,2,2,0.0
nDLM,0,2,2,0.0
nDLN,2,1,3,0.67
nDLP,0,1,1,0.0
nDLS,1,1,2,0.5
nDLb,0,3,3,0.0
nDLh,0,1,1,0.0
nDLl,0,1,1,0.0
nDLm,3,0,3,1.0
nDLn,3,0,3,1.0
nDLs,0,1,1,0.0
nDLt,0,1,1,0.0
nDMB,4,9,13,0.31
nDML,2,1,3,0.67
nDMM,2,7,9,0.22
nDMN,4,4,8,0.5
nDMP,6,4,10,0.6
nDMS,7,6,13,0.54
nDMb,4,1,5,0.8
nDMh,3,1,4,0.75
nDMl,1,1,2,0.5
nDMm,6,4,10,0.6
nDMn,1,6,7,0.14
nDMs,2,2,4,0.5
nDNB,0,4,4,0.0
nDND,1,2,3,0.33
nDNK,0,1,1,0.0
nDNM,2,6,8,0.25
nDNN,4,4,8,0.5
nDNP,4,4,8,0.5
nDNS,4,1,5,0.8
nDNb,1,0,1,1.0
nDNh,0,0,0,
nDNl,1,3,4,0.25
nDNm,1,3,4,0.25
nDNn,10,6,16,0.62
nDNs,1,2,3,0.33
nDNt,0,1,1,0.0
nDPB,0,7,7,0.0
nDPD,1,0,1,1.0
nDPH,0,1,1,0.0
nDPI,0,1,1,0.0
nDPK,1,0,1,1.0
nDPL,2,5,7,0.29
nDPM,2,6,8,0.25
nDPN,0,3,3,0.0
nDPP,2,3,5,0.4
nDPS,2,4,6,0.33
nDPb,4,5,9,0.44
nDPh,0,1,1,0.0
nDPl,0,2,2,0.0
nDPm,6,7,13,0.46
nDPn,9,4,13,0.69
nDPs,5,5,10,0.5
nDPt,1,0,1,1.0
nDSB,0,3,3,0.0
nDSD,1,1,2,0.5
nDSH,2,0,2,1.0
nDSL,1,0,1,1.0
nDSM,3,2,5,0.6
nDSN,1,3,4,0.25
nDSP,2,6,8,0.25
nDSS,7,2,9,0.78
nDSb,5,4,9,0.56
nDSh,3,1,4,0.75
nDSl,2,2,4,0.5
nDSm,1,4,5,0.2
nDSn,3,2,5,0.6
nDSs,4,5,9,0.44
nDSt,0,2,2,0.0
nDbB,3,2,5,0.6
nDbD,1,0,1,1.0
nDbH,1,0,1,1.0
nDbI,1,0,1,1.0
nDbJ,1,0,1,1.0
nDbK,1,1,2,0.5
nDbL,2,0,2,1.0
nDbM,3,2,5,0.6
nDbN,2,3,5,0.4
nDbP,7,3,10,0.7
nDbS,2,2,4,0.5
nDbb,1,1,2,0.5
nDbm,1,0,1,1.0
nDbn,2,2,4,0.5
nDbs,0,4,4,0.0
nDhN,0,1,1,0.0
nDhn,1,0,1,1.0
nDlB,2,0,2,1.0
nDlD,0,0,0,
nDlH,1,0,1,1.0
nDlI,0,0,0,
nDlJ,0,2,2,0.0
nDlM,0,1,1,0.0
nDlN,2,0,2,1.0
nDlP,1,0,1,1.0
nDlS,1,0,1,1.0
nDlb,3,1,4,0.75
nDll,0,1,1,0.0
nDlm,1,0,1,1.0
nDln,1,1,2,0.5
nDls,0,1,1,0.0
nDmB,3,4,7,0.43
nDmD,2,2,4,0.5
nDmH,3,2,5,0.6
nDmJ,1,1,2,0.5
nDmL,1,0,1,1.0
nDmM,3,6,9,0.33
nDmN,5,3,8,0.62
nDmP,4,6,10,0.4
nDmS,3,2,5,0.6
nDmb,4,5,9,0.44
nDml,1,0,1,1.0
nDmm,6,5,11,0.55
nDmn,2,2,4,0.5
nDms,6,2,8,0.75
nDnB,2,5,7,0.29
nDnD,2,1,3,0.67
nDnH,2,1,3,0.67
nDnI,1,1,2,0.5
nDnL,1,0,1,1.0
nDnM,1,5,6,0.17
nDnN,4,4,8,0.5
nDnP,3,7,10,0.3
nDnS,4,3,7,0.57
nDnb,4,2,6,0.67
nDnl,2,1,3,0.67
nDnm,4,3,7,0.57
nDnn,4,3,7,0.57
nDns,1,2,3,0.33
nDsB,1,2,3,0.33
nDsD,2,2,4,0.5
nDsH,4,5,9,0.44
nDsL,1,3,4,0.25
nDsM,1,5,6,0.17
nDsN,5,2,7,0.71
nDsP,2,1,3,0.67
nDsS,2,2,4,0.5
nDsb,3,1,4,0.75
nDsh,0,1,1,0.0
nDsl,0,1,1,0.0
nDsm,2,7,9,0.22
nDsn,3,5,8,0.38
nDss,2,4,6,0.33
nDtB,0,0,0,
nDtM,0,0,0,
nDtN,1,1,2,0.5
nDtP,1,0,1,1.0
nDtm,1,0,1,1.0
nDtn,0,1,1,0.0
nHBB,6,3,9,0.67
nHBL,0,2,2,0.0
nHBM,2,6,8,0.25
nHBN,6,10,16,0.38
nHBP,9,8,17,0.53
nHBS,2,2,4,0.5
nHBb,7,6,13,0.54
nHBj,2,0,2,1.0
nHBl,5,2,7,0.71
nHBm,7,5,12,0.58
nHBn,4,9,13,0.31
nHBs,3,4,7,0.43
nHBt,0,1,1,0.0
nHDB,1,0,1,1.0
nHDD,0,1,1,0.0
nHDH,2,2,4,0.5
nHDM,2,2,4,0.5
nHDN,2,1,3,0.67
nHDP,0,1,1,0.0
nHDS,2,2,4,0.5
nHDb,1,2,3,0.33
nHDm,3,2,5,0.6
nHDn,6,1,7,0.86
nHDs,1,3,4,0.25
nHHB,0,1,1,0.0
nHHH,0,1,1,0.0
nHHL,1,0,1,1.0
nHHM,2,3,5,0.4
nHHN,2,0,2,1.0
nHHP,2,1,3,0.67
nHHS,0,2,2,0.0
nHHb,1,0,1,1.0
nHHh,0,2,2,0.0
nHHm,0,1,1,0.0
nHHn,1,0,1,1.0
nHHs,0,2,2,0.0
nHIB,0,1,1,0.0
nHID,1,1,2,0.5
nHIL,0,1,1,0.0
nHIM,1,2,3,0.33
nHIN,2,0,2,1.0
nHIP,1,1,2,0.5
nHIS,0,0,0,
nHIb,0,1,1,0.0
nHIm,1,0,1,1.0
nHIs,1,2,3,0.33
nHKB,1,0,1,1.0
nHKM,0,1,1,0.0
nHKN,1,0,1,1.0
nHKP,1,0,1,1.0
nHKS,2,0,2,1.0
nHKb,0,1,1,0.0
nHKh,2,0,2,1.0
nHKt,1,0,1,1.0
nHLB,3,0,3,1.0
nHLD,1,0,1,1.0
nHLL,0,0,0,
nHLM,1,3,4,0.25
nHLN,0,4,4,0.0
nHLP,3,1,4,0.75
nHLS,1,3,4,0.25
nHLb,0,2,2,0.0
nHLh,0,2,2,0.0
nHLj,2,0,2,1.0
nHLl,1,1,2,0.5
nHLm,3,1,4,0.75
nHLn,2,2,4,0.5
nHLs,2,0,2,1.0
nHMB,8,2,10,0.8
nHMD,2,3,5,0.4
nHML,2,1,3,0.67
nHMM,6,3,9,0.67
nHMN,10,8,18,0.56
nHMP,7,12,19,0.37
nHMS,5,2,7,0.71
nHMb,5,7,12,0.42
nHMh,8,5,13,0.62
nHMj,0,1,1,0.0
nHMl,2,4,6,0.33
nHMm,9,8,17,0.53
nHMn,11,8,19,0.58
nHMs,3,5,8,0.38
nHMt,2,3,5,0.4
nHNB,3,7,10,0.3
nHND,2,1,3,0.67
nHNH,2,4,6,0.33
nHNK,0,2,2,0.0
nHNL,1,2,3,0.33
nHNM,7,8,15,0.47
nHNN,11,8,19,0.58
nHNP,3,14,17,0.18
nHNS,5,13,18,0.28
nHNb,7,8,15,0.47
nHNh,4,4,8,0.5
nHNl,5,0,5,1.0
nHNm,12,7,19,0.63
nHNn,16,12,28,0.57
nHNs,5,4,9,0.56
nHNt,2,0,2,1.0
nHPB,5,8,13,0.38
nHPD,5,2,7,0.71
nHPH,4,5,9,0.44
nHPK,0,0,0,
nHPL,6,3,9,0.67
nHPM,16,8,24,0.67
nHPN,7,13,20,0.35
nHPP,16,13,29,0.55
nHPS,10,7,17,0.59
nHPb,11,6,17,0.65
nHPh,0,1,1,0.0
nHPl,5,3,8,0.62
nHPm,8,8,16,0.5
nHPn,9,10,19,0.47
nHPs,7,5,12,0.58
nHSB,4,4,8,0.5
nHSD,2,4,6,0.33
nHSH,1,3,4,0.25
nHSI,0,0,0,
nHSL,0,2,2,0.0
nHSM,2,9,11,0.18
nHSN,3,6,9,0.33
nHSP,9,9,18,0.5
nHSS,4,11,15,0.27
nHSb,2,3,5,0.4
nHSh,2,3,5,0.4
nHSl,0,1,1,0.0
nHSm,7,5,12,0.58
nHSn,11,3,14,0.79
nHSs,5,6,11,0.45
nHbB,5,6,11,0.45
nHbD,1,1,2,0.5
nHbH,0,1,1,0.0
nHbJ,1,3,4,0.25
nHbL,1,6,7,0.14
nHbM,7,5,12,0.58
nHbN,6,8,14,0.43
nHbP,11,6,17,0.65
nHbS,5,5,10,0.5
nHbb,8,6,14,0.57
nHbh,0,1,1,0.0
nHbl,4,1,5,0.8
nHbm,5,4,9,0.56
nHbn,5,5,10,0.5
nHbs,4,5,9,0.44
nHhB,4,0,4,1.0
nHhD,0,0,0,
nHhI,0,0,0,
nHhM,4,6,10,0.4
nHhN,4,2,6,0.67
nHhP,4,6,10,0.4
nHhS,3,2,5,0.6
nHhb,3,3,6,0.5
nHhh,6,1,7,0.86
nHhl,2,0,2,1.0
nHhm,3,2,5,0.6
nHhn,5,2,7,0.71
nHhs,0,1,1,0.0
nHlB,0,0,0,
nHlH,1,0,1,1.0
nHlJ,0,1,1,0.0
nHlK,1,0,1,1.0
nHlL,0,3,3,0.0
nHlM,2,1,3,0.67
nHlN,2,2,4,0.5
nHlP,4,3,7,0.57
nHlS,1,1,2,0.5
nHlb,1,1,2,0.5
nHll,1,2,3,0.33
nHlm,2,4,6,0.33
nHln,1,0,1,1.0
nHls,2,1,3,0.67
nHmB,7,4,11,0.64
nHmD,4,0,4,1.0
nHmH,10,8,18,0.56
nHmI,2,0,2,1.0
nHmJ,0,1,1,0.0
nHmL,4,2,6,0.67
nHmM,6,11,17,0.35
nHmN,11,14,25,0.44
nHmP,11,4,15,0.73
nHmS,8,7,15,0.53
nHmb,2,8,10,0.2
nHml,2,1,3,0.67
nHmm,10,4,14,0.71
nHmn,8,8,16,0.5
nHms,5,3,8,0.62
nHnB,7,8,15,0.47
nHnD,1,3,4,0.25
nHnH,9,7,16,0.56
nHnI,0,1,1,0.0
nHnK,0,0,0,
nHnL,3,1,4,0.75
nHnM,10,11,21,0.48
nHnN,11,1,12,0.92
nHnP,10,8,18,0.56
nHnS,8,8,16,0.5
nHnb,3,6,9,0.33
nHnl,2,3,5,0.4
nHnm,9,5,14,0.64
nHnn,9,12,21,0.43
nHns,9,8,17,0.53
nHsB,1,1,2,0.5
nHsD,3,3,6,0.5
nHsH,4,2,6,0.67
nHsL,3,1,4,0.75
nHsM,3,6,9,0.33
nHsN,1,2,3,0.33
nHsP,8,4,12,0.67
nHsS,3,4,7,0.43
nHsb,2,2,4,0.5
nHsh,1,0,1,1.0
nHsl,0,1,1,0.0
nHsm,6,3,9,0.67
nHsn,3,8,11,0.27
nHss,7,6,13,0.54
nHtN,0,1,1,0.0
nHtP,0,1,1,0.0
nHtS,1,0,1,1.0
nHtb,0,1,1,0.0
nHtm,1,0,1,1.0
nHtn,1,1,2,0.5
nHts,0,2,2,0.0
nIBB,2,1,3,0.67
nIBD,1,0,1,1.0
nIBK,0,2,2,0.0
nIBM,0,2,2,0.0
nIBN,1,2,3,0.33
nIBP,3,3,6,0.5
nIBS,1,0,1,1.0
nIBb,0,1,1,0.0
nIBj,2,0,2,1.0
nIBm,0,2,2,0.0
nIBn,4,3,7,0.57
nIBs,2,1,3,0.67
nIDB,2,1,3,0.67
nIDD,0,0,0,
nIDH,1,0,1,1.0
nIDL,1,0,1,1.0
nIDM,0,2,2,0.0
nIDN,1,2,3,0.33
nIDP,1,1,2,0.5
nIDb,1,0,1,1.0
nIDh,0,1,1,0.0
nIDm,2,1,3,0.67
nIDn,0,1,1,0.0
nIDs,1,0,1,1.0
nIHB,3,1,4,0.75
nIHH,0,0,0,
nIHK,1,0,1,1.0
nIHL,0,1,1,0.0
nIHM,2,4,6,0.33
nIHN,0,0,0,
nIHP,1,1,2,0.5
nIHS,0,1,1,0.0
nIHb,2,1,3,0.67
nIHh,2,0,2,1.0
nIHm,2,2,4,0.5
nIHn,1,1,2,0.5
nIHs,1,3,4,0.25
nIIl,0,1,1,0.0
nIIm,1,0,1,1.0
nIIs,0,0,0,
nILK,2,0,2,1.0
nILL,1,1,2,0.5
nILN,1,0,1,1.0
nILP,0,1,1,0.0
nILS,1,1,2,0.5
nILb,0,0,0,
nILm,1,1,2,0.5
nILs,1,0,1,1.0
nIMB,1,2,3,0.33
nIMD,0,2,2,0.0
nIML,1,2,3,0.33
nIMM,1,6,7,0.14
nIMN,4,3,7,0.57
nIMP,3,4,7,0.43
nIMS,0,1,1,0.0
nIMb,3,2,5,0.6
nIMh,2,0,2,1.0
nIMm,3,3,6,0.5
nIMn,1,3,4,0.25
nIMs,2,1,3,0.67
nIMt,0,1,1,0.0
nINB,1,1,2,0.5
nINH,1,2,3,0.33
nINM,0,3,3,0.0
nINN,4,4,8,0.5
nINP,2,5,7,0.29
nINS,0,1,1,0.0
nINb,3,3,6,0.5
nINh,1,0,1,1.0
nINm,0,1,1,0.0
nINn,1,1,2,0.5
nINs,0,1,1,0.0
nINt,1,0,1,1.0
nIPB,4,0,4,1.0
nIPH,1,1,2,0.5
nIPK,1,1,2,0.5
nIPL,1,0,1,1.0
nIPM,3,4,7,0.43
nIPN,3,4,7,0.43
nIPP,3,3,6,0.5
nIPS,1,0,1,1.0
nIPb,0,2,2,0.0
nIPm,3,4,7,0.43
nIPn,0,4,4,0.0
nIPs,1,1,2,0.5
nIPt,0,2,2,0.0
nISB,0,0,0,
nISD,1,0,1,1.0
nISH,0,0,0,
nISL,2,0,2,1.0
nISM,2,3,5,0.4
nISN,2,0,2,1.0
nISP,1,0,1,1.0
nISb,0,0,0,
nISh,0,1,1,0.0
nISl,0,1,1,0.0
nISm,0,1,1,0.0
nISn,2,1,3,0.67
nISs,0,1,1,0.0
nIbD,0,0,0,
nIbH,1,0,1,1.0
nIbJ,0,2,2,0.0
nIbL,1,2,3,0.33
nIbM,0,3,3,0.0
nIbN,2,3,5,0.4
nIbP,3,2,5,0.6
nIbS,2,1,3,0.67
nIbb,0,2,2,0.0
nIbl,1,0,1,1.0
nIbm,1,1,2,0.5
nIbn,0,2,2,0.0
nIbs,1,0,1,1.0
nIhh,1,0,1,1.0
nIlB,1,0,1,1.0
nIlD,1,0,1,1.0
nIlM,0,0,0,
nIlP,1,0,1,1.0
nIlS,1,0,1,1.0
nIll,1,0,1,1.0
nIlm,1,0,1,1.0
nImB,2,3,5,0.4
nImD,1,0,1,1.0
nImH,1,1,2,0.5
nImM,2,2,4,0.5
nImN,3,1,4,0.75
nImP,3,4,7,0.43
nImS,1,0,1,1.0
nImb,1,1,2,0.5
nImm,2,0,2,1.0
nImn,5,1,6,0.83
nIms,0,3,3,0.0
nInB,1,1,2,0.5
nInD,0,1,1,0.0
nInH,1,0,1,1.0
nInL,0,1,1,0.0
nInM,1,4,5,0.2
nInN,3,1,4,0.75
nInP,4,2,6,0.67
nInS,1,3,4,0.25
nInb,0,0,0,
nInl,1,0,1,1.0
nInm,2,4,6,0.33
nInn,2,0,2,1.0
nIns,1,0,1,1.0
nIsB,1,1,2,0.5
nIsH,0,3,3,0.0
nIsL,1,0,1,1.0
nIsM,0,1,1,0.0
nIsN,3,1,4,0.75
nIsP,1,2,3,0.33
nIsS,2,1,3,0.67
nIsb,1,0,1,1.0
nIsm,0,1,1,0.0
nIsn,0,0,0,
nIss,1,1,2,0.5
nItb,1,0,1,1.0
nKBB,0,1,1,0.0
nKBK,1,0,1,1.0
nKBL,0,1,1,0.0
nKBM,1,0,1,1.0
nKBN,0,1,1,0.0
nKBP,1,1,2,0.5
nKBb,1,1,2,0.5
nKBh,0,1,1,0.0
nKBm,3,1,4,0.75
nKBn,2,2,4,0.5
nKBs,1,1,2,0.5
nKDB,0,1,1,0.0
nKDM,1,2,3,0.33
nKDN,1,0,1,1.0
nKDb,1,0,1,1.0
nKDm,0,2,2,0.0
nKDs,0,0,0,
nKHN,1,0,1,1.0
nKHS,1,0,1,1.0
nKHb,1,0,1,1.0
nKHn,0,2,2,0.0
nKHs,1,0,1,1.0
nKIL,0,0,0,
nKIP,0,1,1,0.0
nKIb,1,0,1,1.0
nKLB,0,1,1,0.0
nKLD,1,0,1,1.0
nKLL,0,1,1,0.0
nKLM,0,1,1,0.0
nKLP,1,0,1,1.0
nKLS,1,0,1,1.0
nKLb,0,1,1,0.0
nKLm,1,0,1,1.0
nKMB,2,0,2,1.0
nKMD,0,1,1,0.0
nKMM,3,1,4,0.75
nKMN,2,1,3,0.67
nKMP,4,1,5,0.8
nKMS,0,0,0,
nKMb,1,1,2,0.5
nKMh,2,0,2,1.0
nKMl,0,1,1,0.0
nKMm,3,3,6,0.5
nKMn,2,4,6,0.33
nKMs,2,2,4,0.5
nKNB,1,0,1,1.0
nKNH,1,0,1,1.0
nKNK,0,1,1,0.0
nKNL,0,0,0,
nKNM,1,0,1,1.0
nKNN,1,1,2,0.5
nKNP,0,3,3,0.0
nKNS,0,0,0,
nKNb,3,0,3,1.0
nKNl,1,0,1,1.0
nKNm,1,1,2,0.5
nKNn,2,0,2,1.0
nKNs,2,2,4,0.5
nKPB,1,1,2,0.5
nKPH,0,1,1,0.0
nKPM,0,3,3,0.0
nKPN,2,0,2,1.0
nKPP,1,3,4,0.25
nKPS,0,0,0,
nKPb,0,2,2,0.0
nKPh,1,0,1,1.0
nKPl,2,0,2,1.0
nKPm,4,2,6,0.67
nKPs,2,0,2,1.0
nKPt,0,1,1,0.0
nKSD,0,0,0,
nKSH,0,0,0,
nKSK,0,1,1,0.0
nKSM,1,1,2,0.5
nKSP,1,1,2,0.5
nKSS,0,1,1,0.0
nKSb,1,0,1,1.0
nKSh,1,2,3,0.33
nKSm,1,1,2,0.5
nKSs,1,2,3,0.33
nKSt,1,1,2,0.5
nKbB,0,2,2,0.0
nKbD,0,1,1,0.0
nKbK,1,1,2,0.5
nKbM,2,1,3,0.67
nKbP,3,1,4,0.75
nKbb,1,0,1,1.0
nKbl,1,0,1,1.0
nKbm,2,0,2,1.0
nKbn,0,1,1,0.0
nKhB,1,0,1,1.0
nKhH,1,1,2,0.5
nKhM,1,1,2,0.5
nKhN,2,1,3,0.67
nKhP,1,0,1,1.0
nKhS,1,0,1,1.0
nKhb,3,1,4,0.75
nKhl,1,1,2,0.5
nKhm,3,3,6,0.5
nKhn,4,0,4,1.0
nKhs,1,4,5,0.2
nKlH,1,2,3,0.33
nKlP,1,0,1,1.0
nKlS,0,1,1,0.0
nKln,2,0,2,1.0
nKls,1,0,1,1.0
nKmB,0,1,1,0.0
nKmD,1,1,2,0.5
nKmH,1,0,1,1.0
nKmJ,0,1,1,0.0
nKmL,1,0,1,1.0
nKmM,1,3,4,0.25
nKmN,1,1,2,0.5
nKmP,3,1,4,0.75
nKmS,0,0,0,
nKmb,1,3,4,0.25
nKmm,0,1,1,0.0
nKmn,1,2,3,0.33
nKnB,1,2,3,0.33
nKnH,1,0,1,1.0
nKnL,1,0,1,1.0
nKnM,2,3,5,0.4
nKnN,3,1,4,0.75
nKnP,3,0,3,1.0
nKnS,0,2,2,0.0
nKnb,0,1,1,0.0
nKnm,3,0,3,1.0
nKnn,2,0,2,1.0
nKns,0,1,1,0.0
nKsB,1,1,2,0.5
nKsH,0,3,3,0.0
nKsM,0,1,1,0.0
nKsN,0,1,1,0.0
nKsS,3,3,6,0.5
nKsb,0,0,0,
nKsm,1,0,1,1.0
nKss,2,2,4,0.5
nKtB,1,0,1,1.0
nKtH,0,0,0,
nKtL,1,0,1,1.0
nLBB,3,2,5,0.6
nLBD,1,0,1,1.0
nLBK,0,1,1,0.0
nLBL,0,1,1,0.0
nLBM,2,3,5,0.4
nLBN,3,4,7,0.43
nLBP,7,7,14,0.5
nLBS,0,3,3,0.0
nLBb,4,2,6,0.67
nLBh,1,0,1,1.0
nLBj,1,0,1,1.0
nLBl,0,1,1,0.0
nLBm,4,0,4,1.0
nLBn,4,6,10,0.4
nLBs,3,0,3,1.0
nLDB,1,2,3,0.33
nLDD,1,1,2,0.5
nLDL,0,1,1,0.0
nLDM,1,1,2,0.5
nLDN,1,0,1,1.0
nLDP,2,1,3,0.67
nLDS,0,1,1,0.0
nLDm,2,0,2,1.0
nLDn,1,1,2,0.5
nLDs,1,2,3,0.33
nLDt,1,0,1,1.0
nLKL,0,0,0,
nLKN,1,0,1,1.0
nLKP,1,0,1,1.0
nLKn,0,1,1,0.0
nLKs,0,1,1,0.0
nLLB,2,2,4,0.5
nLLL,1,0,1,1.0
nLLM,1,3,4,0.25
nLLN,0,3,3,0.0
nLLP,1,1,2,0.5
nLLS,1,0,1,1.0
nLLb,1,0,1,1.0
nLLh,2,0,2,1.0
nLLm,3,0,3,1.0
nLLn,1,2,3,0.33
nLLs,0,1,1,0.0
nLLt,1,0,1,1.0
nLMB,2,8,10,0.2
nLMD,2,1,3,0.67
nLML,0,1,1,0.0
nLMM,2,6,8,0.25
nLMN,3,2,5,0.6
nLMP,4,2,6,0.67
nLMS,2,1,3,0.67
nLMb,2,0,2,1.0
nLMh,3,4,7,0.43
nLMj,1,0,1,1.0
nLMl,1,0,1,1.0
nLMm,3,2,5,0.6
nLMn,3,5,8,0.38
nLMs,1,2,3,0.33
nLNB,5,3,8,0.62
nLND,0,0,0,
nLNK,1,1,2,0.5
nLNL,0,2,2,0.0
nLNM,8,5,13,0.62
nLNN,4,4,8,0.5
nLNP,5,6,11,0.45
nLNS,4,5,9,0.44
nLNb,8,4,12,0.67
nLNh,1,1,2,0.5
nLNl,1,0,1,1.0
nLNm,4,3,7,0.57
nLNn,11,7,18,0.61
nLNs,3,3,6,0.5
nLNt,1,0,1,1.0
nLPB,6,1,7,0.86
nLPD,3,0,3,1.0
nLPH,0,2,2,0.0
nLPI,0,0,0,
nLPK,0,2,2,0.0
nLPL,3,4,7,0.43
nLPM,4,7,11,0.36
nLPN,7,5,12,0.58
nLPP,8,8,16,0.5
nLPS,1,5,6,0.17
nLPb,6,3,9,0.67
nLPh,1,1,2,0.5
nLPl,0,3,3,0.0
nLPm,11,6,17,0.65
nLPn,7,6,13,0.54
nLPs,5,3,8,0.62
nLPt,3,2,5,0.6
nLSB,1,2,3,0.33
nLSD,0,1,1,0.0
nLSH,1,1,2,0.5
nLSI,0,1,1,0.0
nLSL,2,2,4,0.5
nLSM,2,0,2,1.0
nLSN,3,1,4,0.75
nLSP,6,7,13,0.46
nLSS,3,3,6,0.5
nLSb,2,0,2,1.0
nLSh,0,2,2,0.0
nLSl,0,1,1,0.0
nLSm,3,0,3,1.0
nLSn,2,5,7,0.29
nLSs,4,2,6,0.67
nLSt,1,0,1,1.0
nLbB,3,4,7,0.43
nLbH,1,0,1,1.0
nLbI,0,2,2,0.0
nLbJ,0,3,3,0.0
nLbK,0,0,0,
nLbL,2,1,3,0.67
nLbM,0,2,2,0.0
nLbN,4,3,7,0.57
nLbP,2,4,6,0.33
nLbS,1,1,2,0.5
nLbb,1,2,3,0.33
nLbl,1,1,2,0.5
nLbm,3,3,6,0.5
nLbn,2,3,5,0.4
nLbs,1,2,3,0.33
nLhB,0,1,1,0.0
nLhD,1,0,1,1.0
nLhH,1,0,1,1.0
nLhI,1,0,1,1.0
nLhM,1,1,2,0.5
nLhN,3,2,5,0.6
nLhP,1,1,2,0.5
nLhS,2,0,2,1.0
nLhb,0,2,2,0.0
nLhh,2,0,2,1.0
nLhl,0,1,1,0.0
nLhm,1,1,2,0.5
nLhn,0,2,2,0.0
nLhs,1,1,2,0.5
nLjH,0,1,1,0.0
nLjL,1,1,2,0.5
nLjM,1,1,2,0.5
nLjP,1,0,1,1.0
nLjS,0,0,0,
nLjb,0,1,1,0.0
nLjl,1,0,1,1.0
nLjm,0,0,0,
nLjs,0,0,0,
nLlB,2,1,3,0.67
nLlH,1,0,1,1.0
nLlJ,1,1,2,0.5
nLlK,1,0,1,1.0
nLlL,1,0,1,1.0
nLlM,3,2,5,0.6
nLlN,3,4,7,0.43
nLlP,0,2,2,0.0
nLlS,3,3,6,0.5
nLlb,1,2,3,0.33
nLlm,1,0,1,1.0
nLln,1,1,2,0.5
nLls,3,0,3,1.0
nLmB,3,6,9,0.33
nLmD,1,2,3,0.33
nLmH,3,4,7,0.43
nLmI,0,1,1,0.0
nLmJ,0,2,2,0.0
nLmL,0,1,1,0.0
nLmM,3,6,9,0.33
nLmN,3,3,6,0.5
nLmP,7,5,12,0.58
nLmS,1,8,9,0.11
nLmb,5,2,7,0.71
nLml,1,2,3,0.33
nLmm,2,2,4,0.5
nLmn,4,2,6,0.67
nLms,4,3,7,0.57
nLnB,3,6,9,0.33
nLnD,0,2,2,0.0
nLnH,4,4,8,0.5
nLnI,2,0,2,1.0
nLnK,2,2,4,0.5
nLnL,2,2,4,0.5
nLnM,4,8,12,0.33
nLnN,9,5,14,0.64
nLnP,10,5,15,0.67
nLnS,2,5,7,0.29
nLnb,6,2,8,0.75
nLnl,0,1,1,0.0
nLnm,2,4,6,0.33
nLnn,7,7,14,0.5
nLns,2,9,11,0.18
nLsB,3,4,7,0.43
nLsD,1,0,1,1.0
nLsH,1,2,3,0.33
nLsL,0,4,4,0.0
nLsM,2,6,8,0.25
nLsN,1,6,7,0.14
nLsP,2,4,6,0.33
nLsS,2,4,6,0.33
nLsb,4,0,4,1.0
nLsm,3,2,5,0.6
nLsn,3,2,5,0.6
nLss,1,4,5,0.2
nLtD,0,1,1,0.0
nLtH,1,2,3,0.33
nLtL,1,0,1,1.0
nLtM,0,1,1,0.0
nLtN,0,1,1,0.0
nLtb,1,2,3,0.33
nLtl,0,1,1,0.0
nLtm,0,2,2,0.0
nLts,0,1,1,0.0
nMBB,11,16,27,0.41
nMBD,3,4,7,0.43
nMBK,0,1,1,0.0
nMBL,1,4,5,0.2
nMBM,8,12,20,0.4
nMBN,12,8,20,0.6
nMBP,15,17,32,0.47
nMBS,4,8,12,0.33
nMBb,8,10,18,0.44
nMBh,0,2,2,0.0
nMBj,2,5,7,0.29
nMBl,1,1,2,0.5
nMBm,14,9,23,0.61
nMBn,15,16,31,0.48
nMBs,4,5,9,0.44
nMBt,1,2,3,0.33
nMDB,4,3,7,0.57
nMDD,4,4,8,0.5
nMDH,2,3,5,0.4
nMDI,0,1,1,0.0
nMDL,1,0,1,1.0
nMDM,2,2,4,0.5
nMDN,9,2,11,0.82
nMDP,2,6,8,0.25
nMDS,1,2,3,0.33
nMDb,1,3,4,0.25
nMDh,1,0,1,1.0
nMDm,3,4,7,0.43
nMDn,5,3,8,0.62
nMDs,2,0,2,1.0
nMHl,0,1,1,0.0
nMHm,1,0,1,1.0
nMKP,1,0,1,1.0
nMKm,1,0,1,1.0
nMKn,0,1,1,0.0
nMLB,3,1,4,0.75
nMLD,2,1,3,0.67
nMLL,1,2,3,0.33
nMLM,1,2,3,0.33
nMLN,3,3,6,0.5
nMLP,1,3,4,0.25
nMLS,2,0,2,1.0
nMLb,3,1,4,0.75
nMLh,0,2,2,0.0
nMLj,1,0,1,1.0
nMLl,0,1,1,0.0
nMLm,7,3,10,0.7
nMLn,7,3,10,0.7
nMLs,3,2,5,0.6
nMMB,14,14,28,0.5
nMMD,2,2,4,0.5
nMML,1,3,4,0.25
nMMM,9,11,20,0.45
nMMN,15,16,31,0.48
nMMP,9,19,28,0.32
nMMS,7,9,16,0.44
nMMb,11,8,19,0.58
nMMh,7,9,16,0.44
nMMl,5,4,9,0.56
nMMm,16,14,30,0.53
nMMn,16,16,32,0.5
nMMs,9,5,14,0.64
nMNB,5,7,12,0.42
nMND,3,5,8,0.38
nMNH,5,2,7,0.71
nMNK,1,4,5,0.2
nMNL,2,5,7,0.29
nMNM,14,14,28,0.5
nMNN,11,21,32,0.34
nMNP,24,18,42,0.57
nMNS,14,9,23,0.61
nMNb,11,12,23,0.48
nMNh,3,3,6,0.5
nMNl,1,7,8,0.12
nMNm,22,13,35,0.63
nMNn,19,20,39,0.49
nMNs,6,10,16,0.38
nMNt,1,0,1,1.0
nMPB,13,19,32,0.41
nMPD,4,3,7,0.57
nMPH,9,5,14,0.64
nMPI,1,1,2,0.5
nMPK,2,2,4,0.5
nMPL,5,3,8,0.62
nMPM,18,16,34,0.53
nMPN,23,23,46,0.5
nMPP,26,26,52,0.5
nMPS,14,14,28,0.5
nMPb,10,12,22,0.45
nMPh,2,2,4,0.5
nMPl,5,7,12,0.42
nMPm,17,13,30,0.57
nMPn,14,13,27,0.52
nMPs,14,6,20,0.7
nMPt,0,0,0,
nMSB,8,8,16,0.5
nMSD,1,2,3,0.33
nMSH,4,1,5,0.8
nMSI,0,1,1,0.0
nMSL,1,2,3,0.33
nMSM,7,7,14,0.5
nMSN,10,11,21,0.48
nMSP,7,8,15,0.47
nMSS,7,13,20,0.35
nMSb,8,5,13,0.62
nMSh,4,8,12,0.33
nMSl,3,3,6,0.5
nMSm,19,11,30,0.63
nMSn,11,8,19,0.58
nMSs,4,15,19,0.21
nMSt,3,0,3,1.0
nMbB,12,8,20,0.6
nMbD,1,4,5,0.2
nMbH,4,3,7,0.57
nMbI,1,1,2,0.5
nMbJ,2,2,4,0.5
nMbK,5,1,6,0.83
nMbL,6,2,8,0.75
nMbM,12,5,17,0.71
nMbN,12,6,18,0.67
nMbP,20,18,38,0.53
nMbS,2,6,8,0.25
nMbb,10,7,17,0.59
nMbl,1,0,1,1.0
nMbm,7,8,15,0.47
nMbn,12,10,22,0.55
nMbs,6,5,11,0.55
nMhB,11,9,20,0.55
nMhD,0,3,3,0.0
nMhH,0,2,2,0.0
nMhK,0,0,0,
nMhL,2,0,2,1.0
nMhM,9,13,22,0.41
nMhN,10,14,24,0.42
nMhP,11,12,23,0.48
nMhS,8,8,16,0.5
nMhb,11,5,16,0.69
nMhh,4,11,15,0.27
nMhl,4,4,8,0.5
nMhm,11,12,23,0.48
nMhn,9,14,23,0.39
nMhs,9,7,16,0.56
nMht,2,0,2,1.0
nMjB,1,2,3,0.33
nMjD,0,1,1,0.0
nMjM,1,0,1,1.0
nMjN,0,1,1,0.0
nMjP,1,2,3,0.33
nMjS,1,1,2,0.5
nMjb,1,2,3,0.33
nMjl,0,1,1,0.0
nMjm,0,1,1,0.0
nMjn,3,0,3,1.0
nMjs,0,1,1,0.0
nMjt,2,0,2,1.0
nMlB,0,1,1,0.0
nMlH,1,5,6,0.17
nMlI,0,1,1,0.0
nMlJ,2,1,3,0.67
nMlK,0,0,0,
nMlM,1,3,4,0.25
nMlN,2,4,6,0.33
nMlP,6,5,11,0.55
nMlS,5,1,6,0.83
nMlb,3,0,3,1.0
nMll,2,0,2,1.0
nMlm,5,3,8,0.62
nMln,4,1,5,0.8
nMls,4,1,5,0.8
nMmB,14,17,31,0.45
nMmD,8,5,13,0.62
nMmH,12,13,25,0.48
nMmI,3,0,3,1.0
nMmJ,3,3,6,0.5
nMmL,1,1,2,0.5
nMmM,14,18,32,0.44
nMmN,24,19,43,0.56
nMmP,16,17,33,0.48
nMmS,3,9,12,0.25
nMmb,13,8,21,0.62
nMml,3,7,10,0.3
nMmm,22,14,36,0.61
nMmn,16,13,29,0.55
nMms,10,10,20,0.5
nMnB,14,16,30,0.47
nMnD,6,3,9,0.67
nMnH,7,8,15,0.47
nMnI,3,1,4,0.75
nMnK,4,0,4,1.0
nMnL,5,5,10,0.5
nMnM,3,18,21,0.14
nMnN,26,22,48,0.54
nMnP,28,23,51,0.55
nMnS,8,20,28,0.29
nMnb,15,18,33,0.45
nMnh,1,1,2,0.5
nMnl,2,3,5,0.4
nMnm,17,15,32,0.53
nMnn,23,20,43,0.53
nMns,17,17,34,0.5
nMsB,4,7,11,0.36
nMsD,3,0,3,1.0
nMsH,5,11,16,0.31
nMsI,1,1,2,0.5
nMsL,3,3,6,0.5
nMsM,4,10,14,0.29
nMsN,9,9,18,0.5
nMsP,10,11,21,0.48
nMsS,7,14,21,0.33
nMsb,2,12,14,0.14
nMsh,0,1,1,0.0
nMsl,3,3,6,0.5
nMsm,11,10,21,0.52
nMsn,11,10,21,0.52
nMss,11,12,23,0.48
nMst,0,1,1,0.0
nMtB,0,2,2,0.0
nMtD,0,1,1,0.0
nMtH,1,3,4,0.25
nMtK,0,1,1,0.0
nMtL,1,0,1,1.0
nMtM,3,2,5,0.6
nMtN,4,2,6,0.67
nMtP,3,1,4,0.75
nMtS,1,1,2,0.5
nMtm,0,3,3,0.0
nMtn,2,0,2,1.0
nMts,1,1,2,0.5
nNBB,14,14,28,0.5
nNBD,3,2,5,0.6
nNBK,1,2,3,0.33
nNBL,4,5,9,0.44
nNBM,10,16,26,0.38
nNBN,16,21,37,0.43
nNBP,20,13,33,0.61
nNBS,5,6,11,0.45
nNBb,6,10,16,0.38
nNBh,2,2,4,0.5
nNBj,2,5,7,0.29
nNBl,3,1,4,0.75
nNBm,13,9,22,0.59
nNBn,24,17,41,0.59
nNBs,9,6,15,0.6
nNBt,1,2,3,0.33
nNDB,3,5,8,0.38
nNDD,2,4,6,0.33
nNDH,1,7,8,0.12
nNDI,1,0,1,1.0
nNDL,2,2,4,0.5
nNDM,6,8,14,0.43
nNDN,2,4,6,0.33
nNDP,3,4,7,0.43
nNDS,1,4,5,0.2
nNDb,4,2,6,0.67
nNDl,1,4,5,0.2
nNDm,10,3,13,0.77
nNDn,5,4,9,0.56
nNDs,4,2,6,0.67
nNDt,1,0,1,1.0
nNHB,1,0,1,1.0
nNHD,0,1,1,0.0
nNHI,0,1,1,0.0
nNHK,2,2,4,0.5
nNHM,4,6,10,0.4
nNHN,2,8,10,0.2
nNHP,1,2,3,0.33
nNHS,0,3,3,0.0
nNHb,1,2,3,0.33
nNHh,2,0,2,1.0
nNHl,1,0,1,1.0
nNHm,3,1,4,0.75
nNHn,5,4,9,0.56
nNHs,1,0,1,1.0
nNIM,0,1,1,0.0
nNIb,0,0,0,
nNIm,1,0,1,1.0
nNKB,3,1,4,0.75
nNKI,0,1,1,0.0
nNKL,1,1,2,0.5
nNKM,0,0,0,
nNKN,1,2,3,0.33
nNKP,1,4,5,0.2
nNKS,1,2,3,0.33
nNKb,2,2,4,0.5
nNKh,0,2,2,0.0
nNKm,1,1,2,0.5
nNKn,2,3,5,0.4
nNKs,1,1,2,0.5
nNLB,6,10,16,0.38
nNLD,1,1,2,0.5
nNLK,1,2,3,0.33
nNLL,1,2,3,0.33
nNLM,2,5,7,0.29
nNLN,8,2,10,0.8
nNLP,5,8,13,0.38
nNLS,4,4,8,0.5
nNLb,5,4,9,0.56
nNLh,1,2,3,0.33
nNLj,1,2,3,0.33
nNLl,4,1,5,0.8
nNLm,4,4,8,0.5
nNLn,7,11,18,0.39
nNLs,1,6,7,0.14
nNLt,1,0,1,1.0
nNMB,26,17,43,0.6
nNMD,2,6,8,0.25
nNMK,0,1,1,0.0
nNML,2,2,4,0.5
nNMM,9,14,23,0.39
nNMN,20,23,43,0.47
nNMP,18,15,33,0.55
nNMS,8,14,22,0.36
nNMb,10,16,26,0.38
nNMh,9,19,28,0.32
nNMj,2,2,4,0.5
nNMl,4,3,7,0.57
nNMm,21,16,37,0.57
nNMn,20,24,44,0.45
nNMs,8,9,17,0.47
nNMt,0,1,1,0.0
nNNB,21,18,39,0.54
nNND,5,8,13,0.38
nNNH,3,0,3,1.0
nNNK,1,3,4,0.25
nNNL,6,4,10,0.6
nNNM,11,23,34,0.32
nNNN,29,15,44,0.66
nNNP,32,29,61,0.52
nNNS,16,19,35,0.46
nNNb,23,17,40,0.57
nNNh,6,7,13,0.46
nNNl,7,2,9,0.78
nNNm,21,26,47,0.45
nNNn,37,34,71,0.52
nNNs,18,17,35,0.51
nNNt,4,6,10,0.4
nNPB,24,18,42,0.57
nNPD,6,5,11,0.55
nNPH,6,10,16,0.38
nNPI,1,3,4,0.25
nNPK,2,6,8,0.25
nNPL,12,12,24,0.5
nNPM,14,29,43,0.33
nNPN,26,26,52,0.5
nNPP,29,37,66,0.44
nNPS,19,23,42,0.45
nNPb,23,14,37,0.62
nNPh,3,3,6,0.5
nNPl,7,9,16,0.44
nNPm,28,26,54,0.52
nNPn,21,31,52,0.4
nNPs,16,15,31,0.52
nNPt,1,2,3,0.33
nNSB,12,10,22,0.55
nNSD,2,6,8,0.25
nNSH,5,4,9,0.56
nNSK,1,1,2,0.5
nNSL,2,3,5,0.4
nNSM,10,13,23,0.43
nNSN,16,18,34,0.47
nNSP,10,20,30,0.33
nNSS,14,10,24,0.58
nNSb,2,6,8,0.25
nNSh,10,6,16,0.62
nNSl,3,2,5,0.6
nNSm,21,14,35,0.6
nNSn,24,17,41,0.59
nNSs,12,8,20,0.6
nNSt,3,2,5,0.6
nNbB,8,11,19,0.42
nNbD,2,5,7,0.29
nNbH,4,3,7,0.57
nNbI,0,1,1,0.0
nNbJ,1,3,4,0.25
nNbK,0,1,1,0.0
nNbL,5,4,9,0.56
nNbM,13,8,21,0.62
nNbN,18,13,31,0.58
nNbP,9,12,21,0.43
nNbS,8,7,15,0.53
nNbb,14,9,23,0.61
nNbl,0,4,4,0.0
nNbm,8,6,14,0.57
nNbn,13,19,32,0.41
nNbs,13,4,17,0.76
nNhB,8,0,8,1.0
nNhD,0,1,1,0.0
nNhH,1,1,2,0.5
nNhL,0,4,4,0.0
nNhM,5,3,8,0.62
nNhN,7,10,17,0.41
nNhP,3,3,6,0.5
nNhS,3,8,11,0.27
nNhb,6,4,10,0.6
nNhh,8,4,12,0.67
nNhl,1,1,2,0.5
nNhm,5,3,8,0.62
nNhn,3,7,10,0.3
nNhs,4,4,8,0.5
nNlB,1,4,5,0.2
nNlD,0,2,2,0.0
nNlH,7,3,10,0.7
nNlI,0,1,1,0.0
nNlJ,2,1,3,0.67
nNlK,1,0,1,1.0
nNlL,4,2,6,0.67
nNlM,2,7,9,0.22
nNlN,7,1,8,0.88
nNlP,8,8,16,0.5
nNlS,5,1,6,0.83
nNlb,5,6,11,0.45
nNll,2,1,3,0.67
nNlm,0,2,2,0.0
nNln,3,2,5,0.6
nNls,4,3,7,0.57
nNmB,19,12,31,0.61
nNmD,8,5,13,0.62
nNmH,9,8,17,0.53
nNmI,2,0,2,1.0
nNmJ,5,2,7,0.71
nNmK,0,2,2,0.0
nNmL,2,7,9,0.22
nNmM,16,26,42,0.38
nNmN,16,19,35,0.46
nNmP,22,14,36,0.61
nNmS,7,10,17,0.41
nNmb,17,13,30,0.57
nNml,6,8,14,0.43
nNmm,19,20,39,0.49
nNmn,22,11,33,0.67
nNms,10,8,18,0.56
nNnB,11,13,24,0.46
nNnD,5,9,14,0.36
nNnH,17,14,31,0.55
nNnI,2,4,6,0.33
nNnK,4,4,8,0.5
nNnL,5,10,15,0.33
nNnM,22,18,40,0.55
nNnN,35,28,63,0.56
nNnP,35,33,68,0.51
nNnS,12,23,35,0.34
nNnb,18,15,33,0.55
nNnh,0,0,0,
nNnl,5,7,12,0.42
nNnm,24,17,41,0.59
nNnn,29,36,65,0.45
nNns,20,16,36,0.56
nNsB,8,14,22,0.36
nNsD,4,5,9,0.44
nNsH,8,13,21,0.38
nNsI,3,2,5,0.6
nNsL,5,3,8,0.62
nNsM,9,14,23,0.39
nNsN,12,13,25,0.48
nNsP,12,15,27,0.44
nNsS,14,15,29,0.48
nNsb,8,12,20,0.4
nNsh,0,0,0,
nNsl,7,2,9,0.78
nNsm,15,12,27,0.56
nNsn,13,12,25,0.52
nNss,10,16,26,0.38
nNst,1,0,1,1.0
nNtB,1,1,2,0.5
nNtH,2,1,3,0.67
nNtL,0,2,2,0.0
nNtM,2,3,5,0.4
nNtN,3,2,5,0.6
nNtP,3,1,4,0.75
nNtS,0,2,2,0.0
nNtb,1,1,2,0.5
nNtl,1,2,3,0.33
nNtm,3,2,5,0.6
nNtn,3,2,5,0.6
nPBB,22,12,34,0.65
nPBD,1,2,3,0.33
nPBK,3,3,6,0.5
nPBL,3,3,6,0.5
nPBM,15,14,29,0.52
nPBN,12,20,32,0.38
nPBP,12,11,23,0.52
nPBS,6,9,15,0.4
nPBb,15,12,27,0.56
nPBh,0,0,0,
nPBj,1,4,5,0.2
nPBl,10,5,15,0.67
nPBm,12,19,31,0.39
nPBn,21,12,33,0.64
nPBs,10,7,17,0.59
nPBt,0,4,4,0.0
nPDB,0,2,2,0.0
nPDD,2,3,5,0.4
nPDH,3,5,8,0.38
nPDL,0,3,3,0.0
nPDM,9,1,10,0.9
nPDN,3,7,10,0.3
nPDP,6,5,11,0.55
nPDS,2,5,7,0.29
nPDb,1,3,4,0.25
nPDl,0,2,2,0.0
nPDm,5,5,10,0.5
nPDn,2,2,4,0.5
nPDs,5,3,8,0.62
nPHB,7,4,11,0.64
nPHD,3,0,3,1.0
nPHH,1,1,2,0.5
nPHI,0,0,0,
nPHL,1,0,1,1.0
nPHM,5,2,7,0.71
nPHN,3,3,6,0.5
nPHP,9,11,20,0.45
nPHS,5,6,11,0.45
nPHb,3,1,4,0.75
nPHh,0,1,1,0.0
nPHl,3,2,5,0.6
nPHm,4,6,10,0.4
nPHn,8,4,12,0.67
nPHs,8,2,10,0.8
nPHt,1,0,1,1.0
nPIB,0,3,3,0.0
nPID,2,1,3,0.67
nPIH,2,0,2,1.0
nPII,1,0,1,1.0
nPIL,1,0,1,1.0
nPIM,4,3,7,0.57
nPIN,2,3,5,0.4
nPIP,5,0,5,1.0
nPIS,2,1,3,0.67
nPIb,0,3,3,0.0
nPIl,0,0,0,
nPIm,1,1,2,0.5
nPIn,2,2,4,0.5
nPIs,0,1,1,0.0
nPIt,0,0,0,
nPKB,1,1,2,0.5
nPKD,0,1,1,0.0
nPKH,1,1,2,0.5
nPKL,1,1,2,0.5
nPKM,2,2,4,0.5
nPKN,2,2,4,0.5
nPKP,1,4,5,0.2
nPKS,6,1,7,0.86
nPKb,3,1,4,0.75
nPKh,1,2,3,0.33
nPKl,1,1,2,0.5
nPKm,4,4,8,0.5
nPKn,3,5,8,0.38
nPKs,0,1,1,0.0
nPLB,5,7,12,0.42
nPLD,0,3,3,0.0
nPLK,3,0,3,1.0
nPLL,4,2,6,0.67
nPLM,8,5,13,0.62
nPLN,6,8,14,0.43
nPLP,10,14,24,0.42
nPLS,5,7,12,0.42
nPLb,10,8,18,0.56
nPLh,2,3,5,0.4
nPLj,0,1,1,0.0
nPLl,4,1,5,0.8
nPLm,9,8,17,0.53
nPLn,13,7,20,0.65
nPLs,5,4,9,0.56
nPMB,18,18,36,0.5
nPMD,2,6,8,0.25
nPML,5,7,12,0.42
nPMM,14,28,42,0.33
nPMN,18,14,32,0.56
nPMP,18,20,38,0.47
nPMS,10,19,29,0.34
nPMb,20,15,35,0.57
nPMh,17,13,30,0.57
nPMj,1,1,2,0.5
nPMl,6,7,13,0.46
nPMm,28,17,45,0.62
nPMn,26,12,38,0.68
nPMs,7,11,18,0.39
nPMt,2,2,4,0.5
nPNB,14,8,22,0.64
nPND,4,5,9,0.44
nPNH,2,3,5,0.4
nPNK,1,1,2,0.5
nPNL,7,5,12,0.58
nPNM,24,18,42,0.57
nPNN,15,18,33,0.45
nPNP,30,28,58,0.52
nPNS,16,18,34,0.47
nPNb,14,13,27,0.52
nPNh,6,6,12,0.5
nPNl,14,5,19,0.74
nPNm,21,24,45,0.47
nPNn,28,23,51,0.55
nPNs,9,11,20,0.45
nPNt,2,3,5,0.4
nPPB,14,22,36,0.39
nPPD,4,4,8,0.5
nPPH,10,10,20,0.5
nPPI,1,3,4,0.25
nPPK,1,1,2,0.5
nPPL,11,7,18,0.61
nPPM,26,27,53,0.49
nPPN,32,22,54,0.59
nPPP,35,37,72,0.49
nPPS,23,17,40,0.57
nPPb,19,28,47,0.4
nPPh,2,3,5,0.4
nPPl,5,11,16,0.31
nPPm,33,24,57,0.58
nPPn,28,19,47,0.6
nPPs,17,17,34,0.5
nPPt,2,1,3,0.67
nPSB,13,7,20,0.65
nPSD,6,3,9,0.67
nPSH,6,6,12,0.5
nPSI,0,1,1,0.0
nPSK,2,1,3,0.67
nPSL,5,3,8,0.62
nPSM,15,14,29,0.52
nPSN,8,14,22,0.36
nPSP,10,16,26,0.38
nPSS,22,16,38,0.58
nPSb,10,5,15,0.67
nPSh,8,10,18,0.44
nPSl,11,7,18,0.61
nPSm,14,10,24,0.58
nPSn,17,19,36,0.47
nPSs,9,22,31,0.29
nPSt,1,3,4,0.25
nPbB,13,10,23,0.57
nPbD,2,3,5,0.4
nPbH,5,3,8,0.62
nPbI,2,1,3,0.67
nPbJ,3,3,6,0.5
nPbK,0,2,2,0.0
nPbL,3,5,8,0.38
nPbM,19,19,38,0.5
nPbN,20,18,38,0.53
nPbP,22,23,45,0.49
nPbS,6,6,12,0.5
nPbb,19,11,30,0.63
nPbl,3,7,10,0.3
nPbm,10,13,23,0.43
nPbn,10,14,24,0.42
nPbs,5,10,15,0.33
nPhB,0,2,2,0.0
nPhD,1,0,1,1.0
nPhH,0,0,0,
nPhM,2,1,3,0.67
nPhN,1,3,4,0.25
nPhP,1,2,3,0.33
nPhS,5,1,6,0.83
nPhb,0,1,1,0.0
nPhh,1,2,3,0.33
nPhm,2,2,4,0.5
nPhn,2,4,6,0.33
nPhs,3,1,4,0.75
nPlB,8,7,15,0.53
nPlD,0,3,3,0.0
nPlH,6,4,10,0.6
nPlJ,3,0,3,1.0
nPlL,4,4,8,0.5
nPlM,3,3,6,0.5
nPlN,8,8,16,0.5
nPlP,8,17,25,0.32
nPlS,4,4,8,0.5
nPlb,12,8,20,0.6
nPll,1,2,3,0.33
nPlm,8,5,13,0.62
nPln,4,3,7,0.57
nPls,0,4,4,0.0
nPmB,16,17,33,0.48
nPmD,8,2,10,0.8
nPmH,14,17,31,0.45
nPmI,0,3,3,0.0
nPmJ,3,3,6,0.5
nPmL,5,11,16,0.31
nPmM,27,25,52,0.52
nPmN,24,16,40,0.6
nPmP,22,24,46,0.48
nPmS,12,19,31,0.39
nPmb,23,18,41,0.56
nPml,8,4,12,0.67
nPmm,31,22,53,0.58
nPmn,14,19,33,0.42
nPms,8,11,19,0.42
nPnB,19,17,36,0.53
nPnD,7,4,11,0.64
nPnH,12,10,22,0.55
nPnI,6,3,9,0.67
nPnK,2,2,4,0.5
nPnL,3,4,7,0.43
nPnM,23,23,46,0.5
nPnN,19,29,48,0.4
nPnP,24,26,50,0.48
nPnS,16,17,33,0.48
nPnb,14,14,28,0.5
nPnh,1,1,2,0.5
nPnl,6,7,13,0.46
nPnm,20,20,40,0.5
nPnn,12,22,34,0.35
nPns,7,14,21,0.33
nPnt,1,0,1,1.0
nPsB,11,6,17,0.65
nPsD,7,4,11,0.64
nPsH,12,20,32,0.38
nPsI,0,1,1,0.0
nPsK,0,1,1,0.0
nPsL,7,5,12,0.58
nPsM,15,19,34,0.44
nPsN,13,13,26,0.5
nPsP,15,18,33,0.45
nPsS,9,14,23,0.39
nPsb,10,11,21,0.48
nPsh,0,1,1,0.0
nPsl,7,5,12,0.58
nPsm,16,13,29,0.55
nPsn,8,11,19,0.42
nPss,10,9,19,0.53
nPtD,0,1,1,0.0
nPtH,0,1,1,0.0
nPtL,0,2,2,0.0
nPtM,2,2,4,0.5
nPtN,1,1,2,0.5
nPtP,1,2,3,0.33
nPtS,3,2,5,0.6
nPtb,1,0,1,1.0
nPtl,1,1,2,0.5
nPtm,3,1,4,0.75
nPtn,2,2,4,0.5
nPts,0,1,1,0.0
nSBB,3,11,14,0.21
nSBD,1,2,3,0.33
nSBK,1,0,1,1.0
nSBL,1,1,2,0.5
nSBM,7,14,21,0.33
nSBN,8,6,14,0.57
nSBP,6,8,14,0.43
nSBS,2,1,3,0.67
nSBb,8,8,16,0.5
nSBj,2,0,2,1.0
nSBl,1,1,2,0.5
nSBm,10,7,17,0.59
nSBn,11,8,19,0.58
nSBs,2,3,5,0.4
nSBt,1,0,1,1.0
nSDB,1,1,2,0.5
nSDD,2,2,4,0.5
nSDH,3,5,8,0.38
nSDI,1,0,1,1.0
nSDL,0,1,1,0.0
nSDM,1,7,8,0.12
nSDN,2,1,3,0.67
nSDP,4,3,7,0.57
nSDS,3,4,7,0.43
nSDb,4,3,7,0.57
nSDl,0,1,1,0.0
nSDm,7,2,9,0.78
nSDn,4,5,9,0.44
nSDs,0,2,2,0.0
nSHB,2,2,4,0.5
nSHD,1,0,1,1.0
nSHI,0,1,1,0.0
nSHK,0,1,1,0.0
nSHL,0,2,2,0.0
nSHM,5,1,6,0.83
nSHN,2,3,5,0.4
nSHP,4,1,5,0.8
nSHS,4,3,7,0.57
nSHb,0,4,4,0.0
nSHh,0,4,4,0.0
nSHl,0,2,2,0.0
nSHm,2,2,4,0.5
nSHn,2,2,4,0.5
nSHs,5,2,7,0.71
nSIH,1,0,1,1.0
nSIm,0,0,0,
nSIn,0,1,1,0.0
nSIs,1,0,1,1.0
nSKL,0,1,1,0.0
nSKN,0,0,0,
nSKl,1,1,2,0.5
nSKs,1,0,1,1.0
nSLB,1,2,3,0.33
nSLD,0,1,1,0.0
nSLL,0,2,2,0.0
nSLM,4,6,10,0.4
nSLN,6,4,10,0.6
nSLP,4,3,7,0.57
nSLS,0,1,1,0.0
nSLb,4,6,10,0.4
nSLh,0,3,3,0.0
nSLj,2,0,2,1.0
nSLl,3,1,4,0.75
nSLm,3,3,6,0.5
nSLn,2,4,6,0.33
nSLs,3,0,3,1.0
nSMB,10,7,17,0.59
nSMD,1,1,2,0.5
nSML,3,0,3,1.0
nSMM,7,9,16,0.44
nSMN,6,10,16,0.38
nSMP,18,17,35,0.51
nSMS,6,13,19,0.32
nSMb,7,5,12,0.58
nSMh,6,6,12,0.5
nSMj,0,1,1,0.0
nSMl,5,4,9,0.56
nSMm,9,11,20,0.45
nSMn,14,18,32,0.44
nSMs,9,4,13,0.69
nSNB,7,6,13,0.54
nSND,4,4,8,0.5
nSNH,2,2,4,0.5
nSNK,2,0,2,1.0
nSNL,4,5,9,0.44
nSNM,5,7,12,0.42
nSNN,18,16,34,0.53
nSNP,14,11,25,0.56
nSNS,6,9,15,0.4
nSNb,5,9,14,0.36
nSNh,4,5,9,0.44
nSNl,1,3,4,0.25
nSNm,16,14,30,0.53
nSNn,8,8,16,0.5
nSNs,5,13,18,0.28
nSNt,1,1,2,0.5
nSPB,7,13,20,0.35
nSPD,1,3,4,0.25
nSPH,2,4,6,0.33
nSPI,2,1,3,0.67
nSPK,3,2,5,0.6
nSPL,5,4,9,0.56
nSPM,14,16,30,0.47
nSPN,13,17,30,0.43
nSPP,15,22,37,0.41
nSPS,15,11,26,0.58
nSPb,8,10,18,0.44
nSPh,1,4,5,0.2
nSPl,3,2,5,0.6
nSPm,20,4,24,0.83
nSPn,9,10,19,0.47
nSPs,7,10,17,0.41
nSPt,1,2,3,0.33
nSSB,8,5,13,0.62
nSSD,3,3,6,0.5
nSSH,0,5,5,0.0
nSSK,0,1,1,0.0
nSSL,0,4,4,0.0
nSSM,6,10,16,0.38
nSSN,6,13,19,0.32
nSSP,10,13,23,0.43
nSSS,13,15,28,0.46
nSSb,4,8,12,0.33
nSSh,4,8,12,0.33
nSSl,2,1,3,0.67
nSSm,11,9,20,0.55
nSSn,11,11,22,0.5
nSSs,8,9,17,0.47
nSSt,1,2,3,0.33
nSbB,4,10,14,0.29
nSbD,0,1,1,0.0
nSbH,5,2,7,0.71
nSbJ,1,1,2,0.5
nSbK,0,2,2,0.0
nSbL,2,1,3,0.67
nSbM,3,7,10,0.3
nSbN,13,6,19,0.68
nSbP,10,4,14,0.71
nSbS,6,1,7,0.86
nSbb,5,5,10,0.5
nSbm,6,7,13,0.46
nSbn,7,6,13,0.54
nSbs,6,2,8,0.75
nShB,7,8,15,0.47
nShD,2,3,5,0.4
nShH,0,1,1,0.0
nShI,1,1,2,0.5
nShL,3,3,6,0.5
nShM,3,4,7,0.43
nShN,7,8,15,0.47
nShP,9,5,14,0.64
nShS,3,11,14,0.21
nShb,4,2,6,0.67
nShh,7,4,11,0.64
nShl,1,2,3,0.33
nShm,2,7,9,0.22
nShn,2,7,9,0.22
nShs,2,5,7,0.29
nSht,0,1,1,0.0
nSlB,2,2,4,0.5
nSlD,0,0,0,
nSlH,0,2,2,0.0
nSlJ,0,1,1,0.0
nSlL,0,1,1,0.0
nSlM,1,7,8,0.12
nSlN,2,10,12,0.17
nSlP,2,2,4,0.5
nSlS,4,2,6,0.67
nSlb,0,2,2,0.0
nSll,3,3,6,0.5
nSlm,1,2,3,0.33
nSln,5,2,7,0.71
nSls,3,2,5,0.6
nSmB,6,10,16,0.38
nSmD,5,6,11,0.45
nSmH,7,5,12,0.58
nSmI,0,1,1,0.0
nSmJ,3,2,5,0.6
nSmK,0,1,1,0.0
nSmL,4,7,11,0.36
nSmM,11,11,22,0.5
nSmN,18,15,33,0.55
nSmP,10,14,24,0.42
nSmS,14,13,27,0.52
nSmb,10,13,23,0.43
nSml,4,1,5,0.8
nSmm,7,10,17,0.41
nSmn,14,6,20,0.7
nSms,4,6,10,0.4
nSnB,8,4,12,0.67
nSnD,1,0,1,1.0
nSnH,10,4,14,0.71
nSnI,2,2,4,0.5
nSnK,1,0,1,1.0
nSnL,4,2,6,0.67
nSnM,3,10,13,0.23
nSnN,18,9,27,0.67
nSnP,17,22,39,0.44
nSnS,13,6,19,0.68
nSnb,9,8,17,0.53
nSnh,0,0,0,
nSnl,3,0,3,1.0
nSnm,8,15,23,0.35
nSnn,12,9,21,0.57
nSns,5,9,14,0.36
nSsB,6,2,8,0.75
nSsD,4,4,8,0.5
nSsH,18,7,25,0.72
nSsI,2,0,2,1.0
nSsK,0,2,2,0.0
nSsL,2,5,7,0.29
nSsM,14,10,24,0.58
nSsN,15,12,27,0.56
nSsP,8,9,17,0.47
nSsS,13,12,25,0.52
nSsb,7,9,16,0.44
nSsh,0,1,1,0.0
nSsl,2,2,4,0.5
nSsm,13,8,21,0.62
nSsn,13,6,19,0.68
nSss,10,10,20,0.5
nStB,3,0,3,1.0
nStH,0,1,1,0.0
nStL,0,2,2,0.0
nStM,0,0,0,
nStN,3,1,4,0.75
nStP,2,0,2,1.0
nStS,2,0,2,1.0
nStb,0,2,2,0.0
nStl,1,0,1,1.0
nStm,3,1,4,0.75
nStn,2,1,3,0.67
nSts,0,1,1,0.0
nStt,0,1,1,0.0
nbBB,2,5,7,0.29
nbBD,2,0,2,1.0
nbBK,1,0,1,1.0
nbBL,2,3,5,0.4
nbBM,10,10,20,0.5
nbBN,11,16,27,0.41
nbBP,14,13,27,0.52
nbBS,5,4,9,0.56
nbBb,6,2,8,0.75
nbBh,1,1,2,0.5
nbBj,3,0,3,1.0
nbBl,2,1,3,0.67
nbBm,9,6,15,0.6
nbBn,12,11,23,0.52
nbBs,4,4,8,0.5
nbDB,1,0,1,1.0
nbDD,1,0,1,1.0
nbDH,3,1,4,0.75
nbDM,1,3,4,0.25
nbDN,1,1,2,0.5
nbDP,1,3,4,0.25
nbDS,2,0,2,1.0
nbDb,2,1,3,0.67
nbDl,0,2,2,0.0
nbDm,2,0,2,1.0
nbDn,3,3,6,0.5
nbDs,2,1,3,0.67
nbHB,0,1,1,0.0
nbHD,1,1,2,0.5
nbHH,0,0,0,
nbHI,1,0,1,1.0
nbHL,1,1,2,0.5
nbHM,3,2,5,0.6
nbHN,5,0,5,1.0
nbHP,7,2,9,0.78
nbHS,1,2,3,0.33
nbHb,1,2,3,0.33
nbHh,1,0,1,1.0
nbHl,1,0,1,1.0
nbHm,2,2,4,0.5
nbHn,3,3,6,0.5
nbHs,0,1,1,0.0
nbHt,1,1,2,0.5
nbIB,0,1,1,0.0
nbID,0,1,1,0.0
nbIH,0,1,1,0.0
nbIM,0,1,1,0.0
nbIN,1,2,3,0.33
nbIP,1,1,2,0.5
nbIS,1,1,2,0.5
nbIb,1,2,3,0.33
nbIm,0,1,1,0.0
nbIn,1,0,1,1.0
nbJB,0,4,4,0.0
nbJD,0,1,1,0.0
nbJH,2,1,3,0.67
nbJI,0,0,0,
nbJL,2,1,3,0.67
nbJM,2,2,4,0.5
nbJN,1,1,2,0.5
nbJP,3,5,8,0.38
nbJS,1,2,3,0.33
nbJb,1,2,3,0.33
nbJh,0,0,0,
nbJl,1,3,4,0.25
nbJm,3,0,3,1.0
nbJn,2,2,4,0.5
nbJs,1,2,3,0.33
nbJt,0,1,1,0.0
nbKB,0,1,1,0.0
nbKH,1,0,1,1.0
nbKL,0,1,1,0.0
nbKM,3,2,5,0.6
nbKN,1,3,4,0.25
nbKP,1,1,2,0.5
nbKS,1,1,2,0.5
nbKb,1,2,3,0.33
nbKh,2,0,2,1.0
nbKl,1,0,1,1.0
nbKm,2,4,6,0.33
nbKn,1,0,1,1.0
nbKs,3,2,5,0.6
nbLB,3,2,5,0.6
nbLD,1,0,1,1.0
nbLH,1,0,1,1.0
nbLK,0,1,1,0.0
nbLL,0,1,1,0.0
nbLM,4,4,8,0.5
nbLN,8,3,11,0.73
nbLP,6,2,8,0.75
nbLS,4,0,4,1.0
nbLb,3,1,4,0.75
nbLh,1,0,1,1.0
nbLl,2,0,2,1.0
nbLm,8,4,12,0.67
nbLn,5,4,9,0.56
nbLs,4,1,5,0.8
nbMB,11,4,15,0.73
nbMD,3,5,8,0.38
nbML,1,4,5,0.2
nbMM,9,7,16,0.56
nbMN,7,9,16,0.44
nbMP,13,10,23,0.57
nbMS,6,6,12,0.5
nbMb,12,7,19,0.63
nbMh,5,9,14,0.36
nbMj,1,2,3,0.33
nbMl,1,1,2,0.5
nbMm,19,11,30,0.63
nbMn,21,12,33,0.64
nbMs,9,4,13,0.69
nbMt,2,1,3,0.67
nbNB,13,14,27,0.48
nbND,5,4,9,0.56
nbNH,1,4,5,0.2
nbNK,1,2,3,0.33
nbNL,2,5,7,0.29
nbNM,9,16,25,0.36
nbNN,16,16,32,0.5
nbNP,23,19,42,0.55
nbNS,17,12,29,0.59
nbNb,9,4,13,0.69
nbNh,5,7,12,0.42
nbNl,4,4,8,0.5
nbNm,13,10,23,0.57
nbNn,21,27,48,0.44
nbNs,7,8,15,0.47
nbNt,4,1,5,0.8
nbPB,7,12,19,0.37
nbPD,6,2,8,0.75
nbPH,7,7,14,0.5
nbPI,1,1,2,0.5
nbPK,1,0,1,1.0
nbPL,6,3,9,0.67
nbPM,13,12,25,0.52
nbPN,17,13,30,0.57
nbPP,19,22,41,0.46
nbPS,11,12,23,0.48
nbPb,15,19,34,0.44
nbPh,3,2,5,0.6
nbPl,5,3,8,0.62
nbPm,12,8,20,0.6
nbPn,17,12,29,0.59
nbPs,7,8,15,0.47
nbPt,2,1,3,0.67
nbSB,2,1,3,0.67
nbSD,1,2,3,0.33
nbSH,2,2,4,0.5
nbSI,0,0,0,
nbSL,3,3,6,0.5
nbSM,5,3,8,0.62
nbSN,6,4,10,0.6
nbSP,6,6,12,0.5
nbSS,5,4,9,0.56
nbSb,5,3,8,0.62
nbSh,3,4,7,0.43
nbSl,2,2,4,0.5
nbSm,9,7,16,0.56
nbSn,10,8,18,0.56
nbSs,6,5,11,0.55
nbbB,11,11,22,0.5
nbbD,3,0,3,1.0
nbbH,1,0,1,1.0
nbbI,3,1,4,0.75
nbbJ,1,2,3,0.33
nbbK,1,1,2,0.5
nbbL,5,2,7,0.71
nbbM,14,12,26,0.54
nbbN,19,13,32,0.59
nbbP,18,11,29,0.62
nbbS,2,5,7,0.29
nbbb,20,10,30,0.67
nbbl,2,2,4,0.5
nbbm,6,3,9,0.67
nbbn,10,11,21,0.48
nbbs,7,2,9,0.78
nblB,1,3,4,0.25
nblD,0,1,1,0.0
nblH,0,1,1,0.0
nblJ,1,0,1,1.0
nblL,0,2,2,0.0
nblM,3,0,3,1.0
nblN,1,8,9,0.11
nblP,4,3,7,0.57
nblS,1,2,3,0.33
nblb,6,3,9,0.67
nbll,1,0,1,1.0
nblm,1,6,7,0.14
nbln,1,3,4,0.25
nbls,0,2,2,0.0
nbmB,8,9,17,0.47
nbmD,3,0,3,1.0
nbmH,10,5,15,0.67
nbmI,1,0,1,1.0
nbmJ,2,1,3,0.67
nbmL,3,0,3,1.0
nbmM,14,18,32,0.44
nbmN,5,15,20,0.25
nbmP,9,8,17,0.53
nbmS,6,7,13,0.46
nbmb,9,12,21,0.43
nbml,1,1,2,0.5
nbmm,8,2,10,0.8
nbmn,9,10,19,0.47
nbms,4,5,9,0.44
nbnB,4,6,10,0.4
nbnD,3,2,5,0.6
nbnH,6,9,15,0.4
nbnI,1,2,3,0.33
nbnK,1,1,2,0.5
nbnL,4,4,8,0.5
nbnM,6,11,17,0.35
nbnN,22,18,40,0.55
nbnP,10,11,21,0.48
nbnS,9,4,13,0.69
nbnb,7,8,15,0.47
nbnl,0,4,4,0.0
nbnm,12,4,16,0.75
nbnn,14,10,24,0.58
nbns,9,6,15,0.6
nbsB,3,1,4,0.75
nbsD,2,2,4,0.5
nbsH,1,1,2,0.5
nbsI,2,0,2,1.0
nbsL,3,1,4,0.75
nbsM,3,2,5,0.6
nbsN,5,3,8,0.62
nbsP,4,3,7,0.57
nbsS,3,4,7,0.43
nbsb,6,3,9,0.67
nbsh,0,0,0,
nbsm,1,6,7,0.14
nbsn,6,0,6,1.0
nbss,6,3,9,0.67
nhBB,2,0,2,1.0
nhBD,1,0,1,1.0
nhBP,0,1,1,0.0
nhBb,0,1,1,0.0
nhBm,1,0,1,1.0
nhDB,1,0,1,1.0
nhDH,0,1,1,0.0
nhDP,0,1,1,0.0
nhHL,1,0,1,1.0
nhHM,0,1,1,0.0
nhHN,0,1,1,0.0
nhHh,0,0,0,
nhHs,0,1,1,0.0
nhLB,1,0,1,1.0
nhLM,0,1,1,0.0
nhLh,0,1,1,0.0
nhMB,0,1,1,0.0
nhMD,0,0,0,
nhMP,2,0,2,1.0
nhMh,0,1,1,0.0
nhMl,0,1,1,0.0
nhMm,0,0,0,
nhMn,0,1,1,0.0
nhNL,0,0,0,
nhNN,0,1,1,0.0
nhNS,0,1,1,0.0
nhNh,0,0,0,
nhNl,1,0,1,1.0
nhNm,0,0,0,
nhNn,1,0,1,1.0
nhNs,0,2,2,0.0
nhPB,1,0,1,1.0
nhPL,0,1,1,0.0
nhPN,1,1,2,0.5
nhPS,0,2,2,0.0
nhPm,2,0,2,1.0
nhPn,0,0,0,
nhPs,2,0,2,1.0
nhSB,1,0,1,1.0
nhSN,1,0,1,1.0
nhSb,1,0,1,1.0
nhSm,2,0,2,1.0
nhSn,1,1,2,0.5
nhbD,0,1,1,0.0
nhbK,0,0,0,
nhbL,1,0,1,1.0
nhbM,1,1,2,0.5
nhbb,1,1,2,0.5
nhbm,0,1,1,0.0
nhhN,1,0,1,1.0
nhhP,1,0,1,1.0
nhhb,1,0,1,1.0
nhhh,0,1,1,0.0
nhhn,1,2,3,0.33
nhhs,1,1,2,0.5
nhht,0,1,1,0.0
nhlH,0,1,1,0.0
nhlb,0,1,1,0.0
nhln,0,1,1,0.0
nhmB,0,1,1,0.0
nhmH,0,1,1,0.0
nhmM,0,1,1,0.0
nhmN,0,1,1,0.0
nhmP,1,0,1,1.0
nhmS,0,1,1,0.0
nhmb,0,1,1,0.0
nhmn,1,0,1,1.0
nhnD,0,1,1,0.0
nhnH,1,0,1,1.0
nhnN,0,2,2,0.0
nhnP,1,0,1,1.0
nhnm,0,1,1,0.0
nhns,0,1,1,0.0
nhsB,1,0,1,1.0
nhsD,0,1,1,0.0
nhsH,1,1,2,0.5
nhsN,1,1,2,0.5
nhsP,2,0,2,1.0
nhsS,1,0,1,1.0
nhsh,0,0,0,
nlBB,2,3,5,0.4
nlBK,1,1,2,0.5
nlBL,1,1,2,0.5
nlBM,4,3,7,0.57
nlBN,7,5,12,0.58
nlBP,3,8,11,0.27
nlBS,3,2,5,0.6
nlBb,2,2,4,0.5
nlBm,1,2,3,0.33
nlBn,7,4,11,0.64
nlBs,2,0,2,1.0
nlDD,0,1,1,0.0
nlDM,0,6,6,0.0
nlDN,0,1,1,0.0
nlDP,0,1,1,0.0
nlDS,0,1,1,0.0
nlDb,2,0,2,1.0
nlDl,0,1,1,0.0
nlDm,1,0,1,1.0
nlDn,0,1,1,0.0
nlHB,3,2,5,0.6
nlHD,1,1,2,0.5
nlHI,0,1,1,0.0
nlHK,0,1,1,0.0
nlHL,1,0,1,1.0
nlHM,0,2,2,0.0
nlHN,2,1,3,0.67
nlHP,1,3,4,0.25
nlHS,3,0,3,1.0
nlHb,1,2,3,0.33
nlHh,1,0,1,1.0
nlHl,1,0,1,1.0
nlHm,3,1,4,0.75
nlHn,3,2,5,0.6
nlHs,1,3,4,0.25
nlIB,1,1,2,0.5
nlIN,0,0,0,
nlIP,0,1,1,0.0
nlIb,1,0,1,1.0
nlIm,1,0,1,1.0
nlJK,0,1,1,0.0
nlJM,1,4,5,0.2
nlJN,1,2,3,0.33
nlJP,1,1,2,0.5
nlJS,2,0,2,1.0
nlJb,1,0,1,1.0
nlJl,0,2,2,0.0
nlJm,1,1,2,0.5
nlJn,1,2,3,0.33
nlKB,1,0,1,1.0
nlKs,0,1,1,0.0
nlLB,0,1,1,0.0
nlLL,2,0,2,1.0
nlLM,1,1,2,0.5
nlLN,1,2,3,0.33
nlLP,2,1,3,0.67
nlLS,0,0,0,
nlLb,0,3,3,0.0
nlLh,0,0,0,
nlLl,1,1,2,0.5
nlLm,3,1,4,0.75
nlLn,3,0,3,1.0
nlLs,1,2,3,0.33
nlMB,5,4,9,0.56
nlMD,2,2,4,0.5
nlML,2,4,6,0.33
nlMM,2,3,5,0.4
nlMN,2,5,7,0.29
nlMP,3,4,7,0.43
nlMS,2,3,5,0.4
nlMb,3,4,7,0.43
nlMh,4,2,6,0.67
nlMj,1,0,1,1.0
nlMm,5,6,11,0.45
nlMn,6,4,10,0.6
nlMs,1,3,4,0.25
nlMt,0,1,1,0.0
nlNB,0,4,4,0.0
nlND,1,1,2,0.5
nlNK,2,2,4,0.5
nlNL,1,0,1,1.0
nlNM,4,2,6,0.67
nlNN,3,6,9,0.33
nlNP,7,7,14,0.5
nlNS,6,5,11,0.55
nlNb,5,2,7,0.71
nlNh,2,1,3,0.67
nlNl,1,0,1,1.0
nlNm,4,1,5,0.8
nlNn,4,6,10,0.4
nlNs,2,5,7,0.29
nlNt,0,1,1,0.0
nlPB,2,7,9,0.22
nlPD,0,1,1,0.0
nlPH,1,1,2,0.5
nlPI,0,1,1,0.0
nlPL,3,3,6,0.5
nlPM,6,6,12,0.5
nlPN,10,3,13,0.77
nlPP,8,4,12,0.67
nlPS,4,3,7,0.57
nlPb,2,3,5,0.4
nlPh,0,1,1,0.0
nlPl,1,1,2,0.5
nlPm,2,1,3,0.67
nlPn,7,4,11,0.64
nlPs,1,3,4,0.25
nlPt,0,1,1,0.0
nlSB,1,3,4,0.25
nlSL,2,0,2,1.0
nlSM,3,4,7,0.43
nlSN,4,3,7,0.57
nlSP,1,3,4,0.25
nlSS,3,3,6,0.5
nlSb,2,2,4,0.5
nlSh,1,1,2,0.5
nlSl,0,0,0,
nlSm,4,2,6,0.67
nlSn,3,3,6,0.5
nlSs,2,1,3,0.67
nlbB,2,2,4,0.5
nlbD,0,1,1,0.0
nlbH,0,0,0,
nlbI,1,1,2,0.5
nlbK,1,0,1,1.0
nlbL,3,1,4,0.75
nlbM,4,5,9,0.44
nlbN,9,5,14,0.64
nlbP,5,3,8,0.62
nlbS,1,1,2,0.5
nlbb,2,3,5,0.4
nlbl,1,2,3,0.33
nlbm,4,1,5,0.8
nlbn,6,1,7,0.86
nlbs,4,0,4,1.0
nllB,1,1,2,0.5
nllD,1,0,1,1.0
nllJ,1,0,1,1.0
nllL,0,1,1,0.0
nllM,0,1,1,0.0
nllN,1,2,3,0.33
nllP,1,4,5,0.2
nllS,3,0,3,1.0
nllb,0,0,0,
nlll,0,0,0,
nllm,2,1,3,0.67
nlln,0,0,0,
nlmB,5,1,6,0.83
nlmD,1,0,1,1.0
nlmH,4,1,5,0.8
nlmL,0,1,1,0.0
nlmM,3,1,4,0.75
nlmN,4,2,6,0.67
nlmP,4,5,9,0.44
nlmS,2,1,3,0.67
nlmb,4,1,5,0.8
nlml,1,0,1,1.0
nlmm,6,1,7,0.86
nlmn,4,1,5,0.8
nlnB,5,2,7,0.71
nlnD,1,2,3,0.33
nlnH,1,2,3,0.33
nlnK,1,0,1,1.0
nlnL,2,2,4,0.5
nlnM,4,3,7,0.57
nlnN,2,4,6,0.33
nlnP,4,3,7,0.57
nlnS,1,2,3,0.33
nlnb,8,3,11,0.73
nlnl,0,2,2,0.0
nlnm,3,1,4,0.75
nlnn,4,1,5,0.8
nlns,1,2,3,0.33
nlsB,2,1,3,0.67
nlsD,1,1,2,0.5
nlsH,1,4,5,0.2
nlsI,0,1,1,0.0
nlsL,2,0,2,1.0
nlsM,3,3,6,0.5
nlsN,2,0,2,1.0
nlsP,3,4,7,0.43
nlsS,1,1,2,0.5
nlsb,0,0,0,
nlsl,0,1,1,0.0
nlsm,2,2,4,0.5
nlsn,2,0,2,1.0
nlss,2,1,3,0.67
nmBB,12,12,24,0.5
nmBD,2,2,4,0.5
nmBK,0,3,3,0.0
nmBL,4,6,10,0.4
nmBM,12,18,30,0.4
nmBN,13,11,24,0.54
nmBP,18,16,34,0.53
nmBS,11,8,19,0.58
nmBb,9,7,16,0.56
nmBh,1,2,3,0.33
nmBj,2,0,2,1.0
nmBl,2,6,8,0.25
nmBm,12,8,20,0.6
nmBn,17,19,36,0.47
nmBs,10,8,18,0.56
nmBt,2,1,3,0.67
nmDB,3,4,7,0.43
nmDD,3,4,7,0.43
nmDH,0,4,4,0.0
nmDL,1,4,5,0.2
nmDM,4,7,11,0.36
nmDN,8,6,14,0.57
nmDP,3,8,11,0.27
nmDS,1,5,6,0.17
nmDb,2,1,3,0.67
nmDm,8,10,18,0.44
nmDn,5,2,7,0.71
nmDs,4,3,7,0.57
nmHB,8,8,16,0.5
nmHD,2,4,6,0.33
nmHH,1,2,3,0.33
nmHI,0,1,1,0.0
nmHL,3,1,4,0.75
nmHM,6,8,14,0.43
nmHN,10,11,21,0.48
nmHP,13,10,23,0.57
nmHS,9,10,19,0.47
nmHb,10,6,16,0.62
nmHh,6,1,7,0.86
nmHl,3,1,4,0.75
nmHm,9,9,18,0.5
nmHn,11,21,32,0.34
nmHs,4,2,6,0.67
nmHt,0,1,1,0.0
nmIB,0,1,1,0.0
nmIH,0,0,0,
nmIL,0,1,1,0.0
nmIM,0,2,2,0.0
nmIN,1,0,1,1.0
nmIP,0,1,1,0.0
nmIS,1,0,1,1.0
nmIb,0,1,1,0.0
nmIm,1,1,2,0.5
nmIn,2,0,2,1.0
nmJB,0,5,5,0.0
nmJD,0,0,0,
nmJH,0,0,0,
nmJI,0,1,1,0.0
nmJL,0,2,2,0.0
nmJM,1,2,3,0.33
nmJN,3,2,5,0.6
nmJP,1,2,3,0.33
nmJS,1,0,1,1.0
nmJb,1,1,2,0.5
nmJl,0,3,3,0.0
nmJm,1,1,2,0.5
nmJn,1,1,2,0.5
nmJs,1,1,2,0.5
nmKL,1,0,1,1.0
nmKN,0,0,0,
nmKS,0,1,1,0.0
nmLB,2,1,3,0.67
nmLD,0,1,1,0.0
nmLL,0,3,3,0.0
nmLM,2,3,5,0.4
nmLN,1,6,7,0.14
nmLP,7,1,8,0.88
nmLS,2,2,4,0.5
nmLb,5,2,7,0.71
nmLh,0,0,0,
nmLj,2,0,2,1.0
nmLl,2,3,5,0.4
nmLm,4,2,6,0.67
nmLn,6,4,10,0.6
nmLs,1,2,3,0.33
nmLt,0,0,0,
nmMB,8,15,23,0.35
nmMD,3,4,7,0.43
nmML,5,6,11,0.45
nmMM,9,11,20,0.45
nmMN,17,13,30,0.57
nmMP,21,23,44,0.48
nmMS,7,11,18,0.39
nmMb,9,14,23,0.39
nmMh,7,7,14,0.5
nmMj,1,1,2,0.5
nmMl,6,5,11,0.55
nmMm,13,15,28,0.46
nmMn,14,13,27,0.52
nmMs,10,10,20,0.5
nmNB,9,13,22,0.41
nmND,3,8,11,0.27
nmNH,3,2,5,0.6
nmNK,2,2,4,0.5
nmNL,4,7,11,0.36
nmNM,16,20,36,0.44
nmNN,21,21,42,0.5
nmNP,20,23,43,0.47
nmNS,14,16,30,0.47
nmNb,15,11,26,0.58
nmNh,4,5,9,0.44
nmNl,3,5,8,0.38
nmNm,17,12,29,0.59
nmNn,29,27,56,0.52
nmNs,5,15,20,0.25
nmNt,1,3,4,0.25
nmPB,13,17,30,0.43
nmPD,6,0,6,1.0
nmPH,0,5,5,0.0
nmPI,2,1,3,0.67
nmPK,0,2,2,0.0
nmPL,9,8,17,0.53
nmPM,20,21,41,0.49
nmPN,17,18,35,0.49
nmPP,36,25,61,0.59
nmPS,10,14,24,0.42
nmPb,21,10,31,0.68
nmPh,1,0,1,1.0
nmPl,2,1,3,0.67
nmPm,14,13,27,0.52
nmPn,15,21,36,0.42
nmPs,13,9,22,0.59
nmPt,0,2,2,0.0
nmSB,5,9,14,0.36
nmSD,4,3,7,0.57
nmSH,1,7,8,0.12
nmSI,0,1,1,0.0
nmSL,1,1,2,0.5
nmSM,7,8,15,0.47
nmSN,6,12,18,0.33
nmSP,12,12,24,0.5
nmSS,4,12,16,0.25
nmSb,7,5,12,0.58
nmSh,9,6,15,0.6
nmSl,1,2,3,0.33
nmSm,14,3,17,0.82
nmSn,9,7,16,0.56
nmSs,2,8,10,0.2
nmSt,1,2,3,0.33
nmbB,11,15,26,0.42
nmbD,2,2,4,0.5
nmbH,3,1,4,0.75
nmbI,2,1,3,0.67
nmbJ,1,2,3,0.33
nmbK,0,1,1,0.0
nmbL,1,2,3,0.33
nmbM,7,15,22,0.32
nmbN,19,19,38,0.5
nmbP,16,14,30,0.53
nmbS,8,8,16,0.5
nmbb,10,18,28,0.36
nmbl,2,2,4,0.5
nmbm,10,9,19,0.53
nmbn,25,14,39,0.64
nmbs,4,3,7,0.57
nmhm,1,0,1,1.0
nmlB,3,1,4,0.75
nmlD,2,1,3,0.67
nmlH,1,2,3,0.33
nmlJ,0,0,0,
nmlL,1,3,4,0.25
nmlM,1,3,4,0.25
nmlN,1,2,3,0.33
nmlP,3,0,3,1.0
nmlS,4,0,4,1.0
nmlb,1,4,5,0.2
nmlm,5,1,6,0.83
nmln,3,1,4,0.75
nmls,0,2,2,0.0
nmmB,11,24,35,0.31
nmmD,5,3,8,0.62
nmmH,6,5,11,0.55
nmmI,0,1,1,0.0
nmmJ,0,1,1,0.0
nmmL,2,2,4,0.5
nmmM,12,12,24,0.5
nmmN,25,20,45,0.56
nmmP,18,17,35,0.51
nmmS,9,11,20,0.45
nmmb,16,14,30,0.53
nmml,3,2,5,0.6
nmmm,17,15,32,0.53
nmmn,12,13,25,0.48
nmms,9,3,12,0.75
nmnB,9,7,16,0.56
nmnD,4,2,6,0.67
nmnH,13,9,22,0.59
nmnI,1,2,3,0.33
nmnK,1,1,2,0.5
nmnL,7,5,12,0.58
nmnM,10,19,29,0.34
nmnN,15,21,36,0.42
nmnP,20,18,38,0.53
nmnS,15,8,23,0.65
nmnb,11,9,20,0.55
nmnh,0,1,1,0.0
nmnl,4,1,5,0.8
nmnm,16,6,22,0.73
nmnn,16,9,25,0.64
nmns,12,8,20,0.6
nmsB,4,6,10,0.4
nmsD,2,0,2,1.0
nmsH,7,5,12,0.58
nmsI,0,1,1,0.0
nmsK,0,1,1,0.0
nmsL,3,3,6,0.5
nmsM,5,5,10,0.5
nmsN,4,7,11,0.36
nmsP,6,7,13,0.46
nmsS,6,6,12,0.5
nmsb,4,7,11,0.36
nmsh,0,1,1,0.0
nmsl,0,1,1,0.0
nmsm,10,12,22,0.45
nmsn,13,6,19,0.68
nmss,5,2,7,0.71
nmst,0,1,1,0.0
nmtb,1,0,1,1.0
nnBB,6,6,12,0.5
nnBD,2,6,8,0.25
nnBH,0,0,0,
nnBK,2,2,4,0.5
nnBL,6,5,11,0.55
nnBM,4,10,14,0.29
nnBN,14,12,26,0.54
nnBP,17,14,31,0.55
nnBS,7,3,10,0.7
nnBb,9,9,18,0.5
nnBh,0,0,0,
nnBj,2,0,2,1.0
nnBl,2,1,3,0.67
nnBm,11,11,22,0.5
nnBn,19,21,40,0.48
nnBs,5,6,11,0.45
nnBt,2,1,3,0.67
nnDB,5,6,11,0.45
nnDD,4,1,5,0.8
nnDH,5,6,11,0.45
nnDI,1,0,1,1.0
nnDL,2,1,3,0.67
nnDM,4,2,6,0.67
nnDN,2,6,8,0.25
nnDP,4,7,11,0.36
nnDS,0,5,5,0.0
nnDb,4,1,5,0.8
nnDl,1,1,2,0.5
nnDm,3,8,11,0.27
nnDn,6,2,8,0.75
nnDs,2,6,8,0.25
nnDt,1,0,1,1.0
nnHB,5,10,15,0.33
nnHD,1,2,3,0.33
nnHH,3,1,4,0.75
nnHI,1,0,1,1.0
nnHK,0,0,0,
nnHL,4,2,6,0.67
nnHM,9,4,13,0.69
nnHN,5,11,16,0.31
nnHP,11,10,21,0.52
nnHS,2,5,7,0.29
nnHb,8,8,16,0.5
nnHh,4,4,8,0.5
nnHl,2,1,3,0.67
nnHm,6,7,13,0.46
nnHn,11,11,22,0.5
nnHs,5,6,11,0.45
nnIB,0,1,1,0.0
nnID,1,1,2,0.5
nnIH,2,1,3,0.67
nnIL,0,1,1,0.0
nnIM,1,3,4,0.25
nnIN,3,0,3,1.0
nnIP,2,3,5,0.4
nnIS,3,1,4,0.75
nnIb,0,2,2,0.0
nnIl,1,0,1,1.0
nnIm,2,2,4,0.5
nnIn,2,2,4,0.5
nnIs,3,1,4,0.75
nnKB,0,4,4,0.0
nnKI,0,0,0,
nnKL,1,0,1,1.0
nnKM,2,5,7,0.29
nnKN,3,1,4,0.75
nnKP,2,2,4,0.5
nnKS,1,0,1,1.0
nnKh,2,3,5,0.4
nnKm,2,0,2,1.0
nnKn,0,1,1,0.0
nnKs,0,1,1,0.0
nnLB,3,1,4,0.75
nnLD,0,0,0,
nnLL,1,0,1,1.0
nnLM,6,2,8,0.75
nnLN,5,3,8,0.62
nnLP,6,7,13,0.46
nnLS,2,6,8,0.25
nnLb,3,4,7,0.43
nnLh,2,1,3,0.67
nnLj,1,0,1,1.0
nnLl,2,0,2,1.0
nnLm,4,2,6,0.67
nnLn,9,4,13,0.69
nnLs,4,2,6,0.67
nnLt,1,1,2,0.5
nnMB,11,9,20,0.55
nnMD,3,1,4,0.75
nnML,1,8,9,0.11
nnMM,8,8,16,0.5
nnMN,9,19,28,0.32
nnMP,14,18,32,0.44
nnMS,13,12,25,0.52
nnMb,9,7,16,0.56
nnMh,15,10,25,0.6
nnMj,1,2,3,0.33
nnMl,1,4,5,0.2
nnMm,18,11,29,0.62
nnMn,16,18,34,0.47
nnMs,5,17,22,0.23
nnMt,1,0,1,1.0
nnNB,11,12,23,0.48
nnND,8,3,11,0.73
nnNH,4,4,8,0.5
nnNK,3,1,4,0.75
nnNL,7,6,13,0.54
nnNM,20,8,28,0.71
nnNN,27,30,57,0.47
nnNP,26,25,51,0.51
nnNS,15,19,34,0.44
nnNb,15,21,36,0.42
nnNh,6,1,7,0.86
nnNl,5,0,5,1.0
nnNm,17,11,28,0.61
nnNn,32,32,64,0.5
nnNs,13,19,32,0.41
nnNt,1,4,5,0.2
nnPB,17,20,37,0.46
nnPD,3,6,9,0.33
nnPH,5,4,9,0.56
nnPI,3,1,4,0.75
nnPK,1,1,2,0.5
nnPL,6,7,13,0.46
nnPM,15,24,39,0.38
nnPN,22,19,41,0.54
nnPP,22,40,62,0.35
nnPS,18,17,35,0.51
nnPb,17,20,37,0.46
nnPh,1,1,2,0.5
nnPl,7,7,14,0.5
nnPm,31,18,49,0.63
nnPn,28,26,54,0.52
nnPs,29,13,42,0.69
nnPt,1,0,1,1.0
nnSB,8,8,16,0.5
nnSD,3,6,9,0.33
nnSH,0,4,4,0.0
nnSI,0,1,1,0.0
nnSK,0,2,2,0.0
nnSL,2,4,6,0.33
nnSM,13,12,25,0.52
nnSN,14,12,26,0.54
nnSP,13,9,22,0.59
nnSS,9,9,18,0.5
nnSb,8,12,20,0.4
nnSh,6,8,14,0.43
nnSl,2,3,5,0.4
nnSm,11,12,23,0.48
nnSn,11,6,17,0.65
nnSs,9,7,16,0.56
nnbB,9,11,20,0.45
nnbD,1,2,3,0.33
nnbH,2,3,5,0.4
nnbI,1,2,3,0.33
nnbJ,2,3,5,0.4
nnbK,2,2,4,0.5
nnbL,4,2,6,0.67
nnbM,4,10,14,0.29
nnbN,15,21,36,0.42
nnbP,21,14,35,0.6
nnbS,8,7,15,0.53
nnbb,11,5,16,0.69
nnbl,3,4,7,0.43
nnbm,10,9,19,0.53
nnbn,13,12,25,0.52
nnbs,3,4,7,0.43
nnhB,1,1,2,0.5
nnhH,0,1,1,0.0
nnhM,0,0,0,
nnhb,0,0,0,
nnhm,1,0,1,1.0
nnhn,0,0,0,
nnhs,0,0,0,
nnlB,4,0,4,1.0
nnlD,0,1,1,0.0
nnlH,0,3,3,0.0
nnlI,0,0,0,
nnlJ,0,1,1,0.0
nnlK,1,0,1,1.0
nnlL,2,2,4,0.5
nnlM,6,4,10,0.6
nnlN,4,7,11,0.36
nnlP,9,5,14,0.64
nnlS,6,2,8,0.75
nnlb,3,3,6,0.5
nnll,0,2,2,0.0
nnlm,2,5,7,0.29
nnln,3,4,7,0.43
nnls,1,2,3,0.33
nnmB,19,13,32,0.59
nnmD,3,1,4,0.75
nnmH,5,12,17,0.29
nnmI,1,1,2,0.5
nnmJ,2,1,3,0.67
nnmL,7,2,9,0.78
nnmM,15,12,27,0.56
nnmN,16,15,31,0.52
nnmP,21,14,35,0.6
nnmS,10,9,19,0.53
nnmb,7,13,20,0.35
nnml,1,1,2,0.5
nnmm,13,6,19,0.68
nnmn,11,7,18,0.61
nnms,6,6,12,0.5
nnnB,10,15,25,0.4
nnnD,4,5,9,0.44
nnnH,9,9,18,0.5
nnnI,6,0,6,1.0
nnnK,4,1,5,0.8
nnnL,1,4,5,0.2
nnnM,17,13,30,0.57
nnnN,20,26,46,0.43
nnnP,26,39,65,0.4
nnnS,14,15,29,0.48
nnnb,16,10,26,0.62
nnnl,5,2,7,0.71
nnnm,23,12,35,0.66
nnnn,27,26,53,0.51
nnns,17,14,31,0.55
nnsB,6,9,15,0.4
nnsD,2,3,5,0.4
nnsH,7,9,16,0.44
nnsI,0,2,2,0.0
nnsL,2,3,5,0.4
nnsM,7,2,9,0.78
nnsN,10,11,21,0.48
nnsP,7,11,18,0.39
nnsS,14,12,26,0.54
nnsb,5,6,11,0.45
nnsl,1,2,3,0.33
nnsm,11,10,21,0.52
nnsn,12,11,23,0.52
nnss,12,5,17,0.71
nnst,0,1,1,0.0
nsBB,8,8,16,0.5
nsBD,2,1,3,0.67
nsBK,1,3,4,0.25
nsBL,2,2,4,0.5
nsBM,3,4,7,0.43
nsBN,8,7,15,0.53
nsBP,8,6,14,0.57
nsBS,5,4,9,0.56
nsBb,3,11,14,0.21
nsBh,1,0,1,1.0
nsBj,1,0,1,1.0
nsBl,2,2,4,0.5
nsBm,2,6,8,0.25
nsBn,10,8,18,0.56
nsBs,5,3,8,0.62
nsBt,1,1,2,0.5
nsDB,2,1,3,0.67
nsDD,1,4,5,0.2
nsDH,1,2,3,0.33
nsDL,0,2,2,0.0
nsDM,3,6,9,0.33
nsDN,2,0,2,1.0
nsDP,8,4,12,0.67
nsDS,2,3,5,0.4
nsDb,1,1,2,0.5
nsDl,1,3,4,0.25
nsDm,4,2,6,0.67
nsDn,3,2,5,0.6
nsDs,2,4,6,0.33
nsHB,5,8,13,0.38
nsHD,0,1,1,0.0
nsHH,2,3,5,0.4
nsHI,1,1,2,0.5
nsHK,2,1,3,0.67
nsHL,1,2,3,0.33
nsHM,6,6,12,0.5
nsHN,6,7,13,0.46
nsHP,11,6,17,0.65
nsHS,8,17,25,0.32
nsHb,11,6,17,0.65
nsHh,8,1,9,0.89
nsHl,1,3,4,0.25
nsHm,9,6,15,0.6
nsHn,9,4,13,0.69
nsHs,9,8,17,0.53
nsHt,1,1,2,0.5
nsIB,1,1,2,0.5
nsID,0,1,1,0.0
nsIH,1,1,2,0.5
nsIL,0,1,1,0.0
nsIM,0,1,1,0.0
nsIN,2,1,3,0.67
nsIP,1,2,3,0.33
nsIS,1,1,2,0.5
nsIb,4,1,5,0.8
nsIl,0,0,0,
nsIm,2,0,2,1.0
nsIn,1,1,2,0.5
nsIs,0,0,0,
nsIt,1,0,1,1.0
nsKN,0,0,0,
nsKS,1,0,1,1.0
nsKb,0,1,1,0.0
nsKn,1,0,1,1.0
nsLB,1,2,3,0.33
nsLL,1,0,1,1.0
nsLM,1,1,2,0.5
nsLN,3,3,6,0.5
nsLP,4,2,6,0.67
nsLS,1,1,2,0.5
nsLb,2,0,2,1.0
nsLh,0,0,0,
nsLj,1,1,2,0.5
nsLl,1,0,1,1.0
nsLm,5,2,7,0.71
nsLn,3,2,5,0.6
nsLs,2,6,8,0.25
nsMB,6,10,16,0.38
nsMD,2,0,2,1.0
nsML,1,1,2,0.5
nsMM,2,11,13,0.15
nsMN,12,13,25,0.48
nsMP,8,6,14,0.57
nsMS,1,6,7,0.14
nsMb,7,7,14,0.5
nsMh,8,9,17,0.47
nsMj,0,2,2,0.0
nsMl,2,1,3,0.67
nsMm,12,6,18,0.67
nsMn,14,10,24,0.58
nsMs,9,8,17,0.53
nsMt,0,2,2,0.0
nsNB,6,9,15,0.4
nsND,5,4,9,0.56
nsNH,2,2,4,0.5
nsNK,2,1,3,0.67
nsNL,0,4,4,0.0
nsNM,16,5,21,0.76
nsNN,12,26,38,0.32
nsNP,12,13,25,0.48
nsNS,15,3,18,0.83
nsNb,4,7,11,0.36
nsNh,4,1,5,0.8
nsNl,6,3,9,0.67
nsNm,8,9,17,0.47
nsNn,16,14,30,0.53
nsNs,8,3,11,0.73
nsNt,3,1,4,0.75
nsPB,11,5,16,0.69
nsPD,1,2,3,0.33
nsPH,5,6,11,0.45
nsPI,3,1,4,0.75
nsPK,0,1,1,0.0
nsPL,5,0,5,1.0
nsPM,7,10,17,0.41
nsPN,7,14,21,0.33
nsPP,10,11,21,0.48
nsPS,10,6,16,0.62
nsPb,14,5,19,0.74
nsPh,3,2,5,0.6
nsPl,5,1,6,0.83
nsPm,10,16,26,0.38
nsPn,14,13,27,0.52
nsPs,6,6,12,0.5
nsPt,1,0,1,1.0
nsSB,7,4,11,0.64
nsSD,8,2,10,0.8
nsSH,0,2,2,0.0
nsSK,0,0,0,
nsSL,4,4,8,0.5
nsSM,10,15,25,0.4
nsSN,13,5,18,0.72
nsSP,10,9,19,0.53
nsSS,13,12,25,0.52
nsSb,9,3,12,0.75
nsSh,5,6,11,0.45
nsSl,1,0,1,1.0
nsSm,11,12,23,0.48
nsSn,11,7,18,0.61
nsSs,8,6,14,0.57
nsbB,3,1,4,0.75
nsbD,1,1,2,0.5
nsbH,0,1,1,0.0
nsbI,2,0,2,1.0
nsbJ,1,0,1,1.0
nsbK,1,1,2,0.5
nsbL,4,0,4,1.0
nsbM,8,5,13,0.62
nsbN,7,12,19,0.37
nsbP,9,6,15,0.6
nsbS,2,1,3,0.67
nsbb,7,4,11,0.64
nsbl,3,4,7,0.43
nsbm,9,10,19,0.47
nsbn,4,7,11,0.36
nsbs,4,4,8,0.5
nshB,1,1,2,0.5
nshM,1,0,1,1.0
nshP,0,0,0,
nshS,1,1,2,0.5
nshb,1,0,1,1.0
nshm,0,1,1,0.0
nshn,0,1,1,0.0
nshs,1,1,2,0.5
nslB,3,2,5,0.6
nslD,0,1,1,0.0
nslH,3,2,5,0.6
nslJ,1,0,1,1.0
nslK,0,0,0,
nslL,1,2,3,0.33
nslM,2,3,5,0.4
nslN,2,3,5,0.4
nslP,2,1,3,0.67
nslS,3,5,8,0.38
nslb,2,1,3,0.67
nsll,0,2,2,0.0
nslm,4,1,5,0.8
nsln,2,1,3,0.67
nsls,2,1,3,0.67
nsmB,9,9,18,0.5
nsmD,2,7,9,0.22
nsmH,8,14,22,0.36
nsmJ,1,4,5,0.2
nsmL,2,5,7,0.29
nsmM,7,18,25,0.28
nsmN,12,8,20,0.6
nsmP,9,8,17,0.53
nsmS,6,6,12,0.5
nsmb,8,10,18,0.44
nsml,2,2,4,0.5
nsmm,11,9,20,0.55
nsmn,11,14,25,0.44
nsms,4,7,11,0.36
nsnB,7,5,12,0.58
nsnD,3,3,6,0.5
nsnH,8,5,13,0.62
nsnI,2,2,4,0.5
nsnK,1,3,4,0.25
nsnL,5,2,7,0.71
nsnM,7,8,15,0.47
nsnN,15,19,34,0.44
nsnP,24,17,41,0.59
nsnS,9,15,24,0.38
nsnb,10,3,13,0.77
nsnl,1,2,3,0.33
nsnm,9,6,15,0.6
nsnn,10,10,20,0.5
nsns,4,8,12,0.33
nssB,7,4,11,0.64
nssD,0,3,3,0.0
nssH,6,7,13,0.46
nssI,2,0,2,1.0
nssL,2,0,2,1.0
nssM,7,6,13,0.54
nssN,14,19,33,0.42
nssP,13,11,24,0.54
nssS,14,8,22,0.64
nssb,4,5,9,0.44
nssh,1,0,1,1.0
nssl,4,1,5,0.8
nssm,8,10,18,0.44
nssn,11,6,17,0.65
nsss,5,6,11,0.45
nstb,1,0,1,1.0
nstn,1,0,1,1.0
ntDM,1,0,1,1.0
ntNt,0,1,1,0.0
ntSl,0,1,1,0.0
ntsm,0,1,1,0.0
sBBB,6,10,16,0.38
sBBD,1,1,2,0.5
sBBK,2,2,4,0.5
sBBL,1,0,1,1.0
sBBM,4,7,11,0.36
sBBN,10,8,18,0.56
sBBP,4,5,9,0.44
sBBS,2,0,2,1.0
sBBb,9,11,20,0.45
sBBh,0,1,1,0.0
sBBj,1,0,1,1.0
sBBl,1,1,2,0.5
sBBm,8,2,10,0.8
sBBn,7,6,13,0.54
sBBs,1,3,4,0.25
sBBt,0,2,2,0.0
sBDB,3,0,3,1.0
sBDD,1,1,2,0.5
sBDH,1,0,1,1.0
sBDL,1,0,1,1.0
sBDM,1,1,2,0.5
sBDN,0,1,1,0.0
sBDP,0,6,6,0.0
sBDS,2,1,3,0.67
sBDb,1,1,2,0.5
sBDh,0,2,2,0.0
sBDm,5,4,9,0.56
sBDn,0,2,2,0.0
sBKB,0,1,1,0.0
sBKM,0,1,1,0.0
sBKN,0,1,1,0.0
sBKP,0,1,1,0.0
sBKb,0,0,0,
sBKh,0,0,0,
sBKm,0,3,3,0.0
sBKn,2,1,3,0.67
sBKs,0,1,1,0.0
sBLB,1,3,4,0.25
sBLL,1,1,2,0.5
sBLM,1,5,6,0.17
sBLN,2,5,7,0.29
sBLP,3,2,5,0.6
sBLS,1,1,2,0.5
sBLb,3,0,3,1.0
sBLh,1,1,2,0.5
sBLm,2,2,4,0.5
sBLn,1,2,3,0.33
sBLs,0,0,0,
sBMB,5,6,11,0.45
sBMD,2,1,3,0.67
sBMH,0,0,0,
sBML,2,0,2,1.0
sBMM,1,2,3,0.33
sBMN,6,5,11,0.55
sBMP,5,9,14,0.36
sBMS,5,3,8,0.62
sBMb,3,4,7,0.43
sBMh,2,1,3,0.67
sBMj,0,2,2,0.0
sBMl,2,2,4,0.5
sBMm,9,4,13,0.69
sBMn,6,8,14,0.43
sBMs,1,6,7,0.14
sBMt,0,0,0,
sBNB,3,6,9,0.33
sBND,3,1,4,0.75
sBNK,2,2,4,0.5
sBNL,1,2,3,0.33
sBNM,5,8,13,0.38
sBNN,8,6,14,0.57
sBNP,15,15,30,0.5
sBNS,4,5,9,0.44
sBNb,3,4,7,0.43
sBNh,0,2,2,0.0
sBNl,1,2,3,0.33
sBNm,12,11,23,0.52
sBNn,9,8,17,0.53
sBNs,4,3,7,0.57
sBNt,0,0,0,
sBPB,8,2,10,0.8
sBPD,2,1,3,0.67
sBPH,0,1,1,0.0
sBPI,0,1,1,0.0
sBPK,0,0,0,
sBPL,1,4,5,0.2
sBPM,7,6,13,0.54
sBPN,6,9,15,0.4
sBPP,9,10,19,0.47
sBPS,5,4,9,0.56
sBPb,6,6,12,0.5
sBPh,2,0,2,1.0
sBPl,5,2,7,0.71
sBPm,7,9,16,0.44
sBPn,9,7,16,0.56
sBPs,4,2,6,0.67
sBPt,1,0,1,1.0
sBSB,3,0,3,1.0
sBSD,2,2,4,0.5
sBSH,0,3,3,0.0
sBSM,2,2,4,0.5
sBSN,2,0,2,1.0
sBSP,5,1,6,0.83
sBSS,3,5,8,0.38
sBSb,2,1,3,0.67
sBSh,1,1,2,0.5
sBSl,0,2,2,0.0
sBSm,2,2,4,0.5
sBSn,6,4,10,0.6
sBSs,2,2,4,0.5
sBbB,10,9,19,0.53
sBbD,1,0,1,1.0
sBbH,0,1,1,0.0
sBbI,1,0,1,1.0
sBbJ,0,1,1,0.0
sBbK,0,1,1,0.0
sBbL,0,1,1,0.0
sBbM,2,4,6,0.33
sBbN,3,4,7,0.43
sBbP,4,4,8,0.5
sBbS,2,3,5,0.4
sBbb,5,4,9,0.56
sBbl,2,2,4,0.5
sBbm,8,6,14,0.57
sBbn,4,6,10,0.4
sBbs,1,6,7,0.14
sBhB,0,1,1,0.0
sBhD,0,2,2,0.0
sBhM,0,1,1,0.0
sBhN,0,1,1,0.0
sBhP,0,1,1,0.0
sBhS,0,0,0,
sBhh,0,1,1,0.0
sBhm,0,1,1,0.0
sBhn,0,1,1,0.0
sBhs,0,1,1,0.0
sBjB,0,1,1,0.0
sBjH,0,1,1,0.0
sBjK,0,0,0,
sBjL,0,1,1,0.0
sBjM,1,1,2,0.5
sBjN,1,1,2,0.5
sBjP,2,1,3,0.67
sBjS,0,0,0,
sBjb,0,0,0,
sBjm,0,1,1,0.0
sBjn,1,0,1,1.0
sBlB,1,1,2,0.5
sBlH,1,0,1,1.0
sBlJ,0,1,1,0.0
sBlM,4,2,6,0.67
sBlN,1,1,2,0.5
sBlP,3,2,5,0.6
sBlS,2,1,3,0.67
sBlb,1,0,1,1.0
sBlm,2,1,3,0.67
sBln,3,1,4,0.75
sBls,1,2,3,0.33
sBmB,6,5,11,0.55
sBmD,3,2,5,0.6
sBmH,3,3,6,0.5
sBmJ,1,3,4,0.25
sBmL,2,1,3,0.67
sBmM,4,4,8,0.5
sBmN,3,9,12,0.25
sBmP,4,7,11,0.36
sBmS,2,4,6,0.33
sBmb,8,1,9,0.89
sBml,0,1,1,0.0
sBmm,7,3,10,0.7
sBmn,2,4,6,0.33
sBms,2,3,5,0.4
sBnB,6,3,9,0.67
sBnD,0,0,0,
sBnH,2,4,6,0.33
sBnI,1,1,2,0.5
sBnK,1,0,1,1.0
sBnL,0,1,1,0.0
sBnM,5,10,15,0.33
sBnN,13,11,24,0.54
sBnP,6,8,14,0.43
sBnS,4,5,9,0.44
sBnb,5,6,11,0.45
sBnh,0,0,0,
sBnl,2,2,4,0.5
sBnm,9,9,18,0.5
sBnn,5,11,16,0.31
sBns,7,6,13,0.54
sBsB,1,2,3,0.33
sBsD,2,0,2,1.0
sBsH,3,2,5,0.6
sBsI,0,1,1,0.0
sBsK,0,1,1,0.0
sBsL,0,1,1,0.0
sBsM,3,3,6,0.5
sBsN,5,5,10,0.5
sBsP,1,4,5,0.2
sBsS,3,5,8,0.38
sBsb,3,2,5,0.6
sBsh,0,1,1,0.0
sBsl,0,0,0,
sBsm,2,3,5,0.4
sBsn,5,1,6,0.83
sBss,2,5,7,0.29
sBtB,1,0,1,1.0
sBtH,1,1,2,0.5
sBtI,1,0,1,1.0
sBtM,1,2,3,0.33
sBtN,0,3,3,0.0
sBtP,3,0,3,1.0
sBtS,0,2,2,0.0
sBtm,1,0,1,1.0
sBtn,0,1,1,0.0
sDBB,4,0,4,1.0
sDBD,2,0,2,1.0
sDBK,0,0,0,
sDBM,2,2,4,0.5
sDBN,1,2,3,0.33
sDBP,3,2,5,0.6
sDBS,1,1,2,0.5
sDBb,1,2,3,0.33
sDBl,0,2,2,0.0
sDBm,2,4,6,0.33
sDBn,3,4,7,0.43
sDBs,1,0,1,1.0
sDBt,1,0,1,1.0
sDDB,1,0,1,1.0
sDDD,1,0,1,1.0
sDDH,1,2,3,0.33
sDDI,1,0,1,1.0
sDDM,3,2,5,0.6
sDDN,1,3,4,0.25
sDDP,0,4,4,0.0
sDDS,1,1,2,0.5
sDDb,2,3,5,0.4
sDDh,1,0,1,1.0
sDDm,2,3,5,0.4
sDDn,2,0,2,1.0
sDDs,0,4,4,0.0
sDHB,1,1,2,0.5
sDHD,0,1,1,0.0
sDHH,1,0,1,1.0
sDHK,0,0,0,
sDHL,0,1,1,0.0
sDHM,3,3,6,0.5
sDHN,1,0,1,1.0
sDHP,1,1,2,0.5
sDHS,5,3,8,0.62
sDHb,1,1,2,0.5
sDHh,1,1,2,0.5
sDHl,1,0,1,1.0
sDHm,4,7,11,0.36
sDHn,2,4,6,0.33
sDHs,2,4,6,0.33
sDIP,1,1,2,0.5
sDKI,0,0,0,
sDKM,0,1,1,0.0
sDLM,0,1,1,0.0
sDLN,0,1,1,0.0
sDLP,1,2,3,0.33
sDLS,0,1,1,0.0
sDLb,1,0,1,1.0
sDLh,0,0,0,
sDLl,1,0,1,1.0
sDLm,2,2,4,0.5
sDLn,2,2,4,0.5
sDLs,0,0,0,
sDLt,0,2,2,0.0
sDMB,4,1,5,0.8
sDMD,1,0,1,1.0
sDML,0,2,2,0.0
sDMM,5,6,11,0.45
sDMN,0,3,3,0.0
sDMP,5,2,7,0.71
sDMS,1,1,2,0.5
sDMb,3,7,10,0.3
sDMh,4,2,6,0.67
sDMl,1,0,1,1.0
sDMm,9,4,13,0.69
sDMn,5,4,9,0.56
sDMs,3,2,5,0.6
sDNB,4,3,7,0.57
sDND,0,2,2,0.0
sDNL,2,0,2,1.0
sDNM,3,4,7,0.43
sDNN,3,1,4,0.75
sDNP,2,5,7,0.29
sDNS,3,2,5,0.6
sDNb,2,1,3,0.67
sDNh,1,0,1,1.0
sDNl,1,1,2,0.5
sDNm,4,2,6,0.67
sDNn,4,3,7,0.57
sDNs,4,3,7,0.57
sDNt,1,0,1,1.0
sDPB,4,6,10,0.4
sDPD,0,1,1,0.0
sDPK,2,0,2,1.0
sDPL,3,1,4,0.75
sDPM,3,0,3,1.0
sDPN,3,6,9,0.33
sDPP,4,6,10,0.4
sDPS,4,2,6,0.67
sDPb,3,2,5,0.6
sDPl,3,0,3,1.0
sDPm,3,6,9,0.33
sDPn,3,1,4,0.75
sDPs,2,2,4,0.5
sDSB,4,1,5,0.8
sDSD,1,0,1,1.0
sDSH,1,1,2,0.5
sDSK,0,0,0,
sDSL,3,2,5,0.6
sDSM,1,4,5,0.2
sDSN,2,2,4,0.5
sDSP,5,3,8,0.62
sDSS,1,2,3,0.33
sDSb,4,3,7,0.57
sDSh,2,3,5,0.4
sDSl,0,2,2,0.0
sDSm,3,2,5,0.6
sDSn,2,3,5,0.4
sDSs,2,3,5,0.4
sDbB,1,3,4,0.25
sDbD,0,1,1,0.0
sDbH,0,3,3,0.0
sDbJ,1,0,1,1.0
sDbK,1,2,3,0.33
sDbL,0,0,0,
sDbM,4,2,6,0.67
sDbN,1,0,1,1.0
sDbP,3,2,5,0.6
sDbS,2,2,4,0.5
sDbb,1,4,5,0.2
sDbm,2,2,4,0.5
sDbn,2,4,6,0.33
sDbs,1,2,3,0.33
sDhB,1,0,1,1.0
sDhS,0,0,0,
sDlJ,0,1,1,0.0
sDlL,0,1,1,0.0
sDlM,1,1,2,0.5
sDlN,1,1,2,0.5
sDlP,1,1,2,0.5
sDlS,1,1,2,0.5
sDlb,3,0,3,1.0
sDll,1,2,3,0.33
sDlm,1,2,3,0.33
sDln,4,0,4,1.0
sDls,1,1,2,0.5
sDmB,6,3,9,0.67
sDmD,1,3,4,0.25
sDmH,2,3,5,0.4
sDmJ,0,1,1,0.0
sDmK,0,1,1,0.0
sDmL,1,1,2,0.5
sDmM,2,6,8,0.25
sDmN,1,4,5,0.2
sDmP,3,4,7,0.43
sDmS,0,2,2,0.0
sDmb,5,3,8,0.62
sDml,1,1,2,0.5
sDmm,6,5,11,0.55
sDmn,8,2,10,0.8
sDms,0,2,2,0.0
sDnB,3,5,8,0.38
sDnD,2,0,2,1.0
sDnH,1,0,1,1.0
sDnL,1,1,2,0.5
sDnM,2,3,5,0.4
sDnN,5,0,5,1.0
sDnP,0,6,6,0.0
sDnS,2,4,6,0.33
sDnb,3,2,5,0.6
sDnm,2,4,6,0.33
sDnn,2,4,6,0.33
sDns,5,1,6,0.83
sDsB,2,3,5,0.4
sDsD,1,1,2,0.5
sDsH,3,6,9,0.33
sDsL,0,1,1,0.0
sDsM,4,0,4,1.0
sDsN,3,2,5,0.6
sDsP,3,1,4,0.75
sDsS,2,4,6,0.33
sDsb,1,2,3,0.33
sDsh,1,0,1,1.0
sDsm,2,2,4,0.5
sDsn,1,3,4,0.25
sDss,2,2,4,0.5
sDtB,1,0,1,1.0
sDtH,1,1,2,0.5
sDtN,0,0,0,
sDtn,0,1,1,0.0
sHBB,10,5,15,0.67
sHBD,2,3,5,0.4
sHBK,1,1,2,0.5
sHBL,2,4,6,0.33
sHBM,5,7,12,0.42
sHBN,9,4,13,0.69
sHBP,5,7,12,0.42
sHBS,4,3,7,0.57
sHBb,6,3,9,0.67
sHBj,1,1,2,0.5
sHBl,1,0,1,1.0
sHBm,6,3,9,0.67
sHBn,10,6,16,0.62
sHBs,3,1,4,0.75
sHDB,2,2,4,0.5
sHDH,2,2,4,0.5
sHDI,1,0,1,1.0
sHDL,1,1,2,0.5
sHDM,2,2,4,0.5
sHDN,5,3,8,0.62
sHDP,3,3,6,0.5
sHDS,2,1,3,0.67
sHDb,1,0,1,1.0
sHDh,0,1,1,0.0
sHDl,1,0,1,1.0
sHDm,8,0,8,1.0
sHDs,2,3,5,0.4
sHHB,1,1,2,0.5
sHHD,0,2,2,0.0
sHHI,0,1,1,0.0
sHHM,0,1,1,0.0
sHHN,5,0,5,1.0
sHHP,3,3,6,0.5
sHHS,4,2,6,0.67
sHHm,3,0,3,1.0
sHHn,1,1,2,0.5
sHHs,2,3,5,0.4
sHIH,1,2,3,0.33
sHIN,0,1,1,0.0
sHIP,0,2,2,0.0
sHIb,1,0,1,1.0
sHIm,2,0,2,1.0
sHIn,1,0,1,1.0
sHIs,1,2,3,0.33
sHKB,0,2,2,0.0
sHKL,1,0,1,1.0
sHKM,1,1,2,0.5
sHKN,0,1,1,0.0
sHKS,1,0,1,1.0
sHKb,0,1,1,0.0
sHKh,1,0,1,1.0
sHKm,0,1,1,0.0
sHKs,0,2,2,0.0
sHLB,5,1,6,0.83
sHLK,1,0,1,1.0
sHLL,1,1,2,0.5
sHLM,3,2,5,0.6
sHLN,2,3,5,0.4
sHLP,0,3,3,0.0
sHLS,1,1,2,0.5
sHLb,1,2,3,0.33
sHLh,1,1,2,0.5
sHLj,0,1,1,0.0
sHLl,0,2,2,0.0
sHLm,1,5,6,0.17
sHLn,0,1,1,0.0
sHLs,0,3,3,0.0
sHMB,9,6,15,0.6
sHMD,1,2,3,0.33
sHMK,1,0,1,1.0
sHML,2,2,4,0.5
sHMM,5,7,12,0.42
sHMN,11,11,22,0.5
sHMP,8,10,18,0.44
sHMS,5,5,10,0.5
sHMb,6,8,14,0.43
sHMh,5,11,16,0.31
sHMj,0,0,0,
sHMl,1,3,4,0.25
sHMm,6,9,15,0.4
sHMn,13,8,21,0.62
sHMs,6,5,11,0.55
sHNB,6,3,9,0.67
sHND,3,1,4,0.75
sHNH,2,0,2,1.0
sHNI,0,0,0,
sHNK,2,3,5,0.4
sHNL,1,0,1,1.0
sHNM,6,9,15,0.4
sHNN,10,12,22,0.45
sHNP,6,13,19,0.32
sHNS,4,6,10,0.4
sHNb,4,6,10,0.4
sHNh,0,4,4,0.0
sHNl,0,4,4,0.0
sHNm,8,8,16,0.5
sHNn,10,17,27,0.37
sHNs,3,2,5,0.6
sHPB,4,3,7,0.57
sHPD,1,3,4,0.25
sHPH,5,0,5,1.0
sHPI,1,0,1,1.0
sHPK,1,4,5,0.2
sHPL,4,3,7,0.57
sHPM,11,7,18,0.61
sHPN,13,9,22,0.59
sHPP,15,5,20,0.75
sHPS,9,15,24,0.38
sHPb,10,7,17,0.59
sHPh,1,0,1,1.0
sHPl,3,6,9,0.33
sHPm,12,6,18,0.67
sHPn,5,4,9,0.56
sHPs,5,5,10,0.5
sHSB,3,2,5,0.6
sHSD,2,0,2,1.0
sHSH,1,1,2,0.5
sHSK,0,0,0,
sHSL,2,5,7,0.29
sHSM,5,15,20,0.25
sHSN,4,5,9,0.44
sHSP,11,10,21,0.52
sHSS,9,14,23,0.39
sHSb,8,6,14,0.57
sHSh,6,10,16,0.38
sHSl,4,2,6,0.67
sHSm,13,6,19,0.68
sHSn,6,10,16,0.38
sHSs,8,9,17,0.47
sHSt,2,0,2,1.0
sHbB,3,6,9,0.33
sHbD,1,1,2,0.5
sHbH,1,1,2,0.5
sHbI,0,1,1,0.0
sHbJ,1,2,3,0.33
sHbK,2,6,8,0.25
sHbL,4,2,6,0.67
sHbM,9,8,17,0.53
sHbN,10,3,13,0.77
sHbP,7,3,10,0.7
sHbS,4,3,7,0.57
sHbb,8,2,10,0.8
sHbl,2,1,3,0.67
sHbm,8,6,14,0.57
sHbn,7,3,10,0.7
sHbs,2,3,5,0.4
sHhB,4,3,7,0.57
sHhD,0,1,1,0.0
sHhH,0,1,1,0.0
sHhI,0,0,0,
sHhL,0,1,1,0.0
sHhM,6,3,9,0.67
sHhN,3,5,8,0.38
sHhP,2,5,7,0.29
sHhS,3,2,5,0.6
sHhb,3,2,5,0.6
sHhh,4,2,6,0.67
sHhl,1,6,7,0.14
sHhm,4,6,10,0.4
sHhn,7,3,10,0.7
sHhs,2,5,7,0.29
sHlB,2,3,5,0.4
sHlD,3,0,3,1.0
sHlH,2,0,2,1.0
sHlJ,0,2,2,0.0
sHlL,1,0,1,1.0
sHlM,2,1,3,0.67
sHlN,3,1,4,0.75
sHlP,1,4,5,0.2
sHlS,0,3,3,0.0
sHlb,1,3,4,0.25
sHlm,2,5,7,0.29
sHln,2,3,5,0.4
sHls,2,1,3,0.67
sHmB,2,3,5,0.4
sHmD,2,2,4,0.5
sHmH,11,6,17,0.65
sHmJ,1,0,1,1.0
sHmK,0,0,0,
sHmL,3,2,5,0.6
sHmM,10,14,24,0.42
sHmN,8,4,12,0.67
sHmP,8,12,20,0.4
sHmS,8,3,11,0.73
sHmb,10,5,15,0.67
sHml,1,0,1,1.0
sHmm,6,7,13,0.46
sHmn,9,7,16,0.56
sHms,8,4,12,0.67
sHnB,5,6,11,0.45
sHnD,6,0,6,1.0
sHnH,5,3,8,0.62
sHnI,1,1,2,0.5
sHnK,2,0,2,1.0
sHnL,2,2,4,0.5
sHnM,4,11,15,0.27
sHnN,8,6,14,0.57
sHnP,10,12,22,0.45
sHnS,5,8,13,0.38
sHnb,7,5,12,0.58
sHnl,1,2,3,0.33
sHnm,7,2,9,0.78
sHnn,7,6,13,0.54
sHns,8,3,11,0.73
sHsB,2,3,5,0.4
sHsD,1,2,3,0.33
sHsH,14,9,23,0.61
sHsI,1,0,1,1.0
sHsL,4,2,6,0.67
sHsM,8,9,17,0.47
sHsN,8,4,12,0.67
sHsP,7,6,13,0.54
sHsS,13,5,18,0.72
sHsb,3,5,8,0.38
sHsh,2,1,3,0.67
sHsl,5,1,6,0.83
sHsm,9,8,17,0.53
sHsn,7,7,14,0.5
sHss,6,9,15,0.4
sHtB,1,1,2,0.5
sHtH,0,1,1,0.0
sHtK,0,1,1,0.0
sHtN,1,0,1,1.0
sHtP,0,0,0,
sHtS,0,1,1,0.0
sHtb,1,1,2,0.5
sHtl,0,1,1,0.0
sHtm,0,1,1,0.0
sHtn,0,1,1,0.0
sHts,3,1,4,0.75
sIBD,1,0,1,1.0
sIBK,0,1,1,0.0
sIBM,2,0,2,1.0
sIBN,0,1,1,0.0
sIBP,1,0,1,1.0
sIBS,2,1,3,0.67
sIBb,1,2,3,0.33
sIBl,0,1,1,0.0
sIBm,1,2,3,0.33
sIBn,0,1,1,0.0
sIDH,1,0,1,1.0
sIDM,0,0,0,
sIDS,1,0,1,1.0
sIDm,1,1,2,0.5
sIDs,4,0,4,1.0
sIDt,0,0,0,
sIHB,1,0,1,1.0
sIHD,1,0,1,1.0
sIHH,1,0,1,1.0
sIHM,2,1,3,0.67
sIHN,1,0,1,1.0
sIHP,2,3,5,0.4
sIHb,0,0,0,
sIHl,1,0,1,1.0
sIHm,2,0,2,1.0
sIHn,1,1,2,0.5
sIHs,0,1,1,0.0
sIIP,0,1,1,0.0
sILD,0,0,0,
sILM,1,0,1,1.0
sILP,1,0,1,1.0
sILS,1,0,1,1.0
sILb,0,1,1,0.0
sILn,0,2,2,0.0
sILs,1,0,1,1.0
sILt,1,1,2,0.5
sIMB,3,0,3,1.0
sIMD,1,0,1,1.0
sIMM,0,1,1,0.0
sIMN,2,2,4,0.5
sIMP,0,3,3,0.0
sIMS,0,1,1,0.0
sIMb,0,0,0,
sIMh,0,1,1,0.0
sIMm,3,0,3,1.0
sIMn,1,0,1,1.0
sIMs,2,0,2,1.0
sINB,2,0,2,1.0
sIND,0,0,0,
sINH,1,0,1,1.0
sINM,2,1,3,0.67
sINN,0,1,1,0.0
sINP,3,1,4,0.75
sINS,3,0,3,1.0
sINh,1,0,1,1.0
sINm,2,1,3,0.67
sINn,0,1,1,0.0
sINs,1,0,1,1.0
sIPB,1,0,1,1.0
sIPI,1,0,1,1.0
sIPK,1,0,1,1.0
sIPL,1,0,1,1.0
sIPM,1,2,3,0.33
sIPN,1,2,3,0.33
sIPP,1,0,1,1.0
sIPS,0,4,4,0.0
sIPb,2,1,3,0.67
sIPl,2,1,3,0.67
sIPm,2,1,3,0.67
sIPn,3,0,3,1.0
sIPs,0,0,0,
sISB,2,0,2,1.0
sISH,3,2,5,0.6
sISI,1,0,1,1.0
sISL,1,0,1,1.0
sISM,1,1,2,0.5
sISN,1,0,1,1.0
sISP,1,0,1,1.0
sISS,0,2,2,0.0
sISb,0,0,0,
sISh,0,0,0,
sISl,1,0,1,1.0
sISm,2,0,2,1.0
sISn,3,1,4,0.75
sISs,2,1,3,0.67
sISt,1,0,1,1.0
sIbB,1,1,2,0.5
sIbJ,0,1,1,0.0
sIbM,1,0,1,1.0
sIbN,0,1,1,0.0
sIbP,3,1,4,0.75
sIbS,1,0,1,1.0
sIbb,2,1,3,0.67
sIbl,1,0,1,1.0
sIbm,2,1,3,0.67
sIbn,0,2,2,0.0
sIbs,1,2,3,0.33
sIlB,0,1,1,0.0
sIlJ,0,0,0,
sIlL,1,0,1,1.0
sIlN,0,1,1,0.0
sIlS,1,0,1,1.0
sIlb,0,1,1,0.0
sIlm,1,0,1,1.0
sImB,1,0,1,1.0
sImD,1,0,1,1.0
sImH,1,0,1,1.0
sImJ,0,1,1,0.0
sImM,0,2,2,0.0
sImN,1,3,4,0.25
sImP,1,2,3,0.33
sImS,1,0,1,1.0
sImb,2,1,3,0.67
sImm,3,2,5,0.6
sImn,2,0,2,1.0
sIms,1,0,1,1.0
sInB,0,1,1,0.0
sInD,0,1,1,0.0
sInH,1,0,1,1.0
sInM,0,1,1,0.0
sInN,1,1,2,0.5
sInP,1,2,3,0.33
sInS,1,1,2,0.5
sInb,0,0,0,
sInl,1,0,1,1.0
sInm,1,0,1,1.0
sIns,0,0,0,
sIsB,0,0,0,
sIsM,1,2,3,0.33
sIsP,1,0,1,1.0
sIsS,1,1,2,0.5
sIsm,0,2,2,0.0
sIsn,1,1,2,0.5
sIss,2,1,3,0.67
sItN,1,0,1,1.0
sKBM,1,0,1,1.0
sKBP,0,1,1,0.0
sKBS,0,1,1,0.0
sKBm,1,1,2,0.5
sKHP,1,0,1,1.0
sKHn,1,0,1,1.0
sKLL,0,1,1,0.0
sKLM,1,0,1,1.0
sKLP,0,1,1,0.0
sKLb,0,0,0,
sKML,1,1,2,0.5
sKMb,1,0,1,1.0
sKNM,0,0,0,
sKNP,0,0,0,
sKNS,1,0,1,1.0
sKPN,1,0,1,1.0
sKPP,0,1,1,0.0
sKPl,1,0,1,1.0
sKPm,0,1,1,0.0
sKSL,0,1,1,0.0
sKSP,0,1,1,0.0
sKSS,1,0,1,1.0
sKSb,0,1,1,0.0
sKSm,0,1,1,0.0
sKbP,0,1,1,0.0
sKbn,1,1,2,0.5
sKhB,0,0,0,
sKhI,0,0,0,
sKlB,0,0,0,
sKmB,1,0,1,1.0
sKmM,2,0,2,1.0
sKnP,0,1,1,0.0
sKnS,0,0,0,
sKsB,1,0,1,1.0
sKsH,1,0,1,1.0
sKsM,0,2,2,0.0
sKsb,1,0,1,1.0
sKsn,1,0,1,1.0
sKss,1,0,1,1.0
sLBB,6,2,8,0.75
sLBD,0,0,0,
sLBL,1,0,1,1.0
sLBM,5,1,6,0.83
sLBN,1,3,4,0.25
sLBP,3,1,4,0.75
sLBS,1,1,2,0.5
sLBb,3,1,4,0.75
sLBj,0,1,1,0.0
sLBl,2,0,2,1.0
sLBm,3,1,4,0.75
sLBn,3,2,5,0.6
sLBs,1,1,2,0.5
sLDB,0,1,1,0.0
sLDD,0,1,1,0.0
sLDH,0,0,0,
sLDM,0,1,1,0.0
sLDN,1,0,1,1.0
sLDS,1,1,2,0.5
sLDb,1,0,1,1.0
sLDm,0,0,0,
sLDs,1,0,1,1.0
sLHm,1,0,1,1.0
sLHs,0,1,1,0.0
sLKB,1,1,2,0.5
sLKN,0,1,1,0.0
sLKP,1,0,1,1.0
sLKm,1,0,1,1.0
sLKs,0,1,1,0.0
sLKt,0,0,0,
sLLB,0,1,1,0.0
sLLD,1,0,1,1.0
sLLH,1,0,1,1.0
sLLM,1,1,2,0.5
sLLP,4,0,4,1.0
sLLS,3,0,3,1.0
sLLb,0,0,0,
sLLh,1,1,2,0.5
sLLm,0,1,1,0.0
sLLn,2,1,3,0.67
sLLs,0,1,1,0.0
sLMB,2,1,3,0.67
sLMD,2,0,2,1.0
sLML,0,1,1,0.0
sLMM,1,6,7,0.14
sLMN,5,2,7,0.71
sLMP,1,2,3,0.33
sLMS,0,2,2,0.0
sLMb,2,4,6,0.33
sLMh,2,2,4,0.5
sLMl,1,1,2,0.5
sLMm,3,2,5,0.6
sLMn,2,4,6,0.33
sLMs,0,1,1,0.0
sLMt,1,0,1,1.0
sLNB,0,4,4,0.0
sLND,1,1,2,0.5
sLNH,0,1,1,0.0
sLNK,1,0,1,1.0
sLNM,2,3,5,0.4
sLNN,8,3,11,0.73
sLNP,4,4,8,0.5
sLNS,4,1,5,0.8
sLNb,0,1,1,0.0
sLNl,2,2,4,0.5
sLNm,5,5,10,0.5
sLNn,4,1,5,0.8
sLNs,2,4,6,0.33
sLNt,0,1,1,0.0
sLPB,1,2,3,0.33
sLPD,0,1,1,0.0
sLPH,0,2,2,0.0
sLPK,3,0,3,1.0
sLPL,0,0,0,
sLPM,1,6,7,0.14
sLPN,3,5,8,0.38
sLPP,7,2,9,0.78
sLPS,3,2,5,0.6
sLPb,3,1,4,0.75
sLPh,1,0,1,1.0
sLPl,0,1,1,0.0
sLPm,4,3,7,0.57
sLPn,4,5,9,0.44
sLPs,5,0,5,1.0
sLSB,1,1,2,0.5
sLSD,1,3,4,0.25
sLSL,0,3,3,0.0
sLSM,5,3,8,0.62
sLSN,4,2,6,0.67
sLSP,1,3,4,0.25
sLSS,5,2,7,0.71
sLSb,1,1,2,0.5
sLSh,1,0,1,1.0
sLSl,1,0,1,1.0
sLSm,3,3,6,0.5
sLSn,5,2,7,0.71
sLSs,3,0,3,1.0
sLbB,1,1,2,0.5
sLbH,0,0,0,
sLbJ,0,1,1,0.0
sLbL,0,1,1,0.0
sLbM,0,2,2,0.0
sLbN,1,3,4,0.25
sLbP,2,5,7,0.29
sLbS,1,0,1,1.0
sLbb,4,3,7,0.57
sLbl,0,1,1,0.0
sLbm,1,0,1,1.0
sLbn,3,1,4,0.75
sLbs,0,1,1,0.0
sLhM,1,3,4,0.25
sLhN,0,1,1,0.0
sLhP,2,0,2,1.0
sLhS,0,0,0,
sLhh,2,0,2,1.0
sLhl,0,1,1,0.0
sLhm,1,0,1,1.0
sLhn,1,3,4,0.25
sLhs,1,0,1,1.0
sLht,0,1,1,0.0
sLjB,2,0,2,1.0
sLjN,1,0,1,1.0
sLjP,1,0,1,1.0
sLjS,1,1,2,0.5
sLjb,0,0,0,
sLjl,1,0,1,1.0
sLjm,0,2,2,0.0
sLjn,1,0,1,1.0
sLlB,0,1,1,0.0
sLlH,1,2,3,0.33
sLlJ,0,2,2,0.0
sLlL,0,1,1,0.0
sLlM,1,2,3,0.33
sLlN,0,3,3,0.0
sLlb,0,2,2,0.0
sLll,0,1,1,0.0
sLlm,3,2,5,0.6
sLln,0,1,1,0.0
sLls,3,0,3,1.0
sLmB,3,2,5,0.6
sLmD,0,1,1,0.0
sLmH,1,5,6,0.17
sLmJ,0,2,2,0.0
sLmK,1,0,1,1.0
sLmL,1,2,3,0.33
sLmM,5,8,13,0.38
sLmN,5,1,6,0.83
sLmP,3,3,6,0.5
sLmS,1,4,5,0.2
sLmb,2,0,2,1.0
sLmh,0,1,1,0.0
sLmm,5,3,8,0.62
sLmn,6,3,9,0.67
sLms,3,1,4,0.75
sLnB,1,1,2,0.5
sLnD,2,3,5,0.4
sLnH,2,0,2,1.0
sLnI,1,0,1,1.0
sLnL,3,3,6,0.5
sLnM,0,4,4,0.0
sLnN,3,4,7,0.43
sLnP,8,4,12,0.67
sLnS,2,5,7,0.29
sLnb,1,2,3,0.33
sLnl,0,1,1,0.0
sLnm,1,2,3,0.33
sLnn,3,6,9,0.33
sLns,0,2,2,0.0
sLsB,1,0,1,1.0
sLsH,2,0,2,1.0
sLsI,1,1,2,0.5
sLsL,0,0,0,
sLsM,2,2,4,0.5
sLsN,1,0,1,1.0
sLsP,3,3,6,0.5
sLsS,0,0,0,
sLsb,1,1,2,0.5
sLsh,0,1,1,0.0
sLsl,0,2,2,0.0
sLsm,3,1,4,0.75
sLsn,1,6,7,0.14
sLss,3,0,3,1.0
sLst,1,0,1,1.0
sLtL,1,0,1,1.0
sLtN,0,1,1,0.0
sLtS,1,0,1,1.0
sLtb,1,0,1,1.0
sLtm,0,2,2,0.0
sMBB,4,8,12,0.33
sMBD,2,2,4,0.5
sMBK,0,4,4,0.0
sMBL,2,5,7,0.29
sMBM,6,10,16,0.38
sMBN,4,5,9,0.44
sMBP,15,7,22,0.68
sMBS,1,2,3,0.33
sMBb,1,7,8,0.12
sMBj,1,3,4,0.25
sMBl,2,2,4,0.5
sMBm,11,5,16,0.69
sMBn,6,10,16,0.38
sMBs,3,4,7,0.43
sMBt,1,0,1,1.0
sMDB,3,0,3,1.0
sMDD,1,0,1,1.0
sMDH,1,2,3,0.33
sMDL,1,0,1,1.0
sMDM,3,2,5,0.6
sMDN,5,2,7,0.71
sMDP,3,1,4,0.75
sMDS,1,5,6,0.17
sMDb,4,1,5,0.8
sMDh,0,1,1,0.0
sMDl,1,0,1,1.0
sMDm,4,2,6,0.67
sMDn,1,1,2,0.5
sMDs,2,3,5,0.4
sMHH,0,0,0,
sMKM,1,0,1,1.0
sMKN,0,0,0,
sMKP,1,0,1,1.0
sMKS,1,0,1,1.0
sMKb,1,0,1,1.0
sMKl,0,1,1,0.0
sMKs,0,1,1,0.0
sMLB,3,1,4,0.75
sMLD,0,1,1,0.0
sMLK,1,0,1,1.0
sMLM,3,1,4,0.75
sMLN,1,5,6,0.17
sMLP,2,7,9,0.22
sMLS,0,0,0,
sMLb,1,0,1,1.0
sMLh,0,1,1,0.0
sMLj,1,0,1,1.0
sMLl,0,3,3,0.0
sMLm,2,2,4,0.5
sMLn,3,2,5,0.6
sMLs,0,1,1,0.0
sMLt,0,1,1,0.0
sMMB,7,13,20,0.35
sMML,2,2,4,0.5
sMMM,9,11,20,0.45
sMMN,4,4,8,0.5
sMMP,8,15,23,0.35
sMMS,2,2,4,0.5
sMMb,6,8,14,0.43
sMMh,6,6,12,0.5
sMMj,1,0,1,1.0
sMMl,3,0,3,1.0
sMMm,13,9,22,0.59
sMMn,16,11,27,0.59
sMMs,3,5,8,0.38
sMMt,0,0,0,
sMNB,8,5,13,0.62
sMND,3,2,5,0.6
sMNH,0,0,0,
sMNK,0,2,2,0.0
sMNL,3,1,4,0.75
sMNM,5,9,14,0.36
sMNN,7,13,20,0.35
sMNP,11,10,21,0.52
sMNS,5,5,10,0.5
sMNb,4,7,11,0.36
sMNh,0,1,1,0.0
sMNl,2,1,3,0.67
sMNm,16,7,23,0.7
sMNn,13,12,25,0.52
sMNs,6,10,16,0.38
sMNt,0,0,0,
sMPB,6,10,16,0.38
sMPD,1,2,3,0.33
sMPH,2,4,6,0.33
sMPI,1,0,1,1.0
sMPK,0,2,2,0.0
sMPL,2,4,6,0.33
sMPM,4,8,12,0.33
sMPN,14,10,24,0.58
sMPP,9,21,30,0.3
sMPS,9,7,16,0.56
sMPb,8,7,15,0.53
sMPh,0,0,0,
sMPl,3,2,5,0.6
sMPm,12,6,18,0.67
sMPn,6,13,19,0.32
sMPs,7,5,12,0.58
sMSB,3,2,5,0.6
sMSD,2,3,5,0.4
sMSH,6,1,7,0.86
sMSL,4,0,4,1.0
sMSM,4,3,7,0.57
sMSN,5,7,12,0.42
sMSP,12,4,16,0.75
sMSS,3,3,6,0.5
sMSb,2,3,5,0.4
sMSh,0,5,5,0.0
sMSl,1,0,1,1.0
sMSm,9,8,17,0.53
sMSn,3,5,8,0.38
sMSs,8,2,10,0.8
sMSt,0,2,2,0.0
sMbB,2,5,7,0.29
sMbD,4,0,4,1.0
sMbH,1,1,2,0.5
sMbI,1,0,1,1.0
sMbJ,5,1,6,0.83
sMbK,3,2,5,0.6
sMbL,0,2,2,0.0
sMbM,4,7,11,0.36
sMbN,16,9,25,0.64
sMbP,5,8,13,0.38
sMbS,4,1,5,0.8
sMbb,5,9,14,0.36
sMbl,3,1,4,0.75
sMbm,6,4,10,0.6
sMbn,12,8,20,0.6
sMbs,2,8,10,0.2
sMhB,3,5,8,0.38
sMhD,2,0,2,1.0
sMhH,1,0,1,1.0
sMhL,2,3,5,0.4
sMhM,8,3,11,0.73
sMhN,5,5,10,0.5
sMhP,13,7,20,0.65
sMhS,6,4,10,0.6
sMhb,3,4,7,0.43
sMhh,5,2,7,0.71
sMhl,1,2,3,0.33
sMhm,15,9,24,0.62
sMhn,1,2,3,0.33
sMhs,5,5,10,0.5
sMjK,1,0,1,1.0
sMjM,0,1,1,0.0
sMjN,0,3,3,0.0
sMjP,1,0,1,1.0
sMjb,1,0,1,1.0
sMjn,0,2,2,0.0
sMjs,1,1,2,0.5
sMlB,1,1,2,0.5
sMlD,0,1,1,0.0
sMlH,2,2,4,0.5
sMlJ,1,0,1,1.0
sMlL,0,3,3,0.0
sMlM,2,4,6,0.33
sMlN,2,3,5,0.4
sMlP,1,1,2,0.5
sMlS,1,4,5,0.2
sMlb,2,0,2,1.0
sMll,2,0,2,1.0
sMlm,2,3,5,0.4
sMln,1,3,4,0.25
sMls,0,2,2,0.0
sMmB,6,6,12,0.5
sMmD,3,4,7,0.43
sMmH,9,11,20,0.45
sMmL,1,5,6,0.17
sMmM,12,9,21,0.57
sMmN,14,13,27,0.52
sMmP,11,16,27,0.41
sMmS,2,9,11,0.18
sMmb,11,6,17,0.65
sMmh,0,1,1,0.0
sMml,2,1,3,0.67
sMmm,8,4,12,0.67
sMmn,10,8,18,0.56
sMms,7,7,14,0.5
sMnB,11,5,16,0.69
sMnD,2,2,4,0.5
sMnH,1,3,4,0.25
sMnI,0,3,3,0.0
sMnL,0,4,4,0.0
sMnM,6,9,15,0.4
sMnN,16,10,26,0.62
sMnP,12,11,23,0.52
sMnS,9,11,20,0.45
sMnb,8,3,11,0.73
sMnl,8,2,10,0.8
sMnm,11,10,21,0.52
sMnn,8,11,19,0.42
sMns,8,8,16,0.5
sMsB,3,3,6,0.5
sMsD,3,1,4,0.75
sMsH,4,3,7,0.57
sMsI,2,1,3,0.67
sMsK,0,0,0,
sMsL,1,3,4,0.25
sMsM,6,7,13,0.46
sMsN,3,9,12,0.25
sMsP,6,2,8,0.75
sMsS,5,11,16,0.31
sMsb,3,3,6,0.5
sMsh,0,1,1,0.0
sMsl,2,3,5,0.4
sMsm,9,3,12,0.75
sMsn,7,7,14,0.5
sMss,10,10,20,0.5
sMtB,0,3,3,0.0
sMtH,1,0,1,1.0
sMtL,1,0,1,1.0
sMtM,1,0,1,1.0
sMtN,1,2,3,0.33
sMtP,1,2,3,0.33
sMtS,2,1,3,0.67
sMtb,2,1,3,0.67
sMtn,0,1,1,0.0
sMts,1,0,1,1.0
sNBB,7,7,14,0.5
sNBD,3,1,4,0.75
sNBK,1,0,1,1.0
sNBL,1,5,6,0.17
sNBM,4,7,11,0.36
sNBN,8,5,13,0.62
sNBP,8,10,18,0.44
sNBS,3,2,5,0.6
sNBb,4,1,5,0.8
sNBh,2,1,3,0.67
sNBj,2,1,3,0.67
sNBl,2,4,6,0.33
sNBm,7,8,15,0.47
sNBn,11,4,15,0.73
sNBs,7,4,11,0.64
sNBt,0,1,1,0.0
sNDB,3,3,6,0.5
sNDD,1,1,2,0.5
sNDH,3,2,5,0.6
sNDI,0,1,1,0.0
sNDM,3,3,6,0.5
sNDN,4,1,5,0.8
sNDP,2,6,8,0.25
sNDS,1,2,3,0.33
sNDb,4,1,5,0.8
sNDm,2,2,4,0.5
sNDn,2,2,4,0.5
sNDs,1,2,3,0.33
sNHB,2,0,2,1.0
sNHK,0,0,0,
sNHL,1,1,2,0.5
sNHM,2,1,3,0.67
sNHN,2,0,2,1.0
sNHP,0,0,0,
sNHS,0,2,2,0.0
sNHh,1,0,1,1.0
sNHm,1,3,4,0.25
sNHn,2,1,3,0.67
sNHs,1,1,2,0.5
sNIB,0,1,1,0.0
sNIH,0,1,1,0.0
sNKB,1,0,1,1.0
sNKD,0,3,3,0.0
sNKL,0,1,1,0.0
sNKM,1,4,5,0.2
sNKP,2,1,3,0.67
sNKS,1,1,2,0.5
sNKh,1,2,3,0.33
sNKm,2,1,3,0.67
sNKn,0,1,1,0.0
sNKs,0,1,1,0.0
sNLB,1,2,3,0.33
sNLD,1,0,1,1.0
sNLK,0,1,1,0.0
sNLL,1,0,1,1.0
sNLM,4,1,5,0.8
sNLN,1,5,6,0.17
sNLP,9,4,13,0.69
sNLS,1,2,3,0.33
sNLb,2,1,3,0.67
sNLh,1,2,3,0.33
sNLl,5,0,5,1.0
sNLm,1,0,1,1.0
sNLn,2,5,7,0.29
sNLs,1,4,5,0.2
sNMB,6,8,14,0.43
sNMD,3,5,8,0.38
sNMK,0,1,1,0.0
sNML,5,5,10,0.5
sNMM,5,7,12,0.42
sNMN,8,11,19,0.42
sNMP,3,9,12,0.25
sNMS,2,4,6,0.33
sNMb,3,9,12,0.25
sNMh,8,3,11,0.73
sNMj,2,0,2,1.0
sNMl,1,2,3,0.33
sNMm,7,8,15,0.47
sNMn,10,13,23,0.43
sNMs,5,8,13,0.38
sNNB,11,6,17,0.65
sNND,3,2,5,0.6
sNNH,2,1,3,0.67
sNNI,1,0,1,1.0
sNNK,1,1,2,0.5
sNNL,4,3,7,0.57
sNNM,10,9,19,0.53
sNNN,9,9,18,0.5
sNNP,17,17,34,0.5
sNNS,10,9,19,0.53
sNNb,7,8,15,0.47
sNNh,5,0,5,1.0
sNNl,1,3,4,0.25
sNNm,11,13,24,0.46
sNNn,16,17,33,0.48
sNNs,6,3,9,0.67
sNNt,3,1,4,0.75
sNPB,11,7,18,0.61
sNPD,2,3,5,0.4
sNPH,2,2,4,0.5
sNPI,0,1,1,0.0
sNPK,4,1,5,0.8
sNPL,3,8,11,0.27
sNPM,9,12,21,0.43
sNPN,13,15,28,0.46
sNPP,14,20,34,0.41
sNPS,10,15,25,0.4
sNPb,8,9,17,0.47
sNPh,1,3,4,0.25
sNPl,5,4,9,0.56
sNPm,18,9,27,0.67
sNPn,12,12,24,0.5
sNPs,8,10,18,0.44
sNPt,2,0,2,1.0
sNSB,9,5,14,0.64
sNSD,2,3,5,0.4
sNSH,1,0,1,1.0
sNSK,1,0,1,1.0
sNSL,1,3,4,0.25
sNSM,11,8,19,0.58
sNSN,14,11,25,0.56
sNSP,9,16,25,0.36
sNSS,6,8,14,0.43
sNSb,3,6,9,0.33
sNSh,4,7,11,0.36
sNSl,2,4,6,0.33
sNSm,5,10,15,0.33
sNSn,9,9,18,0.5
sNSs,5,5,10,0.5
sNSt,1,1,2,0.5
sNbB,2,5,7,0.29
sNbD,0,1,1,0.0
sNbH,1,2,3,0.33
sNbJ,2,0,2,1.0
sNbK,2,2,4,0.5
sNbL,0,2,2,0.0
sNbM,6,5,11,0.55
sNbN,7,6,13,0.54
sNbP,7,5,12,0.58
sNbS,5,3,8,0.62
sNbb,3,5,8,0.38
sNbl,2,1,3,0.67
sNbm,5,4,9,0.56
sNbn,7,4,11,0.64
sNbs,5,2,7,0.71
sNhB,4,1,5,0.8
sNhD,1,0,1,1.0
sNhH,1,0,1,1.0
sNhL,1,0,1,1.0
sNhN,3,2,5,0.6
sNhP,1,4,5,0.2
sNhS,3,3,6,0.5
sNhb,1,1,2,0.5
sNhh,4,3,7,0.57
sNhl,2,0,2,1.0
sNhm,3,2,5,0.6
sNhn,0,2,2,0.0
sNhs,2,1,3,0.67
sNlB,2,2,4,0.5
sNlH,1,0,1,1.0
sNlJ,0,2,2,0.0
sNlL,3,1,4,0.75
sNlM,2,2,4,0.5
sNlN,3,3,6,0.5
sNlP,2,3,5,0.4
sNlS,3,1,4,0.75
sNlb,1,5,6,0.17
sNll,2,0,2,1.0
sNlm,4,0,4,1.0
sNln,0,3,3,0.0
sNls,5,3,8,0.62
sNmB,9,5,14,0.64
sNmD,3,3,6,0.5
sNmH,7,4,11,0.64
sNmI,1,0,1,1.0
sNmJ,0,1,1,0.0
sNmK,0,0,0,
sNmL,3,7,10,0.3
sNmM,10,10,20,0.5
sNmN,10,11,21,0.48
sNmP,12,13,25,0.48
sNmS,5,4,9,0.56
sNmb,7,7,14,0.5
sNml,3,2,5,0.6
sNmm,11,6,17,0.65
sNmn,14,7,21,0.67
sNms,7,6,13,0.54
sNnB,10,3,13,0.77
sNnD,5,1,6,0.83
sNnH,7,7,14,0.5
sNnI,1,0,1,1.0
sNnL,6,2,8,0.75
sNnM,9,7,16,0.56
sNnN,17,13,30,0.57
sNnP,18,15,33,0.55
sNnS,13,10,23,0.57
sNnb,1,4,5,0.2
sNnh,0,1,1,0.0
sNnl,2,0,2,1.0
sNnm,10,7,17,0.59
sNnn,15,14,29,0.52
sNns,4,9,13,0.31
sNsB,8,4,12,0.67
sNsD,5,3,8,0.62
sNsH,8,6,14,0.57
sNsI,0,0,0,
sNsK,0,1,1,0.0
sNsL,2,1,3,0.67
sNsM,6,8,14,0.43
sNsN,8,11,19,0.42
sNsP,6,10,16,0.38
sNsS,8,16,24,0.33
sNsb,7,3,10,0.7
sNsl,2,2,4,0.5
sNsm,14,7,21,0.67
sNsn,11,7,18,0.61
sNss,4,7,11,0.36
sNst,0,1,1,0.0
sNtM,2,2,4,0.5
sNtN,2,0,2,1.0
sNtP,1,0,1,1.0
sNtS,0,0,0,
sNtb,1,0,1,1.0
sNtm,1,2,3,0.33
sNtn,1,1,2,0.5
sNts,0,0,0,
sPBB,7,13,20,0.35
sPBD,2,1,3,0.67
sPBK,1,1,2,0.5
sPBL,4,3,7,0.57
sPBM,4,6,10,0.4
sPBN,3,10,13,0.23
sPBP,9,9,18,0.5
sPBS,2,4,6,0.33
sPBb,5,2,7,0.71
sPBh,1,1,2,0.5
sPBj,2,1,3,0.67
sPBl,3,1,4,0.75
sPBm,6,9,15,0.4
sPBn,8,12,20,0.4
sPBs,5,7,12,0.42
sPDB,1,1,2,0.5
sPDD,2,0,2,1.0
sPDH,1,1,2,0.5
sPDI,0,1,1,0.0
sPDL,1,4,5,0.2
sPDM,3,4,7,0.43
sPDN,2,3,5,0.4
sPDP,2,2,4,0.5
sPDS,1,4,5,0.2
sPDb,2,2,4,0.5
sPDl,1,0,1,1.0
sPDm,7,3,10,0.7
sPDn,3,0,3,1.0
sPDs,2,2,4,0.5
sPHB,2,2,4,0.5
sPHD,1,2,3,0.33
sPHH,1,0,1,1.0
sPHK,1,0,1,1.0
sPHL,0,2,2,0.0
sPHM,4,0,4,1.0
sPHN,7,3,10,0.7
sPHP,5,2,7,0.71
sPHS,1,4,5,0.2
sPHb,2,1,3,0.67
sPHh,2,0,2,1.0
sPHl,1,2,3,0.33
sPHm,3,5,8,0.38
sPHn,1,2,3,0.33
sPHs,0,4,4,0.0
sPID,1,0,1,1.0
sPIH,2,1,3,0.67
sPII,0,1,1,0.0
sPIM,1,1,2,0.5
sPIN,0,1,1,0.0
sPIP,0,1,1,0.0
sPIS,0,5,5,0.0
sPIb,1,1,2,0.5
sPIl,0,1,1,0.0
sPIs,1,0,1,1.0
sPKB,0,1,1,0.0
sPKI,0,1,1,0.0
sPKM,3,1,4,0.75
sPKN,1,0,1,1.0
sPKP,1,2,3,0.33
sPKS,0,1,1,0.0
sPKb,2,1,3,0.67
sPKh,0,1,1,0.0
sPKl,0,1,1,0.0
sPKm,2,2,4,0.5
sPKn,2,2,4,0.5
sPKs,0,2,2,0.0
sPLB,5,7,12,0.42
sPLD,1,0,1,1.0
sPLL,2,3,5,0.4
sPLM,7,2,9,0.78
sPLN,4,5,9,0.44
sPLP,4,5,9,0.44
sPLS,2,5,7,0.29
sPLb,2,3,5,0.4
sPLh,0,1,1,0.0
sPLj,0,1,1,0.0
sPLl,2,2,4,0.5
sPLm,2,5,7,0.29
sPLn,3,10,13,0.23
sPLs,2,2,4,0.5
sPLt,0,1,1,0.0
sPMB,6,4,10,0.6
sPMD,4,1,5,0.8
sPMH,0,0,0,
sPMK,1,1,2,0.5
sPML,2,3,5,0.4
sPMM,8,10,18,0.44
sPMN,9,8,17,0.53
sPMP,14,17,31,0.45
sPMS,3,5,8,0.38
sPMb,8,8,16,0.5
sPMh,2,5,7,0.29
sPMl,3,3,6,0.5
sPMm,12,12,24,0.5
sPMn,13,7,20,0.65
sPMs,2,8,10,0.2
sPMt,0,0,0,
sPNB,7,9,16,0.44
sPND,2,0,2,1.0
sPNH,2,0,2,1.0
sPNK,1,0,1,1.0
sPNL,3,6,9,0.33
sPNM,6,10,16,0.38
sPNN,10,11,21,0.48
sPNP,16,12,28,0.57
sPNS,11,11,22,0.5
sPNb,4,7,11,0.36
sPNh,4,2,6,0.67
sPNl,3,5,8,0.38
sPNm,9,12,21,0.43
sPNn,10,14,24,0.42
sPNs,9,6,15,0.6
sPNt,1,2,3,0.33
sPPB,9,7,16,0.56
sPPD,2,3,5,0.4
sPPH,3,4,7,0.43
sPPI,1,1,2,0.5
sPPK,4,0,4,1.0
sPPL,7,2,9,0.78
sPPM,8,16,24,0.33
sPPN,15,6,21,0.71
sPPP,20,12,32,0.62
sPPS,10,10,20,0.5
sPPb,7,11,18,0.39
sPPh,1,1,2,0.5
sPPl,6,5,11,0.55
sPPm,18,7,25,0.72
sPPn,13,7,20,0.65
sPPs,6,13,19,0.32
sPPt,1,1,2,0.5
sPSB,7,5,12,0.58
sPSD,2,4,6,0.33
sPSH,2,4,6,0.33
sPSK,0,0,0,
sPSL,2,1,3,0.67
sPSM,9,11,20,0.45
sPSN,5,7,12,0.42
sPSP,6,9,15,0.4
sPSS,7,10,17,0.41
sPSb,3,3,6,0.5
sPSh,4,7,11,0.36
sPSl,5,1,6,0.83
sPSm,4,14,18,0.22
sPSn,9,5,14,0.64
sPSs,13,13,26,0.5
sPSt,1,1,2,0.5
sPbB,4,6,10,0.4
sPbD,1,1,2,0.5
sPbH,1,2,3,0.33
sPbI,0,0,0,
sPbJ,1,1,2,0.5
sPbK,1,0,1,1.0
sPbL,7,5,12,0.58
sPbM,10,13,23,0.43
sPbN,10,6,16,0.62
sPbP,7,5,12,0.58
sPbS,4,2,6,0.67
sPbb,7,8,15,0.47
sPbl,4,2,6,0.67
sPbm,5,11,16,0.31
sPbn,4,8,12,0.33
sPbs,5,4,9,0.56
sPhM,1,0,1,1.0
sPhN,1,0,1,1.0
sPhP,1,1,2,0.5
sPhS,2,1,3,0.67
sPhb,1,0,1,1.0
sPhh,0,3,3,0.0
sPhl,0,1,1,0.0
sPhm,0,3,3,0.0
sPhn,0,0,0,
sPhs,4,2,6,0.67
sPlB,4,3,7,0.57
sPlD,1,0,1,1.0
sPlH,1,1,2,0.5
sPlI,1,0,1,1.0
sPlK,0,1,1,0.0
sPlL,0,1,1,0.0
sPlM,7,3,10,0.7
sPlN,2,2,4,0.5
sPlP,6,5,11,0.55
sPlS,2,1,3,0.67
sPlb,2,2,4,0.5
sPll,1,3,4,0.25
sPlm,3,3,6,0.5
sPln,5,4,9,0.56
sPls,1,3,4,0.25
sPmB,6,11,17,0.35
sPmD,5,6,11,0.45
sPmH,6,7,13,0.46
sPmJ,1,3,4,0.25
sPmK,0,1,1,0.0
sPmL,4,9,13,0.31
sPmM,9,19,28,0.32
sPmN,9,9,18,0.5
sPmP,16,14,30,0.53
sPmS,6,6,12,0.5
sPmb,11,12,23,0.48
sPmh,0,0,0,
sPml,4,5,9,0.44
sPmm,17,14,31,0.55
sPmn,12,14,26,0.46
sPms,12,6,18,0.67
sPnB,10,6,16,0.62
sPnD,1,1,2,0.5
sPnH,6,0,6,1.0
sPnI,1,1,2,0.5
sPnK,0,1,1,0.0
sPnL,5,3,8,0.62
sPnM,14,7,21,0.67
sPnN,10,8,18,0.56
sPnP,8,16,24,0.33
sPnS,11,3,14,0.79
sPnb,5,7,12,0.42
sPnl,3,5,8,0.38
sPnm,18,10,28,0.64
sPnn,10,5,15,0.67
sPns,5,8,13,0.38
sPnt,1,0,1,1.0
sPsB,8,3,11,0.73
sPsD,2,2,4,0.5
sPsH,6,4,10,0.6
sPsI,2,0,2,1.0
sPsK,1,0,1,1.0
sPsL,2,3,5,0.4
sPsM,10,5,15,0.67
sPsN,5,8,13,0.38
sPsP,7,20,27,0.26
sPsS,8,7,15,0.53
sPsb,6,2,8,0.75
sPsl,2,4,6,0.33
sPsm,6,8,14,0.43
sPsn,4,12,16,0.25
sPss,7,5,12,0.58
sPtD,1,1,2,0.5
sPtH,0,0,0,
sPtL,1,0,1,1.0
sPtM,0,2,2,0.0
sPtN,1,1,2,0.5
sPtP,0,1,1,0.0
sPtS,0,2,2,0.0
sPtb,0,0,0,
sPtm,1,0,1,1.0
sPtn,0,1,1,0.0
sPts,2,0,2,1.0
sSBB,5,6,11,0.45
sSBD,1,2,3,0.33
sSBK,1,1,2,0.5
sSBL,2,3,5,0.4
sSBM,4,9,13,0.31
sSBN,5,6,11,0.45
sSBP,7,5,12,0.58
sSBS,7,6,13,0.54
sSBb,6,4,10,0.6
sSBh,1,1,2,0.5
sSBj,0,0,0,
sSBl,1,4,5,0.2
sSBm,4,8,12,0.33
sSBn,7,7,14,0.5
sSBs,4,3,7,0.57
sSBt,1,0,1,1.0
sSDB,3,3,6,0.5
sSDD,3,1,4,0.75
sSDH,4,1,5,0.8
sSDL,1,1,2,0.5
sSDM,3,5,8,0.38
sSDN,6,2,8,0.75
sSDP,2,2,4,0.5
sSDS,4,4,8,0.5
sSDb,2,1,3,0.67
sSDl,1,0,1,1.0
sSDm,0,3,3,0.0
sSDn,3,5,8,0.38
sSDs,2,3,5,0.4
sSDt,0,1,1,0.0
sSHB,3,4,7,0.43
sSHH,0,0,0,
sSHI,0,2,2,0.0
sSHK,0,2,2,0.0
sSHL,1,2,3,0.33
sSHM,0,1,1,0.0
sSHN,4,4,8,0.5
sSHP,2,0,2,1.0
sSHS,4,4,8,0.5
sSHb,2,0,2,1.0
sSHh,0,1,1,0.0
sSHm,2,4,6,0.33
sSHn,1,3,4,0.25
sSHs,6,9,15,0.4
sSIH,0,0,0,
sSIM,1,0,1,1.0
sSIs,0,0,0,
sSKI,1,0,1,1.0
sSKL,0,0,0,
sSKM,1,1,2,0.5
sSKP,0,1,1,0.0
sSKb,1,0,1,1.0
sSKs,0,1,1,0.0
sSLB,3,2,5,0.6
sSLD,0,3,3,0.0
sSLK,0,1,1,0.0
sSLL,1,2,3,0.33
sSLM,3,10,13,0.23
sSLN,6,3,9,0.67
sSLP,5,6,11,0.45
sSLS,1,3,4,0.25
sSLb,4,4,8,0.5
sSLh,1,1,2,0.5
sSLj,1,0,1,1.0
sSLl,2,1,3,0.67
sSLm,5,3,8,0.62
sSLn,4,0,4,1.0
sSLs,4,3,7,0.57
sSLt,1,0,1,1.0
sSMB,3,8,11,0.27
sSMD,1,1,2,0.5
sSMK,1,0,1,1.0
sSML,4,1,5,0.8
sSMM,2,8,10,0.2
sSMN,7,9,16,0.44
sSMP,11,8,19,0.58
sSMS,7,6,13,0.54
sSMb,8,8,16,0.5
sSMh,9,5,14,0.64
sSMl,1,5,6,0.17
sSMm,12,8,20,0.6
sSMn,9,13,22,0.41
sSMs,9,4,13,0.69
sSMt,0,0,0,
sSNB,3,5,8,0.38
sSND,1,4,5,0.2
sSNH,1,1,2,0.5
sSNK,2,0,2,1.0
sSNL,1,3,4,0.25
sSNM,3,3,6,0.5
sSNN,7,3,10,0.7
sSNP,14,8,22,0.64
sSNS,9,10,19,0.47
sSNb,2,2,4,0.5
sSNh,0,3,3,0.0
sSNl,2,4,6,0.33
sSNm,7,7,14,0.5
sSNn,10,10,20,0.5
sSNs,10,9,19,0.53
sSNt,1,0,1,1.0
sSPB,7,6,13,0.54
sSPD,2,3,5,0.4
sSPH,2,4,6,0.33
sSPI,0,0,0,
sSPK,0,2,2,0.0
sSPL,1,6,7,0.14
sSPM,8,11,19,0.42
sSPN,12,6,18,0.67
sSPP,15,11,26,0.58
sSPS,7,13,20,0.35
sSPb,8,5,13,0.62
sSPh,0,0,0,
sSPl,2,7,9,0.22
sSPm,11,9,20,0.55
sSPn,9,5,14,0.64
sSPs,15,10,25,0.6
sSSB,10,6,16,0.62
sSSD,5,5,10,0.5
sSSH,5,7,12,0.42
sSSI,0,1,1,0.0
sSSK,0,2,2,0.0
sSSL,2,5,7,0.29
sSSM,9,11,20,0.45
sSSN,12,7,19,0.63
sSSP,9,12,21,0.43
sSSS,14,16,30,0.47
sSSb,7,5,12,0.58
sSSh,4,7,11,0.36
sSSl,3,4,7,0.43
sSSm,18,9,27,0.67
sSSn,15,13,28,0.54
sSSs,15,6,21,0.71
sSSt,2,0,2,1.0
sSbB,3,8,11,0.27
sSbD,0,0,0,
sSbH,1,1,2,0.5
sSbI,1,0,1,1.0
sSbJ,6,1,7,0.86
sSbK,2,1,3,0.67
sSbL,1,1,2,0.5
sSbM,9,7,16,0.56
sSbN,7,4,11,0.64
sSbP,2,6,8,0.25
sSbS,3,5,8,0.38
sSbb,3,5,8,0.38
sSbl,3,3,6,0.5
sSbm,8,5,13,0.62
sSbn,9,4,13,0.69
sSbs,5,5,10,0.5
sShB,3,5,8,0.38
sShD,1,2,3,0.33
sShH,1,2,3,0.33
sShI,1,1,2,0.5
sShK,2,0,2,1.0
sShL,1,1,2,0.5
sShM,5,6,11,0.45
sShN,3,5,8,0.38
sShP,6,2,8,0.75
sShS,9,9,18,0.5
sShb,4,2,6,0.67
sShh,1,7,8,0.12
sShl,0,1,1,0.0
sShm,4,6,10,0.4
sShn,4,11,15,0.27
sShs,6,13,19,0.32
sSht,0,1,1,0.0
sSlB,4,2,6,0.67
sSlD,0,2,2,0.0
sSlH,1,1,2,0.5
sSlI,0,0,0,
sSlJ,1,0,1,1.0
sSlL,0,1,1,0.0
sSlM,2,4,6,0.33
sSlN,1,4,5,0.2
sSlP,8,1,9,0.89
sSlS,3,2,5,0.6
sSlb,3,2,5,0.6
sSlm,1,2,3,0.33
sSln,2,3,5,0.4
sSls,0,1,1,0.0
sSmB,8,9,17,0.47
sSmD,2,3,5,0.4
sSmH,6,7,13,0.46
sSmI,0,2,2,0.0
sSmJ,1,3,4,0.25
sSmK,0,1,1,0.0
sSmL,3,2,5,0.6
sSmM,10,8,18,0.56
sSmN,12,9,21,0.57
sSmP,16,9,25,0.64
sSmS,11,6,17,0.65
sSmb,11,14,25,0.44
sSmh,0,1,1,0.0
sSml,0,2,2,0.0
sSmm,15,9,24,0.62
sSmn,7,8,15,0.47
sSms,6,8,14,0.43
sSnB,7,3,10,0.7
sSnD,5,0,5,1.0
sSnH,5,13,18,0.28
sSnI,0,2,2,0.0
sSnK,1,2,3,0.33
sSnL,1,3,4,0.25
sSnM,8,9,17,0.47
sSnN,10,18,28,0.36
sSnP,9,16,25,0.36
sSnS,11,12,23,0.48
sSnb,3,7,10,0.3
sSnh,0,0,0,
sSnl,1,0,1,1.0
sSnm,7,10,17,0.41
sSnn,7,6,13,0.54
sSns,4,8,12,0.33
sSsB,5,5,10,0.5
sSsD,8,6,14,0.57
sSsH,13,8,21,0.62
sSsI,2,0,2,1.0
sSsK,0,1,1,0.0
sSsL,5,1,6,0.83
sSsM,12,9,21,0.57
sSsN,9,11,20,0.45
sSsP,12,10,22,0.55
sSsS,16,13,29,0.55
sSsb,6,9,15,0.4
sSsh,1,0,1,1.0
sSsl,4,4,8,0.5
sSsm,12,10,22,0.55
sSsn,13,10,23,0.57
sSss,16,14,30,0.53
sSst,1,0,1,1.0
sStB,1,1,2,0.5
sStH,0,1,1,0.0
sStL,0,1,1,0.0
sStM,0,2,2,0.0
sStN,1,0,1,1.0
sStP,1,1,2,0.5
sStS,1,0,1,1.0
sStb,0,1,1,0.0
sStm,1,1,2,0.5
sStn,0,3,3,0.0
sSts,0,0,0,
sStt,0,1,1,0.0
sbBB,10,9,19,0.53
sbBD,2,0,2,1.0
sbBI,1,0,1,1.0
sbBK,2,1,3,0.67
sbBL,2,0,2,1.0
sbBM,5,3,8,0.62
sbBN,4,6,10,0.4
sbBP,1,6,7,0.14
sbBS,7,1,8,0.88
sbBb,2,3,5,0.4
sbBj,0,2,2,0.0
sbBl,1,2,3,0.33
sbBm,3,8,11,0.27
sbBn,9,9,18,0.5
sbBs,1,2,3,0.33
sbBt,1,0,1,1.0
sbDD,0,1,1,0.0
sbDH,1,0,1,1.0
sbDL,1,0,1,1.0
sbDM,2,1,3,0.67
sbDN,2,0,2,1.0
sbDP,1,2,3,0.33
sbDS,0,2,2,0.0
sbDb,1,2,3,0.33
sbDl,1,0,1,1.0
sbDm,2,2,4,0.5
sbDn,0,0,0,
sbDs,1,0,1,1.0
sbDt,1,0,1,1.0
sbHB,3,2,5,0.6
sbHD,0,0,0,
sbHI,0,2,2,0.0
sbHK,0,1,1,0.0
sbHL,2,0,2,1.0
sbHM,2,1,3,0.67
sbHN,0,1,1,0.0
sbHP,1,2,3,0.33
sbHS,2,2,4,0.5
sbHb,1,1,2,0.5
sbHm,1,0,1,1.0
sbHn,2,1,3,0.67
sbHs,1,0,1,1.0
sbIH,0,0,0,
sbIN,2,0,2,1.0
sbIP,2,0,2,1.0
sbIb,1,0,1,1.0
sbIm,0,2,2,0.0
sbJB,1,2,3,0.33
sbJD,1,1,2,0.5
sbJH,0,0,0,
sbJL,0,2,2,0.0
sbJM,2,1,3,0.67
sbJN,1,1,2,0.5
sbJP,1,3,4,0.25
sbJS,2,1,3,0.67
sbJb,0,1,1,0.0
sbJh,0,1,1,0.0
sbJl,0,1,1,0.0
sbJm,1,1,2,0.5
sbJn,1,0,1,1.0
sbJs,1,0,1,1.0
sbKB,1,1,2,0.5
sbKL,1,0,1,1.0
sbKM,0,2,2,0.0
sbKN,0,1,1,0.0
sbKP,2,1,3,0.67
sbKS,0,1,1,0.0
sbKb,1,3,4,0.25
sbKl,1,0,1,1.0
sbKm,0,1,1,0.0
sbKn,0,2,2,0.0
sbKs,0,0,0,
sbLH,1,0,1,1.0
sbLL,0,0,0,
sbLM,3,2,5,0.6
sbLN,3,2,5,0.6
sbLP,2,2,4,0.5
sbLS,2,2,4,0.5
sbLb,1,1,2,0.5
sbLh,1,1,2,0.5
sbLj,0,1,1,0.0
sbLl,1,1,2,0.5
sbLm,1,2,3,0.33
sbLn,1,4,5,0.2
sbLs,2,2,4,0.5
sbMB,8,6,14,0.57
sbMD,0,1,1,0.0
sbML,1,4,5,0.2
sbMM,6,6,12,0.5
sbMN,6,5,11,0.55
sbMP,13,3,16,0.81
sbMS,3,4,7,0.43
sbMb,3,1,4,0.75
sbMh,6,4,10,0.6
sbMl,1,1,2,0.5
sbMm,6,8,14,0.43
sbMn,6,8,14,0.43
sbMs,1,4,5,0.2
sbNB,10,2,12,0.83
sbND,1,2,3,0.33
sbNH,3,1,4,0.75
sbNK,1,2,3,0.33
sbNL,4,2,6,0.67
sbNM,6,12,18,0.33
sbNN,12,6,18,0.67
sbNP,13,7,20,0.65
sbNS,7,5,12,0.58
sbNb,5,8,13,0.38
sbNh,3,3,6,0.5
sbNl,2,0,2,1.0
sbNm,8,10,18,0.44
sbNn,14,11,25,0.56
sbNs,7,2,9,0.78
sbNt,0,1,1,0.0
sbPB,9,9,18,0.5
sbPD,4,0,4,1.0
sbPH,0,1,1,0.0
sbPK,0,1,1,0.0
sbPL,3,2,5,0.6
sbPM,13,7,20,0.65
sbPN,8,5,13,0.62
sbPP,16,8,24,0.67
sbPS,4,4,8,0.5
sbPb,7,6,13,0.54
sbPh,2,0,2,1.0
sbPl,4,2,6,0.67
sbPm,9,10,19,0.47
sbPn,5,3,8,0.62
sbPs,4,6,10,0.4
sbPt,2,0,2,1.0
sbSB,1,2,3,0.33
sbSD,1,2,3,0.33
sbSK,1,0,1,1.0
sbSL,2,0,2,1.0
sbSM,4,6,10,0.4
sbSN,5,3,8,0.62
sbSP,4,3,7,0.57
sbSS,2,4,6,0.33
sbSb,3,2,5,0.6
sbSh,2,1,3,0.67
sbSl,1,0,1,1.0
sbSm,3,2,5,0.6
sbSn,2,5,7,0.29
sbSs,2,1,3,0.67
sbSt,0,1,1,0.0
sbbB,7,8,15,0.47
sbbD,1,0,1,1.0
sbbH,0,1,1,0.0
sbbI,1,0,1,1.0
sbbJ,2,0,2,1.0
sbbK,1,2,3,0.33
sbbL,2,1,3,0.67
sbbM,8,6,14,0.57
sbbN,12,5,17,0.71
sbbP,5,7,12,0.42
sbbS,3,1,4,0.75
sbbb,6,7,13,0.46
sbbl,3,2,5,0.6
sbbm,3,3,6,0.5
sbbn,4,5,9,0.44
sbbs,1,2,3,0.33
sblB,0,1,1,0.0
sblH,1,2,3,0.33
sblJ,1,0,1,1.0
sblM,1,3,4,0.25
sblN,2,0,2,1.0
sblP,1,4,5,0.2
sblS,1,2,3,0.33
sblb,2,3,5,0.4
sbll,0,1,1,0.0
sblm,2,1,3,0.67
sbln,1,0,1,1.0
sbls,1,2,3,0.33
sbmB,8,8,16,0.5
sbmD,0,1,1,0.0
sbmH,3,5,8,0.38
sbmI,1,0,1,1.0
sbmJ,1,0,1,1.0
sbmL,0,2,2,0.0
sbmM,15,5,20,0.75
sbmN,9,3,12,0.75
sbmP,10,6,16,0.62
sbmS,7,3,10,0.7
sbmb,6,5,11,0.55
sbml,0,0,0,
sbmm,5,3,8,0.62
sbmn,6,4,10,0.6
sbms,5,1,6,0.83
sbnB,3,5,8,0.38
sbnD,1,0,1,1.0
sbnH,8,3,11,0.73
sbnI,2,1,3,0.67
sbnL,6,1,7,0.86
sbnM,6,6,12,0.5
sbnN,5,9,14,0.36
sbnP,9,12,21,0.43
sbnS,2,5,7,0.29
sbnb,4,4,8,0.5
sbnh,1,0,1,1.0
sbnl,1,1,2,0.5
sbnm,2,10,12,0.17
sbnn,5,6,11,0.45
sbns,1,4,5,0.2
sbsB,4,1,5,0.8
sbsD,0,0,0,
sbsH,2,4,6,0.33
sbsL,2,0,2,1.0
sbsM,5,3,8,0.62
sbsN,1,6,7,0.14
sbsP,3,2,5,0.6
sbsS,2,2,4,0.5
sbsb,1,0,1,1.0
sbsm,5,4,9,0.56
sbsn,2,1,3,0.67
sbss,4,1,5,0.8
shBB,0,1,1,0.0
shBD,0,0,0,
shBM,1,0,1,1.0
shBP,1,0,1,1.0
shBb,1,0,1,1.0
shBm,1,0,1,1.0
shBn,0,1,1,0.0
shDm,0,0,0,
shDs,1,0,1,1.0
shHD,1,0,1,1.0
shHN,0,1,1,0.0
shHS,0,0,0,
shIb,0,0,0,
shLB,0,1,1,0.0
shLM,1,1,2,0.5
shLN,1,0,1,1.0
shLs,1,0,1,1.0
shMB,2,0,2,1.0
shMS,1,0,1,1.0
shMm,0,1,1,0.0
shMn,1,0,1,1.0
shMs,0,1,1,0.0
shNB,0,1,1,0.0
shNM,0,1,1,0.0
shNN,1,0,1,1.0
shNP,1,0,1,1.0
shNm,0,2,2,0.0
shNn,1,0,1,1.0
shNs,2,0,2,1.0
shPK,0,1,1,0.0
shPP,1,1,2,0.5
shPS,0,2,2,0.0
shPm,1,0,1,1.0
shPn,0,0,0,
shPs,1,1,2,0.5
shSB,1,0,1,1.0
shSP,0,1,1,0.0
shSS,0,0,0,
shSl,0,1,1,0.0
shSm,0,0,0,
shSn,0,1,1,0.0
shSs,1,1,2,0.5
shbM,2,0,2,1.0
shbS,0,1,1,0.0
shbb,0,1,1,0.0
shbn,1,0,1,1.0
shbs,0,0,0,
shhI,0,0,0,
shhP,0,1,1,0.0
shhS,0,0,0,
shhb,0,1,1,0.0
shhl,1,0,1,1.0
shhn,0,0,0,
shhs,1,0,1,1.0
shlB,0,0,0,
shlN,1,0,1,1.0
shlb,0,1,1,0.0
shls,0,0,0,
shmB,1,1,2,0.5
shmD,1,0,1,1.0
shmH,0,0,0,
shmL,1,0,1,1.0
shmN,1,1,2,0.5
shmP,1,0,1,1.0
shmS,0,0,0,
shmb,0,2,2,0.0
shml,0,1,1,0.0
shmn,1,1,2,0.5
shms,1,1,2,0.5
shnB,0,1,1,0.0
shnI,0,1,1,0.0
shnN,1,1,2,0.5
shnP,0,1,1,0.0
shnS,0,0,0,
shnl,0,1,1,0.0
shns,0,0,0,
shsB,0,1,1,0.0
shsD,1,0,1,1.0
shsI,1,0,1,1.0
shsN,0,1,1,0.0
shsP,0,2,2,0.0
shsS,1,0,1,1.0
shsl,0,1,1,0.0
shsm,0,1,1,0.0
shsn,0,0,0,
slBB,3,2,5,0.6
slBK,0,0,0,
slBL,1,0,1,1.0
slBM,5,4,9,0.56
slBN,3,0,3,1.0
slBP,3,1,4,0.75
slBb,2,3,5,0.4
slBl,0,0,0,
slBm,3,2,5,0.6
slBn,2,3,5,0.4
slBs,2,0,2,1.0
slDB,0,1,1,0.0
slDP,0,2,2,0.0
slDS,0,0,0,
slDb,1,0,1,1.0
slDm,0,1,1,0.0
slDs,2,0,2,1.0
slHB,1,0,1,1.0
slHD,0,1,1,0.0
slHH,2,0,2,1.0
slHL,0,2,2,0.0
slHM,0,4,4,0.0
slHN,6,1,7,0.86
slHP,1,3,4,0.25
slHS,1,2,3,0.33
slHb,1,0,1,1.0
slHh,1,1,2,0.5
slHl,0,1,1,0.0
slHm,3,2,5,0.6
slHn,1,0,1,1.0
slHs,1,0,1,1.0
slIB,0,0,0,
slIb,1,0,1,1.0
slIn,1,1,2,0.5
slJB,2,0,2,1.0
slJL,1,0,1,1.0
slJM,1,1,2,0.5
slJN,1,0,1,1.0
slJP,0,2,2,0.0
slJh,0,1,1,0.0
slJl,0,1,1,0.0
slJm,1,1,2,0.5
slJn,2,2,4,0.5
slJs,1,0,1,1.0
slKD,1,0,1,1.0
slKS,0,1,1,0.0
slKn,0,1,1,0.0
slLB,1,1,2,0.5
slLH,1,0,1,1.0
slLK,0,1,1,0.0
slLM,0,2,2,0.0
slLN,1,0,1,1.0
slLP,0,0,0,
slLS,1,0,1,1.0
slLh,0,1,1,0.0
slLl,0,3,3,0.0
slLm,2,0,2,1.0
slLn,2,2,4,0.5
slLs,1,2,3,0.33
slMB,4,3,7,0.57
slMD,0,2,2,0.0
slMM,3,0,3,1.0
slMN,3,3,6,0.5
slMP,4,4,8,0.5
slMS,1,2,3,0.33
slMb,4,2,6,0.67
slMh,3,1,4,0.75
slMj,1,0,1,1.0
slMl,1,0,1,1.0
slMm,1,4,5,0.2
slMn,1,5,6,0.17
slMs,1,2,3,0.33
slNB,0,2,2,0.0
slND,3,1,4,0.75
slNH,1,0,1,1.0
slNL,1,2,3,0.33
slNM,3,1,4,0.75
slNN,4,3,7,0.57
slNP,4,4,8,0.5
slNS,2,3,5,0.4
slNb,3,1,4,0.75
slNh,0,1,1,0.0
slNl,2,0,2,1.0
slNm,3,2,5,0.6
slNn,4,5,9,0.44
slNs,2,2,4,0.5
slNt,1,0,1,1.0
slPB,6,1,7,0.86
slPD,1,1,2,0.5
slPH,1,1,2,0.5
slPI,1,0,1,1.0
slPK,1,0,1,1.0
slPL,2,0,2,1.0
slPM,4,2,6,0.67
slPN,0,2,2,0.0
slPP,8,5,13,0.62
slPS,0,1,1,0.0
slPb,3,2,5,0.6
slPh,1,0,1,1.0
slPl,1,0,1,1.0
slPm,0,4,4,0.0
slPn,1,1,2,0.5
slPs,3,2,5,0.6
slPt,1,0,1,1.0
slSB,1,0,1,1.0
slSD,0,0,0,
slSH,1,2,3,0.33
slSK,1,1,2,0.5
slSL,1,1,2,0.5
slSM,1,2,3,0.33
slSN,2,5,7,0.29
slSP,1,2,3,0.33
slSS,3,1,4,0.75
slSb,0,3,3,0.0
slSh,1,0,1,1.0
slSl,0,2,2,0.0
slSm,1,0,1,1.0
slSn,2,2,4,0.5
slSs,4,0,4,1.0
slbB,2,1,3,0.67
slbJ,0,0,0,
slbK,1,2,3,0.33
slbL,2,1,3,0.67
slbM,5,4,9,0.56
slbN,2,3,5,0.4
slbP,3,1,4,0.75
slbS,2,1,3,0.67
slbb,3,2,5,0.6
slbl,2,0,2,1.0
slbm,5,0,5,1.0
slbn,3,3,6,0.5
slbs,1,0,1,1.0
sllB,0,1,1,0.0
sllM,3,0,3,1.0
sllN,2,4,6,0.33
sllP,2,2,4,0.5
sllS,0,1,1,0.0
sllb,1,0,1,1.0
slll,0,0,0,
sllm,1,0,1,1.0
slmB,5,2,7,0.71
slmD,1,2,3,0.33
slmH,1,5,6,0.17
slmI,0,1,1,0.0
slmK,1,0,1,1.0
slmL,2,2,4,0.5
slmM,0,4,4,0.0
slmN,4,6,10,0.4
slmP,8,0,8,1.0
slmS,2,1,3,0.67
slmb,5,2,7,0.71
slml,0,1,1,0.0
slmm,1,2,3,0.33
slmn,3,1,4,0.75
slms,2,2,4,0.5
slnB,0,1,1,0.0
slnH,2,0,2,1.0
slnI,1,0,1,1.0
slnL,2,0,2,1.0
slnM,0,1,1,0.0
slnN,3,1,4,0.75
slnP,1,1,2,0.5
slnS,2,2,4,0.5
slnb,2,1,3,0.67
slnl,0,2,2,0.0
slnm,4,1,5,0.8
slnn,0,0,0,
slsB,2,3,5,0.4
slsI,0,0,0,
slsK,0,0,0,
slsL,3,2,5,0.6
slsM,3,2,5,0.6
slsN,1,1,2,0.5
slsP,4,2,6,0.67
slsS,4,1,5,0.8
slsb,1,0,1,1.0
slsh,0,1,1,0.0
slsl,2,0,2,1.0
slsm,4,1,5,0.8
slsn,0,3,3,0.0
slss,0,2,2,0.0
smBB,5,6,11,0.45
smBD,1,2,3,0.33
smBK,0,1,1,0.0
smBL,1,0,1,1.0
smBM,9,14,23,0.39
smBN,6,13,19,0.32
smBP,15,13,28,0.54
smBS,7,7,14,0.5
smBb,8,4,12,0.67
smBh,1,0,1,1.0
smBj,1,1,2,0.5
smBl,3,1,4,0.75
smBm,8,6,14,0.57
smBn,17,9,26,0.65
smBs,3,1,4,0.75
smBt,1,2,3,0.33
smDB,4,3,7,0.57
smDD,0,2,2,0.0
smDH,3,1,4,0.75
smDL,0,1,1,0.0
smDM,2,4,6,0.33
smDN,4,4,8,0.5
smDP,2,4,6,0.33
smDS,2,3,5,0.4
smDb,4,2,6,0.67
smDl,3,0,3,1.0
smDm,4,6,10,0.4
smDn,5,1,6,0.83
smDs,3,4,7,0.43
smDt,1,0,1,1.0
smHB,5,7,12,0.42
smHD,4,3,7,0.57
smHH,4,2,6,0.67
smHI,1,0,1,1.0
smHK,1,1,2,0.5
smHL,1,2,3,0.33
smHM,3,5,8,0.38
smHN,11,11,22,0.5
smHP,8,7,15,0.53
smHS,5,2,7,0.71
smHb,4,3,7,0.57
smHh,3,3,6,0.5
smHl,0,0,0,
smHm,10,5,15,0.67
smHn,18,10,28,0.64
smHs,8,5,13,0.62
smHt,0,1,1,0.0
smIB,0,1,1,0.0
smIN,0,3,3,0.0
smIP,1,0,1,1.0
smIb,1,0,1,1.0
smIm,1,0,1,1.0
smIn,1,0,1,1.0
smJB,0,1,1,0.0
smJD,0,0,0,
smJH,1,2,3,0.33
smJM,2,2,4,0.5
smJN,1,1,2,0.5
smJP,1,4,5,0.2
smJS,1,1,2,0.5
smJb,4,4,8,0.5
smJl,0,1,1,0.0
smJm,2,0,2,1.0
smJn,2,0,2,1.0
smJs,3,0,3,1.0
smJt,0,1,1,0.0
smKB,1,0,1,1.0
smKN,0,1,1,0.0
smLB,1,2,3,0.33
smLD,1,0,1,1.0
smLL,1,1,2,0.5
smLM,3,5,8,0.38
smLN,1,3,4,0.25
smLP,5,2,7,0.71
smLS,0,2,2,0.0
smLb,1,2,3,0.33
smLh,4,0,4,1.0
smLj,2,0,2,1.0
smLl,1,0,1,1.0
smLm,2,5,7,0.29
smLn,3,4,7,0.43
smLs,2,2,4,0.5
smMB,11,9,20,0.55
smMD,1,3,4,0.25
smML,3,4,7,0.43
smMM,6,11,17,0.35
smMN,11,15,26,0.42
smMP,10,5,15,0.67
smMS,5,7,12,0.42
smMb,13,4,17,0.76
smMh,8,7,15,0.53
smMj,2,0,2,1.0
smMl,1,3,4,0.25
smMm,9,14,23,0.39
smMn,13,12,25,0.52
smMs,15,5,20,0.75
smMt,0,2,2,0.0
smNB,9,4,13,0.69
smND,2,1,3,0.67
smNH,3,3,6,0.5
smNK,1,1,2,0.5
smNL,3,4,7,0.43
smNM,7,12,19,0.37
smNN,15,13,28,0.54
smNP,15,19,34,0.44
smNS,12,5,17,0.71
smNb,5,11,16,0.31
smNh,1,3,4,0.25
smNl,1,3,4,0.25
smNm,13,10,23,0.57
smNn,16,12,28,0.57
smNs,7,10,17,0.41
smNt,1,1,2,0.5
smPB,10,12,22,0.45
smPD,2,3,5,0.4
smPH,3,3,6,0.5
smPI,0,0,0,
smPK,3,1,4,0.75
smPL,0,1,1,0.0
smPM,13,14,27,0.48
smPN,10,11,21,0.48
smPP,15,13,28,0.54
smPS,4,6,10,0.4
smPb,8,13,21,0.38
smPh,0,1,1,0.0
smPl,4,7,11,0.36
smPm,14,11,25,0.56
smPn,15,6,21,0.71
smPs,6,8,14,0.43
smPt,1,0,1,1.0
smSB,2,11,13,0.15
smSD,4,1,5,0.8
smSH,1,0,1,1.0
smSI,0,1,1,0.0
smSL,1,3,4,0.25
smSM,10,9,19,0.53
smSN,9,5,14,0.64
smSP,5,9,14,0.36
smSS,8,13,21,0.38
smSb,9,7,16,0.56
smSh,4,4,8,0.5
smSl,0,2,2,0.0
smSm,8,12,20,0.4
smSn,8,9,17,0.47
smSs,5,5,10,0.5
smSt,2,0,2,1.0
smbB,8,6,14,0.57
smbD,0,2,2,0.0
smbH,3,2,5,0.6
smbI,0,0,0,
smbJ,3,2,5,0.6
smbK,0,1,1,0.0
smbL,1,1,2,0.5
smbM,6,10,16,0.38
smbN,10,12,22,0.45
smbP,4,8,12,0.33
smbS,3,0,3,1.0
smbb,7,12,19,0.37
smbl,2,2,4,0.5
smbm,11,7,18,0.61
smbn,7,8,15,0.47
smbs,3,3,6,0.5
smlH,1,1,2,0.5
smlI,1,0,1,1.0
smlJ,2,0,2,1.0
smlK,0,1,1,0.0
smlL,2,2,4,0.5
smlM,1,4,5,0.2
smlN,0,0,0,
smlP,2,3,5,0.4
smlS,2,0,2,1.0
smlb,5,0,5,1.0
smll,1,1,2,0.5
smlm,0,2,2,0.0
smln,1,2,3,0.33
smls,3,0,3,1.0
smmB,10,7,17,0.59
smmD,3,4,7,0.43
smmH,4,7,11,0.36
smmJ,2,0,2,1.0
smmL,4,4,8,0.5
smmM,7,13,20,0.35
smmN,17,16,33,0.52
smmP,9,13,22,0.41
smmS,5,1,6,0.83
smmb,7,9,16,0.44
smml,1,1,2,0.5
smmm,19,11,30,0.63
smmn,17,9,26,0.65
smms,5,0,5,1.0
smnB,12,8,20,0.6
smnD,4,5,9,0.44
smnH,2,1,3,0.67
smnI,3,1,4,0.75
smnK,0,0,0,
smnL,1,1,2,0.5
smnM,5,8,13,0.38
smnN,6,15,21,0.29
smnP,14,7,21,0.67
smnS,6,8,14,0.43
smnb,11,9,20,0.55
smnl,1,3,4,0.25
smnm,13,9,22,0.59
smnn,9,7,16,0.56
smns,6,7,13,0.46
smsB,0,6,6,0.0
smsD,6,3,9,0.67
smsH,1,3,4,0.25
smsL,1,1,2,0.5
smsM,5,4,9,0.56
smsN,9,9,18,0.5
smsP,7,3,10,0.7
smsS,2,7,9,0.22
smsb,5,3,8,0.62
smsl,4,1,5,0.8
smsm,9,8,17,0.53
smsn,5,6,11,0.45
smss,4,4,8,0.5
snBB,0,8,8,0.0
snBD,0,3,3,0.0
snBK,0,1,1,0.0
snBL,2,2,4,0.5
snBM,2,10,12,0.17
snBN,3,8,11,0.27
snBP,7,6,13,0.54
snBS,2,3,5,0.4
snBb,4,5,9,0.44
snBh,1,0,1,1.0
snBj,1,0,1,1.0
snBl,2,0,2,1.0
snBm,5,6,11,0.45
snBn,7,7,14,0.5
snBs,2,3,5,0.4
snBt,0,1,1,0.0
snDB,1,1,2,0.5
snDD,3,0,3,1.0
snDH,1,1,2,0.5
snDL,1,0,1,1.0
snDM,2,5,7,0.29
snDN,0,3,3,0.0
snDP,3,5,8,0.38
snDS,0,5,5,0.0
snDb,3,2,5,0.6
snDh,1,1,2,0.5
snDl,0,1,1,0.0
snDm,3,2,5,0.6
snDn,2,3,5,0.4
snDs,2,1,3,0.67
snHB,7,3,10,0.7
snHD,2,2,4,0.5
snHH,0,1,1,0.0
snHI,0,1,1,0.0
snHK,1,0,1,1.0
snHL,0,2,2,0.0
snHM,8,5,13,0.62
snHN,8,3,11,0.73
snHP,8,4,12,0.67
snHS,6,5,11,0.55
snHb,10,5,15,0.67
snHh,2,0,2,1.0
snHl,1,0,1,1.0
snHm,7,4,11,0.64
snHn,4,5,9,0.44
snHs,5,3,8,0.62
snIB,0,1,1,0.0
snID,6,1,7,0.86
snIL,1,0,1,1.0
snIM,1,3,4,0.25
snIN,1,2,3,0.33
snIP,3,0,3,1.0
snIS,0,1,1,0.0
snIb,1,0,1,1.0
snIm,0,2,2,0.0
snIn,4,2,6,0.67
snIs,1,1,2,0.5
snKB,0,1,1,0.0
snKH,0,3,3,0.0
snKM,1,0,1,1.0
snKN,0,2,2,0.0
snKP,0,1,1,0.0
snKb,1,0,1,1.0
snKh,1,3,4,0.25
snKm,0,1,1,0.0
snKn,1,1,2,0.5
snKs,0,2,2,0.0
snLB,0,2,2,0.0
snLD,1,0,1,1.0
snLL,1,1,2,0.5
snLM,3,2,5,0.6
snLN,5,6,11,0.45
snLP,4,4,8,0.5
snLS,1,1,2,0.5
snLb,1,0,1,1.0
snLh,1,0,1,1.0
snLl,1,0,1,1.0
snLm,2,2,4,0.5
snLn,6,2,8,0.75
snLs,2,0,2,1.0
snMB,8,2,10,0.8
snMD,3,2,5,0.6
snML,1,1,2,0.5
snMM,7,9,16,0.44
snMN,9,8,17,0.53
snMP,10,10,20,0.5
snMS,4,6,10,0.4
snMb,1,10,11,0.09
snMh,9,13,22,0.41
snMj,1,1,2,0.5
snMl,1,1,2,0.5
snMm,10,9,19,0.53
snMn,11,8,19,0.58
snMs,7,8,15,0.47
snMt,1,0,1,1.0
snNB,6,8,14,0.43
snND,2,5,7,0.29
snNH,1,1,2,0.5
snNK,0,3,3,0.0
snNL,0,4,4,0.0
snNM,13,8,21,0.62
snNN,13,20,33,0.39
snNP,12,12,24,0.5
snNS,10,9,19,0.53
snNb,10,3,13,0.77
snNh,3,2,5,0.6
snNl,1,1,2,0.5
snNm,15,10,25,0.6
snNn,15,13,28,0.54
snNs,9,8,17,0.53
snNt,1,1,2,0.5
snPB,10,8,18,0.56
snPD,4,3,7,0.57
snPH,4,3,7,0.57
snPI,2,0,2,1.0
snPK,2,0,2,1.0
snPL,6,4,10,0.6
snPM,12,9,21,0.57
snPN,12,12,24,0.5
snPP,15,19,34,0.44
snPS,12,7,19,0.63
snPb,5,8,13,0.38
snPh,1,4,5,0.2
snPl,4,4,8,0.5
snPm,11,10,21,0.52
snPn,17,9,26,0.65
snPs,7,11,18,0.39
snPt,1,1,2,0.5
snSB,5,5,10,0.5
snSD,4,1,5,0.8
snSH,2,2,4,0.5
snSL,1,4,5,0.2
snSM,6,5,11,0.55
snSN,5,8,13,0.38
snSP,10,6,16,0.62
snSS,6,10,16,0.38
snSb,5,4,9,0.56
snSh,1,3,4,0.25
snSl,4,1,5,0.8
snSm,8,5,13,0.62
snSn,4,6,10,0.4
snSs,16,9,25,0.64
snSt,1,3,4,0.25
snbB,3,6,9,0.33
snbD,0,0,0,
snbH,1,0,1,1.0
snbI,2,0,2,1.0
snbJ,0,2,2,0.0
snbL,3,0,3,1.0
snbM,5,7,12,0.42
snbN,7,8,15,0.47
snbP,13,4,17,0.76
snbS,3,3,6,0.5
snbb,3,3,6,0.5
snbl,1,0,1,1.0
snbm,7,1,8,0.88
snbn,5,5,10,0.5
snbs,3,1,4,0.75
snhN,0,1,1,0.0
snlB,3,0,3,1.0
snlD,0,1,1,0.0
snlH,0,1,1,0.0
snlL,0,0,0,
snlM,1,2,3,0.33
snlN,2,1,3,0.67
snlP,3,1,4,0.75
snlS,4,0,4,1.0
snlb,4,3,7,0.57
snll,1,0,1,1.0
snlm,3,0,3,1.0
snln,1,1,2,0.5
snls,0,1,1,0.0
snmB,5,6,11,0.45
snmD,5,6,11,0.45
snmH,3,2,5,0.6
snmI,0,1,1,0.0
snmJ,0,1,1,0.0
snmL,1,1,2,0.5
snmM,8,7,15,0.53
snmN,14,12,26,0.54
snmP,10,9,19,0.53
snmS,8,4,12,0.67
snmb,13,6,19,0.68
snml,1,0,1,1.0
snmm,9,6,15,0.6
snmn,9,5,14,0.64
snms,4,6,10,0.4
snnB,5,8,13,0.38
snnD,7,1,8,0.88
snnH,3,3,6,0.5
snnI,0,1,1,0.0
snnK,2,0,2,1.0
snnL,4,1,5,0.8
snnM,9,9,18,0.5
snnN,13,19,32,0.41
snnP,13,15,28,0.46
snnS,3,5,8,0.38
snnb,10,4,14,0.71
snnl,4,0,4,1.0
snnm,5,4,9,0.56
snnn,10,10,20,0.5
snns,9,5,14,0.64
snsB,2,5,7,0.29
snsD,1,3,4,0.25
snsH,3,5,8,0.38
snsI,0,1,1,0.0
snsK,0,1,1,0.0
snsL,1,0,1,1.0
snsM,5,3,8,0.62
snsN,6,8,14,0.43
snsP,6,7,13,0.46
snsS,10,5,15,0.67
snsb,4,3,7,0.57
snsh,1,0,1,1.0
snsl,0,3,3,0.0
snsm,2,8,10,0.2
snsn,8,2,10,0.8
snss,3,6,9,0.33
ssBB,4,8,12,0.33
ssBD,4,0,4,1.0
ssBK,1,1,2,0.5
ssBL,5,2,7,0.71
ssBM,4,3,7,0.57
ssBN,4,10,14,0.29
ssBP,5,4,9,0.56
ssBS,0,2,2,0.0
ssBb,4,6,10,0.4
ssBh,0,0,0,
ssBl,1,2,3,0.33
ssBm,2,2,4,0.5
ssBn,4,4,8,0.5
ssBs,2,4,6,0.33
ssBt,2,1,3,0.67
ssDB,1,2,3,0.33
ssDD,2,3,5,0.4
ssDH,2,3,5,0.4
ssDL,2,0,2,1.0
ssDM,0,4,4,0.0
ssDN,1,3,4,0.25
ssDP,3,3,6,0.5
ssDS,4,2,6,0.67
ssDb,2,1,3,0.67
ssDl,1,2,3,0.33
ssDm,1,2,3,0.33
ssDn,6,5,11,0.55
ssDs,2,0,2,1.0
ssHB,7,5,12,0.58
ssHD,5,1,6,0.83
ssHH,1,2,3,0.33
ssHI,0,1,1,0.0
ssHK,0,1,1,0.0
ssHL,3,0,3,1.0
ssHM,9,6,15,0.6
ssHN,4,7,11,0.36
ssHP,4,8,12,0.33
ssHS,9,13,22,0.41
ssHb,9,4,13,0.69
ssHh,4,6,10,0.4
ssHl,0,0,0,
ssHm,5,7,12,0.42
ssHn,6,3,9,0.67
ssHs,6,13,19,0.32
ssHt,2,0,2,1.0
ssIB,1,1,2,0.5
ssIM,1,0,1,1.0
ssIP,0,3,3,0.0
ssIS,1,2,3,0.33
ssIb,1,0,1,1.0
ssIm,1,2,3,0.33
ssIn,1,1,2,0.5
ssIs,1,0,1,1.0
ssKP,1,1,2,0.5
ssKS,0,0,0,
ssKm,1,0,1,1.0
ssKs,0,1,1,0.0
ssLB,1,1,2,0.5
ssLK,1,0,1,1.0
ssLL,0,2,2,0.0
ssLM,1,1,2,0.5
ssLN,2,2,4,0.5
ssLP,4,1,5,0.8
ssLS,3,1,4,0.75
ssLb,0,1,1,0.0
ssLh,0,1,1,0.0
ssLj,1,0,1,1.0
ssLl,0,1,1,0.0
ssLm,2,0,2,1.0
ssLn,2,3,5,0.4
ssLs,2,3,5,0.4
ssMB,2,7,9,0.22
ssMD,2,0,2,1.0
ssML,2,0,2,1.0
ssMM,7,10,17,0.41
ssMN,3,13,16,0.19
ssMP,9,9,18,0.5
ssMS,1,6,7,0.14
ssMb,4,6,10,0.4
ssMh,4,3,7,0.57
ssMl,0,0,0,
ssMm,12,1,13,0.92
ssMn,2,10,12,0.17
ssMs,4,8,12,0.33
ssMt,3,0,3,1.0
ssNB,3,5,8,0.38
ssND,1,1,2,0.5
ssNH,1,1,2,0.5
ssNK,1,1,2,0.5
ssNL,3,3,6,0.5
ssNM,3,7,10,0.3
ssNN,10,8,18,0.56
ssNP,12,13,25,0.48
ssNS,7,4,11,0.64
ssNb,8,5,13,0.62
ssNh,0,1,1,0.0
ssNl,3,4,7,0.43
ssNm,10,6,16,0.62
ssNn,14,11,25,0.56
ssNs,10,5,15,0.67
ssNt,1,1,2,0.5
ssPB,4,8,12,0.33
ssPD,4,0,4,1.0
ssPH,2,5,7,0.29
ssPI,1,1,2,0.5
ssPK,0,1,1,0.0
ssPL,4,1,5,0.8
ssPM,7,12,19,0.37
ssPN,10,6,16,0.62
ssPP,5,12,17,0.29
ssPS,9,9,18,0.5
ssPb,11,6,17,0.65
ssPh,1,1,2,0.5
ssPl,3,1,4,0.75
ssPm,9,14,23,0.39
ssPn,5,4,9,0.56
ssPs,9,8,17,0.53
ssPt,0,2,2,0.0
ssSB,4,7,11,0.36
ssSD,5,3,8,0.62
ssSH,4,5,9,0.44
ssSK,0,0,0,
ssSL,3,5,8,0.38
ssSM,8,8,16,0.5
ssSN,3,5,8,0.38
ssSP,13,11,24,0.54
ssSS,15,13,28,0.54
ssSb,7,4,11,0.64
ssSh,2,11,13,0.15
ssSl,3,2,5,0.6
ssSm,9,12,21,0.43
ssSn,12,8,20,0.6
ssSs,19,18,37,0.51
ssSt,0,1,1,0.0
ssbB,8,7,15,0.53
ssbD,0,1,1,0.0
ssbH,0,0,0,
ssbK,0,1,1,0.0
ssbL,2,1,3,0.67
ssbM,9,3,12,0.75
ssbN,9,2,11,0.82
ssbP,10,6,16,0.62
ssbS,0,2,2,0.0
ssbb,6,2,8,0.75
ssbl,0,1,1,0.0
ssbm,7,7,14,0.5
ssbn,6,8,14,0.43
ssbs,3,3,6,0.5
sshH,1,0,1,1.0
sshM,0,3,3,0.0
sshN,0,1,1,0.0
sshP,1,0,1,1.0
sshS,0,1,1,0.0
sshh,1,0,1,1.0
sshl,1,0,1,1.0
sshm,2,1,3,0.67
sshn,1,1,2,0.5
sshs,1,0,1,1.0
sslB,3,1,4,0.75
sslH,2,1,3,0.67
sslI,0,1,1,0.0
sslL,0,1,1,0.0
sslM,2,0,2,1.0
sslN,1,3,4,0.25
sslP,0,1,1,0.0
sslS,0,0,0,
sslb,3,1,4,0.75
ssll,1,0,1,1.0
sslm,2,2,4,0.5
ssln,4,1,5,0.8
ssls,4,1,5,0.8
ssmB,4,11,15,0.27
ssmD,3,1,4,0.75
ssmH,6,4,10,0.6
ssmI,1,1,2,0.5
ssmJ,2,1,3,0.67
ssmL,2,0,2,1.0
ssmM,7,5,12,0.58
ssmN,10,6,16,0.62
ssmP,4,8,12,0.33
ssmS,7,7,14,0.5
ssmb,4,7,11,0.36
ssml,1,2,3,0.33
ssmm,5,6,11,0.45
ssmn,7,8,15,0.47
ssms,6,7,13,0.46
ssnB,5,6,11,0.45
ssnD,5,1,6,0.83
ssnH,8,2,10,0.8
ssnI,3,0,3,1.0
ssnK,0,0,0,
ssnL,1,1,2,0.5
ssnM,4,8,12,0.33
ssnN,12,10,22,0.55
ssnP,8,10,18,0.44
ssnS,5,9,14,0.36
ssnb,5,1,6,0.83
ssnl,1,1,2,0.5
ssnm,9,7,16,0.56
ssnn,4,7,11,0.36
ssns,9,3,12,0.75
sssB,3,4,7,0.43
sssD,1,2,3,0.33
sssH,5,7,12,0.42
sssI,2,0,2,1.0
sssK,1,2,3,0.33
sssL,0,0,0,
sssM,8,6,14,0.57
sssN,5,6,11,0.45
sssP,11,7,18,0.61
sssS,7,11,18,0.39
sssb,5,2,7,0.71
sssh,1,1,2,0.5
sssl,3,4,7,0.43
sssm,9,8,17,0.53
sssn,10,8,18,0.56
ssss,13,3,16,0.81
sstD,1,0,1,1.0
stBb,0,1,1,0.0
stDB,0,1,1,0.0
stDM,0,1,1,0.0
stDP,0,0,0,
stLm,1,0,1,1.0
stPM,0,1,1,0.0
stPm,0,1,1,0.0
stSP,0,0,0,
stSl,1,0,1,1.0
stSm,0,0,0,
stSs,0,1,1,0.0
stbM,0,1,1,0.0
stbb,0,1,1,0.0
stbn,0,1,1,0.0
stlL,0,1,1,0.0
stlM,1,0,1,1.0
stln,0,1,1,0.0
stmb,0,1,1,0.0
stnD,0,0,0,
stnM,1,0,1,1.0
stsP,1,0,1,1.0
stsm,1,0,1,1.0
tBBB,1,2,3,0.33
tBBL,0,1,1,0.0
tBBM,2,1,3,0.67
tBBP,1,1,2,0.5
tBBb,1,0,1,1.0
tBBm,0,2,2,0.0
tBBn,1,1,2,0.5
tBBs,1,0,1,1.0
tBBt,0,0,0,
tBDM,1,0,1,1.0
tBDP,0,0,0,
tBDm,0,1,1,0.0
tBDn,0,1,1,0.0
tBKL,0,1,1,0.0
tBKS,0,0,0,
tBLB,0,1,1,0.0
tBLl,0,1,1,0.0
tBLn,1,0,1,1.0
tBMB,0,2,2,0.0
tBMM,0,1,1,0.0
tBMP,1,0,1,1.0
tBMb,0,1,1,0.0
tBMm,0,1,1,0.0
tBNB,1,0,1,1.0
tBND,1,0,1,1.0
tBNM,1,1,2,0.5
tBNP,1,0,1,1.0
tBNS,0,1,1,0.0
tBNb,0,0,0,
tBNh,0,0,0,
tBNs,1,1,2,0.5
tBPB,1,0,1,1.0
tBPL,1,1,2,0.5
tBPM,1,0,1,1.0
tBPN,0,1,1,0.0
tBPP,2,4,6,0.33
tBPS,0,0,0,
tBPb,1,0,1,1.0
tBPl,1,1,2,0.5
tBPm,1,1,2,0.5
tBPn,0,0,0,
tBSS,1,1,2,0.5
tBSb,1,1,2,0.5
tBSh,1,0,1,1.0
tBbD,0,1,1,0.0
tBbK,1,0,1,1.0
tBbM,0,1,1,0.0
tBbN,0,2,2,0.0
tBbP,2,0,2,1.0
tBbm,0,0,0,
tBbn,1,1,2,0.5
tBbs,0,1,1,0.0
tBlB,1,0,1,1.0
tBlM,0,1,1,0.0
tBlm,1,0,1,1.0
tBln,0,0,0,
tBls,0,0,0,
tBmH,0,1,1,0.0
tBmL,1,0,1,1.0
tBmN,0,1,1,0.0
tBmP,1,0,1,1.0
tBmS,0,1,1,0.0
tBmm,1,2,3,0.33
tBmn,0,1,1,0.0
tBnH,1,0,1,1.0
tBnM,0,2,2,0.0
tBnN,0,1,1,0.0
tBnP,0,2,2,0.0
tBnb,0,1,1,0.0
tBnl,0,1,1,0.0
tBnm,1,1,2,0.5
tBnn,1,0,1,1.0
tBns,1,0,1,1.0
tBsB,0,1,1,0.0
tBsH,1,1,2,0.5
tBsM,0,1,1,0.0
tBsN,0,1,1,0.0
tBsP,1,0,1,1.0
tBsb,1,0,1,1.0
tBss,0,0,0,
tDBD,1,0,1,1.0
tDBL,0,0,0,
tDBN,0,1,1,0.0
tDBl,1,0,1,1.0
tDBm,1,0,1,1.0
tDBn,1,0,1,1.0
tDHB,1,0,1,1.0
tDHN,2,0,2,1.0
tDHl,0,0,0,
tDHm,0,0,0,
tDIs,0,1,1,0.0
tDMB,1,2,3,0.33
tDML,0,1,1,0.0
tDMb,2,0,2,1.0
tDMl,0,1,1,0.0
tDNP,1,0,1,1.0
tDNb,0,1,1,0.0
tDPH,1,1,2,0.5
tDPM,0,1,1,0.0
tDPP,0,1,1,0.0
tDPm,1,0,1,1.0
tDSP,0,1,1,0.0
tDbP,0,1,1,0.0
tDbm,0,1,1,0.0
tDbs,1,0,1,1.0
tDlS,0,1,1,0.0
tDlb,1,0,1,1.0
tDmB,2,0,2,1.0
tDmM,0,1,1,0.0
tDmP,0,0,0,
tDmb,0,1,1,0.0
tDmm,1,0,1,1.0
tDms,2,0,2,1.0
tDnn,0,0,0,
tDsP,0,0,0,
tDsS,0,1,1,0.0
tDss,2,1,3,0.67
tHBL,1,0,1,1.0
tHBN,1,0,1,1.0
tHBP,1,2,3,0.33
tHBS,0,1,1,0.0
tHBb,1,0,1,1.0
tHBn,0,0,0,
tHHN,0,1,1,0.0
tHIM,0,1,1,0.0
tHIS,1,0,1,1.0
tHKP,0,1,1,0.0
tHLM,1,1,2,0.5
tHLn,1,0,1,1.0
tHMP,1,0,1,1.0
tHMS,0,0,0,
tHMb,0,0,0,
tHMm,0,1,1,0.0
tHMs,1,0,1,1.0
tHNB,0,1,1,0.0
tHNS,2,0,2,1.0
tHNl,0,1,1,0.0
tHNm,2,1,3,0.67
tHNn,0,1,1,0.0
tHPM,1,2,3,0.33
tHPP,1,1,2,0.5
tHPS,2,1,3,0.67
tHPb,1,0,1,1.0
tHPm,0,1,1,0.0
tHPn,0,1,1,0.0
tHSD,1,0,1,1.0
tHSN,1,0,1,1.0
tHSP,1,0,1,1.0
tHSS,1,0,1,1.0
tHSl,0,0,0,
tHSm,1,1,2,0.5
tHSn,1,0,1,1.0
tHSs,0,1,1,0.0
tHbM,0,1,1,0.0
tHbb,1,1,2,0.5
tHbm,0,2,2,0.0
tHbn,0,0,0,
tHhB,1,0,1,1.0
tHhN,1,0,1,1.0
tHhP,0,0,0,
tHhh,1,0,1,1.0
tHhs,0,1,1,0.0
tHlB,0,0,0,
tHlM,1,1,2,0.5
tHlN,1,0,1,1.0
tHln,0,0,0,
tHmB,1,0,1,1.0
tHmH,0,1,1,0.0
tHmN,1,0,1,1.0
tHmP,0,1,1,0.0
tHmb,0,0,0,
tHml,1,0,1,1.0
tHmn,0,2,2,0.0
tHms,0,1,1,0.0
tHnL,1,0,1,1.0
tHnM,0,1,1,0.0
tHnN,2,0,2,1.0
tHnS,0,0,0,
tHnb,0,1,1,0.0
tHns,1,1,2,0.5
tHsM,1,1,2,0.5
tHsP,0,1,1,0.0
tHsb,1,0,1,1.0
tHsn,0,0,0,
tHss,0,1,1,0.0
tHtm,1,0,1,1.0
tIDB,0,1,1,0.0
tIHL,1,0,1,1.0
tIIb,1,0,1,1.0
tIMN,0,1,1,0.0
tIbM,1,1,2,0.5
tIsm,1,0,1,1.0
tKBm,1,0,1,1.0
tKPL,0,1,1,0.0
tKPN,0,0,0,
tKPn,0,1,1,0.0
tKhP,1,0,1,1.0
tKmJ,0,0,0,
tKmb,0,1,1,0.0
tKns,0,1,1,0.0
tKsM,0,1,1,0.0
tLBB,2,0,2,1.0
tLBN,1,0,1,1.0
tLKB,0,1,1,0.0
tLKh,0,0,0,
tLLB,0,1,1,0.0
tLLP,1,0,1,1.0
tLMB,0,1,1,0.0
tLML,1,0,1,1.0
tLMM,0,1,1,0.0
tLMN,0,0,0,
tLMP,0,2,2,0.0
tLMb,0,1,1,0.0
tLMn,0,1,1,0.0
tLND,0,1,1,0.0
tLNK,0,1,1,0.0
tLNN,0,1,1,0.0
tLNP,1,0,1,1.0
tLNl,2,0,2,1.0
tLNn,1,1,2,0.5
tLPL,1,0,1,1.0
tLPN,0,1,1,0.0
tLPP,1,0,1,1.0
tLPS,1,0,1,1.0
tLPb,0,1,1,0.0
tLPl,0,0,0,
tLPm,1,0,1,1.0
tLPn,0,2,2,0.0
tLPs,1,0,1,1.0
tLSB,1,1,2,0.5
tLbB,2,1,3,0.67
tLbK,0,0,0,
tLbL,0,1,1,0.0
tLbP,1,0,1,1.0
tLbS,0,1,1,0.0
tLbb,0,0,0,
tLbl,0,1,1,0.0
tLbm,1,1,2,0.5
tLhM,1,0,1,1.0
tLhN,1,0,1,1.0
tLlN,0,1,1,0.0
tLmB,1,0,1,1.0
tLmH,0,1,1,0.0
tLmM,2,0,2,1.0
tLmN,1,1,2,0.5
tLmm,0,1,1,0.0
tLmn,0,1,1,0.0
tLnB,0,1,1,0.0
tLnM,0,1,1,0.0
tLnP,2,0,2,1.0
tLnb,0,1,1,0.0
tLnl,0,2,2,0.0
tLns,1,0,1,1.0
tLsN,0,1,1,0.0
tLsS,0,1,1,0.0
tLtb,0,0,0,
tMBB,0,1,1,0.0
tMBN,2,1,3,0.67
tMBP,0,2,2,0.0
tMBS,0,1,1,0.0
tMBb,1,0,1,1.0
tMBl,1,0,1,1.0
tMBm,2,0,2,1.0
tMBn,0,0,0,
tMDB,1,0,1,1.0
tMDM,0,1,1,0.0
tMKS,0,1,1,0.0
tMLD,1,0,1,1.0
tMLN,1,0,1,1.0
tMMB,0,1,1,0.0
tMMD,1,0,1,1.0
tMMM,1,1,2,0.5
tMMN,1,0,1,1.0
tMMh,0,0,0,
tMMj,1,0,1,1.0
tMMm,1,0,1,1.0
tMMn,0,1,1,0.0
tMMs,1,1,2,0.5
tMNL,1,1,2,0.5
tMNM,1,1,2,0.5
tMNN,0,0,0,
tMNP,2,0,2,1.0
tMNS,0,1,1,0.0
tMNb,0,2,2,0.0
tMNn,1,0,1,1.0
tMNs,0,1,1,0.0
tMNt,0,1,1,0.0
tMPB,1,4,5,0.2
tMPI,0,1,1,0.0
tMPM,0,1,1,0.0
tMPN,0,1,1,0.0
tMPP,0,1,1,0.0
tMPS,1,0,1,1.0
tMPb,1,1,2,0.5
tMPl,0,1,1,0.0
tMPm,0,0,0,
tMPn,1,0,1,1.0
tMPs,0,1,1,0.0
tMSM,1,0,1,1.0
tMSN,1,0,1,1.0
tMSP,0,0,0,
tMSS,0,0,0,
tMSb,1,0,1,1.0
tMSm,2,0,2,1.0
tMSn,1,1,2,0.5
tMbB,1,0,1,1.0
tMbD,1,1,2,0.5
tMbM,0,2,2,0.0
tMbN,0,3,3,0.0
tMbP,1,3,4,0.25
tMbS,0,0,0,
tMbm,0,1,1,0.0
tMbn,0,1,1,0.0
tMhM,2,0,2,1.0
tMhN,0,2,2,0.0
tMhS,1,0,1,1.0
tMhl,0,1,1,0.0
tMhn,0,1,1,0.0
tMhs,1,0,1,1.0
tMjb,0,0,0,
tMlP,1,0,1,1.0
tMlb,1,0,1,1.0
tMmB,0,0,0,
tMmD,0,1,1,0.0
tMmH,1,0,1,1.0
tMmL,0,1,1,0.0
tMmM,2,1,3,0.67
tMmN,0,2,2,0.0
tMmP,3,1,4,0.75
tMmS,1,1,2,0.5
tMmb,0,0,0,
tMml,0,1,1,0.0
tMmm,0,1,1,0.0
tMmn,0,0,0,
tMms,0,1,1,0.0
tMnB,0,1,1,0.0
tMnH,1,0,1,1.0
tMnL,1,0,1,1.0
tMnM,0,2,2,0.0
tMnN,1,0,1,1.0
tMnP,0,1,1,0.0
tMnS,1,2,3,0.33
tMnb,1,0,1,1.0
tMnl,1,1,2,0.5
tMnm,2,0,2,1.0
tMnn,4,1,5,0.8
tMns,0,0,0,
tMsB,0,1,1,0.0
tMsD,0,1,1,0.0
tMsH,1,1,2,0.5
tMsL,1,0,1,1.0
tMsM,1,0,1,1.0
tMsN,1,0,1,1.0
tMtL,1,0,1,1.0
tNBM,1,0,1,1.0
tNBP,0,0,0,
tNBS,0,0,0,
tNBb,0,1,1,0.0
tNBj,1,1,2,0.5
tNBl,1,0,1,1.0
tNBm,1,0,1,1.0
tNBn,0,1,1,0.0
tNBs,0,1,1,0.0
tNBt,1,0,1,1.0
tNDD,1,1,2,0.5
tNDM,0,1,1,0.0
tNDN,1,0,1,1.0
tNDS,1,0,1,1.0
tNDm,1,0,1,1.0
tNDs,0,0,0,
tNHB,0,1,1,0.0
tNHS,0,0,0,
tNKP,0,0,0,
tNKn,1,0,1,1.0
tNLB,1,0,1,1.0
tNLM,0,1,1,0.0
tNLN,0,1,1,0.0
tNMB,0,3,3,0.0
tNMD,0,0,0,
tNMM,1,2,3,0.33
tNMP,0,4,4,0.0
tNMb,0,1,1,0.0
tNMh,0,2,2,0.0
tNMl,0,1,1,0.0
tNMm,1,2,3,0.33
tNMn,2,1,3,0.67
tNMs,2,1,3,0.67
tNNB,0,1,1,0.0
tNNH,0,1,1,0.0
tNNL,1,0,1,1.0
tNNM,2,1,3,0.67
tNNP,1,1,2,0.5
tNNS,1,1,2,0.5
tNNb,1,1,2,0.5
tNNh,0,0,0,
tNNn,0,0,0,
tNNs,0,2,2,0.0
tNPB,1,2,3,0.33
tNPH,0,1,1,0.0
tNPI,1,0,1,1.0
tNPK,0,1,1,0.0
tNPL,0,1,1,0.0
tNPM,2,1,3,0.67
tNPN,1,0,1,1.0
tNPP,1,1,2,0.5
tNPS,0,1,1,0.0
tNPl,0,1,1,0.0
tNPm,1,1,2,0.5
tNPn,1,0,1,1.0
tNPs,1,0,1,1.0
tNPt,1,0,1,1.0
tNSB,0,1,1,0.0
tNSM,1,3,4,0.25
tNSP,0,1,1,0.0
tNSS,0,1,1,0.0
tNSh,1,0,1,1.0
tNSm,1,0,1,1.0
tNSn,2,1,3,0.67
tNSs,2,0,2,1.0
tNbB,0,1,1,0.0
tNbL,1,0,1,1.0
tNbM,3,0,3,1.0
tNbP,0,0,0,
tNbb,0,0,0,
tNbm,0,1,1,0.0
tNbs,0,1,1,0.0
tNhB,0,0,0,
tNhL,1,0,1,1.0
tNhM,0,0,0,
tNhm,1,1,2,0.5
tNhn,0,0,0,
tNlH,0,1,1,0.0
tNlM,1,0,1,1.0
tNlN,1,0,1,1.0
tNlP,0,1,1,0.0
tNlS,0,1,1,0.0
tNls,0,1,1,0.0
tNmH,0,0,0,
tNmM,1,1,2,0.5
tNmN,1,1,2,0.5
tNmP,0,2,2,0.0
tNmb,1,3,4,0.25
tNml,0,1,1,0.0
tNmm,1,1,2,0.5
tNmn,1,4,5,0.2
tNms,0,1,1,0.0
tNnB,0,0,0,
tNnH,0,1,1,0.0
tNnM,1,1,2,0.5
tNnN,0,1,1,0.0
tNnP,1,2,3,0.33
tNnS,0,1,1,0.0
tNnb,0,1,1,0.0
tNnl,1,0,1,1.0
tNnm,0,1,1,0.0
tNnn,1,0,1,1.0
tNns,1,0,1,1.0
tNsB,0,0,0,
tNsD,0,1,1,0.0
tNsH,1,0,1,1.0
tNsP,0,3,3,0.0
tNsS,0,1,1,0.0
tNsb,0,1,1,0.0
tNtB,1,1,2,0.5
tNtM,1,0,1,1.0
tNtS,0,1,1,0.0
tNtm,1,0,1,1.0
tPBB,1,3,4,0.25
tPBD,0,1,1,0.0
tPBM,1,0,1,1.0
tPBN,3,0,3,1.0
tPBj,0,1,1,0.0
tPBl,0,0,0,
tPBm,1,1,2,0.5
tPBn,1,0,1,1.0
tPDm,0,1,1,0.0
tPDt,1,0,1,1.0
tPHB,0,1,1,0.0
tPHN,1,0,1,1.0
tPHS,0,1,1,0.0
tPHn,1,0,1,1.0
tPID,0,0,0,
tPIH,1,0,1,1.0
tPIb,0,1,1,0.0
tPKH,1,0,1,1.0
tPKM,0,1,1,0.0
tPKh,1,0,1,1.0
tPKm,1,0,1,1.0
tPKs,0,0,0,
tPLB,1,0,1,1.0
tPLL,1,0,1,1.0
tPLh,1,0,1,1.0
tPLl,0,1,1,0.0
tPLm,0,3,3,0.0
tPLn,1,1,2,0.5
tPMB,1,0,1,1.0
tPMM,2,3,5,0.4
tPMN,2,0,2,1.0
tPMP,2,1,3,0.67
tPMS,1,0,1,1.0
tPMb,0,2,2,0.0
tPMl,1,0,1,1.0
tPMm,1,0,1,1.0
tPMn,1,2,3,0.33
tPMs,1,0,1,1.0
tPNB,0,0,0,
tPND,0,1,1,0.0
tPNL,0,1,1,0.0
tPNM,2,2,4,0.5
tPNN,2,0,2,1.0
tPNP,2,0,2,1.0
tPNS,1,0,1,1.0
tPNb,2,0,2,1.0
tPNh,0,1,1,0.0
tPNm,0,2,2,0.0
tPNn,2,0,2,1.0
tPNs,0,1,1,0.0
tPPB,0,1,1,0.0
tPPL,2,1,3,0.67
tPPM,1,1,2,0.5
tPPN,1,3,4,0.25
tPPP,2,2,4,0.5
tPPS,1,0,1,1.0
tPPb,1,0,1,1.0
tPPl,0,1,1,0.0
tPPm,1,3,4,0.25
tPPn,1,1,2,0.5
tPSB,0,1,1,0.0
tPSD,0,0,0,
tPSH,0,1,1,0.0
tPSL,1,0,1,1.0
tPSM,1,0,1,1.0
tPSN,0,1,1,0.0
tPSP,0,1,1,0.0
tPSS,2,1,3,0.67
tPSh,0,0,0,
tPSm,2,3,5,0.4
tPSs,3,0,3,1.0
tPbB,2,2,4,0.5
tPbD,0,1,1,0.0
tPbH,1,0,1,1.0
tPbL,1,1,2,0.5
tPbN,2,1,3,0.67
tPbS,1,0,1,1.0
tPbl,0,1,1,0.0
tPbm,0,2,2,0.0
tPbs,0,1,1,0.0
tPhM,0,2,2,0.0
tPhS,0,0,0,
tPhb,1,0,1,1.0
tPhh,0,1,1,0.0
tPhm,1,0,1,1.0
tPhn,0,0,0,
tPhs,0,1,1,0.0
tPlB,0,0,0,
tPlH,0,1,1,0.0
tPlJ,0,0,0,
tPlN,0,1,1,0.0
tPlP,1,0,1,1.0
tPlb,1,1,2,0.5
tPlm,0,0,0,
tPmD,1,1,2,0.5
tPmN,0,1,1,0.0
tPmP,0,0,0,
tPmS,1,1,2,0.5
tPmb,1,1,2,0.5
tPmm,1,0,1,1.0
tPmn,1,0,1,1.0
tPnB,1,0,1,1.0
tPnI,1,0,1,1.0
tPnK,1,1,2,0.5
tPnL,1,0,1,1.0
tPnM,1,3,4,0.25
tPnN,2,2,4,0.5
tPnP,1,3,4,0.25
tPnS,2,2,4,0.5
tPnb,0,1,1,0.0
tPnl,0,1,1,0.0
tPnm,0,1,1,0.0
tPnn,0,1,1,0.0
tPns,0,1,1,0.0
tPsD,0,0,0,
tPsH,2,1,3,0.67
tPsI,1,0,1,1.0
tPsM,1,1,2,0.5
tPsN,0,0,0,
tPsP,2,1,3,0.67
tPsS,1,0,1,1.0
tPsb,0,0,0,
tPsm,0,1,1,0.0
tPsn,1,1,2,0.5
tPss,0,1,1,0.0
tSBM,0,1,1,0.0
tSBN,1,1,2,0.5
tSBP,1,2,3,0.33
tSBb,0,1,1,0.0
tSBh,0,0,0,
tSDD,0,1,1,0.0
tSDm,0,1,1,0.0
tSHB,1,0,1,1.0
tSHS,1,1,2,0.5
tSHh,1,0,1,1.0
tSKn,0,1,1,0.0
tSLB,1,1,2,0.5
tSLP,1,1,2,0.5
tSLS,1,0,1,1.0
tSMB,1,0,1,1.0
tSMP,0,1,1,0.0
tSMS,0,1,1,0.0
tSMb,1,0,1,1.0
tSMn,2,1,3,0.67
tSMs,0,3,3,0.0
tSMt,1,0,1,1.0
tSND,0,0,0,
tSNN,1,3,4,0.25
tSNP,2,1,3,0.67
tSNS,1,0,1,1.0
tSNh,0,1,1,0.0
tSNm,0,1,1,0.0
tSNn,0,2,2,0.0
tSPD,1,0,1,1.0
tSPM,1,0,1,1.0
tSPN,1,1,2,0.5
tSPP,3,2,5,0.6
tSPS,1,0,1,1.0
tSPb,0,0,0,
tSPm,1,0,1,1.0
tSPn,0,2,2,0.0
tSPs,1,0,1,1.0
tSSH,1,0,1,1.0
tSSN,0,1,1,0.0
tSSP,0,1,1,0.0
tSSS,2,0,2,1.0
tSSb,0,1,1,0.0
tSSn,0,2,2,0.0
tSSs,2,2,4,0.5
tSbJ,0,0,0,
tSbN,1,0,1,1.0
tSbP,0,1,1,0.0
tSbS,1,0,1,1.0
tSbb,0,1,1,0.0
tSbm,0,0,0,
tSbs,0,0,0,
tShB,1,0,1,1.0
tShL,0,1,1,0.0
tShM,0,1,1,0.0
tShN,0,1,1,0.0
tShP,1,0,1,1.0
tShS,1,0,1,1.0
tShb,0,1,1,0.0
tSlB,0,0,0,
tSlH,0,0,0,
tSlN,0,1,1,0.0
tSlP,0,1,1,0.0
tSll,1,0,1,1.0
tSls,0,0,0,
tSmB,0,2,2,0.0
tSmD,1,0,1,1.0
tSmH,0,1,1,0.0
tSmJ,1,1,2,0.5
tSmL,0,1,1,0.0
tSmM,1,0,1,1.0
tSmP,2,0,2,1.0
tSmS,0,4,4,0.0
tSmb,1,1,2,0.5
tSmm,0,1,1,0.0
tSms,1,0,1,1.0
tSnB,0,0,0,
tSnD,0,1,1,0.0
tSnH,0,1,1,0.0
tSnM,1,3,4,0.25
tSnN,0,1,1,0.0
tSnP,0,1,1,0.0
tSnS,0,2,2,0.0
tSnb,0,1,1,0.0
tSnm,1,0,1,1.0
tSnn,1,0,1,1.0
tSsM,1,0,1,1.0
tSsN,0,1,1,0.0
tSsP,1,1,2,0.5
tSsb,0,0,0,
tSsl,0,1,1,0.0
tSsm,2,1,3,0.67
tSss,0,1,1,0.0
tStH,1,0,1,1.0
tStN,1,0,1,1.0
tbBB,1,0,1,1.0
tbBL,0,1,1,0.0
tbBM,0,1,1,0.0
tbBN,1,0,1,1.0
tbBP,1,1,2,0.5
tbBb,2,0,2,1.0
tbBj,0,1,1,0.0
tbBm,2,1,3,0.67
tbBn,1,0,1,1.0
tbDH,1,0,1,1.0
tbDP,1,0,1,1.0
tbHL,0,1,1,0.0
tbHn,0,0,0,
tbIS,0,1,1,0.0
tbJP,1,1,2,0.5
tbJb,0,0,0,
tbKS,0,1,1,0.0
tbKm,1,0,1,1.0
tbLP,0,1,1,0.0
tbLn,1,0,1,1.0
tbLs,1,0,1,1.0
tbMB,0,1,1,0.0
tbMD,0,0,0,
tbML,1,1,2,0.5
tbMN,0,1,1,0.0
tbMP,0,0,0,
tbMS,2,0,2,1.0
tbMb,1,0,1,1.0
tbMh,0,1,1,0.0
tbMm,1,0,1,1.0
tbMn,0,1,1,0.0
tbNB,0,1,1,0.0
tbNL,1,0,1,1.0
tbNM,2,2,4,0.5
tbNN,0,1,1,0.0
tbNP,1,1,2,0.5
tbNS,2,1,3,0.67
tbNl,1,0,1,1.0
tbNm,1,2,3,0.33
tbNn,0,1,1,0.0
tbNs,0,0,0,
tbNt,0,1,1,0.0
tbPB,0,1,1,0.0
tbPM,2,0,2,1.0
tbPP,3,4,7,0.43
tbPS,2,0,2,1.0
tbPl,2,1,3,0.67
tbPm,1,2,3,0.33
tbPn,0,1,1,0.0
tbPs,0,2,2,0.0
tbSD,1,0,1,1.0
tbSL,1,0,1,1.0
tbSN,1,0,1,1.0
tbSP,1,0,1,1.0
tbSS,0,1,1,0.0
tbSb,0,1,1,0.0
tbSm,1,0,1,1.0
tbSn,1,0,1,1.0
tbSs,0,1,1,0.0
tbbB,2,1,3,0.67
tbbH,1,0,1,1.0
tbbI,0,1,1,0.0
tbbJ,0,1,1,0.0
tbbL,0,1,1,0.0
tbbM,0,1,1,0.0
tbbP,0,3,3,0.0
tbbm,0,1,1,0.0
tbbs,1,1,2,0.5
tblM,1,0,1,1.0
tblN,1,0,1,1.0
tblb,1,0,1,1.0
tbmH,0,0,0,
tbmJ,1,1,2,0.5
tbmL,0,0,0,
tbmM,0,1,1,0.0
tbmP,0,0,0,
tbmb,0,1,1,0.0
tbmm,0,0,0,
tbnB,1,0,1,1.0
tbnI,1,0,1,1.0
tbnL,0,1,1,0.0
tbnM,1,1,2,0.5
tbnN,0,1,1,0.0
tbnP,1,2,3,0.33
tbnS,0,0,0,
tbnb,1,1,2,0.5
tbnm,2,2,4,0.5
tbnn,0,1,1,0.0
tbns,0,0,0,
tbsL,0,0,0,
tbsN,1,0,1,1.0
tbsP,0,1,1,0.0
tbsm,1,1,2,0.5
thMM,0,0,0,
thNB,1,0,1,1.0
tlBP,1,0,1,1.0
tlBb,1,0,1,1.0
tlBm,1,0,1,1.0
tlDb,0,1,1,0.0
tlHP,0,2,2,0.0
tlHm,1,0,1,1.0
tlIB,1,0,1,1.0
tlKB,0,1,1,0.0
tlLm,0,2,2,0.0
tlLn,0,1,1,0.0
tlMS,0,1,1,0.0
tlMn,0,1,1,0.0
tlNN,0,1,1,0.0
tlNP,1,0,1,1.0
tlNb,0,1,1,0.0
tlPM,1,0,1,1.0
tlPN,0,2,2,0.0
tlPS,0,0,0,
tlPb,1,0,1,1.0
tlPn,1,1,2,0.5
tlSs,1,0,1,1.0
tlbB,0,1,1,0.0
tlbS,1,0,1,1.0
tlbm,1,0,1,1.0
tllB,1,0,1,1.0
tllH,0,0,0,
tllS,0,1,1,0.0
tllm,0,1,1,0.0
tlmD,0,1,1,0.0
tlmP,1,0,1,1.0
tlmb,1,0,1,1.0
tlnM,1,0,1,1.0
tlnb,1,0,1,1.0
tlnm,0,1,1,0.0
tlsB,0,1,1,0.0
tlsM,0,1,1,0.0
tlsP,0,1,1,0.0
tmBB,0,0,0,
tmBM,0,2,2,0.0
tmBN,0,2,2,0.0
tmBP,0,1,1,0.0
tmBS,0,1,1,0.0
tmBb,0,1,1,0.0
tmBm,1,0,1,1.0
tmBn,1,2,3,0.33
tmBs,0,1,1,0.0
tmDB,0,0,0,
tmDH,1,0,1,1.0
tmDM,0,2,2,0.0
tmDP,0,0,0,
tmDS,1,1,2,0.5
tmDb,0,0,0,
tmDm,0,1,1,0.0
tmDs,0,1,1,0.0
tmDt,0,1,1,0.0
tmHD,0,1,1,0.0
tmHI,1,1,2,0.5
tmHM,2,1,3,0.67
tmHN,1,0,1,1.0
tmHP,2,1,3,0.67
tmHb,0,2,2,0.0
tmHh,0,1,1,0.0
tmHm,2,0,2,1.0
tmJB,1,0,1,1.0
tmJH,1,1,2,0.5
tmJM,0,1,1,0.0
tmJb,0,0,0,
tmJm,1,0,1,1.0
tmKm,0,1,1,0.0
tmLB,0,0,0,
tmLN,0,1,1,0.0
tmLP,1,1,2,0.5
tmLb,2,0,2,1.0
tmLh,0,1,1,0.0
tmLm,0,1,1,0.0
tmMB,0,0,0,
tmMD,0,1,1,0.0
tmMM,4,1,5,0.8
tmMN,0,1,1,0.0
tmMP,3,1,4,0.75
tmMb,2,1,3,0.67
tmMh,1,1,2,0.5
tmMj,0,0,0,
tmMl,2,0,2,1.0
tmMm,1,1,2,0.5
tmMn,3,1,4,0.75
tmMs,0,0,0,
tmNB,1,1,2,0.5
tmNN,3,3,6,0.5
tmNP,1,1,2,0.5
tmNS,0,2,2,0.0
tmNm,2,0,2,1.0
tmNn,0,1,1,0.0
tmNs,0,1,1,0.0
tmPB,0,2,2,0.0
tmPI,1,0,1,1.0
tmPL,1,1,2,0.5
tmPM,1,3,4,0.25
tmPN,0,1,1,0.0
tmPP,2,2,4,0.5
tmPS,1,0,1,1.0
tmPb,1,1,2,0.5
tmPl,1,0,1,1.0
tmPm,2,0,2,1.0
tmPs,0,1,1,0.0
tmSB,0,2,2,0.0
tmSD,0,0,0,
tmSH,2,1,3,0.67
tmSN,1,0,1,1.0
tmSh,0,1,1,0.0
tmSm,0,1,1,0.0
tmSn,1,1,2,0.5
tmbB,1,0,1,1.0
tmbK,1,0,1,1.0
tmbL,0,0,0,
tmbM,2,1,3,0.67
tmbN,0,1,1,0.0
tmbP,2,0,2,1.0
tmbS,1,0,1,1.0
tmbb,1,2,3,0.33
tmbl,0,2,2,0.0
tmlN,0,1,1,0.0
tmlP,0,1,1,0.0
tmln,1,0,1,1.0
tmmH,0,1,1,0.0
tmmJ,1,0,1,1.0
tmmL,1,0,1,1.0
tmmM,1,2,3,0.33
tmmN,0,1,1,0.0
tmmP,0,2,2,0.0
tmmS,0,3,3,0.0
tmml,0,2,2,0.0
tmmm,3,0,3,1.0
tmmn,0,1,1,0.0
tmnK,0,0,0,
tmnM,1,0,1,1.0
tmnN,0,1,1,0.0
tmnP,0,0,0,
tmnS,0,0,0,
tmnb,0,1,1,0.0
tmnh,1,0,1,1.0
tmnn,1,1,2,0.5
tmns,1,2,3,0.33
tmsB,0,1,1,0.0
tmsM,1,0,1,1.0
tmsN,0,1,1,0.0
tmsP,1,0,1,1.0
tmsm,0,1,1,0.0
tmss,0,1,1,0.0
tnBB,0,1,1,0.0
tnBL,0,0,0,
tnBM,0,1,1,0.0
tnBN,1,1,2,0.5
tnBP,0,1,1,0.0
tnBS,0,0,0,
tnBj,1,0,1,1.0
tnBn,1,2,3,0.33
tnBs,0,1,1,0.0
tnDD,1,0,1,1.0
tnDM,1,0,1,1.0
tnDN,0,1,1,0.0
tnDP,0,1,1,0.0
tnDS,1,0,1,1.0
tnDb,0,1,1,0.0
tnDm,0,0,0,
tnDn,0,1,1,0.0
tnHN,0,1,1,0.0
tnHP,1,0,1,1.0
tnHS,2,1,3,0.67
tnHb,1,0,1,1.0
tnHm,1,0,1,1.0
tnHn,0,1,1,0.0
tnHs,0,1,1,0.0
tnII,0,1,1,0.0
tnIM,0,1,1,0.0
tnIP,1,0,1,1.0
tnIs,0,1,1,0.0
tnKN,0,1,1,0.0
tnKP,0,1,1,0.0
tnLn,0,0,0,
tnMD,0,0,0,
tnMM,0,2,2,0.0
tnMN,1,0,1,1.0
tnMP,1,0,1,1.0
tnMS,1,2,3,0.33
tnMb,1,0,1,1.0
tnMh,0,1,1,0.0
tnMj,0,1,1,0.0
tnMm,0,1,1,0.0
tnMn,1,0,1,1.0
tnMs,0,0,0,
tnNB,1,0,1,1.0
tnND,1,2,3,0.33
tnNH,1,0,1,1.0
tnNM,0,1,1,0.0
tnNP,0,3,3,0.0
tnNb,1,0,1,1.0
tnNm,0,0,0,
tnNn,1,1,2,0.5
tnNs,0,1,1,0.0
tnPB,2,1,3,0.67
tnPK,0,1,1,0.0
tnPL,1,0,1,1.0
tnPM,0,2,2,0.0
tnPN,0,2,2,0.0
tnPP,2,3,5,0.4
tnPS,1,0,1,1.0
tnPb,1,1,2,0.5
tnPm,0,1,1,0.0
tnPn,2,0,2,1.0
tnPs,1,1,2,0.5
tnSN,1,0,1,1.0
tnSP,0,3,3,0.0
tnSS,0,0,0,
tnSb,1,0,1,1.0
tnSl,1,1,2,0.5
tnSm,0,1,1,0.0
tnSn,0,0,0,
tnbD,0,1,1,0.0
tnbM,1,2,3,0.33
tnbN,1,1,2,0.5
tnbS,0,1,1,0.0
tnbb,1,0,1,1.0
tnbl,2,0,2,1.0
tnbn,4,0,4,1.0
tnhP,0,1,1,0.0
tnlN,0,1,1,0.0
tnll,0,0,0,
tnls,0,1,1,0.0
tnmB,2,0,2,1.0
tnmD,0,1,1,0.0
tnmJ,1,0,1,1.0
tnmM,1,0,1,1.0
tnmN,0,1,1,0.0
tnmP,0,3,3,0.0
tnmb,0,0,0,
tnmm,1,0,1,1.0
tnmn,0,2,2,0.0
tnnB,1,0,1,1.0
tnnD,1,0,1,1.0
tnnH,1,0,1,1.0
tnnL,0,1,1,0.0
tnnP,0,3,3,0.0
tnnS,1,0,1,1.0
tnnb,2,0,2,1.0
tnnl,0,0,0,
tnnm,3,0,3,1.0
tnnn,0,2,2,0.0
tnns,1,0,1,1.0
tnsB,1,0,1,1.0
tnsD,1,0,1,1.0
tnsL,0,1,1,0.0
tnsM,0,2,2,0.0
tnsP,0,1,1,0.0
tnsS,1,0,1,1.0
tnsb,0,1,1,0.0
tnsm,0,1,1,0.0
tnsn,1,0,1,1.0
tnss,2,0,2,1.0
tsBN,0,2,2,0.0
tsBb,0,0,0,
tsBn,0,1,1,0.0
tsDB,1,0,1,1.0
tsDM,1,0,1,1.0
tsDP,1,1,2,0.5
tsDm,1,0,1,1.0
tsHB,0,0,0,
tsHH,1,0,1,1.0
tsHM,1,1,2,0.5
tsHP,0,1,1,0.0
tsHh,0,1,1,0.0
tsHl,1,0,1,1.0
tsHm,1,1,2,0.5
tsHn,1,1,2,0.5
tsHs,2,1,3,0.67
tsHt,0,1,1,0.0
tsIN,1,0,1,1.0
tsLN,1,0,1,1.0
tsLP,0,0,0,
tsLb,0,1,1,0.0
tsLl,0,0,0,
tsLn,1,0,1,1.0
tsMB,0,1,1,0.0
tsMM,0,1,1,0.0
tsMP,0,0,0,
tsMb,0,0,0,
tsMm,0,1,1,0.0
tsMn,0,1,1,0.0
tsMs,1,0,1,1.0
tsNB,0,0,0,
tsNM,0,0,0,
tsNN,0,0,0,
tsNP,2,0,2,1.0
tsNS,1,1,2,0.5
tsNb,1,0,1,1.0
tsNn,2,0,2,1.0
tsNs,1,0,1,1.0
tsPH,0,1,1,0.0
tsPL,1,0,1,1.0
tsPM,0,1,1,0.0
tsPN,1,1,2,0.5
tsPP,1,3,4,0.25
tsPS,3,0,3,1.0
tsPb,0,1,1,0.0
tsPm,0,1,1,0.0
tsPn,2,0,2,1.0
tsPs,0,1,1,0.0
tsSP,0,1,1,0.0
tsSS,1,0,1,1.0
tsSb,0,1,1,0.0
tsSl,1,0,1,1.0
tsSm,0,1,1,0.0
tsSs,1,0,1,1.0
tsSt,0,1,1,0.0
tsbH,1,0,1,1.0
tsbN,0,1,1,0.0
tsbs,0,1,1,0.0
tslB,0,1,1,0.0
tslH,1,0,1,1.0
tslM,1,0,1,1.0
tslS,1,0,1,1.0
tsmB,0,1,1,0.0
tsmI,0,0,0,
tsmL,0,1,1,0.0
tsmM,1,1,2,0.5
tsmN,1,1,2,0.5
tsmP,1,0,1,1.0
tsmS,0,1,1,0.0
tsmb,1,1,2,0.5
tsmm,1,1,2,0.5
tsmn,0,1,1,0.0
tsnB,0,2,2,0.0
tsnH,1,1,2,0.5
tsnN,0,2,2,0.0
tsnP,0,1,1,0.0
tsnn,1,0,1,1.0
tssS,0,0,0,
tssm,0,0,0,
tssn,0,2,2,0.0
ttBB,1,0,1,1.0
ttLb,1,0,1,1.0
ttMN,0,0,0,
ttNm,0,1,1,0.0
ttPN,1,0,1,1.0
ttPP,0,0,0,
ttPn,0,0,0,
ttSK,0,1,1,0.0
ttSh,1,0,1,1.0
ttbN,1,0,1,1.0
ttlP,0,1,1,0.0
ttmB,0,0,0,
ttmN,0,1,1,0.0
ttmP,1,0,1,1.0
ttmS,1,0,1,1.0
ttnD,0,1,1,0.0
ttnH,0,1,1,0.0
ttnn,0,1,1,0.0
ttsL,0,1,1,0.0
