candlestick_code4,label_increase,label_decrease,occurrence,percentage
BBBB,20,15,35,0.57
BBBD,1,1,2,0.5
BBBL,6,4,10,0.6
BBBM,14,10,24,0.58
BBBN,17,20,37,0.46
BBBP,15,16,31,0.48
BBBS,4,7,11,0.36
BBBb,19,14,33,0.58
BBBj,3,5,8,0.38
BBBl,2,8,10,0.2
BBBm,17,12,29,0.59
BBBn,16,20,36,0.44
BBBs,6,5,11,0.55
BBBt,2,2,4,0.5
BBDB,1,0,1,1.0
BBDH,0,2,2,0.0
BBDL,2,2,4,0.5
BBDM,0,2,2,0.0
BBDN,0,3,3,0.0
BBDP,2,1,3,0.67
BBDS,0,1,1,0.0
BBDb,0,1,1,0.0
BBDl,0,0,0,
BBDm,0,1,1,0.0
BBDn,1,1,2,0.5
BBDs,1,0,1,1.0
BBHh,1,0,1,1.0
BBKB,1,0,1,1.0
BBKI,1,0,1,1.0
BBKM,3,0,3,1.0
BBKP,0,1,1,0.0
BBKb,2,0,2,1.0
BBKh,0,1,1,0.0
BBKm,2,2,4,0.5
BBKn,2,0,2,1.0
BBKs,1,0,1,1.0
BBLB,4,3,7,0.57
BBLL,0,1,1,0.0
BBLM,2,3,5,0.4
BBLN,3,7,10,0.3
BBLP,4,7,11,0.36
BBLS,2,3,5,0.4
BBLb,4,5,9,0.44
BBLh,1,2,3,0.33
BBLj,2,2,4,0.5
BBLl,3,0,3,1.0
BBLm,5,4,9,0.56
BBLn,2,1,3,0.67
BBLs,1,1,2,0.5
BBMB,5,8,13,0.38
BBMD,0,1,1,0.0
BBMI,0,0,0,
BBML,2,2,4,0.5
BBMM,9,9,18,0.5
BBMN,11,9,20,0.55
BBMP,4,11,15,0.27
BBMS,3,4,7,0.43
BBMb,10,7,17,0.59
BBMh,9,5,14,0.64
BBMj,2,0,2,1.0
BBMl,5,4,9,0.56
BBMm,11,4,15,0.73
BBMn,21,9,30,0.7
BBMs,4,0,4,1.0
BBMt,2,1,3,0.67
BBNB,6,11,17,0.35
BBND,1,0,1,1.0
BBNH,2,1,3,0.67
BBNK,0,1,1,0.0
BBNL,5,3,8,0.62
BBNM,5,18,23,0.22
BBNN,14,15,29,0.48
BBNP,21,28,49,0.43
BBNS,8,5,13,0.62
BBNb,12,9,21,0.57
BBNh,3,5,8,0.38
BBNl,7,6,13,0.54
BBNm,7,11,18,0.39
BBNn,11,29,40,0.28
BBNs,12,3,15,0.8
BBNt,2,4,6,0.33
BBPB,23,15,38,0.61
BBPD,0,1,1,0.0
BBPH,5,4,9,0.56
BBPI,1,1,2,0.5
BBPL,7,6,13,0.54
BBPM,12,22,34,0.35
BBPN,11,16,27,0.41
BBPP,30,34,64,0.47
BBPS,5,16,21,0.24
BBPb,22,19,41,0.54
BBPh,1,1,2,0.5
BBPl,11,8,19,0.58
BBPm,15,8,23,0.65
BBPn,10,19,29,0.34
BBPs,11,6,17,0.65
BBPt,0,1,1,0.0
BBSB,5,4,9,0.56
BBSD,0,3,3,0.0
BBSH,1,4,5,0.2
BBSL,3,0,3,1.0
BBSM,2,3,5,0.4
BBSN,3,4,7,0.43
BBSP,10,9,19,0.53
BBSS,7,3,10,0.7
BBSb,5,7,12,0.42
BBSh,0,4,4,0.0
BBSl,6,2,8,0.75
BBSm,1,3,4,0.25
BBSn,4,4,8,0.5
BBSs,6,4,10,0.6
BBSt,0,1,1,0.0
BBbB,7,12,19,0.37
BBbH,4,3,7,0.57
BBbI,1,0,1,1.0
BBbJ,4,6,10,0.4
BBbK,2,0,2,1.0
BBbL,5,6,11,0.45
BBbM,12,15,27,0.44
BBbN,15,24,39,0.38
BBbP,19,17,36,0.53
BBbS,6,9,15,0.4
BBbb,13,12,25,0.52
BBbl,8,5,13,0.62
BBbm,16,11,27,0.59
BBbn,14,14,28,0.5
BBbs,3,6,9,0.33
BBhH,1,0,1,1.0
BBhL,3,0,3,1.0
BBhM,0,1,1,0.0
BBhN,1,1,2,0.5
BBhP,1,2,3,0.33
BBhS,0,1,1,0.0
BBhb,2,0,2,1.0
BBhm,0,2,2,0.0
BBhn,0,2,2,0.0
BBhs,0,1,1,0.0
BBjB,7,4,11,0.64
BBjH,1,1,2,0.5
BBjL,1,2,3,0.33
BBjM,4,1,5,0.8
BBjN,2,6,8,0.25
BBjP,7,9,16,0.44
BBjS,0,3,3,0.0
BBjb,4,2,6,0.67
BBjh,1,2,3,0.33
BBjl,3,1,4,0.75
BBjm,5,4,9,0.56
BBjn,4,2,6,0.67
BBjs,1,4,5,0.2
BBlB,2,7,9,0.22
BBlD,1,1,2,0.5
BBlH,2,4,6,0.33
BBlI,2,0,2,1.0
BBlJ,1,0,1,1.0
BBlL,2,0,2,1.0
BBlM,4,3,7,0.57
BBlN,7,8,15,0.47
BBlP,5,5,10,0.5
BBlS,1,2,3,0.33
BBlb,5,7,12,0.42
BBll,1,4,5,0.2
BBlm,2,6,8,0.25
BBln,4,3,7,0.57
BBls,2,5,7,0.29
BBmB,12,12,24,0.5
BBmD,0,2,2,0.0
BBmH,8,7,15,0.53
BBmI,1,2,3,0.33
BBmJ,4,4,8,0.5
BBmL,3,1,4,0.75
BBmM,5,12,17,0.29
BBmN,10,9,19,0.53
BBmP,16,13,29,0.55
BBmS,12,8,20,0.6
BBmb,14,9,23,0.61
BBml,2,4,6,0.33
BBmm,5,9,14,0.36
BBmn,13,8,21,0.62
BBms,5,4,9,0.56
BBnB,8,15,23,0.35
BBnD,0,2,2,0.0
BBnH,4,4,8,0.5
BBnI,3,1,4,0.75
BBnK,0,2,2,0.0
BBnL,4,8,12,0.33
BBnM,9,8,17,0.53
BBnN,25,22,47,0.53
BBnP,30,21,51,0.59
BBnS,11,10,21,0.52
BBnb,11,10,21,0.52
BBnh,1,0,1,1.0
BBnl,3,4,7,0.43
BBnm,19,6,25,0.76
BBnn,15,25,40,0.38
BBns,6,11,17,0.35
BBsB,2,6,8,0.25
BBsD,3,0,3,1.0
BBsH,4,5,9,0.44
BBsI,0,1,1,0.0
BBsL,3,1,4,0.75
BBsM,8,2,10,0.8
BBsN,5,4,9,0.56
BBsP,6,7,13,0.46
BBsS,3,4,7,0.43
BBsb,4,7,11,0.36
BBsl,4,1,5,0.8
BBsm,6,1,7,0.86
BBsn,4,2,6,0.67
BBss,5,8,13,0.38
BBtB,1,1,2,0.5
BBtD,1,0,1,1.0
BBtH,1,0,1,1.0
BBtL,1,2,3,0.33
BBtM,1,1,2,0.5
BBtN,0,2,2,0.0
BBtP,7,4,11,0.64
BBtb,1,3,4,0.25
BBtl,1,0,1,1.0
BBtm,3,1,4,0.75
BBtn,1,3,4,0.25
BBts,0,0,0,
BBtt,0,1,1,0.0
BDBB,1,1,2,0.5
BDBL,1,0,1,1.0
BDBM,2,0,2,1.0
BDBN,0,1,1,0.0
BDBP,0,1,1,0.0
BDBb,1,1,2,0.5
BDBm,1,0,1,1.0
BDBs,1,0,1,1.0
BDDH,0,2,2,0.0
BDDN,1,0,1,1.0
BDDb,1,0,1,1.0
BDHH,0,1,1,0.0
BDHM,0,0,0,
BDHN,0,1,1,0.0
BDHS,2,0,2,1.0
BDHb,1,0,1,1.0
BDHh,0,1,1,0.0
BDHl,1,0,1,1.0
BDHm,3,1,4,0.75
BDHn,0,0,0,
BDIN,0,1,1,0.0
BDIP,0,1,1,0.0
BDLM,0,1,1,0.0
BDLP,0,1,1,0.0
BDLS,1,2,3,0.33
BDLb,1,2,3,0.33
BDLj,1,0,1,1.0
BDLl,1,0,1,1.0
BDLn,1,1,2,0.5
BDMB,1,0,1,1.0
BDMD,0,1,1,0.0
BDML,0,1,1,0.0
BDMM,0,2,2,0.0
BDMP,0,0,0,
BDMS,0,1,1,0.0
BDMb,2,0,2,1.0
BDMh,0,0,0,
BDMm,2,0,2,1.0
BDMn,2,1,3,0.67
BDMs,0,0,0,
BDNB,0,1,1,0.0
BDNL,0,0,0,
BDNN,0,2,2,0.0
BDNP,2,1,3,0.67
BDNS,0,1,1,0.0
BDNb,0,3,3,0.0
BDNh,0,1,1,0.0
BDNm,0,2,2,0.0
BDNs,1,4,5,0.2
BDPB,1,1,2,0.5
BDPH,0,1,1,0.0
BDPL,0,0,0,
BDPM,1,1,2,0.5
BDPN,0,3,3,0.0
BDPP,2,5,7,0.29
BDPS,0,2,2,0.0
BDPb,1,0,1,1.0
BDPh,0,1,1,0.0
BDPl,1,1,2,0.5
BDPm,1,0,1,1.0
BDPn,0,1,1,0.0
BDPs,1,1,2,0.5
BDPt,0,0,0,
BDSB,2,0,2,1.0
BDSN,0,1,1,0.0
BDSP,0,2,2,0.0
BDSS,0,1,1,0.0
BDSb,2,0,2,1.0
BDSh,1,0,1,1.0
BDSl,1,0,1,1.0
BDSm,0,1,1,0.0
BDSn,0,1,1,0.0
BDSs,1,1,2,0.5
BDbB,0,2,2,0.0
BDbM,2,0,2,1.0
BDbP,0,2,2,0.0
BDbS,1,0,1,1.0
BDbb,3,0,3,1.0
BDbl,0,0,0,
BDbn,1,2,3,0.33
BDbs,2,0,2,1.0
BDhb,0,1,1,0.0
BDlH,0,1,1,0.0
BDlS,1,1,2,0.5
BDmB,1,0,1,1.0
BDmL,0,1,1,0.0
BDmM,0,1,1,0.0
BDmN,2,0,2,1.0
BDmP,0,2,2,0.0
BDmb,2,1,3,0.67
BDms,0,1,1,0.0
BDnB,0,1,1,0.0
BDnH,0,0,0,
BDnM,1,3,4,0.25
BDnN,3,1,4,0.75
BDnP,1,1,2,0.5
BDnS,1,0,1,1.0
BDnb,1,0,1,1.0
BDnl,0,1,1,0.0
BDnm,1,1,2,0.5
BDnn,0,1,1,0.0
BDns,0,1,1,0.0
BDsB,1,0,1,1.0
BDsD,0,1,1,0.0
BDsH,0,3,3,0.0
BDsI,1,0,1,1.0
BDsK,0,1,1,0.0
BDsN,0,1,1,0.0
BDsP,0,0,0,
BDsS,0,0,0,
BDsb,1,0,1,1.0
BDsl,1,0,1,1.0
BDsm,1,0,1,1.0
BDsn,1,0,1,1.0
BDss,1,1,2,0.5
BDtB,0,1,1,0.0
BDtM,1,0,1,1.0
BDtb,1,1,2,0.5
BHBN,0,1,1,0.0
BHBs,1,0,1,1.0
BHIM,0,1,1,0.0
BHLD,1,0,1,1.0
BHMN,2,0,2,1.0
BHMP,0,1,1,0.0
BHMb,0,1,1,0.0
BHMs,0,0,0,
BHNn,1,0,1,1.0
BHPH,0,1,1,0.0
BHPS,1,0,1,1.0
BHPs,0,1,1,0.0
BHSh,0,1,1,0.0
BHbH,0,0,0,
BHbb,0,0,0,
BHhB,0,1,1,0.0
BHmM,1,0,1,1.0
BHmn,0,1,1,0.0
BHss,1,0,1,1.0
BIHP,1,0,1,1.0
BIMP,1,0,1,1.0
BIns,0,0,0,
BKBL,1,1,2,0.5
BKBM,1,2,3,0.33
BKBN,0,2,2,0.0
BKBP,2,2,4,0.5
BKBm,3,0,3,1.0
BKBn,0,1,1,0.0
BKHB,1,0,1,1.0
BKHM,0,1,1,0.0
BKIN,1,0,1,1.0
BKIn,0,1,1,0.0
BKLM,0,1,1,0.0
BKLP,0,0,0,
BKMB,2,1,3,0.67
BKML,0,1,1,0.0
BKMM,1,0,1,1.0
BKMN,0,1,1,0.0
BKMP,2,1,3,0.67
BKMS,1,0,1,1.0
BKMb,0,1,1,0.0
BKMj,0,1,1,0.0
BKMl,0,0,0,
BKMm,1,0,1,1.0
BKMn,0,0,0,
BKNP,1,1,2,0.5
BKNS,0,1,1,0.0
BKNb,0,3,3,0.0
BKNh,1,0,1,1.0
BKNn,1,0,1,1.0
BKNs,1,0,1,1.0
BKPB,1,1,2,0.5
BKPL,1,0,1,1.0
BKPM,0,1,1,0.0
BKPN,1,1,2,0.5
BKPP,2,1,3,0.67
BKPS,1,1,2,0.5
BKPb,0,2,2,0.0
BKPl,1,1,2,0.5
BKPm,1,1,2,0.5
BKPs,1,2,3,0.33
BKSH,0,0,0,
BKSL,0,1,1,0.0
BKSN,0,1,1,0.0
BKSP,1,2,3,0.33
BKSh,1,0,1,1.0
BKSl,0,1,1,0.0
BKSn,2,0,2,1.0
BKbB,1,1,2,0.5
BKbH,1,0,1,1.0
BKbL,1,1,2,0.5
BKbN,0,1,1,0.0
BKbS,0,1,1,0.0
BKbb,1,1,2,0.5
BKbl,0,1,1,0.0
BKbm,2,1,3,0.67
BKbn,1,2,3,0.33
BKhB,1,0,1,1.0
BKhH,1,1,2,0.5
BKhL,1,0,1,1.0
BKhM,0,2,2,0.0
BKhP,0,1,1,0.0
BKhm,1,2,3,0.33
BKhs,1,0,1,1.0
BKlB,0,1,1,0.0
BKlM,0,2,2,0.0
BKlP,1,0,1,1.0
BKmL,1,0,1,1.0
BKmN,1,2,3,0.33
BKmP,3,0,3,1.0
BKmS,0,1,1,0.0
BKmb,0,1,1,0.0
BKml,1,1,2,0.5
BKmm,1,0,1,1.0
BKmn,2,1,3,0.67
BKms,1,1,2,0.5
BKnB,2,0,2,1.0
BKnL,0,1,1,0.0
BKnM,2,0,2,1.0
BKnN,0,3,3,0.0
BKnP,0,1,1,0.0
BKnS,1,1,2,0.5
BKnb,1,1,2,0.5
BKnm,0,1,1,0.0
BKnn,0,1,1,0.0
BKsB,0,0,0,
BKsH,0,1,1,0.0
BKsL,1,1,2,0.5
BKsN,0,2,2,0.0
BKsP,0,2,2,0.0
BKsS,1,0,1,1.0
BKsb,0,1,1,0.0
BKsm,1,2,3,0.33
BKsn,0,0,0,
BKss,1,0,1,1.0
BLBB,5,6,11,0.45
BLBD,0,1,1,0.0
BLBL,1,2,3,0.33
BLBM,2,3,5,0.4
BLBN,3,4,7,0.43
BLBP,7,7,14,0.5
BLBb,4,0,4,1.0
BLBh,0,1,1,0.0
BLBj,1,3,4,0.25
BLBl,3,2,5,0.6
BLBm,3,3,6,0.5
BLBn,7,9,16,0.44
BLBs,1,0,1,1.0
BLBt,1,1,2,0.5
BLDH,1,0,1,1.0
BLDL,1,0,1,1.0
BLDb,0,1,1,0.0
BLDn,0,1,1,0.0
BLDs,0,0,0,
BLHm,1,0,1,1.0
BLKL,0,1,1,0.0
BLKN,0,1,1,0.0
BLKb,0,1,1,0.0
BLKm,1,0,1,1.0
BLKn,0,0,0,
BLLB,0,2,2,0.0
BLLK,0,0,0,
BLLM,3,1,4,0.75
BLLN,1,0,1,1.0
BLLP,1,3,4,0.25
BLLS,1,0,1,1.0
BLLb,1,2,3,0.33
BLLh,0,2,2,0.0
BLLj,1,0,1,1.0
BLLl,2,0,2,1.0
BLLm,1,6,7,0.14
BLLn,4,0,4,1.0
BLLs,1,0,1,1.0
BLLt,1,0,1,1.0
BLMB,6,3,9,0.67
BLMD,1,0,1,1.0
BLML,0,1,1,0.0
BLMM,3,4,7,0.43
BLMN,4,1,5,0.8
BLMP,7,6,13,0.54
BLMS,1,1,2,0.5
BLMb,5,3,8,0.62
BLMh,2,2,4,0.5
BLMm,4,4,8,0.5
BLMn,5,5,10,0.5
BLMs,2,1,3,0.67
BLMt,0,0,0,
BLNB,8,2,10,0.8
BLND,2,0,2,1.0
BLNH,1,1,2,0.5
BLNL,3,1,4,0.75
BLNM,1,2,3,0.33
BLNN,2,2,4,0.5
BLNP,8,6,14,0.57
BLNS,5,2,7,0.71
BLNb,8,1,9,0.89
BLNh,1,1,2,0.5
BLNl,2,2,4,0.5
BLNm,5,1,6,0.83
BLNn,2,6,8,0.25
BLNs,1,2,3,0.33
BLNt,1,0,1,1.0
BLPB,2,6,8,0.25
BLPD,1,0,1,1.0
BLPH,1,1,2,0.5
BLPI,1,1,2,0.5
BLPK,0,0,0,
BLPL,2,3,5,0.4
BLPM,2,3,5,0.4
BLPN,5,6,11,0.45
BLPP,10,6,16,0.62
BLPS,5,4,9,0.56
BLPb,8,5,13,0.62
BLPh,1,0,1,1.0
BLPl,3,3,6,0.5
BLPm,5,4,9,0.56
BLPn,6,8,14,0.43
BLPs,4,5,9,0.44
BLPt,1,0,1,1.0
BLSB,0,2,2,0.0
BLSH,1,0,1,1.0
BLSL,0,1,1,0.0
BLSM,3,2,5,0.6
BLSN,1,2,3,0.33
BLSP,3,3,6,0.5
BLSS,1,4,5,0.2
BLSb,4,3,7,0.57
BLSh,2,2,4,0.5
BLSl,1,2,3,0.33
BLSn,4,5,9,0.44
BLSs,5,3,8,0.62
BLSt,0,0,0,
BLbB,2,4,6,0.33
BLbD,1,1,2,0.5
BLbH,1,0,1,1.0
BLbI,0,2,2,0.0
BLbJ,0,1,1,0.0
BLbL,3,3,6,0.5
BLbM,4,7,11,0.36
BLbN,5,9,14,0.36
BLbP,8,4,12,0.67
BLbS,0,2,2,0.0
BLbb,5,4,9,0.56
BLbl,1,3,4,0.25
BLbm,2,3,5,0.4
BLbn,3,2,5,0.6
BLbs,4,1,5,0.8
BLhB,3,2,5,0.6
BLhL,1,0,1,1.0
BLhM,1,1,2,0.5
BLhN,3,1,4,0.75
BLhP,2,3,5,0.4
BLhb,3,2,5,0.6
BLhh,3,1,4,0.75
BLhm,2,0,2,1.0
BLhn,3,2,5,0.6
BLhs,2,0,2,1.0
BLjB,1,0,1,1.0
BLjL,0,1,1,0.0
BLjM,0,3,3,0.0
BLjN,0,3,3,0.0
BLjP,3,3,6,0.5
BLjS,1,2,3,0.33
BLjb,3,2,5,0.6
BLjh,0,1,1,0.0
BLjl,1,1,2,0.5
BLjm,2,1,3,0.67
BLjn,3,3,6,0.5
BLjs,1,0,1,1.0
BLlB,2,2,4,0.5
BLlH,0,1,1,0.0
BLlI,0,1,1,0.0
BLlJ,1,2,3,0.33
BLlL,2,1,3,0.67
BLlM,2,1,3,0.67
BLlN,3,5,8,0.38
BLlP,3,1,4,0.75
BLlS,0,3,3,0.0
BLlb,0,2,2,0.0
BLll,1,0,1,1.0
BLlm,2,2,4,0.5
BLln,1,1,2,0.5
BLls,2,0,2,1.0
BLmB,8,5,13,0.62
BLmD,2,0,2,1.0
BLmH,7,3,10,0.7
BLmI,1,0,1,1.0
BLmL,1,2,3,0.33
BLmM,1,3,4,0.25
BLmN,6,4,10,0.6
BLmP,4,6,10,0.4
BLmS,2,3,5,0.4
BLmb,1,2,3,0.33
BLml,1,0,1,1.0
BLmm,1,1,2,0.5
BLmn,5,5,10,0.5
BLms,1,4,5,0.2
BLnB,3,4,7,0.43
BLnD,0,1,1,0.0
BLnH,2,2,4,0.5
BLnI,1,0,1,1.0
BLnK,0,1,1,0.0
BLnL,1,3,4,0.25
BLnM,5,4,9,0.56
BLnN,9,7,16,0.56
BLnP,12,9,21,0.57
BLnS,5,2,7,0.71
BLnb,6,3,9,0.67
BLnl,1,2,3,0.33
BLnm,3,4,7,0.43
BLnn,3,8,11,0.27
BLns,4,4,8,0.5
BLsD,1,0,1,1.0
BLsH,1,1,2,0.5
BLsI,0,1,1,0.0
BLsK,1,1,2,0.5
BLsL,2,3,5,0.4
BLsM,3,2,5,0.6
BLsN,3,3,6,0.5
BLsP,7,4,11,0.64
BLsS,3,1,4,0.75
BLsb,2,0,2,1.0
BLsl,1,3,4,0.25
BLsm,1,1,2,0.5
BLsn,3,1,4,0.75
BLss,1,3,4,0.25
BLtB,0,1,1,0.0
BLtM,1,0,1,1.0
BLtN,0,0,0,
BLtP,0,2,2,0.0
BLtS,0,2,2,0.0
BLtb,0,1,1,0.0
BLtl,0,0,0,
BLtn,1,0,1,1.0
BLts,1,0,1,1.0
BMBB,5,13,18,0.28
BMBL,3,0,3,1.0
BMBM,2,7,9,0.22
BMBN,9,8,17,0.53
BMBP,11,12,23,0.48
BMBS,2,4,6,0.33
BMBb,10,7,17,0.59
BMBh,1,2,3,0.33
BMBj,3,2,5,0.6
BMBl,6,4,10,0.6
BMBm,8,7,15,0.53
BMBn,8,9,17,0.47
BMBs,3,5,8,0.38
BMBt,2,0,2,1.0
BMDB,0,1,1,0.0
BMDM,0,0,0,
BMDN,0,1,1,0.0
BMDP,1,0,1,1.0
BMDS,0,1,1,0.0
BMDl,1,0,1,1.0
BMDm,0,1,1,0.0
BMDs,0,0,0,
BMHM,1,0,1,1.0
BMIP,1,0,1,1.0
BMKM,1,0,1,1.0
BMKP,1,0,1,1.0
BMLB,2,4,6,0.33
BMLD,3,1,4,0.75
BMLL,3,0,3,1.0
BMLM,3,4,7,0.43
BMLN,2,5,7,0.29
BMLP,4,3,7,0.57
BMLS,2,0,2,1.0
BMLb,5,1,6,0.83
BMLh,1,2,3,0.33
BMLj,0,1,1,0.0
BMLl,0,0,0,
BMLm,5,3,8,0.62
BMLn,3,4,7,0.43
BMLs,2,3,5,0.4
BMMB,10,9,19,0.53
BMMD,0,0,0,
BMML,1,1,2,0.5
BMMM,8,5,13,0.62
BMMN,4,9,13,0.31
BMMP,9,8,17,0.53
BMMS,1,3,4,0.25
BMMb,9,9,18,0.5
BMMh,3,5,8,0.38
BMMj,4,1,5,0.8
BMMl,6,3,9,0.67
BMMm,10,4,14,0.71
BMMn,13,7,20,0.65
BMMs,4,4,8,0.5
BMMt,0,0,0,
BMNB,6,5,11,0.55
BMND,1,0,1,1.0
BMNH,3,0,3,1.0
BMNK,0,1,1,0.0
BMNL,3,0,3,1.0
BMNM,11,7,18,0.61
BMNN,7,14,21,0.33
BMNP,12,18,30,0.4
BMNS,4,8,12,0.33
BMNb,7,5,12,0.58
BMNh,1,3,4,0.25
BMNl,4,4,8,0.5
BMNm,10,7,17,0.59
BMNn,11,14,25,0.44
BMNs,4,6,10,0.4
BMNt,2,1,3,0.67
BMPB,9,11,20,0.45
BMPH,3,4,7,0.43
BMPL,4,3,7,0.57
BMPM,8,8,16,0.5
BMPN,12,18,30,0.4
BMPP,19,21,40,0.48
BMPS,8,5,13,0.62
BMPb,12,13,25,0.48
BMPh,3,2,5,0.6
BMPl,9,4,13,0.69
BMPm,8,15,23,0.35
BMPn,14,13,27,0.52
BMPs,10,8,18,0.56
BMPt,2,0,2,1.0
BMSB,2,4,6,0.33
BMSD,1,0,1,1.0
BMSH,1,1,2,0.5
BMSL,2,0,2,1.0
BMSM,4,2,6,0.67
BMSN,5,4,9,0.56
BMSP,7,5,12,0.58
BMSS,4,3,7,0.57
BMSb,5,4,9,0.56
BMSh,2,4,6,0.33
BMSl,1,1,2,0.5
BMSm,6,3,9,0.67
BMSn,3,4,7,0.43
BMSs,7,7,14,0.5
BMSt,0,1,1,0.0
BMbB,7,8,15,0.47
BMbD,0,1,1,0.0
BMbH,5,3,8,0.62
BMbI,1,0,1,1.0
BMbJ,2,5,7,0.29
BMbK,0,2,2,0.0
BMbL,3,1,4,0.75
BMbM,12,10,22,0.55
BMbN,14,18,32,0.44
BMbP,13,19,32,0.41
BMbS,8,5,13,0.62
BMbb,13,7,20,0.65
BMbl,2,3,5,0.4
BMbm,5,4,9,0.56
BMbn,16,13,29,0.55
BMbs,7,5,12,0.58
BMhB,4,10,14,0.29
BMhD,1,1,2,0.5
BMhH,2,2,4,0.5
BMhI,1,0,1,1.0
BMhK,0,0,0,
BMhL,1,4,5,0.2
BMhM,3,4,7,0.43
BMhN,9,6,15,0.6
BMhP,7,11,18,0.39
BMhS,6,4,10,0.6
BMhb,3,4,7,0.43
BMhh,6,4,10,0.6
BMhl,2,4,6,0.33
BMhm,5,5,10,0.5
BMhn,8,9,17,0.47
BMhs,4,4,8,0.5
BMjB,0,1,1,0.0
BMjH,0,2,2,0.0
BMjK,1,0,1,1.0
BMjL,0,1,1,0.0
BMjM,1,2,3,0.33
BMjN,6,3,9,0.67
BMjP,4,4,8,0.5
BMjS,2,3,5,0.4
BMjb,7,2,9,0.78
BMjh,0,0,0,
BMjl,1,0,1,1.0
BMjm,0,1,1,0.0
BMjn,2,2,4,0.5
BMjs,0,2,2,0.0
BMlB,3,4,7,0.43
BMlH,0,4,4,0.0
BMlI,1,0,1,1.0
BMlJ,1,0,1,1.0
BMlL,2,0,2,1.0
BMlM,2,2,4,0.5
BMlN,0,5,5,0.0
BMlP,5,6,11,0.45
BMlS,4,3,7,0.57
BMlb,9,3,12,0.75
BMll,2,1,3,0.67
BMlm,3,8,11,0.27
BMln,5,7,12,0.42
BMls,1,0,1,1.0
BMmB,5,5,10,0.5
BMmD,3,2,5,0.6
BMmH,7,6,13,0.54
BMmI,2,1,3,0.67
BMmJ,2,3,5,0.4
BMmL,0,3,3,0.0
BMmM,9,7,16,0.56
BMmN,7,9,16,0.44
BMmP,6,8,14,0.43
BMmS,7,5,12,0.58
BMmb,5,6,11,0.45
BMml,3,2,5,0.6
BMmm,8,3,11,0.73
BMmn,10,7,17,0.59
BMms,4,6,10,0.4
BMnB,14,13,27,0.52
BMnD,1,3,4,0.25
BMnH,5,6,11,0.45
BMnI,1,1,2,0.5
BMnK,0,2,2,0.0
BMnL,0,9,9,0.0
BMnM,8,19,27,0.3
BMnN,16,17,33,0.48
BMnP,18,25,43,0.42
BMnS,11,18,29,0.38
BMnb,16,14,30,0.53
BMnh,1,0,1,1.0
BMnl,0,4,4,0.0
BMnm,10,6,16,0.62
BMnn,14,8,22,0.64
BMns,9,3,12,0.75
BMsB,4,3,7,0.57
BMsH,7,3,10,0.7
BMsK,1,1,2,0.5
BMsM,4,4,8,0.5
BMsN,4,6,10,0.4
BMsP,7,6,13,0.54
BMsS,6,10,16,0.38
BMsb,6,3,9,0.67
BMsl,4,0,4,1.0
BMsm,4,5,9,0.44
BMsn,5,4,9,0.56
BMss,6,2,8,0.75
BMtB,0,3,3,0.0
BMtD,0,1,1,0.0
BMtL,1,0,1,1.0
BMtM,2,1,3,0.67
BMtN,2,0,2,1.0
BMtP,2,2,4,0.5
BMtS,1,1,2,0.5
BMtb,0,0,0,
BMtl,0,1,1,0.0
BMtn,1,3,4,0.25
BMts,0,1,1,0.0
BMtt,0,2,2,0.0
BNBB,6,11,17,0.35
BNBK,0,1,1,0.0
BNBL,3,8,11,0.27
BNBM,4,11,15,0.27
BNBN,12,10,22,0.55
BNBP,10,14,24,0.42
BNBS,3,5,8,0.38
BNBb,6,17,23,0.26
BNBh,1,2,3,0.33
BNBj,0,1,1,0.0
BNBl,5,7,12,0.42
BNBm,8,11,19,0.42
BNBn,12,11,23,0.52
BNBs,4,9,13,0.31
BNBt,1,1,2,0.5
BNDB,0,2,2,0.0
BNDD,1,0,1,1.0
BNDL,0,1,1,0.0
BNDM,0,1,1,0.0
BNDN,2,0,2,1.0
BNDP,1,2,3,0.33
BNDS,2,0,2,1.0
BNDb,0,1,1,0.0
BNDm,1,1,2,0.5
BNDn,1,2,3,0.33
BNDs,1,0,1,1.0
BNHB,2,1,3,0.67
BNHH,1,1,2,0.5
BNHK,0,1,1,0.0
BNHL,2,0,2,1.0
BNHM,1,1,2,0.5
BNHN,3,3,6,0.5
BNHP,2,1,3,0.67
BNHS,0,0,0,
BNHb,0,0,0,
BNHh,1,1,2,0.5
BNHm,3,2,5,0.6
BNHn,3,1,4,0.75
BNHs,1,2,3,0.33
BNHt,1,0,1,1.0
BNIS,1,0,1,1.0
BNKB,1,0,1,1.0
BNKM,0,0,0,
BNKP,0,2,2,0.0
BNKS,1,0,1,1.0
BNKl,0,1,1,0.0
BNKn,2,2,4,0.5
BNKs,1,0,1,1.0
BNLB,3,6,9,0.33
BNLD,0,1,1,0.0
BNLL,1,1,2,0.5
BNLM,2,4,6,0.33
BNLN,3,2,5,0.6
BNLP,5,5,10,0.5
BNLS,3,1,4,0.75
BNLb,3,3,6,0.5
BNLh,2,0,2,1.0
BNLl,2,0,2,1.0
BNLm,1,3,4,0.25
BNLn,2,8,10,0.2
BNLs,1,6,7,0.14
BNLt,1,0,1,1.0
BNMB,8,9,17,0.47
BNMK,1,0,1,1.0
BNML,2,6,8,0.25
BNMM,7,1,8,0.88
BNMN,11,8,19,0.58
BNMP,11,12,23,0.48
BNMS,3,8,11,0.27
BNMb,11,7,18,0.61
BNMh,5,8,13,0.38
BNMj,1,0,1,1.0
BNMl,6,2,8,0.75
BNMm,6,13,19,0.32
BNMn,9,12,21,0.43
BNMs,4,4,8,0.5
BNMt,2,0,2,1.0
BNNB,10,19,29,0.34
BNND,3,1,4,0.75
BNNH,3,1,4,0.75
BNNK,0,1,1,0.0
BNNL,7,6,13,0.54
BNNM,12,10,22,0.55
BNNN,15,18,33,0.45
BNNP,17,29,46,0.37
BNNS,7,9,16,0.44
BNNb,9,17,26,0.35
BNNh,3,2,5,0.6
BNNl,7,7,14,0.5
BNNm,19,9,28,0.68
BNNn,20,15,35,0.57
BNNs,10,7,17,0.59
BNNt,3,7,10,0.3
BNPB,18,15,33,0.55
BNPD,1,0,1,1.0
BNPH,5,5,10,0.5
BNPI,1,0,1,1.0
BNPK,0,1,1,0.0
BNPL,6,5,11,0.55
BNPM,13,18,31,0.42
BNPN,15,26,41,0.37
BNPP,36,30,66,0.55
BNPS,16,15,31,0.52
BNPb,29,23,52,0.56
BNPh,0,5,5,0.0
BNPl,17,7,24,0.71
BNPm,14,15,29,0.48
BNPn,23,26,49,0.47
BNPs,10,12,22,0.45
BNPt,2,2,4,0.5
BNSB,4,5,9,0.44
BNSD,1,0,1,1.0
BNSH,1,1,2,0.5
BNSI,1,0,1,1.0
BNSL,2,2,4,0.5
BNSM,5,8,13,0.38
BNSN,2,8,10,0.2
BNSP,9,11,20,0.45
BNSS,6,6,12,0.5
BNSb,1,6,7,0.14
BNSh,5,8,13,0.38
BNSl,2,5,7,0.29
BNSm,4,6,10,0.4
BNSn,8,4,12,0.67
BNSs,7,3,10,0.7
BNSt,0,1,1,0.0
BNbB,11,7,18,0.61
BNbD,0,0,0,
BNbH,5,2,7,0.71
BNbI,0,1,1,0.0
BNbJ,4,2,6,0.67
BNbK,0,1,1,0.0
BNbL,6,1,7,0.86
BNbM,8,8,16,0.5
BNbN,24,14,38,0.63
BNbP,14,14,28,0.5
BNbS,7,15,22,0.32
BNbb,12,9,21,0.57
BNbl,1,4,5,0.2
BNbm,12,6,18,0.67
BNbn,10,15,25,0.4
BNbs,7,10,17,0.41
BNhB,2,5,7,0.29
BNhD,0,0,0,
BNhH,0,0,0,
BNhK,1,0,1,1.0
BNhL,1,0,1,1.0
BNhM,1,4,5,0.2
BNhN,3,6,9,0.33
BNhP,7,12,19,0.37
BNhS,4,1,5,0.8
BNhb,6,2,8,0.75
BNhh,3,0,3,1.0
BNhl,5,0,5,1.0
BNhm,6,6,12,0.5
BNhn,9,1,10,0.9
BNhs,7,3,10,0.7
BNht,0,1,1,0.0
BNlB,8,6,14,0.57
BNlH,6,1,7,0.86
BNlI,0,1,1,0.0
BNlJ,0,2,2,0.0
BNlL,2,0,2,1.0
BNlM,5,6,11,0.45
BNlN,6,6,12,0.5
BNlP,10,13,23,0.43
BNlS,4,4,8,0.5
BNlb,9,3,12,0.75
BNll,3,1,4,0.75
BNlm,8,4,12,0.67
BNln,3,5,8,0.38
BNls,2,5,7,0.29
BNmB,7,8,15,0.47
BNmD,1,0,1,1.0
BNmH,5,9,14,0.36
BNmI,1,4,5,0.2
BNmJ,0,1,1,0.0
BNmL,3,3,6,0.5
BNmM,7,10,17,0.41
BNmN,7,13,20,0.35
BNmP,14,12,26,0.54
BNmS,3,16,19,0.16
BNmb,8,16,24,0.33
BNml,1,2,3,0.33
BNmm,10,13,23,0.43
BNmn,11,10,21,0.52
BNms,5,1,6,0.83
BNnB,7,12,19,0.37
BNnD,3,1,4,0.75
BNnH,7,8,15,0.47
BNnI,2,2,4,0.5
BNnK,1,1,2,0.5
BNnL,2,7,9,0.22
BNnM,14,9,23,0.61
BNnN,19,30,49,0.39
BNnP,22,24,46,0.48
BNnS,14,7,21,0.67
BNnb,13,17,30,0.43
BNnh,0,1,1,0.0
BNnl,6,6,12,0.5
BNnm,20,17,37,0.54
BNnn,17,24,41,0.41
BNns,14,13,27,0.52
BNsB,4,7,11,0.36
BNsD,1,2,3,0.33
BNsH,8,9,17,0.47
BNsI,1,0,1,1.0
BNsL,1,4,5,0.2
BNsM,8,11,19,0.42
BNsN,12,5,17,0.71
BNsP,15,12,27,0.56
BNsS,11,10,21,0.52
BNsb,10,6,16,0.62
BNsl,2,3,5,0.4
BNsm,9,4,13,0.69
BNsn,4,9,13,0.31
BNss,6,4,10,0.6
BNst,1,0,1,1.0
BNtB,2,1,3,0.67
BNtH,3,1,4,0.75
BNtL,1,0,1,1.0
BNtM,2,1,3,0.67
BNtN,0,2,2,0.0
BNtP,4,5,9,0.44
BNtS,0,1,1,0.0
BNtb,4,1,5,0.8
BNtl,1,0,1,1.0
BNtm,2,1,3,0.67
BNtn,3,2,5,0.6
BNts,3,2,5,0.6
BNtt,0,3,3,0.0
BPBB,21,20,41,0.51
BPBD,0,1,1,0.0
BPBH,1,0,1,1.0
BPBI,1,0,1,1.0
BPBK,0,1,1,0.0
BPBL,6,10,16,0.38
BPBM,7,17,24,0.29
BPBN,10,11,21,0.48
BPBP,16,28,44,0.36
BPBS,8,5,13,0.62
BPBb,17,22,39,0.44
BPBh,1,2,3,0.33
BPBj,5,3,8,0.62
BPBl,4,7,11,0.36
BPBm,10,6,16,0.62
BPBn,13,24,37,0.35
BPBs,2,8,10,0.2
BPBt,1,2,3,0.33
BPDB,1,1,2,0.5
BPDH,0,2,2,0.0
BPDI,1,0,1,1.0
BPDN,1,1,2,0.5
BPDP,1,1,2,0.5
BPDS,0,0,0,
BPDb,0,1,1,0.0
BPDm,1,0,1,1.0
BPDn,0,0,0,
BPDs,0,2,2,0.0
BPHB,2,2,4,0.5
BPHH,0,2,2,0.0
BPHK,1,0,1,1.0
BPHL,1,3,4,0.25
BPHM,3,1,4,0.75
BPHN,7,4,11,0.64
BPHP,8,8,16,0.5
BPHS,3,3,6,0.5
BPHb,3,2,5,0.6
BPHh,1,1,2,0.5
BPHl,0,4,4,0.0
BPHm,4,1,5,0.8
BPHn,6,7,13,0.46
BPHs,3,1,4,0.75
BPIB,1,0,1,1.0
BPIH,1,2,3,0.33
BPIL,1,1,2,0.5
BPIM,0,2,2,0.0
BPIN,1,2,3,0.33
BPIP,2,2,4,0.5
BPIS,1,0,1,1.0
BPIb,0,1,1,0.0
BPIm,2,1,3,0.67
BPIn,2,1,3,0.67
BPIs,0,1,1,0.0
BPIt,0,0,0,
BPKB,0,1,1,0.0
BPKH,0,1,1,0.0
BPKM,0,0,0,
BPKN,0,2,2,0.0
BPKP,3,0,3,1.0
BPKb,3,0,3,1.0
BPKh,3,0,3,1.0
BPKl,1,1,2,0.5
BPKm,2,1,3,0.67
BPKn,0,1,1,0.0
BPKs,1,1,2,0.5
BPLB,6,4,10,0.6
BPLK,0,2,2,0.0
BPLL,6,1,7,0.86
BPLM,7,6,13,0.54
BPLN,3,11,14,0.21
BPLP,10,12,22,0.45
BPLS,6,2,8,0.75
BPLb,7,7,14,0.5
BPLh,2,3,5,0.4
BPLj,2,2,4,0.5
BPLl,3,3,6,0.5
BPLm,8,8,16,0.5
BPLn,10,11,21,0.48
BPLs,7,3,10,0.7
BPLt,1,0,1,1.0
BPMB,19,12,31,0.61
BPMH,1,0,1,1.0
BPML,1,5,6,0.17
BPMM,9,10,19,0.47
BPMN,9,7,16,0.56
BPMP,18,25,43,0.42
BPMS,10,8,18,0.56
BPMb,19,10,29,0.66
BPMh,6,6,12,0.5
BPMj,4,1,5,0.8
BPMl,10,7,17,0.59
BPMm,11,13,24,0.46
BPMn,17,15,32,0.53
BPMs,9,10,19,0.47
BPMt,2,3,5,0.4
BPNB,17,14,31,0.55
BPND,1,1,2,0.5
BPNH,2,7,9,0.22
BPNK,2,1,3,0.67
BPNL,11,12,23,0.48
BPNM,14,17,31,0.45
BPNN,25,18,43,0.58
BPNP,26,27,53,0.49
BPNS,12,16,28,0.43
BPNb,16,17,33,0.48
BPNh,5,8,13,0.38
BPNl,6,5,11,0.55
BPNm,15,12,27,0.56
BPNn,11,13,24,0.46
BPNs,13,14,27,0.48
BPNt,2,1,3,0.67
BPPB,30,26,56,0.54
BPPD,2,0,2,1.0
BPPH,1,5,6,0.17
BPPI,3,1,4,0.75
BPPK,1,5,6,0.17
BPPL,17,13,30,0.57
BPPM,24,27,51,0.47
BPPN,26,24,50,0.52
BPPP,47,46,93,0.51
BPPS,16,29,45,0.36
BPPb,25,26,51,0.49
BPPh,1,3,4,0.25
BPPl,22,13,35,0.63
BPPm,27,22,49,0.55
BPPn,22,21,43,0.51
BPPs,19,18,37,0.51
BPPt,2,1,3,0.67
BPSB,6,6,12,0.5
BPSD,1,0,1,1.0
BPSH,3,6,9,0.33
BPSI,1,0,1,1.0
BPSK,0,0,0,
BPSL,1,7,8,0.12
BPSM,5,6,11,0.45
BPSN,4,12,16,0.25
BPSP,16,11,27,0.59
BPSS,7,14,21,0.33
BPSb,5,7,12,0.42
BPSh,5,4,9,0.56
BPSl,8,1,9,0.89
BPSm,7,7,14,0.5
BPSn,9,10,19,0.47
BPSs,16,13,29,0.55
BPSt,2,1,3,0.67
BPbB,17,17,34,0.5
BPbD,3,2,5,0.6
BPbH,4,6,10,0.4
BPbI,2,1,3,0.67
BPbJ,6,4,10,0.6
BPbK,1,2,3,0.33
BPbL,6,5,11,0.55
BPbM,19,21,40,0.48
BPbN,16,20,36,0.44
BPbP,20,23,43,0.47
BPbS,7,8,15,0.47
BPbb,14,15,29,0.48
BPbl,3,7,10,0.3
BPbm,16,8,24,0.67
BPbn,16,7,23,0.7
BPbs,9,11,20,0.45
BPhB,3,0,3,1.0
BPhL,0,1,1,0.0
BPhM,0,0,0,
BPhN,2,2,4,0.5
BPhP,3,6,9,0.33
BPhS,0,3,3,0.0
BPhb,1,2,3,0.33
BPhh,0,1,1,0.0
BPhl,1,0,1,1.0
BPhm,2,0,2,1.0
BPhn,1,0,1,1.0
BPhs,0,1,1,0.0
BPht,1,0,1,1.0
BPlB,8,8,16,0.5
BPlD,0,1,1,0.0
BPlH,3,6,9,0.33
BPlI,1,1,2,0.5
BPlJ,3,5,8,0.38
BPlL,6,4,10,0.6
BPlM,13,5,18,0.72
BPlN,5,6,11,0.45
BPlP,13,12,25,0.52
BPlS,6,5,11,0.55
BPlb,11,9,20,0.55
BPll,3,5,8,0.38
BPlm,7,7,14,0.5
BPln,5,6,11,0.45
BPls,5,4,9,0.56
BPmB,14,17,31,0.45
BPmD,0,0,0,
BPmH,9,5,14,0.64
BPmI,2,1,3,0.67
BPmJ,4,1,5,0.8
BPmL,9,8,17,0.53
BPmM,8,14,22,0.36
BPmN,14,16,30,0.47
BPmP,22,14,36,0.61
BPmS,9,17,26,0.35
BPmb,11,10,21,0.52
BPmh,0,1,1,0.0
BPml,9,5,14,0.64
BPmm,7,6,13,0.54
BPmn,9,7,16,0.56
BPms,4,4,8,0.5
BPnB,12,12,24,0.5
BPnD,1,3,4,0.25
BPnH,5,8,13,0.38
BPnI,2,1,3,0.67
BPnK,3,1,4,0.75
BPnL,4,6,10,0.4
BPnM,19,18,37,0.51
BPnN,21,15,36,0.58
BPnP,25,25,50,0.5
BPnS,8,9,17,0.47
BPnb,12,13,25,0.48
BPnl,8,6,14,0.57
BPnm,15,7,22,0.68
BPnn,15,18,33,0.45
BPns,12,12,24,0.5
BPsB,9,8,17,0.53
BPsD,0,0,0,
BPsH,11,4,15,0.73
BPsL,5,4,9,0.56
BPsM,9,8,17,0.53
BPsN,12,6,18,0.67
BPsP,14,18,32,0.44
BPsS,13,6,19,0.68
BPsb,7,8,15,0.47
BPsl,5,3,8,0.62
BPsm,13,9,22,0.59
BPsn,2,7,9,0.22
BPss,7,6,13,0.54
BPtB,1,1,2,0.5
BPtH,0,2,2,0.0
BPtL,2,0,2,1.0
BPtM,2,1,3,0.67
BPtN,0,1,1,0.0
BPtP,1,2,3,0.33
BPtS,1,1,2,0.5
BPtb,1,0,1,1.0
BPtm,2,2,4,0.5
BPtn,2,1,3,0.67
BPts,0,2,2,0.0
BSBB,5,8,13,0.38
BSBD,2,0,2,1.0
BSBK,2,0,2,1.0
BSBL,1,1,2,0.5
BSBM,3,1,4,0.75
BSBN,5,5,10,0.5
BSBP,4,4,8,0.5
BSBS,4,5,9,0.44
BSBb,9,3,12,0.75
BSBh,0,2,2,0.0
BSBj,0,2,2,0.0
BSBl,1,2,3,0.33
BSBm,3,2,5,0.6
BSBn,5,3,8,0.62
BSBs,4,0,4,1.0
BSBt,1,0,1,1.0
BSDH,0,0,0,
BSDM,0,1,1,0.0
BSDN,0,1,1,0.0
BSDP,3,0,3,1.0
BSDS,0,1,1,0.0
BSDl,1,0,1,1.0
BSDm,3,1,4,0.75
BSDn,0,3,3,0.0
BSDs,1,1,2,0.5
BSHB,0,1,1,0.0
BSHD,1,0,1,1.0
BSHH,1,1,2,0.5
BSHI,0,0,0,
BSHK,0,1,1,0.0
BSHM,2,1,3,0.67
BSHN,0,4,4,0.0
BSHP,3,2,5,0.6
BSHS,1,1,2,0.5
BSHb,3,4,7,0.43
BSHh,0,1,1,0.0
BSHm,2,1,3,0.67
BSHn,2,3,5,0.4
BSHs,2,1,3,0.67
BSIB,0,1,1,0.0
BSIN,1,0,1,1.0
BSKB,0,1,1,0.0
BSKm,1,0,1,1.0
BSLB,1,2,3,0.33
BSLL,1,3,4,0.25
BSLM,4,2,6,0.67
BSLN,1,3,4,0.25
BSLP,5,0,5,1.0
BSLS,0,3,3,0.0
BSLb,3,2,5,0.6
BSLh,2,0,2,1.0
BSLj,1,2,3,0.33
BSLl,1,3,4,0.25
BSLm,3,2,5,0.6
BSLn,2,3,5,0.4
BSLs,0,1,1,0.0
BSMB,6,3,9,0.67
BSMH,0,1,1,0.0
BSML,1,4,5,0.2
BSMM,6,4,10,0.6
BSMN,2,5,7,0.29
BSMP,1,6,7,0.14
BSMS,0,1,1,0.0
BSMb,5,7,12,0.42
BSMh,5,4,9,0.56
BSMj,2,2,4,0.5
BSMl,6,0,6,1.0
BSMm,7,2,9,0.78
BSMn,6,9,15,0.4
BSMs,5,5,10,0.5
BSMt,2,1,3,0.67
BSNB,3,1,4,0.75
BSND,0,2,2,0.0
BSNH,1,1,2,0.5
BSNK,3,1,4,0.75
BSNL,0,4,4,0.0
BSNM,0,4,4,0.0
BSNN,3,8,11,0.27
BSNP,12,2,14,0.86
BSNS,4,3,7,0.57
BSNb,3,7,10,0.3
BSNh,4,0,4,1.0
BSNl,3,0,3,1.0
BSNm,7,6,13,0.54
BSNn,4,6,10,0.4
BSNs,9,4,13,0.69
BSNt,4,0,4,1.0
BSPB,12,11,23,0.52
BSPD,1,1,2,0.5
BSPH,2,0,2,1.0
BSPI,1,0,1,1.0
BSPK,0,3,3,0.0
BSPL,2,3,5,0.4
BSPM,5,8,13,0.38
BSPN,14,7,21,0.67
BSPP,23,19,42,0.55
BSPS,8,6,14,0.57
BSPb,8,3,11,0.73
BSPh,0,2,2,0.0
BSPl,3,7,10,0.3
BSPm,9,5,14,0.64
BSPn,7,4,11,0.64
BSPs,9,5,14,0.64
BSPt,0,1,1,0.0
BSSB,3,4,7,0.43
BSSD,2,0,2,1.0
BSSH,5,4,9,0.56
BSSL,1,4,5,0.2
BSSM,3,4,7,0.43
BSSN,6,2,8,0.75
BSSP,5,7,12,0.42
BSSS,6,6,12,0.5
BSSb,2,3,5,0.4
BSSh,3,3,6,0.5
BSSl,1,1,2,0.5
BSSm,9,4,13,0.69
BSSn,3,9,12,0.25
BSSs,5,11,16,0.31
BSSt,1,0,1,1.0
BSbB,6,4,10,0.6
BSbH,4,0,4,1.0
BSbI,1,0,1,1.0
BSbJ,2,1,3,0.67
BSbK,1,1,2,0.5
BSbL,2,6,8,0.25
BSbM,6,3,9,0.67
BSbN,8,9,17,0.47
BSbP,10,5,15,0.67
BSbS,2,4,6,0.33
BSbb,5,4,9,0.56
BSbl,0,1,1,0.0
BSbm,3,2,5,0.6
BSbn,9,9,18,0.5
BSbs,0,2,2,0.0
BShB,0,2,2,0.0
BShD,1,1,2,0.5
BShH,1,2,3,0.33
BShL,2,3,5,0.4
BShM,5,5,10,0.5
BShN,0,5,5,0.0
BShP,3,2,5,0.6
BShS,4,3,7,0.57
BShb,4,4,8,0.5
BShh,2,6,8,0.25
BShl,0,2,2,0.0
BShm,3,1,4,0.75
BShn,5,4,9,0.56
BShs,2,2,4,0.5
BSlB,4,3,7,0.57
BSlH,2,1,3,0.67
BSlI,1,0,1,1.0
BSlJ,1,0,1,1.0
BSlL,1,1,2,0.5
BSlM,6,4,10,0.6
BSlN,5,5,10,0.5
BSlP,3,2,5,0.6
BSlS,4,6,10,0.4
BSlb,1,2,3,0.33
BSll,4,0,4,1.0
BSlm,2,1,3,0.67
BSln,0,1,1,0.0
BSls,2,1,3,0.67
BSmB,7,2,9,0.78
BSmD,1,1,2,0.5
BSmH,2,7,9,0.22
BSmI,0,0,0,
BSmJ,1,1,2,0.5
BSmL,3,2,5,0.6
BSmM,2,6,8,0.25
BSmN,4,6,10,0.4
BSmP,6,8,14,0.43
BSmS,4,4,8,0.5
BSmb,4,8,12,0.33
BSmh,0,1,1,0.0
BSml,2,1,3,0.67
BSmm,2,1,3,0.67
BSmn,6,10,16,0.38
BSms,3,3,6,0.5
BSnB,2,4,6,0.33
BSnD,2,0,2,1.0
BSnH,4,3,7,0.57
BSnI,0,2,2,0.0
BSnK,1,1,2,0.5
BSnL,1,1,2,0.5
BSnM,3,9,12,0.25
BSnN,7,10,17,0.41
BSnP,9,13,22,0.41
BSnS,1,10,11,0.09
BSnb,7,5,12,0.58
BSnl,4,3,7,0.57
BSnm,11,2,13,0.85
BSnn,6,6,12,0.5
BSns,6,3,9,0.67
BSsB,4,4,8,0.5
BSsD,1,0,1,1.0
BSsH,7,5,12,0.58
BSsI,0,0,0,
BSsK,1,0,1,1.0
BSsL,2,4,6,0.33
BSsM,2,1,3,0.67
BSsN,10,2,12,0.83
BSsP,8,8,16,0.5
BSsS,7,6,13,0.54
BSsb,6,5,11,0.55
BSsl,2,1,3,0.67
BSsm,3,8,11,0.27
BSsn,6,6,12,0.5
BSss,7,2,9,0.78
BStB,0,1,1,0.0
BStH,1,0,1,1.0
BStL,0,1,1,0.0
BStM,1,1,2,0.5
BStP,1,2,3,0.33
BStb,1,1,2,0.5
BStn,1,0,1,1.0
BSts,1,0,1,1.0
BStt,0,1,1,0.0
BbBB,9,12,21,0.43
BbBD,0,1,1,0.0
BbBK,1,1,2,0.5
BbBL,1,7,8,0.12
BbBM,4,12,16,0.25
BbBN,18,13,31,0.58
BbBP,11,14,25,0.44
BbBS,6,6,12,0.5
BbBb,18,10,28,0.64
BbBh,1,3,4,0.25
BbBj,1,10,11,0.09
BbBl,3,4,7,0.43
BbBm,11,12,23,0.48
BbBn,17,18,35,0.49
BbBs,7,8,15,0.47
BbBt,2,2,4,0.5
BbDB,2,1,3,0.67
BbDN,0,1,1,0.0
BbDP,1,4,5,0.2
BbDb,1,2,3,0.33
BbDm,2,1,3,0.67
BbDn,1,0,1,1.0
BbDs,1,0,1,1.0
BbHB,5,1,6,0.83
BbHD,1,0,1,1.0
BbHH,0,0,0,
BbHI,0,0,0,
BbHL,4,1,5,0.8
BbHM,6,2,8,0.75
BbHN,8,2,10,0.8
BbHP,6,7,13,0.46
BbHS,1,0,1,1.0
BbHb,1,1,2,0.5
BbHh,0,1,1,0.0
BbHl,2,0,2,1.0
BbHm,3,6,9,0.33
BbHn,5,5,10,0.5
BbHs,4,3,7,0.57
BbIB,0,3,3,0.0
BbID,1,0,1,1.0
BbIH,1,0,1,1.0
BbIL,1,0,1,1.0
BbIM,3,0,3,1.0
BbIN,4,3,7,0.57
BbIP,4,1,5,0.8
BbIS,1,2,3,0.33
BbIb,1,1,2,0.5
BbIl,0,2,2,0.0
BbIn,1,0,1,1.0
BbIs,0,3,3,0.0
BbJB,3,8,11,0.27
BbJH,2,2,4,0.5
BbJI,0,1,1,0.0
BbJK,0,1,1,0.0
BbJL,0,3,3,0.0
BbJM,1,4,5,0.2
BbJN,6,2,8,0.75
BbJP,8,4,12,0.67
BbJS,3,1,4,0.75
BbJb,3,4,7,0.43
BbJh,0,1,1,0.0
BbJl,0,2,2,0.0
BbJm,5,1,6,0.83
BbJn,3,4,7,0.43
BbJs,2,1,3,0.67
BbKB,1,0,1,1.0
BbKL,0,1,1,0.0
BbKM,0,2,2,0.0
BbKN,0,1,1,0.0
BbKS,1,2,3,0.33
BbKb,0,2,2,0.0
BbKl,1,0,1,1.0
BbKm,1,1,2,0.5
BbKn,2,1,3,0.67
BbKs,1,1,2,0.5
BbLB,4,4,8,0.5
BbLH,0,1,1,0.0
BbLK,0,1,1,0.0
BbLL,0,1,1,0.0
BbLM,3,3,6,0.5
BbLN,2,4,6,0.33
BbLP,8,7,15,0.53
BbLS,5,3,8,0.62
BbLb,1,5,6,0.17
BbLh,2,1,3,0.67
BbLj,0,4,4,0.0
BbLl,3,1,4,0.75
BbLm,2,5,7,0.29
BbLn,8,8,16,0.5
BbLs,2,2,4,0.5
BbLt,3,0,3,1.0
BbMB,8,9,17,0.47
BbMD,0,2,2,0.0
BbML,2,4,6,0.33
BbMM,11,9,20,0.55
BbMN,6,14,20,0.3
BbMP,11,16,27,0.41
BbMS,4,4,8,0.5
BbMb,15,12,27,0.56
BbMh,5,13,18,0.28
BbMj,3,6,9,0.33
BbMl,7,2,9,0.78
BbMm,7,10,17,0.41
BbMn,10,13,23,0.43
BbMs,7,4,11,0.64
BbMt,1,1,2,0.5
BbNB,13,13,26,0.5
BbND,2,2,4,0.5
BbNH,1,4,5,0.2
BbNI,1,0,1,1.0
BbNK,1,0,1,1.0
BbNL,4,3,7,0.57
BbNM,9,14,23,0.39
BbNN,20,19,39,0.51
BbNP,25,21,46,0.54
BbNS,11,5,16,0.69
BbNb,12,9,21,0.57
BbNh,6,2,8,0.75
BbNl,5,8,13,0.38
BbNm,14,8,22,0.64
BbNn,23,20,43,0.53
BbNs,13,14,27,0.48
BbNt,2,2,4,0.5
BbPB,16,9,25,0.64
BbPD,1,1,2,0.5
BbPH,4,7,11,0.36
BbPI,2,1,3,0.67
BbPK,1,0,1,1.0
BbPL,6,6,12,0.5
BbPM,11,17,28,0.39
BbPN,15,19,34,0.44
BbPP,42,37,79,0.53
BbPS,8,14,22,0.36
BbPb,20,14,34,0.59
BbPh,3,4,7,0.43
BbPl,15,3,18,0.83
BbPm,15,11,26,0.58
BbPn,14,16,30,0.47
BbPs,12,7,19,0.63
BbPt,0,2,2,0.0
BbSB,4,3,7,0.57
BbSD,0,1,1,0.0
BbSH,4,2,6,0.67
BbSI,1,0,1,1.0
BbSL,0,1,1,0.0
BbSM,7,5,12,0.58
BbSN,9,5,14,0.64
BbSP,12,7,19,0.63
BbSS,8,5,13,0.62
BbSb,7,4,11,0.64
BbSh,4,10,14,0.29
BbSl,2,4,6,0.33
BbSm,5,4,9,0.56
BbSn,8,1,9,0.89
BbSs,7,10,17,0.41
BbSt,3,0,3,1.0
BbbB,17,10,27,0.63
BbbD,0,1,1,0.0
BbbH,7,4,11,0.64
BbbI,1,1,2,0.5
BbbJ,1,5,6,0.17
BbbK,0,2,2,0.0
BbbL,8,5,13,0.62
BbbM,7,22,29,0.24
BbbN,19,14,33,0.58
BbbP,16,20,36,0.44
BbbS,6,7,13,0.46
Bbbb,12,10,22,0.55
Bbbl,4,2,6,0.67
Bbbm,10,6,16,0.62
Bbbn,19,14,33,0.58
Bbbs,7,7,14,0.5
BblB,4,5,9,0.44
BblH,4,1,5,0.8
BblI,1,2,3,0.33
BblJ,1,0,1,1.0
BblL,2,5,7,0.29
BblM,2,3,5,0.4
BblN,9,6,15,0.6
BblP,5,6,11,0.45
BblS,3,6,9,0.33
Bblb,3,2,5,0.6
Bbll,1,1,2,0.5
Bblm,1,2,3,0.33
Bbln,2,5,7,0.29
Bbls,3,6,9,0.33
BbmB,7,6,13,0.54
BbmD,3,1,4,0.75
BbmH,11,5,16,0.69
BbmI,0,1,1,0.0
BbmJ,2,1,3,0.67
BbmL,4,5,9,0.44
BbmM,8,7,15,0.53
BbmN,11,17,28,0.39
BbmP,19,7,26,0.73
BbmS,5,8,13,0.38
Bbmb,7,6,13,0.54
Bbml,2,1,3,0.67
Bbmm,7,3,10,0.7
Bbmn,9,7,16,0.56
Bbms,2,0,2,1.0
BbnB,10,14,24,0.42
BbnD,1,0,1,1.0
BbnH,13,4,17,0.76
BbnI,0,2,2,0.0
BbnK,1,1,2,0.5
BbnL,6,2,8,0.75
BbnM,8,10,18,0.44
BbnN,10,18,28,0.36
BbnP,18,7,25,0.72
BbnS,4,9,13,0.31
Bbnb,10,12,22,0.45
Bbnh,0,1,1,0.0
Bbnl,9,0,9,1.0
Bbnm,10,8,18,0.56
Bbnn,14,10,24,0.58
Bbns,9,5,14,0.64
BbsB,6,4,10,0.6
BbsD,2,0,2,1.0
BbsH,4,6,10,0.4
BbsI,2,0,2,1.0
BbsL,2,2,4,0.5
BbsM,8,5,13,0.62
BbsN,5,6,11,0.45
BbsP,10,7,17,0.59
BbsS,10,8,18,0.56
Bbsb,2,3,5,0.4
Bbsl,1,1,2,0.5
Bbsm,11,2,13,0.85
Bbsn,4,2,6,0.67
Bbss,6,4,10,0.6
BhBB,2,1,3,0.67
BhBL,0,2,2,0.0
BhBP,0,2,2,0.0
BhBS,1,0,1,1.0
BhBb,2,1,3,0.67
BhBl,2,0,2,1.0
BhBm,2,1,3,0.67
BhBn,1,0,1,1.0
BhBt,0,1,1,0.0
BhHD,0,1,1,0.0
BhHP,0,0,0,
BhHS,1,1,2,0.5
BhHb,1,0,1,1.0
BhIH,1,0,1,1.0
BhIP,1,0,1,1.0
BhKL,0,1,1,0.0
BhLB,3,1,4,0.75
BhLN,0,1,1,0.0
BhLP,2,0,2,1.0
BhLS,0,2,2,0.0
BhLb,2,0,2,1.0
BhLh,0,1,1,0.0
BhLj,1,0,1,1.0
BhLl,1,0,1,1.0
BhLn,1,0,1,1.0
BhMB,0,1,1,0.0
BhMD,1,0,1,1.0
BhMM,1,1,2,0.5
BhMN,1,0,1,1.0
BhMP,2,1,3,0.67
BhMb,2,1,3,0.67
BhMh,1,4,5,0.2
BhMm,0,0,0,
BhMn,0,1,1,0.0
BhMs,2,1,3,0.67
BhNB,2,1,3,0.67
BhNH,1,0,1,1.0
BhNK,1,1,2,0.5
BhNL,2,1,3,0.67
BhNM,3,1,4,0.75
BhNN,0,0,0,
BhNP,2,2,4,0.5
BhNS,3,0,3,1.0
BhNb,1,0,1,1.0
BhNm,1,0,1,1.0
BhNn,0,4,4,0.0
BhNs,1,0,1,1.0
BhPB,4,2,6,0.67
BhPD,1,1,2,0.5
BhPH,2,1,3,0.67
BhPL,0,2,2,0.0
BhPM,1,0,1,1.0
BhPN,2,0,2,1.0
BhPP,0,4,4,0.0
BhPS,1,1,2,0.5
BhPb,0,2,2,0.0
BhPm,0,4,4,0.0
BhPn,5,0,5,1.0
BhPs,2,1,3,0.67
BhSB,0,0,0,
BhSL,1,0,1,1.0
BhSM,0,1,1,0.0
BhSN,0,1,1,0.0
BhSP,0,1,1,0.0
BhSS,1,0,1,1.0
BhSb,1,1,2,0.5
BhSh,1,0,1,1.0
BhSm,0,1,1,0.0
BhSn,1,2,3,0.33
BhSs,0,1,1,0.0
BhbB,1,2,3,0.33
BhbH,0,2,2,0.0
BhbJ,1,0,1,1.0
BhbL,1,1,2,0.5
BhbM,1,2,3,0.33
BhbN,1,0,1,1.0
BhbP,0,2,2,0.0
BhbS,1,0,1,1.0
Bhbb,1,1,2,0.5
Bhbm,1,0,1,1.0
Bhbn,0,1,1,0.0
Bhbs,0,1,1,0.0
BhhB,1,0,1,1.0
BhhH,0,1,1,0.0
BhhM,0,1,1,0.0
BhhN,1,0,1,1.0
BhhS,2,1,3,0.67
Bhhl,1,0,1,1.0
Bhhm,1,0,1,1.0
Bhhn,1,0,1,1.0
Bhhs,2,0,2,1.0
BhlB,0,2,2,0.0
BhlL,1,0,1,1.0
BhlN,2,0,2,1.0
BhlP,0,1,1,0.0
Bhlb,2,2,4,0.5
Bhlm,0,1,1,0.0
Bhln,1,0,1,1.0
Bhls,0,0,0,
BhmB,0,2,2,0.0
BhmD,0,1,1,0.0
BhmH,1,1,2,0.5
BhmM,1,0,1,1.0
BhmN,1,0,1,1.0
BhmP,0,3,3,0.0
BhmS,0,1,1,0.0
Bhmb,2,2,4,0.5
Bhmh,0,1,1,0.0
Bhmn,3,1,4,0.75
Bhms,0,0,0,
BhnB,2,1,3,0.67
BhnD,0,0,0,
BhnH,1,3,4,0.25
BhnI,1,0,1,1.0
BhnL,0,1,1,0.0
BhnM,0,1,1,0.0
BhnN,4,2,6,0.67
BhnP,1,3,4,0.25
BhnS,2,3,5,0.4
Bhnb,1,5,6,0.17
Bhnl,1,1,2,0.5
Bhnm,1,1,2,0.5
Bhnn,1,0,1,1.0
Bhns,0,3,3,0.0
BhsB,0,1,1,0.0
BhsH,1,1,2,0.5
BhsL,2,1,3,0.67
BhsM,2,0,2,1.0
BhsN,0,0,0,
BhsP,2,0,2,1.0
BhsS,1,0,1,1.0
Bhsb,1,1,2,0.5
Bhsl,0,1,1,0.0
Bhsm,2,1,3,0.67
Bhsn,0,2,2,0.0
Bhss,0,1,1,0.0
BhtP,1,0,1,1.0
Bhtb,2,0,2,1.0
Bhtl,0,0,0,
Bhtm,1,0,1,1.0
BjBB,3,6,9,0.33
BjBL,1,2,3,0.33
BjBM,4,2,6,0.67
BjBN,1,7,8,0.12
BjBP,4,8,12,0.33
BjBS,3,3,6,0.5
BjBb,0,6,6,0.0
BjBj,0,1,1,0.0
BjBl,1,3,4,0.25
BjBm,3,4,7,0.43
BjBn,3,3,6,0.5
BjBs,2,2,4,0.5
BjBt,1,1,2,0.5
BjDL,1,0,1,1.0
BjDP,0,1,1,0.0
BjDS,1,0,1,1.0
BjDb,1,0,1,1.0
BjHB,0,1,1,0.0
BjHL,0,1,1,0.0
BjHM,1,1,2,0.5
BjHN,2,1,3,0.67
BjHP,2,3,5,0.4
BjHS,1,2,3,0.33
BjHb,1,0,1,1.0
BjHh,0,0,0,
BjHl,0,1,1,0.0
BjHm,1,1,2,0.5
BjHn,0,2,2,0.0
BjHs,0,2,2,0.0
BjIH,0,0,0,
BjIN,0,0,0,
BjIP,0,2,2,0.0
BjIS,0,1,1,0.0
BjIs,1,3,4,0.25
BjKB,0,1,1,0.0
BjKH,0,0,0,
BjKN,0,1,1,0.0
BjKh,1,0,1,1.0
BjLB,1,2,3,0.33
BjLK,1,0,1,1.0
BjLM,2,1,3,0.67
BjLN,0,2,2,0.0
BjLP,1,4,5,0.2
BjLS,0,1,1,0.0
BjLb,0,0,0,
BjLh,0,1,1,0.0
BjLj,1,0,1,1.0
BjLl,1,1,2,0.5
BjLm,3,1,4,0.75
BjLn,2,5,7,0.29
BjLs,1,1,2,0.5
BjMB,4,3,7,0.57
BjML,1,3,4,0.25
BjMM,4,0,4,1.0
BjMN,2,6,8,0.25
BjMP,7,2,9,0.78
BjMS,4,1,5,0.8
BjMb,6,1,7,0.86
BjMh,2,2,4,0.5
BjMj,0,1,1,0.0
BjMl,0,1,1,0.0
BjMm,5,4,9,0.56
BjMn,3,6,9,0.33
BjMs,5,2,7,0.71
BjMt,0,0,0,
BjNB,2,2,4,0.5
BjNL,2,1,3,0.67
BjNM,2,4,6,0.33
BjNN,3,2,5,0.6
BjNP,6,6,12,0.5
BjNS,2,3,5,0.4
BjNb,3,3,6,0.5
BjNh,0,1,1,0.0
BjNl,2,0,2,1.0
BjNm,7,6,13,0.54
BjNn,3,2,5,0.6
BjNs,5,3,8,0.62
BjPB,1,6,7,0.14
BjPD,2,0,2,1.0
BjPH,0,0,0,
BjPI,2,0,2,1.0
BjPK,0,0,0,
BjPL,1,3,4,0.25
BjPM,1,9,10,0.1
BjPN,7,6,13,0.54
BjPP,7,9,16,0.44
BjPS,5,8,13,0.38
BjPb,7,6,13,0.54
BjPh,0,2,2,0.0
BjPl,4,3,7,0.57
BjPm,5,4,9,0.56
BjPn,9,5,14,0.64
BjPs,5,5,10,0.5
BjPt,1,0,1,1.0
BjSB,1,0,1,1.0
BjSH,2,1,3,0.67
BjSL,0,2,2,0.0
BjSM,2,0,2,1.0
BjSN,2,1,3,0.67
BjSP,3,2,5,0.6
BjSS,0,3,3,0.0
BjSb,2,3,5,0.4
BjSh,0,4,4,0.0
BjSl,0,1,1,0.0
BjSm,1,4,5,0.2
BjSn,2,2,4,0.5
BjSs,1,2,3,0.33
BjbB,6,3,9,0.67
BjbD,1,1,2,0.5
BjbH,1,1,2,0.5
BjbI,1,0,1,1.0
BjbJ,1,0,1,1.0
BjbK,0,0,0,
BjbL,0,3,3,0.0
BjbM,6,8,14,0.43
BjbN,7,7,14,0.5
BjbP,7,9,16,0.44
BjbS,2,2,4,0.5
Bjbb,8,1,9,0.89
Bjbl,1,0,1,1.0
Bjbm,4,2,6,0.67
Bjbn,2,4,6,0.33
Bjbs,2,1,3,0.67
BjhB,2,1,3,0.67
BjhH,0,2,2,0.0
BjhL,2,0,2,1.0
BjhM,0,1,1,0.0
BjhP,2,0,2,1.0
BjhS,2,0,2,1.0
Bjhb,0,1,1,0.0
Bjhm,0,1,1,0.0
Bjhn,0,1,1,0.0
Bjhs,1,0,1,1.0
BjlB,0,3,3,0.0
BjlH,3,2,5,0.6
BjlI,0,1,1,0.0
BjlJ,1,0,1,1.0
BjlL,0,0,0,
BjlM,0,2,2,0.0
BjlN,2,0,2,1.0
BjlP,2,2,4,0.5
BjlS,3,0,3,1.0
Bjlb,2,0,2,1.0
Bjll,0,0,0,
Bjlm,2,0,2,1.0
Bjln,0,3,3,0.0
Bjls,2,1,3,0.67
BjmB,1,7,8,0.12
BjmD,1,0,1,1.0
BjmH,2,2,4,0.5
BjmI,1,0,1,1.0
BjmJ,1,1,2,0.5
BjmL,1,0,1,1.0
BjmM,2,4,6,0.33
BjmN,3,3,6,0.5
BjmP,5,4,9,0.56
BjmS,0,3,3,0.0
Bjmb,1,1,2,0.5
Bjml,2,2,4,0.5
Bjmm,3,3,6,0.5
Bjmn,1,2,3,0.33
Bjms,3,2,5,0.6
BjnB,1,2,3,0.33
BjnD,0,1,1,0.0
BjnH,0,2,2,0.0
BjnI,0,1,1,0.0
BjnK,1,0,1,1.0
BjnL,3,0,3,1.0
BjnM,2,2,4,0.5
BjnN,3,2,5,0.6
BjnP,5,5,10,0.5
BjnS,3,3,6,0.5
Bjnb,7,3,10,0.7
Bjnh,0,0,0,
Bjnl,3,1,4,0.75
Bjnm,1,4,5,0.2
Bjnn,3,3,6,0.5
Bjns,0,2,2,0.0
BjsH,1,1,2,0.5
BjsI,0,0,0,
BjsL,1,2,3,0.33
BjsM,1,0,1,1.0
BjsN,3,4,7,0.43
BjsP,1,5,6,0.17
BjsS,2,1,3,0.67
Bjsb,2,1,3,0.67
Bjsl,0,1,1,0.0
Bjsm,1,1,2,0.5
Bjsn,0,1,1,0.0
Bjss,1,2,3,0.33
BjtK,0,1,1,0.0
BjtL,2,0,2,1.0
BjtN,1,0,1,1.0
BjtP,1,0,1,1.0
Bjtb,1,0,1,1.0
Bjtl,0,1,1,0.0
Bjtm,0,2,2,0.0
Bjtn,0,2,2,0.0
Bjts,0,0,0,
BlBB,6,5,11,0.55
BlBK,1,2,3,0.33
BlBL,2,2,4,0.5
BlBM,0,3,3,0.0
BlBN,5,6,11,0.45
BlBP,6,13,19,0.32
BlBS,1,0,1,1.0
BlBb,6,5,11,0.55
BlBj,1,1,2,0.5
BlBl,2,1,3,0.67
BlBm,3,2,5,0.6
BlBn,2,4,6,0.33
BlBs,1,2,3,0.33
BlBt,1,0,1,1.0
BlDB,0,1,1,0.0
BlDH,1,1,2,0.5
BlDN,1,1,2,0.5
BlDS,0,1,1,0.0
BlDb,1,0,1,1.0
BlDl,1,0,1,1.0
BlDs,1,1,2,0.5
BlHB,2,3,5,0.4
BlHH,3,0,3,1.0
BlHK,0,1,1,0.0
BlHL,0,2,2,0.0
BlHM,3,3,6,0.5
BlHN,1,3,4,0.25
BlHP,2,4,6,0.33
BlHS,1,2,3,0.33
BlHb,5,2,7,0.71
BlHh,2,4,6,0.33
BlHl,2,0,2,1.0
BlHm,0,2,2,0.0
BlHn,2,4,6,0.33
BlHs,3,2,5,0.6
BlIB,1,2,3,0.33
BlIN,1,1,2,0.5
BlIP,0,0,0,
BlIS,0,1,1,0.0
BlIm,1,0,1,1.0
BlIn,0,2,2,0.0
BlIs,0,1,1,0.0
BlJB,1,1,2,0.5
BlJH,1,0,1,1.0
BlJL,1,0,1,1.0
BlJM,0,2,2,0.0
BlJN,2,1,3,0.67
BlJP,0,1,1,0.0
BlJS,1,1,2,0.5
BlJb,2,1,3,0.67
BlJl,0,1,1,0.0
BlJm,1,0,1,1.0
BlJn,0,2,2,0.0
BlJs,2,1,3,0.67
BlKP,1,0,1,1.0
BlKm,1,0,1,1.0
BlLB,2,1,3,0.67
BlLD,1,0,1,1.0
BlLL,1,0,1,1.0
BlLM,1,0,1,1.0
BlLN,6,2,8,0.75
BlLP,2,3,5,0.4
BlLS,2,0,2,1.0
BlLb,4,0,4,1.0
BlLl,1,0,1,1.0
BlLm,1,2,3,0.33
BlLn,3,2,5,0.6
BlLs,0,3,3,0.0
BlLt,1,0,1,1.0
BlMB,8,3,11,0.73
BlMD,1,0,1,1.0
BlML,2,0,2,1.0
BlMM,3,2,5,0.6
BlMN,1,5,6,0.17
BlMP,5,6,11,0.45
BlMS,2,3,5,0.4
BlMb,4,6,10,0.4
BlMh,4,6,10,0.4
BlMj,3,3,6,0.5
BlMl,2,2,4,0.5
BlMm,3,3,6,0.5
BlMn,2,3,5,0.4
BlMs,2,3,5,0.4
BlNB,4,4,8,0.5
BlND,1,0,1,1.0
BlNH,1,1,2,0.5
BlNK,0,1,1,0.0
BlNL,5,2,7,0.71
BlNM,2,3,5,0.4
BlNN,5,5,10,0.5
BlNP,9,10,19,0.47
BlNS,1,3,4,0.25
BlNb,3,3,6,0.5
BlNh,0,0,0,
BlNl,2,3,5,0.4
BlNm,3,4,7,0.43
BlNn,6,8,14,0.43
BlNs,8,3,11,0.73
BlNt,1,1,2,0.5
BlPB,3,6,9,0.33
BlPD,2,1,3,0.67
BlPH,2,3,5,0.4
BlPI,1,0,1,1.0
BlPK,1,0,1,1.0
BlPL,2,1,3,0.67
BlPM,5,5,10,0.5
BlPN,9,8,17,0.53
BlPP,18,14,32,0.56
BlPS,9,4,13,0.69
BlPb,6,6,12,0.5
BlPl,3,4,7,0.43
BlPm,2,3,5,0.4
BlPn,6,3,9,0.67
BlPs,3,6,9,0.33
BlSB,4,5,9,0.44
BlSD,1,0,1,1.0
BlSH,1,0,1,1.0
BlSL,3,1,4,0.75
BlSM,0,4,4,0.0
BlSN,5,2,7,0.71
BlSP,2,7,9,0.22
BlSS,6,5,11,0.55
BlSb,4,4,8,0.5
BlSh,0,1,1,0.0
BlSl,0,1,1,0.0
BlSm,2,1,3,0.67
BlSn,4,7,11,0.36
BlSs,4,5,9,0.44
BlbB,5,3,8,0.62
BlbH,0,2,2,0.0
BlbJ,2,2,4,0.5
BlbK,0,0,0,
BlbL,2,3,5,0.4
BlbM,9,5,14,0.64
BlbN,3,6,9,0.33
BlbP,9,6,15,0.6
BlbS,1,3,4,0.25
Blbb,4,3,7,0.57
Blbl,3,1,4,0.75
Blbm,4,2,6,0.67
Blbn,7,3,10,0.7
Blbs,2,1,3,0.67
BllB,1,1,2,0.5
BllD,0,0,0,
BllH,4,3,7,0.57
BllI,0,1,1,0.0
BllL,0,3,3,0.0
BllM,0,2,2,0.0
BllN,3,0,3,1.0
BllP,2,0,2,1.0
BllS,0,0,0,
Bllb,1,1,2,0.5
Blll,1,3,4,0.25
Bllm,1,3,4,0.25
Blln,2,1,3,0.67
Blls,1,0,1,1.0
BlmB,3,5,8,0.38
BlmH,0,2,2,0.0
BlmI,1,0,1,1.0
BlmJ,1,1,2,0.5
BlmL,2,0,2,1.0
BlmM,2,2,4,0.5
BlmN,9,5,14,0.64
BlmP,2,3,5,0.4
BlmS,3,1,4,0.75
Blmb,3,3,6,0.5
Blml,3,0,3,1.0
Blmm,1,9,10,0.1
Blmn,3,1,4,0.75
Blms,1,0,1,1.0
BlnB,2,2,4,0.5
BlnD,1,0,1,1.0
BlnH,2,2,4,0.5
BlnL,3,1,4,0.75
BlnM,5,2,7,0.71
BlnN,4,3,7,0.57
BlnP,7,9,16,0.44
BlnS,2,3,5,0.4
Blnb,4,3,7,0.57
Blnl,0,2,2,0.0
Blnm,4,3,7,0.57
Blnn,3,3,6,0.5
Blns,2,1,3,0.67
BlsB,2,3,5,0.4
BlsH,5,4,9,0.56
BlsL,0,2,2,0.0
BlsM,2,4,6,0.33
BlsN,2,2,4,0.5
BlsP,3,6,9,0.33
BlsS,4,2,6,0.67
Blsb,5,3,8,0.62
Blsl,1,1,2,0.5
Blsm,0,4,4,0.0
Blsn,2,7,9,0.22
Blss,6,5,11,0.55
BmBB,8,10,18,0.44
BmBD,1,0,1,1.0
BmBK,1,0,1,1.0
BmBL,2,0,2,1.0
BmBM,5,6,11,0.45
BmBN,9,5,14,0.64
BmBP,15,8,23,0.65
BmBS,6,6,12,0.5
BmBb,4,10,14,0.29
BmBh,0,2,2,0.0
BmBj,2,1,3,0.67
BmBl,3,4,7,0.43
BmBm,10,8,18,0.56
BmBn,9,12,21,0.43
BmBs,4,3,7,0.57
BmBt,0,0,0,
BmDB,0,1,1,0.0
BmDH,1,2,3,0.33
BmDI,0,0,0,
BmDL,1,0,1,1.0
BmDM,2,2,4,0.5
BmDN,1,1,2,0.5
BmDP,1,1,2,0.5
BmDS,3,2,5,0.6
BmDb,0,1,1,0.0
BmDl,0,1,1,0.0
BmDm,1,1,2,0.5
BmDn,0,3,3,0.0
BmDs,0,0,0,
BmDt,0,1,1,0.0
BmHB,5,8,13,0.38
BmHH,2,2,4,0.5
BmHI,0,0,0,
BmHK,1,0,1,1.0
BmHL,3,1,4,0.75
BmHM,6,3,9,0.67
BmHN,4,3,7,0.57
BmHP,13,10,23,0.57
BmHS,6,7,13,0.46
BmHb,0,3,3,0.0
BmHh,5,5,10,0.5
BmHl,3,3,6,0.5
BmHm,5,3,8,0.62
BmHn,7,8,15,0.47
BmHs,3,13,16,0.19
BmHt,1,0,1,1.0
BmIB,1,1,2,0.5
BmIH,1,1,2,0.5
BmIN,0,2,2,0.0
BmIP,4,1,5,0.8
BmIS,1,1,2,0.5
BmIb,0,1,1,0.0
BmIm,1,2,3,0.33
BmIn,0,1,1,0.0
BmIs,1,1,2,0.5
BmJB,2,3,5,0.4
BmJD,1,0,1,1.0
BmJH,0,2,2,0.0
BmJI,0,0,0,
BmJM,2,1,3,0.67
BmJN,7,2,9,0.78
BmJP,3,1,4,0.75
BmJS,2,1,3,0.67
BmJb,2,3,5,0.4
BmJh,2,1,3,0.67
BmJl,3,1,4,0.75
BmJm,0,3,3,0.0
BmJn,1,3,4,0.25
BmJs,3,3,6,0.5
BmKn,0,1,1,0.0
BmKs,1,0,1,1.0
BmLB,2,0,2,1.0
BmLL,3,1,4,0.75
BmLM,4,5,9,0.44
BmLN,4,4,8,0.5
BmLP,4,5,9,0.44
BmLS,0,3,3,0.0
BmLb,3,2,5,0.6
BmLh,0,4,4,0.0
BmLj,1,1,2,0.5
BmLl,1,1,2,0.5
BmLm,3,3,6,0.5
BmLn,1,3,4,0.25
BmMB,6,9,15,0.4
BmML,4,4,8,0.5
BmMM,7,5,12,0.58
BmMN,10,11,21,0.48
BmMP,11,16,27,0.41
BmMS,8,4,12,0.67
BmMb,13,11,24,0.54
BmMh,4,7,11,0.36
BmMj,2,3,5,0.4
BmMl,2,2,4,0.5
BmMm,10,5,15,0.67
BmMn,12,13,25,0.48
BmMs,6,5,11,0.55
BmMt,1,2,3,0.33
BmNB,1,8,9,0.11
BmND,1,1,2,0.5
BmNH,3,2,5,0.6
BmNK,0,1,1,0.0
BmNL,5,5,10,0.5
BmNM,6,13,19,0.32
BmNN,13,12,25,0.52
BmNP,26,23,49,0.53
BmNS,12,8,20,0.6
BmNb,13,9,22,0.59
BmNh,7,1,8,0.88
BmNl,4,7,11,0.36
BmNm,6,11,17,0.35
BmNn,31,18,49,0.63
BmNs,4,5,9,0.44
BmNt,1,2,3,0.33
BmPB,8,9,17,0.47
BmPD,0,0,0,
BmPH,1,4,5,0.2
BmPK,2,0,2,1.0
BmPL,1,6,7,0.14
BmPM,13,15,28,0.46
BmPN,13,15,28,0.46
BmPP,26,19,45,0.58
BmPS,1,5,6,0.17
BmPb,14,8,22,0.64
BmPh,0,2,2,0.0
BmPl,2,7,9,0.22
BmPm,12,1,13,0.92
BmPn,4,12,16,0.25
BmPs,13,10,23,0.57
BmPt,2,2,4,0.5
BmSB,8,7,15,0.53
BmSH,0,2,2,0.0
BmSL,1,1,2,0.5
BmSM,5,9,14,0.36
BmSN,6,10,16,0.38
BmSP,7,8,15,0.47
BmSS,2,11,13,0.15
BmSb,7,4,11,0.64
BmSh,4,2,6,0.67
BmSl,2,3,5,0.4
BmSm,6,3,9,0.67
BmSn,10,4,14,0.71
BmSs,9,9,18,0.5
BmSt,1,0,1,1.0
BmbB,12,13,25,0.48
BmbD,0,0,0,
BmbH,2,2,4,0.5
BmbI,3,0,3,1.0
BmbJ,2,0,2,1.0
BmbK,0,0,0,
BmbL,4,3,7,0.57
BmbM,4,14,18,0.22
BmbN,9,7,16,0.56
BmbP,11,9,20,0.55
BmbS,7,7,14,0.5
Bmbb,11,2,13,0.85
Bmbl,1,3,4,0.25
Bmbm,13,2,15,0.87
Bmbn,9,11,20,0.45
Bmbs,5,3,8,0.62
BmlB,4,6,10,0.4
BmlH,2,4,6,0.33
BmlJ,4,1,5,0.8
BmlL,2,1,3,0.67
BmlM,3,3,6,0.5
BmlN,4,4,8,0.5
BmlP,2,2,4,0.5
BmlS,3,2,5,0.6
Bmlb,1,1,2,0.5
Bmll,0,2,2,0.0
Bmlm,2,1,3,0.67
Bmln,4,2,6,0.67
Bmls,1,1,2,0.5
BmmB,7,7,14,0.5
BmmD,2,2,4,0.5
BmmH,5,2,7,0.71
BmmI,0,1,1,0.0
BmmJ,2,3,5,0.4
BmmL,2,3,5,0.4
BmmM,14,8,22,0.64
BmmN,10,12,22,0.45
BmmP,8,11,19,0.42
BmmS,5,6,11,0.45
Bmmb,6,11,17,0.35
Bmml,1,1,2,0.5
Bmmm,6,5,11,0.55
Bmmn,8,9,17,0.47
Bmms,3,5,8,0.38
BmnB,5,13,18,0.28
BmnD,1,0,1,1.0
BmnH,3,7,10,0.3
BmnI,2,5,7,0.29
BmnL,3,2,5,0.6
BmnM,9,5,14,0.64
BmnN,14,9,23,0.61
BmnP,12,9,21,0.57
BmnS,8,6,14,0.57
Bmnb,9,6,15,0.6
Bmnl,0,6,6,0.0
Bmnm,7,3,10,0.7
Bmnn,9,13,22,0.41
Bmns,4,3,7,0.57
BmsB,4,1,5,0.8
BmsH,3,1,4,0.75
BmsI,1,1,2,0.5
BmsL,3,2,5,0.6
BmsM,4,2,6,0.67
BmsN,8,3,11,0.73
BmsP,9,8,17,0.53
BmsS,3,9,12,0.25
Bmsb,3,6,9,0.33
Bmsl,4,3,7,0.57
Bmsm,4,7,11,0.36
Bmsn,1,4,5,0.2
Bmss,1,5,6,0.17
BnBB,13,16,29,0.45
BnBD,2,0,2,1.0
BnBH,0,1,1,0.0
BnBL,3,5,8,0.38
BnBM,9,10,19,0.47
BnBN,12,13,25,0.48
BnBP,15,15,30,0.5
BnBS,5,10,15,0.33
BnBb,14,8,22,0.64
BnBh,1,4,5,0.2
BnBj,2,4,6,0.33
BnBl,4,6,10,0.4
BnBm,11,6,17,0.65
BnBn,9,14,23,0.39
BnBs,4,10,14,0.29
BnBt,2,3,5,0.4
BnDB,2,1,3,0.67
BnDH,2,0,2,1.0
BnDL,0,1,1,0.0
BnDM,1,4,5,0.2
BnDN,0,2,2,0.0
BnDP,3,2,5,0.6
BnDS,0,2,2,0.0
BnDb,0,1,1,0.0
BnDm,2,2,4,0.5
BnDn,1,3,4,0.25
BnDs,1,1,2,0.5
BnDt,0,2,2,0.0
BnHB,7,6,13,0.54
BnHD,2,1,3,0.67
BnHH,0,0,0,
BnHI,1,2,3,0.33
BnHK,1,0,1,1.0
BnHL,1,0,1,1.0
BnHM,8,3,11,0.73
BnHN,5,14,19,0.26
BnHP,11,10,21,0.52
BnHS,5,7,12,0.42
BnHb,3,2,5,0.6
BnHh,2,4,6,0.33
BnHl,2,3,5,0.4
BnHm,9,3,12,0.75
BnHn,9,4,13,0.69
BnHs,5,4,9,0.56
BnHt,1,0,1,1.0
BnIB,1,4,5,0.2
BnID,0,2,2,0.0
BnIH,0,1,1,0.0
BnII,0,1,1,0.0
BnIL,1,1,2,0.5
BnIM,2,1,3,0.67
BnIN,1,3,4,0.25
BnIP,8,5,13,0.62
BnIS,2,3,5,0.4
BnIb,3,3,6,0.5
BnIm,3,2,5,0.6
BnIn,2,2,4,0.5
BnIs,2,0,2,1.0
BnIt,1,0,1,1.0
BnKB,1,1,2,0.5
BnKI,0,1,1,0.0
BnKM,0,1,1,0.0
BnKN,0,0,0,
BnKP,1,1,2,0.5
BnKS,1,1,2,0.5
BnKb,2,1,3,0.67
BnKh,2,0,2,1.0
BnKl,0,0,0,
BnKm,2,0,2,1.0
BnKn,2,1,3,0.67
BnKs,0,1,1,0.0
BnLB,3,4,7,0.43
BnLD,0,1,1,0.0
BnLK,1,0,1,1.0
BnLL,1,1,2,0.5
BnLM,3,5,8,0.38
BnLN,3,2,5,0.6
BnLP,10,11,21,0.48
BnLS,3,1,4,0.75
BnLb,3,3,6,0.5
BnLh,0,6,6,0.0
BnLj,0,1,1,0.0
BnLl,3,0,3,1.0
BnLm,5,5,10,0.5
BnLn,5,8,13,0.38
BnLs,6,4,10,0.6
BnLt,0,0,0,
BnMB,14,12,26,0.54
BnMD,1,0,1,1.0
BnML,2,7,9,0.22
BnMM,9,16,25,0.36
BnMN,9,9,18,0.5
BnMP,14,12,26,0.54
BnMS,4,9,13,0.31
BnMb,16,13,29,0.55
BnMh,3,9,12,0.25
BnMj,1,2,3,0.33
BnMl,5,7,12,0.42
BnMm,14,10,24,0.58
BnMn,14,15,29,0.48
BnMs,10,6,16,0.62
BnMt,2,1,3,0.67
BnNB,20,9,29,0.69
BnND,3,1,4,0.75
BnNH,4,3,7,0.57
BnNK,0,1,1,0.0
BnNL,5,4,9,0.56
BnNM,14,18,32,0.44
BnNN,27,22,49,0.55
BnNP,35,38,73,0.48
BnNS,6,22,28,0.21
BnNb,12,15,27,0.44
BnNh,4,6,10,0.4
BnNl,6,6,12,0.5
BnNm,18,18,36,0.5
BnNn,32,19,51,0.63
BnNs,6,18,24,0.25
BnNt,0,3,3,0.0
BnPB,22,11,33,0.67
BnPD,1,1,2,0.5
BnPH,7,8,15,0.47
BnPI,1,3,4,0.25
BnPK,3,1,4,0.75
BnPL,11,9,20,0.55
BnPM,17,18,35,0.49
BnPN,27,36,63,0.43
BnPP,47,31,78,0.6
BnPS,17,14,31,0.55
BnPb,19,15,34,0.56
BnPh,1,1,2,0.5
BnPl,15,7,22,0.68
BnPm,19,11,30,0.63
BnPn,25,17,42,0.6
BnPs,20,17,37,0.54
BnPt,4,3,7,0.57
BnSB,6,12,18,0.33
BnSD,0,1,1,0.0
BnSH,3,4,7,0.43
BnSK,1,0,1,1.0
BnSL,1,7,8,0.12
BnSM,8,7,15,0.53
BnSN,9,17,26,0.35
BnSP,13,18,31,0.42
BnSS,8,9,17,0.47
BnSb,6,11,17,0.35
BnSh,10,6,16,0.62
BnSl,5,3,8,0.62
BnSm,6,5,11,0.55
BnSn,15,12,27,0.56
BnSs,17,6,23,0.74
BnSt,5,1,6,0.83
BnbB,21,14,35,0.6
BnbD,2,0,2,1.0
BnbH,3,1,4,0.75
BnbI,1,1,2,0.5
BnbJ,5,7,12,0.42
BnbK,1,0,1,1.0
BnbL,2,6,8,0.25
BnbM,12,15,27,0.44
BnbN,18,15,33,0.55
BnbP,17,8,25,0.68
BnbS,8,6,14,0.57
Bnbb,14,9,23,0.61
Bnbl,3,2,5,0.6
Bnbm,6,7,13,0.46
Bnbn,8,13,21,0.38
Bnbs,9,4,13,0.69
BnhB,1,1,2,0.5
BnhH,1,0,1,1.0
BnhL,0,1,1,0.0
BnhP,0,1,1,0.0
BnhS,0,0,0,
Bnhb,0,0,0,
Bnhh,1,1,2,0.5
Bnhm,1,0,1,1.0
Bnhn,1,1,2,0.5
Bnhs,2,0,2,1.0
BnlB,0,5,5,0.0
BnlD,0,0,0,
BnlH,6,1,7,0.86
BnlI,1,1,2,0.5
BnlJ,2,1,3,0.67
BnlK,0,0,0,
BnlL,5,0,5,1.0
BnlM,6,11,17,0.35
BnlN,7,2,9,0.78
BnlP,7,12,19,0.37
BnlS,4,3,7,0.57
Bnlb,7,1,8,0.88
Bnll,1,4,5,0.2
Bnlm,6,5,11,0.55
Bnln,10,4,14,0.71
Bnls,6,5,11,0.55
BnmB,7,11,18,0.39
BnmD,0,1,1,0.0
BnmH,5,6,11,0.45
BnmI,1,2,3,0.33
BnmJ,3,6,9,0.33
BnmL,7,3,10,0.7
BnmM,14,14,28,0.5
BnmN,15,11,26,0.58
BnmP,18,15,33,0.55
BnmS,8,6,14,0.57
Bnmb,6,9,15,0.4
Bnml,5,4,9,0.56
Bnmm,7,7,14,0.5
Bnmn,16,7,23,0.7
Bnms,4,10,14,0.29
BnnB,11,15,26,0.42
BnnD,0,1,1,0.0
BnnH,8,7,15,0.53
BnnI,0,1,1,0.0
BnnK,0,1,1,0.0
BnnL,1,8,9,0.11
BnnM,14,14,28,0.5
BnnN,19,23,42,0.45
BnnP,12,30,42,0.29
BnnS,12,16,28,0.43
Bnnb,13,18,31,0.42
Bnnh,1,0,1,1.0
Bnnl,5,6,11,0.45
Bnnm,15,10,25,0.6
Bnnn,23,15,38,0.61
Bnns,10,19,29,0.34
BnsB,5,5,10,0.5
BnsD,1,3,4,0.25
BnsH,14,6,20,0.7
BnsI,1,0,1,1.0
BnsL,3,3,6,0.5
BnsM,8,9,17,0.47
BnsN,7,16,23,0.3
BnsP,11,14,25,0.44
BnsS,11,6,17,0.65
Bnsb,7,8,15,0.47
Bnsl,3,4,7,0.43
Bnsm,5,8,13,0.38
Bnsn,12,8,20,0.6
Bnss,14,16,30,0.47
BntP,0,1,1,0.0
BsBB,2,5,7,0.29
BsBK,0,1,1,0.0
BsBL,0,3,3,0.0
BsBM,2,4,6,0.33
BsBN,4,2,6,0.67
BsBP,9,7,16,0.56
BsBS,0,5,5,0.0
BsBb,2,5,7,0.29
BsBh,1,0,1,1.0
BsBj,0,5,5,0.0
BsBl,1,3,4,0.25
BsBm,3,4,7,0.43
BsBn,4,1,5,0.8
BsBs,5,1,6,0.83
BsBt,2,1,3,0.67
BsDB,2,0,2,1.0
BsDM,0,1,1,0.0
BsDN,2,3,5,0.4
BsDS,0,0,0,
BsDb,0,1,1,0.0
BsDm,1,1,2,0.5
BsDn,0,1,1,0.0
BsDs,1,1,2,0.5
BsHB,2,4,6,0.33
BsHD,2,0,2,1.0
BsHI,0,0,0,
BsHK,0,1,1,0.0
BsHL,3,4,7,0.43
BsHM,2,6,8,0.25
BsHN,4,6,10,0.4
BsHP,10,2,12,0.83
BsHS,6,2,8,0.75
BsHb,4,3,7,0.57
BsHh,2,2,4,0.5
BsHl,2,0,2,1.0
BsHm,1,4,5,0.2
BsHn,6,8,14,0.43
BsHs,3,5,8,0.38
BsIB,0,1,1,0.0
BsIH,1,2,3,0.33
BsIM,2,0,2,1.0
BsIN,1,3,4,0.25
BsIP,1,1,2,0.5
BsIS,0,1,1,0.0
BsIb,3,0,3,1.0
BsIl,0,1,1,0.0
BsIm,1,1,2,0.5
BsIn,0,1,1,0.0
BsIs,1,2,3,0.33
BsKP,2,0,2,1.0
BsKm,0,1,1,0.0
BsLB,2,4,6,0.33
BsLK,1,0,1,1.0
BsLL,0,1,1,0.0
BsLM,3,1,4,0.75
BsLN,1,0,1,1.0
BsLP,3,0,3,1.0
BsLS,0,3,3,0.0
BsLb,1,4,5,0.2
BsLh,4,1,5,0.8
BsLj,1,2,3,0.33
BsLl,1,3,4,0.25
BsLm,3,3,6,0.5
BsLn,1,5,6,0.17
BsLs,3,2,5,0.6
BsLt,2,0,2,1.0
BsMB,3,7,10,0.3
BsML,2,0,2,1.0
BsMM,2,5,7,0.29
BsMN,5,7,12,0.42
BsMP,5,9,14,0.36
BsMS,5,3,8,0.62
BsMb,0,2,2,0.0
BsMh,2,5,7,0.29
BsMj,1,3,4,0.25
BsMl,2,2,4,0.5
BsMm,5,3,8,0.62
BsMn,1,6,7,0.14
BsMs,0,7,7,0.0
BsNB,3,1,4,0.75
BsND,0,0,0,
BsNH,1,1,2,0.5
BsNK,0,1,1,0.0
BsNL,6,1,7,0.86
BsNM,4,8,12,0.33
BsNN,6,6,12,0.5
BsNP,14,6,20,0.7
BsNS,6,4,10,0.6
BsNb,4,5,9,0.44
BsNh,2,4,6,0.33
BsNl,2,3,5,0.4
BsNm,6,4,10,0.6
BsNn,6,4,10,0.6
BsNs,3,8,11,0.27
BsNt,2,4,6,0.33
BsPB,6,6,12,0.5
BsPH,3,4,7,0.43
BsPI,2,2,4,0.5
BsPK,1,0,1,1.0
BsPL,3,5,8,0.38
BsPM,4,11,15,0.27
BsPN,6,10,16,0.38
BsPP,10,15,25,0.4
BsPS,4,9,13,0.31
BsPb,8,8,16,0.5
BsPh,1,0,1,1.0
BsPl,3,3,6,0.5
BsPm,9,7,16,0.56
BsPn,4,6,10,0.4
BsPs,5,11,16,0.31
BsPt,2,0,2,1.0
BsSB,3,6,9,0.33
BsSD,0,2,2,0.0
BsSH,2,4,6,0.33
BsSL,3,1,4,0.75
BsSM,1,8,9,0.11
BsSN,4,6,10,0.4
BsSP,2,10,12,0.17
BsSS,9,6,15,0.6
BsSb,3,4,7,0.43
BsSh,3,3,6,0.5
BsSl,3,1,4,0.75
BsSm,7,4,11,0.64
BsSn,7,6,13,0.54
BsSs,10,7,17,0.59
BsSt,1,0,1,1.0
BsbB,7,4,11,0.64
BsbH,1,1,2,0.5
BsbJ,3,3,6,0.5
BsbK,1,1,2,0.5
BsbL,2,2,4,0.5
BsbM,5,0,5,1.0
BsbN,7,4,11,0.64
BsbP,6,4,10,0.6
BsbS,4,4,8,0.5
Bsbb,8,6,14,0.57
Bsbl,3,2,5,0.6
Bsbm,6,6,12,0.5
Bsbn,9,3,12,0.75
Bsbs,3,2,5,0.6
BshN,1,0,1,1.0
BshP,0,1,1,0.0
Bshh,1,0,1,1.0
Bshm,1,0,1,1.0
Bshs,1,0,1,1.0
BslB,2,4,6,0.33
BslH,1,2,3,0.33
BslJ,1,0,1,1.0
BslK,1,1,2,0.5
BslL,0,1,1,0.0
BslM,2,1,3,0.67
BslN,3,1,4,0.75
BslP,4,4,8,0.5
BslS,3,2,5,0.6
Bslb,2,2,4,0.5
Bsll,2,0,2,1.0
Bsln,4,2,6,0.67
Bsls,2,1,3,0.67
BsmB,2,4,6,0.33
BsmD,0,0,0,
BsmH,3,6,9,0.33
BsmI,1,2,3,0.33
BsmJ,0,1,1,0.0
BsmL,0,1,1,0.0
BsmM,3,6,9,0.33
BsmN,4,8,12,0.33
BsmP,5,6,11,0.45
BsmS,6,3,9,0.67
Bsmb,10,4,14,0.71
Bsml,1,1,2,0.5
Bsmm,8,3,11,0.73
Bsmn,4,6,10,0.4
Bsms,2,4,6,0.33
BsnB,3,4,7,0.43
BsnD,1,0,1,1.0
BsnH,4,6,10,0.4
BsnI,0,1,1,0.0
BsnK,1,0,1,1.0
BsnL,2,1,3,0.67
BsnM,5,1,6,0.83
BsnN,5,9,14,0.36
BsnP,4,11,15,0.27
BsnS,4,3,7,0.57
Bsnb,3,3,6,0.5
Bsnl,0,1,1,0.0
Bsnm,6,5,11,0.55
Bsnn,7,4,11,0.64
Bsns,3,2,5,0.6
BssB,0,4,4,0.0
BssD,0,1,1,0.0
BssH,9,3,12,0.75
BssI,2,1,3,0.67
BssL,1,1,2,0.5
BssM,3,5,8,0.38
BssN,6,6,12,0.5
BssP,4,6,10,0.4
BssS,8,6,14,0.57
Bssb,8,5,13,0.62
Bssl,5,3,8,0.62
Bssm,4,6,10,0.4
Bssn,4,1,5,0.8
Bsss,7,4,11,0.64
BtBB,1,0,1,1.0
BtBD,0,1,1,0.0
BtBM,3,2,5,0.6
BtBP,0,2,2,0.0
BtBb,3,2,5,0.6
BtBj,3,1,4,0.75
BtBl,2,1,3,0.67
BtBm,0,4,4,0.0
BtBn,4,3,7,0.57
BtBs,0,1,1,0.0
BtBt,0,1,1,0.0
BtDH,1,0,1,1.0
BtDM,0,0,0,
BtDP,0,1,1,0.0
BtDn,0,1,1,0.0
BtDs,1,0,1,1.0
BtHH,0,2,2,0.0
BtHL,1,1,2,0.5
BtHM,1,1,2,0.5
BtHN,2,1,3,0.67
BtHS,1,0,1,1.0
BtHb,0,3,3,0.0
BtHm,2,0,2,1.0
BtHn,2,3,5,0.4
BtHs,0,0,0,
BtIS,0,1,1,0.0
BtKm,0,1,1,0.0
BtKs,0,1,1,0.0
BtLB,2,0,2,1.0
BtLM,0,0,0,
BtLN,2,2,4,0.5
BtLP,1,0,1,1.0
BtLb,1,2,3,0.33
BtLh,0,1,1,0.0
BtLj,0,1,1,0.0
BtLm,4,0,4,1.0
BtLn,1,0,1,1.0
BtMB,3,3,6,0.5
BtMD,0,1,1,0.0
BtMN,0,1,1,0.0
BtMP,2,1,3,0.67
BtMh,1,2,3,0.33
BtMl,2,1,3,0.67
BtMm,2,1,3,0.67
BtMn,2,1,3,0.67
BtMs,5,1,6,0.83
BtMt,0,1,1,0.0
BtNB,3,1,4,0.75
BtNL,1,0,1,1.0
BtNM,2,2,4,0.5
BtNN,1,2,3,0.33
BtNP,1,2,3,0.33
BtNS,0,2,2,0.0
BtNb,2,1,3,0.67
BtNh,0,1,1,0.0
BtNm,2,2,4,0.5
BtNn,4,3,7,0.57
BtNs,4,2,6,0.67
BtNt,2,0,2,1.0
BtPB,3,4,7,0.43
BtPD,0,1,1,0.0
BtPH,0,1,1,0.0
BtPI,0,1,1,0.0
BtPL,4,1,5,0.8
BtPM,2,1,3,0.67
BtPN,4,5,9,0.44
BtPP,3,9,12,0.25
BtPS,4,2,6,0.67
BtPb,3,4,7,0.43
BtPh,1,0,1,1.0
BtPl,2,3,5,0.4
BtPm,3,3,6,0.5
BtPn,7,3,10,0.7
BtPs,3,1,4,0.75
BtPt,0,1,1,0.0
BtSB,1,1,2,0.5
BtSD,0,1,1,0.0
BtSH,1,0,1,1.0
BtSL,0,2,2,0.0
BtSM,0,1,1,0.0
BtSN,2,1,3,0.67
BtSP,2,1,3,0.67
BtSS,1,1,2,0.5
BtSb,0,2,2,0.0
BtSh,0,1,1,0.0
BtSl,1,0,1,1.0
BtSm,0,3,3,0.0
BtSn,0,2,2,0.0
BtSs,1,0,1,1.0
BtSt,1,0,1,1.0
BtbB,4,2,6,0.67
BtbD,0,1,1,0.0
BtbH,0,1,1,0.0
BtbL,0,1,1,0.0
BtbM,3,1,4,0.75
BtbN,4,5,9,0.44
BtbP,1,0,1,1.0
BtbS,1,0,1,1.0
Btbb,2,3,5,0.4
Btbl,1,1,2,0.5
Btbm,2,4,6,0.33
Btbn,4,2,6,0.67
Btbs,1,0,1,1.0
BthS,0,0,0,
BtlB,0,1,1,0.0
BtlH,1,0,1,1.0
BtlM,1,0,1,1.0
BtlN,1,0,1,1.0
BtlP,0,1,1,0.0
BtlS,2,1,3,0.67
Btlb,0,0,0,
Btll,1,0,1,1.0
Btlm,1,0,1,1.0
Btln,0,0,0,
BtmB,2,2,4,0.5
BtmD,0,1,1,0.0
BtmJ,0,1,1,0.0
BtmM,0,5,5,0.0
BtmN,2,2,4,0.5
BtmP,3,2,5,0.6
BtmS,3,3,6,0.5
Btmb,2,2,4,0.5
Btml,1,0,1,1.0
Btmm,0,2,2,0.0
Btmn,0,0,0,
Btms,1,2,3,0.33
BtnB,2,0,2,1.0
BtnH,0,1,1,0.0
BtnK,0,0,0,
BtnL,0,1,1,0.0
BtnN,5,4,9,0.56
BtnP,2,0,2,1.0
BtnS,1,2,3,0.33
Btnb,0,3,3,0.0
Btnl,0,2,2,0.0
Btnm,2,0,2,1.0
Btnn,0,3,3,0.0
Btns,1,1,2,0.5
BtsB,0,1,1,0.0
BtsH,0,2,2,0.0
BtsI,1,2,3,0.33
BtsL,0,1,1,0.0
BtsM,3,0,3,1.0
BtsN,0,0,0,
BtsP,2,1,3,0.67
BtsS,0,3,3,0.0
Btsb,1,2,3,0.33
Btsm,1,1,2,0.5
Btsn,1,0,1,1.0
Btss,0,2,2,0.0
BttL,2,0,2,1.0
BttM,1,0,1,1.0
BttN,2,0,2,1.0
Bttm,0,1,1,0.0
Bttn,1,0,1,1.0
DBBB,1,1,2,0.5
DBBL,1,0,1,1.0
DBBM,0,2,2,0.0
DBBN,2,1,3,0.67
DBBP,2,1,3,0.67
DBBS,0,2,2,0.0
DBBb,1,0,1,1.0
DBBm,2,1,3,0.67
DBBn,0,2,2,0.0
DBBs,0,0,0,
DBDB,0,1,1,0.0
DBDN,0,1,1,0.0
DBDs,0,2,2,0.0
DBKP,0,0,0,
DBKb,0,1,1,0.0
DBKm,0,1,1,0.0
DBKn,1,0,1,1.0
DBLM,1,0,1,1.0
DBLN,0,2,2,0.0
DBLP,1,0,1,1.0
DBLb,1,1,2,0.5
DBMB,0,0,0,
DBMN,0,1,1,0.0
DBMP,0,2,2,0.0
DBMS,1,1,2,0.5
DBMh,1,0,1,1.0
DBMj,1,1,2,0.5
DBMm,0,1,1,0.0
DBMn,0,1,1,0.0
DBMs,3,2,5,0.6
DBMt,1,0,1,1.0
DBNL,0,1,1,0.0
DBNN,2,1,3,0.67
DBNP,1,3,4,0.25
DBNS,2,0,2,1.0
DBNb,2,0,2,1.0
DBNm,0,1,1,0.0
DBNn,2,1,3,0.67
DBNs,1,1,2,0.5
DBPB,1,0,1,1.0
DBPL,1,0,1,1.0
DBPM,0,2,2,0.0
DBPN,2,0,2,1.0
DBPS,0,1,1,0.0
DBPb,1,2,3,0.33
DBPl,1,1,2,0.5
DBPm,0,1,1,0.0
DBPn,2,1,3,0.67
DBPs,1,1,2,0.5
DBSB,0,0,0,
DBSD,0,1,1,0.0
DBSL,1,0,1,1.0
DBSM,0,1,1,0.0
DBSN,1,1,2,0.5
DBSP,1,0,1,1.0
DBSS,1,0,1,1.0
DBSh,0,1,1,0.0
DBSm,1,0,1,1.0
DBSn,0,1,1,0.0
DBSs,1,0,1,1.0
DBbB,1,3,4,0.25
DBbH,0,1,1,0.0
DBbI,0,2,2,0.0
DBbJ,1,0,1,1.0
DBbL,2,0,2,1.0
DBbM,1,2,3,0.33
DBbN,1,2,3,0.33
DBbP,1,2,3,0.33
DBbS,1,0,1,1.0
DBbb,2,1,3,0.67
DBbl,0,1,1,0.0
DBbm,1,0,1,1.0
DBbs,1,1,2,0.5
DBhN,0,1,1,0.0
DBjB,1,0,1,1.0
DBjD,1,0,1,1.0
DBjI,0,0,0,
DBjN,0,1,1,0.0
DBjb,1,1,2,0.5
DBjh,0,1,1,0.0
DBlL,1,0,1,1.0
DBlM,1,2,3,0.33
DBlN,0,1,1,0.0
DBlP,1,1,2,0.5
DBlS,1,0,1,1.0
DBll,0,1,1,0.0
DBls,1,0,1,1.0
DBmB,1,0,1,1.0
DBmH,2,0,2,1.0
DBmL,1,0,1,1.0
DBmN,0,1,1,0.0
DBmP,2,1,3,0.67
DBmS,1,1,2,0.5
DBmb,0,0,0,
DBmm,0,0,0,
DBmn,0,1,1,0.0
DBms,0,0,0,
DBnD,0,1,1,0.0
DBnH,0,0,0,
DBnL,1,1,2,0.5
DBnM,1,1,2,0.5
DBnN,1,2,3,0.33
DBnP,1,2,3,0.33
DBnS,2,0,2,1.0
DBnb,0,1,1,0.0
DBnm,1,1,2,0.5
DBnn,1,0,1,1.0
DBsB,0,1,1,0.0
DBsH,2,0,2,1.0
DBsI,1,0,1,1.0
DBsL,1,0,1,1.0
DBsN,1,1,2,0.5
DBsP,1,0,1,1.0
DBsS,0,0,0,
DBsb,0,1,1,0.0
DBsm,1,1,2,0.5
DBtP,0,1,1,0.0
DBtm,0,0,0,
DDBB,1,0,1,1.0
DDBP,0,1,1,0.0
DDHD,1,0,1,1.0
DDHP,1,0,1,1.0
DDHS,0,1,1,0.0
DDHb,1,0,1,1.0
DDHl,0,1,1,0.0
DDHm,1,0,1,1.0
DDHn,1,0,1,1.0
DDLP,1,0,1,1.0
DDLm,1,0,1,1.0
DDMb,1,0,1,1.0
DDNL,1,0,1,1.0
DDNN,1,0,1,1.0
DDPM,0,0,0,
DDPS,0,1,1,0.0
DDPb,0,1,1,0.0
DDPs,1,0,1,1.0
DDSD,0,0,0,
DDSM,1,1,2,0.5
DDSN,0,1,1,0.0
DDSb,0,2,2,0.0
DDSn,0,1,1,0.0
DDbM,0,1,1,0.0
DDbb,0,1,1,0.0
DDlP,1,0,1,1.0
DDmJ,0,1,1,0.0
DDmM,0,1,1,0.0
DDmP,0,0,0,
DDmm,0,1,1,0.0
DDnP,0,1,1,0.0
DDnn,0,1,1,0.0
DDsB,0,1,1,0.0
DDsP,0,1,1,0.0
DDsl,1,1,2,0.5
DDsm,1,0,1,1.0
DDss,0,0,0,
DHBL,1,0,1,1.0
DHBM,0,1,1,0.0
DHBP,1,0,1,1.0
DHBS,1,0,1,1.0
DHBb,1,0,1,1.0
DHBl,0,1,1,0.0
DHBm,0,2,2,0.0
DHBn,0,1,1,0.0
DHDM,0,1,1,0.0
DHDN,0,0,0,
DHDS,0,2,2,0.0
DHDm,0,0,0,
DHDt,0,1,1,0.0
DHHB,0,1,1,0.0
DHHH,1,0,1,1.0
DHHM,0,1,1,0.0
DHHS,0,1,1,0.0
DHHb,0,1,1,0.0
DHHm,1,0,1,1.0
DHHs,0,0,0,
DHIL,1,0,1,1.0
DHIM,1,0,1,1.0
DHIN,0,1,1,0.0
DHIS,0,1,1,0.0
DHKP,0,0,0,
DHLL,1,0,1,1.0
DHLM,1,0,1,1.0
DHLP,1,0,1,1.0
DHLh,0,0,0,
DHLl,1,0,1,1.0
DHLn,2,0,2,1.0
DHMB,1,1,2,0.5
DHMM,1,0,1,1.0
DHMN,1,2,3,0.33
DHMP,1,0,1,1.0
DHMS,2,1,3,0.67
DHMb,0,1,1,0.0
DHMh,0,1,1,0.0
DHMj,0,1,1,0.0
DHMl,0,0,0,
DHMm,1,0,1,1.0
DHMn,1,2,3,0.33
DHMs,1,1,2,0.5
DHMt,0,1,1,0.0
DHNB,1,0,1,1.0
DHNH,1,0,1,1.0
DHNN,1,1,2,0.5
DHNP,3,1,4,0.75
DHNS,1,2,3,0.33
DHNl,1,0,1,1.0
DHNn,1,1,2,0.5
DHNs,0,1,1,0.0
DHPB,0,1,1,0.0
DHPH,2,0,2,1.0
DHPL,1,1,2,0.5
DHPM,2,0,2,1.0
DHPN,2,0,2,1.0
DHPP,5,1,6,0.83
DHPS,3,4,7,0.43
DHPb,0,2,2,0.0
DHPl,1,1,2,0.5
DHPm,3,1,4,0.75
DHPn,2,2,4,0.5
DHPs,1,0,1,1.0
DHSB,2,1,3,0.67
DHSD,1,0,1,1.0
DHSK,0,1,1,0.0
DHSL,1,0,1,1.0
DHSM,0,1,1,0.0
DHSN,1,1,2,0.5
DHSP,1,0,1,1.0
DHSS,0,1,1,0.0
DHSh,0,2,2,0.0
DHSn,0,2,2,0.0
DHSs,1,3,4,0.25
DHbB,0,1,1,0.0
DHbH,1,1,2,0.5
DHbM,0,0,0,
DHbN,1,0,1,1.0
DHbP,2,4,6,0.33
DHbS,1,1,2,0.5
DHbl,1,0,1,1.0
DHbm,3,2,5,0.6
DHbn,4,0,4,1.0
DHbs,0,2,2,0.0
DHhH,1,0,1,1.0
DHhL,1,0,1,1.0
DHhN,0,2,2,0.0
DHhP,1,0,1,1.0
DHhS,1,1,2,0.5
DHhh,0,1,1,0.0
DHlB,1,1,2,0.5
DHlD,0,0,0,
DHlJ,0,1,1,0.0
DHlL,0,0,0,
DHlM,1,2,3,0.33
DHlN,0,0,0,
DHlP,1,1,2,0.5
DHlb,1,1,2,0.5
DHlm,0,1,1,0.0
DHls,1,0,1,1.0
DHmB,1,1,2,0.5
DHmH,1,1,2,0.5
DHmL,2,2,4,0.5
DHmM,2,1,3,0.67
DHmN,2,2,4,0.5
DHmP,3,1,4,0.75
DHmS,0,1,1,0.0
DHmb,2,2,4,0.5
DHmm,1,1,2,0.5
DHmn,2,2,4,0.5
DHms,1,0,1,1.0
DHnM,2,2,4,0.5
DHnN,1,2,3,0.33
DHnP,3,0,3,1.0
DHnS,1,0,1,1.0
DHnb,0,1,1,0.0
DHnl,1,0,1,1.0
DHnm,2,1,3,0.67
DHnn,1,0,1,1.0
DHns,0,3,3,0.0
DHsB,0,1,1,0.0
DHsD,0,1,1,0.0
DHsH,0,1,1,0.0
DHsI,1,0,1,1.0
DHsL,0,1,1,0.0
DHsM,1,0,1,1.0
DHsN,3,1,4,0.75
DHsS,0,6,6,0.0
DHsl,1,0,1,1.0
DHsm,1,2,3,0.33
DHtH,0,0,0,
DHtP,2,0,2,1.0
DHtS,1,0,1,1.0
DHtb,1,0,1,1.0
DHts,1,0,1,1.0
DIDb,1,0,1,1.0
DIHP,1,0,1,1.0
DIHs,0,0,0,
DILl,1,0,1,1.0
DILm,0,1,1,0.0
DIMM,0,1,1,0.0
DIMN,0,1,1,0.0
DIMP,0,1,1,0.0
DIMh,0,1,1,0.0
DIMn,0,0,0,
DINS,1,0,1,1.0
DINm,1,0,1,1.0
DIPb,1,1,2,0.5
DIPm,0,0,0,
DISH,0,0,0,
DIbL,0,0,0,
DIbM,0,1,1,0.0
DIbm,0,1,1,0.0
DImL,1,0,1,1.0
DInP,0,1,1,0.0
DIsS,1,0,1,1.0
DKPm,0,1,1,0.0
DKSM,0,1,1,0.0
DKmB,0,1,1,0.0
DKmM,0,1,1,0.0
DKsP,0,1,1,0.0
DKsS,1,0,1,1.0
DLBB,1,0,1,1.0
DLBD,0,1,1,0.0
DLBL,2,0,2,1.0
DLBM,0,0,0,
DLBN,3,1,4,0.75
DLBj,1,0,1,1.0
DLBl,1,0,1,1.0
DLBm,1,0,1,1.0
DLBn,0,1,1,0.0
DLHn,0,1,1,0.0
DLLL,1,0,1,1.0
DLLM,1,0,1,1.0
DLLP,1,0,1,1.0
DLLS,0,1,1,0.0
DLLm,0,1,1,0.0
DLMB,0,0,0,
DLMN,1,2,3,0.33
DLMb,0,1,1,0.0
DLMh,0,1,1,0.0
DLMl,1,0,1,1.0
DLMm,0,1,1,0.0
DLMn,0,3,3,0.0
DLNB,0,2,2,0.0
DLNM,0,2,2,0.0
DLNN,0,2,2,0.0
DLNP,0,1,1,0.0
DLNS,2,0,2,1.0
DLNb,0,0,0,
DLPB,0,1,1,0.0
DLPH,0,0,0,
DLPI,1,0,1,1.0
DLPM,0,1,1,0.0
DLPP,2,1,3,0.67
DLPh,0,1,1,0.0
DLPl,0,1,1,0.0
DLPm,1,2,3,0.33
DLPs,1,0,1,1.0
DLSL,0,1,1,0.0
DLSP,0,1,1,0.0
DLSS,0,1,1,0.0
DLSb,1,0,1,1.0
DLSh,0,1,1,0.0
DLSm,1,0,1,1.0
DLSn,0,0,0,
DLSs,1,0,1,1.0
DLbJ,0,2,2,0.0
DLbM,1,0,1,1.0
DLbN,1,0,1,1.0
DLbP,2,1,3,0.67
DLbS,0,1,1,0.0
DLbb,1,0,1,1.0
DLbm,1,0,1,1.0
DLbn,1,0,1,1.0
DLbs,1,0,1,1.0
DLhB,1,0,1,1.0
DLhH,0,0,0,
DLhm,0,1,1,0.0
DLhn,1,0,1,1.0
DLhs,0,1,1,0.0
DLjL,1,0,1,1.0
DLjN,2,0,2,1.0
DLjS,1,0,1,1.0
DLlH,0,1,1,0.0
DLlM,1,0,1,1.0
DLlN,1,0,1,1.0
DLmB,0,1,1,0.0
DLmL,0,0,0,
DLmM,0,0,0,
DLmN,0,1,1,0.0
DLmP,1,0,1,1.0
DLmS,2,1,3,0.67
DLmb,0,1,1,0.0
DLmm,0,2,2,0.0
DLmn,1,1,2,0.5
DLnB,2,0,2,1.0
DLnH,1,2,3,0.33
DLnI,0,0,0,
DLnL,0,2,2,0.0
DLnM,1,0,1,1.0
DLnN,1,0,1,1.0
DLnP,2,2,4,0.5
DLnS,1,1,2,0.5
DLnl,1,0,1,1.0
DLnm,0,1,1,0.0
DLns,1,0,1,1.0
DLsB,0,1,1,0.0
DLsP,1,2,3,0.33
DLsS,0,0,0,
DLsm,0,3,3,0.0
DLsn,0,1,1,0.0
DLtM,0,1,1,0.0
DMBB,0,1,1,0.0
DMBL,1,0,1,1.0
DMBM,2,1,3,0.67
DMBN,0,2,2,0.0
DMBP,1,3,4,0.25
DMBS,1,0,1,1.0
DMBb,0,3,3,0.0
DMBj,1,0,1,1.0
DMBm,1,0,1,1.0
DMBn,1,4,5,0.2
DMBt,0,1,1,0.0
DMDb,0,1,1,0.0
DMDm,0,1,1,0.0
DMLB,0,2,2,0.0
DMLM,0,1,1,0.0
DMLN,0,0,0,
DMLP,0,0,0,
DMLS,0,1,1,0.0
DMLn,1,0,1,1.0
DMMB,2,0,2,1.0
DMMM,0,3,3,0.0
DMMN,0,1,1,0.0
DMMP,3,1,4,0.75
DMMS,0,0,0,
DMMb,3,0,3,1.0
DMMh,1,1,2,0.5
DMMl,1,0,1,1.0
DMMm,1,0,1,1.0
DMMn,2,0,2,1.0
DMNB,0,1,1,0.0
DMNH,1,2,3,0.33
DMNM,0,1,1,0.0
DMNN,1,0,1,1.0
DMNP,1,2,3,0.33
DMNS,1,0,1,1.0
DMNb,0,1,1,0.0
DMNh,0,1,1,0.0
DMNm,1,0,1,1.0
DMNn,0,1,1,0.0
DMNs,2,0,2,1.0
DMPB,0,1,1,0.0
DMPL,0,1,1,0.0
DMPM,0,2,2,0.0
DMPN,1,1,2,0.5
DMPP,3,2,5,0.6
DMPb,0,1,1,0.0
DMPm,0,2,2,0.0
DMPn,2,2,4,0.5
DMPs,1,1,2,0.5
DMPt,2,1,3,0.67
DMSB,1,0,1,1.0
DMSH,1,0,1,1.0
DMSP,2,1,3,0.67
DMSS,0,1,1,0.0
DMSl,1,0,1,1.0
DMSm,1,0,1,1.0
DMSn,2,2,4,0.5
DMSs,1,1,2,0.5
DMSt,0,1,1,0.0
DMbB,1,1,2,0.5
DMbD,0,1,1,0.0
DMbK,0,1,1,0.0
DMbL,0,0,0,
DMbM,1,1,2,0.5
DMbN,2,1,3,0.67
DMbP,2,1,3,0.67
DMbS,1,1,2,0.5
DMbb,2,1,3,0.67
DMbl,1,1,2,0.5
DMbm,1,1,2,0.5
DMbn,1,1,2,0.5
DMhB,0,2,2,0.0
DMhD,0,0,0,
DMhI,0,0,0,
DMhL,0,1,1,0.0
DMhM,1,1,2,0.5
DMhN,1,1,2,0.5
DMhP,2,0,2,1.0
DMhh,1,0,1,1.0
DMhm,1,0,1,1.0
DMhn,2,0,2,1.0
DMhs,0,0,0,
DMjB,1,1,2,0.5
DMjM,1,0,1,1.0
DMjN,1,0,1,1.0
DMjP,0,1,1,0.0
DMjb,1,0,1,1.0
DMlB,1,0,1,1.0
DMlD,1,0,1,1.0
DMlL,0,1,1,0.0
DMlN,1,0,1,1.0
DMlP,1,0,1,1.0
DMlS,1,1,2,0.5
DMlb,2,0,2,1.0
DMll,0,1,1,0.0
DMln,0,1,1,0.0
DMmB,0,0,0,
DMmH,0,0,0,
DMmM,1,1,2,0.5
DMmN,1,2,3,0.33
DMmP,4,0,4,1.0
DMmS,1,1,2,0.5
DMmm,1,1,2,0.5
DMmn,1,1,2,0.5
DMms,1,0,1,1.0
DMnB,0,4,4,0.0
DMnD,0,0,0,
DMnH,0,2,2,0.0
DMnI,0,1,1,0.0
DMnM,0,2,2,0.0
DMnN,1,1,2,0.5
DMnP,4,3,7,0.57
DMnS,0,2,2,0.0
DMnb,1,1,2,0.5
DMnl,0,1,1,0.0
DMnn,3,2,5,0.6
DMns,4,1,5,0.8
DMsD,0,1,1,0.0
DMsM,0,2,2,0.0
DMsN,0,1,1,0.0
DMsP,1,2,3,0.33
DMsb,0,1,1,0.0
DMsn,1,0,1,1.0
DMss,2,2,4,0.5
DMtH,1,0,1,1.0
DMtn,1,0,1,1.0
DNBL,1,2,3,0.33
DNBM,0,2,2,0.0
DNBN,6,0,6,1.0
DNBb,1,1,2,0.5
DNBh,0,1,1,0.0
DNBm,2,2,4,0.5
DNBn,1,0,1,1.0
DNBs,1,0,1,1.0
DNBt,0,0,0,
DNDH,0,1,1,0.0
DNDN,0,0,0,
DNDS,1,0,1,1.0
DNDl,0,1,1,0.0
DNDm,0,1,1,0.0
DNDn,1,0,1,1.0
DNHm,1,0,1,1.0
DNHn,1,0,1,1.0
DNKB,0,1,1,0.0
DNKP,0,0,0,
DNKl,0,1,1,0.0
DNKm,0,1,1,0.0
DNKn,1,0,1,1.0
DNLL,1,1,2,0.5
DNLM,1,0,1,1.0
DNLN,1,0,1,1.0
DNLP,1,2,3,0.33
DNLb,1,1,2,0.5
DNLj,1,0,1,1.0
DNLm,1,0,1,1.0
DNLs,0,1,1,0.0
DNMB,3,1,4,0.75
DNMD,1,0,1,1.0
DNML,1,0,1,1.0
DNMM,0,1,1,0.0
DNMN,0,0,0,
DNMP,0,2,2,0.0
DNMS,0,0,0,
DNMh,0,0,0,
DNMj,1,0,1,1.0
DNMl,2,0,2,1.0
DNMm,0,1,1,0.0
DNMn,1,1,2,0.5
DNMs,0,0,0,
DNNH,1,0,1,1.0
DNNL,1,0,1,1.0
DNNM,1,1,2,0.5
DNNN,3,2,5,0.6
DNNP,2,1,3,0.67
DNNb,1,0,1,1.0
DNNl,0,1,1,0.0
DNNm,1,1,2,0.5
DNNn,3,3,6,0.5
DNNs,1,1,2,0.5
DNNt,1,0,1,1.0
DNPB,3,3,6,0.5
DNPH,1,0,1,1.0
DNPL,0,1,1,0.0
DNPN,0,2,2,0.0
DNPP,6,1,7,0.86
DNPS,1,2,3,0.33
DNPb,1,4,5,0.2
DNPh,1,0,1,1.0
DNPl,1,1,2,0.5
DNPm,0,3,3,0.0
DNPn,2,0,2,1.0
DNPs,0,2,2,0.0
DNSB,1,0,1,1.0
DNSH,1,0,1,1.0
DNSM,2,1,3,0.67
DNSN,2,0,2,1.0
DNSP,1,1,2,0.5
DNSS,2,2,4,0.5
DNSb,0,1,1,0.0
DNSh,0,1,1,0.0
DNSm,1,0,1,1.0
DNSn,2,0,2,1.0
DNSs,1,1,2,0.5
DNSt,0,1,1,0.0
DNbB,0,2,2,0.0
DNbJ,1,0,1,1.0
DNbL,0,1,1,0.0
DNbM,3,2,5,0.6
DNbN,0,1,1,0.0
DNbP,1,1,2,0.5
DNbS,0,1,1,0.0
DNbb,2,2,4,0.5
DNbm,0,1,1,0.0
DNbn,2,1,3,0.67
DNhB,1,1,2,0.5
DNhM,1,2,3,0.33
DNhN,0,1,1,0.0
DNhP,1,1,2,0.5
DNhb,1,0,1,1.0
DNhl,0,1,1,0.0
DNhn,1,0,1,1.0
DNhs,2,0,2,1.0
DNlB,0,1,1,0.0
DNlH,1,0,1,1.0
DNlL,2,0,2,1.0
DNlN,0,2,2,0.0
DNlb,0,1,1,0.0
DNls,0,1,1,0.0
DNmB,0,2,2,0.0
DNmJ,0,1,1,0.0
DNmK,1,0,1,1.0
DNmL,0,1,1,0.0
DNmM,2,0,2,1.0
DNmN,0,2,2,0.0
DNmP,1,3,4,0.25
DNmS,1,0,1,1.0
DNmb,0,1,1,0.0
DNmn,6,1,7,0.86
DNms,0,1,1,0.0
DNnB,1,1,2,0.5
DNnK,1,0,1,1.0
DNnL,0,1,1,0.0
DNnM,2,0,2,1.0
DNnN,1,2,3,0.33
DNnP,1,3,4,0.25
DNnS,3,2,5,0.6
DNnb,0,1,1,0.0
DNnl,0,1,1,0.0
DNnm,1,1,2,0.5
DNnn,1,2,3,0.33
DNns,1,1,2,0.5
DNsB,1,1,2,0.5
DNsD,2,0,2,1.0
DNsH,1,0,1,1.0
DNsN,1,2,3,0.33
DNsP,1,1,2,0.5
DNsS,1,1,2,0.5
DNsb,0,1,1,0.0
DNsl,1,0,1,1.0
DNsm,0,2,2,0.0
DNsn,3,1,4,0.75
DNss,1,3,4,0.25
DNtH,0,0,0,
DNtL,0,1,1,0.0
DNtM,0,1,1,0.0
DNtN,2,0,2,1.0
DNtb,1,1,2,0.5
DNts,0,2,2,0.0
DPBB,2,3,5,0.4
DPBK,1,0,1,1.0
DPBM,1,2,3,0.33
DPBN,3,0,3,1.0
DPBP,1,1,2,0.5
DPBb,1,0,1,1.0
DPBm,2,2,4,0.5
DPBn,2,2,4,0.5
DPBs,1,0,1,1.0
DPBt,0,1,1,0.0
DPDN,0,1,1,0.0
DPDP,0,1,1,0.0
DPDS,0,1,1,0.0
DPHB,1,1,2,0.5
DPHP,1,0,1,1.0
DPHS,1,0,1,1.0
DPHh,0,1,1,0.0
DPHm,1,0,1,1.0
DPHn,2,1,3,0.67
DPHs,1,0,1,1.0
DPIB,1,0,1,1.0
DPIL,1,0,1,1.0
DPIP,1,0,1,1.0
DPIm,2,0,2,1.0
DPKB,0,1,1,0.0
DPKS,1,0,1,1.0
DPKb,0,0,0,
DPLB,0,1,1,0.0
DPLH,1,0,1,1.0
DPLM,3,2,5,0.6
DPLN,1,2,3,0.33
DPLP,1,1,2,0.5
DPLS,1,0,1,1.0
DPLh,1,0,1,1.0
DPLl,1,0,1,1.0
DPLm,1,0,1,1.0
DPLn,0,3,3,0.0
DPLs,2,0,2,1.0
DPMB,0,2,2,0.0
DPML,1,0,1,1.0
DPMM,0,1,1,0.0
DPMN,2,2,4,0.5
DPMP,0,2,2,0.0
DPMS,1,0,1,1.0
DPMb,3,0,3,1.0
DPMh,1,1,2,0.5
DPMl,2,1,3,0.67
DPMm,2,0,2,1.0
DPMn,0,4,4,0.0
DPMs,0,1,1,0.0
DPMt,1,1,2,0.5
DPNB,1,1,2,0.5
DPND,1,0,1,1.0
DPNL,1,0,1,1.0
DPNM,1,2,3,0.33
DPNN,2,2,4,0.5
DPNP,1,0,1,1.0
DPNS,1,0,1,1.0
DPNb,2,2,4,0.5
DPNl,1,1,2,0.5
DPNm,2,0,2,1.0
DPNn,1,1,2,0.5
DPNs,1,1,2,0.5
DPNt,0,1,1,0.0
DPPB,2,1,3,0.67
DPPH,0,1,1,0.0
DPPK,1,1,2,0.5
DPPL,2,2,4,0.5
DPPM,5,3,8,0.62
DPPN,4,4,8,0.5
DPPP,4,4,8,0.5
DPPS,1,2,3,0.33
DPPb,5,0,5,1.0
DPPl,2,2,4,0.5
DPPm,4,3,7,0.57
DPPn,1,1,2,0.5
DPPs,3,2,5,0.6
DPSB,1,1,2,0.5
DPSD,0,0,0,
DPSH,0,1,1,0.0
DPSL,1,1,2,0.5
DPSM,2,1,3,0.67
DPSN,1,3,4,0.25
DPSP,0,4,4,0.0
DPSS,2,1,3,0.67
DPSb,1,1,2,0.5
DPSh,1,2,3,0.33
DPSl,0,1,1,0.0
DPSm,4,1,5,0.8
DPSn,1,0,1,1.0
DPSs,3,3,6,0.5
DPbB,1,0,1,1.0
DPbD,0,0,0,
DPbJ,0,2,2,0.0
DPbL,0,1,1,0.0
DPbM,2,2,4,0.5
DPbN,0,2,2,0.0
DPbP,0,1,1,0.0
DPbS,0,1,1,0.0
DPbb,1,4,5,0.2
DPbl,0,3,3,0.0
DPbm,1,1,2,0.5
DPbn,2,0,2,1.0
DPbs,1,0,1,1.0
DPhB,0,1,1,0.0
DPhN,0,1,1,0.0
DPhb,1,0,1,1.0
DPhh,1,0,1,1.0
DPlB,1,0,1,1.0
DPlH,0,1,1,0.0
DPlL,0,2,2,0.0
DPlM,2,0,2,1.0
DPlN,1,0,1,1.0
DPlP,1,0,1,1.0
DPlb,0,2,2,0.0
DPll,0,1,1,0.0
DPlm,0,1,1,0.0
DPln,1,0,1,1.0
DPls,0,1,1,0.0
DPmB,1,1,2,0.5
DPmD,0,1,1,0.0
DPmH,1,1,2,0.5
DPmL,1,2,3,0.33
DPmM,0,1,1,0.0
DPmN,1,2,3,0.33
DPmP,1,3,4,0.25
DPmS,1,3,4,0.25
DPmb,1,3,4,0.25
DPmm,1,1,2,0.5
DPmn,0,3,3,0.0
DPms,1,0,1,1.0
DPnB,0,1,1,0.0
DPnM,2,0,2,1.0
DPnN,0,2,2,0.0
DPnP,2,5,7,0.29
DPnS,2,0,2,1.0
DPnb,0,2,2,0.0
DPnm,1,1,2,0.5
DPnn,1,1,2,0.5
DPns,0,4,4,0.0
DPsD,1,0,1,1.0
DPsI,1,1,2,0.5
DPsM,3,0,3,1.0
DPsN,0,2,2,0.0
DPsP,4,2,6,0.67
DPsS,2,2,4,0.5
DPsb,0,3,3,0.0
DPsm,1,2,3,0.33
DPsn,1,0,1,1.0
DPss,0,1,1,0.0
DPtH,1,0,1,1.0
DPtL,0,1,1,0.0
DPtM,1,0,1,1.0
DPtP,0,1,1,0.0
DPtS,0,0,0,
DSBB,0,2,2,0.0
DSBL,0,1,1,0.0
DSBN,1,1,2,0.5
DSBP,1,2,3,0.33
DSBS,1,0,1,1.0
DSBb,1,1,2,0.5
DSBh,0,1,1,0.0
DSBm,0,2,2,0.0
DSBn,1,2,3,0.33
DSBs,0,1,1,0.0
DSDD,1,0,1,1.0
DSDM,0,1,1,0.0
DSDP,0,1,1,0.0
DSDs,1,1,2,0.5
DSHL,0,0,0,
DSHM,0,0,0,
DSHS,0,1,1,0.0
DSHn,2,0,2,1.0
DSHs,2,1,3,0.67
DSIB,0,1,1,0.0
DSLB,2,0,2,1.0
DSLD,0,1,1,0.0
DSLN,2,0,2,1.0
DSLP,0,1,1,0.0
DSLS,0,1,1,0.0
DSLb,0,0,0,
DSLj,1,0,1,1.0
DSLn,0,1,1,0.0
DSLs,1,0,1,1.0
DSMB,1,2,3,0.33
DSML,1,1,2,0.5
DSMM,1,3,4,0.25
DSMN,0,1,1,0.0
DSMP,0,0,0,
DSMS,1,1,2,0.5
DSMb,0,1,1,0.0
DSMh,0,1,1,0.0
DSMj,1,0,1,1.0
DSMl,0,1,1,0.0
DSMm,1,1,2,0.5
DSMn,1,1,2,0.5
DSMs,0,1,1,0.0
DSNL,0,0,0,
DSNM,2,1,3,0.67
DSNN,1,2,3,0.33
DSNS,1,1,2,0.5
DSNb,0,2,2,0.0
DSNh,0,0,0,
DSNl,1,1,2,0.5
DSNm,1,1,2,0.5
DSNn,2,2,4,0.5
DSNs,2,1,3,0.67
DSPB,1,2,3,0.33
DSPH,1,1,2,0.5
DSPI,0,1,1,0.0
DSPK,0,1,1,0.0
DSPL,0,1,1,0.0
DSPN,4,0,4,1.0
DSPP,2,1,3,0.67
DSPS,1,1,2,0.5
DSPb,2,1,3,0.67
DSPl,1,1,2,0.5
DSPm,2,0,2,1.0
DSPn,3,0,3,1.0
DSPs,0,2,2,0.0
DSSB,2,1,3,0.67
DSSH,0,0,0,
DSSL,0,1,1,0.0
DSSM,1,0,1,1.0
DSSN,2,4,6,0.33
DSSP,1,1,2,0.5
DSSS,0,2,2,0.0
DSSb,0,0,0,
DSSh,2,1,3,0.67
DSSl,1,0,1,1.0
DSSm,2,0,2,1.0
DSSn,1,0,1,1.0
DSSs,3,0,3,1.0
DSSt,0,0,0,
DSbB,1,1,2,0.5
DSbH,0,1,1,0.0
DSbL,1,1,2,0.5
DSbM,0,1,1,0.0
DSbN,1,0,1,1.0
DSbP,1,2,3,0.33
DSbS,0,3,3,0.0
DSbb,2,0,2,1.0
DSbn,1,0,1,1.0
DSbs,0,1,1,0.0
DShB,0,1,1,0.0
DShM,2,0,2,1.0
DShN,0,2,2,0.0
DShS,2,1,3,0.67
DShh,2,0,2,1.0
DShn,1,2,3,0.33
DShs,5,1,6,0.83
DSht,0,1,1,0.0
DSlB,1,1,2,0.5
DSlM,0,0,0,
DSlN,1,0,1,1.0
DSlS,2,0,2,1.0
DSll,1,0,1,1.0
DSls,1,0,1,1.0
DSmB,1,2,3,0.33
DSmH,1,3,4,0.25
DSmL,0,1,1,0.0
DSmN,4,1,5,0.8
DSmS,1,1,2,0.5
DSmb,0,2,2,0.0
DSmm,2,3,5,0.4
DSmn,1,1,2,0.5
DSms,0,1,1,0.0
DSnB,2,1,3,0.67
DSnI,1,0,1,1.0
DSnM,0,0,0,
DSnN,1,3,4,0.25
DSnP,7,3,10,0.7
DSnS,2,4,6,0.33
DSnb,1,3,4,0.25
DSnm,2,2,4,0.5
DSnn,0,2,2,0.0
DSns,1,1,2,0.5
DSsB,1,1,2,0.5
DSsD,0,1,1,0.0
DSsH,0,0,0,
DSsM,1,3,4,0.25
DSsN,2,1,3,0.67
DSsP,1,0,1,1.0
DSsb,1,1,2,0.5
DSsh,0,1,1,0.0
DSsm,3,0,3,1.0
DSsn,3,0,3,1.0
DSss,4,2,6,0.67
DStB,1,0,1,1.0
DStH,0,0,0,
DStN,0,1,1,0.0
DStP,0,1,1,0.0
DStS,1,0,1,1.0
DStn,0,1,1,0.0
DSts,0,1,1,0.0
DbBB,0,2,2,0.0
DbBL,1,1,2,0.5
DbBM,0,0,0,
DbBN,0,1,1,0.0
DbBP,3,0,3,1.0
DbBS,1,0,1,1.0
DbBb,0,1,1,0.0
DbBn,3,2,5,0.6
DbBs,1,1,2,0.5
DbDm,1,0,1,1.0
DbHB,1,0,1,1.0
DbHI,0,1,1,0.0
DbHL,1,0,1,1.0
DbHS,0,1,1,0.0
DbHb,0,1,1,0.0
DbHh,1,0,1,1.0
DbHl,1,0,1,1.0
DbJB,0,1,1,0.0
DbJI,0,1,1,0.0
DbJK,0,1,1,0.0
DbJP,0,1,1,0.0
DbJm,1,0,1,1.0
DbJs,0,0,0,
DbLL,0,0,0,
DbLM,0,0,0,
DbLP,2,1,3,0.67
DbLS,1,0,1,1.0
DbML,0,0,0,
DbMM,2,2,4,0.5
DbMN,3,0,3,1.0
DbMP,4,3,7,0.57
DbMS,1,0,1,1.0
DbMb,1,0,1,1.0
DbMh,1,1,2,0.5
DbMn,1,2,3,0.33
DbMt,1,0,1,1.0
DbNB,2,1,3,0.67
DbNH,0,1,1,0.0
DbNL,1,0,1,1.0
DbNN,1,0,1,1.0
DbNP,0,1,1,0.0
DbNS,0,1,1,0.0
DbNb,0,1,1,0.0
DbNh,1,0,1,1.0
DbNn,0,0,0,
DbPB,0,3,3,0.0
DbPL,0,2,2,0.0
DbPM,1,0,1,1.0
DbPN,0,1,1,0.0
DbPP,2,3,5,0.4
DbPS,1,0,1,1.0
DbPl,0,0,0,
DbPm,2,3,5,0.4
DbPn,1,0,1,1.0
DbPs,0,1,1,0.0
DbSB,2,0,2,1.0
DbSH,0,0,0,
DbSL,1,0,1,1.0
DbSM,0,2,2,0.0
DbSb,1,1,2,0.5
DbSl,0,1,1,0.0
DbSm,1,0,1,1.0
DbSn,0,1,1,0.0
DbbB,3,0,3,1.0
DbbH,1,0,1,1.0
DbbJ,1,0,1,1.0
DbbM,0,3,3,0.0
DbbN,1,4,5,0.2
DbbP,0,2,2,0.0
DbbS,1,0,1,1.0
Dbbb,1,0,1,1.0
Dbbl,3,0,3,1.0
Dbbn,1,1,2,0.5
DblM,1,1,2,0.5
DblN,0,2,2,0.0
DblP,1,0,1,1.0
Dbll,1,0,1,1.0
Dblm,1,0,1,1.0
Dbln,0,2,2,0.0
Dbls,0,1,1,0.0
DbmB,0,1,1,0.0
DbmH,0,1,1,0.0
DbmI,0,1,1,0.0
DbmJ,0,1,1,0.0
DbmM,0,1,1,0.0
DbmP,0,1,1,0.0
DbmS,0,2,2,0.0
Dbmb,2,0,2,1.0
Dbmm,0,2,2,0.0
DbnB,1,1,2,0.5
DbnL,0,2,2,0.0
DbnM,0,3,3,0.0
DbnP,3,1,4,0.75
DbnS,1,0,1,1.0
Dbnb,1,1,2,0.5
Dbnn,0,1,1,0.0
Dbns,1,0,1,1.0
DbsB,0,1,1,0.0
DbsD,1,0,1,1.0
DbsL,1,0,1,1.0
DbsN,0,1,1,0.0
DbsP,3,1,4,0.75
DbsS,0,1,1,0.0
Dbsb,1,0,1,1.0
Dbsh,0,0,0,
Dbsl,1,0,1,1.0
Dbsn,1,0,1,1.0
DhMl,1,0,1,1.0
DhPP,0,1,1,0.0
DhSb,0,0,0,
DhbH,1,0,1,1.0
DhbM,0,0,0,
DlBL,0,0,0,
DlBM,0,1,1,0.0
DlBP,1,1,2,0.5
DlBb,0,0,0,
DlBm,1,1,2,0.5
DlHM,1,0,1,1.0
DlHP,1,0,1,1.0
DlHl,1,0,1,1.0
DlID,0,1,1,0.0
DlIM,1,0,1,1.0
DlJI,1,0,1,1.0
DlJb,1,0,1,1.0
DlLM,1,0,1,1.0
DlLN,0,0,0,
DlLS,1,0,1,1.0
DlLj,1,0,1,1.0
DlLm,1,0,1,1.0
DlLn,1,0,1,1.0
DlMB,0,0,0,
DlML,1,0,1,1.0
DlMN,1,0,1,1.0
DlMP,1,0,1,1.0
DlMS,1,0,1,1.0
DlMh,0,0,0,
DlMl,1,0,1,1.0
DlMn,0,1,1,0.0
DlMt,0,1,1,0.0
DlNM,0,1,1,0.0
DlNP,1,3,4,0.25
DlNS,1,0,1,1.0
DlNn,0,1,1,0.0
DlNs,0,1,1,0.0
DlPB,2,0,2,1.0
DlPH,1,0,1,1.0
DlPL,0,1,1,0.0
DlPM,0,1,1,0.0
DlPN,2,0,2,1.0
DlPP,2,0,2,1.0
DlPS,0,1,1,0.0
DlPb,0,2,2,0.0
DlPl,1,0,1,1.0
DlPm,0,1,1,0.0
DlPn,0,1,1,0.0
DlSB,3,0,3,1.0
DlSN,0,1,1,0.0
DlSS,1,0,1,1.0
DlSn,1,1,2,0.5
DlSt,0,1,1,0.0
DlbB,1,1,2,0.5
DlbJ,1,0,1,1.0
DlbN,1,0,1,1.0
Dlbm,0,1,1,0.0
DllH,0,1,1,0.0
Dlll,2,0,2,1.0
DlmB,1,2,3,0.33
DlmM,1,0,1,1.0
DlmN,1,0,1,1.0
DlmS,0,1,1,0.0
Dlml,1,0,1,1.0
DlnB,0,1,1,0.0
DlnI,1,0,1,1.0
DlnM,1,0,1,1.0
DlnP,1,2,3,0.33
DlsB,0,1,1,0.0
DlsM,0,1,1,0.0
DlsP,1,0,1,1.0
DmBB,0,2,2,0.0
DmBD,0,1,1,0.0
DmBL,1,0,1,1.0
DmBM,0,1,1,0.0
DmBN,0,1,1,0.0
DmBP,3,5,8,0.38
DmBl,1,0,1,1.0
DmBm,0,1,1,0.0
DmBs,0,1,1,0.0
DmBt,1,0,1,1.0
DmDH,0,2,2,0.0
DmDP,0,0,0,
DmDS,0,1,1,0.0
DmHB,1,1,2,0.5
DmHM,2,1,3,0.67
DmHN,0,1,1,0.0
DmHP,1,1,2,0.5
DmHS,0,0,0,
DmHb,0,1,1,0.0
DmHl,1,0,1,1.0
DmHm,1,1,2,0.5
DmHn,0,2,2,0.0
DmIS,1,0,1,1.0
DmJM,0,1,1,0.0
DmJP,1,0,1,1.0
DmJS,1,0,1,1.0
DmJb,1,0,1,1.0
DmJm,0,0,0,
DmJn,0,0,0,
DmJt,1,0,1,1.0
DmLM,0,1,1,0.0
DmLN,0,3,3,0.0
DmLP,2,2,4,0.5
DmLj,0,1,1,0.0
DmLl,0,1,1,0.0
DmLm,0,0,0,
DmLn,2,2,4,0.5
DmLs,1,0,1,1.0
DmMB,2,1,3,0.67
DmMM,0,0,0,
DmMN,2,2,4,0.5
DmMP,1,1,2,0.5
DmMS,0,1,1,0.0
DmMb,1,0,1,1.0
DmMh,0,1,1,0.0
DmMl,1,2,3,0.33
DmMm,1,0,1,1.0
DmMn,4,5,9,0.44
DmMs,0,1,1,0.0
DmNB,1,2,3,0.33
DmNH,0,1,1,0.0
DmNK,1,0,1,1.0
DmNL,0,1,1,0.0
DmNM,1,0,1,1.0
DmNN,2,2,4,0.5
DmNP,3,2,5,0.6
DmNS,2,2,4,0.5
DmNb,2,1,3,0.67
DmNl,0,1,1,0.0
DmNm,0,2,2,0.0
DmNn,2,1,3,0.67
DmNs,3,1,4,0.75
DmPB,0,0,0,
DmPH,0,1,1,0.0
DmPI,0,1,1,0.0
DmPM,1,3,4,0.25
DmPN,1,2,3,0.33
DmPP,2,0,2,1.0
DmPS,2,1,3,0.67
DmPb,3,0,3,1.0
DmPl,1,0,1,1.0
DmPm,0,2,2,0.0
DmPn,3,1,4,0.75
DmPs,0,2,2,0.0
DmSB,2,0,2,1.0
DmSH,0,0,0,
DmSL,1,0,1,1.0
DmSM,1,1,2,0.5
DmSN,0,0,0,
DmSP,0,0,0,
DmSS,1,0,1,1.0
DmSl,1,0,1,1.0
DmSm,1,0,1,1.0
DmSn,3,0,3,1.0
DmSs,0,3,3,0.0
DmbJ,0,1,1,0.0
DmbL,1,0,1,1.0
DmbM,1,1,2,0.5
DmbN,1,2,3,0.33
DmbP,1,1,2,0.5
Dmbb,0,3,3,0.0
Dmbm,3,2,5,0.6
Dmbn,2,1,3,0.67
DmlB,1,1,2,0.5
DmlJ,1,1,2,0.5
DmlL,0,0,0,
DmlP,0,1,1,0.0
DmlS,0,1,1,0.0
Dmls,0,0,0,
DmmD,0,1,1,0.0
DmmH,0,2,2,0.0
DmmM,1,0,1,1.0
DmmP,0,1,1,0.0
DmmS,2,2,4,0.5
Dmmb,2,1,3,0.67
Dmmm,1,1,2,0.5
Dmmn,1,3,4,0.25
Dmms,0,1,1,0.0
DmnB,2,0,2,1.0
DmnL,0,1,1,0.0
DmnM,0,1,1,0.0
DmnN,1,1,2,0.5
DmnP,2,3,5,0.4
DmnS,0,0,0,
Dmnl,1,0,1,1.0
Dmnm,0,0,0,
Dmnn,0,2,2,0.0
DmsM,0,0,0,
DmsP,0,2,2,0.0
Dmsb,0,1,1,0.0
Dmsh,1,0,1,1.0
Dmsm,1,2,3,0.33
Dmsn,1,0,1,1.0
Dmss,0,0,0,
DnBB,1,1,2,0.5
DnBS,1,1,2,0.5
DnBb,1,0,1,1.0
DnBj,0,2,2,0.0
DnBl,1,1,2,0.5
DnBm,0,1,1,0.0
DnBn,0,1,1,0.0
DnBs,0,1,1,0.0
DnBt,1,0,1,1.0
DnDS,0,1,1,0.0
DnDm,0,1,1,0.0
DnDn,1,0,1,1.0
DnDs,1,0,1,1.0
DnHB,0,1,1,0.0
DnHM,1,1,2,0.5
DnHN,1,0,1,1.0
DnHP,2,0,2,1.0
DnHS,1,0,1,1.0
DnHb,0,1,1,0.0
DnHl,1,0,1,1.0
DnHm,0,1,1,0.0
DnHn,1,0,1,1.0
DnIP,0,0,0,
DnIb,0,0,0,
DnIl,1,0,1,1.0
DnIt,0,1,1,0.0
DnKb,1,0,1,1.0
DnKn,1,0,1,1.0
DnLN,2,1,3,0.67
DnLP,1,1,2,0.5
DnLm,0,1,1,0.0
DnLn,0,1,1,0.0
DnMB,1,1,2,0.5
DnMD,0,0,0,
DnML,0,0,0,
DnMM,2,1,3,0.67
DnMN,1,1,2,0.5
DnMP,2,0,2,1.0
DnMS,1,2,3,0.33
DnMb,1,0,1,1.0
DnMh,2,1,3,0.67
DnMm,0,2,2,0.0
DnMn,0,5,5,0.0
DnMs,1,2,3,0.33
DnMt,0,0,0,
DnNM,2,0,2,1.0
DnNN,3,0,3,1.0
DnNP,0,2,2,0.0
DnNS,1,2,3,0.33
DnNb,2,1,3,0.67
DnNh,1,0,1,1.0
DnNm,2,0,2,1.0
DnNn,0,1,1,0.0
DnNs,3,1,4,0.75
DnNt,1,0,1,1.0
DnPB,1,2,3,0.33
DnPD,0,1,1,0.0
DnPL,0,2,2,0.0
DnPM,0,2,2,0.0
DnPN,3,1,4,0.75
DnPP,1,2,3,0.33
DnPS,0,1,1,0.0
DnPb,2,3,5,0.4
DnPm,2,0,2,1.0
DnPn,1,1,2,0.5
DnPs,0,3,3,0.0
DnPt,0,2,2,0.0
DnSB,0,3,3,0.0
DnSH,2,0,2,1.0
DnSL,0,1,1,0.0
DnSM,1,0,1,1.0
DnSN,3,2,5,0.6
DnSP,1,1,2,0.5
DnSS,0,1,1,0.0
DnSb,0,0,0,
DnSh,0,0,0,
DnSn,3,2,5,0.6
DnSs,0,1,1,0.0
DnSt,1,0,1,1.0
DnbB,1,0,1,1.0
DnbH,0,0,0,
DnbL,1,0,1,1.0
DnbM,2,1,3,0.67
DnbN,1,0,1,1.0
DnbP,4,1,5,0.8
Dnbb,1,0,1,1.0
Dnbn,1,1,2,0.5
Dnbs,1,0,1,1.0
DnlN,0,0,0,
DnlP,0,1,1,0.0
DnlS,1,1,2,0.5
Dnlm,0,0,0,
Dnln,1,1,2,0.5
DnmB,1,1,2,0.5
DnmH,1,0,1,1.0
DnmL,1,0,1,1.0
DnmN,0,1,1,0.0
DnmP,1,1,2,0.5
Dnmb,3,1,4,0.75
Dnml,0,1,1,0.0
Dnmm,1,0,1,1.0
Dnmn,0,3,3,0.0
Dnms,0,1,1,0.0
DnnB,1,0,1,1.0
DnnH,1,0,1,1.0
DnnM,3,0,3,1.0
DnnN,3,0,3,1.0
DnnP,3,1,4,0.75
DnnS,1,0,1,1.0
Dnnb,2,0,2,1.0
Dnnl,1,1,2,0.5
Dnnm,0,0,0,
Dnnn,1,0,1,1.0
Dnns,1,1,2,0.5
DnsB,0,0,0,
DnsH,0,0,0,
DnsM,1,1,2,0.5
DnsN,1,0,1,1.0
DnsP,1,2,3,0.33
DnsS,2,2,4,0.5
Dnsb,1,0,1,1.0
Dnsm,2,0,2,1.0
Dnsn,1,0,1,1.0
Dnss,1,1,2,0.5
DsBB,2,1,3,0.67
DsBL,0,1,1,0.0
DsBM,1,0,1,1.0
DsBN,1,0,1,1.0
DsBS,1,0,1,1.0
DsBj,1,0,1,1.0
DsBm,0,1,1,0.0
DsBn,1,0,1,1.0
DsBs,0,1,1,0.0
DsBt,0,1,1,0.0
DsDB,0,1,1,0.0
DsDH,0,1,1,0.0
DsDP,1,0,1,1.0
DsDm,0,1,1,0.0
DsHM,1,3,4,0.25
DsHN,1,2,3,0.33
DsHP,0,2,2,0.0
DsHS,2,1,3,0.67
DsHb,1,0,1,1.0
DsHh,1,0,1,1.0
DsHm,2,1,3,0.67
DsHn,1,2,3,0.33
DsHs,1,1,2,0.5
DsIB,2,0,2,1.0
DsIH,0,0,0,
DsIN,0,1,1,0.0
DsIb,1,0,1,1.0
DsIh,0,0,0,
DsKP,0,0,0,
DsKs,0,1,1,0.0
DsLM,1,0,1,1.0
DsLP,1,0,1,1.0
DsLS,0,2,2,0.0
DsLb,0,0,0,
DsLm,1,0,1,1.0
DsLn,0,1,1,0.0
DsML,1,0,1,1.0
DsMM,0,0,0,
DsMP,0,1,1,0.0
DsMS,1,1,2,0.5
DsMh,0,2,2,0.0
DsMm,1,3,4,0.25
DsMn,2,0,2,1.0
DsMs,0,1,1,0.0
DsNB,1,0,1,1.0
DsNL,1,0,1,1.0
DsNM,2,1,3,0.67
DsNN,0,1,1,0.0
DsNP,5,1,6,0.83
DsNS,1,2,3,0.33
DsNb,1,1,2,0.5
DsNn,1,0,1,1.0
DsNs,0,2,2,0.0
DsPB,1,0,1,1.0
DsPH,0,1,1,0.0
DsPM,1,0,1,1.0
DsPN,0,1,1,0.0
DsPP,1,1,2,0.5
DsPS,1,2,3,0.33
DsPb,4,0,4,1.0
DsPh,0,1,1,0.0
DsPm,1,0,1,1.0
DsPn,1,1,2,0.5
DsPs,1,1,2,0.5
DsPt,0,0,0,
DsSB,1,0,1,1.0
DsSH,1,0,1,1.0
DsSK,1,0,1,1.0
DsSL,0,1,1,0.0
DsSM,0,3,3,0.0
DsSN,1,1,2,0.5
DsSP,1,1,2,0.5
DsSS,0,1,1,0.0
DsSb,0,2,2,0.0
DsSh,1,0,1,1.0
DsSl,1,2,3,0.33
DsSm,3,1,4,0.75
DsSn,1,1,2,0.5
DsSs,2,2,4,0.5
DsbB,4,0,4,1.0
DsbD,1,0,1,1.0
DsbH,1,0,1,1.0
DsbJ,1,0,1,1.0
DsbL,0,1,1,0.0
DsbM,1,1,2,0.5
DsbN,1,2,3,0.33
DsbP,0,2,2,0.0
DsbS,0,1,1,0.0
Dsbb,0,1,1,0.0
Dsbm,1,1,2,0.5
Dsbn,1,1,2,0.5
Dshb,1,0,1,1.0
DslH,1,0,1,1.0
DslM,1,1,2,0.5
DslN,3,0,3,1.0
Dsll,1,0,1,1.0
Dslm,0,1,1,0.0
Dsln,1,1,2,0.5
Dsls,2,0,2,1.0
DsmB,0,3,3,0.0
DsmH,0,0,0,
DsmI,0,1,1,0.0
DsmM,1,2,3,0.33
DsmN,0,1,1,0.0
DsmP,3,0,3,1.0
DsmS,1,0,1,1.0
Dsmb,0,1,1,0.0
Dsmm,1,0,1,1.0
Dsms,2,0,2,1.0
DsnB,1,4,5,0.2
DsnH,0,3,3,0.0
DsnI,0,2,2,0.0
DsnM,1,0,1,1.0
DsnN,0,1,1,0.0
DsnP,1,0,1,1.0
DsnS,0,1,1,0.0
Dsnm,0,1,1,0.0
Dsnn,1,0,1,1.0
Dsns,0,1,1,0.0
DssD,1,0,1,1.0
DssH,2,0,2,1.0
DssM,1,1,2,0.5
DssN,1,5,6,0.17
DssP,0,1,1,0.0
DssS,1,1,2,0.5
Dssb,1,2,3,0.33
Dssl,0,2,2,0.0
Dssm,1,0,1,1.0
Dssn,0,0,0,
Dsss,0,1,1,0.0
DtBL,0,1,1,0.0
DtBM,0,2,2,0.0
DtBS,0,0,0,
DtDP,0,0,0,
DtLS,0,1,1,0.0
DtLm,1,0,1,1.0
DtML,1,0,1,1.0
DtMM,0,1,1,0.0
DtMN,0,1,1,0.0
DtMS,0,1,1,0.0
DtMh,0,0,0,
DtMm,1,1,2,0.5
DtMn,0,0,0,
DtNN,1,0,1,1.0
DtNP,0,1,1,0.0
DtNn,0,1,1,0.0
DtPB,0,1,1,0.0
DtPN,0,0,0,
DtPb,1,0,1,1.0
DtPl,1,0,1,1.0
DtPm,0,0,0,
DtPn,1,1,2,0.5
DtPs,2,0,2,1.0
DtSB,1,0,1,1.0
DtSH,0,1,1,0.0
DtSM,1,0,1,1.0
DtSm,1,0,1,1.0
DtbJ,0,0,0,
DtbL,0,0,0,
DtbM,0,1,1,0.0
DtbP,0,1,1,0.0
Dtbs,0,1,1,0.0
DtlP,1,0,1,1.0
DtmH,0,1,1,0.0
DtmM,1,0,1,1.0
DtmN,1,0,1,1.0
DtnB,0,0,0,
DtnH,1,0,1,1.0
DtnS,1,0,1,1.0
Dtnb,1,0,1,1.0
Dtns,0,0,0,
DtsD,1,0,1,1.0
DtsN,0,1,1,0.0
DtsS,0,2,2,0.0
DttS,0,1,1,0.0
HBBB,5,4,9,0.56
HBBD,0,1,1,0.0
HBBL,1,0,1,1.0
HBBM,0,2,2,0.0
HBBN,1,0,1,1.0
HBBP,3,3,6,0.5
HBBS,0,3,3,0.0
HBBb,2,2,4,0.5
HBBh,2,0,2,1.0
HBBj,1,1,2,0.5
HBBl,1,0,1,1.0
HBBm,2,4,6,0.33
HBBn,6,4,10,0.6
HBBs,4,0,4,1.0
HBDH,1,0,1,1.0
HBDL,0,1,1,0.0
HBDP,1,0,1,1.0
HBDn,1,0,1,1.0
HBHI,1,0,1,1.0
HBKN,0,1,1,0.0
HBKP,1,0,1,1.0
HBKh,0,1,1,0.0
HBKm,0,1,1,0.0
HBLB,4,3,7,0.57
HBLM,0,1,1,0.0
HBLN,1,0,1,1.0
HBLP,0,1,1,0.0
HBLS,1,2,3,0.33
HBLb,3,0,3,1.0
HBLh,1,0,1,1.0
HBLj,1,1,2,0.5
HBLm,2,0,2,1.0
HBLn,1,1,2,0.5
HBMB,3,0,3,1.0
HBMD,0,1,1,0.0
HBML,1,0,1,1.0
HBMM,1,4,5,0.2
HBMN,3,1,4,0.75
HBMP,3,3,6,0.5
HBMS,2,0,2,1.0
HBMb,3,6,9,0.33
HBMh,2,4,6,0.33
HBMj,0,0,0,
HBMl,1,0,1,1.0
HBMm,2,1,3,0.67
HBMn,3,3,6,0.5
HBMs,3,2,5,0.6
HBNB,2,6,8,0.25
HBND,0,1,1,0.0
HBNL,0,0,0,
HBNM,0,1,1,0.0
HBNN,3,4,7,0.43
HBNP,1,2,3,0.33
HBNS,4,2,6,0.67
HBNb,1,0,1,1.0
HBNh,0,2,2,0.0
HBNl,1,3,4,0.25
HBNm,2,6,8,0.25
HBNn,7,6,13,0.54
HBNs,2,4,6,0.33
HBNt,1,1,2,0.5
HBPB,4,4,8,0.5
HBPD,0,0,0,
HBPH,2,4,6,0.33
HBPI,0,1,1,0.0
HBPL,2,3,5,0.4
HBPM,3,3,6,0.5
HBPN,3,2,5,0.6
HBPP,7,7,14,0.5
HBPS,3,4,7,0.43
HBPb,3,3,6,0.5
HBPl,3,1,4,0.75
HBPm,4,3,7,0.57
HBPn,6,1,7,0.86
HBPs,2,4,6,0.33
HBSB,0,0,0,
HBSD,0,1,1,0.0
HBSL,0,2,2,0.0
HBSM,2,0,2,1.0
HBSP,2,4,6,0.33
HBSS,0,1,1,0.0
HBSb,1,2,3,0.33
HBSh,1,2,3,0.33
HBSl,2,0,2,1.0
HBSm,1,2,3,0.33
HBSn,1,2,3,0.33
HBSs,2,5,7,0.29
HBSt,0,0,0,
HBbB,3,8,11,0.27
HBbD,0,0,0,
HBbH,0,0,0,
HBbI,1,1,2,0.5
HBbJ,0,0,0,
HBbL,1,2,3,0.33
HBbM,2,4,6,0.33
HBbN,8,9,17,0.47
HBbP,5,4,9,0.56
HBbS,3,1,4,0.75
HBbb,2,3,5,0.4
HBbl,2,0,2,1.0
HBbm,4,2,6,0.67
HBbn,1,1,2,0.5
HBbs,3,1,4,0.75
HBhB,0,1,1,0.0
HBhN,1,0,1,1.0
HBhP,0,2,2,0.0
HBhh,1,0,1,1.0
HBhm,1,1,2,0.5
HBhs,0,1,1,0.0
HBjB,1,0,1,1.0
HBjH,0,1,1,0.0
HBjL,0,1,1,0.0
HBjM,1,1,2,0.5
HBjN,2,0,2,1.0
HBjP,1,2,3,0.33
HBjS,1,2,3,0.33
HBjb,0,1,1,0.0
HBjh,1,1,2,0.5
HBjl,1,0,1,1.0
HBjm,0,1,1,0.0
HBjs,1,1,2,0.5
HBjt,0,1,1,0.0
HBlB,0,2,2,0.0
HBlH,1,1,2,0.5
HBlI,1,0,1,1.0
HBlJ,1,1,2,0.5
HBlL,0,1,1,0.0
HBlM,0,4,4,0.0
HBlN,1,0,1,1.0
HBlP,4,2,6,0.67
HBlS,1,1,2,0.5
HBlb,2,0,2,1.0
HBlm,1,1,2,0.5
HBln,1,0,1,1.0
HBls,1,2,3,0.33
HBmB,0,1,1,0.0
HBmH,2,2,4,0.5
HBmJ,0,2,2,0.0
HBmL,1,2,3,0.33
HBmM,3,3,6,0.5
HBmN,2,7,9,0.22
HBmP,5,3,8,0.62
HBmS,2,0,2,1.0
HBmb,3,1,4,0.75
HBml,0,1,1,0.0
HBmm,3,2,5,0.6
HBmn,4,2,6,0.67
HBms,3,0,3,1.0
HBnB,3,2,5,0.6
HBnH,2,0,2,1.0
HBnI,1,0,1,1.0
HBnK,1,0,1,1.0
HBnL,1,1,2,0.5
HBnM,4,2,6,0.67
HBnN,7,3,10,0.7
HBnP,9,6,15,0.6
HBnS,1,7,8,0.12
HBnb,4,2,6,0.67
HBnl,1,0,1,1.0
HBnm,5,3,8,0.62
HBnn,6,7,13,0.46
HBns,4,5,9,0.44
HBsB,2,0,2,1.0
HBsH,2,2,4,0.5
HBsI,0,0,0,
HBsK,0,1,1,0.0
HBsL,1,0,1,1.0
HBsM,2,2,4,0.5
HBsN,0,3,3,0.0
HBsP,4,1,5,0.8
HBsS,2,2,4,0.5
HBsb,3,3,6,0.5
HBsl,2,1,3,0.67
HBsm,5,0,5,1.0
HBsn,1,2,3,0.33
HBss,2,2,4,0.5
HBtB,0,1,1,0.0
HBtH,0,2,2,0.0
HBtK,0,1,1,0.0
HBtM,0,1,1,0.0
HBtP,1,1,2,0.5
HBtS,1,0,1,1.0
HBtm,0,1,1,0.0
HBtn,1,1,2,0.5
HBts,1,1,2,0.5
HDBB,1,1,2,0.5
HDBL,1,0,1,1.0
HDBN,1,1,2,0.5
HDDs,0,0,0,
HDHL,1,0,1,1.0
HDHP,1,0,1,1.0
HDHS,1,0,1,1.0
HDHb,1,0,1,1.0
HDHl,1,0,1,1.0
HDHs,0,1,1,0.0
HDKP,0,1,1,0.0
HDLN,1,0,1,1.0
HDMB,1,0,1,1.0
HDMM,1,1,2,0.5
HDMN,1,0,1,1.0
HDMb,1,0,1,1.0
HDMh,1,1,2,0.5
HDMm,1,1,2,0.5
HDMn,0,1,1,0.0
HDMs,0,1,1,0.0
HDNB,1,0,1,1.0
HDNM,0,1,1,0.0
HDNN,0,1,1,0.0
HDNP,3,1,4,0.75
HDNS,3,0,3,1.0
HDNb,1,0,1,1.0
HDNn,1,0,1,1.0
HDNs,1,0,1,1.0
HDPB,1,0,1,1.0
HDPD,1,0,1,1.0
HDPH,0,1,1,0.0
HDPL,1,0,1,1.0
HDPN,0,1,1,0.0
HDPP,0,1,1,0.0
HDPS,0,0,0,
HDPs,1,0,1,1.0
HDSB,0,1,1,0.0
HDSH,1,0,1,1.0
HDSM,1,0,1,1.0
HDSN,1,1,2,0.5
HDSP,1,4,5,0.2
HDSS,5,1,6,0.83
HDSh,1,0,1,1.0
HDSm,0,1,1,0.0
HDSn,1,0,1,1.0
HDSs,0,2,2,0.0
HDbB,2,0,2,1.0
HDbL,0,0,0,
HDbM,3,1,4,0.75
HDbP,1,0,1,1.0
HDbl,0,0,0,
HDbn,0,1,1,0.0
HDlP,1,0,1,1.0
HDmB,1,0,1,1.0
HDmD,2,0,2,1.0
HDmH,1,0,1,1.0
HDmL,1,0,1,1.0
HDmb,1,1,2,0.5
HDmn,0,1,1,0.0
HDnB,0,1,1,0.0
HDnD,1,1,2,0.5
HDnM,1,0,1,1.0
HDnN,2,0,2,1.0
HDnP,3,1,4,0.75
HDnS,0,1,1,0.0
HDnb,1,0,1,1.0
HDsB,0,1,1,0.0
HDsN,1,0,1,1.0
HDsP,0,2,2,0.0
HDsb,0,1,1,0.0
HDsm,0,0,0,
HDtM,0,1,1,0.0
HDtP,0,2,2,0.0
HHBB,0,1,1,0.0
HHBL,1,0,1,1.0
HHBM,0,1,1,0.0
HHBN,1,0,1,1.0
HHBP,1,1,2,0.5
HHBS,1,2,3,0.33
HHBb,1,0,1,1.0
HHBj,0,2,2,0.0
HHBm,3,0,3,1.0
HHBn,0,1,1,0.0
HHBs,0,1,1,0.0
HHDP,0,1,1,0.0
HHDS,1,0,1,1.0
HHDb,1,0,1,1.0
HHDn,0,0,0,
HHDs,1,0,1,1.0
HHDt,1,0,1,1.0
HHHB,3,0,3,1.0
HHHH,1,0,1,1.0
HHHP,1,1,2,0.5
HHHS,1,2,3,0.33
HHHh,0,0,0,
HHHn,0,1,1,0.0
HHIH,1,0,1,1.0
HHIP,0,0,0,
HHIs,1,0,1,1.0
HHKN,0,1,1,0.0
HHKb,0,1,1,0.0
HHLB,1,0,1,1.0
HHLN,0,1,1,0.0
HHLP,2,1,3,0.67
HHLS,0,1,1,0.0
HHLj,0,1,1,0.0
HHMB,1,0,1,1.0
HHMN,0,1,1,0.0
HHMP,1,1,2,0.5
HHMS,2,0,2,1.0
HHMb,0,2,2,0.0
HHMh,0,1,1,0.0
HHMj,1,1,2,0.5
HHMl,1,0,1,1.0
HHMn,0,2,2,0.0
HHMs,1,2,3,0.33
HHMt,1,0,1,1.0
HHNB,0,3,3,0.0
HHNL,1,0,1,1.0
HHNM,1,1,2,0.5
HHNN,1,2,3,0.33
HHNS,1,1,2,0.5
HHNh,1,0,1,1.0
HHNm,1,0,1,1.0
HHNn,2,2,4,0.5
HHNs,0,1,1,0.0
HHNt,0,1,1,0.0
HHPB,1,3,4,0.25
HHPD,2,0,2,1.0
HHPH,0,1,1,0.0
HHPI,0,1,1,0.0
HHPK,0,1,1,0.0
HHPL,0,1,1,0.0
HHPN,1,1,2,0.5
HHPP,3,0,3,1.0
HHPS,1,1,2,0.5
HHPm,0,0,0,
HHPn,2,2,4,0.5
HHPs,0,2,2,0.0
HHSB,3,1,4,0.75
HHSD,1,0,1,1.0
HHSL,0,1,1,0.0
HHSM,0,2,2,0.0
HHSN,3,1,4,0.75
HHSP,1,0,1,1.0
HHSS,1,2,3,0.33
HHSb,0,2,2,0.0
HHSh,1,0,1,1.0
HHSn,1,1,2,0.5
HHSs,4,1,5,0.8
HHbH,0,1,1,0.0
HHbN,1,1,2,0.5
HHbS,2,2,4,0.5
HHbb,0,0,0,
HHbl,1,0,1,1.0
HHbm,0,1,1,0.0
HHbn,0,1,1,0.0
HHbs,1,0,1,1.0
HHhP,1,0,1,1.0
HHhS,1,1,2,0.5
HHhb,1,0,1,1.0
HHhh,0,0,0,
HHhs,1,1,2,0.5
HHlJ,0,1,1,0.0
HHlN,0,1,1,0.0
HHlP,1,0,1,1.0
HHlb,0,1,1,0.0
HHlm,0,1,1,0.0
HHls,1,0,1,1.0
HHmB,1,1,2,0.5
HHmH,0,1,1,0.0
HHmM,1,1,2,0.5
HHmN,0,2,2,0.0
HHmS,0,1,1,0.0
HHmb,1,0,1,1.0
HHml,1,2,3,0.33
HHmn,1,1,2,0.5
HHms,0,2,2,0.0
HHnB,1,0,1,1.0
HHnD,0,1,1,0.0
HHnH,1,1,2,0.5
HHnM,0,1,1,0.0
HHnN,1,0,1,1.0
HHnP,1,0,1,1.0
HHnS,0,1,1,0.0
HHnm,0,2,2,0.0
HHnn,0,2,2,0.0
HHns,0,1,1,0.0
HHsB,0,1,1,0.0
HHsH,0,1,1,0.0
HHsM,2,1,3,0.67
HHsN,1,0,1,1.0
HHsP,1,1,2,0.5
HHsS,1,1,2,0.5
HHsb,1,0,1,1.0
HHsl,0,1,1,0.0
HHsm,2,1,3,0.67
HHsn,0,0,0,
HHss,1,0,1,1.0
HHtN,0,1,1,0.0
HHtn,0,1,1,0.0
HIBB,0,1,1,0.0
HIBS,1,0,1,1.0
HIBm,0,1,1,0.0
HIDN,1,0,1,1.0
HIHB,1,0,1,1.0
HIHL,0,1,1,0.0
HIHM,0,1,1,0.0
HIHN,1,1,2,0.5
HIHP,1,0,1,1.0
HIHS,1,1,2,0.5
HIHm,1,0,1,1.0
HIHs,1,0,1,1.0
HIHt,0,1,1,0.0
HIIB,1,0,1,1.0
HIIH,1,0,1,1.0
HIIs,0,1,1,0.0
HILL,0,1,1,0.0
HILP,0,0,0,
HILn,1,0,1,1.0
HIMN,0,1,1,0.0
HIMP,1,2,3,0.33
HIMb,1,0,1,1.0
HIMh,2,1,3,0.67
HIMm,1,0,1,1.0
HIMn,0,1,1,0.0
HIMs,1,2,3,0.33
HINB,0,1,1,0.0
HINL,1,1,2,0.5
HINN,1,0,1,1.0
HINS,1,1,2,0.5
HINb,0,0,0,
HINh,1,0,1,1.0
HINl,1,0,1,1.0
HINm,1,0,1,1.0
HINs,2,1,3,0.67
HINt,1,0,1,1.0
HIPB,2,1,3,0.67
HIPD,1,0,1,1.0
HIPM,1,1,2,0.5
HIPN,2,0,2,1.0
HIPP,2,1,3,0.67
HIPS,0,0,0,
HIPb,1,1,2,0.5
HIPl,1,0,1,1.0
HIPm,1,2,3,0.33
HIPn,0,2,2,0.0
HISB,1,0,1,1.0
HISN,0,1,1,0.0
HISP,0,1,1,0.0
HISS,0,1,1,0.0
HISh,0,1,1,0.0
HISl,0,1,1,0.0
HISs,3,1,4,0.75
HIbB,1,2,3,0.33
HIbJ,0,0,0,
HIbM,1,0,1,1.0
HIbP,0,0,0,
HIbS,0,1,1,0.0
HIbb,1,0,1,1.0
HIlB,0,2,2,0.0
HIlb,1,0,1,1.0
HIlm,1,0,1,1.0
HImL,1,0,1,1.0
HImM,1,1,2,0.5
HImP,0,1,1,0.0
HImS,1,0,1,1.0
HImb,0,1,1,0.0
HInB,0,1,1,0.0
HInD,1,0,1,1.0
HInN,1,1,2,0.5
HInP,1,0,1,1.0
HInS,0,0,0,
HInm,1,0,1,1.0
HIns,0,1,1,0.0
HIsB,1,0,1,1.0
HIsH,0,1,1,0.0
HIsL,0,1,1,0.0
HIsN,1,0,1,1.0
HIsn,2,0,2,1.0
HIss,0,1,1,0.0
HItD,1,0,1,1.0
HKBS,1,0,1,1.0
HKBb,0,0,0,
HKBm,0,0,0,
HKBs,0,1,1,0.0
HKHB,1,0,1,1.0
HKHN,0,1,1,0.0
HKLM,0,1,1,0.0
HKLj,0,1,1,0.0
HKLm,0,1,1,0.0
HKLn,0,0,0,
HKMN,2,0,2,1.0
HKMb,1,0,1,1.0
HKMh,0,1,1,0.0
HKMl,0,1,1,0.0
HKMm,0,1,1,0.0
HKMn,0,0,0,
HKNM,1,2,3,0.33
HKNP,0,1,1,0.0
HKNb,0,1,1,0.0
HKNl,1,0,1,1.0
HKNm,2,0,2,1.0
HKNn,1,0,1,1.0
HKPB,1,1,2,0.5
HKPK,0,1,1,0.0
HKPL,0,2,2,0.0
HKPM,0,0,0,
HKPN,0,0,0,
HKPP,0,0,0,
HKPS,1,0,1,1.0
HKPb,0,1,1,0.0
HKPl,1,0,1,1.0
HKSH,0,1,1,0.0
HKSL,1,0,1,1.0
HKSN,1,0,1,1.0
HKSm,0,0,0,
HKSn,0,0,0,
HKSs,1,1,2,0.5
HKSt,2,0,2,1.0
HKbD,0,0,0,
HKbH,1,0,1,1.0
HKbI,1,0,1,1.0
HKbM,0,0,0,
HKbP,1,0,1,1.0
HKbb,1,1,2,0.5
HKbn,1,0,1,1.0
HKbs,0,1,1,0.0
HKhK,0,1,1,0.0
HKhL,0,1,1,0.0
HKhP,0,1,1,0.0
HKhS,1,1,2,0.5
HKhb,0,0,0,
HKht,0,0,0,
HKlN,1,0,1,1.0
HKlP,0,1,1,0.0
HKmM,1,1,2,0.5
HKmN,2,1,3,0.67
HKml,1,0,1,1.0
HKmn,0,1,1,0.0
HKnM,1,0,1,1.0
HKnN,0,2,2,0.0
HKnn,1,0,1,1.0
HKns,0,1,1,0.0
HKsH,0,1,1,0.0
HKsP,1,1,2,0.5
HKsS,1,0,1,1.0
HKsb,0,1,1,0.0
HKsl,1,0,1,1.0
HKsn,1,0,1,1.0
HKss,1,0,1,1.0
HLBB,0,3,3,0.0
HLBL,2,0,2,1.0
HLBM,1,0,1,1.0
HLBN,0,1,1,0.0
HLBP,5,2,7,0.71
HLBb,1,0,1,1.0
HLBh,0,1,1,0.0
HLBj,1,0,1,1.0
HLBl,1,0,1,1.0
HLBm,1,2,3,0.33
HLBn,3,2,5,0.6
HLDH,1,1,2,0.5
HLDN,0,1,1,0.0
HLDP,0,1,1,0.0
HLDS,0,1,1,0.0
HLDn,1,0,1,1.0
HLHN,0,1,1,0.0
HLKm,0,1,1,0.0
HLKs,1,0,1,1.0
HLLM,0,1,1,0.0
HLLP,0,0,0,
HLLS,2,0,2,1.0
HLLj,1,0,1,1.0
HLLl,1,0,1,1.0
HLLm,2,1,3,0.67
HLLn,1,2,3,0.33
HLLs,0,1,1,0.0
HLLt,0,1,1,0.0
HLMB,2,2,4,0.5
HLML,1,0,1,1.0
HLMM,1,3,4,0.25
HLMN,1,2,3,0.33
HLMP,1,3,4,0.25
HLMS,0,1,1,0.0
HLMb,1,1,2,0.5
HLMh,1,2,3,0.33
HLMm,1,4,5,0.2
HLMn,0,0,0,
HLMs,0,2,2,0.0
HLNB,1,2,3,0.33
HLNL,1,0,1,1.0
HLNM,3,1,4,0.75
HLNN,3,0,3,1.0
HLNP,1,4,5,0.2
HLNS,1,0,1,1.0
HLNb,1,0,1,1.0
HLNh,0,2,2,0.0
HLNm,0,3,3,0.0
HLNn,1,1,2,0.5
HLNs,0,2,2,0.0
HLNt,0,1,1,0.0
HLPB,2,1,3,0.67
HLPD,0,1,1,0.0
HLPH,0,1,1,0.0
HLPK,1,0,1,1.0
HLPL,0,2,2,0.0
HLPM,1,2,3,0.33
HLPN,2,2,4,0.5
HLPP,0,6,6,0.0
HLPS,1,1,2,0.5
HLPb,4,3,7,0.57
HLPl,0,2,2,0.0
HLPm,2,1,3,0.67
HLPn,1,1,2,0.5
HLPs,4,2,6,0.67
HLSB,0,3,3,0.0
HLSL,2,0,2,1.0
HLSM,0,2,2,0.0
HLSN,3,1,4,0.75
HLSP,4,0,4,1.0
HLSS,3,0,3,1.0
HLSb,1,0,1,1.0
HLSh,1,1,2,0.5
HLSl,1,1,2,0.5
HLSm,0,1,1,0.0
HLSn,1,1,2,0.5
HLSs,0,2,2,0.0
HLbB,0,2,2,0.0
HLbK,1,0,1,1.0
HLbM,2,1,3,0.67
HLbN,1,1,2,0.5
HLbP,4,1,5,0.8
HLbS,0,1,1,0.0
HLbb,1,2,3,0.33
HLbl,0,0,0,
HLbm,0,1,1,0.0
HLbn,2,2,4,0.5
HLbs,0,1,1,0.0
HLhB,1,1,2,0.5
HLhD,1,0,1,1.0
HLhM,1,0,1,1.0
HLhN,1,0,1,1.0
HLhP,2,3,5,0.4
HLhS,1,0,1,1.0
HLhb,1,1,2,0.5
HLhh,1,2,3,0.33
HLhm,0,1,1,0.0
HLhn,2,1,3,0.67
HLhs,1,0,1,1.0
HLjB,1,1,2,0.5
HLjL,0,1,1,0.0
HLjM,0,1,1,0.0
HLjN,2,0,2,1.0
HLjP,1,0,1,1.0
HLjm,0,1,1,0.0
HLjn,0,0,0,
HLlH,0,1,1,0.0
HLlI,1,0,1,1.0
HLlJ,0,1,1,0.0
HLlM,2,1,3,0.67
HLlN,0,2,2,0.0
HLlP,1,1,2,0.5
HLlS,3,1,4,0.75
HLln,2,1,3,0.67
HLls,0,1,1,0.0
HLmB,3,1,4,0.75
HLmH,2,1,3,0.67
HLmI,2,0,2,1.0
HLmM,3,1,4,0.75
HLmN,2,0,2,1.0
HLmP,2,1,3,0.67
HLmS,2,3,5,0.4
HLmb,0,1,1,0.0
HLml,0,1,1,0.0
HLmm,1,3,4,0.25
HLmn,3,0,3,1.0
HLms,1,1,2,0.5
HLnB,4,4,8,0.5
HLnH,0,2,2,0.0
HLnI,0,1,1,0.0
HLnL,0,2,2,0.0
HLnM,1,3,4,0.25
HLnN,1,4,5,0.2
HLnP,3,6,9,0.33
HLnS,1,2,3,0.33
HLnb,3,1,4,0.75
HLnl,3,3,6,0.5
HLnm,1,0,1,1.0
HLnn,4,0,4,1.0
HLns,3,1,4,0.75
HLsB,0,1,1,0.0
HLsL,0,1,1,0.0
HLsM,2,2,4,0.5
HLsN,1,0,1,1.0
HLsP,2,2,4,0.5
HLsS,2,2,4,0.5
HLsb,1,1,2,0.5
HLsl,1,0,1,1.0
HLsm,0,1,1,0.0
HLsn,0,1,1,0.0
HLss,2,0,2,1.0
HLtN,1,0,1,1.0
HLtP,1,4,5,0.2
HLtS,0,1,1,0.0
HLtb,0,1,1,0.0
HLtn,0,0,0,
HMBB,7,7,14,0.5
HMBD,0,1,1,0.0
HMBK,0,1,1,0.0
HMBL,0,2,2,0.0
HMBM,4,3,7,0.57
HMBN,2,1,3,0.67
HMBP,3,4,7,0.43
HMBS,3,2,5,0.6
HMBb,3,4,7,0.43
HMBj,0,2,2,0.0
HMBl,1,2,3,0.33
HMBm,2,3,5,0.4
HMBn,3,7,10,0.3
HMBs,2,3,5,0.4
HMDH,1,1,2,0.5
HMDL,0,0,0,
HMDN,1,0,1,1.0
HMDP,0,0,0,
HMDS,0,3,3,0.0
HMDb,0,0,0,
HMDm,1,0,1,1.0
HMDt,1,0,1,1.0
HMKS,0,1,1,0.0
HMLB,1,1,2,0.5
HMLK,0,0,0,
HMLL,1,0,1,1.0
HMLM,2,1,3,0.67
HMLN,1,0,1,1.0
HMLP,3,1,4,0.75
HMLS,2,2,4,0.5
HMLb,1,3,4,0.25
HMLh,0,0,0,
HMLj,0,2,2,0.0
HMLl,0,0,0,
HMLm,1,0,1,1.0
HMLn,0,2,2,0.0
HMLs,1,1,2,0.5
HMLt,1,0,1,1.0
HMMB,7,2,9,0.78
HMML,0,3,3,0.0
HMMM,2,3,5,0.4
HMMN,1,0,1,1.0
HMMP,5,4,9,0.56
HMMS,1,2,3,0.33
HMMb,3,3,6,0.5
HMMh,0,1,1,0.0
HMMj,1,1,2,0.5
HMMl,1,0,1,1.0
HMMm,5,1,6,0.83
HMMn,3,6,9,0.33
HMMs,2,4,6,0.33
HMMt,1,0,1,1.0
HMNB,2,3,5,0.4
HMNH,1,0,1,1.0
HMNK,0,1,1,0.0
HMNL,4,3,7,0.57
HMNM,1,4,5,0.2
HMNN,5,10,15,0.33
HMNP,6,8,14,0.43
HMNS,3,2,5,0.6
HMNb,2,3,5,0.4
HMNh,1,2,3,0.33
HMNl,3,3,6,0.5
HMNm,2,2,4,0.5
HMNn,6,5,11,0.55
HMNs,4,0,4,1.0
HMPB,4,1,5,0.8
HMPH,1,1,2,0.5
HMPL,2,1,3,0.67
HMPM,4,4,8,0.5
HMPN,6,5,11,0.55
HMPP,7,8,15,0.47
HMPS,7,0,7,1.0
HMPb,3,2,5,0.6
HMPh,1,0,1,1.0
HMPl,2,3,5,0.4
HMPm,6,4,10,0.6
HMPn,4,6,10,0.4
HMPs,4,5,9,0.44
HMPt,2,2,4,0.5
HMSB,1,4,5,0.2
HMSD,0,1,1,0.0
HMSH,1,0,1,1.0
HMSL,1,3,4,0.25
HMSM,4,5,9,0.44
HMSN,4,1,5,0.8
HMSP,5,2,7,0.71
HMSS,1,3,4,0.25
HMSb,2,0,2,1.0
HMSl,1,1,2,0.5
HMSm,6,0,6,1.0
HMSn,4,2,6,0.67
HMSs,4,5,9,0.44
HMSt,1,0,1,1.0
HMbB,2,2,4,0.5
HMbH,1,1,2,0.5
HMbI,1,0,1,1.0
HMbJ,2,1,3,0.67
HMbL,1,0,1,1.0
HMbM,1,2,3,0.33
HMbN,4,6,10,0.4
HMbP,4,7,11,0.36
HMbS,5,1,6,0.83
HMbb,4,5,9,0.44
HMbl,5,0,5,1.0
HMbm,2,1,3,0.67
HMbn,3,7,10,0.3
HMbs,4,1,5,0.8
HMhB,2,1,3,0.67
HMhH,0,2,2,0.0
HMhI,1,0,1,1.0
HMhL,0,2,2,0.0
HMhM,4,6,10,0.4
HMhN,1,2,3,0.33
HMhP,2,7,9,0.22
HMhS,2,0,2,1.0
HMhb,4,2,6,0.67
HMhh,2,6,8,0.25
HMhl,4,3,7,0.57
HMhm,2,4,6,0.33
HMhn,6,3,9,0.67
HMhs,0,3,3,0.0
HMht,2,0,2,1.0
HMjB,0,1,1,0.0
HMjH,1,0,1,1.0
HMjL,0,0,0,
HMjM,1,0,1,1.0
HMjN,0,1,1,0.0
HMjP,1,2,3,0.33
HMjS,0,0,0,
HMjb,1,1,2,0.5
HMjl,2,0,2,1.0
HMjm,2,2,4,0.5
HMjn,3,1,4,0.75
HMjs,2,2,4,0.5
HMlB,1,0,1,1.0
HMlD,1,0,1,1.0
HMlH,3,2,5,0.6
HMlM,1,0,1,1.0
HMlN,1,4,5,0.2
HMlP,1,3,4,0.25
HMlS,2,1,3,0.67
HMlb,1,0,1,1.0
HMlm,0,2,2,0.0
HMln,2,0,2,1.0
HMls,1,2,3,0.33
HMmB,4,4,8,0.5
HMmD,0,1,1,0.0
HMmH,2,1,3,0.67
HMmJ,0,0,0,
HMmL,3,0,3,1.0
HMmM,3,4,7,0.43
HMmN,6,3,9,0.67
HMmP,10,3,13,0.77
HMmS,3,5,8,0.38
HMmb,2,7,9,0.22
HMml,0,2,2,0.0
HMmm,4,0,4,1.0
HMmn,3,4,7,0.43
HMms,4,3,7,0.57
HMnB,5,5,10,0.5
HMnH,7,3,10,0.7
HMnI,1,0,1,1.0
HMnL,1,0,1,1.0
HMnM,2,10,12,0.17
HMnN,6,14,20,0.3
HMnP,9,4,13,0.69
HMnS,2,5,7,0.29
HMnb,3,2,5,0.6
HMnl,2,2,4,0.5
HMnm,6,7,13,0.46
HMnn,9,6,15,0.6
HMns,7,1,8,0.88
HMsB,1,5,6,0.17
HMsH,0,5,5,0.0
HMsL,0,1,1,0.0
HMsM,1,2,3,0.33
HMsN,2,6,8,0.25
HMsP,4,3,7,0.57
HMsS,5,4,9,0.56
HMsb,2,3,5,0.4
HMsl,0,3,3,0.0
HMsm,2,1,3,0.67
HMsn,3,0,3,1.0
HMss,3,4,7,0.43
HMtB,1,1,2,0.5
HMtN,0,1,1,0.0
HMtP,1,2,3,0.33
HMtb,1,0,1,1.0
HMtm,1,1,2,0.5
HMtn,1,1,2,0.5
HMts,1,0,1,1.0
HNBB,1,2,3,0.33
HNBD,1,0,1,1.0
HNBH,1,0,1,1.0
HNBM,0,4,4,0.0
HNBN,2,5,7,0.29
HNBP,2,2,4,0.5
HNBS,3,4,7,0.43
HNBb,3,6,9,0.33
HNBj,1,0,1,1.0
HNBl,2,2,4,0.5
HNBm,6,7,13,0.46
HNBn,4,5,9,0.44
HNBs,2,1,3,0.67
HNBt,2,1,3,0.67
HNDB,1,1,2,0.5
HNDK,0,1,1,0.0
HNDM,0,1,1,0.0
HNDN,1,1,2,0.5
HNDP,0,0,0,
HNDm,3,0,3,1.0
HNDn,1,1,2,0.5
HNDs,1,0,1,1.0
HNHB,0,1,1,0.0
HNHM,0,1,1,0.0
HNHN,1,0,1,1.0
HNHP,0,1,1,0.0
HNHS,0,0,0,
HNHl,1,0,1,1.0
HNHs,1,0,1,1.0
HNIM,1,0,1,1.0
HNIP,1,0,1,1.0
HNKM,0,1,1,0.0
HNKP,1,0,1,1.0
HNKl,1,1,2,0.5
HNKm,1,0,1,1.0
HNKn,1,0,1,1.0
HNKs,1,0,1,1.0
HNLB,0,1,1,0.0
HNLL,1,1,2,0.5
HNLM,0,1,1,0.0
HNLN,2,0,2,1.0
HNLP,3,2,5,0.6
HNLS,0,1,1,0.0
HNLb,1,1,2,0.5
HNLh,1,2,3,0.33
HNLl,0,1,1,0.0
HNLm,1,0,1,1.0
HNLn,3,0,3,1.0
HNLs,1,0,1,1.0
HNMB,2,2,4,0.5
HNMD,0,0,0,
HNML,0,3,3,0.0
HNMM,2,5,7,0.29
HNMN,4,6,10,0.4
HNMP,4,1,5,0.8
HNMS,0,1,1,0.0
HNMb,3,4,7,0.43
HNMh,3,3,6,0.5
HNMj,2,1,3,0.67
HNMl,5,1,6,0.83
HNMm,5,4,9,0.56
HNMn,4,5,9,0.44
HNMs,4,4,8,0.5
HNMt,2,0,2,1.0
HNNB,1,3,4,0.25
HNND,0,0,0,
HNNH,0,0,0,
HNNL,1,1,2,0.5
HNNM,3,4,7,0.43
HNNN,5,11,16,0.31
HNNP,4,14,18,0.22
HNNS,4,7,11,0.36
HNNb,2,5,7,0.29
HNNl,3,1,4,0.75
HNNm,5,3,8,0.62
HNNn,4,5,9,0.44
HNNs,2,3,5,0.4
HNNt,2,0,2,1.0
HNPB,6,3,9,0.67
HNPD,0,1,1,0.0
HNPH,3,2,5,0.6
HNPI,0,0,0,
HNPL,4,2,6,0.67
HNPM,7,4,11,0.64
HNPN,5,4,9,0.56
HNPP,9,14,23,0.39
HNPS,4,5,9,0.44
HNPb,5,8,13,0.38
HNPh,0,2,2,0.0
HNPl,4,4,8,0.5
HNPm,5,8,13,0.38
HNPn,5,5,10,0.5
HNPs,5,6,11,0.45
HNPt,2,0,2,1.0
HNSB,2,5,7,0.29
HNSL,2,2,4,0.5
HNSM,6,3,9,0.67
HNSN,3,5,8,0.38
HNSP,1,2,3,0.33
HNSS,3,2,5,0.6
HNSb,2,2,4,0.5
HNSh,2,0,2,1.0
HNSl,3,0,3,1.0
HNSm,7,2,9,0.78
HNSn,6,5,11,0.55
HNSs,4,3,7,0.57
HNbB,3,1,4,0.75
HNbD,1,1,2,0.5
HNbH,0,0,0,
HNbJ,0,0,0,
HNbK,0,0,0,
HNbL,3,3,6,0.5
HNbM,3,5,8,0.38
HNbN,4,3,7,0.57
HNbP,7,5,12,0.58
HNbS,2,2,4,0.5
HNbb,1,2,3,0.33
HNbl,1,1,2,0.5
HNbm,1,2,3,0.33
HNbn,4,2,6,0.67
HNbs,1,2,3,0.33
HNhB,0,1,1,0.0
HNhL,0,1,1,0.0
HNhM,2,2,4,0.5
HNhN,1,2,3,0.33
HNhP,3,0,3,1.0
HNhS,2,0,2,1.0
HNhb,1,0,1,1.0
HNhh,2,0,2,1.0
HNhl,1,0,1,1.0
HNhm,1,1,2,0.5
HNhn,3,2,5,0.6
HNhs,1,1,2,0.5
HNht,1,0,1,1.0
HNlB,3,1,4,0.75
HNlH,0,2,2,0.0
HNlJ,1,1,2,0.5
HNlL,1,1,2,0.5
HNlM,0,1,1,0.0
HNlN,2,2,4,0.5
HNlP,2,4,6,0.33
HNlS,2,1,3,0.67
HNlb,2,5,7,0.29
HNll,0,1,1,0.0
HNlm,2,1,3,0.67
HNln,1,2,3,0.33
HNls,0,2,2,0.0
HNmB,4,4,8,0.5
HNmH,7,1,8,0.88
HNmI,0,1,1,0.0
HNmJ,1,1,2,0.5
HNmL,1,1,2,0.5
HNmM,5,5,10,0.5
HNmN,8,6,14,0.57
HNmP,3,2,5,0.6
HNmS,1,0,1,1.0
HNmb,3,5,8,0.38
HNml,2,2,4,0.5
HNmm,3,4,7,0.43
HNmn,4,8,12,0.33
HNms,1,1,2,0.5
HNnB,2,2,4,0.5
HNnD,1,1,2,0.5
HNnH,5,5,10,0.5
HNnI,0,1,1,0.0
HNnK,0,1,1,0.0
HNnL,2,2,4,0.5
HNnM,7,5,12,0.58
HNnN,14,9,23,0.61
HNnP,4,8,12,0.33
HNnS,2,3,5,0.4
HNnb,8,5,13,0.62
HNnl,3,5,8,0.38
HNnm,6,3,9,0.67
HNnn,4,3,7,0.57
HNns,10,5,15,0.67
HNsB,1,2,3,0.33
HNsD,1,1,2,0.5
HNsH,2,1,3,0.67
HNsI,1,1,2,0.5
HNsL,1,3,4,0.25
HNsM,1,5,6,0.17
HNsN,4,3,7,0.57
HNsP,3,3,6,0.5
HNsS,2,5,7,0.29
HNsb,4,1,5,0.8
HNsl,3,2,5,0.6
HNsm,2,3,5,0.4
HNsn,3,3,6,0.5
HNss,4,2,6,0.67
HNst,1,0,1,1.0
HNtB,0,1,1,0.0
HNtH,0,1,1,0.0
HNtM,2,2,4,0.5
HNtN,0,2,2,0.0
HNtP,1,1,2,0.5
HNtS,2,2,4,0.5
HNtb,0,1,1,0.0
HNtm,2,0,2,1.0
HNtn,1,0,1,1.0
HPBB,4,4,8,0.5
HPBD,0,1,1,0.0
HPBK,0,1,1,0.0
HPBL,1,3,4,0.25
HPBM,2,2,4,0.5
HPBN,5,4,9,0.56
HPBP,2,9,11,0.18
HPBS,1,0,1,1.0
HPBb,6,6,12,0.5
HPBh,1,1,2,0.5
HPBj,1,2,3,0.33
HPBl,1,2,3,0.33
HPBm,5,3,8,0.62
HPBn,8,2,10,0.8
HPBs,3,5,8,0.38
HPBt,0,1,1,0.0
HPDB,0,0,0,
HPDL,0,2,2,0.0
HPDN,1,0,1,1.0
HPDP,1,1,2,0.5
HPDS,1,0,1,1.0
HPDm,1,0,1,1.0
HPDn,0,0,0,
HPDs,1,0,1,1.0
HPHB,2,1,3,0.67
HPHH,1,1,2,0.5
HPHM,2,3,5,0.4
HPHN,2,1,3,0.67
HPHP,2,0,2,1.0
HPHS,1,2,3,0.33
HPHb,1,3,4,0.25
HPHh,1,0,1,1.0
HPHm,1,1,2,0.5
HPHn,2,2,4,0.5
HPHs,3,2,5,0.6
HPHt,0,1,1,0.0
HPIM,0,2,2,0.0
HPIP,2,0,2,1.0
HPIS,0,0,0,
HPIb,1,1,2,0.5
HPIm,0,1,1,0.0
HPIn,3,1,4,0.75
HPIs,1,0,1,1.0
HPKM,3,0,3,1.0
HPKP,1,1,2,0.5
HPKS,2,0,2,1.0
HPKb,1,1,2,0.5
HPKh,1,2,3,0.33
HPKm,1,0,1,1.0
HPKt,0,1,1,0.0
HPLB,2,3,5,0.4
HPLH,1,0,1,1.0
HPLK,1,0,1,1.0
HPLL,2,1,3,0.67
HPLM,4,6,10,0.4
HPLN,0,2,2,0.0
HPLP,2,4,6,0.33
HPLS,2,0,2,1.0
HPLb,2,4,6,0.33
HPLh,0,1,1,0.0
HPLl,3,1,4,0.75
HPLm,2,1,3,0.67
HPLn,8,7,15,0.53
HPLs,2,2,4,0.5
HPMB,8,6,14,0.57
HPMD,1,0,1,1.0
HPML,3,1,4,0.75
HPMM,4,7,11,0.36
HPMN,4,3,7,0.57
HPMP,10,8,18,0.56
HPMS,6,7,13,0.46
HPMb,6,5,11,0.55
HPMh,4,6,10,0.4
HPMj,1,2,3,0.33
HPMl,1,5,6,0.17
HPMm,9,5,14,0.64
HPMn,6,8,14,0.43
HPMs,8,6,14,0.57
HPMt,1,0,1,1.0
HPNB,6,7,13,0.46
HPNK,0,1,1,0.0
HPNL,4,2,6,0.67
HPNM,6,4,10,0.6
HPNN,10,3,13,0.77
HPNP,7,9,16,0.44
HPNS,2,5,7,0.29
HPNb,6,5,11,0.55
HPNh,1,3,4,0.25
HPNl,6,3,9,0.67
HPNm,6,6,12,0.5
HPNn,5,7,12,0.42
HPNs,1,6,7,0.14
HPNt,2,2,4,0.5
HPPB,7,9,16,0.44
HPPD,1,0,1,1.0
HPPH,5,1,6,0.83
HPPI,2,1,3,0.67
HPPK,0,1,1,0.0
HPPL,8,2,10,0.8
HPPM,6,9,15,0.4
HPPN,7,4,11,0.64
HPPP,16,17,33,0.48
HPPS,6,9,15,0.4
HPPb,14,7,21,0.67
HPPh,0,1,1,0.0
HPPl,7,6,13,0.54
HPPm,9,6,15,0.6
HPPn,5,10,15,0.33
HPPs,8,3,11,0.73
HPPt,1,2,3,0.33
HPSB,4,2,6,0.67
HPSD,1,0,1,1.0
HPSH,0,2,2,0.0
HPSK,0,0,0,
HPSL,2,5,7,0.29
HPSM,7,4,11,0.64
HPSN,2,9,11,0.18
HPSP,7,8,15,0.47
HPSS,7,6,13,0.54
HPSb,2,2,4,0.5
HPSh,7,3,10,0.7
HPSl,5,3,8,0.62
HPSm,5,5,10,0.5
HPSn,9,4,13,0.69
HPSs,7,8,15,0.47
HPSt,3,0,3,1.0
HPbB,10,6,16,0.62
HPbD,2,1,3,0.67
HPbH,2,0,2,1.0
HPbI,0,1,1,0.0
HPbJ,0,1,1,0.0
HPbL,3,4,7,0.43
HPbM,7,6,13,0.54
HPbN,11,7,18,0.61
HPbP,4,9,13,0.31
HPbS,7,3,10,0.7
HPbb,7,5,12,0.58
HPbl,0,2,2,0.0
HPbm,6,2,8,0.75
HPbn,9,4,13,0.69
HPbs,2,5,7,0.29
HPhB,0,1,1,0.0
HPhH,0,0,0,
HPhN,1,0,1,1.0
HPhP,2,1,3,0.67
HPhS,2,1,3,0.67
HPhb,1,0,1,1.0
HPhh,1,0,1,1.0
HPhl,0,2,2,0.0
HPhm,0,1,1,0.0
HPhs,0,2,2,0.0
HPlB,1,2,3,0.33
HPlH,0,0,0,
HPlI,1,0,1,1.0
HPlJ,0,3,3,0.0
HPlL,2,5,7,0.29
HPlM,3,4,7,0.43
HPlN,4,4,8,0.5
HPlP,2,3,5,0.4
HPlS,2,1,3,0.67
HPlb,2,4,6,0.33
HPll,2,1,3,0.67
HPlm,1,2,3,0.33
HPln,2,2,4,0.5
HPls,1,1,2,0.5
HPmB,1,4,5,0.2
HPmD,1,1,2,0.5
HPmH,3,3,6,0.5
HPmI,0,0,0,
HPmJ,3,0,3,1.0
HPmL,3,3,6,0.5
HPmM,9,11,20,0.45
HPmN,7,5,12,0.58
HPmP,9,4,13,0.69
HPmS,6,4,10,0.6
HPmb,10,6,16,0.62
HPml,2,0,2,1.0
HPmm,4,3,7,0.57
HPmn,3,4,7,0.43
HPms,3,1,4,0.75
HPnB,5,5,10,0.5
HPnD,2,1,3,0.67
HPnH,3,2,5,0.6
HPnI,1,1,2,0.5
HPnL,4,5,9,0.44
HPnM,4,4,8,0.5
HPnN,4,6,10,0.4
HPnP,6,5,11,0.55
HPnS,8,4,12,0.67
HPnb,9,6,15,0.6
HPnl,3,4,7,0.43
HPnm,9,3,12,0.75
HPnn,2,7,9,0.22
HPns,6,3,9,0.67
HPsB,3,4,7,0.43
HPsH,4,3,7,0.57
HPsI,3,0,3,1.0
HPsK,1,0,1,1.0
HPsL,1,3,4,0.25
HPsM,8,5,13,0.62
HPsN,1,8,9,0.11
HPsP,6,2,8,0.75
HPsS,3,8,11,0.27
HPsb,5,2,7,0.71
HPsh,0,2,2,0.0
HPsl,2,0,2,1.0
HPsm,8,6,14,0.57
HPsn,3,3,6,0.5
HPss,4,3,7,0.57
HPst,1,0,1,1.0
HPtB,2,0,2,1.0
HPtM,1,0,1,1.0
HPtN,1,0,1,1.0
HPtP,2,0,2,1.0
HPtm,1,0,1,1.0
HPtn,1,0,1,1.0
HPts,1,0,1,1.0
HSBB,3,2,5,0.6
HSBD,1,0,1,1.0
HSBL,0,2,2,0.0
HSBM,3,5,8,0.38
HSBN,1,0,1,1.0
HSBP,5,6,11,0.45
HSBS,1,2,3,0.33
HSBb,6,3,9,0.67
HSBj,2,0,2,1.0
HSBl,2,4,6,0.33
HSBm,2,3,5,0.4
HSBn,4,3,7,0.57
HSBs,1,4,5,0.2
HSBt,1,0,1,1.0
HSDH,1,0,1,1.0
HSDM,3,0,3,1.0
HSDN,1,0,1,1.0
HSDS,1,0,1,1.0
HSDm,1,0,1,1.0
HSDs,0,1,1,0.0
HSHB,3,1,4,0.75
HSHD,0,0,0,
HSHH,0,1,1,0.0
HSHK,0,1,1,0.0
HSHL,0,2,2,0.0
HSHM,0,2,2,0.0
HSHN,1,2,3,0.33
HSHP,2,0,2,1.0
HSHS,2,0,2,1.0
HSHb,1,1,2,0.5
HSHh,0,0,0,
HSHl,1,0,1,1.0
HSHm,1,1,2,0.5
HSHn,2,2,4,0.5
HSHs,1,2,3,0.33
HSIH,1,0,1,1.0
HSIl,0,1,1,0.0
HSKS,0,1,1,0.0
HSKl,0,1,1,0.0
HSKn,0,1,1,0.0
HSLB,2,6,8,0.25
HSLL,1,2,3,0.33
HSLM,0,1,1,0.0
HSLN,3,3,6,0.5
HSLP,1,2,3,0.33
HSLS,0,2,2,0.0
HSLb,1,0,1,1.0
HSLh,2,0,2,1.0
HSLj,1,0,1,1.0
HSLl,2,1,3,0.67
HSLm,2,0,2,1.0
HSLn,2,1,3,0.67
HSLs,0,1,1,0.0
HSLt,2,0,2,1.0
HSMB,1,3,4,0.25
HSML,2,2,4,0.5
HSMM,2,4,6,0.33
HSMN,3,5,8,0.38
HSMP,6,5,11,0.55
HSMS,2,5,7,0.29
HSMb,5,5,10,0.5
HSMh,3,3,6,0.5
HSMj,1,3,4,0.25
HSMl,0,1,1,0.0
HSMm,1,2,3,0.33
HSMn,5,7,12,0.42
HSMs,7,1,8,0.88
HSMt,1,0,1,1.0
HSNB,1,0,1,1.0
HSND,0,1,1,0.0
HSNH,0,1,1,0.0
HSNK,0,0,0,
HSNL,3,1,4,0.75
HSNM,0,4,4,0.0
HSNN,0,4,4,0.0
HSNP,4,6,10,0.4
HSNS,3,3,6,0.5
HSNb,2,1,3,0.67
HSNh,1,0,1,1.0
HSNl,1,1,2,0.5
HSNm,1,1,2,0.5
HSNn,7,4,11,0.64
HSNs,2,2,4,0.5
HSPB,3,6,9,0.33
HSPH,2,1,3,0.67
HSPK,1,3,4,0.25
HSPL,2,1,3,0.67
HSPM,5,4,9,0.56
HSPN,6,1,7,0.86
HSPP,5,6,11,0.45
HSPS,3,9,12,0.25
HSPb,6,1,7,0.86
HSPh,0,1,1,0.0
HSPl,3,0,3,1.0
HSPm,8,1,9,0.89
HSPn,0,7,7,0.0
HSPs,5,4,9,0.56
HSPt,0,3,3,0.0
HSSB,1,1,2,0.5
HSSD,1,0,1,1.0
HSSH,1,1,2,0.5
HSSL,1,3,4,0.25
HSSM,2,3,5,0.4
HSSN,4,4,8,0.5
HSSP,5,6,11,0.45
HSSS,8,6,14,0.57
HSSb,3,6,9,0.33
HSSh,1,4,5,0.2
HSSl,0,0,0,
HSSm,7,1,8,0.88
HSSn,5,5,10,0.5
HSSs,4,4,8,0.5
HSSt,0,0,0,
HSbB,1,4,5,0.2
HSbD,1,0,1,1.0
HSbH,0,0,0,
HSbI,1,0,1,1.0
HSbJ,1,1,2,0.5
HSbL,1,2,3,0.33
HSbM,5,1,6,0.83
HSbN,3,3,6,0.5
HSbP,5,2,7,0.71
HSbS,1,1,2,0.5
HSbb,3,2,5,0.6
HSbm,4,2,6,0.67
HSbn,1,5,6,0.17
HSbs,1,2,3,0.33
HShB,0,1,1,0.0
HShD,0,1,1,0.0
HShI,1,0,1,1.0
HShK,0,1,1,0.0
HShL,5,1,6,0.83
HShM,1,1,2,0.5
HShN,2,1,3,0.67
HShP,3,0,3,1.0
HShS,4,1,5,0.8
HShb,0,5,5,0.0
HShh,3,1,4,0.75
HShl,2,2,4,0.5
HShm,4,2,6,0.67
HShn,3,5,8,0.38
HShs,1,0,1,1.0
HSht,0,1,1,0.0
HSlB,2,2,4,0.5
HSlH,1,1,2,0.5
HSlK,0,1,1,0.0
HSlL,2,1,3,0.67
HSlM,2,1,3,0.67
HSlN,2,1,3,0.67
HSlP,1,2,3,0.33
HSlS,5,0,5,1.0
HSlb,1,1,2,0.5
HSll,0,2,2,0.0
HSlm,0,3,3,0.0
HSln,1,0,1,1.0
HSls,1,0,1,1.0
HSmB,0,1,1,0.0
HSmD,1,0,1,1.0
HSmH,4,2,6,0.67
HSmI,1,1,2,0.5
HSmJ,0,1,1,0.0
HSmL,0,2,2,0.0
HSmM,1,0,1,1.0
HSmN,1,3,4,0.25
HSmP,2,3,5,0.4
HSmS,2,3,5,0.4
HSmb,3,1,4,0.75
HSml,2,0,2,1.0
HSmm,4,2,6,0.67
HSmn,2,3,5,0.4
HSms,3,2,5,0.6
HSnB,5,5,10,0.5
HSnH,2,1,3,0.67
HSnK,0,0,0,
HSnL,3,2,5,0.6
HSnM,0,4,4,0.0
HSnN,2,4,6,0.33
HSnP,8,5,13,0.62
HSnS,3,5,8,0.38
HSnb,5,0,5,1.0
HSnl,3,0,3,1.0
HSnm,4,4,8,0.5
HSnn,4,2,6,0.67
HSns,3,1,4,0.75
HSsB,4,4,8,0.5
HSsD,1,0,1,1.0
HSsH,6,4,10,0.6
HSsK,0,0,0,
HSsL,3,0,3,1.0
HSsM,6,6,12,0.5
HSsN,3,4,7,0.43
HSsP,6,3,9,0.67
HSsS,6,7,13,0.46
HSsb,5,4,9,0.56
HSsh,0,1,1,0.0
HSsl,2,0,2,1.0
HSsm,5,4,9,0.56
HSsn,5,2,7,0.71
HSss,8,9,17,0.47
HStM,1,0,1,1.0
HStN,1,3,4,0.25
HStS,1,2,3,0.33
HStb,1,1,2,0.5
HStm,1,0,1,1.0
HSts,1,0,1,1.0
HbBB,6,5,11,0.55
HbBL,1,1,2,0.5
HbBM,4,2,6,0.67
HbBN,2,3,5,0.4
HbBP,6,11,17,0.35
HbBS,3,3,6,0.5
HbBb,4,3,7,0.57
HbBj,1,2,3,0.33
HbBl,1,3,4,0.25
HbBm,2,1,3,0.67
HbBn,5,3,8,0.62
HbBs,2,1,3,0.67
HbBt,0,2,2,0.0
HbDB,1,0,1,1.0
HbDH,0,1,1,0.0
HbDM,1,1,2,0.5
HbDN,1,0,1,1.0
HbDP,0,1,1,0.0
HbDb,0,1,1,0.0
HbDm,1,2,3,0.33
HbHB,0,0,0,
HbHM,2,3,5,0.4
HbHN,1,1,2,0.5
HbHP,0,2,2,0.0
HbHb,0,1,1,0.0
HbHh,0,3,3,0.0
HbHl,0,1,1,0.0
HbHm,2,0,2,1.0
HbHn,2,1,3,0.67
HbIH,1,2,3,0.33
HbIL,0,0,0,
HbIM,1,0,1,1.0
HbIP,1,0,1,1.0
HbIS,1,0,1,1.0
HbIb,1,0,1,1.0
HbIn,1,0,1,1.0
HbIs,1,0,1,1.0
HbJB,0,0,0,
HbJH,0,1,1,0.0
HbJK,2,0,2,1.0
HbJL,2,1,3,0.67
HbJM,1,1,2,0.5
HbJN,2,1,3,0.67
HbJP,1,0,1,1.0
HbJS,0,1,1,0.0
HbJb,0,1,1,0.0
HbJh,1,0,1,1.0
HbJl,1,0,1,1.0
HbJm,0,2,2,0.0
HbJn,2,1,3,0.67
HbKB,0,1,1,0.0
HbKL,1,0,1,1.0
HbKP,0,1,1,0.0
HbKS,1,0,1,1.0
HbKb,0,0,0,
HbKh,0,1,1,0.0
HbKn,0,0,0,
HbLB,1,0,1,1.0
HbLL,0,2,2,0.0
HbLM,1,0,1,1.0
HbLN,0,1,1,0.0
HbLP,2,1,3,0.67
HbLS,1,0,1,1.0
HbLb,1,1,2,0.5
HbLh,0,1,1,0.0
HbLl,0,0,0,
HbLm,3,1,4,0.75
HbLn,1,1,2,0.5
HbLs,2,2,4,0.5
HbLt,1,0,1,1.0
HbMB,5,2,7,0.71
HbML,3,1,4,0.75
HbMM,2,1,3,0.67
HbMN,6,4,10,0.6
HbMP,10,3,13,0.77
HbMS,0,0,0,
HbMb,5,2,7,0.71
HbMh,3,6,9,0.33
HbMj,2,1,3,0.67
HbMl,1,4,5,0.2
HbMm,7,2,9,0.78
HbMn,2,3,5,0.4
HbMs,1,1,2,0.5
HbNB,2,2,4,0.5
HbNH,3,0,3,1.0
HbNK,2,0,2,1.0
HbNL,1,1,2,0.5
HbNM,5,6,11,0.45
HbNN,2,2,4,0.5
HbNP,7,7,14,0.5
HbNS,6,1,7,0.86
HbNb,5,4,9,0.56
HbNh,0,4,4,0.0
HbNl,0,2,2,0.0
HbNm,4,4,8,0.5
HbNn,7,9,16,0.44
HbNs,1,0,1,1.0
HbNt,0,2,2,0.0
HbPB,5,6,11,0.45
HbPL,5,1,6,0.83
HbPM,8,6,14,0.57
HbPN,5,8,13,0.38
HbPP,11,7,18,0.61
HbPS,3,1,4,0.75
HbPb,4,2,6,0.67
HbPh,1,0,1,1.0
HbPl,3,1,4,0.75
HbPm,1,2,3,0.33
HbPn,4,9,13,0.31
HbPs,4,4,8,0.5
HbPt,0,1,1,0.0
HbSB,3,2,5,0.6
HbSH,3,0,3,1.0
HbSL,1,1,2,0.5
HbSM,2,3,5,0.4
HbSN,1,2,3,0.33
HbSP,3,4,7,0.43
HbSS,3,2,5,0.6
HbSb,1,1,2,0.5
HbSh,4,3,7,0.57
HbSm,2,0,2,1.0
HbSn,6,4,10,0.6
HbSs,1,3,4,0.25
HbSt,0,3,3,0.0
HbbB,3,6,9,0.33
HbbH,3,1,4,0.75
HbbI,0,1,1,0.0
HbbJ,3,0,3,1.0
HbbL,1,1,2,0.5
HbbM,2,4,6,0.33
HbbN,2,9,11,0.18
HbbP,5,3,8,0.62
HbbS,2,4,6,0.33
Hbbb,7,3,10,0.7
Hbbl,0,2,2,0.0
Hbbm,6,3,9,0.67
Hbbn,0,1,1,0.0
Hbbs,1,2,3,0.33
HblB,1,1,2,0.5
HblL,0,0,0,
HblM,3,1,4,0.75
HblN,1,1,2,0.5
HblP,0,2,2,0.0
HblS,0,1,1,0.0
Hblb,2,0,2,1.0
Hbll,0,2,2,0.0
Hblm,0,0,0,
Hbln,1,1,2,0.5
Hbls,1,0,1,1.0
HbmB,5,2,7,0.71
HbmD,1,0,1,1.0
HbmH,3,3,6,0.5
HbmJ,0,1,1,0.0
HbmL,0,0,0,
HbmM,5,1,6,0.83
HbmN,2,3,5,0.4
HbmP,4,1,5,0.8
HbmS,1,1,2,0.5
Hbmb,2,3,5,0.4
Hbml,1,0,1,1.0
Hbmm,1,3,4,0.25
Hbmn,1,1,2,0.5
Hbms,1,0,1,1.0
HbnB,2,2,4,0.5
HbnH,1,0,1,1.0
HbnK,0,0,0,
HbnL,2,2,4,0.5
HbnM,4,2,6,0.67
HbnN,6,4,10,0.6
HbnP,9,5,14,0.64
HbnS,4,6,10,0.4
Hbnb,9,4,13,0.69
Hbnl,0,1,1,0.0
Hbnm,2,3,5,0.4
Hbnn,3,4,7,0.43
Hbns,1,1,2,0.5
HbsB,1,0,1,1.0
HbsD,1,1,2,0.5
HbsH,1,2,3,0.33
HbsI,1,0,1,1.0
HbsL,1,1,2,0.5
HbsM,1,5,6,0.17
HbsN,1,5,6,0.17
HbsP,0,2,2,0.0
HbsS,1,1,2,0.5
Hbsb,4,1,5,0.8
Hbsl,2,2,4,0.5
Hbsm,1,1,2,0.5
Hbsn,3,2,5,0.6
Hbss,2,0,2,1.0
HhBB,0,3,3,0.0
HhBD,1,0,1,1.0
HhBM,0,1,1,0.0
HhBN,0,3,3,0.0
HhBP,2,1,3,0.67
HhBS,0,0,0,
HhBb,3,2,5,0.6
HhBj,0,1,1,0.0
HhBl,0,0,0,
HhBm,0,1,1,0.0
HhBn,0,1,1,0.0
HhDM,0,1,1,0.0
HhDP,1,1,2,0.5
HhDb,0,1,1,0.0
HhDm,0,1,1,0.0
HhHB,0,1,1,0.0
HhHH,0,0,0,
HhHP,0,0,0,
HhHS,0,0,0,
HhHh,1,0,1,1.0
HhHm,1,0,1,1.0
HhHs,1,2,3,0.33
HhIH,1,0,1,1.0
HhIP,1,0,1,1.0
HhKN,1,0,1,1.0
HhKs,0,1,1,0.0
HhLB,1,1,2,0.5
HhLL,0,1,1,0.0
HhLM,0,3,3,0.0
HhLN,0,1,1,0.0
HhLP,2,0,2,1.0
HhLS,0,1,1,0.0
HhLl,0,1,1,0.0
HhLm,0,1,1,0.0
HhLn,0,1,1,0.0
HhLs,1,0,1,1.0
HhMB,1,3,4,0.25
HhML,2,0,2,1.0
HhMM,2,0,2,1.0
HhMN,0,0,0,
HhMP,4,1,5,0.8
HhMS,0,1,1,0.0
HhMb,3,3,6,0.5
HhMh,3,1,4,0.75
HhMl,1,2,3,0.33
HhMm,1,2,3,0.33
HhMn,2,2,4,0.5
HhMs,1,2,3,0.33
HhNH,0,1,1,0.0
HhNL,0,1,1,0.0
HhNM,2,1,3,0.67
HhNN,2,0,2,1.0
HhNP,1,3,4,0.25
HhNS,0,1,1,0.0
HhNb,2,0,2,1.0
HhNl,0,3,3,0.0
HhNm,3,0,3,1.0
HhNn,2,4,6,0.33
HhNs,1,2,3,0.33
HhNt,1,0,1,1.0
HhPB,1,2,3,0.33
HhPI,1,0,1,1.0
HhPL,0,1,1,0.0
HhPM,3,3,6,0.5
HhPN,2,3,5,0.4
HhPP,4,9,13,0.31
HhPS,2,0,2,1.0
HhPb,5,1,6,0.83
HhPl,0,1,1,0.0
HhPm,2,2,4,0.5
HhPn,1,1,2,0.5
HhPs,6,1,7,0.86
HhPt,1,0,1,1.0
HhSH,0,1,1,0.0
HhSK,0,1,1,0.0
HhSL,0,1,1,0.0
HhSM,1,3,4,0.25
HhSN,0,1,1,0.0
HhSP,3,0,3,1.0
HhSS,2,5,7,0.29
HhSb,4,3,7,0.57
HhSh,1,1,2,0.5
HhSl,1,0,1,1.0
HhSm,2,0,2,1.0
HhSn,0,2,2,0.0
HhSs,3,4,7,0.43
HhSt,0,1,1,0.0
HhbB,5,4,9,0.56
HhbH,1,1,2,0.5
HhbJ,0,1,1,0.0
HhbK,1,0,1,1.0
HhbL,2,0,2,1.0
HhbM,0,1,1,0.0
HhbN,4,1,5,0.8
HhbP,0,3,3,0.0
HhbS,3,0,3,1.0
Hhbb,3,1,4,0.75
Hhbl,0,1,1,0.0
Hhbm,1,0,1,1.0
Hhbn,2,0,2,1.0
HhhB,0,1,1,0.0
HhhH,1,2,3,0.33
HhhL,0,1,1,0.0
HhhM,0,1,1,0.0
HhhN,1,2,3,0.33
HhhP,0,2,2,0.0
HhhS,0,3,3,0.0
Hhhb,1,3,4,0.25
Hhhh,1,0,1,1.0
Hhhl,0,1,1,0.0
Hhhm,0,1,1,0.0
Hhhn,2,2,4,0.5
HhlB,0,1,1,0.0
HhlH,1,0,1,1.0
HhlL,0,1,1,0.0
HhlM,1,2,3,0.33
HhlN,1,0,1,1.0
HhlP,0,0,0,
HhlS,2,2,4,0.5
Hhlb,1,1,2,0.5
Hhlm,3,0,3,1.0
Hhln,0,0,0,
Hhls,1,2,3,0.33
HhmB,0,1,1,0.0
HhmH,0,0,0,
HhmL,1,2,3,0.33
HhmM,2,4,6,0.33
HhmN,1,2,3,0.33
HhmP,5,3,8,0.62
HhmS,0,2,2,0.0
Hhmb,2,1,3,0.67
Hhmh,0,1,1,0.0
Hhml,1,0,1,1.0
Hhmn,1,0,1,1.0
Hhms,2,0,2,1.0
HhnB,3,0,3,1.0
HhnH,1,0,1,1.0
HhnI,1,0,1,1.0
HhnL,1,1,2,0.5
HhnM,0,2,2,0.0
HhnN,2,3,5,0.4
HhnP,2,5,7,0.29
HhnS,4,0,4,1.0
Hhnb,1,0,1,1.0
Hhnl,0,1,1,0.0
Hhnm,1,2,3,0.33
Hhnn,1,2,3,0.33
Hhns,1,2,3,0.33
HhsB,0,0,0,
HhsH,2,2,4,0.5
HhsK,0,0,0,
HhsL,0,2,2,0.0
HhsM,4,3,7,0.57
HhsN,1,0,1,1.0
HhsP,0,1,1,0.0
HhsS,3,7,10,0.3
Hhsb,1,1,2,0.5
Hhsl,0,0,0,
Hhsm,0,0,0,
Hhsn,2,1,3,0.67
Hhss,1,1,2,0.5
HhtM,0,1,1,0.0
HhtN,0,0,0,
HhtP,1,0,1,1.0
HhtS,1,0,1,1.0
Hhtb,1,0,1,1.0
Hhtl,1,0,1,1.0
Hhtn,0,1,1,0.0
HlBB,2,3,5,0.4
HlBK,1,0,1,1.0
HlBL,0,1,1,0.0
HlBM,2,2,4,0.5
HlBN,1,0,1,1.0
HlBP,2,1,3,0.67
HlBS,2,4,6,0.33
HlBb,0,1,1,0.0
HlBh,0,1,1,0.0
HlBj,1,0,1,1.0
HlBl,2,0,2,1.0
HlBn,2,3,5,0.4
HlBs,1,2,3,0.33
HlBt,0,1,1,0.0
HlDB,0,1,1,0.0
HlDs,1,1,2,0.5
HlHB,1,1,2,0.5
HlHL,0,0,0,
HlHM,1,1,2,0.5
HlHN,2,2,4,0.5
HlHS,2,0,2,1.0
HlHb,0,1,1,0.0
HlHh,1,0,1,1.0
HlHl,0,0,0,
HlHm,2,1,3,0.67
HlHn,1,0,1,1.0
HlHs,1,1,2,0.5
HlIN,0,1,1,0.0
HlIb,0,1,1,0.0
HlIm,1,0,1,1.0
HlJD,1,0,1,1.0
HlJL,0,0,0,
HlJN,2,1,3,0.67
HlJP,1,1,2,0.5
HlJb,1,0,1,1.0
HlJm,0,2,2,0.0
HlJn,1,0,1,1.0
HlKh,1,0,1,1.0
HlLB,0,2,2,0.0
HlLL,0,1,1,0.0
HlLM,2,0,2,1.0
HlLN,2,0,2,1.0
HlLP,0,1,1,0.0
HlLS,0,0,0,
HlLh,2,0,2,1.0
HlLj,1,1,2,0.5
HlLl,0,1,1,0.0
HlLm,1,0,1,1.0
HlLn,1,1,2,0.5
HlLs,2,0,2,1.0
HlMB,1,1,2,0.5
HlML,0,1,1,0.0
HlMM,2,2,4,0.5
HlMN,0,1,1,0.0
HlMP,0,3,3,0.0
HlMS,1,2,3,0.33
HlMb,1,1,2,0.5
HlMh,1,1,2,0.5
HlMj,0,1,1,0.0
HlMl,1,1,2,0.5
HlMm,1,2,3,0.33
HlMn,3,6,9,0.33
HlMs,1,2,3,0.33
HlNB,0,2,2,0.0
HlND,1,0,1,1.0
HlNK,1,0,1,1.0
HlNL,1,0,1,1.0
HlNM,1,3,4,0.25
HlNN,2,2,4,0.5
HlNP,3,6,9,0.33
HlNS,0,1,1,0.0
HlNb,1,4,5,0.2
HlNh,0,0,0,
HlNl,1,0,1,1.0
HlNm,1,1,2,0.5
HlNn,3,0,3,1.0
HlNs,4,0,4,1.0
HlPB,2,1,3,0.67
HlPI,0,1,1,0.0
HlPM,1,2,3,0.33
HlPN,0,3,3,0.0
HlPP,3,4,7,0.43
HlPS,1,2,3,0.33
HlPb,3,1,4,0.75
HlPl,2,0,2,1.0
HlPm,2,1,3,0.67
HlPn,0,1,1,0.0
HlPs,1,1,2,0.5
HlPt,1,0,1,1.0
HlSB,0,0,0,
HlSH,0,1,1,0.0
HlSL,0,1,1,0.0
HlSM,1,3,4,0.25
HlSN,0,3,3,0.0
HlSP,1,1,2,0.5
HlSS,2,0,2,1.0
HlSb,2,1,3,0.67
HlSh,1,1,2,0.5
HlSl,1,0,1,1.0
HlSm,1,0,1,1.0
HlSn,1,0,1,1.0
HlSs,1,1,2,0.5
HlSt,0,2,2,0.0
HlbB,1,4,5,0.2
HlbH,0,1,1,0.0
HlbM,1,0,1,1.0
HlbN,5,5,10,0.5
HlbP,0,2,2,0.0
HlbS,0,2,2,0.0
Hlbb,5,3,8,0.62
Hlbm,1,1,2,0.5
Hlbn,0,2,2,0.0
Hlbs,0,1,1,0.0
HllB,0,1,1,0.0
HllH,1,1,2,0.5
HllM,1,1,2,0.5
HllN,1,0,1,1.0
HllP,1,0,1,1.0
HllS,0,2,2,0.0
Hllb,1,0,1,1.0
Hlln,1,0,1,1.0
HlmB,2,0,2,1.0
HlmD,1,0,1,1.0
HlmH,0,1,1,0.0
HlmJ,1,0,1,1.0
HlmM,4,3,7,0.57
HlmN,1,0,1,1.0
HlmP,1,1,2,0.5
HlmS,1,0,1,1.0
Hlmb,2,1,3,0.67
Hlml,2,0,2,1.0
Hlmm,0,0,0,
Hlmn,2,1,3,0.67
Hlms,1,0,1,1.0
HlnB,1,0,1,1.0
HlnH,2,1,3,0.67
HlnI,0,0,0,
HlnL,0,0,0,
HlnM,0,0,0,
HlnN,2,2,4,0.5
HlnP,2,0,2,1.0
HlnS,2,1,3,0.67
Hlnb,1,0,1,1.0
Hlnl,0,1,1,0.0
Hlnm,1,1,2,0.5
Hlnn,4,2,6,0.67
Hlns,2,2,4,0.5
HlsB,1,0,1,1.0
HlsH,0,1,1,0.0
HlsM,0,2,2,0.0
HlsN,3,2,5,0.6
HlsP,1,0,1,1.0
HlsS,2,0,2,1.0
Hlsb,3,0,3,1.0
Hlsl,1,1,2,0.5
Hlsm,1,0,1,1.0
Hlsn,2,1,3,0.67
Hlss,1,0,1,1.0
HmBB,2,5,7,0.29
HmBK,0,1,1,0.0
HmBL,2,2,4,0.5
HmBM,2,3,5,0.4
HmBN,5,3,8,0.62
HmBP,6,2,8,0.75
HmBS,2,3,5,0.4
HmBb,4,1,5,0.8
HmBl,3,3,6,0.5
HmBm,4,3,7,0.57
HmBn,6,3,9,0.67
HmBs,3,1,4,0.75
HmBt,0,0,0,
HmDB,1,0,1,1.0
HmDL,0,1,1,0.0
HmDM,1,0,1,1.0
HmDP,0,1,1,0.0
HmDS,1,0,1,1.0
HmDb,0,1,1,0.0
HmDm,3,1,4,0.75
HmDn,1,1,2,0.5
HmDs,0,0,0,
HmDt,0,0,0,
HmHB,1,1,2,0.5
HmHH,2,0,2,1.0
HmHK,1,0,1,1.0
HmHL,1,0,1,1.0
HmHM,2,1,3,0.67
HmHN,2,6,8,0.25
HmHP,2,3,5,0.4
HmHS,2,0,2,1.0
HmHb,1,2,3,0.33
HmHh,2,3,5,0.4
HmHl,0,2,2,0.0
HmHm,2,1,3,0.67
HmHn,4,3,7,0.57
HmHs,2,1,3,0.67
HmHt,0,1,1,0.0
HmIB,1,0,1,1.0
HmIM,0,1,1,0.0
HmIP,2,0,2,1.0
HmIb,0,1,1,0.0
HmIn,1,0,1,1.0
HmJB,2,0,2,1.0
HmJD,1,0,1,1.0
HmJL,1,1,2,0.5
HmJM,1,2,3,0.33
HmJN,1,0,1,1.0
HmJP,1,0,1,1.0
HmJS,0,2,2,0.0
HmJb,0,1,1,0.0
HmJm,1,0,1,1.0
HmJs,1,0,1,1.0
HmKb,0,1,1,0.0
HmLB,3,2,5,0.6
HmLD,0,1,1,0.0
HmLL,0,2,2,0.0
HmLM,1,2,3,0.33
HmLN,3,1,4,0.75
HmLP,2,2,4,0.5
HmLS,1,3,4,0.25
HmLb,0,2,2,0.0
HmLh,0,2,2,0.0
HmLm,1,1,2,0.5
HmLn,2,2,4,0.5
HmLs,0,2,2,0.0
HmMB,4,5,9,0.44
HmMD,1,1,2,0.5
HmML,3,1,4,0.75
HmMM,1,2,3,0.33
HmMN,2,4,6,0.33
HmMP,2,3,5,0.4
HmMS,5,2,7,0.71
HmMb,3,3,6,0.5
HmMh,2,2,4,0.5
HmMj,3,1,4,0.75
HmMl,1,2,3,0.33
HmMm,3,4,7,0.43
HmMn,5,7,12,0.42
HmMs,3,5,8,0.38
HmMt,1,0,1,1.0
HmNB,2,1,3,0.67
HmND,0,0,0,
HmNL,2,2,4,0.5
HmNM,4,8,12,0.33
HmNN,3,4,7,0.43
HmNP,4,10,14,0.29
HmNS,3,4,7,0.43
HmNb,1,2,3,0.33
HmNh,1,3,4,0.25
HmNl,3,0,3,1.0
HmNm,4,3,7,0.57
HmNn,8,6,14,0.57
HmNs,4,4,8,0.5
HmNt,1,0,1,1.0
HmPB,7,7,14,0.5
HmPD,2,0,2,1.0
HmPH,0,2,2,0.0
HmPL,0,1,1,0.0
HmPM,4,5,9,0.44
HmPN,3,5,8,0.38
HmPP,10,11,21,0.48
HmPS,2,4,6,0.33
HmPb,4,4,8,0.5
HmPl,1,5,6,0.17
HmPm,2,2,4,0.5
HmPn,7,5,12,0.58
HmPs,4,3,7,0.57
HmPt,0,1,1,0.0
HmSB,0,1,1,0.0
HmSD,0,1,1,0.0
HmSH,0,0,0,
HmSL,0,1,1,0.0
HmSM,3,1,4,0.75
HmSN,0,0,0,
HmSP,4,5,9,0.44
HmSS,4,5,9,0.44
HmSb,1,2,3,0.33
HmSh,0,2,2,0.0
HmSl,0,1,1,0.0
HmSm,6,0,6,1.0
HmSn,1,3,4,0.25
HmSs,2,5,7,0.29
HmSt,1,0,1,1.0
HmbB,3,1,4,0.75
HmbH,1,1,2,0.5
HmbI,1,0,1,1.0
HmbJ,3,0,3,1.0
HmbL,3,0,3,1.0
HmbM,2,8,10,0.2
HmbN,8,3,11,0.73
HmbP,1,3,4,0.25
HmbS,3,0,3,1.0
Hmbb,5,1,6,0.83
Hmbl,2,0,2,1.0
Hmbm,2,0,2,1.0
Hmbn,6,3,9,0.67
HmlB,0,1,1,0.0
HmlD,0,0,0,
HmlH,1,0,1,1.0
HmlI,0,0,0,
HmlJ,1,1,2,0.5
HmlM,1,2,3,0.33
HmlN,1,2,3,0.33
HmlP,0,3,3,0.0
HmlS,3,1,4,0.75
Hmlb,2,0,2,1.0
Hmll,2,1,3,0.67
Hmlm,0,1,1,0.0
Hmln,1,1,2,0.5
Hmls,0,1,1,0.0
HmmB,2,4,6,0.33
HmmH,2,1,3,0.67
HmmI,1,0,1,1.0
HmmJ,2,1,3,0.67
HmmL,1,1,2,0.5
HmmM,2,4,6,0.33
HmmN,2,2,4,0.5
HmmP,2,3,5,0.4
HmmS,3,0,3,1.0
Hmmb,5,5,10,0.5
Hmml,1,0,1,1.0
Hmmm,2,2,4,0.5
Hmmn,3,0,3,1.0
Hmms,2,0,2,1.0
HmnB,3,4,7,0.43
HmnD,1,1,2,0.5
HmnH,3,1,4,0.75
HmnL,2,1,3,0.67
HmnM,1,3,4,0.25
HmnN,5,5,10,0.5
HmnP,5,6,11,0.45
HmnS,2,2,4,0.5
Hmnb,3,1,4,0.75
Hmnl,0,2,2,0.0
Hmnm,3,2,5,0.6
Hmnn,3,4,7,0.43
Hmns,1,1,2,0.5
HmsB,1,1,2,0.5
HmsH,1,0,1,1.0
HmsL,1,0,1,1.0
HmsM,2,0,2,1.0
HmsN,2,1,3,0.67
HmsP,1,2,3,0.33
HmsS,4,2,6,0.67
Hmsb,4,1,5,0.8
Hmsm,0,1,1,0.0
Hmsn,6,3,9,0.67
Hmss,1,0,1,1.0
HnBB,4,2,6,0.67
HnBK,1,0,1,1.0
HnBL,0,2,2,0.0
HnBM,2,3,5,0.4
HnBN,6,3,9,0.67
HnBP,4,6,10,0.4
HnBS,2,7,9,0.22
HnBb,3,3,6,0.5
HnBj,1,0,1,1.0
HnBl,2,2,4,0.5
HnBm,2,3,5,0.4
HnBn,4,2,6,0.67
HnBs,0,0,0,
HnBt,0,0,0,
HnDI,0,1,1,0.0
HnDM,0,1,1,0.0
HnDP,1,0,1,1.0
HnDm,1,0,1,1.0
HnDs,1,0,1,1.0
HnHB,3,1,4,0.75
HnHH,1,0,1,1.0
HnHI,1,0,1,1.0
HnHK,1,0,1,1.0
HnHL,0,1,1,0.0
HnHM,4,2,6,0.67
HnHN,1,5,6,0.17
HnHP,2,2,4,0.5
HnHS,1,2,3,0.33
HnHb,3,1,4,0.75
HnHh,1,2,3,0.33
HnHl,0,2,2,0.0
HnHm,3,2,5,0.6
HnHn,2,2,4,0.5
HnHs,4,1,5,0.8
HnIB,0,1,1,0.0
HnIH,0,1,1,0.0
HnIM,1,3,4,0.25
HnIN,1,3,4,0.25
HnIS,1,0,1,1.0
HnIb,2,2,4,0.5
HnIn,0,1,1,0.0
HnKB,1,0,1,1.0
HnKP,1,0,1,1.0
HnKs,0,1,1,0.0
HnLB,1,2,3,0.33
HnLL,0,1,1,0.0
HnLM,2,2,4,0.5
HnLN,1,3,4,0.25
HnLP,3,3,6,0.5
HnLS,1,1,2,0.5
HnLb,0,1,1,0.0
HnLh,0,1,1,0.0
HnLl,1,1,2,0.5
HnLm,2,3,5,0.4
HnLn,2,2,4,0.5
HnLs,1,0,1,1.0
HnLt,0,1,1,0.0
HnMB,5,2,7,0.71
HnML,1,1,2,0.5
HnMM,1,2,3,0.33
HnMN,7,5,12,0.58
HnMP,1,3,4,0.25
HnMS,5,1,6,0.83
HnMb,5,4,9,0.56
HnMh,9,2,11,0.82
HnMj,2,2,4,0.5
HnMl,4,4,8,0.5
HnMm,4,4,8,0.5
HnMn,7,6,13,0.54
HnMs,2,0,2,1.0
HnMt,1,0,1,1.0
HnNB,5,5,10,0.5
HnND,0,2,2,0.0
HnNH,1,0,1,1.0
HnNK,0,0,0,
HnNL,2,0,2,1.0
HnNM,2,4,6,0.33
HnNN,10,3,13,0.77
HnNP,11,11,22,0.5
HnNS,2,5,7,0.29
HnNb,4,4,8,0.5
HnNh,4,2,6,0.67
HnNl,1,4,5,0.2
HnNm,3,3,6,0.5
HnNn,9,4,13,0.69
HnNs,7,6,13,0.54
HnNt,1,1,2,0.5
HnPB,5,7,12,0.42
HnPD,1,1,2,0.5
HnPH,0,1,1,0.0
HnPI,1,1,2,0.5
HnPL,9,4,13,0.69
HnPM,4,8,12,0.33
HnPN,8,6,14,0.57
HnPP,16,14,30,0.53
HnPS,5,4,9,0.56
HnPb,9,4,13,0.69
HnPh,3,1,4,0.75
HnPl,2,1,3,0.67
HnPm,9,7,16,0.56
HnPn,5,11,16,0.31
HnPs,8,6,14,0.57
HnPt,0,1,1,0.0
HnSB,4,2,6,0.67
HnSD,2,0,2,1.0
HnSH,3,1,4,0.75
HnSL,2,3,5,0.4
HnSM,3,4,7,0.43
HnSN,5,4,9,0.56
HnSP,12,4,16,0.75
HnSS,4,5,9,0.44
HnSb,3,2,5,0.6
HnSh,4,2,6,0.67
HnSl,1,1,2,0.5
HnSm,6,6,12,0.5
HnSn,4,3,7,0.57
HnSs,4,3,7,0.57
HnSt,0,1,1,0.0
HnbB,4,5,9,0.44
HnbD,1,0,1,1.0
HnbH,2,1,3,0.67
HnbI,0,1,1,0.0
HnbJ,0,2,2,0.0
HnbL,0,2,2,0.0
HnbM,2,7,9,0.22
HnbN,7,4,11,0.64
HnbP,4,5,9,0.44
HnbS,2,2,4,0.5
Hnbb,5,2,7,0.71
Hnbl,0,0,0,
Hnbm,4,2,6,0.67
Hnbn,4,0,4,1.0
Hnbs,2,2,4,0.5
HnhB,0,1,1,0.0
HnhN,1,0,1,1.0
HnhS,2,0,2,1.0
Hnhs,0,4,4,0.0
HnlB,1,2,3,0.33
HnlH,2,0,2,1.0
HnlI,0,0,0,
HnlJ,0,0,0,
HnlL,4,1,5,0.8
HnlM,1,4,5,0.2
HnlN,3,3,6,0.5
HnlP,1,3,4,0.25
HnlS,1,3,4,0.25
Hnlb,4,2,6,0.67
Hnlm,3,1,4,0.75
Hnln,2,2,4,0.5
HnmB,4,6,10,0.4
HnmD,0,0,0,
HnmH,2,0,2,1.0
HnmI,0,1,1,0.0
HnmJ,2,2,4,0.5
HnmL,2,1,3,0.67
HnmM,3,5,8,0.38
HnmN,3,2,5,0.6
HnmP,3,6,9,0.33
HnmS,2,3,5,0.4
Hnmb,10,3,13,0.77
Hnml,1,1,2,0.5
Hnmm,3,7,10,0.3
Hnmn,1,3,4,0.25
Hnms,0,1,1,0.0
HnnB,4,8,12,0.33
HnnH,2,2,4,0.5
HnnI,0,1,1,0.0
HnnK,1,0,1,1.0
HnnL,5,1,6,0.83
HnnM,4,5,9,0.44
HnnN,7,8,15,0.47
HnnP,4,13,17,0.24
HnnS,2,3,5,0.4
Hnnb,3,8,11,0.27
Hnnl,1,2,3,0.33
Hnnm,2,4,6,0.33
Hnnn,7,5,12,0.58
Hnns,1,2,3,0.33
HnsB,3,0,3,1.0
HnsH,5,3,8,0.62
HnsI,1,1,2,0.5
HnsL,1,0,1,1.0
HnsM,2,3,5,0.4
HnsN,9,5,14,0.64
HnsP,2,5,7,0.29
HnsS,6,1,7,0.86
Hnsb,5,0,5,1.0
Hnsh,0,0,0,
Hnsl,2,2,4,0.5
Hnsm,3,3,6,0.5
Hnsn,4,3,7,0.57
Hnss,0,3,3,0.0
HsBB,4,2,6,0.67
HsBL,1,1,2,0.5
HsBM,1,1,2,0.5
HsBN,3,2,5,0.6
HsBP,2,2,4,0.5
HsBS,1,1,2,0.5
HsBb,3,3,6,0.5
HsBj,1,0,1,1.0
HsBl,1,0,1,1.0
HsBm,3,4,7,0.43
HsBn,3,5,8,0.38
HsBs,1,3,4,0.25
HsBt,1,1,2,0.5
HsDH,0,1,1,0.0
HsDL,0,1,1,0.0
HsDN,1,0,1,1.0
HsDP,1,0,1,1.0
HsDS,1,0,1,1.0
HsDb,2,0,2,1.0
HsDs,0,1,1,0.0
HsHB,3,3,6,0.5
HsHD,1,0,1,1.0
HsHH,0,1,1,0.0
HsHI,0,1,1,0.0
HsHL,2,0,2,1.0
HsHM,2,4,6,0.33
HsHN,2,2,4,0.5
HsHP,2,8,10,0.2
HsHS,4,3,7,0.57
HsHb,4,3,7,0.57
HsHh,2,0,2,1.0
HsHl,2,0,2,1.0
HsHm,5,3,8,0.62
HsHn,4,0,4,1.0
HsHs,3,4,7,0.43
HsIM,1,2,3,0.33
HsIN,1,0,1,1.0
HsIP,1,0,1,1.0
HsIS,0,1,1,0.0
HsIb,1,0,1,1.0
HsIs,2,2,4,0.5
HsKL,0,1,1,0.0
HsKP,1,0,1,1.0
HsKb,2,0,2,1.0
HsKh,0,1,1,0.0
HsLB,2,2,4,0.5
HsLM,4,2,6,0.67
HsLN,0,1,1,0.0
HsLP,1,3,4,0.25
HsLS,0,1,1,0.0
HsLb,0,3,3,0.0
HsLm,1,1,2,0.5
HsLn,0,1,1,0.0
HsLs,1,3,4,0.25
HsMB,4,5,9,0.44
HsMD,0,1,1,0.0
HsML,0,0,0,
HsMM,2,3,5,0.4
HsMN,4,2,6,0.67
HsMP,1,6,7,0.14
HsMS,2,1,3,0.67
HsMb,2,2,4,0.5
HsMh,5,3,8,0.62
HsMl,0,2,2,0.0
HsMm,5,0,5,1.0
HsMn,7,4,11,0.64
HsMs,6,2,8,0.75
HsMt,0,1,1,0.0
HsNB,3,1,4,0.75
HsNH,0,3,3,0.0
HsNL,0,2,2,0.0
HsNM,2,6,8,0.25
HsNN,2,5,7,0.29
HsNP,7,4,11,0.64
HsNS,2,3,5,0.4
HsNb,4,2,6,0.67
HsNh,1,1,2,0.5
HsNl,3,0,3,1.0
HsNm,3,2,5,0.6
HsNn,8,6,14,0.57
HsNs,7,4,11,0.64
HsNt,0,2,2,0.0
HsPB,4,5,9,0.44
HsPD,0,1,1,0.0
HsPH,0,3,3,0.0
HsPL,3,5,8,0.38
HsPM,5,3,8,0.62
HsPN,5,6,11,0.45
HsPP,7,10,17,0.41
HsPS,5,2,7,0.71
HsPb,5,5,10,0.5
HsPl,3,2,5,0.6
HsPm,6,4,10,0.6
HsPn,6,6,12,0.5
HsPs,8,5,13,0.62
HsPt,1,1,2,0.5
HsSB,2,3,5,0.4
HsSH,1,3,4,0.25
HsSI,1,1,2,0.5
HsSK,1,0,1,1.0
HsSL,2,1,3,0.67
HsSM,4,7,11,0.36
HsSN,4,4,8,0.5
HsSP,9,5,14,0.64
HsSS,8,1,9,0.89
HsSb,5,1,6,0.83
HsSh,2,3,5,0.4
HsSl,3,1,4,0.75
HsSm,4,8,12,0.33
HsSn,6,5,11,0.55
HsSs,7,7,14,0.5
HsSt,3,0,3,1.0
HsbB,5,3,8,0.62
HsbI,0,1,1,0.0
HsbJ,2,1,3,0.67
HsbL,1,2,3,0.33
HsbM,1,3,4,0.25
HsbN,2,4,6,0.33
HsbP,3,2,5,0.6
HsbS,1,3,4,0.25
Hsbb,5,2,7,0.71
Hsbl,1,1,2,0.5
Hsbm,4,1,5,0.8
Hsbn,2,3,5,0.4
Hsbs,3,1,4,0.75
HshH,0,0,0,
HshM,1,0,1,1.0
HshP,1,0,1,1.0
Hshl,0,1,1,0.0
Hshn,0,1,1,0.0
HslB,4,2,6,0.67
HslJ,0,1,1,0.0
HslL,0,1,1,0.0
HslM,5,0,5,1.0
HslN,1,0,1,1.0
HslP,2,1,3,0.67
HslS,3,1,4,0.75
Hslb,2,3,5,0.4
Hsll,0,1,1,0.0
Hslm,1,0,1,1.0
Hsln,4,0,4,1.0
Hsls,0,0,0,
HsmB,3,2,5,0.6
HsmD,2,0,2,1.0
HsmH,4,3,7,0.57
HsmJ,0,1,1,0.0
HsmL,0,1,1,0.0
HsmM,1,1,2,0.5
HsmN,7,3,10,0.7
HsmP,2,6,8,0.25
HsmS,2,2,4,0.5
Hsmb,2,4,6,0.33
Hsml,1,0,1,1.0
Hsmm,4,4,8,0.5
Hsmn,3,3,6,0.5
Hsms,4,0,4,1.0
HsnB,1,1,2,0.5
HsnD,1,0,1,1.0
HsnH,2,1,3,0.67
HsnI,1,0,1,1.0
HsnM,1,0,1,1.0
HsnN,1,8,9,0.11
HsnP,3,3,6,0.5
HsnS,1,3,4,0.25
Hsnb,1,2,3,0.33
Hsnm,3,1,4,0.75
Hsnn,0,4,4,0.0
Hsns,5,3,8,0.62
HssB,1,3,4,0.25
HssD,2,0,2,1.0
HssH,3,3,6,0.5
HssL,2,2,4,0.5
HssM,4,6,10,0.4
HssN,5,8,13,0.38
HssP,3,0,3,1.0
HssS,8,6,14,0.57
Hssb,3,4,7,0.43
Hssl,0,3,3,0.0
Hssm,1,4,5,0.2
Hssn,2,1,3,0.67
Hsss,5,3,8,0.62
HtBL,1,0,1,1.0
HtBM,0,1,1,0.0
HtBN,1,0,1,1.0
HtBP,1,0,1,1.0
HtBb,1,0,1,1.0
HtBl,0,1,1,0.0
HtBm,0,1,1,0.0
HtBt,1,0,1,1.0
HtHB,1,0,1,1.0
HtHl,0,1,1,0.0
HtHs,0,1,1,0.0
HtIM,1,0,1,1.0
HtLB,1,0,1,1.0
HtLL,0,0,0,
HtLl,1,0,1,1.0
HtMB,2,0,2,1.0
HtMP,0,0,0,
HtMS,0,1,1,0.0
HtMb,1,1,2,0.5
HtMl,1,0,1,1.0
HtMn,0,1,1,0.0
HtNN,0,0,0,
HtNb,1,0,1,1.0
HtNl,0,0,0,
HtPB,0,1,1,0.0
HtPI,1,0,1,1.0
HtPM,2,0,2,1.0
HtPN,0,1,1,0.0
HtPP,1,0,1,1.0
HtPS,1,2,3,0.33
HtPb,1,2,3,0.33
HtPl,0,1,1,0.0
HtPm,0,1,1,0.0
HtSB,0,1,1,0.0
HtSP,2,0,2,1.0
HtSS,1,0,1,1.0
HtbB,1,0,1,1.0
HtbM,0,0,0,
HtbN,0,1,1,0.0
HtbP,1,1,2,0.5
Htbl,1,0,1,1.0
HthP,0,0,0,
HtlB,0,1,1,0.0
HtlN,0,1,1,0.0
HtlP,1,0,1,1.0
HtlS,1,0,1,1.0
HtmB,1,0,1,1.0
HtmD,0,0,0,
HtmL,0,1,1,0.0
HtmN,2,0,2,1.0
HtmP,0,0,0,
Htmb,0,1,1,0.0
HtnM,2,0,2,1.0
HtnP,0,1,1,0.0
HtnS,0,1,1,0.0
Htnn,1,1,2,0.5
HtsM,0,0,0,
HtsP,0,1,1,0.0
Htsm,0,0,0,
Htss,0,0,0,
Httm,0,1,1,0.0
IBBB,2,1,3,0.67
IBBK,0,1,1,0.0
IBBM,0,1,1,0.0
IBBN,1,0,1,1.0
IBBP,3,2,5,0.6
IBBS,0,1,1,0.0
IBBb,3,0,3,1.0
IBBm,0,0,0,
IBBn,1,0,1,1.0
IBBs,0,1,1,0.0
IBKB,0,1,1,0.0
IBKm,1,0,1,1.0
IBLS,0,1,1,0.0
IBLn,1,0,1,1.0
IBLs,1,0,1,1.0
IBMB,1,1,2,0.5
IBMM,0,1,1,0.0
IBMN,1,0,1,1.0
IBMP,2,1,3,0.67
IBMS,0,0,0,
IBMb,2,0,2,1.0
IBMj,0,1,1,0.0
IBMl,0,0,0,
IBMt,0,2,2,0.0
IBNB,0,0,0,
IBNH,0,1,1,0.0
IBNI,1,0,1,1.0
IBNL,0,1,1,0.0
IBNM,0,1,1,0.0
IBNN,0,1,1,0.0
IBNP,1,0,1,1.0
IBNS,1,1,2,0.5
IBNb,0,2,2,0.0
IBNl,1,1,2,0.5
IBNm,1,1,2,0.5
IBNn,2,0,2,1.0
IBPB,0,1,1,0.0
IBPD,0,1,1,0.0
IBPI,1,0,1,1.0
IBPM,1,1,2,0.5
IBPN,1,1,2,0.5
IBPP,1,0,1,1.0
IBPb,0,2,2,0.0
IBPl,0,1,1,0.0
IBPm,1,0,1,1.0
IBPs,1,1,2,0.5
IBSD,1,0,1,1.0
IBSH,0,1,1,0.0
IBSM,0,1,1,0.0
IBSP,0,0,0,
IBSS,0,1,1,0.0
IBSh,2,0,2,1.0
IBSl,1,0,1,1.0
IBSn,1,1,2,0.5
IBSs,0,1,1,0.0
IBbH,0,1,1,0.0
IBbJ,1,0,1,1.0
IBbK,0,1,1,0.0
IBbN,0,1,1,0.0
IBbP,3,2,5,0.6
IBbS,0,0,0,
IBbb,2,0,2,1.0
IBbn,0,1,1,0.0
IBbs,1,0,1,1.0
IBjB,1,0,1,1.0
IBjN,0,1,1,0.0
IBjb,1,0,1,1.0
IBlN,0,1,1,0.0
IBlP,0,0,0,
IBln,0,1,1,0.0
IBmH,0,1,1,0.0
IBmL,1,0,1,1.0
IBmM,1,1,2,0.5
IBmN,2,1,3,0.67
IBmP,1,2,3,0.33
IBmS,0,1,1,0.0
IBmb,4,0,4,1.0
IBml,1,0,1,1.0
IBmm,2,0,2,1.0
IBms,1,0,1,1.0
IBnB,1,1,2,0.5
IBnH,0,0,0,
IBnL,0,1,1,0.0
IBnM,0,1,1,0.0
IBnP,2,1,3,0.67
IBnS,1,0,1,1.0
IBnl,2,0,2,1.0
IBnm,0,2,2,0.0
IBnn,2,1,3,0.67
IBns,1,0,1,1.0
IBsB,0,1,1,0.0
IBsH,1,0,1,1.0
IBsL,1,0,1,1.0
IBsM,0,0,0,
IBsP,2,0,2,1.0
IBsl,1,0,1,1.0
IBsm,0,1,1,0.0
IBsn,1,1,2,0.5
IBss,1,0,1,1.0
IBtP,1,0,1,1.0
IBtb,1,1,2,0.5
IBtm,0,0,0,
IDBM,1,1,2,0.5
IDDL,0,0,0,
IDHb,0,1,1,0.0
IDHl,1,0,1,1.0
IDIP,0,1,1,0.0
IDLn,0,0,0,
IDMh,1,0,1,1.0
IDNl,1,0,1,1.0
IDNn,1,0,1,1.0
IDNs,0,1,1,0.0
IDNt,0,1,1,0.0
IDPB,1,0,1,1.0
IDPL,0,1,1,0.0
IDPP,0,1,1,0.0
IDPl,1,0,1,1.0
IDPm,0,0,0,
IDPs,1,1,2,0.5
IDSm,2,0,2,1.0
IDSt,0,0,0,
IDbB,0,1,1,0.0
IDbb,1,0,1,1.0
IDlB,1,0,1,1.0
IDlJ,1,0,1,1.0
IDsN,1,0,1,1.0
IDsn,0,1,1,0.0
IHBB,1,0,1,1.0
IHBN,0,1,1,0.0
IHBP,0,1,1,0.0
IHBb,2,0,2,1.0
IHBt,0,1,1,0.0
IHDH,0,1,1,0.0
IHDS,0,0,0,
IHDl,0,0,0,
IHHD,0,1,1,0.0
IHHN,2,0,2,1.0
IHIm,1,0,1,1.0
IHIt,0,1,1,0.0
IHKS,0,1,1,0.0
IHKm,0,1,1,0.0
IHLB,0,0,0,
IHLP,1,0,1,1.0
IHLS,0,1,1,0.0
IHLm,2,0,2,1.0
IHLn,1,1,2,0.5
IHLs,0,0,0,
IHMP,0,1,1,0.0
IHMS,0,1,1,0.0
IHMj,1,0,1,1.0
IHMm,0,2,2,0.0
IHMn,0,1,1,0.0
IHNB,1,1,2,0.5
IHNM,0,1,1,0.0
IHNP,2,1,3,0.67
IHNS,4,0,4,1.0
IHNm,0,1,1,0.0
IHNn,1,2,3,0.33
IHNs,1,1,2,0.5
IHNt,0,1,1,0.0
IHPB,0,1,1,0.0
IHPM,3,4,7,0.43
IHPN,2,1,3,0.67
IHPS,1,1,2,0.5
IHPb,3,1,4,0.75
IHPn,1,0,1,1.0
IHPs,1,1,2,0.5
IHSB,1,1,2,0.5
IHSH,1,0,1,1.0
IHSL,0,0,0,
IHSM,0,2,2,0.0
IHSN,1,0,1,1.0
IHSP,3,1,4,0.75
IHSS,1,2,3,0.33
IHSb,1,0,1,1.0
IHSh,0,1,1,0.0
IHSl,0,1,1,0.0
IHSm,0,1,1,0.0
IHSs,1,1,2,0.5
IHSt,1,0,1,1.0
IHbB,0,1,1,0.0
IHbM,1,2,3,0.33
IHbN,1,0,1,1.0
IHbP,1,0,1,1.0
IHbm,0,1,1,0.0
IHbs,0,1,1,0.0
IHhS,0,1,1,0.0
IHhh,0,0,0,
IHhl,0,1,1,0.0
IHhn,0,1,1,0.0
IHlJ,0,1,1,0.0
IHlM,1,0,1,1.0
IHlP,0,1,1,0.0
IHlS,1,0,1,1.0
IHll,1,0,1,1.0
IHlm,1,0,1,1.0
IHln,1,0,1,1.0
IHls,1,0,1,1.0
IHmB,1,0,1,1.0
IHmH,0,2,2,0.0
IHmL,1,0,1,1.0
IHmM,1,3,4,0.25
IHmN,0,0,0,
IHmP,0,1,1,0.0
IHmm,3,0,3,1.0
IHnB,1,0,1,1.0
IHnI,1,0,1,1.0
IHnL,0,2,2,0.0
IHnM,1,1,2,0.5
IHnN,1,0,1,1.0
IHnP,0,0,0,
IHnS,1,1,2,0.5
IHnb,0,2,2,0.0
IHnl,0,1,1,0.0
IHnm,0,0,0,
IHnn,0,1,1,0.0
IHns,0,1,1,0.0
IHsB,0,0,0,
IHsH,1,1,2,0.5
IHsM,0,2,2,0.0
IHsN,1,0,1,1.0
IHsP,0,1,1,0.0
IHsS,0,1,1,0.0
IHsb,1,0,1,1.0
IHsl,1,0,1,1.0
IHsm,1,0,1,1.0
IHsn,0,1,1,0.0
IHss,0,1,1,0.0
IHtI,1,0,1,1.0
IHtL,1,0,1,1.0
IIBN,1,0,1,1.0
IIBP,1,0,1,1.0
IIBb,2,0,2,1.0
IIBn,0,1,1,0.0
IIHI,0,1,1,0.0
IIHN,0,1,1,0.0
IIHS,1,0,1,1.0
IIHb,1,0,1,1.0
IIHn,1,0,1,1.0
IIIM,1,0,1,1.0
IILb,1,0,1,1.0
IIML,1,0,1,1.0
IIMn,0,1,1,0.0
IINn,0,1,1,0.0
IIPN,0,1,1,0.0
IIPP,1,0,1,1.0
IISH,0,0,0,
IISs,0,0,0,
IIbB,1,0,1,1.0
IIlL,1,0,1,1.0
IImB,1,0,1,1.0
IImS,2,0,2,1.0
IIss,0,0,0,
IKPs,0,0,0,
ILBN,0,0,0,
ILBS,1,1,2,0.5
ILBb,0,1,1,0.0
ILBj,0,1,1,0.0
ILBm,0,1,1,0.0
ILBn,1,0,1,1.0
ILBs,1,1,2,0.5
ILDH,1,0,1,1.0
ILLN,1,0,1,1.0
ILLP,0,1,1,0.0
ILLm,1,0,1,1.0
ILLn,1,0,1,1.0
ILMM,0,1,1,0.0
ILMN,1,1,2,0.5
ILMP,1,0,1,1.0
ILMb,0,1,1,0.0
ILMn,0,1,1,0.0
ILMs,2,0,2,1.0
ILNL,0,0,0,
ILNM,0,1,1,0.0
ILNN,1,1,2,0.5
ILNP,0,1,1,0.0
ILNS,0,1,1,0.0
ILNb,1,0,1,1.0
ILNm,0,0,0,
ILNn,1,0,1,1.0
ILNs,0,1,1,0.0
ILPB,1,2,3,0.33
ILPH,1,0,1,1.0
ILPN,1,1,2,0.5
ILPP,0,2,2,0.0
ILPb,0,1,1,0.0
ILPl,1,0,1,1.0
ILPm,0,0,0,
ILPs,1,2,3,0.33
ILPt,1,0,1,1.0
ILSP,0,0,0,
ILSS,1,0,1,1.0
ILSs,1,1,2,0.5
ILbB,0,1,1,0.0
ILbJ,2,0,2,1.0
ILbN,1,1,2,0.5
ILbP,0,1,1,0.0
ILbb,0,1,1,0.0
ILbl,0,0,0,
ILhh,0,1,1,0.0
ILjN,0,2,2,0.0
ILlL,0,2,2,0.0
ILln,0,1,1,0.0
ILls,0,0,0,
ILmB,2,0,2,1.0
ILmM,0,1,1,0.0
ILmS,0,0,0,
ILmm,0,1,1,0.0
ILmn,0,0,0,
ILms,1,0,1,1.0
ILnH,0,1,1,0.0
ILnM,1,0,1,1.0
ILnN,2,1,3,0.67
ILnP,1,0,1,1.0
ILnS,2,0,2,1.0
ILnb,2,0,2,1.0
ILnn,0,2,2,0.0
ILsB,0,2,2,0.0
ILsH,1,0,1,1.0
ILsM,0,0,0,
ILsN,0,2,2,0.0
ILsP,1,1,2,0.5
ILsS,0,0,0,
ILtb,1,0,1,1.0
IMBB,0,1,1,0.0
IMBN,0,0,0,
IMBP,2,1,3,0.67
IMBS,1,1,2,0.5
IMBb,1,0,1,1.0
IMBj,0,0,0,
IMBl,0,1,1,0.0
IMBm,2,0,2,1.0
IMBn,1,0,1,1.0
IMDH,0,0,0,
IMDh,1,0,1,1.0
IMDs,0,1,1,0.0
IMHM,1,0,1,1.0
IMKn,0,1,1,0.0
IMLL,1,0,1,1.0
IMLN,1,0,1,1.0
IMLP,3,0,3,1.0
IMLm,0,1,1,0.0
IMMB,1,2,3,0.33
IMMM,1,3,4,0.25
IMMN,0,1,1,0.0
IMMP,3,0,3,1.0
IMMb,4,0,4,1.0
IMMl,1,0,1,1.0
IMMn,0,2,2,0.0
IMMs,0,2,2,0.0
IMMt,0,1,1,0.0
IMNB,0,1,1,0.0
IMNK,1,0,1,1.0
IMNL,0,1,1,0.0
IMNM,0,2,2,0.0
IMNN,1,0,1,1.0
IMNS,1,0,1,1.0
IMNb,1,0,1,1.0
IMNm,0,1,1,0.0
IMNn,1,3,4,0.25
IMNs,1,2,3,0.33
IMNt,0,1,1,0.0
IMPB,2,0,2,1.0
IMPH,1,0,1,1.0
IMPL,1,2,3,0.33
IMPM,1,0,1,1.0
IMPN,2,2,4,0.5
IMPP,1,2,3,0.33
IMPS,0,1,1,0.0
IMPb,2,1,3,0.67
IMPm,0,1,1,0.0
IMPn,2,1,3,0.67
IMPs,1,3,4,0.25
IMPt,0,1,1,0.0
IMSB,1,1,2,0.5
IMSM,1,0,1,1.0
IMSN,0,1,1,0.0
IMSP,1,0,1,1.0
IMSS,0,0,0,
IMSn,2,0,2,1.0
IMSs,1,0,1,1.0
IMbB,0,2,2,0.0
IMbH,0,0,0,
IMbJ,0,1,1,0.0
IMbL,1,1,2,0.5
IMbN,0,1,1,0.0
IMbP,2,0,2,1.0
IMbn,0,1,1,0.0
IMhD,2,0,2,1.0
IMhM,1,3,4,0.25
IMhP,1,0,1,1.0
IMhS,0,1,1,0.0
IMhb,1,0,1,1.0
IMhl,1,0,1,1.0
IMhm,1,1,2,0.5
IMhn,1,1,2,0.5
IMhs,1,2,3,0.33
IMjB,1,0,1,1.0
IMjH,0,1,1,0.0
IMjb,1,1,2,0.5
IMjh,0,0,0,
IMjm,0,0,0,
IMlB,0,1,1,0.0
IMlH,1,0,1,1.0
IMlI,1,0,1,1.0
IMlN,2,1,3,0.67
IMlm,0,1,1,0.0
IMln,1,0,1,1.0
IMls,0,1,1,0.0
IMmB,1,2,3,0.33
IMmD,1,0,1,1.0
IMmH,2,0,2,1.0
IMmL,1,1,2,0.5
IMmM,2,1,3,0.67
IMmN,2,1,3,0.67
IMmS,3,2,5,0.6
IMmb,0,1,1,0.0
IMmm,0,1,1,0.0
IMmn,0,1,1,0.0
IMms,1,1,2,0.5
IMnB,1,2,3,0.33
IMnH,1,0,1,1.0
IMnK,1,1,2,0.5
IMnL,1,0,1,1.0
IMnN,1,0,1,1.0
IMnP,1,1,2,0.5
IMnS,0,1,1,0.0
IMnb,1,1,2,0.5
IMnl,1,1,2,0.5
IMnn,1,1,2,0.5
IMns,3,0,3,1.0
IMsH,1,0,1,1.0
IMsI,1,0,1,1.0
IMsL,1,0,1,1.0
IMsM,0,1,1,0.0
IMsN,0,0,0,
IMsP,2,0,2,1.0
IMsS,0,1,1,0.0
IMsb,2,1,3,0.67
IMsl,1,1,2,0.5
IMtM,0,1,1,0.0
IMtP,1,0,1,1.0
IMtS,2,0,2,1.0
IMtn,1,0,1,1.0
INBB,0,2,2,0.0
INBL,1,0,1,1.0
INBN,0,1,1,0.0
INBP,1,4,5,0.2
INBS,0,0,0,
INBb,0,0,0,
INBj,1,0,1,1.0
INBl,1,0,1,1.0
INBm,0,3,3,0.0
INBn,1,1,2,0.5
INBs,1,1,2,0.5
INDP,0,1,1,0.0
INDm,0,1,1,0.0
INHD,0,1,1,0.0
INHN,1,1,2,0.5
INHb,0,1,1,0.0
INHh,0,1,1,0.0
INHn,0,1,1,0.0
INKL,0,1,1,0.0
INKP,0,1,1,0.0
INKb,0,1,1,0.0
INLB,0,2,2,0.0
INLM,0,1,1,0.0
INLN,0,1,1,0.0
INLP,1,0,1,1.0
INLS,0,0,0,
INLh,1,0,1,1.0
INLl,1,0,1,1.0
INLm,0,1,1,0.0
INLn,1,0,1,1.0
INLs,0,1,1,0.0
INML,1,1,2,0.5
INMM,0,0,0,
INMN,0,1,1,0.0
INMP,0,1,1,0.0
INMh,0,1,1,0.0
INMj,1,0,1,1.0
INMm,1,1,2,0.5
INMn,2,0,2,1.0
INMs,1,1,2,0.5
INNB,0,2,2,0.0
INNL,0,1,1,0.0
INNM,2,2,4,0.5
INNN,0,1,1,0.0
INNP,4,1,5,0.8
INNS,0,2,2,0.0
INNb,0,1,1,0.0
INNh,1,0,1,1.0
INNl,0,0,0,
INNm,4,2,6,0.67
INNn,2,0,2,1.0
INNs,2,1,3,0.67
INPB,0,2,2,0.0
INPD,1,0,1,1.0
INPH,1,0,1,1.0
INPL,3,1,4,0.75
INPM,1,1,2,0.5
INPN,0,1,1,0.0
INPP,3,3,6,0.5
INPS,1,0,1,1.0
INPb,4,1,5,0.8
INPh,0,1,1,0.0
INPm,1,0,1,1.0
INPn,1,1,2,0.5
INPs,0,0,0,
INSB,2,1,3,0.67
INSL,0,1,1,0.0
INSM,1,0,1,1.0
INSN,1,0,1,1.0
INSP,2,1,3,0.67
INSS,1,2,3,0.33
INSb,0,0,0,
INSl,1,1,2,0.5
INSm,0,1,1,0.0
INSn,1,0,1,1.0
INSs,0,2,2,0.0
INbB,2,1,3,0.67
INbD,1,0,1,1.0
INbJ,0,0,0,
INbL,2,0,2,1.0
INbM,0,1,1,0.0
INbN,1,1,2,0.5
INbP,2,1,3,0.67
INbb,0,1,1,0.0
INbl,0,0,0,
INbm,0,2,2,0.0
INbn,0,2,2,0.0
INbs,1,0,1,1.0
INhI,0,0,0,
INhP,1,0,1,1.0
INhS,0,1,1,0.0
INlB,1,0,1,1.0
INlH,1,0,1,1.0
INlJ,0,1,1,0.0
INlL,1,1,2,0.5
INlM,1,0,1,1.0
INlP,0,1,1,0.0
INlS,0,0,0,
INlb,2,1,3,0.67
INln,0,1,1,0.0
INmB,1,0,1,1.0
INmH,0,2,2,0.0
INmJ,1,0,1,1.0
INmL,0,1,1,0.0
INmM,2,0,2,1.0
INmN,0,2,2,0.0
INmP,0,1,1,0.0
INmb,1,1,2,0.5
INmm,1,0,1,1.0
INmn,2,0,2,1.0
INms,1,0,1,1.0
INnB,2,0,2,1.0
INnD,1,1,2,0.5
INnH,1,1,2,0.5
INnM,1,3,4,0.25
INnN,3,0,3,1.0
INnP,1,1,2,0.5
INnS,1,1,2,0.5
INnb,2,0,2,1.0
INnm,1,0,1,1.0
INnn,2,1,3,0.67
INns,1,0,1,1.0
INsB,1,1,2,0.5
INsD,1,0,1,1.0
INsH,1,0,1,1.0
INsL,1,0,1,1.0
INsM,0,1,1,0.0
INsN,1,2,3,0.33
INsP,1,1,2,0.5
INsS,1,0,1,1.0
INsb,0,1,1,0.0
INsm,2,0,2,1.0
INss,1,0,1,1.0
INtB,0,2,2,0.0
INtL,1,1,2,0.5
INtM,0,1,1,0.0
INtP,0,0,0,
INtn,0,0,0,
IPBB,2,3,5,0.4
IPBK,0,0,0,
IPBL,2,1,3,0.67
IPBM,1,0,1,1.0
IPBN,3,2,5,0.6
IPBP,4,4,8,0.5
IPBl,2,0,2,1.0
IPBm,1,4,5,0.2
IPBn,1,3,4,0.25
IPBs,2,0,2,1.0
IPBt,1,0,1,1.0
IPDB,0,1,1,0.0
IPDm,2,0,2,1.0
IPHB,1,0,1,1.0
IPHL,0,1,1,0.0
IPHM,0,0,0,
IPHP,0,2,2,0.0
IPHS,0,0,0,
IPHb,1,0,1,1.0
IPHm,2,0,2,1.0
IPHn,1,0,1,1.0
IPHs,1,0,1,1.0
IPIL,0,0,0,
IPIS,0,0,0,
IPIn,1,0,1,1.0
IPKn,1,0,1,1.0
IPLB,1,0,1,1.0
IPLL,0,1,1,0.0
IPLM,1,1,2,0.5
IPLN,1,1,2,0.5
IPLP,0,1,1,0.0
IPLS,1,0,1,1.0
IPLb,1,1,2,0.5
IPLj,0,1,1,0.0
IPLl,1,0,1,1.0
IPLm,0,1,1,0.0
IPLn,1,0,1,1.0
IPMM,0,0,0,
IPMN,0,1,1,0.0
IPMP,2,1,3,0.67
IPMS,3,1,4,0.75
IPMb,2,3,5,0.4
IPMh,1,0,1,1.0
IPMm,2,1,3,0.67
IPMn,3,2,5,0.6
IPMs,1,1,2,0.5
IPNB,1,1,2,0.5
IPNL,1,1,2,0.5
IPNM,0,2,2,0.0
IPNN,2,1,3,0.67
IPNP,3,0,3,1.0
IPNS,2,1,3,0.67
IPNb,0,3,3,0.0
IPNl,0,2,2,0.0
IPNm,1,3,4,0.25
IPNn,1,1,2,0.5
IPNs,2,0,2,1.0
IPPB,0,2,2,0.0
IPPK,2,1,3,0.67
IPPL,1,3,4,0.25
IPPM,2,2,4,0.5
IPPN,5,2,7,0.71
IPPP,0,1,1,0.0
IPPS,1,2,3,0.33
IPPb,2,1,3,0.67
IPPl,2,1,3,0.67
IPPm,3,3,6,0.5
IPPn,1,2,3,0.33
IPPs,2,2,4,0.5
IPPt,1,1,2,0.5
IPSB,1,1,2,0.5
IPSL,0,1,1,0.0
IPSM,1,1,2,0.5
IPSN,0,2,2,0.0
IPSP,2,2,4,0.5
IPSb,1,1,2,0.5
IPSh,0,1,1,0.0
IPSl,1,1,2,0.5
IPSn,0,1,1,0.0
IPSs,0,2,2,0.0
IPbB,2,3,5,0.4
IPbH,1,1,2,0.5
IPbL,2,0,2,1.0
IPbM,1,0,1,1.0
IPbN,2,1,3,0.67
IPbP,2,0,2,1.0
IPbl,1,1,2,0.5
IPbm,3,1,4,0.75
IPbn,2,2,4,0.5
IPbs,0,2,2,0.0
IPhM,1,0,1,1.0
IPhs,0,0,0,
IPlB,0,3,3,0.0
IPlH,0,1,1,0.0
IPlI,1,0,1,1.0
IPlM,0,1,1,0.0
IPlN,0,0,0,
IPlP,3,0,3,1.0
IPlS,0,0,0,
IPlb,1,1,2,0.5
IPll,0,1,1,0.0
IPlm,0,1,1,0.0
IPln,1,0,1,1.0
IPls,0,1,1,0.0
IPmB,3,2,5,0.6
IPmM,3,0,3,1.0
IPmN,0,1,1,0.0
IPmP,0,3,3,0.0
IPmS,1,2,3,0.33
IPmb,0,2,2,0.0
IPmm,2,1,3,0.67
IPmn,2,1,3,0.67
IPms,1,0,1,1.0
IPnB,2,0,2,1.0
IPnM,0,1,1,0.0
IPnN,1,3,4,0.25
IPnP,0,1,1,0.0
IPnb,1,0,1,1.0
IPnl,1,1,2,0.5
IPnm,5,0,5,1.0
IPnn,1,2,3,0.33
IPns,1,1,2,0.5
IPsB,1,0,1,1.0
IPsD,0,1,1,0.0
IPsH,1,1,2,0.5
IPsI,0,1,1,0.0
IPsL,0,1,1,0.0
IPsN,1,0,1,1.0
IPsP,2,3,5,0.4
IPsS,0,2,2,0.0
IPsb,1,1,2,0.5
IPsl,1,0,1,1.0
IPsm,2,0,2,1.0
IPsn,2,0,2,1.0
IPss,0,1,1,0.0
IPtM,0,1,1,0.0
IPtN,0,0,0,
IPtP,1,1,2,0.5
IPtl,0,1,1,0.0
IPtn,0,1,1,0.0
ISBB,1,1,2,0.5
ISBD,1,0,1,1.0
ISBL,1,0,1,1.0
ISBM,0,1,1,0.0
ISBN,0,1,1,0.0
ISBP,1,1,2,0.5
ISBS,1,0,1,1.0
ISBb,2,0,2,1.0
ISBn,1,0,1,1.0
ISBs,0,1,1,0.0
ISDB,0,1,1,0.0
ISHH,0,1,1,0.0
ISHL,1,0,1,1.0
ISHM,1,1,2,0.5
ISHP,1,0,1,1.0
ISHS,2,1,3,0.67
ISHb,0,1,1,0.0
ISHh,0,1,1,0.0
ISHn,1,0,1,1.0
ISHs,0,2,2,0.0
ISIP,0,1,1,0.0
ISIS,1,0,1,1.0
ISIm,0,1,1,0.0
ISKL,1,0,1,1.0
ISLB,1,0,1,1.0
ISLN,1,0,1,1.0
ISLP,1,1,2,0.5
ISLb,0,1,1,0.0
ISLl,0,1,1,0.0
ISLm,2,0,2,1.0
ISMB,1,0,1,1.0
ISML,0,1,1,0.0
ISMM,1,1,2,0.5
ISMP,1,0,1,1.0
ISMS,0,1,1,0.0
ISMb,1,1,2,0.5
ISMl,0,1,1,0.0
ISMm,0,1,1,0.0
ISMn,1,0,1,1.0
ISMs,1,2,3,0.33
ISMt,1,0,1,1.0
ISNL,0,0,0,
ISNP,0,1,1,0.0
ISNS,2,0,2,1.0
ISNb,0,2,2,0.0
ISNl,0,1,1,0.0
ISNm,2,1,3,0.67
ISNn,0,2,2,0.0
ISNs,1,0,1,1.0
ISPB,1,0,1,1.0
ISPH,1,0,1,1.0
ISPM,2,1,3,0.67
ISPN,0,1,1,0.0
ISPP,2,2,4,0.5
ISPS,1,0,1,1.0
ISPb,3,0,3,1.0
ISPm,1,1,2,0.5
ISPn,2,1,3,0.67
ISPs,1,2,3,0.33
ISPt,0,1,1,0.0
ISSB,0,1,1,0.0
ISSH,0,1,1,0.0
ISSM,0,0,0,
ISSN,2,0,2,1.0
ISSP,1,1,2,0.5
ISSS,1,2,3,0.33
ISSb,1,0,1,1.0
ISSh,1,0,1,1.0
ISSl,1,0,1,1.0
ISSm,0,1,1,0.0
ISSn,0,1,1,0.0
ISSs,2,3,5,0.4
ISbB,1,1,2,0.5
ISbK,0,1,1,0.0
ISbM,1,0,1,1.0
ISbN,1,0,1,1.0
ISbb,1,0,1,1.0
IShB,0,1,1,0.0
IShH,1,0,1,1.0
IShM,1,0,1,1.0
IShP,0,1,1,0.0
IShm,1,0,1,1.0
IShs,1,0,1,1.0
ISht,1,0,1,1.0
ISlI,0,0,0,
ISlM,0,2,2,0.0
ISlm,0,1,1,0.0
ISln,0,1,1,0.0
ISmB,1,0,1,1.0
ISmJ,1,0,1,1.0
ISmL,1,0,1,1.0
ISmN,1,0,1,1.0
ISmP,1,2,3,0.33
ISmb,1,0,1,1.0
ISmm,1,1,2,0.5
ISmn,1,0,1,1.0
ISms,1,0,1,1.0
ISnB,0,0,0,
ISnH,1,0,1,1.0
ISnL,1,0,1,1.0
ISnN,1,1,2,0.5
ISnP,2,2,4,0.5
ISnS,3,0,3,1.0
ISnb,1,1,2,0.5
ISnl,1,0,1,1.0
ISnn,1,0,1,1.0
ISns,2,0,2,1.0
ISsB,1,0,1,1.0
ISsH,1,0,1,1.0
ISsM,0,3,3,0.0
ISsN,0,1,1,0.0
ISsP,1,2,3,0.33
ISsS,1,4,5,0.2
ISsl,1,1,2,0.5
IStS,2,0,2,1.0
IbBB,0,2,2,0.0
IbBL,2,2,4,0.5
IbBM,1,0,1,1.0
IbBN,0,1,1,0.0
IbBP,1,1,2,0.5
IbBS,0,3,3,0.0
IbBb,2,1,3,0.67
IbBh,1,0,1,1.0
IbBl,0,2,2,0.0
IbBn,3,1,4,0.75
IbBs,0,1,1,0.0
IbHM,0,1,1,0.0
IbHP,1,0,1,1.0
IbHs,1,0,1,1.0
IbJB,1,0,1,1.0
IbJN,1,0,1,1.0
IbJP,0,2,2,0.0
IbJb,1,0,1,1.0
IbJs,1,0,1,1.0
IbJt,1,0,1,1.0
IbKP,1,0,1,1.0
IbKs,1,0,1,1.0
IbLM,1,0,1,1.0
IbLN,0,1,1,0.0
IbLm,1,0,1,1.0
IbLn,1,0,1,1.0
IbMB,0,1,1,0.0
IbML,1,1,2,0.5
IbMM,1,0,1,1.0
IbMN,1,2,3,0.33
IbMP,2,2,4,0.5
IbMb,2,2,4,0.5
IbMh,0,0,0,
IbMj,1,0,1,1.0
IbMm,2,0,2,1.0
IbMn,0,2,2,0.0
IbNB,1,0,1,1.0
IbNH,1,0,1,1.0
IbNL,0,1,1,0.0
IbNM,2,0,2,1.0
IbNN,2,0,2,1.0
IbNP,1,1,2,0.5
IbNS,0,2,2,0.0
IbNb,2,0,2,1.0
IbNm,2,0,2,1.0
IbNn,0,1,1,0.0
IbPB,1,0,1,1.0
IbPI,2,1,3,0.67
IbPL,1,0,1,1.0
IbPM,4,4,8,0.5
IbPN,1,0,1,1.0
IbPP,3,1,4,0.75
IbPS,2,0,2,1.0
IbPb,3,0,3,1.0
IbPh,0,1,1,0.0
IbPl,1,1,2,0.5
IbPm,4,1,5,0.8
IbPn,1,0,1,1.0
IbPs,0,2,2,0.0
IbSB,0,1,1,0.0
IbSM,1,0,1,1.0
IbSP,2,0,2,1.0
IbSh,0,1,1,0.0
IbSm,1,0,1,1.0
IbSn,1,1,2,0.5
IbSs,0,1,1,0.0
IbSt,0,1,1,0.0
IbbH,0,1,1,0.0
IbbK,1,0,1,1.0
IbbL,1,1,2,0.5
IbbM,0,1,1,0.0
IbbN,0,2,2,0.0
IbbP,1,2,3,0.33
Ibbb,1,3,4,0.25
Ibbm,0,2,2,0.0
Ibbn,1,0,1,1.0
IblB,0,0,0,
IblN,1,1,2,0.5
IblP,0,0,0,
IblS,0,1,1,0.0
Ibll,1,0,1,1.0
IbmB,3,1,4,0.75
IbmH,0,0,0,
IbmJ,0,1,1,0.0
IbmP,1,1,2,0.5
IbmS,1,1,2,0.5
Ibmm,0,1,1,0.0
Ibmn,0,2,2,0.0
Ibms,0,1,1,0.0
IbnH,0,1,1,0.0
IbnI,0,0,0,
IbnN,1,0,1,1.0
IbnP,1,1,2,0.5
Ibnb,1,0,1,1.0
Ibnl,0,1,1,0.0
Ibnm,3,0,3,1.0
Ibnn,0,1,1,0.0
Ibns,1,1,2,0.5
IbsB,1,1,2,0.5
IbsM,1,0,1,1.0
IbsP,1,0,1,1.0
IbsS,1,0,1,1.0
Ibsb,1,0,1,1.0
Ibss,0,0,0,
IhSL,1,0,1,1.0
Ihhs,0,0,0,
IlBB,1,0,1,1.0
IlBK,0,1,1,0.0
IlBP,0,2,2,0.0
IlBS,0,1,1,0.0
IlBl,0,1,1,0.0
IlBn,2,1,3,0.67
IlBs,0,0,0,
IlHL,0,1,1,0.0
IlHN,0,1,1,0.0
IlHP,1,0,1,1.0
IlHS,1,0,1,1.0
IlIH,1,0,1,1.0
IlIm,1,0,1,1.0
IlJP,1,0,1,1.0
IlJS,1,0,1,1.0
IlLN,1,0,1,1.0
IlLj,1,0,1,1.0
IlMB,0,0,0,
IlMM,0,1,1,0.0
IlMn,0,1,1,0.0
IlNL,1,0,1,1.0
IlNS,0,1,1,0.0
IlNb,1,1,2,0.5
IlNs,0,1,1,0.0
IlPB,0,1,1,0.0
IlPH,0,1,1,0.0
IlPL,1,0,1,1.0
IlPM,0,0,0,
IlPP,1,1,2,0.5
IlPb,1,0,1,1.0
IlPm,1,0,1,1.0
IlPs,1,0,1,1.0
IlSB,0,1,1,0.0
IlSP,0,1,1,0.0
IlSS,1,0,1,1.0
IlSn,2,0,2,1.0
IlbB,1,1,2,0.5
IlbL,1,0,1,1.0
IlbM,0,1,1,0.0
IlbN,1,0,1,1.0
IlbP,1,0,1,1.0
Ilbb,2,0,2,1.0
IllB,0,1,1,0.0
IllJ,0,1,1,0.0
IllM,1,0,1,1.0
IllS,1,0,1,1.0
Ills,0,0,0,
IlmB,2,0,2,1.0
IlmM,1,0,1,1.0
IlmN,0,1,1,0.0
IlmP,0,1,1,0.0
IlnH,0,1,1,0.0
IlnM,1,0,1,1.0
IlnN,1,0,1,1.0
IlnP,0,1,1,0.0
Ilnb,2,0,2,1.0
Ilnm,1,0,1,1.0
Ilnn,1,0,1,1.0
IlsM,1,0,1,1.0
ImBB,0,1,1,0.0
ImBL,1,0,1,1.0
ImBM,1,1,2,0.5
ImBN,1,0,1,1.0
ImBP,1,1,2,0.5
ImBS,0,1,1,0.0
ImBb,0,3,3,0.0
ImBj,1,1,2,0.5
ImBm,1,0,1,1.0
ImBn,0,1,1,0.0
ImDB,0,1,1,0.0
ImDH,0,1,1,0.0
ImHB,1,0,1,1.0
ImHI,1,0,1,1.0
ImHM,1,1,2,0.5
ImHN,1,1,2,0.5
ImHS,1,0,1,1.0
ImHb,0,0,0,
ImHm,0,1,1,0.0
ImHn,1,0,1,1.0
ImHs,0,2,2,0.0
ImHt,0,1,1,0.0
ImIN,1,0,1,1.0
ImIn,1,0,1,1.0
ImJB,1,0,1,1.0
ImJN,1,0,1,1.0
ImJP,0,1,1,0.0
ImLB,1,0,1,1.0
ImLM,0,1,1,0.0
ImLN,0,1,1,0.0
ImLS,1,0,1,1.0
ImLl,1,0,1,1.0
ImLm,1,0,1,1.0
ImLn,1,1,2,0.5
ImLs,0,1,1,0.0
ImMB,1,1,2,0.5
ImML,1,0,1,1.0
ImMM,3,1,4,0.75
ImMN,2,2,4,0.5
ImMP,1,1,2,0.5
ImMS,1,0,1,1.0
ImMb,1,0,1,1.0
ImMh,0,0,0,
ImMl,1,0,1,1.0
ImMn,2,1,3,0.67
ImMs,0,0,0,
ImNB,1,1,2,0.5
ImNL,0,0,0,
ImNM,1,0,1,1.0
ImNN,1,1,2,0.5
ImNP,0,1,1,0.0
ImNS,1,1,2,0.5
ImNb,3,0,3,1.0
ImNl,1,0,1,1.0
ImNm,3,0,3,1.0
ImNn,0,2,2,0.0
ImNs,1,1,2,0.5
ImNt,1,0,1,1.0
ImPB,1,0,1,1.0
ImPD,1,0,1,1.0
ImPH,0,1,1,0.0
ImPM,1,0,1,1.0
ImPN,1,1,2,0.5
ImPP,2,1,3,0.67
ImPS,1,1,2,0.5
ImPb,0,1,1,0.0
ImPm,1,0,1,1.0
ImPs,2,1,3,0.67
ImSB,0,1,1,0.0
ImSD,2,0,2,1.0
ImSH,0,1,1,0.0
ImSL,1,0,1,1.0
ImSM,1,1,2,0.5
ImSN,0,1,1,0.0
ImSP,1,0,1,1.0
ImSS,0,2,2,0.0
ImSm,0,1,1,0.0
ImSn,2,0,2,1.0
ImSs,0,1,1,0.0
ImbJ,2,0,2,1.0
ImbK,1,0,1,1.0
ImbM,3,1,4,0.75
ImbP,3,2,5,0.6
Imbb,2,1,3,0.67
Imbm,1,1,2,0.5
Imbn,1,0,1,1.0
Imbs,1,0,1,1.0
ImhS,0,0,0,
ImlN,1,0,1,1.0
ImlP,1,0,1,1.0
ImlS,0,1,1,0.0
Imlb,1,0,1,1.0
ImmH,2,1,3,0.67
ImmJ,0,1,1,0.0
ImmL,0,0,0,
ImmN,1,1,2,0.5
Immb,1,0,1,1.0
Immm,1,0,1,1.0
Imms,0,0,0,
ImnP,1,2,3,0.33
ImnS,0,1,1,0.0
Imnl,1,0,1,1.0
Imnm,0,1,1,0.0
ImsM,0,2,2,0.0
ImsP,0,0,0,
Imsl,1,1,2,0.5
Imsm,0,1,1,0.0
InBM,0,1,1,0.0
InBN,1,0,1,1.0
InBP,0,1,1,0.0
InBb,0,1,1,0.0
InBj,0,1,1,0.0
InBm,0,0,0,
InBn,1,0,1,1.0
InDN,0,0,0,
InDS,0,1,1,0.0
InDh,0,1,1,0.0
InHB,1,1,2,0.5
InHH,1,0,1,1.0
InHN,1,1,2,0.5
InHP,0,1,1,0.0
InHS,1,0,1,1.0
InHb,0,1,1,0.0
InHl,1,0,1,1.0
InHm,0,1,1,0.0
InHn,1,0,1,1.0
InIS,0,1,1,0.0
InIl,2,0,2,1.0
InIm,0,1,1,0.0
InLL,1,0,1,1.0
InLs,1,1,2,0.5
InMB,1,0,1,1.0
InMN,0,1,1,0.0
InMP,1,0,1,1.0
InMS,0,3,3,0.0
InMb,1,0,1,1.0
InMh,1,1,2,0.5
InMj,1,0,1,1.0
InMl,1,0,1,1.0
InMm,0,1,1,0.0
InMn,1,1,2,0.5
InMs,1,0,1,1.0
InNB,0,2,2,0.0
InNM,0,0,0,
InNN,0,1,1,0.0
InNP,0,1,1,0.0
InNS,1,1,2,0.5
InNb,0,0,0,
InNl,1,1,2,0.5
InNm,2,0,2,1.0
InNn,2,3,5,0.4
InNs,0,1,1,0.0
InNt,1,0,1,1.0
InPB,1,1,2,0.5
InPK,1,0,1,1.0
InPM,1,1,2,0.5
InPN,0,0,0,
InPP,2,2,4,0.5
InPS,1,0,1,1.0
InPb,2,1,3,0.67
InPl,0,1,1,0.0
InPm,2,1,3,0.67
InPn,1,1,2,0.5
InPs,4,1,5,0.8
InSD,1,0,1,1.0
InSL,2,1,3,0.67
InSN,1,0,1,1.0
InSP,2,0,2,1.0
InSS,1,1,2,0.5
InSn,0,1,1,0.0
InSs,1,0,1,1.0
InbB,2,2,4,0.5
InbM,1,1,2,0.5
InbN,1,0,1,1.0
InbP,1,0,1,1.0
InbS,0,1,1,0.0
Inbb,0,2,2,0.0
Inbl,2,0,2,1.0
Inbn,0,2,2,0.0
Inbs,0,2,2,0.0
InlH,0,1,1,0.0
InlP,1,0,1,1.0
Inlb,0,1,1,0.0
Inls,0,0,0,
InmB,1,0,1,1.0
InmN,1,0,1,1.0
InmP,1,0,1,1.0
InmS,0,1,1,0.0
Inmb,2,0,2,1.0
Inml,0,0,0,
Inmm,0,1,1,0.0
InnB,0,0,0,
InnH,1,0,1,1.0
InnL,1,0,1,1.0
InnM,2,1,3,0.67
InnN,1,1,2,0.5
InnP,0,1,1,0.0
InnS,0,1,1,0.0
Innm,0,0,0,
Innn,1,2,3,0.33
Inns,1,1,2,0.5
InsH,1,0,1,1.0
InsL,0,1,1,0.0
InsN,2,0,2,1.0
InsP,1,1,2,0.5
InsS,1,0,1,1.0
Insb,1,0,1,1.0
Insl,1,0,1,1.0
Insm,1,2,3,0.33
Insn,2,1,3,0.67
Inss,0,0,0,
IsBB,1,0,1,1.0
IsBM,0,1,1,0.0
IsBP,0,1,1,0.0
IsBS,0,1,1,0.0
IsBn,0,0,0,
IsBs,1,0,1,1.0
IsDH,1,0,1,1.0
IsDM,0,0,0,
IsDN,1,0,1,1.0
IsDn,0,1,1,0.0
IsDs,0,0,0,
IsHI,0,0,0,
IsHM,0,1,1,0.0
IsHS,0,1,1,0.0
IsHb,2,0,2,1.0
IsHh,0,1,1,0.0
IsHm,0,1,1,0.0
IsHn,1,2,3,0.33
IsHs,1,1,2,0.5
IsIP,0,0,0,
IsIS,0,1,1,0.0
IsLB,1,0,1,1.0
IsLM,0,1,1,0.0
IsLN,1,0,1,1.0
IsLm,0,0,0,
IsLn,2,0,2,1.0
IsLs,1,0,1,1.0
IsMB,0,1,1,0.0
IsML,1,0,1,1.0
IsMM,0,0,0,
IsMN,1,2,3,0.33
IsMP,0,0,0,
IsMh,1,1,2,0.5
IsMm,1,1,2,0.5
IsMn,1,0,1,1.0
IsMs,1,2,3,0.33
IsMt,0,1,1,0.0
IsNB,0,1,1,0.0
IsNL,1,1,2,0.5
IsNM,0,0,0,
IsNN,2,0,2,1.0
IsNb,1,0,1,1.0
IsNs,1,0,1,1.0
IsNt,1,0,1,1.0
IsPB,2,1,3,0.67
IsPL,1,0,1,1.0
IsPM,1,2,3,0.33
IsPN,1,1,2,0.5
IsPP,1,0,1,1.0
IsPS,0,1,1,0.0
IsPn,1,1,2,0.5
IsPs,0,1,1,0.0
IsPt,0,0,0,
IsSB,0,0,0,
IsSH,1,0,1,1.0
IsSL,2,0,2,1.0
IsSM,1,0,1,1.0
IsSN,3,1,4,0.75
IsSS,0,0,0,
IsSb,1,0,1,1.0
IsSh,0,1,1,0.0
IsSl,1,1,2,0.5
IsSm,1,0,1,1.0
IsSn,2,0,2,1.0
IsSs,0,0,0,
IsbH,1,1,2,0.5
IsbL,1,0,1,1.0
IsbM,0,0,0,
IsbS,1,0,1,1.0
Isbb,2,0,2,1.0
Isbl,0,1,1,0.0
Isbn,0,1,1,0.0
Isbs,0,0,0,
IslB,1,0,1,1.0
IslH,0,1,1,0.0
IslJ,0,1,1,0.0
IslM,0,1,1,0.0
IslP,0,1,1,0.0
IslS,0,1,1,0.0
Islb,0,0,0,
Isln,0,1,1,0.0
IsmB,0,2,2,0.0
IsmD,0,1,1,0.0
IsmJ,0,1,1,0.0
IsmM,1,1,2,0.5
IsmN,0,2,2,0.0
IsmP,0,2,2,0.0
IsmS,1,1,2,0.5
Ismb,2,0,2,1.0
Ismm,1,0,1,1.0
Isms,1,0,1,1.0
IsnB,2,0,2,1.0
IsnL,1,1,2,0.5
IsnM,0,1,1,0.0
IsnP,1,0,1,1.0
IsnS,0,2,2,0.0
Isnm,0,1,1,0.0
Isnn,1,0,1,1.0
Isns,0,0,0,
IssD,0,1,1,0.0
IssH,0,1,1,0.0
IssM,0,1,1,0.0
IssN,1,0,1,1.0
IssP,0,0,0,
IssS,2,2,4,0.5
Issb,0,1,1,0.0
Issh,0,1,1,0.0
Issm,1,0,1,1.0
Isss,1,2,3,0.33
ItBD,0,0,0,
ItDK,0,0,0,
ItDs,1,0,1,1.0
ItHN,1,1,2,0.5
ItMP,1,0,1,1.0
ItNS,0,1,1,0.0
ItNn,0,1,1,0.0
ItPH,0,1,1,0.0
ItPL,0,0,0,
ItPh,1,0,1,1.0
ItSs,1,0,1,1.0
ItmH,0,0,0,
ItmL,1,0,1,1.0
Itmm,0,1,1,0.0
ItnI,0,0,0,
Itsn,0,0,0,
JBBB,0,2,2,0.0
JBBL,2,0,2,1.0
JBBM,0,2,2,0.0
JBBN,0,2,2,0.0
JBBP,0,1,1,0.0
JBBb,1,0,1,1.0
JBBl,0,1,1,0.0
JBBm,0,1,1,0.0
JBBn,3,1,4,0.75
JBBt,0,0,0,
JBDs,1,0,1,1.0
JBIn,0,0,0,
JBKP,0,1,1,0.0
JBLB,0,0,0,
JBLb,0,1,1,0.0
JBLl,0,0,0,
JBLt,1,0,1,1.0
JBMB,0,1,1,0.0
JBMS,0,2,2,0.0
JBMb,0,1,1,0.0
JBMh,0,2,2,0.0
JBMj,1,0,1,1.0
JBMm,0,2,2,0.0
JBMn,1,2,3,0.33
JBMs,0,2,2,0.0
JBMt,0,0,0,
JBNB,1,1,2,0.5
JBND,0,1,1,0.0
JBNH,1,0,1,1.0
JBNM,0,1,1,0.0
JBNN,1,0,1,1.0
JBNP,0,1,1,0.0
JBNS,3,1,4,0.75
JBNl,1,0,1,1.0
JBNm,0,1,1,0.0
JBNs,1,1,2,0.5
JBPB,2,1,3,0.67
JBPD,0,1,1,0.0
JBPL,0,0,0,
JBPM,1,1,2,0.5
JBPP,2,1,3,0.67
JBPS,0,2,2,0.0
JBPl,0,1,1,0.0
JBPm,1,0,1,1.0
JBPn,1,0,1,1.0
JBPs,0,1,1,0.0
JBSB,0,1,1,0.0
JBSH,1,0,1,1.0
JBSL,0,0,0,
JBSM,0,1,1,0.0
JBSP,0,1,1,0.0
JBSb,0,3,3,0.0
JBSn,2,1,3,0.67
JBbI,1,0,1,1.0
JBbM,1,0,1,1.0
JBbP,2,0,2,1.0
JBbS,0,2,2,0.0
JBbb,2,1,3,0.67
JBbl,0,1,1,0.0
JBbn,1,1,2,0.5
JBhH,0,0,0,
JBhn,1,0,1,1.0
JBjN,0,1,1,0.0
JBjP,1,0,1,1.0
JBjl,0,1,1,0.0
JBjm,1,0,1,1.0
JBjt,0,0,0,
JBlM,1,0,1,1.0
JBlS,1,0,1,1.0
JBlb,1,1,2,0.5
JBls,0,1,1,0.0
JBmB,1,1,2,0.5
JBmH,2,0,2,1.0
JBmN,0,1,1,0.0
JBmP,0,1,1,0.0
JBml,2,0,2,1.0
JBmm,1,0,1,1.0
JBmn,1,0,1,1.0
JBnB,2,0,2,1.0
JBnH,0,1,1,0.0
JBnL,0,2,2,0.0
JBnM,2,2,4,0.5
JBnN,1,3,4,0.25
JBnP,0,1,1,0.0
JBnS,0,0,0,
JBnb,1,0,1,1.0
JBnl,1,1,2,0.5
JBnn,1,0,1,1.0
JBsN,0,1,1,0.0
JBsS,0,1,1,0.0
JBsb,1,0,1,1.0
JBsm,1,1,2,0.5
JBsn,0,1,1,0.0
JBtL,0,1,1,0.0
JBtM,0,1,1,0.0
JBtN,0,1,1,0.0
JBtP,1,0,1,1.0
JDBm,0,1,1,0.0
JDHL,0,1,1,0.0
JDHM,1,0,1,1.0
JDLN,1,0,1,1.0
JDLj,1,0,1,1.0
JDMb,0,0,0,
JDMl,1,0,1,1.0
JDNh,0,1,1,0.0
JDSB,0,1,1,0.0
JDSL,0,1,1,0.0
JDSh,0,1,1,0.0
JDSs,1,1,2,0.5
JDbM,0,0,0,
JDbP,1,0,1,1.0
JDls,0,0,0,
JDmM,0,1,1,0.0
JDsS,1,0,1,1.0
JHBP,2,0,2,1.0
JHBb,1,0,1,1.0
JHBs,0,0,0,
JHHL,1,0,1,1.0
JHHh,0,0,0,
JHHt,0,1,1,0.0
JHKn,1,1,2,0.5
JHLP,0,1,1,0.0
JHLn,0,1,1,0.0
JHLs,1,0,1,1.0
JHMB,0,1,1,0.0
JHMM,0,1,1,0.0
JHMP,1,1,2,0.5
JHMS,1,1,2,0.5
JHMb,1,0,1,1.0
JHMj,0,1,1,0.0
JHMm,0,1,1,0.0
JHNB,1,1,2,0.5
JHNh,0,1,1,0.0
JHNm,1,0,1,1.0
JHNs,1,0,1,1.0
JHPB,1,0,1,1.0
JHPK,0,0,0,
JHPM,1,0,1,1.0
JHPN,2,0,2,1.0
JHPP,1,0,1,1.0
JHPS,0,1,1,0.0
JHPb,0,0,0,
JHPm,1,0,1,1.0
JHPn,0,1,1,0.0
JHSB,1,1,2,0.5
JHSM,1,0,1,1.0
JHSS,0,2,2,0.0
JHSb,1,0,1,1.0
JHSl,1,0,1,1.0
JHSm,0,1,1,0.0
JHSs,0,1,1,0.0
JHbP,1,0,1,1.0
JHbS,0,1,1,0.0
JHbn,1,0,1,1.0
JHbs,1,0,1,1.0
JHhB,1,0,1,1.0
JHlJ,0,1,1,0.0
JHlb,1,0,1,1.0
JHls,0,1,1,0.0
JHmB,2,0,2,1.0
JHmM,0,3,3,0.0
JHmN,0,0,0,
JHnB,0,3,3,0.0
JHnD,0,1,1,0.0
JHnN,0,1,1,0.0
JHnP,1,1,2,0.5
JHnb,2,0,2,1.0
JHnm,1,0,1,1.0
JHnn,1,0,1,1.0
JHns,1,0,1,1.0
JHsB,1,0,1,1.0
JHsH,1,0,1,1.0
JHsS,0,1,1,0.0
JIBB,0,1,1,0.0
JIBN,0,1,1,0.0
JIBn,1,0,1,1.0
JIHM,0,1,1,0.0
JIHh,0,1,1,0.0
JIHs,0,1,1,0.0
JILP,0,1,1,0.0
JILb,0,1,1,0.0
JILs,1,0,1,1.0
JIMM,1,0,1,1.0
JIMl,1,0,1,1.0
JINh,0,1,1,0.0
JINm,1,0,1,1.0
JINn,0,0,0,
JIPB,0,0,0,
JIPM,1,0,1,1.0
JIPt,0,0,0,
JIbP,1,0,1,1.0
JIbb,0,1,1,0.0
JIbn,0,2,2,0.0
JIlI,0,1,1,0.0
JIlM,0,1,1,0.0
JImL,0,1,1,0.0
JIsm,0,0,0,
JKMB,1,0,1,1.0
JKNm,1,0,1,1.0
JKPL,0,2,2,0.0
JKPM,1,0,1,1.0
JKPn,1,0,1,1.0
JKSH,0,1,1,0.0
JKht,0,1,1,0.0
JKll,0,1,1,0.0
JKmm,0,1,1,0.0
JKnN,0,1,1,0.0
JKnS,1,1,2,0.5
JKnb,1,0,1,1.0
JLBL,0,0,0,
JLBM,1,1,2,0.5
JLBP,0,1,1,0.0
JLBb,1,0,1,1.0
JLBj,1,0,1,1.0
JLBn,1,1,2,0.5
JLDb,0,1,1,0.0
JLLM,0,1,1,0.0
JLLN,0,1,1,0.0
JLLS,1,0,1,1.0
JLLm,1,1,2,0.5
JLLn,0,0,0,
JLMB,0,1,1,0.0
JLML,1,0,1,1.0
JLMM,0,1,1,0.0
JLMP,0,1,1,0.0
JLMb,0,1,1,0.0
JLMh,0,3,3,0.0
JLMn,0,3,3,0.0
JLNB,0,1,1,0.0
JLNL,1,0,1,1.0
JLNM,1,1,2,0.5
JLNN,0,1,1,0.0
JLNm,0,1,1,0.0
JLPK,0,0,0,
JLPN,0,0,0,
JLPP,1,0,1,1.0
JLPS,3,1,4,0.75
JLPb,2,0,2,1.0
JLPl,0,1,1,0.0
JLPn,2,0,2,1.0
JLPs,0,1,1,0.0
JLSB,0,1,1,0.0
JLSH,1,0,1,1.0
JLSL,0,1,1,0.0
JLSP,0,1,1,0.0
JLSS,0,1,1,0.0
JLSm,1,2,3,0.33
JLbB,1,1,2,0.5
JLbH,1,0,1,1.0
JLbJ,0,1,1,0.0
JLbL,1,0,1,1.0
JLbM,2,1,3,0.67
JLbN,0,2,2,0.0
JLbP,0,1,1,0.0
JLbn,0,1,1,0.0
JLhP,0,1,1,0.0
JLhm,1,1,2,0.5
JLjl,0,1,1,0.0
JLlB,1,0,1,1.0
JLlH,0,1,1,0.0
JLlM,0,1,1,0.0
JLlN,0,0,0,
JLmI,0,1,1,0.0
JLmL,1,0,1,1.0
JLmM,2,0,2,1.0
JLmP,1,0,1,1.0
JLmS,0,1,1,0.0
JLmm,1,0,1,1.0
JLmn,0,0,0,
JLnL,0,1,1,0.0
JLnN,2,0,2,1.0
JLnP,0,0,0,
JLnS,0,1,1,0.0
JLnb,0,1,1,0.0
JLnn,0,2,2,0.0
JLns,1,0,1,1.0
JLsB,1,0,1,1.0
JLsI,1,0,1,1.0
JLsM,0,1,1,0.0
JLsS,0,0,0,
JLsb,0,1,1,0.0
JLsl,0,1,1,0.0
JLss,0,1,1,0.0
JLtM,0,1,1,0.0
JMBK,0,1,1,0.0
JMBM,1,1,2,0.5
JMBN,1,0,1,1.0
JMBP,1,1,2,0.5
JMBS,2,0,2,1.0
JMBb,1,1,2,0.5
JMBl,1,0,1,1.0
JMBm,1,0,1,1.0
JMBn,0,0,0,
JMBs,1,0,1,1.0
JMDP,1,0,1,1.0
JMDS,1,0,1,1.0
JMDb,0,1,1,0.0
JMLB,0,0,0,
JMLM,1,0,1,1.0
JMLS,0,0,0,
JMLb,1,0,1,1.0
JMLl,1,0,1,1.0
JMLn,1,0,1,1.0
JMLt,1,0,1,1.0
JMMD,0,1,1,0.0
JMMM,0,0,0,
JMMN,1,0,1,1.0
JMMP,1,0,1,1.0
JMMS,0,1,1,0.0
JMMm,0,2,2,0.0
JMMn,0,1,1,0.0
JMMs,0,1,1,0.0
JMMt,0,0,0,
JMNB,1,0,1,1.0
JMNM,1,0,1,1.0
JMNP,2,1,3,0.67
JMNS,1,0,1,1.0
JMNb,1,1,2,0.5
JMNh,0,1,1,0.0
JMNm,0,1,1,0.0
JMNn,0,3,3,0.0
JMNs,1,1,2,0.5
JMPB,1,0,1,1.0
JMPL,0,2,2,0.0
JMPM,1,0,1,1.0
JMPN,0,1,1,0.0
JMPP,1,3,4,0.25
JMPS,2,0,2,1.0
JMPb,2,3,5,0.4
JMPl,1,0,1,1.0
JMPn,2,0,2,1.0
JMPs,1,0,1,1.0
JMSB,2,0,2,1.0
JMSN,0,1,1,0.0
JMSP,2,2,4,0.5
JMSS,0,1,1,0.0
JMSb,0,2,2,0.0
JMSl,0,0,0,
JMSm,0,1,1,0.0
JMSn,1,0,1,1.0
JMSs,1,0,1,1.0
JMSt,0,1,1,0.0
JMbM,0,1,1,0.0
JMbN,1,0,1,1.0
JMbP,1,0,1,1.0
JMbS,1,0,1,1.0
JMbb,0,1,1,0.0
JMbl,1,0,1,1.0
JMbm,0,1,1,0.0
JMbn,0,1,1,0.0
JMbs,0,0,0,
JMhB,0,1,1,0.0
JMhH,0,0,0,
JMhK,0,1,1,0.0
JMhL,1,0,1,1.0
JMhN,2,0,2,1.0
JMhP,2,0,2,1.0
JMhb,1,0,1,1.0
JMhh,0,1,1,0.0
JMhm,0,1,1,0.0
JMhn,0,1,1,0.0
JMjB,0,0,0,
JMjN,1,0,1,1.0
JMjP,0,1,1,0.0
JMlL,1,0,1,1.0
JMlN,0,1,1,0.0
JMlP,1,1,2,0.5
JMlS,1,0,1,1.0
JMlb,1,1,2,0.5
JMlm,1,0,1,1.0
JMmB,1,0,1,1.0
JMmM,1,0,1,1.0
JMmN,0,2,2,0.0
JMmS,1,2,3,0.33
JMmb,1,0,1,1.0
JMml,1,0,1,1.0
JMmm,1,0,1,1.0
JMnB,1,2,3,0.33
JMnI,0,1,1,0.0
JMnL,0,1,1,0.0
JMnM,0,0,0,
JMnN,0,1,1,0.0
JMnP,0,1,1,0.0
JMnS,1,0,1,1.0
JMnb,2,0,2,1.0
JMnm,2,0,2,1.0
JMnn,0,0,0,
JMns,0,0,0,
JMsH,3,1,4,0.75
JMsM,0,2,2,0.0
JMsP,4,0,4,1.0
JMsS,0,1,1,0.0
JMsm,1,0,1,1.0
JMtH,0,1,1,0.0
JMtP,0,1,1,0.0
JMtn,1,0,1,1.0
JNBM,1,0,1,1.0
JNBN,2,2,4,0.5
JNBP,0,1,1,0.0
JNBS,1,1,2,0.5
JNBb,0,2,2,0.0
JNBj,1,1,2,0.5
JNBm,1,0,1,1.0
JNBn,2,2,4,0.5
JNDs,1,0,1,1.0
JNHN,0,0,0,
JNHP,0,1,1,0.0
JNHS,1,0,1,1.0
JNHl,0,1,1,0.0
JNHn,1,0,1,1.0
JNKs,0,0,0,
JNLB,1,0,1,1.0
JNLP,1,0,1,1.0
JNLS,0,1,1,0.0
JNLh,2,0,2,1.0
JNLl,1,0,1,1.0
JNLs,1,0,1,1.0
JNMB,0,1,1,0.0
JNML,0,1,1,0.0
JNMM,1,0,1,1.0
JNMN,0,0,0,
JNMP,5,0,5,1.0
JNMS,1,0,1,1.0
JNMb,1,3,4,0.25
JNMm,0,1,1,0.0
JNMn,3,2,5,0.6
JNMs,1,0,1,1.0
JNNB,3,1,4,0.75
JNNM,2,1,3,0.67
JNNN,0,1,1,0.0
JNNP,2,0,2,1.0
JNNS,1,0,1,1.0
JNNb,1,0,1,1.0
JNNm,1,1,2,0.5
JNNn,1,1,2,0.5
JNNs,0,1,1,0.0
JNPH,0,0,0,
JNPL,1,0,1,1.0
JNPM,1,0,1,1.0
JNPN,1,4,5,0.2
JNPP,3,0,3,1.0
JNPS,4,2,6,0.67
JNPb,0,1,1,0.0
JNPl,1,0,1,1.0
JNPm,1,1,2,0.5
JNPn,4,1,5,0.8
JNPs,1,1,2,0.5
JNSB,0,2,2,0.0
JNSH,0,0,0,
JNSM,1,0,1,1.0
JNSS,1,0,1,1.0
JNSh,1,2,3,0.33
JNSm,0,2,2,0.0
JNSn,0,1,1,0.0
JNSs,1,0,1,1.0
JNbB,0,0,0,
JNbM,0,1,1,0.0
JNbN,2,2,4,0.5
JNbP,1,2,3,0.33
JNbb,2,0,2,1.0
JNbm,1,0,1,1.0
JNbn,1,1,2,0.5
JNbs,0,1,1,0.0
JNhB,0,1,1,0.0
JNhM,1,0,1,1.0
JNhS,0,0,0,
JNhb,1,0,1,1.0
JNhs,0,1,1,0.0
JNlB,1,1,2,0.5
JNlH,0,0,0,
JNlI,0,1,1,0.0
JNlL,1,0,1,1.0
JNlM,2,0,2,1.0
JNlN,0,1,1,0.0
JNlS,1,0,1,1.0
JNln,0,2,2,0.0
JNmB,2,0,2,1.0
JNmL,1,0,1,1.0
JNmM,0,1,1,0.0
JNmN,2,0,2,1.0
JNmP,0,1,1,0.0
JNmb,1,1,2,0.5
JNmn,0,1,1,0.0
JNnB,2,1,3,0.67
JNnD,1,0,1,1.0
JNnL,0,2,2,0.0
JNnM,2,0,2,1.0
JNnN,0,0,0,
JNnP,1,4,5,0.2
JNnS,1,1,2,0.5
JNnb,1,2,3,0.33
JNnm,1,0,1,1.0
JNnn,1,0,1,1.0
JNsH,1,0,1,1.0
JNsL,0,1,1,0.0
JNsP,0,1,1,0.0
JNsS,0,1,1,0.0
JNtM,0,1,1,0.0
JNtN,1,0,1,1.0
JNtS,0,1,1,0.0
JNtb,1,0,1,1.0
JPBB,0,6,6,0.0
JPBL,1,3,4,0.25
JPBM,1,4,5,0.2
JPBN,2,0,2,1.0
JPBP,1,1,2,0.5
JPBS,1,1,2,0.5
JPBb,0,0,0,
JPBj,1,1,2,0.5
JPBm,2,1,3,0.67
JPBn,2,0,2,1.0
JPBs,0,0,0,
JPBt,0,0,0,
JPHK,0,1,1,0.0
JPHM,2,0,2,1.0
JPHP,0,1,1,0.0
JPHS,0,0,0,
JPHh,0,1,1,0.0
JPHm,0,0,0,
JPHs,0,1,1,0.0
JPIS,0,1,1,0.0
JPKM,0,1,1,0.0
JPKs,1,0,1,1.0
JPLB,0,1,1,0.0
JPLM,1,0,1,1.0
JPLN,1,0,1,1.0
JPLP,1,2,3,0.33
JPLS,1,0,1,1.0
JPLb,0,1,1,0.0
JPLl,0,2,2,0.0
JPLm,1,0,1,1.0
JPLn,0,1,1,0.0
JPMB,0,1,1,0.0
JPMD,0,1,1,0.0
JPMM,0,3,3,0.0
JPMN,0,0,0,
JPMP,1,1,2,0.5
JPMS,2,0,2,1.0
JPMb,1,1,2,0.5
JPMh,0,1,1,0.0
JPMs,0,1,1,0.0
JPMt,0,1,1,0.0
JPNB,2,1,3,0.67
JPNL,0,1,1,0.0
JPNM,1,2,3,0.33
JPNN,0,1,1,0.0
JPNP,2,3,5,0.4
JPNS,1,0,1,1.0
JPNb,1,3,4,0.25
JPNh,2,0,2,1.0
JPNm,1,1,2,0.5
JPNn,1,0,1,1.0
JPNs,1,0,1,1.0
JPNt,2,0,2,1.0
JPPB,2,1,3,0.67
JPPI,1,0,1,1.0
JPPK,1,0,1,1.0
JPPL,0,1,1,0.0
JPPM,2,1,3,0.67
JPPN,3,2,5,0.6
JPPP,5,4,9,0.56
JPPS,0,4,4,0.0
JPPb,4,4,8,0.5
JPPh,0,1,1,0.0
JPPl,2,3,5,0.4
JPPm,4,2,6,0.67
JPPn,2,5,7,0.29
JPPs,1,0,1,1.0
JPSB,1,1,2,0.5
JPSH,1,0,1,1.0
JPSM,1,2,3,0.33
JPSN,2,0,2,1.0
JPSP,1,3,4,0.25
JPSS,3,0,3,1.0
JPSb,1,1,2,0.5
JPSh,0,1,1,0.0
JPSm,1,1,2,0.5
JPSn,2,0,2,1.0
JPSs,2,2,4,0.5
JPSt,0,0,0,
JPbB,1,1,2,0.5
JPbJ,1,0,1,1.0
JPbL,1,0,1,1.0
JPbM,0,3,3,0.0
JPbN,0,0,0,
JPbP,2,2,4,0.5
JPbb,3,0,3,1.0
JPbl,1,0,1,1.0
JPbm,2,0,2,1.0
JPbn,1,1,2,0.5
JPbs,0,2,2,0.0
JPhP,1,0,1,1.0
JPhh,1,0,1,1.0
JPhm,1,0,1,1.0
JPlB,1,0,1,1.0
JPlH,0,1,1,0.0
JPlI,0,1,1,0.0
JPlJ,0,0,0,
JPlM,1,1,2,0.5
JPlN,0,1,1,0.0
JPlP,0,1,1,0.0
JPlb,0,1,1,0.0
JPll,2,0,2,1.0
JPls,1,0,1,1.0
JPmB,1,0,1,1.0
JPmH,0,1,1,0.0
JPmJ,1,0,1,1.0
JPmL,2,1,3,0.67
JPmM,0,0,0,
JPmN,0,1,1,0.0
JPmP,1,2,3,0.33
JPmS,1,0,1,1.0
JPmb,0,1,1,0.0
JPml,1,0,1,1.0
JPmm,1,0,1,1.0
JPmn,2,0,2,1.0
JPms,0,0,0,
JPnB,1,0,1,1.0
JPnL,1,0,1,1.0
JPnM,3,3,6,0.5
JPnP,1,2,3,0.33
JPnb,1,0,1,1.0
JPnl,1,0,1,1.0
JPnm,0,0,0,
JPnn,1,1,2,0.5
JPns,0,1,1,0.0
JPsB,1,1,2,0.5
JPsI,0,1,1,0.0
JPsL,0,2,2,0.0
JPsM,1,1,2,0.5
JPsN,1,0,1,1.0
JPsP,2,1,3,0.67
JPsb,0,1,1,0.0
JPsl,2,0,2,1.0
JPsm,1,0,1,1.0
JPss,1,1,2,0.5
JPtP,2,0,2,1.0
JPtb,1,0,1,1.0
JSBM,1,1,2,0.5
JSBP,0,1,1,0.0
JSBb,1,1,2,0.5
JSBl,1,0,1,1.0
JSBn,1,0,1,1.0
JSDB,0,1,1,0.0
JSDH,1,0,1,1.0
JSDS,0,1,1,0.0
JSDm,0,1,1,0.0
JSHM,0,0,0,
JSHN,1,0,1,1.0
JSHP,1,0,1,1.0
JSHb,1,0,1,1.0
JSHn,1,0,1,1.0
JSHs,1,0,1,1.0
JSKM,0,1,1,0.0
JSKs,1,0,1,1.0
JSLL,0,1,1,0.0
JSLM,1,0,1,1.0
JSLN,1,0,1,1.0
JSLP,0,0,0,
JSLS,0,1,1,0.0
JSLb,0,1,1,0.0
JSLj,1,0,1,1.0
JSLl,0,0,0,
JSML,0,2,2,0.0
JSMP,0,1,1,0.0
JSMS,0,2,2,0.0
JSMb,0,1,1,0.0
JSMh,2,0,2,1.0
JSMl,0,2,2,0.0
JSMm,2,0,2,1.0
JSMn,1,1,2,0.5
JSMs,0,0,0,
JSNB,1,0,1,1.0
JSNH,0,1,1,0.0
JSNM,1,0,1,1.0
JSNN,1,1,2,0.5
JSNP,0,1,1,0.0
JSNS,0,0,0,
JSNb,0,2,2,0.0
JSNm,2,1,3,0.67
JSNn,0,1,1,0.0
JSPB,1,1,2,0.5
JSPK,0,1,1,0.0
JSPL,1,0,1,1.0
JSPM,0,3,3,0.0
JSPN,1,0,1,1.0
JSPP,1,1,2,0.5
JSPS,1,0,1,1.0
JSPb,1,0,1,1.0
JSPl,1,0,1,1.0
JSPs,0,1,1,0.0
JSSM,1,1,2,0.5
JSSN,1,0,1,1.0
JSSP,1,0,1,1.0
JSSl,0,1,1,0.0
JSSn,1,0,1,1.0
JSSs,0,1,1,0.0
JSbB,0,1,1,0.0
JSbL,0,1,1,0.0
JSbM,1,0,1,1.0
JSbN,0,1,1,0.0
JSbS,0,1,1,0.0
JSbb,1,0,1,1.0
JSbl,0,1,1,0.0
JSbs,0,1,1,0.0
JShN,2,0,2,1.0
JShP,0,0,0,
JShs,1,0,1,1.0
JSlM,0,0,0,
JSlN,0,0,0,
JSlP,0,1,1,0.0
JSlm,1,0,1,1.0
JSln,0,1,1,0.0
JSmD,0,3,3,0.0
JSmH,0,1,1,0.0
JSmL,1,0,1,1.0
JSmM,1,0,1,1.0
JSmP,1,1,2,0.5
JSmb,0,0,0,
JSmn,0,2,2,0.0
JSnB,1,2,3,0.33
JSnH,0,3,3,0.0
JSnL,0,1,1,0.0
JSnM,0,1,1,0.0
JSnN,0,1,1,0.0
JSnl,2,0,2,1.0
JSnn,0,1,1,0.0
JSns,0,1,1,0.0
JSsB,0,0,0,
JSsL,1,0,1,1.0
JSsM,1,1,2,0.5
JSsN,2,0,2,1.0
JSsP,0,1,1,0.0
JSsS,2,1,3,0.67
JSsh,0,1,1,0.0
JSsm,1,0,1,1.0
JStD,0,2,2,0.0
JStM,0,1,1,0.0
JStb,0,1,1,0.0
JbBM,1,2,3,0.33
JbBN,2,2,4,0.5
JbBP,2,2,4,0.5
JbBb,0,2,2,0.0
JbBj,1,1,2,0.5
JbBl,2,1,3,0.67
JbBm,2,1,3,0.67
JbBn,4,0,4,1.0
JbBs,1,0,1,1.0
JbDP,0,1,1,0.0
JbHN,1,0,1,1.0
JbHb,1,0,1,1.0
JbIM,1,0,1,1.0
JbIS,0,1,1,0.0
JbJH,1,0,1,1.0
JbJN,1,0,1,1.0
JbJb,0,1,1,0.0
JbJn,0,1,1,0.0
JbLB,0,0,0,
JbLM,1,0,1,1.0
JbLN,0,1,1,0.0
JbLS,0,2,2,0.0
JbLb,2,1,3,0.67
JbLm,1,1,2,0.5
JbLn,1,1,2,0.5
JbLs,1,0,1,1.0
JbMB,2,0,2,1.0
JbML,0,1,1,0.0
JbMM,0,1,1,0.0
JbMN,1,0,1,1.0
JbMP,1,2,3,0.33
JbMS,1,1,2,0.5
JbMb,2,0,2,1.0
JbMh,0,1,1,0.0
JbMl,1,0,1,1.0
JbMm,1,2,3,0.33
JbMn,2,1,3,0.67
JbMs,1,0,1,1.0
JbNB,2,2,4,0.5
JbNK,0,0,0,
JbNM,0,2,2,0.0
JbNN,0,2,2,0.0
JbNP,3,0,3,1.0
JbNS,0,1,1,0.0
JbNb,1,1,2,0.5
JbNh,2,0,2,1.0
JbNl,2,0,2,1.0
JbNm,1,1,2,0.5
JbNn,1,0,1,1.0
JbNs,1,0,1,1.0
JbPB,0,0,0,
JbPL,0,3,3,0.0
JbPM,2,1,3,0.67
JbPN,1,1,2,0.5
JbPP,1,5,6,0.17
JbPS,1,3,4,0.25
JbPb,2,0,2,1.0
JbPl,2,0,2,1.0
JbPm,2,0,2,1.0
JbPn,0,0,0,
JbSB,1,0,1,1.0
JbSL,0,2,2,0.0
JbSM,1,0,1,1.0
JbSP,0,1,1,0.0
JbSS,0,1,1,0.0
JbSl,0,1,1,0.0
JbSs,0,2,2,0.0
JbbB,1,2,3,0.33
JbbL,1,1,2,0.5
JbbM,1,1,2,0.5
JbbN,2,2,4,0.5
JbbP,1,1,2,0.5
Jbbb,1,0,1,1.0
Jbbm,2,0,2,1.0
JblM,0,3,3,0.0
JblN,0,1,1,0.0
JblP,1,0,1,1.0
JblS,0,1,1,0.0
Jblb,1,0,1,1.0
JbmD,1,0,1,1.0
JbmM,0,0,0,
JbmN,1,0,1,1.0
JbmP,0,2,2,0.0
JbmS,1,0,1,1.0
Jbmb,0,1,1,0.0
Jbml,1,0,1,1.0
Jbmm,1,0,1,1.0
JbnH,2,0,2,1.0
JbnL,0,1,1,0.0
JbnM,0,1,1,0.0
JbnN,1,0,1,1.0
JbnP,0,1,1,0.0
JbnS,1,0,1,1.0
Jbnm,0,1,1,0.0
Jbnn,0,1,1,0.0
JbsB,0,1,1,0.0
JbsM,0,0,0,
JbsP,2,1,3,0.67
Jbss,0,1,1,0.0
JhHB,1,0,1,1.0
JhIP,0,0,0,
JhLm,0,1,1,0.0
JhMt,0,1,1,0.0
JhNn,1,0,1,1.0
JhPL,1,1,2,0.5
JhPh,1,0,1,1.0
JhSb,1,0,1,1.0
JhSn,1,0,1,1.0
JhbL,1,0,1,1.0
Jhbm,0,0,0,
JhmN,0,1,1,0.0
JhmS,0,1,1,0.0
JhnS,1,0,1,1.0
Jhns,1,0,1,1.0
JhsM,1,0,1,1.0
JhsP,1,0,1,1.0
Jhss,1,0,1,1.0
Jhtb,0,0,0,
JlBB,1,0,1,1.0
JlBL,0,1,1,0.0
JlBM,1,1,2,0.5
JlBN,0,1,1,0.0
JlBn,1,0,1,1.0
JlBs,0,1,1,0.0
JlDn,1,0,1,1.0
JlHP,1,1,2,0.5
JlHS,1,0,1,1.0
JlHt,1,0,1,1.0
JlJB,0,1,1,0.0
JlJN,0,2,2,0.0
JlJP,1,0,1,1.0
JlLP,0,1,1,0.0
JlLj,1,0,1,1.0
JlLm,0,0,0,
JlLs,2,1,3,0.67
JlMB,1,0,1,1.0
JlMN,0,1,1,0.0
JlMb,0,1,1,0.0
JlMh,1,0,1,1.0
JlMm,0,0,0,
JlNM,0,1,1,0.0
JlNP,1,0,1,1.0
JlNb,1,0,1,1.0
JlNn,0,1,1,0.0
JlPH,1,0,1,1.0
JlPL,1,0,1,1.0
JlPP,0,0,0,
JlPb,0,0,0,
JlPm,1,0,1,1.0
JlPn,1,1,2,0.5
JlPs,0,0,0,
JlSH,1,1,2,0.5
JlSN,0,1,1,0.0
JlSh,0,1,1,0.0
JlSn,0,0,0,
JlbK,1,0,1,1.0
JlbL,0,1,1,0.0
JlbM,0,1,1,0.0
JlbN,1,0,1,1.0
Jlbb,0,1,1,0.0
Jlbm,0,1,1,0.0
Jlbn,0,1,1,0.0
JllB,1,0,1,1.0
JllI,0,1,1,0.0
JllM,0,2,2,0.0
JllN,0,1,1,0.0
JllP,0,0,0,
JlmB,0,0,0,
JlmN,1,1,2,0.5
JlmP,2,0,2,1.0
JlmS,0,1,1,0.0
JlnB,0,2,2,0.0
JlnD,1,0,1,1.0
JlnN,1,1,2,0.5
Jlnl,0,0,0,
JlsS,0,1,1,0.0
Jlss,1,1,2,0.5
JmBB,0,3,3,0.0
JmBM,1,0,1,1.0
JmBN,0,1,1,0.0
JmBP,1,0,1,1.0
JmBS,0,1,1,0.0
JmBb,2,0,2,1.0
JmBm,1,2,3,0.33
JmDL,0,1,1,0.0
JmDM,0,1,1,0.0
JmHL,0,1,1,0.0
JmHP,1,0,1,1.0
JmHl,0,1,1,0.0
JmHn,0,1,1,0.0
JmHs,2,0,2,1.0
JmJL,1,0,1,1.0
JmJN,0,0,0,
JmLS,2,1,3,0.67
JmLl,1,0,1,1.0
JmLm,1,0,1,1.0
JmLn,2,0,2,1.0
JmLs,1,0,1,1.0
JmMB,0,1,1,0.0
JmML,2,0,2,1.0
JmMM,1,0,1,1.0
JmMb,2,0,2,1.0
JmMh,1,0,1,1.0
JmMm,3,0,3,1.0
JmMn,1,2,3,0.33
JmNB,1,0,1,1.0
JmNM,1,0,1,1.0
JmNP,2,2,4,0.5
JmNS,0,1,1,0.0
JmNb,1,1,2,0.5
JmNn,0,1,1,0.0
JmPB,2,2,4,0.5
JmPK,0,1,1,0.0
JmPL,2,0,2,1.0
JmPM,0,2,2,0.0
JmPN,1,0,1,1.0
JmPP,2,3,5,0.4
JmPS,2,0,2,1.0
JmPb,1,0,1,1.0
JmPh,1,0,1,1.0
JmPl,0,1,1,0.0
JmPm,1,0,1,1.0
JmPs,0,1,1,0.0
JmPt,1,0,1,1.0
JmSB,0,1,1,0.0
JmSL,0,0,0,
JmSM,0,1,1,0.0
JmSP,0,1,1,0.0
JmSS,0,1,1,0.0
JmSb,1,0,1,1.0
JmSh,1,0,1,1.0
JmSm,0,2,2,0.0
JmSs,1,1,2,0.5
JmSt,1,0,1,1.0
JmbB,0,1,1,0.0
JmbD,1,0,1,1.0
JmbL,1,0,1,1.0
JmbM,0,1,1,0.0
JmbN,2,2,4,0.5
JmbP,2,2,4,0.5
JmbS,0,1,1,0.0
Jmbb,4,2,6,0.67
Jmbm,1,1,2,0.5
Jmll,1,0,1,1.0
Jmlm,0,1,1,0.0
JmmD,1,0,1,1.0
JmmH,1,1,2,0.5
JmmL,0,1,1,0.0
JmmN,0,1,1,0.0
JmmP,1,0,1,1.0
JmmS,0,1,1,0.0
Jmmb,0,1,1,0.0
Jmmn,0,1,1,0.0
JmnB,1,0,1,1.0
JmnH,0,1,1,0.0
JmnL,0,0,0,
JmnM,1,0,1,1.0
JmnN,0,0,0,
JmnP,1,3,4,0.25
JmnS,0,2,2,0.0
Jmnb,1,0,1,1.0
Jmnm,2,0,2,1.0
JmsB,0,0,0,
JmsH,1,0,1,1.0
JmsL,1,0,1,1.0
JmsN,1,0,1,1.0
JmsS,1,1,2,0.5
Jmss,0,1,1,0.0
JnBM,1,0,1,1.0
JnBN,0,1,1,0.0
JnBP,2,0,2,1.0
JnBb,0,1,1,0.0
JnBj,0,1,1,0.0
JnBl,0,2,2,0.0
JnBm,1,1,2,0.5
JnBs,1,0,1,1.0
JnDB,0,1,1,0.0
JnHb,1,0,1,1.0
JnHh,0,1,1,0.0
JnHn,1,1,2,0.5
JnKL,1,0,1,1.0
JnLB,1,3,4,0.25
JnLM,0,0,0,
JnLN,0,1,1,0.0
JnLP,2,0,2,1.0
JnLn,0,1,1,0.0
JnLs,1,0,1,1.0
JnMP,3,1,4,0.75
JnMS,1,0,1,1.0
JnMb,1,0,1,1.0
JnMh,0,1,1,0.0
JnMm,0,1,1,0.0
JnMs,1,0,1,1.0
JnNB,0,1,1,0.0
JnND,0,1,1,0.0
JnNL,1,0,1,1.0
JnNM,3,0,3,1.0
JnNN,3,2,5,0.6
JnNP,0,1,1,0.0
JnNS,1,0,1,1.0
JnNb,0,1,1,0.0
JnNl,0,0,0,
JnNm,2,0,2,1.0
JnNn,1,1,2,0.5
JnNt,1,0,1,1.0
JnPB,2,0,2,1.0
JnPH,0,2,2,0.0
JnPK,0,1,1,0.0
JnPL,1,0,1,1.0
JnPM,0,0,0,
JnPN,1,1,2,0.5
JnPP,3,0,3,1.0
JnPS,0,1,1,0.0
JnPb,0,2,2,0.0
JnPl,1,1,2,0.5
JnPn,2,0,2,1.0
JnSL,1,0,1,1.0
JnSM,1,0,1,1.0
JnSN,0,1,1,0.0
JnSS,1,0,1,1.0
JnSb,1,1,2,0.5
JnSt,0,1,1,0.0
JnbB,0,1,1,0.0
JnbN,0,1,1,0.0
JnbP,1,0,1,1.0
JnbS,0,1,1,0.0
Jnbb,1,3,4,0.25
Jnbl,1,0,1,1.0
Jnbm,1,0,1,1.0
Jnbn,2,0,2,1.0
JnlH,1,0,1,1.0
JnlJ,0,1,1,0.0
JnlS,1,1,2,0.5
Jnlb,0,1,1,0.0
Jnlm,0,1,1,0.0
JnmH,0,0,0,
JnmI,0,0,0,
JnmL,1,2,3,0.33
JnmM,1,0,1,1.0
JnmP,1,1,2,0.5
JnmS,1,0,1,1.0
Jnmb,1,3,4,0.25
Jnmn,0,1,1,0.0
Jnms,0,1,1,0.0
JnnB,2,0,2,1.0
JnnH,0,1,1,0.0
JnnI,0,1,1,0.0
JnnL,0,1,1,0.0
JnnN,1,1,2,0.5
JnnP,1,3,4,0.25
JnnS,0,2,2,0.0
Jnnb,0,0,0,
Jnnh,0,1,1,0.0
Jnns,1,0,1,1.0
JnsH,0,0,0,
JnsN,1,0,1,1.0
JnsS,1,2,3,0.33
Jnsb,1,0,1,1.0
Jnsn,0,1,1,0.0
Jnss,1,0,1,1.0
JsBB,0,1,1,0.0
JsBN,1,2,3,0.33
JsBP,1,2,3,0.33
JsBS,0,1,1,0.0
JsBb,1,0,1,1.0
JsBl,1,0,1,1.0
JsDN,0,1,1,0.0
JsDS,1,0,1,1.0
JsDn,1,0,1,1.0
JsDs,0,1,1,0.0
JsHB,1,1,2,0.5
JsHK,1,0,1,1.0
JsHM,0,0,0,
JsHP,2,2,4,0.5
JsHS,0,0,0,
JsHb,0,0,0,
JsHl,0,1,1,0.0
JsHm,2,0,2,1.0
JsIm,1,0,1,1.0
JsKm,0,1,1,0.0
JsLM,2,1,3,0.67
JsLN,0,1,1,0.0
JsLm,2,0,2,1.0
JsML,2,0,2,1.0
JsMM,0,0,0,
JsMN,1,0,1,1.0
JsMP,1,1,2,0.5
JsMS,1,0,1,1.0
JsMb,0,0,0,
JsMl,1,0,1,1.0
JsMn,1,1,2,0.5
JsNL,1,1,2,0.5
JsNM,2,0,2,1.0
JsNN,0,1,1,0.0
JsNS,0,0,0,
JsNb,1,2,3,0.33
JsNs,2,0,2,1.0
JsPB,0,1,1,0.0
JsPK,1,1,2,0.5
JsPN,2,0,2,1.0
JsPP,1,3,4,0.25
JsPS,0,1,1,0.0
JsPb,0,0,0,
JsPh,0,1,1,0.0
JsPm,0,1,1,0.0
JsPs,1,0,1,1.0
JsPt,0,1,1,0.0
JsSH,2,1,3,0.67
JsSN,0,1,1,0.0
JsSP,2,0,2,1.0
JsSS,0,1,1,0.0
JsSh,0,0,0,
JsSm,1,0,1,1.0
JsSn,0,1,1,0.0
JsSs,1,3,4,0.25
JsSt,1,0,1,1.0
JsbM,3,0,3,1.0
JsbP,4,1,5,0.8
Jsbb,1,1,2,0.5
Jsbm,1,1,2,0.5
JshB,0,0,0,
JslH,1,0,1,1.0
JslS,0,1,1,0.0
Jslb,1,1,2,0.5
Jslm,1,0,1,1.0
JsmH,1,0,1,1.0
JsmN,1,0,1,1.0
JsmP,1,0,1,1.0
JsmS,3,0,3,1.0
Jsmb,0,1,1,0.0
Jsml,1,0,1,1.0
Jsmm,1,1,2,0.5
Jsmn,0,2,2,0.0
Jsms,0,0,0,
JsnB,0,1,1,0.0
JsnI,0,1,1,0.0
JsnN,0,1,1,0.0
JsnP,1,1,2,0.5
Jsnb,0,1,1,0.0
JssH,0,1,1,0.0
JssM,1,1,2,0.5
JssP,1,1,2,0.5
JssS,0,0,0,
Jssb,0,2,2,0.0
Jssl,1,0,1,1.0
Jssn,1,0,1,1.0
Jsss,1,0,1,1.0
JtLP,1,0,1,1.0
JtLS,1,0,1,1.0
JtMl,1,0,1,1.0
JtMn,0,1,1,0.0
JtNS,0,1,1,0.0
JtPM,0,1,1,0.0
JtPb,2,0,2,1.0
JtSB,1,0,1,1.0
JtSm,1,0,1,1.0
JtSs,0,0,0,
JtlJ,0,0,0,
JtlN,1,0,1,1.0
JtnH,0,1,1,0.0
Jtnb,0,1,1,0.0
JtsM,0,1,1,0.0
JtsN,1,0,1,1.0
KBBB,0,1,1,0.0
KBBN,0,1,1,0.0
KBBP,1,0,1,1.0
KBBj,0,1,1,0.0
KBBn,1,0,1,1.0
KBBs,1,0,1,1.0
KBKn,0,1,1,0.0
KBLB,1,0,1,1.0
KBLP,1,0,1,1.0
KBLS,1,1,2,0.5
KBLn,0,1,1,0.0
KBLs,1,0,1,1.0
KBMB,1,1,2,0.5
KBMM,1,0,1,1.0
KBMN,0,1,1,0.0
KBMP,1,2,3,0.33
KBMS,0,2,2,0.0
KBMb,0,2,2,0.0
KBMh,1,1,2,0.5
KBMl,0,0,0,
KBMm,2,2,4,0.5
KBNB,1,2,3,0.33
KBNL,1,0,1,1.0
KBNN,1,0,1,1.0
KBNP,0,1,1,0.0
KBNS,1,0,1,1.0
KBNb,0,1,1,0.0
KBNl,1,0,1,1.0
KBNm,3,0,3,1.0
KBNn,0,1,1,0.0
KBPB,1,0,1,1.0
KBPD,0,1,1,0.0
KBPK,0,1,1,0.0
KBPN,1,1,2,0.5
KBPP,0,0,0,
KBPb,0,1,1,0.0
KBPl,1,0,1,1.0
KBPm,0,1,1,0.0
KBPs,1,0,1,1.0
KBSM,0,2,2,0.0
KBSP,0,2,2,0.0
KBSb,1,0,1,1.0
KBSl,1,0,1,1.0
KBSn,0,1,1,0.0
KBbB,1,1,2,0.5
KBbL,0,1,1,0.0
KBbM,2,2,4,0.5
KBbN,0,0,0,
KBbP,2,0,2,1.0
KBbS,1,0,1,1.0
KBbb,3,0,3,1.0
KBbm,1,0,1,1.0
KBhL,1,0,1,1.0
KBhM,0,0,0,
KBhS,0,0,0,
KBjM,0,1,1,0.0
KBjl,0,1,1,0.0
KBjs,1,0,1,1.0
KBlL,0,0,0,
KBlM,0,1,1,0.0
KBlP,0,1,1,0.0
KBlb,0,1,1,0.0
KBll,1,0,1,1.0
KBlm,1,0,1,1.0
KBln,1,0,1,1.0
KBmB,0,0,0,
KBmH,1,0,1,1.0
KBmJ,0,2,2,0.0
KBmL,1,0,1,1.0
KBmM,2,0,2,1.0
KBmN,1,0,1,1.0
KBmP,0,1,1,0.0
KBmS,1,0,1,1.0
KBmb,1,1,2,0.5
KBmm,0,1,1,0.0
KBnB,0,1,1,0.0
KBnP,1,0,1,1.0
KBnb,2,2,4,0.5
KBnm,1,0,1,1.0
KBns,0,1,1,0.0
KBsL,1,0,1,1.0
KBsM,1,0,1,1.0
KBsN,1,0,1,1.0
KBsP,0,1,1,0.0
KBsS,0,0,0,
KBsb,2,0,2,1.0
KBsl,1,0,1,1.0
KBsn,0,1,1,0.0
KBss,1,0,1,1.0
KBtH,1,0,1,1.0
KDBb,0,0,0,
KDHD,1,0,1,1.0
KDHs,0,1,1,0.0
KDMP,1,0,1,1.0
KDNM,0,1,1,0.0
KDPB,1,0,1,1.0
KDPM,1,0,1,1.0
KDSS,1,0,1,1.0
KDbb,1,0,1,1.0
KDmm,0,1,1,0.0
KDnM,1,0,1,1.0
KDsB,0,1,1,0.0
KDsH,0,1,1,0.0
KHBB,0,1,1,0.0
KHBM,1,0,1,1.0
KHBN,0,1,1,0.0
KHBj,0,1,1,0.0
KHBs,1,0,1,1.0
KHDK,0,0,0,
KHLS,1,0,1,1.0
KHMn,0,0,0,
KHNl,0,1,1,0.0
KHPB,0,1,1,0.0
KHPL,0,1,1,0.0
KHPM,0,1,1,0.0
KHPS,1,1,2,0.5
KHPm,1,0,1,1.0
KHSM,0,1,1,0.0
KHbB,1,0,1,1.0
KHbN,1,1,2,0.5
KHbn,1,0,1,1.0
KHnB,1,0,1,1.0
KHnN,1,0,1,1.0
KHnP,0,1,1,0.0
KHsN,0,1,1,0.0
KHsb,1,0,1,1.0
KHsn,1,0,1,1.0
KIHP,0,1,1,0.0
KILB,0,1,1,0.0
KIMM,0,2,2,0.0
KINL,1,0,1,1.0
KINN,0,1,1,0.0
KIPP,1,0,1,1.0
KISP,1,0,1,1.0
KInP,0,0,0,
KInb,1,0,1,1.0
KIns,0,2,2,0.0
KKBB,1,0,1,1.0
KKNL,1,0,1,1.0
KKbb,1,0,1,1.0
KKsb,0,1,1,0.0
KLBB,2,0,2,1.0
KLBP,0,0,0,
KLBs,1,0,1,1.0
KLBt,0,1,1,0.0
KLLP,0,1,1,0.0
KLLS,1,0,1,1.0
KLLb,1,0,1,1.0
KLLl,0,1,1,0.0
KLLt,0,1,1,0.0
KLMb,1,1,2,0.5
KLMl,0,1,1,0.0
KLMm,1,1,2,0.5
KLMs,0,1,1,0.0
KLNS,0,0,0,
KLNb,1,1,2,0.5
KLPH,0,0,0,
KLPM,0,1,1,0.0
KLPP,1,0,1,1.0
KLPS,1,1,2,0.5
KLPn,1,0,1,1.0
KLPs,0,1,1,0.0
KLSb,0,0,0,
KLSm,1,0,1,1.0
KLbL,1,0,1,1.0
KLbP,1,2,3,0.33
KLbb,1,0,1,1.0
KLbm,1,0,1,1.0
KLbn,0,1,1,0.0
KLhN,1,0,1,1.0
KLhb,1,0,1,1.0
KLhm,1,0,1,1.0
KLjL,0,1,1,0.0
KLjP,0,0,0,
KLjb,0,1,1,0.0
KLlM,1,0,1,1.0
KLlN,0,1,1,0.0
KLlb,0,1,1,0.0
KLln,1,0,1,1.0
KLmN,1,0,1,1.0
KLmP,1,1,2,0.5
KLmS,0,0,0,
KLmb,1,1,2,0.5
KLml,0,1,1,0.0
KLmm,0,1,1,0.0
KLmn,0,1,1,0.0
KLnM,1,0,1,1.0
KLnN,0,1,1,0.0
KLnP,0,1,1,0.0
KLnm,0,1,1,0.0
KLnn,1,0,1,1.0
KLsH,1,0,1,1.0
KLsL,1,0,1,1.0
KLsN,0,1,1,0.0
KLsP,0,1,1,0.0
KLsS,1,0,1,1.0
KLsl,1,0,1,1.0
KLsm,0,1,1,0.0
KLtP,0,1,1,0.0
KMBB,1,2,3,0.33
KMBL,1,0,1,1.0
KMBM,0,1,1,0.0
KMBN,1,1,2,0.5
KMBb,0,2,2,0.0
KMBm,0,0,0,
KMDB,0,1,1,0.0
KMDS,0,1,1,0.0
KMLL,0,1,1,0.0
KMLM,0,1,1,0.0
KMLP,0,1,1,0.0
KMLj,0,0,0,
KMLn,0,1,1,0.0
KMMB,1,1,2,0.5
KMMD,1,0,1,1.0
KMMM,1,1,2,0.5
KMMP,1,0,1,1.0
KMMS,1,0,1,1.0
KMMb,1,0,1,1.0
KMMm,0,1,1,0.0
KMNB,0,1,1,0.0
KMND,0,1,1,0.0
KMNH,1,0,1,1.0
KMNL,0,1,1,0.0
KMNM,1,0,1,1.0
KMNP,1,1,2,0.5
KMNh,0,0,0,
KMNm,0,0,0,
KMNs,0,1,1,0.0
KMNt,1,0,1,1.0
KMPB,1,1,2,0.5
KMPI,0,1,1,0.0
KMPM,1,4,5,0.2
KMPN,1,1,2,0.5
KMPP,3,0,3,1.0
KMPS,2,0,2,1.0
KMPb,2,0,2,1.0
KMPl,1,0,1,1.0
KMPm,1,0,1,1.0
KMPn,2,2,4,0.5
KMPs,1,0,1,1.0
KMSL,0,1,1,0.0
KMSM,0,2,2,0.0
KMSS,0,0,0,
KMSm,0,1,1,0.0
KMSn,0,0,0,
KMSs,1,0,1,1.0
KMSt,0,1,1,0.0
KMbJ,0,1,1,0.0
KMbM,0,1,1,0.0
KMbN,0,1,1,0.0
KMbP,1,1,2,0.5
KMbS,1,0,1,1.0
KMbb,1,1,2,0.5
KMbl,1,1,2,0.5
KMbm,0,1,1,0.0
KMbn,1,1,2,0.5
KMbs,2,1,3,0.67
KMhB,0,1,1,0.0
KMhP,0,1,1,0.0
KMhh,1,1,2,0.5
KMhl,1,0,1,1.0
KMhm,1,2,3,0.33
KMhn,2,0,2,1.0
KMhs,1,0,1,1.0
KMjb,2,0,2,1.0
KMlH,1,0,1,1.0
KMlJ,0,1,1,0.0
KMlL,0,1,1,0.0
KMlM,1,0,1,1.0
KMlP,1,0,1,1.0
KMlS,0,2,2,0.0
KMlb,0,1,1,0.0
KMln,0,0,0,
KMls,2,0,2,1.0
KMmB,0,1,1,0.0
KMmH,0,2,2,0.0
KMmM,0,1,1,0.0
KMmP,0,0,0,
KMmS,1,1,2,0.5
KMmb,0,0,0,
KMmm,0,1,1,0.0
KMmn,0,1,1,0.0
KMms,1,0,1,1.0
KMnB,1,0,1,1.0
KMnD,1,0,1,1.0
KMnH,0,1,1,0.0
KMnN,1,2,3,0.33
KMnP,0,2,2,0.0
KMnS,1,1,2,0.5
KMnm,1,0,1,1.0
KMnn,0,1,1,0.0
KMns,1,0,1,1.0
KMsH,0,1,1,0.0
KMsN,1,1,2,0.5
KMsP,0,1,1,0.0
KMsS,0,1,1,0.0
KMsb,0,0,0,
KMsm,0,2,2,0.0
KMtN,1,0,1,1.0
KMtP,0,1,1,0.0
KMtm,0,1,1,0.0
KNBB,1,1,2,0.5
KNBN,2,0,2,1.0
KNBP,1,0,1,1.0
KNBS,1,0,1,1.0
KNBn,0,1,1,0.0
KNHP,0,1,1,0.0
KNKL,1,0,1,1.0
KNLM,0,1,1,0.0
KNLN,1,0,1,1.0
KNMB,1,0,1,1.0
KNMM,2,0,2,1.0
KNMN,1,0,1,1.0
KNMP,0,1,1,0.0
KNMh,1,0,1,1.0
KNMm,2,0,2,1.0
KNMn,0,1,1,0.0
KNMs,1,0,1,1.0
KNNK,1,0,1,1.0
KNNL,0,2,2,0.0
KNNM,1,0,1,1.0
KNNN,0,1,1,0.0
KNNl,1,0,1,1.0
KNNn,1,0,1,1.0
KNNs,1,0,1,1.0
KNPH,0,2,2,0.0
KNPM,0,1,1,0.0
KNPN,1,0,1,1.0
KNPP,3,1,4,0.75
KNPS,1,2,3,0.33
KNPb,2,1,3,0.67
KNPl,1,0,1,1.0
KNPm,3,1,4,0.75
KNPn,1,0,1,1.0
KNPs,1,1,2,0.5
KNSB,0,1,1,0.0
KNSS,0,1,1,0.0
KNSb,1,0,1,1.0
KNSm,1,0,1,1.0
KNSn,0,0,0,
KNbL,0,0,0,
KNbM,0,2,2,0.0
KNbP,2,0,2,1.0
KNbb,1,1,2,0.5
KNbm,0,2,2,0.0
KNbn,0,2,2,0.0
KNbs,1,0,1,1.0
KNhM,1,0,1,1.0
KNhn,0,1,1,0.0
KNht,1,0,1,1.0
KNlH,1,0,1,1.0
KNlP,3,1,4,0.75
KNlS,1,1,2,0.5
KNln,1,0,1,1.0
KNls,1,0,1,1.0
KNmH,1,0,1,1.0
KNmI,0,1,1,0.0
KNmM,1,1,2,0.5
KNmP,0,1,1,0.0
KNmS,4,0,4,1.0
KNmb,0,1,1,0.0
KNmm,0,1,1,0.0
KNmn,0,0,0,
KNnB,1,1,2,0.5
KNnI,0,1,1,0.0
KNnM,1,0,1,1.0
KNnP,1,1,2,0.5
KNnm,0,1,1,0.0
KNnn,2,0,2,1.0
KNsM,2,0,2,1.0
KNsP,1,1,2,0.5
KNsS,1,1,2,0.5
KNsn,1,1,2,0.5
KNtH,0,1,1,0.0
KNtP,0,1,1,0.0
KNtb,0,1,1,0.0
KPBB,1,3,4,0.25
KPBK,0,0,0,
KPBL,1,1,2,0.5
KPBM,0,0,0,
KPBN,2,0,2,1.0
KPBP,2,0,2,1.0
KPBS,0,1,1,0.0
KPBb,1,1,2,0.5
KPBm,0,2,2,0.0
KPBn,1,2,3,0.33
KPBs,0,0,0,
KPBt,1,0,1,1.0
KPDS,0,0,0,
KPHN,1,0,1,1.0
KPHP,2,0,2,1.0
KPHS,0,1,1,0.0
KPIL,0,0,0,
KPKb,0,1,1,0.0
KPLB,0,1,1,0.0
KPLN,1,2,3,0.33
KPLP,1,2,3,0.33
KPLS,1,0,1,1.0
KPLb,2,0,2,1.0
KPLl,1,1,2,0.5
KPLm,0,0,0,
KPLn,0,1,1,0.0
KPLs,0,0,0,
KPMM,2,1,3,0.67
KPMN,1,2,3,0.33
KPMP,2,2,4,0.5
KPMS,1,1,2,0.5
KPMb,2,1,3,0.67
KPMh,1,0,1,1.0
KPMl,1,1,2,0.5
KPMm,1,1,2,0.5
KPMn,1,0,1,1.0
KPMs,0,0,0,
KPNB,1,0,1,1.0
KPND,0,0,0,
KPNH,1,0,1,1.0
KPNK,1,0,1,1.0
KPNL,0,1,1,0.0
KPNM,0,2,2,0.0
KPNN,1,1,2,0.5
KPNS,0,0,0,
KPNb,1,1,2,0.5
KPNl,0,0,0,
KPNm,1,0,1,1.0
KPNn,0,2,2,0.0
KPNs,2,0,2,1.0
KPPB,3,0,3,1.0
KPPH,1,0,1,1.0
KPPL,1,1,2,0.5
KPPM,2,3,5,0.4
KPPN,2,0,2,1.0
KPPP,2,2,4,0.5
KPPS,0,0,0,
KPPb,2,4,6,0.33
KPPl,1,0,1,1.0
KPPm,2,1,3,0.67
KPPn,1,1,2,0.5
KPSB,2,0,2,1.0
KPSL,0,0,0,
KPSM,3,1,4,0.75
KPSP,1,0,1,1.0
KPSS,1,1,2,0.5
KPSh,0,1,1,0.0
KPSl,1,0,1,1.0
KPSm,1,0,1,1.0
KPSn,0,1,1,0.0
KPSs,1,1,2,0.5
KPSt,1,0,1,1.0
KPbB,0,3,3,0.0
KPbL,1,0,1,1.0
KPbM,2,0,2,1.0
KPbN,0,1,1,0.0
KPbP,1,0,1,1.0
KPbS,2,0,2,1.0
KPbb,2,2,4,0.5
KPbl,2,1,3,0.67
KPbn,1,0,1,1.0
KPbs,2,0,2,1.0
KPhM,0,1,1,0.0
KPhh,0,1,1,0.0
KPhs,0,1,1,0.0
KPlB,0,0,0,
KPlL,1,0,1,1.0
KPlN,0,1,1,0.0
KPlP,0,1,1,0.0
KPlS,1,1,2,0.5
KPlb,0,1,1,0.0
KPll,0,1,1,0.0
KPlm,0,0,0,
KPmB,3,0,3,1.0
KPmH,1,0,1,1.0
KPmJ,0,1,1,0.0
KPmM,1,0,1,1.0
KPmN,0,1,1,0.0
KPmP,0,0,0,
KPmS,0,0,0,
KPmb,1,0,1,1.0
KPml,1,1,2,0.5
KPmm,0,1,1,0.0
KPnB,1,0,1,1.0
KPnI,1,0,1,1.0
KPnM,0,0,0,
KPnN,2,0,2,1.0
KPnP,1,2,3,0.33
KPnS,0,1,1,0.0
KPnb,2,1,3,0.67
KPnm,1,0,1,1.0
KPnn,0,1,1,0.0
KPsH,0,1,1,0.0
KPsL,1,1,2,0.5
KPsP,2,1,3,0.67
KPsS,3,0,3,1.0
KPsl,1,0,1,1.0
KPss,1,0,1,1.0
KPtB,0,1,1,0.0
KPtM,1,0,1,1.0
KSBM,0,0,0,
KSBS,0,0,0,
KSBb,0,1,1,0.0
KSBh,0,1,1,0.0
KSBl,1,0,1,1.0
KSBm,1,0,1,1.0
KSBn,0,1,1,0.0
KSDm,0,1,1,0.0
KSHP,1,1,2,0.5
KSHm,0,1,1,0.0
KSHn,0,1,1,0.0
KSHs,1,1,2,0.5
KSLM,1,0,1,1.0
KSLh,0,1,1,0.0
KSLj,1,0,1,1.0
KSLl,0,0,0,
KSLm,1,0,1,1.0
KSLn,0,1,1,0.0
KSMB,1,0,1,1.0
KSML,1,0,1,1.0
KSMM,1,0,1,1.0
KSMN,1,1,2,0.5
KSMS,2,0,2,1.0
KSMh,1,1,2,0.5
KSMm,0,0,0,
KSMs,1,0,1,1.0
KSNM,0,1,1,0.0
KSNP,1,1,2,0.5
KSNb,0,1,1,0.0
KSNm,1,1,2,0.5
KSNs,0,2,2,0.0
KSPB,0,1,1,0.0
KSPH,1,0,1,1.0
KSPK,0,1,1,0.0
KSPL,0,1,1,0.0
KSPM,0,0,0,
KSPN,0,1,1,0.0
KSPP,1,1,2,0.5
KSPS,0,2,2,0.0
KSPb,3,0,3,1.0
KSPl,2,0,2,1.0
KSPn,0,1,1,0.0
KSSB,1,0,1,1.0
KSSN,0,3,3,0.0
KSSP,0,1,1,0.0
KSSS,1,0,1,1.0
KSSn,0,1,1,0.0
KSSs,2,0,2,1.0
KSbJ,1,0,1,1.0
KSbL,1,0,1,1.0
KSbM,1,0,1,1.0
KSbN,1,0,1,1.0
KSbP,0,2,2,0.0
KSbS,0,1,1,0.0
KSbb,0,1,1,0.0
KSbl,1,0,1,1.0
KSbm,0,1,1,0.0
KSbn,1,0,1,1.0
KShB,1,0,1,1.0
KShP,1,0,1,1.0
KShS,0,0,0,
KShh,0,1,1,0.0
KShs,0,1,1,0.0
KSht,1,0,1,1.0
KSlB,1,0,1,1.0
KSlH,0,1,1,0.0
KSlP,1,0,1,1.0
KSmB,2,0,2,1.0
KSmN,0,1,1,0.0
KSmP,1,2,3,0.33
KSmm,1,0,1,1.0
KSmn,1,0,1,1.0
KSms,1,0,1,1.0
KSnH,0,0,0,
KSnM,4,2,6,0.67
KSnN,0,1,1,0.0
KSnP,3,0,3,1.0
KSnS,0,1,1,0.0
KSnb,1,0,1,1.0
KSnl,0,1,1,0.0
KSnn,3,0,3,1.0
KSsB,0,1,1,0.0
KSsH,0,1,1,0.0
KSsL,1,1,2,0.5
KSsN,0,0,0,
KSsP,0,1,1,0.0
KSsS,0,1,1,0.0
KSsb,0,1,1,0.0
KSsl,0,1,1,0.0
KSsm,1,1,2,0.5
KSsn,0,1,1,0.0
KSss,1,1,2,0.5
KStN,0,1,1,0.0
KStS,1,0,1,1.0
KStl,0,0,0,
KbBM,1,1,2,0.5
KbBP,2,1,3,0.67
KbBS,1,1,2,0.5
KbBb,3,2,5,0.6
KbBm,1,0,1,1.0
KbBn,0,1,1,0.0
KbDN,0,0,0,
KbDP,0,1,1,0.0
KbHN,0,2,2,0.0
KbHS,0,1,1,0.0
KbHm,0,1,1,0.0
KbIS,0,1,1,0.0
KbJP,0,2,2,0.0
KbLB,0,1,1,0.0
KbLN,2,0,2,1.0
KbLP,0,1,1,0.0
KbLb,0,0,0,
KbLj,0,0,0,
KbLm,0,0,0,
KbLn,1,1,2,0.5
KbMB,1,1,2,0.5
KbMP,2,0,2,1.0
KbMS,0,1,1,0.0
KbMb,1,1,2,0.5
KbMj,1,0,1,1.0
KbMm,1,0,1,1.0
KbMs,0,2,2,0.0
KbNN,2,1,3,0.67
KbNP,2,2,4,0.5
KbNb,1,1,2,0.5
KbNh,2,0,2,1.0
KbNl,1,0,1,1.0
KbNm,2,0,2,1.0
KbPB,1,1,2,0.5
KbPH,0,0,0,
KbPM,4,2,6,0.67
KbPN,1,1,2,0.5
KbPP,1,2,3,0.33
KbPb,2,0,2,1.0
KbPl,1,0,1,1.0
KbPm,1,0,1,1.0
KbPn,0,1,1,0.0
KbSM,0,1,1,0.0
KbSP,2,0,2,1.0
KbSS,0,0,0,
KbSb,0,1,1,0.0
KbSl,0,2,2,0.0
KbSn,1,0,1,1.0
KbSs,0,1,1,0.0
KbbB,1,0,1,1.0
KbbH,1,0,1,1.0
KbbL,0,1,1,0.0
KbbM,2,1,3,0.67
KbbN,1,0,1,1.0
KbbP,1,2,3,0.33
KbbS,1,1,2,0.5
Kbbb,4,3,7,0.57
Kbbl,1,0,1,1.0
Kbbs,1,0,1,1.0
KblH,1,0,1,1.0
KblP,0,2,2,0.0
Kbll,1,1,2,0.5
Kbls,0,1,1,0.0
KbmB,0,1,1,0.0
KbmH,0,1,1,0.0
KbmM,0,1,1,0.0
KbmP,1,1,2,0.5
Kbmb,1,0,1,1.0
Kbmm,1,0,1,1.0
Kbmn,0,1,1,0.0
Kbms,1,0,1,1.0
KbnB,2,0,2,1.0
KbnM,2,0,2,1.0
KbnP,1,0,1,1.0
KbnS,1,0,1,1.0
Kbnb,1,0,1,1.0
Kbnl,1,1,2,0.5
Kbnm,1,0,1,1.0
Kbnn,0,2,2,0.0
Kbns,1,2,3,0.33
KbsB,0,0,0,
KbsH,0,1,1,0.0
KbsN,0,0,0,
KbsP,1,0,1,1.0
KbsS,0,1,1,0.0
KhBD,0,1,1,0.0
KhBL,2,0,2,1.0
KhBM,0,0,0,
KhBN,0,1,1,0.0
KhBP,1,0,1,1.0
KhBb,1,0,1,1.0
KhBj,0,1,1,0.0
KhBl,2,0,2,1.0
KhBm,0,3,3,0.0
KhBn,1,2,3,0.33
KhDL,1,0,1,1.0
KhHM,0,1,1,0.0
KhHl,0,1,1,0.0
KhHm,1,0,1,1.0
KhKL,0,1,1,0.0
KhKm,0,0,0,
KhLM,1,1,2,0.5
KhLP,1,0,1,1.0
KhLb,2,0,2,1.0
KhLm,1,0,1,1.0
KhLn,1,0,1,1.0
KhML,1,1,2,0.5
KhMP,0,1,1,0.0
KhMb,0,1,1,0.0
KhMh,0,1,1,0.0
KhMl,0,2,2,0.0
KhMm,0,2,2,0.0
KhMn,1,0,1,1.0
KhNB,1,0,1,1.0
KhNN,0,1,1,0.0
KhNP,1,0,1,1.0
KhNS,1,0,1,1.0
KhNl,1,0,1,1.0
KhNn,2,1,3,0.67
KhPB,0,1,1,0.0
KhPH,1,1,2,0.5
KhPI,0,1,1,0.0
KhPL,0,0,0,
KhPP,1,1,2,0.5
KhPb,1,4,5,0.2
KhPl,1,0,1,1.0
KhPm,2,0,2,1.0
KhPn,0,1,1,0.0
KhPs,3,0,3,1.0
KhSB,0,1,1,0.0
KhSD,1,0,1,1.0
KhSM,0,1,1,0.0
KhSN,0,1,1,0.0
KhSS,1,0,1,1.0
KhSb,0,0,0,
KhSh,2,0,2,1.0
KhSl,0,1,1,0.0
KhSn,2,0,2,1.0
KhSs,0,0,0,
KhbB,1,0,1,1.0
KhbL,0,1,1,0.0
KhbM,0,1,1,0.0
KhbP,2,3,5,0.4
Khbb,3,1,4,0.75
Khbm,0,1,1,0.0
Khbn,0,1,1,0.0
Khbs,1,0,1,1.0
KhhN,0,1,1,0.0
KhhP,0,0,0,
KhhS,0,1,1,0.0
Khhb,0,1,1,0.0
Khhh,0,0,0,
Khhl,1,0,1,1.0
KhlB,0,1,1,0.0
KhlM,0,0,0,
KhlN,0,0,0,
Khln,0,1,1,0.0
KhmB,1,0,1,1.0
KhmH,1,0,1,1.0
KhmJ,1,0,1,1.0
KhmL,0,0,0,
KhmM,1,0,1,1.0
KhmN,0,1,1,0.0
KhmP,0,2,2,0.0
KhmS,1,0,1,1.0
Khmb,2,1,3,0.67
Khmn,1,1,2,0.5
KhnB,1,0,1,1.0
KhnL,0,1,1,0.0
KhnP,1,1,2,0.5
Khns,0,2,2,0.0
KhsB,0,1,1,0.0
KhsH,0,0,0,
KhsN,1,0,1,1.0
KhsP,2,1,3,0.67
Khsn,0,1,1,0.0
Khss,1,0,1,1.0
KhtD,1,0,1,1.0
Khts,1,0,1,1.0
KlBB,0,0,0,
KlBM,1,1,2,0.5
KlBN,1,1,2,0.5
KlBb,1,0,1,1.0
KlBn,0,1,1,0.0
KlBs,1,0,1,1.0
KlDB,0,1,1,0.0
KlDM,1,0,1,1.0
KlHS,0,1,1,0.0
KlHm,0,1,1,0.0
KlIM,0,1,1,0.0
KlJB,0,1,1,0.0
KlKs,0,1,1,0.0
KlLB,0,1,1,0.0
KlLM,0,1,1,0.0
KlLN,1,1,2,0.5
KlLS,0,1,1,0.0
KlLb,0,1,1,0.0
KlMB,0,1,1,0.0
KlMM,0,1,1,0.0
KlMS,0,0,0,
KlMh,1,0,1,1.0
KlMl,1,0,1,1.0
KlMm,1,0,1,1.0
KlMn,2,0,2,1.0
KlMs,1,0,1,1.0
KlNB,0,1,1,0.0
KlNN,2,0,2,1.0
KlNP,2,0,2,1.0
KlNb,0,1,1,0.0
KlNl,0,1,1,0.0
KlNs,1,0,1,1.0
KlPB,0,0,0,
KlPM,1,0,1,1.0
KlPP,1,0,1,1.0
KlPS,0,1,1,0.0
KlPb,1,0,1,1.0
KlPl,1,0,1,1.0
KlPm,1,0,1,1.0
KlPn,1,0,1,1.0
KlSB,0,1,1,0.0
KlSs,1,0,1,1.0
KlbB,1,0,1,1.0
KlbM,1,0,1,1.0
KlbN,3,1,4,0.75
Klbb,0,1,1,0.0
KllM,0,2,2,0.0
Kllb,1,0,1,1.0
Kllm,1,0,1,1.0
KlmN,1,0,1,1.0
KlmP,1,0,1,1.0
Klmb,1,0,1,1.0
Klml,1,0,1,1.0
Klmn,1,0,1,1.0
Klms,1,0,1,1.0
KlnK,0,1,1,0.0
KlnN,2,0,2,1.0
Klnn,2,0,2,1.0
KlsB,2,0,2,1.0
KlsN,0,2,2,0.0
KlsP,1,0,1,1.0
Klsb,1,0,1,1.0
KmBN,0,1,1,0.0
KmBb,1,2,3,0.33
KmBj,0,1,1,0.0
KmBl,1,0,1,1.0
KmBn,1,2,3,0.33
KmDs,1,0,1,1.0
KmHD,0,1,1,0.0
KmHM,1,0,1,1.0
KmHP,1,1,2,0.5
KmHs,1,1,2,0.5
KmJB,0,1,1,0.0
KmJL,1,0,1,1.0
KmLB,2,0,2,1.0
KmLL,1,0,1,1.0
KmLP,1,0,1,1.0
KmLs,1,0,1,1.0
KmMM,1,2,3,0.33
KmMN,0,2,2,0.0
KmMP,1,0,1,1.0
KmMb,1,1,2,0.5
KmMj,1,0,1,1.0
KmMm,0,2,2,0.0
KmMn,1,1,2,0.5
KmNB,1,0,1,1.0
KmNL,1,0,1,1.0
KmNM,2,2,4,0.5
KmNN,0,1,1,0.0
KmNP,2,2,4,0.5
KmNS,1,0,1,1.0
KmNb,0,1,1,0.0
KmNl,1,0,1,1.0
KmNn,0,2,2,0.0
KmPB,2,0,2,1.0
KmPL,0,1,1,0.0
KmPN,2,2,4,0.5
KmPP,1,0,1,1.0
KmPb,0,2,2,0.0
KmPl,0,2,2,0.0
KmPm,0,0,0,
KmPn,1,0,1,1.0
KmSH,0,1,1,0.0
KmSL,1,0,1,1.0
KmSP,1,2,3,0.33
KmSS,0,1,1,0.0
KmSb,1,0,1,1.0
KmSh,1,0,1,1.0
KmSl,0,1,1,0.0
KmSm,2,0,2,1.0
KmSn,1,0,1,1.0
KmSs,0,0,0,
KmbB,0,2,2,0.0
KmbL,0,1,1,0.0
KmbM,0,0,0,
KmbP,2,1,3,0.67
Kmbb,1,1,2,0.5
Kmbl,0,1,1,0.0
Kmbm,2,1,3,0.67
Kmbn,1,2,3,0.33
KmlB,0,1,1,0.0
KmlH,1,0,1,1.0
KmlL,0,2,2,0.0
KmlM,0,2,2,0.0
KmlN,1,0,1,1.0
KmlS,1,0,1,1.0
Kmlb,1,0,1,1.0
KmmB,1,1,2,0.5
KmmH,1,0,1,1.0
KmmM,1,1,2,0.5
KmmP,1,0,1,1.0
KmmS,0,1,1,0.0
Kmmb,0,1,1,0.0
Kmmn,0,1,1,0.0
KmnL,0,1,1,0.0
KmnN,1,0,1,1.0
KmnP,0,1,1,0.0
KmnS,0,0,0,
Kmnb,0,1,1,0.0
Kmnm,1,0,1,1.0
Kmnn,1,0,1,1.0
KmsH,0,1,1,0.0
KmsM,0,3,3,0.0
KmsP,1,2,3,0.33
KmsS,1,0,1,1.0
Kmsb,0,0,0,
Kmsm,0,1,1,0.0
Kmsn,0,0,0,
Kmss,0,1,1,0.0
KnBB,2,1,3,0.67
KnBK,0,1,1,0.0
KnBL,1,0,1,1.0
KnBM,1,0,1,1.0
KnBN,1,0,1,1.0
KnBP,0,1,1,0.0
KnBS,1,0,1,1.0
KnBn,1,1,2,0.5
KnHM,0,0,0,
KnHP,1,2,3,0.33
KnHS,0,1,1,0.0
KnHm,1,1,2,0.5
KnHn,2,0,2,1.0
KnIN,0,1,1,0.0
KnKN,0,1,1,0.0
KnKS,1,0,1,1.0
KnKm,1,0,1,1.0
KnLM,0,1,1,0.0
KnLP,1,1,2,0.5
KnLS,0,0,0,
KnLb,0,1,1,0.0
KnLm,0,1,1,0.0
KnLn,1,0,1,1.0
KnLs,0,1,1,0.0
KnML,0,1,1,0.0
KnMN,0,1,1,0.0
KnMP,0,0,0,
KnMS,2,2,4,0.5
KnMb,1,1,2,0.5
KnMj,0,1,1,0.0
KnMl,1,0,1,1.0
KnMm,0,0,0,
KnMt,1,0,1,1.0
KnNB,1,0,1,1.0
KnNH,0,0,0,
KnNM,0,2,2,0.0
KnNN,1,0,1,1.0
KnNP,3,1,4,0.75
KnNb,1,2,3,0.33
KnNl,2,0,2,1.0
KnNn,1,2,3,0.33
KnNt,0,1,1,0.0
KnPB,0,0,0,
KnPD,1,0,1,1.0
KnPM,0,1,1,0.0
KnPN,1,0,1,1.0
KnPP,0,2,2,0.0
KnPS,1,1,2,0.5
KnPb,0,0,0,
KnPl,1,0,1,1.0
KnPm,1,3,4,0.25
KnPs,1,0,1,1.0
KnSH,0,0,0,
KnSM,1,1,2,0.5
KnSS,1,2,3,0.33
KnSm,0,2,2,0.0
KnSn,0,1,1,0.0
KnSs,0,1,1,0.0
KnbB,1,0,1,1.0
KnbJ,1,0,1,1.0
KnbM,0,1,1,0.0
KnbN,1,0,1,1.0
KnbP,2,2,4,0.5
KnbS,1,0,1,1.0
Knbb,0,1,1,0.0
Knbm,2,1,3,0.67
KnlL,1,0,1,1.0
KnlM,1,1,2,0.5
KnmD,1,0,1,1.0
KnmP,1,1,2,0.5
Knmb,0,1,1,0.0
Knmm,0,0,0,
Knmn,1,0,1,1.0
Knms,1,0,1,1.0
KnnB,1,0,1,1.0
KnnM,0,1,1,0.0
KnnN,0,1,1,0.0
KnnP,1,0,1,1.0
KnnS,1,0,1,1.0
Knnb,0,1,1,0.0
Knnm,2,0,2,1.0
Knnn,0,1,1,0.0
KnsH,1,1,2,0.5
KnsL,0,1,1,0.0
KnsM,0,1,1,0.0
KnsS,0,1,1,0.0
Knsb,1,0,1,1.0
Knsl,1,1,2,0.5
Knsm,1,1,2,0.5
Knsn,1,0,1,1.0
KsBB,1,1,2,0.5
KsBL,0,1,1,0.0
KsBM,0,1,1,0.0
KsBP,0,1,1,0.0
KsBl,1,0,1,1.0
KsBm,0,1,1,0.0
KsBn,1,1,2,0.5
KsDM,0,1,1,0.0
KsDS,0,0,0,
KsHB,0,1,1,0.0
KsHH,1,0,1,1.0
KsHI,0,1,1,0.0
KsHL,0,0,0,
KsHM,0,0,0,
KsHN,1,0,1,1.0
KsHP,0,0,0,
KsHb,1,2,3,0.33
KsHh,1,0,1,1.0
KsHl,0,1,1,0.0
KsHn,0,1,1,0.0
KsHs,0,0,0,
KsIB,1,0,1,1.0
KsIN,1,0,1,1.0
KsIP,1,0,1,1.0
KsLM,1,1,2,0.5
KsLN,0,2,2,0.0
KsLS,2,0,2,1.0
KsLb,0,1,1,0.0
KsMM,0,1,1,0.0
KsMN,1,1,2,0.5
KsMS,2,0,2,1.0
KsMh,1,1,2,0.5
KsMm,1,0,1,1.0
KsMn,1,1,2,0.5
KsNM,0,1,1,0.0
KsNS,1,1,2,0.5
KsNb,0,0,0,
KsNm,0,0,0,
KsNn,2,0,2,1.0
KsNs,1,1,2,0.5
KsPH,1,0,1,1.0
KsPL,0,2,2,0.0
KsPM,0,1,1,0.0
KsPN,2,1,3,0.67
KsPP,2,1,3,0.67
KsPS,1,1,2,0.5
KsPb,2,2,4,0.5
KsPm,1,1,2,0.5
KsPn,1,2,3,0.33
KsSB,0,2,2,0.0
KsSD,1,0,1,1.0
KsSH,1,0,1,1.0
KsSL,1,0,1,1.0
KsSM,1,0,1,1.0
KsSP,2,0,2,1.0
KsSS,1,2,3,0.33
KsSb,0,0,0,
KsSh,1,1,2,0.5
KsSm,2,1,3,0.67
KsSn,3,0,3,1.0
KsSs,2,0,2,1.0
KsbB,0,2,2,0.0
KsbJ,0,0,0,
KsbM,2,0,2,1.0
KsbN,2,0,2,1.0
KsbP,1,0,1,1.0
Ksbb,1,0,1,1.0
Ksbn,0,1,1,0.0
Ksbs,0,1,1,0.0
KslL,0,1,1,0.0
KslM,0,0,0,
KslN,0,1,1,0.0
KslP,0,2,2,0.0
KslS,0,1,1,0.0
Kslb,0,2,2,0.0
Kslm,0,1,1,0.0
KsmB,1,0,1,1.0
KsmH,0,0,0,
KsmM,0,1,1,0.0
KsmN,1,1,2,0.5
KsmP,0,1,1,0.0
KsmS,2,0,2,1.0
Ksmn,0,2,2,0.0
KsnB,2,0,2,1.0
KsnD,0,0,0,
KsnI,0,1,1,0.0
KsnM,0,1,1,0.0
KsnN,0,1,1,0.0
KsnP,1,0,1,1.0
Ksnm,0,1,1,0.0
Ksnn,1,0,1,1.0
Ksns,0,1,1,0.0
KssH,0,1,1,0.0
KssN,1,1,2,0.5
KssP,0,0,0,
KssS,1,0,1,1.0
Kssb,1,0,1,1.0
Kssl,0,0,0,
Kssm,1,0,1,1.0
Kssn,1,0,1,1.0
Ksss,0,1,1,0.0
KtHK,1,0,1,1.0
KtNB,1,0,1,1.0
KtmB,1,0,1,1.0
Ktms,0,1,1,0.0
Ktnb,0,1,1,0.0
KtsH,0,2,2,0.0
Ktsm,0,1,1,0.0
LBBB,5,8,13,0.38
LBBD,1,0,1,1.0
LBBL,3,3,6,0.5
LBBM,3,2,5,0.6
LBBN,4,3,7,0.57
LBBP,10,9,19,0.53
LBBS,1,0,1,1.0
LBBb,8,4,12,0.67
LBBh,1,0,1,1.0
LBBj,2,2,4,0.5
LBBl,1,2,3,0.33
LBBm,8,6,14,0.57
LBBn,6,7,13,0.46
LBBs,3,3,6,0.5
LBBt,1,0,1,1.0
LBDB,0,1,1,0.0
LBDH,1,0,1,1.0
LBDP,1,0,1,1.0
LBDS,0,1,1,0.0
LBDb,1,1,2,0.5
LBDs,0,1,1,0.0
LBKP,0,1,1,0.0
LBKm,0,1,1,0.0
LBKn,1,1,2,0.5
LBLB,2,3,5,0.4
LBLK,1,0,1,1.0
LBLM,0,1,1,0.0
LBLN,1,1,2,0.5
LBLP,3,5,8,0.38
LBLS,2,1,3,0.67
LBLb,3,1,4,0.75
LBLh,0,1,1,0.0
LBLj,2,1,3,0.67
LBLl,2,1,3,0.67
LBLm,1,3,4,0.25
LBLn,1,3,4,0.25
LBLs,1,0,1,1.0
LBLt,0,1,1,0.0
LBMB,6,4,10,0.6
LBMK,1,0,1,1.0
LBML,2,1,3,0.67
LBMM,2,4,6,0.33
LBMN,4,5,9,0.44
LBMP,4,8,12,0.33
LBMS,1,2,3,0.33
LBMb,3,3,6,0.5
LBMh,2,3,5,0.4
LBMl,1,3,4,0.25
LBMm,4,1,5,0.8
LBMn,7,5,12,0.58
LBMs,5,1,6,0.83
LBMt,1,1,2,0.5
LBNB,4,5,9,0.44
LBNK,0,1,1,0.0
LBNL,1,0,1,1.0
LBNM,4,1,5,0.8
LBNN,8,11,19,0.42
LBNP,11,14,25,0.44
LBNS,2,6,8,0.25
LBNb,5,5,10,0.5
LBNh,1,0,1,1.0
LBNl,2,5,7,0.29
LBNm,1,5,6,0.17
LBNn,6,6,12,0.5
LBNs,1,4,5,0.2
LBNt,1,2,3,0.33
LBPB,5,4,9,0.56
LBPD,0,2,2,0.0
LBPH,0,2,2,0.0
LBPL,1,3,4,0.25
LBPM,6,6,12,0.5
LBPN,11,7,18,0.61
LBPP,18,8,26,0.69
LBPS,2,2,4,0.5
LBPb,14,9,23,0.61
LBPh,1,0,1,1.0
LBPl,7,7,14,0.5
LBPm,9,8,17,0.53
LBPn,12,8,20,0.6
LBPs,2,1,3,0.67
LBPt,1,2,3,0.33
LBSB,2,2,4,0.5
LBSD,0,1,1,0.0
LBSH,1,0,1,1.0
LBSL,0,1,1,0.0
LBSM,2,1,3,0.67
LBSN,1,3,4,0.25
LBSP,5,2,7,0.71
LBSS,2,2,4,0.5
LBSb,2,3,5,0.4
LBSh,1,0,1,1.0
LBSl,2,0,2,1.0
LBSm,0,3,3,0.0
LBSn,1,2,3,0.33
LBSs,1,1,2,0.5
LBbB,6,9,15,0.4
LBbH,1,2,3,0.33
LBbI,1,0,1,1.0
LBbJ,0,0,0,
LBbK,0,1,1,0.0
LBbL,6,3,9,0.67
LBbM,3,5,8,0.38
LBbN,6,7,13,0.46
LBbP,3,7,10,0.3
LBbS,6,3,9,0.67
LBbb,6,5,11,0.55
LBbl,1,3,4,0.25
LBbm,6,4,10,0.6
LBbn,3,4,7,0.43
LBbs,1,3,4,0.25
LBhM,0,0,0,
LBhN,0,0,0,
LBhP,1,0,1,1.0
LBhh,0,1,1,0.0
LBhl,1,0,1,1.0
LBhn,1,0,1,1.0
LBhs,1,2,3,0.33
LBjB,1,2,3,0.33
LBjH,0,1,1,0.0
LBjI,0,0,0,
LBjK,1,0,1,1.0
LBjL,0,1,1,0.0
LBjM,1,4,5,0.2
LBjN,0,1,1,0.0
LBjP,4,1,5,0.8
LBjb,3,1,4,0.75
LBjl,3,1,4,0.75
LBjm,1,1,2,0.5
LBjn,0,0,0,
LBjs,0,1,1,0.0
LBjt,0,1,1,0.0
LBlB,1,4,5,0.2
LBlH,1,3,4,0.25
LBlJ,1,0,1,1.0
LBlL,0,2,2,0.0
LBlM,0,3,3,0.0
LBlN,6,5,11,0.55
LBlP,2,1,3,0.67
LBlS,2,0,2,1.0
LBlb,1,2,3,0.33
LBlm,1,2,3,0.33
LBln,2,2,4,0.5
LBls,1,3,4,0.25
LBmB,3,3,6,0.5
LBmD,0,0,0,
LBmH,1,5,6,0.17
LBmJ,1,1,2,0.5
LBmL,1,1,2,0.5
LBmM,4,4,8,0.5
LBmN,7,8,15,0.47
LBmP,6,5,11,0.55
LBmS,0,3,3,0.0
LBmb,5,2,7,0.71
LBml,1,0,1,1.0
LBmm,3,2,5,0.6
LBmn,5,3,8,0.62
LBms,5,0,5,1.0
LBnB,5,5,10,0.5
LBnD,0,1,1,0.0
LBnH,4,1,5,0.8
LBnI,1,0,1,1.0
LBnK,0,1,1,0.0
LBnL,1,3,4,0.25
LBnM,4,5,9,0.44
LBnN,10,4,14,0.71
LBnP,9,10,19,0.47
LBnS,2,4,6,0.33
LBnb,6,7,13,0.46
LBnl,3,4,7,0.43
LBnm,2,2,4,0.5
LBnn,7,5,12,0.58
LBns,4,4,8,0.5
LBsB,1,1,2,0.5
LBsH,4,2,6,0.67
LBsI,0,1,1,0.0
LBsL,3,2,5,0.6
LBsM,2,1,3,0.67
LBsN,3,3,6,0.5
LBsP,4,4,8,0.5
LBsS,5,3,8,0.62
LBsb,4,1,5,0.8
LBsh,0,1,1,0.0
LBsl,0,2,2,0.0
LBsm,2,0,2,1.0
LBsn,2,2,4,0.5
LBss,2,1,3,0.67
LBtB,1,0,1,1.0
LBtH,1,1,2,0.5
LBtM,1,0,1,1.0
LBtN,1,0,1,1.0
LBtP,2,3,5,0.4
LBtS,0,0,0,
LBtl,0,1,1,0.0
LBtm,2,0,2,1.0
LBtn,0,2,2,0.0
LBts,0,0,0,
LDBB,0,2,2,0.0
LDBM,0,3,3,0.0
LDBN,1,0,1,1.0
LDBS,0,1,1,0.0
LDDP,0,0,0,
LDHB,1,0,1,1.0
LDHH,1,0,1,1.0
LDHL,0,1,1,0.0
LDHM,2,1,3,0.67
LDHP,0,3,3,0.0
LDHb,1,0,1,1.0
LDHh,1,0,1,1.0
LDHl,1,1,2,0.5
LDHm,0,2,2,0.0
LDHn,0,1,1,0.0
LDIM,0,1,1,0.0
LDLB,2,0,2,1.0
LDLL,1,1,2,0.5
LDLN,0,1,1,0.0
LDLn,1,0,1,1.0
LDMP,0,1,1,0.0
LDMb,1,0,1,1.0
LDNS,0,0,0,
LDNb,0,2,2,0.0
LDNs,0,1,1,0.0
LDNt,1,0,1,1.0
LDPB,1,0,1,1.0
LDPM,2,0,2,1.0
LDPN,1,0,1,1.0
LDPP,1,0,1,1.0
LDPS,1,0,1,1.0
LDPl,1,0,1,1.0
LDPn,1,1,2,0.5
LDPt,1,0,1,1.0
LDSI,1,0,1,1.0
LDSL,0,1,1,0.0
LDSM,0,1,1,0.0
LDSP,0,1,1,0.0
LDSl,0,1,1,0.0
LDSm,0,1,1,0.0
LDSn,2,0,2,1.0
LDSs,0,1,1,0.0
LDbB,1,0,1,1.0
LDbP,1,0,1,1.0
LDbS,0,1,1,0.0
LDbb,1,0,1,1.0
LDbl,0,1,1,0.0
LDbm,0,1,1,0.0
LDhM,0,1,1,0.0
LDlM,1,0,1,1.0
LDls,1,0,1,1.0
LDmS,1,0,1,1.0
LDml,1,0,1,1.0
LDmm,1,0,1,1.0
LDmn,0,1,1,0.0
LDms,0,0,0,
LDnP,1,0,1,1.0
LDnS,0,2,2,0.0
LDnl,0,0,0,
LDnn,2,0,2,1.0
LDsB,1,0,1,1.0
LDsN,0,0,0,
LDsP,1,0,1,1.0
LDsn,1,0,1,1.0
LHBN,1,0,1,1.0
LHKM,0,1,1,0.0
LHKS,0,1,1,0.0
LHMj,0,1,1,0.0
LHMn,0,1,1,0.0
LHNP,0,1,1,0.0
LHNm,1,0,1,1.0
LHPM,0,1,1,0.0
LHPb,0,1,1,0.0
LHPl,0,1,1,0.0
LHSL,1,0,1,1.0
LHSs,0,0,0,
LHbM,0,0,0,
LHmB,0,1,1,0.0
LHmJ,0,0,0,
LHmm,0,0,0,
LHmn,1,0,1,1.0
LHnP,0,1,1,0.0
LHnb,0,1,1,0.0
LHnm,1,0,1,1.0
LHsS,1,0,1,1.0
LHsm,0,1,1,0.0
LIBn,1,0,1,1.0
LIDl,0,1,1,0.0
LKBM,1,0,1,1.0
LKBP,1,1,2,0.5
LKBb,1,1,2,0.5
LKBs,1,0,1,1.0
LKHb,0,0,0,
LKHn,1,0,1,1.0
LKLs,0,1,1,0.0
LKMM,1,0,1,1.0
LKMS,1,0,1,1.0
LKMb,0,1,1,0.0
LKNP,0,2,2,0.0
LKNS,0,1,1,0.0
LKNl,0,1,1,0.0
LKNm,1,0,1,1.0
LKPL,1,0,1,1.0
LKPM,0,0,0,
LKPP,1,2,3,0.33
LKPS,1,0,1,1.0
LKPm,1,0,1,1.0
LKSB,0,1,1,0.0
LKSM,1,0,1,1.0
LKSb,0,1,1,0.0
LKSl,1,0,1,1.0
LKbL,0,1,1,0.0
LKbP,1,0,1,1.0
LKbn,1,0,1,1.0
LKbs,0,1,1,0.0
LKhB,0,1,1,0.0
LKhN,1,1,2,0.5
LKhP,0,0,0,
LKhm,0,1,1,0.0
LKlP,0,1,1,0.0
LKls,0,1,1,0.0
LKmL,0,1,1,0.0
LKmM,0,0,0,
LKmN,0,0,0,
LKmP,0,0,0,
LKmb,0,2,2,0.0
LKmm,1,0,1,1.0
LKms,0,1,1,0.0
LKnB,1,0,1,1.0
LKnK,0,0,0,
LKnL,0,1,1,0.0
LKnM,0,1,1,0.0
LKnS,0,1,1,0.0
LKnb,1,0,1,1.0
LKsB,0,1,1,0.0
LKsH,1,0,1,1.0
LKsI,0,0,0,
LKsN,0,1,1,0.0
LKsS,0,0,0,
LKsm,1,0,1,1.0
LKsn,0,1,1,0.0
LLBB,2,6,8,0.25
LLBM,4,2,6,0.67
LLBN,0,2,2,0.0
LLBP,1,4,5,0.2
LLBS,1,0,1,1.0
LLBb,7,1,8,0.88
LLBj,1,0,1,1.0
LLBl,2,1,3,0.67
LLBm,1,3,4,0.25
LLBn,5,4,9,0.56
LLBs,2,2,4,0.5
LLDH,0,0,0,
LLDP,0,1,1,0.0
LLHK,1,0,1,1.0
LLHM,0,0,0,
LLKB,0,1,1,0.0
LLKh,1,0,1,1.0
LLKm,0,1,1,0.0
LLLB,0,1,1,0.0
LLLM,0,1,1,0.0
LLLN,1,0,1,1.0
LLLP,1,0,1,1.0
LLLb,1,3,4,0.25
LLLh,0,1,1,0.0
LLLj,0,1,1,0.0
LLLm,0,2,2,0.0
LLLn,0,1,1,0.0
LLLs,0,1,1,0.0
LLMB,0,0,0,
LLML,1,1,2,0.5
LLMM,1,1,2,0.5
LLMN,2,2,4,0.5
LLMP,6,0,6,1.0
LLMS,1,2,3,0.33
LLMb,0,1,1,0.0
LLMh,3,0,3,1.0
LLMj,1,0,1,1.0
LLMl,0,2,2,0.0
LLMm,1,1,2,0.5
LLMn,2,4,6,0.33
LLMs,1,1,2,0.5
LLNB,3,0,3,1.0
LLNL,0,0,0,
LLNM,1,1,2,0.5
LLNN,3,4,7,0.43
LLNP,0,2,2,0.0
LLNS,0,3,3,0.0
LLNh,0,1,1,0.0
LLNl,3,0,3,1.0
LLNm,1,0,1,1.0
LLNn,0,1,1,0.0
LLNs,1,2,3,0.33
LLPB,4,1,5,0.8
LLPH,2,0,2,1.0
LLPL,1,1,2,0.5
LLPM,1,3,4,0.25
LLPN,4,3,7,0.57
LLPP,9,2,11,0.82
LLPS,1,3,4,0.25
LLPb,1,4,5,0.2
LLPl,3,1,4,0.75
LLPm,1,2,3,0.33
LLPn,1,1,2,0.5
LLPs,3,4,7,0.43
LLPt,0,1,1,0.0
LLSB,3,0,3,1.0
LLSH,1,1,2,0.5
LLSL,1,0,1,1.0
LLSM,2,2,4,0.5
LLSN,2,1,3,0.67
LLSP,0,3,3,0.0
LLSS,1,1,2,0.5
LLSb,0,2,2,0.0
LLSh,2,2,4,0.5
LLSl,2,1,3,0.67
LLSm,1,0,1,1.0
LLSn,1,1,2,0.5
LLSs,1,2,3,0.33
LLSt,0,1,1,0.0
LLbB,2,4,6,0.33
LLbD,1,0,1,1.0
LLbH,1,0,1,1.0
LLbI,0,1,1,0.0
LLbJ,1,2,3,0.33
LLbL,1,0,1,1.0
LLbM,0,4,4,0.0
LLbN,3,1,4,0.75
LLbP,3,3,6,0.5
LLbS,2,0,2,1.0
LLbb,3,0,3,1.0
LLbm,2,1,3,0.67
LLbn,2,2,4,0.5
LLbs,3,1,4,0.75
LLhB,0,1,1,0.0
LLhH,1,0,1,1.0
LLhL,1,0,1,1.0
LLhM,0,1,1,0.0
LLhS,0,1,1,0.0
LLhb,0,0,0,
LLhh,0,1,1,0.0
LLhm,1,0,1,1.0
LLhn,1,0,1,1.0
LLhs,0,1,1,0.0
LLjB,0,2,2,0.0
LLjL,1,0,1,1.0
LLjN,2,2,4,0.5
LLjP,0,2,2,0.0
LLjS,1,2,3,0.33
LLjb,0,1,1,0.0
LLjh,0,1,1,0.0
LLjn,2,0,2,1.0
LLjs,0,1,1,0.0
LLlB,0,1,1,0.0
LLlH,1,1,2,0.5
LLlI,1,0,1,1.0
LLlL,0,2,2,0.0
LLlN,0,1,1,0.0
LLlP,3,3,6,0.5
LLlS,1,0,1,1.0
LLlm,0,2,2,0.0
LLln,0,2,2,0.0
LLls,2,1,3,0.67
LLmB,3,3,6,0.5
LLmH,2,3,5,0.4
LLmJ,0,1,1,0.0
LLmL,1,0,1,1.0
LLmM,3,2,5,0.6
LLmN,4,2,6,0.67
LLmP,2,3,5,0.4
LLmS,0,1,1,0.0
LLmb,3,2,5,0.6
LLml,1,0,1,1.0
LLmm,1,1,2,0.5
LLmn,3,1,4,0.75
LLms,1,2,3,0.33
LLnI,0,2,2,0.0
LLnL,1,2,3,0.33
LLnM,2,4,6,0.33
LLnN,3,1,4,0.75
LLnP,8,5,13,0.62
LLnS,1,5,6,0.17
LLnb,2,0,2,1.0
LLnh,0,1,1,0.0
LLnl,2,4,6,0.33
LLnm,3,3,6,0.5
LLnn,3,2,5,0.6
LLns,2,0,2,1.0
LLsB,0,2,2,0.0
LLsH,0,1,1,0.0
LLsL,2,0,2,1.0
LLsM,0,0,0,
LLsN,0,2,2,0.0
LLsP,4,3,7,0.57
LLsS,2,2,4,0.5
LLsb,1,1,2,0.5
LLsl,2,1,3,0.67
LLsm,0,1,1,0.0
LLsn,0,2,2,0.0
LLss,2,1,3,0.67
LLtH,0,1,1,0.0
LLtL,2,0,2,1.0
LLtM,2,0,2,1.0
LLtn,1,0,1,1.0
LLts,1,2,3,0.33
LMBB,8,3,11,0.73
LMBL,3,3,6,0.5
LMBM,2,3,5,0.4
LMBN,6,8,14,0.43
LMBP,8,12,20,0.4
LMBS,2,1,3,0.67
LMBb,3,4,7,0.43
LMBh,0,1,1,0.0
LMBj,1,1,2,0.5
LMBl,0,4,4,0.0
LMBm,6,2,8,0.75
LMBn,3,9,12,0.25
LMBs,0,2,2,0.0
LMBt,0,1,1,0.0
LMDB,0,1,1,0.0
LMDL,0,1,1,0.0
LMDM,1,0,1,1.0
LMDb,0,0,0,
LMDn,1,0,1,1.0
LMKS,0,1,1,0.0
LMLB,1,1,2,0.5
LMLD,1,0,1,1.0
LMLL,0,0,0,
LMLM,1,1,2,0.5
LMLN,1,1,2,0.5
LMLP,1,0,1,1.0
LMLS,3,0,3,1.0
LMLb,1,2,3,0.33
LMLj,1,1,2,0.5
LMLl,2,0,2,1.0
LMLm,4,2,6,0.67
LMLn,3,1,4,0.75
LMLs,2,0,2,1.0
LMMB,1,1,2,0.5
LMMD,0,1,1,0.0
LMML,1,1,2,0.5
LMMM,1,4,5,0.2
LMMN,3,3,6,0.5
LMMP,6,8,14,0.43
LMMS,3,1,4,0.75
LMMb,2,7,9,0.22
LMMh,0,5,5,0.0
LMMj,0,1,1,0.0
LMMl,1,1,2,0.5
LMMm,4,4,8,0.5
LMMn,5,6,11,0.45
LMMs,1,5,6,0.17
LMNB,0,6,6,0.0
LMND,1,1,2,0.5
LMNH,1,0,1,1.0
LMNK,1,1,2,0.5
LMNL,0,4,4,0.0
LMNM,5,1,6,0.83
LMNN,5,7,12,0.42
LMNP,5,9,14,0.36
LMNS,2,2,4,0.5
LMNb,5,5,10,0.5
LMNh,0,1,1,0.0
LMNl,1,5,6,0.17
LMNm,6,3,9,0.67
LMNn,3,3,6,0.5
LMNs,1,0,1,1.0
LMNt,0,3,3,0.0
LMPB,6,3,9,0.67
LMPH,3,0,3,1.0
LMPI,1,0,1,1.0
LMPK,0,0,0,
LMPL,1,3,4,0.25
LMPM,8,4,12,0.67
LMPN,9,6,15,0.6
LMPP,15,9,24,0.62
LMPS,3,6,9,0.33
LMPb,7,11,18,0.39
LMPh,0,1,1,0.0
LMPl,3,2,5,0.6
LMPm,2,6,8,0.25
LMPn,9,9,18,0.5
LMPs,8,5,13,0.62
LMPt,3,0,3,1.0
LMSB,2,3,5,0.4
LMSK,0,1,1,0.0
LMSM,2,2,4,0.5
LMSN,3,0,3,1.0
LMSP,3,1,4,0.75
LMSS,1,1,2,0.5
LMSb,0,2,2,0.0
LMSh,1,0,1,1.0
LMSl,1,0,1,1.0
LMSm,1,2,3,0.33
LMSn,4,1,5,0.8
LMSs,3,4,7,0.43
LMSt,1,0,1,1.0
LMbB,6,7,13,0.46
LMbD,0,1,1,0.0
LMbH,2,3,5,0.4
LMbI,3,1,4,0.75
LMbJ,4,0,4,1.0
LMbK,0,1,1,0.0
LMbL,2,0,2,1.0
LMbM,4,8,12,0.33
LMbN,10,3,13,0.77
LMbP,5,3,8,0.62
LMbS,1,2,3,0.33
LMbb,4,4,8,0.5
LMbl,2,0,2,1.0
LMbm,4,1,5,0.8
LMbn,5,5,10,0.5
LMbs,2,6,8,0.25
LMhB,3,3,6,0.5
LMhH,0,0,0,
LMhI,0,0,0,
LMhL,0,1,1,0.0
LMhM,2,1,3,0.67
LMhN,2,1,3,0.67
LMhP,8,5,13,0.62
LMhS,3,3,6,0.5
LMhb,4,2,6,0.67
LMhh,2,2,4,0.5
LMhl,1,5,6,0.17
LMhm,3,1,4,0.75
LMhn,4,1,5,0.8
LMhs,5,2,7,0.71
LMjB,2,1,3,0.67
LMjH,0,1,1,0.0
LMjN,1,1,2,0.5
LMjP,3,2,5,0.6
LMjS,2,0,2,1.0
LMjb,2,0,2,1.0
LMjl,1,0,1,1.0
LMjm,2,0,2,1.0
LMjn,0,1,1,0.0
LMjs,1,1,2,0.5
LMjt,2,0,2,1.0
LMlB,1,0,1,1.0
LMlD,0,1,1,0.0
LMlH,0,1,1,0.0
LMlJ,0,0,0,
LMlL,1,0,1,1.0
LMlM,2,0,2,1.0
LMlN,2,2,4,0.5
LMlP,2,3,5,0.4
LMlS,4,4,8,0.5
LMlb,1,2,3,0.33
LMll,2,1,3,0.67
LMlm,4,3,7,0.57
LMln,0,2,2,0.0
LMls,1,0,1,1.0
LMmB,5,3,8,0.62
LMmH,3,2,5,0.6
LMmJ,1,3,4,0.25
LMmL,0,2,2,0.0
LMmM,3,5,8,0.38
LMmN,3,9,12,0.25
LMmP,5,5,10,0.5
LMmS,3,2,5,0.6
LMmb,2,3,5,0.4
LMml,1,0,1,1.0
LMmm,9,1,10,0.9
LMmn,4,5,9,0.44
LMms,2,2,4,0.5
LMnB,2,8,10,0.2
LMnH,3,4,7,0.43
LMnI,2,0,2,1.0
LMnK,0,2,2,0.0
LMnL,2,0,2,1.0
LMnM,1,8,9,0.11
LMnN,5,8,13,0.38
LMnP,10,9,19,0.53
LMnS,5,8,13,0.38
LMnb,16,4,20,0.8
LMnl,3,4,7,0.43
LMnm,7,2,9,0.78
LMnn,8,3,11,0.73
LMns,7,3,10,0.7
LMsB,4,2,6,0.67
LMsH,1,1,2,0.5
LMsI,1,0,1,1.0
LMsL,1,1,2,0.5
LMsM,1,2,3,0.33
LMsN,3,3,6,0.5
LMsP,3,5,8,0.38
LMsS,2,7,9,0.22
LMsb,2,1,3,0.67
LMsl,2,1,3,0.67
LMsm,3,3,6,0.5
LMsn,5,3,8,0.62
LMss,3,3,6,0.5
LMtB,1,1,2,0.5
LMtH,0,1,1,0.0
LMtM,1,0,1,1.0
LMtN,1,0,1,1.0
LMtP,2,2,4,0.5
LMtb,1,0,1,1.0
LMtn,1,2,3,0.33
LMts,0,1,1,0.0
LNBB,4,7,11,0.36
LNBK,1,0,1,1.0
LNBL,0,1,1,0.0
LNBM,3,4,7,0.43
LNBN,6,12,18,0.33
LNBP,10,11,21,0.48
LNBS,3,1,4,0.75
LNBb,10,1,11,0.91
LNBj,1,1,2,0.5
LNBl,1,0,1,1.0
LNBm,5,0,5,1.0
LNBn,4,9,13,0.31
LNBs,2,2,4,0.5
LNDB,0,2,2,0.0
LNDH,1,1,2,0.5
LNDM,1,1,2,0.5
LNDN,0,1,1,0.0
LNDP,1,0,1,1.0
LNDS,0,1,1,0.0
LNDm,0,1,1,0.0
LNDn,1,0,1,1.0
LNHI,0,0,0,
LNHM,0,1,1,0.0
LNHN,2,0,2,1.0
LNHP,0,3,3,0.0
LNHS,0,0,0,
LNHl,1,0,1,1.0
LNHm,0,0,0,
LNHn,0,1,1,0.0
LNHs,0,1,1,0.0
LNIM,1,0,1,1.0
LNKH,1,0,1,1.0
LNKN,1,0,1,1.0
LNKP,0,1,1,0.0
LNLB,2,1,3,0.67
LNLD,0,0,0,
LNLK,1,0,1,1.0
LNLL,1,1,2,0.5
LNLM,0,1,1,0.0
LNLN,0,2,2,0.0
LNLP,3,4,7,0.43
LNLS,2,0,2,1.0
LNLj,1,0,1,1.0
LNLl,3,0,3,1.0
LNLm,2,2,4,0.5
LNLn,2,6,8,0.25
LNLs,1,1,2,0.5
LNLt,0,1,1,0.0
LNMB,4,3,7,0.57
LNMD,0,1,1,0.0
LNML,2,1,3,0.67
LNMM,3,3,6,0.5
LNMN,3,3,6,0.5
LNMP,6,5,11,0.55
LNMS,1,2,3,0.33
LNMb,5,8,13,0.38
LNMh,1,0,1,1.0
LNMj,2,0,2,1.0
LNMl,1,0,1,1.0
LNMm,1,1,2,0.5
LNMn,6,8,14,0.43
LNMs,2,3,5,0.4
LNMt,0,1,1,0.0
LNNB,2,6,8,0.25
LNND,1,0,1,1.0
LNNH,0,3,3,0.0
LNNK,1,0,1,1.0
LNNL,3,1,4,0.75
LNNM,2,4,6,0.33
LNNN,8,12,20,0.4
LNNP,6,6,12,0.5
LNNS,2,3,5,0.4
LNNb,6,5,11,0.55
LNNh,3,4,7,0.43
LNNl,1,2,3,0.33
LNNm,4,2,6,0.67
LNNn,4,7,11,0.36
LNNs,7,7,14,0.5
LNPB,4,7,11,0.36
LNPD,0,0,0,
LNPH,0,1,1,0.0
LNPK,0,1,1,0.0
LNPL,0,2,2,0.0
LNPM,7,10,17,0.41
LNPN,3,9,12,0.25
LNPP,10,16,26,0.38
LNPS,11,3,14,0.79
LNPb,6,8,14,0.43
LNPh,2,2,4,0.5
LNPl,9,4,13,0.69
LNPm,7,4,11,0.64
LNPn,7,10,17,0.41
LNPs,3,5,8,0.38
LNPt,0,2,2,0.0
LNSB,3,2,5,0.6
LNSK,1,1,2,0.5
LNSL,1,3,4,0.25
LNSM,3,2,5,0.6
LNSN,5,3,8,0.62
LNSP,8,4,12,0.67
LNSS,5,2,7,0.71
LNSb,2,2,4,0.5
LNSh,3,4,7,0.43
LNSl,1,1,2,0.5
LNSm,4,1,5,0.8
LNSn,1,6,7,0.14
LNSs,2,4,6,0.33
LNbB,2,6,8,0.25
LNbH,0,1,1,0.0
LNbJ,0,2,2,0.0
LNbL,1,3,4,0.25
LNbM,4,1,5,0.8
LNbN,5,5,10,0.5
LNbP,7,9,16,0.44
LNbS,7,7,14,0.5
LNbb,2,3,5,0.4
LNbl,1,2,3,0.33
LNbm,2,4,6,0.33
LNbn,4,3,7,0.57
LNbs,0,3,3,0.0
LNhB,2,0,2,1.0
LNhH,0,1,1,0.0
LNhL,0,2,2,0.0
LNhM,0,1,1,0.0
LNhN,0,3,3,0.0
LNhP,2,3,5,0.4
LNhS,4,0,4,1.0
LNhb,1,0,1,1.0
LNhh,1,3,4,0.25
LNhl,1,0,1,1.0
LNhm,3,0,3,1.0
LNhn,3,3,6,0.5
LNhs,1,1,2,0.5
LNlB,6,0,6,1.0
LNlD,1,0,1,1.0
LNlH,1,2,3,0.33
LNlJ,0,0,0,
LNlK,0,1,1,0.0
LNlL,2,3,5,0.4
LNlM,1,1,2,0.5
LNlN,4,2,6,0.67
LNlP,2,2,4,0.5
LNlS,2,2,4,0.5
LNlb,2,1,3,0.67
LNll,0,3,3,0.0
LNlm,1,1,2,0.5
LNln,1,0,1,1.0
LNls,0,1,1,0.0
LNmB,3,3,6,0.5
LNmH,5,3,8,0.62
LNmJ,1,2,3,0.33
LNmL,3,3,6,0.5
LNmM,3,5,8,0.38
LNmN,5,4,9,0.56
LNmP,5,3,8,0.62
LNmS,5,0,5,1.0
LNmb,7,4,11,0.64
LNml,1,1,2,0.5
LNmm,1,0,1,1.0
LNmn,3,2,5,0.6
LNms,4,4,8,0.5
LNnB,1,1,2,0.5
LNnD,1,1,2,0.5
LNnH,2,6,8,0.25
LNnI,1,1,2,0.5
LNnL,1,1,2,0.5
LNnM,4,3,7,0.57
LNnN,7,14,21,0.33
LNnP,5,12,17,0.29
LNnS,3,6,9,0.33
LNnb,3,4,7,0.43
LNnh,1,0,1,1.0
LNnl,4,0,4,1.0
LNnm,7,5,12,0.58
LNnn,5,4,9,0.56
LNns,5,3,8,0.62
LNsB,2,3,5,0.4
LNsH,4,3,7,0.57
LNsI,0,1,1,0.0
LNsK,1,0,1,1.0
LNsL,2,3,5,0.4
LNsM,2,2,4,0.5
LNsN,3,3,6,0.5
LNsP,10,6,16,0.62
LNsS,1,4,5,0.2
LNsb,2,1,3,0.67
LNsl,1,1,2,0.5
LNsm,5,2,7,0.71
LNsn,10,3,13,0.77
LNss,2,1,3,0.67
LNtH,0,0,0,
LNtM,1,0,1,1.0
LNtN,3,1,4,0.75
LNtP,1,2,3,0.33
LNtS,0,0,0,
LNtb,2,1,3,0.67
LNtl,2,0,2,1.0
LNtm,1,1,2,0.5
LNtn,2,0,2,1.0
LPBB,13,8,21,0.62
LPBL,0,1,1,0.0
LPBM,5,6,11,0.45
LPBN,3,6,9,0.33
LPBP,12,8,20,0.6
LPBS,4,5,9,0.44
LPBb,10,12,22,0.45
LPBh,0,1,1,0.0
LPBj,1,1,2,0.5
LPBl,2,2,4,0.5
LPBm,6,1,7,0.86
LPBn,5,6,11,0.45
LPBs,1,3,4,0.25
LPBt,0,4,4,0.0
LPDB,1,0,1,1.0
LPDM,0,0,0,
LPDb,2,3,5,0.4
LPDn,0,0,0,
LPDs,1,1,2,0.5
LPHB,2,2,4,0.5
LPHI,1,0,1,1.0
LPHK,1,0,1,1.0
LPHL,3,1,4,0.75
LPHM,2,0,2,1.0
LPHN,1,1,2,0.5
LPHP,4,4,8,0.5
LPHS,2,1,3,0.67
LPHb,1,3,4,0.25
LPHh,0,1,1,0.0
LPHl,1,0,1,1.0
LPHm,2,0,2,1.0
LPHn,2,2,4,0.5
LPHs,2,3,5,0.4
LPHt,0,0,0,
LPIB,0,1,1,0.0
LPIM,2,0,2,1.0
LPIN,1,1,2,0.5
LPIS,1,0,1,1.0
LPIb,1,0,1,1.0
LPIl,0,1,1,0.0
LPIm,2,1,3,0.67
LPIs,0,1,1,0.0
LPIt,0,0,0,
LPKB,0,1,1,0.0
LPKL,0,1,1,0.0
LPKN,0,1,1,0.0
LPKP,1,1,2,0.5
LPKS,0,2,2,0.0
LPKb,0,1,1,0.0
LPKh,1,1,2,0.5
LPKm,1,1,2,0.5
LPKs,1,2,3,0.33
LPLB,4,2,6,0.67
LPLD,0,1,1,0.0
LPLL,2,4,6,0.33
LPLM,2,3,5,0.4
LPLN,1,2,3,0.33
LPLP,5,5,10,0.5
LPLS,2,3,5,0.4
LPLb,4,2,6,0.67
LPLh,1,1,2,0.5
LPLj,1,5,6,0.17
LPLl,3,3,6,0.5
LPLm,4,1,5,0.8
LPLn,4,6,10,0.4
LPLs,3,1,4,0.75
LPLt,1,2,3,0.33
LPMB,3,9,12,0.25
LPMH,1,1,2,0.5
LPML,3,0,3,1.0
LPMM,3,8,11,0.27
LPMN,7,2,9,0.78
LPMP,8,8,16,0.5
LPMS,3,4,7,0.43
LPMb,7,3,10,0.7
LPMh,4,9,13,0.31
LPMj,2,1,3,0.67
LPMl,3,2,5,0.6
LPMm,7,4,11,0.64
LPMn,8,11,19,0.42
LPMs,6,2,8,0.75
LPMt,1,0,1,1.0
LPNB,10,10,20,0.5
LPNH,1,2,3,0.33
LPNK,0,0,0,
LPNL,0,3,3,0.0
LPNM,6,10,16,0.38
LPNN,4,7,11,0.36
LPNP,13,16,29,0.45
LPNS,5,7,12,0.42
LPNb,5,7,12,0.42
LPNh,1,5,6,0.17
LPNl,1,1,2,0.5
LPNm,8,6,14,0.57
LPNn,9,11,20,0.45
LPNs,2,6,8,0.25
LPNt,0,1,1,0.0
LPPB,7,10,17,0.41
LPPD,2,0,2,1.0
LPPH,0,3,3,0.0
LPPI,1,0,1,1.0
LPPL,11,10,21,0.52
LPPM,9,11,20,0.45
LPPN,5,10,15,0.33
LPPP,26,19,45,0.58
LPPS,8,3,11,0.73
LPPb,13,14,27,0.48
LPPh,3,2,5,0.6
LPPl,10,1,11,0.91
LPPm,12,13,25,0.48
LPPn,7,6,13,0.54
LPPs,10,8,18,0.56
LPPt,1,1,2,0.5
LPSB,3,1,4,0.75
LPSD,1,1,2,0.5
LPSH,0,1,1,0.0
LPSL,4,1,5,0.8
LPSM,1,5,6,0.17
LPSN,4,6,10,0.4
LPSP,7,3,10,0.7
LPSS,5,7,12,0.42
LPSb,5,2,7,0.71
LPSh,3,4,7,0.43
LPSl,3,6,9,0.33
LPSm,6,4,10,0.6
LPSn,9,4,13,0.69
LPSs,6,3,9,0.67
LPSt,2,2,4,0.5
LPbB,8,7,15,0.53
LPbH,3,4,7,0.43
LPbI,0,1,1,0.0
LPbJ,1,3,4,0.25
LPbK,0,1,1,0.0
LPbL,8,1,9,0.89
LPbM,9,8,17,0.53
LPbN,4,9,13,0.31
LPbP,11,10,21,0.52
LPbS,3,9,12,0.25
LPbb,10,6,16,0.62
LPbl,4,1,5,0.8
LPbm,2,4,6,0.33
LPbn,3,3,6,0.5
LPbs,3,2,5,0.6
LPhH,0,1,1,0.0
LPhL,1,0,1,1.0
LPhM,0,1,1,0.0
LPhN,1,0,1,1.0
LPhP,1,1,2,0.5
LPhS,0,1,1,0.0
LPhb,1,1,2,0.5
LPhh,1,0,1,1.0
LPhl,1,0,1,1.0
LPhn,0,1,1,0.0
LPhs,1,1,2,0.5
LPlB,2,4,6,0.33
LPlH,3,4,7,0.43
LPlI,1,1,2,0.5
LPlJ,4,1,5,0.8
LPlL,5,4,9,0.56
LPlM,4,5,9,0.44
LPlN,3,6,9,0.33
LPlP,4,10,14,0.29
LPlS,4,2,6,0.67
LPlb,2,1,3,0.67
LPll,3,0,3,1.0
LPlm,2,1,3,0.67
LPln,1,3,4,0.25
LPls,4,4,8,0.5
LPmB,4,8,12,0.33
LPmD,0,0,0,
LPmH,6,2,8,0.75
LPmI,0,1,1,0.0
LPmJ,0,2,2,0.0
LPmL,1,4,5,0.2
LPmM,3,2,5,0.6
LPmN,7,9,16,0.44
LPmP,9,5,14,0.64
LPmS,4,3,7,0.57
LPmb,4,7,11,0.36
LPml,5,2,7,0.71
LPmm,4,3,7,0.57
LPmn,5,6,11,0.45
LPms,4,5,9,0.44
LPnB,9,4,13,0.69
LPnD,0,1,1,0.0
LPnH,4,2,6,0.67
LPnK,0,0,0,
LPnL,5,7,12,0.42
LPnM,8,5,13,0.62
LPnN,5,7,12,0.42
LPnP,7,11,18,0.39
LPnS,4,7,11,0.36
LPnb,3,5,8,0.38
LPnl,1,3,4,0.25
LPnm,7,5,12,0.58
LPnn,6,5,11,0.55
LPns,4,9,13,0.31
LPsB,5,5,10,0.5
LPsH,2,1,3,0.67
LPsI,2,1,3,0.67
LPsL,3,5,8,0.38
LPsM,3,8,11,0.27
LPsN,2,3,5,0.4
LPsP,9,9,18,0.5
LPsS,7,5,12,0.58
LPsb,7,3,10,0.7
LPsl,2,3,5,0.4
LPsm,4,4,8,0.5
LPsn,2,0,2,1.0
LPss,8,2,10,0.8
LPtB,0,1,1,0.0
LPtH,0,0,0,
LPtM,1,0,1,1.0
LPtN,2,0,2,1.0
LPtP,2,2,4,0.5
LPtb,1,1,2,0.5
LPtt,1,0,1,1.0
LSBB,2,3,5,0.4
LSBL,3,1,4,0.75
LSBM,4,1,5,0.8
LSBN,3,2,5,0.6
LSBP,5,3,8,0.62
LSBS,1,0,1,1.0
LSBb,3,1,4,0.75
LSBh,0,1,1,0.0
LSBl,0,2,2,0.0
LSBm,4,1,5,0.8
LSBn,3,2,5,0.6
LSBs,1,0,1,1.0
LSBt,1,1,2,0.5
LSDB,1,0,1,1.0
LSDN,0,1,1,0.0
LSDP,1,0,1,1.0
LSHH,0,1,1,0.0
LSHL,0,3,3,0.0
LSHM,1,2,3,0.33
LSHN,0,3,3,0.0
LSHP,4,3,7,0.57
LSHb,2,0,2,1.0
LSHh,2,1,3,0.67
LSHl,2,1,3,0.67
LSHm,0,1,1,0.0
LSHn,1,2,3,0.33
LSHs,2,2,4,0.5
LSIP,1,0,1,1.0
LSKS,0,1,1,0.0
LSLD,1,0,1,1.0
LSLM,1,1,2,0.5
LSLN,2,2,4,0.5
LSLP,3,0,3,1.0
LSLS,0,1,1,0.0
LSLb,2,2,4,0.5
LSLh,1,0,1,1.0
LSLj,1,0,1,1.0
LSLl,1,0,1,1.0
LSLm,1,4,5,0.2
LSLn,4,4,8,0.5
LSLs,2,1,3,0.67
LSLt,0,0,0,
LSMB,2,6,8,0.25
LSML,0,1,1,0.0
LSMM,1,4,5,0.2
LSMN,3,3,6,0.5
LSMP,5,4,9,0.56
LSMS,4,1,5,0.8
LSMb,3,5,8,0.38
LSMh,2,2,4,0.5
LSMj,2,1,3,0.67
LSMl,0,2,2,0.0
LSMm,2,2,4,0.5
LSMn,2,2,4,0.5
LSMs,3,2,5,0.6
LSMt,2,1,3,0.67
LSNB,4,2,6,0.67
LSND,0,1,1,0.0
LSNH,1,1,2,0.5
LSNK,1,0,1,1.0
LSNL,0,3,3,0.0
LSNM,5,3,8,0.62
LSNN,6,6,12,0.5
LSNP,2,3,5,0.4
LSNS,3,1,4,0.75
LSNb,2,2,4,0.5
LSNl,2,1,3,0.67
LSNm,2,3,5,0.4
LSNn,4,2,6,0.67
LSNs,0,2,2,0.0
LSNt,0,1,1,0.0
LSPB,2,6,8,0.25
LSPD,0,2,2,0.0
LSPH,4,3,7,0.57
LSPI,0,1,1,0.0
LSPK,1,0,1,1.0
LSPL,0,5,5,0.0
LSPM,4,5,9,0.44
LSPN,3,8,11,0.27
LSPP,9,12,21,0.43
LSPS,6,6,12,0.5
LSPb,2,5,7,0.29
LSPl,0,3,3,0.0
LSPm,5,3,8,0.62
LSPn,8,6,14,0.57
LSPs,5,7,12,0.42
LSPt,2,1,3,0.67
LSSB,0,2,2,0.0
LSSD,1,0,1,1.0
LSSH,0,1,1,0.0
LSSI,1,0,1,1.0
LSSL,4,1,5,0.8
LSSM,3,2,5,0.6
LSSN,6,2,8,0.75
LSSP,4,5,9,0.44
LSSS,6,6,12,0.5
LSSb,3,7,10,0.3
LSSh,0,1,1,0.0
LSSl,2,1,3,0.67
LSSm,1,2,3,0.33
LSSn,1,5,6,0.17
LSSs,3,5,8,0.38
LSSt,0,2,2,0.0
LSbB,4,0,4,1.0
LSbH,0,1,1,0.0
LSbL,0,0,0,
LSbM,3,3,6,0.5
LSbN,3,0,3,1.0
LSbP,6,4,10,0.6
LSbS,3,1,4,0.75
LSbb,1,2,3,0.33
LSbl,2,2,4,0.5
LSbm,2,3,5,0.4
LSbn,1,1,2,0.5
LSbs,3,0,3,1.0
LShB,1,2,3,0.33
LShH,0,1,1,0.0
LShI,1,0,1,1.0
LShL,3,1,4,0.75
LShM,3,2,5,0.6
LShN,3,1,4,0.75
LShP,4,5,9,0.44
LShS,0,2,2,0.0
LShb,0,1,1,0.0
LShh,3,1,4,0.75
LShl,2,2,4,0.5
LShm,2,2,4,0.5
LShn,1,3,4,0.25
LShs,3,4,7,0.43
LSlB,1,1,2,0.5
LSlD,1,0,1,1.0
LSlH,0,0,0,
LSlJ,0,1,1,0.0
LSlL,1,0,1,1.0
LSlM,4,4,8,0.5
LSlN,3,6,9,0.33
LSlP,1,2,3,0.33
LSlS,4,3,7,0.57
LSlb,0,1,1,0.0
LSll,1,1,2,0.5
LSlm,1,0,1,1.0
LSln,3,1,4,0.75
LSls,3,2,5,0.6
LSmB,1,2,3,0.33
LSmH,5,2,7,0.71
LSmJ,0,0,0,
LSmL,0,3,3,0.0
LSmM,4,2,6,0.67
LSmN,9,2,11,0.82
LSmP,5,5,10,0.5
LSmS,0,2,2,0.0
LSmb,1,2,3,0.33
LSml,1,0,1,1.0
LSmm,3,1,4,0.75
LSmn,4,5,9,0.44
LSms,3,2,5,0.6
LSnB,3,3,6,0.5
LSnH,0,1,1,0.0
LSnI,1,1,2,0.5
LSnL,0,1,1,0.0
LSnM,1,2,3,0.33
LSnN,4,8,12,0.33
LSnP,4,6,10,0.4
LSnS,5,3,8,0.62
LSnb,2,2,4,0.5
LSnl,3,1,4,0.75
LSnm,4,2,6,0.67
LSnn,2,2,4,0.5
LSns,5,4,9,0.56
LSsB,2,3,5,0.4
LSsD,1,2,3,0.33
LSsH,5,2,7,0.71
LSsL,1,2,3,0.33
LSsM,3,6,9,0.33
LSsN,9,2,11,0.82
LSsP,6,2,8,0.75
LSsS,6,6,12,0.5
LSsb,3,1,4,0.75
LSsh,0,1,1,0.0
LSsl,2,0,2,1.0
LSsm,4,4,8,0.5
LSsn,1,3,4,0.25
LSss,4,3,7,0.57
LStB,1,0,1,1.0
LStD,0,1,1,0.0
LStH,1,0,1,1.0
LStL,1,0,1,1.0
LStP,1,1,2,0.5
LStS,0,0,0,
LStb,1,1,2,0.5
LStl,1,0,1,1.0
LStm,1,0,1,1.0
LStn,1,0,1,1.0
LbBB,5,2,7,0.71
LbBD,1,0,1,1.0
LbBL,3,1,4,0.75
LbBM,2,1,3,0.67
LbBN,3,9,12,0.25
LbBP,8,5,13,0.62
LbBS,2,1,3,0.67
LbBb,4,4,8,0.5
LbBh,0,1,1,0.0
LbBj,2,3,5,0.4
LbBl,2,1,3,0.67
LbBm,1,3,4,0.25
LbBn,9,4,13,0.69
LbBs,3,1,4,0.75
LbBt,2,2,4,0.5
LbDB,0,1,1,0.0
LbDN,0,1,1,0.0
LbDP,1,0,1,1.0
LbDb,1,0,1,1.0
LbDl,1,0,1,1.0
LbDm,0,1,1,0.0
LbDn,2,2,4,0.5
LbDs,0,1,1,0.0
LbHB,1,0,1,1.0
LbHL,1,0,1,1.0
LbHM,0,1,1,0.0
LbHN,2,0,2,1.0
LbHP,0,3,3,0.0
LbHS,1,2,3,0.33
LbHh,0,1,1,0.0
LbHm,0,0,0,
LbHn,0,3,3,0.0
LbHs,0,1,1,0.0
LbII,0,1,1,0.0
LbIL,0,1,1,0.0
LbIN,1,0,1,1.0
LbIP,2,1,3,0.67
LbIS,0,1,1,0.0
LbIb,1,1,2,0.5
LbIl,1,0,1,1.0
LbIn,0,2,2,0.0
LbJB,2,1,3,0.67
LbJD,0,1,1,0.0
LbJH,1,0,1,1.0
LbJL,1,2,3,0.33
LbJM,4,0,4,1.0
LbJN,1,0,1,1.0
LbJP,1,3,4,0.25
LbJS,1,1,2,0.5
LbJb,1,3,4,0.25
LbJl,1,1,2,0.5
LbJm,0,2,2,0.0
LbJn,2,0,2,1.0
LbJs,0,1,1,0.0
LbKL,1,0,1,1.0
LbKP,1,1,2,0.5
LbKS,0,1,1,0.0
LbKh,0,1,1,0.0
LbKm,0,1,1,0.0
LbLB,3,2,5,0.6
LbLL,1,0,1,1.0
LbLM,2,3,5,0.4
LbLN,0,2,2,0.0
LbLP,4,3,7,0.57
LbLS,0,2,2,0.0
LbLb,2,0,2,1.0
LbLh,1,0,1,1.0
LbLl,1,0,1,1.0
LbLm,1,2,3,0.33
LbLn,2,4,6,0.33
LbLs,1,1,2,0.5
LbMB,2,2,4,0.5
LbMD,0,1,1,0.0
LbML,0,3,3,0.0
LbMM,1,0,1,1.0
LbMN,7,6,13,0.54
LbMP,7,7,14,0.5
LbMS,2,2,4,0.5
LbMb,1,7,8,0.12
LbMh,5,3,8,0.62
LbMj,2,2,4,0.5
LbMl,2,2,4,0.5
LbMm,2,4,6,0.33
LbMn,5,9,14,0.36
LbMs,6,2,8,0.75
LbNB,6,5,11,0.55
LbNH,0,1,1,0.0
LbNL,2,3,5,0.4
LbNM,3,3,6,0.5
LbNN,6,5,11,0.55
LbNP,11,10,21,0.52
LbNS,3,7,10,0.3
LbNb,5,5,10,0.5
LbNh,0,2,2,0.0
LbNl,3,5,8,0.38
LbNm,1,1,2,0.5
LbNn,8,5,13,0.62
LbNs,3,5,8,0.38
LbNt,1,1,2,0.5
LbPB,8,5,13,0.62
LbPD,0,1,1,0.0
LbPH,0,3,3,0.0
LbPI,1,1,2,0.5
LbPL,3,4,7,0.43
LbPM,7,7,14,0.5
LbPN,6,11,17,0.35
LbPP,11,13,24,0.46
LbPS,3,2,5,0.6
LbPb,11,11,22,0.5
LbPh,0,2,2,0.0
LbPl,5,0,5,1.0
LbPm,6,6,12,0.5
LbPn,6,4,10,0.6
LbPs,3,3,6,0.5
LbPt,1,0,1,1.0
LbSB,1,1,2,0.5
LbSH,1,1,2,0.5
LbSL,0,3,3,0.0
LbSM,3,6,9,0.33
LbSN,5,2,7,0.71
LbSP,5,1,6,0.83
LbSS,2,3,5,0.4
LbSb,3,4,7,0.43
LbSh,4,3,7,0.57
LbSl,0,3,3,0.0
LbSm,5,0,5,1.0
LbSn,2,4,6,0.33
LbSs,4,4,8,0.5
LbbB,5,5,10,0.5
LbbH,1,2,3,0.33
LbbI,0,0,0,
LbbJ,0,1,1,0.0
LbbK,1,0,1,1.0
LbbL,3,1,4,0.75
LbbM,5,7,12,0.42
LbbN,7,8,15,0.47
LbbP,7,8,15,0.47
LbbS,2,2,4,0.5
Lbbb,5,7,12,0.42
Lbbl,3,1,4,0.75
Lbbm,2,1,3,0.67
Lbbn,9,8,17,0.53
Lbbs,3,1,4,0.75
LblB,2,3,5,0.4
LblH,3,1,4,0.75
LblJ,0,1,1,0.0
LblL,1,1,2,0.5
LblM,3,1,4,0.75
LblN,5,2,7,0.71
LblP,3,5,8,0.38
LblS,3,1,4,0.75
Lblb,0,4,4,0.0
Lbln,2,1,3,0.67
Lbls,1,1,2,0.5
LbmB,0,5,5,0.0
LbmH,4,2,6,0.67
LbmI,1,0,1,1.0
LbmJ,1,1,2,0.5
LbmL,2,1,3,0.67
LbmM,4,3,7,0.57
LbmN,1,1,2,0.5
LbmP,4,11,15,0.27
LbmS,0,1,1,0.0
Lbmb,3,3,6,0.5
Lbml,3,2,5,0.6
Lbmm,2,2,4,0.5
Lbmn,2,3,5,0.4
Lbms,2,2,4,0.5
LbnB,3,2,5,0.6
LbnD,1,2,3,0.33
LbnH,4,2,6,0.67
LbnI,1,0,1,1.0
LbnK,0,1,1,0.0
LbnL,3,1,4,0.75
LbnM,5,4,9,0.56
LbnN,8,5,13,0.62
LbnP,13,5,18,0.72
LbnS,6,1,7,0.86
Lbnb,4,6,10,0.4
Lbnl,2,1,3,0.67
Lbnm,5,0,5,1.0
Lbnn,3,4,7,0.43
Lbns,3,2,5,0.6
LbsB,2,3,5,0.4
LbsD,1,0,1,1.0
LbsH,2,5,7,0.29
LbsI,1,1,2,0.5
LbsL,3,3,6,0.5
LbsM,1,3,4,0.25
LbsN,4,5,9,0.44
LbsP,6,2,8,0.75
LbsS,0,3,3,0.0
Lbsb,1,6,7,0.14
Lbsl,2,0,2,1.0
Lbsm,0,1,1,0.0
Lbsn,2,2,4,0.5
Lbss,3,3,6,0.5
LhBB,3,3,6,0.5
LhBD,0,1,1,0.0
LhBL,0,1,1,0.0
LhBM,4,0,4,1.0
LhBN,1,0,1,1.0
LhBP,1,3,4,0.25
LhBS,1,2,3,0.33
LhBb,2,2,4,0.5
LhBj,1,0,1,1.0
LhBl,0,0,0,
LhBm,2,0,2,1.0
LhBn,2,1,3,0.67
LhBs,6,2,8,0.75
LhBt,1,1,2,0.5
LhDD,0,1,1,0.0
LhDM,1,0,1,1.0
LhDP,1,0,1,1.0
LhDn,1,0,1,1.0
LhHB,1,0,1,1.0
LhHH,0,1,1,0.0
LhHM,1,0,1,1.0
LhHN,2,0,2,1.0
LhHP,2,0,2,1.0
LhHb,1,0,1,1.0
LhHs,0,0,0,
LhIl,1,1,2,0.5
LhIs,0,0,0,
LhKh,0,0,0,
LhLL,0,1,1,0.0
LhLM,1,2,3,0.33
LhLN,1,1,2,0.5
LhLP,1,3,4,0.25
LhLS,0,1,1,0.0
LhLb,1,0,1,1.0
LhLh,1,0,1,1.0
LhLl,1,0,1,1.0
LhLm,1,1,2,0.5
LhLn,2,1,3,0.67
LhLs,1,0,1,1.0
LhLt,0,1,1,0.0
LhMB,1,0,1,1.0
LhML,1,1,2,0.5
LhMM,3,1,4,0.75
LhMN,0,4,4,0.0
LhMP,5,3,8,0.62
LhMb,1,0,1,1.0
LhMh,1,2,3,0.33
LhMl,1,2,3,0.33
LhMm,1,1,2,0.5
LhMn,0,2,2,0.0
LhMs,2,4,6,0.33
LhNB,2,2,4,0.5
LhNH,2,0,2,1.0
LhNM,1,2,3,0.33
LhNN,6,2,8,0.75
LhNP,1,4,5,0.2
LhNS,1,2,3,0.33
LhNb,0,0,0,
LhNl,0,1,1,0.0
LhNm,1,0,1,1.0
LhNn,1,0,1,1.0
LhNt,0,1,1,0.0
LhPB,0,3,3,0.0
LhPH,0,1,1,0.0
LhPK,0,1,1,0.0
LhPM,3,3,6,0.5
LhPN,3,3,6,0.5
LhPP,9,10,19,0.47
LhPS,3,3,6,0.5
LhPb,2,2,4,0.5
LhPl,0,2,2,0.0
LhPm,1,3,4,0.25
LhPn,4,4,8,0.5
LhPs,4,2,6,0.67
LhSB,0,1,1,0.0
LhSH,0,0,0,
LhSM,1,1,2,0.5
LhSP,4,1,5,0.8
LhSS,3,3,6,0.5
LhSb,1,1,2,0.5
LhSl,0,1,1,0.0
LhSm,1,2,3,0.33
LhSn,3,2,5,0.6
LhSs,3,2,5,0.6
LhSt,1,0,1,1.0
LhbB,1,2,3,0.33
LhbH,0,0,0,
LhbI,0,0,0,
LhbJ,0,0,0,
LhbL,0,1,1,0.0
LhbM,2,3,5,0.4
LhbN,5,3,8,0.62
LhbP,5,1,6,0.83
LhbS,1,3,4,0.25
Lhbb,5,1,6,0.83
Lhbl,2,1,3,0.67
Lhbm,1,1,2,0.5
Lhbn,1,1,2,0.5
Lhbs,1,0,1,1.0
LhhB,1,2,3,0.33
LhhH,0,2,2,0.0
LhhL,2,1,3,0.67
LhhM,1,1,2,0.5
LhhN,3,0,3,1.0
LhhP,0,1,1,0.0
LhhS,1,3,4,0.25
Lhhh,1,2,3,0.33
Lhhl,0,1,1,0.0
Lhhm,7,1,8,0.88
Lhhn,2,1,3,0.67
Lhhs,3,2,5,0.6
LhlB,1,2,3,0.33
LhlH,1,0,1,1.0
LhlM,1,1,2,0.5
LhlN,2,0,2,1.0
LhlP,2,1,3,0.67
Lhlb,2,0,2,1.0
Lhll,0,0,0,
Lhlm,1,0,1,1.0
Lhln,0,1,1,0.0
Lhls,1,0,1,1.0
LhmB,3,0,3,1.0
LhmH,0,0,0,
LhmJ,1,0,1,1.0
LhmL,0,2,2,0.0
LhmM,9,0,9,1.0
LhmN,3,2,5,0.6
LhmP,3,1,4,0.75
LhmS,3,1,4,0.75
Lhmb,3,1,4,0.75
Lhml,2,2,4,0.5
Lhmm,0,3,3,0.0
Lhmn,1,0,1,1.0
Lhms,1,0,1,1.0
LhnB,5,3,8,0.62
LhnH,0,0,0,
LhnK,0,1,1,0.0
LhnL,1,1,2,0.5
LhnM,7,2,9,0.78
LhnN,2,2,4,0.5
LhnP,4,4,8,0.5
LhnS,1,2,3,0.33
Lhnb,1,0,1,1.0
Lhnl,2,2,4,0.5
Lhnm,0,0,0,
Lhnn,2,4,6,0.33
Lhns,1,1,2,0.5
LhsB,1,2,3,0.33
LhsD,1,1,2,0.5
LhsH,2,2,4,0.5
LhsI,1,0,1,1.0
LhsL,3,1,4,0.75
LhsM,1,1,2,0.5
LhsN,5,1,6,0.83
LhsP,2,3,5,0.4
LhsS,3,3,6,0.5
Lhsb,5,1,6,0.83
Lhsh,0,1,1,0.0
Lhsl,2,0,2,1.0
Lhsm,0,2,2,0.0
Lhsn,1,1,2,0.5
Lhss,3,0,3,1.0
LhtN,0,0,0,
LhtP,0,2,2,0.0
LhtS,0,1,1,0.0
Lhtb,2,0,2,1.0
LjBB,1,3,4,0.25
LjBL,0,0,0,
LjBM,1,0,1,1.0
LjBN,0,3,3,0.0
LjBP,2,2,4,0.5
LjBb,4,2,6,0.67
LjBl,0,1,1,0.0
LjBn,2,1,3,0.67
LjBs,0,0,0,
LjDs,0,1,1,0.0
LjHB,1,0,1,1.0
LjHH,0,0,0,
LjHM,1,0,1,1.0
LjHP,1,1,2,0.5
LjHb,0,1,1,0.0
LjHn,1,0,1,1.0
LjIL,0,1,1,0.0
LjKM,0,1,1,0.0
LjLB,1,0,1,1.0
LjLL,1,2,3,0.33
LjLM,0,1,1,0.0
LjLN,3,0,3,1.0
LjLP,1,0,1,1.0
LjLl,1,0,1,1.0
LjLm,0,1,1,0.0
LjLn,0,4,4,0.0
LjLs,1,2,3,0.33
LjMB,1,2,3,0.33
LjMN,0,0,0,
LjMP,2,2,4,0.5
LjMS,0,0,0,
LjMb,2,2,4,0.5
LjMh,0,2,2,0.0
LjMm,2,2,4,0.5
LjMn,1,2,3,0.33
LjMt,1,0,1,1.0
LjNB,2,0,2,1.0
LjNH,1,1,2,0.5
LjNL,0,2,2,0.0
LjNM,0,1,1,0.0
LjNN,1,2,3,0.33
LjNP,4,2,6,0.67
LjNS,2,1,3,0.67
LjNb,3,0,3,1.0
LjNl,1,0,1,1.0
LjNm,1,0,1,1.0
LjNn,2,1,3,0.67
LjNs,0,4,4,0.0
LjPB,2,1,3,0.67
LjPH,0,1,1,0.0
LjPK,0,1,1,0.0
LjPL,0,3,3,0.0
LjPM,3,1,4,0.75
LjPN,1,4,5,0.2
LjPP,7,4,11,0.64
LjPS,0,1,1,0.0
LjPb,4,4,8,0.5
LjPl,3,1,4,0.75
LjPm,6,3,9,0.67
LjPn,4,0,4,1.0
LjPs,3,2,5,0.6
LjSB,1,0,1,1.0
LjSH,0,2,2,0.0
LjSL,1,2,3,0.33
LjSM,0,2,2,0.0
LjSN,1,1,2,0.5
LjSP,2,2,4,0.5
LjSS,1,1,2,0.5
LjSb,1,0,1,1.0
LjSh,3,1,4,0.75
LjSl,1,0,1,1.0
LjSm,1,2,3,0.33
LjSn,1,2,3,0.33
LjSs,1,1,2,0.5
LjSt,1,0,1,1.0
LjbB,2,3,5,0.4
LjbH,1,0,1,1.0
LjbI,1,0,1,1.0
LjbJ,0,1,1,0.0
LjbK,0,0,0,
LjbL,4,1,5,0.8
LjbM,1,2,3,0.33
LjbN,0,0,0,
LjbP,2,3,5,0.4
LjbS,1,0,1,1.0
Ljbb,2,2,4,0.5
Ljbl,2,0,2,1.0
Ljbm,2,4,6,0.33
LjhH,1,0,1,1.0
LjhM,1,0,1,1.0
LjhN,0,1,1,0.0
LjhP,2,0,2,1.0
LjhS,1,0,1,1.0
Ljhb,0,1,1,0.0
Ljhh,1,1,2,0.5
Ljhl,0,0,0,
Ljhn,0,1,1,0.0
LjlB,0,0,0,
LjlH,2,1,3,0.67
LjlJ,1,1,2,0.5
LjlL,1,0,1,1.0
LjlN,0,1,1,0.0
LjlP,1,1,2,0.5
LjlS,0,3,3,0.0
Ljln,1,1,2,0.5
LjmB,0,2,2,0.0
LjmH,1,0,1,1.0
LjmL,1,1,2,0.5
LjmM,0,4,4,0.0
LjmN,0,3,3,0.0
LjmP,0,2,2,0.0
LjmS,0,3,3,0.0
Ljmb,2,2,4,0.5
Ljml,1,2,3,0.33
Ljmm,1,2,3,0.33
Ljmn,1,1,2,0.5
Ljms,2,2,4,0.5
LjnB,1,2,3,0.33
LjnD,0,0,0,
LjnH,0,1,1,0.0
LjnL,2,0,2,1.0
LjnM,0,2,2,0.0
LjnN,0,3,3,0.0
LjnP,2,2,4,0.5
LjnS,1,2,3,0.33
Ljnb,1,2,3,0.33
Ljnl,2,3,5,0.4
Ljnm,0,1,1,0.0
Ljnn,3,3,6,0.5
LjsB,0,2,2,0.0
LjsH,1,0,1,1.0
LjsL,0,1,1,0.0
LjsM,3,1,4,0.75
LjsN,0,2,2,0.0
LjsP,2,2,4,0.5
LjsS,1,0,1,1.0
Ljsb,0,1,1,0.0
Ljsh,1,0,1,1.0
Ljsm,1,0,1,1.0
Ljss,0,1,1,0.0
LjtB,1,0,1,1.0
LjtH,0,2,2,0.0
LjtS,0,0,0,
LlBB,2,2,4,0.5
LlBD,0,1,1,0.0
LlBL,0,2,2,0.0
LlBM,0,5,5,0.0
LlBN,4,3,7,0.57
LlBP,4,3,7,0.57
LlBS,1,1,2,0.5
LlBb,2,3,5,0.4
LlBh,1,0,1,1.0
LlBl,1,1,2,0.5
LlBm,1,1,2,0.5
LlBn,6,0,6,1.0
LlBs,0,1,1,0.0
LlBt,2,0,2,1.0
LlDH,3,1,4,0.75
LlDN,0,1,1,0.0
LlDn,0,2,2,0.0
LlHB,1,0,1,1.0
LlHD,2,0,2,1.0
LlHL,1,1,2,0.5
LlHM,5,2,7,0.71
LlHN,2,1,3,0.67
LlHP,4,6,10,0.4
LlHS,4,1,5,0.8
LlHb,1,1,2,0.5
LlHh,1,2,3,0.33
LlHl,1,1,2,0.5
LlHm,1,2,3,0.33
LlHn,2,3,5,0.4
LlHs,1,0,1,1.0
LlIB,0,1,1,0.0
LlIM,1,1,2,0.5
LlIP,1,1,2,0.5
LlIS,0,1,1,0.0
LlIb,1,0,1,1.0
LlJB,1,0,1,1.0
LlJD,1,0,1,1.0
LlJI,0,1,1,0.0
LlJL,0,1,1,0.0
LlJM,2,0,2,1.0
LlJN,0,1,1,0.0
LlJP,5,2,7,0.71
LlJb,1,1,2,0.5
LlJl,1,0,1,1.0
LlJm,2,0,2,1.0
LlJs,0,1,1,0.0
LlKN,0,1,1,0.0
LlKP,0,1,1,0.0
LlKb,1,0,1,1.0
LlLB,1,1,2,0.5
LlLL,0,1,1,0.0
LlLM,1,1,2,0.5
LlLN,4,1,5,0.8
LlLP,3,1,4,0.75
LlLS,0,1,1,0.0
LlLb,1,0,1,1.0
LlLh,1,1,2,0.5
LlLl,2,0,2,1.0
LlLm,1,1,2,0.5
LlLn,2,1,3,0.67
LlLs,3,0,3,1.0
LlMB,2,1,3,0.67
LlML,0,2,2,0.0
LlMM,3,3,6,0.5
LlMN,0,4,4,0.0
LlMP,2,5,7,0.29
LlMS,1,0,1,1.0
LlMb,2,0,2,1.0
LlMh,1,3,4,0.25
LlMj,1,0,1,1.0
LlMl,1,1,2,0.5
LlMm,1,3,4,0.25
LlMn,2,7,9,0.22
LlMs,2,2,4,0.5
LlNB,3,4,7,0.43
LlNH,1,1,2,0.5
LlNL,1,1,2,0.5
LlNM,2,4,6,0.33
LlNN,3,0,3,1.0
LlNP,6,5,11,0.55
LlNS,2,0,2,1.0
LlNb,2,0,2,1.0
LlNh,0,1,1,0.0
LlNl,2,2,4,0.5
LlNm,1,0,1,1.0
LlNn,2,5,7,0.29
LlNs,1,1,2,0.5
LlNt,1,0,1,1.0
LlPB,4,5,9,0.44
LlPD,1,0,1,1.0
LlPH,1,0,1,1.0
LlPI,1,0,1,1.0
LlPL,0,3,3,0.0
LlPM,3,2,5,0.6
LlPN,4,10,14,0.29
LlPP,7,1,8,0.88
LlPS,0,3,3,0.0
LlPb,2,2,4,0.5
LlPh,0,1,1,0.0
LlPl,2,1,3,0.67
LlPm,2,4,6,0.33
LlPn,5,4,9,0.56
LlPs,2,3,5,0.4
LlPt,0,0,0,
LlSB,1,3,4,0.25
LlSH,1,1,2,0.5
LlSI,0,0,0,
LlSM,3,3,6,0.5
LlSN,5,4,9,0.56
LlSP,2,2,4,0.5
LlSS,1,1,2,0.5
LlSb,1,1,2,0.5
LlSh,2,1,3,0.67
LlSl,2,0,2,1.0
LlSm,4,0,4,1.0
LlSn,4,1,5,0.8
LlSs,4,5,9,0.44
LlbB,1,1,2,0.5
LlbI,1,0,1,1.0
LlbJ,0,1,1,0.0
LlbL,0,0,0,
LlbM,2,2,4,0.5
LlbN,4,3,7,0.57
LlbP,4,3,7,0.57
Llbb,3,2,5,0.6
Llbl,2,2,4,0.5
Llbm,3,5,8,0.38
Llbn,2,2,4,0.5
LllB,1,0,1,1.0
LllH,0,1,1,0.0
LllL,0,1,1,0.0
LllN,2,1,3,0.67
LllP,3,0,3,1.0
Lllb,1,0,1,1.0
Llll,2,0,2,1.0
Lllm,0,3,3,0.0
Llls,0,2,2,0.0
LlmB,3,1,4,0.75
LlmD,1,0,1,1.0
LlmH,2,4,6,0.33
LlmJ,1,1,2,0.5
LlmL,0,1,1,0.0
LlmM,1,3,4,0.25
LlmN,1,1,2,0.5
LlmP,1,0,1,1.0
LlmS,0,1,1,0.0
Llmb,2,1,3,0.67
Llml,2,0,2,1.0
Llmm,2,2,4,0.5
Llmn,2,3,5,0.4
Llms,1,0,1,1.0
LlnB,1,4,5,0.2
LlnD,1,0,1,1.0
LlnH,1,1,2,0.5
LlnI,0,0,0,
LlnK,0,1,1,0.0
LlnL,0,3,3,0.0
LlnM,3,3,6,0.5
LlnN,2,1,3,0.67
LlnP,3,4,7,0.43
LlnS,1,0,1,1.0
Llnb,1,3,4,0.25
Llnl,1,2,3,0.33
Llnm,3,1,4,0.75
Llnn,2,0,2,1.0
Llns,1,2,3,0.33
LlsB,2,1,3,0.67
LlsD,1,1,2,0.5
LlsH,2,2,4,0.5
LlsI,0,1,1,0.0
LlsK,0,0,0,
LlsL,1,0,1,1.0
LlsM,1,1,2,0.5
LlsN,3,4,7,0.43
LlsP,1,1,2,0.5
LlsS,1,1,2,0.5
Llsb,0,1,1,0.0
Llsl,2,0,2,1.0
Llsm,7,3,10,0.7
Llsn,2,1,3,0.67
Llss,0,2,2,0.0
LmBB,5,8,13,0.38
LmBH,0,0,0,
LmBK,0,1,1,0.0
LmBL,3,1,4,0.75
LmBM,2,3,5,0.4
LmBN,5,2,7,0.71
LmBP,7,3,10,0.7
LmBS,2,5,7,0.29
LmBb,6,0,6,1.0
LmBj,0,1,1,0.0
LmBm,10,1,11,0.91
LmBn,6,6,12,0.5
LmBs,5,2,7,0.71
LmBt,1,1,2,0.5
LmDB,1,0,1,1.0
LmDH,0,1,1,0.0
LmDL,1,0,1,1.0
LmDM,1,1,2,0.5
LmDP,3,0,3,1.0
LmDS,1,0,1,1.0
LmDb,0,1,1,0.0
LmDl,0,1,1,0.0
LmDm,1,1,2,0.5
LmDn,1,0,1,1.0
LmHB,2,3,5,0.4
LmHH,0,1,1,0.0
LmHL,0,2,2,0.0
LmHM,2,3,5,0.4
LmHN,4,3,7,0.57
LmHP,6,4,10,0.6
LmHS,2,2,4,0.5
LmHb,4,1,5,0.8
LmHh,3,0,3,1.0
LmHm,4,7,11,0.36
LmHn,0,3,3,0.0
LmHs,4,2,6,0.67
LmHt,1,0,1,1.0
LmIB,1,1,2,0.5
LmIN,0,1,1,0.0
LmIb,2,1,3,0.67
LmIm,0,1,1,0.0
LmIn,0,1,1,0.0
LmJB,2,1,3,0.67
LmJL,0,1,1,0.0
LmJM,1,2,3,0.33
LmJN,0,1,1,0.0
LmJP,1,1,2,0.5
LmJS,3,0,3,1.0
LmJb,1,0,1,1.0
LmJl,1,0,1,1.0
LmJn,1,1,2,0.5
LmJs,0,2,2,0.0
LmJt,1,0,1,1.0
LmLB,5,2,7,0.71
LmLD,1,1,2,0.5
LmLL,0,1,1,0.0
LmLM,2,1,3,0.67
LmLN,0,3,3,0.0
LmLP,3,3,6,0.5
LmLS,1,1,2,0.5
LmLh,4,0,4,1.0
LmLj,1,2,3,0.33
LmLl,1,0,1,1.0
LmLm,0,1,1,0.0
LmLn,1,1,2,0.5
LmLt,1,1,2,0.5
LmMB,5,3,8,0.62
LmML,1,1,2,0.5
LmMM,6,2,8,0.75
LmMN,2,5,7,0.29
LmMP,5,11,16,0.31
LmMS,2,2,4,0.5
LmMb,4,4,8,0.5
LmMh,3,5,8,0.38
LmMj,3,1,4,0.75
LmMl,0,6,6,0.0
LmMm,4,4,8,0.5
LmMn,7,8,15,0.47
LmMs,3,3,6,0.5
LmNB,3,4,7,0.43
LmND,2,0,2,1.0
LmNL,3,1,4,0.75
LmNM,5,3,8,0.62
LmNN,4,6,10,0.4
LmNP,4,9,13,0.31
LmNS,5,3,8,0.62
LmNb,2,3,5,0.4
LmNh,0,0,0,
LmNl,1,2,3,0.33
LmNm,1,4,5,0.2
LmNn,10,4,14,0.71
LmNs,6,7,13,0.46
LmNt,2,1,3,0.67
LmPB,5,3,8,0.62
LmPD,0,2,2,0.0
LmPH,2,2,4,0.5
LmPK,1,2,3,0.33
LmPL,6,2,8,0.75
LmPM,4,5,9,0.44
LmPN,4,6,10,0.4
LmPP,8,12,20,0.4
LmPS,5,6,11,0.45
LmPb,2,2,4,0.5
LmPh,1,0,1,1.0
LmPl,3,1,4,0.75
LmPm,8,4,12,0.67
LmPn,5,2,7,0.71
LmPs,5,6,11,0.45
LmSB,3,3,6,0.5
LmSD,1,0,1,1.0
LmSH,0,0,0,
LmSL,1,1,2,0.5
LmSM,2,2,4,0.5
LmSN,4,4,8,0.5
LmSP,6,6,12,0.5
LmSS,3,3,6,0.5
LmSb,3,2,5,0.6
LmSh,0,1,1,0.0
LmSl,3,2,5,0.6
LmSm,1,4,5,0.2
LmSn,3,1,4,0.75
LmSs,7,6,13,0.54
LmSt,0,1,1,0.0
LmbB,0,6,6,0.0
LmbH,4,0,4,1.0
LmbI,0,1,1,0.0
LmbJ,2,1,3,0.67
LmbK,0,0,0,
LmbL,3,2,5,0.6
LmbM,3,7,10,0.3
LmbN,5,6,11,0.45
LmbP,4,2,6,0.67
LmbS,3,4,7,0.43
Lmbb,5,5,10,0.5
Lmbl,1,1,2,0.5
Lmbm,6,3,9,0.67
Lmbn,3,6,9,0.33
Lmbs,1,2,3,0.33
LmlB,3,1,4,0.75
LmlH,0,1,1,0.0
LmlJ,1,0,1,1.0
LmlM,1,0,1,1.0
LmlN,1,0,1,1.0
LmlP,1,2,3,0.33
LmlS,1,1,2,0.5
Lmlb,2,2,4,0.5
Lmll,0,2,2,0.0
Lmlm,3,1,4,0.75
Lmln,2,4,6,0.33
Lmls,1,1,2,0.5
LmmB,1,2,3,0.33
LmmD,1,0,1,1.0
LmmH,2,1,3,0.67
LmmJ,0,1,1,0.0
LmmL,2,2,4,0.5
LmmM,2,2,4,0.5
LmmN,5,5,10,0.5
LmmP,2,5,7,0.29
LmmS,0,3,3,0.0
Lmmb,6,4,10,0.6
Lmml,1,1,2,0.5
Lmmm,4,3,7,0.57
Lmmn,4,3,7,0.57
Lmms,2,1,3,0.67
Lmmt,1,0,1,1.0
LmnB,7,3,10,0.7
LmnD,0,1,1,0.0
LmnH,0,1,1,0.0
LmnI,0,0,0,
LmnL,4,1,5,0.8
LmnM,4,2,6,0.67
LmnN,7,7,14,0.5
LmnP,8,6,14,0.57
LmnS,4,7,11,0.36
Lmnb,4,3,7,0.57
Lmnl,2,1,3,0.67
Lmnm,4,1,5,0.8
Lmnn,5,5,10,0.5
Lmns,4,6,10,0.4
LmsB,1,2,3,0.33
LmsD,0,1,1,0.0
LmsH,3,2,5,0.6
LmsI,1,0,1,1.0
LmsL,1,0,1,1.0
LmsM,1,0,1,1.0
LmsN,0,4,4,0.0
LmsP,3,2,5,0.6
LmsS,2,1,3,0.67
Lmsb,2,2,4,0.5
Lmsl,0,1,1,0.0
Lmsm,4,8,12,0.33
Lmsn,2,5,7,0.29
Lmss,2,3,5,0.4
LnBB,5,5,10,0.5
LnBD,1,1,2,0.5
LnBK,1,0,1,1.0
LnBL,1,1,2,0.5
LnBM,4,8,12,0.33
LnBN,6,8,14,0.43
LnBP,6,5,11,0.55
LnBS,1,2,3,0.33
LnBb,3,3,6,0.5
LnBj,0,2,2,0.0
LnBl,5,3,8,0.62
LnBm,2,1,3,0.67
LnBn,5,9,14,0.36
LnBs,1,6,7,0.14
LnDB,0,0,0,
LnDD,0,1,1,0.0
LnDM,1,0,1,1.0
LnDN,0,1,1,0.0
LnDP,0,2,2,0.0
LnDb,1,0,1,1.0
LnDl,1,0,1,1.0
LnDm,1,0,1,1.0
LnHB,3,0,3,1.0
LnHD,0,1,1,0.0
LnHH,1,0,1,1.0
LnHK,1,0,1,1.0
LnHL,1,1,2,0.5
LnHM,3,4,7,0.43
LnHN,7,5,12,0.58
LnHP,5,5,10,0.5
LnHS,1,3,4,0.25
LnHb,2,2,4,0.5
LnHh,2,0,2,1.0
LnHl,2,4,6,0.33
LnHm,6,5,11,0.55
LnHn,6,5,11,0.55
LnHs,1,4,5,0.2
LnHt,0,1,1,0.0
LnIB,1,0,1,1.0
LnIH,2,0,2,1.0
LnIM,0,0,0,
LnIN,3,1,4,0.75
LnIP,5,2,7,0.71
LnIS,1,1,2,0.5
LnIb,1,2,3,0.33
LnIl,0,1,1,0.0
LnIm,1,0,1,1.0
LnIn,1,0,1,1.0
LnIs,0,1,1,0.0
LnIt,0,0,0,
LnKB,1,0,1,1.0
LnKH,0,1,1,0.0
LnKM,0,1,1,0.0
LnKS,1,0,1,1.0
LnKm,1,0,1,1.0
LnKs,1,0,1,1.0
LnLB,2,2,4,0.5
LnLL,1,2,3,0.33
LnLM,1,1,2,0.5
LnLN,4,3,7,0.57
LnLP,1,4,5,0.2
LnLS,0,1,1,0.0
LnLb,2,5,7,0.29
LnLh,0,1,1,0.0
LnLj,3,2,5,0.6
LnLl,2,1,3,0.67
LnLm,2,4,6,0.33
LnLn,6,3,9,0.67
LnLs,3,0,3,1.0
LnMB,4,8,12,0.33
LnMD,0,0,0,
LnML,2,1,3,0.67
LnMM,4,5,9,0.44
LnMN,2,5,7,0.29
LnMP,8,7,15,0.53
LnMS,3,4,7,0.43
LnMb,6,1,7,0.86
LnMh,1,3,4,0.25
LnMj,4,2,6,0.67
LnMl,4,0,4,1.0
LnMm,5,3,8,0.62
LnMn,8,11,19,0.42
LnMs,1,3,4,0.25
LnMt,0,1,1,0.0
LnNB,9,6,15,0.6
LnND,1,1,2,0.5
LnNH,0,2,2,0.0
LnNL,1,3,4,0.25
LnNM,4,7,11,0.36
LnNN,21,16,37,0.57
LnNP,8,16,24,0.33
LnNS,9,4,13,0.69
LnNb,3,4,7,0.43
LnNh,4,3,7,0.57
LnNl,3,5,8,0.38
LnNm,2,4,6,0.33
LnNn,6,12,18,0.33
LnNs,4,7,11,0.36
LnNt,1,1,2,0.5
LnPB,9,10,19,0.47
LnPD,0,1,1,0.0
LnPH,2,6,8,0.25
LnPK,1,2,3,0.33
LnPL,7,6,13,0.54
LnPM,11,11,22,0.5
LnPN,17,18,35,0.49
LnPP,16,16,32,0.5
LnPS,9,6,15,0.6
LnPb,7,7,14,0.5
LnPh,1,0,1,1.0
LnPl,6,6,12,0.5
LnPm,13,5,18,0.72
LnPn,13,6,19,0.68
LnPs,13,5,18,0.72
LnPt,1,1,2,0.5
LnSB,3,2,5,0.6
LnSD,0,1,1,0.0
LnSH,1,2,3,0.33
LnSK,1,1,2,0.5
LnSL,4,1,5,0.8
LnSM,4,3,7,0.57
LnSN,8,9,17,0.47
LnSP,8,10,18,0.44
LnSS,5,6,11,0.45
LnSb,3,3,6,0.5
LnSh,5,4,9,0.56
LnSl,1,2,3,0.33
LnSm,7,4,11,0.64
LnSn,3,7,10,0.3
LnSs,4,3,7,0.57
LnSt,3,0,3,1.0
LnbB,4,5,9,0.44
LnbH,0,2,2,0.0
LnbJ,4,1,5,0.8
LnbL,3,4,7,0.43
LnbM,2,8,10,0.2
LnbN,9,6,15,0.6
LnbP,7,10,17,0.41
LnbS,4,7,11,0.36
Lnbb,7,7,14,0.5
Lnbl,2,1,3,0.67
Lnbm,8,3,11,0.73
Lnbn,9,1,10,0.9
Lnbs,0,3,3,0.0
LnhL,1,0,1,1.0
LnhM,0,1,1,0.0
LnhN,1,0,1,1.0
LnhS,0,0,0,
Lnhh,2,0,2,1.0
Lnhl,1,0,1,1.0
Lnhm,0,1,1,0.0
Lnhn,0,1,1,0.0
Lnhs,2,1,3,0.67
LnlB,4,2,6,0.67
LnlD,1,1,2,0.5
LnlH,2,5,7,0.29
LnlI,0,1,1,0.0
LnlJ,0,1,1,0.0
LnlL,0,2,2,0.0
LnlM,5,3,8,0.62
LnlN,8,5,13,0.62
LnlP,3,3,6,0.5
LnlS,2,3,5,0.4
Lnlb,4,4,8,0.5
Lnll,1,2,3,0.33
Lnlm,1,1,2,0.5
Lnln,6,4,10,0.6
Lnls,1,3,4,0.25
LnmB,4,7,11,0.36
LnmD,1,0,1,1.0
LnmH,5,4,9,0.56
LnmI,1,0,1,1.0
LnmJ,1,0,1,1.0
LnmL,2,2,4,0.5
LnmM,2,6,8,0.25
LnmN,8,7,15,0.53
LnmP,7,6,13,0.54
LnmS,0,4,4,0.0
Lnmb,1,6,7,0.14
Lnml,0,1,1,0.0
Lnmm,4,2,6,0.67
Lnmn,3,3,6,0.5
Lnms,2,5,7,0.29
LnnB,4,2,6,0.67
LnnD,1,1,2,0.5
LnnH,2,2,4,0.5
LnnI,1,2,3,0.33
LnnK,0,1,1,0.0
LnnL,2,5,7,0.29
LnnM,4,5,9,0.44
LnnN,8,9,17,0.47
LnnP,10,14,24,0.42
LnnS,10,7,17,0.59
Lnnb,8,4,12,0.67
Lnnh,0,1,1,0.0
Lnnl,2,1,3,0.67
Lnnm,6,8,14,0.43
Lnnn,13,6,19,0.68
Lnns,6,4,10,0.6
LnsB,1,4,5,0.2
LnsD,0,1,1,0.0
LnsH,5,3,8,0.62
LnsI,0,1,1,0.0
LnsL,0,1,1,0.0
LnsM,4,3,7,0.57
LnsN,3,7,10,0.3
LnsP,6,1,7,0.86
LnsS,9,6,15,0.6
Lnsb,6,0,6,1.0
Lnsl,1,0,1,1.0
Lnsm,7,8,15,0.47
Lnsn,7,3,10,0.7
Lnss,7,4,11,0.64
LsBB,0,2,2,0.0
LsBM,4,1,5,0.8
LsBN,2,3,5,0.4
LsBP,4,4,8,0.5
LsBS,3,2,5,0.6
LsBb,6,1,7,0.86
LsBh,2,1,3,0.67
LsBj,1,0,1,1.0
LsBl,0,2,2,0.0
LsBm,2,0,2,1.0
LsBn,6,8,14,0.43
LsBs,1,4,5,0.2
LsBt,2,0,2,1.0
LsDB,2,1,3,0.67
LsDH,0,0,0,
LsDL,0,1,1,0.0
LsDN,0,1,1,0.0
LsDP,1,2,3,0.33
LsDS,1,0,1,1.0
LsDb,0,0,0,
LsDl,0,1,1,0.0
LsDm,1,1,2,0.5
LsDn,0,0,0,
LsHB,0,1,1,0.0
LsHH,1,0,1,1.0
LsHL,1,1,2,0.5
LsHM,5,5,10,0.5
LsHN,6,3,9,0.67
LsHP,2,3,5,0.4
LsHS,0,2,2,0.0
LsHb,4,4,8,0.5
LsHh,1,1,2,0.5
LsHl,1,0,1,1.0
LsHm,1,1,2,0.5
LsHn,5,4,9,0.56
LsHs,5,2,7,0.71
LsHt,1,0,1,1.0
LsID,1,0,1,1.0
LsIH,0,0,0,
LsIM,0,1,1,0.0
LsIN,2,1,3,0.67
LsIP,2,0,2,1.0
LsIS,1,0,1,1.0
LsIb,1,0,1,1.0
LsIl,1,0,1,1.0
LsIn,2,0,2,1.0
LsKN,0,1,1,0.0
LsKs,0,1,1,0.0
LsLB,2,6,8,0.25
LsLL,0,1,1,0.0
LsLM,1,1,2,0.5
LsLN,0,1,1,0.0
LsLP,0,2,2,0.0
LsLS,2,3,5,0.4
LsLb,1,1,2,0.5
LsLh,0,1,1,0.0
LsLl,1,3,4,0.25
LsLm,2,3,5,0.4
LsLn,3,1,4,0.75
LsLs,4,1,5,0.8
LsMB,6,6,12,0.5
LsMH,1,0,1,1.0
LsML,0,0,0,
LsMM,2,2,4,0.5
LsMN,1,2,3,0.33
LsMP,5,2,7,0.71
LsMS,2,2,4,0.5
LsMb,3,3,6,0.5
LsMh,4,2,6,0.67
LsMj,0,0,0,
LsMl,5,1,6,0.83
LsMm,1,4,5,0.2
LsMn,4,2,6,0.67
LsMs,5,4,9,0.56
LsMt,1,0,1,1.0
LsNB,1,2,3,0.33
LsND,1,0,1,1.0
LsNH,1,0,1,1.0
LsNL,4,2,6,0.67
LsNM,1,4,5,0.2
LsNN,3,5,8,0.38
LsNP,11,10,21,0.52
LsNS,4,0,4,1.0
LsNb,1,1,2,0.5
LsNl,0,2,2,0.0
LsNm,2,7,9,0.22
LsNn,5,5,10,0.5
LsNs,1,4,5,0.2
LsNt,2,3,5,0.4
LsPB,5,5,10,0.5
LsPD,0,2,2,0.0
LsPH,2,2,4,0.5
LsPI,1,1,2,0.5
LsPK,1,0,1,1.0
LsPL,4,1,5,0.8
LsPM,4,3,7,0.57
LsPN,6,2,8,0.75
LsPP,10,7,17,0.59
LsPS,3,5,8,0.38
LsPb,3,2,5,0.6
LsPh,0,1,1,0.0
LsPl,1,4,5,0.2
LsPm,6,6,12,0.5
LsPn,5,5,10,0.5
LsPs,7,1,8,0.88
LsPt,1,0,1,1.0
LsSB,4,1,5,0.8
LsSD,2,1,3,0.67
LsSH,2,0,2,1.0
LsSK,1,0,1,1.0
LsSL,2,3,5,0.4
LsSM,1,3,4,0.25
LsSN,1,3,4,0.25
LsSP,8,5,13,0.62
LsSS,5,10,15,0.33
LsSb,6,2,8,0.75
LsSh,4,2,6,0.67
LsSl,2,2,4,0.5
LsSm,1,2,3,0.33
LsSn,4,2,6,0.67
LsSs,7,2,9,0.78
LsSt,1,0,1,1.0
LsbB,3,4,7,0.43
LsbD,1,0,1,1.0
LsbH,1,3,4,0.25
LsbJ,1,1,2,0.5
LsbK,1,0,1,1.0
LsbL,1,0,1,1.0
LsbM,1,5,6,0.17
LsbN,2,3,5,0.4
LsbP,4,4,8,0.5
LsbS,1,1,2,0.5
Lsbb,3,2,5,0.6
Lsbl,2,1,3,0.67
Lsbm,2,1,3,0.67
Lsbn,3,4,7,0.43
Lsbs,0,0,0,
LshK,0,0,0,
Lshl,0,0,0,
Lshn,2,0,2,1.0
Lshs,0,0,0,
LslB,3,1,4,0.75
LslH,1,0,1,1.0
LslI,0,1,1,0.0
LslJ,1,0,1,1.0
LslL,1,0,1,1.0
LslM,1,2,3,0.33
LslN,2,2,4,0.5
LslP,0,1,1,0.0
LslS,0,1,1,0.0
Lslb,0,0,0,
Lsll,0,1,1,0.0
Lslm,2,3,5,0.4
Lsln,2,1,3,0.67
Lsls,2,2,4,0.5
LsmB,2,3,5,0.4
LsmD,2,0,2,1.0
LsmH,1,0,1,1.0
LsmI,2,0,2,1.0
LsmJ,2,0,2,1.0
LsmM,2,2,4,0.5
LsmN,4,4,8,0.5
LsmP,6,1,7,0.86
LsmS,1,6,7,0.14
Lsmb,5,3,8,0.62
Lsml,1,0,1,1.0
Lsmm,4,3,7,0.57
Lsmn,2,1,3,0.67
Lsms,4,0,4,1.0
LsnB,0,2,2,0.0
LsnD,0,2,2,0.0
LsnH,0,2,2,0.0
LsnI,1,0,1,1.0
LsnL,2,0,2,1.0
LsnM,4,0,4,1.0
LsnN,0,2,2,0.0
LsnP,4,4,8,0.5
LsnS,4,3,7,0.57
Lsnb,6,4,10,0.6
Lsnl,1,0,1,1.0
Lsnm,2,4,6,0.33
Lsnn,6,3,9,0.67
Lsns,3,1,4,0.75
LssB,1,2,3,0.33
LssD,0,1,1,0.0
LssH,1,4,5,0.2
LssL,0,3,3,0.0
LssM,3,1,4,0.75
LssN,1,2,3,0.33
LssP,3,4,7,0.43
LssS,4,8,12,0.33
Lssb,1,3,4,0.25
Lssl,2,3,5,0.4
Lssm,3,4,7,0.43
Lssn,3,5,8,0.38
Lsss,3,3,6,0.5
LtBL,0,1,1,0.0
LtBM,0,1,1,0.0
LtBN,1,1,2,0.5
LtBP,0,0,0,
LtBS,0,2,2,0.0
LtBb,3,0,3,1.0
LtBj,0,0,0,
LtBm,1,0,1,1.0
LtBn,1,0,1,1.0
LtBs,0,1,1,0.0
LtBt,0,0,0,
LtDP,0,1,1,0.0
LtDn,1,0,1,1.0
LtHB,1,1,2,0.5
LtHL,1,0,1,1.0
LtHN,2,0,2,1.0
LtHP,0,1,1,0.0
LtHS,0,2,2,0.0
LtHh,0,0,0,
LtHn,2,0,2,1.0
LtHs,0,0,0,
LtID,0,0,0,
LtKB,0,1,1,0.0
LtKM,0,0,0,
LtKm,0,1,1,0.0
LtLB,1,1,2,0.5
LtLM,0,2,2,0.0
LtLN,0,1,1,0.0
LtLP,1,0,1,1.0
LtLS,0,1,1,0.0
LtLb,0,1,1,0.0
LtLm,0,0,0,
LtLs,1,0,1,1.0
LtMB,2,1,3,0.67
LtML,1,0,1,1.0
LtMM,0,2,2,0.0
LtMN,1,0,1,1.0
LtMP,2,1,3,0.67
LtMS,1,0,1,1.0
LtMh,0,1,1,0.0
LtMj,1,0,1,1.0
LtMl,1,1,2,0.5
LtMm,1,1,2,0.5
LtMn,1,1,2,0.5
LtMs,0,1,1,0.0
LtMt,0,1,1,0.0
LtNH,1,0,1,1.0
LtNI,0,0,0,
LtNL,3,0,3,1.0
LtNN,4,0,4,1.0
LtNP,4,0,4,1.0
LtNS,0,2,2,0.0
LtNb,1,1,2,0.5
LtNh,1,0,1,1.0
LtNm,0,2,2,0.0
LtNs,1,0,1,1.0
LtPB,1,2,3,0.33
LtPH,0,0,0,
LtPI,0,1,1,0.0
LtPK,0,0,0,
LtPL,0,0,0,
LtPM,2,2,4,0.5
LtPN,1,1,2,0.5
LtPP,2,2,4,0.5
LtPS,0,1,1,0.0
LtPb,1,1,2,0.5
LtPl,1,1,2,0.5
LtPm,2,2,4,0.5
LtPn,1,0,1,1.0
LtPs,4,2,6,0.67
LtSB,0,0,0,
LtSL,1,0,1,1.0
LtSM,2,1,3,0.67
LtSP,2,0,2,1.0
LtSS,0,1,1,0.0
LtSh,0,2,2,0.0
LtSl,0,1,1,0.0
LtSn,1,0,1,1.0
LtSs,2,0,2,1.0
LtbB,1,0,1,1.0
LtbM,0,2,2,0.0
LtbN,0,0,0,
LtbP,2,1,3,0.67
LtbS,1,0,1,1.0
Ltbb,1,1,2,0.5
Ltbl,2,1,3,0.67
Ltbm,0,0,0,
Ltbn,1,2,3,0.33
LthP,1,0,1,1.0
LtlB,1,1,2,0.5
LtlI,1,0,1,1.0
LtlM,0,1,1,0.0
LtlN,2,0,2,1.0
LtlP,2,0,2,1.0
Ltlb,1,0,1,1.0
Ltlm,1,0,1,1.0
Ltls,1,1,2,0.5
LtmB,0,1,1,0.0
LtmL,0,1,1,0.0
LtmM,1,2,3,0.33
LtmN,1,0,1,1.0
LtmP,2,2,4,0.5
LtmS,0,1,1,0.0
Ltmb,1,0,1,1.0
Ltmm,1,1,2,0.5
LtnB,1,1,2,0.5
LtnK,1,0,1,1.0
LtnM,0,1,1,0.0
LtnN,0,1,1,0.0
LtnP,2,1,3,0.67
LtnS,1,2,3,0.33
Ltnb,1,0,1,1.0
Ltnl,1,0,1,1.0
Ltnn,0,1,1,0.0
Ltns,1,0,1,1.0
LtsB,0,0,0,
LtsH,1,0,1,1.0
LtsM,1,2,3,0.33
LtsN,0,2,2,0.0
LtsP,1,1,2,0.5
LtsS,1,0,1,1.0
Ltsb,2,1,3,0.67
Ltsm,0,2,2,0.0
Ltsn,1,0,1,1.0
LttS,0,1,1,0.0
Lttl,0,0,0,
Lttn,0,0,0,
MBBB,10,17,27,0.37
MBBD,1,0,1,1.0
MBBK,2,1,3,0.67
MBBL,3,3,6,0.5
MBBM,6,11,17,0.35
MBBN,7,22,29,0.24
MBBP,19,13,32,0.59
MBBS,5,2,7,0.71
MBBb,14,13,27,0.52
MBBh,1,3,4,0.25
MBBj,7,4,11,0.64
MBBl,6,7,13,0.46
MBBm,9,12,21,0.43
MBBn,18,11,29,0.62
MBBs,3,7,10,0.3
MBBt,0,2,2,0.0
MBDB,1,0,1,1.0
MBDH,0,1,1,0.0
MBDL,0,2,2,0.0
MBDM,0,1,1,0.0
MBDN,0,1,1,0.0
MBDP,1,0,1,1.0
MBDS,0,1,1,0.0
MBDh,0,1,1,0.0
MBDm,2,0,2,1.0
MBDn,0,1,1,0.0
MBDs,1,2,3,0.33
MBHM,1,0,1,1.0
MBHP,0,1,1,0.0
MBHs,0,1,1,0.0
MBKH,1,0,1,1.0
MBKM,1,1,2,0.5
MBKN,1,1,2,0.5
MBKS,0,1,1,0.0
MBKb,1,1,2,0.5
MBKh,0,1,1,0.0
MBKl,2,0,2,1.0
MBKm,0,0,0,
MBKn,1,1,2,0.5
MBKs,3,0,3,1.0
MBLB,3,5,8,0.38
MBLD,0,1,1,0.0
MBLL,0,3,3,0.0
MBLM,1,2,3,0.33
MBLN,4,6,10,0.4
MBLP,4,6,10,0.4
MBLS,2,4,6,0.33
MBLb,7,1,8,0.88
MBLh,1,2,3,0.33
MBLj,2,2,4,0.5
MBLl,1,0,1,1.0
MBLm,3,1,4,0.75
MBLn,3,4,7,0.43
MBLs,3,1,4,0.75
MBLt,0,1,1,0.0
MBMB,8,8,16,0.5
MBMK,1,0,1,1.0
MBML,2,1,3,0.67
MBMM,4,4,8,0.5
MBMN,6,13,19,0.32
MBMP,12,18,30,0.4
MBMS,3,3,6,0.5
MBMb,15,9,24,0.62
MBMh,7,8,15,0.47
MBMj,2,1,3,0.67
MBMl,1,5,6,0.17
MBMm,5,5,10,0.5
MBMn,12,9,21,0.57
MBMs,1,2,3,0.33
MBMt,2,1,3,0.67
MBNB,11,14,25,0.44
MBND,0,1,1,0.0
MBNH,1,3,4,0.25
MBNK,0,0,0,
MBNL,2,0,2,1.0
MBNM,6,10,16,0.38
MBNN,16,18,34,0.47
MBNP,17,22,39,0.44
MBNS,6,5,11,0.55
MBNb,14,15,29,0.48
MBNh,2,6,8,0.25
MBNl,5,6,11,0.45
MBNm,8,11,19,0.42
MBNn,14,23,37,0.38
MBNs,6,9,15,0.4
MBNt,2,2,4,0.5
MBPB,8,15,23,0.35
MBPD,0,0,0,
MBPH,7,3,10,0.7
MBPI,1,0,1,1.0
MBPK,0,1,1,0.0
MBPL,9,8,17,0.53
MBPM,12,13,25,0.48
MBPN,11,15,26,0.42
MBPP,37,28,65,0.57
MBPS,10,2,12,0.83
MBPb,15,8,23,0.65
MBPh,0,1,1,0.0
MBPl,3,10,13,0.23
MBPm,21,7,28,0.75
MBPn,9,18,27,0.33
MBPs,9,7,16,0.56
MBPt,2,0,2,1.0
MBSB,5,6,11,0.45
MBSD,1,0,1,1.0
MBSH,3,1,4,0.75
MBSI,1,0,1,1.0
MBSL,2,3,5,0.4
MBSM,5,4,9,0.56
MBSN,4,6,10,0.4
MBSP,9,4,13,0.69
MBSS,2,7,9,0.22
MBSb,3,4,7,0.43
MBSh,1,2,3,0.33
MBSl,1,1,2,0.5
MBSm,4,4,8,0.5
MBSn,8,3,11,0.73
MBSs,2,6,8,0.25
MBSt,0,2,2,0.0
MBbB,11,11,22,0.5
MBbD,0,1,1,0.0
MBbH,7,4,11,0.64
MBbI,1,1,2,0.5
MBbJ,4,5,9,0.44
MBbK,1,1,2,0.5
MBbL,4,7,11,0.36
MBbM,7,12,19,0.37
MBbN,11,19,30,0.37
MBbP,19,12,31,0.61
MBbS,4,5,9,0.44
MBbb,8,10,18,0.44
MBbl,6,3,9,0.67
MBbm,10,9,19,0.53
MBbn,17,12,29,0.59
MBbs,3,3,6,0.5
MBhL,1,1,2,0.5
MBhM,0,2,2,0.0
MBhN,2,1,3,0.67
MBhP,1,1,2,0.5
MBhS,1,1,2,0.5
MBhb,1,2,3,0.33
MBhh,0,1,1,0.0
MBhl,1,1,2,0.5
MBhm,1,0,1,1.0
MBhn,2,1,3,0.67
MBhs,2,0,2,1.0
MBjB,7,1,8,0.88
MBjH,1,2,3,0.33
MBjI,0,0,0,
MBjK,1,0,1,1.0
MBjL,1,3,4,0.25
MBjM,1,6,7,0.14
MBjN,4,4,8,0.5
MBjP,7,5,12,0.58
MBjS,1,5,6,0.17
MBjb,6,3,9,0.67
MBjh,1,0,1,1.0
MBjl,0,1,1,0.0
MBjm,2,3,5,0.4
MBjn,3,6,9,0.33
MBjs,1,1,2,0.5
MBjt,1,2,3,0.33
MBlB,3,1,4,0.75
MBlH,1,1,2,0.5
MBlJ,1,0,1,1.0
MBlK,0,1,1,0.0
MBlL,2,0,2,1.0
MBlM,3,1,4,0.75
MBlN,6,4,10,0.6
MBlP,7,5,12,0.58
MBlS,1,5,6,0.17
MBlb,4,3,7,0.57
MBll,0,2,2,0.0
MBlm,5,2,7,0.71
MBln,3,4,7,0.43
MBls,3,3,6,0.5
MBmB,8,6,14,0.57
MBmH,7,5,12,0.58
MBmI,1,1,2,0.5
MBmJ,2,5,7,0.29
MBmL,1,1,2,0.5
MBmM,10,12,22,0.45
MBmN,8,19,27,0.3
MBmP,12,8,20,0.6
MBmS,5,6,11,0.45
MBmb,6,5,11,0.55
MBml,2,3,5,0.4
MBmm,9,6,15,0.6
MBmn,13,8,21,0.62
MBms,4,4,8,0.5
MBnB,14,11,25,0.56
MBnD,2,1,3,0.67
MBnH,3,6,9,0.33
MBnI,2,4,6,0.33
MBnK,3,1,4,0.75
MBnL,2,2,4,0.5
MBnM,8,18,26,0.31
MBnN,16,25,41,0.39
MBnP,18,23,41,0.44
MBnS,7,14,21,0.33
MBnb,18,15,33,0.55
MBnh,0,2,2,0.0
MBnl,9,6,15,0.6
MBnm,13,3,16,0.81
MBnn,19,14,33,0.58
MBns,11,9,20,0.55
MBsB,2,0,2,1.0
MBsH,3,3,6,0.5
MBsI,2,0,2,1.0
MBsL,3,1,4,0.75
MBsM,7,1,8,0.88
MBsN,7,4,11,0.64
MBsP,5,7,12,0.42
MBsS,7,7,14,0.5
MBsb,4,5,9,0.44
MBsl,1,1,2,0.5
MBsm,2,9,11,0.18
MBsn,5,2,7,0.71
MBss,4,4,8,0.5
MBtD,0,0,0,
MBtH,0,3,3,0.0
MBtI,1,0,1,1.0
MBtM,2,0,2,1.0
MBtN,4,1,5,0.8
MBtP,5,2,7,0.71
MBtb,3,5,8,0.38
MBtl,1,0,1,1.0
MBtm,3,0,3,1.0
MBtn,1,1,2,0.5
MBts,2,1,3,0.67
MDBD,1,0,1,1.0
MDBN,1,0,1,1.0
MDBP,0,3,3,0.0
MDBS,0,1,1,0.0
MDBb,2,1,3,0.67
MDBl,1,0,1,1.0
MDBm,1,0,1,1.0
MDBn,1,0,1,1.0
MDDS,0,1,1,0.0
MDHB,1,0,1,1.0
MDHD,0,0,0,
MDHM,0,0,0,
MDHN,1,0,1,1.0
MDHP,1,1,2,0.5
MDHS,0,1,1,0.0
MDHb,0,0,0,
MDHh,1,0,1,1.0
MDHm,3,0,3,1.0
MDHn,1,0,1,1.0
MDHs,0,0,0,
MDIb,1,0,1,1.0
MDLB,0,1,1,0.0
MDLP,1,0,1,1.0
MDLS,0,1,1,0.0
MDLm,0,1,1,0.0
MDMB,1,0,1,1.0
MDML,1,0,1,1.0
MDMM,1,0,1,1.0
MDMP,0,1,1,0.0
MDMS,0,2,2,0.0
MDMb,1,0,1,1.0
MDMh,1,0,1,1.0
MDMl,0,0,0,
MDMm,0,1,1,0.0
MDMn,0,1,1,0.0
MDMs,0,0,0,
MDNB,0,2,2,0.0
MDND,1,2,3,0.33
MDNL,1,2,3,0.33
MDNN,2,1,3,0.67
MDNS,0,1,1,0.0
MDNb,2,0,2,1.0
MDNm,0,0,0,
MDNn,1,1,2,0.5
MDNs,0,1,1,0.0
MDNt,0,1,1,0.0
MDPB,2,4,6,0.33
MDPD,1,0,1,1.0
MDPH,0,0,0,
MDPL,1,2,3,0.33
MDPM,0,1,1,0.0
MDPN,0,1,1,0.0
MDPP,2,1,3,0.67
MDPS,1,1,2,0.5
MDPb,0,3,3,0.0
MDPh,1,0,1,1.0
MDPm,3,0,3,1.0
MDPn,1,1,2,0.5
MDPs,1,0,1,1.0
MDPt,0,0,0,
MDSB,0,1,1,0.0
MDSH,0,1,1,0.0
MDSM,1,2,3,0.33
MDSN,0,3,3,0.0
MDSP,1,1,2,0.5
MDSS,1,0,1,1.0
MDSb,1,0,1,1.0
MDSh,1,1,2,0.5
MDSm,1,0,1,1.0
MDSn,1,2,3,0.33
MDSs,1,1,2,0.5
MDbH,1,0,1,1.0
MDbJ,0,1,1,0.0
MDbM,1,1,2,0.5
MDbN,1,0,1,1.0
MDbP,0,0,0,
MDbb,0,1,1,0.0
MDbm,0,1,1,0.0
MDbn,4,0,4,1.0
MDhP,1,0,1,1.0
MDlH,1,1,2,0.5
MDlN,0,0,0,
MDlP,1,0,1,1.0
MDlS,1,0,1,1.0
MDlb,1,0,1,1.0
MDlm,1,0,1,1.0
MDln,1,1,2,0.5
MDmB,1,2,3,0.33
MDmH,0,1,1,0.0
MDmJ,1,0,1,1.0
MDmL,1,1,2,0.5
MDmM,3,2,5,0.6
MDmN,0,4,4,0.0
MDmP,1,2,3,0.33
MDmS,0,2,2,0.0
MDmb,0,1,1,0.0
MDml,1,0,1,1.0
MDmm,2,1,3,0.67
MDmn,1,0,1,1.0
MDnB,0,1,1,0.0
MDnL,0,0,0,
MDnM,1,1,2,0.5
MDnN,1,1,2,0.5
MDnP,1,1,2,0.5
MDnS,1,0,1,1.0
MDnn,0,1,1,0.0
MDns,0,1,1,0.0
MDsD,0,0,0,
MDsH,2,0,2,1.0
MDsL,1,0,1,1.0
MDsN,0,0,0,
MDsS,2,2,4,0.5
MDsb,0,0,0,
MDsl,1,0,1,1.0
MDsm,1,0,1,1.0
MDtM,0,1,1,0.0
MHBM,1,0,1,1.0
MHBS,0,1,1,0.0
MHBb,1,0,1,1.0
MHBm,1,0,1,1.0
MHBs,1,0,1,1.0
MHLm,2,0,2,1.0
MHMB,0,1,1,0.0
MHMM,0,1,1,0.0
MHMs,0,2,2,0.0
MHPl,0,1,1,0.0
MHPm,1,0,1,1.0
MHSH,0,1,1,0.0
MHnH,1,0,1,1.0
MHnM,0,1,1,0.0
MHnN,0,0,0,
MHnh,0,0,0,
MHsS,1,0,1,1.0
MIMD,1,0,1,1.0
MIMS,1,0,1,1.0
MINP,0,1,1,0.0
MIPM,1,0,1,1.0
MISM,1,0,1,1.0
MInP,1,0,1,1.0
MInS,1,0,1,1.0
MKMB,1,0,1,1.0
MKMh,0,1,1,0.0
MKMn,1,0,1,1.0
MKNP,1,0,1,1.0
MKNb,1,0,1,1.0
MKPN,0,1,1,0.0
MKSP,0,0,0,
MKSS,0,0,0,
MKSb,1,0,1,1.0
MKbH,1,0,1,1.0
MKbL,1,0,1,1.0
MKhh,0,1,1,0.0
MKhm,1,0,1,1.0
MKmS,0,0,0,
MKnm,0,1,1,0.0
MKnn,1,0,1,1.0
MKsB,1,0,1,1.0
MLBB,3,8,11,0.27
MLBL,1,2,3,0.33
MLBM,2,6,8,0.25
MLBN,1,6,7,0.14
MLBP,5,6,11,0.45
MLBS,1,0,1,1.0
MLBb,10,10,20,0.5
MLBh,0,1,1,0.0
MLBl,2,0,2,1.0
MLBm,5,1,6,0.83
MLBn,2,4,6,0.33
MLBs,2,2,4,0.5
MLDB,2,0,2,1.0
MLDH,0,2,2,0.0
MLDM,0,1,1,0.0
MLDS,0,1,1,0.0
MLDm,0,1,1,0.0
MLDn,0,1,1,0.0
MLDs,1,0,1,1.0
MLHP,0,1,1,0.0
MLHS,0,1,1,0.0
MLHs,0,1,1,0.0
MLKH,0,1,1,0.0
MLKS,1,2,3,0.33
MLKh,2,0,2,1.0
MLKs,0,2,2,0.0
MLLB,1,4,5,0.2
MLLM,0,1,1,0.0
MLLN,0,1,1,0.0
MLLP,2,2,4,0.5
MLLS,1,1,2,0.5
MLLb,2,1,3,0.67
MLLh,1,1,2,0.5
MLLj,2,1,3,0.67
MLLl,1,0,1,1.0
MLLm,0,1,1,0.0
MLLn,1,0,1,1.0
MLLs,2,2,4,0.5
MLLt,0,1,1,0.0
MLMB,3,3,6,0.5
MLML,1,1,2,0.5
MLMM,1,6,7,0.14
MLMN,3,2,5,0.6
MLMP,7,4,11,0.64
MLMS,0,1,1,0.0
MLMb,3,4,7,0.43
MLMh,2,3,5,0.4
MLMj,2,2,4,0.5
MLMm,6,0,6,1.0
MLMn,5,5,10,0.5
MLMs,2,0,2,1.0
MLMt,1,0,1,1.0
MLNB,2,3,5,0.4
MLNH,1,1,2,0.5
MLNL,0,1,1,0.0
MLNM,1,4,5,0.2
MLNN,8,5,13,0.62
MLNP,12,6,18,0.67
MLNS,6,2,8,0.75
MLNb,6,5,11,0.55
MLNh,1,4,5,0.2
MLNl,1,0,1,1.0
MLNm,5,2,7,0.71
MLNn,5,7,12,0.42
MLNs,2,3,5,0.4
MLNt,1,1,2,0.5
MLPB,7,7,14,0.5
MLPH,1,2,3,0.33
MLPI,0,1,1,0.0
MLPK,1,1,2,0.5
MLPL,2,3,5,0.4
MLPM,5,8,13,0.38
MLPN,5,10,15,0.33
MLPP,6,7,13,0.46
MLPS,7,4,11,0.64
MLPb,6,6,12,0.5
MLPl,2,3,5,0.4
MLPm,5,7,12,0.42
MLPn,5,6,11,0.45
MLPs,1,2,3,0.33
MLSB,2,2,4,0.5
MLSH,2,1,3,0.67
MLSL,0,1,1,0.0
MLSM,1,4,5,0.2
MLSN,5,3,8,0.62
MLSP,5,6,11,0.45
MLSS,4,2,6,0.67
MLSb,3,2,5,0.6
MLSh,2,1,3,0.67
MLSl,1,1,2,0.5
MLSm,0,1,1,0.0
MLSn,0,3,3,0.0
MLSs,4,1,5,0.8
MLSt,1,0,1,1.0
MLbB,5,6,11,0.45
MLbD,0,1,1,0.0
MLbH,1,2,3,0.33
MLbI,0,1,1,0.0
MLbJ,2,0,2,1.0
MLbL,1,2,3,0.33
MLbM,2,2,4,0.5
MLbN,6,5,11,0.55
MLbP,6,5,11,0.55
MLbS,3,3,6,0.5
MLbb,6,2,8,0.75
MLbm,1,2,3,0.33
MLbn,3,6,9,0.33
MLbs,3,3,6,0.5
MLhB,0,1,1,0.0
MLhD,1,0,1,1.0
MLhL,1,3,4,0.25
MLhN,4,1,5,0.8
MLhP,3,3,6,0.5
MLhS,0,2,2,0.0
MLhb,2,0,2,1.0
MLhh,2,2,4,0.5
MLhl,1,0,1,1.0
MLhm,2,0,2,1.0
MLhn,3,3,6,0.5
MLhs,1,2,3,0.33
MLjB,1,2,3,0.33
MLjH,1,0,1,1.0
MLjM,1,2,3,0.33
MLjN,1,2,3,0.33
MLjP,0,2,2,0.0
MLjb,4,1,5,0.8
MLjh,0,0,0,
MLjm,3,1,4,0.75
MLjn,3,1,4,0.75
MLjs,2,0,2,1.0
MLlB,2,1,3,0.67
MLlH,1,3,4,0.25
MLlJ,1,1,2,0.5
MLlL,3,1,4,0.75
MLlM,0,1,1,0.0
MLlN,1,0,1,1.0
MLlP,1,0,1,1.0
MLlS,1,0,1,1.0
MLlb,1,0,1,1.0
MLll,0,1,1,0.0
MLlm,0,3,3,0.0
MLln,1,0,1,1.0
MLls,0,2,2,0.0
MLmB,3,4,7,0.43
MLmH,3,3,6,0.5
MLmL,2,2,4,0.5
MLmM,2,4,6,0.33
MLmN,6,4,10,0.6
MLmP,3,5,8,0.38
MLmS,4,4,8,0.5
MLmb,4,1,5,0.8
MLml,1,1,2,0.5
MLmm,3,5,8,0.38
MLmn,2,3,5,0.4
MLms,1,3,4,0.25
MLnB,6,2,8,0.75
MLnD,1,0,1,1.0
MLnH,1,2,3,0.33
MLnI,3,1,4,0.75
MLnK,1,0,1,1.0
MLnL,2,1,3,0.67
MLnM,5,2,7,0.71
MLnN,10,6,16,0.62
MLnP,7,9,16,0.44
MLnS,2,4,6,0.33
MLnb,1,2,3,0.33
MLnh,0,0,0,
MLnl,2,0,2,1.0
MLnm,3,3,6,0.5
MLnn,2,6,8,0.25
MLns,4,4,8,0.5
MLsB,0,2,2,0.0
MLsD,1,0,1,1.0
MLsH,2,2,4,0.5
MLsM,3,3,6,0.5
MLsN,4,3,7,0.57
MLsP,5,5,10,0.5
MLsS,2,3,5,0.4
MLsb,4,3,7,0.57
MLsl,0,1,1,0.0
MLsm,2,3,5,0.4
MLsn,1,3,4,0.25
MLss,1,0,1,1.0
MLtB,1,0,1,1.0
MLtM,2,0,2,1.0
MLtN,0,1,1,0.0
MLtP,0,1,1,0.0
MLtb,1,0,1,1.0
MLtn,2,1,3,0.67
MLts,1,0,1,1.0
MMBB,9,14,23,0.39
MMBD,1,1,2,0.5
MMBK,1,0,1,1.0
MMBL,1,1,2,0.5
MMBM,8,7,15,0.53
MMBN,12,16,28,0.43
MMBP,8,9,17,0.47
MMBS,2,2,4,0.5
MMBb,12,12,24,0.5
MMBh,2,2,4,0.5
MMBj,3,5,8,0.38
MMBl,2,3,5,0.4
MMBm,11,6,17,0.65
MMBn,15,10,25,0.6
MMBs,3,6,9,0.33
MMBt,2,3,5,0.4
MMDB,0,2,2,0.0
MMDH,0,2,2,0.0
MMDL,0,0,0,
MMDN,0,0,0,
MMDP,1,2,3,0.33
MMDl,1,0,1,1.0
MMDm,3,1,4,0.75
MMHP,0,1,1,0.0
MMLB,2,1,3,0.67
MMLK,1,0,1,1.0
MMLM,5,1,6,0.83
MMLN,4,3,7,0.57
MMLP,3,6,9,0.33
MMLS,4,0,4,1.0
MMLb,4,5,9,0.44
MMLh,2,1,3,0.67
MMLj,3,1,4,0.75
MMLl,1,0,1,1.0
MMLm,1,0,1,1.0
MMLn,1,3,4,0.25
MMLs,1,2,3,0.33
MMMB,6,10,16,0.38
MMMD,1,1,2,0.5
MMML,2,1,3,0.67
MMMM,0,5,5,0.0
MMMN,6,11,17,0.35
MMMP,9,12,21,0.43
MMMS,6,6,12,0.5
MMMb,13,4,17,0.76
MMMh,0,5,5,0.0
MMMj,4,2,6,0.67
MMMl,1,4,5,0.2
MMMm,6,9,15,0.4
MMMn,10,12,22,0.45
MMMs,3,3,6,0.5
MMMt,0,3,3,0.0
MMNB,8,7,15,0.53
MMND,1,0,1,1.0
MMNH,1,1,2,0.5
MMNI,1,0,1,1.0
MMNL,3,5,8,0.38
MMNM,6,4,10,0.6
MMNN,6,10,16,0.38
MMNP,21,24,45,0.47
MMNS,3,6,9,0.33
MMNb,7,12,19,0.37
MMNh,4,3,7,0.57
MMNl,3,3,6,0.5
MMNm,9,6,15,0.6
MMNn,6,18,24,0.25
MMNs,8,2,10,0.8
MMNt,0,3,3,0.0
MMPB,19,15,34,0.56
MMPD,2,0,2,1.0
MMPH,2,2,4,0.5
MMPK,1,3,4,0.25
MMPL,9,2,11,0.82
MMPM,7,14,21,0.33
MMPN,8,17,25,0.32
MMPP,17,16,33,0.52
MMPS,9,11,20,0.45
MMPb,11,10,21,0.52
MMPh,4,2,6,0.67
MMPl,7,6,13,0.54
MMPm,12,9,21,0.57
MMPn,9,20,29,0.31
MMPs,6,8,14,0.43
MMPt,1,1,2,0.5
MMSB,0,3,3,0.0
MMSH,3,4,7,0.43
MMSK,0,1,1,0.0
MMSL,0,2,2,0.0
MMSM,4,7,11,0.36
MMSN,7,6,13,0.54
MMSP,2,4,6,0.33
MMSS,4,3,7,0.57
MMSb,2,4,6,0.33
MMSh,3,3,6,0.5
MMSl,0,3,3,0.0
MMSm,5,7,12,0.42
MMSn,4,4,8,0.5
MMSs,6,1,7,0.86
MMSt,0,0,0,
MMbB,12,5,17,0.71
MMbD,2,1,3,0.67
MMbH,2,5,7,0.29
MMbI,0,0,0,
MMbJ,2,4,6,0.33
MMbK,0,1,1,0.0
MMbL,2,4,6,0.33
MMbM,9,13,22,0.41
MMbN,19,13,32,0.59
MMbP,21,17,38,0.55
MMbS,5,12,17,0.29
MMbb,8,6,14,0.57
MMbl,5,2,7,0.71
MMbm,7,8,15,0.47
MMbn,12,13,25,0.48
MMbs,8,1,9,0.89
MMhB,1,5,6,0.17
MMhD,2,0,2,1.0
MMhH,0,2,2,0.0
MMhL,3,3,6,0.5
MMhM,5,5,10,0.5
MMhN,10,6,16,0.62
MMhP,5,14,19,0.26
MMhS,2,4,6,0.33
MMhb,8,3,11,0.73
MMhh,2,5,7,0.29
MMhl,1,6,7,0.14
MMhm,3,6,9,0.33
MMhn,6,7,13,0.46
MMhs,10,6,16,0.62
MMht,1,2,3,0.33
MMjB,1,3,4,0.25
MMjD,0,1,1,0.0
MMjH,2,1,3,0.67
MMjI,1,1,2,0.5
MMjK,0,1,1,0.0
MMjL,0,1,1,0.0
MMjM,2,3,5,0.4
MMjN,1,3,4,0.25
MMjP,0,0,0,
MMjS,2,1,3,0.67
MMjb,2,1,3,0.67
MMjh,0,1,1,0.0
MMjl,1,0,1,1.0
MMjm,1,3,4,0.25
MMjn,2,5,7,0.29
MMjs,1,0,1,1.0
MMjt,1,0,1,1.0
MMlB,2,3,5,0.4
MMlH,3,0,3,1.0
MMlI,1,0,1,1.0
MMlJ,5,0,5,1.0
MMlK,0,1,1,0.0
MMlM,2,1,3,0.67
MMlN,6,7,13,0.46
MMlP,5,3,8,0.62
MMlS,1,0,1,1.0
MMlb,2,6,8,0.25
MMll,0,3,3,0.0
MMlm,3,0,3,1.0
MMln,1,3,4,0.25
MMls,1,3,4,0.25
MMmB,10,4,14,0.71
MMmD,2,1,3,0.67
MMmH,8,10,18,0.44
MMmI,0,1,1,0.0
MMmJ,3,1,4,0.75
MMmL,2,5,7,0.29
MMmM,6,9,15,0.4
MMmN,8,11,19,0.42
MMmP,14,10,24,0.58
MMmS,3,5,8,0.38
MMmb,5,9,14,0.36
MMml,3,3,6,0.5
MMmm,3,4,7,0.43
MMmn,10,10,20,0.5
MMms,7,1,8,0.88
MMnB,10,7,17,0.59
MMnD,3,0,3,1.0
MMnH,8,2,10,0.8
MMnI,1,3,4,0.25
MMnK,0,1,1,0.0
MMnL,4,6,10,0.4
MMnM,10,7,17,0.59
MMnN,18,24,42,0.43
MMnP,20,17,37,0.54
MMnS,20,11,31,0.65
MMnb,18,13,31,0.58
MMnh,1,0,1,1.0
MMnl,5,1,6,0.83
MMnm,9,8,17,0.53
MMnn,16,16,32,0.5
MMns,6,9,15,0.4
MMsB,2,2,4,0.5
MMsH,6,6,12,0.5
MMsI,1,0,1,1.0
MMsL,2,4,6,0.33
MMsM,9,7,16,0.56
MMsN,11,6,17,0.65
MMsP,10,10,20,0.5
MMsS,2,7,9,0.22
MMsb,0,3,3,0.0
MMsh,0,1,1,0.0
MMsl,2,1,3,0.67
MMsm,11,9,20,0.55
MMsn,4,6,10,0.4
MMss,7,4,11,0.64
MMtB,1,0,1,1.0
MMtH,0,1,1,0.0
MMtL,2,0,2,1.0
MMtM,0,4,4,0.0
MMtN,1,1,2,0.5
MMtP,1,3,4,0.25
MMtS,0,0,0,
MMtb,5,0,5,1.0
MMtm,0,2,2,0.0
MMtn,0,3,3,0.0
MMts,1,1,2,0.5
MNBB,11,7,18,0.61
MNBD,2,1,3,0.67
MNBK,0,2,2,0.0
MNBL,1,2,3,0.33
MNBM,7,4,11,0.64
MNBN,13,22,35,0.37
MNBP,10,10,20,0.5
MNBS,4,5,9,0.44
MNBb,6,8,14,0.43
MNBh,2,1,3,0.67
MNBj,6,3,9,0.67
MNBl,3,4,7,0.43
MNBm,7,5,12,0.58
MNBn,7,15,22,0.32
MNBs,5,4,9,0.56
MNBt,2,1,3,0.67
MNDB,2,0,2,1.0
MNDD,0,1,1,0.0
MNDH,1,0,1,1.0
MNDL,0,2,2,0.0
MNDN,1,0,1,1.0
MNDP,2,0,2,1.0
MNDS,1,1,2,0.5
MNDb,0,2,2,0.0
MNDl,0,0,0,
MNDm,0,1,1,0.0
MNDn,3,2,5,0.6
MNDs,0,1,1,0.0
MNHB,0,0,0,
MNHH,0,0,0,
MNHL,0,1,1,0.0
MNHM,3,2,5,0.6
MNHN,1,5,6,0.17
MNHP,3,3,6,0.5
MNHS,2,7,9,0.22
MNHh,1,0,1,1.0
MNHm,4,0,4,1.0
MNHn,0,3,3,0.0
MNHs,0,0,0,
MNIM,1,0,1,1.0
MNIN,0,1,1,0.0
MNIP,0,0,0,
MNKB,0,1,1,0.0
MNKM,0,1,1,0.0
MNKN,1,0,1,1.0
MNKP,3,1,4,0.75
MNKS,1,1,2,0.5
MNKb,0,2,2,0.0
MNKh,1,2,3,0.33
MNKl,0,2,2,0.0
MNKn,1,0,1,1.0
MNKs,0,1,1,0.0
MNLB,5,2,7,0.71
MNLL,0,1,1,0.0
MNLM,3,4,7,0.43
MNLN,3,4,7,0.43
MNLP,9,3,12,0.75
MNLS,3,1,4,0.75
MNLb,3,4,7,0.43
MNLh,4,1,5,0.8
MNLj,0,2,2,0.0
MNLl,1,2,3,0.33
MNLm,2,2,4,0.5
MNLn,4,9,13,0.31
MNLs,3,1,4,0.75
MNLt,0,1,1,0.0
MNMB,4,12,16,0.25
MNMD,1,1,2,0.5
MNML,1,2,3,0.33
MNMM,6,5,11,0.55
MNMN,10,9,19,0.53
MNMP,13,5,18,0.72
MNMS,4,5,9,0.44
MNMb,4,6,10,0.4
MNMh,6,4,10,0.6
MNMj,1,0,1,1.0
MNMl,2,1,3,0.67
MNMm,8,7,15,0.53
MNMn,15,18,33,0.45
MNMs,3,5,8,0.38
MNMt,0,0,0,
MNNB,10,10,20,0.5
MNND,4,0,4,1.0
MNNH,3,3,6,0.5
MNNK,1,1,2,0.5
MNNL,2,2,4,0.5
MNNM,7,6,13,0.54
MNNN,17,15,32,0.53
MNNP,11,30,41,0.27
MNNS,10,9,19,0.53
MNNb,15,7,22,0.68
MNNh,2,5,7,0.29
MNNl,1,7,8,0.12
MNNm,8,12,20,0.4
MNNn,21,17,38,0.55
MNNs,8,9,17,0.47
MNNt,4,3,7,0.57
MNPB,13,16,29,0.45
MNPD,2,3,5,0.4
MNPH,3,6,9,0.33
MNPI,2,2,4,0.5
MNPK,1,0,1,1.0
MNPL,9,6,15,0.6
MNPM,15,16,31,0.48
MNPN,21,31,52,0.4
MNPP,25,32,57,0.44
MNPS,12,7,19,0.63
MNPb,21,22,43,0.49
MNPh,2,1,3,0.67
MNPl,8,10,18,0.44
MNPm,13,15,28,0.46
MNPn,25,24,49,0.51
MNPs,22,16,38,0.58
MNPt,2,1,3,0.67
MNSB,5,6,11,0.45
MNSD,0,2,2,0.0
MNSH,5,3,8,0.62
MNSK,0,0,0,
MNSL,2,1,3,0.67
MNSM,5,3,8,0.62
MNSN,7,7,14,0.5
MNSP,9,10,19,0.47
MNSS,7,8,15,0.47
MNSb,6,7,13,0.46
MNSh,7,6,13,0.54
MNSl,6,2,8,0.75
MNSm,9,3,12,0.75
MNSn,12,6,18,0.67
MNSs,3,7,10,0.3
MNSt,0,1,1,0.0
MNbB,7,6,13,0.54
MNbD,3,2,5,0.6
MNbH,5,2,7,0.71
MNbI,1,1,2,0.5
MNbJ,3,4,7,0.43
MNbL,2,7,9,0.22
MNbM,7,14,21,0.33
MNbN,10,10,20,0.5
MNbP,11,13,24,0.46
MNbS,9,6,15,0.6
MNbb,5,5,10,0.5
MNbl,1,3,4,0.25
MNbm,8,3,11,0.73
MNbn,7,8,15,0.47
MNbs,10,3,13,0.77
MNhB,7,3,10,0.7
MNhD,2,0,2,1.0
MNhH,0,0,0,
MNhI,1,0,1,1.0
MNhL,1,1,2,0.5
MNhM,3,0,3,1.0
MNhN,3,1,4,0.75
MNhP,4,8,12,0.33
MNhS,0,0,0,
MNhb,4,0,4,1.0
MNhh,4,5,9,0.44
MNhl,1,2,3,0.33
MNhm,7,2,9,0.78
MNhn,2,6,8,0.25
MNhs,4,2,6,0.67
MNlB,5,3,8,0.62
MNlD,2,2,4,0.5
MNlH,5,5,10,0.5
MNlI,1,1,2,0.5
MNlJ,1,1,2,0.5
MNlL,2,1,3,0.67
MNlM,4,7,11,0.36
MNlN,9,4,13,0.69
MNlP,9,4,13,0.69
MNlS,2,4,6,0.33
MNlb,4,4,8,0.5
MNll,3,2,5,0.6
MNlm,2,0,2,1.0
MNln,7,4,11,0.64
MNls,2,3,5,0.4
MNmB,8,11,19,0.42
MNmH,3,9,12,0.25
MNmI,0,2,2,0.0
MNmJ,1,2,3,0.33
MNmL,2,3,5,0.4
MNmM,10,10,20,0.5
MNmN,17,14,31,0.55
MNmP,12,4,16,0.75
MNmS,7,6,13,0.54
MNmb,3,3,6,0.5
MNml,1,2,3,0.33
MNmm,9,3,12,0.75
MNmn,9,16,25,0.36
MNms,8,7,15,0.53
MNnB,14,8,22,0.64
MNnD,3,0,3,1.0
MNnH,8,14,22,0.36
MNnI,0,4,4,0.0
MNnK,1,1,2,0.5
MNnL,2,7,9,0.22
MNnM,16,12,28,0.57
MNnN,17,20,37,0.46
MNnP,26,27,53,0.49
MNnS,16,9,25,0.64
MNnb,18,11,29,0.62
MNnh,0,1,1,0.0
MNnl,6,2,8,0.75
MNnm,12,10,22,0.55
MNnn,25,21,46,0.54
MNns,13,9,22,0.59
MNsB,7,4,11,0.64
MNsD,1,0,1,1.0
MNsH,8,9,17,0.47
MNsL,5,3,8,0.62
MNsM,3,11,14,0.21
MNsN,9,8,17,0.53
MNsP,10,5,15,0.67
MNsS,9,9,18,0.5
MNsb,6,1,7,0.86
MNsh,0,1,1,0.0
MNsl,2,3,5,0.4
MNsm,10,3,13,0.77
MNsn,10,8,18,0.56
MNss,4,7,11,0.36
MNtB,2,1,3,0.67
MNtH,0,1,1,0.0
MNtM,0,3,3,0.0
MNtN,2,3,5,0.4
MNtP,3,3,6,0.5
MNtS,0,3,3,0.0
MNtb,3,1,4,0.75
MNth,0,1,1,0.0
MNtl,2,0,2,1.0
MNtm,1,1,2,0.5
MNtn,5,4,9,0.56
MNts,1,0,1,1.0
MPBB,9,17,26,0.35
MPBD,0,2,2,0.0
MPBK,0,0,0,
MPBL,4,3,7,0.57
MPBM,8,11,19,0.42
MPBN,9,16,25,0.36
MPBP,15,15,30,0.5
MPBS,10,6,16,0.62
MPBb,14,15,29,0.48
MPBh,4,2,6,0.67
MPBj,7,3,10,0.7
MPBl,3,7,10,0.3
MPBm,8,5,13,0.62
MPBn,22,18,40,0.55
MPBs,3,6,9,0.33
MPBt,4,3,7,0.57
MPDB,1,0,1,1.0
MPDH,1,1,2,0.5
MPDL,1,0,1,1.0
MPDM,0,2,2,0.0
MPDN,0,1,1,0.0
MPDP,3,4,7,0.43
MPDS,0,2,2,0.0
MPDb,0,1,1,0.0
MPDm,0,1,1,0.0
MPDn,1,0,1,1.0
MPDs,0,2,2,0.0
MPHB,1,5,6,0.17
MPHL,2,1,3,0.67
MPHM,5,4,9,0.56
MPHN,3,2,5,0.6
MPHP,8,5,13,0.62
MPHS,4,2,6,0.67
MPHb,5,4,9,0.56
MPHh,1,2,3,0.33
MPHl,2,2,4,0.5
MPHm,2,3,5,0.4
MPHn,4,5,9,0.44
MPHs,2,2,4,0.5
MPIB,0,0,0,
MPIH,2,1,3,0.67
MPIM,1,0,1,1.0
MPIN,1,2,3,0.33
MPIP,0,2,2,0.0
MPIS,2,1,3,0.67
MPIb,1,1,2,0.5
MPIm,1,4,5,0.2
MPIs,1,0,1,1.0
MPKB,1,1,2,0.5
MPKI,0,0,0,
MPKM,2,4,6,0.33
MPKN,1,0,1,1.0
MPKP,4,4,8,0.5
MPKS,1,2,3,0.33
MPKb,2,0,2,1.0
MPKh,1,0,1,1.0
MPKl,1,1,2,0.5
MPKm,1,1,2,0.5
MPKn,1,0,1,1.0
MPKs,1,0,1,1.0
MPLB,8,4,12,0.67
MPLD,1,0,1,1.0
MPLK,0,1,1,0.0
MPLL,2,1,3,0.67
MPLM,5,2,7,0.71
MPLN,6,7,13,0.46
MPLP,14,12,26,0.54
MPLS,1,6,7,0.14
MPLb,5,6,11,0.45
MPLh,3,4,7,0.43
MPLj,2,5,7,0.29
MPLl,4,4,8,0.5
MPLm,4,2,6,0.67
MPLn,8,4,12,0.67
MPLs,3,4,7,0.43
MPLt,2,1,3,0.67
MPMB,5,18,23,0.22
MPMD,1,2,3,0.33
MPML,5,3,8,0.62
MPMM,17,8,25,0.68
MPMN,9,13,22,0.41
MPMP,10,15,25,0.4
MPMS,8,9,17,0.47
MPMb,12,14,26,0.46
MPMh,9,8,17,0.53
MPMj,3,1,4,0.75
MPMl,7,7,14,0.5
MPMm,11,11,22,0.5
MPMn,16,9,25,0.64
MPMs,12,6,18,0.67
MPMt,1,2,3,0.33
MPNB,10,20,30,0.33
MPND,2,0,2,1.0
MPNH,3,3,6,0.5
MPNK,2,2,4,0.5
MPNL,3,1,4,0.75
MPNM,16,18,34,0.47
MPNN,14,13,27,0.52
MPNP,24,27,51,0.47
MPNS,12,11,23,0.52
MPNb,19,16,35,0.54
MPNh,9,4,13,0.69
MPNl,5,7,12,0.42
MPNm,12,7,19,0.63
MPNn,24,26,50,0.48
MPNs,8,11,19,0.42
MPNt,2,2,4,0.5
MPPB,23,21,44,0.52
MPPD,7,2,9,0.78
MPPH,8,5,13,0.62
MPPI,2,0,2,1.0
MPPK,2,3,5,0.4
MPPL,14,16,30,0.47
MPPM,22,26,48,0.46
MPPN,20,25,45,0.44
MPPP,38,40,78,0.49
MPPS,20,23,43,0.47
MPPb,28,30,58,0.48
MPPh,1,3,4,0.25
MPPl,15,9,24,0.62
MPPm,31,21,52,0.6
MPPn,23,18,41,0.56
MPPs,21,9,30,0.7
MPPt,1,1,2,0.5
MPSB,7,13,20,0.35
MPSH,6,7,13,0.46
MPSL,6,4,10,0.6
MPSM,11,9,20,0.55
MPSN,8,8,16,0.5
MPSP,16,19,35,0.46
MPSS,4,15,19,0.21
MPSb,5,9,14,0.36
MPSh,5,10,15,0.33
MPSl,8,5,13,0.62
MPSm,14,11,25,0.56
MPSn,14,10,24,0.58
MPSs,14,9,23,0.61
MPSt,3,1,4,0.75
MPbB,7,11,18,0.39
MPbD,1,1,2,0.5
MPbH,4,1,5,0.8
MPbI,1,1,2,0.5
MPbJ,4,6,10,0.4
MPbK,2,0,2,1.0
MPbL,1,4,5,0.2
MPbM,18,18,36,0.5
MPbN,28,20,48,0.58
MPbP,20,16,36,0.56
MPbS,8,4,12,0.67
MPbb,23,20,43,0.53
MPbl,7,6,13,0.54
MPbm,12,9,21,0.57
MPbn,18,7,25,0.72
MPbs,7,9,16,0.44
MPhB,3,0,3,1.0
MPhI,1,0,1,1.0
MPhL,0,0,0,
MPhM,1,3,4,0.25
MPhN,1,4,5,0.2
MPhP,5,4,9,0.56
MPhb,3,2,5,0.6
MPhh,2,4,6,0.33
MPhl,0,1,1,0.0
MPhm,2,1,3,0.67
MPhn,2,2,4,0.5
MPhs,3,1,4,0.75
MPht,0,1,1,0.0
MPlB,6,5,11,0.55
MPlD,2,1,3,0.67
MPlH,3,5,8,0.38
MPlI,1,0,1,1.0
MPlJ,1,2,3,0.33
MPlK,0,1,1,0.0
MPlL,3,4,7,0.43
MPlM,10,7,17,0.59
MPlN,6,7,13,0.46
MPlP,13,6,19,0.68
MPlS,7,3,10,0.7
MPlb,7,6,13,0.54
MPll,5,1,6,0.83
MPlm,4,6,10,0.4
MPln,5,3,8,0.62
MPls,5,5,10,0.5
MPmB,11,11,22,0.5
MPmD,2,2,4,0.5
MPmH,10,13,23,0.43
MPmI,2,2,4,0.5
MPmJ,6,3,9,0.67
MPmL,1,2,3,0.33
MPmM,13,15,28,0.46
MPmN,17,19,36,0.47
MPmP,17,20,37,0.46
MPmS,3,5,8,0.38
MPmb,20,10,30,0.67
MPml,5,9,14,0.36
MPmm,22,6,28,0.79
MPmn,14,6,20,0.7
MPms,2,10,12,0.17
MPnB,6,20,26,0.23
MPnD,1,0,1,1.0
MPnH,6,12,18,0.33
MPnI,2,5,7,0.29
MPnK,1,0,1,1.0
MPnL,4,7,11,0.36
MPnM,13,12,25,0.52
MPnN,18,20,38,0.47
MPnP,24,30,54,0.44
MPnS,12,19,31,0.39
MPnb,10,15,25,0.4
MPnh,1,0,1,1.0
MPnl,7,8,15,0.47
MPnm,16,9,25,0.64
MPnn,25,13,38,0.66
MPns,23,12,35,0.66
MPsB,6,5,11,0.55
MPsD,1,2,3,0.33
MPsH,10,9,19,0.53
MPsI,1,1,2,0.5
MPsK,1,0,1,1.0
MPsL,4,6,10,0.4
MPsM,15,8,23,0.65
MPsN,12,12,24,0.5
MPsP,11,21,32,0.34
MPsS,11,12,23,0.48
MPsb,7,7,14,0.5
MPsl,2,2,4,0.5
MPsm,7,8,15,0.47
MPsn,8,11,19,0.42
MPss,12,12,24,0.5
MPst,0,1,1,0.0
MPtB,1,1,2,0.5
MPtH,2,3,5,0.4
MPtL,3,1,4,0.75
MPtM,1,2,3,0.33
MPtN,0,0,0,
MPtP,8,4,12,0.67
MPtS,1,3,4,0.25
MPtb,1,1,2,0.5
MPtl,1,2,3,0.33
MPtm,3,0,3,1.0
MPtn,2,1,3,0.67
MPts,0,1,1,0.0
MPtt,1,0,1,1.0
MSBB,4,2,6,0.67
MSBD,2,0,2,1.0
MSBL,1,1,2,0.5
MSBM,5,6,11,0.45
MSBN,6,4,10,0.6
MSBP,8,7,15,0.53
MSBS,4,1,5,0.8
MSBb,9,5,14,0.64
MSBj,2,2,4,0.5
MSBl,3,2,5,0.6
MSBm,5,6,11,0.45
MSBn,2,7,9,0.22
MSBs,2,6,8,0.25
MSBt,1,1,2,0.5
MSDB,1,0,1,1.0
MSDH,1,0,1,1.0
MSDL,0,1,1,0.0
MSDM,0,1,1,0.0
MSDP,0,1,1,0.0
MSDS,1,2,3,0.33
MSDb,0,1,1,0.0
MSDm,1,1,2,0.5
MSDn,1,0,1,1.0
MSDt,1,0,1,1.0
MSHH,1,0,1,1.0
MSHI,2,1,3,0.67
MSHK,1,0,1,1.0
MSHL,2,0,2,1.0
MSHM,3,0,3,1.0
MSHN,2,5,7,0.29
MSHP,3,3,6,0.5
MSHS,7,2,9,0.78
MSHb,0,4,4,0.0
MSHh,0,3,3,0.0
MSHl,2,2,4,0.5
MSHm,3,2,5,0.6
MSHn,3,5,8,0.38
MSHs,5,1,6,0.83
MSIn,1,0,1,1.0
MSKb,0,0,0,
MSKh,0,0,0,
MSKm,1,0,1,1.0
MSKs,0,1,1,0.0
MSLB,0,1,1,0.0
MSLL,1,0,1,1.0
MSLM,1,2,3,0.33
MSLN,2,3,5,0.4
MSLP,7,0,7,1.0
MSLS,1,0,1,1.0
MSLb,4,6,10,0.4
MSLh,1,0,1,1.0
MSLj,0,1,1,0.0
MSLl,1,0,1,1.0
MSLm,1,4,5,0.2
MSLn,5,4,9,0.56
MSLs,0,3,3,0.0
MSLt,1,0,1,1.0
MSMB,4,3,7,0.57
MSMI,1,0,1,1.0
MSML,2,3,5,0.4
MSMM,4,5,9,0.44
MSMN,4,7,11,0.36
MSMP,8,4,12,0.67
MSMS,6,5,11,0.55
MSMb,6,5,11,0.55
MSMh,0,7,7,0.0
MSMj,2,2,4,0.5
MSMl,2,3,5,0.4
MSMm,4,0,4,1.0
MSMn,5,7,12,0.42
MSMs,6,0,6,1.0
MSNB,2,5,7,0.29
MSNH,1,3,4,0.25
MSNK,0,1,1,0.0
MSNL,2,5,7,0.29
MSNM,6,7,13,0.46
MSNN,11,7,18,0.61
MSNP,9,6,15,0.6
MSNS,3,1,4,0.75
MSNb,12,3,15,0.8
MSNh,4,3,7,0.57
MSNl,4,0,4,1.0
MSNm,5,5,10,0.5
MSNn,8,10,18,0.44
MSNs,4,2,6,0.67
MSNt,2,1,3,0.67
MSPB,5,3,8,0.62
MSPD,0,0,0,
MSPH,3,1,4,0.75
MSPI,1,1,2,0.5
MSPK,2,1,3,0.67
MSPL,2,4,6,0.33
MSPM,5,14,19,0.26
MSPN,14,17,31,0.45
MSPP,18,11,29,0.62
MSPS,5,6,11,0.45
MSPb,11,8,19,0.58
MSPh,1,1,2,0.5
MSPl,6,4,10,0.6
MSPm,7,7,14,0.5
MSPn,6,12,18,0.33
MSPs,10,4,14,0.71
MSPt,1,2,3,0.33
MSSB,4,4,8,0.5
MSSD,1,1,2,0.5
MSSH,3,7,10,0.3
MSSL,2,1,3,0.67
MSSM,7,8,15,0.47
MSSN,6,11,17,0.35
MSSP,10,11,21,0.48
MSSS,9,11,20,0.45
MSSb,5,8,13,0.38
MSSh,4,5,9,0.44
MSSl,2,2,4,0.5
MSSm,5,2,7,0.71
MSSn,8,9,17,0.47
MSSs,14,14,28,0.5
MSSt,3,0,3,1.0
MSbB,4,5,9,0.44
MSbD,1,0,1,1.0
MSbH,0,3,3,0.0
MSbJ,1,2,3,0.33
MSbK,1,0,1,1.0
MSbL,2,3,5,0.4
MSbM,7,7,14,0.5
MSbN,4,11,15,0.27
MSbP,8,8,16,0.5
MSbS,3,3,6,0.5
MSbb,8,7,15,0.53
MSbl,1,2,3,0.33
MSbm,3,3,6,0.5
MSbn,9,7,16,0.56
MSbs,5,2,7,0.71
MShB,3,4,7,0.43
MShH,0,2,2,0.0
MShL,0,2,2,0.0
MShM,4,4,8,0.5
MShN,3,6,9,0.33
MShP,5,5,10,0.5
MShS,6,6,12,0.5
MShb,4,4,8,0.5
MShh,3,5,8,0.38
MShl,2,0,2,1.0
MShm,5,2,7,0.71
MShn,5,4,9,0.56
MShs,7,3,10,0.7
MSht,1,2,3,0.33
MSlB,2,2,4,0.5
MSlH,1,5,6,0.17
MSlJ,2,1,3,0.67
MSlL,4,1,5,0.8
MSlM,2,7,9,0.22
MSlN,4,1,5,0.8
MSlP,2,5,7,0.29
MSlS,1,1,2,0.5
MSlb,0,5,5,0.0
MSll,2,2,4,0.5
MSlm,2,1,3,0.67
MSln,4,3,7,0.57
MSls,3,1,4,0.75
MSmB,6,2,8,0.75
MSmH,5,7,12,0.42
MSmI,3,0,3,1.0
MSmJ,0,1,1,0.0
MSmL,2,1,3,0.67
MSmM,6,2,8,0.75
MSmN,6,9,15,0.4
MSmP,11,10,21,0.52
MSmS,7,11,18,0.39
MSmb,6,8,14,0.43
MSml,1,2,3,0.33
MSmm,7,5,12,0.58
MSmn,7,11,18,0.39
MSms,5,4,9,0.56
MSnB,5,8,13,0.38
MSnD,1,0,1,1.0
MSnH,5,4,9,0.56
MSnI,0,1,1,0.0
MSnK,0,2,2,0.0
MSnL,2,1,3,0.67
MSnM,6,7,13,0.46
MSnN,21,13,34,0.62
MSnP,13,11,24,0.54
MSnS,10,8,18,0.56
MSnb,3,5,8,0.38
MSnh,1,0,1,1.0
MSnl,2,1,3,0.67
MSnm,3,5,8,0.38
MSnn,12,10,22,0.55
MSns,10,4,14,0.71
MSsB,4,3,7,0.57
MSsD,0,2,2,0.0
MSsH,4,8,12,0.33
MSsI,3,1,4,0.75
MSsL,2,5,7,0.29
MSsM,5,3,8,0.62
MSsN,9,7,16,0.56
MSsP,5,12,17,0.29
MSsS,18,9,27,0.67
MSsb,5,4,9,0.56
MSsh,0,1,1,0.0
MSsl,8,1,9,0.89
MSsm,10,4,14,0.71
MSsn,6,6,12,0.5
MSss,5,5,10,0.5
MStB,1,1,2,0.5
MStM,1,1,2,0.5
MStN,1,1,2,0.5
MStP,1,2,3,0.33
MStS,1,3,4,0.25
MStb,2,0,2,1.0
MStl,0,2,2,0.0
MStm,0,2,2,0.0
MStn,0,3,3,0.0
MSts,0,1,1,0.0
MStt,0,1,1,0.0
MbBB,11,4,15,0.73
MbBD,2,0,2,1.0
MbBI,0,1,1,0.0
MbBK,0,1,1,0.0
MbBL,3,4,7,0.43
MbBM,3,8,11,0.27
MbBN,9,11,20,0.45
MbBP,16,14,30,0.53
MbBS,4,4,8,0.5
MbBb,15,16,31,0.48
MbBh,2,2,4,0.5
MbBj,5,1,6,0.83
MbBl,2,2,4,0.5
MbBm,8,2,10,0.8
MbBn,15,11,26,0.58
MbBs,5,5,10,0.5
MbBt,3,2,5,0.6
MbDB,1,0,1,1.0
MbDH,1,2,3,0.33
MbDL,0,1,1,0.0
MbDM,2,0,2,1.0
MbDN,2,0,2,1.0
MbDP,3,2,5,0.6
MbDS,1,0,1,1.0
MbDb,0,1,1,0.0
MbDm,1,0,1,1.0
MbDn,2,2,4,0.5
MbDs,1,0,1,1.0
MbHB,3,4,7,0.43
MbHH,2,0,2,1.0
MbHI,0,1,1,0.0
MbHL,0,2,2,0.0
MbHM,2,3,5,0.4
MbHN,1,2,3,0.33
MbHP,5,8,13,0.38
MbHS,3,0,3,1.0
MbHb,4,6,10,0.4
MbHh,0,1,1,0.0
MbHl,2,1,3,0.67
MbHm,3,3,6,0.5
MbHn,5,2,7,0.71
MbHs,1,1,2,0.5
MbHt,0,1,1,0.0
MbIB,0,2,2,0.0
MbID,0,1,1,0.0
MbIH,3,2,5,0.6
MbIL,0,4,4,0.0
MbIM,1,1,2,0.5
MbIN,1,1,2,0.5
MbIP,4,1,5,0.8
MbIS,1,1,2,0.5
MbIb,1,0,1,1.0
MbIl,2,0,2,1.0
MbIm,2,1,3,0.67
MbIn,2,0,2,1.0
MbIs,0,1,1,0.0
MbJB,0,2,2,0.0
MbJD,1,0,1,1.0
MbJH,0,1,1,0.0
MbJI,0,1,1,0.0
MbJK,0,0,0,
MbJL,4,5,9,0.44
MbJM,3,4,7,0.43
MbJN,3,1,4,0.75
MbJP,8,8,16,0.5
MbJS,4,5,9,0.44
MbJb,4,2,6,0.67
MbJh,1,1,2,0.5
MbJl,3,0,3,1.0
MbJm,4,0,4,1.0
MbJn,1,2,3,0.33
MbJs,3,2,5,0.6
MbJt,0,0,0,
MbKB,1,0,1,1.0
MbKL,1,0,1,1.0
MbKM,1,1,2,0.5
MbKN,2,0,2,1.0
MbKP,2,4,6,0.33
MbKS,0,3,3,0.0
MbKb,1,1,2,0.5
MbKh,2,0,2,1.0
MbKl,0,1,1,0.0
MbKn,1,1,2,0.5
MbKs,2,2,4,0.5
MbKt,0,0,0,
MbLB,3,4,7,0.43
MbLL,2,1,3,0.67
MbLM,2,4,6,0.33
MbLN,4,3,7,0.57
MbLP,4,5,9,0.44
MbLS,1,4,5,0.2
MbLb,1,1,2,0.5
MbLh,2,3,5,0.4
MbLj,1,2,3,0.33
MbLl,0,0,0,
MbLm,1,3,4,0.25
MbLn,6,6,12,0.5
MbLs,3,4,7,0.43
MbLt,2,0,2,1.0
MbMB,8,6,14,0.57
MbMD,4,2,6,0.67
MbML,1,4,5,0.2
MbMM,9,8,17,0.53
MbMN,8,11,19,0.42
MbMP,14,12,26,0.54
MbMS,7,13,20,0.35
MbMb,12,8,20,0.6
MbMh,9,7,16,0.56
MbMj,2,3,5,0.4
MbMl,5,2,7,0.71
MbMm,11,13,24,0.46
MbMn,16,19,35,0.46
MbMs,4,7,11,0.36
MbMt,1,1,2,0.5
MbNB,9,9,18,0.5
MbND,2,0,2,1.0
MbNH,2,2,4,0.5
MbNL,3,7,10,0.3
MbNM,6,10,16,0.38
MbNN,21,20,41,0.51
MbNP,32,28,60,0.53
MbNS,15,21,36,0.42
MbNb,17,12,29,0.59
MbNh,7,10,17,0.41
MbNl,10,4,14,0.71
MbNm,18,7,25,0.72
MbNn,22,23,45,0.49
MbNs,6,17,23,0.26
MbNt,10,0,10,1.0
MbPB,29,18,47,0.62
MbPD,1,3,4,0.25
MbPH,6,2,8,0.75
MbPI,1,1,2,0.5
MbPK,0,0,0,
MbPL,7,8,15,0.47
MbPM,10,19,29,0.34
MbPN,8,19,27,0.3
MbPP,38,21,59,0.64
MbPS,11,11,22,0.5
MbPb,19,21,40,0.48
MbPh,2,2,4,0.5
MbPl,10,5,15,0.67
MbPm,14,5,19,0.74
MbPn,12,21,33,0.36
MbPs,11,10,21,0.52
MbPt,1,2,3,0.33
MbSB,5,7,12,0.42
MbSD,0,0,0,
MbSH,2,3,5,0.4
MbSI,0,0,0,
MbSL,2,5,7,0.29
MbSM,5,10,15,0.33
MbSN,11,6,17,0.65
MbSP,12,16,28,0.43
MbSS,4,4,8,0.5
MbSb,4,6,10,0.4
MbSh,7,3,10,0.7
MbSl,3,4,7,0.43
MbSm,7,4,11,0.64
MbSn,10,5,15,0.67
MbSs,10,6,16,0.62
MbSt,0,1,1,0.0
MbbB,18,8,26,0.69
MbbD,1,0,1,1.0
MbbH,4,4,8,0.5
MbbI,2,0,2,1.0
MbbJ,4,5,9,0.44
MbbK,2,1,3,0.67
MbbL,5,3,8,0.62
MbbM,12,12,24,0.5
MbbN,16,15,31,0.52
MbbP,15,27,42,0.36
MbbS,2,12,14,0.14
Mbbb,12,10,22,0.55
Mbbl,5,5,10,0.5
Mbbm,13,8,21,0.62
Mbbn,22,13,35,0.63
Mbbs,6,2,8,0.75
MblB,1,6,7,0.14
MblH,3,1,4,0.75
MblI,0,1,1,0.0
MblJ,1,0,1,1.0
MblK,1,0,1,1.0
MblL,1,0,1,1.0
MblM,7,3,10,0.7
MblN,5,2,7,0.71
MblP,9,4,13,0.69
MblS,2,2,4,0.5
Mblb,4,10,14,0.29
Mbll,0,1,1,0.0
Mblm,5,3,8,0.62
Mbln,1,3,4,0.25
Mbls,4,1,5,0.8
MbmB,5,3,8,0.62
MbmD,0,1,1,0.0
MbmH,3,7,10,0.3
MbmI,1,1,2,0.5
MbmJ,3,2,5,0.6
MbmL,2,1,3,0.67
MbmM,12,9,21,0.57
MbmN,11,5,16,0.69
MbmP,16,10,26,0.62
MbmS,5,2,7,0.71
Mbmb,11,8,19,0.58
Mbml,2,3,5,0.4
Mbmm,10,4,14,0.71
Mbmn,5,4,9,0.56
Mbms,2,4,6,0.33
MbnB,7,10,17,0.41
MbnD,2,2,4,0.5
MbnH,7,5,12,0.58
MbnI,5,3,8,0.62
MbnK,1,0,1,1.0
MbnL,2,4,6,0.33
MbnM,16,14,30,0.53
MbnN,15,24,39,0.38
MbnP,32,17,49,0.65
MbnS,5,10,15,0.33
Mbnb,22,13,35,0.63
Mbnh,1,1,2,0.5
Mbnl,5,3,8,0.62
Mbnm,9,8,17,0.53
Mbnn,19,14,33,0.58
Mbns,11,5,16,0.69
MbsB,5,1,6,0.83
MbsD,1,0,1,1.0
MbsH,6,6,12,0.5
MbsI,2,1,3,0.67
MbsL,3,2,5,0.6
MbsM,7,7,14,0.5
MbsN,7,9,16,0.44
MbsP,6,8,14,0.43
MbsS,8,5,13,0.62
Mbsb,7,6,13,0.54
Mbsl,1,2,3,0.33
Mbsm,5,3,8,0.62
Mbsn,5,3,8,0.62
Mbss,9,0,9,1.0
MhBB,7,8,15,0.47
MhBD,1,0,1,1.0
MhBK,0,2,2,0.0
MhBL,1,1,2,0.5
MhBM,5,6,11,0.45
MhBN,5,3,8,0.62
MhBP,9,11,20,0.45
MhBS,2,4,6,0.33
MhBb,4,6,10,0.4
MhBh,0,1,1,0.0
MhBj,3,0,3,1.0
MhBl,3,0,3,1.0
MhBm,4,6,10,0.4
MhBn,12,11,23,0.52
MhBs,2,2,4,0.5
MhBt,0,0,0,
MhDB,0,1,1,0.0
MhDH,0,1,1,0.0
MhDL,0,1,1,0.0
MhDM,0,1,1,0.0
MhDP,0,1,1,0.0
MhDS,2,3,5,0.4
MhDb,0,1,1,0.0
MhDm,1,1,2,0.5
MhDn,2,0,2,1.0
MhDs,1,0,1,1.0
MhHB,2,0,2,1.0
MhHD,1,0,1,1.0
MhHH,1,0,1,1.0
MhHM,1,0,1,1.0
MhHN,1,2,3,0.33
MhHP,4,3,7,0.57
MhHS,1,3,4,0.25
MhHb,0,1,1,0.0
MhHh,1,2,3,0.33
MhHl,0,1,1,0.0
MhHm,2,2,4,0.5
MhHn,0,3,3,0.0
MhHs,0,2,2,0.0
MhHt,1,0,1,1.0
MhIH,0,0,0,
MhII,0,1,1,0.0
MhIM,0,0,0,
MhIN,0,2,2,0.0
MhIP,3,1,4,0.75
MhIm,0,1,1,0.0
MhIs,1,0,1,1.0
MhKD,0,1,1,0.0
MhKM,0,1,1,0.0
MhKP,0,0,0,
MhKb,0,0,0,
MhKn,0,1,1,0.0
MhLB,2,2,4,0.5
MhLD,1,0,1,1.0
MhLL,1,0,1,1.0
MhLM,3,1,4,0.75
MhLN,5,1,6,0.83
MhLP,6,7,13,0.46
MhLS,1,2,3,0.33
MhLb,1,3,4,0.25
MhLh,1,2,3,0.33
MhLj,1,2,3,0.33
MhLl,1,5,6,0.17
MhLm,2,2,4,0.5
MhLn,4,6,10,0.4
MhLs,1,2,3,0.33
MhLt,2,0,2,1.0
MhMB,7,11,18,0.39
MhMD,1,0,1,1.0
MhML,7,5,12,0.58
MhMM,6,9,15,0.4
MhMN,7,3,10,0.7
MhMP,12,15,27,0.44
MhMS,5,3,8,0.62
MhMb,5,9,14,0.36
MhMh,5,4,9,0.56
MhMj,0,2,2,0.0
MhMl,3,2,5,0.6
MhMm,7,3,10,0.7
MhMn,14,8,22,0.64
MhMs,5,3,8,0.62
MhMt,0,3,3,0.0
MhNB,9,6,15,0.6
MhNH,2,0,2,1.0
MhNK,2,1,3,0.67
MhNL,1,1,2,0.5
MhNM,7,11,18,0.39
MhNN,9,9,18,0.5
MhNP,12,10,22,0.55
MhNS,7,6,13,0.54
MhNb,4,7,11,0.36
MhNh,5,4,9,0.56
MhNl,3,3,6,0.5
MhNm,3,5,8,0.38
MhNn,11,10,21,0.52
MhNs,6,7,13,0.46
MhNt,0,2,2,0.0
MhPB,6,8,14,0.43
MhPD,2,0,2,1.0
MhPH,1,8,9,0.11
MhPK,0,3,3,0.0
MhPL,8,6,14,0.57
MhPM,7,7,14,0.5
MhPN,11,7,18,0.61
MhPP,21,15,36,0.58
MhPS,10,12,22,0.45
MhPb,15,13,28,0.54
MhPh,0,3,3,0.0
MhPl,4,5,9,0.44
MhPm,12,13,25,0.48
MhPn,11,13,24,0.46
MhPs,7,8,15,0.47
MhPt,4,1,5,0.8
MhSB,4,5,9,0.44
MhSH,2,2,4,0.5
MhSL,3,0,3,1.0
MhSM,7,4,11,0.64
MhSN,12,4,16,0.75
MhSP,9,4,13,0.69
MhSS,12,15,27,0.44
MhSb,4,4,8,0.5
MhSh,4,0,4,1.0
MhSl,3,4,7,0.43
MhSm,9,2,11,0.82
MhSn,7,3,10,0.7
MhSs,7,6,13,0.54
MhSt,0,2,2,0.0
MhbB,3,2,5,0.6
MhbD,0,1,1,0.0
MhbH,1,3,4,0.25
MhbJ,4,2,6,0.67
MhbK,1,0,1,1.0
MhbL,5,6,11,0.45
MhbM,6,7,13,0.46
MhbN,6,15,21,0.29
MhbP,13,11,24,0.54
MhbS,3,6,9,0.33
Mhbb,9,6,15,0.6
Mhbl,1,0,1,1.0
Mhbm,1,8,9,0.11
Mhbn,8,4,12,0.67
Mhbs,4,3,7,0.57
MhhB,6,6,12,0.5
MhhD,0,1,1,0.0
MhhH,1,1,2,0.5
MhhI,2,0,2,1.0
MhhK,0,0,0,
MhhL,2,3,5,0.4
MhhM,4,8,12,0.33
MhhN,4,3,7,0.57
MhhP,7,7,14,0.5
MhhS,7,7,14,0.5
Mhhb,6,0,6,1.0
Mhhh,5,3,8,0.62
Mhhl,3,1,4,0.75
Mhhm,8,6,14,0.57
Mhhn,7,14,21,0.33
Mhhs,9,12,21,0.43
Mhht,1,0,1,1.0
MhlB,5,5,10,0.5
MhlH,3,5,8,0.38
MhlI,2,2,4,0.5
MhlJ,2,1,3,0.67
MhlK,1,0,1,1.0
MhlL,2,1,3,0.67
MhlM,2,7,9,0.22
MhlN,4,2,6,0.67
MhlP,6,7,13,0.46
MhlS,3,11,14,0.21
Mhlb,3,8,11,0.27
Mhll,5,1,6,0.83
Mhlm,4,2,6,0.67
Mhln,4,3,7,0.57
Mhls,7,4,11,0.64
MhmB,6,5,11,0.55
MhmD,2,1,3,0.67
MhmH,8,4,12,0.67
MhmI,0,1,1,0.0
MhmJ,0,0,0,
MhmL,2,0,2,1.0
MhmM,8,6,14,0.57
MhmN,4,7,11,0.36
MhmP,5,7,12,0.42
MhmS,6,6,12,0.5
Mhmb,6,8,14,0.43
Mhml,0,2,2,0.0
Mhmm,4,1,5,0.8
Mhmn,6,8,14,0.43
Mhms,5,2,7,0.71
MhnB,8,8,16,0.5
MhnD,2,1,3,0.67
MhnH,5,6,11,0.45
MhnI,2,0,2,1.0
MhnK,1,1,2,0.5
MhnL,6,2,8,0.75
MhnM,9,12,21,0.43
MhnN,14,9,23,0.61
MhnP,10,22,32,0.31
MhnS,15,8,23,0.65
Mhnb,4,3,7,0.57
Mhnh,1,0,1,1.0
Mhnl,4,1,5,0.8
Mhnm,10,10,20,0.5
Mhnn,6,9,15,0.4
Mhns,6,6,12,0.5
MhsB,1,4,5,0.2
MhsD,0,3,3,0.0
MhsH,6,7,13,0.46
MhsK,1,1,2,0.5
MhsL,2,2,4,0.5
MhsM,5,7,12,0.42
MhsN,7,8,15,0.47
MhsP,12,12,24,0.5
MhsS,7,9,16,0.44
Mhsb,7,5,12,0.58
Mhsh,1,0,1,1.0
Mhsl,0,3,3,0.0
Mhsm,6,9,15,0.4
Mhsn,7,6,13,0.54
Mhss,1,7,8,0.12
MhtB,1,1,2,0.5
MhtD,1,0,1,1.0
MhtL,0,1,1,0.0
MhtM,2,1,3,0.67
MhtP,0,1,1,0.0
MhtS,1,0,1,1.0
Mhtb,0,1,1,0.0
Mhth,0,0,0,
Mhtm,1,1,2,0.5
Mhtn,1,0,1,1.0
Mhts,3,0,3,1.0
Mhtt,0,1,1,0.0
MjBB,3,2,5,0.6
MjBK,1,1,2,0.5
MjBL,1,2,3,0.33
MjBM,2,5,7,0.29
MjBN,0,6,6,0.0
MjBP,4,2,6,0.67
MjBS,0,1,1,0.0
MjBb,3,1,4,0.75
MjBh,0,1,1,0.0
MjBl,1,3,4,0.25
MjBm,6,4,10,0.6
MjBn,2,4,6,0.33
MjBs,2,1,3,0.67
MjDH,1,1,2,0.5
MjDM,1,0,1,1.0
MjDP,0,0,0,
MjDn,1,0,1,1.0
MjHB,1,2,3,0.33
MjHI,1,0,1,1.0
MjHM,0,1,1,0.0
MjHN,1,0,1,1.0
MjHP,1,2,3,0.33
MjHS,0,1,1,0.0
MjHb,2,1,3,0.67
MjHh,1,0,1,1.0
MjHm,2,0,2,1.0
MjHn,1,2,3,0.33
MjHs,2,1,3,0.67
MjIB,0,1,1,0.0
MjIn,1,0,1,1.0
MjKL,1,0,1,1.0
MjKN,0,0,0,
MjKS,1,0,1,1.0
MjKm,1,2,3,0.33
MjKn,0,0,0,
MjLM,2,3,5,0.4
MjLN,0,2,2,0.0
MjLP,1,5,6,0.17
MjLb,3,3,6,0.5
MjLh,0,1,1,0.0
MjLj,1,1,2,0.5
MjLl,1,1,2,0.5
MjLm,0,1,1,0.0
MjLn,2,2,4,0.5
MjLs,1,0,1,1.0
MjMB,1,2,3,0.33
MjMM,2,1,3,0.67
MjMN,2,1,3,0.67
MjMP,2,0,2,1.0
MjMS,4,3,7,0.57
MjMb,4,3,7,0.57
MjMh,3,1,4,0.75
MjMj,0,1,1,0.0
MjMm,2,1,3,0.67
MjMn,2,3,5,0.4
MjMs,3,1,4,0.75
MjMt,1,0,1,1.0
MjNB,4,1,5,0.8
MjND,0,1,1,0.0
MjNH,0,1,1,0.0
MjNL,2,0,2,1.0
MjNM,1,3,4,0.25
MjNN,4,3,7,0.57
MjNP,5,6,11,0.45
MjNS,3,3,6,0.5
MjNb,1,3,4,0.25
MjNh,1,1,2,0.5
MjNl,0,1,1,0.0
MjNm,2,0,2,1.0
MjNn,6,4,10,0.6
MjNs,3,1,4,0.75
MjNt,0,1,1,0.0
MjPB,3,6,9,0.33
MjPH,0,2,2,0.0
MjPI,1,1,2,0.5
MjPK,1,0,1,1.0
MjPL,3,3,6,0.5
MjPM,2,3,5,0.4
MjPN,2,1,3,0.67
MjPP,6,6,12,0.5
MjPS,2,5,7,0.29
MjPb,4,3,7,0.57
MjPh,0,1,1,0.0
MjPl,4,1,5,0.8
MjPm,2,5,7,0.29
MjPn,7,7,14,0.5
MjPs,4,3,7,0.57
MjPt,0,1,1,0.0
MjSB,2,1,3,0.67
MjSH,0,2,2,0.0
MjSK,0,0,0,
MjSL,0,2,2,0.0
MjSM,4,0,4,1.0
MjSN,3,2,5,0.6
MjSP,7,5,12,0.58
MjSS,0,5,5,0.0
MjSb,2,2,4,0.5
MjSh,1,0,1,1.0
MjSl,2,0,2,1.0
MjSm,1,1,2,0.5
MjSn,2,5,7,0.29
MjSs,3,3,6,0.5
MjbB,5,3,8,0.62
MjbH,3,1,4,0.75
MjbJ,0,0,0,
MjbL,1,3,4,0.25
MjbM,5,8,13,0.38
MjbN,6,4,10,0.6
MjbP,4,6,10,0.4
MjbS,3,8,11,0.27
Mjbb,6,1,7,0.86
Mjbl,0,2,2,0.0
Mjbm,1,1,2,0.5
Mjbn,1,1,2,0.5
Mjbs,0,2,2,0.0
MjhL,1,0,1,1.0
MjhM,0,1,1,0.0
MjhN,1,0,1,1.0
MjhP,0,1,1,0.0
Mjhh,0,2,2,0.0
Mjhn,1,1,2,0.5
Mjhs,1,1,2,0.5
MjlB,0,2,2,0.0
MjlD,0,1,1,0.0
MjlH,1,2,3,0.33
MjlL,0,1,1,0.0
MjlM,2,1,3,0.67
MjlN,2,1,3,0.67
MjlP,4,2,6,0.67
MjlS,2,1,3,0.67
Mjlb,2,2,4,0.5
Mjll,3,0,3,1.0
Mjlm,0,1,1,0.0
Mjln,1,1,2,0.5
Mjls,3,1,4,0.75
MjmB,3,1,4,0.75
MjmH,1,2,3,0.33
MjmI,0,0,0,
MjmJ,1,1,2,0.5
MjmL,1,1,2,0.5
MjmM,0,2,2,0.0
MjmN,4,1,5,0.8
MjmP,4,1,5,0.8
MjmS,1,7,8,0.12
Mjmb,1,3,4,0.25
Mjml,0,1,1,0.0
Mjmm,3,0,3,1.0
Mjmn,4,3,7,0.57
Mjms,1,1,2,0.5
MjnB,2,1,3,0.67
MjnH,4,2,6,0.67
MjnL,0,1,1,0.0
MjnM,3,2,5,0.6
MjnN,7,2,9,0.78
MjnP,2,4,6,0.33
MjnS,1,4,5,0.2
Mjnb,2,6,8,0.25
Mjnh,1,0,1,1.0
Mjnl,2,2,4,0.5
Mjnm,5,2,7,0.71
Mjnn,1,2,3,0.33
Mjns,3,2,5,0.6
MjsB,2,1,3,0.67
MjsD,2,0,2,1.0
MjsH,1,2,3,0.33
MjsI,0,1,1,0.0
MjsL,2,2,4,0.5
MjsM,1,0,1,1.0
MjsN,1,1,2,0.5
MjsP,3,5,8,0.38
MjsS,3,3,6,0.5
Mjsb,3,2,5,0.6
Mjsl,0,1,1,0.0
Mjsm,4,1,5,0.8
Mjsn,3,1,4,0.75
Mjss,4,0,4,1.0
Mjst,1,0,1,1.0
MjtB,0,0,0,
MjtN,0,2,2,0.0
MjtP,0,2,2,0.0
Mjtb,0,1,1,0.0
Mjtt,0,1,1,0.0
MlBB,1,3,4,0.25
MlBD,1,1,2,0.5
MlBL,2,1,3,0.67
MlBM,4,2,6,0.67
MlBN,3,8,11,0.27
MlBP,9,4,13,0.69
MlBS,0,2,2,0.0
MlBb,3,3,6,0.5
MlBh,1,0,1,1.0
MlBj,3,1,4,0.75
MlBl,0,2,2,0.0
MlBm,2,3,5,0.4
MlBn,4,5,9,0.44
MlBs,1,1,2,0.5
MlBt,0,1,1,0.0
MlDH,1,0,1,1.0
MlDM,1,1,2,0.5
MlDN,0,2,2,0.0
MlDP,1,1,2,0.5
MlDS,1,0,1,1.0
MlDb,1,0,1,1.0
MlDn,1,0,1,1.0
MlHB,1,2,3,0.33
MlHI,1,0,1,1.0
MlHL,1,1,2,0.5
MlHM,3,1,4,0.75
MlHN,5,4,9,0.56
MlHP,3,3,6,0.5
MlHS,4,6,10,0.4
MlHb,5,3,8,0.62
MlHh,2,2,4,0.5
MlHl,2,2,4,0.5
MlHm,2,1,3,0.67
MlHn,5,7,12,0.42
MlHs,5,6,11,0.45
MlHt,0,0,0,
MlIB,0,1,1,0.0
MlID,0,0,0,
MlIM,0,1,1,0.0
MlIN,0,1,1,0.0
MlIP,2,1,3,0.67
MlIS,1,0,1,1.0
MlIb,0,1,1,0.0
MlIm,0,1,1,0.0
MlIs,0,0,0,
MlJB,1,1,2,0.5
MlJL,1,0,1,1.0
MlJM,1,1,2,0.5
MlJN,1,4,5,0.2
MlJP,2,0,2,1.0
MlJS,2,4,6,0.33
MlJb,1,2,3,0.33
MlJl,1,0,1,1.0
MlJm,3,2,5,0.6
MlJn,0,1,1,0.0
MlJs,2,0,2,1.0
MlJt,2,0,2,1.0
MlKM,1,0,1,1.0
MlKb,1,0,1,1.0
MlKm,0,1,1,0.0
MlKn,1,0,1,1.0
MlLB,3,2,5,0.6
MlLL,1,2,3,0.33
MlLM,3,5,8,0.38
MlLN,2,2,4,0.5
MlLP,6,7,13,0.46
MlLb,0,1,1,0.0
MlLh,1,0,1,1.0
MlLj,0,2,2,0.0
MlLl,1,2,3,0.33
MlLn,4,1,5,0.8
MlLs,0,2,2,0.0
MlLt,0,0,0,
MlMB,6,5,11,0.55
MlMD,0,1,1,0.0
MlML,2,2,4,0.5
MlMM,2,1,3,0.67
MlMN,5,8,13,0.38
MlMP,3,5,8,0.38
MlMS,2,2,4,0.5
MlMb,4,1,5,0.8
MlMh,6,3,9,0.67
MlMj,1,2,3,0.33
MlMl,0,0,0,
MlMm,4,2,6,0.67
MlMn,8,9,17,0.47
MlMs,3,3,6,0.5
MlMt,1,0,1,1.0
MlNB,5,4,9,0.56
MlND,0,1,1,0.0
MlNH,3,0,3,1.0
MlNL,1,3,4,0.25
MlNM,6,3,9,0.67
MlNN,12,5,17,0.71
MlNP,14,10,24,0.58
MlNS,7,5,12,0.58
MlNb,4,5,9,0.44
MlNh,3,1,4,0.75
MlNl,3,4,7,0.43
MlNm,7,6,13,0.54
MlNn,5,4,9,0.56
MlNs,7,4,11,0.64
MlNt,2,1,3,0.67
MlPB,6,6,12,0.5
MlPD,0,0,0,
MlPH,0,1,1,0.0
MlPI,4,1,5,0.8
MlPK,1,0,1,1.0
MlPL,4,6,10,0.4
MlPM,5,8,13,0.38
MlPN,8,3,11,0.73
MlPP,17,9,26,0.65
MlPS,2,5,7,0.29
MlPb,8,5,13,0.62
MlPh,1,0,1,1.0
MlPl,2,1,3,0.67
MlPm,2,3,5,0.4
MlPn,7,2,9,0.78
MlPs,3,5,8,0.38
MlSB,0,5,5,0.0
MlSH,2,1,3,0.67
MlSL,3,1,4,0.75
MlSM,7,2,9,0.78
MlSN,2,4,6,0.33
MlSP,7,10,17,0.41
MlSS,4,3,7,0.57
MlSb,8,7,15,0.53
MlSh,0,2,2,0.0
MlSl,2,0,2,1.0
MlSm,2,1,3,0.67
MlSn,4,4,8,0.5
MlSs,7,6,13,0.54
MlSt,0,0,0,
MlbB,4,5,9,0.44
MlbI,0,0,0,
MlbJ,0,2,2,0.0
MlbK,0,1,1,0.0
MlbL,0,2,2,0.0
MlbM,5,5,10,0.5
MlbN,5,6,11,0.45
MlbP,5,7,12,0.42
MlbS,2,4,6,0.33
Mlbb,3,4,7,0.43
Mlbl,2,1,3,0.67
Mlbm,4,4,8,0.5
Mlbn,4,6,10,0.4
Mlbs,0,5,5,0.0
MllB,2,1,3,0.67
MllH,1,0,1,1.0
MllI,1,0,1,1.0
MllJ,1,1,2,0.5
MllL,1,2,3,0.33
MllM,2,1,3,0.67
MllN,0,2,2,0.0
MllP,0,4,4,0.0
MllS,2,1,3,0.67
Mllb,2,1,3,0.67
Mlll,1,0,1,1.0
Mllm,2,1,3,0.67
Mlln,2,2,4,0.5
Mlls,0,1,1,0.0
MlmB,5,3,8,0.62
MlmD,2,1,3,0.67
MlmH,3,2,5,0.6
MlmI,1,1,2,0.5
MlmJ,1,0,1,1.0
MlmL,1,0,1,1.0
MlmM,4,6,10,0.4
MlmN,6,6,12,0.5
MlmP,4,7,11,0.36
MlmS,3,2,5,0.6
Mlmb,6,3,9,0.67
Mlml,1,1,2,0.5
Mlmm,4,0,4,1.0
Mlmn,4,2,6,0.67
Mlms,1,1,2,0.5
MlnB,4,5,9,0.44
MlnH,3,2,5,0.6
MlnI,0,2,2,0.0
MlnK,0,1,1,0.0
MlnL,0,1,1,0.0
MlnM,5,8,13,0.38
MlnN,3,9,12,0.25
MlnP,7,7,14,0.5
MlnS,4,4,8,0.5
Mlnb,6,7,13,0.46
Mlnl,1,1,2,0.5
Mlnm,5,2,7,0.71
Mlnn,5,2,7,0.71
Mlns,5,0,5,1.0
MlsB,1,1,2,0.5
MlsH,3,1,4,0.75
MlsL,1,1,2,0.5
MlsM,6,3,9,0.67
MlsN,3,2,5,0.6
MlsP,3,1,4,0.75
MlsS,1,4,5,0.2
Mlsb,1,1,2,0.5
Mlsl,1,1,2,0.5
Mlsm,2,2,4,0.5
Mlsn,4,2,6,0.67
Mlss,2,4,6,0.33
MmBB,6,7,13,0.46
MmBD,0,1,1,0.0
MmBH,0,1,1,0.0
MmBK,1,2,3,0.33
MmBL,4,9,13,0.31
MmBM,3,7,10,0.3
MmBN,8,14,22,0.36
MmBP,16,11,27,0.59
MmBS,9,6,15,0.6
MmBb,9,9,18,0.5
MmBh,3,2,5,0.6
MmBj,2,1,3,0.67
MmBl,1,3,4,0.25
MmBm,8,6,14,0.57
MmBn,11,10,21,0.52
MmBs,3,4,7,0.43
MmBt,2,1,3,0.67
MmDB,2,1,3,0.67
MmDH,3,0,3,1.0
MmDL,1,0,1,1.0
MmDM,2,4,6,0.33
MmDN,2,1,3,0.67
MmDP,2,0,2,1.0
MmDS,0,0,0,
MmDb,1,0,1,1.0
MmDl,0,2,2,0.0
MmDm,0,4,4,0.0
MmDn,2,2,4,0.5
MmDs,1,1,2,0.5
MmDt,0,1,1,0.0
MmHB,5,8,13,0.38
MmHD,1,0,1,1.0
MmHH,0,0,0,
MmHI,0,0,0,
MmHL,3,2,5,0.6
MmHM,8,9,17,0.47
MmHN,5,4,9,0.56
MmHP,11,17,28,0.39
MmHS,14,3,17,0.82
MmHb,9,11,20,0.45
MmHh,4,5,9,0.44
MmHl,2,2,4,0.5
MmHm,6,8,14,0.43
MmHn,12,11,23,0.52
MmHs,7,8,15,0.47
MmHt,0,1,1,0.0
MmIB,1,1,2,0.5
MmID,0,0,0,
MmIL,1,0,1,1.0
MmIM,1,1,2,0.5
MmIN,1,0,1,1.0
MmIP,1,0,1,1.0
MmIS,2,2,4,0.5
MmIb,1,1,2,0.5
MmIl,0,1,1,0.0
MmIm,2,1,3,0.67
MmIn,3,3,6,0.5
MmIs,0,1,1,0.0
MmJB,4,3,7,0.57
MmJH,3,0,3,1.0
MmJM,1,4,5,0.2
MmJN,4,0,4,1.0
MmJP,5,3,8,0.62
MmJS,2,2,4,0.5
MmJb,2,0,2,1.0
MmJl,1,0,1,1.0
MmJm,3,1,4,0.75
MmJn,2,5,7,0.29
MmJs,3,2,5,0.6
MmJt,1,0,1,1.0
MmKB,0,1,1,0.0
MmKH,0,0,0,
MmKN,1,0,1,1.0
MmKP,1,0,1,1.0
MmKS,0,1,1,0.0
MmKm,2,0,2,1.0
MmKs,0,0,0,
MmLB,3,2,5,0.6
MmLD,1,0,1,1.0
MmLL,2,2,4,0.5
MmLM,1,2,3,0.33
MmLN,4,2,6,0.67
MmLP,5,5,10,0.5
MmLS,2,1,3,0.67
MmLb,1,2,3,0.33
MmLh,4,1,5,0.8
MmLj,0,2,2,0.0
MmLl,1,4,5,0.2
MmLm,6,2,8,0.75
MmLn,2,5,7,0.29
MmLs,1,5,6,0.17
MmLt,1,1,2,0.5
MmMB,7,7,14,0.5
MmMD,0,2,2,0.0
MmMI,1,0,1,1.0
MmML,2,3,5,0.4
MmMM,8,5,13,0.62
MmMN,11,17,28,0.39
MmMP,5,13,18,0.28
MmMS,5,7,12,0.42
MmMb,9,8,17,0.53
MmMh,5,10,15,0.33
MmMj,3,5,8,0.38
MmMl,4,4,8,0.5
MmMm,10,10,20,0.5
MmMn,15,15,30,0.5
MmMs,8,9,17,0.47
MmMt,6,1,7,0.86
MmNB,9,7,16,0.56
MmND,2,1,3,0.67
MmNH,3,5,8,0.38
MmNK,3,3,6,0.5
MmNL,2,2,4,0.5
MmNM,8,13,21,0.38
MmNN,11,21,32,0.34
MmNP,25,18,43,0.58
MmNS,8,8,16,0.5
MmNb,13,14,27,0.48
MmNh,3,4,7,0.43
MmNl,1,4,5,0.2
MmNm,11,6,17,0.65
MmNn,22,15,37,0.59
MmNs,5,15,20,0.25
MmNt,2,0,2,1.0
MmPB,11,9,20,0.55
MmPD,1,0,1,1.0
MmPH,4,6,10,0.4
MmPI,1,1,2,0.5
MmPL,5,6,11,0.45
MmPM,17,16,33,0.52
MmPN,23,16,39,0.59
MmPP,17,18,35,0.49
MmPS,14,10,24,0.58
MmPb,10,18,28,0.36
MmPh,0,1,1,0.0
MmPl,5,4,9,0.56
MmPm,8,10,18,0.44
MmPn,17,13,30,0.57
MmPs,9,4,13,0.69
MmPt,2,2,4,0.5
MmSB,4,10,14,0.29
MmSD,1,0,1,1.0
MmSH,2,3,5,0.4
MmSK,0,0,0,
MmSL,2,2,4,0.5
MmSM,4,4,8,0.5
MmSN,6,9,15,0.4
MmSP,10,12,22,0.45
MmSS,2,17,19,0.11
MmSb,10,1,11,0.91
MmSh,7,6,13,0.54
MmSl,2,0,2,1.0
MmSm,6,4,10,0.6
MmSn,11,13,24,0.46
MmSs,11,5,16,0.69
MmSt,3,1,4,0.75
MmbB,4,7,11,0.36
MmbD,4,1,5,0.8
MmbH,1,3,4,0.25
MmbJ,3,2,5,0.6
MmbK,1,0,1,1.0
MmbL,0,2,2,0.0
MmbM,8,12,20,0.4
MmbN,15,18,33,0.45
MmbP,15,6,21,0.71
MmbS,7,4,11,0.64
Mmbb,11,9,20,0.55
Mmbl,3,3,6,0.5
Mmbm,3,2,5,0.6
Mmbn,10,7,17,0.59
Mmbs,3,4,7,0.43
Mmhs,0,0,0,
MmlB,2,0,2,1.0
MmlD,1,0,1,1.0
MmlH,2,2,4,0.5
MmlJ,2,1,3,0.67
MmlL,2,2,4,0.5
MmlM,1,4,5,0.2
MmlN,7,3,10,0.7
MmlP,2,7,9,0.22
MmlS,2,4,6,0.33
Mmlb,3,3,6,0.5
Mmll,0,1,1,0.0
Mmlm,1,2,3,0.33
Mmln,4,4,8,0.5
Mmls,1,2,3,0.33
MmmB,7,12,19,0.37
MmmD,0,0,0,
MmmH,4,6,10,0.4
MmmI,1,1,2,0.5
MmmJ,1,2,3,0.33
MmmL,1,2,3,0.33
MmmM,5,7,12,0.42
MmmN,5,13,18,0.28
MmmP,9,7,16,0.56
MmmS,5,3,8,0.62
Mmmb,6,6,12,0.5
Mmmh,0,0,0,
Mmml,3,1,4,0.75
Mmmm,7,3,10,0.7
Mmmn,11,6,17,0.65
Mmms,6,1,7,0.86
MmnB,7,9,16,0.44
MmnD,1,0,1,1.0
MmnH,6,5,11,0.55
MmnI,2,2,4,0.5
MmnL,2,2,4,0.5
MmnM,5,4,9,0.56
MmnN,15,13,28,0.54
MmnP,15,17,32,0.47
MmnS,8,6,14,0.57
Mmnb,10,6,16,0.62
Mmnh,0,2,2,0.0
Mmnl,4,2,6,0.67
Mmnm,7,9,16,0.44
Mmnn,18,11,29,0.62
Mmns,8,4,12,0.67
MmsB,7,3,10,0.7
MmsD,1,1,2,0.5
MmsH,3,1,4,0.75
MmsI,0,2,2,0.0
MmsL,2,1,3,0.67
MmsM,4,9,13,0.31
MmsN,6,9,15,0.4
MmsP,10,5,15,0.67
MmsS,8,5,13,0.62
Mmsb,7,5,12,0.58
Mmsh,1,0,1,1.0
Mmsl,1,0,1,1.0
Mmsm,5,2,7,0.71
Mmsn,9,4,13,0.69
Mmss,5,5,10,0.5
MnBB,17,6,23,0.74
MnBD,0,0,0,
MnBK,1,0,1,1.0
MnBL,2,4,6,0.33
MnBM,3,8,11,0.27
MnBN,12,16,28,0.43
MnBP,18,18,36,0.5
MnBS,4,6,10,0.4
MnBb,10,13,23,0.43
MnBh,1,2,3,0.33
MnBj,2,5,7,0.29
MnBl,6,4,10,0.6
MnBm,13,9,22,0.59
MnBn,22,17,39,0.56
MnBs,5,5,10,0.5
MnBt,1,3,4,0.25
MnDB,3,1,4,0.75
MnDH,0,3,3,0.0
MnDI,1,0,1,1.0
MnDL,0,2,2,0.0
MnDM,0,2,2,0.0
MnDN,1,1,2,0.5
MnDP,1,3,4,0.25
MnDS,1,2,3,0.33
MnDb,2,0,2,1.0
MnDm,1,0,1,1.0
MnDn,2,1,3,0.67
MnDs,0,1,1,0.0
MnHB,5,5,10,0.5
MnHD,0,1,1,0.0
MnHH,1,1,2,0.5
MnHI,1,0,1,1.0
MnHK,1,1,2,0.5
MnHL,3,3,6,0.5
MnHM,7,1,8,0.88
MnHN,13,13,26,0.5
MnHP,9,19,28,0.32
MnHS,6,4,10,0.6
MnHb,6,10,16,0.38
MnHh,2,3,5,0.4
MnHl,3,2,5,0.6
MnHm,6,6,12,0.5
MnHn,14,15,29,0.48
MnHs,2,7,9,0.22
MnHt,2,0,2,1.0
MnIB,0,3,3,0.0
MnIH,3,1,4,0.75
MnII,0,1,1,0.0
MnIL,0,0,0,
MnIM,3,2,5,0.6
MnIN,1,3,4,0.25
MnIP,5,2,7,0.71
MnIS,3,2,5,0.6
MnIb,1,3,4,0.25
MnIm,6,0,6,1.0
MnIn,1,2,3,0.33
MnIs,1,4,5,0.2
MnIt,0,1,1,0.0
MnKB,0,0,0,
MnKD,1,0,1,1.0
MnKI,0,0,0,
MnKL,0,1,1,0.0
MnKM,1,1,2,0.5
MnKN,0,1,1,0.0
MnKP,1,2,3,0.33
MnKS,2,0,2,1.0
MnKb,1,0,1,1.0
MnKh,0,0,0,
MnKm,0,1,1,0.0
MnKn,2,3,5,0.4
MnKs,0,2,2,0.0
MnLB,6,4,10,0.6
MnLK,0,1,1,0.0
MnLL,0,1,1,0.0
MnLM,5,4,9,0.56
MnLN,1,5,6,0.17
MnLP,5,4,9,0.56
MnLS,4,3,7,0.57
MnLb,6,2,8,0.75
MnLh,2,4,6,0.33
MnLj,1,2,3,0.33
MnLl,1,3,4,0.25
MnLm,2,2,4,0.5
MnLn,15,9,24,0.62
MnLs,4,6,10,0.4
MnLt,2,1,3,0.67
MnMB,5,7,12,0.42
MnMD,1,1,2,0.5
MnML,4,1,5,0.8
MnMM,7,9,16,0.44
MnMN,12,13,25,0.48
MnMP,14,18,32,0.44
MnMS,1,8,9,0.11
MnMb,11,11,22,0.5
MnMh,8,5,13,0.62
MnMj,3,2,5,0.6
MnMl,2,4,6,0.33
MnMm,11,14,25,0.44
MnMn,14,18,32,0.44
MnMs,9,9,18,0.5
MnMt,4,3,7,0.57
MnNB,10,16,26,0.38
MnND,1,1,2,0.5
MnNH,2,7,9,0.22
MnNK,3,1,4,0.75
MnNL,4,5,9,0.44
MnNM,18,21,39,0.46
MnNN,26,25,51,0.51
MnNP,38,39,77,0.49
MnNS,14,20,34,0.41
MnNb,18,16,34,0.53
MnNh,4,10,14,0.29
MnNl,13,4,17,0.76
MnNm,18,11,29,0.62
MnNn,33,44,77,0.43
MnNs,15,15,30,0.5
MnNt,7,3,10,0.7
MnPB,26,12,38,0.68
MnPD,3,0,3,1.0
MnPH,8,8,16,0.5
MnPI,3,4,7,0.43
MnPK,3,1,4,0.75
MnPL,9,8,17,0.53
MnPM,14,26,40,0.35
MnPN,26,30,56,0.46
MnPP,43,38,81,0.53
MnPS,23,24,47,0.49
MnPb,24,22,46,0.52
MnPh,7,2,9,0.78
MnPl,9,4,13,0.69
MnPm,24,11,35,0.69
MnPn,31,42,73,0.42
MnPs,25,21,46,0.54
MnPt,5,1,6,0.83
MnSB,3,12,15,0.2
MnSD,1,1,2,0.5
MnSH,2,5,7,0.29
MnSL,4,3,7,0.57
MnSM,8,11,19,0.42
MnSN,17,16,33,0.52
MnSP,15,18,33,0.45
MnSS,12,11,23,0.52
MnSb,12,8,20,0.6
MnSh,10,4,14,0.71
MnSl,7,5,12,0.58
MnSm,11,9,20,0.55
MnSn,18,18,36,0.5
MnSs,14,21,35,0.4
MnSt,1,1,2,0.5
MnbB,15,9,24,0.62
MnbH,6,9,15,0.4
MnbI,2,1,3,0.67
MnbJ,2,8,10,0.2
MnbK,3,2,5,0.6
MnbL,6,5,11,0.55
MnbM,18,18,36,0.5
MnbN,25,19,44,0.57
MnbP,20,18,38,0.53
MnbS,11,10,21,0.52
Mnbb,12,12,24,0.5
Mnbl,4,5,9,0.44
Mnbm,11,8,19,0.58
Mnbn,15,15,30,0.5
Mnbs,4,3,7,0.57
MnhB,0,0,0,
MnhH,0,1,1,0.0
MnhN,1,1,2,0.5
MnhP,2,0,2,1.0
MnhS,0,1,1,0.0
Mnhb,1,0,1,1.0
Mnhh,1,0,1,1.0
Mnhm,2,1,3,0.67
Mnhn,0,1,1,0.0
MnlB,7,3,10,0.7
MnlD,0,0,0,
MnlH,3,3,6,0.5
MnlJ,1,0,1,1.0
MnlL,2,0,2,1.0
MnlM,3,6,9,0.33
MnlN,6,7,13,0.46
MnlP,9,3,12,0.75
MnlS,4,6,10,0.4
Mnlb,3,6,9,0.33
Mnlm,6,3,9,0.67
Mnln,3,2,5,0.6
Mnls,3,0,3,1.0
MnmB,12,13,25,0.48
MnmD,1,2,3,0.33
MnmH,11,14,25,0.44
MnmI,4,1,5,0.8
MnmJ,2,2,4,0.5
MnmL,5,1,6,0.83
MnmM,13,10,23,0.57
MnmN,20,8,28,0.71
MnmP,18,12,30,0.6
MnmS,10,6,16,0.62
Mnmb,9,10,19,0.47
Mnml,3,5,8,0.38
Mnmm,9,10,19,0.47
Mnmn,11,9,20,0.55
Mnms,3,5,8,0.38
MnnB,12,9,21,0.57
MnnD,1,2,3,0.33
MnnH,11,10,21,0.52
MnnI,2,1,3,0.67
MnnK,0,3,3,0.0
MnnL,8,6,14,0.57
MnnM,13,17,30,0.43
MnnN,26,33,59,0.44
MnnP,23,42,65,0.35
MnnS,25,17,42,0.6
Mnnb,20,17,37,0.54
Mnnl,7,3,10,0.7
Mnnm,15,9,24,0.62
Mnnn,23,18,41,0.56
Mnns,11,12,23,0.48
MnsB,10,3,13,0.77
MnsD,1,1,2,0.5
MnsH,10,13,23,0.43
MnsI,2,1,3,0.67
MnsL,6,2,8,0.75
MnsM,4,8,12,0.33
MnsN,10,15,25,0.4
MnsP,26,10,36,0.72
MnsS,10,14,24,0.42
Mnsb,8,7,15,0.53
Mnsl,3,2,5,0.6
Mnsm,10,9,19,0.53
Mnsn,14,12,26,0.54
Mnss,7,7,14,0.5
MntN,1,0,1,1.0
MsBB,7,1,8,0.88
MsBD,1,0,1,1.0
MsBK,0,2,2,0.0
MsBL,2,2,4,0.5
MsBM,9,3,12,0.75
MsBN,3,4,7,0.43
MsBP,8,4,12,0.67
MsBS,4,6,10,0.4
MsBb,6,8,14,0.43
MsBh,0,1,1,0.0
MsBj,0,1,1,0.0
MsBl,3,3,6,0.5
MsBm,3,6,9,0.33
MsBn,5,8,13,0.38
MsBs,8,2,10,0.8
MsDB,0,1,1,0.0
MsDH,0,1,1,0.0
MsDM,0,0,0,
MsDN,1,1,2,0.5
MsDP,0,2,2,0.0
MsDS,1,3,4,0.25
MsDl,0,1,1,0.0
MsDm,1,0,1,1.0
MsDn,1,0,1,1.0
MsDs,0,1,1,0.0
MsHB,2,3,5,0.4
MsHD,2,0,2,1.0
MsHH,1,2,3,0.33
MsHI,2,1,3,0.67
MsHL,0,5,5,0.0
MsHM,7,8,15,0.47
MsHN,10,7,17,0.59
MsHP,13,8,21,0.62
MsHS,4,6,10,0.4
MsHb,4,6,10,0.4
MsHh,6,4,10,0.6
MsHl,2,4,6,0.33
MsHm,4,7,11,0.36
MsHn,6,13,19,0.32
MsHs,10,5,15,0.67
MsHt,1,0,1,1.0
MsIH,1,0,1,1.0
MsIM,1,1,2,0.5
MsIP,0,3,3,0.0
MsIS,1,2,3,0.33
MsIb,1,0,1,1.0
MsIm,1,0,1,1.0
MsIs,0,2,2,0.0
MsIt,0,1,1,0.0
MsKB,1,1,2,0.5
MsKS,0,0,0,
MsKh,0,2,2,0.0
MsKs,1,0,1,1.0
MsLB,2,2,4,0.5
MsLL,1,2,3,0.33
MsLM,1,1,2,0.5
MsLN,7,5,12,0.58
MsLP,4,2,6,0.67
MsLS,0,2,2,0.0
MsLb,0,6,6,0.0
MsLh,1,2,3,0.33
MsLj,0,1,1,0.0
MsLl,1,3,4,0.25
MsLm,1,1,2,0.5
MsLn,6,3,9,0.67
MsLs,3,1,4,0.75
MsLt,1,1,2,0.5
MsMB,1,9,10,0.1
MsMD,1,1,2,0.5
MsML,2,0,2,1.0
MsMM,7,5,12,0.58
MsMN,3,4,7,0.43
MsMP,8,12,20,0.4
MsMS,3,5,8,0.38
MsMb,10,8,18,0.56
MsMh,7,7,14,0.5
MsMj,0,2,2,0.0
MsMl,0,1,1,0.0
MsMm,8,2,10,0.8
MsMn,8,8,16,0.5
MsMs,9,5,14,0.64
MsMt,0,2,2,0.0
MsNB,7,5,12,0.58
MsND,2,0,2,1.0
MsNH,1,2,3,0.33
MsNL,2,4,6,0.33
MsNM,4,5,9,0.44
MsNN,8,13,21,0.38
MsNP,20,16,36,0.56
MsNS,8,4,12,0.67
MsNb,9,9,18,0.5
MsNh,2,1,3,0.67
MsNl,3,3,6,0.5
MsNm,8,4,12,0.67
MsNn,11,14,25,0.44
MsNs,9,12,21,0.43
MsNt,1,3,4,0.25
MsPB,8,8,16,0.5
MsPD,1,2,3,0.33
MsPH,6,1,7,0.86
MsPI,0,2,2,0.0
MsPK,1,0,1,1.0
MsPL,2,3,5,0.4
MsPM,16,8,24,0.67
MsPN,10,15,25,0.4
MsPP,17,15,32,0.53
MsPS,7,4,11,0.64
MsPb,10,14,24,0.42
MsPh,0,1,1,0.0
MsPl,5,5,10,0.5
MsPm,8,12,20,0.4
MsPn,15,7,22,0.68
MsPs,8,12,20,0.4
MsPt,3,0,3,1.0
MsSB,5,5,10,0.5
MsSD,4,2,6,0.67
MsSH,1,4,5,0.2
MsSL,2,1,3,0.67
MsSM,4,4,8,0.5
MsSN,10,8,18,0.56
MsSP,8,12,20,0.4
MsSS,11,10,21,0.52
MsSb,9,8,17,0.53
MsSh,4,5,9,0.44
MsSl,2,2,4,0.5
MsSm,9,8,17,0.53
MsSn,11,14,25,0.44
MsSs,8,5,13,0.62
MsSt,1,2,3,0.33
MsbB,4,3,7,0.57
MsbD,0,1,1,0.0
MsbH,2,1,3,0.67
MsbJ,2,3,5,0.4
MsbK,1,0,1,1.0
MsbL,3,0,3,1.0
MsbM,12,10,22,0.55
MsbN,16,6,22,0.73
MsbP,10,13,23,0.43
MsbS,4,4,8,0.5
Msbb,9,8,17,0.53
Msbl,1,3,4,0.25
Msbm,5,2,7,0.71
Msbn,5,2,7,0.71
Msbs,2,3,5,0.4
MshD,0,1,1,0.0
MshN,1,0,1,1.0
MshS,0,1,1,0.0
Mshh,0,1,1,0.0
Mshl,1,0,1,1.0
Mshs,2,0,2,1.0
MslB,1,0,1,1.0
MslD,1,0,1,1.0
MslI,2,0,2,1.0
MslJ,0,1,1,0.0
MslL,3,3,6,0.5
MslM,3,3,6,0.5
MslN,4,5,9,0.44
MslP,3,1,4,0.75
MslS,1,1,2,0.5
Mslb,4,1,5,0.8
Msll,4,2,6,0.67
Mslm,4,0,4,1.0
Msln,6,2,8,0.75
Msls,1,1,2,0.5
MsmB,8,6,14,0.57
MsmD,2,1,3,0.67
MsmH,3,4,7,0.43
MsmI,0,1,1,0.0
MsmJ,0,1,1,0.0
MsmK,1,0,1,1.0
MsmL,5,4,9,0.56
MsmM,9,8,17,0.53
MsmN,7,6,13,0.54
MsmP,11,5,16,0.69
MsmS,9,4,13,0.69
Msmb,6,7,13,0.46
Msml,5,1,6,0.83
Msmm,7,3,10,0.7
Msmn,7,7,14,0.5
Msms,10,4,14,0.71
MsnB,3,5,8,0.38
MsnD,3,2,5,0.6
MsnH,1,4,5,0.2
MsnI,1,0,1,1.0
MsnK,0,1,1,0.0
MsnL,1,3,4,0.25
MsnM,8,6,14,0.57
MsnN,4,14,18,0.22
MsnP,6,6,12,0.5
MsnS,7,5,12,0.58
Msnb,3,5,8,0.38
Msnl,2,3,5,0.4
Msnm,3,6,9,0.33
Msnn,5,3,8,0.62
Msns,4,3,7,0.57
MssB,3,5,8,0.38
MssD,0,0,0,
MssH,10,7,17,0.59
MssI,1,0,1,1.0
MssL,6,1,7,0.86
MssM,6,11,17,0.35
MssN,9,9,18,0.5
MssP,5,12,17,0.29
MssS,14,4,18,0.78
Mssb,5,7,12,0.42
Mssl,2,3,5,0.4
Mssm,8,9,17,0.47
Mssn,3,3,6,0.5
Msss,12,11,23,0.52
MstB,0,1,1,0.0
MstM,1,0,1,1.0
MtBB,1,2,3,0.33
MtBL,1,0,1,1.0
MtBM,2,1,3,0.67
MtBN,2,0,2,1.0
MtBP,2,3,5,0.4
MtBS,0,0,0,
MtBb,1,1,2,0.5
MtBj,1,0,1,1.0
MtBl,1,0,1,1.0
MtBm,2,2,4,0.5
MtBn,2,4,6,0.33
MtBs,1,0,1,1.0
MtBt,0,0,0,
MtDM,0,1,1,0.0
MtDN,0,0,0,
MtDb,0,1,1,0.0
MtDn,0,1,1,0.0
MtDs,1,0,1,1.0
MtHH,1,1,2,0.5
MtHM,1,0,1,1.0
MtHN,0,4,4,0.0
MtHP,2,0,2,1.0
MtHh,1,1,2,0.5
MtHl,1,0,1,1.0
MtHm,2,0,2,1.0
MtHn,1,1,2,0.5
MtHs,2,2,4,0.5
MtIn,0,1,1,0.0
MtKB,1,0,1,1.0
MtKh,1,0,1,1.0
MtLB,0,0,0,
MtLL,0,1,1,0.0
MtLM,0,1,1,0.0
MtLN,0,1,1,0.0
MtLP,1,1,2,0.5
MtLS,0,1,1,0.0
MtLb,0,1,1,0.0
MtLl,1,0,1,1.0
MtLm,1,0,1,1.0
MtMB,1,1,2,0.5
MtMM,0,3,3,0.0
MtMN,2,2,4,0.5
MtMP,1,2,3,0.33
MtMS,4,0,4,1.0
MtMb,3,0,3,1.0
MtMh,1,0,1,1.0
MtMj,1,0,1,1.0
MtMm,2,1,3,0.67
MtMn,3,4,7,0.43
MtMs,1,0,1,1.0
MtNB,3,0,3,1.0
MtNL,0,1,1,0.0
MtNM,1,2,3,0.33
MtNN,3,4,7,0.43
MtNP,3,5,8,0.38
MtNS,3,2,5,0.6
MtNb,3,1,4,0.75
MtNl,0,1,1,0.0
MtNm,2,1,3,0.67
MtNn,5,0,5,1.0
MtNs,1,2,3,0.33
MtPB,2,1,3,0.67
MtPH,0,1,1,0.0
MtPI,1,0,1,1.0
MtPL,0,3,3,0.0
MtPM,3,1,4,0.75
MtPN,4,4,8,0.5
MtPP,2,4,6,0.33
MtPS,1,1,2,0.5
MtPb,1,3,4,0.25
MtPh,0,0,0,
MtPl,0,1,1,0.0
MtPm,5,4,9,0.56
MtPn,2,4,6,0.33
MtPs,3,0,3,1.0
MtSB,0,2,2,0.0
MtSD,0,1,1,0.0
MtSH,2,1,3,0.67
MtSI,1,0,1,1.0
MtSM,0,1,1,0.0
MtSN,2,2,4,0.5
MtSP,2,0,2,1.0
MtSS,2,3,5,0.4
MtSb,1,1,2,0.5
MtSh,2,1,3,0.67
MtSl,2,0,2,1.0
MtSm,1,0,1,1.0
MtSn,0,1,1,0.0
MtSs,2,2,4,0.5
MtbB,2,0,2,1.0
MtbH,0,1,1,0.0
MtbJ,1,0,1,1.0
MtbK,0,0,0,
MtbM,3,2,5,0.6
MtbN,5,3,8,0.62
MtbP,3,1,4,0.75
MtbS,1,0,1,1.0
Mtbb,3,0,3,1.0
Mtbl,3,1,4,0.75
Mtbm,0,2,2,0.0
Mtbs,1,1,2,0.5
MtlJ,0,1,1,0.0
MtlP,2,0,2,1.0
Mtlb,0,1,1,0.0
Mtln,2,0,2,1.0
Mtls,0,0,0,
MtmB,3,0,3,1.0
MtmD,1,0,1,1.0
MtmL,0,1,1,0.0
MtmM,2,1,3,0.67
MtmN,2,1,3,0.67
MtmP,1,0,1,1.0
MtmS,0,3,3,0.0
Mtmb,2,0,2,1.0
Mtml,3,0,3,1.0
Mtmm,1,1,2,0.5
Mtmn,2,2,4,0.5
Mtms,0,2,2,0.0
MtnB,1,0,1,1.0
MtnD,0,1,1,0.0
MtnH,3,3,6,0.5
MtnL,0,3,3,0.0
MtnM,1,0,1,1.0
MtnN,3,0,3,1.0
MtnP,4,1,5,0.8
MtnS,0,1,1,0.0
Mtnb,5,1,6,0.83
Mtnh,0,0,0,
Mtnl,1,1,2,0.5
Mtnn,4,0,4,1.0
Mtns,1,3,4,0.25
MtsB,1,1,2,0.5
MtsH,2,1,3,0.67
MtsL,0,0,0,
MtsM,0,1,1,0.0
MtsN,0,2,2,0.0
MtsP,2,1,3,0.67
Mtsb,2,0,2,1.0
Mtsm,2,0,2,1.0
Mtss,1,2,3,0.33
MttB,1,0,1,1.0
MttD,0,1,1,0.0
MttN,1,1,2,0.5
Mttb,1,0,1,1.0
Mttm,1,0,1,1.0
Mttn,0,3,3,0.0
Mtts,0,1,1,0.0
NBBB,14,15,29,0.48
NBBD,1,1,2,0.5
NBBK,0,1,1,0.0
NBBL,3,3,6,0.5
NBBM,5,7,12,0.42
NBBN,14,14,28,0.5
NBBP,13,20,33,0.39
NBBS,3,4,7,0.43
NBBb,13,18,31,0.42
NBBj,10,3,13,0.77
NBBl,4,6,10,0.4
NBBm,8,8,16,0.5
NBBn,8,14,22,0.36
NBBs,5,2,7,0.71
NBBt,2,2,4,0.5
NBDB,1,1,2,0.5
NBDH,0,1,1,0.0
NBDM,0,1,1,0.0
NBDN,0,2,2,0.0
NBDP,1,0,1,1.0
NBDS,2,0,2,1.0
NBDb,1,2,3,0.33
NBDm,2,0,2,1.0
NBDn,3,1,4,0.75
NBDs,1,0,1,1.0
NBHL,0,1,1,0.0
NBHM,1,0,1,1.0
NBKB,3,1,4,0.75
NBKN,0,1,1,0.0
NBKP,0,1,1,0.0
NBKb,1,4,5,0.2
NBKh,1,0,1,1.0
NBKm,1,2,3,0.33
NBKn,1,0,1,1.0
NBKs,0,1,1,0.0
NBLB,0,7,7,0.0
NBLD,1,0,1,1.0
NBLL,2,0,2,1.0
NBLM,4,2,6,0.67
NBLN,2,3,5,0.4
NBLP,9,5,14,0.64
NBLS,0,3,3,0.0
NBLb,4,5,9,0.44
NBLh,3,1,4,0.75
NBLj,0,0,0,
NBLl,0,1,1,0.0
NBLm,5,2,7,0.71
NBLn,7,12,19,0.37
NBLs,1,4,5,0.2
NBLt,1,0,1,1.0
NBMB,6,15,21,0.29
NBML,3,3,6,0.5
NBMM,9,9,18,0.5
NBMN,5,5,10,0.5
NBMP,9,13,22,0.41
NBMS,3,2,5,0.6
NBMb,5,12,17,0.29
NBMh,11,7,18,0.61
NBMj,2,1,3,0.67
NBMl,1,9,10,0.1
NBMm,12,9,21,0.57
NBMn,17,13,30,0.57
NBMs,4,8,12,0.33
NBMt,1,0,1,1.0
NBNB,9,14,23,0.39
NBND,0,1,1,0.0
NBNH,1,2,3,0.33
NBNK,0,2,2,0.0
NBNL,5,7,12,0.42
NBNM,5,11,16,0.31
NBNN,17,15,32,0.53
NBNP,13,24,37,0.35
NBNS,3,10,13,0.23
NBNb,16,12,28,0.57
NBNh,11,5,16,0.69
NBNl,11,4,15,0.73
NBNm,12,12,24,0.5
NBNn,21,17,38,0.55
NBNs,12,10,22,0.55
NBNt,4,4,8,0.5
NBPB,10,17,27,0.37
NBPD,0,1,1,0.0
NBPH,2,5,7,0.29
NBPI,1,3,4,0.25
NBPK,0,1,1,0.0
NBPL,5,5,10,0.5
NBPM,13,26,39,0.33
NBPN,26,24,50,0.52
NBPP,29,36,65,0.45
NBPS,5,9,14,0.36
NBPb,10,18,28,0.36
NBPh,1,1,2,0.5
NBPl,6,6,12,0.5
NBPm,13,9,22,0.59
NBPn,15,19,34,0.44
NBPs,8,9,17,0.47
NBPt,1,1,2,0.5
NBSB,3,2,5,0.6
NBSD,0,0,0,
NBSH,2,1,3,0.67
NBSL,4,4,8,0.5
NBSM,4,3,7,0.57
NBSN,3,4,7,0.43
NBSP,8,11,19,0.42
NBSS,6,9,15,0.4
NBSb,4,5,9,0.44
NBSh,3,3,6,0.5
NBSl,2,3,5,0.4
NBSm,4,4,8,0.5
NBSn,7,8,15,0.47
NBSs,8,5,13,0.62
NBbB,5,11,16,0.31
NBbH,4,2,6,0.67
NBbI,4,1,5,0.8
NBbJ,3,3,6,0.5
NBbK,0,2,2,0.0
NBbL,2,3,5,0.4
NBbM,7,12,19,0.37
NBbN,18,14,32,0.56
NBbP,16,19,35,0.46
NBbS,5,7,12,0.42
NBbb,15,9,24,0.62
NBbl,2,3,5,0.4
NBbm,16,5,21,0.76
NBbn,9,12,21,0.43
NBbs,9,9,18,0.5
NBhB,1,0,1,1.0
NBhK,1,0,1,1.0
NBhM,1,2,3,0.33
NBhN,2,2,4,0.5
NBhP,0,2,2,0.0
NBhS,0,1,1,0.0
NBhb,1,0,1,1.0
NBhh,0,1,1,0.0
NBhl,1,0,1,1.0
NBhm,1,1,2,0.5
NBhn,2,5,7,0.29
NBhs,0,2,2,0.0
NBjB,6,2,8,0.75
NBjH,0,0,0,
NBjL,0,0,0,
NBjM,2,5,7,0.29
NBjN,3,8,11,0.27
NBjP,6,6,12,0.5
NBjS,0,3,3,0.0
NBjb,5,3,8,0.62
NBjh,2,0,2,1.0
NBjl,0,2,2,0.0
NBjm,1,3,4,0.25
NBjn,2,3,5,0.4
NBjs,1,1,2,0.5
NBlB,3,1,4,0.75
NBlD,2,1,3,0.67
NBlH,3,2,5,0.6
NBlI,1,1,2,0.5
NBlJ,1,2,3,0.33
NBlL,1,5,6,0.17
NBlM,5,7,12,0.42
NBlN,4,5,9,0.44
NBlP,7,5,12,0.58
NBlS,4,3,7,0.57
NBlb,3,2,5,0.6
NBll,1,3,4,0.25
NBlm,5,5,10,0.5
NBln,4,2,6,0.67
NBls,4,1,5,0.8
NBmB,8,8,16,0.5
NBmD,2,1,3,0.67
NBmH,7,6,13,0.54
NBmI,2,1,3,0.67
NBmJ,2,0,2,1.0
NBmL,5,4,9,0.56
NBmM,10,10,20,0.5
NBmN,9,12,21,0.43
NBmP,18,11,29,0.62
NBmS,4,10,14,0.29
NBmb,13,10,23,0.57
NBml,7,1,8,0.88
NBmm,8,7,15,0.53
NBmn,6,8,14,0.43
NBms,5,6,11,0.45
NBnB,11,8,19,0.58
NBnD,1,0,1,1.0
NBnH,10,4,14,0.71
NBnI,3,3,6,0.5
NBnK,0,2,2,0.0
NBnL,3,7,10,0.3
NBnM,12,11,23,0.52
NBnN,24,17,41,0.59
NBnP,17,22,39,0.44
NBnS,16,6,22,0.73
NBnb,16,11,27,0.59
NBnl,3,7,10,0.3
NBnm,22,10,32,0.69
NBnn,23,20,43,0.53
NBns,10,11,21,0.48
NBsB,8,3,11,0.73
NBsD,1,1,2,0.5
NBsH,5,4,9,0.56
NBsI,0,1,1,0.0
NBsL,3,2,5,0.6
NBsM,3,6,9,0.33
NBsN,10,4,14,0.71
NBsP,11,15,26,0.42
NBsS,5,4,9,0.56
NBsb,3,7,10,0.3
NBsh,1,0,1,1.0
NBsl,3,2,5,0.6
NBsm,5,3,8,0.62
NBsn,5,4,9,0.56
NBss,6,7,13,0.46
NBtB,0,5,5,0.0
NBtH,0,2,2,0.0
NBtL,1,2,3,0.33
NBtM,1,4,5,0.2
NBtN,1,3,4,0.25
NBtP,4,5,9,0.44
NBtS,1,0,1,1.0
NBtb,2,3,5,0.4
NBth,1,0,1,1.0
NBtl,0,1,1,0.0
NBtm,1,1,2,0.5
NBtn,0,1,1,0.0
NBts,0,0,0,
NBtt,2,0,2,1.0
NDBB,2,2,4,0.5
NDBL,0,0,0,
NDBM,1,1,2,0.5
NDBN,1,1,2,0.5
NDBP,1,0,1,1.0
NDBS,1,0,1,1.0
NDBb,2,1,3,0.67
NDBl,2,0,2,1.0
NDBm,1,1,2,0.5
NDBn,4,1,5,0.8
NDBs,0,0,0,
NDDH,0,1,1,0.0
NDDN,1,0,1,1.0
NDDP,1,0,1,1.0
NDDS,0,1,1,0.0
NDDs,0,1,1,0.0
NDHB,0,1,1,0.0
NDHH,1,0,1,1.0
NDHI,1,0,1,1.0
NDHM,1,1,2,0.5
NDHN,1,0,1,1.0
NDHP,4,2,6,0.67
NDHS,2,0,2,1.0
NDHb,0,2,2,0.0
NDHm,0,4,4,0.0
NDHn,1,2,3,0.33
NDHs,2,2,4,0.5
NDIP,0,1,1,0.0
NDIb,0,1,1,0.0
NDKs,1,0,1,1.0
NDLB,1,1,2,0.5
NDLH,0,0,0,
NDLP,0,3,3,0.0
NDLb,0,1,1,0.0
NDLh,0,2,2,0.0
NDLm,0,1,1,0.0
NDLn,1,0,1,1.0
NDLs,0,0,0,
NDMM,0,0,0,
NDMN,1,0,1,1.0
NDMP,1,0,1,1.0
NDMS,0,1,1,0.0
NDMb,1,0,1,1.0
NDMh,1,2,3,0.33
NDMm,2,1,3,0.67
NDMn,1,0,1,1.0
NDMs,0,1,1,0.0
NDNB,1,1,2,0.5
NDNH,0,1,1,0.0
NDNK,0,1,1,0.0
NDNL,1,1,2,0.5
NDNM,5,4,9,0.56
NDNN,0,1,1,0.0
NDNP,1,1,2,0.5
NDNS,2,3,5,0.4
NDNh,0,1,1,0.0
NDNl,1,0,1,1.0
NDNm,5,0,5,1.0
NDNn,3,2,5,0.6
NDNs,1,0,1,1.0
NDNt,1,0,1,1.0
NDPB,1,0,1,1.0
NDPH,0,1,1,0.0
NDPI,1,0,1,1.0
NDPL,1,0,1,1.0
NDPM,3,0,3,1.0
NDPN,0,1,1,0.0
NDPP,2,4,6,0.33
NDPS,2,1,3,0.67
NDPb,2,2,4,0.5
NDPl,1,1,2,0.5
NDPm,2,1,3,0.67
NDPs,1,1,2,0.5
NDPt,1,0,1,1.0
NDSB,2,1,3,0.67
NDSD,0,1,1,0.0
NDSM,3,1,4,0.75
NDSN,1,0,1,1.0
NDSP,2,2,4,0.5
NDSS,0,1,1,0.0
NDSb,0,1,1,0.0
NDSl,1,0,1,1.0
NDSm,0,1,1,0.0
NDSn,1,1,2,0.5
NDSs,1,1,2,0.5
NDSt,0,0,0,
NDbB,0,2,2,0.0
NDbH,0,1,1,0.0
NDbM,0,0,0,
NDbN,1,1,2,0.5
NDbb,1,0,1,1.0
NDbm,0,1,1,0.0
NDbn,0,2,2,0.0
NDbs,0,2,2,0.0
NDhS,0,1,1,0.0
NDlB,1,0,1,1.0
NDlL,0,0,0,
NDlM,1,1,2,0.5
NDlN,1,0,1,1.0
NDlP,1,1,2,0.5
NDll,0,1,1,0.0
NDlm,0,1,1,0.0
NDln,0,0,0,
NDmB,0,0,0,
NDmD,0,0,0,
NDmH,1,0,1,1.0
NDmJ,1,0,1,1.0
NDmL,0,1,1,0.0
NDmM,3,1,4,0.75
NDmN,0,2,2,0.0
NDmP,2,0,2,1.0
NDmS,2,4,6,0.33
NDmb,1,3,4,0.25
NDml,0,0,0,
NDmn,2,1,3,0.67
NDms,1,0,1,1.0
NDnB,2,1,3,0.67
NDnD,0,1,1,0.0
NDnH,0,0,0,
NDnI,0,1,1,0.0
NDnK,0,1,1,0.0
NDnM,2,1,3,0.67
NDnN,1,2,3,0.33
NDnP,0,2,2,0.0
NDnS,2,2,4,0.5
NDnb,1,0,1,1.0
NDnl,1,0,1,1.0
NDnm,4,1,5,0.8
NDnn,1,1,2,0.5
NDns,2,2,4,0.5
NDsB,1,0,1,1.0
NDsD,0,1,1,0.0
NDsH,2,1,3,0.67
NDsI,2,0,2,1.0
NDsM,1,1,2,0.5
NDsN,2,1,3,0.67
NDsP,1,1,2,0.5
NDsS,0,3,3,0.0
NDsb,4,1,5,0.8
NDsl,0,1,1,0.0
NDsm,0,1,1,0.0
NDsn,2,0,2,1.0
NDss,1,0,1,1.0
NDtM,0,1,1,0.0
NDtP,0,1,1,0.0
NHBB,0,1,1,0.0
NHBD,1,0,1,1.0
NHBL,2,1,3,0.67
NHBM,3,1,4,0.75
NHBN,3,2,5,0.6
NHBP,0,4,4,0.0
NHBS,0,1,1,0.0
NHBb,5,2,7,0.71
NHBh,0,1,1,0.0
NHBj,0,0,0,
NHBl,1,0,1,1.0
NHBm,1,2,3,0.33
NHBn,0,0,0,
NHBs,1,1,2,0.5
NHBt,0,1,1,0.0
NHDM,1,0,1,1.0
NHDS,2,0,2,1.0
NHDn,1,0,1,1.0
NHDs,1,0,1,1.0
NHHB,0,1,1,0.0
NHHH,0,0,0,
NHHI,0,1,1,0.0
NHHM,1,0,1,1.0
NHHN,1,0,1,1.0
NHHP,0,3,3,0.0
NHHS,0,1,1,0.0
NHHb,1,0,1,1.0
NHHm,2,1,3,0.67
NHHn,1,0,1,1.0
NHII,2,1,3,0.67
NHIN,1,0,1,1.0
NHIP,0,1,1,0.0
NHIS,0,1,1,0.0
NHIs,0,1,1,0.0
NHKM,0,1,1,0.0
NHKP,1,0,1,1.0
NHKS,0,0,0,
NHKb,0,1,1,0.0
NHKs,0,1,1,0.0
NHLL,0,1,1,0.0
NHLM,0,1,1,0.0
NHLN,1,3,4,0.25
NHLP,1,2,3,0.33
NHLS,1,0,1,1.0
NHLb,0,3,3,0.0
NHLh,0,1,1,0.0
NHLm,0,3,3,0.0
NHLn,1,1,2,0.5
NHLs,1,0,1,1.0
NHLt,0,0,0,
NHMB,1,2,3,0.33
NHMD,0,1,1,0.0
NHMM,4,0,4,1.0
NHMN,1,4,5,0.2
NHMP,1,2,3,0.33
NHMS,1,2,3,0.33
NHMb,2,1,3,0.67
NHMh,2,0,2,1.0
NHMj,0,4,4,0.0
NHMl,1,0,1,1.0
NHMm,2,1,3,0.67
NHMn,5,4,9,0.56
NHMs,1,3,4,0.25
NHNB,3,4,7,0.43
NHND,0,0,0,
NHNM,3,2,5,0.6
NHNN,3,3,6,0.5
NHNP,3,4,7,0.43
NHNS,5,4,9,0.56
NHNb,3,4,7,0.43
NHNh,5,0,5,1.0
NHNl,2,1,3,0.67
NHNm,0,2,2,0.0
NHNn,3,2,5,0.6
NHNs,3,3,6,0.5
NHNt,0,1,1,0.0
NHPB,2,4,6,0.33
NHPD,1,0,1,1.0
NHPH,2,0,2,1.0
NHPI,1,1,2,0.5
NHPL,0,2,2,0.0
NHPM,4,2,6,0.67
NHPN,6,6,12,0.5
NHPP,8,5,13,0.62
NHPS,1,1,2,0.5
NHPb,5,3,8,0.62
NHPh,2,1,3,0.67
NHPm,7,3,10,0.7
NHPn,3,6,9,0.33
NHPs,5,3,8,0.62
NHSB,1,0,1,1.0
NHSH,2,1,3,0.67
NHSL,0,2,2,0.0
NHSM,2,0,2,1.0
NHSN,1,1,2,0.5
NHSP,3,3,6,0.5
NHSS,1,1,2,0.5
NHSb,4,0,4,1.0
NHSh,1,1,2,0.5
NHSm,1,1,2,0.5
NHSn,6,3,9,0.67
NHSs,1,2,3,0.33
NHbB,4,0,4,1.0
NHbJ,1,2,3,0.33
NHbM,1,2,3,0.33
NHbN,2,1,3,0.67
NHbP,1,1,2,0.5
NHbS,1,2,3,0.33
NHbm,1,0,1,1.0
NHbn,3,3,6,0.5
NHbs,3,1,4,0.75
NHhH,0,0,0,
NHhL,1,0,1,1.0
NHhM,0,1,1,0.0
NHhP,0,1,1,0.0
NHhS,0,0,0,
NHhh,1,0,1,1.0
NHhm,1,1,2,0.5
NHhn,0,1,1,0.0
NHhs,1,0,1,1.0
NHlB,0,1,1,0.0
NHlL,2,1,3,0.67
NHlM,0,1,1,0.0
NHlN,1,0,1,1.0
NHlP,2,1,3,0.67
NHlS,2,0,2,1.0
NHlb,3,0,3,1.0
NHlm,0,0,0,
NHln,0,1,1,0.0
NHls,1,1,2,0.5
NHmB,2,1,3,0.67
NHmH,2,0,2,1.0
NHmJ,1,0,1,1.0
NHmM,2,3,5,0.4
NHmN,2,2,4,0.5
NHmP,1,3,4,0.25
NHmS,2,1,3,0.67
NHmb,3,1,4,0.75
NHml,3,0,3,1.0
NHmm,0,0,0,
NHmn,0,1,1,0.0
NHms,1,2,3,0.33
NHnB,2,2,4,0.5
NHnM,3,1,4,0.75
NHnN,2,3,5,0.4
NHnP,4,7,11,0.36
NHnS,1,3,4,0.25
NHnb,4,5,9,0.44
NHnh,1,0,1,1.0
NHnl,0,1,1,0.0
NHnm,3,1,4,0.75
NHnn,4,2,6,0.67
NHns,1,2,3,0.33
NHsB,0,1,1,0.0
NHsD,0,1,1,0.0
NHsH,3,1,4,0.75
NHsM,1,1,2,0.5
NHsN,1,4,5,0.2
NHsP,1,3,4,0.25
NHsS,3,0,3,1.0
NHsb,0,1,1,0.0
NHsl,0,0,0,
NHsm,1,0,1,1.0
NHsn,1,2,3,0.33
NHss,3,1,4,0.75
NHtB,0,1,1,0.0
NHtM,1,1,2,0.5
NHtS,0,0,0,
NIBm,0,0,0,
NIHm,0,1,1,0.0
NIMB,1,0,1,1.0
NIMP,1,1,2,0.5
NIMb,1,0,1,1.0
NIMj,1,0,1,1.0
NIMm,0,1,1,0.0
NINP,0,1,1,0.0
NINb,0,1,1,0.0
NIPB,1,1,2,0.5
NIPI,0,1,1,0.0
NIPP,0,0,0,
NIPb,1,1,2,0.5
NIPs,0,1,1,0.0
NISS,0,2,2,0.0
NIbP,1,0,1,1.0
NIbl,1,0,1,1.0
NImL,1,0,1,1.0
NInP,0,1,1,0.0
NKBB,0,0,0,
NKBK,0,1,1,0.0
NKBL,0,0,0,
NKBN,2,1,3,0.67
NKBP,0,1,1,0.0
NKBS,0,1,1,0.0
NKBj,0,1,1,0.0
NKBl,0,2,2,0.0
NKBm,1,1,2,0.5
NKBn,1,1,2,0.5
NKBs,1,1,2,0.5
NKBt,0,1,1,0.0
NKHB,0,0,0,
NKHP,1,1,2,0.5
NKHb,1,0,1,1.0
NKHn,2,0,2,1.0
NKHs,0,1,1,0.0
NKIN,1,0,1,1.0
NKLL,0,1,1,0.0
NKLP,1,0,1,1.0
NKLS,0,1,1,0.0
NKLb,1,1,2,0.5
NKLh,0,2,2,0.0
NKLj,0,0,0,
NKLm,0,1,1,0.0
NKLs,2,0,2,1.0
NKML,1,0,1,1.0
NKMM,1,2,3,0.33
NKMN,1,1,2,0.5
NKMP,2,0,2,1.0
NKMS,1,0,1,1.0
NKMb,2,0,2,1.0
NKMh,1,0,1,1.0
NKMl,1,0,1,1.0
NKMm,2,2,4,0.5
NKMn,1,3,4,0.25
NKMs,0,1,1,0.0
NKMt,0,0,0,
NKNB,2,0,2,1.0
NKNL,1,0,1,1.0
NKNM,1,2,3,0.33
NKNN,2,2,4,0.5
NKNP,0,1,1,0.0
NKNS,0,1,1,0.0
NKNh,0,0,0,
NKNl,0,1,1,0.0
NKNm,0,2,2,0.0
NKNn,1,0,1,1.0
NKNs,0,0,0,
NKPB,4,0,4,1.0
NKPH,0,1,1,0.0
NKPL,1,1,2,0.5
NKPM,0,1,1,0.0
NKPN,3,0,3,1.0
NKPP,4,5,9,0.44
NKPS,0,1,1,0.0
NKPb,2,1,3,0.67
NKPh,1,0,1,1.0
NKPm,1,0,1,1.0
NKPn,4,3,7,0.57
NKPs,1,0,1,1.0
NKPt,1,0,1,1.0
NKSB,1,0,1,1.0
NKSH,1,0,1,1.0
NKSL,0,2,2,0.0
NKSN,0,1,1,0.0
NKSP,1,0,1,1.0
NKSS,1,1,2,0.5
NKSb,0,0,0,
NKSh,0,1,1,0.0
NKSl,0,0,0,
NKSm,1,0,1,1.0
NKSn,3,1,4,0.75
NKbM,1,1,2,0.5
NKbN,0,1,1,0.0
NKbP,1,0,1,1.0
NKbS,0,2,2,0.0
NKbb,0,1,1,0.0
NKbl,0,2,2,0.0
NKbm,0,0,0,
NKbn,1,1,2,0.5
NKbs,1,0,1,1.0
NKhB,1,5,6,0.17
NKhN,0,1,1,0.0
NKhP,0,1,1,0.0
NKhS,1,1,2,0.5
NKhb,0,3,3,0.0
NKhh,0,0,0,
NKhl,1,0,1,1.0
NKhn,0,1,1,0.0
NKlI,1,0,1,1.0
NKlL,1,0,1,1.0
NKlM,0,1,1,0.0
NKlN,0,2,2,0.0
NKlP,0,1,1,0.0
NKlb,3,1,4,0.75
NKll,0,1,1,0.0
NKlm,1,0,1,1.0
NKln,0,1,1,0.0
NKls,1,0,1,1.0
NKmD,0,1,1,0.0
NKmH,0,0,0,
NKmM,3,0,3,1.0
NKmN,1,0,1,1.0
NKmS,0,1,1,0.0
NKmb,0,3,3,0.0
NKmm,0,1,1,0.0
NKms,0,2,2,0.0
NKnB,0,1,1,0.0
NKnH,0,1,1,0.0
NKnK,0,0,0,
NKnL,1,1,2,0.5
NKnM,1,0,1,1.0
NKnN,1,2,3,0.33
NKnP,1,0,1,1.0
NKnb,0,3,3,0.0
NKnm,0,1,1,0.0
NKnn,0,1,1,0.0
NKns,0,2,2,0.0
NKsB,0,1,1,0.0
NKsH,1,2,3,0.33
NKsI,1,0,1,1.0
NKsM,3,0,3,1.0
NKsN,0,3,3,0.0
NKsP,2,1,3,0.67
NKsS,2,2,4,0.5
NKsb,1,0,1,1.0
NKsl,1,0,1,1.0
NKsm,3,0,3,1.0
NKsn,0,1,1,0.0
NKss,1,0,1,1.0
NKtN,1,0,1,1.0
NKtm,1,0,1,1.0
NKts,0,2,2,0.0
NLBB,2,5,7,0.29
NLBD,0,1,1,0.0
NLBL,0,2,2,0.0
NLBM,2,3,5,0.4
NLBN,8,7,15,0.53
NLBP,8,6,14,0.57
NLBS,2,0,2,1.0
NLBb,5,3,8,0.62
NLBh,0,1,1,0.0
NLBj,0,1,1,0.0
NLBl,3,2,5,0.6
NLBm,6,3,9,0.67
NLBn,10,7,17,0.59
NLBs,3,3,6,0.5
NLBt,0,0,0,
NLDH,1,2,3,0.33
NLDP,1,1,2,0.5
NLDS,0,1,1,0.0
NLDl,0,1,1,0.0
NLDs,0,1,1,0.0
NLHn,0,1,1,0.0
NLHs,1,0,1,1.0
NLKH,0,1,1,0.0
NLKN,1,1,2,0.5
NLKP,1,0,1,1.0
NLKl,0,0,0,
NLLB,3,1,4,0.75
NLLK,0,1,1,0.0
NLLL,0,1,1,0.0
NLLM,1,1,2,0.5
NLLN,2,1,3,0.67
NLLP,4,1,5,0.8
NLLS,3,0,3,1.0
NLLb,2,3,5,0.4
NLLj,0,1,1,0.0
NLLl,0,3,3,0.0
NLLm,0,1,1,0.0
NLLn,2,3,5,0.4
NLLs,1,4,5,0.2
NLLt,0,1,1,0.0
NLMB,5,4,9,0.56
NLML,0,1,1,0.0
NLMM,1,2,3,0.33
NLMN,3,1,4,0.75
NLMP,5,7,12,0.42
NLMS,2,1,3,0.67
NLMb,4,5,9,0.44
NLMh,1,2,3,0.33
NLMj,2,2,4,0.5
NLMl,3,4,7,0.43
NLMm,6,3,9,0.67
NLMn,10,5,15,0.67
NLMs,2,2,4,0.5
NLMt,0,1,1,0.0
NLNB,6,7,13,0.46
NLND,1,0,1,1.0
NLNL,1,2,3,0.33
NLNM,4,4,8,0.5
NLNN,3,4,7,0.43
NLNP,7,5,12,0.58
NLNS,5,0,5,1.0
NLNb,4,2,6,0.67
NLNh,1,2,3,0.33
NLNl,1,2,3,0.33
NLNm,4,3,7,0.57
NLNn,7,5,12,0.58
NLNs,1,7,8,0.12
NLNt,2,0,2,1.0
NLPB,6,3,9,0.67
NLPD,0,1,1,0.0
NLPH,1,0,1,1.0
NLPI,0,2,2,0.0
NLPK,0,0,0,
NLPL,4,5,9,0.44
NLPM,7,5,12,0.58
NLPN,7,11,18,0.39
NLPP,8,14,22,0.36
NLPS,2,7,9,0.22
NLPb,6,7,13,0.46
NLPh,0,2,2,0.0
NLPl,2,2,4,0.5
NLPm,7,8,15,0.47
NLPn,8,9,17,0.47
NLPs,7,5,12,0.58
NLPt,0,0,0,
NLSB,3,4,7,0.43
NLSD,1,0,1,1.0
NLSH,0,4,4,0.0
NLSL,0,1,1,0.0
NLSM,3,3,6,0.5
NLSN,3,5,8,0.38
NLSP,4,4,8,0.5
NLSS,4,1,5,0.8
NLSh,4,3,7,0.57
NLSl,2,2,4,0.5
NLSm,4,0,4,1.0
NLSn,3,0,3,1.0
NLSs,3,4,7,0.43
NLSt,0,1,1,0.0
NLbB,3,4,7,0.43
NLbH,1,1,2,0.5
NLbI,1,2,3,0.33
NLbJ,1,0,1,1.0
NLbL,2,1,3,0.67
NLbM,3,7,10,0.3
NLbN,7,7,14,0.5
NLbP,2,5,7,0.29
NLbS,6,4,10,0.6
NLbb,4,7,11,0.36
NLbl,4,0,4,1.0
NLbm,1,2,3,0.33
NLbn,6,3,9,0.67
NLbs,1,1,2,0.5
NLhB,1,3,4,0.25
NLhD,0,1,1,0.0
NLhH,1,0,1,1.0
NLhK,0,0,0,
NLhL,2,0,2,1.0
NLhM,0,1,1,0.0
NLhN,2,0,2,1.0
NLhP,1,9,10,0.1
NLhS,3,0,3,1.0
NLhb,1,3,4,0.25
NLhh,1,2,3,0.33
NLhl,0,0,0,
NLhm,0,2,2,0.0
NLhn,0,0,0,
NLhs,1,2,3,0.33
NLht,0,2,2,0.0
NLjB,2,1,3,0.67
NLjH,0,0,0,
NLjM,1,1,2,0.5
NLjN,0,3,3,0.0
NLjP,4,1,5,0.8
NLjS,1,2,3,0.33
NLjb,3,2,5,0.6
NLjh,2,0,2,1.0
NLjl,1,0,1,1.0
NLjm,1,1,2,0.5
NLjn,1,1,2,0.5
NLlB,3,3,6,0.5
NLlD,0,2,2,0.0
NLlH,1,3,4,0.25
NLlJ,0,1,1,0.0
NLlK,0,1,1,0.0
NLlL,1,1,2,0.5
NLlM,3,4,7,0.43
NLlN,2,2,4,0.5
NLlP,3,3,6,0.5
NLlS,2,1,3,0.67
NLlb,2,2,4,0.5
NLll,0,2,2,0.0
NLlm,2,1,3,0.67
NLln,5,1,6,0.83
NLls,1,2,3,0.33
NLmB,2,2,4,0.5
NLmD,0,0,0,
NLmH,1,3,4,0.25
NLmJ,1,1,2,0.5
NLmL,2,0,2,1.0
NLmM,4,3,7,0.57
NLmN,4,4,8,0.5
NLmP,4,4,8,0.5
NLmS,3,2,5,0.6
NLmb,3,2,5,0.6
NLml,1,3,4,0.25
NLmm,2,1,3,0.67
NLmn,3,4,7,0.43
NLms,3,2,5,0.6
NLnB,3,6,9,0.33
NLnH,4,3,7,0.57
NLnI,1,0,1,1.0
NLnK,1,0,1,1.0
NLnL,2,2,4,0.5
NLnM,0,5,5,0.0
NLnN,10,6,16,0.62
NLnP,15,10,25,0.6
NLnS,6,7,13,0.46
NLnb,8,7,15,0.53
NLnh,1,1,2,0.5
NLnl,4,6,10,0.4
NLnm,7,4,11,0.64
NLnn,7,5,12,0.58
NLns,12,5,17,0.71
NLsB,3,1,4,0.75
NLsD,1,1,2,0.5
NLsH,2,7,9,0.22
NLsI,1,0,1,1.0
NLsL,2,1,3,0.67
NLsM,3,1,4,0.75
NLsN,3,4,7,0.43
NLsP,11,3,14,0.79
NLsS,4,5,9,0.44
NLsb,7,2,9,0.78
NLsh,0,2,2,0.0
NLsl,0,1,1,0.0
NLsm,2,0,2,1.0
NLsn,2,2,4,0.5
NLss,2,8,10,0.2
NLtB,0,1,1,0.0
NLtH,1,0,1,1.0
NLtI,0,0,0,
NLtK,0,1,1,0.0
NLtL,1,0,1,1.0
NLtM,1,0,1,1.0
NLtN,2,1,3,0.67
NLtP,2,3,5,0.4
NLtS,1,0,1,1.0
NLtb,2,1,3,0.67
NLtl,0,1,1,0.0
NLtm,3,0,3,1.0
NLtn,0,2,2,0.0
NLts,0,1,1,0.0
NLtt,0,0,0,
NMBB,8,15,23,0.35
NMBD,0,0,0,
NMBH,1,0,1,1.0
NMBL,7,2,9,0.78
NMBM,6,6,12,0.5
NMBN,10,10,20,0.5
NMBP,12,13,25,0.48
NMBS,2,4,6,0.33
NMBb,9,11,20,0.45
NMBh,0,1,1,0.0
NMBj,6,4,10,0.6
NMBl,0,6,6,0.0
NMBm,9,5,14,0.64
NMBn,13,18,31,0.42
NMBs,8,3,11,0.73
NMBt,0,4,4,0.0
NMDB,1,0,1,1.0
NMDH,2,1,3,0.67
NMDI,0,1,1,0.0
NMDL,1,0,1,1.0
NMDM,0,2,2,0.0
NMDN,2,1,3,0.67
NMDP,1,1,2,0.5
NMDS,1,0,1,1.0
NMDm,1,1,2,0.5
NMDn,0,0,0,
NMDs,0,1,1,0.0
NMKM,0,1,1,0.0
NMKm,0,0,0,
NMLB,3,8,11,0.27
NMLD,2,0,2,1.0
NMLL,0,3,3,0.0
NMLM,1,2,3,0.33
NMLN,4,2,6,0.67
NMLP,9,7,16,0.56
NMLS,1,3,4,0.25
NMLb,6,2,8,0.75
NMLh,1,3,4,0.25
NMLj,0,2,2,0.0
NMLl,0,3,3,0.0
NMLm,3,1,4,0.75
NMLn,6,4,10,0.6
NMLs,2,1,3,0.67
NMLt,0,2,2,0.0
NMMB,17,9,26,0.65
NMMD,1,0,1,1.0
NMMH,0,0,0,
NMML,2,3,5,0.4
NMMM,8,6,14,0.57
NMMN,12,8,20,0.6
NMMP,15,7,22,0.68
NMMS,1,3,4,0.25
NMMb,9,10,19,0.47
NMMh,6,8,14,0.43
NMMj,4,2,6,0.67
NMMl,2,3,5,0.4
NMMm,5,3,8,0.62
NMMn,14,24,38,0.37
NMMs,6,4,10,0.6
NMMt,0,2,2,0.0
NMNB,12,7,19,0.63
NMND,0,3,3,0.0
NMNH,3,0,3,1.0
NMNK,3,0,3,1.0
NMNL,2,1,3,0.67
NMNM,11,11,22,0.5
NMNN,19,12,31,0.61
NMNP,19,30,49,0.39
NMNS,8,4,12,0.67
NMNb,9,9,18,0.5
NMNh,1,6,7,0.14
NMNl,3,8,11,0.27
NMNm,11,10,21,0.52
NMNn,15,16,31,0.48
NMNs,10,12,22,0.45
NMNt,1,1,2,0.5
NMPB,10,25,35,0.29
NMPD,1,1,2,0.5
NMPH,4,6,10,0.4
NMPI,0,1,1,0.0
NMPK,1,2,3,0.33
NMPL,1,9,10,0.1
NMPM,10,10,20,0.5
NMPN,9,20,29,0.31
NMPP,31,26,57,0.54
NMPS,10,14,24,0.42
NMPb,14,18,32,0.44
NMPh,0,2,2,0.0
NMPl,8,4,12,0.67
NMPm,14,18,32,0.44
NMPn,14,20,34,0.41
NMPs,10,3,13,0.77
NMPt,1,1,2,0.5
NMSB,5,3,8,0.62
NMSD,0,0,0,
NMSH,4,3,7,0.57
NMSL,3,2,5,0.6
NMSM,3,6,9,0.33
NMSN,6,5,11,0.55
NMSP,10,12,22,0.45
NMSS,8,6,14,0.57
NMSb,8,7,15,0.53
NMSh,4,4,8,0.5
NMSl,3,3,6,0.5
NMSm,5,8,13,0.38
NMSn,8,3,11,0.73
NMSs,5,9,14,0.36
NMSt,0,1,1,0.0
NMbB,9,7,16,0.56
NMbD,4,1,5,0.8
NMbH,7,2,9,0.78
NMbI,2,2,4,0.5
NMbJ,3,2,5,0.6
NMbK,1,1,2,0.5
NMbL,4,3,7,0.57
NMbM,4,11,15,0.27
NMbN,17,18,35,0.49
NMbP,19,8,27,0.7
NMbS,10,3,13,0.77
NMbb,8,12,20,0.4
NMbl,3,2,5,0.6
NMbm,6,8,14,0.43
NMbn,16,16,32,0.5
NMbs,6,6,12,0.5
NMhB,4,7,11,0.36
NMhD,0,1,1,0.0
NMhH,1,2,3,0.33
NMhL,2,1,3,0.67
NMhM,10,7,17,0.59
NMhN,10,6,16,0.62
NMhP,12,11,23,0.52
NMhS,10,7,17,0.59
NMhb,7,2,9,0.78
NMhh,7,9,16,0.44
NMhl,1,3,4,0.25
NMhm,9,5,14,0.64
NMhn,14,9,23,0.61
NMhs,6,7,13,0.46
NMht,3,0,3,1.0
NMjB,3,4,7,0.43
NMjD,1,0,1,1.0
NMjH,1,0,1,1.0
NMjK,0,2,2,0.0
NMjL,2,0,2,1.0
NMjM,2,1,3,0.67
NMjN,5,1,6,0.83
NMjP,3,3,6,0.5
NMjS,2,2,4,0.5
NMjb,2,0,2,1.0
NMjm,2,2,4,0.5
NMjn,3,5,8,0.38
NMjs,1,1,2,0.5
NMjt,0,1,1,0.0
NMlB,4,4,8,0.5
NMlH,1,0,1,1.0
NMlJ,1,0,1,1.0
NMlL,3,0,3,1.0
NMlM,5,4,9,0.56
NMlN,8,8,16,0.5
NMlP,7,9,16,0.44
NMlS,2,4,6,0.33
NMlb,6,2,8,0.75
NMll,1,3,4,0.25
NMlm,5,3,8,0.62
NMln,6,4,10,0.6
NMls,1,1,2,0.5
NMmB,8,9,17,0.47
NMmD,1,0,1,1.0
NMmH,8,12,20,0.4
NMmI,0,2,2,0.0
NMmJ,4,2,6,0.67
NMmK,0,1,1,0.0
NMmL,3,4,7,0.43
NMmM,11,11,22,0.5
NMmN,16,17,33,0.48
NMmP,15,12,27,0.56
NMmS,6,5,11,0.55
NMmb,9,12,21,0.43
NMml,3,2,5,0.6
NMmm,13,13,26,0.5
NMmn,14,8,22,0.64
NMms,7,6,13,0.54
NMnB,12,14,26,0.46
NMnD,1,0,1,1.0
NMnH,10,12,22,0.45
NMnI,2,2,4,0.5
NMnL,6,10,16,0.38
NMnM,9,12,21,0.43
NMnN,22,27,49,0.45
NMnP,19,32,51,0.37
NMnS,18,18,36,0.5
NMnb,19,14,33,0.58
NMnl,4,2,6,0.67
NMnm,21,6,27,0.78
NMnn,21,24,45,0.47
NMns,10,9,19,0.53
NMsB,12,4,16,0.75
NMsH,11,7,18,0.61
NMsI,0,1,1,0.0
NMsL,2,1,3,0.67
NMsM,10,6,16,0.62
NMsN,7,10,17,0.41
NMsP,6,6,12,0.5
NMsS,5,9,14,0.36
NMsb,5,2,7,0.71
NMsl,5,7,12,0.42
NMsm,12,7,19,0.63
NMsn,7,2,9,0.78
NMss,3,11,14,0.21
NMtB,0,1,1,0.0
NMtD,0,0,0,
NMtM,2,1,3,0.67
NMtN,3,1,4,0.75
NMtP,3,3,6,0.5
NMtS,1,0,1,1.0
NMtb,1,0,1,1.0
NMtl,0,0,0,
NMtm,2,2,4,0.5
NMts,1,0,1,1.0
NNBB,11,15,26,0.42
NNBD,0,1,1,0.0
NNBK,1,4,5,0.2
NNBL,3,5,8,0.38
NNBM,1,9,10,0.1
NNBN,10,15,25,0.4
NNBP,20,11,31,0.65
NNBS,4,5,9,0.44
NNBb,12,10,22,0.55
NNBh,1,1,2,0.5
NNBj,6,5,11,0.55
NNBl,6,6,12,0.5
NNBm,14,8,22,0.64
NNBn,21,23,44,0.48
NNBs,6,5,11,0.55
NNBt,4,1,5,0.8
NNDB,2,2,4,0.5
NNDD,2,0,2,1.0
NNDH,1,2,3,0.33
NNDM,1,1,2,0.5
NNDN,4,3,7,0.57
NNDP,3,3,6,0.5
NNDS,2,1,3,0.67
NNDb,1,0,1,1.0
NNDl,1,0,1,1.0
NNDm,1,0,1,1.0
NNDn,0,1,1,0.0
NNDs,0,2,2,0.0
NNHB,2,3,5,0.4
NNHK,0,1,1,0.0
NNHL,1,3,4,0.25
NNHM,0,4,4,0.0
NNHN,2,0,2,1.0
NNHP,4,6,10,0.4
NNHS,2,4,6,0.33
NNHb,0,1,1,0.0
NNHl,0,0,0,
NNHm,1,2,3,0.33
NNHn,2,2,4,0.5
NNHs,1,0,1,1.0
NNIM,0,1,1,0.0
NNIn,0,1,1,0.0
NNKB,1,0,1,1.0
NNKM,0,1,1,0.0
NNKP,1,2,3,0.33
NNKS,0,1,1,0.0
NNKb,1,3,4,0.25
NNKh,1,3,4,0.25
NNKm,0,2,2,0.0
NNKn,2,0,2,1.0
NNKs,2,2,4,0.5
NNKt,0,1,1,0.0
NNLB,10,8,18,0.56
NNLL,0,1,1,0.0
NNLM,4,2,6,0.67
NNLN,5,3,8,0.62
NNLP,4,7,11,0.36
NNLS,2,4,6,0.33
NNLb,8,4,12,0.67
NNLh,2,2,4,0.5
NNLj,1,2,3,0.33
NNLl,1,0,1,1.0
NNLm,7,3,10,0.7
NNLn,9,6,15,0.6
NNLs,6,2,8,0.75
NNLt,1,3,4,0.25
NNMB,11,19,30,0.37
NNMD,2,3,5,0.4
NNMK,0,1,1,0.0
NNML,5,1,6,0.83
NNMM,7,10,17,0.41
NNMN,19,16,35,0.54
NNMP,16,18,34,0.47
NNMS,7,13,20,0.35
NNMb,9,11,20,0.45
NNMh,10,7,17,0.59
NNMj,4,3,7,0.57
NNMl,6,2,8,0.75
NNMm,12,11,23,0.52
NNMn,15,15,30,0.5
NNMs,8,6,14,0.57
NNMt,1,0,1,1.0
NNNB,13,12,25,0.52
NNND,2,2,4,0.5
NNNH,3,1,4,0.75
NNNK,1,2,3,0.33
NNNL,5,8,13,0.38
NNNM,18,13,31,0.58
NNNN,28,31,59,0.47
NNNP,41,39,80,0.51
NNNS,10,6,16,0.62
NNNb,18,18,36,0.5
NNNh,8,10,18,0.44
NNNl,2,7,9,0.22
NNNm,15,14,29,0.52
NNNn,29,32,61,0.48
NNNs,13,17,30,0.43
NNNt,3,4,7,0.43
NNPB,23,17,40,0.57
NNPD,0,1,1,0.0
NNPH,6,12,18,0.33
NNPI,3,1,4,0.75
NNPK,2,2,4,0.5
NNPL,13,9,22,0.59
NNPM,20,20,40,0.5
NNPN,35,20,55,0.64
NNPP,40,49,89,0.45
NNPS,22,21,43,0.51
NNPb,22,25,47,0.47
NNPh,2,3,5,0.4
NNPl,17,13,30,0.57
NNPm,26,23,49,0.53
NNPn,36,18,54,0.67
NNPs,25,24,49,0.51
NNPt,3,4,7,0.43
NNSB,6,12,18,0.33
NNSD,0,1,1,0.0
NNSH,3,7,10,0.3
NNSI,0,1,1,0.0
NNSK,1,0,1,1.0
NNSL,4,0,4,1.0
NNSM,9,10,19,0.47
NNSN,7,12,19,0.37
NNSP,18,12,30,0.6
NNSS,8,9,17,0.47
NNSb,7,10,17,0.41
NNSh,6,7,13,0.46
NNSl,4,1,5,0.8
NNSm,7,6,13,0.54
NNSn,15,13,28,0.54
NNSs,15,12,27,0.56
NNSt,0,2,2,0.0
NNbB,11,9,20,0.55
NNbD,2,0,2,1.0
NNbH,0,3,3,0.0
NNbI,4,1,5,0.8
NNbJ,8,4,12,0.67
NNbK,2,3,5,0.4
NNbL,5,4,9,0.56
NNbM,18,17,35,0.51
NNbN,12,23,35,0.34
NNbP,24,24,48,0.5
NNbS,11,6,17,0.65
NNbb,16,11,27,0.59
NNbl,4,4,8,0.5
NNbm,3,9,12,0.25
NNbn,22,10,32,0.69
NNbs,12,9,21,0.57
NNhB,3,4,7,0.43
NNhD,1,0,1,1.0
NNhH,0,2,2,0.0
NNhI,0,0,0,
NNhL,3,3,6,0.5
NNhM,11,7,18,0.61
NNhN,10,3,13,0.77
NNhP,10,5,15,0.67
NNhS,4,4,8,0.5
NNhb,6,8,14,0.43
NNhh,2,2,4,0.5
NNhl,3,1,4,0.75
NNhm,7,5,12,0.58
NNhn,8,6,14,0.57
NNhs,5,11,16,0.31
NNht,3,0,3,1.0
NNlB,6,3,9,0.67
NNlH,4,3,7,0.57
NNlI,0,1,1,0.0
NNlJ,1,5,6,0.17
NNlK,0,0,0,
NNlL,4,1,5,0.8
NNlM,2,6,8,0.25
NNlN,10,10,20,0.5
NNlP,6,12,18,0.33
NNlS,3,4,7,0.43
NNlb,6,4,10,0.6
NNll,3,2,5,0.6
NNlm,1,5,6,0.17
NNln,4,7,11,0.36
NNls,5,4,9,0.56
NNmB,8,11,19,0.42
NNmD,1,2,3,0.33
NNmH,9,9,18,0.5
NNmJ,4,2,6,0.67
NNmL,7,5,12,0.58
NNmM,16,10,26,0.62
NNmN,18,19,37,0.49
NNmP,15,18,33,0.45
NNmS,8,8,16,0.5
NNmb,9,14,23,0.39
NNml,3,1,4,0.75
NNmm,9,8,17,0.53
NNmn,8,12,20,0.4
NNms,13,7,20,0.65
NNnB,18,20,38,0.47
NNnD,4,2,6,0.67
NNnH,15,12,27,0.56
NNnI,4,2,6,0.67
NNnK,2,2,4,0.5
NNnL,8,14,22,0.36
NNnM,10,18,28,0.36
NNnN,35,34,69,0.51
NNnP,34,33,67,0.51
NNnS,13,17,30,0.43
NNnb,14,15,29,0.48
NNnl,6,12,18,0.33
NNnm,16,17,33,0.48
NNnn,22,27,49,0.45
NNns,13,14,27,0.48
NNnt,1,0,1,1.0
NNsB,6,5,11,0.55
NNsD,0,3,3,0.0
NNsH,12,17,29,0.41
NNsI,3,1,4,0.75
NNsK,0,1,1,0.0
NNsL,4,6,10,0.4
NNsM,9,11,20,0.45
NNsN,18,13,31,0.58
NNsP,19,12,31,0.61
NNsS,16,11,27,0.59
NNsb,11,8,19,0.58
NNsl,4,4,8,0.5
NNsm,16,9,25,0.64
NNsn,12,7,19,0.63
NNss,9,10,19,0.47
NNst,0,1,1,0.0
NNtB,5,1,6,0.83
NNtH,6,2,8,0.75
NNtL,3,0,3,1.0
NNtM,4,4,8,0.5
NNtN,4,2,6,0.67
NNtP,2,8,10,0.2
NNtS,1,2,3,0.33
NNtb,2,3,5,0.4
NNtl,2,1,3,0.67
NNtm,3,4,7,0.43
NNtn,3,2,5,0.6
NNts,3,1,4,0.75
NNtt,1,2,3,0.33
NPBB,7,19,26,0.27
NPBK,0,0,0,
NPBL,8,8,16,0.5
NPBM,11,25,36,0.31
NPBN,22,18,40,0.55
NPBP,24,28,52,0.46
NPBS,16,9,25,0.64
NPBb,18,22,40,0.45
NPBh,3,1,4,0.75
NPBj,10,8,18,0.56
NPBl,10,6,16,0.62
NPBm,17,13,30,0.57
NPBn,20,19,39,0.51
NPBs,10,8,18,0.56
NPBt,2,3,5,0.4
NPDD,0,0,0,
NPDH,2,3,5,0.4
NPDL,1,1,2,0.5
NPDM,2,0,2,1.0
NPDN,0,3,3,0.0
NPDP,4,4,8,0.5
NPDS,2,2,4,0.5
NPDb,1,0,1,1.0
NPDl,1,1,2,0.5
NPDm,2,1,3,0.67
NPDn,0,1,1,0.0
NPDs,0,2,2,0.0
NPHB,8,5,13,0.62
NPHD,1,0,1,1.0
NPHH,1,1,2,0.5
NPHI,1,0,1,1.0
NPHK,0,2,2,0.0
NPHL,0,4,4,0.0
NPHM,5,6,11,0.45
NPHN,3,4,7,0.43
NPHP,11,13,24,0.46
NPHS,5,5,10,0.5
NPHb,3,3,6,0.5
NPHh,0,2,2,0.0
NPHl,4,1,5,0.8
NPHm,4,3,7,0.57
NPHn,16,4,20,0.8
NPHs,5,6,11,0.45
NPIB,1,2,3,0.33
NPID,1,0,1,1.0
NPIH,2,1,3,0.67
NPII,1,0,1,1.0
NPIL,0,1,1,0.0
NPIM,2,0,2,1.0
NPIN,5,2,7,0.71
NPIP,0,4,4,0.0
NPIS,0,1,1,0.0
NPIb,4,1,5,0.8
NPIl,1,1,2,0.5
NPIm,0,3,3,0.0
NPIn,0,2,2,0.0
NPIs,1,3,4,0.25
NPKB,4,1,5,0.8
NPKD,0,0,0,
NPKM,4,2,6,0.67
NPKN,0,1,1,0.0
NPKP,2,0,2,1.0
NPKS,2,0,2,1.0
NPKb,1,2,3,0.33
NPKh,1,2,3,0.33
NPKl,2,0,2,1.0
NPKm,2,5,7,0.29
NPKn,2,5,7,0.29
NPKs,1,2,3,0.33
NPLB,12,7,19,0.63
NPLD,0,1,1,0.0
NPLH,1,0,1,1.0
NPLK,1,1,2,0.5
NPLL,2,3,5,0.4
NPLM,8,8,16,0.5
NPLN,14,13,27,0.52
NPLP,10,16,26,0.38
NPLS,5,6,11,0.45
NPLb,5,10,15,0.33
NPLh,5,7,12,0.42
NPLj,4,1,5,0.8
NPLl,2,2,4,0.5
NPLm,14,5,19,0.74
NPLn,8,13,21,0.38
NPLs,4,5,9,0.44
NPLt,1,2,3,0.33
NPMB,17,20,37,0.46
NPMD,2,1,3,0.67
NPML,5,4,9,0.56
NPMM,10,14,24,0.42
NPMN,14,28,42,0.33
NPMP,25,31,56,0.45
NPMS,11,13,24,0.46
NPMb,21,20,41,0.51
NPMh,14,13,27,0.52
NPMj,4,6,10,0.4
NPMl,16,5,21,0.76
NPMm,14,15,29,0.48
NPMn,21,19,40,0.52
NPMs,16,11,27,0.59
NPMt,2,1,3,0.67
NPNB,15,28,43,0.35
NPND,2,5,7,0.29
NPNH,4,4,8,0.5
NPNI,0,1,1,0.0
NPNK,3,0,3,1.0
NPNL,6,2,8,0.75
NPNM,19,24,43,0.44
NPNN,34,40,74,0.46
NPNP,47,38,85,0.55
NPNS,19,10,29,0.66
NPNb,14,16,30,0.47
NPNh,10,8,18,0.56
NPNl,16,6,22,0.73
NPNm,26,19,45,0.58
NPNn,33,31,64,0.52
NPNs,22,27,49,0.45
NPNt,0,6,6,0.0
NPPB,31,30,61,0.51
NPPD,2,3,5,0.4
NPPH,5,9,14,0.36
NPPI,6,4,10,0.6
NPPK,3,3,6,0.5
NPPL,19,16,35,0.54
NPPM,37,31,68,0.54
NPPN,32,30,62,0.52
NPPP,74,76,150,0.49
NPPS,30,37,67,0.45
NPPb,35,38,73,0.48
NPPh,5,3,8,0.62
NPPl,23,23,46,0.5
NPPm,43,23,66,0.65
NPPn,28,39,67,0.42
NPPs,29,37,66,0.44
NPPt,8,4,12,0.67
NPSB,15,15,30,0.5
NPSD,1,1,2,0.5
NPSH,5,4,9,0.56
NPSK,0,1,1,0.0
NPSL,12,7,19,0.63
NPSM,16,11,27,0.59
NPSN,20,22,42,0.48
NPSP,18,24,42,0.43
NPSS,19,20,39,0.49
NPSb,17,9,26,0.65
NPSh,10,15,25,0.4
NPSl,10,6,16,0.62
NPSm,17,12,29,0.59
NPSn,24,21,45,0.53
NPSs,20,20,40,0.5
NPSt,4,3,7,0.57
NPbB,17,15,32,0.53
NPbD,1,0,1,1.0
NPbH,4,4,8,0.5
NPbI,3,5,8,0.38
NPbJ,4,6,10,0.4
NPbK,1,2,3,0.33
NPbL,8,10,18,0.44
NPbM,26,28,54,0.48
NPbN,26,28,54,0.48
NPbP,27,45,72,0.38
NPbS,12,23,35,0.34
NPbb,28,23,51,0.55
NPbl,12,10,22,0.55
NPbm,21,15,36,0.58
NPbn,18,17,35,0.51
NPbs,11,20,31,0.35
NPhB,2,2,4,0.5
NPhH,1,0,1,1.0
NPhL,3,1,4,0.75
NPhM,1,3,4,0.25
NPhN,1,0,1,1.0
NPhP,4,5,9,0.44
NPhS,2,1,3,0.67
NPhb,3,1,4,0.75
NPhh,1,0,1,1.0
NPhl,1,2,3,0.33
NPhm,2,3,5,0.4
NPhn,5,2,7,0.71
NPhs,4,6,10,0.4
NPht,2,0,2,1.0
NPlB,10,10,20,0.5
NPlH,3,6,9,0.33
NPlI,3,2,5,0.6
NPlJ,4,2,6,0.67
NPlK,1,0,1,1.0
NPlL,6,9,15,0.4
NPlM,9,11,20,0.45
NPlN,11,15,26,0.42
NPlP,10,17,27,0.37
NPlS,12,10,22,0.55
NPlb,11,9,20,0.55
NPll,6,7,13,0.46
NPlm,9,4,13,0.69
NPln,10,9,19,0.53
NPls,4,5,9,0.44
NPmB,10,10,20,0.5
NPmD,1,1,2,0.5
NPmH,11,14,25,0.44
NPmI,2,1,3,0.67
NPmJ,8,4,12,0.67
NPmL,13,7,20,0.65
NPmM,22,22,44,0.5
NPmN,31,20,51,0.61
NPmP,25,23,48,0.52
NPmS,12,15,27,0.44
NPmb,20,22,42,0.48
NPml,10,14,24,0.42
NPmm,25,9,34,0.74
NPmn,16,15,31,0.52
NPms,4,16,20,0.2
NPnB,17,20,37,0.46
NPnD,1,3,4,0.25
NPnH,10,9,19,0.53
NPnI,1,3,4,0.25
NPnK,3,3,6,0.5
NPnL,13,8,21,0.62
NPnM,16,21,37,0.43
NPnN,23,33,56,0.41
NPnP,42,39,81,0.52
NPnS,15,27,42,0.36
NPnb,26,21,47,0.55
NPnh,3,1,4,0.75
NPnl,8,9,17,0.47
NPnm,19,13,32,0.59
NPnn,20,18,38,0.53
NPns,32,14,46,0.7
NPsB,12,9,21,0.57
NPsD,3,1,4,0.75
NPsH,13,18,31,0.42
NPsI,4,1,5,0.8
NPsK,0,1,1,0.0
NPsL,10,8,18,0.56
NPsM,6,21,27,0.22
NPsN,17,21,38,0.45
NPsP,35,21,56,0.62
NPsS,25,19,44,0.57
NPsb,14,12,26,0.54
NPsh,1,1,2,0.5
NPsl,5,6,11,0.45
NPsm,20,15,35,0.57
NPsn,20,15,35,0.57
NPss,22,23,45,0.49
NPtB,6,1,7,0.86
NPtH,0,1,1,0.0
NPtI,0,1,1,0.0
NPtL,5,0,5,1.0
NPtM,2,2,4,0.5
NPtN,3,1,4,0.75
NPtP,3,4,7,0.43
NPtS,2,2,4,0.5
NPtb,5,2,7,0.71
NPtl,0,1,1,0.0
NPtm,1,1,2,0.5
NPtn,1,2,3,0.33
NPts,2,0,2,1.0
NPtt,0,0,0,
NSBB,3,11,14,0.21
NSBL,4,5,9,0.44
NSBM,7,7,14,0.5
NSBN,3,14,17,0.18
NSBP,8,15,23,0.35
NSBS,1,0,1,1.0
NSBb,13,10,23,0.57
NSBh,1,1,2,0.5
NSBj,3,3,6,0.5
NSBl,2,2,4,0.5
NSBm,6,4,10,0.6
NSBn,12,10,22,0.55
NSBs,6,7,13,0.46
NSBt,2,1,3,0.67
NSDB,1,0,1,1.0
NSDH,0,1,1,0.0
NSDI,0,0,0,
NSDM,0,1,1,0.0
NSDN,4,0,4,1.0
NSDP,3,1,4,0.75
NSDS,1,1,2,0.5
NSDb,1,0,1,1.0
NSDm,0,1,1,0.0
NSDn,2,1,3,0.67
NSDs,1,1,2,0.5
NSHB,1,3,4,0.25
NSHD,1,0,1,1.0
NSHH,0,1,1,0.0
NSHI,1,0,1,1.0
NSHL,1,1,2,0.5
NSHM,2,2,4,0.5
NSHN,2,6,8,0.25
NSHP,2,2,4,0.5
NSHS,6,6,12,0.5
NSHb,2,1,3,0.67
NSHh,1,2,3,0.33
NSHl,2,0,2,1.0
NSHm,6,3,9,0.67
NSHn,5,3,8,0.62
NSHs,3,5,8,0.38
NSHt,0,1,1,0.0
NSIB,0,0,0,
NSIH,0,1,1,0.0
NSIM,0,1,1,0.0
NSIb,0,0,0,
NSKB,2,0,2,1.0
NSKN,0,0,0,
NSKP,1,1,2,0.5
NSKh,1,0,1,1.0
NSKl,0,1,1,0.0
NSKs,0,1,1,0.0
NSLB,3,0,3,1.0
NSLD,1,0,1,1.0
NSLL,0,2,2,0.0
NSLM,6,4,10,0.6
NSLN,4,7,11,0.36
NSLP,4,8,12,0.33
NSLS,4,4,8,0.5
NSLb,2,3,5,0.4
NSLh,0,2,2,0.0
NSLj,2,1,3,0.67
NSLl,1,3,4,0.25
NSLm,2,2,4,0.5
NSLn,3,4,7,0.43
NSLs,3,3,6,0.5
NSLt,1,1,2,0.5
NSMB,15,8,23,0.65
NSMD,1,2,3,0.33
NSML,4,3,7,0.57
NSMM,4,8,12,0.33
NSMN,6,13,19,0.32
NSMP,8,13,21,0.38
NSMS,6,4,10,0.6
NSMb,8,11,19,0.42
NSMh,6,3,9,0.67
NSMj,2,2,4,0.5
NSMl,3,4,7,0.43
NSMm,5,4,9,0.56
NSMn,13,11,24,0.54
NSMs,9,3,12,0.75
NSMt,0,1,1,0.0
NSNB,3,6,9,0.33
NSND,0,1,1,0.0
NSNH,1,3,4,0.25
NSNL,2,3,5,0.4
NSNM,7,8,15,0.47
NSNN,20,11,31,0.65
NSNP,23,17,40,0.57
NSNS,9,11,20,0.45
NSNb,10,6,16,0.62
NSNh,6,1,7,0.86
NSNl,4,1,5,0.8
NSNm,5,6,11,0.45
NSNn,12,9,21,0.57
NSNs,8,11,19,0.42
NSNt,3,0,3,1.0
NSPB,16,11,27,0.59
NSPD,0,1,1,0.0
NSPH,5,4,9,0.56
NSPI,0,1,1,0.0
NSPK,3,0,3,1.0
NSPL,5,3,8,0.62
NSPM,16,17,33,0.48
NSPN,14,20,34,0.41
NSPP,28,21,49,0.57
NSPS,10,16,26,0.38
NSPb,11,15,26,0.42
NSPh,1,1,2,0.5
NSPl,2,7,9,0.22
NSPm,8,10,18,0.44
NSPn,19,16,35,0.54
NSPs,17,7,24,0.71
NSPt,0,3,3,0.0
NSSB,11,4,15,0.73
NSSD,0,1,1,0.0
NSSH,3,3,6,0.5
NSSL,6,5,11,0.55
NSSM,5,14,19,0.26
NSSN,7,11,18,0.39
NSSP,12,12,24,0.5
NSSS,11,12,23,0.48
NSSb,6,4,10,0.6
NSSh,6,3,9,0.67
NSSl,3,5,8,0.38
NSSm,11,4,15,0.73
NSSn,11,8,19,0.58
NSSs,11,19,30,0.37
NSSt,0,2,2,0.0
NSbB,8,2,10,0.8
NSbD,1,0,1,1.0
NSbH,2,1,3,0.67
NSbJ,1,2,3,0.33
NSbL,2,1,3,0.67
NSbM,6,6,12,0.5
NSbN,9,14,23,0.39
NSbP,9,8,17,0.53
NSbS,5,6,11,0.45
NSbb,8,11,19,0.42
NSbl,5,0,5,1.0
NSbm,7,4,11,0.64
NSbn,15,7,22,0.68
NSbs,7,5,12,0.58
NShB,7,2,9,0.78
NShD,1,0,1,1.0
NShH,1,3,4,0.25
NShI,1,1,2,0.5
NShL,0,1,1,0.0
NShM,6,7,13,0.46
NShN,3,6,9,0.33
NShP,5,13,18,0.28
NShS,6,8,14,0.43
NShb,5,7,12,0.42
NShh,5,3,8,0.62
NShl,4,3,7,0.57
NShm,7,3,10,0.7
NShn,4,4,8,0.5
NShs,9,9,18,0.5
NSht,0,2,2,0.0
NSlB,3,2,5,0.6
NSlH,4,2,6,0.67
NSlJ,3,2,5,0.6
NSlL,1,1,2,0.5
NSlM,3,5,8,0.38
NSlN,8,5,13,0.62
NSlP,7,1,8,0.88
NSlS,7,1,8,0.88
NSlb,5,0,5,1.0
NSll,1,1,2,0.5
NSlm,3,1,4,0.75
NSln,3,2,5,0.6
NSls,2,3,5,0.4
NSmB,12,4,16,0.75
NSmD,0,2,2,0.0
NSmH,7,4,11,0.64
NSmI,2,0,2,1.0
NSmJ,2,2,4,0.5
NSmL,5,7,12,0.42
NSmM,5,8,13,0.38
NSmN,11,10,21,0.52
NSmP,19,8,27,0.7
NSmS,6,4,10,0.6
NSmb,6,6,12,0.5
NSml,1,1,2,0.5
NSmm,7,9,16,0.44
NSmn,11,3,14,0.79
NSms,5,8,13,0.38
NSnB,4,8,12,0.33
NSnD,2,1,3,0.67
NSnH,14,6,20,0.7
NSnI,1,2,3,0.33
NSnK,1,1,2,0.5
NSnL,4,3,7,0.57
NSnM,10,8,18,0.56
NSnN,18,12,30,0.6
NSnP,32,17,49,0.65
NSnS,12,13,25,0.48
NSnb,9,5,14,0.64
NSnl,8,3,11,0.73
NSnm,13,10,23,0.57
NSnn,10,8,18,0.56
NSns,8,10,18,0.44
NSsB,2,7,9,0.22
NSsD,5,0,5,1.0
NSsH,12,10,22,0.55
NSsI,1,1,2,0.5
NSsK,1,0,1,1.0
NSsL,1,5,6,0.17
NSsM,7,8,15,0.47
NSsN,11,15,26,0.42
NSsP,12,21,33,0.36
NSsS,18,14,32,0.56
NSsb,14,11,25,0.56
NSsl,3,2,5,0.6
NSsm,9,12,21,0.43
NSsn,11,11,22,0.5
NSss,15,9,24,0.62
NStB,0,1,1,0.0
NStD,0,1,1,0.0
NStH,1,0,1,1.0
NStM,3,0,3,1.0
NStN,3,3,6,0.5
NStP,3,2,5,0.6
NStS,3,2,5,0.6
NStb,0,3,3,0.0
NStl,1,3,4,0.25
NStm,1,0,1,1.0
NStn,0,4,4,0.0
NSts,0,3,3,0.0
NStt,1,0,1,1.0
NbBB,7,15,22,0.32
NbBD,2,0,2,1.0
NbBK,1,1,2,0.5
NbBL,4,6,10,0.4
NbBM,15,7,22,0.68
NbBN,12,7,19,0.63
NbBP,18,16,34,0.53
NbBS,4,5,9,0.44
NbBb,8,12,20,0.4
NbBh,1,0,1,1.0
NbBj,3,0,3,1.0
NbBl,3,4,7,0.43
NbBm,9,18,27,0.33
NbBn,11,11,22,0.5
NbBs,6,4,10,0.6
NbBt,3,0,3,1.0
NbDB,1,1,2,0.5
NbDD,0,0,0,
NbDH,0,0,0,
NbDL,1,1,2,0.5
NbDM,3,1,4,0.75
NbDN,1,3,4,0.25
NbDP,2,1,3,0.67
NbDS,1,0,1,1.0
NbDb,1,0,1,1.0
NbDl,0,0,0,
NbDm,2,0,2,1.0
NbDn,0,2,2,0.0
NbDs,1,0,1,1.0
NbDt,1,0,1,1.0
NbHB,2,2,4,0.5
NbHH,0,1,1,0.0
NbHI,0,0,0,
NbHK,0,0,0,
NbHL,2,1,3,0.67
NbHM,2,2,4,0.5
NbHN,2,3,5,0.4
NbHP,15,3,18,0.83
NbHS,2,1,3,0.67
NbHb,3,2,5,0.6
NbHh,1,1,2,0.5
NbHl,1,0,1,1.0
NbHm,3,1,4,0.75
NbHn,2,4,6,0.33
NbHs,4,1,5,0.8
NbIB,3,0,3,1.0
NbIH,1,3,4,0.25
NbIM,0,0,0,
NbIN,0,1,1,0.0
NbIP,0,1,1,0.0
NbIS,1,2,3,0.33
NbIb,0,2,2,0.0
NbIl,2,1,3,0.67
NbIm,0,1,1,0.0
NbIn,1,0,1,1.0
NbJB,4,2,6,0.67
NbJH,1,3,4,0.25
NbJI,2,2,4,0.5
NbJL,3,1,4,0.75
NbJM,6,2,8,0.75
NbJN,4,3,7,0.57
NbJP,8,4,12,0.67
NbJS,2,1,3,0.67
NbJb,4,2,6,0.67
NbJh,0,2,2,0.0
NbJl,0,1,1,0.0
NbJm,6,3,9,0.67
NbJn,2,1,3,0.67
NbJs,3,2,5,0.6
NbKB,1,1,2,0.5
NbKH,1,1,2,0.5
NbKK,0,1,1,0.0
NbKM,1,0,1,1.0
NbKP,3,1,4,0.75
NbKS,2,1,3,0.67
NbKh,1,1,2,0.5
NbKl,1,0,1,1.0
NbKm,1,2,3,0.33
NbKn,2,1,3,0.67
NbKs,0,3,3,0.0
NbLB,3,3,6,0.5
NbLD,0,1,1,0.0
NbLL,2,3,5,0.4
NbLM,6,1,7,0.86
NbLN,7,0,7,1.0
NbLP,4,4,8,0.5
NbLS,15,6,21,0.71
NbLb,4,6,10,0.4
NbLh,2,0,2,1.0
NbLj,2,1,3,0.67
NbLl,4,3,7,0.57
NbLm,9,3,12,0.75
NbLn,7,5,12,0.58
NbLs,5,1,6,0.83
NbLt,3,2,5,0.6
NbMB,15,8,23,0.65
NbMD,3,1,4,0.75
NbMK,0,1,1,0.0
NbML,3,2,5,0.6
NbMM,6,12,18,0.33
NbMN,13,12,25,0.52
NbMP,21,11,32,0.66
NbMS,2,6,8,0.25
NbMb,16,9,25,0.64
NbMh,18,10,28,0.64
NbMj,3,6,9,0.33
NbMl,2,2,4,0.5
NbMm,15,8,23,0.65
NbMn,20,21,41,0.49
NbMs,7,9,16,0.44
NbMt,2,5,7,0.29
NbNB,15,12,27,0.56
NbND,3,2,5,0.6
NbNH,5,2,7,0.71
NbNK,3,0,3,1.0
NbNL,6,5,11,0.55
NbNM,11,15,26,0.42
NbNN,21,22,43,0.49
NbNP,22,27,49,0.45
NbNS,13,12,25,0.52
NbNb,14,13,27,0.52
NbNh,6,2,8,0.75
NbNl,5,1,6,0.83
NbNm,6,12,18,0.33
NbNn,21,23,44,0.48
NbNs,14,10,24,0.58
NbNt,5,5,10,0.5
NbPB,11,17,28,0.39
NbPD,2,0,2,1.0
NbPH,2,4,6,0.33
NbPI,2,0,2,1.0
NbPK,1,1,2,0.5
NbPL,9,12,21,0.43
NbPM,16,19,35,0.46
NbPN,24,9,33,0.73
NbPP,44,22,66,0.67
NbPS,12,9,21,0.57
NbPb,23,20,43,0.53
NbPh,0,1,1,0.0
NbPl,7,4,11,0.64
NbPm,20,9,29,0.69
NbPn,16,19,35,0.46
NbPs,4,6,10,0.4
NbPt,1,3,4,0.25
NbSB,7,2,9,0.78
NbSH,3,1,4,0.75
NbSI,1,0,1,1.0
NbSL,4,3,7,0.57
NbSM,5,6,11,0.45
NbSN,10,11,21,0.48
NbSP,16,6,22,0.73
NbSS,10,9,19,0.53
NbSb,6,8,14,0.43
NbSh,2,6,8,0.25
NbSl,4,3,7,0.57
NbSm,6,6,12,0.5
NbSn,9,7,16,0.56
NbSs,6,8,14,0.43
NbSt,2,1,3,0.67
NbbB,8,16,24,0.33
NbbD,0,1,1,0.0
NbbH,3,4,7,0.43
NbbI,1,0,1,1.0
NbbJ,3,3,6,0.5
NbbK,2,0,2,1.0
NbbL,3,9,12,0.25
NbbM,15,7,22,0.68
NbbN,18,20,38,0.47
NbbP,18,16,34,0.53
NbbS,4,6,10,0.4
Nbbb,14,13,27,0.52
Nbbl,6,3,9,0.67
Nbbm,10,6,16,0.62
Nbbn,7,10,17,0.41
Nbbs,5,6,11,0.45
Nbhm,1,0,1,1.0
NblB,4,6,10,0.4
NblH,3,1,4,0.75
NblJ,0,1,1,0.0
NblK,1,0,1,1.0
NblL,2,3,5,0.4
NblM,2,4,6,0.33
NblN,3,3,6,0.5
NblP,4,7,11,0.36
NblS,2,2,4,0.5
Nblb,8,7,15,0.53
Nbll,0,0,0,
Nblm,4,3,7,0.57
Nbln,5,1,6,0.83
Nbls,2,1,3,0.67
NbmB,15,1,16,0.94
NbmD,2,0,2,1.0
NbmH,5,3,8,0.62
NbmI,1,0,1,1.0
NbmJ,4,3,7,0.57
NbmL,3,6,9,0.33
NbmM,7,11,18,0.39
NbmN,14,6,20,0.7
NbmP,14,9,23,0.61
NbmS,5,5,10,0.5
Nbmb,16,10,26,0.62
Nbml,3,0,3,1.0
Nbmm,5,7,12,0.42
Nbmn,7,9,16,0.44
Nbms,9,3,12,0.75
NbnB,10,7,17,0.59
NbnD,4,1,5,0.8
NbnH,6,1,7,0.86
NbnI,1,0,1,1.0
NbnK,1,0,1,1.0
NbnL,0,3,3,0.0
NbnM,10,13,23,0.43
NbnN,14,22,36,0.39
NbnP,30,14,44,0.68
NbnS,12,6,18,0.67
Nbnb,13,7,20,0.65
Nbnh,1,2,3,0.33
Nbnl,3,6,9,0.33
Nbnm,15,8,23,0.65
Nbnn,9,9,18,0.5
Nbns,6,5,11,0.55
NbsB,3,4,7,0.43
NbsD,0,0,0,
NbsH,7,7,14,0.5
NbsI,0,0,0,
NbsK,0,1,1,0.0
NbsL,2,0,2,1.0
NbsM,9,8,17,0.53
NbsN,8,7,15,0.53
NbsP,8,13,21,0.38
NbsS,6,3,9,0.67
Nbsb,10,7,17,0.59
Nbsl,2,1,3,0.67
Nbsm,3,2,5,0.6
Nbsn,4,10,14,0.29
Nbss,11,6,17,0.65
Nbtb,1,0,1,1.0
NhBB,3,3,6,0.5
NhBL,0,2,2,0.0
NhBM,2,2,4,0.5
NhBN,6,5,11,0.55
NhBP,6,2,8,0.75
NhBS,1,0,1,1.0
NhBb,4,3,7,0.57
NhBh,0,2,2,0.0
NhBj,1,0,1,1.0
NhBl,1,0,1,1.0
NhBm,2,7,9,0.22
NhBn,4,5,9,0.44
NhBs,5,1,6,0.83
NhBt,0,2,2,0.0
NhDH,0,1,1,0.0
NhDL,1,0,1,1.0
NhDM,0,1,1,0.0
NhDP,1,0,1,1.0
NhDb,0,1,1,0.0
NhDm,1,0,1,1.0
NhHH,0,0,0,
NhHN,2,3,5,0.4
NhHP,3,2,5,0.6
NhHS,0,1,1,0.0
NhHb,3,0,3,1.0
NhHh,1,0,1,1.0
NhHm,1,0,1,1.0
NhHn,1,2,3,0.33
NhIH,0,1,1,0.0
NhIN,0,1,1,0.0
NhIP,1,0,1,1.0
NhIS,0,0,0,
NhIn,1,0,1,1.0
NhIs,0,1,1,0.0
NhKN,0,1,1,0.0
NhKm,0,1,1,0.0
NhLB,1,0,1,1.0
NhLM,0,3,3,0.0
NhLN,2,0,2,1.0
NhLP,4,2,6,0.67
NhLb,4,0,4,1.0
NhLh,0,1,1,0.0
NhLj,0,1,1,0.0
NhLl,3,1,4,0.75
NhLm,1,3,4,0.25
NhLn,5,0,5,1.0
NhLs,0,0,0,
NhMB,2,3,5,0.4
NhML,1,1,2,0.5
NhMM,3,3,6,0.5
NhMN,3,4,7,0.43
NhMP,2,4,6,0.33
NhMS,5,4,9,0.56
NhMb,2,5,7,0.29
NhMh,1,3,4,0.25
NhMl,4,4,8,0.5
NhMm,4,3,7,0.57
NhMn,6,5,11,0.55
NhMs,0,3,3,0.0
NhMt,2,0,2,1.0
NhNB,3,1,4,0.75
NhND,1,0,1,1.0
NhNH,0,1,1,0.0
NhNL,1,2,3,0.33
NhNM,4,2,6,0.67
NhNN,2,7,9,0.22
NhNP,9,10,19,0.47
NhNS,2,2,4,0.5
NhNb,7,6,13,0.54
NhNh,1,0,1,1.0
NhNl,1,1,2,0.5
NhNm,1,6,7,0.14
NhNn,9,4,13,0.69
NhNs,1,2,3,0.33
NhNt,0,1,1,0.0
NhPB,3,3,6,0.5
NhPI,2,0,2,1.0
NhPK,0,1,1,0.0
NhPL,3,3,6,0.5
NhPM,4,5,9,0.44
NhPN,8,5,13,0.62
NhPP,15,13,28,0.54
NhPS,6,3,9,0.67
NhPb,7,6,13,0.54
NhPh,0,1,1,0.0
NhPl,6,0,6,1.0
NhPm,8,3,11,0.73
NhPn,7,9,16,0.44
NhPs,5,2,7,0.71
NhPt,2,1,3,0.67
NhSB,3,2,5,0.6
NhSD,1,0,1,1.0
NhSH,2,2,4,0.5
NhSL,2,0,2,1.0
NhSM,3,5,8,0.38
NhSN,3,5,8,0.38
NhSP,6,4,10,0.6
NhSS,4,5,9,0.44
NhSb,3,3,6,0.5
NhSh,3,2,5,0.6
NhSl,1,1,2,0.5
NhSm,1,2,3,0.33
NhSn,4,5,9,0.44
NhSs,1,5,6,0.17
NhSt,0,1,1,0.0
NhbB,4,2,6,0.67
NhbD,0,1,1,0.0
NhbH,2,4,6,0.33
NhbI,1,0,1,1.0
NhbJ,1,1,2,0.5
NhbL,3,1,4,0.75
NhbM,2,2,4,0.5
NhbN,8,7,15,0.53
NhbP,7,1,8,0.88
NhbS,4,2,6,0.67
Nhbb,6,7,13,0.46
Nhbl,0,3,3,0.0
Nhbm,2,3,5,0.4
Nhbn,1,3,4,0.25
Nhbs,3,3,6,0.5
NhhB,0,2,2,0.0
NhhD,1,0,1,1.0
NhhH,0,2,2,0.0
NhhK,0,1,1,0.0
NhhL,1,1,2,0.5
NhhM,6,3,9,0.67
NhhN,3,2,5,0.6
NhhP,9,1,10,0.9
NhhS,2,5,7,0.29
Nhhb,5,4,9,0.56
Nhhh,1,2,3,0.33
Nhhl,1,2,3,0.33
Nhhm,2,4,6,0.33
Nhhn,1,1,2,0.5
Nhhs,3,2,5,0.6
NhlB,1,3,4,0.25
NhlH,1,1,2,0.5
NhlJ,0,1,1,0.0
NhlK,0,2,2,0.0
NhlL,1,3,4,0.25
NhlM,2,2,4,0.5
NhlN,3,2,5,0.6
NhlP,3,3,6,0.5
NhlS,1,0,1,1.0
Nhlb,0,2,2,0.0
Nhll,1,1,2,0.5
Nhlm,1,0,1,1.0
Nhls,1,2,3,0.33
NhmB,4,3,7,0.57
NhmD,1,0,1,1.0
NhmH,3,1,4,0.75
NhmJ,0,0,0,
NhmL,1,1,2,0.5
NhmM,8,6,14,0.57
NhmN,5,7,12,0.42
NhmP,3,5,8,0.38
NhmS,2,1,3,0.67
Nhmb,3,4,7,0.43
Nhmm,2,4,6,0.33
Nhmn,3,8,11,0.27
Nhms,1,2,3,0.33
NhnB,5,5,10,0.5
NhnD,1,0,1,1.0
NhnH,3,3,6,0.5
NhnI,2,1,3,0.67
NhnL,1,2,3,0.33
NhnM,1,5,6,0.17
NhnN,10,8,18,0.56
NhnP,10,5,15,0.67
NhnS,3,4,7,0.43
Nhnb,7,4,11,0.64
Nhnh,0,1,1,0.0
Nhnl,1,1,2,0.5
Nhnm,8,3,11,0.73
Nhnn,8,7,15,0.53
Nhns,2,3,5,0.4
NhsB,2,2,4,0.5
NhsH,6,6,12,0.5
NhsI,0,0,0,
NhsL,3,3,6,0.5
NhsM,3,2,5,0.6
NhsN,4,2,6,0.67
NhsP,7,1,8,0.88
NhsS,2,9,11,0.18
Nhsb,5,2,7,0.71
Nhsl,1,2,3,0.33
Nhsm,5,1,6,0.83
Nhsn,1,2,3,0.33
Nhss,4,4,8,0.5
NhtB,1,0,1,1.0
NhtL,0,1,1,0.0
NhtM,1,1,2,0.5
NhtN,0,1,1,0.0
NhtP,1,1,2,0.5
NhtS,2,0,2,1.0
Nhtn,1,1,2,0.5
NlBB,1,7,8,0.12
NlBL,3,2,5,0.6
NlBM,5,5,10,0.5
NlBN,7,14,21,0.33
NlBP,7,7,14,0.5
NlBS,3,6,9,0.33
NlBb,7,2,9,0.78
NlBh,2,0,2,1.0
NlBj,1,0,1,1.0
NlBl,1,0,1,1.0
NlBm,7,2,9,0.78
NlBn,4,6,10,0.4
NlBs,3,0,3,1.0
NlBt,0,2,2,0.0
NlDB,1,0,1,1.0
NlDD,1,0,1,1.0
NlDH,0,1,1,0.0
NlDL,2,0,2,1.0
NlDM,0,1,1,0.0
NlDN,2,0,2,1.0
NlDP,2,0,2,1.0
NlDb,0,1,1,0.0
NlDm,0,1,1,0.0
NlDs,1,2,3,0.33
NlHB,1,2,3,0.33
NlHD,1,0,1,1.0
NlHH,2,0,2,1.0
NlHI,1,2,3,0.33
NlHL,1,0,1,1.0
NlHM,6,7,13,0.46
NlHN,5,4,9,0.56
NlHP,7,6,13,0.54
NlHS,2,4,6,0.33
NlHb,1,4,5,0.2
NlHh,0,3,3,0.0
NlHl,1,2,3,0.33
NlHm,2,1,3,0.67
NlHn,2,5,7,0.29
NlHs,4,3,7,0.57
NlHt,1,0,1,1.0
NlIB,0,0,0,
NlIH,1,0,1,1.0
NlIL,0,1,1,0.0
NlIM,0,2,2,0.0
NlIN,0,2,2,0.0
NlIP,1,0,1,1.0
NlIb,1,0,1,1.0
NlIm,1,0,1,1.0
NlIn,1,1,2,0.5
NlIs,2,1,3,0.67
NlJB,1,1,2,0.5
NlJL,0,1,1,0.0
NlJM,4,0,4,1.0
NlJN,3,1,4,0.75
NlJP,3,2,5,0.6
NlJS,2,4,6,0.33
NlJb,3,0,3,1.0
NlJl,1,1,2,0.5
NlJm,3,3,6,0.5
NlJn,2,2,4,0.5
NlJs,3,2,5,0.6
NlKB,1,0,1,1.0
NlKM,0,1,1,0.0
NlKS,0,0,0,
NlKh,0,2,2,0.0
NlKm,0,0,0,
NlKn,1,0,1,1.0
NlKs,0,0,0,
NlLB,2,0,2,1.0
NlLL,2,1,3,0.67
NlLM,5,5,10,0.5
NlLN,0,1,1,0.0
NlLP,4,2,6,0.67
NlLS,1,5,6,0.17
NlLb,1,4,5,0.2
NlLh,0,0,0,
NlLj,0,1,1,0.0
NlLl,1,3,4,0.25
NlLm,1,1,2,0.5
NlLn,1,3,4,0.25
NlLs,3,3,6,0.5
NlLt,1,0,1,1.0
NlMB,4,4,8,0.5
NlMD,0,1,1,0.0
NlML,1,2,3,0.33
NlMM,3,5,8,0.38
NlMN,6,2,8,0.75
NlMP,3,7,10,0.3
NlMS,0,3,3,0.0
NlMb,3,4,7,0.43
NlMh,5,2,7,0.71
NlMj,1,0,1,1.0
NlMl,5,5,10,0.5
NlMm,5,2,7,0.71
NlMn,8,9,17,0.47
NlMs,4,6,10,0.4
NlMt,0,0,0,
NlNB,9,3,12,0.75
NlND,3,1,4,0.75
NlNH,1,0,1,1.0
NlNK,0,0,0,
NlNL,5,4,9,0.56
NlNM,5,6,11,0.45
NlNN,4,5,9,0.44
NlNP,10,12,22,0.45
NlNS,10,1,11,0.91
NlNb,6,5,11,0.55
NlNh,0,3,3,0.0
NlNl,5,4,9,0.56
NlNm,11,5,16,0.69
NlNn,15,8,23,0.65
NlNs,3,4,7,0.43
NlNt,1,1,2,0.5
NlPB,3,5,8,0.38
NlPD,0,1,1,0.0
NlPH,2,1,3,0.67
NlPI,1,0,1,1.0
NlPK,1,0,1,1.0
NlPL,2,2,4,0.5
NlPM,9,7,16,0.56
NlPN,8,9,17,0.47
NlPP,12,17,29,0.41
NlPS,4,6,10,0.4
NlPb,4,15,19,0.21
NlPh,2,1,3,0.67
NlPl,2,6,8,0.25
NlPm,6,9,15,0.4
NlPn,7,7,14,0.5
NlPs,4,8,12,0.33
NlPt,1,0,1,1.0
NlSB,2,2,4,0.5
NlSD,0,1,1,0.0
NlSH,1,0,1,1.0
NlSL,2,1,3,0.67
NlSM,5,7,12,0.42
NlSN,2,5,7,0.29
NlSP,8,9,17,0.47
NlSS,3,3,6,0.5
NlSb,3,6,9,0.33
NlSh,1,4,5,0.2
NlSl,2,2,4,0.5
NlSm,7,2,9,0.78
NlSn,5,6,11,0.45
NlSs,1,5,6,0.17
NlSt,1,1,2,0.5
NlbB,6,6,12,0.5
NlbD,1,1,2,0.5
NlbH,1,0,1,1.0
NlbI,0,0,0,
NlbJ,3,2,5,0.6
NlbL,6,1,7,0.86
NlbM,8,9,17,0.47
NlbN,7,8,15,0.47
NlbP,12,8,20,0.6
NlbS,3,3,6,0.5
Nlbb,4,6,10,0.4
Nlbl,2,1,3,0.67
Nlbm,5,3,8,0.62
Nlbn,3,3,6,0.5
Nlbs,2,2,4,0.5
NllB,5,2,7,0.71
NllH,1,2,3,0.33
NllJ,1,0,1,1.0
NllM,4,2,6,0.67
NllN,1,1,2,0.5
NllP,2,4,6,0.33
NllS,2,0,2,1.0
Nllb,2,3,5,0.4
Nlll,3,2,5,0.6
Nllm,5,1,6,0.83
Nlln,1,1,2,0.5
NlmB,2,6,8,0.25
NlmD,1,1,2,0.5
NlmH,3,4,7,0.43
NlmI,1,1,2,0.5
NlmJ,0,1,1,0.0
NlmL,1,1,2,0.5
NlmM,5,3,8,0.62
NlmN,8,5,13,0.62
NlmP,5,3,8,0.62
Nlmb,3,6,9,0.33
Nlml,0,1,1,0.0
Nlmm,1,3,4,0.25
Nlmn,3,5,8,0.38
Nlms,2,1,3,0.67
NlnB,4,2,6,0.67
NlnH,1,0,1,1.0
NlnI,1,0,1,1.0
NlnK,0,1,1,0.0
NlnL,5,3,8,0.62
NlnM,2,5,7,0.29
NlnN,5,5,10,0.5
NlnP,9,12,21,0.43
NlnS,6,2,8,0.75
Nlnb,9,3,12,0.75
Nlnl,2,0,2,1.0
Nlnm,5,1,6,0.83
Nlnn,9,7,16,0.56
Nlns,6,1,7,0.86
NlsB,4,2,6,0.67
NlsD,0,0,0,
NlsH,2,2,4,0.5
NlsI,0,1,1,0.0
NlsL,2,1,3,0.67
NlsM,2,4,6,0.33
NlsN,3,1,4,0.75
NlsP,5,4,9,0.56
NlsS,2,4,6,0.33
Nlsb,2,2,4,0.5
Nlsh,0,1,1,0.0
Nlsl,1,1,2,0.5
Nlsm,4,3,7,0.57
Nlsn,2,2,4,0.5
Nlss,5,1,6,0.83
NmBB,10,8,18,0.56
NmBD,1,2,3,0.33
NmBK,1,0,1,1.0
NmBL,2,1,3,0.67
NmBM,8,12,20,0.4
NmBN,10,10,20,0.5
NmBP,7,12,19,0.37
NmBS,6,9,15,0.4
NmBb,3,7,10,0.3
NmBh,1,3,4,0.25
NmBj,3,6,9,0.33
NmBl,5,4,9,0.56
NmBm,9,5,14,0.64
NmBn,21,11,32,0.66
NmBs,5,8,13,0.38
NmBt,4,0,4,1.0
NmDB,0,2,2,0.0
NmDH,1,0,1,1.0
NmDL,1,3,4,0.25
NmDM,2,5,7,0.29
NmDN,0,1,1,0.0
NmDP,2,2,4,0.5
NmDS,2,1,3,0.67
NmDb,2,0,2,1.0
NmDl,0,2,2,0.0
NmDm,0,1,1,0.0
NmDn,2,2,4,0.5
NmDs,2,0,2,1.0
NmHB,3,6,9,0.33
NmHD,0,3,3,0.0
NmHI,0,2,2,0.0
NmHL,3,3,6,0.5
NmHM,4,11,15,0.27
NmHN,12,12,24,0.5
NmHP,9,12,21,0.43
NmHS,8,5,13,0.62
NmHb,8,7,15,0.53
NmHh,3,5,8,0.38
NmHl,3,6,9,0.33
NmHm,14,5,19,0.74
NmHn,11,3,14,0.79
NmHs,5,3,8,0.62
NmHt,1,0,1,1.0
NmIH,1,1,2,0.5
NmII,1,0,1,1.0
NmIL,1,1,2,0.5
NmIN,0,0,0,
NmIP,0,4,4,0.0
NmIS,0,0,0,
NmIb,0,1,1,0.0
NmIl,0,0,0,
NmIm,1,1,2,0.5
NmIn,2,0,2,1.0
NmIs,3,0,3,1.0
NmJB,2,3,5,0.4
NmJH,1,1,2,0.5
NmJI,1,0,1,1.0
NmJK,1,0,1,1.0
NmJL,2,5,7,0.29
NmJM,2,6,8,0.25
NmJN,6,1,7,0.86
NmJP,5,3,8,0.62
NmJS,1,1,2,0.5
NmJb,0,1,1,0.0
NmJl,0,1,1,0.0
NmJm,3,4,7,0.43
NmJn,3,3,6,0.5
NmJs,1,1,2,0.5
NmKB,1,0,1,1.0
NmLB,2,3,5,0.4
NmLD,1,0,1,1.0
NmLL,2,0,2,1.0
NmLM,2,6,8,0.25
NmLN,4,3,7,0.57
NmLP,6,6,12,0.5
NmLS,10,5,15,0.67
NmLb,2,3,5,0.4
NmLh,3,2,5,0.6
NmLj,0,1,1,0.0
NmLl,1,3,4,0.25
NmLm,3,3,6,0.5
NmLn,7,7,14,0.5
NmLs,7,3,10,0.7
NmLt,1,0,1,1.0
NmMB,6,5,11,0.55
NmMD,0,1,1,0.0
NmML,5,5,10,0.5
NmMM,7,8,15,0.47
NmMN,16,9,25,0.64
NmMP,16,17,33,0.48
NmMS,1,8,9,0.11
NmMb,8,9,17,0.47
NmMh,18,10,28,0.64
NmMj,4,5,9,0.44
NmMl,3,4,7,0.43
NmMm,5,11,16,0.31
NmMn,10,14,24,0.42
NmMs,9,8,17,0.53
NmMt,3,2,5,0.6
NmNB,13,13,26,0.5
NmND,4,1,5,0.8
NmNH,4,1,5,0.8
NmNK,1,0,1,1.0
NmNL,4,1,5,0.8
NmNM,15,16,31,0.48
NmNN,20,14,34,0.59
NmNP,24,15,39,0.62
NmNS,13,8,21,0.62
NmNb,14,12,26,0.54
NmNh,4,4,8,0.5
NmNl,3,6,9,0.33
NmNm,12,10,22,0.55
NmNn,26,21,47,0.55
NmNs,9,6,15,0.6
NmNt,3,3,6,0.5
NmPB,9,14,23,0.39
NmPD,3,1,4,0.75
NmPH,3,2,5,0.6
NmPI,2,0,2,1.0
NmPK,0,3,3,0.0
NmPL,11,7,18,0.61
NmPM,13,19,32,0.41
NmPN,15,17,32,0.47
NmPP,27,18,45,0.6
NmPS,14,11,25,0.56
NmPb,9,10,19,0.47
NmPh,2,1,3,0.67
NmPl,5,13,18,0.28
NmPm,14,8,22,0.64
NmPn,17,17,34,0.5
NmPs,7,8,15,0.47
NmPt,3,0,3,1.0
NmSB,6,9,15,0.4
NmSD,1,0,1,1.0
NmSH,2,2,4,0.5
NmSL,2,5,7,0.29
NmSM,6,10,16,0.38
NmSN,10,5,15,0.67
NmSP,10,15,25,0.4
NmSS,6,12,18,0.33
NmSb,2,6,8,0.25
NmSh,10,2,12,0.83
NmSl,2,2,4,0.5
NmSm,1,5,6,0.17
NmSn,12,8,20,0.6
NmSs,8,10,18,0.44
NmSt,7,0,7,1.0
NmbB,9,9,18,0.5
NmbD,0,1,1,0.0
NmbH,2,2,4,0.5
NmbI,0,1,1,0.0
NmbJ,9,4,13,0.69
NmbK,2,2,4,0.5
NmbL,1,2,3,0.33
NmbM,18,8,26,0.69
NmbN,15,19,34,0.44
NmbP,26,14,40,0.65
NmbS,4,3,7,0.57
Nmbb,13,9,22,0.59
Nmbl,8,5,13,0.62
Nmbm,12,14,26,0.46
Nmbn,11,10,21,0.52
Nmbs,2,1,3,0.67
NmhI,0,1,1,0.0
Nmhn,0,1,1,0.0
NmlB,4,6,10,0.4
NmlH,3,1,4,0.75
NmlJ,1,1,2,0.5
NmlL,1,0,1,1.0
NmlM,2,4,6,0.33
NmlN,5,2,7,0.71
NmlP,2,2,4,0.5
NmlS,2,3,5,0.4
Nmlb,2,4,6,0.33
Nmll,1,1,2,0.5
Nmlm,1,3,4,0.25
Nmln,3,1,4,0.75
Nmls,6,1,7,0.86
NmmB,8,13,21,0.38
NmmD,2,0,2,1.0
NmmH,10,5,15,0.67
NmmI,0,1,1,0.0
NmmJ,2,2,4,0.5
NmmL,2,2,4,0.5
NmmM,5,9,14,0.36
NmmN,16,7,23,0.7
NmmP,10,13,23,0.43
NmmS,3,2,5,0.6
Nmmb,12,9,21,0.57
Nmml,2,7,9,0.22
Nmmm,13,2,15,0.87
Nmmn,7,6,13,0.54
Nmms,4,3,7,0.57
NmnB,11,7,18,0.61
NmnD,0,1,1,0.0
NmnH,12,7,19,0.63
NmnI,3,2,5,0.6
NmnK,1,0,1,1.0
NmnL,3,4,7,0.43
NmnM,15,10,25,0.6
NmnN,26,17,43,0.6
NmnP,17,27,44,0.39
NmnS,12,9,21,0.57
Nmnb,13,9,22,0.59
Nmnl,2,1,3,0.67
Nmnm,14,10,24,0.58
Nmnn,12,14,26,0.46
Nmns,5,7,12,0.42
NmsB,2,9,11,0.18
NmsD,2,0,2,1.0
NmsH,2,2,4,0.5
NmsL,3,2,5,0.6
NmsM,4,4,8,0.5
NmsN,8,10,18,0.44
NmsP,7,8,15,0.47
NmsS,7,9,16,0.44
Nmsb,5,2,7,0.71
Nmsl,0,2,2,0.0
Nmsm,6,2,8,0.75
Nmsn,9,5,14,0.64
Nmss,7,3,10,0.7
NnBB,23,10,33,0.7
NnBD,1,1,2,0.5
NnBH,1,0,1,1.0
NnBK,1,1,2,0.5
NnBL,5,5,10,0.5
NnBM,11,11,22,0.5
NnBN,13,19,32,0.41
NnBP,20,20,40,0.5
NnBS,3,13,16,0.19
NnBb,9,14,23,0.39
NnBh,1,2,3,0.33
NnBj,1,6,7,0.14
NnBl,3,3,6,0.5
NnBm,9,9,18,0.5
NnBn,18,19,37,0.49
NnBs,4,8,12,0.33
NnBt,1,0,1,1.0
NnDB,2,1,3,0.67
NnDD,1,0,1,1.0
NnDH,3,0,3,1.0
NnDL,1,1,2,0.5
NnDM,0,2,2,0.0
NnDN,3,4,7,0.43
NnDP,2,2,4,0.5
NnDS,4,0,4,1.0
NnDb,2,1,3,0.67
NnDl,2,1,3,0.67
NnDm,1,2,3,0.33
NnDn,3,3,6,0.5
NnDs,3,3,6,0.5
NnDt,0,2,2,0.0
NnHB,3,9,12,0.25
NnHD,2,2,4,0.5
NnHH,1,1,2,0.5
NnHI,3,0,3,1.0
NnHK,2,0,2,1.0
NnHL,4,3,7,0.57
NnHM,6,8,14,0.43
NnHN,11,9,20,0.55
NnHP,21,16,37,0.57
NnHS,11,9,20,0.55
NnHb,5,6,11,0.45
NnHh,1,5,6,0.17
NnHl,2,7,9,0.22
NnHm,9,3,12,0.75
NnHn,19,11,30,0.63
NnHs,10,8,18,0.56
NnIB,4,2,6,0.67
NnID,1,0,1,1.0
NnIH,3,0,3,1.0
NnIL,3,2,5,0.6
NnIM,4,2,6,0.67
NnIN,3,0,3,1.0
NnIP,6,4,10,0.6
NnIS,4,1,5,0.8
NnIb,2,1,3,0.67
NnIl,1,0,1,1.0
NnIm,4,0,4,1.0
NnIn,2,6,8,0.25
NnIs,2,2,4,0.5
NnKB,1,0,1,1.0
NnKD,1,1,2,0.5
NnKL,0,1,1,0.0
NnKM,1,0,1,1.0
NnKN,1,0,1,1.0
NnKP,1,3,4,0.25
NnKS,0,4,4,0.0
NnKb,3,0,3,1.0
NnKl,3,1,4,0.75
NnKn,1,0,1,1.0
NnKs,0,1,1,0.0
NnLB,8,6,14,0.57
NnLD,1,0,1,1.0
NnLH,1,0,1,1.0
NnLK,1,2,3,0.33
NnLL,2,5,7,0.29
NnLM,3,8,11,0.27
NnLN,7,5,12,0.58
NnLP,8,9,17,0.47
NnLS,6,10,16,0.38
NnLb,6,4,10,0.6
NnLh,2,4,6,0.33
NnLj,1,0,1,1.0
NnLl,4,0,4,1.0
NnLm,7,3,10,0.7
NnLn,10,14,24,0.42
NnLs,9,10,19,0.47
NnLt,2,1,3,0.67
NnMB,12,11,23,0.52
NnMD,1,2,3,0.33
NnMK,1,0,1,1.0
NnML,6,8,14,0.43
NnMM,14,18,32,0.44
NnMN,15,16,31,0.48
NnMP,21,17,38,0.55
NnMS,12,12,24,0.5
NnMb,18,15,33,0.55
NnMh,10,13,23,0.43
NnMj,4,4,8,0.5
NnMl,4,4,8,0.5
NnMm,17,11,28,0.61
NnMn,26,30,56,0.46
NnMs,16,9,25,0.64
NnMt,2,2,4,0.5
NnNB,22,17,39,0.56
NnND,2,3,5,0.4
NnNH,6,7,13,0.46
NnNK,2,3,5,0.4
NnNL,9,15,24,0.38
NnNM,22,16,38,0.58
NnNN,18,32,50,0.36
NnNP,40,46,86,0.47
NnNS,22,25,47,0.47
NnNb,19,18,37,0.51
NnNh,5,6,11,0.45
NnNl,16,3,19,0.84
NnNm,27,15,42,0.64
NnNn,39,33,72,0.54
NnNs,19,21,40,0.48
NnNt,5,3,8,0.62
NnPB,31,19,50,0.62
NnPD,2,1,3,0.67
NnPH,12,6,18,0.67
NnPI,2,3,5,0.4
NnPK,2,0,2,1.0
NnPL,8,11,19,0.42
NnPM,14,31,45,0.31
NnPN,25,29,54,0.46
NnPP,64,62,126,0.51
NnPS,19,23,42,0.45
NnPb,29,21,50,0.58
NnPh,4,2,6,0.67
NnPl,8,13,21,0.38
NnPm,23,14,37,0.62
NnPn,33,33,66,0.5
NnPs,19,28,47,0.4
NnPt,5,3,8,0.62
NnSB,5,13,18,0.28
NnSD,3,1,4,0.75
NnSH,4,8,12,0.33
NnSL,4,10,14,0.29
NnSM,13,11,24,0.54
NnSN,16,19,35,0.46
NnSP,16,13,29,0.55
NnSS,18,21,39,0.46
NnSb,13,2,15,0.87
NnSh,11,9,20,0.55
NnSl,4,4,8,0.5
NnSm,14,13,27,0.52
NnSn,18,17,35,0.51
NnSs,14,14,28,0.5
NnSt,5,3,8,0.62
NnbB,12,14,26,0.46
NnbD,2,1,3,0.67
NnbH,5,4,9,0.56
NnbI,3,2,5,0.6
NnbJ,3,7,10,0.3
NnbK,0,0,0,
NnbL,3,5,8,0.38
NnbM,15,13,28,0.54
NnbN,19,26,45,0.42
NnbP,26,19,45,0.58
NnbS,14,13,27,0.52
Nnbb,26,17,43,0.6
Nnbl,6,3,9,0.67
Nnbm,9,6,15,0.6
Nnbn,12,23,35,0.34
Nnbs,5,8,13,0.38
NnhB,1,0,1,1.0
NnhH,0,0,0,
NnhL,2,0,2,1.0
NnhM,1,0,1,1.0
NnhN,1,0,1,1.0
NnhP,2,1,3,0.67
Nnhb,0,2,2,0.0
Nnhh,1,0,1,1.0
Nnhm,1,0,1,1.0
Nnhn,0,0,0,
Nnhs,1,0,1,1.0
NnlB,3,3,6,0.5
NnlH,8,2,10,0.8
NnlI,2,1,3,0.67
NnlJ,2,5,7,0.29
NnlL,3,0,3,1.0
NnlM,6,7,13,0.46
NnlN,4,10,14,0.29
NnlP,14,7,21,0.67
NnlS,4,1,5,0.8
Nnlb,11,6,17,0.65
Nnll,2,4,6,0.33
Nnlm,6,1,7,0.86
Nnln,4,7,11,0.36
Nnls,4,1,5,0.8
NnmB,6,10,16,0.38
NnmD,1,3,4,0.25
NnmH,11,10,21,0.52
NnmI,0,2,2,0.0
NnmJ,3,2,5,0.6
NnmL,2,3,5,0.4
NnmM,12,18,30,0.4
NnmN,18,26,44,0.41
NnmP,19,14,33,0.58
NnmS,14,7,21,0.67
Nnmb,17,4,21,0.81
Nnml,6,7,13,0.46
Nnmm,14,5,19,0.74
Nnmn,12,13,25,0.48
Nnms,6,11,17,0.35
NnnB,9,11,20,0.45
NnnD,1,5,6,0.17
NnnH,7,14,21,0.33
NnnI,3,5,8,0.38
NnnK,2,2,4,0.5
NnnL,11,10,21,0.52
NnnM,15,15,30,0.5
NnnN,27,32,59,0.46
NnnP,36,31,67,0.54
NnnS,15,15,30,0.5
Nnnb,20,12,32,0.62
Nnnh,0,3,3,0.0
Nnnl,7,12,19,0.37
Nnnm,18,17,35,0.51
Nnnn,25,25,50,0.5
Nnns,17,12,29,0.59
NnsB,8,7,15,0.53
NnsD,4,2,6,0.67
NnsH,9,13,22,0.41
NnsI,3,1,4,0.75
NnsL,5,5,10,0.5
NnsM,12,12,24,0.5
NnsN,24,15,39,0.62
NnsP,19,16,35,0.54
NnsS,19,17,36,0.53
Nnsb,16,11,27,0.59
Nnsh,0,0,0,
Nnsl,5,3,8,0.62
Nnsm,12,10,22,0.55
Nnsn,10,14,24,0.42
Nnss,12,14,26,0.46
NntM,0,1,1,0.0
NntP,0,0,0,
Nntt,1,0,1,1.0
NsBB,6,10,16,0.38
NsBD,1,0,1,1.0
NsBK,1,0,1,1.0
NsBL,4,1,5,0.8
NsBM,5,5,10,0.5
NsBN,5,8,13,0.38
NsBP,10,14,24,0.42
NsBS,1,7,8,0.12
NsBb,4,6,10,0.4
NsBh,0,2,2,0.0
NsBj,1,2,3,0.33
NsBl,2,0,2,1.0
NsBm,6,3,9,0.67
NsBn,7,3,10,0.7
NsBs,5,2,7,0.71
NsDB,0,2,2,0.0
NsDH,1,1,2,0.5
NsDL,1,3,4,0.25
NsDM,0,2,2,0.0
NsDN,0,1,1,0.0
NsDP,1,2,3,0.33
NsDS,1,1,2,0.5
NsDb,3,1,4,0.75
NsDm,0,0,0,
NsDn,2,0,2,1.0
NsDs,1,1,2,0.5
NsHB,4,7,11,0.36
NsHD,2,2,4,0.5
NsHH,3,1,4,0.75
NsHI,1,2,3,0.33
NsHL,4,4,8,0.5
NsHM,11,10,21,0.52
NsHN,9,9,18,0.5
NsHP,13,11,24,0.54
NsHS,4,10,14,0.29
NsHb,6,9,15,0.4
NsHh,2,6,8,0.25
NsHl,3,7,10,0.3
NsHm,7,6,13,0.54
NsHn,14,13,27,0.52
NsHs,9,7,16,0.56
NsHt,0,1,1,0.0
NsIB,1,1,2,0.5
NsID,0,1,1,0.0
NsIH,2,1,3,0.67
NsII,1,0,1,1.0
NsIM,2,0,2,1.0
NsIN,0,0,0,
NsIP,3,2,5,0.6
NsIS,1,0,1,1.0
NsIb,0,0,0,
NsIl,1,0,1,1.0
NsIm,0,0,0,
NsIn,2,2,4,0.5
NsIs,1,1,2,0.5
NsKH,1,0,1,1.0
NsKL,1,0,1,1.0
NsKP,0,0,0,
NsKb,1,1,2,0.5
NsKh,0,1,1,0.0
NsKm,0,1,1,0.0
NsLB,3,9,12,0.25
NsLK,1,0,1,1.0
NsLL,1,1,2,0.5
NsLM,3,2,5,0.6
NsLN,1,3,4,0.25
NsLP,1,8,9,0.11
NsLS,2,3,5,0.4
NsLb,4,7,11,0.36
NsLh,2,2,4,0.5
NsLj,0,1,1,0.0
NsLl,2,2,4,0.5
NsLm,2,3,5,0.4
NsLn,3,7,10,0.3
NsLs,5,2,7,0.71
NsLt,1,1,2,0.5
NsMB,7,3,10,0.7
NsMD,0,1,1,0.0
NsML,5,2,7,0.71
NsMM,3,9,12,0.25
NsMN,13,11,24,0.54
NsMP,10,7,17,0.59
NsMS,7,13,20,0.35
NsMb,5,9,14,0.36
NsMh,5,2,7,0.71
NsMj,2,5,7,0.29
NsMl,11,5,16,0.69
NsMm,12,4,16,0.75
NsMn,18,17,35,0.51
NsMs,8,10,18,0.44
NsMt,0,2,2,0.0
NsNB,9,13,22,0.41
NsND,2,1,3,0.67
NsNH,3,1,4,0.75
NsNK,1,3,4,0.25
NsNL,6,2,8,0.75
NsNM,8,8,16,0.5
NsNN,19,6,25,0.76
NsNP,16,18,34,0.47
NsNS,9,11,20,0.45
NsNb,8,10,18,0.44
NsNh,3,3,6,0.5
NsNl,2,4,6,0.33
NsNm,14,8,22,0.64
NsNn,13,13,26,0.5
NsNs,13,14,27,0.48
NsNt,0,2,2,0.0
NsPB,13,11,24,0.54
NsPD,2,2,4,0.5
NsPH,4,2,6,0.67
NsPI,1,1,2,0.5
NsPK,1,3,4,0.25
NsPL,6,10,16,0.38
NsPM,14,12,26,0.54
NsPN,18,15,33,0.55
NsPP,14,24,38,0.37
NsPS,12,18,30,0.4
NsPb,14,12,26,0.54
NsPh,1,1,2,0.5
NsPl,8,4,12,0.67
NsPm,17,8,25,0.68
NsPn,17,15,32,0.53
NsPs,7,21,28,0.25
NsPt,4,4,8,0.5
NsSB,4,9,13,0.31
NsSD,2,2,4,0.5
NsSH,2,4,6,0.33
NsSK,1,1,2,0.5
NsSL,7,4,11,0.64
NsSM,5,13,18,0.28
NsSN,16,14,30,0.53
NsSP,12,16,28,0.43
NsSS,11,17,28,0.39
NsSb,9,9,18,0.5
NsSh,10,6,16,0.62
NsSl,6,2,8,0.75
NsSm,12,7,19,0.63
NsSn,9,22,31,0.29
NsSs,9,15,24,0.38
NsSt,1,2,3,0.33
NsbB,7,6,13,0.54
NsbD,0,1,1,0.0
NsbH,0,2,2,0.0
NsbI,1,0,1,1.0
NsbJ,4,2,6,0.67
NsbK,1,0,1,1.0
NsbL,3,4,7,0.43
NsbM,7,6,13,0.54
NsbN,11,8,19,0.58
NsbP,14,10,24,0.58
NsbS,4,4,8,0.5
Nsbb,12,9,21,0.57
Nsbl,1,4,5,0.2
Nsbm,8,2,10,0.8
Nsbn,10,5,15,0.67
Nsbs,4,2,6,0.67
NshP,1,0,1,1.0
NshS,2,0,2,1.0
Nshh,1,0,1,1.0
Nshm,1,1,2,0.5
Nshs,0,1,1,0.0
NslB,4,3,7,0.57
NslH,3,3,6,0.5
NslJ,4,1,5,0.8
NslL,1,2,3,0.33
NslM,3,4,7,0.43
NslN,8,1,9,0.89
NslP,2,6,8,0.25
NslS,1,4,5,0.2
Nslb,4,2,6,0.67
Nsll,0,1,1,0.0
Nslm,4,5,9,0.44
Nsln,7,6,13,0.54
Nsls,1,5,6,0.17
NsmB,7,8,15,0.47
NsmD,2,0,2,1.0
NsmH,4,6,10,0.4
NsmI,1,0,1,1.0
NsmJ,3,3,6,0.5
NsmL,4,2,6,0.67
NsmM,7,10,17,0.41
NsmN,13,14,27,0.48
NsmP,12,13,25,0.48
NsmS,12,9,21,0.57
Nsmb,6,12,18,0.33
Nsml,5,3,8,0.62
Nsmm,9,7,16,0.56
Nsmn,10,10,20,0.5
Nsms,5,5,10,0.5
NsnB,8,10,18,0.44
NsnD,3,0,3,1.0
NsnH,5,3,8,0.62
NsnI,4,1,5,0.8
NsnK,2,1,3,0.67
NsnL,3,5,8,0.38
NsnM,8,6,14,0.57
NsnN,12,15,27,0.44
NsnP,16,14,30,0.53
NsnS,11,6,17,0.65
Nsnb,15,8,23,0.65
Nsnl,4,2,6,0.67
Nsnm,8,0,8,1.0
Nsnn,6,8,14,0.43
Nsns,10,6,16,0.62
NssB,8,2,10,0.8
NssD,2,1,3,0.67
NssH,6,13,19,0.32
NssI,3,1,4,0.75
NssL,6,2,8,0.75
NssM,5,9,14,0.36
NssN,13,10,23,0.57
NssP,10,15,25,0.4
NssS,16,11,27,0.59
Nssb,6,7,13,0.46
Nssl,7,3,10,0.7
Nssm,8,5,13,0.62
Nssn,8,11,19,0.42
Nsss,11,15,26,0.42
NstL,0,1,1,0.0
NstM,0,0,0,
Nstb,1,0,1,1.0
NtBB,2,3,5,0.4
NtBK,1,0,1,1.0
NtBL,0,1,1,0.0
NtBM,4,3,7,0.57
NtBN,0,4,4,0.0
NtBP,2,4,6,0.33
NtBS,0,0,0,
NtBb,2,1,3,0.67
NtBh,0,1,1,0.0
NtBj,2,0,2,1.0
NtBl,2,2,4,0.5
NtBm,2,3,5,0.4
NtBn,1,3,4,0.25
NtBs,2,0,2,1.0
NtBt,0,1,1,0.0
NtDB,0,1,1,0.0
NtDN,1,0,1,1.0
NtDP,1,1,2,0.5
NtDS,1,0,1,1.0
NtDm,1,0,1,1.0
NtHB,0,1,1,0.0
NtHH,0,1,1,0.0
NtHI,0,1,1,0.0
NtHL,1,2,3,0.33
NtHM,0,1,1,0.0
NtHN,4,4,8,0.5
NtHP,1,4,5,0.2
NtHS,1,0,1,1.0
NtHb,1,2,3,0.33
NtHh,1,0,1,1.0
NtHl,1,0,1,1.0
NtHm,1,0,1,1.0
NtHn,3,1,4,0.75
NtHs,1,2,3,0.33
NtIP,0,1,1,0.0
NtIm,1,0,1,1.0
NtKb,1,0,1,1.0
NtLB,1,0,1,1.0
NtLM,0,0,0,
NtLN,1,0,1,1.0
NtLP,2,2,4,0.5
NtLS,1,0,1,1.0
NtLb,3,1,4,0.75
NtLl,0,0,0,
NtLm,0,1,1,0.0
NtLn,2,2,4,0.5
NtLs,0,1,1,0.0
NtMB,2,3,5,0.4
NtML,1,0,1,1.0
NtMM,3,2,5,0.6
NtMN,0,0,0,
NtMP,1,6,7,0.14
NtMS,3,2,5,0.6
NtMb,2,2,4,0.5
NtMh,1,0,1,1.0
NtMj,1,0,1,1.0
NtMl,1,1,2,0.5
NtMm,4,4,8,0.5
NtMn,3,3,6,0.5
NtMs,2,2,4,0.5
NtNB,2,4,6,0.33
NtND,0,0,0,
NtNH,1,0,1,1.0
NtNL,2,0,2,1.0
NtNM,1,4,5,0.2
NtNN,5,4,9,0.56
NtNP,3,7,10,0.3
NtNS,1,3,4,0.25
NtNb,0,1,1,0.0
NtNh,0,2,2,0.0
NtNl,3,0,3,1.0
NtNm,3,5,8,0.38
NtNn,5,3,8,0.62
NtNs,2,2,4,0.5
NtNt,0,2,2,0.0
NtPB,6,3,9,0.67
NtPD,0,1,1,0.0
NtPH,1,2,3,0.33
NtPI,0,1,1,0.0
NtPL,0,2,2,0.0
NtPM,1,2,3,0.33
NtPN,3,3,6,0.5
NtPP,10,8,18,0.56
NtPS,3,4,7,0.43
NtPb,6,4,10,0.6
NtPl,4,0,4,1.0
NtPm,4,3,7,0.57
NtPn,6,5,11,0.55
NtPs,7,4,11,0.64
NtPt,0,1,1,0.0
NtSB,0,1,1,0.0
NtSD,0,0,0,
NtSH,0,1,1,0.0
NtSL,0,1,1,0.0
NtSM,1,0,1,1.0
NtSN,2,3,5,0.4
NtSP,4,2,6,0.67
NtSS,1,3,4,0.25
NtSb,1,3,4,0.25
NtSh,1,2,3,0.33
NtSl,1,2,3,0.33
NtSm,3,0,3,1.0
NtSn,3,1,4,0.75
NtSs,6,3,9,0.67
NtSt,0,1,1,0.0
NtbB,4,4,8,0.5
NtbD,1,0,1,1.0
NtbH,1,0,1,1.0
NtbK,0,0,0,
NtbL,0,3,3,0.0
NtbM,2,3,5,0.4
NtbN,5,4,9,0.56
NtbP,3,4,7,0.43
NtbS,1,0,1,1.0
Ntbb,1,1,2,0.5
Ntbl,2,0,2,1.0
Ntbm,2,2,4,0.5
Ntbn,7,4,11,0.64
Ntbs,3,0,3,1.0
Nthn,0,1,1,0.0
Nths,1,0,1,1.0
NtlB,0,1,1,0.0
NtlD,1,0,1,1.0
NtlH,1,1,2,0.5
NtlJ,1,0,1,1.0
NtlL,1,1,2,0.5
NtlM,0,2,2,0.0
NtlN,0,1,1,0.0
NtlP,0,4,4,0.0
NtlS,2,1,3,0.67
Ntlb,2,0,2,1.0
Ntll,1,1,2,0.5
Ntlm,1,0,1,1.0
Ntln,0,1,1,0.0
Ntls,0,0,0,
NtmB,1,2,3,0.33
NtmD,1,0,1,1.0
NtmH,4,1,5,0.8
NtmI,0,1,1,0.0
NtmJ,3,0,3,1.0
NtmL,0,0,0,
NtmM,5,4,9,0.56
NtmN,3,3,6,0.5
NtmP,3,3,6,0.5
NtmS,1,1,2,0.5
Ntmb,0,4,4,0.0
Ntml,3,2,5,0.6
Ntmm,2,0,2,1.0
Ntmn,1,0,1,1.0
Ntms,1,1,2,0.5
NtnB,1,3,4,0.25
NtnH,4,1,5,0.8
NtnL,2,3,5,0.4
NtnM,1,3,4,0.25
NtnN,3,5,8,0.38
NtnP,6,1,7,0.86
NtnS,3,2,5,0.6
Ntnb,4,0,4,1.0
Ntnl,2,3,5,0.4
Ntnm,3,2,5,0.6
Ntnn,0,5,5,0.0
Ntns,1,1,2,0.5
NtsB,2,1,3,0.67
NtsH,2,0,2,1.0
NtsI,1,0,1,1.0
NtsL,0,0,0,
NtsM,2,0,2,1.0
NtsN,1,1,2,0.5
NtsP,2,2,4,0.5
NtsS,2,1,3,0.67
Ntsb,0,1,1,0.0
Ntsm,3,1,4,0.75
Ntsn,1,1,2,0.5
Ntss,1,1,2,0.5
NttH,1,0,1,1.0
NttM,1,1,2,0.5
NttN,1,2,3,0.33
NttP,0,1,1,0.0
NttS,0,1,1,0.0
Nttb,0,0,0,
Nttl,0,1,1,0.0
Nttm,1,2,3,0.33
Ntts,1,0,1,1.0
PBBB,24,24,48,0.5
PBBD,4,1,5,0.8
PBBH,1,0,1,1.0
PBBK,0,2,2,0.0
PBBL,4,5,9,0.44
PBBM,14,18,32,0.44
PBBN,18,20,38,0.47
PBBP,27,32,59,0.46
PBBS,7,11,18,0.39
PBBb,20,25,45,0.44
PBBh,0,1,1,0.0
PBBj,7,4,11,0.64
PBBl,8,10,18,0.44
PBBm,11,15,26,0.42
PBBn,23,22,45,0.51
PBBs,3,7,10,0.3
PBBt,2,2,4,0.5
PBDD,0,1,1,0.0
PBDI,1,0,1,1.0
PBDM,1,0,1,1.0
PBDN,1,0,1,1.0
PBDP,1,2,3,0.33
PBDS,0,1,1,0.0
PBDb,0,2,2,0.0
PBDm,1,1,2,0.5
PBDn,0,2,2,0.0
PBDs,0,2,2,0.0
PBHB,1,0,1,1.0
PBHP,1,0,1,1.0
PBHb,0,1,1,0.0
PBIM,1,0,1,1.0
PBKB,2,1,3,0.67
PBKL,0,0,0,
PBKM,1,1,2,0.5
PBKN,1,0,1,1.0
PBKP,2,3,5,0.4
PBKb,1,2,3,0.33
PBKh,3,1,4,0.75
PBKm,1,2,3,0.33
PBKn,0,1,1,0.0
PBKs,0,0,0,
PBLB,7,5,12,0.58
PBLL,3,4,7,0.43
PBLM,5,8,13,0.38
PBLN,4,4,8,0.5
PBLP,14,11,25,0.56
PBLS,3,1,4,0.75
PBLb,9,14,23,0.39
PBLh,2,2,4,0.5
PBLj,3,6,9,0.33
PBLl,4,1,5,0.8
PBLm,7,9,16,0.44
PBLn,8,7,15,0.53
PBLs,2,2,4,0.5
PBLt,1,0,1,1.0
PBMB,3,8,11,0.27
PBMD,0,1,1,0.0
PBML,3,6,9,0.33
PBMM,16,15,31,0.52
PBMN,3,13,16,0.19
PBMP,20,20,40,0.5
PBMS,3,11,14,0.21
PBMb,18,20,38,0.47
PBMh,7,7,14,0.5
PBMj,4,5,9,0.44
PBMl,7,12,19,0.37
PBMm,9,16,25,0.36
PBMn,20,20,40,0.5
PBMs,14,4,18,0.78
PBMt,0,0,0,
PBNB,12,10,22,0.55
PBNH,1,2,3,0.33
PBNK,0,2,2,0.0
PBNL,7,8,15,0.47
PBNM,11,10,21,0.52
PBNN,15,22,37,0.41
PBNP,28,24,52,0.54
PBNS,13,9,22,0.59
PBNb,21,12,33,0.64
PBNh,2,4,6,0.33
PBNl,7,9,16,0.44
PBNm,16,11,27,0.59
PBNn,20,20,40,0.5
PBNs,14,9,23,0.61
PBNt,2,1,3,0.67
PBPB,18,25,43,0.42
PBPD,1,0,1,1.0
PBPH,4,8,12,0.33
PBPI,1,1,2,0.5
PBPK,1,3,4,0.25
PBPL,10,19,29,0.34
PBPM,17,13,30,0.57
PBPN,30,18,48,0.62
PBPP,39,52,91,0.43
PBPS,16,11,27,0.59
PBPb,33,16,49,0.67
PBPh,0,3,3,0.0
PBPl,14,14,28,0.5
PBPm,24,11,35,0.69
PBPn,19,17,36,0.53
PBPs,15,20,35,0.43
PBPt,1,1,2,0.5
PBSB,7,8,15,0.47
PBSD,0,1,1,0.0
PBSH,0,1,1,0.0
PBSI,1,0,1,1.0
PBSL,5,5,10,0.5
PBSM,10,11,21,0.48
PBSN,6,7,13,0.46
PBSP,13,13,26,0.5
PBSS,5,7,12,0.42
PBSb,12,9,21,0.57
PBSh,2,8,10,0.2
PBSl,8,6,14,0.57
PBSm,10,5,15,0.67
PBSn,4,6,10,0.4
PBSs,13,5,18,0.72
PBSt,2,0,2,1.0
PBbB,24,21,45,0.53
PBbD,1,3,4,0.25
PBbH,2,2,4,0.5
PBbI,2,1,3,0.67
PBbJ,6,6,12,0.5
PBbK,0,1,1,0.0
PBbL,12,10,22,0.55
PBbM,13,12,25,0.52
PBbN,20,18,38,0.53
PBbP,21,29,50,0.42
PBbS,8,11,19,0.42
PBbb,27,22,49,0.55
PBbl,12,8,20,0.6
PBbm,6,13,19,0.32
PBbn,17,16,33,0.52
PBbs,8,8,16,0.5
PBhB,4,4,8,0.5
PBhH,0,0,0,
PBhI,0,1,1,0.0
PBhL,2,1,3,0.67
PBhM,2,0,2,1.0
PBhN,3,0,3,1.0
PBhP,2,6,8,0.25
PBhS,1,1,2,0.5
PBhb,2,0,2,1.0
PBhh,2,0,2,1.0
PBhl,1,2,3,0.33
PBhm,1,0,1,1.0
PBhn,2,1,3,0.67
PBhs,3,1,4,0.75
PBjB,6,9,15,0.4
PBjD,0,0,0,
PBjH,1,1,2,0.5
PBjI,1,0,1,1.0
PBjL,3,5,8,0.38
PBjM,7,3,10,0.7
PBjN,1,5,6,0.17
PBjP,6,9,15,0.4
PBjS,0,4,4,0.0
PBjb,8,5,13,0.62
PBjh,0,1,1,0.0
PBjl,3,3,6,0.5
PBjm,3,0,3,1.0
PBjn,8,4,12,0.67
PBjs,4,2,6,0.67
PBjt,0,3,3,0.0
PBlB,7,7,14,0.5
PBlD,0,2,2,0.0
PBlH,3,3,6,0.5
PBlI,2,1,3,0.67
PBlJ,3,1,4,0.75
PBlL,1,2,3,0.33
PBlM,8,5,13,0.62
PBlN,5,11,16,0.31
PBlP,15,5,20,0.75
PBlS,9,8,17,0.53
PBlb,5,5,10,0.5
PBll,6,2,8,0.75
PBlm,5,5,10,0.5
PBln,2,4,6,0.33
PBls,6,6,12,0.5
PBmB,7,15,22,0.32
PBmD,4,2,6,0.67
PBmH,10,9,19,0.53
PBmI,1,1,2,0.5
PBmJ,3,3,6,0.5
PBmK,0,1,1,0.0
PBmL,7,2,9,0.78
PBmM,10,12,22,0.45
PBmN,13,14,27,0.48
PBmP,21,21,42,0.5
PBmS,17,6,23,0.74
PBmb,16,11,27,0.59
PBml,10,5,15,0.67
PBmm,17,13,30,0.57
PBmn,10,11,21,0.48
PBms,3,11,14,0.21
PBnB,24,17,41,0.59
PBnD,4,1,5,0.8
PBnH,9,9,18,0.5
PBnI,6,2,8,0.75
PBnK,0,1,1,0.0
PBnL,5,6,11,0.45
PBnM,17,16,33,0.52
PBnN,25,25,50,0.5
PBnP,33,29,62,0.53
PBnS,10,11,21,0.48
PBnb,20,14,34,0.59
PBnh,0,1,1,0.0
PBnl,13,11,24,0.54
PBnm,10,11,21,0.48
PBnn,22,17,39,0.56
PBns,12,17,29,0.41
PBsB,9,2,11,0.82
PBsD,0,1,1,0.0
PBsH,7,3,10,0.7
PBsI,1,2,3,0.33
PBsL,2,2,4,0.5
PBsM,9,8,17,0.53
PBsN,9,6,15,0.6
PBsP,7,11,18,0.39
PBsS,7,4,11,0.64
PBsb,5,4,9,0.56
PBsl,3,7,10,0.3
PBsm,12,11,23,0.52
PBsn,6,6,12,0.5
PBss,4,6,10,0.4
PBtB,1,2,3,0.33
PBtD,0,2,2,0.0
PBtH,2,3,5,0.4
PBtK,0,1,1,0.0
PBtL,2,0,2,1.0
PBtM,2,2,4,0.5
PBtN,2,3,5,0.4
PBtP,5,8,13,0.38
PBtS,2,1,3,0.67
PBtb,7,0,7,1.0
PBtl,0,0,0,
PBtm,1,3,4,0.25
PBtn,2,3,5,0.4
PBts,4,2,6,0.67
PDBD,1,1,2,0.5
PDBL,0,1,1,0.0
PDBM,0,0,0,
PDBN,0,4,4,0.0
PDBP,2,2,4,0.5
PDBS,1,0,1,1.0
PDBb,0,2,2,0.0
PDBj,1,0,1,1.0
PDBl,1,1,2,0.5
PDBm,2,0,2,1.0
PDBn,2,0,2,1.0
PDBs,1,0,1,1.0
PDDm,0,1,1,0.0
PDHD,0,1,1,0.0
PDHI,1,0,1,1.0
PDHL,0,1,1,0.0
PDHM,1,2,3,0.33
PDHN,0,1,1,0.0
PDHP,1,2,3,0.33
PDHS,2,0,2,1.0
PDHb,0,1,1,0.0
PDHh,1,1,2,0.5
PDHl,0,1,1,0.0
PDHm,1,1,2,0.5
PDHn,2,0,2,1.0
PDIH,0,0,0,
PDIL,0,1,1,0.0
PDIM,1,0,1,1.0
PDLB,3,1,4,0.75
PDLM,0,1,1,0.0
PDLP,1,2,3,0.33
PDLS,1,0,1,1.0
PDLb,2,1,3,0.67
PDLh,0,1,1,0.0
PDLj,1,0,1,1.0
PDLn,2,0,2,1.0
PDLs,0,1,1,0.0
PDLt,1,0,1,1.0
PDMB,0,4,4,0.0
PDML,1,0,1,1.0
PDMM,3,1,4,0.75
PDMN,0,0,0,
PDMP,0,0,0,
PDMS,0,1,1,0.0
PDMb,3,2,5,0.6
PDMh,1,0,1,1.0
PDMj,1,0,1,1.0
PDMl,1,0,1,1.0
PDMm,1,0,1,1.0
PDMn,1,0,1,1.0
PDNB,3,0,3,1.0
PDNK,0,1,1,0.0
PDNL,1,0,1,1.0
PDNN,3,4,7,0.43
PDNP,1,5,6,0.17
PDNS,2,1,3,0.67
PDNb,2,3,5,0.4
PDNh,1,0,1,1.0
PDNl,2,2,4,0.5
PDNm,0,2,2,0.0
PDNn,2,2,4,0.5
PDNs,1,0,1,1.0
PDPB,1,2,3,0.33
PDPH,0,1,1,0.0
PDPI,0,1,1,0.0
PDPK,1,0,1,1.0
PDPL,3,1,4,0.75
PDPM,2,2,4,0.5
PDPN,2,2,4,0.5
PDPP,2,5,7,0.29
PDPS,2,6,8,0.25
PDPb,0,0,0,
PDPl,2,1,3,0.67
PDPm,3,1,4,0.75
PDPn,4,2,6,0.67
PDPs,1,5,6,0.17
PDSB,0,1,1,0.0
PDSD,0,0,0,
PDSL,1,0,1,1.0
PDSM,0,0,0,
PDSN,1,2,3,0.33
PDSP,1,4,5,0.2
PDSS,3,0,3,1.0
PDSb,2,1,3,0.67
PDSl,1,1,2,0.5
PDSm,2,1,3,0.67
PDSn,2,3,5,0.4
PDSs,0,0,0,
PDSt,1,0,1,1.0
PDbB,2,0,2,1.0
PDbJ,0,0,0,
PDbM,1,3,4,0.25
PDbN,0,1,1,0.0
PDbP,1,2,3,0.33
PDbS,1,0,1,1.0
PDbb,1,4,5,0.2
PDbl,1,1,2,0.5
PDbm,1,0,1,1.0
PDbn,1,1,2,0.5
PDbs,0,1,1,0.0
PDlB,1,1,2,0.5
PDlM,2,0,2,1.0
PDlP,0,1,1,0.0
PDlb,0,0,0,
PDll,0,1,1,0.0
PDlm,2,0,2,1.0
PDln,1,0,1,1.0
PDmB,1,0,1,1.0
PDmH,0,3,3,0.0
PDmJ,1,0,1,1.0
PDmL,0,4,4,0.0
PDmM,1,1,2,0.5
PDmN,3,0,3,1.0
PDmP,2,1,3,0.67
PDmS,1,0,1,1.0
PDmb,0,1,1,0.0
PDml,2,0,2,1.0
PDmm,0,1,1,0.0
PDms,1,0,1,1.0
PDnB,0,2,2,0.0
PDnD,0,0,0,
PDnM,1,0,1,1.0
PDnN,0,2,2,0.0
PDnP,2,1,3,0.67
PDnS,2,1,3,0.67
PDnb,1,0,1,1.0
PDnl,1,1,2,0.5
PDnm,0,0,0,
PDns,2,2,4,0.5
PDsD,0,1,1,0.0
PDsH,2,2,4,0.5
PDsI,0,1,1,0.0
PDsL,0,0,0,
PDsM,2,0,2,1.0
PDsN,1,0,1,1.0
PDsP,1,0,1,1.0
PDsS,2,2,4,0.5
PDsb,1,1,2,0.5
PDsl,0,1,1,0.0
PDsm,2,0,2,1.0
PDsn,0,2,2,0.0
PDss,2,1,3,0.67
PDtB,1,0,1,1.0
PDtM,1,0,1,1.0
PDtn,0,1,1,0.0
PDts,1,0,1,1.0
PHBB,0,3,3,0.0
PHBL,0,3,3,0.0
PHBM,2,6,8,0.25
PHBN,5,2,7,0.71
PHBP,4,7,11,0.36
PHBS,1,2,3,0.33
PHBb,6,5,11,0.55
PHBh,2,0,2,1.0
PHBj,3,2,5,0.6
PHBl,2,2,4,0.5
PHBm,2,5,7,0.29
PHBn,3,5,8,0.38
PHBs,1,6,7,0.14
PHDD,0,0,0,
PHDH,1,0,1,1.0
PHDM,0,1,1,0.0
PHDN,1,1,2,0.5
PHDS,0,0,0,
PHDn,0,1,1,0.0
PHHB,1,1,2,0.5
PHHD,1,1,2,0.5
PHHH,2,0,2,1.0
PHHI,0,1,1,0.0
PHHL,1,0,1,1.0
PHHM,1,1,2,0.5
PHHN,1,2,3,0.33
PHHS,1,0,1,1.0
PHHb,0,2,2,0.0
PHHh,0,2,2,0.0
PHHm,2,3,5,0.4
PHHn,0,1,1,0.0
PHHs,1,1,2,0.5
PHIB,0,1,1,0.0
PHIH,0,1,1,0.0
PHIL,1,0,1,1.0
PHIM,0,1,1,0.0
PHIN,1,1,2,0.5
PHIP,1,2,3,0.33
PHIS,1,0,1,1.0
PHIb,0,0,0,
PHIm,2,0,2,1.0
PHIs,1,0,1,1.0
PHKN,0,1,1,0.0
PHKS,0,1,1,0.0
PHKb,0,0,0,
PHKh,1,0,1,1.0
PHKm,2,0,2,1.0
PHLB,1,3,4,0.25
PHLL,0,0,0,
PHLM,3,2,5,0.6
PHLN,1,0,1,1.0
PHLP,1,3,4,0.25
PHLS,2,1,3,0.67
PHLb,0,2,2,0.0
PHLh,1,1,2,0.5
PHLj,0,0,0,
PHLl,2,0,2,1.0
PHLm,1,1,2,0.5
PHLn,3,7,10,0.3
PHLs,2,2,4,0.5
PHLt,0,1,1,0.0
PHMB,3,5,8,0.38
PHMD,0,0,0,
PHML,6,2,8,0.75
PHMM,2,5,7,0.29
PHMN,3,3,6,0.5
PHMP,8,4,12,0.67
PHMS,3,7,10,0.3
PHMb,3,4,7,0.43
PHMh,4,5,9,0.44
PHMj,2,1,3,0.67
PHMl,0,1,1,0.0
PHMm,5,2,7,0.71
PHMn,11,4,15,0.73
PHMs,5,1,6,0.83
PHNB,2,4,6,0.33
PHND,1,0,1,1.0
PHNH,1,0,1,1.0
PHNI,0,1,1,0.0
PHNK,0,1,1,0.0
PHNL,3,1,4,0.75
PHNM,5,8,13,0.38
PHNN,3,2,5,0.6
PHNP,9,8,17,0.53
PHNS,2,4,6,0.33
PHNb,4,2,6,0.67
PHNh,1,0,1,1.0
PHNl,4,3,7,0.57
PHNm,7,3,10,0.7
PHNn,3,6,9,0.33
PHNs,4,1,5,0.8
PHNt,3,1,4,0.75
PHPB,5,7,12,0.42
PHPD,1,0,1,1.0
PHPH,1,1,2,0.5
PHPI,0,1,1,0.0
PHPK,1,0,1,1.0
PHPL,3,5,8,0.38
PHPM,7,5,12,0.58
PHPN,9,4,13,0.69
PHPP,9,16,25,0.36
PHPS,5,6,11,0.45
PHPb,12,6,18,0.67
PHPh,0,2,2,0.0
PHPl,6,3,9,0.67
PHPm,5,4,9,0.56
PHPn,5,8,13,0.38
PHPs,8,5,13,0.62
PHPt,0,1,1,0.0
PHSB,0,7,7,0.0
PHSH,2,1,3,0.67
PHSL,4,0,4,1.0
PHSM,5,6,11,0.45
PHSN,2,1,3,0.67
PHSP,4,4,8,0.5
PHSS,4,3,7,0.57
PHSb,4,3,7,0.57
PHSh,4,1,5,0.8
PHSl,3,1,4,0.75
PHSm,2,3,5,0.4
PHSn,5,3,8,0.62
PHSs,8,6,14,0.57
PHSt,1,1,2,0.5
PHbB,3,3,6,0.5
PHbD,0,1,1,0.0
PHbH,3,0,3,1.0
PHbI,0,0,0,
PHbJ,1,0,1,1.0
PHbL,2,2,4,0.5
PHbM,2,6,8,0.25
PHbN,4,4,8,0.5
PHbP,10,3,13,0.77
PHbS,1,5,6,0.17
PHbb,5,6,11,0.45
PHbl,1,2,3,0.33
PHbm,5,2,7,0.71
PHbn,1,1,2,0.5
PHbs,3,4,7,0.43
PHhB,2,1,3,0.67
PHhM,1,1,2,0.5
PHhN,0,2,2,0.0
PHhP,1,0,1,1.0
PHhS,0,2,2,0.0
PHhb,2,0,2,1.0
PHhh,1,0,1,1.0
PHhl,1,0,1,1.0
PHhm,2,0,2,1.0
PHhn,4,1,5,0.8
PHhs,1,3,4,0.25
PHlB,3,0,3,1.0
PHlH,1,1,2,0.5
PHlJ,1,0,1,1.0
PHlL,3,1,4,0.75
PHlM,4,0,4,1.0
PHlN,3,2,5,0.6
PHlP,0,1,1,0.0
PHlS,1,1,2,0.5
PHlb,2,1,3,0.67
PHll,1,1,2,0.5
PHlm,3,0,3,1.0
PHln,0,3,3,0.0
PHls,1,1,2,0.5
PHmB,4,5,9,0.44
PHmD,1,3,4,0.25
PHmH,1,3,4,0.25
PHmJ,2,0,2,1.0
PHmL,2,0,2,1.0
PHmM,1,2,3,0.33
PHmN,3,7,10,0.3
PHmP,6,3,9,0.67
PHmS,6,0,6,1.0
PHmb,5,3,8,0.62
PHml,2,2,4,0.5
PHmm,2,3,5,0.4
PHmn,3,5,8,0.38
PHms,2,0,2,1.0
PHnB,3,2,5,0.6
PHnD,1,0,1,1.0
PHnH,2,5,7,0.29
PHnI,2,0,2,1.0
PHnK,1,0,1,1.0
PHnL,3,2,5,0.6
PHnM,8,6,14,0.57
PHnN,6,9,15,0.4
PHnP,12,11,23,0.52
PHnS,8,5,13,0.62
PHnb,3,1,4,0.75
PHnl,3,0,3,1.0
PHnm,5,4,9,0.56
PHnn,10,6,16,0.62
PHns,5,3,8,0.62
PHsB,5,2,7,0.71
PHsH,2,3,5,0.4
PHsI,0,0,0,
PHsK,1,0,1,1.0
PHsL,2,3,5,0.4
PHsM,7,5,12,0.58
PHsN,6,6,12,0.5
PHsP,5,5,10,0.5
PHsS,6,4,10,0.6
PHsb,2,4,6,0.33
PHsh,0,0,0,
PHsl,1,2,3,0.33
PHsm,7,4,11,0.64
PHsn,1,2,3,0.33
PHss,3,2,5,0.6
PHtM,0,1,1,0.0
PHtP,0,2,2,0.0
PHtS,1,0,1,1.0
PHth,1,0,1,1.0
PHtm,1,0,1,1.0
PHts,0,0,0,
PIBB,2,3,5,0.4
PIBL,1,1,2,0.5
PIBM,1,0,1,1.0
PIBP,1,2,3,0.33
PIBS,2,0,2,1.0
PIBb,2,2,4,0.5
PIBj,1,0,1,1.0
PIBl,1,0,1,1.0
PIBm,0,7,7,0.0
PIBn,1,1,2,0.5
PIBs,0,2,2,0.0
PIDH,0,1,1,0.0
PIDN,0,2,2,0.0
PIDl,1,0,1,1.0
PIHB,2,1,3,0.67
PIHD,0,1,1,0.0
PIHH,1,0,1,1.0
PIHL,1,1,2,0.5
PIHN,0,2,2,0.0
PIHP,1,1,2,0.5
PIHS,2,0,2,1.0
PIHb,0,1,1,0.0
PIHh,0,1,1,0.0
PIHl,0,1,1,0.0
PIHm,1,1,2,0.5
PIHn,0,4,4,0.0
PIHs,0,2,2,0.0
PIIB,0,1,1,0.0
PIIH,1,1,2,0.5
PIIN,0,1,1,0.0
PILB,3,1,4,0.75
PILD,0,0,0,
PILL,1,0,1,1.0
PILM,0,3,3,0.0
PILN,2,1,3,0.67
PILP,2,1,3,0.67
PILS,0,0,0,
PILb,2,0,2,1.0
PILl,1,0,1,1.0
PILm,1,1,2,0.5
PILs,1,0,1,1.0
PIMB,2,3,5,0.4
PIMM,0,0,0,
PIMN,1,0,1,1.0
PIMP,2,2,4,0.5
PIMS,1,0,1,1.0
PIMh,0,1,1,0.0
PIMj,0,1,1,0.0
PIMl,2,1,3,0.67
PIMm,3,0,3,1.0
PIMn,1,3,4,0.25
PIMs,0,0,0,
PIMt,1,1,2,0.5
PINB,1,4,5,0.2
PINH,1,0,1,1.0
PINK,1,0,1,1.0
PINL,2,0,2,1.0
PINM,2,2,4,0.5
PINN,2,2,4,0.5
PINP,4,1,5,0.8
PINS,2,1,3,0.67
PINb,4,1,5,0.8
PINl,1,0,1,1.0
PINm,2,1,3,0.67
PINn,0,2,2,0.0
PINs,1,0,1,1.0
PINt,1,0,1,1.0
PIPB,2,6,8,0.25
PIPD,0,1,1,0.0
PIPH,1,0,1,1.0
PIPI,1,0,1,1.0
PIPL,2,4,6,0.33
PIPM,0,1,1,0.0
PIPN,0,3,3,0.0
PIPP,1,3,4,0.25
PIPS,1,0,1,1.0
PIPb,1,3,4,0.25
PIPl,0,4,4,0.0
PIPm,3,0,3,1.0
PIPn,1,1,2,0.5
PIPs,1,4,5,0.2
PIPt,2,0,2,1.0
PISB,1,1,2,0.5
PISH,2,2,4,0.5
PISL,3,1,4,0.75
PISM,0,1,1,0.0
PISN,1,0,1,1.0
PISP,1,2,3,0.33
PISS,2,2,4,0.5
PISh,0,0,0,
PISm,0,2,2,0.0
PISn,1,2,3,0.33
PISs,4,0,4,1.0
PIbB,2,2,4,0.5
PIbJ,2,0,2,1.0
PIbK,0,0,0,
PIbL,1,0,1,1.0
PIbM,3,1,4,0.75
PIbN,1,0,1,1.0
PIbP,4,4,8,0.5
PIbS,0,2,2,0.0
PIbb,1,3,4,0.25
PIbl,0,1,1,0.0
PIbm,3,1,4,0.75
PIbn,0,1,1,0.0
PIhS,1,0,1,1.0
PIlB,0,3,3,0.0
PIlJ,1,0,1,1.0
PIlP,1,1,2,0.5
PIlS,0,0,0,
PIlb,3,1,4,0.75
PIll,1,1,2,0.5
PIln,0,2,2,0.0
PImB,2,1,3,0.67
PImH,1,0,1,1.0
PImL,0,1,1,0.0
PImM,4,2,6,0.67
PImN,1,1,2,0.5
PImP,2,1,3,0.67
PImS,2,2,4,0.5
PImb,3,5,8,0.38
PIml,1,0,1,1.0
PImm,0,1,1,0.0
PImn,0,0,0,
PIms,1,2,3,0.33
PInB,0,2,2,0.0
PInH,1,0,1,1.0
PInM,3,3,6,0.5
PInN,0,0,0,
PInP,1,0,1,1.0
PInS,0,1,1,0.0
PInb,2,1,3,0.67
PInm,1,0,1,1.0
PInn,1,2,3,0.33
PIns,1,1,2,0.5
PIsB,1,0,1,1.0
PIsD,0,0,0,
PIsH,1,1,2,0.5
PIsL,1,1,2,0.5
PIsM,1,0,1,1.0
PIsN,0,1,1,0.0
PIsP,2,0,2,1.0
PIsS,1,1,2,0.5
PIsb,1,3,4,0.25
PIsl,2,1,3,0.67
PIsm,2,0,2,1.0
PIss,1,0,1,1.0
PItD,0,1,1,0.0
PItH,1,0,1,1.0
PItS,0,0,0,
PItm,1,0,1,1.0
PKBB,1,0,1,1.0
PKBM,3,2,5,0.6
PKBN,1,0,1,1.0
PKBP,0,1,1,0.0
PKBS,0,2,2,0.0
PKBb,4,1,5,0.8
PKBh,2,0,2,1.0
PKBl,3,1,4,0.75
PKBm,2,2,4,0.5
PKBn,0,1,1,0.0
PKBs,1,1,2,0.5
PKDH,0,1,1,0.0
PKDn,1,0,1,1.0
PKHP,1,0,1,1.0
PKHS,1,0,1,1.0
PKHb,1,0,1,1.0
PKHs,0,1,1,0.0
PKIL,1,0,1,1.0
PKIn,0,1,1,0.0
PKLB,3,0,3,1.0
PKLL,1,1,2,0.5
PKLM,0,1,1,0.0
PKLN,0,1,1,0.0
PKLP,0,0,0,
PKLb,2,0,2,1.0
PKLj,1,0,1,1.0
PKLl,2,1,3,0.67
PKLm,1,1,2,0.5
PKLn,1,0,1,1.0
PKLs,0,1,1,0.0
PKMB,1,3,4,0.25
PKMD,1,0,1,1.0
PKML,2,0,2,1.0
PKMM,1,2,3,0.33
PKMN,1,0,1,1.0
PKMP,3,4,7,0.43
PKMS,1,2,3,0.33
PKMb,1,4,5,0.2
PKMh,1,2,3,0.33
PKMl,1,1,2,0.5
PKMm,1,0,1,1.0
PKMn,2,0,2,1.0
PKMs,0,1,1,0.0
PKNB,1,0,1,1.0
PKNM,1,0,1,1.0
PKNP,1,5,6,0.17
PKNS,1,0,1,1.0
PKNb,2,1,3,0.67
PKNl,0,1,1,0.0
PKNm,2,2,4,0.5
PKNn,1,1,2,0.5
PKNs,2,2,4,0.5
PKNt,0,2,2,0.0
PKPB,2,1,3,0.67
PKPD,0,0,0,
PKPL,1,1,2,0.5
PKPM,4,2,6,0.67
PKPN,1,3,4,0.25
PKPP,6,1,7,0.86
PKPS,4,2,6,0.67
PKPb,3,3,6,0.5
PKPh,0,1,1,0.0
PKPl,1,1,2,0.5
PKPm,1,0,1,1.0
PKPn,0,1,1,0.0
PKPs,1,0,1,1.0
PKSB,0,1,1,0.0
PKSD,0,1,1,0.0
PKSL,0,0,0,
PKSM,1,2,3,0.33
PKSN,0,2,2,0.0
PKSP,0,2,2,0.0
PKSS,2,1,3,0.67
PKSb,0,1,1,0.0
PKSh,0,0,0,
PKSm,1,1,2,0.5
PKSn,2,1,3,0.67
PKSs,0,2,2,0.0
PKbB,3,2,5,0.6
PKbL,1,2,3,0.33
PKbM,1,3,4,0.25
PKbN,0,2,2,0.0
PKbP,3,1,4,0.75
PKbb,2,4,6,0.33
PKbl,1,1,2,0.5
PKbm,1,0,1,1.0
PKbn,0,4,4,0.0
PKbs,0,0,0,
PKhB,1,2,3,0.33
PKhD,1,0,1,1.0
PKhL,0,2,2,0.0
PKhM,2,3,5,0.4
PKhN,0,1,1,0.0
PKhP,2,3,5,0.4
PKhS,0,0,0,
PKhb,2,3,5,0.4
PKhl,1,1,2,0.5
PKhm,1,2,3,0.33
PKhn,1,1,2,0.5
PKhs,0,0,0,
PKlB,3,1,4,0.75
PKlD,2,0,2,1.0
PKlJ,1,0,1,1.0
PKlL,1,1,2,0.5
PKlM,0,0,0,
PKlP,2,0,2,1.0
PKlS,1,0,1,1.0
PKlb,1,0,1,1.0
PKll,1,0,1,1.0
PKlm,0,1,1,0.0
PKln,1,0,1,1.0
PKls,1,0,1,1.0
PKmB,0,1,1,0.0
PKmJ,2,0,2,1.0
PKmM,2,2,4,0.5
PKmN,1,0,1,1.0
PKmP,2,0,2,1.0
PKmS,0,0,0,
PKmb,3,0,3,1.0
PKml,5,0,5,1.0
PKmm,0,1,1,0.0
PKmn,1,1,2,0.5
PKms,3,1,4,0.75
PKnB,2,0,2,1.0
PKnH,1,3,4,0.25
PKnK,0,1,1,0.0
PKnL,1,0,1,1.0
PKnM,0,2,2,0.0
PKnN,2,1,3,0.67
PKnP,2,3,5,0.4
PKnS,0,1,1,0.0
PKnb,0,0,0,
PKnl,2,0,2,1.0
PKnm,0,1,1,0.0
PKnn,1,1,2,0.5
PKns,1,2,3,0.33
PKsB,3,0,3,1.0
PKsD,0,0,0,
PKsH,1,1,2,0.5
PKsI,1,0,1,1.0
PKsL,3,0,3,1.0
PKsN,1,0,1,1.0
PKsP,2,3,5,0.4
PKsS,1,1,2,0.5
PKsb,3,0,3,1.0
PKsl,0,2,2,0.0
PKsm,1,0,1,1.0
PKsn,0,1,1,0.0
PKss,0,1,1,0.0
PKtH,1,0,1,1.0
PKtm,0,1,1,0.0
PKts,0,0,0,
PLBB,6,9,15,0.4
PLBD,0,1,1,0.0
PLBK,0,2,2,0.0
PLBL,3,5,8,0.38
PLBM,6,7,13,0.46
PLBN,11,9,20,0.55
PLBP,9,18,27,0.33
PLBS,3,5,8,0.38
PLBb,7,11,18,0.39
PLBh,1,2,3,0.33
PLBj,2,4,6,0.33
PLBl,7,4,11,0.64
PLBm,5,4,9,0.56
PLBn,5,6,11,0.45
PLBs,4,6,10,0.4
PLBt,1,2,3,0.33
PLDB,1,0,1,1.0
PLDH,1,0,1,1.0
PLDL,1,1,2,0.5
PLDN,0,1,1,0.0
PLDP,2,1,3,0.67
PLDb,0,2,2,0.0
PLDh,1,0,1,1.0
PLDm,0,2,2,0.0
PLDn,1,0,1,1.0
PLHB,1,0,1,1.0
PLHN,0,1,1,0.0
PLHS,1,0,1,1.0
PLHb,1,0,1,1.0
PLIB,0,1,1,0.0
PLKM,1,0,1,1.0
PLKN,0,1,1,0.0
PLKP,0,0,0,
PLKb,1,2,3,0.33
PLKm,0,2,2,0.0
PLKn,1,0,1,1.0
PLLB,2,8,10,0.2
PLLD,0,0,0,
PLLL,1,3,4,0.25
PLLM,4,2,6,0.67
PLLN,1,0,1,1.0
PLLP,10,6,16,0.62
PLLS,5,3,8,0.62
PLLb,3,4,7,0.43
PLLh,3,1,4,0.75
PLLj,3,0,3,1.0
PLLl,2,2,4,0.5
PLLm,4,1,5,0.8
PLLn,5,7,12,0.42
PLLs,3,0,3,1.0
PLLt,2,0,2,1.0
PLMB,11,7,18,0.61
PLMD,1,1,2,0.5
PLML,4,2,6,0.67
PLMM,6,9,15,0.4
PLMN,9,8,17,0.53
PLMP,7,14,21,0.33
PLMS,4,3,7,0.57
PLMb,10,6,16,0.62
PLMh,3,6,9,0.33
PLMj,2,1,3,0.67
PLMl,0,4,4,0.0
PLMm,7,6,13,0.54
PLMn,12,15,27,0.44
PLMs,8,3,11,0.73
PLMt,0,1,1,0.0
PLNB,9,4,13,0.69
PLND,0,1,1,0.0
PLNH,0,2,2,0.0
PLNI,1,0,1,1.0
PLNL,3,6,9,0.33
PLNM,4,9,13,0.31
PLNN,5,9,14,0.36
PLNP,10,13,23,0.43
PLNS,5,2,7,0.71
PLNb,9,3,12,0.75
PLNh,2,1,3,0.67
PLNl,5,3,8,0.62
PLNm,7,9,16,0.44
PLNn,5,7,12,0.42
PLNs,10,3,13,0.77
PLNt,1,1,2,0.5
PLPB,13,12,25,0.52
PLPD,1,0,1,1.0
PLPH,3,5,8,0.38
PLPI,0,1,1,0.0
PLPK,1,0,1,1.0
PLPL,6,9,15,0.4
PLPM,15,9,24,0.62
PLPN,9,9,18,0.5
PLPP,29,30,59,0.49
PLPS,11,9,20,0.55
PLPb,16,14,30,0.53
PLPh,1,2,3,0.33
PLPl,13,7,20,0.65
PLPm,15,8,23,0.65
PLPn,8,6,14,0.57
PLPs,13,4,17,0.76
PLPt,2,1,3,0.67
PLSB,6,2,8,0.75
PLSD,2,0,2,1.0
PLSH,3,2,5,0.6
PLSK,1,0,1,1.0
PLSL,5,3,8,0.62
PLSM,9,5,14,0.64
PLSN,2,10,12,0.17
PLSP,10,15,25,0.4
PLSS,7,5,12,0.58
PLSb,5,2,7,0.71
PLSh,3,5,8,0.38
PLSl,6,5,11,0.55
PLSm,9,5,14,0.64
PLSn,5,4,9,0.56
PLSs,6,1,7,0.86
PLSt,0,5,5,0.0
PLbB,10,5,15,0.67
PLbD,0,2,2,0.0
PLbH,1,2,3,0.33
PLbI,0,2,2,0.0
PLbJ,2,1,3,0.67
PLbK,1,1,2,0.5
PLbL,2,3,5,0.4
PLbM,8,5,13,0.62
PLbN,9,6,15,0.6
PLbP,12,17,29,0.41
PLbS,5,5,10,0.5
PLbb,11,5,16,0.69
PLbl,8,1,9,0.89
PLbm,6,7,13,0.46
PLbn,15,8,23,0.65
PLbs,7,9,16,0.44
PLhB,7,2,9,0.78
PLhH,1,0,1,1.0
PLhL,0,0,0,
PLhM,2,11,13,0.15
PLhN,1,0,1,1.0
PLhP,5,6,11,0.45
PLhS,4,2,6,0.67
PLhb,4,1,5,0.8
PLhh,2,2,4,0.5
PLhl,5,2,7,0.71
PLhm,6,1,7,0.86
PLhn,1,3,4,0.25
PLhs,6,6,12,0.5
PLht,2,0,2,1.0
PLjB,3,2,5,0.6
PLjH,0,2,2,0.0
PLjI,1,0,1,1.0
PLjL,2,3,5,0.4
PLjM,0,3,3,0.0
PLjN,1,2,3,0.33
PLjP,4,11,15,0.27
PLjS,2,3,5,0.4
PLjb,4,3,7,0.57
PLjh,2,2,4,0.5
PLjl,2,0,2,1.0
PLjm,1,4,5,0.2
PLjn,0,5,5,0.0
PLjs,2,0,2,1.0
PLlB,5,5,10,0.5
PLlH,6,2,8,0.75
PLlJ,2,2,4,0.5
PLlL,4,4,8,0.5
PLlM,5,7,12,0.42
PLlN,4,2,6,0.67
PLlP,9,11,20,0.45
PLlS,5,4,9,0.56
PLlb,7,3,10,0.7
PLll,3,1,4,0.75
PLlm,4,4,8,0.5
PLln,5,9,14,0.36
PLls,2,4,6,0.33
PLmB,6,9,15,0.4
PLmD,4,1,5,0.8
PLmH,6,8,14,0.43
PLmI,0,1,1,0.0
PLmJ,4,0,4,1.0
PLmL,3,2,5,0.6
PLmM,10,8,18,0.56
PLmN,9,8,17,0.53
PLmP,12,5,17,0.71
PLmS,8,12,20,0.4
PLmb,7,14,21,0.33
PLml,1,4,5,0.2
PLmm,3,2,5,0.6
PLmn,13,3,16,0.81
PLms,2,7,9,0.22
PLnB,12,5,17,0.71
PLnD,2,1,3,0.67
PLnH,4,6,10,0.4
PLnI,1,1,2,0.5
PLnL,4,7,11,0.36
PLnM,11,8,19,0.58
PLnN,15,6,21,0.71
PLnP,24,17,41,0.59
PLnS,8,14,22,0.36
PLnb,15,11,26,0.58
PLnh,0,0,0,
PLnl,10,7,17,0.59
PLnm,6,6,12,0.5
PLnn,9,9,18,0.5
PLns,6,11,17,0.35
PLsB,6,5,11,0.55
PLsD,2,0,2,1.0
PLsH,5,3,8,0.62
PLsI,0,0,0,
PLsL,3,5,8,0.38
PLsM,6,7,13,0.46
PLsN,5,4,9,0.56
PLsP,11,3,14,0.79
PLsS,8,6,14,0.57
PLsb,1,3,4,0.25
PLsh,0,1,1,0.0
PLsl,1,0,1,1.0
PLsm,5,5,10,0.5
PLsn,5,5,10,0.5
PLss,7,5,12,0.58
PLtB,2,1,3,0.67
PLtD,0,0,0,
PLtH,0,0,0,
PLtL,1,1,2,0.5
PLtM,1,2,3,0.33
PLtN,2,3,5,0.4
PLtP,1,3,4,0.25
PLtS,0,1,1,0.0
PLtb,1,2,3,0.33
PLtl,2,0,2,1.0
PLtm,1,0,1,1.0
PLtn,2,0,2,1.0
PLts,2,3,5,0.4
PMBB,18,18,36,0.5
PMBD,1,0,1,1.0
PMBH,0,0,0,
PMBK,1,0,1,1.0
PMBL,9,5,14,0.64
PMBM,13,16,29,0.45
PMBN,21,17,38,0.55
PMBP,21,19,40,0.52
PMBS,7,10,17,0.41
PMBb,19,20,39,0.49
PMBh,3,5,8,0.38
PMBj,1,3,4,0.25
PMBl,4,9,13,0.31
PMBm,17,13,30,0.57
PMBn,21,11,32,0.66
PMBs,9,9,18,0.5
PMBt,0,4,4,0.0
PMDB,1,1,2,0.5
PMDM,1,1,2,0.5
PMDN,1,3,4,0.25
PMDP,4,2,6,0.67
PMDS,0,1,1,0.0
PMDb,1,0,1,1.0
PMDm,3,0,3,1.0
PMDn,3,0,3,1.0
PMDs,1,1,2,0.5
PMHB,1,0,1,1.0
PMHL,0,1,1,0.0
PMHM,1,0,1,1.0
PMHS,0,0,0,
PMHn,1,0,1,1.0
PMHs,0,0,0,
PMIn,0,0,0,
PMLB,7,6,13,0.54
PMLH,1,0,1,1.0
PMLL,2,2,4,0.5
PMLM,2,4,6,0.33
PMLN,7,8,15,0.47
PMLP,10,5,15,0.67
PMLS,5,5,10,0.5
PMLb,7,7,14,0.5
PMLh,2,5,7,0.29
PMLj,3,2,5,0.6
PMLl,3,1,4,0.75
PMLm,4,6,10,0.4
PMLn,3,3,6,0.5
PMLs,1,3,4,0.25
PMMB,13,12,25,0.52
PMML,7,4,11,0.64
PMMM,9,9,18,0.5
PMMN,7,11,18,0.39
PMMP,19,22,41,0.46
PMMS,10,6,16,0.62
PMMb,19,11,30,0.63
PMMh,12,14,26,0.46
PMMj,5,4,9,0.56
PMMl,6,5,11,0.55
PMMm,10,11,21,0.48
PMMn,17,15,32,0.53
PMMs,10,9,19,0.53
PMMt,2,1,3,0.67
PMNB,13,9,22,0.59
PMND,1,0,1,1.0
PMNH,2,2,4,0.5
PMNK,0,1,1,0.0
PMNL,5,7,12,0.42
PMNM,3,12,15,0.2
PMNN,18,15,33,0.55
PMNP,25,29,54,0.46
PMNS,10,12,22,0.45
PMNb,12,7,19,0.63
PMNh,9,6,15,0.6
PMNl,13,6,19,0.68
PMNm,9,4,13,0.69
PMNn,25,20,45,0.56
PMNs,6,7,13,0.46
PMNt,3,4,7,0.43
PMPB,24,21,45,0.53
PMPD,0,1,1,0.0
PMPH,6,7,13,0.46
PMPI,1,0,1,1.0
PMPK,4,2,6,0.67
PMPL,13,8,21,0.62
PMPM,15,23,38,0.39
PMPN,19,17,36,0.53
PMPP,43,45,88,0.49
PMPS,13,20,33,0.39
PMPb,23,15,38,0.61
PMPh,1,3,4,0.25
PMPl,10,11,21,0.48
PMPm,22,27,49,0.45
PMPn,21,20,41,0.51
PMPs,29,15,44,0.66
PMPt,2,1,3,0.67
PMSB,8,9,17,0.47
PMSD,2,0,2,1.0
PMSH,4,7,11,0.36
PMSI,0,1,1,0.0
PMSK,0,1,1,0.0
PMSL,3,5,8,0.38
PMSM,6,7,13,0.46
PMSN,10,10,20,0.5
PMSP,12,11,23,0.52
PMSS,8,11,19,0.42
PMSb,5,14,19,0.26
PMSh,5,9,14,0.36
PMSl,6,9,15,0.4
PMSm,8,3,11,0.73
PMSn,12,5,17,0.71
PMSs,13,12,25,0.52
PMSt,4,0,4,1.0
PMbB,17,14,31,0.55
PMbD,1,1,2,0.5
PMbH,4,9,13,0.31
PMbI,1,0,1,1.0
PMbJ,6,3,9,0.67
PMbK,1,2,3,0.33
PMbL,4,4,8,0.5
PMbM,15,15,30,0.5
PMbN,19,21,40,0.48
PMbP,34,27,61,0.56
PMbS,10,15,25,0.4
PMbb,36,20,56,0.64
PMbl,7,6,13,0.54
PMbm,5,11,16,0.31
PMbn,18,23,41,0.44
PMbs,11,9,20,0.55
PMhB,9,12,21,0.43
PMhD,0,0,0,
PMhH,3,3,6,0.5
PMhI,0,1,1,0.0
PMhL,5,7,12,0.42
PMhM,14,12,26,0.54
PMhN,7,11,18,0.39
PMhP,15,22,37,0.41
PMhS,11,6,17,0.65
PMhb,8,11,19,0.42
PMhh,9,12,21,0.43
PMhl,9,12,21,0.43
PMhm,14,8,22,0.64
PMhn,14,11,25,0.56
PMhs,10,10,20,0.5
PMht,1,2,3,0.33
PMjB,5,5,10,0.5
PMjH,0,1,1,0.0
PMjK,0,1,1,0.0
PMjL,3,2,5,0.6
PMjM,3,0,3,1.0
PMjN,3,4,7,0.43
PMjP,9,6,15,0.6
PMjS,2,3,5,0.4
PMjb,4,3,7,0.57
PMjl,5,1,6,0.83
PMjm,5,8,13,0.38
PMjn,1,2,3,0.33
PMjs,6,3,9,0.67
PMjt,2,0,2,1.0
PMlB,12,2,14,0.86
PMlD,0,0,0,
PMlH,4,7,11,0.36
PMlI,0,2,2,0.0
PMlJ,1,5,6,0.17
PMlK,0,1,1,0.0
PMlL,8,4,12,0.67
PMlM,7,11,18,0.39
PMlN,11,13,24,0.46
PMlP,13,8,21,0.62
PMlS,6,13,19,0.32
PMlb,6,6,12,0.5
PMll,8,3,11,0.73
PMlm,10,1,11,0.91
PMln,5,9,14,0.36
PMls,6,9,15,0.4
PMmB,13,16,29,0.45
PMmD,1,2,3,0.33
PMmH,10,11,21,0.48
PMmI,1,3,4,0.25
PMmJ,1,4,5,0.2
PMmK,1,0,1,1.0
PMmL,6,8,14,0.43
PMmM,11,23,34,0.32
PMmN,15,19,34,0.44
PMmP,26,21,47,0.55
PMmS,13,16,29,0.45
PMmb,13,12,25,0.52
PMml,3,6,9,0.33
PMmm,8,16,24,0.33
PMmn,8,17,25,0.32
PMms,9,9,18,0.5
PMnB,15,20,35,0.43
PMnD,2,1,3,0.67
PMnH,8,7,15,0.53
PMnI,5,4,9,0.56
PMnK,1,0,1,1.0
PMnL,6,9,15,0.4
PMnM,10,17,27,0.37
PMnN,21,39,60,0.35
PMnP,34,39,73,0.47
PMnS,12,13,25,0.48
PMnb,20,20,40,0.5
PMnh,0,1,1,0.0
PMnl,4,6,10,0.4
PMnm,18,20,38,0.47
PMnn,21,22,43,0.49
PMns,10,10,20,0.5
PMsB,6,8,14,0.43
PMsD,1,0,1,1.0
PMsH,9,17,26,0.35
PMsI,0,0,0,
PMsK,1,0,1,1.0
PMsL,5,4,9,0.56
PMsM,10,8,18,0.56
PMsN,13,11,24,0.54
PMsP,19,20,39,0.49
PMsS,8,17,25,0.32
PMsb,8,8,16,0.5
PMsh,1,1,2,0.5
PMsl,5,5,10,0.5
PMsm,10,9,19,0.53
PMsn,7,10,17,0.41
PMss,20,7,27,0.74
PMtB,4,3,7,0.57
PMtD,1,0,1,1.0
PMtH,0,1,1,0.0
PMtL,1,2,3,0.33
PMtM,2,1,3,0.67
PMtN,1,2,3,0.33
PMtP,3,0,3,1.0
PMtS,1,1,2,0.5
PMtb,2,2,4,0.5
PMtl,0,2,2,0.0
PMtm,2,0,2,1.0
PMtn,5,3,8,0.62
PMts,1,3,4,0.25
PMtt,0,1,1,0.0
PNBB,16,20,36,0.44
PNBD,0,3,3,0.0
PNBL,6,11,17,0.35
PNBM,10,16,26,0.38
PNBN,16,17,33,0.48
PNBP,25,34,59,0.42
PNBS,6,10,16,0.38
PNBb,14,21,35,0.4
PNBh,0,2,2,0.0
PNBj,2,5,7,0.29
PNBl,11,6,17,0.65
PNBm,23,16,39,0.59
PNBn,26,19,45,0.58
PNBs,9,9,18,0.5
PNBt,1,1,2,0.5
PNDH,0,1,1,0.0
PNDL,0,1,1,0.0
PNDM,1,2,3,0.33
PNDN,1,1,2,0.5
PNDP,1,4,5,0.2
PNDS,1,2,3,0.33
PNDb,1,1,2,0.5
PNDl,1,1,2,0.5
PNDm,3,2,5,0.6
PNDn,2,1,3,0.67
PNDs,1,1,2,0.5
PNHB,5,3,8,0.62
PNHI,0,2,2,0.0
PNHL,0,2,2,0.0
PNHM,3,0,3,1.0
PNHN,3,0,3,1.0
PNHP,4,7,11,0.36
PNHS,0,2,2,0.0
PNHb,1,1,2,0.5
PNHh,1,0,1,1.0
PNHl,1,0,1,1.0
PNHm,2,4,6,0.33
PNHn,2,4,6,0.33
PNHs,2,3,5,0.4
PNIb,0,0,0,
PNKB,2,2,4,0.5
PNKH,0,1,1,0.0
PNKL,0,1,1,0.0
PNKM,0,2,2,0.0
PNKN,3,1,4,0.75
PNKP,1,4,5,0.2
PNKS,1,0,1,1.0
PNKb,3,0,3,1.0
PNKh,2,1,3,0.67
PNKm,2,1,3,0.67
PNKn,0,2,2,0.0
PNKs,2,0,2,1.0
PNKt,0,2,2,0.0
PNLB,4,7,11,0.36
PNLH,0,2,2,0.0
PNLK,1,1,2,0.5
PNLL,4,5,9,0.44
PNLM,4,7,11,0.36
PNLN,8,7,15,0.53
PNLP,10,13,23,0.43
PNLS,5,5,10,0.5
PNLb,9,6,15,0.6
PNLh,3,1,4,0.75
PNLj,2,4,6,0.33
PNLl,5,10,15,0.33
PNLm,7,3,10,0.7
PNLn,9,10,19,0.47
PNLs,5,4,9,0.56
PNLt,1,0,1,1.0
PNMB,14,15,29,0.48
PNMD,3,2,5,0.6
PNML,12,2,14,0.86
PNMM,15,21,36,0.42
PNMN,16,10,26,0.62
PNMP,25,24,49,0.51
PNMS,9,9,18,0.5
PNMb,18,21,39,0.46
PNMh,8,22,30,0.27
PNMj,4,3,7,0.57
PNMl,7,6,13,0.54
PNMm,19,11,30,0.63
PNMn,25,22,47,0.53
PNMs,7,14,21,0.33
PNMt,0,1,1,0.0
PNNB,8,18,26,0.31
PNND,2,1,3,0.67
PNNH,3,0,3,1.0
PNNK,1,0,1,1.0
PNNL,11,8,19,0.58
PNNM,23,18,41,0.56
PNNN,26,18,44,0.59
PNNP,17,32,49,0.35
PNNS,17,15,32,0.53
PNNb,21,13,34,0.62
PNNh,11,8,19,0.58
PNNl,11,6,17,0.65
PNNm,16,15,31,0.52
PNNn,22,12,34,0.65
PNNs,27,12,39,0.69
PNNt,2,4,6,0.33
PNPB,23,30,53,0.43
PNPD,2,2,4,0.5
PNPH,5,7,12,0.42
PNPI,1,2,3,0.33
PNPK,1,3,4,0.25
PNPL,17,21,38,0.45
PNPM,34,23,57,0.6
PNPN,25,23,48,0.52
PNPP,48,54,102,0.47
PNPS,27,17,44,0.61
PNPb,26,31,57,0.46
PNPh,6,5,11,0.55
PNPl,17,21,38,0.45
PNPm,28,30,58,0.48
PNPn,38,26,64,0.59
PNPs,25,28,53,0.47
PNPt,4,2,6,0.67
PNSB,13,10,23,0.57
PNSD,4,0,4,1.0
PNSH,3,6,9,0.33
PNSI,1,0,1,1.0
PNSL,6,7,13,0.46
PNSM,11,16,27,0.41
PNSN,11,11,22,0.5
PNSP,11,28,39,0.28
PNSS,19,10,29,0.66
PNSb,11,5,16,0.69
PNSh,5,14,19,0.26
PNSl,3,8,11,0.27
PNSm,18,9,27,0.67
PNSn,18,11,29,0.62
PNSs,15,12,27,0.56
PNSt,2,6,8,0.25
PNbB,13,13,26,0.5
PNbD,2,3,5,0.4
PNbH,1,6,7,0.14
PNbI,1,1,2,0.5
PNbJ,2,4,6,0.33
PNbK,2,4,6,0.33
PNbL,14,7,21,0.67
PNbM,16,20,36,0.44
PNbN,22,21,43,0.51
PNbP,21,29,50,0.42
PNbS,12,13,25,0.48
PNbb,28,16,44,0.64
PNbl,9,6,15,0.6
PNbm,18,15,33,0.55
PNbn,16,15,31,0.52
PNbs,6,14,20,0.3
PNbt,0,1,1,0.0
PNhB,6,4,10,0.6
PNhH,1,0,1,1.0
PNhI,0,1,1,0.0
PNhK,0,1,1,0.0
PNhL,2,5,7,0.29
PNhM,7,6,13,0.54
PNhN,4,5,9,0.44
PNhP,8,7,15,0.53
PNhS,7,6,13,0.54
PNhb,3,7,10,0.3
PNhh,6,6,12,0.5
PNhl,6,4,10,0.6
PNhm,9,4,13,0.69
PNhn,5,10,15,0.33
PNhs,8,4,12,0.67
PNht,2,0,2,1.0
PNlB,8,6,14,0.57
PNlD,0,1,1,0.0
PNlH,3,4,7,0.43
PNlI,1,0,1,1.0
PNlJ,3,2,5,0.6
PNlK,1,0,1,1.0
PNlL,3,5,8,0.38
PNlM,7,14,21,0.33
PNlN,4,9,13,0.31
PNlP,8,16,24,0.33
PNlS,7,12,19,0.37
PNlb,11,5,16,0.69
PNll,5,1,6,0.83
PNlm,7,7,14,0.5
PNln,6,10,16,0.38
PNls,4,4,8,0.5
PNmB,17,11,28,0.61
PNmD,2,5,7,0.29
PNmH,5,13,18,0.28
PNmI,2,1,3,0.67
PNmJ,4,4,8,0.5
PNmL,10,6,16,0.62
PNmM,13,16,29,0.45
PNmN,21,17,38,0.55
PNmP,18,17,35,0.51
PNmS,14,15,29,0.48
PNmb,16,20,36,0.44
PNml,4,3,7,0.57
PNmm,11,18,29,0.38
PNmn,24,18,42,0.57
PNms,8,3,11,0.73
PNnB,18,17,35,0.51
PNnD,1,0,1,1.0
PNnH,8,16,24,0.33
PNnI,3,3,6,0.5
PNnK,3,1,4,0.75
PNnL,7,10,17,0.41
PNnM,21,32,53,0.4
PNnN,23,29,52,0.44
PNnP,40,34,74,0.54
PNnS,20,22,42,0.48
PNnb,14,12,26,0.54
PNnh,2,2,4,0.5
PNnl,5,11,16,0.31
PNnm,25,11,36,0.69
PNnn,23,30,53,0.43
PNns,16,22,38,0.42
PNsB,11,5,16,0.69
PNsD,1,0,1,1.0
PNsH,15,15,30,0.5
PNsI,0,3,3,0.0
PNsK,0,2,2,0.0
PNsL,6,9,15,0.4
PNsM,13,21,34,0.38
PNsN,11,17,28,0.39
PNsP,21,27,48,0.44
PNsS,15,15,30,0.5
PNsb,8,8,16,0.5
PNsh,0,2,2,0.0
PNsl,5,3,8,0.62
PNsm,14,16,30,0.47
PNsn,9,11,20,0.45
PNss,22,22,44,0.5
PNtB,4,5,9,0.44
PNtD,0,1,1,0.0
PNtH,1,2,3,0.33
PNtL,1,1,2,0.5
PNtM,3,5,8,0.38
PNtN,3,4,7,0.43
PNtP,8,6,14,0.57
PNtS,2,1,3,0.67
PNtb,3,5,8,0.38
PNtl,2,3,5,0.4
PNtm,3,2,5,0.6
PNtn,4,8,12,0.33
PNts,1,1,2,0.5
PNtt,0,1,1,0.0
PPBB,32,36,68,0.47
PPBD,0,0,0,
PPBK,4,0,4,1.0
PPBL,20,19,39,0.51
PPBM,14,29,43,0.33
PPBN,19,28,47,0.4
PPBP,43,53,96,0.45
PPBS,14,24,38,0.37
PPBb,34,34,68,0.5
PPBh,4,3,7,0.57
PPBj,13,15,28,0.46
PPBl,17,17,34,0.5
PPBm,18,25,43,0.42
PPBn,40,29,69,0.58
PPBs,8,14,22,0.36
PPBt,4,5,9,0.44
PPDB,3,1,4,0.75
PPDH,1,1,2,0.5
PPDL,3,1,4,0.75
PPDM,2,4,6,0.33
PPDN,4,3,7,0.57
PPDP,3,2,5,0.6
PPDS,1,2,3,0.33
PPDb,1,1,2,0.5
PPDl,0,1,1,0.0
PPDm,3,0,3,1.0
PPDn,3,1,4,0.75
PPDs,1,1,2,0.5
PPDt,1,0,1,1.0
PPHB,4,8,12,0.33
PPHD,0,0,0,
PPHH,6,2,8,0.75
PPHL,2,4,6,0.33
PPHM,6,8,14,0.43
PPHN,8,11,19,0.42
PPHP,9,7,16,0.56
PPHS,3,9,12,0.25
PPHb,6,3,9,0.67
PPHh,1,3,4,0.25
PPHl,6,2,8,0.75
PPHm,6,5,11,0.55
PPHn,8,4,12,0.67
PPHs,6,6,12,0.5
PPHt,2,1,3,0.67
PPIB,4,5,9,0.44
PPIH,1,1,2,0.5
PPII,1,0,1,1.0
PPIL,3,0,3,1.0
PPIM,0,2,2,0.0
PPIN,4,3,7,0.57
PPIP,8,6,14,0.57
PPIS,3,5,8,0.38
PPIb,0,4,4,0.0
PPIl,0,2,2,0.0
PPIm,4,2,6,0.67
PPIn,1,2,3,0.33
PPIs,0,1,1,0.0
PPIt,0,1,1,0.0
PPKB,1,2,3,0.33
PPKH,0,1,1,0.0
PPKI,1,0,1,1.0
PPKL,2,3,5,0.4
PPKM,4,6,10,0.4
PPKN,0,3,3,0.0
PPKP,7,2,9,0.78
PPKS,1,1,2,0.5
PPKb,3,4,7,0.43
PPKh,1,3,4,0.25
PPKl,3,0,3,1.0
PPKm,0,0,0,
PPKn,4,2,6,0.67
PPKs,3,1,4,0.75
PPKt,0,1,1,0.0
PPLB,18,21,39,0.46
PPLD,2,1,3,0.67
PPLK,0,2,2,0.0
PPLL,9,11,20,0.45
PPLM,9,25,34,0.26
PPLN,12,11,23,0.52
PPLP,29,32,61,0.48
PPLS,14,20,34,0.41
PPLb,17,20,37,0.46
PPLh,6,8,14,0.43
PPLj,9,3,12,0.75
PPLl,11,14,25,0.44
PPLm,25,15,40,0.62
PPLn,26,18,44,0.59
PPLs,12,13,25,0.48
PPLt,3,4,7,0.43
PPMB,29,25,54,0.54
PPMD,0,0,0,
PPML,14,12,26,0.54
PPMM,24,16,40,0.6
PPMN,26,19,45,0.58
PPMP,36,39,75,0.48
PPMS,18,13,31,0.58
PPMb,36,26,62,0.58
PPMh,15,22,37,0.41
PPMj,7,14,21,0.33
PPMl,25,10,35,0.71
PPMm,28,25,53,0.53
PPMn,36,33,69,0.52
PPMs,18,28,46,0.39
PPMt,5,4,9,0.56
PPNB,15,32,47,0.32
PPND,3,3,6,0.5
PPNH,1,1,2,0.5
PPNK,1,0,1,1.0
PPNL,12,17,29,0.41
PPNM,30,31,61,0.49
PPNN,23,12,35,0.66
PPNP,43,67,110,0.39
PPNS,19,24,43,0.44
PPNb,28,19,47,0.6
PPNh,8,9,17,0.47
PPNl,17,11,28,0.61
PPNm,21,32,53,0.4
PPNn,27,22,49,0.55
PPNs,22,19,41,0.54
PPNt,8,7,15,0.53
PPPB,48,51,99,0.48
PPPD,2,1,3,0.67
PPPH,15,14,29,0.52
PPPI,2,1,3,0.67
PPPK,4,3,7,0.57
PPPL,36,45,81,0.44
PPPM,40,66,106,0.38
PPPN,43,40,83,0.52
PPPP,89,95,184,0.48
PPPS,48,46,94,0.51
PPPb,65,56,121,0.54
PPPh,2,7,9,0.22
PPPl,34,28,62,0.55
PPPm,58,37,95,0.61
PPPn,55,45,100,0.55
PPPs,36,33,69,0.52
PPPt,4,4,8,0.5
PPSB,16,17,33,0.48
PPSD,2,1,3,0.67
PPSH,3,7,10,0.3
PPSI,1,0,1,1.0
PPSK,1,2,3,0.33
PPSL,9,13,22,0.41
PPSM,19,32,51,0.37
PPSN,17,18,35,0.49
PPSP,30,38,68,0.44
PPSS,30,22,52,0.58
PPSb,28,32,60,0.47
PPSh,14,11,25,0.56
PPSl,17,19,36,0.47
PPSm,21,20,41,0.51
PPSn,29,21,50,0.58
PPSs,27,25,52,0.52
PPSt,8,1,9,0.89
PPbB,36,39,75,0.48
PPbD,4,2,6,0.67
PPbH,10,4,14,0.71
PPbI,2,0,2,1.0
PPbJ,9,13,22,0.41
PPbK,1,4,5,0.2
PPbL,15,15,30,0.5
PPbM,28,47,75,0.37
PPbN,34,30,64,0.53
PPbP,58,46,104,0.56
PPbS,19,28,47,0.4
PPbb,36,36,72,0.5
PPbh,1,0,1,1.0
PPbl,13,16,29,0.45
PPbm,27,26,53,0.51
PPbn,22,27,49,0.45
PPbs,16,13,29,0.55
PPhB,2,4,6,0.33
PPhI,0,1,1,0.0
PPhK,1,0,1,1.0
PPhL,2,1,3,0.67
PPhM,3,3,6,0.5
PPhN,2,2,4,0.5
PPhP,5,5,10,0.5
PPhS,2,0,2,1.0
PPhb,5,4,9,0.56
PPhh,2,3,5,0.4
PPhl,3,3,6,0.5
PPhm,6,3,9,0.67
PPhn,3,1,4,0.75
PPhs,4,4,8,0.5
PPlB,17,14,31,0.55
PPlD,1,1,2,0.5
PPlH,9,8,17,0.53
PPlI,1,2,3,0.33
PPlJ,5,7,12,0.42
PPlK,2,2,4,0.5
PPlL,12,6,18,0.67
PPlM,19,20,39,0.49
PPlN,19,17,36,0.53
PPlP,30,27,57,0.53
PPlS,18,18,36,0.5
PPlb,17,15,32,0.53
PPlh,0,1,1,0.0
PPll,14,7,21,0.67
PPlm,7,10,17,0.41
PPln,9,10,19,0.47
PPls,12,13,25,0.48
PPmB,20,38,58,0.34
PPmD,2,3,5,0.4
PPmH,28,19,47,0.6
PPmI,4,0,4,1.0
PPmJ,3,6,9,0.33
PPmL,18,7,25,0.72
PPmM,38,29,67,0.57
PPmN,25,23,48,0.52
PPmP,36,38,74,0.49
PPmS,16,13,29,0.55
PPmb,26,25,51,0.51
PPml,17,10,27,0.63
PPmm,27,12,39,0.69
PPmn,15,17,32,0.47
PPms,13,13,26,0.5
PPmt,1,0,1,1.0
PPnB,26,23,49,0.53
PPnD,2,3,5,0.4
PPnH,9,4,13,0.69
PPnI,3,3,6,0.5
PPnK,1,3,4,0.25
PPnL,14,13,27,0.52
PPnM,24,25,49,0.49
PPnN,31,27,58,0.53
PPnP,46,39,85,0.54
PPnS,21,30,51,0.41
PPnb,39,24,63,0.62
PPnh,2,3,5,0.4
PPnl,18,8,26,0.69
PPnm,18,20,38,0.47
PPnn,27,23,50,0.54
PPns,19,16,35,0.54
PPnt,0,1,1,0.0
PPsB,21,17,38,0.55
PPsD,1,2,3,0.33
PPsH,24,15,39,0.62
PPsI,2,2,4,0.5
PPsK,2,1,3,0.67
PPsL,13,11,24,0.54
PPsM,15,32,47,0.32
PPsN,20,12,32,0.62
PPsP,40,31,71,0.56
PPsS,37,27,64,0.58
PPsb,23,20,43,0.53
PPsh,1,1,2,0.5
PPsl,15,10,25,0.6
PPsm,18,6,24,0.75
PPsn,12,13,25,0.48
PPss,20,20,40,0.5
PPtB,2,3,5,0.4
PPtH,3,0,3,1.0
PPtL,0,3,3,0.0
PPtM,3,7,10,0.3
PPtN,0,4,4,0.0
PPtP,2,6,8,0.25
PPtS,5,4,9,0.56
PPtb,4,6,10,0.4
PPtl,2,2,4,0.5
PPtm,5,1,6,0.83
PPtn,5,1,6,0.83
PPts,8,0,8,1.0
PPtt,1,1,2,0.5
PSBB,9,9,18,0.5
PSBL,5,6,11,0.45
PSBM,6,12,18,0.33
PSBN,9,16,25,0.36
PSBP,10,12,22,0.45
PSBS,7,10,17,0.41
PSBb,12,7,19,0.63
PSBj,1,5,6,0.17
PSBl,6,7,13,0.46
PSBm,15,2,17,0.88
PSBn,14,15,29,0.48
PSBs,10,9,19,0.53
PSBt,2,0,2,1.0
PSDB,2,1,3,0.67
PSDH,0,2,2,0.0
PSDL,1,1,2,0.5
PSDM,1,1,2,0.5
PSDN,1,1,2,0.5
PSDP,0,0,0,
PSDS,1,2,3,0.33
PSDb,2,1,3,0.67
PSDm,2,0,2,1.0
PSDn,1,1,2,0.5
PSDs,3,0,3,1.0
PSDt,0,1,1,0.0
PSHB,1,1,2,0.5
PSHD,1,0,1,1.0
PSHH,1,2,3,0.33
PSHI,1,2,3,0.33
PSHK,0,1,1,0.0
PSHL,1,2,3,0.33
PSHM,8,6,14,0.57
PSHN,2,4,6,0.33
PSHP,7,4,11,0.64
PSHS,3,4,7,0.43
PSHb,1,4,5,0.2
PSHh,4,4,8,0.5
PSHl,1,3,4,0.25
PSHm,7,6,13,0.54
PSHn,7,0,7,1.0
PSHs,5,4,9,0.56
PSHt,0,1,1,0.0
PSIH,0,1,1,0.0
PSIL,0,1,1,0.0
PSIM,0,1,1,0.0
PSIS,0,1,1,0.0
PSIb,0,0,0,
PSIm,1,0,1,1.0
PSIs,1,0,1,1.0
PSKD,1,0,1,1.0
PSKL,0,1,1,0.0
PSKM,0,0,0,
PSKN,0,0,0,
PSKb,0,1,1,0.0
PSKh,1,1,2,0.5
PSKl,1,1,2,0.5
PSKm,0,1,1,0.0
PSLB,7,9,16,0.44
PSLD,0,0,0,
PSLK,1,0,1,1.0
PSLL,5,0,5,1.0
PSLM,2,9,11,0.18
PSLN,6,7,13,0.46
PSLP,10,12,22,0.45
PSLS,1,2,3,0.33
PSLb,9,8,17,0.53
PSLh,2,2,4,0.5
PSLj,1,4,5,0.2
PSLl,1,3,4,0.25
PSLm,7,7,14,0.5
PSLn,6,10,16,0.38
PSLs,7,5,12,0.58
PSLt,2,2,4,0.5
PSMB,11,13,24,0.46
PSMD,0,1,1,0.0
PSMK,0,1,1,0.0
PSML,5,7,12,0.42
PSMM,10,14,24,0.42
PSMN,7,9,16,0.44
PSMP,15,20,35,0.43
PSMS,8,10,18,0.44
PSMb,13,20,33,0.39
PSMh,12,11,23,0.52
PSMj,5,5,10,0.5
PSMl,11,7,18,0.61
PSMm,14,8,22,0.64
PSMn,12,13,25,0.48
PSMs,8,12,20,0.4
PSMt,3,1,4,0.75
PSNB,8,9,17,0.47
PSND,0,1,1,0.0
PSNH,1,3,4,0.25
PSNK,0,3,3,0.0
PSNL,4,6,10,0.4
PSNM,10,11,21,0.48
PSNN,8,13,21,0.38
PSNP,18,21,39,0.46
PSNS,5,6,11,0.45
PSNb,11,10,21,0.52
PSNh,8,1,9,0.89
PSNl,6,7,13,0.46
PSNm,6,8,14,0.43
PSNn,21,16,37,0.57
PSNs,6,9,15,0.4
PSNt,3,0,3,1.0
PSPB,20,14,34,0.59
PSPD,2,0,2,1.0
PSPH,4,4,8,0.5
PSPI,0,2,2,0.0
PSPL,9,11,20,0.45
PSPM,17,19,36,0.47
PSPN,17,15,32,0.53
PSPP,35,27,62,0.56
PSPS,16,16,32,0.5
PSPb,18,15,33,0.55
PSPh,1,1,2,0.5
PSPl,19,7,26,0.73
PSPm,20,12,32,0.62
PSPn,18,21,39,0.46
PSPs,13,25,38,0.34
PSPt,2,3,5,0.4
PSSB,11,6,17,0.65
PSSD,1,0,1,1.0
PSSH,3,6,9,0.33
PSSI,0,1,1,0.0
PSSK,1,4,5,0.2
PSSL,7,7,14,0.5
PSSM,8,17,25,0.32
PSSN,15,6,21,0.71
PSSP,15,13,28,0.54
PSSS,25,18,43,0.58
PSSb,11,4,15,0.73
PSSh,4,8,12,0.33
PSSl,5,7,12,0.42
PSSm,11,9,20,0.55
PSSn,16,19,35,0.46
PSSs,14,14,28,0.5
PSSt,5,3,8,0.62
PSbB,12,13,25,0.48
PSbD,0,3,3,0.0
PSbH,3,5,8,0.38
PSbI,2,0,2,1.0
PSbJ,8,4,12,0.67
PSbL,9,3,12,0.75
PSbM,11,14,25,0.44
PSbN,12,9,21,0.57
PSbP,19,16,35,0.54
PSbS,7,13,20,0.35
PSbb,17,16,33,0.52
PSbl,2,6,8,0.25
PSbm,12,6,18,0.67
PSbn,7,10,17,0.41
PSbs,5,0,5,1.0
PShB,8,10,18,0.44
PShD,1,0,1,1.0
PShH,5,4,9,0.56
PShI,0,1,1,0.0
PShK,1,0,1,1.0
PShL,5,1,6,0.83
PShM,5,6,11,0.45
PShN,3,11,14,0.21
PShP,16,15,31,0.52
PShS,11,5,16,0.69
PShb,7,6,13,0.54
PShh,6,13,19,0.32
PShl,5,3,8,0.62
PShm,6,4,10,0.6
PShn,8,6,14,0.57
PShs,9,7,16,0.56
PSht,0,1,1,0.0
PSlB,6,11,17,0.35
PSlD,1,1,2,0.5
PSlH,1,4,5,0.2
PSlI,1,1,2,0.5
PSlJ,2,2,4,0.5
PSlL,4,6,10,0.4
PSlM,7,13,20,0.35
PSlN,5,5,10,0.5
PSlP,7,7,14,0.5
PSlS,7,10,17,0.41
PSlb,16,9,25,0.64
PSlh,1,0,1,1.0
PSll,5,0,5,1.0
PSlm,6,4,10,0.6
PSln,7,4,11,0.64
PSls,5,4,9,0.56
PSmB,14,8,22,0.64
PSmD,1,0,1,1.0
PSmH,9,9,18,0.5
PSmI,3,0,3,1.0
PSmJ,5,2,7,0.71
PSmL,3,6,9,0.33
PSmM,15,18,33,0.45
PSmN,16,8,24,0.67
PSmP,21,13,34,0.62
PSmS,6,5,11,0.55
PSmb,14,8,22,0.64
PSml,7,4,11,0.64
PSmm,13,11,24,0.54
PSmn,5,5,10,0.5
PSms,10,5,15,0.67
PSnB,11,7,18,0.61
PSnD,1,1,2,0.5
PSnH,8,6,14,0.57
PSnI,0,2,2,0.0
PSnK,1,2,3,0.33
PSnL,2,8,10,0.2
PSnM,20,18,38,0.53
PSnN,15,14,29,0.52
PSnP,27,27,54,0.5
PSnS,23,15,38,0.61
PSnb,13,11,24,0.54
PSnh,1,1,2,0.5
PSnl,5,4,9,0.56
PSnm,11,8,19,0.58
PSnn,13,14,27,0.48
PSns,14,6,20,0.7
PSsB,9,11,20,0.45
PSsD,1,0,1,1.0
PSsH,10,13,23,0.43
PSsI,1,2,3,0.33
PSsK,1,1,2,0.5
PSsL,6,12,18,0.33
PSsM,14,14,28,0.5
PSsN,14,15,29,0.48
PSsP,23,11,34,0.68
PSsS,20,25,45,0.44
PSsb,17,15,32,0.53
PSsh,0,1,1,0.0
PSsl,8,9,17,0.47
PSsm,8,12,20,0.4
PSsn,14,12,26,0.54
PSss,14,14,28,0.5
PStB,0,2,2,0.0
PStD,0,1,1,0.0
PStH,0,4,4,0.0
PStL,2,5,7,0.29
PStM,3,3,6,0.5
PStN,3,2,5,0.6
PStP,4,5,9,0.44
PStS,3,4,7,0.43
PStb,0,1,1,0.0
PSth,0,1,1,0.0
PStl,1,0,1,1.0
PStm,3,2,5,0.6
PStn,1,2,3,0.33
PSts,2,2,4,0.5
PStt,1,2,3,0.33
PbBB,17,31,48,0.35
PbBD,1,0,1,1.0
PbBH,3,0,3,1.0
PbBK,2,1,3,0.67
PbBL,15,6,21,0.71
PbBM,17,19,36,0.47
PbBN,20,15,35,0.57
PbBP,28,30,58,0.48
PbBS,9,8,17,0.53
PbBb,23,19,42,0.55
PbBh,1,3,4,0.25
PbBj,4,10,14,0.29
PbBl,7,9,16,0.44
PbBm,22,14,36,0.61
PbBn,24,20,44,0.55
PbBs,7,4,11,0.64
PbBt,6,1,7,0.86
PbDB,0,4,4,0.0
PbDH,2,0,2,1.0
PbDL,1,1,2,0.5
PbDM,1,2,3,0.33
PbDN,0,1,1,0.0
PbDP,3,0,3,1.0
PbDS,0,2,2,0.0
PbDb,0,2,2,0.0
PbDl,2,0,2,1.0
PbDn,2,0,2,1.0
PbDs,0,2,2,0.0
PbDt,1,1,2,0.5
PbHB,4,3,7,0.57
PbHH,1,2,3,0.33
PbHI,0,1,1,0.0
PbHK,0,1,1,0.0
PbHL,2,3,5,0.4
PbHM,3,3,6,0.5
PbHN,1,8,9,0.11
PbHP,5,5,10,0.5
PbHS,5,2,7,0.71
PbHb,2,1,3,0.67
PbHh,2,2,4,0.5
PbHl,4,2,6,0.67
PbHm,2,4,6,0.33
PbHn,7,3,10,0.7
PbHs,2,2,4,0.5
PbIB,3,2,5,0.6
PbIH,1,0,1,1.0
PbIL,2,2,4,0.5
PbIM,0,2,2,0.0
PbIN,1,1,2,0.5
PbIP,5,3,8,0.62
PbIS,2,3,5,0.4
PbIb,3,1,4,0.75
PbIm,2,2,4,0.5
PbIn,1,1,2,0.5
PbIs,2,1,3,0.67
PbJB,4,4,8,0.5
PbJD,1,0,1,1.0
PbJH,3,2,5,0.6
PbJL,9,6,15,0.6
PbJM,6,8,14,0.43
PbJN,1,7,8,0.12
PbJP,6,10,16,0.38
PbJS,6,1,7,0.86
PbJb,6,6,12,0.5
PbJh,0,1,1,0.0
PbJl,3,6,9,0.33
PbJm,3,3,6,0.5
PbJn,7,2,9,0.78
PbJs,4,9,13,0.31
PbKB,1,0,1,1.0
PbKM,1,2,3,0.33
PbKN,2,2,4,0.5
PbKP,2,2,4,0.5
PbKS,1,2,3,0.33
PbKb,2,0,2,1.0
PbKh,0,1,1,0.0
PbKl,1,2,3,0.33
PbKm,0,0,0,
PbKn,0,1,1,0.0
PbKs,4,1,5,0.8
PbLB,8,7,15,0.53
PbLK,1,1,2,0.5
PbLL,6,3,9,0.67
PbLM,4,12,16,0.25
PbLN,8,6,14,0.57
PbLP,9,14,23,0.39
PbLS,8,9,17,0.47
PbLb,8,13,21,0.38
PbLh,1,5,6,0.17
PbLj,0,3,3,0.0
PbLl,6,3,9,0.67
PbLm,5,4,9,0.56
PbLn,6,5,11,0.55
PbLs,6,6,12,0.5
PbLt,1,1,2,0.5
PbMB,15,15,30,0.5
PbMD,0,2,2,0.0
PbML,6,8,14,0.43
PbMM,18,23,41,0.44
PbMN,19,21,40,0.48
PbMP,25,21,46,0.54
PbMS,10,9,19,0.53
PbMb,24,20,44,0.55
PbMh,14,12,26,0.54
PbMj,5,5,10,0.5
PbMl,9,3,12,0.75
PbMm,12,12,24,0.5
PbMn,31,29,60,0.52
PbMs,18,18,36,0.5
PbMt,4,2,6,0.67
PbNB,17,16,33,0.52
PbND,1,2,3,0.33
PbNH,2,2,4,0.5
PbNI,1,0,1,1.0
PbNK,3,0,3,1.0
PbNL,9,7,16,0.56
PbNM,22,25,47,0.47
PbNN,21,22,43,0.49
PbNP,21,32,53,0.4
PbNS,14,19,33,0.42
PbNb,20,15,35,0.57
PbNh,8,11,19,0.42
PbNl,10,6,16,0.62
PbNm,23,15,38,0.61
PbNn,32,19,51,0.63
PbNs,16,13,29,0.55
PbNt,2,1,3,0.67
PbPB,26,22,48,0.54
PbPD,0,1,1,0.0
PbPH,7,4,11,0.64
PbPI,2,0,2,1.0
PbPK,5,0,5,1.0
PbPL,24,18,42,0.57
PbPM,24,33,57,0.42
PbPN,19,21,40,0.48
PbPP,37,49,86,0.43
PbPS,14,6,20,0.7
PbPb,37,35,72,0.51
PbPh,5,2,7,0.71
PbPl,10,13,23,0.43
PbPm,28,20,48,0.58
PbPn,31,12,43,0.72
PbPs,21,13,34,0.62
PbPt,7,2,9,0.78
PbSB,5,11,16,0.31
PbSD,1,1,2,0.5
PbSH,3,3,6,0.5
PbSK,0,0,0,
PbSL,10,7,17,0.59
PbSM,10,6,16,0.62
PbSN,10,10,20,0.5
PbSP,16,10,26,0.62
PbSS,5,13,18,0.28
PbSb,9,10,19,0.47
PbSh,11,6,17,0.65
PbSl,9,5,14,0.64
PbSm,11,7,18,0.61
PbSn,10,7,17,0.59
PbSs,13,11,24,0.54
PbSt,2,1,3,0.67
PbbB,23,32,55,0.42
PbbD,2,1,3,0.67
PbbH,1,2,3,0.33
PbbI,3,2,5,0.6
PbbJ,7,4,11,0.64
PbbK,2,1,3,0.67
PbbL,15,6,21,0.71
PbbM,20,23,43,0.47
PbbN,19,17,36,0.53
PbbP,38,43,81,0.47
PbbS,8,12,20,0.4
Pbbb,33,19,52,0.63
Pbbl,11,9,20,0.55
Pbbm,25,14,39,0.64
Pbbn,19,18,37,0.51
Pbbs,5,6,11,0.45
PbhM,1,0,1,1.0
PbhP,1,0,1,1.0
Pbhh,1,0,1,1.0
PblB,9,13,22,0.41
PblD,1,2,3,0.33
PblH,5,8,13,0.38
PblI,3,0,3,1.0
PblJ,4,1,5,0.8
PblL,4,3,7,0.57
PblM,8,10,18,0.44
PblN,9,11,20,0.45
PblP,16,13,29,0.55
PblS,5,6,11,0.45
Pblb,6,11,17,0.35
Pbll,5,1,6,0.83
Pblm,8,3,11,0.73
Pbln,8,6,14,0.57
Pbls,5,4,9,0.56
PbmB,11,19,30,0.37
PbmD,3,2,5,0.6
PbmH,8,10,18,0.44
PbmI,1,0,1,1.0
PbmJ,2,2,4,0.5
PbmK,0,0,0,
PbmL,6,7,13,0.46
PbmM,11,11,22,0.5
PbmN,15,14,29,0.52
PbmP,18,14,32,0.56
PbmS,9,12,21,0.43
Pbmb,25,10,35,0.71
Pbml,6,8,14,0.43
Pbmm,9,4,13,0.69
Pbmn,11,6,17,0.65
Pbms,2,4,6,0.33
PbnB,7,17,24,0.29
PbnD,1,1,2,0.5
PbnH,7,8,15,0.47
PbnI,2,2,4,0.5
PbnK,2,0,2,1.0
PbnL,5,10,15,0.33
PbnM,7,17,24,0.29
PbnN,14,24,38,0.37
PbnP,28,21,49,0.57
PbnS,7,12,19,0.37
Pbnb,19,16,35,0.54
Pbnh,0,3,3,0.0
Pbnl,8,4,12,0.67
Pbnm,13,6,19,0.68
Pbnn,9,11,20,0.45
Pbns,8,9,17,0.47
PbsB,3,7,10,0.3
PbsD,2,0,2,1.0
PbsH,3,4,7,0.43
PbsI,2,2,4,0.5
PbsL,6,3,9,0.67
PbsM,5,10,15,0.33
PbsN,5,9,14,0.36
PbsP,13,14,27,0.48
PbsS,9,6,15,0.6
Pbsb,7,9,16,0.44
Pbsl,7,6,13,0.54
Pbsm,10,15,25,0.4
Pbsn,7,9,16,0.44
Pbss,9,7,16,0.56
PhBB,1,1,2,0.5
PhBL,0,2,2,0.0
PhBM,1,2,3,0.33
PhBN,3,0,3,1.0
PhBP,1,3,4,0.25
PhBS,1,3,4,0.25
PhBb,4,2,6,0.67
PhBh,2,0,2,1.0
PhBj,0,0,0,
PhBl,0,1,1,0.0
PhBm,0,2,2,0.0
PhBn,2,2,4,0.5
PhBs,4,1,5,0.8
PhBt,0,1,1,0.0
PhDP,1,1,2,0.5
PhDS,1,0,1,1.0
PhHM,1,0,1,1.0
PhHS,0,1,1,0.0
PhHb,0,1,1,0.0
PhHh,0,1,1,0.0
PhHm,2,1,3,0.67
PhHs,0,0,0,
PhIL,0,1,1,0.0
PhIN,1,0,1,1.0
PhIb,0,1,1,0.0
PhIl,0,0,0,
PhKB,0,0,0,
PhLB,2,2,4,0.5
PhLL,0,2,2,0.0
PhLM,0,2,2,0.0
PhLN,0,1,1,0.0
PhLb,2,2,4,0.5
PhLh,0,0,0,
PhLm,0,0,0,
PhLs,1,1,2,0.5
PhMB,2,3,5,0.4
PhMH,0,1,1,0.0
PhML,0,0,0,
PhMM,2,2,4,0.5
PhMN,1,0,1,1.0
PhMP,2,3,5,0.4
PhMS,2,0,2,1.0
PhMb,5,1,6,0.83
PhMh,1,1,2,0.5
PhMm,3,0,3,1.0
PhMn,1,2,3,0.33
PhMs,1,0,1,1.0
PhNB,1,2,3,0.33
PhNL,0,2,2,0.0
PhNM,1,0,1,1.0
PhNN,3,0,3,1.0
PhNP,0,1,1,0.0
PhNS,2,0,2,1.0
PhNb,1,0,1,1.0
PhNh,1,2,3,0.33
PhNl,1,0,1,1.0
PhNm,2,1,3,0.67
PhNn,3,1,4,0.75
PhNs,1,1,2,0.5
PhPB,0,4,4,0.0
PhPH,3,1,4,0.75
PhPI,0,1,1,0.0
PhPK,0,1,1,0.0
PhPL,1,3,4,0.25
PhPM,2,1,3,0.67
PhPN,5,2,7,0.71
PhPP,8,4,12,0.67
PhPS,2,4,6,0.33
PhPb,9,0,9,1.0
PhPl,3,2,5,0.6
PhPm,0,2,2,0.0
PhPn,5,2,7,0.71
PhPs,5,2,7,0.71
PhSH,0,0,0,
PhSM,0,2,2,0.0
PhSN,2,1,3,0.67
PhSP,1,0,1,1.0
PhSS,1,1,2,0.5
PhSb,2,1,3,0.67
PhSh,0,1,1,0.0
PhSl,1,1,2,0.5
PhSm,0,1,1,0.0
PhSn,2,3,5,0.4
PhSs,1,2,3,0.33
PhbB,4,1,5,0.8
PhbH,0,1,1,0.0
PhbI,0,1,1,0.0
PhbJ,0,2,2,0.0
PhbL,2,2,4,0.5
PhbM,1,3,4,0.25
PhbN,1,1,2,0.5
PhbP,2,4,6,0.33
PhbS,5,3,8,0.62
Phbb,3,1,4,0.75
Phbl,2,0,2,1.0
Phbm,2,0,2,1.0
Phbn,2,2,4,0.5
Phbs,1,0,1,1.0
PhhB,2,0,2,1.0
PhhL,1,2,3,0.33
PhhM,2,2,4,0.5
PhhN,0,1,1,0.0
PhhP,4,3,7,0.57
PhhS,1,1,2,0.5
Phhh,1,2,3,0.33
Phhl,0,1,1,0.0
Phhm,3,4,7,0.43
Phhn,1,2,3,0.33
Phhs,2,1,3,0.67
Phht,0,1,1,0.0
PhlB,1,0,1,1.0
PhlH,0,1,1,0.0
PhlL,0,0,0,
PhlM,2,0,2,1.0
PhlN,2,2,4,0.5
PhlP,1,2,3,0.33
PhlS,1,0,1,1.0
Phlb,0,1,1,0.0
Phll,1,1,2,0.5
Phlm,2,0,2,1.0
Phls,0,0,0,
PhmB,2,1,3,0.67
PhmD,2,1,3,0.67
PhmH,2,0,2,1.0
PhmJ,0,1,1,0.0
PhmL,4,2,6,0.67
PhmM,1,2,3,0.33
PhmN,1,0,1,1.0
PhmP,3,3,6,0.5
PhmS,1,1,2,0.5
Phmb,1,1,2,0.5
Phml,2,1,3,0.67
Phmm,4,1,5,0.8
PhnB,1,1,2,0.5
PhnD,1,0,1,1.0
PhnH,0,3,3,0.0
PhnL,0,1,1,0.0
PhnM,3,1,4,0.75
PhnN,2,1,3,0.67
PhnP,4,2,6,0.67
PhnS,2,2,4,0.5
Phnb,0,1,1,0.0
Phnl,1,0,1,1.0
Phnm,0,1,1,0.0
Phnn,3,2,5,0.6
Phns,3,3,6,0.5
PhsB,0,1,1,0.0
PhsH,1,3,4,0.25
PhsI,1,0,1,1.0
PhsL,1,1,2,0.5
PhsM,2,0,2,1.0
PhsN,0,2,2,0.0
PhsP,3,4,7,0.43
PhsS,4,0,4,1.0
Phsb,6,1,7,0.86
Phsh,0,0,0,
Phsl,1,3,4,0.25
Phsm,3,1,4,0.75
Phsn,2,0,2,1.0
Phss,1,2,3,0.33
PhtB,0,1,1,0.0
PhtP,1,1,2,0.5
PhtS,0,2,2,0.0
PlBB,9,4,13,0.69
PlBD,0,1,1,0.0
PlBH,1,0,1,1.0
PlBL,4,3,7,0.57
PlBM,9,6,15,0.6
PlBN,7,7,14,0.5
PlBP,14,10,24,0.58
PlBS,7,8,15,0.47
PlBb,7,7,14,0.5
PlBh,2,1,3,0.67
PlBj,3,0,3,1.0
PlBl,3,7,10,0.3
PlBm,9,8,17,0.53
PlBn,9,6,15,0.6
PlBs,3,2,5,0.6
PlBt,0,2,2,0.0
PlDB,1,0,1,1.0
PlDL,1,1,2,0.5
PlDM,0,1,1,0.0
PlDP,0,1,1,0.0
PlDl,1,0,1,1.0
PlDs,1,1,2,0.5
PlHB,1,6,7,0.14
PlHI,2,1,3,0.67
PlHK,1,0,1,1.0
PlHL,1,3,4,0.25
PlHM,7,6,13,0.54
PlHN,8,0,8,1.0
PlHP,5,10,15,0.33
PlHS,3,1,4,0.75
PlHb,7,5,12,0.58
PlHh,2,2,4,0.5
PlHl,6,2,8,0.75
PlHm,2,3,5,0.4
PlHn,6,2,8,0.75
PlHs,3,2,5,0.6
PlIB,3,1,4,0.75
PlIH,0,0,0,
PlIM,0,1,1,0.0
PlIN,2,1,3,0.67
PlIP,2,2,4,0.5
PlIS,0,1,1,0.0
PlIb,2,2,4,0.5
PlIl,0,0,0,
PlIm,0,0,0,
PlIn,2,0,2,1.0
PlJB,2,2,4,0.5
PlJH,1,1,2,0.5
PlJK,1,0,1,1.0
PlJL,1,3,4,0.25
PlJM,3,2,5,0.6
PlJN,3,3,6,0.5
PlJP,3,2,5,0.6
PlJS,1,4,5,0.2
PlJb,4,3,7,0.57
PlJh,1,0,1,1.0
PlJl,1,2,3,0.33
PlJm,3,3,6,0.5
PlJn,0,3,3,0.0
PlJs,4,2,6,0.67
PlKB,0,2,2,0.0
PlKL,0,1,1,0.0
PlKM,0,1,1,0.0
PlKb,0,1,1,0.0
PlKh,0,1,1,0.0
PlKm,3,0,3,1.0
PlLB,3,5,8,0.38
PlLD,0,1,1,0.0
PlLL,6,6,12,0.5
PlLM,3,7,10,0.3
PlLN,2,6,8,0.25
PlLP,8,10,18,0.44
PlLS,5,4,9,0.56
PlLb,4,4,8,0.5
PlLh,3,5,8,0.38
PlLj,2,0,2,1.0
PlLl,4,4,8,0.5
PlLm,5,3,8,0.62
PlLn,6,7,13,0.46
PlLs,5,3,8,0.62
PlLt,1,2,3,0.33
PlMB,11,8,19,0.58
PlMD,0,1,1,0.0
PlML,6,5,11,0.55
PlMM,11,8,19,0.58
PlMN,7,11,18,0.39
PlMP,13,8,21,0.62
PlMS,5,10,15,0.33
PlMb,9,9,18,0.5
PlMh,5,9,14,0.36
PlMj,3,1,4,0.75
PlMl,3,1,4,0.75
PlMm,14,8,22,0.64
PlMn,12,7,19,0.63
PlMs,9,6,15,0.6
PlMt,0,1,1,0.0
PlNB,10,9,19,0.53
PlND,1,3,4,0.25
PlNH,4,2,6,0.67
PlNK,1,0,1,1.0
PlNL,5,9,14,0.36
PlNM,6,9,15,0.4
PlNN,8,7,15,0.53
PlNP,15,15,30,0.5
PlNS,7,6,13,0.54
PlNb,11,9,20,0.55
PlNh,1,3,4,0.25
PlNl,5,5,10,0.5
PlNm,6,8,14,0.43
PlNn,11,8,19,0.58
PlNs,8,4,12,0.67
PlNt,1,1,2,0.5
PlPB,12,12,24,0.5
PlPH,3,2,5,0.6
PlPI,3,3,6,0.5
PlPK,1,0,1,1.0
PlPL,6,7,13,0.46
PlPM,12,15,27,0.44
PlPN,10,15,25,0.4
PlPP,24,19,43,0.56
PlPS,6,7,13,0.46
PlPb,14,9,23,0.61
PlPh,0,1,1,0.0
PlPl,10,7,17,0.59
PlPm,10,9,19,0.53
PlPn,13,13,26,0.5
PlPs,8,4,12,0.67
PlPt,0,1,1,0.0
PlSB,7,8,15,0.47
PlSH,3,2,5,0.6
PlSL,2,2,4,0.5
PlSM,9,10,19,0.47
PlSN,10,6,16,0.62
PlSP,10,6,16,0.62
PlSS,8,12,20,0.4
PlSb,10,7,17,0.59
PlSh,0,4,4,0.0
PlSl,4,2,6,0.67
PlSm,6,3,9,0.67
PlSn,12,5,17,0.71
PlSs,6,12,18,0.33
PlSt,1,0,1,1.0
PlbB,9,9,18,0.5
PlbH,4,1,5,0.8
PlbI,2,0,2,1.0
PlbJ,3,5,8,0.38
PlbK,0,1,1,0.0
PlbL,9,4,13,0.69
PlbM,10,9,19,0.53
PlbN,9,15,24,0.38
PlbP,16,15,31,0.52
PlbS,8,5,13,0.62
Plbb,14,12,26,0.54
Plbl,7,5,12,0.58
Plbm,6,4,10,0.6
Plbn,7,5,12,0.58
Plbs,8,5,13,0.62
PlhH,1,0,1,1.0
PllB,5,4,9,0.56
PllH,1,2,3,0.33
PllI,1,0,1,1.0
PllL,3,3,6,0.5
PllM,5,3,8,0.62
PllN,4,7,11,0.36
PllP,6,6,12,0.5
PllS,1,5,6,0.17
Pllb,5,7,12,0.42
Plll,2,1,3,0.67
Pllm,2,5,7,0.29
Plln,3,1,4,0.75
Plls,4,3,7,0.57
PlmB,3,7,10,0.3
PlmD,1,1,2,0.5
PlmH,2,5,7,0.29
PlmJ,0,2,2,0.0
PlmL,1,4,5,0.2
PlmM,3,2,5,0.6
PlmN,8,5,13,0.62
PlmP,8,8,16,0.5
PlmS,5,3,8,0.62
Plmb,6,12,18,0.33
Plml,2,2,4,0.5
Plmm,9,3,12,0.75
Plmn,5,2,7,0.71
Plms,2,3,5,0.4
PlnB,8,5,13,0.62
PlnD,0,1,1,0.0
PlnH,0,0,0,
PlnI,1,1,2,0.5
PlnL,4,3,7,0.57
PlnM,8,6,14,0.57
PlnN,7,5,12,0.58
PlnP,17,8,25,0.68
PlnS,2,3,5,0.4
Plnb,7,4,11,0.64
Plnl,1,3,4,0.25
Plnm,4,2,6,0.67
Plnn,6,5,11,0.55
Plns,2,4,6,0.33
PlsB,2,5,7,0.29
PlsD,1,0,1,1.0
PlsH,3,6,9,0.33
PlsI,1,0,1,1.0
PlsL,2,3,5,0.4
PlsM,6,7,13,0.46
PlsN,6,4,10,0.6
PlsP,11,4,15,0.73
PlsS,8,3,11,0.73
Plsb,9,5,14,0.64
Plsl,1,2,3,0.33
Plsm,5,2,7,0.71
Plsn,5,2,7,0.71
Plss,3,8,11,0.27
PmBB,7,12,19,0.37
PmBD,2,1,3,0.67
PmBK,3,0,3,1.0
PmBL,5,6,11,0.45
PmBM,7,12,19,0.37
PmBN,11,19,30,0.37
PmBP,27,21,48,0.56
PmBS,11,7,18,0.61
PmBb,14,17,31,0.45
PmBh,1,0,1,1.0
PmBj,3,5,8,0.38
PmBl,9,7,16,0.56
PmBm,5,10,15,0.33
PmBn,15,24,39,0.38
PmBs,5,11,16,0.31
PmBt,4,2,6,0.67
PmDB,1,1,2,0.5
PmDH,1,0,1,1.0
PmDI,1,0,1,1.0
PmDL,1,1,2,0.5
PmDM,1,0,1,1.0
PmDN,2,1,3,0.67
PmDP,2,4,6,0.33
PmDS,3,1,4,0.75
PmDb,0,1,1,0.0
PmDl,0,1,1,0.0
PmDm,0,4,4,0.0
PmDn,1,3,4,0.25
PmDs,3,0,3,1.0
PmDt,1,0,1,1.0
PmHB,5,7,12,0.42
PmHD,1,2,3,0.33
PmHH,2,0,2,1.0
PmHI,1,0,1,1.0
PmHK,1,0,1,1.0
PmHL,6,9,15,0.4
PmHM,11,17,28,0.39
PmHN,9,12,21,0.43
PmHP,17,7,24,0.71
PmHS,12,8,20,0.6
PmHb,11,11,22,0.5
PmHh,1,0,1,1.0
PmHl,6,4,10,0.6
PmHm,8,8,16,0.5
PmHn,10,6,16,0.62
PmHs,9,10,19,0.47
PmHt,0,0,0,
PmIB,0,1,1,0.0
PmID,1,0,1,1.0
PmIH,1,2,3,0.33
PmII,1,0,1,1.0
PmIL,2,0,2,1.0
PmIM,0,1,1,0.0
PmIN,4,1,5,0.8
PmIP,3,2,5,0.6
PmIS,1,1,2,0.5
PmIb,4,1,5,0.8
PmIm,2,0,2,1.0
PmIn,2,0,2,1.0
PmIs,1,2,3,0.33
PmJB,4,1,5,0.8
PmJH,3,0,3,1.0
PmJI,1,0,1,1.0
PmJK,0,1,1,0.0
PmJL,0,0,0,
PmJM,4,3,7,0.57
PmJN,8,5,13,0.62
PmJP,7,5,12,0.58
PmJS,3,4,7,0.43
PmJb,5,1,6,0.83
PmJh,0,2,2,0.0
PmJl,1,1,2,0.5
PmJm,6,3,9,0.67
PmJn,3,4,7,0.43
PmJs,4,1,5,0.8
PmJt,1,2,3,0.33
PmKL,1,0,1,1.0
PmKm,1,0,1,1.0
PmLB,4,9,13,0.31
PmLD,0,0,0,
PmLH,0,1,1,0.0
PmLK,1,0,1,1.0
PmLL,3,5,8,0.38
PmLM,6,11,17,0.35
PmLN,10,7,17,0.59
PmLP,7,9,16,0.44
PmLS,4,4,8,0.5
PmLb,6,8,14,0.43
PmLh,0,7,7,0.0
PmLj,3,1,4,0.75
PmLl,4,4,8,0.5
PmLm,7,3,10,0.7
PmLn,9,6,15,0.6
PmLs,6,3,9,0.67
PmLt,0,1,1,0.0
PmMB,11,16,27,0.41
PmMD,2,1,3,0.67
PmML,4,8,12,0.33
PmMM,13,13,26,0.5
PmMN,16,13,29,0.55
PmMP,20,30,50,0.4
PmMS,9,10,19,0.47
PmMb,16,17,33,0.48
PmMh,14,14,28,0.5
PmMj,7,2,9,0.78
PmMl,7,7,14,0.5
PmMm,13,15,28,0.46
PmMn,34,12,46,0.74
PmMs,10,9,19,0.53
PmMt,1,2,3,0.33
PmNB,22,8,30,0.73
PmND,6,1,7,0.86
PmNH,0,4,4,0.0
PmNI,0,0,0,
PmNK,1,1,2,0.5
PmNL,5,5,10,0.5
PmNM,15,16,31,0.48
PmNN,14,21,35,0.4
PmNP,27,29,56,0.48
PmNS,19,16,35,0.54
PmNb,20,14,34,0.59
PmNh,2,6,8,0.25
PmNl,6,8,14,0.43
PmNm,12,18,30,0.4
PmNn,27,13,40,0.68
PmNs,17,15,32,0.53
PmNt,3,4,7,0.43
PmPB,22,26,48,0.46
PmPD,5,1,6,0.83
PmPH,7,2,9,0.78
PmPI,2,3,5,0.4
PmPK,3,0,3,1.0
PmPL,7,8,15,0.47
PmPM,18,27,45,0.4
PmPN,32,14,46,0.7
PmPP,24,42,66,0.36
PmPS,11,21,32,0.34
PmPb,30,21,51,0.59
PmPh,1,1,2,0.5
PmPl,4,11,15,0.27
PmPm,16,10,26,0.62
PmPn,21,25,46,0.46
PmPs,16,10,26,0.62
PmPt,3,1,4,0.75
PmSB,6,10,16,0.38
PmSD,1,1,2,0.5
PmSH,3,5,8,0.38
PmSK,0,1,1,0.0
PmSL,1,5,6,0.17
PmSM,10,14,24,0.42
PmSN,13,7,20,0.65
PmSP,17,8,25,0.68
PmSS,8,13,21,0.38
PmSb,11,5,16,0.69
PmSh,3,8,11,0.27
PmSl,4,3,7,0.57
PmSm,10,11,21,0.48
PmSn,8,16,24,0.33
PmSs,14,12,26,0.54
PmSt,4,3,7,0.57
PmbB,10,17,27,0.37
PmbD,1,4,5,0.2
PmbH,3,4,7,0.43
PmbI,3,1,4,0.75
PmbJ,8,4,12,0.67
PmbL,4,9,13,0.31
PmbM,20,15,35,0.57
PmbN,23,22,45,0.51
PmbP,28,26,54,0.52
PmbS,10,6,16,0.62
Pmbb,21,22,43,0.49
Pmbl,7,6,13,0.54
Pmbm,16,20,36,0.44
Pmbn,18,9,27,0.67
Pmbs,8,1,9,0.89
Pmhs,0,0,0,
PmlB,8,8,16,0.5
PmlD,0,1,1,0.0
PmlH,3,4,7,0.43
PmlI,2,0,2,1.0
PmlJ,1,0,1,1.0
PmlL,1,3,4,0.25
PmlM,6,10,16,0.38
PmlN,8,10,18,0.44
PmlP,11,2,13,0.85
PmlS,1,3,4,0.25
Pmlb,9,5,14,0.64
Pmll,2,2,4,0.5
Pmlm,9,6,15,0.6
Pmln,1,4,5,0.2
Pmls,3,2,5,0.6
PmmB,10,14,24,0.42
PmmH,7,7,14,0.5
PmmI,0,3,3,0.0
PmmJ,2,2,4,0.5
PmmL,7,6,13,0.54
PmmM,8,13,21,0.38
PmmN,17,19,36,0.47
PmmP,21,12,33,0.64
PmmS,4,7,11,0.36
Pmmb,16,10,26,0.62
Pmml,4,2,6,0.67
Pmmm,7,7,14,0.5
Pmmn,8,12,20,0.4
Pmms,4,4,8,0.5
PmnB,11,8,19,0.58
PmnH,8,4,12,0.67
PmnI,1,1,2,0.5
PmnK,1,0,1,1.0
PmnL,4,4,8,0.5
PmnM,17,10,27,0.63
PmnN,16,16,32,0.5
PmnP,13,9,22,0.59
PmnS,9,7,16,0.56
Pmnb,10,8,18,0.56
Pmnl,5,3,8,0.62
Pmnm,15,9,24,0.62
Pmnn,17,16,33,0.52
Pmns,10,7,17,0.59
PmsB,4,1,5,0.8
PmsD,0,2,2,0.0
PmsH,7,3,10,0.7
PmsI,1,1,2,0.5
PmsL,2,4,6,0.33
PmsM,7,5,12,0.58
PmsN,5,6,11,0.45
PmsP,8,9,17,0.47
PmsS,8,12,20,0.4
Pmsb,8,4,12,0.67
Pmsh,0,1,1,0.0
Pmsl,6,3,9,0.67
Pmsm,6,5,11,0.55
Pmsn,12,4,16,0.75
Pmss,7,3,10,0.7
Pmtb,0,1,1,0.0
PnBB,12,16,28,0.43
PnBD,0,1,1,0.0
PnBL,11,9,20,0.55
PnBM,11,21,32,0.34
PnBN,15,17,32,0.47
PnBP,22,23,45,0.49
PnBS,8,7,15,0.53
PnBb,10,14,24,0.42
PnBh,0,1,1,0.0
PnBj,6,6,12,0.5
PnBl,8,5,13,0.62
PnBm,14,8,22,0.64
PnBn,14,30,44,0.32
PnBs,11,12,23,0.48
PnBt,4,4,8,0.5
PnDB,1,0,1,1.0
PnDD,2,1,3,0.67
PnDH,1,2,3,0.33
PnDL,2,2,4,0.5
PnDM,0,1,1,0.0
PnDP,7,1,8,0.88
PnDS,1,1,2,0.5
PnDb,2,0,2,1.0
PnDl,0,1,1,0.0
PnDm,2,2,4,0.5
PnDn,2,0,2,1.0
PnDs,1,0,1,1.0
PnDt,1,0,1,1.0
PnHB,8,6,14,0.57
PnHD,2,0,2,1.0
PnHH,0,1,1,0.0
PnHI,0,1,1,0.0
PnHK,0,0,0,
PnHL,4,5,9,0.44
PnHM,6,3,9,0.67
PnHN,9,9,18,0.5
PnHP,10,16,26,0.38
PnHS,7,7,14,0.5
PnHb,14,4,18,0.78
PnHh,4,1,5,0.8
PnHl,4,5,9,0.44
PnHm,5,2,7,0.71
PnHn,6,8,14,0.43
PnHs,5,7,12,0.42
PnHt,1,1,2,0.5
PnIB,4,1,5,0.8
PnIH,0,0,0,
PnIL,1,1,2,0.5
PnIM,2,2,4,0.5
PnIN,2,4,6,0.33
PnIP,4,6,10,0.4
PnIS,3,0,3,1.0
PnIb,4,4,8,0.5
PnIm,5,1,6,0.83
PnIn,3,4,7,0.43
PnIs,1,1,2,0.5
PnIt,1,0,1,1.0
PnKB,3,1,4,0.75
PnKI,2,0,2,1.0
PnKM,0,0,0,
PnKN,3,1,4,0.75
PnKP,2,2,4,0.5
PnKS,1,2,3,0.33
PnKb,2,3,5,0.4
PnKh,3,3,6,0.5
PnKl,0,1,1,0.0
PnKm,2,1,3,0.67
PnKn,1,1,2,0.5
PnKs,1,0,1,1.0
PnLB,9,7,16,0.56
PnLL,4,4,8,0.5
PnLM,8,5,13,0.62
PnLN,5,7,12,0.42
PnLP,11,5,16,0.69
PnLS,5,4,9,0.56
PnLb,6,7,13,0.46
PnLh,4,1,5,0.8
PnLj,5,6,11,0.45
PnLl,5,5,10,0.5
PnLm,9,5,14,0.64
PnLn,9,10,19,0.47
PnLs,6,6,12,0.5
PnLt,4,4,8,0.5
PnMB,20,18,38,0.53
PnML,9,11,20,0.45
PnMM,11,20,31,0.35
PnMN,21,16,37,0.57
PnMP,22,26,48,0.46
PnMS,13,11,24,0.54
PnMb,13,19,32,0.41
PnMh,8,9,17,0.47
PnMj,5,5,10,0.5
PnMl,6,12,18,0.33
PnMm,16,13,29,0.55
PnMn,18,19,37,0.49
PnMs,13,8,21,0.62
PnMt,5,1,6,0.83
PnNB,15,18,33,0.45
PnND,2,2,4,0.5
PnNH,2,3,5,0.4
PnNK,1,3,4,0.25
PnNL,6,9,15,0.4
PnNM,11,15,26,0.42
PnNN,15,29,44,0.34
PnNP,39,26,65,0.6
PnNS,21,20,41,0.51
PnNb,21,15,36,0.58
PnNh,6,5,11,0.55
PnNl,10,8,18,0.56
PnNm,25,18,43,0.58
PnNn,36,18,54,0.67
PnNs,18,12,30,0.6
PnNt,2,3,5,0.4
PnPB,26,20,46,0.57
PnPD,2,2,4,0.5
PnPH,11,10,21,0.52
PnPI,5,5,10,0.5
PnPK,1,3,4,0.25
PnPL,18,17,35,0.51
PnPM,30,24,54,0.56
PnPN,31,21,52,0.6
PnPP,55,49,104,0.53
PnPS,29,24,53,0.55
PnPb,28,23,51,0.55
PnPh,1,1,2,0.5
PnPl,20,14,34,0.59
PnPm,27,14,41,0.66
PnPn,30,17,47,0.64
PnPs,27,18,45,0.6
PnPt,4,8,12,0.33
PnSB,8,6,14,0.57
PnSD,2,0,2,1.0
PnSH,8,5,13,0.62
PnSK,0,0,0,
PnSL,5,6,11,0.45
PnSM,14,11,25,0.56
PnSN,13,13,26,0.5
PnSP,22,24,46,0.48
PnSS,19,14,33,0.58
PnSb,16,15,31,0.52
PnSh,6,7,13,0.46
PnSl,5,11,16,0.31
PnSm,15,16,31,0.48
PnSn,13,15,28,0.46
PnSs,11,20,31,0.35
PnSt,2,1,3,0.67
PnbB,19,15,34,0.56
PnbD,1,1,2,0.5
PnbH,1,3,4,0.25
PnbI,2,1,3,0.67
PnbJ,7,6,13,0.54
PnbK,1,5,6,0.17
PnbL,7,9,16,0.44
PnbM,9,16,25,0.36
PnbN,21,20,41,0.51
PnbP,28,29,57,0.49
PnbS,7,11,18,0.39
Pnbb,20,15,35,0.57
Pnbh,0,0,0,
Pnbl,6,8,14,0.43
Pnbm,20,8,28,0.71
Pnbn,11,14,25,0.44
Pnbs,15,7,22,0.68
PnhB,1,0,1,1.0
PnhL,2,1,3,0.67
PnhM,0,1,1,0.0
PnhN,0,1,1,0.0
PnhP,2,0,2,1.0
Pnhh,1,0,1,1.0
Pnhl,1,0,1,1.0
Pnhm,2,1,3,0.67
Pnhn,0,1,1,0.0
Pnht,1,0,1,1.0
PnlB,5,3,8,0.62
PnlH,4,4,8,0.5
PnlI,0,1,1,0.0
PnlJ,3,4,7,0.43
PnlK,1,0,1,1.0
PnlL,3,6,9,0.33
PnlM,9,11,20,0.45
PnlN,6,11,17,0.35
PnlP,17,13,30,0.57
PnlS,6,8,14,0.43
Pnlb,7,4,11,0.64
Pnll,2,2,4,0.5
Pnlm,3,5,8,0.38
Pnln,6,7,13,0.46
Pnls,5,5,10,0.5
PnmB,13,15,28,0.46
PnmD,1,1,2,0.5
PnmH,4,6,10,0.4
PnmI,2,1,3,0.67
PnmJ,2,1,3,0.67
PnmL,7,5,12,0.58
PnmM,10,19,29,0.34
PnmN,15,18,33,0.45
PnmP,17,21,38,0.45
PnmS,7,11,18,0.39
Pnmb,24,13,37,0.65
Pnml,6,0,6,1.0
Pnmm,15,5,20,0.75
Pnmn,11,12,23,0.48
Pnms,12,3,15,0.8
PnnB,18,16,34,0.53
PnnD,5,1,6,0.83
PnnH,6,6,12,0.5
PnnI,1,0,1,1.0
PnnK,1,3,4,0.25
PnnL,6,6,12,0.5
PnnM,18,17,35,0.51
PnnN,23,20,43,0.53
PnnP,27,24,51,0.53
PnnS,11,21,32,0.34
Pnnb,17,13,30,0.57
Pnnl,5,7,12,0.42
Pnnm,15,10,25,0.6
Pnnn,19,20,39,0.49
Pnns,13,10,23,0.57
PnsB,16,2,18,0.89
PnsD,2,1,3,0.67
PnsH,7,15,22,0.32
PnsI,0,1,1,0.0
PnsL,7,2,9,0.78
PnsM,14,10,24,0.58
PnsN,17,14,31,0.55
PnsP,22,15,37,0.59
PnsS,16,16,32,0.5
Pnsb,10,11,21,0.48
Pnsh,1,0,1,1.0
Pnsl,8,5,13,0.62
Pnsm,11,7,18,0.61
Pnsn,14,10,24,0.58
Pnss,4,9,13,0.31
Pntm,1,0,1,1.0
PsBB,13,7,20,0.65
PsBD,1,0,1,1.0
PsBK,1,0,1,1.0
PsBL,6,6,12,0.5
PsBM,5,15,20,0.25
PsBN,12,14,26,0.46
PsBP,18,15,33,0.55
PsBS,5,4,9,0.56
PsBb,8,6,14,0.57
PsBh,3,2,5,0.6
PsBj,1,2,3,0.33
PsBl,2,9,11,0.18
PsBm,12,6,18,0.67
PsBn,7,17,24,0.29
PsBs,4,6,10,0.4
PsBt,2,1,3,0.67
PsDB,1,1,2,0.5
PsDD,0,1,1,0.0
PsDH,0,3,3,0.0
PsDL,1,0,1,1.0
PsDM,1,1,2,0.5
PsDN,1,2,3,0.33
PsDP,0,1,1,0.0
PsDS,1,1,2,0.5
PsDl,1,0,1,1.0
PsDm,3,1,4,0.75
PsDn,2,0,2,1.0
PsDs,0,1,1,0.0
PsDt,1,0,1,1.0
PsHB,9,9,18,0.5
PsHD,0,0,0,
PsHH,1,3,4,0.25
PsHI,1,1,2,0.5
PsHK,0,3,3,0.0
PsHL,3,9,12,0.25
PsHM,11,13,24,0.46
PsHN,10,7,17,0.59
PsHP,20,13,33,0.61
PsHS,7,10,17,0.41
PsHb,7,10,17,0.41
PsHh,9,6,15,0.6
PsHl,3,1,4,0.75
PsHm,10,6,16,0.62
PsHn,12,7,19,0.63
PsHs,12,10,22,0.55
PsHt,0,1,1,0.0
PsIB,1,1,2,0.5
PsIH,2,2,4,0.5
PsII,0,0,0,
PsIL,0,1,1,0.0
PsIM,2,5,7,0.29
PsIN,2,2,4,0.5
PsIP,4,6,10,0.4
PsIS,3,1,4,0.75
PsIb,1,2,3,0.33
PsIl,1,0,1,1.0
PsIm,2,3,5,0.4
PsIn,1,1,2,0.5
PsKL,1,0,1,1.0
PsKM,0,0,0,
PsKP,0,2,2,0.0
PsKS,0,1,1,0.0
PsKn,0,1,1,0.0
PsKs,1,0,1,1.0
PsKt,0,1,1,0.0
PsLB,4,9,13,0.31
PsLD,1,0,1,1.0
PsLL,1,3,4,0.25
PsLM,9,5,14,0.64
PsLN,4,3,7,0.57
PsLP,7,6,13,0.54
PsLS,2,8,10,0.2
PsLb,8,7,15,0.53
PsLh,2,2,4,0.5
PsLj,2,2,4,0.5
PsLl,6,7,13,0.46
PsLm,6,8,14,0.43
PsLn,9,5,14,0.64
PsLs,5,4,9,0.56
PsLt,2,2,4,0.5
PsMB,11,4,15,0.73
PsMD,1,2,3,0.33
PsMH,1,1,2,0.5
PsMI,0,0,0,
PsMK,0,1,1,0.0
PsML,9,8,17,0.53
PsMM,9,11,20,0.45
PsMN,8,15,23,0.35
PsMP,10,14,24,0.42
PsMS,10,6,16,0.62
PsMb,12,10,22,0.55
PsMh,5,8,13,0.38
PsMj,3,2,5,0.6
PsMl,5,4,9,0.56
PsMm,17,13,30,0.57
PsMn,9,22,31,0.29
PsMs,10,6,16,0.62
PsMt,3,2,5,0.6
PsNB,7,12,19,0.37
PsND,2,1,3,0.67
PsNH,0,1,1,0.0
PsNK,2,0,2,1.0
PsNL,4,7,11,0.36
PsNM,13,14,27,0.48
PsNN,14,14,28,0.5
PsNP,21,28,49,0.43
PsNS,12,12,24,0.5
PsNb,13,13,26,0.5
PsNh,4,2,6,0.67
PsNl,3,10,13,0.23
PsNm,8,8,16,0.5
PsNn,9,16,25,0.36
PsNs,12,15,27,0.44
PsNt,3,1,4,0.75
PsPB,18,19,37,0.49
PsPD,1,0,1,1.0
PsPH,4,3,7,0.57
PsPI,2,1,3,0.67
PsPK,1,1,2,0.5
PsPL,11,14,25,0.44
PsPM,9,29,38,0.24
PsPN,23,22,45,0.51
PsPP,39,40,79,0.49
PsPS,23,22,45,0.51
PsPb,13,31,44,0.3
PsPh,3,1,4,0.75
PsPl,12,19,31,0.39
PsPm,19,8,27,0.7
PsPn,24,13,37,0.65
PsPs,16,19,35,0.46
PsPt,0,1,1,0.0
PsSB,14,10,24,0.58
PsSD,1,2,3,0.33
PsSH,14,3,17,0.82
PsSI,1,0,1,1.0
PsSK,0,0,0,
PsSL,8,7,15,0.53
PsSM,16,24,40,0.4
PsSN,7,12,19,0.37
PsSP,33,24,57,0.58
PsSS,9,25,34,0.26
PsSb,10,11,21,0.48
PsSh,7,16,23,0.3
PsSl,7,8,15,0.47
PsSm,12,7,19,0.63
PsSn,14,13,27,0.52
PsSs,23,24,47,0.49
PsSt,4,4,8,0.5
PsbB,8,4,12,0.67
PsbD,0,2,2,0.0
PsbH,0,1,1,0.0
PsbI,1,3,4,0.25
PsbJ,8,6,14,0.57
PsbK,0,0,0,
PsbL,4,4,8,0.5
PsbM,21,14,35,0.6
PsbN,19,9,28,0.68
PsbP,24,15,39,0.62
PsbS,5,5,10,0.5
Psbb,21,8,29,0.72
Psbh,0,0,0,
Psbl,9,2,11,0.82
Psbm,10,5,15,0.67
Psbn,12,11,23,0.52
Psbs,3,4,7,0.43
PshB,0,1,1,0.0
PshL,1,0,1,1.0
PshM,0,1,1,0.0
PshP,2,2,4,0.5
PshS,0,2,2,0.0
Pshn,1,1,2,0.5
Pshs,1,1,2,0.5
PslB,6,6,12,0.5
PslH,4,4,8,0.5
PslJ,2,4,6,0.33
PslK,2,0,2,1.0
PslL,4,2,6,0.67
PslM,7,6,13,0.54
PslN,5,13,18,0.28
PslP,7,1,8,0.88
PslS,4,4,8,0.5
Pslb,4,5,9,0.44
Psll,3,5,8,0.38
Pslm,5,1,6,0.83
Psln,4,7,11,0.36
Psls,6,5,11,0.55
PsmB,15,9,24,0.62
PsmD,2,1,3,0.67
PsmH,12,15,27,0.44
PsmI,3,1,4,0.75
PsmJ,1,4,5,0.2
PsmL,8,7,15,0.53
PsmM,10,10,20,0.5
PsmN,16,15,31,0.52
PsmP,11,10,21,0.52
PsmS,4,11,15,0.27
Psmb,13,12,25,0.52
Psml,10,3,13,0.77
Psmm,7,7,14,0.5
Psmn,10,10,20,0.5
Psms,4,3,7,0.57
PsnB,8,19,27,0.3
PsnD,1,3,4,0.25
PsnH,5,2,7,0.71
PsnI,0,3,3,0.0
PsnK,1,0,1,1.0
PsnL,6,3,9,0.67
PsnM,8,3,11,0.73
PsnN,15,14,29,0.52
PsnP,12,13,25,0.48
PsnS,3,7,10,0.3
Psnb,8,8,16,0.5
Psnh,1,0,1,1.0
Psnl,6,9,15,0.4
Psnm,4,6,10,0.4
Psnn,11,13,24,0.46
Psns,5,8,13,0.38
PssB,7,8,15,0.47
PssD,2,2,4,0.5
PssH,9,20,29,0.31
PssI,0,3,3,0.0
PssK,1,0,1,1.0
PssL,7,6,13,0.54
PssM,11,10,21,0.52
PssN,14,8,22,0.64
PssP,15,15,30,0.5
PssS,15,14,29,0.52
Pssb,14,9,23,0.61
Pssh,2,0,2,1.0
Pssl,9,3,12,0.75
Pssm,9,8,17,0.53
Pssn,13,6,19,0.68
Psss,15,15,30,0.5
PstL,0,1,1,0.0
PstM,0,1,1,0.0
PstN,1,0,1,1.0
Pstl,1,1,2,0.5
Pstn,0,1,1,0.0
PtBB,3,2,5,0.6
PtBD,1,0,1,1.0
PtBL,1,1,2,0.5
PtBM,3,0,3,1.0
PtBN,4,2,6,0.67
PtBP,1,4,5,0.2
PtBS,0,1,1,0.0
PtBh,0,0,0,
PtBj,0,1,1,0.0
PtBl,1,1,2,0.5
PtBm,2,2,4,0.5
PtBn,0,2,2,0.0
PtBt,1,0,1,1.0
PtDN,1,0,1,1.0
PtDl,0,1,1,0.0
PtDm,1,0,1,1.0
PtHB,0,1,1,0.0
PtHH,1,1,2,0.5
PtHL,1,0,1,1.0
PtHN,1,3,4,0.25
PtHP,0,0,0,
PtHb,0,2,2,0.0
PtHh,0,1,1,0.0
PtHl,2,3,5,0.4
PtHm,1,0,1,1.0
PtHn,1,2,3,0.33
PtHs,2,1,3,0.67
PtHt,1,0,1,1.0
PtIP,0,0,0,
PtIS,0,1,1,0.0
PtIm,1,0,1,1.0
PtKM,1,1,2,0.5
PtKS,0,1,1,0.0
PtKh,0,1,1,0.0
PtLB,4,2,6,0.67
PtLL,1,0,1,1.0
PtLM,3,2,5,0.6
PtLN,1,0,1,1.0
PtLP,2,2,4,0.5
PtLS,0,0,0,
PtLb,4,1,5,0.8
PtLh,2,1,3,0.67
PtLj,1,1,2,0.5
PtLm,0,1,1,0.0
PtLn,2,0,2,1.0
PtLs,1,0,1,1.0
PtLt,0,0,0,
PtMB,3,3,6,0.5
PtMK,0,0,0,
PtML,2,2,4,0.5
PtMM,2,0,2,1.0
PtMN,1,4,5,0.2
PtMP,3,5,8,0.38
PtMS,0,2,2,0.0
PtMb,3,3,6,0.5
PtMh,0,1,1,0.0
PtMl,2,0,2,1.0
PtMm,1,1,2,0.5
PtMn,0,2,2,0.0
PtMs,2,1,3,0.67
PtNB,3,1,4,0.75
PtNH,1,0,1,1.0
PtNL,0,1,1,0.0
PtNM,0,0,0,
PtNN,3,3,6,0.5
PtNP,3,3,6,0.5
PtNS,1,1,2,0.5
PtNb,3,1,4,0.75
PtNh,0,1,1,0.0
PtNl,1,0,1,1.0
PtNm,2,1,3,0.67
PtNn,3,1,4,0.75
PtNs,1,3,4,0.25
PtPB,3,2,5,0.6
PtPD,1,1,2,0.5
PtPH,1,2,3,0.33
PtPL,3,0,3,1.0
PtPM,4,3,7,0.57
PtPN,3,0,3,1.0
PtPP,9,1,10,0.9
PtPS,5,4,9,0.56
PtPb,0,1,1,0.0
PtPh,0,1,1,0.0
PtPl,3,2,5,0.6
PtPm,9,2,11,0.82
PtPn,2,0,2,1.0
PtPs,4,5,9,0.44
PtPt,0,0,0,
PtSB,2,2,4,0.5
PtSH,2,0,2,1.0
PtSL,1,1,2,0.5
PtSM,1,2,3,0.33
PtSN,1,0,1,1.0
PtSP,3,0,3,1.0
PtSS,5,3,8,0.62
PtSb,0,1,1,0.0
PtSh,0,0,0,
PtSl,2,2,4,0.5
PtSm,4,1,5,0.8
PtSn,0,1,1,0.0
PtSs,3,2,5,0.6
PtbB,2,3,5,0.4
PtbI,0,0,0,
PtbJ,2,2,4,0.5
PtbL,1,3,4,0.25
PtbM,1,1,2,0.5
PtbN,0,8,8,0.0
PtbP,2,4,6,0.33
PtbS,3,1,4,0.75
Ptbb,3,1,4,0.75
Ptbl,3,1,4,0.75
Ptbm,1,1,2,0.5
Ptbn,0,2,2,0.0
Ptbs,1,2,3,0.33
Pthb,0,1,1,0.0
PtlB,1,1,2,0.5
PtlH,1,0,1,1.0
PtlI,1,0,1,1.0
PtlL,2,0,2,1.0
PtlM,0,1,1,0.0
PtlN,1,0,1,1.0
PtlP,4,1,5,0.8
PtlS,0,1,1,0.0
Ptlb,4,2,6,0.67
Ptll,0,2,2,0.0
Ptlm,0,1,1,0.0
Ptln,1,0,1,1.0
PtmB,3,0,3,1.0
PtmH,1,3,4,0.25
PtmI,1,0,1,1.0
PtmL,1,2,3,0.33
PtmM,3,2,5,0.6
PtmN,0,5,5,0.0
PtmP,2,3,5,0.4
PtmS,4,2,6,0.67
Ptmb,0,0,0,
Ptml,1,0,1,1.0
Ptmn,1,1,2,0.5
Ptms,1,1,2,0.5
PtnB,1,1,2,0.5
PtnH,2,0,2,1.0
PtnM,1,3,4,0.25
PtnN,4,5,9,0.44
PtnP,5,2,7,0.71
PtnS,2,2,4,0.5
Ptnb,1,0,1,1.0
Ptnm,1,1,2,0.5
Ptnn,1,0,1,1.0
Ptns,1,0,1,1.0
PtsB,1,1,2,0.5
PtsD,0,1,1,0.0
PtsL,0,2,2,0.0
PtsM,1,1,2,0.5
PtsN,1,1,2,0.5
PtsP,4,3,7,0.57
PtsS,2,4,6,0.33
Ptsm,3,0,3,1.0
Ptsn,0,3,3,0.0
Ptss,3,1,4,0.75
PttB,0,1,1,0.0
PttD,0,0,0,
PttH,1,0,1,1.0
PttM,1,1,2,0.5
PttN,1,0,1,1.0
PttS,3,0,3,1.0
Pttb,0,1,1,0.0
Pttl,0,1,1,0.0
Pttn,1,0,1,1.0
S,1,0,1,1.0
SBBB,3,11,14,0.21
SBBD,0,0,0,
SBBK,2,0,2,1.0
SBBL,1,1,2,0.5
SBBM,2,3,5,0.4
SBBN,7,5,12,0.58
SBBP,3,9,12,0.25
SBBS,5,4,9,0.56
SBBb,8,10,18,0.44
SBBh,2,1,3,0.67
SBBj,3,1,4,0.75
SBBl,1,6,7,0.14
SBBm,11,5,16,0.69
SBBn,8,8,16,0.5
SBBs,5,3,8,0.62
SBBt,0,2,2,0.0
SBDB,0,1,1,0.0
SBDH,0,0,0,
SBDL,0,1,1,0.0
SBDM,1,2,3,0.33
SBDN,1,1,2,0.5
SBDP,1,3,4,0.25
SBDm,0,0,0,
SBDn,0,0,0,
SBDt,1,0,1,1.0
SBHm,1,0,1,1.0
SBKB,1,0,1,1.0
SBKL,1,0,1,1.0
SBKP,1,0,1,1.0
SBKh,0,1,1,0.0
SBKm,1,0,1,1.0
SBKs,2,0,2,1.0
SBLB,3,3,6,0.5
SBLH,0,1,1,0.0
SBLL,1,6,7,0.14
SBLM,2,0,2,1.0
SBLN,1,2,3,0.33
SBLP,2,2,4,0.5
SBLS,0,1,1,0.0
SBLb,6,6,12,0.5
SBLh,1,1,2,0.5
SBLj,0,1,1,0.0
SBLl,1,1,2,0.5
SBLm,2,3,5,0.4
SBLn,6,2,8,0.75
SBLs,5,4,9,0.56
SBLt,2,2,4,0.5
SBMB,7,4,11,0.64
SBML,3,2,5,0.6
SBMM,2,4,6,0.33
SBMN,2,5,7,0.29
SBMP,9,6,15,0.6
SBMS,3,2,5,0.6
SBMb,5,5,10,0.5
SBMh,4,2,6,0.67
SBMj,1,1,2,0.5
SBMl,1,2,3,0.33
SBMm,4,4,8,0.5
SBMn,8,11,19,0.42
SBMs,3,3,6,0.5
SBMt,2,1,3,0.67
SBNB,7,7,14,0.5
SBND,1,0,1,1.0
SBNH,1,2,3,0.33
SBNL,3,1,4,0.75
SBNM,7,7,14,0.5
SBNN,9,8,17,0.53
SBNP,20,7,27,0.74
SBNS,4,2,6,0.67
SBNb,6,3,9,0.67
SBNh,2,1,3,0.67
SBNl,3,4,7,0.43
SBNm,10,6,16,0.62
SBNn,8,9,17,0.47
SBNs,7,4,11,0.64
SBNt,0,1,1,0.0
SBPB,11,9,20,0.55
SBPD,2,0,2,1.0
SBPH,0,1,1,0.0
SBPI,1,1,2,0.5
SBPK,0,1,1,0.0
SBPL,6,4,10,0.6
SBPM,10,9,19,0.53
SBPN,12,14,26,0.46
SBPP,18,15,33,0.55
SBPS,4,5,9,0.44
SBPb,7,6,13,0.54
SBPh,2,0,2,1.0
SBPl,5,3,8,0.62
SBPm,8,6,14,0.57
SBPn,12,4,16,0.75
SBPs,5,5,10,0.5
SBPt,2,3,5,0.4
SBSB,3,4,7,0.43
SBSD,0,1,1,0.0
SBSH,0,2,2,0.0
SBSK,1,1,2,0.5
SBSL,1,1,2,0.5
SBSM,3,8,11,0.27
SBSN,4,4,8,0.5
SBSP,7,7,14,0.5
SBSS,1,4,5,0.2
SBSb,5,2,7,0.71
SBSh,4,1,5,0.8
SBSl,3,1,4,0.75
SBSm,3,5,8,0.38
SBSn,2,3,5,0.4
SBSs,3,6,9,0.33
SBbB,7,11,18,0.39
SBbD,1,2,3,0.33
SBbH,0,3,3,0.0
SBbJ,6,1,7,0.86
SBbK,2,0,2,1.0
SBbL,4,2,6,0.67
SBbM,5,11,16,0.31
SBbN,12,11,23,0.52
SBbP,14,15,29,0.48
SBbS,5,4,9,0.56
SBbb,11,4,15,0.73
SBbl,1,3,4,0.25
SBbm,6,2,8,0.75
SBbn,7,3,10,0.7
SBbs,7,1,8,0.88
SBhN,1,0,1,1.0
SBhP,3,0,3,1.0
SBhS,0,1,1,0.0
SBhb,1,0,1,1.0
SBhl,0,1,1,0.0
SBhm,1,1,2,0.5
SBhn,2,2,4,0.5
SBhs,1,1,2,0.5
SBht,0,2,2,0.0
SBjB,2,5,7,0.29
SBjH,2,1,3,0.67
SBjK,0,1,1,0.0
SBjL,0,1,1,0.0
SBjM,2,1,3,0.67
SBjP,3,4,7,0.43
SBjS,2,1,3,0.67
SBjb,1,2,3,0.33
SBjl,0,1,1,0.0
SBjm,3,2,5,0.6
SBjn,2,3,5,0.4
SBjs,0,0,0,
SBjt,1,0,1,1.0
SBlB,3,2,5,0.6
SBlH,0,1,1,0.0
SBlL,2,0,2,1.0
SBlM,1,3,4,0.25
SBlN,4,6,10,0.4
SBlP,2,4,6,0.33
SBlS,6,3,9,0.67
SBlb,6,5,11,0.55
SBll,0,2,2,0.0
SBlm,2,1,3,0.67
SBln,4,1,5,0.8
SBls,3,2,5,0.6
SBmB,7,4,11,0.64
SBmD,1,2,3,0.33
SBmH,3,2,5,0.6
SBmI,0,1,1,0.0
SBmJ,0,4,4,0.0
SBmL,2,0,2,1.0
SBmM,8,8,16,0.5
SBmN,8,13,21,0.38
SBmP,9,5,14,0.64
SBmS,2,7,9,0.22
SBmb,0,7,7,0.0
SBml,5,0,5,1.0
SBmm,5,2,7,0.71
SBmn,7,2,9,0.78
SBms,2,4,6,0.33
SBnB,9,6,15,0.6
SBnD,2,1,3,0.67
SBnH,4,5,9,0.44
SBnI,2,1,3,0.67
SBnK,0,1,1,0.0
SBnL,1,2,3,0.33
SBnM,10,11,21,0.48
SBnN,10,16,26,0.38
SBnP,15,10,25,0.6
SBnS,2,5,7,0.29
SBnb,10,2,12,0.83
SBnl,2,0,2,1.0
SBnm,5,11,16,0.31
SBnn,8,5,13,0.62
SBns,9,6,15,0.6
SBsB,1,2,3,0.33
SBsD,2,0,2,1.0
SBsH,1,2,3,0.33
SBsL,1,5,6,0.17
SBsM,6,2,8,0.75
SBsN,6,4,10,0.6
SBsP,7,5,12,0.58
SBsS,4,6,10,0.4
SBsb,1,6,7,0.14
SBsl,3,0,3,1.0
SBsm,2,6,8,0.25
SBsn,4,8,12,0.33
SBss,3,8,11,0.27
SBtB,1,0,1,1.0
SBtH,1,0,1,1.0
SBtL,1,0,1,1.0
SBtM,0,2,2,0.0
SBtN,2,1,3,0.67
SBtP,2,5,7,0.29
SBtS,3,0,3,1.0
SBtb,1,1,2,0.5
SBtl,1,0,1,1.0
SBtm,1,0,1,1.0
SBtn,2,0,2,1.0
SBts,1,0,1,1.0
SDBB,2,0,2,1.0
SDBM,1,1,2,0.5
SDBN,1,1,2,0.5
SDBb,1,1,2,0.5
SDBj,0,1,1,0.0
SDBl,1,0,1,1.0
SDBm,1,0,1,1.0
SDDS,2,0,2,1.0
SDHB,0,1,1,0.0
SDHH,0,2,2,0.0
SDHI,1,0,1,1.0
SDHM,2,0,2,1.0
SDHN,0,2,2,0.0
SDHP,0,3,3,0.0
SDHS,1,1,2,0.5
SDHb,0,4,4,0.0
SDHl,0,1,1,0.0
SDHm,3,2,5,0.6
SDHn,0,1,1,0.0
SDHs,2,0,2,1.0
SDHt,0,1,1,0.0
SDIS,1,0,1,1.0
SDIn,0,0,0,
SDLN,0,0,0,
SDLP,0,2,2,0.0
SDLh,1,0,1,1.0
SDLm,1,0,1,1.0
SDLn,0,1,1,0.0
SDLs,1,0,1,1.0
SDMB,4,1,5,0.8
SDMM,0,3,3,0.0
SDMN,1,0,1,1.0
SDMP,2,1,3,0.67
SDMS,0,1,1,0.0
SDMb,2,2,4,0.5
SDMh,1,0,1,1.0
SDMl,1,0,1,1.0
SDMm,1,1,2,0.5
SDMs,0,1,1,0.0
SDNM,2,0,2,1.0
SDNN,0,2,2,0.0
SDNP,0,2,2,0.0
SDNS,1,1,2,0.5
SDNb,2,0,2,1.0
SDNh,0,0,0,
SDNm,1,0,1,1.0
SDNn,0,1,1,0.0
SDNs,0,2,2,0.0
SDNt,0,0,0,
SDPB,0,0,0,
SDPH,0,0,0,
SDPL,0,3,3,0.0
SDPM,1,3,4,0.25
SDPN,3,0,3,1.0
SDPP,4,1,5,0.8
SDPS,0,1,1,0.0
SDPb,0,2,2,0.0
SDPh,1,0,1,1.0
SDPl,1,1,2,0.5
SDPm,0,1,1,0.0
SDPs,0,1,1,0.0
SDSB,1,3,4,0.25
SDSH,1,1,2,0.5
SDSL,0,1,1,0.0
SDSM,2,0,2,1.0
SDSS,2,1,3,0.67
SDSb,1,0,1,1.0
SDSh,2,2,4,0.5
SDSm,1,3,4,0.25
SDSn,1,2,3,0.33
SDSs,2,0,2,1.0
SDSt,1,0,1,1.0
SDbB,0,0,0,
SDbN,0,1,1,0.0
SDbP,1,1,2,0.5
SDbb,1,0,1,1.0
SDbm,0,0,0,
SDbs,1,0,1,1.0
SDlN,0,0,0,
SDlb,1,0,1,1.0
SDmB,1,0,1,1.0
SDmH,1,0,1,1.0
SDmI,1,0,1,1.0
SDmM,0,3,3,0.0
SDmN,1,3,4,0.25
SDmP,2,1,3,0.67
SDmS,1,1,2,0.5
SDmm,0,1,1,0.0
SDmn,3,1,4,0.75
SDnB,1,1,2,0.5
SDnI,1,0,1,1.0
SDnK,0,1,1,0.0
SDnM,0,0,0,
SDnN,2,3,5,0.4
SDnP,3,1,4,0.75
SDnS,0,3,3,0.0
SDnb,1,2,3,0.33
SDnl,0,1,1,0.0
SDnn,1,1,2,0.5
SDns,2,0,2,1.0
SDsB,3,0,3,1.0
SDsH,1,1,2,0.5
SDsK,0,1,1,0.0
SDsM,0,2,2,0.0
SDsN,0,0,0,
SDsP,1,0,1,1.0
SDsS,1,4,5,0.2
SDsb,2,2,4,0.5
SDsh,0,1,1,0.0
SDsl,0,1,1,0.0
SDsm,1,0,1,1.0
SDsn,0,1,1,0.0
SDss,1,0,1,1.0
SDtM,0,0,0,
SDtP,0,1,1,0.0
SDtS,2,1,3,0.67
SDtm,1,0,1,1.0
SHBB,2,1,3,0.67
SHBL,1,0,1,1.0
SHBM,0,2,2,0.0
SHBN,2,1,3,0.67
SHBP,1,5,6,0.17
SHBS,1,2,3,0.33
SHBb,3,1,4,0.75
SHBl,1,3,4,0.25
SHBm,0,1,1,0.0
SHBn,0,2,2,0.0
SHBs,1,3,4,0.25
SHBt,0,1,1,0.0
SHDH,0,0,0,
SHDM,1,0,1,1.0
SHDN,0,0,0,
SHDS,0,1,1,0.0
SHDm,1,1,2,0.5
SHDn,0,1,1,0.0
SHHB,1,1,2,0.5
SHHH,1,0,1,1.0
SHHN,1,2,3,0.33
SHHP,4,1,5,0.8
SHHS,2,2,4,0.5
SHHb,0,3,3,0.0
SHHh,0,0,0,
SHHl,0,2,2,0.0
SHHm,0,2,2,0.0
SHHs,1,2,3,0.33
SHIB,1,1,2,0.5
SHIL,1,0,1,1.0
SHIN,0,3,3,0.0
SHIP,0,0,0,
SHIS,0,1,1,0.0
SHIb,2,1,3,0.67
SHIm,0,1,1,0.0
SHIs,0,0,0,
SHKH,1,0,1,1.0
SHKN,0,1,1,0.0
SHKP,1,0,1,1.0
SHKS,1,0,1,1.0
SHKb,0,1,1,0.0
SHKn,2,0,2,1.0
SHKs,0,0,0,
SHLL,1,0,1,1.0
SHLM,2,1,3,0.67
SHLN,3,0,3,1.0
SHLP,0,1,1,0.0
SHLS,1,0,1,1.0
SHLb,2,1,3,0.67
SHLh,1,1,2,0.5
SHLj,2,0,2,1.0
SHLl,1,1,2,0.5
SHLm,1,0,1,1.0
SHLn,4,1,5,0.8
SHLs,1,0,1,1.0
SHMB,3,4,7,0.43
SHMD,0,0,0,
SHML,2,3,5,0.4
SHMM,2,6,8,0.25
SHMN,2,4,6,0.33
SHMP,4,2,6,0.67
SHMS,1,1,2,0.5
SHMb,4,1,5,0.8
SHMh,2,4,6,0.33
SHMj,0,3,3,0.0
SHMl,0,2,2,0.0
SHMm,3,0,3,1.0
SHMn,5,4,9,0.56
SHMs,2,3,5,0.4
SHMt,0,2,2,0.0
SHNB,0,1,1,0.0
SHND,1,2,3,0.33
SHNM,2,1,3,0.67
SHNN,3,3,6,0.5
SHNP,4,8,12,0.33
SHNS,1,1,2,0.5
SHNb,1,2,3,0.33
SHNh,0,1,1,0.0
SHNl,2,1,3,0.67
SHNm,1,5,6,0.17
SHNn,4,7,11,0.36
SHNs,4,0,4,1.0
SHPB,2,1,3,0.67
SHPD,0,1,1,0.0
SHPH,0,3,3,0.0
SHPL,2,3,5,0.4
SHPM,7,8,15,0.47
SHPN,3,4,7,0.43
SHPP,7,6,13,0.54
SHPS,4,3,7,0.57
SHPb,3,6,9,0.33
SHPh,0,1,1,0.0
SHPl,2,2,4,0.5
SHPm,4,1,5,0.8
SHPn,2,3,5,0.4
SHPs,5,6,11,0.45
SHPt,1,0,1,1.0
SHSB,4,2,6,0.67
SHSD,1,0,1,1.0
SHSH,0,6,6,0.0
SHSK,0,1,1,0.0
SHSL,3,4,7,0.43
SHSM,5,7,12,0.42
SHSN,2,2,4,0.5
SHSP,5,5,10,0.5
SHSS,2,3,5,0.4
SHSb,1,5,6,0.17
SHSh,5,2,7,0.71
SHSl,0,2,2,0.0
SHSm,2,4,6,0.33
SHSn,2,0,2,1.0
SHSs,5,7,12,0.42
SHbB,4,1,5,0.8
SHbD,1,0,1,1.0
SHbH,0,1,1,0.0
SHbI,1,0,1,1.0
SHbJ,1,0,1,1.0
SHbK,0,1,1,0.0
SHbL,0,2,2,0.0
SHbM,3,0,3,1.0
SHbN,3,4,7,0.43
SHbP,6,4,10,0.6
SHbS,3,0,3,1.0
SHbb,4,2,6,0.67
SHbl,0,1,1,0.0
SHbm,2,1,3,0.67
SHbn,5,2,7,0.71
SHbs,0,3,3,0.0
SHhB,1,1,2,0.5
SHhD,0,1,1,0.0
SHhH,0,1,1,0.0
SHhL,0,1,1,0.0
SHhM,1,0,1,1.0
SHhN,2,1,3,0.67
SHhP,2,3,5,0.4
SHhS,1,3,4,0.25
SHhb,2,2,4,0.5
SHhh,1,2,3,0.33
SHhl,2,0,2,1.0
SHhm,2,1,3,0.67
SHhn,0,3,3,0.0
SHhs,3,0,3,1.0
SHht,0,1,1,0.0
SHlB,1,0,1,1.0
SHlI,1,0,1,1.0
SHlJ,0,1,1,0.0
SHlL,0,1,1,0.0
SHlM,1,3,4,0.25
SHlN,2,2,4,0.5
SHlP,1,2,3,0.33
SHlS,3,2,5,0.6
SHlb,1,0,1,1.0
SHll,2,0,2,1.0
SHlm,2,1,3,0.67
SHln,2,1,3,0.67
SHls,2,1,3,0.67
SHmB,2,2,4,0.5
SHmD,0,1,1,0.0
SHmH,1,2,3,0.33
SHmJ,2,0,2,1.0
SHmL,2,3,5,0.4
SHmM,3,4,7,0.43
SHmN,8,4,12,0.67
SHmP,7,3,10,0.7
SHmS,0,2,2,0.0
SHmb,5,4,9,0.56
SHml,2,0,2,1.0
SHmm,3,3,6,0.5
SHmn,3,0,3,1.0
SHms,2,2,4,0.5
SHnB,2,4,6,0.33
SHnD,0,1,1,0.0
SHnH,1,0,1,1.0
SHnL,1,1,2,0.5
SHnM,2,2,4,0.5
SHnN,6,4,10,0.6
SHnP,9,3,12,0.75
SHnS,3,5,8,0.38
SHnb,5,1,6,0.83
SHnh,1,1,2,0.5
SHnl,0,3,3,0.0
SHnm,5,5,10,0.5
SHnn,5,2,7,0.71
SHns,4,6,10,0.4
SHsB,3,2,5,0.6
SHsD,2,0,2,1.0
SHsH,1,3,4,0.25
SHsK,1,2,3,0.33
SHsL,2,1,3,0.67
SHsM,2,5,7,0.29
SHsN,3,6,9,0.33
SHsP,5,7,12,0.42
SHsS,6,6,12,0.5
SHsb,4,2,6,0.67
SHsh,1,2,3,0.33
SHsl,3,0,3,1.0
SHsm,1,1,2,0.5
SHsn,0,2,2,0.0
SHss,7,4,11,0.64
SHtM,0,1,1,0.0
SHtb,1,1,2,0.5
SHtn,0,1,1,0.0
SHts,1,0,1,1.0
SIBM,1,0,1,1.0
SIBP,1,1,2,0.5
SIBb,0,1,1,0.0
SIBn,0,0,0,
SIBs,1,0,1,1.0
SIHN,1,0,1,1.0
SIHS,0,0,0,
SIHb,1,0,1,1.0
SIHm,2,0,2,1.0
SILP,1,0,1,1.0
SILm,1,0,1,1.0
SIMB,0,1,1,0.0
SIMS,1,0,1,1.0
SIMm,1,0,1,1.0
SINB,0,1,1,0.0
SINN,1,0,1,1.0
SIPM,0,1,1,0.0
SIPS,1,0,1,1.0
SIPb,1,0,1,1.0
SIPl,1,0,1,1.0
SIPs,0,1,1,0.0
SISM,1,1,2,0.5
SISS,0,1,1,0.0
SISh,0,1,1,0.0
SISn,1,0,1,1.0
SISs,0,1,1,0.0
SIbP,1,0,1,1.0
SIbn,1,0,1,1.0
SIlI,0,1,1,0.0
SIll,1,0,1,1.0
SImD,1,0,1,1.0
SImH,0,1,1,0.0
SImM,0,0,0,
SImh,0,1,1,0.0
SIms,0,0,0,
SInM,1,0,1,1.0
SIsP,1,0,1,1.0
SIsS,1,0,1,1.0
SIsn,0,1,1,0.0
SKBM,0,1,1,0.0
SKBN,1,1,2,0.5
SKBP,0,1,1,0.0
SKBn,0,1,1,0.0
SKDP,1,0,1,1.0
SKHL,1,0,1,1.0
SKHP,1,0,1,1.0
SKIn,0,1,1,0.0
SKKB,1,0,1,1.0
SKLP,0,1,1,0.0
SKLm,1,0,1,1.0
SKMN,1,0,1,1.0
SKMP,1,0,1,1.0
SKMb,0,0,0,
SKMh,0,1,1,0.0
SKMm,1,0,1,1.0
SKMn,0,0,0,
SKNP,0,0,0,
SKNl,0,1,1,0.0
SKNm,1,0,1,1.0
SKNn,0,2,2,0.0
SKPB,1,1,2,0.5
SKPH,1,0,1,1.0
SKPM,0,1,1,0.0
SKPb,0,1,1,0.0
SKPl,0,1,1,0.0
SKPn,0,1,1,0.0
SKSS,1,0,1,1.0
SKSm,0,0,0,
SKSs,0,1,1,0.0
SKbB,0,1,1,0.0
SKbM,0,1,1,0.0
SKbN,0,0,0,
SKbP,1,1,2,0.5
SKbl,1,0,1,1.0
SKhM,0,1,1,0.0
SKhN,1,0,1,1.0
SKhP,0,1,1,0.0
SKhb,1,0,1,1.0
SKhh,1,1,2,0.5
SKlH,1,0,1,1.0
SKlL,1,0,1,1.0
SKlN,0,0,0,
SKlb,1,0,1,1.0
SKlm,0,1,1,0.0
SKmH,0,0,0,
SKmM,0,1,1,0.0
SKmN,0,2,2,0.0
SKmb,1,0,1,1.0
SKnB,1,0,1,1.0
SKnP,0,0,0,
SKnS,1,0,1,1.0
SKnb,1,0,1,1.0
SKns,2,0,2,1.0
SKsM,1,1,2,0.5
SKsN,1,0,1,1.0
SKsP,1,1,2,0.5
SKsl,1,0,1,1.0
SKsn,1,0,1,1.0
SKss,1,0,1,1.0
SLBB,3,8,11,0.27
SLBL,1,2,3,0.33
SLBM,2,5,7,0.29
SLBN,3,3,6,0.5
SLBP,3,14,17,0.18
SLBS,2,3,5,0.4
SLBb,6,2,8,0.75
SLBj,0,4,4,0.0
SLBl,1,1,2,0.5
SLBm,3,4,7,0.43
SLBn,5,3,8,0.62
SLBs,4,1,5,0.8
SLBt,1,0,1,1.0
SLDB,1,0,1,1.0
SLDH,0,1,1,0.0
SLDL,1,0,1,1.0
SLDP,1,0,1,1.0
SLDb,1,0,1,1.0
SLDs,0,0,0,
SLHP,0,1,1,0.0
SLHm,0,1,1,0.0
SLKB,0,1,1,0.0
SLKb,0,1,1,0.0
SLKn,1,0,1,1.0
SLLB,5,1,6,0.83
SLLH,1,0,1,1.0
SLLL,2,0,2,1.0
SLLM,1,1,2,0.5
SLLN,1,0,1,1.0
SLLP,3,3,6,0.5
SLLS,1,2,3,0.33
SLLb,3,1,4,0.75
SLLj,0,1,1,0.0
SLLl,0,2,2,0.0
SLLm,2,1,3,0.67
SLLn,2,2,4,0.5
SLLs,0,0,0,
SLMB,3,4,7,0.43
SLML,1,0,1,1.0
SLMM,1,5,6,0.17
SLMN,3,6,9,0.33
SLMP,6,5,11,0.55
SLMS,2,1,3,0.67
SLMb,3,5,8,0.38
SLMh,2,2,4,0.5
SLMj,0,1,1,0.0
SLMl,3,0,3,1.0
SLMm,2,3,5,0.4
SLMn,4,3,7,0.57
SLMs,3,3,6,0.5
SLMt,0,1,1,0.0
SLNB,6,5,11,0.55
SLND,1,0,1,1.0
SLNH,0,0,0,
SLNL,0,2,2,0.0
SLNM,3,3,6,0.5
SLNN,4,7,11,0.36
SLNP,5,6,11,0.45
SLNS,4,1,5,0.8
SLNb,4,2,6,0.67
SLNh,0,1,1,0.0
SLNl,2,2,4,0.5
SLNm,4,2,6,0.67
SLNn,3,4,7,0.43
SLNs,4,6,10,0.4
SLNt,0,2,2,0.0
SLPB,5,5,10,0.5
SLPD,0,1,1,0.0
SLPH,3,2,5,0.6
SLPL,3,2,5,0.6
SLPM,10,3,13,0.77
SLPN,6,2,8,0.75
SLPP,6,6,12,0.5
SLPS,3,5,8,0.38
SLPb,6,4,10,0.6
SLPh,1,0,1,1.0
SLPl,6,1,7,0.86
SLPm,7,3,10,0.7
SLPn,7,4,11,0.64
SLPs,6,1,7,0.86
SLSB,0,1,1,0.0
SLSH,0,1,1,0.0
SLSL,0,1,1,0.0
SLSM,0,2,2,0.0
SLSN,3,1,4,0.75
SLSP,2,1,3,0.67
SLSS,3,6,9,0.33
SLSb,1,2,3,0.33
SLSh,1,3,4,0.25
SLSl,1,1,2,0.5
SLSm,5,3,8,0.62
SLSn,3,1,4,0.75
SLSs,2,3,5,0.4
SLbB,4,4,8,0.5
SLbD,0,1,1,0.0
SLbH,2,1,3,0.67
SLbJ,1,1,2,0.5
SLbK,0,1,1,0.0
SLbL,1,0,1,1.0
SLbM,2,4,6,0.33
SLbN,4,2,6,0.67
SLbP,8,5,13,0.62
SLbS,5,4,9,0.56
SLbb,3,3,6,0.5
SLbl,2,3,5,0.4
SLbm,2,3,5,0.4
SLbn,1,6,7,0.14
SLbs,1,5,6,0.17
SLhB,1,1,2,0.5
SLhH,0,0,0,
SLhL,0,1,1,0.0
SLhM,1,1,2,0.5
SLhN,1,1,2,0.5
SLhP,3,1,4,0.75
SLhS,0,2,2,0.0
SLhb,4,1,5,0.8
SLhh,2,2,4,0.5
SLhm,2,3,5,0.4
SLhn,0,1,1,0.0
SLhs,0,0,0,
SLjB,0,1,1,0.0
SLjL,3,1,4,0.75
SLjM,3,1,4,0.75
SLjN,0,1,1,0.0
SLjP,3,2,5,0.6
SLjS,5,0,5,1.0
SLjb,0,2,2,0.0
SLjl,3,3,6,0.5
SLjm,1,0,1,1.0
SLjn,1,0,1,1.0
SLjs,1,1,2,0.5
SLjt,0,1,1,0.0
SLlB,2,1,3,0.67
SLlD,1,1,2,0.5
SLlH,2,0,2,1.0
SLlI,1,0,1,1.0
SLlJ,1,0,1,1.0
SLlL,1,0,1,1.0
SLlM,0,0,0,
SLlN,7,2,9,0.78
SLlP,6,1,7,0.86
SLlS,3,6,9,0.33
SLlb,1,0,1,1.0
SLll,0,1,1,0.0
SLlm,2,1,3,0.67
SLln,2,2,4,0.5
SLls,1,1,2,0.5
SLmB,2,3,5,0.4
SLmH,2,3,5,0.4
SLmJ,3,0,3,1.0
SLmL,2,1,3,0.67
SLmM,2,7,9,0.22
SLmN,3,1,4,0.75
SLmP,4,2,6,0.67
SLmS,2,2,4,0.5
SLmb,2,4,6,0.33
SLml,0,1,1,0.0
SLmm,2,2,4,0.5
SLmn,6,2,8,0.75
SLms,1,1,2,0.5
SLnB,5,6,11,0.45
SLnH,2,3,5,0.4
SLnL,1,3,4,0.25
SLnM,2,4,6,0.33
SLnN,4,7,11,0.36
SLnP,8,5,13,0.62
SLnS,4,2,6,0.67
SLnb,1,4,5,0.2
SLnh,1,0,1,1.0
SLnl,5,1,6,0.83
SLnm,8,3,11,0.73
SLnn,5,5,10,0.5
SLns,4,6,10,0.4
SLsB,2,3,5,0.4
SLsD,1,0,1,1.0
SLsH,6,4,10,0.6
SLsI,0,3,3,0.0
SLsL,1,3,4,0.25
SLsM,3,2,5,0.6
SLsN,4,3,7,0.57
SLsP,2,5,7,0.29
SLsS,0,4,4,0.0
SLsb,2,3,5,0.4
SLsh,0,0,0,
SLsl,0,1,1,0.0
SLsm,3,0,3,1.0
SLsn,2,5,7,0.29
SLss,3,2,5,0.6
SLtB,1,0,1,1.0
SLtD,0,1,1,0.0
SLtH,0,1,1,0.0
SLtK,2,0,2,1.0
SLtM,1,0,1,1.0
SLtN,0,1,1,0.0
SLtP,1,1,2,0.5
SLtS,0,1,1,0.0
SLtb,1,1,2,0.5
SLtm,1,0,1,1.0
SLtn,1,1,2,0.5
SLtt,0,1,1,0.0
SM,1,0,1,1.0
SMBB,7,12,19,0.37
SMBD,1,0,1,1.0
SMBK,0,2,2,0.0
SMBL,6,5,11,0.55
SMBM,5,7,12,0.42
SMBN,10,11,21,0.48
SMBP,14,9,23,0.61
SMBS,7,4,11,0.64
SMBb,12,11,23,0.52
SMBh,2,0,2,1.0
SMBj,3,3,6,0.5
SMBl,3,3,6,0.5
SMBm,4,8,12,0.33
SMBn,11,4,15,0.73
SMBs,1,0,1,1.0
SMBt,0,1,1,0.0
SMDB,0,1,1,0.0
SMDM,0,1,1,0.0
SMDN,0,1,1,0.0
SMDP,1,2,3,0.33
SMDS,0,1,1,0.0
SMDm,4,1,5,0.8
SMDs,3,0,3,1.0
SMHn,0,1,1,0.0
SMIM,1,1,2,0.5
SMIN,1,0,1,1.0
SMKM,0,1,1,0.0
SMKb,1,0,1,1.0
SMKs,1,0,1,1.0
SMLB,0,4,4,0.0
SMLK,2,1,3,0.67
SMLM,0,4,4,0.0
SMLN,4,4,8,0.5
SMLP,6,6,12,0.5
SMLS,5,1,6,0.83
SMLb,5,3,8,0.62
SMLh,1,0,1,1.0
SMLj,1,0,1,1.0
SMLl,0,2,2,0.0
SMLm,2,0,2,1.0
SMLn,4,2,6,0.67
SMLs,4,2,6,0.67
SMLt,0,1,1,0.0
SMMB,7,8,15,0.47
SMMD,0,1,1,0.0
SMML,1,2,3,0.33
SMMM,6,7,13,0.46
SMMN,7,8,15,0.47
SMMP,10,7,17,0.59
SMMS,4,7,11,0.36
SMMb,18,10,28,0.64
SMMh,5,3,8,0.62
SMMj,3,2,5,0.6
SMMl,3,2,5,0.6
SMMm,10,1,11,0.91
SMMn,14,5,19,0.74
SMMs,4,1,5,0.8
SMNB,5,4,9,0.56
SMND,0,1,1,0.0
SMNH,2,0,2,1.0
SMNL,4,1,5,0.8
SMNM,7,1,8,0.88
SMNN,7,4,11,0.64
SMNP,16,15,31,0.52
SMNS,2,2,4,0.5
SMNb,9,2,11,0.82
SMNh,1,6,7,0.14
SMNl,4,6,10,0.4
SMNm,9,5,14,0.64
SMNn,10,8,18,0.56
SMNs,8,8,16,0.5
SMNt,1,2,3,0.33
SMPB,8,9,17,0.47
SMPD,3,0,3,1.0
SMPH,1,0,1,1.0
SMPI,0,3,3,0.0
SMPK,2,0,2,1.0
SMPL,5,3,8,0.62
SMPM,1,9,10,0.1
SMPN,11,16,27,0.41
SMPP,18,23,41,0.44
SMPS,12,6,18,0.67
SMPb,7,9,16,0.44
SMPh,0,1,1,0.0
SMPl,4,6,10,0.4
SMPm,5,9,14,0.36
SMPn,17,12,29,0.59
SMPs,7,10,17,0.41
SMPt,2,1,3,0.67
SMSB,5,3,8,0.62
SMSD,1,0,1,1.0
SMSH,2,4,6,0.33
SMSL,2,3,5,0.4
SMSM,2,4,6,0.33
SMSN,3,5,8,0.38
SMSP,7,7,14,0.5
SMSS,8,17,25,0.32
SMSb,3,3,6,0.5
SMSh,2,5,7,0.29
SMSl,2,3,5,0.4
SMSm,6,6,12,0.5
SMSn,10,2,12,0.83
SMSs,5,10,15,0.33
SMSt,0,0,0,
SMbB,6,6,12,0.5
SMbD,0,1,1,0.0
SMbH,0,3,3,0.0
SMbI,2,1,3,0.67
SMbJ,3,2,5,0.6
SMbK,0,2,2,0.0
SMbL,4,3,7,0.57
SMbM,9,10,19,0.47
SMbN,9,15,24,0.38
SMbP,10,17,27,0.37
SMbS,4,8,12,0.33
SMbb,9,7,16,0.56
SMbl,5,3,8,0.62
SMbm,8,11,19,0.42
SMbn,13,15,28,0.46
SMbs,7,5,12,0.58
SMh,0,1,1,0.0
SMhB,6,2,8,0.75
SMhH,1,0,1,1.0
SMhL,5,3,8,0.62
SMhM,7,2,9,0.78
SMhN,3,5,8,0.38
SMhP,11,10,21,0.52
SMhS,7,4,11,0.64
SMhb,4,4,8,0.5
SMhh,5,4,9,0.56
SMhl,2,5,7,0.29
SMhm,6,5,11,0.55
SMhn,10,7,17,0.59
SMhs,1,7,8,0.12
SMht,0,1,1,0.0
SMjB,2,1,3,0.67
SMjH,1,1,2,0.5
SMjL,0,4,4,0.0
SMjM,2,3,5,0.4
SMjN,1,1,2,0.5
SMjP,2,2,4,0.5
SMjS,0,1,1,0.0
SMjb,2,1,3,0.67
SMjh,0,0,0,
SMjl,2,3,5,0.4
SMjm,6,1,7,0.86
SMjn,0,3,3,0.0
SMjs,1,1,2,0.5
SMlB,4,1,5,0.8
SMlH,3,3,6,0.5
SMlI,1,0,1,1.0
SMlJ,0,2,2,0.0
SMlL,0,0,0,
SMlM,3,4,7,0.43
SMlN,9,4,13,0.69
SMlP,4,2,6,0.67
SMlS,2,1,3,0.67
SMlb,2,2,4,0.5
SMll,1,2,3,0.33
SMlm,4,4,8,0.5
SMln,4,2,6,0.67
SMls,3,2,5,0.6
SMmB,7,2,9,0.78
SMmD,2,0,2,1.0
SMmH,6,4,10,0.6
SMmI,2,0,2,1.0
SMmJ,3,3,6,0.5
SMmK,0,1,1,0.0
SMmL,4,3,7,0.57
SMmM,9,11,20,0.45
SMmN,11,13,24,0.46
SMmP,11,9,20,0.55
SMmS,4,6,10,0.4
SMmb,8,2,10,0.8
SMml,1,2,3,0.33
SMmm,2,3,5,0.4
SMmn,4,7,11,0.36
SMms,10,2,12,0.83
SMnB,10,9,19,0.53
SMnD,2,2,4,0.5
SMnH,5,6,11,0.45
SMnI,2,3,5,0.4
SMnK,2,1,3,0.67
SMnL,2,5,7,0.29
SMnM,1,12,13,0.08
SMnN,20,15,35,0.57
SMnP,12,17,29,0.41
SMnS,8,12,20,0.4
SMnb,7,12,19,0.37
SMnl,5,1,6,0.83
SMnm,7,8,15,0.47
SMnn,9,15,24,0.38
SMns,4,8,12,0.33
SMsB,4,5,9,0.44
SMsD,2,0,2,1.0
SMsH,5,6,11,0.45
SMsL,1,3,4,0.25
SMsM,8,5,13,0.62
SMsN,7,9,16,0.44
SMsP,9,14,23,0.39
SMsS,6,14,20,0.3
SMsb,9,9,18,0.5
SMsh,1,0,1,1.0
SMsl,5,1,6,0.83
SMsm,2,3,5,0.4
SMsn,6,3,9,0.67
SMss,7,9,16,0.44
SMst,1,0,1,1.0
SMtB,1,0,1,1.0
SMtL,1,0,1,1.0
SMtM,1,0,1,1.0
SMtN,2,1,3,0.67
SMtP,2,2,4,0.5
SMtS,1,5,6,0.17
SMtb,1,2,3,0.33
SMtm,1,0,1,1.0
SMtn,0,2,2,0.0
SMtt,0,2,2,0.0
SNBB,6,4,10,0.6
SNBD,0,0,0,
SNBK,1,0,1,1.0
SNBL,2,4,6,0.33
SNBM,6,6,12,0.5
SNBN,4,6,10,0.4
SNBP,9,7,16,0.56
SNBS,2,3,5,0.4
SNBb,10,2,12,0.83
SNBj,5,2,7,0.71
SNBl,5,2,7,0.71
SNBm,9,4,13,0.69
SNBn,4,10,14,0.29
SNBs,1,4,5,0.2
SNBt,1,0,1,1.0
SNDH,0,0,0,
SNDI,0,0,0,
SNDM,1,0,1,1.0
SNDN,2,0,2,1.0
SNDP,0,0,0,
SNDb,0,1,1,0.0
SNDl,1,2,3,0.33
SNDm,3,0,3,1.0
SNDs,0,2,2,0.0
SNHB,0,0,0,
SNHI,1,1,2,0.5
SNHL,2,0,2,1.0
SNHM,2,2,4,0.5
SNHN,4,0,4,1.0
SNHP,1,5,6,0.17
SNHS,0,3,3,0.0
SNHb,1,0,1,1.0
SNHh,0,1,1,0.0
SNHl,0,0,0,
SNHm,3,1,4,0.75
SNHn,2,1,3,0.67
SNHs,2,1,3,0.67
SNIH,0,1,1,0.0
SNIP,0,1,1,0.0
SNKB,0,0,0,
SNKH,0,1,1,0.0
SNKL,1,1,2,0.5
SNKM,1,1,2,0.5
SNKP,3,4,7,0.43
SNKS,1,0,1,1.0
SNKl,2,3,5,0.4
SNKm,1,1,2,0.5
SNKn,0,2,2,0.0
SNKs,1,1,2,0.5
SNLB,2,2,4,0.5
SNLL,1,2,3,0.33
SNLM,3,3,6,0.5
SNLN,2,1,3,0.67
SNLP,2,5,7,0.29
SNLS,4,1,5,0.8
SNLb,3,4,7,0.43
SNLh,0,1,1,0.0
SNLj,1,2,3,0.33
SNLl,3,3,6,0.5
SNLm,0,2,2,0.0
SNLn,6,6,12,0.5
SNLs,1,1,2,0.5
SNLt,1,0,1,1.0
SNMB,5,7,12,0.42
SNMD,1,0,1,1.0
SNML,0,3,3,0.0
SNMM,7,6,13,0.54
SNMN,6,11,17,0.35
SNMP,7,5,12,0.58
SNMS,7,5,12,0.58
SNMb,5,10,15,0.33
SNMh,2,2,4,0.5
SNMj,0,3,3,0.0
SNMl,3,2,5,0.6
SNMm,11,9,20,0.55
SNMn,12,10,22,0.55
SNMs,3,6,9,0.33
SNNB,3,8,11,0.27
SNND,0,0,0,
SNNH,0,1,1,0.0
SNNL,2,3,5,0.4
SNNM,7,7,14,0.5
SNNN,17,14,31,0.55
SNNP,14,23,37,0.38
SNNS,5,6,11,0.45
SNNb,14,8,22,0.64
SNNh,6,6,12,0.5
SNNl,4,4,8,0.5
SNNm,6,3,9,0.67
SNNn,18,21,39,0.46
SNNs,11,6,17,0.65
SNNt,6,2,8,0.75
SNPB,8,13,21,0.38
SNPD,1,1,2,0.5
SNPH,5,2,7,0.71
SNPI,1,0,1,1.0
SNPK,2,2,4,0.5
SNPL,4,3,7,0.57
SNPM,9,12,21,0.43
SNPN,16,10,26,0.62
SNPP,24,25,49,0.49
SNPS,15,14,29,0.52
SNPb,10,12,22,0.45
SNPh,1,0,1,1.0
SNPl,2,2,4,0.5
SNPm,11,16,27,0.41
SNPn,14,18,32,0.44
SNPs,12,13,25,0.48
SNPt,1,4,5,0.2
SNSB,9,5,14,0.64
SNSD,1,1,2,0.5
SNSH,4,1,5,0.8
SNSK,1,0,1,1.0
SNSL,3,4,7,0.43
SNSM,7,6,13,0.54
SNSN,8,3,11,0.73
SNSP,10,13,23,0.43
SNSS,6,14,20,0.3
SNSb,8,7,15,0.53
SNSh,2,2,4,0.5
SNSl,6,3,9,0.67
SNSm,7,5,12,0.58
SNSn,2,11,13,0.15
SNSs,11,10,21,0.52
SNSt,1,1,2,0.5
SNbB,7,7,14,0.5
SNbH,1,4,5,0.2
SNbI,1,1,2,0.5
SNbJ,1,2,3,0.33
SNbK,0,2,2,0.0
SNbL,0,4,4,0.0
SNbM,10,10,20,0.5
SNbN,7,9,16,0.44
SNbP,8,11,19,0.42
SNbS,5,3,8,0.62
SNbb,10,6,16,0.62
SNbl,3,6,9,0.33
SNbm,5,5,10,0.5
SNbn,7,4,11,0.64
SNbs,3,4,7,0.43
SNhB,3,4,7,0.43
SNhH,0,1,1,0.0
SNhL,0,1,1,0.0
SNhM,2,2,4,0.5
SNhN,5,2,7,0.71
SNhP,3,2,5,0.6
SNhS,3,4,7,0.43
SNhb,3,2,5,0.6
SNhh,0,2,2,0.0
SNhl,2,1,3,0.67
SNhm,0,1,1,0.0
SNhn,4,6,10,0.4
SNhs,3,0,3,1.0
SNht,1,0,1,1.0
SNlB,2,4,6,0.33
SNlH,3,1,4,0.75
SNlI,1,0,1,1.0
SNlJ,2,3,5,0.4
SNlK,1,0,1,1.0
SNlL,1,0,1,1.0
SNlM,2,5,7,0.29
SNlN,8,3,11,0.73
SNlP,6,5,11,0.55
SNlS,4,6,10,0.4
SNlb,3,2,5,0.6
SNll,1,0,1,1.0
SNlm,2,2,4,0.5
SNln,3,3,6,0.5
SNls,4,2,6,0.67
SNmB,3,6,9,0.33
SNmD,1,0,1,1.0
SNmH,9,6,15,0.6
SNmI,0,1,1,0.0
SNmJ,2,3,5,0.4
SNmL,2,4,6,0.33
SNmM,3,9,12,0.25
SNmN,8,13,21,0.38
SNmP,7,5,12,0.58
SNmS,12,5,17,0.71
SNmb,5,4,9,0.56
SNml,5,2,7,0.71
SNmm,8,5,13,0.62
SNmn,11,7,18,0.61
SNms,6,4,10,0.6
SNnB,11,6,17,0.65
SNnD,1,2,3,0.33
SNnH,8,6,14,0.57
SNnI,1,0,1,1.0
SNnK,1,1,2,0.5
SNnL,3,3,6,0.5
SNnM,8,10,18,0.44
SNnN,16,19,35,0.46
SNnP,18,19,37,0.49
SNnS,15,9,24,0.62
SNnb,7,12,19,0.37
SNnh,2,1,3,0.67
SNnl,9,5,14,0.64
SNnm,14,6,20,0.7
SNnn,10,14,24,0.42
SNns,8,9,17,0.47
SNsB,4,4,8,0.5
SNsD,0,1,1,0.0
SNsH,6,5,11,0.55
SNsI,0,0,0,
SNsK,0,1,1,0.0
SNsL,4,0,4,1.0
SNsM,7,5,12,0.58
SNsN,9,12,21,0.43
SNsP,10,9,19,0.53
SNsS,8,5,13,0.62
SNsb,4,6,10,0.4
SNsl,4,2,6,0.67
SNsm,6,8,14,0.43
SNsn,10,5,15,0.67
SNss,5,6,11,0.45
SNtB,0,1,1,0.0
SNtD,1,0,1,1.0
SNtH,1,0,1,1.0
SNtL,1,1,2,0.5
SNtM,0,1,1,0.0
SNtN,4,2,6,0.67
SNtP,4,4,8,0.5
SNtS,1,2,3,0.33
SNtb,0,1,1,0.0
SNtl,1,0,1,1.0
SNtm,0,1,1,0.0
SNtn,3,1,4,0.75
SNts,0,0,0,
SPBB,17,11,28,0.61
SPBD,3,3,6,0.5
SPBK,0,1,1,0.0
SPBL,5,3,8,0.62
SPBM,6,11,17,0.35
SPBN,6,10,16,0.38
SPBP,13,13,26,0.5
SPBS,7,6,13,0.54
SPBb,14,14,28,0.5
SPBh,0,1,1,0.0
SPBj,0,3,3,0.0
SPBl,6,3,9,0.67
SPBm,12,9,21,0.57
SPBn,12,12,24,0.5
SPBs,5,5,10,0.5
SPBt,2,3,5,0.4
SPDB,0,1,1,0.0
SPDH,2,2,4,0.5
SPDL,0,2,2,0.0
SPDM,1,1,2,0.5
SPDN,0,1,1,0.0
SPDP,1,1,2,0.5
SPDS,2,2,4,0.5
SPDb,0,1,1,0.0
SPDl,0,1,1,0.0
SPDm,4,1,5,0.8
SPDn,0,1,1,0.0
SPDs,1,1,2,0.5
SPHB,1,2,3,0.33
SPHD,1,0,1,1.0
SPHH,0,0,0,
SPHI,0,1,1,0.0
SPHL,1,2,3,0.33
SPHM,4,5,9,0.44
SPHN,5,4,9,0.56
SPHP,6,8,14,0.43
SPHS,9,5,14,0.64
SPHb,0,1,1,0.0
SPHh,1,0,1,1.0
SPHl,1,0,1,1.0
SPHm,5,3,8,0.62
SPHn,1,3,4,0.25
SPHs,6,5,11,0.55
SPIB,0,0,0,
SPIH,1,0,1,1.0
SPIM,1,0,1,1.0
SPIN,2,0,2,1.0
SPIP,3,1,4,0.75
SPIS,1,0,1,1.0
SPIb,1,1,2,0.5
SPIl,2,1,3,0.67
SPIm,2,0,2,1.0
SPIs,1,1,2,0.5
SPKB,2,2,4,0.5
SPKD,0,1,1,0.0
SPKL,2,1,3,0.67
SPKM,2,2,4,0.5
SPKN,0,1,1,0.0
SPKP,1,2,3,0.33
SPKS,1,2,3,0.33
SPKb,2,2,4,0.5
SPKh,0,2,2,0.0
SPKl,0,3,3,0.0
SPKm,0,4,4,0.0
SPKn,2,0,2,1.0
SPKs,0,2,2,0.0
SPLB,3,4,7,0.43
SPLL,3,0,3,1.0
SPLM,2,8,10,0.2
SPLN,2,3,5,0.4
SPLP,4,12,16,0.25
SPLS,5,5,10,0.5
SPLb,7,9,16,0.44
SPLh,3,1,4,0.75
SPLj,2,3,5,0.4
SPLl,4,1,5,0.8
SPLm,3,6,9,0.33
SPLn,7,6,13,0.54
SPLs,4,4,8,0.5
SPLt,0,1,1,0.0
SPMB,20,13,33,0.61
SPMD,1,0,1,1.0
SPML,1,1,2,0.5
SPMM,11,15,26,0.42
SPMN,5,10,15,0.33
SPMP,17,19,36,0.47
SPMS,8,7,15,0.53
SPMb,12,11,23,0.52
SPMh,15,8,23,0.65
SPMj,1,2,3,0.33
SPMl,11,4,15,0.73
SPMm,17,6,23,0.74
SPMn,13,19,32,0.41
SPMs,9,7,16,0.56
SPMt,2,2,4,0.5
SPNB,11,14,25,0.44
SPNH,1,0,1,1.0
SPNK,2,2,4,0.5
SPNL,5,8,13,0.38
SPNM,12,16,28,0.43
SPNN,11,14,25,0.44
SPNP,30,18,48,0.62
SPNS,16,15,31,0.52
SPNb,10,20,30,0.33
SPNh,2,6,8,0.25
SPNl,8,6,14,0.57
SPNm,9,8,17,0.53
SPNn,20,20,40,0.5
SPNs,15,11,26,0.58
SPNt,0,1,1,0.0
SPPB,25,22,47,0.53
SPPD,2,1,3,0.67
SPPH,8,1,9,0.89
SPPI,1,0,1,1.0
SPPK,1,1,2,0.5
SPPL,12,15,27,0.44
SPPM,15,21,36,0.42
SPPN,22,22,44,0.5
SPPP,40,38,78,0.51
SPPS,18,22,40,0.45
SPPb,22,13,35,0.63
SPPh,2,7,9,0.22
SPPl,8,10,18,0.44
SPPm,17,15,32,0.53
SPPn,23,17,40,0.57
SPPs,22,23,45,0.49
SPPt,3,5,8,0.38
SPSB,9,18,27,0.33
SPSD,1,0,1,1.0
SPSH,1,4,5,0.2
SPSI,1,1,2,0.5
SPSK,0,1,1,0.0
SPSL,2,4,6,0.33
SPSM,11,11,22,0.5
SPSN,8,9,17,0.47
SPSP,22,10,32,0.69
SPSS,12,11,23,0.52
SPSb,12,13,25,0.48
SPSh,13,7,20,0.65
SPSl,4,5,9,0.44
SPSm,9,6,15,0.6
SPSn,16,13,29,0.55
SPSs,15,14,29,0.52
SPSt,3,1,4,0.75
SPbB,14,15,29,0.48
SPbD,1,0,1,1.0
SPbH,2,4,6,0.33
SPbI,1,0,1,1.0
SPbJ,5,1,6,0.83
SPbK,1,1,2,0.5
SPbL,2,5,7,0.29
SPbM,10,11,21,0.48
SPbN,12,12,24,0.5
SPbP,15,16,31,0.48
SPbS,6,8,14,0.43
SPbb,16,12,28,0.57
SPbl,10,4,14,0.71
SPbm,10,1,11,0.91
SPbn,8,14,22,0.36
SPbs,10,7,17,0.59
SPhB,1,1,2,0.5
SPhI,0,0,0,
SPhM,0,2,2,0.0
SPhP,0,2,2,0.0
SPhb,1,1,2,0.5
SPhh,0,1,1,0.0
SPhl,1,0,1,1.0
SPhm,1,2,3,0.33
SPhn,0,3,3,0.0
SPhs,1,1,2,0.5
SPht,1,0,1,1.0
SPlB,5,6,11,0.45
SPlH,2,6,8,0.25
SPlI,1,0,1,1.0
SPlJ,1,1,2,0.5
SPlL,3,2,5,0.6
SPlM,4,8,12,0.33
SPlN,6,6,12,0.5
SPlP,9,9,18,0.5
SPlS,9,5,14,0.64
SPlb,9,8,17,0.53
SPll,0,2,2,0.0
SPlm,3,4,7,0.43
SPln,3,5,8,0.38
SPls,3,3,6,0.5
SPmB,13,8,21,0.62
SPmD,0,2,2,0.0
SPmH,11,11,22,0.5
SPmI,1,0,1,1.0
SPmJ,4,3,7,0.57
SPmL,7,4,11,0.64
SPmM,7,12,19,0.37
SPmN,8,11,19,0.42
SPmP,11,14,25,0.44
SPmS,7,10,17,0.41
SPmb,11,15,26,0.42
SPml,6,2,8,0.75
SPmm,4,5,9,0.44
SPmn,11,2,13,0.85
SPms,2,6,8,0.25
SPnB,6,9,15,0.4
SPnD,0,2,2,0.0
SPnH,4,3,7,0.57
SPnI,2,2,4,0.5
SPnK,2,3,5,0.4
SPnL,3,6,9,0.33
SPnM,14,9,23,0.61
SPnN,15,17,32,0.47
SPnP,27,15,42,0.64
SPnS,16,9,25,0.64
SPnb,10,12,22,0.45
SPnh,0,0,0,
SPnl,9,4,13,0.69
SPnm,7,13,20,0.35
SPnn,19,5,24,0.79
SPns,4,15,19,0.21
SPsB,7,11,18,0.39
SPsD,3,0,3,1.0
SPsH,12,13,25,0.48
SPsI,1,1,2,0.5
SPsL,8,3,11,0.73
SPsM,17,11,28,0.61
SPsN,15,15,30,0.5
SPsP,12,20,32,0.38
SPsS,15,13,28,0.54
SPsb,11,16,27,0.41
SPsh,0,2,2,0.0
SPsl,3,4,7,0.43
SPsm,11,13,24,0.46
SPsn,14,12,26,0.54
SPss,10,11,21,0.48
SPtB,1,1,2,0.5
SPtH,0,1,1,0.0
SPtM,3,1,4,0.75
SPtN,0,3,3,0.0
SPtP,1,1,2,0.5
SPtS,1,1,2,0.5
SPtb,4,1,5,0.8
SPtl,1,1,2,0.5
SPtm,1,0,1,1.0
SPtn,4,0,4,1.0
SPts,3,2,5,0.6
SPtt,0,1,1,0.0
SSBB,8,8,16,0.5
SSBK,0,0,0,
SSBL,2,4,6,0.33
SSBM,4,8,12,0.33
SSBN,8,5,13,0.62
SSBP,11,10,21,0.52
SSBS,1,6,7,0.14
SSBb,11,7,18,0.61
SSBh,0,1,1,0.0
SSBj,2,1,3,0.67
SSBl,3,1,4,0.75
SSBm,7,4,11,0.64
SSBn,7,8,15,0.47
SSBs,1,2,3,0.33
SSBt,2,1,3,0.67
SSDB,1,1,2,0.5
SSDH,2,2,4,0.5
SSDM,2,0,2,1.0
SSDN,0,1,1,0.0
SSDP,0,3,3,0.0
SSDS,3,1,4,0.75
SSDm,1,0,1,1.0
SSDn,2,1,3,0.67
SSDs,1,3,4,0.25
SSDt,1,0,1,1.0
SSHB,0,2,2,0.0
SSHD,0,1,1,0.0
SSHH,2,0,2,1.0
SSHI,0,1,1,0.0
SSHK,1,0,1,1.0
SSHL,2,1,3,0.67
SSHM,5,4,9,0.56
SSHN,1,1,2,0.5
SSHP,7,2,9,0.78
SSHS,4,8,12,0.33
SSHb,4,6,10,0.4
SSHh,0,2,2,0.0
SSHl,2,0,2,1.0
SSHm,4,5,9,0.44
SSHn,7,2,9,0.78
SSHs,6,2,8,0.75
SSIL,0,0,0,
SSIN,1,0,1,1.0
SSIP,0,0,0,
SSIS,0,1,1,0.0
SSIl,0,1,1,0.0
SSIm,0,0,0,
SSIs,1,0,1,1.0
SSKH,0,0,0,
SSKM,0,2,2,0.0
SSKN,0,1,1,0.0
SSKP,0,1,1,0.0
SSKb,2,0,2,1.0
SSKl,0,0,0,
SSKm,2,0,2,1.0
SSKn,1,1,2,0.5
SSKs,0,0,0,
SSLB,5,4,9,0.56
SSLL,1,5,6,0.17
SSLM,2,1,3,0.67
SSLN,3,5,8,0.38
SSLP,6,8,14,0.43
SSLS,1,5,6,0.17
SSLb,4,6,10,0.4
SSLh,2,2,4,0.5
SSLj,2,0,2,1.0
SSLl,4,0,4,1.0
SSLm,4,2,6,0.67
SSLn,8,2,10,0.8
SSLs,3,2,5,0.6
SSLt,0,1,1,0.0
SSMB,14,3,17,0.82
SSMD,1,0,1,1.0
SSML,2,5,7,0.29
SSMM,10,4,14,0.71
SSMN,4,12,16,0.25
SSMP,12,10,22,0.55
SSMS,8,6,14,0.57
SSMb,9,7,16,0.56
SSMh,5,2,7,0.71
SSMj,2,3,5,0.4
SSMl,1,3,4,0.25
SSMm,6,5,11,0.55
SSMn,17,10,27,0.63
SSMs,7,12,19,0.37
SSMt,0,1,1,0.0
SSNB,5,8,13,0.38
SSND,0,1,1,0.0
SSNH,2,1,3,0.67
SSNK,0,0,0,
SSNL,1,1,2,0.5
SSNM,10,6,16,0.62
SSNN,14,8,22,0.64
SSNP,16,11,27,0.59
SSNS,10,9,19,0.53
SSNb,10,4,14,0.71
SSNh,0,1,1,0.0
SSNl,4,2,6,0.67
SSNm,11,7,18,0.61
SSNn,18,9,27,0.67
SSNs,9,9,18,0.5
SSNt,0,3,3,0.0
SSPB,6,11,17,0.35
SSPD,1,1,2,0.5
SSPH,3,10,13,0.23
SSPI,3,1,4,0.75
SSPK,1,1,2,0.5
SSPL,5,5,10,0.5
SSPM,13,12,25,0.52
SSPN,11,14,25,0.44
SSPP,25,18,43,0.58
SSPS,14,11,25,0.56
SSPb,13,13,26,0.5
SSPh,2,3,5,0.4
SSPl,4,4,8,0.5
SSPm,9,12,21,0.43
SSPn,11,8,19,0.58
SSPs,14,20,34,0.41
SSPt,0,0,0,
SSSB,7,12,19,0.37
SSSD,0,1,1,0.0
SSSH,7,8,15,0.47
SSSK,1,2,3,0.33
SSSL,7,6,13,0.54
SSSM,10,14,24,0.42
SSSN,10,11,21,0.48
SSSP,13,23,36,0.36
SSSS,14,22,36,0.39
SSSb,13,6,19,0.68
SSSh,8,12,20,0.4
SSSl,4,6,10,0.4
SSSm,10,13,23,0.43
SSSn,9,16,25,0.36
SSSs,20,24,44,0.45
SSSt,2,4,6,0.33
SSbB,12,5,17,0.71
SSbH,1,0,1,1.0
SSbJ,3,1,4,0.75
SSbK,0,1,1,0.0
SSbL,4,7,11,0.36
SSbM,11,5,16,0.69
SSbN,4,12,16,0.25
SSbP,14,6,20,0.7
SSbS,2,5,7,0.29
SSbb,8,7,15,0.53
SSbl,2,3,5,0.4
SSbm,9,4,13,0.69
SSbn,6,10,16,0.38
SSbs,5,5,10,0.5
SShB,6,1,7,0.86
SShH,0,1,1,0.0
SShI,0,0,0,
SShK,0,1,1,0.0
SShL,1,3,4,0.25
SShM,6,4,10,0.6
SShN,7,6,13,0.54
SShP,9,7,16,0.56
SShS,11,10,21,0.52
SShb,3,4,7,0.43
SShh,6,5,11,0.55
SShl,4,1,5,0.8
SShm,5,6,11,0.45
SShn,7,4,11,0.64
SShs,6,7,13,0.46
SSht,1,1,2,0.5
SSlB,3,0,3,1.0
SSlH,1,1,2,0.5
SSlJ,1,0,1,1.0
SSlK,0,1,1,0.0
SSlL,0,3,3,0.0
SSlM,3,5,8,0.38
SSlN,3,3,6,0.5
SSlP,6,6,12,0.5
SSlS,7,4,11,0.64
SSlb,6,7,13,0.46
SSll,3,1,4,0.75
SSlm,3,1,4,0.75
SSln,2,3,5,0.4
SSls,1,1,2,0.5
SSmB,13,7,20,0.65
SSmD,3,1,4,0.75
SSmH,10,4,14,0.71
SSmI,2,0,2,1.0
SSmJ,1,0,1,1.0
SSmL,3,4,7,0.43
SSmM,8,9,17,0.47
SSmN,14,4,18,0.78
SSmP,9,13,22,0.41
SSmS,6,9,15,0.4
SSmb,11,3,14,0.79
SSml,1,2,3,0.33
SSmm,3,5,8,0.38
SSmn,8,6,14,0.57
SSms,6,4,10,0.6
SSnB,7,13,20,0.35
SSnD,0,2,2,0.0
SSnH,5,0,5,1.0
SSnI,1,0,1,1.0
SSnK,1,2,3,0.33
SSnL,4,2,6,0.67
SSnM,12,7,19,0.63
SSnN,12,19,31,0.39
SSnP,20,19,39,0.51
SSnS,12,12,24,0.5
SSnb,13,6,19,0.68
SSnh,0,1,1,0.0
SSnl,5,7,12,0.42
SSnm,15,11,26,0.58
SSnn,12,14,26,0.46
SSns,10,10,20,0.5
SSsB,4,4,8,0.5
SSsD,1,3,4,0.25
SSsH,16,13,29,0.55
SSsI,1,3,4,0.25
SSsK,0,1,1,0.0
SSsL,3,7,10,0.3
SSsM,17,16,33,0.52
SSsN,12,14,26,0.46
SSsP,17,16,33,0.52
SSsS,28,22,50,0.56
SSsb,9,9,18,0.5
SSsh,2,1,3,0.67
SSsl,4,2,6,0.67
SSsm,11,9,20,0.55
SSsn,15,12,27,0.56
SSss,20,20,40,0.5
SStB,1,0,1,1.0
SStD,1,0,1,1.0
SStH,3,4,7,0.43
SStL,2,1,3,0.67
SStM,2,1,3,0.67
SStN,2,4,6,0.33
SStP,2,1,3,0.67
SStS,2,3,5,0.4
SStb,2,1,3,0.67
SStm,2,1,3,0.67
SStn,2,2,4,0.5
SSts,1,1,2,0.5
SbBB,7,11,18,0.39
SbBK,1,1,2,0.5
SbBL,1,3,4,0.25
SbBM,8,7,15,0.53
SbBN,9,15,24,0.38
SbBP,10,7,17,0.59
SbBS,3,11,14,0.21
SbBb,10,8,18,0.56
SbBh,1,1,2,0.5
SbBj,0,1,1,0.0
SbBl,3,2,5,0.6
SbBm,8,5,13,0.62
SbBn,8,8,16,0.5
SbBs,5,4,9,0.56
SbBt,0,1,1,0.0
SbDB,2,1,3,0.67
SbDM,0,0,0,
SbDN,1,0,1,1.0
SbDP,0,1,1,0.0
SbDS,0,1,1,0.0
SbDm,2,1,3,0.67
SbDn,0,1,1,0.0
SbDs,0,0,0,
SbHB,1,3,4,0.25
SbHD,0,1,1,0.0
SbHH,0,1,1,0.0
SbHK,2,0,2,1.0
SbHL,1,0,1,1.0
SbHM,3,1,4,0.75
SbHN,3,3,6,0.5
SbHP,5,0,5,1.0
SbHb,4,2,6,0.67
SbHh,0,0,0,
SbHl,2,1,3,0.67
SbHm,2,1,3,0.67
SbHn,5,2,7,0.71
SbHs,1,1,2,0.5
SbIB,0,0,0,
SbIH,1,0,1,1.0
SbIL,0,1,1,0.0
SbIM,1,1,2,0.5
SbIN,1,2,3,0.33
SbIP,0,1,1,0.0
SbIS,1,1,2,0.5
SbIb,1,0,1,1.0
SbIl,0,0,0,
SbIn,1,0,1,1.0
SbIs,0,1,1,0.0
SbJB,3,0,3,1.0
SbJD,0,0,0,
SbJH,1,1,2,0.5
SbJK,0,1,1,0.0
SbJL,1,4,5,0.2
SbJM,1,4,5,0.2
SbJN,2,3,5,0.4
SbJP,5,3,8,0.62
SbJS,1,1,2,0.5
SbJb,4,2,6,0.67
SbJl,1,1,2,0.5
SbJm,2,1,3,0.67
SbJn,0,1,1,0.0
SbJs,1,1,2,0.5
SbJt,0,1,1,0.0
SbKB,0,1,1,0.0
SbKD,0,1,1,0.0
SbKM,1,0,1,1.0
SbKN,1,0,1,1.0
SbKP,1,2,3,0.33
SbKS,0,1,1,0.0
SbKb,1,1,2,0.5
SbKh,0,0,0,
SbKn,1,0,1,1.0
SbKs,0,0,0,
SbLB,5,2,7,0.71
SbLL,2,0,2,1.0
SbLM,1,6,7,0.14
SbLN,2,8,10,0.2
SbLP,9,3,12,0.75
SbLS,5,0,5,1.0
SbLb,2,2,4,0.5
SbLh,1,1,2,0.5
SbLj,0,2,2,0.0
SbLl,2,2,4,0.5
SbLm,3,2,5,0.6
SbLn,7,4,11,0.64
SbLs,6,3,9,0.67
SbLt,0,0,0,
SbMB,11,6,17,0.65
SbML,5,0,5,1.0
SbMM,3,6,9,0.33
SbMN,7,6,13,0.54
SbMP,9,9,18,0.5
SbMS,11,12,23,0.48
SbMb,10,6,16,0.62
SbMh,6,8,14,0.43
SbMj,2,1,3,0.67
SbMl,4,1,5,0.8
SbMm,3,3,6,0.5
SbMn,7,10,17,0.41
SbMs,3,8,11,0.27
SbMt,1,2,3,0.33
SbNB,7,4,11,0.64
SbND,1,0,1,1.0
SbNH,1,0,1,1.0
SbNK,1,0,1,1.0
SbNL,3,1,4,0.75
SbNM,9,4,13,0.69
SbNN,14,16,30,0.47
SbNP,8,16,24,0.33
SbNS,6,9,15,0.4
SbNb,15,3,18,0.83
SbNh,5,6,11,0.45
SbNl,4,3,7,0.57
SbNm,7,6,13,0.54
SbNn,15,15,30,0.5
SbNs,11,4,15,0.73
SbNt,3,3,6,0.5
SbPB,5,9,14,0.36
SbPH,1,1,2,0.5
SbPI,1,0,1,1.0
SbPK,1,2,3,0.33
SbPL,5,4,9,0.56
SbPM,11,8,19,0.58
SbPN,13,13,26,0.5
SbPP,17,22,39,0.44
SbPS,9,8,17,0.53
SbPb,8,11,19,0.42
SbPh,1,0,1,1.0
SbPl,7,3,10,0.7
SbPm,14,7,21,0.67
SbPn,8,10,18,0.44
SbPs,8,6,14,0.57
SbPt,1,2,3,0.33
SbSB,0,2,2,0.0
SbSH,2,4,6,0.33
SbSL,0,0,0,
SbSM,2,9,11,0.18
SbSN,6,6,12,0.5
SbSP,3,10,13,0.23
SbSS,2,10,12,0.17
SbSb,9,4,13,0.69
SbSh,4,2,6,0.67
SbSl,2,1,3,0.67
SbSm,3,5,8,0.38
SbSn,6,7,13,0.46
SbSs,2,6,8,0.25
SbSt,0,2,2,0.0
SbbB,8,7,15,0.53
SbbD,1,0,1,1.0
SbbH,5,2,7,0.71
SbbJ,2,5,7,0.29
SbbL,4,3,7,0.57
SbbM,10,9,19,0.53
SbbN,12,9,21,0.57
SbbP,15,11,26,0.58
SbbS,2,6,8,0.25
Sbbb,15,6,21,0.71
Sbbl,3,6,9,0.33
Sbbm,9,6,15,0.6
Sbbn,13,9,22,0.59
Sbbs,3,3,6,0.5
SblB,2,1,3,0.67
SblH,2,4,6,0.33
SblL,3,3,6,0.5
SblM,2,2,4,0.5
SblN,1,2,3,0.33
SblP,5,5,10,0.5
SblS,1,1,2,0.5
Sblb,3,1,4,0.75
Sbll,1,1,2,0.5
Sblm,1,1,2,0.5
Sbln,2,2,4,0.5
Sbls,3,1,4,0.75
SbmB,7,6,13,0.54
SbmH,4,2,6,0.67
SbmI,1,0,1,1.0
SbmJ,1,0,1,1.0
SbmL,2,1,3,0.67
SbmM,10,5,15,0.67
SbmN,7,2,9,0.78
SbmP,10,10,20,0.5
SbmS,3,4,7,0.43
Sbmb,3,10,13,0.23
Sbml,2,0,2,1.0
Sbmm,6,2,8,0.75
Sbmn,7,7,14,0.5
Sbms,1,4,5,0.2
SbnB,5,9,14,0.36
SbnD,0,0,0,
SbnH,5,5,10,0.5
SbnI,1,0,1,1.0
SbnK,1,1,2,0.5
SbnL,2,3,5,0.4
SbnM,5,6,11,0.45
SbnN,6,5,11,0.55
SbnP,15,13,28,0.54
SbnS,7,4,11,0.64
Sbnb,12,10,22,0.55
Sbnl,3,2,5,0.6
Sbnm,8,6,14,0.57
Sbnn,8,12,20,0.4
Sbns,4,1,5,0.8
SbsB,4,5,9,0.44
SbsD,0,2,2,0.0
SbsH,6,5,11,0.55
SbsI,0,0,0,
SbsL,1,0,1,1.0
SbsM,3,1,4,0.75
SbsN,6,4,10,0.6
SbsP,6,5,11,0.55
SbsS,6,4,10,0.6
Sbsb,6,4,10,0.6
Sbsm,1,2,3,0.33
Sbsn,2,3,5,0.4
Sbss,3,5,8,0.38
ShBB,3,5,8,0.38
ShBL,2,0,2,1.0
ShBM,4,6,10,0.4
ShBN,4,4,8,0.5
ShBP,2,5,7,0.29
ShBS,2,1,3,0.67
ShBb,6,5,11,0.55
ShBj,2,3,5,0.4
ShBl,3,1,4,0.75
ShBm,5,3,8,0.62
ShBn,4,3,7,0.57
ShBs,5,0,5,1.0
ShBt,1,0,1,1.0
ShDD,0,1,1,0.0
ShDH,0,3,3,0.0
ShDL,0,1,1,0.0
ShDN,1,1,2,0.5
ShDS,0,1,1,0.0
ShDb,0,0,0,
ShDm,1,0,1,1.0
ShDn,0,1,1,0.0
ShDs,1,1,2,0.5
ShHH,0,1,1,0.0
ShHK,0,0,0,
ShHL,0,0,0,
ShHM,1,1,2,0.5
ShHN,2,1,3,0.67
ShHP,4,2,6,0.67
ShHS,3,1,4,0.75
ShHb,2,1,3,0.67
ShHh,2,1,3,0.67
ShHl,2,0,2,1.0
ShHm,2,0,2,1.0
ShHn,2,4,6,0.33
ShHs,1,3,4,0.25
ShIH,1,3,4,0.25
ShIN,0,0,0,
ShIP,1,0,1,1.0
ShIS,0,0,0,
ShIn,1,1,2,0.5
ShIs,0,1,1,0.0
ShIt,0,0,0,
ShKI,0,0,0,
ShKL,1,0,1,1.0
ShKs,0,1,1,0.0
ShLB,2,1,3,0.67
ShLL,0,3,3,0.0
ShLM,0,5,5,0.0
ShLN,0,3,3,0.0
ShLP,3,3,6,0.5
ShLS,0,1,1,0.0
ShLb,4,2,6,0.67
ShLh,3,3,6,0.5
ShLj,0,1,1,0.0
ShLl,1,1,2,0.5
ShLm,2,0,2,1.0
ShLn,0,5,5,0.0
ShLs,2,0,2,1.0
ShMB,5,2,7,0.71
ShML,2,1,3,0.67
ShMM,2,6,8,0.25
ShMN,5,6,11,0.45
ShMP,11,8,19,0.58
ShMS,1,5,6,0.17
ShMb,5,3,8,0.62
ShMh,3,6,9,0.33
ShMj,1,0,1,1.0
ShMl,2,1,3,0.67
ShMm,3,6,9,0.33
ShMn,6,10,16,0.38
ShMs,7,3,10,0.7
ShNB,4,5,9,0.44
ShNH,4,0,4,1.0
ShNK,0,1,1,0.0
ShNL,2,0,2,1.0
ShNM,1,6,7,0.14
ShNN,4,4,8,0.5
ShNP,4,10,14,0.29
ShNS,6,4,10,0.6
ShNb,5,6,11,0.45
ShNh,1,1,2,0.5
ShNl,0,2,2,0.0
ShNm,8,3,11,0.73
ShNn,10,11,21,0.48
ShNs,3,6,9,0.33
ShNt,0,3,3,0.0
ShPB,8,12,20,0.4
ShPD,0,0,0,
ShPH,0,2,2,0.0
ShPI,0,1,1,0.0
ShPK,0,1,1,0.0
ShPL,5,2,7,0.71
ShPM,4,11,15,0.27
ShPN,7,11,18,0.39
ShPP,9,13,22,0.41
ShPS,4,5,9,0.44
ShPb,12,10,22,0.55
ShPh,1,2,3,0.33
ShPl,3,2,5,0.6
ShPm,11,6,17,0.65
ShPn,8,7,15,0.53
ShPs,10,7,17,0.59
ShPt,0,0,0,
ShSB,3,1,4,0.75
ShSD,0,0,0,
ShSH,1,3,4,0.25
ShSK,0,1,1,0.0
ShSL,2,1,3,0.67
ShSM,3,7,10,0.3
ShSN,7,6,13,0.54
ShSP,8,9,17,0.47
ShSS,8,10,18,0.44
ShSb,6,6,12,0.5
ShSh,1,5,6,0.17
ShSl,0,3,3,0.0
ShSm,3,10,13,0.23
ShSn,6,5,11,0.55
ShSs,7,15,22,0.32
ShSt,2,1,3,0.67
ShbB,7,1,8,0.88
ShbD,1,0,1,1.0
ShbH,1,2,3,0.33
ShbI,1,0,1,1.0
ShbJ,1,1,2,0.5
ShbK,0,1,1,0.0
ShbL,3,1,4,0.75
ShbM,2,3,5,0.4
ShbN,4,3,7,0.57
ShbP,3,5,8,0.38
ShbS,5,5,10,0.5
Shbb,3,4,7,0.43
Shbl,2,1,3,0.67
Shbm,2,1,3,0.67
Shbn,6,9,15,0.4
Shbs,1,3,4,0.25
ShhB,1,6,7,0.14
ShhD,0,1,1,0.0
ShhH,3,1,4,0.75
ShhL,0,1,1,0.0
ShhM,6,7,13,0.46
ShhN,4,2,6,0.67
ShhP,6,5,11,0.55
ShhS,4,6,10,0.4
Shhb,3,3,6,0.5
Shhh,3,4,7,0.43
Shhl,4,3,7,0.57
Shhm,8,4,12,0.67
Shhn,7,3,10,0.7
Shhs,9,7,16,0.56
Shht,0,2,2,0.0
ShlB,1,0,1,1.0
ShlH,4,1,5,0.8
ShlI,0,0,0,
ShlL,2,0,2,1.0
ShlM,2,2,4,0.5
ShlN,2,6,8,0.25
ShlP,3,7,10,0.3
ShlS,2,4,6,0.33
Shlb,3,1,4,0.75
Shll,0,1,1,0.0
Shlm,2,2,4,0.5
Shln,0,1,1,0.0
Shls,3,1,4,0.75
ShmB,3,3,6,0.5
ShmD,2,0,2,1.0
ShmH,4,0,4,1.0
ShmI,1,0,1,1.0
ShmJ,0,1,1,0.0
ShmL,1,1,2,0.5
ShmM,4,6,10,0.4
ShmN,6,8,14,0.43
ShmP,3,8,11,0.27
ShmS,6,7,13,0.46
Shmb,4,2,6,0.67
Shmm,3,3,6,0.5
Shmn,6,5,11,0.55
Shms,4,4,8,0.5
ShnB,2,1,3,0.67
ShnH,1,1,2,0.5
ShnI,1,1,2,0.5
ShnK,0,0,0,
ShnL,3,1,4,0.75
ShnM,9,6,15,0.6
ShnN,7,8,15,0.47
ShnP,7,14,21,0.33
ShnS,2,5,7,0.29
Shnb,5,3,8,0.62
Shnh,1,0,1,1.0
Shnl,3,1,4,0.75
Shnm,6,2,8,0.75
Shnn,6,11,17,0.35
Shns,5,8,13,0.38
ShsB,6,2,8,0.75
ShsD,1,0,1,1.0
ShsH,5,10,15,0.33
ShsI,0,1,1,0.0
ShsK,0,2,2,0.0
ShsL,4,2,6,0.67
ShsM,6,6,12,0.5
ShsN,8,8,16,0.5
ShsP,6,8,14,0.43
ShsS,5,10,15,0.33
Shsb,3,8,11,0.27
Shsh,0,1,1,0.0
Shsl,3,2,5,0.6
Shsm,8,2,10,0.8
Shsn,6,6,12,0.5
Shss,5,7,12,0.42
Shst,0,0,0,
ShtB,1,1,2,0.5
ShtH,1,0,1,1.0
ShtL,0,0,0,
ShtM,0,1,1,0.0
ShtN,2,1,3,0.67
ShtP,1,0,1,1.0
ShtS,2,0,2,1.0
Shtb,1,1,2,0.5
Shtl,0,2,2,0.0
Shtn,1,1,2,0.5
Shts,2,1,3,0.67
SlBB,3,6,9,0.33
SlBK,1,0,1,1.0
SlBL,1,2,3,0.33
SlBM,2,2,4,0.5
SlBN,2,4,6,0.33
SlBP,8,4,12,0.67
SlBS,1,2,3,0.33
SlBb,5,1,6,0.83
SlBh,1,0,1,1.0
SlBl,2,0,2,1.0
SlBm,1,2,3,0.33
SlBn,5,3,8,0.62
SlBs,6,5,11,0.55
SlBt,0,1,1,0.0
SlDH,2,0,2,1.0
SlDL,2,0,2,1.0
SlDM,1,0,1,1.0
SlDS,0,1,1,0.0
SlDb,1,0,1,1.0
SlDn,0,1,1,0.0
SlDs,0,1,1,0.0
SlHB,1,1,2,0.5
SlHH,0,1,1,0.0
SlHI,1,0,1,1.0
SlHL,2,2,4,0.5
SlHM,1,3,4,0.25
SlHN,1,2,3,0.33
SlHP,5,6,11,0.45
SlHS,5,2,7,0.71
SlHb,2,4,6,0.33
SlHh,1,0,1,1.0
SlHl,1,2,3,0.33
SlHm,2,2,4,0.5
SlHn,4,3,7,0.57
SlHs,1,2,3,0.33
SlHt,1,0,1,1.0
SlIB,1,0,1,1.0
SlIL,1,0,1,1.0
SlIM,2,0,2,1.0
SlIN,0,0,0,
SlIP,2,1,3,0.67
SlIm,0,1,1,0.0
SlIs,1,0,1,1.0
SlJD,2,0,2,1.0
SlJH,1,0,1,1.0
SlJI,1,0,1,1.0
SlJL,1,0,1,1.0
SlJM,1,0,1,1.0
SlJN,1,3,4,0.25
SlJP,3,1,4,0.75
SlJS,1,3,4,0.25
SlJb,3,1,4,0.75
SlJs,2,1,3,0.67
SlKB,0,1,1,0.0
SlKl,0,0,0,
SlKm,0,1,1,0.0
SlLB,3,2,5,0.6
SlLL,0,1,1,0.0
SlLM,0,7,7,0.0
SlLN,2,3,5,0.4
SlLP,0,1,1,0.0
SlLS,0,2,2,0.0
SlLb,3,0,3,1.0
SlLh,1,1,2,0.5
SlLj,1,0,1,1.0
SlLl,1,0,1,1.0
SlLm,1,1,2,0.5
SlLn,0,6,6,0.0
SlLs,4,1,5,0.8
SlMB,3,3,6,0.5
SlMD,1,0,1,1.0
SlML,1,4,5,0.2
SlMM,4,6,10,0.4
SlMN,3,4,7,0.43
SlMP,7,9,16,0.44
SlMS,2,3,5,0.4
SlMb,7,4,11,0.64
SlMh,3,3,6,0.5
SlMj,3,1,4,0.75
SlMl,1,1,2,0.5
SlMm,4,3,7,0.57
SlMn,12,6,18,0.67
SlMs,2,4,6,0.33
SlNB,2,3,5,0.4
SlND,1,0,1,1.0
SlNH,1,0,1,1.0
SlNL,1,1,2,0.5
SlNM,5,4,9,0.56
SlNN,6,8,14,0.43
SlNP,7,9,16,0.44
SlNS,3,5,8,0.38
SlNb,1,6,7,0.14
SlNh,0,2,2,0.0
SlNl,0,1,1,0.0
SlNm,4,5,9,0.44
SlNn,10,2,12,0.83
SlNs,4,2,6,0.67
SlNt,1,0,1,1.0
SlPB,1,5,6,0.17
SlPD,2,0,2,1.0
SlPH,1,1,2,0.5
SlPI,0,1,1,0.0
SlPK,0,1,1,0.0
SlPL,2,4,6,0.33
SlPM,2,4,6,0.33
SlPN,3,4,7,0.43
SlPP,15,8,23,0.65
SlPS,1,7,8,0.12
SlPb,1,5,6,0.17
SlPh,0,0,0,
SlPl,4,2,6,0.67
SlPm,7,2,9,0.78
SlPn,5,3,8,0.62
SlPs,3,0,3,1.0
SlPt,0,0,0,
SlSB,5,1,6,0.83
SlSD,0,1,1,0.0
SlSH,1,1,2,0.5
SlSL,2,5,7,0.29
SlSM,0,7,7,0.0
SlSN,4,1,5,0.8
SlSP,6,9,15,0.4
SlSS,11,7,18,0.61
SlSb,1,1,2,0.5
SlSh,2,1,3,0.67
SlSl,3,5,8,0.38
SlSm,5,4,9,0.56
SlSn,3,2,5,0.6
SlSs,3,6,9,0.33
SlSt,1,0,1,1.0
SlbB,2,8,10,0.2
SlbH,0,2,2,0.0
SlbI,2,1,3,0.67
SlbJ,0,1,1,0.0
SlbK,0,2,2,0.0
SlbL,3,1,4,0.75
SlbM,5,4,9,0.56
SlbN,10,7,17,0.59
SlbP,3,10,13,0.23
SlbS,0,1,1,0.0
Slbb,5,3,8,0.62
Slbl,3,1,4,0.75
Slbm,3,3,6,0.5
Slbn,4,3,7,0.57
Slbs,3,2,5,0.6
SlhS,1,0,1,1.0
SllB,5,4,9,0.56
SllH,1,0,1,1.0
SllJ,1,0,1,1.0
SllL,1,1,2,0.5
SllM,2,3,5,0.4
SllN,2,2,4,0.5
SllP,2,1,3,0.67
SllS,2,4,6,0.33
Sllb,1,1,2,0.5
Sllm,3,0,3,1.0
Slln,1,1,2,0.5
Slls,0,1,1,0.0
SlmB,3,2,5,0.6
SlmD,1,0,1,1.0
SlmH,3,1,4,0.75
SlmL,1,3,4,0.25
SlmM,5,1,6,0.83
SlmN,1,1,2,0.5
SlmP,4,8,12,0.33
SlmS,2,2,4,0.5
Slmb,5,3,8,0.62
Slmm,3,2,5,0.6
Slmn,2,4,6,0.33
Slms,1,1,2,0.5
SlnB,3,2,5,0.6
SlnH,3,1,4,0.75
SlnI,2,1,3,0.67
SlnL,0,3,3,0.0
SlnM,3,6,9,0.33
SlnN,8,2,10,0.8
SlnP,5,6,11,0.45
SlnS,2,2,4,0.5
Slnb,2,1,3,0.67
Slnm,2,1,3,0.67
Slnn,2,4,6,0.33
Slns,3,1,4,0.75
SlsB,1,2,3,0.33
SlsD,1,1,2,0.5
SlsH,4,1,5,0.8
SlsI,1,0,1,1.0
SlsL,3,1,4,0.75
SlsM,2,2,4,0.5
SlsN,2,2,4,0.5
SlsP,8,8,16,0.5
SlsS,7,6,13,0.54
Slsb,0,4,4,0.0
Slsl,2,0,2,1.0
Slsm,2,4,6,0.33
Slsn,3,0,3,1.0
Slss,0,3,3,0.0
SmBB,9,8,17,0.53
SmBK,0,1,1,0.0
SmBL,3,1,4,0.75
SmBM,8,4,12,0.67
SmBN,9,13,22,0.41
SmBP,8,16,24,0.33
SmBS,7,4,11,0.64
SmBb,8,9,17,0.47
SmBh,2,3,5,0.4
SmBj,3,2,5,0.6
SmBl,2,3,5,0.4
SmBm,4,3,7,0.57
SmBn,6,7,13,0.46
SmBs,4,3,7,0.57
SmBt,1,3,4,0.25
SmDB,1,0,1,1.0
SmDI,1,0,1,1.0
SmDK,1,0,1,1.0
SmDL,0,1,1,0.0
SmDN,0,1,1,0.0
SmDS,1,3,4,0.25
SmDb,1,0,1,1.0
SmDl,2,0,2,1.0
SmDm,1,0,1,1.0
SmDn,0,1,1,0.0
SmDs,5,0,5,1.0
SmDt,0,2,2,0.0
SmHB,7,7,14,0.5
SmHD,1,0,1,1.0
SmHH,2,0,2,1.0
SmHI,2,0,2,1.0
SmHK,0,0,0,
SmHL,1,2,3,0.33
SmHM,7,4,11,0.64
SmHN,7,7,14,0.5
SmHP,12,8,20,0.6
SmHS,3,7,10,0.3
SmHb,6,3,9,0.67
SmHh,4,0,4,1.0
SmHl,4,1,5,0.8
SmHm,6,3,9,0.67
SmHn,7,5,12,0.58
SmHs,7,2,9,0.78
SmHt,1,2,3,0.33
SmIB,2,0,2,1.0
SmID,1,0,1,1.0
SmIL,1,1,2,0.5
SmIM,0,4,4,0.0
SmIN,4,1,5,0.8
SmIP,1,2,3,0.33
SmIS,0,1,1,0.0
SmIl,0,0,0,
SmIn,1,1,2,0.5
SmIs,2,1,3,0.67
SmJB,3,1,4,0.75
SmJH,4,2,6,0.67
SmJI,1,0,1,1.0
SmJL,1,0,1,1.0
SmJM,0,1,1,0.0
SmJN,1,2,3,0.33
SmJP,2,5,7,0.29
SmJS,2,1,3,0.67
SmJb,1,0,1,1.0
SmJm,0,2,2,0.0
SmJn,3,0,3,1.0
SmJs,3,1,4,0.75
SmKP,0,1,1,0.0
SmKs,1,0,1,1.0
SmLB,4,1,5,0.8
SmLD,1,0,1,1.0
SmLK,0,1,1,0.0
SmLM,2,6,8,0.25
SmLN,3,7,10,0.3
SmLP,6,7,13,0.46
SmLS,1,4,5,0.2
SmLb,5,2,7,0.71
SmLh,0,1,1,0.0
SmLj,0,1,1,0.0
SmLl,2,1,3,0.67
SmLm,4,4,8,0.5
SmLn,1,3,4,0.25
SmLs,3,6,9,0.33
SmMB,8,6,14,0.57
SmMD,0,1,1,0.0
SmML,1,3,4,0.25
SmMM,2,10,12,0.17
SmMN,9,9,18,0.5
SmMP,8,5,13,0.62
SmMS,8,5,13,0.62
SmMb,10,3,13,0.77
SmMh,2,8,10,0.2
SmMj,3,0,3,1.0
SmMl,4,2,6,0.67
SmMm,12,4,16,0.75
SmMn,10,11,21,0.48
SmMs,8,3,11,0.73
SmMt,0,1,1,0.0
SmNB,13,10,23,0.57
SmND,3,1,4,0.75
SmNH,1,3,4,0.25
SmNK,0,1,1,0.0
SmNL,3,4,7,0.43
SmNM,10,10,20,0.5
SmNN,12,8,20,0.6
SmNP,20,12,32,0.62
SmNS,7,11,18,0.39
SmNb,11,4,15,0.73
SmNh,0,1,1,0.0
SmNl,2,6,8,0.25
SmNm,2,4,6,0.33
SmNn,14,13,27,0.52
SmNs,5,3,8,0.62
SmNt,5,2,7,0.71
SmPB,6,16,22,0.27
SmPD,0,1,1,0.0
SmPH,3,1,4,0.75
SmPK,0,0,0,
SmPL,5,10,15,0.33
SmPM,9,12,21,0.43
SmPN,14,13,27,0.52
SmPP,21,22,43,0.49
SmPS,11,5,16,0.69
SmPb,17,12,29,0.59
SmPl,3,3,6,0.5
SmPm,9,5,14,0.64
SmPn,9,10,19,0.47
SmPs,7,6,13,0.54
SmPt,1,2,3,0.33
SmSB,2,5,7,0.29
SmSH,2,0,2,1.0
SmSK,1,0,1,1.0
SmSL,0,1,1,0.0
SmSM,5,7,12,0.42
SmSN,8,2,10,0.8
SmSP,12,2,14,0.86
SmSS,7,6,13,0.54
SmSb,7,4,11,0.64
SmSh,7,5,12,0.58
SmSl,4,0,4,1.0
SmSm,6,6,12,0.5
SmSn,5,8,13,0.38
SmSs,7,7,14,0.5
SmSt,3,2,5,0.6
SmbB,5,9,14,0.36
SmbD,0,0,0,
SmbH,3,1,4,0.75
SmbI,0,2,2,0.0
SmbJ,4,3,7,0.57
SmbL,1,4,5,0.2
SmbM,5,8,13,0.38
SmbN,7,13,20,0.35
SmbP,8,11,19,0.42
SmbS,5,6,11,0.45
Smbb,16,7,23,0.7
Smbl,5,4,9,0.56
Smbm,5,3,8,0.62
Smbn,5,3,8,0.62
Smbs,1,2,3,0.33
Smhn,0,2,2,0.0
SmlB,0,4,4,0.0
SmlD,2,0,2,1.0
SmlH,2,1,3,0.67
SmlI,1,1,2,0.5
SmlK,0,1,1,0.0
SmlL,2,0,2,1.0
SmlM,3,1,4,0.75
SmlN,4,5,9,0.44
SmlP,3,3,6,0.5
SmlS,1,0,1,1.0
Smlb,2,2,4,0.5
Smlm,3,0,3,1.0
Smln,2,1,3,0.67
Smls,3,1,4,0.75
SmmB,9,9,18,0.5
SmmD,1,2,3,0.33
SmmH,4,2,6,0.67
SmmJ,2,2,4,0.5
SmmL,5,3,8,0.62
SmmM,4,4,8,0.5
SmmN,10,10,20,0.5
SmmP,4,4,8,0.5
SmmS,2,6,8,0.25
Smmb,8,7,15,0.53
Smml,2,1,3,0.67
Smmm,12,3,15,0.8
Smmn,3,12,15,0.2
Smms,1,4,5,0.2
SmnB,13,5,18,0.72
SmnD,0,1,1,0.0
SmnH,2,0,2,1.0
SmnI,3,0,3,1.0
SmnK,1,1,2,0.5
SmnL,3,4,7,0.43
SmnM,7,5,12,0.58
SmnN,11,11,22,0.5
SmnP,11,10,21,0.52
SmnS,6,5,11,0.55
Smnb,3,10,13,0.23
Smnl,1,3,4,0.25
Smnm,10,0,10,1.0
Smnn,16,12,28,0.57
Smns,5,4,9,0.56
SmsB,2,3,5,0.4
SmsD,0,1,1,0.0
SmsH,4,5,9,0.44
SmsI,0,1,1,0.0
SmsL,4,1,5,0.8
SmsM,6,3,9,0.67
SmsN,3,4,7,0.43
SmsP,4,5,9,0.44
SmsS,10,5,15,0.67
Smsb,1,4,5,0.2
Smsl,1,3,4,0.25
Smsm,5,5,10,0.5
Smsn,6,4,10,0.6
Smss,6,10,16,0.38
SnBB,7,4,11,0.64
SnBD,1,1,2,0.5
SnBK,2,1,3,0.67
SnBL,1,2,3,0.33
SnBM,7,8,15,0.47
SnBN,8,12,20,0.4
SnBP,10,13,23,0.43
SnBS,1,8,9,0.11
SnBb,4,3,7,0.57
SnBh,0,1,1,0.0
SnBj,1,6,7,0.14
SnBl,1,2,3,0.33
SnBm,10,8,18,0.56
SnBn,16,12,28,0.57
SnBs,4,7,11,0.36
SnBt,0,2,2,0.0
SnDB,0,0,0,
SnDH,1,2,3,0.33
SnDI,1,0,1,1.0
SnDL,1,0,1,1.0
SnDM,1,5,6,0.17
SnDN,0,1,1,0.0
SnDP,1,0,1,1.0
SnDS,1,2,3,0.33
SnDb,0,1,1,0.0
SnDm,2,1,3,0.67
SnDn,2,1,3,0.67
SnDs,0,2,2,0.0
SnDt,1,1,2,0.5
SnHB,2,1,3,0.67
SnHH,2,1,3,0.67
SnHI,0,2,2,0.0
SnHL,3,1,4,0.75
SnHM,4,9,13,0.31
SnHN,11,6,17,0.65
SnHP,5,6,11,0.45
SnHS,3,9,12,0.25
SnHb,3,3,6,0.5
SnHh,4,3,7,0.57
SnHl,3,1,4,0.75
SnHm,4,6,10,0.4
SnHn,8,6,14,0.57
SnHs,5,7,12,0.42
SnHt,0,1,1,0.0
SnIB,1,2,3,0.33
SnID,0,0,0,
SnIH,0,1,1,0.0
SnIL,0,0,0,
SnIM,0,1,1,0.0
SnIN,2,1,3,0.67
SnIP,4,0,4,1.0
SnIS,0,1,1,0.0
SnIb,1,3,4,0.25
SnIl,1,0,1,1.0
SnIm,4,0,4,1.0
SnIn,1,2,3,0.33
SnIs,0,1,1,0.0
SnKB,1,2,3,0.33
SnKP,2,0,2,1.0
SnKS,1,1,2,0.5
SnKb,0,2,2,0.0
SnKh,3,0,3,1.0
SnKl,2,1,3,0.67
SnKm,1,0,1,1.0
SnKn,2,1,3,0.67
SnKs,1,0,1,1.0
SnLB,3,2,5,0.6
SnLD,0,1,1,0.0
SnLK,0,1,1,0.0
SnLL,1,0,1,1.0
SnLM,2,3,5,0.4
SnLN,2,2,4,0.5
SnLP,1,5,6,0.17
SnLS,2,3,5,0.4
SnLb,3,3,6,0.5
SnLh,0,2,2,0.0
SnLj,0,1,1,0.0
SnLl,2,2,4,0.5
SnLm,4,5,9,0.44
SnLn,3,5,8,0.38
SnLs,2,1,3,0.67
SnLt,1,1,2,0.5
SnMB,11,6,17,0.65
SnMD,1,1,2,0.5
SnML,4,2,6,0.67
SnMM,2,15,17,0.12
SnMN,3,7,10,0.3
SnMP,13,10,23,0.57
SnMS,13,8,21,0.62
SnMb,11,11,22,0.5
SnMh,3,10,13,0.23
SnMj,1,3,4,0.25
SnMl,3,5,8,0.38
SnMm,9,15,24,0.38
SnMn,7,8,15,0.47
SnMs,4,12,16,0.25
SnMt,3,0,3,1.0
SnNB,6,14,20,0.3
SnND,1,1,2,0.5
SnNH,3,3,6,0.5
SnNK,1,0,1,1.0
SnNL,4,1,5,0.8
SnNM,9,15,24,0.38
SnNN,16,16,32,0.5
SnNP,28,18,46,0.61
SnNS,16,14,30,0.53
SnNb,11,10,21,0.52
SnNh,2,1,3,0.67
SnNl,7,2,9,0.78
SnNm,9,13,22,0.41
SnNn,17,23,40,0.42
SnNs,11,6,17,0.65
SnNt,2,3,5,0.4
SnPB,10,18,28,0.36
SnPD,2,4,6,0.33
SnPH,7,5,12,0.58
SnPI,2,3,5,0.4
SnPK,2,4,6,0.33
SnPL,9,13,22,0.41
SnPM,11,13,24,0.46
SnPN,19,21,40,0.48
SnPP,25,27,52,0.48
SnPS,15,14,29,0.52
SnPb,18,16,34,0.53
SnPh,4,3,7,0.57
SnPl,6,8,14,0.43
SnPm,18,9,27,0.67
SnPn,19,16,35,0.54
SnPs,13,13,26,0.5
SnPt,2,1,3,0.67
SnSB,11,5,16,0.69
SnSD,0,0,0,
SnSH,1,4,5,0.2
SnSL,2,9,11,0.18
SnSM,6,8,14,0.43
SnSN,10,9,19,0.53
SnSP,19,22,41,0.46
SnSS,15,17,32,0.47
SnSb,6,8,14,0.43
SnSh,12,7,19,0.63
SnSl,2,3,5,0.4
SnSm,9,10,19,0.47
SnSn,14,10,24,0.58
SnSs,10,8,18,0.56
SnSt,3,2,5,0.6
SnbB,11,8,19,0.58
SnbD,0,1,1,0.0
SnbH,5,1,6,0.83
SnbI,1,1,2,0.5
SnbJ,2,0,2,1.0
SnbK,2,1,3,0.67
SnbL,5,2,7,0.71
SnbM,10,10,20,0.5
SnbN,14,6,20,0.7
SnbP,16,10,26,0.62
SnbS,4,5,9,0.44
Snbb,9,7,16,0.56
Snbl,4,2,6,0.67
Snbm,11,9,20,0.55
Snbn,13,8,21,0.62
Snbs,3,9,12,0.25
SnhB,0,1,1,0.0
SnhN,1,2,3,0.33
Snhn,0,1,1,0.0
Snhs,0,2,2,0.0
SnlB,6,5,11,0.55
SnlD,0,0,0,
SnlH,2,2,4,0.5
SnlJ,1,1,2,0.5
SnlK,0,1,1,0.0
SnlL,0,6,6,0.0
SnlM,7,3,10,0.7
SnlN,13,4,17,0.76
SnlP,8,8,16,0.5
SnlS,4,2,6,0.67
Snlb,2,3,5,0.4
Snll,1,1,2,0.5
Snlm,1,2,3,0.33
Snln,4,4,8,0.5
Snls,2,2,4,0.5
SnmB,6,9,15,0.4
SnmD,0,3,3,0.0
SnmH,3,10,13,0.23
SnmI,1,3,4,0.25
SnmJ,1,1,2,0.5
SnmL,1,3,4,0.25
SnmM,8,8,16,0.5
SnmN,6,7,13,0.46
SnmP,16,9,25,0.64
SnmS,6,6,12,0.5
Snmb,13,13,26,0.5
Snml,1,1,2,0.5
Snmm,5,7,12,0.42
Snmn,10,5,15,0.67
Snms,6,1,7,0.86
SnnB,5,8,13,0.38
SnnD,1,1,2,0.5
SnnH,6,6,12,0.5
SnnI,2,1,3,0.67
SnnL,3,4,7,0.43
SnnM,6,17,23,0.26
SnnN,14,17,31,0.45
SnnP,21,14,35,0.6
SnnS,9,11,20,0.45
Snnb,2,5,7,0.29
Snnl,5,3,8,0.62
Snnm,15,5,20,0.75
Snnn,10,11,21,0.48
Snns,11,12,23,0.48
SnsB,2,9,11,0.18
SnsD,2,2,4,0.5
SnsH,5,8,13,0.38
SnsI,0,3,3,0.0
SnsL,3,5,8,0.38
SnsM,8,9,17,0.47
SnsN,6,9,15,0.4
SnsP,10,10,20,0.5
SnsS,11,10,21,0.52
Snsb,7,4,11,0.64
Snsl,5,2,7,0.71
Snsm,3,8,11,0.27
Snsn,6,6,12,0.5
Snss,10,12,22,0.45
Snst,0,1,1,0.0
SsBB,3,2,5,0.6
SsBK,1,0,1,1.0
SsBL,2,3,5,0.4
SsBM,6,3,9,0.67
SsBN,9,4,13,0.69
SsBP,11,3,14,0.79
SsBS,7,3,10,0.7
SsBb,5,7,12,0.42
SsBj,1,1,2,0.5
SsBl,4,2,6,0.67
SsBm,1,7,8,0.12
SsBn,9,16,25,0.36
SsBs,2,4,6,0.33
SsDB,0,2,2,0.0
SsDD,2,0,2,1.0
SsDH,3,2,5,0.6
SsDL,0,1,1,0.0
SsDM,3,1,4,0.75
SsDN,1,1,2,0.5
SsDP,1,6,7,0.14
SsDS,2,1,3,0.67
SsDb,2,2,4,0.5
SsDm,0,0,0,
SsDn,0,1,1,0.0
SsDs,1,2,3,0.33
SsHB,9,11,20,0.45
SsHD,1,1,2,0.5
SsHH,3,1,4,0.75
SsHI,3,4,7,0.43
SsHK,2,0,2,1.0
SsHL,4,5,9,0.44
SsHM,7,6,13,0.54
SsHN,9,10,19,0.47
SsHP,13,7,20,0.65
SsHS,11,11,22,0.5
SsHb,6,4,10,0.6
SsHh,4,7,11,0.36
SsHl,3,5,8,0.38
SsHm,8,5,13,0.62
SsHn,12,9,21,0.57
SsHs,13,12,25,0.52
SsHt,0,2,2,0.0
SsIB,1,0,1,1.0
SsID,0,0,0,
SsIH,0,3,3,0.0
SsIL,1,1,2,0.5
SsIM,2,0,2,1.0
SsIN,1,3,4,0.25
SsIP,1,2,3,0.33
SsIS,4,2,6,0.67
SsIb,1,2,3,0.33
SsIl,0,1,1,0.0
SsIm,0,2,2,0.0
SsIn,1,0,1,1.0
SsIs,4,2,6,0.67
SsKB,0,1,1,0.0
SsKP,1,0,1,1.0
SsKS,1,2,3,0.33
SsKh,0,1,1,0.0
SsKm,1,0,1,1.0
SsKs,0,0,0,
SsLB,4,4,8,0.5
SsLK,1,0,1,1.0
SsLL,0,1,1,0.0
SsLM,3,1,4,0.75
SsLN,5,5,10,0.5
SsLP,8,5,13,0.62
SsLS,4,3,7,0.57
SsLb,8,7,15,0.53
SsLh,2,0,2,1.0
SsLj,2,1,3,0.67
SsLl,2,2,4,0.5
SsLm,4,4,8,0.5
SsLn,6,6,12,0.5
SsLs,7,2,9,0.78
SsLt,1,2,3,0.33
SsMB,8,13,21,0.38
SsML,6,5,11,0.55
SsMM,5,10,15,0.33
SsMN,9,11,20,0.45
SsMP,6,14,20,0.3
SsMS,5,4,9,0.56
SsMb,7,4,11,0.64
SsMh,5,3,8,0.62
SsMj,1,3,4,0.25
SsMl,7,3,10,0.7
SsMm,12,9,21,0.57
SsMn,10,13,23,0.43
SsMs,12,10,22,0.55
SsMt,2,2,4,0.5
SsNB,7,7,14,0.5
SsND,1,0,1,1.0
SsNH,3,0,3,1.0
SsNK,2,2,4,0.5
SsNL,2,7,9,0.22
SsNM,7,12,19,0.37
SsNN,12,9,21,0.57
SsNP,14,21,35,0.4
SsNS,15,13,28,0.54
SsNb,8,5,13,0.62
SsNh,2,4,6,0.33
SsNl,4,5,9,0.44
SsNm,8,10,18,0.44
SsNn,22,15,37,0.59
SsNs,16,13,29,0.55
SsNt,6,3,9,0.67
SsPB,12,8,20,0.6
SsPD,1,1,2,0.5
SsPH,7,3,10,0.7
SsPI,2,0,2,1.0
SsPK,0,1,1,0.0
SsPL,10,7,17,0.59
SsPM,10,18,28,0.36
SsPN,13,13,26,0.5
SsPP,21,21,42,0.5
SsPS,14,13,27,0.52
SsPb,10,12,22,0.45
SsPh,2,1,3,0.67
SsPl,9,7,16,0.56
SsPm,10,8,18,0.56
SsPn,11,11,22,0.5
SsPs,19,15,34,0.56
SsPt,4,0,4,1.0
SsSB,12,12,24,0.5
SsSD,2,1,3,0.67
SsSH,5,7,12,0.42
SsSK,0,2,2,0.0
SsSL,7,5,12,0.58
SsSM,11,17,28,0.39
SsSN,9,13,22,0.41
SsSP,22,29,51,0.43
SsSS,24,35,59,0.41
SsSb,8,5,13,0.62
SsSh,5,13,18,0.28
SsSl,11,3,14,0.79
SsSm,13,7,20,0.65
SsSn,19,13,32,0.59
SsSs,26,24,50,0.52
SsSt,4,2,6,0.67
SsbB,11,5,16,0.69
SsbD,1,0,1,1.0
SsbH,1,0,1,1.0
SsbI,0,1,1,0.0
SsbJ,5,2,7,0.71
SsbK,0,1,1,0.0
SsbL,3,6,9,0.33
SsbM,10,13,23,0.43
SsbN,14,15,29,0.48
SsbP,12,10,22,0.55
SsbS,2,7,9,0.22
Ssbb,14,7,21,0.67
Ssbl,5,5,10,0.5
Ssbm,10,6,16,0.62
Ssbn,10,6,16,0.62
Ssbs,4,3,7,0.57
SshN,1,0,1,1.0
SshS,0,2,2,0.0
Sshb,2,1,3,0.67
Sshh,0,0,0,
Sshm,1,1,2,0.5
Sshs,0,0,0,
Ssht,0,1,1,0.0
SslB,2,3,5,0.4
SslH,0,3,3,0.0
SslJ,2,0,2,1.0
SslK,1,0,1,1.0
SslL,4,3,7,0.57
SslM,4,5,9,0.44
SslN,5,9,14,0.36
SslP,7,7,14,0.5
SslS,1,2,3,0.33
Sslb,1,3,4,0.25
Ssll,1,3,4,0.25
Sslm,3,2,5,0.6
Ssln,2,3,5,0.4
Ssls,3,4,7,0.43
SsmB,8,7,15,0.53
SsmD,1,1,2,0.5
SsmH,9,4,13,0.69
SsmI,0,1,1,0.0
SsmJ,2,3,5,0.4
SsmL,0,4,4,0.0
SsmM,13,8,21,0.62
SsmN,12,9,21,0.57
SsmP,13,9,22,0.59
SsmS,8,9,17,0.47
Ssmb,12,10,22,0.55
Ssml,4,4,8,0.5
Ssmm,13,2,15,0.87
Ssmn,11,8,19,0.58
Ssms,4,7,11,0.36
SsnB,6,5,11,0.55
SsnD,2,0,2,1.0
SsnH,4,7,11,0.36
SsnI,5,1,6,0.83
SsnK,0,0,0,
SsnL,1,1,2,0.5
SsnM,9,7,16,0.56
SsnN,17,8,25,0.68
SsnP,16,14,30,0.53
SsnS,12,6,18,0.67
Ssnb,7,7,14,0.5
Ssnl,5,2,7,0.71
Ssnm,7,10,17,0.41
Ssnn,11,7,18,0.61
Ssns,13,7,20,0.65
SssB,5,8,13,0.38
SssD,3,0,3,1.0
SssH,14,13,27,0.52
SssI,4,1,5,0.8
SssK,1,0,1,1.0
SssL,2,5,7,0.29
SssM,15,10,25,0.6
SssN,15,12,27,0.56
SssP,14,18,32,0.44
SssS,16,20,36,0.44
Sssb,10,6,16,0.62
Sssh,1,0,1,1.0
Sssl,10,3,13,0.77
Sssm,15,5,20,0.75
Sssn,16,6,22,0.73
Ssss,19,18,37,0.51
SstB,1,0,1,1.0
SstM,0,0,0,
SstN,0,1,1,0.0
Sstm,0,0,0,
StBB,0,4,4,0.0
StBD,0,1,1,0.0
StBL,0,0,0,
StBM,0,1,1,0.0
StBN,1,0,1,1.0
StBP,1,2,3,0.33
StBb,0,2,2,0.0
StBl,2,0,2,1.0
StBm,0,0,0,
StBn,0,1,1,0.0
StBs,1,2,3,0.33
StBt,0,0,0,
StDB,0,0,0,
StDD,0,1,1,0.0
StDH,0,0,0,
StDM,0,0,0,
StDN,1,0,1,1.0
StDP,0,0,0,
StDb,0,1,1,0.0
StDl,1,0,1,1.0
StDm,0,1,1,0.0
StDn,1,0,1,1.0
StDs,0,0,0,
StHH,1,0,1,1.0
StHL,1,0,1,1.0
StHM,1,1,2,0.5
StHP,0,1,1,0.0
StHS,2,0,2,1.0
StHb,1,2,3,0.33
StHh,1,2,3,0.33
StHm,1,0,1,1.0
StHn,0,1,1,0.0
StHs,2,2,4,0.5
StIP,0,1,1,0.0
StIb,1,0,1,1.0
StKD,1,0,1,1.0
StKl,0,1,1,0.0
StLB,0,1,1,0.0
StLM,1,1,2,0.5
StLN,0,0,0,
StLP,1,1,2,0.5
StLS,1,0,1,1.0
StLb,0,1,1,0.0
StLj,1,0,1,1.0
StLl,0,1,1,0.0
StLm,2,0,2,1.0
StLn,2,2,4,0.5
StLs,0,0,0,
StMB,1,3,4,0.25
StMD,0,1,1,0.0
StML,1,1,2,0.5
StMM,1,1,2,0.5
StMN,1,4,5,0.2
StMP,0,3,3,0.0
StMS,0,3,3,0.0
StMb,1,0,1,1.0
StMj,0,1,1,0.0
StMl,1,1,2,0.5
StMm,3,2,5,0.6
StMn,2,2,4,0.5
StMs,0,1,1,0.0
StNB,4,1,5,0.8
StNH,1,0,1,1.0
StNL,1,1,2,0.5
StNM,3,1,4,0.75
StNN,3,2,5,0.6
StNP,0,4,4,0.0
StNS,0,2,2,0.0
StNb,1,5,6,0.17
StNh,0,1,1,0.0
StNl,1,2,3,0.33
StNm,3,0,3,1.0
StNn,0,5,5,0.0
StNs,3,2,5,0.6
StPB,2,2,4,0.5
StPH,1,0,1,1.0
StPI,0,0,0,
StPL,3,1,4,0.75
StPM,2,4,6,0.33
StPN,2,3,5,0.4
StPP,1,3,4,0.25
StPS,2,1,3,0.67
StPb,0,4,4,0.0
StPh,1,0,1,1.0
StPl,2,1,3,0.67
StPm,1,1,2,0.5
StPn,0,1,1,0.0
StPs,5,1,6,0.83
StPt,0,1,1,0.0
StSB,2,2,4,0.5
StSH,2,1,3,0.67
StSL,2,0,2,1.0
StSM,2,2,4,0.5
StSN,0,1,1,0.0
StSP,2,3,5,0.4
StSS,3,3,6,0.5
StSb,3,3,6,0.5
StSh,0,1,1,0.0
StSl,0,0,0,
StSm,3,5,8,0.38
StSn,1,2,3,0.33
StSs,1,3,4,0.25
StSt,0,1,1,0.0
StbB,2,1,3,0.67
StbH,1,0,1,1.0
StbJ,1,0,1,1.0
StbK,2,0,2,1.0
StbL,1,2,3,0.33
StbM,1,2,3,0.33
StbN,2,3,5,0.4
StbP,2,2,4,0.5
StbS,1,1,2,0.5
Stbb,1,2,3,0.33
Stbl,1,0,1,1.0
Stbm,1,5,6,0.17
Stbn,0,2,2,0.0
Stbs,1,1,2,0.5
Sthm,1,0,1,1.0
StlB,0,1,1,0.0
StlH,1,0,1,1.0
StlM,2,1,3,0.67
StlN,2,1,3,0.67
StlP,1,3,4,0.25
Stlb,0,1,1,0.0
Stln,2,2,4,0.5
StmB,2,2,4,0.5
StmD,0,1,1,0.0
StmH,1,1,2,0.5
StmL,0,1,1,0.0
StmM,2,2,4,0.5
StmN,3,2,5,0.6
StmP,1,0,1,1.0
StmS,1,2,3,0.33
Stmb,0,3,3,0.0
Stml,0,2,2,0.0
Stmm,0,2,2,0.0
Stmn,1,0,1,1.0
StnB,4,0,4,1.0
StnH,1,2,3,0.33
StnI,2,1,3,0.67
StnK,0,0,0,
StnM,1,0,1,1.0
StnN,1,3,4,0.25
StnP,2,2,4,0.5
StnS,1,2,3,0.33
Stnl,0,1,1,0.0
Stnm,2,4,6,0.33
Stnn,0,1,1,0.0
Stns,2,1,3,0.67
StsB,0,0,0,
StsD,0,0,0,
StsH,0,3,3,0.0
StsM,1,0,1,1.0
StsN,1,3,4,0.25
StsP,0,0,0,
StsS,3,2,5,0.6
Stsb,0,2,2,0.0
Stsl,0,1,1,0.0
Stsm,1,2,3,0.33
Stsn,0,3,3,0.0
Stss,3,0,3,1.0
SttB,1,0,1,1.0
SttD,0,1,1,0.0
SttN,2,1,3,0.67
SttP,1,1,2,0.5
SttS,0,1,1,0.0
Sttb,0,1,1,0.0
Sttm,1,0,1,1.0
Sttn,2,0,2,1.0
Stts,2,0,2,1.0
bBBB,14,10,24,0.58
bBBD,0,1,1,0.0
bBBK,0,1,1,0.0
bBBL,8,3,11,0.73
bBBM,9,7,16,0.56
bBBN,14,14,28,0.5
bBBP,17,14,31,0.55
bBBS,10,8,18,0.56
bBBb,13,15,28,0.46
bBBh,0,3,3,0.0
bBBj,1,1,2,0.5
bBBl,3,5,8,0.38
bBBm,5,11,16,0.31
bBBn,14,16,30,0.47
bBBs,4,9,13,0.31
bBBt,3,1,4,0.75
bBDD,1,0,1,1.0
bBDH,0,3,3,0.0
bBDL,2,0,2,1.0
bBDN,0,1,1,0.0
bBDP,1,1,2,0.5
bBDS,0,2,2,0.0
bBDb,0,1,1,0.0
bBDm,1,0,1,1.0
bBDn,1,0,1,1.0
bBHM,1,2,3,0.33
bBHN,0,1,1,0.0
bBIH,0,1,1,0.0
bBKB,0,1,1,0.0
bBKM,0,1,1,0.0
bBKN,0,0,0,
bBKP,2,1,3,0.67
bBKS,0,2,2,0.0
bBKb,0,3,3,0.0
bBKh,0,3,3,0.0
bBKl,1,0,1,1.0
bBKm,1,0,1,1.0
bBLB,6,4,10,0.6
bBLD,1,1,2,0.5
bBLK,0,2,2,0.0
bBLL,2,1,3,0.67
bBLM,5,3,8,0.62
bBLN,5,6,11,0.45
bBLP,3,6,9,0.33
bBLS,6,5,11,0.55
bBLb,2,4,6,0.33
bBLh,2,2,4,0.5
bBLj,1,0,1,1.0
bBLl,4,2,6,0.67
bBLm,6,4,10,0.6
bBLn,6,6,12,0.5
bBLs,5,5,10,0.5
bBMB,3,9,12,0.25
bBMD,2,0,2,1.0
bBML,5,6,11,0.45
bBMM,9,10,19,0.47
bBMN,9,8,17,0.53
bBMP,16,11,27,0.59
bBMS,5,11,16,0.31
bBMb,10,10,20,0.5
bBMh,5,7,12,0.42
bBMj,1,2,3,0.33
bBMl,5,1,6,0.83
bBMm,4,7,11,0.36
bBMn,14,13,27,0.52
bBMs,8,11,19,0.42
bBMt,2,0,2,1.0
bBNB,10,10,20,0.5
bBND,1,0,1,1.0
bBNH,3,2,5,0.6
bBNK,2,0,2,1.0
bBNL,2,5,7,0.29
bBNM,16,12,28,0.57
bBNN,17,10,27,0.63
bBNP,23,27,50,0.46
bBNS,6,10,16,0.38
bBNb,11,13,24,0.46
bBNh,5,12,17,0.29
bBNl,8,5,13,0.62
bBNm,12,10,22,0.55
bBNn,20,17,37,0.54
bBNs,11,3,14,0.79
bBNt,2,3,5,0.4
bBPB,18,16,34,0.53
bBPD,1,0,1,1.0
bBPH,10,2,12,0.83
bBPI,2,1,3,0.67
bBPK,1,2,3,0.33
bBPL,5,9,14,0.36
bBPM,13,17,30,0.43
bBPN,21,24,45,0.47
bBPP,29,21,50,0.58
bBPS,11,10,21,0.52
bBPb,14,17,31,0.45
bBPh,4,4,8,0.5
bBPl,13,4,17,0.76
bBPm,20,9,29,0.69
bBPn,19,18,37,0.51
bBPs,14,10,24,0.58
bBPt,3,3,6,0.5
bBSB,8,6,14,0.57
bBSD,1,1,2,0.5
bBSH,1,2,3,0.33
bBSL,2,3,5,0.4
bBSM,2,5,7,0.29
bBSN,4,8,12,0.33
bBSP,9,8,17,0.53
bBSS,7,6,13,0.54
bBSb,5,5,10,0.5
bBSh,8,4,12,0.67
bBSl,2,1,3,0.67
bBSm,10,5,15,0.67
bBSn,7,14,21,0.33
bBSs,6,5,11,0.55
bBSt,0,1,1,0.0
bBbB,17,15,32,0.53
bBbD,2,1,3,0.67
bBbH,4,8,12,0.33
bBbI,4,2,6,0.67
bBbJ,2,3,5,0.4
bBbK,1,2,3,0.33
bBbL,4,4,8,0.5
bBbM,7,10,17,0.41
bBbN,20,12,32,0.62
bBbP,21,18,39,0.54
bBbS,10,4,14,0.71
bBbb,19,17,36,0.53
bBbl,8,3,11,0.73
bBbm,6,10,16,0.38
bBbn,14,11,25,0.56
bBbs,6,4,10,0.6
bBhB,0,1,1,0.0
bBhH,0,1,1,0.0
bBhL,1,0,1,1.0
bBhM,1,4,5,0.2
bBhN,3,0,3,1.0
bBhP,2,3,5,0.4
bBhS,1,0,1,1.0
bBhb,2,4,6,0.33
bBhh,0,2,2,0.0
bBhm,0,2,2,0.0
bBhn,4,4,8,0.5
bBhs,1,0,1,1.0
bBjB,5,2,7,0.71
bBjD,1,1,2,0.5
bBjH,2,2,4,0.5
bBjI,0,1,1,0.0
bBjL,3,1,4,0.75
bBjM,2,3,5,0.4
bBjN,7,2,9,0.78
bBjP,7,8,15,0.47
bBjS,2,1,3,0.67
bBjb,7,1,8,0.88
bBjh,1,2,3,0.33
bBjl,2,3,5,0.4
bBjm,4,3,7,0.57
bBjn,5,3,8,0.62
bBjs,2,2,4,0.5
bBjt,0,0,0,
bBlB,5,5,10,0.5
bBlD,0,1,1,0.0
bBlH,2,2,4,0.5
bBlI,0,2,2,0.0
bBlJ,0,0,0,
bBlL,2,1,3,0.67
bBlM,4,4,8,0.5
bBlN,6,3,9,0.67
bBlP,4,10,14,0.29
bBlS,5,2,7,0.71
bBlb,4,4,8,0.5
bBll,3,3,6,0.5
bBlm,6,1,7,0.86
bBln,3,4,7,0.43
bBls,1,3,4,0.25
bBmB,10,6,16,0.62
bBmD,4,2,6,0.67
bBmH,8,4,12,0.67
bBmI,0,0,0,
bBmJ,4,3,7,0.57
bBmL,5,5,10,0.5
bBmM,8,16,24,0.33
bBmN,10,13,23,0.43
bBmP,12,14,26,0.46
bBmS,3,6,9,0.33
bBmb,11,10,21,0.52
bBml,2,1,3,0.67
bBmm,7,8,15,0.47
bBmn,10,12,22,0.45
bBms,2,5,7,0.29
bBnB,18,8,26,0.69
bBnD,4,0,4,1.0
bBnH,10,8,18,0.56
bBnI,3,3,6,0.5
bBnK,1,0,1,1.0
bBnL,4,12,16,0.25
bBnM,8,13,21,0.38
bBnN,21,22,43,0.49
bBnP,25,25,50,0.5
bBnS,11,13,24,0.46
bBnb,15,10,25,0.6
bBnh,2,1,3,0.67
bBnl,6,6,12,0.5
bBnm,17,8,25,0.68
bBnn,14,18,32,0.44
bBns,10,15,25,0.4
bBsB,7,5,12,0.58
bBsD,0,1,1,0.0
bBsH,3,5,8,0.38
bBsI,0,1,1,0.0
bBsL,1,2,3,0.33
bBsM,2,2,4,0.5
bBsN,9,6,15,0.6
bBsP,11,14,25,0.44
bBsS,10,8,18,0.56
bBsb,5,6,11,0.45
bBsh,1,0,1,1.0
bBsl,5,1,6,0.83
bBsm,5,4,9,0.56
bBsn,4,4,8,0.5
bBss,1,5,6,0.17
bBtB,0,4,4,0.0
bBtH,1,1,2,0.5
bBtL,1,3,4,0.25
bBtM,2,3,5,0.4
bBtN,1,3,4,0.25
bBtP,5,3,8,0.62
bBtS,1,1,2,0.5
bBtb,2,0,2,1.0
bBtl,3,0,3,1.0
bBtm,1,3,4,0.25
bBtn,3,1,4,0.75
bBts,1,1,2,0.5
bBtt,1,0,1,1.0
bDBB,1,0,1,1.0
bDBK,0,0,0,
bDBM,1,1,2,0.5
bDBN,1,2,3,0.33
bDBP,1,0,1,1.0
bDBS,3,0,3,1.0
bDBb,2,2,4,0.5
bDBm,1,0,1,1.0
bDBn,2,0,2,1.0
bDBs,1,0,1,1.0
bDDH,1,0,1,1.0
bDHB,0,1,1,0.0
bDHK,0,1,1,0.0
bDHL,0,1,1,0.0
bDHM,2,2,4,0.5
bDHP,1,2,3,0.33
bDHm,1,2,3,0.33
bDHn,3,1,4,0.75
bDIb,1,0,1,1.0
bDKm,1,0,1,1.0
bDLB,1,1,2,0.5
bDLM,1,0,1,1.0
bDLN,1,0,1,1.0
bDLP,0,1,1,0.0
bDLS,0,1,1,0.0
bDLb,1,0,1,1.0
bDLm,1,1,2,0.5
bDMB,1,1,2,0.5
bDML,1,1,2,0.5
bDMM,0,1,1,0.0
bDMN,0,1,1,0.0
bDMP,2,0,2,1.0
bDMS,1,1,2,0.5
bDMj,0,1,1,0.0
bDMl,1,1,2,0.5
bDMm,1,0,1,1.0
bDMn,0,2,2,0.0
bDMs,1,0,1,1.0
bDNB,2,2,4,0.5
bDNK,1,0,1,1.0
bDNM,0,0,0,
bDNN,2,0,2,1.0
bDNP,2,2,4,0.5
bDNS,1,1,2,0.5
bDNb,1,0,1,1.0
bDNm,1,2,3,0.33
bDNn,3,0,3,1.0
bDNs,0,1,1,0.0
bDPB,1,2,3,0.33
bDPL,0,1,1,0.0
bDPM,1,1,2,0.5
bDPP,4,1,5,0.8
bDPS,0,1,1,0.0
bDPb,2,1,3,0.67
bDPl,1,0,1,1.0
bDPm,1,1,2,0.5
bDPn,2,2,4,0.5
bDPs,1,2,3,0.33
bDSB,2,0,2,1.0
bDSD,1,0,1,1.0
bDSL,1,0,1,1.0
bDSP,1,0,1,1.0
bDSb,1,1,2,0.5
bDSn,1,1,2,0.5
bDSs,0,2,2,0.0
bDbB,1,0,1,1.0
bDbH,1,2,3,0.33
bDbJ,0,1,1,0.0
bDbL,1,0,1,1.0
bDbM,1,0,1,1.0
bDbN,2,0,2,1.0
bDbP,2,0,2,1.0
bDbS,0,1,1,0.0
bDbb,2,2,4,0.5
bDbs,1,0,1,1.0
bDlB,0,1,1,0.0
bDlL,1,0,1,1.0
bDlM,1,0,1,1.0
bDlN,0,0,0,
bDlP,2,1,3,0.67
bDmB,2,2,4,0.5
bDmH,0,1,1,0.0
bDmM,0,1,1,0.0
bDmN,2,1,3,0.67
bDmP,2,0,2,1.0
bDmS,0,1,1,0.0
bDmb,0,2,2,0.0
bDml,1,1,2,0.5
bDmm,1,0,1,1.0
bDmn,1,0,1,1.0
bDnH,0,1,1,0.0
bDnI,1,0,1,1.0
bDnL,1,0,1,1.0
bDnM,2,1,3,0.67
bDnN,0,1,1,0.0
bDnS,2,2,4,0.5
bDnb,2,1,3,0.67
bDnm,0,2,2,0.0
bDnn,1,0,1,1.0
bDns,0,0,0,
bDsB,0,1,1,0.0
bDsH,1,0,1,1.0
bDsL,0,1,1,0.0
bDsM,0,2,2,0.0
bDsP,1,0,1,1.0
bDsS,1,0,1,1.0
bDsb,1,0,1,1.0
bDsl,0,1,1,0.0
bDsn,1,0,1,1.0
bDss,0,1,1,0.0
bDtL,0,1,1,0.0
bDtM,1,0,1,1.0
bDtN,1,0,1,1.0
bDtP,1,1,2,0.5
bDtS,1,0,1,1.0
bDtb,0,0,0,
bDtl,0,1,1,0.0
bDtn,1,0,1,1.0
bHBB,1,2,3,0.33
bHBL,2,1,3,0.67
bHBM,3,5,8,0.38
bHBN,2,4,6,0.33
bHBP,3,5,8,0.38
bHBS,2,0,2,1.0
bHBb,4,1,5,0.8
bHBh,0,1,1,0.0
bHBj,1,1,2,0.5
bHBl,2,0,2,1.0
bHBm,2,2,4,0.5
bHBn,4,8,12,0.33
bHBs,1,2,3,0.33
bHBt,1,0,1,1.0
bHDB,0,0,0,
bHDM,0,1,1,0.0
bHDS,2,0,2,1.0
bHDb,1,0,1,1.0
bHHB,1,0,1,1.0
bHHD,0,1,1,0.0
bHHM,0,2,2,0.0
bHHN,0,0,0,
bHHP,2,0,2,1.0
bHHS,3,0,3,1.0
bHHb,1,1,2,0.5
bHHl,1,0,1,1.0
bHHm,1,0,1,1.0
bHIH,0,2,2,0.0
bHIP,2,0,2,1.0
bHIm,1,0,1,1.0
bHIn,1,0,1,1.0
bHKM,0,1,1,0.0
bHKN,1,0,1,1.0
bHKP,3,0,3,1.0
bHKb,1,0,1,1.0
bHKm,1,0,1,1.0
bHKs,0,1,1,0.0
bHLB,1,1,2,0.5
bHLL,0,2,2,0.0
bHLM,3,0,3,1.0
bHLN,1,2,3,0.33
bHLP,0,1,1,0.0
bHLS,1,2,3,0.33
bHLb,0,0,0,
bHLh,0,1,1,0.0
bHLl,0,1,1,0.0
bHLm,0,2,2,0.0
bHLn,2,2,4,0.5
bHLs,2,0,2,1.0
bHLt,1,1,2,0.5
bHMB,5,2,7,0.71
bHMD,2,0,2,1.0
bHML,2,1,3,0.67
bHMM,1,6,7,0.14
bHMN,3,0,3,1.0
bHMP,4,3,7,0.57
bHMS,1,1,2,0.5
bHMb,2,2,4,0.5
bHMh,1,4,5,0.2
bHMj,1,1,2,0.5
bHMl,3,1,4,0.75
bHMm,4,1,5,0.8
bHMn,2,5,7,0.29
bHMs,1,1,2,0.5
bHMt,0,1,1,0.0
bHNB,1,4,5,0.2
bHND,1,0,1,1.0
bHNL,0,2,2,0.0
bHNM,2,2,4,0.5
bHNN,5,4,9,0.56
bHNP,4,4,8,0.5
bHNS,1,3,4,0.25
bHNb,3,0,3,1.0
bHNh,4,2,6,0.67
bHNl,2,1,3,0.67
bHNm,4,3,7,0.57
bHNn,4,7,11,0.36
bHNs,1,2,3,0.33
bHNt,0,1,1,0.0
bHPB,3,3,6,0.5
bHPD,0,2,2,0.0
bHPH,1,2,3,0.33
bHPI,0,1,1,0.0
bHPK,1,0,1,1.0
bHPL,3,1,4,0.75
bHPM,4,9,13,0.31
bHPN,6,6,12,0.5
bHPP,10,11,21,0.48
bHPS,4,5,9,0.44
bHPb,3,7,10,0.3
bHPl,1,1,2,0.5
bHPm,3,2,5,0.6
bHPn,4,10,14,0.29
bHPs,2,4,6,0.33
bHSB,1,0,1,1.0
bHSH,1,0,1,1.0
bHSL,1,1,2,0.5
bHSM,4,1,5,0.8
bHSN,2,4,6,0.33
bHSP,1,4,5,0.2
bHSS,2,0,2,1.0
bHSb,2,0,2,1.0
bHSh,0,1,1,0.0
bHSl,1,0,1,1.0
bHSm,1,1,2,0.5
bHSn,1,2,3,0.33
bHSs,4,1,5,0.8
bHbB,2,1,3,0.67
bHbD,1,0,1,1.0
bHbH,0,1,1,0.0
bHbI,0,0,0,
bHbJ,1,0,1,1.0
bHbK,1,0,1,1.0
bHbL,0,2,2,0.0
bHbM,1,3,4,0.25
bHbN,2,5,7,0.29
bHbP,6,3,9,0.67
bHbS,2,1,3,0.67
bHbb,4,3,7,0.57
bHbl,0,1,1,0.0
bHbm,2,0,2,1.0
bHbn,6,5,11,0.55
bHbs,3,3,6,0.5
bHhI,1,1,2,0.5
bHhK,1,0,1,1.0
bHhL,1,0,1,1.0
bHhM,1,1,2,0.5
bHhN,0,3,3,0.0
bHhP,1,1,2,0.5
bHhS,1,2,3,0.33
bHhb,2,4,6,0.33
bHhh,1,1,2,0.5
bHhm,1,0,1,1.0
bHhn,1,1,2,0.5
bHhs,1,2,3,0.33
bHlB,2,4,6,0.33
bHlH,0,1,1,0.0
bHlJ,0,0,0,
bHlL,2,1,3,0.67
bHlM,1,1,2,0.5
bHlN,1,4,5,0.2
bHlS,1,1,2,0.5
bHlb,3,2,5,0.6
bHlm,0,1,1,0.0
bHln,2,2,4,0.5
bHls,0,2,2,0.0
bHmB,1,0,1,1.0
bHmD,0,2,2,0.0
bHmH,1,1,2,0.5
bHmJ,1,1,2,0.5
bHmM,4,4,8,0.5
bHmN,5,0,5,1.0
bHmP,3,5,8,0.38
bHmS,1,3,4,0.25
bHmb,1,2,3,0.33
bHmm,1,3,4,0.25
bHmn,9,1,10,0.9
bHms,2,2,4,0.5
bHnB,3,2,5,0.6
bHnH,6,0,6,1.0
bHnI,0,1,1,0.0
bHnL,1,1,2,0.5
bHnM,2,2,4,0.5
bHnN,2,3,5,0.4
bHnP,8,4,12,0.67
bHnS,3,6,9,0.33
bHnb,3,2,5,0.6
bHnh,1,1,2,0.5
bHnl,0,2,2,0.0
bHnm,3,0,3,1.0
bHnn,7,2,9,0.78
bHns,5,0,5,1.0
bHsB,0,1,1,0.0
bHsD,0,1,1,0.0
bHsH,3,0,3,1.0
bHsL,2,1,3,0.67
bHsM,1,1,2,0.5
bHsN,1,4,5,0.2
bHsP,4,6,10,0.4
bHsS,2,1,3,0.67
bHsb,2,1,3,0.67
bHsl,1,0,1,1.0
bHsm,2,2,4,0.5
bHsn,0,2,2,0.0
bHss,5,2,7,0.71
bHtN,0,1,1,0.0
bHtP,1,1,2,0.5
bHtl,1,0,1,1.0
bIBM,3,1,4,0.75
bIBN,1,2,3,0.33
bIBP,0,1,1,0.0
bIBS,0,3,3,0.0
bIBb,2,2,4,0.5
bIBm,1,0,1,1.0
bIBn,0,1,1,0.0
bIBs,2,1,3,0.67
bIBt,1,0,1,1.0
bIDB,1,0,1,1.0
bIDI,0,0,0,
bIDS,1,0,1,1.0
bIHB,0,1,1,0.0
bIHL,0,2,2,0.0
bIHN,2,0,2,1.0
bIHP,0,1,1,0.0
bIHS,3,1,4,0.75
bIHb,0,0,0,
bIHh,1,0,1,1.0
bIHl,3,0,3,1.0
bIHn,1,0,1,1.0
bIHs,2,0,2,1.0
bIIH,0,1,1,0.0
bIIb,1,0,1,1.0
bIKP,1,0,1,1.0
bILB,0,1,1,0.0
bILM,1,1,2,0.5
bILN,1,0,1,1.0
bILP,1,1,2,0.5
bILS,1,1,2,0.5
bILb,1,2,3,0.33
bILh,1,0,1,1.0
bILj,1,0,1,1.0
bILm,1,0,1,1.0
bILn,1,1,2,0.5
bILs,3,0,3,1.0
bIMB,0,1,1,0.0
bIMD,0,1,1,0.0
bIMM,2,2,4,0.5
bIMN,2,2,4,0.5
bIMP,1,4,5,0.2
bIMS,1,1,2,0.5
bIMb,0,1,1,0.0
bIMh,1,1,2,0.5
bIMj,0,1,1,0.0
bIMl,1,0,1,1.0
bIMm,0,1,1,0.0
bIMn,2,1,3,0.67
bIMs,1,3,4,0.25
bINB,1,2,3,0.33
bIND,0,1,1,0.0
bINL,1,0,1,1.0
bINM,1,0,1,1.0
bINN,1,2,3,0.33
bINP,2,1,3,0.67
bINS,1,0,1,1.0
bINb,0,1,1,0.0
bINl,1,1,2,0.5
bINm,0,3,3,0.0
bINn,2,1,3,0.67
bINs,1,1,2,0.5
bINt,1,0,1,1.0
bIPB,4,1,5,0.8
bIPH,0,1,1,0.0
bIPL,1,1,2,0.5
bIPM,0,2,2,0.0
bIPN,3,3,6,0.5
bIPP,2,2,4,0.5
bIPS,1,1,2,0.5
bIPb,3,1,4,0.75
bIPl,1,1,2,0.5
bIPm,2,2,4,0.5
bIPn,1,3,4,0.25
bIPs,1,1,2,0.5
bIPt,0,1,1,0.0
bISB,2,2,4,0.5
bISH,1,0,1,1.0
bISL,0,0,0,
bISM,1,2,3,0.33
bISN,0,2,2,0.0
bISP,2,2,4,0.5
bISS,2,1,3,0.67
bISb,4,0,4,1.0
bISl,1,0,1,1.0
bISm,1,2,3,0.33
bISn,3,1,4,0.75
bISs,2,0,2,1.0
bIbL,0,1,1,0.0
bIbM,3,1,4,0.75
bIbN,1,0,1,1.0
bIbP,2,2,4,0.5
bIbS,1,0,1,1.0
bIbb,1,1,2,0.5
bIbn,0,2,2,0.0
bIbs,1,1,2,0.5
bIlB,1,0,1,1.0
bIlH,1,1,2,0.5
bIlJ,1,0,1,1.0
bIlM,1,0,1,1.0
bIlS,2,1,3,0.67
bIlb,0,1,1,0.0
bIll,0,1,1,0.0
bIln,3,0,3,1.0
bImB,0,1,1,0.0
bImH,1,0,1,1.0
bImJ,1,0,1,1.0
bImM,1,0,1,1.0
bImN,3,2,5,0.6
bImb,0,1,1,0.0
bIml,1,0,1,1.0
bImn,0,1,1,0.0
bInB,1,0,1,1.0
bInD,1,0,1,1.0
bInH,1,0,1,1.0
bInL,0,1,1,0.0
bInM,1,0,1,1.0
bInN,0,2,2,0.0
bInP,0,4,4,0.0
bInS,1,1,2,0.5
bInb,0,1,1,0.0
bInl,0,0,0,
bInn,0,1,1,0.0
bIns,2,0,2,1.0
bIsD,1,0,1,1.0
bIsH,0,1,1,0.0
bIsL,0,1,1,0.0
bIsM,1,0,1,1.0
bIsP,1,2,3,0.33
bIsS,0,2,2,0.0
bIsb,0,2,2,0.0
bIsl,0,1,1,0.0
bIsm,2,1,3,0.67
bIsn,1,0,1,1.0
bIss,0,1,1,0.0
bJBB,2,4,6,0.33
bJBD,0,0,0,
bJBK,0,1,1,0.0
bJBL,1,1,2,0.5
bJBM,3,3,6,0.5
bJBN,3,2,5,0.6
bJBP,4,3,7,0.57
bJBS,0,8,8,0.0
bJBb,1,2,3,0.33
bJBh,0,0,0,
bJBj,1,0,1,1.0
bJBl,1,3,4,0.25
bJBm,3,1,4,0.75
bJBn,11,4,15,0.73
bJBs,2,4,6,0.33
bJBt,4,0,4,1.0
bJDH,1,0,1,1.0
bJDM,0,1,1,0.0
bJDS,2,0,2,1.0
bJDb,1,0,1,1.0
bJDl,0,1,1,0.0
bJDm,1,0,1,1.0
bJHB,1,1,2,0.5
bJHH,1,0,1,1.0
bJHM,3,1,4,0.75
bJHN,1,0,1,1.0
bJHP,2,1,3,0.67
bJHS,1,2,3,0.33
bJHb,0,2,2,0.0
bJHh,1,0,1,1.0
bJHl,0,1,1,0.0
bJHm,1,0,1,1.0
bJHn,2,4,6,0.33
bJHs,1,0,1,1.0
bJIB,1,1,2,0.5
bJIH,2,0,2,1.0
bJIL,0,1,1,0.0
bJIN,0,1,1,0.0
bJIP,1,0,1,1.0
bJIb,0,2,2,0.0
bJIl,1,0,1,1.0
bJIm,1,0,1,1.0
bJIs,0,1,1,0.0
bJKN,0,1,1,0.0
bJKP,2,0,2,1.0
bJKS,0,1,1,0.0
bJKh,0,0,0,
bJKl,0,1,1,0.0
bJKn,2,1,3,0.67
bJLB,2,2,4,0.5
bJLL,3,0,3,1.0
bJLM,3,4,7,0.43
bJLN,2,1,3,0.67
bJLP,2,8,10,0.2
bJLS,0,2,2,0.0
bJLb,7,1,8,0.88
bJLh,0,2,2,0.0
bJLj,0,0,0,
bJLl,4,0,4,1.0
bJLm,3,2,5,0.6
bJLn,4,1,5,0.8
bJLs,1,1,2,0.5
bJLt,1,0,1,1.0
bJMB,2,3,5,0.4
bJMD,1,1,2,0.5
bJML,2,2,4,0.5
bJMM,2,4,6,0.33
bJMN,1,4,5,0.2
bJMP,3,3,6,0.5
bJMS,2,7,9,0.22
bJMb,1,2,3,0.33
bJMh,2,1,3,0.67
bJMj,1,0,1,1.0
bJMl,0,3,3,0.0
bJMm,3,1,4,0.75
bJMn,5,5,10,0.5
bJMs,2,1,3,0.67
bJMt,0,2,2,0.0
bJNB,3,2,5,0.6
bJND,0,1,1,0.0
bJNH,0,0,0,
bJNK,0,1,1,0.0
bJNL,1,1,2,0.5
bJNM,3,6,9,0.33
bJNN,5,4,9,0.56
bJNP,5,9,14,0.36
bJNS,4,3,7,0.57
bJNb,4,3,7,0.57
bJNh,1,2,3,0.33
bJNl,4,1,5,0.8
bJNm,4,2,6,0.67
bJNn,4,4,8,0.5
bJNs,0,1,1,0.0
bJNt,2,0,2,1.0
bJPB,9,1,10,0.9
bJPH,4,0,4,1.0
bJPI,1,0,1,1.0
bJPK,1,1,2,0.5
bJPL,3,4,7,0.43
bJPM,3,0,3,1.0
bJPN,7,6,13,0.54
bJPP,10,19,29,0.34
bJPS,5,6,11,0.45
bJPb,3,6,9,0.33
bJPh,1,1,2,0.5
bJPl,1,4,5,0.2
bJPm,6,2,8,0.75
bJPn,5,2,7,0.71
bJPs,4,2,6,0.67
bJPt,0,1,1,0.0
bJSB,2,0,2,1.0
bJSD,1,0,1,1.0
bJSH,2,1,3,0.67
bJSK,1,1,2,0.5
bJSL,2,1,3,0.67
bJSM,3,6,9,0.33
bJSN,1,1,2,0.5
bJSP,5,3,8,0.62
bJSS,2,1,3,0.67
bJSh,1,0,1,1.0
bJSl,1,1,2,0.5
bJSm,2,0,2,1.0
bJSn,4,2,6,0.67
bJSs,4,0,4,1.0
bJSt,1,0,1,1.0
bJbB,5,6,11,0.45
bJbH,1,1,2,0.5
bJbI,1,0,1,1.0
bJbJ,1,2,3,0.33
bJbL,4,2,6,0.67
bJbM,4,3,7,0.57
bJbN,6,5,11,0.55
bJbP,6,6,12,0.5
bJbS,1,1,2,0.5
bJbb,6,3,9,0.67
bJbl,5,0,5,1.0
bJbm,1,2,3,0.33
bJbn,2,2,4,0.5
bJbs,4,0,4,1.0
bJhI,1,0,1,1.0
bJhM,1,0,1,1.0
bJhP,1,0,1,1.0
bJhS,0,1,1,0.0
bJhb,1,1,2,0.5
bJhm,2,0,2,1.0
bJhn,0,1,1,0.0
bJhs,1,2,3,0.33
bJht,0,1,1,0.0
bJlB,5,0,5,1.0
bJlH,1,1,2,0.5
bJlJ,1,1,2,0.5
bJlL,0,3,3,0.0
bJlM,2,1,3,0.67
bJlN,2,1,3,0.67
bJlP,0,3,3,0.0
bJlS,0,3,3,0.0
bJlb,3,2,5,0.6
bJll,1,0,1,1.0
bJlm,3,0,3,1.0
bJln,3,1,4,0.75
bJls,1,1,2,0.5
bJmB,3,2,5,0.6
bJmD,2,0,2,1.0
bJmH,1,3,4,0.25
bJmL,1,3,4,0.25
bJmM,1,6,7,0.14
bJmN,0,2,2,0.0
bJmP,8,3,11,0.73
bJmS,4,2,6,0.67
bJmb,5,5,10,0.5
bJml,0,1,1,0.0
bJmm,1,1,2,0.5
bJmn,5,3,8,0.62
bJms,2,0,2,1.0
bJnB,2,3,5,0.4
bJnD,1,0,1,1.0
bJnH,0,3,3,0.0
bJnL,4,1,5,0.8
bJnM,0,2,2,0.0
bJnN,4,4,8,0.5
bJnP,5,6,11,0.45
bJnS,3,1,4,0.75
bJnb,2,6,8,0.25
bJnl,1,2,3,0.33
bJnm,3,2,5,0.6
bJnn,2,3,5,0.4
bJns,1,1,2,0.5
bJsB,2,1,3,0.67
bJsD,2,1,3,0.67
bJsH,2,4,6,0.33
bJsL,1,0,1,1.0
bJsM,1,1,2,0.5
bJsN,1,3,4,0.25
bJsP,2,5,7,0.29
bJsS,1,4,5,0.2
bJsb,1,3,4,0.25
bJsl,1,3,4,0.25
bJsm,3,1,4,0.75
bJsn,2,1,3,0.67
bJss,0,1,1,0.0
bJtL,1,0,1,1.0
bJtM,0,1,1,0.0
bJtS,1,0,1,1.0
bJtn,0,0,0,
bJts,2,0,2,1.0
bKBB,0,2,2,0.0
bKBL,0,0,0,
bKBM,1,0,1,1.0
bKBN,0,2,2,0.0
bKBS,1,0,1,1.0
bKBb,1,0,1,1.0
bKBm,0,0,0,
bKBn,0,1,1,0.0
bKBs,1,0,1,1.0
bKDP,1,0,1,1.0
bKDm,0,1,1,0.0
bKDs,1,0,1,1.0
bKHB,0,1,1,0.0
bKHD,1,0,1,1.0
bKHb,1,0,1,1.0
bKKN,1,0,1,1.0
bKKs,0,1,1,0.0
bKLB,0,1,1,0.0
bKLL,1,0,1,1.0
bKLP,0,1,1,0.0
bKLj,0,0,0,
bKLm,2,0,2,1.0
bKLn,0,2,2,0.0
bKLt,0,0,0,
bKMD,1,0,1,1.0
bKMM,0,0,0,
bKMN,0,1,1,0.0
bKMP,1,2,3,0.33
bKMS,1,1,2,0.5
bKMb,0,1,1,0.0
bKMh,2,2,4,0.5
bKMl,1,1,2,0.5
bKMn,2,2,4,0.5
bKMs,2,1,3,0.67
bKMt,1,0,1,1.0
bKNB,1,0,1,1.0
bKNH,0,0,0,
bKNK,1,0,1,1.0
bKNM,1,1,2,0.5
bKNN,1,1,2,0.5
bKNP,1,2,3,0.33
bKNb,1,1,2,0.5
bKNh,0,1,1,0.0
bKNn,0,1,1,0.0
bKPB,2,1,3,0.67
bKPH,1,0,1,1.0
bKPL,0,3,3,0.0
bKPM,1,1,2,0.5
bKPN,5,2,7,0.71
bKPP,1,1,2,0.5
bKPS,1,1,2,0.5
bKPb,3,1,4,0.75
bKPl,1,0,1,1.0
bKPm,2,1,3,0.67
bKPn,0,1,1,0.0
bKPs,0,0,0,
bKSB,0,1,1,0.0
bKSH,0,0,0,
bKSM,0,2,2,0.0
bKSN,0,1,1,0.0
bKSP,2,0,2,1.0
bKSb,2,2,4,0.5
bKSh,1,0,1,1.0
bKSm,1,1,2,0.5
bKSn,1,1,2,0.5
bKSs,2,2,4,0.5
bKbB,0,1,1,0.0
bKbJ,1,0,1,1.0
bKbN,2,0,2,1.0
bKbP,2,2,4,0.5
bKbS,1,2,3,0.33
bKbb,2,1,3,0.67
bKbm,1,2,3,0.33
bKhB,0,1,1,0.0
bKhH,0,1,1,0.0
bKhK,1,0,1,1.0
bKhM,0,1,1,0.0
bKhN,0,2,2,0.0
bKhP,0,3,3,0.0
bKhS,1,2,3,0.33
bKhb,2,0,2,1.0
bKhh,0,1,1,0.0
bKhm,1,1,2,0.5
bKhs,2,1,3,0.67
bKlB,1,1,2,0.5
bKlK,0,0,0,
bKlM,1,0,1,1.0
bKlN,1,0,1,1.0
bKlS,0,1,1,0.0
bKlm,1,0,1,1.0
bKln,1,0,1,1.0
bKls,1,0,1,1.0
bKmH,0,1,1,0.0
bKmL,1,0,1,1.0
bKmN,2,0,2,1.0
bKmP,0,1,1,0.0
bKmb,0,1,1,0.0
bKml,1,0,1,1.0
bKmm,2,0,2,1.0
bKms,2,0,2,1.0
bKnB,2,0,2,1.0
bKnH,0,2,2,0.0
bKnI,1,0,1,1.0
bKnL,1,1,2,0.5
bKnM,1,1,2,0.5
bKnN,1,0,1,1.0
bKnP,1,2,3,0.33
bKnS,0,0,0,
bKnb,0,1,1,0.0
bKnl,1,0,1,1.0
bKnn,0,2,2,0.0
bKns,0,2,2,0.0
bKsB,0,1,1,0.0
bKsD,1,0,1,1.0
bKsH,0,1,1,0.0
bKsL,1,0,1,1.0
bKsM,0,1,1,0.0
bKsN,1,0,1,1.0
bKsP,0,2,2,0.0
bKsS,1,0,1,1.0
bKsb,2,0,2,1.0
bKsl,1,0,1,1.0
bKsm,1,0,1,1.0
bKsn,1,0,1,1.0
bKss,1,2,3,0.33
bKts,1,0,1,1.0
bLBB,5,0,5,1.0
bLBK,1,1,2,0.5
bLBL,2,0,2,1.0
bLBM,8,3,11,0.73
bLBN,8,6,14,0.57
bLBP,7,8,15,0.47
bLBS,2,0,2,1.0
bLBb,7,3,10,0.7
bLBh,1,0,1,1.0
bLBj,2,1,3,0.67
bLBl,3,2,5,0.6
bLBm,5,2,7,0.71
bLBn,8,6,14,0.57
bLBs,3,2,5,0.6
bLBt,0,1,1,0.0
bLDH,1,1,2,0.5
bLDP,0,0,0,
bLDS,0,2,2,0.0
bLDb,0,0,0,
bLDn,0,0,0,
bLDs,1,0,1,1.0
bLHP,1,0,1,1.0
bLHm,0,1,1,0.0
bLKP,0,1,1,0.0
bLKS,0,1,1,0.0
bLKm,1,1,2,0.5
bLKn,1,0,1,1.0
bLKs,1,0,1,1.0
bLLB,2,5,7,0.29
bLLH,0,0,0,
bLLK,1,0,1,1.0
bLLL,1,2,3,0.33
bLLM,1,1,2,0.5
bLLN,2,3,5,0.4
bLLP,0,2,2,0.0
bLLS,1,2,3,0.33
bLLb,1,1,2,0.5
bLLj,2,0,2,1.0
bLLl,3,0,3,1.0
bLLm,5,2,7,0.71
bLLn,1,0,1,1.0
bLLs,2,1,3,0.67
bLMB,5,3,8,0.62
bLML,1,3,4,0.25
bLMM,4,5,9,0.44
bLMN,4,5,9,0.44
bLMP,5,4,9,0.56
bLMS,2,2,4,0.5
bLMb,8,5,13,0.62
bLMh,2,4,6,0.33
bLMl,2,0,2,1.0
bLMm,4,5,9,0.44
bLMn,5,5,10,0.5
bLMs,0,5,5,0.0
bLMt,3,0,3,1.0
bLNB,5,4,9,0.56
bLND,0,2,2,0.0
bLNH,0,1,1,0.0
bLNK,1,0,1,1.0
bLNL,0,2,2,0.0
bLNM,0,1,1,0.0
bLNN,5,6,11,0.45
bLNP,7,5,12,0.58
bLNS,4,4,8,0.5
bLNb,2,3,5,0.4
bLNh,3,3,6,0.5
bLNl,4,1,5,0.8
bLNm,3,3,6,0.5
bLNn,6,5,11,0.55
bLNs,7,2,9,0.78
bLNt,1,2,3,0.33
bLPB,10,6,16,0.62
bLPD,0,1,1,0.0
bLPH,3,2,5,0.6
bLPI,1,0,1,1.0
bLPK,1,0,1,1.0
bLPL,2,3,5,0.4
bLPM,4,10,14,0.29
bLPN,9,8,17,0.53
bLPP,8,14,22,0.36
bLPS,6,6,12,0.5
bLPb,8,6,14,0.57
bLPh,0,1,1,0.0
bLPl,9,3,12,0.75
bLPm,8,4,12,0.67
bLPn,9,4,13,0.69
bLPs,5,3,8,0.62
bLPt,1,0,1,1.0
bLSB,5,3,8,0.62
bLSH,1,1,2,0.5
bLSL,0,5,5,0.0
bLSM,4,5,9,0.44
bLSN,6,1,7,0.86
bLSP,9,7,16,0.56
bLSS,9,2,11,0.82
bLSb,1,4,5,0.2
bLSh,3,4,7,0.43
bLSl,4,2,6,0.67
bLSm,5,2,7,0.71
bLSn,0,2,2,0.0
bLSs,3,3,6,0.5
bLSt,0,0,0,
bLbB,3,1,4,0.75
bLbD,0,2,2,0.0
bLbH,1,1,2,0.5
bLbJ,1,4,5,0.2
bLbL,2,5,7,0.29
bLbM,1,4,5,0.2
bLbN,4,2,6,0.67
bLbP,4,0,4,1.0
bLbS,4,3,7,0.57
bLbb,6,4,10,0.6
bLbl,3,0,3,1.0
bLbm,3,3,6,0.5
bLbn,6,4,10,0.6
bLbs,3,1,4,0.75
bLhB,1,2,3,0.33
bLhH,0,1,1,0.0
bLhI,1,0,1,1.0
bLhL,1,0,1,1.0
bLhM,1,2,3,0.33
bLhN,3,1,4,0.75
bLhP,1,2,3,0.33
bLhS,1,2,3,0.33
bLhb,2,4,6,0.33
bLhh,1,0,1,1.0
bLhl,2,0,2,1.0
bLhm,1,0,1,1.0
bLhn,8,2,10,0.8
bLhs,2,0,2,1.0
bLjL,1,1,2,0.5
bLjM,1,1,2,0.5
bLjN,1,3,4,0.25
bLjP,4,3,7,0.57
bLjb,4,0,4,1.0
bLjl,1,1,2,0.5
bLjm,1,1,2,0.5
bLjn,1,1,2,0.5
bLjs,1,0,1,1.0
bLjt,1,0,1,1.0
bLlB,4,1,5,0.8
bLlH,3,2,5,0.6
bLlJ,0,2,2,0.0
bLlK,1,0,1,1.0
bLlL,0,1,1,0.0
bLlM,3,3,6,0.5
bLlN,3,4,7,0.43
bLlP,2,7,9,0.22
bLlS,3,2,5,0.6
bLlb,3,3,6,0.5
bLll,0,1,1,0.0
bLlm,1,3,4,0.25
bLln,3,4,7,0.43
bLls,3,2,5,0.6
bLmB,7,6,13,0.54
bLmD,2,0,2,1.0
bLmH,0,0,0,
bLmJ,2,2,4,0.5
bLmL,4,0,4,1.0
bLmM,4,7,11,0.36
bLmN,6,4,10,0.6
bLmP,5,6,11,0.45
bLmS,2,2,4,0.5
bLmb,6,4,10,0.6
bLml,1,0,1,1.0
bLmm,1,2,3,0.33
bLmn,4,7,11,0.36
bLms,1,3,4,0.25
bLnB,5,6,11,0.45
bLnH,3,5,8,0.38
bLnI,2,1,3,0.67
bLnK,0,1,1,0.0
bLnL,3,2,5,0.6
bLnM,8,3,11,0.73
bLnN,7,6,13,0.54
bLnP,12,8,20,0.6
bLnS,9,5,14,0.64
bLnb,5,4,9,0.56
bLnl,5,4,9,0.56
bLnm,3,4,7,0.43
bLnn,10,12,22,0.45
bLns,3,3,6,0.5
bLsB,7,5,12,0.58
bLsD,0,1,1,0.0
bLsH,2,9,11,0.18
bLsI,0,0,0,
bLsL,2,2,4,0.5
bLsM,4,4,8,0.5
bLsN,1,1,2,0.5
bLsP,4,3,7,0.57
bLsS,2,2,4,0.5
bLsb,2,5,7,0.29
bLsl,0,2,2,0.0
bLsm,4,2,6,0.67
bLsn,3,1,4,0.75
bLss,3,3,6,0.5
bLtB,1,0,1,1.0
bLtH,1,0,1,1.0
bLtL,1,2,3,0.33
bLtM,1,1,2,0.5
bLtN,1,1,2,0.5
bLtP,3,0,3,1.0
bLtS,2,1,3,0.67
bLtb,0,2,2,0.0
bLtl,1,0,1,1.0
bLtm,1,0,1,1.0
bLts,0,1,1,0.0
bMBB,16,10,26,0.62
bMBD,1,0,1,1.0
bMBK,0,2,2,0.0
bMBL,2,6,8,0.25
bMBM,9,7,16,0.56
bMBN,14,12,26,0.54
bMBP,13,19,32,0.41
bMBS,3,6,9,0.33
bMBb,11,5,16,0.69
bMBh,1,1,2,0.5
bMBj,3,7,10,0.3
bMBl,6,1,7,0.86
bMBm,8,7,15,0.53
bMBn,17,19,36,0.47
bMBs,2,4,6,0.33
bMBt,1,2,3,0.33
bMDB,0,1,1,0.0
bMDH,2,0,2,1.0
bMDM,0,1,1,0.0
bMDN,1,0,1,1.0
bMDP,3,0,3,1.0
bMDS,3,1,4,0.75
bMDb,1,3,4,0.25
bMDl,0,2,2,0.0
bMDm,1,1,2,0.5
bMDs,1,0,1,1.0
bMHM,0,1,1,0.0
bMHn,1,0,1,1.0
bMKN,0,0,0,
bMKh,0,1,1,0.0
bMLB,5,2,7,0.71
bMLD,0,1,1,0.0
bMLL,0,3,3,0.0
bMLM,2,6,8,0.25
bMLN,2,6,8,0.25
bMLP,6,4,10,0.6
bMLS,2,2,4,0.5
bMLb,2,4,6,0.33
bMLh,2,2,4,0.5
bMLj,1,1,2,0.5
bMLl,2,1,3,0.67
bMLm,6,4,10,0.6
bMLn,8,3,11,0.73
bMLs,5,1,6,0.83
bMLt,0,2,2,0.0
bMMB,13,5,18,0.72
bMML,3,3,6,0.5
bMMM,8,12,20,0.4
bMMN,12,10,22,0.55
bMMP,18,20,38,0.47
bMMS,8,7,15,0.53
bMMb,7,7,14,0.5
bMMh,8,12,20,0.4
bMMj,0,1,1,0.0
bMMl,3,1,4,0.75
bMMm,7,8,15,0.47
bMMn,12,14,26,0.46
bMMs,16,9,25,0.64
bMMt,0,2,2,0.0
bMNB,8,9,17,0.47
bMND,3,2,5,0.6
bMNH,3,2,5,0.6
bMNI,0,1,1,0.0
bMNK,2,2,4,0.5
bMNL,7,1,8,0.88
bMNM,13,11,24,0.54
bMNN,13,15,28,0.46
bMNP,23,20,43,0.53
bMNS,6,5,11,0.55
bMNb,11,7,18,0.61
bMNh,4,6,10,0.4
bMNl,6,4,10,0.6
bMNm,10,8,18,0.56
bMNn,22,13,35,0.63
bMNs,9,10,19,0.47
bMNt,4,2,6,0.67
bMPB,16,8,24,0.67
bMPD,1,2,3,0.33
bMPH,3,6,9,0.33
bMPI,1,0,1,1.0
bMPK,1,2,3,0.33
bMPL,8,8,16,0.5
bMPM,17,11,28,0.61
bMPN,17,20,37,0.46
bMPP,26,30,56,0.46
bMPS,18,13,31,0.58
bMPb,17,15,32,0.53
bMPh,5,1,6,0.83
bMPl,6,7,13,0.46
bMPm,17,10,27,0.63
bMPn,20,23,43,0.47
bMPs,12,5,17,0.71
bMPt,2,2,4,0.5
bMSB,3,7,10,0.3
bMSH,5,3,8,0.62
bMSL,1,3,4,0.25
bMSM,6,6,12,0.5
bMSN,6,5,11,0.55
bMSP,10,16,26,0.38
bMSS,7,8,15,0.47
bMSb,9,10,19,0.47
bMSh,9,5,14,0.64
bMSl,8,1,9,0.89
bMSm,8,6,14,0.57
bMSn,9,8,17,0.53
bMSs,2,11,13,0.15
bMSt,2,1,3,0.67
bMbB,10,13,23,0.43
bMbD,4,0,4,1.0
bMbH,3,2,5,0.6
bMbI,2,1,3,0.67
bMbJ,3,2,5,0.6
bMbK,3,0,3,1.0
bMbL,1,3,4,0.25
bMbM,17,13,30,0.57
bMbN,19,21,40,0.48
bMbP,17,19,36,0.47
bMbS,5,9,14,0.36
bMbb,13,18,31,0.42
bMbl,4,6,10,0.4
bMbm,14,6,20,0.7
bMbn,18,15,33,0.55
bMbs,7,4,11,0.64
bMhB,8,4,12,0.67
bMhD,1,1,2,0.5
bMhH,2,2,4,0.5
bMhI,1,1,2,0.5
bMhL,5,4,9,0.56
bMhM,5,11,16,0.31
bMhN,13,12,25,0.52
bMhP,12,14,26,0.46
bMhS,15,6,21,0.71
bMhb,5,12,17,0.29
bMhh,6,10,16,0.38
bMhl,7,5,12,0.58
bMhm,2,4,6,0.33
bMhn,7,9,16,0.44
bMhs,5,4,9,0.56
bMht,1,1,2,0.5
bMjB,3,5,8,0.38
bMjD,0,0,0,
bMjH,0,1,1,0.0
bMjK,2,0,2,1.0
bMjL,1,0,1,1.0
bMjM,5,2,7,0.71
bMjN,2,5,7,0.29
bMjP,7,6,13,0.54
bMjS,1,4,5,0.2
bMjb,9,3,12,0.75
bMjh,1,2,3,0.33
bMjl,4,4,8,0.5
bMjm,1,2,3,0.33
bMjn,4,4,8,0.5
bMjs,1,1,2,0.5
bMjt,1,0,1,1.0
bMlB,6,4,10,0.6
bMlD,2,0,2,1.0
bMlH,4,8,12,0.33
bMlJ,3,1,4,0.75
bMlL,2,0,2,1.0
bMlM,4,6,10,0.4
bMlN,7,5,12,0.58
bMlP,8,5,13,0.62
bMlS,3,6,9,0.33
bMlb,4,3,7,0.57
bMll,2,2,4,0.5
bMlm,3,2,5,0.6
bMln,3,2,5,0.6
bMls,2,3,5,0.4
bMmB,9,10,19,0.47
bMmD,0,3,3,0.0
bMmH,5,6,11,0.45
bMmI,2,3,5,0.4
bMmJ,3,2,5,0.6
bMmK,0,1,1,0.0
bMmL,1,5,6,0.17
bMmM,9,8,17,0.53
bMmN,14,15,29,0.48
bMmP,13,16,29,0.45
bMmS,4,8,12,0.33
bMmb,11,3,14,0.79
bMml,0,3,3,0.0
bMmm,13,2,15,0.87
bMmn,6,12,18,0.33
bMms,5,5,10,0.5
bMnB,4,11,15,0.27
bMnD,3,3,6,0.5
bMnH,8,6,14,0.57
bMnI,1,3,4,0.25
bMnK,1,2,3,0.33
bMnL,5,6,11,0.45
bMnM,12,14,26,0.46
bMnN,15,27,42,0.36
bMnP,37,33,70,0.53
bMnS,10,15,25,0.4
bMnb,25,11,36,0.69
bMnh,1,2,3,0.33
bMnl,6,5,11,0.55
bMnm,11,9,20,0.55
bMnn,26,17,43,0.6
bMns,12,7,19,0.63
bMsB,4,7,11,0.36
bMsD,5,1,6,0.83
bMsH,7,7,14,0.5
bMsI,2,0,2,1.0
bMsL,1,5,6,0.17
bMsM,5,5,10,0.5
bMsN,6,12,18,0.33
bMsP,11,4,15,0.73
bMsS,15,5,20,0.75
bMsb,12,5,17,0.71
bMsh,0,1,1,0.0
bMsl,1,2,3,0.33
bMsm,8,2,10,0.8
bMsn,8,4,12,0.67
bMss,6,6,12,0.5
bMst,1,0,1,1.0
bMtB,3,1,4,0.75
bMtH,2,0,2,1.0
bMtI,0,1,1,0.0
bMtM,0,3,3,0.0
bMtN,1,1,2,0.5
bMtP,2,0,2,1.0
bMtS,1,1,2,0.5
bMtb,3,2,5,0.6
bMtm,2,2,4,0.5
bMtn,3,5,8,0.38
bMts,1,1,2,0.5
bMtt,0,0,0,
bNBB,15,7,22,0.68
bNBD,2,1,3,0.67
bNBH,1,0,1,1.0
bNBL,5,4,9,0.56
bNBM,9,12,21,0.43
bNBN,10,23,33,0.3
bNBP,16,19,35,0.46
bNBS,7,8,15,0.47
bNBb,13,17,30,0.43
bNBh,3,2,5,0.6
bNBj,3,6,9,0.33
bNBl,3,4,7,0.43
bNBm,12,9,21,0.57
bNBn,14,19,33,0.42
bNBs,4,6,10,0.4
bNBt,1,2,3,0.33
bNDB,1,1,2,0.5
bNDH,1,0,1,1.0
bNDI,0,1,1,0.0
bNDL,0,1,1,0.0
bNDM,0,2,2,0.0
bNDN,2,2,4,0.5
bNDP,1,2,3,0.33
bNDS,1,2,3,0.33
bNDb,0,1,1,0.0
bNDl,1,0,1,1.0
bNDm,0,0,0,
bNDn,1,2,3,0.33
bNDs,1,1,2,0.5
bNDt,0,1,1,0.0
bNHB,3,3,6,0.5
bNHD,1,0,1,1.0
bNHH,1,2,3,0.33
bNHI,1,0,1,1.0
bNHK,0,1,1,0.0
bNHM,1,1,2,0.5
bNHN,2,6,8,0.25
bNHP,5,4,9,0.56
bNHS,4,1,5,0.8
bNHb,2,1,3,0.67
bNHh,0,0,0,
bNHl,1,1,2,0.5
bNHm,2,1,3,0.67
bNHn,4,2,6,0.67
bNHs,1,1,2,0.5
bNIM,0,1,1,0.0
bNIN,0,0,0,
bNKB,2,1,3,0.67
bNKL,1,0,1,1.0
bNKM,2,3,5,0.4
bNKN,2,2,4,0.5
bNKP,0,1,1,0.0
bNKS,1,0,1,1.0
bNKh,2,0,2,1.0
bNKn,0,0,0,
bNLB,3,4,7,0.43
bNLD,2,0,2,1.0
bNLK,1,1,2,0.5
bNLL,2,2,4,0.5
bNLM,3,3,6,0.5
bNLN,4,5,9,0.44
bNLP,10,9,19,0.53
bNLS,4,4,8,0.5
bNLb,5,4,9,0.56
bNLh,2,3,5,0.4
bNLj,3,3,6,0.5
bNLl,3,4,7,0.43
bNLm,2,3,5,0.4
bNLn,7,9,16,0.44
bNLs,6,1,7,0.86
bNLt,1,4,5,0.2
bNMB,11,13,24,0.46
bNMD,1,0,1,1.0
bNML,6,4,10,0.6
bNMM,7,12,19,0.37
bNMN,16,11,27,0.59
bNMP,14,14,28,0.5
bNMS,9,14,23,0.39
bNMb,10,8,18,0.56
bNMh,19,7,26,0.73
bNMj,3,3,6,0.5
bNMl,3,6,9,0.33
bNMm,16,10,26,0.62
bNMn,19,30,49,0.39
bNMs,14,12,26,0.54
bNMt,3,1,4,0.75
bNNB,14,12,26,0.54
bNND,2,1,3,0.67
bNNH,1,0,1,1.0
bNNK,1,0,1,1.0
bNNL,6,8,14,0.43
bNNM,14,20,34,0.41
bNNN,22,23,45,0.49
bNNP,32,31,63,0.51
bNNS,9,11,20,0.45
bNNb,17,17,34,0.5
bNNh,7,7,14,0.5
bNNl,6,4,10,0.6
bNNm,15,9,24,0.62
bNNn,32,29,61,0.52
bNNs,12,14,26,0.46
bNNt,2,6,8,0.25
bNPB,17,16,33,0.52
bNPD,2,1,3,0.67
bNPH,7,8,15,0.47
bNPI,4,3,7,0.57
bNPK,6,1,7,0.86
bNPL,5,7,12,0.42
bNPM,22,26,48,0.46
bNPN,32,31,63,0.51
bNPP,48,34,82,0.59
bNPS,22,24,46,0.48
bNPb,21,31,52,0.4
bNPh,1,3,4,0.25
bNPl,15,8,23,0.65
bNPm,24,13,37,0.65
bNPn,34,18,52,0.65
bNPs,18,20,38,0.47
bNPt,3,2,5,0.6
bNSB,5,3,8,0.62
bNSD,2,1,3,0.67
bNSH,4,9,13,0.31
bNSL,5,4,9,0.56
bNSM,10,12,22,0.45
bNSN,16,5,21,0.76
bNSP,17,17,34,0.5
bNSS,15,10,25,0.6
bNSb,11,9,20,0.55
bNSh,12,6,18,0.67
bNSl,4,3,7,0.57
bNSm,9,5,14,0.64
bNSn,14,11,25,0.56
bNSs,10,17,27,0.37
bNSt,5,1,6,0.83
bNbB,14,13,27,0.52
bNbD,2,3,5,0.4
bNbH,7,6,13,0.54
bNbI,1,0,1,1.0
bNbJ,4,4,8,0.5
bNbK,1,0,1,1.0
bNbL,9,4,13,0.69
bNbM,12,13,25,0.48
bNbN,27,20,47,0.57
bNbP,24,16,40,0.6
bNbS,6,8,14,0.43
bNbb,11,19,30,0.37
bNbl,6,6,12,0.5
bNbm,12,11,23,0.52
bNbn,7,9,16,0.44
bNbs,8,4,12,0.67
bNhB,6,3,9,0.67
bNhH,4,2,6,0.67
bNhL,0,4,4,0.0
bNhM,6,5,11,0.55
bNhN,7,5,12,0.58
bNhP,11,12,23,0.48
bNhS,4,6,10,0.4
bNhb,6,3,9,0.67
bNhh,2,6,8,0.25
bNhl,3,1,4,0.75
bNhm,7,5,12,0.58
bNhn,6,8,14,0.43
bNhs,2,2,4,0.5
bNlB,7,4,11,0.64
bNlD,1,2,3,0.33
bNlH,2,1,3,0.67
bNlI,1,1,2,0.5
bNlJ,2,2,4,0.5
bNlL,0,4,4,0.0
bNlM,2,8,10,0.2
bNlN,8,13,21,0.38
bNlP,7,10,17,0.41
bNlS,4,6,10,0.4
bNlb,9,3,12,0.75
bNll,4,2,6,0.67
bNlm,3,1,4,0.75
bNln,8,4,12,0.67
bNls,3,3,6,0.5
bNmB,14,9,23,0.61
bNmD,1,2,3,0.33
bNmH,7,8,15,0.47
bNmI,1,3,4,0.25
bNmJ,6,2,8,0.75
bNmL,6,3,9,0.67
bNmM,15,13,28,0.54
bNmN,21,14,35,0.6
bNmP,10,17,27,0.37
bNmS,12,3,15,0.8
bNmb,11,12,23,0.48
bNml,4,1,5,0.8
bNmm,7,8,15,0.47
bNmn,14,10,24,0.58
bNms,5,5,10,0.5
bNnB,13,11,24,0.54
bNnD,3,3,6,0.5
bNnH,6,3,9,0.67
bNnI,4,2,6,0.67
bNnL,8,6,14,0.57
bNnM,11,18,29,0.38
bNnN,33,25,58,0.57
bNnP,29,29,58,0.5
bNnS,26,12,38,0.68
bNnb,18,18,36,0.5
bNnh,2,2,4,0.5
bNnl,7,9,16,0.44
bNnm,10,11,21,0.48
bNnn,17,22,39,0.44
bNns,15,15,30,0.5
bNsB,5,7,12,0.42
bNsD,2,1,3,0.67
bNsH,4,6,10,0.4
bNsI,1,1,2,0.5
bNsL,2,1,3,0.67
bNsM,6,5,11,0.55
bNsN,14,14,28,0.5
bNsP,15,13,28,0.54
bNsS,12,7,19,0.63
bNsb,7,5,12,0.58
bNsh,0,1,1,0.0
bNsl,5,8,13,0.38
bNsm,15,7,22,0.68
bNsn,7,10,17,0.41
bNss,7,10,17,0.41
bNtB,5,3,8,0.62
bNtD,1,0,1,1.0
bNtH,3,1,4,0.75
bNtL,0,2,2,0.0
bNtM,3,1,4,0.75
bNtN,6,3,9,0.67
bNtP,3,9,12,0.25
bNtS,2,8,10,0.2
bNtb,3,1,4,0.75
bNtl,0,4,4,0.0
bNtm,3,2,5,0.6
bNtn,3,2,5,0.6
bNts,6,2,8,0.75
bNtt,1,1,2,0.5
bPBB,16,11,27,0.59
bPBD,1,1,2,0.5
bPBH,1,0,1,1.0
bPBK,2,1,3,0.67
bPBL,7,10,17,0.41
bPBM,14,18,32,0.44
bPBN,14,20,34,0.41
bPBP,27,24,51,0.53
bPBS,11,11,22,0.5
bPBb,15,14,29,0.52
bPBh,3,2,5,0.6
bPBj,7,3,10,0.7
bPBl,6,7,13,0.46
bPBm,13,12,25,0.52
bPBn,18,22,40,0.45
bPBs,9,9,18,0.5
bPBt,5,4,9,0.56
bPDB,1,1,2,0.5
bPDH,2,0,2,1.0
bPDL,2,1,3,0.67
bPDM,0,1,1,0.0
bPDN,1,0,1,1.0
bPDP,1,4,5,0.2
bPDS,1,1,2,0.5
bPDb,2,1,3,0.67
bPDm,2,0,2,1.0
bPDn,3,0,3,1.0
bPDs,1,0,1,1.0
bPHB,3,6,9,0.33
bPHH,0,1,1,0.0
bPHI,0,3,3,0.0
bPHL,2,1,3,0.67
bPHM,2,4,6,0.33
bPHN,4,4,8,0.5
bPHP,8,9,17,0.47
bPHS,5,1,6,0.83
bPHb,1,4,5,0.2
bPHh,1,1,2,0.5
bPHl,2,2,4,0.5
bPHm,4,3,7,0.57
bPHn,5,2,7,0.71
bPHs,8,3,11,0.73
bPIB,1,2,3,0.33
bPIH,0,1,1,0.0
bPII,1,0,1,1.0
bPIL,2,0,2,1.0
bPIM,2,2,4,0.5
bPIN,3,1,4,0.75
bPIP,3,0,3,1.0
bPIS,2,1,3,0.67
bPIb,2,2,4,0.5
bPIl,1,0,1,1.0
bPIm,0,1,1,0.0
bPIn,1,1,2,0.5
bPKB,2,4,6,0.33
bPKH,1,0,1,1.0
bPKL,0,1,1,0.0
bPKM,1,2,3,0.33
bPKN,2,1,3,0.67
bPKP,1,2,3,0.33
bPKS,0,2,2,0.0
bPKh,2,0,2,1.0
bPKl,0,1,1,0.0
bPKn,2,1,3,0.67
bPKs,1,1,2,0.5
bPLB,6,8,14,0.43
bPLD,1,1,2,0.5
bPLH,0,1,1,0.0
bPLL,6,3,9,0.67
bPLM,11,11,22,0.5
bPLN,8,8,16,0.5
bPLP,11,11,22,0.5
bPLS,8,9,17,0.47
bPLb,4,6,10,0.4
bPLh,5,2,7,0.71
bPLj,2,2,4,0.5
bPLl,5,4,9,0.56
bPLm,7,6,13,0.54
bPLn,9,12,21,0.43
bPLs,11,6,17,0.65
bPLt,2,3,5,0.4
bPMB,12,15,27,0.44
bPMD,0,2,2,0.0
bPMH,0,0,0,
bPML,6,6,12,0.5
bPMM,15,16,31,0.48
bPMN,14,13,27,0.52
bPMP,22,29,51,0.43
bPMS,17,11,28,0.61
bPMb,20,23,43,0.47
bPMh,13,16,29,0.45
bPMj,4,8,12,0.33
bPMl,8,5,13,0.62
bPMm,15,13,28,0.54
bPMn,21,25,46,0.46
bPMs,11,7,18,0.61
bPMt,6,2,8,0.75
bPNB,19,13,32,0.59
bPND,1,0,1,1.0
bPNH,3,4,7,0.43
bPNK,2,1,3,0.67
bPNL,11,12,23,0.48
bPNM,15,16,31,0.48
bPNN,12,17,29,0.41
bPNP,30,19,49,0.61
bPNS,19,10,29,0.66
bPNb,22,16,38,0.58
bPNh,5,4,9,0.56
bPNl,8,10,18,0.44
bPNm,12,21,33,0.36
bPNn,30,15,45,0.67
bPNs,11,11,22,0.5
bPNt,2,3,5,0.4
bPPB,35,31,66,0.53
bPPD,2,1,3,0.67
bPPH,8,8,16,0.5
bPPI,3,2,5,0.6
bPPK,3,4,7,0.43
bPPL,18,22,40,0.45
bPPM,27,36,63,0.43
bPPN,29,27,56,0.52
bPPP,62,59,121,0.51
bPPS,28,28,56,0.5
bPPb,36,32,68,0.53
bPPh,4,5,9,0.44
bPPl,16,13,29,0.55
bPPm,16,23,39,0.41
bPPn,28,21,49,0.57
bPPs,18,17,35,0.51
bPPt,6,5,11,0.55
bPSB,8,5,13,0.62
bPSD,1,0,1,1.0
bPSH,5,3,8,0.62
bPSI,0,1,1,0.0
bPSL,8,8,16,0.5
bPSM,12,13,25,0.48
bPSN,5,6,11,0.45
bPSP,11,12,23,0.48
bPSS,7,11,18,0.39
bPSb,15,7,22,0.68
bPSh,6,10,16,0.38
bPSl,7,6,13,0.54
bPSm,12,9,21,0.57
bPSn,1,6,7,0.14
bPSs,14,7,21,0.67
bPSt,3,0,3,1.0
bPbB,26,16,42,0.62
bPbD,1,2,3,0.33
bPbH,3,2,5,0.6
bPbI,2,3,5,0.4
bPbJ,10,4,14,0.71
bPbK,2,1,3,0.67
bPbL,8,8,16,0.5
bPbM,17,20,37,0.46
bPbN,35,20,55,0.64
bPbP,24,17,41,0.59
bPbS,16,9,25,0.64
bPbb,30,22,52,0.58
bPbh,1,0,1,1.0
bPbl,12,11,23,0.52
bPbm,11,6,17,0.65
bPbn,13,15,28,0.46
bPbs,4,10,14,0.29
bPhB,1,7,8,0.12
bPhD,1,0,1,1.0
bPhI,0,1,1,0.0
bPhL,0,2,2,0.0
bPhM,1,2,3,0.33
bPhN,2,0,2,1.0
bPhP,2,7,9,0.22
bPhS,0,2,2,0.0
bPhb,2,2,4,0.5
bPhh,1,3,4,0.25
bPhl,2,0,2,1.0
bPhm,1,0,1,1.0
bPhn,4,3,7,0.57
bPhs,2,2,4,0.5
bPlB,7,6,13,0.54
bPlD,0,0,0,
bPlH,3,4,7,0.43
bPlI,1,1,2,0.5
bPlJ,2,1,3,0.67
bPlK,0,2,2,0.0
bPlL,9,3,12,0.75
bPlM,7,9,16,0.44
bPlN,8,12,20,0.4
bPlP,7,11,18,0.39
bPlS,3,8,11,0.27
bPlb,14,6,20,0.7
bPll,4,2,6,0.67
bPlm,5,3,8,0.62
bPln,5,3,8,0.62
bPls,3,5,8,0.38
bPmB,10,9,19,0.53
bPmD,3,0,3,1.0
bPmH,8,13,21,0.38
bPmI,1,1,2,0.5
bPmJ,0,0,0,
bPmL,9,8,17,0.53
bPmM,10,19,29,0.34
bPmN,14,13,27,0.52
bPmP,14,24,38,0.37
bPmS,12,10,22,0.55
bPmb,16,18,34,0.47
bPml,4,6,10,0.4
bPmm,9,8,17,0.53
bPmn,8,10,18,0.44
bPms,4,6,10,0.4
bPnB,19,13,32,0.59
bPnD,2,2,4,0.5
bPnH,9,10,19,0.47
bPnI,2,0,2,1.0
bPnK,3,0,3,1.0
bPnL,5,7,12,0.42
bPnM,22,11,33,0.67
bPnN,13,19,32,0.41
bPnP,34,23,57,0.6
bPnS,15,13,28,0.54
bPnb,13,18,31,0.42
bPnl,4,6,10,0.4
bPnm,6,14,20,0.3
bPnn,9,16,25,0.36
bPns,16,9,25,0.64
bPsB,12,4,16,0.75
bPsD,2,1,3,0.67
bPsH,7,4,11,0.64
bPsI,2,0,2,1.0
bPsL,2,8,10,0.2
bPsM,10,10,20,0.5
bPsN,9,10,19,0.47
bPsP,14,10,24,0.58
bPsS,10,10,20,0.5
bPsb,12,3,15,0.8
bPsh,1,0,1,1.0
bPsl,5,4,9,0.56
bPsm,13,6,19,0.68
bPsn,7,4,11,0.64
bPss,3,8,11,0.27
bPst,0,1,1,0.0
bPtB,2,0,2,1.0
bPtH,1,1,2,0.5
bPtL,1,0,1,1.0
bPtM,5,2,7,0.71
bPtN,0,0,0,
bPtP,0,1,1,0.0
bPtS,1,0,1,1.0
bPtb,0,1,1,0.0
bPtl,1,1,2,0.5
bPtm,3,1,4,0.75
bPtn,1,0,1,1.0
bPtt,1,1,2,0.5
bSBB,6,3,9,0.67
bSBD,0,2,2,0.0
bSBL,0,3,3,0.0
bSBM,0,2,2,0.0
bSBN,3,9,12,0.25
bSBP,6,2,8,0.75
bSBS,2,2,4,0.5
bSBb,9,5,14,0.64
bSBh,1,1,2,0.5
bSBj,4,0,4,1.0
bSBl,2,3,5,0.4
bSBm,5,1,6,0.83
bSBn,6,6,12,0.5
bSBs,4,3,7,0.57
bSBt,0,0,0,
bSDH,1,0,1,1.0
bSDN,0,1,1,0.0
bSDP,2,0,2,1.0
bSDS,1,1,2,0.5
bSDb,0,1,1,0.0
bSDl,0,1,1,0.0
bSDm,1,0,1,1.0
bSHB,1,3,4,0.25
bSHD,2,1,3,0.67
bSHH,1,0,1,1.0
bSHI,1,0,1,1.0
bSHK,0,1,1,0.0
bSHL,0,2,2,0.0
bSHM,2,4,6,0.33
bSHN,4,2,6,0.67
bSHP,3,3,6,0.5
bSHS,2,1,3,0.67
bSHb,2,1,3,0.67
bSHh,0,0,0,
bSHl,2,1,3,0.67
bSHm,2,1,3,0.67
bSHn,1,4,5,0.2
bSHs,3,2,5,0.6
bSIH,0,1,1,0.0
bSIS,0,0,0,
bSIs,0,1,1,0.0
bSKP,1,0,1,1.0
bSKs,0,0,0,
bSLB,1,1,2,0.5
bSLL,0,4,4,0.0
bSLM,0,3,3,0.0
bSLN,4,1,5,0.8
bSLP,3,2,5,0.6
bSLS,3,2,5,0.6
bSLb,0,2,2,0.0
bSLh,3,0,3,1.0
bSLj,1,0,1,1.0
bSLl,4,0,4,1.0
bSLm,1,2,3,0.33
bSLn,2,6,8,0.25
bSLs,1,2,3,0.33
bSLt,0,1,1,0.0
bSMB,3,7,10,0.3
bSMD,1,0,1,1.0
bSMI,0,0,0,
bSMK,1,0,1,1.0
bSML,2,3,5,0.4
bSMM,10,1,11,0.91
bSMN,4,9,13,0.31
bSMP,5,10,15,0.33
bSMS,9,3,12,0.75
bSMb,6,7,13,0.46
bSMh,5,6,11,0.45
bSMj,2,1,3,0.67
bSMl,3,3,6,0.5
bSMm,7,5,12,0.58
bSMn,12,2,14,0.86
bSMs,5,5,10,0.5
bSMt,0,1,1,0.0
bSNB,6,6,12,0.5
bSND,1,1,2,0.5
bSNH,1,1,2,0.5
bSNK,2,1,3,0.67
bSNL,3,4,7,0.43
bSNM,6,3,9,0.67
bSNN,11,10,21,0.52
bSNP,5,8,13,0.38
bSNS,8,5,13,0.62
bSNb,9,6,15,0.6
bSNh,1,4,5,0.2
bSNl,4,4,8,0.5
bSNm,8,3,11,0.73
bSNn,8,8,16,0.5
bSNs,4,2,6,0.67
bSNt,2,0,2,1.0
bSPB,4,10,14,0.29
bSPD,0,2,2,0.0
bSPH,0,1,1,0.0
bSPI,1,1,2,0.5
bSPK,1,1,2,0.5
bSPL,3,5,8,0.38
bSPM,12,11,23,0.52
bSPN,11,11,22,0.5
bSPP,10,16,26,0.38
bSPS,12,11,23,0.52
bSPb,8,6,14,0.57
bSPh,1,2,3,0.33
bSPl,2,1,3,0.67
bSPm,10,8,18,0.56
bSPn,10,8,18,0.56
bSPs,10,10,20,0.5
bSPt,1,0,1,1.0
bSSB,4,5,9,0.44
bSSD,1,2,3,0.33
bSSH,4,1,5,0.8
bSSI,0,0,0,
bSSK,0,1,1,0.0
bSSL,4,2,6,0.67
bSSM,8,6,14,0.57
bSSN,4,4,8,0.5
bSSP,16,6,22,0.73
bSSS,15,4,19,0.79
bSSb,6,5,11,0.55
bSSh,5,3,8,0.62
bSSl,3,0,3,1.0
bSSm,9,6,15,0.6
bSSn,17,7,24,0.71
bSSs,9,5,14,0.64
bSSt,3,5,8,0.38
bSbB,9,9,18,0.5
bSbH,2,3,5,0.4
bSbI,0,1,1,0.0
bSbJ,1,1,2,0.5
bSbK,0,1,1,0.0
bSbL,5,0,5,1.0
bSbM,3,3,6,0.5
bSbN,6,11,17,0.35
bSbP,9,13,22,0.41
bSbS,7,4,11,0.64
bSbb,7,7,14,0.5
bSbl,5,1,6,0.83
bSbm,6,5,11,0.55
bSbn,1,9,10,0.1
bSbs,5,1,6,0.83
bShB,1,0,1,1.0
bShD,2,1,3,0.67
bShH,0,2,2,0.0
bShI,1,1,2,0.5
bShL,3,3,6,0.5
bShM,3,5,8,0.38
bShN,6,5,11,0.55
bShP,7,7,14,0.5
bShS,4,5,9,0.44
bShb,5,5,10,0.5
bShh,1,8,9,0.11
bShl,3,0,3,1.0
bShm,2,3,5,0.4
bShn,7,6,13,0.54
bShs,3,0,3,1.0
bSht,2,1,3,0.67
bSlB,4,1,5,0.8
bSlD,1,0,1,1.0
bSlH,2,4,6,0.33
bSlI,2,0,2,1.0
bSlJ,0,0,0,
bSlL,0,2,2,0.0
bSlM,3,2,5,0.6
bSlN,1,2,3,0.33
bSlP,9,3,12,0.75
bSlS,2,3,5,0.4
bSlb,7,1,8,0.88
bSll,3,0,3,1.0
bSlm,3,3,6,0.5
bSln,5,2,7,0.71
bSls,5,4,9,0.56
bSmB,4,2,6,0.67
bSmH,1,4,5,0.2
bSmI,0,1,1,0.0
bSmJ,2,2,4,0.5
bSmL,1,1,2,0.5
bSmM,10,7,17,0.59
bSmN,10,4,14,0.71
bSmP,6,4,10,0.6
bSmS,6,5,11,0.55
bSmb,6,6,12,0.5
bSml,2,0,2,1.0
bSmm,4,2,6,0.67
bSmn,10,5,15,0.67
bSms,4,3,7,0.57
bSnB,5,5,10,0.5
bSnD,1,1,2,0.5
bSnH,4,4,8,0.5
bSnI,1,1,2,0.5
bSnL,0,5,5,0.0
bSnM,9,6,15,0.6
bSnN,10,12,22,0.45
bSnP,8,11,19,0.42
bSnS,14,6,20,0.7
bSnb,5,10,15,0.33
bSnh,0,1,1,0.0
bSnl,3,1,4,0.75
bSnm,4,8,12,0.33
bSnn,5,7,12,0.42
bSns,6,8,14,0.43
bSsB,3,6,9,0.33
bSsD,0,2,2,0.0
bSsH,4,2,6,0.67
bSsI,1,1,2,0.5
bSsL,3,1,4,0.75
bSsM,7,4,11,0.64
bSsN,8,12,20,0.4
bSsP,11,9,20,0.55
bSsS,7,9,16,0.44
bSsb,10,7,17,0.59
bSsl,1,4,5,0.2
bSsm,7,2,9,0.78
bSsn,4,8,12,0.33
bSss,9,2,11,0.82
bStB,1,1,2,0.5
bStD,1,0,1,1.0
bStH,1,1,2,0.5
bStL,0,1,1,0.0
bStM,1,2,3,0.33
bStN,1,1,2,0.5
bStS,3,2,5,0.6
bStb,1,2,3,0.33
bStl,0,1,1,0.0
bSts,1,1,2,0.5
bStt,0,0,0,
bbBB,12,12,24,0.5
bbBD,1,1,2,0.5
bbBH,1,0,1,1.0
bbBL,7,4,11,0.64
bbBM,15,11,26,0.58
bbBN,16,14,30,0.53
bbBP,35,22,57,0.61
bbBS,13,4,17,0.76
bbBb,17,21,38,0.45
bbBh,4,5,9,0.44
bbBj,7,5,12,0.58
bbBl,2,4,6,0.33
bbBm,16,12,28,0.57
bbBn,19,22,41,0.46
bbBs,8,11,19,0.42
bbBt,2,3,5,0.4
bbDB,0,1,1,0.0
bbDH,2,0,2,1.0
bbDL,1,0,1,1.0
bbDN,2,1,3,0.67
bbDS,0,0,0,
bbDb,0,2,2,0.0
bbDm,2,0,2,1.0
bbDn,1,0,1,1.0
bbDs,0,1,1,0.0
bbDt,2,0,2,1.0
bbHB,0,3,3,0.0
bbHD,1,0,1,1.0
bbHH,1,0,1,1.0
bbHL,2,1,3,0.67
bbHM,5,4,9,0.56
bbHN,3,7,10,0.3
bbHP,4,9,13,0.31
bbHS,2,1,3,0.67
bbHb,2,5,7,0.29
bbHh,1,2,3,0.33
bbHl,1,2,3,0.33
bbHm,1,3,4,0.25
bbHn,3,1,4,0.75
bbHs,2,0,2,1.0
bbIB,1,1,2,0.5
bbIL,1,1,2,0.5
bbIM,3,2,5,0.6
bbIN,1,1,2,0.5
bbIP,1,3,4,0.25
bbIS,2,0,2,1.0
bbIb,0,1,1,0.0
bbIm,0,1,1,0.0
bbIn,1,2,3,0.33
bbIs,1,1,2,0.5
bbJB,0,4,4,0.0
bbJD,0,1,1,0.0
bbJH,0,1,1,0.0
bbJL,2,1,3,0.67
bbJM,7,5,12,0.58
bbJN,4,2,6,0.67
bbJP,5,7,12,0.42
bbJS,3,2,5,0.6
bbJb,4,3,7,0.57
bbJh,0,1,1,0.0
bbJl,2,4,6,0.33
bbJm,5,4,9,0.56
bbJn,3,3,6,0.5
bbJs,4,4,8,0.5
bbJt,1,0,1,1.0
bbKB,2,0,2,1.0
bbKL,0,1,1,0.0
bbKM,1,4,5,0.2
bbKb,1,3,4,0.25
bbKh,2,0,2,1.0
bbKl,1,0,1,1.0
bbKm,1,0,1,1.0
bbKn,0,0,0,
bbLB,7,6,13,0.54
bbLD,2,1,3,0.67
bbLK,0,1,1,0.0
bbLL,2,4,6,0.33
bbLM,10,3,13,0.77
bbLN,7,7,14,0.5
bbLP,8,6,14,0.57
bbLS,2,4,6,0.33
bbLb,6,5,11,0.55
bbLh,1,3,4,0.25
bbLj,3,1,4,0.75
bbLl,4,5,9,0.44
bbLm,6,5,11,0.55
bbLn,8,5,13,0.62
bbLs,3,3,6,0.5
bbLt,1,0,1,1.0
bbMB,15,10,25,0.6
bbMH,0,1,1,0.0
bbML,6,5,11,0.55
bbMM,17,6,23,0.74
bbMN,12,13,25,0.48
bbMP,29,16,45,0.64
bbMS,10,11,21,0.48
bbMb,19,16,35,0.54
bbMh,8,12,20,0.4
bbMj,4,4,8,0.5
bbMl,6,8,14,0.43
bbMm,9,8,17,0.53
bbMn,26,16,42,0.62
bbMs,9,3,12,0.75
bbMt,2,4,6,0.33
bbNB,18,17,35,0.51
bbND,0,2,2,0.0
bbNH,4,3,7,0.57
bbNK,1,0,1,1.0
bbNL,5,7,12,0.42
bbNM,29,17,46,0.63
bbNN,15,20,35,0.43
bbNP,27,29,56,0.48
bbNS,14,15,29,0.48
bbNb,20,18,38,0.53
bbNh,12,7,19,0.63
bbNl,5,6,11,0.45
bbNm,10,10,20,0.5
bbNn,22,21,43,0.51
bbNs,12,8,20,0.6
bbNt,6,3,9,0.67
bbPB,22,12,34,0.65
bbPH,4,4,8,0.5
bbPI,2,2,4,0.5
bbPK,2,1,3,0.67
bbPL,13,4,17,0.76
bbPM,18,20,38,0.47
bbPN,19,16,35,0.54
bbPP,35,29,64,0.55
bbPS,8,9,17,0.47
bbPb,25,16,41,0.61
bbPh,6,2,8,0.75
bbPl,13,6,19,0.68
bbPm,17,16,33,0.52
bbPn,33,26,59,0.56
bbPs,9,11,20,0.45
bbPt,3,1,4,0.75
bbSB,3,3,6,0.5
bbSD,1,0,1,1.0
bbSH,0,2,2,0.0
bbSL,2,2,4,0.5
bbSM,8,5,13,0.62
bbSN,2,5,7,0.29
bbSP,8,11,19,0.42
bbSS,9,4,13,0.69
bbSb,9,10,19,0.47
bbSh,2,2,4,0.5
bbSl,3,2,5,0.6
bbSm,6,6,12,0.5
bbSn,9,10,19,0.47
bbSs,6,7,13,0.46
bbSt,1,0,1,1.0
bbbB,13,34,47,0.28
bbbD,1,2,3,0.33
bbbH,4,0,4,1.0
bbbI,1,0,1,1.0
bbbJ,6,6,12,0.5
bbbL,8,5,13,0.62
bbbM,19,17,36,0.53
bbbN,27,22,49,0.55
bbbP,26,30,56,0.46
bbbS,4,5,9,0.44
bbbb,30,19,49,0.61
bbbl,7,2,9,0.78
bbbm,10,9,19,0.53
bbbn,13,13,26,0.5
bbbs,1,6,7,0.14
bblB,2,4,6,0.33
bblD,1,0,1,1.0
bblH,2,4,6,0.33
bblI,1,0,1,1.0
bblJ,3,0,3,1.0
bblL,4,2,6,0.67
bblM,3,7,10,0.3
bblN,3,11,14,0.21
bblP,7,4,11,0.64
bblS,2,3,5,0.4
bblb,5,4,9,0.56
bbll,3,3,6,0.5
bblm,4,0,4,1.0
bbln,4,0,4,1.0
bbls,4,4,8,0.5
bbmB,14,9,23,0.61
bbmD,1,1,2,0.5
bbmH,6,5,11,0.55
bbmI,0,2,2,0.0
bbmJ,1,0,1,1.0
bbmK,0,0,0,
bbmL,5,7,12,0.42
bbmM,14,12,26,0.54
bbmN,12,13,25,0.48
bbmP,12,12,24,0.5
bbmS,8,3,11,0.73
bbmb,15,13,28,0.54
bbml,1,3,4,0.25
bbmm,8,2,10,0.8
bbmn,11,9,20,0.55
bbms,4,1,5,0.8
bbnB,7,16,23,0.3
bbnD,2,0,2,1.0
bbnH,6,3,9,0.67
bbnI,3,1,4,0.75
bbnK,0,1,1,0.0
bbnL,3,8,11,0.27
bbnM,15,13,28,0.54
bbnN,14,15,29,0.48
bbnP,24,18,42,0.57
bbnS,5,13,18,0.28
bbnb,15,17,32,0.47
bbnh,1,1,2,0.5
bbnl,2,4,6,0.33
bbnm,6,7,13,0.46
bbnn,17,8,25,0.68
bbns,6,8,14,0.43
bbsB,4,4,8,0.5
bbsH,6,3,9,0.67
bbsI,0,1,1,0.0
bbsL,3,3,6,0.5
bbsM,3,5,8,0.38
bbsN,3,3,6,0.5
bbsP,7,3,10,0.7
bbsS,3,3,6,0.5
bbsb,0,3,3,0.0
bbsh,0,1,1,0.0
bbsl,4,1,5,0.8
bbsm,5,4,9,0.56
bbsn,3,6,9,0.33
bbss,8,3,11,0.73
bbtb,0,1,1,0.0
bhML,1,1,2,0.5
bhPM,0,1,1,0.0
bhPP,0,0,0,
bhPs,1,0,1,1.0
bhbN,1,0,1,1.0
bhhM,1,0,1,1.0
bhmN,0,1,1,0.0
blBB,3,3,6,0.5
blBL,1,0,1,1.0
blBM,1,2,3,0.33
blBN,6,4,10,0.6
blBP,12,6,18,0.67
blBS,0,7,7,0.0
blBb,10,6,16,0.62
blBj,1,1,2,0.5
blBl,3,3,6,0.5
blBm,2,6,8,0.25
blBn,8,9,17,0.47
blBs,4,0,4,1.0
blBt,1,1,2,0.5
blDN,0,1,1,0.0
blDP,1,0,1,1.0
blDS,1,0,1,1.0
blDb,0,1,1,0.0
blDm,1,0,1,1.0
blDn,0,1,1,0.0
blDs,1,0,1,1.0
blHB,5,3,8,0.62
blHD,1,0,1,1.0
blHL,1,1,2,0.5
blHM,6,2,8,0.75
blHN,3,0,3,1.0
blHP,2,4,6,0.33
blHS,3,3,6,0.5
blHb,2,3,5,0.4
blHh,0,1,1,0.0
blHl,1,0,1,1.0
blHm,3,2,5,0.6
blHn,2,2,4,0.5
blHs,1,5,6,0.17
blIB,1,0,1,1.0
blIM,1,1,2,0.5
blIN,2,0,2,1.0
blIP,1,0,1,1.0
blIb,3,0,3,1.0
blIl,1,0,1,1.0
blIm,0,1,1,0.0
blJB,2,0,2,1.0
blJH,1,0,1,1.0
blJI,1,0,1,1.0
blJL,0,2,2,0.0
blJM,1,1,2,0.5
blJN,1,0,1,1.0
blJP,1,0,1,1.0
blJb,1,1,2,0.5
blJl,0,2,2,0.0
blJm,1,0,1,1.0
blJn,1,0,1,1.0
blJs,2,1,3,0.67
blJt,1,0,1,1.0
blKB,1,0,1,1.0
blKK,0,1,1,0.0
blKM,1,0,1,1.0
blKP,1,0,1,1.0
blLB,0,4,4,0.0
blLL,2,2,4,0.5
blLM,1,4,5,0.2
blLN,2,5,7,0.29
blLP,3,4,7,0.43
blLS,2,3,5,0.4
blLb,3,2,5,0.6
blLh,1,0,1,1.0
blLj,2,0,2,1.0
blLl,1,0,1,1.0
blLm,1,3,4,0.25
blLn,3,1,4,0.75
blLs,2,1,3,0.67
blMB,3,1,4,0.75
blML,3,3,6,0.5
blMM,3,2,5,0.6
blMN,4,5,9,0.44
blMP,5,8,13,0.38
blMS,4,3,7,0.57
blMb,5,5,10,0.5
blMh,7,4,11,0.64
blMj,0,2,2,0.0
blMl,4,1,5,0.8
blMm,1,2,3,0.33
blMn,6,6,12,0.5
blMs,1,2,3,0.33
blMt,0,1,1,0.0
blNB,6,7,13,0.46
blND,0,1,1,0.0
blNH,1,1,2,0.5
blNL,0,5,5,0.0
blNM,7,3,10,0.7
blNN,6,8,14,0.43
blNP,11,9,20,0.55
blNS,2,3,5,0.4
blNb,2,4,6,0.33
blNh,2,1,3,0.67
blNl,4,3,7,0.57
blNm,6,8,14,0.43
blNn,8,2,10,0.8
blNs,3,2,5,0.6
blNt,2,0,2,1.0
blPB,2,9,11,0.18
blPH,0,1,1,0.0
blPI,2,0,2,1.0
blPK,0,1,1,0.0
blPL,3,5,8,0.38
blPM,10,8,18,0.56
blPN,4,12,16,0.25
blPP,9,11,20,0.45
blPS,4,6,10,0.4
blPb,10,3,13,0.77
blPl,4,1,5,0.8
blPm,3,3,6,0.5
blPn,5,7,12,0.42
blPs,4,5,9,0.44
blPt,3,0,3,1.0
blSB,1,1,2,0.5
blSH,0,1,1,0.0
blSL,0,2,2,0.0
blSM,4,1,5,0.8
blSN,4,3,7,0.57
blSP,4,2,6,0.67
blSS,3,2,5,0.6
blSb,1,3,4,0.25
blSh,1,1,2,0.5
blSl,2,1,3,0.67
blSm,2,1,3,0.67
blSn,5,4,9,0.56
blSs,6,3,9,0.67
blSt,1,2,3,0.33
blbB,5,3,8,0.62
blbH,0,1,1,0.0
blbI,1,1,2,0.5
blbJ,1,0,1,1.0
blbL,2,3,5,0.4
blbM,5,3,8,0.62
blbN,9,6,15,0.6
blbP,9,4,13,0.69
blbS,0,3,3,0.0
blbb,7,6,13,0.54
blbl,1,2,3,0.33
blbm,2,5,7,0.29
blbn,12,6,18,0.67
blbs,1,2,3,0.33
bllB,2,3,5,0.4
bllD,0,1,1,0.0
bllH,0,2,2,0.0
bllJ,0,1,1,0.0
bllM,2,0,2,1.0
bllN,5,0,5,1.0
bllP,2,3,5,0.4
bllS,4,0,4,1.0
bllb,3,4,7,0.43
blll,0,1,1,0.0
bllm,2,1,3,0.67
blln,0,1,1,0.0
blmB,7,6,13,0.54
blmD,0,1,1,0.0
blmH,2,2,4,0.5
blmI,1,0,1,1.0
blmJ,2,0,2,1.0
blmL,1,2,3,0.33
blmM,3,3,6,0.5
blmN,1,4,5,0.2
blmP,3,3,6,0.5
blmb,4,4,8,0.5
blml,1,0,1,1.0
blmn,2,3,5,0.4
blms,0,1,1,0.0
blnB,2,2,4,0.5
blnD,1,0,1,1.0
blnH,1,1,2,0.5
blnI,1,0,1,1.0
blnK,1,0,1,1.0
blnL,1,1,2,0.5
blnM,2,2,4,0.5
blnN,2,2,4,0.5
blnP,6,8,14,0.43
blnS,3,3,6,0.5
blnb,4,1,5,0.8
blnl,1,0,1,1.0
blnm,3,5,8,0.38
blnn,1,2,3,0.33
blns,1,2,3,0.33
blsB,2,3,5,0.4
blsD,0,1,1,0.0
blsH,2,2,4,0.5
blsL,1,0,1,1.0
blsM,4,1,5,0.8
blsN,2,4,6,0.33
blsP,3,2,5,0.6
blsS,3,6,9,0.33
blsb,1,2,3,0.33
blsl,3,1,4,0.75
blsm,2,0,2,1.0
blsn,3,2,5,0.6
blss,3,2,5,0.6
bmBB,10,7,17,0.59
bmBD,3,1,4,0.75
bmBK,0,0,0,
bmBL,1,2,3,0.33
bmBM,5,7,12,0.42
bmBN,11,18,29,0.38
bmBP,21,5,26,0.81
bmBS,5,5,10,0.5
bmBb,7,9,16,0.44
bmBh,0,1,1,0.0
bmBj,2,6,8,0.25
bmBl,6,5,11,0.55
bmBm,4,3,7,0.57
bmBn,12,14,26,0.46
bmBs,4,2,6,0.67
bmBt,3,1,4,0.75
bmDB,2,3,5,0.4
bmDL,0,1,1,0.0
bmDM,1,2,3,0.33
bmDN,0,4,4,0.0
bmDP,3,1,4,0.75
bmDS,1,0,1,1.0
bmDb,0,2,2,0.0
bmDm,2,0,2,1.0
bmDn,2,0,2,1.0
bmDs,2,0,2,1.0
bmHB,3,7,10,0.3
bmHD,0,1,1,0.0
bmHH,0,0,0,
bmHK,1,0,1,1.0
bmHL,5,3,8,0.62
bmHM,6,6,12,0.5
bmHN,6,9,15,0.4
bmHP,8,6,14,0.57
bmHS,4,4,8,0.5
bmHb,3,3,6,0.5
bmHh,1,4,5,0.2
bmHl,2,2,4,0.5
bmHm,5,1,6,0.83
bmHn,11,7,18,0.61
bmHs,5,3,8,0.62
bmHt,1,1,2,0.5
bmIB,3,0,3,1.0
bmIN,4,0,4,1.0
bmIP,1,1,2,0.5
bmIb,1,1,2,0.5
bmIm,0,1,1,0.0
bmIn,0,2,2,0.0
bmIs,1,0,1,1.0
bmJH,0,2,2,0.0
bmJL,0,2,2,0.0
bmJM,1,3,4,0.25
bmJN,1,3,4,0.25
bmJP,6,2,8,0.75
bmJb,4,1,5,0.8
bmJl,0,1,1,0.0
bmJm,0,1,1,0.0
bmJn,3,1,4,0.75
bmJs,1,1,2,0.5
bmJt,1,0,1,1.0
bmKS,0,1,1,0.0
bmKh,0,0,0,
bmLB,4,4,8,0.5
bmLD,0,1,1,0.0
bmLM,3,4,7,0.43
bmLN,2,7,9,0.22
bmLP,6,2,8,0.75
bmLS,0,2,2,0.0
bmLb,3,3,6,0.5
bmLh,1,2,3,0.33
bmLj,0,2,2,0.0
bmLl,1,0,1,1.0
bmLm,2,4,6,0.33
bmLn,2,3,5,0.4
bmLs,4,4,8,0.5
bmLt,1,0,1,1.0
bmMB,12,3,15,0.8
bmMD,2,0,2,1.0
bmMH,1,0,1,1.0
bmML,1,1,2,0.5
bmMM,12,5,17,0.71
bmMN,14,8,22,0.64
bmMP,12,12,24,0.5
bmMS,4,10,14,0.29
bmMb,7,6,13,0.54
bmMh,9,7,16,0.56
bmMj,1,1,2,0.5
bmMl,7,2,9,0.78
bmMm,7,11,18,0.39
bmMn,13,19,32,0.41
bmMs,7,3,10,0.7
bmMt,1,2,3,0.33
bmNB,11,7,18,0.61
bmNH,2,2,4,0.5
bmNK,0,1,1,0.0
bmNL,3,2,5,0.6
bmNM,10,5,15,0.67
bmNN,18,12,30,0.6
bmNP,20,18,38,0.53
bmNS,3,7,10,0.3
bmNb,10,7,17,0.59
bmNh,3,3,6,0.5
bmNl,3,2,5,0.6
bmNm,7,11,18,0.39
bmNn,18,11,29,0.62
bmNs,5,4,9,0.56
bmNt,4,0,4,1.0
bmPB,9,10,19,0.47
bmPD,1,1,2,0.5
bmPH,1,7,8,0.12
bmPI,1,3,4,0.25
bmPL,10,9,19,0.53
bmPM,12,25,37,0.32
bmPN,12,18,30,0.4
bmPP,18,21,39,0.46
bmPS,5,6,11,0.45
bmPb,8,13,21,0.38
bmPh,3,1,4,0.75
bmPl,7,4,11,0.64
bmPm,10,7,17,0.59
bmPn,13,10,23,0.57
bmPs,13,7,20,0.65
bmPt,1,2,3,0.33
bmSB,5,4,9,0.56
bmSD,1,0,1,1.0
bmSH,1,1,2,0.5
bmSL,3,2,5,0.6
bmSM,3,2,5,0.6
bmSN,4,4,8,0.5
bmSP,3,6,9,0.33
bmSS,8,5,13,0.62
bmSb,2,3,5,0.4
bmSh,4,0,4,1.0
bmSl,2,3,5,0.4
bmSm,7,3,10,0.7
bmSn,9,10,19,0.47
bmSs,5,7,12,0.42
bmSt,1,2,3,0.33
bmbB,12,13,25,0.48
bmbD,0,1,1,0.0
bmbH,1,2,3,0.33
bmbJ,5,1,6,0.83
bmbK,1,0,1,1.0
bmbL,9,11,20,0.45
bmbM,11,11,22,0.5
bmbN,16,10,26,0.62
bmbP,24,12,36,0.67
bmbS,8,8,16,0.5
bmbb,16,7,23,0.7
bmbl,1,2,3,0.33
bmbm,10,8,18,0.56
bmbn,9,7,16,0.56
bmbs,2,4,6,0.33
bmlB,3,5,8,0.38
bmlD,1,0,1,1.0
bmlH,2,0,2,1.0
bmlI,1,0,1,1.0
bmlJ,0,2,2,0.0
bmlK,0,0,0,
bmlL,1,2,3,0.33
bmlM,1,4,5,0.2
bmlN,3,3,6,0.5
bmlP,4,2,6,0.67
bmlS,1,1,2,0.5
bmlb,3,1,4,0.75
bmll,0,2,2,0.0
bmlm,3,2,5,0.6
bmln,2,1,3,0.67
bmls,1,1,2,0.5
bmmB,16,7,23,0.7
bmmD,0,0,0,
bmmH,2,5,7,0.29
bmmJ,1,0,1,1.0
bmmL,1,2,3,0.33
bmmM,3,3,6,0.5
bmmN,8,9,17,0.47
bmmP,5,5,10,0.5
bmmS,3,0,3,1.0
bmmb,12,8,20,0.6
bmml,3,0,3,1.0
bmmm,5,0,5,1.0
bmmn,3,3,6,0.5
bmms,1,1,2,0.5
bmnB,5,7,12,0.42
bmnD,0,2,2,0.0
bmnH,1,3,4,0.25
bmnI,1,1,2,0.5
bmnL,2,4,6,0.33
bmnM,8,8,16,0.5
bmnN,11,9,20,0.55
bmnP,9,11,20,0.45
bmnS,4,7,11,0.36
bmnb,8,5,13,0.62
bmnl,3,1,4,0.75
bmnm,8,7,15,0.53
bmnn,7,5,12,0.58
bmns,6,7,13,0.46
bmsB,1,1,2,0.5
bmsH,0,2,2,0.0
bmsI,1,0,1,1.0
bmsL,1,1,2,0.5
bmsM,6,2,8,0.75
bmsN,2,6,8,0.25
bmsP,5,3,8,0.62
bmsS,5,2,7,0.71
bmsb,6,1,7,0.86
bmsl,2,2,4,0.5
bmsm,6,2,8,0.75
bmsn,2,5,7,0.29
bmss,2,3,5,0.4
bnBB,12,10,22,0.55
bnBL,2,8,10,0.2
bnBM,8,6,14,0.57
bnBN,8,4,12,0.67
bnBP,14,8,22,0.64
bnBS,7,7,14,0.5
bnBb,8,14,22,0.36
bnBj,4,4,8,0.5
bnBl,7,3,10,0.7
bnBm,10,8,18,0.56
bnBn,16,8,24,0.67
bnBs,3,8,11,0.27
bnBt,4,0,4,1.0
bnDB,0,0,0,
bnDH,1,0,1,1.0
bnDI,0,0,0,
bnDM,2,0,2,1.0
bnDN,1,2,3,0.33
bnDP,4,1,5,0.8
bnDS,2,2,4,0.5
bnDm,1,0,1,1.0
bnDn,0,1,1,0.0
bnDs,1,1,2,0.5
bnHB,4,8,12,0.33
bnHD,3,1,4,0.75
bnHH,1,2,3,0.33
bnHI,1,0,1,1.0
bnHK,0,0,0,
bnHL,4,3,7,0.57
bnHM,7,6,13,0.54
bnHN,5,7,12,0.42
bnHP,7,10,17,0.41
bnHS,5,7,12,0.42
bnHb,8,1,9,0.89
bnHh,2,2,4,0.5
bnHl,1,3,4,0.25
bnHm,6,4,10,0.6
bnHn,6,4,10,0.6
bnHs,1,3,4,0.25
bnHt,0,1,1,0.0
bnIB,2,1,3,0.67
bnID,0,1,1,0.0
bnIH,0,3,3,0.0
bnIL,2,1,3,0.67
bnIM,2,0,2,1.0
bnIN,2,2,4,0.5
bnIP,4,0,4,1.0
bnIS,2,0,2,1.0
bnIb,3,1,4,0.75
bnIl,1,0,1,1.0
bnIm,1,3,4,0.25
bnIn,2,2,4,0.5
bnIs,0,2,2,0.0
bnKB,1,0,1,1.0
bnKI,1,0,1,1.0
bnKL,1,1,2,0.5
bnKM,1,0,1,1.0
bnKN,1,2,3,0.33
bnKP,1,0,1,1.0
bnKb,0,1,1,0.0
bnKm,1,0,1,1.0
bnKn,1,0,1,1.0
bnKs,1,1,2,0.5
bnLB,1,1,2,0.5
bnLK,0,1,1,0.0
bnLL,2,1,3,0.67
bnLM,3,3,6,0.5
bnLN,2,5,7,0.29
bnLP,3,7,10,0.3
bnLS,1,5,6,0.17
bnLb,5,3,8,0.62
bnLh,2,2,4,0.5
bnLj,3,2,5,0.6
bnLl,3,1,4,0.75
bnLm,5,4,9,0.56
bnLn,7,6,13,0.54
bnLs,6,6,12,0.5
bnLt,1,0,1,1.0
bnMB,8,11,19,0.42
bnMD,1,0,1,1.0
bnML,2,1,3,0.67
bnMM,8,8,16,0.5
bnMN,17,8,25,0.68
bnMP,9,14,23,0.39
bnMS,5,9,14,0.36
bnMb,6,9,15,0.4
bnMh,12,8,20,0.6
bnMj,1,5,6,0.17
bnMl,9,4,13,0.69
bnMm,18,5,23,0.78
bnMn,12,13,25,0.48
bnMs,13,13,26,0.5
bnMt,2,1,3,0.67
bnNB,10,6,16,0.62
bnND,1,1,2,0.5
bnNH,1,5,6,0.17
bnNK,3,2,5,0.6
bnNL,4,3,7,0.57
bnNM,5,12,17,0.29
bnNN,12,11,23,0.52
bnNP,20,19,39,0.51
bnNS,15,12,27,0.56
bnNb,15,12,27,0.56
bnNh,0,6,6,0.0
bnNl,6,6,12,0.5
bnNm,12,10,22,0.55
bnNn,21,24,45,0.47
bnNs,15,16,31,0.48
bnNt,5,5,10,0.5
bnPB,17,20,37,0.46
bnPD,3,2,5,0.6
bnPH,3,7,10,0.3
bnPI,2,0,2,1.0
bnPK,1,0,1,1.0
bnPL,9,12,21,0.43
bnPM,13,19,32,0.41
bnPN,28,28,56,0.5
bnPP,36,27,63,0.57
bnPS,13,16,29,0.45
bnPb,16,10,26,0.62
bnPh,1,3,4,0.25
bnPl,2,5,7,0.29
bnPm,19,14,33,0.58
bnPn,22,14,36,0.61
bnPs,9,11,20,0.45
bnPt,5,6,11,0.45
bnSB,8,3,11,0.73
bnSH,1,6,7,0.14
bnSL,4,2,6,0.67
bnSM,5,11,16,0.31
bnSN,6,5,11,0.55
bnSP,9,12,21,0.43
bnSS,6,7,13,0.46
bnSb,3,9,12,0.25
bnSh,3,5,8,0.38
bnSl,3,3,6,0.5
bnSm,6,6,12,0.5
bnSn,9,8,17,0.53
bnSs,11,4,15,0.73
bnSt,1,4,5,0.2
bnbB,14,15,29,0.48
bnbD,2,1,3,0.67
bnbH,4,1,5,0.8
bnbI,2,0,2,1.0
bnbJ,5,5,10,0.5
bnbK,1,0,1,1.0
bnbL,3,5,8,0.38
bnbM,11,14,25,0.44
bnbN,23,20,43,0.53
bnbP,23,17,40,0.57
bnbS,7,7,14,0.5
bnbb,18,19,37,0.49
bnbh,1,0,1,1.0
bnbl,4,2,6,0.67
bnbm,5,8,13,0.38
bnbn,20,6,26,0.77
bnbs,8,3,11,0.73
bnhL,0,0,0,
bnhM,1,0,1,1.0
bnhN,0,0,0,
bnhP,1,0,1,1.0
bnhb,2,1,3,0.67
bnhh,1,0,1,1.0
bnhl,1,1,2,0.5
bnhn,0,1,1,0.0
bnhs,1,0,1,1.0
bnlB,2,3,5,0.4
bnlD,1,0,1,1.0
bnlH,0,1,1,0.0
bnlI,0,1,1,0.0
bnlL,1,2,3,0.33
bnlM,7,1,8,0.88
bnlN,10,4,14,0.71
bnlP,2,8,10,0.2
bnlS,3,8,11,0.27
bnlb,5,4,9,0.56
bnll,1,3,4,0.25
bnlm,2,1,3,0.67
bnln,2,4,6,0.33
bnls,1,1,2,0.5
bnmB,8,8,16,0.5
bnmD,1,1,2,0.5
bnmH,11,3,14,0.79
bnmI,1,1,2,0.5
bnmJ,2,1,3,0.67
bnmL,4,3,7,0.57
bnmM,6,8,14,0.43
bnmN,12,9,21,0.57
bnmP,11,9,20,0.55
bnmS,7,9,16,0.44
bnmb,11,9,20,0.55
bnml,2,3,5,0.4
bnmm,9,4,13,0.69
bnmn,7,6,13,0.54
bnms,2,0,2,1.0
bnmt,1,0,1,1.0
bnnB,8,11,19,0.42
bnnD,2,1,3,0.67
bnnH,4,6,10,0.4
bnnI,5,1,6,0.83
bnnK,0,2,2,0.0
bnnL,3,2,5,0.6
bnnM,14,13,27,0.52
bnnN,10,13,23,0.43
bnnP,23,23,46,0.5
bnnS,6,11,17,0.35
bnnb,12,8,20,0.6
bnnh,0,1,1,0.0
bnnl,7,3,10,0.7
bnnm,10,5,15,0.67
bnnn,14,8,22,0.64
bnns,8,5,13,0.62
bnsB,6,3,9,0.67
bnsD,1,2,3,0.33
bnsH,6,5,11,0.55
bnsI,2,2,4,0.5
bnsL,1,0,1,1.0
bnsM,5,4,9,0.56
bnsN,6,5,11,0.55
bnsP,10,13,23,0.43
bnsS,13,5,18,0.72
bnsb,6,3,9,0.67
bnsh,0,1,1,0.0
bnsl,1,1,2,0.5
bnsm,8,3,11,0.73
bnsn,6,5,11,0.55
bnss,3,7,10,0.3
bsBB,3,2,5,0.6
bsBD,0,1,1,0.0
bsBL,3,3,6,0.5
bsBM,2,2,4,0.5
bsBN,2,3,5,0.4
bsBP,10,6,16,0.62
bsBS,5,3,8,0.62
bsBb,4,5,9,0.44
bsBh,0,1,1,0.0
bsBj,1,4,5,0.2
bsBl,2,0,2,1.0
bsBm,3,2,5,0.6
bsBn,7,3,10,0.7
bsBs,1,2,3,0.33
bsBt,0,0,0,
bsDB,0,1,1,0.0
bsDM,1,2,3,0.33
bsDN,2,1,3,0.67
bsDP,2,1,3,0.67
bsDS,2,0,2,1.0
bsDm,1,1,2,0.5
bsDs,1,1,2,0.5
bsHB,4,6,10,0.4
bsHD,0,1,1,0.0
bsHH,2,0,2,1.0
bsHI,0,2,2,0.0
bsHL,2,1,3,0.67
bsHM,6,7,13,0.46
bsHN,4,2,6,0.67
bsHP,8,6,14,0.57
bsHS,5,6,11,0.45
bsHb,8,4,12,0.67
bsHh,3,2,5,0.6
bsHl,1,1,2,0.5
bsHm,4,3,7,0.57
bsHn,7,4,11,0.64
bsHs,5,3,8,0.62
bsHt,1,0,1,1.0
bsIB,0,1,1,0.0
bsIH,0,1,1,0.0
bsII,1,0,1,1.0
bsIM,1,3,4,0.25
bsIN,0,0,0,
bsIP,1,2,3,0.33
bsIS,1,2,3,0.33
bsIb,0,0,0,
bsIl,0,1,1,0.0
bsIm,1,0,1,1.0
bsIn,1,0,1,1.0
bsIs,1,1,2,0.5
bsKm,0,1,1,0.0
bsKn,0,1,1,0.0
bsLB,7,2,9,0.78
bsLD,0,1,1,0.0
bsLH,0,0,0,
bsLL,0,2,2,0.0
bsLM,1,1,2,0.5
bsLN,4,6,10,0.4
bsLP,4,2,6,0.67
bsLS,2,1,3,0.67
bsLb,1,0,1,1.0
bsLh,1,2,3,0.33
bsLj,2,0,2,1.0
bsLl,0,1,1,0.0
bsLm,2,1,3,0.67
bsLn,4,6,10,0.4
bsLs,1,1,2,0.5
bsLt,0,0,0,
bsMB,6,7,13,0.46
bsML,4,2,6,0.67
bsMM,2,7,9,0.22
bsMN,0,5,5,0.0
bsMP,5,8,13,0.38
bsMS,4,4,8,0.5
bsMb,8,1,9,0.89
bsMh,5,5,10,0.5
bsMj,0,2,2,0.0
bsMl,3,4,7,0.43
bsMm,7,4,11,0.64
bsMn,8,2,10,0.8
bsMs,6,6,12,0.5
bsMt,1,2,3,0.33
bsNB,7,1,8,0.88
bsND,0,1,1,0.0
bsNH,4,0,4,1.0
bsNK,0,1,1,0.0
bsNL,1,1,2,0.5
bsNM,6,7,13,0.46
bsNN,12,5,17,0.71
bsNP,8,10,18,0.44
bsNS,2,4,6,0.33
bsNb,2,3,5,0.4
bsNh,0,0,0,
bsNl,4,2,6,0.67
bsNm,8,6,14,0.57
bsNn,8,7,15,0.53
bsNs,3,4,7,0.43
bsNt,1,2,3,0.33
bsPB,2,8,10,0.2
bsPH,1,2,3,0.33
bsPI,1,0,1,1.0
bsPL,5,4,9,0.56
bsPM,6,8,14,0.43
bsPN,7,8,15,0.47
bsPP,17,5,22,0.77
bsPS,3,8,11,0.27
bsPb,5,5,10,0.5
bsPh,3,2,5,0.6
bsPl,4,2,6,0.67
bsPm,6,7,13,0.46
bsPn,14,5,19,0.74
bsPs,9,6,15,0.6
bsPt,1,4,5,0.2
bsSB,6,3,9,0.67
bsSD,0,3,3,0.0
bsSH,3,2,5,0.6
bsSI,2,0,2,1.0
bsSL,2,8,10,0.2
bsSM,3,3,6,0.5
bsSN,5,4,9,0.56
bsSP,9,7,16,0.56
bsSS,7,5,12,0.58
bsSb,6,2,8,0.75
bsSh,4,3,7,0.57
bsSl,1,0,1,1.0
bsSm,7,3,10,0.7
bsSn,6,5,11,0.55
bsSs,7,6,13,0.54
bsSt,1,1,2,0.5
bsbB,4,5,9,0.44
bsbD,1,0,1,1.0
bsbH,2,0,2,1.0
bsbI,1,0,1,1.0
bsbJ,2,1,3,0.67
bsbL,4,2,6,0.67
bsbM,4,6,10,0.4
bsbN,6,4,10,0.6
bsbP,10,5,15,0.67
bsbS,1,3,4,0.25
bsbb,5,10,15,0.33
bsbl,1,2,3,0.33
bsbm,8,2,10,0.8
bsbn,3,5,8,0.38
bsbs,2,4,6,0.33
bshP,0,1,1,0.0
bshh,1,0,1,1.0
bshm,0,1,1,0.0
bshn,1,0,1,1.0
bslB,5,4,9,0.56
bslH,1,0,1,1.0
bslJ,1,1,2,0.5
bslL,1,0,1,1.0
bslM,0,1,1,0.0
bslN,3,4,7,0.43
bslP,4,3,7,0.57
bslS,2,2,4,0.5
bslb,4,2,6,0.67
bsll,1,1,2,0.5
bslm,1,0,1,1.0
bsln,4,0,4,1.0
bsls,1,2,3,0.33
bsmB,4,5,9,0.44
bsmD,0,1,1,0.0
bsmH,3,2,5,0.6
bsmI,0,1,1,0.0
bsmJ,2,2,4,0.5
bsmL,2,2,4,0.5
bsmM,2,2,4,0.5
bsmN,5,4,9,0.56
bsmP,10,5,15,0.67
bsmS,2,4,6,0.33
bsmb,5,6,11,0.45
bsml,2,0,2,1.0
bsmm,4,4,8,0.5
bsmn,5,3,8,0.62
bsms,1,3,4,0.25
bsnB,6,5,11,0.55
bsnD,2,1,3,0.67
bsnH,1,2,3,0.33
bsnI,3,0,3,1.0
bsnL,2,3,5,0.4
bsnM,2,0,2,1.0
bsnN,9,8,17,0.53
bsnP,8,6,14,0.57
bsnS,1,3,4,0.25
bsnb,3,1,4,0.75
bsnl,1,4,5,0.2
bsnm,2,6,8,0.25
bsnn,6,5,11,0.55
bsns,5,2,7,0.71
bssB,7,5,12,0.58
bssH,3,7,10,0.3
bssI,3,0,3,1.0
bssL,2,2,4,0.5
bssM,2,4,6,0.33
bssN,9,3,12,0.75
bssP,5,11,16,0.31
bssS,8,4,12,0.67
bssb,3,4,7,0.43
bssh,1,0,1,1.0
bssl,6,1,7,0.86
bssm,5,1,6,0.83
bssn,2,2,4,0.5
bsss,5,3,8,0.62
btbN,0,1,1,0.0
btbm,1,0,1,1.0
hBBB,2,3,5,0.4
hBBL,1,0,1,1.0
hBBM,4,2,6,0.67
hBBP,6,3,9,0.67
hBBS,0,2,2,0.0
hBBb,1,6,7,0.14
hBBh,0,1,1,0.0
hBBj,1,0,1,1.0
hBBl,0,1,1,0.0
hBBm,1,2,3,0.33
hBBn,1,5,6,0.17
hBBs,3,1,4,0.75
hBDN,1,1,2,0.5
hBDS,0,1,1,0.0
hBDb,0,1,1,0.0
hBDm,0,1,1,0.0
hBKP,0,1,1,0.0
hBKm,1,0,1,1.0
hBKs,0,1,1,0.0
hBLB,1,2,3,0.33
hBLL,1,0,1,1.0
hBLM,0,0,0,
hBLP,0,1,1,0.0
hBLb,4,0,4,1.0
hBLl,2,1,3,0.67
hBLm,1,0,1,1.0
hBLn,1,1,2,0.5
hBMB,3,1,4,0.75
hBMD,1,0,1,1.0
hBMH,0,0,0,
hBML,1,0,1,1.0
hBMM,2,3,5,0.4
hBMN,1,5,6,0.17
hBMP,0,4,4,0.0
hBMS,0,1,1,0.0
hBMb,1,1,2,0.5
hBMh,1,0,1,1.0
hBMj,0,0,0,
hBMl,0,1,1,0.0
hBMm,1,1,2,0.5
hBMn,5,2,7,0.71
hBMs,1,3,4,0.25
hBNB,1,2,3,0.33
hBNK,0,1,1,0.0
hBNL,0,1,1,0.0
hBNM,2,1,3,0.67
hBNN,1,3,4,0.25
hBNP,3,1,4,0.75
hBNS,2,1,3,0.67
hBNb,0,4,4,0.0
hBNh,2,0,2,1.0
hBNm,0,1,1,0.0
hBNn,4,1,5,0.8
hBNs,1,1,2,0.5
hBNt,1,1,2,0.5
hBPB,4,3,7,0.57
hBPD,1,0,1,1.0
hBPH,0,0,0,
hBPI,1,1,2,0.5
hBPK,0,1,1,0.0
hBPL,1,1,2,0.5
hBPM,2,4,6,0.33
hBPN,2,1,3,0.67
hBPP,5,2,7,0.71
hBPS,2,4,6,0.33
hBPb,2,4,6,0.33
hBPl,2,0,2,1.0
hBPm,3,2,5,0.6
hBPn,1,5,6,0.17
hBPs,0,3,3,0.0
hBSB,1,0,1,1.0
hBSD,0,0,0,
hBSH,0,2,2,0.0
hBSM,2,0,2,1.0
hBSN,0,2,2,0.0
hBSP,6,1,7,0.86
hBSS,2,2,4,0.5
hBSb,0,1,1,0.0
hBSh,1,0,1,1.0
hBSl,0,1,1,0.0
hBSm,0,0,0,
hBSn,1,2,3,0.33
hBbB,2,2,4,0.5
hBbJ,1,0,1,1.0
hBbL,2,0,2,1.0
hBbM,5,2,7,0.71
hBbN,3,5,8,0.38
hBbP,3,5,8,0.38
hBbS,1,1,2,0.5
hBbb,1,2,3,0.33
hBbl,0,2,2,0.0
hBbm,1,1,2,0.5
hBbn,3,3,6,0.5
hBbs,2,0,2,1.0
hBhM,1,0,1,1.0
hBhP,0,1,1,0.0
hBhb,0,1,1,0.0
hBhl,0,1,1,0.0
hBhn,0,1,1,0.0
hBhs,0,1,1,0.0
hBjB,0,1,1,0.0
hBjH,1,0,1,1.0
hBjK,1,0,1,1.0
hBjL,0,1,1,0.0
hBjM,1,3,4,0.25
hBjN,0,1,1,0.0
hBjP,2,0,2,1.0
hBjS,0,1,1,0.0
hBjb,2,1,3,0.67
hBjh,1,0,1,1.0
hBjt,1,0,1,1.0
hBlD,1,0,1,1.0
hBlH,1,2,3,0.33
hBlJ,1,0,1,1.0
hBlL,0,1,1,0.0
hBlM,0,0,0,
hBlN,0,3,3,0.0
hBlP,1,0,1,1.0
hBlS,3,0,3,1.0
hBlb,1,0,1,1.0
hBln,0,1,1,0.0
hBmB,2,0,2,1.0
hBmH,4,2,6,0.67
hBmJ,1,0,1,1.0
hBmM,2,4,6,0.33
hBmN,3,1,4,0.75
hBmP,2,4,6,0.33
hBmS,2,0,2,1.0
hBmb,2,1,3,0.67
hBml,5,2,7,0.71
hBmm,3,3,6,0.5
hBmn,3,0,3,1.0
hBms,0,1,1,0.0
hBnB,4,1,5,0.8
hBnH,0,1,1,0.0
hBnK,0,1,1,0.0
hBnL,2,2,4,0.5
hBnM,2,3,5,0.4
hBnN,1,3,4,0.25
hBnP,5,4,9,0.56
hBnS,1,3,4,0.25
hBnb,4,0,4,1.0
hBnh,1,0,1,1.0
hBnl,3,1,4,0.75
hBnm,1,5,6,0.17
hBnn,2,3,5,0.4
hBns,4,1,5,0.8
hBsB,2,4,6,0.33
hBsH,0,1,1,0.0
hBsL,1,4,5,0.2
hBsM,0,1,1,0.0
hBsN,3,0,3,1.0
hBsP,1,1,2,0.5
hBsS,2,3,5,0.4
hBsb,1,0,1,1.0
hBsm,0,1,1,0.0
hBsn,0,1,1,0.0
hBss,0,4,4,0.0
hBtM,0,1,1,0.0
hBtN,1,0,1,1.0
hBtP,1,0,1,1.0
hBtS,0,1,1,0.0
hBtb,2,2,4,0.5
hBtn,0,0,0,
hDBn,0,1,1,0.0
hDDn,1,0,1,1.0
hDDs,0,0,0,
hDHb,1,1,2,0.5
hDHh,0,0,0,
hDHn,1,1,2,0.5
hDHt,1,0,1,1.0
hDIL,0,1,1,0.0
hDLB,1,0,1,1.0
hDLM,1,0,1,1.0
hDLn,0,0,0,
hDLs,1,0,1,1.0
hDMB,1,0,1,1.0
hDMN,0,0,0,
hDMb,1,0,1,1.0
hDMj,1,0,1,1.0
hDMn,0,2,2,0.0
hDMs,0,0,0,
hDNN,1,0,1,1.0
hDNn,0,1,1,0.0
hDPH,1,0,1,1.0
hDPL,1,0,1,1.0
hDPM,0,0,0,
hDPN,0,1,1,0.0
hDPP,0,0,0,
hDPS,0,1,1,0.0
hDPb,0,1,1,0.0
hDPm,1,0,1,1.0
hDPt,0,0,0,
hDSD,0,1,1,0.0
hDSH,1,0,1,1.0
hDSS,1,0,1,1.0
hDSh,0,1,1,0.0
hDSm,1,0,1,1.0
hDSn,0,1,1,0.0
hDSs,1,0,1,1.0
hDbM,0,0,0,
hDbP,0,2,2,0.0
hDbS,1,0,1,1.0
hDbl,0,1,1,0.0
hDbm,1,0,1,1.0
hDmD,0,1,1,0.0
hDmL,0,1,1,0.0
hDmN,0,0,0,
hDmb,1,0,1,1.0
hDml,0,1,1,0.0
hDnL,1,0,1,1.0
hDnN,0,1,1,0.0
hDnS,1,0,1,1.0
hDnn,1,0,1,1.0
hDsI,1,0,1,1.0
hDsL,1,0,1,1.0
hDsM,0,1,1,0.0
hHBB,0,1,1,0.0
hHBN,0,0,0,
hHBP,1,0,1,1.0
hHBj,2,0,2,1.0
hHBl,0,1,1,0.0
hHBn,1,0,1,1.0
hHDS,1,0,1,1.0
hHDb,1,0,1,1.0
hHHD,0,1,1,0.0
hHHH,1,0,1,1.0
hHHM,1,0,1,1.0
hHHP,1,0,1,1.0
hHHS,0,1,1,0.0
hHHn,1,0,1,1.0
hHHs,0,1,1,0.0
hHIb,0,1,1,0.0
hHKs,0,1,1,0.0
hHLP,0,0,0,
hHLb,0,0,0,
hHLj,1,0,1,1.0
hHMB,1,0,1,1.0
hHMM,0,1,1,0.0
hHMN,0,1,1,0.0
hHMm,0,1,1,0.0
hHNB,1,1,2,0.5
hHNM,1,0,1,1.0
hHNN,2,2,4,0.5
hHNP,1,0,1,1.0
hHNh,0,0,0,
hHNm,1,1,2,0.5
hHNn,2,1,3,0.67
hHNs,0,2,2,0.0
hHPH,1,0,1,1.0
hHPL,2,0,2,1.0
hHPM,3,0,3,1.0
hHPN,0,2,2,0.0
hHPP,1,3,4,0.25
hHPS,2,2,4,0.5
hHPm,0,2,2,0.0
hHPn,1,1,2,0.5
hHPs,2,1,3,0.67
hHPt,0,0,0,
hHSB,0,0,0,
hHSD,0,0,0,
hHSM,2,1,3,0.67
hHSN,0,1,1,0.0
hHSP,0,1,1,0.0
hHSS,0,1,1,0.0
hHSb,1,2,3,0.33
hHSm,3,2,5,0.6
hHSs,1,1,2,0.5
hHbB,1,1,2,0.5
hHbJ,0,0,0,
hHbK,1,0,1,1.0
hHbL,1,0,1,1.0
hHbM,1,0,1,1.0
hHbN,1,1,2,0.5
hHbP,1,0,1,1.0
hHbS,0,1,1,0.0
hHbm,2,1,3,0.67
hHhH,1,0,1,1.0
hHhM,1,0,1,1.0
hHhN,1,0,1,1.0
hHhP,0,1,1,0.0
hHhS,0,2,2,0.0
hHhh,1,1,2,0.5
hHhn,0,1,1,0.0
hHhs,0,1,1,0.0
hHlB,1,0,1,1.0
hHlN,1,0,1,1.0
hHlm,0,1,1,0.0
hHln,1,0,1,1.0
hHmH,2,0,2,1.0
hHmM,2,1,3,0.67
hHmN,4,0,4,1.0
hHmS,1,2,3,0.33
hHmm,0,1,1,0.0
hHmn,0,1,1,0.0
hHnI,1,0,1,1.0
hHnM,1,2,3,0.33
hHnS,1,0,1,1.0
hHnb,1,2,3,0.33
hHnl,1,0,1,1.0
hHnm,0,2,2,0.0
hHnn,0,1,1,0.0
hHns,1,0,1,1.0
hHsB,1,1,2,0.5
hHsH,0,1,1,0.0
hHsI,1,1,2,0.5
hHsP,3,2,5,0.6
hHsS,0,1,1,0.0
hHsl,2,1,3,0.67
hHsn,1,1,2,0.5
hHss,2,0,2,1.0
hHtM,0,1,1,0.0
hIBs,0,0,0,
hIHK,1,0,1,1.0
hIHL,0,1,1,0.0
hIHP,2,0,2,1.0
hIHS,2,0,2,1.0
hIHb,1,0,1,1.0
hIHm,1,0,1,1.0
hIHs,0,0,0,
hIIm,1,0,1,1.0
hILn,1,0,1,1.0
hIMh,0,0,0,
hINB,0,1,1,0.0
hINK,0,1,1,0.0
hINP,0,0,0,
hINb,0,2,2,0.0
hINs,0,1,1,0.0
hIPB,0,1,1,0.0
hIPH,1,0,1,1.0
hIPM,0,1,1,0.0
hIPN,1,1,2,0.5
hIPP,1,1,2,0.5
hIPS,0,0,0,
hIPh,0,1,1,0.0
hIPl,0,0,0,
hIPn,1,0,1,1.0
hISM,1,0,1,1.0
hISS,1,0,1,1.0
hIbl,0,1,1,0.0
hIlH,0,1,1,0.0
hIlL,1,0,1,1.0
hIlb,0,1,1,0.0
hImn,1,0,1,1.0
hInN,0,1,1,0.0
hInb,1,0,1,1.0
hInn,1,0,1,1.0
hIsM,1,0,1,1.0
hIsS,0,0,0,
hIsl,1,0,1,1.0
hIsm,0,0,0,
hItP,0,0,0,
hKBj,0,1,1,0.0
hKDB,0,1,1,0.0
hKDb,0,1,1,0.0
hKIH,0,1,1,0.0
hKLS,0,1,1,0.0
hKLb,0,1,1,0.0
hKLs,0,0,0,
hKMb,0,1,1,0.0
hKNB,1,0,1,1.0
hKNl,1,0,1,1.0
hKPP,1,0,1,1.0
hKSn,0,0,0,
hKbn,1,0,1,1.0
hKhP,0,1,1,0.0
hKlM,1,0,1,1.0
hKmb,0,1,1,0.0
hKms,1,0,1,1.0
hKnb,1,0,1,1.0
hKsH,1,0,1,1.0
hKsb,1,0,1,1.0
hKss,0,1,1,0.0
hLBB,2,1,3,0.67
hLBL,1,0,1,1.0
hLBM,1,0,1,1.0
hLBN,2,1,3,0.67
hLBP,2,1,3,0.67
hLBb,1,1,2,0.5
hLBj,0,2,2,0.0
hLBm,1,1,2,0.5
hLBn,2,0,2,1.0
hLDL,1,0,1,1.0
hLID,0,0,0,
hLLD,1,0,1,1.0
hLLM,1,0,1,1.0
hLLP,1,1,2,0.5
hLLb,1,2,3,0.33
hLLl,0,1,1,0.0
hLLm,1,0,1,1.0
hLLn,1,1,2,0.5
hLMB,2,1,3,0.67
hLML,1,1,2,0.5
hLMM,1,1,2,0.5
hLMN,0,1,1,0.0
hLMP,0,3,3,0.0
hLMb,1,2,3,0.33
hLMl,0,0,0,
hLMm,2,3,5,0.4
hLMn,0,2,2,0.0
hLMs,0,3,3,0.0
hLNB,1,1,2,0.5
hLNH,0,0,0,
hLNL,1,0,1,1.0
hLNM,0,1,1,0.0
hLNN,0,2,2,0.0
hLNP,1,2,3,0.33
hLNS,1,2,3,0.33
hLNb,1,0,1,1.0
hLNh,3,0,3,1.0
hLNl,2,0,2,1.0
hLNm,1,0,1,1.0
hLNn,1,2,3,0.33
hLNt,1,0,1,1.0
hLPB,3,2,5,0.6
hLPD,1,0,1,1.0
hLPH,1,0,1,1.0
hLPL,3,1,4,0.75
hLPM,0,1,1,0.0
hLPN,3,2,5,0.6
hLPP,2,2,4,0.5
hLPS,2,0,2,1.0
hLPb,0,1,1,0.0
hLPl,0,1,1,0.0
hLPm,0,3,3,0.0
hLPn,1,2,3,0.33
hLPs,1,2,3,0.33
hLSB,2,0,2,1.0
hLSD,0,0,0,
hLSP,1,0,1,1.0
hLSb,0,1,1,0.0
hLSl,1,1,2,0.5
hLSm,1,0,1,1.0
hLSn,1,0,1,1.0
hLSs,1,0,1,1.0
hLbB,3,1,4,0.75
hLbL,1,0,1,1.0
hLbM,0,1,1,0.0
hLbN,1,3,4,0.25
hLbP,0,2,2,0.0
hLbS,1,2,3,0.33
hLbb,1,4,5,0.2
hLbn,0,1,1,0.0
hLbs,1,1,2,0.5
hLhB,0,0,0,
hLhI,0,1,1,0.0
hLhL,0,0,0,
hLhN,1,0,1,1.0
hLhb,0,1,1,0.0
hLhh,1,0,1,1.0
hLhm,2,1,3,0.67
hLhn,1,1,2,0.5
hLhs,0,2,2,0.0
hLjB,0,1,1,0.0
hLjL,0,1,1,0.0
hLjM,0,1,1,0.0
hLjP,0,1,1,0.0
hLjl,0,1,1,0.0
hLjn,1,0,1,1.0
hLjs,0,1,1,0.0
hLlB,3,1,4,0.75
hLlH,1,0,1,1.0
hLlJ,1,0,1,1.0
hLlL,0,1,1,0.0
hLlN,0,1,1,0.0
hLlP,0,1,1,0.0
hLlb,1,2,3,0.33
hLll,1,0,1,1.0
hLls,0,2,2,0.0
hLmB,0,3,3,0.0
hLmH,1,1,2,0.5
hLmL,0,0,0,
hLmM,1,0,1,1.0
hLmN,0,1,1,0.0
hLmS,1,0,1,1.0
hLmb,0,1,1,0.0
hLml,0,1,1,0.0
hLmm,2,1,3,0.67
hLmn,0,1,1,0.0
hLms,1,2,3,0.33
hLnB,1,1,2,0.5
hLnH,1,0,1,1.0
hLnI,1,0,1,1.0
hLnL,1,0,1,1.0
hLnM,2,2,4,0.5
hLnN,3,0,3,1.0
hLnP,1,0,1,1.0
hLnS,0,2,2,0.0
hLnb,0,1,1,0.0
hLnl,0,2,2,0.0
hLnm,2,1,3,0.67
hLnn,0,1,1,0.0
hLns,1,3,4,0.25
hLsH,1,0,1,1.0
hLsL,1,0,1,1.0
hLsM,1,1,2,0.5
hLsN,2,0,2,1.0
hLsP,1,1,2,0.5
hLsS,1,1,2,0.5
hLsn,1,2,3,0.33
hLss,2,1,3,0.67
hLtB,0,2,2,0.0
hLtH,1,0,1,1.0
hMBB,0,3,3,0.0
hMBK,1,0,1,1.0
hMBL,1,2,3,0.33
hMBM,2,3,5,0.4
hMBN,0,3,3,0.0
hMBP,8,8,16,0.5
hMBS,1,0,1,1.0
hMBb,0,3,3,0.0
hMBl,2,0,2,1.0
hMBm,1,1,2,0.5
hMBn,1,4,5,0.2
hMBs,0,1,1,0.0
hMBt,1,2,3,0.33
hMDL,1,0,1,1.0
hMDS,1,0,1,1.0
hMHn,0,0,0,
hMLB,4,0,4,1.0
hMLM,1,2,3,0.33
hMLN,1,1,2,0.5
hMLP,3,1,4,0.75
hMLS,0,1,1,0.0
hMLb,1,0,1,1.0
hMLh,2,0,2,1.0
hMLl,1,0,1,1.0
hMLm,0,1,1,0.0
hMLn,2,0,2,1.0
hMLs,1,1,2,0.5
hMMB,3,3,6,0.5
hMML,1,0,1,1.0
hMMM,3,2,5,0.6
hMMN,4,0,4,1.0
hMMP,2,2,4,0.5
hMMS,1,4,5,0.2
hMMb,3,3,6,0.5
hMMl,2,0,2,1.0
hMMm,1,2,3,0.33
hMMn,4,2,6,0.67
hMMs,3,2,5,0.6
hMNB,2,1,3,0.67
hMNH,0,0,0,
hMNM,1,2,3,0.33
hMNN,3,1,4,0.75
hMNP,2,5,7,0.29
hMNS,1,2,3,0.33
hMNb,1,2,3,0.33
hMNl,1,1,2,0.5
hMNm,3,0,3,1.0
hMNn,3,1,4,0.75
hMNs,2,2,4,0.5
hMPB,3,2,5,0.6
hMPH,0,1,1,0.0
hMPI,1,1,2,0.5
hMPK,0,1,1,0.0
hMPL,4,2,6,0.67
hMPM,3,6,9,0.33
hMPN,6,5,11,0.55
hMPP,6,6,12,0.5
hMPS,2,4,6,0.33
hMPb,3,5,8,0.38
hMPl,0,1,1,0.0
hMPm,3,2,5,0.6
hMPn,6,8,14,0.43
hMPs,0,0,0,
hMPt,0,0,0,
hMSB,3,2,5,0.6
hMSM,0,1,1,0.0
hMSN,2,1,3,0.67
hMSP,2,2,4,0.5
hMSS,0,2,2,0.0
hMSb,0,1,1,0.0
hMSh,1,0,1,1.0
hMSl,1,1,2,0.5
hMSm,1,2,3,0.33
hMSn,2,2,4,0.5
hMSs,3,0,3,1.0
hMSt,0,2,2,0.0
hMbB,1,4,5,0.2
hMbI,0,1,1,0.0
hMbJ,3,0,3,1.0
hMbK,2,1,3,0.67
hMbL,3,0,3,1.0
hMbM,3,4,7,0.43
hMbN,3,2,5,0.6
hMbP,4,7,11,0.36
hMbS,2,2,4,0.5
hMbb,0,1,1,0.0
hMbl,1,2,3,0.33
hMbm,2,4,6,0.33
hMbn,4,2,6,0.67
hMbs,2,0,2,1.0
hMhB,1,0,1,1.0
hMhD,1,0,1,1.0
hMhI,0,0,0,
hMhL,1,0,1,1.0
hMhM,3,3,6,0.5
hMhN,1,1,2,0.5
hMhP,4,4,8,0.5
hMhS,1,0,1,1.0
hMhb,3,2,5,0.6
hMhh,2,1,3,0.67
hMhl,1,3,4,0.25
hMhm,3,0,3,1.0
hMhn,3,3,6,0.5
hMhs,1,0,1,1.0
hMht,1,0,1,1.0
hMjM,0,1,1,0.0
hMjP,0,1,1,0.0
hMjl,0,0,0,
hMjn,1,2,3,0.33
hMlB,1,0,1,1.0
hMlH,1,1,2,0.5
hMlI,0,1,1,0.0
hMlM,3,2,5,0.6
hMlN,0,3,3,0.0
hMlP,2,2,4,0.5
hMlS,2,1,3,0.67
hMlb,0,1,1,0.0
hMlm,2,0,2,1.0
hMln,3,2,5,0.6
hMmB,1,0,1,1.0
hMmH,1,1,2,0.5
hMmI,1,1,2,0.5
hMmJ,0,1,1,0.0
hMmK,1,0,1,1.0
hMmL,0,1,1,0.0
hMmM,3,2,5,0.6
hMmN,2,3,5,0.4
hMmP,5,2,7,0.71
hMmS,3,1,4,0.75
hMmb,4,5,9,0.44
hMml,1,2,3,0.33
hMmm,0,1,1,0.0
hMmn,2,2,4,0.5
hMms,0,1,1,0.0
hMnB,1,2,3,0.33
hMnD,0,1,1,0.0
hMnH,0,3,3,0.0
hMnI,0,1,1,0.0
hMnL,1,1,2,0.5
hMnM,4,5,9,0.44
hMnN,3,4,7,0.43
hMnP,3,10,13,0.23
hMnS,4,2,6,0.67
hMnb,4,1,5,0.8
hMnl,3,0,3,1.0
hMnm,1,3,4,0.25
hMnn,2,5,7,0.29
hMns,3,3,6,0.5
hMsB,2,1,3,0.67
hMsH,1,1,2,0.5
hMsI,0,1,1,0.0
hMsK,1,0,1,1.0
hMsL,0,1,1,0.0
hMsM,1,2,3,0.33
hMsN,1,2,3,0.33
hMsP,3,3,6,0.5
hMsS,2,1,3,0.67
hMsb,3,0,3,1.0
hMsl,0,3,3,0.0
hMsm,1,2,3,0.33
hMsn,1,1,2,0.5
hMss,3,1,4,0.75
hMtH,0,1,1,0.0
hMtK,0,0,0,
hMtN,1,0,1,1.0
hMtS,1,0,1,1.0
hMtb,1,2,3,0.33
hMtm,1,0,1,1.0
hNBB,0,1,1,0.0
hNBD,0,1,1,0.0
hNBL,0,1,1,0.0
hNBM,4,3,7,0.57
hNBN,4,5,9,0.44
hNBP,4,1,5,0.8
hNBS,0,1,1,0.0
hNBb,0,3,3,0.0
hNBl,0,1,1,0.0
hNBm,1,2,3,0.33
hNBn,4,2,6,0.67
hNBs,2,0,2,1.0
hNDH,0,1,1,0.0
hNDN,0,1,1,0.0
hNHB,0,1,1,0.0
hNHK,1,0,1,1.0
hNHL,0,2,2,0.0
hNHM,1,2,3,0.33
hNHN,0,1,1,0.0
hNHP,0,2,2,0.0
hNHS,0,1,1,0.0
hNHn,1,0,1,1.0
hNHs,1,0,1,1.0
hNKM,0,1,1,0.0
hNKN,1,0,1,1.0
hNKb,1,0,1,1.0
hNKh,0,1,1,0.0
hNKl,0,1,1,0.0
hNKm,1,0,1,1.0
hNKs,0,1,1,0.0
hNLB,0,2,2,0.0
hNLL,0,2,2,0.0
hNLM,1,0,1,1.0
hNLN,0,1,1,0.0
hNLP,0,1,1,0.0
hNLS,0,0,0,
hNLl,1,0,1,1.0
hNLm,0,0,0,
hNLn,3,0,3,1.0
hNLs,1,0,1,1.0
hNMB,1,1,2,0.5
hNML,1,0,1,1.0
hNMM,3,1,4,0.75
hNMN,3,4,7,0.43
hNMP,3,3,6,0.5
hNMS,0,1,1,0.0
hNMb,0,4,4,0.0
hNMh,1,1,2,0.5
hNMj,1,0,1,1.0
hNMl,1,0,1,1.0
hNMm,2,2,4,0.5
hNMn,6,5,11,0.55
hNMs,1,1,2,0.5
hNMt,0,1,1,0.0
hNNB,1,3,4,0.25
hNNI,0,1,1,0.0
hNNL,1,0,1,1.0
hNNM,2,3,5,0.4
hNNN,4,2,6,0.67
hNNP,6,4,10,0.6
hNNS,1,4,5,0.2
hNNb,2,3,5,0.4
hNNh,1,6,7,0.14
hNNl,1,2,3,0.33
hNNm,1,1,2,0.5
hNNn,1,5,6,0.17
hNNs,4,0,4,1.0
hNNt,2,0,2,1.0
hNPB,4,1,5,0.8
hNPH,1,2,3,0.33
hNPI,0,1,1,0.0
hNPK,0,1,1,0.0
hNPL,3,1,4,0.75
hNPM,1,2,3,0.33
hNPN,2,6,8,0.25
hNPP,6,5,11,0.55
hNPS,1,2,3,0.33
hNPb,4,6,10,0.4
hNPh,0,1,1,0.0
hNPm,4,4,8,0.5
hNPn,1,6,7,0.14
hNPs,6,6,12,0.5
hNSB,0,1,1,0.0
hNSL,1,2,3,0.33
hNSM,2,2,4,0.5
hNSN,2,3,5,0.4
hNSP,4,5,9,0.44
hNSS,3,3,6,0.5
hNSb,0,1,1,0.0
hNSh,1,0,1,1.0
hNSl,0,1,1,0.0
hNSm,1,0,1,1.0
hNSn,5,3,8,0.62
hNSs,3,5,8,0.38
hNSt,1,0,1,1.0
hNbB,2,1,3,0.67
hNbH,2,1,3,0.67
hNbI,0,1,1,0.0
hNbJ,1,0,1,1.0
hNbK,0,1,1,0.0
hNbL,2,1,3,0.67
hNbM,1,1,2,0.5
hNbN,1,4,5,0.2
hNbP,6,3,9,0.67
hNbS,4,2,6,0.67
hNbb,4,2,6,0.67
hNbl,1,0,1,1.0
hNbm,0,1,1,0.0
hNbn,3,1,4,0.75
hNbs,0,1,1,0.0
hNhB,0,1,1,0.0
hNhM,0,2,2,0.0
hNhN,0,2,2,0.0
hNhP,0,2,2,0.0
hNhS,1,1,2,0.5
hNhb,1,0,1,1.0
hNhh,1,0,1,1.0
hNhm,0,1,1,0.0
hNhn,1,0,1,1.0
hNhs,1,2,3,0.33
hNht,0,1,1,0.0
hNlB,0,1,1,0.0
hNlH,3,0,3,1.0
hNlJ,1,1,2,0.5
hNlL,1,0,1,1.0
hNlM,0,0,0,
hNlN,0,1,1,0.0
hNlP,2,2,4,0.5
hNlS,1,2,3,0.33
hNlb,1,1,2,0.5
hNlm,2,1,3,0.67
hNln,1,0,1,1.0
hNls,2,0,2,1.0
hNmB,2,2,4,0.5
hNmD,1,0,1,1.0
hNmH,0,3,3,0.0
hNmJ,0,1,1,0.0
hNmL,1,1,2,0.5
hNmM,1,2,3,0.33
hNmN,2,2,4,0.5
hNmP,3,3,6,0.5
hNmS,1,2,3,0.33
hNmb,1,1,2,0.5
hNml,1,0,1,1.0
hNmm,0,1,1,0.0
hNmn,2,2,4,0.5
hNms,0,1,1,0.0
hNnB,4,3,7,0.57
hNnH,1,1,2,0.5
hNnI,1,0,1,1.0
hNnL,2,1,3,0.67
hNnM,1,3,4,0.25
hNnN,5,3,8,0.62
hNnP,7,5,12,0.58
hNnS,6,0,6,1.0
hNnb,5,5,10,0.5
hNnl,0,3,3,0.0
hNnm,2,2,4,0.5
hNnn,4,6,10,0.4
hNns,2,1,3,0.67
hNsB,0,1,1,0.0
hNsH,0,0,0,
hNsL,0,0,0,
hNsM,0,2,2,0.0
hNsN,0,6,6,0.0
hNsP,3,3,6,0.5
hNsS,3,0,3,1.0
hNsb,5,0,5,1.0
hNsm,0,1,1,0.0
hNsn,1,2,3,0.33
hNss,3,2,5,0.6
hNtB,1,0,1,1.0
hNtP,0,0,0,
hNtb,1,1,2,0.5
hNtl,1,0,1,1.0
hNtm,0,2,2,0.0
hNts,1,0,1,1.0
hPBB,1,3,4,0.25
hPBK,0,2,2,0.0
hPBL,0,4,4,0.0
hPBM,3,2,5,0.6
hPBN,0,3,3,0.0
hPBP,5,3,8,0.62
hPBS,1,0,1,1.0
hPBb,4,3,7,0.57
hPBh,1,0,1,1.0
hPBj,1,1,2,0.5
hPBl,3,1,4,0.75
hPBm,2,3,5,0.4
hPBn,4,8,12,0.33
hPBs,4,0,4,1.0
hPDM,3,0,3,1.0
hPDN,0,0,0,
hPDm,0,0,0,
hPDs,0,0,0,
hPHB,1,0,1,1.0
hPHL,0,1,1,0.0
hPHM,1,0,1,1.0
hPHN,0,0,0,
hPHP,4,3,7,0.57
hPHS,0,1,1,0.0
hPHb,1,3,4,0.25
hPHm,1,4,5,0.2
hPHn,2,0,2,1.0
hPHs,2,2,4,0.5
hPIH,1,0,1,1.0
hPIN,1,0,1,1.0
hPIP,0,0,0,
hPIS,1,0,1,1.0
hPIb,1,0,1,1.0
hPIm,1,0,1,1.0
hPIn,0,1,1,0.0
hPKN,1,0,1,1.0
hPKb,3,0,3,1.0
hPKh,0,1,1,0.0
hPKn,1,0,1,1.0
hPKs,0,1,1,0.0
hPLB,2,2,4,0.5
hPLL,1,1,2,0.5
hPLM,1,1,2,0.5
hPLN,3,0,3,1.0
hPLP,4,2,6,0.67
hPLS,2,2,4,0.5
hPLb,4,3,7,0.57
hPLh,0,0,0,
hPLj,0,1,1,0.0
hPLm,2,3,5,0.4
hPLn,3,0,3,1.0
hPLs,1,0,1,1.0
hPLt,1,0,1,1.0
hPMB,6,2,8,0.75
hPMM,2,1,3,0.67
hPMN,2,0,2,1.0
hPMP,7,4,11,0.64
hPMS,1,0,1,1.0
hPMb,2,3,5,0.4
hPMh,2,2,4,0.5
hPMj,1,2,3,0.33
hPMl,1,1,2,0.5
hPMm,3,5,8,0.38
hPMn,7,2,9,0.78
hPMs,2,2,4,0.5
hPMt,0,1,1,0.0
hPNB,2,7,9,0.22
hPND,0,1,1,0.0
hPNH,1,1,2,0.5
hPNK,0,1,1,0.0
hPNL,2,0,2,1.0
hPNM,4,4,8,0.5
hPNN,2,1,3,0.67
hPNP,4,1,5,0.8
hPNS,3,0,3,1.0
hPNb,2,4,6,0.33
hPNh,1,3,4,0.25
hPNl,1,4,5,0.2
hPNm,3,0,3,1.0
hPNn,3,3,6,0.5
hPNs,7,6,13,0.54
hPNt,2,2,4,0.5
hPPB,5,1,6,0.83
hPPD,0,0,0,
hPPH,1,0,1,1.0
hPPI,1,0,1,1.0
hPPK,0,1,1,0.0
hPPL,1,3,4,0.25
hPPM,7,10,17,0.41
hPPN,10,7,17,0.59
hPPP,9,17,26,0.35
hPPS,7,6,13,0.54
hPPb,8,2,10,0.8
hPPh,1,0,1,1.0
hPPl,9,4,13,0.69
hPPm,8,5,13,0.62
hPPn,7,4,11,0.64
hPPs,6,4,10,0.6
hPPt,0,1,1,0.0
hPSB,1,2,3,0.33
hPSD,0,1,1,0.0
hPSH,2,0,2,1.0
hPSL,2,5,7,0.29
hPSM,3,5,8,0.38
hPSN,2,2,4,0.5
hPSP,1,7,8,0.12
hPSS,5,0,5,1.0
hPSb,2,4,6,0.33
hPSh,1,1,2,0.5
hPSl,2,0,2,1.0
hPSm,4,1,5,0.8
hPSn,4,1,5,0.8
hPSs,5,5,10,0.5
hPSt,2,0,2,1.0
hPbB,7,5,12,0.58
hPbH,2,2,4,0.5
hPbJ,1,1,2,0.5
hPbK,0,0,0,
hPbL,2,3,5,0.4
hPbM,8,5,13,0.62
hPbN,4,5,9,0.44
hPbP,5,9,14,0.36
hPbS,4,4,8,0.5
hPbb,8,6,14,0.57
hPbl,1,1,2,0.5
hPbm,0,3,3,0.0
hPbn,5,1,6,0.83
hPbs,4,0,4,1.0
hPhD,0,0,0,
hPhM,0,1,1,0.0
hPhP,0,1,1,0.0
hPhS,1,0,1,1.0
hPhb,1,2,3,0.33
hPhl,1,0,1,1.0
hPhm,0,1,1,0.0
hPhn,1,0,1,1.0
hPhs,0,1,1,0.0
hPlB,2,2,4,0.5
hPlH,2,1,3,0.67
hPlM,2,2,4,0.5
hPlN,3,1,4,0.75
hPlP,3,3,6,0.5
hPlS,2,2,4,0.5
hPlb,2,1,3,0.67
hPll,0,1,1,0.0
hPlm,0,1,1,0.0
hPln,0,1,1,0.0
hPls,3,0,3,1.0
hPmB,2,0,2,1.0
hPmD,1,1,2,0.5
hPmH,1,3,4,0.25
hPmI,1,2,3,0.33
hPmJ,0,0,0,
hPmM,4,7,11,0.36
hPmN,3,4,7,0.43
hPmP,4,10,14,0.29
hPmS,7,2,9,0.78
hPmb,7,3,10,0.7
hPml,0,1,1,0.0
hPmm,3,3,6,0.5
hPmn,4,4,8,0.5
hPms,2,0,2,1.0
hPnB,3,2,5,0.6
hPnD,2,1,3,0.67
hPnH,1,0,1,1.0
hPnK,0,2,2,0.0
hPnL,0,2,2,0.0
hPnM,6,5,11,0.55
hPnN,3,4,7,0.43
hPnP,3,11,14,0.21
hPnS,2,4,6,0.33
hPnb,3,2,5,0.6
hPnl,2,3,5,0.4
hPnm,6,5,11,0.55
hPnn,8,5,13,0.62
hPns,0,1,1,0.0
hPsB,3,1,4,0.75
hPsH,3,3,6,0.5
hPsI,0,0,0,
hPsK,0,1,1,0.0
hPsL,2,3,5,0.4
hPsM,3,2,5,0.6
hPsN,4,3,7,0.57
hPsP,5,4,9,0.56
hPsS,4,8,12,0.33
hPsb,0,1,1,0.0
hPsl,3,2,5,0.6
hPsm,5,3,8,0.62
hPsn,0,2,2,0.0
hPss,2,2,4,0.5
hPtB,1,0,1,1.0
hPtH,0,1,1,0.0
hPtL,2,0,2,1.0
hPtM,0,1,1,0.0
hPtN,0,1,1,0.0
hPtP,1,0,1,1.0
hPtS,1,1,2,0.5
hPtm,0,1,1,0.0
hSBL,0,1,1,0.0
hSBM,1,1,2,0.5
hSBN,1,4,5,0.2
hSBP,3,0,3,1.0
hSBb,0,3,3,0.0
hSBj,0,0,0,
hSBl,0,1,1,0.0
hSBm,2,0,2,1.0
hSBn,2,1,3,0.67
hSBs,0,3,3,0.0
hSDM,1,1,2,0.5
hSDS,1,0,1,1.0
hSHB,1,0,1,1.0
hSHH,0,0,0,
hSHM,1,0,1,1.0
hSHN,0,0,0,
hSHP,1,0,1,1.0
hSHS,1,0,1,1.0
hSHh,0,1,1,0.0
hSHl,0,0,0,
hSHm,0,0,0,
hSHn,0,2,2,0.0
hSHs,2,0,2,1.0
hSKs,0,1,1,0.0
hSLB,2,0,2,1.0
hSLL,0,0,0,
hSLM,0,1,1,0.0
hSLN,0,2,2,0.0
hSLP,0,2,2,0.0
hSLl,1,0,1,1.0
hSLm,0,1,1,0.0
hSLn,0,1,1,0.0
hSLs,0,1,1,0.0
hSMB,2,3,5,0.4
hSMD,1,1,2,0.5
hSMI,1,0,1,1.0
hSML,1,2,3,0.33
hSMM,3,1,4,0.75
hSMN,2,0,2,1.0
hSMP,1,3,4,0.25
hSMS,1,1,2,0.5
hSMb,1,1,2,0.5
hSMh,1,1,2,0.5
hSMl,1,3,4,0.25
hSMm,4,3,7,0.57
hSMn,2,1,3,0.67
hSMs,5,1,6,0.83
hSMt,1,0,1,1.0
hSNB,2,2,4,0.5
hSNH,1,0,1,1.0
hSNK,0,1,1,0.0
hSNL,1,2,3,0.33
hSNM,0,2,2,0.0
hSNN,0,4,4,0.0
hSNP,1,8,9,0.11
hSNS,5,3,8,0.62
hSNb,0,2,2,0.0
hSNh,0,3,3,0.0
hSNm,1,3,4,0.25
hSNn,4,5,9,0.44
hSNs,1,1,2,0.5
hSPB,2,2,4,0.5
hSPD,0,0,0,
hSPH,1,1,2,0.5
hSPI,0,1,1,0.0
hSPK,2,0,2,1.0
hSPL,2,0,2,1.0
hSPM,4,6,10,0.4
hSPN,1,6,7,0.14
hSPP,3,6,9,0.33
hSPS,1,5,6,0.17
hSPb,1,2,3,0.33
hSPh,0,1,1,0.0
hSPl,0,3,3,0.0
hSPm,4,0,4,1.0
hSPn,2,3,5,0.4
hSPs,5,0,5,1.0
hSPt,1,0,1,1.0
hSSB,2,2,4,0.5
hSSD,0,1,1,0.0
hSSH,3,1,4,0.75
hSSK,0,1,1,0.0
hSSL,0,0,0,
hSSM,3,5,8,0.38
hSSN,5,2,7,0.71
hSSP,2,1,3,0.67
hSSS,5,5,10,0.5
hSSb,2,2,4,0.5
hSSh,3,3,6,0.5
hSSl,0,0,0,
hSSm,4,1,5,0.8
hSSn,4,5,9,0.44
hSSs,3,8,11,0.27
hSSt,0,0,0,
hSbB,1,3,4,0.25
hSbD,2,0,2,1.0
hSbH,2,0,2,1.0
hSbJ,1,0,1,1.0
hSbK,0,0,0,
hSbL,0,1,1,0.0
hSbM,4,1,5,0.8
hSbN,5,2,7,0.71
hSbP,3,1,4,0.75
hSbS,1,4,5,0.2
hSbb,2,3,5,0.4
hSbl,1,0,1,1.0
hSbm,1,0,1,1.0
hSbn,2,5,7,0.29
hSbs,1,1,2,0.5
hShB,2,0,2,1.0
hShH,1,0,1,1.0
hShM,0,2,2,0.0
hShN,1,1,2,0.5
hShP,1,2,3,0.33
hShS,0,2,2,0.0
hShb,1,0,1,1.0
hShh,1,2,3,0.33
hShm,0,1,1,0.0
hShn,0,2,2,0.0
hShs,3,0,3,1.0
hSlH,0,3,3,0.0
hSlI,1,0,1,1.0
hSlJ,0,0,0,
hSlL,0,1,1,0.0
hSlM,1,1,2,0.5
hSlN,1,1,2,0.5
hSlP,0,3,3,0.0
hSlS,0,1,1,0.0
hSlb,0,3,3,0.0
hSlm,1,1,2,0.5
hSln,3,0,3,1.0
hSls,1,1,2,0.5
hSmB,2,0,2,1.0
hSmH,3,1,4,0.75
hSmL,0,2,2,0.0
hSmM,1,4,5,0.2
hSmN,5,1,6,0.83
hSmP,2,0,2,1.0
hSmS,2,1,3,0.67
hSmb,3,4,7,0.43
hSmh,0,1,1,0.0
hSml,0,1,1,0.0
hSmm,1,0,1,1.0
hSmn,1,4,5,0.2
hSms,0,4,4,0.0
hSnB,5,3,8,0.62
hSnD,0,1,1,0.0
hSnH,2,2,4,0.5
hSnL,1,1,2,0.5
hSnM,3,4,7,0.43
hSnN,3,1,4,0.75
hSnP,2,5,7,0.29
hSnS,3,1,4,0.75
hSnb,2,1,3,0.67
hSnl,3,1,4,0.75
hSnm,3,3,6,0.5
hSnn,0,1,1,0.0
hSns,1,3,4,0.25
hSsB,1,1,2,0.5
hSsD,1,0,1,1.0
hSsH,3,4,7,0.43
hSsI,1,0,1,1.0
hSsL,2,1,3,0.67
hSsM,3,2,5,0.6
hSsN,6,1,7,0.86
hSsP,4,4,8,0.5
hSsS,4,6,10,0.4
hSsb,3,3,6,0.5
hSsh,0,0,0,
hSsl,0,3,3,0.0
hSsm,5,4,9,0.56
hSsn,2,4,6,0.33
hSss,2,5,7,0.29
hStM,2,0,2,1.0
hStS,1,0,1,1.0
hStm,0,1,1,0.0
hStn,1,1,2,0.5
hSts,1,0,1,1.0
hbBB,2,2,4,0.5
hbBD,0,0,0,
hbBL,0,1,1,0.0
hbBM,3,2,5,0.6
hbBN,1,4,5,0.2
hbBP,3,0,3,1.0
hbBS,2,5,7,0.29
hbBb,1,3,4,0.25
hbBh,1,0,1,1.0
hbBj,1,2,3,0.33
hbBl,1,0,1,1.0
hbBm,1,1,2,0.5
hbBn,3,4,7,0.43
hbBs,0,0,0,
hbBt,1,0,1,1.0
hbDS,1,0,1,1.0
hbDn,1,0,1,1.0
hbDs,1,0,1,1.0
hbHB,0,2,2,0.0
hbHL,0,0,0,
hbHM,0,1,1,0.0
hbHN,1,0,1,1.0
hbHP,1,5,6,0.17
hbHb,0,4,4,0.0
hbHl,0,1,1,0.0
hbHm,0,1,1,0.0
hbHn,1,1,2,0.5
hbHs,0,2,2,0.0
hbIB,0,1,1,0.0
hbIS,2,0,2,1.0
hbIl,0,1,1,0.0
hbJB,1,1,2,0.5
hbJH,1,0,1,1.0
hbJI,1,0,1,1.0
hbJL,1,0,1,1.0
hbJM,0,1,1,0.0
hbJN,1,0,1,1.0
hbJP,0,0,0,
hbJb,3,0,3,1.0
hbJm,2,1,3,0.67
hbJs,0,1,1,0.0
hbKM,1,0,1,1.0
hbKP,1,0,1,1.0
hbKh,0,1,1,0.0
hbKm,0,1,1,0.0
hbLB,3,2,5,0.6
hbLL,0,1,1,0.0
hbLM,1,1,2,0.5
hbLN,1,3,4,0.25
hbLP,1,2,3,0.33
hbLS,1,1,2,0.5
hbLh,1,1,2,0.5
hbLj,0,0,0,
hbLl,1,1,2,0.5
hbLm,1,1,2,0.5
hbLn,3,3,6,0.5
hbLs,2,1,3,0.67
hbMB,4,5,9,0.44
hbML,0,1,1,0.0
hbMM,1,2,3,0.33
hbMN,2,0,2,1.0
hbMP,3,2,5,0.6
hbMS,0,3,3,0.0
hbMb,1,6,7,0.14
hbMh,1,0,1,1.0
hbMj,1,1,2,0.5
hbMl,0,1,1,0.0
hbMm,0,4,4,0.0
hbMn,0,2,2,0.0
hbMs,1,3,4,0.25
hbMt,1,1,2,0.5
hbNB,6,2,8,0.75
hbNH,0,1,1,0.0
hbNL,2,1,3,0.67
hbNM,4,1,5,0.8
hbNN,3,2,5,0.6
hbNP,7,4,11,0.64
hbNS,0,1,1,0.0
hbNb,1,3,4,0.25
hbNh,1,0,1,1.0
hbNl,4,1,5,0.8
hbNm,5,2,7,0.71
hbNn,3,2,5,0.6
hbNs,2,3,5,0.4
hbNt,1,1,2,0.5
hbPB,4,2,6,0.67
hbPD,1,1,2,0.5
hbPH,1,2,3,0.33
hbPK,1,0,1,1.0
hbPL,3,2,5,0.6
hbPM,4,1,5,0.8
hbPN,2,4,6,0.33
hbPP,10,6,16,0.62
hbPS,0,3,3,0.0
hbPb,4,3,7,0.57
hbPl,1,2,3,0.33
hbPm,2,3,5,0.4
hbPn,4,1,5,0.8
hbPs,2,1,3,0.67
hbSB,1,0,1,1.0
hbSH,0,2,2,0.0
hbSL,0,0,0,
hbSM,2,1,3,0.67
hbSN,2,3,5,0.4
hbSP,1,5,6,0.17
hbSS,2,4,6,0.33
hbSb,1,1,2,0.5
hbSh,0,2,2,0.0
hbSl,0,2,2,0.0
hbSm,1,1,2,0.5
hbSn,2,1,3,0.67
hbSs,2,2,4,0.5
hbbB,3,4,7,0.43
hbbD,0,1,1,0.0
hbbH,1,0,1,1.0
hbbI,2,1,3,0.67
hbbJ,1,1,2,0.5
hbbK,1,0,1,1.0
hbbL,5,2,7,0.71
hbbM,4,6,10,0.4
hbbN,4,0,4,1.0
hbbP,4,5,9,0.44
hbbS,2,1,3,0.67
hbbb,2,1,3,0.67
hbbl,0,2,2,0.0
hbbm,2,3,5,0.4
hbbn,0,4,4,0.0
hbbs,2,0,2,1.0
hblB,0,1,1,0.0
hblH,0,1,1,0.0
hblK,1,1,2,0.5
hblL,1,0,1,1.0
hblM,0,1,1,0.0
hblN,3,1,4,0.75
hblS,0,1,1,0.0
hblb,1,1,2,0.5
hbll,1,0,1,1.0
hblm,1,0,1,1.0
hbln,1,1,2,0.5
hbmB,0,2,2,0.0
hbmD,0,1,1,0.0
hbmJ,1,0,1,1.0
hbmM,2,1,3,0.67
hbmN,0,0,0,
hbmP,5,2,7,0.71
hbmS,0,1,1,0.0
hbmb,2,2,4,0.5
hbml,0,1,1,0.0
hbmm,0,2,2,0.0
hbmn,2,1,3,0.67
hbms,1,1,2,0.5
hbnB,1,2,3,0.33
hbnH,2,2,4,0.5
hbnI,1,0,1,1.0
hbnM,3,1,4,0.75
hbnN,2,2,4,0.5
hbnP,3,2,5,0.6
hbnS,5,2,7,0.71
hbnb,1,4,5,0.2
hbnl,1,2,3,0.33
hbnm,3,1,4,0.75
hbnn,0,4,4,0.0
hbns,1,0,1,1.0
hbsB,0,2,2,0.0
hbsD,1,0,1,1.0
hbsH,2,1,3,0.67
hbsL,0,2,2,0.0
hbsM,1,2,3,0.33
hbsN,1,0,1,1.0
hbsP,1,1,2,0.5
hbsS,1,1,2,0.5
hbsb,0,1,1,0.0
hbsl,0,1,1,0.0
hbsm,1,0,1,1.0
hbsn,3,3,6,0.5
hbss,0,0,0,
hhBB,1,0,1,1.0
hhBD,1,0,1,1.0
hhBL,0,2,2,0.0
hhBM,2,1,3,0.67
hhBN,1,1,2,0.5
hhBP,4,1,5,0.8
hhBS,1,1,2,0.5
hhBb,2,1,3,0.67
hhBm,4,2,6,0.67
hhBn,2,5,7,0.29
hhBs,2,1,3,0.67
hhBt,1,0,1,1.0
hhDI,1,0,1,1.0
hhDM,0,1,1,0.0
hhDb,1,0,1,1.0
hhHH,0,0,0,
hhHI,0,1,1,0.0
hhHL,1,0,1,1.0
hhHP,1,1,2,0.5
hhHS,2,1,3,0.67
hhHb,0,0,0,
hhHm,1,0,1,1.0
hhHn,1,0,1,1.0
hhHs,0,3,3,0.0
hhIB,0,1,1,0.0
hhIN,0,1,1,0.0
hhIP,0,1,1,0.0
hhKS,0,0,0,
hhKl,0,0,0,
hhKs,1,0,1,1.0
hhLB,1,0,1,1.0
hhLI,0,0,0,
hhLM,3,0,3,1.0
hhLN,2,0,2,1.0
hhLP,1,1,2,0.5
hhLS,1,0,1,1.0
hhLb,0,1,1,0.0
hhLm,1,1,2,0.5
hhLn,2,1,3,0.67
hhLs,0,2,2,0.0
hhMB,5,1,6,0.83
hhML,0,0,0,
hhMM,3,3,6,0.5
hhMN,0,3,3,0.0
hhMP,2,1,3,0.67
hhMS,1,0,1,1.0
hhMb,6,1,7,0.86
hhMh,0,5,5,0.0
hhMl,1,0,1,1.0
hhMm,1,4,5,0.2
hhMn,2,3,5,0.4
hhMs,0,1,1,0.0
hhMt,0,1,1,0.0
hhNB,1,1,2,0.5
hhNM,1,1,2,0.5
hhNN,0,2,2,0.0
hhNP,5,5,10,0.5
hhNS,2,4,6,0.33
hhNb,0,1,1,0.0
hhNh,0,1,1,0.0
hhNl,0,1,1,0.0
hhNm,1,0,1,1.0
hhNn,2,1,3,0.67
hhNs,2,0,2,1.0
hhPB,3,5,8,0.38
hhPH,0,1,1,0.0
hhPI,0,1,1,0.0
hhPL,1,0,1,1.0
hhPM,3,4,7,0.43
hhPN,3,6,9,0.33
hhPP,5,4,9,0.56
hhPS,2,3,5,0.4
hhPb,5,3,8,0.62
hhPh,0,2,2,0.0
hhPl,3,2,5,0.6
hhPm,1,1,2,0.5
hhPn,2,2,4,0.5
hhPs,1,1,2,0.5
hhSB,1,2,3,0.33
hhSH,1,0,1,1.0
hhSL,0,2,2,0.0
hhSM,2,1,3,0.67
hhSN,3,1,4,0.75
hhSP,4,1,5,0.8
hhSS,1,2,3,0.33
hhSb,4,2,6,0.67
hhSh,0,2,2,0.0
hhSl,1,1,2,0.5
hhSm,4,3,7,0.57
hhSn,0,3,3,0.0
hhSs,5,4,9,0.56
hhbB,1,2,3,0.33
hhbH,0,2,2,0.0
hhbL,0,1,1,0.0
hhbM,2,0,2,1.0
hhbN,3,3,6,0.5
hhbP,3,1,4,0.75
hhbS,2,0,2,1.0
hhbb,1,0,1,1.0
hhbl,1,1,2,0.5
hhbm,2,1,3,0.67
hhbn,3,0,3,1.0
hhbs,1,1,2,0.5
hhhB,1,2,3,0.33
hhhH,1,0,1,1.0
hhhK,0,1,1,0.0
hhhM,1,0,1,1.0
hhhN,0,2,2,0.0
hhhP,4,4,8,0.5
hhhS,3,1,4,0.75
hhhb,3,0,3,1.0
hhhh,3,4,7,0.43
hhhl,1,0,1,1.0
hhhm,3,1,4,0.75
hhhn,1,2,3,0.33
hhhs,2,1,3,0.67
hhht,0,1,1,0.0
hhlB,1,0,1,1.0
hhlH,2,0,2,1.0
hhlJ,1,0,1,1.0
hhlK,0,0,0,
hhlL,1,0,1,1.0
hhlM,1,0,1,1.0
hhlN,0,1,1,0.0
hhlP,1,3,4,0.25
hhlS,1,2,3,0.33
hhlb,2,3,5,0.4
hhls,1,2,3,0.33
hhmB,2,1,3,0.67
hhmD,1,0,1,1.0
hhmH,2,3,5,0.4
hhmJ,1,1,2,0.5
hhmL,1,0,1,1.0
hhmM,2,4,6,0.33
hhmN,4,4,8,0.5
hhmP,1,1,2,0.5
hhmS,4,3,7,0.57
hhmb,1,3,4,0.25
hhml,1,1,2,0.5
hhmm,2,0,2,1.0
hhmn,4,4,8,0.5
hhms,1,1,2,0.5
hhnB,2,5,7,0.29
hhnH,0,1,1,0.0
hhnI,1,0,1,1.0
hhnK,1,0,1,1.0
hhnM,1,4,5,0.2
hhnN,1,3,4,0.25
hhnP,2,2,4,0.5
hhnS,2,0,2,1.0
hhnb,4,0,4,1.0
hhnl,1,1,2,0.5
hhnm,0,2,2,0.0
hhnn,2,5,7,0.29
hhns,1,0,1,1.0
hhsB,2,4,6,0.33
hhsD,0,1,1,0.0
hhsH,2,3,5,0.4
hhsI,1,0,1,1.0
hhsL,1,0,1,1.0
hhsM,2,2,4,0.5
hhsN,2,2,4,0.5
hhsP,2,8,10,0.2
hhsS,3,4,7,0.43
hhsb,2,3,5,0.4
hhsm,2,2,4,0.5
hhsn,1,2,3,0.33
hhss,2,1,3,0.67
hhtH,0,1,1,0.0
hhtP,1,0,1,1.0
hhtS,0,0,0,
hhtm,0,0,0,
hhtn,0,1,1,0.0
hlBB,0,1,1,0.0
hlBL,0,3,3,0.0
hlBM,0,1,1,0.0
hlBN,3,1,4,0.75
hlBP,1,1,2,0.5
hlBh,1,0,1,1.0
hlBl,1,0,1,1.0
hlBm,2,0,2,1.0
hlBn,2,2,4,0.5
hlHB,1,1,2,0.5
hlHM,4,1,5,0.8
hlHP,1,2,3,0.33
hlHS,1,2,3,0.33
hlHb,1,0,1,1.0
hlHh,1,1,2,0.5
hlHm,0,1,1,0.0
hlHn,1,1,2,0.5
hlHs,1,1,2,0.5
hlIM,1,0,1,1.0
hlIN,0,1,1,0.0
hlIb,1,1,2,0.5
hlIs,1,0,1,1.0
hlJM,1,0,1,1.0
hlJP,1,0,1,1.0
hlJS,1,1,2,0.5
hlJb,1,0,1,1.0
hlJs,1,0,1,1.0
hlKP,1,0,1,1.0
hlKb,1,0,1,1.0
hlKh,1,1,2,0.5
hlLM,1,1,2,0.5
hlLN,1,2,3,0.33
hlLP,1,3,4,0.25
hlLS,0,1,1,0.0
hlLb,0,1,1,0.0
hlLh,1,0,1,1.0
hlLj,0,1,1,0.0
hlLn,1,0,1,1.0
hlLs,1,1,2,0.5
hlLt,1,0,1,1.0
hlMB,2,2,4,0.5
hlMD,0,0,0,
hlML,0,2,2,0.0
hlMM,1,0,1,1.0
hlMN,0,1,1,0.0
hlMP,1,3,4,0.25
hlMS,0,2,2,0.0
hlMb,2,2,4,0.5
hlMh,1,1,2,0.5
hlMj,1,2,3,0.33
hlMm,0,0,0,
hlMn,3,2,5,0.6
hlMs,0,1,1,0.0
hlNB,0,0,0,
hlNL,2,0,2,1.0
hlNM,0,4,4,0.0
hlNN,2,2,4,0.5
hlNP,4,1,5,0.8
hlNS,1,3,4,0.25
hlNb,1,1,2,0.5
hlNh,1,0,1,1.0
hlNl,1,0,1,1.0
hlNm,3,0,3,1.0
hlNn,1,4,5,0.2
hlNs,5,0,5,1.0
hlPB,0,2,2,0.0
hlPH,0,1,1,0.0
hlPL,1,1,2,0.5
hlPM,1,1,2,0.5
hlPN,0,3,3,0.0
hlPP,2,4,6,0.33
hlPS,4,0,4,1.0
hlPb,1,1,2,0.5
hlPl,5,0,5,1.0
hlPm,4,1,5,0.8
hlPn,0,3,3,0.0
hlPs,1,2,3,0.33
hlPt,0,1,1,0.0
hlSB,0,2,2,0.0
hlSD,0,0,0,
hlSH,0,1,1,0.0
hlSK,0,0,0,
hlSM,2,1,3,0.67
hlSN,0,1,1,0.0
hlSP,1,2,3,0.33
hlSS,1,1,2,0.5
hlSb,3,0,3,1.0
hlSh,0,1,1,0.0
hlSl,1,0,1,1.0
hlSm,1,2,3,0.33
hlSn,2,1,3,0.67
hlSs,2,2,4,0.5
hlSt,0,1,1,0.0
hlbB,1,1,2,0.5
hlbI,1,0,1,1.0
hlbJ,1,0,1,1.0
hlbM,2,3,5,0.4
hlbN,2,1,3,0.67
hlbP,0,2,2,0.0
hlbS,0,1,1,0.0
hlbb,3,3,6,0.5
hlbm,1,2,3,0.33
hlbn,0,3,3,0.0
hlbs,1,0,1,1.0
hllB,0,1,1,0.0
hllH,0,1,1,0.0
hllM,1,2,3,0.33
hllN,1,0,1,1.0
hllP,1,0,1,1.0
hllS,3,0,3,1.0
hllm,0,2,2,0.0
hlln,1,0,1,1.0
hlmH,0,1,1,0.0
hlmJ,1,0,1,1.0
hlmL,4,2,6,0.67
hlmM,2,2,4,0.5
hlmP,1,1,2,0.5
hlmb,0,1,1,0.0
hlmn,0,0,0,
hlms,1,0,1,1.0
hlnI,0,1,1,0.0
hlnM,0,0,0,
hlnN,2,0,2,1.0
hlnP,2,3,5,0.4
hlnS,0,1,1,0.0
hlnb,0,3,3,0.0
hlnn,1,2,3,0.33
hlsB,1,0,1,1.0
hlsD,1,0,1,1.0
hlsH,1,2,3,0.33
hlsL,0,1,1,0.0
hlsM,2,0,2,1.0
hlsN,1,1,2,0.5
hlsP,3,2,5,0.6
hlsS,1,1,2,0.5
hlsb,0,2,2,0.0
hlsl,0,1,1,0.0
hlsm,1,0,1,1.0
hlsn,1,1,2,0.5
hlss,0,0,0,
hmBB,2,4,6,0.33
hmBD,1,0,1,1.0
hmBL,0,1,1,0.0
hmBM,4,1,5,0.8
hmBN,2,1,3,0.67
hmBP,1,2,3,0.33
hmBS,0,2,2,0.0
hmBb,4,1,5,0.8
hmBh,2,1,3,0.67
hmBj,2,1,3,0.67
hmBl,0,2,2,0.0
hmBm,1,1,2,0.5
hmBn,2,1,3,0.67
hmBs,2,0,2,1.0
hmDB,2,2,4,0.5
hmDD,1,1,2,0.5
hmDH,1,0,1,1.0
hmDL,0,1,1,0.0
hmDS,2,0,2,1.0
hmDl,0,1,1,0.0
hmDm,1,0,1,1.0
hmDs,0,1,1,0.0
hmHB,1,2,3,0.33
hmHH,1,0,1,1.0
hmHI,0,0,0,
hmHK,1,0,1,1.0
hmHL,0,0,0,
hmHM,1,3,4,0.25
hmHN,0,4,4,0.0
hmHP,3,3,6,0.5
hmHS,3,0,3,1.0
hmHb,1,1,2,0.5
hmHh,0,2,2,0.0
hmHn,3,1,4,0.75
hmHs,1,2,3,0.33
hmIM,0,1,1,0.0
hmIP,0,1,1,0.0
hmJN,0,1,1,0.0
hmJP,1,1,2,0.5
hmJS,0,1,1,0.0
hmJb,1,1,2,0.5
hmJn,0,1,1,0.0
hmJs,0,1,1,0.0
hmLB,1,1,2,0.5
hmLD,0,1,1,0.0
hmLL,1,0,1,1.0
hmLM,2,1,3,0.67
hmLN,1,0,1,1.0
hmLS,1,1,2,0.5
hmLb,1,0,1,1.0
hmLm,3,0,3,1.0
hmLn,3,1,4,0.75
hmMB,1,4,5,0.2
hmML,2,3,5,0.4
hmMM,0,5,5,0.0
hmMN,5,0,5,1.0
hmMP,4,1,5,0.8
hmMS,2,4,6,0.33
hmMb,2,3,5,0.4
hmMh,2,4,6,0.33
hmMj,0,1,1,0.0
hmMm,2,4,6,0.33
hmMn,0,1,1,0.0
hmMs,4,2,6,0.67
hmMt,0,1,1,0.0
hmNB,0,1,1,0.0
hmNH,1,0,1,1.0
hmNL,0,0,0,
hmNM,5,3,8,0.62
hmNN,2,3,5,0.4
hmNP,3,8,11,0.27
hmNS,1,5,6,0.17
hmNb,0,5,5,0.0
hmNl,1,0,1,1.0
hmNm,2,4,6,0.33
hmNn,5,6,11,0.45
hmNs,4,3,7,0.57
hmNt,0,2,2,0.0
hmPB,4,4,8,0.5
hmPD,1,0,1,1.0
hmPH,1,0,1,1.0
hmPL,1,1,2,0.5
hmPM,0,1,1,0.0
hmPN,2,3,5,0.4
hmPP,3,7,10,0.3
hmPb,4,3,7,0.57
hmPl,1,1,2,0.5
hmPm,4,1,5,0.8
hmPn,6,4,10,0.6
hmPs,3,1,4,0.75
hmPt,1,0,1,1.0
hmSB,1,2,3,0.33
hmSL,0,1,1,0.0
hmSM,1,2,3,0.33
hmSN,3,3,6,0.5
hmSP,4,3,7,0.57
hmSS,1,1,2,0.5
hmSb,3,2,5,0.6
hmSh,0,1,1,0.0
hmSl,0,1,1,0.0
hmSm,2,0,2,1.0
hmSn,3,3,6,0.5
hmSs,3,2,5,0.6
hmSt,1,3,4,0.25
hmbB,3,4,7,0.43
hmbH,2,0,2,1.0
hmbJ,1,2,3,0.33
hmbL,1,1,2,0.5
hmbM,2,2,4,0.5
hmbN,1,4,5,0.2
hmbP,2,3,5,0.4
hmbb,2,4,6,0.33
hmbl,0,1,1,0.0
hmbm,2,0,2,1.0
hmbn,3,4,7,0.43
hmbs,1,1,2,0.5
hmhm,1,0,1,1.0
hmhs,0,1,1,0.0
hmlB,1,0,1,1.0
hmlJ,1,0,1,1.0
hmlL,1,0,1,1.0
hmlM,1,0,1,1.0
hmlN,0,0,0,
hmlP,1,0,1,1.0
hmlb,0,1,1,0.0
hmll,0,2,2,0.0
hmlm,1,0,1,1.0
hmls,1,0,1,1.0
hmmB,1,0,1,1.0
hmmH,0,1,1,0.0
hmmJ,0,1,1,0.0
hmmL,1,2,3,0.33
hmmM,2,0,2,1.0
hmmN,2,2,4,0.5
hmmP,4,3,7,0.57
hmmS,1,0,1,1.0
hmmb,1,2,3,0.33
hmmh,1,0,1,1.0
hmml,2,1,3,0.67
hmmm,1,0,1,1.0
hmmn,1,0,1,1.0
hmms,0,1,1,0.0
hmnB,2,1,3,0.67
hmnH,0,4,4,0.0
hmnI,3,2,5,0.6
hmnL,2,1,3,0.67
hmnM,2,3,5,0.4
hmnN,2,3,5,0.4
hmnP,2,4,6,0.33
hmnS,4,1,5,0.8
hmnb,1,1,2,0.5
hmnl,1,1,2,0.5
hmnm,0,3,3,0.0
hmnn,3,1,4,0.75
hmns,1,2,3,0.33
hmsB,1,1,2,0.5
hmsD,1,0,1,1.0
hmsH,0,1,1,0.0
hmsM,1,1,2,0.5
hmsN,0,0,0,
hmsP,3,2,5,0.6
hmsS,3,1,4,0.75
hmsb,0,2,2,0.0
hmsl,2,0,2,1.0
hmsm,2,1,3,0.67
hmsn,1,1,2,0.5
hmss,2,0,2,1.0
hnBB,4,4,8,0.5
hnBL,1,0,1,1.0
hnBM,4,2,6,0.67
hnBN,2,7,9,0.22
hnBP,4,1,5,0.8
hnBb,4,1,5,0.8
hnBj,0,0,0,
hnBl,0,2,2,0.0
hnBm,1,2,3,0.33
hnBn,5,3,8,0.62
hnBs,2,0,2,1.0
hnDL,1,0,1,1.0
hnDN,1,0,1,1.0
hnDP,1,1,2,0.5
hnDS,0,2,2,0.0
hnDn,1,0,1,1.0
hnHD,1,0,1,1.0
hnHH,0,1,1,0.0
hnHL,1,1,2,0.5
hnHM,1,0,1,1.0
hnHN,1,0,1,1.0
hnHP,2,3,5,0.4
hnHS,0,3,3,0.0
hnHb,2,1,3,0.67
hnHh,1,0,1,1.0
hnHm,2,1,3,0.67
hnHn,5,2,7,0.71
hnHs,2,1,3,0.67
hnHt,0,1,1,0.0
hnIL,1,1,2,0.5
hnIM,1,1,2,0.5
hnIN,1,1,2,0.5
hnIS,1,1,2,0.5
hnIm,0,1,1,0.0
hnKM,1,0,1,1.0
hnKP,0,1,1,0.0
hnKh,2,0,2,1.0
hnKm,0,1,1,0.0
hnKn,1,0,1,1.0
hnLB,2,0,2,1.0
hnLM,1,3,4,0.25
hnLN,1,1,2,0.5
hnLP,0,2,2,0.0
hnLS,1,1,2,0.5
hnLb,1,2,3,0.33
hnLj,1,0,1,1.0
hnLl,0,1,1,0.0
hnLm,1,1,2,0.5
hnLn,1,0,1,1.0
hnLt,2,0,2,1.0
hnMB,3,7,10,0.3
hnML,3,1,4,0.75
hnMM,2,2,4,0.5
hnMN,4,0,4,1.0
hnMP,3,3,6,0.5
hnMS,1,0,1,1.0
hnMb,3,2,5,0.6
hnMh,1,2,3,0.33
hnMj,0,1,1,0.0
hnMl,0,5,5,0.0
hnMm,5,1,6,0.83
hnMn,5,8,13,0.38
hnMs,3,1,4,0.75
hnNB,2,0,2,1.0
hnND,2,1,3,0.67
hnNH,1,1,2,0.5
hnNI,0,1,1,0.0
hnNL,5,0,5,1.0
hnNM,1,9,10,0.1
hnNN,8,3,11,0.73
hnNP,8,4,12,0.67
hnNS,6,4,10,0.6
hnNb,5,3,8,0.62
hnNh,0,1,1,0.0
hnNl,2,1,3,0.67
hnNm,0,0,0,
hnNn,6,8,14,0.43
hnNs,1,2,3,0.33
hnNt,0,0,0,
hnPB,2,2,4,0.5
hnPD,0,1,1,0.0
hnPH,0,2,2,0.0
hnPI,0,1,1,0.0
hnPK,0,1,1,0.0
hnPL,1,3,4,0.25
hnPM,4,5,9,0.44
hnPN,5,8,13,0.38
hnPP,10,6,16,0.62
hnPS,2,2,4,0.5
hnPb,6,8,14,0.43
hnPh,2,1,3,0.67
hnPl,2,0,2,1.0
hnPm,11,3,14,0.79
hnPn,5,9,14,0.36
hnPs,3,3,6,0.5
hnPt,0,1,1,0.0
hnSB,2,1,3,0.67
hnSD,0,1,1,0.0
hnSH,0,2,2,0.0
hnSL,2,1,3,0.67
hnSM,2,8,10,0.2
hnSN,3,2,5,0.6
hnSP,5,2,7,0.71
hnSS,1,4,5,0.2
hnSb,4,4,8,0.5
hnSh,0,2,2,0.0
hnSl,1,0,1,1.0
hnSm,2,3,5,0.4
hnSn,4,4,8,0.5
hnSs,1,1,2,0.5
hnSt,0,1,1,0.0
hnbB,3,0,3,1.0
hnbH,0,1,1,0.0
hnbL,0,4,4,0.0
hnbM,2,2,4,0.5
hnbN,5,3,8,0.62
hnbP,6,3,9,0.67
hnbS,2,2,4,0.5
hnbb,2,2,4,0.5
hnbl,2,1,3,0.67
hnbm,1,1,2,0.5
hnbn,1,1,2,0.5
hnbs,1,0,1,1.0
hnhL,0,1,1,0.0
hnhP,1,0,1,1.0
hnhb,0,2,2,0.0
hnlB,0,1,1,0.0
hnlH,0,1,1,0.0
hnlI,0,1,1,0.0
hnlJ,0,0,0,
hnlL,1,1,2,0.5
hnlM,1,0,1,1.0
hnlN,2,2,4,0.5
hnlP,3,1,4,0.75
hnlS,0,2,2,0.0
hnlb,2,0,2,1.0
hnll,0,1,1,0.0
hnlm,0,1,1,0.0
hnln,1,0,1,1.0
hnls,1,0,1,1.0
hnmB,2,1,3,0.67
hnmH,1,2,3,0.33
hnmI,0,0,0,
hnmJ,1,1,2,0.5
hnmL,1,2,3,0.33
hnmM,2,5,7,0.29
hnmN,2,3,5,0.4
hnmP,6,5,11,0.55
hnmS,1,1,2,0.5
hnmb,1,2,3,0.33
hnml,1,0,1,1.0
hnmm,3,0,3,1.0
hnmn,3,5,8,0.38
hnms,1,3,4,0.25
hnnB,2,2,4,0.5
hnnH,3,3,6,0.5
hnnK,0,0,0,
hnnL,3,3,6,0.5
hnnM,2,4,6,0.33
hnnN,2,2,4,0.5
hnnP,13,6,19,0.68
hnnS,0,2,2,0.0
hnnb,3,6,9,0.33
hnnh,0,1,1,0.0
hnnl,2,2,4,0.5
hnnm,2,2,4,0.5
hnnn,3,3,6,0.5
hnns,2,4,6,0.33
hnsB,4,3,7,0.57
hnsH,3,4,7,0.43
hnsM,1,2,3,0.33
hnsN,4,2,6,0.67
hnsP,4,1,5,0.8
hnsS,3,3,6,0.5
hnsb,5,2,7,0.71
hnsl,3,0,3,1.0
hnsm,0,3,3,0.0
hnsn,2,2,4,0.5
hnss,1,3,4,0.25
hsBB,1,4,5,0.2
hsBM,3,0,3,1.0
hsBN,1,1,2,0.5
hsBP,0,4,4,0.0
hsBS,1,1,2,0.5
hsBb,2,4,6,0.33
hsBj,0,1,1,0.0
hsBl,0,1,1,0.0
hsBm,3,1,4,0.75
hsBn,1,3,4,0.25
hsBs,1,2,3,0.33
hsDP,0,2,2,0.0
hsDb,1,1,2,0.5
hsDs,0,2,2,0.0
hsDt,0,0,0,
hsHB,1,1,2,0.5
hsHK,0,1,1,0.0
hsHL,0,1,1,0.0
hsHM,0,5,5,0.0
hsHN,2,2,4,0.5
hsHP,5,5,10,0.5
hsHS,6,2,8,0.75
hsHb,2,2,4,0.5
hsHh,5,1,6,0.83
hsHl,2,4,6,0.33
hsHm,3,2,5,0.6
hsHn,5,3,8,0.62
hsHs,3,2,5,0.6
hsIH,1,0,1,1.0
hsIN,1,0,1,1.0
hsIP,0,0,0,
hsIS,1,0,1,1.0
hsIm,0,1,1,0.0
hsKS,0,0,0,
hsKh,0,0,0,
hsKm,2,0,2,1.0
hsKs,1,0,1,1.0
hsLB,3,1,4,0.75
hsLM,1,1,2,0.5
hsLN,1,1,2,0.5
hsLP,2,1,3,0.67
hsLS,2,2,4,0.5
hsLb,2,1,3,0.67
hsLh,2,1,3,0.67
hsLl,0,3,3,0.0
hsLn,0,2,2,0.0
hsLs,1,1,2,0.5
hsMB,2,1,3,0.67
hsML,0,2,2,0.0
hsMM,1,3,4,0.25
hsMN,2,3,5,0.4
hsMP,1,4,5,0.2
hsMS,5,2,7,0.71
hsMb,4,1,5,0.8
hsMh,4,3,7,0.57
hsMj,0,1,1,0.0
hsMl,1,0,1,1.0
hsMm,1,1,2,0.5
hsMn,0,4,4,0.0
hsMs,2,1,3,0.67
hsMt,0,1,1,0.0
hsNB,1,3,4,0.25
hsND,0,1,1,0.0
hsNH,1,1,2,0.5
hsNI,1,1,2,0.5
hsNL,2,2,4,0.5
hsNM,3,2,5,0.6
hsNN,1,3,4,0.25
hsNP,4,5,9,0.44
hsNS,2,2,4,0.5
hsNb,4,2,6,0.67
hsNl,2,1,3,0.67
hsNm,1,3,4,0.25
hsNn,2,0,2,1.0
hsNs,2,1,3,0.67
hsPB,2,4,6,0.33
hsPH,1,0,1,1.0
hsPI,0,2,2,0.0
hsPK,0,1,1,0.0
hsPL,5,1,6,0.83
hsPM,3,3,6,0.5
hsPN,2,3,5,0.4
hsPP,10,5,15,0.67
hsPS,2,5,7,0.29
hsPb,3,2,5,0.6
hsPl,1,1,2,0.5
hsPm,6,2,8,0.75
hsPn,1,5,6,0.17
hsPs,4,1,5,0.8
hsPt,0,0,0,
hsSB,1,1,2,0.5
hsSD,0,0,0,
hsSH,0,3,3,0.0
hsSL,3,0,3,1.0
hsSM,2,2,4,0.5
hsSN,3,4,7,0.43
hsSP,6,7,13,0.46
hsSS,5,5,10,0.5
hsSb,4,1,5,0.8
hsSh,1,3,4,0.25
hsSl,3,5,8,0.38
hsSm,2,2,4,0.5
hsSn,0,6,6,0.0
hsSs,2,8,10,0.2
hsSt,1,1,2,0.5
hsbB,3,2,5,0.6
hsbH,1,2,3,0.33
hsbI,0,1,1,0.0
hsbJ,0,1,1,0.0
hsbL,2,1,3,0.67
hsbM,4,1,5,0.8
hsbN,3,6,9,0.33
hsbP,4,4,8,0.5
hsbS,1,5,6,0.17
hsbb,1,3,4,0.25
hsbl,2,1,3,0.67
hsbm,3,3,6,0.5
hsbn,3,3,6,0.5
hshP,1,0,1,1.0
hshh,0,0,0,
hshl,0,0,0,
hshm,1,0,1,1.0
hslB,0,2,2,0.0
hslD,0,1,1,0.0
hslJ,0,1,1,0.0
hslL,0,1,1,0.0
hslM,1,2,3,0.33
hslN,0,1,1,0.0
hslP,1,1,2,0.5
hslS,2,1,3,0.67
hslb,1,0,1,1.0
hsll,0,4,4,0.0
hslm,1,1,2,0.5
hsln,0,1,1,0.0
hsls,0,2,2,0.0
hsmB,0,2,2,0.0
hsmH,2,1,3,0.67
hsmL,0,2,2,0.0
hsmM,4,4,8,0.5
hsmN,1,3,4,0.25
hsmP,2,9,11,0.18
hsmS,2,0,2,1.0
hsmb,2,3,5,0.4
hsmm,2,1,3,0.67
hsmn,1,0,1,1.0
hsms,4,0,4,1.0
hsnB,3,0,3,1.0
hsnD,1,0,1,1.0
hsnH,1,0,1,1.0
hsnI,1,1,2,0.5
hsnM,3,1,4,0.75
hsnN,4,2,6,0.67
hsnP,1,2,3,0.33
hsnS,3,3,6,0.5
hsnb,3,0,3,1.0
hsnl,0,1,1,0.0
hsnm,1,1,2,0.5
hsnn,8,0,8,1.0
hsns,1,2,3,0.33
hssB,1,2,3,0.33
hssD,1,1,2,0.5
hssH,0,1,1,0.0
hssL,0,2,2,0.0
hssM,2,1,3,0.67
hssN,3,2,5,0.6
hssP,5,2,7,0.71
hssS,5,2,7,0.71
hssb,2,2,4,0.5
hssl,0,1,1,0.0
hssm,2,1,3,0.67
hssn,3,1,4,0.75
hsss,3,3,6,0.5
hstP,1,0,1,1.0
htBM,1,0,1,1.0
htBP,1,1,2,0.5
htBb,1,0,1,1.0
htBl,0,0,0,
htBn,1,0,1,1.0
htDB,0,1,1,0.0
htDs,0,0,0,
htHM,0,1,1,0.0
htHm,1,0,1,1.0
htLb,2,0,2,1.0
htLl,1,0,1,1.0
htLn,1,0,1,1.0
htMB,1,0,1,1.0
htMM,0,1,1,0.0
htMN,1,0,1,1.0
htMl,0,1,1,0.0
htMm,1,0,1,1.0
htMn,1,0,1,1.0
htMs,0,1,1,0.0
htNP,1,0,1,1.0
htNS,2,0,2,1.0
htNm,1,1,2,0.5
htPB,0,0,0,
htPL,1,0,1,1.0
htPP,2,1,3,0.67
htPS,1,2,3,0.33
htPb,0,1,1,0.0
htPl,0,1,1,0.0
htPn,1,1,2,0.5
htPs,0,1,1,0.0
htSB,1,1,2,0.5
htSN,1,0,1,1.0
htSP,1,0,1,1.0
htSS,3,0,3,1.0
htSb,0,0,0,
htSm,0,1,1,0.0
htSs,1,0,1,1.0
htbB,1,1,2,0.5
htbL,1,1,2,0.5
htbN,0,1,1,0.0
htbP,1,0,1,1.0
htbm,1,0,1,1.0
htbn,0,2,2,0.0
hthP,0,0,0,
htlH,0,1,1,0.0
htlL,1,0,1,1.0
htlb,0,1,1,0.0
htll,1,0,1,1.0
htmH,1,0,1,1.0
htmJ,0,2,2,0.0
htmL,1,0,1,1.0
htmM,0,1,1,0.0
htmP,1,0,1,1.0
htnB,0,0,0,
htnN,0,2,2,0.0
htnP,1,2,3,0.33
htnb,1,0,1,1.0
htnm,0,2,2,0.0
htnn,1,0,1,1.0
htsB,1,1,2,0.5
htsH,1,0,1,1.0
htsM,0,1,1,0.0
htsS,1,1,2,0.5
htss,1,0,1,1.0
httm,1,0,1,1.0
jBBB,0,2,2,0.0
jBBM,0,2,2,0.0
jBBP,3,3,6,0.5
jBBb,0,2,2,0.0
jBBj,0,0,0,
jBBl,1,1,2,0.5
jBBm,0,1,1,0.0
jBBn,1,1,2,0.5
jBBt,0,0,0,
jBKM,0,0,0,
jBKs,0,0,0,
jBLB,0,1,1,0.0
jBLL,0,1,1,0.0
jBLM,1,0,1,1.0
jBLP,0,1,1,0.0
jBLl,1,1,2,0.5
jBLn,1,1,2,0.5
jBMB,1,1,2,0.5
jBML,2,0,2,1.0
jBMN,1,1,2,0.5
jBMP,2,0,2,1.0
jBMb,1,1,2,0.5
jBMj,0,1,1,0.0
jBMm,1,0,1,1.0
jBMn,0,2,2,0.0
jBNP,2,2,4,0.5
jBNb,2,2,4,0.5
jBNm,2,0,2,1.0
jBNn,1,2,3,0.33
jBNs,1,0,1,1.0
jBNt,1,0,1,1.0
jBPB,2,0,2,1.0
jBPL,1,1,2,0.5
jBPM,1,0,1,1.0
jBPN,2,1,3,0.67
jBPP,2,3,5,0.4
jBPb,2,4,6,0.33
jBPl,0,1,1,0.0
jBPm,0,2,2,0.0
jBPs,0,1,1,0.0
jBSB,1,0,1,1.0
jBSM,1,0,1,1.0
jBSN,0,1,1,0.0
jBSb,1,0,1,1.0
jBSh,0,1,1,0.0
jBSn,1,1,2,0.5
jBbB,0,1,1,0.0
jBbD,1,0,1,1.0
jBbH,0,1,1,0.0
jBbI,1,0,1,1.0
jBbJ,1,0,1,1.0
jBbM,1,2,3,0.33
jBbN,1,1,2,0.5
jBbP,3,0,3,1.0
jBbb,1,1,2,0.5
jBbm,1,0,1,1.0
jBbs,0,0,0,
jBhP,1,0,1,1.0
jBjm,1,0,1,1.0
jBlB,1,0,1,1.0
jBlM,0,1,1,0.0
jBlN,1,0,1,1.0
jBlb,2,0,2,1.0
jBlm,1,1,2,0.5
jBmB,0,1,1,0.0
jBmH,1,0,1,1.0
jBmI,0,1,1,0.0
jBmM,0,2,2,0.0
jBmN,0,4,4,0.0
jBmP,1,0,1,1.0
jBmb,0,2,2,0.0
jBml,1,0,1,1.0
jBmn,0,1,1,0.0
jBms,0,1,1,0.0
jBnB,1,0,1,1.0
jBnD,0,1,1,0.0
jBnH,0,0,0,
jBnL,0,0,0,
jBnM,0,2,2,0.0
jBnP,2,3,5,0.4
jBnb,0,0,0,
jBnl,1,0,1,1.0
jBnm,0,1,1,0.0
jBnn,2,1,3,0.67
jBns,0,0,0,
jBsH,1,0,1,1.0
jBsM,0,1,1,0.0
jBsP,0,1,1,0.0
jBsS,1,0,1,1.0
jBsn,2,0,2,1.0
jBss,1,0,1,1.0
jBtN,0,1,1,0.0
jBtb,1,0,1,1.0
jDHh,1,0,1,1.0
jDHm,0,0,0,
jDLN,0,0,0,
jDMB,1,0,1,1.0
jDPN,0,1,1,0.0
jDPl,0,1,1,0.0
jDSM,0,0,0,
jDbS,0,1,1,0.0
jDnM,0,1,1,0.0
jDsP,0,0,0,
jHBM,1,0,1,1.0
jHBP,1,1,2,0.5
jHBb,0,0,0,
jHBm,0,1,1,0.0
jHBn,1,0,1,1.0
jHHh,0,0,0,
jHIM,0,0,0,
jHLn,0,1,1,0.0
jHML,1,0,1,1.0
jHMS,0,1,1,0.0
jHMm,0,1,1,0.0
jHMs,1,0,1,1.0
jHNM,0,1,1,0.0
jHNN,0,1,1,0.0
jHNh,0,1,1,0.0
jHNl,0,1,1,0.0
jHPB,0,1,1,0.0
jHPL,1,0,1,1.0
jHPM,1,0,1,1.0
jHPN,0,1,1,0.0
jHPb,1,0,1,1.0
jHPm,1,1,2,0.5
jHPn,2,1,3,0.67
jHSB,0,1,1,0.0
jHSP,0,1,1,0.0
jHSn,0,0,0,
jHSs,0,1,1,0.0
jHbL,0,1,1,0.0
jHbN,1,0,1,1.0
jHbP,0,0,0,
jHbS,1,0,1,1.0
jHbl,1,0,1,1.0
jHbn,0,1,1,0.0
jHhM,1,0,1,1.0
jHhP,1,0,1,1.0
jHhs,1,0,1,1.0
jHln,0,1,1,0.0
jHmK,0,1,1,0.0
jHmN,0,0,0,
jHmP,1,0,1,1.0
jHmm,0,1,1,0.0
jHnB,0,0,0,
jHnH,0,0,0,
jHnM,0,0,0,
jHnb,2,0,2,1.0
jHnm,0,1,1,0.0
jHsM,1,1,2,0.5
jHsl,0,0,0,
jHsm,0,0,0,
jHss,0,1,1,0.0
jIBl,0,0,0,
jIHP,1,0,1,1.0
jILn,1,0,1,1.0
jINP,0,0,0,
jIPP,0,1,1,0.0
jIPb,0,1,1,0.0
jIPl,0,1,1,0.0
jISm,0,1,1,0.0
jInP,1,0,1,1.0
jIsM,0,1,1,0.0
jIsm,0,0,0,
jIsn,0,1,1,0.0
jIss,0,0,0,
jKBb,0,1,1,0.0
jKHP,1,0,1,1.0
jKLh,1,0,1,1.0
jKMb,0,1,1,0.0
jKNN,1,0,1,1.0
jKNm,0,1,1,0.0
jKSt,0,1,1,0.0
jKhM,0,1,1,0.0
jKmB,1,0,1,1.0
jKmb,1,0,1,1.0
jKms,1,0,1,1.0
jKnS,0,1,1,0.0
jLBM,0,1,1,0.0
jLBN,0,0,0,
jLBP,0,2,2,0.0
jLBm,1,1,2,0.5
jLKB,0,1,1,0.0
jLLM,1,0,1,1.0
jLLm,0,0,0,
jLLn,0,0,0,
jLMB,1,0,1,1.0
jLML,1,0,1,1.0
jLMM,0,1,1,0.0
jLMP,2,0,2,1.0
jLMS,0,0,0,
jLMb,1,0,1,1.0
jLMl,0,1,1,0.0
jLMn,2,0,2,1.0
jLNB,1,0,1,1.0
jLNM,0,1,1,0.0
jLNN,0,1,1,0.0
jLNP,1,1,2,0.5
jLNb,2,0,2,1.0
jLNn,1,0,1,1.0
jLNs,0,1,1,0.0
jLPH,0,1,1,0.0
jLPM,1,0,1,1.0
jLPN,0,1,1,0.0
jLPP,0,1,1,0.0
jLPS,1,0,1,1.0
jLPl,0,2,2,0.0
jLPn,2,1,3,0.67
jLPs,1,0,1,1.0
jLSl,1,0,1,1.0
jLbH,0,1,1,0.0
jLbI,0,1,1,0.0
jLbJ,1,1,2,0.5
jLbM,0,1,1,0.0
jLbN,1,0,1,1.0
jLbP,0,0,0,
jLbm,1,0,1,1.0
jLbn,0,0,0,
jLhm,0,1,1,0.0
jLhn,1,0,1,1.0
jLjM,0,0,0,
jLjP,0,0,0,
jLjh,0,1,1,0.0
jLjm,0,0,0,
jLjs,0,1,1,0.0
jLlB,1,0,1,1.0
jLlH,0,1,1,0.0
jLlM,0,1,1,0.0
jLlP,1,0,1,1.0
jLlb,0,1,1,0.0
jLls,0,0,0,
jLmB,0,1,1,0.0
jLmL,0,0,0,
jLmM,0,1,1,0.0
jLmb,1,0,1,1.0
jLml,0,1,1,0.0
jLmn,1,0,1,1.0
jLnH,1,1,2,0.5
jLnL,1,0,1,1.0
jLnM,2,0,2,1.0
jLnN,0,1,1,0.0
jLnP,2,0,2,1.0
jLnb,1,1,2,0.5
jLnl,0,1,1,0.0
jLnm,2,2,4,0.5
jLnn,0,1,1,0.0
jLsD,1,0,1,1.0
jLsP,0,1,1,0.0
jLsS,1,1,2,0.5
jLsl,0,1,1,0.0
jLsm,0,0,0,
jMBB,1,0,1,1.0
jMBK,1,0,1,1.0
jMBM,1,0,1,1.0
jMBN,1,1,2,0.5
jMBS,1,0,1,1.0
jMBb,0,2,2,0.0
jMBj,2,0,2,1.0
jMBl,2,0,2,1.0
jMBm,0,1,1,0.0
jMBn,1,0,1,1.0
jMLN,1,0,1,1.0
jMLb,1,0,1,1.0
jMLn,1,1,2,0.5
jMMM,1,3,4,0.25
jMMN,1,0,1,1.0
jMMP,0,1,1,0.0
jMMn,0,1,1,0.0
jMNK,0,1,1,0.0
jMNM,0,1,1,0.0
jMNP,2,5,7,0.29
jMNS,1,0,1,1.0
jMNl,1,0,1,1.0
jMNn,0,1,1,0.0
jMPB,2,3,5,0.4
jMPD,1,0,1,1.0
jMPI,1,0,1,1.0
jMPL,1,2,3,0.33
jMPM,0,0,0,
jMPP,1,0,1,1.0
jMPh,0,0,0,
jMPl,0,0,0,
jMPm,1,0,1,1.0
jMPs,1,0,1,1.0
jMSM,1,0,1,1.0
jMSN,1,2,3,0.33
jMSP,1,2,3,0.33
jMSS,1,2,3,0.33
jMSb,0,1,1,0.0
jMSh,1,0,1,1.0
jMSl,1,0,1,1.0
jMSs,1,0,1,1.0
jMbB,0,1,1,0.0
jMbD,1,0,1,1.0
jMbM,2,4,6,0.33
jMbN,0,3,3,0.0
jMbP,1,3,4,0.25
jMbS,0,1,1,0.0
jMbb,0,1,1,0.0
jMbl,0,1,1,0.0
jMbm,1,0,1,1.0
jMbn,1,0,1,1.0
jMbs,0,1,1,0.0
jMhH,0,0,0,
jMhL,0,1,1,0.0
jMhM,1,0,1,1.0
jMhN,1,0,1,1.0
jMhP,0,1,1,0.0
jMhS,1,1,2,0.5
jMhb,1,0,1,1.0
jMhh,0,1,1,0.0
jMhn,0,1,1,0.0
jMhs,1,0,1,1.0
jMjb,0,1,1,0.0
jMjs,0,1,1,0.0
jMlP,0,1,1,0.0
jMmB,2,0,2,1.0
jMmJ,3,0,3,1.0
jMmM,1,0,1,1.0
jMmN,0,1,1,0.0
jMmP,1,1,2,0.5
jMmS,0,1,1,0.0
jMmb,2,0,2,1.0
jMmm,2,1,3,0.67
jMms,1,0,1,1.0
jMnB,2,1,3,0.67
jMnL,1,1,2,0.5
jMnM,1,0,1,1.0
jMnP,0,1,1,0.0
jMnb,1,1,2,0.5
jMnm,2,0,2,1.0
jMnn,0,3,3,0.0
jMns,1,1,2,0.5
jMsB,0,1,1,0.0
jMsM,2,1,3,0.67
jMsN,0,2,2,0.0
jMsP,2,0,2,1.0
jMsS,0,1,1,0.0
jMsm,1,0,1,1.0
jMss,0,0,0,
jMtN,1,1,2,0.5
jMtS,1,0,1,1.0
jNBB,1,2,3,0.33
jNBN,2,1,3,0.67
jNBP,3,0,3,1.0
jNBS,2,0,2,1.0
jNBj,1,0,1,1.0
jNBm,1,0,1,1.0
jNBn,1,0,1,1.0
jNDs,1,0,1,1.0
jNHN,1,0,1,1.0
jNHP,1,1,2,0.5
jNHl,0,1,1,0.0
jNLB,1,0,1,1.0
jNLM,1,0,1,1.0
jNLS,2,0,2,1.0
jNLm,1,0,1,1.0
jNLn,0,1,1,0.0
jNMN,2,0,2,1.0
jNMP,0,1,1,0.0
jNMS,0,1,1,0.0
jNMb,0,1,1,0.0
jNMl,1,0,1,1.0
jNMm,0,1,1,0.0
jNMn,2,2,4,0.5
jNMs,0,1,1,0.0
jNNB,1,1,2,0.5
jNNN,0,1,1,0.0
jNNP,1,2,3,0.33
jNNS,3,0,3,1.0
jNNb,0,1,1,0.0
jNNh,1,1,2,0.5
jNNm,0,1,1,0.0
jNNn,0,1,1,0.0
jNNs,0,2,2,0.0
jNPB,0,0,0,
jNPL,1,1,2,0.5
jNPM,1,3,4,0.25
jNPN,1,3,4,0.25
jNPP,2,2,4,0.5
jNPS,1,2,3,0.33
jNPb,1,1,2,0.5
jNPl,1,1,2,0.5
jNPm,1,1,2,0.5
jNPn,1,1,2,0.5
jNPs,3,0,3,1.0
jNSB,1,0,1,1.0
jNSM,1,0,1,1.0
jNSN,1,0,1,1.0
jNSP,1,2,3,0.33
jNSS,0,0,0,
jNSb,2,1,3,0.67
jNSm,0,1,1,0.0
jNSn,0,1,1,0.0
jNSs,0,1,1,0.0
jNbB,1,1,2,0.5
jNbM,0,0,0,
jNbN,0,1,1,0.0
jNbP,0,4,4,0.0
jNbS,1,1,2,0.5
jNbb,1,0,1,1.0
jNbm,1,1,2,0.5
jNbn,1,0,1,1.0
jNbs,2,0,2,1.0
jNhS,0,1,1,0.0
jNhb,0,1,1,0.0
jNhh,0,1,1,0.0
jNhl,0,1,1,0.0
jNlB,2,0,2,1.0
jNlH,1,0,1,1.0
jNlN,1,0,1,1.0
jNlP,1,1,2,0.5
jNmB,1,1,2,0.5
jNmD,0,1,1,0.0
jNmH,0,1,1,0.0
jNmI,1,0,1,1.0
jNmL,0,3,3,0.0
jNmM,0,0,0,
jNmN,0,2,2,0.0
jNmP,2,3,5,0.4
jNmS,1,0,1,1.0
jNmb,0,0,0,
jNmm,0,0,0,
jNmn,1,0,1,1.0
jNnB,1,0,1,1.0
jNnI,0,1,1,0.0
jNnL,1,1,2,0.5
jNnM,2,1,3,0.67
jNnP,0,1,1,0.0
jNnS,2,1,3,0.67
jNnb,0,1,1,0.0
jNnm,1,1,2,0.5
jNnn,1,2,3,0.33
jNns,1,0,1,1.0
jNsH,0,2,2,0.0
jNsM,1,1,2,0.5
jNsN,2,1,3,0.67
jNsS,1,1,2,0.5
jNsb,1,0,1,1.0
jNsm,1,1,2,0.5
jNss,1,2,3,0.33
jNtm,0,1,1,0.0
jPBB,1,0,1,1.0
jPBM,0,3,3,0.0
jPBN,0,1,1,0.0
jPBP,3,1,4,0.75
jPBb,0,0,0,
jPBl,2,1,3,0.67
jPBm,3,0,3,1.0
jPBn,2,1,3,0.67
jPDM,0,1,1,0.0
jPDS,1,0,1,1.0
jPHP,1,1,2,0.5
jPHl,1,0,1,1.0
jPHm,0,1,1,0.0
jPIB,1,0,1,1.0
jPIM,0,1,1,0.0
jPIN,1,0,1,1.0
jPIP,1,0,1,1.0
jPKL,1,0,1,1.0
jPKP,1,0,1,1.0
jPKs,0,1,1,0.0
jPLB,0,1,1,0.0
jPLM,0,0,0,
jPLN,0,2,2,0.0
jPLP,0,2,2,0.0
jPLS,0,0,0,
jPLb,0,1,1,0.0
jPLh,0,1,1,0.0
jPLm,0,1,1,0.0
jPLn,0,3,3,0.0
jPLs,1,0,1,1.0
jPMB,2,1,3,0.67
jPMN,1,2,3,0.33
jPMP,1,1,2,0.5
jPMb,2,1,3,0.67
jPMh,1,0,1,1.0
jPMj,0,1,1,0.0
jPMm,3,3,6,0.5
jPMn,0,1,1,0.0
jPMs,1,0,1,1.0
jPNB,0,1,1,0.0
jPNM,0,2,2,0.0
jPNN,0,2,2,0.0
jPNP,3,4,7,0.43
jPNb,0,1,1,0.0
jPNh,1,0,1,1.0
jPNl,0,2,2,0.0
jPNm,1,0,1,1.0
jPNn,1,2,3,0.33
jPPB,1,2,3,0.33
jPPH,0,0,0,
jPPI,1,0,1,1.0
jPPK,0,1,1,0.0
jPPL,0,1,1,0.0
jPPM,1,4,5,0.2
jPPN,1,2,3,0.33
jPPP,3,5,8,0.38
jPPS,4,0,4,1.0
jPPb,2,2,4,0.5
jPPh,0,1,1,0.0
jPPl,2,0,2,1.0
jPPm,0,0,0,
jPPn,3,1,4,0.75
jPPs,2,1,3,0.67
jPPt,0,1,1,0.0
jPSB,2,0,2,1.0
jPSH,0,1,1,0.0
jPSL,0,1,1,0.0
jPSM,1,0,1,1.0
jPSN,0,1,1,0.0
jPSP,1,3,4,0.25
jPSb,0,1,1,0.0
jPSh,1,1,2,0.5
jPSl,0,3,3,0.0
jPSm,1,1,2,0.5
jPSn,2,0,2,1.0
jPSs,1,0,1,1.0
jPbB,0,2,2,0.0
jPbD,0,0,0,
jPbL,0,1,1,0.0
jPbM,0,4,4,0.0
jPbN,5,1,6,0.83
jPbP,0,3,3,0.0
jPbb,2,2,4,0.5
jPbl,0,0,0,
jPbm,2,0,2,1.0
jPbn,3,0,3,1.0
jPhD,1,0,1,1.0
jPhS,1,0,1,1.0
jPhm,1,0,1,1.0
jPhn,0,1,1,0.0
jPhs,0,1,1,0.0
jPlB,1,0,1,1.0
jPlL,0,2,2,0.0
jPlM,0,2,2,0.0
jPlP,0,1,1,0.0
jPlS,1,1,2,0.5
jPlb,1,0,1,1.0
jPll,1,0,1,1.0
jPlm,1,0,1,1.0
jPln,0,1,1,0.0
jPls,1,0,1,1.0
jPmB,1,0,1,1.0
jPmH,1,1,2,0.5
jPmJ,2,2,4,0.5
jPmL,0,2,2,0.0
jPmM,2,0,2,1.0
jPmN,0,1,1,0.0
jPmP,1,4,5,0.2
jPmS,0,0,0,
jPmb,2,2,4,0.5
jPmn,2,1,3,0.67
jPms,1,0,1,1.0
jPnB,3,0,3,1.0
jPnH,1,0,1,1.0
jPnI,0,1,1,0.0
jPnK,0,1,1,0.0
jPnL,1,1,2,0.5
jPnM,1,0,1,1.0
jPnN,3,2,5,0.6
jPnP,5,1,6,0.83
jPnS,0,3,3,0.0
jPnb,1,2,3,0.33
jPnl,1,0,1,1.0
jPnm,0,1,1,0.0
jPnn,2,1,3,0.67
jPns,1,0,1,1.0
jPsB,2,0,2,1.0
jPsH,2,0,2,1.0
jPsL,0,1,1,0.0
jPsM,1,0,1,1.0
jPsN,1,0,1,1.0
jPsP,3,1,4,0.75
jPsS,0,1,1,0.0
jPsb,1,1,2,0.5
jPsm,0,1,1,0.0
jPsn,2,1,3,0.67
jPss,1,1,2,0.5
jPtM,1,0,1,1.0
jPts,1,0,1,1.0
jSBM,1,1,2,0.5
jSBP,3,1,4,0.75
jSBt,0,1,1,0.0
jSHM,2,0,2,1.0
jSHb,0,1,1,0.0
jSHl,1,0,1,1.0
jSHm,1,0,1,1.0
jSHn,0,1,1,0.0
jSKS,0,1,1,0.0
jSLM,0,1,1,0.0
jSLb,0,0,0,
jSLm,1,0,1,1.0
jSLn,1,0,1,1.0
jSLs,0,0,0,
jSMM,1,3,4,0.25
jSMN,0,1,1,0.0
jSMP,2,0,2,1.0
jSMS,0,1,1,0.0
jSMb,1,0,1,1.0
jSMn,0,1,1,0.0
jSNB,0,1,1,0.0
jSNH,0,0,0,
jSNL,0,1,1,0.0
jSNM,1,1,2,0.5
jSNN,0,0,0,
jSNP,0,2,2,0.0
jSNb,0,2,2,0.0
jSNh,0,2,2,0.0
jSNs,0,2,2,0.0
jSPB,1,1,2,0.5
jSPI,0,1,1,0.0
jSPK,0,0,0,
jSPM,0,1,1,0.0
jSPN,3,2,5,0.6
jSPP,2,1,3,0.67
jSPS,0,1,1,0.0
jSPb,0,0,0,
jSPh,0,1,1,0.0
jSPl,1,1,2,0.5
jSPm,1,1,2,0.5
jSPn,1,0,1,1.0
jSPs,1,1,2,0.5
jSSD,1,0,1,1.0
jSSK,0,1,1,0.0
jSSN,0,1,1,0.0
jSSb,1,0,1,1.0
jSSm,0,1,1,0.0
jSSn,0,0,0,
jSSs,0,3,3,0.0
jSbB,3,1,4,0.75
jSbI,1,0,1,1.0
jSbJ,0,1,1,0.0
jSbN,0,1,1,0.0
jSbm,2,1,3,0.67
jSbn,1,0,1,1.0
jSbs,0,1,1,0.0
jShM,0,2,2,0.0
jShN,0,1,1,0.0
jShP,1,0,1,1.0
jShh,1,0,1,1.0
jShl,0,1,1,0.0
jShn,0,1,1,0.0
jShs,1,1,2,0.5
jSlB,1,0,1,1.0
jSlH,0,1,1,0.0
jSlN,0,1,1,0.0
jSlS,0,1,1,0.0
jSlb,0,1,1,0.0
jSmB,0,1,1,0.0
jSmN,1,1,2,0.5
jSmP,2,1,3,0.67
jSmb,0,1,1,0.0
jSml,0,1,1,0.0
jSmn,2,0,2,1.0
jSms,0,2,2,0.0
jSnI,0,1,1,0.0
jSnL,0,1,1,0.0
jSnM,1,1,2,0.5
jSnN,1,1,2,0.5
jSnb,2,1,3,0.67
jSnl,1,0,1,1.0
jSnm,2,0,2,1.0
jSnn,0,1,1,0.0
jSns,0,1,1,0.0
jSsB,0,1,1,0.0
jSsH,1,0,1,1.0
jSsK,0,0,0,
jSsL,0,1,1,0.0
jSsP,2,1,3,0.67
jSsS,0,1,1,0.0
jSsm,0,1,1,0.0
jSsn,1,0,1,1.0
jSss,1,0,1,1.0
jStN,1,0,1,1.0
jbBB,1,2,3,0.33
jbBL,0,1,1,0.0
jbBM,1,0,1,1.0
jbBN,2,0,2,1.0
jbBP,2,4,6,0.33
jbBS,1,2,3,0.33
jbBb,2,0,2,1.0
jbBh,1,0,1,1.0
jbBj,0,0,0,
jbBm,0,1,1,0.0
jbBn,0,3,3,0.0
jbDK,0,1,1,0.0
jbDs,0,0,0,
jbHM,0,1,1,0.0
jbHN,1,1,2,0.5
jbHS,1,0,1,1.0
jbHb,0,1,1,0.0
jbHh,0,1,1,0.0
jbHn,1,0,1,1.0
jbIK,1,0,1,1.0
jbIS,1,0,1,1.0
jbJB,1,0,1,1.0
jbJP,0,1,1,0.0
jbJS,1,0,1,1.0
jbJb,0,1,1,0.0
jbKP,1,0,1,1.0
jbKh,1,0,1,1.0
jbLB,0,1,1,0.0
jbLL,1,0,1,1.0
jbLN,0,1,1,0.0
jbLP,1,3,4,0.25
jbLS,1,0,1,1.0
jbLh,0,1,1,0.0
jbLl,1,2,3,0.33
jbLm,1,1,2,0.5
jbMB,0,1,1,0.0
jbML,0,2,2,0.0
jbMM,2,2,4,0.5
jbMN,0,2,2,0.0
jbMP,1,3,4,0.25
jbMS,0,1,1,0.0
jbMb,0,4,4,0.0
jbMj,0,1,1,0.0
jbMl,1,1,2,0.5
jbMm,2,1,3,0.67
jbMn,2,1,3,0.67
jbMs,1,0,1,1.0
jbMt,0,1,1,0.0
jbNB,1,0,1,1.0
jbNM,0,4,4,0.0
jbNN,2,2,4,0.5
jbNP,0,2,2,0.0
jbNS,0,1,1,0.0
jbNb,0,1,1,0.0
jbNh,1,0,1,1.0
jbNl,1,0,1,1.0
jbNm,2,0,2,1.0
jbNn,2,2,4,0.5
jbPB,0,1,1,0.0
jbPH,0,1,1,0.0
jbPI,0,1,1,0.0
jbPL,0,0,0,
jbPM,0,2,2,0.0
jbPN,1,2,3,0.33
jbPP,2,1,3,0.67
jbPS,3,0,3,1.0
jbPb,1,4,5,0.2
jbPl,1,0,1,1.0
jbPm,3,1,4,0.75
jbPn,2,1,3,0.67
jbPs,2,1,3,0.67
jbSH,0,1,1,0.0
jbSL,0,1,1,0.0
jbSM,0,1,1,0.0
jbSN,1,0,1,1.0
jbSS,0,2,2,0.0
jbSb,1,1,2,0.5
jbSh,1,0,1,1.0
jbSl,0,0,0,
jbSm,0,1,1,0.0
jbSn,0,1,1,0.0
jbSs,0,1,1,0.0
jbSt,1,0,1,1.0
jbbB,1,3,4,0.25
jbbH,0,0,0,
jbbL,0,1,1,0.0
jbbM,2,0,2,1.0
jbbN,2,1,3,0.67
jbbP,3,4,7,0.43
jbbS,2,1,3,0.67
jbbb,1,0,1,1.0
jbbm,0,2,2,0.0
jblB,1,0,1,1.0
jblN,1,0,1,1.0
jblP,0,1,1,0.0
jbll,1,1,2,0.5
jbmB,1,0,1,1.0
jbmJ,0,0,0,
jbmL,0,1,1,0.0
jbmM,2,1,3,0.67
jbmP,2,1,3,0.67
jbmb,2,2,4,0.5
jbml,0,0,0,
jbmn,0,0,0,
jbnH,0,1,1,0.0
jbnL,0,0,0,
jbnN,1,0,1,1.0
jbnP,4,0,4,1.0
jbnb,0,1,1,0.0
jbnl,1,0,1,1.0
jbnn,0,0,0,
jbns,0,0,0,
jbsD,0,1,1,0.0
jbsM,0,1,1,0.0
jbsm,0,1,1,0.0
jbsn,2,0,2,1.0
jhBB,0,0,0,
jhBM,1,0,1,1.0
jhBl,0,1,1,0.0
jhHP,1,0,1,1.0
jhHs,1,0,1,1.0
jhLB,0,2,2,0.0
jhLL,0,1,1,0.0
jhMM,1,0,1,1.0
jhMm,1,0,1,1.0
jhMn,0,0,0,
jhNM,0,1,1,0.0
jhNl,0,0,0,
jhPB,0,1,1,0.0
jhPD,1,0,1,1.0
jhPL,0,1,1,0.0
jhPM,0,1,1,0.0
jhPS,1,0,1,1.0
jhPl,0,1,1,0.0
jhSB,1,0,1,1.0
jhSM,1,0,1,1.0
jhSS,0,1,1,0.0
jhbb,0,1,1,0.0
jhbs,1,0,1,1.0
jhhB,0,1,1,0.0
jhhP,1,0,1,1.0
jhhl,0,0,0,
jhhm,0,1,1,0.0
jhhs,1,0,1,1.0
jhlN,0,0,0,
jhms,0,1,1,0.0
jhnH,1,0,1,1.0
jhnP,2,1,3,0.67
jhnb,1,0,1,1.0
jhsB,1,0,1,1.0
jhsN,1,0,1,1.0
jhss,1,0,1,1.0
jlBP,0,1,1,0.0
jlBb,0,1,1,0.0
jlBj,1,0,1,1.0
jlBl,1,0,1,1.0
jlBn,1,1,2,0.5
jlDm,0,1,1,0.0
jlHB,0,1,1,0.0
jlHM,1,1,2,0.5
jlHN,0,1,1,0.0
jlHP,1,0,1,1.0
jlHS,0,0,0,
jlHb,1,1,2,0.5
jlHh,0,2,2,0.0
jlHn,0,2,2,0.0
jlIn,0,0,0,
jlJM,0,1,1,0.0
jlJP,2,0,2,1.0
jlLN,0,1,1,0.0
jlLS,0,0,0,
jlLs,0,1,1,0.0
jlMM,1,0,1,1.0
jlMP,2,0,2,1.0
jlMS,0,0,0,
jlMb,0,1,1,0.0
jlMh,0,1,1,0.0
jlMj,1,0,1,1.0
jlMm,1,0,1,1.0
jlMn,1,0,1,1.0
jlND,0,1,1,0.0
jlNH,0,0,0,
jlNL,1,0,1,1.0
jlNN,0,0,0,
jlNP,2,1,3,0.67
jlNS,1,1,2,0.5
jlNn,0,0,0,
jlNs,1,0,1,1.0
jlPB,2,0,2,1.0
jlPH,0,1,1,0.0
jlPM,0,1,1,0.0
jlPP,1,1,2,0.5
jlPS,0,1,1,0.0
jlPb,1,0,1,1.0
jlPl,1,0,1,1.0
jlPn,0,0,0,
jlPs,1,0,1,1.0
jlSB,2,0,2,1.0
jlSH,1,0,1,1.0
jlSN,0,1,1,0.0
jlSS,0,1,1,0.0
jlSb,2,1,3,0.67
jlbB,1,0,1,1.0
jlbJ,0,1,1,0.0
jlbL,1,0,1,1.0
jlbN,0,2,2,0.0
jlbs,0,1,1,0.0
jllB,0,0,0,
jllM,0,1,1,0.0
jllN,0,1,1,0.0
jlln,0,1,1,0.0
jlmM,1,1,2,0.5
jlmm,1,0,1,1.0
jlnH,0,1,1,0.0
jlnM,0,1,1,0.0
jlnP,0,1,1,0.0
jlnb,2,1,3,0.67
jlnm,1,0,1,1.0
jlnn,0,1,1,0.0
jlns,0,1,1,0.0
jlsB,1,0,1,1.0
jlsH,0,1,1,0.0
jlsN,1,0,1,1.0
jlsP,0,1,1,0.0
jlsS,0,1,1,0.0
jlsb,1,0,1,1.0
jlsl,0,1,1,0.0
jmBB,0,1,1,0.0
jmBP,1,1,2,0.5
jmBS,1,1,2,0.5
jmBb,2,1,3,0.67
jmBh,0,1,1,0.0
jmBl,0,1,1,0.0
jmBm,0,1,1,0.0
jmBn,2,0,2,1.0
jmBs,2,1,3,0.67
jmDP,1,0,1,1.0
jmDS,0,0,0,
jmHL,0,1,1,0.0
jmHP,4,1,5,0.8
jmHS,0,1,1,0.0
jmHb,1,0,1,1.0
jmHn,2,0,2,1.0
jmIH,1,1,2,0.5
jmJM,1,1,2,0.5
jmJb,2,0,2,1.0
jmLD,1,0,1,1.0
jmLM,0,1,1,0.0
jmLN,1,0,1,1.0
jmLP,0,1,1,0.0
jmLh,0,0,0,
jmLn,1,0,1,1.0
jmMM,1,0,1,1.0
jmMP,1,1,2,0.5
jmMb,2,1,3,0.67
jmMj,1,0,1,1.0
jmMl,0,1,1,0.0
jmMm,1,1,2,0.5
jmMn,0,1,1,0.0
jmMs,0,1,1,0.0
jmNM,1,2,3,0.33
jmNN,0,1,1,0.0
jmNP,2,0,2,1.0
jmNS,0,1,1,0.0
jmNb,1,3,4,0.25
jmNh,0,1,1,0.0
jmNm,1,0,1,1.0
jmNn,0,1,1,0.0
jmNt,1,0,1,1.0
jmPB,1,0,1,1.0
jmPD,0,1,1,0.0
jmPH,0,0,0,
jmPK,0,1,1,0.0
jmPL,0,1,1,0.0
jmPM,1,1,2,0.5
jmPN,0,2,2,0.0
jmPP,0,1,1,0.0
jmPl,2,0,2,1.0
jmPm,0,3,3,0.0
jmPn,0,1,1,0.0
jmSD,1,0,1,1.0
jmSH,0,1,1,0.0
jmSN,0,1,1,0.0
jmSP,0,0,0,
jmSb,0,1,1,0.0
jmSl,0,0,0,
jmSm,1,1,2,0.5
jmSn,0,1,1,0.0
jmSs,4,2,6,0.67
jmSt,1,0,1,1.0
jmbB,2,1,3,0.67
jmbH,1,0,1,1.0
jmbI,1,0,1,1.0
jmbN,0,0,0,
jmbP,0,2,2,0.0
jmbb,2,0,2,1.0
jmbl,0,1,1,0.0
jmbn,1,0,1,1.0
jmlM,0,1,1,0.0
jmlN,0,0,0,
jmlP,1,2,3,0.33
jmlS,0,1,1,0.0
jmlb,1,0,1,1.0
jmlm,1,1,2,0.5
jmmB,0,1,1,0.0
jmmJ,1,0,1,1.0
jmmN,0,4,4,0.0
jmmP,0,1,1,0.0
jmmS,0,1,1,0.0
jmmb,0,1,1,0.0
jmmn,0,2,2,0.0
jmms,0,1,1,0.0
jmnB,0,1,1,0.0
jmnL,0,1,1,0.0
jmnM,1,1,2,0.5
jmnN,1,1,2,0.5
jmnP,1,0,1,1.0
jmnl,1,0,1,1.0
jmnn,1,3,4,0.25
jmns,0,0,0,
jmsB,1,0,1,1.0
jmsM,0,0,0,
jmsS,2,0,2,1.0
jmsl,1,0,1,1.0
jmsn,0,0,0,
jmss,1,1,2,0.5
jmst,0,1,1,0.0
jnBL,0,1,1,0.0
jnBM,1,1,2,0.5
jnBN,0,1,1,0.0
jnBb,1,0,1,1.0
jnBl,1,0,1,1.0
jnBm,0,2,2,0.0
jnBs,0,1,1,0.0
jnDP,0,1,1,0.0
jnDs,0,1,1,0.0
jnHB,1,0,1,1.0
jnHK,0,1,1,0.0
jnHM,1,0,1,1.0
jnHP,0,1,1,0.0
jnHS,0,1,1,0.0
jnHb,0,1,1,0.0
jnHl,1,0,1,1.0
jnHm,1,0,1,1.0
jnHn,0,0,0,
jnHs,1,0,1,1.0
jnIP,0,1,1,0.0
jnKM,0,1,1,0.0
jnLB,1,0,1,1.0
jnLM,0,1,1,0.0
jnLP,0,0,0,
jnLS,0,1,1,0.0
jnLs,0,1,1,0.0
jnMB,1,0,1,1.0
jnMD,0,2,2,0.0
jnML,1,0,1,1.0
jnMN,0,0,0,
jnMP,1,0,1,1.0
jnMS,1,1,2,0.5
jnMb,0,0,0,
jnMj,1,0,1,1.0
jnMm,1,0,1,1.0
jnMs,3,0,3,1.0
jnNB,2,1,3,0.67
jnNM,0,1,1,0.0
jnNN,1,1,2,0.5
jnNP,1,0,1,1.0
jnNS,0,0,0,
jnNb,0,1,1,0.0
jnNh,0,1,1,0.0
jnNm,0,1,1,0.0
jnNn,1,1,2,0.5
jnNs,1,1,2,0.5
jnPB,1,1,2,0.5
jnPH,1,0,1,1.0
jnPM,0,0,0,
jnPP,2,3,5,0.4
jnPS,2,1,3,0.67
jnPb,2,0,2,1.0
jnPl,0,0,0,
jnPm,1,0,1,1.0
jnPs,2,0,2,1.0
jnSB,1,0,1,1.0
jnSM,1,0,1,1.0
jnSP,1,1,2,0.5
jnSS,0,1,1,0.0
jnSb,2,0,2,1.0
jnSl,1,0,1,1.0
jnSm,1,2,3,0.33
jnSn,0,2,2,0.0
jnSs,0,0,0,
jnSt,1,0,1,1.0
jnbB,2,0,2,1.0
jnbJ,0,1,1,0.0
jnbL,0,0,0,
jnbM,0,1,1,0.0
jnbN,0,2,2,0.0
jnbP,0,1,1,0.0
jnbS,0,1,1,0.0
jnbb,2,0,2,1.0
jnbl,0,1,1,0.0
jnbm,0,2,2,0.0
jnbn,4,1,5,0.8
jnhP,1,0,1,1.0
jnlB,0,1,1,0.0
jnlL,0,1,1,0.0
jnlM,1,0,1,1.0
jnlN,2,1,3,0.67
jnlb,2,0,2,1.0
jnll,1,0,1,1.0
jnlm,0,1,1,0.0
jnln,2,0,2,1.0
jnmB,3,0,3,1.0
jnmH,2,0,2,1.0
jnmN,0,1,1,0.0
jnmP,2,1,3,0.67
jnmS,0,0,0,
jnml,0,1,1,0.0
jnmm,1,0,1,1.0
jnmn,2,0,2,1.0
jnms,0,1,1,0.0
jnnI,1,0,1,1.0
jnnM,1,0,1,1.0
jnnN,1,3,4,0.25
jnnP,2,1,3,0.67
jnnS,1,1,2,0.5
jnnl,0,1,1,0.0
jnnm,0,3,3,0.0
jnns,2,0,2,1.0
jnsH,0,1,1,0.0
jnsI,0,0,0,
jnsM,0,2,2,0.0
jnsN,1,0,1,1.0
jnsP,0,0,0,
jnsb,1,0,1,1.0
jnsn,1,0,1,1.0
jsBN,0,1,1,0.0
jsBP,1,0,1,1.0
jsBm,0,1,1,0.0
jsBn,1,0,1,1.0
jsBs,0,1,1,0.0
jsBt,1,0,1,1.0
jsDM,1,0,1,1.0
jsDN,0,1,1,0.0
jsHB,0,0,0,
jsHM,0,0,0,
jsHS,0,1,1,0.0
jsHb,1,0,1,1.0
jsHh,0,0,0,
jsHn,1,0,1,1.0
jsHs,0,1,1,0.0
jsIP,1,0,1,1.0
jsIS,1,0,1,1.0
jsIs,0,1,1,0.0
jsLB,0,1,1,0.0
jsLL,0,0,0,
jsLN,0,0,0,
jsLb,1,0,1,1.0
jsLm,0,1,1,0.0
jsLn,0,1,1,0.0
jsLs,0,0,0,
jsMB,0,2,2,0.0
jsMP,1,0,1,1.0
jsMS,1,0,1,1.0
jsMh,2,0,2,1.0
jsMj,0,1,1,0.0
jsNB,0,1,1,0.0
jsNM,1,1,2,0.5
jsNP,1,0,1,1.0
jsNb,2,1,3,0.67
jsNl,0,1,1,0.0
jsNm,0,1,1,0.0
jsNs,1,0,1,1.0
jsPB,0,1,1,0.0
jsPI,1,0,1,1.0
jsPL,0,0,0,
jsPN,1,0,1,1.0
jsPP,1,0,1,1.0
jsPS,2,2,4,0.5
jsPb,0,0,0,
jsPl,1,2,3,0.33
jsPm,4,0,4,1.0
jsPn,1,1,2,0.5
jsPs,1,0,1,1.0
jsSB,0,1,1,0.0
jsSL,2,0,2,1.0
jsSM,1,2,3,0.33
jsSP,1,0,1,1.0
jsSb,0,2,2,0.0
jsSs,1,2,3,0.33
jsbB,0,1,1,0.0
jsbL,1,0,1,1.0
jsbM,0,2,2,0.0
jsbS,0,0,0,
jsbb,2,0,2,1.0
jsbm,0,0,0,
jsbn,1,0,1,1.0
jshN,0,1,1,0.0
jsll,1,0,1,1.0
jslm,1,0,1,1.0
jsmB,0,1,1,0.0
jsmJ,0,1,1,0.0
jsmL,1,0,1,1.0
jsmN,3,0,3,1.0
jsmm,0,0,0,
jsnD,1,0,1,1.0
jsnI,0,0,0,
jsnN,2,0,2,1.0
jsnS,1,0,1,1.0
jsnb,0,0,0,
jssH,0,1,1,0.0
jssL,0,1,1,0.0
jssM,1,1,2,0.5
jssN,0,0,0,
jssP,1,0,1,1.0
jssS,0,1,1,0.0
jssl,1,0,1,1.0
jssn,0,1,1,0.0
jsss,2,0,2,1.0
jstP,1,0,1,1.0
jtBM,0,1,1,0.0
jtBn,1,0,1,1.0
jtHH,0,1,1,0.0
jtHl,0,1,1,0.0
jtKl,1,0,1,1.0
jtLM,0,1,1,0.0
jtLN,1,0,1,1.0
jtNP,0,1,1,0.0
jtNS,0,0,0,
jtNh,0,1,1,0.0
jtNl,1,0,1,1.0
jtNs,1,0,1,1.0
jtPB,1,0,1,1.0
jtPP,0,0,0,
jtPb,1,0,1,1.0
jtPn,0,0,0,
jtSh,0,1,1,0.0
jtbS,0,0,0,
jtbb,1,0,1,1.0
jtlJ,0,0,0,
jtml,0,1,1,0.0
jtmm,0,0,0,
jtnP,1,0,1,1.0
jtnm,0,0,0,
jtnn,0,1,1,0.0
jtss,1,0,1,1.0
jttl,0,0,0,
lBBB,4,4,8,0.5
lBBD,1,0,1,1.0
lBBL,1,1,2,0.5
lBBM,1,4,5,0.2
lBBN,7,3,10,0.7
lBBP,9,7,16,0.56
lBBS,3,3,6,0.5
lBBb,5,3,8,0.62
lBBj,3,4,7,0.43
lBBl,2,3,5,0.4
lBBm,6,3,9,0.67
lBBn,3,6,9,0.33
lBBs,1,0,1,1.0
lBBt,1,1,2,0.5
lBDN,0,0,0,
lBDn,1,0,1,1.0
lBDs,0,0,0,
lBHM,0,0,0,
lBKM,0,1,1,0.0
lBKP,0,1,1,0.0
lBKS,0,1,1,0.0
lBKl,0,0,0,
lBKm,0,1,1,0.0
lBKs,0,1,1,0.0
lBLB,1,0,1,1.0
lBLM,3,2,5,0.6
lBLN,2,1,3,0.67
lBLP,1,2,3,0.33
lBLb,0,2,2,0.0
lBLh,2,1,3,0.67
lBLj,0,2,2,0.0
lBLl,2,2,4,0.5
lBLm,3,1,4,0.75
lBLn,2,3,5,0.4
lBLs,3,2,5,0.6
lBLt,0,2,2,0.0
lBMB,1,8,9,0.11
lBML,2,2,4,0.5
lBMM,1,6,7,0.14
lBMN,1,5,6,0.17
lBMP,4,3,7,0.57
lBMS,1,1,2,0.5
lBMb,4,5,9,0.44
lBMh,6,6,12,0.5
lBMj,2,1,3,0.67
lBMl,2,3,5,0.4
lBMm,3,6,9,0.33
lBMn,7,7,14,0.5
lBMs,2,2,4,0.5
lBMt,1,0,1,1.0
lBNB,3,5,8,0.38
lBND,0,1,1,0.0
lBNH,1,0,1,1.0
lBNL,2,2,4,0.5
lBNM,5,1,6,0.83
lBNN,8,8,16,0.5
lBNP,14,10,24,0.58
lBNS,0,4,4,0.0
lBNb,9,9,18,0.5
lBNh,1,4,5,0.2
lBNl,4,6,10,0.4
lBNm,6,1,7,0.86
lBNn,7,5,12,0.58
lBNs,3,2,5,0.6
lBNt,0,1,1,0.0
lBPB,7,8,15,0.47
lBPH,1,3,4,0.25
lBPK,1,1,2,0.5
lBPL,5,2,7,0.71
lBPM,10,5,15,0.67
lBPN,9,10,19,0.47
lBPP,11,15,26,0.42
lBPS,7,7,14,0.5
lBPb,11,9,20,0.55
lBPh,2,0,2,1.0
lBPl,5,5,10,0.5
lBPm,4,5,9,0.44
lBPn,9,6,15,0.6
lBPs,6,5,11,0.55
lBPt,0,0,0,
lBSB,1,0,1,1.0
lBSD,0,1,1,0.0
lBSH,2,1,3,0.67
lBSL,1,1,2,0.5
lBSM,1,3,4,0.25
lBSN,0,2,2,0.0
lBSP,6,3,9,0.67
lBSS,3,2,5,0.6
lBSb,6,2,8,0.75
lBSh,1,2,3,0.33
lBSl,3,2,5,0.6
lBSm,2,3,5,0.4
lBSn,6,3,9,0.67
lBSs,0,2,2,0.0
lBSt,0,1,1,0.0
lBbB,7,4,11,0.64
lBbD,0,1,1,0.0
lBbH,2,1,3,0.67
lBbI,1,0,1,1.0
lBbJ,1,1,2,0.5
lBbK,0,0,0,
lBbL,0,2,2,0.0
lBbM,6,4,10,0.6
lBbN,4,2,6,0.67
lBbP,8,12,20,0.4
lBbS,0,3,3,0.0
lBbb,5,4,9,0.56
lBbl,2,1,3,0.67
lBbm,2,1,3,0.67
lBbn,3,2,5,0.6
lBbs,3,2,5,0.6
lBhB,0,1,1,0.0
lBhL,0,0,0,
lBhM,0,3,3,0.0
lBhP,0,3,3,0.0
lBhS,1,1,2,0.5
lBhh,1,0,1,1.0
lBhm,0,1,1,0.0
lBhn,1,0,1,1.0
lBht,0,0,0,
lBjB,0,1,1,0.0
lBjH,1,0,1,1.0
lBjL,0,2,2,0.0
lBjM,1,3,4,0.25
lBjN,3,1,4,0.75
lBjP,2,0,2,1.0
lBjS,0,2,2,0.0
lBjl,2,1,3,0.67
lBjm,1,1,2,0.5
lBjn,1,2,3,0.33
lBjs,0,1,1,0.0
lBlB,4,2,6,0.67
lBlJ,0,2,2,0.0
lBlL,0,2,2,0.0
lBlM,3,5,8,0.38
lBlN,1,2,3,0.33
lBlP,3,6,9,0.33
lBlS,2,2,4,0.5
lBlb,4,3,7,0.57
lBll,2,0,2,1.0
lBlm,1,3,4,0.25
lBln,3,1,4,0.75
lBmB,2,5,7,0.29
lBmH,1,2,3,0.33
lBmI,0,0,0,
lBmJ,2,2,4,0.5
lBmL,2,0,2,1.0
lBmM,2,3,5,0.4
lBmN,5,6,11,0.45
lBmP,4,3,7,0.57
lBmS,2,0,2,1.0
lBmb,5,3,8,0.62
lBml,1,0,1,1.0
lBmm,4,3,7,0.57
lBmn,2,3,5,0.4
lBms,3,3,6,0.5
lBnB,2,3,5,0.4
lBnD,1,2,3,0.33
lBnH,4,4,8,0.5
lBnI,0,1,1,0.0
lBnL,1,3,4,0.25
lBnM,8,6,14,0.57
lBnN,11,8,19,0.58
lBnP,9,9,18,0.5
lBnS,4,8,12,0.33
lBnb,3,4,7,0.43
lBnh,1,1,2,0.5
lBnl,3,1,4,0.75
lBnm,3,4,7,0.43
lBnn,7,7,14,0.5
lBns,4,1,5,0.8
lBsB,2,1,3,0.67
lBsD,0,2,2,0.0
lBsH,0,2,2,0.0
lBsL,0,2,2,0.0
lBsM,2,0,2,1.0
lBsN,2,4,6,0.33
lBsP,6,4,10,0.6
lBsS,2,5,7,0.29
lBsb,2,3,5,0.4
lBsl,0,0,0,
lBsm,2,1,3,0.67
lBsn,4,2,6,0.67
lBss,1,3,4,0.25
lBtB,1,0,1,1.0
lBtH,1,1,2,0.5
lBtN,1,1,2,0.5
lBtP,0,2,2,0.0
lBtb,3,1,4,0.75
lBtm,1,2,3,0.33
lBtn,1,1,2,0.5
lDBM,0,1,1,0.0
lDBS,0,0,0,
lDBb,1,0,1,1.0
lDBm,1,0,1,1.0
lDBn,0,1,1,0.0
lDDL,0,1,1,0.0
lDHD,1,0,1,1.0
lDHM,2,0,2,1.0
lDHN,1,1,2,0.5
lDHP,0,0,0,
lDHS,1,0,1,1.0
lDHb,0,1,1,0.0
lDHl,1,1,2,0.5
lDHm,2,0,2,1.0
lDLB,1,0,1,1.0
lDLL,0,0,0,
lDLM,1,1,2,0.5
lDLP,0,1,1,0.0
lDLl,1,0,1,1.0
lDLm,0,1,1,0.0
lDLs,0,0,0,
lDMB,0,2,2,0.0
lDML,1,0,1,1.0
lDMN,0,1,1,0.0
lDMP,0,1,1,0.0
lDMS,1,0,1,1.0
lDMb,1,1,2,0.5
lDMm,1,0,1,1.0
lDMn,1,1,2,0.5
lDNB,2,0,2,1.0
lDNL,0,1,1,0.0
lDNN,0,1,1,0.0
lDNP,2,1,3,0.67
lDNb,1,0,1,1.0
lDNh,0,1,1,0.0
lDNm,1,0,1,1.0
lDNn,1,1,2,0.5
lDNt,0,1,1,0.0
lDPH,0,1,1,0.0
lDPL,0,0,0,
lDPM,3,0,3,1.0
lDPN,1,0,1,1.0
lDPP,1,0,1,1.0
lDPS,0,2,2,0.0
lDPm,1,1,2,0.5
lDPs,2,0,2,1.0
lDSL,1,0,1,1.0
lDSN,1,0,1,1.0
lDSb,1,0,1,1.0
lDSm,2,1,3,0.67
lDSs,1,0,1,1.0
lDbB,0,1,1,0.0
lDbD,0,1,1,0.0
lDbM,1,0,1,1.0
lDbP,1,0,1,1.0
lDbb,0,2,2,0.0
lDlN,1,0,1,1.0
lDlP,1,0,1,1.0
lDmN,1,0,1,1.0
lDmP,0,1,1,0.0
lDmb,0,1,1,0.0
lDmm,0,1,1,0.0
lDmn,1,0,1,1.0
lDnB,1,0,1,1.0
lDnH,1,0,1,1.0
lDnI,0,0,0,
lDnL,1,2,3,0.33
lDnM,0,0,0,
lDnb,1,0,1,1.0
lDnl,0,0,0,
lDnm,0,1,1,0.0
lDsH,1,2,3,0.33
lDsL,0,1,1,0.0
lDsM,0,0,0,
lDsN,1,0,1,1.0
lDsS,0,2,2,0.0
lDsm,0,0,0,
lDsn,2,1,3,0.67
lDss,0,1,1,0.0
lDtB,1,0,1,1.0
lDtM,1,0,1,1.0
lDtb,0,1,1,0.0
lHBB,4,0,4,1.0
lHBK,0,1,1,0.0
lHBL,1,1,2,0.5
lHBM,1,1,2,0.5
lHBN,0,5,5,0.0
lHBP,3,3,6,0.5
lHBS,3,1,4,0.75
lHBb,6,1,7,0.86
lHBj,1,0,1,1.0
lHBl,0,1,1,0.0
lHBm,2,3,5,0.4
lHBn,1,2,3,0.33
lHBs,1,2,3,0.33
lHBt,0,0,0,
lHDB,1,0,1,1.0
lHDM,1,1,2,0.5
lHDS,0,1,1,0.0
lHDs,0,1,1,0.0
lHHB,0,1,1,0.0
lHHL,2,0,2,1.0
lHHN,1,1,2,0.5
lHHS,1,0,1,1.0
lHHs,0,0,0,
lHHt,1,0,1,1.0
lHIN,2,0,2,1.0
lHIP,0,2,2,0.0
lHIS,1,2,3,0.33
lHIl,0,1,1,0.0
lHIn,1,0,1,1.0
lHIs,1,0,1,1.0
lHKL,1,0,1,1.0
lHKP,0,1,1,0.0
lHKb,0,1,1,0.0
lHKh,0,1,1,0.0
lHKm,0,1,1,0.0
lHKs,0,0,0,
lHLB,0,1,1,0.0
lHLL,2,1,3,0.67
lHLM,2,1,3,0.67
lHLN,1,1,2,0.5
lHLP,1,2,3,0.33
lHLb,1,0,1,1.0
lHLh,0,1,1,0.0
lHLl,2,2,4,0.5
lHLm,1,0,1,1.0
lHLn,2,1,3,0.67
lHLs,1,2,3,0.33
lHLt,0,0,0,
lHMB,5,3,8,0.62
lHML,3,1,4,0.75
lHMM,2,3,5,0.4
lHMN,6,5,11,0.55
lHMP,5,8,13,0.38
lHMS,2,2,4,0.5
lHMb,2,3,5,0.4
lHMh,2,1,3,0.67
lHMj,1,0,1,1.0
lHMl,0,2,2,0.0
lHMm,5,6,11,0.45
lHMn,6,4,10,0.6
lHMs,4,1,5,0.8
lHNB,3,3,6,0.5
lHNK,0,1,1,0.0
lHNM,3,5,8,0.38
lHNN,6,1,7,0.86
lHNP,5,4,9,0.56
lHNS,2,4,6,0.33
lHNb,2,0,2,1.0
lHNh,1,1,2,0.5
lHNl,1,2,3,0.33
lHNm,1,4,5,0.2
lHNn,5,4,9,0.56
lHNs,0,1,1,0.0
lHPB,2,1,3,0.67
lHPH,1,1,2,0.5
lHPL,1,1,2,0.5
lHPM,1,7,8,0.12
lHPN,4,3,7,0.57
lHPP,4,11,15,0.27
lHPS,4,6,10,0.4
lHPb,8,5,13,0.62
lHPh,0,0,0,
lHPl,4,3,7,0.57
lHPm,6,3,9,0.67
lHPn,5,6,11,0.45
lHPs,3,4,7,0.43
lHPt,1,0,1,1.0
lHSB,0,7,7,0.0
lHSD,1,1,2,0.5
lHSH,1,3,4,0.25
lHSL,6,0,6,1.0
lHSM,1,2,3,0.33
lHSN,2,6,8,0.25
lHSP,1,2,3,0.33
lHSS,2,3,5,0.4
lHSb,1,0,1,1.0
lHSh,0,6,6,0.0
lHSl,2,2,4,0.5
lHSm,0,5,5,0.0
lHSn,2,4,6,0.33
lHSs,6,4,10,0.6
lHSt,1,1,2,0.5
lHbB,4,6,10,0.4
lHbD,0,0,0,
lHbH,3,1,4,0.75
lHbJ,1,2,3,0.33
lHbL,1,3,4,0.25
lHbM,7,1,8,0.88
lHbN,1,3,4,0.25
lHbP,5,2,7,0.71
lHbS,2,0,2,1.0
lHbb,3,4,7,0.43
lHbl,0,3,3,0.0
lHbm,5,3,8,0.62
lHbn,3,5,8,0.38
lHbs,1,2,3,0.33
lHhD,0,1,1,0.0
lHhL,1,0,1,1.0
lHhM,2,2,4,0.5
lHhN,1,2,3,0.33
lHhP,1,2,3,0.33
lHhS,2,1,3,0.67
lHhb,1,1,2,0.5
lHhh,0,0,0,
lHhl,2,0,2,1.0
lHhm,1,2,3,0.33
lHhn,4,1,5,0.8
lHhs,1,1,2,0.5
lHlB,1,3,4,0.25
lHlH,1,1,2,0.5
lHlK,0,0,0,
lHlL,1,1,2,0.5
lHlM,0,2,2,0.0
lHlN,2,1,3,0.67
lHlP,1,1,2,0.5
lHlS,0,0,0,
lHlb,0,2,2,0.0
lHll,1,0,1,1.0
lHlm,2,1,3,0.67
lHls,0,2,2,0.0
lHmB,2,5,7,0.29
lHmD,1,1,2,0.5
lHmH,3,1,4,0.75
lHmJ,0,1,1,0.0
lHmL,1,1,2,0.5
lHmM,2,4,6,0.33
lHmN,0,2,2,0.0
lHmP,2,2,4,0.5
lHmS,0,2,2,0.0
lHmb,1,3,4,0.25
lHml,1,1,2,0.5
lHmm,2,2,4,0.5
lHmn,2,1,3,0.67
lHms,1,3,4,0.25
lHnB,3,3,6,0.5
lHnH,1,3,4,0.25
lHnI,1,0,1,1.0
lHnL,0,2,2,0.0
lHnM,3,3,6,0.5
lHnN,3,6,9,0.33
lHnP,9,6,15,0.6
lHnS,1,1,2,0.5
lHnb,5,4,9,0.56
lHnl,4,4,8,0.5
lHnm,1,1,2,0.5
lHnn,3,3,6,0.5
lHns,5,2,7,0.71
lHsB,0,2,2,0.0
lHsD,0,0,0,
lHsH,2,2,4,0.5
lHsL,0,2,2,0.0
lHsM,1,4,5,0.2
lHsN,1,4,5,0.2
lHsP,5,2,7,0.71
lHsS,4,1,5,0.8
lHsb,1,0,1,1.0
lHsl,1,1,2,0.5
lHsm,0,5,5,0.0
lHsn,1,1,2,0.5
lHss,3,5,8,0.38
lHtB,1,0,1,1.0
lHtM,0,1,1,0.0
lHtP,1,0,1,1.0
lHtS,1,0,1,1.0
lIBB,1,1,2,0.5
lIBM,2,2,4,0.5
lIBP,0,1,1,0.0
lIBS,0,1,1,0.0
lIBj,1,0,1,1.0
lIBm,0,1,1,0.0
lIBn,0,2,2,0.0
lIDH,0,1,1,0.0
lIDP,0,1,1,0.0
lIHB,0,1,1,0.0
lIHD,0,1,1,0.0
lIHN,2,0,2,1.0
lIHP,2,1,3,0.67
lIHl,0,1,1,0.0
lIHn,0,1,1,0.0
lIHt,1,0,1,1.0
lIII,1,0,1,1.0
lILN,1,0,1,1.0
lILb,0,0,0,
lILm,1,0,1,1.0
lIML,1,0,1,1.0
lIMM,1,1,2,0.5
lIMN,1,0,1,1.0
lIMP,2,3,5,0.4
lIMb,2,0,2,1.0
lIMh,0,1,1,0.0
lIMj,0,1,1,0.0
lIMm,2,1,3,0.67
lIMn,0,1,1,0.0
lINN,1,2,3,0.33
lINP,1,1,2,0.5
lINS,2,1,3,0.67
lINb,1,2,3,0.33
lINm,0,1,1,0.0
lINn,0,1,1,0.0
lINs,0,0,0,
lIPB,1,1,2,0.5
lIPD,0,1,1,0.0
lIPH,1,0,1,1.0
lIPL,1,0,1,1.0
lIPM,1,2,3,0.33
lIPN,0,1,1,0.0
lIPP,2,0,2,1.0
lIPS,1,0,1,1.0
lIPb,0,0,0,
lIPl,1,1,2,0.5
lIPn,0,2,2,0.0
lIPs,0,0,0,
lISB,0,1,1,0.0
lISH,0,1,1,0.0
lISN,0,1,1,0.0
lISP,0,1,1,0.0
lISS,1,0,1,1.0
lISl,1,0,1,1.0
lISn,0,0,0,
lIbB,2,1,3,0.67
lIbH,0,0,0,
lIbJ,0,0,0,
lIbL,0,1,1,0.0
lIbM,0,2,2,0.0
lIbN,1,2,3,0.33
lIbP,0,1,1,0.0
lIbS,0,0,0,
lIbl,1,0,1,1.0
lIbm,1,1,2,0.5
lIbn,0,1,1,0.0
lIlM,1,0,1,1.0
lIlP,1,0,1,1.0
lImB,0,0,0,
lImH,0,1,1,0.0
lImI,1,0,1,1.0
lImL,0,1,1,0.0
lImN,1,2,3,0.33
lImP,0,1,1,0.0
lImS,0,1,1,0.0
lImm,0,1,1,0.0
lInM,0,0,0,
lInN,0,2,2,0.0
lInP,1,1,2,0.5
lInb,1,2,3,0.33
lIsH,0,1,1,0.0
lIsI,0,0,0,
lIsM,2,0,2,1.0
lIsN,1,0,1,1.0
lIsP,0,1,1,0.0
lIsS,0,1,1,0.0
lIss,0,1,1,0.0
lJBB,2,2,4,0.5
lJBL,0,1,1,0.0
lJBM,1,3,4,0.25
lJBN,0,2,2,0.0
lJBP,3,1,4,0.75
lJBb,1,1,2,0.5
lJBj,0,2,2,0.0
lJBl,0,1,1,0.0
lJBm,1,0,1,1.0
lJBn,1,1,2,0.5
lJBs,1,0,1,1.0
lJDH,1,0,1,1.0
lJDL,0,0,0,
lJDM,0,1,1,0.0
lJDN,1,0,1,1.0
lJDS,0,2,2,0.0
lJDb,2,0,2,1.0
lJHB,0,1,1,0.0
lJHL,0,0,0,
lJHM,0,1,1,0.0
lJHP,1,0,1,1.0
lJHS,2,0,2,1.0
lJHm,3,0,3,1.0
lJHn,2,0,2,1.0
lJHs,1,0,1,1.0
lJIL,0,1,1,0.0
lJIM,0,1,1,0.0
lJIN,0,2,2,0.0
lJIb,0,0,0,
lJIm,1,0,1,1.0
lJKM,1,0,1,1.0
lJKm,0,1,1,0.0
lJLB,0,1,1,0.0
lJLD,0,1,1,0.0
lJLL,0,1,1,0.0
lJLP,0,2,2,0.0
lJLS,1,0,1,1.0
lJLb,0,1,1,0.0
lJLh,0,1,1,0.0
lJLm,2,0,2,1.0
lJLn,0,2,2,0.0
lJLs,1,1,2,0.5
lJMB,2,2,4,0.5
lJML,0,1,1,0.0
lJMM,0,1,1,0.0
lJMN,0,2,2,0.0
lJMP,1,2,3,0.33
lJMS,1,0,1,1.0
lJMb,1,0,1,1.0
lJMh,2,0,2,1.0
lJMl,2,0,2,1.0
lJMm,1,1,2,0.5
lJMn,2,0,2,1.0
lJMs,1,0,1,1.0
lJNB,0,3,3,0.0
lJNL,2,1,3,0.67
lJNM,2,1,3,0.67
lJNN,2,0,2,1.0
lJNP,1,3,4,0.25
lJNS,0,1,1,0.0
lJNb,2,1,3,0.67
lJNl,3,1,4,0.75
lJNn,4,2,6,0.67
lJNs,1,0,1,1.0
lJPB,4,3,7,0.57
lJPH,0,2,2,0.0
lJPL,0,2,2,0.0
lJPM,3,1,4,0.75
lJPN,1,3,4,0.25
lJPP,6,6,12,0.5
lJPS,4,4,8,0.5
lJPb,2,2,4,0.5
lJPl,1,1,2,0.5
lJPm,0,1,1,0.0
lJPn,1,1,2,0.5
lJPs,0,2,2,0.0
lJSB,0,1,1,0.0
lJSH,0,1,1,0.0
lJSL,1,1,2,0.5
lJSM,1,3,4,0.25
lJSN,2,3,5,0.4
lJSP,3,2,5,0.6
lJSS,1,0,1,1.0
lJSb,1,2,3,0.33
lJSl,1,1,2,0.5
lJSm,4,1,5,0.8
lJSn,2,1,3,0.67
lJSs,4,2,6,0.67
lJbB,2,6,8,0.25
lJbI,1,0,1,1.0
lJbL,2,2,4,0.5
lJbM,2,2,4,0.5
lJbN,3,3,6,0.5
lJbP,4,1,5,0.8
lJbS,1,0,1,1.0
lJbb,4,0,4,1.0
lJbl,0,0,0,
lJbm,1,0,1,1.0
lJbn,2,2,4,0.5
lJbs,0,1,1,0.0
lJhL,0,1,1,0.0
lJlB,0,0,0,
lJlH,1,0,1,1.0
lJlJ,2,0,2,1.0
lJlL,1,0,1,1.0
lJlN,0,1,1,0.0
lJlP,1,0,1,1.0
lJll,3,0,3,1.0
lJlm,1,1,2,0.5
lJln,1,0,1,1.0
lJmB,1,1,2,0.5
lJmJ,2,0,2,1.0
lJmL,0,1,1,0.0
lJmM,3,2,5,0.6
lJmN,2,1,3,0.67
lJmP,5,0,5,1.0
lJmS,0,3,3,0.0
lJmb,1,3,4,0.25
lJml,0,1,1,0.0
lJmm,1,1,2,0.5
lJmn,1,1,2,0.5
lJms,0,1,1,0.0
lJnH,0,1,1,0.0
lJnK,1,0,1,1.0
lJnL,2,1,3,0.67
lJnM,1,0,1,1.0
lJnN,1,0,1,1.0
lJnP,2,1,3,0.67
lJnS,1,0,1,1.0
lJnl,0,1,1,0.0
lJnm,1,1,2,0.5
lJnn,2,1,3,0.67
lJns,0,1,1,0.0
lJsB,2,1,3,0.67
lJsH,0,2,2,0.0
lJsL,1,1,2,0.5
lJsM,0,1,1,0.0
lJsN,1,2,3,0.33
lJsP,3,1,4,0.75
lJsS,1,2,3,0.33
lJsb,3,0,3,1.0
lJsh,1,0,1,1.0
lJsl,0,1,1,0.0
lJsm,1,3,4,0.25
lJsn,0,1,1,0.0
lJss,1,3,4,0.25
lJtP,1,1,2,0.5
lJtS,0,1,1,0.0
lKBL,1,0,1,1.0
lKBS,0,0,0,
lKBb,1,1,2,0.5
lKBl,0,1,1,0.0
lKBs,1,0,1,1.0
lKKb,0,1,1,0.0
lKLm,0,1,1,0.0
lKLn,1,0,1,1.0
lKMN,1,0,1,1.0
lKMP,1,0,1,1.0
lKMj,0,1,1,0.0
lKMm,0,0,0,
lKMs,1,1,2,0.5
lKNP,0,1,1,0.0
lKNl,1,0,1,1.0
lKPB,0,1,1,0.0
lKPN,0,1,1,0.0
lKPP,1,0,1,1.0
lKPt,1,0,1,1.0
lKSP,0,1,1,0.0
lKSh,1,0,1,1.0
lKSm,0,1,1,0.0
lKbB,1,1,2,0.5
lKbN,0,0,0,
lKbb,0,1,1,0.0
lKbn,0,0,0,
lKhB,0,1,1,0.0
lKhP,0,2,2,0.0
lKhS,0,1,1,0.0
lKhh,0,1,1,0.0
lKhl,1,0,1,1.0
lKhm,1,0,1,1.0
lKlP,0,0,0,
lKmL,0,1,1,0.0
lKmN,1,0,1,1.0
lKmP,1,2,3,0.33
lKmS,0,1,1,0.0
lKmb,0,2,2,0.0
lKnL,1,0,1,1.0
lKnP,1,0,1,1.0
lKsP,1,0,1,1.0
lKsS,0,1,1,0.0
lKsl,1,1,2,0.5
lLBB,1,1,2,0.5
lLBD,0,1,1,0.0
lLBL,1,0,1,1.0
lLBM,1,2,3,0.33
lLBN,2,1,3,0.67
lLBP,3,1,4,0.75
lLBb,3,3,6,0.5
lLBh,0,1,1,0.0
lLBl,2,0,2,1.0
lLBm,4,0,4,1.0
lLBn,2,1,3,0.67
lLBs,3,2,5,0.6
lLBt,1,1,2,0.5
lLDL,1,0,1,1.0
lLDm,1,1,2,0.5
lLLB,1,6,7,0.14
lLLM,1,2,3,0.33
lLLN,4,1,5,0.8
lLLP,3,1,4,0.75
lLLS,0,1,1,0.0
lLLb,0,1,1,0.0
lLLh,0,1,1,0.0
lLLj,1,0,1,1.0
lLLl,0,1,1,0.0
lLLm,2,1,3,0.67
lLLn,0,2,2,0.0
lLLs,1,0,1,1.0
lLLt,1,0,1,1.0
lLMB,2,1,3,0.67
lLMK,0,0,0,
lLMM,1,3,4,0.25
lLMN,2,2,4,0.5
lLMP,2,5,7,0.29
lLMS,0,1,1,0.0
lLMb,5,5,10,0.5
lLMh,3,2,5,0.6
lLMj,1,1,2,0.5
lLMl,1,2,3,0.33
lLMm,5,3,8,0.62
lLMn,1,7,8,0.12
lLMs,1,4,5,0.2
lLNB,2,3,5,0.4
lLNH,2,1,3,0.67
lLNL,1,0,1,1.0
lLNM,1,3,4,0.25
lLNN,5,5,10,0.5
lLNP,1,2,3,0.33
lLNS,2,3,5,0.4
lLNb,1,6,7,0.14
lLNh,1,0,1,1.0
lLNl,1,1,2,0.5
lLNm,0,2,2,0.0
lLNn,3,3,6,0.5
lLNs,1,3,4,0.25
lLNt,1,0,1,1.0
lLPB,2,2,4,0.5
lLPD,0,1,1,0.0
lLPH,1,0,1,1.0
lLPI,2,1,3,0.67
lLPL,1,0,1,1.0
lLPM,3,2,5,0.6
lLPN,7,3,10,0.7
lLPP,6,6,12,0.5
lLPS,4,4,8,0.5
lLPb,5,1,6,0.83
lLPl,3,3,6,0.5
lLPm,3,3,6,0.5
lLPn,2,1,3,0.67
lLPs,2,4,6,0.33
lLPt,0,1,1,0.0
lLSB,1,0,1,1.0
lLSH,1,0,1,1.0
lLSL,1,1,2,0.5
lLSM,3,4,7,0.43
lLSN,1,1,2,0.5
lLSP,4,1,5,0.8
lLSS,0,3,3,0.0
lLSb,1,2,3,0.33
lLSh,1,2,3,0.33
lLSl,1,0,1,1.0
lLSm,1,4,5,0.2
lLSn,2,2,4,0.5
lLSs,4,2,6,0.67
lLSt,0,1,1,0.0
lLbB,4,1,5,0.8
lLbH,1,0,1,1.0
lLbJ,0,1,1,0.0
lLbM,1,2,3,0.33
lLbN,4,0,4,1.0
lLbP,3,3,6,0.5
lLbS,0,0,0,
lLbb,1,2,3,0.33
lLbl,2,0,2,1.0
lLbm,1,1,2,0.5
lLbn,2,3,5,0.4
lLbs,2,1,3,0.67
lLhB,2,3,5,0.4
lLhH,0,0,0,
lLhL,0,1,1,0.0
lLhM,1,0,1,1.0
lLhN,2,1,3,0.67
lLhP,1,1,2,0.5
lLhS,0,0,0,
lLhb,1,0,1,1.0
lLhh,0,3,3,0.0
lLhl,1,0,1,1.0
lLhm,2,1,3,0.67
lLhn,0,0,0,
lLhs,3,1,4,0.75
lLjB,1,1,2,0.5
lLjM,1,2,3,0.33
lLjN,0,1,1,0.0
lLjP,1,1,2,0.5
lLjS,1,1,2,0.5
lLjm,1,2,3,0.33
lLjn,1,0,1,1.0
lLjs,1,0,1,1.0
lLjt,1,0,1,1.0
lLlB,0,2,2,0.0
lLlH,2,0,2,1.0
lLlI,1,0,1,1.0
lLlJ,1,0,1,1.0
lLlL,1,1,2,0.5
lLlM,1,2,3,0.33
lLlN,1,0,1,1.0
lLlP,3,1,4,0.75
lLlS,0,2,2,0.0
lLlb,3,3,6,0.5
lLlm,1,2,3,0.33
lLln,1,0,1,1.0
lLls,3,0,3,1.0
lLmB,2,0,2,1.0
lLmD,0,1,1,0.0
lLmH,0,1,1,0.0
lLmJ,0,0,0,
lLmM,1,2,3,0.33
lLmN,1,4,5,0.2
lLmP,2,4,6,0.33
lLmS,0,2,2,0.0
lLmb,2,0,2,1.0
lLml,1,2,3,0.33
lLmm,0,2,2,0.0
lLmn,3,0,3,1.0
lLms,1,0,1,1.0
lLnB,0,1,1,0.0
lLnD,0,1,1,0.0
lLnH,1,3,4,0.25
lLnL,1,0,1,1.0
lLnM,3,3,6,0.5
lLnN,4,3,7,0.57
lLnP,3,4,7,0.43
lLnS,2,3,5,0.4
lLnb,1,5,6,0.17
lLnl,0,2,2,0.0
lLnm,2,3,5,0.4
lLnn,6,4,10,0.6
lLns,1,1,2,0.5
lLsB,0,2,2,0.0
lLsH,1,1,2,0.5
lLsI,0,1,1,0.0
lLsL,0,3,3,0.0
lLsM,2,2,4,0.5
lLsN,3,2,5,0.6
lLsP,2,2,4,0.5
lLsS,2,2,4,0.5
lLsb,1,0,1,1.0
lLsl,2,3,5,0.4
lLsm,3,2,5,0.6
lLsn,1,2,3,0.33
lLss,1,0,1,1.0
lLtB,1,0,1,1.0
lLtH,0,0,0,
lLtN,1,2,3,0.33
lLtP,2,0,2,1.0
lLtS,1,0,1,1.0
lLtb,0,0,0,
lLtl,1,0,1,1.0
lLtm,1,2,3,0.33
lLts,0,1,1,0.0
lMBB,2,9,11,0.18
lMBD,1,0,1,1.0
lMBL,2,0,2,1.0
lMBM,7,5,12,0.58
lMBN,5,8,13,0.38
lMBP,7,4,11,0.64
lMBS,7,3,10,0.7
lMBb,5,4,9,0.56
lMBj,4,2,6,0.67
lMBl,3,1,4,0.75
lMBm,2,4,6,0.33
lMBn,3,6,9,0.33
lMBs,2,2,4,0.5
lMBt,1,0,1,1.0
lMDB,0,1,1,0.0
lMDM,1,0,1,1.0
lMDP,1,2,3,0.33
lMDS,1,0,1,1.0
lMDm,1,0,1,1.0
lMDn,1,0,1,1.0
lMLB,0,2,2,0.0
lMLK,0,1,1,0.0
lMLL,1,0,1,1.0
lMLM,3,3,6,0.5
lMLN,1,0,1,1.0
lMLP,7,1,8,0.88
lMLS,1,2,3,0.33
lMLb,2,3,5,0.4
lMLh,1,1,2,0.5
lMLj,0,2,2,0.0
lMLl,1,0,1,1.0
lMLm,3,3,6,0.5
lMLn,7,2,9,0.78
lMLs,1,2,3,0.33
lMLt,1,0,1,1.0
lMMB,3,3,6,0.5
lMMD,1,0,1,1.0
lMML,3,0,3,1.0
lMMM,3,5,8,0.38
lMMN,3,0,3,1.0
lMMP,6,6,12,0.5
lMMS,2,1,3,0.67
lMMb,3,5,8,0.38
lMMh,4,2,6,0.67
lMMj,0,2,2,0.0
lMMl,2,1,3,0.67
lMMm,3,5,8,0.38
lMMn,5,5,10,0.5
lMMs,4,5,9,0.44
lMMt,4,0,4,1.0
lMNB,7,4,11,0.64
lMND,1,0,1,1.0
lMNH,0,0,0,
lMNL,0,3,3,0.0
lMNM,2,4,6,0.33
lMNN,5,5,10,0.5
lMNP,8,8,16,0.5
lMNS,0,6,6,0.0
lMNb,3,6,9,0.33
lMNh,1,0,1,1.0
lMNl,1,1,2,0.5
lMNm,7,6,13,0.54
lMNn,8,7,15,0.53
lMNs,1,1,2,0.5
lMNt,1,1,2,0.5
lMPB,3,5,8,0.38
lMPD,1,1,2,0.5
lMPH,2,1,3,0.67
lMPI,1,0,1,1.0
lMPL,3,1,4,0.75
lMPM,8,6,14,0.57
lMPN,2,6,8,0.25
lMPP,11,14,25,0.44
lMPS,2,3,5,0.4
lMPb,7,7,14,0.5
lMPh,3,0,3,1.0
lMPl,6,3,9,0.67
lMPm,2,7,9,0.22
lMPn,2,9,11,0.18
lMPs,3,3,6,0.5
lMPt,0,1,1,0.0
lMSB,3,3,6,0.5
lMSH,3,1,4,0.75
lMSL,0,2,2,0.0
lMSM,3,2,5,0.6
lMSN,5,2,7,0.71
lMSP,3,3,6,0.5
lMSS,3,2,5,0.6
lMSb,4,1,5,0.8
lMSh,1,1,2,0.5
lMSl,0,0,0,
lMSm,6,5,11,0.55
lMSn,8,5,13,0.62
lMSs,5,0,5,1.0
lMbB,0,6,6,0.0
lMbH,1,1,2,0.5
lMbI,0,1,1,0.0
lMbJ,5,3,8,0.62
lMbK,0,1,1,0.0
lMbL,2,2,4,0.5
lMbM,6,4,10,0.6
lMbN,13,9,22,0.59
lMbP,7,6,13,0.54
lMbS,2,2,4,0.5
lMbb,3,5,8,0.38
lMbl,1,4,5,0.2
lMbm,5,3,8,0.62
lMbn,6,8,14,0.43
lMbs,1,2,3,0.33
lMhB,4,3,7,0.57
lMhD,1,0,1,1.0
lMhH,1,1,2,0.5
lMhL,2,1,3,0.67
lMhM,8,3,11,0.73
lMhN,3,4,7,0.43
lMhP,6,5,11,0.55
lMhS,6,4,10,0.6
lMhb,3,3,6,0.5
lMhh,2,4,6,0.33
lMhl,5,1,6,0.83
lMhm,0,1,1,0.0
lMhn,7,4,11,0.64
lMhs,3,3,6,0.5
lMjB,1,1,2,0.5
lMjH,1,1,2,0.5
lMjL,1,3,4,0.25
lMjM,2,1,3,0.67
lMjN,1,1,2,0.5
lMjP,1,1,2,0.5
lMjS,2,1,3,0.67
lMjb,2,1,3,0.67
lMjh,0,1,1,0.0
lMjl,1,2,3,0.33
lMjm,3,0,3,1.0
lMjn,2,1,3,0.67
lMjs,1,3,4,0.25
lMlB,1,1,2,0.5
lMlD,0,0,0,
lMlH,0,1,1,0.0
lMlJ,1,0,1,1.0
lMlL,0,1,1,0.0
lMlM,4,3,7,0.57
lMlN,9,0,9,1.0
lMlP,1,1,2,0.5
lMlS,0,3,3,0.0
lMlb,3,1,4,0.75
lMlm,3,1,4,0.75
lMln,3,0,3,1.0
lMls,2,0,2,1.0
lMmB,3,5,8,0.38
lMmD,0,0,0,
lMmH,6,3,9,0.67
lMmJ,0,3,3,0.0
lMmK,1,0,1,1.0
lMmL,3,1,4,0.75
lMmM,4,5,9,0.44
lMmN,8,4,12,0.67
lMmP,7,4,11,0.64
lMmS,2,3,5,0.4
lMmb,1,5,6,0.17
lMml,3,0,3,1.0
lMmm,2,5,7,0.29
lMmn,2,4,6,0.33
lMms,4,1,5,0.8
lMnB,3,7,10,0.3
lMnD,1,0,1,1.0
lMnH,6,1,7,0.86
lMnI,2,1,3,0.67
lMnK,1,1,2,0.5
lMnL,2,3,5,0.4
lMnM,10,6,16,0.62
lMnN,17,9,26,0.65
lMnP,21,13,34,0.62
lMnS,6,8,14,0.43
lMnb,1,5,6,0.17
lMnh,0,0,0,
lMnl,2,1,3,0.67
lMnm,5,6,11,0.45
lMnn,13,6,19,0.68
lMns,4,6,10,0.4
lMsB,3,2,5,0.6
lMsH,4,7,11,0.36
lMsI,0,1,1,0.0
lMsL,2,0,2,1.0
lMsM,2,5,7,0.29
lMsN,2,5,7,0.29
lMsP,2,8,10,0.2
lMsS,3,5,8,0.38
lMsb,4,2,6,0.67
lMsl,1,0,1,1.0
lMsm,6,2,8,0.75
lMsn,6,0,6,1.0
lMss,6,1,7,0.86
lMtB,0,1,1,0.0
lMtH,0,0,0,
lMtM,1,1,2,0.5
lMtN,1,0,1,1.0
lMtP,0,2,2,0.0
lMtS,0,1,1,0.0
lMtl,0,1,1,0.0
lMtm,0,1,1,0.0
lMtn,0,1,1,0.0
lMts,1,0,1,1.0
lNBB,5,5,10,0.5
lNBL,3,1,4,0.75
lNBM,4,4,8,0.5
lNBN,9,3,12,0.75
lNBP,6,8,14,0.43
lNBS,3,5,8,0.38
lNBb,4,6,10,0.4
lNBh,1,1,2,0.5
lNBj,3,1,4,0.75
lNBl,1,3,4,0.25
lNBm,5,5,10,0.5
lNBn,8,4,12,0.67
lNBs,3,4,7,0.43
lNBt,1,1,2,0.5
lNDH,0,1,1,0.0
lNDL,0,1,1,0.0
lNDN,4,1,5,0.8
lNDP,0,1,1,0.0
lNDS,2,0,2,1.0
lNDb,1,0,1,1.0
lNDl,1,0,1,1.0
lNDm,0,0,0,
lNDn,1,1,2,0.5
lNHB,2,0,2,1.0
lNHH,0,1,1,0.0
lNHL,1,0,1,1.0
lNHM,1,3,4,0.25
lNHN,2,3,5,0.4
lNHP,2,3,5,0.4
lNHS,0,2,2,0.0
lNHh,0,1,1,0.0
lNHl,1,1,2,0.5
lNHn,1,3,4,0.25
lNHs,1,0,1,1.0
lNHt,1,0,1,1.0
lNKM,0,2,2,0.0
lNKN,1,0,1,1.0
lNKP,0,1,1,0.0
lNKS,1,0,1,1.0
lNKh,1,0,1,1.0
lNKl,0,1,1,0.0
lNLB,2,1,3,0.67
lNLL,5,0,5,1.0
lNLM,2,5,7,0.29
lNLN,3,2,5,0.6
lNLP,3,4,7,0.43
lNLS,5,0,5,1.0
lNLb,4,3,7,0.57
lNLh,2,0,2,1.0
lNLl,1,2,3,0.33
lNLm,3,3,6,0.5
lNLn,5,3,8,0.62
lNLs,2,3,5,0.4
lNLt,0,0,0,
lNMB,2,1,3,0.67
lNMD,1,0,1,1.0
lNML,1,4,5,0.2
lNMM,6,3,9,0.67
lNMN,2,7,9,0.22
lNMP,8,8,16,0.5
lNMS,2,2,4,0.5
lNMb,6,3,9,0.67
lNMh,3,4,7,0.43
lNMl,1,3,4,0.25
lNMm,5,3,8,0.62
lNMn,11,10,21,0.52
lNMs,4,6,10,0.4
lNMt,0,0,0,
lNNB,3,2,5,0.6
lNND,1,2,3,0.33
lNNH,1,0,1,1.0
lNNK,0,2,2,0.0
lNNL,4,4,8,0.5
lNNM,9,8,17,0.53
lNNN,10,8,18,0.56
lNNP,7,13,20,0.35
lNNS,5,6,11,0.45
lNNb,7,5,12,0.58
lNNh,3,2,5,0.6
lNNl,3,0,3,1.0
lNNm,5,7,12,0.42
lNNn,5,6,11,0.45
lNNs,5,6,11,0.45
lNNt,1,4,5,0.2
lNPB,7,5,12,0.58
lNPH,5,3,8,0.62
lNPK,1,4,5,0.2
lNPL,7,3,10,0.7
lNPM,13,11,24,0.54
lNPN,17,9,26,0.65
lNPP,13,22,35,0.37
lNPS,9,8,17,0.53
lNPb,14,9,23,0.61
lNPh,0,3,3,0.0
lNPl,6,5,11,0.55
lNPm,7,9,16,0.44
lNPn,10,16,26,0.38
lNPs,10,4,14,0.71
lNPt,2,1,3,0.67
lNSB,2,4,6,0.33
lNSD,0,0,0,
lNSH,2,1,3,0.67
lNSL,2,2,4,0.5
lNSM,3,5,8,0.38
lNSN,4,2,6,0.67
lNSP,5,5,10,0.5
lNSS,5,2,7,0.71
lNSb,4,4,8,0.5
lNSh,4,4,8,0.5
lNSl,0,1,1,0.0
lNSm,1,2,3,0.33
lNSn,3,6,9,0.33
lNSs,7,3,10,0.7
lNSt,3,0,3,1.0
lNbB,5,6,11,0.45
lNbH,0,2,2,0.0
lNbI,0,1,1,0.0
lNbJ,2,3,5,0.4
lNbL,4,1,5,0.8
lNbM,7,3,10,0.7
lNbN,4,2,6,0.67
lNbP,12,6,18,0.67
lNbS,4,5,9,0.44
lNbb,4,3,7,0.57
lNbh,0,1,1,0.0
lNbm,9,3,12,0.75
lNbn,6,4,10,0.6
lNbs,3,0,3,1.0
lNhB,0,0,0,
lNhD,0,1,1,0.0
lNhH,0,1,1,0.0
lNhL,0,1,1,0.0
lNhM,1,0,1,1.0
lNhN,1,3,4,0.25
lNhS,1,1,2,0.5
lNhb,1,5,6,0.17
lNhh,2,1,3,0.67
lNhl,1,0,1,1.0
lNhm,2,2,4,0.5
lNhn,1,1,2,0.5
lNhs,0,3,3,0.0
lNlB,5,3,8,0.62
lNlD,1,1,2,0.5
lNlH,1,0,1,1.0
lNlI,0,1,1,0.0
lNlJ,0,0,0,
lNlL,1,3,4,0.25
lNlM,0,1,1,0.0
lNlN,3,3,6,0.5
lNlP,3,0,3,1.0
lNlS,1,2,3,0.33
lNlb,3,2,5,0.6
lNll,1,0,1,1.0
lNlm,4,0,4,1.0
lNln,4,5,9,0.44
lNls,2,1,3,0.67
lNmB,7,6,13,0.54
lNmH,1,3,4,0.25
lNmI,0,1,1,0.0
lNmJ,1,1,2,0.5
lNmL,2,4,6,0.33
lNmM,4,5,9,0.44
lNmN,8,5,13,0.62
lNmP,14,10,24,0.58
lNmS,6,1,7,0.86
lNmb,7,6,13,0.54
lNml,3,0,3,1.0
lNmm,4,2,6,0.67
lNmn,6,5,11,0.55
lNms,4,2,6,0.67
lNnB,5,4,9,0.56
lNnD,1,1,2,0.5
lNnH,6,6,12,0.5
lNnI,1,0,1,1.0
lNnL,7,2,9,0.78
lNnM,9,7,16,0.56
lNnN,9,10,19,0.47
lNnP,8,12,20,0.4
lNnS,4,9,13,0.31
lNnb,8,9,17,0.47
lNnl,3,0,3,1.0
lNnm,3,6,9,0.33
lNnn,8,7,15,0.53
lNns,5,4,9,0.56
lNsB,1,2,3,0.33
lNsH,4,4,8,0.5
lNsI,2,1,3,0.67
lNsL,4,3,7,0.57
lNsM,7,4,11,0.64
lNsN,5,6,11,0.45
lNsP,5,5,10,0.5
lNsS,9,5,14,0.64
lNsb,4,3,7,0.57
lNsl,0,1,1,0.0
lNsm,4,4,8,0.5
lNsn,1,2,3,0.33
lNss,3,4,7,0.43
lNtB,1,0,1,1.0
lNtH,0,1,1,0.0
lNtL,0,1,1,0.0
lNtM,1,2,3,0.33
lNtN,0,2,2,0.0
lNtS,0,1,1,0.0
lNtb,0,2,2,0.0
lNtm,1,0,1,1.0
lNtn,2,1,3,0.67
lNts,2,2,4,0.5
lNtt,1,0,1,1.0
lPBB,4,4,8,0.5
lPBD,0,1,1,0.0
lPBL,3,2,5,0.6
lPBM,4,10,14,0.29
lPBN,2,6,8,0.25
lPBP,8,12,20,0.4
lPBS,4,4,8,0.5
lPBb,9,6,15,0.6
lPBj,2,4,6,0.33
lPBl,7,1,8,0.88
lPBm,6,9,15,0.4
lPBn,12,5,17,0.71
lPBs,5,6,11,0.45
lPBt,2,0,2,1.0
lPDB,0,1,1,0.0
lPDL,0,1,1,0.0
lPDP,1,2,3,0.33
lPDS,0,1,1,0.0
lPDm,0,1,1,0.0
lPDn,0,1,1,0.0
lPDs,1,1,2,0.5
lPDt,1,1,2,0.5
lPHB,1,1,2,0.5
lPHD,0,0,0,
lPHH,0,3,3,0.0
lPHK,0,1,1,0.0
lPHM,3,1,4,0.75
lPHN,2,1,3,0.67
lPHP,1,2,3,0.33
lPHS,1,3,4,0.25
lPHb,4,1,5,0.8
lPHh,1,0,1,1.0
lPHl,1,0,1,1.0
lPHm,0,1,1,0.0
lPHn,0,5,5,0.0
lPIB,1,1,2,0.5
lPID,1,0,1,1.0
lPIH,0,1,1,0.0
lPIM,0,3,3,0.0
lPIN,1,3,4,0.25
lPIP,2,0,2,1.0
lPIS,0,1,1,0.0
lPIb,1,1,2,0.5
lPIh,0,0,0,
lPIl,1,2,3,0.33
lPIm,0,1,1,0.0
lPKB,0,1,1,0.0
lPKM,0,2,2,0.0
lPKP,2,1,3,0.67
lPKS,0,0,0,
lPKn,0,1,1,0.0
lPKt,0,0,0,
lPLB,5,1,6,0.83
lPLL,2,2,4,0.5
lPLM,0,5,5,0.0
lPLN,1,2,3,0.33
lPLP,2,4,6,0.33
lPLS,2,1,3,0.67
lPLb,2,5,7,0.29
lPLh,1,2,3,0.33
lPLj,1,0,1,1.0
lPLl,4,2,6,0.67
lPLm,4,2,6,0.67
lPLn,5,2,7,0.71
lPLs,3,3,6,0.5
lPLt,1,0,1,1.0
lPMB,5,5,10,0.5
lPML,4,3,7,0.57
lPMM,5,5,10,0.5
lPMN,8,7,15,0.53
lPMP,13,10,23,0.57
lPMS,2,4,6,0.33
lPMb,6,13,19,0.32
lPMh,6,5,11,0.55
lPMj,4,3,7,0.57
lPMl,2,1,3,0.67
lPMm,8,5,13,0.62
lPMn,9,5,14,0.64
lPMs,5,2,7,0.71
lPMt,1,1,2,0.5
lPNB,9,5,14,0.64
lPND,1,2,3,0.33
lPNH,1,1,2,0.5
lPNK,0,1,1,0.0
lPNL,6,7,13,0.46
lPNM,6,5,11,0.55
lPNN,7,8,15,0.47
lPNP,10,12,22,0.45
lPNS,6,3,9,0.67
lPNb,10,13,23,0.43
lPNh,2,2,4,0.5
lPNl,3,4,7,0.43
lPNm,8,5,13,0.62
lPNn,12,10,22,0.55
lPNs,7,6,13,0.54
lPNt,2,3,5,0.4
lPPB,16,12,28,0.57
lPPD,1,1,2,0.5
lPPH,3,3,6,0.5
lPPI,3,0,3,1.0
lPPK,1,0,1,1.0
lPPL,9,11,20,0.45
lPPM,14,14,28,0.5
lPPN,15,7,22,0.68
lPPP,28,16,44,0.64
lPPS,9,9,18,0.5
lPPb,14,11,25,0.56
lPPh,0,4,4,0.0
lPPl,6,4,10,0.6
lPPm,7,3,10,0.7
lPPn,7,6,13,0.54
lPPs,10,9,19,0.53
lPPt,0,1,1,0.0
lPSB,1,5,6,0.17
lPSD,0,1,1,0.0
lPSH,2,4,6,0.33
lPSI,0,1,1,0.0
lPSL,3,0,3,1.0
lPSM,3,4,7,0.43
lPSN,3,4,7,0.43
lPSP,12,10,22,0.55
lPSS,4,4,8,0.5
lPSb,7,2,9,0.78
lPSh,0,4,4,0.0
lPSl,3,2,5,0.6
lPSm,8,3,11,0.73
lPSn,6,3,9,0.67
lPSs,6,1,7,0.86
lPbB,12,6,18,0.67
lPbH,0,1,1,0.0
lPbI,0,1,1,0.0
lPbJ,1,4,5,0.2
lPbL,9,3,12,0.75
lPbM,8,7,15,0.53
lPbN,6,7,13,0.46
lPbP,15,5,20,0.75
lPbS,1,3,4,0.25
lPbb,15,5,20,0.75
lPbl,5,5,10,0.5
lPbm,4,0,4,1.0
lPbn,5,5,10,0.5
lPbs,2,1,3,0.67
lPhB,3,1,4,0.75
lPhM,0,0,0,
lPhN,0,1,1,0.0
lPhS,0,0,0,
lPhl,0,0,0,
lPhn,0,1,1,0.0
lPhs,0,2,2,0.0
lPlB,3,3,6,0.5
lPlH,2,3,5,0.4
lPlI,3,0,3,1.0
lPlJ,1,1,2,0.5
lPlL,4,0,4,1.0
lPlM,7,6,13,0.54
lPlN,4,4,8,0.5
lPlP,4,7,11,0.36
lPlS,7,0,7,1.0
lPlb,4,7,11,0.36
lPll,3,1,4,0.75
lPlm,0,2,2,0.0
lPln,0,2,2,0.0
lPls,3,1,4,0.75
lPmB,3,3,6,0.5
lPmD,1,0,1,1.0
lPmH,2,6,8,0.25
lPmI,2,0,2,1.0
lPmJ,3,3,6,0.5
lPmL,6,0,6,1.0
lPmM,4,9,13,0.31
lPmN,5,6,11,0.45
lPmP,9,4,13,0.69
lPmS,4,1,5,0.8
lPmb,7,4,11,0.64
lPml,1,3,4,0.25
lPmm,4,2,6,0.67
lPmn,4,5,9,0.44
lPms,0,1,1,0.0
lPnB,7,5,12,0.58
lPnD,1,0,1,1.0
lPnH,2,3,5,0.4
lPnI,0,2,2,0.0
lPnK,0,2,2,0.0
lPnL,1,1,2,0.5
lPnM,12,6,18,0.67
lPnN,4,9,13,0.31
lPnP,7,17,24,0.29
lPnS,3,7,10,0.3
lPnb,7,5,12,0.58
lPnl,1,4,5,0.2
lPnm,6,5,11,0.55
lPnn,6,3,9,0.67
lPns,3,1,4,0.75
lPsB,3,1,4,0.75
lPsD,0,1,1,0.0
lPsH,3,2,5,0.6
lPsI,2,1,3,0.67
lPsK,0,0,0,
lPsL,0,1,1,0.0
lPsM,1,3,4,0.25
lPsN,4,3,7,0.57
lPsP,9,13,22,0.41
lPsS,6,4,10,0.6
lPsb,3,2,5,0.6
lPsh,0,0,0,
lPsl,6,1,7,0.86
lPsm,6,6,12,0.5
lPsn,2,5,7,0.29
lPss,2,2,4,0.5
lPtB,1,1,2,0.5
lPtD,0,2,2,0.0
lPtL,1,0,1,1.0
lPtN,0,2,2,0.0
lPtP,1,2,3,0.33
lPtS,1,0,1,1.0
lPtb,0,1,1,0.0
lPtm,1,0,1,1.0
lSBB,4,5,9,0.44
lSBD,2,0,2,1.0
lSBK,0,1,1,0.0
lSBL,2,2,4,0.5
lSBM,1,3,4,0.25
lSBN,5,1,6,0.83
lSBP,4,3,7,0.57
lSBS,2,4,6,0.33
lSBb,0,5,5,0.0
lSBh,0,1,1,0.0
lSBj,1,1,2,0.5
lSBl,3,0,3,1.0
lSBm,2,3,5,0.4
lSBn,5,5,10,0.5
lSBs,1,1,2,0.5
lSBt,0,1,1,0.0
lSDH,0,1,1,0.0
lSDL,1,0,1,1.0
lSDN,1,0,1,1.0
lSDP,1,0,1,1.0
lSDS,0,1,1,0.0
lSDn,0,1,1,0.0
lSDs,1,0,1,1.0
lSHB,1,1,2,0.5
lSHD,0,1,1,0.0
lSHH,0,2,2,0.0
lSHI,0,0,0,
lSHL,1,0,1,1.0
lSHM,2,1,3,0.67
lSHN,0,1,1,0.0
lSHP,0,2,2,0.0
lSHS,3,0,3,1.0
lSHb,4,0,4,1.0
lSHm,1,2,3,0.33
lSHs,0,0,0,
lSIP,0,1,1,0.0
lSKP,0,1,1,0.0
lSLB,0,6,6,0.0
lSLD,1,0,1,1.0
lSLH,0,0,0,
lSLL,2,1,3,0.67
lSLM,1,3,4,0.25
lSLN,3,1,4,0.75
lSLP,1,2,3,0.33
lSLS,1,0,1,1.0
lSLb,1,1,2,0.5
lSLj,0,1,1,0.0
lSLl,1,0,1,1.0
lSLm,3,2,5,0.6
lSLn,2,1,3,0.67
lSLs,1,0,1,1.0
lSMB,3,4,7,0.43
lSMD,1,0,1,1.0
lSMK,0,1,1,0.0
lSMM,3,4,7,0.43
lSMN,2,3,5,0.4
lSMP,4,3,7,0.57
lSMS,1,4,5,0.2
lSMb,5,6,11,0.45
lSMh,2,2,4,0.5
lSMj,2,1,3,0.67
lSMl,1,1,2,0.5
lSMm,6,4,10,0.6
lSMn,6,7,13,0.46
lSMs,1,1,2,0.5
lSMt,1,0,1,1.0
lSNB,3,3,6,0.5
lSNH,0,1,1,0.0
lSNI,0,0,0,
lSNM,0,7,7,0.0
lSNN,4,5,9,0.44
lSNP,4,8,12,0.33
lSNS,5,6,11,0.45
lSNb,3,4,7,0.43
lSNh,2,1,3,0.67
lSNl,0,1,1,0.0
lSNm,3,5,8,0.38
lSNn,9,3,12,0.75
lSNs,4,4,8,0.5
lSNt,0,1,1,0.0
lSPB,5,3,8,0.62
lSPD,2,1,3,0.67
lSPH,4,2,6,0.67
lSPK,1,1,2,0.5
lSPL,2,4,6,0.33
lSPM,6,4,10,0.6
lSPN,4,8,12,0.33
lSPP,5,12,17,0.29
lSPS,2,6,8,0.25
lSPb,2,12,14,0.14
lSPh,2,0,2,1.0
lSPl,4,1,5,0.8
lSPm,4,2,6,0.67
lSPn,8,5,13,0.62
lSPs,8,6,14,0.57
lSPt,0,0,0,
lSSB,5,4,9,0.56
lSSD,0,0,0,
lSSH,1,1,2,0.5
lSSL,3,5,8,0.38
lSSM,1,5,6,0.17
lSSN,6,2,8,0.75
lSSP,2,4,6,0.33
lSSS,7,6,13,0.54
lSSb,4,2,6,0.67
lSSh,4,0,4,1.0
lSSl,2,0,2,1.0
lSSm,3,3,6,0.5
lSSn,3,7,10,0.3
lSSs,7,5,12,0.58
lSSt,0,1,1,0.0
lSbB,9,3,12,0.75
lSbD,0,1,1,0.0
lSbH,2,0,2,1.0
lSbK,0,0,0,
lSbL,1,4,5,0.2
lSbM,2,4,6,0.33
lSbN,4,5,9,0.44
lSbP,2,3,5,0.4
lSbS,2,4,6,0.33
lSbb,6,6,12,0.5
lSbl,0,0,0,
lSbm,4,7,11,0.36
lSbn,5,3,8,0.62
lSbs,3,2,5,0.6
lShB,2,2,4,0.5
lShH,0,1,1,0.0
lShL,0,0,0,
lShM,2,1,3,0.67
lShN,2,1,3,0.67
lShP,3,4,7,0.43
lShb,3,0,3,1.0
lShh,0,3,3,0.0
lShl,0,2,2,0.0
lShm,1,1,2,0.5
lShn,4,1,5,0.8
lShs,7,2,9,0.78
lSht,1,0,1,1.0
lSlB,0,4,4,0.0
lSlH,1,1,2,0.5
lSlJ,1,0,1,1.0
lSlL,2,1,3,0.67
lSlM,2,5,7,0.29
lSlN,1,3,4,0.25
lSlP,1,2,3,0.33
lSlb,1,1,2,0.5
lSll,2,0,2,1.0
lSlm,2,2,4,0.5
lSln,1,0,1,1.0
lSls,1,2,3,0.33
lSmB,4,5,9,0.44
lSmD,0,1,1,0.0
lSmH,2,2,4,0.5
lSmI,0,0,0,
lSmJ,2,0,2,1.0
lSmL,3,2,5,0.6
lSmM,3,3,6,0.5
lSmN,1,6,7,0.14
lSmP,3,3,6,0.5
lSmS,2,1,3,0.67
lSmb,2,3,5,0.4
lSmm,2,1,3,0.67
lSmn,4,1,5,0.8
lSms,1,0,1,1.0
lSnB,4,6,10,0.4
lSnH,0,2,2,0.0
lSnI,2,1,3,0.67
lSnL,1,0,1,1.0
lSnM,1,9,10,0.1
lSnN,5,3,8,0.62
lSnP,13,7,20,0.65
lSnS,5,2,7,0.71
lSnb,5,3,8,0.62
lSnl,4,3,7,0.57
lSnm,0,3,3,0.0
lSnn,2,3,5,0.4
lSns,3,5,8,0.38
lSsB,1,2,3,0.33
lSsH,6,3,9,0.67
lSsI,1,0,1,1.0
lSsL,3,3,6,0.5
lSsM,5,5,10,0.5
lSsN,7,4,11,0.64
lSsP,6,6,12,0.5
lSsS,4,4,8,0.5
lSsb,4,6,10,0.4
lSsl,4,2,6,0.67
lSsm,7,2,9,0.78
lSsn,5,2,7,0.71
lSss,6,4,10,0.6
lStB,1,0,1,1.0
lStD,1,0,1,1.0
lStK,0,0,0,
lStL,2,0,2,1.0
lStM,0,1,1,0.0
lStN,1,0,1,1.0
lStP,0,3,3,0.0
lStS,0,0,0,
lStb,2,1,3,0.67
lStl,1,0,1,1.0
lStm,1,2,3,0.33
lStn,1,1,2,0.5
lSts,1,1,2,0.5
lStt,1,0,1,1.0
lbBB,4,4,8,0.5
lbBK,0,0,0,
lbBL,1,3,4,0.25
lbBM,3,5,8,0.38
lbBN,2,7,9,0.22
lbBP,15,7,22,0.68
lbBS,4,3,7,0.57
lbBb,12,4,16,0.75
lbBh,2,0,2,1.0
lbBj,1,0,1,1.0
lbBl,3,0,3,1.0
lbBm,5,5,10,0.5
lbBn,10,6,16,0.62
lbBs,4,2,6,0.67
lbDB,0,0,0,
lbDM,0,0,0,
lbDs,1,0,1,1.0
lbHK,1,0,1,1.0
lbHL,1,0,1,1.0
lbHM,3,0,3,1.0
lbHN,0,3,3,0.0
lbHP,3,0,3,1.0
lbHS,1,0,1,1.0
lbHb,3,1,4,0.75
lbHl,0,1,1,0.0
lbHm,1,0,1,1.0
lbHn,1,0,1,1.0
lbHs,1,0,1,1.0
lbIB,0,1,1,0.0
lbID,1,0,1,1.0
lbIH,1,0,1,1.0
lbIL,0,1,1,0.0
lbIM,0,1,1,0.0
lbIN,0,2,2,0.0
lbIP,2,0,2,1.0
lbIS,1,0,1,1.0
lbIn,1,0,1,1.0
lbJB,3,3,6,0.5
lbJH,0,1,1,0.0
lbJL,2,0,2,1.0
lbJM,1,0,1,1.0
lbJN,3,1,4,0.75
lbJP,4,4,8,0.5
lbJS,1,2,3,0.33
lbJb,2,3,5,0.4
lbJm,2,0,2,1.0
lbJn,1,1,2,0.5
lbJs,2,0,2,1.0
lbKD,0,0,0,
lbKM,1,0,1,1.0
lbKN,1,0,1,1.0
lbKb,2,2,4,0.5
lbKl,2,0,2,1.0
lbLB,2,2,4,0.5
lbLL,2,1,3,0.67
lbLM,2,1,3,0.67
lbLN,1,2,3,0.33
lbLP,5,4,9,0.56
lbLS,4,3,7,0.57
lbLb,1,0,1,1.0
lbLh,3,2,5,0.6
lbLj,1,2,3,0.33
lbLl,2,1,3,0.67
lbLm,2,0,2,1.0
lbLn,3,3,6,0.5
lbLs,2,0,2,1.0
lbMB,5,4,9,0.56
lbMD,0,1,1,0.0
lbML,2,1,3,0.67
lbMM,4,7,11,0.36
lbMN,7,6,13,0.54
lbMP,14,7,21,0.67
lbMS,5,6,11,0.45
lbMb,4,4,8,0.5
lbMh,1,4,5,0.2
lbMj,2,1,3,0.67
lbMl,3,5,8,0.38
lbMm,6,3,9,0.67
lbMn,4,10,14,0.29
lbMs,7,4,11,0.64
lbMt,1,1,2,0.5
lbNB,4,10,14,0.29
lbNH,1,1,2,0.5
lbNK,2,0,2,1.0
lbNL,3,2,5,0.6
lbNM,5,11,16,0.31
lbNN,3,9,12,0.25
lbNP,12,12,24,0.5
lbNS,4,3,7,0.57
lbNb,10,9,19,0.53
lbNh,4,3,7,0.57
lbNl,4,4,8,0.5
lbNm,5,7,12,0.42
lbNn,13,8,21,0.62
lbNs,2,1,3,0.67
lbNt,4,3,7,0.57
lbPB,8,12,20,0.4
lbPD,0,1,1,0.0
lbPH,1,0,1,1.0
lbPI,1,2,3,0.33
lbPL,5,2,7,0.71
lbPM,6,7,13,0.46
lbPN,7,9,16,0.44
lbPP,17,17,34,0.5
lbPS,5,6,11,0.45
lbPb,13,12,25,0.52
lbPh,1,0,1,1.0
lbPl,3,1,4,0.75
lbPm,7,5,12,0.58
lbPn,8,7,15,0.53
lbPs,5,0,5,1.0
lbPt,1,0,1,1.0
lbSB,2,2,4,0.5
lbSD,1,1,2,0.5
lbSH,1,1,2,0.5
lbSL,1,0,1,1.0
lbSM,2,1,3,0.67
lbSN,1,0,1,1.0
lbSP,3,4,7,0.43
lbSS,2,3,5,0.4
lbSb,1,3,4,0.25
lbSh,1,2,3,0.33
lbSl,1,1,2,0.5
lbSm,2,1,3,0.67
lbSn,1,4,5,0.2
lbSs,5,0,5,1.0
lbSt,1,0,1,1.0
lbbB,9,9,18,0.5
lbbD,1,1,2,0.5
lbbH,2,2,4,0.5
lbbI,0,0,0,
lbbJ,1,0,1,1.0
lbbK,0,1,1,0.0
lbbL,2,5,7,0.29
lbbM,7,2,9,0.78
lbbN,11,5,16,0.69
lbbP,15,7,22,0.68
lbbS,0,3,3,0.0
lbbb,10,7,17,0.59
lbbl,2,3,5,0.4
lbbm,7,1,8,0.88
lbbn,9,7,16,0.56
lbbs,3,4,7,0.43
lblB,1,2,3,0.33
lblI,0,1,1,0.0
lblJ,0,0,0,
lblL,1,0,1,1.0
lblM,3,2,5,0.6
lblN,5,2,7,0.71
lblP,6,3,9,0.67
lblS,1,1,2,0.5
lblb,1,0,1,1.0
lbll,0,1,1,0.0
lblm,2,3,5,0.4
lbln,1,0,1,1.0
lbls,3,1,4,0.75
lbmB,2,3,5,0.4
lbmH,3,5,8,0.38
lbmJ,0,1,1,0.0
lbmM,1,6,7,0.14
lbmN,6,8,14,0.43
lbmP,5,4,9,0.56
lbmS,1,4,5,0.2
lbmb,10,2,12,0.83
lbml,2,0,2,1.0
lbmm,3,2,5,0.6
lbmn,5,5,10,0.5
lbms,0,0,0,
lbnB,6,3,9,0.67
lbnD,1,1,2,0.5
lbnH,1,1,2,0.5
lbnI,0,1,1,0.0
lbnK,1,0,1,1.0
lbnL,4,2,6,0.67
lbnM,1,6,7,0.14
lbnN,10,3,13,0.77
lbnP,6,5,11,0.55
lbnS,7,2,9,0.78
lbnb,10,8,18,0.56
lbnl,1,1,2,0.5
lbnm,4,3,7,0.57
lbnn,5,6,11,0.45
lbns,2,3,5,0.4
lbsB,1,1,2,0.5
lbsH,2,2,4,0.5
lbsL,2,2,4,0.5
lbsM,3,3,6,0.5
lbsN,2,2,4,0.5
lbsP,6,2,8,0.75
lbsS,2,3,5,0.4
lbsb,0,3,3,0.0
lbsh,1,0,1,1.0
lbsl,2,1,3,0.67
lbsm,2,0,2,1.0
lbsn,2,0,2,1.0
lbss,4,4,8,0.5
lhHB,0,1,1,0.0
lhSS,0,1,1,0.0
llBB,2,5,7,0.29
llBL,0,1,1,0.0
llBM,2,2,4,0.5
llBN,1,4,5,0.2
llBP,2,4,6,0.33
llBS,1,0,1,1.0
llBb,1,2,3,0.33
llBh,1,0,1,1.0
llBj,0,3,3,0.0
llBl,4,1,5,0.8
llBm,1,2,3,0.33
llBn,5,2,7,0.71
llBs,0,3,3,0.0
llBt,0,0,0,
llDH,1,1,2,0.5
llDM,2,1,3,0.67
llDb,0,0,0,
llHB,0,2,2,0.0
llHH,1,0,1,1.0
llHK,1,0,1,1.0
llHL,1,3,4,0.25
llHM,0,1,1,0.0
llHN,0,1,1,0.0
llHP,1,2,3,0.33
llHS,1,1,2,0.5
llHb,3,0,3,1.0
llHl,1,0,1,1.0
llHm,3,1,4,0.75
llHn,1,1,2,0.5
llHs,1,0,1,1.0
llIH,2,0,2,1.0
llIP,0,1,1,0.0
llIm,1,0,1,1.0
llJB,0,0,0,
llJH,0,1,1,0.0
llJI,0,1,1,0.0
llJM,0,0,0,
llJP,1,0,1,1.0
llJS,0,1,1,0.0
llJb,0,2,2,0.0
llJm,0,1,1,0.0
llLB,0,1,1,0.0
llLL,1,0,1,1.0
llLM,0,2,2,0.0
llLP,2,1,3,0.67
llLS,1,1,2,0.5
llLb,2,1,3,0.67
llLl,1,0,1,1.0
llLm,0,0,0,
llLn,2,1,3,0.67
llLs,0,2,2,0.0
llMB,6,1,7,0.86
llML,1,2,3,0.33
llMM,3,1,4,0.75
llMN,2,2,4,0.5
llMP,2,4,6,0.33
llMS,0,1,1,0.0
llMb,2,2,4,0.5
llMh,1,2,3,0.33
llMj,1,0,1,1.0
llMl,1,1,2,0.5
llMm,2,2,4,0.5
llMn,4,3,7,0.57
llMs,1,2,3,0.33
llNB,1,4,5,0.2
llNH,1,3,4,0.25
llNL,1,1,2,0.5
llNM,1,3,4,0.25
llNN,3,1,4,0.75
llNP,3,3,6,0.5
llNS,2,3,5,0.4
llNb,1,3,4,0.25
llNl,1,0,1,1.0
llNm,2,2,4,0.5
llNn,4,1,5,0.8
llNs,2,2,4,0.5
llPB,2,9,11,0.18
llPD,1,0,1,1.0
llPH,0,0,0,
llPI,0,1,1,0.0
llPK,0,1,1,0.0
llPL,2,0,2,1.0
llPM,1,4,5,0.2
llPN,1,2,3,0.33
llPP,4,3,7,0.57
llPS,1,2,3,0.33
llPb,3,0,3,1.0
llPl,4,2,6,0.67
llPm,3,0,3,1.0
llPn,0,1,1,0.0
llPs,2,2,4,0.5
llSB,1,0,1,1.0
llSH,0,1,1,0.0
llSL,3,1,4,0.75
llSM,0,0,0,
llSN,1,0,1,1.0
llSP,6,4,10,0.6
llSS,3,1,4,0.75
llSb,1,2,3,0.33
llSh,1,1,2,0.5
llSl,1,0,1,1.0
llSm,2,1,3,0.67
llSn,2,1,3,0.67
llSs,0,2,2,0.0
llSt,0,1,1,0.0
llbB,2,3,5,0.4
llbH,2,0,2,1.0
llbJ,3,0,3,1.0
llbK,0,1,1,0.0
llbM,2,3,5,0.4
llbN,4,5,9,0.44
llbP,6,6,12,0.5
llbS,3,0,3,1.0
llbb,1,4,5,0.2
llbl,1,1,2,0.5
llbm,0,2,2,0.0
llbn,5,2,7,0.71
llbs,4,1,5,0.8
lllB,0,2,2,0.0
lllD,1,1,2,0.5
lllJ,0,1,1,0.0
lllM,3,3,6,0.5
lllN,0,2,2,0.0
lllP,1,0,1,1.0
lllS,2,1,3,0.67
lllb,2,1,3,0.67
llll,1,1,2,0.5
lllm,1,0,1,1.0
llln,1,2,3,0.33
llls,1,0,1,1.0
llmB,1,3,4,0.25
llmH,1,0,1,1.0
llmJ,0,1,1,0.0
llmL,1,1,2,0.5
llmM,2,0,2,1.0
llmN,6,1,7,0.86
llmP,3,2,5,0.6
llmS,1,0,1,1.0
llmb,2,0,2,1.0
llml,1,2,3,0.33
llmm,3,0,3,1.0
llmn,2,1,3,0.67
llms,2,3,5,0.4
llnB,2,0,2,1.0
llnD,1,0,1,1.0
llnH,0,2,2,0.0
llnK,1,0,1,1.0
llnL,0,3,3,0.0
llnM,1,1,2,0.5
llnN,2,2,4,0.5
llnP,1,1,2,0.5
llnS,1,1,2,0.5
llnb,2,3,5,0.4
llnl,0,1,1,0.0
llnm,2,2,4,0.5
llnn,1,2,3,0.33
llsB,1,2,3,0.33
llsD,0,1,1,0.0
llsI,1,0,1,1.0
llsM,2,1,3,0.67
llsN,0,1,1,0.0
llsP,1,3,4,0.25
llsS,0,0,0,
llsb,2,1,3,0.67
llsl,2,0,2,1.0
llsm,3,0,3,1.0
llsn,1,0,1,1.0
llss,0,2,2,0.0
lmBB,1,1,2,0.5
lmBD,1,1,2,0.5
lmBH,1,0,1,1.0
lmBL,0,2,2,0.0
lmBM,2,2,4,0.5
lmBN,6,5,11,0.55
lmBP,6,8,14,0.43
lmBS,6,3,9,0.67
lmBb,5,6,11,0.45
lmBh,1,1,2,0.5
lmBj,1,1,2,0.5
lmBl,1,1,2,0.5
lmBm,2,2,4,0.5
lmBn,5,7,12,0.42
lmBs,2,1,3,0.67
lmBt,1,0,1,1.0
lmDH,0,1,1,0.0
lmDL,0,1,1,0.0
lmDM,0,0,0,
lmDN,0,3,3,0.0
lmDP,1,0,1,1.0
lmDS,0,2,2,0.0
lmDb,0,1,1,0.0
lmDm,2,0,2,1.0
lmDn,0,1,1,0.0
lmHB,0,2,2,0.0
lmHH,0,3,3,0.0
lmHL,1,1,2,0.5
lmHM,3,3,6,0.5
lmHN,3,1,4,0.75
lmHP,0,5,5,0.0
lmHS,1,2,3,0.33
lmHb,2,1,3,0.67
lmHh,1,1,2,0.5
lmHl,3,2,5,0.6
lmHm,0,2,2,0.0
lmHn,5,2,7,0.71
lmHs,5,1,6,0.83
lmHt,0,0,0,
lmIB,1,0,1,1.0
lmIM,1,0,1,1.0
lmIP,1,1,2,0.5
lmIS,0,1,1,0.0
lmIb,0,2,2,0.0
lmJB,1,0,1,1.0
lmJI,0,1,1,0.0
lmJM,0,1,1,0.0
lmJN,2,1,3,0.67
lmJP,2,3,5,0.4
lmJS,1,0,1,1.0
lmJb,1,0,1,1.0
lmJm,1,0,1,1.0
lmJn,0,2,2,0.0
lmJs,1,0,1,1.0
lmLB,2,0,2,1.0
lmLL,0,1,1,0.0
lmLM,1,1,2,0.5
lmLN,1,4,5,0.2
lmLP,1,4,5,0.2
lmLS,1,1,2,0.5
lmLb,0,1,1,0.0
lmLh,0,1,1,0.0
lmLj,0,1,1,0.0
lmLl,1,1,2,0.5
lmLm,1,3,4,0.25
lmLn,2,2,4,0.5
lmLs,1,0,1,1.0
lmMB,1,7,8,0.12
lmMD,0,1,1,0.0
lmML,2,0,2,1.0
lmMM,3,3,6,0.5
lmMN,2,7,9,0.22
lmMP,4,2,6,0.67
lmMS,4,2,6,0.67
lmMb,4,2,6,0.67
lmMh,4,5,9,0.44
lmMj,1,1,2,0.5
lmMl,3,1,4,0.75
lmMm,2,2,4,0.5
lmMn,6,4,10,0.6
lmMs,2,0,2,1.0
lmNB,3,5,8,0.38
lmNH,0,3,3,0.0
lmNK,1,0,1,1.0
lmNL,2,3,5,0.4
lmNM,5,10,15,0.33
lmNN,8,7,15,0.53
lmNP,8,6,14,0.57
lmNS,3,6,9,0.33
lmNb,7,3,10,0.7
lmNl,3,1,4,0.75
lmNm,4,0,4,1.0
lmNn,6,2,8,0.75
lmNs,4,5,9,0.44
lmNt,0,2,2,0.0
lmPB,5,5,10,0.5
lmPH,2,1,3,0.67
lmPL,3,0,3,1.0
lmPM,3,5,8,0.38
lmPN,7,5,12,0.58
lmPP,8,14,22,0.36
lmPS,5,1,6,0.83
lmPb,3,2,5,0.6
lmPh,1,0,1,1.0
lmPl,3,1,4,0.75
lmPm,1,4,5,0.2
lmPn,6,5,11,0.55
lmPs,5,3,8,0.62
lmPt,1,1,2,0.5
lmSB,0,2,2,0.0
lmSH,1,1,2,0.5
lmSI,0,1,1,0.0
lmSL,0,2,2,0.0
lmSM,2,1,3,0.67
lmSN,2,2,4,0.5
lmSP,1,3,4,0.25
lmSS,1,1,2,0.5
lmSb,2,3,5,0.4
lmSh,1,3,4,0.25
lmSm,1,0,1,1.0
lmSn,1,0,1,1.0
lmSs,1,1,2,0.5
lmbB,7,2,9,0.78
lmbH,0,2,2,0.0
lmbI,1,0,1,1.0
lmbK,0,2,2,0.0
lmbL,0,2,2,0.0
lmbM,4,7,11,0.36
lmbN,8,2,10,0.8
lmbP,7,1,8,0.88
lmbS,2,3,5,0.4
lmbb,7,2,9,0.78
lmbm,4,4,8,0.5
lmbn,7,5,12,0.58
lmbs,1,3,4,0.25
lmlB,3,1,4,0.75
lmlJ,1,0,1,1.0
lmlL,0,1,1,0.0
lmlM,1,1,2,0.5
lmlN,3,1,4,0.75
lmlP,4,3,7,0.57
lmlS,1,0,1,1.0
lmll,0,1,1,0.0
lmlm,1,1,2,0.5
lmln,0,2,2,0.0
lmmB,6,1,7,0.86
lmmH,0,1,1,0.0
lmmI,0,1,1,0.0
lmmJ,1,0,1,1.0
lmmL,2,0,2,1.0
lmmM,5,1,6,0.83
lmmN,2,3,5,0.4
lmmP,5,3,8,0.62
lmmS,2,1,3,0.67
lmmb,4,3,7,0.57
lmml,2,0,2,1.0
lmmm,2,5,7,0.29
lmmn,1,2,3,0.33
lmms,3,1,4,0.75
lmnB,2,2,4,0.5
lmnD,1,2,3,0.33
lmnH,0,2,2,0.0
lmnI,1,1,2,0.5
lmnK,1,0,1,1.0
lmnL,0,1,1,0.0
lmnM,4,2,6,0.67
lmnN,4,6,10,0.4
lmnP,7,6,13,0.54
lmnS,2,0,2,1.0
lmnb,3,7,10,0.3
lmnl,0,2,2,0.0
lmnm,0,1,1,0.0
lmnn,5,0,5,1.0
lmns,3,1,4,0.75
lmsB,2,0,2,1.0
lmsH,1,1,2,0.5
lmsK,1,0,1,1.0
lmsL,0,1,1,0.0
lmsN,3,0,3,1.0
lmsP,3,2,5,0.6
lmsS,3,0,3,1.0
lmsb,2,0,2,1.0
lmsm,1,0,1,1.0
lmsn,1,2,3,0.33
lmss,2,3,5,0.4
lnBB,2,3,5,0.4
lnBD,1,0,1,1.0
lnBL,0,1,1,0.0
lnBM,6,4,10,0.6
lnBN,6,4,10,0.6
lnBP,4,9,13,0.31
lnBS,1,2,3,0.33
lnBb,5,1,6,0.83
lnBj,3,1,4,0.75
lnBl,2,2,4,0.5
lnBm,4,6,10,0.4
lnBn,5,5,10,0.5
lnBs,2,1,3,0.67
lnBt,0,1,1,0.0
lnDH,1,0,1,1.0
lnDM,0,1,1,0.0
lnDN,2,0,2,1.0
lnDS,0,1,1,0.0
lnDl,1,0,1,1.0
lnHB,1,0,1,1.0
lnHH,1,0,1,1.0
lnHI,1,0,1,1.0
lnHL,1,1,2,0.5
lnHM,1,2,3,0.33
lnHN,2,1,3,0.67
lnHP,7,0,7,1.0
lnHS,2,1,3,0.67
lnHb,1,2,3,0.33
lnHh,2,1,3,0.67
lnHl,0,1,1,0.0
lnHm,0,0,0,
lnHn,3,3,6,0.5
lnHs,0,4,4,0.0
lnIB,0,1,1,0.0
lnIL,0,1,1,0.0
lnIM,0,2,2,0.0
lnIN,0,0,0,
lnIP,3,0,3,1.0
lnIm,1,2,3,0.33
lnIn,2,0,2,1.0
lnIs,1,2,3,0.33
lnKS,0,0,0,
lnKh,1,0,1,1.0
lnKl,0,1,1,0.0
lnKm,1,0,1,1.0
lnKn,1,0,1,1.0
lnKs,1,0,1,1.0
lnLB,1,0,1,1.0
lnLK,1,0,1,1.0
lnLL,1,0,1,1.0
lnLM,2,1,3,0.67
lnLN,1,0,1,1.0
lnLP,4,5,9,0.44
lnLS,0,2,2,0.0
lnLb,0,3,3,0.0
lnLh,2,0,2,1.0
lnLj,0,1,1,0.0
lnLl,1,0,1,1.0
lnLm,1,1,2,0.5
lnLn,0,4,4,0.0
lnLs,2,2,4,0.5
lnMB,1,3,4,0.25
lnMD,0,1,1,0.0
lnML,1,2,3,0.33
lnMM,2,2,4,0.5
lnMN,5,3,8,0.62
lnMP,3,4,7,0.43
lnMS,2,3,5,0.4
lnMb,5,3,8,0.62
lnMh,3,5,8,0.38
lnMj,1,0,1,1.0
lnMl,1,1,2,0.5
lnMm,5,1,6,0.83
lnMn,7,3,10,0.7
lnMs,6,3,9,0.67
lnNB,8,4,12,0.67
lnNH,1,1,2,0.5
lnNK,1,3,4,0.25
lnNL,1,2,3,0.33
lnNM,3,3,6,0.5
lnNN,5,12,17,0.29
lnNP,12,9,21,0.57
lnNS,5,7,12,0.42
lnNb,1,4,5,0.2
lnNh,0,1,1,0.0
lnNl,0,2,2,0.0
lnNm,2,5,7,0.29
lnNn,8,5,13,0.62
lnNs,4,3,7,0.57
lnNt,2,1,3,0.67
lnPB,5,8,13,0.38
lnPD,2,0,2,1.0
lnPH,4,1,5,0.8
lnPI,0,1,1,0.0
lnPK,0,1,1,0.0
lnPL,9,4,13,0.69
lnPM,6,9,15,0.4
lnPN,10,7,17,0.59
lnPP,13,11,24,0.54
lnPS,2,6,8,0.25
lnPb,8,6,14,0.57
lnPh,0,1,1,0.0
lnPl,5,4,9,0.56
lnPm,6,5,11,0.55
lnPn,5,11,16,0.31
lnPs,4,6,10,0.4
lnPt,0,1,1,0.0
lnSB,0,1,1,0.0
lnSH,1,1,2,0.5
lnSL,0,1,1,0.0
lnSM,4,7,11,0.36
lnSN,3,2,5,0.6
lnSP,5,5,10,0.5
lnSS,3,0,3,1.0
lnSb,3,2,5,0.6
lnSh,2,3,5,0.4
lnSl,1,0,1,1.0
lnSm,1,4,5,0.2
lnSn,6,2,8,0.75
lnSs,1,2,3,0.33
lnSt,0,1,1,0.0
lnbB,9,4,13,0.69
lnbD,1,0,1,1.0
lnbH,0,0,0,
lnbI,0,1,1,0.0
lnbJ,2,1,3,0.67
lnbL,4,4,8,0.5
lnbM,5,5,10,0.5
lnbN,5,5,10,0.5
lnbP,9,2,11,0.82
lnbS,1,2,3,0.33
lnbb,6,2,8,0.75
lnbl,2,0,2,1.0
lnbm,6,0,6,1.0
lnbn,4,5,9,0.44
lnbs,1,1,2,0.5
lnlB,1,1,2,0.5
lnlD,1,0,1,1.0
lnlH,0,5,5,0.0
lnlJ,1,2,3,0.33
lnlM,0,1,1,0.0
lnlN,1,1,2,0.5
lnlP,3,3,6,0.5
lnlS,3,0,3,1.0
lnlb,3,1,4,0.75
lnll,2,1,3,0.67
lnlm,0,1,1,0.0
lnln,4,0,4,1.0
lnls,0,0,0,
lnmB,1,2,3,0.33
lnmD,1,1,2,0.5
lnmH,1,3,4,0.25
lnmI,0,1,1,0.0
lnmJ,1,1,2,0.5
lnmL,2,1,3,0.67
lnmM,6,3,9,0.67
lnmN,4,4,8,0.5
lnmP,7,3,10,0.7
lnmS,3,1,4,0.75
lnmb,2,3,5,0.4
lnml,1,2,3,0.33
lnmm,0,1,1,0.0
lnmn,5,1,6,0.83
lnms,1,0,1,1.0
lnnB,4,2,6,0.67
lnnH,2,4,6,0.33
lnnI,0,2,2,0.0
lnnL,4,3,7,0.57
lnnM,7,4,11,0.64
lnnN,4,11,15,0.27
lnnP,6,5,11,0.55
lnnS,1,2,3,0.33
lnnb,7,4,11,0.64
lnnm,1,1,2,0.5
lnnn,5,2,7,0.71
lnns,3,3,6,0.5
lnsB,2,0,2,1.0
lnsH,2,1,3,0.67
lnsL,0,2,2,0.0
lnsM,7,1,8,0.88
lnsN,3,4,7,0.43
lnsP,7,5,12,0.58
lnsS,2,0,2,1.0
lnsb,1,2,3,0.33
lnsl,1,0,1,1.0
lnsm,1,4,5,0.2
lnsn,2,2,4,0.5
lnss,0,4,4,0.0
lsBB,1,2,3,0.33
lsBK,1,0,1,1.0
lsBL,2,0,2,1.0
lsBM,1,1,2,0.5
lsBN,2,2,4,0.5
lsBP,3,4,7,0.43
lsBS,0,4,4,0.0
lsBb,2,3,5,0.4
lsBj,2,0,2,1.0
lsBl,2,2,4,0.5
lsBm,1,3,4,0.25
lsBn,0,2,2,0.0
lsBs,3,0,3,1.0
lsBt,2,1,3,0.67
lsDH,1,1,2,0.5
lsDM,1,1,2,0.5
lsDN,0,0,0,
lsDP,0,1,1,0.0
lsDS,1,0,1,1.0
lsDb,1,3,4,0.25
lsDl,0,0,0,
lsDn,1,1,2,0.5
lsHB,3,1,4,0.75
lsHD,0,0,0,
lsHH,3,1,4,0.75
lsHL,1,0,1,1.0
lsHM,1,3,4,0.25
lsHN,4,2,6,0.67
lsHP,1,1,2,0.5
lsHS,2,2,4,0.5
lsHb,3,1,4,0.75
lsHh,2,3,5,0.4
lsHl,0,0,0,
lsHm,3,3,6,0.5
lsHn,0,2,2,0.0
lsHs,5,1,6,0.83
lsIB,0,1,1,0.0
lsID,0,1,1,0.0
lsIL,0,0,0,
lsIS,0,1,1,0.0
lsIl,0,1,1,0.0
lsIs,1,0,1,1.0
lsKh,0,0,0,
lsLB,1,1,2,0.5
lsLD,1,0,1,1.0
lsLL,3,1,4,0.75
lsLM,3,2,5,0.6
lsLN,1,2,3,0.33
lsLP,1,2,3,0.33
lsLS,0,1,1,0.0
lsLb,1,0,1,1.0
lsLh,0,1,1,0.0
lsLm,0,2,2,0.0
lsLn,2,1,3,0.67
lsLs,4,0,4,1.0
lsLt,0,0,0,
lsMB,2,2,4,0.5
lsMH,1,0,1,1.0
lsML,2,4,6,0.33
lsMM,4,4,8,0.5
lsMN,2,3,5,0.4
lsMP,1,3,4,0.25
lsMS,4,1,5,0.8
lsMb,3,1,4,0.75
lsMh,0,2,2,0.0
lsMj,2,1,3,0.67
lsMl,0,1,1,0.0
lsMm,4,3,7,0.57
lsMn,6,2,8,0.75
lsMs,2,2,4,0.5
lsNB,3,1,4,0.75
lsNK,2,0,2,1.0
lsNL,1,2,3,0.33
lsNM,2,5,7,0.29
lsNN,1,2,3,0.33
lsNP,3,3,6,0.5
lsNS,1,5,6,0.17
lsNb,2,2,4,0.5
lsNh,3,0,3,1.0
lsNl,2,0,2,1.0
lsNm,3,3,6,0.5
lsNn,6,0,6,1.0
lsNs,5,5,10,0.5
lsNt,1,0,1,1.0
lsPB,2,5,7,0.29
lsPD,0,1,1,0.0
lsPH,1,3,4,0.25
lsPI,0,1,1,0.0
lsPK,0,1,1,0.0
lsPL,0,5,5,0.0
lsPM,5,8,13,0.38
lsPN,8,3,11,0.73
lsPP,8,2,10,0.8
lsPS,4,7,11,0.36
lsPb,3,7,10,0.3
lsPh,1,0,1,1.0
lsPl,1,1,2,0.5
lsPm,2,0,2,1.0
lsPn,3,6,9,0.33
lsPs,1,8,9,0.11
lsPt,2,1,3,0.67
lsSB,1,3,4,0.25
lsSH,1,1,2,0.5
lsSL,0,2,2,0.0
lsSM,3,2,5,0.6
lsSN,2,5,7,0.29
lsSP,6,4,10,0.6
lsSS,3,7,10,0.3
lsSb,6,6,12,0.5
lsSh,3,1,4,0.75
lsSl,2,1,3,0.67
lsSm,3,4,7,0.43
lsSn,1,3,4,0.25
lsSs,0,3,3,0.0
lsSt,0,0,0,
lsbB,5,6,11,0.45
lsbH,1,0,1,1.0
lsbJ,3,2,5,0.6
lsbK,0,1,1,0.0
lsbL,3,1,4,0.75
lsbM,0,2,2,0.0
lsbN,4,5,9,0.44
lsbP,6,4,10,0.6
lsbS,2,0,2,1.0
lsbb,6,3,9,0.67
lsbm,3,1,4,0.75
lsbn,1,0,1,1.0
lsbs,3,1,4,0.75
lshn,0,0,0,
lshs,1,0,1,1.0
lslB,1,0,1,1.0
lslH,0,2,2,0.0
lslL,0,2,2,0.0
lslM,0,3,3,0.0
lslN,2,2,4,0.5
lslP,3,4,7,0.43
lslS,1,0,1,1.0
lslb,4,0,4,1.0
lslm,0,0,0,
lsln,0,3,3,0.0
lsls,1,2,3,0.33
lsmB,6,2,8,0.75
lsmD,0,1,1,0.0
lsmH,2,1,3,0.67
lsmI,1,1,2,0.5
lsmJ,1,0,1,1.0
lsmL,2,1,3,0.67
lsmM,2,3,5,0.4
lsmN,3,2,5,0.6
lsmP,1,3,4,0.25
lsmS,0,1,1,0.0
lsmb,1,0,1,1.0
lsml,2,2,4,0.5
lsmm,1,1,2,0.5
lsmn,4,1,5,0.8
lsms,2,0,2,1.0
lsnB,1,2,3,0.33
lsnH,0,0,0,
lsnI,0,1,1,0.0
lsnL,1,1,2,0.5
lsnM,2,4,6,0.33
lsnN,2,3,5,0.4
lsnP,1,5,6,0.17
lsnS,5,3,8,0.62
lsnb,2,0,2,1.0
lsnl,0,1,1,0.0
lsnm,3,2,5,0.6
lsnn,3,4,7,0.43
lsns,1,2,3,0.33
lssB,1,2,3,0.33
lssD,0,1,1,0.0
lssH,11,3,14,0.79
lssL,1,2,3,0.33
lssM,1,1,2,0.5
lssN,1,1,2,0.5
lssP,3,2,5,0.6
lssS,3,4,7,0.43
lssb,4,2,6,0.67
lssl,5,0,5,1.0
lssm,3,2,5,0.6
lssn,2,5,7,0.29
lsss,2,1,3,0.67
mBBB,7,11,18,0.39
mBBD,1,1,2,0.5
mBBK,0,4,4,0.0
mBBL,4,2,6,0.67
mBBM,6,8,14,0.43
mBBN,10,13,23,0.43
mBBP,13,13,26,0.5
mBBS,0,2,2,0.0
mBBb,10,7,17,0.59
mBBj,2,5,7,0.29
mBBl,5,3,8,0.62
mBBm,9,8,17,0.53
mBBn,18,10,28,0.64
mBBs,4,2,6,0.67
mBBt,0,2,2,0.0
mBDB,2,0,2,1.0
mBDH,0,0,0,
mBDL,1,0,1,1.0
mBDM,2,1,3,0.67
mBDN,2,0,2,1.0
mBDP,2,2,4,0.5
mBDS,0,0,0,
mBDb,1,4,5,0.2
mBDn,3,0,3,1.0
mBDs,0,2,2,0.0
mBHP,0,1,1,0.0
mBHS,1,0,1,1.0
mBHb,0,0,0,
mBKB,1,2,3,0.33
mBKM,2,0,2,1.0
mBKS,1,0,1,1.0
mBKb,1,0,1,1.0
mBKn,3,0,3,1.0
mBKs,1,1,2,0.5
mBLB,2,2,4,0.5
mBLL,0,1,1,0.0
mBLM,3,3,6,0.5
mBLN,4,3,7,0.57
mBLP,5,4,9,0.56
mBLS,2,3,5,0.4
mBLb,3,3,6,0.5
mBLh,4,2,6,0.67
mBLj,1,2,3,0.33
mBLl,0,1,1,0.0
mBLm,3,0,3,1.0
mBLn,6,8,14,0.43
mBLs,2,0,2,1.0
mBMB,6,4,10,0.6
mBMD,0,1,1,0.0
mBML,2,0,2,1.0
mBMM,5,5,10,0.5
mBMN,7,9,16,0.44
mBMP,15,18,33,0.45
mBMS,4,5,9,0.44
mBMb,10,6,16,0.62
mBMh,8,6,14,0.57
mBMj,1,1,2,0.5
mBMl,3,1,4,0.75
mBMm,5,7,12,0.42
mBMn,13,7,20,0.65
mBMs,5,7,12,0.42
mBMt,0,0,0,
mBNB,13,7,20,0.65
mBND,0,2,2,0.0
mBNH,2,1,3,0.67
mBNL,1,1,2,0.5
mBNM,6,7,13,0.46
mBNN,15,17,32,0.47
mBNP,13,17,30,0.43
mBNS,4,5,9,0.44
mBNb,8,11,19,0.42
mBNh,2,4,6,0.33
mBNl,2,2,4,0.5
mBNm,10,10,20,0.5
mBNn,23,15,38,0.61
mBNs,15,5,20,0.75
mBNt,1,5,6,0.17
mBPB,9,18,27,0.33
mBPH,0,8,8,0.0
mBPI,0,0,0,
mBPK,1,1,2,0.5
mBPL,7,8,15,0.47
mBPM,11,12,23,0.48
mBPN,20,14,34,0.59
mBPP,22,19,41,0.54
mBPS,11,8,19,0.58
mBPb,10,8,18,0.56
mBPl,3,6,9,0.33
mBPm,11,12,23,0.48
mBPn,16,15,31,0.52
mBPs,10,9,19,0.53
mBPt,2,1,3,0.67
mBSB,6,5,11,0.55
mBSD,0,1,1,0.0
mBSH,1,2,3,0.33
mBSL,1,1,2,0.5
mBSM,3,8,11,0.27
mBSN,11,10,21,0.52
mBSP,10,5,15,0.67
mBSS,9,5,14,0.64
mBSb,5,3,8,0.62
mBSh,4,5,9,0.44
mBSl,3,1,4,0.75
mBSm,7,5,12,0.58
mBSn,5,12,17,0.29
mBSs,8,8,16,0.5
mBSt,3,0,3,1.0
mBbB,6,6,12,0.5
mBbD,1,1,2,0.5
mBbH,4,4,8,0.5
mBbJ,2,2,4,0.5
mBbK,1,2,3,0.33
mBbL,1,4,5,0.2
mBbM,8,7,15,0.53
mBbN,9,17,26,0.35
mBbP,9,16,25,0.36
mBbS,10,7,17,0.59
mBbb,16,10,26,0.62
mBbl,3,4,7,0.43
mBbm,13,4,17,0.76
mBbn,8,6,14,0.57
mBbs,4,3,7,0.57
mBhB,1,0,1,1.0
mBhL,1,0,1,1.0
mBhM,2,0,2,1.0
mBhN,5,2,7,0.71
mBhP,3,1,4,0.75
mBhS,1,0,1,1.0
mBhb,3,0,3,1.0
mBhh,1,0,1,1.0
mBhl,1,0,1,1.0
mBhm,4,0,4,1.0
mBhn,2,2,4,0.5
mBjB,4,1,5,0.8
mBjH,0,1,1,0.0
mBjI,0,1,1,0.0
mBjL,1,1,2,0.5
mBjM,5,5,10,0.5
mBjN,3,6,9,0.33
mBjP,5,4,9,0.56
mBjS,3,1,4,0.75
mBjb,2,5,7,0.29
mBjl,3,1,4,0.75
mBjm,5,2,7,0.71
mBjn,2,1,3,0.67
mBjs,1,1,2,0.5
mBjt,0,1,1,0.0
mBlB,2,3,5,0.4
mBlH,3,4,7,0.43
mBlJ,3,0,3,1.0
mBlL,1,0,1,1.0
mBlM,4,2,6,0.67
mBlN,3,6,9,0.33
mBlP,2,1,3,0.67
mBlS,3,5,8,0.38
mBlb,4,4,8,0.5
mBll,0,2,2,0.0
mBlm,3,0,3,1.0
mBln,5,5,10,0.5
mBls,1,3,4,0.25
mBmB,8,11,19,0.42
mBmD,3,0,3,1.0
mBmH,3,4,7,0.43
mBmI,1,0,1,1.0
mBmJ,4,3,7,0.57
mBmK,0,1,1,0.0
mBmL,2,1,3,0.67
mBmM,9,7,16,0.56
mBmN,11,8,19,0.58
mBmP,3,7,10,0.3
mBmS,9,5,14,0.64
mBmb,6,10,16,0.38
mBml,0,1,1,0.0
mBmm,9,4,13,0.69
mBmn,13,7,20,0.65
mBms,6,1,7,0.86
mBnB,10,10,20,0.5
mBnD,5,0,5,1.0
mBnH,9,5,14,0.64
mBnI,2,2,4,0.5
mBnK,1,1,2,0.5
mBnL,6,2,8,0.75
mBnM,8,16,24,0.33
mBnN,21,10,31,0.68
mBnP,24,20,44,0.55
mBnS,12,12,24,0.5
mBnb,13,13,26,0.5
mBnh,0,2,2,0.0
mBnl,3,5,8,0.38
mBnm,5,13,18,0.28
mBnn,12,17,29,0.41
mBns,5,9,14,0.36
mBsB,2,5,7,0.29
mBsD,2,0,2,1.0
mBsH,2,6,8,0.25
mBsI,1,2,3,0.33
mBsL,3,3,6,0.5
mBsM,3,2,5,0.6
mBsN,2,5,7,0.29
mBsP,4,10,14,0.29
mBsS,6,5,11,0.55
mBsb,3,7,10,0.3
mBsh,0,1,1,0.0
mBsl,1,1,2,0.5
mBsm,2,9,11,0.18
mBsn,4,2,6,0.67
mBss,3,9,12,0.25
mBtB,0,4,4,0.0
mBtD,0,0,0,
mBtH,1,1,2,0.5
mBtL,1,1,2,0.5
mBtM,2,0,2,1.0
mBtN,2,2,4,0.5
mBtP,2,5,7,0.29
mBtS,4,2,6,0.67
mBtb,0,0,0,
mBtl,1,2,3,0.33
mBtm,3,0,3,1.0
mBtn,3,0,3,1.0
mBts,0,1,1,0.0
mBtt,1,0,1,1.0
mDBB,1,3,4,0.25
mDBK,0,1,1,0.0
mDBL,1,1,2,0.5
mDBM,0,0,0,
mDBN,0,1,1,0.0
mDBP,0,1,1,0.0
mDBS,0,1,1,0.0
mDBb,2,1,3,0.67
mDBh,1,0,1,1.0
mDBj,0,0,0,
mDBl,0,0,0,
mDBm,1,1,2,0.5
mDBn,0,1,1,0.0
mDBs,1,2,3,0.33
mDDH,0,0,0,
mDDS,1,0,1,1.0
mDDb,0,1,1,0.0
mDDm,1,1,2,0.5
mDDs,0,1,1,0.0
mDHB,0,2,2,0.0
mDHD,1,0,1,1.0
mDHH,0,0,0,
mDHN,0,0,0,
mDHP,2,1,3,0.67
mDHS,1,0,1,1.0
mDHb,0,3,3,0.0
mDHh,1,0,1,1.0
mDHl,1,0,1,1.0
mDHm,0,1,1,0.0
mDHs,5,0,5,1.0
mDHt,0,0,0,
mDID,0,1,1,0.0
mDIM,1,0,1,1.0
mDIN,1,0,1,1.0
mDIs,1,0,1,1.0
mDKm,1,0,1,1.0
mDKs,0,1,1,0.0
mDLL,0,1,1,0.0
mDLM,1,2,3,0.33
mDLN,1,0,1,1.0
mDLP,0,0,0,
mDLb,2,0,2,1.0
mDLh,0,0,0,
mDLm,3,0,3,1.0
mDLn,3,1,4,0.75
mDLs,0,2,2,0.0
mDMB,4,2,6,0.67
mDML,1,0,1,1.0
mDMM,1,1,2,0.5
mDMN,2,1,3,0.67
mDMP,2,3,5,0.4
mDMS,1,1,2,0.5
mDMb,0,1,1,0.0
mDMh,1,1,2,0.5
mDMj,2,0,2,1.0
mDMm,3,0,3,1.0
mDMn,5,3,8,0.62
mDMs,2,0,2,1.0
mDNB,2,0,2,1.0
mDND,0,1,1,0.0
mDNK,0,0,0,
mDNL,0,0,0,
mDNN,1,1,2,0.5
mDNP,0,1,1,0.0
mDNb,1,0,1,1.0
mDNh,0,0,0,
mDNl,1,0,1,1.0
mDNm,2,0,2,1.0
mDNn,3,1,4,0.75
mDNs,3,4,7,0.43
mDNt,1,0,1,1.0
mDPB,1,1,2,0.5
mDPD,0,0,0,
mDPH,1,0,1,1.0
mDPI,0,1,1,0.0
mDPK,1,1,2,0.5
mDPM,1,4,5,0.2
mDPN,1,0,1,1.0
mDPP,3,1,4,0.75
mDPS,5,1,6,0.83
mDPb,2,4,6,0.33
mDPm,2,1,3,0.67
mDPn,3,0,3,1.0
mDPs,0,1,1,0.0
mDSB,1,0,1,1.0
mDSL,1,0,1,1.0
mDSM,2,1,3,0.67
mDSN,2,3,5,0.4
mDSP,1,3,4,0.25
mDSS,1,2,3,0.33
mDSb,1,1,2,0.5
mDSh,1,0,1,1.0
mDSl,1,0,1,1.0
mDSm,1,1,2,0.5
mDSn,2,2,4,0.5
mDSs,2,1,3,0.67
mDSt,0,1,1,0.0
mDbB,0,1,1,0.0
mDbH,1,0,1,1.0
mDbM,2,0,2,1.0
mDbN,1,0,1,1.0
mDbP,1,0,1,1.0
mDbb,1,1,2,0.5
mDbm,1,1,2,0.5
mDbn,2,0,2,1.0
mDbs,2,0,2,1.0
mDlB,0,1,1,0.0
mDlM,1,0,1,1.0
mDlP,0,3,3,0.0
mDlS,1,0,1,1.0
mDlb,0,1,1,0.0
mDlm,2,0,2,1.0
mDln,0,0,0,
mDls,1,0,1,1.0
mDmB,1,0,1,1.0
mDmH,4,1,5,0.8
mDmJ,0,2,2,0.0
mDmL,2,2,4,0.5
mDmM,3,0,3,1.0
mDmN,3,2,5,0.6
mDmP,1,3,4,0.25
mDmb,1,0,1,1.0
mDmm,2,3,5,0.4
mDms,0,3,3,0.0
mDnH,0,2,2,0.0
mDnM,1,3,4,0.25
mDnN,1,1,2,0.5
mDnP,2,1,3,0.67
mDnb,4,2,6,0.67
mDnm,0,3,3,0.0
mDnn,2,2,4,0.5
mDsB,1,0,1,1.0
mDsH,0,1,1,0.0
mDsL,0,2,2,0.0
mDsM,1,3,4,0.25
mDsN,1,1,2,0.5
mDsP,1,3,4,0.25
mDsS,1,4,5,0.2
mDsb,1,0,1,1.0
mDsl,1,1,2,0.5
mDsm,0,1,1,0.0
mDsn,1,0,1,1.0
mDss,0,0,0,
mDtB,1,0,1,1.0
mDtD,0,0,0,
mDtm,2,0,2,1.0
mDtn,0,1,1,0.0
mDts,1,0,1,1.0
mHBB,1,4,5,0.2
mHBD,0,1,1,0.0
mHBL,2,0,2,1.0
mHBM,5,2,7,0.71
mHBN,8,9,17,0.47
mHBP,4,9,13,0.31
mHBS,1,4,5,0.2
mHBb,3,7,10,0.3
mHBh,0,0,0,
mHBj,2,0,2,1.0
mHBl,3,3,6,0.5
mHBm,2,5,7,0.29
mHBn,9,14,23,0.39
mHBs,5,2,7,0.71
mHBt,3,0,3,1.0
mHDH,0,1,1,0.0
mHDM,0,1,1,0.0
mHDN,0,1,1,0.0
mHDP,2,0,2,1.0
mHDS,2,0,2,1.0
mHDb,3,0,3,1.0
mHDm,1,1,2,0.5
mHDn,1,0,1,1.0
mHDs,0,1,1,0.0
mHHB,1,1,2,0.5
mHHI,0,1,1,0.0
mHHK,1,1,2,0.5
mHHL,1,0,1,1.0
mHHM,1,3,4,0.25
mHHN,1,0,1,1.0
mHHP,0,1,1,0.0
mHHS,1,1,2,0.5
mHHb,1,0,1,1.0
mHHl,0,1,1,0.0
mHHm,1,1,2,0.5
mHHn,1,0,1,1.0
mHHs,1,0,1,1.0
mHIH,2,0,2,1.0
mHIM,0,1,1,0.0
mHIN,1,1,2,0.5
mHIP,2,0,2,1.0
mHIS,1,0,1,1.0
mHIl,2,0,2,1.0
mHIn,1,0,1,1.0
mHKB,0,1,1,0.0
mHKM,2,0,2,1.0
mHKN,1,1,2,0.5
mHKS,0,1,1,0.0
mHKb,0,1,1,0.0
mHKh,1,0,1,1.0
mHKs,0,1,1,0.0
mHLB,4,0,4,1.0
mHLD,2,1,3,0.67
mHLK,0,1,1,0.0
mHLL,0,1,1,0.0
mHLM,4,3,7,0.57
mHLN,4,2,6,0.67
mHLP,1,6,7,0.14
mHLS,7,2,9,0.78
mHLb,0,2,2,0.0
mHLh,3,2,5,0.6
mHLj,2,0,2,1.0
mHLl,1,1,2,0.5
mHLm,3,4,7,0.43
mHLn,4,3,7,0.57
mHLs,2,0,2,1.0
mHMB,5,6,11,0.45
mHMD,0,0,0,
mHML,3,2,5,0.6
mHMM,8,4,12,0.67
mHMN,10,3,13,0.77
mHMP,5,7,12,0.42
mHMS,6,4,10,0.6
mHMb,3,10,13,0.23
mHMh,8,11,19,0.42
mHMj,0,3,3,0.0
mHMl,5,0,5,1.0
mHMm,5,10,15,0.33
mHMn,10,15,25,0.4
mHMs,4,4,8,0.5
mHMt,2,1,3,0.67
mHNB,5,8,13,0.38
mHND,1,2,3,0.33
mHNK,1,1,2,0.5
mHNL,2,1,3,0.67
mHNM,7,5,12,0.58
mHNN,8,10,18,0.44
mHNP,10,9,19,0.53
mHNS,8,7,15,0.53
mHNb,7,4,11,0.64
mHNh,1,0,1,1.0
mHNl,3,6,9,0.33
mHNm,11,9,20,0.55
mHNn,10,10,20,0.5
mHNs,6,7,13,0.46
mHNt,3,0,3,1.0
mHPB,7,12,19,0.37
mHPD,1,0,1,1.0
mHPH,5,1,6,0.83
mHPI,1,0,1,1.0
mHPK,3,0,3,1.0
mHPL,2,5,7,0.29
mHPM,12,16,28,0.43
mHPN,9,13,22,0.41
mHPP,12,14,26,0.46
mHPS,14,6,20,0.7
mHPb,12,10,22,0.55
mHPh,1,1,2,0.5
mHPl,7,4,11,0.64
mHPm,9,8,17,0.53
mHPn,12,10,22,0.55
mHPs,8,7,15,0.53
mHPt,1,0,1,1.0
mHSB,8,5,13,0.62
mHSD,1,0,1,1.0
mHSH,2,1,3,0.67
mHSK,1,0,1,1.0
mHSL,4,0,4,1.0
mHSM,4,6,10,0.4
mHSN,6,2,8,0.75
mHSP,15,9,24,0.62
mHSS,8,6,14,0.57
mHSb,4,4,8,0.5
mHSh,4,2,6,0.67
mHSl,1,0,1,1.0
mHSm,1,8,9,0.11
mHSn,6,3,9,0.67
mHSs,7,8,15,0.47
mHSt,2,1,3,0.67
mHbB,7,5,12,0.58
mHbD,1,3,4,0.25
mHbH,2,2,4,0.5
mHbI,2,0,2,1.0
mHbJ,3,1,4,0.75
mHbL,2,2,4,0.5
mHbM,7,10,17,0.41
mHbN,13,6,19,0.68
mHbP,11,6,17,0.65
mHbS,6,1,7,0.86
mHbb,10,2,12,0.83
mHbl,2,1,3,0.67
mHbm,6,2,8,0.75
mHbn,5,9,14,0.36
mHbs,4,4,8,0.5
mHhB,2,1,3,0.67
mHhD,1,0,1,1.0
mHhL,0,1,1,0.0
mHhM,2,4,6,0.33
mHhN,5,2,7,0.71
mHhP,6,8,14,0.43
mHhS,2,0,2,1.0
mHhb,8,2,10,0.8
mHhh,3,1,4,0.75
mHhl,1,2,3,0.33
mHhm,4,1,5,0.8
mHhn,5,2,7,0.71
mHhs,6,1,7,0.86
mHht,0,2,2,0.0
mHlB,8,1,9,0.89
mHlD,1,0,1,1.0
mHlH,0,0,0,
mHlJ,1,0,1,1.0
mHlL,2,0,2,1.0
mHlM,3,4,7,0.43
mHlN,1,2,3,0.33
mHlP,4,1,5,0.8
mHlS,4,1,5,0.8
mHlb,7,4,11,0.64
mHll,2,0,2,1.0
mHlm,4,0,4,1.0
mHln,3,3,6,0.5
mHls,2,1,3,0.67
mHmB,6,6,12,0.5
mHmD,2,0,2,1.0
mHmH,4,6,10,0.4
mHmI,1,1,2,0.5
mHmJ,3,0,3,1.0
mHmL,3,1,4,0.75
mHmM,7,9,16,0.44
mHmN,5,6,11,0.45
mHmP,10,10,20,0.5
mHmS,5,5,10,0.5
mHmb,6,4,10,0.6
mHml,1,3,4,0.25
mHmm,4,3,7,0.57
mHmn,4,2,6,0.67
mHms,4,2,6,0.67
mHnB,9,3,12,0.75
mHnH,4,8,12,0.33
mHnI,2,0,2,1.0
mHnK,1,0,1,1.0
mHnL,3,0,3,1.0
mHnM,7,9,16,0.44
mHnN,12,11,23,0.52
mHnP,11,13,24,0.46
mHnS,7,10,17,0.41
mHnb,6,6,12,0.5
mHnh,1,0,1,1.0
mHnl,6,4,10,0.6
mHnm,4,9,13,0.31
mHnn,5,6,11,0.45
mHns,4,2,6,0.67
mHsB,4,9,13,0.31
mHsD,1,0,1,1.0
mHsH,5,4,9,0.56
mHsI,1,3,4,0.25
mHsL,1,2,3,0.33
mHsM,5,6,11,0.45
mHsN,4,3,7,0.57
mHsP,6,15,21,0.29
mHsS,1,8,9,0.11
mHsb,4,4,8,0.5
mHsl,2,0,2,1.0
mHsm,9,4,13,0.69
mHsn,3,2,5,0.6
mHss,11,2,13,0.85
mHtB,2,1,3,0.67
mHtP,1,2,3,0.33
mHtS,0,0,0,
mHtb,1,0,1,1.0
mHtl,1,0,1,1.0
mHtm,1,0,1,1.0
mHtn,1,1,2,0.5
mHts,1,0,1,1.0
mHtt,0,1,1,0.0
mIBB,1,2,3,0.33
mIBM,0,0,0,
mIBN,0,6,6,0.0
mIBP,1,0,1,1.0
mIBS,2,0,2,1.0
mIBb,0,0,0,
mIBj,1,0,1,1.0
mIBl,0,1,1,0.0
mIBm,1,0,1,1.0
mIBn,1,1,2,0.5
mIBt,0,1,1,0.0
mIDB,1,0,1,1.0
mIDL,0,1,1,0.0
mIDP,1,1,2,0.5
mIHM,0,1,1,0.0
mIHN,0,1,1,0.0
mIHP,2,0,2,1.0
mIHS,0,1,1,0.0
mIHb,1,0,1,1.0
mIHn,2,0,2,1.0
mIHs,2,0,2,1.0
mIIB,0,1,1,0.0
mIIM,0,1,1,0.0
mIIS,1,0,1,1.0
mILB,1,0,1,1.0
mILL,0,1,1,0.0
mILM,1,0,1,1.0
mILN,0,1,1,0.0
mILS,0,1,1,0.0
mILl,0,1,1,0.0
mILn,0,2,2,0.0
mILs,1,0,1,1.0
mIMB,1,0,1,1.0
mIMD,0,1,1,0.0
mIMK,0,1,1,0.0
mIML,0,1,1,0.0
mIMM,1,0,1,1.0
mIMN,1,0,1,1.0
mIMP,0,0,0,
mIMh,0,1,1,0.0
mIMl,1,0,1,1.0
mIMm,0,1,1,0.0
mIMn,1,1,2,0.5
mIMs,1,1,2,0.5
mINB,2,2,4,0.5
mINH,1,1,2,0.5
mINL,0,3,3,0.0
mINM,1,1,2,0.5
mINN,2,0,2,1.0
mINP,2,2,4,0.5
mINS,0,1,1,0.0
mINb,1,0,1,1.0
mINh,0,0,0,
mINl,1,0,1,1.0
mINm,0,1,1,0.0
mINn,1,3,4,0.25
mINs,0,0,0,
mIPB,3,2,5,0.6
mIPH,0,2,2,0.0
mIPL,1,1,2,0.5
mIPM,0,2,2,0.0
mIPN,1,1,2,0.5
mIPP,5,4,9,0.56
mIPS,2,0,2,1.0
mIPb,0,1,1,0.0
mIPm,2,0,2,1.0
mIPn,2,6,8,0.25
mIPs,0,0,0,
mIPt,0,1,1,0.0
mISB,1,0,1,1.0
mISH,1,0,1,1.0
mISI,0,1,1,0.0
mISL,0,1,1,0.0
mISP,0,3,3,0.0
mISh,1,0,1,1.0
mISm,1,1,2,0.5
mISn,0,0,0,
mISs,2,0,2,1.0
mIbB,1,0,1,1.0
mIbJ,0,1,1,0.0
mIbM,1,1,2,0.5
mIbN,3,2,5,0.6
mIbP,3,4,7,0.43
mIbb,1,1,2,0.5
mIbm,3,2,5,0.6
mIbn,0,1,1,0.0
mIbs,1,0,1,1.0
mIlB,0,1,1,0.0
mIlH,1,0,1,1.0
mIlP,0,1,1,0.0
mIlb,1,0,1,1.0
mIlm,1,0,1,1.0
mIln,0,1,1,0.0
mImB,1,1,2,0.5
mImH,2,3,5,0.4
mImL,1,0,1,1.0
mImM,0,0,0,
mImN,1,0,1,1.0
mImP,2,1,3,0.67
mImS,0,0,0,
mImb,1,0,1,1.0
mIml,0,3,3,0.0
mImm,0,1,1,0.0
mInB,1,0,1,1.0
mInD,1,0,1,1.0
mInH,2,2,4,0.5
mInI,0,2,2,0.0
mInL,1,0,1,1.0
mInM,1,0,1,1.0
mInN,2,2,4,0.5
mInP,0,3,3,0.0
mInS,1,0,1,1.0
mInb,0,1,1,0.0
mInn,1,3,4,0.25
mIns,1,2,3,0.33
mIsB,1,2,3,0.33
mIsH,0,1,1,0.0
mIsL,1,0,1,1.0
mIsM,2,1,3,0.67
mIsN,1,0,1,1.0
mIsP,2,0,2,1.0
mIsS,2,1,3,0.67
mIsb,1,0,1,1.0
mIsm,0,1,1,0.0
mIss,0,0,0,
mJBB,6,2,8,0.75
mJBI,1,0,1,1.0
mJBL,1,0,1,1.0
mJBM,1,5,6,0.17
mJBN,5,1,6,0.83
mJBP,1,1,2,0.5
mJBS,3,1,4,0.75
mJBb,1,4,5,0.2
mJBh,0,1,1,0.0
mJBj,0,1,1,0.0
mJBl,1,0,1,1.0
mJBm,2,4,6,0.33
mJBn,0,1,1,0.0
mJBs,0,1,1,0.0
mJDB,0,1,1,0.0
mJDL,1,0,1,1.0
mJDS,0,0,0,
mJDs,1,0,1,1.0
mJHB,0,1,1,0.0
mJHH,0,0,0,
mJHK,0,2,2,0.0
mJHL,0,1,1,0.0
mJHM,1,1,2,0.5
mJHN,1,2,3,0.33
mJHP,1,2,3,0.33
mJHS,2,2,4,0.5
mJHb,1,1,2,0.5
mJHl,0,0,0,
mJHm,2,0,2,1.0
mJHn,0,2,2,0.0
mJIB,1,0,1,1.0
mJIH,0,0,0,
mJIL,0,1,1,0.0
mJIM,1,0,1,1.0
mJIP,2,0,2,1.0
mJIb,0,1,1,0.0
mJIl,0,1,1,0.0
mJKP,1,1,2,0.5
mJKn,1,0,1,1.0
mJLB,1,0,1,1.0
mJLL,0,1,1,0.0
mJLM,1,1,2,0.5
mJLN,2,0,2,1.0
mJLP,0,0,0,
mJLS,1,2,3,0.33
mJLb,2,0,2,1.0
mJLh,0,1,1,0.0
mJLm,1,2,3,0.33
mJLn,0,2,2,0.0
mJLs,1,2,3,0.33
mJMB,1,1,2,0.5
mJMD,1,0,1,1.0
mJML,1,0,1,1.0
mJMM,2,1,3,0.67
mJMN,2,2,4,0.5
mJMP,3,4,7,0.43
mJMS,3,1,4,0.75
mJMb,0,3,3,0.0
mJMh,1,3,4,0.25
mJMj,1,0,1,1.0
mJMl,1,1,2,0.5
mJMm,4,2,6,0.67
mJMn,3,3,6,0.5
mJMs,3,2,5,0.6
mJNB,4,2,6,0.67
mJNH,1,3,4,0.25
mJNL,1,0,1,1.0
mJNM,1,6,7,0.14
mJNN,3,4,7,0.43
mJNP,5,6,11,0.45
mJNS,0,2,2,0.0
mJNb,2,4,6,0.33
mJNh,2,0,2,1.0
mJNl,0,1,1,0.0
mJNm,3,2,5,0.6
mJNn,2,1,3,0.67
mJNs,1,0,1,1.0
mJNt,1,1,2,0.5
mJPB,8,5,13,0.62
mJPH,1,0,1,1.0
mJPL,1,1,2,0.5
mJPM,3,4,7,0.43
mJPN,7,3,10,0.7
mJPP,5,3,8,0.62
mJPS,3,4,7,0.43
mJPb,3,5,8,0.38
mJPl,2,0,2,1.0
mJPm,3,4,7,0.43
mJPn,2,5,7,0.29
mJPs,3,4,7,0.43
mJPt,0,0,0,
mJSB,0,2,2,0.0
mJSD,1,1,2,0.5
mJSH,0,0,0,
mJSL,1,0,1,1.0
mJSM,1,2,3,0.33
mJSN,3,4,7,0.43
mJSP,2,1,3,0.67
mJSS,0,1,1,0.0
mJSb,4,2,6,0.67
mJSh,2,1,3,0.67
mJSm,0,1,1,0.0
mJSn,2,3,5,0.4
mJSs,2,0,2,1.0
mJSt,0,0,0,
mJbB,2,4,6,0.33
mJbD,0,0,0,
mJbJ,0,1,1,0.0
mJbL,1,5,6,0.17
mJbM,4,6,10,0.4
mJbN,3,2,5,0.6
mJbP,6,2,8,0.75
mJbS,3,1,4,0.75
mJbb,1,1,2,0.5
mJbl,1,1,2,0.5
mJbm,2,1,3,0.67
mJbn,1,0,1,1.0
mJhH,1,0,1,1.0
mJhN,0,1,1,0.0
mJhP,2,0,2,1.0
mJhS,0,1,1,0.0
mJlB,2,1,3,0.67
mJlD,0,1,1,0.0
mJlH,0,0,0,
mJlL,0,1,1,0.0
mJlM,0,1,1,0.0
mJlN,0,2,2,0.0
mJlP,1,2,3,0.33
mJlS,2,0,2,1.0
mJlb,1,1,2,0.5
mJlm,0,1,1,0.0
mJln,1,0,1,1.0
mJls,0,1,1,0.0
mJmB,3,2,5,0.6
mJmH,0,1,1,0.0
mJmL,1,1,2,0.5
mJmM,0,1,1,0.0
mJmN,2,1,3,0.67
mJmP,4,1,5,0.8
mJmS,1,0,1,1.0
mJmb,3,2,5,0.6
mJmm,2,2,4,0.5
mJmn,2,0,2,1.0
mJms,4,0,4,1.0
mJnB,1,3,4,0.25
mJnL,1,1,2,0.5
mJnM,0,3,3,0.0
mJnN,6,3,9,0.67
mJnP,0,3,3,0.0
mJnS,0,1,1,0.0
mJnb,1,2,3,0.33
mJnl,1,1,2,0.5
mJnm,1,5,6,0.17
mJnn,6,2,8,0.75
mJns,4,1,5,0.8
mJsB,1,2,3,0.33
mJsD,0,1,1,0.0
mJsH,2,0,2,1.0
mJsI,0,1,1,0.0
mJsK,0,1,1,0.0
mJsL,1,1,2,0.5
mJsM,4,2,6,0.67
mJsN,3,0,3,1.0
mJsP,2,1,3,0.67
mJsS,2,2,4,0.5
mJsb,1,1,2,0.5
mJsm,2,5,7,0.29
mJsn,1,1,2,0.5
mJss,2,2,4,0.5
mJtL,0,1,1,0.0
mJtM,0,1,1,0.0
mJtN,1,0,1,1.0
mJtP,0,1,1,0.0
mJtS,0,0,0,
mJtl,1,1,2,0.5
mJtn,0,1,1,0.0
mKBP,1,0,1,1.0
mKBb,1,0,1,1.0
mKHP,0,1,1,0.0
mKLM,0,1,1,0.0
mKMN,0,0,0,
mKNt,0,0,0,
mKPN,0,1,1,0.0
mKPs,0,0,0,
mKSb,1,0,1,1.0
mKbb,1,0,1,1.0
mKhh,0,0,0,
mKmB,0,1,1,0.0
mKmM,0,1,1,0.0
mKmN,0,1,1,0.0
mKnn,1,0,1,1.0
mKsB,0,1,1,0.0
mKsM,1,0,1,1.0
mKsS,0,0,0,
mLBB,4,5,9,0.44
mLBD,1,0,1,1.0
mLBM,6,6,12,0.5
mLBN,2,3,5,0.4
mLBP,5,6,11,0.45
mLBS,5,2,7,0.71
mLBb,3,4,7,0.43
mLBj,0,1,1,0.0
mLBl,3,1,4,0.75
mLBm,7,1,8,0.88
mLBn,2,2,4,0.5
mLBs,2,1,3,0.67
mLDB,1,0,1,1.0
mLDD,0,0,0,
mLDH,0,1,1,0.0
mLDI,1,0,1,1.0
mLDN,1,0,1,1.0
mLDP,1,0,1,1.0
mLDS,1,0,1,1.0
mLDb,0,1,1,0.0
mLDn,0,0,0,
mLDs,0,1,1,0.0
mLHn,0,0,0,
mLKM,0,1,1,0.0
mLKP,1,0,1,1.0
mLKm,0,1,1,0.0
mLLB,3,2,5,0.6
mLLL,0,1,1,0.0
mLLM,1,0,1,1.0
mLLN,3,1,4,0.75
mLLP,6,3,9,0.67
mLLS,2,1,3,0.67
mLLb,3,0,3,1.0
mLLl,1,1,2,0.5
mLLm,1,1,2,0.5
mLLn,1,1,2,0.5
mLLs,2,2,4,0.5
mLMB,3,3,6,0.5
mLML,1,0,1,1.0
mLMM,3,2,5,0.6
mLMN,3,3,6,0.5
mLMP,6,5,11,0.55
mLMS,1,1,2,0.5
mLMb,2,3,5,0.4
mLMh,5,4,9,0.56
mLMj,0,2,2,0.0
mLMl,5,3,8,0.62
mLMm,1,3,4,0.25
mLMn,8,4,12,0.67
mLMs,3,2,5,0.6
mLMt,0,1,1,0.0
mLNB,3,4,7,0.43
mLND,1,0,1,1.0
mLNH,1,0,1,1.0
mLNK,0,1,1,0.0
mLNL,3,2,5,0.6
mLNM,3,2,5,0.6
mLNN,5,3,8,0.62
mLNP,2,8,10,0.2
mLNS,3,2,5,0.6
mLNb,5,1,6,0.83
mLNh,6,2,8,0.75
mLNl,2,2,4,0.5
mLNm,4,2,6,0.67
mLNn,6,8,14,0.43
mLNs,1,4,5,0.2
mLPB,3,6,9,0.33
mLPH,2,2,4,0.5
mLPI,1,0,1,1.0
mLPK,1,1,2,0.5
mLPL,2,1,3,0.67
mLPM,3,9,12,0.25
mLPN,9,3,12,0.75
mLPP,12,7,19,0.63
mLPS,4,8,12,0.33
mLPb,6,2,8,0.75
mLPh,2,0,2,1.0
mLPl,4,2,6,0.67
mLPm,3,8,11,0.27
mLPn,4,3,7,0.57
mLPs,4,4,8,0.5
mLSB,3,5,8,0.38
mLSH,1,2,3,0.33
mLSI,0,0,0,
mLSL,0,1,1,0.0
mLSM,6,5,11,0.55
mLSN,3,1,4,0.75
mLSP,4,3,7,0.57
mLSS,2,1,3,0.67
mLSb,2,2,4,0.5
mLSh,3,3,6,0.5
mLSl,1,3,4,0.25
mLSm,4,1,5,0.8
mLSn,5,2,7,0.71
mLSs,3,2,5,0.6
mLSt,1,0,1,1.0
mLbB,2,1,3,0.67
mLbH,1,0,1,1.0
mLbI,1,0,1,1.0
mLbJ,1,0,1,1.0
mLbK,1,0,1,1.0
mLbL,2,1,3,0.67
mLbM,3,4,7,0.43
mLbN,5,5,10,0.5
mLbP,3,5,8,0.38
mLbS,0,3,3,0.0
mLbb,3,3,6,0.5
mLbl,1,0,1,1.0
mLbm,2,1,3,0.67
mLbn,3,3,6,0.5
mLbs,1,0,1,1.0
mLhB,0,1,1,0.0
mLhL,1,2,3,0.33
mLhM,0,2,2,0.0
mLhN,0,2,2,0.0
mLhP,3,1,4,0.75
mLhS,1,4,5,0.2
mLhb,3,3,6,0.5
mLhh,0,2,2,0.0
mLhl,1,0,1,1.0
mLhm,2,1,3,0.67
mLhn,4,1,5,0.8
mLhs,6,3,9,0.67
mLjB,1,1,2,0.5
mLjH,1,0,1,1.0
mLjN,1,0,1,1.0
mLjP,0,2,2,0.0
mLjS,2,1,3,0.67
mLjb,1,2,3,0.33
mLjm,4,2,6,0.67
mLjn,2,1,3,0.67
mLjs,1,0,1,1.0
mLjt,0,1,1,0.0
mLlB,1,0,1,1.0
mLlD,2,0,2,1.0
mLlH,2,1,3,0.67
mLlL,1,0,1,1.0
mLlM,0,2,2,0.0
mLlN,1,1,2,0.5
mLlP,2,1,3,0.67
mLlS,2,1,3,0.67
mLlb,1,3,4,0.25
mLll,0,1,1,0.0
mLlm,3,1,4,0.75
mLln,3,1,4,0.75
mLls,2,0,2,1.0
mLmB,5,2,7,0.71
mLmD,0,2,2,0.0
mLmH,3,3,6,0.5
mLmI,0,1,1,0.0
mLmL,6,0,6,1.0
mLmM,1,2,3,0.33
mLmN,4,9,13,0.31
mLmP,8,4,12,0.67
mLmS,2,2,4,0.5
mLmb,3,1,4,0.75
mLml,2,3,5,0.4
mLmm,4,3,7,0.57
mLmn,3,5,8,0.38
mLms,3,0,3,1.0
mLnB,4,2,6,0.67
mLnD,0,1,1,0.0
mLnH,3,5,8,0.38
mLnI,1,0,1,1.0
mLnL,2,2,4,0.5
mLnM,2,3,5,0.4
mLnN,10,4,14,0.71
mLnP,8,9,17,0.47
mLnS,3,1,4,0.75
mLnb,3,5,8,0.38
mLnh,0,1,1,0.0
mLnl,2,1,3,0.67
mLnm,4,3,7,0.57
mLnn,7,6,13,0.54
mLns,5,3,8,0.62
mLsB,1,1,2,0.5
mLsD,0,0,0,
mLsH,4,1,5,0.8
mLsI,1,0,1,1.0
mLsL,1,1,2,0.5
mLsM,2,4,6,0.33
mLsN,3,1,4,0.75
mLsP,1,4,5,0.2
mLsS,8,3,11,0.73
mLsb,1,3,4,0.25
mLsl,1,1,2,0.5
mLsm,3,2,5,0.6
mLsn,3,5,8,0.38
mLss,2,0,2,1.0
mLtB,2,0,2,1.0
mLtH,1,0,1,1.0
mLtM,0,2,2,0.0
mLtN,1,0,1,1.0
mLtP,1,1,2,0.5
mLtb,0,1,1,0.0
mLth,0,1,1,0.0
mLtl,1,1,2,0.5
mLtm,0,1,1,0.0
mLtn,1,0,1,1.0
mMBB,15,8,23,0.65
mMBD,0,2,2,0.0
mMBK,1,2,3,0.33
mMBL,2,0,2,1.0
mMBM,3,6,9,0.33
mMBN,6,14,20,0.3
mMBP,13,4,17,0.76
mMBS,5,8,13,0.38
mMBb,9,10,19,0.47
mMBj,2,1,3,0.67
mMBl,0,1,1,0.0
mMBm,7,9,16,0.44
mMBn,15,12,27,0.56
mMBs,6,6,12,0.5
mMBt,1,0,1,1.0
mMDB,0,1,1,0.0
mMDH,2,2,4,0.5
mMDM,1,0,1,1.0
mMDN,1,1,2,0.5
mMDP,0,1,1,0.0
mMDS,2,1,3,0.67
mMDl,0,1,1,0.0
mMDm,0,2,2,0.0
mMDn,1,1,2,0.5
mMDs,3,0,3,1.0
mMHM,1,0,1,1.0
mMIS,1,0,1,1.0
mMKh,1,0,1,1.0
mMLB,3,5,8,0.38
mMLL,1,2,3,0.33
mMLM,2,2,4,0.5
mMLN,4,4,8,0.5
mMLP,1,8,9,0.11
mMLS,3,2,5,0.6
mMLb,5,1,6,0.83
mMLh,0,0,0,
mMLj,0,2,2,0.0
mMLl,1,1,2,0.5
mMLm,4,3,7,0.57
mMLn,4,3,7,0.57
mMLs,2,3,5,0.4
mMLt,2,0,2,1.0
mMMB,15,11,26,0.58
mMMD,0,1,1,0.0
mMML,2,2,4,0.5
mMMM,2,6,8,0.25
mMMN,11,11,22,0.5
mMMP,8,6,14,0.57
mMMS,6,2,8,0.75
mMMb,7,7,14,0.5
mMMh,7,4,11,0.64
mMMj,1,2,3,0.33
mMMl,1,6,7,0.14
mMMm,9,2,11,0.82
mMMn,10,13,23,0.43
mMMs,6,3,9,0.67
mMMt,4,1,5,0.8
mMNB,11,10,21,0.52
mMND,0,3,3,0.0
mMNH,2,0,2,1.0
mMNI,1,0,1,1.0
mMNL,5,4,9,0.56
mMNM,4,4,8,0.5
mMNN,20,22,42,0.48
mMNP,25,18,43,0.58
mMNS,9,14,23,0.39
mMNb,14,5,19,0.74
mMNh,4,3,7,0.57
mMNl,2,5,7,0.29
mMNm,14,8,22,0.64
mMNn,22,15,37,0.59
mMNs,7,3,10,0.7
mMNt,2,2,4,0.5
mMPB,5,5,10,0.5
mMPD,2,1,3,0.67
mMPH,2,7,9,0.22
mMPI,2,2,4,0.5
mMPK,0,1,1,0.0
mMPL,4,4,8,0.5
mMPM,10,5,15,0.67
mMPN,17,19,36,0.47
mMPP,25,14,39,0.64
mMPS,13,8,21,0.62
mMPb,8,12,20,0.4
mMPh,1,6,7,0.14
mMPl,4,11,15,0.27
mMPm,16,8,24,0.67
mMPn,18,18,36,0.5
mMPs,12,12,24,0.5
mMPt,2,3,5,0.4
mMSB,3,7,10,0.3
mMSD,2,0,2,1.0
mMSH,1,6,7,0.14
mMSL,1,0,1,1.0
mMSM,1,3,4,0.25
mMSN,4,13,17,0.24
mMSP,12,9,21,0.57
mMSS,4,8,12,0.33
mMSb,8,3,11,0.73
mMSh,4,3,7,0.57
mMSl,1,0,1,1.0
mMSm,4,10,14,0.29
mMSn,9,7,16,0.56
mMSs,4,7,11,0.36
mMSt,1,2,3,0.33
mMbB,7,8,15,0.47
mMbD,1,1,2,0.5
mMbH,2,2,4,0.5
mMbI,0,3,3,0.0
mMbJ,1,2,3,0.33
mMbK,2,3,5,0.4
mMbL,2,2,4,0.5
mMbM,5,5,10,0.5
mMbN,15,13,28,0.54
mMbP,18,14,32,0.56
mMbS,9,10,19,0.47
mMbb,13,12,25,0.52
mMbl,4,1,5,0.8
mMbm,8,6,14,0.57
mMbn,13,8,21,0.62
mMbs,4,3,7,0.57
mMhB,3,7,10,0.3
mMhD,0,1,1,0.0
mMhH,1,0,1,1.0
mMhI,1,0,1,1.0
mMhL,3,3,6,0.5
mMhM,6,7,13,0.46
mMhN,8,12,20,0.4
mMhP,6,16,22,0.27
mMhS,7,9,16,0.44
mMhb,13,3,16,0.81
mMhh,6,6,12,0.5
mMhl,4,2,6,0.67
mMhm,6,3,9,0.67
mMhn,11,10,21,0.52
mMhs,8,5,13,0.62
mMht,0,2,2,0.0
mMjB,1,2,3,0.33
mMjH,0,2,2,0.0
mMjL,3,3,6,0.5
mMjM,2,4,6,0.33
mMjN,3,6,9,0.33
mMjP,6,7,13,0.46
mMjS,5,3,8,0.62
mMjb,5,1,6,0.83
mMjh,0,0,0,
mMjl,0,3,3,0.0
mMjm,4,4,8,0.5
mMjn,2,2,4,0.5
mMjs,1,1,2,0.5
mMjt,0,1,1,0.0
mMlB,0,0,0,
mMlH,8,7,15,0.53
mMlI,1,0,1,1.0
mMlJ,3,2,5,0.6
mMlK,0,1,1,0.0
mMlM,2,6,8,0.25
mMlN,6,6,12,0.5
mMlP,5,5,10,0.5
mMlS,3,6,9,0.33
mMlb,2,0,2,1.0
mMll,2,1,3,0.67
mMlm,2,1,3,0.67
mMln,7,8,15,0.47
mMls,2,3,5,0.4
mMmB,3,9,12,0.25
mMmD,4,1,5,0.8
mMmH,7,12,19,0.37
mMmI,2,3,5,0.4
mMmJ,3,2,5,0.6
mMmL,3,3,6,0.5
mMmM,7,12,19,0.37
mMmN,14,9,23,0.61
mMmP,15,13,28,0.54
mMmS,10,10,20,0.5
mMmb,13,3,16,0.81
mMml,3,2,5,0.6
mMmm,5,4,9,0.56
mMmn,9,8,17,0.53
mMms,4,9,13,0.31
mMnB,9,8,17,0.53
mMnD,2,1,3,0.67
mMnH,5,12,17,0.29
mMnI,2,0,2,1.0
mMnL,6,2,8,0.75
mMnM,11,12,23,0.48
mMnN,19,25,44,0.43
mMnP,25,27,52,0.48
mMnS,6,16,22,0.27
mMnb,15,8,23,0.65
mMnh,0,1,1,0.0
mMnl,7,4,11,0.64
mMnm,16,6,22,0.73
mMnn,23,18,41,0.56
mMns,7,13,20,0.35
mMsB,1,8,9,0.11
mMsD,3,0,3,1.0
mMsH,4,11,15,0.27
mMsI,0,0,0,
mMsK,1,0,1,1.0
mMsL,3,1,4,0.75
mMsM,5,8,13,0.38
mMsN,9,6,15,0.6
mMsP,8,8,16,0.5
mMsS,5,11,16,0.31
mMsb,9,5,14,0.64
mMsh,1,0,1,1.0
mMsl,2,4,6,0.33
mMsm,7,7,14,0.5
mMsn,7,5,12,0.58
mMss,6,7,13,0.46
mMtB,2,2,4,0.5
mMtD,1,0,1,1.0
mMtH,3,2,5,0.6
mMtK,1,0,1,1.0
mMtM,3,1,4,0.75
mMtN,2,2,4,0.5
mMtP,1,4,5,0.2
mMtS,2,2,4,0.5
mMtb,1,3,4,0.25
mMtl,0,1,1,0.0
mMtm,2,2,4,0.5
mMtn,1,2,3,0.33
mMts,1,0,1,1.0
mNBB,11,10,21,0.52
mNBD,0,2,2,0.0
mNBK,0,1,1,0.0
mNBL,2,4,6,0.33
mNBM,8,8,16,0.5
mNBN,13,12,25,0.52
mNBP,19,8,27,0.7
mNBS,5,7,12,0.42
mNBb,9,8,17,0.53
mNBh,0,2,2,0.0
mNBj,1,0,1,1.0
mNBl,4,2,6,0.67
mNBm,8,6,14,0.57
mNBn,12,17,29,0.41
mNBs,6,2,8,0.75
mNBt,2,1,3,0.67
mNDB,0,4,4,0.0
mNDD,1,0,1,1.0
mNDH,1,5,6,0.17
mNDL,1,1,2,0.5
mNDM,1,1,2,0.5
mNDN,4,4,8,0.5
mNDP,2,2,4,0.5
mNDS,0,2,2,0.0
mNDm,0,1,1,0.0
mNDn,2,1,3,0.67
mNDs,2,0,2,1.0
mNHB,1,1,2,0.5
mNHH,0,2,2,0.0
mNHL,1,0,1,1.0
mNHM,2,2,4,0.5
mNHN,3,3,6,0.5
mNHP,3,2,5,0.6
mNHS,0,1,1,0.0
mNHb,5,3,8,0.62
mNHl,3,1,4,0.75
mNHm,3,1,4,0.75
mNHn,3,3,6,0.5
mNHs,0,1,1,0.0
mNIP,1,0,1,1.0
mNKB,0,2,2,0.0
mNKH,1,0,1,1.0
mNKM,1,1,2,0.5
mNKN,1,0,1,1.0
mNKP,3,1,4,0.75
mNKS,0,2,2,0.0
mNKm,1,0,1,1.0
mNKn,2,0,2,1.0
mNKs,1,2,3,0.33
mNLB,3,5,8,0.38
mNLD,0,1,1,0.0
mNLL,0,2,2,0.0
mNLM,2,7,9,0.22
mNLN,3,3,6,0.5
mNLP,9,5,14,0.64
mNLS,4,1,5,0.8
mNLb,4,2,6,0.67
mNLh,1,2,3,0.33
mNLj,1,1,2,0.5
mNLl,2,1,3,0.67
mNLm,1,0,1,1.0
mNLn,2,9,11,0.18
mNLs,1,2,3,0.33
mNLt,2,0,2,1.0
mNMB,9,8,17,0.53
mNML,4,2,6,0.67
mNMM,10,11,21,0.48
mNMN,13,16,29,0.45
mNMP,20,19,39,0.51
mNMS,7,5,12,0.58
mNMb,11,12,23,0.48
mNMh,5,12,17,0.29
mNMj,2,3,5,0.4
mNMl,3,5,8,0.38
mNMm,13,13,26,0.5
mNMn,22,16,38,0.58
mNMs,8,4,12,0.67
mNMt,1,2,3,0.33
mNNB,8,12,20,0.4
mNND,2,0,2,1.0
mNNH,6,1,7,0.86
mNNI,1,0,1,1.0
mNNK,0,2,2,0.0
mNNL,8,1,9,0.89
mNNM,10,9,19,0.53
mNNN,16,24,40,0.4
mNNP,23,21,44,0.52
mNNS,8,11,19,0.42
mNNb,12,15,27,0.44
mNNh,7,5,12,0.58
mNNl,5,3,8,0.62
mNNm,17,3,20,0.85
mNNn,23,16,39,0.59
mNNs,17,9,26,0.65
mNNt,1,3,4,0.25
mNPB,15,17,32,0.47
mNPD,1,0,1,1.0
mNPH,5,8,13,0.38
mNPI,2,4,6,0.33
mNPK,2,1,3,0.67
mNPL,10,8,18,0.56
mNPM,16,20,36,0.44
mNPN,20,32,52,0.38
mNPP,36,35,71,0.51
mNPS,17,25,42,0.4
mNPb,22,12,34,0.65
mNPh,2,1,3,0.67
mNPl,10,7,17,0.59
mNPm,19,13,32,0.59
mNPn,22,21,43,0.51
mNPs,24,15,39,0.62
mNPt,2,1,3,0.67
mNSB,4,12,16,0.25
mNSD,1,2,3,0.33
mNSH,2,5,7,0.29
mNSI,1,0,1,1.0
mNSL,5,4,9,0.56
mNSM,6,6,12,0.5
mNSN,10,13,23,0.43
mNSP,19,14,33,0.58
mNSS,11,2,13,0.85
mNSb,3,10,13,0.23
mNSh,9,8,17,0.53
mNSl,3,2,5,0.6
mNSm,13,7,20,0.65
mNSn,11,14,25,0.44
mNSs,13,4,17,0.76
mNSt,0,2,2,0.0
mNbB,8,6,14,0.57
mNbD,1,0,1,1.0
mNbH,2,1,3,0.67
mNbI,2,1,3,0.67
mNbJ,4,3,7,0.57
mNbK,1,0,1,1.0
mNbL,6,4,10,0.6
mNbM,8,18,26,0.31
mNbN,14,17,31,0.45
mNbP,18,14,32,0.56
mNbS,3,9,12,0.25
mNbb,12,11,23,0.52
mNbl,2,1,3,0.67
mNbm,8,7,15,0.53
mNbn,5,11,16,0.31
mNbs,10,9,19,0.53
mNhB,4,3,7,0.57
mNhD,0,1,1,0.0
mNhH,0,0,0,
mNhI,0,0,0,
mNhL,0,0,0,
mNhM,0,4,4,0.0
mNhN,2,3,5,0.4
mNhP,3,9,12,0.25
mNhS,3,3,6,0.5
mNhb,5,5,10,0.5
mNhh,2,1,3,0.67
mNhm,2,1,3,0.67
mNhn,4,7,11,0.36
mNhs,2,3,5,0.4
mNlB,2,2,4,0.5
mNlD,0,0,0,
mNlH,3,2,5,0.6
mNlI,0,1,1,0.0
mNlJ,1,3,4,0.25
mNlL,1,2,3,0.33
mNlM,3,7,10,0.3
mNlN,4,9,13,0.31
mNlP,6,4,10,0.6
mNlS,3,2,5,0.6
mNlb,7,4,11,0.64
mNll,1,2,3,0.33
mNlm,3,5,8,0.38
mNln,4,8,12,0.33
mNls,0,1,1,0.0
mNmB,6,7,13,0.46
mNmD,4,2,6,0.67
mNmH,8,7,15,0.53
mNmI,1,2,3,0.33
mNmJ,3,1,4,0.75
mNmL,2,3,5,0.4
mNmM,6,7,13,0.46
mNmN,11,13,24,0.46
mNmP,16,10,26,0.62
mNmS,6,4,10,0.6
mNmb,12,9,21,0.57
mNml,3,5,8,0.38
mNmm,3,6,9,0.33
mNmn,14,13,27,0.52
mNms,3,4,7,0.43
mNnB,14,16,30,0.47
mNnD,1,5,6,0.17
mNnH,5,12,17,0.29
mNnI,6,5,11,0.55
mNnK,0,2,2,0.0
mNnL,8,10,18,0.44
mNnM,15,19,34,0.44
mNnN,29,27,56,0.52
mNnP,25,24,49,0.51
mNnS,18,10,28,0.64
mNnb,15,16,31,0.48
mNnh,1,1,2,0.5
mNnl,5,2,7,0.71
mNnm,15,9,24,0.62
mNnn,15,18,33,0.45
mNns,11,12,23,0.48
mNnt,0,0,0,
mNsB,3,4,7,0.43
mNsD,2,0,2,1.0
mNsH,3,8,11,0.27
mNsI,0,1,1,0.0
mNsL,2,3,5,0.4
mNsM,8,7,15,0.53
mNsN,6,10,16,0.38
mNsP,7,14,21,0.33
mNsS,11,12,23,0.48
mNsb,2,8,10,0.2
mNsl,4,4,8,0.5
mNsm,10,12,22,0.45
mNsn,10,7,17,0.59
mNss,11,6,17,0.65
mNtB,1,4,5,0.2
mNtD,1,0,1,1.0
mNtH,0,4,4,0.0
mNtL,2,0,2,1.0
mNtM,2,2,4,0.5
mNtN,5,1,6,0.83
mNtP,6,4,10,0.6
mNtS,3,1,4,0.75
mNtb,3,2,5,0.6
mNtl,1,0,1,1.0
mNtm,1,3,4,0.25
mNtn,3,2,5,0.6
mNts,1,0,1,1.0
mNtt,0,1,1,0.0
mPBB,13,10,23,0.57
mPBD,1,1,2,0.5
mPBK,0,1,1,0.0
mPBL,2,3,5,0.4
mPBM,10,13,23,0.43
mPBN,12,18,30,0.4
mPBP,17,15,32,0.53
mPBS,9,2,11,0.82
mPBb,16,9,25,0.64
mPBh,1,0,1,1.0
mPBj,1,3,4,0.25
mPBl,5,4,9,0.56
mPBm,22,12,34,0.65
mPBn,17,8,25,0.68
mPBs,5,5,10,0.5
mPBt,2,0,2,1.0
mPDB,0,2,2,0.0
mPDH,3,1,4,0.75
mPDM,0,1,1,0.0
mPDN,3,5,8,0.38
mPDP,4,1,5,0.8
mPDS,0,2,2,0.0
mPDb,2,1,3,0.67
mPDl,3,1,4,0.75
mPDm,1,0,1,1.0
mPDn,0,2,2,0.0
mPDs,2,1,3,0.67
mPDt,0,1,1,0.0
mPHB,2,4,6,0.33
mPHH,1,2,3,0.33
mPHI,2,0,2,1.0
mPHL,1,2,3,0.33
mPHM,4,3,7,0.57
mPHN,1,1,2,0.5
mPHP,1,4,5,0.2
mPHS,5,1,6,0.83
mPHb,2,1,3,0.67
mPHh,2,2,4,0.5
mPHl,2,0,2,1.0
mPHm,5,3,8,0.62
mPHn,4,3,7,0.57
mPHs,3,3,6,0.5
mPIB,0,1,1,0.0
mPIH,1,1,2,0.5
mPIL,1,2,3,0.33
mPIN,0,1,1,0.0
mPIP,0,3,3,0.0
mPIS,1,0,1,1.0
mPIb,0,1,1,0.0
mPIl,0,1,1,0.0
mPIm,1,0,1,1.0
mPIn,2,0,2,1.0
mPIs,2,0,2,1.0
mPKL,1,0,1,1.0
mPKM,0,1,1,0.0
mPKN,2,4,6,0.33
mPKP,0,1,1,0.0
mPKb,2,2,4,0.5
mPKh,2,1,3,0.67
mPKm,1,1,2,0.5
mPKs,1,0,1,1.0
mPLB,5,2,7,0.71
mPLD,1,1,2,0.5
mPLL,1,3,4,0.25
mPLM,4,6,10,0.4
mPLN,6,7,13,0.46
mPLP,10,8,18,0.56
mPLS,6,4,10,0.6
mPLb,7,5,12,0.58
mPLh,1,1,2,0.5
mPLj,2,4,6,0.33
mPLl,2,6,8,0.25
mPLm,5,6,11,0.45
mPLn,9,11,20,0.45
mPLs,7,3,10,0.7
mPLt,1,0,1,1.0
mPMB,6,10,16,0.38
mPMD,3,0,3,1.0
mPMH,1,0,1,1.0
mPMI,1,0,1,1.0
mPML,2,6,8,0.25
mPMM,6,13,19,0.32
mPMN,11,12,23,0.48
mPMP,15,10,25,0.6
mPMS,5,8,13,0.38
mPMb,12,18,30,0.4
mPMh,12,14,26,0.46
mPMj,3,2,5,0.6
mPMl,8,12,20,0.4
mPMm,11,7,18,0.61
mPMn,18,29,47,0.38
mPMs,7,12,19,0.37
mPMt,2,0,2,1.0
mPNB,13,12,25,0.52
mPND,0,0,0,
mPNH,4,3,7,0.57
mPNK,0,1,1,0.0
mPNL,1,8,9,0.11
mPNM,20,15,35,0.57
mPNN,22,19,41,0.54
mPNP,23,37,60,0.38
mPNS,5,14,19,0.26
mPNb,16,23,39,0.41
mPNh,2,3,5,0.4
mPNl,4,4,8,0.5
mPNm,20,10,30,0.67
mPNn,15,10,25,0.6
mPNs,8,7,15,0.53
mPNt,2,4,6,0.33
mPPB,20,18,38,0.53
mPPD,3,1,4,0.75
mPPH,6,4,10,0.6
mPPI,3,2,5,0.6
mPPK,2,1,3,0.67
mPPL,13,18,31,0.42
mPPM,16,25,41,0.39
mPPN,13,22,35,0.37
mPPP,33,42,75,0.44
mPPS,16,18,34,0.47
mPPb,32,16,48,0.67
mPPh,1,6,7,0.14
mPPl,16,6,22,0.73
mPPm,19,21,40,0.48
mPPn,24,17,41,0.59
mPPs,24,17,41,0.59
mPPt,3,3,6,0.5
mPSB,5,8,13,0.38
mPSD,2,3,5,0.4
mPSH,6,7,13,0.46
mPSK,1,0,1,1.0
mPSL,2,5,7,0.29
mPSM,9,7,16,0.56
mPSN,9,13,22,0.41
mPSP,16,7,23,0.7
mPSS,7,9,16,0.44
mPSb,3,11,14,0.21
mPSh,3,5,8,0.38
mPSl,3,8,11,0.27
mPSm,5,9,14,0.36
mPSn,11,8,19,0.58
mPSs,7,9,16,0.44
mPSt,2,1,3,0.67
mPbB,17,15,32,0.53
mPbD,0,1,1,0.0
mPbH,4,4,8,0.5
mPbI,3,2,5,0.6
mPbJ,5,1,6,0.83
mPbL,6,4,10,0.6
mPbM,12,10,22,0.55
mPbN,15,11,26,0.58
mPbP,21,13,34,0.62
mPbS,11,7,18,0.61
mPbb,14,20,34,0.41
mPbl,5,7,12,0.42
mPbm,15,14,29,0.52
mPbn,9,6,15,0.6
mPbs,5,6,11,0.45
mPhB,0,1,1,0.0
mPhL,0,1,1,0.0
mPhM,1,0,1,1.0
mPhN,1,1,2,0.5
mPhP,1,0,1,1.0
mPhS,0,2,2,0.0
mPhb,2,1,3,0.67
mPhh,0,1,1,0.0
mPhl,1,0,1,1.0
mPhm,0,2,2,0.0
mPhn,0,2,2,0.0
mPhs,0,1,1,0.0
mPlB,3,6,9,0.33
mPlH,1,2,3,0.33
mPlI,0,1,1,0.0
mPlJ,1,2,3,0.33
mPlL,1,6,7,0.14
mPlM,1,4,5,0.2
mPlN,6,3,9,0.67
mPlP,7,9,16,0.44
mPlS,5,2,7,0.71
mPlb,10,8,18,0.56
mPll,1,1,2,0.5
mPlm,7,7,14,0.5
mPln,6,5,11,0.55
mPls,3,3,6,0.5
mPmB,9,8,17,0.53
mPmD,3,0,3,1.0
mPmH,4,6,10,0.4
mPmI,0,2,2,0.0
mPmJ,3,4,7,0.43
mPmL,6,5,11,0.55
mPmM,7,10,17,0.41
mPmN,13,14,27,0.48
mPmP,10,19,29,0.34
mPmS,6,9,15,0.4
mPmb,11,16,27,0.41
mPml,5,0,5,1.0
mPmm,9,6,15,0.6
mPmn,12,7,19,0.63
mPms,6,6,12,0.5
mPnB,14,10,24,0.58
mPnD,1,1,2,0.5
mPnH,5,7,12,0.42
mPnI,2,6,8,0.25
mPnK,1,1,2,0.5
mPnL,8,8,16,0.5
mPnM,11,14,25,0.44
mPnN,16,17,33,0.48
mPnP,20,20,40,0.5
mPnS,7,11,18,0.39
mPnb,11,15,26,0.42
mPnh,0,1,1,0.0
mPnl,9,4,13,0.69
mPnm,8,8,16,0.5
mPnn,15,12,27,0.56
mPns,12,8,20,0.6
mPsB,7,11,18,0.39
mPsD,1,1,2,0.5
mPsH,6,4,10,0.6
mPsI,1,0,1,1.0
mPsL,3,6,9,0.33
mPsM,9,12,21,0.43
mPsN,12,8,20,0.6
mPsP,7,6,13,0.54
mPsS,7,19,26,0.27
mPsb,4,5,9,0.44
mPsl,4,4,8,0.5
mPsm,6,6,12,0.5
mPsn,8,12,20,0.4
mPss,5,8,13,0.38
mPst,1,0,1,1.0
mPtB,2,1,3,0.67
mPtD,0,1,1,0.0
mPtH,0,2,2,0.0
mPtK,1,0,1,1.0
mPtL,1,1,2,0.5
mPtM,2,0,2,1.0
mPtN,2,2,4,0.5
mPtP,0,2,2,0.0
mPtS,1,2,3,0.33
mPtb,2,1,3,0.67
mPtl,1,0,1,1.0
mPtm,2,0,2,1.0
mPtn,4,0,4,1.0
mPts,1,1,2,0.5
mPtt,0,1,1,0.0
mSBB,2,4,6,0.33
mSBH,0,1,1,0.0
mSBK,1,0,1,1.0
mSBL,3,2,5,0.6
mSBM,3,4,7,0.43
mSBN,4,11,15,0.27
mSBP,12,6,18,0.67
mSBS,3,0,3,1.0
mSBb,6,6,12,0.5
mSBh,0,2,2,0.0
mSBj,1,0,1,1.0
mSBl,4,2,6,0.67
mSBm,6,4,10,0.6
mSBn,9,10,19,0.47
mSBs,2,4,6,0.33
mSDB,2,0,2,1.0
mSDD,1,0,1,1.0
mSDH,0,4,4,0.0
mSDL,0,0,0,
mSDM,1,0,1,1.0
mSDN,0,1,1,0.0
mSDP,2,0,2,1.0
mSDS,1,0,1,1.0
mSDm,0,0,0,
mSDn,2,0,2,1.0
mSDs,1,0,1,1.0
mSHB,1,2,3,0.33
mSHH,0,1,1,0.0
mSHL,1,1,2,0.5
mSHM,0,0,0,
mSHN,0,1,1,0.0
mSHP,2,4,6,0.33
mSHS,3,3,6,0.5
mSHb,4,1,5,0.8
mSHh,1,2,3,0.33
mSHl,1,1,2,0.5
mSHm,0,1,1,0.0
mSHn,0,3,3,0.0
mSHs,2,2,4,0.5
mSIm,1,0,1,1.0
mSKH,1,0,1,1.0
mSKM,1,0,1,1.0
mSKP,0,2,2,0.0
mSLB,2,3,5,0.4
mSLD,0,0,0,
mSLM,2,3,5,0.4
mSLN,3,2,5,0.6
mSLP,4,4,8,0.5
mSLS,0,2,2,0.0
mSLb,2,2,4,0.5
mSLh,0,1,1,0.0
mSLj,2,2,4,0.5
mSLl,4,2,6,0.67
mSLm,2,1,3,0.67
mSLn,2,3,5,0.4
mSLs,3,2,5,0.6
mSLt,0,0,0,
mSMB,6,8,14,0.43
mSMD,0,2,2,0.0
mSML,1,2,3,0.33
mSMM,5,8,13,0.38
mSMN,5,5,10,0.5
mSMP,7,8,15,0.47
mSMS,2,8,10,0.2
mSMb,11,3,14,0.79
mSMh,1,7,8,0.12
mSMj,0,1,1,0.0
mSMl,4,0,4,1.0
mSMm,7,3,10,0.7
mSMn,11,8,19,0.58
mSMs,3,8,11,0.27
mSMt,1,0,1,1.0
mSNB,4,6,10,0.4
mSND,1,1,2,0.5
mSNH,1,0,1,1.0
mSNK,1,0,1,1.0
mSNL,2,4,6,0.33
mSNM,8,7,15,0.53
mSNN,5,11,16,0.31
mSNP,17,9,26,0.65
mSNS,7,8,15,0.47
mSNb,2,3,5,0.4
mSNh,0,3,3,0.0
mSNl,1,4,5,0.2
mSNm,5,4,9,0.56
mSNn,5,13,18,0.28
mSNs,4,4,8,0.5
mSNt,3,0,3,1.0
mSPB,11,6,17,0.65
mSPD,0,1,1,0.0
mSPH,0,4,4,0.0
mSPI,0,1,1,0.0
mSPK,0,1,1,0.0
mSPL,6,4,10,0.6
mSPM,8,8,16,0.5
mSPN,12,3,15,0.8
mSPP,15,13,28,0.54
mSPS,12,10,22,0.55
mSPb,8,10,18,0.44
mSPh,1,0,1,1.0
mSPl,5,1,6,0.83
mSPm,7,3,10,0.7
mSPn,8,9,17,0.47
mSPs,7,8,15,0.47
mSPt,4,2,6,0.67
mSSB,3,6,9,0.33
mSSD,0,1,1,0.0
mSSH,2,3,5,0.4
mSSL,0,3,3,0.0
mSSM,4,4,8,0.5
mSSN,5,6,11,0.45
mSSP,16,5,21,0.76
mSSS,8,12,20,0.4
mSSb,7,3,10,0.7
mSSh,5,5,10,0.5
mSSl,2,7,9,0.22
mSSm,5,3,8,0.62
mSSn,9,5,14,0.64
mSSs,15,14,29,0.52
mSbB,8,2,10,0.8
mSbD,1,0,1,1.0
mSbH,3,2,5,0.6
mSbI,2,2,4,0.5
mSbJ,0,1,1,0.0
mSbK,1,0,1,1.0
mSbL,3,1,4,0.75
mSbM,3,8,11,0.27
mSbN,9,6,15,0.6
mSbP,8,10,18,0.44
mSbS,1,7,8,0.12
mSbb,4,6,10,0.4
mSbl,2,0,2,1.0
mSbm,4,4,8,0.5
mSbn,2,5,7,0.29
mSbs,2,4,6,0.33
mShB,1,3,4,0.25
mShD,1,1,2,0.5
mShH,1,2,3,0.33
mShI,0,1,1,0.0
mShL,0,2,2,0.0
mShM,4,6,10,0.4
mShN,3,3,6,0.5
mShP,4,1,5,0.8
mShS,3,3,6,0.5
mShb,1,1,2,0.5
mShh,6,2,8,0.75
mShl,1,1,2,0.5
mShm,6,4,10,0.6
mShn,1,4,5,0.2
mShs,4,1,5,0.8
mSlB,1,4,5,0.2
mSlD,1,0,1,1.0
mSlH,1,4,5,0.2
mSlI,0,0,0,
mSlJ,1,1,2,0.5
mSlL,1,1,2,0.5
mSlM,2,2,4,0.5
mSlN,2,3,5,0.4
mSlP,5,1,6,0.83
mSlS,1,1,2,0.5
mSlb,2,1,3,0.67
mSll,2,0,2,1.0
mSlm,0,1,1,0.0
mSln,1,1,2,0.5
mSls,1,1,2,0.5
mSmB,4,4,8,0.5
mSmD,1,2,3,0.33
mSmH,5,3,8,0.62
mSmI,1,0,1,1.0
mSmJ,1,1,2,0.5
mSmL,0,2,2,0.0
mSmM,5,8,13,0.38
mSmN,9,8,17,0.53
mSmP,6,4,10,0.6
mSmS,4,7,11,0.36
mSmb,6,9,15,0.4
mSml,1,3,4,0.25
mSmm,8,3,11,0.73
mSmn,3,9,12,0.25
mSms,4,3,7,0.57
mSnB,3,8,11,0.27
mSnD,3,0,3,1.0
mSnH,5,6,11,0.45
mSnI,0,1,1,0.0
mSnK,0,0,0,
mSnL,1,3,4,0.25
mSnM,6,7,13,0.46
mSnN,11,5,16,0.69
mSnP,13,20,33,0.39
mSnS,11,9,20,0.55
mSnb,7,5,12,0.58
mSnl,5,2,7,0.71
mSnm,8,8,16,0.5
mSnn,14,5,19,0.74
mSns,7,3,10,0.7
mSsB,6,4,10,0.6
mSsD,1,0,1,1.0
mSsH,6,8,14,0.43
mSsI,2,1,3,0.67
mSsK,0,1,1,0.0
mSsL,4,2,6,0.67
mSsM,7,7,14,0.5
mSsN,5,14,19,0.26
mSsP,8,11,19,0.42
mSsS,10,11,21,0.48
mSsb,10,10,20,0.5
mSsl,2,1,3,0.67
mSsm,9,7,16,0.56
mSsn,4,9,13,0.31
mSss,6,14,20,0.3
mSst,1,0,1,1.0
mStB,2,2,4,0.5
mStH,0,1,1,0.0
mStI,1,0,1,1.0
mStL,2,3,5,0.4
mStM,1,3,4,0.25
mStN,3,4,7,0.43
mStP,3,2,5,0.6
mStS,1,3,4,0.25
mStb,1,1,2,0.5
mStl,1,1,2,0.5
mStm,3,1,4,0.75
mStn,1,0,1,1.0
mSts,3,0,3,1.0
mStt,2,0,2,1.0
mbBB,12,4,16,0.75
mbBD,0,2,2,0.0
mbBK,1,1,2,0.5
mbBL,5,2,7,0.71
mbBM,3,13,16,0.19
mbBN,16,15,31,0.52
mbBP,12,9,21,0.57
mbBS,4,6,10,0.4
mbBb,9,12,21,0.43
mbBh,0,2,2,0.0
mbBj,5,6,11,0.45
mbBl,6,3,9,0.67
mbBm,10,4,14,0.71
mbBn,14,24,38,0.37
mbBs,9,4,13,0.69
mbBt,2,3,5,0.4
mbDB,2,0,2,1.0
mbDH,2,1,3,0.67
mbDL,2,0,2,1.0
mbDN,0,1,1,0.0
mbDP,2,1,3,0.67
mbDS,1,0,1,1.0
mbDm,1,1,2,0.5
mbDn,0,1,1,0.0
mbDs,2,1,3,0.67
mbDt,2,0,2,1.0
mbHB,5,3,8,0.62
mbHH,1,0,1,1.0
mbHK,0,2,2,0.0
mbHL,0,2,2,0.0
mbHM,1,4,5,0.2
mbHN,2,1,3,0.67
mbHP,3,2,5,0.6
mbHS,3,2,5,0.6
mbHb,0,1,1,0.0
mbHh,1,0,1,1.0
mbHl,2,0,2,1.0
mbHm,5,1,6,0.83
mbHn,2,1,3,0.67
mbHs,2,3,5,0.4
mbIB,1,0,1,1.0
mbII,0,1,1,0.0
mbIL,2,0,2,1.0
mbIM,1,0,1,1.0
mbIN,3,1,4,0.75
mbIP,0,2,2,0.0
mbIS,1,3,4,0.25
mbIm,2,0,2,1.0
mbIn,1,0,1,1.0
mbIs,1,1,2,0.5
mbJB,6,5,11,0.55
mbJI,0,0,0,
mbJK,0,0,0,
mbJL,1,3,4,0.25
mbJM,2,2,4,0.5
mbJN,6,5,11,0.55
mbJP,6,1,7,0.86
mbJS,1,3,4,0.25
mbJb,4,1,5,0.8
mbJh,0,2,2,0.0
mbJl,1,1,2,0.5
mbJm,1,4,5,0.2
mbJn,4,4,8,0.5
mbJs,0,2,2,0.0
mbJt,1,1,2,0.5
mbKD,0,1,1,0.0
mbKL,0,1,1,0.0
mbKM,1,2,3,0.33
mbKN,0,1,1,0.0
mbKP,3,0,3,1.0
mbKS,1,0,1,1.0
mbKh,1,1,2,0.5
mbKn,2,2,4,0.5
mbLB,5,4,9,0.56
mbLD,1,1,2,0.5
mbLK,0,1,1,0.0
mbLL,2,0,2,1.0
mbLM,4,2,6,0.67
mbLN,4,2,6,0.67
mbLP,3,4,7,0.43
mbLS,0,1,1,0.0
mbLb,0,5,5,0.0
mbLh,2,3,5,0.4
mbLj,1,0,1,1.0
mbLl,3,4,7,0.43
mbLm,6,4,10,0.6
mbLn,7,6,13,0.54
mbLs,2,5,7,0.29
mbLt,1,1,2,0.5
mbMB,7,8,15,0.47
mbMD,0,1,1,0.0
mbMH,1,0,1,1.0
mbML,3,1,4,0.75
mbMM,13,16,29,0.45
mbMN,12,14,26,0.46
mbMP,13,8,21,0.62
mbMS,7,7,14,0.5
mbMb,12,16,28,0.43
mbMh,8,6,14,0.57
mbMj,4,5,9,0.44
mbMl,7,3,10,0.7
mbMm,9,5,14,0.64
mbMn,13,13,26,0.5
mbMs,7,3,10,0.7
mbMt,0,2,2,0.0
mbNB,14,16,30,0.47
mbND,2,2,4,0.5
mbNH,0,4,4,0.0
mbNK,1,0,1,1.0
mbNL,5,7,12,0.42
mbNM,12,14,26,0.46
mbNN,17,15,32,0.53
mbNP,28,21,49,0.57
mbNS,7,3,10,0.7
mbNb,14,8,22,0.64
mbNh,1,4,5,0.2
mbNl,6,6,12,0.5
mbNm,15,11,26,0.58
mbNn,23,13,36,0.64
mbNs,6,9,15,0.4
mbNt,4,4,8,0.5
mbPB,18,11,29,0.62
mbPD,2,2,4,0.5
mbPH,1,6,7,0.14
mbPI,1,0,1,1.0
mbPK,4,2,6,0.67
mbPL,8,6,14,0.57
mbPM,14,19,33,0.42
mbPN,16,23,39,0.41
mbPP,28,21,49,0.57
mbPS,8,8,16,0.5
mbPb,17,9,26,0.65
mbPh,1,3,4,0.25
mbPl,8,0,8,1.0
mbPm,13,12,25,0.52
mbPn,21,9,30,0.7
mbPs,6,9,15,0.4
mbPt,0,3,3,0.0
mbSB,0,3,3,0.0
mbSD,0,2,2,0.0
mbSH,4,2,6,0.67
mbSK,1,0,1,1.0
mbSL,2,1,3,0.67
mbSM,7,5,12,0.58
mbSN,5,4,9,0.56
mbSP,6,3,9,0.67
mbSS,8,8,16,0.5
mbSb,8,2,10,0.8
mbSh,5,2,7,0.71
mbSl,1,0,1,1.0
mbSm,2,5,7,0.29
mbSn,7,7,14,0.5
mbSs,3,3,6,0.5
mbSt,1,1,2,0.5
mbbB,23,17,40,0.57
mbbH,5,0,5,1.0
mbbI,1,0,1,1.0
mbbJ,4,6,10,0.4
mbbK,1,0,1,1.0
mbbL,4,2,6,0.67
mbbM,12,19,31,0.39
mbbN,16,13,29,0.55
mbbP,18,10,28,0.64
mbbS,8,6,14,0.57
mbbb,16,14,30,0.53
mbbl,3,1,4,0.75
mbbm,7,4,11,0.64
mbbn,11,14,25,0.44
mbbs,3,2,5,0.6
mblB,5,2,7,0.71
mblH,4,1,5,0.8
mblI,2,1,3,0.67
mblJ,0,3,3,0.0
mblL,1,3,4,0.25
mblM,3,3,6,0.5
mblN,6,3,9,0.67
mblP,9,2,11,0.82
mblS,4,1,5,0.8
mblb,7,4,11,0.64
mbll,2,2,4,0.5
mblm,2,0,2,1.0
mbln,1,0,1,1.0
mbls,2,2,4,0.5
mbmB,9,9,18,0.5
mbmD,1,0,1,1.0
mbmH,9,2,11,0.82
mbmJ,0,1,1,0.0
mbmL,3,2,5,0.6
mbmM,6,16,22,0.27
mbmN,9,12,21,0.43
mbmP,17,12,29,0.59
mbmS,4,7,11,0.36
mbmb,16,7,23,0.7
mbml,2,3,5,0.4
mbmm,6,3,9,0.67
mbmn,10,6,16,0.62
mbms,5,4,9,0.56
mbnB,12,8,20,0.6
mbnD,1,0,1,1.0
mbnH,5,6,11,0.45
mbnI,0,0,0,
mbnK,1,0,1,1.0
mbnL,7,5,12,0.58
mbnM,11,11,22,0.5
mbnN,13,17,30,0.43
mbnP,23,14,37,0.62
mbnS,6,2,8,0.75
mbnb,12,11,23,0.52
mbnl,4,1,5,0.8
mbnm,7,6,13,0.54
mbnn,11,8,19,0.58
mbns,3,6,9,0.33
mbsB,1,0,1,1.0
mbsH,2,3,5,0.4
mbsI,0,1,1,0.0
mbsL,2,1,3,0.67
mbsM,3,6,9,0.33
mbsN,3,1,4,0.75
mbsP,2,11,13,0.15
mbsS,5,1,6,0.83
mbsb,2,0,2,1.0
mbsl,3,2,5,0.6
mbsm,2,2,4,0.5
mbsn,2,3,5,0.4
mbss,4,1,5,0.8
mhIP,1,0,1,1.0
mhMs,1,0,1,1.0
mhSh,0,0,0,
mhhM,0,1,1,0.0
mhmN,0,1,1,0.0
mhnl,1,0,1,1.0
mhnm,1,0,1,1.0
mhnn,0,1,1,0.0
mhsS,0,1,1,0.0
mhsl,1,1,2,0.5
mlBB,1,2,3,0.33
mlBL,1,2,3,0.33
mlBM,4,4,8,0.5
mlBN,6,5,11,0.55
mlBP,5,7,12,0.42
mlBS,1,1,2,0.5
mlBb,3,2,5,0.6
mlBj,0,2,2,0.0
mlBl,1,0,1,1.0
mlBm,3,5,8,0.38
mlBn,7,5,12,0.58
mlBs,2,4,6,0.33
mlBt,1,0,1,1.0
mlDN,0,0,0,
mlDP,0,2,2,0.0
mlDS,0,2,2,0.0
mlDn,0,1,1,0.0
mlDt,1,1,2,0.5
mlHB,2,1,3,0.67
mlHD,1,0,1,1.0
mlHH,1,0,1,1.0
mlHI,1,0,1,1.0
mlHK,0,0,0,
mlHL,1,0,1,1.0
mlHM,0,2,2,0.0
mlHN,1,4,5,0.2
mlHP,2,3,5,0.4
mlHS,5,1,6,0.83
mlHb,2,0,2,1.0
mlHh,0,1,1,0.0
mlHm,2,1,3,0.67
mlHn,1,3,4,0.25
mlHs,0,0,0,
mlIB,1,0,1,1.0
mlII,0,0,0,
mlIL,0,1,1,0.0
mlIM,0,0,0,
mlIP,0,1,1,0.0
mlIS,1,0,1,1.0
mlJB,2,2,4,0.5
mlJH,0,4,4,0.0
mlJK,0,1,1,0.0
mlJL,2,2,4,0.5
mlJM,1,1,2,0.5
mlJP,2,1,3,0.67
mlJS,2,1,3,0.67
mlJb,2,0,2,1.0
mlJl,0,1,1,0.0
mlJm,1,2,3,0.33
mlJs,0,2,2,0.0
mlKb,1,0,1,1.0
mlKs,0,1,1,0.0
mlLB,0,2,2,0.0
mlLL,1,0,1,1.0
mlLM,0,4,4,0.0
mlLN,3,2,5,0.6
mlLP,0,3,3,0.0
mlLS,3,2,5,0.6
mlLb,2,1,3,0.67
mlLh,1,1,2,0.5
mlLl,1,2,3,0.33
mlLm,2,0,2,1.0
mlLn,3,0,3,1.0
mlLs,4,1,5,0.8
mlMB,3,2,5,0.6
mlMD,1,1,2,0.5
mlML,2,1,3,0.67
mlMM,5,3,8,0.62
mlMN,4,2,6,0.67
mlMP,7,1,8,0.88
mlMS,1,2,3,0.33
mlMb,6,2,8,0.75
mlMh,6,3,9,0.67
mlMj,0,1,1,0.0
mlMl,2,2,4,0.5
mlMm,3,4,7,0.43
mlMn,8,2,10,0.8
mlMs,4,1,5,0.8
mlMt,0,1,1,0.0
mlNB,3,5,8,0.38
mlND,1,0,1,1.0
mlNH,1,0,1,1.0
mlNL,1,2,3,0.33
mlNM,4,8,12,0.33
mlNN,3,4,7,0.43
mlNP,13,16,29,0.45
mlNS,2,1,3,0.67
mlNb,5,6,11,0.45
mlNh,0,1,1,0.0
mlNl,1,0,1,1.0
mlNm,4,4,8,0.5
mlNn,6,8,14,0.43
mlNs,3,2,5,0.6
mlNt,1,2,3,0.33
mlPB,6,4,10,0.6
mlPH,2,0,2,1.0
mlPL,2,3,5,0.4
mlPM,6,3,9,0.67
mlPN,2,5,7,0.29
mlPP,11,6,17,0.65
mlPS,2,3,5,0.4
mlPb,5,7,12,0.42
mlPh,1,0,1,1.0
mlPl,3,3,6,0.5
mlPm,1,3,4,0.25
mlPn,4,5,9,0.44
mlPs,3,2,5,0.6
mlSB,2,3,5,0.4
mlSH,0,1,1,0.0
mlSL,1,2,3,0.33
mlSN,3,2,5,0.6
mlSP,3,4,7,0.43
mlSS,3,1,4,0.75
mlSb,2,3,5,0.4
mlSh,1,4,5,0.2
mlSl,1,1,2,0.5
mlSm,1,1,2,0.5
mlSn,1,5,6,0.17
mlSs,4,3,7,0.57
mlSt,1,0,1,1.0
mlbB,4,5,9,0.44
mlbH,2,0,2,1.0
mlbJ,1,1,2,0.5
mlbK,1,0,1,1.0
mlbL,3,2,5,0.6
mlbM,5,7,12,0.42
mlbN,3,3,6,0.5
mlbP,4,8,12,0.33
mlbS,0,1,1,0.0
mlbb,4,3,7,0.57
mlbl,0,0,0,
mlbm,1,0,1,1.0
mlbn,4,3,7,0.57
mlbs,1,0,1,1.0
mllB,0,2,2,0.0
mllH,1,2,3,0.33
mllJ,0,0,0,
mllL,1,0,1,1.0
mllN,1,1,2,0.5
mllP,1,0,1,1.0
mllS,1,0,1,1.0
mllb,2,3,5,0.4
mllm,1,0,1,1.0
mlln,0,2,2,0.0
mlls,1,1,2,0.5
mlmB,4,2,6,0.67
mlmD,1,1,2,0.5
mlmH,2,2,4,0.5
mlmI,1,1,2,0.5
mlmJ,1,0,1,1.0
mlmL,0,2,2,0.0
mlmM,5,0,5,1.0
mlmN,6,3,9,0.67
mlmP,6,2,8,0.75
mlmS,0,0,0,
mlmb,5,1,6,0.83
mlml,1,1,2,0.5
mlmm,3,1,4,0.75
mlmn,2,2,4,0.5
mlms,1,1,2,0.5
mlnB,3,2,5,0.6
mlnH,1,1,2,0.5
mlnI,1,0,1,1.0
mlnM,2,4,6,0.33
mlnN,4,3,7,0.57
mlnP,6,6,12,0.5
mlnS,1,3,4,0.25
mlnb,0,2,2,0.0
mlnl,1,1,2,0.5
mlnm,1,3,4,0.25
mlnn,3,1,4,0.75
mlns,1,0,1,1.0
mlsB,0,2,2,0.0
mlsD,1,1,2,0.5
mlsH,1,1,2,0.5
mlsM,3,3,6,0.5
mlsN,4,4,8,0.5
mlsP,2,1,3,0.67
mlsS,3,0,3,1.0
mlsb,2,1,3,0.67
mlsl,2,1,3,0.67
mlsm,3,1,4,0.75
mlsn,0,2,2,0.0
mlss,1,1,2,0.5
mmBB,8,5,13,0.62
mmBD,1,1,2,0.5
mmBL,4,2,6,0.67
mmBM,9,3,12,0.75
mmBN,7,15,22,0.32
mmBP,15,10,25,0.6
mmBS,7,8,15,0.47
mmBb,7,5,12,0.58
mmBh,2,0,2,1.0
mmBj,2,1,3,0.67
mmBl,1,1,2,0.5
mmBm,11,7,18,0.61
mmBn,18,13,31,0.58
mmBs,2,5,7,0.29
mmBt,1,1,2,0.5
mmDD,1,1,2,0.5
mmDH,0,0,0,
mmDL,1,0,1,1.0
mmDM,1,1,2,0.5
mmDN,1,0,1,1.0
mmDP,0,3,3,0.0
mmDS,1,1,2,0.5
mmDb,0,1,1,0.0
mmDl,1,0,1,1.0
mmDm,2,1,3,0.67
mmDn,0,1,1,0.0
mmDs,0,1,1,0.0
mmHB,3,4,7,0.43
mmHH,0,0,0,
mmHL,3,1,4,0.75
mmHM,3,8,11,0.27
mmHN,2,4,6,0.33
mmHP,10,11,21,0.48
mmHS,2,3,5,0.4
mmHb,6,2,8,0.75
mmHh,0,3,3,0.0
mmHl,1,3,4,0.25
mmHm,5,2,7,0.71
mmHn,6,8,14,0.43
mmHs,0,3,3,0.0
mmIM,1,1,2,0.5
mmIN,1,0,1,1.0
mmIP,1,1,2,0.5
mmIS,0,1,1,0.0
mmIb,1,0,1,1.0
mmIl,0,1,1,0.0
mmIm,1,0,1,1.0
mmIn,2,0,2,1.0
mmIs,3,0,3,1.0
mmJB,4,1,5,0.8
mmJH,0,2,2,0.0
mmJI,1,0,1,1.0
mmJL,1,0,1,1.0
mmJM,1,3,4,0.25
mmJN,0,1,1,0.0
mmJP,2,5,7,0.29
mmJS,0,2,2,0.0
mmJb,4,1,5,0.8
mmJl,3,0,3,1.0
mmJm,2,0,2,1.0
mmJn,1,2,3,0.33
mmJs,1,0,1,1.0
mmLB,0,5,5,0.0
mmLD,0,1,1,0.0
mmLK,0,1,1,0.0
mmLL,0,2,2,0.0
mmLM,3,1,4,0.75
mmLN,4,3,7,0.57
mmLP,6,2,8,0.75
mmLS,3,2,5,0.6
mmLb,3,2,5,0.6
mmLh,1,5,6,0.17
mmLj,1,1,2,0.5
mmLl,1,2,3,0.33
mmLm,2,3,5,0.4
mmLn,2,2,4,0.5
mmLs,4,2,6,0.67
mmLt,0,1,1,0.0
mmMB,4,12,16,0.25
mmMD,2,1,3,0.67
mmML,0,3,3,0.0
mmMM,7,8,15,0.47
mmMN,13,7,20,0.65
mmMP,10,12,22,0.45
mmMS,2,4,6,0.33
mmMb,1,10,11,0.09
mmMh,8,2,10,0.8
mmMj,4,3,7,0.57
mmMl,2,4,6,0.33
mmMm,7,4,11,0.64
mmMn,7,13,20,0.35
mmMs,6,5,11,0.55
mmMt,1,1,2,0.5
mmNB,7,5,12,0.58
mmND,2,3,5,0.4
mmNH,1,2,3,0.33
mmNK,2,0,2,1.0
mmNL,3,0,3,1.0
mmNM,6,7,13,0.46
mmNN,15,21,36,0.42
mmNP,14,13,27,0.52
mmNS,5,10,15,0.33
mmNb,12,7,19,0.63
mmNh,1,4,5,0.2
mmNl,6,3,9,0.67
mmNm,5,5,10,0.5
mmNn,18,17,35,0.51
mmNs,6,9,15,0.4
mmNt,2,1,3,0.67
mmPB,13,7,20,0.65
mmPD,1,2,3,0.33
mmPH,3,2,5,0.6
mmPI,2,0,2,1.0
mmPL,2,3,5,0.4
mmPM,4,10,14,0.29
mmPN,8,7,15,0.53
mmPP,16,11,27,0.59
mmPS,8,7,15,0.53
mmPb,16,13,29,0.55
mmPl,2,5,7,0.29
mmPm,8,11,19,0.42
mmPn,7,9,16,0.44
mmPs,7,3,10,0.7
mmPt,4,2,6,0.67
mmSB,2,1,3,0.67
mmSD,1,2,3,0.33
mmSH,4,1,5,0.8
mmSL,1,0,1,1.0
mmSM,4,6,10,0.4
mmSN,5,7,12,0.42
mmSP,2,5,7,0.29
mmSS,8,3,11,0.73
mmSb,6,3,9,0.67
mmSh,4,1,5,0.8
mmSl,3,0,3,1.0
mmSm,3,3,6,0.5
mmSn,7,4,11,0.64
mmSs,3,4,7,0.43
mmSt,3,0,3,1.0
mmbB,8,13,21,0.38
mmbH,2,2,4,0.5
mmbI,3,1,4,0.75
mmbJ,3,3,6,0.5
mmbK,0,0,0,
mmbL,4,2,6,0.67
mmbM,12,11,23,0.52
mmbN,18,12,30,0.6
mmbP,10,8,18,0.56
mmbS,4,1,5,0.8
mmbb,16,6,22,0.73
mmbl,1,2,3,0.33
mmbm,13,7,20,0.65
mmbn,9,9,18,0.5
mmbs,2,2,4,0.5
mmhM,0,1,1,0.0
mmhh,0,0,0,
mmlB,3,1,4,0.75
mmlH,3,0,3,1.0
mmlL,0,1,1,0.0
mmlM,5,5,10,0.5
mmlN,4,3,7,0.57
mmlP,1,5,6,0.17
mmlS,0,2,2,0.0
mmlb,5,2,7,0.71
mmlm,3,0,3,1.0
mmls,2,2,4,0.5
mmmB,5,8,13,0.38
mmmH,5,4,9,0.56
mmmI,2,0,2,1.0
mmmJ,1,0,1,1.0
mmmL,1,3,4,0.25
mmmM,8,9,17,0.47
mmmN,8,9,17,0.47
mmmP,4,6,10,0.4
mmmS,4,1,5,0.8
mmmb,8,3,11,0.73
mmml,3,0,3,1.0
mmmm,9,2,11,0.82
mmmn,5,3,8,0.62
mmms,2,0,2,1.0
mmnB,6,13,19,0.32
mmnH,3,4,7,0.43
mmnI,1,0,1,1.0
mmnK,1,1,2,0.5
mmnL,1,2,3,0.33
mmnM,6,8,14,0.43
mmnN,11,10,21,0.52
mmnP,10,10,20,0.5
mmnS,3,2,5,0.6
mmnb,13,11,24,0.54
mmnl,2,0,2,1.0
mmnm,5,6,11,0.45
mmnn,9,8,17,0.53
mmns,5,1,6,0.83
mmsB,1,3,4,0.25
mmsD,1,1,2,0.5
mmsH,1,3,4,0.25
mmsI,1,0,1,1.0
mmsL,4,3,7,0.57
mmsM,1,2,3,0.33
mmsN,4,5,9,0.44
mmsP,5,2,7,0.71
mmsS,2,5,7,0.29
mmsb,5,4,9,0.56
mmsl,0,0,0,
mmsm,3,1,4,0.75
mmsn,4,0,4,1.0
mmss,2,3,5,0.4
mmtN,1,0,1,1.0
mnBB,10,10,20,0.5
mnBD,0,0,0,
mnBK,0,1,1,0.0
mnBL,1,2,3,0.33
mnBM,5,9,14,0.36
mnBN,12,12,24,0.5
mnBP,10,4,14,0.71
mnBS,6,7,13,0.46
mnBb,9,14,23,0.39
mnBh,0,2,2,0.0
mnBj,3,5,8,0.38
mnBl,2,3,5,0.4
mnBm,6,9,15,0.4
mnBn,25,12,37,0.68
mnBs,6,6,12,0.5
mnBt,4,2,6,0.67
mnDD,0,1,1,0.0
mnDH,1,1,2,0.5
mnDL,0,0,0,
mnDM,1,0,1,1.0
mnDN,1,0,1,1.0
mnDP,2,1,3,0.67
mnDb,0,1,1,0.0
mnDl,1,0,1,1.0
mnDm,2,1,3,0.67
mnDn,1,0,1,1.0
mnDs,0,1,1,0.0
mnHB,2,5,7,0.29
mnHH,2,1,3,0.67
mnHI,1,1,2,0.5
mnHL,0,1,1,0.0
mnHM,1,4,5,0.2
mnHN,6,4,10,0.6
mnHP,10,4,14,0.71
mnHS,1,5,6,0.17
mnHb,4,1,5,0.8
mnHh,1,4,5,0.2
mnHl,2,0,2,1.0
mnHm,3,5,8,0.38
mnHn,7,5,12,0.58
mnHs,2,3,5,0.4
mnIB,5,1,6,0.83
mnIH,0,3,3,0.0
mnII,1,0,1,1.0
mnIM,1,2,3,0.33
mnIN,2,3,5,0.4
mnIP,2,1,3,0.67
mnIS,2,4,6,0.33
mnIb,0,2,2,0.0
mnIm,0,0,0,
mnIn,0,5,5,0.0
mnIs,0,3,3,0.0
mnKL,1,0,1,1.0
mnKM,0,3,3,0.0
mnKN,0,1,1,0.0
mnKb,1,0,1,1.0
mnKh,0,1,1,0.0
mnKm,1,0,1,1.0
mnLB,1,4,5,0.2
mnLL,0,5,5,0.0
mnLM,3,3,6,0.5
mnLN,4,2,6,0.67
mnLP,5,4,9,0.56
mnLS,1,2,3,0.33
mnLb,8,1,9,0.89
mnLh,1,0,1,1.0
mnLm,3,1,4,0.75
mnLn,4,3,7,0.57
mnLs,1,5,6,0.17
mnLt,0,1,1,0.0
mnMB,11,9,20,0.55
mnMD,1,1,2,0.5
mnML,1,3,4,0.25
mnMM,13,7,20,0.65
mnMN,7,18,25,0.28
mnMP,11,8,19,0.58
mnMS,7,5,12,0.58
mnMb,9,6,15,0.6
mnMh,4,6,10,0.4
mnMj,0,5,5,0.0
mnMl,3,1,4,0.75
mnMm,5,5,10,0.5
mnMn,13,12,25,0.52
mnMs,5,7,12,0.42
mnMt,3,0,3,1.0
mnNB,13,5,18,0.72
mnND,2,2,4,0.5
mnNH,6,0,6,1.0
mnNL,7,6,13,0.54
mnNM,12,14,26,0.46
mnNN,15,19,34,0.44
mnNP,16,22,38,0.42
mnNS,12,4,16,0.75
mnNb,10,8,18,0.56
mnNh,2,6,8,0.25
mnNl,4,4,8,0.5
mnNm,13,11,24,0.54
mnNn,19,25,44,0.43
mnNs,4,11,15,0.27
mnNt,1,4,5,0.2
mnPB,12,15,27,0.44
mnPD,1,0,1,1.0
mnPH,5,5,10,0.5
mnPI,3,2,5,0.6
mnPK,1,0,1,1.0
mnPL,5,7,12,0.42
mnPM,10,15,25,0.4
mnPN,13,18,31,0.42
mnPP,27,28,55,0.49
mnPS,6,7,13,0.46
mnPb,7,15,22,0.32
mnPh,1,2,3,0.33
mnPl,5,6,11,0.45
mnPm,16,8,24,0.67
mnPn,19,15,34,0.56
mnPs,13,14,27,0.48
mnPt,2,2,4,0.5
mnSB,7,3,10,0.7
mnSD,1,0,1,1.0
mnSH,1,2,3,0.33
mnSL,3,2,5,0.6
mnSM,6,4,10,0.6
mnSN,5,5,10,0.5
mnSP,13,8,21,0.62
mnSS,6,7,13,0.46
mnSb,4,2,6,0.67
mnSh,2,2,4,0.5
mnSl,4,1,5,0.8
mnSm,11,6,17,0.65
mnSn,8,5,13,0.62
mnSs,6,4,10,0.6
mnSt,2,1,3,0.67
mnbB,9,5,14,0.64
mnbD,1,0,1,1.0
mnbH,2,1,3,0.67
mnbI,2,3,5,0.4
mnbJ,1,2,3,0.33
mnbK,1,1,2,0.5
mnbL,4,5,9,0.44
mnbM,12,12,24,0.5
mnbN,9,11,20,0.45
mnbP,13,9,22,0.59
mnbS,1,5,6,0.17
mnbb,19,5,24,0.79
mnbl,4,1,5,0.8
mnbm,7,8,15,0.47
mnbn,12,7,19,0.63
mnbs,5,3,8,0.62
mnhh,1,0,1,1.0
mnhm,1,0,1,1.0
mnhn,1,0,1,1.0
mnlB,1,1,2,0.5
mnlH,4,0,4,1.0
mnlI,0,1,1,0.0
mnlL,1,0,1,1.0
mnlM,5,4,9,0.56
mnlN,3,2,5,0.6
mnlP,5,2,7,0.71
mnlS,1,2,3,0.33
mnlb,1,3,4,0.25
mnll,3,1,4,0.75
mnlm,3,2,5,0.6
mnln,0,2,2,0.0
mnls,2,2,4,0.5
mnmB,7,9,16,0.44
mnmD,0,1,1,0.0
mnmH,5,2,7,0.71
mnmI,0,1,1,0.0
mnmJ,1,1,2,0.5
mnmL,1,4,5,0.2
mnmM,14,8,22,0.64
mnmN,10,8,18,0.56
mnmP,5,15,20,0.25
mnmS,2,2,4,0.5
mnmb,8,4,12,0.67
mnml,0,0,0,
mnmm,4,3,7,0.57
mnmn,13,9,22,0.59
mnms,1,3,4,0.25
mnnB,9,13,22,0.41
mnnD,2,0,2,1.0
mnnH,7,3,10,0.7
mnnI,5,2,7,0.71
mnnL,4,0,4,1.0
mnnM,8,10,18,0.44
mnnN,16,19,35,0.46
mnnP,23,14,37,0.62
mnnS,7,8,15,0.47
mnnb,10,11,21,0.48
mnnh,1,0,1,1.0
mnnl,5,1,6,0.83
mnnm,10,6,16,0.62
mnnn,18,12,30,0.6
mnns,7,7,14,0.5
mnsB,3,6,9,0.33
mnsD,1,0,1,1.0
mnsH,3,6,9,0.33
mnsI,1,0,1,1.0
mnsL,1,2,3,0.33
mnsM,4,7,11,0.36
mnsN,6,3,9,0.67
mnsP,7,6,13,0.54
mnsS,10,5,15,0.67
mnsb,9,1,10,0.9
mnsl,2,0,2,1.0
mnsm,4,2,6,0.67
mnsn,7,6,13,0.54
mnss,4,3,7,0.57
msBB,3,1,4,0.75
msBD,1,0,1,1.0
msBK,0,1,1,0.0
msBL,3,2,5,0.6
msBM,0,1,1,0.0
msBN,4,6,10,0.4
msBP,8,2,10,0.8
msBS,4,0,4,1.0
msBb,3,1,4,0.75
msBh,1,1,2,0.5
msBj,1,0,1,1.0
msBl,1,3,4,0.25
msBm,1,4,5,0.2
msBn,3,6,9,0.33
msBs,3,1,4,0.75
msBt,0,2,2,0.0
msDB,0,1,1,0.0
msDH,1,0,1,1.0
msDM,0,1,1,0.0
msDN,3,0,3,1.0
msDS,2,2,4,0.5
msDb,2,1,3,0.67
msDn,1,0,1,1.0
msDs,2,0,2,1.0
msHB,3,0,3,1.0
msHD,0,0,0,
msHH,0,1,1,0.0
msHI,1,0,1,1.0
msHL,1,2,3,0.33
msHM,2,6,8,0.25
msHN,6,3,9,0.67
msHP,6,2,8,0.75
msHS,3,2,5,0.6
msHb,2,1,3,0.67
msHh,3,3,6,0.5
msHl,1,0,1,1.0
msHm,11,2,13,0.85
msHn,2,3,5,0.4
msHs,2,1,3,0.67
msHt,1,0,1,1.0
msIB,1,0,1,1.0
msIM,1,1,2,0.5
msIN,0,2,2,0.0
msIP,0,1,1,0.0
msIS,1,1,2,0.5
msIm,3,0,3,1.0
msIs,0,1,1,0.0
msKP,1,0,1,1.0
msLB,2,1,3,0.67
msLL,0,3,3,0.0
msLM,2,2,4,0.5
msLN,3,0,3,1.0
msLP,4,2,6,0.67
msLS,3,0,3,1.0
msLb,2,0,2,1.0
msLh,1,1,2,0.5
msLl,2,1,3,0.67
msLm,2,2,4,0.5
msLn,6,5,11,0.55
msLs,1,2,3,0.33
msLt,1,0,1,1.0
msMB,5,3,8,0.62
msMD,0,1,1,0.0
msMH,1,0,1,1.0
msML,1,2,3,0.33
msMM,6,4,10,0.6
msMN,2,1,3,0.67
msMP,6,7,13,0.46
msMS,2,4,6,0.33
msMb,4,5,9,0.44
msMh,2,6,8,0.25
msMj,0,1,1,0.0
msMm,2,4,6,0.33
msMn,4,6,10,0.4
msMs,2,4,6,0.33
msMt,0,3,3,0.0
msNB,5,4,9,0.56
msND,1,0,1,1.0
msNH,1,0,1,1.0
msNI,0,0,0,
msNL,1,4,5,0.2
msNM,2,5,7,0.29
msNN,5,5,10,0.5
msNP,11,9,20,0.55
msNS,8,5,13,0.62
msNb,7,2,9,0.78
msNh,0,1,1,0.0
msNl,0,4,4,0.0
msNm,5,5,10,0.5
msNn,3,10,13,0.23
msNs,5,2,7,0.71
msNt,1,0,1,1.0
msPB,3,4,7,0.43
msPH,1,0,1,1.0
msPI,1,0,1,1.0
msPK,0,1,1,0.0
msPL,2,1,3,0.67
msPM,4,12,16,0.25
msPN,5,11,16,0.31
msPP,16,17,33,0.48
msPS,4,7,11,0.36
msPb,5,10,15,0.33
msPh,1,1,2,0.5
msPl,1,6,7,0.14
msPm,7,8,15,0.47
msPn,5,3,8,0.62
msPs,5,6,11,0.45
msPt,1,0,1,1.0
msSB,7,5,12,0.58
msSD,2,2,4,0.5
msSH,1,4,5,0.2
msSK,1,0,1,1.0
msSL,2,1,3,0.67
msSM,8,9,17,0.47
msSN,4,4,8,0.5
msSP,6,9,15,0.4
msSS,7,3,10,0.7
msSb,4,3,7,0.57
msSh,2,3,5,0.4
msSl,1,2,3,0.33
msSm,4,5,9,0.44
msSn,5,7,12,0.42
msSs,12,7,19,0.63
msSt,2,2,4,0.5
msbB,3,2,5,0.6
msbD,1,0,1,1.0
msbH,0,1,1,0.0
msbI,1,1,2,0.5
msbJ,2,2,4,0.5
msbL,1,1,2,0.5
msbM,5,5,10,0.5
msbN,4,7,11,0.36
msbP,8,6,14,0.57
msbS,4,4,8,0.5
msbb,2,3,5,0.4
msbl,5,2,7,0.71
msbm,2,6,8,0.25
msbn,3,3,6,0.5
msbs,3,1,4,0.75
mshB,0,1,1,0.0
mshh,1,0,1,1.0
mshm,0,0,0,
mslB,4,0,4,1.0
mslD,0,1,1,0.0
mslH,2,0,2,1.0
mslI,2,0,2,1.0
mslL,0,2,2,0.0
mslM,1,2,3,0.33
mslN,4,3,7,0.57
mslP,2,0,2,1.0
mslS,2,1,3,0.67
mslb,0,2,2,0.0
msll,1,1,2,0.5
mslm,1,2,3,0.33
msln,1,2,3,0.33
msls,3,1,4,0.75
msmB,3,5,8,0.38
msmD,0,0,0,
msmH,6,3,9,0.67
msmI,1,0,1,1.0
msmJ,2,0,2,1.0
msmL,1,1,2,0.5
msmM,7,10,17,0.41
msmN,5,4,9,0.56
msmP,3,5,8,0.38
msmS,6,2,8,0.75
msmb,1,4,5,0.2
msml,5,2,7,0.71
msmm,5,3,8,0.62
msmn,2,5,7,0.29
msms,2,3,5,0.4
msnB,3,2,5,0.6
msnD,2,1,3,0.67
msnH,3,2,5,0.6
msnK,1,0,1,1.0
msnL,3,1,4,0.75
msnM,8,9,17,0.47
msnN,5,5,10,0.5
msnP,4,7,11,0.36
msnS,3,4,7,0.43
msnb,3,2,5,0.6
msnl,1,1,2,0.5
msnm,5,2,7,0.71
msnn,6,8,14,0.43
msns,4,1,5,0.8
mssB,4,7,11,0.36
mssD,1,0,1,1.0
mssH,6,1,7,0.86
mssI,0,1,1,0.0
mssL,4,1,5,0.8
mssM,1,4,5,0.2
mssN,9,3,12,0.75
mssP,5,4,9,0.56
mssS,5,2,7,0.71
mssb,3,3,6,0.5
mssl,2,2,4,0.5
mssm,3,6,9,0.33
mssn,7,3,10,0.7
msss,5,4,9,0.56
mstH,1,0,1,1.0
mtNM,1,0,1,1.0
mtbB,0,0,0,
mttb,0,1,1,0.0
nBBB,18,17,35,0.51
nBBD,2,1,3,0.67
nBBK,0,1,1,0.0
nBBL,6,3,9,0.67
nBBM,12,13,25,0.48
nBBN,11,12,23,0.48
nBBP,17,17,34,0.5
nBBS,5,7,12,0.42
nBBb,12,9,21,0.57
nBBh,2,2,4,0.5
nBBj,3,3,6,0.5
nBBl,5,2,7,0.71
nBBm,8,4,12,0.67
nBBn,19,12,31,0.61
nBBs,6,4,10,0.6
nBBt,3,1,4,0.75
nBDB,1,0,1,1.0
nBDD,0,1,1,0.0
nBDH,1,1,2,0.5
nBDL,0,1,1,0.0
nBDM,1,0,1,1.0
nBDP,0,2,2,0.0
nBDb,1,0,1,1.0
nBDl,2,0,2,1.0
nBDn,1,1,2,0.5
nBDs,0,1,1,0.0
nBDt,1,1,2,0.5
nBHB,0,1,1,0.0
nBHm,0,1,1,0.0
nBKB,1,1,2,0.5
nBKI,1,0,1,1.0
nBKM,1,0,1,1.0
nBKN,0,1,1,0.0
nBKP,3,0,3,1.0
nBKS,1,1,2,0.5
nBKn,0,1,1,0.0
nBKs,0,2,2,0.0
nBLB,4,3,7,0.57
nBLD,0,1,1,0.0
nBLK,0,1,1,0.0
nBLL,1,1,2,0.5
nBLM,1,5,6,0.17
nBLN,3,2,5,0.6
nBLP,4,6,10,0.4
nBLS,4,1,5,0.8
nBLb,3,2,5,0.6
nBLh,0,3,3,0.0
nBLl,4,4,8,0.5
nBLm,8,1,9,0.89
nBLn,7,3,10,0.7
nBLs,0,2,2,0.0
nBMB,7,12,19,0.37
nBML,3,4,7,0.43
nBMM,6,10,16,0.38
nBMN,14,6,20,0.7
nBMP,9,11,20,0.45
nBMS,2,4,6,0.33
nBMb,12,11,23,0.52
nBMh,0,4,4,0.0
nBMj,3,5,8,0.38
nBMl,2,3,5,0.4
nBMm,8,6,14,0.57
nBMn,15,16,31,0.48
nBMs,4,6,10,0.4
nBMt,1,2,3,0.33
nBNB,13,9,22,0.59
nBND,2,3,5,0.4
nBNH,7,2,9,0.78
nBNK,1,0,1,1.0
nBNL,0,7,7,0.0
nBNM,9,11,20,0.45
nBNN,13,17,30,0.43
nBNP,19,23,42,0.45
nBNS,5,3,8,0.62
nBNb,18,8,26,0.69
nBNh,3,9,12,0.25
nBNl,10,2,12,0.83
nBNm,16,19,35,0.46
nBNn,11,17,28,0.39
nBNs,8,10,18,0.44
nBNt,4,2,6,0.67
nBPB,13,15,28,0.46
nBPD,1,1,2,0.5
nBPH,2,2,4,0.5
nBPI,4,1,5,0.8
nBPK,2,1,3,0.67
nBPL,6,12,18,0.33
nBPM,10,14,24,0.42
nBPN,16,14,30,0.53
nBPP,22,26,48,0.46
nBPS,10,9,19,0.53
nBPb,15,19,34,0.44
nBPh,2,4,6,0.33
nBPl,4,9,13,0.31
nBPm,15,10,25,0.6
nBPn,12,10,22,0.55
nBPs,5,7,12,0.42
nBPt,1,2,3,0.33
nBSB,4,3,7,0.57
nBSD,0,1,1,0.0
nBSH,1,2,3,0.33
nBSL,2,3,5,0.4
nBSM,4,3,7,0.57
nBSN,4,7,11,0.36
nBSP,6,8,14,0.43
nBSS,6,4,10,0.6
nBSb,6,2,8,0.75
nBSh,5,2,7,0.71
nBSl,2,3,5,0.4
nBSm,8,9,17,0.47
nBSn,12,7,19,0.63
nBSs,6,9,15,0.4
nBbB,10,12,22,0.45
nBbD,0,0,0,
nBbH,4,4,8,0.5
nBbI,3,1,4,0.75
nBbJ,7,1,8,0.88
nBbL,6,3,9,0.67
nBbM,8,6,14,0.57
nBbN,12,14,26,0.46
nBbP,10,14,24,0.42
nBbS,4,1,5,0.8
nBbb,9,11,20,0.45
nBbl,4,1,5,0.8
nBbm,12,3,15,0.8
nBbn,13,17,30,0.43
nBbs,11,3,14,0.79
nBhB,0,1,1,0.0
nBhI,0,0,0,
nBhL,0,1,1,0.0
nBhP,2,0,2,1.0
nBhS,1,2,3,0.33
nBhb,2,3,5,0.4
nBhh,0,1,1,0.0
nBhl,1,0,1,1.0
nBhm,0,0,0,
nBhn,2,1,3,0.67
nBht,0,1,1,0.0
nBjB,4,5,9,0.44
nBjH,0,0,0,
nBjI,1,1,2,0.5
nBjL,2,1,3,0.67
nBjM,5,1,6,0.83
nBjN,0,4,4,0.0
nBjP,8,4,12,0.67
nBjS,0,1,1,0.0
nBjb,8,5,13,0.62
nBjh,1,1,2,0.5
nBjl,1,1,2,0.5
nBjm,3,3,6,0.5
nBjn,4,5,9,0.44
nBjs,2,3,5,0.4
nBjt,0,1,1,0.0
nBlB,2,5,7,0.29
nBlH,4,2,6,0.67
nBlI,1,0,1,1.0
nBlJ,0,5,5,0.0
nBlK,0,1,1,0.0
nBlL,3,3,6,0.5
nBlM,3,4,7,0.43
nBlN,4,0,4,1.0
nBlP,6,7,13,0.46
nBlS,2,3,5,0.4
nBlb,4,2,6,0.67
nBll,1,0,1,1.0
nBlm,2,5,7,0.29
nBln,4,6,10,0.4
nBls,2,4,6,0.33
nBmB,4,3,7,0.57
nBmD,2,2,4,0.5
nBmH,7,11,18,0.39
nBmJ,4,0,4,1.0
nBmL,4,1,5,0.8
nBmM,15,7,22,0.68
nBmN,13,7,20,0.65
nBmP,9,6,15,0.6
nBmS,6,10,16,0.38
nBmb,6,5,11,0.55
nBml,4,2,6,0.67
nBmm,9,5,14,0.64
nBmn,11,10,21,0.52
nBms,6,5,11,0.55
nBnB,11,8,19,0.58
nBnD,0,2,2,0.0
nBnH,6,4,10,0.6
nBnI,5,2,7,0.71
nBnK,0,1,1,0.0
nBnL,3,5,8,0.38
nBnM,13,15,28,0.46
nBnN,24,26,50,0.48
nBnP,26,28,54,0.48
nBnS,19,14,33,0.58
nBnb,18,6,24,0.75
nBnh,0,1,1,0.0
nBnl,5,9,14,0.36
nBnm,22,10,32,0.69
nBnn,12,14,26,0.46
nBns,8,12,20,0.4
nBnt,0,1,1,0.0
nBsB,1,6,7,0.14
nBsD,1,2,3,0.33
nBsH,8,5,13,0.62
nBsI,2,1,3,0.67
nBsK,1,0,1,1.0
nBsL,4,0,4,1.0
nBsM,3,5,8,0.38
nBsN,7,6,13,0.54
nBsP,5,8,13,0.38
nBsS,4,7,11,0.36
nBsb,9,6,15,0.6
nBsl,3,2,5,0.6
nBsm,6,6,12,0.5
nBsn,7,7,14,0.5
nBss,7,5,12,0.58
nBtB,3,4,7,0.43
nBtH,1,0,1,1.0
nBtL,0,0,0,
nBtM,0,2,2,0.0
nBtN,3,3,6,0.5
nBtP,1,2,3,0.33
nBtS,1,4,5,0.2
nBtb,1,2,3,0.33
nBtl,0,1,1,0.0
nBtm,2,1,3,0.67
nBtn,3,0,3,1.0
nBts,2,2,4,0.5
nDBB,1,0,1,1.0
nDBD,0,0,0,
nDBK,0,2,2,0.0
nDBN,0,1,1,0.0
nDBP,1,3,4,0.25
nDBS,2,0,2,1.0
nDBj,0,2,2,0.0
nDBl,1,0,1,1.0
nDBm,2,0,2,1.0
nDBn,1,0,1,1.0
nDBs,0,2,2,0.0
nDBt,0,0,0,
nDDB,1,0,1,1.0
nDDP,1,0,1,1.0
nDDS,0,1,1,0.0
nDDn,1,0,1,1.0
nDDs,1,1,2,0.5
nDHB,1,1,2,0.5
nDHI,1,0,1,1.0
nDHL,1,0,1,1.0
nDHM,1,0,1,1.0
nDHN,1,1,2,0.5
nDHP,2,0,2,1.0
nDHS,1,1,2,0.5
nDHb,0,2,2,0.0
nDHl,0,0,0,
nDHm,1,1,2,0.5
nDHn,0,2,2,0.0
nDHs,5,1,6,0.83
nDHt,0,0,0,
nDIH,0,1,1,0.0
nDIM,0,0,0,
nDIm,1,0,1,1.0
nDLL,1,0,1,1.0
nDLM,0,2,2,0.0
nDLN,2,0,2,1.0
nDLS,1,0,1,1.0
nDLb,0,1,1,0.0
nDLj,1,0,1,1.0
nDLl,1,0,1,1.0
nDLm,1,0,1,1.0
nDLn,2,1,3,0.67
nDLs,0,1,1,0.0
nDMB,1,1,2,0.5
nDMD,0,1,1,0.0
nDMM,1,0,1,1.0
nDMN,0,1,1,0.0
nDMP,0,0,0,
nDMS,2,1,3,0.67
nDMb,0,1,1,0.0
nDMh,1,1,2,0.5
nDMj,1,0,1,1.0
nDMl,0,2,2,0.0
nDMm,1,1,2,0.5
nDMn,4,4,8,0.5
nDMs,0,2,2,0.0
nDMt,0,1,1,0.0
nDNB,0,1,1,0.0
nDNH,0,1,1,0.0
nDNM,1,1,2,0.5
nDNN,0,1,1,0.0
nDNP,6,3,9,0.67
nDNS,1,1,2,0.5
nDNb,2,1,3,0.67
nDNh,3,0,3,1.0
nDNl,0,1,1,0.0
nDNm,1,2,3,0.33
nDNn,0,2,2,0.0
nDNs,0,0,0,
nDPB,2,1,3,0.67
nDPH,0,0,0,
nDPI,1,0,1,1.0
nDPL,4,1,5,0.8
nDPM,1,4,5,0.2
nDPN,2,4,6,0.33
nDPP,5,6,11,0.45
nDPS,2,2,4,0.5
nDPb,0,2,2,0.0
nDPh,1,0,1,1.0
nDPl,1,0,1,1.0
nDPm,1,2,3,0.33
nDPn,0,1,1,0.0
nDPs,2,1,3,0.67
nDSB,0,2,2,0.0
nDSH,1,1,2,0.5
nDSL,1,2,3,0.33
nDSM,1,1,2,0.5
nDSN,0,1,1,0.0
nDSP,1,1,2,0.5
nDSS,2,2,4,0.5
nDSh,2,2,4,0.5
nDSl,2,0,2,1.0
nDSm,0,1,1,0.0
nDSn,4,1,5,0.8
nDSs,4,4,8,0.5
nDbB,2,0,2,1.0
nDbJ,1,1,2,0.5
nDbL,2,0,2,1.0
nDbM,1,0,1,1.0
nDbN,2,1,3,0.67
nDbP,3,1,4,0.75
nDbl,1,0,1,1.0
nDbm,2,1,3,0.67
nDbn,1,0,1,1.0
nDbs,1,0,1,1.0
nDhb,1,0,1,1.0
nDlB,0,1,1,0.0
nDlI,0,0,0,
nDlJ,0,1,1,0.0
nDlL,2,1,3,0.67
nDlM,0,1,1,0.0
nDlN,0,1,1,0.0
nDlP,1,0,1,1.0
nDlS,1,0,1,1.0
nDll,1,0,1,1.0
nDmB,1,1,2,0.5
nDmH,0,3,3,0.0
nDmL,1,0,1,1.0
nDmM,2,4,6,0.33
nDmN,0,2,2,0.0
nDmP,0,1,1,0.0
nDmS,1,0,1,1.0
nDmb,1,3,4,0.25
nDml,0,1,1,0.0
nDmm,1,0,1,1.0
nDmn,1,1,2,0.5
nDms,0,1,1,0.0
nDnB,1,0,1,1.0
nDnD,1,0,1,1.0
nDnH,1,0,1,1.0
nDnM,2,3,5,0.4
nDnN,2,3,5,0.4
nDnP,3,1,4,0.75
nDnS,3,1,4,0.75
nDnb,0,1,1,0.0
nDnm,0,2,2,0.0
nDnn,2,3,5,0.4
nDns,0,1,1,0.0
nDsB,1,0,1,1.0
nDsH,1,1,2,0.5
nDsI,0,1,1,0.0
nDsM,1,1,2,0.5
nDsN,2,0,2,1.0
nDsP,1,1,2,0.5
nDsS,0,3,3,0.0
nDsb,3,0,3,1.0
nDsl,1,1,2,0.5
nDsm,3,1,4,0.75
nDsn,1,0,1,1.0
nDss,0,2,2,0.0
nDtN,0,1,1,0.0
nDtP,1,1,2,0.5
nDtl,0,0,0,
nDtm,1,0,1,1.0
nDtn,1,1,2,0.5
nDts,1,0,1,1.0
nHBB,4,8,12,0.33
nHBK,0,0,0,
nHBL,1,2,3,0.33
nHBM,2,4,6,0.33
nHBN,2,7,9,0.22
nHBP,7,6,13,0.54
nHBS,0,4,4,0.0
nHBb,5,1,6,0.83
nHBj,2,1,3,0.67
nHBl,2,3,5,0.4
nHBm,7,0,7,1.0
nHBn,10,8,18,0.56
nHBs,2,1,3,0.67
nHBt,2,1,3,0.67
nHDB,1,0,1,1.0
nHDH,0,1,1,0.0
nHDM,0,2,2,0.0
nHDN,1,1,2,0.5
nHDP,1,0,1,1.0
nHDS,2,0,2,1.0
nHDb,1,2,3,0.33
nHDm,0,2,2,0.0
nHDn,1,0,1,1.0
nHHB,0,0,0,
nHHH,1,0,1,1.0
nHHL,0,0,0,
nHHM,1,3,4,0.25
nHHN,1,0,1,1.0
nHHP,0,0,0,
nHHS,1,2,3,0.33
nHHb,1,0,1,1.0
nHHh,1,0,1,1.0
nHHm,2,0,2,1.0
nHHn,1,0,1,1.0
nHHs,4,1,5,0.8
nHIB,1,0,1,1.0
nHIH,3,0,3,1.0
nHIM,1,1,2,0.5
nHIN,2,1,3,0.67
nHIP,0,2,2,0.0
nHIS,0,1,1,0.0
nHIb,1,0,1,1.0
nHIn,1,2,3,0.33
nHIs,0,1,1,0.0
nHKB,0,1,1,0.0
nHKH,1,0,1,1.0
nHKL,0,1,1,0.0
nHKM,0,1,1,0.0
nHKN,1,0,1,1.0
nHKP,2,1,3,0.67
nHKS,2,0,2,1.0
nHKh,2,0,2,1.0
nHKm,2,0,2,1.0
nHLB,2,2,4,0.5
nHLD,0,0,0,
nHLK,0,1,1,0.0
nHLL,1,1,2,0.5
nHLM,1,3,4,0.25
nHLN,2,2,4,0.5
nHLP,5,0,5,1.0
nHLS,2,0,2,1.0
nHLb,4,0,4,1.0
nHLh,4,0,4,1.0
nHLj,1,0,1,1.0
nHLl,1,0,1,1.0
nHLm,2,1,3,0.67
nHLn,1,2,3,0.33
nHLs,2,2,4,0.5
nHMB,7,5,12,0.58
nHML,1,1,2,0.5
nHMM,6,5,11,0.55
nHMN,5,9,14,0.36
nHMP,8,6,14,0.57
nHMS,4,4,8,0.5
nHMb,7,4,11,0.64
nHMh,5,7,12,0.42
nHMj,4,2,6,0.67
nHMl,2,2,4,0.5
nHMm,7,1,8,0.88
nHMn,7,9,16,0.44
nHMs,5,4,9,0.56
nHMt,0,1,1,0.0
nHNB,8,4,12,0.67
nHND,1,3,4,0.25
nHNH,0,0,0,
nHNI,1,0,1,1.0
nHNK,0,1,1,0.0
nHNL,5,2,7,0.71
nHNM,10,9,19,0.53
nHNN,9,8,17,0.53
nHNP,10,15,25,0.4
nHNS,5,8,13,0.38
nHNb,7,8,15,0.47
nHNh,2,4,6,0.33
nHNl,2,3,5,0.4
nHNm,7,9,16,0.44
nHNn,11,8,19,0.58
nHNs,9,7,16,0.56
nHNt,1,0,1,1.0
nHPB,6,7,13,0.46
nHPD,2,0,2,1.0
nHPH,3,7,10,0.3
nHPI,2,0,2,1.0
nHPL,7,7,14,0.5
nHPM,6,12,18,0.33
nHPN,6,13,19,0.32
nHPP,12,15,27,0.44
nHPS,9,9,18,0.5
nHPb,12,7,19,0.63
nHPh,0,2,2,0.0
nHPl,5,1,6,0.83
nHPm,14,14,28,0.5
nHPn,12,9,21,0.57
nHPs,11,9,20,0.55
nHPt,0,1,1,0.0
nHSB,2,3,5,0.4
nHSH,2,2,4,0.5
nHSL,4,0,4,1.0
nHSM,9,2,11,0.82
nHSN,2,4,6,0.33
nHSP,6,4,10,0.6
nHSS,3,5,8,0.38
nHSb,5,1,6,0.83
nHSh,1,8,9,0.11
nHSl,6,3,9,0.67
nHSm,3,7,10,0.3
nHSn,7,10,17,0.41
nHSs,7,5,12,0.58
nHSt,0,2,2,0.0
nHbB,3,13,16,0.19
nHbD,0,1,1,0.0
nHbH,1,0,1,1.0
nHbI,1,1,2,0.5
nHbJ,0,2,2,0.0
nHbL,2,3,5,0.4
nHbM,6,5,11,0.55
nHbN,7,10,17,0.41
nHbP,4,5,9,0.44
nHbS,9,3,12,0.75
nHbb,3,7,10,0.3
nHbl,3,1,4,0.75
nHbm,1,4,5,0.2
nHbn,6,4,10,0.6
nHbs,0,2,2,0.0
nHhB,3,2,5,0.6
nHhD,0,0,0,
nHhH,0,2,2,0.0
nHhL,1,2,3,0.33
nHhM,2,3,5,0.4
nHhN,1,2,3,0.33
nHhP,4,1,5,0.8
nHhS,3,2,5,0.6
nHhb,1,3,4,0.25
nHhh,0,4,4,0.0
nHhl,2,2,4,0.5
nHhm,2,0,2,1.0
nHhn,3,1,4,0.75
nHhs,4,0,4,1.0
nHht,3,0,3,1.0
nHlB,1,2,3,0.33
nHlH,6,2,8,0.75
nHlJ,1,0,1,1.0
nHlL,2,1,3,0.67
nHlM,1,1,2,0.5
nHlN,2,7,9,0.22
nHlP,4,2,6,0.67
nHlS,1,2,3,0.33
nHlb,2,3,5,0.4
nHll,0,1,1,0.0
nHlm,2,3,5,0.4
nHln,2,6,8,0.25
nHls,3,1,4,0.75
nHmB,4,8,12,0.33
nHmD,1,0,1,1.0
nHmH,3,3,6,0.5
nHmL,7,2,9,0.78
nHmM,4,5,9,0.44
nHmN,6,6,12,0.5
nHmP,6,6,12,0.5
nHmS,3,4,7,0.43
nHmb,7,4,11,0.64
nHml,1,2,3,0.33
nHmm,3,5,8,0.38
nHmn,11,6,17,0.65
nHms,1,2,3,0.33
nHnB,8,2,10,0.8
nHnD,1,0,1,1.0
nHnH,6,2,8,0.75
nHnI,2,3,5,0.4
nHnK,0,1,1,0.0
nHnL,7,7,14,0.5
nHnM,6,14,20,0.3
nHnN,13,11,24,0.54
nHnP,8,14,22,0.36
nHnS,11,9,20,0.55
nHnb,7,6,13,0.54
nHnh,0,1,1,0.0
nHnl,4,4,8,0.5
nHnm,6,3,9,0.67
nHnn,11,6,17,0.65
nHns,3,5,8,0.38
nHsB,3,1,4,0.75
nHsH,5,3,8,0.62
nHsI,1,2,3,0.33
nHsK,0,1,1,0.0
nHsL,6,0,6,1.0
nHsM,3,5,8,0.38
nHsN,5,8,13,0.38
nHsP,3,4,7,0.43
nHsS,5,5,10,0.5
nHsb,4,3,7,0.57
nHsl,5,1,6,0.83
nHsm,5,6,11,0.45
nHsn,8,4,12,0.67
nHss,9,4,13,0.69
nHtB,1,1,2,0.5
nHtH,1,0,1,1.0
nHtM,1,0,1,1.0
nHtN,1,0,1,1.0
nHtP,0,1,1,0.0
nHtb,0,1,1,0.0
nHtm,0,1,1,0.0
nHtn,0,0,0,
nHts,0,1,1,0.0
nIBB,2,3,5,0.4
nIBK,0,1,1,0.0
nIBL,0,1,1,0.0
nIBN,6,2,8,0.75
nIBP,1,2,3,0.33
nIBS,0,0,0,
nIBb,0,2,2,0.0
nIBj,1,0,1,1.0
nIBm,2,0,2,1.0
nIBn,2,3,5,0.4
nIBs,4,0,4,1.0
nIBt,0,2,2,0.0
nIDD,1,0,1,1.0
nIDN,0,1,1,0.0
nIDP,1,1,2,0.5
nIDS,0,1,1,0.0
nIDb,0,1,1,0.0
nIHB,1,0,1,1.0
nIHH,1,0,1,1.0
nIHL,1,0,1,1.0
nIHM,0,0,0,
nIHN,1,1,2,0.5
nIHP,1,1,2,0.5
nIHS,1,0,1,1.0
nIHb,2,0,2,1.0
nIHh,0,1,1,0.0
nIHl,0,2,2,0.0
nIHm,2,1,3,0.67
nIHn,1,2,3,0.33
nIHs,1,0,1,1.0
nIIH,0,1,1,0.0
nIIL,0,1,1,0.0
nIIP,0,0,0,
nIIm,2,0,2,1.0
nILB,1,0,1,1.0
nILM,1,1,2,0.5
nILN,1,2,3,0.33
nILP,2,3,5,0.4
nILl,0,1,1,0.0
nILm,0,1,1,0.0
nILn,2,1,3,0.67
nILs,2,0,2,1.0
nILt,0,1,1,0.0
nIMB,0,1,1,0.0
nIMD,0,1,1,0.0
nIML,0,0,0,
nIMM,2,1,3,0.67
nIMN,1,4,5,0.2
nIMP,3,0,3,1.0
nIMS,2,2,4,0.5
nIMb,2,1,3,0.67
nIMh,0,2,2,0.0
nIMl,0,2,2,0.0
nIMm,7,1,8,0.88
nIMn,1,2,3,0.33
nIMs,0,1,1,0.0
nIMt,2,0,2,1.0
nINB,1,2,3,0.33
nINH,1,1,2,0.5
nINL,1,0,1,1.0
nINM,1,1,2,0.5
nINN,5,5,10,0.5
nINP,1,2,3,0.33
nINS,1,4,5,0.2
nINb,4,1,5,0.8
nINl,3,1,4,0.75
nINm,3,1,4,0.75
nINn,5,2,7,0.71
nINs,0,0,0,
nINt,1,0,1,1.0
nIPB,4,3,7,0.57
nIPH,1,1,2,0.5
nIPL,2,2,4,0.5
nIPM,4,8,12,0.33
nIPN,5,4,9,0.56
nIPP,7,5,12,0.58
nIPS,1,5,6,0.17
nIPb,0,5,5,0.0
nIPh,1,0,1,1.0
nIPl,2,0,2,1.0
nIPm,5,3,8,0.62
nIPn,0,2,2,0.0
nIPs,2,4,6,0.33
nIPt,0,1,1,0.0
nISB,1,1,2,0.5
nISD,1,0,1,1.0
nISH,1,1,2,0.5
nISL,0,1,1,0.0
nISM,0,3,3,0.0
nISN,2,4,6,0.33
nISP,2,1,3,0.67
nISS,2,4,6,0.33
nISb,1,1,2,0.5
nISh,1,0,1,1.0
nISl,0,1,1,0.0
nISm,1,1,2,0.5
nISn,1,1,2,0.5
nISs,2,0,2,1.0
nISt,2,0,2,1.0
nIbB,3,4,7,0.43
nIbH,1,1,2,0.5
nIbJ,0,0,0,
nIbK,0,1,1,0.0
nIbL,1,0,1,1.0
nIbM,0,3,3,0.0
nIbN,2,1,3,0.67
nIbP,2,2,4,0.5
nIbS,1,4,5,0.2
nIbb,1,3,4,0.25
nIbl,3,0,3,1.0
nIbm,1,2,3,0.33
nIbn,0,5,5,0.0
nIbs,3,0,3,1.0
nIlB,1,0,1,1.0
nIlJ,0,0,0,
nIlN,2,2,4,0.5
nIlP,1,3,4,0.25
nIlS,1,0,1,1.0
nIlb,0,1,1,0.0
nIll,1,0,1,1.0
nIlm,1,0,1,1.0
nIln,0,1,1,0.0
nImB,4,1,5,0.8
nImD,1,0,1,1.0
nImH,1,1,2,0.5
nImI,1,2,3,0.33
nImJ,1,0,1,1.0
nImL,0,1,1,0.0
nImM,4,3,7,0.57
nImN,5,4,9,0.56
nImP,3,1,4,0.75
nImS,1,5,6,0.17
nImb,2,2,4,0.5
nImm,3,2,5,0.6
nIms,0,1,1,0.0
nInB,0,0,0,
nInH,2,2,4,0.5
nInI,1,1,2,0.5
nInL,0,1,1,0.0
nInM,0,5,5,0.0
nInN,2,2,4,0.5
nInP,3,1,4,0.75
nInS,0,0,0,
nInb,4,1,5,0.8
nInl,0,3,3,0.0
nInm,2,3,5,0.4
nInn,4,2,6,0.67
nIns,2,2,4,0.5
nIsD,1,1,2,0.5
nIsH,1,0,1,1.0
nIsM,1,2,3,0.33
nIsN,2,1,3,0.67
nIsP,4,1,5,0.8
nIsS,3,2,5,0.6
nIsb,1,0,1,1.0
nIsm,4,1,5,0.8
nIsn,3,0,3,1.0
nIss,2,1,3,0.67
nItB,0,0,0,
nItH,1,0,1,1.0
nItM,0,0,0,
nItN,1,1,2,0.5
nItP,1,1,2,0.5
nItm,0,1,1,0.0
nItn,0,1,1,0.0
nKBB,1,1,2,0.5
nKBM,2,2,4,0.5
nKBN,2,1,3,0.67
nKBP,0,0,0,
nKBb,1,1,2,0.5
nKBh,0,0,0,
nKBm,0,1,1,0.0
nKBs,0,1,1,0.0
nKDN,1,0,1,1.0
nKDS,1,0,1,1.0
nKDs,0,0,0,
nKHs,1,0,1,1.0
nKIM,2,0,2,1.0
nKIP,0,0,0,
nKIS,1,0,1,1.0
nKIn,0,1,1,0.0
nKLL,1,0,1,1.0
nKLM,0,2,2,0.0
nKLl,0,1,1,0.0
nKLm,0,2,2,0.0
nKLs,1,0,1,1.0
nKMB,2,0,2,1.0
nKMN,1,0,1,1.0
nKMP,3,1,4,0.75
nKMl,0,1,1,0.0
nKMm,1,1,2,0.5
nKMn,1,0,1,1.0
nKMs,2,0,2,1.0
nKMt,0,1,1,0.0
nKNB,1,1,2,0.5
nKNM,0,1,1,0.0
nKNP,0,2,2,0.0
nKNS,2,0,2,1.0
nKNb,2,2,4,0.5
nKNl,0,0,0,
nKNm,0,0,0,
nKNs,2,0,2,1.0
nKPB,2,1,3,0.67
nKPI,1,0,1,1.0
nKPM,1,4,5,0.2
nKPN,0,1,1,0.0
nKPP,1,3,4,0.25
nKPS,2,0,2,1.0
nKPb,2,2,4,0.5
nKPl,1,0,1,1.0
nKPm,2,2,4,0.5
nKPn,1,1,2,0.5
nKPs,1,0,1,1.0
nKSB,2,1,3,0.67
nKSM,4,0,4,1.0
nKSP,3,1,4,0.75
nKSS,0,1,1,0.0
nKSb,0,0,0,
nKSh,1,0,1,1.0
nKSm,1,1,2,0.5
nKSn,2,1,3,0.67
nKSs,1,3,4,0.25
nKbB,0,1,1,0.0
nKbD,1,0,1,1.0
nKbH,0,1,1,0.0
nKbL,0,0,0,
nKbM,1,2,3,0.33
nKbN,2,1,3,0.67
nKbP,2,2,4,0.5
nKbb,3,1,4,0.75
nKbm,0,1,1,0.0
nKbn,1,1,2,0.5
nKhB,1,1,2,0.5
nKhL,2,2,4,0.5
nKhM,1,0,1,1.0
nKhN,1,0,1,1.0
nKhP,1,2,3,0.33
nKhS,0,1,1,0.0
nKhb,0,2,2,0.0
nKhm,0,0,0,
nKhs,0,0,0,
nKlB,1,0,1,1.0
nKlH,0,1,1,0.0
nKlL,1,0,1,1.0
nKlM,1,1,2,0.5
nKlN,2,1,3,0.67
nKlP,0,1,1,0.0
nKll,1,0,1,1.0
nKlm,0,1,1,0.0
nKln,1,0,1,1.0
nKls,1,0,1,1.0
nKmB,1,3,4,0.25
nKmH,1,0,1,1.0
nKmL,1,0,1,1.0
nKmP,0,3,3,0.0
nKmS,2,1,3,0.67
nKmb,0,1,1,0.0
nKmm,1,0,1,1.0
nKmn,0,2,2,0.0
nKnB,0,0,0,
nKnH,1,1,2,0.5
nKnM,2,0,2,1.0
nKnN,1,2,3,0.33
nKnP,0,2,2,0.0
nKnS,2,0,2,1.0
nKnb,2,1,3,0.67
nKnl,1,0,1,1.0
nKnm,0,1,1,0.0
nKnn,1,0,1,1.0
nKns,0,2,2,0.0
nKsH,1,0,1,1.0
nKsL,1,0,1,1.0
nKsM,1,0,1,1.0
nKsP,2,0,2,1.0
nKsS,2,2,4,0.5
nKsb,0,1,1,0.0
nKsl,0,0,0,
nKsn,1,0,1,1.0
nKss,1,1,2,0.5
nLBB,5,2,7,0.71
nLBL,2,5,7,0.29
nLBM,2,2,4,0.5
nLBN,6,4,10,0.6
nLBP,6,8,14,0.43
nLBS,1,3,4,0.25
nLBb,5,4,9,0.56
nLBh,0,2,2,0.0
nLBj,2,2,4,0.5
nLBl,2,2,4,0.5
nLBm,3,4,7,0.43
nLBn,5,5,10,0.5
nLBs,1,2,3,0.33
nLBt,0,1,1,0.0
nLDH,0,2,2,0.0
nLDN,1,0,1,1.0
nLDS,1,1,2,0.5
nLDl,1,0,1,1.0
nLDm,0,1,1,0.0
nLHM,0,1,1,0.0
nLKM,1,0,1,1.0
nLKN,0,0,0,
nLKP,1,0,1,1.0
nLKh,1,0,1,1.0
nLKl,0,0,0,
nLKm,1,0,1,1.0
nLKn,0,1,1,0.0
nLKs,1,1,2,0.5
nLLB,1,1,2,0.5
nLLL,0,2,2,0.0
nLLM,1,3,4,0.25
nLLN,3,0,3,1.0
nLLP,1,1,2,0.5
nLLS,3,0,3,1.0
nLLb,1,1,2,0.5
nLLh,1,0,1,1.0
nLLj,1,0,1,1.0
nLLl,3,0,3,1.0
nLLm,3,4,7,0.43
nLLn,2,4,6,0.33
nLLs,0,3,3,0.0
nLMB,8,4,12,0.67
nLMD,1,0,1,1.0
nLMM,2,2,4,0.5
nLMN,2,2,4,0.5
nLMP,7,11,18,0.39
nLMS,4,3,7,0.57
nLMb,8,5,13,0.62
nLMh,3,3,6,0.5
nLMj,0,1,1,0.0
nLMl,2,3,5,0.4
nLMm,6,4,10,0.6
nLMn,6,3,9,0.67
nLMs,2,1,3,0.67
nLMt,1,0,1,1.0
nLNB,5,4,9,0.56
nLND,1,0,1,1.0
nLNH,0,1,1,0.0
nLNK,0,0,0,
nLNL,1,2,3,0.33
nLNM,2,4,6,0.33
nLNN,6,4,10,0.6
nLNP,11,7,18,0.61
nLNS,0,4,4,0.0
nLNb,3,2,5,0.6
nLNh,1,1,2,0.5
nLNl,2,1,3,0.67
nLNm,7,4,11,0.64
nLNn,8,4,12,0.67
nLNs,2,0,2,1.0
nLPB,3,3,6,0.5
nLPD,0,4,4,0.0
nLPH,2,3,5,0.4
nLPK,1,2,3,0.33
nLPL,4,5,9,0.44
nLPM,4,7,11,0.36
nLPN,6,4,10,0.6
nLPP,14,12,26,0.54
nLPS,4,6,10,0.4
nLPb,9,2,11,0.82
nLPh,1,0,1,1.0
nLPl,4,3,7,0.57
nLPm,10,3,13,0.77
nLPn,6,7,13,0.46
nLPs,5,5,10,0.5
nLPt,3,0,3,1.0
nLSB,0,0,0,
nLSH,0,1,1,0.0
nLSL,0,1,1,0.0
nLSM,4,2,6,0.67
nLSN,6,3,9,0.67
nLSP,6,2,8,0.75
nLSS,3,4,7,0.43
nLSb,1,4,5,0.2
nLSh,4,2,6,0.67
nLSl,2,0,2,1.0
nLSm,3,7,10,0.3
nLSn,2,4,6,0.33
nLSs,6,3,9,0.67
nLbB,2,5,7,0.29
nLbD,0,1,1,0.0
nLbH,1,0,1,1.0
nLbI,1,1,2,0.5
nLbJ,1,0,1,1.0
nLbL,0,3,3,0.0
nLbM,4,8,12,0.33
nLbN,5,8,13,0.38
nLbP,7,7,14,0.5
nLbS,3,3,6,0.5
nLbb,7,3,10,0.7
nLbl,2,3,5,0.4
nLbm,2,3,5,0.4
nLbn,5,5,10,0.5
nLbs,7,0,7,1.0
nLhH,1,0,1,1.0
nLhL,1,1,2,0.5
nLhM,3,0,3,1.0
nLhN,3,2,5,0.6
nLhP,4,1,5,0.8
nLhS,2,1,3,0.67
nLhb,2,2,4,0.5
nLhh,3,3,6,0.5
nLhl,0,1,1,0.0
nLhm,2,3,5,0.4
nLhn,4,2,6,0.67
nLhs,2,4,6,0.33
nLht,0,1,1,0.0
nLjB,0,4,4,0.0
nLjD,0,0,0,
nLjH,1,0,1,1.0
nLjK,1,0,1,1.0
nLjN,4,0,4,1.0
nLjP,1,5,6,0.17
nLjS,2,2,4,0.5
nLjb,1,2,3,0.33
nLjh,0,0,0,
nLjl,0,1,1,0.0
nLjm,1,1,2,0.5
nLjn,1,3,4,0.25
nLjs,1,0,1,1.0
nLlB,2,3,5,0.4
nLlH,3,2,5,0.6
nLlK,0,1,1,0.0
nLlL,0,0,0,
nLlM,1,1,2,0.5
nLlN,1,0,1,1.0
nLlP,3,4,7,0.43
nLlS,2,4,6,0.33
nLlb,1,1,2,0.5
nLll,1,2,3,0.33
nLlm,1,1,2,0.5
nLln,3,0,3,1.0
nLls,1,4,5,0.2
nLmB,2,2,4,0.5
nLmH,7,2,9,0.78
nLmI,0,2,2,0.0
nLmJ,2,1,3,0.67
nLmL,2,1,3,0.67
nLmM,1,6,7,0.14
nLmN,6,5,11,0.55
nLmP,4,5,9,0.44
nLmS,2,5,7,0.29
nLmb,5,5,10,0.5
nLml,0,2,2,0.0
nLmm,4,3,7,0.57
nLmn,3,5,8,0.38
nLms,3,3,6,0.5
nLnB,3,6,9,0.33
nLnD,1,0,1,1.0
nLnH,5,4,9,0.56
nLnI,0,1,1,0.0
nLnK,0,1,1,0.0
nLnL,2,1,3,0.67
nLnM,6,7,13,0.46
nLnN,11,10,21,0.52
nLnP,12,14,26,0.46
nLnS,3,4,7,0.43
nLnb,7,8,15,0.47
nLnh,1,0,1,1.0
nLnl,5,3,8,0.62
nLnm,5,1,6,0.83
nLnn,8,10,18,0.44
nLns,4,4,8,0.5
nLsB,3,3,6,0.5
nLsD,1,0,1,1.0
nLsH,4,4,8,0.5
nLsI,3,0,3,1.0
nLsL,3,1,4,0.75
nLsM,5,9,14,0.36
nLsN,1,6,7,0.14
nLsP,3,5,8,0.38
nLsS,4,6,10,0.4
nLsb,5,3,8,0.62
nLsl,2,1,3,0.67
nLsm,4,7,11,0.36
nLsn,2,4,6,0.33
nLss,2,3,5,0.4
nLtB,1,1,2,0.5
nLtH,2,0,2,1.0
nLtL,1,0,1,1.0
nLtM,1,3,4,0.25
nLtN,1,2,3,0.33
nLtP,1,1,2,0.5
nLtS,2,1,3,0.67
nLtb,2,0,2,1.0
nLtl,3,2,5,0.6
nLtm,1,0,1,1.0
nLtn,0,1,1,0.0
nLts,1,0,1,1.0
nMBB,11,8,19,0.58
nMBD,2,0,2,1.0
nMBK,1,1,2,0.5
nMBL,2,4,6,0.33
nMBM,9,8,17,0.53
nMBN,9,17,26,0.35
nMBP,16,11,27,0.59
nMBS,5,4,9,0.56
nMBb,13,12,25,0.52
nMBh,1,0,1,1.0
nMBj,5,4,9,0.56
nMBl,2,0,2,1.0
nMBm,13,5,18,0.72
nMBn,20,19,39,0.51
nMBs,5,5,10,0.5
nMBt,2,6,8,0.25
nMDD,1,0,1,1.0
nMDH,0,2,2,0.0
nMDM,1,0,1,1.0
nMDN,2,0,2,1.0
nMDP,2,0,2,1.0
nMDS,1,0,1,1.0
nMDb,0,3,3,0.0
nMDl,0,1,1,0.0
nMDm,1,2,3,0.33
nMDn,1,0,1,1.0
nMKS,1,0,1,1.0
nMLB,4,4,8,0.5
nMLD,0,1,1,0.0
nMLH,0,1,1,0.0
nMLK,0,1,1,0.0
nMLL,3,0,3,1.0
nMLM,4,4,8,0.5
nMLN,3,7,10,0.3
nMLP,6,8,14,0.43
nMLS,3,3,6,0.5
nMLb,3,4,7,0.43
nMLh,2,2,4,0.5
nMLj,2,0,2,1.0
nMLl,1,1,2,0.5
nMLm,5,2,7,0.71
nMLn,3,5,8,0.38
nMLs,3,4,7,0.43
nMLt,0,0,0,
nMMB,5,12,17,0.29
nMMD,0,1,1,0.0
nMML,4,0,4,1.0
nMMM,6,6,12,0.5
nMMN,5,18,23,0.22
nMMP,19,12,31,0.61
nMMS,2,8,10,0.2
nMMb,13,12,25,0.52
nMMh,10,5,15,0.67
nMMj,3,2,5,0.6
nMMl,3,4,7,0.43
nMMm,11,7,18,0.61
nMMn,21,18,39,0.54
nMMs,4,3,7,0.57
nMMt,1,3,4,0.25
nMNB,10,5,15,0.67
nMNH,1,2,3,0.33
nMNK,0,1,1,0.0
nMNL,2,2,4,0.5
nMNM,8,11,19,0.42
nMNN,19,15,34,0.56
nMNP,16,24,40,0.4
nMNS,15,9,24,0.62
nMNb,11,8,19,0.58
nMNh,3,3,6,0.5
nMNl,7,4,11,0.64
nMNm,11,6,17,0.65
nMNn,15,13,28,0.54
nMNs,13,10,23,0.57
nMNt,0,4,4,0.0
nMPB,11,11,22,0.5
nMPD,2,1,3,0.67
nMPH,8,4,12,0.67
nMPI,0,2,2,0.0
nMPK,2,2,4,0.5
nMPL,3,4,7,0.43
nMPM,15,18,33,0.45
nMPN,15,19,34,0.44
nMPP,32,24,56,0.57
nMPS,13,17,30,0.43
nMPb,8,16,24,0.33
nMPh,0,2,2,0.0
nMPl,6,2,8,0.75
nMPm,13,13,26,0.5
nMPn,14,17,31,0.45
nMPs,9,11,20,0.45
nMPt,1,1,2,0.5
nMSB,8,4,12,0.67
nMSD,0,1,1,0.0
nMSH,1,2,3,0.33
nMSK,1,1,2,0.5
nMSL,4,3,7,0.57
nMSM,8,5,13,0.62
nMSN,5,11,16,0.31
nMSP,14,10,24,0.58
nMSS,8,10,18,0.44
nMSb,8,6,14,0.57
nMSh,9,6,15,0.6
nMSl,4,1,5,0.8
nMSm,6,8,14,0.43
nMSn,14,8,22,0.64
nMSs,7,7,14,0.5
nMSt,3,1,4,0.75
nMbB,5,10,15,0.33
nMbD,0,2,2,0.0
nMbH,4,4,8,0.5
nMbI,4,2,6,0.67
nMbJ,1,2,3,0.33
nMbK,2,1,3,0.67
nMbL,4,9,13,0.31
nMbM,7,14,21,0.33
nMbN,19,15,34,0.56
nMbP,18,13,31,0.58
nMbS,6,4,10,0.6
nMbb,11,10,21,0.52
nMbl,1,6,7,0.14
nMbm,9,5,14,0.64
nMbn,12,9,21,0.57
nMbs,7,4,11,0.64
nMhB,7,1,8,0.88
nMhD,1,0,1,1.0
nMhH,0,3,3,0.0
nMhK,0,1,1,0.0
nMhL,0,2,2,0.0
nMhM,12,8,20,0.6
nMhN,12,5,17,0.71
nMhP,13,9,22,0.59
nMhS,8,10,18,0.44
nMhb,8,5,13,0.62
nMhh,4,13,17,0.24
nMhl,7,3,10,0.7
nMhm,5,5,10,0.5
nMhn,11,7,18,0.61
nMhs,9,6,15,0.6
nMht,0,1,1,0.0
nMjB,3,4,7,0.43
nMjD,0,0,0,
nMjH,2,1,3,0.67
nMjL,1,1,2,0.5
nMjM,2,4,6,0.33
nMjN,5,4,9,0.56
nMjP,4,4,8,0.5
nMjS,2,4,6,0.33
nMjb,3,6,9,0.33
nMjh,1,0,1,1.0
nMjl,0,1,1,0.0
nMjm,2,2,4,0.5
nMjn,4,2,6,0.67
nMjs,5,5,10,0.5
nMlB,0,6,6,0.0
nMlH,3,5,8,0.38
nMlJ,1,0,1,1.0
nMlK,0,1,1,0.0
nMlL,4,3,7,0.57
nMlM,3,8,11,0.27
nMlN,7,4,11,0.64
nMlP,8,5,13,0.62
nMlS,0,0,0,
nMlb,4,7,11,0.36
nMll,1,4,5,0.2
nMlm,3,5,8,0.38
nMln,6,6,12,0.5
nMls,5,0,5,1.0
nMmB,8,4,12,0.67
nMmD,4,1,5,0.8
nMmH,7,8,15,0.47
nMmJ,3,0,3,1.0
nMmK,0,0,0,
nMmL,3,3,6,0.5
nMmM,13,11,24,0.54
nMmN,14,13,27,0.52
nMmP,15,10,25,0.6
nMmS,11,11,22,0.5
nMmb,10,8,18,0.56
nMmh,0,0,0,
nMml,5,2,7,0.71
nMmm,6,8,14,0.43
nMmn,13,11,24,0.54
nMms,9,3,12,0.75
nMnB,11,6,17,0.65
nMnD,1,1,2,0.5
nMnH,11,15,26,0.42
nMnI,1,3,4,0.25
nMnK,3,2,5,0.6
nMnL,6,6,12,0.5
nMnM,8,12,20,0.4
nMnN,24,23,47,0.51
nMnP,25,30,55,0.45
nMnS,14,7,21,0.67
nMnb,12,9,21,0.57
nMnh,1,1,2,0.5
nMnl,11,4,15,0.73
nMnm,14,7,21,0.67
nMnn,26,18,44,0.59
nMns,14,15,29,0.48
nMnt,1,0,1,1.0
nMsB,2,11,13,0.15
nMsD,0,2,2,0.0
nMsH,6,9,15,0.4
nMsI,2,1,3,0.67
nMsL,5,7,12,0.42
nMsM,6,5,11,0.55
nMsN,15,13,28,0.54
nMsP,16,13,29,0.55
nMsS,8,6,14,0.57
nMsb,8,9,17,0.47
nMsh,1,0,1,1.0
nMsl,3,1,4,0.75
nMsm,9,5,14,0.64
nMsn,5,8,13,0.38
nMss,9,4,13,0.69
nMtB,2,2,4,0.5
nMtH,2,0,2,1.0
nMtL,1,1,2,0.5
nMtM,3,2,5,0.6
nMtN,4,5,9,0.44
nMtP,6,5,11,0.55
nMtS,1,1,2,0.5
nMtb,1,1,2,0.5
nMtl,0,0,0,
nMtm,1,0,1,1.0
nMtn,2,2,4,0.5
nMtt,2,1,3,0.67
nNBB,11,15,26,0.42
nNBD,1,2,3,0.33
nNBK,3,0,3,1.0
nNBL,3,6,9,0.33
nNBM,7,15,22,0.32
nNBN,18,19,37,0.49
nNBP,20,15,35,0.57
nNBS,8,1,9,0.89
nNBb,16,14,30,0.53
nNBh,3,2,5,0.6
nNBj,6,2,8,0.75
nNBl,5,3,8,0.62
nNBm,8,9,17,0.47
nNBn,20,17,37,0.54
nNBs,6,8,14,0.43
nNBt,6,2,8,0.75
nNDB,4,2,6,0.67
nNDD,0,1,1,0.0
nNDH,3,1,4,0.75
nNDL,1,0,1,1.0
nNDM,0,0,0,
nNDN,3,0,3,1.0
nNDP,1,1,2,0.5
nNDS,3,2,5,0.6
nNDb,3,1,4,0.75
nNDh,0,0,0,
nNDl,1,0,1,1.0
nNDm,3,0,3,1.0
nNDn,1,4,5,0.2
nNDs,2,4,6,0.33
nNDt,1,0,1,1.0
nNHB,1,3,4,0.25
nNHH,2,0,2,1.0
nNHI,0,0,0,
nNHL,3,1,4,0.75
nNHM,1,2,3,0.33
nNHN,4,0,4,1.0
nNHP,9,5,14,0.64
nNHS,4,0,4,1.0
nNHb,5,2,7,0.71
nNHh,1,0,1,1.0
nNHl,1,1,2,0.5
nNHm,1,1,2,0.5
nNHn,0,5,5,0.0
nNHs,6,4,10,0.6
nNHt,2,0,2,1.0
nNIB,0,1,1,0.0
nNIP,0,1,1,0.0
nNIS,1,0,1,1.0
nNIm,1,0,1,1.0
nNKB,2,1,3,0.67
nNKH,0,1,1,0.0
nNKL,0,1,1,0.0
nNKM,1,0,1,1.0
nNKN,2,2,4,0.5
nNKP,1,0,1,1.0
nNKS,1,3,4,0.25
nNKb,0,1,1,0.0
nNKh,2,0,2,1.0
nNKl,2,0,2,1.0
nNKm,1,1,2,0.5
nNKs,3,2,5,0.6
nNLB,6,6,12,0.5
nNLD,0,1,1,0.0
nNLL,1,1,2,0.5
nNLM,2,7,9,0.22
nNLN,2,10,12,0.17
nNLP,3,13,16,0.19
nNLS,1,3,4,0.25
nNLb,5,5,10,0.5
nNLh,0,4,4,0.0
nNLj,4,1,5,0.8
nNLl,2,3,5,0.4
nNLm,6,4,10,0.6
nNLn,8,9,17,0.47
nNLs,3,6,9,0.33
nNLt,1,2,3,0.33
nNMB,11,7,18,0.61
nNMD,2,1,3,0.67
nNML,6,4,10,0.6
nNMM,11,12,23,0.48
nNMN,18,13,31,0.58
nNMP,13,21,34,0.38
nNMS,8,9,17,0.47
nNMb,20,12,32,0.62
nNMh,8,11,19,0.42
nNMj,5,2,7,0.71
nNMl,1,5,6,0.17
nNMm,18,12,30,0.6
nNMn,25,12,37,0.68
nNMs,11,12,23,0.48
nNMt,5,3,8,0.62
nNNB,13,17,30,0.43
nNND,2,1,3,0.67
nNNH,4,2,6,0.67
nNNK,3,1,4,0.75
nNNL,5,6,11,0.45
nNNM,15,16,31,0.48
nNNN,15,27,42,0.36
nNNP,37,36,73,0.51
nNNS,18,20,38,0.47
nNNb,21,16,37,0.57
nNNh,8,11,19,0.42
nNNl,12,8,20,0.6
nNNm,23,14,37,0.62
nNNn,35,29,64,0.55
nNNs,12,17,29,0.41
nNNt,1,3,4,0.25
nNPB,22,19,41,0.54
nNPD,5,5,10,0.5
nNPH,3,7,10,0.3
nNPI,3,3,6,0.5
nNPK,0,3,3,0.0
nNPL,13,11,24,0.54
nNPM,30,23,53,0.57
nNPN,41,34,75,0.55
nNPP,46,49,95,0.48
nNPS,25,24,49,0.51
nNPb,34,19,53,0.64
nNPh,4,7,11,0.36
nNPl,13,13,26,0.5
nNPm,23,24,47,0.49
nNPn,23,33,56,0.41
nNPs,23,24,47,0.49
nNPt,5,3,8,0.62
nNSB,11,7,18,0.61
nNSD,3,1,4,0.75
nNSH,5,2,7,0.71
nNSK,1,1,2,0.5
nNSL,4,4,8,0.5
nNSM,13,8,21,0.62
nNSN,19,18,37,0.51
nNSP,22,17,39,0.56
nNSS,13,13,26,0.5
nNSb,8,13,21,0.38
nNSh,9,11,20,0.45
nNSl,9,2,11,0.82
nNSm,12,11,23,0.52
nNSn,20,9,29,0.69
nNSs,16,26,42,0.38
nNSt,4,2,6,0.67
nNbB,13,19,32,0.41
nNbD,6,1,7,0.86
nNbH,2,1,3,0.67
nNbJ,3,2,5,0.6
nNbK,0,2,2,0.0
nNbL,7,7,14,0.5
nNbM,8,13,21,0.38
nNbN,20,17,37,0.54
nNbP,19,14,33,0.58
nNbS,9,6,15,0.6
nNbb,17,14,31,0.55
nNbl,5,3,8,0.62
nNbm,7,9,16,0.44
nNbn,18,11,29,0.62
nNbs,8,9,17,0.47
nNhB,0,5,5,0.0
nNhD,0,0,0,
nNhH,1,1,2,0.5
nNhI,1,0,1,1.0
nNhL,2,3,5,0.4
nNhM,4,5,9,0.44
nNhN,2,7,9,0.22
nNhP,6,6,12,0.5
nNhS,4,2,6,0.67
nNhb,4,6,10,0.4
nNhh,3,1,4,0.75
nNhl,3,1,4,0.75
nNhm,6,4,10,0.6
nNhn,6,10,16,0.38
nNhs,0,4,4,0.0
nNht,0,0,0,
nNlB,9,6,15,0.6
nNlD,1,1,2,0.5
nNlH,8,5,13,0.62
nNlJ,2,2,4,0.5
nNlK,2,1,3,0.67
nNlL,2,1,3,0.67
nNlM,9,3,12,0.75
nNlN,10,9,19,0.53
nNlP,9,12,21,0.43
nNlS,7,10,17,0.41
nNlb,11,2,13,0.85
nNll,3,4,7,0.43
nNlm,5,6,11,0.45
nNln,4,5,9,0.44
nNls,2,4,6,0.33
nNmB,11,11,22,0.5
nNmD,7,3,10,0.7
nNmH,11,9,20,0.55
nNmI,0,3,3,0.0
nNmJ,4,1,5,0.8
nNmL,1,3,4,0.25
nNmM,16,11,27,0.59
nNmN,18,19,37,0.49
nNmP,21,16,37,0.57
nNmS,13,10,23,0.57
nNmb,12,14,26,0.46
nNmh,0,2,2,0.0
nNml,4,6,10,0.4
nNmm,14,12,26,0.54
nNmn,16,14,30,0.53
nNms,11,6,17,0.65
nNnB,18,14,32,0.56
nNnD,2,4,6,0.33
nNnH,12,11,23,0.52
nNnI,3,3,6,0.5
nNnK,1,1,2,0.5
nNnL,16,11,27,0.59
nNnM,15,30,45,0.33
nNnN,38,35,73,0.52
nNnP,42,43,85,0.49
nNnS,19,14,33,0.58
nNnb,25,25,50,0.5
nNnh,0,2,2,0.0
nNnl,6,9,15,0.4
nNnm,17,14,31,0.55
nNnn,34,36,70,0.49
nNns,18,20,38,0.47
nNsB,8,4,12,0.67
nNsD,2,4,6,0.33
nNsH,9,19,28,0.32
nNsI,1,1,2,0.5
nNsK,0,1,1,0.0
nNsL,5,7,12,0.42
nNsM,11,10,21,0.52
nNsN,13,12,25,0.52
nNsP,25,31,56,0.45
nNsS,10,22,32,0.31
nNsb,10,10,20,0.5
nNsh,1,0,1,1.0
nNsl,7,9,16,0.44
nNsm,13,10,23,0.57
nNsn,10,13,23,0.43
nNss,8,15,23,0.35
nNtB,3,0,3,1.0
nNtH,1,1,2,0.5
nNtI,0,1,1,0.0
nNtK,0,1,1,0.0
nNtL,0,2,2,0.0
nNtM,3,0,3,1.0
nNtN,7,5,12,0.58
nNtP,8,5,13,0.62
nNtS,1,7,8,0.12
nNtb,3,3,6,0.5
nNtl,0,2,2,0.0
nNtm,4,2,6,0.67
nNtn,4,4,8,0.5
nNts,0,3,3,0.0
nNtt,2,0,2,1.0
nPBB,25,22,47,0.53
nPBD,1,2,3,0.33
nPBH,0,1,1,0.0
nPBK,2,2,4,0.5
nPBL,4,7,11,0.36
nPBM,16,18,34,0.47
nPBN,15,21,36,0.42
nPBP,26,19,45,0.58
nPBS,7,14,21,0.33
nPBb,22,17,39,0.56
nPBh,2,4,6,0.33
nPBj,5,4,9,0.56
nPBl,13,10,23,0.57
nPBm,8,20,28,0.29
nPBn,23,20,43,0.53
nPBs,8,6,14,0.57
nPBt,2,1,3,0.67
nPDB,2,2,4,0.5
nPDM,3,0,3,1.0
nPDN,5,2,7,0.71
nPDP,2,5,7,0.29
nPDS,2,2,4,0.5
nPDb,1,1,2,0.5
nPDl,0,1,1,0.0
nPDm,1,4,5,0.2
nPDn,2,1,3,0.67
nPDs,1,3,4,0.25
nPHB,3,6,9,0.33
nPHD,2,1,3,0.67
nPHH,1,2,3,0.33
nPHI,2,0,2,1.0
nPHL,8,1,9,0.89
nPHM,5,8,13,0.38
nPHN,9,8,17,0.53
nPHP,4,7,11,0.36
nPHS,5,6,11,0.45
nPHb,9,7,16,0.56
nPHh,1,2,3,0.33
nPHl,3,2,5,0.6
nPHm,1,3,4,0.25
nPHn,10,9,19,0.53
nPHs,6,4,10,0.6
nPHt,1,0,1,1.0
nPIB,2,3,5,0.4
nPID,0,0,0,
nPIH,2,3,5,0.4
nPII,1,0,1,1.0
nPIL,2,1,3,0.67
nPIM,1,0,1,1.0
nPIN,1,2,3,0.33
nPIP,5,1,6,0.83
nPIS,3,0,3,1.0
nPIb,1,2,3,0.33
nPIl,0,0,0,
nPIm,3,3,6,0.5
nPIn,3,1,4,0.75
nPIs,3,3,6,0.5
nPIt,0,1,1,0.0
nPKB,1,4,5,0.2
nPKD,0,0,0,
nPKL,3,5,8,0.38
nPKM,1,1,2,0.5
nPKN,1,0,1,1.0
nPKP,3,0,3,1.0
nPKS,1,2,3,0.33
nPKb,0,2,2,0.0
nPKh,2,0,2,1.0
nPKl,1,1,2,0.5
nPKm,1,1,2,0.5
nPKn,1,1,2,0.5
nPKs,0,1,1,0.0
nPLB,11,7,18,0.61
nPLD,0,1,1,0.0
nPLL,6,5,11,0.55
nPLM,8,8,16,0.5
nPLN,13,10,23,0.57
nPLP,17,14,31,0.55
nPLS,9,8,17,0.53
nPLb,6,9,15,0.4
nPLh,5,6,11,0.45
nPLj,3,2,5,0.6
nPLl,10,7,17,0.59
nPLm,9,10,19,0.47
nPLn,9,17,26,0.35
nPLs,5,5,10,0.5
nPLt,1,1,2,0.5
nPMB,17,18,35,0.49
nPMD,3,2,5,0.6
nPML,9,4,13,0.69
nPMM,13,17,30,0.43
nPMN,13,15,28,0.46
nPMP,27,33,60,0.45
nPMS,12,13,25,0.48
nPMb,17,20,37,0.46
nPMh,11,21,32,0.34
nPMj,7,6,13,0.54
nPMl,10,8,18,0.56
nPMm,20,16,36,0.56
nPMn,23,26,49,0.47
nPMs,14,14,28,0.5
nPMt,3,3,6,0.5
nPNB,22,17,39,0.56
nPND,0,2,2,0.0
nPNH,2,1,3,0.67
nPNK,3,2,5,0.6
nPNL,8,8,16,0.5
nPNM,19,29,48,0.4
nPNN,30,21,51,0.59
nPNP,41,36,77,0.53
nPNS,21,17,38,0.55
nPNb,20,15,35,0.57
nPNh,11,13,24,0.46
nPNl,10,6,16,0.62
nPNm,22,16,38,0.58
nPNn,41,34,75,0.55
nPNs,25,22,47,0.53
nPNt,3,5,8,0.38
nPPB,36,37,73,0.49
nPPD,5,2,7,0.71
nPPH,9,10,19,0.47
nPPI,7,6,13,0.54
nPPK,5,1,6,0.83
nPPL,20,20,40,0.5
nPPM,22,35,57,0.39
nPPN,41,30,71,0.58
nPPP,61,69,130,0.47
nPPS,31,36,67,0.46
nPPb,53,31,84,0.63
nPPh,1,4,5,0.2
nPPl,25,15,40,0.62
nPPm,35,21,56,0.62
nPPn,33,25,58,0.57
nPPs,31,19,50,0.62
nPPt,4,10,14,0.29
nPSB,14,11,25,0.56
nPSD,1,1,2,0.5
nPSH,3,3,6,0.5
nPSI,1,0,1,1.0
nPSL,7,11,18,0.39
nPSM,9,19,28,0.32
nPSN,12,13,25,0.48
nPSP,17,30,47,0.36
nPSS,18,21,39,0.46
nPSb,17,10,27,0.63
nPSh,7,12,19,0.37
nPSl,7,6,13,0.54
nPSm,8,12,20,0.4
nPSn,26,19,45,0.58
nPSs,19,15,34,0.56
nPSt,2,7,9,0.22
nPbB,25,19,44,0.57
nPbD,1,1,2,0.5
nPbH,3,4,7,0.43
nPbI,7,0,7,1.0
nPbJ,9,4,13,0.69
nPbK,2,1,3,0.67
nPbL,15,11,26,0.58
nPbM,17,19,36,0.47
nPbN,23,22,45,0.51
nPbP,34,30,64,0.53
nPbS,11,6,17,0.65
nPbb,15,18,33,0.45
nPbl,18,4,22,0.82
nPbm,13,9,22,0.59
nPbn,15,15,30,0.5
nPbs,7,7,14,0.5
nPhB,2,4,6,0.33
nPhH,1,1,2,0.5
nPhL,3,0,3,1.0
nPhM,3,3,6,0.5
nPhN,3,1,4,0.75
nPhP,2,0,2,1.0
nPhS,0,4,4,0.0
nPhb,1,0,1,1.0
nPhh,2,3,5,0.4
nPhl,1,0,1,1.0
nPhm,2,0,2,1.0
nPhn,3,3,6,0.5
nPhs,0,2,2,0.0
nPlB,9,7,16,0.56
nPlH,10,5,15,0.67
nPlJ,1,6,7,0.14
nPlK,1,0,1,1.0
nPlL,3,4,7,0.43
nPlM,16,11,27,0.59
nPlN,10,6,16,0.62
nPlP,11,9,20,0.55
nPlS,9,10,19,0.47
nPlb,9,8,17,0.53
nPll,6,6,12,0.5
nPlm,7,5,12,0.58
nPln,5,7,12,0.42
nPls,7,3,10,0.7
nPmB,13,19,32,0.41
nPmD,0,3,3,0.0
nPmH,8,5,13,0.62
nPmI,1,1,2,0.5
nPmJ,2,1,3,0.67
nPmK,1,0,1,1.0
nPmL,7,7,14,0.5
nPmM,19,14,33,0.58
nPmN,28,21,49,0.57
nPmP,35,16,51,0.69
nPmS,11,15,26,0.42
nPmb,20,17,37,0.54
nPml,3,1,4,0.75
nPmm,10,14,24,0.42
nPmn,18,12,30,0.6
nPms,8,7,15,0.53
nPnB,17,19,36,0.47
nPnD,2,3,5,0.4
nPnH,8,7,15,0.53
nPnI,7,3,10,0.7
nPnK,0,0,0,
nPnL,13,12,25,0.52
nPnM,23,26,49,0.47
nPnN,26,29,55,0.47
nPnP,34,41,75,0.45
nPnS,15,23,38,0.39
nPnb,19,17,36,0.53
nPnh,1,1,2,0.5
nPnl,12,5,17,0.71
nPnm,18,14,32,0.56
nPnn,26,24,50,0.52
nPns,18,10,28,0.64
nPsB,11,10,21,0.52
nPsD,1,1,2,0.5
nPsH,15,13,28,0.54
nPsI,1,4,5,0.2
nPsK,2,0,2,1.0
nPsL,9,7,16,0.56
nPsM,9,20,29,0.31
nPsN,22,20,42,0.52
nPsP,21,29,50,0.42
nPsS,14,11,25,0.56
nPsb,17,16,33,0.52
nPsh,0,1,1,0.0
nPsl,8,8,16,0.5
nPsm,19,12,31,0.61
nPsn,19,15,34,0.56
nPss,14,15,29,0.48
nPst,0,2,2,0.0
nPtB,2,2,4,0.5
nPtH,0,5,5,0.0
nPtI,1,0,1,1.0
nPtK,3,0,3,1.0
nPtL,3,4,7,0.43
nPtM,1,2,3,0.33
nPtN,3,2,5,0.6
nPtP,5,3,8,0.62
nPtS,2,4,6,0.33
nPtb,6,3,9,0.67
nPth,0,1,1,0.0
nPtl,2,4,6,0.33
nPtm,3,3,6,0.5
nPtn,4,1,5,0.8
nPts,1,1,2,0.5
nPtt,1,0,1,1.0
nSBB,7,8,15,0.47
nSBK,0,1,1,0.0
nSBL,4,4,8,0.5
nSBM,6,7,13,0.46
nSBN,7,6,13,0.54
nSBP,8,10,18,0.44
nSBS,7,5,12,0.58
nSBb,10,4,14,0.71
nSBj,2,1,3,0.67
nSBl,4,1,5,0.8
nSBm,10,4,14,0.71
nSBn,12,12,24,0.5
nSBs,5,1,6,0.83
nSBt,1,3,4,0.25
nSDH,1,1,2,0.5
nSDL,0,1,1,0.0
nSDM,2,1,3,0.67
nSDN,1,1,2,0.5
nSDS,0,2,2,0.0
nSDb,0,0,0,
nSDn,3,2,5,0.6
nSDs,2,2,4,0.5
nSDt,1,0,1,1.0
nSHB,1,3,4,0.25
nSHH,1,2,3,0.33
nSHI,2,0,2,1.0
nSHK,0,1,1,0.0
nSHL,1,1,2,0.5
nSHM,1,2,3,0.33
nSHN,1,3,4,0.25
nSHP,6,4,10,0.6
nSHS,5,2,7,0.71
nSHb,6,5,11,0.55
nSHh,3,1,4,0.75
nSHl,0,1,1,0.0
nSHm,8,0,8,1.0
nSHn,5,9,14,0.36
nSHs,4,2,6,0.67
nSHt,1,2,3,0.33
nSKB,1,0,1,1.0
nSKP,1,0,1,1.0
nSKh,0,1,1,0.0
nSKn,1,0,1,1.0
nSKs,1,0,1,1.0
nSLB,4,6,10,0.4
nSLL,2,0,2,1.0
nSLM,6,4,10,0.6
nSLN,3,1,4,0.75
nSLP,13,3,16,0.81
nSLS,2,5,7,0.29
nSLb,2,6,8,0.25
nSLh,0,2,2,0.0
nSLj,1,0,1,1.0
nSLl,5,2,7,0.71
nSLm,3,2,5,0.6
nSLn,10,8,18,0.56
nSLs,5,6,11,0.45
nSLt,0,1,1,0.0
nSMB,15,7,22,0.68
nSMD,0,1,1,0.0
nSML,5,2,7,0.71
nSMM,8,10,18,0.44
nSMN,6,12,18,0.33
nSMP,12,15,27,0.44
nSMS,6,7,13,0.46
nSMb,13,14,27,0.48
nSMh,8,3,11,0.73
nSMj,2,2,4,0.5
nSMl,1,3,4,0.25
nSMm,9,5,14,0.64
nSMn,13,7,20,0.65
nSMs,6,3,9,0.67
nSMt,2,1,3,0.67
nSNB,9,4,13,0.69
nSND,0,2,2,0.0
nSNH,3,3,6,0.5
nSNK,0,4,4,0.0
nSNL,5,1,6,0.83
nSNM,3,9,12,0.25
nSNN,10,16,26,0.38
nSNP,21,17,38,0.55
nSNS,12,15,27,0.44
nSNb,9,9,18,0.5
nSNh,5,1,6,0.83
nSNl,3,3,6,0.5
nSNm,9,8,17,0.53
nSNn,16,18,34,0.47
nSNs,7,6,13,0.54
nSNt,0,2,2,0.0
nSPB,8,15,23,0.35
nSPD,1,2,3,0.33
nSPH,5,5,10,0.5
nSPI,1,0,1,1.0
nSPK,2,3,5,0.4
nSPL,4,7,11,0.36
nSPM,10,18,28,0.36
nSPN,22,21,43,0.51
nSPP,37,21,58,0.64
nSPS,16,10,26,0.62
nSPb,16,14,30,0.53
nSPh,1,1,2,0.5
nSPl,6,7,13,0.46
nSPm,16,7,23,0.7
nSPn,14,18,32,0.44
nSPs,19,16,35,0.54
nSPt,2,0,2,1.0
nSSB,8,5,13,0.62
nSSD,0,3,3,0.0
nSSH,3,5,8,0.38
nSSI,2,0,2,1.0
nSSK,1,1,2,0.5
nSSL,6,2,8,0.75
nSSM,10,7,17,0.59
nSSN,10,11,21,0.48
nSSP,13,20,33,0.39
nSSS,15,15,30,0.5
nSSb,9,8,17,0.53
nSSh,4,9,13,0.31
nSSl,5,2,7,0.71
nSSm,8,6,14,0.57
nSSn,16,16,32,0.5
nSSs,21,8,29,0.72
nSSt,3,1,4,0.75
nSbB,7,8,15,0.47
nSbD,2,1,3,0.67
nSbH,1,4,5,0.2
nSbI,0,0,0,
nSbJ,4,3,7,0.57
nSbK,2,1,3,0.67
nSbL,4,3,7,0.57
nSbM,9,6,15,0.6
nSbN,14,8,22,0.64
nSbP,6,11,17,0.35
nSbS,6,4,10,0.6
nSbb,6,11,17,0.35
nSbl,3,2,5,0.6
nSbm,2,2,4,0.5
nSbn,8,11,19,0.42
nSbs,10,4,14,0.71
nShB,4,5,9,0.44
nShD,1,0,1,1.0
nShH,1,1,2,0.5
nShI,0,1,1,0.0
nShL,1,2,3,0.33
nShM,3,10,13,0.23
nShN,9,12,21,0.43
nShP,4,9,13,0.31
nShS,6,11,17,0.35
nShb,3,5,8,0.38
nShh,4,4,8,0.5
nShl,4,3,7,0.57
nShm,6,5,11,0.55
nShn,6,9,15,0.4
nShs,7,6,13,0.54
nSht,0,1,1,0.0
nSlB,3,2,5,0.6
nSlD,0,1,1,0.0
nSlH,3,1,4,0.75
nSlI,1,1,2,0.5
nSlJ,1,1,2,0.5
nSlL,4,0,4,1.0
nSlM,4,3,7,0.57
nSlN,3,6,9,0.33
nSlP,3,5,8,0.38
nSlS,5,3,8,0.62
nSlb,4,7,11,0.36
nSll,5,1,6,0.83
nSlm,1,2,3,0.33
nSln,3,1,4,0.75
nSls,3,3,6,0.5
nSmB,3,11,14,0.21
nSmD,1,1,2,0.5
nSmH,13,9,22,0.59
nSmI,0,2,2,0.0
nSmJ,0,3,3,0.0
nSmL,6,2,8,0.75
nSmM,8,8,16,0.5
nSmN,20,10,30,0.67
nSmP,22,13,35,0.63
nSmS,5,7,12,0.42
nSmb,10,12,22,0.45
nSml,3,5,8,0.38
nSmm,10,9,19,0.53
nSmn,8,7,15,0.53
nSms,4,4,8,0.5
nSnB,14,10,24,0.58
nSnD,2,2,4,0.5
nSnH,6,9,15,0.4
nSnI,4,0,4,1.0
nSnK,1,0,1,1.0
nSnL,5,3,8,0.62
nSnM,8,12,20,0.4
nSnN,21,19,40,0.52
nSnP,21,21,42,0.5
nSnS,6,11,17,0.35
nSnb,11,18,29,0.38
nSnl,5,5,10,0.5
nSnm,6,5,11,0.55
nSnn,15,11,26,0.58
nSns,13,10,23,0.57
nSsB,2,9,11,0.18
nSsD,2,1,3,0.67
nSsH,5,16,21,0.24
nSsI,1,2,3,0.33
nSsL,5,5,10,0.5
nSsM,8,15,23,0.35
nSsN,11,14,25,0.44
nSsP,18,14,32,0.56
nSsS,14,16,30,0.47
nSsb,3,3,6,0.5
nSsl,8,1,9,0.89
nSsm,7,7,14,0.5
nSsn,7,12,19,0.37
nSss,14,13,27,0.52
nSst,1,0,1,1.0
nStB,1,4,5,0.2
nStD,1,0,1,1.0
nStH,0,2,2,0.0
nStI,0,1,1,0.0
nStK,0,1,1,0.0
nStL,1,1,2,0.5
nStM,2,2,4,0.5
nStN,3,1,4,0.75
nStP,5,0,5,1.0
nStS,3,7,10,0.3
nStb,4,0,4,1.0
nStl,3,0,3,1.0
nStm,3,0,3,1.0
nStn,1,4,5,0.2
nSts,0,1,1,0.0
nStt,1,0,1,1.0
nbBB,15,11,26,0.58
nbBL,2,9,11,0.18
nbBM,7,10,17,0.41
nbBN,12,17,29,0.41
nbBP,17,28,45,0.38
nbBS,8,7,15,0.53
nbBb,12,10,22,0.55
nbBh,2,0,2,1.0
nbBj,2,4,6,0.33
nbBl,7,3,10,0.7
nbBm,9,10,19,0.47
nbBn,19,10,29,0.66
nbBs,5,3,8,0.62
nbBt,4,4,8,0.5
nbDB,1,1,2,0.5
nbDH,0,3,3,0.0
nbDI,0,1,1,0.0
nbDL,0,1,1,0.0
nbDM,0,3,3,0.0
nbDN,2,1,3,0.67
nbDP,1,1,2,0.5
nbDS,0,1,1,0.0
nbDl,1,0,1,1.0
nbDn,0,1,1,0.0
nbDt,0,1,1,0.0
nbHB,6,5,11,0.55
nbHD,1,0,1,1.0
nbHH,1,0,1,1.0
nbHL,2,0,2,1.0
nbHM,4,3,7,0.57
nbHN,3,0,3,1.0
nbHP,6,4,10,0.6
nbHS,2,2,4,0.5
nbHb,4,2,6,0.67
nbHh,3,1,4,0.75
nbHl,2,2,4,0.5
nbHm,2,1,3,0.67
nbHn,2,1,3,0.67
nbHs,1,3,4,0.25
nbHt,1,1,2,0.5
nbIB,1,1,2,0.5
nbIH,2,3,5,0.4
nbIL,1,0,1,1.0
nbIM,0,2,2,0.0
nbIN,1,3,4,0.25
nbIP,2,2,4,0.5
nbIS,2,0,2,1.0
nbIb,1,0,1,1.0
nbIl,0,2,2,0.0
nbIm,3,0,3,1.0
nbIn,1,2,3,0.33
nbIs,1,1,2,0.5
nbJB,1,4,5,0.2
nbJH,2,0,2,1.0
nbJI,1,0,1,1.0
nbJK,1,0,1,1.0
nbJL,1,3,4,0.25
nbJM,5,3,8,0.62
nbJN,6,4,10,0.6
nbJP,5,6,11,0.45
nbJS,2,1,3,0.67
nbJb,6,4,10,0.6
nbJh,0,2,2,0.0
nbJl,3,3,6,0.5
nbJm,3,4,7,0.43
nbJn,5,6,11,0.45
nbJs,2,4,6,0.33
nbKB,1,2,3,0.33
nbKK,0,0,0,
nbKL,0,2,2,0.0
nbKM,0,4,4,0.0
nbKN,1,1,2,0.5
nbKP,4,0,4,1.0
nbKS,0,1,1,0.0
nbKb,3,0,3,1.0
nbKh,0,0,0,
nbKm,0,0,0,
nbKn,0,2,2,0.0
nbKs,0,3,3,0.0
nbLB,3,5,8,0.38
nbLH,0,0,0,
nbLK,0,2,2,0.0
nbLL,1,3,4,0.25
nbLM,5,6,11,0.45
nbLN,5,2,7,0.71
nbLP,7,9,16,0.44
nbLS,4,2,6,0.67
nbLb,4,4,8,0.5
nbLh,4,4,8,0.5
nbLj,1,0,1,1.0
nbLl,3,3,6,0.5
nbLm,5,2,7,0.71
nbLn,3,10,13,0.23
nbLs,4,3,7,0.57
nbLt,1,0,1,1.0
nbMB,9,9,18,0.5
nbMD,1,0,1,1.0
nbMK,1,0,1,1.0
nbML,6,5,11,0.55
nbMM,8,12,20,0.4
nbMN,14,11,25,0.56
nbMP,10,28,38,0.26
nbMS,7,7,14,0.5
nbMb,14,13,27,0.52
nbMh,7,6,13,0.54
nbMj,3,7,10,0.3
nbMl,5,3,8,0.62
nbMm,13,5,18,0.72
nbMn,19,26,45,0.42
nbMs,6,3,9,0.67
nbMt,3,4,7,0.43
nbNB,13,10,23,0.57
nbND,1,1,2,0.5
nbNH,2,2,4,0.5
nbNK,2,0,2,1.0
nbNL,6,12,18,0.33
nbNM,20,17,37,0.54
nbNN,18,22,40,0.45
nbNP,39,27,66,0.59
nbNS,13,10,23,0.57
nbNb,18,17,35,0.51
nbNh,4,6,10,0.4
nbNl,7,5,12,0.58
nbNm,18,12,30,0.6
nbNn,28,21,49,0.57
nbNs,8,6,14,0.57
nbNt,6,3,9,0.67
nbPB,13,21,34,0.38
nbPD,4,2,6,0.67
nbPH,8,6,14,0.57
nbPI,2,0,2,1.0
nbPK,1,2,3,0.33
nbPL,11,8,19,0.58
nbPM,19,17,36,0.53
nbPN,25,16,41,0.61
nbPP,31,26,57,0.54
nbPS,20,13,33,0.61
nbPb,21,11,32,0.66
nbPh,4,5,9,0.44
nbPl,2,14,16,0.12
nbPm,13,11,24,0.54
nbPn,12,16,28,0.43
nbPs,11,7,18,0.61
nbPt,2,1,3,0.67
nbSB,2,7,9,0.22
nbSD,0,1,1,0.0
nbSH,3,1,4,0.75
nbSL,4,0,4,1.0
nbSM,7,4,11,0.64
nbSN,5,12,17,0.29
nbSP,13,15,28,0.46
nbSS,13,6,19,0.68
nbSb,8,7,15,0.53
nbSh,1,2,3,0.33
nbSl,3,4,7,0.43
nbSm,7,7,14,0.5
nbSn,7,5,12,0.58
nbSs,14,5,19,0.74
nbbB,11,15,26,0.42
nbbD,1,1,2,0.5
nbbH,3,1,4,0.75
nbbI,5,0,5,1.0
nbbJ,6,3,9,0.67
nbbK,0,2,2,0.0
nbbL,5,6,11,0.45
nbbM,14,11,25,0.56
nbbN,27,17,44,0.61
nbbP,14,14,28,0.5
nbbS,13,10,23,0.57
nbbb,16,19,35,0.46
nbbl,7,1,8,0.88
nbbm,11,11,22,0.5
nbbn,12,11,23,0.52
nbbs,3,3,6,0.5
nbbt,0,1,1,0.0
nbhM,1,0,1,1.0
nbhP,0,0,0,
nbhb,1,0,1,1.0
nblB,2,4,6,0.33
nblD,1,0,1,1.0
nblH,1,2,3,0.33
nblI,0,1,1,0.0
nblJ,1,2,3,0.33
nblL,6,0,6,1.0
nblM,4,4,8,0.5
nblN,8,5,13,0.62
nblP,7,5,12,0.58
nblS,2,2,4,0.5
nblb,6,6,12,0.5
nbll,1,0,1,1.0
nblm,3,1,4,0.75
nbln,0,3,3,0.0
nbls,1,0,1,1.0
nbmB,13,5,18,0.72
nbmD,1,1,2,0.5
nbmH,8,3,11,0.73
nbmI,2,1,3,0.67
nbmJ,0,3,3,0.0
nbmL,3,2,5,0.6
nbmM,9,11,20,0.45
nbmN,13,5,18,0.72
nbmP,10,11,21,0.48
nbmS,7,6,13,0.54
nbmb,15,8,23,0.65
nbml,2,1,3,0.67
nbmm,3,3,6,0.5
nbmn,6,10,16,0.38
nbms,0,4,4,0.0
nbnB,14,6,20,0.7
nbnD,2,1,3,0.67
nbnH,7,4,11,0.64
nbnI,0,4,4,0.0
nbnK,1,0,1,1.0
nbnL,5,7,12,0.42
nbnM,11,14,25,0.44
nbnN,12,22,34,0.35
nbnP,22,19,41,0.54
nbnS,6,12,18,0.33
nbnb,16,11,27,0.59
nbnh,0,0,0,
nbnl,5,2,7,0.71
nbnm,10,5,15,0.67
nbnn,13,2,15,0.87
nbns,7,6,13,0.54
nbsB,3,2,5,0.6
nbsD,1,1,2,0.5
nbsH,9,6,15,0.6
nbsL,7,0,7,1.0
nbsM,5,3,8,0.62
nbsN,4,5,9,0.44
nbsP,9,8,17,0.53
nbsS,9,8,17,0.53
nbsb,5,5,10,0.5
nbsl,2,1,3,0.67
nbsm,6,5,11,0.55
nbsn,4,4,8,0.5
nbss,4,2,6,0.67
nhBM,2,0,2,1.0
nhBS,0,1,1,0.0
nhBb,1,0,1,1.0
nhBh,0,1,1,0.0
nhBj,1,0,1,1.0
nhBm,1,0,1,1.0
nhBs,0,1,1,0.0
nhHL,0,1,1,0.0
nhHP,0,1,1,0.0
nhHl,1,0,1,1.0
nhLM,2,2,4,0.5
nhLN,1,0,1,1.0
nhLP,1,0,1,1.0
nhLb,1,0,1,1.0
nhLh,0,1,1,0.0
nhLn,0,1,1,0.0
nhMS,1,0,1,1.0
nhMl,1,0,1,1.0
nhMm,0,1,1,0.0
nhMt,1,0,1,1.0
nhNB,2,0,2,1.0
nhNH,0,1,1,0.0
nhNM,0,2,2,0.0
nhNN,1,0,1,1.0
nhNP,1,0,1,1.0
nhNS,0,2,2,0.0
nhNb,1,0,1,1.0
nhNh,1,0,1,1.0
nhNl,1,0,1,1.0
nhNn,0,1,1,0.0
nhPB,2,0,2,1.0
nhPH,1,0,1,1.0
nhPM,1,0,1,1.0
nhPN,0,0,0,
nhPS,1,2,3,0.33
nhPb,0,2,2,0.0
nhPh,0,2,2,0.0
nhSM,0,1,1,0.0
nhSS,1,0,1,1.0
nhSh,2,0,2,1.0
nhSl,1,0,1,1.0
nhbB,1,1,2,0.5
nhbJ,0,1,1,0.0
nhbM,1,0,1,1.0
nhbP,1,1,2,0.5
nhbb,2,1,3,0.67
nhbl,1,0,1,1.0
nhbs,0,1,1,0.0
nhhB,0,1,1,0.0
nhhM,0,1,1,0.0
nhhN,0,1,1,0.0
nhhP,2,1,3,0.67
nhhS,0,0,0,
nhhh,1,1,2,0.5
nhhs,1,0,1,1.0
nhlM,1,0,1,1.0
nhlN,1,0,1,1.0
nhlS,1,0,1,1.0
nhln,0,1,1,0.0
nhmB,2,2,4,0.5
nhmH,0,1,1,0.0
nhmL,1,0,1,1.0
nhmN,1,2,3,0.33
nhmP,0,0,0,
nhmS,0,2,2,0.0
nhmb,1,1,2,0.5
nhmm,0,0,0,
nhnN,1,0,1,1.0
nhnP,0,1,1,0.0
nhnb,2,1,3,0.67
nhnh,0,1,1,0.0
nhnl,0,1,1,0.0
nhns,2,0,2,1.0
nhsB,0,0,0,
nhsH,1,1,2,0.5
nhsI,0,1,1,0.0
nhsM,0,0,0,
nhsN,0,2,2,0.0
nhsS,2,0,2,1.0
nhsb,0,1,1,0.0
nhsm,1,0,1,1.0
nhsn,1,0,1,1.0
nhss,2,0,2,1.0
nhtL,0,1,1,0.0
nlBB,2,4,6,0.33
nlBK,1,0,1,1.0
nlBL,0,1,1,0.0
nlBM,5,1,6,0.83
nlBN,8,5,13,0.62
nlBP,8,5,13,0.62
nlBS,3,1,4,0.75
nlBb,2,0,2,1.0
nlBh,1,0,1,1.0
nlBj,3,3,6,0.5
nlBl,4,1,5,0.8
nlBm,6,2,8,0.75
nlBn,7,5,12,0.58
nlBs,2,3,5,0.4
nlBt,0,2,2,0.0
nlDL,0,1,1,0.0
nlDM,0,1,1,0.0
nlDN,3,0,3,1.0
nlDP,2,0,2,1.0
nlDS,0,1,1,0.0
nlDm,0,0,0,
nlDn,1,0,1,1.0
nlDs,1,0,1,1.0
nlDt,1,0,1,1.0
nlHB,3,1,4,0.75
nlHD,0,1,1,0.0
nlHK,0,1,1,0.0
nlHL,3,1,4,0.75
nlHM,5,8,13,0.38
nlHN,2,1,3,0.67
nlHP,4,4,8,0.5
nlHS,3,2,5,0.6
nlHb,4,4,8,0.5
nlHh,2,0,2,1.0
nlHl,2,0,2,1.0
nlHm,5,2,7,0.71
nlHn,2,2,4,0.5
nlHs,2,1,3,0.67
nlIH,0,3,3,0.0
nlIM,0,1,1,0.0
nlIN,1,0,1,1.0
nlIP,1,0,1,1.0
nlIS,1,0,1,1.0
nlIb,3,0,3,1.0
nlIn,1,0,1,1.0
nlIs,1,1,2,0.5
nlJB,2,2,4,0.5
nlJD,0,2,2,0.0
nlJH,0,0,0,
nlJI,1,0,1,1.0
nlJM,0,1,1,0.0
nlJN,0,1,1,0.0
nlJP,3,4,7,0.43
nlJS,2,3,5,0.4
nlJb,3,0,3,1.0
nlJl,0,0,0,
nlJm,1,2,3,0.33
nlJn,1,1,2,0.5
nlJs,1,1,2,0.5
nlKM,0,1,1,0.0
nlKN,0,0,0,
nlKb,0,1,1,0.0
nlLB,1,1,2,0.5
nlLL,3,0,3,1.0
nlLM,2,4,6,0.33
nlLN,4,3,7,0.57
nlLP,2,1,3,0.67
nlLS,2,1,3,0.67
nlLb,2,1,3,0.67
nlLh,1,1,2,0.5
nlLl,0,3,3,0.0
nlLm,1,2,3,0.33
nlLn,3,4,7,0.43
nlLs,2,0,2,1.0
nlLt,0,1,1,0.0
nlMB,4,4,8,0.5
nlMD,1,0,1,1.0
nlML,4,3,7,0.57
nlMM,1,7,8,0.12
nlMN,8,2,10,0.8
nlMP,4,6,10,0.4
nlMS,5,5,10,0.5
nlMb,4,4,8,0.5
nlMh,3,1,4,0.75
nlMj,3,2,5,0.6
nlMl,2,1,3,0.67
nlMm,4,2,6,0.67
nlMn,10,13,23,0.43
nlMs,3,2,5,0.6
nlMt,3,1,4,0.75
nlNB,6,6,12,0.5
nlNH,1,2,3,0.33
nlNK,2,0,2,1.0
nlNL,3,4,7,0.43
nlNM,3,7,10,0.3
nlNN,11,2,13,0.85
nlNP,12,9,21,0.57
nlNS,1,4,5,0.2
nlNb,8,2,10,0.8
nlNh,2,2,4,0.5
nlNl,2,0,2,1.0
nlNm,4,4,8,0.5
nlNn,8,7,15,0.53
nlNs,11,1,12,0.92
nlNt,2,3,5,0.4
nlPB,6,11,17,0.35
nlPD,0,0,0,
nlPH,0,3,3,0.0
nlPI,0,0,0,
nlPL,5,3,8,0.62
nlPM,11,4,15,0.73
nlPN,11,11,22,0.5
nlPP,13,7,20,0.65
nlPS,5,8,13,0.38
nlPb,7,6,13,0.54
nlPh,2,0,2,1.0
nlPl,5,4,9,0.56
nlPm,7,5,12,0.58
nlPn,9,5,14,0.64
nlPs,5,6,11,0.45
nlPt,1,1,2,0.5
nlSB,4,1,5,0.8
nlSH,2,1,3,0.67
nlSL,3,1,4,0.75
nlSM,2,5,7,0.29
nlSN,4,4,8,0.5
nlSP,3,7,10,0.3
nlSS,1,4,5,0.2
nlSb,4,3,7,0.57
nlSh,5,1,6,0.83
nlSl,1,2,3,0.33
nlSm,3,1,4,0.75
nlSn,5,4,9,0.56
nlSs,11,3,14,0.79
nlSt,3,0,3,1.0
nlbB,6,8,14,0.43
nlbD,1,0,1,1.0
nlbH,1,0,1,1.0
nlbJ,2,1,3,0.67
nlbL,2,0,2,1.0
nlbM,8,6,14,0.57
nlbN,7,7,14,0.5
nlbP,4,7,11,0.36
nlbS,3,2,5,0.6
nlbb,11,8,19,0.58
nlbl,2,2,4,0.5
nlbm,5,3,8,0.62
nlbn,4,3,7,0.57
nlbs,1,0,1,1.0
nllB,4,2,6,0.67
nllD,1,0,1,1.0
nllH,2,1,3,0.67
nllJ,0,1,1,0.0
nllL,0,1,1,0.0
nllM,2,4,6,0.33
nllN,1,1,2,0.5
nllP,2,1,3,0.67
nllS,1,1,2,0.5
nllb,1,3,4,0.25
nlll,0,1,1,0.0
nllm,2,1,3,0.67
nlln,3,3,6,0.5
nlls,1,3,4,0.25
nlmB,2,3,5,0.4
nlmH,1,2,3,0.33
nlmM,6,3,9,0.67
nlmN,5,5,10,0.5
nlmP,8,5,13,0.62
nlmS,2,1,3,0.67
nlmb,7,3,10,0.7
nlml,0,1,1,0.0
nlmm,2,2,4,0.5
nlmn,4,2,6,0.67
nlms,1,1,2,0.5
nlnB,1,7,8,0.12
nlnH,2,3,5,0.4
nlnI,0,1,1,0.0
nlnL,2,2,4,0.5
nlnM,4,4,8,0.5
nlnN,9,9,18,0.5
nlnP,11,10,21,0.52
nlnS,4,1,5,0.8
nlnb,7,7,14,0.5
nlnl,2,2,4,0.5
nlnm,4,2,6,0.67
nlnn,5,3,8,0.62
nlns,1,4,5,0.2
nlsB,2,2,4,0.5
nlsD,0,1,1,0.0
nlsH,2,3,5,0.4
nlsL,4,3,7,0.57
nlsM,0,1,1,0.0
nlsN,1,3,4,0.25
nlsP,9,3,12,0.75
nlsS,4,0,4,1.0
nlsb,1,0,1,1.0
nlsh,0,1,1,0.0
nlsl,0,2,2,0.0
nlsn,4,0,4,1.0
nlss,2,4,6,0.33
nmBB,9,5,14,0.64
nmBD,0,1,1,0.0
nmBK,0,1,1,0.0
nmBL,2,5,7,0.29
nmBM,5,9,14,0.36
nmBN,12,7,19,0.63
nmBP,18,8,26,0.69
nmBS,10,5,15,0.67
nmBb,13,13,26,0.5
nmBh,1,0,1,1.0
nmBj,5,2,7,0.71
nmBl,1,5,6,0.17
nmBm,10,6,16,0.62
nmBn,17,14,31,0.55
nmBs,5,6,11,0.45
nmBt,3,0,3,1.0
nmDB,1,1,2,0.5
nmDD,0,1,1,0.0
nmDH,0,1,1,0.0
nmDM,3,0,3,1.0
nmDN,0,2,2,0.0
nmDP,0,3,3,0.0
nmDS,0,1,1,0.0
nmDb,1,0,1,1.0
nmDl,1,1,2,0.5
nmDm,4,1,5,0.8
nmDn,1,3,4,0.25
nmDs,2,1,3,0.67
nmDt,0,1,1,0.0
nmHB,5,5,10,0.5
nmHD,0,1,1,0.0
nmHH,0,1,1,0.0
nmHI,1,0,1,1.0
nmHK,1,1,2,0.5
nmHL,4,1,5,0.8
nmHM,5,6,11,0.45
nmHN,4,12,16,0.25
nmHP,12,10,22,0.55
nmHS,7,5,12,0.58
nmHb,10,7,17,0.59
nmHh,3,3,6,0.5
nmHl,5,2,7,0.71
nmHm,5,6,11,0.45
nmHn,8,8,16,0.5
nmHs,5,5,10,0.5
nmHt,0,2,2,0.0
nmID,0,0,0,
nmIL,1,2,3,0.33
nmIM,1,2,3,0.33
nmIN,2,2,4,0.5
nmIP,7,3,10,0.7
nmIb,2,1,3,0.67
nmIl,1,0,1,1.0
nmIn,1,2,3,0.33
nmIs,0,1,1,0.0
nmJB,1,2,3,0.33
nmJD,1,1,2,0.5
nmJH,0,0,0,
nmJL,3,2,5,0.6
nmJM,0,2,2,0.0
nmJN,1,2,3,0.33
nmJP,4,2,6,0.67
nmJS,0,1,1,0.0
nmJb,9,2,11,0.82
nmJl,1,0,1,1.0
nmJm,0,1,1,0.0
nmJn,3,2,5,0.6
nmJs,1,2,3,0.33
nmJt,0,1,1,0.0
nmLB,3,1,4,0.75
nmLD,0,0,0,
nmLL,2,5,7,0.29
nmLM,4,4,8,0.5
nmLN,0,2,2,0.0
nmLP,2,3,5,0.4
nmLS,5,4,9,0.56
nmLb,3,0,3,1.0
nmLh,2,2,4,0.5
nmLm,7,3,10,0.7
nmLn,6,3,9,0.67
nmLs,3,5,8,0.38
nmLt,3,1,4,0.75
nmMB,11,9,20,0.55
nmMD,1,1,2,0.5
nmML,3,1,4,0.75
nmMM,7,9,16,0.44
nmMN,14,15,29,0.48
nmMP,12,16,28,0.43
nmMS,8,4,12,0.67
nmMb,7,7,14,0.5
nmMh,7,9,16,0.44
nmMj,4,2,6,0.67
nmMl,6,4,10,0.6
nmMm,13,5,18,0.72
nmMn,18,18,36,0.5
nmMs,9,9,18,0.5
nmMt,0,3,3,0.0
nmNB,6,11,17,0.35
nmND,0,1,1,0.0
nmNH,1,1,2,0.5
nmNK,1,0,1,1.0
nmNL,3,6,9,0.33
nmNM,18,9,27,0.67
nmNN,11,13,24,0.46
nmNP,25,24,49,0.51
nmNS,12,11,23,0.52
nmNb,6,11,17,0.35
nmNh,3,5,8,0.38
nmNl,4,3,7,0.57
nmNm,7,8,15,0.47
nmNn,20,25,45,0.44
nmNs,9,9,18,0.5
nmNt,2,2,4,0.5
nmPB,10,13,23,0.43
nmPD,1,1,2,0.5
nmPH,2,4,6,0.33
nmPI,1,1,2,0.5
nmPK,3,0,3,1.0
nmPL,2,6,8,0.25
nmPM,12,11,23,0.52
nmPN,15,13,28,0.54
nmPP,25,25,50,0.5
nmPS,5,7,12,0.42
nmPb,16,12,28,0.57
nmPh,0,2,2,0.0
nmPl,4,4,8,0.5
nmPm,13,18,31,0.42
nmPn,14,13,27,0.52
nmPs,12,4,16,0.75
nmPt,1,2,3,0.33
nmSB,3,4,7,0.43
nmSD,0,2,2,0.0
nmSH,1,2,3,0.33
nmSL,4,0,4,1.0
nmSM,6,5,11,0.55
nmSN,6,9,15,0.4
nmSP,13,8,21,0.62
nmSS,9,4,13,0.69
nmSb,5,4,9,0.56
nmSh,1,5,6,0.17
nmSl,3,3,6,0.5
nmSm,6,6,12,0.5
nmSn,5,10,15,0.33
nmSs,6,5,11,0.55
nmSt,3,1,4,0.75
nmbB,16,8,24,0.67
nmbD,2,0,2,1.0
nmbH,3,5,8,0.38
nmbJ,4,1,5,0.8
nmbL,5,7,12,0.42
nmbM,15,2,17,0.88
nmbN,19,12,31,0.61
nmbP,15,14,29,0.52
nmbS,5,3,8,0.62
nmbb,16,8,24,0.67
nmbl,4,2,6,0.67
nmbm,6,4,10,0.6
nmbn,16,12,28,0.57
nmbs,5,3,8,0.62
nmlB,1,2,3,0.33
nmlD,0,1,1,0.0
nmlH,2,2,4,0.5
nmlJ,1,2,3,0.33
nmlL,2,1,3,0.67
nmlM,6,2,8,0.75
nmlN,1,5,6,0.17
nmlP,7,5,12,0.58
nmlS,3,2,5,0.6
nmlb,3,6,9,0.33
nmll,0,1,1,0.0
nmlm,4,2,6,0.67
nmln,7,0,7,1.0
nmls,0,4,4,0.0
nmmB,5,4,9,0.56
nmmD,3,2,5,0.6
nmmH,6,1,7,0.86
nmmI,1,0,1,1.0
nmmJ,0,2,2,0.0
nmmL,5,0,5,1.0
nmmM,12,13,25,0.48
nmmN,9,6,15,0.6
nmmP,7,13,20,0.35
nmmS,5,5,10,0.5
nmmb,10,9,19,0.53
nmml,3,1,4,0.75
nmmm,5,2,7,0.71
nmmn,4,11,15,0.27
nmms,5,4,9,0.56
nmnB,18,12,30,0.6
nmnH,2,2,4,0.5
nmnI,3,0,3,1.0
nmnL,3,4,7,0.43
nmnM,17,9,26,0.65
nmnN,11,18,29,0.38
nmnP,18,13,31,0.58
nmnS,5,5,10,0.5
nmnb,11,12,23,0.48
nmnh,0,1,1,0.0
nmnl,5,2,7,0.71
nmnm,8,3,11,0.73
nmnn,6,9,15,0.4
nmns,3,10,13,0.23
nmsB,3,3,6,0.5
nmsD,3,0,3,1.0
nmsH,5,7,12,0.42
nmsI,1,0,1,1.0
nmsL,0,3,3,0.0
nmsM,4,4,8,0.5
nmsN,7,6,13,0.54
nmsP,5,7,12,0.42
nmsS,3,1,4,0.75
nmsb,6,3,9,0.67
nmsl,1,2,3,0.33
nmsm,7,4,11,0.64
nmsn,3,5,8,0.38
nmss,5,2,7,0.71
nmtt,0,1,1,0.0
nnBB,10,10,20,0.5
nnBD,0,1,1,0.0
nnBK,1,1,2,0.5
nnBL,4,2,6,0.67
nnBM,9,8,17,0.53
nnBN,7,22,29,0.24
nnBP,12,14,26,0.46
nnBS,4,6,10,0.4
nnBb,12,15,27,0.44
nnBh,2,2,4,0.5
nnBj,5,1,6,0.83
nnBl,4,2,6,0.67
nnBm,7,11,18,0.39
nnBn,24,7,31,0.77
nnBs,6,8,14,0.43
nnBt,2,0,2,1.0
nnDB,0,1,1,0.0
nnDH,1,3,4,0.25
nnDL,0,1,1,0.0
nnDM,3,0,3,1.0
nnDN,1,1,2,0.5
nnDP,1,1,2,0.5
nnDS,3,2,5,0.6
nnDb,1,1,2,0.5
nnDl,1,0,1,1.0
nnDm,1,1,2,0.5
nnDn,4,2,6,0.67
nnDs,2,1,3,0.67
nnHB,5,3,8,0.62
nnHD,0,1,1,0.0
nnHH,0,1,1,0.0
nnHI,1,0,1,1.0
nnHK,1,0,1,1.0
nnHL,1,1,2,0.5
nnHM,6,8,14,0.43
nnHN,10,10,20,0.5
nnHP,14,9,23,0.61
nnHS,4,4,8,0.5
nnHb,11,5,16,0.69
nnHh,8,2,10,0.8
nnHl,2,2,4,0.5
nnHm,3,4,7,0.43
nnHn,8,10,18,0.44
nnHs,8,6,14,0.57
nnHt,1,0,1,1.0
nnIB,0,1,1,0.0
nnID,1,0,1,1.0
nnIH,0,2,2,0.0
nnII,1,1,2,0.5
nnIL,1,0,1,1.0
nnIM,0,4,4,0.0
nnIN,5,2,7,0.71
nnIP,2,3,5,0.4
nnIS,3,1,4,0.75
nnIb,5,0,5,1.0
nnIl,0,4,4,0.0
nnIm,4,2,6,0.67
nnIn,1,2,3,0.33
nnIs,1,0,1,1.0
nnIt,1,1,2,0.5
nnKM,1,1,2,0.5
nnKN,1,1,2,0.5
nnKP,1,3,4,0.25
nnKS,3,1,4,0.75
nnKb,1,0,1,1.0
nnKh,0,1,1,0.0
nnKl,2,0,2,1.0
nnKm,0,1,1,0.0
nnKn,0,3,3,0.0
nnKs,3,0,3,1.0
nnLB,6,4,10,0.6
nnLD,1,0,1,1.0
nnLL,4,4,8,0.5
nnLM,6,6,12,0.5
nnLN,5,6,11,0.45
nnLP,7,8,15,0.47
nnLS,3,5,8,0.38
nnLb,5,12,17,0.29
nnLh,3,6,9,0.33
nnLj,1,1,2,0.5
nnLl,2,4,6,0.33
nnLm,2,6,8,0.25
nnLn,8,2,10,0.8
nnLs,4,0,4,1.0
nnLt,2,1,3,0.67
nnMB,9,8,17,0.53
nnMD,0,2,2,0.0
nnML,5,2,7,0.71
nnMM,7,14,21,0.33
nnMN,12,17,29,0.41
nnMP,13,24,37,0.35
nnMS,7,6,13,0.54
nnMb,13,14,27,0.48
nnMh,15,4,19,0.79
nnMj,8,6,14,0.57
nnMl,7,6,13,0.54
nnMm,9,11,20,0.45
nnMn,17,20,37,0.46
nnMs,9,13,22,0.41
nnMt,3,3,6,0.5
nnNB,12,20,32,0.38
nnND,1,2,3,0.33
nnNH,2,3,5,0.4
nnNI,0,0,0,
nnNK,2,2,4,0.5
nnNL,4,8,12,0.33
nnNM,14,18,32,0.44
nnNN,20,42,62,0.32
nnNP,35,32,67,0.52
nnNS,15,6,21,0.71
nnNb,14,7,21,0.67
nnNh,4,3,7,0.57
nnNl,5,7,12,0.42
nnNm,22,18,40,0.55
nnNn,30,33,63,0.48
nnNs,16,15,31,0.52
nnNt,3,6,9,0.33
nnPB,17,18,35,0.49
nnPD,3,1,4,0.75
nnPH,11,7,18,0.61
nnPI,1,4,5,0.2
nnPK,1,0,1,1.0
nnPL,14,12,26,0.54
nnPM,21,21,42,0.5
nnPN,23,24,47,0.49
nnPP,36,40,76,0.47
nnPS,20,21,41,0.49
nnPb,19,15,34,0.56
nnPh,3,2,5,0.6
nnPl,13,14,27,0.48
nnPm,17,12,29,0.59
nnPn,25,25,50,0.5
nnPs,19,22,41,0.46
nnPt,2,4,6,0.33
nnSB,12,6,18,0.67
nnSD,1,0,1,1.0
nnSH,5,9,14,0.36
nnSL,5,7,12,0.42
nnSM,8,7,15,0.53
nnSN,11,11,22,0.5
nnSP,20,16,36,0.56
nnSS,15,13,28,0.54
nnSb,10,8,18,0.56
nnSh,6,6,12,0.5
nnSl,2,1,3,0.67
nnSm,11,8,19,0.58
nnSn,19,16,35,0.54
nnSs,18,10,28,0.64
nnSt,2,2,4,0.5
nnbB,9,11,20,0.45
nnbD,2,1,3,0.67
nnbH,3,5,8,0.38
nnbI,4,0,4,1.0
nnbJ,5,8,13,0.38
nnbK,4,2,6,0.67
nnbL,6,3,9,0.67
nnbM,20,12,32,0.62
nnbN,17,23,40,0.42
nnbP,17,12,29,0.59
nnbS,10,6,16,0.62
nnbb,12,17,29,0.41
nnbl,7,3,10,0.7
nnbm,11,4,15,0.73
nnbn,21,10,31,0.68
nnbs,3,5,8,0.38
nnhB,1,0,1,1.0
nnhN,1,0,1,1.0
nnhb,1,0,1,1.0
nnhh,1,0,1,1.0
nnhm,2,1,3,0.67
nnhn,1,1,2,0.5
nnhs,1,0,1,1.0
nnlB,6,6,12,0.5
nnlD,3,0,3,1.0
nnlH,1,2,3,0.33
nnlI,1,0,1,1.0
nnlJ,2,2,4,0.5
nnlL,2,2,4,0.5
nnlM,2,6,8,0.25
nnlN,7,3,10,0.7
nnlP,5,7,12,0.42
nnlS,6,5,11,0.55
nnlb,3,9,12,0.25
nnll,3,1,4,0.75
nnlm,7,1,8,0.88
nnln,4,4,8,0.5
nnls,1,0,1,1.0
nnmB,6,11,17,0.35
nnmD,2,2,4,0.5
nnmH,5,11,16,0.31
nnmI,1,0,1,1.0
nnmJ,4,4,8,0.5
nnmL,1,4,5,0.2
nnmM,19,13,32,0.59
nnmN,14,9,23,0.61
nnmP,10,13,23,0.43
nnmS,7,8,15,0.47
nnmb,7,9,16,0.44
nnml,4,3,7,0.57
nnmm,6,7,13,0.46
nnmn,16,11,27,0.59
nnms,5,3,8,0.62
nnnB,11,15,26,0.42
nnnD,0,5,5,0.0
nnnH,9,7,16,0.56
nnnI,3,0,3,1.0
nnnK,1,1,2,0.5
nnnL,10,7,17,0.59
nnnM,13,19,32,0.41
nnnN,22,21,43,0.51
nnnP,31,13,44,0.7
nnnS,13,19,32,0.41
nnnb,13,6,19,0.68
nnnl,5,6,11,0.45
nnnm,8,13,21,0.38
nnnn,17,17,34,0.5
nnns,9,10,19,0.47
nnsB,4,3,7,0.57
nnsD,1,0,1,1.0
nnsH,9,10,19,0.47
nnsI,1,2,3,0.33
nnsL,5,3,8,0.62
nnsM,12,10,22,0.55
nnsN,9,13,22,0.41
nnsP,20,16,36,0.56
nnsS,8,14,22,0.36
nnsb,8,4,12,0.67
nnsh,0,1,1,0.0
nnsl,6,0,6,1.0
nnsm,14,6,20,0.7
nnsn,9,9,18,0.5
nnss,14,14,28,0.5
nsBB,6,5,11,0.55
nsBD,4,1,5,0.8
nsBK,1,0,1,1.0
nsBL,0,1,1,0.0
nsBM,9,6,15,0.6
nsBN,3,9,12,0.25
nsBP,5,16,21,0.24
nsBS,5,3,8,0.62
nsBb,4,5,9,0.44
nsBh,4,1,5,0.8
nsBj,0,5,5,0.0
nsBl,2,2,4,0.5
nsBm,5,5,10,0.5
nsBn,5,6,11,0.45
nsBs,3,1,4,0.75
nsBt,3,0,3,1.0
nsDB,1,2,3,0.33
nsDH,2,2,4,0.5
nsDM,1,1,2,0.5
nsDN,2,3,5,0.4
nsDP,0,2,2,0.0
nsDS,1,0,1,1.0
nsDb,2,0,2,1.0
nsDl,0,1,1,0.0
nsDm,2,0,2,1.0
nsDn,0,0,0,
nsDs,4,1,5,0.8
nsDt,1,1,2,0.5
nsHB,9,7,16,0.56
nsHD,3,2,5,0.6
nsHH,2,2,4,0.5
nsHK,2,3,5,0.4
nsHL,4,4,8,0.5
nsHM,5,7,12,0.42
nsHN,3,10,13,0.23
nsHP,8,12,20,0.4
nsHS,9,7,16,0.56
nsHb,9,8,17,0.53
nsHh,7,7,14,0.5
nsHl,2,1,3,0.67
nsHm,5,10,15,0.33
nsHn,9,15,24,0.38
nsHs,9,7,16,0.56
nsHt,1,2,3,0.33
nsIH,1,2,3,0.33
nsIL,1,0,1,1.0
nsIM,0,3,3,0.0
nsIN,1,2,3,0.33
nsIP,0,2,2,0.0
nsIS,0,1,1,0.0
nsIb,2,0,2,1.0
nsIl,1,0,1,1.0
nsIm,2,1,3,0.67
nsIn,1,1,2,0.5
nsIs,2,1,3,0.67
nsIt,0,1,1,0.0
nsKL,1,0,1,1.0
nsKP,0,1,1,0.0
nsLB,2,1,3,0.67
nsLL,0,2,2,0.0
nsLM,6,2,8,0.75
nsLN,3,5,8,0.38
nsLP,9,3,12,0.75
nsLS,0,5,5,0.0
nsLb,2,5,7,0.29
nsLh,0,3,3,0.0
nsLj,0,1,1,0.0
nsLl,3,0,3,1.0
nsLm,1,2,3,0.33
nsLn,4,1,5,0.8
nsLs,1,2,3,0.33
nsMB,4,8,12,0.33
nsMD,1,0,1,1.0
nsMK,0,1,1,0.0
nsML,1,3,4,0.25
nsMM,8,6,14,0.57
nsMN,7,10,17,0.41
nsMP,14,11,25,0.56
nsMS,5,8,13,0.38
nsMb,7,8,15,0.47
nsMh,6,7,13,0.46
nsMj,3,3,6,0.5
nsMl,2,4,6,0.33
nsMm,5,7,12,0.42
nsMn,11,10,21,0.52
nsMs,2,9,11,0.18
nsMt,3,0,3,1.0
nsNB,11,3,14,0.79
nsND,0,2,2,0.0
nsNH,3,5,8,0.38
nsNK,1,1,2,0.5
nsNL,8,7,15,0.53
nsNM,6,11,17,0.35
nsNN,7,14,21,0.33
nsNP,19,18,37,0.51
nsNS,12,9,21,0.57
nsNb,7,3,10,0.7
nsNh,5,1,6,0.83
nsNl,1,2,3,0.33
nsNm,13,10,23,0.57
nsNn,15,16,31,0.48
nsNs,11,11,22,0.5
nsNt,4,3,7,0.57
nsPB,14,8,22,0.64
nsPD,2,0,2,1.0
nsPH,4,2,6,0.67
nsPI,1,1,2,0.5
nsPK,0,1,1,0.0
nsPL,10,7,17,0.59
nsPM,17,8,25,0.68
nsPN,14,16,30,0.47
nsPP,24,23,47,0.51
nsPS,11,19,30,0.37
nsPb,14,8,22,0.64
nsPh,2,0,2,1.0
nsPl,3,5,8,0.38
nsPm,16,11,27,0.59
nsPn,17,10,27,0.63
nsPs,3,12,15,0.2
nsPt,0,2,2,0.0
nsSB,11,6,17,0.65
nsSD,2,1,3,0.67
nsSH,1,3,4,0.25
nsSI,1,0,1,1.0
nsSL,8,3,11,0.73
nsSM,5,10,15,0.33
nsSN,13,14,27,0.48
nsSP,11,10,21,0.52
nsSS,8,12,20,0.4
nsSb,8,5,13,0.62
nsSh,11,7,18,0.61
nsSl,5,1,6,0.83
nsSm,6,10,16,0.38
nsSn,11,12,23,0.48
nsSs,16,16,32,0.5
nsSt,0,2,2,0.0
nsbB,9,7,16,0.56
nsbD,0,1,1,0.0
nsbH,4,0,4,1.0
nsbI,1,0,1,1.0
nsbJ,3,1,4,0.75
nsbK,0,1,1,0.0
nsbL,2,8,10,0.2
nsbM,14,7,21,0.67
nsbN,15,13,28,0.54
nsbP,5,6,11,0.45
nsbS,5,7,12,0.42
nsbb,9,4,13,0.69
nsbl,1,3,4,0.25
nsbm,2,1,3,0.67
nsbn,9,7,16,0.56
nsbs,4,5,9,0.44
nshM,0,0,0,
nshP,2,1,3,0.67
nshS,0,0,0,
nshb,1,0,1,1.0
nshh,0,1,1,0.0
nslB,3,3,6,0.5
nslD,1,0,1,1.0
nslH,1,3,4,0.25
nslI,0,1,1,0.0
nslJ,1,0,1,1.0
nslL,2,1,3,0.67
nslM,2,3,5,0.4
nslN,4,8,12,0.33
nslP,5,2,7,0.71
nslS,4,4,8,0.5
nslb,2,4,6,0.33
nsll,0,2,2,0.0
nsln,2,4,6,0.33
nsls,2,2,4,0.5
nsmB,6,8,14,0.43
nsmD,1,0,1,1.0
nsmH,11,6,17,0.65
nsmI,1,1,2,0.5
nsmJ,2,2,4,0.5
nsmL,3,0,3,1.0
nsmM,6,11,17,0.35
nsmN,14,9,23,0.61
nsmP,14,5,19,0.74
nsmS,3,6,9,0.33
nsmb,10,10,20,0.5
nsml,2,0,2,1.0
nsmm,7,7,14,0.5
nsmn,6,3,9,0.67
nsms,7,3,10,0.7
nsnB,6,8,14,0.43
nsnD,1,0,1,1.0
nsnH,8,1,9,0.89
nsnI,5,1,6,0.83
nsnK,1,1,2,0.5
nsnL,3,3,6,0.5
nsnM,7,8,15,0.47
nsnN,11,9,20,0.55
nsnP,14,12,26,0.54
nsnS,7,9,16,0.44
nsnb,11,5,16,0.69
nsnh,0,1,1,0.0
nsnl,4,2,6,0.67
nsnm,5,8,13,0.38
nsnn,9,2,11,0.82
nsns,8,6,14,0.57
nssB,6,4,10,0.6
nssD,0,1,1,0.0
nssH,5,6,11,0.45
nssI,1,1,2,0.5
nssK,0,1,1,0.0
nssL,1,9,10,0.1
nssM,7,5,12,0.58
nssN,9,9,18,0.5
nssP,15,8,23,0.65
nssS,14,9,23,0.61
nssb,11,11,22,0.5
nssl,8,3,11,0.73
nssm,10,4,14,0.71
nssn,11,10,21,0.52
nsss,12,8,20,0.6
nsts,1,0,1,1.0
ntMm,0,0,0,
ntNN,0,1,1,0.0
ntPP,1,0,1,1.0
ntPb,0,1,1,0.0
ntmM,1,0,1,1.0
nttS,0,1,1,0.0
sBBB,4,6,10,0.4
sBBD,0,2,2,0.0
sBBL,3,4,7,0.43
sBBM,7,3,10,0.7
sBBN,9,8,17,0.53
sBBP,9,7,16,0.56
sBBS,3,2,5,0.6
sBBb,5,4,9,0.56
sBBj,0,1,1,0.0
sBBl,2,1,3,0.67
sBBm,4,4,8,0.5
sBBn,6,8,14,0.43
sBBs,1,5,6,0.17
sBBt,2,3,5,0.4
sBDB,0,1,1,0.0
sBDL,0,0,0,
sBDM,1,1,2,0.5
sBDN,2,0,2,1.0
sBDP,1,0,1,1.0
sBDS,2,0,2,1.0
sBDm,0,1,1,0.0
sBDn,0,1,1,0.0
sBDt,0,1,1,0.0
sBKB,1,0,1,1.0
sBKH,1,0,1,1.0
sBKM,1,0,1,1.0
sBKN,0,1,1,0.0
sBKP,0,1,1,0.0
sBKb,1,0,1,1.0
sBKh,0,1,1,0.0
sBKn,1,0,1,1.0
sBLB,0,0,0,
sBLK,1,0,1,1.0
sBLL,1,1,2,0.5
sBLM,1,2,3,0.33
sBLN,2,4,6,0.33
sBLP,3,1,4,0.75
sBLS,1,2,3,0.33
sBLb,3,2,5,0.6
sBLh,3,1,4,0.75
sBLj,0,1,1,0.0
sBLl,0,1,1,0.0
sBLm,2,0,2,1.0
sBLn,2,4,6,0.33
sBLs,1,0,1,1.0
sBMB,3,7,10,0.3
sBMD,0,0,0,
sBML,0,3,3,0.0
sBMM,5,6,11,0.45
sBMN,5,6,11,0.45
sBMP,4,5,9,0.44
sBMS,1,1,2,0.5
sBMb,7,7,14,0.5
sBMh,5,6,11,0.45
sBMj,5,2,7,0.71
sBMl,1,3,4,0.25
sBMm,4,4,8,0.5
sBMn,6,2,8,0.75
sBMs,2,1,3,0.67
sBMt,0,2,2,0.0
sBNB,4,5,9,0.44
sBND,3,1,4,0.75
sBNH,0,1,1,0.0
sBNK,1,2,3,0.33
sBNL,1,1,2,0.5
sBNM,5,6,11,0.45
sBNN,3,8,11,0.27
sBNP,6,16,22,0.27
sBNS,1,2,3,0.33
sBNb,3,5,8,0.38
sBNh,2,3,5,0.4
sBNl,0,3,3,0.0
sBNm,3,1,4,0.75
sBNn,5,11,16,0.31
sBNs,6,6,12,0.5
sBNt,3,0,3,1.0
sBPB,14,11,25,0.56
sBPD,1,1,2,0.5
sBPH,2,2,4,0.5
sBPK,0,2,2,0.0
sBPL,3,9,12,0.25
sBPM,5,4,9,0.56
sBPN,12,7,19,0.63
sBPP,11,14,25,0.44
sBPS,8,11,19,0.42
sBPb,8,6,14,0.57
sBPh,0,0,0,
sBPl,4,5,9,0.44
sBPm,11,7,18,0.61
sBPn,11,10,21,0.52
sBPs,8,6,14,0.57
sBPt,1,0,1,1.0
sBSB,1,3,4,0.25
sBSH,0,0,0,
sBSL,2,0,2,1.0
sBSM,5,10,15,0.33
sBSN,3,4,7,0.43
sBSP,9,3,12,0.75
sBSS,2,5,7,0.29
sBSb,4,2,6,0.67
sBSh,0,1,1,0.0
sBSl,3,2,5,0.6
sBSm,5,2,7,0.71
sBSn,3,4,7,0.43
sBSs,2,6,8,0.25
sBSt,0,1,1,0.0
sBbB,3,8,11,0.27
sBbH,1,0,1,1.0
sBbI,1,1,2,0.5
sBbJ,2,1,3,0.67
sBbK,0,1,1,0.0
sBbL,1,1,2,0.5
sBbM,7,6,13,0.54
sBbN,5,6,11,0.45
sBbP,7,6,13,0.54
sBbS,2,3,5,0.4
sBbb,6,8,14,0.43
sBbl,7,1,8,0.88
sBbm,4,1,5,0.8
sBbn,8,6,14,0.57
sBbs,5,2,7,0.71
sBhB,1,1,2,0.5
sBhH,1,0,1,1.0
sBhL,1,2,3,0.33
sBhN,1,2,3,0.33
sBhS,0,1,1,0.0
sBhl,0,2,2,0.0
sBhm,0,1,1,0.0
sBhn,2,2,4,0.5
sBhs,0,2,2,0.0
sBht,0,2,2,0.0
sBjB,0,1,1,0.0
sBjH,0,1,1,0.0
sBjI,0,0,0,
sBjL,0,1,1,0.0
sBjM,1,2,3,0.33
sBjN,1,0,1,1.0
sBjP,2,3,5,0.4
sBjS,3,1,4,0.75
sBjb,2,3,5,0.4
sBjl,0,1,1,0.0
sBjm,3,2,5,0.6
sBjn,1,4,5,0.2
sBjs,2,1,3,0.67
sBlB,4,0,4,1.0
sBlH,1,4,5,0.2
sBlJ,1,0,1,1.0
sBlL,1,1,2,0.5
sBlM,0,3,3,0.0
sBlN,1,1,2,0.5
sBlP,3,5,8,0.38
sBlS,1,1,2,0.5
sBlb,2,3,5,0.4
sBll,0,3,3,0.0
sBlm,2,3,5,0.4
sBln,5,2,7,0.71
sBls,1,4,5,0.2
sBmB,2,5,7,0.29
sBmD,1,0,1,1.0
sBmH,2,4,6,0.33
sBmI,2,0,2,1.0
sBmJ,0,2,2,0.0
sBmL,1,1,2,0.5
sBmM,3,4,7,0.43
sBmN,8,5,13,0.62
sBmP,1,7,8,0.12
sBmS,4,5,9,0.44
sBmb,4,6,10,0.4
sBml,1,0,1,1.0
sBmm,8,3,11,0.73
sBmn,2,7,9,0.22
sBms,3,3,6,0.5
sBnB,4,7,11,0.36
sBnD,1,0,1,1.0
sBnH,2,5,7,0.29
sBnI,0,2,2,0.0
sBnL,4,2,6,0.67
sBnM,4,7,11,0.36
sBnN,8,7,15,0.53
sBnP,15,13,28,0.54
sBnS,7,5,12,0.58
sBnb,6,7,13,0.46
sBnl,3,3,6,0.5
sBnm,7,7,14,0.5
sBnn,11,5,16,0.69
sBns,8,6,14,0.57
sBsB,3,4,7,0.43
sBsH,1,4,5,0.2
sBsI,2,1,3,0.67
sBsK,1,0,1,1.0
sBsL,0,5,5,0.0
sBsM,4,4,8,0.5
sBsN,4,5,9,0.44
sBsP,5,4,9,0.56
sBsS,4,4,8,0.5
sBsb,3,2,5,0.6
sBsl,0,3,3,0.0
sBsm,3,3,6,0.5
sBsn,3,1,4,0.75
sBss,5,2,7,0.71
sBtB,1,0,1,1.0
sBtH,0,1,1,0.0
sBtL,1,0,1,1.0
sBtM,1,2,3,0.33
sBtN,1,2,3,0.33
sBtP,3,0,3,1.0
sBtS,1,3,4,0.25
sBtb,0,2,2,0.0
sBtl,1,0,1,1.0
sBtm,1,0,1,1.0
sBtn,0,1,1,0.0
sBts,0,1,1,0.0
sBtt,1,1,2,0.5
sDBB,0,1,1,0.0
sDBL,0,0,0,
sDBM,0,1,1,0.0
sDBN,1,0,1,1.0
sDBP,2,1,3,0.67
sDBS,0,0,0,
sDBb,4,1,5,0.8
sDBj,1,0,1,1.0
sDBl,1,0,1,1.0
sDBm,0,2,2,0.0
sDBn,2,0,2,1.0
sDBs,1,0,1,1.0
sDBt,0,1,1,0.0
sDDB,1,0,1,1.0
sDDH,0,1,1,0.0
sDDM,0,1,1,0.0
sDDP,0,1,1,0.0
sDDl,0,1,1,0.0
sDHB,1,1,2,0.5
sDHH,1,1,2,0.5
sDHL,0,1,1,0.0
sDHM,0,1,1,0.0
sDHN,2,1,3,0.67
sDHP,1,2,3,0.33
sDHS,1,1,2,0.5
sDHb,0,0,0,
sDHl,2,0,2,1.0
sDHm,2,0,2,1.0
sDHn,0,3,3,0.0
sDLL,2,0,2,1.0
sDLN,1,0,1,1.0
sDLm,1,2,3,0.33
sDLn,0,2,2,0.0
sDLs,0,1,1,0.0
sDMM,2,1,3,0.67
sDMN,3,2,5,0.6
sDMP,1,1,2,0.5
sDMS,0,1,1,0.0
sDMb,0,4,4,0.0
sDMh,0,1,1,0.0
sDMl,1,1,2,0.5
sDMm,1,0,1,1.0
sDMn,1,2,3,0.33
sDMs,0,1,1,0.0
sDMt,0,1,1,0.0
sDNB,1,1,2,0.5
sDND,1,1,2,0.5
sDNK,0,1,1,0.0
sDNM,1,2,3,0.33
sDNN,1,1,2,0.5
sDNP,3,3,6,0.5
sDNb,0,0,0,
sDNh,2,1,3,0.67
sDNm,2,1,3,0.67
sDNn,3,2,5,0.6
sDNs,1,0,1,1.0
sDNt,1,2,3,0.33
sDPB,1,0,1,1.0
sDPH,1,0,1,1.0
sDPM,0,1,1,0.0
sDPN,3,0,3,1.0
sDPP,5,3,8,0.62
sDPS,2,2,4,0.5
sDPb,1,2,3,0.33
sDPl,0,1,1,0.0
sDPm,1,2,3,0.33
sDPn,1,4,5,0.2
sDPs,0,1,1,0.0
sDSB,1,0,1,1.0
sDSH,0,2,2,0.0
sDSL,0,1,1,0.0
sDSM,2,1,3,0.67
sDSN,3,1,4,0.75
sDSP,2,0,2,1.0
sDSb,2,0,2,1.0
sDSh,1,3,4,0.25
sDSl,1,0,1,1.0
sDSm,0,1,1,0.0
sDSn,3,0,3,1.0
sDSs,1,1,2,0.5
sDSt,1,1,2,0.5
sDbB,0,3,3,0.0
sDbL,1,0,1,1.0
sDbM,0,1,1,0.0
sDbN,3,1,4,0.75
sDbS,2,2,4,0.5
sDbb,1,1,2,0.5
sDbl,3,0,3,1.0
sDbm,1,1,2,0.5
sDbs,2,0,2,1.0
sDlH,0,1,1,0.0
sDlI,1,0,1,1.0
sDlP,1,1,2,0.5
sDlS,0,1,1,0.0
sDlm,1,0,1,1.0
sDmB,1,1,2,0.5
sDmD,1,0,1,1.0
sDmH,1,0,1,1.0
sDmJ,0,1,1,0.0
sDmM,1,0,1,1.0
sDmN,1,1,2,0.5
sDmP,2,2,4,0.5
sDmS,2,1,3,0.67
sDmb,1,0,1,1.0
sDml,0,0,0,
sDmn,0,2,2,0.0
sDnB,1,0,1,1.0
sDnH,1,0,1,1.0
sDnL,1,0,1,1.0
sDnN,1,0,1,1.0
sDnP,0,3,3,0.0
sDnS,1,1,2,0.5
sDnl,0,1,1,0.0
sDnm,0,1,1,0.0
sDnn,1,1,2,0.5
sDns,1,1,2,0.5
sDsB,1,0,1,1.0
sDsD,1,0,1,1.0
sDsH,0,1,1,0.0
sDsL,1,0,1,1.0
sDsM,0,2,2,0.0
sDsN,0,2,2,0.0
sDsP,1,2,3,0.33
sDsS,1,2,3,0.33
sDsb,4,1,5,0.8
sDsm,1,0,1,1.0
sDsn,2,0,2,1.0
sDss,2,1,3,0.67
sDtL,1,0,1,1.0
sDtN,1,0,1,1.0
sDtP,0,1,1,0.0
sDtb,1,0,1,1.0
sDtt,1,0,1,1.0
sHBB,7,6,13,0.54
sHBD,0,1,1,0.0
sHBH,0,1,1,0.0
sHBK,1,0,1,1.0
sHBL,4,2,6,0.67
sHBM,2,7,9,0.22
sHBN,4,4,8,0.5
sHBP,9,9,18,0.5
sHBS,2,1,3,0.67
sHBb,8,8,16,0.5
sHBh,1,2,3,0.33
sHBj,2,0,2,1.0
sHBl,4,2,6,0.67
sHBm,5,3,8,0.62
sHBn,9,6,15,0.6
sHBs,4,7,11,0.36
sHBt,0,1,1,0.0
sHDB,2,0,2,1.0
sHDH,0,0,0,
sHDM,1,1,2,0.5
sHDN,4,1,5,0.8
sHDP,3,1,4,0.75
sHDS,1,1,2,0.5
sHDb,0,0,0,
sHDm,0,1,1,0.0
sHDn,3,0,3,1.0
sHDs,0,1,1,0.0
sHDt,0,1,1,0.0
sHHB,2,2,4,0.5
sHHD,0,0,0,
sHHH,1,1,2,0.5
sHHM,1,2,3,0.33
sHHN,3,1,4,0.75
sHHP,5,2,7,0.71
sHHS,4,2,6,0.67
sHHb,2,3,5,0.4
sHHh,1,1,2,0.5
sHHm,2,2,4,0.5
sHHn,0,3,3,0.0
sHHs,1,1,2,0.5
sHID,1,0,1,1.0
sHIH,1,0,1,1.0
sHIL,0,1,1,0.0
sHIM,0,5,5,0.0
sHIN,1,0,1,1.0
sHIP,2,1,3,0.67
sHIS,1,1,2,0.5
sHIb,1,0,1,1.0
sHIl,0,1,1,0.0
sHIm,0,1,1,0.0
sHIn,2,0,2,1.0
sHIs,0,1,1,0.0
sHKB,0,1,1,0.0
sHKL,1,1,2,0.5
sHKN,1,1,2,0.5
sHKP,1,0,1,1.0
sHKS,0,1,1,0.0
sHKb,0,0,0,
sHKh,1,1,2,0.5
sHKl,2,0,2,1.0
sHKn,0,1,1,0.0
sHKs,1,1,2,0.5
sHLB,2,1,3,0.67
sHLL,1,1,2,0.5
sHLM,0,2,2,0.0
sHLN,4,1,5,0.8
sHLP,4,7,11,0.36
sHLS,3,3,6,0.5
sHLb,4,4,8,0.5
sHLh,1,1,2,0.5
sHLj,0,1,1,0.0
sHLl,2,2,4,0.5
sHLm,5,2,7,0.71
sHLn,5,6,11,0.45
sHLs,3,2,5,0.6
sHLt,1,2,3,0.33
sHMB,5,6,11,0.45
sHMD,2,1,3,0.67
sHMK,1,0,1,1.0
sHML,1,1,2,0.5
sHMM,1,4,5,0.2
sHMN,10,9,19,0.53
sHMP,7,13,20,0.35
sHMS,5,8,13,0.38
sHMb,10,7,17,0.59
sHMh,7,9,16,0.44
sHMj,1,3,4,0.25
sHMl,2,2,4,0.5
sHMm,10,8,18,0.56
sHMn,11,12,23,0.48
sHMs,4,6,10,0.4
sHMt,0,1,1,0.0
sHNB,5,11,16,0.31
sHNH,2,1,3,0.67
sHNK,0,2,2,0.0
sHNL,1,3,4,0.25
sHNM,5,8,13,0.38
sHNN,7,7,14,0.5
sHNP,9,11,20,0.45
sHNS,5,7,12,0.42
sHNb,7,4,11,0.64
sHNh,1,3,4,0.25
sHNl,1,0,1,1.0
sHNm,8,5,13,0.62
sHNn,13,9,22,0.59
sHNs,9,8,17,0.53
sHNt,4,2,6,0.67
sHPB,6,5,11,0.55
sHPD,0,0,0,
sHPH,3,3,6,0.5
sHPI,0,4,4,0.0
sHPK,5,1,6,0.83
sHPL,3,8,11,0.27
sHPM,9,12,21,0.43
sHPN,11,13,24,0.46
sHPP,13,17,30,0.43
sHPS,14,12,26,0.54
sHPb,11,5,16,0.69
sHPh,1,1,2,0.5
sHPl,6,7,13,0.46
sHPm,9,6,15,0.6
sHPn,6,12,18,0.33
sHPs,7,6,13,0.54
sHPt,1,1,2,0.5
sHSB,2,6,8,0.25
sHSD,1,0,1,1.0
sHSH,2,2,4,0.5
sHSI,0,1,1,0.0
sHSL,2,2,4,0.5
sHSM,6,9,15,0.4
sHSN,4,5,9,0.44
sHSP,9,7,16,0.56
sHSS,9,15,24,0.38
sHSb,9,8,17,0.53
sHSh,10,5,15,0.67
sHSl,6,6,12,0.5
sHSm,5,3,8,0.62
sHSn,6,5,11,0.55
sHSs,5,11,16,0.31
sHSt,2,0,2,1.0
sHbB,9,7,16,0.56
sHbD,1,0,1,1.0
sHbH,2,2,4,0.5
sHbI,0,1,1,0.0
sHbJ,4,1,5,0.8
sHbK,1,1,2,0.5
sHbL,0,1,1,0.0
sHbM,4,5,9,0.44
sHbN,3,9,12,0.25
sHbP,10,7,17,0.59
sHbS,5,5,10,0.5
sHbb,9,11,20,0.45
sHbl,4,1,5,0.8
sHbm,4,0,4,1.0
sHbn,8,6,14,0.57
sHbs,4,4,8,0.5
sHhB,4,3,7,0.57
sHhD,0,1,1,0.0
sHhH,0,1,1,0.0
sHhK,0,1,1,0.0
sHhL,2,0,2,1.0
sHhM,2,8,10,0.2
sHhN,1,9,10,0.1
sHhP,3,7,10,0.3
sHhS,4,7,11,0.36
sHhb,7,0,7,1.0
sHhh,3,3,6,0.5
sHhl,2,2,4,0.5
sHhm,6,3,9,0.67
sHhn,3,5,8,0.38
sHhs,7,6,13,0.54
sHht,1,2,3,0.33
sHlB,3,4,7,0.43
sHlD,0,1,1,0.0
sHlH,6,2,8,0.75
sHlI,0,2,2,0.0
sHlJ,1,2,3,0.33
sHlL,0,0,0,
sHlM,2,3,5,0.4
sHlN,6,2,8,0.75
sHlP,3,3,6,0.5
sHlS,3,3,6,0.5
sHlb,0,3,3,0.0
sHll,2,0,2,1.0
sHlm,1,2,3,0.33
sHln,3,2,5,0.6
sHls,0,2,2,0.0
sHmB,7,5,12,0.58
sHmD,0,1,1,0.0
sHmH,4,4,8,0.5
sHmI,1,2,3,0.33
sHmJ,5,0,5,1.0
sHmL,3,1,4,0.75
sHmM,5,7,12,0.42
sHmN,6,8,14,0.43
sHmP,9,10,19,0.47
sHmS,4,4,8,0.5
sHmb,6,3,9,0.67
sHml,3,7,10,0.3
sHmm,6,4,10,0.6
sHmn,4,5,9,0.44
sHms,3,2,5,0.6
sHnB,4,10,14,0.29
sHnH,5,3,8,0.62
sHnI,2,1,3,0.67
sHnL,3,2,5,0.6
sHnM,8,6,14,0.57
sHnN,10,14,24,0.42
sHnP,13,17,30,0.43
sHnS,9,5,14,0.64
sHnb,9,2,11,0.82
sHnh,0,1,1,0.0
sHnl,6,1,7,0.86
sHnm,7,8,15,0.47
sHnn,12,9,21,0.57
sHns,10,8,18,0.56
sHsB,3,7,10,0.3
sHsD,2,0,2,1.0
sHsH,9,11,20,0.45
sHsI,1,0,1,1.0
sHsL,2,2,4,0.5
sHsM,6,9,15,0.4
sHsN,7,10,17,0.41
sHsP,15,8,23,0.65
sHsS,20,14,34,0.59
sHsb,6,10,16,0.38
sHsl,3,5,8,0.38
sHsm,3,6,9,0.33
sHsn,2,6,8,0.25
sHss,4,12,16,0.25
sHtH,0,1,1,0.0
sHtL,1,1,2,0.5
sHtM,1,0,1,1.0
sHtP,2,0,2,1.0
sHtS,0,0,0,
sHtl,1,0,1,1.0
sHtm,2,0,2,1.0
sHtn,1,0,1,1.0
sIBB,2,0,2,1.0
sIBK,1,0,1,1.0
sIBL,0,0,0,
sIBM,1,0,1,1.0
sIBP,0,2,2,0.0
sIBS,0,0,0,
sIBm,2,0,2,1.0
sIBn,1,1,2,0.5
sIBs,0,2,2,0.0
sIDM,1,0,1,1.0
sIDS,0,1,1,0.0
sIDs,0,1,1,0.0
sIHB,0,0,0,
sIHD,1,0,1,1.0
sIHI,0,0,0,
sIHK,0,1,1,0.0
sIHL,0,1,1,0.0
sIHM,1,0,1,1.0
sIHN,1,1,2,0.5
sIHP,2,1,3,0.67
sIHS,0,3,3,0.0
sIHl,0,1,1,0.0
sIHm,1,1,2,0.5
sIHn,3,0,3,1.0
sIHs,0,1,1,0.0
sIIB,0,1,1,0.0
sIIP,1,0,1,1.0
sIIS,0,1,1,0.0
sIIl,1,0,1,1.0
sILB,0,1,1,0.0
sILN,1,0,1,1.0
sILP,0,2,2,0.0
sILj,1,0,1,1.0
sILn,0,1,1,0.0
sILs,1,0,1,1.0
sIMB,0,1,1,0.0
sIMH,1,0,1,1.0
sIML,0,3,3,0.0
sIMM,2,2,4,0.5
sIMN,1,1,2,0.5
sIMP,2,4,6,0.33
sIMb,2,1,3,0.67
sIMh,0,1,1,0.0
sIMj,1,1,2,0.5
sIMl,0,1,1,0.0
sIMm,3,1,4,0.75
sIMn,2,0,2,1.0
sIMs,1,1,2,0.5
sINB,1,0,1,1.0
sIND,0,0,0,
sINL,1,0,1,1.0
sINM,1,2,3,0.33
sINN,0,1,1,0.0
sINP,3,1,4,0.75
sINS,0,2,2,0.0
sINb,1,0,1,1.0
sINl,0,0,0,
sINm,1,1,2,0.5
sINn,4,1,5,0.8
sINs,5,1,6,0.83
sINt,1,1,2,0.5
sIPB,0,1,1,0.0
sIPH,0,1,1,0.0
sIPK,0,1,1,0.0
sIPL,2,0,2,1.0
sIPM,0,2,2,0.0
sIPN,1,4,5,0.2
sIPP,4,4,8,0.5
sIPS,0,2,2,0.0
sIPb,2,2,4,0.5
sIPl,3,1,4,0.75
sIPm,2,1,3,0.67
sIPn,3,0,3,1.0
sIPs,3,1,4,0.75
sISB,1,1,2,0.5
sISH,2,0,2,1.0
sISI,0,1,1,0.0
sISK,1,0,1,1.0
sISL,0,1,1,0.0
sISM,1,1,2,0.5
sISN,0,2,2,0.0
sISP,2,3,5,0.4
sISS,0,4,4,0.0
sISb,1,0,1,1.0
sISl,0,1,1,0.0
sISm,1,0,1,1.0
sISn,2,1,3,0.67
sISs,1,0,1,1.0
sIbB,3,1,4,0.75
sIbJ,1,0,1,1.0
sIbM,1,2,3,0.33
sIbN,1,1,2,0.5
sIbP,1,3,4,0.25
sIbS,0,1,1,0.0
sIbb,0,0,0,
sIbn,2,0,2,1.0
sIbs,0,1,1,0.0
sIhh,0,1,1,0.0
sIlB,0,1,1,0.0
sIlN,0,1,1,0.0
sIlP,1,1,2,0.5
sIlS,0,1,1,0.0
sIlm,1,0,1,1.0
sIln,0,1,1,0.0
sIls,1,0,1,1.0
sImB,1,0,1,1.0
sImH,1,0,1,1.0
sImJ,1,0,1,1.0
sImL,0,1,1,0.0
sImM,3,0,3,1.0
sImN,1,1,2,0.5
sImP,2,1,3,0.67
sImS,1,0,1,1.0
sImb,0,0,0,
sIml,1,0,1,1.0
sImm,2,0,2,1.0
sImn,0,3,3,0.0
sIms,1,0,1,1.0
sInM,0,2,2,0.0
sInN,2,2,4,0.5
sInP,0,2,2,0.0
sInS,2,0,2,1.0
sInb,0,0,0,
sInm,0,1,1,0.0
sInn,2,0,2,1.0
sIns,0,1,1,0.0
sIsD,0,1,1,0.0
sIsH,2,2,4,0.5
sIsI,1,0,1,1.0
sIsL,1,1,2,0.5
sIsM,2,2,4,0.5
sIsN,0,0,0,
sIsP,0,1,1,0.0
sIsS,1,2,3,0.33
sIsb,0,2,2,0.0
sIsl,1,1,2,0.5
sIsm,1,0,1,1.0
sIsn,0,1,1,0.0
sIss,3,0,3,1.0
sItm,0,0,0,
sIts,0,1,1,0.0
sKBP,1,0,1,1.0
sKBj,1,0,1,1.0
sKBn,0,1,1,0.0
sKHB,1,0,1,1.0
sKLN,0,1,1,0.0
sKLP,1,0,1,1.0
sKLb,0,1,1,0.0
sKLs,0,0,0,
sKMM,1,0,1,1.0
sKMP,0,0,0,
sKNl,0,0,0,
sKPB,0,1,1,0.0
sKPL,1,1,2,0.5
sKPM,0,1,1,0.0
sKPP,1,0,1,1.0
sKPS,0,1,1,0.0
sKPb,1,0,1,1.0
sKPn,1,0,1,1.0
sKPs,0,1,1,0.0
sKSH,0,1,1,0.0
sKSN,0,1,1,0.0
sKSP,0,1,1,0.0
sKSS,1,1,2,0.5
sKSn,1,2,3,0.33
sKbB,1,0,1,1.0
sKbL,0,1,1,0.0
sKbM,1,0,1,1.0
sKbs,1,0,1,1.0
sKhS,0,0,0,
sKhb,0,1,1,0.0
sKhh,0,0,0,
sKhm,1,0,1,1.0
sKhn,2,0,2,1.0
sKls,0,1,1,0.0
sKmN,0,0,0,
sKmP,2,0,2,1.0
sKmS,0,2,2,0.0
sKmb,0,2,2,0.0
sKml,1,0,1,1.0
sKnP,1,1,2,0.5
sKnn,1,0,1,1.0
sKsB,0,1,1,0.0
sKsH,0,1,1,0.0
sKsN,0,1,1,0.0
sKsP,1,0,1,1.0
sKsS,1,0,1,1.0
sKsm,0,1,1,0.0
sKtn,0,1,1,0.0
sLBB,2,4,6,0.33
sLBD,1,0,1,1.0
sLBL,0,1,1,0.0
sLBM,3,2,5,0.6
sLBN,2,4,6,0.33
sLBP,6,6,12,0.5
sLBS,0,6,6,0.0
sLBb,4,7,11,0.36
sLBj,0,3,3,0.0
sLBl,3,2,5,0.6
sLBm,3,3,6,0.5
sLBn,6,3,9,0.67
sLBs,4,2,6,0.67
sLBt,0,1,1,0.0
sLDB,2,0,2,1.0
sLDH,1,0,1,1.0
sLDN,0,1,1,0.0
sLHK,1,0,1,1.0
sLKB,1,2,3,0.33
sLKS,1,0,1,1.0
sLKh,0,1,1,0.0
sLLB,0,1,1,0.0
sLLM,0,1,1,0.0
sLLN,0,1,1,0.0
sLLP,0,1,1,0.0
sLLS,1,2,3,0.33
sLLb,1,2,3,0.33
sLLj,1,0,1,1.0
sLLl,0,1,1,0.0
sLLm,3,0,3,1.0
sLLn,3,5,8,0.38
sLLs,0,3,3,0.0
sLMB,5,4,9,0.56
sLML,0,5,5,0.0
sLMM,0,5,5,0.0
sLMN,2,1,3,0.67
sLMP,6,6,12,0.5
sLMS,2,2,4,0.5
sLMb,1,2,3,0.33
sLMh,1,6,7,0.14
sLMj,2,2,4,0.5
sLMl,2,1,3,0.67
sLMm,1,1,2,0.5
sLMn,1,5,6,0.17
sLMs,6,4,10,0.6
sLMt,0,0,0,
sLNB,4,0,4,1.0
sLND,1,0,1,1.0
sLNM,2,2,4,0.5
sLNN,1,3,4,0.25
sLNP,4,8,12,0.33
sLNS,5,1,6,0.83
sLNb,3,3,6,0.5
sLNh,1,1,2,0.5
sLNl,3,5,8,0.38
sLNm,5,2,7,0.71
sLNn,3,5,8,0.38
sLNs,3,0,3,1.0
sLNt,1,2,3,0.33
sLPB,5,6,11,0.45
sLPH,0,1,1,0.0
sLPI,1,0,1,1.0
sLPL,1,1,2,0.5
sLPM,4,4,8,0.5
sLPN,4,8,12,0.33
sLPP,8,5,13,0.62
sLPS,3,1,4,0.75
sLPb,7,4,11,0.64
sLPh,1,2,3,0.33
sLPl,1,0,1,1.0
sLPm,0,3,3,0.0
sLPn,8,4,12,0.67
sLPs,2,1,3,0.67
sLPt,0,1,1,0.0
sLSB,2,2,4,0.5
sLSH,2,1,3,0.67
sLSL,0,4,4,0.0
sLSM,1,4,5,0.2
sLSN,1,1,2,0.5
sLSP,4,7,11,0.36
sLSS,1,2,3,0.33
sLSb,1,1,2,0.5
sLSh,1,0,1,1.0
sLSl,4,0,4,1.0
sLSm,3,3,6,0.5
sLSn,2,5,7,0.29
sLSs,8,3,11,0.73
sLbB,3,3,6,0.5
sLbD,0,1,1,0.0
sLbH,1,0,1,1.0
sLbJ,3,0,3,1.0
sLbL,1,3,4,0.25
sLbM,1,3,4,0.25
sLbN,6,4,10,0.6
sLbP,9,3,12,0.75
sLbS,1,3,4,0.25
sLbb,5,5,10,0.5
sLbl,2,2,4,0.5
sLbm,0,5,5,0.0
sLbn,5,3,8,0.62
sLbs,6,1,7,0.86
sLhB,1,2,3,0.33
sLhH,0,2,2,0.0
sLhI,0,1,1,0.0
sLhL,0,1,1,0.0
sLhM,2,3,5,0.4
sLhN,0,0,0,
sLhP,0,2,2,0.0
sLhS,1,2,3,0.33
sLhb,3,0,3,1.0
sLhh,1,0,1,1.0
sLhl,1,3,4,0.25
sLhm,2,0,2,1.0
sLhn,1,1,2,0.5
sLhs,5,0,5,1.0
sLht,0,0,0,
sLjB,0,0,0,
sLjL,1,0,1,1.0
sLjN,2,1,3,0.67
sLjP,0,3,3,0.0
sLjS,2,0,2,1.0
sLjh,0,0,0,
sLjl,0,1,1,0.0
sLjm,2,0,2,1.0
sLjn,1,1,2,0.5
sLjs,0,0,0,
sLlB,3,1,4,0.75
sLlH,2,0,2,1.0
sLlJ,1,0,1,1.0
sLlL,2,0,2,1.0
sLlM,1,1,2,0.5
sLlN,1,2,3,0.33
sLlP,4,0,4,1.0
sLlS,4,1,5,0.8
sLlb,1,5,6,0.17
sLll,3,1,4,0.75
sLlm,1,1,2,0.5
sLln,3,1,4,0.75
sLls,3,6,9,0.33
sLmB,2,1,3,0.67
sLmD,0,1,1,0.0
sLmH,0,3,3,0.0
sLmJ,0,1,1,0.0
sLmL,3,0,3,1.0
sLmM,2,4,6,0.33
sLmN,1,2,3,0.33
sLmP,6,4,10,0.6
sLmS,0,5,5,0.0
sLmb,4,4,8,0.5
sLml,1,3,4,0.25
sLmm,2,5,7,0.29
sLmn,1,3,4,0.25
sLms,1,6,7,0.14
sLnB,3,6,9,0.33
sLnD,0,1,1,0.0
sLnH,4,5,9,0.44
sLnI,2,1,3,0.67
sLnK,1,0,1,1.0
sLnL,3,3,6,0.5
sLnM,5,4,9,0.56
sLnN,6,4,10,0.6
sLnP,9,7,16,0.56
sLnS,5,2,7,0.71
sLnb,5,2,7,0.71
sLnh,0,1,1,0.0
sLnl,4,1,5,0.8
sLnm,6,1,7,0.86
sLnn,5,4,9,0.56
sLns,3,3,6,0.5
sLsB,3,3,6,0.5
sLsD,0,2,2,0.0
sLsH,4,2,6,0.67
sLsI,1,0,1,1.0
sLsL,0,2,2,0.0
sLsM,0,1,1,0.0
sLsN,8,3,11,0.73
sLsP,6,5,11,0.55
sLsS,2,4,6,0.33
sLsb,0,3,3,0.0
sLsh,0,2,2,0.0
sLsl,2,1,3,0.67
sLsm,1,2,3,0.33
sLsn,2,1,3,0.67
sLss,4,5,9,0.44
sLtH,1,1,2,0.5
sLtM,2,0,2,1.0
sLtN,2,0,2,1.0
sLtP,1,2,3,0.33
sLtS,2,0,2,1.0
sLtm,1,0,1,1.0
sLtn,1,1,2,0.5
sLts,1,1,2,0.5
sLtt,0,1,1,0.0
sMBB,10,7,17,0.59
sMBD,2,1,3,0.67
sMBH,0,0,0,
sMBK,1,1,2,0.5
sMBL,4,0,4,1.0
sMBM,1,7,8,0.12
sMBN,6,9,15,0.4
sMBP,14,7,21,0.67
sMBS,5,2,7,0.71
sMBb,5,5,10,0.5
sMBh,0,1,1,0.0
sMBj,2,2,4,0.5
sMBl,4,1,5,0.8
sMBm,4,4,8,0.5
sMBn,14,12,26,0.54
sMBs,2,5,7,0.29
sMBt,1,1,2,0.5
sMDN,1,2,3,0.33
sMDP,1,1,2,0.5
sMDS,0,1,1,0.0
sMDb,1,1,2,0.5
sMDl,0,1,1,0.0
sMDm,2,0,2,1.0
sMDn,0,1,1,0.0
sMHB,1,3,4,0.25
sMHL,0,1,1,0.0
sMHP,0,1,1,0.0
sMIn,1,0,1,1.0
sMKb,0,0,0,
sMKn,0,1,1,0.0
sMLB,6,3,9,0.67
sMLD,0,1,1,0.0
sMLL,2,3,5,0.4
sMLM,2,2,4,0.5
sMLN,4,7,11,0.36
sMLP,3,2,5,0.6
sMLS,1,0,1,1.0
sMLb,5,3,8,0.62
sMLh,2,0,2,1.0
sMLj,1,3,4,0.25
sMLl,1,1,2,0.5
sMLm,1,2,3,0.33
sMLn,2,2,4,0.5
sMLs,3,1,4,0.75
sMMB,3,6,9,0.33
sMMD,1,1,2,0.5
sMML,2,2,4,0.5
sMMM,1,6,7,0.14
sMMN,8,5,13,0.62
sMMP,8,8,16,0.5
sMMS,1,1,2,0.5
sMMb,4,8,12,0.33
sMMh,9,5,14,0.64
sMMj,2,1,3,0.67
sMMl,0,2,2,0.0
sMMm,3,7,10,0.3
sMMn,11,11,22,0.5
sMMs,3,4,7,0.43
sMMt,0,1,1,0.0
sMNB,9,5,14,0.64
sMND,3,0,3,1.0
sMNH,2,1,3,0.67
sMNK,1,0,1,1.0
sMNL,2,3,5,0.4
sMNM,4,4,8,0.5
sMNN,3,11,14,0.21
sMNP,9,10,19,0.47
sMNS,3,8,11,0.27
sMNb,5,4,9,0.56
sMNh,0,1,1,0.0
sMNl,2,3,5,0.4
sMNm,6,8,14,0.43
sMNn,8,11,19,0.42
sMNs,8,3,11,0.73
sMNt,2,0,2,1.0
sMPB,5,4,9,0.56
sMPD,1,1,2,0.5
sMPH,2,1,3,0.67
sMPI,0,2,2,0.0
sMPK,2,1,3,0.67
sMPL,6,1,7,0.86
sMPM,10,7,17,0.59
sMPN,11,6,17,0.65
sMPP,10,21,31,0.32
sMPS,10,8,18,0.56
sMPb,8,11,19,0.42
sMPh,0,0,0,
sMPl,7,2,9,0.78
sMPm,10,6,16,0.62
sMPn,12,4,16,0.75
sMPs,8,7,15,0.53
sMPt,4,2,6,0.67
sMSB,5,5,10,0.5
sMSD,2,1,3,0.67
sMSH,0,2,2,0.0
sMSL,1,5,6,0.17
sMSM,6,4,10,0.6
sMSN,8,5,13,0.62
sMSP,9,6,15,0.6
sMSS,7,8,15,0.47
sMSb,7,4,11,0.64
sMSh,4,5,9,0.44
sMSl,2,4,6,0.33
sMSm,8,4,12,0.67
sMSn,9,11,20,0.45
sMSs,4,4,8,0.5
sMbB,3,11,14,0.21
sMbH,1,0,1,1.0
sMbI,0,1,1,0.0
sMbJ,4,2,6,0.67
sMbK,1,1,2,0.5
sMbL,4,1,5,0.8
sMbM,5,6,11,0.45
sMbN,8,9,17,0.47
sMbP,8,6,14,0.57
sMbS,6,4,10,0.6
sMbb,9,7,16,0.56
sMbl,0,5,5,0.0
sMbm,2,4,6,0.33
sMbn,8,10,18,0.44
sMbs,3,3,6,0.5
sMhB,4,5,9,0.44
sMhD,2,1,3,0.67
sMhH,1,1,2,0.5
sMhI,1,0,1,1.0
sMhL,1,2,3,0.33
sMhM,7,6,13,0.54
sMhN,6,9,15,0.4
sMhP,7,8,15,0.47
sMhS,4,4,8,0.5
sMhb,7,7,14,0.5
sMhh,4,2,6,0.67
sMhl,2,7,9,0.22
sMhm,3,3,6,0.5
sMhn,5,5,10,0.5
sMhs,8,5,13,0.62
sMjB,2,0,2,1.0
sMjH,2,1,3,0.67
sMjL,0,1,1,0.0
sMjM,2,0,2,1.0
sMjN,0,2,2,0.0
sMjP,4,4,8,0.5
sMjS,6,1,7,0.86
sMjb,4,1,5,0.8
sMjl,2,2,4,0.5
sMjm,2,0,2,1.0
sMjn,3,1,4,0.75
sMjs,0,3,3,0.0
sMlB,4,1,5,0.8
sMlD,2,1,3,0.67
sMlH,2,1,3,0.67
sMlI,1,1,2,0.5
sMlJ,2,1,3,0.67
sMlK,1,0,1,1.0
sMlL,4,1,5,0.8
sMlM,5,1,6,0.83
sMlN,4,3,7,0.57
sMlP,5,6,11,0.45
sMlS,3,4,7,0.43
sMlb,2,4,6,0.33
sMll,1,0,1,1.0
sMlm,2,2,4,0.5
sMln,6,2,8,0.75
sMls,1,1,2,0.5
sMmB,5,8,13,0.38
sMmD,1,2,3,0.33
sMmH,3,11,14,0.21
sMmI,1,2,3,0.33
sMmJ,0,4,4,0.0
sMmL,1,5,6,0.17
sMmM,10,7,17,0.59
sMmN,14,4,18,0.78
sMmP,6,9,15,0.4
sMmS,9,3,12,0.75
sMmb,8,4,12,0.67
sMml,3,1,4,0.75
sMmm,7,3,10,0.7
sMmn,7,5,12,0.58
sMms,6,2,8,0.75
sMnB,4,5,9,0.44
sMnD,0,0,0,
sMnH,0,7,7,0.0
sMnI,4,2,6,0.67
sMnK,0,1,1,0.0
sMnL,3,3,6,0.5
sMnM,8,7,15,0.53
sMnN,11,10,21,0.52
sMnP,19,13,32,0.59
sMnS,10,10,20,0.5
sMnb,12,6,18,0.67
sMnh,1,1,2,0.5
sMnl,4,3,7,0.57
sMnm,9,8,17,0.53
sMnn,8,7,15,0.53
sMns,10,8,18,0.56
sMsB,5,4,9,0.56
sMsD,0,1,1,0.0
sMsH,7,8,15,0.47
sMsI,1,0,1,1.0
sMsK,1,0,1,1.0
sMsL,6,1,7,0.86
sMsM,3,10,13,0.23
sMsN,4,2,6,0.67
sMsP,8,15,23,0.35
sMsS,8,4,12,0.67
sMsb,6,4,10,0.6
sMsl,3,2,5,0.6
sMsm,10,7,17,0.59
sMsn,5,4,9,0.56
sMss,6,10,16,0.38
sMtB,0,3,3,0.0
sMtD,0,1,1,0.0
sMtH,1,2,3,0.33
sMtL,1,0,1,1.0
sMtM,0,2,2,0.0
sMtN,0,1,1,0.0
sMtP,1,1,2,0.5
sMtS,1,2,3,0.33
sMtb,2,2,4,0.5
sMtm,3,2,5,0.6
sMtn,1,1,2,0.5
sMts,0,1,1,0.0
sMtt,0,1,1,0.0
sNBB,10,4,14,0.71
sNBD,1,0,1,1.0
sNBK,1,2,3,0.33
sNBL,0,4,4,0.0
sNBM,13,7,20,0.65
sNBN,9,4,13,0.69
sNBP,15,7,22,0.68
sNBS,4,4,8,0.5
sNBb,5,5,10,0.5
sNBj,0,0,0,
sNBl,2,4,6,0.33
sNBm,6,2,8,0.75
sNBn,4,7,11,0.36
sNBs,4,3,7,0.57
sNBt,1,2,3,0.33
sNDB,1,1,2,0.5
sNDH,0,3,3,0.0
sNDL,1,0,1,1.0
sNDN,2,0,2,1.0
sNDP,2,0,2,1.0
sNDl,0,0,0,
sNDm,2,1,3,0.67
sNDn,1,0,1,1.0
sNDs,0,1,1,0.0
sNHB,1,1,2,0.5
sNHD,2,1,3,0.67
sNHH,2,0,2,1.0
sNHL,1,0,1,1.0
sNHM,3,2,5,0.6
sNHN,3,3,6,0.5
sNHP,2,1,3,0.67
sNHS,1,1,2,0.5
sNHb,2,2,4,0.5
sNHh,0,1,1,0.0
sNHl,1,1,2,0.5
sNHm,1,3,4,0.25
sNHn,1,0,1,1.0
sNHs,0,1,1,0.0
sNIM,0,0,0,
sNIP,0,1,1,0.0
sNIb,1,0,1,1.0
sNKB,1,0,1,1.0
sNKI,1,0,1,1.0
sNKL,0,0,0,
sNKM,2,1,3,0.67
sNKN,0,1,1,0.0
sNKP,2,1,3,0.67
sNKS,1,1,2,0.5
sNKm,0,1,1,0.0
sNKn,1,0,1,1.0
sNKs,1,1,2,0.5
sNKt,1,0,1,1.0
sNLB,2,6,8,0.25
sNLD,0,0,0,
sNLL,1,0,1,1.0
sNLM,3,2,5,0.6
sNLN,6,5,11,0.55
sNLP,4,3,7,0.57
sNLS,4,2,6,0.67
sNLb,4,1,5,0.8
sNLh,2,0,2,1.0
sNLl,1,1,2,0.5
sNLm,5,3,8,0.62
sNLn,5,9,14,0.36
sNLs,5,4,9,0.56
sNLt,1,1,2,0.5
sNMB,11,4,15,0.73
sNML,3,3,6,0.5
sNMM,5,8,13,0.38
sNMN,3,10,13,0.23
sNMP,8,15,23,0.35
sNMS,4,5,9,0.44
sNMb,9,9,18,0.5
sNMh,7,6,13,0.54
sNMj,0,3,3,0.0
sNMl,3,7,10,0.3
sNMm,8,8,16,0.5
sNMn,11,12,23,0.48
sNMs,9,3,12,0.75
sNNB,11,10,21,0.52
sNND,2,0,2,1.0
sNNH,1,0,1,1.0
sNNK,0,3,3,0.0
sNNL,8,3,11,0.73
sNNM,7,2,9,0.78
sNNN,7,9,16,0.44
sNNP,14,11,25,0.56
sNNS,9,7,16,0.56
sNNb,7,7,14,0.5
sNNh,4,7,11,0.36
sNNl,4,3,7,0.57
sNNm,3,5,8,0.38
sNNn,21,12,33,0.64
sNNs,8,12,20,0.4
sNNt,3,2,5,0.6
sNPB,21,14,35,0.6
sNPH,4,3,7,0.57
sNPI,4,2,6,0.67
sNPK,3,4,7,0.43
sNPL,6,7,13,0.46
sNPM,8,18,26,0.31
sNPN,13,25,38,0.34
sNPP,23,31,54,0.43
sNPS,11,11,22,0.5
sNPb,12,12,24,0.5
sNPh,1,1,2,0.5
sNPl,7,8,15,0.47
sNPm,10,19,29,0.34
sNPn,9,22,31,0.29
sNPs,12,12,24,0.5
sNPt,3,2,5,0.6
sNSB,6,7,13,0.46
sNSD,0,1,1,0.0
sNSH,3,4,7,0.43
sNSL,4,2,6,0.67
sNSM,8,8,16,0.5
sNSN,11,6,17,0.65
sNSP,11,6,17,0.65
sNSS,7,9,16,0.44
sNSb,6,8,14,0.43
sNSh,4,6,10,0.4
sNSl,1,5,6,0.17
sNSm,10,6,16,0.62
sNSn,9,9,18,0.5
sNSs,8,12,20,0.4
sNSt,1,1,2,0.5
sNbB,6,8,14,0.43
sNbH,1,3,4,0.25
sNbJ,3,1,4,0.75
sNbK,0,3,3,0.0
sNbL,5,1,6,0.83
sNbM,13,10,23,0.57
sNbN,12,10,22,0.55
sNbP,6,8,14,0.43
sNbS,5,5,10,0.5
sNbb,8,7,15,0.53
sNbl,6,1,7,0.86
sNbm,5,2,7,0.71
sNbn,9,6,15,0.6
sNbs,3,5,8,0.38
sNhB,0,2,2,0.0
sNhD,0,1,1,0.0
sNhI,1,0,1,1.0
sNhL,1,0,1,1.0
sNhM,2,5,7,0.29
sNhN,3,2,5,0.6
sNhP,0,3,3,0.0
sNhS,2,2,4,0.5
sNhb,2,2,4,0.5
sNhh,2,3,5,0.4
sNhl,1,0,1,1.0
sNhm,3,1,4,0.75
sNhn,2,0,2,1.0
sNhs,2,2,4,0.5
sNht,0,1,1,0.0
sNlB,1,2,3,0.33
sNlD,1,0,1,1.0
sNlH,2,7,9,0.22
sNlI,2,1,3,0.67
sNlJ,1,2,3,0.33
sNlK,1,0,1,1.0
sNlL,1,2,3,0.33
sNlM,1,5,6,0.17
sNlN,3,4,7,0.43
sNlP,2,5,7,0.29
sNlS,2,3,5,0.4
sNlb,5,7,12,0.42
sNll,1,2,3,0.33
sNlm,4,2,6,0.67
sNln,3,2,5,0.6
sNls,2,2,4,0.5
sNmB,4,6,10,0.4
sNmD,2,0,2,1.0
sNmH,6,6,12,0.5
sNmI,1,0,1,1.0
sNmJ,2,2,4,0.5
sNmL,3,1,4,0.75
sNmM,9,9,18,0.5
sNmN,14,7,21,0.67
sNmP,14,7,21,0.67
sNmS,6,5,11,0.55
sNmb,13,4,17,0.76
sNml,2,2,4,0.5
sNmm,10,5,15,0.67
sNmn,6,4,10,0.6
sNms,3,3,6,0.5
sNnB,7,7,14,0.5
sNnD,2,2,4,0.5
sNnH,7,5,12,0.58
sNnI,1,0,1,1.0
sNnK,0,2,2,0.0
sNnL,11,4,15,0.73
sNnM,9,5,14,0.64
sNnN,25,14,39,0.64
sNnP,20,15,35,0.57
sNnS,12,13,25,0.48
sNnb,8,13,21,0.38
sNnl,6,0,6,1.0
sNnm,9,7,16,0.56
sNnn,12,11,23,0.52
sNns,21,9,30,0.7
sNnt,1,0,1,1.0
sNsB,9,3,12,0.75
sNsD,0,2,2,0.0
sNsH,9,7,16,0.56
sNsI,2,0,2,1.0
sNsL,3,5,8,0.38
sNsM,6,13,19,0.32
sNsN,11,10,21,0.52
sNsP,11,12,23,0.48
sNsS,13,5,18,0.72
sNsb,10,9,19,0.53
sNsl,4,2,6,0.67
sNsm,6,13,19,0.32
sNsn,11,5,16,0.69
sNss,11,14,25,0.44
sNst,1,0,1,1.0
sNtB,3,2,5,0.6
sNtD,0,0,0,
sNtH,1,1,2,0.5
sNtL,0,3,3,0.0
sNtM,2,4,6,0.33
sNtN,1,3,4,0.25
sNtP,2,3,5,0.4
sNtS,0,2,2,0.0
sNtb,6,4,10,0.6
sNth,0,0,0,
sNtm,3,3,6,0.5
sNtn,3,3,6,0.5
sNts,1,1,2,0.5
sPBB,12,8,20,0.6
sPBK,1,0,1,1.0
sPBL,2,4,6,0.33
sPBM,9,5,14,0.64
sPBN,8,16,24,0.33
sPBP,14,14,28,0.5
sPBS,7,6,13,0.54
sPBb,11,6,17,0.65
sPBh,0,3,3,0.0
sPBj,2,3,5,0.4
sPBl,8,7,15,0.53
sPBm,7,10,17,0.41
sPBn,15,14,29,0.52
sPBs,2,4,6,0.33
sPBt,4,0,4,1.0
sPDB,0,1,1,0.0
sPDH,1,0,1,1.0
sPDI,1,0,1,1.0
sPDL,2,1,3,0.67
sPDN,1,2,3,0.33
sPDP,4,0,4,1.0
sPDS,1,1,2,0.5
sPDb,1,2,3,0.33
sPDm,2,1,3,0.67
sPDs,0,0,0,
sPHB,3,3,6,0.5
sPHH,1,0,1,1.0
sPHI,2,1,3,0.67
sPHL,0,2,2,0.0
sPHM,7,3,10,0.7
sPHN,1,7,8,0.12
sPHP,4,5,9,0.44
sPHS,0,7,7,0.0
sPHb,3,4,7,0.43
sPHh,1,2,3,0.33
sPHl,1,2,3,0.33
sPHm,3,2,5,0.6
sPHn,4,3,7,0.57
sPHs,6,0,6,1.0
sPIB,1,0,1,1.0
sPID,0,1,1,0.0
sPIH,2,1,3,0.67
sPII,1,0,1,1.0
sPIL,3,1,4,0.75
sPIM,0,2,2,0.0
sPIN,2,0,2,1.0
sPIP,2,1,3,0.67
sPIS,1,3,4,0.25
sPIb,1,1,2,0.5
sPIl,0,1,1,0.0
sPIm,1,1,2,0.5
sPIn,1,1,2,0.5
sPIs,0,2,2,0.0
sPKB,0,1,1,0.0
sPKH,0,1,1,0.0
sPKL,1,0,1,1.0
sPKM,0,1,1,0.0
sPKN,1,2,3,0.33
sPKP,1,1,2,0.5
sPKb,0,1,1,0.0
sPKh,1,1,2,0.5
sPKl,1,0,1,1.0
sPKm,0,0,0,
sPKn,0,1,1,0.0
sPKs,1,2,3,0.33
sPLB,7,3,10,0.7
sPLI,1,0,1,1.0
sPLL,3,2,5,0.6
sPLM,8,6,14,0.57
sPLN,2,1,3,0.67
sPLP,11,11,22,0.5
sPLS,2,2,4,0.5
sPLb,3,9,12,0.25
sPLh,4,4,8,0.5
sPLj,4,1,5,0.8
sPLl,3,4,7,0.43
sPLm,7,6,13,0.54
sPLn,8,12,20,0.4
sPLs,5,3,8,0.62
sPLt,1,2,3,0.33
sPMB,12,6,18,0.67
sPMD,0,0,0,
sPMH,0,1,1,0.0
sPML,8,5,13,0.62
sPMM,5,5,10,0.5
sPMN,13,10,23,0.57
sPMP,17,14,31,0.55
sPMS,7,6,13,0.54
sPMb,13,13,26,0.5
sPMh,8,11,19,0.42
sPMj,1,0,1,1.0
sPMl,11,9,20,0.55
sPMm,13,10,23,0.57
sPMn,13,8,21,0.62
sPMs,11,10,21,0.52
sPMt,0,4,4,0.0
sPNB,8,15,23,0.35
sPND,0,1,1,0.0
sPNH,1,1,2,0.5
sPNK,1,1,2,0.5
sPNL,5,2,7,0.71
sPNM,7,14,21,0.33
sPNN,12,16,28,0.43
sPNP,17,19,36,0.47
sPNS,9,17,26,0.35
sPNb,13,12,25,0.52
sPNh,4,4,8,0.5
sPNl,5,7,12,0.42
sPNm,14,12,26,0.54
sPNn,16,13,29,0.55
sPNs,11,10,21,0.52
sPNt,5,3,8,0.62
sPPB,20,18,38,0.53
sPPD,2,0,2,1.0
sPPH,8,6,14,0.57
sPPI,3,2,5,0.6
sPPK,2,1,3,0.67
sPPL,13,12,25,0.52
sPPM,24,16,40,0.6
sPPN,15,18,33,0.45
sPPP,32,34,66,0.48
sPPS,16,13,29,0.55
sPPb,12,19,31,0.39
sPPh,2,2,4,0.5
sPPl,10,6,16,0.62
sPPm,19,10,29,0.66
sPPn,23,23,46,0.5
sPPs,13,14,27,0.48
sPPt,4,0,4,1.0
sPSB,7,9,16,0.44
sPSD,3,1,4,0.75
sPSH,3,1,4,0.75
sPSI,1,0,1,1.0
sPSL,7,2,9,0.78
sPSM,8,13,21,0.38
sPSN,13,5,18,0.72
sPSP,13,14,27,0.48
sPSS,8,10,18,0.44
sPSb,8,4,12,0.67
sPSh,3,8,11,0.27
sPSl,13,8,21,0.62
sPSm,12,13,25,0.48
sPSn,12,11,23,0.52
sPSs,11,13,24,0.46
sPSt,4,2,6,0.67
sPbB,12,7,19,0.63
sPbH,1,4,5,0.2
sPbI,1,1,2,0.5
sPbJ,7,5,12,0.58
sPbK,1,1,2,0.5
sPbL,5,1,6,0.83
sPbM,12,16,28,0.43
sPbN,12,8,20,0.6
sPbP,20,19,39,0.51
sPbS,7,5,12,0.58
sPbb,16,18,34,0.47
sPbl,9,5,14,0.64
sPbm,12,6,18,0.67
sPbn,9,10,19,0.47
sPbs,5,6,11,0.45
sPhB,2,1,3,0.67
sPhH,1,3,4,0.25
sPhL,1,1,2,0.5
sPhM,2,1,3,0.67
sPhN,0,1,1,0.0
sPhP,2,2,4,0.5
sPhb,2,0,2,1.0
sPhh,2,1,3,0.67
sPhm,1,2,3,0.33
sPhs,5,1,6,0.83
sPlB,6,3,9,0.67
sPlD,1,0,1,1.0
sPlH,2,1,3,0.67
sPlJ,4,3,7,0.57
sPlL,8,1,9,0.89
sPlM,5,4,9,0.56
sPlN,4,4,8,0.5
sPlP,12,5,17,0.71
sPlS,0,3,3,0.0
sPlb,12,9,21,0.57
sPll,2,3,5,0.4
sPlm,5,7,12,0.42
sPln,8,0,8,1.0
sPls,3,4,7,0.43
sPmB,13,8,21,0.62
sPmD,1,0,1,1.0
sPmH,6,4,10,0.6
sPmI,1,1,2,0.5
sPmJ,3,4,7,0.43
sPmK,0,1,1,0.0
sPmL,3,3,6,0.5
sPmM,12,14,26,0.46
sPmN,20,14,34,0.59
sPmP,12,11,23,0.52
sPmS,5,8,13,0.38
sPmb,8,6,14,0.57
sPml,5,4,9,0.56
sPmm,3,11,14,0.21
sPmn,11,11,22,0.5
sPms,4,6,10,0.4
sPnB,11,15,26,0.42
sPnD,0,1,1,0.0
sPnH,4,4,8,0.5
sPnI,1,1,2,0.5
sPnK,0,1,1,0.0
sPnL,8,3,11,0.73
sPnM,18,9,27,0.67
sPnN,17,18,35,0.49
sPnP,24,10,34,0.71
sPnS,8,10,18,0.44
sPnb,8,5,13,0.62
sPnh,0,1,1,0.0
sPnl,6,6,12,0.5
sPnm,7,12,19,0.37
sPnn,10,6,16,0.62
sPns,5,12,17,0.29
sPsB,6,7,13,0.46
sPsD,1,1,2,0.5
sPsH,4,8,12,0.33
sPsI,0,2,2,0.0
sPsL,3,5,8,0.38
sPsM,6,7,13,0.46
sPsN,14,7,21,0.67
sPsP,26,23,49,0.53
sPsS,10,13,23,0.43
sPsb,9,15,24,0.38
sPsh,1,0,1,1.0
sPsl,7,6,13,0.54
sPsm,12,11,23,0.52
sPsn,9,7,16,0.56
sPss,12,10,22,0.55
sPtB,1,0,1,1.0
sPtL,2,1,3,0.67
sPtM,1,3,4,0.25
sPtN,3,1,4,0.75
sPtP,2,6,8,0.25
sPtS,2,1,3,0.67
sPtb,0,0,0,
sPtl,1,2,3,0.33
sPtm,3,0,3,1.0
sPtn,3,1,4,0.75
sPts,1,2,3,0.33
sPtt,1,0,1,1.0
sSBB,5,10,15,0.33
sSBD,0,1,1,0.0
sSBL,1,6,7,0.14
sSBM,3,7,10,0.3
sSBN,9,7,16,0.56
sSBP,8,5,13,0.62
sSBS,4,2,6,0.67
sSBb,6,4,10,0.6
sSBh,1,0,1,1.0
sSBj,2,2,4,0.5
sSBl,4,5,9,0.44
sSBm,11,8,19,0.58
sSBn,9,4,13,0.69
sSBs,8,7,15,0.53
sSBt,2,0,2,1.0
sSDH,3,5,8,0.38
sSDI,0,1,1,0.0
sSDL,0,1,1,0.0
sSDM,1,2,3,0.33
sSDN,2,1,3,0.67
sSDP,2,0,2,1.0
sSDS,5,2,7,0.71
sSDm,2,1,3,0.67
sSDn,1,3,4,0.25
sSDs,2,1,3,0.67
sSDt,0,1,1,0.0
sSHB,2,2,4,0.5
sSHD,1,0,1,1.0
sSHH,2,1,3,0.67
sSHI,1,0,1,1.0
sSHL,1,2,3,0.33
sSHM,5,2,7,0.71
sSHN,2,2,4,0.5
sSHP,4,4,8,0.5
sSHS,9,10,19,0.47
sSHb,2,0,2,1.0
sSHh,1,3,4,0.25
sSHl,3,1,4,0.75
sSHm,0,4,4,0.0
sSHn,4,6,10,0.4
sSHs,8,3,11,0.73
sSIB,1,0,1,1.0
sSIM,1,0,1,1.0
sSIP,1,0,1,1.0
sSIS,2,0,2,1.0
sSIm,1,0,1,1.0
sSKB,0,1,1,0.0
sSKI,0,1,1,0.0
sSKK,1,0,1,1.0
sSKM,1,0,1,1.0
sSKN,0,2,2,0.0
sSKS,1,0,1,1.0
sSKh,0,0,0,
sSKn,0,1,1,0.0
sSKs,1,0,1,1.0
sSLB,9,9,18,0.5
sSLH,0,2,2,0.0
sSLK,0,1,1,0.0
sSLL,2,2,4,0.5
sSLM,6,3,9,0.67
sSLN,5,3,8,0.62
sSLP,8,5,13,0.62
sSLS,5,2,7,0.71
sSLb,5,2,7,0.71
sSLh,1,3,4,0.25
sSLj,3,2,5,0.6
sSLl,4,0,4,1.0
sSLm,3,1,4,0.75
sSLn,7,6,13,0.54
sSLs,4,1,5,0.8
sSLt,1,1,2,0.5
sSMB,9,6,15,0.6
sSMD,0,2,2,0.0
sSML,3,4,7,0.43
sSMM,4,10,14,0.29
sSMN,3,5,8,0.38
sSMP,19,15,34,0.56
sSMS,4,7,11,0.36
sSMb,11,13,24,0.46
sSMh,7,10,17,0.41
sSMj,2,1,3,0.67
sSMl,2,5,7,0.29
sSMm,13,10,23,0.57
sSMn,19,13,32,0.59
sSMs,7,7,14,0.5
sSMt,0,1,1,0.0
sSNB,8,10,18,0.44
sSND,2,1,3,0.67
sSNH,3,1,4,0.75
sSNI,0,0,0,
sSNK,1,1,2,0.5
sSNL,1,3,4,0.25
sSNM,7,6,13,0.54
sSNN,9,7,16,0.56
sSNP,9,12,21,0.43
sSNS,9,11,20,0.45
sSNb,6,6,12,0.5
sSNh,4,6,10,0.4
sSNl,6,5,11,0.55
sSNm,8,8,16,0.5
sSNn,10,20,30,0.33
sSNs,8,8,16,0.5
sSNt,1,0,1,1.0
sSPB,7,11,18,0.39
sSPD,5,0,5,1.0
sSPH,5,1,6,0.83
sSPK,2,2,4,0.5
sSPL,4,11,15,0.27
sSPM,11,13,24,0.46
sSPN,19,11,30,0.63
sSPP,31,23,54,0.57
sSPS,14,19,33,0.42
sSPb,12,14,26,0.46
sSPh,1,1,2,0.5
sSPl,5,5,10,0.5
sSPm,11,12,23,0.48
sSPn,15,8,23,0.65
sSPs,18,18,36,0.5
sSPt,2,3,5,0.4
sSSB,5,7,12,0.42
sSSD,1,0,1,1.0
sSSH,2,4,6,0.33
sSSI,0,0,0,
sSSK,0,2,2,0.0
sSSL,4,6,10,0.4
sSSM,17,11,28,0.61
sSSN,6,12,18,0.33
sSSP,10,21,31,0.32
sSSS,18,20,38,0.47
sSSb,15,11,26,0.58
sSSh,6,7,13,0.46
sSSl,8,8,16,0.5
sSSm,12,9,21,0.57
sSSn,18,11,29,0.62
sSSs,30,12,42,0.71
sSSt,2,0,2,1.0
sSbB,7,12,19,0.37
sSbH,2,2,4,0.5
sSbI,1,0,1,1.0
sSbJ,5,2,7,0.71
sSbK,1,0,1,1.0
sSbL,1,6,7,0.14
sSbM,8,9,17,0.47
sSbN,9,8,17,0.53
sSbP,6,11,17,0.35
sSbS,5,4,9,0.56
sSbb,11,7,18,0.61
sSbl,1,1,2,0.5
sSbm,5,6,11,0.45
sSbn,6,5,11,0.55
sSbs,7,1,8,0.88
sShB,4,4,8,0.5
sShD,1,0,1,1.0
sShH,0,3,3,0.0
sShI,1,1,2,0.5
sShL,3,3,6,0.5
sShM,2,4,6,0.33
sShN,4,6,10,0.4
sShP,16,13,29,0.55
sShS,7,8,15,0.47
sShb,6,2,8,0.75
sShh,7,6,13,0.54
sShl,2,2,4,0.5
sShm,6,6,12,0.5
sShn,5,7,12,0.42
sShs,5,7,12,0.42
sSht,1,1,2,0.5
sSlB,2,3,5,0.4
sSlD,1,0,1,1.0
sSlH,2,1,3,0.67
sSlJ,0,0,0,
sSlK,1,0,1,1.0
sSlL,1,1,2,0.5
sSlM,2,5,7,0.29
sSlN,8,5,13,0.62
sSlP,4,3,7,0.57
sSlS,4,8,12,0.33
sSlb,5,4,9,0.56
sSll,0,1,1,0.0
sSlm,2,3,5,0.4
sSln,0,2,2,0.0
sSls,8,2,10,0.8
sSmB,14,4,18,0.78
sSmD,1,0,1,1.0
sSmH,4,6,10,0.4
sSmI,1,0,1,1.0
sSmJ,2,2,4,0.5
sSmK,0,2,2,0.0
sSmL,2,4,6,0.33
sSmM,7,9,16,0.44
sSmN,9,8,17,0.53
sSmP,11,10,21,0.52
sSmS,9,4,13,0.69
sSmb,12,2,14,0.86
sSml,4,1,5,0.8
sSmm,6,11,17,0.35
sSmn,8,7,15,0.53
sSms,5,4,9,0.56
sSnB,9,6,15,0.6
sSnD,4,3,7,0.57
sSnH,6,7,13,0.46
sSnI,0,2,2,0.0
sSnK,1,4,5,0.2
sSnL,2,4,6,0.33
sSnM,8,7,15,0.53
sSnN,15,13,28,0.54
sSnP,14,14,28,0.5
sSnS,13,11,24,0.54
sSnb,9,12,21,0.43
sSnh,1,0,1,1.0
sSnl,6,4,10,0.6
sSnm,6,13,19,0.32
sSnn,14,11,25,0.56
sSns,12,7,19,0.63
sSsB,6,9,15,0.4
sSsD,4,1,5,0.8
sSsH,14,14,28,0.5
sSsI,3,4,7,0.43
sSsK,1,0,1,1.0
sSsL,6,5,11,0.55
sSsM,8,9,17,0.47
sSsN,11,14,25,0.44
sSsP,16,9,25,0.64
sSsS,23,23,46,0.5
sSsb,19,6,25,0.76
sSsh,0,0,0,
sSsl,4,4,8,0.5
sSsm,13,13,26,0.5
sSsn,15,9,24,0.62
sSss,24,19,43,0.56
sSst,1,1,2,0.5
sStD,1,0,1,1.0
sStH,1,0,1,1.0
sStL,0,1,1,0.0
sStM,0,3,3,0.0
sStN,2,4,6,0.33
sStP,9,2,11,0.82
sStS,1,2,3,0.33
sStb,2,1,3,0.67
sStl,0,1,1,0.0
sStm,2,1,3,0.67
sStn,2,2,4,0.5
sSts,0,4,4,0.0
sStt,0,1,1,0.0
sbBB,8,7,15,0.53
sbBD,1,0,1,1.0
sbBK,1,0,1,1.0
sbBL,2,4,6,0.33
sbBM,6,5,11,0.55
sbBN,9,9,18,0.5
sbBP,12,4,16,0.75
sbBS,7,1,8,0.88
sbBb,3,7,10,0.3
sbBh,2,1,3,0.67
sbBj,6,2,8,0.75
sbBl,1,3,4,0.25
sbBm,8,2,10,0.8
sbBn,9,9,18,0.5
sbBs,2,6,8,0.25
sbBt,0,2,2,0.0
sbDM,1,0,1,1.0
sbDN,0,1,1,0.0
sbDP,0,2,2,0.0
sbDb,2,0,2,1.0
sbDl,0,0,0,
sbDm,1,0,1,1.0
sbDn,0,0,0,
sbDt,0,1,1,0.0
sbHB,3,3,6,0.5
sbHH,1,0,1,1.0
sbHM,2,1,3,0.67
sbHN,2,0,2,1.0
sbHP,2,2,4,0.5
sbHS,1,2,3,0.33
sbHb,0,1,1,0.0
sbHh,1,1,2,0.5
sbHl,1,1,2,0.5
sbHm,0,1,1,0.0
sbHn,1,2,3,0.33
sbHt,1,0,1,1.0
sbIB,1,0,1,1.0
sbIH,1,0,1,1.0
sbIM,0,3,3,0.0
sbIN,0,1,1,0.0
sbIP,1,1,2,0.5
sbIb,0,1,1,0.0
sbIl,2,0,2,1.0
sbIm,0,0,0,
sbIn,0,0,0,
sbIs,0,0,0,
sbJB,4,2,6,0.67
sbJH,2,2,4,0.5
sbJL,2,4,6,0.33
sbJM,4,1,5,0.8
sbJN,3,6,9,0.33
sbJP,2,6,8,0.25
sbJS,3,0,3,1.0
sbJb,3,4,7,0.43
sbJh,1,1,2,0.5
sbJl,2,3,5,0.4
sbJm,4,2,6,0.67
sbJn,1,2,3,0.33
sbJs,1,1,2,0.5
sbKH,0,0,0,
sbKL,1,0,1,1.0
sbKN,1,0,1,1.0
sbKP,0,1,1,0.0
sbKS,1,1,2,0.5
sbKb,1,0,1,1.0
sbKh,0,0,0,
sbKm,1,0,1,1.0
sbKn,0,1,1,0.0
sbKs,0,1,1,0.0
sbLB,0,3,3,0.0
sbLD,0,1,1,0.0
sbLL,0,1,1,0.0
sbLM,3,6,9,0.33
sbLN,3,1,4,0.75
sbLP,4,6,10,0.4
sbLS,3,5,8,0.38
sbLb,1,1,2,0.5
sbLh,1,2,3,0.33
sbLj,2,0,2,1.0
sbLl,4,0,4,1.0
sbLm,2,6,8,0.25
sbLn,3,6,9,0.33
sbLs,1,6,7,0.14
sbLt,0,2,2,0.0
sbMB,7,11,18,0.39
sbMD,1,1,2,0.5
sbML,1,1,2,0.5
sbMM,12,8,20,0.6
sbMN,14,7,21,0.67
sbMP,9,7,16,0.56
sbMS,7,7,14,0.5
sbMb,12,15,27,0.44
sbMh,7,7,14,0.5
sbMj,2,1,3,0.67
sbMl,3,1,4,0.75
sbMm,7,11,18,0.39
sbMn,5,5,10,0.5
sbMs,1,3,4,0.25
sbMt,0,0,0,
sbNB,4,9,13,0.31
sbND,1,0,1,1.0
sbNH,1,1,2,0.5
sbNK,1,1,2,0.5
sbNL,5,3,8,0.62
sbNM,9,11,20,0.45
sbNN,14,8,22,0.64
sbNP,14,19,33,0.42
sbNS,4,7,11,0.36
sbNb,9,10,19,0.47
sbNh,2,4,6,0.33
sbNl,3,1,4,0.75
sbNm,14,4,18,0.78
sbNn,11,14,25,0.44
sbNs,3,6,9,0.33
sbNt,2,4,6,0.33
sbPB,12,10,22,0.55
sbPD,1,0,1,1.0
sbPH,5,3,8,0.62
sbPI,2,1,3,0.67
sbPL,3,6,9,0.33
sbPM,8,15,23,0.35
sbPN,14,16,30,0.47
sbPP,17,12,29,0.59
sbPS,9,9,18,0.5
sbPb,14,10,24,0.58
sbPh,0,2,2,0.0
sbPl,3,6,9,0.33
sbPm,11,8,19,0.58
sbPn,12,7,19,0.63
sbPs,4,2,6,0.67
sbSB,1,3,4,0.25
sbSH,0,2,2,0.0
sbSL,0,2,2,0.0
sbSM,8,1,9,0.89
sbSN,7,2,9,0.78
sbSP,6,5,11,0.55
sbSS,5,6,11,0.45
sbSb,4,5,9,0.44
sbSh,1,2,3,0.33
sbSl,2,4,6,0.33
sbSm,1,2,3,0.33
sbSn,7,4,11,0.64
sbSs,6,5,11,0.55
sbSt,3,0,3,1.0
sbbB,16,7,23,0.7
sbbD,1,0,1,1.0
sbbH,1,1,2,0.5
sbbI,3,0,3,1.0
sbbJ,1,4,5,0.2
sbbL,2,9,11,0.18
sbbM,9,15,24,0.38
sbbN,15,15,30,0.5
sbbP,5,11,16,0.31
sbbS,2,6,8,0.25
sbbb,14,9,23,0.61
sbbl,3,3,6,0.5
sbbm,8,4,12,0.67
sbbn,8,8,16,0.5
sbbs,2,5,7,0.29
sbhP,0,1,1,0.0
sblB,3,3,6,0.5
sblH,3,4,7,0.43
sblJ,0,1,1,0.0
sblL,2,1,3,0.67
sblM,2,3,5,0.4
sblN,3,3,6,0.5
sblP,3,4,7,0.43
sblS,4,2,6,0.67
sblb,4,6,10,0.4
sbll,1,2,3,0.33
sblm,2,2,4,0.5
sbln,0,2,2,0.0
sbls,2,2,4,0.5
sbmB,9,7,16,0.56
sbmD,2,0,2,1.0
sbmH,1,2,3,0.33
sbmJ,1,0,1,1.0
sbmL,4,0,4,1.0
sbmM,10,8,18,0.56
sbmN,10,9,19,0.53
sbmP,10,5,15,0.67
sbmS,1,2,3,0.33
sbmb,3,7,10,0.3
sbml,0,2,2,0.0
sbmm,5,5,10,0.5
sbmn,5,4,9,0.56
sbms,5,2,7,0.71
sbnB,7,5,12,0.58
sbnD,2,0,2,1.0
sbnH,4,2,6,0.67
sbnI,2,2,4,0.5
sbnK,0,1,1,0.0
sbnL,4,7,11,0.36
sbnM,5,9,14,0.36
sbnN,6,10,16,0.38
sbnP,11,11,22,0.5
sbnS,5,7,12,0.42
sbnb,9,6,15,0.6
sbnl,2,3,5,0.4
sbnm,2,3,5,0.4
sbnn,12,5,17,0.71
sbns,6,2,8,0.75
sbsB,3,1,4,0.75
sbsH,1,4,5,0.2
sbsI,0,0,0,
sbsK,0,1,1,0.0
sbsL,3,1,4,0.75
sbsM,7,0,7,1.0
sbsN,3,2,5,0.6
sbsP,4,3,7,0.57
sbsS,6,2,8,0.75
sbsb,4,6,10,0.4
sbsl,2,2,4,0.5
sbsm,3,2,5,0.6
sbsn,1,1,2,0.5
sbss,2,3,5,0.4
shBb,0,1,1,0.0
shBj,1,0,1,1.0
shDb,0,1,1,0.0
shHS,0,1,1,0.0
shKD,1,0,1,1.0
shLL,0,0,0,
shLS,0,1,1,0.0
shLj,1,0,1,1.0
shMB,0,1,1,0.0
shMP,1,0,1,1.0
shMh,0,1,1,0.0
shMn,0,1,1,0.0
shMs,1,1,2,0.5
shNK,0,1,1,0.0
shNM,0,1,1,0.0
shNS,1,0,1,1.0
shNb,0,1,1,0.0
shPB,1,0,1,1.0
shPK,0,0,0,
shPN,0,2,2,0.0
shPP,0,0,0,
shPS,0,0,0,
shPb,1,1,2,0.5
shPh,0,1,1,0.0
shPn,1,2,3,0.33
shSH,0,0,0,
shSM,1,1,2,0.5
shSP,0,0,0,
shSh,1,0,1,1.0
shSl,0,1,1,0.0
shSm,1,0,1,1.0
shSs,1,0,1,1.0
shbB,1,0,1,1.0
shbM,1,1,2,0.5
shbN,1,0,1,1.0
shbb,1,0,1,1.0
shhM,0,1,1,0.0
shhS,0,1,1,0.0
shhb,0,1,1,0.0
shhh,1,1,2,0.5
shhl,1,0,1,1.0
shhs,0,1,1,0.0
shlL,1,0,1,1.0
shlN,0,2,2,0.0
shlP,1,0,1,1.0
shlb,0,0,0,
shmH,0,1,1,0.0
shmL,0,1,1,0.0
shmM,1,0,1,1.0
shmP,1,0,1,1.0
shmS,0,1,1,0.0
shml,0,0,0,
shmm,1,0,1,1.0
shmn,1,0,1,1.0
shms,0,1,1,0.0
shnB,0,0,0,
shnH,1,0,1,1.0
shnM,0,2,2,0.0
shnP,1,1,2,0.5
shnb,1,0,1,1.0
shnm,1,0,1,1.0
shsM,0,0,0,
shsN,1,2,3,0.33
shsP,3,0,3,1.0
shsS,0,2,2,0.0
shsb,0,1,1,0.0
shsl,1,0,1,1.0
shtm,0,0,0,
slBB,4,1,5,0.8
slBK,0,1,1,0.0
slBL,2,2,4,0.5
slBM,4,7,11,0.36
slBN,0,5,5,0.0
slBP,7,4,11,0.64
slBS,1,6,7,0.14
slBb,6,5,11,0.55
slBh,2,1,3,0.67
slBj,1,1,2,0.5
slBl,2,1,3,0.67
slBm,2,1,3,0.67
slBn,5,1,6,0.83
slBs,3,1,4,0.75
slBt,0,1,1,0.0
slDH,0,1,1,0.0
slDL,0,0,0,
slDM,1,0,1,1.0
slDP,0,1,1,0.0
slDn,2,0,2,1.0
slDs,0,1,1,0.0
slHB,1,1,2,0.5
slHK,0,1,1,0.0
slHM,1,3,4,0.25
slHN,1,2,3,0.33
slHP,3,2,5,0.6
slHS,1,3,4,0.25
slHb,2,4,6,0.33
slHh,0,0,0,
slHl,1,0,1,1.0
slHm,1,1,2,0.5
slHn,2,3,5,0.4
slHs,3,3,6,0.5
slIM,1,1,2,0.5
slIN,1,0,1,1.0
slIP,1,0,1,1.0
slIb,0,1,1,0.0
slIm,1,0,1,1.0
slJB,2,0,2,1.0
slJH,2,0,2,1.0
slJM,1,2,3,0.33
slJN,1,0,1,1.0
slJP,0,1,1,0.0
slJS,1,3,4,0.25
slJb,4,0,4,1.0
slJl,0,1,1,0.0
slJm,1,0,1,1.0
slJn,1,0,1,1.0
slJs,0,1,1,0.0
slKB,0,1,1,0.0
slKL,0,1,1,0.0
slKS,1,1,2,0.5
slKs,1,0,1,1.0
slLB,0,2,2,0.0
slLD,0,1,1,0.0
slLL,1,0,1,1.0
slLM,1,1,2,0.5
slLN,0,1,1,0.0
slLP,2,2,4,0.5
slLS,1,1,2,0.5
slLb,2,2,4,0.5
slLh,2,1,3,0.67
slLj,1,0,1,1.0
slLl,2,1,3,0.67
slLm,2,1,3,0.67
slLn,2,1,3,0.67
slLs,1,1,2,0.5
slLt,1,2,3,0.33
slMB,1,5,6,0.17
slML,0,3,3,0.0
slMM,4,4,8,0.5
slMN,8,4,12,0.67
slMP,5,1,6,0.83
slMS,5,7,12,0.42
slMb,5,3,8,0.62
slMh,0,1,1,0.0
slMj,0,2,2,0.0
slMl,1,2,3,0.33
slMm,2,2,4,0.5
slMn,5,5,10,0.5
slMs,6,0,6,1.0
slMt,0,1,1,0.0
slNB,2,2,4,0.5
slNH,3,0,3,1.0
slNK,1,0,1,1.0
slNL,1,3,4,0.25
slNM,5,6,11,0.45
slNN,9,7,16,0.56
slNP,5,7,12,0.42
slNS,4,4,8,0.5
slNb,6,3,9,0.67
slNh,0,4,4,0.0
slNl,0,2,2,0.0
slNm,7,2,9,0.78
slNn,8,5,13,0.62
slNs,3,5,8,0.38
slNt,1,0,1,1.0
slPB,2,5,7,0.29
slPD,0,1,1,0.0
slPH,1,2,3,0.33
slPL,0,0,0,
slPM,3,7,10,0.3
slPN,10,8,18,0.56
slPP,8,4,12,0.67
slPS,3,2,5,0.6
slPb,6,2,8,0.75
slPh,1,0,1,1.0
slPl,1,1,2,0.5
slPm,5,3,8,0.62
slPn,4,2,6,0.67
slPs,1,3,4,0.25
slSB,2,1,3,0.67
slSD,3,0,3,1.0
slSH,1,0,1,1.0
slSL,2,2,4,0.5
slSM,0,6,6,0.0
slSN,1,3,4,0.25
slSP,5,7,12,0.42
slSS,1,3,4,0.25
slSb,1,1,2,0.5
slSh,1,0,1,1.0
slSl,2,1,3,0.67
slSm,4,1,5,0.8
slSn,2,3,5,0.4
slSs,2,1,3,0.67
slSt,2,1,3,0.67
slbB,3,2,5,0.6
slbH,0,1,1,0.0
slbJ,2,0,2,1.0
slbK,0,1,1,0.0
slbL,2,2,4,0.5
slbM,3,5,8,0.38
slbN,4,6,10,0.4
slbP,7,5,12,0.58
slbS,0,1,1,0.0
slbb,4,6,10,0.4
slbl,1,1,2,0.5
slbm,4,3,7,0.57
slbn,2,1,3,0.67
slbs,3,0,3,1.0
sllB,1,0,1,1.0
sllD,1,0,1,1.0
sllH,1,0,1,1.0
sllL,0,2,2,0.0
sllM,1,3,4,0.25
sllN,2,1,3,0.67
sllP,2,3,5,0.4
sllS,1,1,2,0.5
sllb,5,1,6,0.83
slll,1,2,3,0.33
sllm,2,3,5,0.4
slln,1,0,1,1.0
slls,0,1,1,0.0
slmB,1,2,3,0.33
slmD,0,1,1,0.0
slmH,2,2,4,0.5
slmJ,0,1,1,0.0
slmL,1,0,1,1.0
slmM,3,3,6,0.5
slmN,4,3,7,0.57
slmP,3,3,6,0.5
slmS,0,3,3,0.0
slmb,2,2,4,0.5
slml,0,1,1,0.0
slmm,1,3,4,0.25
slmn,2,0,2,1.0
slms,0,2,2,0.0
slnB,4,2,6,0.67
slnH,0,1,1,0.0
slnI,0,1,1,0.0
slnL,1,0,1,1.0
slnM,5,6,11,0.45
slnN,9,2,11,0.82
slnP,3,5,8,0.38
slnS,4,2,6,0.67
slnb,2,4,6,0.33
slnl,1,5,6,0.17
slnm,3,2,5,0.6
slnn,6,4,10,0.6
slns,2,1,3,0.67
slsB,1,2,3,0.33
slsD,1,1,2,0.5
slsH,2,2,4,0.5
slsL,3,2,5,0.6
slsM,4,3,7,0.57
slsN,2,0,2,1.0
slsP,7,3,10,0.7
slsS,3,4,7,0.43
slsb,4,2,6,0.67
slsl,3,1,4,0.75
slsm,1,1,2,0.5
slsn,4,2,6,0.67
slss,3,0,3,1.0
smBB,8,6,14,0.57
smBD,1,0,1,1.0
smBK,0,0,0,
smBL,2,3,5,0.4
smBM,4,6,10,0.4
smBN,9,7,16,0.56
smBP,5,8,13,0.38
smBS,3,6,9,0.33
smBb,12,4,16,0.75
smBh,0,1,1,0.0
smBj,8,3,11,0.73
smBl,0,2,2,0.0
smBm,5,9,14,0.36
smBn,10,6,16,0.62
smBs,4,6,10,0.4
smBt,3,1,4,0.75
smDB,0,0,0,
smDD,0,1,1,0.0
smDH,1,2,3,0.33
smDI,0,0,0,
smDK,0,1,1,0.0
smDL,0,1,1,0.0
smDM,3,2,5,0.6
smDN,1,2,3,0.33
smDP,1,2,3,0.33
smDS,1,0,1,1.0
smDb,0,2,2,0.0
smDm,0,1,1,0.0
smDs,0,1,1,0.0
smHB,4,6,10,0.4
smHD,1,2,3,0.33
smHH,2,0,2,1.0
smHI,0,1,1,0.0
smHK,1,0,1,1.0
smHL,2,1,3,0.67
smHM,7,6,13,0.54
smHN,5,9,14,0.36
smHP,7,9,16,0.44
smHS,4,8,12,0.33
smHb,8,7,15,0.53
smHh,3,7,10,0.3
smHl,3,1,4,0.75
smHm,7,4,11,0.64
smHn,7,4,11,0.64
smHs,5,3,8,0.62
smHt,1,0,1,1.0
smIB,3,1,4,0.75
smIH,0,1,1,0.0
smII,1,0,1,1.0
smIN,1,2,3,0.33
smIP,1,1,2,0.5
smIb,1,0,1,1.0
smIl,0,1,1,0.0
smIm,0,1,1,0.0
smIn,1,3,4,0.25
smIs,2,0,2,1.0
smJB,1,0,1,1.0
smJH,2,0,2,1.0
smJI,0,1,1,0.0
smJK,0,1,1,0.0
smJM,5,0,5,1.0
smJN,3,1,4,0.75
smJP,5,2,7,0.71
smJS,1,1,2,0.5
smJb,4,2,6,0.67
smJl,3,1,4,0.75
smJm,0,1,1,0.0
smJn,1,1,2,0.5
smJs,1,2,3,0.33
smKM,1,0,1,1.0
smLB,2,3,5,0.4
smLL,2,1,3,0.67
smLM,3,0,3,1.0
smLN,2,2,4,0.5
smLP,3,1,4,0.75
smLS,5,1,6,0.83
smLb,3,1,4,0.75
smLh,1,0,1,1.0
smLj,0,3,3,0.0
smLl,2,1,3,0.67
smLm,3,1,4,0.75
smLn,3,5,8,0.38
smLs,0,2,2,0.0
smLt,1,0,1,1.0
smMB,10,5,15,0.67
smMD,2,1,3,0.67
smML,2,2,4,0.5
smMM,5,3,8,0.62
smMN,11,13,24,0.46
smMP,10,9,19,0.53
smMS,4,3,7,0.57
smMb,9,12,21,0.43
smMh,6,5,11,0.55
smMj,4,1,5,0.8
smMl,1,2,3,0.33
smMm,5,6,11,0.45
smMn,15,10,25,0.6
smMs,2,7,9,0.22
smMt,3,3,6,0.5
smNB,7,8,15,0.47
smND,1,0,1,1.0
smNH,3,1,4,0.75
smNL,2,3,5,0.4
smNM,11,14,25,0.44
smNN,7,14,21,0.33
smNP,17,18,35,0.49
smNS,6,7,13,0.46
smNb,8,5,13,0.62
smNh,2,2,4,0.5
smNl,3,3,6,0.5
smNm,8,7,15,0.53
smNn,12,10,22,0.55
smNs,2,7,9,0.22
smNt,1,1,2,0.5
smPB,7,8,15,0.47
smPD,1,4,5,0.2
smPH,3,2,5,0.6
smPI,1,1,2,0.5
smPK,1,1,2,0.5
smPL,3,8,11,0.27
smPM,11,11,22,0.5
smPN,7,10,17,0.41
smPP,20,15,35,0.57
smPS,6,10,16,0.38
smPb,6,12,18,0.33
smPh,1,1,2,0.5
smPl,0,3,3,0.0
smPm,2,15,17,0.12
smPn,7,6,13,0.54
smPs,10,5,15,0.67
smPt,0,3,3,0.0
smSB,4,7,11,0.36
smSH,2,3,5,0.4
smSL,2,3,5,0.4
smSM,7,9,16,0.44
smSN,10,5,15,0.67
smSP,10,7,17,0.59
smSS,6,8,14,0.43
smSb,7,7,14,0.5
smSh,2,3,5,0.4
smSl,0,2,2,0.0
smSm,4,3,7,0.57
smSn,6,9,15,0.4
smSs,9,4,13,0.69
smSt,2,2,4,0.5
smbB,10,5,15,0.67
smbH,2,1,3,0.67
smbI,1,0,1,1.0
smbJ,1,3,4,0.25
smbK,2,1,3,0.67
smbL,3,2,5,0.6
smbM,10,9,19,0.53
smbN,10,5,15,0.67
smbP,14,8,22,0.64
smbS,4,4,8,0.5
smbb,15,10,25,0.6
smbl,4,1,5,0.8
smbm,7,5,12,0.58
smbn,4,7,11,0.36
smbs,0,2,2,0.0
smlB,2,4,6,0.33
smlD,1,0,1,1.0
smlH,1,0,1,1.0
smlI,0,1,1,0.0
smlJ,0,2,2,0.0
smlL,4,3,7,0.57
smlM,5,7,12,0.42
smlN,2,5,7,0.29
smlP,3,4,7,0.43
smlS,3,3,6,0.5
smlb,6,2,8,0.75
smlm,1,1,2,0.5
smls,2,1,3,0.67
smmB,9,11,20,0.45
smmD,1,1,2,0.5
smmH,2,5,7,0.29
smmI,1,1,2,0.5
smmJ,1,2,3,0.33
smmL,2,0,2,1.0
smmM,5,4,9,0.56
smmN,5,7,12,0.42
smmP,8,5,13,0.62
smmS,9,3,12,0.75
smmb,9,5,14,0.64
smml,4,0,4,1.0
smmm,5,2,7,0.71
smmn,8,4,12,0.67
smms,4,3,7,0.57
smnB,7,10,17,0.41
smnD,0,1,1,0.0
smnH,0,2,2,0.0
smnI,3,1,4,0.75
smnK,1,0,1,1.0
smnL,1,3,4,0.25
smnM,6,7,13,0.46
smnN,14,9,23,0.61
smnP,3,11,14,0.21
smnS,6,0,6,1.0
smnb,6,9,15,0.4
smnl,2,0,2,1.0
smnm,5,4,9,0.56
smnn,7,10,17,0.41
smns,4,4,8,0.5
smsB,3,3,6,0.5
smsD,1,0,1,1.0
smsH,2,4,6,0.33
smsI,1,0,1,1.0
smsL,1,8,9,0.11
smsM,4,2,6,0.67
smsN,10,7,17,0.59
smsP,5,7,12,0.42
smsS,8,6,14,0.57
smsb,2,3,5,0.4
smsl,2,1,3,0.67
smsm,4,1,5,0.8
smsn,3,3,6,0.5
smss,5,1,6,0.83
snBB,5,7,12,0.42
snBD,0,2,2,0.0
snBK,0,1,1,0.0
snBL,1,1,2,0.5
snBM,3,7,10,0.3
snBN,5,10,15,0.33
snBP,8,7,15,0.53
snBS,3,5,8,0.38
snBb,6,8,14,0.43
snBj,2,1,3,0.67
snBl,0,2,2,0.0
snBm,7,2,9,0.78
snBn,10,5,15,0.67
snBs,4,7,11,0.36
snBt,2,2,4,0.5
snDB,1,0,1,1.0
snDH,2,1,3,0.67
snDL,1,1,2,0.5
snDM,2,2,4,0.5
snDN,1,1,2,0.5
snDP,2,0,2,1.0
snDS,2,3,5,0.4
snDb,3,0,3,1.0
snDl,2,0,2,1.0
snDm,1,1,2,0.5
snDn,0,2,2,0.0
snHB,3,3,6,0.5
snHD,0,1,1,0.0
snHH,0,0,0,
snHK,1,0,1,1.0
snHL,0,1,1,0.0
snHM,4,2,6,0.67
snHN,4,3,7,0.57
snHP,5,4,9,0.56
snHS,4,3,7,0.57
snHb,6,5,11,0.55
snHh,0,1,1,0.0
snHl,2,1,3,0.67
snHm,5,2,7,0.71
snHn,7,2,9,0.78
snHs,3,3,6,0.5
snIB,1,1,2,0.5
snIH,0,1,1,0.0
snII,1,0,1,1.0
snIL,0,1,1,0.0
snIM,3,3,6,0.5
snIN,2,3,5,0.4
snIP,3,2,5,0.6
snIS,3,2,5,0.6
snIb,0,1,1,0.0
snIl,2,1,3,0.67
snIm,4,0,4,1.0
snIn,0,2,2,0.0
snIs,1,1,2,0.5
snKL,0,1,1,0.0
snKM,0,1,1,0.0
snKN,0,1,1,0.0
snKP,1,0,1,1.0
snKS,1,1,2,0.5
snKh,0,0,0,
snKl,1,0,1,1.0
snKm,0,0,0,
snKs,1,0,1,1.0
snLB,3,1,4,0.75
snLD,1,0,1,1.0
snLL,1,1,2,0.5
snLM,3,6,9,0.33
snLN,2,5,7,0.29
snLP,1,4,5,0.2
snLS,3,1,4,0.75
snLb,3,4,7,0.43
snLh,0,1,1,0.0
snLl,1,1,2,0.5
snLm,2,2,4,0.5
snLn,2,2,4,0.5
snLs,1,4,5,0.2
snLt,0,0,0,
snMB,5,9,14,0.36
snML,0,2,2,0.0
snMM,8,4,12,0.67
snMN,7,8,15,0.47
snMP,12,8,20,0.6
snMS,4,6,10,0.4
snMb,2,3,5,0.4
snMh,6,6,12,0.5
snMj,1,1,2,0.5
snMl,5,0,5,1.0
snMm,2,3,5,0.4
snMn,6,6,12,0.5
snMs,6,10,16,0.38
snMt,3,0,3,1.0
snNB,6,10,16,0.38
snND,2,2,4,0.5
snNH,2,1,3,0.67
snNI,1,0,1,1.0
snNK,2,1,3,0.67
snNL,3,7,10,0.3
snNM,6,7,13,0.46
snNN,16,13,29,0.55
snNP,8,19,27,0.3
snNS,5,10,15,0.33
snNb,6,9,15,0.4
snNh,5,2,7,0.71
snNl,8,5,13,0.62
snNm,7,10,17,0.41
snNn,9,19,28,0.32
snNs,9,7,16,0.56
snNt,3,1,4,0.75
snPB,10,7,17,0.59
snPD,1,1,2,0.5
snPH,3,2,5,0.6
snPI,1,1,2,0.5
snPK,3,3,6,0.5
snPL,3,5,8,0.38
snPM,10,9,19,0.53
snPN,12,8,20,0.6
snPP,17,16,33,0.52
snPS,10,10,20,0.5
snPb,11,7,18,0.61
snPh,1,0,1,1.0
snPl,6,4,10,0.6
snPm,11,10,21,0.52
snPn,15,10,25,0.6
snPs,7,9,16,0.44
snPt,2,1,3,0.67
snSB,2,6,8,0.25
snSD,0,3,3,0.0
snSH,1,3,4,0.25
snSL,0,2,2,0.0
snSM,12,4,16,0.75
snSN,1,5,6,0.17
snSP,8,11,19,0.42
snSS,6,6,12,0.5
snSb,5,5,10,0.5
snSh,2,5,7,0.29
snSl,2,2,4,0.5
snSm,11,4,15,0.73
snSn,5,8,13,0.38
snSs,5,7,12,0.42
snSt,2,3,5,0.4
snbB,4,4,8,0.5
snbH,2,0,2,1.0
snbI,1,0,1,1.0
snbJ,1,1,2,0.5
snbL,4,2,6,0.67
snbM,5,8,13,0.38
snbN,13,11,24,0.54
snbP,8,9,17,0.47
snbS,6,5,11,0.55
snbb,5,8,13,0.38
snbl,4,2,6,0.67
snbm,5,4,9,0.56
snbn,6,5,11,0.55
snbs,1,5,6,0.17
snhN,0,1,1,0.0
snhm,0,1,1,0.0
snlB,4,1,5,0.8
snlD,0,1,1,0.0
snlH,2,2,4,0.5
snlJ,0,0,0,
snlL,0,0,0,
snlM,5,0,5,1.0
snlN,1,5,6,0.17
snlP,6,7,13,0.46
snlS,1,0,1,1.0
snlb,4,1,5,0.8
snll,3,2,5,0.6
snlm,4,0,4,1.0
snln,3,3,6,0.5
snls,2,0,2,1.0
snmB,3,7,10,0.3
snmD,2,0,2,1.0
snmH,5,4,9,0.56
snmJ,1,1,2,0.5
snmL,4,1,5,0.8
snmM,5,4,9,0.56
snmN,7,11,18,0.39
snmP,7,8,15,0.47
snmS,1,2,3,0.33
snmb,5,5,10,0.5
snml,1,3,4,0.25
snmm,5,5,10,0.5
snmn,8,4,12,0.67
snms,2,4,6,0.33
snnB,2,4,6,0.33
snnD,1,0,1,1.0
snnH,3,0,3,1.0
snnI,1,3,4,0.25
snnK,0,0,0,
snnL,3,2,5,0.6
snnM,8,6,14,0.57
snnN,13,11,24,0.54
snnP,14,4,18,0.78
snnS,9,6,15,0.6
snnb,9,6,15,0.6
snnh,2,0,2,1.0
snnl,4,2,6,0.67
snnm,4,2,6,0.67
snnn,7,9,16,0.44
snns,7,8,15,0.47
snsB,3,7,10,0.3
snsD,2,1,3,0.67
snsH,6,6,12,0.5
snsI,1,0,1,1.0
snsK,2,0,2,1.0
snsL,2,1,3,0.67
snsM,5,7,12,0.42
snsN,6,10,16,0.38
snsP,12,6,18,0.67
snsS,4,5,9,0.44
snsb,6,6,12,0.5
snsh,0,0,0,
snsl,2,2,4,0.5
snsm,4,1,5,0.8
snsn,4,3,7,0.57
snss,8,4,12,0.67
ssBB,5,4,9,0.56
ssBD,2,0,2,1.0
ssBL,2,2,4,0.5
ssBM,4,5,9,0.44
ssBN,6,1,7,0.86
ssBP,9,8,17,0.53
ssBS,4,6,10,0.4
ssBb,3,5,8,0.38
ssBj,2,1,3,0.67
ssBl,0,4,4,0.0
ssBm,2,4,6,0.33
ssBn,6,12,18,0.33
ssBs,4,3,7,0.57
ssBt,0,1,1,0.0
ssDB,2,0,2,1.0
ssDD,2,0,2,1.0
ssDH,1,2,3,0.33
ssDL,1,0,1,1.0
ssDM,1,2,3,0.33
ssDN,3,0,3,1.0
ssDP,2,1,3,0.67
ssDS,1,1,2,0.5
ssDb,1,0,1,1.0
ssDl,0,0,0,
ssDm,1,0,1,1.0
ssDs,3,0,3,1.0
ssDt,1,0,1,1.0
ssHB,8,8,16,0.5
ssHD,1,1,2,0.5
ssHH,5,3,8,0.62
ssHI,2,0,2,1.0
ssHK,2,0,2,1.0
ssHL,0,1,1,0.0
ssHM,6,8,14,0.43
ssHN,8,13,21,0.38
ssHP,13,6,19,0.68
ssHS,11,12,23,0.48
ssHb,3,6,9,0.33
ssHh,4,7,11,0.36
ssHl,4,2,6,0.67
ssHm,7,5,12,0.58
ssHn,8,8,16,0.5
ssHs,11,17,28,0.39
ssHt,1,0,1,1.0
ssIB,0,2,2,0.0
ssII,1,0,1,1.0
ssIL,0,1,1,0.0
ssIM,2,0,2,1.0
ssIN,1,2,3,0.33
ssIP,3,1,4,0.75
ssIS,2,2,4,0.5
ssIb,2,1,3,0.67
ssIl,0,1,1,0.0
ssIm,0,1,1,0.0
ssIn,1,0,1,1.0
ssIs,0,1,1,0.0
ssKL,0,1,1,0.0
ssKM,1,0,1,1.0
ssKP,1,0,1,1.0
ssKh,0,1,1,0.0
ssKl,0,1,1,0.0
ssKm,0,1,1,0.0
ssLB,2,1,3,0.67
ssLD,1,0,1,1.0
ssLK,2,0,2,1.0
ssLL,1,3,4,0.25
ssLM,2,6,8,0.25
ssLN,3,5,8,0.38
ssLP,4,7,11,0.36
ssLS,2,5,7,0.29
ssLb,4,1,5,0.8
ssLh,2,1,3,0.67
ssLj,2,0,2,1.0
ssLl,4,2,6,0.67
ssLm,2,6,8,0.25
ssLn,4,3,7,0.57
ssLs,1,4,5,0.2
ssMB,6,8,14,0.43
ssMD,1,0,1,1.0
ssMH,1,0,1,1.0
ssML,6,3,9,0.67
ssMM,2,8,10,0.2
ssMN,6,3,9,0.67
ssMP,11,3,14,0.79
ssMS,3,9,12,0.25
ssMb,7,8,15,0.47
ssMh,5,7,12,0.42
ssMj,2,1,3,0.67
ssMl,4,3,7,0.57
ssMm,8,8,16,0.5
ssMn,8,5,13,0.62
ssMs,6,11,17,0.35
ssMt,2,0,2,1.0
ssNB,7,12,19,0.37
ssND,0,1,1,0.0
ssNH,0,1,1,0.0
ssNK,2,0,2,1.0
ssNL,1,6,7,0.14
ssNM,10,9,19,0.53
ssNN,10,10,20,0.5
ssNP,15,14,29,0.52
ssNS,3,5,8,0.38
ssNb,10,5,15,0.67
ssNh,2,1,3,0.67
ssNl,3,4,7,0.43
ssNm,6,6,12,0.5
ssNn,16,3,19,0.84
ssNs,9,7,16,0.56
ssNt,2,3,5,0.4
ssPB,7,6,13,0.54
ssPD,3,1,4,0.75
ssPH,3,7,10,0.3
ssPI,2,0,2,1.0
ssPK,1,1,2,0.5
ssPL,3,5,8,0.38
ssPM,5,12,17,0.29
ssPN,8,12,20,0.4
ssPP,24,12,36,0.67
ssPS,8,7,15,0.53
ssPb,5,10,15,0.33
ssPh,0,4,4,0.0
ssPl,4,4,8,0.5
ssPm,13,4,17,0.76
ssPn,9,7,16,0.56
ssPs,10,13,23,0.43
ssPt,2,2,4,0.5
ssSB,5,10,15,0.33
ssSD,2,1,3,0.67
ssSH,3,6,9,0.33
ssSL,6,7,13,0.46
ssSM,8,15,23,0.35
ssSN,8,9,17,0.47
ssSP,14,11,25,0.56
ssSS,21,17,38,0.55
ssSb,6,5,11,0.55
ssSh,9,8,17,0.53
ssSl,5,3,8,0.62
ssSm,12,4,16,0.75
ssSn,10,6,16,0.62
ssSs,14,22,36,0.39
ssSt,3,4,7,0.43
ssbB,12,5,17,0.71
ssbD,0,1,1,0.0
ssbH,1,1,2,0.5
ssbJ,3,5,8,0.38
ssbK,1,2,3,0.33
ssbL,3,2,5,0.6
ssbM,8,8,16,0.5
ssbN,6,8,14,0.43
ssbP,11,8,19,0.58
ssbS,3,5,8,0.38
ssbb,10,12,22,0.45
ssbl,1,6,7,0.14
ssbm,4,5,9,0.44
ssbn,6,7,13,0.46
ssbs,3,4,7,0.43
sshL,1,0,1,1.0
sshM,0,1,1,0.0
sshN,0,1,1,0.0
sshP,0,1,1,0.0
sshh,0,1,1,0.0
sshl,0,0,0,
sshm,0,0,0,
sshs,1,0,1,1.0
sslB,6,2,8,0.75
sslD,1,0,1,1.0
sslH,0,3,3,0.0
sslJ,2,0,2,1.0
sslL,1,2,3,0.33
sslM,11,6,17,0.65
sslN,7,4,11,0.64
sslP,5,4,9,0.56
sslS,3,4,7,0.43
sslb,5,6,11,0.45
ssll,2,2,4,0.5
sslm,3,1,4,0.75
ssln,4,3,7,0.57
ssls,3,3,6,0.5
ssmB,8,6,14,0.57
ssmD,1,3,4,0.25
ssmH,4,7,11,0.36
ssmI,0,1,1,0.0
ssmJ,0,1,1,0.0
ssmL,3,2,5,0.6
ssmM,10,7,17,0.59
ssmN,7,8,15,0.47
ssmP,9,5,14,0.64
ssmS,6,6,12,0.5
ssmb,7,5,12,0.58
ssml,5,3,8,0.62
ssmm,4,5,9,0.44
ssmn,11,7,18,0.61
ssms,11,5,16,0.69
ssnB,11,3,14,0.79
ssnH,3,3,6,0.5
ssnI,0,1,1,0.0
ssnK,0,1,1,0.0
ssnL,4,2,6,0.67
ssnM,4,6,10,0.4
ssnN,9,9,18,0.5
ssnP,9,10,19,0.47
ssnS,7,7,14,0.5
ssnb,5,7,12,0.42
ssnl,6,3,9,0.67
ssnm,6,4,10,0.6
ssnn,6,6,12,0.5
ssns,3,3,6,0.5
sssB,8,6,14,0.57
sssD,2,1,3,0.67
sssH,4,9,13,0.31
sssI,2,0,2,1.0
sssK,0,1,1,0.0
sssL,4,2,6,0.67
sssM,8,13,21,0.38
sssN,9,8,17,0.53
sssP,7,11,18,0.39
sssS,14,18,32,0.44
sssb,11,5,16,0.69
sssh,1,1,2,0.5
sssl,5,9,14,0.36
sssm,10,11,21,0.48
sssn,11,7,18,0.61
ssss,12,14,26,0.46
stBB,1,0,1,1.0
stBs,0,0,0,
stHS,0,1,1,0.0
stLn,0,0,0,
stLs,0,1,1,0.0
stMM,0,1,1,0.0
stMN,0,0,0,
stMP,1,0,1,1.0
stNB,1,0,1,1.0
stNm,1,0,1,1.0
stPB,0,1,1,0.0
stPS,0,0,0,
stbL,0,0,0,
stlB,1,0,1,1.0
stlH,1,0,1,1.0
stmH,0,1,1,0.0
stnl,1,0,1,1.0
stsM,0,1,1,0.0
tBBB,1,1,2,0.5
tBBK,1,0,1,1.0
tBBN,1,2,3,0.33
tBBP,1,3,4,0.25
tBBS,0,2,2,0.0
tBBb,1,0,1,1.0
tBBl,1,0,1,1.0
tBBm,4,1,5,0.8
tBBn,0,1,1,0.0
tBBs,0,0,0,
tBDD,0,0,0,
tBDM,0,0,0,
tBDS,0,1,1,0.0
tBDb,1,0,1,1.0
tBDn,0,1,1,0.0
tBKS,0,0,0,
tBLL,1,0,1,1.0
tBLM,0,0,0,
tBLN,0,1,1,0.0
tBLP,0,0,0,
tBLb,0,1,1,0.0
tBLj,0,1,1,0.0
tBLm,0,1,1,0.0
tBLn,1,0,1,1.0
tBLs,0,1,1,0.0
tBMB,1,1,2,0.5
tBML,1,0,1,1.0
tBMM,1,1,2,0.5
tBMN,1,2,3,0.33
tBMP,3,2,5,0.6
tBMS,1,0,1,1.0
tBMb,2,2,4,0.5
tBMh,2,1,3,0.67
tBMl,1,0,1,1.0
tBMm,2,0,2,1.0
tBMn,2,0,2,1.0
tBMs,0,1,1,0.0
tBNB,1,0,1,1.0
tBNH,1,0,1,1.0
tBNL,0,2,2,0.0
tBNM,0,0,0,
tBNN,2,2,4,0.5
tBNP,0,2,2,0.0
tBNb,2,0,2,1.0
tBNm,1,0,1,1.0
tBNn,1,2,3,0.33
tBPB,0,1,1,0.0
tBPH,1,1,2,0.5
tBPI,0,1,1,0.0
tBPK,1,0,1,1.0
tBPL,1,1,2,0.5
tBPM,0,0,0,
tBPN,1,1,2,0.5
tBPP,2,2,4,0.5
tBPS,0,1,1,0.0
tBPb,1,1,2,0.5
tBPl,2,1,3,0.67
tBPm,1,0,1,1.0
tBPn,1,1,2,0.5
tBPs,1,0,1,1.0
tBSD,0,1,1,0.0
tBSH,0,1,1,0.0
tBSN,1,0,1,1.0
tBSP,1,0,1,1.0
tBSl,1,0,1,1.0
tBSm,1,0,1,1.0
tBbB,4,1,5,0.8
tBbJ,0,0,0,
tBbM,1,2,3,0.33
tBbN,0,2,2,0.0
tBbP,1,1,2,0.5
tBbb,0,1,1,0.0
tBbl,0,0,0,
tBbm,1,1,2,0.5
tBbn,0,2,2,0.0
tBbs,0,1,1,0.0
tBhP,1,0,1,1.0
tBhh,0,1,1,0.0
tBhm,0,1,1,0.0
tBjB,1,0,1,1.0
tBjM,0,2,2,0.0
tBjN,0,1,1,0.0
tBjP,1,0,1,1.0
tBjb,1,1,2,0.5
tBjt,1,0,1,1.0
tBlB,3,0,3,1.0
tBlH,1,1,2,0.5
tBlL,0,1,1,0.0
tBlM,0,2,2,0.0
tBlP,1,0,1,1.0
tBlS,1,1,2,0.5
tBlb,1,0,1,1.0
tBll,1,1,2,0.5
tBlm,1,0,1,1.0
tBls,0,0,0,
tBmB,0,2,2,0.0
tBmH,1,1,2,0.5
tBmJ,1,0,1,1.0
tBmM,1,0,1,1.0
tBmN,1,1,2,0.5
tBmP,1,0,1,1.0
tBmb,0,3,3,0.0
tBmm,1,0,1,1.0
tBmn,3,1,4,0.75
tBms,1,2,3,0.33
tBnB,1,1,2,0.5
tBnH,1,0,1,1.0
tBnM,2,1,3,0.67
tBnN,0,2,2,0.0
tBnS,0,2,2,0.0
tBnb,1,1,2,0.5
tBnl,1,1,2,0.5
tBnm,2,1,3,0.67
tBnn,0,3,3,0.0
tBns,0,1,1,0.0
tBsB,0,1,1,0.0
tBsH,1,1,2,0.5
tBsN,0,0,0,
tBsP,0,1,1,0.0
tBsS,1,2,3,0.33
tBsn,0,1,1,0.0
tBss,1,1,2,0.5
tBtB,0,1,1,0.0
tBtL,0,1,1,0.0
tBtP,0,2,2,0.0
tBtm,0,1,1,0.0
tBts,0,2,2,0.0
tDBj,0,0,0,
tDBn,1,0,1,1.0
tDBs,0,1,1,0.0
tDDS,0,1,1,0.0
tDDn,0,1,1,0.0
tDHL,0,1,1,0.0
tDHP,1,0,1,1.0
tDKS,1,0,1,1.0
tDMP,1,0,1,1.0
tDMh,1,0,1,1.0
tDMn,0,1,1,0.0
tDNL,0,1,1,0.0
tDNN,0,0,0,
tDNP,0,1,1,0.0
tDNS,0,1,1,0.0
tDNt,1,0,1,1.0
tDPI,1,0,1,1.0
tDPP,0,2,2,0.0
tDPb,1,0,1,1.0
tDPm,1,1,2,0.5
tDSB,0,1,1,0.0
tDbs,1,0,1,1.0
tDlI,1,0,1,1.0
tDlN,0,0,0,
tDlS,2,0,2,1.0
tDmL,1,0,1,1.0
tDmN,1,0,1,1.0
tDmm,0,1,1,0.0
tDms,0,1,1,0.0
tDnB,0,1,1,0.0
tDnS,1,0,1,1.0
tDnb,1,0,1,1.0
tDns,1,0,1,1.0
tDsB,1,0,1,1.0
tDsP,1,0,1,1.0
tDsS,0,1,1,0.0
tDss,0,1,1,0.0
tHBB,0,1,1,0.0
tHBn,0,2,2,0.0
tHBs,1,1,2,0.5
tHDL,1,0,1,1.0
tHHB,1,1,2,0.5
tHHP,0,1,1,0.0
tHHS,2,0,2,1.0
tHHb,1,0,1,1.0
tHHn,0,0,0,
tHHs,1,0,1,1.0
tHIP,0,1,1,0.0
tHIs,0,1,1,0.0
tHKB,1,0,1,1.0
tHLB,0,2,2,0.0
tHLH,1,0,1,1.0
tHLM,1,0,1,1.0
tHLP,0,0,0,
tHLS,0,0,0,
tHLm,1,0,1,1.0
tHMB,0,1,1,0.0
tHMD,2,0,2,1.0
tHML,0,1,1,0.0
tHMP,0,1,1,0.0
tHMb,0,2,2,0.0
tHMl,1,0,1,1.0
tHMm,1,0,1,1.0
tHNB,1,0,1,1.0
tHND,0,1,1,0.0
tHNH,1,0,1,1.0
tHNK,0,1,1,0.0
tHNN,0,1,1,0.0
tHNP,0,1,1,0.0
tHNS,2,1,3,0.67
tHNb,4,4,8,0.5
tHNh,1,1,2,0.5
tHNl,1,2,3,0.33
tHNn,0,1,1,0.0
tHNt,0,0,0,
tHPK,0,1,1,0.0
tHPM,1,0,1,1.0
tHPP,1,3,4,0.25
tHPb,3,0,3,1.0
tHPh,0,1,1,0.0
tHPm,0,1,1,0.0
tHPn,0,1,1,0.0
tHPs,1,1,2,0.5
tHSB,0,1,1,0.0
tHSM,0,1,1,0.0
tHSP,0,2,2,0.0
tHSb,0,1,1,0.0
tHSh,1,0,1,1.0
tHSn,1,0,1,1.0
tHbN,0,0,0,
tHbP,2,0,2,1.0
tHbm,0,0,0,
tHbn,2,0,2,1.0
tHbs,3,0,3,1.0
tHhH,0,1,1,0.0
tHhL,1,0,1,1.0
tHhM,0,1,1,0.0
tHhP,2,1,3,0.67
tHhb,1,0,1,1.0
tHhl,0,1,1,0.0
tHhs,1,0,1,1.0
tHlB,1,0,1,1.0
tHlM,0,1,1,0.0
tHlN,0,1,1,0.0
tHlP,1,0,1,1.0
tHlb,0,1,1,0.0
tHlm,0,0,0,
tHln,1,1,2,0.5
tHls,1,0,1,1.0
tHmJ,0,1,1,0.0
tHmM,0,1,1,0.0
tHmN,1,3,4,0.25
tHmP,0,3,3,0.0
tHmS,0,3,3,0.0
tHnB,2,0,2,1.0
tHnH,0,1,1,0.0
tHnI,1,0,1,1.0
tHnL,1,0,1,1.0
tHnM,1,0,1,1.0
tHnN,2,1,3,0.67
tHnP,0,0,0,
tHnb,1,1,2,0.5
tHnm,1,0,1,1.0
tHnn,0,2,2,0.0
tHsD,0,1,1,0.0
tHsH,0,1,1,0.0
tHsL,1,0,1,1.0
tHsM,1,0,1,1.0
tHsP,2,1,3,0.67
tHsS,1,2,3,0.33
tHsb,1,0,1,1.0
tHsl,1,1,2,0.5
tHsm,0,2,2,0.0
tHsn,0,1,1,0.0
tHss,2,0,2,1.0
tHtM,0,1,1,0.0
tIDP,0,1,1,0.0
tIMN,0,1,1,0.0
tIPP,1,0,1,1.0
tIPb,1,0,1,1.0
tIPm,0,1,1,0.0
tISl,0,1,1,0.0
tISn,0,1,1,0.0
tIbN,1,0,1,1.0
tImB,0,1,1,0.0
tImM,1,0,1,1.0
tInH,0,1,1,0.0
tKBL,0,1,1,0.0
tKBP,1,0,1,1.0
tKDM,0,0,0,
tKMB,1,0,1,1.0
tKMP,0,1,1,0.0
tKMl,1,0,1,1.0
tKSs,1,0,1,1.0
tKbN,0,0,0,
tKhS,1,0,1,1.0
tKhs,0,0,0,
tKlL,1,0,1,1.0
tKlb,0,1,1,0.0
tKmH,0,1,1,0.0
tKmm,1,0,1,1.0
tKsn,1,0,1,1.0
tLBB,2,2,4,0.5
tLBL,0,0,0,
tLBN,1,0,1,1.0
tLBP,0,3,3,0.0
tLBS,0,1,1,0.0
tLBb,1,1,2,0.5
tLBm,2,0,2,1.0
tLBn,1,0,1,1.0
tLBt,1,0,1,1.0
tLLB,1,0,1,1.0
tLLP,0,1,1,0.0
tLLl,0,1,1,0.0
tLMB,0,2,2,0.0
tLMD,0,1,1,0.0
tLML,0,1,1,0.0
tLMN,0,0,0,
tLMP,1,1,2,0.5
tLMh,0,1,1,0.0
tLMj,0,1,1,0.0
tLMm,1,2,3,0.33
tLMn,0,1,1,0.0
tLMs,0,1,1,0.0
tLMt,0,0,0,
tLNB,1,1,2,0.5
tLNM,0,1,1,0.0
tLNN,0,2,2,0.0
tLNP,1,1,2,0.5
tLNh,1,0,1,1.0
tLNm,2,0,2,1.0
tLNn,1,0,1,1.0
tLNs,0,1,1,0.0
tLPB,2,0,2,1.0
tLPM,1,1,2,0.5
tLPN,1,0,1,1.0
tLPP,2,1,3,0.67
tLPS,1,2,3,0.33
tLPm,1,0,1,1.0
tLPn,1,1,2,0.5
tLPs,0,2,2,0.0
tLSL,0,1,1,0.0
tLSP,2,1,3,0.67
tLSS,0,0,0,
tLSl,1,0,1,1.0
tLSn,2,0,2,1.0
tLbB,1,1,2,0.5
tLbJ,0,0,0,
tLbM,3,1,4,0.75
tLbN,0,1,1,0.0
tLbS,1,1,2,0.5
tLbb,1,2,3,0.33
tLbl,2,0,2,1.0
tLbm,0,1,1,0.0
tLhL,0,1,1,0.0
tLhM,1,0,1,1.0
tLhS,0,1,1,0.0
tLhs,1,1,2,0.5
tLjL,1,1,2,0.5
tLjn,0,1,1,0.0
tLjs,0,0,0,
tLlB,0,0,0,
tLlD,0,0,0,
tLlM,1,0,1,1.0
tLlS,0,1,1,0.0
tLlm,1,0,1,1.0
tLls,0,0,0,
tLmB,0,1,1,0.0
tLmD,1,0,1,1.0
tLmL,0,0,0,
tLmM,1,2,3,0.33
tLmN,0,1,1,0.0
tLmS,1,0,1,1.0
tLmb,1,0,1,1.0
tLmn,1,0,1,1.0
tLms,0,1,1,0.0
tLnB,1,1,2,0.5
tLnH,1,1,2,0.5
tLnI,1,0,1,1.0
tLnN,0,1,1,0.0
tLnP,2,2,4,0.5
tLnS,3,0,3,1.0
tLnb,1,1,2,0.5
tLnh,1,0,1,1.0
tLsH,0,1,1,0.0
tLsN,1,0,1,1.0
tLsS,0,1,1,0.0
tLsb,2,0,2,1.0
tLtn,0,1,1,0.0
tMBB,0,2,2,0.0
tMBK,0,1,1,0.0
tMBL,1,0,1,1.0
tMBM,0,1,1,0.0
tMBN,4,2,6,0.67
tMBP,1,1,2,0.5
tMBS,0,1,1,0.0
tMBb,1,3,4,0.25
tMBm,2,0,2,1.0
tMBn,3,3,6,0.5
tMDl,0,1,1,0.0
tMDm,0,0,0,
tMKN,0,1,1,0.0
tMLM,0,2,2,0.0
tMLN,3,1,4,0.75
tMLP,1,2,3,0.33
tMLb,0,1,1,0.0
tMLm,1,0,1,1.0
tMML,0,1,1,0.0
tMMM,0,1,1,0.0
tMMN,0,1,1,0.0
tMMP,2,2,4,0.5
tMMb,0,2,2,0.0
tMMh,1,0,1,1.0
tMMm,2,1,3,0.67
tMMn,1,1,2,0.5
tMMs,0,1,1,0.0
tMNL,1,1,2,0.5
tMNM,0,1,1,0.0
tMNN,1,0,1,1.0
tMNP,3,5,8,0.38
tMNS,0,2,2,0.0
tMNb,2,1,3,0.67
tMNm,1,0,1,1.0
tMNn,3,1,4,0.75
tMPB,0,4,4,0.0
tMPH,0,1,1,0.0
tMPK,0,1,1,0.0
tMPM,1,0,1,1.0
tMPN,1,0,1,1.0
tMPP,1,1,2,0.5
tMPS,1,2,3,0.33
tMPb,3,1,4,0.75
tMPl,3,2,5,0.6
tMPm,1,0,1,1.0
tMPn,1,0,1,1.0
tMPs,2,2,4,0.5
tMSB,0,1,1,0.0
tMSH,0,0,0,
tMSM,2,0,2,1.0
tMSS,1,1,2,0.5
tMSb,3,1,4,0.75
tMSh,2,0,2,1.0
tMSm,1,1,2,0.5
tMSn,1,1,2,0.5
tMSs,0,1,1,0.0
tMSt,0,1,1,0.0
tMbB,4,3,7,0.57
tMbH,0,1,1,0.0
tMbM,1,0,1,1.0
tMbN,2,1,3,0.67
tMbP,1,0,1,1.0
tMbS,0,1,1,0.0
tMbb,0,2,2,0.0
tMbm,1,1,2,0.5
tMbn,0,1,1,0.0
tMbs,0,0,0,
tMhB,0,0,0,
tMhH,1,0,1,1.0
tMhK,0,1,1,0.0
tMhM,0,0,0,
tMhP,2,2,4,0.5
tMhS,0,1,1,0.0
tMhb,1,0,1,1.0
tMhm,1,0,1,1.0
tMhn,1,0,1,1.0
tMhs,0,1,1,0.0
tMjN,1,1,2,0.5
tMjh,0,1,1,0.0
tMjs,0,1,1,0.0
tMlB,1,2,3,0.33
tMlH,0,1,1,0.0
tMlJ,0,1,1,0.0
tMlL,1,1,2,0.5
tMlM,1,1,2,0.5
tMlP,1,0,1,1.0
tMlS,0,0,0,
tMlb,3,0,3,1.0
tMls,0,1,1,0.0
tMmB,2,3,5,0.4
tMmD,0,1,1,0.0
tMmH,3,0,3,1.0
tMmK,0,1,1,0.0
tMmL,1,0,1,1.0
tMmM,3,0,3,1.0
tMmP,2,0,2,1.0
tMmS,1,0,1,1.0
tMmb,1,0,1,1.0
tMml,0,1,1,0.0
tMmm,0,0,0,
tMmn,3,1,4,0.75
tMms,1,0,1,1.0
tMnB,1,1,2,0.5
tMnH,1,1,2,0.5
tMnL,0,1,1,0.0
tMnM,1,1,2,0.5
tMnN,1,3,4,0.25
tMnP,2,2,4,0.5
tMnS,1,0,1,1.0
tMnb,0,1,1,0.0
tMnl,0,1,1,0.0
tMnm,0,2,2,0.0
tMnn,1,3,4,0.25
tMns,1,1,2,0.5
tMsM,2,0,2,1.0
tMsN,1,2,3,0.33
tMsP,2,0,2,1.0
tMsS,3,1,4,0.75
tMsm,3,1,4,0.75
tMsn,0,1,1,0.0
tMss,1,0,1,1.0
tMtH,0,1,1,0.0
tMtP,1,0,1,1.0
tMtb,0,0,0,
tNBB,0,2,2,0.0
tNBL,1,0,1,1.0
tNBM,0,2,2,0.0
tNBN,0,0,0,
tNBP,3,5,8,0.38
tNBS,2,1,3,0.67
tNBb,0,0,0,
tNBh,0,1,1,0.0
tNBj,1,0,1,1.0
tNBm,0,4,4,0.0
tNDH,0,1,1,0.0
tNHB,1,1,2,0.5
tNHN,1,0,1,1.0
tNHP,0,1,1,0.0
tNIP,1,0,1,1.0
tNLL,0,0,0,
tNLM,0,1,1,0.0
tNLN,1,1,2,0.5
tNLP,1,0,1,1.0
tNLS,1,0,1,1.0
tNLb,1,1,2,0.5
tNLn,0,1,1,0.0
tNMB,0,1,1,0.0
tNML,0,1,1,0.0
tNMN,2,0,2,1.0
tNMP,0,1,1,0.0
tNMS,0,1,1,0.0
tNMb,3,1,4,0.75
tNMh,1,0,1,1.0
tNMl,1,0,1,1.0
tNMm,0,0,0,
tNMn,0,1,1,0.0
tNMs,2,0,2,1.0
tNNB,1,3,4,0.25
tNND,0,1,1,0.0
tNNL,0,0,0,
tNNM,0,4,4,0.0
tNNN,2,2,4,0.5
tNNP,4,5,9,0.44
tNNS,1,1,2,0.5
tNNb,1,0,1,1.0
tNNh,0,1,1,0.0
tNNl,1,1,2,0.5
tNNm,2,0,2,1.0
tNNn,3,1,4,0.75
tNNs,0,1,1,0.0
tNNt,1,1,2,0.5
tNPB,1,0,1,1.0
tNPH,1,0,1,1.0
tNPI,0,1,1,0.0
tNPL,1,1,2,0.5
tNPM,0,4,4,0.0
tNPN,2,1,3,0.67
tNPP,1,4,5,0.2
tNPS,6,1,7,0.86
tNPb,4,2,6,0.67
tNPl,1,1,2,0.5
tNPm,3,4,7,0.43
tNPn,1,1,2,0.5
tNPs,1,0,1,1.0
tNPt,1,0,1,1.0
tNSH,0,1,1,0.0
tNSL,2,0,2,1.0
tNSM,1,0,1,1.0
tNSN,0,0,0,
tNSP,2,0,2,1.0
tNSS,1,1,2,0.5
tNSb,1,0,1,1.0
tNSl,1,0,1,1.0
tNSm,1,1,2,0.5
tNSn,3,2,5,0.6
tNSs,1,3,4,0.25
tNbB,0,1,1,0.0
tNbH,1,0,1,1.0
tNbK,0,1,1,0.0
tNbL,1,0,1,1.0
tNbM,1,0,1,1.0
tNbN,4,2,6,0.67
tNbP,0,1,1,0.0
tNbb,3,0,3,1.0
tNbl,0,1,1,0.0
tNbm,2,0,2,1.0
tNbn,2,0,2,1.0
tNbs,1,2,3,0.33
tNhB,0,1,1,0.0
tNhH,1,0,1,1.0
tNhP,0,2,2,0.0
tNhh,2,1,3,0.67
tNhn,0,2,2,0.0
tNhs,2,1,3,0.67
tNlB,1,1,2,0.5
tNlH,0,0,0,
tNlJ,1,0,1,1.0
tNlN,0,1,1,0.0
tNlP,0,0,0,
tNll,0,1,1,0.0
tNlm,0,1,1,0.0
tNmB,1,4,5,0.2
tNmH,0,1,1,0.0
tNmI,1,0,1,1.0
tNmJ,1,0,1,1.0
tNmL,0,0,0,
tNmM,1,0,1,1.0
tNmN,2,1,3,0.67
tNmP,2,3,5,0.4
tNmb,1,1,2,0.5
tNmm,2,0,2,1.0
tNmn,1,2,3,0.33
tNms,1,0,1,1.0
tNnB,3,0,3,1.0
tNnD,0,0,0,
tNnH,1,1,2,0.5
tNnI,0,0,0,
tNnL,0,0,0,
tNnM,2,3,5,0.4
tNnN,4,1,5,0.8
tNnP,0,1,1,0.0
tNnS,0,1,1,0.0
tNnb,3,1,4,0.75
tNnm,0,1,1,0.0
tNnn,1,1,2,0.5
tNns,2,2,4,0.5
tNsB,2,0,2,1.0
tNsL,0,2,2,0.0
tNsM,1,1,2,0.5
tNsN,2,1,3,0.67
tNsP,1,3,4,0.25
tNsS,1,2,3,0.33
tNsb,1,1,2,0.5
tNsl,0,1,1,0.0
tNsm,1,0,1,1.0
tNsn,1,0,1,1.0
tNss,0,1,1,0.0
tNtS,2,0,2,1.0
tNtb,1,0,1,1.0
tNtn,1,0,1,1.0
tPBB,2,2,4,0.5
tPBD,0,1,1,0.0
tPBL,0,2,2,0.0
tPBM,1,2,3,0.33
tPBN,3,2,5,0.6
tPBP,3,2,5,0.6
tPBS,0,3,3,0.0
tPBb,0,0,0,
tPBl,2,0,2,1.0
tPBm,4,2,6,0.67
tPBn,2,2,4,0.5
tPBs,2,1,3,0.67
tPDS,0,1,1,0.0
tPDb,1,0,1,1.0
tPDl,0,1,1,0.0
tPHB,0,1,1,0.0
tPHL,0,1,1,0.0
tPHP,2,1,3,0.67
tPHb,1,1,2,0.5
tPHm,0,2,2,0.0
tPHn,0,0,0,
tPHs,0,1,1,0.0
tPIB,0,1,1,0.0
tPIH,0,1,1,0.0
tPIM,1,0,1,1.0
tPIP,0,1,1,0.0
tPIb,0,1,1,0.0
tPIm,0,1,1,0.0
tPKh,1,0,1,1.0
tPLD,1,0,1,1.0
tPLL,0,2,2,0.0
tPLM,1,3,4,0.25
tPLP,2,2,4,0.5
tPLS,1,1,2,0.5
tPLb,0,1,1,0.0
tPLh,0,1,1,0.0
tPLj,0,1,1,0.0
tPLl,1,1,2,0.5
tPLm,2,0,2,1.0
tPLn,0,1,1,0.0
tPLs,2,0,2,1.0
tPLt,1,0,1,1.0
tPMB,3,1,4,0.75
tPML,1,0,1,1.0
tPMM,2,1,3,0.67
tPMN,1,0,1,1.0
tPMP,1,3,4,0.25
tPMS,2,2,4,0.5
tPMh,0,1,1,0.0
tPMj,0,1,1,0.0
tPMl,2,1,3,0.67
tPMm,2,0,2,1.0
tPMn,2,2,4,0.5
tPMs,0,1,1,0.0
tPNB,2,5,7,0.29
tPND,0,0,0,
tPNH,1,0,1,1.0
tPNM,2,0,2,1.0
tPNN,1,1,2,0.5
tPNP,1,2,3,0.33
tPNS,3,0,3,1.0
tPNb,3,2,5,0.6
tPNh,0,1,1,0.0
tPNl,0,0,0,
tPNm,0,2,2,0.0
tPNn,2,1,3,0.67
tPNs,3,0,3,1.0
tPPB,1,2,3,0.33
tPPI,0,1,1,0.0
tPPL,2,5,7,0.29
tPPM,0,3,3,0.0
tPPN,2,2,4,0.5
tPPP,3,1,4,0.75
tPPS,1,6,7,0.14
tPPb,1,2,3,0.33
tPPh,0,2,2,0.0
tPPl,3,4,7,0.43
tPPm,1,2,3,0.33
tPPn,5,5,10,0.5
tPPs,1,1,2,0.5
tPSB,3,3,6,0.5
tPSH,1,0,1,1.0
tPSL,0,1,1,0.0
tPSN,1,0,1,1.0
tPSP,1,3,4,0.25
tPSS,4,1,5,0.8
tPSb,1,1,2,0.5
tPSh,2,2,4,0.5
tPSl,0,2,2,0.0
tPSm,1,0,1,1.0
tPSn,2,2,4,0.5
tPSs,0,1,1,0.0
tPSt,1,0,1,1.0
tPbB,0,1,1,0.0
tPbD,1,1,2,0.5
tPbH,1,0,1,1.0
tPbI,0,1,1,0.0
tPbJ,1,1,2,0.5
tPbL,1,1,2,0.5
tPbM,0,1,1,0.0
tPbN,2,2,4,0.5
tPbP,3,2,5,0.6
tPbS,2,2,4,0.5
tPbb,3,2,5,0.6
tPbl,0,0,0,
tPbm,1,1,2,0.5
tPbn,1,4,5,0.2
tPbs,0,2,2,0.0
tPhB,0,1,1,0.0
tPhM,1,0,1,1.0
tPhP,0,1,1,0.0
tPhh,0,1,1,0.0
tPhm,1,0,1,1.0
tPhs,0,0,0,
tPlB,3,1,4,0.75
tPlH,1,0,1,1.0
tPlL,1,1,2,0.5
tPlM,2,0,2,1.0
tPlP,3,2,5,0.6
tPlm,2,3,5,0.4
tPln,1,1,2,0.5
tPmB,1,4,5,0.2
tPmH,2,1,3,0.67
tPmJ,2,0,2,1.0
tPmL,0,1,1,0.0
tPmM,2,1,3,0.67
tPmN,5,0,5,1.0
tPmP,1,3,4,0.25
tPmS,0,2,2,0.0
tPmb,3,2,5,0.6
tPml,1,0,1,1.0
tPmm,1,1,2,0.5
tPmn,1,0,1,1.0
tPms,2,1,3,0.67
tPnB,1,0,1,1.0
tPnH,0,1,1,0.0
tPnI,1,0,1,1.0
tPnL,0,2,2,0.0
tPnM,0,3,3,0.0
tPnN,3,1,4,0.75
tPnP,5,1,6,0.83
tPnS,1,2,3,0.33
tPnb,0,0,0,
tPnl,0,0,0,
tPnm,3,1,4,0.75
tPnn,2,1,3,0.67
tPns,2,2,4,0.5
tPsB,3,3,6,0.5
tPsH,1,1,2,0.5
tPsI,2,0,2,1.0
tPsL,0,1,1,0.0
tPsM,3,3,6,0.5
tPsN,1,2,3,0.33
tPsP,1,4,5,0.2
tPsS,2,2,4,0.5
tPsb,2,0,2,1.0
tPsl,0,2,2,0.0
tPsm,1,1,2,0.5
tPsn,0,1,1,0.0
tPss,1,1,2,0.5
tPtD,1,0,1,1.0
tPtP,1,0,1,1.0
tPtb,0,1,1,0.0
tPtn,0,1,1,0.0
tPts,1,0,1,1.0
tSBB,1,1,2,0.5
tSBD,0,1,1,0.0
tSBK,0,1,1,0.0
tSBL,0,0,0,
tSBM,1,1,2,0.5
tSBN,1,1,2,0.5
tSBP,2,0,2,1.0
tSBS,0,2,2,0.0
tSBb,2,1,3,0.67
tSBj,0,1,1,0.0
tSBl,0,1,1,0.0
tSBm,2,1,3,0.67
tSBn,1,0,1,1.0
tSDb,1,0,1,1.0
tSDm,1,0,1,1.0
tSDs,1,0,1,1.0
tSHB,1,0,1,1.0
tSHH,0,0,0,
tSHM,3,1,4,0.75
tSHN,0,1,1,0.0
tSHP,0,0,0,
tSHS,0,0,0,
tSHh,1,0,1,1.0
tSHm,1,1,2,0.5
tSHn,0,1,1,0.0
tSIB,1,0,1,1.0
tSLB,0,1,1,0.0
tSLN,1,0,1,1.0
tSLS,0,1,1,0.0
tSLb,0,2,2,0.0
tSLl,0,0,0,
tSLn,0,1,1,0.0
tSLt,0,1,1,0.0
tSMB,1,0,1,1.0
tSML,0,1,1,0.0
tSMM,0,1,1,0.0
tSMN,1,1,2,0.5
tSMP,1,0,1,1.0
tSMS,0,0,0,
tSMj,1,0,1,1.0
tSMm,2,2,4,0.5
tSMn,1,1,2,0.5
tSMs,1,0,1,1.0
tSNB,1,0,1,1.0
tSNM,1,2,3,0.33
tSNP,2,1,3,0.67
tSNS,1,1,2,0.5
tSNh,1,0,1,1.0
tSNn,0,2,2,0.0
tSNs,1,1,2,0.5
tSNt,0,0,0,
tSPB,2,0,2,1.0
tSPH,0,0,0,
tSPL,1,0,1,1.0
tSPM,3,0,3,1.0
tSPN,5,2,7,0.71
tSPP,4,1,5,0.8
tSPS,1,1,2,0.5
tSPb,1,1,2,0.5
tSPn,1,1,2,0.5
tSPs,2,1,3,0.67
tSSB,2,1,3,0.67
tSSH,1,0,1,1.0
tSSI,0,1,1,0.0
tSSL,1,1,2,0.5
tSSM,0,0,0,
tSSN,1,2,3,0.33
tSSP,1,2,3,0.33
tSSS,4,2,6,0.67
tSSb,0,1,1,0.0
tSSh,2,2,4,0.5
tSSl,1,0,1,1.0
tSSm,2,1,3,0.67
tSSn,0,3,3,0.0
tSSs,0,2,2,0.0
tSbB,1,0,1,1.0
tSbI,1,0,1,1.0
tSbM,0,2,2,0.0
tSbN,1,1,2,0.5
tSbP,0,1,1,0.0
tSbb,3,2,5,0.6
tSbm,1,1,2,0.5
tSbs,1,1,2,0.5
tShB,0,0,0,
tShH,1,0,1,1.0
tShN,0,1,1,0.0
tShb,1,0,1,1.0
tShh,1,1,2,0.5
tShl,1,0,1,1.0
tShm,1,0,1,1.0
tShn,1,0,1,1.0
tShs,2,2,4,0.5
tSlH,1,0,1,1.0
tSlJ,0,1,1,0.0
tSlM,2,1,3,0.67
tSlN,0,1,1,0.0
tSlP,1,0,1,1.0
tSlS,1,0,1,1.0
tSlb,2,0,2,1.0
tSlm,1,0,1,1.0
tSls,1,1,2,0.5
tSmB,0,1,1,0.0
tSmH,0,1,1,0.0
tSmI,1,0,1,1.0
tSmL,1,1,2,0.5
tSmM,0,2,2,0.0
tSmN,3,1,4,0.75
tSmP,2,0,2,1.0
tSmS,3,0,3,1.0
tSmb,0,1,1,0.0
tSmm,1,1,2,0.5
tSmn,1,1,2,0.5
tSms,1,1,2,0.5
tSnL,0,1,1,0.0
tSnN,0,3,3,0.0
tSnP,1,0,1,1.0
tSnS,1,0,1,1.0
tSnl,1,1,2,0.5
tSnn,0,1,1,0.0
tSns,1,2,3,0.33
tSsH,1,0,1,1.0
tSsL,1,1,2,0.5
tSsM,3,2,5,0.6
tSsN,1,4,5,0.2
tSsP,1,1,2,0.5
tSsS,0,3,3,0.0
tSsb,2,1,3,0.67
tSsm,0,2,2,0.0
tSsn,1,0,1,1.0
tSss,2,1,3,0.67
tStS,1,0,1,1.0
tStb,0,2,2,0.0
tbBB,1,2,3,0.33
tbBL,0,3,3,0.0
tbBM,1,2,3,0.33
tbBN,2,2,4,0.5
tbBP,2,3,5,0.4
tbBS,0,0,0,
tbBb,1,0,1,1.0
tbBh,0,1,1,0.0
tbBj,1,1,2,0.5
tbBl,1,0,1,1.0
tbBm,4,1,5,0.8
tbBn,1,0,1,1.0
tbBs,1,1,2,0.5
tbBt,0,1,1,0.0
tbDM,1,0,1,1.0
tbDP,0,1,1,0.0
tbDl,1,0,1,1.0
tbHS,1,0,1,1.0
tbHh,0,0,0,
tbHn,1,0,1,1.0
tbHs,0,1,1,0.0
tbIP,0,1,1,0.0
tbJD,1,1,2,0.5
tbJM,1,0,1,1.0
tbJN,0,1,1,0.0
tbJP,1,0,1,1.0
tbJS,0,1,1,0.0
tbJl,1,0,1,1.0
tbJn,0,0,0,
tbJs,1,0,1,1.0
tbKP,3,0,3,1.0
tbKh,0,0,0,
tbLB,0,1,1,0.0
tbLK,0,0,0,
tbLM,1,0,1,1.0
tbLP,3,1,4,0.75
tbLS,0,0,0,
tbLb,1,2,3,0.33
tbLl,0,2,2,0.0
tbLn,3,0,3,1.0
tbMB,0,0,0,
tbML,1,0,1,1.0
tbMM,0,0,0,
tbMN,0,0,0,
tbMP,2,1,3,0.67
tbMS,0,5,5,0.0
tbMb,1,1,2,0.5
tbMh,1,0,1,1.0
tbMj,1,1,2,0.5
tbMl,0,0,0,
tbMm,1,0,1,1.0
tbMn,2,4,6,0.33
tbNB,5,0,5,1.0
tbNH,1,0,1,1.0
tbNM,3,1,4,0.75
tbNN,2,1,3,0.67
tbNP,1,5,6,0.17
tbNS,2,1,3,0.67
tbNb,1,2,3,0.33
tbNh,1,0,1,1.0
tbNl,2,1,3,0.67
tbNm,4,1,5,0.8
tbNn,4,1,5,0.8
tbNs,0,1,1,0.0
tbNt,0,0,0,
tbPB,2,0,2,1.0
tbPL,0,1,1,0.0
tbPM,1,3,4,0.25
tbPN,3,2,5,0.6
tbPP,4,3,7,0.57
tbPS,0,2,2,0.0
tbPb,3,1,4,0.75
tbPm,3,1,4,0.75
tbPn,0,1,1,0.0
tbPs,1,1,2,0.5
tbSB,1,1,2,0.5
tbSH,0,1,1,0.0
tbSM,0,3,3,0.0
tbSN,2,0,2,1.0
tbSP,0,0,0,
tbSS,1,0,1,1.0
tbSh,1,1,2,0.5
tbSl,0,1,1,0.0
tbSm,0,1,1,0.0
tbbB,2,2,4,0.5
tbbD,0,0,0,
tbbI,0,1,1,0.0
tbbL,0,2,2,0.0
tbbM,3,0,3,1.0
tbbN,2,1,3,0.67
tbbP,1,2,3,0.33
tbbb,2,2,4,0.5
tbbm,1,0,1,1.0
tbbn,1,0,1,1.0
tbbs,0,1,1,0.0
tblB,1,1,2,0.5
tblH,1,0,1,1.0
tblL,2,0,2,1.0
tblM,2,0,2,1.0
tblN,1,1,2,0.5
tblP,0,0,0,
tblS,1,1,2,0.5
tbll,1,0,1,1.0
tbln,0,1,1,0.0
tbmH,1,2,3,0.33
tbmJ,0,1,1,0.0
tbmM,4,0,4,1.0
tbmN,0,1,1,0.0
tbmP,1,3,4,0.25
tbmS,0,1,1,0.0
tbmb,2,2,4,0.5
tbml,1,0,1,1.0
tbmm,1,0,1,1.0
tbmn,3,0,3,1.0
tbms,0,1,1,0.0
tbnB,1,0,1,1.0
tbnH,2,0,2,1.0
tbnL,1,0,1,1.0
tbnM,1,2,3,0.33
tbnN,0,2,2,0.0
tbnP,0,3,3,0.0
tbnS,2,0,2,1.0
tbnb,2,0,2,1.0
tbnl,0,2,2,0.0
tbnm,3,2,5,0.6
tbnn,0,1,1,0.0
tbns,0,2,2,0.0
tbsB,0,1,1,0.0
tbsH,1,0,1,1.0
tbsI,2,0,2,1.0
tbsL,1,0,1,1.0
tbsN,1,0,1,1.0
tbsP,1,1,2,0.5
tbsS,0,1,1,0.0
tbsb,0,1,1,0.0
tbsh,0,1,1,0.0
tbsn,1,0,1,1.0
thPP,0,0,0,
thPS,1,0,1,1.0
thPn,1,0,1,1.0
thSn,0,1,1,0.0
thbm,0,1,1,0.0
thmS,0,0,0,
thnb,1,0,1,1.0
thsS,0,1,1,0.0
tlBP,1,1,2,0.5
tlBS,0,0,0,
tlBj,0,1,1,0.0
tlBl,1,0,1,1.0
tlBm,1,1,2,0.5
tlBn,0,2,2,0.0
tlDN,0,0,0,
tlDP,1,0,1,1.0
tlHB,1,0,1,1.0
tlHL,1,0,1,1.0
tlHS,1,0,1,1.0
tlHb,0,1,1,0.0
tlHh,2,0,2,1.0
tlHn,0,1,1,0.0
tlIH,1,0,1,1.0
tlIP,0,1,1,0.0
tlJD,0,0,0,
tlJN,1,0,1,1.0
tlJs,0,2,2,0.0
tlLL,1,0,1,1.0
tlLS,0,2,2,0.0
tlLs,2,0,2,1.0
tlLt,0,1,1,0.0
tlMB,1,0,1,1.0
tlMD,1,0,1,1.0
tlMP,0,0,0,
tlMh,1,0,1,1.0
tlMm,2,0,2,1.0
tlMn,2,0,2,1.0
tlMs,0,0,0,
tlMt,1,0,1,1.0
tlNB,1,0,1,1.0
tlNN,0,2,2,0.0
tlNP,1,0,1,1.0
tlNS,1,1,2,0.5
tlNm,1,1,2,0.5
tlNs,0,1,1,0.0
tlNt,0,0,0,
tlPB,0,1,1,0.0
tlPK,0,0,0,
tlPL,0,1,1,0.0
tlPM,0,3,3,0.0
tlPN,1,2,3,0.33
tlPP,0,1,1,0.0
tlPb,2,1,3,0.67
tlPl,0,2,2,0.0
tlPn,2,1,3,0.67
tlPs,0,1,1,0.0
tlPt,1,0,1,1.0
tlSB,1,1,2,0.5
tlSM,1,0,1,1.0
tlSN,1,0,1,1.0
tlSP,0,1,1,0.0
tlSb,0,1,1,0.0
tlSh,0,0,0,
tlSl,0,1,1,0.0
tlSs,1,0,1,1.0
tlbB,0,1,1,0.0
tlbL,0,0,0,
tlbM,1,0,1,1.0
tlbN,2,0,2,1.0
tlbP,2,0,2,1.0
tlbb,0,1,1,0.0
tlbm,0,1,1,0.0
tlbn,0,2,2,0.0
tlbs,1,0,1,1.0
tllI,0,0,0,
tllN,0,2,2,0.0
tllS,0,1,1,0.0
tllb,1,0,1,1.0
tlll,1,0,1,1.0
tllm,1,0,1,1.0
tlmH,0,1,1,0.0
tlmM,1,1,2,0.5
tlmn,1,0,1,1.0
tlnB,1,1,2,0.5
tlnP,0,1,1,0.0
tlnS,0,2,2,0.0
tlnb,1,0,1,1.0
tlnm,1,0,1,1.0
tlnn,1,0,1,1.0
tlns,1,0,1,1.0
tlsN,0,1,1,0.0
tlsP,1,0,1,1.0
tlsb,0,1,1,0.0
tmBB,1,0,1,1.0
tmBL,0,0,0,
tmBM,1,4,5,0.2
tmBN,0,1,1,0.0
tmBP,2,0,2,1.0
tmBS,2,0,2,1.0
tmBh,1,1,2,0.5
tmBj,0,1,1,0.0
tmBm,1,1,2,0.5
tmBn,2,0,2,1.0
tmBs,0,1,1,0.0
tmDD,0,1,1,0.0
tmDM,1,0,1,1.0
tmDS,0,1,1,0.0
tmDm,1,0,1,1.0
tmDs,0,1,1,0.0
tmHI,1,0,1,1.0
tmHL,0,1,1,0.0
tmHM,0,2,2,0.0
tmHN,0,2,2,0.0
tmHP,0,1,1,0.0
tmHS,1,0,1,1.0
tmHb,2,0,2,1.0
tmHh,0,1,1,0.0
tmHm,1,0,1,1.0
tmHn,0,3,3,0.0
tmIB,1,0,1,1.0
tmIb,0,1,1,0.0
tmJL,0,0,0,
tmJM,1,0,1,1.0
tmJS,1,0,1,1.0
tmJl,0,1,1,0.0
tmJn,1,0,1,1.0
tmJs,1,0,1,1.0
tmLL,1,0,1,1.0
tmLN,1,0,1,1.0
tmLP,2,0,2,1.0
tmLb,2,1,3,0.67
tmLh,0,1,1,0.0
tmLn,1,0,1,1.0
tmLs,2,0,2,1.0
tmMB,1,0,1,1.0
tmMK,0,0,0,
tmML,1,0,1,1.0
tmMN,1,1,2,0.5
tmMP,2,2,4,0.5
tmMS,0,0,0,
tmMb,2,4,6,0.33
tmMh,1,3,4,0.25
tmMj,1,3,4,0.25
tmMl,2,0,2,1.0
tmMm,2,0,2,1.0
tmMn,2,0,2,1.0
tmMs,1,0,1,1.0
tmMt,1,0,1,1.0
tmNB,0,2,2,0.0
tmNH,0,1,1,0.0
tmNM,2,3,5,0.4
tmNN,1,2,3,0.33
tmNP,1,0,1,1.0
tmNS,2,0,2,1.0
tmNb,2,1,3,0.67
tmNm,1,2,3,0.33
tmNn,1,2,3,0.33
tmNs,0,2,2,0.0
tmNt,2,0,2,1.0
tmPB,1,1,2,0.5
tmPI,0,1,1,0.0
tmPL,0,1,1,0.0
tmPN,2,1,3,0.67
tmPP,4,2,6,0.67
tmPS,1,1,2,0.5
tmPb,1,1,2,0.5
tmPl,0,0,0,
tmPm,0,2,2,0.0
tmPn,0,1,1,0.0
tmPs,1,1,2,0.5
tmSB,0,0,0,
tmSL,1,0,1,1.0
tmSM,1,1,2,0.5
tmSN,0,1,1,0.0
tmSP,2,1,3,0.67
tmSS,1,0,1,1.0
tmSb,1,1,2,0.5
tmSl,1,0,1,1.0
tmSm,1,0,1,1.0
tmSs,2,5,7,0.29
tmbB,0,1,1,0.0
tmbJ,0,1,1,0.0
tmbL,0,0,0,
tmbM,1,1,2,0.5
tmbN,0,0,0,
tmbP,1,5,6,0.17
tmbS,0,1,1,0.0
tmbl,0,1,1,0.0
tmbm,0,5,5,0.0
tmbn,1,0,1,1.0
tmbs,0,1,1,0.0
tmlH,2,0,2,1.0
tmlJ,0,1,1,0.0
tmlM,1,3,4,0.25
tmlN,0,3,3,0.0
tmlP,2,0,2,1.0
tmlb,1,0,1,1.0
tmls,1,0,1,1.0
tmmB,0,0,0,
tmmM,2,0,2,1.0
tmmN,1,0,1,1.0
tmmP,0,2,2,0.0
tmmb,0,2,2,0.0
tmmm,0,1,1,0.0
tmmn,2,0,2,1.0
tmnH,1,0,1,1.0
tmnL,0,1,1,0.0
tmnP,0,1,1,0.0
tmnS,0,2,2,0.0
tmnb,0,2,2,0.0
tmnn,0,1,1,0.0
tmsB,0,0,0,
tmsH,1,0,1,1.0
tmsN,0,1,1,0.0
tmsP,1,0,1,1.0
tmsb,0,0,0,
tmsm,2,0,2,1.0
tmsn,0,0,0,
tmss,1,0,1,1.0
tnBB,2,0,2,1.0
tnBM,0,1,1,0.0
tnBN,1,1,2,0.5
tnBP,1,3,4,0.25
tnBS,0,1,1,0.0
tnBb,2,1,3,0.67
tnBj,0,1,1,0.0
tnBn,0,0,0,
tnBs,0,1,1,0.0
tnDb,0,1,1,0.0
tnHM,3,2,5,0.6
tnHN,2,1,3,0.67
tnHP,0,1,1,0.0
tnHb,0,0,0,
tnHh,1,1,2,0.5
tnHl,0,1,1,0.0
tnHm,2,1,3,0.67
tnHn,1,0,1,1.0
tnHs,1,1,2,0.5
tnIB,0,1,1,0.0
tnIL,1,0,1,1.0
tnIP,0,2,2,0.0
tnIb,1,0,1,1.0
tnKP,0,2,2,0.0
tnKS,0,1,1,0.0
tnLS,1,0,1,1.0
tnLb,0,0,0,
tnLm,3,0,3,1.0
tnLn,1,0,1,1.0
tnLs,1,1,2,0.5
tnLt,0,1,1,0.0
tnMB,1,0,1,1.0
tnMM,0,1,1,0.0
tnMN,2,0,2,1.0
tnMP,0,1,1,0.0
tnMb,2,2,4,0.5
tnMh,0,1,1,0.0
tnMl,1,0,1,1.0
tnMn,2,1,3,0.67
tnMs,0,1,1,0.0
tnMt,1,0,1,1.0
tnNB,1,2,3,0.33
tnND,1,0,1,1.0
tnNI,1,0,1,1.0
tnNL,0,1,1,0.0
tnNM,2,1,3,0.67
tnNN,2,2,4,0.5
tnNP,4,0,4,1.0
tnNS,0,2,2,0.0
tnNb,4,2,6,0.67
tnNh,0,1,1,0.0
tnNl,1,1,2,0.5
tnNm,0,3,3,0.0
tnNn,0,2,2,0.0
tnNs,2,0,2,1.0
tnPB,3,2,5,0.6
tnPK,1,0,1,1.0
tnPL,1,1,2,0.5
tnPM,1,5,6,0.17
tnPN,2,2,4,0.5
tnPP,5,0,5,1.0
tnPS,0,1,1,0.0
tnPb,0,1,1,0.0
tnPh,0,1,1,0.0
tnPl,1,0,1,1.0
tnPm,1,1,2,0.5
tnPn,2,0,2,1.0
tnPs,1,1,2,0.5
tnSB,1,1,2,0.5
tnSD,0,1,1,0.0
tnSL,1,0,1,1.0
tnSM,1,2,3,0.33
tnSN,2,0,2,1.0
tnSP,1,1,2,0.5
tnSS,0,0,0,
tnSh,1,0,1,1.0
tnSl,1,0,1,1.0
tnSm,2,3,5,0.4
tnSn,1,2,3,0.33
tnSs,0,1,1,0.0
tnSt,1,0,1,1.0
tnbB,0,3,3,0.0
tnbD,0,1,1,0.0
tnbK,1,0,1,1.0
tnbN,0,3,3,0.0
tnbP,1,2,3,0.33
tnbS,1,2,3,0.33
tnbb,0,2,2,0.0
tnbl,0,0,0,
tnbm,0,0,0,
tnbn,1,0,1,1.0
tnbs,0,0,0,
tnhN,1,0,1,1.0
tnlB,2,0,2,1.0
tnlH,0,1,1,0.0
tnlI,1,0,1,1.0
tnlM,0,1,1,0.0
tnlN,0,2,2,0.0
tnlP,1,1,2,0.5
tnlb,0,1,1,0.0
tnlm,1,0,1,1.0
tnln,1,0,1,1.0
tnmB,1,1,2,0.5
tnmH,0,1,1,0.0
tnmM,0,1,1,0.0
tnmN,1,2,3,0.33
tnmP,1,2,3,0.33
tnmS,0,1,1,0.0
tnmb,3,1,4,0.75
tnmm,0,1,1,0.0
tnnB,1,1,2,0.5
tnnD,0,2,2,0.0
tnnH,1,0,1,1.0
tnnL,0,1,1,0.0
tnnM,0,1,1,0.0
tnnN,2,0,2,1.0
tnnP,2,3,5,0.4
tnnS,1,1,2,0.5
tnnb,1,1,2,0.5
tnnm,1,0,1,1.0
tnnn,5,1,6,0.83
tnns,3,0,3,1.0
tnsB,1,1,2,0.5
tnsH,1,1,2,0.5
tnsM,0,1,1,0.0
tnsP,0,3,3,0.0
tnsS,1,3,4,0.25
tnsb,1,0,1,1.0
tnsm,0,0,0,
tnss,0,2,2,0.0
tsBB,1,0,1,1.0
tsBD,1,0,1,1.0
tsBM,1,0,1,1.0
tsBN,0,0,0,
tsBP,2,3,5,0.4
tsBb,0,0,0,
tsBh,0,1,1,0.0
tsBj,1,0,1,1.0
tsBn,1,0,1,1.0
tsBs,2,1,3,0.67
tsDH,0,1,1,0.0
tsDS,0,1,1,0.0
tsDs,0,1,1,0.0
tsHB,0,1,1,0.0
tsHM,1,0,1,1.0
tsHN,0,1,1,0.0
tsHP,2,0,2,1.0
tsHS,2,0,2,1.0
tsHh,0,1,1,0.0
tsHl,0,1,1,0.0
tsHm,0,2,2,0.0
tsHn,1,0,1,1.0
tsHs,0,0,0,
tsIH,0,0,0,
tsIM,0,2,2,0.0
tsIs,0,1,1,0.0
tsLP,1,0,1,1.0
tsLS,0,1,1,0.0
tsLb,2,0,2,1.0
tsLl,0,0,0,
tsMB,0,2,2,0.0
tsML,1,1,2,0.5
tsMN,1,0,1,1.0
tsMP,0,1,1,0.0
tsMS,1,1,2,0.5
tsMb,1,0,1,1.0
tsMh,3,1,4,0.75
tsMl,0,0,0,
tsMm,0,0,0,
tsMn,1,0,1,1.0
tsMs,0,2,2,0.0
tsNH,1,0,1,1.0
tsNM,0,1,1,0.0
tsNN,0,1,1,0.0
tsNP,1,0,1,1.0
tsNS,2,1,3,0.67
tsNb,0,0,0,
tsNh,0,0,0,
tsNl,1,2,3,0.33
tsNn,2,1,3,0.67
tsNs,1,0,1,1.0
tsPK,0,1,1,0.0
tsPL,0,0,0,
tsPM,1,2,3,0.33
tsPN,3,2,5,0.6
tsPP,1,2,3,0.33
tsPS,1,0,1,1.0
tsPb,1,0,1,1.0
tsPl,1,0,1,1.0
tsPm,2,1,3,0.67
tsPn,0,1,1,0.0
tsPt,1,0,1,1.0
tsSB,1,1,2,0.5
tsSL,0,1,1,0.0
tsSM,0,3,3,0.0
tsSN,0,2,2,0.0
tsSP,1,0,1,1.0
tsSS,1,1,2,0.5
tsSb,2,2,4,0.5
tsSh,1,0,1,1.0
tsSl,0,1,1,0.0
tsSm,0,3,3,0.0
tsSn,0,2,2,0.0
tsSs,2,0,2,1.0
tsbB,1,1,2,0.5
tsbJ,1,0,1,1.0
tsbM,0,1,1,0.0
tsbN,0,1,1,0.0
tsbP,1,2,3,0.33
tsbl,1,0,1,1.0
tsbm,1,0,1,1.0
tsbn,0,2,2,0.0
tsbs,0,1,1,0.0
tsln,1,0,1,1.0
tsmB,2,0,2,1.0
tsmH,1,1,2,0.5
tsmM,0,1,1,0.0
tsmP,1,2,3,0.33
tsmS,1,4,5,0.2
tsmb,0,1,1,0.0
tsml,1,0,1,1.0
tsmm,0,2,2,0.0
tsmn,1,0,1,1.0
tsms,0,1,1,0.0
tsnH,1,0,1,1.0
tsnI,0,2,2,0.0
tsnP,1,0,1,1.0
tsnS,2,0,2,1.0
tsnb,1,1,2,0.5
tsnl,0,0,0,
tsnm,1,0,1,1.0
tsnn,0,1,1,0.0
tsns,1,0,1,1.0
tssH,1,0,1,1.0
tssL,2,0,2,1.0
tssM,0,2,2,0.0
tssN,0,1,1,0.0
tssP,0,1,1,0.0
tssS,4,1,5,0.8
tssb,1,1,2,0.5
tssh,0,0,0,
tssl,0,0,0,
tssm,0,1,1,0.0
tsss,0,1,1,0.0
ttBS,1,0,1,1.0
ttBb,1,0,1,1.0
ttBt,0,1,1,0.0
ttDD,1,0,1,1.0
ttDl,1,0,1,1.0
ttDm,0,0,0,
ttHD,1,0,1,1.0
ttHS,0,0,0,
ttHh,0,0,0,
ttLS,0,1,1,0.0
ttLh,1,0,1,1.0
ttMB,0,0,0,
ttMN,0,1,1,0.0
ttMP,0,0,0,
ttMh,0,0,0,
ttMn,0,1,1,0.0
ttNL,0,0,0,
ttNM,1,0,1,1.0
ttNN,2,0,2,1.0
ttNP,1,1,2,0.5
ttNS,0,1,1,0.0
ttNb,0,1,1,0.0
ttNm,0,1,1,0.0
ttNn,2,0,2,1.0
ttNs,1,0,1,1.0
ttPI,1,0,1,1.0
ttPP,2,0,2,1.0
ttSB,1,0,1,1.0
ttSM,0,0,0,
ttSS,0,1,1,0.0
ttSm,1,2,3,0.33
ttSs,2,0,2,1.0
ttbD,0,1,1,0.0
ttbN,1,0,1,1.0
ttbS,0,1,1,0.0
ttbb,0,1,1,0.0
ttbm,0,1,1,0.0
ttbn,1,0,1,1.0
ttlD,0,1,1,0.0
ttlP,0,0,0,
ttll,0,1,1,0.0
ttmB,0,1,1,0.0
ttmH,1,0,1,1.0
ttmN,1,0,1,1.0
ttmS,0,1,1,0.0
ttmb,1,1,2,0.5
ttms,0,0,0,
ttnB,0,2,2,0.0
ttnH,1,0,1,1.0
ttnM,1,1,2,0.5
ttnP,1,0,1,1.0
ttnn,0,2,2,0.0
ttsB,0,0,0,
ttsH,0,1,1,0.0
ttsM,0,0,0,
ttsn,0,1,1,0.0
ttss,0,1,1,0.0
