candlestick_code4,label_increase,label_decrease,occurrence,percentage
BBBB,65,94,159,0.41
BBBD,13,5,18,0.72
BBBH,1,5,6,0.17
BBBK,5,5,10,0.5
BBBL,12,16,28,0.43
BBBM,40,61,101,0.4
BBBN,62,71,133,0.47
BBBP,68,85,153,0.44
BBBS,23,22,45,0.51
BBBb,71,69,140,0.51
BBBh,5,6,11,0.45
BBBj,10,14,24,0.42
BBBl,17,27,44,0.39
BBBm,75,70,145,0.52
BBBn,83,109,192,0.43
BBBs,22,29,51,0.43
BBBt,9,10,19,0.47
BBDB,6,8,14,0.43
BBDD,2,2,4,0.5
BBDH,4,3,7,0.57
BBDI,2,0,2,1.0
BBDL,3,2,5,0.6
BBDM,9,14,23,0.39
BBDN,4,6,10,0.4
BBDP,4,3,7,0.57
BBDS,3,4,7,0.43
BBDb,6,3,9,0.67
BBDh,1,0,1,1.0
BBDl,1,1,2,0.5
BBDm,5,3,8,0.62
BBDn,4,5,9,0.44
BBDs,6,11,17,0.35
BBDt,0,2,2,0.0
BBHB,2,0,2,1.0
BBHD,2,0,2,1.0
BBHN,1,0,1,1.0
BBHP,2,1,3,0.67
BBHS,0,0,0,
BBHb,0,0,0,
BBHl,2,0,2,1.0
BBHm,0,0,0,
BBHs,1,2,3,0.33
BBIb,0,1,1,0.0
BBKB,3,6,9,0.33
BBKD,1,1,2,0.5
BBKH,2,2,4,0.5
BBKI,0,3,3,0.0
BBKL,1,1,2,0.5
BBKM,4,11,15,0.27
BBKN,0,6,6,0.0
BBKP,5,8,13,0.38
BBKS,1,4,5,0.2
BBKb,3,5,8,0.38
BBKh,4,6,10,0.4
BBKl,1,1,2,0.5
BBKm,10,2,12,0.83
BBKn,3,5,8,0.38
BBKs,1,2,3,0.33
BBKt,1,1,2,0.5
BBLB,15,19,34,0.44
BBLD,1,2,3,0.33
BBLH,0,1,1,0.0
BBLK,0,1,1,0.0
BBLL,0,4,4,0.0
BBLM,11,8,19,0.58
BBLN,11,14,25,0.44
BBLP,11,16,27,0.41
BBLS,6,4,10,0.6
BBLb,12,18,30,0.4
BBLh,4,7,11,0.36
BBLj,2,1,3,0.67
BBLl,5,5,10,0.5
BBLm,20,23,43,0.47
BBLn,11,13,24,0.46
BBLs,6,13,19,0.32
BBLt,1,1,2,0.5
BBMB,41,66,107,0.38
BBMD,2,1,3,0.67
BBMH,2,1,3,0.67
BBMK,0,1,1,0.0
BBML,4,11,15,0.27
BBMM,31,55,86,0.36
BBMN,33,53,86,0.38
BBMP,61,50,111,0.55
BBMS,20,19,39,0.51
BBMb,49,42,91,0.54
BBMh,26,35,61,0.43
BBMj,10,8,18,0.56
BBMl,7,27,34,0.21
BBMm,67,65,132,0.51
BBMn,58,70,128,0.45
BBMs,28,26,54,0.52
BBMt,7,6,13,0.54
BBNB,49,68,117,0.42
BBND,7,9,16,0.44
BBNH,8,10,18,0.44
BBNI,0,3,3,0.0
BBNK,3,8,11,0.27
BBNL,12,18,30,0.4
BBNM,40,60,100,0.4
BBNN,60,73,133,0.45
BBNP,58,95,153,0.38
BBNS,37,33,70,0.53
BBNb,54,49,103,0.52
BBNh,11,17,28,0.39
BBNl,16,20,36,0.44
BBNm,74,62,136,0.54
BBNn,76,87,163,0.47
BBNs,46,39,85,0.54
BBNt,6,10,16,0.38
BBPB,57,66,123,0.46
BBPD,3,3,6,0.5
BBPH,19,14,33,0.58
BBPI,9,10,19,0.47
BBPK,5,4,9,0.56
BBPL,15,17,32,0.47
BBPM,48,67,115,0.42
BBPN,59,81,140,0.42
BBPP,79,102,181,0.44
BBPS,31,51,82,0.38
BBPb,66,64,130,0.51
BBPh,4,6,10,0.4
BBPl,21,21,42,0.5
BBPm,91,64,155,0.59
BBPn,60,70,130,0.46
BBPs,31,49,80,0.39
BBPt,6,10,16,0.38
BBSB,14,30,44,0.32
BBSD,6,5,11,0.55
BBSH,7,12,19,0.37
BBSI,1,1,2,0.5
BBSK,0,1,1,0.0
BBSL,7,2,9,0.78
BBSM,14,30,44,0.32
BBSN,19,14,33,0.58
BBSP,29,31,60,0.48
BBSS,23,27,50,0.46
BBSb,16,8,24,0.67
BBSh,8,15,23,0.35
BBSl,11,7,18,0.61
BBSm,27,35,62,0.44
BBSn,18,34,52,0.35
BBSs,27,22,49,0.55
BBSt,4,4,8,0.5
BBbB,61,62,123,0.5
BBbD,5,3,8,0.62
BBbH,20,31,51,0.39
BBbI,10,6,16,0.62
BBbJ,20,16,36,0.56
BBbK,6,2,8,0.75
BBbL,11,15,26,0.42
BBbM,42,69,111,0.38
BBbN,76,99,175,0.43
BBbP,72,62,134,0.54
BBbS,32,31,63,0.51
BBbb,46,43,89,0.52
BBbl,26,13,39,0.67
BBbm,67,44,111,0.6
BBbn,59,82,141,0.42
BBbs,34,37,71,0.48
BBhB,1,8,9,0.11
BBhD,1,0,1,1.0
BBhH,1,2,3,0.33
BBhL,2,0,2,1.0
BBhM,6,2,8,0.75
BBhN,2,4,6,0.33
BBhP,3,8,11,0.27
BBhS,3,3,6,0.5
BBhb,3,5,8,0.38
BBhh,3,5,8,0.38
BBhl,1,1,2,0.5
BBhm,7,6,13,0.54
BBhn,5,7,12,0.42
BBhs,7,3,10,0.7
BBjB,15,11,26,0.58
BBjD,0,1,1,0.0
BBjH,3,6,9,0.33
BBjI,2,0,2,1.0
BBjK,0,1,1,0.0
BBjL,3,5,8,0.38
BBjM,5,15,20,0.25
BBjN,9,8,17,0.53
BBjP,18,15,33,0.55
BBjS,6,10,16,0.38
BBjb,17,10,27,0.63
BBjh,4,3,7,0.57
BBjl,3,5,8,0.38
BBjm,28,14,42,0.67
BBjn,10,13,23,0.43
BBjs,9,9,18,0.5
BBjt,2,1,3,0.67
BBlB,12,16,28,0.43
BBlD,3,2,5,0.6
BBlH,17,11,28,0.61
BBlI,1,1,2,0.5
BBlJ,4,4,8,0.5
BBlK,3,0,3,1.0
BBlL,4,3,7,0.57
BBlM,13,20,33,0.39
BBlN,15,17,32,0.47
BBlP,16,20,36,0.44
BBlS,11,14,25,0.44
BBlb,10,23,33,0.3
BBll,6,2,8,0.75
BBlm,21,14,35,0.6
BBln,17,10,27,0.63
BBls,11,10,21,0.52
BBmB,61,49,110,0.55
BBmD,14,14,28,0.5
BBmH,46,49,95,0.48
BBmI,5,8,13,0.38
BBmJ,15,12,27,0.56
BBmK,1,1,2,0.5
BBmL,13,19,32,0.41
BBmM,60,67,127,0.47
BBmN,74,72,146,0.51
BBmP,69,56,125,0.55
BBmS,38,45,83,0.46
BBmb,44,31,75,0.59
BBml,16,9,25,0.64
BBmm,57,64,121,0.47
BBmn,76,73,149,0.51
BBms,58,43,101,0.57
BBnB,62,56,118,0.53
BBnD,6,10,16,0.38
BBnH,44,39,83,0.53
BBnI,13,7,20,0.65
BBnK,3,7,10,0.3
BBnL,18,19,37,0.49
BBnM,56,67,123,0.46
BBnN,80,100,180,0.44
BBnP,81,89,170,0.48
BBnS,48,56,104,0.46
BBnb,63,56,119,0.53
BBnh,9,6,15,0.6
BBnl,23,18,41,0.56
BBnm,66,69,135,0.49
BBnn,89,82,171,0.52
BBns,52,65,117,0.44
BBnt,1,0,1,1.0
BBsB,17,21,38,0.45
BBsD,4,2,6,0.67
BBsH,27,29,56,0.48
BBsI,7,10,17,0.41
BBsK,0,1,1,0.0
BBsL,8,7,15,0.53
BBsM,27,24,51,0.53
BBsN,26,29,55,0.47
BBsP,28,30,58,0.48
BBsS,18,31,49,0.37
BBsb,13,20,33,0.39
BBsh,2,0,2,1.0
BBsl,8,5,13,0.62
BBsm,20,41,61,0.33
BBsn,18,20,38,0.47
BBss,17,23,40,0.42
BBst,1,3,4,0.25
BBtB,16,11,27,0.59
BBtD,2,0,2,1.0
BBtH,3,4,7,0.43
BBtI,0,1,1,0.0
BBtL,3,1,4,0.75
BBtM,9,9,18,0.5
BBtN,6,10,16,0.38
BBtP,10,9,19,0.53
BBtS,6,5,11,0.55
BBtb,8,8,16,0.5
BBtl,1,4,5,0.2
BBtm,16,14,30,0.53
BBtn,9,8,17,0.53
BBts,5,10,15,0.33
BBtt,2,4,6,0.33
BDBB,5,6,11,0.45
BDBD,4,0,4,1.0
BDBK,3,1,4,0.75
BDBL,0,2,2,0.0
BDBM,2,7,9,0.22
BDBN,3,4,7,0.43
BDBP,6,11,17,0.35
BDBS,1,4,5,0.2
BDBb,2,9,11,0.18
BDBh,1,2,3,0.33
BDBj,3,2,5,0.6
BDBl,1,0,1,1.0
BDBm,6,12,18,0.33
BDBn,5,7,12,0.42
BDBs,3,3,6,0.5
BDBt,0,1,1,0.0
BDDB,2,1,3,0.67
BDDD,0,1,1,0.0
BDDH,0,1,1,0.0
BDDI,0,0,0,
BDDL,0,1,1,0.0
BDDM,3,2,5,0.6
BDDN,0,2,2,0.0
BDDP,1,1,2,0.5
BDDS,0,4,4,0.0
BDDb,0,2,2,0.0
BDDm,3,0,3,1.0
BDDn,3,0,3,1.0
BDDs,0,3,3,0.0
BDDt,1,0,1,1.0
BDHB,6,4,10,0.6
BDHD,3,2,5,0.6
BDHH,1,4,5,0.2
BDHI,1,1,2,0.5
BDHL,1,1,2,0.5
BDHM,10,9,19,0.53
BDHN,8,4,12,0.67
BDHP,5,7,12,0.42
BDHS,6,6,12,0.5
BDHb,5,7,12,0.42
BDHh,5,9,14,0.36
BDHl,1,3,4,0.25
BDHm,12,3,15,0.8
BDHn,1,5,6,0.17
BDHs,6,7,13,0.46
BDHt,0,2,2,0.0
BDIB,1,1,2,0.5
BDIH,1,0,1,1.0
BDII,0,1,1,0.0
BDIK,0,1,1,0.0
BDIL,2,1,3,0.67
BDIM,2,1,3,0.67
BDIN,0,2,2,0.0
BDIS,1,0,1,1.0
BDIm,0,2,2,0.0
BDIn,2,1,3,0.67
BDIs,1,1,2,0.5
BDKM,1,0,1,1.0
BDKS,0,0,0,
BDKh,1,0,1,1.0
BDKm,0,1,1,0.0
BDLB,2,2,4,0.5
BDLD,1,0,1,1.0
BDLL,3,1,4,0.75
BDLM,0,3,3,0.0
BDLN,1,2,3,0.33
BDLP,2,5,7,0.29
BDLS,1,2,3,0.33
BDLb,3,5,8,0.38
BDLh,0,1,1,0.0
BDLj,1,0,1,1.0
BDLl,3,0,3,1.0
BDLm,2,2,4,0.5
BDLn,2,4,6,0.33
BDLs,1,1,2,0.5
BDMB,3,8,11,0.27
BDMD,2,1,3,0.67
BDMH,0,1,1,0.0
BDML,0,3,3,0.0
BDMM,7,10,17,0.41
BDMN,3,4,7,0.43
BDMP,9,10,19,0.47
BDMS,6,6,12,0.5
BDMb,5,7,12,0.42
BDMh,4,9,13,0.31
BDMj,2,0,2,1.0
BDMl,3,1,4,0.75
BDMm,13,11,24,0.54
BDMn,4,11,15,0.27
BDMs,8,7,15,0.53
BDMt,0,3,3,0.0
BDNB,6,6,12,0.5
BDND,2,1,3,0.67
BDNH,4,0,4,1.0
BDNI,0,1,1,0.0
BDNK,0,1,1,0.0
BDNL,1,0,1,1.0
BDNM,4,5,9,0.44
BDNN,6,6,12,0.5
BDNP,7,6,13,0.54
BDNS,4,11,15,0.27
BDNb,4,3,7,0.57
BDNh,3,0,3,1.0
BDNl,3,1,4,0.75
BDNm,11,4,15,0.73
BDNn,1,4,5,0.2
BDNs,6,3,9,0.67
BDNt,0,2,2,0.0
BDPB,7,9,16,0.44
BDPD,3,1,4,0.75
BDPH,1,4,5,0.2
BDPI,3,1,4,0.75
BDPK,0,3,3,0.0
BDPL,2,3,5,0.4
BDPM,4,6,10,0.4
BDPN,3,9,12,0.25
BDPP,9,6,15,0.6
BDPS,8,7,15,0.53
BDPb,8,4,12,0.67
BDPh,0,1,1,0.0
BDPl,6,1,7,0.86
BDPm,9,4,13,0.69
BDPn,9,3,12,0.75
BDPs,2,6,8,0.25
BDPt,1,0,1,1.0
BDSB,4,5,9,0.44
BDSD,0,0,0,
BDSH,3,3,6,0.5
BDSI,1,0,1,1.0
BDSK,0,0,0,
BDSL,3,3,6,0.5
BDSM,6,9,15,0.4
BDSN,5,6,11,0.45
BDSP,8,12,20,0.4
BDSS,8,9,17,0.47
BDSb,7,6,13,0.54
BDSh,4,1,5,0.8
BDSl,0,2,2,0.0
BDSm,10,4,14,0.71
BDSn,7,3,10,0.7
BDSs,9,7,16,0.56
BDSt,1,1,2,0.5
BDbB,10,5,15,0.67
BDbD,1,0,1,1.0
BDbH,0,0,0,
BDbI,1,0,1,1.0
BDbJ,2,0,2,1.0
BDbK,0,1,1,0.0
BDbL,2,2,4,0.5
BDbM,6,6,12,0.5
BDbN,3,9,12,0.25
BDbP,11,6,17,0.65
BDbS,4,3,7,0.57
BDbb,7,2,9,0.78
BDbl,2,1,3,0.67
BDbm,9,6,15,0.6
BDbn,6,6,12,0.5
BDbs,4,4,8,0.5
BDhB,1,1,2,0.5
BDhL,1,0,1,1.0
BDhN,2,0,2,1.0
BDhb,1,0,1,1.0
BDhh,1,0,1,1.0
BDhl,1,0,1,1.0
BDhm,1,0,1,1.0
BDlB,0,4,4,0.0
BDlH,0,3,3,0.0
BDlJ,1,0,1,1.0
BDlM,3,1,4,0.75
BDlN,2,3,5,0.4
BDlP,4,1,5,0.8
BDlS,3,1,4,0.75
BDlm,0,2,2,0.0
BDln,1,1,2,0.5
BDls,2,0,2,1.0
BDmB,8,5,13,0.62
BDmD,3,0,3,1.0
BDmH,8,7,15,0.53
BDmI,0,1,1,0.0
BDmJ,4,2,6,0.67
BDmL,2,1,3,0.67
BDmM,10,12,22,0.45
BDmN,2,10,12,0.17
BDmP,6,8,14,0.43
BDmS,7,5,12,0.58
BDmb,2,11,13,0.15
BDml,1,3,4,0.25
BDmm,12,7,19,0.63
BDmn,7,6,13,0.54
BDms,8,7,15,0.53
BDnB,4,3,7,0.57
BDnD,2,1,3,0.67
BDnH,3,10,13,0.23
BDnI,0,1,1,0.0
BDnL,3,2,5,0.6
BDnM,4,8,12,0.33
BDnN,4,6,10,0.4
BDnP,9,10,19,0.47
BDnS,0,6,6,0.0
BDnb,7,8,15,0.47
BDnl,0,4,4,0.0
BDnm,13,4,17,0.76
BDnn,7,1,8,0.88
BDns,2,6,8,0.25
BDsB,4,5,9,0.44
BDsD,1,2,3,0.33
BDsH,2,9,11,0.18
BDsI,3,2,5,0.6
BDsL,1,2,3,0.33
BDsM,3,9,12,0.25
BDsN,4,8,12,0.33
BDsP,3,6,9,0.33
BDsS,8,4,12,0.67
BDsb,7,3,10,0.7
BDsh,1,2,3,0.33
BDsl,1,3,4,0.25
BDsm,2,9,11,0.18
BDsn,5,5,10,0.5
BDss,2,5,7,0.29
BDtB,0,1,1,0.0
BDtH,0,1,1,0.0
BDtI,1,0,1,1.0
BDtN,2,0,2,1.0
BDtP,0,1,1,0.0
BDtS,2,0,2,1.0
BDtb,1,1,2,0.5
BDtm,0,2,2,0.0
BDtn,1,0,1,1.0
BDts,1,0,1,1.0
BHBB,1,0,1,1.0
BHBM,1,1,2,0.5
BHBN,0,1,1,0.0
BHBP,0,0,0,
BHBS,1,1,2,0.5
BHBb,1,1,2,0.5
BHBj,1,0,1,1.0
BHBm,1,0,1,1.0
BHBn,1,0,1,1.0
BHDM,0,1,1,0.0
BHDN,0,1,1,0.0
BHDP,1,0,1,1.0
BHDS,0,1,1,0.0
BHHs,1,0,1,1.0
BHIM,0,1,1,0.0
BHIN,2,0,2,1.0
BHIP,1,0,1,1.0
BHIS,0,1,1,0.0
BHKB,0,1,1,0.0
BHKn,0,0,0,
BHLM,0,1,1,0.0
BHLb,1,1,2,0.5
BHLm,1,0,1,1.0
BHLn,0,1,1,0.0
BHMB,0,1,1,0.0
BHMM,2,2,4,0.5
BHMN,1,0,1,1.0
BHMP,0,2,2,0.0
BHMS,1,0,1,1.0
BHMb,1,1,2,0.5
BHMn,1,2,3,0.33
BHMs,0,1,1,0.0
BHMt,1,1,2,0.5
BHNB,2,0,2,1.0
BHNM,0,1,1,0.0
BHNN,0,1,1,0.0
BHNP,2,1,3,0.67
BHNS,1,0,1,1.0
BHNb,1,1,2,0.5
BHNl,0,0,0,
BHNn,2,0,2,1.0
BHNs,0,1,1,0.0
BHPB,3,0,3,1.0
BHPL,0,1,1,0.0
BHPM,0,0,0,
BHPN,2,2,4,0.5
BHPP,2,0,2,1.0
BHPS,0,1,1,0.0
BHPb,0,1,1,0.0
BHPl,1,0,1,1.0
BHPm,0,1,1,0.0
BHPs,2,1,3,0.67
BHSB,1,0,1,1.0
BHSH,0,1,1,0.0
BHSM,0,1,1,0.0
BHSP,1,0,1,1.0
BHSS,0,0,0,
BHSb,0,1,1,0.0
BHSm,0,1,1,0.0
BHSs,3,0,3,1.0
BHbB,0,1,1,0.0
BHbL,1,0,1,1.0
BHbM,1,1,2,0.5
BHbP,2,1,3,0.67
BHbS,0,1,1,0.0
BHbb,2,0,2,1.0
BHbl,0,0,0,
BHbm,0,2,2,0.0
BHbn,0,1,1,0.0
BHhM,0,0,0,
BHhN,1,0,1,1.0
BHhs,1,0,1,1.0
BHlJ,1,0,1,1.0
BHlM,1,0,1,1.0
BHlN,1,0,1,1.0
BHls,1,0,1,1.0
BHmB,0,1,1,0.0
BHmD,0,1,1,0.0
BHmH,0,2,2,0.0
BHmL,0,1,1,0.0
BHmM,1,0,1,1.0
BHmN,0,3,3,0.0
BHmP,1,0,1,1.0
BHmS,1,1,2,0.5
BHmb,1,0,1,1.0
BHmm,1,0,1,1.0
BHmn,1,1,2,0.5
BHnB,0,1,1,0.0
BHnI,1,1,2,0.5
BHnL,0,1,1,0.0
BHnM,1,0,1,1.0
BHnN,0,2,2,0.0
BHnP,1,1,2,0.5
BHnS,0,1,1,0.0
BHnb,1,1,2,0.5
BHns,0,1,1,0.0
BHsB,1,0,1,1.0
BHsH,1,1,2,0.5
BHsM,2,1,3,0.67
BHsN,1,0,1,1.0
BHsP,0,1,1,0.0
BHsS,1,0,1,1.0
BHsh,1,0,1,1.0
BHsm,3,0,3,1.0
BHss,0,0,0,
BIBK,1,0,1,1.0
BIBP,1,0,1,1.0
BIBS,1,0,1,1.0
BIBm,1,0,1,1.0
BIDB,0,1,1,0.0
BIDL,1,0,1,1.0
BIHS,0,0,0,
BIHm,0,1,1,0.0
BIMH,0,1,1,0.0
BIMM,0,2,2,0.0
BIMN,0,1,1,0.0
BIMb,1,0,1,1.0
BIMm,1,0,1,1.0
BIMs,1,0,1,1.0
BINP,0,1,1,0.0
BINS,0,0,0,
BINm,0,2,2,0.0
BIPD,0,1,1,0.0
BIPH,0,1,1,0.0
BISH,0,0,0,
BISP,0,1,1,0.0
BISS,0,1,1,0.0
BISs,0,0,0,
BIbK,1,0,1,1.0
BIbM,0,1,1,0.0
BIbN,1,0,1,1.0
BIbP,1,0,1,1.0
BIbb,1,0,1,1.0
BIbl,0,1,1,0.0
BIbs,0,1,1,0.0
BIhL,0,1,1,0.0
BIlM,1,0,1,1.0
BImK,0,1,1,0.0
BImS,1,0,1,1.0
BInI,1,0,1,1.0
BIsH,0,0,0,
BIsS,0,2,2,0.0
BIsm,1,0,1,1.0
BKBB,10,3,13,0.77
BKBD,2,2,4,0.5
BKBI,0,1,1,0.0
BKBK,1,2,3,0.33
BKBL,2,1,3,0.67
BKBM,6,3,9,0.67
BKBN,4,3,7,0.57
BKBP,7,8,15,0.47
BKBS,5,2,7,0.71
BKBb,5,3,8,0.62
BKBh,1,1,2,0.5
BKBj,0,1,1,0.0
BKBl,1,2,3,0.33
BKBm,6,6,12,0.5
BKBn,7,7,14,0.5
BKBs,2,3,5,0.4
BKDB,1,1,2,0.5
BKDH,0,0,0,
BKDL,0,1,1,0.0
BKDM,0,1,1,0.0
BKDN,1,0,1,1.0
BKDP,0,2,2,0.0
BKDb,1,1,2,0.5
BKDl,1,1,2,0.5
BKDm,0,1,1,0.0
BKDn,1,0,1,1.0
BKDs,0,3,3,0.0
BKDt,0,1,1,0.0
BKHB,1,0,1,1.0
BKHK,1,0,1,1.0
BKHM,0,1,1,0.0
BKHN,1,1,2,0.5
BKHP,1,3,4,0.25
BKHS,2,0,2,1.0
BKHh,0,1,1,0.0
BKHm,1,0,1,1.0
BKHn,1,2,3,0.33
BKHs,1,0,1,1.0
BKIB,0,1,1,0.0
BKIH,1,1,2,0.5
BKIM,1,1,2,0.5
BKIN,0,1,1,0.0
BKIP,0,3,3,0.0
BKIS,0,0,0,
BKIb,2,0,2,1.0
BKIl,1,0,1,1.0
BKIm,3,0,3,1.0
BKIn,0,4,4,0.0
BKIs,0,1,1,0.0
BKKM,0,1,1,0.0
BKKS,1,0,1,1.0
BKKs,0,3,3,0.0
BKLB,1,2,3,0.33
BKLL,1,3,4,0.25
BKLM,1,3,4,0.25
BKLN,0,2,2,0.0
BKLP,0,2,2,0.0
BKLb,1,1,2,0.5
BKLh,0,0,0,
BKLj,0,0,0,
BKLl,0,0,0,
BKLm,1,2,3,0.33
BKLn,4,2,6,0.67
BKLs,2,0,2,1.0
BKLt,1,0,1,1.0
BKMB,5,9,14,0.36
BKMD,2,0,2,1.0
BKMH,1,0,1,1.0
BKMI,1,0,1,1.0
BKMK,1,0,1,1.0
BKMM,8,6,14,0.57
BKMN,5,6,11,0.45
BKMP,6,7,13,0.46
BKMS,4,2,6,0.67
BKMb,2,8,10,0.2
BKMh,7,10,17,0.41
BKMj,1,2,3,0.33
BKMl,1,3,4,0.25
BKMm,10,8,18,0.56
BKMn,4,9,13,0.31
BKMs,5,6,11,0.45
BKMt,2,1,3,0.67
BKNB,3,3,6,0.5
BKND,1,0,1,1.0
BKNI,1,0,1,1.0
BKNK,0,0,0,
BKNL,0,2,2,0.0
BKNM,2,5,7,0.29
BKNN,3,3,6,0.5
BKNP,3,9,12,0.25
BKNS,4,7,11,0.36
BKNb,0,1,1,0.0
BKNh,2,1,3,0.67
BKNl,0,2,2,0.0
BKNm,9,8,17,0.53
BKNn,8,8,16,0.5
BKNs,3,5,8,0.38
BKPB,9,6,15,0.6
BKPD,0,1,1,0.0
BKPH,0,6,6,0.0
BKPI,2,1,3,0.67
BKPK,2,1,3,0.67
BKPL,3,0,3,1.0
BKPM,3,7,10,0.3
BKPN,1,6,7,0.14
BKPP,9,9,18,0.5
BKPS,6,7,13,0.46
BKPb,4,5,9,0.44
BKPh,0,1,1,0.0
BKPl,2,3,5,0.4
BKPm,14,5,19,0.74
BKPn,7,6,13,0.54
BKPs,1,6,7,0.14
BKPt,0,2,2,0.0
BKSB,4,4,8,0.5
BKSD,1,1,2,0.5
BKSH,1,1,2,0.5
BKSK,2,0,2,1.0
BKSL,1,2,3,0.33
BKSM,6,3,9,0.67
BKSN,4,3,7,0.57
BKSP,4,9,13,0.31
BKSS,5,1,6,0.83
BKSb,5,3,8,0.62
BKSh,3,2,5,0.6
BKSl,1,0,1,1.0
BKSm,4,3,7,0.57
BKSn,7,7,14,0.5
BKSs,3,3,6,0.5
BKSt,0,0,0,
BKbB,3,3,6,0.5
BKbD,0,0,0,
BKbH,1,2,3,0.33
BKbI,0,1,1,0.0
BKbJ,1,0,1,1.0
BKbL,0,1,1,0.0
BKbM,2,3,5,0.4
BKbN,4,4,8,0.5
BKbP,4,3,7,0.57
BKbS,8,5,13,0.62
BKbb,3,4,7,0.43
BKbl,3,0,3,1.0
BKbm,5,4,9,0.56
BKbn,3,3,6,0.5
BKbs,0,4,4,0.0
BKhB,3,7,10,0.3
BKhD,0,2,2,0.0
BKhI,1,2,3,0.33
BKhL,0,2,2,0.0
BKhM,7,5,12,0.58
BKhN,1,2,3,0.33
BKhP,6,3,9,0.67
BKhS,6,3,9,0.67
BKhb,3,6,9,0.33
BKhh,3,3,6,0.5
BKhl,2,1,3,0.67
BKhm,8,6,14,0.57
BKhn,4,7,11,0.36
BKhs,3,5,8,0.38
BKht,1,0,1,1.0
BKlB,2,0,2,1.0
BKlD,2,1,3,0.67
BKlH,0,1,1,0.0
BKlL,2,0,2,1.0
BKlM,1,3,4,0.25
BKlN,1,2,3,0.33
BKlP,1,2,3,0.33
BKlS,1,4,5,0.2
BKll,1,2,3,0.33
BKlm,1,0,1,1.0
BKln,1,0,1,1.0
BKls,1,1,2,0.5
BKmB,4,4,8,0.5
BKmD,2,3,5,0.4
BKmH,6,1,7,0.86
BKmI,2,0,2,1.0
BKmJ,4,0,4,1.0
BKmL,1,3,4,0.25
BKmM,7,14,21,0.33
BKmN,8,4,12,0.67
BKmP,8,6,14,0.57
BKmS,10,7,17,0.59
BKmb,6,9,15,0.4
BKmh,0,1,1,0.0
BKml,2,4,6,0.33
BKmm,6,4,10,0.6
BKmn,6,3,9,0.67
BKms,3,9,12,0.25
BKnB,3,3,6,0.5
BKnD,0,1,1,0.0
BKnH,3,5,8,0.38
BKnI,1,1,2,0.5
BKnK,0,3,3,0.0
BKnL,2,0,2,1.0
BKnM,6,6,12,0.5
BKnN,6,8,14,0.43
BKnP,7,7,14,0.5
BKnS,4,7,11,0.36
BKnb,2,3,5,0.4
BKnh,0,1,1,0.0
BKnl,1,1,2,0.5
BKnm,4,2,6,0.67
BKnn,0,1,1,0.0
BKns,4,7,11,0.36
BKnt,1,0,1,1.0
BKsB,1,4,5,0.2
BKsD,0,2,2,0.0
BKsH,5,10,15,0.33
BKsI,0,2,2,0.0
BKsL,1,1,2,0.5
BKsM,5,6,11,0.45
BKsN,6,8,14,0.43
BKsP,3,4,7,0.43
BKsS,4,2,6,0.67
BKsb,1,2,3,0.33
BKsl,1,1,2,0.5
BKsm,7,4,11,0.64
BKsn,4,6,10,0.4
BKss,5,5,10,0.5
BKtB,0,1,1,0.0
BKtH,1,2,3,0.33
BKtL,0,1,1,0.0
BKtM,2,2,4,0.5
BKtN,1,1,2,0.5
BKtP,2,1,3,0.67
BKtS,2,3,5,0.4
BKtb,1,0,1,1.0
BKtl,0,0,0,
BKtm,1,0,1,1.0
BKts,1,0,1,1.0
BLBB,17,17,34,0.5
BLBD,4,1,5,0.8
BLBK,1,1,2,0.5
BLBL,3,9,12,0.25
BLBM,12,13,25,0.48
BLBN,13,22,35,0.37
BLBP,16,22,38,0.42
BLBS,4,1,5,0.8
BLBb,11,24,35,0.31
BLBh,1,1,2,0.5
BLBj,3,4,7,0.43
BLBl,8,5,13,0.62
BLBm,20,17,37,0.54
BLBn,23,31,54,0.43
BLBs,3,6,9,0.33
BLBt,3,2,5,0.6
BLDB,0,1,1,0.0
BLDH,0,1,1,0.0
BLDL,0,0,0,
BLDM,1,1,2,0.5
BLDN,2,0,2,1.0
BLDP,2,2,4,0.5
BLDS,1,0,1,1.0
BLDb,2,0,2,1.0
BLDh,0,1,1,0.0
BLDl,1,0,1,1.0
BLDm,4,1,5,0.8
BLDn,0,2,2,0.0
BLHS,1,0,1,1.0
BLHb,1,0,1,1.0
BLHm,1,0,1,1.0
BLHn,1,0,1,1.0
BLKB,0,1,1,0.0
BLKD,1,0,1,1.0
BLKH,0,0,0,
BLKM,2,1,3,0.67
BLKP,1,2,3,0.33
BLKS,0,3,3,0.0
BLKb,1,0,1,1.0
BLKh,1,1,2,0.5
BLKl,1,0,1,1.0
BLKm,2,1,3,0.67
BLKn,0,1,1,0.0
BLLB,5,2,7,0.71
BLLL,1,3,4,0.25
BLLM,2,1,3,0.67
BLLN,3,2,5,0.6
BLLP,6,5,11,0.55
BLLS,3,1,4,0.75
BLLb,5,7,12,0.42
BLLh,2,0,2,1.0
BLLj,2,0,2,1.0
BLLl,3,2,5,0.6
BLLm,7,5,12,0.58
BLLn,3,5,8,0.38
BLLs,0,0,0,
BLLt,1,2,3,0.33
BLMB,14,12,26,0.54
BLMD,0,2,2,0.0
BLMH,0,1,1,0.0
BLML,1,3,4,0.25
BLMM,11,14,25,0.44
BLMN,10,12,22,0.45
BLMP,15,16,31,0.48
BLMS,1,4,5,0.2
BLMb,7,15,22,0.32
BLMh,8,6,14,0.57
BLMj,1,2,3,0.33
BLMl,6,6,12,0.5
BLMm,12,10,22,0.55
BLMn,13,11,24,0.54
BLMs,4,6,10,0.4
BLMt,2,1,3,0.67
BLNB,14,13,27,0.52
BLND,0,1,1,0.0
BLNH,1,4,5,0.2
BLNL,5,4,9,0.56
BLNM,12,11,23,0.52
BLNN,21,21,42,0.5
BLNP,14,18,32,0.44
BLNS,5,9,14,0.36
BLNb,14,10,24,0.58
BLNh,4,5,9,0.44
BLNl,6,6,12,0.5
BLNm,18,17,35,0.51
BLNn,19,10,29,0.66
BLNs,9,9,18,0.5
BLNt,0,1,1,0.0
BLPB,12,14,26,0.46
BLPD,1,4,5,0.2
BLPH,1,4,5,0.2
BLPI,2,4,6,0.33
BLPK,2,1,3,0.67
BLPL,5,9,14,0.36
BLPM,11,12,23,0.48
BLPN,20,11,31,0.65
BLPP,18,37,55,0.33
BLPS,9,10,19,0.47
BLPb,15,15,30,0.5
BLPh,0,0,0,
BLPl,3,5,8,0.38
BLPm,16,15,31,0.52
BLPn,11,13,24,0.46
BLPs,12,7,19,0.63
BLPt,1,1,2,0.5
BLSB,11,7,18,0.61
BLSD,0,1,1,0.0
BLSH,3,5,8,0.38
BLSL,2,5,7,0.29
BLSM,4,10,14,0.29
BLSN,6,6,12,0.5
BLSP,5,10,15,0.33
BLSS,9,5,14,0.64
BLSb,5,4,9,0.56
BLSh,2,5,7,0.29
BLSl,0,1,1,0.0
BLSm,8,13,21,0.38
BLSn,5,6,11,0.45
BLSs,8,5,13,0.62
BLSt,0,1,1,0.0
BLbB,12,8,20,0.6
BLbD,3,1,4,0.75
BLbH,5,2,7,0.71
BLbI,2,1,3,0.67
BLbJ,7,4,11,0.64
BLbK,1,1,2,0.5
BLbL,4,3,7,0.57
BLbM,14,10,24,0.58
BLbN,26,16,42,0.62
BLbP,17,7,24,0.71
BLbS,7,7,14,0.5
BLbb,11,7,18,0.61
BLbl,3,5,8,0.38
BLbm,17,19,36,0.47
BLbn,16,14,30,0.53
BLbs,8,10,18,0.44
BLhB,4,6,10,0.4
BLhD,1,1,2,0.5
BLhH,0,2,2,0.0
BLhI,1,0,1,1.0
BLhK,0,0,0,
BLhL,1,2,3,0.33
BLhM,10,4,14,0.71
BLhN,6,4,10,0.6
BLhP,12,7,19,0.63
BLhS,9,3,12,0.75
BLhb,3,3,6,0.5
BLhh,2,4,6,0.33
BLhl,2,2,4,0.5
BLhm,5,4,9,0.56
BLhn,3,1,4,0.75
BLhs,6,7,13,0.46
BLjB,4,2,6,0.67
BLjH,1,2,3,0.33
BLjK,1,0,1,1.0
BLjL,0,1,1,0.0
BLjM,2,5,7,0.29
BLjN,4,3,7,0.57
BLjP,3,0,3,1.0
BLjS,1,2,3,0.33
BLjb,3,1,4,0.75
BLjl,1,2,3,0.33
BLjm,5,6,11,0.45
BLjn,3,5,8,0.38
BLjs,3,2,5,0.6
BLlB,4,5,9,0.44
BLlH,3,1,4,0.75
BLlI,0,1,1,0.0
BLlL,0,6,6,0.0
BLlM,5,8,13,0.38
BLlN,6,6,12,0.5
BLlP,7,3,10,0.7
BLlS,6,4,10,0.6
BLlb,6,3,9,0.67
BLlh,0,0,0,
BLll,0,2,2,0.0
BLlm,6,2,8,0.75
BLln,6,5,11,0.55
BLls,1,2,3,0.33
BLmB,12,13,25,0.48
BLmD,4,0,4,1.0
BLmH,8,9,17,0.47
BLmI,0,1,1,0.0
BLmJ,4,3,7,0.57
BLmL,6,8,14,0.43
BLmM,22,16,38,0.58
BLmN,24,18,42,0.57
BLmP,17,21,38,0.45
BLmS,9,16,25,0.36
BLmb,15,14,29,0.52
BLml,5,6,11,0.45
BLmm,21,16,37,0.57
BLmn,18,16,34,0.53
BLms,11,15,26,0.42
BLnB,17,13,30,0.57
BLnD,2,2,4,0.5
BLnH,3,15,18,0.17
BLnI,3,0,3,1.0
BLnK,3,2,5,0.6
BLnL,6,6,12,0.5
BLnM,10,19,29,0.34
BLnN,27,19,46,0.59
BLnP,20,26,46,0.43
BLnS,10,6,16,0.62
BLnb,19,15,34,0.56
BLnh,3,2,5,0.6
BLnl,4,8,12,0.33
BLnm,21,17,38,0.55
BLnn,18,18,36,0.5
BLns,11,18,29,0.38
BLnt,0,1,1,0.0
BLsB,6,7,13,0.46
BLsD,1,6,7,0.14
BLsH,9,3,12,0.75
BLsI,1,2,3,0.33
BLsL,3,1,4,0.75
BLsM,5,5,10,0.5
BLsN,7,7,14,0.5
BLsP,11,12,23,0.48
BLsS,8,7,15,0.53
BLsb,7,9,16,0.44
BLsh,1,2,3,0.33
BLsl,2,4,6,0.33
BLsm,10,12,22,0.45
BLsn,8,7,15,0.53
BLss,6,8,14,0.43
BLtB,1,4,5,0.2
BLtH,0,2,2,0.0
BLtL,1,1,2,0.5
BLtM,1,3,4,0.25
BLtN,2,0,2,1.0
BLtP,2,2,4,0.5
BLtS,2,1,3,0.67
BLtb,4,0,4,1.0
BLtl,2,0,2,1.0
BLtm,0,2,2,0.0
BLtn,0,3,3,0.0
BLts,0,0,0,
BLtt,0,0,0,
BMBB,47,73,120,0.39
BMBD,6,6,12,0.5
BMBH,0,1,1,0.0
BMBI,0,0,0,
BMBK,4,4,8,0.5
BMBL,4,13,17,0.24
BMBM,45,44,89,0.51
BMBN,51,70,121,0.42
BMBP,44,62,106,0.42
BMBS,20,23,43,0.47
BMBb,68,78,146,0.47
BMBh,3,4,7,0.43
BMBj,17,10,27,0.63
BMBl,14,16,30,0.47
BMBm,67,54,121,0.55
BMBn,72,88,160,0.45
BMBs,17,18,35,0.49
BMBt,10,12,22,0.45
BMDB,2,2,4,0.5
BMDD,1,3,4,0.25
BMDH,5,6,11,0.45
BMDI,0,0,0,
BMDL,3,2,5,0.6
BMDM,3,6,9,0.33
BMDN,0,14,14,0.0
BMDP,5,8,13,0.38
BMDS,3,4,7,0.43
BMDb,6,7,13,0.46
BMDl,2,5,7,0.29
BMDm,7,9,16,0.44
BMDn,5,0,5,1.0
BMDs,5,6,11,0.45
BMDt,3,0,3,1.0
BMHH,0,0,0,
BMHM,2,1,3,0.67
BMHN,0,1,1,0.0
BMHP,2,1,3,0.67
BMHS,0,1,1,0.0
BMHb,0,2,2,0.0
BMHh,0,1,1,0.0
BMHm,4,1,5,0.8
BMHn,0,1,1,0.0
BMHs,2,1,3,0.67
BMIH,0,0,0,
BMIm,1,0,1,1.0
BMKB,1,0,1,1.0
BMKM,0,0,0,
BMKN,2,1,3,0.67
BMKP,1,2,3,0.33
BMKS,0,2,2,0.0
BMKb,0,1,1,0.0
BMKh,0,1,1,0.0
BMKm,2,1,3,0.67
BMKn,1,1,2,0.5
BMKs,1,1,2,0.5
BMKt,1,0,1,1.0
BMLB,13,13,26,0.5
BMLD,0,2,2,0.0
BMLH,0,1,1,0.0
BMLI,1,0,1,1.0
BMLK,1,1,2,0.5
BMLL,1,2,3,0.33
BMLM,5,3,8,0.62
BMLN,11,4,15,0.73
BMLP,13,14,27,0.48
BMLS,1,2,3,0.33
BMLb,7,11,18,0.39
BMLh,6,2,8,0.75
BMLl,2,4,6,0.33
BMLm,14,11,25,0.56
BMLn,13,9,22,0.59
BMLs,6,5,11,0.55
BMLt,2,0,2,1.0
BMMB,48,64,112,0.43
BMMD,12,4,16,0.75
BMMH,1,1,2,0.5
BMMI,2,2,4,0.5
BMML,3,9,12,0.25
BMMM,42,44,86,0.49
BMMN,40,42,82,0.49
BMMP,55,60,115,0.48
BMMS,18,24,42,0.43
BMMb,50,41,91,0.55
BMMh,24,34,58,0.41
BMMj,5,3,8,0.62
BMMl,11,14,25,0.44
BMMm,57,59,116,0.49
BMMn,54,73,127,0.43
BMMs,24,27,51,0.47
BMMt,3,9,12,0.25
BMNB,43,51,94,0.46
BMND,11,3,14,0.79
BMNH,10,17,27,0.37
BMNI,1,2,3,0.33
BMNK,3,4,7,0.43
BMNL,9,17,26,0.35
BMNM,20,56,76,0.26
BMNN,48,59,107,0.45
BMNP,58,61,119,0.49
BMNS,24,35,59,0.41
BMNb,44,44,88,0.5
BMNh,9,9,18,0.5
BMNl,13,13,26,0.5
BMNm,47,56,103,0.46
BMNn,65,82,147,0.44
BMNs,24,26,50,0.48
BMNt,7,9,16,0.44
BMPB,49,61,110,0.45
BMPD,10,2,12,0.83
BMPH,12,17,29,0.41
BMPI,4,7,11,0.36
BMPK,3,6,9,0.33
BMPL,12,21,33,0.36
BMPM,49,49,98,0.5
BMPN,55,72,127,0.43
BMPP,76,64,140,0.54
BMPS,33,36,69,0.48
BMPb,45,40,85,0.53
BMPh,6,6,12,0.5
BMPl,14,15,29,0.48
BMPm,61,57,118,0.52
BMPn,49,69,118,0.42
BMPs,39,41,80,0.49
BMPt,5,3,8,0.62
BMSB,16,23,39,0.41
BMSD,5,2,7,0.71
BMSH,9,11,20,0.45
BMSI,3,2,5,0.6
BMSL,8,9,17,0.47
BMSM,27,37,64,0.42
BMSN,25,24,49,0.51
BMSP,26,27,53,0.49
BMSS,29,20,49,0.59
BMSb,14,17,31,0.45
BMSh,13,15,28,0.46
BMSl,6,11,17,0.35
BMSm,24,26,50,0.48
BMSn,32,23,55,0.58
BMSs,28,20,48,0.58
BMSt,9,3,12,0.75
BMbB,50,38,88,0.57
BMbD,8,4,12,0.67
BMbH,19,16,35,0.54
BMbI,4,6,10,0.4
BMbJ,29,9,38,0.76
BMbK,6,8,14,0.43
BMbL,6,9,15,0.4
BMbM,54,57,111,0.49
BMbN,75,82,157,0.48
BMbP,41,59,100,0.41
BMbS,26,44,70,0.37
BMbb,38,35,73,0.52
BMbh,1,0,1,1.0
BMbl,10,11,21,0.48
BMbm,58,48,106,0.55
BMbn,55,65,120,0.46
BMbs,36,39,75,0.48
BMhB,26,45,71,0.37
BMhD,6,1,7,0.86
BMhH,11,10,21,0.52
BMhI,4,4,8,0.5
BMhK,1,0,1,1.0
BMhL,7,6,13,0.54
BMhM,29,31,60,0.48
BMhN,26,32,58,0.45
BMhP,32,35,67,0.48
BMhS,14,28,42,0.33
BMhb,23,18,41,0.56
BMhh,30,29,59,0.51
BMhl,7,10,17,0.41
BMhm,39,35,74,0.53
BMhn,36,36,72,0.5
BMhs,34,20,54,0.63
BMht,5,5,10,0.5
BMjB,8,14,22,0.36
BMjD,2,0,2,1.0
BMjH,2,3,5,0.4
BMjI,1,1,2,0.5
BMjK,1,0,1,1.0
BMjL,7,2,9,0.78
BMjM,2,8,10,0.2
BMjN,11,10,21,0.52
BMjP,9,8,17,0.53
BMjS,3,1,4,0.75
BMjb,4,4,8,0.5
BMjl,5,2,7,0.71
BMjm,8,9,17,0.47
BMjn,8,6,14,0.57
BMjs,6,9,15,0.4
BMjt,3,1,4,0.75
BMlB,7,10,17,0.41
BMlD,1,0,1,1.0
BMlH,5,13,18,0.28
BMlI,1,4,5,0.2
BMlJ,5,7,12,0.42
BMlL,6,3,9,0.67
BMlM,20,20,40,0.5
BMlN,12,14,26,0.46
BMlP,18,15,33,0.55
BMlS,9,12,21,0.43
BMlb,11,12,23,0.48
BMll,3,2,5,0.6
BMlm,19,20,39,0.49
BMln,8,20,28,0.29
BMls,15,10,25,0.6
BMmB,48,60,108,0.44
BMmD,15,9,24,0.62
BMmH,42,51,93,0.45
BMmI,11,5,16,0.69
BMmJ,8,9,17,0.47
BMmK,2,2,4,0.5
BMmL,11,12,23,0.48
BMmM,60,67,127,0.47
BMmN,71,91,162,0.44
BMmP,54,70,124,0.44
BMmS,57,50,107,0.53
BMmb,46,48,94,0.49
BMmh,2,0,2,1.0
BMml,22,12,34,0.65
BMmm,65,45,110,0.59
BMmn,76,71,147,0.52
BMms,46,45,91,0.51
BMmt,1,0,1,1.0
BMnB,49,69,118,0.42
BMnD,11,9,20,0.55
BMnH,32,44,76,0.42
BMnI,13,12,25,0.52
BMnK,4,9,13,0.31
BMnL,13,13,26,0.5
BMnM,51,72,123,0.41
BMnN,56,90,146,0.38
BMnP,83,83,166,0.5
BMnS,32,46,78,0.41
BMnb,44,45,89,0.49
BMnh,4,1,5,0.8
BMnl,12,11,23,0.52
BMnm,74,51,125,0.59
BMnn,81,77,158,0.51
BMns,56,46,102,0.55
BMnt,1,1,2,0.5
BMsB,15,21,36,0.42
BMsD,5,3,8,0.62
BMsH,22,29,51,0.43
BMsI,3,6,9,0.33
BMsK,0,2,2,0.0
BMsL,8,6,14,0.57
BMsM,17,32,49,0.35
BMsN,24,37,61,0.39
BMsP,27,29,56,0.48
BMsS,35,42,77,0.45
BMsb,17,18,35,0.49
BMsh,2,4,6,0.33
BMsl,4,2,6,0.67
BMsm,33,24,57,0.58
BMsn,25,26,51,0.49
BMss,31,33,64,0.48
BMst,1,0,1,1.0
BMtB,3,10,13,0.23
BMtD,0,2,2,0.0
BMtH,6,2,8,0.75
BMtI,0,1,1,0.0
BMtK,1,0,1,1.0
BMtL,2,2,4,0.5
BMtM,6,8,14,0.43
BMtN,4,3,7,0.57
BMtP,13,11,24,0.54
BMtS,5,4,9,0.56
BMtb,7,8,15,0.47
BMth,0,1,1,0.0
BMtl,0,1,1,0.0
BMtm,5,7,12,0.42
BMtn,4,8,12,0.33
BMts,5,7,12,0.42
BNBB,65,65,130,0.5
BNBD,5,8,13,0.38
BNBH,1,2,3,0.33
BNBI,0,1,1,0.0
BNBK,4,4,8,0.5
BNBL,9,17,26,0.35
BNBM,44,55,99,0.44
BNBN,49,62,111,0.44
BNBP,40,67,107,0.37
BNBS,34,28,62,0.55
BNBb,46,69,115,0.4
BNBh,1,14,15,0.07
BNBj,13,10,23,0.57
BNBl,21,15,36,0.58
BNBm,70,59,129,0.54
BNBn,57,67,124,0.46
BNBs,22,28,50,0.44
BNBt,5,5,10,0.5
BNDB,5,2,7,0.71
BNDD,1,4,5,0.2
BNDH,8,12,20,0.4
BNDL,3,1,4,0.75
BNDM,9,6,15,0.6
BNDN,9,5,14,0.64
BNDP,11,7,18,0.61
BNDS,4,6,10,0.4
BNDb,3,3,6,0.5
BNDl,2,0,2,1.0
BNDm,5,9,14,0.36
BNDn,7,14,21,0.33
BNDs,6,6,12,0.5
BNDt,0,1,1,0.0
BNHB,15,11,26,0.58
BNHD,3,1,4,0.75
BNHH,3,2,5,0.6
BNHI,3,0,3,1.0
BNHK,1,1,2,0.5
BNHL,0,5,5,0.0
BNHM,3,13,16,0.19
BNHN,12,12,24,0.5
BNHP,10,15,25,0.4
BNHS,7,14,21,0.33
BNHb,8,12,20,0.4
BNHh,2,2,4,0.5
BNHl,2,6,8,0.25
BNHm,8,10,18,0.44
BNHn,9,11,20,0.45
BNHs,14,6,20,0.7
BNHt,1,2,3,0.33
BNIB,0,4,4,0.0
BNIH,0,2,2,0.0
BNII,0,1,1,0.0
BNIL,0,1,1,0.0
BNIM,0,1,1,0.0
BNIN,0,4,4,0.0
BNIP,0,1,1,0.0
BNIS,0,2,2,0.0
BNIb,3,1,4,0.75
BNIh,0,1,1,0.0
BNIl,1,0,1,1.0
BNIm,3,2,5,0.6
BNIn,1,2,3,0.33
BNKB,4,2,6,0.67
BNKD,1,2,3,0.33
BNKH,1,1,2,0.5
BNKI,2,0,2,1.0
BNKL,3,2,5,0.6
BNKM,5,2,7,0.71
BNKN,4,2,6,0.67
BNKP,7,5,12,0.58
BNKS,5,3,8,0.62
BNKb,2,5,7,0.29
BNKh,3,4,7,0.43
BNKl,2,1,3,0.67
BNKm,10,4,14,0.71
BNKn,9,7,16,0.56
BNKs,4,5,9,0.44
BNKt,0,1,1,0.0
BNLB,13,12,25,0.52
BNLD,2,1,3,0.67
BNLH,3,0,3,1.0
BNLL,4,3,7,0.57
BNLM,11,17,28,0.39
BNLN,14,17,31,0.45
BNLP,20,18,38,0.53
BNLS,8,11,19,0.42
BNLb,14,13,27,0.52
BNLh,1,10,11,0.09
BNLj,3,1,4,0.75
BNLl,6,5,11,0.55
BNLm,15,18,33,0.45
BNLn,26,18,44,0.59
BNLs,4,8,12,0.33
BNLt,2,1,3,0.67
BNMB,50,68,118,0.42
BNMD,7,7,14,0.5
BNMH,0,2,2,0.0
BNMK,2,1,3,0.67
BNML,5,10,15,0.33
BNMM,43,45,88,0.49
BNMN,55,58,113,0.49
BNMP,48,63,111,0.43
BNMS,15,28,43,0.35
BNMb,55,50,105,0.52
BNMh,26,30,56,0.46
BNMj,14,7,21,0.67
BNMl,12,14,26,0.46
BNMm,82,53,135,0.61
BNMn,73,73,146,0.5
BNMs,22,43,65,0.34
BNMt,6,3,9,0.67
BNNB,47,75,122,0.39
BNND,11,8,19,0.58
BNNH,20,9,29,0.69
BNNI,1,2,3,0.33
BNNK,5,5,10,0.5
BNNL,14,15,29,0.48
BNNM,39,56,95,0.41
BNNN,75,78,153,0.49
BNNP,87,86,173,0.5
BNNS,36,54,90,0.4
BNNb,54,50,104,0.52
BNNh,18,27,45,0.4
BNNl,27,25,52,0.52
BNNm,68,70,138,0.49
BNNn,78,62,140,0.56
BNNs,58,43,101,0.57
BNNt,15,10,25,0.6
BNPB,66,68,134,0.49
BNPD,14,8,22,0.64
BNPH,34,24,58,0.59
BNPI,13,15,28,0.46
BNPK,4,6,10,0.4
BNPL,20,17,37,0.54
BNPM,79,83,162,0.49
BNPN,61,77,138,0.44
BNPP,95,111,206,0.46
BNPS,47,67,114,0.41
BNPb,52,51,103,0.5
BNPh,8,10,18,0.44
BNPl,37,20,57,0.65
BNPm,78,87,165,0.47
BNPn,72,74,146,0.49
BNPs,47,55,102,0.46
BNPt,7,5,12,0.58
BNSB,27,37,64,0.42
BNSD,8,5,13,0.62
BNSH,7,19,26,0.27
BNSI,3,2,5,0.6
BNSK,1,0,1,1.0
BNSL,7,14,21,0.33
BNSM,39,45,84,0.46
BNSN,48,36,84,0.57
BNSP,36,44,80,0.45
BNSS,38,50,88,0.43
BNSb,25,27,52,0.48
BNSh,23,16,39,0.59
BNSl,12,15,27,0.44
BNSm,41,35,76,0.54
BNSn,51,37,88,0.58
BNSs,43,48,91,0.47
BNSt,6,4,10,0.6
BNbB,39,36,75,0.52
BNbD,6,3,9,0.67
BNbH,17,16,33,0.52
BNbI,5,5,10,0.5
BNbJ,24,16,40,0.6
BNbK,6,2,8,0.75
BNbL,8,12,20,0.4
BNbM,46,45,91,0.51
BNbN,54,59,113,0.48
BNbP,60,43,103,0.58
BNbS,28,36,64,0.44
BNbb,43,47,90,0.48
BNbh,1,0,1,1.0
BNbl,16,14,30,0.53
BNbm,46,34,80,0.57
BNbn,52,45,97,0.54
BNbs,33,22,55,0.6
BNhB,17,16,33,0.52
BNhD,1,0,1,1.0
BNhH,5,4,9,0.56
BNhI,3,5,8,0.38
BNhK,1,0,1,1.0
BNhL,4,5,9,0.44
BNhM,20,23,43,0.47
BNhN,21,22,43,0.49
BNhP,17,30,47,0.36
BNhS,22,19,41,0.54
BNhb,15,23,38,0.39
BNhh,13,9,22,0.59
BNhl,5,2,7,0.71
BNhm,23,21,44,0.52
BNhn,23,23,46,0.5
BNhs,19,16,35,0.54
BNht,2,4,6,0.33
BNlB,10,12,22,0.45
BNlD,3,2,5,0.6
BNlH,14,21,35,0.4
BNlI,1,5,6,0.17
BNlJ,3,4,7,0.43
BNlK,0,2,2,0.0
BNlL,7,10,17,0.41
BNlM,8,23,31,0.26
BNlN,16,22,38,0.42
BNlP,18,18,36,0.5
BNlS,12,7,19,0.63
BNlb,13,12,25,0.52
BNll,8,6,14,0.57
BNlm,29,15,44,0.66
BNln,12,14,26,0.46
BNls,12,11,23,0.52
BNmB,43,43,86,0.5
BNmD,16,17,33,0.48
BNmH,46,51,97,0.47
BNmI,9,5,14,0.64
BNmJ,17,13,30,0.57
BNmK,0,1,1,0.0
BNmL,18,15,33,0.55
BNmM,63,83,146,0.43
BNmN,95,92,187,0.51
BNmP,65,81,146,0.45
BNmS,47,51,98,0.48
BNmb,54,44,98,0.55
BNmh,3,1,4,0.75
BNml,23,14,37,0.62
BNmm,71,53,124,0.57
BNmn,79,72,151,0.52
BNms,40,39,79,0.51
BNnB,49,60,109,0.45
BNnD,13,15,28,0.46
BNnH,43,46,89,0.48
BNnI,17,10,27,0.63
BNnK,10,6,16,0.62
BNnL,14,25,39,0.36
BNnM,69,79,148,0.47
BNnN,92,116,208,0.44
BNnP,83,104,187,0.44
BNnS,68,67,135,0.5
BNnb,51,53,104,0.49
BNnh,1,7,8,0.12
BNnl,25,16,41,0.61
BNnm,80,63,143,0.56
BNnn,78,92,170,0.46
BNns,60,62,122,0.49
BNnt,1,0,1,1.0
BNsB,27,25,52,0.52
BNsD,6,9,15,0.4
BNsH,38,43,81,0.47
BNsI,8,8,16,0.5
BNsK,0,0,0,
BNsL,13,12,25,0.52
BNsM,34,51,85,0.4
BNsN,54,54,108,0.5
BNsP,36,42,78,0.46
BNsS,46,59,105,0.44
BNsb,28,31,59,0.47
BNsh,5,7,12,0.42
BNsl,13,14,27,0.48
BNsm,44,53,97,0.45
BNsn,43,61,104,0.41
BNss,43,48,91,0.47
BNst,0,2,2,0.0
BNtB,9,6,15,0.6
BNtD,1,2,3,0.33
BNtH,4,7,11,0.36
BNtI,0,1,1,0.0
BNtK,0,1,1,0.0
BNtL,2,2,4,0.5
BNtM,6,8,14,0.43
BNtN,9,8,17,0.53
BNtP,7,14,21,0.33
BNtS,12,13,25,0.48
BNtb,4,1,5,0.8
BNth,1,0,1,1.0
BNtl,2,1,3,0.67
BNtm,10,14,24,0.42
BNtn,9,17,26,0.35
BNts,7,9,16,0.44
BNtt,1,5,6,0.17
BPBB,62,70,132,0.47
BPBD,5,10,15,0.33
BPBH,0,0,0,
BPBI,1,0,1,1.0
BPBK,9,5,14,0.64
BPBL,10,17,27,0.37
BPBM,42,54,96,0.44
BPBN,59,43,102,0.58
BPBP,55,65,120,0.46
BPBS,24,21,45,0.53
BPBb,46,60,106,0.43
BPBh,3,4,7,0.43
BPBj,10,16,26,0.38
BPBl,20,20,40,0.5
BPBm,64,67,131,0.49
BPBn,66,79,145,0.46
BPBs,28,28,56,0.5
BPBt,6,15,21,0.29
BPDB,3,9,12,0.25
BPDD,0,2,2,0.0
BPDH,4,7,11,0.36
BPDI,1,2,3,0.33
BPDL,3,4,7,0.43
BPDM,9,10,19,0.47
BPDN,6,7,13,0.46
BPDP,11,6,17,0.65
BPDS,5,8,13,0.38
BPDb,3,6,9,0.33
BPDl,0,5,5,0.0
BPDm,4,6,10,0.4
BPDn,4,3,7,0.57
BPDs,6,8,14,0.43
BPHB,8,15,23,0.35
BPHD,1,1,2,0.5
BPHH,1,0,1,1.0
BPHI,2,1,3,0.67
BPHK,2,2,4,0.5
BPHL,6,8,14,0.43
BPHM,10,26,36,0.28
BPHN,9,17,26,0.35
BPHP,21,20,41,0.51
BPHS,16,14,30,0.53
BPHb,10,11,21,0.48
BPHh,3,7,10,0.3
BPHl,9,10,19,0.47
BPHm,18,14,32,0.56
BPHn,16,17,33,0.48
BPHs,18,20,38,0.47
BPHt,2,2,4,0.5
BPIB,11,6,17,0.65
BPID,2,0,2,1.0
BPIH,3,6,9,0.33
BPII,1,0,1,1.0
BPIL,3,4,7,0.43
BPIM,6,7,13,0.46
BPIN,4,5,9,0.44
BPIP,3,12,15,0.2
BPIS,8,7,15,0.53
BPIb,3,5,8,0.38
BPIl,3,1,4,0.75
BPIm,15,10,25,0.6
BPIn,7,3,10,0.7
BPIs,6,9,15,0.4
BPIt,0,1,1,0.0
BPKB,3,3,6,0.5
BPKD,4,0,4,1.0
BPKH,1,2,3,0.33
BPKL,3,1,4,0.75
BPKM,14,11,25,0.56
BPKN,4,4,8,0.5
BPKP,10,4,14,0.71
BPKS,4,5,9,0.44
BPKb,3,4,7,0.43
BPKh,4,7,11,0.36
BPKl,1,4,5,0.2
BPKm,3,4,7,0.43
BPKn,3,5,8,0.38
BPKs,3,7,10,0.3
BPKt,0,1,1,0.0
BPLB,18,25,43,0.42
BPLD,2,4,6,0.33
BPLH,1,1,2,0.5
BPLK,3,1,4,0.75
BPLL,6,11,17,0.35
BPLM,17,20,37,0.46
BPLN,10,17,27,0.37
BPLP,16,24,40,0.4
BPLS,13,7,20,0.65
BPLb,16,24,40,0.4
BPLh,6,10,16,0.38
BPLj,3,6,9,0.33
BPLl,16,9,25,0.64
BPLm,20,25,45,0.44
BPLn,26,23,49,0.53
BPLs,15,13,28,0.54
BPLt,1,4,5,0.2
BPMB,49,67,116,0.42
BPMD,3,9,12,0.25
BPMH,0,2,2,0.0
BPMK,0,2,2,0.0
BPML,14,17,31,0.45
BPMM,43,46,89,0.48
BPMN,57,61,118,0.48
BPMP,59,58,117,0.5
BPMS,24,33,57,0.42
BPMb,43,59,102,0.42
BPMh,30,44,74,0.41
BPMj,7,10,17,0.41
BPMl,20,15,35,0.57
BPMm,72,64,136,0.53
BPMn,67,71,138,0.49
BPMs,39,33,72,0.54
BPMt,5,9,14,0.36
BPNB,44,58,102,0.43
BPND,11,12,23,0.48
BPNH,12,11,23,0.52
BPNI,2,2,4,0.5
BPNK,3,5,8,0.38
BPNL,17,21,38,0.45
BPNM,44,58,102,0.43
BPNN,54,56,110,0.49
BPNP,61,81,142,0.43
BPNS,32,45,77,0.42
BPNb,44,31,75,0.59
BPNh,18,23,41,0.44
BPNl,28,14,42,0.67
BPNm,62,71,133,0.47
BPNn,70,64,134,0.52
BPNs,44,65,109,0.4
BPNt,13,9,22,0.59
BPPB,79,74,153,0.52
BPPD,14,7,21,0.67
BPPH,26,16,42,0.62
BPPI,10,12,22,0.45
BPPK,12,5,17,0.71
BPPL,32,50,82,0.39
BPPM,72,95,167,0.43
BPPN,58,78,136,0.43
BPPP,89,104,193,0.46
BPPS,64,64,128,0.5
BPPb,63,56,119,0.53
BPPh,10,16,26,0.38
BPPl,49,43,92,0.53
BPPm,95,92,187,0.51
BPPn,60,74,134,0.45
BPPs,74,57,131,0.56
BPPt,5,6,11,0.45
BPSB,25,31,56,0.45
BPSD,7,5,12,0.58
BPSH,17,18,35,0.49
BPSI,1,1,2,0.5
BPSK,1,3,4,0.25
BPSL,18,17,35,0.51
BPSM,36,54,90,0.4
BPSN,34,37,71,0.48
BPSP,40,52,92,0.43
BPSS,38,35,73,0.52
BPSb,22,40,62,0.35
BPSh,19,25,44,0.43
BPSl,11,16,27,0.41
BPSm,49,44,93,0.53
BPSn,33,35,68,0.49
BPSs,47,37,84,0.56
BPSt,5,8,13,0.38
BPbB,45,56,101,0.45
BPbD,1,2,3,0.33
BPbH,11,16,27,0.41
BPbI,7,3,10,0.7
BPbJ,9,14,23,0.39
BPbK,4,5,9,0.44
BPbL,16,21,37,0.43
BPbM,54,54,108,0.5
BPbN,56,52,108,0.52
BPbP,41,69,110,0.37
BPbS,34,28,62,0.55
BPbb,45,55,100,0.45
BPbl,22,24,46,0.48
BPbm,56,41,97,0.58
BPbn,52,41,93,0.56
BPbs,44,34,78,0.56
BPhB,6,2,8,0.75
BPhD,1,1,2,0.5
BPhH,0,2,2,0.0
BPhI,0,2,2,0.0
BPhL,0,3,3,0.0
BPhM,5,6,11,0.45
BPhN,2,4,6,0.33
BPhP,10,8,18,0.56
BPhS,12,8,20,0.6
BPhb,7,4,11,0.64
BPhh,5,4,9,0.56
BPhl,0,3,3,0.0
BPhm,9,4,13,0.69
BPhn,5,7,12,0.42
BPhs,9,2,11,0.82
BPlB,20,20,40,0.5
BPlD,3,1,4,0.75
BPlH,11,18,29,0.38
BPlI,2,3,5,0.4
BPlJ,4,5,9,0.44
BPlK,1,0,1,1.0
BPlL,9,10,19,0.47
BPlM,20,20,40,0.5
BPlN,29,25,54,0.54
BPlP,23,14,37,0.62
BPlS,11,19,30,0.37
BPlb,17,26,43,0.4
BPll,11,5,16,0.69
BPlm,26,16,42,0.62
BPln,19,15,34,0.56
BPls,16,21,37,0.43
BPmB,48,69,117,0.41
BPmD,11,11,22,0.5
BPmH,46,52,98,0.47
BPmI,5,5,10,0.5
BPmJ,16,18,34,0.47
BPmK,2,1,3,0.67
BPmL,25,19,44,0.57
BPmM,57,60,117,0.49
BPmN,88,81,169,0.52
BPmP,65,72,137,0.47
BPmS,59,57,116,0.51
BPmb,50,42,92,0.54
BPmh,0,1,1,0.0
BPml,16,25,41,0.39
BPmm,52,47,99,0.53
BPmn,57,45,102,0.56
BPms,61,44,105,0.58
BPmt,1,0,1,1.0
BPnB,42,52,94,0.45
BPnD,8,8,16,0.5
BPnH,27,35,62,0.44
BPnI,12,14,26,0.46
BPnK,6,7,13,0.46
BPnL,16,17,33,0.48
BPnM,40,43,83,0.48
BPnN,63,68,131,0.48
BPnP,79,71,150,0.53
BPnS,41,45,86,0.48
BPnb,29,31,60,0.48
BPnh,2,4,6,0.33
BPnl,22,27,49,0.45
BPnm,66,45,111,0.59
BPnn,57,60,117,0.49
BPns,45,58,103,0.44
BPnt,1,1,2,0.5
BPsB,26,27,53,0.49
BPsD,10,4,14,0.71
BPsH,42,38,80,0.52
BPsI,5,8,13,0.38
BPsK,1,1,2,0.5
BPsL,18,19,37,0.49
BPsM,31,57,88,0.35
BPsN,42,53,95,0.44
BPsP,35,60,95,0.37
BPsS,41,40,81,0.51
BPsb,32,26,58,0.55
BPsh,1,0,1,1.0
BPsl,18,13,31,0.58
BPsm,45,32,77,0.58
BPsn,37,32,69,0.54
BPss,34,46,80,0.42
BPst,2,2,4,0.5
BPtB,3,7,10,0.3
BPtD,1,1,2,0.5
BPtH,3,5,8,0.38
BPtI,0,1,1,0.0
BPtL,5,2,7,0.71
BPtM,8,4,12,0.67
BPtN,12,11,23,0.52
BPtP,7,4,11,0.64
BPtS,6,5,11,0.55
BPtb,11,4,15,0.73
BPtl,0,4,4,0.0
BPtm,6,9,15,0.4
BPtn,4,8,12,0.33
BPts,3,3,6,0.5
BPtt,0,1,1,0.0
BSBB,24,29,53,0.45
BSBD,2,5,7,0.29
BSBK,3,4,7,0.43
BSBL,8,5,13,0.62
BSBM,20,18,38,0.53
BSBN,22,33,55,0.4
BSBP,26,37,63,0.41
BSBS,7,21,28,0.25
BSBb,22,25,47,0.47
BSBh,2,3,5,0.4
BSBj,5,0,5,1.0
BSBl,10,4,14,0.71
BSBm,27,22,49,0.55
BSBn,34,33,67,0.51
BSBs,16,18,34,0.47
BSBt,2,7,9,0.22
BSDB,0,2,2,0.0
BSDD,1,1,2,0.5
BSDH,2,6,8,0.25
BSDI,0,2,2,0.0
BSDK,0,0,0,
BSDL,1,0,1,1.0
BSDM,5,3,8,0.62
BSDN,2,4,6,0.33
BSDP,3,2,5,0.6
BSDS,2,6,8,0.25
BSDb,4,5,9,0.44
BSDh,1,0,1,1.0
BSDl,1,5,6,0.17
BSDm,2,6,8,0.25
BSDn,4,1,5,0.8
BSDs,7,4,11,0.64
BSDt,0,1,1,0.0
BSHB,9,11,20,0.45
BSHD,2,2,4,0.5
BSHH,8,3,11,0.73
BSHI,2,1,3,0.67
BSHK,1,0,1,1.0
BSHL,2,4,6,0.33
BSHM,8,14,22,0.36
BSHN,4,11,15,0.27
BSHP,18,11,29,0.62
BSHS,12,13,25,0.48
BSHb,11,11,22,0.5
BSHh,1,4,5,0.2
BSHl,9,5,14,0.64
BSHm,9,12,21,0.43
BSHn,7,10,17,0.41
BSHs,12,24,36,0.33
BSHt,1,3,4,0.25
BSIB,1,0,1,1.0
BSIH,0,2,2,0.0
BSII,0,0,0,
BSIL,0,1,1,0.0
BSIM,2,2,4,0.5
BSIN,2,3,5,0.4
BSIP,0,0,0,
BSIS,0,3,3,0.0
BSIb,0,1,1,0.0
BSIh,0,1,1,0.0
BSIm,2,1,3,0.67
BSIn,1,1,2,0.5
BSIs,1,1,2,0.5
BSKB,1,1,2,0.5
BSKH,1,0,1,1.0
BSKM,0,1,1,0.0
BSKP,2,0,2,1.0
BSKh,1,0,1,1.0
BSKm,1,1,2,0.5
BSKn,0,1,1,0.0
BSKs,2,0,2,1.0
BSLB,3,9,12,0.25
BSLD,2,1,3,0.67
BSLH,0,0,0,
BSLK,0,0,0,
BSLL,0,4,4,0.0
BSLM,3,12,15,0.2
BSLN,3,8,11,0.27
BSLP,9,15,24,0.38
BSLS,7,8,15,0.47
BSLb,10,3,13,0.77
BSLh,4,5,9,0.44
BSLj,1,2,3,0.33
BSLl,3,3,6,0.5
BSLm,6,3,9,0.67
BSLn,5,11,16,0.31
BSLs,4,6,10,0.4
BSMB,30,21,51,0.59
BSMD,4,3,7,0.57
BSMH,1,0,1,1.0
BSMI,1,0,1,1.0
BSMK,1,0,1,1.0
BSML,9,6,15,0.6
BSMM,23,37,60,0.38
BSMN,29,27,56,0.52
BSMP,25,43,68,0.37
BSMS,28,31,59,0.47
BSMb,28,28,56,0.5
BSMh,31,26,57,0.54
BSMj,1,3,4,0.25
BSMl,5,8,13,0.38
BSMm,37,38,75,0.49
BSMn,44,29,73,0.6
BSMs,24,25,49,0.49
BSMt,4,2,6,0.67
BSNB,19,25,44,0.43
BSND,5,5,10,0.5
BSNH,4,5,9,0.44
BSNI,4,2,6,0.67
BSNK,1,1,2,0.5
BSNL,4,5,9,0.44
BSNM,21,30,51,0.41
BSNN,31,34,65,0.48
BSNP,36,27,63,0.57
BSNS,33,26,59,0.56
BSNb,17,14,31,0.55
BSNh,8,9,17,0.47
BSNl,6,7,13,0.46
BSNm,26,31,57,0.46
BSNn,33,43,76,0.43
BSNs,26,26,52,0.5
BSNt,11,6,17,0.65
BSPB,31,30,61,0.51
BSPD,4,5,9,0.44
BSPH,7,14,21,0.33
BSPI,3,9,12,0.25
BSPK,2,2,4,0.5
BSPL,11,15,26,0.42
BSPM,23,39,62,0.37
BSPN,25,43,68,0.37
BSPP,29,43,72,0.4
BSPS,23,30,53,0.43
BSPb,22,24,46,0.48
BSPh,4,5,9,0.44
BSPl,10,6,16,0.62
BSPm,45,30,75,0.6
BSPn,26,34,60,0.43
BSPs,32,22,54,0.59
BSPt,3,2,5,0.6
BSSB,21,25,46,0.46
BSSD,6,10,16,0.38
BSSH,14,15,29,0.48
BSSI,4,1,5,0.8
BSSK,0,1,1,0.0
BSSL,7,10,17,0.41
BSSM,42,35,77,0.55
BSSN,23,32,55,0.42
BSSP,20,34,54,0.37
BSSS,49,47,96,0.51
BSSb,10,14,24,0.42
BSSh,21,19,40,0.52
BSSl,9,3,12,0.75
BSSm,41,43,84,0.49
BSSn,29,36,65,0.45
BSSs,39,50,89,0.44
BSSt,2,1,3,0.67
BSbB,16,21,37,0.43
BSbD,3,1,4,0.75
BSbH,5,8,13,0.38
BSbI,1,2,3,0.33
BSbJ,6,3,9,0.67
BSbK,3,6,9,0.33
BSbL,10,8,18,0.56
BSbM,22,29,51,0.43
BSbN,30,20,50,0.6
BSbP,11,18,29,0.38
BSbS,20,31,51,0.39
BSbb,23,11,34,0.68
BSbl,9,6,15,0.6
BSbm,26,21,47,0.55
BSbn,25,28,53,0.47
BSbs,14,16,30,0.47
BShB,16,11,27,0.59
BShD,2,3,5,0.4
BShH,6,6,12,0.5
BShI,3,2,5,0.6
BShK,1,1,2,0.5
BShL,2,2,4,0.5
BShM,15,6,21,0.71
BShN,10,8,18,0.56
BShP,16,13,29,0.55
BShS,20,26,46,0.43
BShb,8,8,16,0.5
BShh,8,11,19,0.42
BShl,6,3,9,0.67
BShm,16,19,35,0.46
BShn,11,11,22,0.5
BShs,13,13,26,0.5
BSht,1,1,2,0.5
BSlB,2,4,6,0.33
BSlD,0,1,1,0.0
BSlH,6,5,11,0.55
BSlI,4,0,4,1.0
BSlJ,2,0,2,1.0
BSlK,1,0,1,1.0
BSlL,2,7,9,0.22
BSlM,10,13,23,0.43
BSlN,19,13,32,0.59
BSlP,4,7,11,0.36
BSlS,5,11,16,0.31
BSlb,6,9,15,0.4
BSll,5,3,8,0.62
BSlm,9,8,17,0.53
BSln,5,14,19,0.26
BSls,4,7,11,0.36
BSmB,28,18,46,0.61
BSmD,6,7,13,0.46
BSmH,41,32,73,0.56
BSmI,5,3,8,0.62
BSmJ,4,4,8,0.5
BSmK,2,1,3,0.67
BSmL,3,12,15,0.2
BSmM,36,48,84,0.43
BSmN,47,29,76,0.62
BSmP,26,26,52,0.5
BSmS,43,28,71,0.61
BSmb,16,32,48,0.33
BSml,5,8,13,0.38
BSmm,33,33,66,0.5
BSmn,36,35,71,0.51
BSms,31,27,58,0.53
BSnB,11,17,28,0.39
BSnD,5,5,10,0.5
BSnH,19,20,39,0.49
BSnI,3,5,8,0.38
BSnK,1,2,3,0.33
BSnL,10,9,19,0.53
BSnM,18,39,57,0.32
BSnN,31,32,63,0.49
BSnP,30,35,65,0.46
BSnS,30,33,63,0.48
BSnb,24,25,49,0.49
BSnh,2,2,4,0.5
BSnl,7,9,16,0.44
BSnm,25,23,48,0.52
BSnn,44,32,76,0.58
BSns,32,31,63,0.51
BSnt,2,0,2,1.0
BSsB,22,19,41,0.54
BSsD,6,5,11,0.55
BSsH,36,33,69,0.52
BSsI,4,7,11,0.36
BSsK,1,2,3,0.33
BSsL,12,11,23,0.52
BSsM,22,44,66,0.33
BSsN,32,38,70,0.46
BSsP,23,37,60,0.38
BSsS,35,56,91,0.38
BSsb,21,15,36,0.58
BSsh,2,3,5,0.4
BSsl,9,6,15,0.6
BSsm,27,30,57,0.47
BSsn,26,27,53,0.49
BSss,37,37,74,0.5
BSst,2,1,3,0.67
BStB,3,3,6,0.5
BStD,0,2,2,0.0
BStH,3,4,7,0.43
BStI,1,0,1,1.0
BStK,0,1,1,0.0
BStL,0,1,1,0.0
BStM,9,6,15,0.6
BStN,6,7,13,0.46
BStP,4,5,9,0.44
BStS,9,3,12,0.75
BStb,6,1,7,0.86
BSth,1,0,1,1.0
BStl,2,1,3,0.67
BStm,7,3,10,0.7
BStn,3,5,8,0.38
BSts,6,8,14,0.43
BStt,0,1,1,0.0
BbBB,47,54,101,0.47
BbBD,5,7,12,0.42
BbBH,1,1,2,0.5
BbBK,0,4,4,0.0
BbBL,16,6,22,0.73
BbBM,28,60,88,0.32
BbBN,39,49,88,0.44
BbBP,46,53,99,0.46
BbBS,21,32,53,0.4
BbBb,45,44,89,0.51
BbBh,5,7,12,0.42
BbBj,13,15,28,0.46
BbBl,10,13,23,0.43
BbBm,54,48,102,0.53
BbBn,71,64,135,0.53
BbBs,30,24,54,0.56
BbBt,15,8,23,0.65
BbDB,2,0,2,1.0
BbDD,2,1,3,0.67
BbDH,5,7,12,0.42
BbDL,0,2,2,0.0
BbDM,5,8,13,0.38
BbDN,4,4,8,0.5
BbDP,8,4,12,0.67
BbDS,5,5,10,0.5
BbDb,4,3,7,0.57
BbDl,2,3,5,0.4
BbDm,6,5,11,0.55
BbDn,7,4,11,0.64
BbDs,8,5,13,0.62
BbDt,0,1,1,0.0
BbHB,9,18,27,0.33
BbHD,2,0,2,1.0
BbHH,2,5,7,0.29
BbHI,4,1,5,0.8
BbHK,0,1,1,0.0
BbHL,3,3,6,0.5
BbHM,13,23,36,0.36
BbHN,19,13,32,0.59
BbHP,16,16,32,0.5
BbHS,12,14,26,0.46
BbHb,9,11,20,0.45
BbHh,2,4,6,0.33
BbHl,10,7,17,0.59
BbHm,17,22,39,0.44
BbHn,21,21,42,0.5
BbHs,11,13,24,0.46
BbHt,0,1,1,0.0
BbIB,3,4,7,0.43
BbID,1,2,3,0.33
BbIH,7,6,13,0.54
BbII,0,2,2,0.0
BbIL,3,2,5,0.6
BbIM,4,11,15,0.27
BbIN,12,7,19,0.63
BbIP,7,6,13,0.54
BbIS,4,6,10,0.4
BbIb,5,4,9,0.56
BbIh,0,2,2,0.0
BbIl,4,3,7,0.57
BbIm,5,4,9,0.56
BbIn,9,9,18,0.5
BbIs,2,4,6,0.33
BbIt,2,0,2,1.0
BbJB,18,12,30,0.6
BbJD,1,1,2,0.5
BbJH,7,8,15,0.47
BbJI,3,3,6,0.5
BbJK,2,1,3,0.67
BbJL,2,3,5,0.4
BbJM,13,19,32,0.41
BbJN,20,22,42,0.48
BbJP,20,22,42,0.48
BbJS,12,14,26,0.46
BbJb,5,6,11,0.45
BbJh,3,3,6,0.5
BbJl,10,4,14,0.71
BbJm,13,5,18,0.72
BbJn,14,16,30,0.47
BbJs,12,12,24,0.5
BbJt,2,3,5,0.4
BbKB,5,2,7,0.71
BbKD,1,1,2,0.5
BbKH,1,3,4,0.25
BbKL,1,3,4,0.25
BbKM,4,8,12,0.33
BbKN,5,4,9,0.56
BbKP,10,4,14,0.71
BbKS,7,4,11,0.64
BbKb,4,3,7,0.57
BbKh,0,3,3,0.0
BbKl,7,1,8,0.88
BbKm,11,8,19,0.58
BbKn,4,3,7,0.57
BbKs,5,4,9,0.56
BbKt,1,0,1,1.0
BbLB,12,12,24,0.5
BbLD,0,2,2,0.0
BbLK,3,0,3,1.0
BbLL,7,4,11,0.64
BbLM,13,11,24,0.54
BbLN,9,14,23,0.39
BbLP,13,12,25,0.52
BbLS,11,7,18,0.61
BbLb,9,7,16,0.56
BbLh,10,6,16,0.62
BbLj,1,1,2,0.5
BbLl,3,2,5,0.6
BbLm,15,19,34,0.44
BbLn,13,23,36,0.36
BbLs,9,10,19,0.47
BbLt,1,4,5,0.2
BbMB,31,40,71,0.44
BbMD,5,8,13,0.38
BbMH,1,0,1,1.0
BbMI,1,0,1,1.0
BbMK,0,1,1,0.0
BbML,4,14,18,0.22
BbMM,37,43,80,0.46
BbMN,50,54,104,0.48
BbMP,47,50,97,0.48
BbMS,26,33,59,0.44
BbMb,48,43,91,0.53
BbMh,32,27,59,0.54
BbMj,4,11,15,0.27
BbMl,20,18,38,0.53
BbMm,58,54,112,0.52
BbMn,71,72,143,0.5
BbMs,28,24,52,0.54
BbMt,11,3,14,0.79
BbNB,37,53,90,0.41
BbND,13,9,22,0.59
BbNH,10,13,23,0.43
BbNI,2,2,4,0.5
BbNK,2,5,7,0.29
BbNL,16,18,34,0.47
BbNM,46,66,112,0.41
BbNN,64,74,138,0.46
BbNP,70,79,149,0.47
BbNS,47,58,105,0.45
BbNb,45,51,96,0.47
BbNh,23,28,51,0.45
BbNl,16,19,35,0.46
BbNm,81,56,137,0.59
BbNn,103,96,199,0.52
BbNs,53,42,95,0.56
BbNt,6,16,22,0.27
BbPB,43,46,89,0.48
BbPD,13,3,16,0.81
BbPH,14,18,32,0.44
BbPI,10,0,10,1.0
BbPK,5,3,8,0.62
BbPL,18,29,47,0.38
BbPM,49,60,109,0.45
BbPN,61,55,116,0.53
BbPP,86,83,169,0.51
BbPS,42,52,94,0.45
BbPb,44,32,76,0.58
BbPh,8,8,16,0.5
BbPl,23,19,42,0.55
BbPm,70,44,114,0.61
BbPn,64,52,116,0.55
BbPs,42,38,80,0.52
BbPt,6,4,10,0.6
BbSB,14,23,37,0.38
BbSD,6,5,11,0.55
BbSH,22,18,40,0.55
BbSI,1,0,1,1.0
BbSK,0,1,1,0.0
BbSL,7,10,17,0.41
BbSM,24,35,59,0.41
BbSN,26,28,54,0.48
BbSP,25,33,58,0.43
BbSS,29,31,60,0.48
BbSb,18,21,39,0.46
BbSh,17,20,37,0.46
BbSl,10,6,16,0.62
BbSm,27,30,57,0.47
BbSn,33,37,70,0.47
BbSs,43,34,77,0.56
BbSt,10,7,17,0.59
BbbB,48,43,91,0.53
BbbD,9,5,14,0.64
BbbH,22,14,36,0.61
BbbI,8,3,11,0.73
BbbJ,10,11,21,0.48
BbbK,6,4,10,0.6
BbbL,5,13,18,0.28
BbbM,39,51,90,0.43
BbbN,69,75,144,0.48
BbbP,54,49,103,0.52
BbbS,21,24,45,0.47
Bbbb,45,37,82,0.55
Bbbh,0,2,2,0.0
Bbbl,17,7,24,0.71
Bbbm,42,28,70,0.6
Bbbn,50,59,109,0.46
Bbbs,26,15,41,0.63
BbhB,1,0,1,1.0
BbhM,0,3,3,0.0
BbhP,0,1,1,0.0
BbhS,1,1,2,0.5
Bbhl,0,0,0,
Bbhm,1,0,1,1.0
BblB,7,8,15,0.47
BblD,0,2,2,0.0
BblH,7,9,16,0.44
BblI,0,3,3,0.0
BblJ,5,1,6,0.83
BblK,1,1,2,0.5
BblL,8,6,14,0.57
BblM,14,15,29,0.48
BblN,15,17,32,0.47
BblP,10,19,29,0.34
BblS,8,15,23,0.35
Bblb,7,10,17,0.41
Bbll,1,0,1,1.0
Bblm,9,13,22,0.41
Bbln,12,7,19,0.63
Bbls,14,11,25,0.56
BbmB,42,53,95,0.44
BbmD,9,6,15,0.6
BbmH,21,30,51,0.41
BbmI,4,4,8,0.5
BbmJ,10,9,19,0.53
BbmK,1,2,3,0.33
BbmL,6,11,17,0.35
BbmM,37,43,80,0.46
BbmN,69,61,130,0.53
BbmP,57,50,107,0.53
BbmS,33,38,71,0.46
Bbmb,29,31,60,0.48
Bbmh,1,1,2,0.5
Bbml,12,12,24,0.5
Bbmm,55,37,92,0.6
Bbmn,43,41,84,0.51
Bbms,23,25,48,0.48
BbnB,42,35,77,0.55
BbnD,10,7,17,0.59
BbnH,33,32,65,0.51
BbnI,10,9,19,0.53
BbnK,8,3,11,0.73
BbnL,10,8,18,0.56
BbnM,37,59,96,0.39
BbnN,56,70,126,0.44
BbnP,68,60,128,0.53
BbnS,39,50,89,0.44
Bbnb,40,42,82,0.49
Bbnh,3,5,8,0.38
Bbnl,12,12,24,0.5
Bbnm,52,44,96,0.54
Bbnn,53,61,114,0.46
Bbns,49,46,95,0.52
BbsB,18,16,34,0.53
BbsD,3,5,8,0.38
BbsH,28,34,62,0.45
BbsI,6,5,11,0.55
BbsL,2,6,8,0.25
BbsM,14,32,46,0.3
BbsN,32,29,61,0.52
BbsP,41,27,68,0.6
BbsS,36,34,70,0.51
Bbsb,31,14,45,0.69
Bbsh,4,2,6,0.67
Bbsl,11,2,13,0.85
Bbsm,35,27,62,0.56
Bbsn,28,29,57,0.49
Bbss,27,26,53,0.51
Bbst,0,1,1,0.0
Bbtt,1,0,1,1.0
BhBB,5,8,13,0.38
BhBK,1,0,1,1.0
BhBL,2,1,3,0.67
BhBM,2,4,6,0.33
BhBN,10,13,23,0.43
BhBP,7,5,12,0.58
BhBS,1,6,7,0.14
BhBb,3,5,8,0.38
BhBh,2,1,3,0.67
BhBj,1,2,3,0.33
BhBl,2,1,3,0.67
BhBm,5,5,10,0.5
BhBn,8,8,16,0.5
BhBs,2,3,5,0.4
BhBt,1,1,2,0.5
BhDH,0,0,0,
BhDM,0,2,2,0.0
BhDN,0,0,0,
BhDS,1,1,2,0.5
BhDb,1,2,3,0.33
BhDm,1,1,2,0.5
BhHD,0,1,1,0.0
BhHI,1,0,1,1.0
BhHM,1,1,2,0.5
BhHN,2,2,4,0.5
BhHP,2,2,4,0.5
BhHS,2,1,3,0.67
BhHb,1,1,2,0.5
BhHh,0,1,1,0.0
BhHm,1,0,1,1.0
BhHn,1,0,1,1.0
BhHs,2,0,2,1.0
BhIB,1,1,2,0.5
BhIH,1,1,2,0.5
BhII,1,0,1,1.0
BhIM,1,1,2,0.5
BhIN,0,1,1,0.0
BhIP,0,1,1,0.0
BhIS,3,2,5,0.6
BhIl,1,0,1,1.0
BhIm,4,0,4,1.0
BhIn,0,0,0,
BhIs,0,0,0,
BhKH,1,0,1,1.0
BhKN,1,0,1,1.0
BhKP,0,1,1,0.0
BhLB,2,3,5,0.4
BhLL,0,1,1,0.0
BhLM,0,0,0,
BhLN,2,1,3,0.67
BhLP,2,4,6,0.33
BhLS,1,1,2,0.5
BhLb,0,2,2,0.0
BhLh,1,2,3,0.33
BhLl,1,1,2,0.5
BhLm,3,2,5,0.6
BhLn,1,1,2,0.5
BhLs,2,0,2,1.0
BhLt,0,0,0,
BhMB,2,7,9,0.22
BhMD,3,1,4,0.75
BhMI,1,0,1,1.0
BhMK,1,0,1,1.0
BhML,0,1,1,0.0
BhMM,1,9,10,0.1
BhMN,5,5,10,0.5
BhMP,6,6,12,0.5
BhMS,5,5,10,0.5
BhMb,8,6,14,0.57
BhMh,2,7,9,0.22
BhMj,1,2,3,0.33
BhMl,2,0,2,1.0
BhMm,6,8,14,0.43
BhMn,7,3,10,0.7
BhMs,4,8,12,0.33
BhMt,1,3,4,0.25
BhNB,9,3,12,0.75
BhND,1,0,1,1.0
BhNH,3,0,3,1.0
BhNL,0,2,2,0.0
BhNM,4,7,11,0.36
BhNN,1,12,13,0.08
BhNP,6,8,14,0.43
BhNS,5,1,6,0.83
BhNb,0,2,2,0.0
BhNh,3,1,4,0.75
BhNl,2,1,3,0.67
BhNm,9,4,13,0.69
BhNn,9,10,19,0.47
BhNs,4,2,6,0.67
BhNt,0,1,1,0.0
BhPB,8,4,12,0.67
BhPD,1,0,1,1.0
BhPH,0,2,2,0.0
BhPI,2,3,5,0.4
BhPK,1,2,3,0.33
BhPL,1,0,1,1.0
BhPM,4,9,13,0.31
BhPN,4,3,7,0.57
BhPP,8,14,22,0.36
BhPS,7,6,13,0.54
BhPb,5,5,10,0.5
BhPh,1,0,1,1.0
BhPl,1,0,1,1.0
BhPm,14,8,22,0.64
BhPn,4,10,14,0.29
BhPs,5,4,9,0.56
BhPt,1,1,2,0.5
BhSB,1,2,3,0.33
BhSD,0,1,1,0.0
BhSH,0,1,1,0.0
BhSL,0,2,2,0.0
BhSM,5,6,11,0.45
BhSN,2,7,9,0.22
BhSP,3,3,6,0.5
BhSS,4,5,9,0.44
BhSb,2,5,7,0.29
BhSh,1,4,5,0.2
BhSl,4,2,6,0.67
BhSm,7,4,11,0.64
BhSn,1,3,4,0.25
BhSs,9,3,12,0.75
BhSt,2,2,4,0.5
BhbB,6,3,9,0.67
BhbH,5,0,5,1.0
BhbJ,1,2,3,0.33
BhbK,0,1,1,0.0
BhbL,2,1,3,0.67
BhbM,2,1,3,0.67
BhbN,7,2,9,0.78
BhbP,10,4,14,0.71
BhbS,3,4,7,0.43
Bhbb,3,4,7,0.43
Bhbl,4,1,5,0.8
Bhbm,5,5,10,0.5
Bhbn,6,4,10,0.6
Bhbs,4,4,8,0.5
BhhB,2,2,4,0.5
BhhD,2,0,2,1.0
BhhH,2,2,4,0.5
BhhI,1,2,3,0.33
BhhL,1,1,2,0.5
BhhM,6,5,11,0.55
BhhN,3,3,6,0.5
BhhP,3,5,8,0.38
BhhS,4,4,8,0.5
Bhhb,5,2,7,0.71
Bhhh,1,2,3,0.33
Bhhl,1,0,1,1.0
Bhhm,4,4,8,0.5
Bhhn,4,7,11,0.36
Bhhs,2,5,7,0.29
Bhht,2,2,4,0.5
BhlB,2,0,2,1.0
BhlD,0,0,0,
BhlH,1,1,2,0.5
BhlM,2,0,2,1.0
BhlN,3,4,7,0.43
BhlP,1,0,1,1.0
BhlS,0,1,1,0.0
Bhlb,1,2,3,0.33
Bhlm,0,3,3,0.0
Bhln,1,1,2,0.5
Bhls,1,1,2,0.5
BhmB,7,4,11,0.64
BhmD,3,2,5,0.6
BhmH,7,5,12,0.58
BhmJ,1,0,1,1.0
BhmL,3,0,3,1.0
BhmM,3,8,11,0.27
BhmN,4,12,16,0.25
BhmP,10,6,16,0.62
BhmS,5,8,13,0.38
Bhmb,6,5,11,0.55
Bhmh,0,1,1,0.0
Bhml,1,0,1,1.0
Bhmm,9,4,13,0.69
Bhmn,5,6,11,0.45
Bhms,3,7,10,0.3
BhnB,3,1,4,0.75
BhnD,2,0,2,1.0
BhnH,0,3,3,0.0
BhnI,2,1,3,0.67
BhnK,1,0,1,1.0
BhnL,1,1,2,0.5
BhnM,5,6,11,0.45
BhnN,12,5,17,0.71
BhnP,6,10,16,0.38
BhnS,4,7,11,0.36
Bhnb,7,4,11,0.64
Bhnh,1,1,2,0.5
Bhnl,2,0,2,1.0
Bhnm,11,6,17,0.65
Bhnn,2,5,7,0.29
Bhns,8,7,15,0.53
BhsB,4,4,8,0.5
BhsD,4,0,4,1.0
BhsH,4,8,12,0.33
BhsI,1,0,1,1.0
BhsL,1,1,2,0.5
BhsM,4,7,11,0.36
BhsN,3,8,11,0.27
BhsP,4,9,13,0.31
BhsS,8,8,16,0.5
Bhsb,6,5,11,0.55
Bhsh,1,1,2,0.5
Bhsl,0,2,2,0.0
Bhsm,6,9,15,0.4
Bhsn,4,8,12,0.33
Bhss,6,3,9,0.67
BhtB,1,0,1,1.0
BhtD,0,1,1,0.0
BhtN,0,2,2,0.0
BhtP,2,0,2,1.0
BhtS,1,0,1,1.0
Bhtl,1,0,1,1.0
Bhts,1,1,2,0.5
BjBB,15,13,28,0.54
BjBD,1,1,2,0.5
BjBK,1,0,1,1.0
BjBL,6,4,10,0.6
BjBM,10,10,20,0.5
BjBN,9,7,16,0.56
BjBP,12,14,26,0.46
BjBS,5,4,9,0.56
BjBb,7,9,16,0.44
BjBh,2,2,4,0.5
BjBj,0,1,1,0.0
BjBl,5,4,9,0.56
BjBm,13,10,23,0.57
BjBn,15,11,26,0.58
BjBs,4,12,16,0.25
BjBt,2,2,4,0.5
BjDB,1,1,2,0.5
BjDH,1,1,2,0.5
BjDL,0,1,1,0.0
BjDM,1,1,2,0.5
BjDN,1,2,3,0.33
BjDP,2,1,3,0.67
BjDS,1,0,1,1.0
BjDb,2,1,3,0.67
BjDl,1,0,1,1.0
BjDm,0,2,2,0.0
BjDn,1,1,2,0.5
BjDs,0,2,2,0.0
BjDt,0,1,1,0.0
BjHB,6,0,6,1.0
BjHD,1,0,1,1.0
BjHH,0,1,1,0.0
BjHI,0,1,1,0.0
BjHL,0,1,1,0.0
BjHM,1,7,8,0.12
BjHN,3,4,7,0.43
BjHP,4,6,10,0.4
BjHS,6,6,12,0.5
BjHb,4,4,8,0.5
BjHh,1,1,2,0.5
BjHl,2,1,3,0.67
BjHm,2,1,3,0.67
BjHn,4,4,8,0.5
BjHs,3,5,8,0.38
BjHt,0,1,1,0.0
BjIB,0,1,1,0.0
BjIH,4,0,4,1.0
BjII,0,1,1,0.0
BjIL,0,0,0,
BjIM,2,1,3,0.67
BjIN,3,2,5,0.6
BjIP,3,0,3,1.0
BjIS,0,3,3,0.0
BjIl,0,1,1,0.0
BjIm,2,3,5,0.4
BjIn,1,0,1,1.0
BjIs,1,0,1,1.0
BjIt,0,1,1,0.0
BjKM,1,0,1,1.0
BjKP,0,1,1,0.0
BjKS,0,1,1,0.0
BjKb,4,3,7,0.57
BjKl,1,0,1,1.0
BjKm,0,2,2,0.0
BjKn,1,0,1,1.0
BjKs,0,1,1,0.0
BjLB,8,9,17,0.47
BjLK,0,1,1,0.0
BjLL,1,0,1,1.0
BjLM,1,5,6,0.17
BjLN,4,3,7,0.57
BjLP,3,10,13,0.23
BjLS,3,2,5,0.6
BjLb,5,7,12,0.42
BjLh,1,3,4,0.25
BjLj,0,1,1,0.0
BjLl,3,2,5,0.6
BjLm,6,5,11,0.55
BjLn,8,4,12,0.67
BjLs,1,3,4,0.25
BjLt,2,0,2,1.0
BjMB,14,19,33,0.42
BjMD,2,1,3,0.67
BjMH,0,1,1,0.0
BjMI,1,0,1,1.0
BjML,4,4,8,0.5
BjMM,13,20,33,0.39
BjMN,7,7,14,0.5
BjMP,16,10,26,0.62
BjMS,3,4,7,0.43
BjMb,8,8,16,0.5
BjMh,6,5,11,0.55
BjMj,1,2,3,0.33
BjMl,4,4,8,0.5
BjMm,17,9,26,0.65
BjMn,7,17,24,0.29
BjMs,4,8,12,0.33
BjMt,0,2,2,0.0
BjNB,12,9,21,0.57
BjND,2,1,3,0.67
BjNH,1,3,4,0.25
BjNI,1,0,1,1.0
BjNK,0,1,1,0.0
BjNL,6,4,10,0.6
BjNM,15,13,28,0.54
BjNN,15,13,28,0.54
BjNP,14,17,31,0.45
BjNS,7,8,15,0.47
BjNb,7,7,14,0.5
BjNh,5,2,7,0.71
BjNl,2,4,6,0.33
BjNm,11,10,21,0.52
BjNn,12,7,19,0.63
BjNs,12,11,23,0.52
BjNt,1,0,1,1.0
BjPB,12,18,30,0.4
BjPD,1,1,2,0.5
BjPH,2,3,5,0.4
BjPI,1,3,4,0.25
BjPL,4,5,9,0.44
BjPM,8,19,27,0.3
BjPN,15,13,28,0.54
BjPP,16,18,34,0.47
BjPS,11,10,21,0.52
BjPb,11,16,27,0.41
BjPh,0,2,2,0.0
BjPl,5,8,13,0.38
BjPm,22,12,34,0.65
BjPn,14,12,26,0.54
BjPs,10,9,19,0.53
BjPt,2,1,3,0.67
BjSB,9,7,16,0.56
BjSD,0,1,1,0.0
BjSH,1,7,8,0.12
BjSI,1,0,1,1.0
BjSL,4,2,6,0.67
BjSM,10,9,19,0.53
BjSN,7,8,15,0.47
BjSP,8,11,19,0.42
BjSS,11,11,22,0.5
BjSb,6,1,7,0.86
BjSh,4,6,10,0.4
BjSl,3,1,4,0.75
BjSm,15,15,30,0.5
BjSn,11,15,26,0.42
BjSs,10,9,19,0.53
BjbB,12,11,23,0.52
BjbD,1,1,2,0.5
BjbH,2,4,6,0.33
BjbI,0,2,2,0.0
BjbJ,2,3,5,0.4
BjbK,1,2,3,0.33
BjbL,3,2,5,0.6
BjbM,8,18,26,0.31
BjbN,7,8,15,0.47
BjbP,9,14,23,0.39
BjbS,10,9,19,0.53
Bjbb,10,7,17,0.59
Bjbl,10,3,13,0.77
Bjbm,8,7,15,0.53
Bjbn,10,9,19,0.53
Bjbs,8,7,15,0.53
BjhB,4,2,6,0.67
BjhD,0,1,1,0.0
BjhI,2,0,2,1.0
BjhK,0,0,0,
BjhM,1,4,5,0.2
BjhN,2,1,3,0.67
BjhP,3,3,6,0.5
BjhS,2,2,4,0.5
Bjhb,0,5,5,0.0
Bjhh,1,1,2,0.5
Bjhl,1,1,2,0.5
Bjhm,2,2,4,0.5
Bjhn,0,1,1,0.0
Bjhs,4,4,8,0.5
Bjht,2,1,3,0.67
BjlB,5,3,8,0.62
BjlD,1,0,1,1.0
BjlH,10,3,13,0.77
BjlI,1,1,2,0.5
BjlJ,1,1,2,0.5
BjlL,1,2,3,0.33
BjlM,4,2,6,0.67
BjlN,3,4,7,0.43
BjlP,3,6,9,0.33
BjlS,4,6,10,0.4
Bjlb,2,5,7,0.29
Bjll,3,2,5,0.6
Bjlm,6,5,11,0.55
Bjln,4,4,8,0.5
Bjls,2,3,5,0.4
BjmB,13,9,22,0.59
BjmD,3,1,4,0.75
BjmH,6,9,15,0.4
BjmI,1,0,1,1.0
BjmJ,5,4,9,0.56
BjmK,1,0,1,1.0
BjmL,5,5,10,0.5
BjmM,22,22,44,0.5
BjmN,14,21,35,0.4
BjmP,8,11,19,0.42
BjmS,14,15,29,0.48
Bjmb,7,8,15,0.47
Bjml,4,2,6,0.67
Bjmm,19,13,32,0.59
Bjmn,19,8,27,0.7
Bjms,6,10,16,0.38
BjnB,4,6,10,0.4
BjnD,2,1,3,0.67
BjnH,10,5,15,0.67
BjnI,0,3,3,0.0
BjnK,1,1,2,0.5
BjnL,2,1,3,0.67
BjnM,8,9,17,0.47
BjnN,12,10,22,0.55
BjnP,21,18,39,0.54
BjnS,10,11,21,0.48
Bjnb,4,15,19,0.21
Bjnh,1,1,2,0.5
Bjnl,2,6,8,0.25
Bjnm,7,11,18,0.39
Bjnn,12,10,22,0.55
Bjns,10,9,19,0.53
Bjnt,0,0,0,
BjsB,10,7,17,0.59
BjsD,1,2,3,0.33
BjsH,5,6,11,0.45
BjsI,1,1,2,0.5
BjsK,1,0,1,1.0
BjsL,3,5,8,0.38
BjsM,15,14,29,0.52
BjsN,9,9,18,0.5
BjsP,10,10,20,0.5
BjsS,5,6,11,0.45
Bjsb,10,7,17,0.59
Bjsh,0,1,1,0.0
Bjsl,5,2,7,0.71
Bjsm,12,12,24,0.5
Bjsn,10,7,17,0.59
Bjss,9,12,21,0.43
Bjst,0,0,0,
BjtB,2,2,4,0.5
BjtH,1,2,3,0.33
BjtL,0,1,1,0.0
BjtM,1,1,2,0.5
BjtN,0,1,1,0.0
BjtP,3,3,6,0.5
BjtS,1,3,4,0.25
Bjtb,3,0,3,1.0
Bjtl,0,0,0,
Bjtm,0,1,1,0.0
Bjtn,0,2,2,0.0
Bjts,1,0,1,1.0
Bjtt,1,2,3,0.33
BlBB,8,6,14,0.57
BlBD,3,1,4,0.75
BlBI,0,0,0,
BlBK,5,1,6,0.83
BlBL,3,7,10,0.3
BlBM,14,11,25,0.56
BlBN,18,16,34,0.53
BlBP,25,15,40,0.62
BlBS,5,10,15,0.33
BlBb,13,11,24,0.54
BlBh,3,1,4,0.75
BlBj,2,2,4,0.5
BlBl,5,1,6,0.83
BlBm,12,17,29,0.41
BlBn,23,10,33,0.7
BlBs,15,4,19,0.79
BlBt,3,0,3,1.0
BlDB,3,1,4,0.75
BlDH,3,2,5,0.6
BlDL,0,1,1,0.0
BlDM,0,5,5,0.0
BlDN,1,2,3,0.33
BlDP,2,2,4,0.5
BlDS,1,2,3,0.33
BlDb,1,0,1,1.0
BlDl,1,0,1,1.0
BlDm,0,2,2,0.0
BlDn,2,1,3,0.67
BlDs,1,0,1,1.0
BlDt,1,0,1,1.0
BlHB,6,6,12,0.5
BlHD,5,0,5,1.0
BlHH,3,2,5,0.6
BlHI,0,2,2,0.0
BlHK,2,0,2,1.0
BlHL,2,3,5,0.4
BlHM,17,9,26,0.65
BlHN,8,16,24,0.33
BlHP,12,7,19,0.63
BlHS,10,14,24,0.42
BlHb,7,6,13,0.54
BlHh,3,6,9,0.33
BlHl,7,1,8,0.88
BlHm,9,7,16,0.56
BlHn,9,10,19,0.47
BlHs,9,5,14,0.64
BlHt,0,1,1,0.0
BlIB,1,2,3,0.33
BlIH,1,1,2,0.5
BlIL,0,2,2,0.0
BlIM,1,0,1,1.0
BlIN,2,0,2,1.0
BlIP,2,1,3,0.67
BlIS,0,1,1,0.0
BlIb,2,1,3,0.67
BlIl,2,0,2,1.0
BlIm,2,0,2,1.0
BlIn,0,4,4,0.0
BlIs,0,4,4,0.0
BlIt,0,0,0,
BlJB,5,4,9,0.56
BlJD,1,1,2,0.5
BlJH,1,4,5,0.2
BlJI,1,3,4,0.25
BlJK,1,0,1,1.0
BlJL,2,4,6,0.33
BlJM,2,1,3,0.67
BlJN,3,5,8,0.38
BlJP,9,7,16,0.56
BlJS,5,4,9,0.56
BlJb,0,2,2,0.0
BlJh,1,4,5,0.2
BlJl,4,1,5,0.8
BlJm,3,5,8,0.38
BlJn,2,2,4,0.5
BlJs,4,8,12,0.33
BlKB,2,1,3,0.67
BlKL,0,2,2,0.0
BlKM,1,0,1,1.0
BlKN,0,1,1,0.0
BlKP,4,0,4,1.0
BlKS,1,2,3,0.33
BlKh,0,0,0,
BlKm,1,0,1,1.0
BlKn,0,0,0,
BlKs,1,1,2,0.5
BlLB,8,5,13,0.62
BlLD,2,3,5,0.4
BlLL,0,2,2,0.0
BlLM,2,7,9,0.22
BlLN,5,3,8,0.62
BlLP,6,4,10,0.6
BlLS,6,4,10,0.6
BlLb,3,3,6,0.5
BlLh,2,5,7,0.29
BlLj,1,1,2,0.5
BlLl,2,2,4,0.5
BlLm,7,6,13,0.54
BlLn,4,7,11,0.36
BlLs,8,9,17,0.47
BlLt,2,0,2,1.0
BlMB,8,16,24,0.33
BlMD,2,2,4,0.5
BlMH,0,1,1,0.0
BlML,1,4,5,0.2
BlMM,14,20,34,0.41
BlMN,12,18,30,0.4
BlMP,16,10,26,0.62
BlMS,14,11,25,0.56
BlMb,11,7,18,0.61
BlMh,7,9,16,0.44
BlMj,0,0,0,
BlMl,7,8,15,0.47
BlMm,21,16,37,0.57
BlMn,26,30,56,0.46
BlMs,9,8,17,0.53
BlNB,13,17,30,0.43
BlND,3,4,7,0.43
BlNH,5,5,10,0.5
BlNK,1,0,1,1.0
BlNL,4,7,11,0.36
BlNM,15,18,33,0.45
BlNN,17,12,29,0.59
BlNP,21,22,43,0.49
BlNS,12,12,24,0.5
BlNb,19,11,30,0.63
BlNh,4,4,8,0.5
BlNl,4,5,9,0.44
BlNm,14,18,32,0.44
BlNn,24,27,51,0.47
BlNs,15,8,23,0.65
BlNt,2,4,6,0.33
BlPB,12,18,30,0.4
BlPD,2,2,4,0.5
BlPH,6,5,11,0.55
BlPI,3,1,4,0.75
BlPK,1,0,1,1.0
BlPL,4,7,11,0.36
BlPM,11,22,33,0.33
BlPN,16,17,33,0.48
BlPP,18,19,37,0.49
BlPS,13,13,26,0.5
BlPb,12,14,26,0.46
BlPh,4,1,5,0.8
BlPl,8,5,13,0.62
BlPm,27,12,39,0.69
BlPn,10,12,22,0.45
BlPs,14,18,32,0.44
BlPt,3,1,4,0.75
BlSB,4,4,8,0.5
BlSD,5,2,7,0.71
BlSH,3,7,10,0.3
BlSI,2,0,2,1.0
BlSK,1,1,2,0.5
BlSL,1,3,4,0.25
BlSM,8,13,21,0.38
BlSN,9,9,18,0.5
BlSP,11,9,20,0.55
BlSS,8,20,28,0.29
BlSb,15,2,17,0.88
BlSh,4,14,18,0.22
BlSl,3,3,6,0.5
BlSm,15,14,29,0.52
BlSn,9,14,23,0.39
BlSs,22,16,38,0.58
BlSt,3,0,3,1.0
BlbB,14,9,23,0.61
BlbD,2,1,3,0.67
BlbH,1,3,4,0.25
BlbI,0,1,1,0.0
BlbJ,6,6,12,0.5
BlbK,2,1,3,0.67
BlbL,3,4,7,0.43
BlbM,9,11,20,0.45
BlbN,10,18,28,0.36
BlbP,25,12,37,0.68
BlbS,4,11,15,0.27
Blbb,23,7,30,0.77
Blbh,0,0,0,
Blbl,10,3,13,0.77
Blbm,11,12,23,0.48
Blbn,18,18,36,0.5
Blbs,11,7,18,0.61
BlhM,1,0,1,1.0
BllB,5,5,10,0.5
BllD,0,0,0,
BllH,4,6,10,0.4
BllI,1,0,1,1.0
BllJ,2,1,3,0.67
BllL,0,3,3,0.0
BllM,6,5,11,0.55
BllN,5,5,10,0.5
BllP,8,9,17,0.47
BllS,2,1,3,0.67
Bllb,2,6,8,0.25
Blll,3,0,3,1.0
Bllm,3,4,7,0.43
Blln,7,5,12,0.58
Blls,4,2,6,0.67
BlmB,21,15,36,0.58
BlmD,1,2,3,0.33
BlmH,11,9,20,0.55
BlmI,4,1,5,0.8
BlmJ,6,0,6,1.0
BlmL,4,4,8,0.5
BlmM,15,18,33,0.45
BlmN,30,12,42,0.71
BlmP,19,24,43,0.44
BlmS,12,8,20,0.6
Blmb,16,19,35,0.46
Blml,0,6,6,0.0
Blmm,11,13,24,0.46
Blmn,11,15,26,0.42
Blms,10,5,15,0.67
BlnB,11,12,23,0.48
BlnD,2,2,4,0.5
BlnH,9,9,18,0.5
BlnI,4,2,6,0.67
BlnL,3,3,6,0.5
BlnM,11,16,27,0.41
BlnN,15,17,32,0.47
BlnP,24,19,43,0.56
BlnS,11,15,26,0.42
Blnb,8,18,26,0.31
Blnh,1,0,1,1.0
Blnl,6,1,7,0.86
Blnm,13,9,22,0.59
Blnn,11,11,22,0.5
Blns,6,7,13,0.46
BlsB,7,10,17,0.41
BlsD,2,2,4,0.5
BlsH,9,6,15,0.6
BlsI,4,1,5,0.8
BlsL,1,3,4,0.25
BlsM,8,14,22,0.36
BlsN,12,8,20,0.6
BlsP,18,13,31,0.58
BlsS,11,8,19,0.58
Blsb,8,4,12,0.67
Blsh,1,0,1,1.0
Blsl,2,4,6,0.33
Blsm,14,10,24,0.58
Blsn,16,5,21,0.76
Blss,12,8,20,0.6
BltB,1,0,1,1.0
BmBB,31,40,71,0.44
BmBD,9,4,13,0.69
BmBH,1,1,2,0.5
BmBK,2,7,9,0.22
BmBL,10,14,24,0.42
BmBM,37,35,72,0.51
BmBN,54,64,118,0.46
BmBP,50,58,108,0.46
BmBS,32,32,64,0.5
BmBb,41,35,76,0.54
BmBh,5,12,17,0.29
BmBj,8,9,17,0.47
BmBl,8,13,21,0.38
BmBm,50,42,92,0.54
BmBn,73,69,142,0.51
BmBs,32,37,69,0.46
BmBt,15,10,25,0.6
BmDB,11,9,20,0.55
BmDD,6,1,7,0.86
BmDH,6,9,15,0.4
BmDI,2,1,3,0.67
BmDL,4,2,6,0.67
BmDM,7,10,17,0.41
BmDN,9,12,21,0.43
BmDP,10,7,17,0.59
BmDS,14,11,25,0.56
BmDb,4,11,15,0.27
BmDl,0,6,6,0.0
BmDm,13,15,28,0.46
BmDn,16,12,28,0.57
BmDs,11,7,18,0.61
BmDt,5,0,5,1.0
BmHB,26,38,64,0.41
BmHD,14,7,21,0.67
BmHH,12,13,25,0.48
BmHI,8,5,13,0.62
BmHK,4,1,5,0.8
BmHL,10,12,22,0.45
BmHM,41,58,99,0.41
BmHN,50,49,99,0.51
BmHP,51,54,105,0.49
BmHS,35,52,87,0.4
BmHb,35,35,70,0.5
BmHh,28,26,54,0.52
BmHl,9,13,22,0.41
BmHm,55,43,98,0.56
BmHn,54,62,116,0.47
BmHs,53,49,102,0.52
BmHt,6,3,9,0.67
BmIB,5,2,7,0.71
BmID,2,0,2,1.0
BmIH,4,4,8,0.5
BmIL,1,1,2,0.5
BmIM,2,12,14,0.14
BmIN,7,5,12,0.58
BmIP,9,4,13,0.69
BmIS,7,7,14,0.5
BmIb,3,6,9,0.33
BmIh,0,2,2,0.0
BmIl,2,1,3,0.67
BmIm,6,6,12,0.5
BmIn,7,6,13,0.54
BmIs,5,8,13,0.38
BmJB,10,10,20,0.5
BmJD,1,3,4,0.25
BmJH,8,7,15,0.53
BmJI,2,1,3,0.67
BmJK,0,2,2,0.0
BmJL,5,3,8,0.62
BmJM,11,16,27,0.41
BmJN,12,22,34,0.35
BmJP,17,10,27,0.63
BmJS,15,6,21,0.71
BmJb,14,9,23,0.61
BmJh,0,3,3,0.0
BmJl,0,6,6,0.0
BmJm,19,13,32,0.59
BmJn,12,7,19,0.63
BmJs,6,14,20,0.3
BmJt,1,2,3,0.33
BmKB,1,0,1,1.0
BmKD,1,0,1,1.0
BmKI,1,0,1,1.0
BmKM,1,0,1,1.0
BmKN,2,0,2,1.0
BmKP,1,1,2,0.5
BmKS,1,1,2,0.5
BmKb,1,1,2,0.5
BmKh,2,0,2,1.0
BmKm,2,2,4,0.5
BmKn,0,0,0,
BmKs,3,1,4,0.75
BmLB,13,13,26,0.5
BmLD,1,1,2,0.5
BmLH,0,2,2,0.0
BmLK,2,0,2,1.0
BmLL,3,8,11,0.27
BmLM,16,11,27,0.59
BmLN,15,10,25,0.6
BmLP,11,16,27,0.41
BmLS,9,18,27,0.33
BmLb,10,10,20,0.5
BmLh,7,8,15,0.47
BmLj,6,6,12,0.5
BmLl,5,6,11,0.45
BmLm,22,23,45,0.49
BmLn,23,19,42,0.55
BmLs,8,13,21,0.38
BmLt,2,2,4,0.5
BmMB,53,56,109,0.49
BmMD,9,8,17,0.53
BmMH,1,1,2,0.5
BmMI,1,0,1,1.0
BmMK,1,3,4,0.25
BmML,14,13,27,0.52
BmMM,55,68,123,0.45
BmMN,70,79,149,0.47
BmMP,63,60,123,0.51
BmMS,35,44,79,0.44
BmMb,38,55,93,0.41
BmMh,30,48,78,0.38
BmMj,10,6,16,0.62
BmMl,21,16,37,0.57
BmMm,70,65,135,0.52
BmMn,81,98,179,0.45
BmMs,61,40,101,0.6
BmMt,10,10,20,0.5
BmNB,48,65,113,0.42
BmND,15,13,28,0.54
BmNH,17,22,39,0.44
BmNI,2,2,4,0.5
BmNK,14,6,20,0.7
BmNL,14,16,30,0.47
BmNM,60,70,130,0.46
BmNN,82,79,161,0.51
BmNP,86,86,172,0.5
BmNS,63,61,124,0.51
BmNb,29,48,77,0.38
BmNh,22,25,47,0.47
BmNl,14,16,30,0.47
BmNm,68,69,137,0.5
BmNn,102,104,206,0.5
BmNs,62,61,123,0.5
BmNt,14,18,32,0.44
BmPB,37,40,77,0.48
BmPD,5,9,14,0.36
BmPH,19,18,37,0.51
BmPI,4,9,13,0.31
BmPK,4,8,12,0.33
BmPL,19,12,31,0.61
BmPM,69,72,141,0.49
BmPN,67,77,144,0.47
BmPP,67,77,144,0.47
BmPS,26,48,74,0.35
BmPb,56,39,95,0.59
BmPh,6,8,14,0.43
BmPl,22,17,39,0.56
BmPm,63,55,118,0.53
BmPn,69,63,132,0.52
BmPs,53,43,96,0.55
BmPt,7,9,16,0.44
BmSB,29,31,60,0.48
BmSD,10,8,18,0.56
BmSH,20,18,38,0.53
BmSI,3,2,5,0.6
BmSK,4,1,5,0.8
BmSL,11,10,21,0.52
BmSM,37,43,80,0.46
BmSN,45,42,87,0.52
BmSP,38,34,72,0.53
BmSS,45,54,99,0.45
BmSb,19,25,44,0.43
BmSh,19,18,37,0.51
BmSl,12,7,19,0.63
BmSm,52,41,93,0.56
BmSn,57,42,99,0.58
BmSs,56,54,110,0.51
BmSt,9,7,16,0.56
BmbB,34,46,80,0.42
BmbD,5,5,10,0.5
BmbH,11,16,27,0.41
BmbI,8,7,15,0.53
BmbJ,11,24,35,0.31
BmbK,5,4,9,0.56
BmbL,13,16,29,0.45
BmbM,43,55,98,0.44
BmbN,50,51,101,0.5
BmbP,47,44,91,0.52
BmbS,33,18,51,0.65
Bmbb,48,50,98,0.49
Bmbl,12,8,20,0.6
Bmbm,34,34,68,0.5
Bmbn,41,44,85,0.48
Bmbs,32,19,51,0.63
Bmbt,1,0,1,1.0
BmhB,1,0,1,1.0
BmhH,1,0,1,1.0
BmhI,1,1,2,0.5
BmhM,0,1,1,0.0
BmhS,1,0,1,1.0
Bmhh,1,0,1,1.0
Bmhm,1,1,2,0.5
BmlB,13,8,21,0.62
BmlD,1,0,1,1.0
BmlH,9,8,17,0.53
BmlI,3,0,3,1.0
BmlJ,1,3,4,0.25
BmlK,0,0,0,
BmlL,7,7,14,0.5
BmlM,10,15,25,0.4
BmlN,20,15,35,0.57
BmlP,10,16,26,0.38
BmlS,11,8,19,0.58
Bmlb,9,10,19,0.47
Bmlh,0,1,1,0.0
Bmll,3,4,7,0.43
Bmlm,9,12,21,0.43
Bmln,16,12,28,0.57
Bmls,8,10,18,0.44
BmmB,46,44,90,0.51
BmmD,13,13,26,0.5
BmmH,32,40,72,0.44
BmmI,8,9,17,0.47
BmmJ,13,15,28,0.46
BmmK,1,0,1,1.0
BmmL,17,14,31,0.55
BmmM,54,58,112,0.48
BmmN,81,74,155,0.52
BmmP,62,61,123,0.5
BmmS,38,42,80,0.48
Bmmb,48,39,87,0.55
Bmmh,1,1,2,0.5
Bmml,9,13,22,0.41
Bmmm,58,44,102,0.57
Bmmn,68,62,130,0.52
Bmms,28,18,46,0.61
BmnB,47,46,93,0.51
BmnD,13,17,30,0.43
BmnH,32,37,69,0.46
BmnI,8,6,14,0.57
BmnK,2,6,8,0.25
BmnL,7,13,20,0.35
BmnM,52,58,110,0.47
BmnN,84,91,175,0.48
BmnP,79,67,146,0.54
BmnS,45,32,77,0.58
Bmnb,40,45,85,0.47
Bmnh,2,0,2,1.0
Bmnl,14,10,24,0.58
Bmnm,40,36,76,0.53
Bmnn,72,57,129,0.56
Bmns,51,52,103,0.5
Bmnt,1,2,3,0.33
BmsB,27,29,56,0.48
BmsD,7,12,19,0.37
BmsH,20,38,58,0.34
BmsI,9,4,13,0.69
BmsL,10,7,17,0.59
BmsM,42,43,85,0.49
BmsN,38,49,87,0.44
BmsP,42,47,89,0.47
BmsS,50,53,103,0.49
Bmsb,25,22,47,0.53
Bmsh,2,2,4,0.5
Bmsl,9,13,22,0.41
Bmsm,34,33,67,0.51
Bmsn,35,34,69,0.51
Bmss,56,38,94,0.6
Bmst,2,1,3,0.67
BmtI,1,0,1,1.0
BmtL,0,1,1,0.0
BmtN,1,0,1,1.0
BmtS,0,1,1,0.0
Bmth,0,1,1,0.0
BnBB,48,65,113,0.42
BnBD,9,6,15,0.6
BnBH,0,2,2,0.0
BnBK,4,7,11,0.36
BnBL,10,16,26,0.38
BnBM,40,51,91,0.44
BnBN,41,91,132,0.31
BnBP,63,53,116,0.54
BnBS,26,33,59,0.44
BnBb,32,54,86,0.37
BnBh,6,5,11,0.55
BnBj,10,17,27,0.37
BnBl,12,19,31,0.39
BnBm,60,50,110,0.55
BnBn,77,93,170,0.45
BnBs,20,28,48,0.42
BnBt,16,6,22,0.73
BnDB,10,11,21,0.48
BnDD,4,2,6,0.67
BnDH,8,5,13,0.62
BnDI,0,1,1,0.0
BnDL,8,0,8,1.0
BnDM,14,15,29,0.48
BnDN,7,13,20,0.35
BnDP,6,10,16,0.38
BnDS,11,12,23,0.48
BnDb,7,2,9,0.78
BnDl,1,3,4,0.25
BnDm,15,11,26,0.58
BnDn,11,9,20,0.55
BnDs,4,8,12,0.33
BnDt,3,2,5,0.6
BnHB,27,23,50,0.54
BnHD,4,4,8,0.5
BnHH,6,13,19,0.32
BnHI,9,6,15,0.6
BnHK,2,4,6,0.33
BnHL,17,8,25,0.68
BnHM,26,35,61,0.43
BnHN,43,38,81,0.53
BnHP,39,53,92,0.42
BnHS,42,41,83,0.51
BnHb,14,25,39,0.36
BnHh,12,19,31,0.39
BnHl,12,10,22,0.55
BnHm,37,28,65,0.57
BnHn,35,44,79,0.44
BnHs,43,37,80,0.54
BnHt,2,4,6,0.33
BnIB,11,11,22,0.5
BnID,1,2,3,0.33
BnIH,9,16,25,0.36
BnII,0,2,2,0.0
BnIL,2,2,4,0.5
BnIM,16,13,29,0.55
BnIN,16,16,32,0.5
BnIP,15,16,31,0.48
BnIS,9,13,22,0.41
BnIb,12,10,22,0.55
BnIh,0,2,2,0.0
BnIl,6,9,15,0.4
BnIm,17,6,23,0.74
BnIn,9,11,20,0.45
BnIs,9,7,16,0.56
BnIt,1,3,4,0.25
BnKB,4,6,10,0.4
BnKD,1,1,2,0.5
BnKH,0,1,1,0.0
BnKI,0,1,1,0.0
BnKL,0,2,2,0.0
BnKM,3,5,8,0.38
BnKN,5,4,9,0.56
BnKP,4,8,12,0.33
BnKS,6,4,10,0.6
BnKb,2,3,5,0.4
BnKh,4,3,7,0.57
BnKl,2,2,4,0.5
BnKm,8,5,13,0.62
BnKn,3,7,10,0.3
BnKs,8,7,15,0.53
BnLB,16,22,38,0.42
BnLD,1,1,2,0.5
BnLL,6,10,16,0.38
BnLM,13,16,29,0.45
BnLN,16,17,33,0.48
BnLP,27,20,47,0.57
BnLS,11,10,21,0.52
BnLb,8,16,24,0.33
BnLh,10,6,16,0.62
BnLj,7,5,12,0.58
BnLl,5,9,14,0.36
BnLm,13,16,29,0.45
BnLn,22,28,50,0.44
BnLs,12,7,19,0.63
BnLt,1,3,4,0.25
BnMB,75,73,148,0.51
BnMD,13,11,24,0.54
BnMH,1,0,1,1.0
BnMK,1,2,3,0.33
BnML,15,12,27,0.56
BnMM,48,68,116,0.41
BnMN,60,84,144,0.42
BnMP,65,87,152,0.43
BnMS,47,47,94,0.5
BnMb,51,68,119,0.43
BnMh,32,45,77,0.42
BnMj,11,11,22,0.5
BnMl,18,12,30,0.6
BnMm,79,73,152,0.52
BnMn,85,91,176,0.48
BnMs,36,48,84,0.43
BnMt,12,8,20,0.6
BnNB,73,72,145,0.5
BnND,19,16,35,0.54
BnNH,15,21,36,0.42
BnNI,3,0,3,1.0
BnNK,3,11,14,0.21
BnNL,14,26,40,0.35
BnNM,70,74,144,0.49
BnNN,103,109,212,0.49
BnNP,101,99,200,0.5
BnNS,83,61,144,0.58
BnNb,74,56,130,0.57
BnNh,25,29,54,0.46
BnNl,23,27,50,0.46
BnNm,85,76,161,0.53
BnNn,115,111,226,0.51
BnNs,84,89,173,0.49
BnNt,19,17,36,0.53
BnPB,82,71,153,0.54
BnPD,13,12,25,0.52
BnPH,33,29,62,0.53
BnPI,21,12,33,0.64
BnPK,5,14,19,0.26
BnPL,28,30,58,0.48
BnPM,83,101,184,0.45
BnPN,89,99,188,0.47
BnPP,124,116,240,0.52
BnPS,76,70,146,0.52
BnPb,77,59,136,0.57
BnPh,14,13,27,0.52
BnPl,33,31,64,0.52
BnPm,103,77,180,0.57
BnPn,87,102,189,0.46
BnPs,64,75,139,0.46
BnPt,7,14,21,0.33
BnSB,30,40,70,0.43
BnSD,6,6,12,0.5
BnSH,22,19,41,0.54
BnSI,2,4,6,0.33
BnSK,1,1,2,0.5
BnSL,13,15,28,0.46
BnSM,46,61,107,0.43
BnSN,56,55,111,0.5
BnSP,60,70,130,0.46
BnSS,62,60,122,0.51
BnSb,24,33,57,0.42
BnSh,25,40,65,0.38
BnSl,11,12,23,0.48
BnSm,52,49,101,0.51
BnSn,56,62,118,0.47
BnSs,63,59,122,0.52
BnSt,8,6,14,0.57
BnbB,50,36,86,0.58
BnbD,5,3,8,0.62
BnbH,16,20,36,0.44
BnbI,12,6,18,0.67
BnbJ,13,16,29,0.45
BnbK,6,10,16,0.38
BnbL,10,15,25,0.4
BnbM,52,61,113,0.46
BnbN,66,58,124,0.53
BnbP,66,60,126,0.52
BnbS,33,40,73,0.45
Bnbb,46,42,88,0.52
Bnbl,16,10,26,0.62
Bnbm,46,40,86,0.53
Bnbn,50,60,110,0.45
Bnbs,30,23,53,0.57
BnhB,4,4,8,0.5
BnhD,1,1,2,0.5
BnhH,1,1,2,0.5
BnhI,1,1,2,0.5
BnhL,2,1,3,0.67
BnhM,6,3,9,0.67
BnhN,5,2,7,0.71
BnhP,3,4,7,0.43
BnhS,4,6,10,0.4
Bnhb,1,6,7,0.14
Bnhh,1,4,5,0.2
Bnhl,0,2,2,0.0
Bnhm,4,6,10,0.4
Bnhn,5,8,13,0.38
Bnhs,4,5,9,0.44
Bnht,0,2,2,0.0
BnlB,18,24,42,0.43
BnlD,0,2,2,0.0
BnlH,16,16,32,0.5
BnlI,2,2,4,0.5
BnlJ,4,7,11,0.36
BnlK,0,1,1,0.0
BnlL,5,7,12,0.42
BnlM,17,26,43,0.4
BnlN,23,24,47,0.49
BnlP,18,24,42,0.43
BnlS,17,15,32,0.53
Bnlb,12,14,26,0.46
Bnll,7,6,13,0.54
Bnlm,23,13,36,0.64
Bnln,10,20,30,0.33
Bnls,14,19,33,0.42
BnmB,56,51,107,0.52
BnmD,13,6,19,0.68
BnmH,55,62,117,0.47
BnmI,7,8,15,0.47
BnmJ,19,13,32,0.59
BnmK,0,0,0,
BnmL,20,19,39,0.51
BnmM,63,86,149,0.42
BnmN,94,94,188,0.5
BnmP,62,63,125,0.5
BnmS,59,49,108,0.55
Bnmb,55,54,109,0.5
Bnml,10,15,25,0.4
Bnmm,63,53,116,0.54
Bnmn,88,64,152,0.58
Bnms,50,46,96,0.52
BnnB,56,41,97,0.58
BnnD,15,7,22,0.68
BnnH,38,55,93,0.41
BnnI,14,18,32,0.44
BnnK,3,4,7,0.43
BnnL,21,19,40,0.52
BnnM,53,78,131,0.4
BnnN,96,98,194,0.49
BnnP,101,91,192,0.53
BnnS,59,71,130,0.45
Bnnb,59,49,108,0.55
Bnnh,4,6,10,0.4
Bnnl,21,11,32,0.66
Bnnm,74,52,126,0.59
Bnnn,97,84,181,0.54
Bnns,65,61,126,0.52
Bnnt,0,1,1,0.0
BnsB,37,26,63,0.59
BnsD,15,11,26,0.58
BnsH,45,49,94,0.48
BnsI,9,5,14,0.64
BnsK,0,2,2,0.0
BnsL,13,16,29,0.45
BnsM,37,66,103,0.36
BnsN,49,73,122,0.4
BnsP,62,47,109,0.57
BnsS,58,79,137,0.42
Bnsb,38,39,77,0.49
Bnsh,2,4,6,0.33
Bnsl,11,14,25,0.44
Bnsm,54,49,103,0.52
Bnsn,47,53,100,0.47
Bnss,70,65,135,0.52
Bnst,3,1,4,0.75
BntB,1,1,2,0.5
BntD,0,2,2,0.0
BntH,0,1,1,0.0
BntM,0,4,4,0.0
BntP,2,2,4,0.5
BntS,1,0,1,1.0
Bntm,0,0,0,
Bntn,0,2,2,0.0
Bnts,2,2,4,0.5
BsBB,18,19,37,0.49
BsBD,3,4,7,0.43
BsBK,1,2,3,0.33
BsBL,3,7,10,0.3
BsBM,20,18,38,0.53
BsBN,22,22,44,0.5
BsBP,17,26,43,0.4
BsBS,14,14,28,0.5
BsBb,15,15,30,0.5
BsBh,2,1,3,0.67
BsBj,4,4,8,0.5
BsBl,5,4,9,0.56
BsBm,27,22,49,0.55
BsBn,29,27,56,0.52
BsBs,9,13,22,0.41
BsBt,5,3,8,0.62
BsDB,3,3,6,0.5
BsDD,5,0,5,1.0
BsDH,3,6,9,0.33
BsDI,2,1,3,0.67
BsDL,2,1,3,0.67
BsDM,4,5,9,0.44
BsDN,5,8,13,0.38
BsDP,6,5,11,0.55
BsDS,7,9,16,0.44
BsDb,6,2,8,0.75
BsDh,0,1,1,0.0
BsDl,1,1,2,0.5
BsDm,6,2,8,0.75
BsDn,3,5,8,0.38
BsDs,5,6,11,0.45
BsDt,1,0,1,1.0
BsHB,15,6,21,0.71
BsHD,4,1,5,0.8
BsHH,9,7,16,0.56
BsHI,2,7,9,0.22
BsHK,1,3,4,0.25
BsHL,6,11,17,0.35
BsHM,23,33,56,0.41
BsHN,27,31,58,0.47
BsHP,30,31,61,0.49
BsHS,24,35,59,0.41
BsHb,22,17,39,0.56
BsHh,9,10,19,0.47
BsHl,10,9,19,0.53
BsHm,25,18,43,0.58
BsHn,27,23,50,0.54
BsHs,33,31,64,0.52
BsHt,3,3,6,0.5
BsIB,0,3,3,0.0
BsID,0,0,0,
BsIH,6,6,12,0.5
BsII,0,1,1,0.0
BsIL,3,1,4,0.75
BsIM,7,7,14,0.5
BsIN,3,4,7,0.43
BsIP,6,7,13,0.46
BsIS,5,6,11,0.45
BsIb,9,6,15,0.6
BsIl,1,0,1,1.0
BsIm,9,9,18,0.5
BsIn,4,3,7,0.57
BsIs,4,6,10,0.4
BsIt,1,1,2,0.5
BsKB,1,0,1,1.0
BsKN,0,1,1,0.0
BsKP,0,2,2,0.0
BsKb,0,1,1,0.0
BsKh,0,1,1,0.0
BsKm,1,1,2,0.5
BsKn,2,0,2,1.0
BsKs,0,0,0,
BsLB,8,3,11,0.73
BsLD,2,0,2,1.0
BsLH,1,1,2,0.5
BsLK,1,1,2,0.5
BsLL,2,3,5,0.4
BsLM,5,12,17,0.29
BsLN,4,7,11,0.36
BsLP,5,5,10,0.5
BsLS,12,6,18,0.67
BsLb,8,6,14,0.57
BsLh,8,2,10,0.8
BsLj,2,2,4,0.5
BsLl,3,3,6,0.5
BsLm,9,9,18,0.5
BsLn,13,9,22,0.59
BsLs,7,4,11,0.64
BsLt,2,0,2,1.0
BsMB,17,35,52,0.33
BsMD,5,3,8,0.62
BsMH,1,1,2,0.5
BsML,2,7,9,0.22
BsMM,23,36,59,0.39
BsMN,16,25,41,0.39
BsMP,36,27,63,0.57
BsMS,27,29,56,0.48
BsMb,28,18,46,0.61
BsMh,20,24,44,0.45
BsMj,6,2,8,0.75
BsMl,14,4,18,0.78
BsMm,32,26,58,0.55
BsMn,51,37,88,0.58
BsMs,32,27,59,0.54
BsMt,7,1,8,0.88
BsNB,24,21,45,0.53
BsND,7,6,13,0.54
BsNH,6,5,11,0.55
BsNK,2,3,5,0.4
BsNL,9,4,13,0.69
BsNM,21,24,45,0.47
BsNN,39,35,74,0.53
BsNP,47,45,92,0.51
BsNS,22,35,57,0.39
BsNb,25,26,51,0.49
BsNh,5,8,13,0.38
BsNl,9,8,17,0.53
BsNm,27,27,54,0.5
BsNn,36,27,63,0.57
BsNs,47,32,79,0.59
BsNt,10,9,19,0.53
BsPB,27,16,43,0.63
BsPD,5,2,7,0.71
BsPH,13,15,28,0.46
BsPI,9,3,12,0.75
BsPK,4,1,5,0.8
BsPL,12,10,22,0.55
BsPM,28,49,77,0.36
BsPN,39,25,64,0.61
BsPP,30,36,66,0.45
BsPS,22,36,58,0.38
BsPb,22,22,44,0.5
BsPh,2,1,3,0.67
BsPl,15,10,25,0.6
BsPm,31,37,68,0.46
BsPn,35,25,60,0.58
BsPs,33,34,67,0.49
BsPt,4,6,10,0.4
BsSB,30,22,52,0.58
BsSD,7,5,12,0.58
BsSH,10,17,27,0.37
BsSI,1,2,3,0.33
BsSL,6,6,12,0.5
BsSM,34,34,68,0.5
BsSN,28,30,58,0.48
BsSP,42,33,75,0.56
BsSS,44,43,87,0.51
BsSb,23,17,40,0.57
BsSh,18,18,36,0.5
BsSl,10,10,20,0.5
BsSm,32,28,60,0.53
BsSn,28,35,63,0.44
BsSs,49,46,95,0.52
BsSt,10,11,21,0.48
BsbB,5,11,16,0.31
BsbD,6,8,14,0.43
BsbH,13,12,25,0.52
BsbI,1,2,3,0.33
BsbJ,2,3,5,0.4
BsbK,2,2,4,0.5
BsbL,7,5,12,0.58
BsbM,16,15,31,0.52
BsbN,16,30,46,0.35
BsbP,17,15,32,0.53
BsbS,13,18,31,0.42
Bsbb,27,18,45,0.6
Bsbl,8,10,18,0.44
Bsbm,20,20,40,0.5
Bsbn,21,22,43,0.49
Bsbs,8,11,19,0.42
BshB,3,1,4,0.75
BshH,1,1,2,0.5
BshL,1,3,4,0.25
BshM,0,2,2,0.0
BshN,2,1,3,0.67
BshP,0,3,3,0.0
BshS,0,2,2,0.0
Bshb,1,0,1,1.0
Bshh,1,3,4,0.25
Bshl,1,1,2,0.5
Bshm,0,1,1,0.0
Bshn,2,3,5,0.4
Bshs,0,2,2,0.0
Bsht,0,1,1,0.0
BslB,11,11,22,0.5
BslD,2,1,3,0.67
BslH,4,4,8,0.5
BslI,1,0,1,1.0
BslJ,3,2,5,0.6
BslL,5,6,11,0.45
BslM,8,10,18,0.44
BslN,18,16,34,0.53
BslP,15,5,20,0.75
BslS,7,3,10,0.7
Bslb,9,2,11,0.82
Bsll,2,1,3,0.67
Bslm,6,4,10,0.6
Bsln,12,0,12,1.0
Bsls,9,8,17,0.53
BsmB,17,20,37,0.46
BsmD,7,5,12,0.58
BsmH,28,28,56,0.5
BsmI,2,2,4,0.5
BsmJ,5,12,17,0.29
BsmK,1,0,1,1.0
BsmL,6,11,17,0.35
BsmM,32,32,64,0.5
BsmN,42,40,82,0.51
BsmP,25,36,61,0.41
BsmS,32,25,57,0.56
Bsmb,25,23,48,0.52
Bsmh,0,0,0,
Bsml,6,7,13,0.46
Bsmm,25,30,55,0.45
Bsmn,26,37,63,0.41
Bsms,21,28,49,0.43
BsnB,19,25,44,0.43
BsnD,7,4,11,0.64
BsnH,17,16,33,0.52
BsnI,6,4,10,0.6
BsnK,1,3,4,0.25
BsnL,3,10,13,0.23
BsnM,19,28,47,0.4
BsnN,28,35,63,0.44
BsnP,25,34,59,0.42
BsnS,28,23,51,0.55
Bsnb,26,10,36,0.72
Bsnh,0,1,1,0.0
Bsnl,4,11,15,0.27
Bsnm,27,24,51,0.53
Bsnn,27,20,47,0.57
Bsns,27,27,54,0.5
Bsnt,1,1,2,0.5
BssB,19,26,45,0.42
BssD,6,8,14,0.43
BssH,38,36,74,0.51
BssI,4,6,10,0.4
BssK,0,0,0,
BssL,12,5,17,0.71
BssM,23,33,56,0.41
BssN,25,33,58,0.43
BssP,40,30,70,0.57
BssS,35,41,76,0.46
Bssb,12,21,33,0.36
Bssh,0,2,2,0.0
Bssl,6,3,9,0.67
Bssm,36,22,58,0.62
Bssn,28,33,61,0.46
Bsss,35,28,63,0.56
BstB,1,0,1,1.0
BstH,2,0,2,1.0
BstI,0,1,1,0.0
BstM,0,0,0,
BstN,0,2,2,0.0
BstP,1,0,1,1.0
BstS,1,1,2,0.5
Bstb,1,1,2,0.5
Bstm,2,1,3,0.67
Bsts,0,2,2,0.0
BtBB,11,14,25,0.44
BtBD,0,1,1,0.0
BtBK,0,1,1,0.0
BtBL,3,3,6,0.5
BtBM,3,8,11,0.27
BtBN,5,7,12,0.42
BtBP,10,6,16,0.62
BtBS,2,4,6,0.33
BtBb,8,10,18,0.44
BtBh,1,0,1,1.0
BtBj,2,2,4,0.5
BtBl,2,3,5,0.4
BtBm,6,6,12,0.5
BtBn,6,12,18,0.33
BtBs,4,5,9,0.44
BtBt,1,2,3,0.33
BtDB,0,1,1,0.0
BtDH,1,0,1,1.0
BtDM,2,1,3,0.67
BtDN,2,1,3,0.67
BtDP,3,1,4,0.75
BtDS,2,2,4,0.5
BtDl,0,1,1,0.0
BtDm,4,2,6,0.67
BtDn,2,0,2,1.0
BtDs,2,2,4,0.5
BtDt,0,1,1,0.0
BtHB,3,4,7,0.43
BtHD,1,0,1,1.0
BtHH,3,2,5,0.6
BtHK,0,2,2,0.0
BtHL,1,2,3,0.33
BtHM,3,6,9,0.33
BtHN,6,4,10,0.6
BtHP,5,1,6,0.83
BtHS,6,3,9,0.67
BtHb,5,1,6,0.83
BtHh,2,2,4,0.5
BtHl,2,0,2,1.0
BtHm,7,9,16,0.44
BtHn,3,5,8,0.38
BtHs,8,6,14,0.57
BtIB,0,1,1,0.0
BtIH,1,0,1,1.0
BtIP,1,0,1,1.0
BtIS,1,0,1,1.0
BtIb,1,0,1,1.0
BtIl,1,0,1,1.0
BtIm,3,0,3,1.0
BtIs,0,3,3,0.0
BtIt,1,0,1,1.0
BtKB,0,1,1,0.0
BtKL,0,1,1,0.0
BtKM,1,1,2,0.5
BtKN,0,1,1,0.0
BtKP,1,1,2,0.5
BtKS,0,1,1,0.0
BtKb,1,0,1,1.0
BtKm,1,0,1,1.0
BtLB,3,2,5,0.6
BtLK,0,1,1,0.0
BtLM,1,2,3,0.33
BtLN,2,2,4,0.5
BtLP,3,4,7,0.43
BtLS,1,1,2,0.5
BtLb,5,2,7,0.71
BtLh,2,1,3,0.67
BtLl,0,4,4,0.0
BtLm,1,2,3,0.33
BtLn,3,4,7,0.43
BtLs,2,3,5,0.4
BtMB,7,12,19,0.37
BtMD,4,1,5,0.8
BtMH,0,2,2,0.0
BtML,4,4,8,0.5
BtMM,9,10,19,0.47
BtMN,7,10,17,0.41
BtMP,7,8,15,0.47
BtMS,2,9,11,0.18
BtMb,8,7,15,0.53
BtMh,3,10,13,0.23
BtMl,2,3,5,0.4
BtMm,10,13,23,0.43
BtMn,12,8,20,0.6
BtMs,4,5,9,0.44
BtMt,2,1,3,0.67
BtNB,4,7,11,0.36
BtND,0,1,1,0.0
BtNH,2,2,4,0.5
BtNK,0,0,0,
BtNL,3,2,5,0.6
BtNM,2,9,11,0.18
BtNN,7,4,11,0.64
BtNP,8,8,16,0.5
BtNS,8,12,20,0.4
BtNb,7,5,12,0.58
BtNh,4,2,6,0.67
BtNl,2,2,4,0.5
BtNm,9,7,16,0.56
BtNn,7,12,19,0.37
BtNs,4,5,9,0.44
BtNt,2,4,6,0.33
BtPB,13,7,20,0.65
BtPD,0,1,1,0.0
BtPH,6,7,13,0.46
BtPI,0,0,0,
BtPK,0,2,2,0.0
BtPL,2,3,5,0.4
BtPM,10,9,19,0.53
BtPN,1,13,14,0.07
BtPP,14,14,28,0.5
BtPS,9,6,15,0.6
BtPb,10,5,15,0.67
BtPh,2,1,3,0.67
BtPl,2,4,6,0.33
BtPm,12,9,21,0.57
BtPn,7,16,23,0.3
BtPs,6,9,15,0.4
BtPt,2,0,2,1.0
BtSB,6,11,17,0.35
BtSD,1,0,1,1.0
BtSH,5,4,9,0.56
BtSI,0,1,1,0.0
BtSL,3,2,5,0.6
BtSM,3,12,15,0.2
BtSN,3,8,11,0.27
BtSP,4,12,16,0.25
BtSS,7,11,18,0.39
BtSb,5,6,11,0.45
BtSh,1,6,7,0.14
BtSl,3,2,5,0.6
BtSm,4,8,12,0.33
BtSn,4,9,13,0.31
BtSs,4,7,11,0.36
BtSt,3,1,4,0.75
BtbB,6,10,16,0.38
BtbD,0,1,1,0.0
BtbH,2,3,5,0.4
BtbI,3,0,3,1.0
BtbJ,1,2,3,0.33
BtbK,0,1,1,0.0
BtbL,2,4,6,0.33
BtbM,3,6,9,0.33
BtbN,11,10,21,0.52
BtbP,11,4,15,0.73
BtbS,3,4,7,0.43
Btbb,4,8,12,0.33
Btbl,3,0,3,1.0
Btbm,1,9,10,0.1
Btbn,9,5,14,0.64
Btbs,3,5,8,0.38
BthH,1,0,1,1.0
BthN,1,1,2,0.5
BthP,0,1,1,0.0
BthS,0,1,1,0.0
Bthh,0,2,2,0.0
Bthl,1,0,1,1.0
Bths,0,1,1,0.0
BtlB,1,2,3,0.33
BtlH,2,2,4,0.5
BtlL,2,2,4,0.5
BtlM,4,2,6,0.67
BtlN,1,1,2,0.5
BtlP,2,4,6,0.33
BtlS,4,4,8,0.5
Btlb,4,3,7,0.57
Btll,0,1,1,0.0
Btlm,1,3,4,0.25
Btln,2,2,4,0.5
Btls,6,3,9,0.67
BtmB,6,7,13,0.46
BtmD,2,2,4,0.5
BtmH,7,10,17,0.41
BtmI,1,1,2,0.5
BtmJ,3,6,9,0.33
BtmL,1,2,3,0.33
BtmM,9,15,24,0.38
BtmN,7,13,20,0.35
BtmP,11,10,21,0.52
BtmS,5,12,17,0.29
Btmb,15,9,24,0.62
Btml,2,0,2,1.0
Btmm,8,6,14,0.57
Btmn,8,11,19,0.42
Btms,14,6,20,0.7
BtnB,7,9,16,0.44
BtnD,1,2,3,0.33
BtnH,6,9,15,0.4
BtnI,3,1,4,0.75
BtnK,1,2,3,0.33
BtnL,1,2,3,0.33
BtnM,11,3,14,0.79
BtnN,14,7,21,0.67
BtnP,10,7,17,0.59
BtnS,9,3,12,0.75
Btnb,4,6,10,0.4
Btnl,2,4,6,0.33
Btnm,7,6,13,0.54
Btnn,7,10,17,0.41
Btns,7,13,20,0.35
BtsB,6,6,12,0.5
BtsD,1,2,3,0.33
BtsH,6,9,15,0.4
BtsI,2,0,2,1.0
BtsL,0,3,3,0.0
BtsM,4,6,10,0.4
BtsN,4,6,10,0.4
BtsP,6,6,12,0.5
BtsS,6,9,15,0.4
Btsb,4,4,8,0.5
Btsh,2,1,3,0.67
Btsl,0,1,1,0.0
Btsm,7,7,14,0.5
Btsn,6,1,7,0.86
Btss,6,9,15,0.4
BttB,0,1,1,0.0
BttH,1,0,1,1.0
BttL,0,1,1,0.0
BttM,3,1,4,0.75
BttN,1,2,3,0.33
BttP,0,1,1,0.0
BttS,1,1,2,0.5
Bttb,1,2,3,0.33
Bttl,0,1,1,0.0
Bttm,3,1,4,0.75
Bttn,1,1,2,0.5
Btts,1,2,3,0.33
Bttt,0,1,1,0.0
DBBB,11,4,15,0.73
DBBD,1,4,5,0.2
DBBK,2,0,2,1.0
DBBL,2,4,6,0.33
DBBM,3,8,11,0.27
DBBN,6,6,12,0.5
DBBP,10,16,26,0.38
DBBS,5,1,6,0.83
DBBb,11,8,19,0.58
DBBj,1,2,3,0.33
DBBl,3,2,5,0.6
DBBm,7,7,14,0.5
DBBn,4,5,9,0.44
DBBs,4,1,5,0.8
DBBt,1,3,4,0.25
DBDB,1,1,2,0.5
DBDD,0,0,0,
DBDH,1,1,2,0.5
DBDK,0,1,1,0.0
DBDM,0,2,2,0.0
DBDN,1,1,2,0.5
DBDP,1,3,4,0.25
DBDS,3,2,5,0.6
DBDb,5,4,9,0.56
DBDh,1,0,1,1.0
DBDm,2,4,6,0.33
DBDn,1,2,3,0.33
DBKB,1,1,2,0.5
DBKI,0,0,0,
DBKL,1,0,1,1.0
DBKN,1,1,2,0.5
DBKP,0,1,1,0.0
DBKS,2,3,5,0.4
DBKb,0,1,1,0.0
DBKl,1,0,1,1.0
DBKn,0,2,2,0.0
DBKs,1,1,2,0.5
DBKt,0,0,0,
DBLB,2,2,4,0.5
DBLD,0,0,0,
DBLL,0,2,2,0.0
DBLM,2,1,3,0.67
DBLN,0,3,3,0.0
DBLP,1,1,2,0.5
DBLS,2,2,4,0.5
DBLb,0,2,2,0.0
DBLh,1,0,1,1.0
DBLj,1,0,1,1.0
DBLm,2,2,4,0.5
DBLn,3,4,7,0.43
DBLs,2,1,3,0.67
DBMB,9,5,14,0.64
DBMD,3,1,4,0.75
DBML,1,3,4,0.25
DBMM,4,6,10,0.4
DBMN,8,4,12,0.67
DBMP,7,5,12,0.58
DBMS,1,5,6,0.17
DBMb,7,6,13,0.54
DBMh,4,7,11,0.36
DBMj,2,2,4,0.5
DBMl,1,4,5,0.2
DBMm,16,11,27,0.59
DBMn,6,10,16,0.38
DBMs,3,3,6,0.5
DBMt,1,2,3,0.33
DBNB,7,3,10,0.7
DBND,2,2,4,0.5
DBNH,1,0,1,1.0
DBNL,0,1,1,0.0
DBNM,9,6,15,0.6
DBNN,5,2,7,0.71
DBNP,9,7,16,0.56
DBNS,5,8,13,0.38
DBNb,3,9,12,0.25
DBNh,4,3,7,0.57
DBNl,2,1,3,0.67
DBNm,15,12,27,0.56
DBNn,6,11,17,0.35
DBNs,6,5,11,0.55
DBNt,3,0,3,1.0
DBPB,7,12,19,0.37
DBPD,1,1,2,0.5
DBPH,0,1,1,0.0
DBPI,0,2,2,0.0
DBPK,0,2,2,0.0
DBPL,3,2,5,0.6
DBPM,1,5,6,0.17
DBPN,7,9,16,0.44
DBPP,6,6,12,0.5
DBPS,6,6,12,0.5
DBPb,4,3,7,0.57
DBPh,0,1,1,0.0
DBPl,3,2,5,0.6
DBPm,12,12,24,0.5
DBPn,9,6,15,0.6
DBPs,8,5,13,0.62
DBPt,0,1,1,0.0
DBSB,8,4,12,0.67
DBSD,2,1,3,0.67
DBSH,4,3,7,0.57
DBSI,0,1,1,0.0
DBSL,1,3,4,0.25
DBSM,4,4,8,0.5
DBSN,3,7,10,0.3
DBSP,6,5,11,0.55
DBSS,4,8,12,0.33
DBSb,3,3,6,0.5
DBSh,0,1,1,0.0
DBSl,0,1,1,0.0
DBSm,8,3,11,0.73
DBSn,3,3,6,0.5
DBSs,4,4,8,0.5
DBSt,1,2,3,0.33
DBbB,3,6,9,0.33
DBbH,0,3,3,0.0
DBbI,1,1,2,0.5
DBbJ,2,1,3,0.67
DBbL,3,2,5,0.6
DBbM,3,6,9,0.33
DBbN,5,7,12,0.42
DBbP,3,8,11,0.27
DBbS,2,4,6,0.33
DBbb,8,3,11,0.73
DBbh,1,0,1,1.0
DBbl,1,4,5,0.2
DBbm,7,7,14,0.5
DBbn,2,5,7,0.29
DBbs,4,1,5,0.8
DBhB,1,1,2,0.5
DBhL,0,1,1,0.0
DBhN,1,0,1,1.0
DBhP,0,1,1,0.0
DBhS,0,3,3,0.0
DBhb,3,0,3,1.0
DBhh,1,0,1,1.0
DBhm,1,0,1,1.0
DBhn,2,1,3,0.67
DBhs,2,0,2,1.0
DBjB,0,2,2,0.0
DBjM,2,3,5,0.4
DBjN,3,0,3,1.0
DBjP,2,1,3,0.67
DBjS,1,2,3,0.33
DBjb,3,2,5,0.6
DBjl,2,0,2,1.0
DBjm,2,2,4,0.5
DBjn,0,1,1,0.0
DBjs,1,1,2,0.5
DBlB,0,1,1,0.0
DBlD,1,0,1,1.0
DBlH,0,4,4,0.0
DBlJ,0,0,0,
DBlM,0,2,2,0.0
DBlN,0,2,2,0.0
DBlP,3,1,4,0.75
DBlS,0,3,3,0.0
DBlb,3,0,3,1.0
DBll,1,1,2,0.5
DBlm,4,2,6,0.67
DBln,1,5,6,0.17
DBls,2,2,4,0.5
DBmB,8,10,18,0.44
DBmD,2,2,4,0.5
DBmH,0,1,1,0.0
DBmI,0,2,2,0.0
DBmJ,3,0,3,1.0
DBmL,1,4,5,0.2
DBmM,5,4,9,0.56
DBmN,5,11,16,0.31
DBmP,6,6,12,0.5
DBmS,5,7,12,0.42
DBmb,5,6,11,0.45
DBml,3,5,8,0.38
DBmm,11,11,22,0.5
DBmn,5,1,6,0.83
DBms,3,8,11,0.27
DBnB,2,4,6,0.33
DBnD,1,1,2,0.5
DBnH,8,6,14,0.57
DBnI,1,1,2,0.5
DBnK,0,0,0,
DBnL,5,2,7,0.71
DBnM,10,5,15,0.67
DBnN,5,9,14,0.36
DBnP,7,13,20,0.35
DBnS,6,5,11,0.55
DBnb,9,7,16,0.56
DBnh,1,2,3,0.33
DBnl,2,1,3,0.67
DBnm,8,8,16,0.5
DBnn,9,7,16,0.56
DBns,5,7,12,0.42
DBnt,0,0,0,
DBsB,3,3,6,0.5
DBsD,1,1,2,0.5
DBsH,4,6,10,0.4
DBsI,2,0,2,1.0
DBsL,1,1,2,0.5
DBsM,0,4,4,0.0
DBsN,4,3,7,0.57
DBsP,5,3,8,0.62
DBsS,3,6,9,0.33
DBsb,2,1,3,0.67
DBsh,1,0,1,1.0
DBsl,2,0,2,1.0
DBsm,8,7,15,0.53
DBsn,5,3,8,0.62
DBss,11,1,12,0.92
DBtB,3,0,3,1.0
DBtD,1,0,1,1.0
DBtM,0,2,2,0.0
DBtN,1,1,2,0.5
DBtP,3,2,5,0.6
DBtb,1,2,3,0.33
DBts,0,1,1,0.0
DDBB,1,1,2,0.5
DDBD,0,1,1,0.0
DDBL,1,0,1,1.0
DDBM,2,1,3,0.67
DDBN,0,1,1,0.0
DDBP,2,1,3,0.67
DDBS,0,1,1,0.0
DDBb,0,1,1,0.0
DDBh,1,0,1,1.0
DDBl,1,0,1,1.0
DDBm,4,0,4,1.0
DDBn,1,2,3,0.33
DDBs,0,3,3,0.0
DDBt,2,0,2,1.0
DDDB,0,0,0,
DDDD,1,3,4,0.25
DDDH,0,1,1,0.0
DDDI,0,2,2,0.0
DDDL,2,1,3,0.67
DDDM,5,3,8,0.62
DDDN,1,0,1,1.0
DDDP,0,1,1,0.0
DDDS,4,0,4,1.0
DDDb,0,2,2,0.0
DDDl,0,1,1,0.0
DDDm,3,2,5,0.6
DDDn,0,2,2,0.0
DDDs,0,2,2,0.0
DDDt,0,1,1,0.0
DDHB,2,0,2,1.0
DDHD,0,0,0,
DDHK,1,0,1,1.0
DDHM,3,4,7,0.43
DDHN,1,2,3,0.33
DDHP,4,3,7,0.57
DDHS,4,4,8,0.5
DDHb,4,1,5,0.8
DDHh,3,1,4,0.75
DDHl,2,0,2,1.0
DDHm,1,4,5,0.2
DDHn,1,1,2,0.5
DDHs,1,1,2,0.5
DDIH,0,0,0,
DDIM,0,1,1,0.0
DDIN,0,1,1,0.0
DDIP,0,1,1,0.0
DDIS,1,1,2,0.5
DDIb,0,3,3,0.0
DDIl,0,1,1,0.0
DDIm,1,1,2,0.5
DDIs,0,1,1,0.0
DDLB,1,3,4,0.25
DDLL,0,1,1,0.0
DDLM,1,1,2,0.5
DDLN,1,2,3,0.33
DDLP,1,0,1,1.0
DDLS,1,1,2,0.5
DDLb,2,0,2,1.0
DDLh,1,0,1,1.0
DDLl,1,1,2,0.5
DDLm,0,0,0,
DDLs,1,1,2,0.5
DDMB,2,4,6,0.33
DDMD,2,2,4,0.5
DDML,1,1,2,0.5
DDMM,5,7,12,0.42
DDMN,2,2,4,0.5
DDMP,10,4,14,0.71
DDMS,2,2,4,0.5
DDMb,0,4,4,0.0
DDMh,2,3,5,0.4
DDMj,1,2,3,0.33
DDMl,1,0,1,1.0
DDMm,4,2,6,0.67
DDMn,3,3,6,0.5
DDMs,0,1,1,0.0
DDMt,0,1,1,0.0
DDNH,1,0,1,1.0
DDNM,2,4,6,0.33
DDNN,2,4,6,0.33
DDNP,3,2,5,0.6
DDNS,0,1,1,0.0
DDNb,2,2,4,0.5
DDNh,1,0,1,1.0
DDNl,0,1,1,0.0
DDNm,3,1,4,0.75
DDNn,0,4,4,0.0
DDNs,2,1,3,0.67
DDPB,2,1,3,0.67
DDPD,1,0,1,1.0
DDPH,0,3,3,0.0
DDPL,2,2,4,0.5
DDPM,3,3,6,0.5
DDPP,2,1,3,0.67
DDPS,2,2,4,0.5
DDPb,2,2,4,0.5
DDPl,0,1,1,0.0
DDPm,3,2,5,0.6
DDPn,1,0,1,1.0
DDPs,5,3,8,0.62
DDPt,0,0,0,
DDSB,1,2,3,0.33
DDSD,4,0,4,1.0
DDSH,0,3,3,0.0
DDSL,2,1,3,0.67
DDSM,7,3,10,0.7
DDSN,5,3,8,0.62
DDSP,2,4,6,0.33
DDSS,5,4,9,0.56
DDSb,2,1,3,0.67
DDSh,2,1,3,0.67
DDSl,1,1,2,0.5
DDSm,2,1,3,0.67
DDSn,5,3,8,0.62
DDSs,3,5,8,0.38
DDSt,0,1,1,0.0
DDbB,0,1,1,0.0
DDbI,1,0,1,1.0
DDbJ,0,0,0,
DDbK,0,0,0,
DDbL,1,0,1,1.0
DDbM,3,1,4,0.75
DDbN,2,0,2,1.0
DDbP,0,3,3,0.0
DDbb,3,2,5,0.6
DDbl,1,0,1,1.0
DDbm,1,4,5,0.2
DDbn,0,2,2,0.0
DDbs,3,0,3,1.0
DDhL,0,1,1,0.0
DDhS,1,0,1,1.0
DDlH,0,0,0,
DDlJ,0,2,2,0.0
DDlN,1,1,2,0.5
DDlS,0,0,0,
DDln,2,0,2,1.0
DDls,1,0,1,1.0
DDmB,3,1,4,0.75
DDmD,0,0,0,
DDmH,1,2,3,0.33
DDmI,0,1,1,0.0
DDmJ,1,0,1,1.0
DDmK,0,1,1,0.0
DDmL,2,0,2,1.0
DDmM,3,4,7,0.43
DDmN,1,1,2,0.5
DDmP,1,2,3,0.33
DDmS,1,2,3,0.33
DDmb,5,5,10,0.5
DDml,0,2,2,0.0
DDmm,4,7,11,0.36
DDmn,4,3,7,0.57
DDms,2,0,2,1.0
DDnB,2,2,4,0.5
DDnD,0,1,1,0.0
DDnH,1,3,4,0.25
DDnI,1,1,2,0.5
DDnL,0,1,1,0.0
DDnM,2,2,4,0.5
DDnN,1,1,2,0.5
DDnP,1,2,3,0.33
DDnS,2,4,6,0.33
DDnb,0,1,1,0.0
DDnm,3,2,5,0.6
DDnn,1,0,1,1.0
DDns,2,3,5,0.4
DDsB,3,2,5,0.6
DDsD,1,1,2,0.5
DDsH,2,3,5,0.4
DDsI,1,1,2,0.5
DDsL,1,1,2,0.5
DDsM,1,0,1,1.0
DDsN,1,1,2,0.5
DDsP,2,2,4,0.5
DDsS,1,6,7,0.14
DDsb,4,1,5,0.8
DDsh,1,0,1,1.0
DDsl,1,1,2,0.5
DDsm,3,7,10,0.3
DDsn,1,3,4,0.25
DDss,3,1,4,0.75
DDst,1,1,2,0.5
DDtH,0,1,1,0.0
DDtM,2,0,2,1.0
DDtP,0,1,1,0.0
DDtS,0,1,1,0.0
DDtb,1,0,1,1.0
DDtm,2,0,2,1.0
DDtn,1,0,1,1.0
DDts,0,3,3,0.0
DHBB,9,5,14,0.64
DHBD,0,1,1,0.0
DHBH,1,0,1,1.0
DHBK,1,1,2,0.5
DHBL,1,1,2,0.5
DHBM,5,6,11,0.45
DHBN,7,4,11,0.64
DHBP,2,9,11,0.18
DHBS,4,6,10,0.4
DHBb,5,6,11,0.45
DHBh,0,2,2,0.0
DHBj,4,1,5,0.8
DHBl,1,2,3,0.33
DHBm,13,8,21,0.62
DHBn,2,4,6,0.33
DHBs,3,4,7,0.43
DHBt,1,0,1,1.0
DHDB,2,1,3,0.67
DHDH,3,3,6,0.5
DHDL,1,1,2,0.5
DHDM,2,2,4,0.5
DHDP,0,1,1,0.0
DHDS,1,5,6,0.17
DHDb,3,2,5,0.6
DHDl,1,1,2,0.5
DHDm,3,2,5,0.6
DHDs,0,1,1,0.0
DHHB,0,1,1,0.0
DHHD,0,1,1,0.0
DHHH,0,1,1,0.0
DHHL,2,0,2,1.0
DHHM,2,3,5,0.4
DHHN,3,0,3,1.0
DHHP,0,0,0,
DHHS,0,1,1,0.0
DHHb,1,0,1,1.0
DHHh,1,0,1,1.0
DHHl,1,0,1,1.0
DHHm,3,4,7,0.43
DHHn,1,2,3,0.33
DHHs,4,1,5,0.8
DHIB,1,0,1,1.0
DHID,1,0,1,1.0
DHIH,1,0,1,1.0
DHIL,1,0,1,1.0
DHIM,2,1,3,0.67
DHIN,0,1,1,0.0
DHIP,0,1,1,0.0
DHIS,1,2,3,0.33
DHIb,1,1,2,0.5
DHIm,0,3,3,0.0
DHIn,2,1,3,0.67
DHIs,0,2,2,0.0
DHKI,1,0,1,1.0
DHKM,2,1,3,0.67
DHKN,0,5,5,0.0
DHKP,2,0,2,1.0
DHKS,2,1,3,0.67
DHKs,1,0,1,1.0
DHLB,3,1,4,0.75
DHLD,0,2,2,0.0
DHLK,2,0,2,1.0
DHLL,1,0,1,1.0
DHLM,6,2,8,0.75
DHLN,1,4,5,0.2
DHLP,3,4,7,0.43
DHLS,4,1,5,0.8
DHLb,0,3,3,0.0
DHLh,1,0,1,1.0
DHLj,1,1,2,0.5
DHLm,2,2,4,0.5
DHLn,1,2,3,0.33
DHMB,11,10,21,0.52
DHMD,0,5,5,0.0
DHMK,0,1,1,0.0
DHML,2,6,8,0.25
DHMM,7,16,23,0.3
DHMN,7,6,13,0.54
DHMP,8,14,22,0.36
DHMS,8,7,15,0.53
DHMb,8,11,19,0.42
DHMh,1,6,7,0.14
DHMj,3,0,3,1.0
DHMl,4,5,9,0.44
DHMm,12,14,26,0.46
DHMn,6,11,17,0.35
DHMs,6,7,13,0.46
DHMt,0,1,1,0.0
DHNB,7,9,16,0.44
DHND,0,0,0,
DHNH,2,2,4,0.5
DHNK,3,3,6,0.5
DHNL,2,0,2,1.0
DHNM,8,11,19,0.42
DHNN,9,6,15,0.6
DHNP,8,6,14,0.57
DHNS,14,6,20,0.7
DHNb,6,3,9,0.67
DHNh,2,2,4,0.5
DHNl,4,2,6,0.67
DHNm,9,8,17,0.53
DHNn,8,11,19,0.42
DHNs,4,8,12,0.33
DHNt,1,0,1,1.0
DHPB,7,11,18,0.39
DHPH,1,2,3,0.33
DHPI,0,2,2,0.0
DHPK,2,0,2,1.0
DHPL,0,3,3,0.0
DHPM,12,19,31,0.39
DHPN,5,8,13,0.38
DHPP,12,8,20,0.6
DHPS,12,6,18,0.67
DHPb,6,8,14,0.43
DHPh,2,2,4,0.5
DHPl,3,3,6,0.5
DHPm,8,6,14,0.57
DHPn,4,12,16,0.25
DHPs,8,8,16,0.5
DHSB,8,2,10,0.8
DHSD,7,0,7,1.0
DHSH,2,6,8,0.25
DHSK,1,0,1,1.0
DHSL,5,2,7,0.71
DHSM,11,10,21,0.52
DHSN,10,2,12,0.83
DHSP,9,7,16,0.56
DHSS,11,13,24,0.46
DHSb,5,5,10,0.5
DHSh,4,8,12,0.33
DHSl,3,7,10,0.3
DHSm,12,12,24,0.5
DHSn,8,7,15,0.53
DHSs,12,11,23,0.52
DHSt,2,2,4,0.5
DHbB,8,5,13,0.62
DHbD,1,1,2,0.5
DHbH,0,1,1,0.0
DHbI,0,1,1,0.0
DHbJ,3,3,6,0.5
DHbK,0,1,1,0.0
DHbL,1,0,1,1.0
DHbM,7,7,14,0.5
DHbN,10,4,14,0.71
DHbP,6,4,10,0.6
DHbS,5,3,8,0.62
DHbb,8,8,16,0.5
DHbl,2,4,6,0.33
DHbm,6,11,17,0.35
DHbn,6,5,11,0.55
DHbs,3,3,6,0.5
DHhB,5,8,13,0.38
DHhD,3,0,3,1.0
DHhH,0,1,1,0.0
DHhI,0,1,1,0.0
DHhL,0,2,2,0.0
DHhM,3,4,7,0.43
DHhN,2,3,5,0.4
DHhP,6,5,11,0.55
DHhS,3,4,7,0.43
DHhb,4,0,4,1.0
DHhh,3,6,9,0.33
DHhl,2,3,5,0.4
DHhm,2,7,9,0.22
DHhn,4,4,8,0.5
DHhs,6,6,12,0.5
DHht,0,1,1,0.0
DHlB,2,4,6,0.33
DHlH,1,0,1,1.0
DHlI,0,0,0,
DHlL,2,3,5,0.4
DHlM,4,2,6,0.67
DHlN,3,2,5,0.6
DHlP,1,3,4,0.25
DHlS,2,2,4,0.5
DHlb,5,1,6,0.83
DHll,2,0,2,1.0
DHlm,1,1,2,0.5
DHln,2,0,2,1.0
DHls,1,3,4,0.25
DHmB,5,5,10,0.5
DHmD,2,3,5,0.4
DHmH,9,11,20,0.45
DHmI,0,1,1,0.0
DHmJ,5,1,6,0.83
DHmK,1,0,1,1.0
DHmL,3,2,5,0.6
DHmM,17,10,27,0.63
DHmN,9,19,28,0.32
DHmP,6,14,20,0.3
DHmS,12,10,22,0.55
DHmb,12,2,14,0.86
DHml,0,1,1,0.0
DHmm,19,12,31,0.61
DHmn,4,7,11,0.36
DHms,3,5,8,0.38
DHnB,2,4,6,0.33
DHnD,2,1,3,0.67
DHnH,1,1,2,0.5
DHnI,5,0,5,1.0
DHnK,1,0,1,1.0
DHnM,8,8,16,0.5
DHnN,13,9,22,0.59
DHnP,6,3,9,0.67
DHnS,9,7,16,0.56
DHnb,8,9,17,0.47
DHnl,3,6,9,0.33
DHnm,8,8,16,0.5
DHnn,3,4,7,0.43
DHns,5,6,11,0.45
DHsB,5,3,8,0.62
DHsD,2,3,5,0.4
DHsH,8,9,17,0.47
DHsI,2,4,6,0.33
DHsL,3,1,4,0.75
DHsM,7,9,16,0.44
DHsN,10,2,12,0.83
DHsP,12,4,16,0.75
DHsS,18,14,32,0.56
DHsb,4,7,11,0.36
DHsh,1,2,3,0.33
DHsl,5,0,5,1.0
DHsm,10,5,15,0.67
DHsn,9,6,15,0.6
DHss,11,7,18,0.61
DHst,1,2,3,0.33
DHtB,2,0,2,1.0
DHtH,1,0,1,1.0
DHtM,0,5,5,0.0
DHtN,1,0,1,1.0
DHtS,1,1,2,0.5
DHtl,0,2,2,0.0
DHtm,3,0,3,1.0
DHtn,0,1,1,0.0
DHts,1,2,3,0.33
DIBB,2,0,2,1.0
DIBN,1,0,1,1.0
DIBP,1,1,2,0.5
DIBS,1,0,1,1.0
DIBb,0,1,1,0.0
DIBm,1,1,2,0.5
DIBn,0,1,1,0.0
DIDB,0,1,1,0.0
DIDL,0,1,1,0.0
DIDN,0,1,1,0.0
DIDP,0,1,1,0.0
DIDS,0,0,0,
DIHI,1,0,1,1.0
DIHL,0,1,1,0.0
DIHM,1,2,3,0.33
DIHN,2,1,3,0.67
DIHP,1,0,1,1.0
DIHS,1,3,4,0.25
DIHb,0,0,0,
DIHh,0,2,2,0.0
DIHl,1,1,2,0.5
DIHm,2,0,2,1.0
DIHn,3,0,3,1.0
DIHs,0,2,2,0.0
DIHt,2,0,2,1.0
DIIm,1,0,1,1.0
DIKP,1,0,1,1.0
DILD,1,0,1,1.0
DILL,1,0,1,1.0
DILM,0,2,2,0.0
DILN,1,0,1,1.0
DILP,0,0,0,
DILS,0,1,1,0.0
DILb,0,1,1,0.0
DILl,0,1,1,0.0
DILm,2,0,2,1.0
DILn,0,0,0,
DILs,1,0,1,1.0
DIMB,2,1,3,0.67
DIMM,1,1,2,0.5
DIMN,2,0,2,1.0
DIMP,0,1,1,0.0
DIMS,0,6,6,0.0
DIMb,1,0,1,1.0
DIMh,2,1,3,0.67
DIMl,1,1,2,0.5
DIMn,0,1,1,0.0
DIMs,0,0,0,
DINL,0,1,1,0.0
DINM,0,1,1,0.0
DINN,1,0,1,1.0
DINP,1,1,2,0.5
DINh,0,1,1,0.0
DINl,1,0,1,1.0
DINm,2,1,3,0.67
DINn,2,2,4,0.5
DINs,1,0,1,1.0
DINt,0,2,2,0.0
DIPB,1,0,1,1.0
DIPH,0,1,1,0.0
DIPL,0,1,1,0.0
DIPM,3,0,3,1.0
DIPN,1,2,3,0.33
DIPP,0,1,1,0.0
DIPS,0,1,1,0.0
DIPb,0,1,1,0.0
DIPm,1,1,2,0.5
DIPn,2,3,5,0.4
DIPs,1,0,1,1.0
DISB,0,0,0,
DISH,0,1,1,0.0
DISI,0,0,0,
DISL,1,0,1,1.0
DISM,1,3,4,0.25
DISN,1,2,3,0.33
DISP,0,0,0,
DISS,2,2,4,0.5
DISb,0,0,0,
DISh,2,0,2,1.0
DISl,1,0,1,1.0
DISm,1,1,2,0.5
DISn,1,2,3,0.33
DISs,1,0,1,1.0
DIbB,1,3,4,0.25
DIbH,0,1,1,0.0
DIbJ,0,1,1,0.0
DIbM,0,1,1,0.0
DIbN,3,1,4,0.75
DIbP,0,1,1,0.0
DIbS,0,2,2,0.0
DIbb,2,1,3,0.67
DIbl,0,1,1,0.0
DIbm,3,1,4,0.75
DIbs,2,0,2,1.0
DIlH,0,0,0,
DIlJ,1,0,1,1.0
DIlM,0,1,1,0.0
DIlP,0,1,1,0.0
DIlb,2,0,2,1.0
DIlm,0,1,1,0.0
DImB,0,2,2,0.0
DImD,1,0,1,1.0
DImH,0,2,2,0.0
DImI,0,2,2,0.0
DImJ,0,0,0,
DImK,0,0,0,
DImL,0,0,0,
DImM,0,1,1,0.0
DImN,4,0,4,1.0
DImP,0,1,1,0.0
DImb,0,2,2,0.0
DIml,0,1,1,0.0
DImm,1,2,3,0.33
DImn,0,1,1,0.0
DIms,0,4,4,0.0
DInB,2,0,2,1.0
DInD,1,0,1,1.0
DInI,0,1,1,0.0
DInM,0,3,3,0.0
DInN,3,1,4,0.75
DInP,0,1,1,0.0
DInS,1,1,2,0.5
DInb,1,0,1,1.0
DInl,1,0,1,1.0
DInm,0,1,1,0.0
DInn,1,1,2,0.5
DIsB,1,0,1,1.0
DIsD,0,0,0,
DIsH,0,0,0,
DIsI,1,0,1,1.0
DIsL,1,1,2,0.5
DIsM,2,1,3,0.67
DIsN,1,1,2,0.5
DIsS,2,1,3,0.67
DIsb,1,1,2,0.5
DIsl,0,3,3,0.0
DIsm,2,2,4,0.5
DIsn,0,1,1,0.0
DIss,1,0,1,1.0
DItB,0,1,1,0.0
DItK,1,0,1,1.0
DKDN,0,1,1,0.0
DKDm,0,0,0,
DKHP,1,0,1,1.0
DKHm,1,0,1,1.0
DKIL,1,0,1,1.0
DKIS,1,1,2,0.5
DKMB,0,1,1,0.0
DKMM,0,2,2,0.0
DKMS,0,2,2,0.0
DKMl,0,1,1,0.0
DKND,1,0,1,1.0
DKNM,1,0,1,1.0
DKNP,0,1,1,0.0
DKPn,0,0,0,
DKPs,1,0,1,1.0
DKSP,1,0,1,1.0
DKSS,0,1,1,0.0
DKSh,1,0,1,1.0
DKSm,0,1,1,0.0
DKbM,0,1,1,0.0
DKbN,1,0,1,1.0
DKbb,0,1,1,0.0
DKhM,1,0,1,1.0
DKln,0,0,0,
DKmB,0,2,2,0.0
DKmJ,0,1,1,0.0
DKmb,0,1,1,0.0
DKmn,1,0,1,1.0
DKsH,0,1,1,0.0
DKsM,1,0,1,1.0
DKsn,0,1,1,0.0
DLBB,2,3,5,0.4
DLBD,0,1,1,0.0
DLBK,1,0,1,1.0
DLBL,2,1,3,0.67
DLBM,2,1,3,0.67
DLBN,3,2,5,0.6
DLBP,4,2,6,0.67
DLBb,4,6,10,0.4
DLBh,0,1,1,0.0
DLBj,1,1,2,0.5
DLBm,5,5,10,0.5
DLBn,2,3,5,0.4
DLBs,2,3,5,0.4
DLDB,1,2,3,0.33
DLDD,0,1,1,0.0
DLDL,1,0,1,1.0
DLDM,0,2,2,0.0
DLDN,2,1,3,0.67
DLDP,0,0,0,
DLDS,1,1,2,0.5
DLDl,0,1,1,0.0
DLDm,1,1,2,0.5
DLDs,0,1,1,0.0
DLKM,1,0,1,1.0
DLKh,1,0,1,1.0
DLLB,2,0,2,1.0
DLLM,2,2,4,0.5
DLLN,1,0,1,1.0
DLLP,0,1,1,0.0
DLLS,0,2,2,0.0
DLLh,2,1,3,0.67
DLLj,0,1,1,0.0
DLLl,1,0,1,1.0
DLLm,2,1,3,0.67
DLLn,1,1,2,0.5
DLLs,1,2,3,0.33
DLMB,1,3,4,0.25
DLML,0,1,1,0.0
DLMM,3,3,6,0.5
DLMN,2,1,3,0.67
DLMP,3,4,7,0.43
DLMS,3,1,4,0.75
DLMb,3,4,7,0.43
DLMh,2,5,7,0.29
DLMj,0,1,1,0.0
DLMl,0,2,2,0.0
DLMm,5,3,8,0.62
DLMn,3,3,6,0.5
DLMs,2,0,2,1.0
DLMt,1,0,1,1.0
DLNB,4,1,5,0.8
DLNH,0,1,1,0.0
DLNI,0,1,1,0.0
DLNL,2,1,3,0.67
DLNM,1,0,1,1.0
DLNN,0,2,2,0.0
DLNP,4,5,9,0.44
DLNS,2,3,5,0.4
DLNb,0,4,4,0.0
DLNl,3,4,7,0.43
DLNm,5,4,9,0.56
DLNn,3,4,7,0.43
DLNs,0,1,1,0.0
DLPB,3,2,5,0.6
DLPH,0,1,1,0.0
DLPI,0,1,1,0.0
DLPK,0,1,1,0.0
DLPL,2,0,2,1.0
DLPM,3,6,9,0.33
DLPN,1,3,4,0.25
DLPP,3,1,4,0.75
DLPS,2,1,3,0.67
DLPb,1,2,3,0.33
DLPl,1,1,2,0.5
DLPm,5,3,8,0.62
DLPn,3,4,7,0.43
DLPs,4,1,5,0.8
DLPt,0,1,1,0.0
DLSB,4,0,4,1.0
DLSH,0,1,1,0.0
DLSL,0,1,1,0.0
DLSM,1,1,2,0.5
DLSN,5,2,7,0.71
DLSP,2,3,5,0.4
DLSS,1,3,4,0.25
DLSh,0,1,1,0.0
DLSl,1,0,1,1.0
DLSm,2,1,3,0.67
DLSn,1,1,2,0.5
DLSs,2,3,5,0.4
DLSt,1,0,1,1.0
DLbB,0,2,2,0.0
DLbI,0,1,1,0.0
DLbK,0,1,1,0.0
DLbL,2,1,3,0.67
DLbM,4,3,7,0.57
DLbN,3,2,5,0.6
DLbP,6,5,11,0.55
DLbS,4,1,5,0.8
DLbb,8,3,11,0.73
DLbl,2,1,3,0.67
DLbm,2,3,5,0.4
DLbn,1,0,1,1.0
DLbs,4,1,5,0.8
DLhB,1,1,2,0.5
DLhL,0,1,1,0.0
DLhM,1,2,3,0.33
DLhN,0,2,2,0.0
DLhP,2,0,2,1.0
DLhS,1,2,3,0.33
DLhb,1,0,1,1.0
DLhl,1,1,2,0.5
DLhm,0,2,2,0.0
DLhn,0,2,2,0.0
DLht,0,1,1,0.0
DLjB,1,1,2,0.5
DLjK,1,0,1,1.0
DLjN,1,0,1,1.0
DLjP,1,1,2,0.5
DLjS,0,1,1,0.0
DLjb,0,0,0,
DLjm,1,0,1,1.0
DLjt,0,1,1,0.0
DLlB,2,0,2,1.0
DLlH,1,0,1,1.0
DLlL,1,0,1,1.0
DLlN,3,0,3,1.0
DLlP,0,0,0,
DLlS,1,4,5,0.2
DLlb,2,0,2,1.0
DLll,1,0,1,1.0
DLln,0,2,2,0.0
DLls,1,1,2,0.5
DLmB,5,5,10,0.5
DLmD,3,0,3,1.0
DLmH,4,2,6,0.67
DLmJ,0,1,1,0.0
DLmK,0,0,0,
DLmL,2,0,2,1.0
DLmM,1,3,4,0.25
DLmN,1,4,5,0.2
DLmP,3,4,7,0.43
DLmS,0,5,5,0.0
DLmb,0,1,1,0.0
DLmh,0,0,0,
DLml,1,1,2,0.5
DLmm,4,4,8,0.5
DLmn,0,3,3,0.0
DLms,1,1,2,0.5
DLnB,0,1,1,0.0
DLnD,2,1,3,0.67
DLnH,2,0,2,1.0
DLnI,1,0,1,1.0
DLnK,0,1,1,0.0
DLnL,2,0,2,1.0
DLnM,2,6,8,0.25
DLnN,4,2,6,0.67
DLnP,2,6,8,0.25
DLnS,3,2,5,0.6
DLnb,1,3,4,0.25
DLnl,1,2,3,0.33
DLnm,5,0,5,1.0
DLnn,7,1,8,0.88
DLns,3,3,6,0.5
DLsB,0,1,1,0.0
DLsD,1,0,1,1.0
DLsH,0,1,1,0.0
DLsI,2,0,2,1.0
DLsL,2,0,2,1.0
DLsM,3,1,4,0.75
DLsN,2,2,4,0.5
DLsP,4,0,4,1.0
DLsS,2,5,7,0.29
DLsb,0,0,0,
DLsl,2,0,2,1.0
DLsm,1,4,5,0.2
DLsn,4,1,5,0.8
DLss,4,5,9,0.44
DLtB,1,1,2,0.5
DLtM,0,1,1,0.0
DLtS,1,1,2,0.5
DLtb,0,2,2,0.0
DLtm,0,1,1,0.0
DMBB,11,12,23,0.48
DMBD,1,0,1,1.0
DMBK,1,2,3,0.33
DMBL,3,1,4,0.75
DMBM,5,11,16,0.31
DMBN,7,11,18,0.39
DMBP,14,12,26,0.54
DMBS,4,5,9,0.44
DMBb,13,11,24,0.54
DMBj,2,2,4,0.5
DMBl,4,2,6,0.67
DMBm,4,13,17,0.24
DMBn,12,13,25,0.48
DMBs,6,7,13,0.46
DMBt,2,1,3,0.67
DMDB,4,0,4,1.0
DMDH,1,3,4,0.25
DMDI,0,0,0,
DMDL,0,1,1,0.0
DMDM,3,4,7,0.43
DMDN,1,0,1,1.0
DMDP,3,1,4,0.75
DMDS,3,1,4,0.75
DMDb,1,1,2,0.5
DMDl,1,0,1,1.0
DMDm,4,4,8,0.5
DMDn,0,0,0,
DMDs,2,3,5,0.4
DMDt,0,1,1,0.0
DMHI,1,0,1,1.0
DMHl,0,2,2,0.0
DMHm,0,1,1,0.0
DMIM,0,1,1,0.0
DMIs,1,0,1,1.0
DMKB,1,0,1,1.0
DMKI,0,1,1,0.0
DMKN,1,1,2,0.5
DMKm,2,0,2,1.0
DMKn,1,1,2,0.5
DMKs,1,0,1,1.0
DMKt,0,1,1,0.0
DMLB,4,4,8,0.5
DMLM,6,4,10,0.6
DMLN,3,6,9,0.33
DMLP,5,2,7,0.71
DMLS,2,1,3,0.67
DMLb,2,4,6,0.33
DMLh,0,3,3,0.0
DMLl,2,2,4,0.5
DMLm,4,3,7,0.57
DMLn,4,3,7,0.57
DMLs,1,1,2,0.5
DMMB,12,17,29,0.41
DMMD,2,4,6,0.33
DMMH,0,0,0,
DMML,2,2,4,0.5
DMMM,15,13,28,0.54
DMMN,6,9,15,0.4
DMMP,9,8,17,0.53
DMMS,10,5,15,0.67
DMMb,7,19,26,0.27
DMMh,8,5,13,0.62
DMMj,2,2,4,0.5
DMMl,2,2,4,0.5
DMMm,15,15,30,0.5
DMMn,11,20,31,0.35
DMMs,9,3,12,0.75
DMMt,1,3,4,0.25
DMNB,8,13,21,0.38
DMND,4,5,9,0.44
DMNH,3,3,6,0.5
DMNI,1,0,1,1.0
DMNK,3,1,4,0.75
DMNL,2,2,4,0.5
DMNM,5,12,17,0.29
DMNN,5,13,18,0.28
DMNP,7,10,17,0.41
DMNS,8,9,17,0.47
DMNb,7,5,12,0.58
DMNh,3,4,7,0.43
DMNl,2,2,4,0.5
DMNm,10,13,23,0.43
DMNn,11,11,22,0.5
DMNs,8,7,15,0.53
DMNt,0,0,0,
DMPB,5,13,18,0.28
DMPD,2,0,2,1.0
DMPH,3,5,8,0.38
DMPI,0,1,1,0.0
DMPK,1,2,3,0.33
DMPL,6,2,8,0.75
DMPM,8,15,23,0.35
DMPN,18,6,24,0.75
DMPP,10,10,20,0.5
DMPS,6,7,13,0.46
DMPb,9,5,14,0.64
DMPh,0,0,0,
DMPl,5,1,6,0.83
DMPm,10,15,25,0.4
DMPn,8,12,20,0.4
DMPs,14,10,24,0.58
DMPt,2,0,2,1.0
DMSB,7,8,15,0.47
DMSD,2,1,3,0.67
DMSH,4,6,10,0.4
DMSK,0,1,1,0.0
DMSL,2,0,2,1.0
DMSM,8,8,16,0.5
DMSN,4,9,13,0.31
DMSP,0,3,3,0.0
DMSS,7,12,19,0.37
DMSb,3,6,9,0.33
DMSh,4,8,12,0.33
DMSl,5,2,7,0.71
DMSm,18,7,25,0.72
DMSn,6,10,16,0.38
DMSs,4,9,13,0.31
DMSt,1,1,2,0.5
DMbB,10,3,13,0.77
DMbD,1,0,1,1.0
DMbH,0,4,4,0.0
DMbI,1,1,2,0.5
DMbJ,1,5,6,0.17
DMbK,0,0,0,
DMbL,1,0,1,1.0
DMbM,5,5,10,0.5
DMbN,12,7,19,0.63
DMbP,16,6,22,0.73
DMbS,7,6,13,0.54
DMbb,11,5,16,0.69
DMbl,3,4,7,0.43
DMbm,14,9,23,0.61
DMbn,4,9,13,0.31
DMbs,13,2,15,0.87
DMbt,1,0,1,1.0
DMhB,5,11,16,0.31
DMhD,1,1,2,0.5
DMhH,1,3,4,0.25
DMhI,4,3,7,0.57
DMhK,2,1,3,0.67
DMhL,5,2,7,0.71
DMhM,6,8,14,0.43
DMhN,8,8,16,0.5
DMhP,7,10,17,0.41
DMhS,4,8,12,0.33
DMhb,6,3,9,0.67
DMhh,5,5,10,0.5
DMhl,1,4,5,0.2
DMhm,6,11,17,0.35
DMhn,3,6,9,0.33
DMhs,10,4,14,0.71
DMht,1,2,3,0.33
DMjD,1,0,1,1.0
DMjH,1,1,2,0.5
DMjK,1,0,1,1.0
DMjL,0,1,1,0.0
DMjM,1,0,1,1.0
DMjN,0,3,3,0.0
DMjP,1,2,3,0.33
DMjS,1,1,2,0.5
DMjb,1,2,3,0.33
DMjh,0,0,0,
DMjl,3,0,3,1.0
DMjm,1,1,2,0.5
DMjn,3,1,4,0.75
DMjs,0,0,0,
DMlB,2,2,4,0.5
DMlH,1,1,2,0.5
DMlI,0,1,1,0.0
DMlJ,2,1,3,0.67
DMlK,1,0,1,1.0
DMlL,0,1,1,0.0
DMlM,2,2,4,0.5
DMlN,3,5,8,0.38
DMlP,2,2,4,0.5
DMlS,2,2,4,0.5
DMlb,4,3,7,0.57
DMll,2,1,3,0.67
DMlm,3,5,8,0.38
DMln,5,3,8,0.62
DMls,3,2,5,0.6
DMmB,15,9,24,0.62
DMmD,2,1,3,0.67
DMmH,4,15,19,0.21
DMmI,3,0,3,1.0
DMmJ,2,3,5,0.4
DMmK,1,0,1,1.0
DMmL,4,3,7,0.57
DMmM,10,15,25,0.4
DMmN,17,25,42,0.4
DMmP,18,15,33,0.55
DMmS,4,15,19,0.21
DMmb,11,8,19,0.58
DMmh,0,1,1,0.0
DMml,4,3,7,0.57
DMmm,25,14,39,0.64
DMmn,17,12,29,0.59
DMms,11,10,21,0.52
DMnB,10,8,18,0.56
DMnD,4,2,6,0.67
DMnH,7,4,11,0.64
DMnI,1,3,4,0.25
DMnL,3,4,7,0.43
DMnM,13,14,27,0.48
DMnN,18,21,39,0.46
DMnP,20,10,30,0.67
DMnS,14,14,28,0.5
DMnb,7,9,16,0.44
DMnh,0,2,2,0.0
DMnl,4,5,9,0.44
DMnm,14,16,30,0.47
DMnn,11,15,26,0.42
DMns,13,14,27,0.48
DMnt,1,1,2,0.5
DMsB,4,5,9,0.44
DMsD,1,2,3,0.33
DMsH,7,5,12,0.58
DMsI,3,2,5,0.6
DMsL,3,4,7,0.43
DMsM,8,13,21,0.38
DMsN,7,9,16,0.44
DMsP,8,8,16,0.5
DMsS,8,8,16,0.5
DMsb,4,7,11,0.36
DMsh,1,1,2,0.5
DMsl,3,3,6,0.5
DMsm,8,7,15,0.53
DMsn,5,4,9,0.56
DMss,6,9,15,0.4
DMst,0,1,1,0.0
DMtH,1,3,4,0.25
DMtI,1,0,1,1.0
DMtL,0,0,0,
DMtM,2,2,4,0.5
DMtN,2,2,4,0.5
DMtP,1,2,3,0.33
DMtS,1,0,1,1.0
DMtb,1,0,1,1.0
DMtl,0,0,0,
DMtm,2,2,4,0.5
DMtn,2,3,5,0.4
DMts,2,4,6,0.33
DNBB,6,8,14,0.43
DNBD,0,1,1,0.0
DNBK,1,2,3,0.33
DNBL,1,1,2,0.5
DNBM,5,8,13,0.38
DNBN,6,3,9,0.67
DNBP,5,12,17,0.29
DNBS,3,7,10,0.3
DNBb,4,7,11,0.36
DNBj,0,0,0,
DNBl,2,1,3,0.67
DNBm,8,4,12,0.67
DNBn,7,6,13,0.54
DNBs,4,3,7,0.57
DNBt,1,0,1,1.0
DNDB,0,0,0,
DNDH,3,3,6,0.5
DNDL,1,1,2,0.5
DNDM,2,2,4,0.5
DNDN,1,1,2,0.5
DNDP,1,1,2,0.5
DNDS,2,3,5,0.4
DNDb,1,1,2,0.5
DNDl,1,0,1,1.0
DNDm,1,0,1,1.0
DNDn,3,4,7,0.43
DNDs,1,1,2,0.5
DNHB,1,2,3,0.33
DNHH,0,0,0,
DNHL,1,2,3,0.33
DNHM,1,3,4,0.25
DNHN,3,1,4,0.75
DNHP,2,2,4,0.5
DNHS,2,3,5,0.4
DNHb,2,1,3,0.67
DNHh,0,1,1,0.0
DNHm,1,5,6,0.17
DNHn,0,0,0,
DNHs,3,2,5,0.6
DNHt,0,1,1,0.0
DNIH,1,0,1,1.0
DNIP,0,0,0,
DNIS,1,0,1,1.0
DNIb,0,3,3,0.0
DNKB,1,2,3,0.33
DNKD,0,1,1,0.0
DNKH,1,0,1,1.0
DNKI,0,1,1,0.0
DNKL,1,0,1,1.0
DNKM,2,2,4,0.5
DNKN,2,1,3,0.67
DNKP,2,0,2,1.0
DNKS,2,0,2,1.0
DNKb,1,0,1,1.0
DNKh,0,1,1,0.0
DNKl,0,1,1,0.0
DNKm,1,2,3,0.33
DNKn,2,0,2,1.0
DNKs,3,0,3,1.0
DNKt,1,0,1,1.0
DNLB,5,1,6,0.83
DNLD,0,1,1,0.0
DNLL,1,0,1,1.0
DNLM,2,2,4,0.5
DNLN,3,4,7,0.43
DNLP,2,6,8,0.25
DNLS,2,4,6,0.33
DNLb,2,1,3,0.67
DNLh,1,0,1,1.0
DNLl,1,0,1,1.0
DNLm,4,1,5,0.8
DNLn,0,2,2,0.0
DNLs,3,5,8,0.38
DNMB,5,5,10,0.5
DNMD,1,1,2,0.5
DNMK,1,0,1,1.0
DNML,3,1,4,0.75
DNMM,13,5,18,0.72
DNMN,8,7,15,0.53
DNMP,7,8,15,0.47
DNMS,3,7,10,0.3
DNMb,7,6,13,0.54
DNMh,8,4,12,0.67
DNMj,3,2,5,0.6
DNMl,2,1,3,0.67
DNMm,18,8,26,0.69
DNMn,11,20,31,0.35
DNMs,7,11,18,0.39
DNMt,1,0,1,1.0
DNNB,8,2,10,0.8
DNND,1,1,2,0.5
DNNH,4,1,5,0.8
DNNK,1,1,2,0.5
DNNL,0,4,4,0.0
DNNM,8,7,15,0.53
DNNN,14,11,25,0.56
DNNP,14,16,30,0.47
DNNS,13,10,23,0.57
DNNb,5,6,11,0.45
DNNh,2,2,4,0.5
DNNl,3,4,7,0.43
DNNm,10,13,23,0.43
DNNn,7,8,15,0.47
DNNs,12,10,22,0.55
DNNt,0,0,0,
DNPB,9,5,14,0.64
DNPD,0,2,2,0.0
DNPH,6,0,6,1.0
DNPI,4,0,4,1.0
DNPK,3,3,6,0.5
DNPL,3,5,8,0.38
DNPM,7,13,20,0.35
DNPN,9,10,19,0.47
DNPP,15,10,25,0.6
DNPS,7,9,16,0.44
DNPb,4,8,12,0.33
DNPh,2,4,6,0.33
DNPl,6,3,9,0.67
DNPm,16,12,28,0.57
DNPn,9,12,21,0.43
DNPs,7,5,12,0.58
DNSB,6,2,8,0.75
DNSD,0,0,0,
DNSH,3,1,4,0.75
DNSL,3,5,8,0.38
DNSM,6,7,13,0.46
DNSN,6,8,14,0.43
DNSP,11,8,19,0.58
DNSS,10,11,21,0.48
DNSb,3,4,7,0.43
DNSh,8,6,14,0.57
DNSl,0,3,3,0.0
DNSm,12,14,26,0.46
DNSn,7,5,12,0.58
DNSs,11,12,23,0.48
DNSt,3,2,5,0.6
DNbB,6,4,10,0.6
DNbD,1,0,1,1.0
DNbH,1,0,1,1.0
DNbJ,4,1,5,0.8
DNbK,2,1,3,0.67
DNbL,1,4,5,0.2
DNbM,7,4,11,0.64
DNbN,8,7,15,0.53
DNbP,6,7,13,0.46
DNbS,1,7,8,0.12
DNbb,6,6,12,0.5
DNbh,0,1,1,0.0
DNbl,2,1,3,0.67
DNbm,6,7,13,0.46
DNbn,5,7,12,0.42
DNbs,4,6,10,0.4
DNhB,0,6,6,0.0
DNhD,1,1,2,0.5
DNhH,2,0,2,1.0
DNhL,1,3,4,0.25
DNhM,2,4,6,0.33
DNhN,2,1,3,0.67
DNhP,3,1,4,0.75
DNhS,1,3,4,0.25
DNhb,1,0,1,1.0
DNhh,1,0,1,1.0
DNhl,0,1,1,0.0
DNhm,3,2,5,0.6
DNhn,0,3,3,0.0
DNhs,3,1,4,0.75
DNht,1,0,1,1.0
DNlB,2,0,2,1.0
DNlH,0,1,1,0.0
DNlJ,1,0,1,1.0
DNlL,1,2,3,0.33
DNlM,4,2,6,0.67
DNlN,2,4,6,0.33
DNlP,1,0,1,1.0
DNlS,2,1,3,0.67
DNlb,3,2,5,0.6
DNll,2,0,2,1.0
DNlm,1,3,4,0.25
DNln,2,4,6,0.33
DNls,0,2,2,0.0
DNmB,8,10,18,0.44
DNmD,1,1,2,0.5
DNmH,7,12,19,0.37
DNmJ,1,2,3,0.33
DNmK,0,1,1,0.0
DNmL,4,4,8,0.5
DNmM,18,13,31,0.58
DNmN,16,10,26,0.62
DNmP,5,15,20,0.25
DNmS,10,5,15,0.67
DNmb,7,9,16,0.44
DNml,3,3,6,0.5
DNmm,13,7,20,0.65
DNmn,7,7,14,0.5
DNms,7,9,16,0.44
DNnB,3,5,8,0.38
DNnD,2,3,5,0.4
DNnH,4,6,10,0.4
DNnI,1,5,6,0.17
DNnL,2,4,6,0.33
DNnM,6,11,17,0.35
DNnN,8,6,14,0.57
DNnP,20,8,28,0.71
DNnS,8,6,14,0.57
DNnb,10,3,13,0.77
DNnh,0,1,1,0.0
DNnl,5,2,7,0.71
DNnm,12,15,27,0.44
DNnn,18,7,25,0.72
DNns,11,4,15,0.73
DNnt,1,0,1,1.0
DNsB,6,4,10,0.6
DNsD,2,1,3,0.67
DNsH,7,3,10,0.7
DNsI,1,0,1,1.0
DNsL,3,0,3,1.0
DNsM,7,11,18,0.39
DNsN,3,10,13,0.23
DNsP,4,9,13,0.31
DNsS,6,12,18,0.33
DNsb,8,5,13,0.62
DNsh,2,0,2,1.0
DNsl,6,3,9,0.67
DNsm,11,7,18,0.61
DNsn,6,9,15,0.4
DNss,7,8,15,0.47
DNtB,2,2,4,0.5
DNtD,0,1,1,0.0
DNtH,0,2,2,0.0
DNtI,1,0,1,1.0
DNtK,0,1,1,0.0
DNtM,0,1,1,0.0
DNtN,1,2,3,0.33
DNtP,4,0,4,1.0
DNtS,4,0,4,1.0
DNtb,1,0,1,1.0
DNtl,1,1,2,0.5
DNtm,2,1,3,0.67
DNtn,1,1,2,0.5
DNts,1,1,2,0.5
DPBB,10,12,22,0.45
DPBD,3,0,3,1.0
DPBH,0,2,2,0.0
DPBK,1,0,1,1.0
DPBL,1,2,3,0.33
DPBM,4,2,6,0.67
DPBN,5,6,11,0.45
DPBP,6,11,17,0.35
DPBS,3,6,9,0.33
DPBb,8,5,13,0.62
DPBh,1,0,1,1.0
DPBj,1,1,2,0.5
DPBl,4,2,6,0.67
DPBm,9,8,17,0.53
DPBn,17,11,28,0.61
DPBs,5,5,10,0.5
DPBt,0,3,3,0.0
DPDB,1,1,2,0.5
DPDD,0,0,0,
DPDH,1,2,3,0.33
DPDI,0,1,1,0.0
DPDM,1,3,4,0.25
DPDN,2,1,3,0.67
DPDP,4,2,6,0.67
DPDS,2,1,3,0.67
DPDb,1,0,1,1.0
DPDl,0,0,0,
DPDm,2,1,3,0.67
DPDn,0,2,2,0.0
DPDs,2,2,4,0.5
DPHB,5,0,5,1.0
DPHD,1,0,1,1.0
DPHH,0,1,1,0.0
DPHK,0,2,2,0.0
DPHL,2,2,4,0.5
DPHM,2,2,4,0.5
DPHN,3,6,9,0.33
DPHP,3,5,8,0.38
DPHS,4,3,7,0.57
DPHb,1,4,5,0.2
DPHh,1,2,3,0.33
DPHl,2,2,4,0.5
DPHm,7,1,8,0.88
DPHn,0,4,4,0.0
DPHs,4,3,7,0.57
DPHt,0,2,2,0.0
DPIB,1,1,2,0.5
DPID,0,0,0,
DPIH,1,0,1,1.0
DPII,0,0,0,
DPIL,1,0,1,1.0
DPIM,2,1,3,0.67
DPIN,1,1,2,0.5
DPIP,0,1,1,0.0
DPIS,1,1,2,0.5
DPIb,2,1,3,0.67
DPIl,1,0,1,1.0
DPIm,3,1,4,0.75
DPKB,0,2,2,0.0
DPKH,1,0,1,1.0
DPKM,1,1,2,0.5
DPKN,1,3,4,0.25
DPKP,3,2,5,0.6
DPKS,1,4,5,0.2
DPKb,0,4,4,0.0
DPKh,0,1,1,0.0
DPKl,1,1,2,0.5
DPKm,4,3,7,0.57
DPKn,0,1,1,0.0
DPKs,2,1,3,0.67
DPLB,2,0,2,1.0
DPLD,0,1,1,0.0
DPLK,0,1,1,0.0
DPLL,4,3,7,0.57
DPLM,3,3,6,0.5
DPLN,0,1,1,0.0
DPLP,4,6,10,0.4
DPLS,5,2,7,0.71
DPLb,2,3,5,0.4
DPLh,0,3,3,0.0
DPLl,2,2,4,0.5
DPLm,6,3,9,0.67
DPLn,3,7,10,0.3
DPLs,4,3,7,0.57
DPMB,11,6,17,0.65
DPMD,4,1,5,0.8
DPML,1,5,6,0.17
DPMM,11,12,23,0.48
DPMN,9,5,14,0.64
DPMP,10,12,22,0.45
DPMS,8,5,13,0.62
DPMb,8,18,26,0.31
DPMh,9,4,13,0.69
DPMj,2,2,4,0.5
DPMl,1,9,10,0.1
DPMm,14,15,29,0.48
DPMn,7,12,19,0.37
DPMs,7,5,12,0.58
DPMt,2,0,2,1.0
DPNB,9,8,17,0.53
DPND,1,2,3,0.33
DPNH,2,4,6,0.33
DPNI,1,0,1,1.0
DPNL,2,6,8,0.25
DPNM,7,15,22,0.32
DPNN,9,7,16,0.56
DPNP,3,7,10,0.3
DPNS,9,7,16,0.56
DPNb,2,4,6,0.33
DPNh,3,1,4,0.75
DPNl,3,4,7,0.43
DPNm,14,5,19,0.74
DPNn,16,5,21,0.76
DPNs,8,8,16,0.5
DPNt,1,1,2,0.5
DPPB,6,9,15,0.4
DPPD,1,1,2,0.5
DPPH,3,2,5,0.6
DPPI,1,0,1,1.0
DPPK,2,1,3,0.67
DPPL,4,6,10,0.4
DPPM,9,11,20,0.45
DPPN,12,10,22,0.55
DPPP,14,19,33,0.42
DPPS,4,11,15,0.27
DPPb,14,7,21,0.67
DPPh,1,0,1,1.0
DPPl,7,7,14,0.5
DPPm,12,11,23,0.52
DPPn,14,5,19,0.74
DPPs,6,11,17,0.35
DPPt,1,1,2,0.5
DPSB,6,6,12,0.5
DPSD,1,1,2,0.5
DPSH,5,7,12,0.42
DPSI,1,0,1,1.0
DPSK,0,2,2,0.0
DPSL,5,4,9,0.56
DPSM,3,17,20,0.15
DPSN,4,6,10,0.4
DPSP,14,9,23,0.61
DPSS,7,16,23,0.3
DPSb,7,4,11,0.64
DPSh,9,5,14,0.64
DPSl,7,2,9,0.78
DPSm,13,9,22,0.59
DPSn,10,9,19,0.53
DPSs,10,12,22,0.45
DPbB,9,7,16,0.56
DPbD,1,0,1,1.0
DPbH,2,0,2,1.0
DPbI,2,0,2,1.0
DPbJ,1,5,6,0.17
DPbK,1,1,2,0.5
DPbL,3,4,7,0.43
DPbM,6,8,14,0.43
DPbN,4,5,9,0.44
DPbP,8,18,26,0.31
DPbS,2,3,5,0.4
DPbb,4,4,8,0.5
DPbl,8,2,10,0.8
DPbm,10,9,19,0.53
DPbn,2,8,10,0.2
DPbs,6,3,9,0.67
DPhH,2,0,2,1.0
DPhM,1,4,5,0.2
DPhP,3,2,5,0.6
DPhS,3,0,3,1.0
DPhb,1,0,1,1.0
DPhh,1,1,2,0.5
DPhn,1,2,3,0.33
DPhs,1,0,1,1.0
DPlB,1,6,7,0.14
DPlH,1,2,3,0.33
DPlI,1,0,1,1.0
DPlJ,1,1,2,0.5
DPlK,0,1,1,0.0
DPlL,0,1,1,0.0
DPlM,1,7,8,0.12
DPlN,6,0,6,1.0
DPlP,3,1,4,0.75
DPlS,2,4,6,0.33
DPlb,2,6,8,0.25
DPll,2,4,6,0.33
DPlm,2,1,3,0.67
DPln,3,0,3,1.0
DPls,0,3,3,0.0
DPmB,16,9,25,0.64
DPmD,3,0,3,1.0
DPmH,3,8,11,0.27
DPmI,1,0,1,1.0
DPmJ,2,2,4,0.5
DPmK,0,1,1,0.0
DPmL,8,8,16,0.5
DPmM,10,14,24,0.42
DPmN,6,4,10,0.6
DPmP,11,12,23,0.48
DPmS,4,11,15,0.27
DPmb,14,6,20,0.7
DPmh,1,0,1,1.0
DPml,7,3,10,0.7
DPmm,7,8,15,0.47
DPmn,13,10,23,0.57
DPms,7,5,12,0.58
DPmt,1,0,1,1.0
DPnB,7,2,9,0.78
DPnD,0,0,0,
DPnH,4,1,5,0.8
DPnI,1,0,1,1.0
DPnK,0,1,1,0.0
DPnL,3,5,8,0.38
DPnM,5,12,17,0.29
DPnN,6,5,11,0.55
DPnP,11,5,16,0.69
DPnS,9,6,15,0.6
DPnb,3,5,8,0.38
DPnh,2,0,2,1.0
DPnl,3,4,7,0.43
DPnm,9,6,15,0.6
DPnn,9,6,15,0.6
DPns,10,10,20,0.5
DPsB,3,1,4,0.75
DPsD,1,1,2,0.5
DPsH,8,2,10,0.8
DPsI,3,1,4,0.75
DPsL,3,3,6,0.5
DPsM,8,10,18,0.44
DPsN,6,11,17,0.35
DPsP,9,6,15,0.6
DPsS,16,5,21,0.76
DPsb,4,3,7,0.57
DPsl,3,5,8,0.38
DPsm,9,3,12,0.75
DPsn,11,9,20,0.55
DPss,7,9,16,0.44
DPst,1,0,1,1.0
DPtB,0,1,1,0.0
DPtD,0,1,1,0.0
DPtH,0,1,1,0.0
DPtK,0,0,0,
DPtL,1,0,1,1.0
DPtM,2,4,6,0.33
DPtN,0,2,2,0.0
DPtP,0,1,1,0.0
DPtS,2,1,3,0.67
DPtb,0,2,2,0.0
DPth,1,0,1,1.0
DPtl,1,0,1,1.0
DPtm,2,0,2,1.0
DPtn,2,2,4,0.5
DPts,2,1,3,0.67
DPtt,0,1,1,0.0
DSBB,3,5,8,0.38
DSBD,0,2,2,0.0
DSBK,1,0,1,1.0
DSBL,2,1,3,0.67
DSBM,6,7,13,0.46
DSBN,7,8,15,0.47
DSBP,8,5,13,0.62
DSBS,4,3,7,0.57
DSBb,6,3,9,0.67
DSBh,0,2,2,0.0
DSBj,2,1,3,0.67
DSBl,1,3,4,0.25
DSBm,12,6,18,0.67
DSBn,8,12,20,0.4
DSBs,3,4,7,0.43
DSBt,1,1,2,0.5
DSDB,4,2,6,0.67
DSDD,2,0,2,1.0
DSDH,2,2,4,0.5
DSDI,0,1,1,0.0
DSDL,1,3,4,0.25
DSDM,3,5,8,0.38
DSDN,1,0,1,1.0
DSDP,3,2,5,0.6
DSDS,6,1,7,0.86
DSDb,0,1,1,0.0
DSDl,2,0,2,1.0
DSDm,2,2,4,0.5
DSDn,1,2,3,0.33
DSDs,2,4,6,0.33
DSHB,5,3,8,0.62
DSHH,0,2,2,0.0
DSHI,0,1,1,0.0
DSHK,0,1,1,0.0
DSHM,1,7,8,0.12
DSHN,2,5,7,0.29
DSHP,7,3,10,0.7
DSHS,4,7,11,0.36
DSHb,1,1,2,0.5
DSHh,2,4,6,0.33
DSHl,1,3,4,0.25
DSHm,9,7,16,0.56
DSHn,2,5,7,0.29
DSHs,5,10,15,0.33
DSHt,0,0,0,
DSIB,1,2,3,0.33
DSIH,1,1,2,0.5
DSIP,1,0,1,1.0
DSIS,0,1,1,0.0
DSIb,1,0,1,1.0
DSIh,0,1,1,0.0
DSIm,0,0,0,
DSIn,1,1,2,0.5
DSIs,0,1,1,0.0
DSIt,0,1,1,0.0
DSKL,0,1,1,0.0
DSKM,0,1,1,0.0
DSKN,1,0,1,1.0
DSKS,1,0,1,1.0
DSKb,1,1,2,0.5
DSKh,0,0,0,
DSKl,0,1,1,0.0
DSKm,1,1,2,0.5
DSKs,0,1,1,0.0
DSLB,3,1,4,0.75
DSLD,2,0,2,1.0
DSLK,0,1,1,0.0
DSLL,1,0,1,1.0
DSLM,4,6,10,0.4
DSLN,2,2,4,0.5
DSLP,1,6,7,0.14
DSLS,2,1,3,0.67
DSLb,1,0,1,1.0
DSLh,1,0,1,1.0
DSLl,0,0,0,
DSLm,1,1,2,0.5
DSLn,4,2,6,0.67
DSLs,2,4,6,0.33
DSLt,1,0,1,1.0
DSMB,14,15,29,0.48
DSMD,3,3,6,0.5
DSMI,1,0,1,1.0
DSMK,1,2,3,0.33
DSML,3,4,7,0.43
DSMM,17,12,29,0.59
DSMN,10,12,22,0.45
DSMP,12,10,22,0.55
DSMS,12,8,20,0.6
DSMb,3,13,16,0.19
DSMh,6,12,18,0.33
DSMj,1,0,1,1.0
DSMl,1,1,2,0.5
DSMm,18,13,31,0.58
DSMn,17,14,31,0.55
DSMs,8,3,11,0.73
DSMt,2,0,2,1.0
DSNB,8,6,14,0.57
DSND,0,1,1,0.0
DSNH,0,1,1,0.0
DSNI,0,0,0,
DSNK,0,2,2,0.0
DSNL,1,2,3,0.33
DSNM,11,11,22,0.5
DSNN,10,7,17,0.59
DSNP,11,7,18,0.61
DSNS,7,6,13,0.54
DSNb,1,11,12,0.08
DSNh,4,5,9,0.44
DSNl,4,1,5,0.8
DSNm,15,12,27,0.56
DSNn,13,9,22,0.59
DSNs,12,8,20,0.6
DSNt,1,3,4,0.25
DSPB,11,7,18,0.61
DSPD,2,2,4,0.5
DSPH,3,0,3,1.0
DSPI,1,0,1,1.0
DSPK,1,3,4,0.25
DSPL,4,2,6,0.67
DSPM,6,8,14,0.43
DSPN,6,11,17,0.35
DSPP,13,15,28,0.46
DSPS,6,7,13,0.46
DSPb,8,15,23,0.35
DSPh,1,0,1,1.0
DSPl,4,3,7,0.57
DSPm,11,13,24,0.46
DSPn,6,7,13,0.46
DSPs,9,5,14,0.64
DSPt,0,2,2,0.0
DSSB,15,15,30,0.5
DSSD,5,4,9,0.56
DSSH,6,2,8,0.75
DSSI,2,0,2,1.0
DSSL,2,1,3,0.67
DSSM,12,27,39,0.31
DSSN,12,12,24,0.5
DSSP,11,10,21,0.52
DSSS,33,22,55,0.6
DSSb,7,6,13,0.54
DSSh,6,4,10,0.6
DSSl,3,3,6,0.5
DSSm,12,22,34,0.35
DSSn,11,12,23,0.48
DSSs,16,21,37,0.43
DSSt,3,5,8,0.38
DSbB,7,5,12,0.58
DSbD,0,1,1,0.0
DSbH,2,2,4,0.5
DSbI,0,2,2,0.0
DSbJ,1,1,2,0.5
DSbK,3,1,4,0.75
DSbL,4,0,4,1.0
DSbM,7,11,18,0.39
DSbN,7,23,30,0.23
DSbP,11,5,16,0.69
DSbS,4,7,11,0.36
DSbb,9,9,18,0.5
DSbl,2,2,4,0.5
DSbm,11,8,19,0.58
DSbn,12,7,19,0.63
DSbs,6,4,10,0.6
DShB,2,9,11,0.18
DShD,2,0,2,1.0
DShH,3,1,4,0.75
DShK,1,0,1,1.0
DShL,1,0,1,1.0
DShM,7,8,15,0.47
DShN,5,4,9,0.56
DShP,6,5,11,0.55
DShS,9,8,17,0.53
DShb,0,3,3,0.0
DShh,6,5,11,0.55
DShl,2,2,4,0.5
DShm,6,5,11,0.55
DShn,5,8,13,0.38
DShs,4,7,11,0.36
DSht,0,2,2,0.0
DSlB,1,3,4,0.25
DSlH,1,4,5,0.2
DSlI,0,0,0,
DSlJ,0,1,1,0.0
DSlL,0,1,1,0.0
DSlM,3,2,5,0.6
DSlN,0,4,4,0.0
DSlP,3,2,5,0.6
DSlS,0,3,3,0.0
DSlb,5,1,6,0.83
DSll,2,0,2,1.0
DSlm,4,1,5,0.8
DSln,2,0,2,1.0
DSls,4,0,4,1.0
DSmB,9,8,17,0.53
DSmD,2,3,5,0.4
DSmH,7,7,14,0.5
DSmI,0,2,2,0.0
DSmJ,3,2,5,0.6
DSmK,1,2,3,0.33
DSmL,0,5,5,0.0
DSmM,11,12,23,0.48
DSmN,16,17,33,0.48
DSmP,7,8,15,0.47
DSmS,10,11,21,0.48
DSmb,8,11,19,0.42
DSmh,0,1,1,0.0
DSml,2,2,4,0.5
DSmm,14,18,32,0.44
DSmn,7,12,19,0.37
DSms,8,10,18,0.44
DSnB,8,3,11,0.73
DSnD,3,0,3,1.0
DSnH,5,8,13,0.38
DSnI,2,1,3,0.67
DSnK,1,0,1,1.0
DSnL,3,3,6,0.5
DSnM,10,10,20,0.5
DSnN,16,11,27,0.59
DSnP,4,10,14,0.29
DSnS,11,16,27,0.41
DSnb,9,5,14,0.64
DSnh,0,2,2,0.0
DSnl,2,2,4,0.5
DSnm,11,10,21,0.52
DSnn,18,6,24,0.75
DSns,10,8,18,0.56
DSnt,1,0,1,1.0
DSsB,11,4,15,0.73
DSsD,3,3,6,0.5
DSsH,9,7,16,0.56
DSsI,2,1,3,0.67
DSsL,5,0,5,1.0
DSsM,9,12,21,0.43
DSsN,10,14,24,0.42
DSsP,11,13,24,0.46
DSsS,23,13,36,0.64
DSsb,7,7,14,0.5
DSsh,1,0,1,1.0
DSsl,1,5,6,0.17
DSsm,21,10,31,0.68
DSsn,10,10,20,0.5
DSss,13,17,30,0.43
DStB,1,1,2,0.5
DStD,0,0,0,
DStH,2,2,4,0.5
DStL,2,0,2,1.0
DStM,1,2,3,0.33
DStN,1,2,3,0.33
DStP,2,5,7,0.29
DStS,2,4,6,0.33
DStb,1,2,3,0.33
DStm,0,2,2,0.0
DStn,1,3,4,0.25
DSts,4,2,6,0.67
DStt,1,0,1,1.0
DbBB,6,7,13,0.46
DbBD,2,1,3,0.67
DbBL,2,4,6,0.33
DbBM,8,8,16,0.5
DbBN,6,4,10,0.6
DbBP,5,5,10,0.5
DbBS,4,2,6,0.67
DbBb,10,6,16,0.62
DbBh,1,2,3,0.33
DbBj,1,4,5,0.2
DbBl,6,1,7,0.86
DbBm,8,6,14,0.57
DbBn,5,11,16,0.31
DbBs,3,4,7,0.43
DbBt,1,3,4,0.25
DbDB,0,2,2,0.0
DbDH,3,0,3,1.0
DbDM,1,2,3,0.33
DbDN,3,0,3,1.0
DbDP,1,2,3,0.33
DbDb,1,1,2,0.5
DbDm,3,1,4,0.75
DbDn,1,1,2,0.5
DbDs,1,0,1,1.0
DbDt,0,1,1,0.0
DbHB,0,2,2,0.0
DbHM,1,5,6,0.17
DbHN,2,1,3,0.67
DbHP,1,3,4,0.25
DbHS,0,3,3,0.0
DbHb,2,4,6,0.33
DbHh,1,3,4,0.25
DbHl,0,1,1,0.0
DbHm,1,0,1,1.0
DbHn,4,2,6,0.67
DbHs,1,0,1,1.0
DbIB,0,1,1,0.0
DbIH,0,3,3,0.0
DbII,1,0,1,1.0
DbIL,0,1,1,0.0
DbIM,1,2,3,0.33
DbIN,1,0,1,1.0
DbIP,1,0,1,1.0
DbIS,0,1,1,0.0
DbIl,1,0,1,1.0
DbIm,5,0,5,1.0
DbIn,1,0,1,1.0
DbIs,2,1,3,0.67
DbJB,2,0,2,1.0
DbJD,1,1,2,0.5
DbJH,1,1,2,0.5
DbJK,1,1,2,0.5
DbJL,0,2,2,0.0
DbJM,2,3,5,0.4
DbJN,0,1,1,0.0
DbJP,2,4,6,0.33
DbJS,1,1,2,0.5
DbJb,0,1,1,0.0
DbJl,1,0,1,1.0
DbJm,3,3,6,0.5
DbJn,3,2,5,0.6
DbJs,1,3,4,0.25
DbJt,0,1,1,0.0
DbKB,1,3,4,0.25
DbKL,0,1,1,0.0
DbKM,2,1,3,0.67
DbKP,0,1,1,0.0
DbKS,3,3,6,0.5
DbKb,1,3,4,0.25
DbKh,0,0,0,
DbKm,1,0,1,1.0
DbKn,1,0,1,1.0
DbKs,1,3,4,0.25
DbLB,2,2,4,0.5
DbLD,1,0,1,1.0
DbLL,2,1,3,0.67
DbLM,2,0,2,1.0
DbLN,4,1,5,0.8
DbLP,1,2,3,0.33
DbLS,2,0,2,1.0
DbLb,0,7,7,0.0
DbLh,1,2,3,0.33
DbLj,0,1,1,0.0
DbLl,0,1,1,0.0
DbLm,2,1,3,0.67
DbLn,1,2,3,0.33
DbLs,3,0,3,1.0
DbLt,1,0,1,1.0
DbMB,7,9,16,0.44
DbMD,0,2,2,0.0
DbMH,0,1,1,0.0
DbML,1,2,3,0.33
DbMM,4,8,12,0.33
DbMN,10,10,20,0.5
DbMP,5,9,14,0.36
DbMS,4,7,11,0.36
DbMb,7,6,13,0.54
DbMh,8,3,11,0.73
DbMj,0,2,2,0.0
DbMl,4,1,5,0.8
DbMm,6,5,11,0.55
DbMn,8,9,17,0.47
DbMs,3,4,7,0.43
DbNB,2,5,7,0.29
DbND,1,0,1,1.0
DbNK,1,2,3,0.33
DbNL,2,3,5,0.4
DbNM,5,5,10,0.5
DbNN,10,8,18,0.56
DbNP,5,6,11,0.45
DbNS,7,11,18,0.39
DbNb,9,10,19,0.47
DbNh,1,0,1,1.0
DbNl,4,3,7,0.57
DbNm,10,6,16,0.62
DbNn,10,7,17,0.59
DbNs,9,4,13,0.69
DbNt,0,1,1,0.0
DbPB,6,9,15,0.4
DbPD,1,0,1,1.0
DbPH,1,1,2,0.5
DbPI,2,0,2,1.0
DbPK,1,2,3,0.33
DbPL,1,6,7,0.14
DbPM,1,11,12,0.08
DbPN,7,6,13,0.54
DbPP,8,6,14,0.57
DbPS,7,8,15,0.47
DbPb,3,4,7,0.43
DbPh,0,2,2,0.0
DbPl,3,1,4,0.75
DbPm,12,2,14,0.86
DbPn,5,11,16,0.31
DbPs,5,6,11,0.45
DbPt,0,2,2,0.0
DbSB,4,2,6,0.67
DbSD,2,1,3,0.67
DbSH,0,3,3,0.0
DbSL,0,2,2,0.0
DbSM,5,4,9,0.56
DbSN,6,6,12,0.5
DbSP,1,5,6,0.17
DbSS,6,6,12,0.5
DbSb,6,7,13,0.46
DbSh,1,2,3,0.33
DbSl,1,2,3,0.33
DbSm,1,2,3,0.33
DbSn,5,3,8,0.62
DbSs,8,2,10,0.8
DbSt,1,0,1,1.0
DbbB,8,5,13,0.62
DbbD,1,0,1,1.0
DbbH,1,2,3,0.33
DbbJ,1,0,1,1.0
DbbK,0,0,0,
DbbL,3,6,9,0.33
DbbM,14,7,21,0.67
DbbN,5,10,15,0.33
DbbP,11,4,15,0.73
DbbS,2,3,5,0.4
Dbbb,7,7,14,0.5
Dbbh,0,1,1,0.0
Dbbl,1,0,1,1.0
Dbbm,7,7,14,0.5
Dbbn,9,6,15,0.6
Dbbs,2,2,4,0.5
Dbhl,0,1,1,0.0
Dbhm,1,0,1,1.0
DblB,5,1,6,0.83
DblD,2,0,2,1.0
DblH,0,1,1,0.0
DblJ,1,0,1,1.0
DblK,1,1,2,0.5
DblL,1,0,1,1.0
DblM,3,3,6,0.5
DblN,3,5,8,0.38
DblP,1,1,2,0.5
DblS,2,0,2,1.0
Dblb,2,2,4,0.5
Dbll,0,0,0,
Dblm,4,0,4,1.0
Dbln,1,1,2,0.5
Dbls,1,0,1,1.0
DbmB,10,6,16,0.62
DbmD,5,1,6,0.83
DbmH,8,5,13,0.62
DbmI,2,1,3,0.67
DbmJ,0,1,1,0.0
DbmL,0,4,4,0.0
DbmM,9,8,17,0.53
DbmN,11,5,16,0.69
DbmP,14,6,20,0.7
DbmS,7,2,9,0.78
Dbmb,10,4,14,0.71
Dbml,2,1,3,0.67
Dbmm,8,4,12,0.67
Dbmn,6,1,7,0.86
Dbms,4,2,6,0.67
DbnB,4,3,7,0.57
DbnD,1,1,2,0.5
DbnH,4,5,9,0.44
DbnI,2,1,3,0.67
DbnL,0,2,2,0.0
DbnM,11,9,20,0.55
DbnN,9,6,15,0.6
DbnP,4,9,13,0.31
DbnS,5,11,16,0.31
Dbnb,5,3,8,0.62
Dbnh,1,0,1,1.0
Dbnl,3,1,4,0.75
Dbnm,9,9,18,0.5
Dbnn,6,6,12,0.5
Dbns,5,4,9,0.56
DbsB,3,2,5,0.6
DbsD,2,0,2,1.0
DbsH,6,2,8,0.75
DbsI,0,0,0,
DbsL,1,2,3,0.33
DbsM,3,5,8,0.38
DbsN,4,5,9,0.44
DbsP,3,7,10,0.3
DbsS,5,2,7,0.71
Dbsb,2,3,5,0.4
Dbsh,0,1,1,0.0
Dbsl,1,1,2,0.5
Dbsm,8,4,12,0.67
Dbsn,5,4,9,0.56
Dbss,2,1,3,0.67
DhBM,2,1,3,0.67
DhBb,1,0,1,1.0
DhBm,1,0,1,1.0
DhDB,1,0,1,1.0
DhDH,0,1,1,0.0
DhHP,1,0,1,1.0
DhHm,0,1,1,0.0
DhHn,0,1,1,0.0
DhHs,1,0,1,1.0
DhIM,0,1,1,0.0
DhIS,0,0,0,
DhIm,1,0,1,1.0
DhKM,0,1,1,0.0
DhLB,0,1,1,0.0
DhLM,1,0,1,1.0
DhLN,0,1,1,0.0
DhLP,0,1,1,0.0
DhLb,1,0,1,1.0
DhLl,0,0,0,
DhMB,4,2,6,0.67
DhMM,1,2,3,0.33
DhMP,0,3,3,0.0
DhMS,2,2,4,0.5
DhMh,0,1,1,0.0
DhMl,1,0,1,1.0
DhMm,1,1,2,0.5
DhMn,0,0,0,
DhMs,0,1,1,0.0
DhNB,0,0,0,
DhNH,0,0,0,
DhNL,0,1,1,0.0
DhNM,1,0,1,1.0
DhNN,0,2,2,0.0
DhNb,0,2,2,0.0
DhNm,0,0,0,
DhNn,1,0,1,1.0
DhNs,1,0,1,1.0
DhNt,0,1,1,0.0
DhPB,1,0,1,1.0
DhPL,0,1,1,0.0
DhPM,1,0,1,1.0
DhPN,0,0,0,
DhPS,0,0,0,
DhPb,2,0,2,1.0
DhPl,1,0,1,1.0
DhPm,1,3,4,0.25
DhPs,2,0,2,1.0
DhSD,0,0,0,
DhSI,0,1,1,0.0
DhSM,3,0,3,1.0
DhSN,0,1,1,0.0
DhSP,2,0,2,1.0
DhSS,1,1,2,0.5
DhSl,1,0,1,1.0
DhSm,1,1,2,0.5
DhSn,0,1,1,0.0
DhbB,0,1,1,0.0
DhbM,0,1,1,0.0
DhbN,0,1,1,0.0
DhbP,1,0,1,1.0
DhbS,1,1,2,0.5
Dhbn,0,0,0,
DhhB,2,0,2,1.0
DhhN,1,0,1,1.0
DhhS,1,2,3,0.33
Dhhh,0,1,1,0.0
Dhhm,1,0,1,1.0
Dhhs,0,1,1,0.0
DhlB,0,1,1,0.0
DhlN,1,0,1,1.0
Dhlb,1,0,1,1.0
Dhll,0,1,1,0.0
Dhln,0,1,1,0.0
DhmB,3,0,3,1.0
DhmH,0,0,0,
DhmJ,0,2,2,0.0
DhmM,1,0,1,1.0
DhmN,1,0,1,1.0
DhmP,0,1,1,0.0
DhmS,1,0,1,1.0
Dhmb,0,0,0,
Dhmm,2,0,2,1.0
DhnB,1,0,1,1.0
DhnL,1,1,2,0.5
DhnM,0,1,1,0.0
DhnP,0,2,2,0.0
DhnS,1,0,1,1.0
Dhnb,1,2,3,0.33
Dhnm,2,0,2,1.0
Dhnn,1,0,1,1.0
DhsB,1,0,1,1.0
DhsI,1,0,1,1.0
DhsM,1,1,2,0.5
Dhsb,2,0,2,1.0
Dhsn,1,2,3,0.33
Dhss,2,0,2,1.0
DhtI,0,1,1,0.0
DlBB,0,1,1,0.0
DlBL,1,2,3,0.33
DlBM,1,1,2,0.5
DlBN,3,4,7,0.43
DlBP,2,3,5,0.4
DlBS,2,0,2,1.0
DlBb,1,2,3,0.33
DlBj,4,1,5,0.8
DlBm,2,3,5,0.4
DlBn,1,3,4,0.25
DlBs,1,2,3,0.33
DlDB,1,1,2,0.5
DlDH,0,1,1,0.0
DlDM,1,0,1,1.0
DlDN,0,1,1,0.0
DlDb,1,0,1,1.0
DlDm,1,1,2,0.5
DlDn,0,1,1,0.0
DlDs,1,0,1,1.0
DlHB,2,1,3,0.67
DlHD,1,0,1,1.0
DlHH,0,1,1,0.0
DlHK,0,1,1,0.0
DlHL,2,0,2,1.0
DlHM,2,2,4,0.5
DlHN,3,2,5,0.6
DlHP,1,0,1,1.0
DlHS,2,3,5,0.4
DlHb,2,1,3,0.67
DlHh,1,0,1,1.0
DlHl,0,1,1,0.0
DlHm,2,4,6,0.33
DlHn,0,3,3,0.0
DlHs,1,2,3,0.33
DlHt,0,1,1,0.0
DlJB,0,2,2,0.0
DlJD,0,0,0,
DlJI,1,0,1,1.0
DlJK,0,1,1,0.0
DlJL,0,1,1,0.0
DlJM,0,0,0,
DlJP,1,1,2,0.5
DlJS,1,0,1,1.0
DlJb,1,0,1,1.0
DlJl,1,0,1,1.0
DlJm,0,2,2,0.0
DlJn,0,1,1,0.0
DlJs,0,1,1,0.0
DlJt,1,0,1,1.0
DlKM,0,1,1,0.0
DlKN,0,1,1,0.0
DlKb,0,2,2,0.0
DlKm,1,1,2,0.5
DlKn,1,0,1,1.0
DlLB,1,3,4,0.25
DlLK,0,0,0,
DlLL,0,1,1,0.0
DlLM,0,1,1,0.0
DlLN,0,1,1,0.0
DlLP,2,4,6,0.33
DlLS,1,2,3,0.33
DlLb,1,0,1,1.0
DlLj,0,1,1,0.0
DlLm,1,1,2,0.5
DlLn,1,0,1,1.0
DlLs,0,1,1,0.0
DlMB,1,3,4,0.25
DlML,0,1,1,0.0
DlMM,3,4,7,0.43
DlMN,3,4,7,0.43
DlMP,3,2,5,0.6
DlMS,3,3,6,0.5
DlMb,1,3,4,0.25
DlMh,0,1,1,0.0
DlMj,1,0,1,1.0
DlMl,0,1,1,0.0
DlMm,2,3,5,0.4
DlMn,5,2,7,0.71
DlMs,2,2,4,0.5
DlNB,1,3,4,0.25
DlND,0,1,1,0.0
DlNH,1,1,2,0.5
DlNK,0,1,1,0.0
DlNL,1,1,2,0.5
DlNM,6,2,8,0.75
DlNN,4,1,5,0.8
DlNS,0,6,6,0.0
DlNb,5,1,6,0.83
DlNh,1,1,2,0.5
DlNl,0,2,2,0.0
DlNm,3,2,5,0.6
DlNn,4,1,5,0.8
DlNs,2,1,3,0.67
DlNt,1,0,1,1.0
DlPB,0,2,2,0.0
DlPH,0,1,1,0.0
DlPK,0,1,1,0.0
DlPL,2,1,3,0.67
DlPM,1,3,4,0.25
DlPN,1,7,8,0.12
DlPP,3,2,5,0.6
DlPS,5,1,6,0.83
DlPb,2,1,3,0.67
DlPl,1,1,2,0.5
DlPm,5,2,7,0.71
DlPn,1,1,2,0.5
DlPs,4,4,8,0.5
DlSB,2,2,4,0.5
DlSD,0,0,0,
DlSI,1,0,1,1.0
DlSL,0,1,1,0.0
DlSM,3,2,5,0.6
DlSN,2,1,3,0.67
DlSP,2,2,4,0.5
DlSS,3,3,6,0.5
DlSb,2,1,3,0.67
DlSh,1,1,2,0.5
DlSl,1,0,1,1.0
DlSm,0,1,1,0.0
DlSn,2,2,4,0.5
DlSs,3,2,5,0.6
DlbB,8,3,11,0.73
DlbD,1,0,1,1.0
DlbH,1,0,1,1.0
DlbJ,1,2,3,0.33
DlbK,1,0,1,1.0
DlbL,1,2,3,0.33
DlbM,1,2,3,0.33
DlbN,4,5,9,0.44
DlbP,5,3,8,0.62
DlbS,2,0,2,1.0
Dlbb,4,2,6,0.67
Dlbl,3,2,5,0.6
Dlbm,3,1,4,0.75
Dlbn,0,1,1,0.0
Dlbs,1,0,1,1.0
Dlhn,0,1,1,0.0
DllB,1,3,4,0.25
DllH,0,1,1,0.0
DllI,1,0,1,1.0
DllL,0,0,0,
DllM,1,3,4,0.25
DllN,3,0,3,1.0
DllP,0,1,1,0.0
DllS,2,2,4,0.5
Dllb,2,0,2,1.0
Dllm,1,0,1,1.0
Dlln,2,1,3,0.67
Dlls,2,0,2,1.0
DlmB,3,2,5,0.6
DlmD,1,0,1,1.0
DlmH,2,3,5,0.4
DlmI,1,0,1,1.0
DlmK,0,1,1,0.0
DlmL,0,1,1,0.0
DlmM,2,2,4,0.5
DlmN,3,1,4,0.75
DlmP,4,5,9,0.44
DlmS,1,2,3,0.33
Dlmb,4,6,10,0.4
Dlml,1,1,2,0.5
Dlmm,7,3,10,0.7
Dlmn,3,2,5,0.6
Dlms,0,2,2,0.0
DlnB,2,1,3,0.67
DlnH,1,1,2,0.5
DlnI,1,0,1,1.0
DlnL,2,0,2,1.0
DlnM,1,5,6,0.17
DlnN,2,4,6,0.33
DlnP,3,4,7,0.43
DlnS,1,2,3,0.33
Dlnb,1,2,3,0.33
Dlnl,3,0,3,1.0
Dlnm,3,1,4,0.75
Dlnn,3,1,4,0.75
Dlns,1,3,4,0.25
DlsB,3,2,5,0.6
DlsD,0,1,1,0.0
DlsH,0,1,1,0.0
DlsL,2,0,2,1.0
DlsM,3,2,5,0.6
DlsN,2,2,4,0.5
DlsP,2,1,3,0.67
DlsS,2,2,4,0.5
Dlsb,1,3,4,0.25
Dlsl,1,1,2,0.5
Dlsm,2,0,2,1.0
Dlsn,1,4,5,0.2
Dlss,2,2,4,0.5
DmBB,11,5,16,0.69
DmBI,1,0,1,1.0
DmBK,0,1,1,0.0
DmBL,2,3,5,0.4
DmBM,8,13,21,0.38
DmBN,14,16,30,0.47
DmBP,11,9,20,0.55
DmBS,2,5,7,0.29
DmBb,5,6,11,0.45
DmBh,0,1,1,0.0
DmBj,1,3,4,0.25
DmBl,1,0,1,1.0
DmBm,8,7,15,0.53
DmBn,8,14,22,0.36
DmBs,8,6,14,0.57
DmBt,1,1,2,0.5
DmDB,2,0,2,1.0
DmDD,0,1,1,0.0
DmDH,1,3,4,0.25
DmDI,0,0,0,
DmDK,0,0,0,
DmDL,1,0,1,1.0
DmDM,4,1,5,0.8
DmDN,5,1,6,0.83
DmDP,3,5,8,0.38
DmDS,1,3,4,0.25
DmDb,0,0,0,
DmDl,0,0,0,
DmDm,3,6,9,0.33
DmDn,2,3,5,0.4
DmDs,0,1,1,0.0
DmDt,0,1,1,0.0
DmHB,3,6,9,0.33
DmHD,3,1,4,0.75
DmHH,2,1,3,0.67
DmHI,0,2,2,0.0
DmHK,1,2,3,0.33
DmHL,4,5,9,0.44
DmHM,14,11,25,0.56
DmHN,6,7,13,0.46
DmHP,10,6,16,0.62
DmHS,6,6,12,0.5
DmHb,6,10,16,0.38
DmHh,6,6,12,0.5
DmHl,1,2,3,0.33
DmHm,12,9,21,0.57
DmHn,2,13,15,0.13
DmHs,11,5,16,0.69
DmHt,0,3,3,0.0
DmIB,0,1,1,0.0
DmID,0,1,1,0.0
DmIH,1,0,1,1.0
DmIM,3,1,4,0.75
DmIN,1,1,2,0.5
DmIP,1,0,1,1.0
DmIS,2,2,4,0.5
DmIb,2,1,3,0.67
DmIl,1,0,1,1.0
DmIn,1,1,2,0.5
DmIs,1,0,1,1.0
DmJB,2,1,3,0.67
DmJD,1,0,1,1.0
DmJH,2,1,3,0.67
DmJL,0,1,1,0.0
DmJM,1,7,8,0.12
DmJN,4,5,9,0.44
DmJP,0,1,1,0.0
DmJS,0,1,1,0.0
DmJb,4,1,5,0.8
DmJl,0,2,2,0.0
DmJm,0,3,3,0.0
DmJn,1,3,4,0.25
DmJs,3,5,8,0.38
DmJt,1,0,1,1.0
DmKD,0,1,1,0.0
DmKS,0,1,1,0.0
DmKl,0,1,1,0.0
DmKm,1,0,1,1.0
DmKs,0,1,1,0.0
DmLB,6,3,9,0.67
DmLL,0,4,4,0.0
DmLM,4,3,7,0.57
DmLN,5,3,8,0.62
DmLP,2,2,4,0.5
DmLS,0,1,1,0.0
DmLb,1,2,3,0.33
DmLh,0,1,1,0.0
DmLj,1,0,1,1.0
DmLl,0,1,1,0.0
DmLm,3,3,6,0.5
DmLn,3,5,8,0.38
DmLs,3,2,5,0.6
DmMB,8,10,18,0.44
DmMD,4,3,7,0.57
DmMH,0,0,0,
DmMK,0,1,1,0.0
DmMM,17,12,29,0.59
DmMN,20,15,35,0.57
DmMP,13,9,22,0.59
DmMS,12,8,20,0.6
DmMb,6,13,19,0.32
DmMh,11,9,20,0.55
DmMj,0,1,1,0.0
DmMl,3,3,6,0.5
DmMm,23,15,38,0.61
DmMn,10,15,25,0.4
DmMs,6,12,18,0.33
DmMt,4,3,7,0.57
DmNB,5,7,12,0.42
DmND,4,3,7,0.57
DmNH,3,3,6,0.5
DmNI,0,1,1,0.0
DmNK,1,3,4,0.25
DmNL,2,3,5,0.4
DmNM,14,6,20,0.7
DmNN,12,19,31,0.39
DmNP,9,18,27,0.33
DmNS,10,14,24,0.42
DmNb,4,2,6,0.67
DmNh,3,3,6,0.5
DmNl,1,1,2,0.5
DmNm,14,15,29,0.48
DmNn,21,17,38,0.55
DmNs,16,11,27,0.59
DmNt,0,1,1,0.0
DmPB,16,11,27,0.59
DmPD,2,1,3,0.67
DmPH,3,1,4,0.75
DmPI,1,2,3,0.33
DmPK,3,1,4,0.75
DmPL,2,3,5,0.4
DmPM,8,10,18,0.44
DmPN,7,6,13,0.54
DmPP,13,5,18,0.72
DmPS,4,7,11,0.36
DmPb,8,8,16,0.5
DmPh,1,1,2,0.5
DmPl,5,1,6,0.83
DmPm,11,9,20,0.55
DmPn,9,6,15,0.6
DmPs,9,10,19,0.47
DmPt,1,1,2,0.5
DmSB,4,12,16,0.25
DmSD,2,1,3,0.67
DmSH,3,3,6,0.5
DmSI,0,0,0,
DmSL,1,2,3,0.33
DmSM,7,7,14,0.5
DmSN,10,6,16,0.62
DmSP,5,9,14,0.36
DmSS,8,12,20,0.4
DmSb,3,7,10,0.3
DmSh,1,4,5,0.2
DmSl,3,1,4,0.75
DmSm,13,10,23,0.57
DmSn,3,2,5,0.6
DmSs,11,11,22,0.5
DmSt,1,1,2,0.5
DmbB,12,14,26,0.46
DmbD,0,0,0,
DmbH,1,0,1,1.0
DmbI,1,2,3,0.33
DmbJ,8,5,13,0.62
DmbK,1,2,3,0.33
DmbL,2,2,4,0.5
DmbM,11,9,20,0.55
DmbN,16,12,28,0.57
DmbP,9,14,23,0.39
DmbS,4,4,8,0.5
Dmbb,20,16,36,0.56
Dmbh,0,2,2,0.0
Dmbl,5,2,7,0.71
Dmbm,13,8,21,0.62
Dmbn,15,4,19,0.79
Dmbs,5,4,9,0.56
DmhB,0,1,1,0.0
DmhM,0,0,0,
Dmhm,1,0,1,1.0
Dmhn,0,1,1,0.0
DmlB,1,2,3,0.33
DmlH,1,4,5,0.2
DmlI,0,1,1,0.0
DmlJ,0,2,2,0.0
DmlL,1,0,1,1.0
DmlM,0,2,2,0.0
DmlN,6,0,6,1.0
DmlP,3,4,7,0.43
DmlS,1,3,4,0.25
Dmlb,5,1,6,0.83
Dmll,3,0,3,1.0
Dmlm,5,2,7,0.71
Dmln,2,2,4,0.5
Dmls,3,1,4,0.75
DmmB,9,13,22,0.41
DmmD,3,1,4,0.75
DmmH,10,7,17,0.59
DmmJ,0,2,2,0.0
DmmK,0,1,1,0.0
DmmL,2,2,4,0.5
DmmM,11,25,36,0.31
DmmN,9,19,28,0.32
DmmP,9,19,28,0.32
DmmS,6,8,14,0.43
Dmmb,11,10,21,0.52
Dmml,0,2,2,0.0
Dmmm,14,15,29,0.48
Dmmn,13,12,25,0.52
Dmms,2,8,10,0.2
DmnB,7,13,20,0.35
DmnD,1,5,6,0.17
DmnH,5,2,7,0.71
DmnI,2,0,2,1.0
DmnK,1,0,1,1.0
DmnL,1,2,3,0.33
DmnM,12,13,25,0.48
DmnN,11,8,19,0.58
DmnP,5,6,11,0.45
DmnS,9,7,16,0.56
Dmnb,13,10,23,0.57
Dmnl,1,1,2,0.5
Dmnm,7,4,11,0.64
Dmnn,5,10,15,0.33
Dmns,8,10,18,0.44
Dmnt,0,1,1,0.0
DmsB,4,3,7,0.57
DmsD,1,0,1,1.0
DmsH,6,6,12,0.5
DmsI,0,1,1,0.0
DmsL,2,0,2,1.0
DmsM,12,10,22,0.55
DmsN,7,8,15,0.47
DmsP,6,10,16,0.38
DmsS,7,6,13,0.54
Dmsb,5,2,7,0.71
Dmsh,1,0,1,1.0
Dmsl,4,0,4,1.0
Dmsm,6,9,15,0.4
Dmsn,5,1,6,0.83
Dmss,8,10,18,0.44
DmtB,0,1,1,0.0
DnBB,6,4,10,0.6
DnBD,1,0,1,1.0
DnBK,1,0,1,1.0
DnBL,1,2,3,0.33
DnBM,3,8,11,0.27
DnBN,6,5,11,0.55
DnBP,4,5,9,0.44
DnBS,4,3,7,0.57
DnBb,3,8,11,0.27
DnBl,0,3,3,0.0
DnBm,4,4,8,0.5
DnBn,3,7,10,0.3
DnBs,5,4,9,0.56
DnBt,2,0,2,1.0
DnDB,1,3,4,0.25
DnDD,0,0,0,
DnDH,1,4,5,0.2
DnDL,2,2,4,0.5
DnDM,3,2,5,0.6
DnDN,1,0,1,1.0
DnDP,3,3,6,0.5
DnDS,2,3,5,0.4
DnDb,2,3,5,0.4
DnDl,2,2,4,0.5
DnDm,1,1,2,0.5
DnDn,2,0,2,1.0
DnDs,2,1,3,0.67
DnHB,2,2,4,0.5
DnHD,2,1,3,0.67
DnHH,4,3,7,0.57
DnHI,0,1,1,0.0
DnHL,1,2,3,0.33
DnHM,6,8,14,0.43
DnHN,3,4,7,0.43
DnHP,4,9,13,0.31
DnHS,6,10,16,0.38
DnHb,3,3,6,0.5
DnHh,2,3,5,0.4
DnHl,1,0,1,1.0
DnHm,10,5,15,0.67
DnHn,3,4,7,0.43
DnHs,7,4,11,0.64
DnHt,1,0,1,1.0
DnIB,3,0,3,1.0
DnIH,3,0,3,1.0
DnIL,2,0,2,1.0
DnIM,1,0,1,1.0
DnIN,3,1,4,0.75
DnIP,1,1,2,0.5
DnIS,0,3,3,0.0
DnIb,3,2,5,0.6
DnIh,1,0,1,1.0
DnIm,1,7,8,0.12
DnIs,3,1,4,0.75
DnKI,1,0,1,1.0
DnKL,1,0,1,1.0
DnKM,0,1,1,0.0
DnKN,1,0,1,1.0
DnKP,0,0,0,
DnKS,1,0,1,1.0
DnKb,0,1,1,0.0
DnKm,1,1,2,0.5
DnKn,0,1,1,0.0
DnKs,1,0,1,1.0
DnLB,1,2,3,0.33
DnLD,1,0,1,1.0
DnLM,2,4,6,0.33
DnLN,2,1,3,0.67
DnLP,1,6,7,0.14
DnLS,3,0,3,1.0
DnLb,1,0,1,1.0
DnLh,2,2,4,0.5
DnLl,1,0,1,1.0
DnLm,4,3,7,0.57
DnLn,3,2,5,0.6
DnLs,2,1,3,0.67
DnLt,0,3,3,0.0
DnMB,8,9,17,0.47
DnMD,3,0,3,1.0
DnMH,0,0,0,
DnML,0,3,3,0.0
DnMM,3,5,8,0.38
DnMN,6,8,14,0.43
DnMP,7,8,15,0.47
DnMS,3,8,11,0.27
DnMb,11,8,19,0.58
DnMh,6,11,17,0.35
DnMj,2,2,4,0.5
DnMl,2,3,5,0.4
DnMm,11,10,21,0.52
DnMn,11,9,20,0.55
DnMs,10,9,19,0.53
DnMt,1,0,1,1.0
DnNB,6,9,15,0.4
DnND,3,2,5,0.6
DnNH,4,0,4,1.0
DnNK,1,4,5,0.2
DnNL,1,2,3,0.33
DnNM,4,9,13,0.31
DnNN,7,13,20,0.35
DnNP,15,9,24,0.62
DnNS,9,9,18,0.5
DnNb,4,3,7,0.57
DnNh,3,3,6,0.5
DnNl,3,2,5,0.6
DnNm,9,9,18,0.5
DnNn,12,20,32,0.38
DnNs,14,10,24,0.58
DnNt,2,0,2,1.0
DnPB,7,6,13,0.54
DnPD,3,1,4,0.75
DnPH,0,1,1,0.0
DnPI,1,0,1,1.0
DnPK,1,0,1,1.0
DnPL,5,6,11,0.45
DnPM,12,7,19,0.63
DnPN,6,10,16,0.38
DnPP,9,12,21,0.43
DnPS,10,10,20,0.5
DnPb,4,10,14,0.29
DnPh,0,2,2,0.0
DnPl,4,3,7,0.57
DnPm,13,12,25,0.52
DnPn,4,13,17,0.24
DnPs,10,6,16,0.62
DnPt,3,2,5,0.6
DnSB,2,6,8,0.25
DnSD,3,4,7,0.43
DnSH,2,5,7,0.29
DnSI,0,2,2,0.0
DnSK,1,2,3,0.33
DnSL,2,2,4,0.5
DnSM,4,12,16,0.25
DnSN,7,7,14,0.5
DnSP,9,10,19,0.47
DnSS,7,10,17,0.41
DnSb,2,3,5,0.4
DnSh,5,2,7,0.71
DnSl,0,0,0,
DnSm,10,13,23,0.43
DnSn,6,12,18,0.33
DnSs,10,7,17,0.59
DnSt,0,1,1,0.0
DnbB,7,6,13,0.54
DnbD,3,1,4,0.75
DnbH,0,1,1,0.0
DnbI,2,1,3,0.67
DnbJ,0,1,1,0.0
DnbK,0,1,1,0.0
DnbL,1,3,4,0.25
DnbM,7,12,19,0.37
DnbN,7,4,11,0.64
DnbP,4,2,6,0.67
DnbS,6,1,7,0.86
Dnbb,5,13,18,0.28
Dnbl,3,0,3,1.0
Dnbm,3,7,10,0.3
Dnbn,7,7,14,0.5
Dnbs,6,4,10,0.6
DnhB,0,1,1,0.0
DnhM,0,1,1,0.0
Dnhh,0,1,1,0.0
Dnhm,1,0,1,1.0
DnlB,0,2,2,0.0
DnlH,2,1,3,0.67
DnlI,1,0,1,1.0
DnlJ,0,1,1,0.0
DnlK,0,0,0,
DnlL,0,1,1,0.0
DnlM,1,0,1,1.0
DnlN,3,3,6,0.5
DnlP,2,3,5,0.4
DnlS,1,0,1,1.0
Dnlb,0,3,3,0.0
Dnll,2,2,4,0.5
Dnlm,6,0,6,1.0
Dnln,0,0,0,
Dnls,0,1,1,0.0
DnmB,7,9,16,0.44
DnmD,0,1,1,0.0
DnmH,6,12,18,0.33
DnmI,0,0,0,
DnmJ,2,1,3,0.67
DnmL,1,4,5,0.2
DnmM,10,5,15,0.67
DnmN,4,11,15,0.27
DnmP,3,13,16,0.19
DnmS,5,8,13,0.38
Dnmb,11,7,18,0.61
Dnml,2,0,2,1.0
Dnmm,6,16,22,0.27
Dnmn,10,6,16,0.62
Dnms,6,5,11,0.55
DnnB,3,7,10,0.3
DnnD,0,1,1,0.0
DnnH,5,6,11,0.45
DnnI,2,1,3,0.67
DnnK,1,3,4,0.25
DnnL,1,3,4,0.25
DnnM,9,8,17,0.53
DnnN,10,5,15,0.67
DnnP,12,4,16,0.75
DnnS,1,8,9,0.11
Dnnb,8,6,14,0.57
Dnnl,1,2,3,0.33
Dnnm,6,6,12,0.5
Dnnn,10,6,16,0.62
Dnns,5,9,14,0.36
Dnnt,1,0,1,1.0
DnsB,6,3,9,0.67
DnsD,0,2,2,0.0
DnsH,3,5,8,0.38
DnsI,1,1,2,0.5
DnsK,1,0,1,1.0
DnsL,4,3,7,0.57
DnsM,7,5,12,0.58
DnsN,5,0,5,1.0
DnsP,8,4,12,0.67
DnsS,5,5,10,0.5
Dnsb,2,9,11,0.18
Dnsl,2,2,4,0.5
Dnsm,9,7,16,0.56
Dnsn,9,4,13,0.69
Dnss,3,9,12,0.25
DntL,0,1,1,0.0
Dntb,0,1,1,0.0
Dnts,1,0,1,1.0
DsBB,8,7,15,0.53
DsBD,0,3,3,0.0
DsBI,1,0,1,1.0
DsBK,0,1,1,0.0
DsBL,0,3,3,0.0
DsBM,0,6,6,0.0
DsBN,8,5,13,0.62
DsBP,8,7,15,0.53
DsBS,5,5,10,0.5
DsBb,5,1,6,0.83
DsBh,1,1,2,0.5
DsBl,2,2,4,0.5
DsBm,7,4,11,0.64
DsBn,7,6,13,0.54
DsBs,9,5,14,0.64
DsBt,4,0,4,1.0
DsDB,1,2,3,0.33
DsDD,0,2,2,0.0
DsDH,3,0,3,1.0
DsDL,2,1,3,0.67
DsDM,3,3,6,0.5
DsDN,1,2,3,0.33
DsDP,0,4,4,0.0
DsDS,4,4,8,0.5
DsDb,1,0,1,1.0
DsDl,0,1,1,0.0
DsDm,2,6,8,0.25
DsDn,1,1,2,0.5
DsDs,6,0,6,1.0
DsHB,4,3,7,0.57
DsHD,1,0,1,1.0
DsHH,1,2,3,0.33
DsHI,1,2,3,0.33
DsHK,1,3,4,0.25
DsHL,0,4,4,0.0
DsHM,9,12,21,0.43
DsHN,9,7,16,0.56
DsHP,7,6,13,0.54
DsHS,8,10,18,0.44
DsHb,1,7,8,0.12
DsHh,2,3,5,0.4
DsHl,4,4,8,0.5
DsHm,8,10,18,0.44
DsHn,9,6,15,0.6
DsHs,9,7,16,0.56
DsHt,1,0,1,1.0
DsIB,0,3,3,0.0
DsID,1,0,1,1.0
DsIH,0,1,1,0.0
DsII,1,0,1,1.0
DsIL,1,0,1,1.0
DsIM,1,2,3,0.33
DsIN,4,1,5,0.8
DsIP,0,0,0,
DsIS,0,1,1,0.0
DsIb,0,1,1,0.0
DsIm,3,4,7,0.43
DsIn,0,1,1,0.0
DsIs,3,1,4,0.75
DsKI,0,0,0,
DsKS,0,1,1,0.0
DsKn,0,2,2,0.0
DsLB,6,1,7,0.86
DsLK,0,0,0,
DsLM,2,2,4,0.5
DsLN,1,2,3,0.33
DsLP,2,0,2,1.0
DsLS,2,0,2,1.0
DsLb,2,1,3,0.67
DsLj,1,0,1,1.0
DsLl,0,1,1,0.0
DsLm,5,3,8,0.62
DsLn,7,8,15,0.47
DsLs,3,3,6,0.5
DsMB,7,7,14,0.5
DsMD,0,1,1,0.0
DsML,1,2,3,0.33
DsMM,7,18,25,0.28
DsMN,14,7,21,0.67
DsMP,9,5,14,0.64
DsMS,6,6,12,0.5
DsMb,7,10,17,0.41
DsMh,7,6,13,0.54
DsMl,1,3,4,0.25
DsMm,12,14,26,0.46
DsMn,11,10,21,0.52
DsMs,15,8,23,0.65
DsMt,1,3,4,0.25
DsNB,6,5,11,0.55
DsND,4,2,6,0.67
DsNK,1,0,1,1.0
DsNL,2,1,3,0.67
DsNM,9,8,17,0.53
DsNN,11,10,21,0.52
DsNP,6,5,11,0.55
DsNS,6,13,19,0.32
DsNb,2,3,5,0.4
DsNh,3,2,5,0.6
DsNl,2,2,4,0.5
DsNm,7,7,14,0.5
DsNn,11,11,22,0.5
DsNs,10,12,22,0.45
DsNt,3,4,7,0.43
DsPB,3,6,9,0.33
DsPD,0,3,3,0.0
DsPH,2,2,4,0.5
DsPI,3,0,3,1.0
DsPK,2,0,2,1.0
DsPL,2,2,4,0.5
DsPM,12,14,26,0.46
DsPN,10,8,18,0.56
DsPP,11,13,24,0.46
DsPS,8,13,21,0.38
DsPb,8,7,15,0.53
DsPh,1,1,2,0.5
DsPl,1,1,2,0.5
DsPm,5,5,10,0.5
DsPn,7,7,14,0.5
DsPs,7,8,15,0.47
DsPt,5,0,5,1.0
DsSB,6,8,14,0.43
DsSD,1,1,2,0.5
DsSH,4,4,8,0.5
DsSI,1,1,2,0.5
DsSK,0,0,0,
DsSL,3,5,8,0.38
DsSM,11,11,22,0.5
DsSN,9,9,18,0.5
DsSP,10,9,19,0.53
DsSS,22,17,39,0.56
DsSb,8,8,16,0.5
DsSh,7,15,22,0.32
DsSl,5,1,6,0.83
DsSm,20,6,26,0.77
DsSn,21,14,35,0.6
DsSs,16,22,38,0.42
DsSt,2,0,2,1.0
DsbB,7,6,13,0.54
DsbD,1,0,1,1.0
DsbH,2,0,2,1.0
DsbI,2,1,3,0.67
DsbJ,2,2,4,0.5
DsbK,1,0,1,1.0
DsbL,2,3,5,0.4
DsbM,5,9,14,0.36
DsbN,6,9,15,0.4
DsbP,6,10,16,0.38
DsbS,4,4,8,0.5
Dsbb,7,6,13,0.54
Dsbl,0,3,3,0.0
Dsbm,3,6,9,0.33
Dsbn,5,6,11,0.45
Dsbs,4,6,10,0.4
DshB,2,0,2,1.0
DshH,0,1,1,0.0
DshI,1,1,2,0.5
DshL,1,2,3,0.33
DshM,0,4,4,0.0
DshP,0,1,1,0.0
DshS,2,2,4,0.5
Dshb,1,0,1,1.0
Dshh,0,1,1,0.0
Dshn,2,0,2,1.0
Dshs,0,1,1,0.0
Dsht,0,1,1,0.0
DslB,1,1,2,0.5
DslD,1,0,1,1.0
DslH,3,2,5,0.6
DslJ,3,0,3,1.0
DslK,1,0,1,1.0
DslL,0,2,2,0.0
DslM,3,2,5,0.6
DslN,2,5,7,0.29
DslP,2,5,7,0.29
DslS,0,5,5,0.0
Dslb,3,4,7,0.43
Dslh,1,0,1,1.0
Dsll,1,2,3,0.33
Dslm,1,0,1,1.0
Dsln,2,2,4,0.5
Dsls,0,3,3,0.0
DsmB,4,4,8,0.5
DsmD,3,2,5,0.6
DsmH,8,7,15,0.53
DsmI,1,2,3,0.33
DsmJ,3,3,6,0.5
DsmL,0,1,1,0.0
DsmM,9,10,19,0.47
DsmN,12,7,19,0.63
DsmP,9,7,16,0.56
DsmS,9,10,19,0.47
Dsmb,7,10,17,0.41
Dsml,1,2,3,0.33
Dsmm,15,11,26,0.58
Dsmn,13,7,20,0.65
Dsms,5,4,9,0.56
DsnB,3,5,8,0.38
DsnD,2,0,2,1.0
DsnH,4,5,9,0.44
DsnI,1,0,1,1.0
DsnL,0,1,1,0.0
DsnM,9,8,17,0.53
DsnN,3,7,10,0.3
DsnP,3,7,10,0.3
DsnS,3,12,15,0.2
Dsnb,5,4,9,0.56
Dsnh,1,0,1,1.0
Dsnl,2,1,3,0.67
Dsnm,5,0,5,1.0
Dsnn,6,8,14,0.43
Dsns,8,1,9,0.89
Dsnt,0,1,1,0.0
DssB,3,6,9,0.33
DssD,4,0,4,1.0
DssH,10,11,21,0.48
DssI,1,0,1,1.0
DssK,0,1,1,0.0
DssL,1,5,6,0.17
DssM,7,20,27,0.26
DssN,12,7,19,0.63
DssP,2,6,8,0.25
DssS,13,13,26,0.5
Dssb,5,5,10,0.5
Dssl,3,2,5,0.6
Dssm,11,9,20,0.55
Dssn,10,6,16,0.62
Dsss,8,8,16,0.5
Dsst,0,2,2,0.0
DstD,1,0,1,1.0
DstL,1,0,1,1.0
DstP,0,2,2,0.0
DstS,1,0,1,1.0
Dsth,1,0,1,1.0
Dstm,0,1,1,0.0
DtBB,0,1,1,0.0
DtBD,0,1,1,0.0
DtBM,1,3,4,0.25
DtBN,1,1,2,0.5
DtBP,2,1,3,0.67
DtBS,0,1,1,0.0
DtBb,1,2,3,0.33
DtBm,1,3,4,0.25
DtBn,1,0,1,1.0
DtDB,0,0,0,
DtDH,1,0,1,1.0
DtDM,1,1,2,0.5
DtDP,1,1,2,0.5
DtDS,1,1,2,0.5
DtDm,0,3,3,0.0
DtDn,2,1,3,0.67
DtDs,0,1,1,0.0
DtHB,1,0,1,1.0
DtHN,1,2,3,0.33
DtHS,0,2,2,0.0
DtHb,3,2,5,0.6
DtHh,0,0,0,
DtHl,1,0,1,1.0
DtHm,1,0,1,1.0
DtHn,0,1,1,0.0
DtHs,2,2,4,0.5
DtIL,1,0,1,1.0
DtIP,1,0,1,1.0
DtIm,1,1,2,0.5
DtIt,1,0,1,1.0
DtKb,1,0,1,1.0
DtKh,1,0,1,1.0
DtLN,1,1,2,0.5
DtLP,0,2,2,0.0
DtLS,0,1,1,0.0
DtLs,1,2,3,0.33
DtMB,3,0,3,1.0
DtML,0,1,1,0.0
DtMM,4,2,6,0.67
DtMP,0,4,4,0.0
DtMS,1,3,4,0.25
DtMb,0,2,2,0.0
DtMh,1,2,3,0.33
DtMj,1,1,2,0.5
DtMm,3,3,6,0.5
DtMn,1,4,5,0.2
DtMs,3,2,5,0.6
DtMt,1,0,1,1.0
DtNB,1,2,3,0.33
DtNL,0,0,0,
DtNM,1,3,4,0.25
DtNN,3,3,6,0.5
DtNP,0,4,4,0.0
DtNS,0,1,1,0.0
DtNb,0,1,1,0.0
DtNh,1,0,1,1.0
DtNm,1,2,3,0.33
DtNn,0,0,0,
DtNs,2,0,2,1.0
DtPB,0,1,1,0.0
DtPD,2,0,2,1.0
DtPH,1,0,1,1.0
DtPI,3,0,3,1.0
DtPK,1,0,1,1.0
DtPL,1,1,2,0.5
DtPM,2,2,4,0.5
DtPN,2,1,3,0.67
DtPP,2,2,4,0.5
DtPS,1,1,2,0.5
DtPm,2,0,2,1.0
DtPn,1,2,3,0.33
DtPs,2,5,7,0.29
DtSB,1,1,2,0.5
DtSD,0,2,2,0.0
DtSH,0,0,0,
DtSM,0,2,2,0.0
DtSN,2,0,2,1.0
DtSP,2,2,4,0.5
DtSS,2,1,3,0.67
DtSh,1,0,1,1.0
DtSl,2,2,4,0.5
DtSm,0,2,2,0.0
DtSn,2,1,3,0.67
DtSs,1,1,2,0.5
DtbB,1,1,2,0.5
DtbD,0,1,1,0.0
DtbH,0,1,1,0.0
DtbI,0,0,0,
DtbK,0,1,1,0.0
DtbM,3,1,4,0.75
DtbP,2,4,6,0.33
DtbS,0,1,1,0.0
Dtbb,4,0,4,1.0
Dtbm,1,3,4,0.25
Dtbn,1,1,2,0.5
Dtbs,2,0,2,1.0
DtlB,1,0,1,1.0
DtlD,1,0,1,1.0
DtlP,0,2,2,0.0
DtlS,1,2,3,0.33
Dtll,1,0,1,1.0
Dtlm,1,0,1,1.0
DtmB,1,2,3,0.33
DtmH,0,2,2,0.0
DtmK,0,1,1,0.0
DtmL,1,0,1,1.0
DtmM,1,1,2,0.5
DtmN,1,1,2,0.5
DtmP,1,3,4,0.25
DtmS,2,2,4,0.5
Dtmb,1,1,2,0.5
Dtml,1,0,1,1.0
Dtmm,2,2,4,0.5
Dtmn,2,2,4,0.5
Dtms,0,1,1,0.0
DtnB,0,0,0,
DtnD,0,1,1,0.0
DtnH,0,1,1,0.0
DtnK,0,1,1,0.0
DtnL,1,0,1,1.0
DtnM,1,1,2,0.5
DtnN,2,0,2,1.0
DtnS,1,0,1,1.0
Dtnb,1,1,2,0.5
Dtnm,0,1,1,0.0
Dtnn,3,0,3,1.0
Dtns,2,1,3,0.67
DtsB,0,3,3,0.0
DtsD,0,1,1,0.0
DtsH,2,1,3,0.67
DtsL,1,1,2,0.5
DtsM,1,0,1,1.0
DtsN,0,1,1,0.0
DtsP,2,0,2,1.0
Dtsb,1,0,1,1.0
Dtsl,0,1,1,0.0
Dtsm,3,1,4,0.75
Dtsn,0,3,3,0.0
Dtss,2,1,3,0.67
DttB,0,1,1,0.0
DttL,1,0,1,1.0
Dttm,0,1,1,0.0
Dttn,1,0,1,1.0
HBBB,14,31,45,0.31
HBBD,1,3,4,0.25
HBBL,4,3,7,0.57
HBBM,8,22,30,0.27
HBBN,20,16,36,0.56
HBBP,11,24,35,0.31
HBBS,5,12,17,0.29
HBBb,13,18,31,0.42
HBBh,1,3,4,0.25
HBBj,5,2,7,0.71
HBBl,2,4,6,0.33
HBBm,14,20,34,0.41
HBBn,19,22,41,0.46
HBBs,11,6,17,0.65
HBBt,3,5,8,0.38
HBDB,2,4,6,0.33
HBDD,0,1,1,0.0
HBDH,1,5,6,0.17
HBDL,1,3,4,0.25
HBDM,4,2,6,0.67
HBDN,1,2,3,0.33
HBDP,1,2,3,0.33
HBDS,2,2,4,0.5
HBDb,4,2,6,0.67
HBDl,2,0,2,1.0
HBDm,4,1,5,0.8
HBDs,0,2,2,0.0
HBDt,3,0,3,1.0
HBHB,0,1,1,0.0
HBHM,0,1,1,0.0
HBHP,1,0,1,1.0
HBHS,0,1,1,0.0
HBHm,0,0,0,
HBHn,1,0,1,1.0
HBIb,1,0,1,1.0
HBIm,1,0,1,1.0
HBIn,0,0,0,
HBIs,0,0,0,
HBKB,2,4,6,0.33
HBKD,2,0,2,1.0
HBKH,0,0,0,
HBKI,1,1,2,0.5
HBKM,4,5,9,0.44
HBKN,4,5,9,0.44
HBKP,4,0,4,1.0
HBKS,2,2,4,0.5
HBKb,1,1,2,0.5
HBKh,1,2,3,0.33
HBKl,0,1,1,0.0
HBKm,1,1,2,0.5
HBKn,0,1,1,0.0
HBKs,1,2,3,0.33
HBKt,0,0,0,
HBLB,6,6,12,0.5
HBLD,0,1,1,0.0
HBLL,0,2,2,0.0
HBLM,5,9,14,0.36
HBLN,2,4,6,0.33
HBLP,0,5,5,0.0
HBLS,2,3,5,0.4
HBLb,5,1,6,0.83
HBLh,2,1,3,0.67
HBLj,0,1,1,0.0
HBLl,0,0,0,
HBLm,3,3,6,0.5
HBLn,7,6,13,0.54
HBLs,2,6,8,0.25
HBLt,2,0,2,1.0
HBMB,9,19,28,0.32
HBMD,2,0,2,1.0
HBMH,0,1,1,0.0
HBML,2,5,7,0.29
HBMM,15,22,37,0.41
HBMN,19,23,42,0.45
HBMP,15,21,36,0.42
HBMS,8,3,11,0.73
HBMb,15,14,29,0.52
HBMh,10,10,20,0.5
HBMj,2,2,4,0.5
HBMl,5,4,9,0.56
HBMm,28,19,47,0.6
HBMn,21,21,42,0.5
HBMs,10,15,25,0.4
HBMt,2,2,4,0.5
HBNB,15,13,28,0.54
HBND,0,3,3,0.0
HBNH,1,3,4,0.25
HBNI,0,2,2,0.0
HBNK,4,1,5,0.8
HBNL,3,5,8,0.38
HBNM,20,18,38,0.53
HBNN,17,18,35,0.49
HBNP,17,20,37,0.46
HBNS,8,9,17,0.47
HBNb,8,15,23,0.35
HBNh,12,8,20,0.6
HBNl,5,5,10,0.5
HBNm,23,29,52,0.44
HBNn,21,22,43,0.49
HBNs,18,20,38,0.47
HBNt,3,4,7,0.43
HBPB,13,12,25,0.52
HBPD,3,2,5,0.6
HBPH,5,2,7,0.71
HBPI,3,1,4,0.75
HBPK,2,2,4,0.5
HBPL,4,6,10,0.4
HBPM,15,24,39,0.38
HBPN,18,15,33,0.55
HBPP,22,19,41,0.54
HBPS,13,13,26,0.5
HBPb,13,20,33,0.39
HBPh,3,2,5,0.6
HBPl,1,8,9,0.11
HBPm,26,26,52,0.5
HBPn,22,16,38,0.58
HBPs,10,13,23,0.43
HBPt,3,2,5,0.6
HBSB,8,5,13,0.62
HBSD,1,0,1,1.0
HBSH,3,2,5,0.6
HBSI,2,0,2,1.0
HBSL,0,4,4,0.0
HBSM,8,9,17,0.47
HBSN,9,6,15,0.6
HBSP,12,13,25,0.48
HBSS,9,13,22,0.41
HBSb,8,6,14,0.57
HBSh,5,4,9,0.56
HBSl,3,2,5,0.6
HBSm,17,9,26,0.65
HBSn,9,12,21,0.43
HBSs,18,10,28,0.64
HBSt,1,2,3,0.33
HBbB,7,11,18,0.39
HBbD,1,0,1,1.0
HBbH,7,4,11,0.64
HBbI,1,2,3,0.33
HBbJ,4,4,8,0.5
HBbK,0,1,1,0.0
HBbL,7,7,14,0.5
HBbM,11,12,23,0.48
HBbN,17,17,34,0.5
HBbP,23,18,41,0.56
HBbS,14,10,24,0.58
HBbb,16,11,27,0.59
HBbl,4,5,9,0.44
HBbm,14,13,27,0.52
HBbn,9,17,26,0.35
HBbs,7,6,13,0.54
HBbt,1,0,1,1.0
HBhB,1,0,1,1.0
HBhI,1,1,2,0.5
HBhL,2,1,3,0.67
HBhM,4,3,7,0.57
HBhN,4,0,4,1.0
HBhP,1,4,5,0.2
HBhS,3,3,6,0.5
HBhb,0,1,1,0.0
HBhh,1,1,2,0.5
HBhl,2,1,3,0.67
HBhm,2,4,6,0.33
HBhn,1,0,1,1.0
HBhs,3,2,5,0.6
HBjB,5,2,7,0.71
HBjH,0,2,2,0.0
HBjI,1,0,1,1.0
HBjL,1,1,2,0.5
HBjM,4,7,11,0.36
HBjN,8,4,12,0.67
HBjP,5,1,6,0.83
HBjS,4,4,8,0.5
HBjb,5,4,9,0.56
HBjh,2,0,2,1.0
HBjl,2,3,5,0.4
HBjm,5,3,8,0.62
HBjn,1,3,4,0.25
HBjs,3,2,5,0.6
HBjt,2,1,3,0.67
HBlB,4,9,13,0.31
HBlD,0,1,1,0.0
HBlH,4,3,7,0.57
HBlI,1,1,2,0.5
HBlJ,5,1,6,0.83
HBlK,1,1,2,0.5
HBlL,0,2,2,0.0
HBlM,6,6,12,0.5
HBlN,9,8,17,0.53
HBlP,1,4,5,0.2
HBlS,3,2,5,0.6
HBlb,3,3,6,0.5
HBll,3,2,5,0.6
HBlm,6,0,6,1.0
HBln,2,2,4,0.5
HBls,2,6,8,0.25
HBmB,11,19,30,0.37
HBmD,3,4,7,0.43
HBmH,17,19,36,0.47
HBmI,3,3,6,0.5
HBmJ,5,5,10,0.5
HBmK,0,1,1,0.0
HBmL,4,7,11,0.36
HBmM,21,32,53,0.4
HBmN,23,24,47,0.49
HBmP,22,26,48,0.46
HBmS,13,19,32,0.41
HBmb,14,17,31,0.45
HBml,4,2,6,0.67
HBmm,26,17,43,0.6
HBmn,18,13,31,0.58
HBms,15,11,26,0.58
HBnB,10,17,27,0.37
HBnD,6,2,8,0.75
HBnH,17,14,31,0.55
HBnI,3,2,5,0.6
HBnK,0,3,3,0.0
HBnL,6,8,14,0.43
HBnM,25,22,47,0.53
HBnN,24,20,44,0.55
HBnP,15,23,38,0.39
HBnS,19,14,33,0.58
HBnb,23,16,39,0.59
HBnh,1,1,2,0.5
HBnl,11,3,14,0.79
HBnm,28,17,45,0.62
HBnn,17,21,38,0.45
HBns,15,10,25,0.6
HBnt,2,0,2,1.0
HBsB,5,2,7,0.71
HBsD,3,4,7,0.43
HBsH,12,9,21,0.57
HBsI,0,4,4,0.0
HBsL,1,4,5,0.2
HBsM,14,18,32,0.44
HBsN,8,12,20,0.4
HBsP,17,8,25,0.68
HBsS,16,17,33,0.48
HBsb,5,11,16,0.31
HBsh,0,1,1,0.0
HBsl,4,4,8,0.5
HBsm,10,11,21,0.48
HBsn,8,4,12,0.67
HBss,13,12,25,0.52
HBst,0,1,1,0.0
HBtB,6,2,8,0.75
HBtD,0,1,1,0.0
HBtH,1,1,2,0.5
HBtL,0,1,1,0.0
HBtM,2,1,3,0.67
HBtN,4,3,7,0.57
HBtP,7,3,10,0.7
HBtS,4,2,6,0.67
HBtb,0,4,4,0.0
HBtl,2,1,3,0.67
HBtm,6,6,12,0.5
HBtn,1,4,5,0.2
HBts,2,3,5,0.4
HBtt,2,0,2,1.0
HDBB,4,5,9,0.44
HDBD,0,2,2,0.0
HDBL,1,0,1,1.0
HDBM,2,1,3,0.67
HDBN,3,4,7,0.43
HDBP,2,4,6,0.33
HDBS,6,2,8,0.75
HDBb,2,2,4,0.5
HDBl,1,1,2,0.5
HDBm,2,1,3,0.67
HDBn,1,2,3,0.33
HDBs,1,2,3,0.33
HDDB,1,0,1,1.0
HDDH,1,2,3,0.33
HDDI,0,1,1,0.0
HDDL,2,0,2,1.0
HDDM,1,0,1,1.0
HDDN,1,0,1,1.0
HDDP,0,4,4,0.0
HDDS,1,2,3,0.33
HDDb,1,1,2,0.5
HDDm,3,1,4,0.75
HDDs,0,2,2,0.0
HDHB,4,3,7,0.57
HDHH,1,1,2,0.5
HDHK,3,0,3,1.0
HDHL,2,0,2,1.0
HDHM,5,6,11,0.45
HDHN,3,5,8,0.38
HDHP,5,2,7,0.71
HDHS,3,7,10,0.3
HDHb,3,5,8,0.38
HDHh,1,3,4,0.25
HDHl,3,3,6,0.5
HDHm,5,3,8,0.62
HDHn,6,2,8,0.75
HDHs,3,5,8,0.38
HDIH,0,1,1,0.0
HDIM,1,0,1,1.0
HDIP,0,0,0,
HDIS,0,1,1,0.0
HDIb,2,0,2,1.0
HDIm,0,1,1,0.0
HDIs,1,1,2,0.5
HDKb,1,0,1,1.0
HDLB,0,1,1,0.0
HDLD,0,0,0,
HDLL,0,2,2,0.0
HDLM,0,3,3,0.0
HDLN,0,1,1,0.0
HDLP,0,1,1,0.0
HDLb,1,2,3,0.33
HDLl,1,1,2,0.5
HDLm,1,0,1,1.0
HDLn,0,1,1,0.0
HDLs,1,1,2,0.5
HDLt,1,1,2,0.5
HDMB,3,5,8,0.38
HDMD,0,1,1,0.0
HDML,2,0,2,1.0
HDMM,6,6,12,0.5
HDMN,5,1,6,0.83
HDMP,3,5,8,0.38
HDMS,1,3,4,0.25
HDMb,1,4,5,0.2
HDMh,4,2,6,0.67
HDMj,0,1,1,0.0
HDMl,0,2,2,0.0
HDMm,9,5,14,0.64
HDMn,3,3,6,0.5
HDMs,1,3,4,0.25
HDMt,0,2,2,0.0
HDNB,0,2,2,0.0
HDND,1,0,1,1.0
HDNK,0,1,1,0.0
HDNL,2,1,3,0.67
HDNM,1,4,5,0.2
HDNN,1,3,4,0.25
HDNP,3,2,5,0.6
HDNS,0,4,4,0.0
HDNb,0,3,3,0.0
HDNl,1,0,1,1.0
HDNm,8,7,15,0.53
HDNn,1,4,5,0.2
HDNs,7,5,12,0.58
HDPB,1,2,3,0.33
HDPD,1,0,1,1.0
HDPH,2,0,2,1.0
HDPI,0,1,1,0.0
HDPL,2,1,3,0.67
HDPM,5,5,10,0.5
HDPN,3,2,5,0.6
HDPP,1,4,5,0.2
HDPS,2,2,4,0.5
HDPb,3,4,7,0.43
HDPh,0,1,1,0.0
HDPl,1,1,2,0.5
HDPm,9,4,13,0.69
HDPs,6,1,7,0.86
HDPt,2,2,4,0.5
HDSB,2,4,6,0.33
HDSD,1,0,1,1.0
HDSH,0,1,1,0.0
HDSI,0,1,1,0.0
HDSL,2,0,2,1.0
HDSM,4,6,10,0.4
HDSN,4,4,8,0.5
HDSP,1,1,2,0.5
HDSS,10,4,14,0.71
HDSb,5,1,6,0.83
HDSh,1,2,3,0.33
HDSl,1,2,3,0.33
HDSm,3,5,8,0.38
HDSn,4,2,6,0.67
HDSs,5,6,11,0.45
HDSt,0,0,0,
HDbB,1,4,5,0.2
HDbH,3,1,4,0.75
HDbJ,0,0,0,
HDbL,2,3,5,0.4
HDbM,3,2,5,0.6
HDbN,1,5,6,0.17
HDbP,2,3,5,0.4
HDbS,2,0,2,1.0
HDbb,2,1,3,0.67
HDbh,0,1,1,0.0
HDbl,0,1,1,0.0
HDbm,4,2,6,0.67
HDbn,0,2,2,0.0
HDbs,1,1,2,0.5
HDhM,1,0,1,1.0
HDhS,0,1,1,0.0
HDlB,1,0,1,1.0
HDlL,0,0,0,
HDlM,1,3,4,0.25
HDlP,0,1,1,0.0
HDlS,2,0,2,1.0
HDll,1,1,2,0.5
HDlm,1,3,4,0.25
HDls,2,1,3,0.67
HDmB,4,2,6,0.67
HDmD,2,1,3,0.67
HDmH,3,2,5,0.6
HDmI,1,0,1,1.0
HDmL,0,1,1,0.0
HDmM,3,4,7,0.43
HDmN,6,6,12,0.5
HDmP,5,3,8,0.62
HDmS,2,1,3,0.67
HDmb,3,4,7,0.43
HDml,0,1,1,0.0
HDmm,5,2,7,0.71
HDmn,4,0,4,1.0
HDms,2,1,3,0.67
HDnB,3,0,3,1.0
HDnD,2,1,3,0.67
HDnH,1,3,4,0.25
HDnI,0,1,1,0.0
HDnM,2,3,5,0.4
HDnN,4,2,6,0.67
HDnP,2,3,5,0.4
HDnS,1,0,1,1.0
HDnb,2,3,5,0.4
HDnm,3,4,7,0.43
HDnn,2,3,5,0.4
HDns,1,4,5,0.2
HDsB,1,1,2,0.5
HDsD,3,1,4,0.75
HDsH,2,5,7,0.29
HDsL,2,1,3,0.67
HDsM,5,2,7,0.71
HDsN,3,4,7,0.43
HDsP,7,3,10,0.7
HDsS,6,6,12,0.5
HDsb,7,5,12,0.58
HDsh,1,0,1,1.0
HDsm,0,1,1,0.0
HDsn,2,2,4,0.5
HDss,2,4,6,0.33
HDst,0,0,0,
HDtB,1,0,1,1.0
HDtD,0,0,0,
HDtK,0,0,0,
HDtL,0,1,1,0.0
HDtM,0,1,1,0.0
HDtN,1,2,3,0.33
HDtP,0,1,1,0.0
HDtS,0,2,2,0.0
HDtb,0,0,0,
HDts,1,1,2,0.5
HDtt,0,1,1,0.0
HHBB,2,3,5,0.4
HHBD,0,1,1,0.0
HHBK,0,1,1,0.0
HHBM,3,4,7,0.43
HHBN,2,4,6,0.33
HHBP,4,3,7,0.57
HHBS,2,2,4,0.5
HHBb,7,1,8,0.88
HHBh,1,0,1,1.0
HHBj,2,3,5,0.4
HHBl,2,2,4,0.5
HHBm,7,3,10,0.7
HHBn,2,1,3,0.67
HHBs,2,0,2,1.0
HHBt,2,0,2,1.0
HHDB,0,1,1,0.0
HHDD,0,1,1,0.0
HHDI,0,1,1,0.0
HHDM,1,1,2,0.5
HHDN,2,1,3,0.67
HHDP,1,0,1,1.0
HHDS,2,0,2,1.0
HHDm,0,1,1,0.0
HHDn,1,2,3,0.33
HHDs,1,2,3,0.33
HHDt,1,0,1,1.0
HHHB,1,0,1,1.0
HHHD,0,0,0,
HHHH,0,2,2,0.0
HHHI,1,1,2,0.5
HHHK,0,2,2,0.0
HHHM,1,0,1,1.0
HHHN,0,3,3,0.0
HHHP,2,1,3,0.67
HHHS,2,2,4,0.5
HHHb,1,2,3,0.33
HHHh,1,3,4,0.25
HHHl,1,1,2,0.5
HHHm,4,1,5,0.8
HHHn,1,4,5,0.2
HHHs,5,0,5,1.0
HHHt,1,0,1,1.0
HHIB,0,1,1,0.0
HHII,0,1,1,0.0
HHIL,0,0,0,
HHIM,2,1,3,0.67
HHIN,0,0,0,
HHIP,1,0,1,1.0
HHIS,1,1,2,0.5
HHIb,0,2,2,0.0
HHIl,1,0,1,1.0
HHIm,0,1,1,0.0
HHIn,1,2,3,0.33
HHKB,3,2,5,0.6
HHKD,0,0,0,
HHKI,0,0,0,
HHKM,1,0,1,1.0
HHKN,0,1,1,0.0
HHKS,1,2,3,0.33
HHKb,4,0,4,1.0
HHKh,1,2,3,0.33
HHKm,2,1,3,0.67
HHKn,0,0,0,
HHKs,1,0,1,1.0
HHLB,1,1,2,0.5
HHLD,2,1,3,0.67
HHLK,1,0,1,1.0
HHLL,0,1,1,0.0
HHLM,2,2,4,0.5
HHLN,2,1,3,0.67
HHLP,4,0,4,1.0
HHLS,2,1,3,0.67
HHLh,1,0,1,1.0
HHLj,0,0,0,
HHLm,0,3,3,0.0
HHLn,2,0,2,1.0
HHLs,1,1,2,0.5
HHMB,2,3,5,0.4
HHMD,0,3,3,0.0
HHMK,1,0,1,1.0
HHML,2,2,4,0.5
HHMM,7,12,19,0.37
HHMN,5,6,11,0.45
HHMP,6,7,13,0.46
HHMS,7,4,11,0.64
HHMb,6,7,13,0.46
HHMh,3,5,8,0.38
HHMl,5,2,7,0.71
HHMm,5,6,11,0.45
HHMn,7,8,15,0.47
HHMs,6,5,11,0.55
HHMt,2,0,2,1.0
HHNB,4,4,8,0.5
HHND,0,1,1,0.0
HHNH,2,1,3,0.67
HHNI,0,1,1,0.0
HHNK,1,0,1,1.0
HHNL,1,3,4,0.25
HHNM,5,6,11,0.45
HHNN,11,10,21,0.52
HHNP,5,5,10,0.5
HHNS,2,7,9,0.22
HHNb,4,2,6,0.67
HHNh,4,1,5,0.8
HHNl,1,2,3,0.33
HHNm,4,5,9,0.44
HHNn,4,3,7,0.57
HHNs,4,7,11,0.36
HHNt,2,0,2,1.0
HHPB,3,7,10,0.3
HHPD,2,0,2,1.0
HHPH,2,3,5,0.4
HHPI,2,0,2,1.0
HHPK,1,0,1,1.0
HHPL,1,1,2,0.5
HHPM,6,5,11,0.55
HHPN,8,8,16,0.5
HHPP,4,6,10,0.4
HHPS,4,3,7,0.57
HHPb,4,1,5,0.8
HHPh,1,1,2,0.5
HHPl,4,1,5,0.8
HHPm,6,8,14,0.43
HHPn,6,1,7,0.86
HHPs,6,5,11,0.55
HHPt,0,0,0,
HHSB,2,5,7,0.29
HHSD,2,1,3,0.67
HHSH,6,5,11,0.55
HHSK,0,0,0,
HHSL,2,3,5,0.4
HHSM,10,10,20,0.5
HHSN,4,6,10,0.4
HHSP,6,4,10,0.6
HHSS,14,16,30,0.47
HHSb,3,3,6,0.5
HHSh,5,5,10,0.5
HHSl,2,2,4,0.5
HHSm,8,7,15,0.53
HHSn,9,7,16,0.56
HHSs,11,9,20,0.55
HHSt,0,1,1,0.0
HHbB,2,6,8,0.25
HHbD,1,0,1,1.0
HHbH,0,2,2,0.0
HHbI,1,1,2,0.5
HHbJ,3,0,3,1.0
HHbK,0,2,2,0.0
HHbL,0,2,2,0.0
HHbM,4,5,9,0.44
HHbN,4,5,9,0.44
HHbP,6,2,8,0.75
HHbS,3,3,6,0.5
HHbb,5,5,10,0.5
HHbl,3,0,3,1.0
HHbm,4,4,8,0.5
HHbn,4,2,6,0.67
HHbs,3,4,7,0.43
HHhB,1,0,1,1.0
HHhH,1,1,2,0.5
HHhL,1,0,1,1.0
HHhM,0,4,4,0.0
HHhN,4,1,5,0.8
HHhP,2,3,5,0.4
HHhS,5,3,8,0.62
HHhb,1,1,2,0.5
HHhh,2,3,5,0.4
HHhl,0,3,3,0.0
HHhm,2,0,2,1.0
HHhs,4,1,5,0.8
HHlB,1,2,3,0.33
HHlH,1,0,1,1.0
HHlL,0,1,1,0.0
HHlM,2,3,5,0.4
HHlN,2,5,7,0.29
HHlP,0,1,1,0.0
HHlS,3,1,4,0.75
HHlb,2,1,3,0.67
HHll,1,0,1,1.0
HHlm,3,1,4,0.75
HHln,1,1,2,0.5
HHls,4,1,5,0.8
HHmB,5,5,10,0.5
HHmD,1,0,1,1.0
HHmH,10,7,17,0.59
HHmJ,2,1,3,0.67
HHmL,2,2,4,0.5
HHmM,5,9,14,0.36
HHmN,6,8,14,0.43
HHmP,8,8,16,0.5
HHmS,3,4,7,0.43
HHmb,7,3,10,0.7
HHml,1,0,1,1.0
HHmm,4,7,11,0.36
HHmn,9,4,13,0.69
HHms,6,7,13,0.46
HHnB,4,4,8,0.5
HHnD,1,3,4,0.25
HHnH,3,6,9,0.33
HHnI,0,1,1,0.0
HHnK,1,0,1,1.0
HHnL,1,2,3,0.33
HHnM,5,4,9,0.56
HHnN,7,3,10,0.7
HHnP,7,5,12,0.58
HHnS,6,3,9,0.67
HHnb,2,3,5,0.4
HHnl,4,0,4,1.0
HHnm,1,2,3,0.33
HHnn,5,6,11,0.45
HHns,8,6,14,0.57
HHsB,3,4,7,0.43
HHsD,2,4,6,0.33
HHsH,10,10,20,0.5
HHsI,1,3,4,0.25
HHsL,0,2,2,0.0
HHsM,8,6,14,0.57
HHsN,6,2,8,0.75
HHsP,10,4,14,0.71
HHsS,13,15,28,0.46
HHsb,5,4,9,0.56
HHsh,2,0,2,1.0
HHsl,0,1,1,0.0
HHsm,9,8,17,0.53
HHsn,6,8,14,0.43
HHss,14,15,29,0.48
HHst,0,0,0,
HHtB,0,1,1,0.0
HHtM,1,1,2,0.5
HHtN,0,2,2,0.0
HHtP,1,2,3,0.33
HHtS,2,0,2,1.0
HHtm,1,0,1,1.0
HHtn,0,0,0,
HHts,1,1,2,0.5
HIBB,0,2,2,0.0
HIBD,0,0,0,
HIBK,1,0,1,1.0
HIBL,0,2,2,0.0
HIBM,3,3,6,0.5
HIBN,3,0,3,1.0
HIBP,2,2,4,0.5
HIBS,1,1,2,0.5
HIBb,1,0,1,1.0
HIBj,0,1,1,0.0
HIBl,1,2,3,0.33
HIBm,4,1,5,0.8
HIBn,4,1,5,0.8
HIBs,0,2,2,0.0
HIBt,0,1,1,0.0
HIDB,1,2,3,0.33
HIDH,1,1,2,0.5
HIDL,0,0,0,
HIDM,2,0,2,1.0
HIDN,1,1,2,0.5
HIDb,0,1,1,0.0
HIDn,0,0,0,
HIHB,1,3,4,0.25
HIHD,2,0,2,1.0
HIHH,2,0,2,1.0
HIHI,0,0,0,
HIHK,1,0,1,1.0
HIHL,0,1,1,0.0
HIHM,3,3,6,0.5
HIHN,2,4,6,0.33
HIHP,1,1,2,0.5
HIHS,2,7,9,0.22
HIHb,4,1,5,0.8
HIHh,0,3,3,0.0
HIHl,0,0,0,
HIHm,2,1,3,0.67
HIHn,4,0,4,1.0
HIHs,5,3,8,0.62
HIHt,0,1,1,0.0
HIIB,1,0,1,1.0
HIID,0,1,1,0.0
HIIH,2,1,3,0.67
HIIM,0,1,1,0.0
HIIN,1,1,2,0.5
HIIP,0,1,1,0.0
HIIh,1,0,1,1.0
HIIm,0,1,1,0.0
HIIn,1,0,1,1.0
HIIs,1,0,1,1.0
HIKB,1,1,2,0.5
HIKM,1,0,1,1.0
HILB,1,1,2,0.5
HILD,2,0,2,1.0
HILK,0,0,0,
HILL,0,1,1,0.0
HILM,1,1,2,0.5
HILN,2,2,4,0.5
HILP,1,0,1,1.0
HILS,0,2,2,0.0
HILb,0,1,1,0.0
HILh,0,0,0,
HILj,1,0,1,1.0
HILn,2,2,4,0.5
HILs,2,2,4,0.5
HILt,1,1,2,0.5
HIMB,3,5,8,0.38
HIMD,1,1,2,0.5
HIMH,1,1,2,0.5
HIML,1,1,2,0.5
HIMM,3,2,5,0.6
HIMN,6,4,10,0.6
HIMP,6,9,15,0.4
HIMS,5,5,10,0.5
HIMb,2,2,4,0.5
HIMh,2,2,4,0.5
HIMj,1,0,1,1.0
HIMl,0,1,1,0.0
HIMm,3,3,6,0.5
HIMn,5,7,12,0.42
HIMs,1,2,3,0.33
HINB,1,4,5,0.2
HIND,1,2,3,0.33
HINI,1,0,1,1.0
HINK,0,1,1,0.0
HINL,1,2,3,0.33
HINM,6,4,10,0.6
HINN,2,2,4,0.5
HINP,5,1,6,0.83
HINS,3,3,6,0.5
HINb,3,4,7,0.43
HINh,2,2,4,0.5
HINl,3,0,3,1.0
HINm,4,8,12,0.33
HINn,3,3,6,0.5
HINs,1,3,4,0.25
HINt,1,0,1,1.0
HIPB,5,2,7,0.71
HIPH,1,1,2,0.5
HIPI,0,1,1,0.0
HIPK,0,1,1,0.0
HIPL,0,1,1,0.0
HIPM,7,8,15,0.47
HIPN,4,2,6,0.67
HIPP,10,5,15,0.67
HIPS,5,2,7,0.71
HIPb,2,2,4,0.5
HIPh,0,0,0,
HIPl,0,0,0,
HIPm,4,2,6,0.67
HIPn,2,1,3,0.67
HIPs,3,0,3,1.0
HISB,2,2,4,0.5
HISD,0,1,1,0.0
HISH,1,5,6,0.17
HISI,0,1,1,0.0
HISK,1,0,1,1.0
HISM,5,5,10,0.5
HISN,3,4,7,0.43
HISP,3,4,7,0.43
HISS,5,3,8,0.62
HISb,3,2,5,0.6
HISh,1,1,2,0.5
HISl,1,1,2,0.5
HISm,3,7,10,0.3
HISn,4,6,10,0.4
HISs,7,4,11,0.64
HISt,0,1,1,0.0
HIbB,3,3,6,0.5
HIbH,1,1,2,0.5
HIbI,1,1,2,0.5
HIbK,0,2,2,0.0
HIbL,2,0,2,1.0
HIbM,3,4,7,0.43
HIbN,3,2,5,0.6
HIbP,3,5,8,0.38
HIbS,3,4,7,0.43
HIbb,1,5,6,0.17
HIbl,0,0,0,
HIbm,2,2,4,0.5
HIbn,0,2,2,0.0
HIbs,1,1,2,0.5
HIhN,0,0,0,
HIhh,0,1,1,0.0
HIhs,0,1,1,0.0
HIlB,2,1,3,0.67
HIlH,0,1,1,0.0
HIlL,0,2,2,0.0
HIlM,1,3,4,0.25
HIlN,0,0,0,
HIlP,1,2,3,0.33
HIlS,0,1,1,0.0
HIlb,1,1,2,0.5
HIll,1,0,1,1.0
HIln,1,3,4,0.25
HIls,0,0,0,
HImB,2,4,6,0.33
HImD,1,0,1,1.0
HImH,6,4,10,0.6
HImI,1,0,1,1.0
HImJ,1,0,1,1.0
HImL,2,1,3,0.67
HImM,6,9,15,0.4
HImN,2,6,8,0.25
HImP,5,1,6,0.83
HImS,4,4,8,0.5
HImb,2,5,7,0.29
HIml,1,1,2,0.5
HImm,9,1,10,0.9
HImn,3,1,4,0.75
HIms,3,5,8,0.38
HInB,1,0,1,1.0
HInH,2,4,6,0.33
HInI,0,1,1,0.0
HInL,0,1,1,0.0
HInM,4,3,7,0.57
HInN,1,2,3,0.33
HInP,1,1,2,0.5
HInS,3,4,7,0.43
HInb,2,1,3,0.67
HInm,6,2,8,0.75
HInn,3,4,7,0.43
HIns,2,1,3,0.67
HIsD,1,1,2,0.5
HIsH,1,3,4,0.25
HIsI,3,0,3,1.0
HIsL,0,1,1,0.0
HIsM,3,4,7,0.43
HIsN,1,4,5,0.2
HIsP,3,2,5,0.6
HIsS,4,1,5,0.8
HIsb,0,4,4,0.0
HIsl,1,1,2,0.5
HIsm,5,4,9,0.56
HIsn,2,6,8,0.25
HIss,2,6,8,0.25
HItM,1,0,1,1.0
HItS,2,0,2,1.0
HIts,0,0,0,
HKBB,2,1,3,0.67
HKBD,2,1,3,0.67
HKBL,0,2,2,0.0
HKBM,2,3,5,0.4
HKBN,2,1,3,0.67
HKBP,2,2,4,0.5
HKBS,0,0,0,
HKBb,2,1,3,0.67
HKBj,1,0,1,1.0
HKBl,0,1,1,0.0
HKBm,1,0,1,1.0
HKBn,0,2,2,0.0
HKBs,1,0,1,1.0
HKDB,0,0,0,
HKDH,1,1,2,0.5
HKDM,1,0,1,1.0
HKDN,0,1,1,0.0
HKDS,1,0,1,1.0
HKDb,0,1,1,0.0
HKDn,2,0,2,1.0
HKDs,0,0,0,
HKHB,0,1,1,0.0
HKHN,2,0,2,1.0
HKHP,1,0,1,1.0
HKHb,1,0,1,1.0
HKHh,0,1,1,0.0
HKHn,0,0,0,
HKIH,2,0,2,1.0
HKIM,0,0,0,
HKIP,0,0,0,
HKIS,2,1,3,0.67
HKIb,1,1,2,0.5
HKIm,1,1,2,0.5
HKLB,1,1,2,0.5
HKLL,0,1,1,0.0
HKLN,1,0,1,1.0
HKLS,2,1,3,0.67
HKLb,1,1,2,0.5
HKLh,1,0,1,1.0
HKLm,2,1,3,0.67
HKLn,1,0,1,1.0
HKLs,1,0,1,1.0
HKMB,2,3,5,0.4
HKMM,4,5,9,0.44
HKMN,3,2,5,0.6
HKMP,2,2,4,0.5
HKMS,1,1,2,0.5
HKMb,2,3,5,0.4
HKMh,2,2,4,0.5
HKMl,0,1,1,0.0
HKMm,5,2,7,0.71
HKMn,5,3,8,0.62
HKMs,0,4,4,0.0
HKMt,1,0,1,1.0
HKNB,1,2,3,0.33
HKNH,2,1,3,0.67
HKNL,0,2,2,0.0
HKNM,4,1,5,0.8
HKNN,1,1,2,0.5
HKNP,1,3,4,0.25
HKNS,1,2,3,0.33
HKNb,5,1,6,0.83
HKNh,1,2,3,0.33
HKNl,0,2,2,0.0
HKNm,1,2,3,0.33
HKNn,2,3,5,0.4
HKNs,0,5,5,0.0
HKNt,2,0,2,1.0
HKPB,0,2,2,0.0
HKPI,1,0,1,1.0
HKPK,0,1,1,0.0
HKPL,0,1,1,0.0
HKPM,1,2,3,0.33
HKPN,2,4,6,0.33
HKPP,1,3,4,0.25
HKPS,2,2,4,0.5
HKPb,0,2,2,0.0
HKPl,1,0,1,1.0
HKPm,1,2,3,0.33
HKPn,2,1,3,0.67
HKPs,3,1,4,0.75
HKPt,1,0,1,1.0
HKSB,2,1,3,0.67
HKSD,1,0,1,1.0
HKSH,3,1,4,0.75
HKSM,1,2,3,0.33
HKSN,1,2,3,0.33
HKSP,2,0,2,1.0
HKSS,0,4,4,0.0
HKSb,1,0,1,1.0
HKSh,1,1,2,0.5
HKSl,3,1,4,0.75
HKSm,1,0,1,1.0
HKSn,0,2,2,0.0
HKSs,4,7,11,0.36
HKSt,1,0,1,1.0
HKbB,1,0,1,1.0
HKbH,0,0,0,
HKbJ,0,1,1,0.0
HKbL,2,2,4,0.5
HKbM,2,2,4,0.5
HKbN,4,1,5,0.8
HKbP,1,1,2,0.5
HKbS,1,1,2,0.5
HKbb,1,1,2,0.5
HKbl,0,2,2,0.0
HKbm,2,0,2,1.0
HKbn,1,1,2,0.5
HKbs,1,0,1,1.0
HKhB,4,3,7,0.57
HKhD,0,1,1,0.0
HKhH,1,2,3,0.33
HKhL,0,1,1,0.0
HKhM,2,4,6,0.33
HKhN,0,0,0,
HKhP,1,0,1,1.0
HKhS,3,1,4,0.75
HKhb,2,1,3,0.67
HKhh,2,1,3,0.67
HKhl,0,0,0,
HKhm,1,0,1,1.0
HKhn,2,1,3,0.67
HKhs,2,0,2,1.0
HKlH,1,1,2,0.5
HKlM,2,2,4,0.5
HKlN,1,2,3,0.33
HKlP,2,0,2,1.0
HKlS,0,1,1,0.0
HKlb,1,0,1,1.0
HKlm,1,1,2,0.5
HKln,1,0,1,1.0
HKls,0,1,1,0.0
HKmB,2,2,4,0.5
HKmD,0,2,2,0.0
HKmH,1,3,4,0.25
HKmJ,0,1,1,0.0
HKmM,4,4,8,0.5
HKmN,1,1,2,0.5
HKmP,2,0,2,1.0
HKmS,4,2,6,0.67
HKmb,3,1,4,0.75
HKml,1,0,1,1.0
HKmm,3,3,6,0.5
HKmn,0,3,3,0.0
HKms,2,1,3,0.67
HKnB,2,1,3,0.67
HKnI,0,1,1,0.0
HKnL,1,2,3,0.33
HKnM,0,3,3,0.0
HKnN,2,1,3,0.67
HKnP,1,5,6,0.17
HKnS,1,1,2,0.5
HKnb,1,1,2,0.5
HKnm,1,2,3,0.33
HKnn,2,0,2,1.0
HKsB,2,5,7,0.29
HKsD,1,0,1,1.0
HKsH,1,2,3,0.33
HKsI,1,0,1,1.0
HKsL,1,1,2,0.5
HKsM,1,3,4,0.25
HKsN,1,0,1,1.0
HKsP,1,2,3,0.33
HKsS,1,3,4,0.25
HKsb,2,1,3,0.67
HKsl,0,0,0,
HKsm,2,3,5,0.4
HKsn,1,1,2,0.5
HKss,1,0,1,1.0
HKtB,0,1,1,0.0
HKtH,1,0,1,1.0
HKtP,1,0,1,1.0
HKtS,1,1,2,0.5
HKtn,1,0,1,1.0
HKts,1,0,1,1.0
HKtt,1,0,1,1.0
HLBB,8,4,12,0.67
HLBK,1,0,1,1.0
HLBL,1,2,3,0.33
HLBM,5,10,15,0.33
HLBN,3,5,8,0.38
HLBP,8,7,15,0.53
HLBS,5,2,7,0.71
HLBb,8,5,13,0.62
HLBh,0,2,2,0.0
HLBj,2,2,4,0.5
HLBl,1,3,4,0.25
HLBm,8,3,11,0.73
HLBn,4,10,14,0.29
HLBs,1,5,6,0.17
HLBt,1,0,1,1.0
HLDB,1,0,1,1.0
HLDD,0,0,0,
HLDH,2,0,2,1.0
HLDL,0,1,1,0.0
HLDM,1,2,3,0.33
HLDP,1,2,3,0.33
HLDS,1,0,1,1.0
HLDb,2,0,2,1.0
HLDl,1,1,2,0.5
HLDm,2,3,5,0.4
HLDn,4,0,4,1.0
HLDs,0,0,0,
HLHB,0,1,1,0.0
HLKB,0,1,1,0.0
HLKD,1,0,1,1.0
HLKI,0,1,1,0.0
HLKL,1,0,1,1.0
HLKM,2,2,4,0.5
HLKN,2,0,2,1.0
HLKP,0,0,0,
HLKS,2,1,3,0.67
HLKb,0,1,1,0.0
HLKh,1,1,2,0.5
HLKm,0,1,1,0.0
HLKn,2,0,2,1.0
HLKt,0,0,0,
HLLB,1,1,2,0.5
HLLK,0,1,1,0.0
HLLL,1,1,2,0.5
HLLM,3,2,5,0.6
HLLN,1,2,3,0.33
HLLP,3,5,8,0.38
HLLS,1,1,2,0.5
HLLb,1,1,2,0.5
HLLj,0,2,2,0.0
HLLl,1,5,6,0.17
HLLm,2,5,7,0.29
HLLn,1,5,6,0.17
HLLs,3,1,4,0.75
HLMB,8,7,15,0.53
HLMD,4,1,5,0.8
HLMI,0,1,1,0.0
HLML,3,0,3,1.0
HLMM,6,7,13,0.46
HLMN,5,4,9,0.56
HLMP,5,10,15,0.33
HLMS,6,4,10,0.6
HLMb,6,2,8,0.75
HLMh,5,2,7,0.71
HLMl,3,2,5,0.6
HLMm,10,4,14,0.71
HLMn,4,9,13,0.31
HLMs,3,6,9,0.33
HLMt,2,3,5,0.4
HLNB,8,9,17,0.47
HLND,0,1,1,0.0
HLNH,2,0,2,1.0
HLNI,1,0,1,1.0
HLNK,0,2,2,0.0
HLNL,2,1,3,0.67
HLNM,6,10,16,0.38
HLNN,5,4,9,0.56
HLNP,8,17,25,0.32
HLNS,5,6,11,0.45
HLNb,8,5,13,0.62
HLNh,3,0,3,1.0
HLNl,1,6,7,0.14
HLNm,9,4,13,0.69
HLNn,12,16,28,0.43
HLNs,7,5,12,0.58
HLNt,0,1,1,0.0
HLPB,6,5,11,0.55
HLPD,1,0,1,1.0
HLPH,2,4,6,0.33
HLPI,0,1,1,0.0
HLPK,0,1,1,0.0
HLPL,8,3,11,0.73
HLPM,6,7,13,0.46
HLPN,8,3,11,0.73
HLPP,7,10,17,0.41
HLPS,6,14,20,0.3
HLPb,9,6,15,0.6
HLPh,1,1,2,0.5
HLPl,3,1,4,0.75
HLPm,13,8,21,0.62
HLPn,6,8,14,0.43
HLPs,8,2,10,0.8
HLPt,2,1,3,0.67
HLSB,1,7,8,0.12
HLSD,1,0,1,1.0
HLSH,4,2,6,0.67
HLSI,0,1,1,0.0
HLSL,3,2,5,0.6
HLSM,5,8,13,0.38
HLSN,4,3,7,0.57
HLSP,6,2,8,0.75
HLSS,6,4,10,0.6
HLSb,3,3,6,0.5
HLSh,2,0,2,1.0
HLSl,2,0,2,1.0
HLSm,8,3,11,0.73
HLSn,8,9,17,0.47
HLSs,6,5,11,0.55
HLSt,0,3,3,0.0
HLbB,5,1,6,0.83
HLbD,3,0,3,1.0
HLbH,3,1,4,0.75
HLbI,0,1,1,0.0
HLbK,0,1,1,0.0
HLbL,5,0,5,1.0
HLbM,5,5,10,0.5
HLbN,10,8,18,0.56
HLbP,5,3,8,0.62
HLbS,2,6,8,0.25
HLbb,4,5,9,0.44
HLbl,4,1,5,0.8
HLbm,5,7,12,0.42
HLbn,4,6,10,0.4
HLbs,2,4,6,0.33
HLhB,0,1,1,0.0
HLhD,1,0,1,1.0
HLhL,0,2,2,0.0
HLhM,3,2,5,0.6
HLhN,1,0,1,1.0
HLhP,2,4,6,0.33
HLhS,2,4,6,0.33
HLhb,2,2,4,0.5
HLhh,2,1,3,0.67
HLhl,1,0,1,1.0
HLhm,3,4,7,0.43
HLhn,4,2,6,0.67
HLhs,4,2,6,0.67
HLjB,0,1,1,0.0
HLjK,0,1,1,0.0
HLjL,1,2,3,0.33
HLjM,1,0,1,1.0
HLjN,1,5,6,0.17
HLjP,2,3,5,0.4
HLjS,1,4,5,0.2
HLjb,1,2,3,0.33
HLjh,0,1,1,0.0
HLjl,0,1,1,0.0
HLjm,3,3,6,0.5
HLjn,3,2,5,0.6
HLjs,4,0,4,1.0
HLjt,0,0,0,
HLlB,1,2,3,0.33
HLlH,2,2,4,0.5
HLlJ,1,1,2,0.5
HLlL,0,1,1,0.0
HLlM,1,7,8,0.12
HLlN,1,1,2,0.5
HLlP,2,3,5,0.4
HLlS,5,6,11,0.45
HLlb,5,1,6,0.83
HLll,0,1,1,0.0
HLlm,2,2,4,0.5
HLln,3,6,9,0.33
HLls,1,2,3,0.33
HLmB,5,5,10,0.5
HLmD,3,0,3,1.0
HLmH,5,6,11,0.45
HLmJ,3,1,4,0.75
HLmK,0,0,0,
HLmL,3,4,7,0.43
HLmM,7,12,19,0.37
HLmN,8,8,16,0.5
HLmP,12,5,17,0.71
HLmS,9,5,14,0.64
HLmb,6,6,12,0.5
HLml,5,1,6,0.83
HLmm,9,8,17,0.53
HLmn,3,4,7,0.43
HLms,5,6,11,0.45
HLnB,10,6,16,0.62
HLnD,2,0,2,1.0
HLnH,2,8,10,0.2
HLnI,1,0,1,1.0
HLnK,2,0,2,1.0
HLnL,2,1,3,0.67
HLnM,5,12,17,0.29
HLnN,7,11,18,0.39
HLnP,10,14,24,0.42
HLnS,10,10,20,0.5
HLnb,10,8,18,0.56
HLnh,0,1,1,0.0
HLnl,4,0,4,1.0
HLnm,11,10,21,0.52
HLnn,6,5,11,0.55
HLns,12,10,22,0.55
HLnt,0,0,0,
HLsB,4,6,10,0.4
HLsD,0,0,0,
HLsH,6,4,10,0.6
HLsI,5,0,5,1.0
HLsL,0,0,0,
HLsM,6,5,11,0.55
HLsN,2,5,7,0.29
HLsP,11,6,17,0.65
HLsS,6,8,14,0.43
HLsb,2,5,7,0.29
HLsh,1,0,1,1.0
HLsl,2,1,3,0.67
HLsm,3,3,6,0.5
HLsn,4,5,9,0.44
HLss,7,2,9,0.78
HLtB,2,2,4,0.5
HLtM,0,3,3,0.0
HLtN,1,0,1,1.0
HLtP,1,1,2,0.5
HLtS,2,0,2,1.0
HLtb,1,1,2,0.5
HLtm,3,0,3,1.0
HLtn,1,2,3,0.33
HLts,1,1,2,0.5
HMBB,24,32,56,0.43
HMBD,2,3,5,0.4
HMBH,0,1,1,0.0
HMBK,4,6,10,0.4
HMBL,2,6,8,0.25
HMBM,20,17,37,0.54
HMBN,24,26,50,0.48
HMBP,19,21,40,0.48
HMBS,11,13,24,0.46
HMBb,31,26,57,0.54
HMBh,4,3,7,0.57
HMBj,6,8,14,0.43
HMBl,7,4,11,0.64
HMBm,16,27,43,0.37
HMBn,20,25,45,0.44
HMBs,6,5,11,0.55
HMBt,2,2,4,0.5
HMDB,1,1,2,0.5
HMDH,5,5,10,0.5
HMDL,1,0,1,1.0
HMDM,3,2,5,0.6
HMDN,4,2,6,0.67
HMDP,4,6,10,0.4
HMDS,2,2,4,0.5
HMDb,2,4,6,0.33
HMDl,0,1,1,0.0
HMDm,4,5,9,0.44
HMDn,3,1,4,0.75
HMDs,6,5,11,0.55
HMHB,1,0,1,1.0
HMHM,0,1,1,0.0
HMHP,1,0,1,1.0
HMHS,1,0,1,1.0
HMHb,1,0,1,1.0
HMHh,0,1,1,0.0
HMHl,1,0,1,1.0
HMHm,1,0,1,1.0
HMHn,0,1,1,0.0
HMIN,0,0,0,
HMIm,0,1,1,0.0
HMIt,1,0,1,1.0
HMKB,3,0,3,1.0
HMKL,0,1,1,0.0
HMKM,0,2,2,0.0
HMKN,1,1,2,0.5
HMKP,1,1,2,0.5
HMKS,1,0,1,1.0
HMKb,1,0,1,1.0
HMKl,1,0,1,1.0
HMKm,2,2,4,0.5
HMKn,0,1,1,0.0
HMKs,0,1,1,0.0
HMKt,0,0,0,
HMLB,6,5,11,0.55
HMLD,2,0,2,1.0
HMLH,1,0,1,1.0
HMLK,0,1,1,0.0
HMLL,1,3,4,0.25
HMLM,6,7,13,0.46
HMLN,8,8,16,0.5
HMLP,9,5,14,0.64
HMLS,8,5,13,0.62
HMLb,6,7,13,0.46
HMLh,3,2,5,0.6
HMLj,0,1,1,0.0
HMLl,3,2,5,0.6
HMLm,4,10,14,0.29
HMLn,10,12,22,0.45
HMLs,7,7,14,0.5
HMLt,0,0,0,
HMMB,21,26,47,0.45
HMMD,0,2,2,0.0
HMMK,4,0,4,1.0
HMML,5,9,14,0.36
HMMM,20,32,52,0.38
HMMN,18,25,43,0.42
HMMP,26,26,52,0.5
HMMS,14,21,35,0.4
HMMb,24,18,42,0.57
HMMh,20,22,42,0.48
HMMj,4,2,6,0.67
HMMl,5,6,11,0.45
HMMm,42,27,69,0.61
HMMn,43,40,83,0.52
HMMs,12,20,32,0.38
HMMt,3,3,6,0.5
HMNB,19,32,51,0.37
HMND,5,6,11,0.45
HMNH,4,5,9,0.44
HMNI,0,1,1,0.0
HMNK,1,3,4,0.25
HMNL,4,7,11,0.36
HMNM,25,30,55,0.45
HMNN,35,22,57,0.61
HMNP,29,28,57,0.51
HMNS,20,15,35,0.57
HMNb,14,19,33,0.42
HMNh,11,12,23,0.48
HMNl,4,8,12,0.33
HMNm,32,25,57,0.56
HMNn,32,33,65,0.49
HMNs,25,19,44,0.57
HMNt,5,4,9,0.56
HMPB,18,26,44,0.41
HMPD,4,2,6,0.67
HMPH,5,7,12,0.42
HMPI,2,2,4,0.5
HMPK,1,4,5,0.2
HMPL,7,7,14,0.5
HMPM,21,27,48,0.44
HMPN,21,29,50,0.42
HMPP,29,24,53,0.55
HMPS,18,23,41,0.44
HMPb,17,25,42,0.4
HMPh,5,3,8,0.62
HMPl,5,7,12,0.42
HMPm,31,17,48,0.65
HMPn,21,28,49,0.43
HMPs,19,16,35,0.54
HMPt,3,2,5,0.6
HMSB,14,11,25,0.56
HMSD,1,3,4,0.25
HMSH,8,12,20,0.4
HMSI,2,1,3,0.67
HMSK,0,1,1,0.0
HMSL,3,10,13,0.23
HMSM,16,26,42,0.38
HMSN,18,11,29,0.62
HMSP,17,13,30,0.57
HMSS,33,33,66,0.5
HMSb,13,13,26,0.5
HMSh,14,15,29,0.48
HMSl,3,6,9,0.33
HMSm,29,20,49,0.59
HMSn,16,15,31,0.52
HMSs,30,19,49,0.61
HMSt,4,3,7,0.57
HMbB,13,12,25,0.52
HMbD,2,4,6,0.33
HMbH,10,7,17,0.59
HMbI,1,3,4,0.25
HMbJ,5,8,13,0.38
HMbK,1,2,3,0.33
HMbL,7,6,13,0.54
HMbM,25,21,46,0.54
HMbN,19,30,49,0.39
HMbP,23,26,49,0.47
HMbS,15,16,31,0.48
HMbb,21,16,37,0.57
HMbl,7,6,13,0.54
HMbm,26,24,50,0.52
HMbn,20,29,49,0.41
HMbs,13,12,25,0.52
HMhB,18,14,32,0.56
HMhD,2,3,5,0.4
HMhH,1,5,6,0.17
HMhI,3,2,5,0.6
HMhK,0,1,1,0.0
HMhL,2,5,7,0.29
HMhM,21,23,44,0.48
HMhN,21,15,36,0.58
HMhP,22,13,35,0.63
HMhS,11,26,37,0.3
HMhb,16,17,33,0.48
HMhh,10,19,29,0.34
HMhl,8,9,17,0.47
HMhm,29,27,56,0.52
HMhn,13,19,32,0.41
HMhs,10,15,25,0.4
HMht,0,3,3,0.0
HMjB,8,2,10,0.8
HMjD,1,0,1,1.0
HMjH,1,1,2,0.5
HMjI,1,0,1,1.0
HMjL,1,1,2,0.5
HMjM,6,7,13,0.46
HMjN,5,1,6,0.83
HMjP,2,5,7,0.29
HMjS,4,2,6,0.67
HMjb,2,4,6,0.33
HMjl,0,1,1,0.0
HMjm,6,1,7,0.86
HMjn,6,4,10,0.6
HMjs,5,3,8,0.62
HMjt,1,0,1,1.0
HMlB,11,5,16,0.69
HMlD,1,2,3,0.33
HMlH,3,10,13,0.23
HMlI,0,1,1,0.0
HMlJ,2,2,4,0.5
HMlK,1,2,3,0.33
HMlL,1,2,3,0.33
HMlM,6,11,17,0.35
HMlN,10,4,14,0.71
HMlP,9,4,13,0.69
HMlS,7,10,17,0.41
HMlb,5,6,11,0.45
HMll,3,2,5,0.6
HMlm,9,7,16,0.56
HMln,9,12,21,0.43
HMls,10,5,15,0.67
HMmB,26,23,49,0.53
HMmD,9,8,17,0.53
HMmH,27,28,55,0.49
HMmI,5,1,6,0.83
HMmJ,13,3,16,0.81
HMmK,2,1,3,0.67
HMmL,7,8,15,0.47
HMmM,38,43,81,0.47
HMmN,34,28,62,0.55
HMmP,32,34,66,0.48
HMmS,25,23,48,0.52
HMmb,28,27,55,0.51
HMmh,0,0,0,
HMml,10,5,15,0.67
HMmm,38,28,66,0.58
HMmn,29,27,56,0.52
HMms,21,22,43,0.49
HMmt,1,0,1,1.0
HMnB,23,33,56,0.41
HMnD,7,4,11,0.64
HMnH,13,16,29,0.45
HMnI,4,6,10,0.4
HMnK,2,6,8,0.25
HMnL,6,10,16,0.38
HMnM,40,35,75,0.53
HMnN,51,40,91,0.56
HMnP,37,33,70,0.53
HMnS,28,32,60,0.47
HMnb,27,24,51,0.53
HMnh,0,3,3,0.0
HMnl,13,9,22,0.59
HMnm,42,33,75,0.56
HMnn,48,36,84,0.57
HMns,26,30,56,0.46
HMnt,1,0,1,1.0
HMsB,12,19,31,0.39
HMsD,4,6,10,0.4
HMsH,18,18,36,0.5
HMsI,3,5,8,0.38
HMsL,5,3,8,0.62
HMsM,19,31,50,0.38
HMsN,25,14,39,0.64
HMsP,24,11,35,0.69
HMsS,30,41,71,0.42
HMsb,16,11,27,0.59
HMsh,0,1,1,0.0
HMsl,5,11,16,0.31
HMsm,25,25,50,0.5
HMsn,18,19,37,0.49
HMss,31,16,47,0.66
HMst,0,0,0,
HMtB,3,2,5,0.6
HMtD,1,0,1,1.0
HMtH,3,7,10,0.3
HMtK,1,0,1,1.0
HMtL,2,0,2,1.0
HMtM,1,8,9,0.11
HMtN,4,6,10,0.4
HMtP,2,4,6,0.33
HMtS,3,5,8,0.38
HMtb,3,2,5,0.6
HMth,1,1,2,0.5
HMtl,0,4,4,0.0
HMtm,2,5,7,0.29
HMtn,1,3,4,0.25
HMts,3,4,7,0.43
HMtt,1,0,1,1.0
HNBB,21,22,43,0.49
HNBD,2,3,5,0.4
HNBK,5,4,9,0.56
HNBL,5,9,14,0.36
HNBM,17,19,36,0.47
HNBN,20,31,51,0.39
HNBP,24,25,49,0.49
HNBS,10,14,24,0.42
HNBb,13,10,23,0.57
HNBh,1,4,5,0.2
HNBj,2,2,4,0.5
HNBl,8,5,13,0.62
HNBm,27,23,50,0.54
HNBn,19,26,45,0.42
HNBs,11,8,19,0.58
HNBt,5,5,10,0.5
HNDB,0,1,1,0.0
HNDD,2,1,3,0.67
HNDH,2,4,6,0.33
HNDI,0,1,1,0.0
HNDM,6,2,8,0.75
HNDN,0,2,2,0.0
HNDP,3,8,11,0.27
HNDS,6,4,10,0.6
HNDb,0,1,1,0.0
HNDh,1,0,1,1.0
HNDl,2,0,2,1.0
HNDm,4,2,6,0.67
HNDn,2,5,7,0.29
HNDs,1,3,4,0.25
HNDt,1,1,2,0.5
HNHB,6,3,9,0.67
HNHD,1,0,1,1.0
HNHH,4,3,7,0.57
HNHI,0,0,0,
HNHK,0,2,2,0.0
HNHL,0,1,1,0.0
HNHM,6,9,15,0.4
HNHN,2,5,7,0.29
HNHP,4,4,8,0.5
HNHS,4,8,12,0.33
HNHb,0,3,3,0.0
HNHh,5,4,9,0.56
HNHl,3,2,5,0.6
HNHm,4,9,13,0.31
HNHn,3,3,6,0.5
HNHs,5,10,15,0.33
HNHt,0,1,1,0.0
HNIH,0,1,1,0.0
HNIL,1,0,1,1.0
HNIM,2,2,4,0.5
HNIN,1,0,1,1.0
HNIS,0,1,1,0.0
HNIl,0,0,0,
HNIm,3,2,5,0.6
HNIn,0,1,1,0.0
HNKB,0,4,4,0.0
HNKD,2,0,2,1.0
HNKI,0,1,1,0.0
HNKL,1,1,2,0.5
HNKM,3,6,9,0.33
HNKN,4,6,10,0.4
HNKP,1,2,3,0.33
HNKS,2,4,6,0.33
HNKb,1,2,3,0.33
HNKh,4,3,7,0.57
HNKl,0,1,1,0.0
HNKm,1,4,5,0.2
HNKn,5,2,7,0.71
HNKs,3,3,6,0.5
HNLB,8,7,15,0.53
HNLD,1,1,2,0.5
HNLK,0,1,1,0.0
HNLL,2,1,3,0.67
HNLM,4,6,10,0.4
HNLN,7,5,12,0.58
HNLP,6,5,11,0.55
HNLS,4,6,10,0.4
HNLb,6,5,11,0.55
HNLh,2,1,3,0.67
HNLj,2,2,4,0.5
HNLl,2,4,6,0.33
HNLm,8,7,15,0.53
HNLn,10,6,16,0.62
HNLs,2,5,7,0.29
HNLt,2,1,3,0.67
HNMB,21,28,49,0.43
HNMD,5,1,6,0.83
HNMH,0,0,0,
HNMK,0,1,1,0.0
HNML,5,8,13,0.38
HNMM,15,30,45,0.33
HNMN,34,26,60,0.57
HNMP,21,26,47,0.45
HNMS,8,17,25,0.32
HNMb,20,16,36,0.56
HNMh,16,17,33,0.48
HNMj,9,3,12,0.75
HNMl,10,10,20,0.5
HNMm,32,30,62,0.52
HNMn,39,38,77,0.51
HNMs,12,17,29,0.41
HNMt,6,4,10,0.6
HNNB,19,22,41,0.46
HNND,7,5,12,0.58
HNNH,7,7,14,0.5
HNNI,0,0,0,
HNNK,1,6,7,0.14
HNNL,3,6,9,0.33
HNNM,28,28,56,0.5
HNNN,21,35,56,0.38
HNNP,24,24,48,0.5
HNNS,26,27,53,0.49
HNNb,10,17,27,0.37
HNNh,10,10,20,0.5
HNNl,8,7,15,0.53
HNNm,36,29,65,0.55
HNNn,36,45,81,0.44
HNNs,33,26,59,0.56
HNNt,7,6,13,0.54
HNPB,23,22,45,0.51
HNPD,3,2,5,0.6
HNPH,8,9,17,0.47
HNPI,5,5,10,0.5
HNPK,2,5,7,0.29
HNPL,10,13,23,0.43
HNPM,25,40,65,0.38
HNPN,38,36,74,0.51
HNPP,45,38,83,0.54
HNPS,22,33,55,0.4
HNPb,21,21,42,0.5
HNPh,6,1,7,0.86
HNPl,7,10,17,0.41
HNPm,38,27,65,0.58
HNPn,24,26,50,0.48
HNPs,14,24,38,0.37
HNPt,2,3,5,0.4
HNSB,20,26,46,0.43
HNSD,2,6,8,0.25
HNSH,9,8,17,0.53
HNSI,2,1,3,0.67
HNSL,9,6,15,0.6
HNSM,29,31,60,0.48
HNSN,24,19,43,0.56
HNSP,21,24,45,0.47
HNSS,22,30,52,0.42
HNSb,10,17,27,0.37
HNSh,8,7,15,0.53
HNSl,4,5,9,0.44
HNSm,25,24,49,0.51
HNSn,23,22,45,0.51
HNSs,32,25,57,0.56
HNSt,2,7,9,0.22
HNbB,12,11,23,0.52
HNbD,6,5,11,0.55
HNbH,3,10,13,0.23
HNbI,1,0,1,1.0
HNbJ,7,7,14,0.5
HNbK,2,2,4,0.5
HNbL,8,5,13,0.62
HNbM,11,19,30,0.37
HNbN,15,16,31,0.48
HNbP,16,15,31,0.52
HNbS,10,14,24,0.42
HNbb,18,20,38,0.47
HNbl,5,6,11,0.45
HNbm,23,9,32,0.72
HNbn,19,20,39,0.49
HNbs,12,12,24,0.5
HNhB,8,8,16,0.5
HNhH,2,4,6,0.33
HNhI,4,0,4,1.0
HNhK,0,1,1,0.0
HNhL,2,2,4,0.5
HNhM,12,10,22,0.55
HNhN,11,7,18,0.61
HNhP,10,7,17,0.59
HNhS,5,11,16,0.31
HNhb,7,4,11,0.64
HNhh,2,5,7,0.29
HNhl,3,3,6,0.5
HNhm,7,12,19,0.37
HNhn,10,7,17,0.59
HNhs,8,3,11,0.73
HNht,2,0,2,1.0
HNlB,3,6,9,0.33
HNlD,0,0,0,
HNlH,4,3,7,0.57
HNlI,2,1,3,0.67
HNlJ,2,3,5,0.4
HNlL,3,2,5,0.6
HNlM,4,12,16,0.25
HNlN,8,8,16,0.5
HNlP,5,8,13,0.38
HNlS,2,2,4,0.5
HNlb,9,8,17,0.53
HNll,1,2,3,0.33
HNlm,11,5,16,0.69
HNln,8,8,16,0.5
HNls,3,4,7,0.43
HNmB,21,18,39,0.54
HNmD,2,7,9,0.22
HNmH,27,24,51,0.53
HNmI,4,1,5,0.8
HNmJ,7,7,14,0.5
HNmL,4,9,13,0.31
HNmM,19,39,58,0.33
HNmN,29,23,52,0.56
HNmP,23,28,51,0.45
HNmS,17,23,40,0.42
HNmb,28,14,42,0.67
HNmh,0,1,1,0.0
HNml,8,10,18,0.44
HNmm,26,22,48,0.54
HNmn,28,20,48,0.58
HNms,13,19,32,0.41
HNnB,20,19,39,0.51
HNnD,2,3,5,0.4
HNnH,14,14,28,0.5
HNnI,5,3,8,0.62
HNnK,4,5,9,0.44
HNnL,8,7,15,0.53
HNnM,31,35,66,0.47
HNnN,35,40,75,0.47
HNnP,34,39,73,0.47
HNnS,23,32,55,0.42
HNnb,20,16,36,0.56
HNnh,2,2,4,0.5
HNnl,6,5,11,0.55
HNnm,25,22,47,0.53
HNnn,28,37,65,0.43
HNns,26,21,47,0.55
HNnt,1,0,1,1.0
HNsB,13,14,27,0.48
HNsD,3,5,8,0.38
HNsH,18,24,42,0.43
HNsI,1,6,7,0.14
HNsK,1,0,1,1.0
HNsL,4,4,8,0.5
HNsM,13,17,30,0.43
HNsN,29,20,49,0.59
HNsP,23,21,44,0.52
HNsS,35,39,74,0.47
HNsb,16,17,33,0.48
HNsh,3,2,5,0.6
HNsl,2,3,5,0.4
HNsm,29,20,49,0.59
HNsn,21,16,37,0.57
HNss,37,26,63,0.59
HNst,0,1,1,0.0
HNtB,2,6,8,0.25
HNtD,1,0,1,1.0
HNtH,1,5,6,0.17
HNtI,1,0,1,1.0
HNtL,4,0,4,1.0
HNtM,5,4,9,0.56
HNtN,5,3,8,0.62
HNtP,3,3,6,0.5
HNtS,5,3,8,0.62
HNtb,1,1,2,0.5
HNth,0,1,1,0.0
HNtl,2,2,4,0.5
HNtm,5,4,9,0.56
HNtn,7,0,7,1.0
HNts,1,2,3,0.33
HNtt,0,2,2,0.0
HPBB,20,16,36,0.56
HPBD,2,7,9,0.22
HPBK,2,3,5,0.4
HPBL,5,8,13,0.38
HPBM,10,23,33,0.3
HPBN,28,22,50,0.56
HPBP,24,21,45,0.53
HPBS,11,15,26,0.42
HPBb,22,18,40,0.55
HPBh,2,0,2,1.0
HPBj,7,4,11,0.64
HPBl,11,8,19,0.58
HPBm,27,23,50,0.54
HPBn,29,27,56,0.52
HPBs,11,13,24,0.46
HPBt,2,2,4,0.5
HPDB,2,3,5,0.4
HPDH,3,1,4,0.75
HPDK,1,0,1,1.0
HPDM,0,5,5,0.0
HPDN,1,2,3,0.33
HPDP,4,1,5,0.8
HPDS,3,4,7,0.43
HPDb,4,3,7,0.57
HPDl,1,2,3,0.33
HPDm,3,7,10,0.3
HPDn,4,0,4,1.0
HPDs,8,3,11,0.73
HPDt,1,0,1,1.0
HPHB,9,8,17,0.53
HPHD,0,3,3,0.0
HPHH,3,2,5,0.6
HPHI,2,2,4,0.5
HPHK,0,2,2,0.0
HPHL,7,2,9,0.78
HPHM,10,7,17,0.59
HPHN,8,8,16,0.5
HPHP,11,12,23,0.48
HPHS,12,10,22,0.55
HPHb,7,5,12,0.58
HPHh,1,5,6,0.17
HPHl,3,5,8,0.38
HPHm,13,7,20,0.65
HPHn,9,16,25,0.36
HPHs,5,12,17,0.29
HPHt,0,1,1,0.0
HPIB,4,2,6,0.67
HPID,1,0,1,1.0
HPIH,2,0,2,1.0
HPII,2,0,2,1.0
HPIK,1,1,2,0.5
HPIL,1,1,2,0.5
HPIM,1,7,8,0.12
HPIN,5,4,9,0.56
HPIP,4,4,8,0.5
HPIS,3,4,7,0.43
HPIb,8,1,9,0.89
HPIh,0,1,1,0.0
HPIl,3,0,3,1.0
HPIm,3,1,4,0.75
HPIn,7,0,7,1.0
HPIs,3,3,6,0.5
HPKB,0,6,6,0.0
HPKD,0,0,0,
HPKL,0,1,1,0.0
HPKM,3,4,7,0.43
HPKN,3,1,4,0.75
HPKP,4,3,7,0.57
HPKS,3,4,7,0.43
HPKb,4,3,7,0.57
HPKh,0,6,6,0.0
HPKl,1,3,4,0.25
HPKm,5,2,7,0.71
HPKn,4,2,6,0.67
HPKs,3,5,8,0.38
HPKt,1,1,2,0.5
HPLB,8,9,17,0.47
HPLD,1,1,2,0.5
HPLI,0,0,0,
HPLK,1,2,3,0.33
HPLL,1,3,4,0.25
HPLM,10,11,21,0.48
HPLN,9,7,16,0.56
HPLP,6,11,17,0.35
HPLS,8,8,16,0.5
HPLb,5,3,8,0.62
HPLh,2,2,4,0.5
HPLj,1,0,1,1.0
HPLl,4,1,5,0.8
HPLm,12,7,19,0.63
HPLn,12,11,23,0.52
HPLs,13,11,24,0.54
HPLt,2,0,2,1.0
HPMB,29,30,59,0.49
HPMD,4,5,9,0.44
HPMK,0,2,2,0.0
HPML,4,9,13,0.31
HPMM,34,31,65,0.52
HPMN,19,26,45,0.42
HPMP,28,36,64,0.44
HPMS,20,22,42,0.48
HPMb,20,18,38,0.53
HPMh,21,22,43,0.49
HPMj,2,2,4,0.5
HPMl,15,9,24,0.62
HPMm,37,31,68,0.54
HPMn,33,40,73,0.45
HPMs,30,28,58,0.52
HPMt,2,3,5,0.4
HPNB,25,17,42,0.6
HPND,5,3,8,0.62
HPNH,3,2,5,0.6
HPNK,1,0,1,1.0
HPNL,15,8,23,0.65
HPNM,17,31,48,0.35
HPNN,28,27,55,0.51
HPNP,34,27,61,0.56
HPNS,30,19,49,0.61
HPNb,19,18,37,0.51
HPNh,11,6,17,0.65
HPNl,8,12,20,0.4
HPNm,31,31,62,0.5
HPNn,35,29,64,0.55
HPNs,23,12,35,0.66
HPNt,8,5,13,0.62
HPPB,22,29,51,0.43
HPPD,1,0,1,1.0
HPPH,9,4,13,0.69
HPPI,2,3,5,0.4
HPPK,4,6,10,0.4
HPPL,14,18,32,0.44
HPPM,32,47,79,0.41
HPPN,23,20,43,0.53
HPPP,39,32,71,0.55
HPPS,31,42,73,0.42
HPPb,36,28,64,0.56
HPPh,6,5,11,0.55
HPPl,17,16,33,0.52
HPPm,33,28,61,0.54
HPPn,22,25,47,0.47
HPPs,26,21,47,0.55
HPPt,5,2,7,0.71
HPSB,17,23,40,0.42
HPSD,3,5,8,0.38
HPSH,8,10,18,0.44
HPSI,5,1,6,0.83
HPSK,1,1,2,0.5
HPSL,5,9,14,0.36
HPSM,23,34,57,0.4
HPSN,25,17,42,0.6
HPSP,20,12,32,0.62
HPSS,26,41,67,0.39
HPSb,7,15,22,0.32
HPSh,14,13,27,0.52
HPSl,13,8,21,0.62
HPSm,33,27,60,0.55
HPSn,20,20,40,0.5
HPSs,33,28,61,0.54
HPSt,4,4,8,0.5
HPbB,28,15,43,0.65
HPbD,2,3,5,0.4
HPbH,6,6,12,0.5
HPbI,3,3,6,0.5
HPbJ,4,4,8,0.5
HPbK,2,2,4,0.5
HPbL,8,8,16,0.5
HPbM,19,27,46,0.41
HPbN,27,27,54,0.5
HPbP,21,17,38,0.55
HPbS,10,10,20,0.5
HPbb,23,20,43,0.53
HPbl,12,8,20,0.6
HPbm,32,15,47,0.68
HPbn,15,13,28,0.54
HPbs,9,5,14,0.64
HPhB,3,1,4,0.75
HPhD,0,1,1,0.0
HPhH,0,2,2,0.0
HPhK,0,0,0,
HPhL,0,1,1,0.0
HPhM,4,1,5,0.8
HPhN,4,5,9,0.44
HPhP,5,3,8,0.62
HPhS,6,9,15,0.4
HPhb,4,1,5,0.8
HPhh,1,4,5,0.2
HPhl,0,1,1,0.0
HPhm,2,5,7,0.29
HPhn,4,3,7,0.57
HPhs,5,5,10,0.5
HPht,2,1,3,0.67
HPlB,8,14,22,0.36
HPlD,1,1,2,0.5
HPlH,7,8,15,0.47
HPlI,2,1,3,0.67
HPlJ,2,2,4,0.5
HPlK,1,0,1,1.0
HPlL,3,3,6,0.5
HPlM,6,12,18,0.33
HPlN,2,10,12,0.17
HPlP,14,6,20,0.7
HPlS,8,3,11,0.73
HPlb,6,9,15,0.4
HPll,4,3,7,0.57
HPlm,12,13,25,0.48
HPln,4,4,8,0.5
HPls,12,5,17,0.71
HPmB,30,25,55,0.55
HPmD,4,7,11,0.36
HPmH,21,21,42,0.5
HPmI,7,0,7,1.0
HPmJ,6,12,18,0.33
HPmK,1,0,1,1.0
HPmL,10,15,25,0.4
HPmM,36,40,76,0.47
HPmN,30,28,58,0.52
HPmP,35,33,68,0.51
HPmS,22,19,41,0.54
HPmb,30,27,57,0.53
HPml,12,13,25,0.48
HPmm,31,24,55,0.56
HPmn,19,16,35,0.54
HPms,23,12,35,0.66
HPmt,0,1,1,0.0
HPnB,9,17,26,0.35
HPnD,4,3,7,0.57
HPnH,10,7,17,0.59
HPnI,4,2,6,0.67
HPnK,2,2,4,0.5
HPnL,7,11,18,0.39
HPnM,14,31,45,0.31
HPnN,29,26,55,0.53
HPnP,29,33,62,0.47
HPnS,13,18,31,0.42
HPnb,16,20,36,0.44
HPnl,8,8,16,0.5
HPnm,31,22,53,0.58
HPnn,20,19,39,0.51
HPns,25,17,42,0.6
HPnt,0,2,2,0.0
HPsB,19,14,33,0.58
HPsD,5,2,7,0.71
HPsH,15,22,37,0.41
HPsI,1,5,6,0.17
HPsK,3,1,4,0.75
HPsL,8,8,16,0.5
HPsM,28,32,60,0.47
HPsN,25,15,40,0.62
HPsP,29,28,57,0.51
HPsS,28,27,55,0.51
HPsb,22,16,38,0.58
HPsh,3,0,3,1.0
HPsl,11,9,20,0.55
HPsm,26,23,49,0.53
HPsn,8,16,24,0.33
HPss,29,21,50,0.58
HPst,1,0,1,1.0
HPtB,2,2,4,0.5
HPtH,1,0,1,1.0
HPtK,0,1,1,0.0
HPtL,0,1,1,0.0
HPtM,4,6,10,0.4
HPtN,3,5,8,0.38
HPtP,5,6,11,0.45
HPtS,2,1,3,0.67
HPtb,1,4,5,0.2
HPtl,0,2,2,0.0
HPtm,3,3,6,0.5
HPtn,0,3,3,0.0
HPts,3,2,5,0.6
HPtt,1,0,1,1.0
HSBB,16,13,29,0.55
HSBD,3,3,6,0.5
HSBH,1,0,1,1.0
HSBK,3,5,8,0.38
HSBL,2,6,8,0.25
HSBM,12,23,35,0.34
HSBN,16,20,36,0.44
HSBP,17,13,30,0.57
HSBS,11,11,22,0.5
HSBb,10,10,20,0.5
HSBh,5,1,6,0.83
HSBj,0,4,4,0.0
HSBl,5,4,9,0.56
HSBm,21,22,43,0.49
HSBn,18,16,34,0.53
HSBs,16,17,33,0.48
HSBt,4,2,6,0.67
HSDB,3,0,3,1.0
HSDD,3,0,3,1.0
HSDH,4,1,5,0.8
HSDI,1,0,1,1.0
HSDK,0,0,0,
HSDL,2,1,3,0.67
HSDM,7,3,10,0.7
HSDN,3,2,5,0.6
HSDP,3,4,7,0.43
HSDS,6,8,14,0.43
HSDb,3,4,7,0.43
HSDh,0,0,0,
HSDl,3,0,3,1.0
HSDm,3,7,10,0.3
HSDn,5,5,10,0.5
HSDs,3,0,3,1.0
HSDt,1,0,1,1.0
HSHB,2,6,8,0.25
HSHD,0,2,2,0.0
HSHH,2,7,9,0.22
HSHI,3,3,6,0.5
HSHK,1,1,2,0.5
HSHL,4,7,11,0.36
HSHM,20,14,34,0.59
HSHN,9,12,21,0.43
HSHP,9,11,20,0.45
HSHS,13,18,31,0.42
HSHb,8,7,15,0.53
HSHh,1,6,7,0.14
HSHl,4,4,8,0.5
HSHm,17,13,30,0.57
HSHn,7,9,16,0.44
HSHs,11,10,21,0.52
HSHt,2,3,5,0.4
HSIB,1,2,3,0.33
HSIH,0,1,1,0.0
HSIK,0,1,1,0.0
HSIM,4,2,6,0.67
HSIN,0,1,1,0.0
HSIP,0,0,0,
HSIS,0,2,2,0.0
HSIb,2,0,2,1.0
HSIh,0,1,1,0.0
HSIm,2,2,4,0.5
HSIn,0,1,1,0.0
HSKB,0,1,1,0.0
HSKL,0,0,0,
HSKM,0,1,1,0.0
HSKN,1,0,1,1.0
HSKP,2,0,2,1.0
HSKS,1,1,2,0.5
HSKb,0,3,3,0.0
HSKh,2,1,3,0.67
HSKl,0,1,1,0.0
HSKm,0,1,1,0.0
HSKs,1,1,2,0.5
HSLB,8,2,10,0.8
HSLD,2,1,3,0.67
HSLH,0,0,0,
HSLK,0,0,0,
HSLL,3,3,6,0.5
HSLM,7,8,15,0.47
HSLN,12,8,20,0.6
HSLP,6,8,14,0.43
HSLS,10,5,15,0.67
HSLb,4,5,9,0.44
HSLh,1,2,3,0.33
HSLj,3,1,4,0.75
HSLl,6,4,10,0.6
HSLm,13,5,18,0.72
HSLn,9,12,21,0.43
HSLs,3,3,6,0.5
HSLt,0,1,1,0.0
HSMB,29,26,55,0.53
HSMD,7,3,10,0.7
HSMH,1,0,1,1.0
HSMI,0,1,1,0.0
HSMK,0,3,3,0.0
HSML,9,9,18,0.5
HSMM,27,33,60,0.45
HSMN,23,32,55,0.42
HSMP,32,22,54,0.59
HSMS,20,31,51,0.39
HSMb,15,19,34,0.44
HSMh,14,23,37,0.38
HSMj,4,2,6,0.67
HSMl,9,6,15,0.6
HSMm,40,33,73,0.55
HSMn,33,22,55,0.6
HSMs,15,20,35,0.43
HSMt,1,6,7,0.14
HSNB,12,14,26,0.46
HSND,6,3,9,0.67
HSNH,3,4,7,0.43
HSNK,3,1,4,0.75
HSNL,6,5,11,0.55
HSNM,12,23,35,0.34
HSNN,31,24,55,0.56
HSNP,15,22,37,0.41
HSNS,29,17,46,0.63
HSNb,13,9,22,0.59
HSNh,6,6,12,0.5
HSNl,2,3,5,0.4
HSNm,20,20,40,0.5
HSNn,17,11,28,0.61
HSNs,23,25,48,0.48
HSNt,3,2,5,0.6
HSPB,14,17,31,0.45
HSPD,5,1,6,0.83
HSPH,4,7,11,0.36
HSPI,2,2,4,0.5
HSPK,3,2,5,0.6
HSPL,10,13,23,0.43
HSPM,20,22,42,0.48
HSPN,26,21,47,0.55
HSPP,27,28,55,0.49
HSPS,16,32,48,0.33
HSPb,10,19,29,0.34
HSPh,3,5,8,0.38
HSPl,6,5,11,0.55
HSPm,24,25,49,0.49
HSPn,29,10,39,0.74
HSPs,26,16,42,0.62
HSPt,3,4,7,0.43
HSSB,22,23,45,0.49
HSSD,14,6,20,0.7
HSSH,20,20,40,0.5
HSSI,2,1,3,0.67
HSSK,2,2,4,0.5
HSSL,13,9,22,0.59
HSSM,44,36,80,0.55
HSSN,35,31,66,0.53
HSSP,29,25,54,0.54
HSSS,77,88,165,0.47
HSSb,11,22,33,0.33
HSSh,14,18,32,0.44
HSSl,14,11,25,0.56
HSSm,44,36,80,0.55
HSSn,32,38,70,0.46
HSSs,56,60,116,0.48
HSSt,10,6,16,0.62
HSbB,14,12,26,0.54
HSbD,4,2,6,0.67
HSbH,3,1,4,0.75
HSbI,2,0,2,1.0
HSbJ,5,4,9,0.56
HSbK,1,1,2,0.5
HSbL,1,3,4,0.25
HSbM,11,27,38,0.29
HSbN,23,12,35,0.66
HSbP,14,16,30,0.47
HSbS,14,8,22,0.64
HSbb,15,14,29,0.52
HSbl,6,6,12,0.5
HSbm,13,13,26,0.5
HSbn,7,9,16,0.44
HSbs,16,6,22,0.73
HShB,8,10,18,0.44
HShD,1,1,2,0.5
HShH,4,2,6,0.67
HShI,3,5,8,0.38
HShK,1,2,3,0.33
HShL,3,8,11,0.27
HShM,20,21,41,0.49
HShN,15,10,25,0.6
HShP,15,8,23,0.65
HShS,24,12,36,0.67
HShb,6,10,16,0.38
HShh,7,11,18,0.39
HShl,2,4,6,0.33
HShm,15,17,32,0.47
HShn,12,15,27,0.44
HShs,23,18,41,0.56
HSht,2,1,3,0.67
HSlB,7,5,12,0.58
HSlD,0,2,2,0.0
HSlH,4,6,10,0.4
HSlJ,0,0,0,
HSlK,1,0,1,1.0
HSlL,4,1,5,0.8
HSlM,5,9,14,0.36
HSlN,5,10,15,0.33
HSlP,9,8,17,0.53
HSlS,5,11,16,0.31
HSlb,8,3,11,0.73
HSll,4,3,7,0.57
HSlm,7,11,18,0.39
HSln,7,3,10,0.7
HSls,7,5,12,0.58
HSmB,18,14,32,0.56
HSmD,6,5,11,0.55
HSmH,25,18,43,0.58
HSmI,3,4,7,0.43
HSmJ,7,5,12,0.58
HSmL,8,4,12,0.67
HSmM,33,27,60,0.55
HSmN,31,30,61,0.51
HSmP,18,15,33,0.55
HSmS,34,31,65,0.52
HSmb,23,30,53,0.43
HSml,9,8,17,0.53
HSmm,28,26,54,0.52
HSmn,23,18,41,0.56
HSms,29,17,46,0.63
HSnB,10,16,26,0.38
HSnD,2,3,5,0.4
HSnH,15,15,30,0.5
HSnI,2,6,8,0.25
HSnK,1,1,2,0.5
HSnL,7,13,20,0.35
HSnM,21,30,51,0.41
HSnN,37,26,63,0.59
HSnP,22,34,56,0.39
HSnS,33,39,72,0.46
HSnb,18,22,40,0.45
HSnh,1,1,2,0.5
HSnl,6,5,11,0.55
HSnm,30,17,47,0.64
HSnn,21,22,43,0.49
HSns,21,22,43,0.49
HSnt,1,1,2,0.5
HSsB,9,17,26,0.35
HSsD,10,6,16,0.62
HSsH,42,32,74,0.57
HSsI,6,4,10,0.6
HSsK,4,0,4,1.0
HSsL,10,10,20,0.5
HSsM,40,38,78,0.51
HSsN,30,26,56,0.54
HSsP,22,31,53,0.42
HSsS,71,60,131,0.54
HSsb,17,14,31,0.55
HSsh,2,1,3,0.67
HSsl,9,12,21,0.43
HSsm,31,38,69,0.45
HSsn,26,14,40,0.65
HSss,59,59,118,0.5
HSst,0,1,1,0.0
HStB,5,3,8,0.62
HStH,2,6,8,0.25
HStI,1,0,1,1.0
HStL,0,2,2,0.0
HStM,3,3,6,0.5
HStN,2,9,11,0.18
HStP,6,5,11,0.55
HStS,6,5,11,0.55
HStb,2,2,4,0.5
HStl,0,1,1,0.0
HStm,5,3,8,0.62
HStn,4,6,10,0.4
HSts,12,1,13,0.92
HbBB,19,14,33,0.58
HbBD,1,1,2,0.5
HbBH,1,0,1,1.0
HbBK,2,1,3,0.67
HbBL,1,5,6,0.17
HbBM,11,18,29,0.38
HbBN,18,16,34,0.53
HbBP,20,22,42,0.48
HbBS,12,12,24,0.5
HbBb,12,14,26,0.46
HbBh,2,0,2,1.0
HbBj,5,2,7,0.71
HbBl,2,5,7,0.29
HbBm,21,15,36,0.58
HbBn,20,21,41,0.49
HbBs,14,7,21,0.67
HbBt,4,4,8,0.5
HbDB,2,1,3,0.67
HbDD,0,0,0,
HbDH,0,1,1,0.0
HbDL,0,1,1,0.0
HbDM,2,7,9,0.22
HbDN,1,5,6,0.17
HbDP,1,2,3,0.33
HbDS,5,3,8,0.62
HbDb,0,1,1,0.0
HbDm,1,1,2,0.5
HbDn,3,2,5,0.6
HbDs,0,1,1,0.0
HbHB,5,1,6,0.83
HbHD,0,1,1,0.0
HbHH,1,0,1,1.0
HbHK,0,1,1,0.0
HbHL,3,3,6,0.5
HbHM,6,5,11,0.55
HbHN,3,6,9,0.33
HbHP,7,9,16,0.44
HbHS,4,4,8,0.5
HbHb,7,1,8,0.88
HbHh,6,4,10,0.6
HbHl,1,0,1,1.0
HbHm,7,7,14,0.5
HbHn,5,4,9,0.56
HbHs,8,0,8,1.0
HbIB,1,2,3,0.33
HbIH,3,1,4,0.75
HbIM,1,1,2,0.5
HbIN,1,2,3,0.33
HbIP,5,3,8,0.62
HbIS,1,0,1,1.0
HbIb,6,1,7,0.86
HbIl,1,1,2,0.5
HbIm,3,0,3,1.0
HbIn,0,2,2,0.0
HbIs,0,1,1,0.0
HbJB,6,2,8,0.75
HbJD,1,0,1,1.0
HbJH,1,0,1,1.0
HbJI,0,2,2,0.0
HbJK,1,0,1,1.0
HbJL,3,1,4,0.75
HbJM,7,9,16,0.44
HbJN,5,8,13,0.38
HbJP,5,6,11,0.45
HbJS,7,6,13,0.54
HbJb,6,2,8,0.75
HbJh,1,1,2,0.5
HbJm,6,3,9,0.67
HbJn,2,4,6,0.33
HbJs,4,4,8,0.5
HbJt,2,2,4,0.5
HbKB,2,5,7,0.29
HbKD,1,0,1,1.0
HbKH,0,0,0,
HbKL,1,3,4,0.25
HbKM,1,0,1,1.0
HbKN,0,1,1,0.0
HbKP,5,3,8,0.62
HbKS,2,0,2,1.0
HbKb,1,2,3,0.33
HbKh,2,3,5,0.4
HbKl,0,0,0,
HbKm,4,3,7,0.57
HbKn,0,1,1,0.0
HbKs,4,1,5,0.8
HbLB,2,5,7,0.29
HbLD,0,1,1,0.0
HbLK,0,0,0,
HbLL,2,4,6,0.33
HbLM,2,4,6,0.33
HbLN,4,1,5,0.8
HbLP,4,7,11,0.36
HbLS,5,3,8,0.62
HbLb,3,7,10,0.3
HbLh,3,3,6,0.5
HbLj,1,1,2,0.5
HbLl,1,1,2,0.5
HbLm,4,5,9,0.44
HbLn,7,7,14,0.5
HbLs,7,2,9,0.78
HbLt,2,0,2,1.0
HbMB,10,25,35,0.29
HbMD,1,1,2,0.5
HbMH,0,2,2,0.0
HbMK,1,2,3,0.33
HbML,3,3,6,0.5
HbMM,20,23,43,0.47
HbMN,21,12,33,0.64
HbMP,18,20,38,0.47
HbMS,10,13,23,0.43
HbMb,14,22,36,0.39
HbMh,15,21,36,0.42
HbMj,3,6,9,0.33
HbMl,9,5,14,0.64
HbMm,25,20,45,0.56
HbMn,43,24,67,0.64
HbMs,16,17,33,0.48
HbMt,4,3,7,0.57
HbNB,21,24,45,0.47
HbND,3,7,10,0.3
HbNH,7,5,12,0.58
HbNK,8,0,8,1.0
HbNL,8,7,15,0.53
HbNM,16,23,39,0.41
HbNN,25,29,54,0.46
HbNP,25,28,53,0.47
HbNS,23,23,46,0.5
HbNb,17,19,36,0.47
HbNh,8,6,14,0.57
HbNl,7,5,12,0.58
HbNm,19,25,44,0.43
HbNn,23,20,43,0.53
HbNs,21,14,35,0.6
HbNt,4,4,8,0.5
HbPB,16,23,39,0.41
HbPD,1,3,4,0.25
HbPH,4,5,9,0.44
HbPI,3,1,4,0.75
HbPK,0,2,2,0.0
HbPL,7,10,17,0.41
HbPM,16,21,37,0.43
HbPN,18,17,35,0.51
HbPP,35,20,55,0.64
HbPS,18,11,29,0.62
HbPb,19,23,42,0.45
HbPh,1,2,3,0.33
HbPl,10,4,14,0.71
HbPm,27,13,40,0.68
HbPn,9,14,23,0.39
HbPs,11,12,23,0.48
HbPt,0,2,2,0.0
HbSB,5,8,13,0.38
HbSD,6,2,8,0.75
HbSH,5,3,8,0.62
HbSI,1,2,3,0.33
HbSL,2,4,6,0.33
HbSM,18,14,32,0.56
HbSN,5,11,16,0.31
HbSP,5,7,12,0.42
HbSS,14,22,36,0.39
HbSb,7,6,13,0.54
HbSh,10,7,17,0.59
HbSl,5,3,8,0.62
HbSm,16,11,27,0.59
HbSn,2,10,12,0.17
HbSs,10,10,20,0.5
HbSt,2,4,6,0.33
HbbB,18,19,37,0.49
HbbD,1,1,2,0.5
HbbH,1,4,5,0.2
HbbI,1,1,2,0.5
HbbJ,5,2,7,0.71
HbbK,2,1,3,0.67
HbbL,8,5,13,0.62
HbbM,23,27,50,0.46
HbbN,28,16,44,0.64
HbbP,28,28,56,0.5
HbbS,12,11,23,0.52
Hbbb,24,25,49,0.49
Hbbl,2,3,5,0.4
Hbbm,22,12,34,0.65
Hbbn,23,11,34,0.68
Hbbs,7,7,14,0.5
HbhS,1,0,1,1.0
Hbhn,1,0,1,1.0
HblB,4,5,9,0.44
HblD,1,0,1,1.0
HblH,9,3,12,0.75
HblI,2,1,3,0.67
HblL,1,1,2,0.5
HblM,8,4,12,0.67
HblN,8,6,14,0.57
HblP,1,1,2,0.5
HblS,5,4,9,0.56
Hblb,2,3,5,0.4
Hbll,3,1,4,0.75
Hblm,3,6,9,0.33
Hbln,6,9,15,0.4
Hbls,2,2,4,0.5
HbmB,13,15,28,0.46
HbmD,3,6,9,0.33
HbmH,11,10,21,0.52
HbmI,0,1,1,0.0
HbmJ,3,6,9,0.33
HbmL,11,4,15,0.73
HbmM,15,25,40,0.38
HbmN,26,19,45,0.58
HbmP,27,18,45,0.6
HbmS,10,11,21,0.48
Hbmb,18,17,35,0.51
Hbmh,0,1,1,0.0
Hbml,2,1,3,0.67
Hbmm,14,19,33,0.42
Hbmn,16,18,34,0.47
Hbms,8,5,13,0.62
HbnB,11,14,25,0.44
HbnD,2,1,3,0.67
HbnH,12,11,23,0.52
HbnI,1,2,3,0.33
HbnK,2,3,5,0.4
HbnL,7,6,13,0.54
HbnM,19,17,36,0.53
HbnN,16,22,38,0.42
HbnP,17,20,37,0.46
HbnS,9,12,21,0.43
Hbnb,13,15,28,0.46
Hbnh,0,0,0,
Hbnl,9,7,16,0.56
Hbnm,20,15,35,0.57
Hbnn,17,19,36,0.47
Hbns,11,14,25,0.44
Hbnt,0,1,1,0.0
HbsB,6,6,12,0.5
HbsD,1,0,1,1.0
HbsH,4,11,15,0.27
HbsI,2,2,4,0.5
HbsK,1,1,2,0.5
HbsL,3,0,3,1.0
HbsM,14,12,26,0.54
HbsN,9,8,17,0.53
HbsP,12,12,24,0.5
HbsS,17,8,25,0.68
Hbsb,7,8,15,0.47
Hbsh,2,2,4,0.5
Hbsl,3,2,5,0.6
Hbsm,10,9,19,0.53
Hbsn,12,4,16,0.75
Hbss,9,7,16,0.56
Hbtm,0,0,0,
HhBB,8,10,18,0.44
HhBD,1,0,1,1.0
HhBL,3,2,5,0.6
HhBM,8,9,17,0.47
HhBN,14,8,22,0.64
HhBP,8,9,17,0.47
HhBS,8,7,15,0.53
HhBb,6,4,10,0.6
HhBh,1,0,1,1.0
HhBj,1,3,4,0.25
HhBl,2,3,5,0.4
HhBm,11,10,21,0.52
HhBn,13,10,23,0.57
HhBs,6,6,12,0.5
HhBt,2,0,2,1.0
HhDD,0,1,1,0.0
HhDH,1,1,2,0.5
HhDL,1,0,1,1.0
HhDM,1,2,3,0.33
HhDN,2,2,4,0.5
HhDP,0,1,1,0.0
HhDS,1,1,2,0.5
HhDb,1,1,2,0.5
HhDh,0,1,1,0.0
HhDm,0,3,3,0.0
HhDn,0,1,1,0.0
HhDs,0,0,0,
HhHB,2,2,4,0.5
HhHH,1,0,1,1.0
HhHI,2,0,2,1.0
HhHK,0,1,1,0.0
HhHL,2,3,5,0.4
HhHM,10,2,12,0.83
HhHN,3,5,8,0.38
HhHP,6,3,9,0.67
HhHS,5,2,7,0.71
HhHb,0,1,1,0.0
HhHl,2,1,3,0.67
HhHm,2,7,9,0.22
HhHn,1,2,3,0.33
HhHs,3,3,6,0.5
HhIB,0,1,1,0.0
HhII,1,0,1,1.0
HhIK,0,1,1,0.0
HhIM,2,4,6,0.33
HhIN,1,1,2,0.5
HhIP,1,3,4,0.25
HhIS,1,0,1,1.0
HhIb,5,0,5,1.0
HhIl,1,0,1,1.0
HhIm,1,4,5,0.2
HhIn,0,2,2,0.0
HhIs,3,2,5,0.6
HhKL,0,1,1,0.0
HhKM,0,1,1,0.0
HhKS,0,1,1,0.0
HhKh,1,0,1,1.0
HhKm,1,1,2,0.5
HhKs,0,0,0,
HhLB,1,7,8,0.12
HhLD,0,0,0,
HhLK,1,1,2,0.5
HhLM,2,1,3,0.67
HhLN,4,5,9,0.44
HhLP,0,5,5,0.0
HhLS,4,4,8,0.5
HhLb,1,4,5,0.2
HhLh,2,1,3,0.67
HhLj,0,1,1,0.0
HhLl,0,3,3,0.0
HhLm,3,6,9,0.33
HhLn,6,3,9,0.67
HhLs,2,6,8,0.25
HhLt,0,1,1,0.0
HhMB,17,11,28,0.61
HhMD,2,0,2,1.0
HhML,3,3,6,0.5
HhMM,11,13,24,0.46
HhMN,7,15,22,0.32
HhMP,17,16,33,0.52
HhMS,8,8,16,0.5
HhMb,10,11,21,0.48
HhMh,11,12,23,0.48
HhMj,2,0,2,1.0
HhMl,8,4,12,0.67
HhMm,15,10,25,0.6
HhMn,16,19,35,0.46
HhMs,6,10,16,0.38
HhMt,2,1,3,0.67
HhNB,4,5,9,0.44
HhND,3,1,4,0.75
HhNH,2,2,4,0.5
HhNK,1,1,2,0.5
HhNL,1,0,1,1.0
HhNM,4,9,13,0.31
HhNN,15,8,23,0.65
HhNP,8,10,18,0.44
HhNS,11,15,26,0.42
HhNb,2,3,5,0.4
HhNh,3,4,7,0.43
HhNl,3,2,5,0.6
HhNm,16,12,28,0.57
HhNn,8,9,17,0.47
HhNs,6,6,12,0.5
HhNt,1,1,2,0.5
HhPB,13,10,23,0.57
HhPD,3,2,5,0.6
HhPH,4,2,6,0.67
HhPK,1,3,4,0.25
HhPL,2,1,3,0.67
HhPM,8,21,29,0.28
HhPN,12,19,31,0.39
HhPP,14,13,27,0.52
HhPS,9,9,18,0.5
HhPb,6,18,24,0.25
HhPh,4,5,9,0.44
HhPl,2,3,5,0.4
HhPm,19,16,35,0.54
HhPn,7,13,20,0.35
HhPs,9,11,20,0.45
HhPt,2,4,6,0.33
HhSB,11,8,19,0.58
HhSD,0,1,1,0.0
HhSH,4,8,12,0.33
HhSI,1,2,3,0.33
HhSK,0,1,1,0.0
HhSL,2,3,5,0.4
HhSM,14,18,32,0.44
HhSN,6,11,17,0.35
HhSP,8,13,21,0.38
HhSS,26,12,38,0.68
HhSb,10,11,21,0.48
HhSh,6,7,13,0.46
HhSl,2,3,5,0.4
HhSm,21,12,33,0.64
HhSn,8,9,17,0.47
HhSs,10,17,27,0.37
HhSt,3,1,4,0.75
HhbB,3,9,12,0.25
HhbD,0,1,1,0.0
HhbH,2,0,2,1.0
HhbI,1,1,2,0.5
HhbJ,1,2,3,0.33
HhbK,1,0,1,1.0
HhbL,1,2,3,0.33
HhbM,6,19,25,0.24
HhbN,16,8,24,0.67
HhbP,6,10,16,0.38
HhbS,6,4,10,0.6
Hhbb,4,9,13,0.31
Hhbm,8,10,18,0.44
Hhbn,10,9,19,0.53
Hhbs,6,5,11,0.55
Hhbt,1,0,1,1.0
HhhB,6,7,13,0.46
HhhH,1,6,7,0.14
HhhI,1,2,3,0.33
HhhK,0,0,0,
HhhL,0,5,5,0.0
HhhM,6,9,15,0.4
HhhN,12,6,18,0.67
HhhP,6,7,13,0.46
HhhS,10,15,25,0.4
Hhhb,5,8,13,0.38
Hhhh,4,3,7,0.57
Hhhl,4,2,6,0.67
Hhhm,9,8,17,0.53
Hhhn,6,8,14,0.43
Hhhs,12,6,18,0.67
Hhht,1,0,1,1.0
HhlB,1,3,4,0.25
HhlD,0,1,1,0.0
HhlH,2,3,5,0.4
HhlJ,3,2,5,0.6
HhlL,2,1,3,0.67
HhlM,10,4,14,0.71
HhlN,2,5,7,0.29
HhlP,3,2,5,0.6
HhlS,3,4,7,0.43
Hhlb,3,6,9,0.33
Hhll,1,2,3,0.33
Hhlm,7,3,10,0.7
Hhln,3,3,6,0.5
Hhls,4,5,9,0.44
HhmB,6,10,16,0.38
HhmD,2,3,5,0.4
HhmH,6,9,15,0.4
HhmI,3,0,3,1.0
HhmJ,1,2,3,0.33
HhmK,0,1,1,0.0
HhmL,2,1,3,0.67
HhmM,10,20,30,0.33
HhmN,11,15,26,0.42
HhmP,9,12,21,0.43
HhmS,8,11,19,0.42
Hhmb,14,15,29,0.48
Hhml,2,1,3,0.67
Hhmm,15,15,30,0.5
Hhmn,12,8,20,0.6
Hhms,10,12,22,0.45
HhnB,5,6,11,0.45
HhnD,1,1,2,0.5
HhnH,7,5,12,0.58
HhnI,1,1,2,0.5
HhnK,1,1,2,0.5
HhnL,4,4,8,0.5
HhnM,10,18,28,0.36
HhnN,8,10,18,0.44
HhnP,15,11,26,0.58
HhnS,7,8,15,0.47
Hhnb,10,9,19,0.53
Hhnh,0,0,0,
Hhnl,7,7,14,0.5
Hhnm,8,9,17,0.47
Hhnn,6,8,14,0.43
Hhns,6,12,18,0.33
Hhnt,0,1,1,0.0
HhsB,7,10,17,0.41
HhsD,3,0,3,1.0
HhsH,16,10,26,0.62
HhsI,5,2,7,0.71
HhsL,3,3,6,0.5
HhsM,13,14,27,0.48
HhsN,14,12,26,0.54
HhsP,10,12,22,0.45
HhsS,21,24,45,0.47
Hhsb,10,8,18,0.56
Hhsh,3,2,5,0.6
Hhsl,3,4,7,0.43
Hhsm,14,8,22,0.64
Hhsn,7,7,14,0.5
Hhss,12,10,22,0.55
HhtB,0,1,1,0.0
HhtH,0,2,2,0.0
HhtI,0,1,1,0.0
HhtK,0,0,0,
HhtL,0,1,1,0.0
HhtM,2,4,6,0.33
HhtN,0,2,2,0.0
HhtP,4,0,4,1.0
HhtS,3,1,4,0.75
Hhtb,1,1,2,0.5
Hhtl,2,0,2,1.0
Hhtm,1,3,4,0.25
Hhtn,1,0,1,1.0
Hhts,1,1,2,0.5
HlBB,4,6,10,0.4
HlBD,0,1,1,0.0
HlBK,1,0,1,1.0
HlBL,1,0,1,1.0
HlBM,8,10,18,0.44
HlBN,7,8,15,0.47
HlBP,5,6,11,0.45
HlBS,4,5,9,0.44
HlBb,12,4,16,0.75
HlBh,0,1,1,0.0
HlBj,2,2,4,0.5
HlBl,3,7,10,0.3
HlBm,6,5,11,0.55
HlBn,11,8,19,0.58
HlBs,7,5,12,0.58
HlBt,0,1,1,0.0
HlDB,1,0,1,1.0
HlDH,0,1,1,0.0
HlDL,1,0,1,1.0
HlDM,2,2,4,0.5
HlDN,2,0,2,1.0
HlDP,2,1,3,0.67
HlDS,1,0,1,1.0
HlDb,0,2,2,0.0
HlDm,0,1,1,0.0
HlDn,1,0,1,1.0
HlDs,0,1,1,0.0
HlHB,5,2,7,0.71
HlHD,1,0,1,1.0
HlHH,0,1,1,0.0
HlHI,1,0,1,1.0
HlHL,3,0,3,1.0
HlHM,4,11,15,0.27
HlHN,1,6,7,0.14
HlHP,7,4,11,0.64
HlHS,3,4,7,0.43
HlHb,2,3,5,0.4
HlHh,2,2,4,0.5
HlHl,1,1,2,0.5
HlHm,7,2,9,0.78
HlHn,3,1,4,0.75
HlHs,3,4,7,0.43
HlHt,1,0,1,1.0
HlIH,1,0,1,1.0
HlIM,0,1,1,0.0
HlIN,0,2,2,0.0
HlIP,0,2,2,0.0
HlIS,1,0,1,1.0
HlIb,0,1,1,0.0
HlIh,1,0,1,1.0
HlIm,1,0,1,1.0
HlIn,2,0,2,1.0
HlIs,1,1,2,0.5
HlJB,2,5,7,0.29
HlJH,0,0,0,
HlJI,1,0,1,1.0
HlJK,1,0,1,1.0
HlJL,1,1,2,0.5
HlJM,2,7,9,0.22
HlJN,2,1,3,0.67
HlJP,6,2,8,0.75
HlJS,0,2,2,0.0
HlJb,1,2,3,0.33
HlJl,0,1,1,0.0
HlJm,2,1,3,0.67
HlJn,1,0,1,1.0
HlJs,2,1,3,0.67
HlJt,0,1,1,0.0
HlKB,0,1,1,0.0
HlKM,0,0,0,
HlKP,2,0,2,1.0
HlKm,0,2,2,0.0
HlKn,0,1,1,0.0
HlKs,1,0,1,1.0
HlLD,0,1,1,0.0
HlLL,2,0,2,1.0
HlLM,6,2,8,0.75
HlLN,2,2,4,0.5
HlLP,7,4,11,0.64
HlLS,0,3,3,0.0
HlLb,0,2,2,0.0
HlLh,2,1,3,0.67
HlLj,1,0,1,1.0
HlLl,1,0,1,1.0
HlLm,3,5,8,0.38
HlLn,5,6,11,0.45
HlLs,2,2,4,0.5
HlMB,8,4,12,0.67
HlMD,1,3,4,0.25
HlML,3,2,5,0.6
HlMM,8,12,20,0.4
HlMN,10,12,22,0.45
HlMP,12,11,23,0.52
HlMS,6,12,18,0.33
HlMb,8,5,13,0.62
HlMh,3,7,10,0.3
HlMj,1,1,2,0.5
HlMl,2,1,3,0.67
HlMm,9,6,15,0.6
HlMn,17,7,24,0.71
HlMs,7,4,11,0.64
HlMt,2,1,3,0.67
HlNB,8,9,17,0.47
HlND,0,1,1,0.0
HlNH,1,2,3,0.33
HlNK,1,1,2,0.5
HlNL,6,1,7,0.86
HlNM,8,9,17,0.47
HlNN,10,8,18,0.56
HlNP,12,7,19,0.63
HlNS,5,6,11,0.45
HlNb,5,9,14,0.36
HlNh,1,2,3,0.33
HlNl,2,2,4,0.5
HlNm,5,12,17,0.29
HlNn,12,8,20,0.6
HlNs,5,6,11,0.45
HlNt,1,0,1,1.0
HlPB,13,8,21,0.62
HlPD,1,0,1,1.0
HlPH,5,3,8,0.62
HlPI,0,3,3,0.0
HlPK,0,1,1,0.0
HlPL,1,4,5,0.2
HlPM,7,9,16,0.44
HlPN,5,4,9,0.56
HlPP,11,8,19,0.58
HlPS,4,3,7,0.57
HlPb,4,4,8,0.5
HlPh,1,4,5,0.2
HlPl,4,1,5,0.8
HlPm,12,8,20,0.6
HlPn,4,5,9,0.44
HlPs,9,10,19,0.47
HlSB,4,4,8,0.5
HlSD,1,1,2,0.5
HlSH,1,1,2,0.5
HlSL,1,1,2,0.5
HlSM,6,12,18,0.33
HlSN,7,8,15,0.47
HlSP,6,5,11,0.55
HlSS,7,12,19,0.37
HlSb,4,4,8,0.5
HlSh,3,2,5,0.6
HlSl,1,4,5,0.2
HlSm,4,7,11,0.36
HlSn,8,5,13,0.62
HlSs,9,3,12,0.75
HlSt,1,0,1,1.0
HlbB,16,11,27,0.59
HlbD,1,2,3,0.33
HlbH,1,3,4,0.25
HlbI,2,1,3,0.67
HlbJ,3,0,3,1.0
HlbK,0,0,0,
HlbL,3,4,7,0.43
HlbM,7,4,11,0.64
HlbN,3,10,13,0.23
HlbP,5,6,11,0.45
HlbS,1,2,3,0.33
Hlbb,13,6,19,0.68
Hlbl,2,3,5,0.4
Hlbm,9,8,17,0.53
Hlbn,8,3,11,0.73
Hlbs,1,2,3,0.33
HlhM,1,1,2,0.5
HllB,5,4,9,0.56
HllH,5,0,5,1.0
HllJ,0,2,2,0.0
HllL,0,3,3,0.0
HllM,1,3,4,0.25
HllN,3,1,4,0.75
HllP,2,0,2,1.0
HllS,2,2,4,0.5
Hllb,6,5,11,0.55
Hlll,2,1,3,0.67
Hllm,2,1,3,0.67
Hlln,1,2,3,0.33
Hlls,0,1,1,0.0
HlmB,11,5,16,0.69
HlmD,2,1,3,0.67
HlmH,4,6,10,0.4
HlmI,1,1,2,0.5
HlmJ,3,2,5,0.6
HlmK,1,1,2,0.5
HlmL,1,3,4,0.25
HlmM,5,12,17,0.29
HlmN,4,6,10,0.4
HlmP,5,11,16,0.31
HlmS,4,2,6,0.67
Hlmb,2,4,6,0.33
Hlml,1,0,1,1.0
Hlmm,9,3,12,0.75
Hlmn,5,8,13,0.38
Hlms,2,5,7,0.29
HlnB,6,7,13,0.46
HlnD,0,1,1,0.0
HlnH,1,8,9,0.11
HlnI,2,1,3,0.67
HlnK,1,2,3,0.33
HlnL,0,4,4,0.0
HlnM,6,7,13,0.46
HlnN,6,6,12,0.5
HlnP,5,8,13,0.38
HlnS,6,5,11,0.55
Hlnb,3,4,7,0.43
Hlnh,1,0,1,1.0
Hlnl,1,2,3,0.33
Hlnm,10,5,15,0.67
Hlnn,3,4,7,0.43
Hlns,9,3,12,0.75
Hlnt,0,0,0,
HlsB,1,2,3,0.33
HlsD,1,0,1,1.0
HlsH,5,3,8,0.62
HlsI,1,2,3,0.33
HlsK,0,1,1,0.0
HlsL,0,4,4,0.0
HlsM,2,2,4,0.5
HlsN,4,3,7,0.57
HlsP,5,10,15,0.33
HlsS,9,5,14,0.64
Hlsb,8,5,13,0.62
Hlsh,0,1,1,0.0
Hlsl,1,1,2,0.5
Hlsm,5,4,9,0.56
Hlsn,2,3,5,0.4
Hlss,6,7,13,0.46
HmBB,14,16,30,0.47
HmBD,3,7,10,0.3
HmBH,2,0,2,1.0
HmBK,2,4,6,0.33
HmBL,2,6,8,0.25
HmBM,22,22,44,0.5
HmBN,25,36,61,0.41
HmBP,14,18,32,0.44
HmBS,14,18,32,0.44
HmBb,25,18,43,0.58
HmBh,3,3,6,0.5
HmBj,4,3,7,0.57
HmBl,10,12,22,0.45
HmBm,26,18,44,0.59
HmBn,27,29,56,0.48
HmBs,18,13,31,0.58
HmBt,5,5,10,0.5
HmDB,4,6,10,0.4
HmDD,2,2,4,0.5
HmDH,4,3,7,0.57
HmDI,0,1,1,0.0
HmDK,1,0,1,1.0
HmDL,2,3,5,0.4
HmDM,2,10,12,0.17
HmDN,2,2,4,0.5
HmDP,4,8,12,0.33
HmDS,5,6,11,0.45
HmDb,3,0,3,1.0
HmDl,1,0,1,1.0
HmDm,5,7,12,0.42
HmDn,9,3,12,0.75
HmDs,3,2,5,0.6
HmDt,0,2,2,0.0
HmHB,16,17,33,0.48
HmHD,3,2,5,0.6
HmHH,4,1,5,0.8
HmHI,2,2,4,0.5
HmHK,3,2,5,0.6
HmHL,5,5,10,0.5
HmHM,27,24,51,0.53
HmHN,19,29,48,0.4
HmHP,20,15,35,0.57
HmHS,15,21,36,0.42
HmHb,22,12,34,0.65
HmHh,4,16,20,0.2
HmHl,4,8,12,0.33
HmHm,26,27,53,0.49
HmHn,20,21,41,0.49
HmHs,20,14,34,0.59
HmHt,4,4,8,0.5
HmIB,5,1,6,0.83
HmIH,3,1,4,0.75
HmIL,0,1,1,0.0
HmIM,2,2,4,0.5
HmIN,1,0,1,1.0
HmIP,1,6,7,0.14
HmIS,1,1,2,0.5
HmIb,4,2,6,0.67
HmIl,0,1,1,0.0
HmIm,1,3,4,0.25
HmIn,4,2,6,0.67
HmIs,1,3,4,0.25
HmJB,2,5,7,0.29
HmJD,1,0,1,1.0
HmJH,4,5,9,0.44
HmJL,2,1,3,0.67
HmJM,8,8,16,0.5
HmJN,6,13,19,0.32
HmJP,8,4,12,0.67
HmJS,7,8,15,0.47
HmJb,2,5,7,0.29
HmJh,1,2,3,0.33
HmJl,2,3,5,0.4
HmJm,10,7,17,0.59
HmJn,3,3,6,0.5
HmJs,4,1,5,0.8
HmJt,1,1,2,0.5
HmKB,0,1,1,0.0
HmKI,0,1,1,0.0
HmKM,2,1,3,0.67
HmKN,0,0,0,
HmKS,0,1,1,0.0
HmKb,0,1,1,0.0
HmKh,1,1,2,0.5
HmKm,2,1,3,0.67
HmKn,1,0,1,1.0
HmKs,1,1,2,0.5
HmLB,3,4,7,0.43
HmLD,1,0,1,1.0
HmLK,0,2,2,0.0
HmLL,2,1,3,0.67
HmLM,6,6,12,0.5
HmLN,6,10,16,0.38
HmLP,9,7,16,0.56
HmLS,5,7,12,0.42
HmLb,5,4,9,0.56
HmLh,3,5,8,0.38
HmLj,4,1,5,0.8
HmLl,2,5,7,0.29
HmLm,12,11,23,0.52
HmLn,9,9,18,0.5
HmLs,3,4,7,0.43
HmLt,1,0,1,1.0
HmMB,26,33,59,0.44
HmMD,2,12,14,0.14
HmMH,1,3,4,0.25
HmMK,0,2,2,0.0
HmML,6,5,11,0.55
HmMM,31,44,75,0.41
HmMN,30,28,58,0.52
HmMP,35,27,62,0.56
HmMS,22,31,53,0.42
HmMb,19,12,31,0.61
HmMh,23,23,46,0.5
HmMj,6,2,8,0.75
HmMl,7,12,19,0.37
HmMm,47,38,85,0.55
HmMn,56,42,98,0.57
HmMs,26,28,54,0.48
HmMt,4,5,9,0.44
HmNB,22,17,39,0.56
HmND,8,3,11,0.73
HmNH,7,7,14,0.5
HmNI,1,1,2,0.5
HmNK,5,2,7,0.71
HmNL,8,7,15,0.53
HmNM,27,39,66,0.41
HmNN,42,33,75,0.56
HmNP,34,39,73,0.47
HmNS,20,25,45,0.44
HmNb,24,24,48,0.5
HmNh,9,9,18,0.5
HmNl,6,7,13,0.46
HmNm,28,24,52,0.54
HmNn,37,33,70,0.53
HmNs,29,18,47,0.62
HmNt,10,3,13,0.77
HmPB,28,21,49,0.57
HmPD,2,1,3,0.67
HmPH,6,5,11,0.55
HmPI,8,2,10,0.8
HmPK,4,2,6,0.67
HmPL,7,6,13,0.54
HmPM,32,30,62,0.52
HmPN,21,17,38,0.55
HmPP,31,35,66,0.47
HmPS,19,20,39,0.49
HmPb,22,25,47,0.47
HmPh,3,1,4,0.75
HmPl,16,8,24,0.67
HmPm,35,18,53,0.66
HmPn,19,25,44,0.43
HmPs,19,22,41,0.46
HmPt,1,3,4,0.25
HmSB,13,14,27,0.48
HmSD,3,2,5,0.6
HmSH,8,8,16,0.5
HmSK,1,1,2,0.5
HmSL,2,8,10,0.2
HmSM,27,26,53,0.51
HmSN,21,18,39,0.54
HmSP,24,19,43,0.56
HmSS,19,27,46,0.41
HmSb,16,16,32,0.5
HmSh,4,12,16,0.25
HmSl,3,3,6,0.5
HmSm,24,19,43,0.56
HmSn,24,17,41,0.59
HmSs,28,19,47,0.6
HmSt,2,2,4,0.5
HmbB,24,23,47,0.51
HmbD,5,6,11,0.45
HmbH,7,7,14,0.5
HmbI,4,2,6,0.67
HmbJ,8,7,15,0.53
HmbK,1,3,4,0.25
HmbL,10,6,16,0.62
HmbM,26,27,53,0.49
HmbN,39,22,61,0.64
HmbP,27,34,61,0.44
HmbS,9,14,23,0.39
Hmbb,24,25,49,0.49
Hmbl,3,5,8,0.38
Hmbm,33,25,58,0.57
Hmbn,31,22,53,0.58
Hmbs,9,12,21,0.43
HmhM,0,1,1,0.0
HmhP,1,0,1,1.0
HmhS,2,0,2,1.0
Hmhn,0,0,0,
Hmhs,2,0,2,1.0
HmlB,5,5,10,0.5
HmlD,1,1,2,0.5
HmlH,2,4,6,0.33
HmlI,0,2,2,0.0
HmlJ,2,1,3,0.67
HmlL,4,3,7,0.57
HmlM,10,9,19,0.53
HmlN,7,4,11,0.64
HmlP,7,3,10,0.7
HmlS,3,6,9,0.33
Hmlb,4,6,10,0.4
Hmll,4,0,4,1.0
Hmlm,5,7,12,0.42
Hmln,9,2,11,0.82
Hmls,1,4,5,0.2
HmmB,25,24,49,0.51
HmmD,4,2,6,0.67
HmmH,23,17,40,0.57
HmmI,2,1,3,0.67
HmmJ,5,6,11,0.45
HmmK,0,1,1,0.0
HmmL,3,10,13,0.23
HmmM,18,37,55,0.33
HmmN,31,23,54,0.57
HmmP,28,34,62,0.45
HmmS,13,14,27,0.48
Hmmb,14,27,41,0.34
Hmml,10,1,11,0.91
Hmmm,27,28,55,0.49
Hmmn,20,20,40,0.5
Hmms,18,12,30,0.6
Hmmt,1,0,1,1.0
HmnB,18,19,37,0.49
HmnD,3,0,3,1.0
HmnH,15,16,31,0.48
HmnI,1,2,3,0.33
HmnK,2,3,5,0.4
HmnL,8,8,16,0.5
HmnM,30,31,61,0.49
HmnN,36,31,67,0.54
HmnP,26,15,41,0.63
HmnS,14,17,31,0.45
Hmnb,19,13,32,0.59
Hmnh,1,1,2,0.5
Hmnl,8,3,11,0.73
Hmnm,34,27,61,0.56
Hmnn,15,17,32,0.47
Hmns,12,11,23,0.52
HmsB,11,13,24,0.46
HmsD,3,2,5,0.6
HmsH,13,18,31,0.42
HmsI,4,3,7,0.57
HmsL,2,4,6,0.33
HmsM,17,23,40,0.42
HmsN,25,20,45,0.56
HmsP,11,15,26,0.42
HmsS,17,18,35,0.49
Hmsb,10,11,21,0.48
Hmsh,0,2,2,0.0
Hmsl,5,7,12,0.42
Hmsm,22,15,37,0.59
Hmsn,18,12,30,0.6
Hmss,18,18,36,0.5
Hmtb,0,1,1,0.0
Hmtm,0,1,1,0.0
HnBB,12,15,27,0.44
HnBD,0,4,4,0.0
HnBK,3,1,4,0.75
HnBL,5,1,6,0.83
HnBM,23,22,45,0.51
HnBN,15,17,32,0.47
HnBP,19,17,36,0.53
HnBS,10,8,18,0.56
HnBb,17,12,29,0.59
HnBh,4,2,6,0.67
HnBj,2,2,4,0.5
HnBl,8,5,13,0.62
HnBm,26,13,39,0.67
HnBn,22,16,38,0.58
HnBs,11,19,30,0.37
HnBt,4,1,5,0.8
HnDB,2,3,5,0.4
HnDD,0,2,2,0.0
HnDH,5,4,9,0.56
HnDI,1,1,2,0.5
HnDL,1,1,2,0.5
HnDM,3,3,6,0.5
HnDN,2,2,4,0.5
HnDP,5,3,8,0.62
HnDS,5,3,8,0.62
HnDb,2,3,5,0.4
HnDh,1,0,1,1.0
HnDl,4,0,4,1.0
HnDm,6,2,8,0.75
HnDn,4,3,7,0.57
HnDs,8,5,13,0.62
HnHB,5,16,21,0.24
HnHD,2,2,4,0.5
HnHH,3,3,6,0.5
HnHI,3,1,4,0.75
HnHK,2,2,4,0.5
HnHL,2,5,7,0.29
HnHM,12,17,29,0.41
HnHN,15,17,32,0.47
HnHP,17,15,32,0.53
HnHS,9,14,23,0.39
HnHb,10,9,19,0.53
HnHh,8,2,10,0.8
HnHl,5,2,7,0.71
HnHm,12,13,25,0.48
HnHn,12,12,24,0.5
HnHs,12,17,29,0.41
HnHt,2,1,3,0.67
HnIB,4,2,6,0.67
HnID,0,0,0,
HnIH,5,4,9,0.56
HnII,1,1,2,0.5
HnIL,3,1,4,0.75
HnIM,8,4,12,0.67
HnIN,5,3,8,0.62
HnIP,2,3,5,0.4
HnIS,4,5,9,0.44
HnIb,4,3,7,0.57
HnIh,0,1,1,0.0
HnIl,2,0,2,1.0
HnIm,3,4,7,0.43
HnIn,3,2,5,0.6
HnIs,5,5,10,0.5
HnKB,1,5,6,0.17
HnKD,1,1,2,0.5
HnKL,1,2,3,0.33
HnKM,3,1,4,0.75
HnKN,3,0,3,1.0
HnKP,3,4,7,0.43
HnKS,5,3,8,0.62
HnKb,4,5,9,0.44
HnKh,2,1,3,0.67
HnKl,0,2,2,0.0
HnKm,8,1,9,0.89
HnKn,2,4,6,0.33
HnKs,2,3,5,0.4
HnKt,1,0,1,1.0
HnLB,6,6,12,0.5
HnLK,0,1,1,0.0
HnLL,2,1,3,0.67
HnLM,4,4,8,0.5
HnLN,5,6,11,0.45
HnLP,10,8,18,0.56
HnLS,7,5,12,0.58
HnLb,4,4,8,0.5
HnLh,5,5,10,0.5
HnLj,0,4,4,0.0
HnLl,2,0,2,1.0
HnLm,6,8,14,0.43
HnLn,12,11,23,0.52
HnLs,4,6,10,0.4
HnLt,2,0,2,1.0
HnMB,11,24,35,0.31
HnMD,5,5,10,0.5
HnMH,2,0,2,1.0
HnML,2,9,11,0.18
HnMM,32,40,72,0.44
HnMN,26,37,63,0.41
HnMP,22,33,55,0.4
HnMS,15,15,30,0.5
HnMb,18,20,38,0.47
HnMh,23,14,37,0.62
HnMj,4,3,7,0.57
HnMl,10,4,14,0.71
HnMm,25,17,42,0.6
HnMn,27,35,62,0.44
HnMs,20,19,39,0.51
HnMt,4,4,8,0.5
HnNB,15,22,37,0.41
HnND,5,3,8,0.62
HnNH,7,6,13,0.54
HnNI,1,0,1,1.0
HnNK,2,4,6,0.33
HnNL,4,8,12,0.33
HnNM,33,47,80,0.41
HnNN,22,21,43,0.51
HnNP,43,24,67,0.64
HnNS,29,33,62,0.47
HnNb,26,27,53,0.49
HnNh,10,13,23,0.43
HnNl,10,9,19,0.53
HnNm,28,22,50,0.56
HnNn,34,28,62,0.55
HnNs,29,28,57,0.51
HnNt,3,7,10,0.3
HnPB,23,22,45,0.51
HnPD,1,7,8,0.12
HnPH,12,12,24,0.5
HnPI,3,2,5,0.6
HnPK,1,3,4,0.25
HnPL,15,18,33,0.45
HnPM,25,28,53,0.47
HnPN,37,38,75,0.49
HnPP,44,40,84,0.52
HnPS,39,20,59,0.66
HnPb,25,24,49,0.51
HnPh,6,8,14,0.43
HnPl,3,4,7,0.43
HnPm,29,18,47,0.62
HnPn,19,28,47,0.4
HnPs,22,24,46,0.48
HnPt,7,6,13,0.54
HnSB,17,14,31,0.55
HnSD,4,7,11,0.36
HnSH,5,10,15,0.33
HnSI,0,1,1,0.0
HnSK,0,3,3,0.0
HnSL,5,9,14,0.36
HnSM,28,32,60,0.47
HnSN,13,25,38,0.34
HnSP,25,20,45,0.56
HnSS,32,33,65,0.49
HnSb,20,12,32,0.62
HnSh,13,17,30,0.43
HnSl,4,4,8,0.5
HnSm,16,25,41,0.39
HnSn,27,31,58,0.47
HnSs,29,25,54,0.54
HnSt,4,4,8,0.5
HnbB,16,17,33,0.48
HnbD,1,1,2,0.5
HnbH,6,3,9,0.67
HnbI,4,0,4,1.0
HnbJ,8,7,15,0.53
HnbK,3,4,7,0.43
HnbL,4,5,9,0.44
HnbM,15,26,41,0.37
HnbN,23,27,50,0.46
HnbP,15,26,41,0.37
HnbS,10,13,23,0.43
Hnbb,18,14,32,0.56
Hnbl,5,7,12,0.42
Hnbm,27,17,44,0.61
Hnbn,21,14,35,0.6
Hnbs,13,8,21,0.62
HnhB,1,1,2,0.5
HnhD,0,0,0,
HnhH,1,0,1,1.0
HnhI,0,0,0,
HnhL,1,0,1,1.0
HnhM,1,1,2,0.5
HnhN,1,0,1,1.0
HnhP,1,1,2,0.5
HnhS,1,1,2,0.5
Hnhb,2,1,3,0.67
Hnhh,2,1,3,0.67
Hnhl,2,0,2,1.0
Hnhm,2,0,2,1.0
Hnhn,3,2,5,0.6
Hnhs,1,2,3,0.33
HnlB,4,3,7,0.57
HnlD,0,2,2,0.0
HnlH,4,8,12,0.33
HnlI,1,0,1,1.0
HnlJ,3,0,3,1.0
HnlL,1,2,3,0.33
HnlM,7,9,16,0.44
HnlN,9,7,16,0.56
HnlP,10,8,18,0.56
HnlS,8,5,13,0.62
Hnlb,4,6,10,0.4
Hnll,3,1,4,0.75
Hnlm,7,9,16,0.44
Hnln,3,6,9,0.33
Hnls,6,5,11,0.55
HnmB,16,15,31,0.52
HnmD,7,7,14,0.5
HnmH,23,21,44,0.52
HnmI,5,3,8,0.62
HnmJ,7,2,9,0.78
HnmK,0,1,1,0.0
HnmL,12,4,16,0.75
HnmM,27,24,51,0.53
HnmN,30,22,52,0.58
HnmP,24,31,55,0.44
HnmS,13,17,30,0.43
Hnmb,23,29,52,0.44
Hnmh,1,0,1,1.0
Hnml,9,6,15,0.6
Hnmm,24,22,46,0.52
Hnmn,23,17,40,0.57
Hnms,16,7,23,0.7
HnnB,17,11,28,0.61
HnnD,10,3,13,0.77
HnnH,15,14,29,0.52
HnnI,6,5,11,0.55
HnnK,1,3,4,0.25
HnnL,5,9,14,0.36
HnnM,21,27,48,0.44
HnnN,41,16,57,0.72
HnnP,26,24,50,0.52
HnnS,19,26,45,0.42
Hnnb,20,18,38,0.53
Hnnh,1,2,3,0.33
Hnnl,6,6,12,0.5
Hnnm,26,21,47,0.55
Hnnn,24,22,46,0.52
Hnns,18,22,40,0.45
Hnnt,0,1,1,0.0
HnsB,18,16,34,0.53
HnsD,3,7,10,0.3
HnsH,12,20,32,0.38
HnsI,3,5,8,0.38
HnsL,3,7,10,0.3
HnsM,20,25,45,0.44
HnsN,17,20,37,0.46
HnsP,21,21,42,0.5
HnsS,27,29,56,0.48
Hnsb,20,24,44,0.45
Hnsl,6,2,8,0.75
Hnsm,18,17,35,0.51
Hnsn,21,20,41,0.51
Hnss,23,18,41,0.56
HntH,2,0,2,1.0
HntM,1,0,1,1.0
HntN,0,1,1,0.0
HntP,0,1,1,0.0
HntS,0,1,1,0.0
Hntb,1,0,1,1.0
Hntm,0,2,2,0.0
HsBB,10,10,20,0.5
HsBD,7,5,12,0.58
HsBK,5,2,7,0.71
HsBL,5,10,15,0.33
HsBM,9,14,23,0.39
HsBN,19,13,32,0.59
HsBP,12,21,33,0.36
HsBS,13,13,26,0.5
HsBb,20,9,29,0.69
HsBh,1,1,2,0.5
HsBj,6,1,7,0.86
HsBl,9,7,16,0.56
HsBm,21,15,36,0.58
HsBn,16,19,35,0.46
HsBs,9,13,22,0.41
HsBt,3,0,3,1.0
HsDB,3,3,6,0.5
HsDD,1,0,1,1.0
HsDH,5,4,9,0.56
HsDI,0,2,2,0.0
HsDL,1,1,2,0.5
HsDM,3,4,7,0.43
HsDN,4,3,7,0.57
HsDP,7,5,12,0.58
HsDS,7,1,8,0.88
HsDb,4,3,7,0.57
HsDl,0,3,3,0.0
HsDm,10,3,13,0.77
HsDn,7,3,10,0.7
HsDs,5,2,7,0.71
HsDt,1,0,1,1.0
HsHB,11,13,24,0.46
HsHD,5,1,6,0.83
HsHH,9,12,21,0.43
HsHI,8,2,10,0.8
HsHK,2,2,4,0.5
HsHL,7,8,15,0.47
HsHM,29,26,55,0.53
HsHN,29,13,42,0.69
HsHP,21,14,35,0.6
HsHS,45,39,84,0.54
HsHb,14,17,31,0.45
HsHh,8,17,25,0.32
HsHl,5,10,15,0.33
HsHm,34,24,58,0.59
HsHn,28,15,43,0.65
HsHs,37,27,64,0.58
HsHt,3,5,8,0.38
HsIB,3,4,7,0.43
HsIH,5,4,9,0.56
HsIK,1,0,1,1.0
HsIL,1,0,1,1.0
HsIM,4,6,10,0.4
HsIN,4,2,6,0.67
HsIP,1,3,4,0.25
HsIS,8,10,18,0.44
HsIb,1,2,3,0.33
HsIl,4,0,4,1.0
HsIm,5,5,10,0.5
HsIn,3,6,9,0.33
HsIs,6,5,11,0.55
HsIt,2,1,3,0.67
HsKB,0,1,1,0.0
HsKM,2,0,2,1.0
HsKN,2,1,3,0.67
HsKP,0,0,0,
HsKS,1,0,1,1.0
HsKb,0,2,2,0.0
HsKh,1,0,1,1.0
HsKl,0,1,1,0.0
HsKm,1,1,2,0.5
HsKn,1,1,2,0.5
HsKs,0,0,0,
HsLB,3,5,8,0.38
HsLD,1,1,2,0.5
HsLL,3,4,7,0.43
HsLM,4,13,17,0.24
HsLN,3,7,10,0.3
HsLP,3,7,10,0.3
HsLS,5,7,12,0.42
HsLb,8,1,9,0.89
HsLh,1,1,2,0.5
HsLj,1,2,3,0.33
HsLl,2,1,3,0.67
HsLm,9,6,15,0.6
HsLn,5,9,14,0.36
HsLs,5,7,12,0.42
HsLt,0,0,0,
HsMB,18,18,36,0.5
HsMD,4,2,6,0.67
HsMH,0,1,1,0.0
HsMK,0,2,2,0.0
HsML,5,8,13,0.38
HsMM,37,24,61,0.61
HsMN,29,32,61,0.48
HsMP,18,26,44,0.41
HsMS,23,23,46,0.5
HsMb,12,7,19,0.63
HsMh,16,23,39,0.41
HsMj,5,5,10,0.5
HsMl,5,6,11,0.45
HsMm,40,31,71,0.56
HsMn,33,32,65,0.51
HsMs,24,19,43,0.56
HsMt,10,5,15,0.67
HsNB,10,16,26,0.38
HsND,2,4,6,0.33
HsNH,6,4,10,0.6
HsNK,1,5,6,0.17
HsNL,4,5,9,0.44
HsNM,17,29,46,0.37
HsNN,23,27,50,0.46
HsNP,26,31,57,0.46
HsNS,29,35,64,0.45
HsNb,14,14,28,0.5
HsNh,13,9,22,0.59
HsNl,10,2,12,0.83
HsNm,30,18,48,0.62
HsNn,22,24,46,0.48
HsNs,24,27,51,0.47
HsNt,8,2,10,0.8
HsPB,17,22,39,0.44
HsPD,6,4,10,0.6
HsPH,8,11,19,0.42
HsPI,2,3,5,0.4
HsPK,2,1,3,0.67
HsPL,10,9,19,0.53
HsPM,14,30,44,0.32
HsPN,15,24,39,0.38
HsPP,31,32,63,0.49
HsPS,25,29,54,0.46
HsPb,13,10,23,0.57
HsPh,3,0,3,1.0
HsPl,13,9,22,0.59
HsPm,22,19,41,0.54
HsPn,21,24,45,0.47
HsPs,35,23,58,0.6
HsPt,5,2,7,0.71
HsSB,20,23,43,0.47
HsSD,6,10,16,0.38
HsSH,17,8,25,0.68
HsSI,0,3,3,0.0
HsSK,2,2,4,0.5
HsSL,10,16,26,0.38
HsSM,36,55,91,0.4
HsSN,29,32,61,0.48
HsSP,44,36,80,0.55
HsSS,69,62,131,0.53
HsSb,20,20,40,0.5
HsSh,20,25,45,0.44
HsSl,7,2,9,0.78
HsSm,33,38,71,0.46
HsSn,34,33,67,0.51
HsSs,51,64,115,0.44
HsSt,4,7,11,0.36
HsbB,18,20,38,0.47
HsbD,1,1,2,0.5
HsbH,6,5,11,0.55
HsbI,1,2,3,0.33
HsbJ,4,3,7,0.57
HsbK,2,4,6,0.33
HsbL,5,3,8,0.62
HsbM,19,18,37,0.51
HsbN,21,19,40,0.52
HsbP,17,17,34,0.5
HsbS,8,10,18,0.44
Hsbb,20,13,33,0.61
Hsbl,7,4,11,0.64
Hsbm,14,15,29,0.48
Hsbn,23,13,36,0.64
Hsbs,6,6,12,0.5
HshB,3,2,5,0.6
HshD,1,0,1,1.0
HshI,1,0,1,1.0
HshM,0,5,5,0.0
HshN,1,2,3,0.33
HshP,2,3,5,0.4
HshS,0,3,3,0.0
Hshb,1,1,2,0.5
Hshh,2,0,2,1.0
Hshl,1,0,1,1.0
Hshm,5,1,6,0.83
Hshn,5,1,6,0.83
Hshs,0,2,2,0.0
HslB,3,13,16,0.19
HslD,1,1,2,0.5
HslH,1,3,4,0.25
HslI,0,1,1,0.0
HslJ,3,0,3,1.0
HslK,3,1,4,0.75
HslL,1,1,2,0.5
HslM,9,8,17,0.53
HslN,8,9,17,0.47
HslP,5,10,15,0.33
HslS,2,5,7,0.29
Hslb,6,8,14,0.43
Hsll,4,2,6,0.67
Hslm,6,7,13,0.46
Hsln,9,0,9,1.0
Hsls,4,8,12,0.33
HsmB,17,26,43,0.4
HsmD,5,3,8,0.62
HsmH,20,16,36,0.56
HsmI,5,1,6,0.83
HsmJ,6,5,11,0.55
HsmK,2,0,2,1.0
HsmL,5,6,11,0.45
HsmM,15,27,42,0.36
HsmN,26,23,49,0.53
HsmP,19,17,36,0.53
HsmS,25,20,45,0.56
Hsmb,28,20,48,0.58
Hsmh,0,2,2,0.0
Hsml,5,8,13,0.38
Hsmm,32,26,58,0.55
Hsmn,24,12,36,0.67
Hsms,21,14,35,0.6
Hsmt,0,0,0,
HsnB,8,12,20,0.4
HsnD,8,3,11,0.73
HsnH,7,15,22,0.32
HsnI,7,2,9,0.78
HsnK,4,2,6,0.67
HsnL,4,2,6,0.67
HsnM,17,30,47,0.36
HsnN,32,29,61,0.52
HsnP,30,20,50,0.6
HsnS,29,28,57,0.51
Hsnb,12,19,31,0.39
Hsnh,0,1,1,0.0
Hsnl,1,2,3,0.33
Hsnm,18,19,37,0.49
Hsnn,14,25,39,0.36
Hsns,12,14,26,0.46
HssB,14,17,31,0.45
HssD,5,4,9,0.56
HssH,29,32,61,0.48
HssI,6,6,12,0.5
HssK,1,1,2,0.5
HssL,8,6,14,0.57
HssM,28,31,59,0.47
HssN,31,29,60,0.52
HssP,26,31,57,0.46
HssS,58,40,98,0.59
Hssb,13,26,39,0.33
Hssh,4,5,9,0.44
Hssl,6,10,16,0.38
Hssm,23,24,47,0.49
Hssn,27,18,45,0.6
Hsss,42,42,84,0.5
Hsst,0,1,1,0.0
HstB,1,0,1,1.0
HstD,1,0,1,1.0
HstI,1,0,1,1.0
HstL,0,0,0,
HstM,0,0,0,
HstP,0,1,1,0.0
HstS,2,0,2,1.0
Hstm,1,2,3,0.33
Hstn,2,2,4,0.5
Hsts,1,2,3,0.33
HtBB,3,0,3,1.0
HtBK,1,0,1,1.0
HtBL,1,1,2,0.5
HtBM,0,1,1,0.0
HtBN,2,2,4,0.5
HtBP,1,5,6,0.17
HtBb,1,0,1,1.0
HtBl,1,0,1,1.0
HtBm,3,3,6,0.5
HtBn,2,0,2,1.0
HtBs,2,3,5,0.4
HtBt,0,1,1,0.0
HtDM,1,0,1,1.0
HtDS,0,0,0,
HtDb,0,1,1,0.0
HtDl,1,0,1,1.0
HtHB,0,1,1,0.0
HtHD,0,1,1,0.0
HtHH,1,3,4,0.25
HtHL,1,1,2,0.5
HtHM,2,2,4,0.5
HtHN,2,1,3,0.67
HtHP,1,3,4,0.25
HtHS,4,3,7,0.57
HtHb,1,0,1,1.0
HtHh,0,1,1,0.0
HtHl,1,0,1,1.0
HtHm,2,1,3,0.67
HtHn,0,0,0,
HtHs,1,1,2,0.5
HtIH,0,1,1,0.0
HtIM,1,0,1,1.0
HtIP,1,0,1,1.0
HtIS,0,0,0,
HtIm,1,0,1,1.0
HtKB,0,0,0,
HtKN,0,1,1,0.0
HtKS,1,0,1,1.0
HtLP,0,1,1,0.0
HtLb,1,1,2,0.5
HtLm,3,0,3,1.0
HtLn,0,1,1,0.0
HtLs,1,1,2,0.5
HtMB,3,2,5,0.6
HtML,1,2,3,0.33
HtMM,3,3,6,0.5
HtMN,1,2,3,0.33
HtMP,1,3,4,0.25
HtMS,2,4,6,0.33
HtMb,2,2,4,0.5
HtMh,0,3,3,0.0
HtMl,0,1,1,0.0
HtMm,3,5,8,0.38
HtMn,1,1,2,0.5
HtMs,1,1,2,0.5
HtMt,1,0,1,1.0
HtNB,2,1,3,0.67
HtND,3,1,4,0.75
HtNI,1,0,1,1.0
HtNL,2,1,3,0.67
HtNM,0,3,3,0.0
HtNN,3,1,4,0.75
HtNP,2,0,2,1.0
HtNS,1,3,4,0.25
HtNb,2,4,6,0.33
HtNh,0,1,1,0.0
HtNl,2,2,4,0.5
HtNm,2,2,4,0.5
HtNn,0,1,1,0.0
HtNs,2,0,2,1.0
HtPB,3,0,3,1.0
HtPD,0,1,1,0.0
HtPH,0,2,2,0.0
HtPL,0,2,2,0.0
HtPM,0,3,3,0.0
HtPN,2,4,6,0.33
HtPP,3,2,5,0.6
HtPS,6,1,7,0.86
HtPb,2,1,3,0.67
HtPl,3,0,3,1.0
HtPm,1,2,3,0.33
HtPn,2,6,8,0.25
HtPs,4,2,6,0.67
HtPt,0,1,1,0.0
HtSB,0,1,1,0.0
HtSD,2,0,2,1.0
HtSH,0,0,0,
HtSM,4,2,6,0.67
HtSN,2,5,7,0.29
HtSP,2,5,7,0.29
HtSS,5,2,7,0.71
HtSb,2,3,5,0.4
HtSh,1,0,1,1.0
HtSl,0,1,1,0.0
HtSm,5,1,6,0.83
HtSn,3,0,3,1.0
HtSs,2,6,8,0.25
HtbB,1,3,4,0.25
HtbD,1,0,1,1.0
HtbH,1,0,1,1.0
HtbM,2,1,3,0.67
HtbN,0,1,1,0.0
HtbP,3,1,4,0.75
HtbS,1,0,1,1.0
Htbb,1,2,3,0.33
Htbl,2,0,2,1.0
Htbm,3,1,4,0.75
Htbn,1,2,3,0.33
Htbs,3,0,3,1.0
HthM,2,0,2,1.0
HtlB,0,1,1,0.0
HtlH,1,0,1,1.0
HtlM,2,0,2,1.0
HtlN,1,0,1,1.0
Htlb,1,0,1,1.0
Htlm,2,0,2,1.0
Htln,1,1,2,0.5
Htls,2,0,2,1.0
HtmB,0,2,2,0.0
HtmH,2,2,4,0.5
HtmJ,1,1,2,0.5
HtmM,2,5,7,0.29
HtmN,2,6,8,0.25
HtmP,2,3,5,0.4
HtmS,4,4,8,0.5
Htmb,4,2,6,0.67
Html,1,1,2,0.5
Htmm,8,3,11,0.73
Htmn,0,4,4,0.0
Htms,3,2,5,0.6
HtnB,3,0,3,1.0
HtnD,1,0,1,1.0
HtnH,1,1,2,0.5
HtnI,1,1,2,0.5
HtnL,0,1,1,0.0
HtnM,0,1,1,0.0
HtnN,3,2,5,0.6
HtnP,3,0,3,1.0
HtnS,2,0,2,1.0
Htnb,3,2,5,0.6
Htnh,0,0,0,
Htnl,1,1,2,0.5
Htnm,4,1,5,0.8
Htnn,1,0,1,1.0
Htns,2,5,7,0.29
HtsB,4,0,4,1.0
HtsD,1,0,1,1.0
HtsH,4,4,8,0.5
HtsL,0,1,1,0.0
HtsM,3,2,5,0.6
HtsN,2,1,3,0.67
HtsP,0,4,4,0.0
HtsS,4,7,11,0.36
Htsb,3,2,5,0.6
Htsl,0,2,2,0.0
Htsm,2,3,5,0.4
Htsn,1,3,4,0.25
Htss,6,2,8,0.75
HttB,0,0,0,
HttH,1,1,2,0.5
HttM,0,2,2,0.0
HttN,0,1,1,0.0
HttP,0,1,1,0.0
HttS,2,0,2,1.0
Httn,1,0,1,1.0
IBBB,4,6,10,0.4
IBBK,1,0,1,1.0
IBBL,1,0,1,1.0
IBBM,5,6,11,0.45
IBBN,5,3,8,0.62
IBBP,5,5,10,0.5
IBBS,3,4,7,0.43
IBBb,6,2,8,0.75
IBBh,0,1,1,0.0
IBBj,0,0,0,
IBBl,1,0,1,1.0
IBBm,11,1,12,0.92
IBBn,4,5,9,0.44
IBBs,2,4,6,0.33
IBBt,1,1,2,0.5
IBDK,1,0,1,1.0
IBDM,0,1,1,0.0
IBDS,1,0,1,1.0
IBDb,2,0,2,1.0
IBDm,0,0,0,
IBDs,1,1,2,0.5
IBKB,0,1,1,0.0
IBKM,1,0,1,1.0
IBKN,0,1,1,0.0
IBKP,0,2,2,0.0
IBKS,0,1,1,0.0
IBKb,3,0,3,1.0
IBKl,1,0,1,1.0
IBKm,0,1,1,0.0
IBKn,1,1,2,0.5
IBKt,1,0,1,1.0
IBLB,2,0,2,1.0
IBLM,1,1,2,0.5
IBLN,0,1,1,0.0
IBLP,0,1,1,0.0
IBLS,0,1,1,0.0
IBLh,1,1,2,0.5
IBLj,0,0,0,
IBLl,0,1,1,0.0
IBLm,1,0,1,1.0
IBLn,2,0,2,1.0
IBLs,1,2,3,0.33
IBMB,2,6,8,0.25
IBMD,1,0,1,1.0
IBMK,0,1,1,0.0
IBML,0,0,0,
IBMM,1,5,6,0.17
IBMN,2,2,4,0.5
IBMP,5,9,14,0.36
IBMS,4,6,10,0.4
IBMb,2,4,6,0.33
IBMh,4,3,7,0.57
IBMj,0,1,1,0.0
IBMl,2,2,4,0.5
IBMm,10,7,17,0.59
IBMn,7,2,9,0.78
IBMs,3,3,6,0.5
IBMt,1,1,2,0.5
IBNB,8,3,11,0.73
IBND,1,0,1,1.0
IBNH,0,2,2,0.0
IBNK,1,0,1,1.0
IBNL,2,1,3,0.67
IBNM,7,2,9,0.78
IBNN,5,6,11,0.45
IBNP,10,8,18,0.56
IBNS,8,4,12,0.67
IBNb,2,3,5,0.4
IBNh,3,3,6,0.5
IBNl,0,1,1,0.0
IBNm,1,8,9,0.11
IBNn,5,4,9,0.56
IBNs,2,5,7,0.29
IBNt,0,0,0,
IBPB,4,7,11,0.36
IBPH,0,2,2,0.0
IBPI,0,2,2,0.0
IBPK,1,0,1,1.0
IBPL,0,4,4,0.0
IBPM,7,5,12,0.58
IBPN,4,1,5,0.8
IBPP,6,3,9,0.67
IBPS,3,3,6,0.5
IBPb,5,3,8,0.62
IBPh,0,0,0,
IBPl,2,0,2,1.0
IBPm,2,2,4,0.5
IBPn,2,8,10,0.2
IBPs,5,2,7,0.71
IBPt,1,1,2,0.5
IBSB,3,5,8,0.38
IBSH,2,2,4,0.5
IBSL,0,1,1,0.0
IBSM,1,5,6,0.17
IBSN,4,4,8,0.5
IBSP,5,2,7,0.71
IBSS,3,2,5,0.6
IBSb,1,0,1,1.0
IBSh,0,1,1,0.0
IBSl,1,0,1,1.0
IBSm,2,9,11,0.18
IBSn,2,3,5,0.4
IBSs,5,4,9,0.56
IBSt,0,1,1,0.0
IBbB,4,4,8,0.5
IBbD,0,1,1,0.0
IBbH,0,2,2,0.0
IBbI,2,0,2,1.0
IBbJ,1,1,2,0.5
IBbK,1,0,1,1.0
IBbL,1,1,2,0.5
IBbM,0,7,7,0.0
IBbN,8,5,13,0.62
IBbP,3,6,9,0.33
IBbS,2,4,6,0.33
IBbb,3,3,6,0.5
IBbl,1,0,1,1.0
IBbm,7,0,7,1.0
IBbn,2,1,3,0.67
IBbs,5,0,5,1.0
IBhB,1,0,1,1.0
IBhK,1,0,1,1.0
IBhM,0,1,1,0.0
IBhP,1,1,2,0.5
IBhS,2,0,2,1.0
IBhb,0,0,0,
IBhh,0,1,1,0.0
IBhm,3,1,4,0.75
IBhs,1,0,1,1.0
IBjB,0,2,2,0.0
IBjM,2,1,3,0.67
IBjN,4,2,6,0.67
IBjP,1,0,1,1.0
IBjS,0,2,2,0.0
IBjb,1,0,1,1.0
IBjm,1,1,2,0.5
IBjn,3,0,3,1.0
IBjs,0,2,2,0.0
IBlB,2,2,4,0.5
IBlH,0,2,2,0.0
IBlJ,1,0,1,1.0
IBlM,1,3,4,0.25
IBlN,0,3,3,0.0
IBlP,1,1,2,0.5
IBlS,1,0,1,1.0
IBlb,3,1,4,0.75
IBlm,2,1,3,0.67
IBln,1,2,3,0.33
IBls,2,0,2,1.0
IBmB,5,7,12,0.42
IBmD,5,2,7,0.71
IBmH,3,5,8,0.38
IBmI,1,0,1,1.0
IBmJ,1,2,3,0.33
IBmK,1,1,2,0.5
IBmL,0,2,2,0.0
IBmM,8,7,15,0.53
IBmN,6,8,14,0.43
IBmP,5,2,7,0.71
IBmS,7,7,14,0.5
IBmb,2,3,5,0.4
IBmh,1,0,1,1.0
IBml,2,0,2,1.0
IBmm,5,7,12,0.42
IBmn,5,1,6,0.83
IBms,3,2,5,0.6
IBnB,2,3,5,0.4
IBnD,0,1,1,0.0
IBnH,2,2,4,0.5
IBnI,0,0,0,
IBnK,1,0,1,1.0
IBnL,0,1,1,0.0
IBnM,3,8,11,0.27
IBnN,7,10,17,0.41
IBnP,7,7,14,0.5
IBnS,5,5,10,0.5
IBnb,6,2,8,0.75
IBnl,1,1,2,0.5
IBnm,3,4,7,0.43
IBnn,6,4,10,0.6
IBns,3,3,6,0.5
IBsB,2,3,5,0.4
IBsD,1,0,1,1.0
IBsH,0,2,2,0.0
IBsL,1,0,1,1.0
IBsM,1,3,4,0.25
IBsN,4,3,7,0.57
IBsP,2,0,2,1.0
IBsS,5,6,11,0.45
IBsb,2,3,5,0.4
IBsl,1,1,2,0.5
IBsm,2,3,5,0.4
IBsn,2,6,8,0.25
IBss,2,4,6,0.33
IBtH,1,3,4,0.25
IBtN,2,2,4,0.5
IBtP,0,0,0,
IBtS,1,1,2,0.5
IBtb,1,1,2,0.5
IBtl,1,0,1,1.0
IBtm,2,1,3,0.67
IBtn,0,1,1,0.0
IBts,0,1,1,0.0
IDBB,0,1,1,0.0
IDBM,2,0,2,1.0
IDBN,0,2,2,0.0
IDBP,0,0,0,
IDBS,1,0,1,1.0
IDBb,1,1,2,0.5
IDBj,1,1,2,0.5
IDBm,4,2,6,0.67
IDBn,0,1,1,0.0
IDBs,1,1,2,0.5
IDDB,0,0,0,
IDDH,0,1,1,0.0
IDDS,0,2,2,0.0
IDDm,2,1,3,0.67
IDDs,1,0,1,1.0
IDHB,2,2,4,0.5
IDHD,1,0,1,1.0
IDHI,0,1,1,0.0
IDHM,3,1,4,0.75
IDHN,0,0,0,
IDHP,2,1,3,0.67
IDHS,1,0,1,1.0
IDHb,1,3,4,0.25
IDHl,0,0,0,
IDHm,1,1,2,0.5
IDHs,1,1,2,0.5
IDIB,1,0,1,1.0
IDIS,0,1,1,0.0
IDLB,0,2,2,0.0
IDLN,1,0,1,1.0
IDLP,0,0,0,
IDLh,0,1,1,0.0
IDLl,0,1,1,0.0
IDLm,1,0,1,1.0
IDMB,1,1,2,0.5
IDMD,0,1,1,0.0
IDMI,1,0,1,1.0
IDML,1,0,1,1.0
IDMM,2,2,4,0.5
IDMN,2,2,4,0.5
IDMP,2,1,3,0.67
IDMS,2,2,4,0.5
IDMb,0,0,0,
IDMh,1,0,1,1.0
IDMj,0,1,1,0.0
IDMm,1,2,3,0.33
IDMn,2,2,4,0.5
IDNK,0,2,2,0.0
IDNN,1,1,2,0.5
IDNP,0,1,1,0.0
IDNb,2,1,3,0.67
IDNm,0,2,2,0.0
IDNn,3,2,5,0.6
IDNs,2,0,2,1.0
IDPL,1,0,1,1.0
IDPM,1,2,3,0.33
IDPN,3,2,5,0.6
IDPP,2,0,2,1.0
IDPS,0,2,2,0.0
IDPb,0,0,0,
IDPm,3,4,7,0.43
IDPn,1,0,1,1.0
IDPs,2,0,2,1.0
IDSB,0,1,1,0.0
IDSH,1,1,2,0.5
IDSL,1,0,1,1.0
IDSM,2,0,2,1.0
IDSN,0,1,1,0.0
IDSP,1,1,2,0.5
IDSS,1,2,3,0.33
IDSh,0,2,2,0.0
IDSm,2,1,3,0.67
IDbB,1,0,1,1.0
IDbD,1,0,1,1.0
IDbI,0,1,1,0.0
IDbJ,0,1,1,0.0
IDbL,0,0,0,
IDbM,0,2,2,0.0
IDbP,1,0,1,1.0
IDbS,0,0,0,
IDbb,2,0,2,1.0
IDbl,1,0,1,1.0
IDbs,0,0,0,
IDhs,0,1,1,0.0
IDlH,1,0,1,1.0
IDlN,0,1,1,0.0
IDlb,1,0,1,1.0
IDll,1,0,1,1.0
IDlm,2,0,2,1.0
IDmB,4,2,6,0.67
IDmK,0,1,1,0.0
IDmL,0,1,1,0.0
IDmM,2,1,3,0.67
IDmN,2,0,2,1.0
IDmS,0,1,1,0.0
IDmb,2,1,3,0.67
IDmm,0,2,2,0.0
IDmn,0,1,1,0.0
IDms,1,0,1,1.0
IDnB,1,0,1,1.0
IDnD,0,1,1,0.0
IDnH,1,0,1,1.0
IDnM,2,0,2,1.0
IDnN,3,1,4,0.75
IDnP,0,0,0,
IDnS,1,0,1,1.0
IDnl,1,0,1,1.0
IDnm,0,0,0,
IDnn,0,1,1,0.0
IDns,1,0,1,1.0
IDsB,0,1,1,0.0
IDsH,0,0,0,
IDsI,1,0,1,1.0
IDsM,0,1,1,0.0
IDsN,0,2,2,0.0
IDsS,0,1,1,0.0
IDsl,1,1,2,0.5
IDsm,2,0,2,1.0
IDss,1,1,2,0.5
IDtI,1,0,1,1.0
IDtM,1,1,2,0.5
IDtP,1,0,1,1.0
IHBB,3,5,8,0.38
IHBD,1,2,3,0.33
IHBH,1,0,1,1.0
IHBK,1,0,1,1.0
IHBL,1,0,1,1.0
IHBM,2,7,9,0.22
IHBN,3,2,5,0.6
IHBP,4,2,6,0.67
IHBS,0,3,3,0.0
IHBb,1,3,4,0.25
IHBl,0,1,1,0.0
IHBm,7,3,10,0.7
IHBn,3,3,6,0.5
IHBs,5,2,7,0.71
IHBt,1,1,2,0.5
IHDB,1,0,1,1.0
IHDH,0,1,1,0.0
IHDM,1,0,1,1.0
IHDN,1,0,1,1.0
IHDP,1,1,2,0.5
IHDS,0,1,1,0.0
IHDb,2,0,2,1.0
IHDn,1,1,2,0.5
IHHB,2,0,2,1.0
IHHK,0,1,1,0.0
IHHM,3,1,4,0.75
IHHN,2,1,3,0.67
IHHP,2,0,2,1.0
IHHS,2,3,5,0.4
IHHh,0,0,0,
IHHl,2,0,2,1.0
IHHm,1,0,1,1.0
IHHn,0,1,1,0.0
IHHs,0,1,1,0.0
IHID,1,1,2,0.5
IHIH,0,1,1,0.0
IHII,1,0,1,1.0
IHIM,0,1,1,0.0
IHIN,0,2,2,0.0
IHIP,1,0,1,1.0
IHIS,1,0,1,1.0
IHIm,1,1,2,0.5
IHKB,0,0,0,
IHKM,0,3,3,0.0
IHKN,0,1,1,0.0
IHKP,1,2,3,0.33
IHKS,0,0,0,
IHKb,0,1,1,0.0
IHKh,0,0,0,
IHKm,0,0,0,
IHKn,1,1,2,0.5
IHKs,0,1,1,0.0
IHLB,1,1,2,0.5
IHLL,1,0,1,1.0
IHLM,1,0,1,1.0
IHLN,1,1,2,0.5
IHLP,1,1,2,0.5
IHLS,1,1,2,0.5
IHLb,2,0,2,1.0
IHLj,0,1,1,0.0
IHLl,1,0,1,1.0
IHLm,4,2,6,0.67
IHLn,1,2,3,0.33
IHLs,3,1,4,0.75
IHMB,5,4,9,0.56
IHML,1,2,3,0.33
IHMM,4,10,14,0.29
IHMN,7,5,12,0.58
IHMP,3,4,7,0.43
IHMS,8,4,12,0.67
IHMb,3,1,4,0.75
IHMh,5,3,8,0.62
IHMj,1,0,1,1.0
IHMl,3,1,4,0.75
IHMm,10,8,18,0.56
IHMn,7,12,19,0.37
IHMs,1,7,8,0.12
IHMt,1,0,1,1.0
IHNB,0,4,4,0.0
IHND,2,0,2,1.0
IHNH,0,2,2,0.0
IHNK,1,0,1,1.0
IHNL,3,2,5,0.6
IHNM,5,5,10,0.5
IHNN,7,4,11,0.64
IHNP,7,2,9,0.78
IHNS,4,4,8,0.5
IHNb,4,2,6,0.67
IHNh,0,1,1,0.0
IHNl,2,3,5,0.4
IHNm,5,4,9,0.56
IHNn,4,2,6,0.67
IHNs,4,3,7,0.57
IHNt,0,1,1,0.0
IHPB,3,5,8,0.38
IHPH,0,2,2,0.0
IHPI,1,1,2,0.5
IHPK,0,1,1,0.0
IHPL,1,2,3,0.33
IHPM,5,7,12,0.42
IHPN,8,8,16,0.5
IHPP,6,2,8,0.75
IHPS,3,3,6,0.5
IHPb,6,2,8,0.75
IHPh,1,0,1,1.0
IHPl,1,2,3,0.33
IHPm,4,7,11,0.36
IHPn,5,1,6,0.83
IHPs,5,2,7,0.71
IHPt,0,3,3,0.0
IHSB,0,4,4,0.0
IHSD,1,1,2,0.5
IHSH,2,3,5,0.4
IHSI,1,0,1,1.0
IHSL,3,0,3,1.0
IHSM,9,5,14,0.64
IHSN,2,1,3,0.67
IHSP,3,3,6,0.5
IHSS,9,6,15,0.6
IHSb,1,4,5,0.2
IHSh,3,4,7,0.43
IHSl,1,4,5,0.2
IHSm,10,2,12,0.83
IHSn,2,0,2,1.0
IHSs,5,5,10,0.5
IHbB,4,2,6,0.67
IHbD,1,0,1,1.0
IHbH,0,2,2,0.0
IHbI,1,0,1,1.0
IHbJ,1,0,1,1.0
IHbK,3,0,3,1.0
IHbL,2,1,3,0.67
IHbM,4,7,11,0.36
IHbN,4,3,7,0.57
IHbP,3,2,5,0.6
IHbS,1,3,4,0.25
IHbb,4,3,7,0.57
IHbl,0,1,1,0.0
IHbm,2,2,4,0.5
IHbn,3,7,10,0.3
IHbs,2,3,5,0.4
IHhB,3,2,5,0.6
IHhH,1,1,2,0.5
IHhI,0,2,2,0.0
IHhL,2,1,3,0.67
IHhM,4,0,4,1.0
IHhN,1,3,4,0.25
IHhP,1,2,3,0.33
IHhS,2,1,3,0.67
IHhb,1,3,4,0.25
IHhh,2,3,5,0.4
IHhl,0,1,1,0.0
IHhm,1,2,3,0.33
IHhn,3,0,3,1.0
IHhs,3,0,3,1.0
IHlB,2,2,4,0.5
IHlH,1,2,3,0.33
IHlK,0,2,2,0.0
IHlL,1,0,1,1.0
IHlM,2,0,2,1.0
IHlN,0,1,1,0.0
IHlP,3,1,4,0.75
IHlS,0,1,1,0.0
IHlb,1,0,1,1.0
IHll,0,1,1,0.0
IHlm,1,2,3,0.33
IHln,1,0,1,1.0
IHls,0,2,2,0.0
IHmB,8,4,12,0.67
IHmD,1,0,1,1.0
IHmH,5,2,7,0.71
IHmI,1,0,1,1.0
IHmK,1,0,1,1.0
IHmL,3,2,5,0.6
IHmM,5,10,15,0.33
IHmN,3,6,9,0.33
IHmP,1,12,13,0.08
IHmS,2,8,10,0.2
IHmb,4,2,6,0.67
IHmh,0,1,1,0.0
IHml,4,0,4,1.0
IHmm,8,7,15,0.53
IHmn,2,2,4,0.5
IHms,2,3,5,0.4
IHnB,3,4,7,0.43
IHnH,1,3,4,0.25
IHnI,0,2,2,0.0
IHnK,0,1,1,0.0
IHnL,1,2,3,0.33
IHnM,3,5,8,0.38
IHnN,4,4,8,0.5
IHnP,1,1,2,0.5
IHnS,3,7,10,0.3
IHnb,1,3,4,0.25
IHnh,0,1,1,0.0
IHnl,0,0,0,
IHnm,4,4,8,0.5
IHnn,2,1,3,0.67
IHns,2,3,5,0.4
IHsB,1,6,7,0.14
IHsH,1,5,6,0.17
IHsK,0,0,0,
IHsL,4,1,5,0.8
IHsM,8,5,13,0.62
IHsN,5,3,8,0.62
IHsP,2,3,5,0.4
IHsS,6,4,10,0.6
IHsb,7,1,8,0.88
IHsh,2,0,2,1.0
IHsl,1,2,3,0.33
IHsm,3,4,7,0.43
IHsn,2,1,3,0.67
IHss,2,6,8,0.25
IHst,0,0,0,
IHtM,4,0,4,1.0
IHtP,1,0,1,1.0
IHtS,0,2,2,0.0
IHtb,0,1,1,0.0
IHtl,0,1,1,0.0
IHtm,1,2,3,0.33
IHtn,0,1,1,0.0
IIBM,0,1,1,0.0
IIBN,0,2,2,0.0
IIBP,0,2,2,0.0
IIBS,0,1,1,0.0
IIBb,0,1,1,0.0
IIBj,0,1,1,0.0
IIBm,1,0,1,1.0
IIBn,1,0,1,1.0
IIBt,1,0,1,1.0
IIDB,0,1,1,0.0
IIDm,1,0,1,1.0
IIDs,0,1,1,0.0
IIHB,2,0,2,1.0
IIHH,1,0,1,1.0
IIHI,0,1,1,0.0
IIHK,1,0,1,1.0
IIHM,1,2,3,0.33
IIHN,0,2,2,0.0
IIHP,1,0,1,1.0
IIHS,1,2,3,0.33
IIHb,0,5,5,0.0
IIHh,0,0,0,
IIHm,0,1,1,0.0
IIHn,2,1,3,0.67
IIHs,0,3,3,0.0
IILK,0,1,1,0.0
IILN,0,1,1,0.0
IILS,0,2,2,0.0
IILb,0,1,1,0.0
IILh,1,0,1,1.0
IILn,1,0,1,1.0
IILs,1,0,1,1.0
IIMB,1,1,2,0.5
IIMK,0,1,1,0.0
IIMM,0,2,2,0.0
IIMN,0,0,0,
IIMP,2,0,2,1.0
IIMS,0,1,1,0.0
IIMb,2,0,2,1.0
IIMh,1,1,2,0.5
IIMl,0,1,1,0.0
IIMm,0,1,1,0.0
IINM,0,2,2,0.0
IINN,0,1,1,0.0
IINP,2,2,4,0.5
IINS,1,0,1,1.0
IINb,1,2,3,0.33
IINh,0,0,0,
IINl,0,1,1,0.0
IINm,0,1,1,0.0
IINn,1,2,3,0.33
IINs,0,0,0,
IINt,0,1,1,0.0
IIPB,0,2,2,0.0
IIPL,1,0,1,1.0
IIPM,0,2,2,0.0
IIPN,0,0,0,
IIPP,2,0,2,1.0
IIPS,0,1,1,0.0
IIPl,0,2,2,0.0
IIPm,3,1,4,0.75
IIPn,1,0,1,1.0
IIPs,0,1,1,0.0
IISB,0,1,1,0.0
IISM,2,3,5,0.4
IISN,1,1,2,0.5
IISS,1,2,3,0.33
IISb,1,0,1,1.0
IISm,0,1,1,0.0
IISn,1,0,1,1.0
IISs,1,3,4,0.25
IISt,0,0,0,
IIbB,1,0,1,1.0
IIbH,0,1,1,0.0
IIbM,2,1,3,0.67
IIbN,3,2,5,0.6
IIbP,1,0,1,1.0
IIbS,1,1,2,0.5
IIbb,0,1,1,0.0
IIbm,0,2,2,0.0
IIbn,2,1,3,0.67
IIbs,0,1,1,0.0
IIhB,0,1,1,0.0
IIhL,1,0,1,1.0
IIhM,0,1,1,0.0
IIhb,1,0,1,1.0
IIlL,1,0,1,1.0
IIlM,1,0,1,1.0
IIlS,0,1,1,0.0
IIlb,0,1,1,0.0
IIln,0,1,1,0.0
IImB,2,0,2,1.0
IImH,2,0,2,1.0
IImJ,1,0,1,1.0
IImM,0,2,2,0.0
IImN,1,1,2,0.5
IImP,1,1,2,0.5
IImS,1,0,1,1.0
IIml,1,1,2,0.5
IImm,3,1,4,0.75
IIms,0,0,0,
IInB,0,1,1,0.0
IInD,1,0,1,1.0
IInH,0,1,1,0.0
IInL,0,2,2,0.0
IInM,0,0,0,
IInN,1,0,1,1.0
IInP,2,2,4,0.5
IInS,1,0,1,1.0
IInb,1,0,1,1.0
IInm,1,0,1,1.0
IInn,0,1,1,0.0
IIsD,1,0,1,1.0
IIsH,2,3,5,0.4
IIsM,0,1,1,0.0
IIsP,1,1,2,0.5
IIsS,1,3,4,0.25
IIsb,0,0,0,
IIsm,0,2,2,0.0
IIss,1,0,1,1.0
IItP,1,0,1,1.0
IKBB,1,0,1,1.0
IKBL,1,0,1,1.0
IKBb,0,1,1,0.0
IKBh,0,1,1,0.0
IKBm,1,0,1,1.0
IKBn,0,2,2,0.0
IKIK,0,1,1,0.0
IKLn,1,0,1,1.0
IKMB,0,1,1,0.0
IKMP,1,1,2,0.5
IKNS,0,1,1,0.0
IKNn,1,0,1,1.0
IKPI,0,1,1,0.0
IKPS,0,1,1,0.0
IKSD,1,0,1,1.0
IKSb,1,1,2,0.5
IKSm,1,0,1,1.0
IKSs,0,1,1,0.0
IKbb,1,1,2,0.5
IKbm,0,0,0,
IKhL,0,1,1,0.0
IKhM,0,1,1,0.0
IKhS,1,0,1,1.0
IKhb,1,0,1,1.0
IKlH,0,0,0,
IKmB,0,2,2,0.0
IKmM,0,0,0,
IKmN,0,1,1,0.0
IKmP,0,0,0,
IKmb,0,1,1,0.0
IKmm,1,0,1,1.0
IKnN,0,1,1,0.0
IKsB,0,1,1,0.0
IKsn,0,1,1,0.0
ILBB,1,1,2,0.5
ILBD,0,1,1,0.0
ILBM,1,3,4,0.25
ILBN,1,2,3,0.33
ILBP,1,0,1,1.0
ILBS,1,5,6,0.17
ILBb,0,3,3,0.0
ILBl,0,1,1,0.0
ILBm,2,1,3,0.67
ILBn,4,3,7,0.57
ILBs,0,1,1,0.0
ILDH,0,2,2,0.0
ILDL,0,1,1,0.0
ILDM,1,0,1,1.0
ILDn,0,2,2,0.0
ILDs,1,0,1,1.0
ILDt,1,0,1,1.0
ILHP,1,0,1,1.0
ILKM,0,1,1,0.0
ILKP,0,1,1,0.0
ILKS,0,1,1,0.0
ILKh,0,2,2,0.0
ILLB,2,1,3,0.67
ILLM,1,4,5,0.2
ILLN,0,2,2,0.0
ILLP,1,0,1,1.0
ILLb,0,1,1,0.0
ILLh,1,0,1,1.0
ILLm,1,2,3,0.33
ILLn,1,0,1,1.0
ILLs,1,0,1,1.0
ILMB,2,1,3,0.67
ILMD,0,0,0,
ILML,1,0,1,1.0
ILMM,1,3,4,0.25
ILMN,2,2,4,0.5
ILMP,2,2,4,0.5
ILMS,0,3,3,0.0
ILMb,1,2,3,0.33
ILMh,0,1,1,0.0
ILMj,0,1,1,0.0
ILMl,0,2,2,0.0
ILMm,2,2,4,0.5
ILMn,2,2,4,0.5
ILMs,1,2,3,0.33
ILNB,0,5,5,0.0
ILND,0,1,1,0.0
ILNH,1,2,3,0.33
ILNK,0,1,1,0.0
ILNM,3,3,6,0.5
ILNN,1,3,4,0.25
ILNP,3,1,4,0.75
ILNS,3,3,6,0.5
ILNb,0,1,1,0.0
ILNh,0,2,2,0.0
ILNl,1,0,1,1.0
ILNm,1,2,3,0.33
ILNn,0,2,2,0.0
ILNs,0,2,2,0.0
ILNt,0,0,0,
ILPB,1,2,3,0.33
ILPD,0,1,1,0.0
ILPH,0,1,1,0.0
ILPK,0,1,1,0.0
ILPL,0,2,2,0.0
ILPM,1,4,5,0.2
ILPN,0,2,2,0.0
ILPP,5,5,10,0.5
ILPS,1,2,3,0.33
ILPb,1,2,3,0.33
ILPl,3,3,6,0.5
ILPm,1,1,2,0.5
ILPn,1,3,4,0.25
ILSB,0,1,1,0.0
ILSK,1,0,1,1.0
ILSM,1,1,2,0.5
ILSN,0,2,2,0.0
ILSP,2,1,3,0.67
ILSl,0,1,1,0.0
ILSm,2,1,3,0.67
ILSn,1,0,1,1.0
ILSs,1,3,4,0.25
ILbB,0,0,0,
ILbD,1,0,1,1.0
ILbH,0,1,1,0.0
ILbL,1,0,1,1.0
ILbM,2,0,2,1.0
ILbN,1,0,1,1.0
ILbP,2,0,2,1.0
ILbS,1,0,1,1.0
ILbb,1,2,3,0.33
ILbl,0,2,2,0.0
ILbm,2,2,4,0.5
ILbn,2,1,3,0.67
ILbs,1,0,1,1.0
ILhB,1,0,1,1.0
ILhH,0,0,0,
ILhM,0,3,3,0.0
ILhN,0,1,1,0.0
ILhS,1,1,2,0.5
ILhb,0,2,2,0.0
ILhh,1,0,1,1.0
ILhm,1,0,1,1.0
ILhn,2,1,3,0.67
ILht,0,1,1,0.0
ILjB,0,1,1,0.0
ILjM,1,0,1,1.0
ILjP,0,0,0,
ILlB,1,0,1,1.0
ILlM,1,0,1,1.0
ILlN,0,1,1,0.0
ILlP,0,1,1,0.0
ILlb,2,2,4,0.5
ILlm,0,1,1,0.0
ILln,1,0,1,1.0
ILls,1,0,1,1.0
ILmB,2,1,3,0.67
ILmD,1,0,1,1.0
ILmH,0,3,3,0.0
ILmI,0,1,1,0.0
ILmL,1,0,1,1.0
ILmM,1,3,4,0.25
ILmN,4,3,7,0.57
ILmP,2,3,5,0.4
ILmS,3,3,6,0.5
ILmb,2,2,4,0.5
ILml,0,1,1,0.0
ILmm,4,4,8,0.5
ILmn,0,2,2,0.0
ILms,1,0,1,1.0
ILnB,1,3,4,0.25
ILnH,1,1,2,0.5
ILnI,1,1,2,0.5
ILnL,0,1,1,0.0
ILnM,2,2,4,0.5
ILnN,3,3,6,0.5
ILnP,4,1,5,0.8
ILnS,1,2,3,0.33
ILnb,1,3,4,0.25
ILnl,1,1,2,0.5
ILnm,3,0,3,1.0
ILnn,5,0,5,1.0
ILns,0,0,0,
ILsB,1,1,2,0.5
ILsD,1,0,1,1.0
ILsH,0,3,3,0.0
ILsI,1,0,1,1.0
ILsL,1,1,2,0.5
ILsM,2,1,3,0.67
ILsN,0,3,3,0.0
ILsP,2,0,2,1.0
ILsS,2,3,5,0.4
ILsb,3,1,4,0.75
ILsm,3,0,3,1.0
ILsn,1,0,1,1.0
ILss,1,2,3,0.33
ILtM,1,1,2,0.5
ILtP,1,1,2,0.5
ILtS,1,0,1,1.0
ILtl,1,0,1,1.0
ILtm,1,0,1,1.0
ILtn,1,0,1,1.0
IMBB,5,5,10,0.5
IMBD,1,2,3,0.33
IMBK,1,1,2,0.5
IMBL,3,5,8,0.38
IMBM,4,7,11,0.36
IMBN,4,8,12,0.33
IMBP,4,4,8,0.5
IMBS,2,3,5,0.4
IMBb,4,3,7,0.57
IMBh,0,1,1,0.0
IMBj,0,2,2,0.0
IMBl,0,2,2,0.0
IMBm,5,10,15,0.33
IMBn,6,9,15,0.4
IMBs,1,1,2,0.5
IMBt,2,0,2,1.0
IMDB,1,0,1,1.0
IMDD,1,0,1,1.0
IMDH,0,2,2,0.0
IMDM,0,2,2,0.0
IMDN,1,0,1,1.0
IMDP,1,1,2,0.5
IMDS,0,2,2,0.0
IMDb,1,1,2,0.5
IMDh,0,1,1,0.0
IMDm,1,4,5,0.2
IMDn,0,1,1,0.0
IMDs,1,3,4,0.25
IMHL,1,0,1,1.0
IMHM,0,1,1,0.0
IMHN,0,1,1,0.0
IMHS,0,1,1,0.0
IMHb,0,0,0,
IMHl,0,1,1,0.0
IMHm,1,0,1,1.0
IMHn,0,1,1,0.0
IMIB,1,0,1,1.0
IMIL,1,0,1,1.0
IMIt,0,1,1,0.0
IMKI,0,1,1,0.0
IMKM,0,2,2,0.0
IMKN,1,0,1,1.0
IMKS,0,0,0,
IMKs,1,0,1,1.0
IMLD,0,0,0,
IMLM,0,1,1,0.0
IMLN,0,3,3,0.0
IMLP,0,4,4,0.0
IMLS,2,1,3,0.67
IMLb,2,1,3,0.67
IMLh,0,1,1,0.0
IMLj,1,2,3,0.33
IMLl,1,0,1,1.0
IMLm,4,1,5,0.8
IMLn,3,4,7,0.43
IMLs,0,1,1,0.0
IMLt,1,0,1,1.0
IMMB,5,7,12,0.42
IMMD,0,0,0,
IMMI,0,1,1,0.0
IMMK,1,0,1,1.0
IMMM,12,8,20,0.6
IMMN,3,3,6,0.5
IMMP,10,13,23,0.43
IMMS,4,3,7,0.57
IMMb,9,2,11,0.82
IMMh,3,5,8,0.38
IMMl,3,3,6,0.5
IMMm,7,5,12,0.58
IMMn,8,8,16,0.5
IMMs,2,5,7,0.29
IMMt,1,1,2,0.5
IMNB,10,8,18,0.56
IMND,1,2,3,0.33
IMNH,0,1,1,0.0
IMNI,0,1,1,0.0
IMNK,0,1,1,0.0
IMNL,3,0,3,1.0
IMNM,6,8,14,0.43
IMNN,4,4,8,0.5
IMNP,12,10,22,0.55
IMNS,10,5,15,0.67
IMNb,10,3,13,0.77
IMNh,4,2,6,0.67
IMNl,2,0,2,1.0
IMNm,5,10,15,0.33
IMNn,3,7,10,0.3
IMNs,8,7,15,0.53
IMNt,1,1,2,0.5
IMPB,6,7,13,0.46
IMPD,0,2,2,0.0
IMPH,3,2,5,0.6
IMPI,3,0,3,1.0
IMPK,2,0,2,1.0
IMPL,2,3,5,0.4
IMPM,7,6,13,0.54
IMPN,10,5,15,0.67
IMPP,5,10,15,0.33
IMPS,4,3,7,0.57
IMPb,12,11,23,0.52
IMPh,0,2,2,0.0
IMPl,4,2,6,0.67
IMPm,4,7,11,0.36
IMPn,5,5,10,0.5
IMPs,6,8,14,0.43
IMPt,1,1,2,0.5
IMSB,5,1,6,0.83
IMSD,0,1,1,0.0
IMSH,2,3,5,0.4
IMSI,0,1,1,0.0
IMSL,0,1,1,0.0
IMSM,8,6,14,0.57
IMSN,8,2,10,0.8
IMSP,5,7,12,0.42
IMSS,3,7,10,0.3
IMSb,3,3,6,0.5
IMSh,2,3,5,0.4
IMSl,3,1,4,0.75
IMSm,9,0,9,1.0
IMSn,6,9,15,0.4
IMSs,2,4,6,0.33
IMSt,0,1,1,0.0
IMbB,5,1,6,0.83
IMbD,1,0,1,1.0
IMbH,2,2,4,0.5
IMbI,2,0,2,1.0
IMbJ,1,0,1,1.0
IMbL,1,0,1,1.0
IMbM,5,5,10,0.5
IMbN,4,16,20,0.2
IMbP,8,7,15,0.53
IMbS,3,6,9,0.33
IMbb,3,4,7,0.43
IMbl,3,2,5,0.6
IMbm,9,5,14,0.64
IMbn,11,5,16,0.69
IMbs,7,1,8,0.88
IMhB,5,6,11,0.45
IMhD,0,1,1,0.0
IMhH,2,2,4,0.5
IMhL,0,1,1,0.0
IMhM,5,9,14,0.36
IMhN,4,6,10,0.4
IMhP,8,4,12,0.67
IMhS,1,2,3,0.33
IMhb,3,5,8,0.38
IMhh,0,3,3,0.0
IMhl,3,2,5,0.6
IMhm,9,4,13,0.69
IMhn,3,12,15,0.2
IMhs,3,3,6,0.5
IMjB,0,1,1,0.0
IMjH,0,1,1,0.0
IMjI,1,0,1,1.0
IMjL,0,1,1,0.0
IMjM,1,0,1,1.0
IMjN,1,0,1,1.0
IMjP,1,1,2,0.5
IMjS,1,0,1,1.0
IMjb,1,2,3,0.33
IMjm,1,0,1,1.0
IMjs,1,0,1,1.0
IMlB,2,2,4,0.5
IMlH,0,2,2,0.0
IMlI,0,1,1,0.0
IMlJ,1,2,3,0.33
IMlM,2,4,6,0.33
IMlN,2,2,4,0.5
IMlP,1,2,3,0.33
IMlS,3,4,7,0.43
IMlb,0,2,2,0.0
IMll,1,0,1,1.0
IMlm,2,2,4,0.5
IMln,1,1,2,0.5
IMls,2,2,4,0.5
IMmB,5,4,9,0.56
IMmD,3,1,4,0.75
IMmH,4,4,8,0.5
IMmJ,2,2,4,0.5
IMmK,0,0,0,
IMmL,3,1,4,0.75
IMmM,7,18,25,0.28
IMmN,9,8,17,0.53
IMmP,4,8,12,0.33
IMmS,9,5,14,0.64
IMmb,7,5,12,0.58
IMml,1,0,1,1.0
IMmm,9,6,15,0.6
IMmn,7,8,15,0.47
IMms,2,6,8,0.25
IMnB,8,2,10,0.8
IMnD,3,0,3,1.0
IMnH,6,2,8,0.75
IMnI,2,2,4,0.5
IMnK,0,2,2,0.0
IMnL,1,2,3,0.33
IMnM,7,16,23,0.3
IMnN,8,11,19,0.42
IMnP,10,6,16,0.62
IMnS,5,8,13,0.38
IMnb,2,9,11,0.18
IMnh,1,1,2,0.5
IMnl,4,1,5,0.8
IMnm,10,7,17,0.59
IMnn,6,13,19,0.32
IMns,9,10,19,0.47
IMsB,2,1,3,0.67
IMsD,1,2,3,0.33
IMsH,6,9,15,0.4
IMsI,2,0,2,1.0
IMsK,1,0,1,1.0
IMsL,0,1,1,0.0
IMsM,5,5,10,0.5
IMsN,7,6,13,0.54
IMsP,6,8,14,0.43
IMsS,5,3,8,0.62
IMsb,5,3,8,0.62
IMsh,0,1,1,0.0
IMsm,6,6,12,0.5
IMsn,3,6,9,0.33
IMss,5,9,14,0.36
IMtB,3,1,4,0.75
IMtH,0,2,2,0.0
IMtI,1,0,1,1.0
IMtM,2,0,2,1.0
IMtN,3,0,3,1.0
IMtP,1,1,2,0.5
IMtS,1,1,2,0.5
IMtb,0,1,1,0.0
IMtl,0,1,1,0.0
IMtm,1,2,3,0.33
IMtn,1,0,1,1.0
IMts,2,0,2,1.0
IMtt,0,1,1,0.0
INBB,0,1,1,0.0
INBD,0,0,0,
INBK,0,1,1,0.0
INBL,0,2,2,0.0
INBM,5,8,13,0.38
INBN,6,4,10,0.6
INBP,6,4,10,0.6
INBS,6,0,6,1.0
INBb,3,5,8,0.38
INBj,1,1,2,0.5
INBl,0,0,0,
INBm,7,3,10,0.7
INBn,9,8,17,0.53
INBs,3,2,5,0.6
INBt,2,0,2,1.0
INDB,0,1,1,0.0
INDH,1,1,2,0.5
INDL,0,1,1,0.0
INDM,1,3,4,0.25
INDN,0,1,1,0.0
INDP,0,1,1,0.0
INDS,1,3,4,0.25
INDm,4,1,5,0.8
INDn,1,0,1,1.0
INDs,0,2,2,0.0
INHB,1,1,2,0.5
INHL,0,1,1,0.0
INHN,0,0,0,
INHP,1,0,1,1.0
INHS,0,1,1,0.0
INHm,1,1,2,0.5
INHn,0,1,1,0.0
INHs,2,1,3,0.67
INIS,1,3,4,0.25
INIb,0,0,0,
INIs,0,0,0,
INKB,0,0,0,
INKM,0,1,1,0.0
INKP,0,1,1,0.0
INKl,1,0,1,1.0
INKn,0,1,1,0.0
INKs,2,0,2,1.0
INLB,0,1,1,0.0
INLD,0,1,1,0.0
INLK,0,1,1,0.0
INLL,3,0,3,1.0
INLM,1,5,6,0.17
INLN,0,2,2,0.0
INLP,2,4,6,0.33
INLS,1,0,1,1.0
INLb,1,0,1,1.0
INLj,1,0,1,1.0
INLl,0,1,1,0.0
INLm,2,4,6,0.33
INLn,2,4,6,0.33
INLs,0,3,3,0.0
INMB,6,4,10,0.6
INMD,1,1,2,0.5
INML,2,1,3,0.67
INMM,3,13,16,0.19
INMN,8,8,16,0.5
INMP,7,14,21,0.33
INMS,1,2,3,0.33
INMb,8,4,12,0.67
INMh,4,3,7,0.57
INMj,1,2,3,0.33
INMl,0,3,3,0.0
INMm,10,2,12,0.83
INMn,4,7,11,0.36
INMs,4,4,8,0.5
INNB,8,11,19,0.42
INND,2,1,3,0.67
INNH,2,1,3,0.67
INNM,8,7,15,0.53
INNN,8,7,15,0.53
INNP,10,1,11,0.91
INNS,9,7,16,0.56
INNb,5,5,10,0.5
INNh,1,2,3,0.33
INNl,1,4,5,0.2
INNm,2,12,14,0.14
INNn,8,7,15,0.53
INNs,5,6,11,0.45
INPB,4,1,5,0.8
INPD,1,0,1,1.0
INPH,3,5,8,0.38
INPI,1,0,1,1.0
INPK,0,1,1,0.0
INPL,2,3,5,0.4
INPM,7,7,14,0.5
INPN,7,8,15,0.47
INPP,8,11,19,0.42
INPS,8,7,15,0.53
INPb,5,4,9,0.56
INPh,1,0,1,1.0
INPl,3,3,6,0.5
INPm,8,8,16,0.5
INPn,7,7,14,0.5
INPs,7,4,11,0.64
INSB,1,3,4,0.25
INSD,1,0,1,1.0
INSH,3,2,5,0.6
INSI,0,0,0,
INSL,1,1,2,0.5
INSM,6,6,12,0.5
INSN,5,6,11,0.45
INSP,1,8,9,0.11
INSS,10,6,16,0.62
INSb,3,1,4,0.75
INSh,0,5,5,0.0
INSl,3,1,4,0.75
INSm,8,7,15,0.53
INSn,4,3,7,0.57
INSs,7,3,10,0.7
INSt,1,3,4,0.25
INbB,2,1,3,0.67
INbH,0,1,1,0.0
INbJ,2,0,2,1.0
INbK,1,1,2,0.5
INbL,1,2,3,0.33
INbM,10,6,16,0.62
INbN,0,7,7,0.0
INbP,3,5,8,0.38
INbS,3,3,6,0.5
INbb,7,3,10,0.7
INbl,3,3,6,0.5
INbm,4,3,7,0.57
INbn,4,4,8,0.5
INbs,3,1,4,0.75
INhB,2,3,5,0.4
INhH,0,1,1,0.0
INhL,0,0,0,
INhM,1,1,2,0.5
INhN,2,2,4,0.5
INhP,3,4,7,0.43
INhS,1,2,3,0.33
INhb,2,0,2,1.0
INhh,2,0,2,1.0
INhm,3,3,6,0.5
INhn,3,1,4,0.75
INhs,1,1,2,0.5
INht,1,0,1,1.0
INlB,1,2,3,0.33
INlH,2,0,2,1.0
INlI,1,1,2,0.5
INlM,1,3,4,0.25
INlN,1,4,5,0.2
INlP,0,2,2,0.0
INlS,0,2,2,0.0
INlb,3,1,4,0.75
INlh,0,1,1,0.0
INll,4,0,4,1.0
INlm,4,1,5,0.8
INln,3,1,4,0.75
INls,1,0,1,1.0
INmB,5,5,10,0.5
INmD,2,2,4,0.5
INmH,2,2,4,0.5
INmI,0,1,1,0.0
INmJ,2,0,2,1.0
INmL,0,0,0,
INmM,6,4,10,0.6
INmN,7,8,15,0.47
INmP,8,7,15,0.53
INmS,4,3,7,0.57
INmb,8,5,13,0.62
INml,3,3,6,0.5
INmm,11,7,18,0.61
INmn,11,4,15,0.73
INms,0,5,5,0.0
INnB,5,5,10,0.5
INnD,0,4,4,0.0
INnH,4,4,8,0.5
INnI,4,0,4,1.0
INnL,0,3,3,0.0
INnM,13,11,24,0.54
INnN,8,7,15,0.53
INnP,8,8,16,0.5
INnS,12,5,17,0.71
INnb,5,7,12,0.42
INnl,1,2,3,0.33
INnm,9,6,15,0.6
INnn,8,10,18,0.44
INns,3,2,5,0.6
INsB,2,2,4,0.5
INsD,0,1,1,0.0
INsH,5,10,15,0.33
INsI,0,1,1,0.0
INsK,0,1,1,0.0
INsM,3,7,10,0.3
INsN,4,4,8,0.5
INsP,5,7,12,0.42
INsS,5,4,9,0.56
INsb,4,1,5,0.8
INsl,1,3,4,0.25
INsm,8,9,17,0.47
INsn,1,6,7,0.14
INss,2,5,7,0.29
INtB,1,1,2,0.5
INtH,1,0,1,1.0
INtK,2,0,2,1.0
INtL,0,1,1,0.0
INtM,0,2,2,0.0
INtN,2,1,3,0.67
INtP,2,1,3,0.67
INtS,2,0,2,1.0
INtb,2,0,2,1.0
INtm,2,0,2,1.0
INtn,1,1,2,0.5
INts,0,2,2,0.0
IPBB,3,8,11,0.27
IPBL,5,1,6,0.83
IPBM,9,4,13,0.69
IPBN,7,1,8,0.88
IPBP,7,6,13,0.54
IPBS,3,4,7,0.43
IPBb,5,4,9,0.56
IPBh,1,2,3,0.33
IPBj,1,0,1,1.0
IPBl,3,3,6,0.5
IPBm,8,4,12,0.67
IPBn,7,3,10,0.7
IPBs,2,4,6,0.33
IPBt,0,2,2,0.0
IPDD,1,0,1,1.0
IPDH,1,0,1,1.0
IPDL,0,1,1,0.0
IPDM,1,1,2,0.5
IPDP,2,2,4,0.5
IPDS,1,0,1,1.0
IPDb,1,0,1,1.0
IPDl,0,1,1,0.0
IPDm,3,1,4,0.75
IPDn,1,0,1,1.0
IPDs,0,1,1,0.0
IPHB,0,1,1,0.0
IPHH,1,1,2,0.5
IPHL,1,2,3,0.33
IPHM,1,3,4,0.25
IPHN,1,1,2,0.5
IPHP,3,5,8,0.38
IPHS,3,1,4,0.75
IPHb,1,0,1,1.0
IPHh,0,2,2,0.0
IPHl,0,2,2,0.0
IPHm,1,2,3,0.33
IPHn,5,0,5,1.0
IPHs,1,1,2,0.5
IPIB,0,2,2,0.0
IPIH,1,2,3,0.33
IPIM,1,2,3,0.33
IPIN,0,2,2,0.0
IPIP,0,4,4,0.0
IPIS,1,0,1,1.0
IPIb,1,1,2,0.5
IPIh,1,0,1,1.0
IPIl,1,1,2,0.5
IPIm,2,2,4,0.5
IPIs,0,0,0,
IPKB,0,1,1,0.0
IPKL,1,0,1,1.0
IPKM,4,1,5,0.8
IPKN,0,0,0,
IPKP,2,1,3,0.67
IPKS,0,1,1,0.0
IPKh,0,1,1,0.0
IPKl,1,0,1,1.0
IPKm,0,1,1,0.0
IPKn,1,0,1,1.0
IPKs,2,2,4,0.5
IPLD,1,0,1,1.0
IPLL,0,0,0,
IPLM,1,1,2,0.5
IPLN,4,0,4,1.0
IPLP,1,2,3,0.33
IPLS,3,4,7,0.43
IPLb,3,3,6,0.5
IPLh,0,1,1,0.0
IPLl,1,1,2,0.5
IPLm,5,2,7,0.71
IPLn,3,3,6,0.5
IPLs,4,5,9,0.44
IPLt,0,1,1,0.0
IPMB,7,9,16,0.44
IPMD,2,1,3,0.67
IPMI,1,0,1,1.0
IPMK,0,3,3,0.0
IPML,1,3,4,0.25
IPMM,5,17,22,0.23
IPMN,6,5,11,0.55
IPMP,5,7,12,0.42
IPMS,6,9,15,0.4
IPMb,8,6,14,0.57
IPMh,1,6,7,0.14
IPMj,2,3,5,0.4
IPMl,3,6,9,0.33
IPMm,10,14,24,0.42
IPMn,8,9,17,0.47
IPMs,2,6,8,0.25
IPNB,2,4,6,0.33
IPNH,2,2,4,0.5
IPNK,1,0,1,1.0
IPNL,1,1,2,0.5
IPNM,9,5,14,0.64
IPNN,6,2,8,0.75
IPNP,6,7,13,0.46
IPNS,7,9,16,0.44
IPNb,8,2,10,0.8
IPNh,2,2,4,0.5
IPNl,1,3,4,0.25
IPNm,7,4,11,0.64
IPNn,4,10,14,0.29
IPNs,5,6,11,0.45
IPNt,2,2,4,0.5
IPPB,8,5,13,0.62
IPPH,2,0,2,1.0
IPPI,1,1,2,0.5
IPPK,2,1,3,0.67
IPPL,6,1,7,0.86
IPPM,11,13,24,0.46
IPPN,5,2,7,0.71
IPPP,9,8,17,0.53
IPPS,10,7,17,0.59
IPPb,7,5,12,0.58
IPPh,3,2,5,0.6
IPPl,4,2,6,0.67
IPPm,16,5,21,0.76
IPPn,7,5,12,0.58
IPPs,3,4,7,0.43
IPPt,0,1,1,0.0
IPSB,6,4,10,0.6
IPSH,2,5,7,0.29
IPSK,1,0,1,1.0
IPSL,1,2,3,0.33
IPSM,7,5,12,0.58
IPSN,4,4,8,0.5
IPSP,7,6,13,0.54
IPSS,7,3,10,0.7
IPSb,4,7,11,0.36
IPSh,4,3,7,0.57
IPSl,2,1,3,0.67
IPSm,9,4,13,0.69
IPSn,0,2,2,0.0
IPSs,8,4,12,0.67
IPSt,0,0,0,
IPbB,7,10,17,0.41
IPbD,0,1,1,0.0
IPbH,1,1,2,0.5
IPbJ,0,2,2,0.0
IPbK,1,0,1,1.0
IPbL,2,5,7,0.29
IPbM,4,6,10,0.4
IPbN,5,4,9,0.56
IPbP,8,5,13,0.62
IPbS,3,4,7,0.43
IPbb,11,5,16,0.69
IPbl,2,2,4,0.5
IPbm,2,2,4,0.5
IPbn,1,2,3,0.33
IPbs,4,1,5,0.8
IPhB,0,0,0,
IPhD,0,1,1,0.0
IPhH,0,0,0,
IPhN,1,2,3,0.33
IPhP,4,0,4,1.0
IPhb,1,0,1,1.0
IPhh,0,1,1,0.0
IPhm,4,1,5,0.8
IPhn,0,0,0,
IPhs,0,1,1,0.0
IPht,0,0,0,
IPlB,1,2,3,0.33
IPlD,2,1,3,0.67
IPlH,2,1,3,0.67
IPlJ,1,0,1,1.0
IPlL,1,2,3,0.33
IPlM,3,2,5,0.6
IPlN,0,4,4,0.0
IPlP,0,1,1,0.0
IPlS,1,1,2,0.5
IPlb,2,2,4,0.5
IPll,1,0,1,1.0
IPlm,3,3,6,0.5
IPln,1,1,2,0.5
IPls,1,3,4,0.25
IPmB,13,7,20,0.65
IPmD,2,3,5,0.4
IPmH,8,7,15,0.53
IPmI,1,0,1,1.0
IPmJ,1,3,4,0.25
IPmL,3,4,7,0.43
IPmM,12,7,19,0.63
IPmN,8,5,13,0.62
IPmP,4,7,11,0.36
IPmS,3,6,9,0.33
IPmb,7,9,16,0.44
IPmh,0,1,1,0.0
IPml,4,1,5,0.8
IPmm,11,6,17,0.65
IPmn,2,4,6,0.33
IPms,4,1,5,0.8
IPmt,0,1,1,0.0
IPnB,4,2,6,0.67
IPnH,0,3,3,0.0
IPnI,1,0,1,1.0
IPnK,0,1,1,0.0
IPnL,2,3,5,0.4
IPnM,7,9,16,0.44
IPnN,9,10,19,0.47
IPnP,10,9,19,0.53
IPnS,4,6,10,0.4
IPnb,5,3,8,0.62
IPnh,1,0,1,1.0
IPnl,3,1,4,0.75
IPnm,3,10,13,0.23
IPnn,3,13,16,0.19
IPns,1,2,3,0.33
IPsB,8,2,10,0.8
IPsH,4,1,5,0.8
IPsI,2,2,4,0.5
IPsL,2,2,4,0.5
IPsM,4,5,9,0.44
IPsN,5,3,8,0.62
IPsP,9,6,15,0.6
IPsS,11,7,18,0.61
IPsb,6,7,13,0.46
IPsh,2,1,3,0.67
IPsl,1,1,2,0.5
IPsm,7,4,11,0.64
IPsn,1,4,5,0.2
IPss,5,7,12,0.42
IPtB,1,3,4,0.25
IPtN,0,2,2,0.0
IPtP,1,2,3,0.33
IPtS,1,1,2,0.5
IPts,0,3,3,0.0
IPtt,1,0,1,1.0
ISBB,4,9,13,0.31
ISBD,1,0,1,1.0
ISBK,1,1,2,0.5
ISBL,1,0,1,1.0
ISBM,3,2,5,0.6
ISBN,4,5,9,0.44
ISBP,1,5,6,0.17
ISBS,2,5,7,0.29
ISBb,1,4,5,0.2
ISBj,0,1,1,0.0
ISBl,1,2,3,0.33
ISBm,5,5,10,0.5
ISBn,2,5,7,0.29
ISBs,7,3,10,0.7
ISBt,1,1,2,0.5
ISDB,0,2,2,0.0
ISDH,1,2,3,0.33
ISDI,0,0,0,
ISDK,1,1,2,0.5
ISDL,1,0,1,1.0
ISDM,1,0,1,1.0
ISDP,1,0,1,1.0
ISDS,2,1,3,0.67
ISDb,0,2,2,0.0
ISDh,0,1,1,0.0
ISDm,0,2,2,0.0
ISDn,1,0,1,1.0
ISDs,1,2,3,0.33
ISHH,1,1,2,0.5
ISHI,0,2,2,0.0
ISHK,0,1,1,0.0
ISHL,0,2,2,0.0
ISHM,1,4,5,0.2
ISHN,2,2,4,0.5
ISHP,1,3,4,0.25
ISHS,1,3,4,0.25
ISHb,0,4,4,0.0
ISHh,1,0,1,1.0
ISHl,0,0,0,
ISHm,3,6,9,0.33
ISHn,1,4,5,0.2
ISHs,1,2,3,0.33
ISHt,0,0,0,
ISIB,0,1,1,0.0
ISIM,0,1,1,0.0
ISIS,0,0,0,
ISIb,1,1,2,0.5
ISIh,0,0,0,
ISIm,1,1,2,0.5
ISIn,1,0,1,1.0
ISIs,2,0,2,1.0
ISKM,0,1,1,0.0
ISKP,1,0,1,1.0
ISKm,1,0,1,1.0
ISLB,0,2,2,0.0
ISLD,0,1,1,0.0
ISLM,1,0,1,1.0
ISLN,2,2,4,0.5
ISLP,0,1,1,0.0
ISLS,2,2,4,0.5
ISLb,1,0,1,1.0
ISLh,1,0,1,1.0
ISLl,1,0,1,1.0
ISLm,5,5,10,0.5
ISLs,1,2,3,0.33
ISMB,5,8,13,0.38
ISMD,4,2,6,0.67
ISMH,0,0,0,
ISMK,1,1,2,0.5
ISML,1,0,1,1.0
ISMM,7,8,15,0.47
ISMN,6,7,13,0.46
ISMP,2,11,13,0.15
ISMS,6,11,17,0.35
ISMb,12,10,22,0.55
ISMh,2,9,11,0.18
ISMj,1,1,2,0.5
ISMl,0,2,2,0.0
ISMm,11,12,23,0.48
ISMn,4,5,9,0.44
ISMs,4,6,10,0.4
ISMt,0,1,1,0.0
ISNB,4,1,5,0.8
ISND,1,2,3,0.33
ISNH,0,0,0,
ISNK,2,1,3,0.67
ISNL,2,0,2,1.0
ISNM,2,3,5,0.4
ISNN,5,8,13,0.38
ISNP,5,5,10,0.5
ISNS,3,4,7,0.43
ISNb,5,5,10,0.5
ISNh,0,1,1,0.0
ISNl,1,0,1,1.0
ISNm,1,6,7,0.14
ISNn,5,1,6,0.83
ISNs,6,1,7,0.86
ISNt,0,1,1,0.0
ISPB,5,5,10,0.5
ISPD,0,2,2,0.0
ISPI,1,1,2,0.5
ISPK,0,1,1,0.0
ISPL,1,0,1,1.0
ISPM,8,11,19,0.42
ISPN,5,8,13,0.38
ISPP,5,6,11,0.45
ISPS,6,3,9,0.67
ISPb,5,2,7,0.71
ISPh,0,2,2,0.0
ISPl,2,3,5,0.4
ISPm,6,8,14,0.43
ISPn,5,4,9,0.56
ISPs,8,3,11,0.73
ISPt,0,0,0,
ISSB,4,5,9,0.44
ISSD,0,3,3,0.0
ISSH,2,4,6,0.33
ISSI,1,1,2,0.5
ISSK,0,1,1,0.0
ISSL,0,2,2,0.0
ISSM,8,8,16,0.5
ISSN,5,5,10,0.5
ISSP,8,7,15,0.53
ISSS,17,17,34,0.5
ISSb,3,8,11,0.27
ISSh,3,4,7,0.43
ISSl,0,1,1,0.0
ISSm,15,8,23,0.65
ISSn,9,4,13,0.69
ISSs,7,9,16,0.44
ISSt,2,0,2,1.0
ISbB,4,4,8,0.5
ISbD,2,1,3,0.67
ISbI,1,1,2,0.5
ISbJ,2,2,4,0.5
ISbK,0,1,1,0.0
ISbL,1,1,2,0.5
ISbM,7,1,8,0.88
ISbN,2,3,5,0.4
ISbP,7,4,11,0.64
ISbS,2,4,6,0.33
ISbb,4,2,6,0.67
ISbl,1,1,2,0.5
ISbm,6,4,10,0.6
ISbn,2,6,8,0.25
ISbs,2,6,8,0.25
IShB,6,0,6,1.0
IShH,0,0,0,
IShL,0,1,1,0.0
IShM,4,6,10,0.4
IShN,3,0,3,1.0
IShP,3,5,8,0.38
IShS,1,8,9,0.11
IShb,1,0,1,1.0
IShh,1,3,4,0.25
IShl,1,0,1,1.0
IShm,2,1,3,0.67
IShn,0,1,1,0.0
IShs,7,2,9,0.78
ISht,1,1,2,0.5
ISlB,0,1,1,0.0
ISlH,0,1,1,0.0
ISlI,0,1,1,0.0
ISlJ,0,1,1,0.0
ISlL,0,1,1,0.0
ISlM,2,1,3,0.67
ISlN,0,3,3,0.0
ISlP,1,1,2,0.5
ISlS,2,1,3,0.67
ISlb,2,3,5,0.4
ISlm,3,0,3,1.0
ISln,3,3,6,0.5
ISls,1,2,3,0.33
ISmB,5,1,6,0.83
ISmD,0,1,1,0.0
ISmH,6,2,8,0.75
ISmI,2,1,3,0.67
ISmJ,1,1,2,0.5
ISmL,1,2,3,0.33
ISmM,6,4,10,0.6
ISmN,7,9,16,0.44
ISmP,9,7,16,0.56
ISmS,2,7,9,0.22
ISmb,7,5,12,0.58
ISml,5,0,5,1.0
ISmm,8,7,15,0.53
ISmn,5,4,9,0.56
ISms,5,2,7,0.71
ISnB,3,1,4,0.75
ISnD,1,1,2,0.5
ISnH,1,4,5,0.2
ISnI,2,0,2,1.0
ISnK,1,0,1,1.0
ISnL,0,4,4,0.0
ISnM,8,3,11,0.73
ISnN,3,5,8,0.38
ISnP,2,8,10,0.2
ISnS,4,7,11,0.36
ISnb,2,3,5,0.4
ISnh,1,0,1,1.0
ISnl,1,1,2,0.5
ISnm,4,5,9,0.44
ISnn,4,1,5,0.8
ISns,3,2,5,0.6
ISnt,1,0,1,1.0
ISsB,6,4,10,0.6
ISsD,0,2,2,0.0
ISsH,6,7,13,0.46
ISsI,2,1,3,0.67
ISsL,3,1,4,0.75
ISsM,8,7,15,0.53
ISsN,6,10,16,0.38
ISsP,2,6,8,0.25
ISsS,9,8,17,0.53
ISsb,5,2,7,0.71
ISsh,2,0,2,1.0
ISsl,3,2,5,0.6
ISsm,14,8,22,0.64
ISsn,5,6,11,0.45
ISss,12,15,27,0.44
IStB,2,1,3,0.67
IStH,1,0,1,1.0
IStI,0,0,0,
IStK,0,1,1,0.0
IStL,0,0,0,
IStM,0,1,1,0.0
IStN,0,1,1,0.0
IStS,1,1,2,0.5
IStb,2,1,3,0.67
IStl,0,1,1,0.0
IStm,1,1,2,0.5
IStn,1,1,2,0.5
ISts,1,1,2,0.5
IStt,0,1,1,0.0
IbBB,6,3,9,0.67
IbBH,1,0,1,1.0
IbBK,1,0,1,1.0
IbBL,1,0,1,1.0
IbBM,6,6,12,0.5
IbBN,5,6,11,0.45
IbBP,2,5,7,0.29
IbBS,2,3,5,0.4
IbBb,8,8,16,0.5
IbBh,0,1,1,0.0
IbBj,1,1,2,0.5
IbBl,0,2,2,0.0
IbBm,8,5,13,0.62
IbBn,5,5,10,0.5
IbBs,3,7,10,0.3
IbBt,1,0,1,1.0
IbDB,1,1,2,0.5
IbDL,0,1,1,0.0
IbDM,1,0,1,1.0
IbDP,0,1,1,0.0
IbDS,1,0,1,1.0
IbDb,2,1,3,0.67
IbDn,1,0,1,1.0
IbHB,3,1,4,0.75
IbHH,1,0,1,1.0
IbHI,1,0,1,1.0
IbHM,0,0,0,
IbHN,0,1,1,0.0
IbHP,4,1,5,0.8
IbHS,1,1,2,0.5
IbHb,1,1,2,0.5
IbHh,1,0,1,1.0
IbHm,0,2,2,0.0
IbHn,1,1,2,0.5
IbHs,2,0,2,1.0
IbIN,1,0,1,1.0
IbIP,0,1,1,0.0
IbIS,0,1,1,0.0
IbIm,0,0,0,
IbIn,3,0,3,1.0
IbJB,1,3,4,0.25
IbJL,0,0,0,
IbJM,0,2,2,0.0
IbJN,0,1,1,0.0
IbJP,1,6,7,0.14
IbJS,2,1,3,0.67
IbJb,2,1,3,0.67
IbJm,2,5,7,0.29
IbJn,2,1,3,0.67
IbKI,0,0,0,
IbKM,0,3,3,0.0
IbKN,1,1,2,0.5
IbKP,1,0,1,1.0
IbKm,2,0,2,1.0
IbKn,0,1,1,0.0
IbKs,1,3,4,0.25
IbLB,1,1,2,0.5
IbLL,1,1,2,0.5
IbLM,1,2,3,0.33
IbLN,1,2,3,0.33
IbLP,2,0,2,1.0
IbLS,0,1,1,0.0
IbLb,1,0,1,1.0
IbLh,1,0,1,1.0
IbLj,1,0,1,1.0
IbLl,0,0,0,
IbLm,6,1,7,0.86
IbLn,1,2,3,0.33
IbLs,2,0,2,1.0
IbLt,0,1,1,0.0
IbMB,3,6,9,0.33
IbMD,1,1,2,0.5
IbMH,1,0,1,1.0
IbMK,0,1,1,0.0
IbML,2,0,2,1.0
IbMM,5,7,12,0.42
IbMN,8,8,16,0.5
IbMP,5,7,12,0.42
IbMS,4,5,9,0.44
IbMb,4,7,11,0.36
IbMh,3,3,6,0.5
IbMj,1,2,3,0.33
IbMl,1,3,4,0.25
IbMm,7,10,17,0.41
IbMn,10,8,18,0.56
IbMs,4,4,8,0.5
IbMt,2,2,4,0.5
IbNB,6,5,11,0.55
IbNH,2,0,2,1.0
IbNK,2,1,3,0.67
IbNL,2,1,3,0.67
IbNM,9,4,13,0.69
IbNN,6,3,9,0.67
IbNP,7,5,12,0.58
IbNS,3,4,7,0.43
IbNb,3,5,8,0.38
IbNh,1,5,6,0.17
IbNl,2,3,5,0.4
IbNm,11,7,18,0.61
IbNn,12,8,20,0.6
IbNs,6,3,9,0.67
IbNt,1,0,1,1.0
IbPB,6,3,9,0.67
IbPD,0,1,1,0.0
IbPH,2,3,5,0.4
IbPI,2,0,2,1.0
IbPK,1,2,3,0.33
IbPL,3,4,7,0.43
IbPM,1,10,11,0.09
IbPN,4,3,7,0.57
IbPP,9,8,17,0.53
IbPS,5,8,13,0.38
IbPb,8,12,20,0.4
IbPh,0,1,1,0.0
IbPl,2,2,4,0.5
IbPm,11,5,16,0.69
IbPn,4,2,6,0.67
IbPs,0,2,2,0.0
IbPt,1,0,1,1.0
IbSB,0,3,3,0.0
IbSD,1,0,1,1.0
IbSH,1,0,1,1.0
IbSM,3,4,7,0.43
IbSN,0,1,1,0.0
IbSP,6,2,8,0.75
IbSS,7,2,9,0.78
IbSb,2,3,5,0.4
IbSh,0,3,3,0.0
IbSl,1,3,4,0.25
IbSm,4,1,5,0.8
IbSn,2,1,3,0.67
IbSs,4,1,5,0.8
IbSt,1,1,2,0.5
IbbB,5,6,11,0.45
IbbD,1,1,2,0.5
IbbH,0,1,1,0.0
IbbI,1,1,2,0.5
IbbJ,1,1,2,0.5
IbbK,0,1,1,0.0
IbbL,3,3,6,0.5
IbbM,9,5,14,0.64
IbbN,9,7,16,0.56
IbbP,5,6,11,0.45
IbbS,7,3,10,0.7
Ibbb,10,8,18,0.56
Ibbh,0,1,1,0.0
Ibbl,0,3,3,0.0
Ibbm,9,1,10,0.9
Ibbn,5,6,11,0.45
Ibbs,4,1,5,0.8
Ibhb,1,0,1,1.0
IblB,1,3,4,0.25
IblD,0,0,0,
IblH,1,0,1,1.0
IblI,1,0,1,1.0
IblL,0,1,1,0.0
IblM,5,2,7,0.71
IblN,1,1,2,0.5
IblP,2,1,3,0.67
IblS,1,2,3,0.33
Iblb,4,2,6,0.67
Iblm,1,3,4,0.25
Ibln,2,1,3,0.67
Ibls,1,0,1,1.0
IbmB,10,6,16,0.62
IbmD,0,0,0,
IbmH,3,3,6,0.5
IbmL,0,0,0,
IbmM,7,4,11,0.64
IbmN,7,4,11,0.64
IbmP,7,8,15,0.47
IbmS,5,3,8,0.62
Ibmb,4,6,10,0.4
Ibml,1,3,4,0.25
Ibmm,6,4,10,0.6
Ibmn,5,1,6,0.83
Ibms,3,2,5,0.6
IbnB,1,3,4,0.25
IbnD,0,0,0,
IbnH,3,2,5,0.6
IbnI,0,1,1,0.0
IbnL,1,2,3,0.33
IbnM,3,7,10,0.3
IbnN,5,4,9,0.56
IbnP,5,4,9,0.56
IbnS,2,4,6,0.33
Ibnb,4,4,8,0.5
Ibnh,1,0,1,1.0
Ibnl,3,0,3,1.0
Ibnm,3,4,7,0.43
Ibnn,4,6,10,0.4
Ibns,1,3,4,0.25
IbsB,3,0,3,1.0
IbsH,2,2,4,0.5
IbsL,1,2,3,0.33
IbsM,4,4,8,0.5
IbsN,3,4,7,0.43
IbsP,6,3,9,0.67
IbsS,4,4,8,0.5
Ibsb,1,1,2,0.5
Ibsl,0,3,3,0.0
Ibsm,2,1,3,0.67
Ibsn,1,5,6,0.17
Ibss,3,3,6,0.5
IhBB,0,1,1,0.0
IhBK,0,0,0,
IhBN,1,1,2,0.5
IhBS,0,1,1,0.0
IhBb,1,1,2,0.5
IhBh,1,0,1,1.0
IhBj,0,1,1,0.0
IhHM,1,0,1,1.0
IhIH,1,0,1,1.0
IhIN,1,0,1,1.0
IhIP,2,0,2,1.0
IhIb,1,0,1,1.0
IhLD,1,0,1,1.0
IhLM,1,0,1,1.0
IhLN,0,1,1,0.0
IhLb,0,1,1,0.0
IhMK,1,0,1,1.0
IhMN,1,0,1,1.0
IhMS,0,1,1,0.0
IhMb,0,1,1,0.0
IhMm,2,1,3,0.67
IhMn,1,2,3,0.33
IhNB,0,1,1,0.0
IhNM,0,0,0,
IhNP,0,0,0,
IhNb,1,1,2,0.5
IhNm,0,1,1,0.0
IhPB,0,1,1,0.0
IhPK,0,1,1,0.0
IhPM,1,0,1,1.0
IhPN,0,1,1,0.0
IhPS,0,0,0,
IhPb,0,1,1,0.0
IhPl,1,0,1,1.0
IhPm,1,0,1,1.0
IhSB,1,0,1,1.0
IhSH,1,0,1,1.0
IhSM,1,0,1,1.0
IhSP,1,0,1,1.0
IhSl,1,0,1,1.0
IhSm,0,2,2,0.0
IhSn,1,0,1,1.0
IhSs,1,1,2,0.5
IhbB,0,2,2,0.0
IhbL,0,0,0,
Ihbm,0,0,0,
IhhB,1,0,1,1.0
IhhL,0,1,1,0.0
Ihhm,0,1,1,0.0
Ihhn,0,1,1,0.0
Ihhs,1,0,1,1.0
IhlB,0,0,0,
IhmM,1,2,3,0.33
IhmN,1,0,1,1.0
IhmP,1,0,1,1.0
Ihmm,2,0,2,1.0
Ihms,1,0,1,1.0
IhnD,0,1,1,0.0
IhnK,0,1,1,0.0
IhnM,1,2,3,0.33
IhnP,1,0,1,1.0
IhnS,1,0,1,1.0
Ihnm,1,0,1,1.0
Ihns,1,1,2,0.5
IhsB,2,0,2,1.0
IhsL,1,0,1,1.0
IhsM,0,1,1,0.0
IhsN,0,1,1,0.0
IhsP,0,1,1,0.0
IhsS,0,1,1,0.0
Ihsm,0,0,0,
Ihsn,1,0,1,1.0
Ihss,0,1,1,0.0
IlBB,4,2,6,0.67
IlBD,1,0,1,1.0
IlBK,1,0,1,1.0
IlBM,0,0,0,
IlBN,3,0,3,1.0
IlBP,1,2,3,0.33
IlBS,1,0,1,1.0
IlBb,1,2,3,0.33
IlBj,1,0,1,1.0
IlBm,6,1,7,0.86
IlBn,0,1,1,0.0
IlBs,1,2,3,0.33
IlBt,0,0,0,
IlDH,2,0,2,1.0
IlDN,0,1,1,0.0
IlDs,0,1,1,0.0
IlHB,2,0,2,1.0
IlHM,0,1,1,0.0
IlHN,0,1,1,0.0
IlHP,1,3,4,0.25
IlHS,2,0,2,1.0
IlHb,0,0,0,
IlHh,1,0,1,1.0
IlHl,0,1,1,0.0
IlHm,1,0,1,1.0
IlHn,1,2,3,0.33
IlHs,2,0,2,1.0
IlID,1,0,1,1.0
IlIL,1,0,1,1.0
IlIM,1,0,1,1.0
IlIS,0,1,1,0.0
IlIs,1,0,1,1.0
IlIt,0,0,0,
IlJB,1,0,1,1.0
IlJL,1,0,1,1.0
IlJM,1,0,1,1.0
IlJN,1,0,1,1.0
IlJP,0,1,1,0.0
IlJS,0,0,0,
IlJb,1,0,1,1.0
IlJl,0,1,1,0.0
IlJn,1,0,1,1.0
IlJs,0,1,1,0.0
IlKP,0,1,1,0.0
IlKl,1,0,1,1.0
IlKs,2,0,2,1.0
IlLM,1,1,2,0.5
IlLN,1,1,2,0.5
IlLP,0,1,1,0.0
IlLS,0,2,2,0.0
IlLh,0,2,2,0.0
IlLl,1,0,1,1.0
IlLm,3,1,4,0.75
IlLn,1,1,2,0.5
IlLs,0,0,0,
IlLt,1,0,1,1.0
IlMB,1,1,2,0.5
IlMD,0,1,1,0.0
IlMM,1,3,4,0.25
IlMN,1,2,3,0.33
IlMP,1,5,6,0.17
IlMS,0,0,0,
IlMb,3,2,5,0.6
IlMh,1,4,5,0.2
IlMj,1,0,1,1.0
IlMl,0,4,4,0.0
IlMm,2,2,4,0.5
IlMn,2,6,8,0.25
IlMs,1,2,3,0.33
IlMt,0,1,1,0.0
IlNB,3,2,5,0.6
IlND,1,0,1,1.0
IlNH,1,0,1,1.0
IlNL,1,1,2,0.5
IlNM,2,5,7,0.29
IlNN,6,3,9,0.67
IlNP,1,6,7,0.14
IlNS,2,0,2,1.0
IlNb,1,3,4,0.25
IlNh,0,1,1,0.0
IlNl,2,0,2,1.0
IlNm,1,0,1,1.0
IlNn,3,0,3,1.0
IlNs,2,2,4,0.5
IlNt,1,0,1,1.0
IlPB,2,1,3,0.67
IlPD,0,1,1,0.0
IlPK,1,0,1,1.0
IlPM,0,2,2,0.0
IlPN,1,1,2,0.5
IlPP,1,1,2,0.5
IlPS,4,2,6,0.67
IlPb,1,4,5,0.2
IlPm,5,1,6,0.83
IlPn,0,1,1,0.0
IlPs,3,1,4,0.75
IlSB,1,0,1,1.0
IlSM,3,2,5,0.6
IlSN,0,1,1,0.0
IlSP,4,2,6,0.67
IlSS,1,1,2,0.5
IlSb,1,2,3,0.33
IlSl,1,0,1,1.0
IlSm,3,4,7,0.43
IlSn,0,2,2,0.0
IlSs,2,0,2,1.0
IlSt,0,1,1,0.0
IlbB,2,2,4,0.5
IlbH,1,1,2,0.5
IlbJ,0,2,2,0.0
IlbK,0,2,2,0.0
IlbL,0,3,3,0.0
IlbM,3,1,4,0.75
IlbN,1,1,2,0.5
IlbP,1,2,3,0.33
Ilbb,1,2,3,0.33
Ilbl,0,2,2,0.0
Ilbm,2,3,5,0.4
Ilbn,2,0,2,1.0
Ilbs,2,0,2,1.0
Ilhb,1,0,1,1.0
IllH,0,1,1,0.0
IllL,0,2,2,0.0
IllM,3,0,3,1.0
IllN,1,1,2,0.5
IllP,1,2,3,0.33
IllS,0,1,1,0.0
Illb,1,0,1,1.0
Illn,0,1,1,0.0
Ills,0,1,1,0.0
IlmB,4,3,7,0.57
IlmH,1,1,2,0.5
IlmI,0,1,1,0.0
IlmJ,1,0,1,1.0
IlmL,1,1,2,0.5
IlmM,2,2,4,0.5
IlmN,3,1,4,0.75
IlmP,0,0,0,
IlmS,3,0,3,1.0
Ilmb,3,1,4,0.75
Ilml,1,0,1,1.0
Ilmm,0,3,3,0.0
Ilmn,3,0,3,1.0
Ilms,0,1,1,0.0
IlnB,1,2,3,0.33
IlnD,0,1,1,0.0
IlnH,0,0,0,
IlnL,1,0,1,1.0
IlnM,1,3,4,0.25
IlnN,2,0,2,1.0
IlnP,1,0,1,1.0
IlnS,1,1,2,0.5
Ilnb,0,1,1,0.0
Ilnl,0,1,1,0.0
Ilnm,1,2,3,0.33
Ilnn,1,1,2,0.5
Ilns,0,2,2,0.0
IlsB,0,1,1,0.0
IlsH,2,0,2,1.0
IlsL,1,0,1,1.0
IlsM,1,3,4,0.25
IlsN,1,3,4,0.25
IlsP,1,0,1,1.0
IlsS,2,0,2,1.0
Ilsb,5,1,6,0.83
Ilsl,0,1,1,0.0
Ilsm,0,1,1,0.0
Ilsn,0,1,1,0.0
Ilss,1,2,3,0.33
ImBB,7,9,16,0.44
ImBD,2,1,3,0.67
ImBK,0,1,1,0.0
ImBL,2,1,3,0.67
ImBM,5,10,15,0.33
ImBN,10,2,12,0.83
ImBP,7,11,18,0.39
ImBS,3,8,11,0.27
ImBb,6,5,11,0.55
ImBh,1,2,3,0.33
ImBj,1,0,1,1.0
ImBl,1,2,3,0.33
ImBm,1,6,7,0.14
ImBn,4,11,15,0.27
ImBs,2,3,5,0.4
ImBt,0,1,1,0.0
ImDB,0,2,2,0.0
ImDD,1,0,1,1.0
ImDL,1,0,1,1.0
ImDM,1,1,2,0.5
ImDN,2,0,2,1.0
ImDP,0,2,2,0.0
ImDS,2,2,4,0.5
ImDb,2,5,7,0.29
ImDl,0,1,1,0.0
ImDm,1,4,5,0.2
ImDn,2,2,4,0.5
ImDs,0,0,0,
ImHB,5,4,9,0.56
ImHH,0,2,2,0.0
ImHI,1,0,1,1.0
ImHK,0,0,0,
ImHM,4,5,9,0.44
ImHN,6,8,14,0.43
ImHP,4,7,11,0.36
ImHS,3,6,9,0.33
ImHb,6,7,13,0.46
ImHh,2,2,4,0.5
ImHl,3,0,3,1.0
ImHm,6,4,10,0.6
ImHn,4,3,7,0.57
ImHs,1,4,5,0.2
ImHt,3,0,3,1.0
ImIM,0,3,3,0.0
ImIN,1,0,1,1.0
ImIP,0,1,1,0.0
ImIS,1,0,1,1.0
ImIb,2,0,2,1.0
ImIl,1,0,1,1.0
ImIm,0,4,4,0.0
ImIn,0,2,2,0.0
ImJB,1,0,1,1.0
ImJH,0,0,0,
ImJI,1,0,1,1.0
ImJL,0,1,1,0.0
ImJM,2,3,5,0.4
ImJN,0,2,2,0.0
ImJP,4,4,8,0.5
ImJS,0,1,1,0.0
ImJb,0,3,3,0.0
ImJm,1,2,3,0.33
ImJn,1,2,3,0.33
ImKS,0,1,1,0.0
ImKh,0,1,1,0.0
ImKl,1,0,1,1.0
ImKm,0,1,1,0.0
ImKs,1,0,1,1.0
ImLB,0,3,3,0.0
ImLK,2,0,2,1.0
ImLL,0,2,2,0.0
ImLM,1,4,5,0.2
ImLN,2,2,4,0.5
ImLP,3,0,3,1.0
ImLS,2,1,3,0.67
ImLb,2,0,2,1.0
ImLh,1,0,1,1.0
ImLl,1,0,1,1.0
ImLm,4,3,7,0.57
ImLn,5,5,10,0.5
ImLs,1,1,2,0.5
ImMB,4,9,13,0.31
ImMD,1,2,3,0.33
ImMI,1,0,1,1.0
ImMK,1,0,1,1.0
ImML,2,3,5,0.4
ImMM,7,10,17,0.41
ImMN,9,4,13,0.69
ImMP,10,10,20,0.5
ImMS,4,1,5,0.8
ImMb,8,3,11,0.73
ImMh,7,9,16,0.44
ImMj,1,1,2,0.5
ImMl,7,1,8,0.88
ImMm,11,12,23,0.48
ImMn,16,15,31,0.52
ImMs,5,5,10,0.5
ImMt,2,1,3,0.67
ImNB,5,4,9,0.56
ImND,3,1,4,0.75
ImNH,1,3,4,0.25
ImNK,1,0,1,1.0
ImNL,6,1,7,0.86
ImNM,7,4,11,0.64
ImNN,10,9,19,0.53
ImNP,9,3,12,0.75
ImNS,6,6,12,0.5
ImNb,2,7,9,0.22
ImNh,3,1,4,0.75
ImNl,1,0,1,1.0
ImNm,3,3,6,0.5
ImNn,7,9,16,0.44
ImNs,10,5,15,0.67
ImNt,0,0,0,
ImPB,5,11,16,0.31
ImPD,0,1,1,0.0
ImPH,0,1,1,0.0
ImPI,2,2,4,0.5
ImPK,2,2,4,0.5
ImPL,0,3,3,0.0
ImPM,5,4,9,0.56
ImPN,9,2,11,0.82
ImPP,15,11,26,0.58
ImPS,5,5,10,0.5
ImPb,4,6,10,0.4
ImPh,1,0,1,1.0
ImPl,0,3,3,0.0
ImPm,14,3,17,0.82
ImPn,5,7,12,0.42
ImPs,6,7,13,0.46
ImPt,1,0,1,1.0
ImSB,1,7,8,0.12
ImSD,0,1,1,0.0
ImSH,2,2,4,0.5
ImSK,1,0,1,1.0
ImSL,1,4,5,0.2
ImSM,6,7,13,0.46
ImSN,4,5,9,0.44
ImSP,3,3,6,0.5
ImSS,6,10,16,0.38
ImSb,2,3,5,0.4
ImSh,2,0,2,1.0
ImSl,1,1,2,0.5
ImSm,8,3,11,0.73
ImSn,5,2,7,0.71
ImSs,5,3,8,0.62
ImbB,5,7,12,0.42
ImbD,1,1,2,0.5
ImbH,0,1,1,0.0
ImbI,0,3,3,0.0
ImbJ,4,2,6,0.67
ImbK,2,2,4,0.5
ImbL,1,4,5,0.2
ImbM,7,9,16,0.44
ImbN,12,6,18,0.67
ImbP,5,7,12,0.42
ImbS,1,2,3,0.33
Imbb,10,4,14,0.71
Imbl,2,1,3,0.67
Imbm,6,4,10,0.6
Imbn,4,5,9,0.44
Imbs,3,3,6,0.5
ImhS,0,0,0,
Imhb,0,1,1,0.0
ImlB,0,1,1,0.0
ImlH,0,1,1,0.0
ImlJ,2,0,2,1.0
ImlM,1,3,4,0.25
ImlN,1,3,4,0.25
ImlP,1,1,2,0.5
ImlS,1,2,3,0.33
Imlb,3,2,5,0.6
Imll,1,0,1,1.0
Imlm,0,2,2,0.0
Imln,1,0,1,1.0
ImmB,10,11,21,0.48
ImmH,4,8,12,0.33
ImmI,0,0,0,
ImmJ,1,1,2,0.5
ImmK,1,0,1,1.0
ImmL,2,4,6,0.33
ImmM,6,6,12,0.5
ImmN,12,13,25,0.48
ImmP,4,7,11,0.36
ImmS,5,5,10,0.5
Immb,13,7,20,0.65
Immh,0,1,1,0.0
Imml,1,0,1,1.0
Immm,9,3,12,0.75
Immn,7,4,11,0.64
Imms,4,2,6,0.67
ImnB,4,1,5,0.8
ImnD,0,1,1,0.0
ImnH,3,1,4,0.75
ImnI,1,0,1,1.0
ImnL,1,3,4,0.25
ImnM,7,2,9,0.78
ImnN,4,7,11,0.36
ImnP,5,6,11,0.45
ImnS,4,3,7,0.57
Imnb,3,5,8,0.38
Imnh,1,0,1,1.0
Imnl,2,0,2,1.0
Imnm,6,9,15,0.4
Imnn,3,4,7,0.43
Imns,2,2,4,0.5
Imnt,0,1,1,0.0
ImsB,1,1,2,0.5
ImsD,0,1,1,0.0
ImsH,1,5,6,0.17
ImsI,2,1,3,0.67
ImsL,2,1,3,0.67
ImsM,5,7,12,0.42
ImsN,6,3,9,0.67
ImsP,2,2,4,0.5
ImsS,3,1,4,0.75
Imsb,2,1,3,0.67
Imsh,0,1,1,0.0
Imsl,3,1,4,0.75
Imsm,5,5,10,0.5
Imsn,1,2,3,0.33
Imss,1,3,4,0.25
ImtM,0,0,0,
Imts,0,1,1,0.0
InBB,2,4,6,0.33
InBK,1,0,1,1.0
InBL,2,4,6,0.33
InBM,2,5,7,0.29
InBN,2,3,5,0.4
InBP,2,3,5,0.4
InBS,2,4,6,0.33
InBb,1,4,5,0.2
InBh,1,0,1,1.0
InBj,1,0,1,1.0
InBl,1,0,1,1.0
InBm,5,2,7,0.71
InBn,3,4,7,0.43
InBs,3,3,6,0.5
InBt,2,1,3,0.67
InDB,1,1,2,0.5
InDD,0,0,0,
InDH,0,1,1,0.0
InDL,0,0,0,
InDM,1,1,2,0.5
InDN,1,4,5,0.2
InDP,2,2,4,0.5
InDS,0,3,3,0.0
InDb,1,2,3,0.33
InDh,0,1,1,0.0
InDm,0,1,1,0.0
InDn,1,0,1,1.0
InDs,0,1,1,0.0
InHB,2,2,4,0.5
InHD,0,0,0,
InHI,1,0,1,1.0
InHL,1,0,1,1.0
InHM,1,6,7,0.14
InHN,1,1,2,0.5
InHP,0,2,2,0.0
InHS,1,4,5,0.2
InHb,3,7,10,0.3
InHh,4,2,6,0.67
InHl,0,1,1,0.0
InHm,2,6,8,0.25
InHn,0,2,2,0.0
InHs,1,0,1,1.0
InHt,0,1,1,0.0
InIB,1,1,2,0.5
InID,0,1,1,0.0
InIH,0,2,2,0.0
InII,0,0,0,
InIL,0,1,1,0.0
InIM,0,3,3,0.0
InIN,2,0,2,1.0
InIP,1,0,1,1.0
InIS,1,1,2,0.5
InIb,2,0,2,1.0
InIl,0,1,1,0.0
InIm,1,4,5,0.2
InIn,1,0,1,1.0
InIs,3,0,3,1.0
InIt,1,0,1,1.0
InKL,1,0,1,1.0
InKS,0,1,1,0.0
InKb,1,0,1,1.0
InKh,0,0,0,
InKl,1,0,1,1.0
InKm,1,0,1,1.0
InKn,1,1,2,0.5
InKs,1,1,2,0.5
InLB,1,2,3,0.33
InLM,0,1,1,0.0
InLN,2,0,2,1.0
InLP,0,2,2,0.0
InLb,1,0,1,1.0
InLh,2,5,7,0.29
InLm,1,2,3,0.33
InLn,2,1,3,0.67
InLs,3,0,3,1.0
InMB,5,5,10,0.5
InMD,0,3,3,0.0
InMI,1,0,1,1.0
InML,0,1,1,0.0
InMM,8,5,13,0.62
InMN,5,4,9,0.56
InMP,6,6,12,0.5
InMS,1,2,3,0.33
InMb,5,5,10,0.5
InMh,2,1,3,0.67
InMj,1,1,2,0.5
InMl,0,0,0,
InMm,7,8,15,0.47
InMn,9,8,17,0.53
InMs,6,2,8,0.75
InMt,2,0,2,1.0
InNB,6,11,17,0.35
InND,1,1,2,0.5
InNH,0,2,2,0.0
InNK,1,0,1,1.0
InNL,3,1,4,0.75
InNM,6,2,8,0.75
InNN,1,5,6,0.17
InNP,11,9,20,0.55
InNS,7,5,12,0.58
InNb,5,2,7,0.71
InNh,2,1,3,0.67
InNl,3,2,5,0.6
InNm,3,10,13,0.23
InNn,5,9,14,0.36
InNs,7,4,11,0.64
InPB,4,2,6,0.67
InPD,2,0,2,1.0
InPH,1,1,2,0.5
InPI,1,1,2,0.5
InPK,0,1,1,0.0
InPM,4,4,8,0.5
InPN,7,8,15,0.47
InPP,1,3,4,0.25
InPS,2,10,12,0.17
InPb,5,5,10,0.5
InPh,1,0,1,1.0
InPl,3,2,5,0.6
InPm,12,9,21,0.57
InPn,3,4,7,0.43
InPs,5,4,9,0.56
InSB,2,3,5,0.4
InSD,0,0,0,
InSH,1,0,1,1.0
InSL,1,1,2,0.5
InSM,2,8,10,0.2
InSN,3,7,10,0.3
InSP,2,3,5,0.4
InSS,3,5,8,0.38
InSb,0,3,3,0.0
InSh,2,2,4,0.5
InSl,2,0,2,1.0
InSm,4,3,7,0.57
InSn,3,5,8,0.38
InSs,9,6,15,0.6
InSt,2,2,4,0.5
InbB,5,1,6,0.83
InbD,0,1,1,0.0
InbH,1,2,3,0.33
InbI,0,0,0,
InbJ,0,1,1,0.0
InbK,0,0,0,
InbL,3,1,4,0.75
InbM,3,6,9,0.33
InbN,4,6,10,0.4
InbP,4,4,8,0.5
InbS,1,3,4,0.25
Inbb,4,6,10,0.4
Inbl,1,1,2,0.5
Inbm,4,4,8,0.5
Inbn,2,2,4,0.5
Inbs,4,2,6,0.67
InhI,1,0,1,1.0
InhM,0,1,1,0.0
Inhb,0,0,0,
Inhh,1,0,1,1.0
Inhn,1,0,1,1.0
InlB,0,1,1,0.0
InlH,0,1,1,0.0
InlJ,1,0,1,1.0
InlL,2,2,4,0.5
InlM,0,2,2,0.0
InlN,2,0,2,1.0
InlP,1,2,3,0.33
InlS,2,1,3,0.67
Inlb,1,0,1,1.0
Inll,1,0,1,1.0
Inlm,2,1,3,0.67
Inln,0,0,0,
Inls,1,0,1,1.0
InmB,6,7,13,0.46
InmD,1,1,2,0.5
InmH,2,3,5,0.4
InmI,1,0,1,1.0
InmL,2,1,3,0.67
InmM,7,9,16,0.44
InmN,5,5,10,0.5
InmP,5,3,8,0.62
InmS,1,2,3,0.33
Inmb,5,5,10,0.5
Inmh,1,0,1,1.0
Inml,1,1,2,0.5
Inmm,4,3,7,0.57
Inmn,5,4,9,0.56
Inms,2,1,3,0.67
InnB,4,7,11,0.36
InnD,1,0,1,1.0
InnH,0,1,1,0.0
InnL,1,3,4,0.25
InnM,8,8,16,0.5
InnN,5,8,13,0.38
InnP,4,7,11,0.36
InnS,7,5,12,0.58
Innb,4,7,11,0.36
Innh,0,1,1,0.0
Innl,1,2,3,0.33
Innm,5,7,12,0.42
Innn,5,4,9,0.56
Inns,2,2,4,0.5
Innt,1,0,1,1.0
InsB,4,0,4,1.0
InsD,1,1,2,0.5
InsH,2,3,5,0.4
InsI,2,0,2,1.0
InsL,0,2,2,0.0
InsM,5,3,8,0.62
InsN,1,3,4,0.25
InsP,2,6,8,0.25
InsS,4,4,8,0.5
Insb,3,1,4,0.75
Insh,0,0,0,
Insl,2,0,2,1.0
Insm,5,4,9,0.56
Insn,2,1,3,0.67
Inss,5,3,8,0.62
Intm,1,0,1,1.0
IsBB,2,4,6,0.33
IsBD,0,0,0,
IsBK,0,1,1,0.0
IsBL,1,2,3,0.33
IsBM,2,3,5,0.4
IsBN,3,3,6,0.5
IsBP,5,4,9,0.56
IsBS,0,6,6,0.0
IsBb,5,0,5,1.0
IsBj,0,2,2,0.0
IsBl,1,1,2,0.5
IsBm,3,5,8,0.38
IsBn,4,4,8,0.5
IsBs,1,1,2,0.5
IsBt,3,0,3,1.0
IsDB,0,0,0,
IsDH,0,3,3,0.0
IsDK,0,1,1,0.0
IsDM,2,1,3,0.67
IsDP,1,0,1,1.0
IsDS,1,2,3,0.33
IsDb,0,2,2,0.0
IsDm,1,0,1,1.0
IsDn,2,1,3,0.67
IsDs,2,2,4,0.5
IsHB,0,2,2,0.0
IsHD,0,1,1,0.0
IsHH,0,1,1,0.0
IsHL,3,0,3,1.0
IsHM,6,6,12,0.5
IsHN,2,5,7,0.29
IsHP,4,3,7,0.57
IsHS,2,8,10,0.2
IsHb,1,5,6,0.17
IsHh,3,0,3,1.0
IsHl,0,1,1,0.0
IsHm,7,7,14,0.5
IsHn,7,2,9,0.78
IsHs,2,3,5,0.4
IsIB,1,0,1,1.0
IsIH,0,2,2,0.0
IsIM,1,3,4,0.25
IsIN,1,3,4,0.25
IsIP,0,1,1,0.0
IsIS,1,2,3,0.33
IsIb,1,1,2,0.5
IsIh,0,1,1,0.0
IsIl,0,1,1,0.0
IsIs,2,1,3,0.67
IsKP,1,0,1,1.0
IsLB,2,1,3,0.67
IsLK,0,1,1,0.0
IsLL,1,0,1,1.0
IsLM,1,0,1,1.0
IsLN,1,2,3,0.33
IsLP,1,1,2,0.5
IsLb,1,0,1,1.0
IsLj,1,1,2,0.5
IsLl,1,0,1,1.0
IsLm,2,1,3,0.67
IsLn,1,2,3,0.33
IsLs,2,2,4,0.5
IsMB,2,4,6,0.33
IsMD,2,1,3,0.67
IsMH,0,1,1,0.0
IsML,0,2,2,0.0
IsMM,8,9,17,0.47
IsMN,6,6,12,0.5
IsMP,7,6,13,0.54
IsMS,3,3,6,0.5
IsMb,3,1,4,0.75
IsMh,2,3,5,0.4
IsMj,1,0,1,1.0
IsMl,4,2,6,0.67
IsMm,9,6,15,0.6
IsMn,5,7,12,0.42
IsMs,9,1,10,0.9
IsMt,2,2,4,0.5
IsNB,1,4,5,0.2
IsNH,1,0,1,1.0
IsNL,1,1,2,0.5
IsNM,3,4,7,0.43
IsNN,6,4,10,0.6
IsNP,8,6,14,0.57
IsNS,3,3,6,0.5
IsNb,4,4,8,0.5
IsNh,1,0,1,1.0
IsNl,0,1,1,0.0
IsNm,7,4,11,0.64
IsNn,8,2,10,0.8
IsNs,7,5,12,0.58
IsNt,1,0,1,1.0
IsPB,4,2,6,0.67
IsPH,1,2,3,0.33
IsPI,1,1,2,0.5
IsPK,0,1,1,0.0
IsPL,0,3,3,0.0
IsPM,6,7,13,0.46
IsPN,3,1,4,0.75
IsPP,5,5,10,0.5
IsPS,4,5,9,0.44
IsPb,2,2,4,0.5
IsPh,1,1,2,0.5
IsPl,2,3,5,0.4
IsPm,2,5,7,0.29
IsPn,4,4,8,0.5
IsPs,2,3,5,0.4
IsPt,0,1,1,0.0
IsSB,1,5,6,0.17
IsSD,1,0,1,1.0
IsSH,4,2,6,0.67
IsSK,0,0,0,
IsSL,1,2,3,0.33
IsSM,2,7,9,0.22
IsSN,7,6,13,0.54
IsSP,3,2,5,0.6
IsSS,10,8,18,0.56
IsSb,3,2,5,0.6
IsSh,1,3,4,0.25
IsSl,3,1,4,0.75
IsSm,5,4,9,0.56
IsSn,5,2,7,0.71
IsSs,8,13,21,0.38
IsSt,1,2,3,0.33
IsbB,4,3,7,0.57
IsbH,0,1,1,0.0
IsbJ,0,2,2,0.0
IsbK,1,0,1,1.0
IsbL,0,1,1,0.0
IsbM,2,4,6,0.33
IsbN,5,7,12,0.42
IsbP,5,2,7,0.71
IsbS,3,3,6,0.5
Isbb,3,4,7,0.43
Isbl,1,0,1,1.0
Isbm,3,2,5,0.6
Isbn,5,1,6,0.83
Isbs,3,2,5,0.6
IshM,1,2,3,0.33
IshN,0,3,3,0.0
IshP,1,1,2,0.5
IshS,1,1,2,0.5
Ishb,0,1,1,0.0
Ishl,0,1,1,0.0
Ishm,3,0,3,1.0
IslB,2,2,4,0.5
IslH,1,0,1,1.0
IslL,2,0,2,1.0
IslM,0,2,2,0.0
IslN,0,0,0,
IslP,2,0,2,1.0
Islb,1,1,2,0.5
Isll,1,1,2,0.5
Islm,1,1,2,0.5
Isln,0,2,2,0.0
Isls,2,2,4,0.5
IsmB,5,8,13,0.38
IsmD,1,0,1,1.0
IsmH,2,5,7,0.29
IsmI,1,3,4,0.25
IsmJ,0,2,2,0.0
IsmL,0,0,0,
IsmM,6,5,11,0.55
IsmN,3,5,8,0.38
IsmP,2,2,4,0.5
IsmS,7,5,12,0.58
Ismb,6,6,12,0.5
Ismh,0,1,1,0.0
Isml,2,0,2,1.0
Ismm,5,4,9,0.56
Ismn,6,5,11,0.55
Isms,2,3,5,0.4
IsnB,5,3,8,0.62
IsnH,1,3,4,0.25
IsnK,0,1,1,0.0
IsnL,0,2,2,0.0
IsnM,5,5,10,0.5
IsnN,2,2,4,0.5
IsnP,5,4,9,0.56
IsnS,3,8,11,0.27
Isnb,2,4,6,0.33
Isnl,1,1,2,0.5
Isnm,4,2,6,0.67
Isnn,0,2,2,0.0
Isns,2,2,4,0.5
IssB,3,3,6,0.5
IssD,0,1,1,0.0
IssH,4,3,7,0.57
IssI,1,0,1,1.0
IssL,1,1,2,0.5
IssM,7,1,8,0.88
IssN,4,3,7,0.57
IssP,5,2,7,0.71
IssS,10,7,17,0.59
Issb,4,4,8,0.5
Issh,1,0,1,1.0
Issl,1,0,1,1.0
Issm,5,5,10,0.5
Issn,5,5,10,0.5
Isss,6,7,13,0.46
IstL,1,0,1,1.0
IstM,0,1,1,0.0
IstS,0,1,1,0.0
Istn,0,1,1,0.0
ItBH,1,0,1,1.0
ItBM,0,1,1,0.0
ItBN,1,0,1,1.0
ItBS,0,0,0,
ItBj,0,1,1,0.0
ItBm,0,2,2,0.0
ItBs,2,1,3,0.67
ItDM,0,0,0,
ItHB,0,0,0,
ItHL,1,0,1,1.0
ItHM,1,0,1,1.0
ItHS,1,0,1,1.0
ItHl,0,1,1,0.0
ItHm,0,1,1,0.0
ItHn,0,1,1,0.0
ItIM,0,1,1,0.0
ItIP,0,0,0,
ItIS,0,1,1,0.0
ItIs,0,0,0,
ItKh,0,1,1,0.0
ItLM,1,0,1,1.0
ItLb,1,1,2,0.5
ItLh,1,0,1,1.0
ItLl,0,1,1,0.0
ItLs,1,0,1,1.0
ItML,0,1,1,0.0
ItMM,0,1,1,0.0
ItMN,0,1,1,0.0
ItMP,0,2,2,0.0
ItMS,2,1,3,0.67
ItMb,2,1,3,0.67
ItMh,1,1,2,0.5
ItMj,0,0,0,
ItMl,1,1,2,0.5
ItMm,0,1,1,0.0
ItMn,1,1,2,0.5
ItMs,1,0,1,1.0
ItNB,1,1,2,0.5
ItND,1,0,1,1.0
ItNM,0,1,1,0.0
ItNN,1,1,2,0.5
ItNP,0,2,2,0.0
ItNS,0,1,1,0.0
ItNb,1,0,1,1.0
ItNn,2,0,2,1.0
ItPB,1,1,2,0.5
ItPH,1,1,2,0.5
ItPL,1,0,1,1.0
ItPM,0,1,1,0.0
ItPN,0,1,1,0.0
ItPP,1,1,2,0.5
ItPS,0,2,2,0.0
ItPb,1,0,1,1.0
ItPl,0,1,1,0.0
ItPm,1,1,2,0.5
ItPs,0,1,1,0.0
ItPt,1,0,1,1.0
ItSM,1,3,4,0.25
ItSP,1,0,1,1.0
ItSS,0,1,1,0.0
ItSb,0,1,1,0.0
ItSh,0,0,0,
ItSl,0,1,1,0.0
ItSm,1,1,2,0.5
ItSn,2,0,2,1.0
ItSs,1,1,2,0.5
ItbB,1,0,1,1.0
ItbH,0,1,1,0.0
ItbJ,1,0,1,1.0
ItbM,0,1,1,0.0
Itbl,0,1,1,0.0
Itbm,1,0,1,1.0
Itbn,1,1,2,0.5
Itbs,0,1,1,0.0
IthH,0,1,1,0.0
Ithl,1,0,1,1.0
ItlB,0,1,1,0.0
ItlL,1,0,1,1.0
ItlN,1,1,2,0.5
Itlm,0,0,0,
ItmB,0,1,1,0.0
ItmH,1,1,2,0.5
ItmL,0,0,0,
ItmM,1,1,2,0.5
ItmN,1,0,1,1.0
ItmP,0,1,1,0.0
Itmb,2,1,3,0.67
Itmm,1,1,2,0.5
ItnB,1,1,2,0.5
ItnH,1,0,1,1.0
ItnI,0,1,1,0.0
ItnK,0,0,0,
ItnL,1,0,1,1.0
ItnN,1,0,1,1.0
ItnP,0,1,1,0.0
ItnS,0,0,0,
Itnb,0,1,1,0.0
Itns,1,1,2,0.5
Itnt,1,0,1,1.0
ItsL,1,0,1,1.0
ItsM,1,0,1,1.0
ItsN,0,0,0,
ItsP,0,1,1,0.0
ItsS,1,1,2,0.5
Itsb,0,2,2,0.0
Itsl,0,0,0,
Itss,0,1,1,0.0
IttM,0,1,1,0.0
IttP,0,1,1,0.0
Ittt,1,0,1,1.0
JBBB,5,3,8,0.62
JBBD,2,0,2,1.0
JBBK,0,2,2,0.0
JBBL,1,0,1,1.0
JBBM,3,3,6,0.5
JBBN,4,4,8,0.5
JBBP,0,1,1,0.0
JBBS,2,0,2,1.0
JBBb,0,5,5,0.0
JBBj,0,1,1,0.0
JBBl,1,0,1,1.0
JBBm,4,1,5,0.8
JBBn,1,2,3,0.33
JBBs,2,0,2,1.0
JBBt,1,0,1,1.0
JBDB,1,0,1,1.0
JBDM,0,0,0,
JBDN,1,0,1,1.0
JBDm,3,0,3,1.0
JBHm,1,0,1,1.0
JBKB,0,0,0,
JBKM,1,1,2,0.5
JBKP,0,1,1,0.0
JBKS,1,0,1,1.0
JBLB,2,0,2,1.0
JBLM,1,1,2,0.5
JBLP,1,0,1,1.0
JBLS,1,0,1,1.0
JBLh,1,0,1,1.0
JBLj,1,0,1,1.0
JBLm,1,2,3,0.33
JBLn,1,2,3,0.33
JBLs,0,0,0,
JBMB,2,3,5,0.4
JBMD,0,1,1,0.0
JBML,1,2,3,0.33
JBMM,3,2,5,0.6
JBMN,4,1,5,0.8
JBMP,3,2,5,0.6
JBMS,1,3,4,0.25
JBMb,2,5,7,0.29
JBMh,3,4,7,0.43
JBMl,0,1,1,0.0
JBMm,4,2,6,0.67
JBMn,1,3,4,0.25
JBMt,1,3,4,0.25
JBNB,4,1,5,0.8
JBND,1,0,1,1.0
JBNH,0,1,1,0.0
JBNI,1,0,1,1.0
JBNL,1,2,3,0.33
JBNM,3,6,9,0.33
JBNN,4,5,9,0.44
JBNP,4,6,10,0.4
JBNS,2,1,3,0.67
JBNb,3,4,7,0.43
JBNl,2,1,3,0.67
JBNm,0,2,2,0.0
JBNn,8,6,14,0.57
JBNs,2,2,4,0.5
JBPB,2,2,4,0.5
JBPH,1,0,1,1.0
JBPK,0,1,1,0.0
JBPL,1,1,2,0.5
JBPM,2,2,4,0.5
JBPN,1,3,4,0.25
JBPP,4,4,8,0.5
JBPS,1,2,3,0.33
JBPb,3,1,4,0.75
JBPl,3,1,4,0.75
JBPm,4,2,6,0.67
JBPn,0,2,2,0.0
JBPs,4,0,4,1.0
JBPt,0,1,1,0.0
JBSD,0,0,0,
JBSH,0,3,3,0.0
JBSL,0,0,0,
JBSM,2,2,4,0.5
JBSN,1,1,2,0.5
JBSP,2,1,3,0.67
JBSS,1,4,5,0.2
JBSb,4,3,7,0.57
JBSh,0,1,1,0.0
JBSl,1,0,1,1.0
JBSm,0,4,4,0.0
JBSn,3,2,5,0.6
JBSs,2,5,7,0.29
JBbB,4,1,5,0.8
JBbD,0,2,2,0.0
JBbH,2,1,3,0.67
JBbI,0,2,2,0.0
JBbJ,1,0,1,1.0
JBbK,0,1,1,0.0
JBbL,1,2,3,0.33
JBbM,6,5,11,0.55
JBbN,2,3,5,0.4
JBbP,5,0,5,1.0
JBbS,1,2,3,0.33
JBbb,2,6,8,0.25
JBbl,2,1,3,0.67
JBbm,2,2,4,0.5
JBbn,3,0,3,1.0
JBbs,1,3,4,0.25
JBhM,0,1,1,0.0
JBhN,2,1,3,0.67
JBhP,0,1,1,0.0
JBhS,0,0,0,
JBhh,0,1,1,0.0
JBhm,1,1,2,0.5
JBhn,1,0,1,1.0
JBhs,0,1,1,0.0
JBjH,1,1,2,0.5
JBjL,2,0,2,1.0
JBjM,0,1,1,0.0
JBjN,1,0,1,1.0
JBjP,1,0,1,1.0
JBjb,1,3,4,0.25
JBjh,0,1,1,0.0
JBjl,1,0,1,1.0
JBjm,2,0,2,1.0
JBjn,0,1,1,0.0
JBjs,2,0,2,1.0
JBlB,1,2,3,0.33
JBlH,0,1,1,0.0
JBlJ,1,0,1,1.0
JBlM,0,1,1,0.0
JBlN,1,3,4,0.25
JBlP,1,0,1,1.0
JBlS,1,0,1,1.0
JBlb,1,1,2,0.5
JBlm,1,1,2,0.5
JBln,1,0,1,1.0
JBls,1,0,1,1.0
JBmB,2,3,5,0.4
JBmD,0,1,1,0.0
JBmH,1,2,3,0.33
JBmJ,1,1,2,0.5
JBmL,3,3,6,0.5
JBmM,2,5,7,0.29
JBmN,3,1,4,0.75
JBmP,3,3,6,0.5
JBmS,1,3,4,0.25
JBmb,5,3,8,0.62
JBml,2,0,2,1.0
JBmm,3,3,6,0.5
JBmn,2,3,5,0.4
JBms,1,1,2,0.5
JBnB,0,0,0,
JBnD,1,0,1,1.0
JBnH,2,1,3,0.67
JBnK,1,0,1,1.0
JBnL,2,0,2,1.0
JBnM,3,4,7,0.43
JBnN,6,2,8,0.75
JBnP,2,9,11,0.18
JBnS,1,4,5,0.2
JBnb,2,2,4,0.5
JBnl,2,1,3,0.67
JBnm,4,4,8,0.5
JBnn,0,5,5,0.0
JBns,1,2,3,0.33
JBsB,2,2,4,0.5
JBsD,1,0,1,1.0
JBsH,2,2,4,0.5
JBsI,0,1,1,0.0
JBsM,1,2,3,0.33
JBsN,4,2,6,0.67
JBsP,3,3,6,0.5
JBsS,2,4,6,0.33
JBsb,1,1,2,0.5
JBsm,3,2,5,0.6
JBsn,0,5,5,0.0
JBss,1,2,3,0.33
JBtB,1,0,1,1.0
JBtM,3,2,5,0.6
JBtN,2,0,2,1.0
JBtP,0,0,0,
JBtS,0,1,1,0.0
JBtm,1,0,1,1.0
JDBM,1,0,1,1.0
JDBN,1,0,1,1.0
JDBS,0,0,0,
JDBj,1,0,1,1.0
JDBm,0,1,1,0.0
JDBn,0,2,2,0.0
JDDH,0,0,0,
JDDP,0,1,1,0.0
JDDs,0,0,0,
JDHB,1,0,1,1.0
JDHI,0,1,1,0.0
JDHM,3,0,3,1.0
JDHP,1,2,3,0.33
JDHS,0,1,1,0.0
JDHs,0,1,1,0.0
JDIP,0,1,1,0.0
JDIb,1,0,1,1.0
JDIm,0,0,0,
JDLM,1,0,1,1.0
JDLN,0,1,1,0.0
JDLS,2,0,2,1.0
JDLn,0,1,1,0.0
JDMB,1,0,1,1.0
JDMM,0,2,2,0.0
JDMN,2,0,2,1.0
JDMP,1,1,2,0.5
JDMS,0,1,1,0.0
JDMb,0,1,1,0.0
JDMh,1,0,1,1.0
JDMm,2,1,3,0.67
JDMn,0,0,0,
JDND,1,0,1,1.0
JDNb,2,0,2,1.0
JDNm,3,0,3,1.0
JDPB,1,0,1,1.0
JDPI,0,1,1,0.0
JDPL,1,0,1,1.0
JDPM,1,2,3,0.33
JDPN,0,2,2,0.0
JDPP,0,1,1,0.0
JDPb,1,1,2,0.5
JDPm,1,0,1,1.0
JDPn,1,0,1,1.0
JDSD,1,0,1,1.0
JDSH,0,1,1,0.0
JDSM,0,1,1,0.0
JDSP,0,0,0,
JDSb,0,1,1,0.0
JDSh,0,0,0,
JDSn,2,0,2,1.0
JDSs,1,0,1,1.0
JDbB,0,1,1,0.0
JDbD,0,0,0,
JDbH,1,0,1,1.0
JDbM,0,1,1,0.0
JDbS,1,0,1,1.0
JDbm,2,0,2,1.0
JDlM,0,0,0,
JDlS,1,0,1,1.0
JDll,1,0,1,1.0
JDmB,0,1,1,0.0
JDmM,0,2,2,0.0
JDmb,0,0,0,
JDmm,1,0,1,1.0
JDmn,1,0,1,1.0
JDms,1,0,1,1.0
JDnD,1,0,1,1.0
JDnH,0,0,0,
JDnL,1,0,1,1.0
JDnN,1,0,1,1.0
JDnP,0,1,1,0.0
JDnS,1,1,2,0.5
JDnm,1,0,1,1.0
JDsB,0,1,1,0.0
JDsM,0,0,0,
JDsP,0,0,0,
JDsS,0,1,1,0.0
JDsb,0,1,1,0.0
JDsh,1,0,1,1.0
JDsl,0,1,1,0.0
JDsm,0,1,1,0.0
JDss,0,1,1,0.0
JHBK,1,0,1,1.0
JHBL,1,0,1,1.0
JHBM,2,1,3,0.67
JHBN,1,1,2,0.5
JHBP,1,1,2,0.5
JHBS,1,0,1,1.0
JHBb,1,1,2,0.5
JHBj,0,1,1,0.0
JHBm,2,1,3,0.67
JHBn,0,3,3,0.0
JHBs,0,1,1,0.0
JHDS,1,0,1,1.0
JHDl,0,1,1,0.0
JHDn,1,0,1,1.0
JHDs,0,2,2,0.0
JHHL,1,0,1,1.0
JHHN,0,1,1,0.0
JHHS,0,3,3,0.0
JHHb,1,1,2,0.5
JHID,1,0,1,1.0
JHIH,0,0,0,
JHIS,0,2,2,0.0
JHIn,0,0,0,
JHKH,0,1,1,0.0
JHKS,0,0,0,
JHLB,0,2,2,0.0
JHLM,0,1,1,0.0
JHLP,1,0,1,1.0
JHLS,1,1,2,0.5
JHLj,0,0,0,
JHLn,1,1,2,0.5
JHLs,0,1,1,0.0
JHMB,1,1,2,0.5
JHML,1,0,1,1.0
JHMN,1,2,3,0.33
JHMP,1,1,2,0.5
JHMS,0,1,1,0.0
JHMb,1,3,4,0.25
JHMh,0,2,2,0.0
JHMj,0,1,1,0.0
JHMm,1,5,6,0.17
JHMn,2,2,4,0.5
JHMs,2,4,6,0.33
JHMt,2,0,2,1.0
JHNB,0,0,0,
JHND,0,0,0,
JHNL,0,1,1,0.0
JHNM,3,1,4,0.75
JHNN,2,0,2,1.0
JHNP,1,2,3,0.33
JHNS,0,2,2,0.0
JHNb,0,1,1,0.0
JHNh,1,0,1,1.0
JHNl,4,0,4,1.0
JHNn,0,0,0,
JHNs,0,1,1,0.0
JHNt,1,0,1,1.0
JHPB,1,2,3,0.33
JHPH,1,2,3,0.33
JHPK,1,1,2,0.5
JHPM,5,1,6,0.83
JHPN,1,1,2,0.5
JHPP,1,1,2,0.5
JHPS,1,1,2,0.5
JHPb,1,0,1,1.0
JHPl,0,4,4,0.0
JHPm,1,0,1,1.0
JHPn,4,1,5,0.8
JHPs,3,4,7,0.43
JHSB,0,1,1,0.0
JHSD,0,0,0,
JHSH,0,1,1,0.0
JHSM,1,3,4,0.25
JHSN,0,2,2,0.0
JHSP,2,1,3,0.67
JHSS,3,2,5,0.6
JHSb,3,1,4,0.75
JHSh,0,2,2,0.0
JHSm,1,3,4,0.25
JHSn,1,1,2,0.5
JHSs,3,3,6,0.5
JHSt,0,1,1,0.0
JHbB,1,1,2,0.5
JHbD,1,0,1,1.0
JHbH,0,0,0,
JHbK,1,0,1,1.0
JHbL,0,1,1,0.0
JHbM,1,0,1,1.0
JHbN,0,3,3,0.0
JHbP,0,4,4,0.0
JHbb,1,1,2,0.5
JHbm,1,2,3,0.33
JHbn,0,1,1,0.0
JHbs,1,0,1,1.0
JHhB,0,1,1,0.0
JHhH,0,0,0,
JHhI,0,1,1,0.0
JHhM,2,1,3,0.67
JHhN,0,0,0,
JHhP,1,1,2,0.5
JHhS,1,1,2,0.5
JHhh,0,1,1,0.0
JHhl,2,0,2,1.0
JHhn,1,0,1,1.0
JHhs,0,1,1,0.0
JHlS,1,0,1,1.0
JHlm,1,0,1,1.0
JHmB,1,1,2,0.5
JHmH,0,1,1,0.0
JHmM,1,1,2,0.5
JHmN,2,4,6,0.33
JHmP,4,1,5,0.8
JHmS,0,2,2,0.0
JHmb,2,1,3,0.67
JHmm,2,2,4,0.5
JHmn,2,1,3,0.67
JHms,2,2,4,0.5
JHnB,2,2,4,0.5
JHnH,0,1,1,0.0
JHnI,1,0,1,1.0
JHnL,1,1,2,0.5
JHnM,6,0,6,1.0
JHnN,1,3,4,0.25
JHnP,2,2,4,0.5
JHnS,0,1,1,0.0
JHnb,1,1,2,0.5
JHnl,1,0,1,1.0
JHnm,1,2,3,0.33
JHnn,0,3,3,0.0
JHsB,1,2,3,0.33
JHsL,0,1,1,0.0
JHsM,2,1,3,0.67
JHsN,0,1,1,0.0
JHsP,2,2,4,0.5
JHsS,2,2,4,0.5
JHsb,0,1,1,0.0
JHsl,0,2,2,0.0
JHsn,1,1,2,0.5
JHss,1,0,1,1.0
JHtB,1,0,1,1.0
JHtM,2,0,2,1.0
JHtS,0,0,0,
JHtm,0,0,0,
JHts,1,0,1,1.0
JIBM,0,0,0,
JIBN,1,0,1,1.0
JIBP,2,0,2,1.0
JIBb,1,0,1,1.0
JIDN,0,1,1,0.0
JIDn,0,0,0,
JIDt,0,0,0,
JIHB,1,1,2,0.5
JIHN,1,1,2,0.5
JIHP,0,2,2,0.0
JIHS,1,0,1,1.0
JIHh,0,1,1,0.0
JIHm,0,1,1,0.0
JILH,0,1,1,0.0
JILM,1,0,1,1.0
JILP,1,1,2,0.5
JILh,0,0,0,
JILn,0,1,1,0.0
JIMB,1,0,1,1.0
JIML,0,2,2,0.0
JIMM,0,0,0,
JIMN,1,0,1,1.0
JIMP,0,1,1,0.0
JIMS,0,2,2,0.0
JIMb,1,0,1,1.0
JIMm,0,1,1,0.0
JIMn,1,1,2,0.5
JIMt,1,0,1,1.0
JINL,1,0,1,1.0
JINM,1,0,1,1.0
JINP,1,0,1,1.0
JINb,0,0,0,
JINm,1,1,2,0.5
JINn,0,2,2,0.0
JIPB,0,1,1,0.0
JIPL,0,1,1,0.0
JIPM,0,2,2,0.0
JIPN,1,0,1,1.0
JIPS,1,0,1,1.0
JIPh,0,1,1,0.0
JIPm,1,0,1,1.0
JISD,1,0,1,1.0
JISP,1,0,1,1.0
JISb,0,0,0,
JISl,1,0,1,1.0
JISm,1,0,1,1.0
JISn,1,0,1,1.0
JISs,2,0,2,1.0
JIbB,1,1,2,0.5
JIbD,1,0,1,1.0
JIbH,1,0,1,1.0
JIbM,0,3,3,0.0
JIbP,0,1,1,0.0
JIbb,2,0,2,1.0
JIbm,1,1,2,0.5
JIbn,2,1,3,0.67
JIbs,0,1,1,0.0
JIhN,0,1,1,0.0
JIlM,0,1,1,0.0
JIlN,0,1,1,0.0
JIlS,0,0,0,
JIlb,1,0,1,1.0
JIlm,1,0,1,1.0
JImB,0,1,1,0.0
JImH,0,1,1,0.0
JImM,2,0,2,1.0
JImN,1,0,1,1.0
JImP,1,0,1,1.0
JImS,0,1,1,0.0
JImb,1,0,1,1.0
JImn,1,0,1,1.0
JInB,1,0,1,1.0
JInD,1,0,1,1.0
JInS,0,2,2,0.0
JInb,0,1,1,0.0
JIsB,0,1,1,0.0
JIsM,0,1,1,0.0
JIsN,1,0,1,1.0
JIsS,0,1,1,0.0
JIsb,2,0,2,1.0
JIsn,0,1,1,0.0
JItB,1,0,1,1.0
JItN,0,0,0,
JKBB,0,0,0,
JKBN,1,0,1,1.0
JKBb,1,0,1,1.0
JKBl,1,0,1,1.0
JKBm,1,0,1,1.0
JKBn,2,0,2,1.0
JKHS,0,1,1,0.0
JKIS,0,1,1,0.0
JKLl,0,1,1,0.0
JKLm,0,1,1,0.0
JKLn,0,1,1,0.0
JKMB,2,0,2,1.0
JKMM,1,0,1,1.0
JKMP,0,0,0,
JKMj,1,0,1,1.0
JKMm,0,1,1,0.0
JKMs,1,0,1,1.0
JKNS,0,1,1,0.0
JKNb,1,0,1,1.0
JKNm,1,0,1,1.0
JKNn,0,1,1,0.0
JKPL,2,0,2,1.0
JKPN,0,0,0,
JKPP,0,1,1,0.0
JKPS,1,0,1,1.0
JKPb,1,1,2,0.5
JKPm,1,0,1,1.0
JKPs,1,0,1,1.0
JKSI,0,0,0,
JKSL,1,0,1,1.0
JKSM,1,0,1,1.0
JKSP,0,0,0,
JKSS,1,1,2,0.5
JKSh,1,0,1,1.0
JKSs,0,1,1,0.0
JKbJ,1,0,1,1.0
JKbP,1,0,1,1.0
JKbs,0,1,1,0.0
JKhh,1,0,1,1.0
JKhl,0,1,1,0.0
JKlB,0,0,0,
JKlH,1,0,1,1.0
JKlM,1,0,1,1.0
JKlb,0,0,0,
JKmB,1,1,2,0.5
JKmD,1,0,1,1.0
JKmM,2,0,2,1.0
JKmP,1,0,1,1.0
JKmS,0,1,1,0.0
JKmm,0,1,1,0.0
JKmn,1,1,2,0.5
JKms,0,1,1,0.0
JKnM,2,0,2,1.0
JKnP,0,1,1,0.0
JKnS,0,0,0,
JKsH,0,1,1,0.0
JKsN,0,0,0,
JKsP,1,1,2,0.5
JKsS,2,0,2,1.0
JKsm,1,0,1,1.0
JKss,0,1,1,0.0
JLBB,1,0,1,1.0
JLBL,1,0,1,1.0
JLBM,0,1,1,0.0
JLBN,0,1,1,0.0
JLBP,3,2,5,0.6
JLBS,1,1,2,0.5
JLBb,3,0,3,1.0
JLBj,1,0,1,1.0
JLBl,0,2,2,0.0
JLBm,3,1,4,0.75
JLBn,0,1,1,0.0
JLBs,0,1,1,0.0
JLDH,0,1,1,0.0
JLDN,0,1,1,0.0
JLDm,0,0,0,
JLKL,1,0,1,1.0
JLKM,1,0,1,1.0
JLLB,0,1,1,0.0
JLLN,1,0,1,1.0
JLLP,2,0,2,1.0
JLLS,1,2,3,0.33
JLLb,1,0,1,1.0
JLLm,1,1,2,0.5
JLLs,1,0,1,1.0
JLMB,0,1,1,0.0
JLML,1,1,2,0.5
JLMM,0,3,3,0.0
JLMN,1,0,1,1.0
JLMP,1,2,3,0.33
JLMS,1,0,1,1.0
JLMb,0,1,1,0.0
JLMh,1,0,1,1.0
JLMl,1,1,2,0.5
JLMm,0,2,2,0.0
JLMn,2,2,4,0.5
JLMs,0,2,2,0.0
JLNB,3,0,3,1.0
JLND,1,0,1,1.0
JLNH,0,1,1,0.0
JLNL,0,1,1,0.0
JLNM,0,2,2,0.0
JLNN,2,2,4,0.5
JLNP,3,2,5,0.6
JLNS,4,0,4,1.0
JLNb,1,4,5,0.2
JLNh,1,1,2,0.5
JLNl,1,1,2,0.5
JLNm,0,1,1,0.0
JLNn,1,0,1,1.0
JLNs,1,0,1,1.0
JLPB,0,3,3,0.0
JLPD,0,0,0,
JLPK,0,0,0,
JLPL,1,0,1,1.0
JLPM,5,2,7,0.71
JLPN,2,1,3,0.67
JLPP,3,2,5,0.6
JLPS,2,2,4,0.5
JLPb,1,1,2,0.5
JLPl,0,1,1,0.0
JLPm,2,0,2,1.0
JLPn,0,1,1,0.0
JLPs,2,1,3,0.67
JLSB,0,2,2,0.0
JLSD,0,1,1,0.0
JLSL,3,0,3,1.0
JLSM,3,3,6,0.5
JLSN,1,0,1,1.0
JLSP,0,3,3,0.0
JLSS,0,1,1,0.0
JLSb,1,0,1,1.0
JLSl,1,1,2,0.5
JLSm,1,1,2,0.5
JLSn,0,1,1,0.0
JLSs,2,3,5,0.4
JLbB,2,0,2,1.0
JLbL,0,2,2,0.0
JLbM,0,1,1,0.0
JLbN,3,3,6,0.5
JLbP,2,2,4,0.5
JLbS,2,0,2,1.0
JLbb,0,0,0,
JLbm,2,0,2,1.0
JLbs,1,1,2,0.5
JLhM,1,0,1,1.0
JLhN,0,1,1,0.0
JLhP,1,0,1,1.0
JLhb,0,2,2,0.0
JLhh,1,0,1,1.0
JLhm,2,1,3,0.67
JLhn,0,1,1,0.0
JLhs,0,1,1,0.0
JLjP,1,0,1,1.0
JLjS,0,1,1,0.0
JLlB,1,0,1,1.0
JLlI,1,0,1,1.0
JLlN,1,0,1,1.0
JLlP,4,2,6,0.67
JLlS,1,0,1,1.0
JLln,0,1,1,0.0
JLls,0,3,3,0.0
JLmB,1,2,3,0.33
JLmH,1,0,1,1.0
JLmJ,0,2,2,0.0
JLmM,2,0,2,1.0
JLmN,1,2,3,0.33
JLmP,1,1,2,0.5
JLmb,1,2,3,0.33
JLmn,0,0,0,
JLms,2,0,2,1.0
JLnB,0,4,4,0.0
JLnD,1,0,1,1.0
JLnH,2,1,3,0.67
JLnL,1,1,2,0.5
JLnM,2,1,3,0.67
JLnN,0,3,3,0.0
JLnP,2,0,2,1.0
JLnS,0,1,1,0.0
JLnb,2,2,4,0.5
JLnl,1,1,2,0.5
JLnm,1,3,4,0.25
JLns,2,0,2,1.0
JLsH,0,2,2,0.0
JLsI,0,0,0,
JLsK,1,0,1,1.0
JLsM,2,1,3,0.67
JLsP,2,2,4,0.5
JLsS,1,1,2,0.5
JLsb,1,1,2,0.5
JLsh,1,0,1,1.0
JLsl,0,0,0,
JLsm,1,0,1,1.0
JLsn,2,0,2,1.0
JLss,2,1,3,0.67
JLtK,0,1,1,0.0
JLtN,1,0,1,1.0
JLtS,0,1,1,0.0
JLtt,0,1,1,0.0
JMBB,3,5,8,0.38
JMBD,1,0,1,1.0
JMBH,0,1,1,0.0
JMBK,2,2,4,0.5
JMBL,1,1,2,0.5
JMBM,1,3,4,0.25
JMBN,4,2,6,0.67
JMBP,2,4,6,0.33
JMBS,3,0,3,1.0
JMBb,3,2,5,0.6
JMBh,0,1,1,0.0
JMBj,1,1,2,0.5
JMBl,1,0,1,1.0
JMBm,3,1,4,0.75
JMBn,2,5,7,0.29
JMBs,3,1,4,0.75
JMDB,1,1,2,0.5
JMDH,0,0,0,
JMDM,0,2,2,0.0
JMDN,2,1,3,0.67
JMDP,1,0,1,1.0
JMDS,1,0,1,1.0
JMDm,1,1,2,0.5
JMDs,1,0,1,1.0
JMHn,0,1,1,0.0
JMIS,1,0,1,1.0
JMKh,0,1,1,0.0
JMLB,2,1,3,0.67
JMLM,1,1,2,0.5
JMLN,0,0,0,
JMLP,0,4,4,0.0
JMLb,2,0,2,1.0
JMLj,1,0,1,1.0
JMLl,1,0,1,1.0
JMLm,1,0,1,1.0
JMLn,2,5,7,0.29
JMLt,0,1,1,0.0
JMMB,2,2,4,0.5
JMMD,0,2,2,0.0
JMMK,0,0,0,
JMMM,5,5,10,0.5
JMMN,2,4,6,0.33
JMMP,6,5,11,0.55
JMMS,6,2,8,0.75
JMMb,7,3,10,0.7
JMMh,4,5,9,0.44
JMMj,1,1,2,0.5
JMMm,6,6,12,0.5
JMMn,7,5,12,0.58
JMMs,1,3,4,0.25
JMMt,1,1,2,0.5
JMNB,0,7,7,0.0
JMND,1,1,2,0.5
JMNH,2,0,2,1.0
JMNI,0,1,1,0.0
JMNK,1,0,1,1.0
JMNL,1,2,3,0.33
JMNM,1,2,3,0.33
JMNN,6,5,11,0.55
JMNP,2,4,6,0.33
JMNS,2,4,6,0.33
JMNb,1,2,3,0.33
JMNh,1,0,1,1.0
JMNl,0,1,1,0.0
JMNm,3,4,7,0.43
JMNn,3,2,5,0.6
JMNs,2,3,5,0.4
JMPB,2,2,4,0.5
JMPD,0,1,1,0.0
JMPH,0,1,1,0.0
JMPI,1,0,1,1.0
JMPK,0,1,1,0.0
JMPL,1,0,1,1.0
JMPM,4,2,6,0.67
JMPN,6,2,8,0.75
JMPP,5,3,8,0.62
JMPS,5,6,11,0.45
JMPb,2,8,10,0.2
JMPh,1,1,2,0.5
JMPl,1,0,1,1.0
JMPm,5,5,10,0.5
JMPn,5,2,7,0.71
JMPs,1,3,4,0.25
JMPt,0,2,2,0.0
JMSB,2,2,4,0.5
JMSD,0,0,0,
JMSH,0,1,1,0.0
JMSI,0,0,0,
JMSL,1,0,1,1.0
JMSM,1,1,2,0.5
JMSN,1,3,4,0.25
JMSP,4,1,5,0.8
JMSS,3,2,5,0.6
JMSb,0,2,2,0.0
JMSh,1,3,4,0.25
JMSl,1,0,1,1.0
JMSm,5,2,7,0.71
JMSn,2,4,6,0.33
JMSs,2,3,5,0.4
JMSt,3,0,3,1.0
JMbB,0,2,2,0.0
JMbD,0,0,0,
JMbH,0,3,3,0.0
JMbI,1,0,1,1.0
JMbJ,1,1,2,0.5
JMbM,2,7,9,0.22
JMbN,4,3,7,0.57
JMbP,3,8,11,0.27
JMbS,4,3,7,0.57
JMbb,1,2,3,0.33
JMbl,0,4,4,0.0
JMbm,3,2,5,0.6
JMbn,0,6,6,0.0
JMbs,2,4,6,0.33
JMhB,3,1,4,0.75
JMhD,0,1,1,0.0
JMhH,1,0,1,1.0
JMhL,1,3,4,0.25
JMhM,2,6,8,0.25
JMhN,2,1,3,0.67
JMhP,2,4,6,0.33
JMhS,3,2,5,0.6
JMhb,3,2,5,0.6
JMhh,2,2,4,0.5
JMhl,0,1,1,0.0
JMhm,4,1,5,0.8
JMhn,3,6,9,0.33
JMhs,3,3,6,0.5
JMjB,1,0,1,1.0
JMjH,0,1,1,0.0
JMjM,1,1,2,0.5
JMjP,0,1,1,0.0
JMjS,1,0,1,1.0
JMjb,1,0,1,1.0
JMjl,1,0,1,1.0
JMjm,1,0,1,1.0
JMjn,1,0,1,1.0
JMlB,2,3,5,0.4
JMlH,1,2,3,0.33
JMlJ,1,1,2,0.5
JMlM,3,1,4,0.75
JMlN,3,2,5,0.6
JMlP,2,2,4,0.5
JMlb,0,0,0,
JMlm,1,2,3,0.33
JMln,0,2,2,0.0
JMls,1,0,1,1.0
JMmB,3,2,5,0.6
JMmD,1,1,2,0.5
JMmH,4,4,8,0.5
JMmI,2,0,2,1.0
JMmJ,2,2,4,0.5
JMmK,1,0,1,1.0
JMmL,2,3,5,0.4
JMmM,4,8,12,0.33
JMmN,7,7,14,0.5
JMmP,5,6,11,0.45
JMmS,1,3,4,0.25
JMmb,2,5,7,0.29
JMml,2,0,2,1.0
JMmm,5,2,7,0.71
JMmn,6,4,10,0.6
JMms,5,4,9,0.56
JMnB,2,3,5,0.4
JMnH,2,4,6,0.33
JMnI,0,3,3,0.0
JMnL,0,1,1,0.0
JMnM,5,3,8,0.62
JMnN,8,7,15,0.53
JMnP,5,5,10,0.5
JMnS,3,3,6,0.5
JMnb,6,4,10,0.6
JMnl,3,0,3,1.0
JMnm,5,3,8,0.62
JMnn,2,5,7,0.29
JMns,5,5,10,0.5
JMsB,0,0,0,
JMsD,1,1,2,0.5
JMsH,0,7,7,0.0
JMsI,0,1,1,0.0
JMsL,1,2,3,0.33
JMsM,1,4,5,0.2
JMsN,3,4,7,0.43
JMsP,4,4,8,0.5
JMsS,3,3,6,0.5
JMsb,0,0,0,
JMsm,6,1,7,0.86
JMsn,3,2,5,0.6
JMss,4,5,9,0.44
JMtB,1,0,1,1.0
JMtH,2,1,3,0.67
JMtN,0,0,0,
JMtP,0,2,2,0.0
JMtS,0,1,1,0.0
JMtb,1,1,2,0.5
JMtm,0,1,1,0.0
JMtn,1,0,1,1.0
JMts,2,0,2,1.0
JMtt,0,1,1,0.0
JNBB,4,4,8,0.5
JNBK,1,1,2,0.5
JNBL,1,1,2,0.5
JNBM,0,5,5,0.0
JNBN,5,3,8,0.62
JNBP,3,3,6,0.5
JNBS,3,3,6,0.5
JNBb,1,1,2,0.5
JNBj,0,0,0,
JNBm,4,3,7,0.57
JNBn,5,1,6,0.83
JNBs,3,2,5,0.6
JNDN,0,1,1,0.0
JNDS,0,1,1,0.0
JNDb,0,1,1,0.0
JNDl,1,0,1,1.0
JNDm,0,1,1,0.0
JNDs,0,1,1,0.0
JNHB,1,1,2,0.5
JNHL,0,0,0,
JNHM,1,0,1,1.0
JNHN,0,1,1,0.0
JNHS,0,0,0,
JNHh,0,2,2,0.0
JNHm,2,0,2,1.0
JNHn,2,1,3,0.67
JNHs,1,0,1,1.0
JNHt,0,0,0,
JNII,1,0,1,1.0
JNIL,1,0,1,1.0
JNIN,1,0,1,1.0
JNIP,2,0,2,1.0
JNIb,0,0,0,
JNKD,1,0,1,1.0
JNKH,0,0,0,
JNKM,0,1,1,0.0
JNKS,0,1,1,0.0
JNKn,1,0,1,1.0
JNLD,1,0,1,1.0
JNLL,0,1,1,0.0
JNLM,3,1,4,0.75
JNLN,2,1,3,0.67
JNLP,1,0,1,1.0
JNLS,1,1,2,0.5
JNLb,1,0,1,1.0
JNLh,0,0,0,
JNLl,0,3,3,0.0
JNLm,1,1,2,0.5
JNLn,2,1,3,0.67
JNLs,2,2,4,0.5
JNMB,4,1,5,0.8
JNMK,1,0,1,1.0
JNML,2,2,4,0.5
JNMM,2,3,5,0.4
JNMN,1,2,3,0.33
JNMP,4,8,12,0.33
JNMS,1,4,5,0.2
JNMb,1,1,2,0.5
JNMh,3,2,5,0.6
JNMj,0,1,1,0.0
JNMl,4,4,8,0.5
JNMm,6,1,7,0.86
JNMn,5,3,8,0.62
JNMs,2,1,3,0.67
JNMt,0,1,1,0.0
JNNB,1,6,7,0.14
JNND,3,0,3,1.0
JNNL,2,2,4,0.5
JNNM,3,5,8,0.38
JNNN,3,6,9,0.33
JNNP,6,8,14,0.43
JNNS,3,5,8,0.38
JNNb,0,7,7,0.0
JNNh,4,2,6,0.67
JNNl,0,2,2,0.0
JNNm,4,2,6,0.67
JNNn,5,4,9,0.56
JNNs,2,2,4,0.5
JNNt,0,1,1,0.0
JNPB,0,6,6,0.0
JNPD,1,1,2,0.5
JNPH,1,2,3,0.33
JNPI,0,1,1,0.0
JNPK,0,1,1,0.0
JNPM,2,8,10,0.2
JNPN,4,7,11,0.36
JNPP,10,7,17,0.59
JNPS,5,5,10,0.5
JNPb,1,1,2,0.5
JNPl,2,0,2,1.0
JNPm,9,2,11,0.82
JNPn,2,2,4,0.5
JNPs,1,2,3,0.33
JNSB,2,3,5,0.4
JNSH,0,1,1,0.0
JNSK,1,0,1,1.0
JNSL,1,2,3,0.33
JNSM,3,1,4,0.75
JNSN,2,4,6,0.33
JNSP,3,2,5,0.6
JNSS,5,6,11,0.45
JNSb,3,0,3,1.0
JNSh,1,4,5,0.2
JNSl,1,1,2,0.5
JNSm,3,2,5,0.6
JNSn,5,1,6,0.83
JNSs,5,3,8,0.62
JNbB,1,2,3,0.33
JNbD,1,0,1,1.0
JNbH,1,2,3,0.33
JNbL,2,0,2,1.0
JNbM,1,1,2,0.5
JNbN,3,1,4,0.75
JNbP,3,4,7,0.43
JNbS,2,2,4,0.5
JNbb,4,4,8,0.5
JNbm,3,4,7,0.43
JNbn,1,0,1,1.0
JNbs,3,1,4,0.75
JNhB,1,1,2,0.5
JNhD,0,1,1,0.0
JNhH,0,0,0,
JNhL,1,0,1,1.0
JNhM,1,1,2,0.5
JNhN,2,1,3,0.67
JNhP,1,2,3,0.33
JNhS,0,2,2,0.0
JNhb,0,3,3,0.0
JNhh,3,1,4,0.75
JNhm,1,4,5,0.2
JNhn,0,1,1,0.0
JNhs,2,2,4,0.5
JNlB,1,0,1,1.0
JNlH,1,2,3,0.33
JNlJ,1,0,1,1.0
JNlM,1,0,1,1.0
JNlN,2,2,4,0.5
JNlP,0,2,2,0.0
JNlb,1,2,3,0.33
JNll,0,2,2,0.0
JNlm,5,0,5,1.0
JNln,2,0,2,1.0
JNmB,4,3,7,0.57
JNmD,0,1,1,0.0
JNmH,2,6,8,0.25
JNmI,1,0,1,1.0
JNmJ,1,1,2,0.5
JNmL,0,1,1,0.0
JNmM,3,1,4,0.75
JNmN,4,5,9,0.44
JNmP,5,5,10,0.5
JNmS,2,4,6,0.33
JNmb,5,0,5,1.0
JNmh,0,0,0,
JNml,0,1,1,0.0
JNmm,6,5,11,0.55
JNmn,1,5,6,0.17
JNms,2,2,4,0.5
JNnB,3,2,5,0.6
JNnD,1,0,1,1.0
JNnH,3,1,4,0.75
JNnI,1,0,1,1.0
JNnK,1,0,1,1.0
JNnL,2,0,2,1.0
JNnM,5,3,8,0.62
JNnN,7,8,15,0.47
JNnP,2,3,5,0.4
JNnS,4,1,5,0.8
JNnb,4,6,10,0.4
JNnl,2,1,3,0.67
JNnm,6,2,8,0.75
JNnn,7,3,10,0.7
JNns,3,3,6,0.5
JNsB,2,1,3,0.67
JNsD,0,1,1,0.0
JNsH,0,9,9,0.0
JNsI,0,1,1,0.0
JNsK,0,1,1,0.0
JNsL,2,0,2,1.0
JNsM,2,6,8,0.25
JNsN,6,4,10,0.6
JNsP,4,3,7,0.57
JNsS,6,2,8,0.75
JNsb,2,0,2,1.0
JNsh,0,1,1,0.0
JNsl,0,1,1,0.0
JNsm,3,3,6,0.5
JNsn,4,1,5,0.8
JNss,2,4,6,0.33
JNtB,1,1,2,0.5
JNtH,0,1,1,0.0
JNtM,1,0,1,1.0
JNtP,0,3,3,0.0
JNtS,1,1,2,0.5
JNtb,0,2,2,0.0
JNtn,1,1,2,0.5
JNts,0,1,1,0.0
JPBB,4,3,7,0.57
JPBD,0,0,0,
JPBL,3,2,5,0.6
JPBM,5,5,10,0.5
JPBN,5,2,7,0.71
JPBP,7,2,9,0.78
JPBS,2,3,5,0.4
JPBb,4,3,7,0.57
JPBj,1,1,2,0.5
JPBl,0,1,1,0.0
JPBm,3,3,6,0.5
JPBn,3,8,11,0.27
JPBs,1,1,2,0.5
JPBt,1,1,2,0.5
JPDB,0,2,2,0.0
JPDM,0,1,1,0.0
JPDN,0,1,1,0.0
JPDP,0,2,2,0.0
JPDm,2,1,3,0.67
JPDn,0,1,1,0.0
JPDs,0,1,1,0.0
JPHB,0,1,1,0.0
JPHL,1,0,1,1.0
JPHM,0,3,3,0.0
JPHN,3,1,4,0.75
JPHP,2,1,3,0.67
JPHS,1,2,3,0.33
JPHh,0,2,2,0.0
JPHl,1,2,3,0.33
JPHm,0,1,1,0.0
JPHn,2,1,3,0.67
JPHs,1,1,2,0.5
JPIB,1,1,2,0.5
JPII,1,0,1,1.0
JPIK,0,1,1,0.0
JPIL,1,0,1,1.0
JPIM,2,1,3,0.67
JPIN,0,1,1,0.0
JPIS,1,1,2,0.5
JPIb,2,0,2,1.0
JPIm,2,0,2,1.0
JPIs,0,1,1,0.0
JPKI,0,0,0,
JPKL,0,0,0,
JPKM,1,1,2,0.5
JPKP,0,1,1,0.0
JPKS,1,0,1,1.0
JPKb,0,0,0,
JPKm,2,1,3,0.67
JPKn,0,1,1,0.0
JPKs,1,0,1,1.0
JPLB,0,1,1,0.0
JPLK,0,0,0,
JPLL,1,1,2,0.5
JPLM,0,2,2,0.0
JPLN,1,0,1,1.0
JPLP,3,1,4,0.75
JPLS,3,1,4,0.75
JPLb,0,1,1,0.0
JPLh,1,0,1,1.0
JPLj,1,0,1,1.0
JPLl,2,2,4,0.5
JPLm,2,2,4,0.5
JPLn,2,4,6,0.33
JPMB,7,5,12,0.58
JPMD,1,0,1,1.0
JPML,3,2,5,0.6
JPMM,3,9,12,0.25
JPMN,4,1,5,0.8
JPMP,4,3,7,0.57
JPMS,4,2,6,0.67
JPMb,1,6,7,0.14
JPMh,2,5,7,0.29
JPMl,4,3,7,0.57
JPMm,7,6,13,0.54
JPMn,4,6,10,0.4
JPMs,3,5,8,0.38
JPMt,0,1,1,0.0
JPNB,2,6,8,0.25
JPND,0,0,0,
JPNH,0,0,0,
JPNK,1,0,1,1.0
JPNL,0,2,2,0.0
JPNM,3,5,8,0.38
JPNN,4,7,11,0.36
JPNP,8,3,11,0.73
JPNS,2,4,6,0.33
JPNb,2,2,4,0.5
JPNh,1,1,2,0.5
JPNl,3,1,4,0.75
JPNm,4,3,7,0.57
JPNn,2,3,5,0.4
JPNs,4,2,6,0.67
JPNt,1,0,1,1.0
JPPB,8,5,13,0.62
JPPD,0,0,0,
JPPH,1,2,3,0.33
JPPI,2,0,2,1.0
JPPK,1,0,1,1.0
JPPL,2,2,4,0.5
JPPM,9,5,14,0.64
JPPN,1,1,2,0.5
JPPP,9,7,16,0.56
JPPS,6,4,10,0.6
JPPb,4,5,9,0.44
JPPh,1,1,2,0.5
JPPl,0,4,4,0.0
JPPm,5,6,11,0.45
JPPn,2,5,7,0.29
JPPs,5,8,13,0.38
JPPt,0,1,1,0.0
JPSB,1,3,4,0.25
JPSH,1,0,1,1.0
JPSL,4,2,6,0.67
JPSM,3,2,5,0.6
JPSN,1,0,1,1.0
JPSP,4,5,9,0.44
JPSS,4,6,10,0.4
JPSb,2,1,3,0.67
JPSh,2,2,4,0.5
JPSl,1,0,1,1.0
JPSm,4,5,9,0.44
JPSn,0,5,5,0.0
JPSs,2,1,3,0.67
JPSt,1,1,2,0.5
JPbB,5,4,9,0.56
JPbH,0,3,3,0.0
JPbI,0,1,1,0.0
JPbJ,1,0,1,1.0
JPbK,1,0,1,1.0
JPbL,3,3,6,0.5
JPbM,3,5,8,0.38
JPbN,4,3,7,0.57
JPbP,7,3,10,0.7
JPbS,0,2,2,0.0
JPbb,8,6,14,0.57
JPbl,1,1,2,0.5
JPbm,3,1,4,0.75
JPbn,3,0,3,1.0
JPbs,4,0,4,1.0
JPhB,0,0,0,
JPhL,1,0,1,1.0
JPhM,1,1,2,0.5
JPhN,1,0,1,1.0
JPhP,2,1,3,0.67
JPhS,1,0,1,1.0
JPhb,1,1,2,0.5
JPhh,2,0,2,1.0
JPhl,1,1,2,0.5
JPhm,0,1,1,0.0
JPhn,1,0,1,1.0
JPhs,0,1,1,0.0
JPlB,1,1,2,0.5
JPlH,3,0,3,1.0
JPlI,1,0,1,1.0
JPlJ,1,2,3,0.33
JPlL,2,0,2,1.0
JPlM,2,3,5,0.4
JPlN,3,1,4,0.75
JPlP,5,3,8,0.62
JPlS,0,3,3,0.0
JPll,0,0,0,
JPlm,0,3,3,0.0
JPln,0,1,1,0.0
JPls,1,0,1,1.0
JPmB,2,5,7,0.29
JPmD,0,0,0,
JPmH,1,5,6,0.17
JPmJ,0,1,1,0.0
JPmL,3,3,6,0.5
JPmM,6,5,11,0.55
JPmN,5,3,8,0.62
JPmP,1,6,7,0.14
JPmS,4,4,8,0.5
JPmb,6,3,9,0.67
JPml,3,2,5,0.6
JPmm,9,1,10,0.9
JPmn,4,3,7,0.57
JPms,2,1,3,0.67
JPnB,1,4,5,0.2
JPnD,0,2,2,0.0
JPnH,3,2,5,0.6
JPnI,0,2,2,0.0
JPnL,0,1,1,0.0
JPnM,6,4,10,0.6
JPnN,2,1,3,0.67
JPnP,4,2,6,0.67
JPnS,5,3,8,0.62
JPnb,4,3,7,0.57
JPnl,0,1,1,0.0
JPnm,6,2,8,0.75
JPns,4,1,5,0.8
JPsB,3,4,7,0.43
JPsD,0,1,1,0.0
JPsH,2,3,5,0.4
JPsI,1,0,1,1.0
JPsL,1,3,4,0.25
JPsM,4,5,9,0.44
JPsN,5,6,11,0.45
JPsP,2,2,4,0.5
JPsS,0,3,3,0.0
JPsb,2,5,7,0.29
JPsh,1,0,1,1.0
JPsl,4,1,5,0.8
JPsm,1,3,4,0.25
JPsn,2,0,2,1.0
JPss,3,3,6,0.5
JPtH,1,0,1,1.0
JPtL,0,1,1,0.0
JPtM,0,1,1,0.0
JPtP,0,1,1,0.0
JPtS,0,2,2,0.0
JPtb,1,1,2,0.5
JPtl,2,0,2,1.0
JPtn,1,0,1,1.0
JPts,1,0,1,1.0
JSBB,1,2,3,0.33
JSBD,0,1,1,0.0
JSBM,1,4,5,0.2
JSBN,0,1,1,0.0
JSBP,1,5,6,0.17
JSBS,2,2,4,0.5
JSBb,3,1,4,0.75
JSBj,1,1,2,0.5
JSBl,1,0,1,1.0
JSBm,6,3,9,0.67
JSBn,3,1,4,0.75
JSBs,1,4,5,0.2
JSDB,1,0,1,1.0
JSDD,1,1,2,0.5
JSDM,0,1,1,0.0
JSDP,0,0,0,
JSDS,1,1,2,0.5
JSDb,1,0,1,1.0
JSDl,0,1,1,0.0
JSDm,0,1,1,0.0
JSDs,0,1,1,0.0
JSHB,1,3,4,0.25
JSHH,0,1,1,0.0
JSHI,1,0,1,1.0
JSHM,1,1,2,0.5
JSHN,0,0,0,
JSHP,0,2,2,0.0
JSHS,1,0,1,1.0
JSHb,2,0,2,1.0
JSHm,1,0,1,1.0
JSHs,0,1,1,0.0
JSIB,0,2,2,0.0
JSIM,1,1,2,0.5
JSIN,1,0,1,1.0
JSIP,1,0,1,1.0
JSKM,1,0,1,1.0
JSKN,1,0,1,1.0
JSKb,0,0,0,
JSKh,0,1,1,0.0
JSLB,0,1,1,0.0
JSLD,1,0,1,1.0
JSLK,1,0,1,1.0
JSLL,1,0,1,1.0
JSLM,0,2,2,0.0
JSLN,0,0,0,
JSLP,2,0,2,1.0
JSLS,1,0,1,1.0
JSLl,0,1,1,0.0
JSLm,2,1,3,0.67
JSLn,0,2,2,0.0
JSLs,0,0,0,
JSMB,2,2,4,0.5
JSMD,2,2,4,0.5
JSML,1,3,4,0.25
JSMM,3,7,10,0.3
JSMN,7,2,9,0.78
JSMP,2,2,4,0.5
JSMS,1,5,6,0.17
JSMb,0,2,2,0.0
JSMh,1,5,6,0.17
JSMj,2,0,2,1.0
JSMl,0,0,0,
JSMm,2,1,3,0.67
JSMn,2,4,6,0.33
JSMs,3,4,7,0.43
JSMt,2,1,3,0.67
JSNH,0,1,1,0.0
JSNK,2,0,2,1.0
JSNM,2,2,4,0.5
JSNN,2,2,4,0.5
JSNP,3,1,4,0.75
JSNS,0,4,4,0.0
JSNb,0,1,1,0.0
JSNh,0,1,1,0.0
JSNl,0,1,1,0.0
JSNm,2,4,6,0.33
JSNn,4,3,7,0.57
JSNs,4,2,6,0.67
JSNt,1,1,2,0.5
JSPB,2,2,4,0.5
JSPD,1,0,1,1.0
JSPH,1,1,2,0.5
JSPI,1,0,1,1.0
JSPL,2,1,3,0.67
JSPM,2,3,5,0.4
JSPN,2,3,5,0.4
JSPP,3,3,6,0.5
JSPS,2,2,4,0.5
JSPb,3,4,7,0.43
JSPh,1,0,1,1.0
JSPm,1,2,3,0.33
JSPn,1,2,3,0.33
JSPs,6,4,10,0.6
JSPt,1,0,1,1.0
JSSB,0,4,4,0.0
JSSH,3,0,3,1.0
JSSL,2,1,3,0.67
JSSM,4,2,6,0.67
JSSN,3,4,7,0.43
JSSP,2,4,6,0.33
JSSS,3,5,8,0.38
JSSb,1,5,6,0.17
JSSh,1,1,2,0.5
JSSl,1,0,1,1.0
JSSm,2,3,5,0.4
JSSn,3,4,7,0.43
JSSs,4,2,6,0.67
JSbB,2,1,3,0.67
JSbD,1,0,1,1.0
JSbH,2,0,2,1.0
JSbI,1,0,1,1.0
JSbM,0,4,4,0.0
JSbN,5,3,8,0.62
JSbP,2,1,3,0.67
JSbS,2,1,3,0.67
JSbb,1,0,1,1.0
JSbl,1,1,2,0.5
JSbm,0,2,2,0.0
JSbn,0,3,3,0.0
JSbs,1,0,1,1.0
JShB,1,2,3,0.33
JShH,0,1,1,0.0
JShI,0,1,1,0.0
JShL,3,1,4,0.75
JShM,1,1,2,0.5
JShN,0,2,2,0.0
JShP,1,3,4,0.25
JShS,3,1,4,0.75
JShb,0,2,2,0.0
JShh,1,2,3,0.33
JShm,3,3,6,0.5
JShn,1,2,3,0.33
JShs,3,1,4,0.75
JSlB,0,3,3,0.0
JSlL,0,2,2,0.0
JSlM,1,1,2,0.5
JSlS,0,0,0,
JSlb,1,1,2,0.5
JSll,0,1,1,0.0
JSlm,4,1,5,0.8
JSls,1,0,1,1.0
JSmB,0,6,6,0.0
JSmD,2,2,4,0.5
JSmH,3,2,5,0.6
JSmJ,1,0,1,1.0
JSmL,1,2,3,0.33
JSmM,1,8,9,0.11
JSmN,5,4,9,0.56
JSmP,7,0,7,1.0
JSmS,1,3,4,0.25
JSmb,2,2,4,0.5
JSml,0,2,2,0.0
JSmm,5,2,7,0.71
JSmn,4,2,6,0.67
JSms,1,2,3,0.33
JSnB,1,2,3,0.33
JSnH,1,4,5,0.2
JSnI,1,0,1,1.0
JSnK,1,0,1,1.0
JSnL,0,0,0,
JSnM,3,4,7,0.43
JSnN,1,2,3,0.33
JSnP,3,4,7,0.43
JSnS,4,3,7,0.57
JSnb,4,3,7,0.57
JSnl,0,1,1,0.0
JSnm,2,0,2,1.0
JSnn,5,2,7,0.71
JSns,1,3,4,0.25
JSsB,1,2,3,0.33
JSsD,0,1,1,0.0
JSsH,3,5,8,0.38
JSsL,0,1,1,0.0
JSsM,6,5,11,0.55
JSsN,3,1,4,0.75
JSsP,1,3,4,0.25
JSsS,4,4,8,0.5
JSsb,3,3,6,0.5
JSsh,0,1,1,0.0
JSsl,4,0,4,1.0
JSsm,3,1,4,0.75
JSsn,1,1,2,0.5
JSss,3,6,9,0.33
JStB,0,2,2,0.0
JStD,0,0,0,
JStL,1,1,2,0.5
JStM,0,1,1,0.0
JStP,1,0,1,1.0
JStS,0,1,1,0.0
JStb,1,1,2,0.5
JStm,0,1,1,0.0
JSts,2,3,5,0.4
JbBB,5,8,13,0.38
JbBL,2,1,3,0.67
JbBM,3,3,6,0.5
JbBN,5,0,5,1.0
JbBP,5,2,7,0.71
JbBS,3,3,6,0.5
JbBb,3,2,5,0.6
JbBj,1,0,1,1.0
JbBl,2,0,2,1.0
JbBm,1,2,3,0.33
JbBn,4,4,8,0.5
JbBs,2,1,3,0.67
JbDH,1,0,1,1.0
JbDM,0,2,2,0.0
JbDP,0,0,0,
JbDS,0,1,1,0.0
JbDl,1,0,1,1.0
JbDs,0,1,1,0.0
JbHM,1,1,2,0.5
JbHN,0,0,0,
JbHP,1,0,1,1.0
JbHS,0,0,0,
JbHb,2,0,2,1.0
JbHh,0,1,1,0.0
JbHm,1,0,1,1.0
JbHn,2,0,2,1.0
JbHs,0,0,0,
JbIB,0,1,1,0.0
JbIN,1,0,1,1.0
JbIP,1,1,2,0.5
JbIb,0,1,1,0.0
JbIm,0,1,1,0.0
JbIn,1,0,1,1.0
JbIs,1,0,1,1.0
JbJB,2,1,3,0.67
JbJI,0,1,1,0.0
JbJL,0,3,3,0.0
JbJM,2,1,3,0.67
JbJN,2,0,2,1.0
JbJP,2,1,3,0.67
JbJS,0,0,0,
JbJb,2,3,5,0.4
JbJl,0,1,1,0.0
JbJm,0,1,1,0.0
JbJn,1,2,3,0.33
JbJs,1,0,1,1.0
JbJt,1,0,1,1.0
JbKH,0,0,0,
JbKP,1,0,1,1.0
JbKS,1,0,1,1.0
JbKl,0,1,1,0.0
JbKm,1,0,1,1.0
JbKs,1,0,1,1.0
JbLB,1,1,2,0.5
JbLM,0,2,2,0.0
JbLN,1,1,2,0.5
JbLP,1,2,3,0.33
JbLS,1,1,2,0.5
JbLb,0,1,1,0.0
JbLl,1,0,1,1.0
JbLm,1,2,3,0.33
JbLn,1,0,1,1.0
JbLs,2,1,3,0.67
JbMB,1,3,4,0.25
JbMD,1,0,1,1.0
JbML,2,1,3,0.67
JbMM,1,2,3,0.33
JbMN,3,3,6,0.5
JbMP,2,5,7,0.29
JbMS,1,2,3,0.33
JbMb,3,1,4,0.75
JbMh,4,3,7,0.57
JbMj,1,0,1,1.0
JbMl,0,0,0,
JbMm,4,2,6,0.67
JbMn,3,7,10,0.3
JbMs,4,2,6,0.67
JbMt,1,1,2,0.5
JbNB,5,7,12,0.42
JbNH,1,1,2,0.5
JbNL,1,1,2,0.5
JbNM,6,4,10,0.6
JbNN,5,9,14,0.36
JbNP,3,4,7,0.43
JbNS,6,3,9,0.67
JbNb,4,1,5,0.8
JbNh,4,1,5,0.8
JbNl,2,0,2,1.0
JbNm,4,3,7,0.57
JbNn,2,3,5,0.4
JbNs,1,4,5,0.2
JbNt,1,3,4,0.25
JbPB,0,3,3,0.0
JbPH,2,2,4,0.5
JbPK,0,1,1,0.0
JbPL,0,1,1,0.0
JbPM,4,5,9,0.44
JbPN,7,5,12,0.58
JbPP,6,7,13,0.46
JbPS,3,7,10,0.3
JbPb,6,4,10,0.6
JbPl,2,1,3,0.67
JbPm,3,6,9,0.33
JbPn,3,3,6,0.5
JbPs,2,2,4,0.5
JbPt,0,1,1,0.0
JbSB,0,1,1,0.0
JbSD,0,0,0,
JbSH,1,1,2,0.5
JbSL,0,2,2,0.0
JbSM,1,3,4,0.25
JbSN,1,3,4,0.25
JbSP,0,2,2,0.0
JbSS,1,1,2,0.5
JbSb,2,0,2,1.0
JbSh,0,1,1,0.0
JbSl,1,0,1,1.0
JbSn,2,1,3,0.67
JbSs,0,3,3,0.0
JbbB,5,4,9,0.56
JbbH,2,1,3,0.67
JbbI,1,0,1,1.0
JbbJ,2,0,2,1.0
JbbL,3,1,4,0.75
JbbM,6,6,12,0.5
JbbN,7,4,11,0.64
JbbP,3,2,5,0.6
JbbS,2,3,5,0.4
Jbbb,8,1,9,0.89
Jbbm,4,4,8,0.5
Jbbn,2,6,8,0.25
Jbbs,0,3,3,0.0
Jbhm,0,1,1,0.0
JblB,2,2,4,0.5
JblH,3,0,3,1.0
JblM,3,1,4,0.75
JblP,1,1,2,0.5
Jblb,0,0,0,
Jbll,2,0,2,1.0
Jblm,4,1,5,0.8
Jbln,1,2,3,0.33
Jbls,0,2,2,0.0
JbmB,3,4,7,0.43
JbmD,0,1,1,0.0
JbmH,1,3,4,0.25
JbmJ,2,0,2,1.0
JbmL,2,0,2,1.0
JbmM,3,7,10,0.3
JbmN,5,5,10,0.5
JbmP,5,2,7,0.71
JbmS,2,0,2,1.0
Jbmb,2,5,7,0.29
Jbml,1,1,2,0.5
Jbmm,2,2,4,0.5
Jbmn,2,1,3,0.67
Jbms,0,1,1,0.0
JbnB,2,5,7,0.29
JbnD,1,1,2,0.5
JbnH,1,3,4,0.25
JbnL,1,0,1,1.0
JbnM,2,2,4,0.5
JbnN,2,4,6,0.33
JbnP,3,3,6,0.5
JbnS,3,5,8,0.38
Jbnb,4,1,5,0.8
Jbnh,0,1,1,0.0
Jbnl,0,1,1,0.0
Jbnm,5,3,8,0.62
Jbnn,2,1,3,0.67
Jbns,2,1,3,0.67
JbsB,1,1,2,0.5
JbsH,3,0,3,1.0
JbsL,0,1,1,0.0
JbsM,1,1,2,0.5
JbsN,0,1,1,0.0
JbsP,1,1,2,0.5
JbsS,4,1,5,0.8
Jbsb,1,5,6,0.17
Jbsl,1,0,1,1.0
Jbsm,1,2,3,0.33
Jbss,0,1,1,0.0
JhBB,1,0,1,1.0
JhBS,0,1,1,0.0
JhBb,0,2,2,0.0
JhBm,0,1,1,0.0
JhBn,1,0,1,1.0
JhBs,1,0,1,1.0
JhDb,1,0,1,1.0
JhIH,1,0,1,1.0
JhIM,0,0,0,
JhIN,0,0,0,
JhIS,1,0,1,1.0
JhIn,0,1,1,0.0
JhLB,0,1,1,0.0
JhLM,1,0,1,1.0
JhMB,1,2,3,0.33
JhMH,1,0,1,1.0
JhML,0,0,0,
JhMM,1,2,3,0.33
JhMN,2,0,2,1.0
JhMP,0,0,0,
JhMS,0,0,0,
JhMb,0,0,0,
JhMn,1,0,1,1.0
JhMs,0,1,1,0.0
JhNB,0,1,1,0.0
JhND,1,0,1,1.0
JhNH,1,0,1,1.0
JhNM,0,1,1,0.0
JhNN,1,0,1,1.0
JhNP,1,0,1,1.0
JhNb,1,0,1,1.0
JhNm,1,2,3,0.33
JhNs,2,0,2,1.0
JhPB,1,1,2,0.5
JhPK,0,0,0,
JhPL,0,1,1,0.0
JhPN,0,1,1,0.0
JhPS,0,1,1,0.0
JhPb,1,0,1,1.0
JhPl,1,0,1,1.0
JhPm,1,0,1,1.0
JhPn,0,0,0,
JhPs,0,1,1,0.0
JhSB,1,0,1,1.0
JhSL,0,0,0,
JhSM,0,1,1,0.0
JhSS,2,1,3,0.67
JhSb,1,0,1,1.0
JhbH,0,1,1,0.0
JhbK,0,1,1,0.0
JhbL,0,0,0,
JhbM,0,2,2,0.0
JhbN,1,1,2,0.5
JhbS,1,0,1,1.0
Jhbb,1,0,1,1.0
Jhbn,0,1,1,0.0
Jhbs,0,1,1,0.0
JhhL,1,0,1,1.0
JhhM,1,1,2,0.5
Jhhb,0,1,1,0.0
Jhhm,2,0,2,1.0
JhlB,1,0,1,1.0
JhlL,1,0,1,1.0
JhmH,1,1,2,0.5
JhmK,0,1,1,0.0
JhmM,0,1,1,0.0
JhmN,0,1,1,0.0
JhmS,1,0,1,1.0
Jhmb,0,0,0,
Jhml,0,1,1,0.0
Jhmm,1,0,1,1.0
Jhmn,0,1,1,0.0
Jhms,1,0,1,1.0
JhnB,0,0,0,
JhnH,0,1,1,0.0
JhnM,1,0,1,1.0
JhnN,0,0,0,
JhnP,0,1,1,0.0
Jhnm,1,1,2,0.5
Jhnn,1,0,1,1.0
Jhns,0,1,1,0.0
JhsN,0,1,1,0.0
JhsP,0,2,2,0.0
JhsS,1,2,3,0.33
Jhss,0,1,1,0.0
JlBB,1,1,2,0.5
JlBK,0,1,1,0.0
JlBM,1,1,2,0.5
JlBN,2,5,7,0.29
JlBP,0,0,0,
JlBS,1,1,2,0.5
JlBb,1,1,2,0.5
JlBj,1,1,2,0.5
JlBl,1,1,2,0.5
JlBm,0,3,3,0.0
JlBs,1,0,1,1.0
JlBt,1,0,1,1.0
JlHD,1,0,1,1.0
JlHL,0,1,1,0.0
JlHM,1,1,2,0.5
JlHP,2,1,3,0.67
JlHS,0,1,1,0.0
JlHb,2,2,4,0.5
JlHl,1,0,1,1.0
JlHm,0,1,1,0.0
JlHs,1,1,2,0.5
JlIN,0,1,1,0.0
JlJM,1,0,1,1.0
JlJN,1,1,2,0.5
JlJP,1,2,3,0.33
JlJS,1,0,1,1.0
JlJb,0,1,1,0.0
JlJm,1,1,2,0.5
JlJn,1,0,1,1.0
JlKM,0,1,1,0.0
JlKS,0,1,1,0.0
JlKb,0,2,2,0.0
JlLB,1,1,2,0.5
JlLN,0,2,2,0.0
JlLP,1,2,3,0.33
JlLl,0,0,0,
JlLn,0,1,1,0.0
JlLs,0,0,0,
JlMB,3,0,3,1.0
JlML,0,1,1,0.0
JlMM,3,1,4,0.75
JlMN,1,2,3,0.33
JlMP,3,0,3,1.0
JlMS,1,0,1,1.0
JlMb,1,2,3,0.33
JlMh,1,1,2,0.5
JlMl,0,1,1,0.0
JlMm,2,0,2,1.0
JlMn,0,1,1,0.0
JlMs,2,0,2,1.0
JlNB,1,0,1,1.0
JlND,0,1,1,0.0
JlNI,0,1,1,0.0
JlNM,1,3,4,0.25
JlNN,1,1,2,0.5
JlNP,2,1,3,0.67
JlNS,0,0,0,
JlNb,4,0,4,1.0
JlNh,1,1,2,0.5
JlNl,0,1,1,0.0
JlNm,3,1,4,0.75
JlNn,1,0,1,1.0
JlNs,1,1,2,0.5
JlPB,0,3,3,0.0
JlPL,1,0,1,1.0
JlPM,2,1,3,0.67
JlPP,4,2,6,0.67
JlPS,0,1,1,0.0
JlPb,1,1,2,0.5
JlSB,1,0,1,1.0
JlSM,1,0,1,1.0
JlSP,1,0,1,1.0
JlSS,0,0,0,
JlSb,0,1,1,0.0
JlSl,2,0,2,1.0
JlSs,3,2,5,0.6
JlbB,1,0,1,1.0
JlbJ,0,0,0,
JlbL,0,1,1,0.0
JlbM,0,1,1,0.0
JlbN,0,0,0,
JlbP,3,1,4,0.75
JlbS,0,1,1,0.0
Jlbb,1,1,2,0.5
Jlbm,0,0,0,
Jlbn,0,1,1,0.0
Jlbs,1,0,1,1.0
JllB,2,1,3,0.67
JllN,0,1,1,0.0
JllP,1,2,3,0.33
Jlll,0,1,1,0.0
Jlln,1,0,1,1.0
JlmB,1,2,3,0.33
JlmH,2,0,2,1.0
JlmL,0,1,1,0.0
JlmM,3,1,4,0.75
JlmN,0,1,1,0.0
JlmP,0,2,2,0.0
Jlmb,4,3,7,0.57
Jlmm,0,1,1,0.0
Jlmn,0,3,3,0.0
Jlms,2,0,2,1.0
JlnD,1,0,1,1.0
JlnH,0,2,2,0.0
JlnL,0,0,0,
JlnM,1,1,2,0.5
JlnP,1,0,1,1.0
JlnS,0,2,2,0.0
Jlnb,0,1,1,0.0
Jlnm,0,1,1,0.0
Jlnn,0,1,1,0.0
Jlns,0,1,1,0.0
JlsH,1,0,1,1.0
JlsL,1,0,1,1.0
JlsM,0,0,0,
JlsN,0,2,2,0.0
JlsP,0,1,1,0.0
JlsS,1,0,1,1.0
Jlsb,1,1,2,0.5
Jlsm,0,1,1,0.0
JmBB,6,2,8,0.75
JmBD,1,1,2,0.5
JmBL,1,0,1,1.0
JmBM,3,4,7,0.43
JmBN,8,3,11,0.73
JmBP,2,4,6,0.33
JmBS,0,5,5,0.0
JmBb,2,3,5,0.4
JmBh,1,0,1,1.0
JmBl,0,1,1,0.0
JmBm,4,4,8,0.5
JmBn,6,3,9,0.67
JmBs,1,4,5,0.2
JmBt,2,1,3,0.67
JmDD,0,1,1,0.0
JmDM,0,0,0,
JmDN,1,1,2,0.5
JmDS,0,1,1,0.0
JmDb,0,1,1,0.0
JmDl,1,0,1,1.0
JmDm,2,0,2,1.0
JmDs,1,0,1,1.0
JmDt,0,2,2,0.0
JmHB,1,1,2,0.5
JmHD,1,0,1,1.0
JmHH,0,0,0,
JmHI,0,1,1,0.0
JmHL,3,1,4,0.75
JmHM,1,8,9,0.11
JmHN,2,1,3,0.67
JmHP,4,0,4,1.0
JmHS,1,3,4,0.25
JmHb,1,1,2,0.5
JmHl,0,2,2,0.0
JmHm,1,0,1,1.0
JmHn,3,2,5,0.6
JmHs,2,3,5,0.4
JmIH,0,1,1,0.0
JmIM,1,1,2,0.5
JmIb,1,0,1,1.0
JmIl,1,0,1,1.0
JmIm,0,0,0,
JmJB,3,1,4,0.75
JmJH,0,1,1,0.0
JmJM,1,1,2,0.5
JmJN,0,2,2,0.0
JmJS,2,2,4,0.5
JmJb,0,1,1,0.0
JmJm,1,0,1,1.0
JmJn,2,0,2,1.0
JmKB,0,2,2,0.0
JmKM,1,0,1,1.0
JmKb,1,0,1,1.0
JmLB,1,0,1,1.0
JmLD,0,2,2,0.0
JmLL,0,1,1,0.0
JmLM,0,1,1,0.0
JmLN,0,0,0,
JmLP,1,2,3,0.33
JmLS,3,1,4,0.75
JmLh,1,1,2,0.5
JmLl,0,2,2,0.0
JmLm,1,0,1,1.0
JmLn,0,4,4,0.0
JmLs,1,0,1,1.0
JmMB,2,4,6,0.33
JmMD,1,0,1,1.0
JmMI,1,0,1,1.0
JmMK,0,0,0,
JmML,0,1,1,0.0
JmMM,6,6,12,0.5
JmMN,2,4,6,0.33
JmMP,5,7,12,0.42
JmMS,1,4,5,0.2
JmMb,2,5,7,0.29
JmMh,0,3,3,0.0
JmMm,5,4,9,0.56
JmMn,7,8,15,0.47
JmMs,4,4,8,0.5
JmMt,2,1,3,0.67
JmNB,0,0,0,
JmND,0,0,0,
JmNH,0,2,2,0.0
JmNL,1,1,2,0.5
JmNM,4,5,9,0.44
JmNN,6,3,9,0.67
JmNP,1,8,9,0.11
JmNS,6,3,9,0.67
JmNb,2,0,2,1.0
JmNh,1,1,2,0.5
JmNl,0,0,0,
JmNm,2,5,7,0.29
JmNn,5,2,7,0.71
JmNs,1,3,4,0.25
JmNt,2,0,2,1.0
JmPB,4,3,7,0.57
JmPD,1,2,3,0.33
JmPH,1,0,1,1.0
JmPK,1,0,1,1.0
JmPL,3,3,6,0.5
JmPM,0,4,4,0.0
JmPN,4,3,7,0.57
JmPP,4,8,12,0.33
JmPS,5,0,5,1.0
JmPb,6,3,9,0.67
JmPl,1,0,1,1.0
JmPm,3,1,4,0.75
JmPn,3,4,7,0.43
JmPs,2,1,3,0.67
JmPt,1,0,1,1.0
JmSB,4,1,5,0.8
JmSD,0,1,1,0.0
JmSH,1,1,2,0.5
JmSM,2,0,2,1.0
JmSN,2,1,3,0.67
JmSP,1,3,4,0.25
JmSS,0,5,5,0.0
JmSb,3,0,3,1.0
JmSh,2,3,5,0.4
JmSm,2,2,4,0.5
JmSn,0,1,1,0.0
JmSs,4,3,7,0.57
JmSt,0,1,1,0.0
JmbB,2,7,9,0.22
JmbH,2,0,2,1.0
JmbI,2,1,3,0.67
JmbJ,0,0,0,
JmbL,3,1,4,0.75
JmbM,5,7,12,0.42
JmbN,6,2,8,0.75
JmbP,2,6,8,0.25
Jmbb,4,7,11,0.36
Jmbl,2,1,3,0.67
Jmbm,4,2,6,0.67
Jmbn,6,2,8,0.75
Jmbs,0,0,0,
JmhN,1,0,1,1.0
Jmhh,0,0,0,
Jmhl,0,1,1,0.0
JmlB,1,2,3,0.33
JmlD,1,0,1,1.0
JmlJ,0,2,2,0.0
JmlL,1,0,1,1.0
JmlM,1,2,3,0.33
JmlN,2,2,4,0.5
JmlP,1,1,2,0.5
Jmlb,1,1,2,0.5
Jmll,0,0,0,
Jmlm,2,0,2,1.0
JmmB,3,1,4,0.75
JmmH,2,2,4,0.5
JmmI,1,0,1,1.0
JmmJ,0,3,3,0.0
JmmL,0,2,2,0.0
JmmM,7,3,10,0.7
JmmN,4,5,9,0.44
JmmP,0,2,2,0.0
JmmS,1,2,3,0.33
Jmmb,5,5,10,0.5
Jmml,1,0,1,1.0
Jmmm,5,3,8,0.62
Jmmn,7,2,9,0.78
Jmms,1,2,3,0.33
JmnB,2,3,5,0.4
JmnD,0,1,1,0.0
JmnH,1,1,2,0.5
JmnL,1,1,2,0.5
JmnM,0,5,5,0.0
JmnN,4,3,7,0.57
JmnP,7,4,11,0.64
JmnS,1,0,1,1.0
Jmnb,4,2,6,0.67
Jmnh,0,1,1,0.0
Jmnl,0,1,1,0.0
Jmnm,4,1,5,0.8
Jmnn,4,2,6,0.67
Jmns,0,4,4,0.0
JmsB,0,1,1,0.0
JmsD,1,0,1,1.0
JmsH,3,2,5,0.6
JmsI,0,1,1,0.0
JmsL,1,0,1,1.0
JmsM,2,1,3,0.67
JmsP,2,3,5,0.4
JmsS,2,1,3,0.67
Jmsb,1,1,2,0.5
Jmsh,1,0,1,1.0
Jmsl,0,1,1,0.0
Jmsm,3,0,3,1.0
Jmsn,3,3,6,0.5
Jmss,0,1,1,0.0
JnBB,1,3,4,0.25
JnBM,2,2,4,0.5
JnBN,1,0,1,1.0
JnBP,2,1,3,0.67
JnBS,1,0,1,1.0
JnBb,1,3,4,0.25
JnBl,1,0,1,1.0
JnBm,2,1,3,0.67
JnBn,6,1,7,0.86
JnBs,1,3,4,0.25
JnBt,0,1,1,0.0
JnDB,0,1,1,0.0
JnDH,1,1,2,0.5
JnDM,0,1,1,0.0
JnDP,1,1,2,0.5
JnDS,0,1,1,0.0
JnDb,0,0,0,
JnDm,0,0,0,
JnDn,0,1,1,0.0
JnHB,0,1,1,0.0
JnHD,0,1,1,0.0
JnHL,0,1,1,0.0
JnHM,4,3,7,0.57
JnHN,1,2,3,0.33
JnHP,1,1,2,0.5
JnHS,1,2,3,0.33
JnHb,4,0,4,1.0
JnHh,1,2,3,0.33
JnHm,3,1,4,0.75
JnHn,0,2,2,0.0
JnHs,1,1,2,0.5
JnIH,0,0,0,
JnII,1,0,1,1.0
JnIL,0,1,1,0.0
JnIM,0,0,0,
JnIP,3,2,5,0.6
JnIb,1,0,1,1.0
JnIl,1,0,1,1.0
JnIn,2,0,2,1.0
JnIs,0,2,2,0.0
JnKL,1,0,1,1.0
JnKh,0,0,0,
JnKm,1,0,1,1.0
JnLM,1,3,4,0.25
JnLN,0,1,1,0.0
JnLP,0,2,2,0.0
JnLb,1,1,2,0.5
JnLn,2,2,4,0.5
JnLs,0,0,0,
JnMB,1,0,1,1.0
JnMD,1,1,2,0.5
JnML,1,3,4,0.25
JnMM,2,8,10,0.2
JnMN,0,4,4,0.0
JnMP,4,0,4,1.0
JnMS,3,1,4,0.75
JnMb,4,5,9,0.44
JnMh,4,3,7,0.57
JnMj,0,1,1,0.0
JnMl,0,3,3,0.0
JnMm,3,7,10,0.3
JnMn,3,3,6,0.5
JnMs,2,1,3,0.67
JnMt,0,1,1,0.0
JnNB,1,3,4,0.25
JnND,1,3,4,0.25
JnNH,0,1,1,0.0
JnNK,1,0,1,1.0
JnNL,1,0,1,1.0
JnNM,5,7,12,0.42
JnNN,2,5,7,0.29
JnNP,4,1,5,0.8
JnNS,3,2,5,0.6
JnNb,3,2,5,0.6
JnNh,0,0,0,
JnNl,0,2,2,0.0
JnNm,1,0,1,1.0
JnNn,6,2,8,0.75
JnNs,3,4,7,0.43
JnNt,1,0,1,1.0
JnPB,2,3,5,0.4
JnPD,2,0,2,1.0
JnPH,1,1,2,0.5
JnPI,0,0,0,
JnPK,1,0,1,1.0
JnPL,0,1,1,0.0
JnPM,2,3,5,0.4
JnPN,2,5,7,0.29
JnPP,6,5,11,0.55
JnPS,3,4,7,0.43
JnPb,4,4,8,0.5
JnPl,1,1,2,0.5
JnPm,4,6,10,0.4
JnPn,3,1,4,0.75
JnPs,2,2,4,0.5
JnPt,0,1,1,0.0
JnSB,1,3,4,0.25
JnSH,1,1,2,0.5
JnSK,1,0,1,1.0
JnSL,0,0,0,
JnSM,2,4,6,0.33
JnSN,1,5,6,0.17
JnSP,3,1,4,0.75
JnSS,4,5,9,0.44
JnSb,0,3,3,0.0
JnSh,0,1,1,0.0
JnSl,1,1,2,0.5
JnSm,2,3,5,0.4
JnSn,2,2,4,0.5
JnSs,2,5,7,0.29
JnSt,0,1,1,0.0
JnbB,3,2,5,0.6
JnbH,0,2,2,0.0
JnbI,2,0,2,1.0
JnbJ,0,0,0,
JnbK,0,0,0,
JnbL,1,3,4,0.25
JnbM,1,2,3,0.33
JnbN,4,2,6,0.67
JnbP,5,3,8,0.62
Jnbb,1,1,2,0.5
Jnbl,1,0,1,1.0
Jnbm,1,0,1,1.0
Jnbn,2,0,2,1.0
Jnbs,0,2,2,0.0
JnhB,0,1,1,0.0
JnhP,0,0,0,
JnlB,0,1,1,0.0
JnlH,0,1,1,0.0
JnlL,2,0,2,1.0
JnlM,1,0,1,1.0
JnlN,2,0,2,1.0
JnlP,0,1,1,0.0
JnlS,0,2,2,0.0
Jnlb,1,0,1,1.0
Jnll,1,0,1,1.0
Jnlm,1,1,2,0.5
Jnln,0,3,3,0.0
Jnls,2,0,2,1.0
JnmB,1,1,2,0.5
JnmH,2,3,5,0.4
JnmJ,2,0,2,1.0
JnmL,1,2,3,0.33
JnmM,0,4,4,0.0
JnmN,8,5,13,0.62
JnmP,3,3,6,0.5
JnmS,5,1,6,0.83
Jnmb,4,0,4,1.0
Jnml,0,1,1,0.0
Jnmm,2,0,2,1.0
Jnmn,2,3,5,0.4
JnnB,1,3,4,0.25
JnnH,0,2,2,0.0
JnnI,0,2,2,0.0
JnnK,0,1,1,0.0
JnnL,1,1,2,0.5
JnnM,1,2,3,0.33
JnnN,3,3,6,0.5
JnnP,4,2,6,0.67
JnnS,3,2,5,0.6
Jnnb,3,1,4,0.75
Jnnl,1,0,1,1.0
Jnnm,3,0,3,1.0
Jnnn,1,2,3,0.33
Jnns,2,2,4,0.5
JnsB,2,1,3,0.67
JnsH,2,5,7,0.29
JnsI,1,0,1,1.0
JnsL,1,1,2,0.5
JnsM,0,0,0,
JnsN,1,3,4,0.25
JnsP,2,1,3,0.67
JnsS,2,2,4,0.5
Jnsb,3,2,5,0.6
Jnsl,0,0,0,
Jnsm,1,2,3,0.33
Jnsn,2,1,3,0.67
Jnss,3,2,5,0.6
JntK,1,0,1,1.0
JsBB,2,0,2,1.0
JsBK,0,2,2,0.0
JsBL,1,2,3,0.33
JsBM,1,2,3,0.33
JsBN,1,3,4,0.25
JsBP,0,1,1,0.0
JsBS,3,4,7,0.43
JsBb,0,0,0,
JsBj,1,1,2,0.5
JsBm,2,2,4,0.5
JsBn,6,5,11,0.55
JsBs,3,0,3,1.0
JsBt,0,1,1,0.0
JsDD,0,0,0,
JsDH,0,2,2,0.0
JsDN,1,1,2,0.5
JsDm,0,1,1,0.0
JsDn,0,0,0,
JsHB,1,0,1,1.0
JsHH,0,1,1,0.0
JsHL,0,2,2,0.0
JsHM,0,1,1,0.0
JsHN,1,0,1,1.0
JsHP,5,3,8,0.62
JsHS,3,1,4,0.75
JsHb,1,0,1,1.0
JsHh,1,2,3,0.33
JsHl,1,0,1,1.0
JsHm,2,0,2,1.0
JsHn,0,1,1,0.0
JsHs,2,2,4,0.5
JsHt,1,1,2,0.5
JsIM,1,0,1,1.0
JsIN,2,1,3,0.67
JsIP,4,0,4,1.0
JsIS,0,1,1,0.0
JsIl,0,1,1,0.0
JsIm,1,0,1,1.0
JsKB,0,1,1,0.0
JsKS,0,1,1,0.0
JsKl,1,0,1,1.0
JsLB,1,2,3,0.33
JsLM,0,1,1,0.0
JsLN,0,2,2,0.0
JsLP,0,0,0,
JsLS,0,1,1,0.0
JsLb,1,1,2,0.5
JsLh,1,0,1,1.0
JsLm,3,0,3,1.0
JsLn,1,1,2,0.5
JsLs,1,0,1,1.0
JsMB,2,2,4,0.5
JsML,2,2,4,0.5
JsMM,3,3,6,0.5
JsMN,2,3,5,0.4
JsMP,3,3,6,0.5
JsMS,2,0,2,1.0
JsMb,1,1,2,0.5
JsMh,0,2,2,0.0
JsMl,0,1,1,0.0
JsMm,7,4,11,0.64
JsMn,6,3,9,0.67
JsMs,3,1,4,0.75
JsNB,1,1,2,0.5
JsND,1,0,1,1.0
JsNH,1,1,2,0.5
JsNI,1,0,1,1.0
JsNK,1,0,1,1.0
JsNM,1,3,4,0.25
JsNN,4,2,6,0.67
JsNP,2,1,3,0.67
JsNS,4,1,5,0.8
JsNb,3,3,6,0.5
JsNh,0,1,1,0.0
JsNl,0,0,0,
JsNm,3,2,5,0.6
JsNn,1,2,3,0.33
JsNs,3,1,4,0.75
JsPB,2,2,4,0.5
JsPD,0,2,2,0.0
JsPH,1,2,3,0.33
JsPI,1,0,1,1.0
JsPK,0,1,1,0.0
JsPL,0,1,1,0.0
JsPM,1,3,4,0.25
JsPN,4,1,5,0.8
JsPP,4,4,8,0.5
JsPS,2,3,5,0.4
JsPb,1,1,2,0.5
JsPh,0,1,1,0.0
JsPl,2,1,3,0.67
JsPm,2,4,6,0.33
JsPn,3,3,6,0.5
JsPs,3,3,6,0.5
JsPt,0,1,1,0.0
JsSB,0,1,1,0.0
JsSD,0,0,0,
JsSH,1,2,3,0.33
JsSL,0,1,1,0.0
JsSM,4,4,8,0.5
JsSN,2,1,3,0.67
JsSP,5,3,8,0.62
JsSS,4,3,7,0.57
JsSb,1,2,3,0.33
JsSh,1,1,2,0.5
JsSl,3,0,3,1.0
JsSm,4,5,9,0.44
JsSn,2,4,6,0.33
JsSs,3,3,6,0.5
JsSt,1,2,3,0.33
JsbB,1,2,3,0.33
JsbD,0,0,0,
JsbJ,1,0,1,1.0
JsbK,3,1,4,0.75
JsbL,1,1,2,0.5
JsbN,6,2,8,0.75
JsbP,2,2,4,0.5
JsbS,0,1,1,0.0
Jsbb,3,4,7,0.43
Jsbl,4,2,6,0.67
Jsbm,3,2,5,0.6
Jsbn,0,4,4,0.0
Jsbs,1,3,4,0.25
JshP,0,0,0,
Jshl,0,1,1,0.0
Jshn,0,1,1,0.0
Jshs,0,1,1,0.0
JslH,0,1,1,0.0
JslI,1,0,1,1.0
JslM,2,1,3,0.67
JslP,0,1,1,0.0
JslS,1,0,1,1.0
Jslb,3,0,3,1.0
Jsll,1,0,1,1.0
Jslm,0,1,1,0.0
Jsln,1,0,1,1.0
JsmB,3,3,6,0.5
JsmH,0,2,2,0.0
JsmJ,0,1,1,0.0
JsmL,1,0,1,1.0
JsmM,2,8,10,0.2
JsmN,4,4,8,0.5
JsmP,2,2,4,0.5
JsmS,7,1,8,0.88
Jsmb,4,2,6,0.67
Jsml,0,0,0,
Jsmm,5,1,6,0.83
Jsmn,4,0,4,1.0
Jsms,2,3,5,0.4
JsnB,3,0,3,1.0
JsnH,3,2,5,0.6
JsnL,1,0,1,1.0
JsnM,1,2,3,0.33
JsnN,3,2,5,0.6
JsnP,0,0,0,
JsnS,1,0,1,1.0
Jsnb,1,2,3,0.33
Jsnm,0,3,3,0.0
Jsnn,2,0,2,1.0
JssB,0,2,2,0.0
JssD,2,0,2,1.0
JssH,1,4,5,0.2
JssL,0,0,0,
JssM,6,2,8,0.75
JssN,0,1,1,0.0
JssP,2,2,4,0.5
JssS,8,6,14,0.57
Jssb,0,1,1,0.0
Jssl,1,1,2,0.5
Jssm,4,1,5,0.8
Jssn,1,1,2,0.5
Jsss,1,6,7,0.14
JstM,1,0,1,1.0
JtBM,0,2,2,0.0
JtBb,0,2,2,0.0
JtBj,0,1,1,0.0
JtBm,0,2,2,0.0
JtBn,1,1,2,0.5
JtHB,0,1,1,0.0
JtHM,0,2,2,0.0
JtHN,1,2,3,0.33
JtHP,0,1,1,0.0
JtHS,1,2,3,0.33
JtHh,0,0,0,
JtHm,1,1,2,0.5
JtHs,0,1,1,0.0
JtKM,1,0,1,1.0
JtKb,0,1,1,0.0
JtLL,0,1,1,0.0
JtLl,1,0,1,1.0
JtLn,1,0,1,1.0
JtML,1,0,1,1.0
JtMM,1,0,1,1.0
JtMN,1,0,1,1.0
JtMS,1,0,1,1.0
JtMl,1,1,2,0.5
JtMm,0,1,1,0.0
JtMn,1,0,1,1.0
JtMs,2,1,3,0.67
JtNB,1,0,1,1.0
JtNH,0,1,1,0.0
JtNM,0,2,2,0.0
JtNN,2,1,3,0.67
JtNP,0,1,1,0.0
JtNm,1,0,1,1.0
JtNn,0,1,1,0.0
JtNs,0,1,1,0.0
JtPB,0,0,0,
JtPL,1,2,3,0.33
JtPM,0,4,4,0.0
JtPP,0,2,2,0.0
JtPS,1,0,1,1.0
JtPm,1,1,2,0.5
JtPs,1,2,3,0.33
JtSB,0,0,0,
JtSH,1,0,1,1.0
JtSM,1,2,3,0.33
JtSN,1,0,1,1.0
JtSS,0,2,2,0.0
JtSl,0,1,1,0.0
JtSs,0,1,1,0.0
JtbB,0,1,1,0.0
JtbI,1,0,1,1.0
JtbL,0,1,1,0.0
JtbM,0,1,1,0.0
JtbN,2,0,2,1.0
JtbP,0,1,1,0.0
Jtbn,0,0,0,
JthB,0,1,1,0.0
Jthm,1,0,1,1.0
Jtlb,0,1,1,0.0
Jtls,0,1,1,0.0
JtmD,0,1,1,0.0
JtmI,1,0,1,1.0
JtmJ,0,1,1,0.0
JtmL,0,1,1,0.0
JtmM,1,0,1,1.0
JtmN,1,0,1,1.0
JtmP,0,1,1,0.0
Jtmb,0,1,1,0.0
Jtml,0,0,0,
JtnD,0,1,1,0.0
JtnH,1,2,3,0.33
JtnM,1,0,1,1.0
JtnN,0,1,1,0.0
JtnS,0,1,1,0.0
Jtnm,1,0,1,1.0
Jtnn,0,0,0,
JtsH,1,1,2,0.5
JtsS,0,1,1,0.0
Jtsl,1,0,1,1.0
Jtsm,1,0,1,1.0
Jtsn,0,2,2,0.0
Jtss,0,1,1,0.0
JttN,1,0,1,1.0
Jttn,0,0,0,
KBBB,4,1,5,0.8
KBBD,1,1,2,0.5
KBBK,1,0,1,1.0
KBBL,0,2,2,0.0
KBBM,4,6,10,0.4
KBBN,4,4,8,0.5
KBBP,4,4,8,0.5
KBBS,1,4,5,0.2
KBBb,11,3,14,0.79
KBBj,0,2,2,0.0
KBBl,1,0,1,1.0
KBBm,5,1,6,0.83
KBBn,3,7,10,0.3
KBBs,1,1,2,0.5
KBBt,1,0,1,1.0
KBDB,1,0,1,1.0
KBDH,1,3,4,0.25
KBDM,1,1,2,0.5
KBDP,1,1,2,0.5
KBDS,0,0,0,
KBDm,0,2,2,0.0
KBDs,1,0,1,1.0
KBID,1,0,1,1.0
KBKB,0,0,0,
KBKD,0,1,1,0.0
KBKH,1,0,1,1.0
KBKI,0,1,1,0.0
KBKK,0,1,1,0.0
KBKM,0,1,1,0.0
KBKP,3,0,3,1.0
KBKm,1,0,1,1.0
KBKn,0,0,0,
KBLB,0,2,2,0.0
KBLL,0,1,1,0.0
KBLM,1,0,1,1.0
KBLN,2,1,3,0.67
KBLP,0,1,1,0.0
KBLS,1,1,2,0.5
KBLb,0,2,2,0.0
KBLl,0,1,1,0.0
KBLm,2,1,3,0.67
KBLn,0,1,1,0.0
KBLs,0,0,0,
KBLt,1,0,1,1.0
KBMB,4,1,5,0.8
KBMD,0,0,0,
KBML,2,2,4,0.5
KBMM,3,6,9,0.33
KBMN,1,3,4,0.25
KBMP,1,4,5,0.2
KBMS,1,3,4,0.25
KBMb,1,5,6,0.17
KBMh,2,0,2,1.0
KBMj,0,1,1,0.0
KBMl,1,0,1,1.0
KBMm,1,2,3,0.33
KBMn,3,0,3,1.0
KBMs,2,2,4,0.5
KBMt,1,0,1,1.0
KBNB,3,3,6,0.5
KBND,1,0,1,1.0
KBNH,1,1,2,0.5
KBNI,0,1,1,0.0
KBNK,1,1,2,0.5
KBNL,0,3,3,0.0
KBNM,4,2,6,0.67
KBNN,8,4,12,0.67
KBNP,4,5,9,0.44
KBNS,3,1,4,0.75
KBNb,3,3,6,0.5
KBNh,0,3,3,0.0
KBNl,0,2,2,0.0
KBNm,3,2,5,0.6
KBNn,4,1,5,0.8
KBNs,4,4,8,0.5
KBNt,0,1,1,0.0
KBPB,4,2,6,0.67
KBPD,0,2,2,0.0
KBPH,0,1,1,0.0
KBPI,1,1,2,0.5
KBPL,1,1,2,0.5
KBPM,5,8,13,0.38
KBPN,6,6,12,0.5
KBPP,3,6,9,0.33
KBPS,8,4,12,0.67
KBPb,4,3,7,0.57
KBPl,3,1,4,0.75
KBPm,7,5,12,0.58
KBPn,3,3,6,0.5
KBPs,4,1,5,0.8
KBPt,1,0,1,1.0
KBSB,4,2,6,0.67
KBSH,0,1,1,0.0
KBSL,0,1,1,0.0
KBSM,5,5,10,0.5
KBSN,0,1,1,0.0
KBSP,3,0,3,1.0
KBSS,1,3,4,0.25
KBSb,3,3,6,0.5
KBSh,0,1,1,0.0
KBSl,2,0,2,1.0
KBSm,4,5,9,0.44
KBSn,2,1,3,0.67
KBSs,3,1,4,0.75
KBbB,0,2,2,0.0
KBbD,0,1,1,0.0
KBbH,0,1,1,0.0
KBbI,3,0,3,1.0
KBbJ,0,0,0,
KBbL,1,1,2,0.5
KBbM,5,9,14,0.36
KBbN,1,2,3,0.33
KBbP,1,4,5,0.2
KBbS,4,1,5,0.8
KBbb,4,4,8,0.5
KBbl,0,2,2,0.0
KBbm,3,5,8,0.38
KBbn,4,3,7,0.57
KBbs,0,1,1,0.0
KBhB,1,0,1,1.0
KBhH,0,1,1,0.0
KBhN,1,0,1,1.0
KBhP,0,0,0,
KBhh,0,0,0,
KBhm,0,0,0,
KBhn,1,0,1,1.0
KBhs,0,0,0,
KBjB,0,0,0,
KBjD,0,0,0,
KBjH,1,1,2,0.5
KBjM,2,1,3,0.67
KBjN,0,1,1,0.0
KBjP,1,1,2,0.5
KBjS,1,1,2,0.5
KBjb,0,0,0,
KBjm,1,0,1,1.0
KBjn,1,1,2,0.5
KBlB,3,0,3,1.0
KBlH,1,2,3,0.33
KBlJ,1,0,1,1.0
KBlL,1,1,2,0.5
KBlM,0,1,1,0.0
KBlN,1,1,2,0.5
KBlP,3,1,4,0.75
KBlb,2,2,4,0.5
KBll,1,1,2,0.5
KBlm,5,0,5,1.0
KBln,1,0,1,1.0
KBls,0,1,1,0.0
KBmB,0,1,1,0.0
KBmH,4,3,7,0.57
KBmL,3,0,3,1.0
KBmM,8,6,14,0.57
KBmN,10,0,10,1.0
KBmP,1,6,7,0.14
KBmS,4,3,7,0.57
KBmb,0,1,1,0.0
KBml,0,2,2,0.0
KBmm,11,5,16,0.69
KBmn,4,4,8,0.5
KBms,5,2,7,0.71
KBnB,6,1,7,0.86
KBnD,1,2,3,0.33
KBnH,1,0,1,1.0
KBnI,1,0,1,1.0
KBnL,1,1,2,0.5
KBnM,2,5,7,0.29
KBnN,1,4,5,0.2
KBnP,4,2,6,0.67
KBnS,1,6,7,0.14
KBnb,1,5,6,0.17
KBnh,0,1,1,0.0
KBnl,3,2,5,0.6
KBnm,4,3,7,0.57
KBnn,5,7,12,0.42
KBns,0,4,4,0.0
KBsB,0,1,1,0.0
KBsH,0,5,5,0.0
KBsL,1,1,2,0.5
KBsM,0,7,7,0.0
KBsN,1,3,4,0.25
KBsP,3,1,4,0.75
KBsS,0,2,2,0.0
KBsb,2,2,4,0.5
KBsm,0,2,2,0.0
KBsn,1,4,5,0.2
KBss,3,3,6,0.5
KBtB,1,0,1,1.0
KBtD,1,0,1,1.0
KBtH,1,0,1,1.0
KBtN,1,1,2,0.5
KBtP,2,1,3,0.67
KBtS,1,0,1,1.0
KBtb,0,1,1,0.0
KBtl,1,0,1,1.0
KBtm,0,1,1,0.0
KBtn,0,0,0,
KBts,1,0,1,1.0
KDBB,0,1,1,0.0
KDBD,0,0,0,
KDBM,1,0,1,1.0
KDBN,0,1,1,0.0
KDBP,1,2,3,0.33
KDBl,0,0,0,
KDBm,1,0,1,1.0
KDBn,1,0,1,1.0
KDDH,1,1,2,0.5
KDDN,1,0,1,1.0
KDDm,1,0,1,1.0
KDHH,0,1,1,0.0
KDHL,0,1,1,0.0
KDHM,1,1,2,0.5
KDHN,1,1,2,0.5
KDHP,3,1,4,0.75
KDHS,0,1,1,0.0
KDHb,0,1,1,0.0
KDHm,1,0,1,1.0
KDHs,0,1,1,0.0
KDIH,0,1,1,0.0
KDLB,0,1,1,0.0
KDLM,2,1,3,0.67
KDLP,1,0,1,1.0
KDLb,1,0,1,1.0
KDLn,1,0,1,1.0
KDMB,0,2,2,0.0
KDML,0,0,0,
KDMP,2,0,2,1.0
KDMS,0,1,1,0.0
KDMb,1,1,2,0.5
KDMh,2,0,2,1.0
KDMj,0,1,1,0.0
KDMm,2,1,3,0.67
KDMn,1,1,2,0.5
KDMs,3,2,5,0.6
KDNI,0,1,1,0.0
KDNM,0,1,1,0.0
KDNN,0,1,1,0.0
KDNP,0,0,0,
KDNS,0,1,1,0.0
KDNn,2,2,4,0.5
KDPB,0,1,1,0.0
KDPM,1,1,2,0.5
KDPP,1,0,1,1.0
KDPS,0,0,0,
KDPb,1,0,1,1.0
KDPm,1,0,1,1.0
KDPs,1,1,2,0.5
KDSB,0,1,1,0.0
KDSL,1,0,1,1.0
KDSM,1,1,2,0.5
KDSN,1,1,2,0.5
KDSP,1,0,1,1.0
KDSS,1,2,3,0.33
KDSb,0,1,1,0.0
KDSm,1,2,3,0.33
KDbB,2,2,4,0.5
KDbM,1,0,1,1.0
KDbN,2,0,2,1.0
KDbP,1,1,2,0.5
KDbb,0,1,1,0.0
KDbm,3,0,3,1.0
KDbn,1,0,1,1.0
KDlH,1,0,1,1.0
KDlL,0,1,1,0.0
KDlS,1,0,1,1.0
KDll,1,0,1,1.0
KDlm,2,0,2,1.0
KDln,0,1,1,0.0
KDmB,1,0,1,1.0
KDmI,0,1,1,0.0
KDmJ,0,1,1,0.0
KDmL,0,1,1,0.0
KDmM,2,2,4,0.5
KDmN,0,2,2,0.0
KDmP,1,0,1,1.0
KDmS,1,1,2,0.5
KDmm,0,2,2,0.0
KDms,1,0,1,1.0
KDnB,1,0,1,1.0
KDnH,2,0,2,1.0
KDnM,1,2,3,0.33
KDnN,1,0,1,1.0
KDnP,1,0,1,1.0
KDnS,1,0,1,1.0
KDnn,0,1,1,0.0
KDns,0,0,0,
KDsB,1,0,1,1.0
KDsH,0,1,1,0.0
KDsM,1,0,1,1.0
KDsP,0,1,1,0.0
KDsS,0,0,0,
KDsb,0,1,1,0.0
KDsm,0,3,3,0.0
KDsn,0,1,1,0.0
KDss,0,1,1,0.0
KDtM,1,0,1,1.0
KDtn,1,0,1,1.0
KDts,0,1,1,0.0
KHBB,1,0,1,1.0
KHBM,2,1,3,0.67
KHBN,0,1,1,0.0
KHBP,0,1,1,0.0
KHBS,1,0,1,1.0
KHBb,1,0,1,1.0
KHBh,0,2,2,0.0
KHBn,1,1,2,0.5
KHBs,0,1,1,0.0
KHDB,1,0,1,1.0
KHDS,1,0,1,1.0
KHDb,1,0,1,1.0
KHDm,0,1,1,0.0
KHHM,1,0,1,1.0
KHHP,0,1,1,0.0
KHHS,0,2,2,0.0
KHIB,1,0,1,1.0
KHIP,0,1,1,0.0
KHKM,2,0,2,1.0
KHKb,0,1,1,0.0
KHKm,0,1,1,0.0
KHLB,1,0,1,1.0
KHLm,1,0,1,1.0
KHMB,1,0,1,1.0
KHMD,1,0,1,1.0
KHML,0,1,1,0.0
KHMM,0,1,1,0.0
KHMN,0,1,1,0.0
KHMP,0,1,1,0.0
KHMb,0,1,1,0.0
KHMm,2,2,4,0.5
KHMn,1,1,2,0.5
KHMs,0,1,1,0.0
KHNB,1,0,1,1.0
KHNH,0,0,0,
KHNL,0,1,1,0.0
KHNM,2,1,3,0.67
KHNN,0,3,3,0.0
KHNP,0,1,1,0.0
KHNS,2,3,5,0.4
KHNb,1,0,1,1.0
KHNm,1,1,2,0.5
KHNn,1,1,2,0.5
KHNs,2,0,2,1.0
KHPB,3,1,4,0.75
KHPH,0,1,1,0.0
KHPL,1,0,1,1.0
KHPM,0,0,0,
KHPN,2,2,4,0.5
KHPP,0,1,1,0.0
KHPS,0,0,0,
KHPb,1,0,1,1.0
KHPh,0,0,0,
KHPm,1,3,4,0.25
KHPn,0,1,1,0.0
KHPs,2,0,2,1.0
KHSB,1,1,2,0.5
KHSH,1,0,1,1.0
KHSL,1,0,1,1.0
KHSM,1,1,2,0.5
KHSN,0,0,0,
KHSS,0,1,1,0.0
KHSb,0,1,1,0.0
KHSh,1,1,2,0.5
KHSl,1,0,1,1.0
KHSm,0,2,2,0.0
KHSn,0,1,1,0.0
KHbB,0,1,1,0.0
KHbL,1,0,1,1.0
KHbM,1,2,3,0.33
KHbN,1,0,1,1.0
KHbS,0,1,1,0.0
KHbm,2,0,2,1.0
KHbn,1,0,1,1.0
KHbs,0,1,1,0.0
KHhP,0,1,1,0.0
KHhS,1,0,1,1.0
KHhb,1,0,1,1.0
KHhl,0,1,1,0.0
KHhm,0,1,1,0.0
KHhn,1,0,1,1.0
KHhs,1,0,1,1.0
KHlB,1,0,1,1.0
KHlS,0,1,1,0.0
KHll,0,1,1,0.0
KHmB,0,1,1,0.0
KHmH,1,1,2,0.5
KHmI,0,0,0,
KHmL,0,1,1,0.0
KHmM,1,1,2,0.5
KHmN,0,1,1,0.0
KHmP,3,0,3,1.0
KHmS,2,1,3,0.67
KHmb,5,0,5,1.0
KHmm,2,0,2,1.0
KHms,0,1,1,0.0
KHnB,0,0,0,
KHnH,0,1,1,0.0
KHnI,1,1,2,0.5
KHnL,1,1,2,0.5
KHnN,1,1,2,0.5
KHnP,1,0,1,1.0
KHnS,0,2,2,0.0
KHnb,0,1,1,0.0
KHnh,0,0,0,
KHnm,3,0,3,1.0
KHns,0,1,1,0.0
KHnt,0,1,1,0.0
KHsH,0,1,1,0.0
KHsL,1,1,2,0.5
KHsM,2,1,3,0.67
KHsN,0,2,2,0.0
KHsS,3,0,3,1.0
KHsm,1,2,3,0.33
KHsn,1,0,1,1.0
KHss,1,0,1,1.0
KIBB,1,1,2,0.5
KIBK,0,1,1,0.0
KIBN,0,1,1,0.0
KIBb,0,1,1,0.0
KIBl,0,1,1,0.0
KIBm,5,0,5,1.0
KIBt,0,0,0,
KIDb,1,0,1,1.0
KIDl,0,1,1,0.0
KIHM,1,1,2,0.5
KIHN,0,1,1,0.0
KIHS,0,0,0,
KIHh,0,1,1,0.0
KIHl,0,1,1,0.0
KIHm,0,2,2,0.0
KIHn,0,1,1,0.0
KIHs,1,0,1,1.0
KIIm,1,0,1,1.0
KIKb,0,0,0,
KIKm,1,0,1,1.0
KILB,1,0,1,1.0
KILP,2,0,2,1.0
KILn,1,0,1,1.0
KIMB,1,2,3,0.33
KIMD,0,1,1,0.0
KIML,1,1,2,0.5
KIMM,1,4,5,0.2
KIMN,2,1,3,0.67
KIMP,0,2,2,0.0
KIMS,1,1,2,0.5
KIMb,1,2,3,0.33
KIMh,0,0,0,
KIMj,1,0,1,1.0
KIMn,1,0,1,1.0
KIMs,0,1,1,0.0
KINB,1,0,1,1.0
KIND,0,0,0,
KINH,1,1,2,0.5
KINL,1,0,1,1.0
KINM,1,3,4,0.25
KINP,3,0,3,1.0
KINm,0,1,1,0.0
KINn,2,0,2,1.0
KINs,0,1,1,0.0
KINt,1,0,1,1.0
KIPB,1,1,2,0.5
KIPH,0,0,0,
KIPI,0,0,0,
KIPL,0,1,1,0.0
KIPM,1,0,1,1.0
KIPN,2,2,4,0.5
KIPP,1,1,2,0.5
KIPS,3,0,3,1.0
KIPl,1,0,1,1.0
KIPm,1,2,3,0.33
KIPn,1,0,1,1.0
KIPs,1,0,1,1.0
KISB,0,3,3,0.0
KISH,1,0,1,1.0
KISM,0,1,1,0.0
KISP,1,1,2,0.5
KISS,2,1,3,0.67
KISb,0,2,2,0.0
KISh,1,1,2,0.5
KISm,2,0,2,1.0
KISn,0,1,1,0.0
KISs,0,1,1,0.0
KIbB,0,0,0,
KIbM,0,2,2,0.0
KIbN,0,1,1,0.0
KIbP,0,2,2,0.0
KIbS,0,1,1,0.0
KIbb,2,1,3,0.67
KIbm,2,0,2,1.0
KIbn,1,0,1,1.0
KIhM,0,0,0,
KIhP,0,1,1,0.0
KIhS,0,1,1,0.0
KIhs,1,0,1,1.0
KIlS,1,1,2,0.5
KImB,1,0,1,1.0
KImH,1,0,1,1.0
KImM,3,1,4,0.75
KImN,0,0,0,
KImP,2,0,2,1.0
KImS,1,1,2,0.5
KImb,0,1,1,0.0
KIml,1,0,1,1.0
KImm,0,1,1,0.0
KImn,1,0,1,1.0
KInB,1,0,1,1.0
KInL,0,1,1,0.0
KInM,0,1,1,0.0
KInN,1,0,1,1.0
KInS,1,0,1,1.0
KInb,1,0,1,1.0
KInm,1,3,4,0.25
KInn,1,1,2,0.5
KIsB,1,2,3,0.33
KIsH,0,1,1,0.0
KIsP,0,0,0,
KIsS,2,0,2,1.0
KIsm,2,1,3,0.67
KIsn,0,1,1,0.0
KIss,0,1,1,0.0
KItH,1,0,1,1.0
KItb,0,1,1,0.0
KKBM,0,0,0,
KKBm,1,0,1,1.0
KKHN,0,1,1,0.0
KKML,0,1,1,0.0
KKMP,0,1,1,0.0
KKMj,1,0,1,1.0
KKMm,0,0,0,
KKNB,1,0,1,1.0
KKNL,1,0,1,1.0
KKPM,1,1,2,0.5
KKPP,1,0,1,1.0
KKSN,1,0,1,1.0
KKSP,0,1,1,0.0
KKSS,0,0,0,
KKbL,0,1,1,0.0
KKbm,1,0,1,1.0
KKbs,1,1,2,0.5
KKhL,0,1,1,0.0
KKhh,0,1,1,0.0
KKhm,1,0,1,1.0
KKlm,0,1,1,0.0
KKmM,0,0,0,
KKmP,0,2,2,0.0
KKnS,1,0,1,1.0
KKsH,0,1,1,0.0
KKsN,0,0,0,
KKsb,1,0,1,1.0
KKsn,0,0,0,
KKss,1,0,1,1.0
KLBB,3,6,9,0.33
KLBM,1,1,2,0.5
KLBP,2,3,5,0.4
KLBS,2,0,2,1.0
KLBb,1,2,3,0.33
KLBh,0,1,1,0.0
KLBj,1,0,1,1.0
KLBn,0,2,2,0.0
KLBs,0,1,1,0.0
KLDD,1,0,1,1.0
KLDN,0,0,0,
KLDb,1,0,1,1.0
KLDm,0,1,1,0.0
KLDs,0,1,1,0.0
KLHs,1,0,1,1.0
KLIM,1,0,1,1.0
KLKh,0,1,1,0.0
KLLB,1,1,2,0.5
KLLL,0,2,2,0.0
KLLM,0,1,1,0.0
KLLP,1,2,3,0.33
KLLb,0,2,2,0.0
KLLh,0,1,1,0.0
KLLl,1,1,2,0.5
KLLm,0,1,1,0.0
KLLn,0,1,1,0.0
KLLs,1,0,1,1.0
KLLt,0,1,1,0.0
KLMB,1,1,2,0.5
KLMH,1,0,1,1.0
KLML,0,2,2,0.0
KLMM,2,2,4,0.5
KLMN,1,1,2,0.5
KLMP,2,0,2,1.0
KLMS,1,0,1,1.0
KLMb,3,1,4,0.75
KLMh,1,1,2,0.5
KLMj,1,0,1,1.0
KLMl,0,1,1,0.0
KLMm,4,2,6,0.67
KLMn,2,1,3,0.67
KLMs,3,0,3,1.0
KLNB,2,0,2,1.0
KLNL,0,1,1,0.0
KLNM,1,1,2,0.5
KLNP,2,1,3,0.67
KLNb,3,0,3,1.0
KLNm,2,0,2,1.0
KLNn,1,1,2,0.5
KLNs,0,1,1,0.0
KLNt,0,1,1,0.0
KLPB,0,3,3,0.0
KLPI,0,1,1,0.0
KLPL,1,0,1,1.0
KLPN,0,1,1,0.0
KLPP,4,0,4,1.0
KLPS,1,0,1,1.0
KLPb,0,1,1,0.0
KLPl,1,0,1,1.0
KLPm,1,1,2,0.5
KLPn,0,0,0,
KLPs,1,0,1,1.0
KLPt,1,1,2,0.5
KLSB,2,3,5,0.4
KLSH,0,1,1,0.0
KLSL,0,0,0,
KLSM,2,2,4,0.5
KLSN,1,2,3,0.33
KLSP,1,1,2,0.5
KLSS,2,2,4,0.5
KLSb,1,0,1,1.0
KLSh,2,1,3,0.67
KLSl,1,1,2,0.5
KLSm,1,1,2,0.5
KLSn,0,1,1,0.0
KLSs,0,2,2,0.0
KLbB,2,1,3,0.67
KLbH,1,0,1,1.0
KLbK,1,1,2,0.5
KLbM,0,1,1,0.0
KLbN,2,2,4,0.5
KLbP,0,0,0,
KLbS,0,4,4,0.0
KLbb,1,1,2,0.5
KLbm,2,0,2,1.0
KLbn,2,1,3,0.67
KLbs,2,0,2,1.0
KLhB,1,2,3,0.33
KLhD,0,1,1,0.0
KLhH,0,1,1,0.0
KLhL,0,1,1,0.0
KLhM,1,1,2,0.5
KLhN,1,2,3,0.33
KLhP,1,2,3,0.33
KLhS,1,0,1,1.0
KLhh,0,2,2,0.0
KLhs,1,0,1,1.0
KLjB,1,1,2,0.5
KLjK,0,1,1,0.0
KLjS,1,1,2,0.5
KLjh,0,1,1,0.0
KLjl,0,1,1,0.0
KLlD,1,0,1,1.0
KLlH,1,0,1,1.0
KLlJ,1,0,1,1.0
KLlL,0,1,1,0.0
KLlN,0,0,0,
KLlP,1,0,1,1.0
KLlS,1,1,2,0.5
KLlb,0,1,1,0.0
KLln,0,1,1,0.0
KLmB,2,2,4,0.5
KLmD,1,0,1,1.0
KLmH,4,1,5,0.8
KLmJ,1,0,1,1.0
KLmK,0,1,1,0.0
KLmL,0,1,1,0.0
KLmM,1,4,5,0.2
KLmN,1,1,2,0.5
KLmP,3,0,3,1.0
KLmS,0,2,2,0.0
KLmb,3,3,6,0.5
KLml,0,1,1,0.0
KLmm,1,1,2,0.5
KLmn,2,1,3,0.67
KLnB,1,1,2,0.5
KLnH,0,1,1,0.0
KLnL,1,1,2,0.5
KLnM,2,2,4,0.5
KLnN,1,0,1,1.0
KLnP,1,1,2,0.5
KLnS,1,2,3,0.33
KLnb,1,3,4,0.25
KLnh,0,0,0,
KLnm,1,3,4,0.25
KLnn,1,3,4,0.25
KLns,1,1,2,0.5
KLsB,0,1,1,0.0
KLsD,1,0,1,1.0
KLsH,2,0,2,1.0
KLsM,2,3,5,0.4
KLsP,0,3,3,0.0
KLsS,0,1,1,0.0
KLsb,1,0,1,1.0
KLsm,0,0,0,
KLsn,1,2,3,0.33
KLss,0,1,1,0.0
KLst,1,0,1,1.0
KLtB,0,1,1,0.0
KLtM,1,0,1,1.0
KMBB,4,7,11,0.36
KMBD,1,0,1,1.0
KMBK,0,2,2,0.0
KMBL,3,1,4,0.75
KMBM,1,11,12,0.08
KMBN,7,3,10,0.7
KMBP,3,6,9,0.33
KMBS,2,2,4,0.5
KMBb,6,11,17,0.35
KMBj,3,1,4,0.75
KMBl,3,2,5,0.6
KMBm,4,7,11,0.36
KMBn,9,6,15,0.6
KMBs,1,1,2,0.5
KMBt,1,0,1,1.0
KMDB,1,0,1,1.0
KMDH,1,0,1,1.0
KMDM,0,1,1,0.0
KMDN,1,1,2,0.5
KMDP,2,0,2,1.0
KMDS,0,3,3,0.0
KMDb,0,1,1,0.0
KMDm,0,1,1,0.0
KMDn,0,1,1,0.0
KMHM,0,1,1,0.0
KMHN,1,0,1,1.0
KMHn,0,1,1,0.0
KMIM,0,1,1,0.0
KMIn,1,0,1,1.0
KMKD,0,0,0,
KMKI,1,0,1,1.0
KMKM,1,0,1,1.0
KMKS,1,0,1,1.0
KMKh,0,1,1,0.0
KMKl,0,1,1,0.0
KMKn,0,1,1,0.0
KMLB,2,1,3,0.67
KMLD,0,0,0,
KMLK,0,1,1,0.0
KMLL,0,1,1,0.0
KMLM,1,0,1,1.0
KMLP,1,1,2,0.5
KMLS,3,0,3,1.0
KMLb,1,1,2,0.5
KMLh,0,2,2,0.0
KMLl,1,1,2,0.5
KMLm,3,1,4,0.75
KMLn,2,1,3,0.67
KMLs,2,1,3,0.67
KMLt,1,0,1,1.0
KMMB,5,5,10,0.5
KMMD,0,0,0,
KMMH,0,1,1,0.0
KMML,1,3,4,0.25
KMMM,6,8,14,0.43
KMMN,5,3,8,0.62
KMMP,5,8,13,0.38
KMMS,3,3,6,0.5
KMMb,8,7,15,0.53
KMMh,3,6,9,0.33
KMMj,2,0,2,1.0
KMMl,2,0,2,1.0
KMMm,14,6,20,0.7
KMMn,8,11,19,0.42
KMMs,3,7,10,0.3
KMMt,2,3,5,0.4
KMNB,3,4,7,0.43
KMND,2,0,2,1.0
KMNH,1,2,3,0.33
KMNI,0,0,0,
KMNK,2,0,2,1.0
KMNL,0,1,1,0.0
KMNM,2,6,8,0.25
KMNN,4,6,10,0.4
KMNP,2,5,7,0.29
KMNS,5,3,8,0.62
KMNb,1,3,4,0.25
KMNh,3,1,4,0.75
KMNl,1,0,1,1.0
KMNm,8,10,18,0.44
KMNn,7,9,16,0.44
KMNs,3,6,9,0.33
KMPB,1,6,7,0.14
KMPD,0,1,1,0.0
KMPH,1,1,2,0.5
KMPI,1,1,2,0.5
KMPK,0,0,0,
KMPL,1,1,2,0.5
KMPM,4,7,11,0.36
KMPN,3,5,8,0.38
KMPP,10,6,16,0.62
KMPS,5,3,8,0.62
KMPb,4,4,8,0.5
KMPh,0,1,1,0.0
KMPl,4,2,6,0.67
KMPm,7,6,13,0.54
KMPn,2,2,4,0.5
KMPs,6,5,11,0.55
KMPt,2,1,3,0.67
KMSB,1,4,5,0.2
KMSH,2,0,2,1.0
KMSM,4,3,7,0.57
KMSN,1,1,2,0.5
KMSP,7,2,9,0.78
KMSS,3,7,10,0.3
KMSb,2,6,8,0.25
KMSh,0,2,2,0.0
KMSl,1,1,2,0.5
KMSm,5,6,11,0.45
KMSn,3,0,3,1.0
KMSs,7,2,9,0.78
KMbB,7,4,11,0.64
KMbD,2,1,3,0.67
KMbH,2,4,6,0.33
KMbI,0,1,1,0.0
KMbJ,3,0,3,1.0
KMbK,0,1,1,0.0
KMbL,0,1,1,0.0
KMbM,3,11,14,0.21
KMbN,4,5,9,0.44
KMbP,3,3,6,0.5
KMbS,2,1,3,0.67
KMbb,4,3,7,0.57
KMbl,4,0,4,1.0
KMbm,3,4,7,0.43
KMbn,4,5,9,0.44
KMbs,4,1,5,0.8
KMbt,0,1,1,0.0
KMhB,2,3,5,0.4
KMhD,1,1,2,0.5
KMhH,0,1,1,0.0
KMhI,0,0,0,
KMhK,0,1,1,0.0
KMhL,1,1,2,0.5
KMhM,10,6,16,0.62
KMhN,1,4,5,0.2
KMhP,2,3,5,0.4
KMhS,5,5,10,0.5
KMhb,9,0,9,1.0
KMhh,4,3,7,0.57
KMhl,1,2,3,0.33
KMhm,9,6,15,0.6
KMhn,3,4,7,0.43
KMhs,0,7,7,0.0
KMht,2,0,2,1.0
KMjB,0,1,1,0.0
KMjH,0,1,1,0.0
KMjL,0,1,1,0.0
KMjM,1,1,2,0.5
KMjN,0,1,1,0.0
KMjP,1,3,4,0.25
KMjS,0,1,1,0.0
KMjb,1,1,2,0.5
KMjh,0,1,1,0.0
KMjl,0,1,1,0.0
KMjm,1,1,2,0.5
KMjn,0,1,1,0.0
KMjs,1,2,3,0.33
KMlB,2,0,2,1.0
KMlH,1,1,2,0.5
KMlJ,1,0,1,1.0
KMlM,2,1,3,0.67
KMlN,2,3,5,0.4
KMlP,1,4,5,0.2
KMlS,1,6,7,0.14
KMlb,1,1,2,0.5
KMll,1,0,1,1.0
KMlm,1,3,4,0.25
KMln,0,2,2,0.0
KMls,1,1,2,0.5
KMmB,7,2,9,0.78
KMmD,4,1,5,0.8
KMmH,6,2,8,0.75
KMmI,1,1,2,0.5
KMmJ,1,0,1,1.0
KMmL,1,2,3,0.33
KMmM,6,10,16,0.38
KMmN,4,8,12,0.33
KMmP,10,6,16,0.62
KMmS,1,5,6,0.17
KMmb,4,2,6,0.67
KMml,2,1,3,0.67
KMmm,10,8,18,0.56
KMmn,3,3,6,0.5
KMms,6,6,12,0.5
KMnB,4,4,8,0.5
KMnD,0,0,0,
KMnH,0,4,4,0.0
KMnI,1,2,3,0.33
KMnK,0,0,0,
KMnL,2,2,4,0.5
KMnM,2,8,10,0.2
KMnN,7,3,10,0.7
KMnP,2,6,8,0.25
KMnS,8,5,13,0.62
KMnb,2,6,8,0.25
KMnh,1,0,1,1.0
KMnl,2,1,3,0.67
KMnm,10,4,14,0.71
KMnn,10,5,15,0.67
KMns,8,5,13,0.62
KMnt,1,0,1,1.0
KMsB,6,1,7,0.86
KMsD,1,0,1,1.0
KMsH,5,2,7,0.71
KMsI,1,1,2,0.5
KMsL,0,2,2,0.0
KMsM,5,8,13,0.38
KMsN,5,7,12,0.42
KMsP,4,1,5,0.8
KMsS,4,0,4,1.0
KMsb,5,3,8,0.62
KMsh,1,0,1,1.0
KMsl,0,1,1,0.0
KMsm,4,4,8,0.5
KMsn,6,3,9,0.67
KMss,6,4,10,0.6
KMtL,0,2,2,0.0
KMtM,1,2,3,0.33
KMtN,1,0,1,1.0
KMtP,3,0,3,1.0
KMtb,0,0,0,
KMtm,0,0,0,
KMtn,1,0,1,1.0
KMts,0,2,2,0.0
KMtt,2,0,2,1.0
KNBB,5,3,8,0.62
KNBD,1,0,1,1.0
KNBK,1,0,1,1.0
KNBL,1,1,2,0.5
KNBM,1,6,7,0.14
KNBN,2,5,7,0.29
KNBP,3,4,7,0.43
KNBS,0,2,2,0.0
KNBb,1,7,8,0.12
KNBl,0,2,2,0.0
KNBm,4,4,8,0.5
KNBn,2,2,4,0.5
KNBs,1,1,2,0.5
KNBt,0,2,2,0.0
KNDD,1,0,1,1.0
KNDH,0,1,1,0.0
KNDL,0,1,1,0.0
KNDM,1,0,1,1.0
KNDP,1,0,1,1.0
KNDS,0,1,1,0.0
KNDm,0,0,0,
KNDn,0,1,1,0.0
KNDs,2,0,2,1.0
KNHB,0,1,1,0.0
KNHD,0,1,1,0.0
KNHH,1,0,1,1.0
KNHI,0,0,0,
KNHM,1,1,2,0.5
KNHN,1,1,2,0.5
KNHP,1,0,1,1.0
KNHb,2,0,2,1.0
KNHh,0,2,2,0.0
KNHm,1,0,1,1.0
KNHn,1,1,2,0.5
KNHs,0,1,1,0.0
KNIM,0,0,0,
KNIN,0,1,1,0.0
KNIs,0,1,1,0.0
KNKB,1,0,1,1.0
KNKD,1,0,1,1.0
KNKM,0,1,1,0.0
KNKN,0,0,0,
KNKS,0,0,0,
KNKh,0,2,2,0.0
KNKm,1,0,1,1.0
KNKn,1,0,1,1.0
KNKs,0,0,0,
KNLB,1,2,3,0.33
KNLL,1,0,1,1.0
KNLM,2,1,3,0.67
KNLN,1,0,1,1.0
KNLP,0,0,0,
KNLb,2,0,2,1.0
KNLh,2,0,2,1.0
KNLj,1,0,1,1.0
KNLl,0,1,1,0.0
KNLm,3,2,5,0.6
KNLn,1,1,2,0.5
KNLs,0,1,1,0.0
KNMB,6,4,10,0.6
KNML,1,1,2,0.5
KNMM,4,4,8,0.5
KNMN,3,3,6,0.5
KNMP,4,3,7,0.57
KNMS,1,2,3,0.33
KNMb,3,7,10,0.3
KNMh,1,6,7,0.14
KNMl,1,0,1,1.0
KNMm,3,7,10,0.3
KNMn,5,7,12,0.42
KNMs,5,3,8,0.62
KNMt,1,2,3,0.33
KNNB,2,1,3,0.67
KNND,0,1,1,0.0
KNNH,0,1,1,0.0
KNNL,0,2,2,0.0
KNNM,3,1,4,0.75
KNNN,6,4,10,0.6
KNNP,12,6,18,0.67
KNNS,3,3,6,0.5
KNNb,6,1,7,0.86
KNNh,5,2,7,0.71
KNNl,2,1,3,0.67
KNNm,4,4,8,0.5
KNNn,2,4,6,0.33
KNNs,5,4,9,0.56
KNNt,0,1,1,0.0
KNPB,3,4,7,0.43
KNPD,1,0,1,1.0
KNPH,2,1,3,0.67
KNPK,0,2,2,0.0
KNPL,1,1,2,0.5
KNPM,3,2,5,0.6
KNPN,2,4,6,0.33
KNPP,6,5,11,0.55
KNPS,1,3,4,0.25
KNPb,1,1,2,0.5
KNPl,2,1,3,0.67
KNPm,9,3,12,0.75
KNPn,5,4,9,0.56
KNPs,6,4,10,0.6
KNPt,0,2,2,0.0
KNSB,1,1,2,0.5
KNSH,0,2,2,0.0
KNSI,1,0,1,1.0
KNSL,0,2,2,0.0
KNSM,2,5,7,0.29
KNSN,2,2,4,0.5
KNSP,5,3,8,0.62
KNSS,3,5,8,0.38
KNSb,1,2,3,0.33
KNSh,0,3,3,0.0
KNSl,1,1,2,0.5
KNSm,8,4,12,0.67
KNSn,4,1,5,0.8
KNSs,6,7,13,0.46
KNbB,1,1,2,0.5
KNbD,0,1,1,0.0
KNbH,0,2,2,0.0
KNbJ,1,0,1,1.0
KNbK,0,1,1,0.0
KNbM,3,3,6,0.5
KNbN,5,2,7,0.71
KNbP,4,3,7,0.57
KNbS,1,3,4,0.25
KNbb,2,1,3,0.67
KNbm,5,2,7,0.71
KNbn,2,1,3,0.67
KNbs,1,2,3,0.33
KNhB,1,2,3,0.33
KNhD,0,1,1,0.0
KNhL,1,0,1,1.0
KNhM,1,2,3,0.33
KNhN,2,0,2,1.0
KNhP,0,0,0,
KNhS,1,1,2,0.5
KNhb,1,3,4,0.25
KNhh,2,0,2,1.0
KNhm,1,1,2,0.5
KNhn,2,0,2,1.0
KNhs,1,0,1,1.0
KNlD,0,1,1,0.0
KNlH,0,1,1,0.0
KNlL,0,1,1,0.0
KNlM,0,3,3,0.0
KNlP,1,1,2,0.5
KNlS,0,1,1,0.0
KNlb,0,1,1,0.0
KNln,2,1,3,0.67
KNls,1,1,2,0.5
KNmB,5,5,10,0.5
KNmD,1,1,2,0.5
KNmH,2,4,6,0.33
KNmI,2,1,3,0.67
KNmJ,2,2,4,0.5
KNmL,1,1,2,0.5
KNmM,7,5,12,0.58
KNmN,3,3,6,0.5
KNmP,5,4,9,0.56
KNmS,5,3,8,0.62
KNmb,6,1,7,0.86
KNmh,1,0,1,1.0
KNmm,7,1,8,0.88
KNmn,3,4,7,0.43
KNms,1,2,3,0.33
KNnB,1,2,3,0.33
KNnD,1,0,1,1.0
KNnH,2,3,5,0.4
KNnI,2,1,3,0.67
KNnM,6,3,9,0.67
KNnN,5,2,7,0.71
KNnP,3,4,7,0.43
KNnS,7,4,11,0.64
KNnb,3,2,5,0.6
KNnl,3,0,3,1.0
KNnm,5,3,8,0.62
KNnn,3,8,11,0.27
KNns,4,5,9,0.44
KNnt,0,1,1,0.0
KNsB,0,4,4,0.0
KNsD,1,0,1,1.0
KNsH,1,3,4,0.25
KNsI,0,1,1,0.0
KNsM,2,3,5,0.4
KNsN,1,3,4,0.25
KNsP,1,4,5,0.2
KNsS,3,5,8,0.38
KNsb,4,2,6,0.67
KNsh,1,0,1,1.0
KNsl,0,2,2,0.0
KNsm,2,2,4,0.5
KNsn,6,2,8,0.75
KNss,4,3,7,0.57
KNst,1,0,1,1.0
KNtB,0,1,1,0.0
KNtH,0,1,1,0.0
KNtP,0,1,1,0.0
KNtS,1,2,3,0.33
KNtb,0,1,1,0.0
KNts,1,1,2,0.5
KPBB,6,5,11,0.55
KPBD,3,1,4,0.75
KPBK,0,1,1,0.0
KPBL,4,3,7,0.57
KPBM,4,6,10,0.4
KPBN,3,4,7,0.43
KPBP,4,8,12,0.33
KPBS,1,2,3,0.33
KPBb,3,1,4,0.75
KPBh,1,0,1,1.0
KPBj,1,1,2,0.5
KPBl,0,1,1,0.0
KPBm,4,5,9,0.44
KPBn,5,7,12,0.42
KPBs,4,3,7,0.57
KPDD,1,0,1,1.0
KPDM,2,0,2,1.0
KPDN,0,2,2,0.0
KPDP,1,0,1,1.0
KPDS,0,0,0,
KPDb,0,1,1,0.0
KPDm,0,2,2,0.0
KPDs,1,2,3,0.33
KPHB,1,1,2,0.5
KPHH,0,0,0,
KPHK,0,1,1,0.0
KPHL,0,0,0,
KPHM,1,1,2,0.5
KPHN,2,1,3,0.67
KPHP,2,2,4,0.5
KPHS,4,2,6,0.67
KPHb,0,2,2,0.0
KPHm,1,3,4,0.25
KPHn,4,1,5,0.8
KPHs,0,4,4,0.0
KPIB,1,0,1,1.0
KPIH,1,0,1,1.0
KPIM,0,1,1,0.0
KPIP,4,1,5,0.8
KPIS,1,1,2,0.5
KPIb,1,0,1,1.0
KPIm,1,1,2,0.5
KPIs,0,0,0,
KPKL,0,1,1,0.0
KPKM,0,4,4,0.0
KPKN,0,1,1,0.0
KPKb,3,0,3,1.0
KPKl,0,1,1,0.0
KPKm,2,1,3,0.67
KPKn,2,1,3,0.67
KPKs,0,2,2,0.0
KPLB,2,0,2,1.0
KPLL,0,4,4,0.0
KPLM,6,6,12,0.5
KPLN,1,2,3,0.33
KPLP,0,2,2,0.0
KPLS,1,0,1,1.0
KPLb,1,1,2,0.5
KPLh,1,2,3,0.33
KPLj,0,1,1,0.0
KPLl,1,3,4,0.25
KPLm,1,4,5,0.2
KPLn,1,0,1,1.0
KPLs,2,2,4,0.5
KPMB,5,5,10,0.5
KPMD,1,1,2,0.5
KPMH,1,0,1,1.0
KPML,1,1,2,0.5
KPMM,9,10,19,0.47
KPMN,0,6,6,0.0
KPMP,4,8,12,0.33
KPMS,4,5,9,0.44
KPMb,6,6,12,0.5
KPMh,3,5,8,0.38
KPMj,1,0,1,1.0
KPMl,0,0,0,
KPMm,5,2,7,0.71
KPMn,7,5,12,0.58
KPMs,6,5,11,0.55
KPMt,1,1,2,0.5
KPNB,4,2,6,0.67
KPND,2,0,2,1.0
KPNI,0,0,0,
KPNK,0,2,2,0.0
KPNL,4,1,5,0.8
KPNM,5,4,9,0.56
KPNN,3,4,7,0.43
KPNP,6,2,8,0.75
KPNS,6,7,13,0.46
KPNb,7,1,8,0.88
KPNh,1,1,2,0.5
KPNl,0,2,2,0.0
KPNm,2,4,6,0.33
KPNn,6,6,12,0.5
KPNs,5,9,14,0.36
KPNt,2,1,3,0.67
KPPB,5,5,10,0.5
KPPD,0,2,2,0.0
KPPH,0,1,1,0.0
KPPI,1,1,2,0.5
KPPK,0,1,1,0.0
KPPL,5,3,8,0.62
KPPM,5,9,14,0.36
KPPN,1,5,6,0.17
KPPP,5,9,14,0.36
KPPS,6,5,11,0.55
KPPb,4,7,11,0.36
KPPh,1,1,2,0.5
KPPl,2,3,5,0.4
KPPm,5,6,11,0.45
KPPn,0,2,2,0.0
KPPs,6,7,13,0.46
KPPt,0,1,1,0.0
KPSB,7,1,8,0.88
KPSD,0,0,0,
KPSH,1,4,5,0.2
KPSI,0,1,1,0.0
KPSL,1,1,2,0.5
KPSM,5,7,12,0.42
KPSN,4,1,5,0.8
KPSP,5,5,10,0.5
KPSS,1,6,7,0.14
KPSb,2,4,6,0.33
KPSh,0,3,3,0.0
KPSl,1,1,2,0.5
KPSm,8,4,12,0.67
KPSn,3,1,4,0.75
KPSs,7,3,10,0.7
KPSt,0,1,1,0.0
KPbB,3,1,4,0.75
KPbD,1,0,1,1.0
KPbH,1,1,2,0.5
KPbJ,1,2,3,0.33
KPbL,1,4,5,0.2
KPbM,4,8,12,0.33
KPbN,3,2,5,0.6
KPbP,2,4,6,0.33
KPbS,0,0,0,
KPbb,5,4,9,0.56
KPbl,3,2,5,0.6
KPbm,3,2,5,0.6
KPbn,2,3,5,0.4
KPbs,5,3,8,0.62
KPhB,0,1,1,0.0
KPhD,0,1,1,0.0
KPhL,0,1,1,0.0
KPhM,1,1,2,0.5
KPhN,0,0,0,
KPhS,1,0,1,1.0
KPhb,1,0,1,1.0
KPhh,0,0,0,
KPhl,0,1,1,0.0
KPhm,0,2,2,0.0
KPhs,0,2,2,0.0
KPlB,0,2,2,0.0
KPlD,0,2,2,0.0
KPlH,1,1,2,0.5
KPlI,0,1,1,0.0
KPlL,3,2,5,0.6
KPlM,5,2,7,0.71
KPlN,5,2,7,0.71
KPlP,1,2,3,0.33
KPlS,1,2,3,0.33
KPlb,0,1,1,0.0
KPlh,1,0,1,1.0
KPll,2,1,3,0.67
KPlm,3,2,5,0.6
KPln,1,0,1,1.0
KPls,0,1,1,0.0
KPmB,6,0,6,1.0
KPmD,1,1,2,0.5
KPmH,6,7,13,0.46
KPmI,1,0,1,1.0
KPmJ,1,1,2,0.5
KPmL,0,2,2,0.0
KPmM,7,12,19,0.37
KPmN,9,5,14,0.64
KPmP,10,2,12,0.83
KPmS,4,8,12,0.33
KPmb,5,4,9,0.56
KPml,1,0,1,1.0
KPmm,8,7,15,0.53
KPmn,5,4,9,0.56
KPms,2,4,6,0.33
KPnB,3,4,7,0.43
KPnH,1,1,2,0.5
KPnI,2,1,3,0.67
KPnK,0,1,1,0.0
KPnL,2,2,4,0.5
KPnM,8,4,12,0.67
KPnN,5,2,7,0.71
KPnP,7,3,10,0.7
KPnS,2,2,4,0.5
KPnb,2,5,7,0.29
KPnh,0,1,1,0.0
KPnl,2,2,4,0.5
KPnm,6,2,8,0.75
KPnn,2,2,4,0.5
KPns,4,2,6,0.67
KPnt,1,0,1,1.0
KPsB,4,2,6,0.67
KPsD,0,1,1,0.0
KPsH,1,4,5,0.2
KPsI,2,0,2,1.0
KPsL,0,4,4,0.0
KPsM,4,3,7,0.57
KPsN,0,2,2,0.0
KPsP,4,7,11,0.36
KPsS,4,5,9,0.44
KPsb,2,7,9,0.22
KPsh,0,1,1,0.0
KPsl,3,3,6,0.5
KPsm,7,4,11,0.64
KPsn,2,3,5,0.4
KPss,8,6,14,0.57
KPtB,1,0,1,1.0
KPtD,1,0,1,1.0
KPtH,1,0,1,1.0
KPtL,1,0,1,1.0
KPtM,1,1,2,0.5
KPtN,1,0,1,1.0
KPtS,1,0,1,1.0
KPtl,1,0,1,1.0
KPtm,1,1,2,0.5
KPtn,1,0,1,1.0
KPts,2,0,2,1.0
KSBB,4,2,6,0.67
KSBD,0,1,1,0.0
KSBK,0,2,2,0.0
KSBL,0,1,1,0.0
KSBM,2,2,4,0.5
KSBN,2,1,3,0.67
KSBP,4,3,7,0.57
KSBS,1,2,3,0.33
KSBb,3,2,5,0.6
KSBj,1,0,1,1.0
KSBl,1,0,1,1.0
KSBm,6,4,10,0.6
KSBn,1,6,7,0.14
KSBs,3,3,6,0.5
KSBt,2,1,3,0.67
KSDB,2,1,3,0.67
KSDH,1,1,2,0.5
KSDM,1,1,2,0.5
KSDN,0,1,1,0.0
KSDS,1,1,2,0.5
KSDb,1,0,1,1.0
KSDh,0,0,0,
KSDm,1,0,1,1.0
KSDn,0,1,1,0.0
KSDs,0,0,0,
KSDt,0,1,1,0.0
KSHB,0,2,2,0.0
KSHD,0,1,1,0.0
KSHH,0,1,1,0.0
KSHI,1,0,1,1.0
KSHL,2,1,3,0.67
KSHM,2,3,5,0.4
KSHN,2,0,2,1.0
KSHP,0,2,2,0.0
KSHS,1,2,3,0.33
KSHb,1,1,2,0.5
KSHh,1,0,1,1.0
KSHl,1,1,2,0.5
KSHm,1,1,2,0.5
KSHn,2,1,3,0.67
KSHs,1,1,2,0.5
KSHt,1,0,1,1.0
KSIH,0,0,0,
KSIM,0,3,3,0.0
KSIP,1,0,1,1.0
KSIS,0,0,0,
KSIm,1,1,2,0.5
KSKL,1,0,1,1.0
KSKM,0,1,1,0.0
KSKh,0,0,0,
KSKm,0,2,2,0.0
KSLB,0,2,2,0.0
KSLM,0,1,1,0.0
KSLN,1,1,2,0.5
KSLP,0,4,4,0.0
KSLS,1,2,3,0.33
KSLb,0,1,1,0.0
KSLh,2,0,2,1.0
KSLj,0,1,1,0.0
KSLm,3,3,6,0.5
KSLn,0,2,2,0.0
KSLs,2,0,2,1.0
KSMB,3,8,11,0.27
KSMD,0,1,1,0.0
KSML,3,2,5,0.6
KSMM,3,4,7,0.43
KSMN,2,2,4,0.5
KSMP,2,5,7,0.29
KSMS,4,1,5,0.8
KSMb,2,4,6,0.33
KSMh,0,2,2,0.0
KSMj,0,2,2,0.0
KSMl,1,2,3,0.33
KSMm,7,2,9,0.78
KSMn,7,5,12,0.58
KSMs,3,7,10,0.3
KSMt,1,0,1,1.0
KSNB,5,2,7,0.71
KSND,2,0,2,1.0
KSNH,0,0,0,
KSNI,1,0,1,1.0
KSNK,1,0,1,1.0
KSNL,0,1,1,0.0
KSNM,3,2,5,0.6
KSNN,2,4,6,0.33
KSNP,3,3,6,0.5
KSNS,2,3,5,0.4
KSNb,2,4,6,0.33
KSNh,1,1,2,0.5
KSNl,1,0,1,1.0
KSNm,5,3,8,0.62
KSNn,3,0,3,1.0
KSNs,4,1,5,0.8
KSNt,1,1,2,0.5
KSPB,2,3,5,0.4
KSPD,2,0,2,1.0
KSPH,3,0,3,1.0
KSPI,0,1,1,0.0
KSPK,0,1,1,0.0
KSPL,0,3,3,0.0
KSPM,2,7,9,0.22
KSPN,3,4,7,0.43
KSPP,9,3,12,0.75
KSPS,4,1,5,0.8
KSPb,5,0,5,1.0
KSPl,3,2,5,0.6
KSPm,5,8,13,0.38
KSPn,1,0,1,1.0
KSPs,6,4,10,0.6
KSSB,3,3,6,0.5
KSSD,1,2,3,0.33
KSSH,2,0,2,1.0
KSSI,1,0,1,1.0
KSSL,3,2,5,0.6
KSSM,3,9,12,0.25
KSSN,2,4,6,0.33
KSSP,5,4,9,0.56
KSSS,6,4,10,0.6
KSSb,5,3,8,0.62
KSSh,3,4,7,0.43
KSSl,0,2,2,0.0
KSSm,4,2,6,0.67
KSSn,0,4,4,0.0
KSSs,5,7,12,0.42
KSSt,1,0,1,1.0
KSbB,2,3,5,0.4
KSbD,0,1,1,0.0
KSbI,0,1,1,0.0
KSbJ,1,0,1,1.0
KSbK,1,0,1,1.0
KSbL,2,3,5,0.4
KSbM,3,3,6,0.5
KSbN,2,5,7,0.29
KSbP,2,2,4,0.5
KSbS,1,1,2,0.5
KSbb,2,1,3,0.67
KSbl,1,0,1,1.0
KSbm,5,1,6,0.83
KSbn,4,1,5,0.8
KSbs,2,0,2,1.0
KShB,3,4,7,0.43
KShH,0,1,1,0.0
KShL,0,0,0,
KShM,1,5,6,0.17
KShN,2,3,5,0.4
KShP,2,2,4,0.5
KShS,2,0,2,1.0
KShb,1,0,1,1.0
KShh,0,1,1,0.0
KShm,4,0,4,1.0
KShn,1,1,2,0.5
KShs,3,5,8,0.38
KSlB,1,3,4,0.25
KSlD,0,0,0,
KSlH,0,1,1,0.0
KSlI,0,1,1,0.0
KSlJ,1,0,1,1.0
KSlL,0,1,1,0.0
KSlM,2,2,4,0.5
KSlN,1,3,4,0.25
KSlP,1,3,4,0.25
KSlS,3,2,5,0.6
KSlb,0,5,5,0.0
KSll,1,0,1,1.0
KSlm,1,0,1,1.0
KSln,1,2,3,0.33
KSls,4,2,6,0.67
KSmB,2,4,6,0.33
KSmD,1,0,1,1.0
KSmH,0,1,1,0.0
KSmJ,0,4,4,0.0
KSmK,0,0,0,
KSmL,1,1,2,0.5
KSmM,7,6,13,0.54
KSmN,9,3,12,0.75
KSmP,2,5,7,0.29
KSmS,3,6,9,0.33
KSmb,3,4,7,0.43
KSml,1,2,3,0.33
KSmm,5,7,12,0.42
KSmn,4,2,6,0.67
KSms,4,4,8,0.5
KSnB,0,3,3,0.0
KSnH,4,0,4,1.0
KSnI,1,0,1,1.0
KSnL,1,1,2,0.5
KSnM,3,1,4,0.75
KSnN,4,4,8,0.5
KSnP,6,6,12,0.5
KSnS,3,6,9,0.33
KSnb,1,2,3,0.33
KSnl,2,1,3,0.67
KSnm,4,7,11,0.36
KSnn,1,1,2,0.5
KSns,0,7,7,0.0
KSsB,3,2,5,0.6
KSsD,4,3,7,0.57
KSsH,4,4,8,0.5
KSsI,1,1,2,0.5
KSsL,2,0,2,1.0
KSsM,4,4,8,0.5
KSsN,6,2,8,0.75
KSsP,3,7,10,0.3
KSsS,4,3,7,0.57
KSsb,1,5,6,0.17
KSsh,2,2,4,0.5
KSsl,3,1,4,0.75
KSsm,2,5,7,0.29
KSsn,7,4,11,0.64
KSss,8,6,14,0.57
KSst,1,0,1,1.0
KStH,0,1,1,0.0
KStM,1,1,2,0.5
KStN,1,1,2,0.5
KStP,0,0,0,
KStS,2,0,2,1.0
KStm,0,2,2,0.0
KStn,0,0,0,
KbBB,3,2,5,0.6
KbBH,1,0,1,1.0
KbBM,1,7,8,0.12
KbBN,1,3,4,0.25
KbBP,3,4,7,0.43
KbBS,3,1,4,0.75
KbBb,4,3,7,0.57
KbBl,0,1,1,0.0
KbBm,4,2,6,0.67
KbBn,2,4,6,0.33
KbBs,2,2,4,0.5
KbBt,0,2,2,0.0
KbDH,0,1,1,0.0
KbDM,1,1,2,0.5
KbDP,1,0,1,1.0
KbDm,3,0,3,1.0
KbDs,1,0,1,1.0
KbHB,1,0,1,1.0
KbHH,1,0,1,1.0
KbHM,1,0,1,1.0
KbHN,1,2,3,0.33
KbHP,1,0,1,1.0
KbHS,0,1,1,0.0
KbHb,1,2,3,0.33
KbHm,2,0,2,1.0
KbHn,1,1,2,0.5
KbHs,2,0,2,1.0
KbID,0,1,1,0.0
KbIH,1,0,1,1.0
KbIM,1,0,1,1.0
KbIN,1,0,1,1.0
KbIn,1,0,1,1.0
KbIs,1,0,1,1.0
KbJB,0,2,2,0.0
KbJD,1,0,1,1.0
KbJK,1,0,1,1.0
KbJL,1,0,1,1.0
KbJM,2,1,3,0.67
KbJN,0,1,1,0.0
KbJS,1,0,1,1.0
KbJm,2,1,3,0.67
KbJn,0,1,1,0.0
KbJs,2,0,2,1.0
KbKB,0,0,0,
KbKM,0,0,0,
KbKP,1,2,3,0.33
KbKb,0,1,1,0.0
KbKh,1,2,3,0.33
KbKl,0,0,0,
KbKm,1,1,2,0.5
KbKn,1,0,1,1.0
KbKs,1,1,2,0.5
KbLB,2,0,2,1.0
KbLL,1,1,2,0.5
KbLM,2,2,4,0.5
KbLN,0,2,2,0.0
KbLP,1,1,2,0.5
KbLS,1,2,3,0.33
KbLb,3,0,3,1.0
KbLh,1,3,4,0.25
KbLl,0,1,1,0.0
KbLm,3,3,6,0.5
KbLn,0,1,1,0.0
KbLs,0,1,1,0.0
KbMB,1,2,3,0.33
KbMD,0,0,0,
KbML,2,2,4,0.5
KbMM,5,5,10,0.5
KbMN,2,2,4,0.5
KbMP,4,3,7,0.57
KbMS,2,2,4,0.5
KbMb,2,2,4,0.5
KbMh,2,0,2,1.0
KbMj,0,1,1,0.0
KbMl,2,0,2,1.0
KbMm,3,6,9,0.33
KbMn,4,4,8,0.5
KbMs,4,1,5,0.8
KbMt,2,0,2,1.0
KbNB,3,2,5,0.6
KbND,0,1,1,0.0
KbNL,2,5,7,0.29
KbNM,3,5,8,0.38
KbNN,2,3,5,0.4
KbNP,2,1,3,0.67
KbNS,2,5,7,0.29
KbNb,1,0,1,1.0
KbNh,0,2,2,0.0
KbNl,2,1,3,0.67
KbNm,1,0,1,1.0
KbNn,8,3,11,0.73
KbNs,2,3,5,0.4
KbNt,2,0,2,1.0
KbPB,3,4,7,0.43
KbPD,1,0,1,1.0
KbPH,1,1,2,0.5
KbPI,3,2,5,0.6
KbPL,0,1,1,0.0
KbPM,5,2,7,0.71
KbPN,2,3,5,0.4
KbPP,6,3,9,0.67
KbPS,1,2,3,0.33
KbPb,3,2,5,0.6
KbPl,1,2,3,0.33
KbPm,7,4,11,0.64
KbPn,2,2,4,0.5
KbPt,0,1,1,0.0
KbSB,2,2,4,0.5
KbSD,1,0,1,1.0
KbSH,3,2,5,0.6
KbSL,1,0,1,1.0
KbSM,1,4,5,0.2
KbSN,1,1,2,0.5
KbSP,1,0,1,1.0
KbSS,3,2,5,0.6
KbSb,1,1,2,0.5
KbSh,3,0,3,1.0
KbSl,0,0,0,
KbSm,2,3,5,0.4
KbSn,2,2,4,0.5
KbSs,0,4,4,0.0
KbbB,3,3,6,0.5
KbbD,0,0,0,
KbbH,3,2,5,0.6
KbbJ,2,0,2,1.0
KbbK,1,0,1,1.0
KbbL,1,0,1,1.0
KbbM,1,3,4,0.25
KbbN,3,8,11,0.27
KbbP,1,7,8,0.12
KbbS,2,2,4,0.5
Kbbb,4,2,6,0.67
Kbbl,1,2,3,0.33
Kbbm,5,3,8,0.62
Kbbn,1,7,8,0.12
Kbbs,1,0,1,1.0
KbhP,1,0,1,1.0
KblB,1,0,1,1.0
KblH,1,1,2,0.5
KblJ,1,0,1,1.0
KblK,0,1,1,0.0
KblL,1,1,2,0.5
KblM,3,5,8,0.38
KblN,2,1,3,0.67
KblP,2,1,3,0.67
Kblb,1,1,2,0.5
Kbll,0,1,1,0.0
Kblm,4,1,5,0.8
Kbls,1,0,1,1.0
KbmB,3,5,8,0.38
KbmD,1,1,2,0.5
KbmH,3,2,5,0.6
KbmJ,1,1,2,0.5
KbmL,1,1,2,0.5
KbmM,7,13,20,0.35
KbmN,6,3,9,0.67
KbmP,5,5,10,0.5
KbmS,5,4,9,0.56
Kbmb,3,2,5,0.6
Kbmh,0,0,0,
Kbml,3,1,4,0.75
Kbmm,4,2,6,0.67
Kbmn,2,4,6,0.33
Kbms,3,1,4,0.75
KbnB,2,2,4,0.5
KbnH,4,1,5,0.8
KbnI,0,1,1,0.0
KbnL,1,0,1,1.0
KbnM,3,7,10,0.3
KbnN,1,6,7,0.14
KbnP,3,5,8,0.38
KbnS,3,0,3,1.0
Kbnb,2,5,7,0.29
Kbnl,1,0,1,1.0
Kbnm,3,4,7,0.43
Kbnn,4,2,6,0.67
Kbns,0,1,1,0.0
KbsB,2,4,6,0.33
KbsD,0,1,1,0.0
KbsH,2,4,6,0.33
KbsI,1,0,1,1.0
KbsM,1,4,5,0.2
KbsN,0,2,2,0.0
KbsP,2,2,4,0.5
KbsS,2,3,5,0.4
Kbsb,4,3,7,0.57
Kbsm,5,2,7,0.71
Kbsn,0,1,1,0.0
Kbss,3,1,4,0.75
KhBB,3,1,4,0.75
KhBD,0,1,1,0.0
KhBM,4,3,7,0.57
KhBN,2,1,3,0.67
KhBP,2,5,7,0.29
KhBS,0,1,1,0.0
KhBb,2,5,7,0.29
KhBh,1,1,2,0.5
KhBj,1,1,2,0.5
KhBl,0,1,1,0.0
KhBm,2,4,6,0.33
KhBn,2,3,5,0.4
KhBs,2,3,5,0.4
KhBt,1,0,1,1.0
KhDD,1,0,1,1.0
KhDM,1,1,2,0.5
KhDN,1,0,1,1.0
KhDP,0,1,1,0.0
KhDS,1,0,1,1.0
KhDb,0,1,1,0.0
KhDm,0,1,1,0.0
KhDs,1,0,1,1.0
KhHB,1,1,2,0.5
KhHM,3,1,4,0.75
KhHN,1,0,1,1.0
KhHP,1,0,1,1.0
KhHS,1,1,2,0.5
KhHh,1,0,1,1.0
KhHm,2,0,2,1.0
KhHn,1,1,2,0.5
KhHs,1,1,2,0.5
KhIB,1,0,1,1.0
KhIM,1,1,2,0.5
KhIN,1,1,2,0.5
KhIP,0,1,1,0.0
KhIb,1,0,1,1.0
KhIm,1,0,1,1.0
KhKL,0,1,1,0.0
KhKM,0,1,1,0.0
KhKS,0,0,0,
KhKm,0,1,1,0.0
KhLB,1,0,1,1.0
KhLM,1,2,3,0.33
KhLN,0,3,3,0.0
KhLP,2,0,2,1.0
KhLS,1,0,1,1.0
KhLb,2,1,3,0.67
KhLj,0,1,1,0.0
KhLl,1,0,1,1.0
KhLm,0,2,2,0.0
KhLn,0,0,0,
KhLs,1,2,3,0.33
KhMB,5,4,9,0.56
KhMD,0,1,1,0.0
KhML,2,3,5,0.4
KhMM,5,6,11,0.45
KhMN,2,2,4,0.5
KhMP,7,4,11,0.64
KhMS,1,0,1,1.0
KhMb,4,4,8,0.5
KhMh,4,2,6,0.67
KhMj,0,1,1,0.0
KhMl,2,4,6,0.33
KhMm,5,2,7,0.71
KhMn,5,0,5,1.0
KhMs,2,3,5,0.4
KhMt,1,3,4,0.25
KhNB,1,3,4,0.25
KhND,1,1,2,0.5
KhNL,1,0,1,1.0
KhNM,3,3,6,0.5
KhNN,2,0,2,1.0
KhNP,1,3,4,0.25
KhNS,2,3,5,0.4
KhNb,0,1,1,0.0
KhNh,1,0,1,1.0
KhNl,1,0,1,1.0
KhNm,2,1,3,0.67
KhNn,4,2,6,0.67
KhNs,4,1,5,0.8
KhNt,1,0,1,1.0
KhPB,1,2,3,0.33
KhPD,0,0,0,
KhPH,0,1,1,0.0
KhPI,1,0,1,1.0
KhPK,1,1,2,0.5
KhPL,4,0,4,1.0
KhPM,5,5,10,0.5
KhPN,0,1,1,0.0
KhPP,2,4,6,0.33
KhPS,5,5,10,0.5
KhPb,5,3,8,0.62
KhPl,1,2,3,0.33
KhPm,2,3,5,0.4
KhPn,3,5,8,0.38
KhPs,3,2,5,0.6
KhSB,0,3,3,0.0
KhSH,0,3,3,0.0
KhSL,1,3,4,0.25
KhSM,5,2,7,0.71
KhSN,2,2,4,0.5
KhSP,4,4,8,0.5
KhSS,5,8,13,0.38
KhSb,4,4,8,0.5
KhSh,2,4,6,0.33
KhSl,1,3,4,0.25
KhSm,3,4,7,0.43
KhSn,2,1,3,0.67
KhSs,3,6,9,0.33
KhSt,1,1,2,0.5
KhbB,3,0,3,1.0
KhbD,0,0,0,
KhbH,1,1,2,0.5
KhbJ,1,0,1,1.0
KhbK,0,1,1,0.0
KhbM,6,4,10,0.6
KhbN,1,1,2,0.5
KhbP,1,6,7,0.14
KhbS,1,0,1,1.0
Khbb,3,1,4,0.75
Khbl,1,2,3,0.33
Khbm,3,2,5,0.6
Khbn,3,1,4,0.75
Khbs,0,1,1,0.0
KhhB,3,3,6,0.5
KhhH,1,3,4,0.25
KhhI,1,0,1,1.0
KhhL,1,0,1,1.0
KhhM,3,4,7,0.43
KhhP,4,3,7,0.57
KhhS,2,2,4,0.5
Khhb,2,2,4,0.5
Khhh,3,4,7,0.43
Khhl,1,1,2,0.5
Khhm,2,1,3,0.67
Khhn,3,0,3,1.0
Khhs,3,1,4,0.75
Khht,0,1,1,0.0
KhlH,0,1,1,0.0
KhlJ,1,0,1,1.0
KhlL,1,2,3,0.33
KhlM,1,0,1,1.0
KhlN,1,0,1,1.0
KhlP,2,1,3,0.67
KhlS,4,0,4,1.0
Khlb,3,0,3,1.0
Khll,1,2,3,0.33
Khlm,3,1,4,0.75
Khln,2,0,2,1.0
Khls,0,1,1,0.0
KhmB,2,0,2,1.0
KhmD,2,4,6,0.33
KhmH,3,6,9,0.33
KhmI,2,0,2,1.0
KhmJ,1,0,1,1.0
KhmL,3,2,5,0.6
KhmM,3,7,10,0.3
KhmN,0,4,4,0.0
KhmP,2,4,6,0.33
KhmS,4,2,6,0.67
Khmb,2,3,5,0.4
Khml,2,2,4,0.5
Khmm,4,7,11,0.36
Khmn,2,4,6,0.33
Khms,0,0,0,
KhnB,0,1,1,0.0
KhnD,1,0,1,1.0
KhnH,1,0,1,1.0
KhnK,1,1,2,0.5
KhnL,2,0,2,1.0
KhnM,3,2,5,0.6
KhnN,4,2,6,0.67
KhnP,3,3,6,0.5
KhnS,4,1,5,0.8
Khnb,2,6,8,0.25
Khnl,0,1,1,0.0
Khnm,3,4,7,0.43
Khnn,0,2,2,0.0
Khns,4,3,7,0.57
KhsB,0,2,2,0.0
KhsD,0,2,2,0.0
KhsH,4,6,10,0.4
KhsI,0,1,1,0.0
KhsK,1,0,1,1.0
KhsL,2,2,4,0.5
KhsM,6,2,8,0.75
KhsN,0,7,7,0.0
KhsP,0,1,1,0.0
KhsS,7,4,11,0.64
Khsb,3,2,5,0.6
Khsl,1,5,6,0.17
Khsm,9,1,10,0.9
Khsn,3,2,5,0.6
Khss,5,1,6,0.83
KhtB,0,1,1,0.0
KhtH,0,1,1,0.0
KhtS,2,0,2,1.0
Khtb,0,2,2,0.0
Khts,0,1,1,0.0
KlBB,0,1,1,0.0
KlBK,0,1,1,0.0
KlBL,1,1,2,0.5
KlBM,2,3,5,0.4
KlBN,1,4,5,0.2
KlBP,0,1,1,0.0
KlBS,1,0,1,1.0
KlBb,0,3,3,0.0
KlBj,1,0,1,1.0
KlBl,0,1,1,0.0
KlBm,3,0,3,1.0
KlBn,2,1,3,0.67
KlBs,1,0,1,1.0
KlDM,0,1,1,0.0
KlDP,0,1,1,0.0
KlDS,0,1,1,0.0
KlDl,0,1,1,0.0
KlDm,0,1,1,0.0
KlDn,1,0,1,1.0
KlHB,2,0,2,1.0
KlHD,0,1,1,0.0
KlHH,1,0,1,1.0
KlHK,1,0,1,1.0
KlHM,0,0,0,
KlHN,0,2,2,0.0
KlHP,3,1,4,0.75
KlHS,0,1,1,0.0
KlHb,2,1,3,0.67
KlHh,0,2,2,0.0
KlHl,1,0,1,1.0
KlHm,1,0,1,1.0
KlHn,0,3,3,0.0
KlHs,1,0,1,1.0
KlHt,0,1,1,0.0
KlIH,0,0,0,
KlIP,1,0,1,1.0
KlIS,0,1,1,0.0
KlJM,0,1,1,0.0
KlJb,0,1,1,0.0
KlKN,1,0,1,1.0
KlLB,1,0,1,1.0
KlLL,0,1,1,0.0
KlLM,1,1,2,0.5
KlLN,0,1,1,0.0
KlLP,1,0,1,1.0
KlLS,1,0,1,1.0
KlLb,0,0,0,
KlLj,0,1,1,0.0
KlLl,0,0,0,
KlLm,0,0,0,
KlLn,0,2,2,0.0
KlLt,0,0,0,
KlMB,2,2,4,0.5
KlMM,1,4,5,0.2
KlMN,2,1,3,0.67
KlMP,3,0,3,1.0
KlMS,1,0,1,1.0
KlMb,2,1,3,0.67
KlMh,2,1,3,0.67
KlMj,1,0,1,1.0
KlMl,0,0,0,
KlMm,6,5,11,0.55
KlMn,4,3,7,0.57
KlMs,2,2,4,0.5
KlNB,0,2,2,0.0
KlND,1,0,1,1.0
KlNH,0,1,1,0.0
KlNK,1,0,1,1.0
KlNL,1,0,1,1.0
KlNM,1,3,4,0.25
KlNN,3,0,3,1.0
KlNP,3,1,4,0.75
KlNS,0,1,1,0.0
KlNb,2,0,2,1.0
KlNl,2,0,2,1.0
KlNm,1,5,6,0.17
KlNn,2,2,4,0.5
KlPB,3,2,5,0.6
KlPL,1,0,1,1.0
KlPM,1,4,5,0.2
KlPN,1,0,1,1.0
KlPP,1,0,1,1.0
KlPS,1,0,1,1.0
KlPb,1,1,2,0.5
KlPm,1,1,2,0.5
KlPn,1,1,2,0.5
KlPs,4,1,5,0.8
KlPt,0,0,0,
KlSB,0,2,2,0.0
KlSD,1,0,1,1.0
KlSH,1,1,2,0.5
KlSL,1,1,2,0.5
KlSM,1,1,2,0.5
KlSN,4,2,6,0.67
KlSP,4,0,4,1.0
KlSS,0,1,1,0.0
KlSb,1,0,1,1.0
KlSh,0,1,1,0.0
KlSl,0,1,1,0.0
KlSm,4,2,6,0.67
KlSn,1,0,1,1.0
KlSs,2,2,4,0.5
KlSt,1,0,1,1.0
KlbB,1,0,1,1.0
KlbH,0,1,1,0.0
KlbL,0,3,3,0.0
KlbM,2,0,2,1.0
KlbN,1,3,4,0.25
KlbP,3,4,7,0.43
KlbS,1,0,1,1.0
Klbb,0,1,1,0.0
Klbl,1,0,1,1.0
Klbm,2,1,3,0.67
Klbn,0,2,2,0.0
Klbs,1,0,1,1.0
KlhL,0,0,0,
KllB,1,2,3,0.33
KllI,2,0,2,1.0
KllM,1,0,1,1.0
Kllb,2,1,3,0.67
Kllm,0,1,1,0.0
Klls,1,0,1,1.0
KlmH,1,3,4,0.25
KlmJ,2,1,3,0.67
KlmM,2,1,3,0.67
KlmN,4,1,5,0.8
KlmP,2,1,3,0.67
KlmS,2,0,2,1.0
Klmb,1,2,3,0.33
Klml,0,1,1,0.0
Klmm,4,1,5,0.8
Klmn,1,0,1,1.0
Klms,1,1,2,0.5
KlnH,0,2,2,0.0
KlnL,0,1,1,0.0
KlnM,1,2,3,0.33
KlnP,0,3,3,0.0
KlnS,0,0,0,
Klnb,1,0,1,1.0
Klnl,1,0,1,1.0
Klnm,2,2,4,0.5
Klns,0,2,2,0.0
KlsB,2,0,2,1.0
KlsH,0,1,1,0.0
KlsL,1,0,1,1.0
KlsM,2,3,5,0.4
KlsN,0,2,2,0.0
KlsP,1,1,2,0.5
KlsS,1,0,1,1.0
Klsb,0,3,3,0.0
Klsm,0,2,2,0.0
Klss,2,0,2,1.0
KmBB,5,1,6,0.83
KmBK,1,0,1,1.0
KmBL,1,1,2,0.5
KmBM,5,6,11,0.45
KmBN,4,6,10,0.4
KmBP,6,3,9,0.67
KmBS,3,4,7,0.43
KmBb,8,0,8,1.0
KmBh,0,1,1,0.0
KmBj,0,1,1,0.0
KmBl,1,2,3,0.33
KmBm,7,5,12,0.58
KmBn,8,4,12,0.67
KmBs,3,3,6,0.5
KmBt,0,1,1,0.0
KmDB,1,0,1,1.0
KmDH,1,2,3,0.33
KmDL,0,0,0,
KmDM,2,4,6,0.33
KmDN,0,2,2,0.0
KmDP,4,3,7,0.57
KmDS,1,3,4,0.25
KmDb,1,0,1,1.0
KmDl,0,1,1,0.0
KmDm,2,1,3,0.67
KmDn,2,0,2,1.0
KmDs,0,0,0,
KmHB,3,2,5,0.6
KmHH,0,2,2,0.0
KmHI,1,0,1,1.0
KmHK,0,1,1,0.0
KmHL,2,1,3,0.67
KmHM,3,12,15,0.2
KmHN,3,7,10,0.3
KmHP,4,3,7,0.57
KmHS,3,5,8,0.38
KmHb,2,4,6,0.33
KmHh,1,2,3,0.33
KmHl,2,2,4,0.5
KmHm,5,1,6,0.83
KmHn,0,1,1,0.0
KmHs,4,3,7,0.57
KmHt,0,1,1,0.0
KmIH,0,2,2,0.0
KmIN,0,1,1,0.0
KmIP,1,0,1,1.0
KmIS,1,0,1,1.0
KmIm,1,1,2,0.5
KmIn,0,1,1,0.0
KmIs,0,2,2,0.0
KmJB,4,0,4,1.0
KmJH,0,1,1,0.0
KmJL,1,1,2,0.5
KmJM,2,3,5,0.4
KmJN,4,1,5,0.8
KmJP,1,3,4,0.25
KmJS,0,4,4,0.0
KmJb,0,1,1,0.0
KmJm,0,2,2,0.0
KmJn,1,1,2,0.5
KmJs,0,1,1,0.0
KmJt,1,0,1,1.0
KmKB,0,1,1,0.0
KmKI,0,1,1,0.0
KmKM,0,1,1,0.0
KmKN,0,1,1,0.0
KmKS,0,1,1,0.0
KmKb,1,0,1,1.0
KmKm,1,0,1,1.0
KmKs,1,0,1,1.0
KmLB,2,2,4,0.5
KmLL,0,2,2,0.0
KmLM,2,1,3,0.67
KmLN,1,2,3,0.33
KmLP,2,0,2,1.0
KmLS,1,2,3,0.33
KmLb,1,1,2,0.5
KmLh,0,1,1,0.0
KmLl,1,0,1,1.0
KmLm,3,1,4,0.75
KmLn,2,2,4,0.5
KmLs,1,0,1,1.0
KmLt,1,0,1,1.0
KmMB,3,8,11,0.27
KmMD,2,1,3,0.67
KmMH,0,0,0,
KmMK,1,1,2,0.5
KmML,2,4,6,0.33
KmMM,10,10,20,0.5
KmMN,7,2,9,0.78
KmMP,5,8,13,0.38
KmMS,5,12,17,0.29
KmMb,2,9,11,0.18
KmMh,4,5,9,0.44
KmMj,2,0,2,1.0
KmMl,2,0,2,1.0
KmMm,5,6,11,0.45
KmMn,15,11,26,0.58
KmMs,8,3,11,0.73
KmMt,1,0,1,1.0
KmNB,5,8,13,0.38
KmND,1,2,3,0.33
KmNH,1,1,2,0.5
KmNL,2,0,2,1.0
KmNM,5,3,8,0.62
KmNN,4,4,8,0.5
KmNP,5,2,7,0.71
KmNS,3,4,7,0.43
KmNb,5,5,10,0.5
KmNh,2,0,2,1.0
KmNl,1,3,4,0.25
KmNm,3,9,12,0.25
KmNn,2,4,6,0.33
KmNs,2,5,7,0.29
KmNt,2,0,2,1.0
KmPB,4,2,6,0.67
KmPD,1,1,2,0.5
KmPH,1,0,1,1.0
KmPI,0,1,1,0.0
KmPK,2,1,3,0.67
KmPL,3,1,4,0.75
KmPM,4,6,10,0.4
KmPN,7,3,10,0.7
KmPP,4,7,11,0.36
KmPS,5,3,8,0.62
KmPb,6,4,10,0.6
KmPh,1,0,1,1.0
KmPl,2,2,4,0.5
KmPm,6,5,11,0.55
KmPn,5,3,8,0.62
KmPs,4,0,4,1.0
KmPt,0,1,1,0.0
KmSB,5,6,11,0.45
KmSD,1,1,2,0.5
KmSH,2,2,4,0.5
KmSI,2,0,2,1.0
KmSK,1,0,1,1.0
KmSL,0,1,1,0.0
KmSM,3,5,8,0.38
KmSN,3,5,8,0.38
KmSP,5,3,8,0.62
KmSS,8,5,13,0.62
KmSb,4,2,6,0.67
KmSh,1,3,4,0.25
KmSl,1,0,1,1.0
KmSm,2,4,6,0.33
KmSn,3,2,5,0.6
KmSs,5,4,9,0.56
KmSt,2,2,4,0.5
KmbB,6,4,10,0.6
KmbH,1,0,1,1.0
KmbJ,1,0,1,1.0
KmbK,0,1,1,0.0
KmbL,1,1,2,0.5
KmbM,2,9,11,0.18
KmbN,4,4,8,0.5
KmbP,4,3,7,0.57
KmbS,3,1,4,0.75
Kmbb,8,8,16,0.5
Kmbl,1,1,2,0.5
Kmbm,8,7,15,0.53
Kmbn,6,0,6,1.0
Kmbs,0,3,3,0.0
KmhL,0,1,1,0.0
KmhP,1,0,1,1.0
Kmhs,0,1,1,0.0
KmlB,4,2,6,0.67
KmlD,0,0,0,
KmlH,0,1,1,0.0
KmlJ,2,1,3,0.67
KmlL,1,1,2,0.5
KmlM,1,1,2,0.5
KmlN,2,2,4,0.5
KmlP,0,2,2,0.0
Kmlb,3,0,3,1.0
Kmll,0,1,1,0.0
Kmlm,1,1,2,0.5
Kmln,3,0,3,1.0
Kmls,3,0,3,1.0
KmmB,6,8,14,0.43
KmmD,3,2,5,0.6
KmmH,3,2,5,0.6
KmmJ,0,1,1,0.0
KmmL,3,3,6,0.5
KmmM,10,7,17,0.59
KmmN,8,6,14,0.57
KmmP,5,5,10,0.5
KmmS,3,3,6,0.5
Kmmb,9,10,19,0.47
Kmml,0,2,2,0.0
Kmmm,4,5,9,0.44
Kmmn,7,6,13,0.54
Kmms,3,1,4,0.75
Kmmt,0,1,1,0.0
KmnB,0,6,6,0.0
KmnD,1,0,1,1.0
KmnH,3,3,6,0.5
KmnI,0,2,2,0.0
KmnK,0,1,1,0.0
KmnL,2,0,2,1.0
KmnM,6,6,12,0.5
KmnN,6,4,10,0.6
KmnP,7,5,12,0.58
KmnS,4,3,7,0.57
Kmnb,5,6,11,0.45
Kmnh,1,0,1,1.0
Kmnl,0,1,1,0.0
Kmnm,5,2,7,0.71
Kmnn,2,3,5,0.4
Kmns,3,2,5,0.6
KmsB,1,2,3,0.33
KmsD,0,1,1,0.0
KmsH,3,2,5,0.6
KmsI,0,2,2,0.0
KmsM,3,5,8,0.38
KmsN,2,2,4,0.5
KmsP,1,3,4,0.25
KmsS,4,5,9,0.44
Kmsb,7,3,10,0.7
Kmsl,0,1,1,0.0
Kmsm,2,3,5,0.4
Kmsn,4,2,6,0.67
Kmss,2,3,5,0.4
KnBB,4,2,6,0.67
KnBD,0,2,2,0.0
KnBK,1,0,1,1.0
KnBL,1,2,3,0.33
KnBM,1,6,7,0.14
KnBN,5,1,6,0.83
KnBP,4,1,5,0.8
KnBS,1,0,1,1.0
KnBb,3,1,4,0.75
KnBj,0,1,1,0.0
KnBl,2,2,4,0.5
KnBm,6,1,7,0.86
KnBn,4,4,8,0.5
KnBs,1,0,1,1.0
KnDB,1,0,1,1.0
KnDH,1,1,2,0.5
KnDN,1,0,1,1.0
KnDP,0,1,1,0.0
KnDb,1,1,2,0.5
KnDl,1,0,1,1.0
KnDm,1,0,1,1.0
KnDs,1,0,1,1.0
KnHB,3,1,4,0.75
KnHH,1,0,1,1.0
KnHI,0,2,2,0.0
KnHL,0,1,1,0.0
KnHM,3,0,3,1.0
KnHN,2,1,3,0.67
KnHP,2,2,4,0.5
KnHS,0,1,1,0.0
KnHb,1,2,3,0.33
KnHh,1,1,2,0.5
KnHm,2,4,6,0.33
KnHn,1,4,5,0.2
KnHs,3,5,8,0.38
KnHt,0,1,1,0.0
KnIB,0,0,0,
KnID,0,0,0,
KnIL,1,0,1,1.0
KnIM,1,0,1,1.0
KnIP,0,0,0,
KnIm,3,1,4,0.75
KnIn,0,1,1,0.0
KnIs,0,0,0,
KnIt,1,0,1,1.0
KnKB,0,1,1,0.0
KnKD,0,0,0,
KnKL,1,0,1,1.0
KnKM,1,0,1,1.0
KnKP,3,1,4,0.75
KnKh,0,0,0,
KnKn,1,0,1,1.0
KnKs,1,2,3,0.33
KnLB,0,6,6,0.0
KnLL,0,1,1,0.0
KnLM,1,3,4,0.25
KnLN,2,2,4,0.5
KnLP,3,3,6,0.5
KnLS,3,1,4,0.75
KnLb,2,3,5,0.4
KnLh,0,2,2,0.0
KnLj,1,0,1,1.0
KnLl,1,0,1,1.0
KnLm,1,0,1,1.0
KnLn,2,2,4,0.5
KnMB,5,4,9,0.56
KnMD,0,2,2,0.0
KnML,0,1,1,0.0
KnMM,3,11,14,0.21
KnMN,6,3,9,0.67
KnMP,7,4,11,0.64
KnMS,2,5,7,0.29
KnMb,3,2,5,0.6
KnMh,4,6,10,0.4
KnMj,2,0,2,1.0
KnMl,2,1,3,0.67
KnMm,5,11,16,0.31
KnMn,5,4,9,0.56
KnMs,2,1,3,0.67
KnNB,3,2,5,0.6
KnND,0,1,1,0.0
KnNI,0,1,1,0.0
KnNK,0,1,1,0.0
KnNL,2,3,5,0.4
KnNM,2,4,6,0.33
KnNN,5,4,9,0.56
KnNP,3,5,8,0.38
KnNS,4,4,8,0.5
KnNb,2,1,3,0.67
KnNh,2,1,3,0.67
KnNl,2,1,3,0.67
KnNm,1,6,7,0.14
KnNn,4,4,8,0.5
KnNs,6,5,11,0.55
KnNt,1,0,1,1.0
KnPB,3,4,7,0.43
KnPH,1,0,1,1.0
KnPI,2,0,2,1.0
KnPL,0,1,1,0.0
KnPM,6,6,12,0.5
KnPN,3,4,7,0.43
KnPP,2,4,6,0.33
KnPS,3,2,5,0.6
KnPb,4,6,10,0.4
KnPh,0,1,1,0.0
KnPl,1,1,2,0.5
KnPm,12,3,15,0.8
KnPn,3,5,8,0.38
KnPs,5,9,14,0.36
KnPt,0,1,1,0.0
KnSB,3,3,6,0.5
KnSD,0,2,2,0.0
KnSH,3,1,4,0.75
KnSL,1,3,4,0.25
KnSM,4,1,5,0.8
KnSN,1,3,4,0.25
KnSP,3,4,7,0.43
KnSS,3,5,8,0.38
KnSb,4,3,7,0.57
KnSh,2,5,7,0.29
KnSl,2,2,4,0.5
KnSm,2,3,5,0.4
KnSn,3,2,5,0.6
KnSs,5,2,7,0.71
KnSt,1,0,1,1.0
KnbB,4,0,4,1.0
KnbD,1,0,1,1.0
KnbH,1,0,1,1.0
KnbJ,0,1,1,0.0
KnbK,0,2,2,0.0
KnbL,0,2,2,0.0
KnbM,2,1,3,0.67
KnbN,1,4,5,0.2
KnbP,3,3,6,0.5
KnbS,2,3,5,0.4
Knbb,5,3,8,0.62
Knbl,0,2,2,0.0
Knbm,5,3,8,0.62
Knbn,2,4,6,0.33
Knbs,0,2,2,0.0
KnhB,1,0,1,1.0
KnhD,0,1,1,0.0
KnhM,1,0,1,1.0
KnhP,0,2,2,0.0
KnhS,0,1,1,0.0
Knhm,1,0,1,1.0
Knhs,0,1,1,0.0
KnlB,0,1,1,0.0
KnlH,1,0,1,1.0
KnlJ,2,1,3,0.67
KnlK,1,0,1,1.0
KnlL,1,0,1,1.0
KnlM,0,1,1,0.0
KnlN,2,0,2,1.0
KnlS,0,1,1,0.0
Knlb,1,3,4,0.25
Knll,0,1,1,0.0
Knlm,1,2,3,0.33
Knln,2,0,2,1.0
KnmB,4,5,9,0.44
KnmD,3,1,4,0.75
KnmH,7,4,11,0.64
KnmJ,4,1,5,0.8
KnmL,1,2,3,0.33
KnmM,3,4,7,0.43
KnmN,2,6,8,0.25
KnmP,6,5,11,0.55
KnmS,0,7,7,0.0
Knmb,0,4,4,0.0
Knml,2,1,3,0.67
Knmm,5,1,6,0.83
Knmn,3,2,5,0.6
Knms,4,5,9,0.44
KnnB,3,3,6,0.5
KnnD,3,1,4,0.75
KnnH,0,3,3,0.0
KnnI,0,1,1,0.0
KnnL,0,1,1,0.0
KnnM,0,7,7,0.0
KnnN,1,6,7,0.14
KnnP,5,3,8,0.62
KnnS,3,4,7,0.43
Knnb,1,2,3,0.33
Knnl,0,0,0,
Knnm,5,2,7,0.71
Knnn,3,4,7,0.43
Knns,3,2,5,0.6
KnsB,2,3,5,0.4
KnsH,2,2,4,0.5
KnsL,1,1,2,0.5
KnsM,4,4,8,0.5
KnsN,1,3,4,0.25
KnsP,1,3,4,0.25
KnsS,3,4,7,0.43
Knsb,2,3,5,0.4
Knsh,1,0,1,1.0
Knsl,0,1,1,0.0
Knsm,4,5,9,0.44
Knsn,2,2,4,0.5
Knss,3,4,7,0.43
KntB,0,1,1,0.0
KntS,0,1,1,0.0
KsBB,0,5,5,0.0
KsBD,1,0,1,1.0
KsBK,0,0,0,
KsBL,4,2,6,0.67
KsBM,2,0,2,1.0
KsBN,1,3,4,0.25
KsBP,2,1,3,0.67
KsBS,3,4,7,0.43
KsBb,2,2,4,0.5
KsBh,1,0,1,1.0
KsBj,1,1,2,0.5
KsBl,1,0,1,1.0
KsBm,0,3,3,0.0
KsBn,2,2,4,0.5
KsBs,2,2,4,0.5
KsBt,1,0,1,1.0
KsDB,2,1,3,0.67
KsDI,1,0,1,1.0
KsDL,1,0,1,1.0
KsDM,1,0,1,1.0
KsDN,1,1,2,0.5
KsDP,0,2,2,0.0
KsDS,1,1,2,0.5
KsDb,0,1,1,0.0
KsDh,0,1,1,0.0
KsDn,0,3,3,0.0
KsHB,3,1,4,0.75
KsHD,0,2,2,0.0
KsHH,1,0,1,1.0
KsHI,0,2,2,0.0
KsHK,1,1,2,0.5
KsHL,1,2,3,0.33
KsHM,4,7,11,0.36
KsHN,2,3,5,0.4
KsHP,3,7,10,0.3
KsHS,5,2,7,0.71
KsHb,1,5,6,0.17
KsHh,2,2,4,0.5
KsHl,0,3,3,0.0
KsHm,11,5,16,0.69
KsHn,4,6,10,0.4
KsHs,3,6,9,0.33
KsIB,2,0,2,1.0
KsIH,2,1,3,0.67
KsII,2,0,2,1.0
KsIM,1,1,2,0.5
KsIP,3,1,4,0.75
KsIS,0,0,0,
KsIb,0,0,0,
KsIm,2,0,2,1.0
KsIs,1,1,2,0.5
KsKn,1,0,1,1.0
KsKs,0,1,1,0.0
KsLB,1,1,2,0.5
KsLM,2,2,4,0.5
KsLN,1,0,1,1.0
KsLP,0,0,0,
KsLS,1,2,3,0.33
KsLb,2,0,2,1.0
KsLj,0,1,1,0.0
KsLm,1,3,4,0.25
KsLs,1,0,1,1.0
KsMB,3,5,8,0.38
KsMD,0,2,2,0.0
KsML,1,3,4,0.25
KsMM,7,11,18,0.39
KsMN,5,6,11,0.45
KsMP,2,4,6,0.33
KsMS,2,6,8,0.25
KsMb,5,2,7,0.71
KsMh,4,2,6,0.67
KsMj,1,2,3,0.33
KsMl,0,5,5,0.0
KsMm,5,4,9,0.56
KsMn,5,7,12,0.42
KsMs,6,5,11,0.55
KsMt,0,0,0,
KsNB,3,2,5,0.6
KsND,0,0,0,
KsNH,2,0,2,1.0
KsNL,1,1,2,0.5
KsNM,2,2,4,0.5
KsNN,5,7,12,0.42
KsNP,6,5,11,0.55
KsNS,5,4,9,0.56
KsNb,3,1,4,0.75
KsNh,1,2,3,0.33
KsNl,0,1,1,0.0
KsNm,4,2,6,0.67
KsNn,5,3,8,0.62
KsNs,5,4,9,0.56
KsNt,0,2,2,0.0
KsPB,3,8,11,0.27
KsPD,1,0,1,1.0
KsPH,1,0,1,1.0
KsPI,0,1,1,0.0
KsPK,0,0,0,
KsPL,1,1,2,0.5
KsPM,4,5,9,0.44
KsPN,4,3,7,0.57
KsPP,4,7,11,0.36
KsPS,5,5,10,0.5
KsPb,2,1,3,0.67
KsPl,3,3,6,0.5
KsPm,5,6,11,0.45
KsPn,5,3,8,0.62
KsPs,5,4,9,0.56
KsSB,2,1,3,0.67
KsSH,1,1,2,0.5
KsSL,0,3,3,0.0
KsSM,7,8,15,0.47
KsSN,2,2,4,0.5
KsSP,5,8,13,0.38
KsSS,6,6,12,0.5
KsSb,1,8,9,0.11
KsSh,4,1,5,0.8
KsSl,1,1,2,0.5
KsSm,7,7,14,0.5
KsSn,4,4,8,0.5
KsSs,4,6,10,0.4
KsSt,1,1,2,0.5
KsbB,5,3,8,0.62
KsbD,2,0,2,1.0
KsbH,1,1,2,0.5
KsbI,0,1,1,0.0
KsbJ,3,0,3,1.0
KsbK,0,1,1,0.0
KsbM,4,3,7,0.57
KsbN,4,5,9,0.44
KsbP,2,2,4,0.5
KsbS,1,3,4,0.25
Ksbb,3,2,5,0.6
Ksbl,1,0,1,1.0
Ksbm,2,1,3,0.67
Ksbn,4,2,6,0.67
Ksbs,5,2,7,0.71
KshB,1,2,3,0.33
KshN,2,0,2,1.0
KshP,0,1,1,0.0
KshS,2,0,2,1.0
Kshb,0,1,1,0.0
Kshm,1,0,1,1.0
Kshs,0,0,0,
KslB,2,0,2,1.0
KslI,0,1,1,0.0
KslL,0,0,0,
KslM,2,2,4,0.5
KslN,1,3,4,0.25
KslP,3,3,6,0.5
KslS,1,0,1,1.0
Kslb,0,1,1,0.0
Kslm,2,1,3,0.67
Ksln,0,1,1,0.0
Ksls,4,0,4,1.0
KsmB,4,4,8,0.5
KsmD,1,2,3,0.33
KsmH,5,3,8,0.62
KsmI,1,0,1,1.0
KsmL,4,1,5,0.8
KsmM,4,3,7,0.57
KsmN,3,6,9,0.33
KsmP,2,6,8,0.25
KsmS,2,3,5,0.4
Ksmb,4,1,5,0.8
Ksml,1,0,1,1.0
Ksmm,5,4,9,0.56
Ksmn,2,6,8,0.25
Ksms,3,0,3,1.0
KsnB,3,4,7,0.43
KsnD,0,0,0,
KsnH,3,2,5,0.6
KsnI,1,0,1,1.0
KsnK,1,0,1,1.0
KsnL,0,1,1,0.0
KsnM,2,4,6,0.33
KsnN,4,2,6,0.67
KsnP,5,6,11,0.45
KsnS,4,3,7,0.57
Ksnb,3,2,5,0.6
Ksnl,2,0,2,1.0
Ksnm,3,1,4,0.75
Ksnn,3,3,6,0.5
Ksns,3,1,4,0.75
KssB,4,3,7,0.57
KssD,1,0,1,1.0
KssH,3,8,11,0.27
KssI,1,0,1,1.0
KssL,1,3,4,0.25
KssM,6,8,14,0.43
KssN,5,3,8,0.62
KssP,1,4,5,0.2
KssS,8,4,12,0.67
Kssb,4,2,6,0.67
Kssh,0,1,1,0.0
Kssl,1,3,4,0.25
Kssm,4,6,10,0.4
Kssn,1,3,4,0.25
Ksss,6,4,10,0.6
Ksst,1,1,2,0.5
KstM,0,1,1,0.0
Kstn,1,0,1,1.0
KtBL,0,1,1,0.0
KtBb,0,1,1,0.0
KtBj,0,1,1,0.0
KtBl,0,1,1,0.0
KtBs,0,1,1,0.0
KtDM,1,0,1,1.0
KtDP,0,1,1,0.0
KtDm,1,0,1,1.0
KtHB,1,0,1,1.0
KtHL,1,0,1,1.0
KtHM,1,0,1,1.0
KtHS,0,1,1,0.0
KtHb,1,0,1,1.0
KtHm,1,2,3,0.33
KtHn,1,0,1,1.0
KtII,0,1,1,0.0
KtIM,0,1,1,0.0
KtIn,1,0,1,1.0
KtKm,1,0,1,1.0
KtKn,0,1,1,0.0
KtLP,0,2,2,0.0
KtLS,1,0,1,1.0
KtLm,1,0,1,1.0
KtMB,1,1,2,0.5
KtMM,0,2,2,0.0
KtMN,0,1,1,0.0
KtMP,0,1,1,0.0
KtMS,0,2,2,0.0
KtMh,0,2,2,0.0
KtMn,2,0,2,1.0
KtMs,0,0,0,
KtND,0,1,1,0.0
KtNL,0,1,1,0.0
KtNS,0,2,2,0.0
KtNb,0,1,1,0.0
KtNn,1,0,1,1.0
KtNs,1,0,1,1.0
KtNt,1,0,1,1.0
KtPB,0,1,1,0.0
KtPM,0,1,1,0.0
KtPN,0,1,1,0.0
KtPP,1,0,1,1.0
KtPS,0,3,3,0.0
KtPb,1,1,2,0.5
KtPl,0,1,1,0.0
KtPn,0,1,1,0.0
KtPs,1,1,2,0.5
KtSL,1,0,1,1.0
KtSM,1,1,2,0.5
KtSN,1,0,1,1.0
KtSP,0,0,0,
KtSS,0,0,0,
KtSb,1,0,1,1.0
KtSm,0,1,1,0.0
KtSn,0,1,1,0.0
KtSs,1,3,4,0.25
KtSt,1,0,1,1.0
KtbB,1,1,2,0.5
KtbL,0,1,1,0.0
KtbN,0,2,2,0.0
KtbP,1,0,1,1.0
KtbS,1,1,2,0.5
Ktbn,1,1,2,0.5
Ktbs,0,1,1,0.0
Kthb,1,0,1,1.0
KtlB,0,1,1,0.0
KtlD,0,1,1,0.0
Ktlm,1,0,1,1.0
KtmB,0,0,0,
KtmH,0,0,0,
KtmM,1,1,2,0.5
KtmS,1,0,1,1.0
Ktmb,2,0,2,1.0
Ktmm,0,1,1,0.0
Ktmn,1,1,2,0.5
KtnL,1,0,1,1.0
KtnN,1,0,1,1.0
KtnP,1,0,1,1.0
Ktnm,1,0,1,1.0
Ktns,0,2,2,0.0
KtsB,0,0,0,
KtsH,1,1,2,0.5
KtsL,1,1,2,0.5
KtsM,0,2,2,0.0
KtsN,0,2,2,0.0
KtsS,1,0,1,1.0
Ktsm,0,0,0,
Ktss,0,1,1,0.0
KttM,1,0,1,1.0
Ktth,0,0,0,
Kttl,0,1,1,0.0
LBBB,24,39,63,0.38
LBBD,3,2,5,0.6
LBBH,0,1,1,0.0
LBBK,3,0,3,1.0
LBBL,5,6,11,0.45
LBBM,7,15,22,0.32
LBBN,12,26,38,0.32
LBBP,16,25,41,0.39
LBBS,5,7,12,0.42
LBBb,21,28,49,0.43
LBBh,1,3,4,0.25
LBBj,3,7,10,0.3
LBBl,2,4,6,0.33
LBBm,21,29,50,0.42
LBBn,25,25,50,0.5
LBBs,7,9,16,0.44
LBBt,6,4,10,0.6
LBDB,1,4,5,0.2
LBDD,2,0,2,1.0
LBDH,1,3,4,0.25
LBDM,1,1,2,0.5
LBDN,4,2,6,0.67
LBDP,2,6,8,0.25
LBDS,1,2,3,0.33
LBDb,1,0,1,1.0
LBDh,1,0,1,1.0
LBDl,0,1,1,0.0
LBDm,2,1,3,0.67
LBDn,0,4,4,0.0
LBDs,3,0,3,1.0
LBDt,0,1,1,0.0
LBHN,1,0,1,1.0
LBHP,1,0,1,1.0
LBHS,1,0,1,1.0
LBHb,1,0,1,1.0
LBHs,1,1,2,0.5
LBKB,3,0,3,1.0
LBKI,0,0,0,
LBKL,0,0,0,
LBKM,0,3,3,0.0
LBKN,4,1,5,0.8
LBKP,0,4,4,0.0
LBKS,0,1,1,0.0
LBKb,1,0,1,1.0
LBKh,1,2,3,0.33
LBKl,2,1,3,0.67
LBKm,5,2,7,0.71
LBKn,0,0,0,
LBKt,0,1,1,0.0
LBLB,5,5,10,0.5
LBLD,1,1,2,0.5
LBLL,0,2,2,0.0
LBLM,1,3,4,0.25
LBLN,5,4,9,0.56
LBLP,6,7,13,0.46
LBLS,2,3,5,0.4
LBLb,8,9,17,0.47
LBLh,2,4,6,0.33
LBLj,2,1,3,0.67
LBLl,5,0,5,1.0
LBLm,7,6,13,0.54
LBLn,5,3,8,0.62
LBLs,0,2,2,0.0
LBLt,0,2,2,0.0
LBMB,15,27,42,0.36
LBMD,0,2,2,0.0
LBML,3,3,6,0.5
LBMM,7,14,21,0.33
LBMN,6,15,21,0.29
LBMP,14,21,35,0.4
LBMS,5,8,13,0.38
LBMb,15,18,33,0.45
LBMh,8,14,22,0.36
LBMj,1,4,5,0.2
LBMl,5,5,10,0.5
LBMm,32,14,46,0.7
LBMn,21,15,36,0.58
LBMs,11,5,16,0.69
LBMt,1,2,3,0.33
LBNB,17,13,30,0.57
LBND,1,1,2,0.5
LBNH,2,4,6,0.33
LBNK,4,1,5,0.8
LBNL,3,6,9,0.33
LBNM,3,27,30,0.1
LBNN,19,14,33,0.58
LBNP,32,30,62,0.52
LBNS,12,14,26,0.46
LBNb,10,17,27,0.37
LBNh,2,2,4,0.5
LBNl,5,11,16,0.31
LBNm,28,13,41,0.68
LBNn,19,22,41,0.46
LBNs,14,11,25,0.56
LBNt,3,2,5,0.6
LBPB,14,22,36,0.39
LBPD,1,1,2,0.5
LBPH,0,6,6,0.0
LBPI,4,0,4,1.0
LBPK,3,1,4,0.75
LBPL,4,9,13,0.31
LBPM,23,16,39,0.59
LBPN,20,19,39,0.51
LBPP,30,28,58,0.52
LBPS,4,15,19,0.21
LBPb,17,15,32,0.53
LBPh,0,5,5,0.0
LBPl,6,9,15,0.4
LBPm,16,26,42,0.38
LBPn,15,20,35,0.43
LBPs,16,15,31,0.52
LBPt,2,3,5,0.4
LBSB,5,6,11,0.45
LBSD,0,3,3,0.0
LBSH,1,4,5,0.2
LBSL,0,1,1,0.0
LBSM,2,7,9,0.22
LBSN,2,5,7,0.29
LBSP,8,8,16,0.5
LBSS,6,10,16,0.38
LBSb,7,7,14,0.5
LBSh,4,5,9,0.44
LBSl,3,2,5,0.6
LBSm,9,4,13,0.69
LBSn,5,5,10,0.5
LBSs,3,4,7,0.43
LBSt,2,1,3,0.67
LBbB,26,14,40,0.65
LBbD,2,3,5,0.4
LBbH,2,8,10,0.2
LBbI,1,3,4,0.25
LBbJ,9,7,16,0.56
LBbK,4,1,5,0.8
LBbL,2,6,8,0.25
LBbM,15,26,41,0.37
LBbN,18,23,41,0.44
LBbP,20,21,41,0.49
LBbS,13,15,28,0.46
LBbb,23,20,43,0.53
LBbl,8,3,11,0.73
LBbm,15,16,31,0.48
LBbn,25,21,46,0.54
LBbs,7,14,21,0.33
LBhB,3,3,6,0.5
LBhK,0,0,0,
LBhL,1,2,3,0.33
LBhM,0,2,2,0.0
LBhN,1,1,2,0.5
LBhP,3,3,6,0.5
LBhb,2,3,5,0.4
LBhh,0,2,2,0.0
LBhl,1,0,1,1.0
LBhm,3,2,5,0.6
LBhn,3,0,3,1.0
LBhs,1,1,2,0.5
LBjB,6,4,10,0.6
LBjD,2,0,2,1.0
LBjH,3,1,4,0.75
LBjI,1,0,1,1.0
LBjL,1,3,4,0.25
LBjM,2,4,6,0.33
LBjN,7,6,13,0.54
LBjP,3,7,10,0.3
LBjS,1,1,2,0.5
LBjb,6,2,8,0.75
LBjh,0,1,1,0.0
LBjl,2,4,6,0.33
LBjm,7,5,12,0.58
LBjn,5,4,9,0.56
LBjs,0,2,2,0.0
LBjt,3,1,4,0.75
LBlB,2,9,11,0.18
LBlD,1,1,2,0.5
LBlH,8,5,13,0.62
LBlI,0,3,3,0.0
LBlJ,2,3,5,0.4
LBlK,0,1,1,0.0
LBlL,2,2,4,0.5
LBlM,4,8,12,0.33
LBlN,10,10,20,0.5
LBlP,13,3,16,0.81
LBlS,7,3,10,0.7
LBlb,4,8,12,0.33
LBll,1,3,4,0.25
LBlm,6,5,11,0.55
LBln,4,3,7,0.57
LBls,5,9,14,0.36
LBlt,1,0,1,1.0
LBmB,19,23,42,0.45
LBmD,4,2,6,0.67
LBmH,9,12,21,0.43
LBmI,0,3,3,0.0
LBmJ,1,5,6,0.17
LBmL,6,8,14,0.43
LBmM,22,15,37,0.59
LBmN,29,31,60,0.48
LBmP,22,22,44,0.5
LBmS,13,11,24,0.54
LBmb,18,7,25,0.72
LBml,5,4,9,0.56
LBmm,22,22,44,0.5
LBmn,15,19,34,0.44
LBms,6,10,16,0.38
LBnB,18,28,46,0.39
LBnD,3,0,3,1.0
LBnH,10,15,25,0.4
LBnI,2,2,4,0.5
LBnK,2,1,3,0.67
LBnL,5,7,12,0.42
LBnM,15,20,35,0.43
LBnN,30,28,58,0.52
LBnP,35,27,62,0.56
LBnS,14,14,28,0.5
LBnb,22,17,39,0.56
LBnh,3,3,6,0.5
LBnl,6,8,14,0.43
LBnm,31,21,52,0.6
LBnn,24,19,43,0.56
LBns,17,24,41,0.41
LBsB,5,4,9,0.56
LBsD,2,1,3,0.67
LBsH,6,9,15,0.4
LBsI,0,3,3,0.0
LBsK,0,2,2,0.0
LBsL,1,3,4,0.25
LBsM,6,5,11,0.55
LBsN,10,5,15,0.67
LBsP,4,11,15,0.27
LBsS,5,7,12,0.42
LBsb,5,7,12,0.42
LBsh,0,1,1,0.0
LBsl,3,0,3,1.0
LBsm,6,5,11,0.55
LBsn,7,6,13,0.54
LBss,9,9,18,0.5
LBst,0,1,1,0.0
LBtB,2,4,6,0.33
LBtH,1,1,2,0.5
LBtL,1,1,2,0.5
LBtM,1,4,5,0.2
LBtN,1,3,4,0.25
LBtP,5,1,6,0.83
LBtS,1,2,3,0.33
LBtb,3,1,4,0.75
LBtm,10,5,15,0.67
LBtn,3,3,6,0.5
LBts,2,0,2,1.0
LBtt,1,0,1,1.0
LDBB,1,2,3,0.33
LDBM,0,3,3,0.0
LDBN,2,2,4,0.5
LDBP,0,3,3,0.0
LDBS,1,2,3,0.33
LDBb,4,0,4,1.0
LDBj,0,0,0,
LDBl,0,1,1,0.0
LDBm,1,4,5,0.2
LDBn,2,3,5,0.4
LDBs,2,0,2,1.0
LDDB,0,0,0,
LDDH,1,0,1,1.0
LDDP,0,0,0,
LDDS,0,3,3,0.0
LDDm,0,1,1,0.0
LDDs,1,0,1,1.0
LDDt,0,1,1,0.0
LDHB,0,1,1,0.0
LDHH,0,1,1,0.0
LDHI,1,1,2,0.5
LDHL,1,0,1,1.0
LDHM,2,3,5,0.4
LDHN,1,1,2,0.5
LDHP,2,1,3,0.67
LDHS,3,2,5,0.6
LDHb,1,0,1,1.0
LDHl,0,1,1,0.0
LDHm,5,4,9,0.56
LDHn,1,0,1,1.0
LDHs,2,3,5,0.4
LDIB,0,0,0,
LDIH,0,1,1,0.0
LDIN,0,1,1,0.0
LDIb,1,0,1,1.0
LDIl,0,0,0,
LDLB,2,1,3,0.67
LDLL,0,1,1,0.0
LDLM,1,0,1,1.0
LDLP,1,0,1,1.0
LDLS,0,0,0,
LDLb,1,5,6,0.17
LDLh,0,0,0,
LDLj,1,0,1,1.0
LDLl,1,1,2,0.5
LDLm,1,1,2,0.5
LDLn,0,1,1,0.0
LDLs,1,1,2,0.5
LDMB,0,2,2,0.0
LDML,0,1,1,0.0
LDMM,1,4,5,0.2
LDMN,0,2,2,0.0
LDMP,2,5,7,0.29
LDMS,2,0,2,1.0
LDMb,1,3,4,0.25
LDMh,1,1,2,0.5
LDMl,2,1,3,0.67
LDMm,1,3,4,0.25
LDMn,7,2,9,0.78
LDMs,1,1,2,0.5
LDMt,0,0,0,
LDNB,1,1,2,0.5
LDND,1,0,1,1.0
LDNH,0,0,0,
LDNM,3,2,5,0.6
LDNN,3,2,5,0.6
LDNP,4,3,7,0.57
LDNS,2,0,2,1.0
LDNb,2,0,2,1.0
LDNh,1,0,1,1.0
LDNl,1,0,1,1.0
LDNm,1,1,2,0.5
LDNn,3,2,5,0.6
LDNs,1,3,4,0.25
LDNt,1,0,1,1.0
LDPB,3,1,4,0.75
LDPD,0,1,1,0.0
LDPK,0,1,1,0.0
LDPL,0,1,1,0.0
LDPM,3,5,8,0.38
LDPN,1,0,1,1.0
LDPP,2,2,4,0.5
LDPS,2,4,6,0.33
LDPb,2,1,3,0.67
LDPl,1,1,2,0.5
LDPm,5,3,8,0.62
LDPn,0,4,4,0.0
LDPs,4,1,5,0.8
LDPt,0,1,1,0.0
LDSB,1,1,2,0.5
LDSD,1,0,1,1.0
LDSH,3,0,3,1.0
LDSL,0,0,0,
LDSM,1,2,3,0.33
LDSN,2,4,6,0.33
LDSP,4,0,4,1.0
LDSS,2,2,4,0.5
LDSb,0,2,2,0.0
LDSh,0,0,0,
LDSm,3,1,4,0.75
LDSn,3,2,5,0.6
LDSs,0,2,2,0.0
LDbB,1,4,5,0.2
LDbD,2,0,2,1.0
LDbH,0,1,1,0.0
LDbI,0,1,1,0.0
LDbJ,0,1,1,0.0
LDbK,0,1,1,0.0
LDbL,1,0,1,1.0
LDbM,1,2,3,0.33
LDbN,3,3,6,0.5
LDbP,4,2,6,0.67
LDbS,0,4,4,0.0
LDbb,1,0,1,1.0
LDbm,1,2,3,0.33
LDbn,2,0,2,1.0
LDhB,1,0,1,1.0
LDhh,0,0,0,
LDhl,0,1,1,0.0
LDlB,1,1,2,0.5
LDlD,0,1,1,0.0
LDlH,1,1,2,0.5
LDlL,1,0,1,1.0
LDlM,1,0,1,1.0
LDlN,1,0,1,1.0
LDlP,2,0,2,1.0
LDlS,0,1,1,0.0
LDlb,0,1,1,0.0
LDll,1,1,2,0.5
LDls,1,1,2,0.5
LDmB,2,2,4,0.5
LDmD,0,1,1,0.0
LDmH,1,1,2,0.5
LDmL,3,0,3,1.0
LDmM,3,7,10,0.3
LDmN,3,4,7,0.43
LDmP,0,4,4,0.0
LDmS,0,3,3,0.0
LDmb,2,3,5,0.4
LDml,0,2,2,0.0
LDmm,3,2,5,0.6
LDmn,1,2,3,0.33
LDms,1,1,2,0.5
LDnB,2,1,3,0.67
LDnH,1,1,2,0.5
LDnI,0,1,1,0.0
LDnL,2,1,3,0.67
LDnM,1,3,4,0.25
LDnN,3,2,5,0.6
LDnP,3,2,5,0.6
LDnS,1,2,3,0.33
LDnb,1,1,2,0.5
LDnm,3,0,3,1.0
LDnn,0,2,2,0.0
LDns,2,4,6,0.33
LDsD,1,0,1,1.0
LDsH,2,1,3,0.67
LDsL,1,3,4,0.25
LDsM,2,4,6,0.33
LDsN,0,0,0,
LDsP,1,3,4,0.25
LDsS,0,1,1,0.0
LDsb,2,1,3,0.67
LDsl,1,1,2,0.5
LDsm,1,1,2,0.5
LDsn,2,1,3,0.67
LDss,2,2,4,0.5
LDtB,0,1,1,0.0
LDtD,0,1,1,0.0
LDtH,0,1,1,0.0
LDtL,0,0,0,
LDtM,1,1,2,0.5
LDtP,0,0,0,
LDtl,0,1,1,0.0
LHBM,0,1,1,0.0
LHBS,1,0,1,1.0
LHBb,0,1,1,0.0
LHBn,2,0,2,1.0
LHDs,0,0,0,
LHHS,0,0,0,
LHIb,0,0,0,
LHIs,1,0,1,1.0
LHLN,0,0,0,
LHLl,0,1,1,0.0
LHLm,0,1,1,0.0
LHLn,1,1,2,0.5
LHMM,1,0,1,1.0
LHMS,0,0,0,
LHMb,2,0,2,1.0
LHMh,0,1,1,0.0
LHMj,1,0,1,1.0
LHMm,1,1,2,0.5
LHMn,1,0,1,1.0
LHNB,1,0,1,1.0
LHNK,0,0,0,
LHNm,1,0,1,1.0
LHNn,1,0,1,1.0
LHPK,1,0,1,1.0
LHPM,1,1,2,0.5
LHPP,0,1,1,0.0
LHPb,0,1,1,0.0
LHPn,1,1,2,0.5
LHPs,0,1,1,0.0
LHSL,0,1,1,0.0
LHSM,1,0,1,1.0
LHSS,0,1,1,0.0
LHSm,1,1,2,0.5
LHSn,1,0,1,1.0
LHbB,0,0,0,
LHbL,0,1,1,0.0
LHbn,1,0,1,1.0
LHhl,0,0,0,
LHhs,1,0,1,1.0
LHlN,0,1,1,0.0
LHlS,0,1,1,0.0
LHlh,1,0,1,1.0
LHmB,0,1,1,0.0
LHmH,0,1,1,0.0
LHmL,1,0,1,1.0
LHmM,1,3,4,0.25
LHmN,0,1,1,0.0
LHmP,1,1,2,0.5
LHmm,0,1,1,0.0
LHms,0,1,1,0.0
LHnB,1,0,1,1.0
LHnP,1,1,2,0.5
LHnm,0,0,0,
LHnn,0,2,2,0.0
LHsB,0,1,1,0.0
LHsI,0,0,0,
LHsM,0,1,1,0.0
LHsb,0,1,1,0.0
LHsl,0,1,1,0.0
LIDs,0,1,1,0.0
LILn,0,1,1,0.0
LIMh,0,1,1,0.0
LIMm,0,1,1,0.0
LIMn,1,0,1,1.0
LINh,1,0,1,1.0
LIPP,0,0,0,
LIPs,0,1,1,0.0
LISm,1,0,1,1.0
LImP,1,1,2,0.5
LKBB,0,2,2,0.0
LKBM,1,0,1,1.0
LKBN,1,3,4,0.25
LKBP,2,1,3,0.67
LKBS,0,1,1,0.0
LKBb,1,3,4,0.25
LKBl,0,2,2,0.0
LKBm,1,2,3,0.33
LKBn,1,2,3,0.33
LKBs,0,1,1,0.0
LKDH,1,0,1,1.0
LKDM,0,0,0,
LKDP,0,1,1,0.0
LKDS,0,1,1,0.0
LKDs,1,0,1,1.0
LKHM,0,1,1,0.0
LKHS,1,1,2,0.5
LKHl,0,1,1,0.0
LKHm,0,1,1,0.0
LKHn,0,1,1,0.0
LKIP,0,1,1,0.0
LKIS,0,0,0,
LKIb,0,1,1,0.0
LKLB,1,0,1,1.0
LKLL,0,1,1,0.0
LKLM,1,0,1,1.0
LKLN,1,0,1,1.0
LKLP,1,1,2,0.5
LKLl,0,1,1,0.0
LKLm,1,0,1,1.0
LKLs,0,0,0,
LKMB,3,0,3,1.0
LKML,0,1,1,0.0
LKMM,2,2,4,0.5
LKMN,1,2,3,0.33
LKMP,1,3,4,0.25
LKMS,1,3,4,0.25
LKMb,0,1,1,0.0
LKMh,2,4,6,0.33
LKMm,1,1,2,0.5
LKMn,1,2,3,0.33
LKMs,2,0,2,1.0
LKNB,0,1,1,0.0
LKNH,0,1,1,0.0
LKNI,0,0,0,
LKNM,1,3,4,0.25
LKNN,1,0,1,1.0
LKNP,1,1,2,0.5
LKNS,1,1,2,0.5
LKNb,1,0,1,1.0
LKNh,0,0,0,
LKNm,2,0,2,1.0
LKNn,0,2,2,0.0
LKNs,1,0,1,1.0
LKPB,2,0,2,1.0
LKPK,1,1,2,0.5
LKPL,3,0,3,1.0
LKPM,1,3,4,0.25
LKPP,5,2,7,0.71
LKPS,0,0,0,
LKPb,1,3,4,0.25
LKPl,1,1,2,0.5
LKPm,4,5,9,0.44
LKPn,2,1,3,0.67
LKPs,0,2,2,0.0
LKSB,1,1,2,0.5
LKSH,1,0,1,1.0
LKSK,0,1,1,0.0
LKSL,0,1,1,0.0
LKSM,1,1,2,0.5
LKSP,0,1,1,0.0
LKSS,4,2,6,0.67
LKSb,1,2,3,0.33
LKSh,0,1,1,0.0
LKSl,1,3,4,0.25
LKSm,1,1,2,0.5
LKSs,1,1,2,0.5
LKbB,1,1,2,0.5
LKbL,0,2,2,0.0
LKbM,0,3,3,0.0
LKbN,0,2,2,0.0
LKbP,0,1,1,0.0
LKbS,0,1,1,0.0
LKbb,2,3,5,0.4
LKbl,1,0,1,1.0
LKbn,1,0,1,1.0
LKbs,2,1,3,0.67
LKhB,1,0,1,1.0
LKhD,1,0,1,1.0
LKhH,1,1,2,0.5
LKhK,0,0,0,
LKhL,2,0,2,1.0
LKhM,1,1,2,0.5
LKhN,1,0,1,1.0
LKhP,1,0,1,1.0
LKhS,1,1,2,0.5
LKhb,2,1,3,0.67
LKhh,0,2,2,0.0
LKhl,0,1,1,0.0
LKhm,1,0,1,1.0
LKhn,1,2,3,0.33
LKhs,2,1,3,0.67
LKlB,1,0,1,1.0
LKlH,0,1,1,0.0
LKlI,0,0,0,
LKlM,0,2,2,0.0
LKlN,2,0,2,1.0
LKlP,0,2,2,0.0
LKlS,0,1,1,0.0
LKmB,1,0,1,1.0
LKmH,1,2,3,0.33
LKmL,1,0,1,1.0
LKmM,5,4,9,0.56
LKmN,4,1,5,0.8
LKmP,2,1,3,0.67
LKmS,0,1,1,0.0
LKmb,1,2,3,0.33
LKml,0,1,1,0.0
LKmm,4,4,8,0.5
LKmn,3,0,3,1.0
LKnB,1,0,1,1.0
LKnH,1,2,3,0.33
LKnI,0,0,0,
LKnL,1,0,1,1.0
LKnM,2,2,4,0.5
LKnN,1,1,2,0.5
LKnP,1,2,3,0.33
LKnS,0,1,1,0.0
LKnl,1,0,1,1.0
LKnm,0,1,1,0.0
LKnn,1,1,2,0.5
LKns,2,1,3,0.67
LKsB,1,0,1,1.0
LKsH,0,0,0,
LKsM,1,1,2,0.5
LKsN,1,1,2,0.5
LKsP,1,3,4,0.25
LKsS,1,1,2,0.5
LKsb,0,1,1,0.0
LKsl,1,1,2,0.5
LKsm,1,2,3,0.33
LKss,1,0,1,1.0
LKtP,0,0,0,
LKtS,1,0,1,1.0
LLBB,8,8,16,0.5
LLBD,3,0,3,1.0
LLBL,1,2,3,0.33
LLBM,5,8,13,0.38
LLBN,7,7,14,0.5
LLBP,6,2,8,0.75
LLBS,1,1,2,0.5
LLBb,8,6,14,0.57
LLBh,0,1,1,0.0
LLBj,2,3,5,0.4
LLBl,4,4,8,0.5
LLBm,8,9,17,0.47
LLBn,11,0,11,1.0
LLBs,1,1,2,0.5
LLBt,0,1,1,0.0
LLDB,0,1,1,0.0
LLDH,1,0,1,1.0
LLDN,1,0,1,1.0
LLDP,1,0,1,1.0
LLDS,2,0,2,1.0
LLDb,2,0,2,1.0
LLDm,2,0,2,1.0
LLDn,3,1,4,0.75
LLDs,0,1,1,0.0
LLHM,1,1,2,0.5
LLHm,2,0,2,1.0
LLKN,1,0,1,1.0
LLKP,1,0,1,1.0
LLKS,0,0,0,
LLKl,2,0,2,1.0
LLKm,1,0,1,1.0
LLKn,1,0,1,1.0
LLKs,0,1,1,0.0
LLLB,1,3,4,0.25
LLLL,1,2,3,0.33
LLLM,1,2,3,0.33
LLLN,2,4,6,0.33
LLLP,4,3,7,0.57
LLLS,0,2,2,0.0
LLLb,1,1,2,0.5
LLLh,0,2,2,0.0
LLLj,2,0,2,1.0
LLLl,1,1,2,0.5
LLLm,4,0,4,1.0
LLLn,2,7,9,0.22
LLLs,3,0,3,1.0
LLLt,1,0,1,1.0
LLMB,2,11,13,0.15
LLML,1,0,1,1.0
LLMM,4,4,8,0.5
LLMN,2,9,11,0.18
LLMP,8,5,13,0.62
LLMS,1,1,2,0.5
LLMb,7,4,11,0.64
LLMh,6,5,11,0.55
LLMl,4,0,4,1.0
LLMm,6,5,11,0.55
LLMn,6,9,15,0.4
LLMs,1,3,4,0.25
LLMt,1,0,1,1.0
LLNB,4,5,9,0.44
LLND,0,1,1,0.0
LLNK,0,2,2,0.0
LLNL,2,4,6,0.33
LLNM,5,6,11,0.45
LLNN,8,3,11,0.73
LLNP,5,6,11,0.45
LLNS,3,6,9,0.33
LLNb,7,6,13,0.54
LLNh,1,2,3,0.33
LLNl,2,3,5,0.4
LLNm,7,3,10,0.7
LLNn,5,4,9,0.56
LLNs,0,4,4,0.0
LLNt,2,2,4,0.5
LLPB,8,8,16,0.5
LLPD,2,1,3,0.67
LLPH,2,2,4,0.5
LLPI,1,0,1,1.0
LLPK,0,1,1,0.0
LLPL,3,4,7,0.43
LLPM,8,12,20,0.4
LLPN,6,7,13,0.46
LLPP,6,11,17,0.35
LLPS,7,6,13,0.54
LLPb,11,5,16,0.69
LLPh,1,0,1,1.0
LLPl,3,1,4,0.75
LLPm,8,3,11,0.73
LLPn,5,6,11,0.45
LLPs,2,5,7,0.29
LLPt,2,2,4,0.5
LLSB,3,4,7,0.43
LLSH,1,4,5,0.2
LLSL,0,1,1,0.0
LLSM,1,2,3,0.33
LLSN,1,2,3,0.33
LLSP,4,3,7,0.57
LLSS,4,6,10,0.4
LLSb,4,3,7,0.57
LLSh,6,1,7,0.86
LLSl,2,0,2,1.0
LLSm,7,2,9,0.78
LLSn,3,2,5,0.6
LLSs,4,6,10,0.4
LLbB,8,2,10,0.8
LLbH,2,4,6,0.33
LLbI,1,1,2,0.5
LLbK,0,1,1,0.0
LLbL,1,3,4,0.25
LLbM,6,7,13,0.46
LLbN,2,6,8,0.25
LLbP,9,9,18,0.5
LLbS,5,3,8,0.62
LLbb,6,4,10,0.6
LLbl,2,0,2,1.0
LLbm,5,6,11,0.45
LLbn,8,12,20,0.4
LLbs,6,3,9,0.67
LLhB,3,5,8,0.38
LLhD,1,0,1,1.0
LLhH,2,0,2,1.0
LLhM,0,4,4,0.0
LLhN,0,1,1,0.0
LLhP,1,2,3,0.33
LLhS,1,0,1,1.0
LLhb,2,3,5,0.4
LLhh,0,3,3,0.0
LLhm,0,7,7,0.0
LLhn,3,1,4,0.75
LLhs,2,4,6,0.33
LLht,1,0,1,1.0
LLjB,2,3,5,0.4
LLjI,1,0,1,1.0
LLjL,1,2,3,0.33
LLjM,4,1,5,0.8
LLjN,2,3,5,0.4
LLjP,1,0,1,1.0
LLjb,3,0,3,1.0
LLjl,1,0,1,1.0
LLjm,0,5,5,0.0
LLjn,4,4,8,0.5
LLjs,1,1,2,0.5
LLlB,3,7,10,0.3
LLlD,1,0,1,1.0
LLlH,6,2,8,0.75
LLlI,0,1,1,0.0
LLlJ,0,3,3,0.0
LLlK,0,1,1,0.0
LLlL,1,0,1,1.0
LLlM,1,5,6,0.17
LLlN,3,8,11,0.27
LLlP,4,4,8,0.5
LLlS,4,2,6,0.67
LLlb,0,4,4,0.0
LLll,2,2,4,0.5
LLlm,4,1,5,0.8
LLln,5,1,6,0.83
LLls,1,3,4,0.25
LLmB,6,7,13,0.46
LLmD,5,0,5,1.0
LLmH,6,4,10,0.6
LLmI,1,4,5,0.2
LLmJ,3,3,6,0.5
LLmL,3,2,5,0.6
LLmM,9,9,18,0.5
LLmN,9,8,17,0.53
LLmP,7,9,16,0.44
LLmS,4,3,7,0.57
LLmb,7,8,15,0.47
LLml,0,3,3,0.0
LLmm,10,4,14,0.71
LLmn,9,5,14,0.64
LLms,4,0,4,1.0
LLnB,8,6,14,0.57
LLnD,0,1,1,0.0
LLnH,4,5,9,0.44
LLnI,2,4,6,0.33
LLnK,1,1,2,0.5
LLnL,0,3,3,0.0
LLnM,7,10,17,0.41
LLnN,10,4,14,0.71
LLnP,12,10,22,0.55
LLnS,9,3,12,0.75
LLnb,6,5,11,0.55
LLnh,0,0,0,
LLnl,5,5,10,0.5
LLnm,14,9,23,0.61
LLnn,6,7,13,0.46
LLns,4,5,9,0.44
LLsB,2,5,7,0.29
LLsH,2,3,5,0.4
LLsI,1,0,1,1.0
LLsL,2,1,3,0.67
LLsM,7,5,12,0.58
LLsN,2,1,3,0.67
LLsP,5,2,7,0.71
LLsS,7,6,13,0.54
LLsb,0,2,2,0.0
LLsh,1,1,2,0.5
LLsl,0,2,2,0.0
LLsm,3,3,6,0.5
LLsn,5,7,12,0.42
LLss,5,5,10,0.5
LLtB,1,3,4,0.25
LLtH,3,0,3,1.0
LLtI,1,0,1,1.0
LLtM,2,0,2,1.0
LLtP,2,1,3,0.67
LLtS,1,0,1,1.0
LLtl,1,0,1,1.0
LLtm,3,1,4,0.75
LLtn,1,1,2,0.5
LMBB,21,30,51,0.41
LMBD,2,5,7,0.29
LMBH,1,1,2,0.5
LMBL,2,1,3,0.67
LMBM,6,19,25,0.24
LMBN,16,18,34,0.47
LMBP,15,15,30,0.5
LMBS,5,9,14,0.36
LMBb,29,32,61,0.48
LMBh,0,2,2,0.0
LMBj,4,4,8,0.5
LMBl,6,4,10,0.6
LMBm,14,12,26,0.54
LMBn,20,22,42,0.48
LMBs,7,4,11,0.64
LMBt,1,2,3,0.33
LMDB,2,3,5,0.4
LMDD,1,1,2,0.5
LMDH,3,2,5,0.6
LMDI,2,0,2,1.0
LMDM,2,4,6,0.33
LMDN,1,0,1,1.0
LMDP,3,3,6,0.5
LMDS,2,1,3,0.67
LMDb,4,1,5,0.8
LMDl,0,1,1,0.0
LMDm,4,2,6,0.67
LMDn,0,0,0,
LMDs,3,0,3,1.0
LMHS,1,1,2,0.5
LMHl,0,0,0,
LMHm,1,0,1,1.0
LMHn,1,0,1,1.0
LMIb,1,0,1,1.0
LMKM,1,2,3,0.33
LMKN,0,1,1,0.0
LMKP,1,0,1,1.0
LMKh,1,0,1,1.0
LMKm,0,1,1,0.0
LMLB,6,5,11,0.55
LMLD,1,0,1,1.0
LMLH,0,0,0,
LMLL,2,1,3,0.67
LMLM,3,5,8,0.38
LMLN,3,4,7,0.43
LMLP,6,2,8,0.75
LMLS,2,5,7,0.29
LMLb,6,3,9,0.67
LMLj,1,2,3,0.33
LMLl,0,1,1,0.0
LMLm,5,8,13,0.38
LMLn,7,3,10,0.7
LMLs,2,3,5,0.4
LMLt,0,1,1,0.0
LMMB,15,16,31,0.48
LMMD,2,3,5,0.4
LMMK,0,1,1,0.0
LMML,4,8,12,0.33
LMMM,14,21,35,0.4
LMMN,18,12,30,0.6
LMMP,13,15,28,0.46
LMMS,11,10,21,0.52
LMMb,22,21,43,0.51
LMMh,13,8,21,0.62
LMMj,4,1,5,0.8
LMMl,5,4,9,0.56
LMMm,25,15,40,0.62
LMMn,19,29,48,0.4
LMMs,10,10,20,0.5
LMMt,1,1,2,0.5
LMNB,15,18,33,0.45
LMND,3,0,3,1.0
LMNH,4,0,4,1.0
LMNI,1,0,1,1.0
LMNK,2,2,4,0.5
LMNL,5,4,9,0.56
LMNM,14,14,28,0.5
LMNN,13,12,25,0.52
LMNP,27,15,42,0.64
LMNS,6,6,12,0.5
LMNb,12,7,19,0.63
LMNh,2,4,6,0.33
LMNl,2,4,6,0.33
LMNm,15,19,34,0.44
LMNn,20,28,48,0.42
LMNs,7,10,17,0.41
LMNt,2,6,8,0.25
LMPB,20,22,42,0.48
LMPD,1,2,3,0.33
LMPH,3,2,5,0.6
LMPI,5,4,9,0.56
LMPK,1,6,7,0.14
LMPL,10,2,12,0.83
LMPM,12,23,35,0.34
LMPN,25,22,47,0.53
LMPP,23,33,56,0.41
LMPS,14,6,20,0.7
LMPb,14,14,28,0.5
LMPh,3,2,5,0.6
LMPl,7,3,10,0.7
LMPm,30,26,56,0.54
LMPn,15,16,31,0.48
LMPs,13,10,23,0.57
LMPt,2,2,4,0.5
LMSB,6,9,15,0.4
LMSD,1,1,2,0.5
LMSH,4,5,9,0.44
LMSI,0,1,1,0.0
LMSL,4,1,5,0.8
LMSM,14,7,21,0.67
LMSN,8,8,16,0.5
LMSP,8,11,19,0.42
LMSS,15,8,23,0.65
LMSb,5,4,9,0.56
LMSh,2,1,3,0.67
LMSl,4,2,6,0.67
LMSm,13,9,22,0.59
LMSn,7,9,16,0.44
LMSs,14,6,20,0.7
LMSt,0,2,2,0.0
LMbB,18,13,31,0.58
LMbD,2,4,6,0.33
LMbH,4,7,11,0.36
LMbI,1,6,7,0.14
LMbJ,10,3,13,0.77
LMbK,3,3,6,0.5
LMbL,7,4,11,0.64
LMbM,11,16,27,0.41
LMbN,15,24,39,0.38
LMbP,18,18,36,0.5
LMbS,8,9,17,0.47
LMbb,9,9,18,0.5
LMbl,5,4,9,0.56
LMbm,13,9,22,0.59
LMbn,22,21,43,0.51
LMbs,16,8,24,0.67
LMhB,10,22,32,0.31
LMhD,1,0,1,1.0
LMhH,2,2,4,0.5
LMhI,2,0,2,1.0
LMhK,1,2,3,0.33
LMhL,1,4,5,0.2
LMhM,7,17,24,0.29
LMhN,6,14,20,0.3
LMhP,11,7,18,0.61
LMhS,3,9,12,0.25
LMhb,12,12,24,0.5
LMhh,5,3,8,0.62
LMhl,4,5,9,0.44
LMhm,15,12,27,0.56
LMhn,15,13,28,0.54
LMhs,12,6,18,0.67
LMht,1,2,3,0.33
LMjB,1,4,5,0.2
LMjD,0,1,1,0.0
LMjH,0,2,2,0.0
LMjK,1,0,1,1.0
LMjL,1,0,1,1.0
LMjM,1,1,2,0.5
LMjN,3,2,5,0.6
LMjP,3,4,7,0.43
LMjS,2,0,2,1.0
LMjb,3,1,4,0.75
LMjh,1,0,1,1.0
LMjl,1,0,1,1.0
LMjm,3,2,5,0.6
LMjn,3,4,7,0.43
LMjs,3,3,6,0.5
LMjt,3,1,4,0.75
LMlB,4,4,8,0.5
LMlD,1,0,1,1.0
LMlH,6,3,9,0.67
LMlI,2,0,2,1.0
LMlJ,1,2,3,0.33
LMlK,1,0,1,1.0
LMlL,4,3,7,0.57
LMlM,6,5,11,0.55
LMlN,4,10,14,0.29
LMlP,7,7,14,0.5
LMlS,1,6,7,0.14
LMlb,3,4,7,0.43
LMll,0,0,0,
LMlm,4,8,12,0.33
LMln,4,5,9,0.44
LMls,5,8,13,0.38
LMmB,14,17,31,0.45
LMmD,0,6,6,0.0
LMmH,18,19,37,0.49
LMmI,2,4,6,0.33
LMmJ,3,4,7,0.43
LMmK,0,0,0,
LMmL,4,6,10,0.4
LMmM,20,26,46,0.43
LMmN,27,21,48,0.56
LMmP,16,21,37,0.43
LMmS,18,20,38,0.47
LMmb,16,18,34,0.47
LMmh,0,1,1,0.0
LMml,3,7,10,0.3
LMmm,14,13,27,0.52
LMmn,24,15,39,0.62
LMms,17,13,30,0.57
LMnB,18,15,33,0.55
LMnD,0,4,4,0.0
LMnH,11,9,20,0.55
LMnI,6,4,10,0.6
LMnK,1,3,4,0.25
LMnL,3,8,11,0.27
LMnM,11,23,34,0.32
LMnN,20,26,46,0.43
LMnP,27,38,65,0.42
LMnS,20,29,49,0.41
LMnb,20,12,32,0.62
LMnh,1,1,2,0.5
LMnl,9,7,16,0.56
LMnm,20,23,43,0.47
LMnn,22,30,52,0.42
LMns,18,17,35,0.51
LMsB,9,4,13,0.69
LMsH,8,8,16,0.5
LMsI,4,1,5,0.8
LMsL,2,2,4,0.5
LMsM,4,14,18,0.22
LMsN,10,13,23,0.43
LMsP,13,8,21,0.62
LMsS,10,11,21,0.48
LMsb,11,14,25,0.44
LMsh,2,2,4,0.5
LMsl,3,4,7,0.43
LMsm,8,4,12,0.67
LMsn,12,8,20,0.6
LMss,9,7,16,0.56
LMst,1,0,1,1.0
LMtB,2,1,3,0.67
LMtH,3,2,5,0.6
LMtL,1,1,2,0.5
LMtM,2,1,3,0.67
LMtN,2,3,5,0.4
LMtP,2,2,4,0.5
LMtS,1,3,4,0.25
LMtb,1,1,2,0.5
LMtl,1,0,1,1.0
LMtm,3,0,3,1.0
LMtn,3,2,5,0.6
LMts,1,2,3,0.33
LMtt,0,1,1,0.0
LNBB,13,20,33,0.39
LNBD,2,2,4,0.5
LNBH,2,0,2,1.0
LNBL,6,5,11,0.55
LNBM,13,15,28,0.46
LNBN,13,17,30,0.43
LNBP,13,18,31,0.42
LNBS,7,7,14,0.5
LNBb,12,16,28,0.43
LNBh,1,2,3,0.33
LNBj,6,5,11,0.55
LNBl,4,7,11,0.36
LNBm,19,14,33,0.58
LNBn,25,24,49,0.51
LNBs,6,9,15,0.4
LNBt,3,3,6,0.5
LNDB,3,1,4,0.75
LNDH,3,1,4,0.75
LNDL,2,1,3,0.67
LNDM,1,3,4,0.25
LNDN,1,2,3,0.33
LNDP,1,5,6,0.17
LNDS,1,1,2,0.5
LNDb,1,0,1,1.0
LNDl,1,0,1,1.0
LNDm,3,1,4,0.75
LNDn,3,1,4,0.75
LNDs,1,2,3,0.33
LNHB,3,1,4,0.75
LNHD,0,1,1,0.0
LNHH,0,1,1,0.0
LNHI,1,0,1,1.0
LNHL,0,0,0,
LNHM,3,4,7,0.43
LNHN,3,2,5,0.6
LNHP,2,3,5,0.4
LNHS,2,0,2,1.0
LNHb,3,2,5,0.6
LNHh,1,1,2,0.5
LNHl,1,1,2,0.5
LNHm,7,2,9,0.78
LNHn,3,4,7,0.43
LNHs,3,9,12,0.25
LNIB,0,1,1,0.0
LNIH,0,1,1,0.0
LNIM,0,2,2,0.0
LNIN,0,1,1,0.0
LNIP,0,1,1,0.0
LNIb,1,0,1,1.0
LNIh,1,0,1,1.0
LNIm,0,1,1,0.0
LNKB,0,1,1,0.0
LNKD,0,0,0,
LNKL,1,0,1,1.0
LNKM,2,0,2,1.0
LNKN,2,0,2,1.0
LNKP,0,1,1,0.0
LNKS,0,0,0,
LNKb,1,0,1,1.0
LNKl,1,0,1,1.0
LNKm,3,1,4,0.75
LNKn,0,0,0,
LNKs,2,1,3,0.67
LNLB,7,8,15,0.47
LNLD,0,1,1,0.0
LNLK,0,0,0,
LNLL,1,1,2,0.5
LNLM,3,4,7,0.43
LNLN,9,2,11,0.82
LNLP,3,8,11,0.27
LNLS,3,0,3,1.0
LNLb,2,5,7,0.29
LNLh,1,3,4,0.25
LNLj,1,0,1,1.0
LNLl,1,0,1,1.0
LNLm,6,6,12,0.5
LNLn,7,2,9,0.78
LNLs,3,4,7,0.43
LNLt,1,0,1,1.0
LNMB,16,19,35,0.46
LNMD,1,3,4,0.25
LNMH,0,1,1,0.0
LNML,3,4,7,0.43
LNMM,11,15,26,0.42
LNMN,10,22,32,0.31
LNMP,18,18,36,0.5
LNMS,7,5,12,0.58
LNMb,18,15,33,0.55
LNMh,10,6,16,0.62
LNMj,2,5,7,0.29
LNMl,3,6,9,0.33
LNMm,22,15,37,0.59
LNMn,14,23,37,0.38
LNMs,7,11,18,0.39
LNNB,17,20,37,0.46
LNND,4,3,7,0.57
LNNH,1,5,6,0.17
LNNI,2,1,3,0.67
LNNK,0,1,1,0.0
LNNL,8,7,15,0.53
LNNM,15,19,34,0.44
LNNN,26,25,51,0.51
LNNP,23,31,54,0.43
LNNS,6,15,21,0.29
LNNb,13,18,31,0.42
LNNh,8,6,14,0.57
LNNl,4,7,11,0.36
LNNm,20,18,38,0.53
LNNn,19,27,46,0.41
LNNs,16,18,34,0.47
LNNt,3,3,6,0.5
LNPB,19,23,42,0.45
LNPD,2,4,6,0.33
LNPH,5,10,15,0.33
LNPI,2,3,5,0.4
LNPK,4,6,10,0.4
LNPL,8,8,16,0.5
LNPM,21,21,42,0.5
LNPN,20,23,43,0.47
LNPP,22,29,51,0.43
LNPS,11,14,25,0.44
LNPb,19,14,33,0.58
LNPh,3,2,5,0.6
LNPl,8,3,11,0.73
LNPm,33,23,56,0.59
LNPn,22,15,37,0.59
LNPs,24,19,43,0.56
LNPt,0,3,3,0.0
LNSB,7,9,16,0.44
LNSD,0,1,1,0.0
LNSH,0,4,4,0.0
LNSL,4,3,7,0.57
LNSM,7,11,18,0.39
LNSN,13,11,24,0.54
LNSP,9,10,19,0.47
LNSS,17,22,39,0.44
LNSb,7,4,11,0.64
LNSh,5,11,16,0.31
LNSl,6,8,14,0.43
LNSm,17,16,33,0.52
LNSn,14,16,30,0.47
LNSs,16,11,27,0.59
LNSt,4,2,6,0.67
LNbB,11,8,19,0.58
LNbD,0,3,3,0.0
LNbH,1,9,10,0.1
LNbI,1,1,2,0.5
LNbJ,6,6,12,0.5
LNbK,0,3,3,0.0
LNbL,8,3,11,0.73
LNbM,11,13,24,0.46
LNbN,16,21,37,0.43
LNbP,23,12,35,0.66
LNbS,6,4,10,0.6
LNbb,8,17,25,0.32
LNbl,7,3,10,0.7
LNbm,21,16,37,0.57
LNbn,16,15,31,0.52
LNbs,8,9,17,0.47
LNhB,4,5,9,0.44
LNhD,1,0,1,1.0
LNhH,2,1,3,0.67
LNhI,0,1,1,0.0
LNhL,2,4,6,0.33
LNhM,6,6,12,0.5
LNhN,2,4,6,0.33
LNhP,5,3,8,0.62
LNhS,2,8,10,0.2
LNhb,4,4,8,0.5
LNhh,1,1,2,0.5
LNhl,3,1,4,0.75
LNhm,4,6,10,0.4
LNhn,10,5,15,0.67
LNhs,8,5,13,0.62
LNht,0,1,1,0.0
LNlB,1,2,3,0.33
LNlD,2,0,2,1.0
LNlH,5,3,8,0.62
LNlJ,3,4,7,0.43
LNlK,1,0,1,1.0
LNlL,0,2,2,0.0
LNlM,5,4,9,0.56
LNlN,8,5,13,0.62
LNlP,2,7,9,0.22
LNlS,5,4,9,0.56
LNlb,5,3,8,0.62
LNll,7,2,9,0.78
LNlm,9,7,16,0.56
LNln,9,10,19,0.47
LNls,13,5,18,0.72
LNmB,11,16,27,0.41
LNmD,6,1,7,0.86
LNmH,15,17,32,0.47
LNmI,4,2,6,0.67
LNmJ,4,7,11,0.36
LNmL,5,3,8,0.62
LNmM,21,24,45,0.47
LNmN,26,22,48,0.54
LNmP,18,25,43,0.42
LNmS,18,16,34,0.53
LNmb,8,18,26,0.31
LNml,3,6,9,0.33
LNmm,27,10,37,0.73
LNmn,18,15,33,0.55
LNms,8,8,16,0.5
LNnB,18,18,36,0.5
LNnD,4,4,8,0.5
LNnH,11,13,24,0.46
LNnI,3,1,4,0.75
LNnK,2,3,5,0.4
LNnL,4,8,12,0.33
LNnM,24,17,41,0.59
LNnN,17,27,44,0.39
LNnP,20,29,49,0.41
LNnS,12,24,36,0.33
LNnb,15,14,29,0.52
LNnh,1,1,2,0.5
LNnl,8,3,11,0.73
LNnm,24,15,39,0.62
LNnn,20,20,40,0.5
LNns,13,18,31,0.42
LNnt,0,1,1,0.0
LNsB,8,4,12,0.67
LNsD,2,2,4,0.5
LNsH,10,16,26,0.38
LNsI,1,1,2,0.5
LNsL,6,6,12,0.5
LNsM,7,13,20,0.35
LNsN,15,12,27,0.56
LNsP,20,16,36,0.56
LNsS,15,7,22,0.68
LNsb,10,6,16,0.62
LNsh,1,0,1,1.0
LNsl,3,4,7,0.43
LNsm,14,18,32,0.44
LNsn,10,9,19,0.53
LNss,15,10,25,0.6
LNst,1,0,1,1.0
LNtB,0,1,1,0.0
LNtD,1,1,2,0.5
LNtH,1,1,2,0.5
LNtK,1,0,1,1.0
LNtL,1,2,3,0.33
LNtM,3,3,6,0.5
LNtN,2,1,3,0.67
LNtP,3,3,6,0.5
LNtS,2,3,5,0.4
LNtb,3,2,5,0.6
LNtl,2,1,3,0.67
LNtm,4,4,8,0.5
LNtn,3,3,6,0.5
LNts,1,1,2,0.5
LPBB,23,20,43,0.53
LPBD,3,2,5,0.6
LPBK,0,2,2,0.0
LPBL,6,7,13,0.46
LPBM,13,22,35,0.37
LPBN,17,13,30,0.57
LPBP,16,29,45,0.36
LPBS,10,11,21,0.48
LPBb,12,23,35,0.34
LPBh,0,3,3,0.0
LPBj,4,2,6,0.67
LPBl,11,8,19,0.58
LPBm,27,13,40,0.68
LPBn,20,22,42,0.48
LPBs,11,10,21,0.52
LPBt,3,3,6,0.5
LPDB,2,3,5,0.4
LPDH,1,4,5,0.2
LPDL,1,3,4,0.25
LPDM,2,5,7,0.29
LPDN,0,5,5,0.0
LPDP,1,5,6,0.17
LPDS,3,1,4,0.75
LPDb,1,3,4,0.25
LPDl,1,3,4,0.25
LPDm,4,2,6,0.67
LPDn,2,0,2,1.0
LPDs,1,3,4,0.25
LPDt,1,0,1,1.0
LPHB,1,2,3,0.33
LPHH,1,0,1,1.0
LPHI,1,1,2,0.5
LPHL,2,3,5,0.4
LPHM,3,6,9,0.33
LPHN,6,4,10,0.6
LPHP,5,0,5,1.0
LPHS,6,2,8,0.75
LPHb,3,2,5,0.6
LPHh,1,0,1,1.0
LPHl,2,2,4,0.5
LPHm,4,8,12,0.33
LPHn,10,2,12,0.83
LPHs,11,4,15,0.73
LPIB,0,5,5,0.0
LPID,0,1,1,0.0
LPIH,1,5,6,0.17
LPII,1,0,1,1.0
LPIL,1,1,2,0.5
LPIM,0,4,4,0.0
LPIN,1,3,4,0.25
LPIP,0,2,2,0.0
LPIS,4,3,7,0.57
LPIb,2,0,2,1.0
LPIh,1,0,1,1.0
LPIl,3,0,3,1.0
LPIm,6,3,9,0.67
LPIn,0,4,4,0.0
LPIs,1,2,3,0.33
LPKB,2,0,2,1.0
LPKD,1,0,1,1.0
LPKL,1,1,2,0.5
LPKM,2,5,7,0.29
LPKN,0,2,2,0.0
LPKP,2,2,4,0.5
LPKS,3,2,5,0.6
LPKb,2,1,3,0.67
LPKh,1,1,2,0.5
LPKl,1,1,2,0.5
LPKm,7,5,12,0.58
LPKn,3,0,3,1.0
LPKs,3,2,5,0.6
LPLB,11,11,22,0.5
LPLD,2,1,3,0.67
LPLH,0,0,0,
LPLK,1,1,2,0.5
LPLL,3,6,9,0.33
LPLM,6,12,18,0.33
LPLN,9,7,16,0.56
LPLP,12,6,18,0.67
LPLS,5,3,8,0.62
LPLb,2,10,12,0.17
LPLh,4,4,8,0.5
LPLj,1,5,6,0.17
LPLl,5,2,7,0.71
LPLm,15,13,28,0.54
LPLn,5,7,12,0.42
LPLs,2,4,6,0.33
LPLt,0,1,1,0.0
LPMB,27,23,50,0.54
LPMD,2,4,6,0.33
LPMH,1,0,1,1.0
LPMK,0,1,1,0.0
LPML,7,4,11,0.64
LPMM,17,16,33,0.52
LPMN,15,25,40,0.38
LPMP,19,20,39,0.49
LPMS,10,10,20,0.5
LPMb,21,12,33,0.64
LPMh,11,13,24,0.46
LPMj,2,5,7,0.29
LPMl,8,7,15,0.53
LPMm,24,26,50,0.48
LPMn,22,25,47,0.47
LPMs,9,8,17,0.53
LPMt,3,2,5,0.6
LPNB,15,24,39,0.38
LPND,2,0,2,1.0
LPNH,0,2,2,0.0
LPNK,6,1,7,0.86
LPNL,5,10,15,0.33
LPNM,19,12,31,0.61
LPNN,21,23,44,0.48
LPNP,24,22,46,0.52
LPNS,20,12,32,0.62
LPNb,7,12,19,0.37
LPNh,2,4,6,0.33
LPNl,11,8,19,0.58
LPNm,21,15,36,0.58
LPNn,28,19,47,0.6
LPNs,11,9,20,0.55
LPNt,2,4,6,0.33
LPPB,30,27,57,0.53
LPPD,2,2,4,0.5
LPPH,2,14,16,0.12
LPPI,9,1,10,0.9
LPPK,4,0,4,1.0
LPPL,15,9,24,0.62
LPPM,23,24,47,0.49
LPPN,18,21,39,0.46
LPPP,35,42,77,0.45
LPPS,19,28,47,0.4
LPPb,18,21,39,0.46
LPPh,4,3,7,0.57
LPPl,16,19,35,0.46
LPPm,35,35,70,0.5
LPPn,26,23,49,0.53
LPPs,24,24,48,0.5
LPPt,3,0,3,1.0
LPSB,14,14,28,0.5
LPSD,2,2,4,0.5
LPSH,5,6,11,0.45
LPSI,1,1,2,0.5
LPSK,0,1,1,0.0
LPSL,6,8,14,0.43
LPSM,17,13,30,0.57
LPSN,14,9,23,0.61
LPSP,14,19,33,0.42
LPSS,13,19,32,0.41
LPSb,14,15,29,0.48
LPSh,6,9,15,0.4
LPSl,5,2,7,0.71
LPSm,25,12,37,0.68
LPSn,22,21,43,0.51
LPSs,19,12,31,0.61
LPSt,3,1,4,0.75
LPbB,19,18,37,0.51
LPbD,5,1,6,0.83
LPbH,4,6,10,0.4
LPbI,3,1,4,0.75
LPbJ,6,8,14,0.43
LPbK,3,3,6,0.5
LPbL,5,7,12,0.42
LPbM,15,28,43,0.35
LPbN,24,20,44,0.55
LPbP,18,21,39,0.46
LPbS,10,13,23,0.43
LPbb,25,10,35,0.71
LPbl,2,7,9,0.22
LPbm,20,16,36,0.56
LPbn,22,15,37,0.59
LPbs,8,7,15,0.53
LPhB,2,1,3,0.67
LPhH,0,1,1,0.0
LPhL,0,1,1,0.0
LPhM,0,5,5,0.0
LPhN,0,3,3,0.0
LPhP,5,3,8,0.62
LPhS,0,2,2,0.0
LPhb,3,1,4,0.75
LPhh,2,3,5,0.4
LPhl,2,1,3,0.67
LPhm,1,1,2,0.5
LPhn,1,0,1,1.0
LPhs,3,1,4,0.75
LPht,0,1,1,0.0
LPlB,6,4,10,0.6
LPlD,1,1,2,0.5
LPlH,3,5,8,0.38
LPlI,3,0,3,1.0
LPlJ,1,0,1,1.0
LPlL,3,5,8,0.38
LPlM,10,9,19,0.53
LPlN,8,7,15,0.53
LPlP,13,16,29,0.45
LPlS,7,5,12,0.58
LPlb,7,9,16,0.44
LPll,4,3,7,0.57
LPlm,6,3,9,0.67
LPln,8,6,14,0.57
LPls,10,8,18,0.56
LPmB,21,17,38,0.55
LPmD,2,3,5,0.4
LPmH,15,12,27,0.56
LPmI,1,2,3,0.33
LPmJ,6,2,8,0.75
LPmL,11,3,14,0.79
LPmM,22,21,43,0.51
LPmN,28,21,49,0.57
LPmP,30,26,56,0.54
LPmS,19,28,47,0.4
LPmb,20,18,38,0.53
LPmh,1,1,2,0.5
LPml,5,7,12,0.42
LPmm,26,20,46,0.57
LPmn,24,9,33,0.73
LPms,18,18,36,0.5
LPnB,12,16,28,0.43
LPnD,2,2,4,0.5
LPnH,11,9,20,0.55
LPnI,0,5,5,0.0
LPnK,0,1,1,0.0
LPnL,6,2,8,0.75
LPnM,15,33,48,0.31
LPnN,25,25,50,0.5
LPnP,33,27,60,0.55
LPnS,17,19,36,0.47
LPnb,16,8,24,0.67
LPnh,0,2,2,0.0
LPnl,11,3,14,0.79
LPnm,18,22,40,0.45
LPnn,19,23,42,0.45
LPns,18,22,40,0.45
LPnt,1,1,2,0.5
LPsB,7,14,21,0.33
LPsD,5,3,8,0.62
LPsH,11,8,19,0.58
LPsI,4,3,7,0.57
LPsL,5,10,15,0.33
LPsM,10,20,30,0.33
LPsN,15,18,33,0.45
LPsP,20,18,38,0.53
LPsS,21,18,39,0.54
LPsb,7,11,18,0.39
LPsh,2,2,4,0.5
LPsl,7,5,12,0.58
LPsm,11,14,25,0.44
LPsn,17,8,25,0.68
LPss,16,9,25,0.64
LPst,2,0,2,1.0
LPtB,2,1,3,0.67
LPtD,1,0,1,1.0
LPtH,1,1,2,0.5
LPtL,0,1,1,0.0
LPtM,3,3,6,0.5
LPtN,2,3,5,0.4
LPtP,6,1,7,0.86
LPtS,4,1,5,0.8
LPtb,2,0,2,1.0
LPth,0,1,1,0.0
LPtl,0,1,1,0.0
LPtm,1,2,3,0.33
LPtn,1,2,3,0.33
LPts,2,1,3,0.67
LPtt,0,2,2,0.0
LSBB,7,19,26,0.27
LSBD,2,1,3,0.67
LSBK,1,1,2,0.5
LSBL,5,3,8,0.62
LSBM,9,14,23,0.39
LSBN,13,11,24,0.54
LSBP,7,12,19,0.37
LSBS,5,3,8,0.62
LSBb,14,9,23,0.61
LSBh,2,0,2,1.0
LSBj,3,0,3,1.0
LSBl,6,3,9,0.67
LSBm,17,4,21,0.81
LSBn,10,10,20,0.5
LSBs,3,10,13,0.23
LSBt,1,0,1,1.0
LSDB,1,1,2,0.5
LSDD,1,0,1,1.0
LSDH,1,2,3,0.33
LSDL,1,1,2,0.5
LSDM,4,1,5,0.8
LSDN,0,1,1,0.0
LSDP,2,1,3,0.67
LSDS,0,4,4,0.0
LSDb,2,3,5,0.4
LSDm,3,0,3,1.0
LSDn,1,4,5,0.2
LSDs,4,0,4,1.0
LSHB,1,7,8,0.12
LSHD,1,0,1,1.0
LSHH,0,2,2,0.0
LSHI,2,0,2,1.0
LSHL,1,2,3,0.33
LSHM,2,7,9,0.22
LSHN,4,6,10,0.4
LSHP,6,5,11,0.55
LSHS,5,3,8,0.62
LSHb,2,3,5,0.4
LSHh,1,6,7,0.14
LSHl,5,3,8,0.62
LSHm,6,4,10,0.6
LSHn,2,3,5,0.4
LSHs,7,3,10,0.7
LSIB,1,0,1,1.0
LSIH,0,0,0,
LSII,0,1,1,0.0
LSIL,1,1,2,0.5
LSIM,1,0,1,1.0
LSIN,1,0,1,1.0
LSIP,2,1,3,0.67
LSIS,0,1,1,0.0
LSIb,1,2,3,0.33
LSIh,0,1,1,0.0
LSIm,1,2,3,0.33
LSIn,0,0,0,
LSIs,0,1,1,0.0
LSIt,0,0,0,
LSKB,2,0,2,1.0
LSKI,1,0,1,1.0
LSKL,1,0,1,1.0
LSKM,0,0,0,
LSKP,0,1,1,0.0
LSKS,0,1,1,0.0
LSKh,1,1,2,0.5
LSKm,2,1,3,0.67
LSKs,2,0,2,1.0
LSKt,0,1,1,0.0
LSLB,2,4,6,0.33
LSLD,1,1,2,0.5
LSLL,2,1,3,0.67
LSLM,1,7,8,0.12
LSLN,7,5,12,0.58
LSLP,5,5,10,0.5
LSLS,1,1,2,0.5
LSLb,3,6,9,0.33
LSLj,1,3,4,0.25
LSLl,1,0,1,1.0
LSLm,8,7,15,0.53
LSLn,2,7,9,0.22
LSLs,3,3,6,0.5
LSLt,0,1,1,0.0
LSMB,19,10,29,0.66
LSMD,2,2,4,0.5
LSML,3,9,12,0.25
LSMM,8,17,25,0.32
LSMN,4,15,19,0.21
LSMP,14,10,24,0.58
LSMS,9,16,25,0.36
LSMb,13,13,26,0.5
LSMh,3,7,10,0.3
LSMj,0,2,2,0.0
LSMl,8,3,11,0.73
LSMm,16,20,36,0.44
LSMn,13,24,37,0.35
LSMs,11,6,17,0.65
LSMt,3,1,4,0.75
LSNB,10,4,14,0.71
LSND,0,1,1,0.0
LSNH,0,3,3,0.0
LSNK,0,1,1,0.0
LSNL,1,2,3,0.33
LSNM,5,12,17,0.29
LSNN,12,13,25,0.48
LSNP,7,16,23,0.3
LSNS,12,7,19,0.63
LSNb,7,4,11,0.64
LSNh,1,7,8,0.12
LSNl,3,6,9,0.33
LSNm,12,10,22,0.55
LSNn,15,14,29,0.52
LSNs,8,6,14,0.57
LSNt,3,2,5,0.6
LSPB,7,10,17,0.41
LSPD,3,3,6,0.5
LSPH,7,6,13,0.54
LSPI,1,0,1,1.0
LSPL,5,10,15,0.33
LSPM,13,13,26,0.5
LSPN,14,7,21,0.67
LSPP,19,16,35,0.54
LSPS,11,19,30,0.37
LSPb,14,8,22,0.64
LSPh,1,2,3,0.33
LSPl,7,4,11,0.64
LSPm,18,14,32,0.56
LSPn,11,7,18,0.61
LSPs,17,7,24,0.71
LSPt,2,1,3,0.67
LSSB,14,10,24,0.58
LSSD,2,2,4,0.5
LSSH,8,11,19,0.42
LSSI,1,1,2,0.5
LSSL,3,9,12,0.25
LSSM,23,8,31,0.74
LSSN,10,7,17,0.59
LSSP,17,15,32,0.53
LSSS,17,22,39,0.44
LSSb,10,12,22,0.45
LSSh,3,10,13,0.23
LSSl,9,3,12,0.75
LSSm,22,15,37,0.59
LSSn,9,11,20,0.45
LSSs,16,25,41,0.39
LSSt,3,3,6,0.5
LSbB,5,9,14,0.36
LSbD,0,1,1,0.0
LSbH,1,2,3,0.33
LSbI,1,0,1,1.0
LSbJ,2,1,3,0.67
LSbK,2,0,2,1.0
LSbL,2,6,8,0.25
LSbM,8,11,19,0.42
LSbN,9,8,17,0.53
LSbP,8,7,15,0.53
LSbS,9,16,25,0.36
LSbb,8,8,16,0.5
LSbl,2,4,6,0.33
LSbm,11,8,19,0.58
LSbn,4,12,16,0.25
LSbs,2,9,11,0.18
LShB,5,3,8,0.62
LShD,0,1,1,0.0
LShH,0,5,5,0.0
LShI,1,0,1,1.0
LShL,3,2,5,0.6
LShM,5,8,13,0.38
LShN,5,8,13,0.38
LShP,4,5,9,0.44
LShS,7,7,14,0.5
LShb,6,7,13,0.46
LShh,6,8,14,0.43
LShl,1,2,3,0.33
LShm,4,3,7,0.57
LShn,8,3,11,0.73
LShs,10,2,12,0.83
LSht,1,1,2,0.5
LSlB,1,5,6,0.17
LSlD,1,1,2,0.5
LSlH,7,0,7,1.0
LSlI,1,0,1,1.0
LSlJ,2,1,3,0.67
LSlK,1,0,1,1.0
LSlL,0,4,4,0.0
LSlM,1,6,7,0.14
LSlN,7,9,16,0.44
LSlP,5,6,11,0.45
LSlS,7,0,7,1.0
LSlb,3,5,8,0.38
LSlh,0,1,1,0.0
LSll,3,1,4,0.75
LSlm,4,6,10,0.4
LSln,4,2,6,0.67
LSls,2,1,3,0.67
LSmB,12,8,20,0.6
LSmD,4,6,10,0.4
LSmH,12,13,25,0.48
LSmI,1,0,1,1.0
LSmJ,4,2,6,0.67
LSmL,3,2,5,0.6
LSmM,19,18,37,0.51
LSmN,21,12,33,0.64
LSmP,15,12,27,0.56
LSmS,17,16,33,0.52
LSmb,16,5,21,0.76
LSml,3,6,9,0.33
LSmm,18,16,34,0.53
LSmn,11,8,19,0.58
LSms,8,11,19,0.42
LSnB,10,12,22,0.45
LSnD,2,0,2,1.0
LSnH,7,7,14,0.5
LSnI,5,0,5,1.0
LSnK,2,3,5,0.4
LSnL,6,4,10,0.6
LSnM,14,13,27,0.52
LSnN,18,13,31,0.58
LSnP,13,15,28,0.46
LSnS,8,10,18,0.44
LSnb,12,6,18,0.67
LSnl,3,2,5,0.6
LSnm,11,9,20,0.55
LSnn,13,15,28,0.46
LSns,6,14,20,0.3
LSsB,12,5,17,0.71
LSsD,0,3,3,0.0
LSsH,15,12,27,0.56
LSsI,5,3,8,0.62
LSsL,6,6,12,0.5
LSsM,12,12,24,0.5
LSsN,12,4,16,0.75
LSsP,17,14,31,0.55
LSsS,22,23,45,0.49
LSsb,13,8,21,0.62
LSsh,2,5,7,0.29
LSsl,5,8,13,0.38
LSsm,15,14,29,0.52
LSsn,11,17,28,0.39
LSss,15,11,26,0.58
LSst,0,1,1,0.0
LStB,3,5,8,0.38
LStD,2,0,2,1.0
LStH,0,0,0,
LStL,0,1,1,0.0
LStM,3,3,6,0.5
LStN,1,2,3,0.33
LStP,1,1,2,0.5
LStS,2,5,7,0.29
LStb,4,4,8,0.5
LStl,1,0,1,1.0
LStm,1,3,4,0.25
LStn,1,1,2,0.5
LSts,3,3,6,0.5
LStt,1,0,1,1.0
LbBB,12,14,26,0.46
LbBD,2,2,4,0.5
LbBH,1,0,1,1.0
LbBK,2,0,2,1.0
LbBL,3,3,6,0.5
LbBM,10,14,24,0.42
LbBN,10,20,30,0.33
LbBP,14,19,33,0.42
LbBS,3,8,11,0.27
LbBb,14,11,25,0.56
LbBh,2,0,2,1.0
LbBj,4,2,6,0.67
LbBl,6,4,10,0.6
LbBm,9,14,23,0.39
LbBn,16,14,30,0.53
LbBs,4,7,11,0.36
LbBt,2,1,3,0.67
LbDB,1,2,3,0.33
LbDD,0,1,1,0.0
LbDH,0,2,2,0.0
LbDI,0,1,1,0.0
LbDM,2,3,5,0.4
LbDN,0,1,1,0.0
LbDP,0,2,2,0.0
LbDS,3,2,5,0.6
LbDb,0,1,1,0.0
LbDh,0,0,0,
LbDm,1,2,3,0.33
LbDn,1,2,3,0.33
LbDs,1,3,4,0.25
LbHB,2,4,6,0.33
LbHD,1,1,2,0.5
LbHH,2,0,2,1.0
LbHI,0,2,2,0.0
LbHL,1,4,5,0.2
LbHM,2,6,8,0.25
LbHN,5,10,15,0.33
LbHP,5,7,12,0.42
LbHS,2,2,4,0.5
LbHb,5,4,9,0.56
LbHh,2,3,5,0.4
LbHl,1,0,1,1.0
LbHm,3,2,5,0.6
LbHn,6,5,11,0.55
LbHs,4,7,11,0.36
LbHt,2,0,2,1.0
LbIB,0,1,1,0.0
LbIH,1,2,3,0.33
LbII,0,1,1,0.0
LbIL,0,1,1,0.0
LbIM,1,7,8,0.12
LbIN,3,1,4,0.75
LbIP,2,0,2,1.0
LbIS,0,1,1,0.0
LbIb,0,3,3,0.0
LbIl,0,1,1,0.0
LbIm,3,0,3,1.0
LbIn,2,0,2,1.0
LbIs,3,1,4,0.75
LbJB,3,5,8,0.38
LbJH,1,2,3,0.33
LbJI,0,1,1,0.0
LbJK,0,1,1,0.0
LbJL,2,1,3,0.67
LbJM,5,8,13,0.38
LbJN,2,3,5,0.4
LbJP,5,9,14,0.36
LbJS,5,3,8,0.62
LbJb,3,4,7,0.43
LbJh,1,2,3,0.33
LbJl,1,1,2,0.5
LbJm,8,2,10,0.8
LbJn,4,3,7,0.57
LbJs,4,1,5,0.8
LbKB,0,0,0,
LbKD,1,0,1,1.0
LbKH,0,1,1,0.0
LbKL,0,1,1,0.0
LbKM,2,1,3,0.67
LbKN,0,1,1,0.0
LbKP,2,1,3,0.67
LbKS,2,0,2,1.0
LbKb,1,2,3,0.33
LbKh,2,2,4,0.5
LbKl,1,0,1,1.0
LbKm,1,4,5,0.2
LbKn,1,3,4,0.25
LbKs,2,2,4,0.5
LbKt,1,0,1,1.0
LbLB,4,6,10,0.4
LbLD,1,2,3,0.33
LbLH,0,1,1,0.0
LbLK,1,0,1,1.0
LbLL,1,2,3,0.33
LbLM,8,4,12,0.67
LbLN,8,2,10,0.8
LbLP,3,12,15,0.2
LbLS,1,4,5,0.2
LbLb,3,1,4,0.75
LbLh,2,1,3,0.67
LbLj,0,2,2,0.0
LbLl,3,3,6,0.5
LbLm,4,3,7,0.57
LbLn,9,6,15,0.6
LbLs,1,4,5,0.2
LbLt,0,0,0,
LbMB,16,14,30,0.53
LbMD,0,4,4,0.0
LbML,5,5,10,0.5
LbMM,11,10,21,0.52
LbMN,11,16,27,0.41
LbMP,10,18,28,0.36
LbMS,7,8,15,0.47
LbMb,10,7,17,0.59
LbMh,7,10,17,0.41
LbMj,4,0,4,1.0
LbMl,4,3,7,0.57
LbMm,18,15,33,0.55
LbMn,20,26,46,0.43
LbMs,7,16,23,0.3
LbMt,1,3,4,0.25
LbNB,15,13,28,0.54
LbND,3,0,3,1.0
LbNH,1,3,4,0.25
LbNK,1,1,2,0.5
LbNL,3,5,8,0.38
LbNM,10,24,34,0.29
LbNN,13,23,36,0.36
LbNP,21,41,62,0.34
LbNS,19,16,35,0.54
LbNb,13,24,37,0.35
LbNh,6,11,17,0.35
LbNl,7,8,15,0.47
LbNm,17,15,32,0.53
LbNn,20,16,36,0.56
LbNs,17,10,27,0.63
LbNt,4,0,4,1.0
LbPB,13,15,28,0.46
LbPD,2,2,4,0.5
LbPH,7,2,9,0.78
LbPI,1,2,3,0.33
LbPK,1,1,2,0.5
LbPL,7,4,11,0.64
LbPM,17,22,39,0.44
LbPN,13,18,31,0.42
LbPP,26,21,47,0.55
LbPS,14,10,24,0.58
LbPb,14,14,28,0.5
LbPh,2,4,6,0.33
LbPl,11,8,19,0.58
LbPm,13,15,28,0.46
LbPn,10,11,21,0.48
LbPs,7,14,21,0.33
LbPt,9,1,10,0.9
LbSB,9,11,20,0.45
LbSD,0,0,0,
LbSH,3,14,17,0.18
LbSI,1,0,1,1.0
LbSK,0,2,2,0.0
LbSL,5,1,6,0.83
LbSM,14,7,21,0.67
LbSN,7,7,14,0.5
LbSP,5,8,13,0.38
LbSS,8,12,20,0.4
LbSb,6,7,13,0.46
LbSh,4,10,14,0.29
LbSl,2,1,3,0.67
LbSm,11,14,25,0.44
LbSn,14,17,31,0.45
LbSs,11,14,25,0.44
LbSt,0,4,4,0.0
LbbB,13,9,22,0.59
LbbD,1,0,1,1.0
LbbH,5,5,10,0.5
LbbI,2,3,5,0.4
LbbJ,1,3,4,0.25
LbbK,0,3,3,0.0
LbbL,7,4,11,0.64
LbbM,8,21,29,0.28
LbbN,18,21,39,0.46
LbbP,17,14,31,0.55
LbbS,9,11,20,0.45
Lbbb,7,21,28,0.25
Lbbl,3,4,7,0.43
Lbbm,13,8,21,0.62
Lbbn,7,7,14,0.5
Lbbs,6,10,16,0.38
LbhI,1,0,1,1.0
Lbhs,0,0,0,
LblB,9,1,10,0.9
LblD,0,0,0,
LblH,5,4,9,0.56
LblI,0,1,1,0.0
LblJ,2,2,4,0.5
LblK,1,0,1,1.0
LblL,2,4,6,0.33
LblM,7,5,12,0.58
LblN,9,6,15,0.6
LblP,12,3,15,0.8
LblS,4,2,6,0.67
Lblb,5,5,10,0.5
Lbll,3,1,4,0.75
Lblm,5,3,8,0.62
Lbln,6,2,8,0.75
Lbls,6,6,12,0.5
LbmB,12,13,25,0.48
LbmD,3,0,3,1.0
LbmH,12,14,26,0.46
LbmI,1,1,2,0.5
LbmJ,2,2,4,0.5
LbmL,7,9,16,0.44
LbmM,16,20,36,0.44
LbmN,20,20,40,0.5
LbmP,12,10,22,0.55
LbmS,11,11,22,0.5
Lbmb,17,13,30,0.57
Lbml,7,1,8,0.88
Lbmm,10,16,26,0.38
Lbmn,18,16,34,0.53
Lbms,14,4,18,0.78
LbnB,12,10,22,0.55
LbnD,3,5,8,0.38
LbnH,7,12,19,0.37
LbnI,2,1,3,0.67
LbnK,3,2,5,0.6
LbnL,6,5,11,0.55
LbnM,12,19,31,0.39
LbnN,23,24,47,0.49
LbnP,18,23,41,0.44
LbnS,9,14,23,0.39
Lbnb,15,11,26,0.58
Lbnh,0,1,1,0.0
Lbnl,3,2,5,0.6
Lbnm,11,12,23,0.48
Lbnn,14,9,23,0.61
Lbns,16,11,27,0.59
LbsB,5,4,9,0.56
LbsD,2,1,3,0.67
LbsH,12,8,20,0.6
LbsI,4,0,4,1.0
LbsL,3,1,4,0.75
LbsM,2,13,15,0.13
LbsN,9,15,24,0.38
LbsP,11,5,16,0.69
LbsS,9,7,16,0.56
Lbsb,6,6,12,0.5
Lbsh,1,2,3,0.33
Lbsl,5,1,6,0.83
Lbsm,9,9,18,0.5
Lbsn,6,2,8,0.75
Lbss,10,15,25,0.4
Lbst,1,2,3,0.33
LhBB,12,4,16,0.75
LhBD,0,1,1,0.0
LhBL,4,5,9,0.44
LhBM,6,8,14,0.43
LhBN,7,4,11,0.64
LhBP,1,5,6,0.17
LhBS,3,3,6,0.5
LhBb,10,2,12,0.83
LhBh,0,1,1,0.0
LhBj,1,1,2,0.5
LhBl,1,2,3,0.33
LhBm,10,4,14,0.71
LhBn,12,12,24,0.5
LhBs,2,5,7,0.29
LhBt,0,1,1,0.0
LhDB,1,0,1,1.0
LhDD,1,0,1,1.0
LhDH,1,2,3,0.33
LhDI,1,0,1,1.0
LhDL,1,0,1,1.0
LhDM,1,0,1,1.0
LhDN,0,2,2,0.0
LhDP,1,0,1,1.0
LhDS,2,1,3,0.67
LhDb,0,1,1,0.0
LhDh,0,1,1,0.0
LhDm,2,1,3,0.67
LhDn,0,1,1,0.0
LhDs,0,2,2,0.0
LhHB,2,1,3,0.67
LhHD,0,0,0,
LhHH,1,1,2,0.5
LhHM,2,1,3,0.67
LhHN,0,2,2,0.0
LhHP,3,2,5,0.6
LhHS,2,2,4,0.5
LhHb,1,1,2,0.5
LhHh,2,0,2,1.0
LhHm,3,1,4,0.75
LhHn,2,1,3,0.67
LhHs,1,2,3,0.33
LhIH,0,0,0,
LhIM,0,2,2,0.0
LhIP,1,0,1,1.0
LhIS,1,1,2,0.5
LhIb,2,0,2,1.0
LhIm,1,1,2,0.5
LhIs,2,2,4,0.5
LhKB,1,0,1,1.0
LhKM,1,0,1,1.0
LhKS,0,0,0,
LhKh,0,1,1,0.0
LhLB,2,1,3,0.67
LhLD,0,1,1,0.0
LhLL,0,1,1,0.0
LhLM,1,3,4,0.25
LhLN,4,1,5,0.8
LhLP,2,3,5,0.4
LhLS,2,1,3,0.67
LhLb,3,5,8,0.38
LhLh,1,2,3,0.33
LhLj,2,1,3,0.67
LhLl,2,0,2,1.0
LhLm,2,2,4,0.5
LhLn,4,2,6,0.67
LhLs,1,1,2,0.5
LhLt,0,1,1,0.0
LhMB,7,8,15,0.47
LhMD,1,1,2,0.5
LhMH,2,0,2,1.0
LhML,4,2,6,0.67
LhMM,5,4,9,0.56
LhMN,10,7,17,0.59
LhMP,7,10,17,0.41
LhMS,1,4,5,0.2
LhMb,8,4,12,0.67
LhMh,4,6,10,0.4
LhMj,3,1,4,0.75
LhMl,2,3,5,0.4
LhMm,10,7,17,0.59
LhMn,9,11,20,0.45
LhMs,2,5,7,0.29
LhNB,5,6,11,0.45
LhND,0,0,0,
LhNH,1,0,1,1.0
LhNI,0,1,1,0.0
LhNK,0,1,1,0.0
LhNL,1,2,3,0.33
LhNM,2,4,6,0.33
LhNN,4,8,12,0.33
LhNP,8,2,10,0.8
LhNS,7,5,12,0.58
LhNb,7,10,17,0.41
LhNh,0,3,3,0.0
LhNl,2,1,3,0.67
LhNm,6,1,7,0.86
LhNn,8,13,21,0.38
LhNs,3,9,12,0.25
LhNt,0,1,1,0.0
LhPB,2,11,13,0.15
LhPD,2,1,3,0.67
LhPH,4,5,9,0.44
LhPI,0,1,1,0.0
LhPK,1,1,2,0.5
LhPL,3,3,6,0.5
LhPM,7,13,20,0.35
LhPN,7,11,18,0.39
LhPP,9,18,27,0.33
LhPS,5,2,7,0.71
LhPb,5,6,11,0.45
LhPh,1,3,4,0.25
LhPl,3,0,3,1.0
LhPm,7,5,12,0.58
LhPn,7,7,14,0.5
LhPs,9,3,12,0.75
LhPt,1,1,2,0.5
LhSB,4,8,12,0.33
LhSH,2,5,7,0.29
LhSI,0,1,1,0.0
LhSL,1,2,3,0.33
LhSM,6,6,12,0.5
LhSN,5,8,13,0.38
LhSP,9,6,15,0.6
LhSS,9,3,12,0.75
LhSb,3,2,5,0.6
LhSh,3,1,4,0.75
LhSl,0,2,2,0.0
LhSm,9,6,15,0.6
LhSn,4,10,14,0.29
LhSs,10,4,14,0.71
LhSt,3,0,3,1.0
LhbB,3,5,8,0.38
LhbH,1,2,3,0.33
LhbJ,0,4,4,0.0
LhbK,2,1,3,0.67
LhbL,1,4,5,0.2
LhbM,10,4,14,0.71
LhbN,3,3,6,0.5
LhbP,7,4,11,0.64
LhbS,7,1,8,0.88
Lhbb,8,3,11,0.73
Lhbl,2,3,5,0.4
Lhbm,4,2,6,0.67
Lhbn,5,5,10,0.5
Lhbs,4,7,11,0.36
LhhB,8,2,10,0.8
LhhD,0,0,0,
LhhH,1,2,3,0.33
LhhK,0,1,1,0.0
LhhL,1,4,5,0.2
LhhM,6,3,9,0.67
LhhN,2,4,6,0.33
LhhP,4,9,13,0.31
LhhS,6,6,12,0.5
Lhhb,5,6,11,0.45
Lhhh,5,4,9,0.56
Lhhl,0,1,1,0.0
Lhhm,8,6,14,0.57
Lhhn,7,7,14,0.5
Lhhs,5,9,14,0.36
Lhht,0,1,1,0.0
LhlB,1,3,4,0.25
LhlH,2,1,3,0.67
LhlJ,1,0,1,1.0
LhlL,0,3,3,0.0
LhlM,6,2,8,0.75
LhlN,4,1,5,0.8
LhlP,2,2,4,0.5
LhlS,4,4,8,0.5
Lhlb,2,1,3,0.67
Lhll,1,0,1,1.0
Lhlm,2,0,2,1.0
Lhln,2,2,4,0.5
Lhls,1,1,2,0.5
LhmB,8,7,15,0.53
LhmD,1,3,4,0.25
LhmH,9,11,20,0.45
LhmI,1,0,1,1.0
LhmJ,1,1,2,0.5
LhmK,2,1,3,0.67
LhmL,2,2,4,0.5
LhmM,6,5,11,0.55
LhmN,16,8,24,0.67
LhmP,5,8,13,0.38
LhmS,2,6,8,0.25
Lhmb,8,5,13,0.62
Lhml,1,4,5,0.2
Lhmm,8,9,17,0.47
Lhmn,9,3,12,0.75
Lhms,11,5,16,0.69
LhnB,6,9,15,0.4
LhnD,2,1,3,0.67
LhnH,6,2,8,0.75
LhnI,0,1,1,0.0
LhnK,0,2,2,0.0
LhnL,5,2,7,0.71
LhnM,4,6,10,0.4
LhnN,11,9,20,0.55
LhnP,8,12,20,0.4
LhnS,7,9,16,0.44
Lhnb,3,7,10,0.3
Lhnl,2,3,5,0.4
Lhnm,5,6,11,0.45
Lhnn,4,11,15,0.27
Lhns,5,8,13,0.38
LhsB,6,8,14,0.43
LhsD,1,1,2,0.5
LhsH,4,4,8,0.5
LhsI,1,2,3,0.33
LhsL,3,0,3,1.0
LhsM,6,10,16,0.38
LhsN,3,2,5,0.6
LhsP,7,5,12,0.58
LhsS,8,11,19,0.42
Lhsb,3,4,7,0.43
Lhsh,2,2,4,0.5
Lhsl,1,3,4,0.25
Lhsm,6,6,12,0.5
Lhsn,3,7,10,0.3
Lhss,4,8,12,0.33
Lhst,2,0,2,1.0
LhtB,0,1,1,0.0
LhtL,1,0,1,1.0
LhtM,0,1,1,0.0
LhtN,0,2,2,0.0
LhtP,1,1,2,0.5
LhtS,1,3,4,0.25
Lhtb,0,1,1,0.0
Lhtl,1,0,1,1.0
Lhtm,1,1,2,0.5
Lhtn,0,1,1,0.0
Lhts,3,2,5,0.6
Lhtt,0,1,1,0.0
LjBB,3,4,7,0.43
LjBL,2,0,2,1.0
LjBM,3,4,7,0.43
LjBN,1,5,6,0.17
LjBP,5,2,7,0.71
LjBS,3,1,4,0.75
LjBb,1,4,5,0.2
LjBh,0,1,1,0.0
LjBj,1,0,1,1.0
LjBl,1,1,2,0.5
LjBm,9,2,11,0.82
LjBn,8,6,14,0.57
LjBs,2,3,5,0.4
LjDM,0,0,0,
LjDl,0,1,1,0.0
LjDm,1,0,1,1.0
LjDn,1,0,1,1.0
LjDs,0,0,0,
LjHB,2,0,2,1.0
LjHH,0,1,1,0.0
LjHI,0,1,1,0.0
LjHL,0,1,1,0.0
LjHP,2,2,4,0.5
LjHS,2,1,3,0.67
LjHb,0,1,1,0.0
LjHh,0,0,0,
LjHm,1,2,3,0.33
LjHn,0,1,1,0.0
LjHs,1,1,2,0.5
LjID,1,0,1,1.0
LjIH,0,1,1,0.0
LjIL,0,2,2,0.0
LjIP,1,1,2,0.5
LjIS,1,2,3,0.33
LjIb,1,1,2,0.5
LjIm,2,0,2,1.0
LjIn,0,1,1,0.0
LjIs,1,0,1,1.0
LjKM,1,0,1,1.0
LjKN,3,0,3,1.0
LjKS,1,0,1,1.0
LjKl,0,0,0,
LjKn,1,0,1,1.0
LjLB,0,3,3,0.0
LjLL,1,0,1,1.0
LjLM,1,1,2,0.5
LjLN,2,1,3,0.67
LjLP,4,4,8,0.5
LjLS,0,1,1,0.0
LjLb,0,1,1,0.0
LjLh,0,3,3,0.0
LjLj,1,0,1,1.0
LjLm,4,3,7,0.57
LjLn,1,1,2,0.5
LjLs,0,1,1,0.0
LjLt,0,1,1,0.0
LjMB,2,6,8,0.25
LjMD,2,2,4,0.5
LjML,1,1,2,0.5
LjMM,3,3,6,0.5
LjMN,1,6,7,0.14
LjMP,6,3,9,0.67
LjMS,1,2,3,0.33
LjMb,4,2,6,0.67
LjMh,1,1,2,0.5
LjMl,2,3,5,0.4
LjMm,5,5,10,0.5
LjMn,2,5,7,0.29
LjMs,1,2,3,0.33
LjNB,3,3,6,0.5
LjNL,2,1,3,0.67
LjNM,1,3,4,0.25
LjNN,6,2,8,0.75
LjNP,3,6,9,0.33
LjNS,3,4,7,0.43
LjNb,1,4,5,0.2
LjNh,1,1,2,0.5
LjNl,3,1,4,0.75
LjNm,6,6,12,0.5
LjNn,4,5,9,0.44
LjNs,3,1,4,0.75
LjNt,0,1,1,0.0
LjPB,2,1,3,0.67
LjPD,0,2,2,0.0
LjPH,1,2,3,0.33
LjPK,1,1,2,0.5
LjPL,2,5,7,0.29
LjPM,2,5,7,0.29
LjPN,5,9,14,0.36
LjPP,5,6,11,0.45
LjPS,2,5,7,0.29
LjPb,3,2,5,0.6
LjPh,0,0,0,
LjPl,1,0,1,1.0
LjPm,4,4,8,0.5
LjPn,8,3,11,0.73
LjPs,4,2,6,0.67
LjPt,0,1,1,0.0
LjSB,5,1,6,0.83
LjSH,1,2,3,0.33
LjSL,2,0,2,1.0
LjSM,2,1,3,0.67
LjSN,2,1,3,0.67
LjSP,3,3,6,0.5
LjSS,2,5,7,0.29
LjSb,1,2,3,0.33
LjSh,5,1,6,0.83
LjSl,1,0,1,1.0
LjSm,3,4,7,0.43
LjSn,0,1,1,0.0
LjSs,3,3,6,0.5
LjbB,3,1,4,0.75
LjbD,1,0,1,1.0
LjbH,0,3,3,0.0
LjbI,1,1,2,0.5
LjbJ,4,0,4,1.0
LjbK,0,1,1,0.0
LjbL,1,0,1,1.0
LjbM,3,5,8,0.38
LjbN,1,7,8,0.12
LjbP,4,3,7,0.57
LjbS,1,2,3,0.33
Ljbb,4,3,7,0.57
Ljbl,0,1,1,0.0
Ljbm,2,1,3,0.67
Ljbn,3,4,7,0.43
Ljbs,1,1,2,0.5
LjhM,1,0,1,1.0
LjhN,0,1,1,0.0
LjhP,0,2,2,0.0
Ljhb,1,0,1,1.0
Ljhh,1,0,1,1.0
Ljhl,0,1,1,0.0
Ljhm,3,2,5,0.6
Ljhn,2,1,3,0.67
Ljhs,1,0,1,1.0
LjlB,2,2,4,0.5
LjlD,0,1,1,0.0
LjlH,1,2,3,0.33
LjlI,0,0,0,
LjlL,2,0,2,1.0
LjlM,0,2,2,0.0
LjlN,3,2,5,0.6
LjlP,1,3,4,0.25
LjlS,1,1,2,0.5
Ljlb,0,1,1,0.0
Ljll,0,1,1,0.0
Ljlm,3,4,7,0.43
Ljln,0,1,1,0.0
Ljls,1,1,2,0.5
LjmB,2,5,7,0.29
LjmD,0,1,1,0.0
LjmH,4,1,5,0.8
LjmI,0,1,1,0.0
LjmJ,1,3,4,0.25
LjmL,4,4,8,0.5
LjmM,5,4,9,0.56
LjmN,3,4,7,0.43
LjmP,7,3,10,0.7
LjmS,0,4,4,0.0
Ljmb,4,5,9,0.44
Ljml,1,1,2,0.5
Ljmm,5,6,11,0.45
Ljmn,2,4,6,0.33
Ljms,3,0,3,1.0
LjnB,1,0,1,1.0
LjnD,1,0,1,1.0
LjnK,0,1,1,0.0
LjnL,1,2,3,0.33
LjnM,3,4,7,0.43
LjnN,2,6,8,0.25
LjnP,6,3,9,0.67
LjnS,2,6,8,0.25
Ljnb,6,3,9,0.67
Ljnl,3,2,5,0.6
Ljnm,4,5,9,0.44
Ljnn,4,3,7,0.57
Ljns,3,1,4,0.75
Ljnt,0,0,0,
LjsB,2,1,3,0.67
LjsH,2,3,5,0.4
LjsL,3,1,4,0.75
LjsM,3,4,7,0.43
LjsP,7,3,10,0.7
LjsS,7,9,16,0.44
Ljsb,3,3,6,0.5
Ljsh,0,1,1,0.0
Ljsl,1,1,2,0.5
Ljsm,3,2,5,0.6
Ljsn,2,2,4,0.5
Ljss,1,0,1,1.0
LjtK,0,1,1,0.0
LjtN,0,0,0,
LjtP,0,2,2,0.0
Ljtb,0,1,1,0.0
Ljtl,1,1,2,0.5
Ljtn,1,1,2,0.5
Ljts,1,1,2,0.5
LlBB,7,2,9,0.78
LlBD,0,0,0,
LlBL,1,2,3,0.33
LlBM,5,4,9,0.56
LlBN,6,3,9,0.67
LlBP,6,4,10,0.6
LlBS,2,5,7,0.29
LlBb,4,4,8,0.5
LlBh,1,3,4,0.25
LlBj,0,3,3,0.0
LlBl,1,1,2,0.5
LlBm,4,3,7,0.57
LlBn,8,10,18,0.44
LlBs,5,4,9,0.56
LlBt,3,0,3,1.0
LlDB,0,1,1,0.0
LlDD,1,0,1,1.0
LlDI,0,1,1,0.0
LlDM,0,2,2,0.0
LlDN,0,0,0,
LlDP,1,1,2,0.5
LlDS,1,1,2,0.5
LlDb,1,1,2,0.5
LlDl,3,0,3,1.0
LlDm,2,2,4,0.5
LlDs,1,1,2,0.5
LlHB,5,4,9,0.56
LlHD,2,0,2,1.0
LlHH,1,2,3,0.33
LlHI,1,2,3,0.33
LlHL,2,1,3,0.67
LlHM,5,9,14,0.36
LlHN,6,8,14,0.43
LlHP,8,5,13,0.62
LlHS,7,3,10,0.7
LlHb,4,1,5,0.8
LlHh,4,2,6,0.67
LlHm,8,6,14,0.57
LlHn,9,6,15,0.6
LlHs,5,1,6,0.83
LlHt,1,0,1,1.0
LlIB,1,0,1,1.0
LlIH,0,0,0,
LlIM,2,0,2,1.0
LlIN,1,1,2,0.5
LlIP,1,3,4,0.25
LlIS,1,0,1,1.0
LlIb,1,2,3,0.33
LlIm,1,0,1,1.0
LlIn,3,0,3,1.0
LlIt,1,0,1,1.0
LlJB,4,1,5,0.8
LlJH,0,1,1,0.0
LlJM,4,0,4,1.0
LlJN,3,0,3,1.0
LlJP,2,4,6,0.33
LlJS,1,1,2,0.5
LlJb,3,1,4,0.75
LlJm,4,3,7,0.57
LlJn,4,1,5,0.8
LlJs,1,2,3,0.33
LlJt,1,1,2,0.5
LlKB,0,1,1,0.0
LlKH,0,1,1,0.0
LlKM,0,1,1,0.0
LlKP,1,0,1,1.0
LlKb,0,1,1,0.0
LlKm,1,1,2,0.5
LlKn,0,0,0,
LlKs,1,0,1,1.0
LlLB,2,3,5,0.4
LlLD,0,1,1,0.0
LlLK,0,1,1,0.0
LlLL,0,1,1,0.0
LlLM,3,2,5,0.6
LlLN,5,2,7,0.71
LlLP,1,3,4,0.25
LlLS,1,1,2,0.5
LlLb,1,2,3,0.33
LlLh,2,0,2,1.0
LlLj,2,1,3,0.67
LlLl,1,0,1,1.0
LlLm,3,2,5,0.6
LlLn,6,6,12,0.5
LlLs,5,3,8,0.62
LlLt,1,1,2,0.5
LlMB,9,6,15,0.6
LlMD,1,2,3,0.33
LlML,4,4,8,0.5
LlMM,2,10,12,0.17
LlMN,6,4,10,0.6
LlMP,11,9,20,0.55
LlMS,3,5,8,0.38
LlMb,6,7,13,0.46
LlMh,3,7,10,0.3
LlMj,3,0,3,1.0
LlMl,3,5,8,0.38
LlMm,8,8,16,0.5
LlMn,11,7,18,0.61
LlMs,6,1,7,0.86
LlMt,3,1,4,0.75
LlNB,7,5,12,0.58
LlND,0,2,2,0.0
LlNH,0,1,1,0.0
LlNK,1,0,1,1.0
LlNL,3,2,5,0.6
LlNM,2,10,12,0.17
LlNN,8,6,14,0.57
LlNP,14,15,29,0.48
LlNS,9,13,22,0.41
LlNb,3,2,5,0.6
LlNh,1,4,5,0.2
LlNl,4,6,10,0.4
LlNm,8,3,11,0.73
LlNn,4,4,8,0.5
LlNs,11,10,21,0.52
LlNt,2,2,4,0.5
LlPB,3,8,11,0.27
LlPH,3,2,5,0.6
LlPI,3,2,5,0.6
LlPK,1,3,4,0.25
LlPL,5,3,8,0.62
LlPM,8,9,17,0.47
LlPN,9,12,21,0.43
LlPP,16,9,25,0.64
LlPS,9,3,12,0.75
LlPb,4,11,15,0.27
LlPh,1,3,4,0.25
LlPl,2,7,9,0.22
LlPm,6,4,10,0.6
LlPn,7,5,12,0.58
LlPs,6,5,11,0.55
LlPt,0,1,1,0.0
LlSB,3,6,9,0.33
LlSH,2,4,6,0.33
LlSL,5,2,7,0.71
LlSM,7,5,12,0.58
LlSN,5,8,13,0.38
LlSP,7,5,12,0.58
LlSS,3,6,9,0.33
LlSb,0,3,3,0.0
LlSh,2,3,5,0.4
LlSl,4,5,9,0.44
LlSm,4,7,11,0.36
LlSn,3,4,7,0.43
LlSs,11,9,20,0.55
LlSt,3,2,5,0.6
LlbB,5,8,13,0.38
LlbD,1,0,1,1.0
LlbH,2,0,2,1.0
LlbJ,3,1,4,0.75
LlbK,0,1,1,0.0
LlbL,3,3,6,0.5
LlbM,5,7,12,0.42
LlbN,5,9,14,0.36
LlbP,3,5,8,0.38
LlbS,1,3,4,0.25
Llbb,1,2,3,0.33
Llbl,1,5,6,0.17
Llbm,8,1,9,0.89
Llbn,7,5,12,0.58
Llbs,2,4,6,0.33
LlhM,0,1,1,0.0
Llhm,0,0,0,
LllB,1,1,2,0.5
LllH,3,3,6,0.5
LllI,1,1,2,0.5
LllJ,2,1,3,0.67
LllL,2,0,2,1.0
LllM,0,3,3,0.0
LllN,1,4,5,0.2
LllP,6,2,8,0.75
LllS,3,0,3,1.0
Lllb,2,1,3,0.67
Llll,2,1,3,0.67
Lllm,3,1,4,0.75
Llln,3,6,9,0.33
Llls,1,5,6,0.17
LlmB,8,4,12,0.67
LlmD,3,2,5,0.6
LlmH,6,3,9,0.67
LlmI,0,1,1,0.0
LlmJ,0,3,3,0.0
LlmL,1,3,4,0.25
LlmM,9,7,16,0.56
LlmN,6,4,10,0.6
LlmP,11,11,22,0.5
LlmS,6,2,8,0.75
Llmb,5,4,9,0.56
Llml,5,1,6,0.83
Llmm,10,6,16,0.62
Llmn,6,3,9,0.67
Llms,2,2,4,0.5
LlnB,6,7,13,0.46
LlnD,1,2,3,0.33
LlnH,5,2,7,0.71
LlnI,0,3,3,0.0
LlnL,3,3,6,0.5
LlnM,3,4,7,0.43
LlnN,6,10,16,0.38
LlnP,8,9,17,0.47
LlnS,5,4,9,0.56
Llnb,6,6,12,0.5
Llnl,1,2,3,0.33
Llnm,4,3,7,0.57
Llnn,5,6,11,0.45
Llns,5,4,9,0.56
LlsB,7,1,8,0.88
LlsD,0,0,0,
LlsH,2,4,6,0.33
LlsL,4,1,5,0.8
LlsM,5,6,11,0.45
LlsN,8,3,11,0.73
LlsP,9,3,12,0.75
LlsS,8,4,12,0.67
Llsb,6,4,10,0.6
Llsh,0,1,1,0.0
Llsl,2,2,4,0.5
Llsm,7,4,11,0.64
Llsn,3,2,5,0.6
Llss,9,4,13,0.69
Lltm,1,0,1,1.0
LmBB,16,25,41,0.39
LmBD,1,2,3,0.33
LmBK,2,3,5,0.4
LmBL,4,4,8,0.5
LmBM,14,10,24,0.58
LmBN,10,16,26,0.38
LmBP,21,16,37,0.57
LmBS,9,13,22,0.41
LmBb,13,11,24,0.54
LmBh,0,4,4,0.0
LmBj,5,4,9,0.56
LmBl,1,4,5,0.2
LmBm,23,25,48,0.48
LmBn,16,16,32,0.5
LmBs,7,5,12,0.58
LmBt,2,3,5,0.4
LmDB,4,3,7,0.57
LmDD,3,1,4,0.75
LmDH,2,4,6,0.33
LmDI,1,1,2,0.5
LmDL,1,1,2,0.5
LmDM,5,5,10,0.5
LmDN,4,6,10,0.4
LmDP,2,7,9,0.22
LmDS,3,3,6,0.5
LmDb,2,0,2,1.0
LmDh,1,0,1,1.0
LmDl,1,1,2,0.5
LmDm,3,3,6,0.5
LmDn,2,2,4,0.5
LmDs,2,6,8,0.25
LmHB,9,6,15,0.6
LmHD,4,2,6,0.67
LmHH,4,3,7,0.57
LmHI,5,3,8,0.62
LmHK,2,2,4,0.5
LmHL,3,6,9,0.33
LmHM,18,16,34,0.53
LmHN,22,17,39,0.56
LmHP,19,13,32,0.59
LmHS,13,15,28,0.46
LmHb,15,8,23,0.65
LmHh,9,10,19,0.47
LmHl,2,4,6,0.33
LmHm,14,22,36,0.39
LmHn,25,14,39,0.64
LmHs,18,16,34,0.53
LmHt,2,4,6,0.33
LmIB,2,1,3,0.67
LmIH,0,1,1,0.0
LmII,1,1,2,0.5
LmIL,0,0,0,
LmIM,0,2,2,0.0
LmIN,4,3,7,0.57
LmIP,2,2,4,0.5
LmIS,2,1,3,0.67
LmIb,3,7,10,0.3
LmIl,1,1,2,0.5
LmIm,0,2,2,0.0
LmIn,1,6,7,0.14
LmIs,2,0,2,1.0
LmIt,1,0,1,1.0
LmJB,7,1,8,0.88
LmJD,0,1,1,0.0
LmJH,3,4,7,0.43
LmJI,0,2,2,0.0
LmJK,0,1,1,0.0
LmJL,1,1,2,0.5
LmJM,5,5,10,0.5
LmJN,4,1,5,0.8
LmJP,7,6,13,0.54
LmJS,4,8,12,0.33
LmJb,7,2,9,0.78
LmJh,1,0,1,1.0
LmJl,0,1,1,0.0
LmJm,7,5,12,0.58
LmJn,7,5,12,0.58
LmJs,2,5,7,0.29
LmJt,1,1,2,0.5
LmKB,0,1,1,0.0
LmKS,0,2,2,0.0
LmKb,0,1,1,0.0
LmKh,0,0,0,
LmKm,1,0,1,1.0
LmKn,1,0,1,1.0
LmLB,4,10,14,0.29
LmLD,1,1,2,0.5
LmLL,1,5,6,0.17
LmLM,4,6,10,0.4
LmLN,3,6,9,0.33
LmLP,7,5,12,0.58
LmLS,3,7,10,0.3
LmLb,3,2,5,0.6
LmLh,2,7,9,0.22
LmLj,1,1,2,0.5
LmLl,2,4,6,0.33
LmLm,8,9,17,0.47
LmLn,11,8,19,0.58
LmLs,6,5,11,0.55
LmLt,1,1,2,0.5
LmMB,20,21,41,0.49
LmMD,6,1,7,0.86
LmMH,0,0,0,
LmML,6,4,10,0.6
LmMM,22,21,43,0.51
LmMN,17,20,37,0.46
LmMP,30,20,50,0.6
LmMS,18,22,40,0.45
LmMb,16,27,43,0.37
LmMh,16,12,28,0.57
LmMj,2,2,4,0.5
LmMl,3,6,9,0.33
LmMm,25,26,51,0.49
LmMn,26,24,50,0.52
LmMs,14,16,30,0.47
LmMt,1,1,2,0.5
LmNB,15,22,37,0.41
LmND,6,4,10,0.6
LmNH,6,4,10,0.6
LmNI,1,0,1,1.0
LmNK,2,2,4,0.5
LmNL,4,3,7,0.57
LmNM,22,18,40,0.55
LmNN,32,30,62,0.52
LmNP,39,28,67,0.58
LmNS,10,24,34,0.29
LmNb,12,14,26,0.46
LmNh,5,10,15,0.33
LmNl,5,11,16,0.31
LmNm,14,22,36,0.39
LmNn,21,35,56,0.38
LmNs,20,23,43,0.47
LmNt,8,4,12,0.67
LmPB,14,12,26,0.54
LmPD,2,1,3,0.67
LmPH,6,4,10,0.6
LmPI,2,3,5,0.4
LmPK,2,0,2,1.0
LmPL,12,7,19,0.63
LmPM,14,17,31,0.45
LmPN,22,27,49,0.45
LmPP,32,33,65,0.49
LmPS,16,13,29,0.55
LmPb,13,12,25,0.52
LmPh,1,4,5,0.2
LmPl,7,14,21,0.33
LmPm,17,16,33,0.52
LmPn,27,32,59,0.46
LmPs,24,16,40,0.6
LmPt,3,1,4,0.75
LmSB,7,16,23,0.3
LmSD,2,4,6,0.33
LmSH,7,7,14,0.5
LmSL,7,5,12,0.58
LmSM,18,17,35,0.51
LmSN,22,13,35,0.63
LmSP,20,14,34,0.59
LmSS,22,16,38,0.58
LmSb,7,9,16,0.44
LmSh,5,10,15,0.33
LmSl,7,4,11,0.64
LmSm,16,20,36,0.44
LmSn,23,13,36,0.64
LmSs,21,14,35,0.6
LmSt,6,3,9,0.67
LmbB,13,19,32,0.41
LmbD,1,2,3,0.33
LmbH,6,9,15,0.4
LmbI,2,1,3,0.67
LmbJ,7,5,12,0.58
LmbK,1,1,2,0.5
LmbL,2,2,4,0.5
LmbM,16,18,34,0.47
LmbN,28,21,49,0.57
LmbP,19,20,39,0.49
LmbS,9,11,20,0.45
Lmbb,18,23,41,0.44
Lmbl,6,2,8,0.75
Lmbm,21,14,35,0.6
Lmbn,19,16,35,0.54
Lmbs,9,7,16,0.56
LmhB,0,1,1,0.0
LmhN,0,0,0,
LmhS,1,0,1,1.0
Lmhh,1,0,1,1.0
Lmhm,1,1,2,0.5
LmlB,5,7,12,0.42
LmlD,1,1,2,0.5
LmlH,2,5,7,0.29
LmlI,1,1,2,0.5
LmlJ,2,1,3,0.67
LmlL,2,6,8,0.25
LmlM,9,9,18,0.5
LmlN,3,4,7,0.43
LmlP,6,2,8,0.75
LmlS,6,3,9,0.67
Lmlb,5,2,7,0.71
Lmll,2,3,5,0.4
Lmlm,6,4,10,0.6
Lmln,7,3,10,0.7
Lmls,3,5,8,0.38
LmmB,22,16,38,0.58
LmmD,3,3,6,0.5
LmmH,12,16,28,0.43
LmmI,2,1,3,0.67
LmmJ,4,4,8,0.5
LmmL,5,9,14,0.36
LmmM,22,33,55,0.4
LmmN,20,21,41,0.49
LmmP,19,16,35,0.54
LmmS,10,14,24,0.42
Lmmb,15,15,30,0.5
Lmml,3,6,9,0.33
Lmmm,17,25,42,0.4
Lmmn,21,13,34,0.62
Lmms,18,8,26,0.69
LmnB,12,14,26,0.46
LmnD,2,3,5,0.4
LmnH,7,13,20,0.35
LmnI,1,2,3,0.33
LmnK,2,1,3,0.67
LmnL,4,9,13,0.31
LmnM,13,15,28,0.46
LmnN,23,25,48,0.48
LmnP,26,21,47,0.55
LmnS,19,16,35,0.54
Lmnb,14,19,33,0.42
Lmnh,0,0,0,
Lmnl,9,5,14,0.64
Lmnm,15,18,33,0.45
Lmnn,30,17,47,0.64
Lmns,17,8,25,0.68
Lmnt,1,0,1,1.0
LmsB,10,6,16,0.62
LmsD,5,2,7,0.71
LmsH,9,18,27,0.33
LmsI,2,4,6,0.33
LmsK,0,1,1,0.0
LmsL,5,0,5,1.0
LmsM,5,7,12,0.42
LmsN,17,15,32,0.53
LmsP,18,12,30,0.6
LmsS,20,11,31,0.65
Lmsb,6,10,16,0.38
Lmsh,2,3,5,0.4
Lmsl,4,2,6,0.67
Lmsm,19,19,38,0.5
Lmsn,19,10,29,0.66
Lmss,9,15,24,0.38
LmtN,0,0,0,
Lmtn,1,0,1,1.0
LnBB,20,25,45,0.44
LnBD,2,3,5,0.4
LnBK,1,4,5,0.2
LnBL,6,5,11,0.55
LnBM,17,25,42,0.4
LnBN,9,21,30,0.3
LnBP,24,22,46,0.52
LnBS,9,15,24,0.38
LnBb,15,12,27,0.56
LnBh,2,4,6,0.33
LnBj,3,4,7,0.43
LnBl,3,7,10,0.3
LnBm,18,19,37,0.49
LnBn,24,26,50,0.48
LnBs,5,8,13,0.38
LnBt,5,5,10,0.5
LnDB,4,4,8,0.5
LnDD,0,1,1,0.0
LnDH,0,4,4,0.0
LnDI,1,0,1,1.0
LnDL,3,3,6,0.5
LnDM,2,6,8,0.25
LnDN,1,4,5,0.2
LnDP,7,5,12,0.58
LnDS,4,3,7,0.57
LnDb,2,2,4,0.5
LnDl,1,1,2,0.5
LnDm,3,5,8,0.38
LnDn,2,1,3,0.67
LnDs,1,0,1,1.0
LnDt,1,0,1,1.0
LnHB,4,13,17,0.24
LnHD,1,0,1,1.0
LnHH,2,3,5,0.4
LnHI,0,0,0,
LnHK,2,1,3,0.67
LnHL,6,4,10,0.6
LnHM,9,13,22,0.41
LnHN,7,14,21,0.33
LnHP,18,9,27,0.67
LnHS,6,11,17,0.35
LnHb,6,8,14,0.43
LnHh,7,7,14,0.5
LnHl,7,8,15,0.47
LnHm,17,9,26,0.65
LnHn,20,14,34,0.59
LnHs,15,7,22,0.68
LnHt,1,1,2,0.5
LnIB,3,6,9,0.33
LnID,0,0,0,
LnIH,1,2,3,0.33
LnII,1,0,1,1.0
LnIL,0,1,1,0.0
LnIM,5,5,10,0.5
LnIN,5,4,9,0.56
LnIP,4,2,6,0.67
LnIS,8,0,8,1.0
LnIb,4,3,7,0.57
LnIl,1,0,1,1.0
LnIm,4,1,5,0.8
LnIn,5,2,7,0.71
LnIs,4,6,10,0.4
LnIt,0,0,0,
LnKB,0,2,2,0.0
LnKH,1,0,1,1.0
LnKI,1,1,2,0.5
LnKL,0,1,1,0.0
LnKM,3,3,6,0.5
LnKN,1,3,4,0.25
LnKP,1,3,4,0.25
LnKS,1,2,3,0.33
LnKb,0,2,2,0.0
LnKh,1,1,2,0.5
LnKl,2,1,3,0.67
LnKm,3,0,3,1.0
LnKn,2,3,5,0.4
LnKs,2,4,6,0.33
LnKt,0,1,1,0.0
LnLB,8,7,15,0.53
LnLD,1,0,1,1.0
LnLH,0,0,0,
LnLK,1,0,1,1.0
LnLL,3,4,7,0.43
LnLM,10,8,18,0.56
LnLN,4,7,11,0.36
LnLP,10,10,20,0.5
LnLS,3,7,10,0.3
LnLb,8,6,14,0.57
LnLh,4,3,7,0.57
LnLj,2,2,4,0.5
LnLl,2,1,3,0.67
LnLm,9,6,15,0.6
LnLn,12,4,16,0.75
LnLs,5,6,11,0.45
LnLt,1,0,1,1.0
LnMB,18,38,56,0.32
LnMD,3,6,9,0.33
LnMH,0,1,1,0.0
LnMK,1,0,1,1.0
LnML,4,6,10,0.4
LnMM,16,10,26,0.62
LnMN,18,18,36,0.5
LnMP,23,26,49,0.47
LnMS,13,11,24,0.54
LnMb,11,24,35,0.31
LnMh,13,26,39,0.33
LnMj,5,2,7,0.71
LnMl,6,8,14,0.43
LnMm,26,24,50,0.52
LnMn,22,37,59,0.37
LnMs,17,15,32,0.53
LnMt,6,4,10,0.6
LnNB,18,26,44,0.41
LnND,9,5,14,0.64
LnNH,8,4,12,0.67
LnNI,3,0,3,1.0
LnNK,0,2,2,0.0
LnNL,9,6,15,0.6
LnNM,24,27,51,0.47
LnNN,18,35,53,0.34
LnNP,32,35,67,0.48
LnNS,16,21,37,0.43
LnNb,19,14,33,0.58
LnNh,7,10,17,0.41
LnNl,7,9,16,0.44
LnNm,38,28,66,0.58
LnNn,39,40,79,0.49
LnNs,18,26,44,0.41
LnNt,4,1,5,0.8
LnPB,32,24,56,0.57
LnPD,1,3,4,0.25
LnPH,11,12,23,0.48
LnPI,1,0,1,1.0
LnPK,4,5,9,0.44
LnPL,10,13,23,0.43
LnPM,16,30,46,0.35
LnPN,22,41,63,0.35
LnPP,39,29,68,0.57
LnPS,17,27,44,0.39
LnPb,30,25,55,0.55
LnPh,3,4,7,0.43
LnPl,14,11,25,0.56
LnPm,33,30,63,0.52
LnPn,30,28,58,0.52
LnPs,25,23,48,0.52
LnPt,1,4,5,0.2
LnSB,12,12,24,0.5
LnSD,3,1,4,0.75
LnSH,5,8,13,0.38
LnSI,2,1,3,0.67
LnSK,0,0,0,
LnSL,4,7,11,0.36
LnSM,12,28,40,0.3
LnSN,15,14,29,0.52
LnSP,15,21,36,0.42
LnSS,18,20,38,0.47
LnSb,15,13,28,0.54
LnSh,9,11,20,0.45
LnSl,4,6,10,0.4
LnSm,25,22,47,0.53
LnSn,25,12,37,0.68
LnSs,24,24,48,0.5
LnSt,5,7,12,0.42
LnbB,15,17,32,0.47
LnbD,2,1,3,0.67
LnbH,4,5,9,0.44
LnbI,2,1,3,0.67
LnbJ,7,4,11,0.64
LnbK,1,1,2,0.5
LnbL,5,6,11,0.45
LnbM,11,27,38,0.29
LnbN,28,26,54,0.52
LnbP,21,13,34,0.62
LnbS,9,15,24,0.38
Lnbb,16,18,34,0.47
Lnbl,7,8,15,0.47
Lnbm,12,18,30,0.4
Lnbn,13,20,33,0.39
Lnbs,10,8,18,0.56
LnhB,3,4,7,0.43
LnhD,0,1,1,0.0
LnhH,0,1,1,0.0
LnhI,0,1,1,0.0
LnhL,0,0,0,
LnhM,0,2,2,0.0
LnhN,1,2,3,0.33
LnhP,4,0,4,1.0
LnhS,2,0,2,1.0
Lnhb,2,0,2,1.0
Lnhh,0,1,1,0.0
Lnhm,2,2,4,0.5
Lnhn,1,1,2,0.5
Lnhs,1,2,3,0.33
Lnht,1,0,1,1.0
LnlB,8,6,14,0.57
LnlD,1,0,1,1.0
LnlH,8,4,12,0.67
LnlI,2,0,2,1.0
LnlJ,2,0,2,1.0
LnlK,0,1,1,0.0
LnlL,3,1,4,0.75
LnlM,7,10,17,0.41
LnlN,5,16,21,0.24
LnlP,8,7,15,0.53
LnlS,4,10,14,0.29
Lnlb,2,8,10,0.2
Lnlh,0,1,1,0.0
Lnll,5,0,5,1.0
Lnlm,8,5,13,0.62
Lnln,10,7,17,0.59
Lnls,4,5,9,0.44
LnmB,13,22,35,0.37
LnmD,2,5,7,0.29
LnmH,16,18,34,0.47
LnmI,2,1,3,0.67
LnmJ,5,2,7,0.71
LnmK,0,1,1,0.0
LnmL,4,6,10,0.4
LnmM,29,32,61,0.48
LnmN,29,34,63,0.46
LnmP,21,19,40,0.52
LnmS,11,21,32,0.34
Lnmb,23,19,42,0.55
Lnml,7,6,13,0.54
Lnmm,23,18,41,0.56
Lnmn,22,23,45,0.49
Lnms,23,12,35,0.66
LnnB,18,17,35,0.51
LnnD,9,2,11,0.82
LnnH,12,15,27,0.44
LnnI,8,3,11,0.73
LnnK,1,2,3,0.33
LnnL,10,9,19,0.53
LnnM,19,21,40,0.48
LnnN,21,37,58,0.36
LnnP,33,36,69,0.48
LnnS,15,25,40,0.38
Lnnb,13,16,29,0.45
Lnnh,0,2,2,0.0
Lnnl,7,7,14,0.5
Lnnm,17,14,31,0.55
Lnnn,18,29,47,0.38
Lnns,17,22,39,0.44
LnsB,9,10,19,0.47
LnsD,4,1,5,0.8
LnsH,15,16,31,0.48
LnsI,6,2,8,0.75
LnsL,4,3,7,0.57
LnsM,17,16,33,0.52
LnsN,17,25,42,0.4
LnsP,22,21,43,0.51
LnsS,28,20,48,0.58
Lnsb,11,13,24,0.46
Lnsh,2,3,5,0.4
Lnsl,8,13,21,0.38
Lnsm,20,11,31,0.65
Lnsn,14,16,30,0.47
Lnss,23,18,41,0.56
LntH,1,0,1,1.0
LntM,1,2,3,0.33
LntS,0,0,0,
Lntb,1,1,2,0.5
Lnth,0,1,1,0.0
Lntm,0,1,1,0.0
LsBB,7,10,17,0.41
LsBD,1,1,2,0.5
LsBK,0,0,0,
LsBL,2,5,7,0.29
LsBM,6,10,16,0.38
LsBN,9,8,17,0.53
LsBP,10,9,19,0.53
LsBS,7,6,13,0.54
LsBb,12,10,22,0.55
LsBh,1,0,1,1.0
LsBj,2,2,4,0.5
LsBl,1,4,5,0.2
LsBm,11,19,30,0.37
LsBn,11,18,29,0.38
LsBs,5,7,12,0.42
LsBt,0,1,1,0.0
LsDB,0,1,1,0.0
LsDH,2,2,4,0.5
LsDI,1,1,2,0.5
LsDK,1,0,1,1.0
LsDL,2,1,3,0.67
LsDM,1,2,3,0.33
LsDN,3,2,5,0.6
LsDP,3,0,3,1.0
LsDS,4,3,7,0.57
LsDb,2,1,3,0.67
LsDl,0,1,1,0.0
LsDm,3,5,8,0.38
LsDn,5,3,8,0.62
LsDs,0,1,1,0.0
LsDt,0,1,1,0.0
LsHB,7,6,13,0.54
LsHD,4,1,5,0.8
LsHH,1,4,5,0.2
LsHI,2,0,2,1.0
LsHK,1,2,3,0.33
LsHL,3,3,6,0.5
LsHM,13,14,27,0.48
LsHN,15,11,26,0.58
LsHP,14,11,25,0.56
LsHS,12,17,29,0.41
LsHb,9,11,20,0.45
LsHh,11,7,18,0.61
LsHl,7,5,12,0.58
LsHm,15,10,25,0.6
LsHn,16,10,26,0.62
LsHs,13,13,26,0.5
LsHt,1,1,2,0.5
LsIB,1,2,3,0.33
LsIH,0,2,2,0.0
LsII,1,2,3,0.33
LsIL,0,2,2,0.0
LsIM,7,4,11,0.64
LsIN,2,1,3,0.67
LsIP,2,0,2,1.0
LsIS,3,4,7,0.43
LsIb,0,3,3,0.0
LsIl,2,0,2,1.0
LsIm,1,2,3,0.33
LsIn,3,6,9,0.33
LsIs,4,2,6,0.67
LsIt,0,0,0,
LsKH,0,1,1,0.0
LsKM,0,2,2,0.0
LsKh,0,1,1,0.0
LsKm,0,1,1,0.0
LsKn,1,0,1,1.0
LsLB,4,5,9,0.44
LsLD,1,0,1,1.0
LsLH,1,0,1,1.0
LsLL,4,3,7,0.57
LsLM,3,7,10,0.3
LsLN,2,4,6,0.33
LsLP,4,4,8,0.5
LsLS,6,7,13,0.46
LsLb,2,3,5,0.4
LsLh,2,2,4,0.5
LsLj,2,2,4,0.5
LsLl,1,3,4,0.25
LsLm,3,5,8,0.38
LsLn,4,5,9,0.44
LsLs,4,3,7,0.57
LsLt,0,1,1,0.0
LsMB,15,12,27,0.56
LsMD,2,2,4,0.5
LsMH,1,0,1,1.0
LsML,3,3,6,0.5
LsMM,21,13,34,0.62
LsMN,14,11,25,0.56
LsMP,19,5,24,0.79
LsMS,9,9,18,0.5
LsMb,6,7,13,0.46
LsMh,16,12,28,0.57
LsMj,0,0,0,
LsMl,3,5,8,0.38
LsMm,11,8,19,0.58
LsMn,12,21,33,0.36
LsMs,10,11,21,0.48
LsMt,1,3,4,0.25
LsNB,13,13,26,0.5
LsND,2,1,3,0.67
LsNH,5,1,6,0.83
LsNK,2,2,4,0.5
LsNL,8,4,12,0.67
LsNM,9,4,13,0.69
LsNN,14,12,26,0.54
LsNP,15,15,30,0.5
LsNS,13,9,22,0.59
LsNb,8,8,16,0.5
LsNh,2,3,5,0.4
LsNl,4,5,9,0.44
LsNm,14,6,20,0.7
LsNn,17,20,37,0.46
LsNs,14,9,23,0.61
LsNt,2,5,7,0.29
LsPB,17,13,30,0.57
LsPD,0,0,0,
LsPH,6,5,11,0.55
LsPI,2,4,6,0.33
LsPK,1,1,2,0.5
LsPL,6,7,13,0.46
LsPM,11,20,31,0.35
LsPN,17,20,37,0.46
LsPP,16,15,31,0.52
LsPS,6,13,19,0.32
LsPb,9,13,22,0.41
LsPh,0,1,1,0.0
LsPl,4,11,15,0.27
LsPm,14,18,32,0.44
LsPn,18,13,31,0.58
LsPs,14,14,28,0.5
LsPt,3,2,5,0.6
LsSB,4,12,16,0.25
LsSD,3,1,4,0.75
LsSH,13,7,20,0.65
LsSI,1,1,2,0.5
LsSK,0,0,0,
LsSL,8,9,17,0.47
LsSM,12,14,26,0.46
LsSN,19,12,31,0.61
LsSP,14,11,25,0.56
LsSS,24,23,47,0.51
LsSb,12,11,23,0.52
LsSh,2,10,12,0.17
LsSl,3,6,9,0.33
LsSm,29,14,43,0.67
LsSn,15,11,26,0.58
LsSs,16,23,39,0.41
LsSt,2,3,5,0.4
LsbB,5,4,9,0.56
LsbD,2,1,3,0.67
LsbH,3,2,5,0.6
LsbI,0,1,1,0.0
LsbJ,4,4,8,0.5
LsbK,0,0,0,
LsbL,2,4,6,0.33
LsbM,11,10,21,0.52
LsbN,8,9,17,0.47
LsbP,5,10,15,0.33
LsbS,10,3,13,0.77
Lsbb,5,10,15,0.33
Lsbl,2,2,4,0.5
Lsbm,7,15,22,0.32
Lsbn,11,11,22,0.5
Lsbs,7,4,11,0.64
Lsbt,0,0,0,
LshB,1,1,2,0.5
LshI,1,0,1,1.0
LshL,1,0,1,1.0
LshM,2,2,4,0.5
LshN,1,0,1,1.0
LshP,3,2,5,0.6
LshS,1,0,1,1.0
Lshb,0,0,0,
Lshh,0,2,2,0.0
Lshm,1,2,3,0.33
Lshn,1,3,4,0.25
Lshs,1,0,1,1.0
LslB,2,2,4,0.5
LslH,2,3,5,0.4
LslJ,1,1,2,0.5
LslL,5,2,7,0.71
LslM,4,2,6,0.67
LslN,3,5,8,0.38
LslP,6,9,15,0.4
LslS,1,3,4,0.25
Lslb,5,0,5,1.0
Lslh,1,0,1,1.0
Lslm,5,4,9,0.56
Lsln,9,3,12,0.75
Lsls,4,5,9,0.44
LsmB,13,9,22,0.59
LsmD,1,1,2,0.5
LsmH,11,16,27,0.41
LsmI,1,0,1,1.0
LsmJ,6,5,11,0.55
LsmK,1,0,1,1.0
LsmL,2,0,2,1.0
LsmM,12,22,34,0.35
LsmN,11,18,29,0.38
LsmP,18,11,29,0.62
LsmS,17,16,33,0.52
Lsmb,10,15,25,0.4
Lsml,5,4,9,0.56
Lsmm,14,14,28,0.5
Lsmn,17,17,34,0.5
Lsms,7,9,16,0.44
LsnB,7,5,12,0.58
LsnD,2,2,4,0.5
LsnH,8,4,12,0.67
LsnI,2,3,5,0.4
LsnL,3,3,6,0.5
LsnM,15,11,26,0.58
LsnN,14,19,33,0.42
LsnP,12,14,26,0.46
LsnS,15,9,24,0.62
Lsnb,8,13,21,0.38
Lsnh,0,1,1,0.0
Lsnl,3,1,4,0.75
Lsnm,16,11,27,0.59
Lsnn,11,8,19,0.58
Lsns,7,10,17,0.41
LssB,8,8,16,0.5
LssD,3,2,5,0.6
LssH,13,14,27,0.48
LssI,4,2,6,0.67
LssL,1,8,9,0.11
LssM,17,10,27,0.63
LssN,13,10,23,0.57
LssP,12,12,24,0.5
LssS,32,28,60,0.53
Lssb,5,8,13,0.38
Lssh,0,1,1,0.0
Lssl,9,7,16,0.56
Lssm,15,12,27,0.56
Lssn,10,15,25,0.4
Lsss,19,18,37,0.51
Lsst,0,1,1,0.0
LstM,0,1,1,0.0
LstN,0,0,0,
LtBB,2,7,9,0.22
LtBD,0,1,1,0.0
LtBL,1,1,2,0.5
LtBM,0,1,1,0.0
LtBN,5,2,7,0.71
LtBP,3,3,6,0.5
LtBS,1,0,1,1.0
LtBb,5,3,8,0.62
LtBl,1,2,3,0.33
LtBm,3,1,4,0.75
LtBn,5,4,9,0.56
LtBs,3,3,6,0.5
LtBt,0,1,1,0.0
LtDB,0,1,1,0.0
LtDH,0,1,1,0.0
LtDP,0,1,1,0.0
LtDb,0,1,1,0.0
LtDm,0,1,1,0.0
LtHB,1,2,3,0.33
LtHD,0,0,0,
LtHL,0,2,2,0.0
LtHM,1,3,4,0.25
LtHN,2,1,3,0.67
LtHP,1,2,3,0.33
LtHS,1,4,5,0.2
LtHb,1,2,3,0.33
LtHh,0,1,1,0.0
LtHm,0,2,2,0.0
LtHs,3,2,5,0.6
LtIH,0,0,0,
LtIl,0,0,0,
LtIm,0,1,1,0.0
LtKh,0,1,1,0.0
LtKl,1,0,1,1.0
LtKm,0,1,1,0.0
LtLL,1,0,1,1.0
LtLM,0,2,2,0.0
LtLN,2,1,3,0.67
LtLP,1,2,3,0.33
LtLS,0,1,1,0.0
LtLb,3,1,4,0.75
LtLh,1,0,1,1.0
LtLm,2,2,4,0.5
LtLn,0,2,2,0.0
LtLs,1,1,2,0.5
LtLt,1,1,2,0.5
LtMB,6,3,9,0.67
LtML,0,0,0,
LtMM,4,7,11,0.36
LtMN,2,3,5,0.4
LtMP,3,5,8,0.38
LtMS,3,2,5,0.6
LtMb,1,0,1,1.0
LtMh,2,3,5,0.4
LtMj,0,0,0,
LtMl,0,0,0,
LtMm,3,4,7,0.43
LtMn,7,2,9,0.78
LtMs,2,1,3,0.67
LtMt,0,1,1,0.0
LtNB,2,1,3,0.67
LtND,1,0,1,1.0
LtNH,0,0,0,
LtNK,0,1,1,0.0
LtNL,0,1,1,0.0
LtNM,2,1,3,0.67
LtNN,8,4,12,0.67
LtNP,1,2,3,0.33
LtNS,1,1,2,0.5
LtNb,2,1,3,0.67
LtNh,2,0,2,1.0
LtNl,0,1,1,0.0
LtNm,4,9,13,0.31
LtNn,4,10,14,0.29
LtNs,1,1,2,0.5
LtNt,0,2,2,0.0
LtPB,3,4,7,0.43
LtPD,1,0,1,1.0
LtPH,1,1,2,0.5
LtPI,1,0,1,1.0
LtPK,0,1,1,0.0
LtPL,1,1,2,0.5
LtPM,4,8,12,0.33
LtPN,3,1,4,0.75
LtPP,6,7,13,0.46
LtPS,4,2,6,0.67
LtPb,5,3,8,0.62
LtPh,1,0,1,1.0
LtPl,0,1,1,0.0
LtPm,4,3,7,0.57
LtPn,2,6,8,0.25
LtPs,4,1,5,0.8
LtPt,0,0,0,
LtSB,1,2,3,0.33
LtSD,1,0,1,1.0
LtSH,1,0,1,1.0
LtSL,0,1,1,0.0
LtSM,3,1,4,0.75
LtSN,1,2,3,0.33
LtSP,4,0,4,1.0
LtSS,4,2,6,0.67
LtSb,0,2,2,0.0
LtSh,1,0,1,1.0
LtSl,1,1,2,0.5
LtSm,1,7,8,0.12
LtSn,4,3,7,0.57
LtSs,2,4,6,0.33
LtbB,1,1,2,0.5
LtbH,0,0,0,
LtbI,0,1,1,0.0
LtbJ,1,0,1,1.0
LtbK,1,0,1,1.0
LtbL,0,1,1,0.0
LtbM,3,3,6,0.5
LtbN,5,3,8,0.62
LtbP,3,2,5,0.6
LtbS,2,2,4,0.5
Ltbb,1,1,2,0.5
Ltbl,0,2,2,0.0
Ltbm,1,1,2,0.5
Ltbn,2,2,4,0.5
Ltbs,1,3,4,0.25
Lths,0,0,0,
LtlB,2,0,2,1.0
LtlH,2,2,4,0.5
LtlL,0,0,0,
LtlM,1,4,5,0.2
LtlN,0,4,4,0.0
LtlP,0,3,3,0.0
LtlS,0,1,1,0.0
Ltlb,0,1,1,0.0
Ltll,1,0,1,1.0
Ltlm,1,1,2,0.5
LtmB,5,4,9,0.56
LtmH,2,4,6,0.33
LtmI,1,0,1,1.0
LtmJ,0,0,0,
LtmK,0,1,1,0.0
LtmL,1,0,1,1.0
LtmM,6,2,8,0.75
LtmN,6,2,8,0.75
LtmP,1,3,4,0.25
LtmS,0,4,4,0.0
Ltmb,1,0,1,1.0
Ltmm,3,0,3,1.0
Ltmn,2,1,3,0.67
Ltms,1,3,4,0.25
LtnB,2,3,5,0.4
LtnH,1,0,1,1.0
LtnI,0,1,1,0.0
LtnK,0,1,1,0.0
LtnL,1,1,2,0.5
LtnN,1,4,5,0.2
LtnP,5,2,7,0.71
LtnS,0,2,2,0.0
Ltnb,1,4,5,0.2
Ltnh,0,1,1,0.0
Ltnl,1,2,3,0.33
Ltnm,1,3,4,0.25
Ltnn,0,2,2,0.0
Ltns,1,2,3,0.33
LtsB,1,0,1,1.0
LtsD,1,0,1,1.0
LtsH,3,2,5,0.6
LtsL,1,0,1,1.0
LtsM,3,1,4,0.75
LtsN,1,2,3,0.33
LtsP,1,1,2,0.5
LtsS,1,0,1,1.0
Ltsb,5,0,5,1.0
Ltsl,1,1,2,0.5
Ltsm,3,1,4,0.75
Ltsn,0,1,1,0.0
Ltss,1,1,2,0.5
LttL,1,0,1,1.0
LttN,1,0,1,1.0
LttP,0,1,1,0.0
LttS,0,2,2,0.0
Lttb,0,1,1,0.0
Lttl,1,0,1,1.0
Lttm,1,0,1,1.0
Lttn,0,1,1,0.0
Ltts,0,2,2,0.0
MBBB,73,97,170,0.43
MBBD,2,7,9,0.22
MBBH,1,1,2,0.5
MBBK,7,4,11,0.64
MBBL,10,18,28,0.36
MBBM,48,65,113,0.42
MBBN,64,82,146,0.44
MBBP,89,85,174,0.51
MBBS,15,25,40,0.38
MBBb,90,84,174,0.52
MBBh,4,6,10,0.4
MBBj,10,22,32,0.31
MBBl,21,21,42,0.5
MBBm,108,83,191,0.57
MBBn,86,108,194,0.44
MBBs,27,22,49,0.55
MBBt,12,12,24,0.5
MBDB,6,9,15,0.4
MBDD,1,1,2,0.5
MBDH,11,13,24,0.46
MBDI,0,2,2,0.0
MBDL,2,2,4,0.5
MBDM,6,10,16,0.38
MBDN,17,8,25,0.68
MBDP,5,4,9,0.56
MBDS,6,9,15,0.4
MBDb,9,4,13,0.69
MBDl,2,1,3,0.67
MBDm,8,13,21,0.38
MBDn,6,5,11,0.55
MBDs,2,5,7,0.29
MBDt,1,0,1,1.0
MBHB,0,1,1,0.0
MBHD,1,0,1,1.0
MBHI,1,0,1,1.0
MBHL,0,1,1,0.0
MBHM,1,1,2,0.5
MBHN,3,0,3,1.0
MBHP,2,0,2,1.0
MBHb,0,1,1,0.0
MBHm,1,0,1,1.0
MBHn,2,0,2,1.0
MBHs,1,0,1,1.0
MBIH,1,0,1,1.0
MBIM,0,3,3,0.0
MBIP,0,0,0,
MBIS,1,0,1,1.0
MBIb,1,0,1,1.0
MBKB,3,6,9,0.33
MBKD,0,2,2,0.0
MBKH,3,0,3,1.0
MBKI,2,2,4,0.5
MBKK,0,1,1,0.0
MBKL,1,3,4,0.25
MBKM,4,4,8,0.5
MBKN,2,1,3,0.67
MBKP,3,8,11,0.27
MBKS,3,2,5,0.6
MBKb,3,2,5,0.6
MBKh,4,7,11,0.36
MBKl,2,1,3,0.67
MBKm,11,5,16,0.69
MBKn,10,6,16,0.62
MBKs,7,2,9,0.78
MBKt,1,0,1,1.0
MBLB,12,20,32,0.38
MBLD,1,0,1,1.0
MBLK,3,1,4,0.75
MBLL,7,2,9,0.78
MBLM,7,7,14,0.5
MBLN,16,12,28,0.57
MBLP,16,21,37,0.43
MBLS,4,7,11,0.36
MBLb,12,10,22,0.55
MBLh,5,3,8,0.62
MBLj,3,2,5,0.6
MBLl,3,4,7,0.43
MBLm,23,17,40,0.57
MBLn,17,26,43,0.4
MBLs,5,10,15,0.33
MBLt,2,3,5,0.4
MBMB,76,76,152,0.5
MBMD,3,2,5,0.6
MBMH,0,1,1,0.0
MBMK,1,1,2,0.5
MBML,8,8,16,0.5
MBMM,49,59,108,0.45
MBMN,46,58,104,0.44
MBMP,59,65,124,0.48
MBMS,17,27,44,0.39
MBMb,84,67,151,0.56
MBMh,31,32,63,0.49
MBMj,9,6,15,0.6
MBMl,17,17,34,0.5
MBMm,72,57,129,0.56
MBMn,74,72,146,0.51
MBMs,22,31,53,0.42
MBMt,6,10,16,0.38
MBNB,59,82,141,0.42
MBND,7,9,16,0.44
MBNH,13,15,28,0.46
MBNI,1,1,2,0.5
MBNK,0,5,5,0.0
MBNL,17,27,44,0.39
MBNM,43,53,96,0.45
MBNN,60,81,141,0.43
MBNP,80,75,155,0.52
MBNS,41,37,78,0.53
MBNb,53,70,123,0.43
MBNh,22,25,47,0.47
MBNl,19,17,36,0.53
MBNm,90,64,154,0.58
MBNn,87,95,182,0.48
MBNs,46,43,89,0.52
MBNt,5,8,13,0.38
MBPB,59,62,121,0.49
MBPD,5,4,9,0.56
MBPH,16,20,36,0.44
MBPI,5,11,16,0.31
MBPK,4,4,8,0.5
MBPL,16,23,39,0.41
MBPM,55,64,119,0.46
MBPN,72,56,128,0.56
MBPP,88,98,186,0.47
MBPS,34,36,70,0.49
MBPb,59,56,115,0.51
MBPh,8,8,16,0.5
MBPl,23,22,45,0.51
MBPm,83,52,135,0.61
MBPn,64,66,130,0.49
MBPs,46,53,99,0.46
MBPt,7,8,15,0.47
MBSB,13,19,32,0.41
MBSD,3,6,9,0.33
MBSH,12,12,24,0.5
MBSL,3,8,11,0.27
MBSM,21,29,50,0.42
MBSN,29,28,57,0.51
MBSP,23,29,52,0.44
MBSS,23,28,51,0.45
MBSb,15,28,43,0.35
MBSh,14,14,28,0.5
MBSl,8,8,16,0.5
MBSm,31,27,58,0.53
MBSn,27,21,48,0.56
MBSs,23,26,49,0.47
MBSt,4,2,6,0.67
MBbB,52,79,131,0.4
MBbD,8,12,20,0.4
MBbH,19,25,44,0.43
MBbI,9,9,18,0.5
MBbJ,24,13,37,0.65
MBbK,11,9,20,0.55
MBbL,14,12,26,0.54
MBbM,53,65,118,0.45
MBbN,83,96,179,0.46
MBbP,95,66,161,0.59
MBbS,35,40,75,0.47
MBbb,68,40,108,0.63
MBbl,15,15,30,0.5
MBbm,68,66,134,0.51
MBbn,65,74,139,0.47
MBbs,41,44,85,0.48
MBhB,4,3,7,0.57
MBhD,1,2,3,0.33
MBhH,5,0,5,1.0
MBhI,2,1,3,0.67
MBhL,0,2,2,0.0
MBhM,3,9,12,0.25
MBhN,1,8,9,0.11
MBhP,12,5,17,0.71
MBhS,2,4,6,0.33
MBhb,4,3,7,0.57
MBhh,4,7,11,0.36
MBhl,0,1,1,0.0
MBhm,7,5,12,0.58
MBhn,5,5,10,0.5
MBhs,8,4,12,0.67
MBht,1,0,1,1.0
MBjB,12,13,25,0.48
MBjD,1,1,2,0.5
MBjH,5,2,7,0.71
MBjI,2,1,3,0.67
MBjK,2,2,4,0.5
MBjL,6,6,12,0.5
MBjM,11,17,28,0.39
MBjN,16,15,31,0.52
MBjP,17,19,36,0.47
MBjS,7,12,19,0.37
MBjb,19,12,31,0.61
MBjh,3,2,5,0.6
MBjl,7,5,12,0.58
MBjm,14,14,28,0.5
MBjn,11,17,28,0.39
MBjs,10,8,18,0.56
MBjt,1,2,3,0.33
MBlB,10,17,27,0.37
MBlD,1,2,3,0.33
MBlH,17,12,29,0.59
MBlI,3,3,6,0.5
MBlJ,4,5,9,0.44
MBlK,0,2,2,0.0
MBlL,9,6,15,0.6
MBlM,12,21,33,0.36
MBlN,12,17,29,0.41
MBlP,17,14,31,0.55
MBlS,9,19,28,0.32
MBlb,8,11,19,0.42
MBll,6,2,8,0.75
MBlm,15,15,30,0.5
MBln,16,15,31,0.52
MBls,17,10,27,0.63
MBmB,57,51,108,0.53
MBmD,13,19,32,0.41
MBmH,50,69,119,0.42
MBmI,9,3,12,0.75
MBmJ,15,21,36,0.42
MBmK,0,1,1,0.0
MBmL,8,21,29,0.28
MBmM,58,75,133,0.44
MBmN,75,101,176,0.43
MBmP,64,82,146,0.44
MBmS,52,45,97,0.54
MBmb,54,44,98,0.55
MBml,5,11,16,0.31
MBmm,80,66,146,0.55
MBmn,87,78,165,0.53
MBms,64,54,118,0.54
MBmt,1,0,1,1.0
MBnB,76,70,146,0.52
MBnD,14,5,19,0.74
MBnH,40,39,79,0.51
MBnI,28,19,47,0.6
MBnK,9,5,14,0.64
MBnL,20,16,36,0.56
MBnM,73,96,169,0.43
MBnN,96,102,198,0.48
MBnP,109,121,230,0.47
MBnS,48,47,95,0.51
MBnb,51,60,111,0.46
MBnh,4,7,11,0.36
MBnl,26,31,57,0.46
MBnm,102,87,189,0.54
MBnn,89,95,184,0.48
MBns,70,49,119,0.59
MBsB,21,23,44,0.48
MBsD,3,4,7,0.43
MBsH,15,29,44,0.34
MBsI,8,4,12,0.67
MBsL,6,7,13,0.46
MBsM,19,27,46,0.41
MBsN,33,36,69,0.48
MBsP,30,32,62,0.48
MBsS,36,42,78,0.46
MBsb,22,17,39,0.56
MBsh,1,2,3,0.33
MBsl,9,5,14,0.64
MBsm,31,28,59,0.53
MBsn,24,23,47,0.51
MBss,26,26,52,0.5
MBst,0,1,1,0.0
MBtB,10,10,20,0.5
MBtD,0,0,0,
MBtH,4,3,7,0.57
MBtI,0,1,1,0.0
MBtK,1,1,2,0.5
MBtL,1,3,4,0.25
MBtM,7,15,22,0.32
MBtN,3,4,7,0.43
MBtP,11,12,23,0.48
MBtS,6,5,11,0.55
MBtb,10,6,16,0.62
MBtl,4,2,6,0.67
MBtm,11,11,22,0.5
MBtn,9,11,20,0.45
MBts,8,9,17,0.47
MBtt,1,3,4,0.25
MDBB,3,5,8,0.38
MDBD,1,1,2,0.5
MDBK,1,4,5,0.2
MDBL,1,5,6,0.17
MDBM,6,6,12,0.5
MDBN,10,11,21,0.48
MDBP,7,7,14,0.5
MDBS,6,4,10,0.6
MDBb,6,3,9,0.67
MDBh,0,1,1,0.0
MDBj,0,4,4,0.0
MDBl,1,1,2,0.5
MDBm,4,5,9,0.44
MDBn,6,10,16,0.38
MDBs,3,3,6,0.5
MDDB,1,1,2,0.5
MDDD,1,0,1,1.0
MDDH,1,2,3,0.33
MDDI,0,1,1,0.0
MDDL,1,2,3,0.33
MDDM,2,4,6,0.33
MDDN,3,1,4,0.75
MDDP,0,0,0,
MDDS,4,1,5,0.8
MDDb,3,1,4,0.75
MDDh,0,0,0,
MDDm,1,5,6,0.17
MDDn,3,3,6,0.5
MDDs,2,3,5,0.4
MDHB,4,4,8,0.5
MDHD,1,2,3,0.33
MDHH,3,5,8,0.38
MDHI,3,0,3,1.0
MDHK,1,0,1,1.0
MDHL,2,2,4,0.5
MDHM,9,10,19,0.47
MDHN,13,7,20,0.65
MDHP,7,10,17,0.41
MDHS,10,4,14,0.71
MDHb,5,7,12,0.42
MDHh,2,5,7,0.29
MDHl,1,1,2,0.5
MDHm,6,8,14,0.43
MDHn,8,10,18,0.44
MDHs,12,10,22,0.55
MDID,2,0,2,1.0
MDIH,2,4,6,0.33
MDIL,0,1,1,0.0
MDIM,2,0,2,1.0
MDIN,2,1,3,0.67
MDIP,0,2,2,0.0
MDIS,5,0,5,1.0
MDIb,2,1,3,0.67
MDIn,4,0,4,1.0
MDIs,0,3,3,0.0
MDIt,1,0,1,1.0
MDKD,0,1,1,0.0
MDKm,0,1,1,0.0
MDLB,0,3,3,0.0
MDLD,1,1,2,0.5
MDLK,1,0,1,1.0
MDLM,1,5,6,0.17
MDLN,1,2,3,0.33
MDLP,0,1,1,0.0
MDLS,2,0,2,1.0
MDLb,3,1,4,0.75
MDLh,0,0,0,
MDLj,0,0,0,
MDLm,3,3,6,0.5
MDLn,5,1,6,0.83
MDLs,3,1,4,0.75
MDMB,13,10,23,0.57
MDMD,4,3,7,0.57
MDML,1,3,4,0.25
MDMM,12,13,25,0.48
MDMN,6,12,18,0.33
MDMP,11,9,20,0.55
MDMS,10,7,17,0.59
MDMb,11,11,22,0.5
MDMh,4,7,11,0.36
MDMj,1,3,4,0.25
MDMl,2,4,6,0.33
MDMm,17,10,27,0.63
MDMn,10,14,24,0.42
MDMs,9,3,12,0.75
MDMt,2,1,3,0.67
MDNB,5,2,7,0.71
MDND,1,3,4,0.25
MDNH,3,2,5,0.6
MDNI,0,1,1,0.0
MDNK,1,2,3,0.33
MDNL,1,3,4,0.25
MDNM,6,12,18,0.33
MDNN,4,13,17,0.24
MDNP,8,9,17,0.47
MDNS,9,5,14,0.64
MDNb,6,4,10,0.6
MDNh,5,3,8,0.62
MDNl,3,1,4,0.75
MDNm,14,11,25,0.56
MDNn,11,15,26,0.42
MDNs,3,4,7,0.43
MDNt,2,0,2,1.0
MDPB,8,4,12,0.67
MDPD,1,2,3,0.33
MDPH,1,7,8,0.12
MDPI,2,1,3,0.67
MDPK,3,1,4,0.75
MDPL,2,6,8,0.25
MDPM,6,12,18,0.33
MDPN,12,6,18,0.67
MDPP,9,8,17,0.53
MDPS,8,16,24,0.33
MDPb,4,9,13,0.31
MDPh,2,0,2,1.0
MDPl,3,2,5,0.6
MDPm,16,11,27,0.59
MDPn,9,4,13,0.69
MDPs,8,8,16,0.5
MDPt,1,1,2,0.5
MDSB,6,7,13,0.46
MDSD,2,2,4,0.5
MDSH,3,6,9,0.33
MDSI,0,1,1,0.0
MDSL,3,2,5,0.6
MDSM,9,13,22,0.41
MDSN,6,8,14,0.43
MDSP,5,7,12,0.42
MDSS,7,12,19,0.37
MDSb,9,7,16,0.56
MDSh,7,3,10,0.7
MDSl,2,0,2,1.0
MDSm,14,14,28,0.5
MDSn,8,11,19,0.42
MDSs,12,8,20,0.6
MDSt,2,2,4,0.5
MDbB,6,8,14,0.43
MDbD,0,2,2,0.0
MDbH,2,2,4,0.5
MDbI,2,0,2,1.0
MDbJ,3,2,5,0.6
MDbK,3,1,4,0.75
MDbL,1,1,2,0.5
MDbM,6,5,11,0.55
MDbN,4,8,12,0.33
MDbP,9,10,19,0.47
MDbS,5,1,6,0.83
MDbb,8,6,14,0.57
MDbl,0,3,3,0.0
MDbm,10,5,15,0.67
MDbn,5,3,8,0.62
MDbs,6,3,9,0.67
MDhI,0,1,1,0.0
MDhM,4,3,7,0.57
MDhN,0,1,1,0.0
MDhP,2,0,2,1.0
MDhS,0,1,1,0.0
MDhb,0,1,1,0.0
MDhh,0,1,1,0.0
MDhl,0,1,1,0.0
MDhn,1,1,2,0.5
MDhs,2,0,2,1.0
MDlB,4,1,5,0.8
MDlH,0,5,5,0.0
MDlJ,1,0,1,1.0
MDlK,1,1,2,0.5
MDlL,1,0,1,1.0
MDlM,1,1,2,0.5
MDlN,4,4,8,0.5
MDlP,0,1,1,0.0
MDlS,2,1,3,0.67
MDlb,2,0,2,1.0
MDlm,1,3,4,0.25
MDln,3,2,5,0.6
MDls,4,2,6,0.67
MDmB,12,9,21,0.57
MDmD,1,4,5,0.2
MDmH,9,10,19,0.47
MDmI,2,0,2,1.0
MDmJ,2,2,4,0.5
MDmL,4,3,7,0.57
MDmM,12,14,26,0.46
MDmN,11,11,22,0.5
MDmP,12,15,27,0.44
MDmS,11,11,22,0.5
MDmb,16,5,21,0.76
MDml,2,1,3,0.67
MDmm,21,14,35,0.6
MDmn,16,5,21,0.76
MDms,6,5,11,0.55
MDnB,3,7,10,0.3
MDnD,2,2,4,0.5
MDnH,2,1,3,0.67
MDnI,2,1,3,0.67
MDnK,1,1,2,0.5
MDnL,3,1,4,0.75
MDnM,2,12,14,0.14
MDnN,5,9,14,0.36
MDnP,11,9,20,0.55
MDnS,6,6,12,0.5
MDnb,6,3,9,0.67
MDnl,1,0,1,1.0
MDnm,8,16,24,0.33
MDnn,8,5,13,0.62
MDns,1,3,4,0.25
MDsB,6,8,14,0.43
MDsD,0,1,1,0.0
MDsH,10,10,20,0.5
MDsI,1,1,2,0.5
MDsL,3,2,5,0.6
MDsM,11,5,16,0.69
MDsN,10,2,12,0.83
MDsP,14,6,20,0.7
MDsS,7,18,25,0.28
MDsb,6,4,10,0.6
MDsh,2,0,2,1.0
MDsl,0,3,3,0.0
MDsm,9,11,20,0.45
MDsn,7,3,10,0.7
MDss,10,10,20,0.5
MDtB,2,0,2,1.0
MDtD,1,0,1,1.0
MDtH,0,1,1,0.0
MDtM,3,2,5,0.6
MDtN,1,1,2,0.5
MDtP,1,2,3,0.33
MDtS,2,0,2,1.0
MDtb,2,2,4,0.5
MDtm,1,0,1,1.0
MDtn,2,1,3,0.67
MDts,0,3,3,0.0
MHBB,1,2,3,0.33
MHBL,2,2,4,0.5
MHBM,0,1,1,0.0
MHBP,2,2,4,0.5
MHBS,1,2,3,0.33
MHBb,1,0,1,1.0
MHBh,0,1,1,0.0
MHBm,1,0,1,1.0
MHBn,1,1,2,0.5
MHBt,0,1,1,0.0
MHDK,0,1,1,0.0
MHDM,0,0,0,
MHDP,0,1,1,0.0
MHDm,1,0,1,1.0
MHHB,0,1,1,0.0
MHHM,0,1,1,0.0
MHHS,0,0,0,
MHHb,0,0,0,
MHHm,0,0,0,
MHHs,0,0,0,
MHIB,0,1,1,0.0
MHII,1,0,1,1.0
MHIS,1,0,1,1.0
MHIm,0,1,1,0.0
MHKN,1,0,1,1.0
MHKP,0,1,1,0.0
MHLB,1,0,1,1.0
MHLM,1,0,1,1.0
MHLP,0,1,1,0.0
MHLn,1,0,1,1.0
MHLt,1,0,1,1.0
MHMB,2,1,3,0.67
MHML,0,0,0,
MHMM,0,3,3,0.0
MHMN,1,0,1,1.0
MHMP,2,0,2,1.0
MHMS,0,1,1,0.0
MHMb,0,2,2,0.0
MHMh,2,0,2,1.0
MHMj,1,0,1,1.0
MHMm,2,3,5,0.4
MHMn,2,2,4,0.5
MHMs,2,3,5,0.4
MHND,1,0,1,1.0
MHNM,2,0,2,1.0
MHNN,1,0,1,1.0
MHNP,0,2,2,0.0
MHNh,0,1,1,0.0
MHNl,0,1,1,0.0
MHNn,1,1,2,0.5
MHNs,1,0,1,1.0
MHPB,0,1,1,0.0
MHPK,0,1,1,0.0
MHPM,1,3,4,0.25
MHPP,0,0,0,
MHPS,1,4,5,0.2
MHPb,0,2,2,0.0
MHPl,0,1,1,0.0
MHPm,0,2,2,0.0
MHPn,1,0,1,1.0
MHPs,1,2,3,0.33
MHSB,0,1,1,0.0
MHSD,1,0,1,1.0
MHSH,0,0,0,
MHSI,0,1,1,0.0
MHSL,2,0,2,1.0
MHSM,2,1,3,0.67
MHSN,1,1,2,0.5
MHSS,2,1,3,0.67
MHSb,0,1,1,0.0
MHSh,0,3,3,0.0
MHSl,0,2,2,0.0
MHSm,1,1,2,0.5
MHSn,2,1,3,0.67
MHSs,1,2,3,0.33
MHbB,0,2,2,0.0
MHbH,0,1,1,0.0
MHbI,0,1,1,0.0
MHbM,1,0,1,1.0
MHbN,1,0,1,1.0
MHbP,0,0,0,
MHbS,0,0,0,
MHbb,0,1,1,0.0
MHbm,2,0,2,1.0
MHbn,2,1,3,0.67
MHhM,0,0,0,
MHhN,2,0,2,1.0
MHhP,0,1,1,0.0
MHhb,0,1,1,0.0
MHhn,1,1,2,0.5
MHlD,0,0,0,
MHlH,0,1,1,0.0
MHlL,0,1,1,0.0
MHlN,0,1,1,0.0
MHlP,1,1,2,0.5
MHlS,0,1,1,0.0
MHlb,0,2,2,0.0
MHll,0,0,0,
MHlm,0,1,1,0.0
MHmB,1,2,3,0.33
MHmD,0,1,1,0.0
MHmH,0,1,1,0.0
MHmK,0,0,0,
MHmM,0,3,3,0.0
MHmN,1,0,1,1.0
MHmP,2,1,3,0.67
MHmS,2,2,4,0.5
MHmb,1,2,3,0.33
MHml,0,1,1,0.0
MHmm,2,1,3,0.67
MHmn,1,3,4,0.25
MHms,0,0,0,
MHnB,2,0,2,1.0
MHnD,1,0,1,1.0
MHnH,0,1,1,0.0
MHnI,0,1,1,0.0
MHnM,2,1,3,0.67
MHnN,1,1,2,0.5
MHnP,1,2,3,0.33
MHnS,1,0,1,1.0
MHnm,1,3,4,0.25
MHnn,2,0,2,1.0
MHns,1,1,2,0.5
MHsB,1,0,1,1.0
MHsH,0,2,2,0.0
MHsN,1,1,2,0.5
MHsP,0,1,1,0.0
MHsS,2,1,3,0.67
MHsb,3,2,5,0.6
MHsh,0,1,1,0.0
MHsl,1,0,1,1.0
MHsm,1,1,2,0.5
MHss,1,1,2,0.5
MIBM,0,2,2,0.0
MIBN,0,1,1,0.0
MIBP,0,1,1,0.0
MIBl,0,0,0,
MIBm,1,0,1,1.0
MIBn,1,0,1,1.0
MIHD,1,0,1,1.0
MIHN,0,0,0,
MIHP,1,0,1,1.0
MIHm,1,0,1,1.0
MIIH,0,1,1,0.0
MIIm,0,1,1,0.0
MILB,0,1,1,0.0
MILK,0,1,1,0.0
MILh,1,0,1,1.0
MIMB,1,0,1,1.0
MIMD,1,0,1,1.0
MIMI,0,1,1,0.0
MIMM,1,1,2,0.5
MIMS,1,0,1,1.0
MIMl,1,0,1,1.0
MIMm,1,1,2,0.5
MIMn,0,1,1,0.0
MIMs,1,0,1,1.0
MINN,0,2,2,0.0
MINP,1,0,1,1.0
MINS,0,1,1,0.0
MINm,1,0,1,1.0
MINn,0,1,1,0.0
MIPI,2,2,4,0.5
MIPP,1,0,1,1.0
MIPS,1,0,1,1.0
MIPb,1,0,1,1.0
MIPh,0,1,1,0.0
MIPm,1,0,1,1.0
MISM,2,1,3,0.67
MISP,1,0,1,1.0
MISS,0,1,1,0.0
MISl,0,1,1,0.0
MISm,3,1,4,0.75
MISs,0,1,1,0.0
MIbB,0,1,1,0.0
MIbM,0,2,2,0.0
MIbN,1,1,2,0.5
MIbP,0,0,0,
MIhL,1,0,1,1.0
MIhP,0,0,0,
MIlH,0,1,1,0.0
MImB,1,0,1,1.0
MImH,0,1,1,0.0
MImM,1,1,2,0.5
MImN,1,0,1,1.0
MImP,2,0,2,1.0
MImS,2,1,3,0.67
MImb,0,0,0,
MImh,0,1,1,0.0
MImm,1,0,1,1.0
MImn,0,1,1,0.0
MInI,1,0,1,1.0
MInM,1,3,4,0.25
MInl,1,0,1,1.0
MIsB,1,1,2,0.5
MIsM,0,1,1,0.0
MIsS,1,0,1,1.0
MIsb,0,1,1,0.0
MIsm,1,1,2,0.5
MIss,0,1,1,0.0
MItI,1,0,1,1.0
MItL,0,1,1,0.0
MItP,0,1,1,0.0
MKBB,2,3,5,0.4
MKBM,1,1,2,0.5
MKBN,3,5,8,0.38
MKBP,1,1,2,0.5
MKBS,2,2,4,0.5
MKBb,3,3,6,0.5
MKBl,0,1,1,0.0
MKBm,2,1,3,0.67
MKBn,2,1,3,0.67
MKDH,2,0,2,1.0
MKDI,0,0,0,
MKDP,0,1,1,0.0
MKDS,0,1,1,0.0
MKDm,2,0,2,1.0
MKHB,1,0,1,1.0
MKHM,1,0,1,1.0
MKHP,1,1,2,0.5
MKHS,1,0,1,1.0
MKHm,1,1,2,0.5
MKIM,2,0,2,1.0
MKIP,0,3,3,0.0
MKIb,2,0,2,1.0
MKIm,0,0,0,
MKIn,0,1,1,0.0
MKIs,1,0,1,1.0
MKIt,0,1,1,0.0
MKKM,0,0,0,
MKKb,0,1,1,0.0
MKKm,1,0,1,1.0
MKLK,0,0,0,
MKLM,0,1,1,0.0
MKLS,0,1,1,0.0
MKLh,1,0,1,1.0
MKLn,1,0,1,1.0
MKMB,3,1,4,0.75
MKMD,1,0,1,1.0
MKMK,1,0,1,1.0
MKMM,0,4,4,0.0
MKMN,2,6,8,0.25
MKMP,1,2,3,0.33
MKMS,3,3,6,0.5
MKMb,1,2,3,0.33
MKMh,0,2,2,0.0
MKMj,0,1,1,0.0
MKMl,2,3,5,0.4
MKMm,4,2,6,0.67
MKMn,1,4,5,0.2
MKMs,3,3,6,0.5
MKMt,0,1,1,0.0
MKNB,0,1,1,0.0
MKND,1,1,2,0.5
MKNI,1,0,1,1.0
MKNL,1,1,2,0.5
MKNM,0,1,1,0.0
MKNN,0,3,3,0.0
MKNP,1,3,4,0.25
MKNS,2,0,2,1.0
MKNb,0,1,1,0.0
MKNh,2,0,2,1.0
MKNl,1,0,1,1.0
MKNm,3,2,5,0.6
MKNn,1,2,3,0.33
MKNs,1,2,3,0.33
MKPB,1,1,2,0.5
MKPD,0,0,0,
MKPH,2,2,4,0.5
MKPK,0,1,1,0.0
MKPL,0,1,1,0.0
MKPM,1,2,3,0.33
MKPN,4,2,6,0.67
MKPP,0,1,1,0.0
MKPS,0,2,2,0.0
MKPb,3,1,4,0.75
MKPh,1,0,1,1.0
MKPm,3,0,3,1.0
MKPn,2,0,2,1.0
MKPs,2,2,4,0.5
MKPt,0,0,0,
MKSB,1,1,2,0.5
MKSD,0,1,1,0.0
MKSH,0,1,1,0.0
MKSM,4,0,4,1.0
MKSN,2,1,3,0.67
MKSP,3,1,4,0.75
MKSS,2,3,5,0.4
MKSh,1,0,1,1.0
MKSl,0,1,1,0.0
MKSm,1,3,4,0.25
MKSn,3,1,4,0.75
MKSs,1,5,6,0.17
MKbB,1,0,1,1.0
MKbH,1,1,2,0.5
MKbK,0,1,1,0.0
MKbM,2,1,3,0.67
MKbN,1,0,1,1.0
MKbP,1,2,3,0.33
MKbS,3,1,4,0.75
MKbb,2,1,3,0.67
MKbm,3,0,3,1.0
MKbn,0,1,1,0.0
MKbs,1,0,1,1.0
MKhB,0,0,0,
MKhD,0,0,0,
MKhH,1,0,1,1.0
MKhI,1,0,1,1.0
MKhK,0,1,1,0.0
MKhL,0,1,1,0.0
MKhM,0,3,3,0.0
MKhN,0,2,2,0.0
MKhP,2,1,3,0.67
MKhS,4,1,5,0.8
MKhb,1,1,2,0.5
MKhh,1,1,2,0.5
MKhl,0,1,1,0.0
MKhm,4,0,4,1.0
MKhn,0,2,2,0.0
MKhs,2,3,5,0.4
MKlH,0,1,1,0.0
MKlM,0,0,0,
MKlN,2,1,3,0.67
MKlS,1,1,2,0.5
MKlm,1,0,1,1.0
MKln,0,1,1,0.0
MKmB,4,1,5,0.8
MKmD,0,1,1,0.0
MKmH,2,3,5,0.4
MKmI,0,1,1,0.0
MKmJ,1,0,1,1.0
MKmK,0,1,1,0.0
MKmL,1,0,1,1.0
MKmM,1,5,6,0.17
MKmN,4,1,5,0.8
MKmP,1,2,3,0.33
MKmS,1,1,2,0.5
MKmb,3,2,5,0.6
MKmm,2,0,2,1.0
MKmn,1,6,7,0.14
MKms,0,2,2,0.0
MKnB,3,3,6,0.5
MKnH,1,0,1,1.0
MKnI,1,2,3,0.33
MKnM,3,3,6,0.5
MKnN,2,3,5,0.4
MKnP,2,3,5,0.4
MKnS,1,0,1,1.0
MKnh,1,0,1,1.0
MKnm,2,4,6,0.33
MKnn,2,1,3,0.67
MKns,3,2,5,0.6
MKsB,0,0,0,
MKsD,0,1,1,0.0
MKsH,2,1,3,0.67
MKsI,1,1,2,0.5
MKsL,0,1,1,0.0
MKsM,1,4,5,0.2
MKsN,1,3,4,0.25
MKsP,0,1,1,0.0
MKsS,3,0,3,1.0
MKsb,0,3,3,0.0
MKsh,1,0,1,1.0
MKsm,2,0,2,1.0
MKsn,1,1,2,0.5
MKss,2,1,3,0.67
MKtI,1,0,1,1.0
MKtb,0,2,2,0.0
MKth,0,1,1,0.0
MKts,1,0,1,1.0
MLBB,19,20,39,0.49
MLBD,2,1,3,0.67
MLBH,0,1,1,0.0
MLBK,1,2,3,0.33
MLBL,4,5,9,0.44
MLBM,15,10,25,0.6
MLBN,16,22,38,0.42
MLBP,16,13,29,0.55
MLBS,5,3,8,0.62
MLBb,15,16,31,0.48
MLBh,2,2,4,0.5
MLBj,0,2,2,0.0
MLBl,3,7,10,0.3
MLBm,20,25,45,0.44
MLBn,30,16,46,0.65
MLBs,7,4,11,0.64
MLBt,1,1,2,0.5
MLDB,0,1,1,0.0
MLDH,3,3,6,0.5
MLDI,0,1,1,0.0
MLDM,1,3,4,0.25
MLDN,2,1,3,0.67
MLDP,1,2,3,0.33
MLDS,1,4,5,0.2
MLDb,0,3,3,0.0
MLDh,1,0,1,1.0
MLDl,0,1,1,0.0
MLDm,0,3,3,0.0
MLDn,1,2,3,0.33
MLDs,1,1,2,0.5
MLDt,0,1,1,0.0
MLHL,0,1,1,0.0
MLHP,1,0,1,1.0
MLHS,0,1,1,0.0
MLHh,0,1,1,0.0
MLHn,0,1,1,0.0
MLID,0,1,1,0.0
MLKB,0,2,2,0.0
MLKL,0,1,1,0.0
MLKM,2,2,4,0.5
MLKN,2,2,4,0.5
MLKP,1,0,1,1.0
MLKS,0,1,1,0.0
MLKb,3,2,5,0.6
MLKh,1,0,1,1.0
MLKm,1,1,2,0.5
MLKn,2,2,4,0.5
MLKs,0,1,1,0.0
MLLB,4,2,6,0.67
MLLD,0,1,1,0.0
MLLL,1,1,2,0.5
MLLM,2,3,5,0.4
MLLN,5,2,7,0.71
MLLP,5,7,12,0.42
MLLS,1,3,4,0.25
MLLb,3,7,10,0.3
MLLh,1,1,2,0.5
MLLj,1,0,1,1.0
MLLl,3,0,3,1.0
MLLm,1,4,5,0.2
MLLn,11,8,19,0.58
MLLs,3,1,4,0.75
MLLt,0,0,0,
MLMB,10,21,31,0.32
MLMD,0,0,0,
MLMH,1,0,1,1.0
MLML,2,3,5,0.4
MLMM,12,7,19,0.63
MLMN,6,8,14,0.43
MLMP,15,16,31,0.48
MLMS,2,3,5,0.4
MLMb,17,14,31,0.55
MLMh,8,7,15,0.53
MLMj,1,2,3,0.33
MLMl,3,4,7,0.43
MLMm,16,14,30,0.53
MLMn,8,14,22,0.36
MLMs,7,7,14,0.5
MLMt,4,4,8,0.5
MLNB,17,19,36,0.47
MLND,1,1,2,0.5
MLNH,5,1,6,0.83
MLNI,1,0,1,1.0
MLNK,2,0,2,1.0
MLNL,1,2,3,0.33
MLNM,10,6,16,0.62
MLNN,20,17,37,0.54
MLNP,22,20,42,0.52
MLNS,7,14,21,0.33
MLNb,9,11,20,0.45
MLNh,4,2,6,0.67
MLNl,1,5,6,0.17
MLNm,12,19,31,0.39
MLNn,14,10,24,0.58
MLNs,9,10,19,0.47
MLNt,1,3,4,0.25
MLPB,10,23,33,0.3
MLPD,2,1,3,0.67
MLPH,2,1,3,0.67
MLPI,4,2,6,0.67
MLPK,1,4,5,0.2
MLPL,4,5,9,0.44
MLPM,20,14,34,0.59
MLPN,16,7,23,0.7
MLPP,21,37,58,0.36
MLPS,6,9,15,0.4
MLPb,14,13,27,0.52
MLPh,3,0,3,1.0
MLPl,4,8,12,0.33
MLPm,18,17,35,0.51
MLPn,20,18,38,0.53
MLPs,15,6,21,0.71
MLPt,2,0,2,1.0
MLSB,2,10,12,0.17
MLSD,1,0,1,1.0
MLSH,2,4,6,0.33
MLSI,1,0,1,1.0
MLSK,1,0,1,1.0
MLSL,2,0,2,1.0
MLSM,5,10,15,0.33
MLSN,4,6,10,0.4
MLSP,11,12,23,0.48
MLSS,7,8,15,0.47
MLSb,10,8,18,0.56
MLSh,5,8,13,0.38
MLSl,2,2,4,0.5
MLSm,12,14,26,0.46
MLSn,8,4,12,0.67
MLSs,7,6,13,0.54
MLSt,4,2,6,0.67
MLbB,11,12,23,0.48
MLbD,2,2,4,0.5
MLbH,2,6,8,0.25
MLbI,1,3,4,0.25
MLbJ,2,5,7,0.29
MLbK,1,1,2,0.5
MLbL,5,5,10,0.5
MLbM,19,22,41,0.46
MLbN,12,20,32,0.38
MLbP,24,18,42,0.57
MLbS,8,15,23,0.35
MLbb,4,7,11,0.36
MLbl,3,6,9,0.33
MLbm,19,12,31,0.61
MLbn,16,11,27,0.59
MLbs,9,12,21,0.43
MLhB,9,5,14,0.64
MLhD,0,1,1,0.0
MLhH,1,2,3,0.33
MLhI,0,0,0,
MLhK,2,0,2,1.0
MLhL,2,1,3,0.67
MLhM,2,8,10,0.2
MLhN,2,5,7,0.29
MLhP,3,6,9,0.33
MLhS,5,7,12,0.42
MLhb,7,4,11,0.64
MLhh,0,9,9,0.0
MLhl,1,1,2,0.5
MLhm,5,4,9,0.56
MLhn,10,6,16,0.62
MLhs,5,4,9,0.56
MLht,0,1,1,0.0
MLjB,3,3,6,0.5
MLjD,0,1,1,0.0
MLjI,0,1,1,0.0
MLjL,2,1,3,0.67
MLjM,4,5,9,0.44
MLjN,7,2,9,0.78
MLjP,3,5,8,0.38
MLjS,0,1,1,0.0
MLjb,4,1,5,0.8
MLjh,0,1,1,0.0
MLjl,2,1,3,0.67
MLjm,4,1,5,0.8
MLjn,0,1,1,0.0
MLjs,2,1,3,0.67
MLjt,0,0,0,
MLlB,3,5,8,0.38
MLlD,1,1,2,0.5
MLlH,4,7,11,0.36
MLlI,0,1,1,0.0
MLlJ,1,2,3,0.33
MLlK,0,2,2,0.0
MLlL,3,3,6,0.5
MLlM,4,3,7,0.57
MLlN,7,5,12,0.58
MLlP,2,13,15,0.13
MLlS,6,6,12,0.5
MLlb,3,3,6,0.5
MLlm,6,6,12,0.5
MLln,4,6,10,0.4
MLls,4,3,7,0.57
MLmB,14,13,27,0.52
MLmD,2,1,3,0.67
MLmH,9,17,26,0.35
MLmI,3,2,5,0.6
MLmJ,3,5,8,0.38
MLmL,7,5,12,0.58
MLmM,20,23,43,0.47
MLmN,20,19,39,0.51
MLmP,14,19,33,0.42
MLmS,14,17,31,0.45
MLmb,13,20,33,0.39
MLmh,1,0,1,1.0
MLml,6,6,12,0.5
MLmm,15,13,28,0.54
MLmn,20,20,40,0.5
MLms,7,11,18,0.39
MLnB,14,18,32,0.44
MLnD,4,2,6,0.67
MLnH,9,10,19,0.47
MLnI,2,2,4,0.5
MLnK,1,3,4,0.25
MLnL,6,6,12,0.5
MLnM,20,21,41,0.49
MLnN,24,27,51,0.47
MLnP,18,24,42,0.43
MLnS,10,10,20,0.5
MLnb,18,9,27,0.67
MLnh,1,0,1,1.0
MLnl,8,2,10,0.8
MLnm,24,15,39,0.62
MLnn,21,18,39,0.54
MLns,18,12,30,0.6
MLsB,2,8,10,0.2
MLsD,3,2,5,0.6
MLsH,7,11,18,0.39
MLsI,1,4,5,0.2
MLsL,0,1,1,0.0
MLsM,10,5,15,0.67
MLsN,7,9,16,0.44
MLsP,10,16,26,0.38
MLsS,9,16,25,0.36
MLsb,6,9,15,0.4
MLsh,0,2,2,0.0
MLsl,2,3,5,0.4
MLsm,11,10,21,0.52
MLsn,11,5,16,0.69
MLss,9,14,23,0.39
MLtB,1,3,4,0.25
MLtH,1,1,2,0.5
MLtL,1,3,4,0.25
MLtM,4,6,10,0.4
MLtN,0,2,2,0.0
MLtP,3,3,6,0.5
MLtS,1,2,3,0.33
MLtb,1,0,1,1.0
MLtl,1,0,1,1.0
MLtm,5,0,5,1.0
MLtn,2,4,6,0.33
MLts,2,0,2,1.0
MMBB,62,87,149,0.42
MMBD,14,8,22,0.64
MMBH,1,1,2,0.5
MMBK,5,5,10,0.5
MMBL,14,14,28,0.5
MMBM,63,63,126,0.5
MMBN,67,84,151,0.44
MMBP,75,73,148,0.51
MMBS,12,25,37,0.32
MMBb,69,69,138,0.5
MMBh,7,8,15,0.47
MMBj,13,19,32,0.41
MMBl,24,14,38,0.63
MMBm,86,85,171,0.5
MMBn,83,99,182,0.46
MMBs,21,38,59,0.36
MMBt,5,10,15,0.33
MMDB,4,5,9,0.44
MMDD,4,3,7,0.57
MMDH,6,6,12,0.5
MMDI,2,3,5,0.4
MMDL,1,4,5,0.2
MMDM,17,8,25,0.68
MMDN,8,10,18,0.44
MMDP,10,7,17,0.59
MMDS,5,2,7,0.71
MMDb,7,8,15,0.47
MMDh,3,1,4,0.75
MMDl,4,0,4,1.0
MMDm,13,7,20,0.65
MMDn,5,10,15,0.33
MMDs,6,5,11,0.55
MMDt,2,1,3,0.67
MMHB,3,1,4,0.75
MMHI,0,1,1,0.0
MMHK,1,0,1,1.0
MMHL,1,0,1,1.0
MMHM,4,3,7,0.57
MMHP,0,2,2,0.0
MMHS,2,2,4,0.5
MMHb,1,0,1,1.0
MMHl,0,0,0,
MMHm,1,2,3,0.33
MMHn,3,3,6,0.5
MMHs,0,3,3,0.0
MMIH,0,1,1,0.0
MMII,0,1,1,0.0
MMIL,1,0,1,1.0
MMIM,0,1,1,0.0
MMIN,2,0,2,1.0
MMIS,1,0,1,1.0
MMIb,0,1,1,0.0
MMIh,0,1,1,0.0
MMIm,0,1,1,0.0
MMIn,1,1,2,0.5
MMKB,0,4,4,0.0
MMKD,0,1,1,0.0
MMKK,0,2,2,0.0
MMKM,3,3,6,0.5
MMKN,1,2,3,0.33
MMKP,0,1,1,0.0
MMKS,2,1,3,0.67
MMKb,4,2,6,0.67
MMKh,0,7,7,0.0
MMKm,1,3,4,0.25
MMKn,2,2,4,0.5
MMKs,1,2,3,0.33
MMLB,5,12,17,0.29
MMLD,2,1,3,0.67
MMLK,3,0,3,1.0
MMLL,5,8,13,0.38
MMLM,4,5,9,0.44
MMLN,13,6,19,0.68
MMLP,10,15,25,0.4
MMLS,5,8,13,0.38
MMLb,11,9,20,0.55
MMLh,4,5,9,0.44
MMLj,4,1,5,0.8
MMLl,3,3,6,0.5
MMLm,16,13,29,0.55
MMLn,14,14,28,0.5
MMLs,11,13,24,0.46
MMLt,1,1,2,0.5
MMMB,71,83,154,0.46
MMMD,7,9,16,0.44
MMMH,2,1,3,0.67
MMMI,2,0,2,1.0
MMMK,1,2,3,0.33
MMML,6,10,16,0.38
MMMM,55,84,139,0.4
MMMN,66,75,141,0.47
MMMP,60,58,118,0.51
MMMS,36,33,69,0.52
MMMb,80,70,150,0.53
MMMh,34,34,68,0.5
MMMj,3,4,7,0.43
MMMl,13,16,29,0.45
MMMm,85,72,157,0.54
MMMn,79,92,171,0.46
MMMs,27,33,60,0.45
MMMt,10,3,13,0.77
MMNB,46,68,114,0.4
MMND,9,8,17,0.53
MMNH,8,13,21,0.38
MMNI,2,1,3,0.67
MMNK,3,5,8,0.38
MMNL,15,12,27,0.56
MMNM,56,67,123,0.46
MMNN,77,77,154,0.5
MMNP,78,60,138,0.57
MMNS,36,47,83,0.43
MMNb,48,43,91,0.53
MMNh,17,20,37,0.46
MMNl,16,12,28,0.57
MMNm,70,64,134,0.52
MMNn,83,84,167,0.5
MMNs,43,37,80,0.54
MMNt,11,11,22,0.5
MMPB,59,69,128,0.46
MMPD,7,10,17,0.41
MMPH,18,18,36,0.5
MMPI,12,10,22,0.55
MMPK,13,10,23,0.57
MMPL,11,21,32,0.34
MMPM,57,80,137,0.42
MMPN,71,89,160,0.44
MMPP,99,60,159,0.62
MMPS,40,37,77,0.52
MMPb,62,56,118,0.53
MMPh,4,9,13,0.31
MMPl,16,22,38,0.42
MMPm,84,66,150,0.56
MMPn,70,79,149,0.47
MMPs,37,50,87,0.43
MMPt,9,12,21,0.43
MMSB,30,35,65,0.46
MMSD,7,6,13,0.54
MMSH,16,23,39,0.41
MMSI,0,1,1,0.0
MMSK,0,1,1,0.0
MMSL,3,7,10,0.3
MMSM,40,49,89,0.45
MMSN,27,43,70,0.39
MMSP,27,37,64,0.42
MMSS,33,53,86,0.38
MMSb,27,36,63,0.43
MMSh,21,14,35,0.6
MMSl,10,7,17,0.59
MMSm,59,38,97,0.61
MMSn,43,39,82,0.52
MMSs,36,33,69,0.52
MMSt,4,4,8,0.5
MMbB,46,50,96,0.48
MMbD,10,10,20,0.5
MMbH,20,14,34,0.59
MMbI,9,4,13,0.69
MMbJ,23,18,41,0.56
MMbK,7,14,21,0.33
MMbL,13,8,21,0.62
MMbM,50,71,121,0.41
MMbN,79,100,179,0.44
MMbP,72,63,135,0.53
MMbS,39,57,96,0.41
MMbb,67,52,119,0.56
MMbh,0,1,1,0.0
MMbl,10,15,25,0.4
MMbm,68,48,116,0.59
MMbn,70,79,149,0.47
MMbs,30,34,64,0.47
MMbt,0,0,0,
MMhB,32,42,74,0.43
MMhD,6,6,12,0.5
MMhH,7,12,19,0.37
MMhI,3,6,9,0.33
MMhK,0,4,4,0.0
MMhL,6,15,21,0.29
MMhM,34,56,90,0.38
MMhN,28,38,66,0.42
MMhP,43,45,88,0.49
MMhS,39,38,77,0.51
MMhb,36,24,60,0.6
MMhh,30,38,68,0.44
MMhl,13,13,26,0.5
MMhm,69,52,121,0.57
MMhn,37,39,76,0.49
MMhs,30,31,61,0.49
MMht,7,2,9,0.78
MMjB,5,4,9,0.56
MMjD,0,3,3,0.0
MMjH,3,4,7,0.43
MMjI,1,1,2,0.5
MMjK,1,0,1,1.0
MMjL,2,3,5,0.4
MMjM,9,18,27,0.33
MMjN,12,17,29,0.41
MMjP,9,11,20,0.45
MMjS,5,7,12,0.42
MMjb,8,7,15,0.53
MMjh,1,0,1,1.0
MMjl,3,4,7,0.43
MMjm,5,8,13,0.38
MMjn,6,8,14,0.43
MMjs,8,6,14,0.57
MMjt,3,1,4,0.75
MMlB,14,11,25,0.56
MMlD,1,4,5,0.2
MMlH,12,11,23,0.52
MMlI,0,4,4,0.0
MMlJ,5,10,15,0.33
MMlK,1,0,1,1.0
MMlL,4,7,11,0.36
MMlM,16,18,34,0.47
MMlN,19,19,38,0.5
MMlP,13,20,33,0.39
MMlS,14,15,29,0.48
MMlb,15,15,30,0.5
MMll,3,1,4,0.75
MMlm,10,18,28,0.36
MMln,19,9,28,0.68
MMls,16,13,29,0.55
MMmB,68,71,139,0.49
MMmD,11,14,25,0.44
MMmH,67,65,132,0.51
MMmI,7,12,19,0.37
MMmJ,17,13,30,0.57
MMmK,0,3,3,0.0
MMmL,8,21,29,0.28
MMmM,77,91,168,0.46
MMmN,118,127,245,0.48
MMmP,63,59,122,0.52
MMmS,77,70,147,0.52
MMmb,51,59,110,0.46
MMmh,0,4,4,0.0
MMml,12,17,29,0.41
MMmm,80,65,145,0.55
MMmn,87,80,167,0.52
MMms,64,55,119,0.54
MMmt,1,0,1,1.0
MMnB,48,101,149,0.32
MMnD,14,15,29,0.48
MMnH,41,54,95,0.43
MMnI,25,22,47,0.53
MMnK,8,8,16,0.5
MMnL,10,22,32,0.31
MMnM,71,87,158,0.45
MMnN,96,128,224,0.43
MMnP,98,94,192,0.51
MMnS,72,56,128,0.56
MMnb,75,65,140,0.54
MMnh,2,6,8,0.25
MMnl,17,23,40,0.42
MMnm,121,88,209,0.58
MMnn,117,97,214,0.55
MMns,69,67,136,0.51
MMnt,0,1,1,0.0
MMsB,27,19,46,0.59
MMsD,2,10,12,0.17
MMsH,37,43,80,0.46
MMsI,5,7,12,0.42
MMsK,0,0,0,
MMsL,5,8,13,0.38
MMsM,34,46,80,0.42
MMsN,46,41,87,0.53
MMsP,33,31,64,0.52
MMsS,34,41,75,0.45
MMsb,25,26,51,0.49
MMsh,3,5,8,0.38
MMsl,13,6,19,0.68
MMsm,43,35,78,0.55
MMsn,32,43,75,0.43
MMss,46,40,86,0.53
MMst,0,0,0,
MMtB,6,9,15,0.4
MMtD,1,1,2,0.5
MMtH,7,4,11,0.64
MMtI,1,0,1,1.0
MMtK,0,1,1,0.0
MMtL,0,2,2,0.0
MMtM,12,9,21,0.57
MMtN,9,13,22,0.41
MMtP,4,8,12,0.33
MMtS,7,4,11,0.64
MMtb,6,6,12,0.5
MMtl,2,3,5,0.4
MMtm,11,16,27,0.41
MMtn,5,6,11,0.45
MMts,6,4,10,0.6
MMtt,2,3,5,0.4
MNBB,56,58,114,0.49
MNBD,7,3,10,0.7
MNBH,0,1,1,0.0
MNBI,1,0,1,1.0
MNBK,10,9,19,0.53
MNBL,10,12,22,0.45
MNBM,47,48,95,0.49
MNBN,57,68,125,0.46
MNBP,61,69,130,0.47
MNBS,18,22,40,0.45
MNBb,66,69,135,0.49
MNBh,9,7,16,0.56
MNBj,10,11,21,0.48
MNBl,10,16,26,0.38
MNBm,69,60,129,0.53
MNBn,85,103,188,0.45
MNBs,26,32,58,0.45
MNBt,8,7,15,0.53
MNDB,12,8,20,0.6
MNDD,4,1,5,0.8
MNDH,12,13,25,0.48
MNDI,2,1,3,0.67
MNDL,3,1,4,0.75
MNDM,11,12,23,0.48
MNDN,9,18,27,0.33
MNDP,8,6,14,0.57
MNDS,12,10,22,0.55
MNDb,9,6,15,0.6
MNDh,2,0,2,1.0
MNDl,1,2,3,0.33
MNDm,17,16,33,0.52
MNDn,9,8,17,0.53
MNDs,11,8,19,0.58
MNDt,0,0,0,
MNHB,10,8,18,0.56
MNHD,4,0,4,1.0
MNHH,3,4,7,0.43
MNHI,2,6,8,0.25
MNHK,1,1,2,0.5
MNHL,0,1,1,0.0
MNHM,17,15,32,0.53
MNHN,12,16,28,0.43
MNHP,11,9,20,0.55
MNHS,11,17,28,0.39
MNHb,5,11,16,0.31
MNHh,2,1,3,0.67
MNHl,3,6,9,0.33
MNHm,20,10,30,0.67
MNHn,14,17,31,0.45
MNHs,13,7,20,0.65
MNHt,2,0,2,1.0
MNIB,1,0,1,1.0
MNID,2,0,2,1.0
MNIH,0,2,2,0.0
MNII,1,0,1,1.0
MNIL,1,0,1,1.0
MNIM,1,2,3,0.33
MNIN,1,2,3,0.33
MNIP,4,2,6,0.67
MNIS,0,3,3,0.0
MNIb,2,2,4,0.5
MNIm,2,5,7,0.29
MNIn,7,3,10,0.7
MNIs,2,1,3,0.67
MNIt,1,1,2,0.5
MNKB,2,6,8,0.25
MNKD,1,2,3,0.33
MNKH,0,2,2,0.0
MNKI,2,1,3,0.67
MNKL,3,3,6,0.5
MNKM,7,9,16,0.44
MNKN,1,5,6,0.17
MNKP,8,10,18,0.44
MNKS,2,7,9,0.22
MNKb,5,2,7,0.71
MNKh,1,2,3,0.33
MNKl,1,7,8,0.12
MNKm,7,11,18,0.39
MNKn,5,10,15,0.33
MNKs,4,5,9,0.44
MNKt,1,0,1,1.0
MNLB,13,17,30,0.43
MNLD,0,1,1,0.0
MNLH,1,0,1,1.0
MNLL,3,1,4,0.75
MNLM,19,25,44,0.43
MNLN,14,13,27,0.52
MNLP,21,12,33,0.64
MNLS,7,18,25,0.28
MNLb,23,16,39,0.59
MNLh,7,5,12,0.58
MNLj,2,3,5,0.4
MNLl,3,5,8,0.38
MNLm,14,21,35,0.4
MNLn,14,16,30,0.47
MNLs,9,8,17,0.53
MNLt,1,2,3,0.33
MNMB,56,58,114,0.49
MNMD,6,2,8,0.75
MNMH,0,1,1,0.0
MNMI,0,1,1,0.0
MNMK,5,4,9,0.56
MNML,7,7,14,0.5
MNMM,40,64,104,0.38
MNMN,52,80,132,0.39
MNMP,57,74,131,0.44
MNMS,16,38,54,0.3
MNMb,52,65,117,0.44
MNMh,47,48,95,0.49
MNMj,8,7,15,0.53
MNMl,10,16,26,0.38
MNMm,91,78,169,0.54
MNMn,83,93,176,0.47
MNMs,38,38,76,0.5
MNMt,9,10,19,0.47
MNNB,60,72,132,0.45
MNND,14,11,25,0.56
MNNH,10,9,19,0.53
MNNI,2,1,3,0.67
MNNK,10,8,18,0.56
MNNL,15,16,31,0.48
MNNM,49,90,139,0.35
MNNN,90,91,181,0.5
MNNP,80,76,156,0.51
MNNS,52,48,100,0.52
MNNb,53,61,114,0.46
MNNh,20,28,48,0.42
MNNl,19,20,39,0.49
MNNm,76,87,163,0.47
MNNn,90,105,195,0.46
MNNs,61,53,114,0.54
MNNt,9,12,21,0.43
MNPB,66,68,134,0.49
MNPD,11,9,20,0.55
MNPH,22,21,43,0.51
MNPI,9,14,23,0.39
MNPK,11,11,22,0.5
MNPL,16,25,41,0.39
MNPM,69,95,164,0.42
MNPN,92,96,188,0.49
MNPP,89,89,178,0.5
MNPS,58,79,137,0.42
MNPb,50,62,112,0.45
MNPh,9,5,14,0.64
MNPl,26,25,51,0.51
MNPm,70,70,140,0.5
MNPn,58,90,148,0.39
MNPs,54,64,118,0.46
MNPt,11,9,20,0.55
MNSB,35,34,69,0.51
MNSD,12,6,18,0.67
MNSH,20,21,41,0.49
MNSI,2,3,5,0.4
MNSK,3,3,6,0.5
MNSL,8,12,20,0.4
MNSM,42,57,99,0.42
MNSN,39,60,99,0.39
MNSP,31,49,80,0.39
MNSS,50,58,108,0.46
MNSb,33,36,69,0.48
MNSh,18,33,51,0.35
MNSl,8,15,23,0.35
MNSm,63,47,110,0.57
MNSn,57,48,105,0.54
MNSs,38,31,69,0.55
MNSt,7,6,13,0.54
MNbB,41,45,86,0.48
MNbD,13,7,20,0.65
MNbH,23,20,43,0.53
MNbI,6,4,10,0.6
MNbJ,11,11,22,0.5
MNbK,6,5,11,0.55
MNbL,10,9,19,0.53
MNbM,51,61,112,0.46
MNbN,73,72,145,0.5
MNbP,53,50,103,0.51
MNbS,21,38,59,0.36
MNbb,35,33,68,0.51
MNbh,1,1,2,0.5
MNbl,20,10,30,0.67
MNbm,42,53,95,0.44
MNbn,50,42,92,0.54
MNbs,30,28,58,0.52
MNhB,14,19,33,0.42
MNhD,2,1,3,0.67
MNhH,5,4,9,0.56
MNhI,5,3,8,0.62
MNhK,0,1,1,0.0
MNhL,4,5,9,0.44
MNhM,15,26,41,0.37
MNhN,20,16,36,0.56
MNhP,16,19,35,0.46
MNhS,10,23,33,0.3
MNhb,8,14,22,0.36
MNhh,16,16,32,0.5
MNhl,7,5,12,0.58
MNhm,21,22,43,0.49
MNhn,20,23,43,0.47
MNhs,21,22,43,0.49
MNht,4,3,7,0.57
MNlB,8,9,17,0.47
MNlD,4,3,7,0.57
MNlH,7,9,16,0.44
MNlI,0,1,1,0.0
MNlJ,5,7,12,0.42
MNlK,2,2,4,0.5
MNlL,2,1,3,0.67
MNlM,17,17,34,0.5
MNlN,22,18,40,0.55
MNlP,13,21,34,0.38
MNlS,14,11,25,0.56
MNlb,12,9,21,0.57
MNlh,0,1,1,0.0
MNll,7,7,14,0.5
MNlm,11,6,17,0.65
MNln,14,13,27,0.52
MNls,13,11,24,0.54
MNmB,55,47,102,0.54
MNmD,14,17,31,0.45
MNmH,60,67,127,0.47
MNmI,10,8,18,0.56
MNmJ,13,15,28,0.46
MNmK,2,2,4,0.5
MNmL,11,18,29,0.38
MNmM,67,83,150,0.45
MNmN,96,82,178,0.54
MNmP,69,68,137,0.5
MNmS,63,52,115,0.55
MNmb,49,41,90,0.54
MNml,13,8,21,0.62
MNmm,65,64,129,0.5
MNmn,79,82,161,0.49
MNms,59,42,101,0.58
MNnB,50,54,104,0.48
MNnD,11,21,32,0.34
MNnH,60,56,116,0.52
MNnI,13,15,28,0.46
MNnK,9,14,23,0.39
MNnL,11,23,34,0.32
MNnM,64,95,159,0.4
MNnN,122,126,248,0.49
MNnP,102,116,218,0.47
MNnS,65,91,156,0.42
MNnb,58,64,122,0.48
MNnh,3,6,9,0.33
MNnl,12,20,32,0.38
MNnm,96,82,178,0.54
MNnn,104,96,200,0.52
MNns,77,84,161,0.48
MNnt,0,1,1,0.0
MNsB,36,35,71,0.51
MNsD,8,12,20,0.4
MNsH,36,54,90,0.4
MNsI,9,10,19,0.47
MNsK,1,1,2,0.5
MNsL,10,11,21,0.48
MNsM,49,37,86,0.57
MNsN,56,47,103,0.54
MNsP,50,49,99,0.51
MNsS,53,78,131,0.4
MNsb,25,35,60,0.42
MNsh,4,5,9,0.44
MNsl,14,6,20,0.7
MNsm,58,61,119,0.49
MNsn,41,55,96,0.43
MNss,54,51,105,0.51
MNtB,7,8,15,0.47
MNtD,1,0,1,1.0
MNtH,7,12,19,0.37
MNtI,2,1,3,0.67
MNtK,0,3,3,0.0
MNtL,0,2,2,0.0
MNtM,17,11,28,0.61
MNtN,10,12,22,0.45
MNtP,11,10,21,0.52
MNtS,8,9,17,0.47
MNtb,7,12,19,0.37
MNtl,1,1,2,0.5
MNtm,9,12,21,0.43
MNtn,8,9,17,0.47
MNts,9,5,14,0.64
MNtt,3,2,5,0.6
MPBB,58,70,128,0.45
MPBD,7,7,14,0.5
MPBH,3,1,4,0.75
MPBK,9,4,13,0.69
MPBL,17,17,34,0.5
MPBM,39,61,100,0.39
MPBN,60,64,124,0.48
MPBP,68,80,148,0.46
MPBS,27,28,55,0.49
MPBb,59,70,129,0.46
MPBh,8,6,14,0.57
MPBj,15,19,34,0.44
MPBl,27,16,43,0.63
MPBm,66,75,141,0.47
MPBn,82,79,161,0.51
MPBs,28,32,60,0.47
MPBt,9,12,21,0.43
MPDB,4,7,11,0.36
MPDD,3,4,7,0.43
MPDH,6,6,12,0.5
MPDI,2,0,2,1.0
MPDL,1,2,3,0.33
MPDM,7,14,21,0.33
MPDN,6,6,12,0.5
MPDP,5,17,22,0.23
MPDS,7,7,14,0.5
MPDb,5,3,8,0.62
MPDl,1,6,7,0.14
MPDm,8,12,20,0.4
MPDn,4,9,13,0.31
MPDs,9,3,12,0.75
MPDt,0,0,0,
MPHB,15,9,24,0.62
MPHD,5,3,8,0.62
MPHH,3,8,11,0.27
MPHI,4,5,9,0.44
MPHK,4,0,4,1.0
MPHL,5,2,7,0.71
MPHM,22,19,41,0.54
MPHN,18,20,38,0.47
MPHP,25,24,49,0.51
MPHS,14,20,34,0.41
MPHb,11,10,21,0.52
MPHh,4,10,14,0.29
MPHl,4,9,13,0.31
MPHm,32,22,54,0.59
MPHn,23,17,40,0.57
MPHs,19,14,33,0.58
MPHt,1,1,2,0.5
MPIB,5,7,12,0.42
MPID,2,2,4,0.5
MPIH,5,11,16,0.31
MPII,1,1,2,0.5
MPIK,0,0,0,
MPIL,0,2,2,0.0
MPIM,11,11,22,0.5
MPIN,12,9,21,0.57
MPIP,11,12,23,0.48
MPIS,11,8,19,0.58
MPIb,8,7,15,0.53
MPIh,0,2,2,0.0
MPIl,2,5,7,0.29
MPIm,7,6,13,0.54
MPIn,9,6,15,0.6
MPIs,12,3,15,0.8
MPIt,2,1,3,0.67
MPKB,9,3,12,0.75
MPKD,1,2,3,0.33
MPKH,3,0,3,1.0
MPKI,1,2,3,0.33
MPKK,1,1,2,0.5
MPKL,3,5,8,0.38
MPKM,10,6,16,0.62
MPKN,10,2,12,0.83
MPKP,6,7,13,0.46
MPKS,7,7,14,0.5
MPKb,5,10,15,0.33
MPKh,6,9,15,0.4
MPKl,6,3,9,0.67
MPKm,9,7,16,0.56
MPKn,4,7,11,0.36
MPKs,10,5,15,0.67
MPKt,1,1,2,0.5
MPLB,32,21,53,0.6
MPLD,0,2,2,0.0
MPLK,0,1,1,0.0
MPLL,2,8,10,0.2
MPLM,10,28,38,0.26
MPLN,17,13,30,0.57
MPLP,26,33,59,0.44
MPLS,4,10,14,0.29
MPLb,18,23,41,0.44
MPLh,5,7,12,0.42
MPLj,1,7,8,0.12
MPLl,8,6,14,0.57
MPLm,25,15,40,0.62
MPLn,27,26,53,0.51
MPLs,10,16,26,0.38
MPLt,0,1,1,0.0
MPMB,62,69,131,0.47
MPMD,9,9,18,0.5
MPMH,0,1,1,0.0
MPMI,1,1,2,0.5
MPMK,1,1,2,0.5
MPML,17,18,35,0.49
MPMM,60,76,136,0.44
MPMN,60,68,128,0.47
MPMP,76,70,146,0.52
MPMS,28,46,74,0.38
MPMb,66,76,142,0.46
MPMh,37,52,89,0.42
MPMj,4,13,17,0.24
MPMl,23,20,43,0.53
MPMm,93,86,179,0.52
MPMn,69,81,150,0.46
MPMs,33,33,66,0.5
MPMt,6,10,16,0.38
MPNB,59,65,124,0.48
MPND,14,9,23,0.61
MPNH,16,14,30,0.53
MPNI,0,1,1,0.0
MPNK,7,8,15,0.47
MPNL,22,24,46,0.48
MPNM,64,86,150,0.43
MPNN,74,91,165,0.45
MPNP,87,111,198,0.44
MPNS,51,68,119,0.43
MPNb,60,61,121,0.5
MPNh,30,27,57,0.53
MPNl,22,21,43,0.51
MPNm,88,61,149,0.59
MPNn,91,83,174,0.52
MPNs,51,63,114,0.45
MPNt,10,11,21,0.48
MPPB,86,82,168,0.51
MPPD,8,5,13,0.62
MPPH,27,27,54,0.5
MPPI,14,7,21,0.67
MPPK,6,13,19,0.32
MPPL,26,44,70,0.37
MPPM,77,98,175,0.44
MPPN,81,96,177,0.46
MPPP,124,121,245,0.51
MPPS,64,65,129,0.5
MPPb,61,69,130,0.47
MPPh,9,20,29,0.31
MPPl,35,31,66,0.53
MPPm,111,73,184,0.6
MPPn,84,74,158,0.53
MPPs,66,62,128,0.52
MPPt,11,7,18,0.61
MPSB,29,31,60,0.48
MPSD,5,13,18,0.28
MPSH,18,20,38,0.47
MPSI,4,3,7,0.57
MPSK,1,0,1,1.0
MPSL,20,9,29,0.69
MPSM,38,60,98,0.39
MPSN,43,39,82,0.52
MPSP,50,55,105,0.48
MPSS,37,67,104,0.36
MPSb,20,51,71,0.28
MPSh,23,33,56,0.41
MPSl,18,18,36,0.5
MPSm,49,59,108,0.45
MPSn,45,63,108,0.42
MPSs,74,57,131,0.56
MPSt,8,5,13,0.62
MPbB,45,57,102,0.44
MPbD,5,5,10,0.5
MPbH,18,17,35,0.51
MPbI,7,3,10,0.7
MPbJ,18,17,35,0.51
MPbK,3,10,13,0.23
MPbL,17,17,34,0.5
MPbM,54,66,120,0.45
MPbN,75,75,150,0.5
MPbP,60,71,131,0.46
MPbS,40,38,78,0.51
MPbb,56,51,107,0.52
MPbh,0,1,1,0.0
MPbl,21,15,36,0.58
MPbm,65,56,121,0.54
MPbn,51,51,102,0.5
MPbs,37,26,63,0.59
MPhB,7,6,13,0.54
MPhD,0,1,1,0.0
MPhH,1,3,4,0.25
MPhI,1,0,1,1.0
MPhK,1,0,1,1.0
MPhL,2,2,4,0.5
MPhM,9,8,17,0.53
MPhN,8,8,16,0.5
MPhP,8,6,14,0.57
MPhS,8,9,17,0.47
MPhb,6,6,12,0.5
MPhh,6,6,12,0.5
MPhl,4,1,5,0.8
MPhm,11,10,21,0.52
MPhn,5,8,13,0.38
MPhs,8,4,12,0.67
MPlB,27,19,46,0.59
MPlD,0,2,2,0.0
MPlH,14,16,30,0.47
MPlI,3,1,4,0.75
MPlJ,11,5,16,0.69
MPlK,1,6,7,0.14
MPlL,7,5,12,0.58
MPlM,21,35,56,0.38
MPlN,21,19,40,0.52
MPlP,25,26,51,0.49
MPlS,10,14,24,0.42
MPlb,20,19,39,0.51
MPlh,0,1,1,0.0
MPll,9,7,16,0.56
MPlm,20,14,34,0.59
MPln,21,18,39,0.54
MPls,8,13,21,0.38
MPmB,61,66,127,0.48
MPmD,6,8,14,0.43
MPmH,52,62,114,0.46
MPmI,6,10,16,0.38
MPmJ,20,15,35,0.57
MPmK,1,3,4,0.25
MPmL,20,20,40,0.5
MPmM,76,103,179,0.42
MPmN,91,71,162,0.56
MPmP,74,84,158,0.47
MPmS,54,61,115,0.47
MPmb,73,64,137,0.53
MPmh,2,2,4,0.5
MPml,23,22,45,0.51
MPmm,88,73,161,0.55
MPmn,73,53,126,0.58
MPms,57,44,101,0.56
MPmt,1,0,1,1.0
MPnB,50,60,110,0.45
MPnD,7,9,16,0.44
MPnH,41,40,81,0.51
MPnI,22,9,31,0.71
MPnK,5,7,12,0.42
MPnL,16,16,32,0.5
MPnM,53,76,129,0.41
MPnN,68,76,144,0.47
MPnP,78,96,174,0.45
MPnS,52,67,119,0.44
MPnb,56,51,107,0.52
MPnh,4,10,14,0.29
MPnl,20,24,44,0.45
MPnm,76,63,139,0.55
MPnn,63,72,135,0.47
MPns,64,66,130,0.49
MPnt,3,0,3,1.0
MPsB,28,34,62,0.45
MPsD,7,8,15,0.47
MPsH,34,50,84,0.4
MPsI,3,15,18,0.17
MPsK,0,0,0,
MPsL,20,19,39,0.51
MPsM,40,42,82,0.49
MPsN,38,43,81,0.47
MPsP,45,61,106,0.42
MPsS,57,66,123,0.46
MPsb,36,32,68,0.53
MPsh,5,1,6,0.83
MPsl,16,13,29,0.55
MPsm,59,61,120,0.49
MPsn,48,35,83,0.58
MPss,59,50,109,0.54
MPst,0,1,1,0.0
MPtB,6,8,14,0.43
MPtD,0,2,2,0.0
MPtH,5,8,13,0.38
MPtI,1,1,2,0.5
MPtK,0,0,0,
MPtL,1,2,3,0.33
MPtM,6,6,12,0.5
MPtN,9,13,22,0.41
MPtP,12,12,24,0.5
MPtS,6,9,15,0.4
MPtb,7,6,13,0.54
MPth,1,0,1,1.0
MPtl,4,5,9,0.44
MPtm,8,7,15,0.53
MPtn,5,11,16,0.31
MPts,6,9,15,0.4
MPtt,3,1,4,0.75
MSBB,28,33,61,0.46
MSBD,5,2,7,0.71
MSBH,1,0,1,1.0
MSBI,1,0,1,1.0
MSBK,5,7,12,0.42
MSBL,3,6,9,0.33
MSBM,36,41,77,0.47
MSBN,34,38,72,0.47
MSBP,48,34,82,0.59
MSBS,18,20,38,0.47
MSBb,24,30,54,0.44
MSBh,3,6,9,0.33
MSBj,4,6,10,0.4
MSBl,7,2,9,0.78
MSBm,39,30,69,0.57
MSBn,34,41,75,0.45
MSBs,16,19,35,0.46
MSBt,5,6,11,0.45
MSDB,8,4,12,0.67
MSDD,5,2,7,0.71
MSDH,3,13,16,0.19
MSDI,1,2,3,0.33
MSDL,0,1,1,0.0
MSDM,4,7,11,0.36
MSDN,6,3,9,0.67
MSDP,8,7,15,0.53
MSDS,13,8,21,0.62
MSDb,6,4,10,0.6
MSDh,2,0,2,1.0
MSDl,0,4,4,0.0
MSDm,10,9,19,0.53
MSDn,9,5,14,0.64
MSDs,13,5,18,0.72
MSDt,1,3,4,0.25
MSHB,10,12,22,0.45
MSHD,4,2,6,0.67
MSHH,3,4,7,0.43
MSHI,1,2,3,0.33
MSHK,1,3,4,0.25
MSHL,7,4,11,0.64
MSHM,25,39,64,0.39
MSHN,18,11,29,0.62
MSHP,19,17,36,0.53
MSHS,34,39,73,0.47
MSHb,9,3,12,0.75
MSHh,11,12,23,0.48
MSHl,6,1,7,0.86
MSHm,30,17,47,0.64
MSHn,23,20,43,0.53
MSHs,29,19,48,0.6
MSHt,0,3,3,0.0
MSIB,2,3,5,0.4
MSID,0,1,1,0.0
MSIH,1,1,2,0.5
MSII,1,1,2,0.5
MSIL,0,0,0,
MSIM,4,4,8,0.5
MSIN,3,1,4,0.75
MSIP,4,2,6,0.67
MSIS,3,5,8,0.38
MSIb,1,2,3,0.33
MSIl,1,0,1,1.0
MSIm,3,4,7,0.43
MSIn,1,2,3,0.33
MSIs,3,0,3,1.0
MSIt,1,0,1,1.0
MSKB,2,0,2,1.0
MSKM,0,3,3,0.0
MSKP,0,2,2,0.0
MSKS,2,0,2,1.0
MSKb,0,2,2,0.0
MSKh,0,1,1,0.0
MSKm,0,3,3,0.0
MSKn,1,0,1,1.0
MSKs,0,2,2,0.0
MSLB,6,7,13,0.46
MSLD,1,1,2,0.5
MSLH,0,2,2,0.0
MSLK,2,1,3,0.67
MSLL,2,4,6,0.33
MSLM,12,13,25,0.48
MSLN,6,10,16,0.38
MSLP,14,9,23,0.61
MSLS,4,9,13,0.31
MSLb,10,12,22,0.45
MSLh,3,5,8,0.38
MSLj,1,3,4,0.25
MSLl,3,3,6,0.5
MSLm,12,9,21,0.57
MSLn,15,21,36,0.42
MSLs,10,7,17,0.59
MSLt,2,0,2,1.0
MSMB,51,46,97,0.53
MSMD,3,6,9,0.33
MSMH,2,1,3,0.67
MSMK,1,2,3,0.33
MSML,6,9,15,0.4
MSMM,35,55,90,0.39
MSMN,33,44,77,0.43
MSMP,46,48,94,0.49
MSMS,32,40,72,0.44
MSMb,37,37,74,0.5
MSMh,30,36,66,0.45
MSMj,5,9,14,0.36
MSMl,13,10,23,0.57
MSMm,57,59,116,0.49
MSMn,44,48,92,0.48
MSMs,28,33,61,0.46
MSMt,4,9,13,0.31
MSNB,29,35,64,0.45
MSND,4,4,8,0.5
MSNH,9,5,14,0.64
MSNI,2,1,3,0.67
MSNK,2,3,5,0.4
MSNL,8,9,17,0.47
MSNM,28,43,71,0.39
MSNN,48,46,94,0.51
MSNP,40,49,89,0.45
MSNS,24,34,58,0.41
MSNb,26,22,48,0.54
MSNh,8,16,24,0.33
MSNl,9,11,20,0.45
MSNm,54,33,87,0.62
MSNn,48,53,101,0.48
MSNs,31,37,68,0.46
MSNt,6,5,11,0.55
MSPB,32,28,60,0.53
MSPD,4,6,10,0.4
MSPH,11,15,26,0.42
MSPI,8,8,16,0.5
MSPK,6,5,11,0.55
MSPL,11,11,22,0.5
MSPM,35,50,85,0.41
MSPN,38,48,86,0.44
MSPP,42,44,86,0.49
MSPS,38,37,75,0.51
MSPb,25,22,47,0.53
MSPh,3,4,7,0.43
MSPl,19,8,27,0.7
MSPm,50,42,92,0.54
MSPn,31,47,78,0.4
MSPs,34,37,71,0.48
MSPt,4,11,15,0.27
MSSB,34,40,74,0.46
MSSD,11,13,24,0.46
MSSH,33,32,65,0.51
MSSI,3,5,8,0.38
MSSK,0,2,2,0.0
MSSL,14,8,22,0.64
MSSM,48,66,114,0.42
MSSN,43,44,87,0.49
MSSP,41,47,88,0.47
MSSS,87,84,171,0.51
MSSb,30,28,58,0.52
MSSh,15,23,38,0.39
MSSl,9,13,22,0.41
MSSm,76,64,140,0.54
MSSn,44,61,105,0.42
MSSs,81,62,143,0.57
MSSt,6,12,18,0.33
MSbB,15,30,45,0.33
MSbD,6,1,7,0.86
MSbH,7,9,16,0.44
MSbI,2,5,7,0.29
MSbJ,9,8,17,0.53
MSbK,3,5,8,0.38
MSbL,4,7,11,0.36
MSbM,33,32,65,0.51
MSbN,39,32,71,0.55
MSbP,29,26,55,0.53
MSbS,25,23,48,0.52
MSbb,26,25,51,0.51
MSbh,1,0,1,1.0
MSbl,7,4,11,0.64
MSbm,36,26,62,0.58
MSbn,31,28,59,0.53
MSbs,26,21,47,0.55
MShB,18,22,40,0.45
MShD,3,4,7,0.43
MShH,3,8,11,0.27
MShI,4,4,8,0.5
MShK,1,1,2,0.5
MShL,2,3,5,0.4
MShM,19,37,56,0.34
MShN,25,28,53,0.47
MShP,21,21,42,0.5
MShS,25,26,51,0.49
MShb,18,21,39,0.46
MShh,14,16,30,0.47
MShl,8,4,12,0.67
MShm,29,21,50,0.58
MShn,23,20,43,0.53
MShs,23,18,41,0.56
MSht,6,2,8,0.75
MSlB,8,4,12,0.67
MSlH,11,6,17,0.65
MSlI,1,2,3,0.33
MSlJ,3,4,7,0.43
MSlK,1,1,2,0.5
MSlL,2,1,3,0.67
MSlM,10,16,26,0.38
MSlN,11,11,22,0.5
MSlP,8,9,17,0.47
MSlS,11,8,19,0.58
MSlb,5,8,13,0.38
MSll,2,2,4,0.5
MSlm,12,13,25,0.48
MSln,8,7,15,0.53
MSls,12,11,23,0.52
MSmB,35,35,70,0.5
MSmD,13,9,22,0.59
MSmH,33,40,73,0.45
MSmI,11,4,15,0.73
MSmJ,11,11,22,0.5
MSmK,1,2,3,0.33
MSmL,7,14,21,0.33
MSmM,48,78,126,0.38
MSmN,68,75,143,0.48
MSmP,36,43,79,0.46
MSmS,52,61,113,0.46
MSmb,55,24,79,0.7
MSmh,0,1,1,0.0
MSml,9,8,17,0.53
MSmm,52,50,102,0.51
MSmn,52,55,107,0.49
MSms,46,29,75,0.61
MSnB,27,28,55,0.49
MSnD,9,8,17,0.53
MSnH,28,30,58,0.48
MSnI,8,10,18,0.44
MSnK,2,6,8,0.25
MSnL,9,13,22,0.41
MSnM,39,49,88,0.44
MSnN,66,54,120,0.55
MSnP,62,44,106,0.58
MSnS,59,47,106,0.56
MSnb,35,31,66,0.53
MSnh,0,4,4,0.0
MSnl,10,8,18,0.56
MSnm,49,31,80,0.61
MSnn,37,55,92,0.4
MSns,47,37,84,0.56
MSnt,1,3,4,0.25
MSsB,36,30,66,0.55
MSsD,9,8,17,0.53
MSsH,44,55,99,0.44
MSsI,3,11,14,0.21
MSsK,2,1,3,0.67
MSsL,14,10,24,0.58
MSsM,41,52,93,0.44
MSsN,44,45,89,0.49
MSsP,35,38,73,0.48
MSsS,71,68,139,0.51
MSsb,23,27,50,0.46
MSsh,5,2,7,0.71
MSsl,12,10,22,0.55
MSsm,55,54,109,0.5
MSsn,38,44,82,0.46
MSss,63,66,129,0.49
MSst,0,4,4,0.0
MStB,3,14,17,0.18
MStD,2,0,2,1.0
MStH,6,4,10,0.6
MStI,2,0,2,1.0
MStK,1,1,2,0.5
MStL,1,4,5,0.2
MStM,4,9,13,0.31
MStN,7,6,13,0.54
MStP,6,7,13,0.46
MStS,10,12,22,0.45
MStb,2,3,5,0.4
MStl,2,0,2,1.0
MStm,11,4,15,0.73
MStn,9,10,19,0.47
MSts,13,7,20,0.65
MStt,3,1,4,0.75
MbBB,46,54,100,0.46
MbBD,7,10,17,0.41
MbBH,0,0,0,
MbBI,1,0,1,1.0
MbBK,7,3,10,0.7
MbBL,12,9,21,0.57
MbBM,33,44,77,0.43
MbBN,64,62,126,0.51
MbBP,53,52,105,0.5
MbBS,39,34,73,0.53
MbBb,41,35,76,0.54
MbBh,7,11,18,0.39
MbBj,15,5,20,0.75
MbBl,12,12,24,0.5
MbBm,43,37,80,0.54
MbBn,68,61,129,0.53
MbBs,25,18,43,0.58
MbBt,6,2,8,0.75
MbDB,5,4,9,0.56
MbDD,3,4,7,0.43
MbDH,7,7,14,0.5
MbDI,1,0,1,1.0
MbDL,4,1,5,0.8
MbDM,11,13,24,0.46
MbDN,3,7,10,0.3
MbDP,9,7,16,0.56
MbDS,12,10,22,0.55
MbDb,7,0,7,1.0
MbDl,2,1,3,0.67
MbDm,8,9,17,0.47
MbDn,11,7,18,0.61
MbDs,11,2,13,0.85
MbDt,0,1,1,0.0
MbHB,12,10,22,0.55
MbHD,2,3,5,0.4
MbHH,4,4,8,0.5
MbHI,2,4,6,0.33
MbHK,3,0,3,1.0
MbHL,5,6,11,0.45
MbHM,14,21,35,0.4
MbHN,23,32,55,0.42
MbHP,21,24,45,0.47
MbHS,17,18,35,0.49
MbHb,9,14,23,0.39
MbHh,12,7,19,0.63
MbHl,4,3,7,0.57
MbHm,14,12,26,0.54
MbHn,21,20,41,0.51
MbHs,21,17,38,0.55
MbHt,1,1,2,0.5
MbIB,6,2,8,0.75
MbID,2,2,4,0.5
MbIH,7,10,17,0.41
MbII,1,0,1,1.0
MbIL,3,3,6,0.5
MbIM,5,11,16,0.31
MbIN,8,11,19,0.42
MbIP,12,6,18,0.67
MbIS,9,5,14,0.64
MbIb,6,6,12,0.5
MbIl,3,3,6,0.5
MbIm,7,3,10,0.7
MbIn,7,6,13,0.54
MbIs,4,9,13,0.31
MbIt,1,0,1,1.0
MbJB,12,10,22,0.55
MbJD,0,1,1,0.0
MbJH,10,8,18,0.56
MbJI,3,2,5,0.6
MbJK,3,3,6,0.5
MbJL,3,5,8,0.38
MbJM,17,22,39,0.44
MbJN,14,19,33,0.42
MbJP,19,20,39,0.49
MbJS,7,17,24,0.29
MbJb,16,9,25,0.64
MbJh,3,6,9,0.33
MbJl,4,5,9,0.44
MbJm,20,20,40,0.5
MbJn,12,22,34,0.35
MbJs,10,8,18,0.56
MbJt,3,2,5,0.6
MbKB,7,3,10,0.7
MbKD,0,2,2,0.0
MbKH,4,0,4,1.0
MbKI,6,1,7,0.86
MbKL,1,4,5,0.2
MbKM,4,11,15,0.27
MbKN,6,8,14,0.43
MbKP,10,11,21,0.48
MbKS,6,9,15,0.4
MbKb,1,4,5,0.2
MbKh,9,11,20,0.45
MbKl,1,2,3,0.33
MbKm,10,5,15,0.67
MbKn,14,6,20,0.7
MbKs,4,4,8,0.5
MbKt,0,0,0,
MbLB,14,14,28,0.5
MbLD,1,1,2,0.5
MbLH,1,0,1,1.0
MbLK,0,1,1,0.0
MbLL,2,3,5,0.4
MbLM,8,13,21,0.38
MbLN,18,8,26,0.69
MbLP,17,4,21,0.81
MbLS,5,12,17,0.29
MbLb,9,10,19,0.47
MbLh,6,4,10,0.6
MbLj,1,1,2,0.5
MbLl,5,1,6,0.83
MbLm,16,8,24,0.67
MbLn,17,17,34,0.5
MbLs,4,10,14,0.29
MbLt,3,2,5,0.6
MbMB,39,55,94,0.41
MbMD,12,3,15,0.8
MbMH,2,0,2,1.0
MbMI,2,0,2,1.0
MbMK,2,1,3,0.67
MbML,12,10,22,0.55
MbMM,38,49,87,0.44
MbMN,63,66,129,0.49
MbMP,53,56,109,0.49
MbMS,44,43,87,0.51
MbMb,50,44,94,0.53
MbMh,39,33,72,0.54
MbMj,8,12,20,0.4
MbMl,11,12,23,0.48
MbMm,74,64,138,0.54
MbMn,87,84,171,0.51
MbMs,39,36,75,0.52
MbMt,4,3,7,0.57
MbNB,43,70,113,0.38
MbND,7,7,14,0.5
MbNH,25,17,42,0.6
MbNI,3,2,5,0.6
MbNK,4,13,17,0.24
MbNL,18,13,31,0.58
MbNM,60,76,136,0.44
MbNN,85,107,192,0.44
MbNP,103,113,216,0.48
MbNS,59,59,118,0.5
MbNb,50,61,111,0.45
MbNh,25,33,58,0.43
MbNl,25,19,44,0.57
MbNm,78,76,154,0.51
MbNn,97,104,201,0.48
MbNs,67,57,124,0.54
MbNt,13,14,27,0.48
MbPB,37,44,81,0.46
MbPD,9,10,19,0.47
MbPH,19,17,36,0.53
MbPI,8,8,16,0.5
MbPK,10,9,19,0.53
MbPL,8,17,25,0.32
MbPM,66,69,135,0.49
MbPN,59,67,126,0.47
MbPP,84,100,184,0.46
MbPS,35,56,91,0.38
MbPb,47,39,86,0.55
MbPh,2,6,8,0.25
MbPl,18,17,35,0.51
MbPm,62,60,122,0.51
MbPn,59,77,136,0.43
MbPs,37,41,78,0.47
MbPt,6,12,18,0.33
MbSB,25,25,50,0.5
MbSD,5,1,6,0.83
MbSH,17,20,37,0.46
MbSI,2,5,7,0.29
MbSL,13,5,18,0.72
MbSM,35,43,78,0.45
MbSN,37,37,74,0.5
MbSP,46,47,93,0.49
MbSS,48,47,95,0.51
MbSb,27,19,46,0.59
MbSh,26,20,46,0.57
MbSl,12,6,18,0.67
MbSm,41,32,73,0.56
MbSn,52,46,98,0.53
MbSs,50,42,92,0.54
MbSt,8,8,16,0.5
MbbB,47,50,97,0.48
MbbD,4,3,7,0.57
MbbH,14,19,33,0.42
MbbI,6,8,14,0.43
MbbJ,13,12,25,0.52
MbbK,2,10,12,0.17
MbbL,6,12,18,0.33
MbbM,52,49,101,0.51
MbbN,72,65,137,0.53
MbbP,52,58,110,0.47
MbbS,28,35,63,0.44
Mbbb,40,34,74,0.54
Mbbh,0,1,1,0.0
Mbbl,16,9,25,0.64
Mbbm,47,34,81,0.58
Mbbn,58,53,111,0.52
Mbbs,18,24,42,0.43
MbhB,2,0,2,1.0
MbhH,0,0,0,
MbhM,0,0,0,
Mbhh,0,0,0,
Mbhm,1,0,1,1.0
Mbhn,0,1,1,0.0
MblB,10,14,24,0.42
MblD,2,2,4,0.5
MblH,5,6,11,0.45
MblI,2,1,3,0.67
MblJ,7,1,8,0.88
MblK,1,0,1,1.0
MblL,9,6,15,0.6
MblM,12,14,26,0.46
MblN,15,14,29,0.52
MblP,16,11,27,0.59
MblS,9,9,18,0.5
Mblb,19,9,28,0.68
Mbll,3,3,6,0.5
Mblm,11,11,22,0.5
Mbln,15,15,30,0.5
Mbls,4,3,7,0.57
MbmB,48,38,86,0.56
MbmD,12,7,19,0.63
MbmH,39,37,76,0.51
MbmI,5,4,9,0.56
MbmJ,21,10,31,0.68
MbmK,1,0,1,1.0
MbmL,16,11,27,0.59
MbmM,52,62,114,0.46
MbmN,69,78,147,0.47
MbmP,72,47,119,0.61
MbmS,46,43,89,0.52
Mbmb,42,40,82,0.51
Mbmh,0,1,1,0.0
Mbml,6,8,14,0.43
Mbmm,47,50,97,0.48
Mbmn,79,40,119,0.66
Mbms,31,34,65,0.48
MbnB,45,42,87,0.52
MbnD,10,13,23,0.43
MbnH,43,37,80,0.54
MbnI,15,11,26,0.58
MbnK,9,4,13,0.69
MbnL,12,18,30,0.4
MbnM,62,54,116,0.53
MbnN,85,89,174,0.49
MbnP,80,78,158,0.51
MbnS,43,64,107,0.4
Mbnb,52,63,115,0.45
Mbnh,5,3,8,0.62
Mbnl,8,13,21,0.38
Mbnm,73,54,127,0.57
Mbnn,82,76,158,0.52
Mbns,48,37,85,0.56
Mbnt,1,2,3,0.33
MbsB,23,29,52,0.44
MbsD,7,9,16,0.44
MbsH,37,45,82,0.45
MbsI,4,4,8,0.5
MbsL,11,5,16,0.69
MbsM,20,48,68,0.29
MbsN,41,31,72,0.57
MbsP,36,37,73,0.49
MbsS,45,54,99,0.45
Mbsb,30,22,52,0.58
Mbsh,3,2,5,0.6
Mbsl,9,5,14,0.64
Mbsm,43,19,62,0.69
Mbsn,36,30,66,0.55
Mbss,45,42,87,0.52
Mbst,1,2,3,0.33
MbtH,1,0,1,1.0
MbtP,1,1,2,0.5
MbtS,0,1,1,0.0
Mbtm,0,0,0,
Mbtn,0,1,1,0.0
Mbts,0,1,1,0.0
MhBB,25,42,67,0.37
MhBD,5,4,9,0.56
MhBH,2,0,2,1.0
MhBI,0,1,1,0.0
MhBK,4,6,10,0.4
MhBL,10,7,17,0.59
MhBM,25,52,77,0.32
MhBN,35,57,92,0.38
MhBP,38,39,77,0.49
MhBS,23,22,45,0.51
MhBb,52,28,80,0.65
MhBh,4,6,10,0.4
MhBj,8,6,14,0.57
MhBl,10,10,20,0.5
MhBm,56,48,104,0.54
MhBn,52,56,108,0.48
MhBs,21,27,48,0.44
MhBt,7,2,9,0.78
MhDB,4,7,11,0.36
MhDD,0,2,2,0.0
MhDH,2,9,11,0.18
MhDI,2,1,3,0.67
MhDL,1,1,2,0.5
MhDM,2,10,12,0.17
MhDN,3,3,6,0.5
MhDP,1,5,6,0.17
MhDS,4,8,12,0.33
MhDb,3,4,7,0.43
MhDl,2,3,5,0.4
MhDm,5,5,10,0.5
MhDn,5,3,8,0.62
MhDs,5,4,9,0.56
MhDt,0,1,1,0.0
MhHB,5,2,7,0.71
MhHD,3,0,3,1.0
MhHH,8,2,10,0.8
MhHI,2,2,4,0.5
MhHK,0,2,2,0.0
MhHL,2,7,9,0.22
MhHM,11,12,23,0.48
MhHN,12,4,16,0.75
MhHP,11,7,18,0.61
MhHS,16,14,30,0.53
MhHb,4,10,14,0.29
MhHh,9,4,13,0.69
MhHl,5,3,8,0.62
MhHm,12,9,21,0.57
MhHn,10,5,15,0.67
MhHs,15,8,23,0.65
MhHt,1,0,1,1.0
MhIB,3,3,6,0.5
MhID,3,1,4,0.75
MhIH,6,8,14,0.43
MhII,1,0,1,1.0
MhIL,2,5,7,0.29
MhIM,2,11,13,0.15
MhIN,5,6,11,0.45
MhIP,5,0,5,1.0
MhIS,9,3,12,0.75
MhIb,2,4,6,0.33
MhIh,1,3,4,0.25
MhIl,3,2,5,0.6
MhIm,10,9,19,0.53
MhIn,5,4,9,0.56
MhIs,4,7,11,0.36
MhIt,1,1,2,0.5
MhKB,2,1,3,0.67
MhKD,0,0,0,
MhKI,1,0,1,1.0
MhKM,1,0,1,1.0
MhKN,4,1,5,0.8
MhKP,1,0,1,1.0
MhKS,1,1,2,0.5
MhKb,1,2,3,0.33
MhKh,0,0,0,
MhKl,1,1,2,0.5
MhKm,2,3,5,0.4
MhKn,0,1,1,0.0
MhKs,5,1,6,0.83
MhLB,10,6,16,0.62
MhLD,1,1,2,0.5
MhLK,2,4,6,0.33
MhLL,1,5,6,0.17
MhLM,13,8,21,0.62
MhLN,11,12,23,0.48
MhLP,7,15,22,0.32
MhLS,4,10,14,0.29
MhLb,11,9,20,0.55
MhLh,3,6,9,0.33
MhLj,7,2,9,0.78
MhLl,7,3,10,0.7
MhLm,9,8,17,0.53
MhLn,11,21,32,0.34
MhLs,6,12,18,0.33
MhLt,0,2,2,0.0
MhMB,46,58,104,0.44
MhMD,8,1,9,0.89
MhMH,2,0,2,1.0
MhMK,1,4,5,0.2
MhML,7,12,19,0.37
MhMM,47,56,103,0.46
MhMN,36,50,86,0.42
MhMP,54,62,116,0.47
MhMS,29,35,64,0.45
MhMb,37,56,93,0.4
MhMh,26,48,74,0.35
MhMj,10,3,13,0.77
MhMl,11,10,21,0.52
MhMm,71,46,117,0.61
MhMn,64,77,141,0.45
MhMs,37,27,64,0.58
MhMt,6,7,13,0.46
MhNB,32,45,77,0.42
MhND,4,6,10,0.4
MhNH,8,17,25,0.32
MhNI,2,0,2,1.0
MhNK,6,8,14,0.43
MhNL,9,16,25,0.36
MhNM,36,35,71,0.51
MhNN,44,62,106,0.42
MhNP,53,43,96,0.55
MhNS,37,32,69,0.54
MhNb,28,38,66,0.42
MhNh,10,13,23,0.43
MhNl,10,14,24,0.42
MhNm,51,42,93,0.55
MhNn,44,52,96,0.46
MhNs,38,39,77,0.49
MhNt,9,4,13,0.69
MhPB,40,56,96,0.42
MhPD,6,6,12,0.5
MhPH,15,17,32,0.47
MhPI,8,5,13,0.62
MhPK,9,8,17,0.53
MhPL,19,17,36,0.53
MhPM,58,61,119,0.49
MhPN,41,48,89,0.46
MhPP,57,56,113,0.5
MhPS,38,58,96,0.4
MhPb,40,30,70,0.57
MhPh,9,7,16,0.56
MhPl,15,17,32,0.47
MhPm,65,54,119,0.55
MhPn,53,38,91,0.58
MhPs,42,39,81,0.52
MhPt,8,3,11,0.73
MhSB,24,33,57,0.42
MhSD,8,2,10,0.8
MhSH,10,17,27,0.37
MhSI,3,4,7,0.43
MhSK,1,0,1,1.0
MhSL,7,14,21,0.33
MhSM,44,44,88,0.5
MhSN,30,35,65,0.46
MhSP,36,50,86,0.42
MhSS,47,53,100,0.47
MhSb,24,19,43,0.56
MhSh,15,26,41,0.37
MhSl,15,6,21,0.71
MhSm,44,30,74,0.59
MhSn,29,47,76,0.38
MhSs,49,51,100,0.49
MhSt,7,9,16,0.44
MhbB,28,24,52,0.54
MhbD,4,4,8,0.5
MhbH,6,12,18,0.33
MhbI,4,2,6,0.67
MhbJ,9,5,14,0.64
MhbK,8,4,12,0.67
MhbL,8,14,22,0.36
MhbM,43,36,79,0.54
MhbN,42,41,83,0.51
MhbP,26,34,60,0.43
MhbS,21,29,50,0.42
Mhbb,31,21,52,0.6
Mhbh,1,1,2,0.5
Mhbl,7,10,17,0.41
Mhbm,36,26,62,0.58
Mhbn,42,27,69,0.61
Mhbs,23,22,45,0.51
MhhB,28,33,61,0.46
MhhD,4,5,9,0.44
MhhH,7,10,17,0.41
MhhI,5,5,10,0.5
MhhK,0,1,1,0.0
MhhL,9,9,18,0.5
MhhM,25,37,62,0.4
MhhN,27,29,56,0.48
MhhP,38,35,73,0.52
MhhS,35,38,73,0.48
Mhhb,25,27,52,0.48
Mhhh,31,33,64,0.48
Mhhl,9,10,19,0.47
Mhhm,43,30,73,0.59
Mhhn,27,35,62,0.44
Mhhs,30,25,55,0.55
Mhht,4,0,4,1.0
MhlB,9,16,25,0.36
MhlD,2,1,3,0.67
MhlH,8,12,20,0.4
MhlI,0,1,1,0.0
MhlJ,1,4,5,0.2
MhlK,2,1,3,0.67
MhlL,4,2,6,0.67
MhlM,6,25,31,0.19
MhlN,15,14,29,0.52
MhlP,13,16,29,0.45
MhlS,6,11,17,0.35
Mhlb,10,9,19,0.53
Mhll,3,3,6,0.5
Mhlm,18,13,31,0.58
Mhln,12,15,27,0.44
Mhls,9,15,24,0.38
MhmB,42,44,86,0.49
MhmD,16,10,26,0.62
MhmH,39,51,90,0.43
MhmI,8,5,13,0.62
MhmJ,14,13,27,0.52
MhmK,3,2,5,0.6
MhmL,16,10,26,0.62
MhmM,47,75,122,0.39
MhmN,76,67,143,0.53
MhmP,48,33,81,0.59
MhmS,53,36,89,0.6
Mhmb,39,42,81,0.48
Mhmh,1,2,3,0.33
Mhml,13,15,28,0.46
Mhmm,60,53,113,0.53
Mhmn,59,51,110,0.54
Mhms,34,27,61,0.56
MhnB,35,23,58,0.6
MhnD,5,8,13,0.38
MhnH,30,25,55,0.55
MhnI,9,11,20,0.45
MhnK,6,8,14,0.43
MhnL,16,7,23,0.7
MhnM,43,45,88,0.49
MhnN,60,62,122,0.49
MhnP,67,59,126,0.53
MhnS,39,57,96,0.41
Mhnb,27,27,54,0.5
Mhnh,2,2,4,0.5
Mhnl,12,18,30,0.4
Mhnm,74,48,122,0.61
Mhnn,54,31,85,0.64
Mhns,45,43,88,0.51
Mhnt,1,0,1,1.0
MhsB,22,25,47,0.47
MhsD,6,6,12,0.5
MhsH,34,45,79,0.43
MhsI,8,10,18,0.44
MhsK,1,3,4,0.25
MhsL,10,10,20,0.5
MhsM,44,57,101,0.44
MhsN,36,38,74,0.49
MhsP,42,41,83,0.51
MhsS,55,62,117,0.47
Mhsb,26,21,47,0.55
Mhsh,4,7,11,0.36
Mhsl,8,12,20,0.4
Mhsm,39,44,83,0.47
Mhsn,40,29,69,0.58
Mhss,43,51,94,0.46
Mhst,0,0,0,
MhtB,6,2,8,0.75
MhtD,1,1,2,0.5
MhtH,1,6,7,0.14
MhtK,1,0,1,1.0
MhtL,3,0,3,1.0
MhtM,4,5,9,0.44
MhtN,4,1,5,0.8
MhtP,10,5,15,0.67
MhtS,2,5,7,0.29
Mhtb,4,5,9,0.44
Mhtl,0,2,2,0.0
Mhtm,7,5,12,0.58
Mhtn,3,4,7,0.43
Mhts,3,3,6,0.5
Mhtt,1,0,1,1.0
MjBB,10,10,20,0.5
MjBD,1,1,2,0.5
MjBK,0,2,2,0.0
MjBL,1,4,5,0.2
MjBM,10,9,19,0.53
MjBN,6,12,18,0.33
MjBP,6,8,14,0.43
MjBS,5,5,10,0.5
MjBb,9,11,20,0.45
MjBj,3,1,4,0.75
MjBl,2,3,5,0.4
MjBm,7,11,18,0.39
MjBn,7,8,15,0.47
MjBs,3,6,9,0.33
MjBt,0,1,1,0.0
MjDB,1,0,1,1.0
MjDD,0,2,2,0.0
MjDH,2,1,3,0.67
MjDL,0,2,2,0.0
MjDM,0,1,1,0.0
MjDN,0,0,0,
MjDP,0,0,0,
MjDS,3,0,3,1.0
MjDm,2,1,3,0.67
MjDn,1,0,1,1.0
MjDs,1,2,3,0.33
MjHB,3,3,6,0.5
MjHD,0,1,1,0.0
MjHH,0,2,2,0.0
MjHI,1,1,2,0.5
MjHL,2,1,3,0.67
MjHM,1,4,5,0.2
MjHN,1,2,3,0.33
MjHP,6,5,11,0.55
MjHS,3,1,4,0.75
MjHb,2,2,4,0.5
MjHh,0,1,1,0.0
MjHl,2,0,2,1.0
MjHm,5,3,8,0.62
MjHn,2,3,5,0.4
MjHs,2,4,6,0.33
MjHt,2,0,2,1.0
MjIB,2,1,3,0.67
MjID,0,1,1,0.0
MjIH,0,1,1,0.0
MjII,0,2,2,0.0
MjIL,0,2,2,0.0
MjIM,0,3,3,0.0
MjIN,3,1,4,0.75
MjIP,2,1,3,0.67
MjIS,0,2,2,0.0
MjIb,0,2,2,0.0
MjIm,3,1,4,0.75
MjIn,0,1,1,0.0
MjIs,0,1,1,0.0
MjIt,0,2,2,0.0
MjKB,1,1,2,0.5
MjKH,0,2,2,0.0
MjKL,0,1,1,0.0
MjKM,2,1,3,0.67
MjKN,0,1,1,0.0
MjKP,1,0,1,1.0
MjKS,2,1,3,0.67
MjKb,1,1,2,0.5
MjKh,0,1,1,0.0
MjKm,2,0,2,1.0
MjKn,1,3,4,0.25
MjKs,4,0,4,1.0
MjKt,0,0,0,
MjLB,3,5,8,0.38
MjLD,1,0,1,1.0
MjLL,0,1,1,0.0
MjLM,1,2,3,0.33
MjLN,2,4,6,0.33
MjLP,6,4,10,0.6
MjLS,2,3,5,0.4
MjLb,4,3,7,0.57
MjLh,3,1,4,0.75
MjLj,1,0,1,1.0
MjLl,2,2,4,0.5
MjLm,2,2,4,0.5
MjLn,7,6,13,0.54
MjLs,4,3,7,0.57
MjLt,1,0,1,1.0
MjMB,10,8,18,0.56
MjMD,1,0,1,1.0
MjMK,1,1,2,0.5
MjML,2,2,4,0.5
MjMM,7,10,17,0.41
MjMN,9,10,19,0.47
MjMP,10,14,24,0.42
MjMS,4,7,11,0.36
MjMb,8,4,12,0.67
MjMh,8,7,15,0.53
MjMj,1,3,4,0.25
MjMl,2,1,3,0.67
MjMm,13,8,21,0.62
MjMn,16,21,37,0.43
MjMs,7,6,13,0.54
MjNB,9,8,17,0.53
MjND,0,3,3,0.0
MjNH,2,0,2,1.0
MjNI,2,0,2,1.0
MjNK,1,2,3,0.33
MjNL,2,2,4,0.5
MjNM,12,9,21,0.57
MjNN,6,15,21,0.29
MjNP,13,16,29,0.45
MjNS,4,4,8,0.5
MjNb,7,4,11,0.64
MjNh,4,6,10,0.4
MjNl,2,4,6,0.33
MjNm,10,7,17,0.59
MjNn,11,17,28,0.39
MjNs,5,10,15,0.33
MjNt,2,2,4,0.5
MjPB,11,11,22,0.5
MjPD,0,2,2,0.0
MjPH,2,3,5,0.4
MjPI,4,1,5,0.8
MjPK,0,2,2,0.0
MjPL,8,4,12,0.67
MjPM,11,13,24,0.46
MjPN,16,13,29,0.55
MjPP,11,20,31,0.35
MjPS,8,10,18,0.44
MjPb,8,10,18,0.44
MjPh,2,2,4,0.5
MjPl,7,5,12,0.58
MjPm,17,12,29,0.59
MjPn,10,13,23,0.43
MjPs,8,8,16,0.5
MjPt,0,1,1,0.0
MjSB,8,7,15,0.53
MjSD,1,2,3,0.33
MjSH,3,3,6,0.5
MjSL,1,3,4,0.25
MjSM,6,5,11,0.55
MjSN,5,7,12,0.42
MjSP,3,8,11,0.27
MjSS,6,9,15,0.4
MjSb,1,4,5,0.2
MjSh,9,4,13,0.69
MjSl,2,1,3,0.67
MjSm,3,7,10,0.3
MjSn,5,2,7,0.71
MjSs,7,10,17,0.41
MjSt,2,1,3,0.67
MjbB,7,9,16,0.44
MjbD,1,0,1,1.0
MjbH,2,4,6,0.33
MjbI,0,0,0,
MjbJ,2,2,4,0.5
MjbK,1,0,1,1.0
MjbL,0,0,0,
MjbM,13,11,24,0.54
MjbN,11,6,17,0.65
MjbP,8,13,21,0.38
MjbS,3,0,3,1.0
Mjbb,11,6,17,0.65
Mjbl,3,3,6,0.5
Mjbm,8,10,18,0.44
Mjbn,6,6,12,0.5
Mjbs,9,3,12,0.75
MjhB,0,1,1,0.0
MjhH,0,1,1,0.0
MjhL,0,1,1,0.0
MjhM,0,1,1,0.0
MjhN,1,3,4,0.25
MjhP,3,1,4,0.75
MjhS,4,0,4,1.0
Mjhm,2,4,6,0.33
Mjhn,0,1,1,0.0
Mjhs,1,3,4,0.25
Mjht,0,0,0,
MjlB,2,8,10,0.2
MjlD,1,0,1,1.0
MjlH,3,0,3,1.0
MjlI,1,1,2,0.5
MjlJ,1,1,2,0.5
MjlL,2,1,3,0.67
MjlM,6,6,12,0.5
MjlN,3,3,6,0.5
MjlP,6,4,10,0.6
MjlS,3,3,6,0.5
Mjlb,2,3,5,0.4
Mjll,1,1,2,0.5
Mjlm,0,3,3,0.0
Mjln,4,2,6,0.67
Mjls,2,6,8,0.25
MjmB,5,12,17,0.29
MjmD,1,2,3,0.33
MjmH,18,8,26,0.69
MjmI,1,0,1,1.0
MjmJ,2,1,3,0.67
MjmK,1,1,2,0.5
MjmL,2,3,5,0.4
MjmM,11,12,23,0.48
MjmN,5,7,12,0.42
MjmP,10,13,23,0.43
MjmS,6,7,13,0.46
Mjmb,11,8,19,0.58
Mjmh,0,1,1,0.0
Mjml,3,4,7,0.43
Mjmm,11,8,19,0.58
Mjmn,10,5,15,0.67
Mjms,10,5,15,0.67
MjnB,10,9,19,0.53
MjnD,4,1,5,0.8
MjnH,8,7,15,0.53
MjnI,2,1,3,0.67
MjnK,1,2,3,0.33
MjnL,6,6,12,0.5
MjnM,9,6,15,0.6
MjnN,10,14,24,0.42
MjnP,11,11,22,0.5
MjnS,7,4,11,0.64
Mjnb,6,12,18,0.33
Mjnh,1,1,2,0.5
Mjnl,4,2,6,0.67
Mjnm,10,8,18,0.56
Mjnn,11,3,14,0.79
Mjns,10,8,18,0.56
MjsB,7,5,12,0.58
MjsD,2,0,2,1.0
MjsH,9,5,14,0.64
MjsI,1,1,2,0.5
MjsL,2,6,8,0.25
MjsM,8,14,22,0.36
MjsN,11,7,18,0.61
MjsP,6,4,10,0.6
MjsS,6,11,17,0.35
Mjsb,5,8,13,0.38
Mjsh,0,1,1,0.0
Mjsl,1,3,4,0.25
Mjsm,9,6,15,0.6
Mjsn,5,5,10,0.5
Mjss,10,8,18,0.56
MjtB,2,0,2,1.0
MjtH,0,1,1,0.0
MjtL,1,1,2,0.5
MjtM,2,3,5,0.4
MjtN,1,0,1,1.0
MjtP,2,5,7,0.29
MjtS,1,0,1,1.0
Mjtb,2,1,3,0.67
Mjtl,1,1,2,0.5
Mjtm,2,1,3,0.67
Mjtn,1,1,2,0.5
MlBB,14,19,33,0.42
MlBD,2,1,3,0.67
MlBK,1,1,2,0.5
MlBL,3,2,5,0.6
MlBM,14,17,31,0.45
MlBN,17,20,37,0.46
MlBP,10,14,24,0.42
MlBS,11,13,24,0.46
MlBb,11,16,27,0.41
MlBh,3,2,5,0.6
MlBj,3,3,6,0.5
MlBl,5,5,10,0.5
MlBm,17,14,31,0.55
MlBn,27,13,40,0.68
MlBs,6,9,15,0.4
MlBt,1,1,2,0.5
MlDB,1,0,1,1.0
MlDD,0,1,1,0.0
MlDH,4,0,4,1.0
MlDL,0,1,1,0.0
MlDM,1,4,5,0.2
MlDN,1,2,3,0.33
MlDP,1,1,2,0.5
MlDS,4,2,6,0.67
MlDb,2,3,5,0.4
MlDl,1,0,1,1.0
MlDm,2,2,4,0.5
MlDn,2,0,2,1.0
MlDs,1,2,3,0.33
MlDt,0,1,1,0.0
MlHB,10,7,17,0.59
MlHD,1,3,4,0.25
MlHH,5,0,5,1.0
MlHI,2,2,4,0.5
MlHK,1,1,2,0.5
MlHL,2,6,8,0.25
MlHM,10,10,20,0.5
MlHN,17,9,26,0.65
MlHP,20,16,36,0.56
MlHS,10,8,18,0.56
MlHb,7,6,13,0.54
MlHh,8,8,16,0.5
MlHl,4,1,5,0.8
MlHm,13,15,28,0.46
MlHn,17,18,35,0.49
MlHs,12,15,27,0.44
MlHt,1,1,2,0.5
MlID,2,0,2,1.0
MlIH,4,1,5,0.8
MlII,0,1,1,0.0
MlIL,2,0,2,1.0
MlIM,2,7,9,0.22
MlIN,3,3,6,0.5
MlIP,1,5,6,0.17
MlIS,2,0,2,1.0
MlIb,3,0,3,1.0
MlIh,1,0,1,1.0
MlIm,2,3,5,0.4
MlIn,2,0,2,1.0
MlIs,0,1,1,0.0
MlJB,2,8,10,0.2
MlJD,1,2,3,0.33
MlJH,4,2,6,0.67
MlJK,1,0,1,1.0
MlJL,2,1,3,0.67
MlJM,10,5,15,0.67
MlJN,14,3,17,0.82
MlJP,9,8,17,0.53
MlJS,6,2,8,0.75
MlJb,5,7,12,0.42
MlJh,1,0,1,1.0
MlJl,8,1,9,0.89
MlJm,7,3,10,0.7
MlJn,6,6,12,0.5
MlJs,6,4,10,0.6
MlJt,1,0,1,1.0
MlKB,2,0,2,1.0
MlKL,0,2,2,0.0
MlKM,0,0,0,
MlKN,2,1,3,0.67
MlKP,1,0,1,1.0
MlKS,0,0,0,
MlKb,1,1,2,0.5
MlKh,4,1,5,0.8
MlKm,2,1,3,0.67
MlKn,1,1,2,0.5
MlKs,0,2,2,0.0
MlLB,8,9,17,0.47
MlLD,1,0,1,1.0
MlLH,0,0,0,
MlLK,0,0,0,
MlLL,3,3,6,0.5
MlLM,6,2,8,0.75
MlLN,6,9,15,0.4
MlLP,3,5,8,0.38
MlLS,3,5,8,0.38
MlLb,2,1,3,0.67
MlLh,2,2,4,0.5
MlLj,4,1,5,0.8
MlLl,2,1,3,0.67
MlLm,6,7,13,0.46
MlLn,7,10,17,0.41
MlLs,6,4,10,0.6
MlLt,0,2,2,0.0
MlMB,17,21,38,0.45
MlMD,7,3,10,0.7
MlMH,1,0,1,1.0
MlMK,0,0,0,
MlML,0,3,3,0.0
MlMM,18,22,40,0.45
MlMN,21,21,42,0.5
MlMP,17,21,38,0.45
MlMS,14,19,33,0.42
MlMb,17,12,29,0.59
MlMh,9,24,33,0.27
MlMj,4,2,6,0.67
MlMl,6,11,17,0.35
MlMm,19,14,33,0.58
MlMn,28,26,54,0.52
MlMs,14,14,28,0.5
MlMt,5,5,10,0.5
MlNB,15,17,32,0.47
MlND,3,3,6,0.5
MlNH,2,2,4,0.5
MlNI,0,1,1,0.0
MlNK,1,2,3,0.33
MlNL,7,3,10,0.7
MlNM,16,26,42,0.38
MlNN,25,23,48,0.52
MlNP,29,24,53,0.55
MlNS,25,16,41,0.61
MlNb,11,16,27,0.41
MlNh,3,12,15,0.2
MlNl,5,4,9,0.56
MlNm,24,13,37,0.65
MlNn,30,19,49,0.61
MlNs,23,20,43,0.53
MlNt,5,7,12,0.42
MlPB,17,24,41,0.41
MlPD,4,3,7,0.57
MlPH,5,4,9,0.56
MlPI,2,2,4,0.5
MlPK,0,1,1,0.0
MlPL,7,2,9,0.78
MlPM,24,17,41,0.59
MlPN,22,29,51,0.43
MlPP,25,27,52,0.48
MlPS,7,9,16,0.44
MlPb,11,15,26,0.42
MlPh,8,0,8,1.0
MlPl,13,5,18,0.72
MlPm,24,9,33,0.73
MlPn,26,20,46,0.57
MlPs,20,10,30,0.67
MlPt,3,2,5,0.6
MlSB,11,10,21,0.52
MlSD,1,4,5,0.2
MlSH,8,3,11,0.73
MlSK,0,1,1,0.0
MlSL,2,5,7,0.29
MlSM,14,24,38,0.37
MlSN,13,11,24,0.54
MlSP,15,10,25,0.6
MlSS,21,19,40,0.52
MlSb,13,13,26,0.5
MlSh,6,13,19,0.32
MlSl,6,2,8,0.75
MlSm,13,16,29,0.45
MlSn,19,11,30,0.63
MlSs,26,22,48,0.54
MlSt,6,2,8,0.75
MlbB,11,16,27,0.41
MlbD,1,1,2,0.5
MlbH,6,5,11,0.55
MlbI,0,1,1,0.0
MlbJ,2,7,9,0.22
MlbK,1,3,4,0.25
MlbL,4,7,11,0.36
MlbM,13,10,23,0.57
MlbN,20,20,40,0.5
MlbP,21,13,34,0.62
MlbS,7,10,17,0.41
Mlbb,16,19,35,0.46
Mlbl,2,8,10,0.2
Mlbm,12,13,25,0.48
Mlbn,12,13,25,0.48
Mlbs,5,4,9,0.56
Mlbt,0,1,1,0.0
MlhD,0,1,1,0.0
MlhM,1,0,1,1.0
MlhS,0,0,0,
Mlhh,0,1,1,0.0
Mlhm,1,0,1,1.0
Mlhs,1,0,1,1.0
MllB,4,7,11,0.36
MllH,2,3,5,0.4
MllI,2,0,2,1.0
MllJ,1,2,3,0.33
MllL,2,4,6,0.33
MllM,5,9,14,0.36
MllN,4,5,9,0.44
MllP,10,5,15,0.67
MllS,4,4,8,0.5
Mllb,9,4,13,0.69
Mlll,0,2,2,0.0
Mllm,2,5,7,0.29
Mlln,4,1,5,0.8
Mlls,2,3,5,0.4
MlmB,11,14,25,0.44
MlmD,2,3,5,0.4
MlmH,11,12,23,0.48
MlmI,1,1,2,0.5
MlmJ,2,3,5,0.4
MlmL,4,7,11,0.36
MlmM,18,33,51,0.35
MlmN,23,31,54,0.43
MlmP,18,20,38,0.47
MlmS,13,14,27,0.48
Mlmb,21,22,43,0.49
Mlml,6,2,8,0.75
Mlmm,19,10,29,0.66
Mlmn,24,17,41,0.59
Mlms,8,10,18,0.44
MlnB,10,14,24,0.42
MlnD,1,3,4,0.25
MlnH,13,12,25,0.52
MlnI,2,2,4,0.5
MlnK,1,1,2,0.5
MlnL,4,6,10,0.4
MlnM,12,21,33,0.36
MlnN,19,20,39,0.49
MlnP,23,22,45,0.51
MlnS,7,21,28,0.25
Mlnb,13,12,25,0.52
Mlnh,1,0,1,1.0
Mlnl,6,5,11,0.55
Mlnm,17,18,35,0.49
Mlnn,16,20,36,0.44
Mlns,13,10,23,0.57
MlsB,4,13,17,0.24
MlsD,4,1,5,0.8
MlsH,15,15,30,0.5
MlsI,4,3,7,0.57
MlsL,5,3,8,0.62
MlsM,12,16,28,0.43
MlsN,16,13,29,0.55
MlsP,11,16,27,0.41
MlsS,14,19,33,0.42
Mlsb,12,15,27,0.44
Mlsh,3,0,3,1.0
Mlsl,8,5,13,0.62
Mlsm,12,14,26,0.46
Mlsn,16,2,18,0.89
Mlss,19,16,35,0.54
Mlst,1,0,1,1.0
MmBB,62,47,109,0.57
MmBD,9,6,15,0.6
MmBH,1,2,3,0.33
MmBK,6,10,16,0.38
MmBL,9,12,21,0.43
MmBM,50,59,109,0.46
MmBN,79,99,178,0.44
MmBP,47,67,114,0.41
MmBS,46,48,94,0.49
MmBb,36,43,79,0.46
MmBh,14,8,22,0.64
MmBj,15,13,28,0.54
MmBl,11,19,30,0.37
MmBm,74,60,134,0.55
MmBn,95,110,205,0.46
MmBs,62,32,94,0.66
MmBt,8,14,22,0.36
MmDB,14,9,23,0.61
MmDD,3,3,6,0.5
MmDH,8,11,19,0.42
MmDI,0,2,2,0.0
MmDL,2,3,5,0.4
MmDM,12,19,31,0.39
MmDN,15,16,31,0.48
MmDP,20,11,31,0.65
MmDS,18,18,36,0.5
MmDb,9,12,21,0.43
MmDh,0,2,2,0.0
MmDl,1,4,5,0.2
MmDm,12,11,23,0.52
MmDn,15,16,31,0.48
MmDs,15,13,28,0.54
MmDt,2,2,4,0.5
MmHB,38,36,74,0.51
MmHD,9,5,14,0.64
MmHH,15,15,30,0.5
MmHI,5,6,11,0.45
MmHK,8,1,9,0.89
MmHL,9,16,25,0.36
MmHM,68,64,132,0.52
MmHN,79,73,152,0.52
MmHP,65,66,131,0.5
MmHS,47,61,108,0.44
MmHb,49,34,83,0.59
MmHh,38,38,76,0.5
MmHl,23,13,36,0.64
MmHm,79,50,129,0.61
MmHn,67,67,134,0.5
MmHs,66,52,118,0.56
MmHt,8,8,16,0.5
MmIB,12,7,19,0.63
MmID,1,2,3,0.33
MmIH,2,7,9,0.22
MmII,2,2,4,0.5
MmIK,0,1,1,0.0
MmIL,1,2,3,0.33
MmIM,9,11,20,0.45
MmIN,13,12,25,0.52
MmIP,12,12,24,0.5
MmIS,8,3,11,0.73
MmIb,9,10,19,0.47
MmIl,1,1,2,0.5
MmIm,11,5,16,0.69
MmIn,12,9,21,0.57
MmIs,9,3,12,0.75
MmIt,1,0,1,1.0
MmJB,12,18,30,0.4
MmJD,1,3,4,0.25
MmJH,9,3,12,0.75
MmJI,6,0,6,1.0
MmJK,3,3,6,0.5
MmJL,4,6,10,0.4
MmJM,17,20,37,0.46
MmJN,22,26,48,0.46
MmJP,15,20,35,0.43
MmJS,18,13,31,0.58
MmJb,9,13,22,0.41
MmJh,1,0,1,1.0
MmJl,9,3,12,0.75
MmJm,17,13,30,0.57
MmJn,12,20,32,0.38
MmJs,8,9,17,0.47
MmJt,5,3,8,0.62
MmKB,1,3,4,0.25
MmKD,1,1,2,0.5
MmKH,0,1,1,0.0
MmKI,1,0,1,1.0
MmKL,0,0,0,
MmKM,2,4,6,0.33
MmKN,1,3,4,0.25
MmKP,1,4,5,0.2
MmKS,3,2,5,0.6
MmKb,2,1,3,0.67
MmKh,1,1,2,0.5
MmKl,1,0,1,1.0
MmKm,3,2,5,0.6
MmKn,2,2,4,0.5
MmKs,3,1,4,0.75
MmLB,15,8,23,0.65
MmLD,1,5,6,0.17
MmLK,1,0,1,1.0
MmLL,2,4,6,0.33
MmLM,18,18,36,0.5
MmLN,13,20,33,0.39
MmLP,11,16,27,0.41
MmLS,20,12,32,0.62
MmLb,8,17,25,0.32
MmLh,9,10,19,0.47
MmLj,5,7,12,0.42
MmLl,5,5,10,0.5
MmLm,15,16,31,0.48
MmLn,20,36,56,0.36
MmLs,14,13,27,0.52
MmLt,2,1,3,0.67
MmMB,52,64,116,0.45
MmMD,13,13,26,0.5
MmMH,3,1,4,0.75
MmMK,1,4,5,0.2
MmML,12,14,26,0.46
MmMM,64,100,164,0.39
MmMN,90,119,209,0.43
MmMP,84,91,175,0.48
MmMS,57,74,131,0.44
MmMb,71,69,140,0.51
MmMh,62,65,127,0.49
MmMj,14,14,28,0.5
MmMl,21,11,32,0.66
MmMm,112,75,187,0.6
MmMn,142,130,272,0.52
MmMs,76,62,138,0.55
MmMt,11,17,28,0.39
MmNB,77,72,149,0.52
MmND,15,15,30,0.5
MmNH,23,17,40,0.57
MmNI,3,5,8,0.38
MmNK,13,15,28,0.46
MmNL,21,15,36,0.58
MmNM,79,108,187,0.42
MmNN,144,134,278,0.52
MmNP,89,109,198,0.45
MmNS,83,89,172,0.48
MmNb,61,68,129,0.47
MmNh,26,32,58,0.45
MmNl,13,16,29,0.45
MmNm,80,74,154,0.52
MmNn,148,148,296,0.5
MmNs,93,86,179,0.52
MmNt,24,26,50,0.48
MmPB,65,50,115,0.57
MmPD,13,12,25,0.52
MmPH,35,19,54,0.65
MmPI,18,7,25,0.72
MmPK,7,15,22,0.32
MmPL,23,33,56,0.41
MmPM,73,83,156,0.47
MmPN,73,94,167,0.44
MmPP,117,94,211,0.55
MmPS,43,68,111,0.39
MmPb,62,55,117,0.53
MmPh,7,11,18,0.39
MmPl,18,21,39,0.46
MmPm,87,67,154,0.56
MmPn,81,82,163,0.5
MmPs,58,48,106,0.55
MmPt,16,6,22,0.73
MmSB,40,35,75,0.53
MmSD,12,9,21,0.57
MmSH,20,29,49,0.41
MmSI,5,7,12,0.42
MmSK,1,1,2,0.5
MmSL,13,15,28,0.46
MmSM,62,66,128,0.48
MmSN,63,81,144,0.44
MmSP,56,64,120,0.47
MmSS,86,89,175,0.49
MmSb,40,44,84,0.48
MmSh,36,45,81,0.44
MmSl,11,5,16,0.69
MmSm,69,49,118,0.58
MmSn,88,63,151,0.58
MmSs,76,92,168,0.45
MmSt,13,13,26,0.5
MmbB,60,49,109,0.55
MmbD,4,5,9,0.44
MmbH,21,19,40,0.52
MmbI,6,5,11,0.55
MmbJ,24,10,34,0.71
MmbK,3,11,14,0.21
MmbL,5,11,16,0.31
MmbM,60,81,141,0.43
MmbN,77,94,171,0.45
MmbP,74,68,142,0.52
MmbS,39,33,72,0.54
Mmbb,67,62,129,0.52
Mmbh,0,1,1,0.0
Mmbl,17,14,31,0.55
Mmbm,65,43,108,0.6
Mmbn,73,65,138,0.53
Mmbs,19,25,44,0.43
Mmbt,0,0,0,
MmhB,3,1,4,0.75
MmhH,1,0,1,1.0
MmhI,2,0,2,1.0
MmhL,2,0,2,1.0
MmhM,0,0,0,
MmhP,2,0,2,1.0
MmhS,0,0,0,
Mmhb,0,1,1,0.0
Mmhh,0,3,3,0.0
Mmhm,0,1,1,0.0
Mmhn,1,0,1,1.0
Mmhs,1,3,4,0.25
Mmht,1,1,2,0.5
MmlB,13,10,23,0.57
MmlD,3,3,6,0.5
MmlH,7,9,16,0.44
MmlI,1,0,1,1.0
MmlJ,2,3,5,0.4
MmlK,3,0,3,1.0
MmlL,6,5,11,0.55
MmlM,14,22,36,0.39
MmlN,20,17,37,0.54
MmlP,24,31,55,0.44
MmlS,14,16,30,0.47
Mmlb,17,7,24,0.71
Mmll,3,4,7,0.43
Mmlm,15,11,26,0.58
Mmln,16,10,26,0.62
Mmls,9,11,20,0.45
MmmB,57,51,108,0.53
MmmD,15,16,31,0.48
MmmH,52,61,113,0.46
MmmI,12,10,22,0.55
MmmJ,21,18,39,0.54
MmmK,2,6,8,0.25
MmmL,22,17,39,0.56
MmmM,74,98,172,0.43
MmmN,96,97,193,0.5
MmmP,73,82,155,0.47
MmmS,70,53,123,0.57
Mmmb,57,60,117,0.49
Mmmh,1,0,1,1.0
Mmml,10,7,17,0.59
Mmmm,74,65,139,0.53
Mmmn,71,55,126,0.56
Mmms,32,37,69,0.46
MmnB,43,60,103,0.42
MmnD,18,12,30,0.6
MmnH,54,42,96,0.56
MmnI,16,14,30,0.53
MmnK,3,4,7,0.43
MmnL,19,17,36,0.53
MmnM,60,88,148,0.41
MmnN,114,125,239,0.48
MmnP,89,85,174,0.51
MmnS,63,68,131,0.48
Mmnb,61,52,113,0.54
Mmnh,4,3,7,0.57
Mmnl,13,12,25,0.52
Mmnm,71,76,147,0.48
Mmnn,105,94,199,0.53
Mmns,65,55,120,0.54
Mmnt,0,1,1,0.0
MmsB,36,34,70,0.51
MmsD,10,9,19,0.53
MmsH,46,49,95,0.48
MmsI,10,8,18,0.56
MmsK,0,2,2,0.0
MmsL,12,5,17,0.71
MmsM,53,70,123,0.43
MmsN,54,84,138,0.39
MmsP,55,55,110,0.5
MmsS,62,51,113,0.55
Mmsb,38,41,79,0.48
Mmsh,0,5,5,0.0
Mmsl,13,7,20,0.65
Mmsm,54,50,104,0.52
Mmsn,62,48,110,0.56
Mmss,58,48,106,0.55
Mmst,2,2,4,0.5
MmtM,0,1,1,0.0
MmtN,1,2,3,0.33
MmtS,0,1,1,0.0
MnBB,67,69,136,0.49
MnBD,7,15,22,0.32
MnBH,0,2,2,0.0
MnBK,8,5,13,0.62
MnBL,15,14,29,0.52
MnBM,50,50,100,0.5
MnBN,73,80,153,0.48
MnBP,86,95,181,0.48
MnBS,24,39,63,0.38
MnBb,67,60,127,0.53
MnBh,5,4,9,0.56
MnBj,16,10,26,0.62
MnBl,22,13,35,0.63
MnBm,80,61,141,0.57
MnBn,106,93,199,0.53
MnBs,38,32,70,0.54
MnBt,8,17,25,0.32
MnDB,7,6,13,0.54
MnDD,0,3,3,0.0
MnDH,13,10,23,0.57
MnDI,3,2,5,0.6
MnDL,2,2,4,0.5
MnDM,13,20,33,0.39
MnDN,8,10,18,0.44
MnDP,18,9,27,0.67
MnDS,15,11,26,0.58
MnDb,5,9,14,0.36
MnDh,1,2,3,0.33
MnDl,2,2,4,0.5
MnDm,11,16,27,0.41
MnDn,13,14,27,0.48
MnDs,18,8,26,0.69
MnDt,5,2,7,0.71
MnHB,31,29,60,0.52
MnHD,7,10,17,0.41
MnHH,16,22,38,0.42
MnHI,8,9,17,0.47
MnHK,2,5,7,0.29
MnHL,12,13,25,0.48
MnHM,42,59,101,0.42
MnHN,57,56,113,0.5
MnHP,44,60,104,0.42
MnHS,45,43,88,0.51
MnHb,24,37,61,0.39
MnHh,22,26,48,0.46
MnHl,16,9,25,0.64
MnHm,58,46,104,0.56
MnHn,66,67,133,0.5
MnHs,48,48,96,0.5
MnHt,1,3,4,0.25
MnIB,18,15,33,0.55
MnID,4,3,7,0.57
MnIH,18,16,34,0.53
MnII,6,3,9,0.67
MnIK,1,0,1,1.0
MnIL,4,3,7,0.57
MnIM,12,23,35,0.34
MnIN,16,25,41,0.39
MnIP,19,21,40,0.48
MnIS,13,21,34,0.38
MnIb,9,14,23,0.39
MnIl,3,2,5,0.6
MnIm,21,18,39,0.54
MnIn,24,13,37,0.65
MnIs,13,7,20,0.65
MnIt,3,2,5,0.6
MnKB,7,9,16,0.44
MnKD,0,1,1,0.0
MnKH,2,2,4,0.5
MnKI,0,0,0,
MnKK,0,1,1,0.0
MnKL,3,2,5,0.6
MnKM,6,17,23,0.26
MnKN,7,8,15,0.47
MnKP,10,11,21,0.48
MnKS,8,6,14,0.57
MnKb,1,10,11,0.09
MnKh,5,8,13,0.38
MnKl,5,3,8,0.62
MnKm,11,10,21,0.52
MnKn,11,8,19,0.58
MnKs,10,11,21,0.48
MnKt,1,1,2,0.5
MnLB,18,17,35,0.51
MnLD,1,2,3,0.33
MnLH,0,1,1,0.0
MnLK,0,0,0,
MnLL,1,7,8,0.12
MnLM,12,20,32,0.38
MnLN,16,22,38,0.42
MnLP,25,15,40,0.62
MnLS,7,7,14,0.5
MnLb,15,9,24,0.62
MnLh,10,8,18,0.56
MnLj,2,2,4,0.5
MnLl,4,7,11,0.36
MnLm,30,21,51,0.59
MnLn,25,31,56,0.45
MnLs,18,13,31,0.58
MnLt,6,3,9,0.67
MnMB,76,89,165,0.46
MnMD,11,15,26,0.42
MnMH,0,2,2,0.0
MnMI,0,1,1,0.0
MnMK,0,0,0,
MnML,15,17,32,0.47
MnMM,70,89,159,0.44
MnMN,89,85,174,0.51
MnMP,94,80,174,0.54
MnMS,45,58,103,0.44
MnMb,73,61,134,0.54
MnMh,55,72,127,0.43
MnMj,12,11,23,0.52
MnMl,24,21,45,0.53
MnMm,98,94,192,0.51
MnMn,127,121,248,0.51
MnMs,61,64,125,0.49
MnMt,8,17,25,0.32
MnNB,86,92,178,0.48
MnND,17,18,35,0.49
MnNH,20,30,50,0.4
MnNI,4,3,7,0.57
MnNK,15,16,31,0.48
MnNL,20,21,41,0.49
MnNM,98,123,221,0.44
MnNN,142,151,293,0.48
MnNP,144,128,272,0.53
MnNS,73,103,176,0.41
MnNb,72,72,144,0.5
MnNh,36,43,79,0.46
MnNl,36,19,55,0.65
MnNm,115,106,221,0.52
MnNn,164,152,316,0.52
MnNs,114,87,201,0.57
MnNt,21,20,41,0.51
MnPB,80,101,181,0.44
MnPD,19,13,32,0.59
MnPH,33,40,73,0.45
MnPI,23,19,42,0.55
MnPK,15,13,28,0.54
MnPL,33,30,63,0.52
MnPM,82,119,201,0.41
MnPN,117,131,248,0.47
MnPP,128,148,276,0.46
MnPS,83,87,170,0.49
MnPb,76,74,150,0.51
MnPh,9,16,25,0.36
MnPl,32,37,69,0.46
MnPm,119,100,219,0.54
MnPn,115,117,232,0.5
MnPs,91,98,189,0.48
MnPt,11,10,21,0.52
MnSB,46,68,114,0.4
MnSD,13,9,22,0.59
MnSH,25,31,56,0.45
MnSI,2,2,4,0.5
MnSK,1,0,1,1.0
MnSL,17,13,30,0.57
MnSM,65,87,152,0.43
MnSN,66,66,132,0.5
MnSP,53,65,118,0.45
MnSS,88,96,184,0.48
MnSb,45,49,94,0.48
MnSh,36,57,93,0.39
MnSl,18,21,39,0.46
MnSm,84,86,170,0.49
MnSn,71,86,157,0.45
MnSs,106,83,189,0.56
MnSt,14,21,35,0.4
MnbB,53,51,104,0.51
MnbD,14,10,24,0.58
MnbH,23,19,42,0.55
MnbI,5,9,14,0.36
MnbJ,25,20,45,0.56
MnbK,7,9,16,0.44
MnbL,12,23,35,0.34
MnbM,59,65,124,0.48
MnbN,85,86,171,0.5
MnbP,74,67,141,0.52
MnbS,40,34,74,0.54
Mnbb,56,57,113,0.5
Mnbl,15,13,28,0.54
Mnbm,62,51,113,0.55
Mnbn,86,57,143,0.6
Mnbs,39,26,65,0.6
MnhB,8,6,14,0.57
MnhD,0,0,0,
MnhH,2,0,2,1.0
MnhI,3,0,3,1.0
MnhL,2,1,3,0.67
MnhM,5,12,17,0.29
MnhN,5,4,9,0.56
MnhP,9,4,13,0.69
MnhS,4,5,9,0.44
Mnhb,2,4,6,0.33
Mnhh,2,5,7,0.29
Mnhl,1,2,3,0.33
Mnhm,9,9,18,0.5
Mnhn,2,5,7,0.29
Mnhs,8,4,12,0.67
Mnht,0,1,1,0.0
MnlB,10,16,26,0.38
MnlD,4,3,7,0.57
MnlH,18,18,36,0.5
MnlI,2,3,5,0.4
MnlJ,7,5,12,0.58
MnlK,1,0,1,1.0
MnlL,7,5,12,0.58
MnlM,26,24,50,0.52
MnlN,22,21,43,0.51
MnlP,18,16,34,0.53
MnlS,15,15,30,0.5
Mnlb,15,15,30,0.5
Mnll,7,3,10,0.7
Mnlm,23,17,40,0.57
Mnln,22,25,47,0.47
Mnls,19,9,28,0.68
MnmB,61,67,128,0.48
MnmD,21,10,31,0.68
MnmH,78,66,144,0.54
MnmI,10,9,19,0.53
MnmJ,27,19,46,0.59
MnmK,4,2,6,0.67
MnmL,20,21,41,0.49
MnmM,89,112,201,0.44
MnmN,121,117,238,0.51
MnmP,87,73,160,0.54
MnmS,63,75,138,0.46
Mnmb,79,62,141,0.56
Mnmh,1,0,1,1.0
Mnml,17,12,29,0.59
Mnmm,100,68,168,0.6
Mnmn,99,85,184,0.54
Mnms,65,48,113,0.58
MnnB,62,63,125,0.5
MnnD,14,19,33,0.42
MnnH,60,79,139,0.43
MnnI,19,21,40,0.48
MnnK,13,16,29,0.45
MnnL,23,22,45,0.51
MnnM,77,104,181,0.43
MnnN,126,161,287,0.44
MnnP,116,127,243,0.48
MnnS,86,83,169,0.51
Mnnb,70,56,126,0.56
Mnnh,4,9,13,0.31
Mnnl,18,24,42,0.43
Mnnm,86,87,173,0.5
Mnnn,119,119,238,0.5
Mnns,109,81,190,0.57
Mnnt,1,1,2,0.5
MnsB,38,47,85,0.45
MnsD,17,13,30,0.57
MnsH,84,62,146,0.58
MnsI,18,9,27,0.67
MnsK,0,1,1,0.0
MnsL,13,13,26,0.5
MnsM,84,86,170,0.49
MnsN,91,80,171,0.53
MnsP,59,65,124,0.48
MnsS,99,86,185,0.54
Mnsb,44,37,81,0.54
Mnsh,2,6,8,0.25
Mnsl,17,15,32,0.53
Mnsm,77,69,146,0.53
Mnsn,71,62,133,0.53
Mnss,90,62,152,0.59
Mnst,3,1,4,0.75
MntB,1,2,3,0.33
MntD,1,0,1,1.0
MntH,2,1,3,0.67
MntM,2,1,3,0.67
MntN,1,0,1,1.0
MntP,2,1,3,0.67
MntS,1,2,3,0.33
Mnth,0,0,0,
Mntm,2,2,4,0.5
Mntn,2,0,2,1.0
Mnts,1,1,2,0.5
MsBB,16,34,50,0.32
MsBD,3,3,6,0.5
MsBK,2,3,5,0.4
MsBL,8,8,16,0.5
MsBM,20,48,68,0.29
MsBN,32,33,65,0.49
MsBP,27,32,59,0.46
MsBS,22,17,39,0.56
MsBb,15,22,37,0.41
MsBh,4,4,8,0.5
MsBj,7,8,15,0.47
MsBl,12,5,17,0.71
MsBm,34,26,60,0.57
MsBn,39,45,84,0.46
MsBs,21,24,45,0.47
MsBt,8,5,13,0.62
MsDB,6,1,7,0.86
MsDD,3,1,4,0.75
MsDH,5,5,10,0.5
MsDI,1,1,2,0.5
MsDK,0,1,1,0.0
MsDL,1,2,3,0.33
MsDM,5,11,16,0.31
MsDN,6,10,16,0.38
MsDP,8,9,17,0.47
MsDS,15,7,22,0.68
MsDb,7,7,14,0.5
MsDh,3,1,4,0.75
MsDl,3,2,5,0.6
MsDm,10,10,20,0.5
MsDn,9,6,15,0.6
MsDs,7,9,16,0.44
MsDt,1,1,2,0.5
MsHB,31,29,60,0.52
MsHD,6,5,11,0.55
MsHH,9,18,27,0.33
MsHI,6,4,10,0.6
MsHK,5,4,9,0.56
MsHL,7,13,20,0.35
MsHM,36,53,89,0.4
MsHN,54,54,108,0.5
MsHP,32,43,75,0.43
MsHS,54,62,116,0.47
MsHb,31,35,66,0.47
MsHh,17,23,40,0.42
MsHl,6,12,18,0.33
MsHm,54,41,95,0.57
MsHn,36,50,86,0.42
MsHs,57,60,117,0.49
MsHt,3,7,10,0.3
MsIB,4,4,8,0.5
MsID,1,1,2,0.5
MsIH,15,4,19,0.79
MsIK,1,2,3,0.33
MsIL,2,4,6,0.33
MsIM,6,13,19,0.32
MsIN,10,6,16,0.62
MsIP,7,11,18,0.39
MsIS,10,9,19,0.53
MsIb,4,7,11,0.36
MsIh,1,0,1,1.0
MsIl,9,2,11,0.82
MsIm,6,7,13,0.46
MsIn,6,10,16,0.38
MsIs,6,4,10,0.6
MsIt,1,1,2,0.5
MsKB,1,0,1,1.0
MsKM,2,1,3,0.67
MsKN,3,0,3,1.0
MsKP,1,3,4,0.25
MsKS,3,2,5,0.6
MsKh,0,0,0,
MsKm,0,1,1,0.0
MsKn,1,0,1,1.0
MsKs,3,1,4,0.75
MsLB,16,16,32,0.5
MsLD,2,3,5,0.4
MsLK,0,1,1,0.0
MsLL,3,6,9,0.33
MsLM,10,8,18,0.56
MsLN,9,10,19,0.47
MsLP,6,15,21,0.29
MsLS,8,13,21,0.38
MsLb,12,5,17,0.71
MsLh,2,5,7,0.29
MsLj,6,0,6,1.0
MsLl,3,5,8,0.38
MsLm,10,11,21,0.48
MsLn,19,18,37,0.51
MsLs,9,9,18,0.5
MsLt,3,1,4,0.75
MsMB,39,44,83,0.47
MsMD,8,5,13,0.62
MsMH,1,2,3,0.33
MsMK,2,1,3,0.67
MsML,9,10,19,0.47
MsMM,44,50,94,0.47
MsMN,52,45,97,0.54
MsMP,49,46,95,0.52
MsMS,34,36,70,0.49
MsMb,40,31,71,0.56
MsMh,29,36,65,0.45
MsMj,6,1,7,0.86
MsMl,6,9,15,0.4
MsMm,57,40,97,0.59
MsMn,72,72,144,0.5
MsMs,44,32,76,0.58
MsMt,6,6,12,0.5
MsNB,40,47,87,0.46
MsND,11,9,20,0.55
MsNH,7,11,18,0.39
MsNI,2,1,3,0.67
MsNK,3,8,11,0.27
MsNL,5,13,18,0.28
MsNM,42,52,94,0.45
MsNN,65,72,137,0.47
MsNP,54,69,123,0.44
MsNS,58,58,116,0.5
MsNb,33,32,65,0.51
MsNh,13,19,32,0.41
MsNl,10,11,21,0.48
MsNm,57,41,98,0.58
MsNn,83,62,145,0.57
MsNs,40,40,80,0.5
MsNt,9,7,16,0.56
MsPB,35,48,83,0.42
MsPD,5,3,8,0.62
MsPH,17,17,34,0.5
MsPI,9,6,15,0.6
MsPK,6,7,13,0.46
MsPL,13,12,25,0.52
MsPM,43,64,107,0.4
MsPN,47,42,89,0.53
MsPP,51,56,107,0.48
MsPS,39,54,93,0.42
MsPb,28,31,59,0.47
MsPh,11,11,22,0.5
MsPl,11,8,19,0.58
MsPm,55,29,84,0.65
MsPn,50,52,102,0.49
MsPs,41,41,82,0.5
MsPt,10,4,14,0.71
MsSB,37,36,73,0.51
MsSD,15,14,29,0.52
MsSH,26,31,57,0.46
MsSI,5,3,8,0.62
MsSK,4,2,6,0.67
MsSL,13,17,30,0.43
MsSM,54,64,118,0.46
MsSN,64,63,127,0.5
MsSP,52,44,96,0.54
MsSS,87,89,176,0.49
MsSb,28,27,55,0.51
MsSh,29,44,73,0.4
MsSl,13,10,23,0.57
MsSm,57,54,111,0.51
MsSn,55,55,110,0.5
MsSs,95,82,177,0.54
MsSt,7,11,18,0.39
MsbB,33,20,53,0.62
MsbD,4,5,9,0.44
MsbH,11,8,19,0.58
MsbI,2,6,8,0.25
MsbJ,16,2,18,0.89
MsbK,5,5,10,0.5
MsbL,7,7,14,0.5
MsbM,26,22,48,0.54
MsbN,48,47,95,0.51
MsbP,35,26,61,0.57
MsbS,27,24,51,0.53
Msbb,33,26,59,0.56
Msbl,7,7,14,0.5
Msbm,38,28,66,0.58
Msbn,46,28,74,0.62
Msbs,11,24,35,0.31
MshB,2,5,7,0.29
MshH,0,2,2,0.0
MshI,4,0,4,1.0
MshL,1,0,1,1.0
MshM,5,5,10,0.5
MshN,3,1,4,0.75
MshP,6,1,7,0.86
MshS,3,2,5,0.6
Mshb,1,4,5,0.2
Mshh,4,3,7,0.57
Mshl,2,0,2,1.0
Mshm,10,1,11,0.91
Mshn,2,3,5,0.4
Mshs,0,1,1,0.0
Msht,0,0,0,
MslB,8,8,16,0.5
MslD,2,1,3,0.67
MslH,10,8,18,0.56
MslI,0,3,3,0.0
MslJ,1,3,4,0.25
MslK,1,1,2,0.5
MslL,4,3,7,0.57
MslM,11,7,18,0.61
MslN,15,14,29,0.52
MslP,13,6,19,0.68
MslS,19,16,35,0.54
Mslb,5,4,9,0.56
Msll,4,3,7,0.57
Mslm,7,4,11,0.64
Msln,12,9,21,0.57
Msls,6,5,11,0.55
MsmB,29,35,64,0.45
MsmD,7,8,15,0.47
MsmH,44,44,88,0.5
MsmI,5,5,10,0.5
MsmJ,7,11,18,0.39
MsmK,3,1,4,0.75
MsmL,10,13,23,0.43
MsmM,48,63,111,0.43
MsmN,58,52,110,0.53
MsmP,49,40,89,0.55
MsmS,49,50,99,0.49
Msmb,41,31,72,0.57
Msml,8,13,21,0.38
Msmm,56,34,90,0.62
Msmn,55,43,98,0.56
Msms,37,39,76,0.49
MsnB,28,26,54,0.52
MsnD,6,10,16,0.38
MsnH,19,33,52,0.37
MsnI,8,7,15,0.53
MsnK,4,4,8,0.5
MsnL,5,9,14,0.36
MsnM,33,43,76,0.43
MsnN,50,50,100,0.5
MsnP,50,51,101,0.5
MsnS,41,52,93,0.44
Msnb,39,30,69,0.57
Msnh,5,1,6,0.83
Msnl,16,14,30,0.53
Msnm,49,42,91,0.54
Msnn,57,53,110,0.52
Msns,31,36,67,0.46
MssB,28,37,65,0.43
MssD,10,10,20,0.5
MssH,50,46,96,0.52
MssI,9,5,14,0.64
MssL,10,12,22,0.45
MssM,43,48,91,0.47
MssN,59,56,115,0.51
MssP,43,45,88,0.49
MssS,67,81,148,0.45
Mssb,38,26,64,0.59
Mssh,4,5,9,0.44
Mssl,15,13,28,0.54
Mssm,47,49,96,0.49
Mssn,46,37,83,0.55
Msss,77,63,140,0.55
Msst,2,4,6,0.33
MstB,0,1,1,0.0
MstH,1,2,3,0.33
MstK,0,1,1,0.0
MstM,0,2,2,0.0
MstN,1,3,4,0.25
MstS,5,1,6,0.83
Mstb,1,1,2,0.5
Mstl,0,0,0,
Mstn,1,2,3,0.33
Msts,0,0,0,
MtBB,6,7,13,0.46
MtBD,0,3,3,0.0
MtBH,2,0,2,1.0
MtBL,2,1,3,0.67
MtBM,6,10,16,0.38
MtBN,4,12,16,0.25
MtBP,8,6,14,0.57
MtBS,7,5,12,0.58
MtBb,7,8,15,0.47
MtBh,0,4,4,0.0
MtBj,1,1,2,0.5
MtBl,5,1,6,0.83
MtBm,14,13,27,0.52
MtBn,13,7,20,0.65
MtBs,6,2,8,0.75
MtBt,0,2,2,0.0
MtDB,0,1,1,0.0
MtDD,1,0,1,1.0
MtDH,0,2,2,0.0
MtDK,1,0,1,1.0
MtDL,0,1,1,0.0
MtDM,1,2,3,0.33
MtDN,1,1,2,0.5
MtDP,0,0,0,
MtDS,0,1,1,0.0
MtDb,2,0,2,1.0
MtDl,1,0,1,1.0
MtDm,2,2,4,0.5
MtDn,0,1,1,0.0
MtDs,3,1,4,0.75
MtHB,7,5,12,0.58
MtHD,0,0,0,
MtHH,1,2,3,0.33
MtHI,1,1,2,0.5
MtHK,0,0,0,
MtHL,4,3,7,0.57
MtHM,7,7,14,0.5
MtHN,5,6,11,0.45
MtHP,5,6,11,0.45
MtHS,5,8,13,0.38
MtHb,3,4,7,0.43
MtHh,4,2,6,0.67
MtHl,0,3,3,0.0
MtHm,11,11,22,0.5
MtHn,10,6,16,0.62
MtHs,8,8,16,0.5
MtHt,0,2,2,0.0
MtIB,0,1,1,0.0
MtIH,0,3,3,0.0
MtII,1,1,2,0.5
MtIM,1,2,3,0.33
MtIN,2,2,4,0.5
MtIS,0,0,0,
MtIb,1,0,1,1.0
MtIm,0,1,1,0.0
MtIn,1,3,4,0.25
MtIs,3,0,3,1.0
MtIt,0,1,1,0.0
MtKH,1,0,1,1.0
MtKL,1,0,1,1.0
MtKN,1,1,2,0.5
MtKS,0,1,1,0.0
MtKb,1,1,2,0.5
MtKh,0,0,0,
MtKm,1,2,3,0.33
MtKs,2,1,3,0.67
MtLB,1,1,2,0.5
MtLK,0,1,1,0.0
MtLL,1,2,3,0.33
MtLM,2,4,6,0.33
MtLN,3,3,6,0.5
MtLP,2,3,5,0.4
MtLS,2,2,4,0.5
MtLb,2,2,4,0.5
MtLh,0,2,2,0.0
MtLj,0,0,0,
MtLl,1,1,2,0.5
MtLm,0,2,2,0.0
MtLn,4,2,6,0.67
MtLs,1,3,4,0.25
MtLt,1,0,1,1.0
MtMB,9,8,17,0.53
MtMD,0,2,2,0.0
MtMK,1,0,1,1.0
MtML,0,1,1,0.0
MtMM,4,14,18,0.22
MtMN,10,13,23,0.43
MtMP,7,9,16,0.44
MtMS,8,3,11,0.73
MtMb,8,10,18,0.44
MtMh,7,10,17,0.41
MtMj,0,2,2,0.0
MtMl,1,2,3,0.33
MtMm,13,10,23,0.57
MtMn,11,8,19,0.58
MtMs,5,7,12,0.42
MtMt,0,5,5,0.0
MtNB,7,18,25,0.28
MtND,4,0,4,1.0
MtNH,4,1,5,0.8
MtNL,1,2,3,0.33
MtNM,4,9,13,0.31
MtNN,8,10,18,0.44
MtNP,6,8,14,0.43
MtNS,6,15,21,0.29
MtNb,9,5,14,0.64
MtNh,4,4,8,0.5
MtNl,3,2,5,0.6
MtNm,13,7,20,0.65
MtNn,8,14,22,0.36
MtNs,11,9,20,0.55
MtNt,1,1,2,0.5
MtPB,5,6,11,0.45
MtPD,3,4,7,0.43
MtPH,2,1,3,0.67
MtPI,2,5,7,0.29
MtPK,1,2,3,0.33
MtPL,1,4,5,0.2
MtPM,10,14,24,0.42
MtPN,14,14,28,0.5
MtPP,8,11,19,0.42
MtPS,10,12,22,0.45
MtPb,6,6,12,0.5
MtPh,0,1,1,0.0
MtPl,4,4,8,0.5
MtPm,16,10,26,0.62
MtPn,12,10,22,0.55
MtPs,7,9,16,0.44
MtPt,3,0,3,1.0
MtSB,6,9,15,0.4
MtSD,2,2,4,0.5
MtSH,4,2,6,0.67
MtSI,2,0,2,1.0
MtSK,0,1,1,0.0
MtSL,2,1,3,0.67
MtSM,5,10,15,0.33
MtSN,9,4,13,0.69
MtSP,5,9,14,0.36
MtSS,11,21,32,0.34
MtSb,8,2,10,0.8
MtSh,4,2,6,0.67
MtSl,1,1,2,0.5
MtSm,5,10,15,0.33
MtSn,6,13,19,0.32
MtSs,12,4,16,0.75
MtSt,1,2,3,0.33
MtbB,8,7,15,0.53
MtbD,2,1,3,0.67
MtbH,3,1,4,0.75
MtbI,2,1,3,0.67
MtbJ,2,3,5,0.4
MtbK,0,1,1,0.0
MtbL,2,1,3,0.67
MtbM,8,9,17,0.47
MtbN,9,9,18,0.5
MtbP,8,6,14,0.57
MtbS,7,4,11,0.64
Mtbb,11,6,17,0.65
Mtbl,2,4,6,0.33
Mtbm,4,8,12,0.33
Mtbn,6,4,10,0.6
Mtbs,5,3,8,0.62
MthB,0,1,1,0.0
MthD,0,0,0,
MthH,1,0,1,1.0
MthL,0,1,1,0.0
MthP,0,0,0,
Mthh,1,0,1,1.0
Mthm,1,0,1,1.0
Mthn,1,0,1,1.0
Mths,0,1,1,0.0
MtlB,4,4,8,0.5
MtlD,0,1,1,0.0
MtlH,4,1,5,0.8
MtlI,0,0,0,
MtlL,1,1,2,0.5
MtlM,2,3,5,0.4
MtlN,2,4,6,0.33
MtlP,1,6,7,0.14
MtlS,2,3,5,0.4
Mtlb,3,1,4,0.75
Mtll,0,1,1,0.0
Mtlm,7,1,8,0.88
Mtln,3,1,4,0.75
Mtls,1,3,4,0.25
MtmB,9,10,19,0.47
MtmD,2,0,2,1.0
MtmH,9,10,19,0.47
MtmI,1,2,3,0.33
MtmJ,4,1,5,0.8
MtmK,1,0,1,1.0
MtmL,3,2,5,0.6
MtmM,8,11,19,0.42
MtmN,7,10,17,0.41
MtmP,11,8,19,0.58
MtmS,10,11,21,0.48
Mtmb,6,15,21,0.29
Mtml,1,2,3,0.33
Mtmm,18,12,30,0.6
Mtmn,13,9,22,0.59
Mtms,9,8,17,0.53
MtnB,4,5,9,0.44
MtnD,1,3,4,0.25
MtnH,1,8,9,0.11
MtnI,2,3,5,0.4
MtnK,0,1,1,0.0
MtnL,1,0,1,1.0
MtnM,10,8,18,0.56
MtnN,11,12,23,0.48
MtnP,9,8,17,0.53
MtnS,6,7,13,0.46
Mtnb,4,7,11,0.36
Mtnh,1,1,2,0.5
Mtnl,1,1,2,0.5
Mtnm,12,7,19,0.63
Mtnn,7,3,10,0.7
Mtns,12,9,21,0.57
MtsB,3,5,8,0.38
MtsD,1,2,3,0.33
MtsH,10,7,17,0.59
MtsI,0,4,4,0.0
MtsL,2,2,4,0.5
MtsM,1,10,11,0.09
MtsN,7,6,13,0.54
MtsP,7,9,16,0.44
MtsS,15,6,21,0.71
Mtsb,6,5,11,0.55
Mtsh,0,1,1,0.0
Mtsl,2,2,4,0.5
Mtsm,9,6,15,0.6
Mtsn,5,6,11,0.45
Mtss,16,15,31,0.52
Mtst,0,1,1,0.0
MttB,2,1,3,0.67
MttD,1,0,1,1.0
MttM,1,1,2,0.5
MttN,0,2,2,0.0
MttP,1,4,5,0.2
MttS,2,5,7,0.29
Mttb,1,5,6,0.17
Mttl,0,1,1,0.0
Mttm,5,3,8,0.62
Mttn,0,3,3,0.0
Mttt,0,1,1,0.0
NBBB,64,73,137,0.47
NBBD,8,5,13,0.62
NBBH,0,1,1,0.0
NBBI,0,1,1,0.0
NBBK,4,8,12,0.33
NBBL,8,15,23,0.35
NBBM,42,56,98,0.43
NBBN,52,81,133,0.39
NBBP,69,77,146,0.47
NBBS,21,28,49,0.43
NBBb,61,57,118,0.52
NBBh,6,7,13,0.46
NBBj,13,17,30,0.43
NBBl,25,14,39,0.64
NBBm,54,53,107,0.5
NBBn,84,73,157,0.54
NBBs,19,27,46,0.41
NBBt,13,10,23,0.57
NBDB,6,5,11,0.55
NBDD,1,1,2,0.5
NBDH,5,7,12,0.42
NBDI,1,1,2,0.5
NBDK,1,0,1,1.0
NBDL,2,3,5,0.4
NBDM,9,9,18,0.5
NBDN,3,5,8,0.38
NBDP,10,6,16,0.62
NBDS,4,8,12,0.33
NBDb,1,6,7,0.14
NBDh,0,1,1,0.0
NBDl,1,1,2,0.5
NBDm,11,10,21,0.52
NBDn,10,4,14,0.71
NBDs,11,8,19,0.58
NBHM,2,1,3,0.67
NBHN,0,2,2,0.0
NBHP,0,0,0,
NBHS,1,0,1,1.0
NBHh,0,0,0,
NBHl,1,1,2,0.5
NBHm,1,1,2,0.5
NBHn,0,2,2,0.0
NBHs,1,0,1,1.0
NBIM,1,0,1,1.0
NBIb,1,1,2,0.5
NBIl,1,0,1,1.0
NBKB,9,8,17,0.53
NBKD,1,2,3,0.33
NBKH,0,2,2,0.0
NBKI,0,1,1,0.0
NBKK,1,0,1,1.0
NBKL,2,1,3,0.67
NBKM,10,9,19,0.53
NBKN,8,8,16,0.5
NBKP,8,7,15,0.53
NBKS,4,8,12,0.33
NBKb,0,3,3,0.0
NBKh,5,4,9,0.56
NBKl,4,0,4,1.0
NBKm,7,7,14,0.5
NBKn,4,3,7,0.57
NBKs,10,3,13,0.77
NBKt,2,0,2,1.0
NBLB,6,25,31,0.19
NBLD,1,0,1,1.0
NBLK,2,2,4,0.5
NBLL,4,6,10,0.4
NBLM,8,10,18,0.44
NBLN,14,13,27,0.52
NBLP,13,19,32,0.41
NBLS,6,5,11,0.55
NBLb,16,21,37,0.43
NBLh,6,10,16,0.38
NBLj,4,4,8,0.5
NBLl,6,4,10,0.6
NBLm,10,15,25,0.4
NBLn,18,20,38,0.47
NBLs,3,11,14,0.21
NBLt,3,2,5,0.6
NBMB,48,63,111,0.43
NBMD,5,5,10,0.5
NBMI,0,0,0,
NBMK,1,0,1,1.0
NBML,9,15,24,0.38
NBMM,39,57,96,0.41
NBMN,47,58,105,0.45
NBMP,43,49,92,0.47
NBMS,18,31,49,0.37
NBMb,53,46,99,0.54
NBMh,25,26,51,0.49
NBMj,6,9,15,0.4
NBMl,15,11,26,0.58
NBMm,82,63,145,0.57
NBMn,73,69,142,0.51
NBMs,26,29,55,0.47
NBMt,5,4,9,0.56
NBNB,50,73,123,0.41
NBND,6,9,15,0.4
NBNH,14,11,25,0.56
NBNI,1,2,3,0.33
NBNK,6,11,17,0.35
NBNL,15,14,29,0.52
NBNM,52,61,113,0.46
NBNN,68,73,141,0.48
NBNP,77,84,161,0.48
NBNS,28,49,77,0.36
NBNb,47,44,91,0.52
NBNh,19,19,38,0.5
NBNl,11,16,27,0.41
NBNm,76,66,142,0.54
NBNn,80,82,162,0.49
NBNs,52,51,103,0.5
NBNt,11,7,18,0.61
NBPB,58,61,119,0.49
NBPD,10,9,19,0.53
NBPH,22,20,42,0.52
NBPI,6,5,11,0.55
NBPK,7,5,12,0.58
NBPL,21,34,55,0.38
NBPM,50,71,121,0.41
NBPN,55,77,132,0.42
NBPP,92,97,189,0.49
NBPS,44,42,86,0.51
NBPb,51,63,114,0.45
NBPh,4,8,12,0.33
NBPl,27,30,57,0.47
NBPm,76,65,141,0.54
NBPn,65,78,143,0.45
NBPs,47,48,95,0.49
NBPt,9,9,18,0.5
NBSB,23,22,45,0.51
NBSD,4,5,9,0.44
NBSH,5,18,23,0.22
NBSI,3,1,4,0.75
NBSK,0,1,1,0.0
NBSL,7,8,15,0.47
NBSM,23,33,56,0.41
NBSN,25,27,52,0.48
NBSP,35,29,64,0.55
NBSS,28,28,56,0.5
NBSb,13,29,42,0.31
NBSh,12,15,27,0.44
NBSl,8,6,14,0.57
NBSm,48,30,78,0.62
NBSn,37,38,75,0.49
NBSs,37,26,63,0.59
NBSt,2,2,4,0.5
NBbB,41,54,95,0.43
NBbD,8,9,17,0.47
NBbH,13,21,34,0.38
NBbI,7,7,14,0.5
NBbJ,23,10,33,0.7
NBbK,4,10,14,0.29
NBbL,7,13,20,0.35
NBbM,47,62,109,0.43
NBbN,70,67,137,0.51
NBbP,59,57,116,0.51
NBbS,23,45,68,0.34
NBbb,39,55,94,0.41
NBbh,0,0,0,
NBbl,21,10,31,0.68
NBbm,48,40,88,0.55
NBbn,53,46,99,0.54
NBbs,28,30,58,0.48
NBhB,5,4,9,0.56
NBhD,1,0,1,1.0
NBhH,1,2,3,0.33
NBhI,2,2,4,0.5
NBhL,1,0,1,1.0
NBhM,7,7,14,0.5
NBhN,6,4,10,0.6
NBhP,8,6,14,0.57
NBhS,3,5,8,0.38
NBhb,3,5,8,0.38
NBhh,3,6,9,0.33
NBhl,1,4,5,0.2
NBhm,6,7,13,0.46
NBhn,4,7,11,0.36
NBhs,6,9,15,0.4
NBht,0,0,0,
NBjB,7,13,20,0.35
NBjD,0,1,1,0.0
NBjH,4,4,8,0.5
NBjI,2,2,4,0.5
NBjK,0,3,3,0.0
NBjL,2,7,9,0.22
NBjM,8,9,17,0.47
NBjN,14,5,19,0.74
NBjP,8,19,27,0.3
NBjS,9,12,21,0.43
NBjb,5,15,20,0.25
NBjh,3,1,4,0.75
NBjl,7,3,10,0.7
NBjm,17,15,32,0.53
NBjn,11,15,26,0.42
NBjs,16,7,23,0.7
NBjt,0,1,1,0.0
NBlB,10,13,23,0.43
NBlD,3,3,6,0.5
NBlH,14,14,28,0.5
NBlI,0,1,1,0.0
NBlJ,7,2,9,0.78
NBlK,1,0,1,1.0
NBlL,10,1,11,0.91
NBlM,20,15,35,0.57
NBlN,11,19,30,0.37
NBlP,16,11,27,0.59
NBlS,10,18,28,0.36
NBlb,14,13,27,0.52
NBll,7,3,10,0.7
NBlm,20,17,37,0.54
NBln,16,12,28,0.57
NBls,10,11,21,0.48
NBmB,54,38,92,0.59
NBmD,9,13,22,0.41
NBmH,60,54,114,0.53
NBmI,7,8,15,0.47
NBmJ,19,12,31,0.61
NBmK,2,2,4,0.5
NBmL,21,24,45,0.47
NBmM,62,66,128,0.48
NBmN,75,91,166,0.45
NBmP,72,77,149,0.48
NBmS,45,45,90,0.5
NBmb,37,43,80,0.46
NBml,20,15,35,0.57
NBmm,54,42,96,0.56
NBmn,61,57,118,0.52
NBms,48,36,84,0.57
NBnB,72,70,142,0.51
NBnD,20,14,34,0.59
NBnH,41,40,81,0.51
NBnI,10,12,22,0.45
NBnK,4,6,10,0.4
NBnL,19,23,42,0.45
NBnM,64,71,135,0.47
NBnN,96,90,186,0.52
NBnP,95,93,188,0.51
NBnS,55,66,121,0.45
NBnb,56,51,107,0.52
NBnh,3,7,10,0.3
NBnl,26,19,45,0.58
NBnm,78,78,156,0.5
NBnn,89,86,175,0.51
NBns,59,67,126,0.47
NBnt,2,2,4,0.5
NBsB,19,17,36,0.53
NBsD,9,3,12,0.75
NBsH,26,25,51,0.51
NBsI,7,7,14,0.5
NBsK,0,2,2,0.0
NBsL,5,13,18,0.28
NBsM,21,36,57,0.37
NBsN,37,30,67,0.55
NBsP,30,28,58,0.52
NBsS,29,29,58,0.5
NBsb,20,22,42,0.48
NBsh,2,2,4,0.5
NBsl,14,13,27,0.52
NBsm,40,27,67,0.6
NBsn,23,27,50,0.46
NBss,37,26,63,0.59
NBtB,5,5,10,0.5
NBtD,1,1,2,0.5
NBtH,5,7,12,0.42
NBtI,0,1,1,0.0
NBtK,0,0,0,
NBtL,4,5,9,0.44
NBtM,7,13,20,0.35
NBtN,2,7,9,0.22
NBtP,7,6,13,0.54
NBtS,5,5,10,0.5
NBtb,12,6,18,0.67
NBth,1,0,1,1.0
NBtl,3,5,8,0.38
NBtm,8,6,14,0.57
NBtn,7,8,15,0.47
NBts,9,8,17,0.53
NBtt,1,1,2,0.5
NDBB,14,8,22,0.64
NDBD,1,4,5,0.2
NDBL,1,2,3,0.33
NDBM,4,13,17,0.24
NDBN,8,10,18,0.44
NDBP,6,7,13,0.46
NDBS,7,3,10,0.7
NDBb,9,7,16,0.56
NDBh,0,1,1,0.0
NDBj,4,0,4,1.0
NDBl,6,2,8,0.75
NDBm,6,8,14,0.43
NDBn,7,8,15,0.47
NDBs,3,3,6,0.5
NDBt,1,2,3,0.33
NDDB,0,3,3,0.0
NDDD,3,0,3,1.0
NDDH,1,1,2,0.5
NDDI,1,1,2,0.5
NDDL,2,0,2,1.0
NDDM,2,4,6,0.33
NDDN,2,4,6,0.33
NDDP,6,4,10,0.6
NDDS,3,5,8,0.38
NDDb,1,1,2,0.5
NDDh,1,0,1,1.0
NDDm,2,7,9,0.22
NDDn,1,0,1,1.0
NDDs,2,1,3,0.67
NDHB,11,11,22,0.5
NDHD,2,4,6,0.33
NDHH,2,3,5,0.4
NDHI,1,3,4,0.25
NDHK,0,1,1,0.0
NDHL,2,3,5,0.4
NDHM,7,13,20,0.35
NDHN,9,9,18,0.5
NDHP,12,5,17,0.71
NDHS,10,7,17,0.59
NDHb,5,11,16,0.31
NDHh,3,6,9,0.33
NDHl,4,4,8,0.5
NDHm,20,14,34,0.59
NDHn,12,13,25,0.48
NDHs,14,10,24,0.58
NDHt,1,1,2,0.5
NDID,0,0,0,
NDIM,1,1,2,0.5
NDIN,1,1,2,0.5
NDIP,3,1,4,0.75
NDIS,2,0,2,1.0
NDIb,3,2,5,0.6
NDIm,1,1,2,0.5
NDIn,1,1,2,0.5
NDIs,2,1,3,0.67
NDKI,0,1,1,0.0
NDKM,2,0,2,1.0
NDLB,1,4,5,0.2
NDLD,2,0,2,1.0
NDLK,1,0,1,1.0
NDLL,1,0,1,1.0
NDLM,3,8,11,0.27
NDLN,5,6,11,0.45
NDLP,1,4,5,0.2
NDLS,1,3,4,0.25
NDLb,3,4,7,0.43
NDLh,3,0,3,1.0
NDLj,1,0,1,1.0
NDLl,0,1,1,0.0
NDLm,3,3,6,0.5
NDLn,1,5,6,0.17
NDLs,1,1,2,0.5
NDMB,8,7,15,0.53
NDMD,4,2,6,0.67
NDMK,1,1,2,0.5
NDML,5,4,9,0.56
NDMM,9,14,23,0.39
NDMN,12,9,21,0.57
NDMP,11,25,36,0.31
NDMS,8,14,22,0.36
NDMb,6,8,14,0.43
NDMh,5,6,11,0.45
NDMj,1,0,1,1.0
NDMl,1,5,6,0.17
NDMm,15,16,31,0.48
NDMn,16,11,27,0.59
NDMs,9,6,15,0.6
NDMt,1,5,6,0.17
NDNB,7,7,14,0.5
NDND,1,0,1,1.0
NDNH,3,4,7,0.43
NDNI,0,0,0,
NDNK,3,0,3,1.0
NDNL,3,9,12,0.25
NDNM,10,11,21,0.48
NDNN,12,16,28,0.43
NDNP,13,12,25,0.52
NDNS,7,16,23,0.3
NDNb,9,6,15,0.6
NDNh,1,3,4,0.25
NDNl,3,2,5,0.6
NDNm,17,11,28,0.61
NDNn,11,9,20,0.55
NDNs,8,18,26,0.31
NDNt,1,1,2,0.5
NDPB,6,8,14,0.43
NDPD,3,0,3,1.0
NDPH,1,1,2,0.5
NDPI,2,2,4,0.5
NDPK,1,1,2,0.5
NDPL,5,3,8,0.62
NDPM,7,15,22,0.32
NDPN,12,14,26,0.46
NDPP,13,16,29,0.45
NDPS,9,6,15,0.6
NDPb,6,5,11,0.55
NDPh,0,2,2,0.0
NDPl,5,2,7,0.71
NDPm,15,12,27,0.56
NDPn,6,11,17,0.35
NDPs,12,5,17,0.71
NDPt,2,1,3,0.67
NDSB,6,3,9,0.67
NDSD,5,4,9,0.56
NDSH,5,7,12,0.42
NDSI,1,0,1,1.0
NDSK,1,1,2,0.5
NDSL,2,2,4,0.5
NDSM,9,12,21,0.43
NDSN,8,11,19,0.42
NDSP,9,13,22,0.41
NDSS,20,18,38,0.53
NDSb,10,9,19,0.53
NDSh,7,3,10,0.7
NDSl,2,3,5,0.4
NDSm,19,15,34,0.56
NDSn,19,12,31,0.61
NDSs,11,9,20,0.55
NDSt,3,1,4,0.75
NDbB,8,5,13,0.62
NDbD,2,0,2,1.0
NDbH,2,4,6,0.33
NDbI,0,1,1,0.0
NDbJ,0,2,2,0.0
NDbK,3,1,4,0.75
NDbL,2,3,5,0.4
NDbM,8,7,15,0.53
NDbN,7,10,17,0.41
NDbP,3,4,7,0.43
NDbS,5,5,10,0.5
NDbb,7,8,15,0.47
NDbl,1,1,2,0.5
NDbm,9,4,13,0.69
NDbn,7,10,17,0.41
NDbs,8,7,15,0.53
NDhK,1,0,1,1.0
NDhL,1,0,1,1.0
NDhM,0,1,1,0.0
NDhN,1,1,2,0.5
NDhP,0,2,2,0.0
NDhS,1,0,1,1.0
NDhb,1,0,1,1.0
NDhh,1,0,1,1.0
NDhm,2,2,4,0.5
NDhn,1,0,1,1.0
NDlB,5,3,8,0.62
NDlD,1,2,3,0.33
NDlH,7,3,10,0.7
NDlJ,2,4,6,0.33
NDlM,4,0,4,1.0
NDlN,1,0,1,1.0
NDlP,6,0,6,1.0
NDlS,2,2,4,0.5
NDlb,2,3,5,0.4
NDll,2,0,2,1.0
NDlm,1,2,3,0.33
NDln,2,3,5,0.4
NDls,1,0,1,1.0
NDmB,18,12,30,0.6
NDmD,1,4,5,0.2
NDmH,11,10,21,0.52
NDmI,0,1,1,0.0
NDmJ,3,4,7,0.43
NDmL,6,3,9,0.67
NDmM,17,13,30,0.57
NDmN,12,11,23,0.52
NDmP,7,9,16,0.44
NDmS,8,5,13,0.62
NDmb,10,16,26,0.38
NDmh,0,1,1,0.0
NDml,3,5,8,0.38
NDmm,16,12,28,0.57
NDmn,12,7,19,0.63
NDms,11,4,15,0.73
NDnB,5,4,9,0.56
NDnD,2,2,4,0.5
NDnH,10,9,19,0.53
NDnI,3,2,5,0.6
NDnL,0,3,3,0.0
NDnM,6,10,16,0.38
NDnN,10,14,24,0.42
NDnP,11,13,24,0.46
NDnS,8,11,19,0.42
NDnb,8,10,18,0.44
NDnh,0,1,1,0.0
NDnl,0,2,2,0.0
NDnm,8,11,19,0.42
NDnn,12,7,19,0.63
NDns,8,11,19,0.42
NDsB,7,3,10,0.7
NDsD,2,3,5,0.4
NDsH,11,7,18,0.61
NDsI,0,4,4,0.0
NDsL,4,6,10,0.4
NDsM,10,16,26,0.38
NDsN,15,13,28,0.54
NDsP,10,7,17,0.59
NDsS,12,14,26,0.46
NDsb,7,2,9,0.78
NDsh,1,1,2,0.5
NDsl,3,6,9,0.33
NDsm,8,3,11,0.73
NDsn,8,8,16,0.5
NDss,11,13,24,0.46
NDtB,0,1,1,0.0
NDtD,2,2,4,0.5
NDtH,1,0,1,1.0
NDtI,0,1,1,0.0
NDtL,1,0,1,1.0
NDtM,1,1,2,0.5
NDtN,4,0,4,1.0
NDtP,1,2,3,0.33
NDtS,2,0,2,1.0
NDtb,3,0,3,1.0
NDtm,1,1,2,0.5
NDtn,1,1,2,0.5
NDts,1,1,2,0.5
NHBB,15,6,21,0.71
NHBD,2,0,2,1.0
NHBK,2,0,2,1.0
NHBL,3,7,10,0.3
NHBM,5,7,12,0.42
NHBN,8,16,24,0.33
NHBP,11,10,21,0.52
NHBS,6,5,11,0.55
NHBb,7,9,16,0.44
NHBh,2,1,3,0.67
NHBj,2,1,3,0.67
NHBl,1,2,3,0.33
NHBm,7,8,15,0.47
NHBn,11,12,23,0.48
NHBs,4,8,12,0.33
NHBt,5,0,5,1.0
NHDB,2,1,3,0.67
NHDD,1,0,1,1.0
NHDH,1,5,6,0.17
NHDL,0,2,2,0.0
NHDM,2,2,4,0.5
NHDN,1,2,3,0.33
NHDP,0,1,1,0.0
NHDS,1,1,2,0.5
NHDb,4,0,4,1.0
NHDh,1,0,1,1.0
NHDm,2,2,4,0.5
NHDn,0,1,1,0.0
NHDs,2,1,3,0.67
NHDt,1,0,1,1.0
NHHB,1,2,3,0.33
NHHD,1,1,2,0.5
NHHH,0,1,1,0.0
NHHI,0,1,1,0.0
NHHL,0,1,1,0.0
NHHM,4,4,8,0.5
NHHN,5,7,12,0.42
NHHS,4,0,4,1.0
NHHb,2,3,5,0.4
NHHh,2,0,2,1.0
NHHl,3,3,6,0.5
NHHm,0,2,2,0.0
NHHn,2,1,3,0.67
NHHs,2,5,7,0.29
NHIB,2,1,3,0.67
NHIH,2,4,6,0.33
NHIK,1,0,1,1.0
NHIM,3,2,5,0.6
NHIN,2,2,4,0.5
NHIP,1,0,1,1.0
NHIS,0,1,1,0.0
NHIb,2,2,4,0.5
NHIl,2,0,2,1.0
NHIm,5,3,8,0.62
NHIn,0,3,3,0.0
NHIs,2,3,5,0.4
NHKB,3,1,4,0.75
NHKD,0,0,0,
NHKI,0,1,1,0.0
NHKL,0,1,1,0.0
NHKM,2,4,6,0.33
NHKN,1,1,2,0.5
NHKP,1,2,3,0.33
NHKS,0,0,0,
NHKb,1,0,1,1.0
NHKh,2,1,3,0.67
NHKl,2,0,2,1.0
NHKm,2,0,2,1.0
NHKn,1,2,3,0.33
NHKs,3,1,4,0.75
NHKt,0,0,0,
NHLB,4,4,8,0.5
NHLD,1,1,2,0.5
NHLK,0,0,0,
NHLL,2,1,3,0.67
NHLM,5,2,7,0.71
NHLN,4,3,7,0.57
NHLP,8,2,10,0.8
NHLS,2,1,3,0.67
NHLb,3,1,4,0.75
NHLh,0,1,1,0.0
NHLj,1,1,2,0.5
NHLl,3,2,5,0.6
NHLm,3,0,3,1.0
NHLn,3,7,10,0.3
NHLs,1,5,6,0.17
NHLt,0,1,1,0.0
NHMB,9,7,16,0.56
NHMD,2,0,2,1.0
NHMH,0,1,1,0.0
NHMK,1,0,1,1.0
NHML,2,3,5,0.4
NHMM,9,11,20,0.45
NHMN,17,12,29,0.59
NHMP,7,10,17,0.41
NHMS,10,6,16,0.62
NHMb,14,12,26,0.54
NHMh,12,7,19,0.63
NHMj,1,2,3,0.33
NHMl,2,5,7,0.29
NHMm,18,17,35,0.51
NHMn,15,30,45,0.33
NHMs,12,7,19,0.63
NHMt,1,2,3,0.33
NHNB,13,5,18,0.72
NHND,4,0,4,1.0
NHNH,4,2,6,0.67
NHNI,0,1,1,0.0
NHNK,0,1,1,0.0
NHNL,1,1,2,0.5
NHNM,13,14,27,0.48
NHNN,20,22,42,0.48
NHNP,17,14,31,0.55
NHNS,15,19,34,0.44
NHNb,10,15,25,0.4
NHNh,4,7,11,0.36
NHNl,2,6,8,0.25
NHNm,17,17,34,0.5
NHNn,11,17,28,0.39
NHNs,16,15,31,0.52
NHNt,5,2,7,0.71
NHPB,11,11,22,0.5
NHPD,0,4,4,0.0
NHPH,9,4,13,0.69
NHPI,4,3,7,0.57
NHPK,4,2,6,0.67
NHPL,3,3,6,0.5
NHPM,14,21,35,0.4
NHPN,12,7,19,0.63
NHPP,17,21,38,0.45
NHPS,16,18,34,0.47
NHPb,12,11,23,0.52
NHPh,3,1,4,0.75
NHPl,4,3,7,0.57
NHPm,17,14,31,0.55
NHPn,15,10,25,0.6
NHPs,16,17,33,0.48
NHPt,4,1,5,0.8
NHSB,6,12,18,0.33
NHSD,1,2,3,0.33
NHSH,4,7,11,0.36
NHSK,1,1,2,0.5
NHSL,6,6,12,0.5
NHSM,11,13,24,0.46
NHSN,11,12,23,0.48
NHSP,12,10,22,0.55
NHSS,24,18,42,0.57
NHSb,6,3,9,0.67
NHSh,14,5,19,0.74
NHSl,6,1,7,0.86
NHSm,28,14,42,0.67
NHSn,15,9,24,0.62
NHSs,17,20,37,0.46
NHSt,6,2,8,0.75
NHbB,5,2,7,0.71
NHbD,1,0,1,1.0
NHbH,3,3,6,0.5
NHbI,0,5,5,0.0
NHbJ,4,7,11,0.36
NHbL,1,3,4,0.25
NHbM,9,8,17,0.53
NHbN,11,12,23,0.48
NHbP,13,6,19,0.68
NHbS,9,6,15,0.6
NHbb,12,2,14,0.86
NHbl,2,3,5,0.4
NHbm,8,11,19,0.42
NHbn,9,9,18,0.5
NHbs,6,7,13,0.46
NHhB,3,6,9,0.33
NHhH,2,2,4,0.5
NHhI,0,2,2,0.0
NHhL,2,2,4,0.5
NHhM,4,8,12,0.33
NHhN,3,3,6,0.5
NHhP,4,7,11,0.36
NHhS,6,4,10,0.6
NHhb,2,4,6,0.33
NHhh,5,3,8,0.62
NHhl,1,1,2,0.5
NHhm,4,4,8,0.5
NHhn,1,2,3,0.33
NHhs,7,4,11,0.64
NHlB,6,2,8,0.75
NHlD,0,1,1,0.0
NHlH,0,4,4,0.0
NHlJ,2,3,5,0.4
NHlK,1,0,1,1.0
NHlL,1,0,1,1.0
NHlM,3,6,9,0.33
NHlN,7,3,10,0.7
NHlP,4,2,6,0.67
NHlS,4,3,7,0.57
NHlb,6,6,12,0.5
NHll,1,2,3,0.33
NHlm,6,3,9,0.67
NHln,7,5,12,0.58
NHls,5,1,6,0.83
NHmB,8,12,20,0.4
NHmD,5,3,8,0.62
NHmH,22,15,37,0.59
NHmI,1,1,2,0.5
NHmJ,2,0,2,1.0
NHmK,1,1,2,0.5
NHmL,3,4,7,0.43
NHmM,19,18,37,0.51
NHmN,12,11,23,0.52
NHmP,15,19,34,0.44
NHmS,8,11,19,0.42
NHmb,12,14,26,0.46
NHml,3,6,9,0.33
NHmm,15,8,23,0.65
NHmn,11,11,22,0.5
NHms,8,9,17,0.47
NHnB,9,6,15,0.6
NHnD,1,0,1,1.0
NHnH,8,4,12,0.67
NHnI,4,3,7,0.57
NHnK,3,2,5,0.6
NHnL,6,6,12,0.5
NHnM,7,12,19,0.37
NHnN,16,19,35,0.46
NHnP,21,12,33,0.64
NHnS,14,12,26,0.54
NHnb,18,10,28,0.64
NHnh,0,1,1,0.0
NHnl,3,4,7,0.43
NHnm,13,13,26,0.5
NHnn,18,16,34,0.53
NHns,18,7,25,0.72
NHsB,9,7,16,0.56
NHsD,1,0,1,1.0
NHsH,10,10,20,0.5
NHsI,4,3,7,0.57
NHsK,1,1,2,0.5
NHsL,5,2,7,0.71
NHsM,16,17,33,0.48
NHsN,16,11,27,0.59
NHsP,14,13,27,0.52
NHsS,22,15,37,0.59
NHsb,14,9,23,0.61
NHsh,0,1,1,0.0
NHsl,4,7,11,0.36
NHsm,14,11,25,0.56
NHsn,15,13,28,0.54
NHss,14,16,30,0.47
NHst,1,0,1,1.0
NHtB,0,2,2,0.0
NHtH,2,1,3,0.67
NHtI,1,1,2,0.5
NHtK,1,0,1,1.0
NHtN,0,2,2,0.0
NHtP,0,1,1,0.0
NHtS,1,2,3,0.33
NHtm,2,0,2,1.0
NHtn,2,1,3,0.67
NHts,1,0,1,1.0
NIBB,2,1,3,0.67
NIBD,1,0,1,1.0
NIBM,1,3,4,0.25
NIBN,3,1,4,0.75
NIBP,3,0,3,1.0
NIBS,0,2,2,0.0
NIBb,2,0,2,1.0
NIBl,0,2,2,0.0
NIBm,4,2,6,0.67
NIBs,2,0,2,1.0
NIDI,1,0,1,1.0
NIDM,0,3,3,0.0
NIDb,1,0,1,1.0
NIDm,1,0,1,1.0
NIHB,1,0,1,1.0
NIHD,2,0,2,1.0
NIHI,1,0,1,1.0
NIHK,3,0,3,1.0
NIHL,0,1,1,0.0
NIHM,1,1,2,0.5
NIHN,1,4,5,0.2
NIHP,3,1,4,0.75
NIHS,0,1,1,0.0
NIHb,2,0,2,1.0
NIHh,3,0,3,1.0
NIHl,1,0,1,1.0
NIHm,5,0,5,1.0
NIHn,1,0,1,1.0
NIHs,5,0,5,1.0
NIIB,1,0,1,1.0
NIIP,2,0,2,1.0
NIIS,1,0,1,1.0
NIIb,0,1,1,0.0
NIIh,0,1,1,0.0
NIIm,1,0,1,1.0
NIIn,2,1,3,0.67
NIKS,0,1,1,0.0
NIKs,1,0,1,1.0
NILB,2,2,4,0.5
NILL,0,1,1,0.0
NILN,2,1,3,0.67
NILP,1,0,1,1.0
NILb,0,1,1,0.0
NILm,2,0,2,1.0
NILn,0,0,0,
NIMB,3,1,4,0.75
NIMM,1,2,3,0.33
NIMN,1,3,4,0.25
NIMP,2,1,3,0.67
NIMS,1,0,1,1.0
NIMb,1,2,3,0.33
NIMh,1,4,5,0.2
NIMl,0,2,2,0.0
NIMm,5,1,6,0.83
NIMn,1,3,4,0.25
NIMs,1,1,2,0.5
NIMt,0,1,1,0.0
NINB,0,2,2,0.0
NIND,1,1,2,0.5
NINI,0,0,0,
NINL,0,1,1,0.0
NINM,1,3,4,0.25
NINN,0,3,3,0.0
NINP,1,1,2,0.5
NINS,4,1,5,0.8
NINb,1,0,1,1.0
NINh,0,2,2,0.0
NINl,0,1,1,0.0
NINm,2,0,2,1.0
NINn,0,1,1,0.0
NINs,4,1,5,0.8
NIPB,2,2,4,0.5
NIPH,0,2,2,0.0
NIPK,1,0,1,1.0
NIPL,0,1,1,0.0
NIPM,1,3,4,0.25
NIPN,0,2,2,0.0
NIPP,2,6,8,0.25
NIPS,1,1,2,0.5
NIPb,1,0,1,1.0
NIPh,0,0,0,
NIPl,0,2,2,0.0
NIPm,3,3,6,0.5
NIPn,1,2,3,0.33
NIPs,3,1,4,0.75
NISB,0,1,1,0.0
NISD,1,0,1,1.0
NISH,0,1,1,0.0
NISI,0,1,1,0.0
NISM,3,2,5,0.6
NISN,2,2,4,0.5
NISP,3,1,4,0.75
NISS,2,1,3,0.67
NISb,1,0,1,1.0
NISh,0,3,3,0.0
NISl,1,1,2,0.5
NISm,3,1,4,0.75
NISn,3,2,5,0.6
NISs,3,3,6,0.5
NISt,0,1,1,0.0
NIbB,0,7,7,0.0
NIbD,0,2,2,0.0
NIbH,0,1,1,0.0
NIbK,0,1,1,0.0
NIbM,3,1,4,0.75
NIbP,1,0,1,1.0
NIbS,1,0,1,1.0
NIbb,1,0,1,1.0
NIbm,4,2,6,0.67
NIbn,1,2,3,0.33
NIhB,1,1,2,0.5
NIhS,0,2,2,0.0
NIhb,1,0,1,1.0
NIlI,1,0,1,1.0
NIlJ,0,0,0,
NIlM,0,1,1,0.0
NIlN,1,3,4,0.25
NIlP,1,1,2,0.5
NIlS,1,0,1,1.0
NIll,0,1,1,0.0
NIlm,0,1,1,0.0
NIln,0,0,0,
NImB,3,5,8,0.38
NImH,1,1,2,0.5
NImI,1,0,1,1.0
NImJ,1,0,1,1.0
NImK,0,2,2,0.0
NImM,1,6,7,0.14
NImN,2,3,5,0.4
NImP,1,1,2,0.5
NImS,4,1,5,0.8
NImb,1,3,4,0.25
NIml,0,1,1,0.0
NImm,3,3,6,0.5
NImn,2,1,3,0.67
NIms,0,2,2,0.0
NImt,1,0,1,1.0
NInB,2,1,3,0.67
NInD,1,0,1,1.0
NInH,1,1,2,0.5
NInI,1,0,1,1.0
NInL,0,1,1,0.0
NInN,1,5,6,0.17
NInP,0,3,3,0.0
NInS,3,1,4,0.75
NInb,0,2,2,0.0
NInm,2,0,2,1.0
NInn,3,4,7,0.43
NIns,1,3,4,0.25
NIsH,0,1,1,0.0
NIsI,2,0,2,1.0
NIsM,3,0,3,1.0
NIsN,0,2,2,0.0
NIsP,2,2,4,0.5
NIsS,1,2,3,0.33
NIsb,2,4,6,0.33
NIsh,0,1,1,0.0
NIsl,0,0,0,
NIsm,1,2,3,0.33
NIsn,1,0,1,1.0
NIss,1,1,2,0.5
NItB,0,1,1,0.0
NItM,0,3,3,0.0
NItN,0,1,1,0.0
NItb,0,2,2,0.0
NItt,1,0,1,1.0
NKBB,3,6,9,0.33
NKBD,0,1,1,0.0
NKBK,0,1,1,0.0
NKBL,2,3,5,0.4
NKBM,4,7,11,0.36
NKBN,6,3,9,0.67
NKBP,11,7,18,0.61
NKBS,2,4,6,0.33
NKBb,8,3,11,0.73
NKBh,1,0,1,1.0
NKBj,3,0,3,1.0
NKBl,1,3,4,0.25
NKBm,6,9,15,0.4
NKBn,8,6,14,0.57
NKBs,2,2,4,0.5
NKBt,1,1,2,0.5
NKDB,2,0,2,1.0
NKDD,0,1,1,0.0
NKDH,1,2,3,0.33
NKDL,1,0,1,1.0
NKDM,0,5,5,0.0
NKDN,0,1,1,0.0
NKDP,2,0,2,1.0
NKDS,3,1,4,0.75
NKDb,3,1,4,0.75
NKDl,0,0,0,
NKDm,1,2,3,0.33
NKDn,1,0,1,1.0
NKDs,0,1,1,0.0
NKHD,0,1,1,0.0
NKHH,1,0,1,1.0
NKHK,0,1,1,0.0
NKHM,1,3,4,0.25
NKHN,1,2,3,0.33
NKHP,4,2,6,0.67
NKHS,0,2,2,0.0
NKHb,2,0,2,1.0
NKHh,0,1,1,0.0
NKHl,2,0,2,1.0
NKHm,0,2,2,0.0
NKHn,1,2,3,0.33
NKHs,4,0,4,1.0
NKIB,3,1,4,0.75
NKIH,0,1,1,0.0
NKII,0,1,1,0.0
NKIL,0,1,1,0.0
NKIM,3,1,4,0.75
NKIN,2,2,4,0.5
NKIP,2,0,2,1.0
NKIS,1,2,3,0.33
NKIb,1,0,1,1.0
NKIh,0,1,1,0.0
NKIm,1,2,3,0.33
NKIn,0,1,1,0.0
NKIs,2,2,4,0.5
NKKB,1,0,1,1.0
NKKP,1,0,1,1.0
NKKl,0,1,1,0.0
NKKm,2,0,2,1.0
NKKs,0,1,1,0.0
NKLB,2,0,2,1.0
NKLD,0,0,0,
NKLL,2,0,2,1.0
NKLM,3,3,6,0.5
NKLN,0,3,3,0.0
NKLP,1,1,2,0.5
NKLS,3,2,5,0.6
NKLb,3,1,4,0.75
NKLh,3,0,3,1.0
NKLl,0,1,1,0.0
NKLm,2,1,3,0.67
NKLn,3,2,5,0.6
NKLs,1,1,2,0.5
NKMB,8,4,12,0.67
NKMD,1,2,3,0.33
NKMK,0,1,1,0.0
NKML,0,0,0,
NKMM,5,14,19,0.26
NKMN,7,11,18,0.39
NKMP,3,9,12,0.25
NKMS,3,5,8,0.38
NKMb,5,3,8,0.62
NKMh,8,6,14,0.57
NKMj,0,2,2,0.0
NKMl,3,5,8,0.38
NKMm,10,9,19,0.53
NKMn,10,5,15,0.67
NKMs,6,8,14,0.43
NKMt,2,0,2,1.0
NKNB,7,2,9,0.78
NKND,0,0,0,
NKNH,0,0,0,
NKNI,1,0,1,1.0
NKNM,7,8,15,0.47
NKNN,8,13,21,0.38
NKNP,8,8,16,0.5
NKNS,5,10,15,0.33
NKNb,6,3,9,0.67
NKNh,4,1,5,0.8
NKNl,1,1,2,0.5
NKNm,5,3,8,0.62
NKNn,7,11,18,0.39
NKNs,4,2,6,0.67
NKNt,0,2,2,0.0
NKPB,6,7,13,0.46
NKPD,1,1,2,0.5
NKPH,1,3,4,0.25
NKPI,0,1,1,0.0
NKPK,4,0,4,1.0
NKPL,4,2,6,0.67
NKPM,8,10,18,0.44
NKPN,6,7,13,0.46
NKPP,3,8,11,0.27
NKPS,4,6,10,0.4
NKPb,5,10,15,0.33
NKPh,1,1,2,0.5
NKPl,3,0,3,1.0
NKPm,11,7,18,0.61
NKPn,7,11,18,0.39
NKPs,7,9,16,0.44
NKPt,2,1,3,0.67
NKSB,6,7,13,0.46
NKSD,1,0,1,1.0
NKSH,2,1,3,0.67
NKSL,0,1,1,0.0
NKSM,3,9,12,0.25
NKSN,6,9,15,0.4
NKSP,6,4,10,0.6
NKSS,6,3,9,0.67
NKSb,4,3,7,0.57
NKSh,3,7,10,0.3
NKSl,4,2,6,0.67
NKSm,6,5,11,0.55
NKSn,7,4,11,0.64
NKSs,5,11,16,0.31
NKSt,0,1,1,0.0
NKbB,4,3,7,0.57
NKbD,1,0,1,1.0
NKbI,1,0,1,1.0
NKbJ,1,1,2,0.5
NKbK,0,2,2,0.0
NKbL,3,2,5,0.6
NKbM,3,5,8,0.38
NKbN,7,1,8,0.88
NKbP,5,3,8,0.62
NKbS,3,2,5,0.6
NKbb,4,3,7,0.57
NKbl,2,1,3,0.67
NKbm,6,6,12,0.5
NKbn,3,5,8,0.38
NKbs,7,2,9,0.78
NKhB,3,6,9,0.33
NKhD,1,0,1,1.0
NKhH,0,1,1,0.0
NKhL,0,2,2,0.0
NKhM,2,6,8,0.25
NKhN,6,6,12,0.5
NKhP,2,7,9,0.22
NKhS,4,7,11,0.36
NKhb,3,3,6,0.5
NKhh,4,6,10,0.4
NKhl,3,4,7,0.43
NKhm,2,3,5,0.4
NKhn,8,5,13,0.62
NKhs,6,6,12,0.5
NKht,0,1,1,0.0
NKlB,2,1,3,0.67
NKlD,0,1,1,0.0
NKlH,1,1,2,0.5
NKlI,1,0,1,1.0
NKlJ,0,1,1,0.0
NKlL,0,0,0,
NKlM,2,2,4,0.5
NKlN,4,2,6,0.67
NKlP,3,1,4,0.75
NKlS,3,2,5,0.6
NKlb,2,2,4,0.5
NKll,0,1,1,0.0
NKlm,2,5,7,0.29
NKln,2,2,4,0.5
NKls,1,3,4,0.25
NKmB,2,2,4,0.5
NKmD,3,3,6,0.5
NKmH,8,6,14,0.57
NKmI,1,0,1,1.0
NKmJ,6,3,9,0.67
NKmL,3,5,8,0.38
NKmM,7,14,21,0.33
NKmN,8,7,15,0.53
NKmP,6,9,15,0.4
NKmS,7,3,10,0.7
NKmb,3,6,9,0.33
NKml,5,1,6,0.83
NKmm,8,8,16,0.5
NKmn,7,13,20,0.35
NKms,5,6,11,0.45
NKnB,3,5,8,0.38
NKnD,1,0,1,1.0
NKnH,4,5,9,0.44
NKnI,1,0,1,1.0
NKnK,0,2,2,0.0
NKnL,6,4,10,0.6
NKnM,7,4,11,0.64
NKnN,10,6,16,0.62
NKnP,10,10,20,0.5
NKnS,6,6,12,0.5
NKnb,6,4,10,0.6
NKnl,2,4,6,0.33
NKnm,8,6,14,0.57
NKnn,12,9,21,0.57
NKns,5,5,10,0.5
NKsB,7,0,7,1.0
NKsD,3,1,4,0.75
NKsH,7,7,14,0.5
NKsI,1,0,1,1.0
NKsL,1,2,3,0.33
NKsM,10,11,21,0.48
NKsN,8,7,15,0.53
NKsP,4,7,11,0.36
NKsS,8,9,17,0.47
NKsb,6,7,13,0.46
NKsh,1,1,2,0.5
NKsl,4,1,5,0.8
NKsm,12,2,14,0.86
NKsn,5,3,8,0.62
NKss,12,8,20,0.6
NKst,1,0,1,1.0
NKtB,1,0,1,1.0
NKtD,1,0,1,1.0
NKtH,1,3,4,0.25
NKtM,3,0,3,1.0
NKtN,1,1,2,0.5
NKtP,1,2,3,0.33
NKtS,1,0,1,1.0
NKtb,2,0,2,1.0
NKtm,0,2,2,0.0
NKtn,0,1,1,0.0
NKts,2,0,2,1.0
NLBB,16,23,39,0.41
NLBH,0,1,1,0.0
NLBK,3,2,5,0.6
NLBL,1,7,8,0.12
NLBM,13,17,30,0.43
NLBN,21,17,38,0.55
NLBP,16,33,49,0.33
NLBS,8,6,14,0.57
NLBb,18,20,38,0.47
NLBh,1,3,4,0.25
NLBj,6,5,11,0.55
NLBl,10,1,11,0.91
NLBm,20,14,34,0.59
NLBn,26,29,55,0.47
NLBs,6,10,16,0.38
NLBt,0,4,4,0.0
NLDB,1,0,1,1.0
NLDD,0,1,1,0.0
NLDH,0,3,3,0.0
NLDI,0,0,0,
NLDL,4,0,4,1.0
NLDM,1,3,4,0.25
NLDN,0,0,0,
NLDP,3,2,5,0.6
NLDS,3,1,4,0.75
NLDb,2,2,4,0.5
NLDm,4,2,6,0.67
NLDn,3,0,3,1.0
NLDs,4,0,4,1.0
NLHB,1,1,2,0.5
NLHI,0,1,1,0.0
NLHL,0,1,1,0.0
NLHM,1,1,2,0.5
NLHN,0,0,0,
NLHm,1,0,1,1.0
NLKB,0,1,1,0.0
NLKL,0,1,1,0.0
NLKM,1,0,1,1.0
NLKN,0,1,1,0.0
NLKP,0,3,3,0.0
NLKS,1,0,1,1.0
NLKb,2,1,3,0.67
NLKh,0,0,0,
NLKl,0,0,0,
NLKm,1,0,1,1.0
NLKn,0,2,2,0.0
NLKs,0,1,1,0.0
NLLB,4,2,6,0.67
NLLK,1,0,1,1.0
NLLL,4,2,6,0.67
NLLM,9,10,19,0.47
NLLN,6,3,9,0.67
NLLP,5,11,16,0.31
NLLS,1,3,4,0.25
NLLb,1,3,4,0.25
NLLh,3,3,6,0.5
NLLj,3,4,7,0.43
NLLl,3,2,5,0.6
NLLm,5,10,15,0.33
NLLn,2,3,5,0.4
NLLs,4,1,5,0.8
NLLt,1,2,3,0.33
NLMB,15,18,33,0.45
NLMD,1,2,3,0.33
NLMH,0,1,1,0.0
NLML,2,5,7,0.29
NLMM,14,28,42,0.33
NLMN,15,13,28,0.54
NLMP,20,20,40,0.5
NLMS,4,9,13,0.31
NLMb,14,10,24,0.58
NLMh,10,15,25,0.4
NLMj,5,2,7,0.71
NLMl,6,5,11,0.55
NLMm,20,24,44,0.45
NLMn,28,32,60,0.47
NLMs,11,9,20,0.55
NLMt,1,2,3,0.33
NLNB,15,22,37,0.41
NLND,3,2,5,0.6
NLNH,2,3,5,0.4
NLNI,0,1,1,0.0
NLNK,2,1,3,0.67
NLNL,5,5,10,0.5
NLNM,11,19,30,0.37
NLNN,25,19,44,0.57
NLNP,17,23,40,0.42
NLNS,15,27,42,0.36
NLNb,15,14,29,0.52
NLNh,5,6,11,0.45
NLNl,4,7,11,0.36
NLNm,31,17,48,0.65
NLNn,21,20,41,0.51
NLNs,7,12,19,0.37
NLNt,2,4,6,0.33
NLPB,19,20,39,0.49
NLPD,5,4,9,0.56
NLPH,2,8,10,0.2
NLPI,3,2,5,0.6
NLPK,1,4,5,0.2
NLPL,5,8,13,0.38
NLPM,19,18,37,0.51
NLPN,23,26,49,0.47
NLPP,30,29,59,0.51
NLPS,23,18,41,0.56
NLPb,18,18,36,0.5
NLPh,2,3,5,0.4
NLPl,6,8,14,0.43
NLPm,22,21,43,0.51
NLPn,24,26,50,0.48
NLPs,24,16,40,0.6
NLPt,7,1,8,0.88
NLSB,9,6,15,0.6
NLSD,3,2,5,0.6
NLSH,4,4,8,0.5
NLSI,2,1,3,0.67
NLSK,2,0,2,1.0
NLSL,3,6,9,0.33
NLSM,11,11,22,0.5
NLSN,8,11,19,0.42
NLSP,18,15,33,0.55
NLSS,8,9,17,0.47
NLSb,10,11,21,0.48
NLSh,2,14,16,0.12
NLSl,6,3,9,0.67
NLSm,8,10,18,0.44
NLSn,11,10,21,0.52
NLSs,13,10,23,0.57
NLSt,2,1,3,0.67
NLbB,17,12,29,0.59
NLbD,0,1,1,0.0
NLbH,7,5,12,0.58
NLbI,2,0,2,1.0
NLbJ,6,4,10,0.6
NLbK,2,3,5,0.4
NLbL,3,5,8,0.38
NLbM,12,21,33,0.36
NLbN,14,15,29,0.48
NLbP,13,15,28,0.46
NLbS,8,15,23,0.35
NLbb,14,11,25,0.56
NLbh,0,1,1,0.0
NLbl,4,9,13,0.31
NLbm,20,10,30,0.67
NLbn,17,18,35,0.49
NLbs,12,10,22,0.55
NLhB,5,8,13,0.38
NLhD,1,0,1,1.0
NLhH,1,0,1,1.0
NLhI,1,0,1,1.0
NLhK,1,0,1,1.0
NLhL,3,1,4,0.75
NLhM,3,8,11,0.27
NLhN,4,7,11,0.36
NLhP,4,7,11,0.36
NLhS,6,6,12,0.5
NLhb,7,4,11,0.64
NLhh,5,8,13,0.38
NLhl,0,2,2,0.0
NLhm,8,12,20,0.4
NLhn,13,6,19,0.68
NLhs,7,0,7,1.0
NLht,2,1,3,0.67
NLjB,2,2,4,0.5
NLjD,1,2,3,0.33
NLjH,1,0,1,1.0
NLjL,1,3,4,0.25
NLjM,3,6,9,0.33
NLjN,1,1,2,0.5
NLjP,1,6,7,0.14
NLjS,1,2,3,0.33
NLjb,3,1,4,0.75
NLjh,0,2,2,0.0
NLjl,2,0,2,1.0
NLjm,1,3,4,0.25
NLjn,4,4,8,0.5
NLjs,2,3,5,0.4
NLlB,5,3,8,0.62
NLlD,1,2,3,0.33
NLlH,3,8,11,0.27
NLlJ,0,1,1,0.0
NLlK,0,1,1,0.0
NLlL,2,3,5,0.4
NLlM,7,8,15,0.47
NLlN,3,6,9,0.33
NLlP,10,7,17,0.59
NLlS,1,4,5,0.2
NLlb,6,6,12,0.5
NLll,2,7,9,0.22
NLlm,8,6,14,0.57
NLln,10,5,15,0.67
NLls,3,7,10,0.3
NLmB,18,18,36,0.5
NLmD,2,2,4,0.5
NLmH,14,11,25,0.56
NLmI,1,4,5,0.2
NLmJ,2,2,4,0.5
NLmL,6,3,9,0.67
NLmM,13,16,29,0.45
NLmN,25,22,47,0.53
NLmP,24,17,41,0.59
NLmS,23,10,33,0.7
NLmb,18,11,29,0.62
NLmh,1,0,1,1.0
NLml,6,0,6,1.0
NLmm,24,29,53,0.45
NLmn,16,27,43,0.37
NLms,14,13,27,0.52
NLnB,25,20,45,0.56
NLnD,6,2,8,0.75
NLnH,12,8,20,0.6
NLnI,3,4,7,0.43
NLnK,0,2,2,0.0
NLnL,6,8,14,0.43
NLnM,17,25,42,0.4
NLnN,21,26,47,0.45
NLnP,36,27,63,0.57
NLnS,22,23,45,0.49
NLnb,20,11,31,0.65
NLnh,0,2,2,0.0
NLnl,3,4,7,0.43
NLnm,20,27,47,0.43
NLnn,26,19,45,0.58
NLns,16,17,33,0.48
NLnt,1,1,2,0.5
NLsB,7,9,16,0.44
NLsD,3,4,7,0.43
NLsH,8,7,15,0.53
NLsL,3,4,7,0.43
NLsM,12,11,23,0.52
NLsN,19,16,35,0.54
NLsP,26,15,41,0.63
NLsS,9,15,24,0.38
NLsb,8,7,15,0.53
NLsh,1,1,2,0.5
NLsl,5,7,12,0.42
NLsm,21,12,33,0.64
NLsn,16,16,32,0.5
NLss,14,16,30,0.47
NLtB,0,2,2,0.0
NLtD,1,0,1,1.0
NLtH,1,1,2,0.5
NLtL,1,2,3,0.33
NLtM,3,6,9,0.33
NLtN,3,6,9,0.33
NLtP,3,2,5,0.6
NLtS,1,5,6,0.17
NLtb,1,2,3,0.33
NLtl,0,1,1,0.0
NLtm,3,3,6,0.5
NLtn,0,2,2,0.0
NLts,0,2,2,0.0
NLtt,0,0,0,
NMBB,73,82,155,0.47
NMBD,12,5,17,0.71
NMBH,1,0,1,1.0
NMBK,4,4,8,0.5
NMBL,11,13,24,0.46
NMBM,54,76,130,0.42
NMBN,75,82,157,0.48
NMBP,79,70,149,0.53
NMBS,27,21,48,0.56
NMBb,55,83,138,0.4
NMBh,5,3,8,0.62
NMBj,13,16,29,0.45
NMBl,11,19,30,0.37
NMBm,73,68,141,0.52
NMBn,81,91,172,0.47
NMBs,21,26,47,0.45
NMBt,5,9,14,0.36
NMDB,6,5,11,0.55
NMDD,0,4,4,0.0
NMDH,11,9,20,0.55
NMDI,2,1,3,0.67
NMDK,0,0,0,
NMDL,0,1,1,0.0
NMDM,10,14,24,0.42
NMDN,8,10,18,0.44
NMDP,8,7,15,0.53
NMDS,4,8,12,0.33
NMDb,6,6,12,0.5
NMDh,0,0,0,
NMDl,3,1,4,0.75
NMDm,16,13,29,0.55
NMDn,7,7,14,0.5
NMDs,10,9,19,0.53
NMDt,2,0,2,1.0
NMHD,1,0,1,1.0
NMHH,1,1,2,0.5
NMHI,1,0,1,1.0
NMHM,1,2,3,0.33
NMHP,1,1,2,0.5
NMHS,2,0,2,1.0
NMHb,0,1,1,0.0
NMHh,0,1,1,0.0
NMHs,3,1,4,0.75
NMIB,0,1,1,0.0
NMIM,0,1,1,0.0
NMIP,0,1,1,0.0
NMIS,1,0,1,1.0
NMIm,2,0,2,1.0
NMIn,1,0,1,1.0
NMKB,2,2,4,0.5
NMKI,1,0,1,1.0
NMKM,1,2,3,0.33
NMKN,1,3,4,0.25
NMKP,3,2,5,0.6
NMKS,1,3,4,0.25
NMKb,0,3,3,0.0
NMKh,1,1,2,0.5
NMKl,0,2,2,0.0
NMKm,1,2,3,0.33
NMKn,3,3,6,0.5
NMKs,1,2,3,0.33
NMLB,11,18,29,0.38
NMLD,1,3,4,0.25
NMLH,0,2,2,0.0
NMLK,1,2,3,0.33
NMLL,4,3,7,0.57
NMLM,10,16,26,0.38
NMLN,13,11,24,0.54
NMLP,13,11,24,0.54
NMLS,5,6,11,0.45
NMLb,15,18,33,0.45
NMLh,7,7,14,0.5
NMLj,5,2,7,0.71
NMLl,5,6,11,0.45
NMLm,14,15,29,0.48
NMLn,20,19,39,0.51
NMLs,5,10,15,0.33
NMLt,1,2,3,0.33
NMMB,38,53,91,0.42
NMMD,6,13,19,0.32
NMMH,2,0,2,1.0
NMMK,1,3,4,0.25
NMML,2,9,11,0.18
NMMM,47,56,103,0.46
NMMN,74,65,139,0.53
NMMP,64,63,127,0.5
NMMS,26,35,61,0.43
NMMb,60,56,116,0.52
NMMh,38,44,82,0.46
NMMj,11,7,18,0.61
NMMl,16,13,29,0.55
NMMm,93,71,164,0.57
NMMn,81,90,171,0.47
NMMs,34,44,78,0.44
NMMt,8,7,15,0.53
NMNB,55,63,118,0.47
NMND,6,15,21,0.29
NMNH,11,20,31,0.35
NMNI,2,1,3,0.67
NMNK,8,9,17,0.47
NMNL,12,22,34,0.35
NMNM,53,83,136,0.39
NMNN,76,99,175,0.43
NMNP,74,88,162,0.46
NMNS,50,57,107,0.47
NMNb,51,47,98,0.52
NMNh,17,23,40,0.42
NMNl,16,12,28,0.57
NMNm,78,66,144,0.54
NMNn,101,119,220,0.46
NMNs,51,42,93,0.55
NMNt,15,16,31,0.48
NMPB,60,70,130,0.46
NMPD,4,12,16,0.25
NMPH,15,22,37,0.41
NMPI,8,10,18,0.44
NMPK,5,9,14,0.36
NMPL,22,24,46,0.48
NMPM,49,65,114,0.43
NMPN,78,100,178,0.44
NMPP,100,92,192,0.52
NMPS,45,74,119,0.38
NMPb,64,60,124,0.52
NMPh,5,8,13,0.38
NMPl,25,25,50,0.5
NMPm,86,74,160,0.54
NMPn,64,81,145,0.44
NMPs,39,60,99,0.39
NMPt,7,8,15,0.47
NMSB,21,25,46,0.46
NMSD,5,5,10,0.5
NMSH,17,13,30,0.57
NMSI,1,4,5,0.2
NMSK,1,1,2,0.5
NMSL,9,10,19,0.47
NMSM,32,42,74,0.43
NMSN,35,26,61,0.57
NMSP,38,36,74,0.51
NMSS,44,47,91,0.48
NMSb,27,23,50,0.54
NMSh,15,22,37,0.41
NMSl,7,13,20,0.35
NMSm,55,44,99,0.56
NMSn,41,55,96,0.43
NMSs,43,47,90,0.48
NMSt,6,5,11,0.55
NMbB,44,36,80,0.55
NMbD,16,10,26,0.62
NMbH,25,19,44,0.57
NMbI,12,9,21,0.57
NMbJ,17,19,36,0.47
NMbK,9,5,14,0.64
NMbL,12,9,21,0.57
NMbM,41,70,111,0.37
NMbN,89,85,174,0.51
NMbP,51,66,117,0.44
NMbS,41,42,83,0.49
NMbb,44,44,88,0.5
NMbh,1,0,1,1.0
NMbl,6,7,13,0.46
NMbm,66,38,104,0.63
NMbn,87,59,146,0.6
NMbs,31,49,80,0.39
NMbt,1,0,1,1.0
NMhB,47,41,88,0.53
NMhD,5,2,7,0.71
NMhH,6,9,15,0.4
NMhI,5,4,9,0.56
NMhK,1,3,4,0.25
NMhL,13,14,27,0.48
NMhM,38,58,96,0.4
NMhN,36,45,81,0.44
NMhP,59,46,105,0.56
NMhS,25,37,62,0.4
NMhb,24,27,51,0.47
NMhh,29,28,57,0.51
NMhl,11,9,20,0.55
NMhm,62,50,112,0.55
NMhn,46,50,96,0.48
NMhs,52,31,83,0.63
NMht,3,4,7,0.43
NMjB,8,10,18,0.44
NMjD,0,2,2,0.0
NMjH,5,2,7,0.71
NMjI,3,1,4,0.75
NMjK,1,1,2,0.5
NMjL,2,3,5,0.4
NMjM,5,13,18,0.28
NMjN,10,8,18,0.56
NMjP,13,14,27,0.48
NMjS,5,7,12,0.42
NMjb,10,7,17,0.59
NMjh,1,0,1,1.0
NMjl,6,4,10,0.6
NMjm,14,11,25,0.56
NMjn,15,9,24,0.62
NMjs,6,4,10,0.6
NMjt,0,4,4,0.0
NMlB,18,18,36,0.5
NMlD,2,1,3,0.67
NMlH,6,13,19,0.32
NMlI,6,1,7,0.86
NMlJ,9,4,13,0.69
NMlK,1,0,1,1.0
NMlL,3,3,6,0.5
NMlM,16,22,38,0.42
NMlN,19,9,28,0.68
NMlP,23,17,40,0.57
NMlS,19,17,36,0.53
NMlb,11,17,28,0.39
NMlh,0,0,0,
NMll,7,4,11,0.64
NMlm,16,12,28,0.57
NMln,22,19,41,0.54
NMls,11,14,25,0.44
NMmB,63,71,134,0.47
NMmD,17,11,28,0.61
NMmH,69,66,135,0.51
NMmI,9,8,17,0.53
NMmJ,16,15,31,0.52
NMmK,1,6,7,0.14
NMmL,20,22,42,0.48
NMmM,61,97,158,0.39
NMmN,99,95,194,0.51
NMmP,68,77,145,0.47
NMmS,67,73,140,0.48
NMmb,50,46,96,0.52
NMmh,0,1,1,0.0
NMml,24,13,37,0.65
NMmm,71,59,130,0.55
NMmn,78,85,163,0.48
NMms,57,58,115,0.5
NMnB,56,64,120,0.47
NMnD,17,11,28,0.61
NMnH,38,52,90,0.42
NMnI,27,21,48,0.56
NMnK,6,7,13,0.46
NMnL,21,20,41,0.51
NMnM,90,103,193,0.47
NMnN,99,140,239,0.41
NMnP,127,119,246,0.52
NMnS,67,75,142,0.47
NMnb,56,72,128,0.44
NMnh,8,4,12,0.67
NMnl,27,15,42,0.64
NMnm,111,97,208,0.53
NMnn,115,105,220,0.52
NMns,93,73,166,0.56
NMnt,0,2,2,0.0
NMsB,25,25,50,0.5
NMsD,5,6,11,0.45
NMsH,51,45,96,0.53
NMsI,7,11,18,0.39
NMsK,2,0,2,1.0
NMsL,9,13,22,0.41
NMsM,43,41,84,0.51
NMsN,52,56,108,0.48
NMsP,41,45,86,0.48
NMsS,58,49,107,0.54
NMsb,23,24,47,0.49
NMsh,3,2,5,0.6
NMsl,9,3,12,0.75
NMsm,54,40,94,0.57
NMsn,41,50,91,0.45
NMss,40,49,89,0.45
NMst,0,1,1,0.0
NMtB,6,9,15,0.4
NMtH,6,5,11,0.55
NMtI,1,1,2,0.5
NMtL,2,5,7,0.29
NMtM,10,9,19,0.53
NMtN,11,10,21,0.52
NMtP,7,19,26,0.27
NMtS,8,8,16,0.5
NMtb,9,12,21,0.43
NMth,1,0,1,1.0
NMtl,4,0,4,1.0
NMtm,8,11,19,0.42
NMtn,10,11,21,0.48
NMts,9,6,15,0.6
NMtt,0,4,4,0.0
NNBB,59,76,135,0.44
NNBD,8,7,15,0.53
NNBI,0,1,1,0.0
NNBK,12,8,20,0.6
NNBL,18,18,36,0.5
NNBM,46,50,96,0.48
NNBN,75,69,144,0.52
NNBP,77,75,152,0.51
NNBS,36,43,79,0.46
NNBb,76,52,128,0.59
NNBh,4,9,13,0.31
NNBj,13,15,28,0.46
NNBl,23,19,42,0.55
NNBm,70,55,125,0.56
NNBn,100,87,187,0.53
NNBs,29,30,59,0.49
NNBt,12,14,26,0.46
NNDB,8,12,20,0.4
NNDD,6,1,7,0.86
NNDH,12,13,25,0.48
NNDI,0,2,2,0.0
NNDL,3,7,10,0.3
NNDM,15,15,30,0.5
NNDN,18,12,30,0.6
NNDP,14,10,24,0.58
NNDS,13,16,29,0.45
NNDb,6,5,11,0.55
NNDh,0,2,2,0.0
NNDl,2,5,7,0.29
NNDm,14,17,31,0.45
NNDn,6,15,21,0.29
NNDs,12,10,22,0.55
NNDt,2,2,4,0.5
NNHB,13,6,19,0.68
NNHD,0,2,2,0.0
NNHH,4,5,9,0.44
NNHI,1,0,1,1.0
NNHK,1,2,3,0.33
NNHL,4,1,5,0.8
NNHM,11,22,33,0.33
NNHN,16,16,32,0.5
NNHP,16,19,35,0.46
NNHS,21,17,38,0.55
NNHb,8,9,17,0.47
NNHh,5,5,10,0.5
NNHl,5,3,8,0.62
NNHm,16,14,30,0.53
NNHn,15,19,34,0.44
NNHs,15,17,32,0.47
NNHt,1,3,4,0.25
NNIB,3,3,6,0.5
NNID,0,0,0,
NNIH,2,2,4,0.5
NNII,1,0,1,1.0
NNIL,1,0,1,1.0
NNIM,3,4,7,0.43
NNIN,3,1,4,0.75
NNIP,3,3,6,0.5
NNIS,1,1,2,0.5
NNIb,1,2,3,0.33
NNIl,0,1,1,0.0
NNIm,3,2,5,0.6
NNIn,1,2,3,0.33
NNIs,1,2,3,0.33
NNIt,1,0,1,1.0
NNKB,5,5,10,0.5
NNKD,0,1,1,0.0
NNKH,1,2,3,0.33
NNKI,3,2,5,0.6
NNKK,0,1,1,0.0
NNKL,0,2,2,0.0
NNKM,9,11,20,0.45
NNKN,10,5,15,0.67
NNKP,8,11,19,0.42
NNKS,10,9,19,0.53
NNKb,4,7,11,0.36
NNKh,6,4,10,0.6
NNKl,3,1,4,0.75
NNKm,9,5,14,0.64
NNKn,8,8,16,0.5
NNKs,12,4,16,0.75
NNKt,3,1,4,0.75
NNLB,21,22,43,0.49
NNLD,4,3,7,0.57
NNLK,2,1,3,0.67
NNLL,10,11,21,0.48
NNLM,13,17,30,0.43
NNLN,21,17,38,0.55
NNLP,24,28,52,0.46
NNLS,8,14,22,0.36
NNLb,19,18,37,0.51
NNLh,10,9,19,0.53
NNLj,1,3,4,0.25
NNLl,8,4,12,0.67
NNLm,25,22,47,0.53
NNLn,21,24,45,0.47
NNLs,14,15,29,0.48
NNLt,2,3,5,0.4
NNMB,64,73,137,0.47
NNMD,12,10,22,0.55
NNMH,2,0,2,1.0
NNMI,2,0,2,1.0
NNMK,3,3,6,0.5
NNML,14,17,31,0.45
NNMM,49,76,125,0.39
NNMN,80,76,156,0.51
NNMP,90,68,158,0.57
NNMS,40,50,90,0.44
NNMb,75,81,156,0.48
NNMh,45,47,92,0.49
NNMj,5,12,17,0.29
NNMl,25,25,50,0.5
NNMm,110,81,191,0.58
NNMn,115,106,221,0.52
NNMs,47,39,86,0.55
NNMt,14,6,20,0.7
NNNB,60,95,155,0.39
NNND,19,11,30,0.63
NNNH,16,13,29,0.55
NNNI,2,5,7,0.29
NNNK,12,13,25,0.48
NNNL,17,32,49,0.35
NNNM,75,109,184,0.41
NNNN,117,134,251,0.47
NNNP,103,115,218,0.47
NNNS,86,102,188,0.46
NNNb,64,63,127,0.5
NNNh,27,36,63,0.43
NNNl,29,26,55,0.53
NNNm,96,92,188,0.51
NNNn,116,154,270,0.43
NNNs,82,107,189,0.43
NNNt,12,20,32,0.38
NNPB,92,92,184,0.5
NNPD,13,10,23,0.57
NNPH,26,28,54,0.48
NNPI,22,18,40,0.55
NNPK,10,16,26,0.38
NNPL,33,25,58,0.57
NNPM,74,116,190,0.39
NNPN,107,117,224,0.48
NNPP,142,114,256,0.55
NNPS,90,71,161,0.56
NNPb,59,69,128,0.46
NNPh,9,12,21,0.43
NNPl,32,30,62,0.52
NNPm,115,88,203,0.57
NNPn,104,87,191,0.54
NNPs,76,74,150,0.51
NNPt,9,11,20,0.45
NNSB,47,49,96,0.49
NNSD,9,15,24,0.38
NNSH,23,25,48,0.48
NNSI,8,1,9,0.89
NNSK,2,2,4,0.5
NNSL,11,15,26,0.42
NNSM,68,72,140,0.49
NNSN,63,69,132,0.48
NNSP,78,71,149,0.52
NNSS,75,78,153,0.49
NNSb,42,45,87,0.48
NNSh,34,42,76,0.45
NNSl,19,13,32,0.59
NNSm,81,77,158,0.51
NNSn,71,78,149,0.48
NNSs,73,86,159,0.46
NNSt,12,10,22,0.55
NNbB,34,45,79,0.43
NNbD,7,2,9,0.78
NNbH,15,21,36,0.42
NNbI,7,10,17,0.41
NNbJ,15,17,32,0.47
NNbK,7,10,17,0.41
NNbL,9,20,29,0.31
NNbM,59,55,114,0.52
NNbN,91,67,158,0.58
NNbP,66,55,121,0.55
NNbS,33,37,70,0.47
NNbb,60,50,110,0.55
NNbh,0,1,1,0.0
NNbl,22,16,38,0.58
NNbm,52,50,102,0.51
NNbn,61,61,122,0.5
NNbs,33,29,62,0.53
NNhB,18,13,31,0.58
NNhD,2,0,2,1.0
NNhH,11,13,24,0.46
NNhI,4,3,7,0.57
NNhK,0,0,0,
NNhL,9,11,20,0.45
NNhM,22,31,53,0.42
NNhN,25,25,50,0.5
NNhP,33,27,60,0.55
NNhS,22,29,51,0.43
NNhb,18,15,33,0.55
NNhh,14,24,38,0.37
NNhl,8,5,13,0.62
NNhm,32,32,64,0.5
NNhn,40,31,71,0.56
NNhs,21,37,58,0.36
NNht,3,2,5,0.6
NNlB,24,22,46,0.52
NNlD,4,1,5,0.8
NNlH,15,20,35,0.43
NNlI,1,2,3,0.33
NNlJ,7,2,9,0.78
NNlK,0,1,1,0.0
NNlL,6,6,12,0.5
NNlM,27,13,40,0.68
NNlN,23,39,62,0.37
NNlP,26,21,47,0.55
NNlS,13,16,29,0.45
NNlb,17,20,37,0.46
NNll,6,8,14,0.43
NNlm,22,20,42,0.52
NNln,21,17,38,0.55
NNls,16,16,32,0.5
NNmB,48,64,112,0.43
NNmD,12,10,22,0.55
NNmH,59,81,140,0.42
NNmI,6,10,16,0.38
NNmJ,22,20,42,0.52
NNmK,5,2,7,0.71
NNmL,10,19,29,0.34
NNmM,75,112,187,0.4
NNmN,105,117,222,0.47
NNmP,88,66,154,0.57
NNmS,59,74,133,0.44
NNmb,63,66,129,0.49
NNmh,1,2,3,0.33
NNml,18,15,33,0.55
NNmm,84,79,163,0.52
NNmn,85,85,170,0.5
NNms,61,54,115,0.53
NNmt,0,1,1,0.0
NNnB,67,68,135,0.5
NNnD,22,19,41,0.54
NNnH,63,57,120,0.52
NNnI,22,17,39,0.56
NNnK,14,8,22,0.64
NNnL,15,17,32,0.47
NNnM,78,119,197,0.4
NNnN,129,137,266,0.48
NNnP,135,133,268,0.5
NNnS,88,112,200,0.44
NNnb,58,69,127,0.46
NNnh,3,11,14,0.21
NNnl,26,27,53,0.49
NNnm,111,89,200,0.56
NNnn,151,107,258,0.59
NNns,99,91,190,0.52
NNnt,1,1,2,0.5
NNsB,38,43,81,0.47
NNsD,13,17,30,0.43
NNsH,69,77,146,0.47
NNsI,18,9,27,0.67
NNsK,0,0,0,
NNsL,21,26,47,0.45
NNsM,49,74,123,0.4
NNsN,80,94,174,0.46
NNsP,73,69,142,0.51
NNsS,92,90,182,0.51
NNsb,51,43,94,0.54
NNsh,4,2,6,0.67
NNsl,14,19,33,0.42
NNsm,74,59,133,0.56
NNsn,71,59,130,0.55
NNss,60,75,135,0.44
NNst,1,3,4,0.25
NNtB,10,10,20,0.5
NNtD,1,4,5,0.2
NNtH,8,8,16,0.5
NNtI,0,2,2,0.0
NNtK,0,5,5,0.0
NNtL,1,2,3,0.33
NNtM,17,16,33,0.52
NNtN,14,16,30,0.47
NNtP,15,11,26,0.58
NNtS,16,20,36,0.44
NNtb,13,11,24,0.54
NNth,0,2,2,0.0
NNtl,6,4,10,0.6
NNtm,14,18,32,0.44
NNtn,19,11,30,0.63
NNts,15,9,24,0.62
NNtt,3,2,5,0.6
NPBB,80,85,165,0.48
NPBD,13,11,24,0.54
NPBH,0,1,1,0.0
NPBK,9,8,17,0.53
NPBL,19,21,40,0.48
NPBM,57,83,140,0.41
NPBN,68,74,142,0.48
NPBP,80,94,174,0.46
NPBS,31,37,68,0.46
NPBb,54,60,114,0.47
NPBh,9,4,13,0.69
NPBj,15,14,29,0.52
NPBl,22,36,58,0.38
NPBm,76,78,154,0.49
NPBn,89,68,157,0.57
NPBs,31,37,68,0.46
NPBt,7,7,14,0.5
NPDB,12,5,17,0.71
NPDD,1,4,5,0.2
NPDH,9,13,22,0.41
NPDI,0,1,1,0.0
NPDK,0,1,1,0.0
NPDL,3,4,7,0.43
NPDM,16,12,28,0.57
NPDN,12,6,18,0.67
NPDP,11,13,24,0.46
NPDS,7,11,18,0.39
NPDb,5,7,12,0.42
NPDh,0,0,0,
NPDl,3,3,6,0.5
NPDm,8,9,17,0.47
NPDn,4,9,13,0.31
NPDs,10,5,15,0.67
NPDt,1,1,2,0.5
NPHB,16,17,33,0.48
NPHD,11,3,14,0.79
NPHH,9,5,14,0.64
NPHI,3,2,5,0.6
NPHK,1,3,4,0.25
NPHL,6,11,17,0.35
NPHM,20,32,52,0.38
NPHN,22,30,52,0.42
NPHP,29,25,54,0.54
NPHS,36,27,63,0.57
NPHb,20,20,40,0.5
NPHh,11,8,19,0.58
NPHl,16,10,26,0.62
NPHm,26,26,52,0.5
NPHn,23,28,51,0.45
NPHs,23,19,42,0.55
NPHt,2,2,4,0.5
NPIB,12,10,22,0.55
NPID,3,1,4,0.75
NPIH,2,19,21,0.1
NPII,0,2,2,0.0
NPIK,2,0,2,1.0
NPIL,4,7,11,0.36
NPIM,9,21,30,0.3
NPIN,16,10,26,0.62
NPIP,8,16,24,0.33
NPIS,10,11,21,0.48
NPIb,11,11,22,0.5
NPIh,0,1,1,0.0
NPIl,9,5,14,0.64
NPIm,17,12,29,0.59
NPIn,18,10,28,0.64
NPIs,10,9,19,0.53
NPIt,2,0,2,1.0
NPKB,12,8,20,0.6
NPKD,1,2,3,0.33
NPKH,1,2,3,0.33
NPKI,3,1,4,0.75
NPKK,1,0,1,1.0
NPKL,4,1,5,0.8
NPKM,15,15,30,0.5
NPKN,9,9,18,0.5
NPKP,14,16,30,0.47
NPKS,8,10,18,0.44
NPKb,5,5,10,0.5
NPKh,3,6,9,0.33
NPKl,9,2,11,0.82
NPKm,12,8,20,0.6
NPKn,10,8,18,0.56
NPKs,15,11,26,0.58
NPKt,0,2,2,0.0
NPLB,34,33,67,0.51
NPLD,4,3,7,0.57
NPLH,0,1,1,0.0
NPLK,3,3,6,0.5
NPLL,5,12,17,0.29
NPLM,21,28,49,0.43
NPLN,29,21,50,0.58
NPLP,30,28,58,0.52
NPLS,17,14,31,0.55
NPLb,17,32,49,0.35
NPLh,9,14,23,0.39
NPLj,5,10,15,0.33
NPLl,16,22,38,0.42
NPLm,23,37,60,0.38
NPLn,36,27,63,0.57
NPLs,24,18,42,0.57
NPLt,3,6,9,0.33
NPMB,89,87,176,0.51
NPMD,12,9,21,0.57
NPMH,0,1,1,0.0
NPMI,1,0,1,1.0
NPMK,4,4,8,0.5
NPML,14,18,32,0.44
NPMM,82,115,197,0.42
NPMN,76,72,148,0.51
NPMP,98,119,217,0.45
NPMS,50,59,109,0.46
NPMb,75,72,147,0.51
NPMh,65,54,119,0.55
NPMj,13,11,24,0.54
NPMl,36,34,70,0.51
NPMm,118,98,216,0.55
NPMn,114,91,205,0.56
NPMs,48,49,97,0.49
NPMt,10,7,17,0.59
NPNB,50,83,133,0.38
NPND,8,16,24,0.33
NPNH,17,23,40,0.42
NPNI,2,0,2,1.0
NPNK,6,12,18,0.33
NPNL,30,35,65,0.46
NPNM,94,86,180,0.52
NPNN,85,107,192,0.44
NPNP,116,112,228,0.51
NPNS,71,82,153,0.46
NPNb,69,66,135,0.51
NPNh,29,37,66,0.44
NPNl,32,30,62,0.52
NPNm,113,88,201,0.56
NPNn,102,92,194,0.53
NPNs,81,79,160,0.51
NPNt,18,17,35,0.51
NPPB,72,105,177,0.41
NPPD,21,5,26,0.81
NPPH,31,35,66,0.47
NPPI,15,5,20,0.75
NPPK,11,12,23,0.48
NPPL,53,50,103,0.51
NPPM,104,143,247,0.42
NPPN,110,86,196,0.56
NPPP,140,153,293,0.48
NPPS,96,104,200,0.48
NPPb,104,80,184,0.57
NPPh,8,18,26,0.31
NPPl,53,45,98,0.54
NPPm,109,109,218,0.5
NPPn,104,90,194,0.54
NPPs,82,99,181,0.45
NPPt,11,14,25,0.44
NPSB,46,58,104,0.44
NPSD,12,7,19,0.63
NPSH,22,37,59,0.37
NPSI,1,2,3,0.33
NPSK,2,3,5,0.4
NPSL,21,27,48,0.44
NPSM,72,88,160,0.45
NPSN,71,52,123,0.58
NPSP,72,96,168,0.43
NPSS,70,83,153,0.46
NPSb,36,40,76,0.47
NPSh,31,38,69,0.45
NPSl,21,20,41,0.51
NPSm,80,76,156,0.51
NPSn,64,70,134,0.48
NPSs,71,81,152,0.47
NPSt,16,10,26,0.62
NPbB,59,39,98,0.6
NPbD,3,2,5,0.6
NPbH,12,11,23,0.52
NPbI,9,7,16,0.56
NPbJ,14,12,26,0.54
NPbK,7,11,18,0.39
NPbL,20,16,36,0.56
NPbM,64,88,152,0.42
NPbN,86,69,155,0.55
NPbP,62,58,120,0.52
NPbS,34,37,71,0.48
NPbb,69,74,143,0.48
NPbl,27,23,50,0.54
NPbm,69,56,125,0.55
NPbn,59,54,113,0.52
NPbs,30,32,62,0.48
NPhB,12,9,21,0.57
NPhD,3,2,5,0.6
NPhI,2,1,3,0.67
NPhL,5,2,7,0.71
NPhM,5,7,12,0.42
NPhN,4,10,14,0.29
NPhP,9,25,34,0.26
NPhS,13,8,21,0.62
NPhb,6,14,20,0.3
NPhh,11,10,21,0.52
NPhl,4,4,8,0.5
NPhm,12,14,26,0.46
NPhn,10,7,17,0.59
NPhs,23,6,29,0.79
NPht,0,1,1,0.0
NPlB,20,33,53,0.38
NPlD,3,1,4,0.75
NPlH,25,15,40,0.62
NPlI,6,4,10,0.6
NPlJ,7,9,16,0.44
NPlK,1,1,2,0.5
NPlL,8,19,27,0.3
NPlM,28,31,59,0.47
NPlN,33,38,71,0.46
NPlP,28,20,48,0.58
NPlS,20,25,45,0.44
NPlb,18,26,44,0.41
NPlh,1,0,1,1.0
NPll,11,4,15,0.73
NPlm,26,23,49,0.53
NPln,25,21,46,0.54
NPls,17,25,42,0.4
NPmB,71,87,158,0.45
NPmD,14,14,28,0.5
NPmH,59,80,139,0.42
NPmI,7,7,14,0.5
NPmJ,16,13,29,0.55
NPmK,1,2,3,0.33
NPmL,26,28,54,0.48
NPmM,78,123,201,0.39
NPmN,84,100,184,0.46
NPmP,122,83,205,0.6
NPmS,66,54,120,0.55
NPmb,88,68,156,0.56
NPmh,1,0,1,1.0
NPml,29,26,55,0.53
NPmm,91,70,161,0.57
NPmn,84,64,148,0.57
NPms,57,50,107,0.53
NPmt,0,1,1,0.0
NPnB,56,58,114,0.49
NPnD,15,13,28,0.54
NPnH,46,45,91,0.51
NPnI,11,13,24,0.46
NPnK,19,11,30,0.63
NPnL,28,29,57,0.49
NPnM,83,87,170,0.49
NPnN,92,88,180,0.51
NPnP,111,104,215,0.52
NPnS,66,81,147,0.45
NPnb,61,65,126,0.48
NPnh,6,3,9,0.67
NPnl,30,22,52,0.58
NPnm,103,82,185,0.56
NPnn,80,67,147,0.54
NPns,79,59,138,0.57
NPnt,2,1,3,0.67
NPsB,37,46,83,0.45
NPsD,11,5,16,0.69
NPsH,56,66,122,0.46
NPsI,13,10,23,0.57
NPsK,3,0,3,1.0
NPsL,26,25,51,0.51
NPsM,47,68,115,0.41
NPsN,62,58,120,0.52
NPsP,72,67,139,0.52
NPsS,71,101,172,0.41
NPsb,62,46,108,0.57
NPsh,2,3,5,0.4
NPsl,29,25,54,0.54
NPsm,79,57,136,0.58
NPsn,51,58,109,0.47
NPss,82,80,162,0.51
NPst,2,0,2,1.0
NPtB,8,5,13,0.62
NPtD,3,0,3,1.0
NPtH,5,6,11,0.45
NPtI,2,0,2,1.0
NPtK,0,1,1,0.0
NPtL,0,2,2,0.0
NPtM,11,11,22,0.5
NPtN,7,9,16,0.44
NPtP,14,7,21,0.67
NPtS,11,7,18,0.61
NPtb,10,12,22,0.45
NPth,0,1,1,0.0
NPtl,3,4,7,0.43
NPtm,8,9,17,0.47
NPtn,9,10,19,0.47
NPts,7,5,12,0.58
NPtt,1,1,2,0.5
NSBB,48,58,106,0.45
NSBD,3,3,6,0.5
NSBH,1,0,1,1.0
NSBK,3,4,7,0.43
NSBL,9,15,24,0.38
NSBM,28,42,70,0.4
NSBN,41,48,89,0.46
NSBP,41,47,88,0.47
NSBS,26,35,61,0.43
NSBb,32,37,69,0.46
NSBh,1,3,4,0.25
NSBj,8,7,15,0.53
NSBl,13,15,28,0.46
NSBm,54,48,102,0.53
NSBn,51,47,98,0.52
NSBs,21,32,53,0.4
NSBt,8,3,11,0.73
NSDB,5,9,14,0.36
NSDD,2,4,6,0.33
NSDH,5,6,11,0.45
NSDI,3,3,6,0.5
NSDK,0,0,0,
NSDL,2,1,3,0.67
NSDM,6,15,21,0.29
NSDN,7,15,22,0.32
NSDP,6,10,16,0.38
NSDS,18,8,26,0.69
NSDb,7,8,15,0.47
NSDh,0,0,0,
NSDl,3,2,5,0.6
NSDm,13,13,26,0.5
NSDn,8,5,13,0.62
NSDs,13,15,28,0.46
NSDt,0,1,1,0.0
NSHB,9,18,27,0.33
NSHD,3,5,8,0.38
NSHH,3,8,11,0.27
NSHI,1,3,4,0.25
NSHK,2,3,5,0.4
NSHL,6,5,11,0.55
NSHM,20,24,44,0.45
NSHN,23,23,46,0.5
NSHP,18,21,39,0.46
NSHS,35,36,71,0.49
NSHb,13,14,27,0.48
NSHh,7,13,20,0.35
NSHl,10,7,17,0.59
NSHm,27,24,51,0.53
NSHn,22,22,44,0.5
NSHs,26,28,54,0.48
NSHt,1,1,2,0.5
NSIB,2,2,4,0.5
NSID,2,0,2,1.0
NSIH,0,1,1,0.0
NSIL,0,1,1,0.0
NSIM,4,6,10,0.4
NSIN,3,4,7,0.43
NSIP,3,1,4,0.75
NSIS,4,2,6,0.67
NSIb,3,1,4,0.75
NSIl,0,1,1,0.0
NSIm,2,4,6,0.33
NSIn,2,3,5,0.4
NSIs,3,3,6,0.5
NSIt,1,1,2,0.5
NSKB,1,0,1,1.0
NSKD,1,0,1,1.0
NSKI,0,0,0,
NSKL,2,1,3,0.67
NSKN,1,1,2,0.5
NSKP,0,1,1,0.0
NSKS,2,1,3,0.67
NSKb,0,0,0,
NSKh,1,1,2,0.5
NSKl,0,2,2,0.0
NSKm,0,2,2,0.0
NSKn,0,2,2,0.0
NSKs,3,3,6,0.5
NSKt,1,0,1,1.0
NSLB,16,10,26,0.62
NSLD,1,1,2,0.5
NSLH,0,1,1,0.0
NSLI,0,0,0,
NSLK,0,2,2,0.0
NSLL,4,2,6,0.67
NSLM,14,11,25,0.56
NSLN,14,19,33,0.42
NSLP,19,19,38,0.5
NSLS,14,6,20,0.7
NSLb,13,9,22,0.59
NSLh,0,7,7,0.0
NSLj,0,2,2,0.0
NSLl,7,8,15,0.47
NSLm,20,14,34,0.59
NSLn,12,21,33,0.36
NSLs,13,18,31,0.42
NSLt,6,4,10,0.6
NSMB,44,56,100,0.44
NSMD,6,3,9,0.67
NSMH,1,0,1,1.0
NSMK,6,2,8,0.75
NSML,13,12,25,0.52
NSMM,52,79,131,0.4
NSMN,58,54,112,0.52
NSMP,48,56,104,0.46
NSMS,44,54,98,0.45
NSMb,44,41,85,0.52
NSMh,28,49,77,0.36
NSMj,7,12,19,0.37
NSMl,21,14,35,0.6
NSMm,68,66,134,0.51
NSMn,81,84,165,0.49
NSMs,51,42,93,0.55
NSMt,10,8,18,0.56
NSNB,41,47,88,0.47
NSND,12,7,19,0.63
NSNH,7,12,19,0.37
NSNI,3,1,4,0.75
NSNK,3,8,11,0.27
NSNL,17,10,27,0.63
NSNM,48,64,112,0.43
NSNN,66,86,152,0.43
NSNP,62,74,136,0.46
NSNS,54,46,100,0.54
NSNb,40,28,68,0.59
NSNh,18,25,43,0.42
NSNl,13,8,21,0.62
NSNm,63,44,107,0.59
NSNn,85,94,179,0.47
NSNs,39,56,95,0.41
NSNt,16,9,25,0.64
NSPB,47,36,83,0.57
NSPD,8,4,12,0.67
NSPH,16,25,41,0.39
NSPI,6,5,11,0.55
NSPK,6,11,17,0.35
NSPL,17,19,36,0.47
NSPM,35,68,103,0.34
NSPN,60,66,126,0.48
NSPP,71,70,141,0.5
NSPS,59,60,119,0.5
NSPb,38,51,89,0.43
NSPh,5,7,12,0.42
NSPl,21,21,42,0.5
NSPm,68,59,127,0.54
NSPn,62,55,117,0.53
NSPs,57,51,108,0.53
NSPt,3,12,15,0.2
NSSB,35,64,99,0.35
NSSD,11,8,19,0.58
NSSH,33,38,71,0.46
NSSI,6,3,9,0.67
NSSK,4,5,9,0.44
NSSL,17,19,36,0.47
NSSM,89,93,182,0.49
NSSN,85,63,148,0.57
NSSP,53,60,113,0.47
NSSS,110,122,232,0.47
NSSb,37,38,75,0.49
NSSh,34,42,76,0.45
NSSl,17,15,32,0.53
NSSm,74,67,141,0.52
NSSn,77,68,145,0.53
NSSs,79,92,171,0.46
NSSt,13,13,26,0.5
NSbB,31,36,67,0.46
NSbD,4,1,5,0.8
NSbH,10,9,19,0.53
NSbI,4,5,9,0.44
NSbJ,13,6,19,0.68
NSbK,7,5,12,0.58
NSbL,3,6,9,0.33
NSbM,31,32,63,0.49
NSbN,45,47,92,0.49
NSbP,40,35,75,0.53
NSbS,27,38,65,0.42
NSbb,28,35,63,0.44
NSbl,16,8,24,0.67
NSbm,50,35,85,0.59
NSbn,35,30,65,0.54
NSbs,26,32,58,0.45
NShB,27,20,47,0.57
NShD,5,5,10,0.5
NShH,5,11,16,0.31
NShI,3,3,6,0.5
NShK,0,1,1,0.0
NShL,14,9,23,0.61
NShM,32,35,67,0.48
NShN,34,31,65,0.52
NShP,29,26,55,0.53
NShS,43,38,81,0.53
NShb,16,17,33,0.48
NShh,18,27,45,0.4
NShl,6,8,14,0.43
NShm,30,39,69,0.43
NShn,31,30,61,0.51
NShs,40,40,80,0.5
NSht,6,7,13,0.46
NSlB,14,8,22,0.64
NSlD,1,4,5,0.2
NSlH,6,9,15,0.4
NSlI,2,0,2,1.0
NSlJ,6,6,12,0.5
NSlK,3,0,3,1.0
NSlL,1,3,4,0.25
NSlM,17,17,34,0.5
NSlN,15,17,32,0.47
NSlP,18,13,31,0.58
NSlS,11,15,26,0.42
NSlb,13,14,27,0.48
NSll,6,3,9,0.67
NSlm,22,11,33,0.67
NSln,16,9,25,0.64
NSls,16,14,30,0.53
NSmB,35,46,81,0.43
NSmD,13,9,22,0.59
NSmH,51,55,106,0.48
NSmI,7,5,12,0.58
NSmJ,15,16,31,0.48
NSmK,0,1,1,0.0
NSmL,16,17,33,0.48
NSmM,55,76,131,0.42
NSmN,69,89,158,0.44
NSmP,57,50,107,0.53
NSmS,54,54,108,0.5
NSmb,56,58,114,0.49
NSmh,1,1,2,0.5
NSml,8,12,20,0.4
NSmm,60,61,121,0.5
NSmn,55,68,123,0.45
NSms,57,55,112,0.51
NSmt,0,1,1,0.0
NSnB,57,56,113,0.5
NSnD,7,7,14,0.5
NSnH,33,53,86,0.38
NSnI,10,15,25,0.4
NSnK,11,5,16,0.69
NSnL,16,20,36,0.44
NSnM,36,75,111,0.32
NSnN,77,91,168,0.46
NSnP,68,66,134,0.51
NSnS,82,54,136,0.6
NSnb,34,30,64,0.53
NSnh,4,3,7,0.57
NSnl,17,12,29,0.59
NSnm,72,55,127,0.57
NSnn,70,69,139,0.5
NSns,50,67,117,0.43
NSnt,0,1,1,0.0
NSsB,32,31,63,0.51
NSsD,21,17,38,0.55
NSsH,68,63,131,0.52
NSsI,14,17,31,0.45
NSsK,2,0,2,1.0
NSsL,19,15,34,0.56
NSsM,69,58,127,0.54
NSsN,63,80,143,0.44
NSsP,70,75,145,0.48
NSsS,98,94,192,0.51
NSsb,42,49,91,0.46
NSsh,8,6,14,0.57
NSsl,11,18,29,0.38
NSsm,66,44,110,0.6
NSsn,66,46,112,0.59
NSss,79,83,162,0.49
NSst,0,1,1,0.0
NStB,11,8,19,0.58
NStD,4,3,7,0.57
NStH,5,11,16,0.31
NStK,1,1,2,0.5
NStL,1,2,3,0.33
NStM,12,16,28,0.43
NStN,8,7,15,0.53
NStP,13,8,21,0.62
NStS,10,17,27,0.37
NStb,6,8,14,0.43
NSth,1,1,2,0.5
NStl,2,4,6,0.33
NStm,12,13,25,0.48
NStn,9,9,18,0.5
NSts,8,11,19,0.42
NStt,6,3,9,0.67
NbBB,43,39,82,0.52
NbBD,6,5,11,0.55
NbBH,1,0,1,1.0
NbBK,5,1,6,0.83
NbBL,3,8,11,0.27
NbBM,29,44,73,0.4
NbBN,59,42,101,0.58
NbBP,53,42,95,0.56
NbBS,31,33,64,0.48
NbBb,39,40,79,0.49
NbBh,9,5,14,0.64
NbBj,4,9,13,0.31
NbBl,13,15,28,0.46
NbBm,38,27,65,0.58
NbBn,55,59,114,0.48
NbBs,29,17,46,0.63
NbBt,10,6,16,0.62
NbDB,6,5,11,0.55
NbDD,3,1,4,0.75
NbDH,8,5,13,0.62
NbDI,0,1,1,0.0
NbDL,0,3,3,0.0
NbDM,7,6,13,0.54
NbDN,8,6,14,0.57
NbDP,7,5,12,0.58
NbDS,4,7,11,0.36
NbDb,3,5,8,0.38
NbDh,0,0,0,
NbDl,0,4,4,0.0
NbDm,9,3,12,0.75
NbDn,11,3,14,0.79
NbDs,4,5,9,0.44
NbDt,2,1,3,0.67
NbHB,12,10,22,0.55
NbHD,0,0,0,
NbHH,2,2,4,0.5
NbHI,3,3,6,0.5
NbHK,1,0,1,1.0
NbHL,3,1,4,0.75
NbHM,17,21,38,0.45
NbHN,14,18,32,0.44
NbHP,14,16,30,0.47
NbHS,10,11,21,0.48
NbHb,14,12,26,0.54
NbHh,5,3,8,0.62
NbHl,5,1,6,0.83
NbHm,20,15,35,0.57
NbHn,20,18,38,0.53
NbHs,8,10,18,0.44
NbHt,1,1,2,0.5
NbIB,9,2,11,0.82
NbID,0,1,1,0.0
NbIH,6,3,9,0.67
NbII,1,0,1,1.0
NbIK,1,0,1,1.0
NbIL,0,2,2,0.0
NbIM,6,6,12,0.5
NbIN,3,7,10,0.3
NbIP,3,7,10,0.3
NbIS,6,3,9,0.67
NbIb,5,6,11,0.45
NbIh,0,1,1,0.0
NbIl,2,4,6,0.33
NbIm,7,6,13,0.54
NbIn,5,6,11,0.45
NbIs,8,5,13,0.62
NbIt,0,2,2,0.0
NbJB,9,15,24,0.38
NbJD,3,2,5,0.6
NbJH,5,8,13,0.38
NbJI,3,2,5,0.6
NbJK,2,1,3,0.67
NbJL,5,11,16,0.31
NbJM,8,18,26,0.31
NbJN,18,18,36,0.5
NbJP,18,18,36,0.5
NbJS,10,13,23,0.43
NbJb,18,14,32,0.56
NbJh,2,3,5,0.4
NbJl,3,4,7,0.43
NbJm,10,20,30,0.33
NbJn,18,12,30,0.6
NbJs,14,9,23,0.61
NbJt,2,2,4,0.5
NbKB,2,2,4,0.5
NbKD,0,1,1,0.0
NbKH,1,0,1,1.0
NbKI,1,1,2,0.5
NbKL,5,3,8,0.62
NbKM,4,14,18,0.22
NbKN,5,5,10,0.5
NbKP,4,7,11,0.36
NbKS,2,8,10,0.2
NbKb,8,6,14,0.57
NbKh,2,4,6,0.33
NbKl,7,2,9,0.78
NbKm,5,10,15,0.33
NbKn,4,6,10,0.4
NbKs,6,8,14,0.43
NbKt,1,0,1,1.0
NbLB,11,10,21,0.52
NbLD,3,3,6,0.5
NbLK,0,2,2,0.0
NbLL,3,3,6,0.5
NbLM,6,15,21,0.29
NbLN,15,15,30,0.5
NbLP,14,14,28,0.5
NbLS,15,5,20,0.75
NbLb,9,7,16,0.56
NbLh,7,7,14,0.5
NbLj,5,3,8,0.62
NbLl,2,7,9,0.22
NbLm,12,10,22,0.55
NbLn,26,14,40,0.65
NbLs,6,13,19,0.32
NbLt,4,3,7,0.57
NbMB,38,51,89,0.43
NbMD,7,6,13,0.54
NbMH,1,0,1,1.0
NbMI,0,1,1,0.0
NbMK,2,0,2,1.0
NbML,14,12,26,0.54
NbMM,47,57,104,0.45
NbMN,51,54,105,0.49
NbMP,48,65,113,0.42
NbMS,33,48,81,0.41
NbMb,46,38,84,0.55
NbMh,37,50,87,0.43
NbMj,4,7,11,0.36
NbMl,20,11,31,0.65
NbMm,37,53,90,0.41
NbMn,73,75,148,0.49
NbMs,37,39,76,0.49
NbMt,13,9,22,0.59
NbNB,44,50,94,0.47
NbND,14,8,22,0.64
NbNH,10,17,27,0.37
NbNI,0,2,2,0.0
NbNK,1,4,5,0.2
NbNL,10,15,25,0.4
NbNM,53,69,122,0.43
NbNN,93,76,169,0.55
NbNP,70,93,163,0.43
NbNS,52,53,105,0.5
NbNb,39,53,92,0.42
NbNh,19,28,47,0.4
NbNl,12,16,28,0.43
NbNm,65,63,128,0.51
NbNn,94,68,162,0.58
NbNs,46,50,96,0.48
NbNt,12,13,25,0.48
NbPB,43,48,91,0.47
NbPD,4,6,10,0.4
NbPH,10,21,31,0.32
NbPI,8,6,14,0.57
NbPK,6,10,16,0.38
NbPL,19,22,41,0.46
NbPM,73,63,136,0.54
NbPN,49,57,106,0.46
NbPP,88,63,151,0.58
NbPS,50,40,90,0.56
NbPb,52,49,101,0.51
NbPh,6,5,11,0.55
NbPl,21,12,33,0.64
NbPm,47,38,85,0.55
NbPn,57,48,105,0.54
NbPs,38,34,72,0.53
NbPt,4,5,9,0.44
NbSB,18,16,34,0.53
NbSD,8,8,16,0.5
NbSH,13,15,28,0.46
NbSI,0,1,1,0.0
NbSK,0,1,1,0.0
NbSL,3,7,10,0.3
NbSM,23,35,58,0.4
NbSN,30,24,54,0.56
NbSP,40,42,82,0.49
NbSS,33,31,64,0.52
NbSb,18,22,40,0.45
NbSh,24,17,41,0.59
NbSl,10,12,22,0.45
NbSm,29,15,44,0.66
NbSn,31,33,64,0.48
NbSs,39,40,79,0.49
NbSt,9,4,13,0.69
NbbB,48,54,102,0.47
NbbD,1,5,6,0.17
NbbH,13,16,29,0.45
NbbI,2,3,5,0.4
NbbJ,18,12,30,0.6
NbbK,8,3,11,0.73
NbbL,8,8,16,0.5
NbbM,57,62,119,0.48
NbbN,71,57,128,0.55
NbbP,69,59,128,0.54
NbbS,20,20,40,0.5
Nbbb,55,62,117,0.47
Nbbh,0,1,1,0.0
Nbbl,9,14,23,0.39
Nbbm,60,34,94,0.64
Nbbn,54,52,106,0.51
Nbbs,16,26,42,0.38
NbhH,0,1,1,0.0
NbhM,0,1,1,0.0
NbhN,1,0,1,1.0
NbhP,1,2,3,0.33
Nbhb,0,0,0,
Nbhm,0,0,0,
Nbhn,1,0,1,1.0
NblB,13,12,25,0.52
NblD,3,0,3,1.0
NblH,9,9,18,0.5
NblI,3,1,4,0.75
NblJ,0,3,3,0.0
NblK,0,0,0,
NblL,9,7,16,0.56
NblM,17,15,32,0.53
NblN,16,22,38,0.42
NblP,9,15,24,0.38
NblS,8,12,20,0.4
Nblb,9,13,22,0.41
Nbll,3,4,7,0.43
Nblm,13,9,22,0.59
Nbln,16,13,29,0.55
Nbls,6,1,7,0.86
Nblt,0,1,1,0.0
NbmB,49,27,76,0.64
NbmD,8,5,13,0.62
NbmH,30,32,62,0.48
NbmI,4,2,6,0.67
NbmJ,10,11,21,0.48
NbmK,1,2,3,0.33
NbmL,12,9,21,0.57
NbmM,54,56,110,0.49
NbmN,62,49,111,0.56
NbmP,60,52,112,0.54
NbmS,26,25,51,0.51
Nbmb,56,51,107,0.52
Nbmh,1,0,1,1.0
Nbml,12,10,22,0.55
Nbmm,57,36,93,0.61
Nbmn,45,63,108,0.42
Nbms,19,18,37,0.51
NbnB,37,48,85,0.44
NbnD,12,10,22,0.55
NbnH,22,34,56,0.39
NbnI,8,6,14,0.57
NbnK,7,7,14,0.5
NbnL,12,15,27,0.44
NbnM,49,64,113,0.43
NbnN,70,61,131,0.53
NbnP,73,61,134,0.54
NbnS,40,46,86,0.47
Nbnb,47,51,98,0.48
Nbnh,3,2,5,0.6
Nbnl,21,14,35,0.6
Nbnm,56,46,102,0.55
Nbnn,60,49,109,0.55
Nbns,36,51,87,0.41
Nbnt,1,0,1,1.0
NbsB,19,11,30,0.63
NbsD,6,2,8,0.75
NbsH,28,31,59,0.47
NbsI,6,3,9,0.67
NbsK,1,0,1,1.0
NbsL,11,11,22,0.5
NbsM,30,38,68,0.44
NbsN,41,21,62,0.66
NbsP,25,26,51,0.49
NbsS,25,34,59,0.42
Nbsb,27,20,47,0.57
Nbsh,1,4,5,0.2
Nbsl,12,3,15,0.8
Nbsm,27,29,56,0.48
Nbsn,30,23,53,0.57
Nbss,22,23,45,0.49
Nbst,0,4,4,0.0
NbtH,0,1,1,0.0
NbtM,0,1,1,0.0
NbtN,0,1,1,0.0
NhBB,23,11,34,0.68
NhBD,1,5,6,0.17
NhBH,0,1,1,0.0
NhBK,1,2,3,0.33
NhBL,6,7,13,0.46
NhBM,11,17,28,0.39
NhBN,20,23,43,0.47
NhBP,19,15,34,0.56
NhBS,8,13,21,0.38
NhBb,19,19,38,0.5
NhBh,6,3,9,0.67
NhBj,1,3,4,0.25
NhBl,7,5,12,0.58
NhBm,11,14,25,0.44
NhBn,23,34,57,0.4
NhBs,7,8,15,0.47
NhBt,2,3,5,0.4
NhDB,1,2,3,0.33
NhDD,2,0,2,1.0
NhDH,3,3,6,0.5
NhDL,1,1,2,0.5
NhDM,2,4,6,0.33
NhDN,2,1,3,0.67
NhDP,1,4,5,0.2
NhDS,1,1,2,0.5
NhDb,2,1,3,0.67
NhDm,5,4,9,0.56
NhDn,0,2,2,0.0
NhDs,3,1,4,0.75
NhHB,3,5,8,0.38
NhHD,0,0,0,
NhHH,4,3,7,0.57
NhHL,2,0,2,1.0
NhHM,7,14,21,0.33
NhHN,4,8,12,0.33
NhHP,9,3,12,0.75
NhHS,8,11,19,0.42
NhHb,5,3,8,0.62
NhHh,0,6,6,0.0
NhHl,3,2,5,0.6
NhHm,6,3,9,0.67
NhHn,12,5,17,0.71
NhHs,8,11,19,0.42
NhHt,0,0,0,
NhIB,3,2,5,0.6
NhID,1,1,2,0.5
NhIH,4,2,6,0.67
NhII,1,0,1,1.0
NhIL,0,0,0,
NhIM,2,6,8,0.25
NhIN,4,1,5,0.8
NhIP,5,2,7,0.71
NhIS,1,1,2,0.5
NhIb,2,1,3,0.67
NhIh,0,1,1,0.0
NhIm,1,3,4,0.25
NhIn,3,7,10,0.3
NhIs,3,4,7,0.43
NhIt,1,1,2,0.5
NhKB,1,1,2,0.5
NhKK,0,1,1,0.0
NhKM,1,3,4,0.25
NhKN,1,2,3,0.33
NhKP,0,1,1,0.0
NhKh,2,0,2,1.0
NhKm,3,1,4,0.75
NhLB,3,8,11,0.27
NhLH,0,1,1,0.0
NhLK,0,2,2,0.0
NhLL,1,1,2,0.5
NhLM,1,12,13,0.08
NhLN,9,6,15,0.6
NhLP,5,8,13,0.38
NhLS,6,7,13,0.46
NhLb,2,5,7,0.29
NhLh,1,1,2,0.5
NhLj,0,1,1,0.0
NhLl,2,1,3,0.67
NhLm,9,6,15,0.6
NhLn,4,5,9,0.44
NhLs,9,1,10,0.9
NhMB,16,23,39,0.41
NhMD,2,1,3,0.67
NhMH,1,0,1,1.0
NhMI,1,0,1,1.0
NhMK,0,1,1,0.0
NhML,10,2,12,0.83
NhMM,23,26,49,0.47
NhMN,19,20,39,0.49
NhMP,19,29,48,0.4
NhMS,24,20,44,0.55
NhMb,26,13,39,0.67
NhMh,13,20,33,0.39
NhMj,3,1,4,0.75
NhMl,6,5,11,0.55
NhMm,23,34,57,0.4
NhMn,31,26,57,0.54
NhMs,17,11,28,0.61
NhMt,0,1,1,0.0
NhNB,18,16,34,0.53
NhND,5,7,12,0.42
NhNH,6,2,8,0.75
NhNI,1,0,1,1.0
NhNK,2,2,4,0.5
NhNL,6,4,10,0.6
NhNM,20,24,44,0.45
NhNN,27,31,58,0.47
NhNP,25,14,39,0.64
NhNS,25,24,49,0.51
NhNb,9,9,18,0.5
NhNh,6,10,16,0.38
NhNl,0,4,4,0.0
NhNm,22,19,41,0.54
NhNn,22,29,51,0.43
NhNs,18,26,44,0.41
NhNt,3,2,5,0.6
NhPB,21,15,36,0.58
NhPD,7,2,9,0.78
NhPH,9,8,17,0.53
NhPI,4,5,9,0.44
NhPK,3,4,7,0.43
NhPL,6,4,10,0.6
NhPM,32,26,58,0.55
NhPN,27,22,49,0.55
NhPP,30,24,54,0.56
NhPS,12,21,33,0.36
NhPb,19,25,44,0.43
NhPh,8,3,11,0.73
NhPl,6,7,13,0.46
NhPm,34,24,58,0.59
NhPn,18,24,42,0.43
NhPs,17,18,35,0.49
NhPt,2,4,6,0.33
NhSB,14,14,28,0.5
NhSD,3,5,8,0.38
NhSH,16,13,29,0.55
NhSI,0,2,2,0.0
NhSK,1,0,1,1.0
NhSL,9,7,16,0.56
NhSM,14,18,32,0.44
NhSN,16,16,32,0.5
NhSP,17,8,25,0.68
NhSS,28,32,60,0.47
NhSb,17,10,27,0.63
NhSh,8,15,23,0.35
NhSl,5,4,9,0.56
NhSm,30,20,50,0.6
NhSn,31,15,46,0.67
NhSs,22,29,51,0.43
NhSt,5,1,6,0.83
NhbB,17,2,19,0.89
NhbD,0,0,0,
NhbH,0,6,6,0.0
NhbI,4,1,5,0.8
NhbJ,8,2,10,0.8
NhbK,2,3,5,0.4
NhbL,4,6,10,0.4
NhbM,16,15,31,0.52
NhbN,19,19,38,0.5
NhbP,12,12,24,0.5
NhbS,6,11,17,0.35
Nhbb,16,14,30,0.53
Nhbl,2,5,7,0.29
Nhbm,18,13,31,0.58
Nhbn,15,20,35,0.43
Nhbs,5,12,17,0.29
NhhB,9,14,23,0.39
NhhD,3,2,5,0.6
NhhH,3,7,10,0.3
NhhI,2,2,4,0.5
NhhK,1,0,1,1.0
NhhL,2,8,10,0.2
NhhM,19,27,46,0.41
NhhN,17,14,31,0.55
NhhP,10,15,25,0.4
NhhS,26,15,41,0.63
Nhhb,13,4,17,0.76
Nhhh,11,13,24,0.46
Nhhl,6,6,12,0.5
Nhhm,18,17,35,0.51
Nhhn,19,14,33,0.58
Nhhs,18,23,41,0.44
Nhht,3,1,4,0.75
NhlB,2,6,8,0.25
NhlD,0,2,2,0.0
NhlH,5,5,10,0.5
NhlI,0,2,2,0.0
NhlJ,5,1,6,0.83
NhlL,3,2,5,0.6
NhlM,6,7,13,0.46
NhlN,4,9,13,0.31
NhlP,6,6,12,0.5
NhlS,4,4,8,0.5
Nhlb,5,6,11,0.45
Nhlh,0,0,0,
Nhll,3,1,4,0.75
Nhlm,9,7,16,0.56
Nhln,3,9,12,0.25
Nhls,3,1,4,0.75
NhmB,20,17,37,0.54
NhmD,5,6,11,0.45
NhmH,18,18,36,0.5
NhmI,5,1,6,0.83
NhmJ,4,4,8,0.5
NhmK,1,1,2,0.5
NhmL,7,6,13,0.54
NhmM,20,35,55,0.36
NhmN,23,38,61,0.38
NhmP,29,20,49,0.59
NhmS,21,18,39,0.54
Nhmb,27,23,50,0.54
Nhmh,0,2,2,0.0
Nhml,2,3,5,0.4
Nhmm,27,18,45,0.6
Nhmn,26,24,50,0.52
Nhms,17,14,31,0.55
NhnB,19,19,38,0.5
NhnD,10,3,13,0.77
NhnH,12,24,36,0.33
NhnI,2,4,6,0.33
NhnK,2,3,5,0.4
NhnL,5,9,14,0.36
NhnM,25,25,50,0.5
NhnN,25,27,52,0.48
NhnP,23,19,42,0.55
NhnS,24,24,48,0.5
Nhnb,22,14,36,0.61
Nhnh,2,2,4,0.5
Nhnl,5,6,11,0.45
Nhnm,25,17,42,0.6
Nhnn,22,28,50,0.44
Nhns,24,19,43,0.56
NhsB,12,15,27,0.44
NhsD,3,2,5,0.6
NhsH,14,27,41,0.34
NhsI,2,3,5,0.4
NhsK,1,0,1,1.0
NhsL,1,10,11,0.09
NhsM,17,23,40,0.42
NhsN,22,28,50,0.44
NhsP,32,19,51,0.63
NhsS,21,28,49,0.43
Nhsb,15,11,26,0.58
Nhsh,4,0,4,1.0
Nhsl,2,8,10,0.2
Nhsm,22,17,39,0.56
Nhsn,23,22,45,0.51
Nhss,21,29,50,0.42
Nhst,1,0,1,1.0
NhtB,2,6,8,0.25
NhtH,2,2,4,0.5
NhtI,1,0,1,1.0
NhtM,2,4,6,0.33
NhtN,3,9,12,0.25
NhtP,2,3,5,0.4
NhtS,3,3,6,0.5
Nhtb,3,1,4,0.75
Nhtl,1,1,2,0.5
Nhtm,8,3,11,0.73
Nhtn,1,2,3,0.33
Nhts,3,3,6,0.5
Nhtt,0,0,0,
NlBB,11,11,22,0.5
NlBD,1,2,3,0.33
NlBI,1,0,1,1.0
NlBK,1,1,2,0.5
NlBL,6,5,11,0.55
NlBM,13,17,30,0.43
NlBN,15,15,30,0.5
NlBP,19,16,35,0.54
NlBS,10,11,21,0.48
NlBb,13,16,29,0.45
NlBh,3,1,4,0.75
NlBj,3,3,6,0.5
NlBl,3,3,6,0.5
NlBm,16,5,21,0.76
NlBn,18,14,32,0.56
NlBs,9,11,20,0.45
NlBt,1,0,1,1.0
NlDD,1,1,2,0.5
NlDH,1,3,4,0.25
NlDI,1,0,1,1.0
NlDL,1,0,1,1.0
NlDM,2,4,6,0.33
NlDN,2,2,4,0.5
NlDP,5,4,9,0.56
NlDS,5,0,5,1.0
NlDb,2,1,3,0.67
NlDl,1,1,2,0.5
NlDm,1,4,5,0.2
NlDn,4,1,5,0.8
NlDs,1,3,4,0.25
NlDt,0,1,1,0.0
NlHB,10,7,17,0.59
NlHD,2,0,2,1.0
NlHH,2,4,6,0.33
NlHI,1,3,4,0.25
NlHK,2,2,4,0.5
NlHL,3,4,7,0.43
NlHM,20,10,30,0.67
NlHN,15,12,27,0.56
NlHP,12,12,24,0.5
NlHS,9,10,19,0.47
NlHb,12,13,25,0.48
NlHh,6,8,14,0.43
NlHl,2,3,5,0.4
NlHm,15,16,31,0.48
NlHn,11,18,29,0.38
NlHs,8,13,21,0.38
NlHt,1,2,3,0.33
NlIB,0,1,1,0.0
NlIH,2,1,3,0.67
NlII,2,0,2,1.0
NlIL,1,1,2,0.5
NlIM,2,2,4,0.5
NlIN,0,2,2,0.0
NlIP,0,4,4,0.0
NlIS,1,3,4,0.25
NlIb,1,3,4,0.25
NlIm,4,1,5,0.8
NlIn,3,1,4,0.75
NlIs,0,4,4,0.0
NlJB,3,6,9,0.33
NlJD,0,1,1,0.0
NlJH,3,2,5,0.6
NlJI,0,1,1,0.0
NlJK,0,2,2,0.0
NlJL,1,7,8,0.12
NlJM,3,10,13,0.23
NlJN,10,2,12,0.83
NlJP,6,7,13,0.46
NlJS,5,8,13,0.38
NlJb,5,9,14,0.36
NlJh,1,1,2,0.5
NlJl,4,3,7,0.57
NlJm,3,3,6,0.5
NlJn,8,3,11,0.73
NlJs,7,10,17,0.41
NlKB,1,1,2,0.5
NlKD,0,1,1,0.0
NlKL,0,1,1,0.0
NlKN,1,2,3,0.33
NlKP,2,1,3,0.67
NlKb,2,1,3,0.67
NlKh,0,1,1,0.0
NlKl,1,0,1,1.0
NlKm,2,1,3,0.67
NlKn,1,0,1,1.0
NlKs,1,0,1,1.0
NlKt,0,1,1,0.0
NlLB,2,8,10,0.2
NlLD,0,1,1,0.0
NlLH,1,0,1,1.0
NlLK,1,1,2,0.5
NlLL,1,1,2,0.5
NlLM,5,4,9,0.56
NlLN,2,10,12,0.17
NlLP,5,10,15,0.33
NlLS,9,4,13,0.69
NlLb,4,5,9,0.44
NlLh,2,6,8,0.25
NlLj,0,4,4,0.0
NlLl,4,3,7,0.57
NlLm,6,3,9,0.67
NlLn,8,5,13,0.62
NlLs,5,5,10,0.5
NlLt,1,0,1,1.0
NlMB,20,16,36,0.56
NlMD,2,2,4,0.5
NlML,2,4,6,0.33
NlMM,13,24,37,0.35
NlMN,15,13,28,0.54
NlMP,23,11,34,0.68
NlMS,13,15,28,0.46
NlMb,9,15,24,0.38
NlMh,15,17,32,0.47
NlMj,1,2,3,0.33
NlMl,7,1,8,0.88
NlMm,19,21,40,0.48
NlMn,32,23,55,0.58
NlMs,12,11,23,0.52
NlMt,5,1,6,0.83
NlNB,18,17,35,0.51
NlND,2,3,5,0.4
NlNH,4,0,4,1.0
NlNI,1,2,3,0.33
NlNK,1,1,2,0.5
NlNL,3,6,9,0.33
NlNM,18,19,37,0.49
NlNN,26,31,57,0.46
NlNP,29,37,66,0.44
NlNS,19,15,34,0.56
NlNb,15,22,37,0.41
NlNh,1,8,9,0.11
NlNl,3,5,8,0.38
NlNm,25,11,36,0.69
NlNn,31,32,63,0.49
NlNs,23,29,52,0.44
NlNt,6,5,11,0.55
NlPB,10,14,24,0.42
NlPD,4,3,7,0.57
NlPH,9,4,13,0.69
NlPI,0,4,4,0.0
NlPK,1,0,1,1.0
NlPL,7,12,19,0.37
NlPM,16,27,43,0.37
NlPN,22,22,44,0.5
NlPP,26,21,47,0.55
NlPS,10,24,34,0.29
NlPb,16,14,30,0.53
NlPh,3,0,3,1.0
NlPl,9,5,14,0.64
NlPm,29,17,46,0.63
NlPn,23,22,45,0.51
NlPs,14,9,23,0.61
NlPt,3,1,4,0.75
NlSB,6,12,18,0.33
NlSD,2,1,3,0.67
NlSH,8,6,14,0.57
NlSI,1,1,2,0.5
NlSL,5,3,8,0.62
NlSM,15,21,36,0.42
NlSN,9,18,27,0.33
NlSP,20,18,38,0.53
NlSS,24,20,44,0.55
NlSb,4,9,13,0.31
NlSh,12,11,23,0.52
NlSl,2,7,9,0.22
NlSm,17,9,26,0.65
NlSn,17,13,30,0.57
NlSs,14,7,21,0.67
NlSt,2,1,3,0.67
NlbB,17,16,33,0.52
NlbD,3,1,4,0.75
NlbH,5,3,8,0.62
NlbI,1,1,2,0.5
NlbJ,4,4,8,0.5
NlbK,1,2,3,0.33
NlbL,4,7,11,0.36
NlbM,18,11,29,0.62
NlbN,20,34,54,0.37
NlbP,18,11,29,0.62
NlbS,13,7,20,0.65
Nlbb,22,15,37,0.59
Nlbl,5,7,12,0.42
Nlbm,19,12,31,0.61
Nlbn,13,18,31,0.42
Nlbs,8,1,9,0.89
NlhL,0,1,1,0.0
NlhM,1,0,1,1.0
NlhP,1,0,1,1.0
Nlhh,0,1,1,0.0
Nlhm,1,0,1,1.0
NllB,6,3,9,0.67
NllD,1,0,1,1.0
NllH,5,2,7,0.71
NllI,1,1,2,0.5
NllJ,2,2,4,0.5
NllK,1,0,1,1.0
NllL,2,2,4,0.5
NllM,7,8,15,0.47
NllN,7,5,12,0.58
NllP,6,9,15,0.4
NllS,7,10,17,0.41
Nllb,3,5,8,0.38
Nlll,2,3,5,0.4
Nllm,12,10,22,0.55
Nlln,3,6,9,0.33
Nlls,3,6,9,0.33
NlmB,18,21,39,0.46
NlmD,1,0,1,1.0
NlmH,14,13,27,0.52
NlmI,3,3,6,0.5
NlmJ,2,4,6,0.33
NlmK,0,1,1,0.0
NlmL,2,3,5,0.4
NlmM,17,23,40,0.42
NlmN,24,21,45,0.53
NlmP,21,16,37,0.57
NlmS,10,10,20,0.5
Nlmb,15,19,34,0.44
Nlml,3,2,5,0.6
Nlmm,17,11,28,0.61
Nlmn,15,19,34,0.44
Nlms,8,11,19,0.42
NlnB,15,13,28,0.54
NlnD,1,2,3,0.33
NlnH,10,14,24,0.42
NlnI,2,2,4,0.5
NlnK,2,0,2,1.0
NlnL,4,8,12,0.33
NlnM,12,10,22,0.55
NlnN,15,19,34,0.44
NlnP,20,26,46,0.43
NlnS,9,13,22,0.41
Nlnb,13,12,25,0.52
Nlnh,0,2,2,0.0
Nlnl,3,4,7,0.43
Nlnm,20,13,33,0.61
Nlnn,24,15,39,0.62
Nlns,5,6,11,0.45
Nlnt,0,0,0,
NlsB,5,12,17,0.29
NlsD,2,0,2,1.0
NlsH,7,6,13,0.54
NlsI,0,2,2,0.0
NlsK,0,1,1,0.0
NlsL,3,7,10,0.3
NlsM,11,11,22,0.5
NlsN,16,14,30,0.53
NlsP,13,15,28,0.46
NlsS,12,24,36,0.33
Nlsb,7,9,16,0.44
Nlsh,1,0,1,1.0
Nlsl,9,4,13,0.69
Nlsm,18,7,25,0.72
Nlsn,10,14,24,0.42
Nlss,14,15,29,0.48
NmBB,55,57,112,0.49
NmBD,9,4,13,0.69
NmBH,1,0,1,1.0
NmBK,9,11,20,0.45
NmBL,14,14,28,0.5
NmBM,39,53,92,0.42
NmBN,70,75,145,0.48
NmBP,64,67,131,0.49
NmBS,43,33,76,0.57
NmBb,46,39,85,0.54
NmBh,5,7,12,0.42
NmBj,14,3,17,0.82
NmBl,12,10,22,0.55
NmBm,61,46,107,0.57
NmBn,68,73,141,0.48
NmBs,34,40,74,0.46
NmBt,6,9,15,0.4
NmDB,7,11,18,0.39
NmDD,6,3,9,0.67
NmDH,10,18,28,0.36
NmDI,4,1,5,0.8
NmDL,6,4,10,0.6
NmDM,17,13,30,0.57
NmDN,18,6,24,0.75
NmDP,18,8,26,0.69
NmDS,6,12,18,0.33
NmDb,11,9,20,0.55
NmDh,1,2,3,0.33
NmDl,5,2,7,0.71
NmDm,13,14,27,0.48
NmDn,7,21,28,0.25
NmDs,17,5,22,0.77
NmDt,3,4,7,0.43
NmHB,35,51,86,0.41
NmHD,12,5,17,0.71
NmHH,15,13,28,0.54
NmHI,4,4,8,0.5
NmHK,0,3,3,0.0
NmHL,10,13,23,0.43
NmHM,49,62,111,0.44
NmHN,72,57,129,0.56
NmHP,63,75,138,0.46
NmHS,40,45,85,0.47
NmHb,43,39,82,0.52
NmHh,20,39,59,0.34
NmHl,15,11,26,0.58
NmHm,83,55,138,0.6
NmHn,64,62,126,0.51
NmHs,53,45,98,0.54
NmHt,6,6,12,0.5
NmIB,6,8,14,0.43
NmID,3,0,3,1.0
NmIH,5,5,10,0.5
NmIL,5,2,7,0.71
NmIM,7,5,12,0.58
NmIN,8,9,17,0.47
NmIP,11,13,24,0.46
NmIS,9,11,20,0.45
NmIb,8,7,15,0.53
NmIh,0,1,1,0.0
NmIl,1,0,1,1.0
NmIm,12,5,17,0.71
NmIn,5,4,9,0.56
NmIs,7,6,13,0.54
NmIt,0,1,1,0.0
NmJB,13,13,26,0.5
NmJD,3,1,4,0.75
NmJH,6,8,14,0.43
NmJI,4,1,5,0.8
NmJK,2,2,4,0.5
NmJL,3,8,11,0.27
NmJM,10,18,28,0.36
NmJN,15,27,42,0.36
NmJP,18,22,40,0.45
NmJS,8,19,27,0.3
NmJb,16,13,29,0.55
NmJh,2,3,5,0.4
NmJl,9,4,13,0.69
NmJm,18,17,35,0.51
NmJn,15,12,27,0.56
NmJs,8,21,29,0.28
NmJt,1,1,2,0.5
NmKB,2,2,4,0.5
NmKI,1,0,1,1.0
NmKM,2,5,7,0.29
NmKN,0,2,2,0.0
NmKP,2,1,3,0.67
NmKS,1,2,3,0.33
NmKb,0,2,2,0.0
NmKh,0,1,1,0.0
NmKm,4,1,5,0.8
NmKn,3,2,5,0.6
NmKs,2,0,2,1.0
NmLB,11,10,21,0.52
NmLD,6,2,8,0.75
NmLK,0,0,0,
NmLL,10,5,15,0.67
NmLM,10,13,23,0.43
NmLN,15,16,31,0.48
NmLP,20,21,41,0.49
NmLS,4,12,16,0.25
NmLb,11,17,28,0.39
NmLh,10,6,16,0.62
NmLj,7,3,10,0.7
NmLl,0,6,6,0.0
NmLm,14,18,32,0.44
NmLn,28,26,54,0.52
NmLs,14,12,26,0.54
NmLt,4,3,7,0.57
NmMB,46,55,101,0.46
NmMD,11,15,26,0.42
NmMH,1,0,1,1.0
NmMK,1,2,3,0.33
NmML,20,15,35,0.57
NmMM,60,63,123,0.49
NmMN,85,91,176,0.48
NmMP,78,81,159,0.49
NmMS,48,55,103,0.47
NmMb,50,55,105,0.48
NmMh,39,45,84,0.46
NmMj,13,16,29,0.45
NmMl,28,12,40,0.7
NmMm,104,80,184,0.57
NmMn,122,105,227,0.54
NmMs,58,65,123,0.47
NmMt,8,16,24,0.33
NmNB,55,58,113,0.49
NmND,13,17,30,0.43
NmNH,19,16,35,0.54
NmNI,2,1,3,0.67
NmNK,13,10,23,0.57
NmNL,22,13,35,0.63
NmNM,76,102,178,0.43
NmNN,120,129,249,0.48
NmNP,88,106,194,0.45
NmNS,73,72,145,0.5
NmNb,50,58,108,0.46
NmNh,26,24,50,0.52
NmNl,20,20,40,0.5
NmNm,91,61,152,0.6
NmNn,118,117,235,0.5
NmNs,81,78,159,0.51
NmNt,16,16,32,0.5
NmPB,54,59,113,0.48
NmPD,8,7,15,0.53
NmPH,23,23,46,0.5
NmPI,9,8,17,0.53
NmPK,14,14,28,0.5
NmPL,24,28,52,0.46
NmPM,74,95,169,0.44
NmPN,78,84,162,0.48
NmPP,110,98,208,0.53
NmPS,62,62,124,0.5
NmPb,54,66,120,0.45
NmPh,6,7,13,0.46
NmPl,21,20,41,0.51
NmPm,82,53,135,0.61
NmPn,79,72,151,0.52
NmPs,49,44,93,0.53
NmPt,9,11,20,0.45
NmSB,48,38,86,0.56
NmSD,11,10,21,0.52
NmSH,18,19,37,0.49
NmSI,1,2,3,0.33
NmSK,1,2,3,0.33
NmSL,11,16,27,0.41
NmSM,51,55,106,0.48
NmSN,55,61,116,0.47
NmSP,60,45,105,0.57
NmSS,63,57,120,0.52
NmSb,41,29,70,0.59
NmSh,34,29,63,0.54
NmSl,8,8,16,0.5
NmSm,68,56,124,0.55
NmSn,54,53,107,0.5
NmSs,68,71,139,0.49
NmSt,12,14,26,0.46
NmbB,56,68,124,0.45
NmbD,5,3,8,0.62
NmbH,19,18,37,0.51
NmbI,7,12,19,0.37
NmbJ,21,13,34,0.62
NmbK,6,6,12,0.5
NmbL,18,11,29,0.62
NmbM,64,73,137,0.47
NmbN,100,79,179,0.56
NmbP,75,61,136,0.55
NmbS,35,22,57,0.61
Nmbb,62,46,108,0.57
Nmbh,0,2,2,0.0
Nmbl,22,10,32,0.69
Nmbm,60,42,102,0.59
Nmbn,72,70,142,0.51
Nmbs,23,26,49,0.47
NmhB,0,2,2,0.0
NmhI,0,1,1,0.0
NmhL,1,1,2,0.5
NmhM,0,2,2,0.0
NmhP,1,1,2,0.5
NmhS,1,0,1,1.0
Nmhb,1,1,2,0.5
Nmhs,1,1,2,0.5
NmlB,9,16,25,0.36
NmlD,2,2,4,0.5
NmlH,8,10,18,0.44
NmlI,1,7,8,0.12
NmlJ,5,6,11,0.45
NmlL,6,5,11,0.55
NmlM,13,21,34,0.38
NmlN,18,14,32,0.56
NmlP,21,14,35,0.6
NmlS,11,9,20,0.55
Nmlb,17,18,35,0.49
Nmlh,1,0,1,1.0
Nmll,7,5,12,0.58
Nmlm,18,16,34,0.53
Nmln,12,13,25,0.48
Nmls,3,6,9,0.33
NmmB,61,62,123,0.5
NmmD,13,6,19,0.68
NmmH,45,47,92,0.49
NmmI,5,6,11,0.45
NmmJ,12,9,21,0.57
NmmK,2,0,2,1.0
NmmL,19,16,35,0.54
NmmM,51,70,121,0.42
NmmN,94,84,178,0.53
NmmP,92,70,162,0.57
NmmS,44,45,89,0.49
Nmmb,77,60,137,0.56
Nmmh,1,2,3,0.33
Nmml,12,16,28,0.43
Nmmm,64,48,112,0.57
Nmmn,82,52,134,0.61
Nmms,28,31,59,0.47
NmnB,58,66,124,0.47
NmnD,16,12,28,0.57
NmnH,52,57,109,0.48
NmnI,9,9,18,0.5
NmnK,7,5,12,0.58
NmnL,11,26,37,0.3
NmnM,74,67,141,0.52
NmnN,99,91,190,0.52
NmnP,98,86,184,0.53
NmnS,63,60,123,0.51
Nmnb,65,70,135,0.48
Nmnh,3,1,4,0.75
Nmnl,18,14,32,0.56
Nmnm,68,68,136,0.5
Nmnn,90,74,164,0.55
Nmns,43,53,96,0.45
NmsB,25,29,54,0.46
NmsD,6,12,18,0.33
NmsH,49,57,106,0.46
NmsI,8,11,19,0.42
NmsK,1,0,1,1.0
NmsL,12,8,20,0.6
NmsM,36,56,92,0.39
NmsN,50,45,95,0.53
NmsP,42,51,93,0.45
NmsS,54,49,103,0.52
Nmsb,31,26,57,0.54
Nmsh,1,3,4,0.25
Nmsl,8,10,18,0.44
Nmsm,44,35,79,0.56
Nmsn,42,37,79,0.53
Nmss,39,46,85,0.46
Nmst,1,1,2,0.5
NmtB,1,0,1,1.0
NmtD,1,0,1,1.0
Nmts,0,1,1,0.0
NnBB,59,69,128,0.46
NnBD,6,7,13,0.46
NnBH,2,1,3,0.67
NnBI,1,0,1,1.0
NnBK,8,6,14,0.57
NnBL,14,13,27,0.52
NnBM,52,56,108,0.48
NnBN,68,88,156,0.44
NnBP,63,61,124,0.51
NnBS,36,39,75,0.48
NnBb,58,56,114,0.51
NnBh,6,6,12,0.5
NnBj,13,10,23,0.57
NnBl,14,24,38,0.37
NnBm,64,38,102,0.63
NnBn,81,78,159,0.51
NnBs,33,27,60,0.55
NnBt,10,11,21,0.48
NnDB,6,11,17,0.35
NnDD,3,1,4,0.75
NnDH,13,17,30,0.43
NnDI,0,2,2,0.0
NnDK,0,1,1,0.0
NnDL,4,5,9,0.44
NnDM,11,15,26,0.42
NnDN,14,12,26,0.54
NnDP,20,15,35,0.57
NnDS,21,17,38,0.55
NnDb,7,10,17,0.41
NnDh,1,1,2,0.5
NnDl,2,9,11,0.18
NnDm,16,7,23,0.7
NnDn,15,12,27,0.56
NnDs,21,13,34,0.62
NnDt,2,1,3,0.67
NnHB,32,26,58,0.55
NnHD,7,4,11,0.64
NnHH,8,16,24,0.33
NnHI,4,7,11,0.36
NnHK,8,2,10,0.8
NnHL,15,16,31,0.48
NnHM,49,69,118,0.42
NnHN,53,72,125,0.42
NnHP,49,64,113,0.43
NnHS,57,59,116,0.49
NnHb,31,39,70,0.44
NnHh,32,23,55,0.58
NnHl,12,13,25,0.48
NnHm,47,43,90,0.52
NnHn,63,62,125,0.5
NnHs,58,46,104,0.56
NnHt,4,8,12,0.33
NnIB,15,12,27,0.56
NnID,2,2,4,0.5
NnIH,18,15,33,0.55
NnII,1,2,3,0.33
NnIK,1,0,1,1.0
NnIL,3,6,9,0.33
NnIM,25,23,48,0.52
NnIN,15,21,36,0.42
NnIP,17,22,39,0.44
NnIS,12,16,28,0.43
NnIb,10,8,18,0.56
NnIl,4,6,10,0.4
NnIm,21,10,31,0.68
NnIn,17,12,29,0.59
NnIs,15,7,22,0.68
NnIt,2,5,7,0.29
NnKB,6,10,16,0.38
NnKD,3,1,4,0.75
NnKH,2,3,5,0.4
NnKI,0,1,1,0.0
NnKL,3,1,4,0.75
NnKM,8,11,19,0.42
NnKN,6,8,14,0.43
NnKP,12,6,18,0.67
NnKS,14,13,27,0.52
NnKb,5,8,13,0.38
NnKh,4,6,10,0.4
NnKl,2,3,5,0.4
NnKm,9,10,19,0.47
NnKn,8,8,16,0.5
NnKs,9,5,14,0.64
NnKt,0,0,0,
NnLB,13,14,27,0.48
NnLD,0,2,2,0.0
NnLH,0,1,1,0.0
NnLI,0,1,1,0.0
NnLK,1,3,4,0.25
NnLL,6,11,17,0.35
NnLM,20,21,41,0.49
NnLN,23,14,37,0.62
NnLP,25,28,53,0.47
NnLS,12,22,34,0.35
NnLb,21,17,38,0.55
NnLh,7,8,15,0.47
NnLj,6,5,11,0.55
NnLl,4,8,12,0.33
NnLm,30,17,47,0.64
NnLn,31,27,58,0.53
NnLs,14,13,27,0.52
NnLt,3,4,7,0.43
NnMB,91,83,174,0.52
NnMD,12,17,29,0.41
NnMH,2,0,2,1.0
NnMI,0,2,2,0.0
NnMK,1,1,2,0.5
NnML,29,20,49,0.59
NnMM,60,77,137,0.44
NnMN,83,100,183,0.45
NnMP,95,79,174,0.55
NnMS,44,60,104,0.42
NnMb,66,73,139,0.47
NnMh,46,63,109,0.42
NnMj,17,10,27,0.63
NnMl,20,24,44,0.45
NnMm,97,68,165,0.59
NnMn,113,130,243,0.47
NnMs,77,53,130,0.59
NnMt,13,17,30,0.43
NnNB,89,90,179,0.5
NnND,27,18,45,0.6
NnNH,25,15,40,0.62
NnNI,4,1,5,0.8
NnNK,13,7,20,0.65
NnNL,36,29,65,0.55
NnNM,83,112,195,0.43
NnNN,140,156,296,0.47
NnNP,129,141,270,0.48
NnNS,112,107,219,0.51
NnNb,59,68,127,0.46
NnNh,33,45,78,0.42
NnNl,30,25,55,0.55
NnNm,126,95,221,0.57
NnNn,170,160,330,0.52
NnNs,102,112,214,0.48
NnNt,26,21,47,0.55
NnPB,84,91,175,0.48
NnPD,14,12,26,0.54
NnPH,45,38,83,0.54
NnPI,20,17,37,0.54
NnPK,9,10,19,0.47
NnPL,40,43,83,0.48
NnPM,93,110,203,0.46
NnPN,128,129,257,0.5
NnPP,143,162,305,0.47
NnPS,83,96,179,0.46
NnPb,87,74,161,0.54
NnPh,15,18,33,0.45
NnPl,36,33,69,0.52
NnPm,116,103,219,0.53
NnPn,100,106,206,0.49
NnPs,108,85,193,0.56
NnPt,13,22,35,0.37
NnSB,42,42,84,0.5
NnSD,19,16,35,0.54
NnSH,28,41,69,0.41
NnSI,6,0,6,1.0
NnSK,1,2,3,0.33
NnSL,17,19,36,0.47
NnSM,73,81,154,0.47
NnSN,80,68,148,0.54
NnSP,86,94,180,0.48
NnSS,87,96,183,0.48
NnSb,46,46,92,0.5
NnSh,48,43,91,0.53
NnSl,19,16,35,0.54
NnSm,83,80,163,0.51
NnSn,92,99,191,0.48
NnSs,123,105,228,0.54
NnSt,19,17,36,0.53
NnbB,51,49,100,0.51
NnbD,7,8,15,0.47
NnbH,16,16,32,0.5
NnbI,7,7,14,0.5
NnbJ,17,16,33,0.52
NnbK,6,7,13,0.46
NnbL,18,13,31,0.58
NnbM,62,71,133,0.47
NnbN,86,91,177,0.49
NnbP,78,60,138,0.57
NnbS,38,45,83,0.46
Nnbb,61,60,121,0.5
Nnbh,0,1,1,0.0
Nnbl,18,22,40,0.45
Nnbm,76,51,127,0.6
Nnbn,85,59,144,0.59
Nnbs,39,28,67,0.58
NnhB,2,1,3,0.67
NnhH,0,0,0,
NnhI,0,1,1,0.0
NnhK,1,1,2,0.5
NnhL,0,1,1,0.0
NnhM,2,3,5,0.4
NnhN,5,7,12,0.42
NnhP,3,5,8,0.38
NnhS,4,3,7,0.57
Nnhb,4,2,6,0.67
Nnhh,3,6,9,0.33
Nnhm,10,8,18,0.56
Nnhn,7,9,16,0.44
Nnhs,4,6,10,0.4
Nnht,1,1,2,0.5
NnlB,14,18,32,0.44
NnlD,3,3,6,0.5
NnlH,8,18,26,0.31
NnlI,2,2,4,0.5
NnlJ,5,4,9,0.56
NnlK,0,1,1,0.0
NnlL,10,6,16,0.62
NnlM,21,31,52,0.4
NnlN,23,22,45,0.51
NnlP,24,20,44,0.55
NnlS,20,14,34,0.59
Nnlb,19,18,37,0.51
Nnll,8,3,11,0.73
Nnlm,20,21,41,0.49
Nnln,17,29,46,0.37
Nnls,16,11,27,0.59
NnmB,74,66,140,0.53
NnmD,15,20,35,0.43
NnmH,70,59,129,0.54
NnmI,7,12,19,0.37
NnmJ,13,28,41,0.32
NnmK,2,0,2,1.0
NnmL,21,16,37,0.57
NnmM,86,92,178,0.48
NnmN,102,103,205,0.5
NnmP,76,87,163,0.47
NnmS,59,66,125,0.47
Nnmb,88,67,155,0.57
Nnml,21,12,33,0.64
Nnmm,65,73,138,0.47
Nnmn,83,102,185,0.45
Nnms,63,40,103,0.61
Nnmt,0,0,0,
NnnB,50,58,108,0.46
NnnD,22,13,35,0.63
NnnH,53,37,90,0.59
NnnI,18,22,40,0.45
NnnK,10,7,17,0.59
NnnL,20,23,43,0.47
NnnM,90,137,227,0.4
NnnN,136,145,281,0.48
NnnP,127,115,242,0.52
NnnS,86,80,166,0.52
Nnnb,66,78,144,0.46
Nnnh,8,4,12,0.67
Nnnl,15,19,34,0.44
Nnnm,81,87,168,0.48
Nnnn,128,106,234,0.55
Nnns,89,59,148,0.6
Nnnt,3,4,7,0.43
NnsB,47,50,97,0.48
NnsD,8,16,24,0.33
NnsH,71,57,128,0.55
NnsI,17,11,28,0.61
NnsK,0,1,1,0.0
NnsL,25,22,47,0.53
NnsM,48,78,126,0.38
NnsN,75,94,169,0.44
NnsP,73,78,151,0.48
NnsS,91,85,176,0.52
Nnsb,62,40,102,0.61
Nnsh,6,5,11,0.55
Nnsl,19,21,40,0.48
Nnsm,94,65,159,0.59
Nnsn,67,73,140,0.48
Nnss,88,71,159,0.55
Nnst,3,1,4,0.75
NntB,3,3,6,0.5
NntH,0,1,1,0.0
NntL,0,1,1,0.0
NntM,1,2,3,0.33
NntN,1,1,2,0.5
NntP,0,1,1,0.0
NntS,2,0,2,1.0
Nntb,0,1,1,0.0
Nntm,5,4,9,0.56
Nntn,0,1,1,0.0
Nnts,2,2,4,0.5
NsBB,30,33,63,0.48
NsBD,3,3,6,0.5
NsBH,1,0,1,1.0
NsBK,3,3,6,0.5
NsBL,7,15,22,0.32
NsBM,30,41,71,0.42
NsBN,38,46,84,0.45
NsBP,34,32,66,0.52
NsBS,23,24,47,0.49
NsBb,26,28,54,0.48
NsBh,3,5,8,0.38
NsBj,9,9,18,0.5
NsBl,4,11,15,0.27
NsBm,49,37,86,0.57
NsBn,55,53,108,0.51
NsBs,34,18,52,0.65
NsBt,8,7,15,0.53
NsDB,6,0,6,1.0
NsDD,4,4,8,0.5
NsDH,12,11,23,0.52
NsDI,1,3,4,0.25
NsDK,1,1,2,0.5
NsDL,2,5,7,0.29
NsDM,10,8,18,0.56
NsDN,13,13,26,0.5
NsDP,11,7,18,0.61
NsDS,21,20,41,0.51
NsDb,8,9,17,0.47
NsDl,3,3,6,0.5
NsDm,11,8,19,0.58
NsDn,15,6,21,0.71
NsDs,20,11,31,0.65
NsDt,0,0,0,
NsHB,30,40,70,0.43
NsHD,4,14,18,0.22
NsHH,18,23,41,0.44
NsHI,6,12,18,0.33
NsHK,4,6,10,0.4
NsHL,11,10,21,0.52
NsHM,55,59,114,0.48
NsHN,63,45,108,0.58
NsHP,57,52,109,0.52
NsHS,66,48,114,0.58
NsHb,35,30,65,0.54
NsHh,39,31,70,0.56
NsHl,16,10,26,0.62
NsHm,59,54,113,0.52
NsHn,53,61,114,0.46
NsHs,85,61,146,0.58
NsHt,3,10,13,0.23
NsIB,6,10,16,0.38
NsID,1,0,1,1.0
NsIH,12,13,25,0.48
NsII,1,3,4,0.25
NsIL,7,2,9,0.78
NsIM,12,14,26,0.46
NsIN,15,14,29,0.52
NsIP,7,14,21,0.33
NsIS,9,8,17,0.53
NsIb,10,12,22,0.45
NsIl,2,2,4,0.5
NsIm,16,11,27,0.59
NsIn,15,11,26,0.58
NsIs,11,9,20,0.55
NsIt,0,0,0,
NsKB,2,0,2,1.0
NsKH,1,0,1,1.0
NsKI,1,1,2,0.5
NsKM,3,1,4,0.75
NsKN,1,0,1,1.0
NsKP,1,1,2,0.5
NsKS,2,0,2,1.0
NsKb,0,4,4,0.0
NsKh,1,1,2,0.5
NsKl,0,1,1,0.0
NsKm,0,1,1,0.0
NsKn,0,1,1,0.0
NsKs,0,1,1,0.0
NsKt,1,1,2,0.5
NsLB,11,9,20,0.55
NsLD,3,2,5,0.6
NsLK,2,0,2,1.0
NsLL,3,9,12,0.25
NsLM,19,22,41,0.46
NsLN,14,16,30,0.47
NsLP,15,16,31,0.48
NsLS,17,17,34,0.5
NsLb,12,12,24,0.5
NsLh,11,8,19,0.58
NsLj,0,5,5,0.0
NsLl,6,2,8,0.75
NsLm,22,15,37,0.59
NsLn,19,20,39,0.49
NsLs,23,15,38,0.61
NsLt,3,2,5,0.6
NsMB,48,57,105,0.46
NsMD,11,5,16,0.69
NsMH,1,0,1,1.0
NsMI,0,2,2,0.0
NsMK,3,1,4,0.75
NsML,10,13,23,0.43
NsMM,45,70,115,0.39
NsMN,59,64,123,0.48
NsMP,51,71,122,0.42
NsMS,35,36,71,0.49
NsMb,40,46,86,0.47
NsMh,29,31,60,0.48
NsMj,7,11,18,0.39
NsMl,10,9,19,0.53
NsMm,58,50,108,0.54
NsMn,75,80,155,0.48
NsMs,47,48,95,0.49
NsMt,8,5,13,0.62
NsNB,47,52,99,0.47
NsND,12,12,24,0.5
NsNH,11,14,25,0.44
NsNI,1,1,2,0.5
NsNK,5,4,9,0.56
NsNL,19,21,40,0.48
NsNM,62,70,132,0.47
NsNN,81,72,153,0.53
NsNP,62,77,139,0.45
NsNS,73,67,140,0.52
NsNb,41,40,81,0.51
NsNh,19,21,40,0.48
NsNl,19,15,34,0.56
NsNm,59,60,119,0.5
NsNn,77,87,164,0.47
NsNs,71,69,140,0.51
NsNt,14,14,28,0.5
NsPB,47,33,80,0.59
NsPD,6,6,12,0.5
NsPH,21,27,48,0.44
NsPI,12,13,25,0.48
NsPK,5,5,10,0.5
NsPL,14,25,39,0.36
NsPM,53,72,125,0.42
NsPN,58,61,119,0.49
NsPP,63,69,132,0.48
NsPS,66,64,130,0.51
NsPb,49,45,94,0.52
NsPh,3,8,11,0.27
NsPl,19,14,33,0.58
NsPm,64,70,134,0.48
NsPn,47,61,108,0.44
NsPs,48,51,99,0.48
NsPt,5,7,12,0.42
NsSB,43,63,106,0.41
NsSD,12,11,23,0.52
NsSH,26,29,55,0.47
NsSI,4,6,10,0.4
NsSK,2,4,6,0.33
NsSL,8,23,31,0.26
NsSM,74,111,185,0.4
NsSN,78,56,134,0.58
NsSP,74,80,154,0.48
NsSS,101,113,214,0.47
NsSb,31,47,78,0.4
NsSh,34,45,79,0.43
NsSl,20,13,33,0.61
NsSm,65,69,134,0.49
NsSn,66,71,137,0.48
NsSs,109,113,222,0.49
NsSt,12,11,23,0.52
NsbB,24,45,69,0.35
NsbD,4,7,11,0.36
NsbH,14,7,21,0.67
NsbI,10,4,14,0.71
NsbJ,10,9,19,0.53
NsbK,5,4,9,0.56
NsbL,9,10,19,0.47
NsbM,33,37,70,0.47
NsbN,47,52,99,0.47
NsbP,48,34,82,0.59
NsbS,28,29,57,0.49
Nsbb,40,26,66,0.61
Nsbh,1,0,1,1.0
Nsbl,13,17,30,0.43
Nsbm,37,39,76,0.49
Nsbn,44,48,92,0.48
Nsbs,18,19,37,0.49
NshB,5,2,7,0.71
NshD,1,0,1,1.0
NshH,0,1,1,0.0
NshI,0,0,0,
NshK,0,1,1,0.0
NshL,1,0,1,1.0
NshM,8,4,12,0.67
NshN,3,7,10,0.3
NshP,6,6,12,0.5
NshS,3,9,12,0.25
Nshb,2,3,5,0.4
Nshh,2,6,8,0.25
Nshl,2,1,3,0.67
Nshm,3,6,9,0.33
Nshn,6,3,9,0.67
Nshs,6,3,9,0.67
NslB,12,15,27,0.44
NslD,1,2,3,0.33
NslH,8,8,16,0.5
NslI,1,4,5,0.2
NslJ,5,0,5,1.0
NslK,0,1,1,0.0
NslL,3,5,8,0.38
NslM,21,15,36,0.58
NslN,19,13,32,0.59
NslP,9,22,31,0.29
NslS,8,15,23,0.35
Nslb,14,13,27,0.52
Nslh,0,1,1,0.0
Nsll,7,3,10,0.7
Nslm,12,15,27,0.44
Nsln,23,10,33,0.7
Nsls,16,8,24,0.67
NsmB,36,34,70,0.51
NsmD,12,10,22,0.55
NsmH,50,48,98,0.51
NsmI,7,2,9,0.78
NsmJ,12,14,26,0.46
NsmK,2,2,4,0.5
NsmL,14,19,33,0.42
NsmM,61,75,136,0.45
NsmN,62,67,129,0.48
NsmP,67,54,121,0.55
NsmS,57,50,107,0.53
Nsmb,61,52,113,0.54
Nsmh,1,0,1,1.0
Nsml,10,13,23,0.43
Nsmm,65,48,113,0.58
Nsmn,57,53,110,0.52
Nsms,53,43,96,0.55
NsnB,36,37,73,0.49
NsnD,6,12,18,0.33
NsnH,27,38,65,0.42
NsnI,6,9,15,0.4
NsnK,3,5,8,0.38
NsnL,16,13,29,0.55
NsnM,48,50,98,0.49
NsnN,70,71,141,0.5
NsnP,64,64,128,0.5
NsnS,62,61,123,0.5
Nsnb,47,46,93,0.51
Nsnh,1,1,2,0.5
Nsnl,13,24,37,0.35
Nsnm,55,54,109,0.5
Nsnn,60,63,123,0.49
Nsns,54,47,101,0.53
Nsnt,1,0,1,1.0
NssB,33,20,53,0.62
NssD,12,10,22,0.55
NssH,62,59,121,0.51
NssI,18,11,29,0.62
NssL,11,21,32,0.34
NssM,56,58,114,0.49
NssN,74,66,140,0.53
NssP,58,68,126,0.46
NssS,73,103,176,0.41
Nssb,48,42,90,0.53
Nssh,3,5,8,0.38
Nssl,20,16,36,0.56
Nssm,76,75,151,0.5
Nssn,51,42,93,0.55
Nsss,72,62,134,0.54
Nsst,0,1,1,0.0
NstH,2,1,3,0.67
NstL,0,2,2,0.0
NstM,3,0,3,1.0
NstP,1,1,2,0.5
NstS,2,4,6,0.33
Nstb,1,0,1,1.0
Nsth,1,0,1,1.0
Nstm,2,1,3,0.67
Nstn,2,0,2,1.0
Nsts,2,1,3,0.67
NtBB,9,13,22,0.41
NtBD,1,1,2,0.5
NtBH,1,0,1,1.0
NtBK,1,1,2,0.5
NtBL,1,4,5,0.2
NtBM,15,9,24,0.62
NtBN,12,9,21,0.57
NtBP,9,10,19,0.47
NtBS,4,6,10,0.4
NtBb,11,7,18,0.61
NtBj,1,3,4,0.25
NtBl,1,1,2,0.5
NtBm,9,10,19,0.47
NtBn,10,14,24,0.42
NtBs,4,5,9,0.44
NtBt,3,2,5,0.6
NtDB,1,0,1,1.0
NtDM,2,2,4,0.5
NtDN,0,1,1,0.0
NtDP,1,3,4,0.25
NtDS,3,3,6,0.5
NtDb,3,0,3,1.0
NtDh,1,0,1,1.0
NtDl,1,2,3,0.33
NtDm,3,4,7,0.43
NtDn,1,1,2,0.5
NtDs,2,1,3,0.67
NtDt,0,1,1,0.0
NtHB,7,9,16,0.44
NtHD,0,2,2,0.0
NtHH,1,2,3,0.33
NtHI,1,0,1,1.0
NtHK,1,0,1,1.0
NtHL,0,3,3,0.0
NtHM,6,8,14,0.43
NtHN,5,12,17,0.29
NtHP,8,10,18,0.44
NtHS,5,11,16,0.31
NtHb,7,7,14,0.5
NtHh,5,4,9,0.56
NtHl,3,3,6,0.5
NtHm,6,16,22,0.27
NtHn,7,12,19,0.37
NtHs,7,10,17,0.41
NtHt,1,0,1,1.0
NtID,1,0,1,1.0
NtIH,2,2,4,0.5
NtIL,1,0,1,1.0
NtIM,3,1,4,0.75
NtIN,0,2,2,0.0
NtIP,1,3,4,0.25
NtIS,1,2,3,0.33
NtIb,0,1,1,0.0
NtIl,0,3,3,0.0
NtIm,3,0,3,1.0
NtKH,1,0,1,1.0
NtKL,0,1,1,0.0
NtKN,2,1,3,0.67
NtKP,0,4,4,0.0
NtKS,1,2,3,0.33
NtKb,1,0,1,1.0
NtKh,1,1,2,0.5
NtKl,1,0,1,1.0
NtKm,1,3,4,0.25
NtKn,1,2,3,0.33
NtLB,4,2,6,0.67
NtLL,2,2,4,0.5
NtLM,2,5,7,0.29
NtLN,0,6,6,0.0
NtLP,7,4,11,0.64
NtLS,2,1,3,0.67
NtLb,7,1,8,0.88
NtLh,1,1,2,0.5
NtLj,1,1,2,0.5
NtLl,2,0,2,1.0
NtLm,2,2,4,0.5
NtLn,9,2,11,0.82
NtLs,3,1,4,0.75
NtLt,0,1,1,0.0
NtMB,12,18,30,0.4
NtMD,3,0,3,1.0
NtML,7,4,11,0.64
NtMM,14,10,24,0.58
NtMN,12,17,29,0.41
NtMP,9,8,17,0.53
NtMS,3,12,15,0.2
NtMb,13,15,28,0.46
NtMh,12,7,19,0.63
NtMj,4,4,8,0.5
NtMl,7,2,9,0.78
NtMm,14,14,28,0.5
NtMn,16,16,32,0.5
NtMs,6,5,11,0.55
NtMt,1,1,2,0.5
NtNB,13,18,31,0.42
NtND,5,1,6,0.83
NtNH,0,3,3,0.0
NtNI,0,0,0,
NtNK,2,4,6,0.33
NtNL,2,5,7,0.29
NtNM,12,9,21,0.57
NtNN,11,18,29,0.38
NtNP,18,16,34,0.53
NtNS,11,8,19,0.58
NtNb,6,9,15,0.4
NtNh,5,6,11,0.45
NtNl,1,3,4,0.25
NtNm,12,16,28,0.43
NtNn,13,13,26,0.5
NtNs,8,13,21,0.38
NtNt,5,3,8,0.62
NtPB,9,11,20,0.45
NtPD,4,5,9,0.44
NtPH,4,4,8,0.5
NtPI,3,2,5,0.6
NtPK,1,5,6,0.17
NtPL,2,2,4,0.5
NtPM,20,15,35,0.57
NtPN,9,15,24,0.38
NtPP,22,24,46,0.48
NtPS,10,14,24,0.42
NtPb,13,6,19,0.68
NtPh,3,3,6,0.5
NtPl,6,6,12,0.5
NtPm,14,18,32,0.44
NtPn,18,14,32,0.56
NtPs,8,7,15,0.53
NtPt,3,1,4,0.75
NtSB,11,14,25,0.44
NtSD,4,2,6,0.67
NtSH,4,5,9,0.44
NtSK,2,0,2,1.0
NtSL,4,9,13,0.31
NtSM,12,15,27,0.44
NtSN,5,14,19,0.26
NtSP,6,15,21,0.29
NtSS,17,13,30,0.57
NtSb,13,5,18,0.72
NtSh,7,9,16,0.44
NtSl,4,2,6,0.67
NtSm,17,6,23,0.74
NtSn,13,17,30,0.43
NtSs,18,9,27,0.67
NtSt,0,1,1,0.0
NtbB,8,8,16,0.5
NtbD,1,1,2,0.5
NtbH,2,3,5,0.4
NtbI,0,1,1,0.0
NtbJ,2,1,3,0.67
NtbK,2,1,3,0.67
NtbL,4,2,6,0.67
NtbM,6,10,16,0.38
NtbN,15,10,25,0.6
NtbP,12,7,19,0.63
NtbS,12,9,21,0.57
Ntbb,10,6,16,0.62
Ntbl,3,2,5,0.6
Ntbm,13,4,17,0.76
Ntbn,6,8,14,0.43
Ntbs,5,4,9,0.56
NthB,1,1,2,0.5
NthI,1,0,1,1.0
NthM,0,1,1,0.0
NthN,0,2,2,0.0
Nthb,0,1,1,0.0
Nthm,2,1,3,0.67
Nthn,1,1,2,0.5
NtlB,3,3,6,0.5
NtlD,0,1,1,0.0
NtlH,1,2,3,0.33
NtlI,0,1,1,0.0
NtlJ,2,1,3,0.67
NtlK,0,0,0,
NtlL,3,2,5,0.6
NtlM,3,8,11,0.27
NtlN,4,1,5,0.8
NtlP,3,8,11,0.27
NtlS,6,8,14,0.43
Ntlb,4,5,9,0.44
Ntlm,4,3,7,0.57
Ntln,5,3,8,0.62
Ntls,2,1,3,0.67
NtmB,9,8,17,0.53
NtmD,4,1,5,0.8
NtmH,15,5,20,0.75
NtmI,2,3,5,0.4
NtmJ,5,1,6,0.83
NtmK,1,1,2,0.5
NtmL,1,3,4,0.25
NtmM,18,12,30,0.6
NtmN,14,11,25,0.56
NtmP,7,15,22,0.32
NtmS,8,8,16,0.5
Ntmb,9,19,28,0.32
Ntml,3,3,6,0.5
Ntmm,22,13,35,0.63
Ntmn,7,6,13,0.54
Ntms,8,7,15,0.53
NtnB,10,8,18,0.56
NtnD,6,0,6,1.0
NtnH,13,6,19,0.68
NtnI,2,5,7,0.29
NtnK,1,1,2,0.5
NtnL,5,5,10,0.5
NtnM,5,12,17,0.29
NtnN,16,14,30,0.53
NtnP,14,12,26,0.54
NtnS,16,12,28,0.57
Ntnb,10,9,19,0.53
Ntnh,0,1,1,0.0
Ntnl,1,1,2,0.5
Ntnm,10,5,15,0.67
Ntnn,12,19,31,0.39
Ntns,9,8,17,0.53
NtsB,5,6,11,0.45
NtsD,0,2,2,0.0
NtsH,12,9,21,0.57
NtsI,3,4,7,0.43
NtsL,1,3,4,0.25
NtsM,9,9,18,0.5
NtsN,10,11,21,0.48
NtsP,8,14,22,0.36
NtsS,18,16,34,0.53
Ntsb,7,7,14,0.5
Ntsh,0,0,0,
Ntsl,4,5,9,0.44
Ntsm,10,10,20,0.5
Ntsn,13,7,20,0.65
Ntss,13,12,25,0.52
Ntst,0,1,1,0.0
NttB,0,1,1,0.0
NttD,0,0,0,
NttH,2,1,3,0.67
NttK,0,0,0,
NttL,0,1,1,0.0
NttM,0,2,2,0.0
NttN,2,1,3,0.67
NttP,2,5,7,0.29
NttS,4,4,8,0.5
Nttb,0,1,1,0.0
Ntth,1,0,1,1.0
Nttl,0,2,2,0.0
Nttm,2,2,4,0.5
Nttn,4,2,6,0.67
Ntts,5,2,7,0.71
Nttt,0,1,1,0.0
P,1,0,1,1.0
PBBB,60,76,136,0.44
PBBD,8,1,9,0.89
PBBH,1,0,1,1.0
PBBK,3,6,9,0.33
PBBL,21,24,45,0.47
PBBM,47,65,112,0.42
PBBN,67,74,141,0.48
PBBP,70,70,140,0.5
PBBS,29,26,55,0.53
PBBb,75,67,142,0.53
PBBh,2,7,9,0.22
PBBj,12,26,38,0.32
PBBl,23,25,48,0.48
PBBm,77,80,157,0.49
PBBn,78,89,167,0.47
PBBs,28,35,63,0.44
PBBt,7,11,18,0.39
PBDB,3,8,11,0.27
PBDD,3,1,4,0.75
PBDH,5,4,9,0.56
PBDI,2,0,2,1.0
PBDK,1,0,1,1.0
PBDL,4,0,4,1.0
PBDM,8,8,16,0.5
PBDN,4,3,7,0.57
PBDP,6,10,16,0.38
PBDS,9,6,15,0.6
PBDb,7,8,15,0.47
PBDh,1,0,1,1.0
PBDl,5,2,7,0.71
PBDm,9,10,19,0.47
PBDn,4,9,13,0.31
PBDs,4,4,8,0.5
PBDt,1,1,2,0.5
PBHK,0,0,0,
PBHL,0,1,1,0.0
PBHM,1,0,1,1.0
PBHN,0,0,0,
PBHP,1,1,2,0.5
PBHS,0,2,2,0.0
PBHb,0,2,2,0.0
PBHh,0,1,1,0.0
PBHl,0,1,1,0.0
PBHm,2,1,3,0.67
PBHn,1,0,1,1.0
PBHs,1,0,1,1.0
PBIS,0,1,1,0.0
PBIs,0,1,1,0.0
PBKB,4,10,14,0.29
PBKD,0,1,1,0.0
PBKH,0,0,0,
PBKI,0,2,2,0.0
PBKK,0,1,1,0.0
PBKL,0,2,2,0.0
PBKM,6,8,14,0.43
PBKN,2,4,6,0.33
PBKP,12,9,21,0.57
PBKS,3,5,8,0.38
PBKb,4,3,7,0.57
PBKh,10,6,16,0.62
PBKl,2,0,2,1.0
PBKm,9,9,18,0.5
PBKn,6,4,10,0.6
PBKs,5,5,10,0.5
PBKt,2,1,3,0.67
PBLB,24,38,62,0.39
PBLD,1,2,3,0.33
PBLK,1,1,2,0.5
PBLL,8,5,13,0.62
PBLM,14,12,26,0.54
PBLN,18,21,39,0.46
PBLP,22,20,42,0.52
PBLS,12,7,19,0.63
PBLb,23,17,40,0.57
PBLh,6,8,14,0.43
PBLj,1,9,10,0.1
PBLl,17,5,22,0.77
PBLm,30,25,55,0.55
PBLn,21,24,45,0.47
PBLs,16,12,28,0.57
PBLt,1,1,2,0.5
PBMB,57,81,138,0.41
PBMD,9,8,17,0.53
PBMH,1,2,3,0.33
PBMI,0,1,1,0.0
PBMK,2,2,4,0.5
PBML,6,16,22,0.27
PBMM,52,79,131,0.4
PBMN,43,48,91,0.47
PBMP,53,84,137,0.39
PBMS,35,29,64,0.55
PBMb,64,72,136,0.47
PBMh,35,35,70,0.5
PBMj,10,10,20,0.5
PBMl,30,27,57,0.53
PBMm,88,80,168,0.52
PBMn,64,62,126,0.51
PBMs,34,29,63,0.54
PBMt,4,2,6,0.67
PBNB,56,73,129,0.43
PBND,2,5,7,0.29
PBNH,8,9,17,0.47
PBNI,1,0,1,1.0
PBNK,7,9,16,0.44
PBNL,20,19,39,0.51
PBNM,44,60,104,0.42
PBNN,58,69,127,0.46
PBNP,73,78,151,0.48
PBNS,38,47,85,0.45
PBNb,42,57,99,0.42
PBNh,14,18,32,0.44
PBNl,23,23,46,0.5
PBNm,75,53,128,0.59
PBNn,65,72,137,0.47
PBNs,33,40,73,0.45
PBNt,10,8,18,0.56
PBPB,59,66,125,0.47
PBPD,10,5,15,0.67
PBPH,17,18,35,0.49
PBPI,5,6,11,0.45
PBPK,12,4,16,0.75
PBPL,28,34,62,0.45
PBPM,64,88,152,0.42
PBPN,52,58,110,0.47
PBPP,93,106,199,0.47
PBPS,55,41,96,0.57
PBPb,53,58,111,0.48
PBPh,10,6,16,0.62
PBPl,39,33,72,0.54
PBPm,79,71,150,0.53
PBPn,49,67,116,0.42
PBPs,56,49,105,0.53
PBPt,7,7,14,0.5
PBSB,21,33,54,0.39
PBSD,8,4,12,0.67
PBSH,9,16,25,0.36
PBSK,1,1,2,0.5
PBSL,10,12,22,0.45
PBSM,39,37,76,0.51
PBSN,37,31,68,0.54
PBSP,41,34,75,0.55
PBSS,32,40,72,0.44
PBSb,28,25,53,0.53
PBSh,10,16,26,0.38
PBSl,8,13,21,0.38
PBSm,37,29,66,0.56
PBSn,27,28,55,0.49
PBSs,31,35,66,0.47
PBSt,8,3,11,0.73
PBbB,61,59,120,0.51
PBbD,4,5,9,0.44
PBbH,17,20,37,0.46
PBbI,6,9,15,0.4
PBbJ,23,19,42,0.55
PBbK,6,8,14,0.43
PBbL,24,16,40,0.6
PBbM,47,68,115,0.41
PBbN,58,66,124,0.47
PBbP,58,51,109,0.53
PBbS,29,29,58,0.5
PBbb,66,45,111,0.59
PBbh,1,0,1,1.0
PBbl,20,15,35,0.57
PBbm,53,53,106,0.5
PBbn,55,54,109,0.5
PBbs,33,37,70,0.47
PBhB,9,8,17,0.53
PBhH,1,2,3,0.33
PBhI,1,0,1,1.0
PBhL,2,1,3,0.67
PBhM,3,6,9,0.33
PBhN,4,2,6,0.67
PBhP,2,8,10,0.2
PBhS,1,5,6,0.17
PBhb,5,7,12,0.42
PBhh,3,6,9,0.33
PBhl,1,2,3,0.33
PBhm,8,5,13,0.62
PBhn,4,2,6,0.67
PBhs,7,8,15,0.47
PBht,2,0,2,1.0
PBjB,7,14,21,0.33
PBjD,0,1,1,0.0
PBjH,7,6,13,0.54
PBjI,1,2,3,0.33
PBjK,1,1,2,0.5
PBjL,6,9,15,0.4
PBjM,15,9,24,0.62
PBjN,12,11,23,0.52
PBjP,15,11,26,0.58
PBjS,7,18,25,0.28
PBjb,11,17,28,0.39
PBjh,2,1,3,0.67
PBjl,5,6,11,0.45
PBjm,20,21,41,0.49
PBjn,8,5,13,0.62
PBjs,11,11,22,0.5
PBjt,0,4,4,0.0
PBlB,10,14,24,0.42
PBlD,1,3,4,0.25
PBlH,9,10,19,0.47
PBlI,4,2,6,0.67
PBlJ,6,5,11,0.55
PBlK,1,1,2,0.5
PBlL,5,7,12,0.42
PBlM,24,32,56,0.43
PBlN,24,27,51,0.47
PBlP,28,19,47,0.6
PBlS,12,15,27,0.44
PBlb,19,18,37,0.51
PBll,6,12,18,0.33
PBlm,31,30,61,0.51
PBln,19,14,33,0.58
PBls,16,17,33,0.48
PBmB,45,53,98,0.46
PBmD,9,11,20,0.45
PBmH,51,59,110,0.46
PBmI,9,5,14,0.64
PBmJ,21,15,36,0.58
PBmK,1,1,2,0.5
PBmL,33,17,50,0.66
PBmM,71,95,166,0.43
PBmN,78,93,171,0.46
PBmP,82,61,143,0.57
PBmS,47,47,94,0.5
PBmb,43,56,99,0.43
PBmh,0,2,2,0.0
PBml,23,20,43,0.53
PBmm,83,58,141,0.59
PBmn,70,44,114,0.61
PBms,36,45,81,0.44
PBmt,1,1,2,0.5
PBnB,53,62,115,0.46
PBnD,11,13,24,0.46
PBnH,32,36,68,0.47
PBnI,16,13,29,0.55
PBnK,6,7,13,0.46
PBnL,22,14,36,0.61
PBnM,69,68,137,0.5
PBnN,72,92,164,0.44
PBnP,103,101,204,0.5
PBnS,56,59,115,0.49
PBnb,49,45,94,0.52
PBnh,4,7,11,0.36
PBnl,33,18,51,0.65
PBnm,82,62,144,0.57
PBnn,64,74,138,0.46
PBns,53,58,111,0.48
PBnt,0,1,1,0.0
PBsB,25,28,53,0.47
PBsD,2,8,10,0.2
PBsH,26,30,56,0.46
PBsI,0,6,6,0.0
PBsK,1,1,2,0.5
PBsL,6,13,19,0.32
PBsM,22,30,52,0.42
PBsN,28,35,63,0.44
PBsP,32,41,73,0.44
PBsS,46,37,83,0.55
PBsb,28,15,43,0.65
PBsh,2,4,6,0.33
PBsl,18,9,27,0.67
PBsm,40,42,82,0.49
PBsn,21,26,47,0.45
PBss,32,32,64,0.5
PBst,0,1,1,0.0
PBtB,4,10,14,0.29
PBtD,1,2,3,0.33
PBtH,1,6,7,0.14
PBtK,0,1,1,0.0
PBtL,1,4,5,0.2
PBtM,8,5,13,0.62
PBtN,7,4,11,0.64
PBtP,7,10,17,0.41
PBtS,7,7,14,0.5
PBtb,8,5,13,0.62
PBth,0,0,0,
PBtl,3,4,7,0.43
PBtm,11,7,18,0.61
PBtn,11,12,23,0.48
PBts,4,8,12,0.33
PBtt,1,1,2,0.5
PDBB,1,5,6,0.17
PDBD,1,3,4,0.25
PDBL,2,3,5,0.4
PDBM,3,11,14,0.21
PDBN,8,8,16,0.5
PDBP,7,3,10,0.7
PDBS,4,1,5,0.8
PDBb,6,3,9,0.67
PDBh,1,0,1,1.0
PDBj,2,2,4,0.5
PDBl,1,6,7,0.14
PDBm,8,8,16,0.5
PDBn,7,6,13,0.54
PDBs,3,5,8,0.38
PDBt,0,0,0,
PDDB,0,3,3,0.0
PDDD,0,1,1,0.0
PDDH,1,2,3,0.33
PDDI,0,1,1,0.0
PDDM,2,4,6,0.33
PDDN,0,1,1,0.0
PDDP,0,3,3,0.0
PDDS,0,1,1,0.0
PDDb,3,2,5,0.6
PDDm,1,1,2,0.5
PDDn,2,1,3,0.67
PDDs,2,0,2,1.0
PDDt,1,1,2,0.5
PDHB,4,8,12,0.33
PDHD,1,1,2,0.5
PDHH,0,0,0,
PDHI,1,2,3,0.33
PDHK,0,1,1,0.0
PDHL,5,0,5,1.0
PDHM,7,13,20,0.35
PDHN,2,9,11,0.18
PDHP,8,11,19,0.42
PDHS,6,4,10,0.6
PDHb,6,6,12,0.5
PDHh,3,5,8,0.38
PDHl,1,2,3,0.33
PDHm,14,6,20,0.7
PDHn,1,8,9,0.11
PDHs,5,8,13,0.38
PDHt,1,1,2,0.5
PDIH,0,1,1,0.0
PDIL,0,1,1,0.0
PDIM,1,1,2,0.5
PDIP,1,1,2,0.5
PDIS,1,1,2,0.5
PDIb,0,1,1,0.0
PDIl,0,1,1,0.0
PDIm,2,1,3,0.67
PDIs,0,1,1,0.0
PDKH,0,1,1,0.0
PDKI,1,0,1,1.0
PDKM,0,1,1,0.0
PDLB,4,2,6,0.67
PDLD,1,0,1,1.0
PDLL,2,2,4,0.5
PDLM,2,2,4,0.5
PDLN,1,1,2,0.5
PDLP,2,3,5,0.4
PDLS,2,2,4,0.5
PDLb,3,2,5,0.6
PDLh,1,1,2,0.5
PDLl,0,2,2,0.0
PDLm,4,1,5,0.8
PDLn,5,3,8,0.62
PDLs,3,3,6,0.5
PDMB,10,11,21,0.48
PDMD,2,1,3,0.67
PDMK,0,1,1,0.0
PDML,4,3,7,0.57
PDMM,11,16,27,0.41
PDMN,7,5,12,0.58
PDMP,7,6,13,0.54
PDMS,5,12,17,0.29
PDMb,10,9,19,0.53
PDMh,7,9,16,0.44
PDMj,3,0,3,1.0
PDMl,1,4,5,0.2
PDMm,19,14,33,0.58
PDMn,9,10,19,0.47
PDMs,11,13,24,0.46
PDMt,1,1,2,0.5
PDNB,3,5,8,0.38
PDND,1,0,1,1.0
PDNH,1,1,2,0.5
PDNI,0,0,0,
PDNK,2,1,3,0.67
PDNL,5,4,9,0.56
PDNM,2,11,13,0.15
PDNN,7,10,17,0.41
PDNP,7,7,14,0.5
PDNS,3,5,8,0.38
PDNb,6,5,11,0.55
PDNh,1,3,4,0.25
PDNl,2,4,6,0.33
PDNm,14,6,20,0.7
PDNn,3,10,13,0.23
PDNs,5,8,13,0.38
PDNt,0,2,2,0.0
PDPB,11,12,23,0.48
PDPD,0,2,2,0.0
PDPH,2,2,4,0.5
PDPK,2,1,3,0.67
PDPL,5,5,10,0.5
PDPM,17,9,26,0.65
PDPN,11,14,25,0.44
PDPP,6,15,21,0.29
PDPS,10,7,17,0.59
PDPb,8,9,17,0.47
PDPl,7,9,16,0.44
PDPm,9,7,16,0.56
PDPn,4,9,13,0.31
PDPs,8,10,18,0.44
PDPt,3,1,4,0.75
PDSB,4,3,7,0.57
PDSD,1,1,2,0.5
PDSH,3,4,7,0.43
PDSI,1,1,2,0.5
PDSL,3,2,5,0.6
PDSM,9,10,19,0.47
PDSN,8,7,15,0.53
PDSP,8,8,16,0.5
PDSS,14,11,25,0.56
PDSb,5,5,10,0.5
PDSh,2,10,12,0.17
PDSl,3,6,9,0.33
PDSm,11,7,18,0.61
PDSn,12,5,17,0.71
PDSs,6,13,19,0.32
PDSt,0,1,1,0.0
PDbB,5,7,12,0.42
PDbD,1,3,4,0.25
PDbH,1,1,2,0.5
PDbI,2,0,2,1.0
PDbJ,4,1,5,0.8
PDbL,2,1,3,0.67
PDbM,8,6,14,0.57
PDbN,4,8,12,0.33
PDbP,5,3,8,0.62
PDbS,5,5,10,0.5
PDbb,10,5,15,0.67
PDbl,4,1,5,0.8
PDbm,6,8,14,0.43
PDbn,6,6,12,0.5
PDbs,2,3,5,0.4
PDhB,0,1,1,0.0
PDhD,1,0,1,1.0
PDhH,0,1,1,0.0
PDhM,1,1,2,0.5
PDhN,0,1,1,0.0
PDhh,1,0,1,1.0
PDhm,2,0,2,1.0
PDhn,0,1,1,0.0
PDlB,2,1,3,0.67
PDlH,2,2,4,0.5
PDlJ,2,0,2,1.0
PDlL,0,2,2,0.0
PDlM,5,2,7,0.71
PDlN,3,3,6,0.5
PDlP,3,5,8,0.38
PDlS,3,1,4,0.75
PDlb,8,5,13,0.62
PDlh,0,1,1,0.0
PDll,4,0,4,1.0
PDlm,5,4,9,0.56
PDln,1,3,4,0.25
PDls,3,2,5,0.6
PDmB,4,12,16,0.25
PDmD,2,1,3,0.67
PDmH,4,7,11,0.36
PDmI,0,3,3,0.0
PDmJ,1,3,4,0.25
PDmK,0,0,0,
PDmL,7,3,10,0.7
PDmM,13,9,22,0.59
PDmN,12,12,24,0.5
PDmP,15,13,28,0.54
PDmS,8,5,13,0.62
PDmb,10,13,23,0.43
PDmh,1,1,2,0.5
PDml,4,3,7,0.57
PDmm,10,5,15,0.67
PDmn,10,4,14,0.71
PDms,6,7,13,0.46
PDnB,5,10,15,0.33
PDnD,3,3,6,0.5
PDnH,6,3,9,0.67
PDnI,1,1,2,0.5
PDnK,0,1,1,0.0
PDnL,0,2,2,0.0
PDnM,10,6,16,0.62
PDnN,6,7,13,0.46
PDnP,7,7,14,0.5
PDnS,2,4,6,0.33
PDnb,5,1,6,0.83
PDnl,2,3,5,0.4
PDnm,4,7,11,0.36
PDnn,6,7,13,0.46
PDns,5,7,12,0.42
PDsB,4,6,10,0.4
PDsD,4,1,5,0.8
PDsH,3,7,10,0.3
PDsI,1,0,1,1.0
PDsL,1,3,4,0.25
PDsM,7,6,13,0.54
PDsN,6,7,13,0.46
PDsP,10,4,14,0.71
PDsS,11,9,20,0.55
PDsb,3,6,9,0.33
PDsh,1,1,2,0.5
PDsl,3,2,5,0.6
PDsm,11,9,20,0.55
PDsn,6,4,10,0.6
PDss,5,6,11,0.45
PDtB,0,1,1,0.0
PDtD,0,1,1,0.0
PDtH,0,1,1,0.0
PDtL,0,0,0,
PDtM,1,1,2,0.5
PDtN,3,0,3,1.0
PDtP,3,3,6,0.5
PDtS,1,1,2,0.5
PDtb,0,1,1,0.0
PDtm,1,0,1,1.0
PDtn,1,1,2,0.5
PDts,0,2,2,0.0
PHBB,14,17,31,0.45
PHBD,2,4,6,0.33
PHBI,0,1,1,0.0
PHBK,2,2,4,0.5
PHBL,3,1,4,0.75
PHBM,13,19,32,0.41
PHBN,15,17,32,0.47
PHBP,17,17,34,0.5
PHBS,9,8,17,0.53
PHBb,13,9,22,0.59
PHBh,3,1,4,0.75
PHBj,4,3,7,0.57
PHBl,11,2,13,0.85
PHBm,11,13,24,0.46
PHBn,24,17,41,0.59
PHBs,7,9,16,0.44
PHBt,4,3,7,0.57
PHDB,1,2,3,0.33
PHDD,1,0,1,1.0
PHDH,2,0,2,1.0
PHDM,3,5,8,0.38
PHDN,0,4,4,0.0
PHDP,2,5,7,0.29
PHDS,2,7,9,0.22
PHDb,2,2,4,0.5
PHDl,1,2,3,0.33
PHDm,3,1,4,0.75
PHDn,2,2,4,0.5
PHDs,1,2,3,0.33
PHDt,1,0,1,1.0
PHHB,2,1,3,0.67
PHHD,2,1,3,0.67
PHHH,1,3,4,0.25
PHHI,2,0,2,1.0
PHHK,3,0,3,1.0
PHHL,1,0,1,1.0
PHHM,9,10,19,0.47
PHHN,2,1,3,0.67
PHHP,5,5,10,0.5
PHHS,1,9,10,0.1
PHHb,3,3,6,0.5
PHHh,1,0,1,1.0
PHHl,1,0,1,1.0
PHHm,4,3,7,0.57
PHHn,5,4,9,0.56
PHHs,6,5,11,0.55
PHHt,0,0,0,
PHIB,2,0,2,1.0
PHIH,1,1,2,0.5
PHIK,1,0,1,1.0
PHIL,4,0,4,1.0
PHIM,5,4,9,0.56
PHIN,2,1,3,0.67
PHIP,5,3,8,0.62
PHIS,4,5,9,0.44
PHIb,5,2,7,0.71
PHIl,2,0,2,1.0
PHIm,5,1,6,0.83
PHIn,3,1,4,0.75
PHIs,4,2,6,0.67
PHKB,3,0,3,1.0
PHKI,1,1,2,0.5
PHKL,3,1,4,0.75
PHKM,1,3,4,0.25
PHKN,2,2,4,0.5
PHKP,1,2,3,0.33
PHKS,0,5,5,0.0
PHKb,1,1,2,0.5
PHKh,0,1,1,0.0
PHKl,0,1,1,0.0
PHKm,1,2,3,0.33
PHKn,3,2,5,0.6
PHKs,4,0,4,1.0
PHLB,2,6,8,0.25
PHLD,2,1,3,0.67
PHLK,2,0,2,1.0
PHLL,2,1,3,0.67
PHLM,10,10,20,0.5
PHLN,7,8,15,0.47
PHLP,7,8,15,0.47
PHLS,5,7,12,0.42
PHLb,4,1,5,0.8
PHLh,1,5,6,0.17
PHLj,3,1,4,0.75
PHLl,2,4,6,0.33
PHLm,10,10,20,0.5
PHLn,13,7,20,0.65
PHLs,2,6,8,0.25
PHLt,1,1,2,0.5
PHMB,12,20,32,0.38
PHMD,3,3,6,0.5
PHML,1,10,11,0.09
PHMM,17,22,39,0.44
PHMN,18,30,48,0.38
PHMP,23,15,38,0.61
PHMS,15,16,31,0.48
PHMb,20,24,44,0.45
PHMh,21,15,36,0.58
PHMj,2,0,2,1.0
PHMl,9,10,19,0.47
PHMm,34,29,63,0.54
PHMn,18,34,52,0.35
PHMs,18,16,34,0.53
PHMt,3,5,8,0.38
PHNB,15,15,30,0.5
PHND,3,4,7,0.43
PHNH,2,3,5,0.4
PHNI,0,2,2,0.0
PHNK,0,2,2,0.0
PHNL,5,5,10,0.5
PHNM,17,29,46,0.37
PHNN,24,31,55,0.44
PHNP,39,35,74,0.53
PHNS,12,17,29,0.41
PHNb,9,18,27,0.33
PHNh,7,7,14,0.5
PHNl,5,6,11,0.45
PHNm,25,22,47,0.53
PHNn,21,20,41,0.51
PHNs,22,21,43,0.51
PHNt,2,2,4,0.5
PHPB,14,25,39,0.36
PHPD,3,2,5,0.6
PHPH,4,6,10,0.4
PHPI,6,1,7,0.86
PHPK,2,1,3,0.67
PHPL,11,16,27,0.41
PHPM,25,31,56,0.45
PHPN,18,22,40,0.45
PHPP,29,31,60,0.48
PHPS,17,29,46,0.37
PHPb,28,23,51,0.55
PHPh,5,5,10,0.5
PHPl,6,10,16,0.38
PHPm,27,25,52,0.52
PHPn,22,18,40,0.55
PHPs,26,23,49,0.53
PHPt,1,3,4,0.25
PHSB,13,13,26,0.5
PHSD,3,2,5,0.6
PHSH,8,11,19,0.42
PHSI,2,1,3,0.67
PHSL,15,7,22,0.68
PHSM,26,19,45,0.58
PHSN,23,16,39,0.59
PHSP,21,21,42,0.5
PHSS,35,26,61,0.57
PHSb,12,13,25,0.48
PHSh,13,12,25,0.52
PHSl,11,7,18,0.61
PHSm,13,21,34,0.38
PHSn,28,21,49,0.57
PHSs,27,22,49,0.55
PHSt,3,4,7,0.43
PHbB,19,18,37,0.51
PHbH,3,6,9,0.33
PHbI,1,0,1,1.0
PHbJ,5,5,10,0.5
PHbK,1,2,3,0.33
PHbL,5,8,13,0.38
PHbM,18,12,30,0.6
PHbN,19,14,33,0.58
PHbP,14,21,35,0.4
PHbS,10,10,20,0.5
PHbb,13,17,30,0.43
PHbl,4,7,11,0.36
PHbm,13,14,27,0.48
PHbn,5,12,17,0.29
PHbs,3,6,9,0.33
PHhB,6,5,11,0.55
PHhD,1,1,2,0.5
PHhH,3,4,7,0.43
PHhI,1,1,2,0.5
PHhL,3,3,6,0.5
PHhM,5,10,15,0.33
PHhN,4,6,10,0.4
PHhP,14,8,22,0.64
PHhS,7,6,13,0.54
PHhb,7,3,10,0.7
PHhh,4,6,10,0.4
PHhl,3,4,7,0.43
PHhm,12,9,21,0.57
PHhn,5,6,11,0.45
PHhs,8,4,12,0.67
PHht,0,0,0,
PHlB,5,5,10,0.5
PHlD,1,0,1,1.0
PHlH,8,4,12,0.67
PHlJ,4,2,6,0.67
PHlK,0,1,1,0.0
PHlL,4,2,6,0.67
PHlM,9,4,13,0.69
PHlN,12,11,23,0.52
PHlP,9,13,22,0.41
PHlS,3,4,7,0.43
PHlb,14,10,24,0.58
PHll,9,5,14,0.64
PHlm,6,4,10,0.6
PHln,11,4,15,0.73
PHls,4,4,8,0.5
PHmB,11,25,36,0.31
PHmD,4,3,7,0.57
PHmH,16,18,34,0.47
PHmI,2,3,5,0.4
PHmJ,8,5,13,0.62
PHmK,0,1,1,0.0
PHmL,6,9,15,0.4
PHmM,24,24,48,0.5
PHmN,27,22,49,0.55
PHmP,23,22,45,0.51
PHmS,26,24,50,0.52
PHmb,23,23,46,0.5
PHml,9,6,15,0.6
PHmm,24,12,36,0.67
PHmn,25,13,38,0.66
PHms,13,18,31,0.42
PHnB,9,10,19,0.47
PHnD,6,6,12,0.5
PHnH,8,9,17,0.47
PHnI,6,3,9,0.67
PHnK,3,3,6,0.5
PHnL,9,3,12,0.75
PHnM,20,27,47,0.43
PHnN,23,29,52,0.44
PHnP,36,22,58,0.62
PHnS,20,15,35,0.57
PHnb,10,21,31,0.32
PHnh,1,4,5,0.2
PHnl,5,8,13,0.38
PHnm,25,20,45,0.56
PHnn,17,22,39,0.44
PHns,23,15,38,0.61
PHnt,1,0,1,1.0
PHsB,4,14,18,0.22
PHsD,1,3,4,0.25
PHsH,19,22,41,0.46
PHsI,5,4,9,0.56
PHsK,0,1,1,0.0
PHsL,5,5,10,0.5
PHsM,15,23,38,0.39
PHsN,20,20,40,0.5
PHsP,22,20,42,0.52
PHsS,30,22,52,0.58
PHsb,9,13,22,0.41
PHsh,1,2,3,0.33
PHsl,6,7,13,0.46
PHsm,17,21,38,0.45
PHsn,19,15,34,0.56
PHss,23,28,51,0.45
PHst,1,1,2,0.5
PHtB,0,4,4,0.0
PHtK,1,0,1,1.0
PHtM,0,2,2,0.0
PHtN,0,1,1,0.0
PHtP,2,3,5,0.4
PHtS,3,0,3,1.0
PHtb,1,0,1,1.0
PHtl,0,1,1,0.0
PHtm,0,2,2,0.0
PHtn,1,1,2,0.5
PHts,1,3,4,0.25
PHtt,0,1,1,0.0
PIBB,5,8,13,0.38
PIBD,1,1,2,0.5
PIBK,0,2,2,0.0
PIBL,4,5,9,0.44
PIBM,3,11,14,0.21
PIBN,11,11,22,0.5
PIBP,7,5,12,0.58
PIBS,6,3,9,0.67
PIBb,7,10,17,0.41
PIBh,2,1,3,0.67
PIBj,2,0,2,1.0
PIBl,7,6,13,0.54
PIBm,13,9,22,0.59
PIBn,9,6,15,0.6
PIBs,8,5,13,0.62
PIBt,3,1,4,0.75
PIDB,3,3,6,0.5
PIDD,1,1,2,0.5
PIDH,0,3,3,0.0
PIDL,1,2,3,0.33
PIDM,1,4,5,0.2
PIDN,0,3,3,0.0
PIDP,4,3,7,0.57
PIDS,1,1,2,0.5
PIDb,0,1,1,0.0
PIDm,3,1,4,0.75
PIDn,0,1,1,0.0
PIDs,1,1,2,0.5
PIDt,1,0,1,1.0
PIHB,3,3,6,0.5
PIHH,2,2,4,0.5
PIHI,1,0,1,1.0
PIHK,0,3,3,0.0
PIHL,2,1,3,0.67
PIHM,13,11,24,0.54
PIHN,7,6,13,0.54
PIHP,9,9,18,0.5
PIHS,5,1,6,0.83
PIHb,6,5,11,0.55
PIHh,2,5,7,0.29
PIHl,3,1,4,0.75
PIHm,12,7,19,0.63
PIHn,8,3,11,0.73
PIHs,6,5,11,0.55
PIHt,1,1,2,0.5
PIIH,1,1,2,0.5
PIIL,1,1,2,0.5
PIIM,1,2,3,0.33
PIIN,1,1,2,0.5
PIIP,1,1,2,0.5
PIIS,1,1,2,0.5
PIIb,2,0,2,1.0
PIIm,4,1,5,0.8
PIIn,1,0,1,1.0
PIIs,1,1,2,0.5
PIKB,1,1,2,0.5
PIKI,1,0,1,1.0
PIKL,1,0,1,1.0
PIKh,1,1,2,0.5
PIKm,0,1,1,0.0
PIKs,0,1,1,0.0
PILB,3,1,4,0.75
PILD,1,1,2,0.5
PILL,3,1,4,0.75
PILM,8,4,12,0.67
PILN,2,3,5,0.4
PILP,5,2,7,0.71
PILS,1,2,3,0.33
PILb,2,1,3,0.67
PILh,2,2,4,0.5
PILl,2,2,4,0.5
PILm,1,2,3,0.33
PILn,2,3,5,0.4
PILs,3,4,7,0.43
PILt,0,1,1,0.0
PIMB,17,4,21,0.81
PIMD,2,1,3,0.67
PIMH,0,1,1,0.0
PIMI,1,0,1,1.0
PIMK,0,1,1,0.0
PIML,1,8,9,0.11
PIMM,6,11,17,0.35
PIMN,6,11,17,0.35
PIMP,12,15,27,0.44
PIMS,6,6,12,0.5
PIMb,7,14,21,0.33
PIMh,6,11,17,0.35
PIMj,1,0,1,1.0
PIMl,5,4,9,0.56
PIMm,9,7,16,0.56
PIMn,10,17,27,0.37
PIMs,8,11,19,0.42
PIMt,2,1,3,0.67
PINB,9,12,21,0.43
PIND,2,1,3,0.67
PINL,3,4,7,0.43
PINM,9,15,24,0.38
PINN,9,13,22,0.41
PINP,10,9,19,0.53
PINS,7,8,15,0.47
PINb,7,5,12,0.58
PINh,6,1,7,0.86
PINl,3,4,7,0.43
PINm,12,11,23,0.52
PINn,15,6,21,0.71
PINs,6,6,12,0.5
PINt,3,0,3,1.0
PIPB,11,10,21,0.52
PIPD,1,1,2,0.5
PIPH,1,2,3,0.33
PIPI,3,2,5,0.6
PIPK,0,2,2,0.0
PIPL,1,3,4,0.25
PIPM,15,19,34,0.44
PIPN,8,6,14,0.57
PIPP,16,11,27,0.59
PIPS,7,9,16,0.44
PIPb,9,11,20,0.45
PIPh,0,3,3,0.0
PIPl,5,3,8,0.62
PIPm,16,11,27,0.59
PIPn,8,7,15,0.53
PIPs,4,12,16,0.25
PIPt,1,0,1,1.0
PISB,9,11,20,0.45
PISD,3,3,6,0.5
PISH,0,2,2,0.0
PISI,2,0,2,1.0
PISK,0,1,1,0.0
PISL,1,3,4,0.25
PISM,10,13,23,0.43
PISN,7,5,12,0.58
PISP,10,5,15,0.67
PISS,15,10,25,0.6
PISb,4,8,12,0.33
PISh,6,3,9,0.67
PISl,1,4,5,0.2
PISm,7,10,17,0.41
PISn,9,5,14,0.64
PISs,9,12,21,0.43
PISt,3,0,3,1.0
PIbB,11,8,19,0.58
PIbH,1,2,3,0.33
PIbI,0,1,1,0.0
PIbJ,1,3,4,0.25
PIbL,3,1,4,0.75
PIbM,9,9,18,0.5
PIbN,9,6,15,0.6
PIbP,16,10,26,0.62
PIbS,6,4,10,0.6
PIbb,15,14,29,0.52
PIbh,0,1,1,0.0
PIbl,3,0,3,1.0
PIbm,5,9,14,0.36
PIbn,3,5,8,0.38
PIbs,6,3,9,0.67
PIhB,2,0,2,1.0
PIhM,0,3,3,0.0
PIhN,0,0,0,
PIhP,2,1,3,0.67
PIhS,0,1,1,0.0
PIhh,0,1,1,0.0
PIhm,2,1,3,0.67
PIhn,0,1,1,0.0
PIhs,2,0,2,1.0
PIlB,5,3,8,0.62
PIlH,0,2,2,0.0
PIlJ,0,1,1,0.0
PIlK,0,1,1,0.0
PIlL,0,2,2,0.0
PIlM,6,5,11,0.55
PIlN,7,4,11,0.64
PIlP,3,1,4,0.75
PIlS,2,4,6,0.33
PIlb,2,1,3,0.67
PIll,3,0,3,1.0
PIlm,7,2,9,0.78
PIln,2,1,3,0.67
PIls,2,1,3,0.67
PImB,15,11,26,0.58
PImD,1,3,4,0.25
PImH,7,8,15,0.47
PImI,0,3,3,0.0
PImJ,2,3,5,0.4
PImL,4,8,12,0.33
PImM,5,24,29,0.17
PImN,15,13,28,0.54
PImP,10,13,23,0.43
PImS,5,11,16,0.31
PImb,13,6,19,0.68
PImh,0,0,0,
PIml,1,2,3,0.33
PImm,24,11,35,0.69
PImn,7,8,15,0.47
PIms,6,1,7,0.86
PInB,8,7,15,0.53
PInD,0,1,1,0.0
PInH,6,4,10,0.6
PInI,2,2,4,0.5
PInL,1,4,5,0.2
PInM,6,8,14,0.43
PInN,7,7,14,0.5
PInP,7,7,14,0.5
PInS,7,3,10,0.7
PInb,5,2,7,0.71
PInh,0,1,1,0.0
PInl,5,0,5,1.0
PInm,9,4,13,0.69
PInn,8,4,12,0.67
PIns,9,5,14,0.64
PIsB,5,2,7,0.71
PIsD,0,1,1,0.0
PIsH,8,4,12,0.67
PIsL,4,2,6,0.67
PIsM,4,8,12,0.33
PIsN,4,9,13,0.31
PIsP,6,4,10,0.6
PIsS,7,8,15,0.47
PIsb,5,4,9,0.56
PIsh,1,0,1,1.0
PIsl,0,2,2,0.0
PIsm,14,12,26,0.54
PIsn,6,3,9,0.67
PIss,7,3,10,0.7
PItB,0,1,1,0.0
PItH,0,1,1,0.0
PItM,1,1,2,0.5
PItN,1,1,2,0.5
PItP,1,1,2,0.5
PItS,2,1,3,0.67
PIth,0,1,1,0.0
PItm,2,2,4,0.5
PItn,1,1,2,0.5
PIts,1,0,1,1.0
PKBB,5,10,15,0.33
PKBD,0,1,1,0.0
PKBL,3,1,4,0.75
PKBM,4,3,7,0.57
PKBN,7,8,15,0.47
PKBP,8,12,20,0.4
PKBS,3,7,10,0.3
PKBb,4,3,7,0.57
PKBh,1,0,1,1.0
PKBj,1,1,2,0.5
PKBl,0,3,3,0.0
PKBm,10,8,18,0.56
PKBn,7,6,13,0.54
PKBs,7,5,12,0.58
PKBt,1,0,1,1.0
PKDB,0,1,1,0.0
PKDD,0,1,1,0.0
PKDH,1,1,2,0.5
PKDL,2,0,2,1.0
PKDM,2,0,2,1.0
PKDN,1,1,2,0.5
PKDP,0,0,0,
PKDS,1,1,2,0.5
PKDl,0,1,1,0.0
PKDm,2,2,4,0.5
PKDn,1,0,1,1.0
PKDs,2,2,4,0.5
PKHB,3,1,4,0.75
PKHD,2,0,2,1.0
PKHL,0,1,1,0.0
PKHN,2,0,2,1.0
PKHP,2,1,3,0.67
PKHS,3,0,3,1.0
PKHb,3,0,3,1.0
PKHh,0,2,2,0.0
PKHm,2,0,2,1.0
PKHn,1,1,2,0.5
PKHs,2,1,3,0.67
PKIB,0,0,0,
PKID,0,1,1,0.0
PKIH,1,2,3,0.33
PKIL,0,1,1,0.0
PKIM,2,0,2,1.0
PKIN,0,0,0,
PKIP,2,0,2,1.0
PKIS,1,3,4,0.25
PKIb,3,0,3,1.0
PKIm,3,0,3,1.0
PKIn,2,1,3,0.67
PKKB,0,1,1,0.0
PKKH,1,0,1,1.0
PKKM,1,0,1,1.0
PKKP,1,0,1,1.0
PKKb,0,1,1,0.0
PKKh,1,0,1,1.0
PKLB,5,1,6,0.83
PKLD,1,1,2,0.5
PKLL,2,0,2,1.0
PKLM,4,5,9,0.44
PKLN,1,2,3,0.33
PKLP,1,1,2,0.5
PKLS,4,3,7,0.57
PKLb,2,2,4,0.5
PKLh,1,0,1,1.0
PKLj,1,0,1,1.0
PKLl,1,2,3,0.33
PKLm,3,4,7,0.43
PKLn,0,4,4,0.0
PKLs,3,2,5,0.6
PKMB,12,13,25,0.48
PKMI,0,1,1,0.0
PKMK,0,0,0,
PKML,5,6,11,0.45
PKMM,11,21,32,0.34
PKMN,11,12,23,0.48
PKMP,7,12,19,0.37
PKMS,2,11,13,0.15
PKMb,12,8,20,0.6
PKMh,6,6,12,0.5
PKMl,6,1,7,0.86
PKMm,8,9,17,0.47
PKMn,9,17,26,0.35
PKMs,10,2,12,0.83
PKMt,1,1,2,0.5
PKNB,6,7,13,0.46
PKND,0,3,3,0.0
PKNH,4,3,7,0.57
PKNK,1,1,2,0.5
PKNL,3,2,5,0.6
PKNM,7,7,14,0.5
PKNN,4,5,9,0.44
PKNP,6,4,10,0.6
PKNS,5,6,11,0.45
PKNb,3,4,7,0.43
PKNh,3,2,5,0.6
PKNl,1,0,1,1.0
PKNm,8,7,15,0.53
PKNn,3,5,8,0.38
PKNs,3,7,10,0.3
PKPB,8,12,20,0.4
PKPD,1,1,2,0.5
PKPH,5,0,5,1.0
PKPI,2,1,3,0.67
PKPK,1,4,5,0.2
PKPL,4,5,9,0.44
PKPM,12,7,19,0.63
PKPN,8,14,22,0.36
PKPP,14,11,25,0.56
PKPS,9,11,20,0.45
PKPb,6,3,9,0.67
PKPh,1,2,3,0.33
PKPl,8,4,12,0.67
PKPm,16,5,21,0.76
PKPn,7,9,16,0.44
PKPs,8,13,21,0.38
PKPt,1,0,1,1.0
PKSB,3,8,11,0.27
PKSD,1,2,3,0.33
PKSH,4,4,8,0.5
PKSI,1,1,2,0.5
PKSK,1,0,1,1.0
PKSL,2,2,4,0.5
PKSM,8,9,17,0.47
PKSN,4,4,8,0.5
PKSP,9,6,15,0.6
PKSS,9,10,19,0.47
PKSb,10,2,12,0.83
PKSh,5,3,8,0.62
PKSl,6,3,9,0.67
PKSm,7,10,17,0.41
PKSn,5,5,10,0.5
PKSs,7,13,20,0.35
PKSt,1,2,3,0.33
PKbB,5,10,15,0.33
PKbD,1,2,3,0.33
PKbH,3,2,5,0.6
PKbI,1,1,2,0.5
PKbK,0,4,4,0.0
PKbL,3,2,5,0.6
PKbM,6,7,13,0.46
PKbN,3,5,8,0.38
PKbP,9,3,12,0.75
PKbS,3,6,9,0.33
PKbb,4,6,10,0.4
PKbl,4,5,9,0.44
PKbm,14,8,22,0.64
PKbn,5,3,8,0.62
PKbs,6,5,11,0.55
PKhB,2,3,5,0.4
PKhD,0,0,0,
PKhH,0,1,1,0.0
PKhI,1,0,1,1.0
PKhK,1,1,2,0.5
PKhL,2,5,7,0.29
PKhM,7,3,10,0.7
PKhN,3,2,5,0.6
PKhP,6,6,12,0.5
PKhS,12,6,18,0.67
PKhb,1,3,4,0.25
PKhh,5,6,11,0.45
PKhl,1,3,4,0.25
PKhm,6,10,16,0.38
PKhn,4,2,6,0.67
PKhs,5,8,13,0.38
PKht,1,0,1,1.0
PKlB,3,6,9,0.33
PKlD,0,1,1,0.0
PKlH,3,2,5,0.6
PKlJ,1,0,1,1.0
PKlL,2,2,4,0.5
PKlM,5,5,10,0.5
PKlN,5,7,12,0.42
PKlP,4,0,4,1.0
PKlS,8,0,8,1.0
PKlb,4,3,7,0.57
PKlh,1,0,1,1.0
PKll,1,0,1,1.0
PKlm,6,5,11,0.55
PKln,2,4,6,0.33
PKls,2,0,2,1.0
PKmB,7,10,17,0.41
PKmD,2,2,4,0.5
PKmH,7,5,12,0.58
PKmI,0,1,1,0.0
PKmJ,6,1,7,0.86
PKmK,1,0,1,1.0
PKmL,2,4,6,0.33
PKmM,11,16,27,0.41
PKmN,7,10,17,0.41
PKmP,7,16,23,0.3
PKmS,10,5,15,0.67
PKmb,8,4,12,0.67
PKml,4,3,7,0.57
PKmm,18,6,24,0.75
PKmn,7,5,12,0.58
PKms,5,3,8,0.62
PKnB,6,6,12,0.5
PKnD,1,2,3,0.33
PKnH,3,5,8,0.38
PKnI,1,1,2,0.5
PKnK,0,1,1,0.0
PKnL,9,2,11,0.82
PKnM,12,11,23,0.52
PKnN,3,6,9,0.33
PKnP,4,6,10,0.4
PKnS,5,7,12,0.42
PKnb,1,4,5,0.2
PKnh,0,2,2,0.0
PKnl,1,1,2,0.5
PKnm,6,4,10,0.6
PKnn,7,2,9,0.78
PKns,6,9,15,0.4
PKsB,3,6,9,0.33
PKsD,3,0,3,1.0
PKsH,9,13,22,0.41
PKsI,2,0,2,1.0
PKsL,2,3,5,0.4
PKsM,10,12,22,0.45
PKsN,8,2,10,0.8
PKsP,8,11,19,0.42
PKsS,8,8,16,0.5
PKsb,7,7,14,0.5
PKsh,1,1,2,0.5
PKsl,3,2,5,0.6
PKsm,6,9,15,0.4
PKsn,5,5,10,0.5
PKss,6,10,16,0.38
PKtB,0,0,0,
PKtH,0,0,0,
PKtI,0,1,1,0.0
PKtM,2,1,3,0.67
PKtP,1,2,3,0.33
PKtS,1,0,1,1.0
PKtb,2,0,2,1.0
PKtl,1,1,2,0.5
PKtm,1,1,2,0.5
PKtn,1,0,1,1.0
PKts,2,0,2,1.0
PKtt,1,0,1,1.0
PLBB,27,27,54,0.5
PLBD,3,2,5,0.6
PLBH,1,0,1,1.0
PLBK,1,1,2,0.5
PLBL,6,9,15,0.4
PLBM,15,39,54,0.28
PLBN,32,25,57,0.56
PLBP,27,30,57,0.47
PLBS,5,5,10,0.5
PLBb,34,34,68,0.5
PLBh,4,3,7,0.57
PLBj,6,6,12,0.5
PLBl,12,7,19,0.63
PLBm,33,22,55,0.6
PLBn,26,38,64,0.41
PLBs,9,10,19,0.47
PLBt,1,8,9,0.11
PLDB,1,2,3,0.33
PLDD,0,0,0,
PLDH,1,0,1,1.0
PLDI,0,1,1,0.0
PLDL,0,2,2,0.0
PLDM,5,3,8,0.62
PLDN,3,1,4,0.75
PLDP,4,4,8,0.5
PLDS,1,0,1,1.0
PLDb,7,1,8,0.88
PLDl,4,1,5,0.8
PLDm,4,4,8,0.5
PLDn,4,0,4,1.0
PLDs,0,3,3,0.0
PLDt,2,0,2,1.0
PLHL,0,1,1,0.0
PLHM,0,1,1,0.0
PLHP,1,1,2,0.5
PLHn,0,1,1,0.0
PLHs,1,1,2,0.5
PLIM,0,0,0,
PLIN,0,0,0,
PLIm,1,0,1,1.0
PLKB,2,3,5,0.4
PLKD,0,0,0,
PLKH,0,1,1,0.0
PLKL,1,0,1,1.0
PLKM,4,1,5,0.8
PLKN,2,0,2,1.0
PLKP,2,4,6,0.33
PLKS,3,1,4,0.75
PLKb,3,0,3,1.0
PLKh,1,3,4,0.25
PLKl,1,2,3,0.33
PLKm,4,3,7,0.57
PLKn,0,2,2,0.0
PLKs,2,3,5,0.4
PLLB,6,14,20,0.3
PLLD,0,2,2,0.0
PLLK,0,2,2,0.0
PLLL,4,4,8,0.5
PLLM,6,10,16,0.38
PLLN,11,10,21,0.52
PLLP,11,8,19,0.58
PLLS,6,8,14,0.43
PLLb,18,11,29,0.62
PLLh,1,5,6,0.17
PLLj,4,5,9,0.44
PLLl,9,10,19,0.47
PLLm,11,10,21,0.52
PLLn,10,15,25,0.4
PLLs,4,2,6,0.67
PLLt,3,0,3,1.0
PLMB,34,29,63,0.54
PLMD,4,1,5,0.8
PLMK,0,1,1,0.0
PLML,8,7,15,0.53
PLMM,14,29,43,0.33
PLMN,20,15,35,0.57
PLMP,21,28,49,0.43
PLMS,15,15,30,0.5
PLMb,27,23,50,0.54
PLMh,13,17,30,0.43
PLMj,4,4,8,0.5
PLMl,7,8,15,0.47
PLMm,38,33,71,0.54
PLMn,31,31,62,0.5
PLMs,15,10,25,0.6
PLMt,0,2,2,0.0
PLNB,18,17,35,0.51
PLND,2,3,5,0.4
PLNH,0,4,4,0.0
PLNK,1,0,1,1.0
PLNL,5,5,10,0.5
PLNM,27,25,52,0.52
PLNN,15,28,43,0.35
PLNP,31,28,59,0.53
PLNS,14,21,35,0.4
PLNb,24,18,42,0.57
PLNh,7,8,15,0.47
PLNl,8,9,17,0.47
PLNm,27,24,51,0.53
PLNn,21,28,49,0.43
PLNs,17,13,30,0.57
PLNt,3,1,4,0.75
PLPB,25,24,49,0.51
PLPD,4,3,7,0.57
PLPH,10,5,15,0.67
PLPI,1,1,2,0.5
PLPK,2,1,3,0.67
PLPL,17,8,25,0.68
PLPM,30,34,64,0.47
PLPN,23,28,51,0.45
PLPP,43,39,82,0.52
PLPS,21,17,38,0.55
PLPb,26,29,55,0.47
PLPh,1,5,6,0.17
PLPl,16,17,33,0.48
PLPm,44,30,74,0.59
PLPn,26,23,49,0.53
PLPs,23,25,48,0.48
PLPt,4,1,5,0.8
PLSB,13,11,24,0.54
PLSD,2,2,4,0.5
PLSH,8,10,18,0.44
PLSI,1,2,3,0.33
PLSK,0,2,2,0.0
PLSL,10,4,14,0.71
PLSM,17,15,32,0.53
PLSN,16,14,30,0.53
PLSP,15,22,37,0.41
PLSS,14,28,42,0.33
PLSb,21,13,34,0.62
PLSh,6,8,14,0.43
PLSl,6,6,12,0.5
PLSm,15,18,33,0.45
PLSn,9,12,21,0.43
PLSs,18,11,29,0.62
PLSt,7,0,7,1.0
PLbB,19,15,34,0.56
PLbD,5,2,7,0.71
PLbH,5,9,14,0.36
PLbI,3,0,3,1.0
PLbJ,12,8,20,0.6
PLbK,1,3,4,0.25
PLbL,9,6,15,0.6
PLbM,15,22,37,0.41
PLbN,24,28,52,0.46
PLbP,25,23,48,0.52
PLbS,10,14,24,0.42
PLbb,25,22,47,0.53
PLbl,7,14,21,0.33
PLbm,26,27,53,0.49
PLbn,27,19,46,0.59
PLbs,8,17,25,0.32
PLhB,8,9,17,0.47
PLhD,2,0,2,1.0
PLhH,1,2,3,0.33
PLhI,2,2,4,0.5
PLhL,3,6,9,0.33
PLhM,8,11,19,0.42
PLhN,6,5,11,0.55
PLhP,10,8,18,0.56
PLhS,2,7,9,0.22
PLhb,6,7,13,0.46
PLhh,6,12,18,0.33
PLhl,4,4,8,0.5
PLhm,18,10,28,0.64
PLhn,10,9,19,0.53
PLhs,8,7,15,0.53
PLht,3,0,3,1.0
PLjB,4,6,10,0.4
PLjH,1,2,3,0.33
PLjI,0,0,0,
PLjL,1,1,2,0.5
PLjM,2,4,6,0.33
PLjN,6,4,10,0.6
PLjP,10,5,15,0.67
PLjS,2,1,3,0.67
PLjb,4,7,11,0.36
PLjl,6,3,9,0.67
PLjm,6,5,11,0.55
PLjn,6,2,8,0.75
PLjs,2,2,4,0.5
PLlB,9,9,18,0.5
PLlD,1,2,3,0.33
PLlH,11,6,17,0.65
PLlI,2,0,2,1.0
PLlJ,4,3,7,0.57
PLlL,8,5,13,0.62
PLlM,19,19,38,0.5
PLlN,15,9,24,0.62
PLlP,15,15,30,0.5
PLlS,5,16,21,0.24
PLlb,9,6,15,0.6
PLlh,0,1,1,0.0
PLll,11,14,25,0.44
PLlm,10,12,22,0.45
PLln,8,9,17,0.47
PLls,9,10,19,0.47
PLmB,28,12,40,0.7
PLmD,6,3,9,0.67
PLmH,31,22,53,0.58
PLmI,1,7,8,0.12
PLmJ,8,5,13,0.62
PLmK,1,0,1,1.0
PLmL,10,15,25,0.4
PLmM,26,49,75,0.35
PLmN,36,32,68,0.53
PLmP,30,39,69,0.43
PLmS,24,21,45,0.53
PLmb,20,30,50,0.4
PLml,9,6,15,0.6
PLmm,35,24,59,0.59
PLmn,28,22,50,0.56
PLms,18,20,38,0.47
PLnB,31,13,44,0.7
PLnD,5,5,10,0.5
PLnH,17,11,28,0.61
PLnI,7,1,8,0.88
PLnK,2,1,3,0.67
PLnL,8,10,18,0.44
PLnM,22,34,56,0.39
PLnN,35,38,73,0.48
PLnP,37,35,72,0.51
PLnS,30,21,51,0.59
PLnb,18,15,33,0.55
PLnh,2,3,5,0.4
PLnl,18,9,27,0.67
PLnm,38,32,70,0.54
PLnn,34,23,57,0.6
PLns,27,22,49,0.55
PLnt,1,0,1,1.0
PLsB,18,17,35,0.51
PLsD,1,2,3,0.33
PLsH,15,17,32,0.47
PLsI,7,3,10,0.7
PLsK,0,2,2,0.0
PLsL,9,10,19,0.47
PLsM,17,11,28,0.61
PLsN,15,15,30,0.5
PLsP,20,17,37,0.54
PLsS,23,18,41,0.56
PLsb,13,15,28,0.46
PLsh,1,2,3,0.33
PLsl,6,8,14,0.43
PLsm,19,20,39,0.49
PLsn,11,10,21,0.52
PLss,21,13,34,0.62
PLtB,1,2,3,0.33
PLtD,0,1,1,0.0
PLtH,4,4,8,0.5
PLtK,0,1,1,0.0
PLtL,1,1,2,0.5
PLtM,5,4,9,0.56
PLtN,3,4,7,0.43
PLtP,2,4,6,0.33
PLtS,4,3,7,0.57
PLtb,3,4,7,0.43
PLtl,2,3,5,0.4
PLtm,1,3,4,0.25
PLtn,2,2,4,0.5
PLts,1,3,4,0.25
PLtt,0,2,2,0.0
PMBB,91,99,190,0.48
PMBD,4,10,14,0.29
PMBH,1,0,1,1.0
PMBI,1,0,1,1.0
PMBK,6,9,15,0.4
PMBL,23,21,44,0.52
PMBM,69,76,145,0.48
PMBN,57,79,136,0.42
PMBP,69,86,155,0.45
PMBS,22,32,54,0.41
PMBb,65,67,132,0.49
PMBh,6,4,10,0.6
PMBj,19,21,40,0.48
PMBl,30,19,49,0.61
PMBm,102,85,187,0.55
PMBn,102,83,185,0.55
PMBs,44,26,70,0.63
PMBt,7,15,22,0.32
PMDB,13,6,19,0.68
PMDD,3,0,3,1.0
PMDH,7,13,20,0.35
PMDI,1,2,3,0.33
PMDL,1,2,3,0.33
PMDM,13,18,31,0.42
PMDN,4,3,7,0.57
PMDP,6,10,16,0.38
PMDS,9,11,20,0.45
PMDb,8,12,20,0.4
PMDh,0,1,1,0.0
PMDl,1,2,3,0.33
PMDm,12,10,22,0.55
PMDn,9,8,17,0.53
PMDs,6,13,19,0.32
PMDt,0,1,1,0.0
PMHB,0,0,0,
PMHD,1,0,1,1.0
PMHH,1,0,1,1.0
PMHL,1,0,1,1.0
PMHM,1,1,2,0.5
PMHN,0,1,1,0.0
PMHP,0,2,2,0.0
PMHb,1,1,2,0.5
PMHl,0,0,0,
PMHm,4,1,5,0.8
PMHn,0,1,1,0.0
PMHs,0,1,1,0.0
PMIB,0,1,1,0.0
PMIL,0,1,1,0.0
PMIM,1,0,1,1.0
PMIP,1,2,3,0.33
PMIb,2,0,2,1.0
PMIm,0,1,1,0.0
PMIs,0,1,1,0.0
PMKB,1,0,1,1.0
PMKD,0,0,0,
PMKH,0,1,1,0.0
PMKI,1,2,3,0.33
PMKL,1,0,1,1.0
PMKM,3,5,8,0.38
PMKN,2,0,2,1.0
PMKP,3,2,5,0.6
PMKS,0,4,4,0.0
PMKh,1,1,2,0.5
PMKl,4,0,4,1.0
PMKm,2,2,4,0.5
PMKn,3,1,4,0.75
PMKs,1,1,2,0.5
PMLB,26,22,48,0.54
PMLD,1,2,3,0.33
PMLK,3,1,4,0.75
PMLL,8,3,11,0.73
PMLM,17,12,29,0.59
PMLN,16,18,34,0.47
PMLP,27,29,56,0.48
PMLS,12,6,18,0.67
PMLb,28,19,47,0.6
PMLh,8,3,11,0.73
PMLj,8,4,12,0.67
PMLl,8,6,14,0.57
PMLm,32,20,52,0.62
PMLn,22,27,49,0.45
PMLs,9,10,19,0.47
PMLt,3,4,7,0.43
PMMB,70,85,155,0.45
PMMD,3,6,9,0.33
PMMH,1,2,3,0.33
PMMI,2,1,3,0.67
PMMK,1,3,4,0.25
PMML,15,22,37,0.41
PMMM,61,94,155,0.39
PMMN,57,65,122,0.47
PMMP,88,78,166,0.53
PMMS,40,35,75,0.53
PMMb,80,82,162,0.49
PMMh,51,46,97,0.53
PMMj,16,20,36,0.44
PMMl,33,27,60,0.55
PMMm,98,76,174,0.56
PMMn,93,112,205,0.45
PMMs,45,34,79,0.57
PMMt,10,4,14,0.71
PMNB,46,75,121,0.38
PMND,7,13,20,0.35
PMNH,7,10,17,0.41
PMNI,7,2,9,0.78
PMNK,6,5,11,0.55
PMNL,17,30,47,0.36
PMNM,55,66,121,0.45
PMNN,63,79,142,0.44
PMNP,81,78,159,0.51
PMNS,39,36,75,0.52
PMNb,51,45,96,0.53
PMNh,13,14,27,0.48
PMNl,23,23,46,0.5
PMNm,74,70,144,0.51
PMNn,77,93,170,0.45
PMNs,41,56,97,0.42
PMNt,7,5,12,0.58
PMPB,60,95,155,0.39
PMPD,6,8,14,0.43
PMPH,21,31,52,0.4
PMPI,9,9,18,0.5
PMPK,10,10,20,0.5
PMPL,25,30,55,0.45
PMPM,72,95,167,0.43
PMPN,64,71,135,0.47
PMPP,101,94,195,0.52
PMPS,60,69,129,0.47
PMPb,64,67,131,0.49
PMPh,9,7,16,0.56
PMPl,32,30,62,0.52
PMPm,90,84,174,0.52
PMPn,80,62,142,0.56
PMPs,66,59,125,0.53
PMPt,11,8,19,0.58
PMSB,28,41,69,0.41
PMSD,6,8,14,0.43
PMSH,24,18,42,0.57
PMSI,4,1,5,0.8
PMSK,2,1,3,0.67
PMSL,10,20,30,0.33
PMSM,42,53,95,0.44
PMSN,38,40,78,0.49
PMSP,38,49,87,0.44
PMSS,33,49,82,0.4
PMSb,39,29,68,0.57
PMSh,20,27,47,0.43
PMSl,11,11,22,0.5
PMSm,60,44,104,0.58
PMSn,42,36,78,0.54
PMSs,53,40,93,0.57
PMSt,12,11,23,0.52
PMbB,67,60,127,0.53
PMbD,8,5,13,0.62
PMbH,21,18,39,0.54
PMbI,7,10,17,0.41
PMbJ,16,19,35,0.46
PMbK,7,9,16,0.44
PMbL,17,17,34,0.5
PMbM,65,77,142,0.46
PMbN,74,96,170,0.44
PMbP,69,73,142,0.49
PMbS,51,52,103,0.5
PMbb,46,58,104,0.44
PMbl,26,17,43,0.6
PMbm,85,65,150,0.57
PMbn,81,64,145,0.56
PMbs,32,36,68,0.47
PMhB,36,38,74,0.49
PMhD,6,6,12,0.5
PMhH,13,10,23,0.57
PMhI,8,3,11,0.73
PMhK,4,2,6,0.67
PMhL,17,20,37,0.46
PMhM,65,58,123,0.53
PMhN,51,46,97,0.53
PMhP,56,57,113,0.5
PMhS,43,37,80,0.54
PMhb,29,31,60,0.48
PMhh,33,37,70,0.47
PMhl,27,18,45,0.6
PMhm,53,58,111,0.48
PMhn,36,46,82,0.44
PMhs,52,49,101,0.51
PMht,4,5,9,0.44
PMjB,7,12,19,0.37
PMjD,2,0,2,1.0
PMjH,0,3,3,0.0
PMjI,1,1,2,0.5
PMjK,2,2,4,0.5
PMjL,2,6,8,0.25
PMjM,8,8,16,0.5
PMjN,14,8,22,0.64
PMjP,22,14,36,0.61
PMjS,8,9,17,0.47
PMjb,9,13,22,0.41
PMjh,1,2,3,0.33
PMjl,2,4,6,0.33
PMjm,15,12,27,0.56
PMjn,8,14,22,0.36
PMjs,8,9,17,0.47
PMjt,1,2,3,0.33
PMlB,19,18,37,0.51
PMlD,3,1,4,0.75
PMlH,28,22,50,0.56
PMlI,6,1,7,0.86
PMlJ,7,6,13,0.54
PMlK,0,1,1,0.0
PMlL,11,12,23,0.48
PMlM,28,30,58,0.48
PMlN,23,32,55,0.42
PMlP,34,33,67,0.51
PMlS,19,25,44,0.43
PMlb,32,23,55,0.58
PMlh,0,1,1,0.0
PMll,7,13,20,0.35
PMlm,27,28,55,0.49
PMln,18,22,40,0.45
PMls,17,22,39,0.44
PMmB,79,92,171,0.46
PMmD,20,15,35,0.57
PMmH,68,63,131,0.52
PMmI,9,9,18,0.5
PMmJ,28,18,46,0.61
PMmK,5,3,8,0.62
PMmL,26,22,48,0.54
PMmM,94,123,217,0.43
PMmN,96,89,185,0.52
PMmP,110,95,205,0.54
PMmS,64,67,131,0.49
PMmb,74,76,150,0.49
PMmh,1,0,1,1.0
PMml,22,22,44,0.5
PMmm,108,77,185,0.58
PMmn,86,87,173,0.5
PMms,57,61,118,0.48
PMnB,61,63,124,0.49
PMnD,13,8,21,0.62
PMnH,51,51,102,0.5
PMnI,23,12,35,0.66
PMnK,16,8,24,0.67
PMnL,22,28,50,0.44
PMnM,74,80,154,0.48
PMnN,106,104,210,0.5
PMnP,97,119,216,0.45
PMnS,65,78,143,0.45
PMnb,61,59,120,0.51
PMnh,2,4,6,0.33
PMnl,22,35,57,0.39
PMnm,103,78,181,0.57
PMnn,91,95,186,0.49
PMns,73,67,140,0.52
PMnt,1,0,1,1.0
PMsB,27,31,58,0.47
PMsD,12,7,19,0.63
PMsH,54,60,114,0.47
PMsI,10,10,20,0.5
PMsK,1,1,2,0.5
PMsL,14,14,28,0.5
PMsM,48,52,100,0.48
PMsN,48,47,95,0.51
PMsP,73,51,124,0.59
PMsS,38,57,95,0.4
PMsb,27,26,53,0.51
PMsh,4,5,9,0.44
PMsl,23,14,37,0.62
PMsm,62,54,116,0.53
PMsn,43,52,95,0.45
PMss,52,54,106,0.49
PMst,2,1,3,0.67
PMtB,8,8,16,0.5
PMtH,5,4,9,0.56
PMtI,1,0,1,1.0
PMtK,0,1,1,0.0
PMtL,4,3,7,0.57
PMtM,9,12,21,0.43
PMtN,4,7,11,0.36
PMtP,11,7,18,0.61
PMtS,8,4,12,0.67
PMtb,14,10,24,0.58
PMtl,5,3,8,0.62
PMtm,8,8,16,0.5
PMtn,5,5,10,0.5
PMts,6,6,12,0.5
PMtt,1,3,4,0.25
PN,0,1,1,0.0
PNBB,51,54,105,0.49
PNBD,7,6,13,0.54
PNBH,1,1,2,0.5
PNBK,6,4,10,0.6
PNBL,14,23,37,0.38
PNBM,59,65,124,0.48
PNBN,52,63,115,0.45
PNBP,72,77,149,0.48
PNBS,28,41,69,0.41
PNBb,49,48,97,0.51
PNBh,7,8,15,0.47
PNBj,16,13,29,0.55
PNBl,22,20,42,0.52
PNBm,75,59,134,0.56
PNBn,74,70,144,0.51
PNBs,32,42,74,0.43
PNBt,6,8,14,0.43
PNDB,15,4,19,0.79
PNDD,2,3,5,0.4
PNDH,15,19,34,0.44
PNDI,1,0,1,1.0
PNDL,3,5,8,0.38
PNDM,8,15,23,0.35
PNDN,16,13,29,0.55
PNDP,11,10,21,0.52
PNDS,9,10,19,0.47
PNDb,5,11,16,0.31
PNDl,1,4,5,0.2
PNDm,13,10,23,0.57
PNDn,11,6,17,0.65
PNDs,4,11,15,0.27
PNDt,1,1,2,0.5
PNHB,10,9,19,0.53
PNHD,2,1,3,0.67
PNHH,2,2,4,0.5
PNHI,0,4,4,0.0
PNHK,4,0,4,1.0
PNHL,9,2,11,0.82
PNHM,9,14,23,0.39
PNHN,13,13,26,0.5
PNHP,15,12,27,0.56
PNHS,18,16,34,0.53
PNHb,11,9,20,0.55
PNHh,4,5,9,0.44
PNHl,3,5,8,0.38
PNHm,17,8,25,0.68
PNHn,12,13,25,0.48
PNHs,21,21,42,0.5
PNHt,1,0,1,1.0
PNIB,2,3,5,0.4
PNIH,3,4,7,0.43
PNII,1,0,1,1.0
PNIL,2,1,3,0.67
PNIM,0,2,2,0.0
PNIN,2,0,2,1.0
PNIP,1,0,1,1.0
PNIS,2,1,3,0.67
PNIb,2,1,3,0.67
PNIl,1,0,1,1.0
PNIm,3,1,4,0.75
PNIs,1,3,4,0.25
PNIt,1,0,1,1.0
PNKB,7,3,10,0.7
PNKD,0,1,1,0.0
PNKH,0,2,2,0.0
PNKI,4,1,5,0.8
PNKK,0,0,0,
PNKL,1,1,2,0.5
PNKM,5,5,10,0.5
PNKN,7,6,13,0.54
PNKP,9,3,12,0.75
PNKS,3,7,10,0.3
PNKb,11,5,16,0.69
PNKh,5,5,10,0.5
PNKl,4,2,6,0.67
PNKm,9,8,17,0.53
PNKn,5,4,9,0.56
PNKs,10,3,13,0.77
PNKt,1,1,2,0.5
PNLB,21,23,44,0.48
PNLD,2,2,4,0.5
PNLK,1,2,3,0.33
PNLL,9,3,12,0.75
PNLM,25,21,46,0.54
PNLN,19,27,46,0.41
PNLP,27,33,60,0.45
PNLS,13,19,32,0.41
PNLb,22,24,46,0.48
PNLh,12,5,17,0.71
PNLj,4,7,11,0.36
PNLl,12,8,20,0.6
PNLm,32,19,51,0.63
PNLn,33,32,65,0.51
PNLs,15,15,30,0.5
PNLt,5,4,9,0.56
PNMB,84,75,159,0.53
PNMD,4,7,11,0.36
PNMH,0,1,1,0.0
PNMK,1,3,4,0.25
PNML,21,20,41,0.51
PNMM,62,78,140,0.44
PNMN,58,62,120,0.48
PNMP,72,76,148,0.49
PNMS,34,49,83,0.41
PNMb,66,59,125,0.53
PNMh,46,51,97,0.47
PNMj,9,11,20,0.45
PNMl,21,16,37,0.57
PNMm,88,72,160,0.55
PNMn,76,99,175,0.43
PNMs,37,39,76,0.49
PNMt,10,11,21,0.48
PNNB,67,54,121,0.55
PNND,11,13,24,0.46
PNNH,9,10,19,0.47
PNNI,4,1,5,0.8
PNNK,5,11,16,0.31
PNNL,24,30,54,0.44
PNNM,55,74,129,0.43
PNNN,63,78,141,0.45
PNNP,97,95,192,0.51
PNNS,53,78,131,0.4
PNNb,60,50,110,0.55
PNNh,12,36,48,0.25
PNNl,36,25,61,0.59
PNNm,85,73,158,0.54
PNNn,94,83,177,0.53
PNNs,70,54,124,0.56
PNNt,9,16,25,0.36
PNPB,64,92,156,0.41
PNPD,14,10,24,0.58
PNPH,29,31,60,0.48
PNPI,9,11,20,0.45
PNPK,10,12,22,0.45
PNPL,25,41,66,0.38
PNPM,98,124,222,0.44
PNPN,82,81,163,0.5
PNPP,118,115,233,0.51
PNPS,84,80,164,0.51
PNPb,71,64,135,0.53
PNPh,9,5,14,0.64
PNPl,42,31,73,0.58
PNPm,108,92,200,0.54
PNPn,86,80,166,0.52
PNPs,76,68,144,0.53
PNPt,10,12,22,0.45
PNSB,37,53,90,0.41
PNSD,12,6,18,0.67
PNSH,24,24,48,0.5
PNSI,1,1,2,0.5
PNSK,3,1,4,0.75
PNSL,10,18,28,0.36
PNSM,64,61,125,0.51
PNSN,54,56,110,0.49
PNSP,57,52,109,0.52
PNSS,73,66,139,0.53
PNSb,41,42,83,0.49
PNSh,23,39,62,0.37
PNSl,21,13,34,0.62
PNSm,69,75,144,0.48
PNSn,71,48,119,0.6
PNSs,70,62,132,0.53
PNSt,7,9,16,0.44
PNbB,55,57,112,0.49
PNbD,5,10,15,0.33
PNbH,16,14,30,0.53
PNbI,6,6,12,0.5
PNbJ,15,19,34,0.44
PNbK,2,8,10,0.2
PNbL,21,19,40,0.52
PNbM,51,57,108,0.47
PNbN,59,54,113,0.52
PNbP,73,68,141,0.52
PNbS,28,36,64,0.44
PNbb,51,46,97,0.53
PNbl,16,17,33,0.48
PNbm,46,41,87,0.53
PNbn,60,58,118,0.51
PNbs,36,33,69,0.52
PNhB,23,21,44,0.52
PNhD,3,2,5,0.6
PNhH,1,5,6,0.17
PNhI,2,3,5,0.4
PNhK,1,0,1,1.0
PNhL,7,7,14,0.5
PNhM,24,20,44,0.55
PNhN,17,20,37,0.46
PNhP,34,29,63,0.54
PNhS,20,28,48,0.42
PNhb,12,24,36,0.33
PNhh,19,14,33,0.58
PNhl,5,13,18,0.28
PNhm,27,28,55,0.49
PNhn,22,21,43,0.51
PNhs,31,13,44,0.7
PNht,0,2,2,0.0
PNlB,13,10,23,0.57
PNlD,4,1,5,0.8
PNlH,18,16,34,0.53
PNlI,0,3,3,0.0
PNlJ,9,6,15,0.6
PNlK,2,1,3,0.67
PNlL,10,11,21,0.48
PNlM,23,35,58,0.4
PNlN,30,30,60,0.5
PNlP,32,24,56,0.57
PNlS,18,17,35,0.51
PNlb,20,29,49,0.41
PNll,11,12,23,0.48
PNlm,23,18,41,0.56
PNln,16,23,39,0.41
PNls,18,20,38,0.47
PNmB,51,56,107,0.48
PNmD,12,15,27,0.44
PNmH,62,57,119,0.52
PNmI,9,12,21,0.43
PNmJ,11,12,23,0.48
PNmK,1,3,4,0.25
PNmL,23,27,50,0.46
PNmM,74,88,162,0.46
PNmN,88,84,172,0.51
PNmP,82,87,169,0.49
PNmS,67,57,124,0.54
PNmb,71,73,144,0.49
PNmh,0,1,1,0.0
PNml,11,17,28,0.39
PNmm,71,61,132,0.54
PNmn,80,76,156,0.51
PNms,52,39,91,0.57
PNnB,63,51,114,0.55
PNnD,11,6,17,0.65
PNnH,52,49,101,0.51
PNnI,11,8,19,0.58
PNnK,11,7,18,0.61
PNnL,36,26,62,0.58
PNnM,77,77,154,0.5
PNnN,94,97,191,0.49
PNnP,93,115,208,0.45
PNnS,72,93,165,0.44
PNnb,67,65,132,0.51
PNnh,5,7,12,0.42
PNnl,22,27,49,0.45
PNnm,88,85,173,0.51
PNnn,73,82,155,0.47
PNns,74,61,135,0.55
PNnt,1,0,1,1.0
PNs,0,0,0,
PNsB,39,27,66,0.59
PNsD,11,10,21,0.52
PNsH,47,60,107,0.44
PNsI,11,14,25,0.44
PNsL,20,16,36,0.56
PNsM,58,49,107,0.54
PNsN,52,56,108,0.48
PNsP,67,58,125,0.54
PNsS,86,62,148,0.58
PNsb,46,51,97,0.47
PNsh,5,7,12,0.42
PNsl,22,23,45,0.49
PNsm,57,51,108,0.53
PNsn,51,64,115,0.44
PNss,53,70,123,0.43
PNst,1,2,3,0.33
PNtB,9,8,17,0.53
PNtD,1,2,3,0.33
PNtH,3,6,9,0.33
PNtI,3,2,5,0.6
PNtK,2,0,2,1.0
PNtL,2,7,9,0.22
PNtM,10,15,25,0.4
PNtN,13,12,25,0.52
PNtP,20,13,33,0.61
PNtS,16,16,32,0.5
PNtb,4,11,15,0.27
PNth,1,0,1,1.0
PNtl,4,5,9,0.44
PNtm,18,8,26,0.69
PNtn,9,8,17,0.53
PNts,10,4,14,0.71
PNtt,2,2,4,0.5
PPBB,88,92,180,0.49
PPBD,7,10,17,0.41
PPBH,0,2,2,0.0
PPBI,1,0,1,1.0
PPBK,8,7,15,0.53
PPBL,35,35,70,0.5
PPBM,73,113,186,0.39
PPBN,46,72,118,0.39
PPBP,102,97,199,0.51
PPBS,46,42,88,0.52
PPBb,83,64,147,0.56
PPBh,7,6,13,0.54
PPBj,20,25,45,0.44
PPBl,34,41,75,0.45
PPBm,110,85,195,0.56
PPBn,83,74,157,0.53
PPBs,48,46,94,0.51
PPBt,5,7,12,0.42
PPDB,7,4,11,0.64
PPDD,1,1,2,0.5
PPDH,14,9,23,0.61
PPDI,0,0,0,
PPDL,6,4,10,0.6
PPDM,14,14,28,0.5
PPDN,7,5,12,0.58
PPDP,15,9,24,0.62
PPDS,7,12,19,0.37
PPDb,6,4,10,0.6
PPDh,1,0,1,1.0
PPDl,3,5,8,0.38
PPDm,11,9,20,0.55
PPDn,5,2,7,0.71
PPDs,7,4,11,0.64
PPDt,3,1,4,0.75
PPHB,9,20,29,0.31
PPHD,3,2,5,0.6
PPHH,4,5,9,0.44
PPHI,5,3,8,0.62
PPHK,6,2,8,0.75
PPHL,6,8,14,0.43
PPHM,17,28,45,0.38
PPHN,23,18,41,0.56
PPHP,38,28,66,0.58
PPHS,25,21,46,0.54
PPHb,23,20,43,0.53
PPHh,14,15,29,0.48
PPHl,9,6,15,0.6
PPHm,34,22,56,0.61
PPHn,18,27,45,0.4
PPHs,25,30,55,0.45
PPHt,1,1,2,0.5
PPIB,10,11,21,0.48
PPID,3,1,4,0.75
PPIH,10,6,16,0.62
PPII,0,1,1,0.0
PPIL,5,7,12,0.42
PPIM,15,22,37,0.41
PPIN,13,9,22,0.59
PPIP,12,17,29,0.41
PPIS,14,11,25,0.56
PPIb,10,10,20,0.5
PPIh,2,0,2,1.0
PPIl,5,5,10,0.5
PPIm,13,12,25,0.52
PPIn,3,6,9,0.33
PPIs,5,11,16,0.31
PPIt,0,1,1,0.0
PPKB,5,9,14,0.36
PPKD,1,0,1,1.0
PPKH,1,1,2,0.5
PPKI,1,1,2,0.5
PPKL,4,4,8,0.5
PPKM,8,13,21,0.38
PPKN,5,4,9,0.56
PPKP,8,12,20,0.4
PPKS,14,10,24,0.58
PPKb,8,10,18,0.44
PPKh,8,4,12,0.67
PPKl,5,5,10,0.5
PPKm,15,13,28,0.54
PPKn,7,3,10,0.7
PPKs,9,4,13,0.69
PPKt,0,1,1,0.0
PPLB,35,54,89,0.39
PPLD,1,6,7,0.14
PPLH,0,1,1,0.0
PPLK,2,4,6,0.33
PPLL,24,21,45,0.53
PPLM,31,40,71,0.44
PPLN,24,41,65,0.37
PPLP,48,56,104,0.46
PPLS,21,28,49,0.43
PPLb,28,44,72,0.39
PPLh,15,21,36,0.42
PPLj,4,11,15,0.27
PPLl,12,36,48,0.25
PPLm,61,42,103,0.59
PPLn,39,39,78,0.5
PPLs,30,20,50,0.6
PPLt,5,1,6,0.83
PPMB,111,112,223,0.5
PPMD,14,12,26,0.54
PPMH,1,3,4,0.25
PPMK,5,1,6,0.83
PPML,38,46,84,0.45
PPMM,86,116,202,0.43
PPMN,73,87,160,0.46
PPMP,109,120,229,0.48
PPMS,56,55,111,0.5
PPMb,87,96,183,0.48
PPMh,44,82,126,0.35
PPMj,15,14,29,0.52
PPMl,47,50,97,0.48
PPMm,142,111,253,0.56
PPMn,105,117,222,0.47
PPMs,55,69,124,0.44
PPMt,13,10,23,0.57
PPNB,66,75,141,0.47
PPND,11,14,25,0.44
PPNH,18,17,35,0.51
PPNI,3,4,7,0.43
PPNK,5,10,15,0.33
PPNL,31,41,72,0.43
PPNM,68,79,147,0.46
PPNN,70,88,158,0.44
PPNP,98,100,198,0.49
PPNS,63,82,145,0.43
PPNb,67,55,122,0.55
PPNh,25,32,57,0.44
PPNl,36,33,69,0.52
PPNm,86,71,157,0.55
PPNn,87,77,164,0.53
PPNs,57,67,124,0.46
PPNt,10,12,22,0.45
PPPB,111,110,221,0.5
PPPD,12,12,24,0.5
PPPH,24,43,67,0.36
PPPI,26,6,32,0.81
PPPK,10,8,18,0.56
PPPL,50,55,105,0.48
PPPM,110,152,262,0.42
PPPN,94,94,188,0.5
PPPP,139,165,304,0.46
PPPS,91,99,190,0.48
PPPb,94,94,188,0.5
PPPh,11,22,33,0.33
PPPl,79,72,151,0.52
PPPm,156,128,284,0.55
PPPn,82,97,179,0.46
PPPs,95,83,178,0.53
PPPt,15,12,27,0.56
PPSB,61,72,133,0.46
PPSD,10,9,19,0.53
PPSH,39,27,66,0.59
PPSI,5,1,6,0.83
PPSK,9,7,16,0.56
PPSL,39,36,75,0.52
PPSM,59,103,162,0.36
PPSN,48,55,103,0.47
PPSP,70,71,141,0.5
PPSS,84,81,165,0.51
PPSb,50,50,100,0.5
PPSh,35,38,73,0.48
PPSl,45,41,86,0.52
PPSm,93,83,176,0.53
PPSn,57,62,119,0.48
PPSs,75,93,168,0.45
PPSt,10,13,23,0.43
PPbB,58,63,121,0.48
PPbD,10,8,18,0.56
PPbH,9,15,24,0.38
PPbI,12,4,16,0.75
PPbJ,27,17,44,0.61
PPbK,5,12,17,0.29
PPbL,28,35,63,0.44
PPbM,72,99,171,0.42
PPbN,91,86,177,0.51
PPbP,99,96,195,0.51
PPbS,44,61,105,0.42
PPbb,89,74,163,0.55
PPbh,1,1,2,0.5
PPbl,33,34,67,0.49
PPbm,87,61,148,0.59
PPbn,68,43,111,0.61
PPbs,31,43,74,0.42
PPhB,8,6,14,0.57
PPhD,0,1,1,0.0
PPhH,7,3,10,0.7
PPhI,4,3,7,0.57
PPhK,1,0,1,1.0
PPhL,7,3,10,0.7
PPhM,12,19,31,0.39
PPhN,13,9,22,0.59
PPhP,6,12,18,0.33
PPhS,4,9,13,0.31
PPhb,9,12,21,0.43
PPhh,12,9,21,0.57
PPhl,10,6,16,0.62
PPhm,19,12,31,0.61
PPhn,3,5,8,0.38
PPhs,9,12,21,0.43
PPht,1,2,3,0.33
PPlB,49,40,89,0.55
PPlD,3,5,8,0.38
PPlH,21,21,42,0.5
PPlI,5,5,10,0.5
PPlJ,17,13,30,0.57
PPlK,4,4,8,0.5
PPlL,28,28,56,0.5
PPlM,51,59,110,0.46
PPlN,33,38,71,0.46
PPlP,50,51,101,0.5
PPlS,34,36,70,0.49
PPlb,47,45,92,0.51
PPlh,0,4,4,0.0
PPll,20,22,42,0.48
PPlm,56,42,98,0.57
PPln,30,29,59,0.51
PPls,27,24,51,0.53
PPmB,86,86,172,0.5
PPmD,17,20,37,0.46
PPmH,85,87,172,0.49
PPmI,9,15,24,0.38
PPmJ,19,20,39,0.49
PPmK,2,3,5,0.4
PPmL,36,53,89,0.4
PPmM,119,131,250,0.48
PPmN,96,96,192,0.5
PPmP,120,128,248,0.48
PPmS,71,72,143,0.5
PPmb,105,96,201,0.52
PPmh,0,3,3,0.0
PPml,36,32,68,0.53
PPmm,118,86,204,0.58
PPmn,76,70,146,0.52
PPms,53,43,96,0.55
PPnB,63,70,133,0.47
PPnD,18,11,29,0.62
PPnH,34,47,81,0.42
PPnI,12,7,19,0.63
PPnK,8,8,16,0.5
PPnL,34,36,70,0.49
PPnM,69,98,167,0.41
PPnN,71,78,149,0.48
PPnP,94,137,231,0.41
PPnS,49,75,124,0.4
PPnb,63,76,139,0.45
PPnh,6,3,9,0.67
PPnl,26,39,65,0.4
PPnm,99,72,171,0.58
PPnn,63,68,131,0.48
PPns,56,50,106,0.53
PPnt,1,1,2,0.5
PPsB,41,56,97,0.42
PPsD,11,13,24,0.46
PPsH,55,79,134,0.41
PPsI,12,9,21,0.57
PPsK,1,3,4,0.25
PPsL,34,32,66,0.52
PPsM,69,73,142,0.49
PPsN,57,46,103,0.55
PPsP,66,78,144,0.46
PPsS,82,81,163,0.5
PPsb,54,57,111,0.49
PPsh,5,3,8,0.62
PPsl,48,31,79,0.61
PPsm,74,56,130,0.57
PPsn,55,43,98,0.56
PPss,72,70,142,0.51
PPst,2,1,3,0.67
PPtB,16,10,26,0.62
PPtD,1,1,2,0.5
PPtH,6,2,8,0.75
PPtI,0,0,0,
PPtK,0,1,1,0.0
PPtL,4,5,9,0.44
PPtM,4,8,12,0.33
PPtN,8,4,12,0.67
PPtP,9,13,22,0.41
PPtS,1,11,12,0.08
PPtb,4,7,11,0.36
PPtl,5,5,10,0.5
PPtm,16,10,26,0.62
PPtn,5,9,14,0.36
PPts,11,11,22,0.5
PPtt,1,2,3,0.33
PSBB,43,47,90,0.48
PSBD,5,9,14,0.36
PSBH,1,1,2,0.5
PSBK,5,4,9,0.56
PSBL,11,27,38,0.29
PSBM,39,59,98,0.4
PSBN,29,53,82,0.35
PSBP,42,44,86,0.49
PSBS,24,32,56,0.43
PSBb,40,47,87,0.46
PSBh,4,2,6,0.67
PSBj,5,14,19,0.26
PSBl,13,18,31,0.42
PSBm,46,38,84,0.55
PSBn,56,54,110,0.51
PSBs,28,22,50,0.56
PSBt,6,8,14,0.43
PSDB,9,6,15,0.6
PSDD,1,3,4,0.25
PSDH,12,4,16,0.75
PSDI,0,1,1,0.0
PSDK,1,0,1,1.0
PSDL,4,6,10,0.4
PSDM,7,11,18,0.39
PSDN,13,7,20,0.65
PSDP,11,6,17,0.65
PSDS,11,6,17,0.65
PSDb,7,4,11,0.64
PSDh,2,3,5,0.4
PSDl,5,5,10,0.5
PSDm,9,10,19,0.47
PSDn,6,3,9,0.67
PSDs,12,5,17,0.71
PSDt,2,1,3,0.67
PSHB,7,13,20,0.35
PSHD,6,3,9,0.67
PSHH,6,8,14,0.43
PSHI,5,4,9,0.56
PSHK,2,3,5,0.4
PSHL,3,9,12,0.25
PSHM,19,34,53,0.36
PSHN,19,16,35,0.54
PSHP,30,22,52,0.58
PSHS,29,39,68,0.43
PSHb,12,20,32,0.38
PSHh,15,8,23,0.65
PSHl,11,5,16,0.69
PSHm,26,30,56,0.46
PSHn,16,18,34,0.47
PSHs,27,24,51,0.53
PSHt,2,5,7,0.29
PSIB,3,0,3,1.0
PSID,1,0,1,1.0
PSIH,2,3,5,0.4
PSII,0,0,0,
PSIK,1,0,1,1.0
PSIL,0,1,1,0.0
PSIM,6,2,8,0.75
PSIN,2,2,4,0.5
PSIP,2,4,6,0.33
PSIS,2,5,7,0.29
PSIb,1,3,4,0.25
PSIh,0,0,0,
PSIl,1,1,2,0.5
PSIm,5,2,7,0.71
PSIn,2,1,3,0.67
PSIs,2,2,4,0.5
PSIt,2,0,2,1.0
PSKB,1,3,4,0.25
PSKD,0,1,1,0.0
PSKH,1,0,1,1.0
PSKK,0,1,1,0.0
PSKL,1,1,2,0.5
PSKM,2,2,4,0.5
PSKN,0,1,1,0.0
PSKP,3,1,4,0.75
PSKS,5,4,9,0.56
PSKb,0,2,2,0.0
PSKh,4,1,5,0.8
PSKl,2,2,4,0.5
PSKm,1,2,3,0.33
PSKn,3,0,3,1.0
PSKs,5,3,8,0.62
PSLB,16,32,48,0.33
PSLD,1,2,3,0.33
PSLH,1,1,2,0.5
PSLK,2,2,4,0.5
PSLL,7,9,16,0.44
PSLM,22,17,39,0.56
PSLN,14,20,34,0.41
PSLP,24,16,40,0.6
PSLS,13,21,34,0.38
PSLb,9,17,26,0.35
PSLh,4,15,19,0.21
PSLj,5,7,12,0.42
PSLl,11,13,24,0.46
PSLm,20,20,40,0.5
PSLn,20,22,42,0.48
PSLs,15,20,35,0.43
PSLt,3,3,6,0.5
PSMB,72,59,131,0.55
PSMD,4,11,15,0.27
PSMH,1,2,3,0.33
PSMK,3,2,5,0.6
PSML,24,15,39,0.62
PSMM,57,86,143,0.4
PSMN,50,47,97,0.52
PSMP,71,71,142,0.5
PSMS,38,52,90,0.42
PSMb,54,38,92,0.59
PSMh,27,48,75,0.36
PSMj,8,9,17,0.47
PSMl,26,22,48,0.54
PSMm,79,69,148,0.53
PSMn,76,78,154,0.49
PSMs,34,57,91,0.37
PSMt,5,11,16,0.31
PSNB,38,48,86,0.44
PSND,2,4,6,0.33
PSNH,7,8,15,0.47
PSNI,1,1,2,0.5
PSNK,6,3,9,0.67
PSNL,12,14,26,0.46
PSNM,34,50,84,0.4
PSNN,54,56,110,0.49
PSNP,74,51,125,0.59
PSNS,37,52,89,0.42
PSNb,32,36,68,0.47
PSNh,9,17,26,0.35
PSNl,18,12,30,0.6
PSNm,51,42,93,0.55
PSNn,48,55,103,0.47
PSNs,47,38,85,0.55
PSNt,14,15,29,0.48
PSPB,52,51,103,0.5
PSPD,8,14,22,0.36
PSPH,17,15,32,0.53
PSPI,10,10,20,0.5
PSPK,5,5,10,0.5
PSPL,30,25,55,0.55
PSPM,69,62,131,0.53
PSPN,55,50,105,0.52
PSPP,76,74,150,0.51
PSPS,71,53,124,0.57
PSPb,49,56,105,0.47
PSPh,8,6,14,0.57
PSPl,19,32,51,0.37
PSPm,80,67,147,0.54
PSPn,46,42,88,0.52
PSPs,67,58,125,0.54
PSPt,4,7,11,0.36
PSSB,41,46,87,0.47
PSSD,9,11,20,0.45
PSSH,25,36,61,0.41
PSSI,2,2,4,0.5
PSSK,3,4,7,0.43
PSSL,24,31,55,0.44
PSSM,59,78,137,0.43
PSSN,56,55,111,0.5
PSSP,64,64,128,0.5
PSSS,87,106,193,0.45
PSSb,31,50,81,0.38
PSSh,24,28,52,0.46
PSSl,23,24,47,0.49
PSSm,78,60,138,0.57
PSSn,60,68,128,0.47
PSSs,90,85,175,0.51
PSSt,5,10,15,0.33
PSbB,25,18,43,0.58
PSbD,3,4,7,0.43
PSbH,5,13,18,0.28
PSbI,3,5,8,0.38
PSbJ,13,11,24,0.54
PSbK,5,9,14,0.36
PSbL,17,17,34,0.5
PSbM,32,42,74,0.43
PSbN,38,46,84,0.45
PSbP,33,38,71,0.46
PSbS,33,33,66,0.5
PSbb,43,28,71,0.61
PSbl,14,16,30,0.47
PSbm,49,46,95,0.52
PSbn,43,32,75,0.57
PSbs,27,20,47,0.57
PShB,20,28,48,0.42
PShD,3,8,11,0.27
PShH,6,8,14,0.43
PShI,2,2,4,0.5
PShK,0,2,2,0.0
PShL,8,10,18,0.44
PShM,31,36,67,0.46
PShN,24,24,48,0.5
PShP,28,31,59,0.47
PShS,31,25,56,0.55
PShb,16,29,45,0.36
PShh,20,28,48,0.42
PShl,14,15,29,0.48
PShm,45,31,76,0.59
PShn,23,22,45,0.51
PShs,35,30,65,0.54
PSht,3,5,8,0.38
PSlB,16,10,26,0.62
PSlD,2,3,5,0.4
PSlH,18,9,27,0.67
PSlI,3,2,5,0.6
PSlJ,9,5,14,0.64
PSlK,3,1,4,0.75
PSlL,9,7,16,0.56
PSlM,25,34,59,0.42
PSlN,26,24,50,0.52
PSlP,24,27,51,0.47
PSlS,24,18,42,0.57
PSlb,26,14,40,0.65
PSll,10,7,17,0.59
PSlm,27,19,46,0.59
PSln,11,5,16,0.69
PSls,15,18,33,0.45
PSmB,39,39,78,0.5
PSmD,14,9,23,0.61
PSmH,50,67,117,0.43
PSmI,4,6,10,0.4
PSmJ,18,11,29,0.62
PSmK,3,0,3,1.0
PSmL,23,24,47,0.49
PSmM,75,67,142,0.53
PSmN,55,64,119,0.46
PSmP,68,66,134,0.51
PSmS,60,65,125,0.48
PSmb,67,51,118,0.57
PSmh,0,1,1,0.0
PSml,29,16,45,0.64
PSmm,69,55,124,0.56
PSmn,60,50,110,0.55
PSms,38,39,77,0.49
PSnB,41,41,82,0.5
PSnD,9,3,12,0.75
PSnH,34,38,72,0.47
PSnI,13,11,24,0.54
PSnK,6,4,10,0.6
PSnL,14,15,29,0.48
PSnM,43,66,109,0.39
PSnN,65,45,110,0.59
PSnP,71,61,132,0.54
PSnS,63,45,108,0.58
PSnb,49,32,81,0.6
PSnh,0,4,4,0.0
PSnl,26,23,49,0.53
PSnm,62,50,112,0.55
PSnn,58,45,103,0.56
PSns,55,44,99,0.56
PSnt,2,1,3,0.67
PSsB,50,39,89,0.56
PSsD,7,9,16,0.44
PSsH,65,65,130,0.5
PSsI,9,8,17,0.53
PSsK,1,0,1,1.0
PSsL,22,18,40,0.55
PSsM,64,80,144,0.44
PSsN,56,56,112,0.5
PSsP,67,67,134,0.5
PSsS,108,92,200,0.54
PSsb,43,35,78,0.55
PSsh,1,7,8,0.12
PSsl,32,22,54,0.59
PSsm,82,60,142,0.58
PSsn,37,34,71,0.52
PSss,80,76,156,0.51
PSst,3,0,3,1.0
PStB,7,9,16,0.44
PStD,1,1,2,0.5
PStH,4,2,6,0.67
PStI,2,1,3,0.67
PStK,1,2,3,0.33
PStL,3,4,7,0.43
PStM,7,11,18,0.39
PStN,7,15,22,0.32
PStP,11,11,22,0.5
PStS,9,9,18,0.5
PStb,12,5,17,0.71
PSth,1,0,1,1.0
PStl,4,6,10,0.4
PStm,8,14,22,0.36
PStn,9,8,17,0.53
PSts,12,11,23,0.52
PStt,2,2,4,0.5
PbBB,71,49,120,0.59
PbBD,2,10,12,0.17
PbBH,0,0,0,
PbBK,4,7,11,0.36
PbBL,13,16,29,0.45
PbBM,47,56,103,0.46
PbBN,65,57,122,0.53
PbBP,58,55,113,0.51
PbBS,43,34,77,0.56
PbBb,54,45,99,0.55
PbBh,4,10,14,0.29
PbBj,19,11,30,0.63
PbBl,15,18,33,0.45
PbBm,51,54,105,0.49
PbBn,67,65,132,0.51
PbBs,31,28,59,0.53
PbBt,9,7,16,0.56
PbDB,4,5,9,0.44
PbDD,1,1,2,0.5
PbDH,2,8,10,0.2
PbDL,1,1,2,0.5
PbDM,5,4,9,0.56
PbDN,5,8,13,0.38
PbDP,5,9,14,0.36
PbDS,4,3,7,0.57
PbDb,2,3,5,0.4
PbDl,2,4,6,0.33
PbDm,11,5,16,0.69
PbDn,4,3,7,0.57
PbDs,1,4,5,0.2
PbDt,1,1,2,0.5
PbHB,7,11,18,0.39
PbHD,1,1,2,0.5
PbHH,2,4,6,0.33
PbHI,4,0,4,1.0
PbHK,0,2,2,0.0
PbHL,5,4,9,0.56
PbHM,13,13,26,0.5
PbHN,14,17,31,0.45
PbHP,18,17,35,0.51
PbHS,8,12,20,0.4
PbHb,13,15,28,0.46
PbHh,6,10,16,0.38
PbHl,7,5,12,0.58
PbHm,14,12,26,0.54
PbHn,13,13,26,0.5
PbHs,9,12,21,0.43
PbHt,2,1,3,0.67
PbIB,8,4,12,0.67
PbID,1,1,2,0.5
PbIH,3,3,6,0.5
PbII,0,0,0,
PbIL,1,4,5,0.2
PbIM,5,10,15,0.33
PbIN,7,5,12,0.58
PbIP,14,8,22,0.64
PbIS,3,4,7,0.43
PbIb,3,5,8,0.38
PbIl,2,5,7,0.29
PbIm,4,8,12,0.33
PbIn,1,7,8,0.12
PbIs,2,4,6,0.33
PbIt,0,1,1,0.0
PbJB,16,10,26,0.62
PbJD,0,0,0,
PbJH,8,6,14,0.57
PbJI,1,5,6,0.17
PbJK,0,0,0,
PbJL,14,7,21,0.67
PbJM,14,17,31,0.45
PbJN,12,12,24,0.5
PbJP,24,17,41,0.59
PbJS,11,16,27,0.41
PbJb,26,22,48,0.54
PbJh,5,2,7,0.71
PbJl,4,6,10,0.4
PbJm,15,17,32,0.47
PbJn,14,4,18,0.78
PbJs,12,10,22,0.55
PbJt,1,1,2,0.5
PbKB,8,6,14,0.57
PbKD,0,1,1,0.0
PbKH,0,2,2,0.0
PbKI,4,1,5,0.8
PbKL,2,1,3,0.67
PbKM,9,8,17,0.53
PbKN,6,9,15,0.4
PbKP,9,5,14,0.64
PbKS,4,5,9,0.44
PbKb,7,4,11,0.64
PbKh,2,6,8,0.25
PbKl,4,1,5,0.8
PbKm,8,14,22,0.36
PbKn,1,7,8,0.12
PbKs,2,7,9,0.22
PbKt,1,0,1,1.0
PbLB,21,20,41,0.51
PbLD,6,1,7,0.86
PbLH,0,2,2,0.0
PbLK,1,0,1,1.0
PbLL,7,11,18,0.39
PbLM,12,17,29,0.41
PbLN,19,17,36,0.53
PbLP,27,30,57,0.47
PbLS,15,18,33,0.45
PbLb,19,22,41,0.46
PbLh,9,7,16,0.56
PbLj,7,3,10,0.7
PbLl,15,5,20,0.75
PbLm,38,29,67,0.57
PbLn,26,23,49,0.53
PbLs,14,11,25,0.56
PbLt,5,1,6,0.83
PbMB,68,65,133,0.51
PbMD,4,8,12,0.33
PbMH,2,2,4,0.5
PbMI,0,1,1,0.0
PbMK,0,3,3,0.0
PbML,20,18,38,0.53
PbMM,51,82,133,0.38
PbMN,44,65,109,0.4
PbMP,66,78,144,0.46
PbMS,34,52,86,0.4
PbMb,71,47,118,0.6
PbMh,40,48,88,0.45
PbMj,6,11,17,0.35
PbMl,21,20,41,0.51
PbMm,85,72,157,0.54
PbMn,79,72,151,0.52
PbMs,57,39,96,0.59
PbMt,7,9,16,0.44
PbNB,58,56,114,0.51
PbND,11,12,23,0.48
PbNH,10,17,27,0.37
PbNI,3,1,4,0.75
PbNK,4,7,11,0.36
PbNL,23,25,48,0.48
PbNM,61,79,140,0.44
PbNN,78,72,150,0.52
PbNP,74,77,151,0.49
PbNS,42,52,94,0.45
PbNb,58,53,111,0.52
PbNh,23,26,49,0.47
PbNl,24,21,45,0.53
PbNm,66,71,137,0.48
PbNn,61,79,140,0.44
PbNs,60,44,104,0.58
PbNt,11,8,19,0.58
PbPB,60,58,118,0.51
PbPD,7,6,13,0.54
PbPH,11,14,25,0.44
PbPI,7,2,9,0.78
PbPK,4,6,10,0.4
PbPL,42,34,76,0.55
PbPM,65,74,139,0.47
PbPN,63,61,124,0.51
PbPP,89,93,182,0.49
PbPS,44,54,98,0.45
PbPb,61,67,128,0.48
PbPh,9,6,15,0.6
PbPl,37,31,68,0.54
PbPm,90,66,156,0.58
PbPn,59,55,114,0.52
PbPs,50,43,93,0.54
PbPt,10,5,15,0.67
PbSB,24,22,46,0.52
PbSD,7,7,14,0.5
PbSH,13,15,28,0.46
PbSI,2,1,3,0.67
PbSK,2,0,2,1.0
PbSL,13,16,29,0.45
PbSM,39,40,79,0.49
PbSN,39,29,68,0.57
PbSP,39,36,75,0.52
PbSS,41,39,80,0.51
PbSb,17,29,46,0.37
PbSh,15,14,29,0.52
PbSl,15,8,23,0.65
PbSm,39,29,68,0.57
PbSn,33,22,55,0.6
PbSs,31,39,70,0.44
PbSt,10,6,16,0.62
PbbB,77,64,141,0.55
PbbD,8,9,17,0.47
PbbH,14,12,26,0.54
PbbI,10,6,16,0.62
PbbJ,24,17,41,0.59
PbbK,4,7,11,0.36
PbbL,30,24,54,0.56
PbbM,68,69,137,0.5
PbbN,81,56,137,0.59
PbbP,77,63,140,0.55
PbbS,31,37,68,0.46
Pbbb,100,73,173,0.58
Pbbl,20,19,39,0.51
Pbbm,63,48,111,0.57
Pbbn,53,46,99,0.54
Pbbs,28,18,46,0.61
PbhS,0,0,0,
Pbhb,0,1,1,0.0
Pbhm,1,0,1,1.0
Pbhn,1,0,1,1.0
Pbhs,1,0,1,1.0
PblB,21,18,39,0.54
PblD,3,1,4,0.75
PblH,18,14,32,0.56
PblI,5,2,7,0.71
PblJ,13,2,15,0.87
PblK,1,2,3,0.33
PblL,10,12,22,0.45
PblM,18,39,57,0.32
PblN,36,25,61,0.59
PblP,29,22,51,0.57
PblS,12,21,33,0.36
Pblb,29,29,58,0.5
Pbll,7,10,17,0.41
Pblm,15,14,29,0.52
Pbln,16,14,30,0.53
Pbls,11,6,17,0.65
PbmB,68,59,127,0.54
PbmD,10,6,16,0.62
PbmH,27,37,64,0.42
PbmI,5,4,9,0.56
PbmJ,13,12,25,0.52
PbmL,29,15,44,0.66
PbmM,55,79,134,0.41
PbmN,65,63,128,0.51
PbmP,80,70,150,0.53
PbmS,26,33,59,0.44
Pbmb,61,51,112,0.54
Pbmh,0,2,2,0.0
Pbml,13,17,30,0.43
Pbmm,54,32,86,0.63
Pbmn,49,55,104,0.47
Pbms,31,16,47,0.66
PbnB,54,44,98,0.55
PbnD,7,5,12,0.58
PbnH,20,24,44,0.45
PbnI,6,6,12,0.5
PbnK,5,5,10,0.5
PbnL,21,21,42,0.5
PbnM,55,65,120,0.46
PbnN,74,58,132,0.56
PbnP,52,65,117,0.44
PbnS,38,34,72,0.53
Pbnb,50,36,86,0.58
Pbnh,3,3,6,0.5
Pbnl,23,12,35,0.66
Pbnm,34,44,78,0.44
Pbnn,28,38,66,0.42
Pbns,33,29,62,0.53
PbsB,20,27,47,0.43
PbsD,4,3,7,0.57
PbsH,33,26,59,0.56
PbsI,1,3,4,0.25
PbsK,1,0,1,1.0
PbsL,9,10,19,0.47
PbsM,35,35,70,0.5
PbsN,28,25,53,0.53
PbsP,45,40,85,0.53
PbsS,31,34,65,0.48
Pbsb,22,24,46,0.48
Pbsh,1,2,3,0.33
Pbsl,9,10,19,0.47
Pbsm,36,21,57,0.63
Pbsn,30,20,50,0.6
Pbss,25,30,55,0.45
Pbst,1,1,2,0.5
PbtH,1,0,1,1.0
PbtP,1,0,1,1.0
Pbts,1,0,1,1.0
PhBB,6,5,11,0.55
PhBD,2,2,4,0.5
PhBK,0,1,1,0.0
PhBL,2,4,6,0.33
PhBM,4,7,11,0.36
PhBN,13,10,23,0.57
PhBP,14,8,22,0.64
PhBS,2,1,3,0.67
PhBb,6,11,17,0.35
PhBh,0,1,1,0.0
PhBj,2,4,6,0.33
PhBl,4,3,7,0.57
PhBm,6,7,13,0.46
PhBn,13,9,22,0.59
PhBs,1,5,6,0.17
PhBt,1,2,3,0.33
PhDD,0,2,2,0.0
PhDH,0,3,3,0.0
PhDL,1,0,1,1.0
PhDM,2,2,4,0.5
PhDN,1,2,3,0.33
PhDP,1,3,4,0.25
PhDS,1,0,1,1.0
PhDb,1,1,2,0.5
PhDl,0,1,1,0.0
PhDm,2,3,5,0.4
PhDn,3,1,4,0.75
PhDs,1,1,2,0.5
PhHB,0,3,3,0.0
PhHH,1,1,2,0.5
PhHI,0,1,1,0.0
PhHL,2,0,2,1.0
PhHM,6,3,9,0.67
PhHN,2,3,5,0.4
PhHP,7,0,7,1.0
PhHS,1,1,2,0.5
PhHb,2,1,3,0.67
PhHh,2,1,3,0.67
PhHl,2,0,2,1.0
PhHm,3,1,4,0.75
PhHn,1,2,3,0.33
PhHs,0,3,3,0.0
PhHt,0,1,1,0.0
PhIB,1,1,2,0.5
PhIH,3,0,3,1.0
PhIL,1,2,3,0.33
PhIM,1,0,1,1.0
PhIP,1,0,1,1.0
PhIS,1,2,3,0.33
PhIb,2,3,5,0.4
PhIh,0,0,0,
PhIm,3,0,3,1.0
PhIn,0,0,0,
PhIs,1,2,3,0.33
PhKM,1,0,1,1.0
PhKP,1,0,1,1.0
PhKS,1,0,1,1.0
PhKh,1,0,1,1.0
PhKm,1,0,1,1.0
PhKs,0,0,0,
PhLB,3,2,5,0.6
PhLK,1,0,1,1.0
PhLL,0,0,0,
PhLM,1,5,6,0.17
PhLN,2,0,2,1.0
PhLP,7,8,15,0.47
PhLS,4,2,6,0.67
PhLb,4,1,5,0.8
PhLh,3,0,3,1.0
PhLj,0,1,1,0.0
PhLl,0,1,1,0.0
PhLm,4,2,6,0.67
PhLn,3,4,7,0.43
PhLs,0,0,0,
PhMB,5,11,16,0.31
PhMD,1,2,3,0.33
PhMH,1,0,1,1.0
PhMI,0,1,1,0.0
PhML,6,0,6,1.0
PhMM,4,11,15,0.27
PhMN,10,17,27,0.37
PhMP,10,6,16,0.62
PhMS,4,9,13,0.31
PhMb,6,6,12,0.5
PhMh,8,12,20,0.4
PhMj,1,2,3,0.33
PhMl,3,5,8,0.38
PhMm,9,12,21,0.43
PhMn,10,13,23,0.43
PhMs,5,7,12,0.42
PhNB,6,5,11,0.55
PhNH,2,1,3,0.67
PhNI,1,0,1,1.0
PhNK,2,0,2,1.0
PhNL,1,0,1,1.0
PhNM,7,12,19,0.37
PhNN,8,5,13,0.62
PhNP,3,10,13,0.23
PhNS,4,10,14,0.29
PhNb,3,3,6,0.5
PhNh,1,2,3,0.33
PhNl,4,2,6,0.67
PhNm,12,11,23,0.52
PhNn,7,10,17,0.41
PhNs,3,5,8,0.38
PhNt,0,3,3,0.0
PhPB,6,11,17,0.35
PhPD,2,0,2,1.0
PhPH,6,4,10,0.6
PhPI,0,2,2,0.0
PhPK,0,1,1,0.0
PhPL,4,2,6,0.67
PhPM,13,9,22,0.59
PhPN,7,11,18,0.39
PhPP,15,11,26,0.58
PhPS,10,8,18,0.56
PhPb,14,9,23,0.61
PhPh,0,0,0,
PhPl,4,5,9,0.44
PhPm,16,8,24,0.67
PhPn,6,8,14,0.43
PhPs,5,8,13,0.38
PhPt,0,0,0,
PhSB,9,5,14,0.64
PhSD,2,0,2,1.0
PhSH,5,0,5,1.0
PhSK,0,1,1,0.0
PhSL,1,2,3,0.33
PhSM,11,14,25,0.44
PhSN,7,12,19,0.37
PhSP,7,9,16,0.44
PhSS,11,14,25,0.44
PhSb,5,8,13,0.38
PhSh,6,3,9,0.67
PhSl,4,2,6,0.67
PhSm,8,8,16,0.5
PhSn,9,5,14,0.64
PhSs,8,10,18,0.44
PhSt,3,1,4,0.75
PhbB,3,6,9,0.33
PhbD,1,0,1,1.0
PhbH,5,1,6,0.83
PhbJ,5,4,9,0.56
PhbK,0,1,1,0.0
PhbL,3,6,9,0.33
PhbM,4,9,13,0.31
PhbN,6,15,21,0.29
PhbP,10,9,19,0.53
PhbS,7,2,9,0.78
Phbb,10,7,17,0.59
Phbh,0,0,0,
Phbl,2,1,3,0.67
Phbm,6,5,11,0.55
Phbn,6,1,7,0.86
Phbs,5,4,9,0.56
PhhB,5,6,11,0.45
PhhD,0,1,1,0.0
PhhH,4,4,8,0.5
PhhL,0,2,2,0.0
PhhM,7,11,18,0.39
PhhN,1,9,10,0.1
PhhP,9,7,16,0.56
PhhS,4,4,8,0.5
Phhb,3,4,7,0.43
Phhh,4,10,14,0.29
Phhl,1,1,2,0.5
Phhm,10,5,15,0.67
Phhn,6,7,13,0.46
Phhs,10,10,20,0.5
Phht,1,0,1,1.0
PhlB,4,2,6,0.67
PhlD,1,0,1,1.0
PhlH,2,2,4,0.5
PhlI,1,1,2,0.5
PhlJ,1,1,2,0.5
PhlK,1,0,1,1.0
PhlL,2,0,2,1.0
PhlM,1,7,8,0.12
PhlN,2,2,4,0.5
PhlP,0,6,6,0.0
PhlS,7,4,11,0.64
Phlb,3,3,6,0.5
Phlh,0,1,1,0.0
Phll,1,2,3,0.33
Phlm,5,3,8,0.62
Phln,2,2,4,0.5
Phls,2,1,3,0.67
PhmB,12,3,15,0.8
PhmD,1,3,4,0.25
PhmH,8,7,15,0.53
PhmI,2,1,3,0.67
PhmJ,2,2,4,0.5
PhmL,8,5,13,0.62
PhmM,10,19,29,0.34
PhmN,9,6,15,0.6
PhmP,11,7,18,0.61
PhmS,6,6,12,0.5
Phmb,10,13,23,0.43
Phmh,0,1,1,0.0
Phml,2,4,6,0.33
Phmm,15,13,28,0.54
Phmn,9,9,18,0.5
Phms,6,8,14,0.43
PhnB,4,3,7,0.57
PhnD,1,2,3,0.33
PhnH,2,3,5,0.4
PhnI,1,0,1,1.0
PhnK,0,1,1,0.0
PhnL,2,2,4,0.5
PhnM,4,11,15,0.27
PhnN,6,5,11,0.55
PhnP,7,6,13,0.54
PhnS,5,10,15,0.33
Phnb,4,2,6,0.67
Phnh,2,1,3,0.67
Phnl,4,3,7,0.57
Phnm,12,5,17,0.71
Phnn,6,5,11,0.55
Phns,13,7,20,0.65
PhsB,4,8,12,0.33
PhsD,3,1,4,0.75
PhsH,8,7,15,0.53
PhsI,2,1,3,0.67
PhsK,0,1,1,0.0
PhsL,5,3,8,0.62
PhsM,13,7,20,0.65
PhsN,7,6,13,0.54
PhsP,8,7,15,0.53
PhsS,10,16,26,0.38
Phsb,5,4,9,0.56
Phsh,0,1,1,0.0
Phsl,3,3,6,0.5
Phsm,7,7,14,0.5
Phsn,4,1,5,0.8
Phss,9,12,21,0.43
Phst,1,0,1,1.0
PhtB,0,1,1,0.0
PhtM,2,2,4,0.5
PhtP,1,2,3,0.33
PhtS,1,0,1,1.0
Phtb,1,0,1,1.0
Phtm,1,2,3,0.33
Phtn,0,1,1,0.0
Phts,2,1,3,0.67
PlBB,17,13,30,0.57
PlBD,3,3,6,0.5
PlBI,0,1,1,0.0
PlBK,1,0,1,1.0
PlBL,8,8,16,0.5
PlBM,30,29,59,0.51
PlBN,29,26,55,0.53
PlBP,36,34,70,0.51
PlBS,14,20,34,0.41
PlBb,24,19,43,0.56
PlBh,1,2,3,0.33
PlBj,2,8,10,0.2
PlBl,16,12,28,0.57
PlBm,19,20,39,0.49
PlBn,26,34,60,0.43
PlBs,19,15,34,0.56
PlBt,4,4,8,0.5
PlDB,0,0,0,
PlDD,0,0,0,
PlDH,2,2,4,0.5
PlDI,0,0,0,
PlDL,3,0,3,1.0
PlDM,3,6,9,0.33
PlDN,2,1,3,0.67
PlDP,1,3,4,0.25
PlDS,1,2,3,0.33
PlDb,3,2,5,0.6
PlDl,2,0,2,1.0
PlDm,2,1,3,0.67
PlDn,2,2,4,0.5
PlDs,2,3,5,0.4
PlHB,13,10,23,0.57
PlHD,1,3,4,0.25
PlHH,3,0,3,1.0
PlHI,1,1,2,0.5
PlHK,2,3,5,0.4
PlHL,5,5,10,0.5
PlHM,13,24,37,0.35
PlHN,14,15,29,0.48
PlHP,19,19,38,0.5
PlHS,8,11,19,0.42
PlHb,12,12,24,0.5
PlHh,5,7,12,0.42
PlHl,8,4,12,0.67
PlHm,10,14,24,0.42
PlHn,14,12,26,0.54
PlHs,11,9,20,0.55
PlHt,1,1,2,0.5
PlIB,6,3,9,0.67
PlIH,4,0,4,1.0
PlII,0,0,0,
PlIL,3,2,5,0.6
PlIM,2,3,5,0.4
PlIN,3,3,6,0.5
PlIP,3,5,8,0.38
PlIS,1,1,2,0.5
PlIb,3,4,7,0.43
PlIl,0,0,0,
PlIm,0,2,2,0.0
PlIn,1,1,2,0.5
PlIs,0,2,2,0.0
PlJB,8,5,13,0.62
PlJD,0,1,1,0.0
PlJH,7,3,10,0.7
PlJK,0,1,1,0.0
PlJL,5,1,6,0.83
PlJM,7,10,17,0.41
PlJN,6,7,13,0.46
PlJP,12,8,20,0.6
PlJS,5,8,13,0.38
PlJb,9,6,15,0.6
PlJh,1,2,3,0.33
PlJl,0,1,1,0.0
PlJm,6,6,12,0.5
PlJn,6,5,11,0.55
PlJs,5,10,15,0.33
PlJt,1,1,2,0.5
PlKB,0,3,3,0.0
PlKD,0,2,2,0.0
PlKH,1,0,1,1.0
PlKI,2,0,2,1.0
PlKL,1,0,1,1.0
PlKM,0,3,3,0.0
PlKN,1,1,2,0.5
PlKP,2,1,3,0.67
PlKS,0,1,1,0.0
PlKb,1,4,5,0.2
PlKh,0,1,1,0.0
PlKl,1,1,2,0.5
PlKm,4,1,5,0.8
PlKn,1,1,2,0.5
PlKs,0,1,1,0.0
PlLB,22,4,26,0.85
PlLD,1,1,2,0.5
PlLK,2,0,2,1.0
PlLL,7,6,13,0.54
PlLM,3,10,13,0.23
PlLN,10,13,23,0.43
PlLP,15,15,30,0.5
PlLS,4,11,15,0.27
PlLb,12,8,20,0.6
PlLh,2,4,6,0.33
PlLj,3,6,9,0.33
PlLl,5,6,11,0.45
PlLm,16,9,25,0.64
PlLn,15,11,26,0.58
PlLs,5,9,14,0.36
PlLt,2,1,3,0.67
PlMB,25,24,49,0.51
PlMD,4,3,7,0.57
PlMK,1,0,1,1.0
PlML,8,10,18,0.44
PlMM,34,23,57,0.6
PlMN,23,29,52,0.44
PlMP,28,26,54,0.52
PlMS,21,25,46,0.46
PlMb,28,25,53,0.53
PlMh,19,19,38,0.5
PlMj,9,4,13,0.69
PlMl,17,14,31,0.55
PlMm,34,30,64,0.53
PlMn,41,26,67,0.61
PlMs,24,15,39,0.62
PlMt,1,0,1,1.0
PlNB,21,18,39,0.54
PlND,2,2,4,0.5
PlNH,5,3,8,0.62
PlNI,2,0,2,1.0
PlNK,0,2,2,0.0
PlNL,11,16,27,0.41
PlNM,26,32,58,0.45
PlNN,21,27,48,0.44
PlNP,39,41,80,0.49
PlNS,23,19,42,0.55
PlNb,20,25,45,0.44
PlNh,10,8,18,0.56
PlNl,11,11,22,0.5
PlNm,24,21,45,0.53
PlNn,30,38,68,0.44
PlNs,19,17,36,0.53
PlNt,5,8,13,0.38
PlPB,13,29,42,0.31
PlPD,2,3,5,0.4
PlPH,9,3,12,0.75
PlPI,2,2,4,0.5
PlPK,3,2,5,0.6
PlPL,22,7,29,0.76
PlPM,25,36,61,0.41
PlPN,17,21,38,0.45
PlPP,34,46,80,0.42
PlPS,14,20,34,0.41
PlPb,33,33,66,0.5
PlPh,8,1,9,0.89
PlPl,12,13,25,0.48
PlPm,33,23,56,0.59
PlPn,25,22,47,0.53
PlPs,19,20,39,0.49
PlPt,6,3,9,0.67
PlSB,6,13,19,0.32
PlSD,4,3,7,0.57
PlSH,6,7,13,0.46
PlSI,0,0,0,
PlSL,8,11,19,0.42
PlSM,19,19,38,0.5
PlSN,13,22,35,0.37
PlSP,22,21,43,0.51
PlSS,29,23,52,0.56
PlSb,16,7,23,0.7
PlSh,11,7,18,0.61
PlSl,5,6,11,0.45
PlSm,22,21,43,0.51
PlSn,17,15,32,0.53
PlSs,19,27,46,0.41
PlSt,4,4,8,0.5
PlbB,22,15,37,0.59
PlbD,3,2,5,0.6
PlbH,4,11,15,0.27
PlbI,3,1,4,0.75
PlbJ,10,3,13,0.77
PlbK,1,1,2,0.5
PlbL,14,8,22,0.64
PlbM,26,25,51,0.51
PlbN,27,21,48,0.56
PlbP,30,24,54,0.56
PlbS,12,12,24,0.5
Plbb,40,30,70,0.57
Plbl,13,8,21,0.62
Plbm,31,14,45,0.69
Plbn,28,20,48,0.58
Plbs,20,4,24,0.83
PlhM,0,2,2,0.0
PlhS,0,1,1,0.0
Plhb,0,2,2,0.0
Plhh,0,1,1,0.0
Plhl,0,0,0,
Plhm,2,0,2,1.0
PllB,7,13,20,0.35
PllD,2,0,2,1.0
PllH,5,6,11,0.45
PllI,0,0,0,
PllJ,3,4,7,0.43
PllK,1,0,1,1.0
PllL,4,7,11,0.36
PllM,11,13,24,0.46
PllN,11,11,22,0.5
PllP,13,16,29,0.45
PllS,7,6,13,0.54
Pllb,19,4,23,0.83
Pllh,0,1,1,0.0
Plll,5,1,6,0.83
Pllm,9,6,15,0.6
Plln,11,9,20,0.55
Plls,4,4,8,0.5
PlmB,34,27,61,0.56
PlmD,3,2,5,0.6
PlmH,15,27,42,0.36
PlmI,2,1,3,0.67
PlmJ,2,5,7,0.29
PlmL,16,16,32,0.5
PlmM,27,33,60,0.45
PlmN,26,16,42,0.62
PlmP,31,25,56,0.55
PlmS,11,11,22,0.5
Plmb,31,29,60,0.52
Plmh,0,3,3,0.0
Plml,5,8,13,0.38
Plmm,17,25,42,0.4
Plmn,18,15,33,0.55
Plms,12,12,24,0.5
PlnB,11,9,20,0.55
PlnD,6,2,8,0.75
PlnH,6,11,17,0.35
PlnI,4,3,7,0.57
PlnK,1,1,2,0.5
PlnL,6,5,11,0.55
PlnM,16,33,49,0.33
PlnN,21,26,47,0.45
PlnP,28,23,51,0.55
PlnS,17,13,30,0.57
Plnb,15,15,30,0.5
Plnh,1,0,1,1.0
Plnl,6,7,13,0.46
Plnm,29,10,39,0.74
Plnn,13,21,34,0.38
Plns,10,15,25,0.4
Plnt,2,0,2,1.0
PlsB,8,13,21,0.38
PlsD,5,0,5,1.0
PlsH,10,9,19,0.53
PlsI,2,5,7,0.29
PlsK,0,1,1,0.0
PlsL,7,12,19,0.37
PlsM,18,13,31,0.58
PlsN,12,9,21,0.57
PlsP,18,18,36,0.5
PlsS,16,18,34,0.47
Plsb,10,10,20,0.5
Plsh,1,0,1,1.0
Plsl,6,11,17,0.35
Plsm,22,15,37,0.59
Plsn,11,17,28,0.39
Plss,13,23,36,0.36
Plst,1,0,1,1.0
PltM,0,0,0,
PmBB,70,62,132,0.53
PmBD,12,7,19,0.63
PmBH,1,2,3,0.33
PmBK,7,10,17,0.41
PmBL,20,21,41,0.49
PmBM,50,82,132,0.38
PmBN,57,88,145,0.39
PmBP,68,75,143,0.48
PmBS,34,50,84,0.4
PmBb,73,50,123,0.59
PmBh,6,7,13,0.46
PmBj,27,21,48,0.56
PmBl,20,24,44,0.45
PmBm,84,70,154,0.55
PmBn,95,86,181,0.52
PmBs,37,58,95,0.39
PmBt,12,11,23,0.52
PmDB,6,4,10,0.6
PmDD,2,8,10,0.2
PmDH,5,7,12,0.42
PmDI,0,1,1,0.0
PmDK,0,1,1,0.0
PmDL,4,2,6,0.67
PmDM,14,15,29,0.48
PmDN,10,16,26,0.38
PmDP,13,10,23,0.57
PmDS,14,10,24,0.58
PmDb,15,9,24,0.62
PmDh,0,0,0,
PmDl,5,7,12,0.42
PmDm,10,11,21,0.48
PmDn,8,12,20,0.4
PmDs,15,7,22,0.68
PmDt,0,4,4,0.0
PmHB,57,43,100,0.57
PmHD,4,6,10,0.4
PmHH,14,9,23,0.61
PmHI,4,6,10,0.4
PmHK,1,3,4,0.25
PmHL,14,27,41,0.34
PmHM,48,74,122,0.39
PmHN,49,54,103,0.48
PmHP,73,62,135,0.54
PmHS,45,59,104,0.43
PmHb,57,34,91,0.63
PmHh,26,24,50,0.52
PmHl,30,21,51,0.59
PmHm,79,64,143,0.55
PmHn,55,59,114,0.48
PmHs,57,52,109,0.52
PmHt,4,5,9,0.44
PmIB,7,2,9,0.78
PmID,1,0,1,1.0
PmIH,5,9,14,0.36
PmII,2,1,3,0.67
PmIK,1,0,1,1.0
PmIL,0,1,1,0.0
PmIM,4,12,16,0.25
PmIN,7,6,13,0.54
PmIP,7,9,16,0.44
PmIS,8,6,14,0.57
PmIb,4,5,9,0.44
PmIh,1,0,1,1.0
PmIl,0,4,4,0.0
PmIm,14,7,21,0.67
PmIn,8,4,12,0.67
PmIs,4,5,9,0.44
PmIt,1,0,1,1.0
PmJB,9,12,21,0.43
PmJD,3,4,7,0.43
PmJH,8,3,11,0.73
PmJI,3,4,7,0.43
PmJK,0,3,3,0.0
PmJL,9,9,18,0.5
PmJM,18,23,41,0.44
PmJN,16,9,25,0.64
PmJP,17,18,35,0.49
PmJS,10,14,24,0.42
PmJb,4,20,24,0.17
PmJh,1,4,5,0.2
PmJl,12,6,18,0.67
PmJm,30,14,44,0.68
PmJn,7,9,16,0.44
PmJs,15,7,22,0.68
PmJt,4,4,8,0.5
PmKB,1,0,1,1.0
PmKI,1,0,1,1.0
PmKM,2,3,5,0.4
PmKN,0,2,2,0.0
PmKP,4,2,6,0.67
PmKS,0,4,4,0.0
PmKb,2,3,5,0.4
PmKh,0,0,0,
PmKm,4,1,5,0.8
PmKn,1,3,4,0.25
PmKs,3,2,5,0.6
PmLB,17,29,46,0.37
PmLD,1,0,1,1.0
PmLH,0,1,1,0.0
PmLK,2,3,5,0.4
PmLL,11,11,22,0.5
PmLM,30,34,64,0.47
PmLN,30,23,53,0.57
PmLP,26,27,53,0.49
PmLS,18,29,47,0.38
PmLb,25,19,44,0.57
PmLh,14,15,29,0.48
PmLj,3,6,9,0.33
PmLl,10,5,15,0.67
PmLm,39,26,65,0.6
PmLn,28,27,55,0.51
PmLs,23,20,43,0.53
PmLt,3,2,5,0.6
PmMB,64,59,123,0.52
PmMD,14,14,28,0.5
PmMH,1,1,2,0.5
PmMK,1,6,7,0.14
PmML,32,27,59,0.54
PmMM,89,113,202,0.44
PmMN,77,92,169,0.46
PmMP,86,92,178,0.48
PmMS,56,67,123,0.46
PmMb,64,60,124,0.52
PmMh,53,70,123,0.43
PmMj,10,13,23,0.43
PmMl,34,23,57,0.6
PmMm,111,80,191,0.58
PmMn,116,112,228,0.51
PmMs,76,65,141,0.54
PmMt,15,11,26,0.58
PmNB,67,58,125,0.54
PmND,12,14,26,0.46
PmNH,17,12,29,0.59
PmNI,2,1,3,0.67
PmNK,14,13,27,0.52
PmNL,20,33,53,0.38
PmNM,65,87,152,0.43
PmNN,93,108,201,0.46
PmNP,99,107,206,0.48
PmNS,80,71,151,0.53
PmNb,54,56,110,0.49
PmNh,21,21,42,0.5
PmNl,33,13,46,0.72
PmNm,84,82,166,0.51
PmNn,101,91,192,0.53
PmNs,64,67,131,0.49
PmNt,20,14,34,0.59
PmPB,70,69,139,0.5
PmPD,10,8,18,0.56
PmPH,21,31,52,0.4
PmPI,12,9,21,0.57
PmPK,9,15,24,0.38
PmPL,32,43,75,0.43
PmPM,85,85,170,0.5
PmPN,84,86,170,0.49
PmPP,122,121,243,0.5
PmPS,63,64,127,0.5
PmPb,84,88,172,0.49
PmPh,13,11,24,0.54
PmPl,38,30,68,0.56
PmPm,89,81,170,0.52
PmPn,68,66,134,0.51
PmPs,57,56,113,0.5
PmPt,11,8,19,0.58
PmSB,39,38,77,0.51
PmSD,10,3,13,0.77
PmSH,21,18,39,0.54
PmSI,1,1,2,0.5
PmSK,1,0,1,1.0
PmSL,21,16,37,0.57
PmSM,53,80,133,0.4
PmSN,56,51,107,0.52
PmSP,69,57,126,0.55
PmSS,65,62,127,0.51
PmSb,37,31,68,0.54
PmSh,21,29,50,0.42
PmSl,21,14,35,0.6
PmSm,60,51,111,0.54
PmSn,50,42,92,0.54
PmSs,58,67,125,0.46
PmSt,9,12,21,0.43
PmbB,83,80,163,0.51
PmbD,9,7,16,0.56
PmbH,19,25,44,0.43
PmbI,8,9,17,0.47
PmbJ,26,13,39,0.67
PmbK,8,6,14,0.57
PmbL,21,25,46,0.46
PmbM,64,87,151,0.42
PmbN,84,83,167,0.5
PmbP,97,81,178,0.54
PmbS,37,39,76,0.49
Pmbb,84,93,177,0.47
Pmbh,1,2,3,0.33
Pmbl,25,13,38,0.66
Pmbm,66,40,106,0.62
Pmbn,57,48,105,0.54
Pmbs,34,28,62,0.55
PmhB,2,0,2,1.0
PmhI,0,1,1,0.0
PmhL,0,1,1,0.0
PmhM,0,7,7,0.0
PmhP,1,0,1,1.0
PmhS,0,1,1,0.0
Pmhb,1,0,1,1.0
Pmhh,1,0,1,1.0
Pmhl,0,1,1,0.0
Pmhm,5,0,5,1.0
Pmhs,2,0,2,1.0
PmlB,23,20,43,0.53
PmlD,2,0,2,1.0
PmlH,12,8,20,0.6
PmlI,1,5,6,0.17
PmlJ,6,8,14,0.43
PmlK,1,1,2,0.5
PmlL,11,12,23,0.48
PmlM,25,31,56,0.45
PmlN,32,29,61,0.52
PmlP,20,25,45,0.44
PmlS,15,12,27,0.56
Pmlb,31,23,54,0.57
Pmlh,0,0,0,
Pmll,4,12,16,0.25
Pmlm,24,18,42,0.57
Pmln,18,12,30,0.6
Pmls,17,16,33,0.52
PmmB,76,60,136,0.56
PmmD,8,12,20,0.4
PmmH,43,51,94,0.46
PmmI,12,5,17,0.71
PmmJ,17,15,32,0.53
PmmK,1,0,1,1.0
PmmL,28,28,56,0.5
PmmM,80,103,183,0.44
PmmN,87,80,167,0.52
PmmP,83,81,164,0.51
PmmS,56,48,104,0.54
Pmmb,84,63,147,0.57
Pmmh,0,4,4,0.0
Pmml,12,13,25,0.48
Pmmm,84,61,145,0.58
Pmmn,64,55,119,0.54
Pmms,31,29,60,0.52
Pmmt,0,0,0,
PmnB,47,49,96,0.49
PmnD,7,12,19,0.37
PmnH,40,32,72,0.56
PmnI,9,9,18,0.5
PmnK,9,6,15,0.6
PmnL,14,24,38,0.37
PmnM,58,79,137,0.42
PmnN,79,90,169,0.47
PmnP,79,72,151,0.52
PmnS,57,39,96,0.59
Pmnb,59,49,108,0.55
Pmnh,6,6,12,0.5
Pmnl,13,11,24,0.54
Pmnm,71,67,138,0.51
Pmnn,62,57,119,0.52
Pmns,57,40,97,0.59
Pmnt,1,2,3,0.33
PmsB,34,30,64,0.53
PmsD,10,7,17,0.59
PmsH,30,40,70,0.43
PmsI,4,6,10,0.4
PmsK,0,1,1,0.0
PmsL,14,21,35,0.4
PmsM,48,67,115,0.42
PmsN,43,48,91,0.47
PmsP,39,43,82,0.48
PmsS,46,47,93,0.49
Pmsb,31,29,60,0.52
Pmsh,4,1,5,0.8
Pmsl,18,10,28,0.64
Pmsm,38,33,71,0.54
Pmsn,32,29,61,0.52
Pmss,48,43,91,0.53
PmtB,2,0,2,1.0
PmtH,0,1,1,0.0
PmtM,0,2,2,0.0
PmtP,0,1,1,0.0
Pmtl,1,0,1,1.0
Pmtm,0,1,1,0.0
Pmts,0,1,1,0.0
PnBB,47,68,115,0.41
PnBD,6,6,12,0.5
PnBH,0,2,2,0.0
PnBI,0,1,1,0.0
PnBK,3,8,11,0.27
PnBL,25,14,39,0.64
PnBM,43,49,92,0.47
PnBN,49,64,113,0.43
PnBP,55,54,109,0.5
PnBS,23,33,56,0.41
PnBb,46,45,91,0.51
PnBh,4,5,9,0.44
PnBj,10,6,16,0.62
PnBl,21,15,36,0.58
PnBm,55,54,109,0.5
PnBn,48,66,114,0.42
PnBs,28,25,53,0.53
PnBt,7,5,12,0.58
PnDB,4,3,7,0.57
PnDD,4,4,8,0.5
PnDH,7,8,15,0.47
PnDI,2,0,2,1.0
PnDK,1,0,1,1.0
PnDL,3,7,10,0.3
PnDM,11,11,22,0.5
PnDN,8,2,10,0.8
PnDP,7,13,20,0.35
PnDS,11,11,22,0.5
PnDb,4,8,12,0.33
PnDh,0,1,1,0.0
PnDl,6,5,11,0.55
PnDm,11,13,24,0.46
PnDn,4,7,11,0.36
PnDs,11,3,14,0.79
PnDt,4,3,7,0.57
PnHB,20,30,50,0.4
PnHD,6,9,15,0.4
PnHH,5,8,13,0.38
PnHI,6,3,9,0.67
PnHK,0,5,5,0.0
PnHL,9,8,17,0.53
PnHM,35,41,76,0.46
PnHN,44,38,82,0.54
PnHP,37,42,79,0.47
PnHS,33,37,70,0.47
PnHb,33,26,59,0.56
PnHh,12,19,31,0.39
PnHl,15,14,29,0.52
PnHm,54,37,91,0.59
PnHn,23,28,51,0.45
PnHs,34,24,58,0.59
PnHt,4,3,7,0.57
PnIB,9,7,16,0.56
PnID,4,1,5,0.8
PnIH,9,9,18,0.5
PnII,2,3,5,0.4
PnIL,3,6,9,0.33
PnIM,12,22,34,0.35
PnIN,6,12,18,0.33
PnIP,20,9,29,0.69
PnIS,10,12,22,0.45
PnIb,18,9,27,0.67
PnIh,0,1,1,0.0
PnIl,5,4,9,0.56
PnIm,15,7,22,0.68
PnIn,9,8,17,0.53
PnIs,12,9,21,0.57
PnIt,1,0,1,1.0
PnKB,2,1,3,0.67
PnKD,1,0,1,1.0
PnKH,2,2,4,0.5
PnKI,2,1,3,0.67
PnKK,0,0,0,
PnKL,3,3,6,0.5
PnKM,9,11,20,0.45
PnKN,8,5,13,0.62
PnKP,6,3,9,0.67
PnKS,5,3,8,0.62
PnKb,4,5,9,0.44
PnKh,6,8,14,0.43
PnKl,3,3,6,0.5
PnKm,8,9,17,0.47
PnKn,7,3,10,0.7
PnKs,6,4,10,0.6
PnKt,1,0,1,1.0
PnLB,22,16,38,0.58
PnLD,4,3,7,0.57
PnLK,3,2,5,0.6
PnLL,10,11,21,0.48
PnLM,17,24,41,0.41
PnLN,15,19,34,0.44
PnLP,25,28,53,0.47
PnLS,10,19,29,0.34
PnLb,13,15,28,0.46
PnLh,7,10,17,0.41
PnLj,7,6,13,0.54
PnLl,8,10,18,0.44
PnLm,22,34,56,0.39
PnLn,29,25,54,0.54
PnLs,19,17,36,0.53
PnLt,3,3,6,0.5
PnMB,52,68,120,0.43
PnMD,9,4,13,0.69
PnMH,0,0,0,
PnMK,1,0,1,1.0
PnML,16,29,45,0.36
PnMM,58,64,122,0.48
PnMN,56,69,125,0.45
PnMP,52,69,121,0.43
PnMS,46,40,86,0.53
PnMb,59,60,119,0.5
PnMh,43,47,90,0.48
PnMj,8,10,18,0.44
PnMl,23,29,52,0.44
PnMm,86,74,160,0.54
PnMn,85,92,177,0.48
PnMs,49,39,88,0.56
PnMt,5,8,13,0.38
PnNB,56,61,117,0.48
PnND,9,12,21,0.43
PnNH,12,13,25,0.48
PnNI,1,1,2,0.5
PnNK,9,13,22,0.41
PnNL,18,25,43,0.42
PnNM,70,78,148,0.47
PnNN,89,83,172,0.52
PnNP,97,85,182,0.53
PnNS,68,59,127,0.54
PnNb,47,64,111,0.42
PnNh,25,20,45,0.56
PnNl,29,16,45,0.64
PnNm,89,68,157,0.57
PnNn,106,92,198,0.54
PnNs,61,65,126,0.48
PnNt,11,20,31,0.35
PnPB,86,56,142,0.61
PnPD,9,8,17,0.53
PnPH,22,25,47,0.47
PnPI,12,9,21,0.57
PnPK,6,12,18,0.33
PnPL,40,39,79,0.51
PnPM,93,90,183,0.51
PnPN,95,95,190,0.5
PnPP,109,120,229,0.48
PnPS,63,87,150,0.42
PnPb,76,76,152,0.5
PnPh,10,10,20,0.5
PnPl,43,48,91,0.47
PnPm,93,81,174,0.53
PnPn,78,78,156,0.5
PnPs,73,58,131,0.56
PnPt,20,10,30,0.67
PnSB,36,42,78,0.46
PnSD,10,6,16,0.62
PnSH,27,13,40,0.68
PnSI,6,0,6,1.0
PnSK,2,3,5,0.4
PnSL,16,30,46,0.35
PnSM,59,60,119,0.5
PnSN,48,55,103,0.47
PnSP,73,51,124,0.59
PnSS,54,52,106,0.51
PnSb,39,33,72,0.54
PnSh,30,28,58,0.52
PnSl,35,17,52,0.67
PnSm,92,60,152,0.61
PnSn,53,48,101,0.52
PnSs,65,68,133,0.49
PnSt,9,6,15,0.6
PnbB,51,54,105,0.49
PnbD,4,5,9,0.44
PnbH,12,11,23,0.52
PnbI,8,4,12,0.67
PnbJ,22,13,35,0.63
PnbK,2,9,11,0.18
PnbL,21,22,43,0.49
PnbM,60,60,120,0.5
PnbN,70,57,127,0.55
PnbP,58,64,122,0.48
PnbS,26,30,56,0.46
Pnbb,61,53,114,0.54
Pnbl,19,20,39,0.49
Pnbm,61,43,104,0.59
Pnbn,58,53,111,0.52
Pnbs,33,28,61,0.54
PnhB,2,5,7,0.29
PnhD,0,1,1,0.0
PnhI,1,2,3,0.33
PnhL,1,2,3,0.33
PnhM,4,7,11,0.36
PnhN,3,3,6,0.5
PnhP,6,9,15,0.4
PnhS,2,7,9,0.22
Pnhb,1,2,3,0.33
Pnhh,3,7,10,0.3
Pnhl,4,1,5,0.8
Pnhm,5,4,9,0.56
Pnhn,3,3,6,0.5
Pnhs,5,7,12,0.42
PnlB,23,20,43,0.53
PnlD,1,2,3,0.33
PnlH,19,14,33,0.58
PnlI,1,1,2,0.5
PnlJ,6,6,12,0.5
PnlK,2,0,2,1.0
PnlL,17,9,26,0.65
PnlM,17,21,38,0.45
PnlN,22,26,48,0.46
PnlP,22,27,49,0.45
PnlS,20,19,39,0.51
Pnlb,26,29,55,0.47
Pnll,11,7,18,0.61
Pnlm,15,21,36,0.42
Pnln,20,23,43,0.47
Pnls,18,11,29,0.62
PnmB,56,68,124,0.45
PnmD,10,7,17,0.59
PnmH,52,54,106,0.49
PnmI,6,6,12,0.5
PnmJ,19,12,31,0.61
PnmK,1,3,4,0.25
PnmL,18,34,52,0.35
PnmM,65,75,140,0.46
PnmN,88,79,167,0.53
PnmP,61,76,137,0.45
PnmS,43,45,88,0.49
Pnmb,65,56,121,0.54
Pnmh,1,1,2,0.5
Pnml,12,15,27,0.44
Pnmm,75,76,151,0.5
Pnmn,71,55,126,0.56
Pnms,43,33,76,0.57
Pnmt,1,0,1,1.0
PnnB,40,42,82,0.49
PnnD,10,10,20,0.5
PnnH,27,46,73,0.37
PnnI,11,9,20,0.55
PnnK,4,4,8,0.5
PnnL,24,27,51,0.47
PnnM,58,71,129,0.45
PnnN,80,62,142,0.56
PnnP,87,91,178,0.49
PnnS,44,67,111,0.4
Pnnb,51,42,93,0.55
Pnnh,2,5,7,0.29
Pnnl,23,22,45,0.51
Pnnm,70,61,131,0.53
Pnnn,55,57,112,0.49
Pnns,48,41,89,0.54
PnsB,24,40,64,0.38
PnsD,8,7,15,0.53
PnsH,47,51,98,0.48
PnsI,11,9,20,0.55
PnsK,4,1,5,0.8
PnsL,13,21,34,0.38
PnsM,54,65,119,0.45
PnsN,51,53,104,0.49
PnsP,60,59,119,0.5
PnsS,66,63,129,0.51
Pnsb,45,31,76,0.59
Pnsh,5,6,11,0.45
Pnsl,19,17,36,0.53
Pnsm,46,60,106,0.43
Pnsn,31,40,71,0.44
Pnss,55,57,112,0.49
PntB,1,3,4,0.25
PntI,0,1,1,0.0
PntM,1,1,2,0.5
PntN,0,3,3,0.0
PntP,1,0,1,1.0
PntS,0,2,2,0.0
Pntb,1,0,1,1.0
Pnth,1,0,1,1.0
Pntm,0,3,3,0.0
Pntn,1,0,1,1.0
Pnts,1,0,1,1.0
PsBB,30,34,64,0.47
PsBD,6,6,12,0.5
PsBH,1,0,1,1.0
PsBI,1,0,1,1.0
PsBK,2,4,6,0.33
PsBL,11,22,33,0.33
PsBM,35,52,87,0.4
PsBN,36,33,69,0.52
PsBP,37,29,66,0.56
PsBS,19,25,44,0.43
PsBb,27,26,53,0.51
PsBh,3,3,6,0.5
PsBj,7,7,14,0.5
PsBl,11,12,23,0.48
PsBm,37,46,83,0.45
PsBn,37,42,79,0.47
PsBs,25,22,47,0.53
PsBt,1,4,5,0.2
PsDB,9,7,16,0.56
PsDD,2,1,3,0.67
PsDH,9,5,14,0.64
PsDI,0,0,0,
PsDL,5,3,8,0.62
PsDM,11,11,22,0.5
PsDN,4,11,15,0.27
PsDP,7,11,18,0.39
PsDS,14,7,21,0.67
PsDb,10,8,18,0.56
PsDh,1,1,2,0.5
PsDl,5,4,9,0.56
PsDm,10,5,15,0.67
PsDn,6,6,12,0.5
PsDs,10,8,18,0.56
PsDt,1,1,2,0.5
PsHB,36,29,65,0.55
PsHD,6,7,13,0.46
PsHH,12,15,27,0.44
PsHI,6,3,9,0.67
PsHK,1,3,4,0.25
PsHL,15,9,24,0.62
PsHM,53,57,110,0.48
PsHN,41,49,90,0.46
PsHP,47,52,99,0.47
PsHS,63,56,119,0.53
PsHb,29,24,53,0.55
PsHh,31,25,56,0.55
PsHl,25,23,48,0.52
PsHm,62,55,117,0.53
PsHn,42,36,78,0.54
PsHs,64,56,120,0.53
PsHt,5,2,7,0.71
PsIB,5,12,17,0.29
PsID,1,1,2,0.5
PsIH,7,9,16,0.44
PsII,1,1,2,0.5
PsIK,0,1,1,0.0
PsIL,0,4,4,0.0
PsIM,8,10,18,0.44
PsIN,5,7,12,0.42
PsIP,13,9,22,0.59
PsIS,11,10,21,0.52
PsIb,10,10,20,0.5
PsIl,6,9,15,0.4
PsIm,4,8,12,0.33
PsIn,6,12,18,0.33
PsIs,7,7,14,0.5
PsIt,0,0,0,
PsKL,3,0,3,1.0
PsKM,2,4,6,0.33
PsKN,2,0,2,1.0
PsKP,0,2,2,0.0
PsKS,0,0,0,
PsKb,2,1,3,0.67
PsKh,0,0,0,
PsKl,0,1,1,0.0
PsKm,1,2,3,0.33
PsKn,0,1,1,0.0
PsKs,1,1,2,0.5
PsKt,0,2,2,0.0
PsLB,22,19,41,0.54
PsLD,3,1,4,0.75
PsLK,1,1,2,0.5
PsLL,15,6,21,0.71
PsLM,19,27,46,0.41
PsLN,9,24,33,0.27
PsLP,24,24,48,0.5
PsLS,13,13,26,0.5
PsLb,17,12,29,0.59
PsLh,6,7,13,0.46
PsLj,2,6,8,0.25
PsLl,15,9,24,0.62
PsLm,20,23,43,0.47
PsLn,29,26,55,0.53
PsLs,16,28,44,0.36
PsLt,4,3,7,0.57
PsMB,38,57,95,0.4
PsMD,6,13,19,0.32
PsMH,1,0,1,1.0
PsMK,1,1,2,0.5
PsML,18,18,36,0.5
PsMM,51,64,115,0.44
PsMN,46,45,91,0.51
PsMP,49,57,106,0.46
PsMS,25,46,71,0.35
PsMb,42,37,79,0.53
PsMh,44,49,93,0.47
PsMj,10,8,18,0.56
PsMl,23,26,49,0.47
PsMm,62,69,131,0.47
PsMn,71,56,127,0.56
PsMs,50,63,113,0.44
PsMt,3,7,10,0.3
PsNB,53,33,86,0.62
PsND,15,7,22,0.68
PsNH,7,13,20,0.35
PsNI,2,1,3,0.67
PsNK,4,4,8,0.5
PsNL,16,16,32,0.5
PsNM,53,61,114,0.46
PsNN,56,54,110,0.51
PsNP,58,52,110,0.53
PsNS,55,54,109,0.5
PsNb,42,29,71,0.59
PsNh,16,18,34,0.47
PsNl,20,13,33,0.61
PsNm,51,47,98,0.52
PsNn,63,62,125,0.5
PsNs,56,49,105,0.53
PsNt,4,6,10,0.4
PsPB,35,42,77,0.45
PsPD,6,2,8,0.75
PsPH,15,22,37,0.41
PsPI,10,10,20,0.5
PsPK,2,10,12,0.17
PsPL,22,20,42,0.52
PsPM,58,75,133,0.44
PsPN,54,57,111,0.49
PsPP,76,78,154,0.49
PsPS,67,56,123,0.54
PsPb,58,46,104,0.56
PsPh,7,12,19,0.37
PsPl,32,36,68,0.47
PsPm,78,56,134,0.58
PsPn,41,53,94,0.44
PsPs,56,44,100,0.56
PsPt,2,9,11,0.18
PsSB,39,36,75,0.52
PsSD,14,4,18,0.78
PsSH,20,30,50,0.4
PsSI,3,3,6,0.5
PsSK,0,1,1,0.0
PsSL,24,21,45,0.53
PsSM,60,79,139,0.43
PsSN,56,56,112,0.5
PsSP,69,72,141,0.49
PsSS,86,100,186,0.46
PsSb,33,41,74,0.45
PsSh,35,32,67,0.52
PsSl,15,23,38,0.39
PsSm,83,60,143,0.58
PsSn,60,65,125,0.48
PsSs,88,93,181,0.49
PsSt,14,10,24,0.58
PsbB,36,42,78,0.46
PsbD,4,5,9,0.44
PsbH,7,13,20,0.35
PsbI,4,7,11,0.36
PsbJ,9,12,21,0.43
PsbK,2,7,9,0.22
PsbL,11,18,29,0.38
PsbM,39,47,86,0.45
PsbN,57,43,100,0.57
PsbP,57,46,103,0.55
PsbS,30,16,46,0.65
Psbb,45,33,78,0.58
Psbl,20,10,30,0.67
Psbm,30,43,73,0.41
Psbn,57,39,96,0.59
Psbs,34,16,50,0.68
PshB,3,7,10,0.3
PshH,0,1,1,0.0
PshL,2,0,2,1.0
PshM,4,7,11,0.36
PshN,0,0,0,
PshP,2,3,5,0.4
PshS,2,2,4,0.5
Pshb,3,3,6,0.5
Pshh,3,4,7,0.43
Pshl,0,2,2,0.0
Pshm,2,6,8,0.25
Pshn,6,0,6,1.0
Pshs,3,1,4,0.75
Psht,1,0,1,1.0
PslB,18,19,37,0.49
PslD,1,1,2,0.5
PslH,9,7,16,0.56
PslI,1,3,4,0.25
PslJ,7,7,14,0.5
PslK,1,0,1,1.0
PslL,8,14,22,0.36
PslM,27,35,62,0.44
PslN,27,23,50,0.54
PslP,30,26,56,0.54
PslS,20,11,31,0.65
Pslb,23,16,39,0.59
Pslh,0,1,1,0.0
Psll,10,7,17,0.59
Pslm,18,20,38,0.47
Psln,18,25,43,0.42
Psls,11,15,26,0.42
PsmB,61,45,106,0.58
PsmD,18,13,31,0.58
PsmH,42,38,80,0.52
PsmI,9,3,12,0.75
PsmJ,6,12,18,0.33
PsmK,0,1,1,0.0
PsmL,11,23,34,0.32
PsmM,69,63,132,0.52
PsmN,63,63,126,0.5
PsmP,53,62,115,0.46
PsmS,36,49,85,0.42
Psmb,63,43,106,0.59
Psmh,1,0,1,1.0
Psml,16,14,30,0.53
Psmm,57,43,100,0.57
Psmn,44,41,85,0.52
Psms,38,38,76,0.5
PsnB,24,25,49,0.49
PsnD,5,6,11,0.45
PsnH,25,24,49,0.51
PsnI,3,6,9,0.33
PsnK,2,7,9,0.22
PsnL,15,21,36,0.42
PsnM,40,48,88,0.45
PsnN,42,57,99,0.42
PsnP,49,46,95,0.52
PsnS,40,45,85,0.47
Psnb,31,33,64,0.48
Psnh,0,3,3,0.0
Psnl,15,13,28,0.54
Psnm,48,45,93,0.52
Psnn,47,34,81,0.58
Psns,33,30,63,0.52
Psnt,1,0,1,1.0
PssB,33,33,66,0.5
PssD,11,11,22,0.5
PssH,60,49,109,0.55
PssI,7,9,16,0.44
PssK,0,1,1,0.0
PssL,15,13,28,0.54
PssM,55,51,106,0.52
PssN,64,63,127,0.5
PssP,62,48,110,0.56
PssS,89,88,177,0.5
Pssb,33,43,76,0.43
Pssh,2,9,11,0.18
Pssl,26,21,47,0.55
Pssm,64,62,126,0.51
Pssn,32,42,74,0.43
Psss,70,71,141,0.5
Psst,0,1,1,0.0
PstB,3,1,4,0.75
PstH,1,2,3,0.33
PstL,0,1,1,0.0
PstM,0,2,2,0.0
PstN,1,0,1,1.0
PstP,1,2,3,0.33
PstS,0,5,5,0.0
Pstb,1,0,1,1.0
Pstl,1,0,1,1.0
Pstm,2,0,2,1.0
Psts,3,1,4,0.75
PtBB,13,7,20,0.65
PtBD,1,0,1,1.0
PtBH,1,0,1,1.0
PtBL,3,4,7,0.43
PtBM,5,4,9,0.56
PtBN,3,13,16,0.19
PtBP,5,9,14,0.36
PtBS,2,5,7,0.29
PtBb,7,8,15,0.47
PtBh,2,2,4,0.5
PtBj,1,6,7,0.14
PtBl,2,2,4,0.5
PtBm,12,4,16,0.75
PtBn,10,9,19,0.53
PtBs,5,3,8,0.62
PtBt,1,3,4,0.25
PtDB,2,0,2,1.0
PtDH,1,1,2,0.5
PtDI,0,1,1,0.0
PtDL,0,1,1,0.0
PtDM,0,2,2,0.0
PtDN,1,0,1,1.0
PtDP,4,2,6,0.67
PtDS,1,4,5,0.2
PtDl,1,0,1,1.0
PtDm,2,4,6,0.33
PtDn,1,0,1,1.0
PtDs,1,1,2,0.5
PtHB,1,4,5,0.2
PtHD,1,0,1,1.0
PtHH,2,1,3,0.67
PtHI,0,1,1,0.0
PtHL,1,1,2,0.5
PtHM,4,8,12,0.33
PtHN,6,4,10,0.6
PtHP,4,4,8,0.5
PtHS,9,7,16,0.56
PtHb,3,2,5,0.6
PtHh,4,3,7,0.57
PtHl,1,2,3,0.33
PtHm,11,5,16,0.69
PtHn,5,5,10,0.5
PtHs,10,7,17,0.59
PtIB,1,0,1,1.0
PtID,0,1,1,0.0
PtIH,1,0,1,1.0
PtIM,1,1,2,0.5
PtIP,1,2,3,0.33
PtIS,1,0,1,1.0
PtIb,3,1,4,0.75
PtIm,1,0,1,1.0
PtIn,0,2,2,0.0
PtIs,0,1,1,0.0
PtKB,1,1,2,0.5
PtKL,0,1,1,0.0
PtKM,1,0,1,1.0
PtKN,0,1,1,0.0
PtKP,0,1,1,0.0
PtKh,1,1,2,0.5
PtKm,3,0,3,1.0
PtKn,1,1,2,0.5
PtLB,3,3,6,0.5
PtLD,0,1,1,0.0
PtLI,1,0,1,1.0
PtLL,0,0,0,
PtLM,2,2,4,0.5
PtLN,2,3,5,0.4
PtLP,5,5,10,0.5
PtLS,2,3,5,0.4
PtLb,1,0,1,1.0
PtLh,2,0,2,1.0
PtLj,0,0,0,
PtLl,3,2,5,0.6
PtLm,7,0,7,1.0
PtLn,3,2,5,0.6
PtLs,2,5,7,0.29
PtMB,8,6,14,0.57
PtMD,1,0,1,1.0
PtMK,0,0,0,
PtML,1,3,4,0.25
PtMM,7,6,13,0.54
PtMN,5,11,16,0.31
PtMP,7,5,12,0.58
PtMS,5,6,11,0.45
PtMb,13,11,24,0.54
PtMh,5,13,18,0.28
PtMj,1,0,1,1.0
PtMl,1,0,1,1.0
PtMm,13,8,21,0.62
PtMn,12,16,28,0.43
PtMs,12,3,15,0.8
PtMt,0,2,2,0.0
PtNB,5,12,17,0.29
PtND,1,3,4,0.25
PtNH,1,0,1,1.0
PtNI,3,0,3,1.0
PtNK,1,1,2,0.5
PtNL,2,3,5,0.4
PtNM,7,12,19,0.37
PtNN,5,8,13,0.38
PtNP,5,11,16,0.31
PtNS,6,6,12,0.5
PtNb,6,5,11,0.55
PtNh,4,4,8,0.5
PtNl,1,6,7,0.14
PtNm,13,6,19,0.68
PtNn,5,10,15,0.33
PtNs,10,9,19,0.53
PtNt,0,2,2,0.0
PtPB,9,4,13,0.69
PtPD,2,1,3,0.67
PtPH,2,4,6,0.33
PtPI,0,3,3,0.0
PtPK,2,0,2,1.0
PtPL,6,7,13,0.46
PtPM,17,19,36,0.47
PtPN,9,10,19,0.47
PtPP,17,19,36,0.47
PtPS,13,8,21,0.62
PtPb,8,10,18,0.44
PtPh,0,3,3,0.0
PtPl,4,2,6,0.67
PtPm,13,11,24,0.54
PtPn,7,5,12,0.58
PtPs,8,8,16,0.5
PtPt,0,1,1,0.0
PtSB,7,9,16,0.44
PtSD,2,1,3,0.67
PtSH,2,4,6,0.33
PtSI,1,1,2,0.5
PtSL,2,1,3,0.67
PtSM,5,7,12,0.42
PtSN,5,8,13,0.38
PtSP,9,13,22,0.41
PtSS,5,10,15,0.33
PtSb,6,6,12,0.5
PtSh,0,6,6,0.0
PtSl,2,4,6,0.33
PtSm,6,9,15,0.4
PtSn,5,6,11,0.45
PtSs,13,8,21,0.62
PtSt,5,3,8,0.62
PtbB,2,3,5,0.4
PtbD,3,1,4,0.75
PtbH,2,3,5,0.4
PtbI,1,0,1,1.0
PtbJ,1,4,5,0.2
PtbK,0,1,1,0.0
PtbL,1,3,4,0.25
PtbM,10,11,21,0.48
PtbN,9,4,13,0.69
PtbP,8,5,13,0.62
PtbS,5,4,9,0.56
Ptbb,10,3,13,0.77
Ptbm,6,8,14,0.43
Ptbn,5,5,10,0.5
Ptbs,6,6,12,0.5
PthM,0,1,1,0.0
PthN,0,1,1,0.0
PthS,1,0,1,1.0
Pthb,1,1,2,0.5
Pthh,0,0,0,
Pthl,0,1,1,0.0
Pthn,0,1,1,0.0
PtlB,0,3,3,0.0
PtlD,1,0,1,1.0
PtlH,4,1,5,0.8
PtlJ,2,0,2,1.0
PtlL,1,3,4,0.25
PtlM,2,6,8,0.25
PtlN,3,3,6,0.5
PtlP,6,4,10,0.6
PtlS,0,3,3,0.0
Ptlb,8,2,10,0.8
Ptll,1,0,1,1.0
Ptlm,3,1,4,0.75
Ptln,1,3,4,0.25
Ptls,0,1,1,0.0
PtmB,9,7,16,0.56
PtmD,4,0,4,1.0
PtmH,6,7,13,0.46
PtmI,0,2,2,0.0
PtmJ,2,3,5,0.4
PtmK,0,1,1,0.0
PtmL,3,7,10,0.3
PtmM,8,16,24,0.33
PtmN,6,5,11,0.55
PtmP,10,7,17,0.59
PtmS,8,12,20,0.4
Ptmb,6,9,15,0.4
Ptml,5,3,8,0.62
Ptmm,13,11,24,0.54
Ptmn,11,3,14,0.79
Ptms,3,9,12,0.25
PtnB,7,5,12,0.58
PtnD,2,1,3,0.67
PtnH,5,6,11,0.45
PtnI,1,2,3,0.33
PtnK,0,0,0,
PtnL,3,0,3,1.0
PtnM,8,7,15,0.53
PtnN,9,5,14,0.64
PtnP,10,6,16,0.62
PtnS,7,9,16,0.44
Ptnb,2,11,13,0.15
Ptnl,3,1,4,0.75
Ptnm,8,10,18,0.44
Ptnn,6,6,12,0.5
Ptns,2,12,14,0.14
PtsB,3,4,7,0.43
PtsD,0,3,3,0.0
PtsH,12,9,21,0.57
PtsI,0,3,3,0.0
PtsL,2,4,6,0.33
PtsM,10,11,21,0.48
PtsN,8,4,12,0.67
PtsP,6,4,10,0.6
PtsS,11,6,17,0.65
Ptsb,6,7,13,0.46
Ptsl,7,1,8,0.88
Ptsm,8,5,13,0.62
Ptsn,2,4,6,0.33
Ptss,2,8,10,0.2
Ptst,1,0,1,1.0
PttB,2,3,5,0.4
PttH,0,1,1,0.0
PttI,1,0,1,1.0
PttL,1,1,2,0.5
PttM,0,2,2,0.0
PttN,2,0,2,1.0
PttP,1,1,2,0.5
PttS,1,0,1,1.0
Pttb,1,0,1,1.0
Ptth,1,0,1,1.0
Pttl,0,1,1,0.0
Pttm,2,1,3,0.67
Pttn,2,1,3,0.67
Ptts,4,2,6,0.67
SBBB,46,51,97,0.47
SBBD,7,5,12,0.58
SBBK,2,4,6,0.33
SBBL,5,15,20,0.25
SBBM,33,43,76,0.43
SBBN,43,43,86,0.5
SBBP,37,45,82,0.45
SBBS,25,27,52,0.48
SBBb,46,51,97,0.47
SBBh,3,5,8,0.38
SBBj,10,11,21,0.48
SBBl,13,19,32,0.41
SBBm,61,38,99,0.62
SBBn,58,40,98,0.59
SBBs,17,19,36,0.47
SBBt,4,6,10,0.4
SBDB,2,7,9,0.22
SBDD,3,0,3,1.0
SBDH,4,5,9,0.44
SBDI,2,0,2,1.0
SBDL,2,4,6,0.33
SBDM,5,8,13,0.38
SBDN,6,1,7,0.86
SBDP,3,7,10,0.3
SBDS,9,6,15,0.6
SBDb,3,6,9,0.33
SBDh,1,0,1,1.0
SBDl,4,0,4,1.0
SBDm,7,8,15,0.47
SBDn,7,5,12,0.58
SBDs,3,3,6,0.5
SBHK,1,0,1,1.0
SBHL,1,0,1,1.0
SBHM,1,0,1,1.0
SBHN,1,2,3,0.33
SBHP,0,1,1,0.0
SBHS,1,0,1,1.0
SBHb,0,1,1,0.0
SBIM,0,1,1,0.0
SBIN,0,1,1,0.0
SBIb,0,0,0,
SBKB,4,6,10,0.4
SBKD,0,0,0,
SBKI,1,0,1,1.0
SBKL,1,1,2,0.5
SBKM,6,7,13,0.46
SBKN,5,6,11,0.45
SBKP,3,3,6,0.5
SBKS,3,4,7,0.43
SBKb,5,3,8,0.62
SBKh,3,6,9,0.33
SBKl,1,1,2,0.5
SBKm,9,7,16,0.56
SBKn,1,3,4,0.25
SBKs,5,7,12,0.42
SBKt,0,1,1,0.0
SBLB,10,8,18,0.56
SBLD,1,1,2,0.5
SBLH,0,1,1,0.0
SBLK,0,0,0,
SBLL,3,1,4,0.75
SBLM,9,8,17,0.53
SBLN,5,12,17,0.29
SBLP,10,13,23,0.43
SBLS,6,7,13,0.46
SBLb,14,11,25,0.56
SBLh,3,3,6,0.5
SBLj,0,1,1,0.0
SBLl,3,4,7,0.43
SBLm,12,15,27,0.44
SBLn,10,14,24,0.42
SBLs,7,4,11,0.64
SBLt,0,1,1,0.0
SBMB,39,50,89,0.44
SBMD,5,9,14,0.36
SBMH,0,1,1,0.0
SBMK,1,0,1,1.0
SBML,4,6,10,0.4
SBMM,36,38,74,0.49
SBMN,33,51,84,0.39
SBMP,30,35,65,0.46
SBMS,19,22,41,0.46
SBMb,42,46,88,0.48
SBMh,21,21,42,0.5
SBMj,9,4,13,0.69
SBMl,11,13,24,0.46
SBMm,60,50,110,0.55
SBMn,40,49,89,0.45
SBMs,17,22,39,0.44
SBMt,9,3,12,0.75
SBNB,26,37,63,0.41
SBND,8,7,15,0.53
SBNH,5,2,7,0.71
SBNI,0,1,1,0.0
SBNK,3,2,5,0.6
SBNL,8,12,20,0.4
SBNM,35,49,84,0.42
SBNN,46,40,86,0.53
SBNP,44,45,89,0.49
SBNS,22,34,56,0.39
SBNb,26,38,64,0.41
SBNh,14,16,30,0.47
SBNl,13,9,22,0.59
SBNm,44,52,96,0.46
SBNn,53,45,98,0.54
SBNs,31,42,73,0.42
SBNt,7,6,13,0.54
SBPB,35,40,75,0.47
SBPD,6,2,8,0.75
SBPH,12,10,22,0.55
SBPI,6,9,15,0.4
SBPK,3,1,4,0.75
SBPL,14,11,25,0.56
SBPM,36,48,84,0.43
SBPN,28,30,58,0.48
SBPP,46,83,129,0.36
SBPS,31,38,69,0.45
SBPb,32,25,57,0.56
SBPh,2,9,11,0.18
SBPl,13,13,26,0.5
SBPm,62,39,101,0.61
SBPn,36,36,72,0.5
SBPs,34,24,58,0.59
SBPt,5,4,9,0.56
SBSB,26,22,48,0.54
SBSD,2,5,7,0.29
SBSH,6,9,15,0.4
SBSI,6,2,8,0.75
SBSK,0,1,1,0.0
SBSL,9,9,18,0.5
SBSM,25,28,53,0.47
SBSN,20,22,42,0.48
SBSP,20,26,46,0.43
SBSS,39,25,64,0.61
SBSb,28,20,48,0.58
SBSh,13,9,22,0.59
SBSl,8,13,21,0.38
SBSm,40,45,85,0.47
SBSn,18,27,45,0.4
SBSs,28,18,46,0.61
SBSt,6,1,7,0.86
SBbB,30,22,52,0.58
SBbD,5,7,12,0.42
SBbH,11,7,18,0.61
SBbI,1,3,4,0.25
SBbJ,13,7,20,0.65
SBbK,2,7,9,0.22
SBbL,10,10,20,0.5
SBbM,27,26,53,0.51
SBbN,37,62,99,0.37
SBbP,40,49,89,0.45
SBbS,17,20,37,0.46
SBbb,33,31,64,0.52
SBbl,7,6,13,0.54
SBbm,34,29,63,0.54
SBbn,38,41,79,0.48
SBbs,24,23,47,0.51
SBhB,5,3,8,0.62
SBhD,1,0,1,1.0
SBhH,1,0,1,1.0
SBhI,1,1,2,0.5
SBhL,1,2,3,0.33
SBhM,3,3,6,0.5
SBhN,2,2,4,0.5
SBhP,2,10,12,0.17
SBhS,3,2,5,0.6
SBhb,3,4,7,0.43
SBhh,1,5,6,0.17
SBhl,2,0,2,1.0
SBhm,3,3,6,0.5
SBhn,4,7,11,0.36
SBhs,6,5,11,0.55
SBht,0,2,2,0.0
SBjB,9,11,20,0.45
SBjD,1,1,2,0.5
SBjH,1,3,4,0.25
SBjI,1,1,2,0.5
SBjL,7,2,9,0.78
SBjM,4,8,12,0.33
SBjN,8,6,14,0.57
SBjP,11,6,17,0.65
SBjS,8,3,11,0.73
SBjb,7,6,13,0.54
SBjh,1,1,2,0.5
SBjl,5,4,9,0.56
SBjm,11,11,22,0.5
SBjn,5,4,9,0.56
SBjs,7,12,19,0.37
SBlB,9,8,17,0.53
SBlD,1,4,5,0.2
SBlH,4,6,10,0.4
SBlI,2,1,3,0.67
SBlJ,5,2,7,0.71
SBlK,1,0,1,1.0
SBlL,4,7,11,0.36
SBlM,11,7,18,0.61
SBlN,10,13,23,0.43
SBlP,6,15,21,0.29
SBlS,13,9,22,0.59
SBlb,8,11,19,0.42
SBll,3,0,3,1.0
SBlm,12,10,22,0.55
SBln,10,9,19,0.53
SBls,10,6,16,0.62
SBmB,25,39,64,0.39
SBmD,11,13,24,0.46
SBmH,38,39,77,0.49
SBmI,6,4,10,0.6
SBmJ,12,15,27,0.44
SBmK,0,3,3,0.0
SBmL,9,19,28,0.32
SBmM,51,52,103,0.5
SBmN,54,46,100,0.54
SBmP,43,51,94,0.46
SBmS,20,45,65,0.31
SBmb,37,30,67,0.55
SBmh,0,1,1,0.0
SBml,8,14,22,0.36
SBmm,37,30,67,0.55
SBmn,44,42,86,0.51
SBms,31,24,55,0.56
SBnB,31,37,68,0.46
SBnD,8,7,15,0.53
SBnH,26,20,46,0.57
SBnI,13,9,22,0.59
SBnK,4,4,8,0.5
SBnL,12,11,23,0.52
SBnM,45,55,100,0.45
SBnN,67,62,129,0.52
SBnP,52,43,95,0.55
SBnS,29,45,74,0.39
SBnb,40,40,80,0.5
SBnh,3,3,6,0.5
SBnl,8,13,21,0.38
SBnm,67,41,108,0.62
SBnn,55,51,106,0.52
SBns,52,38,90,0.58
SBnt,1,0,1,1.0
SBsB,15,15,30,0.5
SBsD,6,2,8,0.75
SBsH,28,18,46,0.61
SBsI,1,5,6,0.17
SBsK,1,0,1,1.0
SBsL,10,8,18,0.56
SBsM,23,24,47,0.49
SBsN,27,26,53,0.51
SBsP,25,18,43,0.58
SBsS,35,30,65,0.54
SBsb,11,16,27,0.41
SBsh,0,1,1,0.0
SBsl,10,14,24,0.42
SBsm,28,26,54,0.52
SBsn,21,18,39,0.54
SBss,32,24,56,0.57
SBtB,10,7,17,0.59
SBtD,0,2,2,0.0
SBtH,3,6,9,0.33
SBtI,1,1,2,0.5
SBtL,0,2,2,0.0
SBtM,5,5,10,0.5
SBtN,11,8,19,0.58
SBtP,2,7,9,0.22
SBtS,9,3,12,0.75
SBtb,6,7,13,0.46
SBth,0,2,2,0.0
SBtl,2,0,2,1.0
SBtm,7,6,13,0.54
SBtn,0,4,4,0.0
SBts,9,4,13,0.69
SDBB,7,10,17,0.41
SDBD,1,1,2,0.5
SDBK,1,3,4,0.25
SDBL,1,3,4,0.25
SDBM,4,5,9,0.44
SDBN,2,7,9,0.22
SDBP,4,5,9,0.44
SDBS,11,6,17,0.65
SDBb,5,3,8,0.62
SDBh,0,1,1,0.0
SDBj,0,2,2,0.0
SDBl,1,3,4,0.25
SDBm,8,8,16,0.5
SDBn,8,5,13,0.62
SDBs,5,6,11,0.45
SDBt,1,1,2,0.5
SDDB,1,2,3,0.33
SDDD,2,2,4,0.5
SDDH,0,4,4,0.0
SDDI,0,1,1,0.0
SDDL,1,0,1,1.0
SDDM,4,2,6,0.67
SDDN,1,2,3,0.33
SDDP,4,1,5,0.8
SDDS,6,2,8,0.75
SDDb,2,1,3,0.67
SDDl,0,0,0,
SDDm,2,7,9,0.22
SDDn,3,0,3,1.0
SDDs,2,4,6,0.33
SDDt,0,0,0,
SDHB,7,5,12,0.58
SDHD,4,1,5,0.8
SDHH,1,0,1,1.0
SDHI,1,0,1,1.0
SDHK,1,0,1,1.0
SDHL,2,0,2,1.0
SDHM,5,10,15,0.33
SDHN,7,9,16,0.44
SDHP,8,4,12,0.67
SDHS,15,18,33,0.45
SDHb,5,3,8,0.62
SDHh,5,5,10,0.5
SDHl,2,3,5,0.4
SDHm,11,9,20,0.55
SDHn,7,4,11,0.64
SDHs,6,9,15,0.4
SDHt,3,0,3,1.0
SDIB,0,1,1,0.0
SDIH,0,1,1,0.0
SDIL,1,2,3,0.33
SDIM,2,0,2,1.0
SDIN,0,2,2,0.0
SDIP,2,0,2,1.0
SDIS,2,4,6,0.33
SDIb,1,0,1,1.0
SDIl,0,1,1,0.0
SDIm,2,5,7,0.29
SDIn,2,0,2,1.0
SDIs,2,1,3,0.67
SDKD,1,0,1,1.0
SDKI,1,0,1,1.0
SDKM,2,0,2,1.0
SDKP,0,1,1,0.0
SDKS,1,1,2,0.5
SDKm,1,0,1,1.0
SDKs,1,0,1,1.0
SDLB,1,2,3,0.33
SDLD,1,0,1,1.0
SDLL,3,0,3,1.0
SDLM,3,1,4,0.75
SDLN,2,8,10,0.2
SDLP,4,5,9,0.44
SDLS,2,0,2,1.0
SDLb,2,1,3,0.67
SDLh,1,2,3,0.33
SDLj,0,1,1,0.0
SDLm,4,2,6,0.67
SDLn,1,2,3,0.33
SDLs,3,3,6,0.5
SDLt,2,0,2,1.0
SDMB,10,8,18,0.56
SDMD,3,2,5,0.6
SDMK,0,2,2,0.0
SDML,2,3,5,0.4
SDMM,10,10,20,0.5
SDMN,7,21,28,0.25
SDMP,7,14,21,0.33
SDMS,8,8,16,0.5
SDMb,8,3,11,0.73
SDMh,16,8,24,0.67
SDMj,1,1,2,0.5
SDMl,2,5,7,0.29
SDMm,12,12,24,0.5
SDMn,8,10,18,0.44
SDMs,10,6,16,0.62
SDMt,1,0,1,1.0
SDNB,6,7,13,0.46
SDND,2,0,2,1.0
SDNH,1,1,2,0.5
SDNI,0,0,0,
SDNL,1,1,2,0.5
SDNM,6,10,16,0.38
SDNN,14,10,24,0.58
SDNP,7,12,19,0.37
SDNS,12,9,21,0.57
SDNb,4,5,9,0.44
SDNh,2,1,3,0.67
SDNl,1,2,3,0.33
SDNm,11,11,22,0.5
SDNn,10,10,20,0.5
SDNs,6,11,17,0.35
SDNt,2,3,5,0.4
SDPB,4,8,12,0.33
SDPD,0,1,1,0.0
SDPH,6,3,9,0.67
SDPI,2,0,2,1.0
SDPK,0,1,1,0.0
SDPL,6,8,14,0.43
SDPM,10,11,21,0.48
SDPN,7,7,14,0.5
SDPP,9,7,16,0.56
SDPS,4,10,14,0.29
SDPb,0,9,9,0.0
SDPh,3,1,4,0.75
SDPl,4,4,8,0.5
SDPm,10,10,20,0.5
SDPn,8,6,14,0.57
SDPs,5,6,11,0.45
SDPt,1,3,4,0.25
SDSB,3,11,14,0.21
SDSD,7,0,7,1.0
SDSH,5,3,8,0.62
SDSI,5,0,5,1.0
SDSK,1,1,2,0.5
SDSL,4,4,8,0.5
SDSM,15,14,29,0.52
SDSN,12,10,22,0.55
SDSP,11,10,21,0.52
SDSS,22,21,43,0.51
SDSb,10,11,21,0.48
SDSh,6,10,16,0.38
SDSl,3,1,4,0.75
SDSm,13,14,27,0.48
SDSn,3,13,16,0.19
SDSs,16,18,34,0.47
SDSt,8,6,14,0.57
SDbB,5,3,8,0.62
SDbD,0,1,1,0.0
SDbH,2,2,4,0.5
SDbI,0,1,1,0.0
SDbJ,1,0,1,1.0
SDbK,1,1,2,0.5
SDbL,2,1,3,0.67
SDbM,9,5,14,0.64
SDbN,7,8,15,0.47
SDbP,5,9,14,0.36
SDbS,5,6,11,0.45
SDbb,11,5,16,0.69
SDbl,5,2,7,0.71
SDbm,7,4,11,0.64
SDbn,7,6,13,0.54
SDbs,2,4,6,0.33
SDhB,1,0,1,1.0
SDhD,0,1,1,0.0
SDhI,1,0,1,1.0
SDhM,3,2,5,0.6
SDhN,2,2,4,0.5
SDhP,2,4,6,0.33
SDhS,0,1,1,0.0
SDhb,1,0,1,1.0
SDhh,0,0,0,
SDhl,0,1,1,0.0
SDhm,0,1,1,0.0
SDhn,0,1,1,0.0
SDhs,1,0,1,1.0
SDlB,0,1,1,0.0
SDlH,1,0,1,1.0
SDlJ,1,0,1,1.0
SDlK,0,2,2,0.0
SDlL,1,1,2,0.5
SDlM,2,2,4,0.5
SDlN,4,6,10,0.4
SDlP,3,1,4,0.75
SDlS,2,5,7,0.29
SDlb,2,2,4,0.5
SDll,1,1,2,0.5
SDlm,5,5,10,0.5
SDln,2,1,3,0.67
SDls,3,2,5,0.6
SDmB,8,4,12,0.67
SDmD,3,1,4,0.75
SDmH,6,9,15,0.4
SDmI,2,0,2,1.0
SDmJ,5,2,7,0.71
SDmL,0,1,1,0.0
SDmM,10,14,24,0.42
SDmN,11,12,23,0.48
SDmP,7,6,13,0.54
SDmS,8,10,18,0.44
SDmb,16,10,26,0.62
SDml,3,2,5,0.6
SDmm,16,7,23,0.7
SDmn,6,5,11,0.55
SDms,7,6,13,0.54
SDmt,1,0,1,1.0
SDnB,7,7,14,0.5
SDnD,4,0,4,1.0
SDnH,5,3,8,0.62
SDnI,3,2,5,0.6
SDnK,0,1,1,0.0
SDnL,1,0,1,1.0
SDnM,10,4,14,0.71
SDnN,4,11,15,0.27
SDnP,9,5,14,0.64
SDnS,7,8,15,0.47
SDnb,6,6,12,0.5
SDnh,2,0,2,1.0
SDnl,1,2,3,0.33
SDnm,6,9,15,0.4
SDnn,5,9,14,0.36
SDns,5,10,15,0.33
SDsB,8,10,18,0.44
SDsD,4,2,6,0.67
SDsH,7,10,17,0.41
SDsI,2,1,3,0.67
SDsK,0,1,1,0.0
SDsL,2,6,8,0.25
SDsM,8,8,16,0.5
SDsN,10,6,16,0.62
SDsP,8,10,18,0.44
SDsS,15,16,31,0.48
SDsb,5,7,12,0.42
SDsh,1,1,2,0.5
SDsl,3,0,3,1.0
SDsm,9,12,21,0.43
SDsn,5,9,14,0.36
SDss,16,11,27,0.59
SDst,1,1,2,0.5
SDtB,0,2,2,0.0
SDtH,0,2,2,0.0
SDtM,0,1,1,0.0
SDtN,1,1,2,0.5
SDtP,2,2,4,0.5
SDtS,1,2,3,0.33
SDtb,1,1,2,0.5
SDtl,0,0,0,
SDtm,1,2,3,0.33
SDtn,1,2,3,0.33
SDts,0,3,3,0.0
SHBB,11,7,18,0.61
SHBD,3,1,4,0.75
SHBH,1,0,1,1.0
SHBK,2,1,3,0.67
SHBL,6,3,9,0.67
SHBM,14,15,29,0.48
SHBN,9,15,24,0.38
SHBP,16,13,29,0.55
SHBS,6,13,19,0.32
SHBb,10,11,21,0.48
SHBh,1,3,4,0.25
SHBj,1,1,2,0.5
SHBl,6,4,10,0.6
SHBm,21,12,33,0.64
SHBn,24,18,42,0.57
SHBs,11,6,17,0.65
SHBt,4,2,6,0.67
SHDB,3,2,5,0.6
SHDD,0,1,1,0.0
SHDH,1,2,3,0.33
SHDI,0,1,1,0.0
SHDM,5,4,9,0.56
SHDN,1,3,4,0.25
SHDP,1,2,3,0.33
SHDS,9,6,15,0.6
SHDb,2,5,7,0.29
SHDl,1,1,2,0.5
SHDm,4,1,5,0.8
SHDn,1,3,4,0.25
SHDs,6,6,12,0.5
SHHB,1,6,7,0.14
SHHD,1,1,2,0.5
SHHH,7,6,13,0.54
SHHI,1,1,2,0.5
SHHL,1,1,2,0.5
SHHM,8,5,13,0.62
SHHN,6,6,12,0.5
SHHP,3,9,12,0.25
SHHS,18,12,30,0.6
SHHb,6,6,12,0.5
SHHh,3,2,5,0.6
SHHl,2,2,4,0.5
SHHm,7,10,17,0.41
SHHn,3,2,5,0.6
SHHs,10,12,22,0.45
SHHt,2,0,2,1.0
SHIB,1,3,4,0.25
SHID,1,1,2,0.5
SHIH,4,4,8,0.5
SHII,0,1,1,0.0
SHIL,1,2,3,0.33
SHIM,6,5,11,0.55
SHIN,8,6,14,0.57
SHIP,9,4,13,0.69
SHIS,6,4,10,0.6
SHIb,1,2,3,0.33
SHIh,2,0,2,1.0
SHIl,1,1,2,0.5
SHIm,4,7,11,0.36
SHIn,3,4,7,0.43
SHIs,2,3,5,0.4
SHIt,0,1,1,0.0
SHKB,1,0,1,1.0
SHKM,2,2,4,0.5
SHKN,2,1,3,0.67
SHKP,2,2,4,0.5
SHKS,1,4,5,0.2
SHKb,1,1,2,0.5
SHKh,2,2,4,0.5
SHKl,2,1,3,0.67
SHKm,3,1,4,0.75
SHKn,2,1,3,0.67
SHKs,2,1,3,0.67
SHKt,0,1,1,0.0
SHLB,7,10,17,0.41
SHLD,0,1,1,0.0
SHLK,2,0,2,1.0
SHLL,0,3,3,0.0
SHLM,7,5,12,0.58
SHLN,5,10,15,0.33
SHLP,5,7,12,0.42
SHLS,7,6,13,0.54
SHLb,5,10,15,0.33
SHLh,0,4,4,0.0
SHLj,2,2,4,0.5
SHLl,1,1,2,0.5
SHLm,10,8,18,0.56
SHLn,7,11,18,0.39
SHLs,9,6,15,0.6
SHLt,1,0,1,1.0
SHMB,21,29,50,0.42
SHMD,5,3,8,0.62
SHMH,2,0,2,1.0
SHMK,1,3,4,0.25
SHML,4,12,16,0.25
SHMM,27,32,59,0.46
SHMN,24,11,35,0.69
SHMP,17,17,34,0.5
SHMS,15,29,44,0.34
SHMb,20,24,44,0.45
SHMh,16,14,30,0.53
SHMj,2,3,5,0.4
SHMl,14,7,21,0.67
SHMm,34,26,60,0.57
SHMn,42,33,75,0.56
SHMs,18,24,42,0.43
SHMt,4,7,11,0.36
SHNB,15,14,29,0.52
SHND,4,3,7,0.57
SHNH,2,8,10,0.2
SHNI,1,0,1,1.0
SHNK,3,1,4,0.75
SHNL,3,3,6,0.5
SHNM,19,21,40,0.48
SHNN,16,22,38,0.42
SHNP,21,19,40,0.52
SHNS,28,21,49,0.57
SHNb,12,18,30,0.4
SHNh,6,11,17,0.35
SHNl,3,2,5,0.6
SHNm,18,17,35,0.51
SHNn,13,21,34,0.38
SHNs,19,19,38,0.5
SHNt,2,0,2,1.0
SHPB,12,17,29,0.41
SHPD,1,2,3,0.33
SHPH,5,8,13,0.38
SHPI,4,5,9,0.44
SHPK,2,4,6,0.33
SHPL,7,8,15,0.47
SHPM,22,31,53,0.42
SHPN,18,23,41,0.44
SHPP,27,24,51,0.53
SHPS,18,22,40,0.45
SHPb,16,11,27,0.59
SHPh,1,2,3,0.33
SHPl,9,8,17,0.53
SHPm,22,25,47,0.47
SHPn,17,12,29,0.59
SHPs,30,21,51,0.59
SHPt,2,2,4,0.5
SHSB,16,22,38,0.42
SHSD,5,5,10,0.5
SHSH,17,19,36,0.47
SHSI,5,1,6,0.83
SHSK,1,2,3,0.33
SHSL,9,12,21,0.43
SHSM,29,47,76,0.38
SHSN,17,20,37,0.46
SHSP,22,14,36,0.61
SHSS,51,93,144,0.35
SHSb,18,17,35,0.51
SHSh,17,13,30,0.57
SHSl,11,16,27,0.41
SHSm,35,35,70,0.5
SHSn,21,27,48,0.44
SHSs,55,50,105,0.52
SHSt,5,2,7,0.71
SHbB,11,14,25,0.44
SHbD,1,0,1,1.0
SHbH,0,2,2,0.0
SHbI,1,0,1,1.0
SHbJ,4,2,6,0.67
SHbK,0,2,2,0.0
SHbL,3,3,6,0.5
SHbM,9,24,33,0.27
SHbN,20,19,39,0.51
SHbP,12,11,23,0.52
SHbS,9,10,19,0.47
SHbb,15,20,35,0.43
SHbl,3,2,5,0.6
SHbm,18,15,33,0.55
SHbn,11,16,27,0.41
SHbs,8,7,15,0.53
SHhB,7,6,13,0.54
SHhD,2,1,3,0.67
SHhH,3,3,6,0.5
SHhI,0,3,3,0.0
SHhL,6,4,10,0.6
SHhM,8,13,21,0.38
SHhN,7,5,12,0.58
SHhP,10,13,23,0.43
SHhS,14,21,35,0.4
SHhb,7,6,13,0.54
SHhh,5,3,8,0.62
SHhl,4,2,6,0.67
SHhm,8,15,23,0.35
SHhn,2,10,12,0.17
SHhs,11,9,20,0.55
SHht,1,1,2,0.5
SHlB,5,8,13,0.38
SHlD,1,0,1,1.0
SHlH,1,1,2,0.5
SHlI,0,1,1,0.0
SHlJ,2,1,3,0.67
SHlK,0,1,1,0.0
SHlL,0,2,2,0.0
SHlM,10,13,23,0.43
SHlN,9,9,18,0.5
SHlP,10,3,13,0.77
SHlS,7,12,19,0.37
SHlb,9,6,15,0.6
SHll,5,2,7,0.71
SHlm,13,4,17,0.76
SHln,6,4,10,0.6
SHls,3,6,9,0.33
SHmB,25,22,47,0.53
SHmD,4,4,8,0.5
SHmH,17,20,37,0.46
SHmI,1,1,2,0.5
SHmJ,5,7,12,0.42
SHmK,1,2,3,0.33
SHmL,5,7,12,0.42
SHmM,32,34,66,0.48
SHmN,16,19,35,0.46
SHmP,17,10,27,0.63
SHmS,19,26,45,0.42
SHmb,21,26,47,0.45
SHmh,0,0,0,
SHml,14,4,18,0.78
SHmm,25,24,49,0.51
SHmn,28,29,57,0.49
SHms,23,21,44,0.52
SHmt,0,1,1,0.0
SHnB,11,15,26,0.42
SHnD,3,3,6,0.5
SHnH,8,13,21,0.38
SHnI,8,4,12,0.67
SHnK,1,1,2,0.5
SHnL,2,5,7,0.29
SHnM,25,25,50,0.5
SHnN,16,19,35,0.46
SHnP,18,16,34,0.53
SHnS,28,19,47,0.6
SHnb,16,17,33,0.48
SHnh,3,0,3,1.0
SHnl,5,3,8,0.62
SHnm,21,12,33,0.64
SHnn,19,13,32,0.59
SHns,17,22,39,0.44
SHnt,1,1,2,0.5
SHsB,12,23,35,0.34
SHsD,2,6,8,0.25
SHsH,34,23,57,0.6
SHsI,3,9,12,0.25
SHsL,7,3,10,0.7
SHsM,25,32,57,0.44
SHsN,20,13,33,0.61
SHsP,18,28,46,0.39
SHsS,35,44,79,0.44
SHsb,23,27,50,0.46
SHsh,1,2,3,0.33
SHsl,9,9,18,0.5
SHsm,27,25,52,0.52
SHsn,21,13,34,0.62
SHss,43,48,91,0.47
SHst,2,1,3,0.67
SHtB,0,2,2,0.0
SHtH,0,1,1,0.0
SHtL,0,1,1,0.0
SHtM,2,1,3,0.67
SHtN,3,1,4,0.75
SHtP,5,1,6,0.83
SHtS,2,2,4,0.5
SHtb,0,1,1,0.0
SHtl,0,1,1,0.0
SHtm,2,3,5,0.4
SHtn,1,2,3,0.33
SHts,4,3,7,0.57
SHtt,1,0,1,1.0
SIBB,2,2,4,0.5
SIBK,0,2,2,0.0
SIBM,5,5,10,0.5
SIBN,2,1,3,0.67
SIBP,3,2,5,0.6
SIBS,2,1,3,0.67
SIBb,1,1,2,0.5
SIBj,0,1,1,0.0
SIBm,3,2,5,0.6
SIBn,3,1,4,0.75
SIBs,1,2,3,0.33
SIBt,1,2,3,0.33
SIDH,0,0,0,
SIDM,2,1,3,0.67
SIDN,1,0,1,1.0
SIDP,1,0,1,1.0
SIDh,0,1,1,0.0
SIDl,1,0,1,1.0
SIDm,1,0,1,1.0
SIDs,0,1,1,0.0
SIHD,0,1,1,0.0
SIHL,1,0,1,1.0
SIHM,1,3,4,0.25
SIHN,1,2,3,0.33
SIHP,0,1,1,0.0
SIHS,2,3,5,0.4
SIHb,1,3,4,0.25
SIHl,1,2,3,0.33
SIHm,5,0,5,1.0
SIHn,1,0,1,1.0
SIHs,3,1,4,0.75
SIHt,0,1,1,0.0
SIIB,1,0,1,1.0
SIIH,0,1,1,0.0
SIIP,0,1,1,0.0
SIIS,0,1,1,0.0
SIIb,1,0,1,1.0
SIIh,1,0,1,1.0
SIIl,1,0,1,1.0
SIIm,2,0,2,1.0
SIIn,0,1,1,0.0
SIKB,1,0,1,1.0
SIKM,0,1,1,0.0
SIKm,2,0,2,1.0
SILB,0,1,1,0.0
SILL,2,0,2,1.0
SILN,2,2,4,0.5
SILP,0,2,2,0.0
SILb,0,1,1,0.0
SILm,1,0,1,1.0
SILs,2,1,3,0.67
SIMB,6,6,12,0.5
SIMD,1,0,1,1.0
SIMH,0,1,1,0.0
SIMK,1,1,2,0.5
SIML,1,0,1,1.0
SIMM,5,8,13,0.38
SIMN,4,4,8,0.5
SIMP,2,1,3,0.67
SIMS,4,5,9,0.44
SIMb,3,5,8,0.38
SIMh,1,1,2,0.5
SIMl,0,1,1,0.0
SIMm,4,7,11,0.36
SIMn,3,2,5,0.6
SIMs,3,3,6,0.5
SIMt,1,1,2,0.5
SINB,4,2,6,0.67
SINK,0,0,0,
SINL,1,0,1,1.0
SINM,3,1,4,0.75
SINN,3,2,5,0.6
SINP,2,4,6,0.33
SINS,2,2,4,0.5
SINb,0,4,4,0.0
SINh,1,1,2,0.5
SINl,0,2,2,0.0
SINm,4,3,7,0.57
SINn,4,2,6,0.67
SINs,1,2,3,0.33
SINt,2,0,2,1.0
SIPB,2,1,3,0.67
SIPD,0,1,1,0.0
SIPH,0,1,1,0.0
SIPL,1,1,2,0.5
SIPM,3,2,5,0.6
SIPN,4,2,6,0.67
SIPP,1,1,2,0.5
SIPS,3,1,4,0.75
SIPb,1,1,2,0.5
SIPm,6,2,8,0.75
SIPn,0,2,2,0.0
SIPs,5,1,6,0.83
SISB,2,2,4,0.5
SISD,0,2,2,0.0
SISH,0,1,1,0.0
SISI,0,3,3,0.0
SISL,0,0,0,
SISM,5,9,14,0.36
SISN,1,5,6,0.17
SISP,4,5,9,0.44
SISS,5,8,13,0.38
SISb,3,3,6,0.5
SISh,0,2,2,0.0
SISl,0,1,1,0.0
SISm,2,5,7,0.29
SISn,1,2,3,0.33
SISs,3,3,6,0.5
SISt,0,2,2,0.0
SIbB,1,3,4,0.25
SIbD,1,0,1,1.0
SIbH,0,1,1,0.0
SIbJ,1,2,3,0.33
SIbK,1,0,1,1.0
SIbM,1,3,4,0.25
SIbN,1,5,6,0.17
SIbP,0,4,4,0.0
SIbS,1,0,1,1.0
SIbb,1,2,3,0.33
SIbl,2,3,5,0.4
SIbm,2,3,5,0.4
SIbn,1,0,1,1.0
SIbs,2,1,3,0.67
SIhB,0,0,0,
SIhM,0,1,1,0.0
SIhN,1,0,1,1.0
SIhS,1,1,2,0.5
SIhb,1,1,2,0.5
SIhm,1,0,1,1.0
SIhn,1,2,3,0.33
SIhs,1,0,1,1.0
SIlB,0,1,1,0.0
SIlD,0,0,0,
SIlK,0,1,1,0.0
SIlM,1,0,1,1.0
SIlN,0,2,2,0.0
SIlP,1,0,1,1.0
SIlb,0,0,0,
SIll,1,0,1,1.0
SIlm,2,1,3,0.67
SIls,1,0,1,1.0
SImB,4,5,9,0.44
SImD,1,1,2,0.5
SImH,1,4,5,0.2
SImI,1,0,1,1.0
SImJ,1,0,1,1.0
SImK,0,1,1,0.0
SImL,1,2,3,0.33
SImM,5,6,11,0.45
SImN,5,2,7,0.71
SImP,4,5,9,0.44
SImS,3,3,6,0.5
SImb,4,3,7,0.57
SIml,2,0,2,1.0
SImm,8,6,14,0.57
SImn,2,4,6,0.33
SIms,3,5,8,0.38
SImt,0,1,1,0.0
SInB,3,0,3,1.0
SInD,1,0,1,1.0
SInH,1,0,1,1.0
SInI,1,2,3,0.33
SInL,2,0,2,1.0
SInM,2,1,3,0.67
SInN,1,1,2,0.5
SInP,1,6,7,0.14
SInS,2,3,5,0.4
SInb,0,1,1,0.0
SInl,1,2,3,0.33
SInm,3,2,5,0.6
SInn,2,2,4,0.5
SIns,2,3,5,0.4
SIsB,3,4,7,0.43
SIsD,1,0,1,1.0
SIsH,2,1,3,0.67
SIsI,1,0,1,1.0
SIsL,0,1,1,0.0
SIsM,4,5,9,0.44
SIsN,1,1,2,0.5
SIsP,1,0,1,1.0
SIsS,2,2,4,0.5
SIsh,1,1,2,0.5
SIsl,1,0,1,1.0
SIsm,2,4,6,0.33
SIsn,3,0,3,1.0
SIss,1,3,4,0.25
SIst,1,0,1,1.0
SItB,0,0,0,
SItD,1,0,1,1.0
SItH,0,1,1,0.0
SItL,2,0,2,1.0
SItM,0,4,4,0.0
SItN,1,0,1,1.0
SItb,0,2,2,0.0
SItl,1,0,1,1.0
SItm,1,0,1,1.0
SKBL,1,1,2,0.5
SKBM,0,1,1,0.0
SKBN,2,1,3,0.67
SKBP,3,1,4,0.75
SKBS,1,1,2,0.5
SKBb,1,0,1,1.0
SKBh,0,0,0,
SKBm,2,3,5,0.4
SKBn,1,2,3,0.33
SKBs,1,0,1,1.0
SKDM,0,3,3,0.0
SKDb,0,0,0,
SKDm,0,1,1,0.0
SKHB,1,0,1,1.0
SKHN,1,0,1,1.0
SKHb,1,1,2,0.5
SKHm,0,1,1,0.0
SKIB,0,1,1,0.0
SKIH,0,1,1,0.0
SKIM,1,0,1,1.0
SKKM,1,0,1,1.0
SKKb,1,0,1,1.0
SKKh,0,0,0,
SKLL,0,2,2,0.0
SKLM,3,1,4,0.75
SKLP,0,1,1,0.0
SKLS,1,0,1,1.0
SKLj,1,0,1,1.0
SKLm,1,1,2,0.5
SKLn,1,2,3,0.33
SKLs,0,1,1,0.0
SKMB,4,0,4,1.0
SKMD,3,0,3,1.0
SKML,1,1,2,0.5
SKMM,2,3,5,0.4
SKMN,1,2,3,0.33
SKMP,6,3,9,0.67
SKMS,4,1,5,0.8
SKMb,2,3,5,0.4
SKMh,0,0,0,
SKMm,2,3,5,0.4
SKMn,1,1,2,0.5
SKMs,1,1,2,0.5
SKNB,0,1,1,0.0
SKNL,1,1,2,0.5
SKNM,3,0,3,1.0
SKNN,2,2,4,0.5
SKNP,1,2,3,0.33
SKNS,1,0,1,1.0
SKNb,0,1,1,0.0
SKNl,0,1,1,0.0
SKNm,3,1,4,0.75
SKNn,1,1,2,0.5
SKNs,0,1,1,0.0
SKPB,3,1,4,0.75
SKPI,1,0,1,1.0
SKPM,3,1,4,0.75
SKPN,2,2,4,0.5
SKPP,1,1,2,0.5
SKPS,1,2,3,0.33
SKPb,2,1,3,0.67
SKPh,0,0,0,
SKPl,4,0,4,1.0
SKPm,0,2,2,0.0
SKPn,1,1,2,0.5
SKPs,3,1,4,0.75
SKPt,0,1,1,0.0
SKSB,2,1,3,0.67
SKSH,0,0,0,
SKSL,0,3,3,0.0
SKSM,3,3,6,0.5
SKSN,0,1,1,0.0
SKSP,0,1,1,0.0
SKSS,3,2,5,0.6
SKSb,2,1,3,0.67
SKSh,0,1,1,0.0
SKSl,0,2,2,0.0
SKSm,0,3,3,0.0
SKSn,1,0,1,1.0
SKSs,1,0,1,1.0
SKbJ,0,1,1,0.0
SKbM,1,1,2,0.5
SKbN,2,0,2,1.0
SKbP,2,2,4,0.5
SKbS,1,0,1,1.0
SKbb,2,0,2,1.0
SKbm,2,0,2,1.0
SKbn,1,2,3,0.33
SKbs,0,2,2,0.0
SKhB,0,1,1,0.0
SKhH,1,0,1,1.0
SKhM,2,3,5,0.4
SKhN,1,0,1,1.0
SKhP,2,3,5,0.4
SKhS,2,0,2,1.0
SKhb,0,0,0,
SKhh,0,2,2,0.0
SKhm,0,0,0,
SKhs,2,1,3,0.67
SKlI,1,0,1,1.0
SKlL,1,0,1,1.0
SKlM,0,1,1,0.0
SKlP,0,1,1,0.0
SKlS,0,1,1,0.0
SKlb,1,2,3,0.33
SKll,3,0,3,1.0
SKlm,1,0,1,1.0
SKls,1,0,1,1.0
SKmB,1,0,1,1.0
SKmH,0,1,1,0.0
SKmL,3,1,4,0.75
SKmM,2,1,3,0.67
SKmN,4,1,5,0.8
SKmP,1,2,3,0.33
SKmS,0,2,2,0.0
SKmb,1,5,6,0.17
SKmm,2,2,4,0.5
SKmn,2,2,4,0.5
SKms,2,1,3,0.67
SKnB,2,0,2,1.0
SKnH,0,1,1,0.0
SKnI,1,0,1,1.0
SKnM,2,3,5,0.4
SKnN,2,1,3,0.67
SKnP,1,5,6,0.17
SKnS,0,2,2,0.0
SKnb,2,5,7,0.29
SKnl,0,1,1,0.0
SKnm,1,1,2,0.5
SKnn,1,0,1,1.0
SKns,1,1,2,0.5
SKsB,2,0,2,1.0
SKsD,1,0,1,1.0
SKsH,1,3,4,0.25
SKsI,0,0,0,
SKsL,2,0,2,1.0
SKsM,2,0,2,1.0
SKsN,1,2,3,0.33
SKsP,4,1,5,0.8
SKsS,2,1,3,0.67
SKsb,1,1,2,0.5
SKsh,1,0,1,1.0
SKsl,1,0,1,1.0
SKsm,1,4,5,0.2
SKsn,3,0,3,1.0
SKss,1,4,5,0.2
SKtM,0,1,1,0.0
SKtS,0,1,1,0.0
SKtb,1,0,1,1.0
SKtm,0,1,1,0.0
SLBB,12,17,29,0.41
SLBD,3,2,5,0.6
SLBH,0,2,2,0.0
SLBK,0,3,3,0.0
SLBL,5,4,9,0.56
SLBM,12,13,25,0.48
SLBN,7,11,18,0.39
SLBP,12,21,33,0.36
SLBS,6,5,11,0.55
SLBb,17,14,31,0.55
SLBh,1,0,1,1.0
SLBj,3,2,5,0.6
SLBl,6,3,9,0.67
SLBm,13,14,27,0.48
SLBn,15,28,43,0.35
SLBs,9,6,15,0.6
SLBt,2,3,5,0.4
SLDB,1,3,4,0.25
SLDD,0,0,0,
SLDH,0,4,4,0.0
SLDI,1,0,1,1.0
SLDL,1,1,2,0.5
SLDM,1,4,5,0.2
SLDN,1,2,3,0.33
SLDP,1,2,3,0.33
SLDS,0,1,1,0.0
SLDb,3,0,3,1.0
SLDl,0,2,2,0.0
SLDm,5,1,6,0.83
SLDs,0,2,2,0.0
SLDt,1,0,1,1.0
SLHD,0,1,1,0.0
SLHH,1,0,1,1.0
SLHP,0,1,1,0.0
SLHS,1,0,1,1.0
SLHh,0,1,1,0.0
SLHl,1,0,1,1.0
SLHm,1,1,2,0.5
SLHs,1,0,1,1.0
SLIP,0,1,1,0.0
SLIS,0,1,1,0.0
SLIm,1,0,1,1.0
SLKB,0,3,3,0.0
SLKD,0,1,1,0.0
SLKL,0,1,1,0.0
SLKM,0,2,2,0.0
SLKN,1,2,3,0.33
SLKP,2,4,6,0.33
SLKS,2,2,4,0.5
SLKb,1,2,3,0.33
SLKl,1,0,1,1.0
SLKm,4,1,5,0.8
SLKn,0,1,1,0.0
SLKs,1,1,2,0.5
SLKt,0,0,0,
SLLB,3,7,10,0.3
SLLD,0,2,2,0.0
SLLH,0,2,2,0.0
SLLK,0,1,1,0.0
SLLL,0,3,3,0.0
SLLM,2,3,5,0.4
SLLN,5,6,11,0.45
SLLP,8,4,12,0.67
SLLS,4,3,7,0.57
SLLb,8,2,10,0.8
SLLh,1,4,5,0.2
SLLj,4,2,6,0.67
SLLl,6,2,8,0.75
SLLm,7,8,15,0.47
SLLn,7,11,18,0.39
SLLs,2,4,6,0.33
SLMB,14,15,29,0.48
SLMD,4,1,5,0.8
SLMK,1,0,1,1.0
SLML,5,4,9,0.56
SLMM,13,12,25,0.52
SLMN,13,16,29,0.45
SLMP,17,18,35,0.49
SLMS,6,11,17,0.35
SLMb,13,17,30,0.43
SLMh,7,11,18,0.39
SLMj,2,2,4,0.5
SLMl,1,6,7,0.14
SLMm,19,13,32,0.59
SLMn,18,11,29,0.62
SLMs,8,9,17,0.47
SLMt,0,2,2,0.0
SLNB,9,17,26,0.35
SLND,1,1,2,0.5
SLNH,0,4,4,0.0
SLNK,0,0,0,
SLNL,2,3,5,0.4
SLNM,13,12,25,0.52
SLNN,13,16,29,0.45
SLNP,19,22,41,0.46
SLNS,9,3,12,0.75
SLNb,12,18,30,0.4
SLNh,7,4,11,0.64
SLNl,3,8,11,0.27
SLNm,19,15,34,0.56
SLNn,21,26,47,0.45
SLNs,13,10,23,0.57
SLNt,5,3,8,0.62
SLPB,15,14,29,0.52
SLPD,3,3,6,0.5
SLPH,3,0,3,1.0
SLPI,2,2,4,0.5
SLPK,3,2,5,0.6
SLPL,10,8,18,0.56
SLPM,19,16,35,0.54
SLPN,10,15,25,0.4
SLPP,18,16,34,0.53
SLPS,13,16,29,0.45
SLPb,18,15,33,0.55
SLPh,0,3,3,0.0
SLPl,10,9,19,0.53
SLPm,16,14,30,0.53
SLPn,15,19,34,0.44
SLPs,12,13,25,0.48
SLPt,2,0,2,1.0
SLSB,12,13,25,0.48
SLSD,2,2,4,0.5
SLSH,1,2,3,0.33
SLSI,3,0,3,1.0
SLSK,1,2,3,0.33
SLSL,4,4,8,0.5
SLSM,13,10,23,0.57
SLSN,7,10,17,0.41
SLSP,9,12,21,0.43
SLSS,13,21,34,0.38
SLSb,9,8,17,0.53
SLSh,2,5,7,0.29
SLSl,3,3,6,0.5
SLSm,20,13,33,0.61
SLSn,18,8,26,0.69
SLSs,19,12,31,0.61
SLSt,3,2,5,0.6
SLbB,6,11,17,0.35
SLbH,2,3,5,0.4
SLbI,3,1,4,0.75
SLbJ,2,3,5,0.4
SLbK,0,2,2,0.0
SLbL,5,4,9,0.56
SLbM,6,11,17,0.35
SLbN,11,13,24,0.46
SLbP,10,12,22,0.45
SLbS,10,16,26,0.38
SLbb,9,11,20,0.45
SLbl,7,3,10,0.7
SLbm,17,9,26,0.65
SLbn,12,11,23,0.52
SLbs,7,7,14,0.5
SLhB,10,6,16,0.62
SLhD,0,1,1,0.0
SLhH,1,1,2,0.5
SLhI,0,3,3,0.0
SLhL,1,1,2,0.5
SLhM,3,4,7,0.43
SLhN,2,6,8,0.25
SLhP,7,6,13,0.54
SLhS,2,8,10,0.2
SLhb,5,3,8,0.62
SLhh,2,7,9,0.22
SLhl,1,2,3,0.33
SLhm,9,7,16,0.56
SLhn,1,5,6,0.17
SLhs,2,4,6,0.33
SLht,0,1,1,0.0
SLjB,2,2,4,0.5
SLjH,0,2,2,0.0
SLjI,1,0,1,1.0
SLjL,0,4,4,0.0
SLjM,0,0,0,
SLjN,1,1,2,0.5
SLjP,4,4,8,0.5
SLjS,2,0,2,1.0
SLjb,6,1,7,0.86
SLjh,2,3,5,0.4
SLjl,2,2,4,0.5
SLjm,5,1,6,0.83
SLjn,3,1,4,0.75
SLjs,3,3,6,0.5
SLjt,1,1,2,0.5
SLlB,10,6,16,0.62
SLlD,1,3,4,0.25
SLlH,5,4,9,0.56
SLlI,0,1,1,0.0
SLlJ,4,0,4,1.0
SLlK,1,1,2,0.5
SLlL,1,4,5,0.2
SLlM,9,6,15,0.6
SLlN,3,6,9,0.33
SLlP,6,10,16,0.38
SLlS,10,5,15,0.67
SLlb,1,4,5,0.2
SLll,2,3,5,0.4
SLlm,4,8,12,0.33
SLln,1,7,8,0.12
SLls,9,7,16,0.56
SLlt,0,1,1,0.0
SLmB,8,15,23,0.35
SLmD,2,4,6,0.33
SLmH,10,14,24,0.42
SLmI,4,0,4,1.0
SLmJ,2,4,6,0.33
SLmL,1,4,5,0.2
SLmM,22,27,49,0.45
SLmN,13,22,35,0.37
SLmP,8,13,21,0.38
SLmS,16,21,37,0.43
SLmb,13,18,31,0.42
SLmh,0,1,1,0.0
SLml,6,5,11,0.55
SLmm,21,13,34,0.62
SLmn,9,12,21,0.43
SLms,14,17,31,0.45
SLmt,0,1,1,0.0
SLnB,17,9,26,0.65
SLnD,2,2,4,0.5
SLnH,9,13,22,0.41
SLnI,3,1,4,0.75
SLnK,2,2,4,0.5
SLnL,3,4,7,0.43
SLnM,19,22,41,0.46
SLnN,13,23,36,0.36
SLnP,26,25,51,0.51
SLnS,15,21,36,0.42
SLnb,17,15,32,0.53
SLnh,2,2,4,0.5
SLnl,4,12,16,0.25
SLnm,19,14,33,0.58
SLnn,14,19,33,0.42
SLns,19,16,35,0.54
SLnt,1,0,1,1.0
SLsB,8,19,27,0.3
SLsD,5,2,7,0.71
SLsH,11,15,26,0.42
SLsI,1,3,4,0.25
SLsK,0,1,1,0.0
SLsL,5,1,6,0.83
SLsM,8,10,18,0.44
SLsN,8,17,25,0.32
SLsP,13,11,24,0.54
SLsS,12,10,22,0.55
SLsb,12,15,27,0.44
SLsh,0,1,1,0.0
SLsl,2,3,5,0.4
SLsm,11,18,29,0.38
SLsn,7,12,19,0.37
SLss,15,21,36,0.42
SLtB,3,5,8,0.38
SLtH,1,1,2,0.5
SLtL,0,3,3,0.0
SLtM,2,2,4,0.5
SLtN,5,1,6,0.83
SLtP,1,4,5,0.2
SLtS,1,2,3,0.33
SLtb,3,0,3,1.0
SLtl,1,0,1,1.0
SLtm,10,3,13,0.77
SLtn,1,2,3,0.33
SLts,1,1,2,0.5
SMBB,59,80,139,0.42
SMBD,11,5,16,0.69
SMBK,6,7,13,0.46
SMBL,8,17,25,0.32
SMBM,60,60,120,0.5
SMBN,54,68,122,0.44
SMBP,55,44,99,0.56
SMBS,27,29,56,0.48
SMBb,77,54,131,0.59
SMBh,6,6,12,0.5
SMBj,10,9,19,0.53
SMBl,14,13,27,0.52
SMBm,74,59,133,0.56
SMBn,76,73,149,0.51
SMBs,21,19,40,0.52
SMBt,9,9,18,0.5
SMDB,5,1,6,0.83
SMDD,2,3,5,0.4
SMDH,7,4,11,0.64
SMDI,0,2,2,0.0
SMDK,0,1,1,0.0
SMDL,1,2,3,0.33
SMDM,13,14,27,0.48
SMDN,3,9,12,0.25
SMDP,5,9,14,0.36
SMDS,8,13,21,0.38
SMDb,9,6,15,0.6
SMDh,1,1,2,0.5
SMDl,2,3,5,0.4
SMDm,10,13,23,0.43
SMDn,8,10,18,0.44
SMDs,9,6,15,0.6
SMDt,1,1,2,0.5
SMHB,2,3,5,0.4
SMHD,0,0,0,
SMHL,0,0,0,
SMHM,0,2,2,0.0
SMHN,0,1,1,0.0
SMHP,3,2,5,0.6
SMHS,0,2,2,0.0
SMHh,1,0,1,1.0
SMHl,0,0,0,
SMHm,1,2,3,0.33
SMHn,2,0,2,1.0
SMHs,0,2,2,0.0
SMIB,0,1,1,0.0
SMIM,0,2,2,0.0
SMIS,0,1,1,0.0
SMIh,0,1,1,0.0
SMIm,3,0,3,1.0
SMIs,1,0,1,1.0
SMKB,3,3,6,0.5
SMKI,0,0,0,
SMKL,0,1,1,0.0
SMKM,3,6,9,0.33
SMKN,1,2,3,0.33
SMKP,1,2,3,0.33
SMKS,2,1,3,0.67
SMKb,0,2,2,0.0
SMKh,1,0,1,1.0
SMKm,4,4,8,0.5
SMKn,3,2,5,0.6
SMKs,2,3,5,0.4
SMLB,9,23,32,0.28
SMLD,2,3,5,0.4
SMLK,2,1,3,0.67
SMLL,1,8,9,0.11
SMLM,11,12,23,0.48
SMLN,8,12,20,0.4
SMLP,14,9,23,0.61
SMLS,9,7,16,0.56
SMLb,17,12,29,0.59
SMLh,5,6,11,0.45
SMLj,2,0,2,1.0
SMLl,7,3,10,0.7
SMLm,21,13,34,0.62
SMLn,10,14,24,0.42
SMLs,10,7,17,0.59
SMLt,5,2,7,0.71
SMMB,63,76,139,0.45
SMMD,12,10,22,0.55
SMMH,1,1,2,0.5
SMMI,1,0,1,1.0
SMMK,1,5,6,0.17
SMML,6,12,18,0.33
SMMM,65,69,134,0.49
SMMN,55,60,115,0.48
SMMP,57,64,121,0.47
SMMS,36,43,79,0.46
SMMb,70,59,129,0.54
SMMh,27,41,68,0.4
SMMj,10,4,14,0.71
SMMl,14,18,32,0.44
SMMm,94,78,172,0.55
SMMn,71,88,159,0.45
SMMs,40,38,78,0.51
SMMt,7,5,12,0.58
SMNB,48,54,102,0.47
SMND,10,14,24,0.42
SMNH,5,9,14,0.36
SMNI,2,2,4,0.5
SMNK,4,9,13,0.31
SMNL,6,12,18,0.33
SMNM,52,51,103,0.5
SMNN,72,70,142,0.51
SMNP,68,55,123,0.55
SMNS,46,48,94,0.49
SMNb,56,36,92,0.61
SMNh,11,16,27,0.41
SMNl,14,14,28,0.5
SMNm,68,47,115,0.59
SMNn,58,60,118,0.49
SMNs,48,38,86,0.56
SMNt,3,6,9,0.33
SMPB,48,50,98,0.49
SMPD,6,7,13,0.46
SMPH,12,14,26,0.46
SMPI,11,7,18,0.61
SMPK,11,9,20,0.55
SMPL,16,16,32,0.5
SMPM,54,67,121,0.45
SMPN,53,53,106,0.5
SMPP,78,66,144,0.54
SMPS,42,38,80,0.52
SMPb,42,40,82,0.51
SMPh,9,5,14,0.64
SMPl,20,25,45,0.44
SMPm,72,52,124,0.58
SMPn,62,65,127,0.49
SMPs,40,41,81,0.49
SMPt,8,8,16,0.5
SMSB,34,33,67,0.51
SMSD,10,4,14,0.71
SMSH,22,25,47,0.47
SMSI,6,2,8,0.75
SMSK,0,1,1,0.0
SMSL,9,13,22,0.41
SMSM,46,54,100,0.46
SMSN,39,39,78,0.5
SMSP,33,48,81,0.41
SMSS,86,87,173,0.5
SMSb,32,34,66,0.48
SMSh,33,21,54,0.61
SMSl,6,13,19,0.32
SMSm,73,70,143,0.51
SMSn,41,70,111,0.37
SMSs,57,65,122,0.47
SMSt,10,6,16,0.62
SMbB,42,43,85,0.49
SMbD,6,7,13,0.46
SMbH,15,7,22,0.68
SMbI,9,3,12,0.75
SMbJ,10,14,24,0.42
SMbK,7,7,14,0.5
SMbL,9,6,15,0.6
SMbM,36,46,82,0.44
SMbN,65,65,130,0.5
SMbP,29,31,60,0.48
SMbS,34,44,78,0.44
SMbb,42,38,80,0.52
SMbl,4,8,12,0.33
SMbm,46,49,95,0.48
SMbn,55,49,104,0.53
SMbs,26,41,67,0.39
SMhB,30,41,71,0.42
SMhD,0,4,4,0.0
SMhH,5,9,14,0.36
SMhI,10,6,16,0.62
SMhK,0,1,1,0.0
SMhL,7,6,13,0.54
SMhM,35,55,90,0.39
SMhN,37,34,71,0.52
SMhP,39,38,77,0.51
SMhS,31,36,67,0.46
SMhb,33,34,67,0.49
SMhh,35,23,58,0.6
SMhl,12,7,19,0.63
SMhm,61,39,100,0.61
SMhn,35,43,78,0.45
SMhs,45,28,73,0.62
SMht,4,3,7,0.57
SMjB,4,4,8,0.5
SMjH,2,5,7,0.29
SMjI,0,3,3,0.0
SMjK,0,3,3,0.0
SMjL,5,7,12,0.42
SMjM,7,7,14,0.5
SMjN,8,4,12,0.67
SMjP,9,15,24,0.38
SMjS,4,3,7,0.57
SMjb,6,4,10,0.6
SMjh,0,3,3,0.0
SMjl,9,4,13,0.69
SMjm,8,7,15,0.53
SMjn,5,6,11,0.45
SMjs,8,7,15,0.53
SMjt,1,0,1,1.0
SMlB,17,10,27,0.63
SMlD,1,1,2,0.5
SMlH,7,9,16,0.44
SMlI,3,3,6,0.5
SMlJ,6,5,11,0.55
SMlK,2,0,2,1.0
SMlL,6,6,12,0.5
SMlM,22,19,41,0.54
SMlN,20,15,35,0.57
SMlP,20,21,41,0.49
SMlS,18,16,34,0.53
SMlb,10,11,21,0.48
SMlh,0,1,1,0.0
SMll,4,2,6,0.67
SMlm,15,7,22,0.68
SMln,11,15,26,0.42
SMls,15,12,27,0.56
SMmB,49,63,112,0.44
SMmD,14,18,32,0.44
SMmH,53,60,113,0.47
SMmI,6,4,10,0.6
SMmJ,15,13,28,0.54
SMmK,2,3,5,0.4
SMmL,14,13,27,0.52
SMmM,59,100,159,0.37
SMmN,89,90,179,0.5
SMmP,60,68,128,0.47
SMmS,61,84,145,0.42
SMmb,51,53,104,0.49
SMmh,0,1,1,0.0
SMml,12,12,24,0.5
SMmm,77,63,140,0.55
SMmn,76,63,139,0.55
SMms,61,54,115,0.53
SMnB,58,65,123,0.47
SMnD,9,17,26,0.35
SMnH,24,44,68,0.35
SMnI,17,15,32,0.53
SMnK,8,17,25,0.32
SMnL,16,13,29,0.55
SMnM,69,91,160,0.43
SMnN,91,102,193,0.47
SMnP,82,95,177,0.46
SMnS,68,68,136,0.5
SMnb,54,46,100,0.54
SMnh,5,6,11,0.45
SMnl,20,15,35,0.57
SMnm,75,76,151,0.5
SMnn,78,72,150,0.52
SMns,82,62,144,0.57
SMnt,1,1,2,0.5
SMsB,37,29,66,0.56
SMsD,7,5,12,0.58
SMsH,33,36,69,0.48
SMsI,5,7,12,0.42
SMsK,3,0,3,1.0
SMsL,10,13,23,0.43
SMsM,35,45,80,0.44
SMsN,44,44,88,0.5
SMsP,32,32,64,0.5
SMsS,68,73,141,0.48
SMsb,22,38,60,0.37
SMsh,3,3,6,0.5
SMsl,13,14,27,0.48
SMsm,53,49,102,0.52
SMsn,34,40,74,0.46
SMss,47,56,103,0.46
SMst,3,1,4,0.75
SMtB,6,12,18,0.33
SMtD,3,1,4,0.75
SMtH,3,8,11,0.27
SMtI,0,2,2,0.0
SMtK,0,2,2,0.0
SMtL,3,2,5,0.6
SMtM,6,8,14,0.43
SMtN,5,7,12,0.42
SMtP,1,6,7,0.14
SMtS,8,13,21,0.38
SMtb,6,6,12,0.5
SMth,0,0,0,
SMtl,3,2,5,0.6
SMtm,20,9,29,0.69
SMtn,6,5,11,0.55
SMts,6,11,17,0.35
SMtt,2,1,3,0.67
SNBB,37,43,80,0.46
SNBD,10,7,17,0.59
SNBK,4,1,5,0.8
SNBL,9,10,19,0.47
SNBM,37,46,83,0.45
SNBN,44,38,82,0.54
SNBP,41,59,100,0.41
SNBS,25,27,52,0.48
SNBb,39,35,74,0.53
SNBh,3,3,6,0.5
SNBj,5,9,14,0.36
SNBl,17,7,24,0.71
SNBm,54,36,90,0.6
SNBn,55,54,109,0.5
SNBs,15,24,39,0.38
SNBt,3,3,6,0.5
SNDB,4,2,6,0.67
SNDD,2,2,4,0.5
SNDH,6,6,12,0.5
SNDL,2,1,3,0.67
SNDM,6,8,14,0.43
SNDN,10,4,14,0.71
SNDP,2,3,5,0.4
SNDS,8,13,21,0.38
SNDb,7,5,12,0.58
SNDh,0,3,3,0.0
SNDl,3,2,5,0.6
SNDm,12,5,17,0.71
SNDn,7,4,11,0.64
SNDs,7,6,13,0.54
SNDt,1,1,2,0.5
SNHB,8,5,13,0.62
SNHD,0,1,1,0.0
SNHH,1,2,3,0.33
SNHI,0,1,1,0.0
SNHK,1,0,1,1.0
SNHL,0,5,5,0.0
SNHM,7,15,22,0.32
SNHN,10,11,21,0.48
SNHP,8,10,18,0.44
SNHS,12,10,22,0.55
SNHb,2,7,9,0.22
SNHh,2,4,6,0.33
SNHl,1,0,1,1.0
SNHm,10,8,18,0.56
SNHn,9,9,18,0.5
SNHs,9,16,25,0.36
SNHt,0,1,1,0.0
SNIB,0,0,0,
SNID,1,0,1,1.0
SNIH,1,2,3,0.33
SNII,0,1,1,0.0
SNIL,1,0,1,1.0
SNIM,2,1,3,0.67
SNIN,1,1,2,0.5
SNIP,1,1,2,0.5
SNIS,4,1,5,0.8
SNIb,1,0,1,1.0
SNIh,0,0,0,
SNIl,0,1,1,0.0
SNIm,2,2,4,0.5
SNIn,1,1,2,0.5
SNIs,1,1,2,0.5
SNIt,2,0,2,1.0
SNKB,4,3,7,0.57
SNKD,2,0,2,1.0
SNKH,1,0,1,1.0
SNKI,2,0,2,1.0
SNKK,1,1,2,0.5
SNKL,2,1,3,0.67
SNKM,7,7,14,0.5
SNKN,4,4,8,0.5
SNKP,4,8,12,0.33
SNKS,4,3,7,0.57
SNKb,3,5,8,0.38
SNKh,4,2,6,0.67
SNKl,1,0,1,1.0
SNKm,1,7,8,0.12
SNKn,5,6,11,0.45
SNKs,3,8,11,0.27
SNKt,0,2,2,0.0
SNLB,11,16,27,0.41
SNLD,1,1,2,0.5
SNLH,1,0,1,1.0
SNLK,0,1,1,0.0
SNLL,7,2,9,0.78
SNLM,15,12,27,0.56
SNLN,10,12,22,0.45
SNLP,12,9,21,0.57
SNLS,4,7,11,0.36
SNLb,9,12,21,0.43
SNLh,3,3,6,0.5
SNLj,1,2,3,0.33
SNLl,4,5,9,0.44
SNLm,8,15,23,0.35
SNLn,17,12,29,0.59
SNLs,7,6,13,0.54
SNLt,5,0,5,1.0
SNMB,35,46,81,0.43
SNMD,6,5,11,0.55
SNMK,0,0,0,
SNML,11,15,26,0.42
SNMM,22,49,71,0.31
SNMN,55,68,123,0.45
SNMP,41,51,92,0.45
SNMS,31,24,55,0.56
SNMb,43,37,80,0.54
SNMh,21,36,57,0.37
SNMj,9,3,12,0.75
SNMl,12,14,26,0.46
SNMm,64,58,122,0.52
SNMn,56,67,123,0.46
SNMs,37,34,71,0.52
SNMt,7,8,15,0.47
SNNB,43,49,92,0.47
SNND,7,9,16,0.44
SNNH,10,11,21,0.48
SNNI,4,1,5,0.8
SNNK,9,7,16,0.56
SNNL,13,16,29,0.45
SNNM,51,53,104,0.49
SNNN,87,68,155,0.56
SNNP,69,70,139,0.5
SNNS,61,55,116,0.53
SNNb,40,45,85,0.47
SNNh,17,17,34,0.5
SNNl,14,14,28,0.5
SNNm,66,51,117,0.56
SNNn,73,85,158,0.46
SNNs,63,49,112,0.56
SNNt,12,8,20,0.6
SNPB,48,45,93,0.52
SNPD,7,7,14,0.5
SNPH,16,15,31,0.52
SNPI,10,7,17,0.59
SNPK,8,4,12,0.67
SNPL,22,15,37,0.59
SNPM,52,70,122,0.43
SNPN,60,65,125,0.48
SNPP,73,62,135,0.54
SNPS,55,58,113,0.49
SNPb,44,43,87,0.51
SNPh,3,12,15,0.2
SNPl,21,16,37,0.57
SNPm,65,39,104,0.62
SNPn,56,43,99,0.57
SNPs,46,50,96,0.48
SNPt,10,8,18,0.56
SNSB,34,40,74,0.46
SNSD,13,13,26,0.5
SNSH,17,15,32,0.53
SNSI,5,3,8,0.62
SNSK,0,1,1,0.0
SNSL,13,11,24,0.54
SNSM,54,48,102,0.53
SNSN,48,39,87,0.55
SNSP,46,40,86,0.53
SNSS,68,71,139,0.49
SNSb,27,33,60,0.45
SNSh,19,16,35,0.54
SNSl,13,11,24,0.54
SNSm,44,54,98,0.45
SNSn,54,61,115,0.47
SNSs,45,64,109,0.41
SNSt,11,7,18,0.61
SNbB,28,30,58,0.48
SNbD,4,5,9,0.44
SNbH,5,6,11,0.45
SNbI,8,4,12,0.67
SNbJ,11,12,23,0.48
SNbK,4,9,13,0.31
SNbL,5,6,11,0.45
SNbM,26,39,65,0.4
SNbN,36,36,72,0.5
SNbP,28,26,54,0.52
SNbS,30,21,51,0.59
SNbb,30,29,59,0.51
SNbl,7,5,12,0.58
SNbm,24,27,51,0.47
SNbn,30,38,68,0.44
SNbs,26,18,44,0.59
SNhB,17,10,27,0.63
SNhD,1,2,3,0.33
SNhH,2,6,8,0.25
SNhI,3,2,5,0.6
SNhK,1,1,2,0.5
SNhL,0,3,3,0.0
SNhM,7,8,15,0.47
SNhN,17,16,33,0.52
SNhP,16,17,33,0.48
SNhS,14,19,33,0.42
SNhb,10,12,22,0.45
SNhh,13,13,26,0.5
SNhl,1,10,11,0.09
SNhm,24,13,37,0.65
SNhn,9,19,28,0.32
SNhs,18,16,34,0.53
SNht,3,3,6,0.5
SNlB,8,9,17,0.47
SNlD,0,5,5,0.0
SNlH,4,5,9,0.44
SNlI,0,1,1,0.0
SNlJ,4,3,7,0.57
SNlK,1,1,2,0.5
SNlL,4,1,5,0.8
SNlM,13,11,24,0.54
SNlN,20,12,32,0.62
SNlP,11,9,20,0.55
SNlS,16,10,26,0.62
SNlb,12,9,21,0.57
SNll,4,5,9,0.44
SNlm,11,12,23,0.48
SNln,7,7,14,0.5
SNls,13,12,25,0.52
SNmB,53,34,87,0.61
SNmD,13,13,26,0.5
SNmH,36,38,74,0.49
SNmI,5,6,11,0.45
SNmJ,15,14,29,0.52
SNmK,3,1,4,0.75
SNmL,13,11,24,0.54
SNmM,38,58,96,0.4
SNmN,56,49,105,0.53
SNmP,58,37,95,0.61
SNmS,30,34,64,0.47
SNmb,43,32,75,0.57
SNmh,0,3,3,0.0
SNml,6,13,19,0.32
SNmm,56,53,109,0.51
SNmn,54,62,116,0.47
SNms,33,36,69,0.48
SNnB,37,39,76,0.49
SNnD,11,12,23,0.48
SNnH,41,28,69,0.59
SNnI,17,15,32,0.53
SNnK,5,7,12,0.42
SNnL,8,19,27,0.3
SNnM,48,69,117,0.41
SNnN,82,94,176,0.47
SNnP,85,75,160,0.53
SNnS,56,67,123,0.46
SNnb,34,37,71,0.48
SNnh,2,3,5,0.4
SNnl,12,16,28,0.43
SNnm,67,50,117,0.57
SNnn,73,71,144,0.51
SNns,82,69,151,0.54
SNnt,1,2,3,0.33
SNsB,31,22,53,0.58
SNsD,12,5,17,0.71
SNsH,42,48,90,0.47
SNsI,11,9,20,0.55
SNsK,1,1,2,0.5
SNsL,9,17,26,0.35
SNsM,35,46,81,0.43
SNsN,52,51,103,0.5
SNsP,39,54,93,0.42
SNsS,70,69,139,0.5
SNsb,23,30,53,0.43
SNsh,3,6,9,0.33
SNsl,10,15,25,0.4
SNsm,55,45,100,0.55
SNsn,36,42,78,0.46
SNss,61,51,112,0.54
SNst,0,0,0,
SNtB,10,9,19,0.53
SNtD,0,2,2,0.0
SNtH,6,5,11,0.55
SNtI,0,1,1,0.0
SNtK,2,1,3,0.67
SNtL,3,7,10,0.3
SNtM,6,10,16,0.38
SNtN,12,4,16,0.75
SNtP,5,5,10,0.5
SNtS,14,7,21,0.67
SNtb,5,2,7,0.71
SNth,0,1,1,0.0
SNtl,4,3,7,0.57
SNtm,9,9,18,0.5
SNtn,8,6,14,0.57
SNts,6,13,19,0.32
SNtt,2,1,3,0.67
SPBB,38,40,78,0.49
SPBD,5,8,13,0.38
SPBH,0,1,1,0.0
SPBK,4,8,12,0.33
SPBL,15,24,39,0.38
SPBM,47,44,91,0.52
SPBN,43,35,78,0.55
SPBP,44,45,89,0.49
SPBS,25,21,46,0.54
SPBb,39,42,81,0.48
SPBh,3,6,9,0.33
SPBj,10,7,17,0.59
SPBl,8,14,22,0.36
SPBm,52,28,80,0.65
SPBn,39,51,90,0.43
SPBs,25,21,46,0.54
SPBt,8,8,16,0.5
SPDB,4,3,7,0.57
SPDD,1,0,1,1.0
SPDH,4,4,8,0.5
SPDI,1,0,1,1.0
SPDL,4,0,4,1.0
SPDM,4,17,21,0.19
SPDN,4,5,9,0.44
SPDP,7,4,11,0.64
SPDS,5,8,13,0.38
SPDb,4,6,10,0.4
SPDh,0,2,2,0.0
SPDl,1,7,8,0.12
SPDm,9,5,14,0.64
SPDn,11,9,20,0.55
SPDs,7,7,14,0.5
SPDt,1,1,2,0.5
SPHB,14,13,27,0.52
SPHD,2,1,3,0.67
SPHH,2,5,7,0.29
SPHI,5,1,6,0.83
SPHK,2,2,4,0.5
SPHL,4,6,10,0.4
SPHM,17,17,34,0.5
SPHN,12,17,29,0.41
SPHP,23,27,50,0.46
SPHS,27,20,47,0.57
SPHb,19,9,28,0.68
SPHh,5,8,13,0.38
SPHl,8,8,16,0.5
SPHm,20,17,37,0.54
SPHn,19,13,32,0.59
SPHs,21,12,33,0.64
SPHt,1,0,1,1.0
SPIB,6,4,10,0.6
SPID,4,1,5,0.8
SPIH,3,3,6,0.5
SPII,0,0,0,
SPIL,3,3,6,0.5
SPIM,9,6,15,0.6
SPIN,6,8,14,0.43
SPIP,8,4,12,0.67
SPIS,10,10,20,0.5
SPIb,9,6,15,0.6
SPIh,1,1,2,0.5
SPIl,1,1,2,0.5
SPIm,11,7,18,0.61
SPIn,7,6,13,0.54
SPIs,7,3,10,0.7
SPIt,2,1,3,0.67
SPKB,8,6,14,0.57
SPKD,3,0,3,1.0
SPKH,1,2,3,0.33
SPKI,1,2,3,0.33
SPKK,1,1,2,0.5
SPKL,3,3,6,0.5
SPKM,8,3,11,0.73
SPKN,3,4,7,0.43
SPKP,10,4,14,0.71
SPKS,3,10,13,0.23
SPKb,5,4,9,0.56
SPKh,5,4,9,0.56
SPKl,2,2,4,0.5
SPKm,6,6,12,0.5
SPKn,6,5,11,0.55
SPKs,7,7,14,0.5
SPLB,17,15,32,0.53
SPLD,0,3,3,0.0
SPLK,1,3,4,0.25
SPLL,5,13,18,0.28
SPLM,16,22,38,0.42
SPLN,12,17,29,0.41
SPLP,23,19,42,0.55
SPLS,19,22,41,0.46
SPLb,14,14,28,0.5
SPLh,4,4,8,0.5
SPLj,6,3,9,0.67
SPLl,14,7,21,0.67
SPLm,22,18,40,0.55
SPLn,14,29,43,0.33
SPLs,17,13,30,0.57
SPLt,2,6,8,0.25
SPMB,60,56,116,0.52
SPMD,8,8,16,0.5
SPMH,0,1,1,0.0
SPMI,1,0,1,1.0
SPMK,2,1,3,0.67
SPML,8,17,25,0.32
SPMM,46,58,104,0.44
SPMN,40,54,94,0.43
SPMP,59,66,125,0.47
SPMS,36,31,67,0.54
SPMb,54,47,101,0.53
SPMh,28,42,70,0.4
SPMj,6,7,13,0.46
SPMl,19,25,44,0.43
SPMm,57,47,104,0.55
SPMn,52,54,106,0.49
SPMs,41,39,80,0.51
SPMt,11,6,17,0.65
SPNB,35,39,74,0.47
SPND,8,6,14,0.57
SPNH,6,10,16,0.38
SPNI,2,0,2,1.0
SPNK,5,10,15,0.33
SPNL,17,18,35,0.49
SPNM,46,59,105,0.44
SPNN,68,52,120,0.57
SPNP,62,66,128,0.48
SPNS,39,50,89,0.44
SPNb,32,37,69,0.46
SPNh,12,17,29,0.41
SPNl,7,22,29,0.24
SPNm,58,55,113,0.51
SPNn,53,62,115,0.46
SPNs,42,38,80,0.52
SPNt,8,5,13,0.62
SPPB,56,45,101,0.55
SPPD,5,8,13,0.38
SPPH,9,19,28,0.32
SPPI,9,6,15,0.6
SPPK,4,7,11,0.36
SPPL,27,33,60,0.45
SPPM,69,70,139,0.5
SPPN,49,54,103,0.48
SPPP,85,78,163,0.52
SPPS,50,55,105,0.48
SPPb,52,61,113,0.46
SPPh,8,13,21,0.38
SPPl,31,23,54,0.57
SPPm,81,64,145,0.56
SPPn,59,54,113,0.52
SPPs,52,48,100,0.52
SPPt,8,8,16,0.5
SPSB,48,40,88,0.55
SPSD,12,9,21,0.57
SPSH,12,24,36,0.33
SPSI,1,1,2,0.5
SPSK,5,1,6,0.83
SPSL,18,16,34,0.53
SPSM,70,54,124,0.56
SPSN,41,43,84,0.49
SPSP,63,47,110,0.57
SPSS,68,80,148,0.46
SPSb,29,28,57,0.51
SPSh,26,29,55,0.47
SPSl,18,16,34,0.53
SPSm,52,44,96,0.54
SPSn,40,33,73,0.55
SPSs,61,61,122,0.5
SPSt,8,10,18,0.44
SPbB,31,35,66,0.47
SPbD,2,4,6,0.33
SPbH,7,10,17,0.41
SPbI,4,5,9,0.44
SPbJ,14,7,21,0.67
SPbK,4,4,8,0.5
SPbL,7,17,24,0.29
SPbM,42,50,92,0.46
SPbN,38,37,75,0.51
SPbP,44,49,93,0.47
SPbS,24,24,48,0.5
SPbb,40,40,80,0.5
SPbl,23,24,47,0.49
SPbm,45,37,82,0.55
SPbn,44,29,73,0.6
SPbs,24,15,39,0.62
SPhB,4,8,12,0.33
SPhD,0,2,2,0.0
SPhH,4,2,6,0.67
SPhI,2,2,4,0.5
SPhK,0,1,1,0.0
SPhL,4,2,6,0.67
SPhM,4,6,10,0.4
SPhN,6,6,12,0.5
SPhP,10,6,16,0.62
SPhS,10,4,14,0.71
SPhb,6,5,11,0.55
SPhh,7,9,16,0.44
SPhl,4,1,5,0.8
SPhm,8,10,18,0.44
SPhn,3,8,11,0.27
SPhs,4,4,8,0.5
SPht,0,2,2,0.0
SPlB,18,18,36,0.5
SPlD,2,3,5,0.4
SPlH,14,9,23,0.61
SPlI,2,1,3,0.67
SPlJ,7,7,14,0.5
SPlK,1,1,2,0.5
SPlL,9,6,15,0.6
SPlM,17,20,37,0.46
SPlN,18,26,44,0.41
SPlP,22,18,40,0.55
SPlS,16,17,33,0.48
SPlb,16,22,38,0.42
SPll,6,12,18,0.33
SPlm,22,12,34,0.65
SPln,12,11,23,0.52
SPls,16,9,25,0.64
SPmB,62,54,116,0.53
SPmD,14,9,23,0.61
SPmH,48,45,93,0.52
SPmI,4,8,12,0.33
SPmJ,6,15,21,0.29
SPmK,0,1,1,0.0
SPmL,24,18,42,0.57
SPmM,53,78,131,0.4
SPmN,52,45,97,0.54
SPmP,57,64,121,0.47
SPmS,37,47,84,0.44
SPmb,47,64,111,0.42
SPmh,0,2,2,0.0
SPml,22,18,40,0.55
SPmm,82,47,129,0.64
SPmn,56,55,111,0.5
SPms,50,35,85,0.59
SPmt,1,0,1,1.0
SPnB,34,23,57,0.6
SPnD,10,5,15,0.67
SPnH,23,29,52,0.44
SPnI,9,9,18,0.5
SPnK,4,5,9,0.44
SPnL,14,15,29,0.48
SPnM,46,41,87,0.53
SPnN,62,60,122,0.51
SPnP,53,69,122,0.43
SPnS,46,44,90,0.51
SPnb,39,26,65,0.6
SPnh,2,2,4,0.5
SPnl,11,18,29,0.38
SPnm,49,43,92,0.53
SPnn,45,46,91,0.49
SPns,39,41,80,0.49
SPnt,1,0,1,1.0
SPsB,31,30,61,0.51
SPsD,4,6,10,0.4
SPsH,43,48,91,0.47
SPsI,11,4,15,0.73
SPsK,0,3,3,0.0
SPsL,21,18,39,0.54
SPsM,35,54,89,0.39
SPsN,56,49,105,0.53
SPsP,55,52,107,0.51
SPsS,59,79,138,0.43
SPsb,33,29,62,0.53
SPsh,5,3,8,0.62
SPsl,21,20,41,0.51
SPsm,55,49,104,0.53
SPsn,39,33,72,0.54
SPss,52,62,114,0.46
SPst,1,2,3,0.33
SPtB,6,3,9,0.67
SPtD,0,1,1,0.0
SPtH,4,7,11,0.36
SPtI,0,2,2,0.0
SPtL,4,0,4,1.0
SPtM,4,9,13,0.31
SPtN,11,4,15,0.73
SPtP,11,11,22,0.5
SPtS,6,5,11,0.55
SPtb,5,7,12,0.42
SPtl,2,1,3,0.67
SPtm,4,5,9,0.44
SPtn,5,5,10,0.5
SPts,2,5,7,0.29
SPtt,2,0,2,1.0
SSBB,43,48,91,0.47
SSBD,8,12,20,0.4
SSBH,2,0,2,1.0
SSBI,1,0,1,1.0
SSBK,2,7,9,0.22
SSBL,15,13,28,0.54
SSBM,53,56,109,0.49
SSBN,46,49,95,0.48
SSBP,36,43,79,0.46
SSBS,50,52,102,0.49
SSBb,46,56,102,0.45
SSBh,2,8,10,0.2
SSBj,6,12,18,0.33
SSBl,14,15,29,0.48
SSBm,54,57,111,0.49
SSBn,57,66,123,0.46
SSBs,28,46,74,0.38
SSBt,7,7,14,0.5
SSDB,6,7,13,0.46
SSDD,4,8,12,0.33
SSDH,9,7,16,0.56
SSDI,2,2,4,0.5
SSDK,0,0,0,
SSDL,2,2,4,0.5
SSDM,18,15,33,0.55
SSDN,11,11,22,0.5
SSDP,9,13,22,0.41
SSDS,20,19,39,0.51
SSDb,11,9,20,0.55
SSDh,2,1,3,0.67
SSDl,3,1,4,0.75
SSDm,10,19,29,0.34
SSDn,9,16,25,0.36
SSDs,16,15,31,0.52
SSDt,1,2,3,0.33
SSHB,18,25,43,0.42
SSHD,3,3,6,0.5
SSHH,9,15,24,0.38
SSHI,11,10,21,0.52
SSHK,4,4,8,0.5
SSHL,10,11,21,0.48
SSHM,39,49,88,0.44
SSHN,30,30,60,0.5
SSHP,25,26,51,0.49
SSHS,67,61,128,0.52
SSHb,25,19,44,0.57
SSHh,13,16,29,0.45
SSHl,13,15,28,0.46
SSHm,29,30,59,0.49
SSHn,28,22,50,0.56
SSHs,49,61,110,0.45
SSHt,2,2,4,0.5
SSIB,4,3,7,0.57
SSID,2,1,3,0.67
SSIH,2,2,4,0.5
SSII,1,1,2,0.5
SSIK,1,0,1,1.0
SSIL,0,1,1,0.0
SSIM,6,7,13,0.46
SSIN,4,6,10,0.4
SSIP,4,2,6,0.67
SSIS,7,7,14,0.5
SSIb,1,4,5,0.2
SSIh,0,1,1,0.0
SSIl,2,1,3,0.67
SSIm,9,7,16,0.56
SSIn,2,2,4,0.5
SSIs,7,4,11,0.64
SSIt,1,1,2,0.5
SSKB,1,3,4,0.25
SSKI,1,0,1,1.0
SSKK,2,0,2,1.0
SSKM,3,2,5,0.6
SSKN,1,5,6,0.17
SSKP,2,3,5,0.4
SSKS,2,0,2,1.0
SSKb,2,0,2,1.0
SSKh,1,0,1,1.0
SSKl,0,1,1,0.0
SSKm,4,6,10,0.4
SSKn,3,1,4,0.75
SSKs,2,10,12,0.17
SSLB,7,21,28,0.25
SSLD,3,0,3,1.0
SSLI,0,1,1,0.0
SSLK,1,2,3,0.33
SSLL,6,11,17,0.35
SSLM,18,20,38,0.47
SSLN,15,25,40,0.38
SSLP,18,19,37,0.49
SSLS,10,16,26,0.38
SSLb,17,19,36,0.47
SSLh,5,3,8,0.62
SSLj,0,3,3,0.0
SSLl,8,6,14,0.57
SSLm,21,21,42,0.5
SSLn,29,18,47,0.62
SSLs,18,19,37,0.49
SSLt,5,7,12,0.42
SSMB,71,76,147,0.48
SSMD,12,17,29,0.41
SSMH,2,1,3,0.67
SSMI,1,0,1,1.0
SSMK,5,4,9,0.56
SSML,15,16,31,0.48
SSMM,77,109,186,0.41
SSMN,60,78,138,0.43
SSMP,58,81,139,0.42
SSMS,84,91,175,0.48
SSMb,57,50,107,0.53
SSMh,50,61,111,0.45
SSMj,10,10,20,0.5
SSMl,18,14,32,0.56
SSMm,113,83,196,0.58
SSMn,98,98,196,0.5
SSMs,55,80,135,0.41
SSMt,14,11,25,0.56
SSNB,51,51,102,0.5
SSND,6,10,16,0.38
SSNH,14,8,22,0.64
SSNI,2,1,3,0.67
SSNK,5,5,10,0.5
SSNL,10,17,27,0.37
SSNM,59,68,127,0.46
SSNN,77,80,157,0.49
SSNP,65,72,137,0.47
SSNS,71,84,155,0.46
SSNb,51,34,85,0.6
SSNh,15,30,45,0.33
SSNl,18,16,34,0.53
SSNm,47,58,105,0.45
SSNn,82,75,157,0.52
SSNs,52,68,120,0.43
SSNt,8,12,20,0.4
SSPB,46,45,91,0.51
SSPD,10,6,16,0.62
SSPH,14,19,33,0.42
SSPI,11,3,14,0.79
SSPK,7,10,17,0.41
SSPL,25,20,45,0.56
SSPM,59,66,125,0.47
SSPN,41,47,88,0.47
SSPP,63,55,118,0.53
SSPS,64,64,128,0.5
SSPb,38,36,74,0.51
SSPh,8,9,17,0.47
SSPl,23,21,44,0.52
SSPm,69,64,133,0.52
SSPn,50,63,113,0.44
SSPs,51,64,115,0.44
SSPt,4,2,6,0.67
SSSB,78,87,165,0.47
SSSD,17,21,38,0.45
SSSH,72,60,132,0.55
SSSI,7,9,16,0.44
SSSK,6,3,9,0.67
SSSL,23,40,63,0.37
SSSM,125,148,273,0.46
SSSN,96,85,181,0.53
SSSP,77,69,146,0.53
SSSS,257,269,526,0.49
SSSb,86,65,151,0.57
SSSh,51,47,98,0.52
SSSl,21,24,45,0.47
SSSm,143,136,279,0.51
SSSn,115,95,210,0.55
SSSs,185,172,357,0.52
SSSt,18,18,36,0.5
SSbB,35,27,62,0.56
SSbD,4,2,6,0.67
SSbH,8,11,19,0.42
SSbI,7,4,11,0.64
SSbJ,11,6,17,0.65
SSbK,3,10,13,0.23
SSbL,14,14,28,0.5
SSbM,48,46,94,0.51
SSbN,45,38,83,0.54
SSbP,30,25,55,0.55
SSbS,44,41,85,0.52
SSbb,50,37,87,0.57
SSbl,10,7,17,0.59
SSbm,62,42,104,0.6
SSbn,33,41,74,0.45
SSbs,27,23,50,0.54
SShB,17,24,41,0.41
SShD,9,4,13,0.69
SShH,12,9,21,0.57
SShI,6,2,8,0.75
SShK,2,2,4,0.5
SShL,9,9,18,0.5
SShM,31,46,77,0.4
SShN,31,25,56,0.55
SShP,35,24,59,0.59
SShS,53,47,100,0.53
SShb,20,22,42,0.48
SShh,25,27,52,0.48
SShl,10,8,18,0.56
SShm,37,26,63,0.59
SShn,29,31,60,0.48
SShs,43,45,88,0.49
SSht,4,2,6,0.67
SSlB,16,9,25,0.64
SSlD,3,3,6,0.5
SSlH,12,10,22,0.55
SSlI,4,0,4,1.0
SSlJ,4,2,6,0.67
SSlK,4,1,5,0.8
SSlL,10,12,22,0.45
SSlM,18,24,42,0.43
SSlN,17,14,31,0.55
SSlP,15,10,25,0.6
SSlS,16,15,31,0.52
SSlb,10,19,29,0.34
SSlh,1,0,1,1.0
SSll,4,5,9,0.44
SSlm,21,10,31,0.68
SSln,17,20,37,0.46
SSls,16,12,28,0.57
SSmB,48,58,106,0.45
SSmD,21,13,34,0.62
SSmH,59,55,114,0.52
SSmI,4,5,9,0.44
SSmJ,12,17,29,0.41
SSmK,2,4,6,0.33
SSmL,13,25,38,0.34
SSmM,89,108,197,0.45
SSmN,70,92,162,0.43
SSmP,63,56,119,0.53
SSmS,78,102,180,0.43
SSmb,67,66,133,0.5
SSmh,4,3,7,0.57
SSml,21,19,40,0.52
SSmm,99,82,181,0.55
SSmn,76,56,132,0.58
SSms,69,60,129,0.53
SSmt,1,0,1,1.0
SSnB,39,48,87,0.45
SSnD,17,10,27,0.63
SSnH,38,40,78,0.49
SSnI,15,10,25,0.6
SSnK,8,5,13,0.62
SSnL,14,11,25,0.56
SSnM,52,72,124,0.42
SSnN,74,76,150,0.49
SSnP,52,61,113,0.46
SSnS,88,95,183,0.48
SSnb,51,46,97,0.53
SSnh,3,8,11,0.27
SSnl,17,15,32,0.53
SSnm,63,60,123,0.51
SSnn,64,70,134,0.48
SSns,74,79,153,0.48
SSnt,1,1,2,0.5
SSsB,46,49,95,0.48
SSsD,16,17,33,0.48
SSsH,95,78,173,0.55
SSsI,19,8,27,0.7
SSsK,6,1,7,0.86
SSsL,25,27,52,0.48
SSsM,86,114,200,0.43
SSsN,93,93,186,0.5
SSsP,69,83,152,0.45
SSsS,164,187,351,0.47
SSsb,48,39,87,0.55
SSsh,10,12,22,0.45
SSsl,33,32,65,0.51
SSsm,98,77,175,0.56
SSsn,84,74,158,0.53
SSss,175,165,340,0.51
SSst,0,2,2,0.0
SStB,5,12,17,0.29
SStD,6,2,8,0.75
SStH,6,9,15,0.4
SStI,2,0,2,1.0
SStL,3,3,6,0.5
SStM,6,13,19,0.32
SStN,14,14,28,0.5
SStP,5,9,14,0.36
SStS,18,22,40,0.45
SStb,8,8,16,0.5
SSth,4,1,5,0.8
SStl,6,5,11,0.55
SStm,10,9,19,0.53
SStn,17,9,26,0.65
SSts,14,14,28,0.5
SStt,7,2,9,0.78
SbBB,25,27,52,0.48
SbBD,6,3,9,0.67
SbBH,0,1,1,0.0
SbBI,1,1,2,0.5
SbBK,2,4,6,0.33
SbBL,10,4,14,0.71
SbBM,28,31,59,0.47
SbBN,33,38,71,0.46
SbBP,28,38,66,0.42
SbBS,24,23,47,0.51
SbBb,27,26,53,0.51
SbBh,3,2,5,0.6
SbBj,3,1,4,0.75
SbBl,11,8,19,0.58
SbBm,31,33,64,0.48
SbBn,25,38,63,0.4
SbBs,10,16,26,0.38
SbBt,2,5,7,0.29
SbDB,3,9,12,0.25
SbDD,1,1,2,0.5
SbDH,1,4,5,0.2
SbDI,1,0,1,1.0
SbDL,0,2,2,0.0
SbDM,6,4,10,0.6
SbDN,2,3,5,0.4
SbDP,4,5,9,0.44
SbDS,3,7,10,0.3
SbDb,3,0,3,1.0
SbDh,0,2,2,0.0
SbDl,1,0,1,1.0
SbDm,5,1,6,0.83
SbDn,3,2,5,0.6
SbDs,3,1,4,0.75
SbDt,0,1,1,0.0
SbHB,9,5,14,0.64
SbHD,1,1,2,0.5
SbHH,1,2,3,0.33
SbHI,1,2,3,0.33
SbHK,1,2,3,0.33
SbHL,5,2,7,0.71
SbHM,2,5,7,0.29
SbHN,10,8,18,0.56
SbHP,18,5,23,0.78
SbHS,11,6,17,0.65
SbHb,7,5,12,0.58
SbHh,5,4,9,0.56
SbHl,4,3,7,0.57
SbHm,9,7,16,0.56
SbHn,13,4,17,0.76
SbHs,11,7,18,0.61
SbHt,1,0,1,1.0
SbIB,3,4,7,0.43
SbID,0,2,2,0.0
SbIH,2,10,12,0.17
SbII,1,0,1,1.0
SbIL,2,2,4,0.5
SbIM,10,5,15,0.67
SbIN,2,4,6,0.33
SbIP,4,3,7,0.57
SbIS,1,2,3,0.33
SbIb,6,5,11,0.55
SbIl,2,0,2,1.0
SbIm,6,7,13,0.46
SbIn,2,0,2,1.0
SbIs,6,0,6,1.0
SbIt,0,1,1,0.0
SbJB,12,7,19,0.63
SbJD,1,2,3,0.33
SbJH,2,3,5,0.4
SbJI,1,1,2,0.5
SbJK,0,1,1,0.0
SbJL,3,3,6,0.5
SbJM,15,12,27,0.56
SbJN,10,8,18,0.56
SbJP,7,15,22,0.32
SbJS,10,10,20,0.5
SbJb,11,5,16,0.69
SbJh,2,2,4,0.5
SbJl,2,5,7,0.29
SbJm,4,8,12,0.33
SbJn,6,8,14,0.43
SbJs,5,9,14,0.36
SbJt,2,3,5,0.4
SbKB,5,0,5,1.0
SbKD,1,1,2,0.5
SbKH,0,1,1,0.0
SbKI,2,1,3,0.67
SbKL,0,1,1,0.0
SbKM,4,8,12,0.33
SbKN,3,2,5,0.6
SbKP,0,1,1,0.0
SbKS,3,10,13,0.23
SbKb,2,4,6,0.33
SbKh,3,4,7,0.43
SbKl,0,3,3,0.0
SbKm,8,3,11,0.73
SbKn,2,7,9,0.22
SbKs,3,7,10,0.3
SbKt,1,2,3,0.33
SbLB,8,7,15,0.53
SbLH,0,2,2,0.0
SbLK,1,0,1,1.0
SbLL,4,1,5,0.8
SbLM,3,17,20,0.15
SbLN,9,11,20,0.45
SbLP,11,9,20,0.55
SbLS,8,9,17,0.47
SbLb,9,12,21,0.43
SbLh,5,3,8,0.62
SbLj,3,2,5,0.6
SbLl,3,5,8,0.38
SbLm,12,11,23,0.52
SbLn,12,15,27,0.44
SbLs,7,9,16,0.44
SbLt,2,0,2,1.0
SbMB,37,34,71,0.52
SbMD,7,1,8,0.88
SbMH,0,1,1,0.0
SbMK,2,1,3,0.67
SbML,6,9,15,0.4
SbMM,29,51,80,0.36
SbMN,40,33,73,0.55
SbMP,30,29,59,0.51
SbMS,24,25,49,0.49
SbMb,40,36,76,0.53
SbMh,29,30,59,0.49
SbMj,9,1,10,0.9
SbMl,8,8,16,0.5
SbMm,48,38,86,0.56
SbMn,48,51,99,0.48
SbMs,36,22,58,0.62
SbMt,7,3,10,0.7
SbNB,34,34,68,0.5
SbND,4,9,13,0.31
SbNH,6,7,13,0.46
SbNI,2,0,2,1.0
SbNK,3,3,6,0.5
SbNL,14,10,24,0.58
SbNM,44,52,96,0.46
SbNN,44,56,100,0.44
SbNP,36,52,88,0.41
SbNS,41,36,77,0.53
SbNb,35,29,64,0.55
SbNh,8,22,30,0.27
SbNl,12,10,22,0.55
SbNm,36,29,65,0.55
SbNn,49,44,93,0.53
SbNs,21,34,55,0.38
SbNt,4,6,10,0.4
SbPB,36,32,68,0.53
SbPD,1,4,5,0.2
SbPH,12,12,24,0.5
SbPI,7,3,10,0.7
SbPK,2,4,6,0.33
SbPL,16,10,26,0.62
SbPM,35,38,73,0.48
SbPN,33,41,74,0.45
SbPP,41,41,82,0.5
SbPS,16,27,43,0.37
SbPb,21,30,51,0.41
SbPh,9,3,12,0.75
SbPl,7,9,16,0.44
SbPm,39,27,66,0.59
SbPn,35,30,65,0.54
SbPs,26,23,49,0.53
SbPt,7,4,11,0.64
SbSB,17,12,29,0.59
SbSD,7,4,11,0.64
SbSH,12,18,30,0.4
SbSI,2,0,2,1.0
SbSK,2,2,4,0.5
SbSL,10,12,22,0.45
SbSM,26,41,67,0.39
SbSN,24,24,48,0.5
SbSP,34,21,55,0.62
SbSS,32,40,72,0.44
SbSb,18,23,41,0.44
SbSh,12,16,28,0.43
SbSl,5,10,15,0.33
SbSm,47,25,72,0.65
SbSn,30,31,61,0.49
SbSs,37,26,63,0.59
SbSt,6,4,10,0.6
SbbB,38,33,71,0.54
SbbD,5,3,8,0.62
SbbH,7,3,10,0.7
SbbI,3,5,8,0.38
SbbJ,13,5,18,0.72
SbbK,4,2,6,0.67
SbbL,10,6,16,0.62
SbbM,41,47,88,0.47
SbbN,53,38,91,0.58
SbbP,40,25,65,0.62
SbbS,16,20,36,0.44
Sbbb,49,35,84,0.58
Sbbl,7,6,13,0.54
Sbbm,41,24,65,0.63
Sbbn,36,22,58,0.62
Sbbs,16,14,30,0.53
SbhH,0,1,1,0.0
Sbhh,0,1,1,0.0
Sbhm,0,1,1,0.0
SblB,14,6,20,0.7
SblD,2,1,3,0.67
SblH,6,7,13,0.46
SblI,1,3,4,0.25
SblJ,4,2,6,0.67
SblL,5,3,8,0.62
SblM,14,12,26,0.54
SblN,7,14,21,0.33
SblP,19,5,24,0.79
SblS,10,11,21,0.48
Sblb,8,11,19,0.42
Sbll,3,2,5,0.6
Sblm,8,7,15,0.53
Sbln,6,3,9,0.67
Sbls,8,1,9,0.89
SbmB,36,38,74,0.49
SbmD,2,5,7,0.29
SbmH,31,25,56,0.55
SbmI,3,5,8,0.38
SbmJ,9,12,21,0.43
SbmK,1,0,1,1.0
SbmL,12,10,22,0.55
SbmM,24,54,78,0.31
SbmN,49,39,88,0.56
SbmP,37,35,72,0.51
SbmS,34,26,60,0.57
Sbmb,30,43,73,0.41
Sbmh,0,0,0,
Sbml,9,4,13,0.69
Sbmm,37,33,70,0.53
Sbmn,34,30,64,0.53
Sbms,20,10,30,0.67
SbnB,25,24,49,0.51
SbnD,3,4,7,0.43
SbnH,18,23,41,0.44
SbnI,3,7,10,0.3
SbnK,2,3,5,0.4
SbnL,6,16,22,0.27
SbnM,23,48,71,0.32
SbnN,39,36,75,0.52
SbnP,44,38,82,0.54
SbnS,29,25,54,0.54
Sbnb,37,25,62,0.6
Sbnh,2,1,3,0.67
Sbnl,14,7,21,0.67
Sbnm,29,30,59,0.49
Sbnn,39,31,70,0.56
Sbns,24,18,42,0.57
SbsB,9,14,23,0.39
SbsD,1,4,5,0.2
SbsH,19,22,41,0.46
SbsI,4,3,7,0.57
SbsL,8,5,13,0.62
SbsM,25,28,53,0.47
SbsN,24,27,51,0.47
SbsP,29,23,52,0.56
SbsS,25,35,60,0.42
Sbsb,20,13,33,0.61
Sbsh,3,0,3,1.0
Sbsl,5,9,14,0.36
Sbsm,28,22,50,0.56
Sbsn,24,21,45,0.53
Sbss,14,16,30,0.47
SbtM,1,0,1,1.0
ShBB,30,25,55,0.55
ShBD,2,2,4,0.5
ShBK,1,3,4,0.25
ShBL,5,12,17,0.29
ShBM,16,17,33,0.48
ShBN,22,30,52,0.42
ShBP,21,30,51,0.41
ShBS,18,11,29,0.62
ShBb,27,21,48,0.56
ShBh,1,0,1,1.0
ShBj,4,3,7,0.57
ShBl,8,5,13,0.62
ShBm,21,21,42,0.5
ShBn,31,25,56,0.55
ShBs,10,16,26,0.38
ShBt,2,3,5,0.4
ShDB,3,4,7,0.43
ShDD,2,0,2,1.0
ShDH,3,2,5,0.6
ShDI,1,0,1,1.0
ShDK,0,1,1,0.0
ShDL,1,1,2,0.5
ShDM,8,9,17,0.47
ShDN,2,3,5,0.4
ShDP,1,5,6,0.17
ShDS,8,6,14,0.57
ShDb,0,6,6,0.0
ShDh,2,0,2,1.0
ShDl,0,2,2,0.0
ShDm,3,9,12,0.25
ShDn,2,3,5,0.4
ShDs,5,8,13,0.38
ShDt,1,0,1,1.0
ShHB,3,2,5,0.6
ShHD,0,2,2,0.0
ShHH,1,2,3,0.33
ShHI,2,1,3,0.67
ShHK,1,1,2,0.5
ShHL,1,0,1,1.0
ShHM,7,15,22,0.32
ShHN,4,4,8,0.5
ShHP,8,10,18,0.44
ShHS,12,20,32,0.38
ShHb,4,9,13,0.31
ShHh,5,6,11,0.45
ShHl,2,3,5,0.4
ShHm,7,10,17,0.41
ShHn,6,10,16,0.38
ShHs,10,10,20,0.5
ShIB,1,0,1,1.0
ShID,1,1,2,0.5
ShIH,0,2,2,0.0
ShII,0,1,1,0.0
ShIL,3,2,5,0.6
ShIM,4,6,10,0.4
ShIN,0,1,1,0.0
ShIP,3,5,8,0.38
ShIS,13,6,19,0.68
ShIb,3,3,6,0.5
ShIh,1,0,1,1.0
ShIl,0,2,2,0.0
ShIm,5,5,10,0.5
ShIn,2,4,6,0.33
ShIs,3,4,7,0.43
ShIt,0,1,1,0.0
ShKM,3,0,3,1.0
ShKN,0,2,2,0.0
ShKP,1,2,3,0.33
ShKS,0,2,2,0.0
ShKb,2,1,3,0.67
ShKh,0,2,2,0.0
ShKm,4,3,7,0.57
ShKs,0,3,3,0.0
ShLB,4,7,11,0.36
ShLK,0,0,0,
ShLL,1,3,4,0.25
ShLM,5,13,18,0.28
ShLN,5,5,10,0.5
ShLP,3,8,11,0.27
ShLS,3,9,12,0.25
ShLb,9,8,17,0.53
ShLh,1,3,4,0.25
ShLj,3,2,5,0.6
ShLl,2,2,4,0.5
ShLm,11,11,22,0.5
ShLn,11,9,20,0.55
ShLs,8,2,10,0.8
ShLt,2,3,5,0.4
ShMB,22,31,53,0.42
ShMD,4,2,6,0.67
ShMH,0,3,3,0.0
ShMI,0,1,1,0.0
ShML,5,11,16,0.31
ShMM,35,40,75,0.47
ShMN,22,25,47,0.47
ShMP,35,26,61,0.57
ShMS,13,29,42,0.31
ShMb,25,25,50,0.5
ShMh,11,26,37,0.3
ShMj,3,5,8,0.38
ShMl,11,8,19,0.58
ShMm,40,36,76,0.53
ShMn,34,46,80,0.42
ShMs,22,22,44,0.5
ShMt,2,4,6,0.33
ShNB,19,23,42,0.45
ShND,6,6,12,0.5
ShNH,6,10,16,0.38
ShNI,0,1,1,0.0
ShNK,4,2,6,0.67
ShNL,5,4,9,0.56
ShNM,19,22,41,0.46
ShNN,31,30,61,0.51
ShNP,28,23,51,0.55
ShNS,31,30,61,0.51
ShNb,13,13,26,0.5
ShNh,6,6,12,0.5
ShNl,4,5,9,0.44
ShNm,22,24,46,0.48
ShNn,32,26,58,0.55
ShNs,32,25,57,0.56
ShNt,7,4,11,0.64
ShPB,23,19,42,0.55
ShPD,5,5,10,0.5
ShPH,6,7,13,0.46
ShPI,5,2,7,0.71
ShPK,3,3,6,0.5
ShPL,12,9,21,0.57
ShPM,27,25,52,0.52
ShPN,30,24,54,0.56
ShPP,36,37,73,0.49
ShPS,28,37,65,0.43
ShPb,20,20,40,0.5
ShPh,6,5,11,0.55
ShPl,5,10,15,0.33
ShPm,28,26,54,0.52
ShPn,25,20,45,0.56
ShPs,28,34,62,0.45
ShPt,4,2,6,0.67
ShSB,30,23,53,0.57
ShSD,7,6,13,0.54
ShSH,7,7,14,0.5
ShSI,0,1,1,0.0
ShSK,1,1,2,0.5
ShSL,16,10,26,0.62
ShSM,42,43,85,0.49
ShSN,30,33,63,0.48
ShSP,39,39,78,0.5
ShSS,60,58,118,0.51
ShSb,16,22,38,0.42
ShSh,15,22,37,0.41
ShSl,14,8,22,0.64
ShSm,37,33,70,0.53
ShSn,30,30,60,0.5
ShSs,44,39,83,0.53
ShSt,4,7,11,0.36
ShbB,12,21,33,0.36
ShbD,0,6,6,0.0
ShbH,8,3,11,0.73
ShbI,4,5,9,0.44
ShbJ,6,7,13,0.46
ShbK,6,1,7,0.86
ShbL,4,8,12,0.33
ShbM,14,14,28,0.5
ShbN,15,19,34,0.44
ShbP,20,26,46,0.43
ShbS,7,11,18,0.39
Shbb,12,18,30,0.4
Shbl,6,5,11,0.55
Shbm,26,10,36,0.72
Shbn,18,13,31,0.58
Shbs,12,13,25,0.48
Shbt,0,1,1,0.0
ShhB,17,19,36,0.47
ShhD,0,1,1,0.0
ShhH,8,4,12,0.67
ShhI,1,4,5,0.2
ShhK,0,1,1,0.0
ShhL,4,8,12,0.33
ShhM,21,35,56,0.38
ShhN,23,23,46,0.5
ShhP,11,22,33,0.33
ShhS,21,26,47,0.45
Shhb,23,5,28,0.82
Shhh,17,15,32,0.53
Shhl,7,4,11,0.64
Shhm,28,25,53,0.53
Shhn,24,14,38,0.63
Shhs,23,29,52,0.44
Shht,1,1,2,0.5
ShlB,9,6,15,0.6
ShlD,2,0,2,1.0
ShlH,4,4,8,0.5
ShlI,0,1,1,0.0
ShlJ,3,1,4,0.75
ShlK,1,2,3,0.33
ShlL,3,1,4,0.75
ShlM,6,9,15,0.4
ShlN,12,12,24,0.5
ShlP,8,10,18,0.44
ShlS,10,7,17,0.59
Shlb,11,9,20,0.55
Shll,2,4,6,0.33
Shlm,8,10,18,0.44
Shln,4,5,9,0.44
Shls,5,4,9,0.56
ShmB,26,21,47,0.55
ShmD,10,7,17,0.59
ShmH,22,26,48,0.46
ShmI,1,3,4,0.25
ShmJ,11,4,15,0.73
ShmK,1,0,1,1.0
ShmL,8,14,22,0.36
ShmM,27,34,61,0.44
ShmN,32,29,61,0.52
ShmP,32,24,56,0.57
ShmS,34,28,62,0.55
Shmb,20,33,53,0.38
Shmh,1,0,1,1.0
Shml,5,10,15,0.33
Shmm,32,37,69,0.46
Shmn,32,26,58,0.55
Shms,28,24,52,0.54
ShnB,14,24,38,0.37
ShnD,8,5,13,0.62
ShnH,17,8,25,0.68
ShnI,4,9,13,0.31
ShnK,2,5,7,0.29
ShnL,6,9,15,0.4
ShnM,29,32,61,0.48
ShnN,38,30,68,0.56
ShnP,36,36,72,0.5
ShnS,29,25,54,0.54
Shnb,18,17,35,0.51
Shnh,2,2,4,0.5
Shnl,7,4,11,0.64
Shnm,32,21,53,0.6
Shnn,36,27,63,0.57
Shns,22,20,42,0.52
Shnt,1,0,1,1.0
ShsB,18,14,32,0.56
ShsD,7,8,15,0.47
ShsH,28,34,62,0.45
ShsI,4,7,11,0.36
ShsK,2,1,3,0.67
ShsL,9,8,17,0.53
ShsM,34,39,73,0.47
ShsN,33,35,68,0.49
ShsP,35,30,65,0.54
ShsS,60,60,120,0.5
Shsb,13,27,40,0.32
Shsh,9,3,12,0.75
Shsl,9,4,13,0.69
Shsm,42,27,69,0.61
Shsn,24,24,48,0.5
Shss,49,62,111,0.44
Shst,1,2,3,0.33
ShtB,1,0,1,1.0
ShtD,0,1,1,0.0
ShtH,3,5,8,0.38
ShtI,1,0,1,1.0
ShtK,0,1,1,0.0
ShtL,2,0,2,1.0
ShtM,3,5,8,0.38
ShtN,5,6,11,0.45
ShtP,6,4,10,0.6
ShtS,6,3,9,0.67
Shtb,0,3,3,0.0
Shtl,1,2,3,0.33
Shtm,5,2,7,0.71
Shtn,2,5,7,0.29
Shts,4,2,6,0.67
Shtt,2,1,3,0.67
SlBB,7,14,21,0.33
SlBD,2,3,5,0.4
SlBH,0,1,1,0.0
SlBK,1,0,1,1.0
SlBL,2,1,3,0.67
SlBM,7,11,18,0.39
SlBN,9,13,22,0.41
SlBP,10,10,20,0.5
SlBS,10,5,15,0.67
SlBb,7,9,16,0.44
SlBh,0,0,0,
SlBj,4,1,5,0.8
SlBl,4,1,5,0.8
SlBm,8,10,18,0.44
SlBn,15,18,33,0.45
SlBs,6,5,11,0.55
SlBt,1,5,6,0.17
SlDB,0,2,2,0.0
SlDH,0,3,3,0.0
SlDL,0,2,2,0.0
SlDM,2,3,5,0.4
SlDN,1,0,1,1.0
SlDP,1,1,2,0.5
SlDS,1,2,3,0.33
SlDb,1,3,4,0.25
SlDl,0,1,1,0.0
SlDm,2,2,4,0.5
SlDn,2,2,4,0.5
SlDs,2,3,5,0.4
SlHB,10,4,14,0.71
SlHD,0,3,3,0.0
SlHH,0,3,3,0.0
SlHI,0,2,2,0.0
SlHK,1,0,1,1.0
SlHL,4,3,7,0.57
SlHM,7,12,19,0.37
SlHN,12,11,23,0.52
SlHP,14,14,28,0.5
SlHS,12,7,19,0.63
SlHb,6,11,17,0.35
SlHh,11,4,15,0.73
SlHl,2,4,6,0.33
SlHm,8,6,14,0.57
SlHn,8,7,15,0.53
SlHs,9,7,16,0.56
SlHt,1,2,3,0.33
SlIB,1,0,1,1.0
SlIH,0,2,2,0.0
SlIM,4,6,10,0.4
SlIN,1,2,3,0.33
SlIP,2,2,4,0.5
SlIS,1,4,5,0.2
SlIb,1,0,1,1.0
SlIl,1,1,2,0.5
SlIm,2,1,3,0.67
SlIn,1,1,2,0.5
SlIs,3,1,4,0.75
SlJB,2,5,7,0.29
SlJD,0,2,2,0.0
SlJH,2,0,2,1.0
SlJI,0,0,0,
SlJK,0,1,1,0.0
SlJL,1,2,3,0.33
SlJM,7,5,12,0.58
SlJN,1,3,4,0.25
SlJP,3,2,5,0.6
SlJS,8,3,11,0.73
SlJb,1,3,4,0.25
SlJh,0,2,2,0.0
SlJl,3,1,4,0.75
SlJm,3,4,7,0.43
SlJn,4,2,6,0.67
SlJs,0,2,2,0.0
SlJt,0,0,0,
SlKB,1,0,1,1.0
SlKI,0,1,1,0.0
SlKL,0,0,0,
SlKM,4,2,6,0.67
SlKN,3,1,4,0.75
SlKP,1,1,2,0.5
SlKS,1,2,3,0.33
SlKb,2,0,2,1.0
SlKh,1,2,3,0.33
SlKl,0,1,1,0.0
SlKm,2,0,2,1.0
SlKn,1,0,1,1.0
SlLB,3,8,11,0.27
SlLD,1,0,1,1.0
SlLK,1,1,2,0.5
SlLL,0,2,2,0.0
SlLM,7,5,12,0.58
SlLN,6,7,13,0.46
SlLP,5,7,12,0.42
SlLS,5,6,11,0.45
SlLb,5,5,10,0.5
SlLh,1,2,3,0.33
SlLj,1,2,3,0.33
SlLl,5,1,6,0.83
SlLm,5,1,6,0.83
SlLn,7,4,11,0.64
SlLs,5,6,11,0.45
SlLt,1,0,1,1.0
SlMB,14,22,36,0.39
SlMD,3,1,4,0.75
SlMI,0,1,1,0.0
SlML,9,4,13,0.69
SlMM,17,20,37,0.46
SlMN,14,19,33,0.42
SlMP,10,16,26,0.38
SlMS,12,19,31,0.39
SlMb,14,13,27,0.52
SlMh,14,13,27,0.52
SlMj,2,3,5,0.4
SlMl,5,6,11,0.45
SlMm,22,24,46,0.48
SlMn,17,20,37,0.46
SlMs,16,19,35,0.46
SlMt,2,1,3,0.67
SlNB,8,13,21,0.38
SlND,0,1,1,0.0
SlNH,6,6,12,0.5
SlNI,0,0,0,
SlNK,2,2,4,0.5
SlNL,2,5,7,0.29
SlNM,11,17,28,0.39
SlNN,20,18,38,0.53
SlNP,14,23,37,0.38
SlNS,11,20,31,0.35
SlNb,15,10,25,0.6
SlNh,5,5,10,0.5
SlNl,2,3,5,0.4
SlNm,24,9,33,0.73
SlNn,26,16,42,0.62
SlNs,14,21,35,0.4
SlNt,5,5,10,0.5
SlPB,9,18,27,0.33
SlPD,1,0,1,1.0
SlPH,4,4,8,0.5
SlPI,0,1,1,0.0
SlPK,2,2,4,0.5
SlPL,5,6,11,0.45
SlPM,17,20,37,0.46
SlPN,12,11,23,0.52
SlPP,19,24,43,0.44
SlPS,13,12,25,0.52
SlPb,16,11,27,0.59
SlPh,0,3,3,0.0
SlPl,4,6,10,0.4
SlPm,18,9,27,0.67
SlPn,14,14,28,0.5
SlPs,8,9,17,0.47
SlPt,2,0,2,1.0
SlSB,8,9,17,0.47
SlSD,2,0,2,1.0
SlSH,6,1,7,0.86
SlSI,3,0,3,1.0
SlSK,1,0,1,1.0
SlSL,7,4,11,0.64
SlSM,15,12,27,0.56
SlSN,8,17,25,0.32
SlSP,16,15,31,0.52
SlSS,17,18,35,0.49
SlSb,6,13,19,0.32
SlSh,7,5,12,0.58
SlSl,2,6,8,0.25
SlSm,11,12,23,0.48
SlSn,14,18,32,0.44
SlSs,23,16,39,0.59
SlSt,4,0,4,1.0
SlbB,11,17,28,0.39
SlbD,2,3,5,0.4
SlbH,2,4,6,0.33
SlbI,3,2,5,0.6
SlbJ,7,3,10,0.7
SlbK,2,0,2,1.0
SlbL,4,4,8,0.5
SlbM,9,12,21,0.43
SlbN,17,18,35,0.49
SlbP,17,14,31,0.55
SlbS,5,7,12,0.42
Slbb,19,10,29,0.66
Slbh,1,0,1,1.0
Slbl,5,3,8,0.62
Slbm,11,15,26,0.42
Slbn,13,13,26,0.5
Slbs,10,8,18,0.56
SlhM,1,0,1,1.0
Slhh,0,0,0,
Slhn,0,0,0,
SllB,4,5,9,0.44
SllH,1,1,2,0.5
SllI,1,0,1,1.0
SllJ,0,2,2,0.0
SllK,1,0,1,1.0
SllL,2,2,4,0.5
SllM,8,5,13,0.62
SllN,4,7,11,0.36
SllP,7,2,9,0.78
SllS,6,3,9,0.67
Sllb,7,6,13,0.54
Slll,1,1,2,0.5
Sllm,2,2,4,0.5
Slln,5,6,11,0.45
Slls,3,4,7,0.43
SlmB,16,12,28,0.57
SlmD,3,1,4,0.75
SlmH,4,14,18,0.22
SlmI,3,0,3,1.0
SlmJ,2,2,4,0.5
SlmL,8,4,12,0.67
SlmM,12,21,33,0.36
SlmN,17,17,34,0.5
SlmP,16,22,38,0.42
SlmS,5,10,15,0.33
Slmb,14,13,27,0.52
Slmh,0,2,2,0.0
Slml,4,4,8,0.5
Slmm,10,6,16,0.62
Slmn,14,6,20,0.7
Slms,5,11,16,0.31
SlnB,9,8,17,0.53
SlnD,1,1,2,0.5
SlnH,7,3,10,0.7
SlnI,5,4,9,0.56
SlnK,0,1,1,0.0
SlnL,4,3,7,0.57
SlnM,10,12,22,0.45
SlnN,15,14,29,0.52
SlnP,12,13,25,0.48
SlnS,8,10,18,0.44
Slnb,15,10,25,0.6
Slnh,0,1,1,0.0
Slnl,6,1,7,0.86
Slnm,9,9,18,0.5
Slnn,9,8,17,0.53
Slns,8,8,16,0.5
Slnt,0,1,1,0.0
SlsB,10,6,16,0.62
SlsD,2,5,7,0.29
SlsH,17,12,29,0.59
SlsI,0,2,2,0.0
SlsK,0,1,1,0.0
SlsL,5,7,12,0.42
SlsM,12,20,32,0.38
SlsN,14,16,30,0.47
SlsP,12,6,18,0.67
SlsS,14,17,31,0.45
Slsb,8,7,15,0.53
Slsh,1,3,4,0.25
Slsl,3,3,6,0.5
Slsm,14,15,29,0.48
Slsn,9,7,16,0.56
Slss,12,9,21,0.57
SmBB,42,56,98,0.43
SmBD,5,10,15,0.33
SmBH,1,0,1,1.0
SmBI,1,0,1,1.0
SmBK,9,6,15,0.6
SmBL,9,13,22,0.41
SmBM,38,37,75,0.51
SmBN,36,49,85,0.42
SmBP,35,33,68,0.51
SmBS,26,35,61,0.43
SmBb,30,33,63,0.48
SmBh,11,2,13,0.85
SmBj,10,7,17,0.59
SmBl,2,8,10,0.2
SmBm,44,33,77,0.57
SmBn,59,51,110,0.54
SmBs,31,25,56,0.55
SmBt,6,10,16,0.38
SmDB,8,3,11,0.73
SmDD,9,4,13,0.69
SmDH,12,4,16,0.75
SmDI,1,1,2,0.5
SmDL,4,2,6,0.67
SmDM,16,23,39,0.41
SmDN,15,18,33,0.45
SmDP,15,6,21,0.71
SmDS,14,15,29,0.48
SmDb,6,7,13,0.46
SmDh,2,1,3,0.67
SmDl,2,3,5,0.4
SmDm,15,11,26,0.58
SmDn,8,8,16,0.5
SmDs,15,12,27,0.56
SmDt,3,2,5,0.6
SmHB,43,40,83,0.52
SmHD,7,7,14,0.5
SmHH,8,6,14,0.57
SmHI,8,7,15,0.53
SmHK,2,2,4,0.5
SmHL,13,14,27,0.48
SmHM,47,69,116,0.41
SmHN,53,48,101,0.52
SmHP,43,34,77,0.56
SmHS,44,44,88,0.5
SmHb,40,40,80,0.5
SmHh,20,31,51,0.39
SmHl,11,11,22,0.5
SmHm,61,36,97,0.63
SmHn,56,39,95,0.59
SmHs,50,44,94,0.53
SmHt,2,10,12,0.17
SmIB,3,3,6,0.5
SmID,0,1,1,0.0
SmIH,5,2,7,0.71
SmII,1,0,1,1.0
SmIL,2,1,3,0.67
SmIM,5,7,12,0.42
SmIN,2,7,9,0.22
SmIP,5,9,14,0.36
SmIS,4,6,10,0.4
SmIb,9,4,13,0.69
SmIh,0,1,1,0.0
SmIl,0,1,1,0.0
SmIm,7,2,9,0.78
SmIn,4,4,8,0.5
SmIs,4,3,7,0.57
SmIt,0,0,0,
SmJB,10,17,27,0.37
SmJD,2,0,2,1.0
SmJH,9,4,13,0.69
SmJI,1,2,3,0.33
SmJK,0,1,1,0.0
SmJL,3,5,8,0.38
SmJM,11,14,25,0.44
SmJN,14,13,27,0.52
SmJP,14,6,20,0.7
SmJS,16,12,28,0.57
SmJb,18,11,29,0.62
SmJh,1,2,3,0.33
SmJl,2,3,5,0.4
SmJm,11,11,22,0.5
SmJn,15,12,27,0.56
SmJs,13,7,20,0.65
SmJt,2,3,5,0.4
SmKB,1,0,1,1.0
SmKI,2,1,3,0.67
SmKM,2,3,5,0.4
SmKN,1,0,1,1.0
SmKP,1,1,2,0.5
SmKS,7,2,9,0.78
SmKb,2,1,3,0.67
SmKh,3,3,6,0.5
SmKm,2,1,3,0.67
SmKn,1,2,3,0.33
SmKs,3,1,4,0.75
SmKt,1,1,2,0.5
SmLB,11,7,18,0.61
SmLD,3,4,7,0.43
SmLH,1,1,2,0.5
SmLK,3,2,5,0.6
SmLL,2,3,5,0.4
SmLM,10,23,33,0.3
SmLN,13,16,29,0.45
SmLP,15,20,35,0.43
SmLS,12,12,24,0.5
SmLb,7,12,19,0.37
SmLh,2,1,3,0.67
SmLj,3,2,5,0.6
SmLl,2,5,7,0.29
SmLm,26,21,47,0.55
SmLn,23,20,43,0.53
SmLs,15,15,30,0.5
SmLt,2,1,3,0.67
SmMB,43,67,110,0.39
SmMD,13,8,21,0.62
SmMH,3,0,3,1.0
SmMK,1,5,6,0.17
SmML,5,22,27,0.19
SmMM,58,80,138,0.42
SmMN,77,66,143,0.54
SmMP,58,47,105,0.55
SmMS,58,54,112,0.52
SmMb,57,59,116,0.49
SmMh,42,61,103,0.41
SmMj,7,14,21,0.33
SmMl,6,15,21,0.29
SmMm,86,65,151,0.57
SmMn,81,76,157,0.52
SmMs,74,70,144,0.51
SmMt,11,13,24,0.46
SmNB,36,53,89,0.4
SmND,14,8,22,0.64
SmNH,13,9,22,0.59
SmNI,2,2,4,0.5
SmNK,7,8,15,0.47
SmNL,5,12,17,0.29
SmNM,61,80,141,0.43
SmNN,79,95,174,0.45
SmNP,78,72,150,0.52
SmNS,90,66,156,0.58
SmNb,49,31,80,0.61
SmNh,15,16,31,0.48
SmNl,16,14,30,0.53
SmNm,86,51,137,0.63
SmNn,94,96,190,0.49
SmNs,62,58,120,0.52
SmNt,13,14,27,0.48
SmPB,43,44,87,0.49
SmPD,7,4,11,0.64
SmPH,13,17,30,0.43
SmPI,7,6,13,0.54
SmPK,8,9,17,0.47
SmPL,17,22,39,0.44
SmPM,49,71,120,0.41
SmPN,64,47,111,0.58
SmPP,60,60,120,0.5
SmPS,48,51,99,0.48
SmPb,40,39,79,0.51
SmPh,6,5,11,0.55
SmPl,11,19,30,0.37
SmPm,62,45,107,0.58
SmPn,66,40,106,0.62
SmPs,47,44,91,0.52
SmPt,10,8,18,0.56
SmSB,36,35,71,0.51
SmSD,21,9,30,0.7
SmSH,19,34,53,0.36
SmSI,5,4,9,0.56
SmSK,3,1,4,0.75
SmSL,13,11,24,0.54
SmSM,65,73,138,0.47
SmSN,62,49,111,0.56
SmSP,32,51,83,0.39
SmSS,79,88,167,0.47
SmSb,46,42,88,0.52
SmSh,27,41,68,0.4
SmSl,15,10,25,0.6
SmSm,72,65,137,0.53
SmSn,61,37,98,0.62
SmSs,84,73,157,0.54
SmSt,11,10,21,0.52
SmbB,48,55,103,0.47
SmbD,4,10,14,0.29
SmbH,13,6,19,0.68
SmbI,8,3,11,0.73
SmbJ,14,11,25,0.56
SmbK,5,10,15,0.33
SmbL,10,13,23,0.43
SmbM,43,69,112,0.38
SmbN,74,65,139,0.53
SmbP,51,46,97,0.53
SmbS,30,25,55,0.55
Smbb,71,55,126,0.56
Smbh,1,0,1,1.0
Smbl,20,9,29,0.69
Smbm,52,40,92,0.57
Smbn,58,50,108,0.54
Smbs,25,13,38,0.66
SmhI,1,0,1,1.0
SmhM,2,2,4,0.5
SmhP,1,0,1,1.0
SmhS,2,1,3,0.67
Smhb,1,2,3,0.33
Smhm,3,4,7,0.43
Smhn,1,0,1,1.0
Smhs,1,1,2,0.5
SmlB,12,15,27,0.44
SmlD,0,2,2,0.0
SmlH,5,8,13,0.38
SmlI,3,3,6,0.5
SmlJ,3,1,4,0.75
SmlL,3,7,10,0.3
SmlM,13,17,30,0.43
SmlN,20,19,39,0.51
SmlP,14,13,27,0.52
SmlS,11,12,23,0.48
Smlb,14,12,26,0.54
Smlh,0,1,1,0.0
Smll,3,8,11,0.27
Smlm,11,10,21,0.52
Smln,9,10,19,0.47
Smls,14,5,19,0.74
SmmB,54,64,118,0.46
SmmD,9,15,24,0.38
SmmH,52,35,87,0.6
SmmI,8,12,20,0.4
SmmJ,13,19,32,0.41
SmmK,3,2,5,0.6
SmmL,10,9,19,0.53
SmmM,72,70,142,0.51
SmmN,70,68,138,0.51
SmmP,47,56,103,0.46
SmmS,49,46,95,0.52
Smmb,56,56,112,0.5
Smml,10,6,16,0.62
Smmm,76,69,145,0.52
Smmn,50,57,107,0.47
Smms,32,24,56,0.57
Smmt,1,0,1,1.0
SmnB,38,24,62,0.61
SmnD,11,4,15,0.73
SmnH,32,20,52,0.62
SmnI,9,10,19,0.47
SmnK,3,1,4,0.75
SmnL,15,14,29,0.52
SmnM,58,57,115,0.5
SmnN,67,78,145,0.46
SmnP,64,46,110,0.58
SmnS,58,47,105,0.55
Smnb,51,40,91,0.56
Smnh,2,1,3,0.67
Smnl,12,6,18,0.67
Smnm,50,51,101,0.5
Smnn,46,47,93,0.49
Smns,49,34,83,0.59
Smnt,0,1,1,0.0
SmsB,32,35,67,0.48
SmsD,10,10,20,0.5
SmsH,33,41,74,0.45
SmsI,14,5,19,0.74
SmsK,2,0,2,1.0
SmsL,13,10,23,0.57
SmsM,50,55,105,0.48
SmsN,42,43,85,0.49
SmsP,38,38,76,0.5
SmsS,65,63,128,0.51
Smsb,41,18,59,0.69
Smsh,5,2,7,0.71
Smsl,13,13,26,0.5
Smsm,59,45,104,0.57
Smsn,42,28,70,0.6
Smss,47,41,88,0.53
Smst,0,0,0,
SmtB,0,1,1,0.0
SmtH,0,1,1,0.0
SmtM,0,1,1,0.0
Smtm,1,0,1,1.0
Smts,1,0,1,1.0
SnBB,33,33,66,0.5
SnBD,7,3,10,0.7
SnBH,1,0,1,1.0
SnBK,3,3,6,0.5
SnBL,4,17,21,0.19
SnBM,21,32,53,0.4
SnBN,56,60,116,0.48
SnBP,36,43,79,0.46
SnBS,23,24,47,0.49
SnBb,28,37,65,0.43
SnBh,3,3,6,0.5
SnBj,9,6,15,0.6
SnBl,11,11,22,0.5
SnBm,40,34,74,0.54
SnBn,50,52,102,0.49
SnBs,22,23,45,0.49
SnBt,6,9,15,0.4
SnDB,8,5,13,0.62
SnDD,2,3,5,0.4
SnDH,7,10,17,0.41
SnDI,1,1,2,0.5
SnDK,0,1,1,0.0
SnDL,2,2,4,0.5
SnDM,10,6,16,0.62
SnDN,7,11,18,0.39
SnDP,10,6,16,0.62
SnDS,12,16,28,0.43
SnDb,8,10,18,0.44
SnDh,0,2,2,0.0
SnDl,4,5,9,0.44
SnDm,9,6,15,0.6
SnDn,7,4,11,0.64
SnDs,16,8,24,0.67
SnDt,2,1,3,0.67
SnHB,20,29,49,0.41
SnHD,6,0,6,1.0
SnHH,3,7,10,0.3
SnHI,4,4,8,0.5
SnHK,2,2,4,0.5
SnHL,10,8,18,0.56
SnHM,32,44,76,0.42
SnHN,46,43,89,0.52
SnHP,26,29,55,0.47
SnHS,23,28,51,0.45
SnHb,30,21,51,0.59
SnHh,13,19,32,0.41
SnHl,10,11,21,0.48
SnHm,43,34,77,0.56
SnHn,34,29,63,0.54
SnHs,42,33,75,0.56
SnHt,3,3,6,0.5
SnIB,14,9,23,0.61
SnID,2,2,4,0.5
SnIH,7,5,12,0.58
SnII,2,2,4,0.5
SnIL,1,0,1,1.0
SnIM,8,12,20,0.4
SnIN,5,8,13,0.38
SnIP,11,16,27,0.41
SnIS,15,13,28,0.54
SnIb,9,10,19,0.47
SnIh,1,0,1,1.0
SnIl,2,2,4,0.5
SnIm,6,18,24,0.25
SnIn,6,9,15,0.4
SnIs,10,8,18,0.56
SnIt,0,1,1,0.0
SnKB,5,4,9,0.56
SnKD,3,1,4,0.75
SnKI,2,1,3,0.67
SnKL,4,2,6,0.67
SnKM,9,8,17,0.53
SnKN,6,6,12,0.5
SnKP,4,7,11,0.36
SnKS,9,7,16,0.56
SnKb,2,1,3,0.67
SnKh,5,7,12,0.42
SnKl,2,1,3,0.67
SnKm,11,4,15,0.73
SnKn,8,4,12,0.67
SnKs,7,6,13,0.54
SnKt,0,1,1,0.0
SnLB,9,19,28,0.32
SnLD,1,0,1,1.0
SnLH,1,1,2,0.5
SnLK,1,1,2,0.5
SnLL,4,4,8,0.5
SnLM,10,8,18,0.56
SnLN,10,15,25,0.4
SnLP,10,18,28,0.36
SnLS,13,16,29,0.45
SnLb,9,10,19,0.47
SnLh,6,4,10,0.6
SnLj,1,4,5,0.2
SnLl,5,8,13,0.38
SnLm,14,17,31,0.45
SnLn,21,19,40,0.52
SnLs,12,11,23,0.52
SnLt,3,4,7,0.43
SnMB,42,46,88,0.48
SnMD,7,4,11,0.64
SnMK,2,1,3,0.67
SnML,15,10,25,0.6
SnMM,42,47,89,0.47
SnMN,48,51,99,0.48
SnMP,59,57,116,0.51
SnMS,31,38,69,0.45
SnMb,52,38,90,0.58
SnMh,35,32,67,0.52
SnMj,6,5,11,0.55
SnMl,9,9,18,0.5
SnMm,73,60,133,0.55
SnMn,71,61,132,0.54
SnMs,34,56,90,0.38
SnMt,13,4,17,0.76
SnNB,57,54,111,0.51
SnND,20,11,31,0.65
SnNH,15,16,31,0.48
SnNI,2,3,5,0.4
SnNK,16,8,24,0.67
SnNL,14,15,29,0.48
SnNM,62,67,129,0.48
SnNN,77,89,166,0.46
SnNP,77,75,152,0.51
SnNS,59,58,117,0.5
SnNb,34,40,74,0.46
SnNh,26,24,50,0.52
SnNl,14,16,30,0.47
SnNm,75,44,119,0.63
SnNn,81,91,172,0.47
SnNs,63,62,125,0.5
SnNt,15,17,32,0.47
SnPB,48,42,90,0.53
SnPD,8,7,15,0.53
SnPH,15,14,29,0.52
SnPI,3,5,8,0.38
SnPK,6,8,14,0.43
SnPL,12,23,35,0.34
SnPM,51,75,126,0.4
SnPN,54,48,102,0.53
SnPP,73,67,140,0.52
SnPS,65,55,120,0.54
SnPb,39,54,93,0.42
SnPh,8,10,18,0.44
SnPl,18,17,35,0.51
SnPm,63,61,124,0.51
SnPn,59,62,121,0.49
SnPs,59,57,116,0.51
SnPt,8,5,13,0.62
SnSB,46,43,89,0.52
SnSD,9,9,18,0.5
SnSH,15,29,44,0.34
SnSI,5,2,7,0.71
SnSK,2,2,4,0.5
SnSL,14,19,33,0.42
SnSM,74,61,135,0.55
SnSN,64,53,117,0.55
SnSP,42,59,101,0.42
SnSS,76,105,181,0.42
SnSb,32,34,66,0.48
SnSh,43,30,73,0.59
SnSl,17,11,28,0.61
SnSm,61,56,117,0.52
SnSn,59,53,112,0.53
SnSs,87,88,175,0.5
SnSt,12,13,25,0.48
SnbB,30,26,56,0.54
SnbD,7,5,12,0.58
SnbH,16,10,26,0.62
SnbI,3,4,7,0.43
SnbJ,3,3,6,0.5
SnbK,5,4,9,0.56
SnbL,9,8,17,0.53
SnbM,44,60,104,0.42
SnbN,46,66,112,0.41
SnbP,54,40,94,0.57
SnbS,17,24,41,0.41
Snbb,37,36,73,0.51
Snbl,15,8,23,0.65
Snbm,49,32,81,0.6
Snbn,41,29,70,0.59
Snbs,25,16,41,0.61
SnhB,2,1,3,0.67
SnhI,0,4,4,0.0
SnhK,1,0,1,1.0
SnhL,2,1,3,0.67
SnhM,2,7,9,0.22
SnhN,2,2,4,0.5
SnhP,2,2,4,0.5
SnhS,5,1,6,0.83
Snhb,1,1,2,0.5
Snhh,3,0,3,1.0
Snhl,1,1,2,0.5
Snhm,2,2,4,0.5
Snhn,2,1,3,0.67
Snhs,2,2,4,0.5
SnlB,8,9,17,0.47
SnlD,3,0,3,1.0
SnlH,8,5,13,0.62
SnlI,4,2,6,0.67
SnlJ,7,4,11,0.64
SnlK,1,1,2,0.5
SnlL,6,7,13,0.46
SnlM,14,17,31,0.45
SnlN,17,14,31,0.55
SnlP,12,9,21,0.57
SnlS,8,10,18,0.44
Snlb,19,17,36,0.53
Snll,3,2,5,0.6
Snlm,12,12,24,0.5
Snln,11,9,20,0.55
Snls,14,8,22,0.64
SnmB,29,42,71,0.41
SnmD,5,10,15,0.33
SnmH,40,36,76,0.53
SnmI,5,4,9,0.56
SnmJ,7,14,21,0.33
SnmK,1,2,3,0.33
SnmL,10,4,14,0.71
SnmM,62,63,125,0.5
SnmN,63,71,134,0.47
SnmP,54,51,105,0.51
SnmS,40,44,84,0.48
Snmb,49,53,102,0.48
Snmh,0,1,1,0.0
Snml,11,10,21,0.52
Snmm,46,51,97,0.47
Snmn,53,51,104,0.51
Snms,21,25,46,0.46
SnnB,26,29,55,0.47
SnnD,11,8,19,0.58
SnnH,31,25,56,0.55
SnnI,11,3,14,0.79
SnnK,2,8,10,0.2
SnnL,17,11,28,0.61
SnnM,50,61,111,0.45
SnnN,83,88,171,0.49
SnnP,75,56,131,0.57
SnnS,56,53,109,0.51
Snnb,40,46,86,0.47
Snnh,8,6,14,0.57
Snnl,12,11,23,0.52
Snnm,56,47,103,0.54
Snnn,68,59,127,0.54
Snns,46,57,103,0.45
Snnt,0,0,0,
SnsB,23,34,57,0.4
SnsD,13,6,19,0.68
SnsH,57,45,102,0.56
SnsI,13,8,21,0.62
SnsK,1,3,4,0.25
SnsL,14,11,25,0.56
SnsM,43,49,92,0.47
SnsN,52,63,115,0.45
SnsP,54,48,102,0.53
SnsS,80,78,158,0.51
Snsb,36,31,67,0.54
Snsh,1,5,6,0.17
Snsl,9,14,23,0.39
Snsm,68,39,107,0.64
Snsn,57,42,99,0.58
Snss,64,63,127,0.5
Snst,1,0,1,1.0
SntB,2,1,3,0.67
SntD,1,0,1,1.0
SntH,1,0,1,1.0
SntI,1,0,1,1.0
SntL,1,0,1,1.0
SntM,0,1,1,0.0
SntN,0,2,2,0.0
SntP,1,1,2,0.5
SntS,1,1,2,0.5
Sntb,0,2,2,0.0
Sntl,1,0,1,1.0
Sntm,0,0,0,
Sntn,1,2,3,0.33
Snts,1,0,1,1.0
Sntt,0,2,2,0.0
SsBB,37,55,92,0.4
SsBD,7,7,14,0.5
SsBH,0,1,1,0.0
SsBK,5,5,10,0.5
SsBL,8,9,17,0.47
SsBM,34,38,72,0.47
SsBN,41,47,88,0.47
SsBP,32,38,70,0.46
SsBS,40,39,79,0.51
SsBb,27,21,48,0.56
SsBh,3,4,7,0.43
SsBj,9,7,16,0.56
SsBl,8,8,16,0.5
SsBm,50,38,88,0.57
SsBn,43,45,88,0.49
SsBs,34,20,54,0.63
SsBt,7,2,9,0.78
SsDB,4,4,8,0.5
SsDD,8,4,12,0.67
SsDH,13,10,23,0.57
SsDI,5,2,7,0.71
SsDL,1,5,6,0.17
SsDM,12,20,32,0.38
SsDN,10,11,21,0.48
SsDP,6,5,11,0.55
SsDS,23,26,49,0.47
SsDb,5,10,15,0.33
SsDh,1,2,3,0.33
SsDl,2,2,4,0.5
SsDm,14,12,26,0.54
SsDn,20,15,35,0.57
SsDs,18,16,34,0.53
SsDt,3,3,6,0.5
SsHB,30,48,78,0.38
SsHD,8,10,18,0.44
SsHH,17,28,45,0.38
SsHI,8,8,16,0.5
SsHK,6,5,11,0.55
SsHL,14,10,24,0.58
SsHM,57,80,137,0.42
SsHN,49,57,106,0.46
SsHP,53,48,101,0.52
SsHS,86,97,183,0.47
SsHb,40,32,72,0.56
SsHh,34,36,70,0.49
SsHl,16,15,31,0.52
SsHm,77,51,128,0.6
SsHn,59,52,111,0.53
SsHs,83,87,170,0.49
SsHt,5,10,15,0.33
SsIB,5,6,11,0.45
SsID,1,1,2,0.5
SsIH,10,10,20,0.5
SsII,2,2,4,0.5
SsIK,1,1,2,0.5
SsIL,6,4,10,0.6
SsIM,11,9,20,0.55
SsIN,9,11,20,0.45
SsIP,11,6,17,0.65
SsIS,12,20,32,0.38
SsIb,9,14,23,0.39
SsIh,0,1,1,0.0
SsIl,1,2,3,0.33
SsIm,12,6,18,0.67
SsIn,11,8,19,0.58
SsIs,15,12,27,0.56
SsIt,1,1,2,0.5
SsKB,2,1,3,0.67
SsKI,0,0,0,
SsKL,0,1,1,0.0
SsKM,0,2,2,0.0
SsKN,4,1,5,0.8
SsKP,2,5,7,0.29
SsKS,3,2,5,0.6
SsKb,0,1,1,0.0
SsKh,0,1,1,0.0
SsKl,0,1,1,0.0
SsKm,2,2,4,0.5
SsKn,1,1,2,0.5
SsKs,1,0,1,1.0
SsKt,0,1,1,0.0
SsLB,17,20,37,0.46
SsLD,5,3,8,0.62
SsLK,1,1,2,0.5
SsLL,9,6,15,0.6
SsLM,18,21,39,0.46
SsLN,19,15,34,0.56
SsLP,13,19,32,0.41
SsLS,10,18,28,0.36
SsLb,17,9,26,0.65
SsLh,6,1,7,0.86
SsLj,5,1,6,0.83
SsLl,5,2,7,0.71
SsLm,12,16,28,0.43
SsLn,17,15,32,0.53
SsLs,15,17,32,0.47
SsLt,9,2,11,0.82
SsMB,58,63,121,0.48
SsMD,6,14,20,0.3
SsMH,2,1,3,0.67
SsMK,8,4,12,0.67
SsML,20,18,38,0.53
SsMM,67,82,149,0.45
SsMN,53,65,118,0.45
SsMP,40,71,111,0.36
SsMS,53,52,105,0.5
SsMb,48,46,94,0.51
SsMh,43,46,89,0.48
SsMj,9,12,21,0.43
SsMl,19,16,35,0.54
SsMm,80,74,154,0.52
SsMn,88,80,168,0.52
SsMs,73,56,129,0.57
SsMt,11,13,24,0.46
SsNB,50,42,92,0.54
SsND,14,13,27,0.52
SsNH,11,13,24,0.46
SsNI,1,2,3,0.33
SsNK,16,6,22,0.73
SsNL,12,14,26,0.46
SsNM,59,70,129,0.46
SsNN,76,81,157,0.48
SsNP,72,80,152,0.47
SsNS,82,89,171,0.48
SsNb,44,34,78,0.56
SsNh,14,16,30,0.47
SsNl,10,16,26,0.38
SsNm,60,55,115,0.52
SsNn,87,71,158,0.55
SsNs,67,73,140,0.48
SsNt,14,14,28,0.5
SsPB,40,37,77,0.52
SsPD,7,9,16,0.44
SsPH,20,14,34,0.59
SsPI,10,11,21,0.48
SsPK,4,9,13,0.31
SsPL,16,17,33,0.48
SsPM,49,61,110,0.45
SsPN,57,61,118,0.48
SsPP,56,65,121,0.46
SsPS,69,76,145,0.48
SsPb,44,45,89,0.49
SsPh,9,9,18,0.5
SsPl,22,12,34,0.65
SsPm,62,65,127,0.49
SsPn,54,58,112,0.48
SsPs,65,61,126,0.52
SsPt,8,8,16,0.5
SsSB,74,59,133,0.56
SsSD,21,18,39,0.54
SsSH,48,61,109,0.44
SsSI,1,2,3,0.33
SsSK,2,2,4,0.5
SsSL,30,20,50,0.6
SsSM,128,107,235,0.54
SsSN,108,79,187,0.58
SsSP,78,75,153,0.51
SsSS,200,225,425,0.47
SsSb,59,52,111,0.53
SsSh,53,67,120,0.44
SsSl,23,21,44,0.52
SsSm,102,103,205,0.5
SsSn,92,100,192,0.48
SsSs,168,181,349,0.48
SsSt,20,15,35,0.57
SsbB,41,38,79,0.52
SsbD,7,2,9,0.78
SsbH,9,11,20,0.45
SsbI,7,1,8,0.88
SsbJ,8,12,20,0.4
SsbK,3,2,5,0.6
SsbL,16,16,32,0.5
SsbM,38,47,85,0.45
SsbN,43,39,82,0.52
SsbP,53,31,84,0.63
SsbS,22,26,48,0.46
Ssbb,41,46,87,0.47
Ssbl,13,5,18,0.72
Ssbm,46,43,89,0.52
Ssbn,46,34,80,0.57
Ssbs,31,27,58,0.53
SshB,8,4,12,0.67
SshD,0,1,1,0.0
SshH,1,0,1,1.0
SshI,1,0,1,1.0
SshL,2,2,4,0.5
SshM,6,7,13,0.46
SshN,6,4,10,0.6
SshP,5,5,10,0.5
SshS,12,5,17,0.71
Sshb,4,5,9,0.44
Sshh,2,5,7,0.29
Sshl,3,3,6,0.5
Sshm,6,10,16,0.38
Sshn,4,7,11,0.36
Sshs,8,9,17,0.47
Ssht,1,1,2,0.5
SslB,12,16,28,0.43
SslD,2,2,4,0.5
SslH,7,25,32,0.22
SslI,3,4,7,0.43
SslJ,8,4,12,0.67
SslK,1,2,3,0.33
SslL,10,3,13,0.77
SslM,14,21,35,0.4
SslN,21,29,50,0.42
SslP,13,15,28,0.46
SslS,22,16,38,0.58
Sslb,18,17,35,0.51
Ssll,7,8,15,0.47
Sslm,14,20,34,0.41
Ssln,21,25,46,0.46
Ssls,16,17,33,0.48
SsmB,53,49,102,0.52
SsmD,13,11,24,0.54
SsmH,46,57,103,0.45
SsmI,10,2,12,0.83
SsmJ,23,16,39,0.59
SsmK,1,1,2,0.5
SsmL,16,11,27,0.59
SsmM,68,76,144,0.47
SsmN,80,92,172,0.47
SsmP,59,47,106,0.56
SsmS,60,72,132,0.45
Ssmb,66,58,124,0.53
Ssmh,0,0,0,
Ssml,18,11,29,0.62
Ssmm,84,55,139,0.6
Ssmn,54,64,118,0.46
Ssms,44,44,88,0.5
Ssmt,0,1,1,0.0
SsnB,30,37,67,0.45
SsnD,12,12,24,0.5
SsnH,37,33,70,0.53
SsnI,12,10,22,0.55
SsnK,5,3,8,0.62
SsnL,18,10,28,0.64
SsnM,55,51,106,0.52
SsnN,71,71,142,0.5
SsnP,54,46,100,0.54
SsnS,54,63,117,0.46
Ssnb,37,38,75,0.49
Ssnh,4,4,8,0.5
Ssnl,12,10,22,0.55
Ssnm,61,48,109,0.56
Ssnn,60,53,113,0.53
Ssns,57,55,112,0.51
Ssnt,1,0,1,1.0
SssB,47,43,90,0.52
SssD,19,13,32,0.59
SssH,96,93,189,0.51
SssI,19,15,34,0.56
SssK,1,4,5,0.2
SssL,18,14,32,0.56
SssM,74,108,182,0.41
SssN,79,72,151,0.52
SssP,52,71,123,0.42
SssS,175,188,363,0.48
Sssb,55,54,109,0.5
Sssh,7,12,19,0.37
Sssl,26,19,45,0.58
Sssm,83,91,174,0.48
Sssn,70,71,141,0.5
Ssss,130,114,244,0.53
Ssst,3,3,6,0.5
SstB,4,0,4,1.0
SstH,0,0,0,
SstM,0,1,1,0.0
SstN,0,2,2,0.0
SstP,4,0,4,1.0
SstS,3,3,6,0.5
Sstb,0,0,0,
Sstl,0,1,1,0.0
Sstm,2,4,6,0.33
Sstn,3,0,3,1.0
Ssts,0,4,4,0.0
Sstt,0,1,1,0.0
StBB,6,11,17,0.35
StBD,3,2,5,0.6
StBI,0,0,0,
StBK,1,2,3,0.33
StBL,3,2,5,0.6
StBM,6,8,14,0.43
StBN,7,9,16,0.44
StBP,9,9,18,0.5
StBS,5,8,13,0.38
StBb,6,9,15,0.4
StBh,1,1,2,0.5
StBj,1,1,2,0.5
StBl,2,2,4,0.5
StBm,10,13,23,0.43
StBn,5,5,10,0.5
StBs,3,6,9,0.33
StBt,1,2,3,0.33
StDB,2,1,3,0.67
StDD,0,0,0,
StDH,4,1,5,0.8
StDL,1,0,1,1.0
StDM,2,2,4,0.5
StDN,0,1,1,0.0
StDP,1,1,2,0.5
StDS,2,4,6,0.33
StDb,3,0,3,1.0
StDl,0,1,1,0.0
StDm,3,3,6,0.5
StDn,1,2,3,0.33
StDs,1,1,2,0.5
StHB,4,6,10,0.4
StHD,0,1,1,0.0
StHH,0,2,2,0.0
StHI,1,0,1,1.0
StHK,0,1,1,0.0
StHL,1,2,3,0.33
StHM,5,7,12,0.42
StHN,3,4,7,0.43
StHP,7,9,16,0.44
StHS,6,5,11,0.55
StHb,4,4,8,0.5
StHh,7,3,10,0.7
StHl,2,3,5,0.4
StHm,7,10,17,0.41
StHn,5,3,8,0.62
StHs,10,4,14,0.71
StHt,0,1,1,0.0
StIB,3,0,3,1.0
StIH,1,0,1,1.0
StIL,1,0,1,1.0
StIM,1,3,4,0.25
StIN,1,0,1,1.0
StIP,1,0,1,1.0
StIS,0,2,2,0.0
StIb,0,2,2,0.0
StIm,0,1,1,0.0
StIn,2,0,2,1.0
StKP,2,1,3,0.67
StKS,1,2,3,0.33
StKh,1,0,1,1.0
StKm,2,0,2,1.0
StKn,0,3,3,0.0
StKs,1,1,2,0.5
StKt,0,0,0,
StLB,1,2,3,0.33
StLD,0,1,1,0.0
StLK,0,1,1,0.0
StLM,1,4,5,0.2
StLN,1,4,5,0.2
StLP,1,3,4,0.25
StLS,2,2,4,0.5
StLb,2,3,5,0.4
StLh,1,4,5,0.2
StLj,1,1,2,0.5
StLl,1,3,4,0.25
StLm,2,4,6,0.33
StLn,5,2,7,0.71
StLs,5,4,9,0.56
StLt,3,1,4,0.75
StMB,7,6,13,0.54
StMD,2,0,2,1.0
StMK,0,1,1,0.0
StML,2,3,5,0.4
StMM,8,11,19,0.42
StMN,11,9,20,0.55
StMP,6,9,15,0.4
StMS,5,9,14,0.36
StMb,8,11,19,0.42
StMh,9,7,16,0.56
StMj,1,0,1,1.0
StMl,1,3,4,0.25
StMm,14,10,24,0.58
StMn,14,15,29,0.48
StMs,11,5,16,0.69
StMt,2,3,5,0.4
StNB,4,5,9,0.44
StND,3,2,5,0.6
StNH,3,2,5,0.6
StNI,2,2,4,0.5
StNK,1,1,2,0.5
StNL,2,5,7,0.29
StNM,9,11,20,0.45
StNN,5,12,17,0.29
StNP,18,9,27,0.67
StNS,9,7,16,0.56
StNb,8,8,16,0.5
StNh,5,2,7,0.71
StNl,3,5,8,0.38
StNm,4,13,17,0.24
StNn,8,15,23,0.35
StNs,11,14,25,0.44
StNt,1,4,5,0.2
StPB,6,7,13,0.46
StPD,1,2,3,0.33
StPH,0,1,1,0.0
StPI,2,2,4,0.5
StPK,2,2,4,0.5
StPL,4,10,14,0.29
StPM,11,6,17,0.65
StPN,9,13,22,0.41
StPP,7,12,19,0.37
StPS,8,10,18,0.44
StPb,6,5,11,0.55
StPh,2,3,5,0.4
StPl,3,2,5,0.6
StPm,12,10,22,0.55
StPn,4,8,12,0.33
StPs,13,9,22,0.59
StPt,4,0,4,1.0
StSB,12,5,17,0.71
StSD,1,1,2,0.5
StSH,3,2,5,0.6
StSL,2,4,6,0.33
StSM,15,12,27,0.56
StSN,11,10,21,0.52
StSP,15,10,25,0.6
StSS,22,15,37,0.59
StSb,8,6,14,0.57
StSh,2,8,10,0.2
StSl,1,0,1,1.0
StSm,18,19,37,0.49
StSn,11,10,21,0.52
StSs,20,24,44,0.45
StSt,0,2,2,0.0
StbB,2,6,8,0.25
StbD,1,2,3,0.33
StbH,1,2,3,0.33
StbJ,0,2,2,0.0
StbL,3,1,4,0.75
StbM,15,5,20,0.75
StbN,11,12,23,0.48
StbP,12,4,16,0.75
StbS,5,7,12,0.42
Stbb,4,7,11,0.36
Stbl,2,1,3,0.67
Stbm,9,4,13,0.69
Stbn,7,4,11,0.64
Stbs,5,0,5,1.0
SthB,1,1,2,0.5
SthM,2,0,2,1.0
SthN,0,1,1,0.0
SthP,2,0,2,1.0
SthS,1,1,2,0.5
Sthm,1,3,4,0.25
Sthn,1,0,1,1.0
Stht,1,1,2,0.5
StlB,4,2,6,0.67
StlD,1,1,2,0.5
StlH,4,2,6,0.67
StlJ,1,0,1,1.0
StlL,0,1,1,0.0
StlM,6,5,11,0.55
StlN,1,1,2,0.5
StlP,2,1,3,0.67
StlS,4,2,6,0.67
Stlb,7,4,11,0.64
Stlh,1,0,1,1.0
Stll,1,1,2,0.5
Stlm,4,3,7,0.57
Stln,3,0,3,1.0
Stls,2,2,4,0.5
StmB,6,8,14,0.43
StmD,3,0,3,1.0
StmH,14,4,18,0.78
StmI,1,0,1,1.0
StmJ,2,5,7,0.29
StmK,1,0,1,1.0
StmL,1,1,2,0.5
StmM,11,13,24,0.46
StmN,12,9,21,0.57
StmP,8,8,16,0.5
StmS,9,9,18,0.5
Stmb,9,7,16,0.56
Stmh,1,0,1,1.0
Stml,4,1,5,0.8
Stmm,8,7,15,0.53
Stmn,7,9,16,0.44
Stms,13,10,23,0.57
StnB,5,6,11,0.45
StnD,1,3,4,0.25
StnH,7,11,18,0.39
StnI,2,1,3,0.67
StnK,0,1,1,0.0
StnL,3,1,4,0.75
StnM,4,14,18,0.22
StnN,9,11,20,0.45
StnP,6,17,23,0.26
StnS,7,9,16,0.44
Stnb,6,5,11,0.55
Stnl,5,2,7,0.71
Stnm,14,5,19,0.74
Stnn,7,10,17,0.41
Stns,11,10,21,0.52
StsB,3,7,10,0.3
StsD,0,1,1,0.0
StsH,12,13,25,0.48
StsI,2,3,5,0.4
StsK,0,1,1,0.0
StsL,3,3,6,0.5
StsM,15,18,33,0.45
StsN,16,13,29,0.55
StsP,8,13,21,0.38
StsS,17,16,33,0.52
Stsb,11,9,20,0.55
Stsh,2,1,3,0.67
Stsl,2,3,5,0.4
Stsm,15,7,22,0.68
Stsn,12,6,18,0.67
Stss,18,12,30,0.6
Stst,1,0,1,1.0
SttB,2,0,2,1.0
SttD,0,1,1,0.0
SttH,2,0,2,1.0
SttK,0,1,1,0.0
SttL,0,1,1,0.0
SttM,3,3,6,0.5
SttN,2,4,6,0.33
SttP,3,1,4,0.75
SttS,5,4,9,0.56
Sttb,2,4,6,0.33
Sttl,2,0,2,1.0
Sttm,6,1,7,0.86
Sttn,0,1,1,0.0
Stts,3,1,4,0.75
Sttt,1,1,2,0.5
bBBB,56,70,126,0.44
bBBD,6,3,9,0.67
bBBH,1,2,3,0.33
bBBK,2,7,9,0.22
bBBL,8,13,21,0.38
bBBM,35,52,87,0.4
bBBN,49,56,105,0.47
bBBP,39,50,89,0.44
bBBS,18,25,43,0.42
bBBb,52,58,110,0.47
bBBh,5,5,10,0.5
bBBj,11,6,17,0.65
bBBl,19,10,29,0.66
bBBm,52,35,87,0.6
bBBn,70,61,131,0.53
bBBs,30,30,60,0.5
bBBt,9,10,19,0.47
bBDB,4,3,7,0.57
bBDD,0,1,1,0.0
bBDH,9,4,13,0.69
bBDL,3,4,7,0.43
bBDM,8,4,12,0.67
bBDN,2,4,6,0.33
bBDP,9,7,16,0.56
bBDS,8,7,15,0.53
bBDb,6,5,11,0.55
bBDh,0,1,1,0.0
bBDl,2,0,2,1.0
bBDm,12,4,16,0.75
bBDn,4,5,9,0.44
bBDs,5,4,9,0.56
bBHB,3,0,3,1.0
bBHD,0,1,1,0.0
bBHL,0,0,0,
bBHM,1,1,2,0.5
bBHN,1,1,2,0.5
bBHP,2,2,4,0.5
bBHm,1,2,3,0.33
bBHn,0,1,1,0.0
bBHs,1,0,1,1.0
bBIB,0,0,0,
bBIM,0,1,1,0.0
bBIs,1,0,1,1.0
bBKB,3,5,8,0.38
bBKD,1,1,2,0.5
bBKH,1,0,1,1.0
bBKI,2,0,2,1.0
bBKL,1,1,2,0.5
bBKM,7,3,10,0.7
bBKN,3,1,4,0.75
bBKP,5,4,9,0.56
bBKS,5,5,10,0.5
bBKb,3,5,8,0.38
bBKh,2,9,11,0.18
bBKl,2,1,3,0.67
bBKm,2,3,5,0.4
bBKn,5,3,8,0.62
bBKs,1,4,5,0.2
bBKt,1,1,2,0.5
bBLB,13,12,25,0.52
bBLD,0,3,3,0.0
bBLK,1,1,2,0.5
bBLL,3,4,7,0.43
bBLM,13,15,28,0.46
bBLN,14,11,25,0.56
bBLP,8,8,16,0.5
bBLS,6,3,9,0.67
bBLb,8,11,19,0.42
bBLh,8,9,17,0.47
bBLj,3,4,7,0.43
bBLl,3,1,4,0.75
bBLm,16,10,26,0.62
bBLn,15,15,30,0.5
bBLs,5,5,10,0.5
bBLt,4,1,5,0.8
bBMB,35,33,68,0.51
bBMD,3,7,10,0.3
bBMH,1,1,2,0.5
bBMK,0,1,1,0.0
bBML,3,12,15,0.2
bBMM,39,48,87,0.45
bBMN,37,48,85,0.44
bBMP,45,46,91,0.49
bBMS,25,39,64,0.39
bBMb,45,52,97,0.46
bBMh,39,43,82,0.48
bBMj,5,9,14,0.36
bBMl,6,15,21,0.29
bBMm,64,47,111,0.58
bBMn,70,47,117,0.6
bBMs,28,32,60,0.47
bBMt,8,7,15,0.53
bBNB,55,44,99,0.56
bBND,8,4,12,0.67
bBNH,11,23,34,0.32
bBNI,1,0,1,1.0
bBNK,3,0,3,1.0
bBNL,15,12,27,0.56
bBNM,43,66,109,0.39
bBNN,71,79,150,0.47
bBNP,78,74,152,0.51
bBNS,48,48,96,0.5
bBNb,42,29,71,0.59
bBNh,24,28,52,0.46
bBNl,12,16,28,0.43
bBNm,68,64,132,0.52
bBNn,67,65,132,0.51
bBNs,50,52,102,0.49
bBNt,16,8,24,0.67
bBPB,43,54,97,0.44
bBPD,4,4,8,0.5
bBPH,17,21,38,0.45
bBPI,6,4,10,0.6
bBPK,7,5,12,0.58
bBPL,19,25,44,0.43
bBPM,51,53,104,0.49
bBPN,48,64,112,0.43
bBPP,71,67,138,0.51
bBPS,39,32,71,0.55
bBPb,52,44,96,0.54
bBPh,7,8,15,0.47
bBPl,16,16,32,0.5
bBPm,58,42,100,0.58
bBPn,42,38,80,0.52
bBPs,37,38,75,0.49
bBPt,10,7,17,0.59
bBSB,29,18,47,0.62
bBSD,5,2,7,0.71
bBSH,14,17,31,0.45
bBSI,1,0,1,1.0
bBSK,1,0,1,1.0
bBSL,7,10,17,0.41
bBSM,27,31,58,0.47
bBSN,34,39,73,0.47
bBSP,26,26,52,0.5
bBSS,33,45,78,0.42
bBSb,15,25,40,0.38
bBSh,16,20,36,0.44
bBSl,15,7,22,0.68
bBSm,33,32,65,0.51
bBSn,35,26,61,0.57
bBSs,41,33,74,0.55
bBSt,7,8,15,0.47
bBbB,38,52,90,0.42
bBbD,3,1,4,0.75
bBbH,16,24,40,0.4
bBbI,5,1,6,0.83
bBbJ,19,9,28,0.68
bBbK,4,2,6,0.67
bBbL,12,14,26,0.46
bBbM,35,55,90,0.39
bBbN,51,71,122,0.42
bBbP,40,49,89,0.45
bBbS,16,37,53,0.3
bBbb,57,49,106,0.54
bBbl,9,11,20,0.45
bBbm,32,27,59,0.54
bBbn,33,53,86,0.38
bBbs,23,18,41,0.56
bBhB,5,5,10,0.5
bBhD,0,1,1,0.0
bBhH,2,0,2,1.0
bBhI,1,1,2,0.5
bBhK,0,1,1,0.0
bBhL,2,1,3,0.67
bBhM,3,13,16,0.19
bBhN,6,9,15,0.4
bBhP,7,5,12,0.58
bBhS,4,11,15,0.27
bBhb,4,5,9,0.44
bBhh,4,5,9,0.44
bBhl,1,2,3,0.33
bBhm,8,8,16,0.5
bBhn,6,9,15,0.4
bBhs,5,5,10,0.5
bBjB,4,16,20,0.2
bBjD,2,0,2,1.0
bBjH,3,1,4,0.75
bBjI,0,2,2,0.0
bBjK,0,2,2,0.0
bBjL,4,6,10,0.4
bBjM,11,16,27,0.41
bBjN,12,11,23,0.52
bBjP,13,13,26,0.5
bBjS,10,16,26,0.38
bBjb,7,6,13,0.54
bBjh,2,4,6,0.33
bBjl,7,4,11,0.64
bBjm,10,6,16,0.62
bBjn,11,12,23,0.48
bBjs,12,15,27,0.44
bBjt,2,2,4,0.5
bBlB,9,18,27,0.33
bBlD,1,0,1,1.0
bBlH,10,5,15,0.67
bBlI,1,1,2,0.5
bBlJ,2,4,6,0.33
bBlK,0,0,0,
bBlL,2,8,10,0.2
bBlM,13,18,31,0.42
bBlN,9,16,25,0.36
bBlP,11,17,28,0.39
bBlS,8,14,22,0.36
bBlb,7,13,20,0.35
bBll,5,4,9,0.56
bBlm,11,9,20,0.55
bBln,19,14,33,0.58
bBls,10,11,21,0.48
bBmB,34,40,74,0.46
bBmD,5,8,13,0.38
bBmH,28,39,67,0.42
bBmI,5,5,10,0.5
bBmJ,8,8,16,0.5
bBmK,1,1,2,0.5
bBmL,10,14,24,0.42
bBmM,60,56,116,0.52
bBmN,54,64,118,0.46
bBmP,52,46,98,0.53
bBmS,36,40,76,0.47
bBmb,37,40,77,0.48
bBmh,0,1,1,0.0
bBml,10,12,22,0.45
bBmm,51,29,80,0.64
bBmn,54,44,98,0.55
bBms,25,31,56,0.45
bBnB,41,51,92,0.45
bBnD,8,12,20,0.4
bBnH,32,30,62,0.52
bBnI,14,8,22,0.64
bBnK,6,7,13,0.46
bBnL,15,14,29,0.52
bBnM,48,57,105,0.46
bBnN,78,98,176,0.44
bBnP,97,93,190,0.51
bBnS,56,52,108,0.52
bBnb,49,48,97,0.51
bBnh,4,6,10,0.4
bBnl,21,8,29,0.72
bBnm,64,51,115,0.56
bBnn,66,85,151,0.44
bBns,49,44,93,0.53
bBsB,17,20,37,0.46
bBsD,7,3,10,0.7
bBsH,27,18,45,0.6
bBsI,5,7,12,0.42
bBsK,1,0,1,1.0
bBsL,6,3,9,0.67
bBsM,24,43,67,0.36
bBsN,28,24,52,0.54
bBsP,34,30,64,0.53
bBsS,25,33,58,0.43
bBsb,17,22,39,0.44
bBsh,2,2,4,0.5
bBsl,8,3,11,0.73
bBsm,29,20,49,0.59
bBsn,24,23,47,0.51
bBss,22,28,50,0.44
bBst,1,3,4,0.25
bBtB,6,7,13,0.46
bBtD,2,2,4,0.5
bBtH,5,9,14,0.36
bBtK,1,0,1,1.0
bBtL,2,1,3,0.67
bBtM,8,7,15,0.53
bBtN,4,11,15,0.27
bBtP,9,11,20,0.45
bBtS,10,9,19,0.53
bBtb,11,2,13,0.85
bBth,1,1,2,0.5
bBtl,3,1,4,0.75
bBtm,6,9,15,0.4
bBtn,3,4,7,0.43
bBts,3,10,13,0.23
bBtt,2,0,2,1.0
bDBB,4,6,10,0.4
bDBL,1,1,2,0.5
bDBM,3,4,7,0.43
bDBN,4,9,13,0.31
bDBP,7,3,10,0.7
bDBS,1,4,5,0.2
bDBb,7,2,9,0.78
bDBj,0,0,0,
bDBl,1,3,4,0.25
bDBm,5,5,10,0.5
bDBn,7,4,11,0.64
bDBs,5,6,11,0.45
bDBt,1,1,2,0.5
bDDB,0,1,1,0.0
bDDD,1,1,2,0.5
bDDH,1,1,2,0.5
bDDM,4,2,6,0.67
bDDS,3,0,3,1.0
bDDb,1,2,3,0.33
bDDl,0,1,1,0.0
bDDm,3,0,3,1.0
bDDn,1,2,3,0.33
bDDs,0,4,4,0.0
bDDt,0,1,1,0.0
bDHB,2,6,8,0.25
bDHH,1,1,2,0.5
bDHI,2,1,3,0.67
bDHK,1,0,1,1.0
bDHL,0,1,1,0.0
bDHM,14,5,19,0.74
bDHN,3,3,6,0.5
bDHP,2,6,8,0.25
bDHS,5,5,10,0.5
bDHb,5,6,11,0.45
bDHh,5,3,8,0.62
bDHl,1,2,3,0.33
bDHm,5,5,10,0.5
bDHn,3,1,4,0.75
bDHs,6,4,10,0.6
bDHt,1,1,2,0.5
bDIB,0,1,1,0.0
bDIH,1,0,1,1.0
bDIL,0,2,2,0.0
bDIS,1,1,2,0.5
bDIb,3,0,3,1.0
bDIl,0,1,1,0.0
bDIs,1,3,4,0.25
bDKN,0,0,0,
bDKS,0,1,1,0.0
bDLB,1,2,3,0.33
bDLD,0,0,0,
bDLL,0,2,2,0.0
bDLM,1,2,3,0.33
bDLN,1,0,1,1.0
bDLP,4,0,4,1.0
bDLS,2,1,3,0.67
bDLb,1,1,2,0.5
bDLh,0,0,0,
bDLj,1,0,1,1.0
bDLl,0,2,2,0.0
bDLm,5,2,7,0.71
bDLn,2,2,4,0.5
bDLs,0,2,2,0.0
bDLt,1,0,1,1.0
bDMB,6,11,17,0.35
bDMD,0,1,1,0.0
bDMI,0,1,1,0.0
bDMK,1,1,2,0.5
bDML,4,1,5,0.8
bDMM,1,7,8,0.12
bDMN,5,11,16,0.31
bDMP,2,5,7,0.29
bDMS,1,4,5,0.2
bDMb,5,5,10,0.5
bDMh,5,5,10,0.5
bDMj,0,2,2,0.0
bDMl,2,4,6,0.33
bDMm,18,6,24,0.75
bDMn,12,9,21,0.57
bDMs,7,5,12,0.58
bDNB,4,3,7,0.57
bDND,1,1,2,0.5
bDNH,4,2,6,0.67
bDNK,1,0,1,1.0
bDNL,2,3,5,0.4
bDNM,4,6,10,0.4
bDNN,6,1,7,0.86
bDNP,8,8,16,0.5
bDNS,6,2,8,0.75
bDNb,3,5,8,0.38
bDNh,4,0,4,1.0
bDNl,1,2,3,0.33
bDNm,6,6,12,0.5
bDNn,4,6,10,0.4
bDNs,3,5,8,0.38
bDNt,1,1,2,0.5
bDPB,5,3,8,0.62
bDPH,5,4,9,0.56
bDPI,1,0,1,1.0
bDPK,1,3,4,0.25
bDPL,1,1,2,0.5
bDPM,7,8,15,0.47
bDPN,5,4,9,0.56
bDPP,8,10,18,0.44
bDPS,4,6,10,0.4
bDPb,4,7,11,0.36
bDPh,0,0,0,
bDPl,2,2,4,0.5
bDPm,8,5,13,0.62
bDPn,4,5,9,0.44
bDPs,9,5,14,0.64
bDPt,2,2,4,0.5
bDSB,2,2,4,0.5
bDSD,0,2,2,0.0
bDSH,3,2,5,0.6
bDSI,1,0,1,1.0
bDSL,1,2,3,0.33
bDSM,8,13,21,0.38
bDSN,2,6,8,0.25
bDSP,9,4,13,0.69
bDSS,9,9,18,0.5
bDSb,3,2,5,0.6
bDSh,1,1,2,0.5
bDSl,2,2,4,0.5
bDSm,3,6,9,0.33
bDSn,5,5,10,0.5
bDSs,10,7,17,0.59
bDSt,0,0,0,
bDbB,3,2,5,0.6
bDbD,0,2,2,0.0
bDbH,0,1,1,0.0
bDbI,0,1,1,0.0
bDbJ,0,3,3,0.0
bDbL,0,1,1,0.0
bDbM,7,6,13,0.54
bDbN,5,6,11,0.45
bDbP,5,2,7,0.71
bDbS,0,4,4,0.0
bDbb,5,3,8,0.62
bDbl,1,1,2,0.5
bDbm,5,2,7,0.71
bDbn,4,3,7,0.57
bDbs,3,2,5,0.6
bDhH,0,1,1,0.0
bDhh,0,0,0,
bDhs,0,2,2,0.0
bDlB,2,1,3,0.67
bDlD,2,0,2,1.0
bDlH,1,0,1,1.0
bDlJ,1,2,3,0.33
bDlK,0,1,1,0.0
bDlM,4,1,5,0.8
bDlN,2,1,3,0.67
bDlP,0,2,2,0.0
bDlS,1,0,1,1.0
bDlb,2,1,3,0.67
bDll,2,1,3,0.67
bDlm,1,1,2,0.5
bDln,0,3,3,0.0
bDls,1,0,1,1.0
bDmB,8,0,8,1.0
bDmD,2,2,4,0.5
bDmH,6,6,12,0.5
bDmI,0,0,0,
bDmJ,0,3,3,0.0
bDmL,2,1,3,0.67
bDmM,6,9,15,0.4
bDmN,7,11,18,0.39
bDmP,1,10,11,0.09
bDmS,3,7,10,0.3
bDmb,9,6,15,0.6
bDml,2,2,4,0.5
bDmm,7,1,8,0.88
bDmn,2,6,8,0.25
bDms,5,4,9,0.56
bDnB,3,5,8,0.38
bDnD,2,1,3,0.67
bDnH,5,2,7,0.71
bDnI,2,1,3,0.67
bDnK,0,1,1,0.0
bDnL,1,1,2,0.5
bDnM,9,8,17,0.53
bDnN,5,11,16,0.31
bDnP,4,8,12,0.33
bDnS,1,2,3,0.33
bDnb,6,4,10,0.6
bDnl,0,1,1,0.0
bDnm,6,3,9,0.67
bDnn,5,1,6,0.83
bDns,5,0,5,1.0
bDsB,3,2,5,0.6
bDsD,1,0,1,1.0
bDsH,3,6,9,0.33
bDsI,1,1,2,0.5
bDsL,1,0,1,1.0
bDsM,7,8,15,0.47
bDsN,2,4,6,0.33
bDsP,9,3,12,0.75
bDsS,8,10,18,0.44
bDsb,0,1,1,0.0
bDsh,0,1,1,0.0
bDsl,1,3,4,0.25
bDsm,5,3,8,0.62
bDsn,2,4,6,0.33
bDss,3,4,7,0.43
bDst,1,0,1,1.0
bDtB,1,0,1,1.0
bDtD,1,0,1,1.0
bDtH,1,1,2,0.5
bDtI,0,1,1,0.0
bDtM,2,2,4,0.5
bDtP,1,1,2,0.5
bDtS,0,1,1,0.0
bDtb,0,2,2,0.0
bDtl,1,0,1,1.0
bDtm,0,2,2,0.0
bDtn,0,0,0,
bDts,0,0,0,
bHBB,6,10,16,0.38
bHBD,0,1,1,0.0
bHBH,0,1,1,0.0
bHBK,4,3,7,0.57
bHBL,2,0,2,1.0
bHBM,11,19,30,0.37
bHBN,11,13,24,0.46
bHBP,7,4,11,0.64
bHBS,5,4,9,0.56
bHBb,9,7,16,0.56
bHBh,0,0,0,
bHBj,4,3,7,0.57
bHBl,6,3,9,0.67
bHBm,13,9,22,0.59
bHBn,17,17,34,0.5
bHBs,6,4,10,0.6
bHBt,1,3,4,0.25
bHDB,2,1,3,0.67
bHDH,1,3,4,0.25
bHDL,2,0,2,1.0
bHDM,0,1,1,0.0
bHDN,1,3,4,0.25
bHDP,3,1,4,0.75
bHDS,2,2,4,0.5
bHDb,1,1,2,0.5
bHDl,2,0,2,1.0
bHDm,1,4,5,0.2
bHDn,1,1,2,0.5
bHDs,1,2,3,0.33
bHHB,2,1,3,0.67
bHHH,1,1,2,0.5
bHHI,1,0,1,1.0
bHHK,1,0,1,1.0
bHHL,0,1,1,0.0
bHHM,2,3,5,0.4
bHHN,3,3,6,0.5
bHHP,2,3,5,0.4
bHHS,4,7,11,0.36
bHHb,0,1,1,0.0
bHHh,2,0,2,1.0
bHHl,4,1,5,0.8
bHHm,6,3,9,0.67
bHHn,3,1,4,0.75
bHHs,2,2,4,0.5
bHIB,2,1,3,0.67
bHIH,2,0,2,1.0
bHIL,0,1,1,0.0
bHIM,1,8,9,0.11
bHIN,3,3,6,0.5
bHIP,2,4,6,0.33
bHIS,1,2,3,0.33
bHIb,2,1,3,0.67
bHIl,1,1,2,0.5
bHIm,1,2,3,0.33
bHIn,1,3,4,0.25
bHIs,0,3,3,0.0
bHKB,4,0,4,1.0
bHKD,2,0,2,1.0
bHKH,0,1,1,0.0
bHKL,1,0,1,1.0
bHKM,1,3,4,0.25
bHKN,2,2,4,0.5
bHKP,2,1,3,0.67
bHKb,3,0,3,1.0
bHKh,1,1,2,0.5
bHKl,1,0,1,1.0
bHKm,2,2,4,0.5
bHKs,2,0,2,1.0
bHKt,0,0,0,
bHLB,5,2,7,0.71
bHLL,2,3,5,0.4
bHLM,3,3,6,0.5
bHLN,2,8,10,0.2
bHLP,4,2,6,0.67
bHLS,2,2,4,0.5
bHLb,1,6,7,0.14
bHLh,2,3,5,0.4
bHLj,1,2,3,0.33
bHLl,1,1,2,0.5
bHLm,3,3,6,0.5
bHLn,5,9,14,0.36
bHLs,6,6,12,0.5
bHLt,1,1,2,0.5
bHMB,13,8,21,0.62
bHMD,1,3,4,0.25
bHMH,0,0,0,
bHMI,1,0,1,1.0
bHMK,1,2,3,0.33
bHML,2,4,6,0.33
bHMM,12,12,24,0.5
bHMN,21,18,39,0.54
bHMP,21,10,31,0.68
bHMS,8,12,20,0.4
bHMb,12,13,25,0.48
bHMh,8,10,18,0.44
bHMj,2,0,2,1.0
bHMl,6,4,10,0.6
bHMm,13,17,30,0.43
bHMn,16,20,36,0.44
bHMs,9,13,22,0.41
bHMt,5,3,8,0.62
bHNB,12,8,20,0.6
bHND,3,2,5,0.6
bHNH,3,3,6,0.5
bHNI,2,0,2,1.0
bHNK,1,1,2,0.5
bHNL,5,4,9,0.56
bHNM,27,14,41,0.66
bHNN,21,29,50,0.42
bHNP,19,24,43,0.44
bHNS,14,15,29,0.48
bHNb,7,10,17,0.41
bHNh,6,8,14,0.43
bHNl,3,7,10,0.3
bHNm,19,13,32,0.59
bHNn,24,20,44,0.55
bHNs,18,14,32,0.56
bHNt,5,3,8,0.62
bHPB,9,14,23,0.39
bHPD,1,4,5,0.2
bHPH,3,7,10,0.3
bHPI,2,0,2,1.0
bHPK,1,4,5,0.2
bHPL,10,9,19,0.53
bHPM,18,18,36,0.5
bHPN,16,20,36,0.44
bHPP,22,28,50,0.44
bHPS,17,15,32,0.53
bHPb,12,13,25,0.48
bHPh,1,2,3,0.33
bHPl,2,7,9,0.22
bHPm,27,18,45,0.6
bHPn,13,11,24,0.54
bHPs,13,14,27,0.48
bHPt,3,2,5,0.6
bHSB,7,3,10,0.7
bHSD,0,2,2,0.0
bHSH,5,5,10,0.5
bHSK,0,0,0,
bHSL,2,1,3,0.67
bHSM,7,16,23,0.3
bHSN,9,7,16,0.56
bHSP,14,7,21,0.67
bHSS,11,23,34,0.32
bHSb,12,9,21,0.57
bHSh,9,3,12,0.75
bHSl,0,1,1,0.0
bHSm,14,11,25,0.56
bHSn,18,7,25,0.72
bHSs,11,11,22,0.5
bHSt,2,3,5,0.4
bHbB,18,11,29,0.62
bHbD,1,3,4,0.25
bHbH,5,4,9,0.56
bHbI,0,1,1,0.0
bHbJ,8,3,11,0.73
bHbK,2,1,3,0.67
bHbL,3,4,7,0.43
bHbM,17,17,34,0.5
bHbN,19,16,35,0.54
bHbP,10,10,20,0.5
bHbS,6,8,14,0.43
bHbb,13,11,24,0.54
bHbh,1,0,1,1.0
bHbl,2,1,3,0.67
bHbm,12,9,21,0.57
bHbn,13,15,28,0.46
bHbs,7,5,12,0.58
bHhB,2,5,7,0.29
bHhD,1,0,1,1.0
bHhH,1,6,7,0.14
bHhI,2,0,2,1.0
bHhK,0,0,0,
bHhL,1,3,4,0.25
bHhM,8,7,15,0.53
bHhN,6,4,10,0.6
bHhP,4,6,10,0.4
bHhS,4,3,7,0.57
bHhb,7,1,8,0.88
bHhh,6,5,11,0.55
bHhl,1,3,4,0.25
bHhm,4,4,8,0.5
bHhn,8,5,13,0.62
bHhs,9,4,13,0.69
bHht,1,1,2,0.5
bHlB,6,6,12,0.5
bHlH,2,1,3,0.67
bHlJ,2,1,3,0.67
bHlL,1,2,3,0.33
bHlM,4,2,6,0.67
bHlN,6,4,10,0.6
bHlP,4,6,10,0.4
bHlS,3,3,6,0.5
bHlb,2,6,8,0.25
bHll,1,0,1,1.0
bHlm,3,6,9,0.33
bHln,5,4,9,0.56
bHls,2,1,3,0.67
bHmB,15,10,25,0.6
bHmD,4,2,6,0.67
bHmH,9,9,18,0.5
bHmI,1,2,3,0.33
bHmJ,2,4,6,0.33
bHmL,2,1,3,0.67
bHmM,10,21,31,0.32
bHmN,13,13,26,0.5
bHmP,12,16,28,0.43
bHmS,15,9,24,0.62
bHmb,14,16,30,0.47
bHmh,1,0,1,1.0
bHml,2,4,6,0.33
bHmm,6,11,17,0.35
bHmn,17,17,34,0.5
bHms,11,5,16,0.69
bHnB,11,15,26,0.42
bHnD,2,1,3,0.67
bHnH,15,12,27,0.56
bHnI,2,0,2,1.0
bHnK,0,3,3,0.0
bHnL,4,2,6,0.67
bHnM,20,17,37,0.54
bHnN,24,17,41,0.59
bHnP,25,29,54,0.46
bHnS,11,16,27,0.41
bHnb,11,5,16,0.69
bHnh,0,2,2,0.0
bHnl,6,2,8,0.75
bHnm,13,17,30,0.43
bHnn,17,19,36,0.47
bHns,17,9,26,0.65
bHsB,6,6,12,0.5
bHsD,2,4,6,0.33
bHsH,10,13,23,0.43
bHsI,3,1,4,0.75
bHsL,2,6,8,0.25
bHsM,15,4,19,0.79
bHsN,12,12,24,0.5
bHsP,12,18,30,0.4
bHsS,18,15,33,0.55
bHsb,5,8,13,0.38
bHsh,2,0,2,1.0
bHsl,5,3,8,0.62
bHsm,11,18,29,0.38
bHsn,10,9,19,0.53
bHss,11,10,21,0.52
bHtB,1,0,1,1.0
bHtH,1,2,3,0.33
bHtI,1,0,1,1.0
bHtL,0,1,1,0.0
bHtM,1,1,2,0.5
bHtN,2,0,2,1.0
bHtP,3,1,4,0.75
bHtS,0,0,0,
bHtb,1,1,2,0.5
bHth,1,0,1,1.0
bHtm,0,1,1,0.0
bHts,0,1,1,0.0
bHtt,1,0,1,1.0
bIBB,7,8,15,0.47
bIBD,0,0,0,
bIBK,1,1,2,0.5
bIBL,0,1,1,0.0
bIBM,6,6,12,0.5
bIBN,5,5,10,0.5
bIBP,2,3,5,0.4
bIBS,4,2,6,0.67
bIBb,7,1,8,0.88
bIBj,3,0,3,1.0
bIBl,1,3,4,0.25
bIBm,6,2,8,0.75
bIBn,8,5,13,0.62
bIBs,1,3,4,0.25
bIBt,0,2,2,0.0
bIDB,1,0,1,1.0
bIDH,1,2,3,0.33
bIDM,1,0,1,1.0
bIDN,0,0,0,
bIDP,0,1,1,0.0
bIDS,1,2,3,0.33
bIDb,1,1,2,0.5
bIDl,0,1,1,0.0
bIDm,1,1,2,0.5
bIDn,1,0,1,1.0
bIDs,1,0,1,1.0
bIHB,2,2,4,0.5
bIHD,0,2,2,0.0
bIHH,2,0,2,1.0
bIHI,0,1,1,0.0
bIHK,0,1,1,0.0
bIHL,0,3,3,0.0
bIHM,6,5,11,0.55
bIHN,7,3,10,0.7
bIHP,4,5,9,0.44
bIHS,3,4,7,0.43
bIHb,7,5,12,0.58
bIHh,1,3,4,0.25
bIHl,1,1,2,0.5
bIHm,11,6,17,0.65
bIHn,4,2,6,0.67
bIHs,11,2,13,0.85
bIHt,0,1,1,0.0
bIIH,1,2,3,0.33
bIIL,2,0,2,1.0
bIIM,0,1,1,0.0
bIIN,0,1,1,0.0
bIIP,0,1,1,0.0
bIIS,3,0,3,1.0
bIIb,1,1,2,0.5
bIIm,0,0,0,
bIIs,2,0,2,1.0
bIKM,0,0,0,
bILB,0,2,2,0.0
bILL,2,1,3,0.67
bILM,1,1,2,0.5
bILN,4,2,6,0.67
bILP,4,4,8,0.5
bILS,1,0,1,1.0
bILb,1,3,4,0.25
bILh,0,1,1,0.0
bILl,1,1,2,0.5
bILm,2,2,4,0.5
bILn,3,5,8,0.38
bILs,1,0,1,1.0
bIMB,7,5,12,0.58
bIMD,2,0,2,1.0
bIMH,1,0,1,1.0
bIMK,2,0,2,1.0
bIML,3,0,3,1.0
bIMM,5,4,9,0.56
bIMN,11,5,16,0.69
bIMP,13,4,17,0.76
bIMS,2,7,9,0.22
bIMb,4,5,9,0.44
bIMh,2,6,8,0.25
bIMl,4,1,5,0.8
bIMm,7,5,12,0.58
bIMn,12,13,25,0.48
bIMs,9,5,14,0.64
bIMt,1,1,2,0.5
bINB,2,8,10,0.2
bIND,2,0,2,1.0
bINH,1,1,2,0.5
bINL,1,1,2,0.5
bINM,5,8,13,0.38
bINN,10,8,18,0.56
bINP,9,10,19,0.47
bINS,10,3,13,0.77
bINb,6,9,15,0.4
bINh,1,2,3,0.33
bINl,3,3,6,0.5
bINm,6,6,12,0.5
bINn,4,7,11,0.36
bINs,4,4,8,0.5
bINt,0,0,0,
bIPB,9,10,19,0.47
bIPD,0,1,1,0.0
bIPH,3,0,3,1.0
bIPI,0,2,2,0.0
bIPK,0,1,1,0.0
bIPL,3,7,10,0.3
bIPM,5,8,13,0.38
bIPN,6,8,14,0.43
bIPP,7,11,18,0.39
bIPS,8,8,16,0.5
bIPb,12,4,16,0.75
bIPh,0,2,2,0.0
bIPl,4,4,8,0.5
bIPm,5,7,12,0.42
bIPn,4,7,11,0.36
bIPs,9,3,12,0.75
bIPt,0,1,1,0.0
bISB,2,1,3,0.67
bISD,1,0,1,1.0
bISH,2,0,2,1.0
bISL,0,3,3,0.0
bISM,3,7,10,0.3
bISN,5,0,5,1.0
bISP,4,2,6,0.67
bISS,5,6,11,0.45
bISb,3,3,6,0.5
bISh,3,2,5,0.6
bISm,6,0,6,1.0
bISn,3,4,7,0.43
bISs,3,2,5,0.6
bISt,3,0,3,1.0
bIbB,4,5,9,0.44
bIbD,1,0,1,1.0
bIbH,3,1,4,0.75
bIbI,1,1,2,0.5
bIbJ,2,2,4,0.5
bIbL,1,5,6,0.17
bIbM,5,9,14,0.36
bIbN,9,7,16,0.56
bIbP,9,3,12,0.75
bIbS,4,3,7,0.57
bIbb,9,5,14,0.64
bIbl,3,2,5,0.6
bIbm,7,3,10,0.7
bIbn,4,9,13,0.31
bIbs,2,3,5,0.4
bIhH,1,0,1,1.0
bIhI,1,1,2,0.5
bIhP,1,0,1,1.0
bIhm,1,0,1,1.0
bIhn,1,0,1,1.0
bIlB,0,2,2,0.0
bIlH,2,1,3,0.67
bIlI,0,0,0,
bIlL,3,1,4,0.75
bIlM,2,5,7,0.29
bIlN,1,2,3,0.33
bIlP,2,1,3,0.67
bIlS,0,1,1,0.0
bIlb,4,0,4,1.0
bIll,1,0,1,1.0
bIlm,5,3,8,0.62
bIln,1,2,3,0.33
bIls,0,3,3,0.0
bImB,7,8,15,0.47
bImD,1,6,7,0.14
bImH,5,3,8,0.62
bImI,0,1,1,0.0
bImJ,0,3,3,0.0
bImL,0,0,0,
bImM,7,8,15,0.47
bImN,9,5,14,0.64
bImP,6,6,12,0.5
bImS,5,3,8,0.62
bImb,5,7,12,0.42
bIml,2,0,2,1.0
bImm,6,5,11,0.55
bImn,5,3,8,0.62
bIms,3,2,5,0.6
bInB,3,5,8,0.38
bInD,1,1,2,0.5
bInH,3,2,5,0.6
bInI,2,0,2,1.0
bInK,0,1,1,0.0
bInL,0,1,1,0.0
bInM,3,6,9,0.33
bInN,9,10,19,0.47
bInP,7,9,16,0.44
bInS,5,4,9,0.56
bInb,7,6,13,0.54
bInl,1,1,2,0.5
bInm,1,6,7,0.14
bInn,6,0,6,1.0
bIns,3,1,4,0.75
bIsB,3,3,6,0.5
bIsD,0,2,2,0.0
bIsH,3,4,7,0.43
bIsI,0,1,1,0.0
bIsL,0,2,2,0.0
bIsM,6,3,9,0.67
bIsN,9,2,11,0.82
bIsP,6,1,7,0.86
bIsS,5,4,9,0.56
bIsb,6,5,11,0.55
bIsh,1,0,1,1.0
bIsl,0,2,2,0.0
bIsm,4,3,7,0.57
bIsn,5,4,9,0.56
bIss,3,0,3,1.0
bItB,0,1,1,0.0
bItH,1,1,2,0.5
bItL,0,1,1,0.0
bItM,0,1,1,0.0
bItP,1,4,5,0.2
bItb,0,1,1,0.0
bItn,2,0,2,1.0
bIts,1,0,1,1.0
bJBB,11,9,20,0.55
bJBD,2,0,2,1.0
bJBK,2,0,2,1.0
bJBL,3,2,5,0.6
bJBM,16,10,26,0.62
bJBN,22,9,31,0.71
bJBP,17,12,29,0.59
bJBS,8,10,18,0.44
bJBb,15,19,34,0.44
bJBh,1,4,5,0.2
bJBj,2,9,11,0.18
bJBl,3,4,7,0.43
bJBm,11,8,19,0.58
bJBn,15,17,32,0.47
bJBs,5,7,12,0.42
bJBt,4,1,5,0.8
bJDB,2,1,3,0.67
bJDD,0,1,1,0.0
bJDH,5,1,6,0.83
bJDI,1,0,1,1.0
bJDL,1,0,1,1.0
bJDM,1,2,3,0.33
bJDN,0,2,2,0.0
bJDP,2,1,3,0.67
bJDS,1,1,2,0.5
bJDb,0,0,0,
bJDm,0,1,1,0.0
bJDn,0,1,1,0.0
bJDs,0,1,1,0.0
bJHB,1,7,8,0.12
bJHD,0,1,1,0.0
bJHH,1,1,2,0.5
bJHI,1,0,1,1.0
bJHL,4,1,5,0.8
bJHM,2,6,8,0.25
bJHN,7,4,11,0.64
bJHP,4,4,8,0.5
bJHS,5,9,14,0.36
bJHb,4,4,8,0.5
bJHh,3,3,6,0.5
bJHl,0,1,1,0.0
bJHm,5,5,10,0.5
bJHn,6,8,14,0.43
bJHs,6,4,10,0.6
bJHt,2,1,3,0.67
bJIB,1,1,2,0.5
bJID,1,0,1,1.0
bJIH,0,1,1,0.0
bJIL,0,1,1,0.0
bJIM,3,1,4,0.75
bJIN,2,3,5,0.4
bJIP,4,0,4,1.0
bJIS,0,2,2,0.0
bJIb,3,4,7,0.43
bJIl,2,0,2,1.0
bJIm,5,0,5,1.0
bJIn,1,0,1,1.0
bJIs,1,0,1,1.0
bJIt,1,0,1,1.0
bJKB,0,4,4,0.0
bJKH,1,0,1,1.0
bJKM,2,1,3,0.67
bJKN,2,1,3,0.67
bJKP,3,2,5,0.6
bJKS,2,1,3,0.67
bJKb,0,1,1,0.0
bJKh,0,0,0,
bJKl,0,1,1,0.0
bJKm,3,1,4,0.75
bJKs,1,0,1,1.0
bJLB,4,10,14,0.29
bJLK,1,0,1,1.0
bJLL,2,1,3,0.67
bJLM,3,5,8,0.38
bJLN,8,6,14,0.57
bJLP,12,6,18,0.67
bJLS,9,2,11,0.82
bJLb,8,3,11,0.73
bJLh,2,2,4,0.5
bJLj,0,1,1,0.0
bJLl,2,1,3,0.67
bJLm,5,2,7,0.71
bJLn,6,7,13,0.46
bJLs,3,6,9,0.33
bJLt,2,0,2,1.0
bJMB,13,14,27,0.48
bJMD,6,2,8,0.75
bJMH,0,1,1,0.0
bJMK,1,0,1,1.0
bJML,7,4,11,0.64
bJMM,11,22,33,0.33
bJMN,13,8,21,0.62
bJMP,26,20,46,0.57
bJMS,11,14,25,0.44
bJMb,7,18,25,0.28
bJMh,12,16,28,0.43
bJMj,2,3,5,0.4
bJMl,8,7,15,0.53
bJMm,31,13,44,0.7
bJMn,20,22,42,0.48
bJMs,9,19,28,0.32
bJMt,2,4,6,0.33
bJNB,16,8,24,0.67
bJND,1,2,3,0.33
bJNH,3,1,4,0.75
bJNI,1,0,1,1.0
bJNK,1,1,2,0.5
bJNL,4,9,13,0.31
bJNM,14,16,30,0.47
bJNN,21,17,38,0.55
bJNP,16,11,27,0.59
bJNS,12,15,27,0.44
bJNb,10,11,21,0.48
bJNh,6,5,11,0.55
bJNl,3,8,11,0.27
bJNm,15,20,35,0.43
bJNn,16,20,36,0.44
bJNs,18,13,31,0.58
bJNt,3,4,7,0.43
bJPB,16,10,26,0.62
bJPD,4,2,6,0.67
bJPH,2,9,11,0.18
bJPI,3,1,4,0.75
bJPK,1,4,5,0.2
bJPL,6,9,15,0.4
bJPM,16,26,42,0.38
bJPN,16,14,30,0.53
bJPP,27,27,54,0.5
bJPS,19,12,31,0.61
bJPb,19,20,39,0.49
bJPh,2,4,6,0.33
bJPl,11,6,17,0.65
bJPm,20,15,35,0.57
bJPn,20,14,34,0.59
bJPs,18,12,30,0.6
bJPt,0,1,1,0.0
bJSB,11,15,26,0.42
bJSD,3,1,4,0.75
bJSH,3,5,8,0.38
bJSI,1,1,2,0.5
bJSK,2,0,2,1.0
bJSL,0,2,2,0.0
bJSM,15,13,28,0.54
bJSN,8,10,18,0.44
bJSP,13,15,28,0.46
bJSS,10,10,20,0.5
bJSb,12,6,18,0.67
bJSh,9,7,16,0.56
bJSl,3,4,7,0.43
bJSm,14,12,26,0.54
bJSn,10,13,23,0.43
bJSs,12,13,25,0.48
bJSt,2,4,6,0.33
bJbB,23,6,29,0.79
bJbD,1,2,3,0.33
bJbH,1,3,4,0.25
bJbI,1,2,3,0.33
bJbJ,5,9,14,0.36
bJbK,0,3,3,0.0
bJbL,4,8,12,0.33
bJbM,12,16,28,0.43
bJbN,21,11,32,0.66
bJbP,18,23,41,0.44
bJbS,5,8,13,0.38
bJbb,18,22,40,0.45
bJbl,3,6,9,0.33
bJbm,16,11,27,0.59
bJbn,11,11,22,0.5
bJbs,5,4,9,0.56
bJhB,0,4,4,0.0
bJhI,0,1,1,0.0
bJhL,2,0,2,1.0
bJhM,6,3,9,0.67
bJhN,2,7,9,0.22
bJhP,1,3,4,0.25
bJhS,1,1,2,0.5
bJhb,4,1,5,0.8
bJhh,3,2,5,0.6
bJhl,2,0,2,1.0
bJhm,4,7,11,0.36
bJhn,2,0,2,1.0
bJhs,1,1,2,0.5
bJlB,5,5,10,0.5
bJlH,2,3,5,0.4
bJlI,0,0,0,
bJlJ,2,2,4,0.5
bJlK,1,0,1,1.0
bJlL,3,2,5,0.6
bJlM,5,4,9,0.56
bJlN,5,4,9,0.56
bJlP,3,1,4,0.75
bJlS,2,7,9,0.22
bJlb,3,3,6,0.5
bJll,4,1,5,0.8
bJlm,7,2,9,0.78
bJln,1,5,6,0.17
bJls,2,3,5,0.4
bJmB,14,14,28,0.5
bJmD,4,5,9,0.44
bJmH,16,5,21,0.76
bJmI,1,1,2,0.5
bJmJ,9,1,10,0.9
bJmK,1,1,2,0.5
bJmL,6,5,11,0.55
bJmM,14,12,26,0.54
bJmN,13,12,25,0.52
bJmP,14,19,33,0.42
bJmS,12,6,18,0.67
bJmb,14,25,39,0.36
bJml,3,2,5,0.6
bJmm,15,13,28,0.54
bJmn,9,11,20,0.45
bJms,5,9,14,0.36
bJnB,8,5,13,0.62
bJnD,2,1,3,0.67
bJnH,12,7,19,0.63
bJnI,2,5,7,0.29
bJnK,0,1,1,0.0
bJnL,2,5,7,0.29
bJnM,14,19,33,0.42
bJnN,12,14,26,0.46
bJnP,12,15,27,0.44
bJnS,17,9,26,0.65
bJnb,11,10,21,0.52
bJnl,2,6,8,0.25
bJnm,15,8,23,0.65
bJnn,10,11,21,0.48
bJns,10,13,23,0.43
bJsB,8,9,17,0.47
bJsD,0,2,2,0.0
bJsH,10,3,13,0.77
bJsI,2,2,4,0.5
bJsK,1,0,1,1.0
bJsL,3,6,9,0.33
bJsM,13,17,30,0.43
bJsN,7,7,14,0.5
bJsP,12,14,26,0.46
bJsS,9,13,22,0.41
bJsb,8,12,20,0.4
bJsh,0,2,2,0.0
bJsl,4,1,5,0.8
bJsm,15,10,25,0.6
bJsn,9,5,14,0.64
bJss,12,8,20,0.6
bJtB,2,1,3,0.67
bJtH,6,1,7,0.86
bJtK,1,0,1,1.0
bJtM,0,4,4,0.0
bJtN,2,1,3,0.67
bJtP,7,3,10,0.7
bJtS,4,2,6,0.67
bJtb,1,0,1,1.0
bJth,1,0,1,1.0
bJtl,0,1,1,0.0
bJtm,0,2,2,0.0
bJtn,2,1,3,0.67
bJts,0,2,2,0.0
bKBB,8,4,12,0.67
bKBD,1,1,2,0.5
bKBK,0,1,1,0.0
bKBL,0,1,1,0.0
bKBM,3,2,5,0.6
bKBN,5,1,6,0.83
bKBP,4,4,8,0.5
bKBS,6,7,13,0.46
bKBb,4,4,8,0.5
bKBh,0,1,1,0.0
bKBj,1,1,2,0.5
bKBl,3,0,3,1.0
bKBm,4,4,8,0.5
bKBn,0,3,3,0.0
bKBs,2,3,5,0.4
bKBt,4,3,7,0.57
bKDB,0,2,2,0.0
bKDD,0,1,1,0.0
bKDH,1,0,1,1.0
bKDL,0,0,0,
bKDM,0,0,0,
bKDP,2,0,2,1.0
bKDb,0,2,2,0.0
bKDl,0,1,1,0.0
bKDm,3,0,3,1.0
bKDn,2,1,3,0.67
bKDt,1,1,2,0.5
bKHB,0,1,1,0.0
bKHI,1,0,1,1.0
bKHM,1,0,1,1.0
bKHN,3,1,4,0.75
bKHP,2,4,6,0.33
bKHS,1,0,1,1.0
bKHb,0,2,2,0.0
bKHh,0,1,1,0.0
bKHm,4,1,5,0.8
bKHn,1,0,1,1.0
bKHs,1,0,1,1.0
bKIB,0,1,1,0.0
bKID,0,1,1,0.0
bKIH,1,0,1,1.0
bKIM,2,4,6,0.33
bKIN,3,1,4,0.75
bKIP,1,1,2,0.5
bKIS,0,1,1,0.0
bKIb,0,3,3,0.0
bKIl,0,0,0,
bKIm,0,1,1,0.0
bKIs,1,0,1,1.0
bKIt,0,1,1,0.0
bKKh,0,1,1,0.0
bKKs,1,0,1,1.0
bKLB,1,0,1,1.0
bKLD,0,1,1,0.0
bKLM,3,2,5,0.6
bKLN,4,0,4,1.0
bKLP,1,3,4,0.25
bKLS,5,1,6,0.83
bKLb,2,1,3,0.67
bKLh,4,0,4,1.0
bKLj,1,0,1,1.0
bKLl,1,0,1,1.0
bKLm,3,3,6,0.5
bKLn,4,3,7,0.57
bKLs,1,0,1,1.0
bKMB,1,6,7,0.14
bKMD,1,0,1,1.0
bKMH,0,1,1,0.0
bKMK,0,1,1,0.0
bKML,2,3,5,0.4
bKMM,9,13,22,0.41
bKMN,3,5,8,0.38
bKMP,8,7,15,0.53
bKMS,1,4,5,0.2
bKMb,8,7,15,0.53
bKMh,10,8,18,0.56
bKMj,3,1,4,0.75
bKMl,3,1,4,0.75
bKMm,7,12,19,0.37
bKMn,10,9,19,0.53
bKMs,9,7,16,0.56
bKMt,2,1,3,0.67
bKNB,2,6,8,0.25
bKND,1,0,1,1.0
bKNH,1,0,1,1.0
bKNK,3,1,4,0.75
bKNL,0,2,2,0.0
bKNM,3,6,9,0.33
bKNN,8,4,12,0.67
bKNP,6,6,12,0.5
bKNS,5,1,6,0.83
bKNb,3,2,5,0.6
bKNh,3,1,4,0.75
bKNm,8,5,13,0.62
bKNn,8,6,14,0.57
bKNs,4,4,8,0.5
bKNt,0,1,1,0.0
bKPB,11,2,13,0.85
bKPH,4,1,5,0.8
bKPI,2,0,2,1.0
bKPK,0,3,3,0.0
bKPL,4,1,5,0.8
bKPM,9,9,18,0.5
bKPN,5,7,12,0.42
bKPP,4,7,11,0.36
bKPS,1,4,5,0.2
bKPb,7,4,11,0.64
bKPh,0,1,1,0.0
bKPl,3,1,4,0.75
bKPm,6,4,10,0.6
bKPn,2,3,5,0.4
bKPs,5,4,9,0.56
bKPt,2,0,2,1.0
bKSB,1,2,3,0.33
bKSD,3,1,4,0.75
bKSH,3,2,5,0.6
bKSI,0,2,2,0.0
bKSL,3,1,4,0.75
bKSM,3,7,10,0.3
bKSN,1,4,5,0.2
bKSP,6,7,13,0.46
bKSS,6,7,13,0.46
bKSb,1,1,2,0.5
bKSh,1,2,3,0.33
bKSl,1,2,3,0.33
bKSm,6,7,13,0.46
bKSn,5,2,7,0.71
bKSs,9,5,14,0.64
bKSt,0,2,2,0.0
bKbB,6,7,13,0.46
bKbH,1,2,3,0.33
bKbI,2,0,2,1.0
bKbJ,3,2,5,0.6
bKbK,2,1,3,0.67
bKbL,1,4,5,0.2
bKbM,6,5,11,0.55
bKbN,5,6,11,0.45
bKbP,2,6,8,0.25
bKbS,2,1,3,0.67
bKbb,2,3,5,0.4
bKbh,0,0,0,
bKbl,2,0,2,1.0
bKbm,9,6,15,0.6
bKbn,4,7,11,0.36
bKbs,1,4,5,0.2
bKhB,3,3,6,0.5
bKhD,0,0,0,
bKhH,1,1,2,0.5
bKhI,0,1,1,0.0
bKhL,0,1,1,0.0
bKhM,10,4,14,0.71
bKhN,3,5,8,0.38
bKhP,8,5,13,0.62
bKhS,2,5,7,0.29
bKhb,3,2,5,0.6
bKhh,4,2,6,0.67
bKhl,1,1,2,0.5
bKhm,6,5,11,0.55
bKhn,6,3,9,0.67
bKhs,5,6,11,0.45
bKht,1,2,3,0.33
bKlB,4,4,8,0.5
bKlD,1,0,1,1.0
bKlH,2,3,5,0.4
bKlI,0,1,1,0.0
bKlL,2,1,3,0.67
bKlM,2,3,5,0.4
bKlN,0,4,4,0.0
bKlP,4,3,7,0.57
bKlS,1,5,6,0.17
bKlb,2,0,2,1.0
bKlm,1,2,3,0.33
bKln,1,1,2,0.5
bKls,3,1,4,0.75
bKmB,4,7,11,0.36
bKmD,2,4,6,0.33
bKmH,7,5,12,0.58
bKmI,0,1,1,0.0
bKmJ,1,2,3,0.33
bKmK,0,2,2,0.0
bKmL,3,1,4,0.75
bKmM,9,8,17,0.53
bKmN,4,6,10,0.4
bKmP,9,3,12,0.75
bKmS,9,6,15,0.6
bKmb,13,6,19,0.68
bKmh,0,0,0,
bKml,0,2,2,0.0
bKmm,11,10,21,0.52
bKmn,7,4,11,0.64
bKms,3,3,6,0.5
bKnB,3,4,7,0.43
bKnD,1,0,1,1.0
bKnH,2,3,5,0.4
bKnI,1,1,2,0.5
bKnK,3,0,3,1.0
bKnL,4,2,6,0.67
bKnM,7,11,18,0.39
bKnN,7,5,12,0.58
bKnP,6,5,11,0.55
bKnS,3,3,6,0.5
bKnb,4,4,8,0.5
bKnh,0,0,0,
bKnl,3,0,3,1.0
bKnm,5,7,12,0.42
bKnn,2,7,9,0.22
bKns,4,2,6,0.67
bKsB,4,0,4,1.0
bKsD,1,0,1,1.0
bKsH,7,6,13,0.54
bKsI,0,0,0,
bKsM,5,3,8,0.62
bKsN,5,4,9,0.56
bKsP,4,4,8,0.5
bKsS,6,11,17,0.35
bKsb,5,3,8,0.62
bKsh,1,0,1,1.0
bKsl,3,3,6,0.5
bKsm,5,1,6,0.83
bKsn,3,6,9,0.33
bKss,7,4,11,0.64
bKtD,1,0,1,1.0
bKtH,1,0,1,1.0
bKtL,0,1,1,0.0
bKtM,2,1,3,0.67
bKtN,2,0,2,1.0
bKtP,1,0,1,1.0
bKtS,1,1,2,0.5
bKtm,0,1,1,0.0
bKtn,0,1,1,0.0
bKtt,0,1,1,0.0
bLBB,11,21,32,0.34
bLBD,0,3,3,0.0
bLBK,1,1,2,0.5
bLBL,3,4,7,0.43
bLBM,6,13,19,0.32
bLBN,13,14,27,0.48
bLBP,8,17,25,0.32
bLBS,4,6,10,0.4
bLBb,14,9,23,0.61
bLBh,2,2,4,0.5
bLBj,5,3,8,0.62
bLBl,9,5,14,0.64
bLBm,10,12,22,0.45
bLBn,19,16,35,0.54
bLBs,9,5,14,0.64
bLBt,4,6,10,0.4
bLDB,1,1,2,0.5
bLDD,1,0,1,1.0
bLDH,3,2,5,0.6
bLDL,1,0,1,1.0
bLDM,1,2,3,0.33
bLDN,2,0,2,1.0
bLDP,1,0,1,1.0
bLDS,3,2,5,0.6
bLDm,1,2,3,0.33
bLDn,2,4,6,0.33
bLDs,1,1,2,0.5
bLDt,1,0,1,1.0
bLHB,1,0,1,1.0
bLHL,0,1,1,0.0
bLHN,0,1,1,0.0
bLHS,0,1,1,0.0
bLHb,1,0,1,1.0
bLHm,1,2,3,0.33
bLKB,1,0,1,1.0
bLKI,0,1,1,0.0
bLKM,0,2,2,0.0
bLKN,1,0,1,1.0
bLKP,0,1,1,0.0
bLKS,1,0,1,1.0
bLKb,0,1,1,0.0
bLKh,1,0,1,1.0
bLKm,2,0,2,1.0
bLKn,0,1,1,0.0
bLLB,6,6,12,0.5
bLLD,0,0,0,
bLLH,1,0,1,1.0
bLLK,1,0,1,1.0
bLLL,2,3,5,0.4
bLLM,6,7,13,0.46
bLLN,5,6,11,0.45
bLLP,9,4,13,0.69
bLLS,2,1,3,0.67
bLLb,3,3,6,0.5
bLLh,1,1,2,0.5
bLLl,2,5,7,0.29
bLLm,5,3,8,0.62
bLLn,8,4,12,0.67
bLLs,6,6,12,0.5
bLLt,2,2,4,0.5
bLMB,8,11,19,0.42
bLMD,3,1,4,0.75
bLMK,0,0,0,
bLML,1,4,5,0.2
bLMM,16,12,28,0.57
bLMN,13,18,31,0.42
bLMP,11,10,21,0.52
bLMS,9,8,17,0.53
bLMb,10,13,23,0.43
bLMh,6,12,18,0.33
bLMj,1,2,3,0.33
bLMl,7,4,11,0.64
bLMm,17,12,29,0.59
bLMn,21,21,42,0.5
bLMs,5,6,11,0.45
bLMt,1,2,3,0.33
bLNB,14,9,23,0.61
bLND,2,0,2,1.0
bLNH,0,4,4,0.0
bLNK,1,1,2,0.5
bLNL,4,4,8,0.5
bLNM,11,15,26,0.42
bLNN,19,18,37,0.51
bLNP,12,18,30,0.4
bLNS,12,10,22,0.55
bLNb,11,17,28,0.39
bLNh,5,5,10,0.5
bLNl,4,5,9,0.44
bLNm,12,10,22,0.55
bLNn,14,7,21,0.67
bLNs,7,11,18,0.39
bLNt,2,2,4,0.5
bLPB,18,15,33,0.55
bLPD,1,3,4,0.25
bLPH,10,5,15,0.67
bLPI,0,2,2,0.0
bLPK,2,3,5,0.4
bLPL,6,5,11,0.55
bLPM,11,18,29,0.38
bLPN,14,25,39,0.36
bLPP,28,32,60,0.47
bLPS,13,16,29,0.45
bLPb,10,13,23,0.43
bLPh,2,3,5,0.4
bLPl,9,3,12,0.75
bLPm,21,14,35,0.6
bLPn,22,13,35,0.63
bLPs,12,10,22,0.55
bLPt,2,1,3,0.67
bLSB,6,7,13,0.46
bLSD,1,2,3,0.33
bLSH,5,1,6,0.83
bLSI,0,0,0,
bLSK,1,0,1,1.0
bLSL,2,3,5,0.4
bLSM,11,18,29,0.38
bLSN,9,7,16,0.56
bLSP,12,11,23,0.52
bLSS,16,16,32,0.5
bLSb,8,6,14,0.57
bLSh,9,2,11,0.82
bLSl,4,1,5,0.8
bLSm,16,11,27,0.59
bLSn,5,11,16,0.31
bLSs,11,14,25,0.44
bLSt,4,5,9,0.44
bLbB,7,10,17,0.41
bLbD,0,1,1,0.0
bLbH,4,3,7,0.57
bLbI,2,3,5,0.4
bLbJ,3,1,4,0.75
bLbK,0,1,1,0.0
bLbL,4,3,7,0.57
bLbM,12,15,27,0.44
bLbN,20,11,31,0.65
bLbP,12,14,26,0.46
bLbS,9,8,17,0.53
bLbb,17,10,27,0.63
bLbl,6,2,8,0.75
bLbm,18,9,27,0.67
bLbn,14,12,26,0.54
bLbs,5,6,11,0.45
bLhB,6,3,9,0.67
bLhD,2,0,2,1.0
bLhH,2,0,2,1.0
bLhI,1,1,2,0.5
bLhL,2,1,3,0.67
bLhM,4,12,16,0.25
bLhN,4,4,8,0.5
bLhP,7,12,19,0.37
bLhS,11,9,20,0.55
bLhb,5,6,11,0.45
bLhh,10,2,12,0.83
bLhl,3,0,3,1.0
bLhm,8,8,16,0.5
bLhn,7,6,13,0.54
bLhs,5,5,10,0.5
bLht,2,2,4,0.5
bLjB,2,2,4,0.5
bLjH,2,2,4,0.5
bLjI,1,1,2,0.5
bLjL,1,1,2,0.5
bLjM,1,2,3,0.33
bLjN,1,6,7,0.14
bLjP,6,4,10,0.6
bLjS,2,1,3,0.67
bLjb,2,4,6,0.33
bLjl,1,0,1,1.0
bLjm,5,2,7,0.71
bLjn,1,4,5,0.2
bLjs,3,1,4,0.75
bLjt,0,1,1,0.0
bLlB,1,3,4,0.25
bLlD,1,2,3,0.33
bLlH,4,3,7,0.57
bLlI,1,2,3,0.33
bLlJ,1,0,1,1.0
bLlL,4,0,4,1.0
bLlM,10,6,16,0.62
bLlN,6,10,16,0.38
bLlP,4,3,7,0.57
bLlS,4,5,9,0.44
bLlb,3,7,10,0.3
bLll,0,1,1,0.0
bLlm,8,2,10,0.8
bLln,4,5,9,0.44
bLls,5,3,8,0.62
bLmB,10,14,24,0.42
bLmD,7,3,10,0.7
bLmH,12,20,32,0.38
bLmI,1,2,3,0.33
bLmJ,2,4,6,0.33
bLmK,0,2,2,0.0
bLmL,4,6,10,0.4
bLmM,12,19,31,0.39
bLmN,16,24,40,0.4
bLmP,15,22,37,0.41
bLmS,9,16,25,0.36
bLmb,14,13,27,0.52
bLml,7,1,8,0.88
bLmm,19,10,29,0.66
bLmn,14,10,24,0.58
bLms,8,15,23,0.35
bLnB,14,14,28,0.5
bLnD,6,1,7,0.86
bLnH,14,12,26,0.54
bLnI,7,3,10,0.7
bLnK,0,2,2,0.0
bLnL,4,4,8,0.5
bLnM,19,18,37,0.51
bLnN,27,28,55,0.49
bLnP,26,24,50,0.52
bLnS,11,18,29,0.38
bLnb,15,16,31,0.48
bLnh,1,2,3,0.33
bLnl,10,7,17,0.59
bLnm,23,16,39,0.59
bLnn,22,14,36,0.61
bLns,12,18,30,0.4
bLsB,6,6,12,0.5
bLsD,0,1,1,0.0
bLsH,12,9,21,0.57
bLsI,1,1,2,0.5
bLsL,3,3,6,0.5
bLsM,6,11,17,0.35
bLsN,8,6,14,0.57
bLsP,12,19,31,0.39
bLsS,13,14,27,0.48
bLsb,5,5,10,0.5
bLsh,2,1,3,0.67
bLsl,3,1,4,0.75
bLsm,12,22,34,0.35
bLsn,5,7,12,0.42
bLss,10,5,15,0.67
bLtB,4,2,6,0.67
bLtH,2,0,2,1.0
bLtL,0,1,1,0.0
bLtM,2,2,4,0.5
bLtN,2,3,5,0.4
bLtP,8,3,11,0.73
bLtS,2,2,4,0.5
bLtb,2,0,2,1.0
bLtm,3,3,6,0.5
bLtn,5,3,8,0.62
bLts,3,2,5,0.6
bMBB,42,50,92,0.46
bMBD,4,5,9,0.44
bMBH,2,0,2,1.0
bMBK,3,3,6,0.5
bMBL,4,13,17,0.24
bMBM,44,45,89,0.49
bMBN,55,64,119,0.46
bMBP,48,48,96,0.5
bMBS,18,20,38,0.47
bMBb,43,46,89,0.48
bMBh,10,3,13,0.77
bMBj,11,16,27,0.41
bMBl,15,16,31,0.48
bMBm,49,40,89,0.55
bMBn,67,65,132,0.51
bMBs,31,30,61,0.51
bMBt,13,6,19,0.68
bMDB,8,4,12,0.67
bMDD,3,2,5,0.6
bMDH,8,9,17,0.47
bMDI,2,1,3,0.67
bMDL,0,0,0,
bMDM,6,4,10,0.6
bMDN,7,6,13,0.54
bMDP,8,4,12,0.67
bMDS,7,10,17,0.41
bMDb,4,4,8,0.5
bMDh,1,0,1,1.0
bMDl,3,2,5,0.6
bMDm,10,7,17,0.59
bMDn,4,6,10,0.4
bMDs,9,3,12,0.75
bMDt,1,1,2,0.5
bMHB,2,1,3,0.67
bMHH,0,1,1,0.0
bMHM,1,1,2,0.5
bMHN,1,2,3,0.33
bMHP,0,2,2,0.0
bMHS,1,0,1,1.0
bMHh,0,1,1,0.0
bMHl,0,1,1,0.0
bMHm,2,0,2,1.0
bMHn,0,0,0,
bMHs,1,2,3,0.33
bMIB,1,0,1,1.0
bMIH,0,0,0,
bMIM,0,1,1,0.0
bMIP,0,0,0,
bMIS,0,2,2,0.0
bMIb,1,0,1,1.0
bMIm,1,0,1,1.0
bMKB,3,1,4,0.75
bMKH,1,1,2,0.5
bMKL,1,0,1,1.0
bMKM,0,0,0,
bMKN,0,2,2,0.0
bMKP,1,0,1,1.0
bMKS,1,2,3,0.33
bMKb,1,1,2,0.5
bMKm,3,0,3,1.0
bMKn,2,2,4,0.5
bMKs,2,0,2,1.0
bMLB,13,12,25,0.52
bMLK,2,2,4,0.5
bMLL,1,7,8,0.12
bMLM,7,13,20,0.35
bMLN,18,8,26,0.69
bMLP,10,11,21,0.48
bMLS,10,11,21,0.48
bMLb,8,9,17,0.47
bMLh,6,6,12,0.5
bMLj,1,2,3,0.33
bMLl,1,3,4,0.25
bMLm,15,16,31,0.48
bMLn,19,14,33,0.58
bMLs,10,9,19,0.53
bMLt,0,3,3,0.0
bMMB,45,48,93,0.48
bMMD,1,7,8,0.12
bMMH,1,1,2,0.5
bMMK,3,2,5,0.6
bMML,5,7,12,0.42
bMMM,42,55,97,0.43
bMMN,45,59,104,0.43
bMMP,51,53,104,0.49
bMMS,20,30,50,0.4
bMMb,45,49,94,0.48
bMMh,29,41,70,0.41
bMMj,8,10,18,0.44
bMMl,9,8,17,0.53
bMMm,65,67,132,0.49
bMMn,62,82,144,0.43
bMMs,34,34,68,0.5
bMMt,14,7,21,0.67
bMNB,35,57,92,0.38
bMND,11,7,18,0.61
bMNH,11,8,19,0.58
bMNI,1,2,3,0.33
bMNK,4,7,11,0.36
bMNL,18,11,29,0.62
bMNM,40,58,98,0.41
bMNN,54,81,135,0.4
bMNP,79,71,150,0.53
bMNS,45,45,90,0.5
bMNb,43,42,85,0.51
bMNh,15,20,35,0.43
bMNl,14,12,26,0.54
bMNm,70,41,111,0.63
bMNn,83,79,162,0.51
bMNs,43,51,94,0.46
bMNt,9,9,18,0.5
bMPB,55,38,93,0.59
bMPD,12,7,19,0.63
bMPH,17,19,36,0.47
bMPI,5,5,10,0.5
bMPK,6,8,14,0.43
bMPL,12,21,33,0.36
bMPM,46,59,105,0.44
bMPN,54,73,127,0.43
bMPP,65,76,141,0.46
bMPS,33,40,73,0.45
bMPb,53,50,103,0.51
bMPh,2,9,11,0.18
bMPl,22,13,35,0.63
bMPm,58,65,123,0.47
bMPn,74,57,131,0.56
bMPs,35,54,89,0.39
bMPt,7,7,14,0.5
bMSB,25,26,51,0.49
bMSD,9,7,16,0.56
bMSH,20,14,34,0.59
bMSI,4,3,7,0.57
bMSK,0,0,0,
bMSL,10,13,23,0.43
bMSM,32,44,76,0.42
bMSN,30,32,62,0.48
bMSP,31,37,68,0.46
bMSS,44,51,95,0.46
bMSb,25,15,40,0.62
bMSh,21,27,48,0.44
bMSl,6,8,14,0.43
bMSm,50,38,88,0.57
bMSn,56,33,89,0.63
bMSs,45,33,78,0.58
bMSt,6,4,10,0.6
bMbB,43,36,79,0.54
bMbD,5,9,14,0.36
bMbH,21,19,40,0.52
bMbI,5,11,16,0.31
bMbJ,12,9,21,0.57
bMbK,6,5,11,0.55
bMbL,7,10,17,0.41
bMbM,43,67,110,0.39
bMbN,67,93,160,0.42
bMbP,59,66,125,0.47
bMbS,31,35,66,0.47
bMbb,45,46,91,0.49
bMbl,17,9,26,0.65
bMbm,48,32,80,0.6
bMbn,55,45,100,0.55
bMbs,30,28,58,0.52
bMbt,0,1,1,0.0
bMhB,23,32,55,0.42
bMhD,7,3,10,0.7
bMhH,10,9,19,0.53
bMhI,5,7,12,0.42
bMhK,0,0,0,
bMhL,10,12,22,0.45
bMhM,37,45,82,0.45
bMhN,43,39,82,0.52
bMhP,43,40,83,0.52
bMhS,40,42,82,0.49
bMhb,29,21,50,0.58
bMhh,20,40,60,0.33
bMhl,12,8,20,0.6
bMhm,42,40,82,0.51
bMhn,43,47,90,0.48
bMhs,32,43,75,0.43
bMht,3,3,6,0.5
bMjB,4,8,12,0.33
bMjD,0,2,2,0.0
bMjH,1,2,3,0.33
bMjI,1,0,1,1.0
bMjK,2,0,2,1.0
bMjL,1,3,4,0.25
bMjM,9,8,17,0.53
bMjN,11,6,17,0.65
bMjP,7,10,17,0.41
bMjS,6,1,7,0.86
bMjb,8,6,14,0.57
bMjh,3,1,4,0.75
bMjl,4,3,7,0.57
bMjm,7,11,18,0.39
bMjn,7,8,15,0.47
bMjs,11,6,17,0.65
bMjt,0,2,2,0.0
bMlB,17,13,30,0.57
bMlD,1,0,1,1.0
bMlH,11,7,18,0.61
bMlI,2,0,2,1.0
bMlJ,4,2,6,0.67
bMlK,0,1,1,0.0
bMlL,9,2,11,0.82
bMlM,13,20,33,0.39
bMlN,20,17,37,0.54
bMlP,10,10,20,0.5
bMlS,10,10,20,0.5
bMlb,14,9,23,0.61
bMlh,1,0,1,1.0
bMll,2,4,6,0.33
bMlm,22,7,29,0.76
bMln,19,7,26,0.73
bMls,13,12,25,0.52
bMmB,47,48,95,0.49
bMmD,15,9,24,0.62
bMmH,61,47,108,0.56
bMmI,9,12,21,0.43
bMmJ,12,12,24,0.5
bMmK,3,0,3,1.0
bMmL,19,10,29,0.66
bMmM,41,80,121,0.34
bMmN,77,64,141,0.55
bMmP,70,53,123,0.57
bMmS,47,42,89,0.53
bMmb,44,47,91,0.48
bMmh,2,0,2,1.0
bMml,14,14,28,0.5
bMmm,62,57,119,0.52
bMmn,74,64,138,0.54
bMms,30,31,61,0.49
bMmt,3,0,3,1.0
bMnB,50,63,113,0.44
bMnD,9,9,18,0.5
bMnH,33,59,92,0.36
bMnI,12,9,21,0.57
bMnK,10,5,15,0.67
bMnL,18,17,35,0.51
bMnM,68,75,143,0.48
bMnN,103,123,226,0.46
bMnP,93,93,186,0.5
bMnS,73,73,146,0.5
bMnb,64,63,127,0.5
bMnh,3,8,11,0.27
bMnl,13,20,33,0.39
bMnm,77,65,142,0.54
bMnn,98,78,176,0.56
bMns,72,56,128,0.56
bMnt,0,2,2,0.0
bMsB,23,25,48,0.48
bMsD,5,10,15,0.33
bMsH,47,42,89,0.53
bMsI,8,4,12,0.67
bMsK,1,1,2,0.5
bMsL,11,16,27,0.41
bMsM,46,37,83,0.55
bMsN,55,38,93,0.59
bMsP,37,30,67,0.55
bMsS,62,55,117,0.53
bMsb,33,20,53,0.62
bMsh,2,3,5,0.4
bMsl,12,8,20,0.6
bMsm,48,47,95,0.51
bMsn,28,35,63,0.44
bMss,33,40,73,0.45
bMst,2,0,2,1.0
bMtB,7,8,15,0.47
bMtD,0,0,0,
bMtH,4,5,9,0.44
bMtI,1,1,2,0.5
bMtK,0,1,1,0.0
bMtL,5,1,6,0.83
bMtM,7,14,21,0.33
bMtN,8,7,15,0.53
bMtP,15,12,27,0.56
bMtS,8,14,22,0.36
bMtb,7,9,16,0.44
bMtl,4,2,6,0.67
bMtm,9,6,15,0.6
bMtn,5,4,9,0.56
bMts,3,8,11,0.27
bMtt,1,2,3,0.33
bNBB,59,38,97,0.61
bNBD,4,5,9,0.44
bNBH,1,1,2,0.5
bNBK,2,5,7,0.29
bNBL,17,11,28,0.61
bNBM,44,50,94,0.47
bNBN,65,55,120,0.54
bNBP,67,65,132,0.51
bNBS,22,39,61,0.36
bNBb,42,43,85,0.49
bNBh,6,5,11,0.55
bNBj,13,14,27,0.48
bNBl,11,22,33,0.33
bNBm,62,50,112,0.55
bNBn,84,71,155,0.54
bNBs,27,27,54,0.5
bNBt,6,6,12,0.5
bNDB,12,9,21,0.57
bNDD,4,3,7,0.57
bNDH,3,15,18,0.17
bNDI,0,0,0,
bNDK,1,0,1,1.0
bNDL,3,1,4,0.75
bNDM,10,5,15,0.67
bNDN,4,13,17,0.24
bNDP,14,8,22,0.64
bNDS,11,10,21,0.52
bNDb,10,5,15,0.67
bNDh,1,0,1,1.0
bNDl,1,3,4,0.25
bNDm,12,10,22,0.55
bNDn,8,10,18,0.44
bNDs,9,7,16,0.56
bNDt,1,0,1,1.0
bNHB,6,10,16,0.38
bNHD,2,1,3,0.67
bNHH,1,1,2,0.5
bNHI,1,1,2,0.5
bNHK,0,1,1,0.0
bNHL,3,2,5,0.6
bNHM,10,12,22,0.45
bNHN,15,24,39,0.38
bNHP,15,19,34,0.44
bNHS,13,13,26,0.5
bNHb,10,13,23,0.43
bNHh,0,3,3,0.0
bNHl,6,6,12,0.5
bNHm,16,11,27,0.59
bNHn,12,10,22,0.55
bNHs,10,16,26,0.38
bNHt,1,0,1,1.0
bNIB,1,3,4,0.25
bNIH,1,0,1,1.0
bNII,1,0,1,1.0
bNIK,1,0,1,1.0
bNIM,0,2,2,0.0
bNIN,2,1,3,0.67
bNIP,0,1,1,0.0
bNIS,1,1,2,0.5
bNIb,2,2,4,0.5
bNIh,1,0,1,1.0
bNIl,0,1,1,0.0
bNIm,2,1,3,0.67
bNIn,2,3,5,0.4
bNIs,1,1,2,0.5
bNKB,5,5,10,0.5
bNKH,2,2,4,0.5
bNKI,1,0,1,1.0
bNKL,1,1,2,0.5
bNKM,8,6,14,0.57
bNKN,5,4,9,0.56
bNKP,6,7,13,0.46
bNKS,2,3,5,0.4
bNKb,1,2,3,0.33
bNKh,4,3,7,0.57
bNKl,1,2,3,0.33
bNKm,8,5,13,0.62
bNKn,9,7,16,0.56
bNKs,8,3,11,0.73
bNKt,1,1,2,0.5
bNLB,14,15,29,0.48
bNLD,0,0,0,
bNLK,1,0,1,1.0
bNLL,5,11,16,0.31
bNLM,16,14,30,0.53
bNLN,22,20,42,0.52
bNLP,18,29,47,0.38
bNLS,11,15,26,0.42
bNLb,17,8,25,0.68
bNLh,5,8,13,0.38
bNLj,3,1,4,0.75
bNLl,5,5,10,0.5
bNLm,13,18,31,0.42
bNLn,29,18,47,0.62
bNLs,20,16,36,0.56
bNLt,6,3,9,0.67
bNMB,55,51,106,0.52
bNMD,11,12,23,0.48
bNMH,1,1,2,0.5
bNMK,1,2,3,0.33
bNML,7,14,21,0.33
bNMM,49,55,104,0.47
bNMN,73,82,155,0.47
bNMP,61,67,128,0.48
bNMS,49,42,91,0.54
bNMb,48,61,109,0.44
bNMh,50,54,104,0.48
bNMj,10,15,25,0.4
bNMl,20,16,36,0.56
bNMm,83,57,140,0.59
bNMn,91,96,187,0.49
bNMs,52,48,100,0.52
bNMt,5,13,18,0.28
bNNB,58,52,110,0.53
bNND,11,7,18,0.61
bNNH,28,22,50,0.56
bNNI,2,1,3,0.67
bNNK,5,7,12,0.42
bNNL,23,21,44,0.52
bNNM,75,86,161,0.47
bNNN,94,90,184,0.51
bNNP,109,97,206,0.53
bNNS,64,63,127,0.5
bNNb,46,42,88,0.52
bNNh,26,25,51,0.51
bNNl,24,18,42,0.57
bNNm,93,73,166,0.56
bNNn,109,103,212,0.51
bNNs,72,57,129,0.56
bNNt,14,12,26,0.54
bNPB,71,49,120,0.59
bNPD,11,10,21,0.52
bNPH,26,29,55,0.47
bNPI,14,17,31,0.45
bNPK,12,10,22,0.55
bNPL,33,29,62,0.53
bNPM,66,76,142,0.46
bNPN,77,85,162,0.48
bNPP,117,117,234,0.5
bNPS,64,58,122,0.52
bNPb,66,75,141,0.47
bNPh,11,17,28,0.39
bNPl,27,20,47,0.57
bNPm,91,61,152,0.6
bNPn,79,89,168,0.47
bNPs,52,77,129,0.4
bNPt,12,8,20,0.6
bNSB,27,31,58,0.47
bNSD,9,7,16,0.56
bNSH,13,21,34,0.38
bNSI,1,1,2,0.5
bNSL,13,12,25,0.52
bNSM,48,68,116,0.41
bNSN,83,44,127,0.65
bNSP,61,71,132,0.46
bNSS,61,77,138,0.44
bNSb,41,29,70,0.59
bNSh,29,39,68,0.43
bNSl,15,10,25,0.6
bNSm,62,38,100,0.62
bNSn,61,63,124,0.49
bNSs,71,57,128,0.55
bNSt,11,10,21,0.52
bNbB,47,47,94,0.5
bNbD,6,6,12,0.5
bNbH,10,9,19,0.53
bNbI,8,6,14,0.57
bNbJ,17,16,33,0.52
bNbK,7,7,14,0.5
bNbL,21,9,30,0.7
bNbM,58,64,122,0.48
bNbN,84,62,146,0.58
bNbP,67,57,124,0.54
bNbS,23,32,55,0.42
bNbb,53,54,107,0.5
bNbh,1,0,1,1.0
bNbl,18,10,28,0.64
bNbm,59,37,96,0.61
bNbn,54,59,113,0.48
bNbs,30,20,50,0.6
bNhB,12,18,30,0.4
bNhD,3,3,6,0.5
bNhH,7,10,17,0.41
bNhI,5,1,6,0.83
bNhK,1,0,1,1.0
bNhL,6,2,8,0.75
bNhM,26,28,54,0.48
bNhN,29,17,46,0.63
bNhP,18,30,48,0.38
bNhS,20,20,40,0.5
bNhb,13,15,28,0.46
bNhh,16,23,39,0.41
bNhl,10,7,17,0.59
bNhm,31,22,53,0.58
bNhn,35,25,60,0.58
bNhs,27,23,50,0.54
bNht,3,8,11,0.27
bNlB,12,23,35,0.34
bNlD,2,2,4,0.5
bNlH,19,17,36,0.53
bNlI,3,2,5,0.6
bNlJ,1,4,5,0.2
bNlK,1,2,3,0.33
bNlL,5,5,10,0.5
bNlM,13,16,29,0.45
bNlN,19,26,45,0.42
bNlP,22,17,39,0.56
bNlS,10,13,23,0.43
bNlb,22,18,40,0.55
bNlh,0,0,0,
bNll,4,5,9,0.44
bNlm,18,15,33,0.55
bNln,17,10,27,0.63
bNls,6,9,15,0.4
bNmB,47,50,97,0.48
bNmD,12,12,24,0.5
bNmH,40,42,82,0.49
bNmI,9,3,12,0.75
bNmJ,14,14,28,0.5
bNmK,1,1,2,0.5
bNmL,12,19,31,0.39
bNmM,57,78,135,0.42
bNmN,83,84,167,0.5
bNmP,63,65,128,0.49
bNmS,42,52,94,0.45
bNmb,73,55,128,0.57
bNmh,0,1,1,0.0
bNml,18,14,32,0.56
bNmm,60,48,108,0.56
bNmn,73,68,141,0.52
bNms,41,24,65,0.63
bNmt,1,0,1,1.0
bNnB,59,56,115,0.51
bNnD,13,13,26,0.5
bNnH,63,47,110,0.57
bNnI,20,20,40,0.5
bNnK,12,9,21,0.57
bNnL,16,16,32,0.5
bNnM,88,100,188,0.47
bNnN,108,121,229,0.47
bNnP,106,102,208,0.51
bNnS,67,62,129,0.52
bNnb,71,63,134,0.53
bNnh,1,6,7,0.14
bNnl,30,13,43,0.7
bNnm,75,67,142,0.53
bNnn,95,88,183,0.52
bNns,49,57,106,0.46
bNnt,5,0,5,1.0
bNsB,40,33,73,0.55
bNsD,8,10,18,0.44
bNsH,62,42,104,0.6
bNsI,5,8,13,0.38
bNsK,0,1,1,0.0
bNsL,13,10,23,0.57
bNsM,44,54,98,0.45
bNsN,67,56,123,0.54
bNsP,59,64,123,0.48
bNsS,69,65,134,0.51
bNsb,23,30,53,0.43
bNsh,2,2,4,0.5
bNsl,12,9,21,0.57
bNsm,48,37,85,0.56
bNsn,38,37,75,0.51
bNss,54,42,96,0.56
bNst,0,1,1,0.0
bNtB,8,6,14,0.57
bNtD,1,3,4,0.25
bNtH,10,11,21,0.48
bNtI,0,3,3,0.0
bNtK,1,1,2,0.5
bNtL,4,4,8,0.5
bNtM,13,9,22,0.59
bNtN,6,12,18,0.33
bNtP,15,13,28,0.54
bNtS,12,11,23,0.52
bNtb,13,7,20,0.65
bNtl,3,3,6,0.5
bNtm,8,9,17,0.47
bNtn,19,12,31,0.61
bNts,10,7,17,0.59
bNtt,2,1,3,0.67
bPBB,32,55,87,0.37
bPBD,4,3,7,0.57
bPBH,1,2,3,0.33
bPBK,3,6,9,0.33
bPBL,18,24,42,0.43
bPBM,39,59,98,0.4
bPBN,46,71,117,0.39
bPBP,47,52,99,0.47
bPBS,37,36,73,0.51
bPBb,50,40,90,0.56
bPBh,5,8,13,0.38
bPBj,9,9,18,0.5
bPBl,18,10,28,0.64
bPBm,75,40,115,0.65
bPBn,56,71,127,0.44
bPBs,32,31,63,0.51
bPBt,7,8,15,0.47
bPDB,8,1,9,0.89
bPDD,0,0,0,
bPDH,14,3,17,0.82
bPDI,1,0,1,1.0
bPDL,3,4,7,0.43
bPDM,6,6,12,0.5
bPDN,5,5,10,0.5
bPDP,7,2,9,0.78
bPDS,8,7,15,0.53
bPDb,5,6,11,0.45
bPDl,2,1,3,0.67
bPDm,8,4,12,0.67
bPDn,6,3,9,0.67
bPDs,5,5,10,0.5
bPHB,10,6,16,0.62
bPHD,1,1,2,0.5
bPHH,1,1,2,0.5
bPHI,5,4,9,0.56
bPHK,0,2,2,0.0
bPHL,6,3,9,0.67
bPHM,17,18,35,0.49
bPHN,14,18,32,0.44
bPHP,17,21,38,0.45
bPHS,12,13,25,0.48
bPHb,11,8,19,0.58
bPHh,3,3,6,0.5
bPHl,8,6,14,0.57
bPHm,16,12,28,0.57
bPHn,14,14,28,0.5
bPHs,7,18,25,0.28
bPHt,0,1,1,0.0
bPIB,6,10,16,0.38
bPID,1,0,1,1.0
bPIH,3,6,9,0.33
bPII,0,1,1,0.0
bPIL,1,0,1,1.0
bPIM,5,11,16,0.31
bPIN,6,5,11,0.55
bPIP,8,8,16,0.5
bPIS,2,6,8,0.25
bPIb,4,9,13,0.31
bPIh,1,0,1,1.0
bPIl,4,1,5,0.8
bPIm,13,6,19,0.68
bPIn,1,1,2,0.5
bPIs,5,1,6,0.83
bPIt,0,1,1,0.0
bPKB,7,5,12,0.58
bPKH,0,1,1,0.0
bPKI,2,0,2,1.0
bPKL,2,1,3,0.67
bPKM,4,6,10,0.4
bPKN,10,7,17,0.59
bPKP,9,8,17,0.53
bPKS,4,5,9,0.44
bPKb,2,8,10,0.2
bPKh,2,1,3,0.67
bPKl,6,2,8,0.75
bPKm,8,7,15,0.53
bPKn,7,4,11,0.64
bPKs,2,5,7,0.29
bPKt,0,1,1,0.0
bPLB,23,28,51,0.45
bPLD,6,1,7,0.86
bPLK,4,2,6,0.67
bPLL,9,8,17,0.53
bPLM,16,22,38,0.42
bPLN,21,22,43,0.49
bPLP,20,21,41,0.49
bPLS,13,19,32,0.41
bPLb,25,15,40,0.62
bPLh,9,16,25,0.36
bPLj,1,6,7,0.14
bPLl,10,6,16,0.62
bPLm,30,24,54,0.56
bPLn,30,30,60,0.5
bPLs,23,19,42,0.55
bPLt,6,4,10,0.6
bPMB,59,59,118,0.5
bPMD,7,8,15,0.47
bPMH,1,2,3,0.33
bPMI,1,1,2,0.5
bPMK,1,3,4,0.25
bPML,20,21,41,0.49
bPMM,62,70,132,0.47
bPMN,53,53,106,0.5
bPMP,81,51,132,0.61
bPMS,46,46,92,0.5
bPMb,58,47,105,0.55
bPMh,58,43,101,0.57
bPMj,10,10,20,0.5
bPMl,23,18,41,0.56
bPMm,67,64,131,0.51
bPMn,66,85,151,0.44
bPMs,46,54,100,0.46
bPMt,3,8,11,0.27
bPNB,45,52,97,0.46
bPND,11,8,19,0.58
bPNH,12,13,25,0.48
bPNK,1,3,4,0.25
bPNL,21,24,45,0.47
bPNM,59,60,119,0.5
bPNN,52,52,104,0.5
bPNP,88,76,164,0.54
bPNS,52,46,98,0.53
bPNb,45,49,94,0.48
bPNh,18,21,39,0.46
bPNl,28,25,53,0.53
bPNm,64,53,117,0.55
bPNn,74,72,146,0.51
bPNs,56,54,110,0.51
bPNt,17,13,30,0.57
bPPB,60,71,131,0.46
bPPD,8,7,15,0.53
bPPH,19,29,48,0.4
bPPI,12,12,24,0.5
bPPK,9,12,21,0.43
bPPL,35,41,76,0.46
bPPM,98,113,211,0.46
bPPN,81,69,150,0.54
bPPP,103,105,208,0.5
bPPS,57,66,123,0.46
bPPb,80,57,137,0.58
bPPh,15,10,25,0.6
bPPl,34,25,59,0.58
bPPm,93,61,154,0.6
bPPn,75,58,133,0.56
bPPs,50,52,102,0.49
bPPt,6,9,15,0.4
bPSB,28,30,58,0.48
bPSD,7,2,9,0.78
bPSH,16,19,35,0.46
bPSI,1,3,4,0.25
bPSK,0,2,2,0.0
bPSL,9,8,17,0.53
bPSM,41,58,99,0.41
bPSN,29,27,56,0.52
bPSP,46,51,97,0.47
bPSS,56,50,106,0.53
bPSb,33,29,62,0.53
bPSh,24,23,47,0.51
bPSl,15,15,30,0.5
bPSm,42,37,79,0.53
bPSn,44,45,89,0.49
bPSs,51,47,98,0.52
bPSt,7,7,14,0.5
bPbB,53,50,103,0.51
bPbD,6,6,12,0.5
bPbH,14,10,24,0.58
bPbI,4,3,7,0.57
bPbJ,10,12,22,0.45
bPbK,6,3,9,0.67
bPbL,22,23,45,0.49
bPbM,55,62,117,0.47
bPbN,55,60,115,0.48
bPbP,56,57,113,0.5
bPbS,24,26,50,0.48
bPbb,70,49,119,0.59
bPbh,0,1,1,0.0
bPbl,29,11,40,0.72
bPbm,58,33,91,0.64
bPbn,55,29,84,0.65
bPbs,21,30,51,0.41
bPbt,0,1,1,0.0
bPhB,6,8,14,0.43
bPhD,2,0,2,1.0
bPhH,1,0,1,1.0
bPhI,1,0,1,1.0
bPhK,1,0,1,1.0
bPhL,2,3,5,0.4
bPhM,4,5,9,0.44
bPhN,1,5,6,0.17
bPhP,10,5,15,0.67
bPhS,12,5,17,0.71
bPhb,5,5,10,0.5
bPhh,4,5,9,0.44
bPhl,2,0,2,1.0
bPhm,8,10,18,0.44
bPhn,6,4,10,0.6
bPhs,7,7,14,0.5
bPht,1,0,1,1.0
bPlB,17,19,36,0.47
bPlD,1,2,3,0.33
bPlH,7,13,20,0.35
bPlI,1,1,2,0.5
bPlJ,3,3,6,0.5
bPlK,0,1,1,0.0
bPlL,17,7,24,0.71
bPlM,23,29,52,0.44
bPlN,14,17,31,0.45
bPlP,16,18,34,0.47
bPlS,15,15,30,0.5
bPlb,21,19,40,0.52
bPll,9,7,16,0.56
bPlm,19,21,40,0.48
bPln,15,19,34,0.44
bPls,11,11,22,0.5
bPmB,55,61,116,0.47
bPmD,10,9,19,0.53
bPmH,36,53,89,0.4
bPmI,4,4,8,0.5
bPmJ,6,10,16,0.38
bPmK,1,3,4,0.25
bPmL,22,22,44,0.5
bPmM,74,68,142,0.52
bPmN,62,64,126,0.49
bPmP,58,53,111,0.52
bPmS,41,40,81,0.51
bPmb,59,51,110,0.54
bPmh,1,1,2,0.5
bPml,21,19,40,0.52
bPmm,51,50,101,0.5
bPmn,46,42,88,0.52
bPms,28,19,47,0.6
bPmt,1,0,1,1.0
bPnB,47,38,85,0.55
bPnD,4,1,5,0.8
bPnH,32,29,61,0.52
bPnI,9,3,12,0.75
bPnK,3,5,8,0.38
bPnL,19,19,38,0.5
bPnM,59,60,119,0.5
bPnN,65,77,142,0.46
bPnP,79,76,155,0.51
bPnS,40,46,86,0.47
bPnb,53,47,100,0.53
bPnh,2,9,11,0.18
bPnl,21,17,38,0.55
bPnm,72,45,117,0.62
bPnn,49,50,99,0.49
bPns,47,34,81,0.58
bPsB,22,19,41,0.54
bPsD,8,4,12,0.67
bPsH,41,25,66,0.62
bPsI,7,5,12,0.58
bPsK,0,1,1,0.0
bPsL,21,17,38,0.55
bPsM,31,39,70,0.44
bPsN,45,36,81,0.56
bPsP,36,41,77,0.47
bPsS,43,39,82,0.52
bPsb,31,28,59,0.53
bPsh,0,4,4,0.0
bPsl,15,14,29,0.52
bPsm,34,33,67,0.51
bPsn,30,24,54,0.56
bPss,41,34,75,0.55
bPst,0,1,1,0.0
bPtB,5,8,13,0.38
bPtD,1,2,3,0.33
bPtH,2,4,6,0.33
bPtK,0,2,2,0.0
bPtL,4,4,8,0.5
bPtM,6,6,12,0.5
bPtN,2,6,8,0.25
bPtP,14,11,25,0.56
bPtS,7,6,13,0.54
bPtb,3,3,6,0.5
bPth,0,1,1,0.0
bPtl,3,4,7,0.43
bPtm,10,11,21,0.48
bPtn,6,9,15,0.4
bPts,6,5,11,0.55
bPtt,1,2,3,0.33
bSBB,24,21,45,0.53
bSBD,5,5,10,0.5
bSBH,1,0,1,1.0
bSBK,1,4,5,0.2
bSBL,1,7,8,0.12
bSBM,17,26,43,0.4
bSBN,24,25,49,0.49
bSBP,21,19,40,0.52
bSBS,18,22,40,0.45
bSBb,21,14,35,0.6
bSBh,1,7,8,0.12
bSBj,4,5,9,0.44
bSBl,7,1,8,0.88
bSBm,28,15,43,0.65
bSBn,26,17,43,0.6
bSBs,12,13,25,0.48
bSBt,5,2,7,0.71
bSDB,2,4,6,0.33
bSDD,2,4,6,0.33
bSDH,4,6,10,0.4
bSDI,0,1,1,0.0
bSDL,2,1,3,0.67
bSDM,2,6,8,0.25
bSDN,5,9,14,0.36
bSDP,4,5,9,0.44
bSDS,5,11,16,0.31
bSDb,7,5,12,0.58
bSDl,1,0,1,1.0
bSDm,7,2,9,0.78
bSDn,4,4,8,0.5
bSDs,4,0,4,1.0
bSDt,0,1,1,0.0
bSHB,5,11,16,0.31
bSHD,2,0,2,1.0
bSHH,8,9,17,0.47
bSHI,4,0,4,1.0
bSHK,0,0,0,
bSHL,1,7,8,0.12
bSHM,13,27,40,0.32
bSHN,9,12,21,0.43
bSHP,15,15,30,0.5
bSHS,15,11,26,0.58
bSHb,14,11,25,0.56
bSHh,3,4,7,0.43
bSHl,1,4,5,0.2
bSHm,20,13,33,0.61
bSHn,12,11,23,0.52
bSHs,15,17,32,0.47
bSHt,1,0,1,1.0
bSIB,1,0,1,1.0
bSIH,1,1,2,0.5
bSIM,2,1,3,0.67
bSIN,1,1,2,0.5
bSIP,0,1,1,0.0
bSIS,4,1,5,0.8
bSIb,1,0,1,1.0
bSIl,0,1,1,0.0
bSIm,3,3,6,0.5
bSIn,2,2,4,0.5
bSIs,2,0,2,1.0
bSIt,1,0,1,1.0
bSKM,1,1,2,0.5
bSKN,0,1,1,0.0
bSKP,2,1,3,0.67
bSKS,0,1,1,0.0
bSKb,1,0,1,1.0
bSKl,1,1,2,0.5
bSKm,3,1,4,0.75
bSKn,1,0,1,1.0
bSKs,0,1,1,0.0
bSLB,7,10,17,0.41
bSLD,2,0,2,1.0
bSLH,1,0,1,1.0
bSLL,0,7,7,0.0
bSLM,6,9,15,0.4
bSLN,7,10,17,0.41
bSLP,9,5,14,0.64
bSLS,5,8,13,0.38
bSLb,5,7,12,0.42
bSLh,3,0,3,1.0
bSLj,1,4,5,0.2
bSLl,6,4,10,0.6
bSLm,11,5,16,0.69
bSLn,7,11,18,0.39
bSLs,5,12,17,0.29
bSLt,2,2,4,0.5
bSMB,29,36,65,0.45
bSMD,4,4,8,0.5
bSMH,1,0,1,1.0
bSMI,1,0,1,1.0
bSMK,2,0,2,1.0
bSML,7,9,16,0.44
bSMM,27,42,69,0.39
bSMN,25,35,60,0.42
bSMP,32,31,63,0.51
bSMS,30,20,50,0.6
bSMb,20,31,51,0.39
bSMh,26,32,58,0.45
bSMj,5,4,9,0.56
bSMl,15,7,22,0.68
bSMm,45,28,73,0.62
bSMn,45,35,80,0.56
bSMs,24,28,52,0.46
bSMt,7,5,12,0.58
bSNB,19,17,36,0.53
bSND,4,6,10,0.4
bSNH,8,9,17,0.47
bSNI,0,1,1,0.0
bSNK,1,2,3,0.33
bSNL,9,4,13,0.69
bSNM,29,35,64,0.45
bSNN,39,40,79,0.49
bSNP,37,23,60,0.62
bSNS,31,30,61,0.51
bSNb,13,25,38,0.34
bSNh,11,2,13,0.85
bSNl,5,7,12,0.42
bSNm,15,25,40,0.38
bSNn,34,37,71,0.48
bSNs,23,16,39,0.59
bSNt,3,7,10,0.3
bSPB,19,29,48,0.4
bSPD,5,5,10,0.5
bSPH,16,15,31,0.52
bSPI,8,5,13,0.62
bSPK,5,1,6,0.83
bSPL,12,15,27,0.44
bSPM,25,27,52,0.48
bSPN,32,32,64,0.5
bSPP,46,44,90,0.51
bSPS,23,32,55,0.42
bSPb,30,38,68,0.44
bSPh,4,6,10,0.4
bSPl,12,10,22,0.55
bSPm,29,33,62,0.47
bSPn,28,26,54,0.52
bSPs,30,24,54,0.56
bSPt,4,3,7,0.57
bSSB,20,28,48,0.42
bSSD,8,6,14,0.57
bSSH,22,23,45,0.49
bSSI,3,1,4,0.75
bSSK,1,0,1,1.0
bSSL,8,14,22,0.36
bSSM,39,43,82,0.48
bSSN,23,26,49,0.47
bSSP,37,25,62,0.6
bSSS,70,62,132,0.53
bSSb,20,20,40,0.5
bSSh,18,12,30,0.6
bSSl,11,12,23,0.48
bSSm,37,34,71,0.52
bSSn,26,32,58,0.45
bSSs,51,38,89,0.57
bSSt,8,7,15,0.53
bSbB,21,20,41,0.51
bSbD,2,2,4,0.5
bSbH,3,4,7,0.43
bSbI,3,0,3,1.0
bSbJ,8,2,10,0.8
bSbK,2,2,4,0.5
bSbL,8,9,17,0.47
bSbM,20,26,46,0.43
bSbN,21,18,39,0.54
bSbP,25,25,50,0.5
bSbS,14,16,30,0.47
bSbb,28,26,54,0.52
bSbh,0,1,1,0.0
bSbl,7,2,9,0.78
bSbm,23,19,42,0.55
bSbn,23,18,41,0.56
bSbs,11,10,21,0.52
bShB,9,10,19,0.47
bShD,3,4,7,0.43
bShH,6,4,10,0.6
bShI,2,0,2,1.0
bShK,0,0,0,
bShL,4,5,9,0.44
bShM,20,19,39,0.51
bShN,16,22,38,0.42
bShP,18,21,39,0.46
bShS,22,21,43,0.51
bShb,7,16,23,0.3
bShh,12,8,20,0.6
bShl,7,3,10,0.7
bShm,17,16,33,0.52
bShn,26,20,46,0.57
bShs,20,12,32,0.62
bSht,4,3,7,0.57
bSlB,6,9,15,0.4
bSlD,1,1,2,0.5
bSlH,5,5,10,0.5
bSlI,1,0,1,1.0
bSlJ,3,1,4,0.75
bSlK,0,1,1,0.0
bSlL,3,1,4,0.75
bSlM,9,18,27,0.33
bSlN,9,7,16,0.56
bSlP,7,13,20,0.35
bSlS,6,15,21,0.29
bSlb,7,11,18,0.39
bSll,2,0,2,1.0
bSlm,10,6,16,0.62
bSln,6,5,11,0.55
bSls,13,4,17,0.76
bSmB,28,31,59,0.47
bSmD,6,7,13,0.46
bSmH,22,26,48,0.46
bSmI,3,2,5,0.6
bSmJ,8,5,13,0.62
bSmK,1,1,2,0.5
bSmL,6,6,12,0.5
bSmM,31,41,72,0.43
bSmN,31,39,70,0.44
bSmP,30,31,61,0.49
bSmS,25,30,55,0.45
bSmb,27,26,53,0.51
bSml,7,4,11,0.64
bSmm,36,26,62,0.58
bSmn,25,23,48,0.52
bSms,18,18,36,0.5
bSnB,20,19,39,0.51
bSnD,4,9,13,0.31
bSnH,21,23,44,0.48
bSnI,9,3,12,0.75
bSnK,3,2,5,0.6
bSnL,10,7,17,0.59
bSnM,24,45,69,0.35
bSnN,50,29,79,0.63
bSnP,35,47,82,0.43
bSnS,36,37,73,0.49
bSnb,23,20,43,0.53
bSnh,3,3,6,0.5
bSnl,9,7,16,0.56
bSnm,34,21,55,0.62
bSnn,32,42,74,0.43
bSns,31,34,65,0.48
bSnt,0,0,0,
bSsB,19,20,39,0.49
bSsD,6,6,12,0.5
bSsH,40,28,68,0.59
bSsI,1,7,8,0.12
bSsK,1,1,2,0.5
bSsL,8,3,11,0.73
bSsM,40,39,79,0.51
bSsN,29,28,57,0.51
bSsP,32,29,61,0.52
bSsS,53,41,94,0.56
bSsb,33,24,57,0.58
bSsh,3,4,7,0.43
bSsl,14,13,27,0.52
bSsm,37,27,64,0.58
bSsn,18,27,45,0.4
bSss,48,41,89,0.54
bSst,2,0,2,1.0
bStB,5,1,6,0.83
bStD,2,2,4,0.5
bStH,5,6,11,0.45
bStK,1,2,3,0.33
bStL,3,3,6,0.5
bStM,8,8,16,0.5
bStN,8,12,20,0.4
bStP,3,7,10,0.3
bStS,6,6,12,0.5
bStb,5,4,9,0.56
bSth,1,0,1,1.0
bStl,1,2,3,0.33
bStm,3,9,12,0.25
bStn,8,4,12,0.67
bSts,5,7,12,0.42
bStt,0,2,2,0.0
bbBB,61,63,124,0.49
bbBD,7,6,13,0.54
bbBH,0,1,1,0.0
bbBK,9,5,14,0.64
bbBL,14,20,34,0.41
bbBM,45,69,114,0.39
bbBN,76,88,164,0.46
bbBP,72,61,133,0.54
bbBS,39,42,81,0.48
bbBb,57,52,109,0.52
bbBh,16,13,29,0.55
bbBj,17,16,33,0.52
bbBl,19,14,33,0.58
bbBm,73,45,118,0.62
bbBn,84,72,156,0.54
bbBs,36,40,76,0.47
bbBt,7,11,18,0.39
bbDB,7,4,11,0.64
bbDH,6,4,10,0.6
bbDL,2,2,4,0.5
bbDM,5,12,17,0.29
bbDN,5,7,12,0.42
bbDP,3,6,9,0.33
bbDS,5,5,10,0.5
bbDb,2,4,6,0.33
bbDl,0,1,1,0.0
bbDm,4,5,9,0.44
bbDn,1,4,5,0.2
bbDs,5,0,5,1.0
bbDt,1,2,3,0.33
bbHB,11,11,22,0.5
bbHD,2,1,3,0.67
bbHH,0,4,4,0.0
bbHI,2,1,3,0.67
bbHK,3,1,4,0.75
bbHL,1,4,5,0.2
bbHM,10,18,28,0.36
bbHN,15,16,31,0.48
bbHP,20,11,31,0.65
bbHS,7,13,20,0.35
bbHb,22,6,28,0.79
bbHh,6,7,13,0.46
bbHl,1,3,4,0.25
bbHm,7,11,18,0.39
bbHn,16,14,30,0.53
bbHs,8,11,19,0.42
bbHt,0,3,3,0.0
bbIB,5,7,12,0.42
bbIH,3,6,9,0.33
bbII,1,0,1,1.0
bbIL,5,2,7,0.71
bbIM,8,5,13,0.62
bbIN,5,5,10,0.5
bbIP,9,12,21,0.43
bbIS,3,7,10,0.3
bbIb,3,9,12,0.25
bbIl,0,2,2,0.0
bbIm,5,6,11,0.45
bbIn,5,4,9,0.56
bbIs,3,6,9,0.33
bbIt,0,0,0,
bbJB,17,8,25,0.68
bbJD,2,0,2,1.0
bbJH,1,5,6,0.17
bbJI,1,0,1,1.0
bbJK,0,1,1,0.0
bbJL,7,6,13,0.54
bbJM,14,15,29,0.48
bbJN,24,23,47,0.51
bbJP,18,18,36,0.5
bbJS,9,13,22,0.41
bbJb,16,22,38,0.42
bbJh,2,4,6,0.33
bbJl,2,5,7,0.29
bbJm,9,9,18,0.5
bbJn,8,13,21,0.38
bbJs,7,10,17,0.41
bbJt,3,1,4,0.75
bbKB,1,4,5,0.2
bbKH,1,1,2,0.5
bbKL,5,2,7,0.71
bbKM,4,10,14,0.29
bbKN,5,5,10,0.5
bbKP,9,5,14,0.64
bbKS,2,5,7,0.29
bbKb,5,6,11,0.45
bbKh,6,1,7,0.86
bbKl,0,3,3,0.0
bbKm,6,5,11,0.55
bbKn,2,2,4,0.5
bbKs,6,4,10,0.6
bbKt,1,0,1,1.0
bbLB,10,11,21,0.48
bbLD,0,1,1,0.0
bbLK,0,1,1,0.0
bbLL,6,5,11,0.55
bbLM,12,18,30,0.4
bbLN,16,12,28,0.57
bbLP,21,28,49,0.43
bbLS,13,11,24,0.54
bbLb,10,10,20,0.5
bbLh,2,10,12,0.17
bbLj,1,2,3,0.33
bbLl,6,5,11,0.55
bbLm,15,10,25,0.6
bbLn,25,20,45,0.56
bbLs,6,8,14,0.43
bbLt,3,6,9,0.33
bbMB,45,39,84,0.54
bbMD,6,6,12,0.5
bbMH,1,1,2,0.5
bbMK,1,1,2,0.5
bbML,15,14,29,0.52
bbMM,54,70,124,0.44
bbMN,68,62,130,0.52
bbMP,55,68,123,0.45
bbMS,37,45,82,0.45
bbMb,64,52,116,0.55
bbMh,30,39,69,0.43
bbMj,8,7,15,0.53
bbMl,17,16,33,0.52
bbMm,77,60,137,0.56
bbMn,89,89,178,0.5
bbMs,54,50,104,0.52
bbMt,13,8,21,0.62
bbNB,62,52,114,0.54
bbND,9,12,21,0.43
bbNH,9,16,25,0.36
bbNI,1,0,1,1.0
bbNK,2,7,9,0.22
bbNL,25,21,46,0.54
bbNM,72,91,163,0.44
bbNN,97,94,191,0.51
bbNP,88,87,175,0.5
bbNS,62,53,115,0.54
bbNb,69,60,129,0.53
bbNh,27,15,42,0.64
bbNl,17,15,32,0.53
bbNm,83,56,139,0.6
bbNn,99,95,194,0.51
bbNs,41,32,73,0.56
bbNt,10,14,24,0.42
bbPB,54,66,120,0.45
bbPD,4,3,7,0.57
bbPH,19,11,30,0.63
bbPI,4,5,9,0.44
bbPK,16,5,21,0.76
bbPL,26,28,54,0.48
bbPM,60,96,156,0.38
bbPN,63,79,142,0.44
bbPP,98,75,173,0.57
bbPS,43,38,81,0.53
bbPb,58,50,108,0.54
bbPh,6,7,13,0.46
bbPl,19,16,35,0.54
bbPm,62,54,116,0.53
bbPn,66,70,136,0.49
bbPs,38,34,72,0.53
bbPt,7,14,21,0.33
bbSB,24,16,40,0.6
bbSD,5,2,7,0.71
bbSH,8,9,17,0.47
bbSI,0,0,0,
bbSL,8,7,15,0.53
bbSM,22,22,44,0.5
bbSN,26,18,44,0.59
bbSP,30,28,58,0.52
bbSS,26,30,56,0.46
bbSb,29,9,38,0.76
bbSh,13,21,34,0.38
bbSl,12,3,15,0.8
bbSm,23,21,44,0.52
bbSn,34,20,54,0.63
bbSs,24,24,48,0.5
bbSt,4,0,4,1.0
bbbB,84,86,170,0.49
bbbD,6,7,13,0.46
bbbH,21,14,35,0.6
bbbI,11,6,17,0.65
bbbJ,16,16,32,0.5
bbbK,4,3,7,0.57
bbbL,19,24,43,0.44
bbbM,66,97,163,0.4
bbbN,97,84,181,0.54
bbbP,75,69,144,0.52
bbbS,23,19,42,0.55
bbbb,108,81,189,0.57
bbbl,12,8,20,0.6
bbbm,61,50,111,0.55
bbbn,68,62,130,0.52
bbbs,12,12,24,0.5
bbhB,1,0,1,1.0
bbhb,2,0,2,1.0
bbhm,2,0,2,1.0
bbhn,0,2,2,0.0
bbhs,1,1,2,0.5
bblB,18,19,37,0.49
bblD,4,0,4,1.0
bblH,6,7,13,0.46
bblI,1,3,4,0.25
bblJ,2,0,2,1.0
bblL,5,4,9,0.56
bblM,16,21,37,0.43
bblN,9,12,21,0.43
bblP,10,10,20,0.5
bblS,7,7,14,0.5
bblb,24,12,36,0.67
bbll,3,5,8,0.38
bblm,8,4,12,0.67
bbln,7,10,17,0.41
bbls,5,5,10,0.5
bbmB,72,58,130,0.55
bbmD,4,3,7,0.57
bbmH,25,32,57,0.44
bbmI,6,5,11,0.55
bbmJ,12,7,19,0.63
bbmK,0,1,1,0.0
bbmL,16,14,30,0.53
bbmM,62,71,133,0.47
bbmN,65,52,117,0.56
bbmP,51,51,102,0.5
bbmS,30,30,60,0.5
bbmb,62,57,119,0.52
bbml,11,10,21,0.52
bbmm,35,27,62,0.56
bbmn,36,31,67,0.54
bbms,15,10,25,0.6
bbnB,41,56,97,0.42
bbnD,13,4,17,0.76
bbnH,25,15,40,0.62
bbnI,9,3,12,0.75
bbnK,2,3,5,0.4
bbnL,12,20,32,0.38
bbnM,49,50,99,0.49
bbnN,68,69,137,0.5
bbnP,87,71,158,0.55
bbnS,34,33,67,0.51
bbnb,62,51,113,0.55
bbnh,4,4,8,0.5
bbnl,15,14,29,0.52
bbnm,53,34,87,0.61
bbnn,55,48,103,0.53
bbns,38,32,70,0.54
bbnt,0,1,1,0.0
bbsB,10,10,20,0.5
bbsD,3,4,7,0.43
bbsH,18,18,36,0.5
bbsI,9,4,13,0.69
bbsK,0,1,1,0.0
bbsL,4,5,9,0.44
bbsM,13,19,32,0.41
bbsN,26,23,49,0.53
bbsP,26,13,39,0.67
bbsS,11,22,33,0.33
bbsb,18,15,33,0.55
bbsh,0,2,2,0.0
bbsl,5,5,10,0.5
bbsm,18,16,34,0.53
bbsn,18,12,30,0.6
bbss,16,10,26,0.62
bbtm,0,1,1,0.0
bhBB,0,2,2,0.0
bhBK,1,0,1,1.0
bhBM,0,2,2,0.0
bhBN,0,1,1,0.0
bhBP,1,0,1,1.0
bhDM,1,0,1,1.0
bhHS,0,0,0,
bhHn,2,0,2,1.0
bhIh,0,1,1,0.0
bhLj,0,1,1,0.0
bhMP,2,2,4,0.5
bhMb,1,0,1,1.0
bhMh,1,0,1,1.0
bhMl,1,0,1,1.0
bhMm,2,1,3,0.67
bhNM,0,1,1,0.0
bhNP,1,0,1,1.0
bhNS,0,1,1,0.0
bhPL,1,0,1,1.0
bhPN,0,1,1,0.0
bhPP,0,1,1,0.0
bhPS,0,0,0,
bhPs,1,0,1,1.0
bhSB,0,0,0,
bhSH,0,0,0,
bhSM,1,1,2,0.5
bhSb,1,0,1,1.0
bhSs,0,1,1,0.0
bhbH,1,0,1,1.0
bhbM,2,1,3,0.67
bhbN,1,0,1,1.0
bhbb,1,0,1,1.0
bhhM,0,1,1,0.0
bhhS,0,0,0,
bhhh,0,1,1,0.0
bhhs,0,0,0,
bhlB,1,0,1,1.0
bhlH,0,0,0,
bhlP,0,0,0,
bhlm,1,0,1,1.0
bhmB,0,1,1,0.0
bhmH,1,0,1,1.0
bhmJ,0,1,1,0.0
bhmK,1,0,1,1.0
bhmM,0,1,1,0.0
bhmN,1,1,2,0.5
bhmS,1,0,1,1.0
bhmb,0,1,1,0.0
bhmh,0,0,0,
bhmm,1,1,2,0.5
bhmn,0,1,1,0.0
bhnB,0,1,1,0.0
bhnM,0,1,1,0.0
bhnb,0,2,2,0.0
bhnm,0,1,1,0.0
bhsN,0,1,1,0.0
bhsP,1,0,1,1.0
bhsS,0,0,0,
bhss,0,1,1,0.0
blBB,9,11,20,0.45
blBD,1,1,2,0.5
blBK,1,2,3,0.33
blBL,3,10,13,0.23
blBM,23,16,39,0.59
blBN,15,25,40,0.38
blBP,15,17,32,0.47
blBS,7,9,16,0.44
blBb,11,11,22,0.5
blBh,2,2,4,0.5
blBj,6,3,9,0.67
blBl,6,7,13,0.46
blBm,13,15,28,0.46
blBn,25,19,44,0.57
blBs,11,6,17,0.65
blBt,4,5,9,0.44
blDB,1,1,2,0.5
blDD,2,0,2,1.0
blDH,0,1,1,0.0
blDI,0,1,1,0.0
blDL,1,2,3,0.33
blDM,3,2,5,0.6
blDN,1,1,2,0.5
blDP,3,0,3,1.0
blDS,3,1,4,0.75
blDb,1,1,2,0.5
blDl,2,0,2,1.0
blDm,1,1,2,0.5
blDt,0,0,0,
blHB,10,11,21,0.48
blHD,1,0,1,1.0
blHH,3,3,6,0.5
blHI,3,0,3,1.0
blHL,1,4,5,0.2
blHM,11,14,25,0.44
blHN,10,10,20,0.5
blHP,9,6,15,0.6
blHS,7,5,12,0.58
blHb,7,12,19,0.37
blHh,5,3,8,0.62
blHl,4,2,6,0.67
blHm,5,4,9,0.56
blHn,8,12,20,0.4
blHs,3,7,10,0.3
blHt,0,1,1,0.0
blIB,1,1,2,0.5
blID,0,1,1,0.0
blIH,2,2,4,0.5
blII,1,0,1,1.0
blIL,4,1,5,0.8
blIM,0,4,4,0.0
blIN,4,2,6,0.67
blIP,2,1,3,0.67
blIS,1,0,1,1.0
blIb,1,2,3,0.33
blIl,2,0,2,1.0
blIm,4,2,6,0.67
blIn,3,2,5,0.6
blIs,1,0,1,1.0
blJB,5,3,8,0.62
blJD,2,0,2,1.0
blJH,1,3,4,0.25
blJI,0,1,1,0.0
blJK,0,1,1,0.0
blJL,2,2,4,0.5
blJM,5,7,12,0.42
blJN,6,4,10,0.6
blJP,4,4,8,0.5
blJS,5,0,5,1.0
blJb,3,2,5,0.6
blJl,0,1,1,0.0
blJm,2,3,5,0.4
blJn,1,1,2,0.5
blJs,4,4,8,0.5
blJt,1,0,1,1.0
blKB,1,2,3,0.33
blKP,1,2,3,0.33
blKS,0,1,1,0.0
blKb,0,0,0,
blKl,0,1,1,0.0
blKm,1,1,2,0.5
blKn,1,2,3,0.33
blKs,1,1,2,0.5
blLB,8,4,12,0.67
blLD,1,0,1,1.0
blLL,0,7,7,0.0
blLM,1,8,9,0.11
blLN,7,9,16,0.44
blLP,9,9,18,0.5
blLS,7,7,14,0.5
blLb,3,8,11,0.27
blLh,2,0,2,1.0
blLj,0,1,1,0.0
blLl,2,4,6,0.33
blLm,12,3,15,0.8
blLn,9,8,17,0.53
blLs,1,2,3,0.33
blLt,1,3,4,0.25
blMB,23,14,37,0.62
blMD,1,1,2,0.5
blML,5,4,9,0.56
blMM,25,12,37,0.68
blMN,22,16,38,0.58
blMP,21,13,34,0.62
blMS,14,8,22,0.64
blMb,24,11,35,0.69
blMh,6,19,25,0.24
blMj,5,4,9,0.56
blMl,4,5,9,0.44
blMm,24,15,39,0.62
blMn,24,26,50,0.48
blMs,14,10,24,0.58
blMt,0,4,4,0.0
blNB,15,19,34,0.44
blND,1,0,1,1.0
blNH,1,6,7,0.14
blNI,2,0,2,1.0
blNK,2,1,3,0.67
blNL,7,8,15,0.47
blNM,14,19,33,0.42
blNN,21,17,38,0.55
blNP,23,20,43,0.53
blNS,15,12,27,0.56
blNb,13,14,27,0.48
blNh,5,8,13,0.38
blNl,5,3,8,0.62
blNm,21,12,33,0.64
blNn,20,14,34,0.59
blNs,14,18,32,0.44
blNt,2,1,3,0.67
blPB,9,19,28,0.32
blPD,0,3,3,0.0
blPH,4,4,8,0.5
blPI,2,1,3,0.67
blPK,5,3,8,0.62
blPL,9,8,17,0.53
blPM,20,14,34,0.59
blPN,15,13,28,0.54
blPP,15,20,35,0.43
blPS,14,12,26,0.54
blPb,19,14,33,0.58
blPh,0,2,2,0.0
blPl,5,6,11,0.45
blPm,16,19,35,0.46
blPn,13,15,28,0.46
blPs,4,7,11,0.36
blPt,1,1,2,0.5
blSB,8,6,14,0.57
blSD,2,3,5,0.4
blSH,2,5,7,0.29
blSI,1,0,1,1.0
blSK,2,0,2,1.0
blSL,2,3,5,0.4
blSM,13,12,25,0.52
blSN,8,8,16,0.5
blSP,10,9,19,0.53
blSS,5,17,22,0.23
blSb,8,10,18,0.44
blSh,8,2,10,0.8
blSl,2,5,7,0.29
blSm,9,9,18,0.5
blSn,14,6,20,0.7
blSs,10,11,21,0.48
blSt,5,0,5,1.0
blbB,24,14,38,0.63
blbD,1,1,2,0.5
blbH,1,2,3,0.33
blbI,1,1,2,0.5
blbJ,5,2,7,0.71
blbK,1,0,1,1.0
blbL,5,7,12,0.42
blbM,12,21,33,0.36
blbN,18,15,33,0.55
blbP,13,15,28,0.46
blbS,10,9,19,0.53
blbb,21,21,42,0.5
blbh,1,0,1,1.0
blbl,7,3,10,0.7
blbm,13,13,26,0.5
blbn,19,6,25,0.76
blbs,1,7,8,0.12
blhb,0,1,1,0.0
blhm,1,0,1,1.0
bllB,5,4,9,0.56
bllD,1,1,2,0.5
bllH,4,0,4,1.0
bllI,1,0,1,1.0
bllJ,4,1,5,0.8
bllL,1,2,3,0.33
bllM,5,3,8,0.62
bllN,10,3,13,0.77
bllP,5,3,8,0.62
bllS,1,1,2,0.5
bllb,4,6,10,0.4
blll,2,0,2,1.0
bllm,4,2,6,0.67
blln,4,3,7,0.57
blls,0,1,1,0.0
blmB,11,9,20,0.55
blmD,1,1,2,0.5
blmH,12,6,18,0.67
blmI,1,1,2,0.5
blmJ,3,5,8,0.38
blmK,1,1,2,0.5
blmL,3,5,8,0.38
blmM,11,11,22,0.5
blmN,14,15,29,0.48
blmP,17,15,32,0.53
blmS,3,9,12,0.25
blmb,16,14,30,0.53
blmh,1,0,1,1.0
blml,1,8,9,0.11
blmm,9,9,18,0.5
blmn,11,10,21,0.52
blms,4,2,6,0.67
blnB,13,6,19,0.68
blnD,4,1,5,0.8
blnH,6,6,12,0.5
blnI,0,1,1,0.0
blnL,4,6,10,0.4
blnM,12,13,25,0.48
blnN,11,16,27,0.41
blnP,16,15,31,0.52
blnS,8,2,10,0.8
blnb,8,9,17,0.47
blnl,7,2,9,0.78
blnm,9,6,15,0.6
blnn,16,8,24,0.67
blns,7,7,14,0.5
blsB,1,6,7,0.14
blsD,2,0,2,1.0
blsH,5,4,9,0.56
blsI,0,1,1,0.0
blsL,2,1,3,0.67
blsM,12,7,19,0.63
blsN,12,12,24,0.5
blsP,3,4,7,0.43
blsS,4,4,8,0.5
blsb,7,6,13,0.54
blsh,1,0,1,1.0
blsl,2,1,3,0.67
blsm,6,9,15,0.4
blsn,8,4,12,0.67
blss,6,9,15,0.4
bltm,1,0,1,1.0
bmBB,48,52,100,0.48
bmBD,9,2,11,0.82
bmBH,1,0,1,1.0
bmBK,6,7,13,0.46
bmBL,9,22,31,0.29
bmBM,38,64,102,0.37
bmBN,72,76,148,0.49
bmBP,51,47,98,0.52
bmBS,35,32,67,0.52
bmBb,53,43,96,0.55
bmBh,9,11,20,0.45
bmBj,12,18,30,0.4
bmBl,8,7,15,0.53
bmBm,48,36,84,0.57
bmBn,88,66,154,0.57
bmBs,30,32,62,0.48
bmBt,6,11,17,0.35
bmDB,4,3,7,0.57
bmDD,2,2,4,0.5
bmDH,7,5,12,0.58
bmDL,4,0,4,1.0
bmDM,15,11,26,0.58
bmDN,7,8,15,0.47
bmDP,9,4,13,0.69
bmDS,6,8,14,0.43
bmDb,7,3,10,0.7
bmDl,1,1,2,0.5
bmDm,7,10,17,0.41
bmDn,8,4,12,0.67
bmDs,5,2,7,0.71
bmDt,2,1,3,0.67
bmHB,21,22,43,0.49
bmHD,2,2,4,0.5
bmHH,8,8,16,0.5
bmHI,5,1,6,0.83
bmHK,2,1,3,0.67
bmHL,10,14,24,0.42
bmHM,34,40,74,0.46
bmHN,32,36,68,0.47
bmHP,39,35,74,0.53
bmHS,32,28,60,0.53
bmHb,28,30,58,0.48
bmHh,15,7,22,0.68
bmHl,14,9,23,0.61
bmHm,35,26,61,0.57
bmHn,47,29,76,0.62
bmHs,29,18,47,0.62
bmHt,2,6,8,0.25
bmIB,3,3,6,0.5
bmIH,1,1,2,0.5
bmIL,2,3,5,0.4
bmIM,6,7,13,0.46
bmIN,3,1,4,0.75
bmIP,7,3,10,0.7
bmIS,5,4,9,0.56
bmIb,6,7,13,0.46
bmIl,1,0,1,1.0
bmIm,3,0,3,1.0
bmIn,4,2,6,0.67
bmIs,2,4,6,0.33
bmIt,0,0,0,
bmJB,8,7,15,0.53
bmJD,2,1,3,0.67
bmJH,7,3,10,0.7
bmJI,3,2,5,0.6
bmJK,1,0,1,1.0
bmJL,3,4,7,0.43
bmJM,13,11,24,0.54
bmJN,10,13,23,0.43
bmJP,14,9,23,0.61
bmJS,5,8,13,0.38
bmJb,10,10,20,0.5
bmJh,1,0,1,1.0
bmJl,4,5,9,0.44
bmJm,11,12,23,0.48
bmJn,6,11,17,0.35
bmJs,8,3,11,0.73
bmJt,4,0,4,1.0
bmKB,1,2,3,0.33
bmKH,0,1,1,0.0
bmKI,0,1,1,0.0
bmKM,1,0,1,1.0
bmKP,0,2,2,0.0
bmKS,0,3,3,0.0
bmKb,0,2,2,0.0
bmKh,0,1,1,0.0
bmKn,0,2,2,0.0
bmKs,1,0,1,1.0
bmLB,10,15,25,0.4
bmLD,1,1,2,0.5
bmLL,5,6,11,0.45
bmLM,14,25,39,0.36
bmLN,10,16,26,0.38
bmLP,9,18,27,0.33
bmLS,11,18,29,0.38
bmLb,7,14,21,0.33
bmLh,9,6,15,0.6
bmLj,3,2,5,0.6
bmLl,2,6,8,0.25
bmLm,12,8,20,0.6
bmLn,22,23,45,0.49
bmLs,10,7,17,0.59
bmLt,4,0,4,1.0
bmMB,39,47,86,0.45
bmMD,12,9,21,0.57
bmMH,3,0,3,1.0
bmMK,2,0,2,1.0
bmML,7,7,14,0.5
bmMM,42,66,108,0.39
bmMN,64,58,122,0.52
bmMP,60,58,118,0.51
bmMS,53,41,94,0.56
bmMb,45,58,103,0.44
bmMh,32,52,84,0.38
bmMj,6,6,12,0.5
bmMl,16,13,29,0.55
bmMm,70,68,138,0.51
bmMn,90,90,180,0.5
bmMs,43,44,87,0.49
bmMt,6,11,17,0.35
bmNB,44,48,92,0.48
bmND,6,8,14,0.43
bmNH,10,11,21,0.48
bmNI,0,1,1,0.0
bmNK,7,11,18,0.39
bmNL,20,19,39,0.51
bmNM,55,71,126,0.44
bmNN,76,82,158,0.48
bmNP,84,77,161,0.52
bmNS,59,56,115,0.51
bmNb,41,47,88,0.47
bmNh,7,18,25,0.28
bmNl,14,14,28,0.5
bmNm,63,49,112,0.56
bmNn,98,67,165,0.59
bmNs,38,42,80,0.48
bmNt,15,8,23,0.65
bmPB,67,44,111,0.6
bmPD,5,2,7,0.71
bmPH,17,8,25,0.68
bmPI,2,5,7,0.29
bmPK,6,6,12,0.5
bmPL,19,22,41,0.46
bmPM,64,72,136,0.47
bmPN,62,68,130,0.48
bmPP,91,71,162,0.56
bmPS,51,43,94,0.54
bmPb,56,54,110,0.51
bmPh,8,5,13,0.62
bmPl,16,7,23,0.7
bmPm,73,45,118,0.62
bmPn,55,38,93,0.59
bmPs,34,38,72,0.47
bmPt,5,6,11,0.45
bmSB,30,30,60,0.5
bmSD,5,5,10,0.5
bmSH,3,18,21,0.14
bmSI,1,1,2,0.5
bmSK,0,0,0,
bmSL,4,7,11,0.36
bmSM,19,41,60,0.32
bmSN,30,20,50,0.6
bmSP,20,35,55,0.36
bmSS,32,36,68,0.47
bmSb,19,20,39,0.49
bmSh,18,17,35,0.51
bmSl,2,10,12,0.17
bmSm,26,21,47,0.55
bmSn,42,35,77,0.55
bmSs,36,28,64,0.56
bmSt,2,7,9,0.22
bmbB,51,69,120,0.42
bmbD,6,7,13,0.46
bmbH,10,11,21,0.48
bmbI,8,4,12,0.67
bmbJ,12,14,26,0.46
bmbK,4,2,6,0.67
bmbL,14,12,26,0.54
bmbM,54,55,109,0.5
bmbN,89,61,150,0.59
bmbP,85,53,138,0.62
bmbS,19,17,36,0.53
bmbb,86,54,140,0.61
bmbl,11,7,18,0.61
bmbm,46,40,86,0.53
bmbn,56,40,96,0.58
bmbs,17,17,34,0.5
bmhH,0,0,0,
bmhL,1,0,1,1.0
bmhM,1,0,1,1.0
bmhS,0,0,0,
bmhb,1,0,1,1.0
bmhh,0,1,1,0.0
bmhm,1,0,1,1.0
bmhn,1,1,2,0.5
bmlB,9,11,20,0.45
bmlD,1,2,3,0.33
bmlH,5,10,15,0.33
bmlJ,3,2,5,0.6
bmlK,0,2,2,0.0
bmlL,5,3,8,0.62
bmlM,11,9,20,0.55
bmlN,15,15,30,0.5
bmlP,11,10,21,0.52
bmlS,5,4,9,0.56
bmlb,18,10,28,0.64
bmll,3,1,4,0.75
bmlm,12,7,19,0.63
bmln,12,3,15,0.8
bmls,6,7,13,0.46
bmmB,53,60,113,0.47
bmmD,8,4,12,0.67
bmmH,32,28,60,0.53
bmmI,5,1,6,0.83
bmmJ,9,11,20,0.45
bmmK,0,0,0,
bmmL,13,14,27,0.48
bmmM,56,51,107,0.52
bmmN,46,42,88,0.52
bmmP,46,55,101,0.46
bmmS,24,20,44,0.55
bmmb,51,34,85,0.6
bmmh,0,0,0,
bmml,9,11,20,0.45
bmmm,65,45,110,0.59
bmmn,41,42,83,0.49
bmms,16,17,33,0.48
bmnB,44,29,73,0.6
bmnD,7,2,9,0.78
bmnH,29,13,42,0.69
bmnI,10,9,19,0.53
bmnK,3,4,7,0.43
bmnL,12,11,23,0.52
bmnM,50,57,107,0.47
bmnN,63,62,125,0.5
bmnP,67,51,118,0.57
bmnS,27,37,64,0.42
bmnb,49,49,98,0.5
bmnh,3,1,4,0.75
bmnl,18,9,27,0.67
bmnm,46,41,87,0.53
bmnn,47,47,94,0.5
bmns,23,21,44,0.52
bmnt,1,1,2,0.5
bmsB,17,20,37,0.46
bmsD,4,4,8,0.5
bmsH,20,12,32,0.62
bmsI,3,2,5,0.6
bmsL,5,3,8,0.62
bmsM,30,29,59,0.51
bmsN,20,25,45,0.44
bmsP,27,18,45,0.6
bmsS,19,27,46,0.41
bmsb,13,20,33,0.39
bmsh,0,1,1,0.0
bmsl,7,7,14,0.5
bmsm,22,15,37,0.59
bmsn,16,11,27,0.59
bmss,17,18,35,0.49
bmst,0,2,2,0.0
bmtN,1,0,1,1.0
bnBB,40,35,75,0.53
bnBD,7,4,11,0.64
bnBH,1,1,2,0.5
bnBK,6,3,9,0.67
bnBL,9,10,19,0.47
bnBM,42,39,81,0.52
bnBN,53,58,111,0.48
bnBP,53,44,97,0.55
bnBS,30,31,61,0.49
bnBb,29,24,53,0.55
bnBh,4,3,7,0.57
bnBj,11,15,26,0.42
bnBl,17,9,26,0.65
bnBm,51,34,85,0.6
bnBn,66,71,137,0.48
bnBs,26,30,56,0.46
bnBt,3,7,10,0.3
bnDB,3,9,12,0.25
bnDD,0,3,3,0.0
bnDH,7,9,16,0.44
bnDI,0,1,1,0.0
bnDK,0,1,1,0.0
bnDL,1,4,5,0.2
bnDM,11,14,25,0.44
bnDN,6,5,11,0.55
bnDP,6,5,11,0.55
bnDS,5,8,13,0.38
bnDb,7,2,9,0.78
bnDl,2,1,3,0.67
bnDm,6,3,9,0.67
bnDn,10,5,15,0.67
bnDs,9,9,18,0.5
bnDt,1,1,2,0.5
bnHB,17,25,42,0.4
bnHD,2,4,6,0.33
bnHH,6,5,11,0.55
bnHI,3,3,6,0.5
bnHK,1,3,4,0.25
bnHL,9,8,17,0.53
bnHM,25,34,59,0.42
bnHN,28,29,57,0.49
bnHP,37,36,73,0.51
bnHS,34,25,59,0.58
bnHb,19,25,44,0.43
bnHh,7,20,27,0.26
bnHl,12,7,19,0.63
bnHm,18,19,37,0.49
bnHn,36,35,71,0.51
bnHs,29,21,50,0.58
bnHt,2,5,7,0.29
bnIB,4,8,12,0.33
bnID,1,3,4,0.25
bnIH,10,4,14,0.71
bnII,3,0,3,1.0
bnIK,0,1,1,0.0
bnIL,3,6,9,0.33
bnIM,7,8,15,0.47
bnIN,6,8,14,0.43
bnIP,8,9,17,0.47
bnIS,5,11,16,0.31
bnIb,9,9,18,0.5
bnIl,2,1,3,0.67
bnIm,12,7,19,0.63
bnIn,5,6,11,0.45
bnIs,12,4,16,0.75
bnIt,0,1,1,0.0
bnKB,6,6,12,0.5
bnKH,1,0,1,1.0
bnKI,1,1,2,0.5
bnKL,2,0,2,1.0
bnKM,8,6,14,0.57
bnKN,1,6,7,0.14
bnKP,10,5,15,0.67
bnKS,2,8,10,0.2
bnKb,4,5,9,0.44
bnKh,1,4,5,0.2
bnKl,0,2,2,0.0
bnKm,3,3,6,0.5
bnKn,7,3,10,0.7
bnKs,4,3,7,0.57
bnLB,8,12,20,0.4
bnLD,2,2,4,0.5
bnLK,0,1,1,0.0
bnLL,6,4,10,0.6
bnLM,15,17,32,0.47
bnLN,12,9,21,0.57
bnLP,15,20,35,0.43
bnLS,11,19,30,0.37
bnLb,10,11,21,0.48
bnLh,9,6,15,0.6
bnLj,2,3,5,0.4
bnLl,3,4,7,0.43
bnLm,10,14,24,0.42
bnLn,10,20,30,0.33
bnLs,21,9,30,0.7
bnLt,3,1,4,0.75
bnMB,33,34,67,0.49
bnMD,8,8,16,0.5
bnMH,2,0,2,1.0
bnMI,1,0,1,1.0
bnMK,2,0,2,1.0
bnML,15,16,31,0.48
bnMM,50,57,107,0.47
bnMN,54,49,103,0.52
bnMP,47,59,106,0.44
bnMS,46,35,81,0.57
bnMb,36,38,74,0.49
bnMh,51,40,91,0.56
bnMj,8,9,17,0.47
bnMl,12,15,27,0.44
bnMm,61,62,123,0.5
bnMn,72,82,154,0.47
bnMs,47,40,87,0.54
bnMt,10,8,18,0.56
bnNB,46,46,92,0.5
bnND,10,6,16,0.62
bnNH,12,20,32,0.38
bnNI,1,1,2,0.5
bnNK,12,4,16,0.75
bnNL,18,17,35,0.51
bnNM,65,66,131,0.5
bnNN,78,85,163,0.48
bnNP,95,78,173,0.55
bnNS,55,54,109,0.5
bnNb,51,47,98,0.52
bnNh,26,16,42,0.62
bnNl,17,9,26,0.65
bnNm,65,60,125,0.52
bnNn,97,96,193,0.5
bnNs,71,50,121,0.59
bnNt,19,17,36,0.53
bnPB,53,59,112,0.47
bnPD,8,8,16,0.5
bnPH,22,34,56,0.39
bnPI,14,6,20,0.7
bnPK,13,9,22,0.59
bnPL,31,27,58,0.53
bnPM,59,76,135,0.44
bnPN,81,66,147,0.55
bnPP,86,88,174,0.49
bnPS,39,55,94,0.41
bnPb,66,53,119,0.55
bnPh,7,6,13,0.54
bnPl,21,23,44,0.48
bnPm,67,62,129,0.52
bnPn,77,39,116,0.66
bnPs,55,49,104,0.53
bnPt,13,16,29,0.45
bnSB,23,16,39,0.59
bnSD,5,4,9,0.56
bnSH,17,12,29,0.59
bnSI,2,1,3,0.67
bnSK,1,1,2,0.5
bnSL,13,9,22,0.59
bnSM,32,30,62,0.52
bnSN,41,31,72,0.57
bnSP,46,33,79,0.58
bnSS,50,39,89,0.56
bnSb,22,26,48,0.46
bnSh,23,27,50,0.46
bnSl,8,12,20,0.4
bnSm,42,31,73,0.58
bnSn,43,42,85,0.51
bnSs,48,34,82,0.59
bnSt,8,10,18,0.44
bnbB,68,58,126,0.54
bnbD,7,3,10,0.7
bnbH,11,19,30,0.37
bnbI,5,6,11,0.45
bnbJ,8,11,19,0.42
bnbK,5,5,10,0.5
bnbL,11,19,30,0.37
bnbM,43,50,93,0.46
bnbN,71,55,126,0.56
bnbP,67,54,121,0.55
bnbS,21,29,50,0.42
bnbb,59,46,105,0.56
bnbh,1,0,1,1.0
bnbl,16,11,27,0.59
bnbm,37,33,70,0.53
bnbn,60,52,112,0.54
bnbs,24,7,31,0.77
bnhB,0,3,3,0.0
bnhH,1,1,2,0.5
bnhI,0,1,1,0.0
bnhK,1,0,1,1.0
bnhL,3,1,4,0.75
bnhM,2,4,6,0.33
bnhN,4,2,6,0.67
bnhP,4,4,8,0.5
bnhS,4,4,8,0.5
bnhb,1,0,1,1.0
bnhh,1,2,3,0.33
bnhl,0,0,0,
bnhm,4,2,6,0.67
bnhn,0,5,5,0.0
bnhs,2,4,6,0.33
bnht,1,0,1,1.0
bnlB,14,12,26,0.54
bnlD,1,2,3,0.33
bnlH,10,8,18,0.56
bnlI,0,2,2,0.0
bnlJ,3,10,13,0.23
bnlL,3,6,9,0.33
bnlM,16,14,30,0.53
bnlN,12,18,30,0.4
bnlP,14,14,28,0.5
bnlS,11,9,20,0.55
bnlb,18,16,34,0.53
bnll,4,4,8,0.5
bnlm,16,10,26,0.62
bnln,11,7,18,0.61
bnls,2,7,9,0.22
bnmB,36,60,96,0.38
bnmD,12,4,16,0.75
bnmH,38,42,80,0.48
bnmI,4,4,8,0.5
bnmJ,15,10,25,0.6
bnmK,1,0,1,1.0
bnmL,10,9,19,0.53
bnmM,60,49,109,0.55
bnmN,59,55,114,0.52
bnmP,65,64,129,0.5
bnmS,36,18,54,0.67
bnmb,59,42,101,0.58
bnml,8,8,16,0.5
bnmm,52,41,93,0.56
bnmn,48,41,89,0.54
bnms,21,14,35,0.6
bnnB,33,40,73,0.45
bnnD,7,10,17,0.41
bnnH,41,35,76,0.54
bnnI,8,7,15,0.53
bnnK,4,0,4,1.0
bnnL,19,20,39,0.49
bnnM,42,58,100,0.42
bnnN,74,67,141,0.52
bnnP,80,55,135,0.59
bnnS,43,44,87,0.49
bnnb,44,46,90,0.49
bnnh,3,4,7,0.43
bnnl,15,16,31,0.48
bnnm,54,31,85,0.64
bnnn,66,50,116,0.57
bnns,39,23,62,0.63
bnnt,0,1,1,0.0
bnsB,22,26,48,0.46
bnsD,9,8,17,0.53
bnsH,20,32,52,0.38
bnsI,8,2,10,0.8
bnsL,7,7,14,0.5
bnsM,36,39,75,0.48
bnsN,49,35,84,0.58
bnsP,26,22,48,0.54
bnsS,42,44,86,0.49
bnsb,36,31,67,0.54
bnsh,4,3,7,0.57
bnsl,6,7,13,0.46
bnsm,27,33,60,0.45
bnsn,41,31,72,0.57
bnss,33,32,65,0.51
bnst,1,1,2,0.5
bntL,1,0,1,1.0
bntN,0,1,1,0.0
bntP,2,0,2,1.0
bntS,1,1,2,0.5
bntb,1,0,1,1.0
bntm,1,0,1,1.0
bntn,1,2,3,0.33
bsBB,10,14,24,0.42
bsBD,5,2,7,0.71
bsBH,0,1,1,0.0
bsBI,1,0,1,1.0
bsBK,1,1,2,0.5
bsBL,3,4,7,0.43
bsBM,17,16,33,0.52
bsBN,18,23,41,0.44
bsBP,22,23,45,0.49
bsBS,16,17,33,0.48
bsBb,21,10,31,0.68
bsBh,3,3,6,0.5
bsBj,4,6,10,0.4
bsBl,4,9,13,0.31
bsBm,18,15,33,0.55
bsBn,25,20,45,0.56
bsBs,8,13,21,0.38
bsBt,2,3,5,0.4
bsDB,3,2,5,0.6
bsDD,2,0,2,1.0
bsDH,2,3,5,0.4
bsDI,0,0,0,
bsDL,4,1,5,0.8
bsDM,6,4,10,0.6
bsDN,3,7,10,0.3
bsDP,7,2,9,0.78
bsDS,3,4,7,0.43
bsDb,4,7,11,0.36
bsDl,1,0,1,1.0
bsDm,1,2,3,0.33
bsDn,1,3,4,0.25
bsDs,7,6,13,0.54
bsHB,24,23,47,0.51
bsHD,8,4,12,0.67
bsHH,3,6,9,0.33
bsHI,6,2,8,0.75
bsHK,0,4,4,0.0
bsHL,6,7,13,0.46
bsHM,29,35,64,0.45
bsHN,27,20,47,0.57
bsHP,23,28,51,0.45
bsHS,27,27,54,0.5
bsHb,23,22,45,0.51
bsHh,12,17,29,0.41
bsHl,12,7,19,0.63
bsHm,34,21,55,0.62
bsHn,22,25,47,0.47
bsHs,25,18,43,0.58
bsHt,2,2,4,0.5
bsIB,6,1,7,0.86
bsID,1,2,3,0.33
bsIH,1,3,4,0.25
bsIL,1,3,4,0.25
bsIM,6,6,12,0.5
bsIN,8,6,14,0.57
bsIP,1,6,7,0.14
bsIS,9,4,13,0.69
bsIb,1,3,4,0.25
bsIh,0,1,1,0.0
bsIl,1,1,2,0.5
bsIm,2,4,6,0.33
bsIn,6,2,8,0.75
bsIs,5,3,8,0.62
bsIt,0,1,1,0.0
bsKB,0,2,2,0.0
bsKN,1,1,2,0.5
bsKP,0,1,1,0.0
bsKS,0,0,0,
bsKh,1,0,1,1.0
bsKl,0,2,2,0.0
bsKm,1,0,1,1.0
bsKt,1,0,1,1.0
bsLB,1,9,10,0.1
bsLD,2,1,3,0.67
bsLK,1,0,1,1.0
bsLL,1,3,4,0.25
bsLM,9,12,21,0.43
bsLN,9,7,16,0.56
bsLP,7,8,15,0.47
bsLS,7,9,16,0.44
bsLb,6,2,8,0.75
bsLh,3,6,9,0.33
bsLj,1,3,4,0.25
bsLl,2,5,7,0.29
bsLm,8,8,16,0.5
bsLn,10,12,22,0.45
bsLs,3,9,12,0.25
bsLt,1,2,3,0.33
bsMB,22,26,48,0.46
bsMD,5,5,10,0.5
bsMH,0,1,1,0.0
bsMI,2,0,2,1.0
bsMK,1,0,1,1.0
bsML,6,7,13,0.46
bsMM,24,27,51,0.47
bsMN,30,30,60,0.5
bsMP,28,30,58,0.48
bsMS,29,19,48,0.6
bsMb,19,21,40,0.48
bsMh,16,15,31,0.52
bsMj,5,3,8,0.62
bsMl,7,11,18,0.39
bsMm,38,27,65,0.58
bsMn,50,28,78,0.64
bsMs,31,25,56,0.55
bsMt,10,9,19,0.53
bsNB,17,24,41,0.41
bsND,8,4,12,0.67
bsNH,4,2,6,0.67
bsNK,0,4,4,0.0
bsNL,7,10,17,0.41
bsNM,32,29,61,0.52
bsNN,40,35,75,0.53
bsNP,33,36,69,0.48
bsNS,27,34,61,0.44
bsNb,9,24,33,0.27
bsNh,8,9,17,0.47
bsNl,5,5,10,0.5
bsNm,23,20,43,0.53
bsNn,36,40,76,0.47
bsNs,32,33,65,0.49
bsNt,4,6,10,0.4
bsPB,26,20,46,0.57
bsPD,4,6,10,0.4
bsPH,6,12,18,0.33
bsPI,5,4,9,0.56
bsPK,1,5,6,0.17
bsPL,10,14,24,0.42
bsPM,24,42,66,0.36
bsPN,30,27,57,0.53
bsPP,30,35,65,0.46
bsPS,27,37,64,0.42
bsPb,18,21,39,0.46
bsPh,4,5,9,0.44
bsPl,15,10,25,0.6
bsPm,34,23,57,0.6
bsPn,29,33,62,0.47
bsPs,25,24,49,0.51
bsPt,7,2,9,0.78
bsSB,24,22,46,0.52
bsSD,4,6,10,0.4
bsSH,13,17,30,0.43
bsSI,3,2,5,0.6
bsSK,0,1,1,0.0
bsSL,7,5,12,0.58
bsSM,18,38,56,0.32
bsSN,26,34,60,0.43
bsSP,27,20,47,0.57
bsSS,39,34,73,0.53
bsSb,22,13,35,0.63
bsSh,15,25,40,0.38
bsSl,14,2,16,0.88
bsSm,37,28,65,0.57
bsSn,36,23,59,0.61
bsSs,40,33,73,0.55
bsSt,9,4,13,0.69
bsbB,23,33,56,0.41
bsbD,4,3,7,0.57
bsbH,5,3,8,0.62
bsbI,2,1,3,0.67
bsbJ,5,6,11,0.45
bsbK,3,2,5,0.6
bsbL,4,7,11,0.36
bsbM,25,30,55,0.45
bsbN,24,23,47,0.51
bsbP,24,21,45,0.53
bsbS,11,11,22,0.5
bsbb,22,17,39,0.56
bsbl,6,1,7,0.86
bsbm,23,18,41,0.56
bsbn,22,23,45,0.49
bsbs,10,11,21,0.48
bshB,1,2,3,0.33
bshH,0,1,1,0.0
bshL,0,2,2,0.0
bshM,5,2,7,0.71
bshN,2,3,5,0.4
bshP,2,2,4,0.5
bshS,1,4,5,0.2
bshb,2,0,2,1.0
bshh,1,4,5,0.2
bshl,1,0,1,1.0
bshm,2,0,2,1.0
bshn,2,5,7,0.29
bshs,1,2,3,0.33
bslB,7,5,12,0.58
bslD,2,1,3,0.67
bslH,2,3,5,0.4
bslI,2,0,2,1.0
bslJ,1,0,1,1.0
bslK,0,2,2,0.0
bslL,6,3,9,0.67
bslM,6,7,13,0.46
bslN,14,10,24,0.58
bslP,15,8,23,0.65
bslS,6,7,13,0.46
bslb,5,7,12,0.42
bsll,0,5,5,0.0
bslm,12,2,14,0.86
bsln,5,8,13,0.38
bsls,4,3,7,0.57
bsmB,21,29,50,0.42
bsmD,2,3,5,0.4
bsmH,19,16,35,0.54
bsmI,3,2,5,0.6
bsmJ,4,5,9,0.44
bsmK,0,1,1,0.0
bsmL,15,9,24,0.62
bsmM,31,28,59,0.53
bsmN,29,30,59,0.49
bsmP,20,18,38,0.53
bsmS,25,26,51,0.49
bsmb,28,28,56,0.5
bsmh,1,0,1,1.0
bsml,5,8,13,0.38
bsmm,35,29,64,0.55
bsmn,24,28,52,0.46
bsms,11,16,27,0.41
bsnB,16,12,28,0.57
bsnD,5,5,10,0.5
bsnH,16,12,28,0.57
bsnI,2,3,5,0.4
bsnK,1,1,2,0.5
bsnL,10,7,17,0.59
bsnM,29,31,60,0.48
bsnN,31,20,51,0.61
bsnP,25,28,53,0.47
bsnS,26,29,55,0.47
bsnb,23,20,43,0.53
bsnh,1,2,3,0.33
bsnl,6,4,10,0.6
bsnm,15,19,34,0.44
bsnn,21,23,44,0.48
bsns,21,19,40,0.52
bssB,8,8,16,0.5
bssD,3,3,6,0.5
bssH,26,23,49,0.53
bssI,3,8,11,0.27
bssK,1,0,1,1.0
bssL,4,7,11,0.36
bssM,33,31,64,0.52
bssN,27,31,58,0.47
bssP,24,24,48,0.5
bssS,35,28,63,0.56
bssb,22,11,33,0.67
bssh,2,3,5,0.4
bssl,6,8,14,0.43
bssm,32,21,53,0.6
bssn,16,15,31,0.52
bsss,37,33,70,0.53
bsst,1,2,3,0.33
bstM,0,1,1,0.0
bstN,0,1,1,0.0
bstP,1,0,1,1.0
bstS,0,1,1,0.0
bstb,1,2,3,0.33
bstm,2,0,2,1.0
bsts,1,3,4,0.25
btBn,0,0,0,
btHH,0,0,0,
btHM,0,1,1,0.0
btHS,0,1,1,0.0
btHb,1,0,1,1.0
btMn,1,0,1,1.0
btMt,0,1,1,0.0
btNI,1,0,1,1.0
btNl,0,1,1,0.0
btPM,0,2,2,0.0
btPm,1,0,1,1.0
btSS,1,0,1,1.0
btSm,0,0,0,
btSs,0,0,0,
btbP,1,0,1,1.0
btbn,0,0,0,
btmJ,0,1,1,0.0
btmP,0,0,0,
btmm,0,0,0,
btmt,1,0,1,1.0
btnN,1,0,1,1.0
btsP,1,0,1,1.0
btsS,0,0,0,
btss,1,0,1,1.0
bttM,0,1,1,0.0
hBBB,16,23,39,0.41
hBBD,2,2,4,0.5
hBBK,1,2,3,0.33
hBBL,2,4,6,0.33
hBBM,8,15,23,0.35
hBBN,9,18,27,0.33
hBBP,18,15,33,0.55
hBBS,1,4,5,0.2
hBBb,16,12,28,0.57
hBBh,1,0,1,1.0
hBBj,2,4,6,0.33
hBBl,3,3,6,0.5
hBBm,10,14,24,0.42
hBBn,13,18,31,0.42
hBBs,8,8,16,0.5
hBBt,2,0,2,1.0
hBDB,3,1,4,0.75
hBDD,1,0,1,1.0
hBDH,2,0,2,1.0
hBDL,1,0,1,1.0
hBDM,0,2,2,0.0
hBDN,3,0,3,1.0
hBDP,0,1,1,0.0
hBDS,2,2,4,0.5
hBDb,1,2,3,0.33
hBDl,0,1,1,0.0
hBDm,1,3,4,0.25
hBDn,1,2,3,0.33
hBDs,1,0,1,1.0
hBHB,0,1,1,0.0
hBHb,0,1,1,0.0
hBHs,0,1,1,0.0
hBIm,1,0,1,1.0
hBKB,0,0,0,
hBKD,1,0,1,1.0
hBKI,0,1,1,0.0
hBKM,2,2,4,0.5
hBKN,0,1,1,0.0
hBKP,1,5,6,0.17
hBKS,4,1,5,0.8
hBKb,2,1,3,0.67
hBKh,1,3,4,0.25
hBKl,0,0,0,
hBKm,2,3,5,0.4
hBKn,0,0,0,
hBKs,1,1,2,0.5
hBLB,5,4,9,0.56
hBLK,1,1,2,0.5
hBLL,0,1,1,0.0
hBLM,2,7,9,0.22
hBLN,3,3,6,0.5
hBLP,5,6,11,0.45
hBLS,3,1,4,0.75
hBLb,0,4,4,0.0
hBLj,0,1,1,0.0
hBLl,6,0,6,1.0
hBLm,3,4,7,0.43
hBLn,4,6,10,0.4
hBLs,2,3,5,0.4
hBMB,15,15,30,0.5
hBMD,1,2,3,0.33
hBML,2,1,3,0.67
hBMM,4,8,12,0.33
hBMN,9,11,20,0.45
hBMP,15,10,25,0.6
hBMS,9,7,16,0.56
hBMb,15,20,35,0.43
hBMh,6,13,19,0.32
hBMj,3,3,6,0.5
hBMl,6,3,9,0.67
hBMm,22,17,39,0.56
hBMn,13,14,27,0.48
hBMs,5,3,8,0.62
hBMt,2,0,2,1.0
hBNB,9,13,22,0.41
hBND,1,2,3,0.33
hBNH,2,4,6,0.33
hBNI,2,0,2,1.0
hBNK,2,0,2,1.0
hBNL,2,2,4,0.5
hBNM,9,23,32,0.28
hBNN,14,16,30,0.47
hBNP,15,13,28,0.54
hBNS,12,8,20,0.6
hBNb,8,13,21,0.38
hBNh,3,4,7,0.43
hBNl,7,3,10,0.7
hBNm,17,22,39,0.44
hBNn,17,14,31,0.55
hBNs,7,11,18,0.39
hBNt,4,2,6,0.67
hBPB,4,9,13,0.31
hBPD,0,1,1,0.0
hBPH,6,3,9,0.67
hBPI,1,1,2,0.5
hBPK,0,3,3,0.0
hBPL,3,4,7,0.43
hBPM,15,20,35,0.43
hBPN,14,15,29,0.48
hBPP,21,17,38,0.55
hBPS,5,13,18,0.28
hBPb,7,12,19,0.37
hBPh,2,1,3,0.67
hBPl,4,3,7,0.57
hBPm,15,18,33,0.45
hBPn,12,11,23,0.52
hBPs,10,7,17,0.59
hBPt,1,2,3,0.33
hBSB,4,8,12,0.33
hBSD,3,0,3,1.0
hBSH,4,5,9,0.44
hBSI,1,0,1,1.0
hBSL,1,1,2,0.5
hBSM,11,13,24,0.46
hBSN,3,6,9,0.33
hBSP,7,6,13,0.54
hBSS,6,5,11,0.55
hBSb,8,5,13,0.62
hBSh,3,6,9,0.33
hBSl,0,1,1,0.0
hBSm,10,8,18,0.56
hBSn,11,5,16,0.69
hBSs,8,4,12,0.67
hBSt,3,2,5,0.6
hBbB,11,11,22,0.5
hBbD,3,2,5,0.6
hBbH,3,4,7,0.43
hBbI,7,0,7,1.0
hBbJ,1,9,10,0.1
hBbK,0,2,2,0.0
hBbL,6,3,9,0.67
hBbM,10,19,29,0.34
hBbN,17,15,32,0.53
hBbP,14,18,32,0.44
hBbS,7,11,18,0.39
hBbb,3,12,15,0.2
hBbh,1,2,3,0.33
hBbl,5,2,7,0.71
hBbm,7,12,19,0.37
hBbn,10,9,19,0.53
hBbs,10,10,20,0.5
hBhB,2,3,5,0.4
hBhD,0,1,1,0.0
hBhL,1,1,2,0.5
hBhM,1,1,2,0.5
hBhN,2,1,3,0.67
hBhP,2,2,4,0.5
hBhS,1,0,1,1.0
hBhb,0,1,1,0.0
hBhm,3,2,5,0.6
hBhn,1,1,2,0.5
hBhs,0,1,1,0.0
hBht,0,0,0,
hBjB,5,3,8,0.62
hBjD,0,1,1,0.0
hBjL,0,2,2,0.0
hBjM,2,1,3,0.67
hBjN,1,1,2,0.5
hBjP,2,3,5,0.4
hBjS,0,3,3,0.0
hBjb,2,4,6,0.33
hBjh,1,1,2,0.5
hBjl,3,1,4,0.75
hBjm,7,1,8,0.88
hBjn,0,4,4,0.0
hBjs,3,1,4,0.75
hBjt,1,0,1,1.0
hBlB,2,3,5,0.4
hBlD,0,0,0,
hBlH,2,2,4,0.5
hBlJ,1,2,3,0.33
hBlK,0,1,1,0.0
hBlL,2,4,6,0.33
hBlM,5,4,9,0.56
hBlN,3,3,6,0.5
hBlP,4,3,7,0.57
hBlS,4,4,8,0.5
hBlb,2,5,7,0.29
hBll,0,1,1,0.0
hBlm,6,4,10,0.6
hBln,5,2,7,0.71
hBls,0,3,3,0.0
hBmB,9,12,21,0.43
hBmD,5,2,7,0.71
hBmH,7,16,23,0.3
hBmI,2,3,5,0.4
hBmJ,1,1,2,0.5
hBmK,1,2,3,0.33
hBmL,2,7,9,0.22
hBmM,10,18,28,0.36
hBmN,13,17,30,0.43
hBmP,6,14,20,0.3
hBmS,12,6,18,0.67
hBmb,10,14,24,0.42
hBmh,1,1,2,0.5
hBml,4,2,6,0.67
hBmm,11,9,20,0.55
hBmn,15,9,24,0.62
hBms,6,8,14,0.43
hBnB,17,14,31,0.55
hBnD,4,0,4,1.0
hBnH,8,8,16,0.5
hBnI,4,4,8,0.5
hBnK,0,3,3,0.0
hBnL,3,5,8,0.38
hBnM,18,19,37,0.49
hBnN,12,24,36,0.33
hBnP,13,18,31,0.42
hBnS,19,18,37,0.51
hBnb,12,18,30,0.4
hBnh,1,2,3,0.33
hBnl,7,2,9,0.78
hBnm,17,19,36,0.47
hBnn,15,19,34,0.44
hBns,12,16,28,0.43
hBsB,1,1,2,0.5
hBsD,0,2,2,0.0
hBsH,6,7,13,0.46
hBsI,2,2,4,0.5
hBsL,5,3,8,0.62
hBsM,6,8,14,0.43
hBsN,5,8,13,0.38
hBsP,4,8,12,0.33
hBsS,8,7,15,0.53
hBsb,6,8,14,0.43
hBsl,1,1,2,0.5
hBsm,12,4,16,0.75
hBsn,6,10,16,0.38
hBss,13,8,21,0.62
hBtB,1,0,1,1.0
hBtD,0,1,1,0.0
hBtH,1,3,4,0.25
hBtL,1,0,1,1.0
hBtM,2,0,2,1.0
hBtN,0,4,4,0.0
hBtP,3,1,4,0.75
hBtS,1,4,5,0.2
hBtb,0,1,1,0.0
hBtm,3,1,4,0.75
hBtn,4,2,6,0.67
hBts,1,0,1,1.0
hBtt,2,0,2,1.0
hDBB,0,1,1,0.0
hDBM,3,3,6,0.5
hDBN,0,3,3,0.0
hDBP,3,0,3,1.0
hDBS,1,1,2,0.5
hDBj,0,0,0,
hDBl,0,1,1,0.0
hDBm,3,2,5,0.6
hDBn,1,2,3,0.33
hDBs,1,1,2,0.5
hDDB,0,0,0,
hDDH,0,1,1,0.0
hDDM,2,0,2,1.0
hDDP,1,0,1,1.0
hDDS,2,1,3,0.67
hDDl,0,1,1,0.0
hDDn,0,1,1,0.0
hDDs,3,0,3,1.0
hDHB,2,2,4,0.5
hDHD,1,0,1,1.0
hDHL,1,1,2,0.5
hDHM,3,1,4,0.75
hDHN,1,1,2,0.5
hDHP,1,1,2,0.5
hDHS,1,1,2,0.5
hDHb,2,1,3,0.67
hDHh,0,0,0,
hDHl,1,1,2,0.5
hDHm,3,3,6,0.5
hDHn,2,2,4,0.5
hDHs,1,2,3,0.33
hDHt,0,1,1,0.0
hDIH,1,0,1,1.0
hDIM,0,0,0,
hDIN,2,0,2,1.0
hDIP,1,0,1,1.0
hDIt,0,0,0,
hDKs,0,1,1,0.0
hDLB,0,1,1,0.0
hDLD,1,0,1,1.0
hDLL,0,1,1,0.0
hDLM,1,0,1,1.0
hDLN,0,1,1,0.0
hDLP,0,1,1,0.0
hDLS,1,0,1,1.0
hDLm,0,1,1,0.0
hDLn,0,1,1,0.0
hDLs,1,0,1,1.0
hDLt,0,1,1,0.0
hDMB,1,7,8,0.12
hDMD,2,0,2,1.0
hDML,0,2,2,0.0
hDMM,2,1,3,0.67
hDMN,1,2,3,0.33
hDMP,2,4,6,0.33
hDMS,1,1,2,0.5
hDMb,0,4,4,0.0
hDMh,2,3,5,0.4
hDMj,0,1,1,0.0
hDMl,0,0,0,
hDMm,2,2,4,0.5
hDMn,4,6,10,0.4
hDMs,1,1,2,0.5
hDMt,0,0,0,
hDNB,1,2,3,0.33
hDND,0,0,0,
hDNH,1,0,1,1.0
hDNK,1,0,1,1.0
hDNL,1,1,2,0.5
hDNM,0,2,2,0.0
hDNN,1,0,1,1.0
hDNP,1,6,7,0.14
hDNS,0,1,1,0.0
hDNb,1,0,1,1.0
hDNm,1,2,3,0.33
hDNn,2,3,5,0.4
hDNs,1,1,2,0.5
hDNt,0,1,1,0.0
hDPB,0,1,1,0.0
hDPD,0,2,2,0.0
hDPM,3,2,5,0.6
hDPN,0,2,2,0.0
hDPP,2,4,6,0.33
hDPS,1,1,2,0.5
hDPb,2,3,5,0.4
hDPl,1,0,1,1.0
hDPm,0,1,1,0.0
hDPn,3,3,6,0.5
hDPs,0,1,1,0.0
hDSB,3,1,4,0.75
hDSH,2,2,4,0.5
hDSL,0,1,1,0.0
hDSM,2,0,2,1.0
hDSN,0,0,0,
hDSP,2,1,3,0.67
hDSS,3,5,8,0.38
hDSb,1,2,3,0.33
hDSh,4,0,4,1.0
hDSl,1,0,1,1.0
hDSm,2,1,3,0.67
hDSn,1,2,3,0.33
hDSs,6,2,8,0.75
hDSt,2,0,2,1.0
hDbB,1,1,2,0.5
hDbH,0,1,1,0.0
hDbI,1,0,1,1.0
hDbJ,2,0,2,1.0
hDbL,1,1,2,0.5
hDbM,1,1,2,0.5
hDbN,1,0,1,1.0
hDbS,2,1,3,0.67
hDbb,1,2,3,0.33
hDbl,1,2,3,0.33
hDbm,2,2,4,0.5
hDbn,0,2,2,0.0
hDhI,0,1,1,0.0
hDhP,0,1,1,0.0
hDhS,1,0,1,1.0
hDhn,0,1,1,0.0
hDlM,0,1,1,0.0
hDlN,1,0,1,1.0
hDlP,0,3,3,0.0
hDlS,0,1,1,0.0
hDlb,0,2,2,0.0
hDlm,0,2,2,0.0
hDls,0,2,2,0.0
hDmB,2,2,4,0.5
hDmD,0,0,0,
hDmH,2,1,3,0.67
hDmI,0,1,1,0.0
hDmJ,1,1,2,0.5
hDmL,1,0,1,1.0
hDmM,2,1,3,0.67
hDmN,4,4,8,0.5
hDmP,1,0,1,1.0
hDmS,4,0,4,1.0
hDmb,3,3,6,0.5
hDml,1,0,1,1.0
hDmm,5,4,9,0.56
hDmn,0,3,3,0.0
hDms,0,2,2,0.0
hDnB,0,1,1,0.0
hDnH,1,2,3,0.33
hDnK,0,0,0,
hDnL,0,1,1,0.0
hDnM,1,3,4,0.25
hDnN,0,1,1,0.0
hDnP,3,0,3,1.0
hDnS,0,1,1,0.0
hDnb,0,2,2,0.0
hDnm,1,2,3,0.33
hDnn,0,1,1,0.0
hDns,3,2,5,0.6
hDsB,1,1,2,0.5
hDsD,1,1,2,0.5
hDsH,1,0,1,1.0
hDsI,0,0,0,
hDsK,1,0,1,1.0
hDsL,0,0,0,
hDsM,1,2,3,0.33
hDsN,2,3,5,0.4
hDsP,3,0,3,1.0
hDsS,1,4,5,0.2
hDsb,1,1,2,0.5
hDsl,0,1,1,0.0
hDsm,1,4,5,0.2
hDsn,1,0,1,1.0
hDss,3,0,3,1.0
hDtB,0,0,0,
hDtl,1,0,1,1.0
hDtm,1,0,1,1.0
hHBB,2,3,5,0.4
hHBD,0,1,1,0.0
hHBK,1,0,1,1.0
hHBM,2,1,3,0.67
hHBN,3,2,5,0.6
hHBP,1,3,4,0.25
hHBS,2,3,5,0.4
hHBb,2,2,4,0.5
hHBm,2,2,4,0.5
hHBn,1,3,4,0.25
hHBs,1,3,4,0.25
hHDH,1,0,1,1.0
hHDM,1,0,1,1.0
hHDP,3,1,4,0.75
hHDS,2,0,2,1.0
hHDb,1,0,1,1.0
hHDm,1,0,1,1.0
hHDs,1,0,1,1.0
hHDt,0,0,0,
hHHB,0,3,3,0.0
hHHD,1,0,1,1.0
hHHH,0,1,1,0.0
hHHI,1,0,1,1.0
hHHM,0,3,3,0.0
hHHN,1,1,2,0.5
hHHP,1,1,2,0.5
hHHS,2,3,5,0.4
hHHb,0,1,1,0.0
hHHh,1,0,1,1.0
hHHm,0,2,2,0.0
hHHn,0,1,1,0.0
hHHs,3,4,7,0.43
hHIB,0,1,1,0.0
hHIH,2,1,3,0.67
hHIK,1,0,1,1.0
hHIM,0,2,2,0.0
hHIN,1,1,2,0.5
hHIP,1,0,1,1.0
hHIS,1,2,3,0.33
hHIb,0,2,2,0.0
hHIl,1,0,1,1.0
hHIn,1,0,1,1.0
hHIs,0,0,0,
hHKN,1,0,1,1.0
hHKP,0,0,0,
hHKS,0,1,1,0.0
hHKb,1,0,1,1.0
hHKl,1,1,2,0.5
hHKm,1,0,1,1.0
hHKs,0,1,1,0.0
hHLB,2,0,2,1.0
hHLL,1,0,1,1.0
hHLM,1,3,4,0.25
hHLN,0,1,1,0.0
hHLP,0,0,0,
hHLS,2,1,3,0.67
hHLl,0,1,1,0.0
hHLm,1,2,3,0.33
hHLn,1,0,1,1.0
hHLs,1,2,3,0.33
hHMB,5,7,12,0.42
hHMH,1,0,1,1.0
hHML,3,4,7,0.43
hHMM,4,4,8,0.5
hHMN,5,3,8,0.62
hHMP,5,7,12,0.42
hHMS,5,5,10,0.5
hHMb,6,4,10,0.6
hHMh,7,4,11,0.64
hHMj,1,3,4,0.25
hHMl,1,3,4,0.25
hHMm,7,3,10,0.7
hHMn,7,5,12,0.58
hHMs,5,2,7,0.71
hHMt,1,2,3,0.33
hHNB,1,3,4,0.25
hHND,2,0,2,1.0
hHNK,1,1,2,0.5
hHNL,0,2,2,0.0
hHNM,1,4,5,0.2
hHNN,4,2,6,0.67
hHNP,4,2,6,0.67
hHNS,5,5,10,0.5
hHNb,4,0,4,1.0
hHNh,1,1,2,0.5
hHNl,1,1,2,0.5
hHNm,5,3,8,0.62
hHNn,4,6,10,0.4
hHNs,2,3,5,0.4
hHNt,1,0,1,1.0
hHPB,5,2,7,0.71
hHPD,0,0,0,
hHPH,0,1,1,0.0
hHPK,0,1,1,0.0
hHPL,1,2,3,0.33
hHPM,5,8,13,0.38
hHPN,6,2,8,0.75
hHPP,6,6,12,0.5
hHPS,7,4,11,0.64
hHPb,2,3,5,0.4
hHPh,0,1,1,0.0
hHPl,2,3,5,0.4
hHPm,5,0,5,1.0
hHPn,2,2,4,0.5
hHPs,3,6,9,0.33
hHPt,0,1,1,0.0
hHSB,3,3,6,0.5
hHSD,0,2,2,0.0
hHSH,4,4,8,0.5
hHSI,1,0,1,1.0
hHSK,0,0,0,
hHSL,0,3,3,0.0
hHSM,8,4,12,0.67
hHSN,1,0,1,1.0
hHSP,1,4,5,0.2
hHSS,9,8,17,0.53
hHSb,5,1,6,0.83
hHSh,4,4,8,0.5
hHSl,3,1,4,0.75
hHSm,6,10,16,0.38
hHSn,4,3,7,0.57
hHSs,6,4,10,0.6
hHSt,1,1,2,0.5
hHbB,1,1,2,0.5
hHbI,0,1,1,0.0
hHbJ,1,2,3,0.33
hHbK,1,0,1,1.0
hHbL,1,0,1,1.0
hHbM,3,4,7,0.43
hHbN,1,2,3,0.33
hHbP,4,5,9,0.44
hHbS,1,0,1,1.0
hHbb,2,3,5,0.4
hHbl,1,0,1,1.0
hHbm,1,2,3,0.33
hHbn,3,1,4,0.75
hHbs,3,1,4,0.75
hHhB,4,1,5,0.8
hHhH,1,1,2,0.5
hHhL,0,1,1,0.0
hHhM,2,1,3,0.67
hHhN,3,2,5,0.6
hHhP,3,2,5,0.6
hHhS,0,2,2,0.0
hHhb,1,3,4,0.25
hHhh,3,2,5,0.6
hHhl,0,0,0,
hHhm,2,1,3,0.67
hHhn,2,3,5,0.4
hHhs,2,1,3,0.67
hHht,1,0,1,1.0
hHlB,0,1,1,0.0
hHlH,2,1,3,0.67
hHlI,0,1,1,0.0
hHlL,1,1,2,0.5
hHlM,1,4,5,0.2
hHlN,0,2,2,0.0
hHlP,1,3,4,0.25
hHlS,1,2,3,0.33
hHll,0,1,1,0.0
hHlm,1,1,2,0.5
hHln,1,0,1,1.0
hHls,0,1,1,0.0
hHmB,4,5,9,0.44
hHmD,3,0,3,1.0
hHmH,3,6,9,0.33
hHmL,0,2,2,0.0
hHmM,6,3,9,0.67
hHmN,3,3,6,0.5
hHmP,7,3,10,0.7
hHmS,3,0,3,1.0
hHmb,5,10,15,0.33
hHml,0,2,2,0.0
hHmm,4,2,6,0.67
hHmn,3,2,5,0.6
hHms,6,5,11,0.55
hHnB,2,2,4,0.5
hHnD,0,0,0,
hHnH,5,2,7,0.71
hHnK,0,1,1,0.0
hHnL,0,0,0,
hHnM,4,3,7,0.57
hHnN,5,6,11,0.45
hHnP,3,2,5,0.6
hHnS,4,1,5,0.8
hHnb,2,2,4,0.5
hHnh,0,1,1,0.0
hHnl,2,2,4,0.5
hHnm,4,2,6,0.67
hHnn,2,2,4,0.5
hHns,3,0,3,1.0
hHsB,5,2,7,0.71
hHsD,0,1,1,0.0
hHsH,4,4,8,0.5
hHsI,1,1,2,0.5
hHsK,0,0,0,
hHsL,1,0,1,1.0
hHsM,6,4,10,0.6
hHsN,1,3,4,0.25
hHsP,4,4,8,0.5
hHsS,10,3,13,0.77
hHsb,0,1,1,0.0
hHsh,0,1,1,0.0
hHsl,2,2,4,0.5
hHsm,4,3,7,0.57
hHsn,4,5,9,0.44
hHss,8,9,17,0.47
hHtB,0,1,1,0.0
hHtM,1,0,1,1.0
hHtt,1,0,1,1.0
hIBB,0,2,2,0.0
hIBM,0,4,4,0.0
hIBN,2,0,2,1.0
hIBP,3,0,3,1.0
hIBS,1,0,1,1.0
hIBb,2,2,4,0.5
hIBj,1,0,1,1.0
hIBm,5,1,6,0.83
hIBs,2,1,3,0.67
hIDH,1,0,1,1.0
hIDL,0,0,0,
hIDM,2,0,2,1.0
hIDP,1,0,1,1.0
hIDS,1,0,1,1.0
hIDl,0,1,1,0.0
hIDm,1,2,3,0.33
hIDt,0,1,1,0.0
hIHB,0,4,4,0.0
hIHD,0,0,0,
hIHH,1,0,1,1.0
hIHK,0,1,1,0.0
hIHL,0,1,1,0.0
hIHM,1,2,3,0.33
hIHN,0,0,0,
hIHP,3,2,5,0.6
hIHS,6,1,7,0.86
hIHb,2,1,3,0.67
hIHh,2,0,2,1.0
hIHl,0,1,1,0.0
hIHm,2,2,4,0.5
hIHn,2,1,3,0.67
hIHs,1,1,2,0.5
hIIB,0,2,2,0.0
hIIM,1,1,2,0.5
hIIn,1,0,1,1.0
hIKb,0,1,1,0.0
hILB,0,1,1,0.0
hILD,0,1,1,0.0
hILL,0,0,0,
hILM,0,1,1,0.0
hILN,1,0,1,1.0
hILS,1,1,2,0.5
hILb,1,1,2,0.5
hILm,2,1,3,0.67
hILn,2,0,2,1.0
hIMB,1,3,4,0.25
hIMD,1,0,1,1.0
hIMM,2,2,4,0.5
hIMN,1,5,6,0.17
hIMP,0,3,3,0.0
hIMS,1,2,3,0.33
hIMb,2,3,5,0.4
hIMh,3,1,4,0.75
hIMl,4,1,5,0.8
hIMm,4,1,5,0.8
hIMn,2,5,7,0.29
hIMs,3,2,5,0.6
hIMt,1,1,2,0.5
hINB,1,2,3,0.33
hINH,1,0,1,1.0
hINI,0,1,1,0.0
hINL,0,1,1,0.0
hINM,1,3,4,0.25
hINN,0,1,1,0.0
hINP,1,2,3,0.33
hINS,1,1,2,0.5
hINb,0,1,1,0.0
hINh,2,1,3,0.67
hINm,1,1,2,0.5
hINn,4,2,6,0.67
hINt,0,1,1,0.0
hIPB,2,1,3,0.67
hIPK,1,1,2,0.5
hIPL,1,1,2,0.5
hIPM,3,5,8,0.38
hIPN,1,4,5,0.2
hIPP,2,1,3,0.67
hIPS,2,1,3,0.67
hIPb,2,2,4,0.5
hIPl,1,1,2,0.5
hIPm,3,0,3,1.0
hIPn,4,1,5,0.8
hIPs,2,2,4,0.5
hISB,2,1,3,0.67
hISH,1,1,2,0.5
hISL,0,3,3,0.0
hISM,1,7,8,0.12
hISN,1,1,2,0.5
hISP,3,4,7,0.43
hISS,5,5,10,0.5
hISb,2,2,4,0.5
hISh,1,4,5,0.2
hISl,0,1,1,0.0
hISm,2,4,6,0.33
hISn,1,1,2,0.5
hISs,4,3,7,0.57
hISt,0,1,1,0.0
hIbB,1,2,3,0.33
hIbJ,0,1,1,0.0
hIbK,0,0,0,
hIbL,0,1,1,0.0
hIbM,3,4,7,0.43
hIbN,3,2,5,0.6
hIbP,0,2,2,0.0
hIbS,0,0,0,
hIbb,1,1,2,0.5
hIbl,2,1,3,0.67
hIbm,0,0,0,
hIbn,1,1,2,0.5
hIbs,1,0,1,1.0
hIhB,0,0,0,
hIhL,0,1,1,0.0
hIhM,1,1,2,0.5
hIhP,0,1,1,0.0
hIhS,0,1,1,0.0
hIhh,1,1,2,0.5
hIhn,0,0,0,
hIhs,1,1,2,0.5
hIlB,1,0,1,1.0
hIlD,0,1,1,0.0
hIlJ,1,0,1,1.0
hIlM,0,2,2,0.0
hIlN,1,0,1,1.0
hIlP,0,1,1,0.0
hIlS,1,0,1,1.0
hIlb,1,1,2,0.5
hIll,1,0,1,1.0
hIlm,2,0,2,1.0
hIln,0,1,1,0.0
hImB,3,1,4,0.75
hImD,0,1,1,0.0
hImH,1,1,2,0.5
hImI,1,0,1,1.0
hImJ,1,0,1,1.0
hImL,1,1,2,0.5
hImM,5,7,12,0.42
hImN,2,3,5,0.4
hImS,3,1,4,0.75
hImb,3,4,7,0.43
hIml,0,0,0,
hImm,1,5,6,0.17
hImn,3,2,5,0.6
hIms,2,2,4,0.5
hInB,1,0,1,1.0
hInH,0,5,5,0.0
hInI,1,1,2,0.5
hInM,1,3,4,0.25
hInN,0,1,1,0.0
hInP,3,4,7,0.43
hInS,0,1,1,0.0
hInb,3,0,3,1.0
hInm,5,0,5,1.0
hInn,2,1,3,0.67
hIns,1,1,2,0.5
hIsB,1,2,3,0.33
hIsH,2,0,2,1.0
hIsI,1,0,1,1.0
hIsL,0,0,0,
hIsM,0,3,3,0.0
hIsN,1,1,2,0.5
hIsP,1,2,3,0.33
hIsS,3,2,5,0.6
hIsb,1,4,5,0.2
hIsh,0,0,0,
hIsl,1,1,2,0.5
hIsm,1,1,2,0.5
hIsn,2,1,3,0.67
hIss,2,0,2,1.0
hItI,0,0,0,
hItN,1,1,2,0.5
hItS,0,2,2,0.0
hItb,1,0,1,1.0
hItm,1,0,1,1.0
hItn,2,0,2,1.0
hKBB,1,0,1,1.0
hKBN,1,1,2,0.5
hKBP,1,0,1,1.0
hKBj,0,2,2,0.0
hKBn,1,1,2,0.5
hKDH,0,1,1,0.0
hKHM,0,1,1,0.0
hKIP,1,0,1,1.0
hKKb,0,0,0,
hKLb,1,0,1,1.0
hKLn,0,1,1,0.0
hKMB,1,2,3,0.33
hKML,0,1,1,0.0
hKMM,0,2,2,0.0
hKMN,1,0,1,1.0
hKMP,2,0,2,1.0
hKMS,0,1,1,0.0
hKMb,1,1,2,0.5
hKMm,1,0,1,1.0
hKMn,0,2,2,0.0
hKMs,1,1,2,0.5
hKMt,0,1,1,0.0
hKNB,0,2,2,0.0
hKNM,2,1,3,0.67
hKNN,2,0,2,1.0
hKNP,1,0,1,1.0
hKNS,1,1,2,0.5
hKNb,1,0,1,1.0
hKNn,0,1,1,0.0
hKNs,2,0,2,1.0
hKPB,0,0,0,
hKPL,0,1,1,0.0
hKPM,0,1,1,0.0
hKPm,1,0,1,1.0
hKPn,2,0,2,1.0
hKSB,1,1,2,0.5
hKSH,0,0,0,
hKSI,1,0,1,1.0
hKSS,0,1,1,0.0
hKSh,0,1,1,0.0
hKSl,0,1,1,0.0
hKSm,1,0,1,1.0
hKSn,1,0,1,1.0
hKSt,1,0,1,1.0
hKbB,1,1,2,0.5
hKbK,0,0,0,
hKbL,0,1,1,0.0
hKbb,0,0,0,
hKbm,0,1,1,0.0
hKbn,0,1,1,0.0
hKhB,0,1,1,0.0
hKhM,0,3,3,0.0
hKhP,0,0,0,
hKhS,1,2,3,0.33
hKhn,0,0,0,
hKhs,0,2,2,0.0
hKlB,1,0,1,1.0
hKlH,0,1,1,0.0
hKlb,1,0,1,1.0
hKmB,0,0,0,
hKmH,1,1,2,0.5
hKmN,2,1,3,0.67
hKmP,3,1,4,0.75
hKmS,2,2,4,0.5
hKmb,1,0,1,1.0
hKmm,4,2,6,0.67
hKmn,1,0,1,1.0
hKms,0,1,1,0.0
hKnn,0,0,0,
hKsB,0,0,0,
hKsD,2,0,2,1.0
hKsI,0,1,1,0.0
hKsM,0,1,1,0.0
hKsN,1,1,2,0.5
hKsP,1,1,2,0.5
hKsS,1,2,3,0.33
hKsl,0,2,2,0.0
hKsm,1,0,1,1.0
hKss,1,0,1,1.0
hLBB,4,4,8,0.5
hLBD,1,1,2,0.5
hLBL,0,1,1,0.0
hLBM,2,4,6,0.33
hLBN,4,4,8,0.5
hLBP,3,9,12,0.25
hLBS,1,1,2,0.5
hLBb,4,7,11,0.36
hLBh,0,0,0,
hLBj,1,0,1,1.0
hLBl,2,1,3,0.67
hLBm,5,5,10,0.5
hLBn,6,4,10,0.6
hLBs,1,1,2,0.5
hLDB,1,0,1,1.0
hLDL,0,2,2,0.0
hLDb,1,1,2,0.5
hLDh,1,0,1,1.0
hLDm,0,1,1,0.0
hLDn,0,1,1,0.0
hLHB,0,1,1,0.0
hLHl,1,0,1,1.0
hLIL,0,1,1,0.0
hLKB,0,1,1,0.0
hLKM,1,1,2,0.5
hLKN,0,1,1,0.0
hLKP,1,2,3,0.33
hLKb,0,1,1,0.0
hLKh,0,0,0,
hLKl,1,0,1,1.0
hLKm,1,1,2,0.5
hLKn,1,0,1,1.0
hLKs,1,0,1,1.0
hLLP,2,1,3,0.67
hLLS,0,4,4,0.0
hLLb,1,1,2,0.5
hLLj,1,0,1,1.0
hLLl,0,1,1,0.0
hLLm,0,2,2,0.0
hLLn,2,1,3,0.67
hLLs,2,0,2,1.0
hLMB,2,3,5,0.4
hLMD,3,0,3,1.0
hLML,0,3,3,0.0
hLMM,5,3,8,0.62
hLMN,0,3,3,0.0
hLMP,1,4,5,0.2
hLMS,3,3,6,0.5
hLMb,3,2,5,0.6
hLMh,2,5,7,0.29
hLMj,2,1,3,0.67
hLMl,2,1,3,0.67
hLMm,5,5,10,0.5
hLMn,6,5,11,0.55
hLMs,4,1,5,0.8
hLMt,1,0,1,1.0
hLNB,3,5,8,0.38
hLND,1,0,1,1.0
hLNH,1,1,2,0.5
hLNL,1,2,3,0.33
hLNM,4,3,7,0.57
hLNN,3,7,10,0.3
hLNP,4,1,5,0.8
hLNS,2,2,4,0.5
hLNb,5,4,9,0.56
hLNh,0,4,4,0.0
hLNl,0,4,4,0.0
hLNm,6,3,9,0.67
hLNn,4,1,5,0.8
hLNs,8,0,8,1.0
hLNt,0,0,0,
hLPB,6,2,8,0.75
hLPH,0,2,2,0.0
hLPI,0,1,1,0.0
hLPK,2,0,2,1.0
hLPL,1,1,2,0.5
hLPM,2,1,3,0.67
hLPN,4,5,9,0.44
hLPP,3,3,6,0.5
hLPS,5,3,8,0.62
hLPb,6,5,11,0.55
hLPh,1,2,3,0.33
hLPl,1,3,4,0.25
hLPm,7,11,18,0.39
hLPn,10,3,13,0.77
hLPs,5,4,9,0.56
hLPt,0,0,0,
hLSB,3,3,6,0.5
hLSD,1,0,1,1.0
hLSH,0,2,2,0.0
hLSL,1,1,2,0.5
hLSM,3,3,6,0.5
hLSN,0,2,2,0.0
hLSP,1,5,6,0.17
hLSS,3,2,5,0.6
hLSb,2,0,2,1.0
hLSh,0,3,3,0.0
hLSl,0,3,3,0.0
hLSm,4,5,9,0.44
hLSn,2,1,3,0.67
hLSs,3,2,5,0.6
hLSt,0,2,2,0.0
hLbB,2,4,6,0.33
hLbH,5,2,7,0.71
hLbJ,2,1,3,0.67
hLbK,0,2,2,0.0
hLbL,4,1,5,0.8
hLbM,4,5,9,0.44
hLbN,5,8,13,0.38
hLbP,3,1,4,0.75
hLbS,6,1,7,0.86
hLbb,3,1,4,0.75
hLbh,0,1,1,0.0
hLbl,3,0,3,1.0
hLbm,5,1,6,0.83
hLbn,7,3,10,0.7
hLbs,4,1,5,0.8
hLhB,0,3,3,0.0
hLhD,0,1,1,0.0
hLhL,1,0,1,1.0
hLhM,2,1,3,0.67
hLhN,0,1,1,0.0
hLhP,0,3,3,0.0
hLhS,0,1,1,0.0
hLhb,1,0,1,1.0
hLhh,1,0,1,1.0
hLhl,4,0,4,1.0
hLhm,0,3,3,0.0
hLhn,0,1,1,0.0
hLhs,1,3,4,0.25
hLjB,2,1,3,0.67
hLjI,0,1,1,0.0
hLjL,1,1,2,0.5
hLjM,1,3,4,0.25
hLjN,2,0,2,1.0
hLjP,0,1,1,0.0
hLjS,0,1,1,0.0
hLjb,0,2,2,0.0
hLjh,0,1,1,0.0
hLjl,1,0,1,1.0
hLjm,2,0,2,1.0
hLjn,2,3,5,0.4
hLjt,1,0,1,1.0
hLlB,0,1,1,0.0
hLlH,0,2,2,0.0
hLlJ,2,0,2,1.0
hLlL,0,2,2,0.0
hLlM,0,3,3,0.0
hLlN,3,2,5,0.6
hLlP,2,0,2,1.0
hLlS,2,2,4,0.5
hLlb,5,2,7,0.71
hLlm,2,0,2,1.0
hLln,1,0,1,1.0
hLls,2,1,3,0.67
hLmB,1,3,4,0.25
hLmD,3,0,3,1.0
hLmH,4,5,9,0.44
hLmI,3,0,3,1.0
hLmJ,1,0,1,1.0
hLmL,2,2,4,0.5
hLmM,5,4,9,0.56
hLmN,5,4,9,0.56
hLmP,4,3,7,0.57
hLmS,1,5,6,0.17
hLmb,4,8,12,0.33
hLml,1,0,1,1.0
hLmm,8,2,10,0.8
hLmn,3,2,5,0.6
hLms,3,1,4,0.75
hLnB,5,3,8,0.62
hLnH,1,3,4,0.25
hLnI,0,0,0,
hLnK,1,1,2,0.5
hLnL,1,2,3,0.33
hLnM,2,3,5,0.4
hLnN,8,8,16,0.5
hLnP,6,7,13,0.46
hLnS,3,7,10,0.3
hLnb,6,3,9,0.67
hLnh,0,1,1,0.0
hLnl,2,1,3,0.67
hLnm,7,3,10,0.7
hLnn,5,7,12,0.42
hLns,4,3,7,0.57
hLsB,3,2,5,0.6
hLsH,2,5,7,0.29
hLsI,1,1,2,0.5
hLsL,0,2,2,0.0
hLsM,3,5,8,0.38
hLsN,4,4,8,0.5
hLsP,2,2,4,0.5
hLsS,5,3,8,0.62
hLsb,1,3,4,0.25
hLsl,2,0,2,1.0
hLsm,4,4,8,0.5
hLsn,0,4,4,0.0
hLss,5,3,8,0.62
hLtD,0,1,1,0.0
hLtH,2,0,2,1.0
hLtM,1,0,1,1.0
hLtN,2,0,2,1.0
hLtP,0,1,1,0.0
hLtb,1,0,1,1.0
hLtl,1,0,1,1.0
hLtn,0,0,0,
hLts,0,1,1,0.0
hMBB,15,23,38,0.39
hMBD,3,2,5,0.6
hMBH,0,0,0,
hMBK,2,2,4,0.5
hMBL,7,6,13,0.54
hMBM,9,14,23,0.39
hMBN,22,18,40,0.55
hMBP,16,20,36,0.44
hMBS,7,5,12,0.58
hMBb,19,19,38,0.5
hMBh,1,2,3,0.33
hMBj,2,5,7,0.29
hMBl,5,2,7,0.71
hMBm,23,19,42,0.55
hMBn,23,24,47,0.49
hMBs,4,5,9,0.44
hMBt,1,1,2,0.5
hMDB,2,1,3,0.67
hMDD,0,1,1,0.0
hMDH,2,1,3,0.67
hMDL,0,1,1,0.0
hMDM,5,6,11,0.45
hMDN,2,3,5,0.4
hMDP,4,3,7,0.57
hMDS,3,1,4,0.75
hMDb,0,2,2,0.0
hMDh,1,1,2,0.5
hMDl,1,0,1,1.0
hMDm,5,1,6,0.83
hMDn,3,1,4,0.75
hMDs,1,1,2,0.5
hMHB,1,1,2,0.5
hMHD,0,1,1,0.0
hMHI,0,1,1,0.0
hMHL,0,1,1,0.0
hMHM,1,0,1,1.0
hMHN,1,0,1,1.0
hMHS,0,1,1,0.0
hMHb,0,1,1,0.0
hMHm,1,2,3,0.33
hMIN,0,1,1,0.0
hMIP,1,0,1,1.0
hMIS,0,1,1,0.0
hMIb,1,0,1,1.0
hMIs,0,1,1,0.0
hMKB,0,0,0,
hMKH,1,0,1,1.0
hMKM,1,1,2,0.5
hMKb,0,1,1,0.0
hMKm,0,2,2,0.0
hMKn,1,0,1,1.0
hMLB,3,3,6,0.5
hMLK,0,1,1,0.0
hMLL,1,0,1,1.0
hMLM,4,6,10,0.4
hMLN,3,2,5,0.6
hMLP,3,3,6,0.5
hMLS,0,3,3,0.0
hMLb,8,2,10,0.8
hMLh,0,5,5,0.0
hMLj,0,0,0,
hMLl,1,3,4,0.25
hMLm,1,3,4,0.25
hMLn,11,3,14,0.79
hMLs,1,2,3,0.33
hMLt,0,0,0,
hMMB,16,26,42,0.38
hMMD,3,1,4,0.75
hMMI,1,0,1,1.0
hMMK,1,0,1,1.0
hMML,4,1,5,0.8
hMMM,19,16,35,0.54
hMMN,12,20,32,0.38
hMMP,21,21,42,0.5
hMMS,13,6,19,0.68
hMMb,12,17,29,0.41
hMMh,11,17,28,0.39
hMMj,2,2,4,0.5
hMMl,4,2,6,0.67
hMMm,34,14,48,0.71
hMMn,18,27,45,0.4
hMMs,8,14,22,0.36
hMMt,2,1,3,0.67
hMNB,8,7,15,0.53
hMND,1,0,1,1.0
hMNH,2,2,4,0.5
hMNI,0,0,0,
hMNK,1,2,3,0.33
hMNL,5,2,7,0.71
hMNM,7,18,25,0.28
hMNN,8,21,29,0.28
hMNP,18,21,39,0.46
hMNS,18,9,27,0.67
hMNb,14,12,26,0.54
hMNh,10,5,15,0.67
hMNl,6,4,10,0.6
hMNm,7,18,25,0.28
hMNn,20,17,37,0.54
hMNs,18,11,29,0.62
hMNt,1,3,4,0.25
hMPB,11,21,32,0.34
hMPD,1,2,3,0.33
hMPH,3,3,6,0.5
hMPI,7,0,7,1.0
hMPK,2,4,6,0.33
hMPL,5,7,12,0.42
hMPM,19,19,38,0.5
hMPN,21,20,41,0.51
hMPP,16,21,37,0.43
hMPS,10,16,26,0.38
hMPb,15,20,35,0.43
hMPh,1,0,1,1.0
hMPl,2,5,7,0.29
hMPm,26,25,51,0.51
hMPn,11,14,25,0.44
hMPs,8,18,26,0.31
hMPt,0,2,2,0.0
hMSB,7,6,13,0.54
hMSD,3,2,5,0.6
hMSH,6,7,13,0.46
hMSI,3,1,4,0.75
hMSL,3,3,6,0.5
hMSM,12,13,25,0.48
hMSN,6,4,10,0.6
hMSP,7,12,19,0.37
hMSS,13,14,27,0.48
hMSb,8,7,15,0.53
hMSh,5,4,9,0.56
hMSl,4,4,8,0.5
hMSm,13,9,22,0.59
hMSn,7,6,13,0.54
hMSs,15,13,28,0.54
hMSt,2,0,2,1.0
hMbB,4,11,15,0.27
hMbD,4,1,5,0.8
hMbH,7,2,9,0.78
hMbI,2,2,4,0.5
hMbJ,4,5,9,0.44
hMbK,2,4,6,0.33
hMbL,3,3,6,0.5
hMbM,16,22,38,0.42
hMbN,17,18,35,0.49
hMbP,15,18,33,0.45
hMbS,6,10,16,0.38
hMbb,10,14,24,0.42
hMbh,0,2,2,0.0
hMbl,7,6,13,0.54
hMbm,18,16,34,0.53
hMbn,14,15,29,0.48
hMbs,10,12,22,0.45
hMhB,7,6,13,0.54
hMhD,1,2,3,0.33
hMhH,6,3,9,0.67
hMhI,1,4,5,0.2
hMhK,1,0,1,1.0
hMhL,2,4,6,0.33
hMhM,5,20,25,0.2
hMhN,11,8,19,0.58
hMhP,21,9,30,0.7
hMhS,9,12,21,0.43
hMhb,10,8,18,0.56
hMhh,9,12,21,0.43
hMhl,5,3,8,0.62
hMhm,21,7,28,0.75
hMhn,19,16,35,0.54
hMhs,13,9,22,0.59
hMht,1,0,1,1.0
hMjB,2,2,4,0.5
hMjD,2,0,2,1.0
hMjH,2,0,2,1.0
hMjI,1,0,1,1.0
hMjK,1,0,1,1.0
hMjL,0,2,2,0.0
hMjM,2,2,4,0.5
hMjN,3,1,4,0.75
hMjP,4,3,7,0.57
hMjS,4,0,4,1.0
hMjb,0,3,3,0.0
hMjh,1,0,1,1.0
hMjl,2,0,2,1.0
hMjm,0,2,2,0.0
hMjn,3,0,3,1.0
hMjs,2,2,4,0.5
hMjt,0,1,1,0.0
hMlB,3,3,6,0.5
hMlH,4,2,6,0.67
hMlI,0,0,0,
hMlJ,0,0,0,
hMlL,2,2,4,0.5
hMlM,5,5,10,0.5
hMlN,5,8,13,0.38
hMlP,4,4,8,0.5
hMlS,2,6,8,0.25
hMlb,1,3,4,0.25
hMll,1,2,3,0.33
hMlm,12,4,16,0.75
hMln,4,3,7,0.57
hMls,1,1,2,0.5
hMmB,24,16,40,0.6
hMmD,7,3,10,0.7
hMmH,13,16,29,0.45
hMmI,3,3,6,0.5
hMmJ,2,5,7,0.29
hMmL,3,1,4,0.75
hMmM,25,23,48,0.52
hMmN,19,21,40,0.48
hMmP,12,11,23,0.52
hMmS,20,27,47,0.43
hMmb,23,14,37,0.62
hMmh,0,2,2,0.0
hMml,2,3,5,0.4
hMmm,27,21,48,0.56
hMmn,17,15,32,0.53
hMms,19,11,30,0.63
hMnB,11,21,32,0.34
hMnD,7,4,11,0.64
hMnH,7,12,19,0.37
hMnI,3,3,6,0.5
hMnK,1,7,8,0.12
hMnL,2,9,11,0.18
hMnM,17,22,39,0.44
hMnN,29,21,50,0.58
hMnP,27,29,56,0.48
hMnS,14,20,34,0.41
hMnb,15,18,33,0.45
hMnh,3,1,4,0.75
hMnl,6,6,12,0.5
hMnm,29,22,51,0.57
hMnn,21,24,45,0.47
hMns,19,20,39,0.49
hMsB,8,4,12,0.67
hMsD,4,1,5,0.8
hMsH,9,13,22,0.41
hMsI,0,1,1,0.0
hMsL,2,2,4,0.5
hMsM,11,13,24,0.46
hMsN,10,12,22,0.45
hMsP,15,9,24,0.62
hMsS,16,13,29,0.55
hMsb,6,10,16,0.38
hMsh,2,1,3,0.67
hMsl,4,2,6,0.67
hMsm,14,7,21,0.67
hMsn,8,7,15,0.53
hMss,9,10,19,0.47
hMtB,0,2,2,0.0
hMtH,2,2,4,0.5
hMtI,0,1,1,0.0
hMtK,1,0,1,1.0
hMtM,0,3,3,0.0
hMtN,1,1,2,0.5
hMtP,7,3,10,0.7
hMtb,2,1,3,0.67
hMtl,2,0,2,1.0
hMtm,2,5,7,0.29
hMtn,1,2,3,0.33
hMts,1,2,3,0.33
hMtt,0,1,1,0.0
hNBB,15,15,30,0.5
hNBD,1,2,3,0.33
hNBK,1,0,1,1.0
hNBL,1,2,3,0.33
hNBM,11,18,29,0.38
hNBN,8,12,20,0.4
hNBP,10,12,22,0.45
hNBS,5,8,13,0.38
hNBb,17,12,29,0.59
hNBh,1,0,1,1.0
hNBj,1,1,2,0.5
hNBl,4,5,9,0.44
hNBm,12,13,25,0.48
hNBn,14,10,24,0.58
hNBs,5,5,10,0.5
hNBt,1,1,2,0.5
hNDB,3,3,6,0.5
hNDD,2,0,2,1.0
hNDH,0,5,5,0.0
hNDL,1,1,2,0.5
hNDM,1,1,2,0.5
hNDN,2,1,3,0.67
hNDP,3,5,8,0.38
hNDS,1,4,5,0.2
hNDb,1,0,1,1.0
hNDl,1,2,3,0.33
hNDm,4,3,7,0.57
hNDn,2,2,4,0.5
hNDs,2,2,4,0.5
hNDt,0,0,0,
hNHB,2,2,4,0.5
hNHD,1,0,1,1.0
hNHL,1,0,1,1.0
hNHM,3,2,5,0.6
hNHN,2,1,3,0.67
hNHP,4,3,7,0.57
hNHS,4,3,7,0.57
hNHb,4,1,5,0.8
hNHh,2,2,4,0.5
hNHl,2,1,3,0.67
hNHm,2,3,5,0.4
hNHn,5,5,10,0.5
hNHs,4,4,8,0.5
hNIK,0,1,1,0.0
hNIM,0,1,1,0.0
hNIP,0,2,2,0.0
hNIb,0,1,1,0.0
hNIm,0,2,2,0.0
hNKB,1,3,4,0.25
hNKD,1,2,3,0.33
hNKH,0,1,1,0.0
hNKI,1,0,1,1.0
hNKM,1,2,3,0.33
hNKN,1,1,2,0.5
hNKP,2,1,3,0.67
hNKS,2,2,4,0.5
hNKb,0,2,2,0.0
hNKh,3,1,4,0.75
hNKl,0,1,1,0.0
hNKm,2,3,5,0.4
hNKn,0,1,1,0.0
hNKs,0,1,1,0.0
hNLB,1,5,6,0.17
hNLD,1,1,2,0.5
hNLL,1,0,1,1.0
hNLM,1,4,5,0.2
hNLN,3,1,4,0.75
hNLP,4,2,6,0.67
hNLS,4,1,5,0.8
hNLb,2,2,4,0.5
hNLh,3,1,4,0.75
hNLj,0,1,1,0.0
hNLl,1,0,1,1.0
hNLm,6,7,13,0.46
hNLn,1,5,6,0.17
hNLs,2,2,4,0.5
hNMB,15,13,28,0.54
hNMD,1,2,3,0.33
hNMK,0,3,3,0.0
hNML,2,5,7,0.29
hNMM,3,13,16,0.19
hNMN,11,12,23,0.48
hNMP,16,15,31,0.52
hNMS,2,9,11,0.18
hNMb,17,7,24,0.71
hNMh,11,8,19,0.58
hNMj,1,3,4,0.25
hNMl,3,2,5,0.6
hNMm,9,9,18,0.5
hNMn,17,15,32,0.53
hNMs,9,11,20,0.45
hNMt,5,5,10,0.5
hNNB,14,9,23,0.61
hNND,3,2,5,0.6
hNNH,4,4,8,0.5
hNNI,1,0,1,1.0
hNNK,4,0,4,1.0
hNNL,2,4,6,0.33
hNNM,11,17,28,0.39
hNNN,18,19,37,0.49
hNNP,15,15,30,0.5
hNNS,16,13,29,0.55
hNNb,12,8,20,0.6
hNNh,4,3,7,0.57
hNNl,1,6,7,0.14
hNNm,22,17,39,0.56
hNNn,21,19,40,0.52
hNNs,14,15,29,0.48
hNNt,4,3,7,0.57
hNPB,13,12,25,0.52
hNPD,2,2,4,0.5
hNPH,6,1,7,0.86
hNPI,0,1,1,0.0
hNPK,0,1,1,0.0
hNPL,4,7,11,0.36
hNPM,15,23,38,0.39
hNPN,14,24,38,0.37
hNPP,15,25,40,0.38
hNPS,10,12,22,0.45
hNPb,7,7,14,0.5
hNPh,1,3,4,0.25
hNPl,2,7,9,0.22
hNPm,14,14,28,0.5
hNPn,18,12,30,0.6
hNPs,9,13,22,0.41
hNPt,2,2,4,0.5
hNSB,3,9,12,0.25
hNSD,2,1,3,0.67
hNSH,3,6,9,0.33
hNSI,1,2,3,0.33
hNSK,0,1,1,0.0
hNSL,2,4,6,0.33
hNSM,10,22,32,0.31
hNSN,11,12,23,0.48
hNSP,9,10,19,0.47
hNSS,18,20,38,0.47
hNSb,3,8,11,0.27
hNSh,8,8,16,0.5
hNSl,1,2,3,0.33
hNSm,19,10,29,0.66
hNSn,11,17,28,0.39
hNSs,20,19,39,0.51
hNSt,3,0,3,1.0
hNbB,4,4,8,0.5
hNbD,4,1,5,0.8
hNbH,7,2,9,0.78
hNbJ,1,2,3,0.33
hNbK,1,2,3,0.33
hNbL,2,2,4,0.5
hNbM,4,9,13,0.31
hNbN,8,11,19,0.42
hNbP,7,8,15,0.47
hNbS,6,7,13,0.46
hNbb,6,8,14,0.43
hNbl,1,2,3,0.33
hNbm,14,12,26,0.54
hNbn,9,15,24,0.38
hNbs,8,3,11,0.73
hNhB,1,0,1,1.0
hNhD,1,1,2,0.5
hNhH,1,1,2,0.5
hNhI,0,1,1,0.0
hNhL,0,1,1,0.0
hNhM,6,5,11,0.55
hNhN,4,4,8,0.5
hNhP,3,1,4,0.75
hNhS,8,9,17,0.47
hNhb,4,2,6,0.67
hNhh,3,3,6,0.5
hNhl,3,1,4,0.75
hNhm,6,1,7,0.86
hNhn,4,3,7,0.57
hNhs,5,3,8,0.62
hNht,2,0,2,1.0
hNlB,2,2,4,0.5
hNlH,1,3,4,0.25
hNlJ,0,0,0,
hNlL,1,1,2,0.5
hNlM,3,1,4,0.75
hNlN,4,2,6,0.67
hNlP,2,2,4,0.5
hNlS,8,1,9,0.89
hNlb,1,3,4,0.25
hNll,3,0,3,1.0
hNlm,6,6,12,0.5
hNln,3,2,5,0.6
hNls,3,3,6,0.5
hNmB,3,11,14,0.21
hNmD,3,4,7,0.43
hNmH,9,23,32,0.28
hNmI,0,3,3,0.0
hNmJ,3,5,8,0.38
hNmK,2,0,2,1.0
hNmL,3,1,4,0.75
hNmM,17,18,35,0.49
hNmN,15,22,37,0.41
hNmP,14,13,27,0.52
hNmS,8,17,25,0.32
hNmb,13,7,20,0.65
hNml,8,5,13,0.62
hNmm,12,13,25,0.48
hNmn,15,7,22,0.68
hNms,6,13,19,0.32
hNnB,9,14,23,0.39
hNnD,2,3,5,0.4
hNnH,12,12,24,0.5
hNnI,2,2,4,0.5
hNnK,2,2,4,0.5
hNnL,2,4,6,0.33
hNnM,12,16,28,0.43
hNnN,18,16,34,0.53
hNnP,19,12,31,0.61
hNnS,18,22,40,0.45
hNnb,5,20,25,0.2
hNnl,3,2,5,0.6
hNnm,21,15,36,0.58
hNnn,20,19,39,0.51
hNns,12,15,27,0.44
hNsB,7,11,18,0.39
hNsD,1,1,2,0.5
hNsH,9,18,27,0.33
hNsI,2,2,4,0.5
hNsK,0,1,1,0.0
hNsL,2,5,7,0.29
hNsM,10,7,17,0.59
hNsN,16,14,30,0.53
hNsP,10,17,27,0.37
hNsS,14,17,31,0.45
hNsb,11,2,13,0.85
hNsh,1,2,3,0.33
hNsl,2,1,3,0.67
hNsm,16,15,31,0.52
hNsn,8,11,19,0.42
hNss,11,12,23,0.48
hNst,2,0,2,1.0
hNtB,1,1,2,0.5
hNtH,0,2,2,0.0
hNtK,0,1,1,0.0
hNtL,1,0,1,1.0
hNtM,4,1,5,0.8
hNtN,6,3,9,0.67
hNtP,2,2,4,0.5
hNtS,2,2,4,0.5
hNtb,2,0,2,1.0
hNtl,1,1,2,0.5
hNtm,3,1,4,0.75
hNtn,2,1,3,0.67
hNts,3,0,3,1.0
hNtt,1,0,1,1.0
hPBB,11,14,25,0.44
hPBD,0,2,2,0.0
hPBK,1,1,2,0.5
hPBL,3,2,5,0.6
hPBM,14,20,34,0.41
hPBN,12,14,26,0.46
hPBP,22,16,38,0.58
hPBS,11,8,19,0.58
hPBb,21,18,39,0.54
hPBh,0,0,0,
hPBj,3,5,8,0.38
hPBl,3,4,7,0.43
hPBm,19,20,39,0.49
hPBn,8,11,19,0.42
hPBs,4,7,11,0.36
hPBt,1,2,3,0.33
hPDB,1,5,6,0.17
hPDD,1,0,1,1.0
hPDH,2,0,2,1.0
hPDI,0,0,0,
hPDL,0,1,1,0.0
hPDM,2,3,5,0.4
hPDN,3,3,6,0.5
hPDP,1,1,2,0.5
hPDS,0,3,3,0.0
hPDb,3,0,3,1.0
hPDl,0,1,1,0.0
hPDm,4,4,8,0.5
hPDn,3,1,4,0.75
hPDs,0,2,2,0.0
hPDt,0,0,0,
hPHB,5,4,9,0.56
hPHD,3,0,3,1.0
hPHH,0,1,1,0.0
hPHL,2,1,3,0.67
hPHM,5,6,11,0.45
hPHN,4,5,9,0.44
hPHP,7,3,10,0.7
hPHS,3,5,8,0.38
hPHb,4,0,4,1.0
hPHh,4,2,6,0.67
hPHl,2,5,7,0.29
hPHm,7,9,16,0.44
hPHn,5,5,10,0.5
hPHs,6,2,8,0.75
hPHt,1,0,1,1.0
hPIB,3,1,4,0.75
hPID,0,0,0,
hPIH,0,3,3,0.0
hPII,0,1,1,0.0
hPIL,1,0,1,1.0
hPIM,4,7,11,0.36
hPIN,2,1,3,0.67
hPIP,2,1,3,0.67
hPIS,2,1,3,0.67
hPIb,2,2,4,0.5
hPIh,1,0,1,1.0
hPIl,1,2,3,0.33
hPIm,4,3,7,0.57
hPIn,2,1,3,0.67
hPIs,3,1,4,0.75
hPKB,1,3,4,0.25
hPKH,0,1,1,0.0
hPKL,0,1,1,0.0
hPKM,2,3,5,0.4
hPKN,3,1,4,0.75
hPKP,0,5,5,0.0
hPKS,1,1,2,0.5
hPKb,3,2,5,0.6
hPKh,2,4,6,0.33
hPKl,3,1,4,0.75
hPKm,2,1,3,0.67
hPKn,2,4,6,0.33
hPKs,4,1,5,0.8
hPLB,6,6,12,0.5
hPLL,1,6,7,0.14
hPLM,3,6,9,0.33
hPLN,7,4,11,0.64
hPLP,7,6,13,0.54
hPLS,3,2,5,0.6
hPLb,3,3,6,0.5
hPLh,3,3,6,0.5
hPLj,1,1,2,0.5
hPLl,3,1,4,0.75
hPLm,9,5,14,0.64
hPLn,5,7,12,0.42
hPLs,3,3,6,0.5
hPLt,0,1,1,0.0
hPMB,11,16,27,0.41
hPMD,3,0,3,1.0
hPMI,1,0,1,1.0
hPMK,0,1,1,0.0
hPML,6,8,14,0.43
hPMM,16,20,36,0.44
hPMN,18,14,32,0.56
hPMP,17,15,32,0.53
hPMS,8,10,18,0.44
hPMb,19,20,39,0.49
hPMh,11,19,30,0.37
hPMj,2,3,5,0.4
hPMl,8,3,11,0.73
hPMm,26,17,43,0.6
hPMn,23,17,40,0.57
hPMs,10,11,21,0.48
hPMt,2,3,5,0.4
hPNB,13,16,29,0.45
hPND,2,4,6,0.33
hPNH,3,2,5,0.6
hPNK,0,3,3,0.0
hPNL,5,5,10,0.5
hPNM,19,13,32,0.59
hPNN,12,17,29,0.41
hPNP,16,24,40,0.4
hPNS,9,13,22,0.41
hPNb,11,13,24,0.46
hPNh,4,6,10,0.4
hPNl,5,4,9,0.56
hPNm,12,15,27,0.44
hPNn,12,19,31,0.39
hPNs,13,13,26,0.5
hPNt,3,4,7,0.43
hPPB,25,15,40,0.62
hPPD,1,1,2,0.5
hPPH,3,12,15,0.2
hPPI,4,2,6,0.67
hPPK,1,3,4,0.25
hPPL,9,8,17,0.53
hPPM,19,22,41,0.46
hPPN,12,9,21,0.57
hPPP,26,25,51,0.51
hPPS,15,15,30,0.5
hPPb,11,11,22,0.5
hPPh,3,2,5,0.6
hPPl,9,11,20,0.45
hPPm,39,24,63,0.62
hPPn,10,18,28,0.36
hPPs,13,15,28,0.46
hPPt,1,2,3,0.33
hPSB,11,6,17,0.65
hPSD,3,2,5,0.6
hPSH,4,9,13,0.31
hPSI,3,0,3,1.0
hPSL,6,8,14,0.43
hPSM,12,18,30,0.4
hPSN,12,10,22,0.55
hPSP,21,13,34,0.62
hPSS,13,12,25,0.52
hPSb,12,9,21,0.57
hPSh,5,8,13,0.38
hPSl,3,3,6,0.5
hPSm,22,17,39,0.56
hPSn,11,16,27,0.41
hPSs,11,21,32,0.34
hPSt,3,4,7,0.43
hPbB,13,11,24,0.54
hPbD,0,0,0,
hPbH,3,2,5,0.6
hPbI,1,0,1,1.0
hPbJ,0,5,5,0.0
hPbK,2,1,3,0.67
hPbL,2,6,8,0.25
hPbM,18,9,27,0.67
hPbN,15,19,34,0.44
hPbP,24,23,47,0.51
hPbS,7,10,17,0.41
hPbb,16,16,32,0.5
hPbl,9,6,15,0.6
hPbm,11,13,24,0.46
hPbn,16,15,31,0.52
hPbs,4,7,11,0.36
hPbt,0,1,1,0.0
hPhB,5,2,7,0.71
hPhH,1,1,2,0.5
hPhI,0,1,1,0.0
hPhL,0,2,2,0.0
hPhM,3,2,5,0.6
hPhN,4,2,6,0.67
hPhP,1,1,2,0.5
hPhS,3,3,6,0.5
hPhb,3,2,5,0.6
hPhh,0,2,2,0.0
hPhl,0,2,2,0.0
hPhm,2,1,3,0.67
hPhn,1,3,4,0.25
hPhs,3,0,3,1.0
hPht,0,1,1,0.0
hPlB,4,6,10,0.4
hPlD,0,0,0,
hPlH,1,2,3,0.33
hPlJ,2,1,3,0.67
hPlL,0,6,6,0.0
hPlM,4,5,9,0.44
hPlN,3,3,6,0.5
hPlP,5,6,11,0.45
hPlS,6,6,12,0.5
hPlb,4,7,11,0.36
hPll,3,0,3,1.0
hPlm,5,4,9,0.56
hPln,3,4,7,0.43
hPls,1,7,8,0.12
hPmB,19,20,39,0.49
hPmD,3,4,7,0.43
hPmH,12,14,26,0.46
hPmI,2,1,3,0.67
hPmJ,5,3,8,0.62
hPmL,7,0,7,1.0
hPmM,15,28,43,0.35
hPmN,25,28,53,0.47
hPmP,23,22,45,0.51
hPmS,16,13,29,0.55
hPmb,17,16,33,0.52
hPmh,0,1,1,0.0
hPml,9,4,13,0.69
hPmm,23,13,36,0.64
hPmn,17,23,40,0.42
hPms,8,8,16,0.5
hPnB,11,4,15,0.73
hPnD,0,2,2,0.0
hPnH,12,3,15,0.8
hPnI,3,1,4,0.75
hPnK,1,2,3,0.33
hPnL,2,6,8,0.25
hPnM,8,13,21,0.38
hPnN,17,18,35,0.49
hPnP,14,16,30,0.47
hPnS,14,7,21,0.67
hPnb,15,11,26,0.58
hPnh,3,2,5,0.6
hPnl,2,4,6,0.33
hPnm,17,15,32,0.53
hPnn,8,9,17,0.47
hPns,9,12,21,0.43
hPsB,7,9,16,0.44
hPsD,2,0,2,1.0
hPsH,14,9,23,0.61
hPsI,1,2,3,0.33
hPsK,1,0,1,1.0
hPsL,3,4,7,0.43
hPsM,10,17,27,0.37
hPsN,9,16,25,0.36
hPsP,14,12,26,0.54
hPsS,13,24,37,0.35
hPsb,11,14,25,0.44
hPsh,2,1,3,0.67
hPsl,1,2,3,0.33
hPsm,15,12,27,0.56
hPsn,12,7,19,0.63
hPss,13,13,26,0.5
hPtB,1,1,2,0.5
hPtD,1,0,1,1.0
hPtH,2,2,4,0.5
hPtM,4,2,6,0.67
hPtN,1,2,3,0.33
hPtP,3,1,4,0.75
hPtS,2,0,2,1.0
hPtb,0,1,1,0.0
hPtl,0,1,1,0.0
hPtm,2,0,2,1.0
hPtn,3,3,6,0.5
hPts,3,1,4,0.75
hPtt,1,0,1,1.0
hSBB,15,18,33,0.45
hSBD,3,0,3,1.0
hSBK,1,0,1,1.0
hSBL,3,3,6,0.5
hSBM,14,14,28,0.5
hSBN,9,6,15,0.6
hSBP,11,11,22,0.5
hSBS,11,8,19,0.58
hSBb,7,11,18,0.39
hSBh,1,1,2,0.5
hSBj,2,4,6,0.33
hSBl,3,2,5,0.6
hSBm,12,11,23,0.52
hSBn,19,14,33,0.58
hSBs,6,5,11,0.55
hSBt,0,1,1,0.0
hSDB,2,4,6,0.33
hSDD,0,0,0,
hSDH,3,2,5,0.6
hSDK,0,1,1,0.0
hSDM,1,1,2,0.5
hSDN,5,1,6,0.83
hSDP,1,4,5,0.2
hSDS,2,2,4,0.5
hSDb,1,1,2,0.5
hSDl,3,0,3,1.0
hSDm,1,1,2,0.5
hSDn,2,3,5,0.4
hSDs,3,2,5,0.6
hSHB,4,2,6,0.67
hSHD,1,0,1,1.0
hSHH,2,0,2,1.0
hSHI,3,1,4,0.75
hSHK,2,0,2,1.0
hSHL,5,1,6,0.83
hSHM,6,5,11,0.55
hSHN,6,2,8,0.75
hSHP,5,9,14,0.36
hSHS,6,16,22,0.27
hSHb,3,6,9,0.33
hSHh,3,3,6,0.5
hSHl,2,3,5,0.4
hSHm,6,9,15,0.4
hSHn,3,0,3,1.0
hSHs,5,6,11,0.45
hSHt,0,1,1,0.0
hSID,0,1,1,0.0
hSII,0,1,1,0.0
hSIL,0,1,1,0.0
hSIM,1,0,1,1.0
hSIN,0,2,2,0.0
hSIS,3,0,3,1.0
hSIb,1,1,2,0.5
hSIl,1,0,1,1.0
hSIm,3,3,6,0.5
hSIn,1,0,1,1.0
hSIs,1,0,1,1.0
hSKB,0,1,1,0.0
hSKL,0,1,1,0.0
hSKM,1,1,2,0.5
hSKP,1,0,1,1.0
hSKb,0,0,0,
hSKh,0,0,0,
hSKm,1,2,3,0.33
hSKs,1,0,1,1.0
hSLB,5,8,13,0.38
hSLH,1,0,1,1.0
hSLK,2,1,3,0.67
hSLL,0,1,1,0.0
hSLM,8,6,14,0.57
hSLN,2,3,5,0.4
hSLP,8,5,13,0.62
hSLS,4,4,8,0.5
hSLb,3,5,8,0.38
hSLh,1,1,2,0.5
hSLj,2,0,2,1.0
hSLl,0,1,1,0.0
hSLm,5,5,10,0.5
hSLn,8,5,13,0.62
hSLs,4,5,9,0.44
hSMB,23,16,39,0.59
hSMD,1,4,5,0.2
hSMH,1,0,1,1.0
hSMK,0,1,1,0.0
hSML,2,5,7,0.29
hSMM,22,14,36,0.61
hSMN,18,18,36,0.5
hSMP,16,19,35,0.46
hSMS,12,16,28,0.43
hSMb,15,14,29,0.52
hSMh,12,14,26,0.46
hSMj,5,4,9,0.56
hSMl,2,2,4,0.5
hSMm,22,30,52,0.42
hSMn,18,19,37,0.49
hSMs,12,12,24,0.5
hSMt,1,4,5,0.2
hSNB,9,10,19,0.47
hSND,2,1,3,0.67
hSNH,3,2,5,0.6
hSNI,1,2,3,0.33
hSNK,3,3,6,0.5
hSNL,2,5,7,0.29
hSNM,8,11,19,0.42
hSNN,15,14,29,0.52
hSNP,14,16,30,0.47
hSNS,7,16,23,0.3
hSNb,14,7,21,0.67
hSNh,5,2,7,0.71
hSNl,3,4,7,0.43
hSNm,12,9,21,0.57
hSNn,14,13,27,0.52
hSNs,11,16,27,0.41
hSNt,2,3,5,0.4
hSPB,11,12,23,0.48
hSPD,1,2,3,0.33
hSPH,5,2,7,0.71
hSPI,4,3,7,0.57
hSPK,1,3,4,0.25
hSPL,2,3,5,0.4
hSPM,16,17,33,0.48
hSPN,12,14,26,0.46
hSPP,18,18,36,0.5
hSPS,11,10,21,0.52
hSPb,14,12,26,0.54
hSPh,1,3,4,0.25
hSPl,7,2,9,0.78
hSPm,19,14,33,0.58
hSPn,11,14,25,0.44
hSPs,11,10,21,0.52
hSPt,0,1,1,0.0
hSSB,14,12,26,0.54
hSSD,3,1,4,0.75
hSSH,7,9,16,0.44
hSSI,2,1,3,0.67
hSSK,0,1,1,0.0
hSSL,2,4,6,0.33
hSSM,26,18,44,0.59
hSSN,22,22,44,0.5
hSSP,16,24,40,0.4
hSSS,34,37,71,0.48
hSSb,10,13,23,0.43
hSSh,10,18,28,0.36
hSSl,10,4,14,0.71
hSSm,22,24,46,0.48
hSSn,22,15,37,0.59
hSSs,23,26,49,0.47
hSSt,6,2,8,0.75
hSbB,5,6,11,0.45
hSbD,2,3,5,0.4
hSbH,1,5,6,0.17
hSbI,1,0,1,1.0
hSbJ,3,1,4,0.75
hSbK,1,1,2,0.5
hSbL,4,3,7,0.57
hSbM,9,10,19,0.47
hSbN,6,10,16,0.38
hSbP,8,12,20,0.4
hSbS,10,9,19,0.53
hSbb,13,5,18,0.72
hSbh,0,0,0,
hSbl,1,4,5,0.2
hSbm,14,6,20,0.7
hSbn,7,7,14,0.5
hSbs,15,1,16,0.94
hSbt,1,0,1,1.0
hShB,3,5,8,0.38
hShD,1,0,1,1.0
hShH,2,4,6,0.33
hShI,3,0,3,1.0
hShL,1,1,2,0.5
hShM,6,11,17,0.35
hShN,4,4,8,0.5
hShP,7,10,17,0.41
hShS,8,5,13,0.62
hShb,6,3,9,0.67
hShh,5,4,9,0.56
hShl,5,3,8,0.62
hShm,15,13,28,0.54
hShn,7,7,14,0.5
hShs,9,5,14,0.64
hSht,0,1,1,0.0
hSlB,1,2,3,0.33
hSlD,1,1,2,0.5
hSlH,3,2,5,0.6
hSlI,1,0,1,1.0
hSlJ,1,2,3,0.33
hSlK,1,0,1,1.0
hSlL,1,0,1,1.0
hSlM,8,4,12,0.67
hSlN,4,5,9,0.44
hSlP,5,2,7,0.71
hSlS,3,6,9,0.33
hSlb,4,2,6,0.67
hSll,2,1,3,0.67
hSlm,1,1,2,0.5
hSln,7,2,9,0.78
hSls,5,0,5,1.0
hSmB,12,6,18,0.67
hSmD,6,0,6,1.0
hSmH,8,19,27,0.3
hSmJ,1,7,8,0.12
hSmK,1,0,1,1.0
hSmL,2,2,4,0.5
hSmM,24,15,39,0.62
hSmN,11,26,37,0.3
hSmP,11,12,23,0.48
hSmS,17,18,35,0.49
hSmb,15,18,33,0.45
hSml,5,2,7,0.71
hSmm,14,11,25,0.56
hSmn,17,7,24,0.71
hSms,16,20,36,0.44
hSnB,8,7,15,0.53
hSnD,1,6,7,0.14
hSnH,3,5,8,0.38
hSnI,3,3,6,0.5
hSnK,1,1,2,0.5
hSnL,2,2,4,0.5
hSnM,5,16,21,0.24
hSnN,16,19,35,0.46
hSnP,14,17,31,0.45
hSnS,17,18,35,0.49
hSnb,6,10,16,0.38
hSnh,2,0,2,1.0
hSnl,1,4,5,0.2
hSnm,10,12,22,0.45
hSnn,19,8,27,0.7
hSns,11,12,23,0.48
hSnt,1,0,1,1.0
hSsB,10,8,18,0.56
hSsD,3,1,4,0.75
hSsH,15,15,30,0.5
hSsI,2,1,3,0.67
hSsL,5,6,11,0.45
hSsM,17,18,35,0.49
hSsN,15,17,32,0.47
hSsP,10,19,29,0.34
hSsS,35,27,62,0.56
hSsb,12,6,18,0.67
hSsl,4,8,12,0.33
hSsm,18,15,33,0.55
hSsn,15,28,43,0.35
hSss,25,29,54,0.46
hStB,0,4,4,0.0
hStD,0,1,1,0.0
hStH,3,2,5,0.6
hStL,1,1,2,0.5
hStM,4,3,7,0.57
hStN,3,4,7,0.43
hStP,2,0,2,1.0
hStS,2,4,6,0.33
hStb,4,4,8,0.5
hSth,0,1,1,0.0
hStl,0,0,0,
hStm,2,3,5,0.4
hStn,1,1,2,0.5
hSts,3,2,5,0.6
hStt,3,0,3,1.0
hbBB,6,10,16,0.38
hbBD,2,0,2,1.0
hbBK,0,1,1,0.0
hbBL,4,3,7,0.57
hbBM,9,8,17,0.53
hbBN,8,13,21,0.38
hbBP,11,4,15,0.73
hbBS,7,4,11,0.64
hbBb,8,7,15,0.53
hbBh,0,1,1,0.0
hbBj,1,2,3,0.33
hbBl,3,3,6,0.5
hbBm,9,8,17,0.53
hbBn,10,10,20,0.5
hbBs,9,6,15,0.6
hbBt,4,2,6,0.67
hbDB,0,2,2,0.0
hbDH,2,2,4,0.5
hbDI,0,1,1,0.0
hbDL,0,1,1,0.0
hbDM,1,0,1,1.0
hbDN,1,0,1,1.0
hbDP,1,1,2,0.5
hbDS,0,1,1,0.0
hbDb,1,0,1,1.0
hbDl,1,1,2,0.5
hbDm,1,2,3,0.33
hbDs,1,1,2,0.5
hbHB,2,1,3,0.67
hbHI,1,0,1,1.0
hbHM,5,7,12,0.42
hbHN,4,6,10,0.4
hbHP,3,2,5,0.6
hbHS,3,1,4,0.75
hbHb,3,4,7,0.43
hbHh,0,1,1,0.0
hbHl,0,0,0,
hbHm,2,3,5,0.4
hbHn,5,5,10,0.5
hbHs,2,2,4,0.5
hbHt,0,1,1,0.0
hbIB,0,1,1,0.0
hbIH,0,0,0,
hbII,1,0,1,1.0
hbIL,1,0,1,1.0
hbIM,2,3,5,0.4
hbIN,1,1,2,0.5
hbIP,1,1,2,0.5
hbIS,2,0,2,1.0
hbIb,2,2,4,0.5
hbIn,1,2,3,0.33
hbIs,1,0,1,1.0
hbJB,3,5,8,0.38
hbJD,0,1,1,0.0
hbJH,0,1,1,0.0
hbJL,2,1,3,0.67
hbJM,2,3,5,0.4
hbJN,2,4,6,0.33
hbJP,3,7,10,0.3
hbJS,2,4,6,0.33
hbJb,2,2,4,0.5
hbJh,0,1,1,0.0
hbJl,2,0,2,1.0
hbJm,3,1,4,0.75
hbJn,3,4,7,0.43
hbJs,2,4,6,0.33
hbJt,0,1,1,0.0
hbKB,1,2,3,0.33
hbKH,1,0,1,1.0
hbKM,3,5,8,0.38
hbKN,3,2,5,0.6
hbKP,1,1,2,0.5
hbKS,0,1,1,0.0
hbKb,1,0,1,1.0
hbKh,1,0,1,1.0
hbKl,1,1,2,0.5
hbKm,2,2,4,0.5
hbKn,0,1,1,0.0
hbKs,1,2,3,0.33
hbLB,2,1,3,0.67
hbLL,1,1,2,0.5
hbLM,5,7,12,0.42
hbLN,1,1,2,0.5
hbLP,1,1,2,0.5
hbLS,1,1,2,0.5
hbLb,2,6,8,0.25
hbLh,3,1,4,0.75
hbLl,1,2,3,0.33
hbLm,6,3,9,0.67
hbLn,3,6,9,0.33
hbLs,2,3,5,0.4
hbLt,0,2,2,0.0
hbMB,14,6,20,0.7
hbMD,0,1,1,0.0
hbMK,0,3,3,0.0
hbML,5,3,8,0.62
hbMM,12,14,26,0.46
hbMN,6,9,15,0.4
hbMP,21,10,31,0.68
hbMS,11,4,15,0.73
hbMb,9,10,19,0.47
hbMh,9,6,15,0.6
hbMj,1,2,3,0.33
hbMl,5,6,11,0.45
hbMm,9,11,20,0.45
hbMn,21,14,35,0.6
hbMs,12,6,18,0.67
hbMt,2,2,4,0.5
hbNB,8,10,18,0.44
hbND,0,3,3,0.0
hbNH,3,4,7,0.43
hbNI,0,1,1,0.0
hbNK,1,2,3,0.33
hbNL,2,4,6,0.33
hbNM,12,20,32,0.38
hbNN,5,13,18,0.28
hbNP,13,13,26,0.5
hbNS,12,15,27,0.44
hbNb,18,3,21,0.86
hbNh,6,8,14,0.43
hbNl,3,3,6,0.5
hbNm,13,11,24,0.54
hbNn,14,16,30,0.47
hbNs,12,8,20,0.6
hbNt,2,2,4,0.5
hbPB,6,7,13,0.46
hbPD,4,0,4,1.0
hbPH,0,2,2,0.0
hbPI,1,2,3,0.33
hbPL,5,7,12,0.42
hbPM,4,10,14,0.29
hbPN,10,12,22,0.45
hbPP,15,17,32,0.47
hbPS,10,11,21,0.48
hbPb,9,13,22,0.41
hbPh,2,5,7,0.29
hbPl,4,3,7,0.57
hbPm,14,14,28,0.5
hbPn,11,11,22,0.5
hbPs,6,9,15,0.4
hbPt,1,0,1,1.0
hbSB,5,4,9,0.56
hbSD,2,2,4,0.5
hbSH,6,2,8,0.75
hbSL,3,2,5,0.6
hbSM,8,12,20,0.4
hbSN,3,10,13,0.23
hbSP,4,7,11,0.36
hbSS,10,7,17,0.59
hbSb,5,10,15,0.33
hbSh,8,4,12,0.67
hbSl,1,2,3,0.33
hbSm,9,4,13,0.69
hbSn,10,4,14,0.71
hbSs,8,5,13,0.62
hbSt,1,0,1,1.0
hbbB,12,11,23,0.52
hbbD,0,1,1,0.0
hbbH,1,1,2,0.5
hbbI,1,2,3,0.33
hbbJ,7,2,9,0.78
hbbK,2,2,4,0.5
hbbL,5,1,6,0.83
hbbM,12,16,28,0.43
hbbN,13,9,22,0.59
hbbP,12,9,21,0.57
hbbS,6,5,11,0.55
hbbb,12,10,22,0.55
hbbl,3,2,5,0.6
hbbm,7,5,12,0.58
hbbn,14,6,20,0.7
hbbs,4,4,8,0.5
hbhM,0,2,2,0.0
hbhm,1,0,1,1.0
hblB,0,3,3,0.0
hblH,2,3,5,0.4
hblJ,1,0,1,1.0
hblK,0,0,0,
hblL,1,2,3,0.33
hblM,2,3,5,0.4
hblN,1,6,7,0.14
hblP,2,6,8,0.25
hblS,4,0,4,1.0
hblb,1,5,6,0.17
hbll,2,1,3,0.67
hblm,6,2,8,0.75
hbln,3,2,5,0.6
hbls,1,1,2,0.5
hbmB,6,13,19,0.32
hbmH,8,11,19,0.42
hbmI,3,1,4,0.75
hbmJ,1,4,5,0.2
hbmL,5,3,8,0.62
hbmM,8,15,23,0.35
hbmN,10,20,30,0.33
hbmP,12,10,22,0.55
hbmS,7,7,14,0.5
hbmb,12,11,23,0.52
hbmh,0,1,1,0.0
hbml,3,2,5,0.6
hbmm,11,6,17,0.65
hbmn,4,8,12,0.33
hbms,3,4,7,0.43
hbnB,9,8,17,0.53
hbnD,1,0,1,1.0
hbnH,6,2,8,0.75
hbnI,2,3,5,0.4
hbnL,3,1,4,0.75
hbnM,10,17,27,0.37
hbnN,12,11,23,0.52
hbnP,19,16,35,0.54
hbnS,8,6,14,0.57
hbnb,5,8,13,0.38
hbnh,2,1,3,0.67
hbnl,2,4,6,0.33
hbnm,7,11,18,0.39
hbnn,9,4,13,0.69
hbns,8,8,16,0.5
hbsB,5,4,9,0.56
hbsD,0,1,1,0.0
hbsH,4,5,9,0.44
hbsI,2,1,3,0.67
hbsK,1,0,1,1.0
hbsL,4,0,4,1.0
hbsM,8,10,18,0.44
hbsN,4,4,8,0.5
hbsP,6,6,12,0.5
hbsS,8,5,13,0.62
hbsb,8,4,12,0.67
hbsh,1,0,1,1.0
hbsl,1,2,3,0.33
hbsm,7,14,21,0.33
hbsn,6,7,13,0.46
hbss,8,10,18,0.44
hbtS,0,0,0,
hbtm,1,0,1,1.0
hhBB,7,6,13,0.54
hhBD,1,1,2,0.5
hhBH,0,1,1,0.0
hhBK,1,2,3,0.33
hhBL,4,2,6,0.67
hhBM,10,15,25,0.4
hhBN,4,7,11,0.36
hhBP,5,10,15,0.33
hhBS,3,10,13,0.23
hhBb,8,5,13,0.62
hhBj,2,5,7,0.29
hhBl,7,1,8,0.88
hhBm,10,9,19,0.53
hhBn,8,9,17,0.47
hhBs,7,13,20,0.35
hhBt,1,1,2,0.5
hhDB,2,2,4,0.5
hhDH,0,1,1,0.0
hhDI,1,0,1,1.0
hhDL,0,1,1,0.0
hhDM,1,2,3,0.33
hhDP,1,0,1,1.0
hhDS,4,0,4,1.0
hhDh,0,1,1,0.0
hhDl,1,0,1,1.0
hhDm,0,1,1,0.0
hhDn,0,1,1,0.0
hhDs,5,1,6,0.83
hhDt,0,1,1,0.0
hhHB,4,2,6,0.67
hhHD,0,0,0,
hhHH,0,1,1,0.0
hhHI,2,0,2,1.0
hhHK,0,2,2,0.0
hhHL,1,0,1,1.0
hhHM,6,4,10,0.6
hhHN,0,5,5,0.0
hhHP,3,4,7,0.43
hhHS,4,6,10,0.4
hhHh,1,1,2,0.5
hhHl,2,1,3,0.67
hhHm,6,6,12,0.5
hhHn,1,5,6,0.17
hhHs,3,5,8,0.38
hhIB,1,2,3,0.33
hhIH,3,1,4,0.75
hhII,1,0,1,1.0
hhIM,1,2,3,0.33
hhIP,2,3,5,0.4
hhIS,1,3,4,0.25
hhIb,2,0,2,1.0
hhIl,3,1,4,0.75
hhIm,2,1,3,0.67
hhIn,0,0,0,
hhIs,1,0,1,1.0
hhKN,1,0,1,1.0
hhKS,0,1,1,0.0
hhKh,1,0,1,1.0
hhKm,1,1,2,0.5
hhKs,1,0,1,1.0
hhLB,1,7,8,0.12
hhLD,1,0,1,1.0
hhLH,1,0,1,1.0
hhLL,0,2,2,0.0
hhLM,2,3,5,0.4
hhLN,2,5,7,0.29
hhLP,4,5,9,0.44
hhLS,0,2,2,0.0
hhLb,3,5,8,0.38
hhLh,1,1,2,0.5
hhLl,0,1,1,0.0
hhLm,2,1,3,0.67
hhLn,7,2,9,0.78
hhLs,3,7,10,0.3
hhLt,1,0,1,1.0
hhMB,12,9,21,0.57
hhMD,2,7,9,0.22
hhMH,1,0,1,1.0
hhML,1,4,5,0.2
hhMM,12,13,25,0.48
hhMN,6,11,17,0.35
hhMP,14,12,26,0.54
hhMS,7,8,15,0.47
hhMb,11,7,18,0.61
hhMh,9,15,24,0.38
hhMj,2,2,4,0.5
hhMl,8,1,9,0.89
hhMm,26,16,42,0.62
hhMn,17,22,39,0.44
hhMs,10,11,21,0.48
hhMt,0,1,1,0.0
hhNB,6,8,14,0.43
hhND,0,1,1,0.0
hhNH,2,3,5,0.4
hhNK,0,1,1,0.0
hhNL,4,3,7,0.57
hhNM,10,15,25,0.4
hhNN,8,12,20,0.4
hhNP,16,7,23,0.7
hhNS,5,5,10,0.5
hhNb,4,6,10,0.4
hhNh,2,2,4,0.5
hhNl,1,2,3,0.33
hhNm,11,11,22,0.5
hhNn,11,14,25,0.44
hhNs,7,10,17,0.41
hhNt,2,0,2,1.0
hhPB,11,8,19,0.58
hhPD,2,2,4,0.5
hhPH,2,4,6,0.33
hhPI,5,5,10,0.5
hhPK,2,2,4,0.5
hhPL,2,3,5,0.4
hhPM,9,16,25,0.36
hhPN,5,6,11,0.45
hhPP,5,18,23,0.22
hhPS,7,14,21,0.33
hhPb,8,11,19,0.42
hhPh,1,2,3,0.33
hhPl,4,1,5,0.8
hhPm,19,11,30,0.63
hhPn,4,8,12,0.33
hhPs,12,6,18,0.67
hhPt,0,1,1,0.0
hhSB,11,7,18,0.61
hhSD,1,2,3,0.33
hhSH,8,6,14,0.57
hhSI,0,0,0,
hhSK,0,1,1,0.0
hhSL,3,3,6,0.5
hhSM,15,20,35,0.43
hhSN,8,11,19,0.42
hhSP,9,13,22,0.41
hhSS,15,24,39,0.38
hhSb,3,9,12,0.25
hhSh,4,8,12,0.33
hhSl,0,1,1,0.0
hhSm,16,13,29,0.55
hhSn,4,5,9,0.44
hhSs,17,10,27,0.63
hhSt,1,0,1,1.0
hhbB,2,9,11,0.18
hhbD,1,0,1,1.0
hhbH,1,2,3,0.33
hhbI,2,0,2,1.0
hhbJ,5,4,9,0.56
hhbK,2,4,6,0.33
hhbL,0,5,5,0.0
hhbM,12,12,24,0.5
hhbN,13,11,24,0.54
hhbP,6,9,15,0.4
hhbS,4,7,11,0.36
hhbb,8,8,16,0.5
hhbl,2,2,4,0.5
hhbm,7,11,18,0.39
hhbn,5,6,11,0.45
hhbs,3,4,7,0.43
hhhB,6,6,12,0.5
hhhD,1,1,2,0.5
hhhH,3,1,4,0.75
hhhI,1,1,2,0.5
hhhL,5,1,6,0.83
hhhM,12,13,25,0.48
hhhN,5,8,13,0.38
hhhP,6,10,16,0.38
hhhS,10,12,22,0.45
hhhb,8,6,14,0.57
hhhh,7,10,17,0.41
hhhl,4,3,7,0.57
hhhm,13,8,21,0.62
hhhn,7,7,14,0.5
hhhs,7,12,19,0.37
hhht,1,1,2,0.5
hhlB,4,3,7,0.57
hhlD,0,2,2,0.0
hhlH,0,2,2,0.0
hhlI,2,0,2,1.0
hhlJ,1,0,1,1.0
hhlK,0,1,1,0.0
hhlL,1,0,1,1.0
hhlM,4,5,9,0.44
hhlN,4,4,8,0.5
hhlP,4,5,9,0.44
hhlS,0,3,3,0.0
hhlb,4,5,9,0.44
hhll,0,3,3,0.0
hhlm,4,2,6,0.67
hhln,0,2,2,0.0
hhls,1,1,2,0.5
hhmB,17,11,28,0.61
hhmD,5,2,7,0.71
hhmH,7,10,17,0.41
hhmI,0,0,0,
hhmJ,2,2,4,0.5
hhmK,2,1,3,0.67
hhmL,4,7,11,0.36
hhmM,15,20,35,0.43
hhmN,13,12,25,0.52
hhmP,10,8,18,0.56
hhmS,12,12,24,0.5
hhmb,11,8,19,0.58
hhml,8,4,12,0.67
hhmm,19,11,30,0.63
hhmn,14,8,22,0.64
hhms,8,5,13,0.62
hhnB,7,8,15,0.47
hhnH,3,8,11,0.27
hhnI,3,3,6,0.5
hhnK,2,3,5,0.4
hhnL,3,1,4,0.75
hhnM,13,12,25,0.52
hhnN,17,13,30,0.57
hhnP,11,8,19,0.58
hhnS,8,13,21,0.38
hhnb,12,9,21,0.57
hhnh,1,2,3,0.33
hhnl,0,2,2,0.0
hhnm,9,8,17,0.53
hhnn,12,7,19,0.63
hhns,9,8,17,0.53
hhsB,14,14,28,0.5
hhsD,5,1,6,0.83
hhsH,11,14,25,0.44
hhsI,2,0,2,1.0
hhsL,2,2,4,0.5
hhsM,7,12,19,0.37
hhsN,12,9,21,0.57
hhsP,5,3,8,0.62
hhsS,15,19,34,0.44
hhsb,8,4,12,0.67
hhsh,0,1,1,0.0
hhsl,4,6,10,0.4
hhsm,20,8,28,0.71
hhsn,10,10,20,0.5
hhss,18,13,31,0.58
hhst,0,0,0,
hhtB,2,0,2,1.0
hhtH,0,1,1,0.0
hhtK,1,0,1,1.0
hhtM,1,3,4,0.25
hhtN,2,1,3,0.67
hhtP,3,1,4,0.75
hhtS,2,2,4,0.5
hhtb,1,1,2,0.5
hhtl,1,0,1,1.0
hhtm,1,2,3,0.33
hhtn,1,1,2,0.5
hhtt,0,0,0,
hlBB,1,10,11,0.09
hlBK,0,1,1,0.0
hlBM,2,6,8,0.25
hlBN,1,5,6,0.17
hlBP,9,2,11,0.82
hlBS,0,2,2,0.0
hlBb,4,0,4,1.0
hlBl,2,1,3,0.67
hlBm,3,4,7,0.43
hlBn,6,3,9,0.67
hlBs,5,4,9,0.56
hlDB,1,0,1,1.0
hlDI,1,0,1,1.0
hlDN,1,0,1,1.0
hlDP,2,0,2,1.0
hlDS,0,1,1,0.0
hlDb,0,1,1,0.0
hlDm,2,0,2,1.0
hlDs,1,0,1,1.0
hlDt,1,0,1,1.0
hlHB,0,1,1,0.0
hlHD,1,0,1,1.0
hlHH,2,0,2,1.0
hlHK,1,0,1,1.0
hlHL,2,1,3,0.67
hlHM,3,2,5,0.6
hlHN,3,3,6,0.5
hlHP,5,4,9,0.56
hlHS,4,5,9,0.44
hlHb,4,0,4,1.0
hlHh,4,3,7,0.57
hlHl,3,1,4,0.75
hlHm,5,3,8,0.62
hlHn,3,2,5,0.6
hlHs,1,2,3,0.33
hlHt,0,0,0,
hlIB,0,1,1,0.0
hlII,0,1,1,0.0
hlIP,0,0,0,
hlIb,0,1,1,0.0
hlIm,0,1,1,0.0
hlIn,0,2,2,0.0
hlJB,1,0,1,1.0
hlJK,0,1,1,0.0
hlJL,1,0,1,1.0
hlJM,1,4,5,0.2
hlJN,1,2,3,0.33
hlJP,5,1,6,0.83
hlJS,3,0,3,1.0
hlJb,1,2,3,0.33
hlJl,1,1,2,0.5
hlJm,3,0,3,1.0
hlJn,2,2,4,0.5
hlJs,0,0,0,
hlJt,1,0,1,1.0
hlKB,0,1,1,0.0
hlKL,0,1,1,0.0
hlKM,1,2,3,0.33
hlKh,1,0,1,1.0
hlKm,0,1,1,0.0
hlKn,1,0,1,1.0
hlKs,1,0,1,1.0
hlLB,0,1,1,0.0
hlLL,1,0,1,1.0
hlLM,2,0,2,1.0
hlLN,1,3,4,0.25
hlLP,2,3,5,0.4
hlLS,2,1,3,0.67
hlLh,2,1,3,0.67
hlLl,3,0,3,1.0
hlLm,0,1,1,0.0
hlLn,3,1,4,0.75
hlLs,3,1,4,0.75
hlLt,2,1,3,0.67
hlMB,4,5,9,0.44
hlMD,0,2,2,0.0
hlML,2,0,2,1.0
hlMM,4,7,11,0.36
hlMN,4,3,7,0.57
hlMP,5,3,8,0.62
hlMS,3,3,6,0.5
hlMb,7,6,13,0.54
hlMh,3,4,7,0.43
hlMl,1,2,3,0.33
hlMm,10,7,17,0.59
hlMn,5,5,10,0.5
hlMs,9,2,11,0.82
hlMt,1,0,1,1.0
hlNB,4,6,10,0.4
hlND,1,1,2,0.5
hlNH,1,0,1,1.0
hlNI,0,1,1,0.0
hlNK,2,2,4,0.5
hlNL,1,1,2,0.5
hlNM,6,6,12,0.5
hlNN,3,3,6,0.5
hlNP,8,8,16,0.5
hlNS,5,6,11,0.45
hlNb,4,1,5,0.8
hlNh,2,1,3,0.67
hlNl,2,2,4,0.5
hlNm,11,1,12,0.92
hlNn,2,9,11,0.18
hlNs,1,3,4,0.25
hlPB,5,2,7,0.71
hlPH,5,2,7,0.71
hlPL,2,3,5,0.4
hlPM,2,6,8,0.25
hlPN,1,2,3,0.33
hlPP,5,4,9,0.56
hlPS,2,4,6,0.33
hlPb,4,5,9,0.44
hlPh,1,0,1,1.0
hlPl,2,1,3,0.67
hlPm,7,3,10,0.7
hlPn,4,3,7,0.57
hlPs,5,4,9,0.56
hlSB,4,2,6,0.67
hlSD,0,1,1,0.0
hlSH,1,0,1,1.0
hlSL,1,1,2,0.5
hlSM,5,6,11,0.45
hlSN,4,1,5,0.8
hlSP,3,2,5,0.6
hlSS,8,3,11,0.73
hlSh,1,1,2,0.5
hlSl,3,2,5,0.6
hlSm,5,8,13,0.38
hlSn,5,3,8,0.62
hlSs,8,2,10,0.8
hlSt,0,0,0,
hlbB,1,4,5,0.2
hlbD,0,0,0,
hlbH,0,1,1,0.0
hlbI,1,1,2,0.5
hlbJ,0,1,1,0.0
hlbK,2,0,2,1.0
hlbL,0,1,1,0.0
hlbM,11,7,18,0.61
hlbN,4,2,6,0.67
hlbP,3,6,9,0.33
hlbS,1,1,2,0.5
hlbb,6,4,10,0.6
hlbl,1,0,1,1.0
hlbm,5,3,8,0.62
hlbn,5,4,9,0.56
hlbs,4,2,6,0.67
hlhn,0,0,0,
hlht,1,0,1,1.0
hllB,2,2,4,0.5
hllH,1,2,3,0.33
hllJ,2,1,3,0.67
hllL,1,0,1,1.0
hllM,3,2,5,0.6
hllP,2,3,5,0.4
hllb,2,1,3,0.67
hlll,0,1,1,0.0
hllm,2,3,5,0.4
hlln,2,1,3,0.67
hlls,1,0,1,1.0
hlmB,3,2,5,0.6
hlmH,6,4,10,0.6
hlmI,1,1,2,0.5
hlmJ,2,3,5,0.4
hlmK,0,1,1,0.0
hlmL,3,4,7,0.43
hlmM,2,12,14,0.14
hlmN,5,5,10,0.5
hlmP,4,2,6,0.67
hlmS,3,6,9,0.33
hlmb,5,2,7,0.71
hlml,1,1,2,0.5
hlmm,3,6,9,0.33
hlmn,3,2,5,0.6
hlms,2,3,5,0.4
hlnB,0,6,6,0.0
hlnH,5,4,9,0.56
hlnI,1,0,1,1.0
hlnK,1,0,1,1.0
hlnL,1,1,2,0.5
hlnM,2,3,5,0.4
hlnN,2,1,3,0.67
hlnP,9,5,14,0.64
hlnS,2,3,5,0.4
hlnb,6,6,12,0.5
hlnh,0,1,1,0.0
hlnl,4,1,5,0.8
hlnm,3,2,5,0.6
hlnn,3,3,6,0.5
hlns,2,3,5,0.4
hlsB,2,1,3,0.67
hlsD,0,2,2,0.0
hlsH,6,7,13,0.46
hlsI,1,0,1,1.0
hlsL,0,2,2,0.0
hlsM,4,2,6,0.67
hlsN,1,3,4,0.25
hlsP,3,5,8,0.38
hlsS,3,2,5,0.6
hlsb,1,5,6,0.17
hlsl,0,1,1,0.0
hlsm,1,1,2,0.5
hlsn,1,1,2,0.5
hlss,3,2,5,0.6
hmBB,20,15,35,0.57
hmBD,2,0,2,1.0
hmBK,1,2,3,0.33
hmBL,6,2,8,0.75
hmBM,27,12,39,0.69
hmBN,10,17,27,0.37
hmBP,14,21,35,0.4
hmBS,10,5,15,0.67
hmBb,19,10,29,0.66
hmBh,4,3,7,0.57
hmBj,6,2,8,0.75
hmBl,4,0,4,1.0
hmBm,9,19,28,0.32
hmBn,14,7,21,0.67
hmBs,7,7,14,0.5
hmBt,2,1,3,0.67
hmDB,7,1,8,0.88
hmDD,1,0,1,1.0
hmDH,2,5,7,0.29
hmDL,0,2,2,0.0
hmDM,7,7,14,0.5
hmDN,5,5,10,0.5
hmDP,3,4,7,0.43
hmDS,5,2,7,0.71
hmDb,1,2,3,0.33
hmDl,1,3,4,0.25
hmDm,8,3,11,0.73
hmDn,5,1,6,0.83
hmDs,7,6,13,0.54
hmHB,7,9,16,0.44
hmHD,2,3,5,0.4
hmHH,1,5,6,0.17
hmHI,0,1,1,0.0
hmHL,6,4,10,0.6
hmHM,14,11,25,0.56
hmHN,11,14,25,0.44
hmHP,13,22,35,0.37
hmHS,12,11,23,0.52
hmHb,11,8,19,0.58
hmHh,5,9,14,0.36
hmHl,4,6,10,0.4
hmHm,24,14,38,0.63
hmHn,19,7,26,0.73
hmHs,15,16,31,0.48
hmHt,0,1,1,0.0
hmIB,0,3,3,0.0
hmID,1,0,1,1.0
hmIH,2,3,5,0.4
hmIM,2,2,4,0.5
hmIN,2,5,7,0.29
hmIP,1,0,1,1.0
hmIS,0,4,4,0.0
hmIb,2,1,3,0.67
hmIm,0,1,1,0.0
hmIn,3,1,4,0.75
hmIs,1,0,1,1.0
hmJB,3,3,6,0.5
hmJD,0,3,3,0.0
hmJH,0,2,2,0.0
hmJK,1,0,1,1.0
hmJL,1,1,2,0.5
hmJM,10,5,15,0.67
hmJN,3,3,6,0.5
hmJP,7,3,10,0.7
hmJS,2,2,4,0.5
hmJb,0,5,5,0.0
hmJh,0,1,1,0.0
hmJl,0,1,1,0.0
hmJm,6,2,8,0.75
hmJn,2,9,11,0.18
hmJs,4,2,6,0.67
hmJt,1,1,2,0.5
hmKH,0,1,1,0.0
hmKL,1,0,1,1.0
hmKM,2,1,3,0.67
hmKN,2,0,2,1.0
hmKP,2,0,2,1.0
hmKS,0,1,1,0.0
hmKb,0,0,0,
hmKh,0,2,2,0.0
hmKm,2,1,3,0.67
hmKn,1,1,2,0.5
hmKs,1,0,1,1.0
hmKt,0,0,0,
hmLB,4,3,7,0.57
hmLD,1,2,3,0.33
hmLH,1,0,1,1.0
hmLK,1,0,1,1.0
hmLL,2,2,4,0.5
hmLM,8,3,11,0.73
hmLN,2,4,6,0.33
hmLP,3,5,8,0.38
hmLS,8,4,12,0.67
hmLb,3,3,6,0.5
hmLh,2,4,6,0.33
hmLj,1,2,3,0.33
hmLl,2,2,4,0.5
hmLm,7,2,9,0.78
hmLn,7,8,15,0.47
hmLs,3,3,6,0.5
hmLt,1,1,2,0.5
hmMB,9,17,26,0.35
hmMD,3,3,6,0.5
hmMK,0,1,1,0.0
hmML,2,7,9,0.22
hmMM,20,23,43,0.47
hmMN,17,24,41,0.41
hmMP,18,11,29,0.62
hmMS,16,12,28,0.57
hmMb,22,11,33,0.67
hmMh,15,21,36,0.42
hmMj,2,2,4,0.5
hmMl,6,3,9,0.67
hmMm,32,32,64,0.5
hmMn,34,17,51,0.67
hmMs,16,21,37,0.43
hmMt,2,2,4,0.5
hmNB,11,12,23,0.48
hmND,3,4,7,0.43
hmNH,5,5,10,0.5
hmNK,2,2,4,0.5
hmNL,8,4,12,0.67
hmNM,17,20,37,0.46
hmNN,22,31,53,0.42
hmNP,24,22,46,0.52
hmNS,15,17,32,0.47
hmNb,8,19,27,0.3
hmNh,2,7,9,0.22
hmNl,7,2,9,0.78
hmNm,18,19,37,0.49
hmNn,27,23,50,0.54
hmNs,19,18,37,0.51
hmNt,9,3,12,0.75
hmPB,11,15,26,0.42
hmPD,1,0,1,1.0
hmPH,6,3,9,0.67
hmPI,2,3,5,0.4
hmPK,1,0,1,1.0
hmPL,3,5,8,0.38
hmPM,13,14,27,0.48
hmPN,10,26,36,0.28
hmPP,22,17,39,0.56
hmPS,13,15,28,0.46
hmPb,12,13,25,0.48
hmPh,3,2,5,0.6
hmPl,3,2,5,0.6
hmPm,18,11,29,0.62
hmPn,17,11,28,0.61
hmPs,15,7,22,0.68
hmPt,2,4,6,0.33
hmSB,6,14,20,0.3
hmSD,3,2,5,0.6
hmSH,8,8,16,0.5
hmSL,4,3,7,0.57
hmSM,14,21,35,0.4
hmSN,18,16,34,0.53
hmSP,14,15,29,0.48
hmSS,22,18,40,0.55
hmSb,6,7,13,0.46
hmSh,8,10,18,0.44
hmSl,4,0,4,1.0
hmSm,16,13,29,0.55
hmSn,12,12,24,0.5
hmSs,21,17,38,0.55
hmSt,3,2,5,0.6
hmbB,16,12,28,0.57
hmbD,0,1,1,0.0
hmbH,1,4,5,0.2
hmbI,1,1,2,0.5
hmbJ,9,4,13,0.69
hmbK,2,1,3,0.67
hmbL,4,9,13,0.31
hmbM,15,14,29,0.52
hmbN,19,21,40,0.48
hmbP,15,18,33,0.45
hmbS,9,10,19,0.47
hmbb,19,23,42,0.45
hmbl,5,8,13,0.38
hmbm,9,15,24,0.38
hmbn,16,9,25,0.64
hmbs,8,15,23,0.35
hmhH,0,0,0,
hmhM,0,1,1,0.0
hmhP,0,0,0,
hmhS,0,1,1,0.0
hmhb,1,0,1,1.0
hmhh,1,0,1,1.0
hmhm,1,1,2,0.5
hmhn,0,1,1,0.0
hmhs,1,2,3,0.33
hmlB,4,2,6,0.67
hmlD,1,1,2,0.5
hmlH,6,2,8,0.75
hmlI,0,1,1,0.0
hmlJ,4,0,4,1.0
hmlL,3,1,4,0.75
hmlM,4,3,7,0.57
hmlN,4,6,10,0.4
hmlP,2,1,3,0.67
hmlS,8,2,10,0.8
hmlb,3,11,14,0.21
hmll,0,3,3,0.0
hmlm,4,4,8,0.5
hmln,4,6,10,0.4
hmls,0,2,2,0.0
hmmB,13,14,27,0.48
hmmD,5,4,9,0.56
hmmH,20,20,40,0.5
hmmI,3,0,3,1.0
hmmJ,1,2,3,0.33
hmmL,4,8,12,0.33
hmmM,29,21,50,0.58
hmmN,24,20,44,0.55
hmmP,16,15,31,0.52
hmmS,14,14,28,0.5
hmmb,23,15,38,0.61
hmmh,1,0,1,1.0
hmml,7,5,12,0.58
hmmm,27,19,46,0.59
hmmn,14,14,28,0.5
hmms,6,8,14,0.43
hmmt,0,1,1,0.0
hmnB,7,14,21,0.33
hmnD,1,1,2,0.5
hmnH,10,19,29,0.34
hmnI,3,3,6,0.5
hmnK,2,2,4,0.5
hmnL,5,1,6,0.83
hmnM,17,19,36,0.47
hmnN,22,21,43,0.51
hmnP,26,35,61,0.43
hmnS,9,11,20,0.45
hmnb,14,4,18,0.78
hmnh,0,1,1,0.0
hmnl,2,4,6,0.33
hmnm,18,14,32,0.56
hmnn,14,17,31,0.45
hmns,14,7,21,0.67
hmnt,0,0,0,
hmsB,10,11,21,0.48
hmsD,4,0,4,1.0
hmsH,12,9,21,0.57
hmsI,2,0,2,1.0
hmsL,4,5,9,0.44
hmsM,12,16,28,0.43
hmsN,9,14,23,0.39
hmsP,5,12,17,0.29
hmsS,16,13,29,0.55
hmsb,12,7,19,0.63
hmsh,1,0,1,1.0
hmsl,6,0,6,1.0
hmsm,12,13,25,0.48
hmsn,12,6,18,0.67
hmss,11,12,23,0.48
hmst,1,0,1,1.0
hnBB,15,16,31,0.48
hnBD,1,1,2,0.5
hnBK,4,1,5,0.8
hnBL,1,3,4,0.25
hnBM,12,14,26,0.46
hnBN,13,11,24,0.54
hnBP,8,13,21,0.38
hnBS,2,2,4,0.5
hnBb,7,10,17,0.41
hnBh,1,2,3,0.33
hnBj,3,1,4,0.75
hnBl,2,0,2,1.0
hnBm,11,10,21,0.52
hnBn,12,15,27,0.44
hnBs,2,8,10,0.2
hnBt,1,0,1,1.0
hnDB,1,1,2,0.5
hnDH,1,6,7,0.14
hnDL,3,1,4,0.75
hnDM,4,4,8,0.5
hnDN,2,2,4,0.5
hnDP,1,1,2,0.5
hnDS,1,6,7,0.14
hnDb,0,1,1,0.0
hnDl,0,3,3,0.0
hnDm,1,4,5,0.2
hnDn,4,3,7,0.57
hnDs,1,3,4,0.25
hnDt,1,0,1,1.0
hnHB,6,6,12,0.5
hnHD,0,1,1,0.0
hnHH,0,1,1,0.0
hnHI,3,0,3,1.0
hnHL,1,1,2,0.5
hnHM,11,8,19,0.58
hnHN,9,10,19,0.47
hnHP,7,12,19,0.37
hnHS,8,11,19,0.42
hnHb,5,2,7,0.71
hnHh,3,5,8,0.38
hnHl,0,7,7,0.0
hnHm,5,11,16,0.31
hnHn,9,7,16,0.56
hnHs,14,7,21,0.67
hnHt,0,1,1,0.0
hnIB,1,1,2,0.5
hnID,0,1,1,0.0
hnIH,2,2,4,0.5
hnII,1,1,2,0.5
hnIL,1,0,1,1.0
hnIM,1,5,6,0.17
hnIN,2,2,4,0.5
hnIP,5,2,7,0.71
hnIS,4,1,5,0.8
hnIb,6,2,8,0.75
hnIl,1,2,3,0.33
hnIm,6,1,7,0.86
hnIn,3,2,5,0.6
hnIs,0,2,2,0.0
hnIt,1,1,2,0.5
hnKB,0,1,1,0.0
hnKH,0,3,3,0.0
hnKI,1,0,1,1.0
hnKL,1,0,1,1.0
hnKM,2,5,7,0.29
hnKN,3,0,3,1.0
hnKP,2,4,6,0.33
hnKS,0,4,4,0.0
hnKb,2,0,2,1.0
hnKh,1,1,2,0.5
hnKl,1,0,1,1.0
hnKm,4,2,6,0.67
hnKn,1,3,4,0.25
hnKs,0,1,1,0.0
hnLB,7,3,10,0.7
hnLD,1,0,1,1.0
hnLH,0,0,0,
hnLL,3,3,6,0.5
hnLM,4,6,10,0.4
hnLN,1,5,6,0.17
hnLP,5,6,11,0.45
hnLS,4,3,7,0.57
hnLb,1,2,3,0.33
hnLh,1,2,3,0.33
hnLj,1,2,3,0.33
hnLl,0,1,1,0.0
hnLm,3,2,5,0.6
hnLn,2,2,4,0.5
hnLs,6,5,11,0.55
hnLt,1,1,2,0.5
hnMB,13,17,30,0.43
hnMD,1,1,2,0.5
hnMK,1,1,2,0.5
hnML,1,2,3,0.33
hnMM,7,21,28,0.25
hnMN,17,16,33,0.52
hnMP,13,13,26,0.5
hnMS,10,11,21,0.48
hnMb,12,16,28,0.43
hnMh,10,13,23,0.43
hnMj,2,1,3,0.67
hnMl,3,4,7,0.43
hnMm,14,17,31,0.45
hnMn,22,23,45,0.49
hnMs,9,14,23,0.39
hnMt,4,0,4,1.0
hnNB,17,16,33,0.52
hnND,4,3,7,0.57
hnNH,0,3,3,0.0
hnNI,0,1,1,0.0
hnNK,1,2,3,0.33
hnNL,3,6,9,0.33
hnNM,17,28,45,0.38
hnNN,21,22,43,0.49
hnNP,22,19,41,0.54
hnNS,13,15,28,0.46
hnNb,10,9,19,0.53
hnNh,4,3,7,0.57
hnNl,3,4,7,0.43
hnNm,16,17,33,0.48
hnNn,19,18,37,0.51
hnNs,21,12,33,0.64
hnNt,5,4,9,0.56
hnPB,19,15,34,0.56
hnPD,3,4,7,0.43
hnPH,2,7,9,0.22
hnPI,1,1,2,0.5
hnPK,2,4,6,0.33
hnPL,4,5,9,0.44
hnPM,14,18,32,0.44
hnPN,22,16,38,0.58
hnPP,23,21,44,0.52
hnPS,21,18,39,0.54
hnPb,10,18,28,0.36
hnPh,2,2,4,0.5
hnPl,6,5,11,0.55
hnPm,19,25,44,0.43
hnPn,10,15,25,0.4
hnPs,18,15,33,0.55
hnPt,1,4,5,0.2
hnSB,4,9,13,0.31
hnSD,4,2,6,0.67
hnSH,6,6,12,0.5
hnSI,0,1,1,0.0
hnSK,0,1,1,0.0
hnSL,2,5,7,0.29
hnSM,18,10,28,0.64
hnSN,14,17,31,0.45
hnSP,14,15,29,0.48
hnSS,17,16,33,0.52
hnSb,8,3,11,0.73
hnSh,10,6,16,0.62
hnSl,4,2,6,0.67
hnSm,15,17,32,0.47
hnSn,12,18,30,0.4
hnSs,19,21,40,0.48
hnSt,1,5,6,0.17
hnbB,13,10,23,0.57
hnbD,1,3,4,0.25
hnbH,3,1,4,0.75
hnbI,1,1,2,0.5
hnbJ,3,1,4,0.75
hnbK,0,4,4,0.0
hnbL,5,3,8,0.62
hnbM,10,15,25,0.4
hnbN,7,11,18,0.39
hnbP,12,14,26,0.46
hnbS,8,6,14,0.57
hnbb,8,7,15,0.53
hnbl,3,3,6,0.5
hnbm,10,7,17,0.59
hnbn,15,11,26,0.58
hnbs,11,4,15,0.73
hnhB,0,1,1,0.0
hnhI,1,0,1,1.0
hnhM,2,1,3,0.67
hnhP,0,2,2,0.0
hnhS,2,1,3,0.67
hnhb,0,2,2,0.0
hnhh,2,2,4,0.5
hnhl,1,1,2,0.5
hnhm,1,1,2,0.5
hnhn,0,1,1,0.0
hnhs,0,1,1,0.0
hnlB,4,3,7,0.57
hnlD,1,0,1,1.0
hnlH,2,0,2,1.0
hnlI,0,1,1,0.0
hnlJ,0,1,1,0.0
hnlL,4,0,4,1.0
hnlM,3,4,7,0.43
hnlN,3,2,5,0.6
hnlP,1,6,7,0.14
hnlS,5,6,11,0.45
hnlb,10,6,16,0.62
hnll,1,1,2,0.5
hnlm,2,6,8,0.25
hnln,4,6,10,0.4
hnls,4,1,5,0.8
hnmB,15,9,24,0.62
hnmD,4,4,8,0.5
hnmH,12,7,19,0.63
hnmI,2,2,4,0.5
hnmJ,2,4,6,0.33
hnmL,4,9,13,0.31
hnmM,21,21,42,0.5
hnmN,16,16,32,0.5
hnmP,17,11,28,0.61
hnmS,18,13,31,0.58
hnmb,14,16,30,0.47
hnmh,2,0,2,1.0
hnml,3,3,6,0.5
hnmm,17,15,32,0.53
hnmn,12,13,25,0.48
hnms,11,11,22,0.5
hnnB,10,5,15,0.67
hnnD,5,3,8,0.62
hnnH,11,10,21,0.52
hnnI,2,4,6,0.33
hnnK,3,1,4,0.75
hnnL,3,2,5,0.6
hnnM,12,17,29,0.41
hnnN,15,20,35,0.43
hnnP,16,24,40,0.4
hnnS,15,14,29,0.52
hnnb,8,13,21,0.38
hnnl,5,2,7,0.71
hnnm,16,8,24,0.67
hnnn,12,15,27,0.44
hnns,6,8,14,0.43
hnsB,8,7,15,0.53
hnsD,2,1,3,0.67
hnsH,15,11,26,0.58
hnsI,3,1,4,0.75
hnsK,1,0,1,1.0
hnsL,1,5,6,0.17
hnsM,7,10,17,0.41
hnsN,16,14,30,0.53
hnsP,10,18,28,0.36
hnsS,22,12,34,0.65
hnsb,9,12,21,0.43
hnsh,1,2,3,0.33
hnsl,1,6,7,0.14
hnsm,12,10,22,0.55
hnsn,6,19,25,0.24
hnss,17,18,35,0.49
hnst,1,0,1,1.0
hntB,0,1,1,0.0
hntS,1,0,1,1.0
hntm,1,0,1,1.0
hsBB,8,7,15,0.53
hsBD,1,2,3,0.33
hsBK,1,3,4,0.25
hsBL,3,2,5,0.6
hsBM,9,14,23,0.39
hsBN,8,11,19,0.42
hsBP,8,5,13,0.62
hsBS,6,7,13,0.46
hsBb,3,9,12,0.25
hsBh,3,0,3,1.0
hsBj,6,2,8,0.75
hsBl,3,2,5,0.6
hsBm,9,8,17,0.53
hsBn,21,13,34,0.62
hsBs,5,12,17,0.29
hsBt,1,2,3,0.33
hsDB,1,1,2,0.5
hsDD,1,0,1,1.0
hsDH,2,5,7,0.29
hsDL,0,0,0,
hsDM,6,6,12,0.5
hsDN,0,1,1,0.0
hsDP,2,1,3,0.67
hsDS,0,5,5,0.0
hsDb,1,3,4,0.25
hsDh,1,0,1,1.0
hsDl,1,1,2,0.5
hsDm,2,2,4,0.5
hsDn,2,4,6,0.33
hsDs,0,3,3,0.0
hsDt,1,0,1,1.0
hsHB,8,8,16,0.5
hsHD,1,4,5,0.2
hsHH,4,5,9,0.44
hsHI,3,5,8,0.38
hsHK,0,1,1,0.0
hsHL,5,9,14,0.36
hsHM,13,10,23,0.57
hsHN,9,7,16,0.56
hsHP,8,17,25,0.32
hsHS,20,18,38,0.53
hsHb,7,6,13,0.54
hsHh,11,11,22,0.5
hsHl,2,5,7,0.29
hsHm,12,12,24,0.5
hsHn,16,19,35,0.46
hsHs,23,24,47,0.49
hsHt,1,3,4,0.25
hsIB,3,2,5,0.6
hsID,1,1,2,0.5
hsIH,0,1,1,0.0
hsII,0,2,2,0.0
hsIM,4,3,7,0.57
hsIN,3,1,4,0.75
hsIP,3,3,6,0.5
hsIS,4,2,6,0.67
hsIb,3,1,4,0.75
hsIl,1,1,2,0.5
hsIm,0,2,2,0.0
hsIn,4,2,6,0.67
hsIs,6,4,10,0.6
hsKB,0,1,1,0.0
hsKM,0,1,1,0.0
hsKN,1,0,1,1.0
hsKP,0,0,0,
hsKb,0,1,1,0.0
hsKh,0,1,1,0.0
hsKm,0,2,2,0.0
hsLB,4,5,9,0.44
hsLD,0,1,1,0.0
hsLM,7,5,12,0.58
hsLN,3,2,5,0.6
hsLP,4,4,8,0.5
hsLS,3,2,5,0.6
hsLb,4,3,7,0.57
hsLh,1,2,3,0.33
hsLj,1,1,2,0.5
hsLl,1,0,1,1.0
hsLm,4,3,7,0.57
hsLn,6,8,14,0.43
hsLs,4,4,8,0.5
hsMB,10,14,24,0.42
hsMD,3,2,5,0.6
hsMH,1,0,1,1.0
hsMK,1,1,2,0.5
hsML,4,1,5,0.8
hsMM,12,17,29,0.41
hsMN,20,13,33,0.61
hsMP,16,15,31,0.52
hsMS,17,20,37,0.46
hsMb,10,7,17,0.59
hsMh,9,15,24,0.38
hsMj,2,2,4,0.5
hsMl,2,4,6,0.33
hsMm,22,23,45,0.49
hsMn,19,22,41,0.46
hsMs,20,11,31,0.65
hsMt,2,3,5,0.4
hsNB,10,12,22,0.45
hsND,1,4,5,0.2
hsNH,2,3,5,0.4
hsNI,0,2,2,0.0
hsNK,2,2,4,0.5
hsNL,3,5,8,0.38
hsNM,6,18,24,0.25
hsNN,18,7,25,0.72
hsNP,19,18,37,0.51
hsNS,13,19,32,0.41
hsNb,10,11,21,0.48
hsNh,4,4,8,0.5
hsNl,3,3,6,0.5
hsNm,28,15,43,0.65
hsNn,12,12,24,0.5
hsNs,15,14,29,0.52
hsNt,3,2,5,0.6
hsPB,11,12,23,0.48
hsPD,1,1,2,0.5
hsPH,3,1,4,0.75
hsPI,2,1,3,0.67
hsPK,1,2,3,0.33
hsPL,3,4,7,0.43
hsPM,15,18,33,0.45
hsPN,21,15,36,0.58
hsPP,15,16,31,0.48
hsPS,13,13,26,0.5
hsPb,7,13,20,0.35
hsPh,6,1,7,0.86
hsPl,5,10,15,0.33
hsPm,19,11,30,0.63
hsPn,9,9,18,0.5
hsPs,14,14,28,0.5
hsPt,3,4,7,0.43
hsSB,19,16,35,0.54
hsSD,4,0,4,1.0
hsSH,9,7,16,0.56
hsSI,3,1,4,0.75
hsSK,3,3,6,0.5
hsSL,4,3,7,0.57
hsSM,19,22,41,0.46
hsSN,19,22,41,0.46
hsSP,11,17,28,0.39
hsSS,40,33,73,0.55
hsSb,10,12,22,0.45
hsSh,10,19,29,0.34
hsSl,10,6,16,0.62
hsSm,26,23,49,0.53
hsSn,23,28,51,0.45
hsSs,26,27,53,0.49
hsSt,1,2,3,0.33
hsbB,8,7,15,0.53
hsbD,0,1,1,0.0
hsbH,3,4,7,0.43
hsbI,3,2,5,0.6
hsbJ,5,4,9,0.56
hsbK,2,0,2,1.0
hsbL,4,3,7,0.57
hsbM,6,12,18,0.33
hsbN,13,11,24,0.54
hsbP,7,9,16,0.44
hsbS,9,3,12,0.75
hsbb,11,10,21,0.52
hsbh,1,1,2,0.5
hsbl,5,2,7,0.71
hsbm,5,14,19,0.26
hsbn,11,9,20,0.55
hsbs,4,1,5,0.8
hshB,2,2,4,0.5
hshI,1,1,2,0.5
hshL,0,2,2,0.0
hshM,4,3,7,0.57
hshN,1,1,2,0.5
hshP,3,4,7,0.43
hshS,5,2,7,0.71
hshb,2,3,5,0.4
hshh,1,1,2,0.5
hshl,1,1,2,0.5
hshm,3,1,4,0.75
hshn,1,1,2,0.5
hshs,0,2,2,0.0
hslB,3,1,4,0.75
hslH,2,2,4,0.5
hslJ,1,0,1,1.0
hslK,0,1,1,0.0
hslM,6,7,13,0.46
hslN,7,3,10,0.7
hslP,0,3,3,0.0
hslS,2,1,3,0.67
hslb,9,4,13,0.69
hsll,4,5,9,0.44
hslm,6,2,8,0.75
hsln,1,6,7,0.14
hsls,3,3,6,0.5
hsmB,7,14,21,0.33
hsmD,3,2,5,0.6
hsmH,18,13,31,0.58
hsmI,2,3,5,0.4
hsmJ,4,5,9,0.44
hsmK,0,1,1,0.0
hsmL,2,3,5,0.4
hsmM,18,14,32,0.56
hsmN,18,23,41,0.44
hsmP,17,14,31,0.55
hsmS,17,11,28,0.61
hsmb,19,11,30,0.63
hsmh,1,0,1,1.0
hsml,5,1,6,0.83
hsmm,15,13,28,0.54
hsmn,17,17,34,0.5
hsms,6,6,12,0.5
hsnB,7,8,15,0.47
hsnD,0,1,1,0.0
hsnH,5,5,10,0.5
hsnI,2,1,3,0.67
hsnL,1,3,4,0.25
hsnM,6,16,22,0.27
hsnN,14,20,34,0.41
hsnP,14,15,29,0.48
hsnS,10,9,19,0.53
hsnb,7,8,15,0.47
hsnh,0,1,1,0.0
hsnl,4,2,6,0.67
hsnm,12,7,19,0.63
hsnn,13,7,20,0.65
hsns,17,15,32,0.53
hsnt,1,2,3,0.33
hssB,12,10,22,0.55
hssD,1,5,6,0.17
hssH,20,18,38,0.53
hssI,7,4,11,0.64
hssK,1,0,1,1.0
hssL,10,4,14,0.71
hssM,12,19,31,0.39
hssN,9,20,29,0.31
hssP,12,9,21,0.57
hssS,23,33,56,0.41
hssb,13,6,19,0.68
hssh,2,1,3,0.67
hssl,3,4,7,0.43
hssm,24,14,38,0.63
hssn,11,7,18,0.61
hsss,23,20,43,0.53
hstB,0,1,1,0.0
hstD,1,0,1,1.0
hstN,1,0,1,1.0
hstP,0,1,1,0.0
hstS,1,1,2,0.5
hstm,1,0,1,1.0
hstn,1,1,2,0.5
htBB,3,0,3,1.0
htBM,0,3,3,0.0
htBN,2,2,4,0.5
htBP,0,1,1,0.0
htBS,0,2,2,0.0
htBb,1,0,1,1.0
htBl,1,0,1,1.0
htBm,2,4,6,0.33
htBn,0,0,0,
htBs,1,2,3,0.33
htDH,0,1,1,0.0
htDM,0,1,1,0.0
htDP,0,1,1,0.0
htDS,0,1,1,0.0
htDb,1,0,1,1.0
htHH,0,1,1,0.0
htHI,1,0,1,1.0
htHL,0,0,0,
htHM,0,2,2,0.0
htHN,1,0,1,1.0
htHP,2,3,5,0.4
htHS,0,1,1,0.0
htHb,2,1,3,0.67
htHh,0,2,2,0.0
htHl,2,0,2,1.0
htHm,3,1,4,0.75
htHn,0,0,0,
htHs,1,2,3,0.33
htID,0,0,0,
htIP,0,0,0,
htIm,0,1,1,0.0
htIs,0,1,1,0.0
htKK,2,0,2,1.0
htKP,0,2,2,0.0
htKS,0,1,1,0.0
htLL,0,1,1,0.0
htLN,1,1,2,0.5
htLP,0,4,4,0.0
htLm,1,0,1,1.0
htMB,0,1,1,0.0
htML,0,1,1,0.0
htMM,0,4,4,0.0
htMN,1,2,3,0.33
htMP,3,3,6,0.5
htMS,4,2,6,0.67
htMb,3,1,4,0.75
htMj,0,0,0,
htMl,0,1,1,0.0
htMm,2,2,4,0.5
htMn,2,3,5,0.4
htMs,1,4,5,0.2
htNB,0,1,1,0.0
htNH,0,2,2,0.0
htNM,0,5,5,0.0
htNN,3,1,4,0.75
htNP,2,1,3,0.67
htNS,3,2,5,0.6
htNb,0,0,0,
htNl,0,0,0,
htNm,4,1,5,0.8
htNn,3,2,5,0.6
htNs,1,4,5,0.2
htNt,1,0,1,1.0
htPB,2,2,4,0.5
htPD,0,1,1,0.0
htPL,2,0,2,1.0
htPM,3,3,6,0.5
htPN,2,1,3,0.67
htPP,0,1,1,0.0
htPS,5,3,8,0.62
htPb,2,3,5,0.4
htPh,0,1,1,0.0
htPl,1,0,1,1.0
htPm,2,1,3,0.67
htPn,4,0,4,1.0
htPs,1,2,3,0.33
htPt,1,0,1,1.0
htSB,3,0,3,1.0
htSH,0,3,3,0.0
htSK,1,0,1,1.0
htSL,1,0,1,1.0
htSM,3,2,5,0.6
htSN,0,2,2,0.0
htSP,2,4,6,0.33
htSS,1,1,2,0.5
htSb,1,1,2,0.5
htSh,1,1,2,0.5
htSl,0,1,1,0.0
htSm,3,1,4,0.75
htSn,1,1,2,0.5
htSs,3,2,5,0.6
htSt,0,1,1,0.0
htbB,2,0,2,1.0
htbH,0,1,1,0.0
htbL,1,0,1,1.0
htbM,0,2,2,0.0
htbN,1,2,3,0.33
htbP,0,0,0,
htbS,2,0,2,1.0
htbb,2,2,4,0.5
htbl,1,1,2,0.5
htbm,0,1,1,0.0
htbn,1,0,1,1.0
htbs,2,0,2,1.0
htlB,1,0,1,1.0
htlM,0,3,3,0.0
htlN,1,1,2,0.5
htlP,1,0,1,1.0
htlS,3,0,3,1.0
htlb,1,1,2,0.5
htln,1,0,1,1.0
htls,1,0,1,1.0
htmB,5,1,6,0.83
htmD,3,0,3,1.0
htmH,1,2,3,0.33
htmI,1,0,1,1.0
htmJ,0,1,1,0.0
htmM,3,3,6,0.5
htmN,1,5,6,0.17
htmP,1,1,2,0.5
htmS,1,2,3,0.33
htmb,2,0,2,1.0
html,0,1,1,0.0
htmm,3,1,4,0.75
htmn,0,5,5,0.0
htms,0,2,2,0.0
htnB,1,0,1,1.0
htnH,2,0,2,1.0
htnL,0,1,1,0.0
htnM,1,3,4,0.25
htnN,0,2,2,0.0
htnP,1,1,2,0.5
htnS,1,0,1,1.0
htnb,3,0,3,1.0
htnh,0,1,1,0.0
htnm,1,0,1,1.0
htnn,1,2,3,0.33
htns,4,1,5,0.8
htsB,0,1,1,0.0
htsH,2,3,5,0.4
htsI,0,1,1,0.0
htsL,0,1,1,0.0
htsM,3,1,4,0.75
htsN,0,3,3,0.0
htsP,1,1,2,0.5
htsS,4,2,6,0.67
htsb,0,2,2,0.0
htsm,4,2,6,0.67
htsn,1,1,2,0.5
htss,0,3,3,0.0
httH,1,0,1,1.0
httN,2,2,4,0.5
httP,1,0,1,1.0
httS,0,1,1,0.0
httn,1,1,2,0.5
htts,1,0,1,1.0
jBBB,2,4,6,0.33
jBBD,1,0,1,1.0
jBBH,0,0,0,
jBBL,1,0,1,1.0
jBBM,4,5,9,0.44
jBBN,3,2,5,0.6
jBBP,2,4,6,0.33
jBBS,2,1,3,0.67
jBBb,3,5,8,0.38
jBBl,3,0,3,1.0
jBBm,2,4,6,0.33
jBBn,2,2,4,0.5
jBBs,0,1,1,0.0
jBDH,0,0,0,
jBDI,0,0,0,
jBDM,0,0,0,
jBDm,1,1,2,0.5
jBKI,1,0,1,1.0
jBKL,1,0,1,1.0
jBKP,1,1,2,0.5
jBLB,1,0,1,1.0
jBLL,1,1,2,0.5
jBLM,0,2,2,0.0
jBLN,2,1,3,0.67
jBLP,1,1,2,0.5
jBLS,1,1,2,0.5
jBLb,1,1,2,0.5
jBLh,2,1,3,0.67
jBLj,1,0,1,1.0
jBLm,1,0,1,1.0
jBLn,2,1,3,0.67
jBLs,0,1,1,0.0
jBMB,1,6,7,0.14
jBML,1,1,2,0.5
jBMM,1,3,4,0.25
jBMN,1,1,2,0.5
jBMP,0,0,0,
jBMS,1,2,3,0.33
jBMb,1,0,1,1.0
jBMh,0,2,2,0.0
jBMj,0,1,1,0.0
jBMl,1,1,2,0.5
jBMm,2,4,6,0.33
jBMn,4,4,8,0.5
jBMs,0,1,1,0.0
jBMt,1,0,1,1.0
jBNB,1,0,1,1.0
jBNL,1,0,1,1.0
jBNM,1,3,4,0.25
jBNN,0,1,1,0.0
jBNP,4,0,4,1.0
jBNS,1,0,1,1.0
jBNb,3,1,4,0.75
jBNh,1,0,1,1.0
jBNl,0,3,3,0.0
jBNm,5,1,6,0.83
jBNn,1,1,2,0.5
jBNs,3,3,6,0.5
jBNt,0,1,1,0.0
jBPB,1,4,5,0.2
jBPD,0,0,0,
jBPH,0,1,1,0.0
jBPK,2,0,2,1.0
jBPL,0,1,1,0.0
jBPM,2,4,6,0.33
jBPN,1,2,3,0.33
jBPP,7,5,12,0.58
jBPS,0,1,1,0.0
jBPb,2,2,4,0.5
jBPl,0,1,1,0.0
jBPm,5,2,7,0.71
jBPn,2,3,5,0.4
jBPs,1,0,1,1.0
jBSB,0,1,1,0.0
jBSH,0,1,1,0.0
jBSI,1,0,1,1.0
jBSL,1,0,1,1.0
jBSM,1,4,5,0.2
jBSN,0,2,2,0.0
jBSP,0,1,1,0.0
jBSS,3,2,5,0.6
jBSb,1,0,1,1.0
jBSh,0,0,0,
jBSl,0,0,0,
jBSm,1,1,2,0.5
jBSn,1,0,1,1.0
jBSs,1,1,2,0.5
jBbB,3,2,5,0.6
jBbI,0,1,1,0.0
jBbJ,1,1,2,0.5
jBbL,0,1,1,0.0
jBbM,1,4,5,0.2
jBbN,0,1,1,0.0
jBbP,2,0,2,1.0
jBbS,0,1,1,0.0
jBbb,2,7,9,0.22
jBbl,1,0,1,1.0
jBbm,2,1,3,0.67
jBbn,2,2,4,0.5
jBbs,0,2,2,0.0
jBhB,0,1,1,0.0
jBhM,0,1,1,0.0
jBhm,1,0,1,1.0
jBhs,1,0,1,1.0
jBjH,1,0,1,1.0
jBjN,1,2,3,0.33
jBjb,0,0,0,
jBjn,0,1,1,0.0
jBjs,0,1,1,0.0
jBlB,1,1,2,0.5
jBlH,0,0,0,
jBlJ,0,1,1,0.0
jBlL,0,1,1,0.0
jBlM,1,0,1,1.0
jBlN,0,0,0,
jBlS,0,1,1,0.0
jBlb,1,1,2,0.5
jBlm,1,1,2,0.5
jBln,0,1,1,0.0
jBls,0,0,0,
jBmB,2,4,6,0.33
jBmH,1,4,5,0.2
jBmI,1,0,1,1.0
jBmL,0,2,2,0.0
jBmM,3,4,7,0.43
jBmN,3,0,3,1.0
jBmP,2,4,6,0.33
jBmS,4,2,6,0.67
jBmb,1,4,5,0.2
jBml,0,3,3,0.0
jBmm,3,4,7,0.43
jBmn,1,1,2,0.5
jBms,1,1,2,0.5
jBnB,1,3,4,0.25
jBnD,0,0,0,
jBnH,1,0,1,1.0
jBnI,1,0,1,1.0
jBnL,1,2,3,0.33
jBnM,2,5,7,0.29
jBnN,1,3,4,0.25
jBnP,9,5,14,0.64
jBnS,2,3,5,0.4
jBnb,1,1,2,0.5
jBnl,0,0,0,
jBnm,5,1,6,0.83
jBnn,3,4,7,0.43
jBns,2,6,8,0.25
jBsD,1,0,1,1.0
jBsH,2,1,3,0.67
jBsL,1,1,2,0.5
jBsM,1,0,1,1.0
jBsN,2,1,3,0.67
jBsP,5,2,7,0.71
jBsS,1,1,2,0.5
jBsb,0,4,4,0.0
jBsl,1,0,1,1.0
jBsm,3,2,5,0.6
jBsn,3,1,4,0.75
jBss,3,2,5,0.6
jBtL,0,1,1,0.0
jBtN,0,1,1,0.0
jBtP,0,0,0,
jBtn,0,1,1,0.0
jBts,1,0,1,1.0
jDBD,0,1,1,0.0
jDBM,1,0,1,1.0
jDBS,0,1,1,0.0
jDBn,0,0,0,
jDDD,1,0,1,1.0
jDDm,0,1,1,0.0
jDHM,0,1,1,0.0
jDHN,0,2,2,0.0
jDHs,1,1,2,0.5
jDLb,0,1,1,0.0
jDLm,1,0,1,1.0
jDLn,1,0,1,1.0
jDMP,1,1,2,0.5
jDMS,0,0,0,
jDMb,0,2,2,0.0
jDNB,0,1,1,0.0
jDNP,0,0,0,
jDNb,0,0,0,
jDNn,0,0,0,
jDPB,0,1,1,0.0
jDPD,1,0,1,1.0
jDPP,0,2,2,0.0
jDPS,0,0,0,
jDPm,1,0,1,1.0
jDSN,1,1,2,0.5
jDSP,2,0,2,1.0
jDSS,0,1,1,0.0
jDbN,2,0,2,1.0
jDbl,1,0,1,1.0
jDlS,1,0,1,1.0
jDlb,0,1,1,0.0
jDmH,0,1,1,0.0
jDmM,1,0,1,1.0
jDmN,1,1,2,0.5
jDmn,0,1,1,0.0
jDms,1,0,1,1.0
jDnB,1,0,1,1.0
jDnM,1,0,1,1.0
jDnn,1,0,1,1.0
jDsD,0,1,1,0.0
jDsH,0,1,1,0.0
jDsM,0,0,0,
jDsb,1,0,1,1.0
jDsm,0,0,0,
jDss,1,0,1,1.0
jDtH,1,0,1,1.0
jDtm,1,0,1,1.0
jHBB,3,1,4,0.75
jHBN,0,1,1,0.0
jHBP,1,3,4,0.25
jHBb,0,0,0,
jHBj,1,0,1,1.0
jHBn,1,0,1,1.0
jHBt,0,2,2,0.0
jHDN,1,0,1,1.0
jHDP,0,1,1,0.0
jHDm,1,0,1,1.0
jHHS,1,0,1,1.0
jHHb,1,0,1,1.0
jHHs,0,1,1,0.0
jHIH,1,0,1,1.0
jHIM,0,0,0,
jHIP,0,1,1,0.0
jHIm,0,0,0,
jHLL,0,1,1,0.0
jHLP,1,0,1,1.0
jHLb,0,1,1,0.0
jHLl,1,0,1,1.0
jHLm,0,1,1,0.0
jHMB,1,0,1,1.0
jHMD,0,1,1,0.0
jHMP,1,0,1,1.0
jHMS,1,0,1,1.0
jHMb,0,1,1,0.0
jHMj,1,0,1,1.0
jHMl,1,0,1,1.0
jHMm,0,2,2,0.0
jHMn,0,2,2,0.0
jHMs,0,3,3,0.0
jHNM,0,1,1,0.0
jHNP,0,0,0,
jHNS,1,1,2,0.5
jHNb,0,1,1,0.0
jHNm,0,2,2,0.0
jHNn,2,1,3,0.67
jHPB,2,0,2,1.0
jHPD,0,1,1,0.0
jHPL,0,0,0,
jHPM,1,1,2,0.5
jHPN,2,1,3,0.67
jHPP,1,2,3,0.33
jHPS,1,0,1,1.0
jHPb,0,3,3,0.0
jHPh,0,1,1,0.0
jHPm,1,2,3,0.33
jHPn,1,0,1,1.0
jHPs,2,2,4,0.5
jHSB,0,1,1,0.0
jHSH,0,1,1,0.0
jHSM,1,1,2,0.5
jHSN,2,1,3,0.67
jHSP,3,0,3,1.0
jHSS,0,1,1,0.0
jHSb,0,1,1,0.0
jHSh,0,0,0,
jHSl,0,1,1,0.0
jHSm,1,1,2,0.5
jHSs,0,3,3,0.0
jHbH,1,0,1,1.0
jHbL,1,0,1,1.0
jHbM,3,0,3,1.0
jHbN,2,0,2,1.0
jHbP,1,0,1,1.0
jHbb,0,1,1,0.0
jHbl,0,2,2,0.0
jHbn,1,0,1,1.0
jHbs,1,1,2,0.5
jHhI,1,0,1,1.0
jHhS,2,0,2,1.0
jHhh,0,1,1,0.0
jHhn,0,1,1,0.0
jHhs,1,0,1,1.0
jHlB,1,0,1,1.0
jHlM,1,0,1,1.0
jHlN,0,1,1,0.0
jHlP,1,1,2,0.5
jHls,0,1,1,0.0
jHmB,1,0,1,1.0
jHmD,1,0,1,1.0
jHmH,1,1,2,0.5
jHmM,1,1,2,0.5
jHmN,2,0,2,1.0
jHmS,0,1,1,0.0
jHmb,0,1,1,0.0
jHml,0,0,0,
jHmm,1,0,1,1.0
jHmn,2,1,3,0.67
jHms,1,0,1,1.0
jHnD,0,1,1,0.0
jHnH,1,0,1,1.0
jHnK,1,0,1,1.0
jHnM,0,2,2,0.0
jHnN,1,0,1,1.0
jHnS,0,1,1,0.0
jHnb,0,0,0,
jHnl,0,1,1,0.0
jHnm,0,0,0,
jHnn,1,0,1,1.0
jHns,2,0,2,1.0
jHsB,1,1,2,0.5
jHsH,0,2,2,0.0
jHsM,0,1,1,0.0
jHsN,2,0,2,1.0
jHsP,0,2,2,0.0
jHsS,0,1,1,0.0
jHsb,0,1,1,0.0
jHsl,1,0,1,1.0
jHsm,3,1,4,0.75
jHss,0,3,3,0.0
jHtN,0,0,0,
jHtP,1,0,1,1.0
jHtS,0,1,1,0.0
jHtm,0,1,1,0.0
jIBB,0,1,1,0.0
jIBS,0,1,1,0.0
jIBl,0,1,1,0.0
jIBn,0,1,1,0.0
jIDH,0,1,1,0.0
jIDP,1,0,1,1.0
jIHB,0,1,1,0.0
jIHM,1,0,1,1.0
jIHN,1,0,1,1.0
jIHP,1,0,1,1.0
jIHS,0,1,1,0.0
jIIP,0,1,1,0.0
jIIm,1,0,1,1.0
jIIn,1,0,1,1.0
jILN,1,0,1,1.0
jILP,0,1,1,0.0
jILm,0,2,2,0.0
jILn,0,1,1,0.0
jIMB,1,0,1,1.0
jIMM,1,0,1,1.0
jIMm,2,0,2,1.0
jIMn,0,0,0,
jIMs,0,0,0,
jINB,1,0,1,1.0
jINM,2,0,2,1.0
jINN,3,0,3,1.0
jINm,1,0,1,1.0
jINs,1,1,2,0.5
jIPB,0,1,1,0.0
jIPL,1,0,1,1.0
jIPN,0,2,2,0.0
jIPP,0,2,2,0.0
jIPS,0,0,0,
jIPl,0,1,1,0.0
jIPm,0,0,0,
jIPs,1,0,1,1.0
jISH,2,0,2,1.0
jISM,0,0,0,
jISb,0,1,1,0.0
jISn,1,0,1,1.0
jISs,1,0,1,1.0
jIbS,1,0,1,1.0
jIbl,1,0,1,1.0
jIbm,1,0,1,1.0
jIbn,1,0,1,1.0
jIlP,0,1,1,0.0
jImD,0,0,0,
jImH,1,0,1,1.0
jImJ,0,0,0,
jImL,0,1,1,0.0
jImM,1,2,3,0.33
jImN,1,0,1,1.0
jImb,2,0,2,1.0
jIms,0,1,1,0.0
jInL,0,1,1,0.0
jInS,0,0,0,
jInb,1,0,1,1.0
jInn,1,1,2,0.5
jIsH,0,0,0,
jIsN,1,2,3,0.33
jIsl,1,0,1,1.0
jIss,0,1,1,0.0
jItP,0,1,1,0.0
jItl,1,0,1,1.0
jItn,0,1,1,0.0
jKBN,1,0,1,1.0
jKBb,0,1,1,0.0
jKHs,1,1,2,0.5
jKLn,0,1,1,0.0
jKMM,0,1,1,0.0
jKMN,0,2,2,0.0
jKMb,1,0,1,1.0
jKMh,0,1,1,0.0
jKNB,0,1,1,0.0
jKNN,1,1,2,0.5
jKNb,0,1,1,0.0
jKNs,1,0,1,1.0
jKPB,0,1,1,0.0
jKPL,0,1,1,0.0
jKSM,2,0,2,1.0
jKSN,1,0,1,1.0
jKSl,1,0,1,1.0
jKSm,1,0,1,1.0
jKbB,0,0,0,
jKbM,0,0,0,
jKbP,0,2,2,0.0
jKbb,0,0,0,
jKbl,0,1,1,0.0
jKbm,0,0,0,
jKbn,1,0,1,1.0
jKhh,0,1,1,0.0
jKhm,1,0,1,1.0
jKlB,1,0,1,1.0
jKlH,0,1,1,0.0
jKlS,0,1,1,0.0
jKmJ,0,1,1,0.0
jKmN,1,0,1,1.0
jKmP,1,0,1,1.0
jKmS,0,1,1,0.0
jKmb,1,0,1,1.0
jKml,1,0,1,1.0
jKnB,0,1,1,0.0
jKnP,1,1,2,0.5
jKnb,0,1,1,0.0
jKnm,0,1,1,0.0
jKns,0,1,1,0.0
jKnt,1,0,1,1.0
jKsM,3,0,3,1.0
jKsP,0,1,1,0.0
jKsS,0,1,1,0.0
jKss,1,0,1,1.0
jKts,1,0,1,1.0
jLBB,0,4,4,0.0
jLBM,1,1,2,0.5
jLBN,0,1,1,0.0
jLBP,4,3,7,0.57
jLBS,1,1,2,0.5
jLBb,0,2,2,0.0
jLBm,1,2,3,0.33
jLBn,2,2,4,0.5
jLBs,1,0,1,1.0
jLDN,1,0,1,1.0
jLKm,1,0,1,1.0
jLLB,1,0,1,1.0
jLLM,0,1,1,0.0
jLLb,0,1,1,0.0
jLMB,0,1,1,0.0
jLML,0,1,1,0.0
jLMP,0,0,0,
jLMS,1,0,1,1.0
jLMb,0,2,2,0.0
jLMh,0,0,0,
jLMj,0,0,0,
jLMl,0,0,0,
jLMm,2,0,2,1.0
jLMn,0,2,2,0.0
jLNB,0,1,1,0.0
jLNH,0,1,1,0.0
jLNL,0,0,0,
jLNM,0,0,0,
jLNN,1,0,1,1.0
jLNS,1,0,1,1.0
jLNb,1,2,3,0.33
jLNh,0,3,3,0.0
jLNl,0,0,0,
jLNm,0,1,1,0.0
jLNn,1,0,1,1.0
jLNs,0,1,1,0.0
jLNt,1,0,1,1.0
jLPB,4,1,5,0.8
jLPI,0,0,0,
jLPK,1,0,1,1.0
jLPM,0,3,3,0.0
jLPN,2,1,3,0.67
jLPP,2,3,5,0.4
jLPS,1,4,5,0.2
jLPb,0,1,1,0.0
jLPl,0,1,1,0.0
jLPm,1,0,1,1.0
jLPn,2,1,3,0.67
jLPs,3,0,3,1.0
jLSB,1,0,1,1.0
jLSM,1,0,1,1.0
jLSN,1,0,1,1.0
jLSP,1,0,1,1.0
jLSS,0,2,2,0.0
jLSb,0,1,1,0.0
jLSh,1,1,2,0.5
jLSl,0,0,0,
jLSn,0,1,1,0.0
jLSs,1,1,2,0.5
jLbB,1,2,3,0.33
jLbD,0,2,2,0.0
jLbH,1,0,1,1.0
jLbJ,0,1,1,0.0
jLbM,1,0,1,1.0
jLbN,1,0,1,1.0
jLbS,1,1,2,0.5
jLbb,0,1,1,0.0
jLbm,1,2,3,0.33
jLbn,1,0,1,1.0
jLbs,1,3,4,0.25
jLhB,1,0,1,1.0
jLhH,0,1,1,0.0
jLhL,0,1,1,0.0
jLhM,0,1,1,0.0
jLhS,0,0,0,
jLhb,1,0,1,1.0
jLhh,0,1,1,0.0
jLhl,0,1,1,0.0
jLhm,0,1,1,0.0
jLhn,1,0,1,1.0
jLhs,0,1,1,0.0
jLjB,0,1,1,0.0
jLjI,1,0,1,1.0
jLjM,1,0,1,1.0
jLjP,0,0,0,
jLlB,1,1,2,0.5
jLlM,1,0,1,1.0
jLlP,0,1,1,0.0
jLlS,1,0,1,1.0
jLlb,0,1,1,0.0
jLlm,0,2,2,0.0
jLls,0,0,0,
jLmB,1,0,1,1.0
jLmH,0,3,3,0.0
jLmL,0,0,0,
jLmM,0,2,2,0.0
jLmN,1,2,3,0.33
jLmP,1,3,4,0.25
jLmS,1,0,1,1.0
jLmb,1,0,1,1.0
jLmm,1,0,1,1.0
jLmn,1,0,1,1.0
jLms,0,4,4,0.0
jLnB,0,2,2,0.0
jLnH,1,2,3,0.33
jLnL,1,1,2,0.5
jLnM,1,2,3,0.33
jLnN,1,4,5,0.2
jLnP,1,3,4,0.25
jLnS,2,1,3,0.67
jLnb,1,1,2,0.5
jLnm,3,0,3,1.0
jLnn,0,0,0,
jLsH,1,2,3,0.33
jLsI,0,1,1,0.0
jLsK,1,0,1,1.0
jLsN,1,0,1,1.0
jLsP,1,3,4,0.25
jLsl,0,1,1,0.0
jLsm,0,0,0,
jLss,1,3,4,0.25
jLtN,1,0,1,1.0
jLtS,0,1,1,0.0
jLts,1,0,1,1.0
jLtt,0,0,0,
jMBB,5,2,7,0.71
jMBD,1,0,1,1.0
jMBL,0,1,1,0.0
jMBM,6,1,7,0.86
jMBN,3,0,3,1.0
jMBP,1,4,5,0.2
jMBS,0,2,2,0.0
jMBb,2,5,7,0.29
jMBj,0,1,1,0.0
jMBl,2,2,4,0.5
jMBm,4,3,7,0.57
jMBn,2,8,10,0.2
jMBs,0,0,0,
jMBt,1,1,2,0.5
jMDB,0,2,2,0.0
jMDH,1,0,1,1.0
jMDL,1,0,1,1.0
jMDN,0,0,0,
jMDS,0,1,1,0.0
jMDl,1,0,1,1.0
jMDs,0,2,2,0.0
jMHl,1,0,1,1.0
jMIP,0,1,1,0.0
jMKP,0,0,0,
jMKm,0,1,1,0.0
jMLB,1,1,2,0.5
jMLM,1,0,1,1.0
jMLN,0,2,2,0.0
jMLb,1,0,1,1.0
jMLh,0,2,2,0.0
jMLl,0,1,1,0.0
jMLm,0,2,2,0.0
jMLn,1,2,3,0.33
jMMB,0,2,2,0.0
jMML,2,1,3,0.67
jMMM,1,3,4,0.25
jMMN,2,5,7,0.29
jMMP,0,4,4,0.0
jMMS,2,4,6,0.33
jMMb,3,4,7,0.43
jMMh,0,1,1,0.0
jMMj,0,1,1,0.0
jMMl,2,3,5,0.4
jMMm,4,2,6,0.67
jMMn,2,5,7,0.29
jMMs,2,1,3,0.67
jMNB,5,1,6,0.83
jMND,1,1,2,0.5
jMNH,0,1,1,0.0
jMNL,0,1,1,0.0
jMNM,2,1,3,0.67
jMNN,1,2,3,0.33
jMNP,2,4,6,0.33
jMNb,2,0,2,1.0
jMNm,4,4,8,0.5
jMNn,1,1,2,0.5
jMNs,2,3,5,0.4
jMPB,6,2,8,0.75
jMPH,0,1,1,0.0
jMPL,3,1,4,0.75
jMPM,1,4,5,0.2
jMPN,5,2,7,0.71
jMPP,5,6,11,0.45
jMPS,0,3,3,0.0
jMPb,6,1,7,0.86
jMPh,1,0,1,1.0
jMPl,2,2,4,0.5
jMPm,3,2,5,0.6
jMPn,1,6,7,0.14
jMPs,0,1,1,0.0
jMSB,2,1,3,0.67
jMSD,0,2,2,0.0
jMSH,0,0,0,
jMSM,1,1,2,0.5
jMSP,1,0,1,1.0
jMSS,0,1,1,0.0
jMSb,1,0,1,1.0
jMSh,1,0,1,1.0
jMSl,0,1,1,0.0
jMSm,2,2,4,0.5
jMSn,2,0,2,1.0
jMSs,0,1,1,0.0
jMbB,2,0,2,1.0
jMbJ,1,1,2,0.5
jMbK,0,1,1,0.0
jMbL,2,1,3,0.67
jMbM,3,4,7,0.43
jMbN,1,1,2,0.5
jMbP,3,4,7,0.43
jMbS,1,1,2,0.5
jMbb,2,1,3,0.67
jMbn,0,3,3,0.0
jMbs,0,5,5,0.0
jMhB,1,1,2,0.5
jMhD,1,0,1,1.0
jMhL,1,1,2,0.5
jMhM,0,1,1,0.0
jMhN,1,2,3,0.33
jMhP,2,0,2,1.0
jMhS,0,1,1,0.0
jMhb,1,0,1,1.0
jMhh,0,1,1,0.0
jMhm,3,3,6,0.5
jMhn,1,1,2,0.5
jMhs,1,0,1,1.0
jMjL,0,1,1,0.0
jMjS,2,0,2,1.0
jMjb,0,1,1,0.0
jMjm,0,1,1,0.0
jMjn,0,0,0,
jMjs,1,1,2,0.5
jMlB,0,1,1,0.0
jMlD,1,0,1,1.0
jMlH,2,1,3,0.67
jMlL,1,1,2,0.5
jMlM,0,1,1,0.0
jMlN,0,1,1,0.0
jMlP,1,3,4,0.25
jMlS,1,0,1,1.0
jMlb,3,1,4,0.75
jMll,1,0,1,1.0
jMmB,5,2,7,0.71
jMmH,4,3,7,0.57
jMmI,0,1,1,0.0
jMmL,1,1,2,0.5
jMmM,5,3,8,0.62
jMmN,2,1,3,0.67
jMmP,4,0,4,1.0
jMmS,4,4,8,0.5
jMmb,3,0,3,1.0
jMml,3,0,3,1.0
jMmm,3,1,4,0.75
jMmn,4,2,6,0.67
jMms,1,0,1,1.0
jMnB,3,4,7,0.43
jMnD,0,1,1,0.0
jMnH,0,3,3,0.0
jMnI,1,0,1,1.0
jMnL,2,0,2,1.0
jMnM,1,2,3,0.33
jMnN,6,3,9,0.67
jMnP,4,6,10,0.4
jMnS,4,1,5,0.8
jMnb,2,3,5,0.4
jMnl,0,2,2,0.0
jMnm,2,4,6,0.33
jMnn,2,5,7,0.29
jMns,1,4,5,0.2
jMsB,1,0,1,1.0
jMsD,0,1,1,0.0
jMsH,2,1,3,0.67
jMsI,1,0,1,1.0
jMsM,3,2,5,0.6
jMsN,1,1,2,0.5
jMsP,0,2,2,0.0
jMsS,3,2,5,0.6
jMsb,1,0,1,1.0
jMsl,0,0,0,
jMsm,1,0,1,1.0
jMsn,2,1,3,0.67
jMss,2,0,2,1.0
jMtP,1,0,1,1.0
jMtm,0,1,1,0.0
jNBB,4,4,8,0.5
jNBH,1,0,1,1.0
jNBK,2,0,2,1.0
jNBL,0,1,1,0.0
jNBM,2,5,7,0.29
jNBN,1,2,3,0.33
jNBP,2,6,8,0.25
jNBS,1,1,2,0.5
jNBb,0,0,0,
jNBh,1,0,1,1.0
jNBj,1,0,1,1.0
jNBl,0,2,2,0.0
jNBm,3,1,4,0.75
jNBn,2,4,6,0.33
jNBs,1,0,1,1.0
jNDD,1,0,1,1.0
jNDN,1,0,1,1.0
jNDS,2,0,2,1.0
jNDm,0,1,1,0.0
jNDn,1,0,1,1.0
jNDs,1,0,1,1.0
jNHB,1,0,1,1.0
jNHL,0,0,0,
jNHM,0,1,1,0.0
jNHP,0,0,0,
jNHS,1,0,1,1.0
jNHn,1,0,1,1.0
jNHs,0,1,1,0.0
jNIM,1,0,1,1.0
jNIP,1,0,1,1.0
jNIS,0,1,1,0.0
jNKM,0,1,1,0.0
jNKb,0,1,1,0.0
jNKl,0,1,1,0.0
jNKs,0,1,1,0.0
jNLB,1,3,4,0.25
jNLL,0,1,1,0.0
jNLM,2,1,3,0.67
jNLN,1,2,3,0.33
jNLP,1,0,1,1.0
jNLb,1,0,1,1.0
jNLh,0,1,1,0.0
jNLj,1,0,1,1.0
jNLl,3,0,3,1.0
jNLn,0,1,1,0.0
jNLs,1,1,2,0.5
jNMB,2,8,10,0.2
jNMD,0,1,1,0.0
jNML,0,1,1,0.0
jNMM,1,2,3,0.33
jNMN,1,5,6,0.17
jNMP,2,4,6,0.33
jNMS,1,2,3,0.33
jNMb,4,3,7,0.57
jNMh,0,3,3,0.0
jNMl,1,1,2,0.5
jNMm,3,1,4,0.75
jNMn,3,2,5,0.6
jNNB,3,3,6,0.5
jNND,0,0,0,
jNNL,1,0,1,1.0
jNNM,3,3,6,0.5
jNNN,3,2,5,0.6
jNNP,4,4,8,0.5
jNNS,2,0,2,1.0
jNNb,4,4,8,0.5
jNNh,0,1,1,0.0
jNNl,3,0,3,1.0
jNNm,4,1,5,0.8
jNNn,3,2,5,0.6
jNNs,0,0,0,
jNNt,0,0,0,
jNPB,0,3,3,0.0
jNPD,0,0,0,
jNPH,1,1,2,0.5
jNPL,0,2,2,0.0
jNPM,2,2,4,0.5
jNPN,2,2,4,0.5
jNPP,2,7,9,0.22
jNPS,4,0,4,1.0
jNPb,1,3,4,0.25
jNPh,0,1,1,0.0
jNPl,0,2,2,0.0
jNPm,6,6,12,0.5
jNPn,3,2,5,0.6
jNPs,5,3,8,0.62
jNPt,0,1,1,0.0
jNSB,1,2,3,0.33
jNSD,1,0,1,1.0
jNSH,0,2,2,0.0
jNSI,1,0,1,1.0
jNSL,1,1,2,0.5
jNSM,1,1,2,0.5
jNSN,4,0,4,1.0
jNSP,1,1,2,0.5
jNSS,0,0,0,
jNSb,0,1,1,0.0
jNSh,0,1,1,0.0
jNSl,1,1,2,0.5
jNSm,1,0,1,1.0
jNSn,1,2,3,0.33
jNSs,4,1,5,0.8
jNSt,1,0,1,1.0
jNbB,3,1,4,0.75
jNbI,0,1,1,0.0
jNbJ,1,0,1,1.0
jNbK,0,0,0,
jNbL,1,1,2,0.5
jNbM,0,3,3,0.0
jNbN,1,1,2,0.5
jNbP,0,2,2,0.0
jNbS,0,1,1,0.0
jNbb,0,3,3,0.0
jNbm,2,0,2,1.0
jNbn,3,1,4,0.75
jNbs,1,1,2,0.5
jNhB,2,0,2,1.0
jNhL,1,1,2,0.5
jNhM,1,2,3,0.33
jNhN,0,2,2,0.0
jNhP,1,2,3,0.33
jNhS,0,0,0,
jNhb,0,2,2,0.0
jNhh,0,3,3,0.0
jNhn,2,1,3,0.67
jNhs,2,1,3,0.67
jNlB,1,0,1,1.0
jNlI,1,0,1,1.0
jNlJ,0,1,1,0.0
jNlL,1,0,1,1.0
jNlM,1,0,1,1.0
jNlN,0,1,1,0.0
jNlP,1,0,1,1.0
jNlS,1,0,1,1.0
jNlb,0,2,2,0.0
jNll,0,1,1,0.0
jNlm,1,0,1,1.0
jNln,1,0,1,1.0
jNls,2,0,2,1.0
jNmB,1,4,5,0.2
jNmH,1,3,4,0.25
jNmJ,0,0,0,
jNmL,0,0,0,
jNmM,0,3,3,0.0
jNmN,2,2,4,0.5
jNmP,1,3,4,0.25
jNmS,5,5,10,0.5
jNmb,7,3,10,0.7
jNml,1,0,1,1.0
jNmm,2,0,2,1.0
jNmn,2,1,3,0.67
jNms,1,1,2,0.5
jNnB,3,2,5,0.6
jNnD,1,0,1,1.0
jNnH,3,0,3,1.0
jNnI,0,1,1,0.0
jNnL,1,2,3,0.33
jNnM,1,2,3,0.33
jNnN,8,1,9,0.89
jNnP,1,3,4,0.25
jNnS,2,3,5,0.4
jNnb,2,0,2,1.0
jNnl,0,1,1,0.0
jNnm,5,1,6,0.83
jNnn,8,4,12,0.67
jNns,1,2,3,0.33
jNsB,2,2,4,0.5
jNsH,0,2,2,0.0
jNsI,1,1,2,0.5
jNsL,1,0,1,1.0
jNsM,2,1,3,0.67
jNsN,2,2,4,0.5
jNsP,1,2,3,0.33
jNsS,2,1,3,0.67
jNsb,3,2,5,0.6
jNsl,2,0,2,1.0
jNsm,1,1,2,0.5
jNsn,1,0,1,1.0
jNss,2,4,6,0.33
jNtD,0,1,1,0.0
jNtM,0,1,1,0.0
jNtb,1,0,1,1.0
jNth,0,1,1,0.0
jNtm,0,2,2,0.0
jNts,0,1,1,0.0
jPBB,4,4,8,0.5
jPBL,2,1,3,0.67
jPBM,2,5,7,0.29
jPBN,1,2,3,0.33
jPBP,2,5,7,0.29
jPBS,3,1,4,0.75
jPBb,1,1,2,0.5
jPBh,0,1,1,0.0
jPBj,1,0,1,1.0
jPBl,0,1,1,0.0
jPBm,9,6,15,0.6
jPBn,2,3,5,0.4
jPBs,0,0,0,
jPDH,0,0,0,
jPDI,0,1,1,0.0
jPDM,0,1,1,0.0
jPDP,1,0,1,1.0
jPDb,0,0,0,
jPDl,0,1,1,0.0
jPHB,0,2,2,0.0
jPHI,0,0,0,
jPHN,0,0,0,
jPHP,1,1,2,0.5
jPHS,0,1,1,0.0
jPHm,1,1,2,0.5
jPHn,0,0,0,
jPHs,1,1,2,0.5
jPHt,1,0,1,1.0
jPIB,1,0,1,1.0
jPIM,1,1,2,0.5
jPIP,0,1,1,0.0
jPIS,1,1,2,0.5
jPIb,1,0,1,1.0
jPIl,0,1,1,0.0
jPIn,1,0,1,1.0
jPIs,0,1,1,0.0
jPKM,0,1,1,0.0
jPKb,1,1,2,0.5
jPKl,0,1,1,0.0
jPKn,0,1,1,0.0
jPLB,0,1,1,0.0
jPLK,1,0,1,1.0
jPLL,1,1,2,0.5
jPLM,2,2,4,0.5
jPLN,1,1,2,0.5
jPLP,0,1,1,0.0
jPLS,1,1,2,0.5
jPLb,1,2,3,0.33
jPLm,3,1,4,0.75
jPLn,2,0,2,1.0
jPLs,0,1,1,0.0
jPLt,0,0,0,
jPMB,1,6,7,0.14
jPMD,1,0,1,1.0
jPMH,0,0,0,
jPML,0,0,0,
jPMM,1,3,4,0.25
jPMN,0,1,1,0.0
jPMP,4,0,4,1.0
jPMS,3,0,3,1.0
jPMb,3,1,4,0.75
jPMh,2,3,5,0.4
jPMl,0,1,1,0.0
jPMm,4,6,10,0.4
jPMn,3,4,7,0.43
jPMs,2,1,3,0.67
jPMt,1,1,2,0.5
jPNB,5,4,9,0.56
jPNK,1,0,1,1.0
jPNL,1,1,2,0.5
jPNM,3,3,6,0.5
jPNN,2,3,5,0.4
jPNP,4,7,11,0.36
jPNS,3,3,6,0.5
jPNb,2,1,3,0.67
jPNh,1,2,3,0.33
jPNl,1,3,4,0.25
jPNm,5,3,8,0.62
jPNn,2,5,7,0.29
jPNs,2,1,3,0.67
jPPB,2,3,5,0.4
jPPH,1,4,5,0.2
jPPK,0,0,0,
jPPL,2,2,4,0.5
jPPM,2,4,6,0.33
jPPN,4,3,7,0.57
jPPP,8,4,12,0.67
jPPS,2,3,5,0.4
jPPb,2,3,5,0.4
jPPh,1,0,1,1.0
jPPl,3,3,6,0.5
jPPm,4,4,8,0.5
jPPn,3,4,7,0.43
jPPs,0,6,6,0.0
jPPt,0,1,1,0.0
jPSB,2,2,4,0.5
jPSH,1,1,2,0.5
jPSK,1,0,1,1.0
jPSL,1,2,3,0.33
jPSM,2,0,2,1.0
jPSN,2,4,6,0.33
jPSP,2,3,5,0.4
jPSS,0,0,0,
jPSb,0,2,2,0.0
jPSh,4,0,4,1.0
jPSl,0,1,1,0.0
jPSm,3,2,5,0.6
jPSn,2,1,3,0.67
jPSs,3,3,6,0.5
jPbB,3,0,3,1.0
jPbI,0,0,0,
jPbJ,3,1,4,0.75
jPbK,1,0,1,1.0
jPbL,3,1,4,0.75
jPbM,1,5,6,0.17
jPbN,0,2,2,0.0
jPbP,1,4,5,0.2
jPbS,4,2,6,0.67
jPbb,4,2,6,0.67
jPbl,2,1,3,0.67
jPbm,4,1,5,0.8
jPbn,2,2,4,0.5
jPbs,0,3,3,0.0
jPhB,2,0,2,1.0
jPhM,0,1,1,0.0
jPhb,0,1,1,0.0
jPhm,1,1,2,0.5
jPhn,0,0,0,
jPlB,1,1,2,0.5
jPlH,1,0,1,1.0
jPlJ,2,3,5,0.4
jPlK,1,0,1,1.0
jPlL,1,1,2,0.5
jPlM,3,2,5,0.6
jPlN,2,0,2,1.0
jPlP,1,1,2,0.5
jPlS,1,0,1,1.0
jPlb,1,1,2,0.5
jPll,1,1,2,0.5
jPlm,2,0,2,1.0
jPln,1,0,1,1.0
jPmB,4,1,5,0.8
jPmD,0,0,0,
jPmH,3,1,4,0.75
jPmJ,2,1,3,0.67
jPmK,1,0,1,1.0
jPmL,0,2,2,0.0
jPmM,2,6,8,0.25
jPmN,3,2,5,0.6
jPmP,2,5,7,0.29
jPmS,1,3,4,0.25
jPmb,4,2,6,0.67
jPmh,1,0,1,1.0
jPml,2,0,2,1.0
jPmm,2,5,7,0.29
jPmn,3,3,6,0.5
jPms,2,1,3,0.67
jPnB,1,1,2,0.5
jPnH,0,5,5,0.0
jPnI,0,1,1,0.0
jPnL,0,4,4,0.0
jPnM,5,1,6,0.83
jPnN,4,7,11,0.36
jPnP,4,4,8,0.5
jPnS,1,2,3,0.33
jPnb,6,4,10,0.6
jPnm,1,2,3,0.33
jPnn,4,1,5,0.8
jPns,2,3,5,0.4
jPsB,4,0,4,1.0
jPsH,1,3,4,0.25
jPsI,1,0,1,1.0
jPsL,0,1,1,0.0
jPsM,2,1,3,0.67
jPsN,1,0,1,1.0
jPsP,2,2,4,0.5
jPsS,1,2,3,0.33
jPsb,2,2,4,0.5
jPsl,1,0,1,1.0
jPsm,0,1,1,0.0
jPsn,1,3,4,0.25
jPss,2,0,2,1.0
jPtB,0,1,1,0.0
jPtS,1,0,1,1.0
jPtm,1,1,2,0.5
jPts,1,0,1,1.0
jSBB,1,1,2,0.5
jSBL,0,1,1,0.0
jSBM,1,2,3,0.33
jSBN,1,4,5,0.2
jSBP,1,1,2,0.5
jSBS,1,1,2,0.5
jSBb,2,1,3,0.67
jSBj,1,1,2,0.5
jSBl,0,1,1,0.0
jSBm,1,2,3,0.33
jSBn,5,0,5,1.0
jSBs,0,0,0,
jSBt,1,0,1,1.0
jSDB,0,1,1,0.0
jSDP,1,1,2,0.5
jSDb,0,0,0,
jSDl,1,0,1,1.0
jSDn,0,0,0,
jSHH,0,1,1,0.0
jSHM,1,1,2,0.5
jSHN,0,2,2,0.0
jSHP,2,1,3,0.67
jSHS,0,1,1,0.0
jSHb,0,1,1,0.0
jSHl,1,0,1,1.0
jSHm,0,1,1,0.0
jSHn,0,1,1,0.0
jSHs,1,1,2,0.5
jSIS,0,1,1,0.0
jSLB,3,0,3,1.0
jSLK,0,2,2,0.0
jSLN,0,1,1,0.0
jSLS,1,0,1,1.0
jSLh,1,0,1,1.0
jSLl,0,1,1,0.0
jSLm,0,3,3,0.0
jSMB,3,2,5,0.6
jSMD,1,0,1,1.0
jSML,0,0,0,
jSMM,0,2,2,0.0
jSMN,3,0,3,1.0
jSMP,0,4,4,0.0
jSMS,1,0,1,1.0
jSMb,1,0,1,1.0
jSMh,2,0,2,1.0
jSMl,1,0,1,1.0
jSMm,5,0,5,1.0
jSMn,2,1,3,0.67
jSMs,0,0,0,
jSMt,1,0,1,1.0
jSND,1,0,1,1.0
jSNI,0,2,2,0.0
jSNK,0,0,0,
jSNL,1,1,2,0.5
jSNM,3,1,4,0.75
jSNN,0,1,1,0.0
jSNP,4,3,7,0.57
jSNS,2,1,3,0.67
jSNb,0,0,0,
jSNl,1,1,2,0.5
jSNm,1,3,4,0.25
jSNn,1,0,1,1.0
jSNs,1,2,3,0.33
jSNt,0,1,1,0.0
jSPH,1,0,1,1.0
jSPI,0,0,0,
jSPL,0,2,2,0.0
jSPM,2,0,2,1.0
jSPN,3,3,6,0.5
jSPP,2,0,2,1.0
jSPS,1,2,3,0.33
jSPb,2,2,4,0.5
jSPh,1,0,1,1.0
jSPl,0,1,1,0.0
jSPm,6,2,8,0.75
jSPn,2,1,3,0.67
jSPs,2,1,3,0.67
jSPt,1,0,1,1.0
jSSB,2,2,4,0.5
jSSH,0,2,2,0.0
jSSM,5,2,7,0.71
jSSN,1,3,4,0.25
jSSP,2,0,2,1.0
jSSS,1,1,2,0.5
jSSb,4,0,4,1.0
jSSh,0,1,1,0.0
jSSl,1,1,2,0.5
jSSm,1,3,4,0.25
jSSn,1,2,3,0.33
jSSs,3,6,9,0.33
jSbB,1,2,3,0.33
jSbH,0,1,1,0.0
jSbJ,0,1,1,0.0
jSbM,1,0,1,1.0
jSbN,3,2,5,0.6
jSbP,0,1,1,0.0
jSbS,0,1,1,0.0
jSbb,1,1,2,0.5
jSbl,1,0,1,1.0
jSbn,0,1,1,0.0
jSbs,0,1,1,0.0
jShB,0,3,3,0.0
jShL,0,1,1,0.0
jShM,3,1,4,0.75
jShN,2,2,4,0.5
jShP,1,1,2,0.5
jShS,0,2,2,0.0
jShb,0,1,1,0.0
jShh,1,1,2,0.5
jShl,1,0,1,1.0
jShm,0,0,0,
jShn,0,2,2,0.0
jShs,2,0,2,1.0
jSht,1,0,1,1.0
jSlB,0,1,1,0.0
jSlM,1,0,1,1.0
jSlN,1,2,3,0.33
jSlS,0,1,1,0.0
jSln,1,0,1,1.0
jSls,1,0,1,1.0
jSmB,1,0,1,1.0
jSmD,3,0,3,1.0
jSmH,1,3,4,0.25
jSmI,1,1,2,0.5
jSmJ,3,1,4,0.75
jSmL,0,0,0,
jSmM,3,0,3,1.0
jSmN,1,2,3,0.33
jSmP,4,3,7,0.57
jSmS,1,1,2,0.5
jSmb,1,3,4,0.25
jSmm,6,3,9,0.67
jSmn,2,0,2,1.0
jSms,3,0,3,1.0
jSnB,0,1,1,0.0
jSnD,0,2,2,0.0
jSnH,0,1,1,0.0
jSnK,1,0,1,1.0
jSnM,2,4,6,0.33
jSnN,1,3,4,0.25
jSnP,3,1,4,0.75
jSnS,1,0,1,1.0
jSnb,0,3,3,0.0
jSnl,2,1,3,0.67
jSnm,0,2,2,0.0
jSnn,1,2,3,0.33
jSns,2,1,3,0.67
jSsB,2,1,3,0.67
jSsH,3,1,4,0.75
jSsL,2,0,2,1.0
jSsM,0,2,2,0.0
jSsN,2,1,3,0.67
jSsP,1,1,2,0.5
jSsS,4,2,6,0.67
jSsb,1,4,5,0.2
jSsl,0,2,2,0.0
jSsm,2,4,6,0.33
jSsn,1,0,1,1.0
jSss,2,3,5,0.4
jStL,0,1,1,0.0
jStS,1,0,1,1.0
jStm,1,0,1,1.0
jbBB,3,4,7,0.43
jbBK,0,0,0,
jbBL,1,1,2,0.5
jbBM,2,2,4,0.5
jbBN,0,2,2,0.0
jbBP,5,2,7,0.71
jbBS,1,0,1,1.0
jbBb,2,2,4,0.5
jbBh,1,0,1,1.0
jbBj,0,0,0,
jbBl,1,2,3,0.33
jbBm,2,1,3,0.67
jbBn,1,0,1,1.0
jbBs,1,0,1,1.0
jbDB,1,0,1,1.0
jbDK,1,0,1,1.0
jbDS,0,1,1,0.0
jbDm,1,0,1,1.0
jbHI,1,0,1,1.0
jbHM,0,1,1,0.0
jbHN,0,1,1,0.0
jbHP,1,1,2,0.5
jbHb,0,1,1,0.0
jbHh,1,1,2,0.5
jbHl,1,1,2,0.5
jbHm,2,0,2,1.0
jbHn,1,2,3,0.33
jbIN,0,1,1,0.0
jbIb,0,2,2,0.0
jbIl,1,0,1,1.0
jbIn,0,1,1,0.0
jbJB,1,0,1,1.0
jbJL,2,1,3,0.67
jbJM,0,2,2,0.0
jbJN,0,1,1,0.0
jbJP,1,0,1,1.0
jbJb,1,1,2,0.5
jbJm,1,0,1,1.0
jbJs,0,0,0,
jbKS,1,0,1,1.0
jbKb,1,0,1,1.0
jbKh,1,0,1,1.0
jbKm,1,0,1,1.0
jbKs,0,0,0,
jbLM,1,0,1,1.0
jbLN,0,1,1,0.0
jbLP,1,0,1,1.0
jbLS,0,1,1,0.0
jbLb,1,1,2,0.5
jbLn,0,1,1,0.0
jbMB,2,3,5,0.4
jbML,1,0,1,1.0
jbMM,3,3,6,0.5
jbMP,2,0,2,1.0
jbMS,4,3,7,0.57
jbMb,4,4,8,0.5
jbMh,0,3,3,0.0
jbMj,0,1,1,0.0
jbMl,0,2,2,0.0
jbMm,6,2,8,0.75
jbMn,2,3,5,0.4
jbMs,1,4,5,0.2
jbMt,0,2,2,0.0
jbNB,3,1,4,0.75
jbND,1,1,2,0.5
jbNK,0,0,0,
jbNL,1,1,2,0.5
jbNM,3,2,5,0.6
jbNN,0,1,1,0.0
jbNP,1,1,2,0.5
jbNS,3,2,5,0.6
jbNb,0,2,2,0.0
jbNl,1,1,2,0.5
jbNm,2,1,3,0.67
jbNn,3,2,5,0.6
jbNs,4,3,7,0.57
jbPB,1,0,1,1.0
jbPD,1,0,1,1.0
jbPH,0,1,1,0.0
jbPI,1,0,1,1.0
jbPL,2,1,3,0.67
jbPM,3,2,5,0.6
jbPN,0,2,2,0.0
jbPP,3,5,8,0.38
jbPS,1,2,3,0.33
jbPb,2,2,4,0.5
jbPh,1,0,1,1.0
jbPl,2,4,6,0.33
jbPm,1,4,5,0.2
jbPn,3,4,7,0.43
jbPs,0,4,4,0.0
jbPt,0,0,0,
jbSB,3,1,4,0.75
jbSH,0,2,2,0.0
jbSM,2,0,2,1.0
jbSN,0,3,3,0.0
jbSP,1,1,2,0.5
jbSS,1,1,2,0.5
jbSb,0,2,2,0.0
jbSh,1,2,3,0.33
jbSm,2,0,2,1.0
jbSn,1,0,1,1.0
jbSs,0,4,4,0.0
jbSt,1,0,1,1.0
jbbB,3,1,4,0.75
jbbD,1,0,1,1.0
jbbH,0,1,1,0.0
jbbI,0,2,2,0.0
jbbJ,1,0,1,1.0
jbbK,2,0,2,1.0
jbbL,0,1,1,0.0
jbbM,3,1,4,0.75
jbbN,1,2,3,0.33
jbbP,6,3,9,0.67
jbbS,2,1,3,0.67
jbbb,2,2,4,0.5
jbbl,0,1,1,0.0
jbbm,3,1,4,0.75
jbbs,2,1,3,0.67
jblB,1,0,1,1.0
jblH,2,0,2,1.0
jblJ,0,0,0,
jblL,1,0,1,1.0
jblM,1,3,4,0.25
jblN,1,2,3,0.33
jblP,2,0,2,1.0
jblS,1,1,2,0.5
jblb,1,0,1,1.0
jblh,0,1,1,0.0
jblm,1,1,2,0.5
jbln,1,0,1,1.0
jbmB,2,1,3,0.67
jbmD,0,1,1,0.0
jbmH,0,2,2,0.0
jbmL,0,1,1,0.0
jbmM,3,1,4,0.75
jbmN,2,1,3,0.67
jbmP,1,3,4,0.25
jbmS,0,0,0,
jbmb,2,1,3,0.67
jbml,0,1,1,0.0
jbmm,1,3,4,0.25
jbmn,2,2,4,0.5
jbms,3,0,3,1.0
jbnB,0,2,2,0.0
jbnD,0,1,1,0.0
jbnH,1,0,1,1.0
jbnL,1,0,1,1.0
jbnM,1,2,3,0.33
jbnN,3,3,6,0.5
jbnP,1,3,4,0.25
jbnS,1,2,3,0.33
jbnb,1,3,4,0.25
jbnm,2,4,6,0.33
jbnn,3,1,4,0.75
jbns,2,2,4,0.5
jbsB,2,0,2,1.0
jbsH,2,2,4,0.5
jbsL,3,0,3,1.0
jbsM,0,2,2,0.0
jbsN,2,0,2,1.0
jbsP,1,4,5,0.2
jbsS,0,3,3,0.0
jbsb,2,0,2,1.0
jbsm,1,0,1,1.0
jbss,3,2,5,0.6
jhBB,1,1,2,0.5
jhBM,0,1,1,0.0
jhBP,1,0,1,1.0
jhBb,1,1,2,0.5
jhBm,0,1,1,0.0
jhDl,1,0,1,1.0
jhHb,1,0,1,1.0
jhIH,0,1,1,0.0
jhIS,1,0,1,1.0
jhKS,1,0,1,1.0
jhLP,0,2,2,0.0
jhMM,1,0,1,1.0
jhMN,1,0,1,1.0
jhMP,2,0,2,1.0
jhMS,1,0,1,1.0
jhMb,0,2,2,0.0
jhMm,0,1,1,0.0
jhNN,1,0,1,1.0
jhNP,1,0,1,1.0
jhNS,0,1,1,0.0
jhNb,0,1,1,0.0
jhNm,0,2,2,0.0
jhNn,0,1,1,0.0
jhNs,0,1,1,0.0
jhPL,1,1,2,0.5
jhPP,0,1,1,0.0
jhPS,1,0,1,1.0
jhPb,0,2,2,0.0
jhPl,0,0,0,
jhPm,2,1,3,0.67
jhSL,1,2,3,0.33
jhSM,1,0,1,1.0
jhSN,0,1,1,0.0
jhSh,1,0,1,1.0
jhSl,0,1,1,0.0
jhSm,0,1,1,0.0
jhbH,1,0,1,1.0
jhbJ,0,1,1,0.0
jhbM,0,0,0,
jhbb,1,0,1,1.0
jhbl,0,1,1,0.0
jhbm,1,0,1,1.0
jhbn,0,1,1,0.0
jhhB,0,1,1,0.0
jhhL,0,0,0,
jhhm,0,1,1,0.0
jhlJ,1,0,1,1.0
jhlM,0,1,1,0.0
jhlb,1,0,1,1.0
jhln,0,1,1,0.0
jhmB,2,0,2,1.0
jhmK,0,1,1,0.0
jhmM,0,2,2,0.0
jhmP,0,1,1,0.0
jhmS,1,0,1,1.0
jhmb,1,0,1,1.0
jhmm,3,0,3,1.0
jhmn,0,2,2,0.0
jhms,0,1,1,0.0
jhnN,0,1,1,0.0
jhnP,2,0,2,1.0
jhnb,0,1,1,0.0
jhnm,0,1,1,0.0
jhsL,0,1,1,0.0
jhsM,1,1,2,0.5
jhsS,1,0,1,1.0
jhsb,1,0,1,1.0
jhsh,0,0,0,
jhsl,1,0,1,1.0
jhsm,2,0,2,1.0
jhsn,0,1,1,0.0
jhss,0,1,1,0.0
jhtB,0,1,1,0.0
jhtH,0,1,1,0.0
jhtL,0,0,0,
jhtm,0,1,1,0.0
jhts,0,1,1,0.0
jlBB,2,0,2,1.0
jlBD,1,0,1,1.0
jlBM,0,1,1,0.0
jlBN,1,2,3,0.33
jlBP,1,0,1,1.0
jlBS,0,1,1,0.0
jlBb,1,1,2,0.5
jlBh,0,1,1,0.0
jlBm,0,3,3,0.0
jlBn,0,4,4,0.0
jlBs,1,0,1,1.0
jlBt,0,0,0,
jlDL,0,0,0,
jlDS,0,1,1,0.0
jlDb,1,0,1,1.0
jlHB,0,1,1,0.0
jlHI,1,0,1,1.0
jlHL,1,2,3,0.33
jlHM,0,1,1,0.0
jlHN,1,1,2,0.5
jlHP,2,0,2,1.0
jlHS,2,1,3,0.67
jlHb,2,0,2,1.0
jlHh,1,0,1,1.0
jlHm,0,1,1,0.0
jlHn,0,1,1,0.0
jlHs,1,0,1,1.0
jlIH,0,1,1,0.0
jlIP,1,1,2,0.5
jlIS,1,0,1,1.0
jlIl,0,0,0,
jlJM,0,0,0,
jlJN,2,1,3,0.67
jlJb,1,0,1,1.0
jlJs,0,1,1,0.0
jlLB,0,1,1,0.0
jlLL,0,1,1,0.0
jlLM,1,0,1,1.0
jlLP,1,1,2,0.5
jlLS,0,3,3,0.0
jlLm,1,0,1,1.0
jlLn,0,1,1,0.0
jlLs,1,0,1,1.0
jlMD,0,1,1,0.0
jlML,0,1,1,0.0
jlMM,0,1,1,0.0
jlMN,0,1,1,0.0
jlMP,0,0,0,
jlMS,1,0,1,1.0
jlMb,0,2,2,0.0
jlMh,1,1,2,0.5
jlMj,0,2,2,0.0
jlMl,0,1,1,0.0
jlMm,1,1,2,0.5
jlMn,1,1,2,0.5
jlMs,2,2,4,0.5
jlNB,0,1,1,0.0
jlNH,1,0,1,1.0
jlNM,1,2,3,0.33
jlNN,2,0,2,1.0
jlNP,2,2,4,0.5
jlNS,1,0,1,1.0
jlNb,0,2,2,0.0
jlNm,0,1,1,0.0
jlNn,1,0,1,1.0
jlNs,1,2,3,0.33
jlNt,1,0,1,1.0
jlPB,1,1,2,0.5
jlPK,2,2,4,0.5
jlPL,0,1,1,0.0
jlPM,0,1,1,0.0
jlPN,0,2,2,0.0
jlPP,5,5,10,0.5
jlPb,0,1,1,0.0
jlPl,1,1,2,0.5
jlPm,1,0,1,1.0
jlPn,0,1,1,0.0
jlSB,0,1,1,0.0
jlSD,1,0,1,1.0
jlSH,1,0,1,1.0
jlSL,0,1,1,0.0
jlSM,1,2,3,0.33
jlSP,2,1,3,0.67
jlSS,1,1,2,0.5
jlSb,1,0,1,1.0
jlSh,0,1,1,0.0
jlSm,2,1,3,0.67
jlSn,1,0,1,1.0
jlSs,0,0,0,
jlSt,1,0,1,1.0
jlbD,1,0,1,1.0
jlbH,1,0,1,1.0
jlbI,0,0,0,
jlbM,0,0,0,
jlbN,1,1,2,0.5
jlbP,3,0,3,1.0
jlbS,1,0,1,1.0
jlbb,2,0,2,1.0
jlbl,1,0,1,1.0
jlbn,1,0,1,1.0
jllB,2,1,3,0.67
jllP,1,0,1,1.0
jllb,0,2,2,0.0
jllm,1,0,1,1.0
jlls,1,0,1,1.0
jlmB,0,1,1,0.0
jlmD,1,0,1,1.0
jlmM,4,1,5,0.8
jlmN,1,1,2,0.5
jlmP,1,0,1,1.0
jlmS,1,1,2,0.5
jlmb,3,2,5,0.6
jlml,0,2,2,0.0
jlmm,0,1,1,0.0
jlmn,0,0,0,
jlms,0,0,0,
jlnB,1,0,1,1.0
jlnI,1,0,1,1.0
jlnM,0,1,1,0.0
jlnN,3,0,3,1.0
jlnP,0,3,3,0.0
jlnS,0,0,0,
jlnb,1,1,2,0.5
jlnh,1,0,1,1.0
jlnl,0,1,1,0.0
jlnm,2,0,2,1.0
jlns,1,0,1,1.0
jlsD,0,1,1,0.0
jlsH,1,0,1,1.0
jlsL,0,1,1,0.0
jlsM,0,1,1,0.0
jlsN,0,1,1,0.0
jlsP,1,0,1,1.0
jlsb,0,1,1,0.0
jlsl,0,1,1,0.0
jlsm,2,1,3,0.67
jlsn,1,2,3,0.33
jlss,1,0,1,1.0
jmBB,2,2,4,0.5
jmBK,1,0,1,1.0
jmBL,0,1,1,0.0
jmBM,2,3,5,0.4
jmBN,0,1,1,0.0
jmBP,2,1,3,0.67
jmBS,3,3,6,0.5
jmBb,1,2,3,0.33
jmBj,0,1,1,0.0
jmBl,1,0,1,1.0
jmBm,3,2,5,0.6
jmBn,5,3,8,0.62
jmBs,2,1,3,0.67
jmBt,1,0,1,1.0
jmDM,0,0,0,
jmDP,1,1,2,0.5
jmDS,0,2,2,0.0
jmDl,0,1,1,0.0
jmDm,1,0,1,1.0
jmDn,0,1,1,0.0
jmDt,1,0,1,1.0
jmHB,2,2,4,0.5
jmHD,0,1,1,0.0
jmHH,1,0,1,1.0
jmHI,0,1,1,0.0
jmHK,0,1,1,0.0
jmHL,1,0,1,1.0
jmHM,2,3,5,0.4
jmHN,3,3,6,0.5
jmHP,3,4,7,0.43
jmHS,1,3,4,0.25
jmHb,1,2,3,0.33
jmHh,4,1,5,0.8
jmHl,0,1,1,0.0
jmHm,2,3,5,0.4
jmHn,0,1,1,0.0
jmHs,1,2,3,0.33
jmHt,1,0,1,1.0
jmIB,0,1,1,0.0
jmIN,1,0,1,1.0
jmIb,0,1,1,0.0
jmIn,1,0,1,1.0
jmJB,2,2,4,0.5
jmJH,1,0,1,1.0
jmJN,1,0,1,1.0
jmJP,0,0,0,
jmJS,0,1,1,0.0
jmJb,0,2,2,0.0
jmJn,0,2,2,0.0
jmJs,2,0,2,1.0
jmKB,1,1,2,0.5
jmKP,0,1,1,0.0
jmKS,1,0,1,1.0
jmKn,0,1,1,0.0
jmLB,1,0,1,1.0
jmLM,2,2,4,0.5
jmLN,2,1,3,0.67
jmLS,0,1,1,0.0
jmLh,1,1,2,0.5
jmLl,0,1,1,0.0
jmLm,1,3,4,0.25
jmLn,2,3,5,0.4
jmLs,1,0,1,1.0
jmMB,1,10,11,0.09
jmML,1,0,1,1.0
jmMM,2,2,4,0.5
jmMN,3,5,8,0.38
jmMP,5,2,7,0.71
jmMS,1,1,2,0.5
jmMb,2,0,2,1.0
jmMh,2,7,9,0.22
jmMm,7,5,12,0.58
jmMn,1,6,7,0.14
jmMs,5,2,7,0.71
jmMt,0,0,0,
jmNB,2,1,3,0.67
jmND,1,0,1,1.0
jmNH,3,0,3,1.0
jmNL,1,0,1,1.0
jmNM,0,3,3,0.0
jmNN,2,4,6,0.33
jmNP,2,3,5,0.4
jmNS,4,0,4,1.0
jmNb,2,3,5,0.4
jmNh,1,0,1,1.0
jmNl,1,0,1,1.0
jmNm,3,6,9,0.33
jmNn,1,4,5,0.2
jmNs,2,2,4,0.5
jmNt,0,1,1,0.0
jmPB,0,1,1,0.0
jmPD,1,0,1,1.0
jmPH,0,0,0,
jmPI,1,0,1,1.0
jmPK,0,1,1,0.0
jmPL,1,1,2,0.5
jmPM,3,2,5,0.6
jmPN,4,3,7,0.57
jmPP,2,3,5,0.4
jmPS,3,3,6,0.5
jmPb,2,0,2,1.0
jmPl,1,0,1,1.0
jmPm,1,1,2,0.5
jmPn,4,4,8,0.5
jmPs,4,4,8,0.5
jmPt,2,0,2,1.0
jmSB,0,2,2,0.0
jmSD,0,1,1,0.0
jmSH,0,1,1,0.0
jmSL,0,2,2,0.0
jmSM,2,2,4,0.5
jmSN,2,2,4,0.5
jmSP,4,0,4,1.0
jmSS,3,1,4,0.75
jmSb,3,3,6,0.5
jmSl,1,1,2,0.5
jmSm,1,2,3,0.33
jmSn,2,1,3,0.67
jmSs,3,2,5,0.6
jmbB,2,1,3,0.67
jmbD,0,1,1,0.0
jmbH,2,0,2,1.0
jmbJ,3,0,3,1.0
jmbL,1,1,2,0.5
jmbM,0,0,0,
jmbN,2,2,4,0.5
jmbP,3,0,3,1.0
jmbS,2,1,3,0.67
jmbb,9,0,9,1.0
jmbm,3,1,4,0.75
jmbn,2,1,3,0.67
jmbs,1,0,1,1.0
jmhn,1,0,1,1.0
jmlB,0,1,1,0.0
jmlD,1,0,1,1.0
jmlH,0,2,2,0.0
jmlM,1,0,1,1.0
jmlN,0,2,2,0.0
jmlS,1,1,2,0.5
jmlb,1,0,1,1.0
jmlm,0,1,1,0.0
jmln,0,0,0,
jmls,2,0,2,1.0
jmmB,1,2,3,0.33
jmmD,0,3,3,0.0
jmmH,3,3,6,0.5
jmmJ,1,1,2,0.5
jmmL,2,0,2,1.0
jmmM,5,4,9,0.56
jmmN,3,4,7,0.43
jmmP,4,6,10,0.4
jmmS,0,1,1,0.0
jmmb,2,4,6,0.33
jmml,1,0,1,1.0
jmmm,5,2,7,0.71
jmmn,3,1,4,0.75
jmms,1,0,1,1.0
jmnB,4,0,4,1.0
jmnH,2,3,5,0.4
jmnI,1,0,1,1.0
jmnK,0,0,0,
jmnL,1,1,2,0.5
jmnM,2,1,3,0.67
jmnN,3,5,8,0.38
jmnP,4,2,6,0.67
jmnS,3,1,4,0.75
jmnb,2,0,2,1.0
jmnl,0,0,0,
jmnm,4,2,6,0.67
jmnn,6,0,6,1.0
jmns,0,2,2,0.0
jmsB,0,0,0,
jmsD,1,0,1,1.0
jmsH,1,2,3,0.33
jmsL,1,0,1,1.0
jmsM,1,4,5,0.2
jmsN,2,3,5,0.4
jmsP,2,1,3,0.67
jmsS,0,2,2,0.0
jmsb,0,4,4,0.0
jmsl,0,1,1,0.0
jmsm,2,0,2,1.0
jmsn,3,0,3,1.0
jmss,5,0,5,1.0
jnBB,0,1,1,0.0
jnBL,2,1,3,0.67
jnBM,1,4,5,0.2
jnBN,0,2,2,0.0
jnBP,2,4,6,0.33
jnBS,0,1,1,0.0
jnBb,1,1,2,0.5
jnBj,0,2,2,0.0
jnBl,3,2,5,0.6
jnBm,2,1,3,0.67
jnBn,0,2,2,0.0
jnBs,1,0,1,1.0
jnDH,0,1,1,0.0
jnDL,0,1,1,0.0
jnDM,0,2,2,0.0
jnDN,1,0,1,1.0
jnDP,1,0,1,1.0
jnDS,1,2,3,0.33
jnDl,0,2,2,0.0
jnHB,1,2,3,0.33
jnHH,0,0,0,
jnHL,0,1,1,0.0
jnHM,3,2,5,0.6
jnHN,0,0,0,
jnHP,3,2,5,0.6
jnHS,1,2,3,0.33
jnHb,1,1,2,0.5
jnHh,1,0,1,1.0
jnHm,1,1,2,0.5
jnHn,0,3,3,0.0
jnHs,0,0,0,
jnHt,0,1,1,0.0
jnIB,2,0,2,1.0
jnIP,1,2,3,0.33
jnIb,0,0,0,
jnIm,0,1,1,0.0
jnKM,0,1,1,0.0
jnKP,0,1,1,0.0
jnKS,0,1,1,0.0
jnKm,1,0,1,1.0
jnKs,0,1,1,0.0
jnLB,0,2,2,0.0
jnLL,1,0,1,1.0
jnLM,1,0,1,1.0
jnLN,0,0,0,
jnLP,0,1,1,0.0
jnLS,0,1,1,0.0
jnLb,1,0,1,1.0
jnLh,0,1,1,0.0
jnLj,1,0,1,1.0
jnLl,0,1,1,0.0
jnLm,0,0,0,
jnLn,1,1,2,0.5
jnLs,2,0,2,1.0
jnLt,1,0,1,1.0
jnMB,1,1,2,0.5
jnMM,2,5,7,0.29
jnMN,1,3,4,0.25
jnMP,2,2,4,0.5
jnMb,0,1,1,0.0
jnMh,0,2,2,0.0
jnMm,6,1,7,0.86
jnMn,3,1,4,0.75
jnMs,1,0,1,1.0
jnMt,0,2,2,0.0
jnNB,1,1,2,0.5
jnND,0,1,1,0.0
jnNK,0,1,1,0.0
jnNL,1,2,3,0.33
jnNM,1,3,4,0.25
jnNN,0,3,3,0.0
jnNP,0,3,3,0.0
jnNS,2,2,4,0.5
jnNb,2,2,4,0.5
jnNh,2,2,4,0.5
jnNl,0,1,1,0.0
jnNm,5,1,6,0.83
jnNn,3,4,7,0.43
jnNs,4,2,6,0.67
jnNt,0,1,1,0.0
jnPB,2,4,6,0.33
jnPD,1,0,1,1.0
jnPH,0,1,1,0.0
jnPI,2,0,2,1.0
jnPL,2,0,2,1.0
jnPM,8,5,13,0.62
jnPN,3,4,7,0.43
jnPP,7,7,14,0.5
jnPS,1,3,4,0.25
jnPb,2,3,5,0.4
jnPh,1,1,2,0.5
jnPl,2,0,2,1.0
jnPm,2,2,4,0.5
jnPn,5,2,7,0.71
jnPs,2,3,5,0.4
jnSB,2,1,3,0.67
jnSD,1,0,1,1.0
jnSH,0,0,0,
jnSL,0,1,1,0.0
jnSM,1,3,4,0.25
jnSN,0,2,2,0.0
jnSP,2,1,3,0.67
jnSS,2,3,5,0.4
jnSb,1,3,4,0.25
jnSh,1,2,3,0.33
jnSl,0,1,1,0.0
jnSm,0,1,1,0.0
jnSn,3,5,8,0.38
jnSs,2,2,4,0.5
jnbB,0,1,1,0.0
jnbI,3,0,3,1.0
jnbJ,1,2,3,0.33
jnbL,3,1,4,0.75
jnbM,4,2,6,0.67
jnbN,1,1,2,0.5
jnbP,1,1,2,0.5
jnbb,4,2,6,0.67
jnbl,0,1,1,0.0
jnbm,2,1,3,0.67
jnbn,1,0,1,1.0
jnbs,4,1,5,0.8
jnbt,1,0,1,1.0
jnhB,0,1,1,0.0
jnhL,0,0,0,
jnhm,0,1,1,0.0
jnhn,0,1,1,0.0
jnlB,0,1,1,0.0
jnlD,1,0,1,1.0
jnlH,1,0,1,1.0
jnlJ,0,0,0,
jnlM,1,0,1,1.0
jnlN,2,2,4,0.5
jnlP,1,0,1,1.0
jnlS,0,0,0,
jnlb,3,0,3,1.0
jnll,1,1,2,0.5
jnlm,1,0,1,1.0
jnln,1,0,1,1.0
jnls,1,1,2,0.5
jnmB,2,1,3,0.67
jnmD,0,1,1,0.0
jnmH,3,1,4,0.75
jnmJ,1,0,1,1.0
jnmM,3,2,5,0.6
jnmN,5,3,8,0.62
jnmP,2,0,2,1.0
jnmS,1,2,3,0.33
jnmb,3,1,4,0.75
jnml,0,1,1,0.0
jnmm,3,3,6,0.5
jnmn,1,4,5,0.2
jnms,3,1,4,0.75
jnnB,0,1,1,0.0
jnnI,0,3,3,0.0
jnnL,0,1,1,0.0
jnnM,4,1,5,0.8
jnnN,2,6,8,0.25
jnnP,5,3,8,0.62
jnnS,2,4,6,0.33
jnnb,3,1,4,0.75
jnnl,2,0,2,1.0
jnnm,2,1,3,0.67
jnnn,2,1,3,0.67
jnns,1,1,2,0.5
jnsB,0,1,1,0.0
jnsH,1,1,2,0.5
jnsI,0,0,0,
jnsL,1,1,2,0.5
jnsM,0,5,5,0.0
jnsN,1,3,4,0.25
jnsP,2,1,3,0.67
jnsS,3,2,5,0.6
jnsb,0,1,1,0.0
jnsl,0,0,0,
jnsm,1,2,3,0.33
jnsn,2,2,4,0.5
jnss,1,3,4,0.25
jntH,0,0,0,
jntN,1,0,1,1.0
jsBB,1,3,4,0.25
jsBL,0,1,1,0.0
jsBM,1,0,1,1.0
jsBN,2,5,7,0.29
jsBP,1,1,2,0.5
jsBS,2,1,3,0.67
jsBb,0,1,1,0.0
jsBh,0,1,1,0.0
jsBj,0,1,1,0.0
jsBl,1,0,1,1.0
jsBm,3,2,5,0.6
jsBn,0,1,1,0.0
jsBs,1,0,1,1.0
jsBt,0,1,1,0.0
jsDM,0,0,0,
jsDP,2,0,2,1.0
jsDS,0,1,1,0.0
jsDm,0,1,1,0.0
jsDt,0,1,1,0.0
jsHB,0,1,1,0.0
jsHI,1,0,1,1.0
jsHL,0,3,3,0.0
jsHM,2,1,3,0.67
jsHN,0,2,2,0.0
jsHP,0,3,3,0.0
jsHS,3,2,5,0.6
jsHb,1,1,2,0.5
jsHh,0,1,1,0.0
jsHl,0,2,2,0.0
jsHm,1,1,2,0.5
jsHn,1,1,2,0.5
jsHs,1,1,2,0.5
jsHt,0,1,1,0.0
jsIN,0,1,1,0.0
jsIS,0,1,1,0.0
jsIl,1,0,1,1.0
jsIm,0,0,0,
jsKP,1,0,1,1.0
jsLB,1,1,2,0.5
jsLL,1,0,1,1.0
jsLM,0,1,1,0.0
jsLN,1,0,1,1.0
jsLP,1,2,3,0.33
jsLS,0,1,1,0.0
jsLb,0,1,1,0.0
jsLj,1,0,1,1.0
jsLl,1,0,1,1.0
jsLm,3,1,4,0.75
jsLn,0,2,2,0.0
jsLs,0,1,1,0.0
jsMB,7,3,10,0.7
jsMD,1,0,1,1.0
jsMH,1,0,1,1.0
jsML,1,1,2,0.5
jsMM,2,2,4,0.5
jsMN,3,2,5,0.6
jsMP,2,4,6,0.33
jsMS,2,1,3,0.67
jsMb,1,3,4,0.25
jsMh,3,2,5,0.6
jsMl,2,0,2,1.0
jsMm,3,2,5,0.6
jsMn,1,2,3,0.33
jsMs,2,0,2,1.0
jsMt,0,0,0,
jsNB,3,3,6,0.5
jsND,0,1,1,0.0
jsNH,1,0,1,1.0
jsNL,0,1,1,0.0
jsNM,0,1,1,0.0
jsNN,0,3,3,0.0
jsNP,3,1,4,0.75
jsNS,2,1,3,0.67
jsNb,1,1,2,0.5
jsNh,1,0,1,1.0
jsNl,0,1,1,0.0
jsNm,1,1,2,0.5
jsNn,1,2,3,0.33
jsNs,1,1,2,0.5
jsPB,2,0,2,1.0
jsPD,0,0,0,
jsPH,2,1,3,0.67
jsPI,1,0,1,1.0
jsPL,2,0,2,1.0
jsPM,6,5,11,0.55
jsPN,1,1,2,0.5
jsPP,0,2,2,0.0
jsPS,6,1,7,0.86
jsPb,1,1,2,0.5
jsPl,2,0,2,1.0
jsPm,0,1,1,0.0
jsPn,1,0,1,1.0
jsPs,2,4,6,0.33
jsSB,0,1,1,0.0
jsSH,1,1,2,0.5
jsSL,0,1,1,0.0
jsSM,2,2,4,0.5
jsSN,1,1,2,0.5
jsSP,4,3,7,0.57
jsSS,2,4,6,0.33
jsSb,1,3,4,0.25
jsSh,1,1,2,0.5
jsSl,1,1,2,0.5
jsSm,4,3,7,0.57
jsSn,0,1,1,0.0
jsSs,2,3,5,0.4
jsSt,1,0,1,1.0
jsbB,2,0,2,1.0
jsbJ,0,1,1,0.0
jsbM,1,2,3,0.33
jsbN,1,3,4,0.25
jsbP,1,1,2,0.5
jsbS,3,0,3,1.0
jsbb,5,2,7,0.71
jsbl,0,1,1,0.0
jsbm,0,1,1,0.0
jsbn,1,2,3,0.33
jsbs,3,0,3,1.0
jshl,1,0,1,1.0
jshn,1,1,2,0.5
jslB,2,2,4,0.5
jslH,1,1,2,0.5
jslM,0,2,2,0.0
jslN,0,1,1,0.0
jslP,1,0,1,1.0
jslb,0,1,1,0.0
jslm,2,0,2,1.0
jsls,0,1,1,0.0
jsmB,1,1,2,0.5
jsmD,1,0,1,1.0
jsmH,3,4,7,0.43
jsmJ,1,0,1,1.0
jsmL,0,2,2,0.0
jsmM,1,2,3,0.33
jsmN,3,3,6,0.5
jsmP,1,1,2,0.5
jsmS,2,4,6,0.33
jsmb,1,0,1,1.0
jsml,3,2,5,0.6
jsmm,2,1,3,0.67
jsmn,1,4,5,0.2
jsms,0,0,0,
jsnB,4,1,5,0.8
jsnH,1,0,1,1.0
jsnI,0,1,1,0.0
jsnK,0,0,0,
jsnM,1,0,1,1.0
jsnN,5,2,7,0.71
jsnP,1,0,1,1.0
jsnS,2,2,4,0.5
jsnb,0,1,1,0.0
jsnh,1,0,1,1.0
jsnm,0,3,3,0.0
jsnn,1,0,1,1.0
jsns,0,1,1,0.0
jssB,0,1,1,0.0
jssH,0,2,2,0.0
jssI,0,0,0,
jssL,2,0,2,1.0
jssN,2,2,4,0.5
jssP,2,0,2,1.0
jssS,2,5,7,0.29
jssb,3,0,3,1.0
jssl,1,0,1,1.0
jssm,2,2,4,0.5
jssn,1,0,1,1.0
jsss,2,3,5,0.4
jstH,1,0,1,1.0
jtBB,0,1,1,0.0
jtBM,0,0,0,
jtBN,0,1,1,0.0
jtBl,0,1,1,0.0
jtBn,1,0,1,1.0
jtBt,1,0,1,1.0
jtHL,0,1,1,0.0
jtHb,0,1,1,0.0
jtHh,1,0,1,1.0
jtHm,0,1,1,0.0
jtKs,1,0,1,1.0
jtLB,1,0,1,1.0
jtLP,1,0,1,1.0
jtLb,1,0,1,1.0
jtMB,1,0,1,1.0
jtMM,1,0,1,1.0
jtMN,0,1,1,0.0
jtMS,1,0,1,1.0
jtMh,0,2,2,0.0
jtMj,0,1,1,0.0
jtMm,1,1,2,0.5
jtNN,0,0,0,
jtNP,0,1,1,0.0
jtNS,0,0,0,
jtNm,1,0,1,1.0
jtPB,0,1,1,0.0
jtPI,2,0,2,1.0
jtPM,0,2,2,0.0
jtPS,2,0,2,1.0
jtPb,1,0,1,1.0
jtPl,0,0,0,
jtPm,0,2,2,0.0
jtPn,0,0,0,
jtPs,0,2,2,0.0
jtSB,1,0,1,1.0
jtSH,0,1,1,0.0
jtSS,0,0,0,
jtSl,1,0,1,1.0
jtSn,0,1,1,0.0
jtSs,0,0,0,
jtbB,0,1,1,0.0
jtbD,1,0,1,1.0
jtbH,2,0,2,1.0
jtbM,0,2,2,0.0
jtbP,0,0,0,
jtbn,0,1,1,0.0
jtbs,0,1,1,0.0
jtlM,0,1,1,0.0
jtll,0,1,1,0.0
jtln,1,0,1,1.0
jtls,0,0,0,
jtmH,1,0,1,1.0
jtmN,0,1,1,0.0
jtmP,1,0,1,1.0
jtmm,1,0,1,1.0
jtmn,0,0,0,
jtms,0,1,1,0.0
jtnB,0,1,1,0.0
jtnP,0,0,0,
jtnb,1,1,2,0.5
jtnm,0,1,1,0.0
jtnn,0,0,0,
jtsN,0,1,1,0.0
jtsS,1,0,1,1.0
jtss,0,1,1,0.0
jttL,0,1,1,0.0
jttl,1,0,1,1.0
jttm,1,0,1,1.0
lBBB,7,10,17,0.41
lBBD,3,2,5,0.6
lBBK,4,1,5,0.8
lBBL,5,2,7,0.71
lBBM,20,11,31,0.65
lBBN,18,13,31,0.58
lBBP,17,20,37,0.46
lBBS,10,8,18,0.56
lBBb,15,11,26,0.58
lBBh,1,0,1,1.0
lBBj,2,3,5,0.4
lBBl,3,2,5,0.6
lBBm,17,10,27,0.63
lBBn,14,25,39,0.36
lBBs,7,10,17,0.41
lBBt,1,1,2,0.5
lBDB,0,2,2,0.0
lBDD,1,0,1,1.0
lBDH,2,1,3,0.67
lBDI,3,0,3,1.0
lBDL,0,3,3,0.0
lBDM,1,2,3,0.33
lBDN,1,0,1,1.0
lBDP,2,2,4,0.5
lBDS,4,3,7,0.57
lBDb,0,1,1,0.0
lBDm,1,1,2,0.5
lBDn,2,2,4,0.5
lBDs,4,1,5,0.8
lBDt,0,1,1,0.0
lBHb,1,0,1,1.0
lBHn,0,1,1,0.0
lBID,1,0,1,1.0
lBIN,0,1,1,0.0
lBIb,0,1,1,0.0
lBIh,0,1,1,0.0
lBKB,1,2,3,0.33
lBKM,0,4,4,0.0
lBKN,1,2,3,0.33
lBKP,0,1,1,0.0
lBKS,2,1,3,0.67
lBKb,2,4,6,0.33
lBKh,1,5,6,0.17
lBKl,1,0,1,1.0
lBKm,1,1,2,0.5
lBKn,0,1,1,0.0
lBKs,1,0,1,1.0
lBKt,2,0,2,1.0
lBLB,6,5,11,0.55
lBLD,0,0,0,
lBLK,0,0,0,
lBLL,2,1,3,0.67
lBLM,4,6,10,0.4
lBLN,8,3,11,0.73
lBLP,5,1,6,0.83
lBLS,5,2,7,0.71
lBLb,4,5,9,0.44
lBLh,2,1,3,0.67
lBLj,1,4,5,0.2
lBLl,1,1,2,0.5
lBLm,7,4,11,0.64
lBLn,5,5,10,0.5
lBLs,5,1,6,0.83
lBLt,1,2,3,0.33
lBMB,15,21,36,0.42
lBMD,1,1,2,0.5
lBMK,0,0,0,
lBML,4,6,10,0.4
lBMM,14,15,29,0.48
lBMN,19,17,36,0.53
lBMP,24,15,39,0.62
lBMS,9,9,18,0.5
lBMb,13,12,25,0.52
lBMh,7,12,19,0.37
lBMj,1,2,3,0.33
lBMl,3,5,8,0.38
lBMm,15,15,30,0.5
lBMn,23,23,46,0.5
lBMs,16,13,29,0.55
lBMt,1,2,3,0.33
lBNB,15,14,29,0.52
lBND,1,2,3,0.33
lBNH,2,6,8,0.25
lBNI,0,1,1,0.0
lBNK,0,1,1,0.0
lBNL,6,5,11,0.55
lBNM,12,16,28,0.43
lBNN,18,18,36,0.5
lBNP,23,24,47,0.49
lBNS,20,17,37,0.54
lBNb,8,14,22,0.36
lBNh,4,11,15,0.27
lBNl,8,4,12,0.67
lBNm,20,18,38,0.53
lBNn,27,16,43,0.63
lBNs,9,16,25,0.36
lBNt,3,6,9,0.33
lBPB,17,19,36,0.47
lBPD,3,2,5,0.6
lBPH,5,5,10,0.5
lBPI,2,3,5,0.4
lBPK,0,3,3,0.0
lBPL,6,5,11,0.55
lBPM,17,26,43,0.4
lBPN,19,20,39,0.49
lBPP,28,35,63,0.44
lBPS,13,15,28,0.46
lBPb,23,16,39,0.59
lBPh,0,1,1,0.0
lBPl,5,7,12,0.42
lBPm,20,13,33,0.61
lBPn,19,14,33,0.58
lBPs,15,7,22,0.68
lBPt,3,3,6,0.5
lBSB,12,4,16,0.75
lBSD,2,2,4,0.5
lBSH,0,5,5,0.0
lBSK,2,1,3,0.67
lBSL,4,4,8,0.5
lBSM,9,15,24,0.38
lBSN,10,11,21,0.48
lBSP,9,13,22,0.41
lBSS,10,8,18,0.56
lBSb,5,6,11,0.45
lBSh,4,5,9,0.44
lBSl,3,6,9,0.33
lBSm,14,10,24,0.58
lBSn,12,7,19,0.63
lBSs,17,10,27,0.63
lBSt,1,1,2,0.5
lBbB,13,11,24,0.54
lBbD,1,1,2,0.5
lBbH,4,5,9,0.44
lBbI,2,2,4,0.5
lBbJ,2,4,6,0.33
lBbK,1,1,2,0.5
lBbL,3,5,8,0.38
lBbM,20,19,39,0.51
lBbN,20,17,37,0.54
lBbP,15,16,31,0.48
lBbS,8,14,22,0.36
lBbb,16,16,32,0.5
lBbh,0,1,1,0.0
lBbl,3,3,6,0.5
lBbm,12,15,27,0.44
lBbn,18,11,29,0.62
lBbs,9,8,17,0.53
lBhB,2,1,3,0.67
lBhM,3,5,8,0.38
lBhN,2,1,3,0.67
lBhP,1,2,3,0.33
lBhS,1,0,1,1.0
lBhb,1,1,2,0.5
lBhh,1,2,3,0.33
lBhm,2,2,4,0.5
lBhn,1,1,2,0.5
lBhs,2,1,3,0.67
lBjB,3,1,4,0.75
lBjD,0,1,1,0.0
lBjH,1,1,2,0.5
lBjL,0,3,3,0.0
lBjM,5,3,8,0.62
lBjN,3,2,5,0.6
lBjP,5,5,10,0.5
lBjS,2,4,6,0.33
lBjb,2,1,3,0.67
lBjh,0,2,2,0.0
lBjl,2,2,4,0.5
lBjm,6,0,6,1.0
lBjn,5,3,8,0.62
lBjs,1,3,4,0.25
lBjt,2,0,2,1.0
lBlB,5,6,11,0.45
lBlD,1,0,1,1.0
lBlH,4,2,6,0.67
lBlI,0,1,1,0.0
lBlJ,3,2,5,0.6
lBlK,1,1,2,0.5
lBlL,1,2,3,0.33
lBlM,6,10,16,0.38
lBlN,8,8,16,0.5
lBlP,6,11,17,0.35
lBlS,1,5,6,0.17
lBlb,6,8,14,0.43
lBlh,1,0,1,1.0
lBll,3,1,4,0.75
lBlm,5,4,9,0.56
lBln,5,2,7,0.71
lBls,3,4,7,0.43
lBmB,9,16,25,0.36
lBmD,0,3,3,0.0
lBmH,11,14,25,0.44
lBmI,2,3,5,0.4
lBmJ,6,3,9,0.67
lBmK,1,0,1,1.0
lBmL,5,1,6,0.83
lBmM,15,13,28,0.54
lBmN,18,21,39,0.46
lBmP,21,18,39,0.54
lBmS,7,15,22,0.32
lBmb,16,10,26,0.62
lBml,3,4,7,0.43
lBmm,12,8,20,0.6
lBmn,17,12,29,0.59
lBms,5,5,10,0.5
lBnB,12,19,31,0.39
lBnD,3,2,5,0.6
lBnH,13,7,20,0.65
lBnI,3,2,5,0.6
lBnL,5,8,13,0.38
lBnM,23,21,44,0.52
lBnN,23,38,61,0.38
lBnP,30,28,58,0.52
lBnS,14,14,28,0.5
lBnb,15,17,32,0.47
lBnh,0,1,1,0.0
lBnl,5,11,16,0.31
lBnm,16,13,29,0.55
lBnn,29,19,48,0.6
lBns,15,12,27,0.56
lBnt,1,0,1,1.0
lBsB,5,9,14,0.36
lBsD,3,1,4,0.75
lBsH,12,13,25,0.48
lBsI,3,3,6,0.5
lBsL,3,4,7,0.43
lBsM,12,18,30,0.4
lBsN,11,14,25,0.44
lBsP,11,11,22,0.5
lBsS,6,7,13,0.46
lBsb,3,7,10,0.3
lBsh,0,2,2,0.0
lBsl,8,2,10,0.8
lBsm,5,9,14,0.36
lBsn,7,7,14,0.5
lBss,12,10,22,0.55
lBst,0,1,1,0.0
lBtB,2,2,4,0.5
lBtD,0,2,2,0.0
lBtH,5,3,8,0.62
lBtI,0,1,1,0.0
lBtL,0,1,1,0.0
lBtM,2,2,4,0.5
lBtN,2,1,3,0.67
lBtP,5,6,11,0.45
lBtS,4,2,6,0.67
lBtb,3,2,5,0.6
lBtl,0,2,2,0.0
lBtm,2,4,6,0.33
lBtn,4,2,6,0.67
lBts,0,1,1,0.0
lBtt,0,1,1,0.0
lDBB,1,2,3,0.33
lDBD,0,1,1,0.0
lDBK,1,0,1,1.0
lDBL,2,1,3,0.67
lDBM,2,0,2,1.0
lDBN,0,1,1,0.0
lDBP,2,2,4,0.5
lDBS,0,1,1,0.0
lDBb,0,2,2,0.0
lDBj,1,1,2,0.5
lDBm,2,3,5,0.4
lDBs,0,1,1,0.0
lDDB,1,0,1,1.0
lDDD,1,0,1,1.0
lDDL,1,0,1,1.0
lDDS,0,1,1,0.0
lDDm,1,1,2,0.5
lDDs,1,0,1,1.0
lDDt,0,0,0,
lDHB,0,1,1,0.0
lDHD,1,0,1,1.0
lDHK,1,0,1,1.0
lDHL,2,0,2,1.0
lDHM,4,0,4,1.0
lDHN,0,1,1,0.0
lDHP,1,0,1,1.0
lDHS,3,2,5,0.6
lDHb,2,1,3,0.67
lDHh,1,2,3,0.33
lDHl,1,0,1,1.0
lDHm,3,3,6,0.5
lDHn,1,1,2,0.5
lDHs,2,1,3,0.67
lDHt,1,0,1,1.0
lDIB,0,2,2,0.0
lDIH,1,0,1,1.0
lDIN,0,0,0,
lDIb,1,0,1,1.0
lDIn,2,0,2,1.0
lDLM,0,0,0,
lDLN,1,1,2,0.5
lDLP,0,1,1,0.0
lDLS,0,2,2,0.0
lDLb,0,0,0,
lDLh,0,1,1,0.0
lDLj,0,1,1,0.0
lDLl,1,0,1,1.0
lDLm,2,1,3,0.67
lDLn,1,2,3,0.33
lDLs,2,1,3,0.67
lDMB,3,2,5,0.6
lDMD,1,0,1,1.0
lDML,2,1,3,0.67
lDMM,0,4,4,0.0
lDMN,2,2,4,0.5
lDMP,1,2,3,0.33
lDMb,1,2,3,0.33
lDMh,1,1,2,0.5
lDMj,0,1,1,0.0
lDMl,0,1,1,0.0
lDMm,6,1,7,0.86
lDMn,5,4,9,0.56
lDMs,0,1,1,0.0
lDNB,1,0,1,1.0
lDNL,2,0,2,1.0
lDNM,2,0,2,1.0
lDNN,2,3,5,0.4
lDNP,1,3,4,0.25
lDNS,1,2,3,0.33
lDNb,1,1,2,0.5
lDNh,0,1,1,0.0
lDNm,2,3,5,0.4
lDNn,2,2,4,0.5
lDNs,4,0,4,1.0
lDNt,1,0,1,1.0
lDPB,1,1,2,0.5
lDPD,0,0,0,
lDPH,1,0,1,1.0
lDPI,1,1,2,0.5
lDPK,0,1,1,0.0
lDPL,1,0,1,1.0
lDPM,2,3,5,0.4
lDPN,4,5,9,0.44
lDPP,3,3,6,0.5
lDPS,2,2,4,0.5
lDPb,1,1,2,0.5
lDPl,1,0,1,1.0
lDPm,5,2,7,0.71
lDPn,3,2,5,0.6
lDPs,1,2,3,0.33
lDSB,1,2,3,0.33
lDSD,3,1,4,0.75
lDSH,2,1,3,0.67
lDSI,0,1,1,0.0
lDSL,3,1,4,0.75
lDSM,1,0,1,1.0
lDSN,3,2,5,0.6
lDSP,3,2,5,0.6
lDSS,2,3,5,0.4
lDSb,2,2,4,0.5
lDSh,2,1,3,0.67
lDSl,0,1,1,0.0
lDSm,1,3,4,0.25
lDSn,0,2,2,0.0
lDSs,1,4,5,0.2
lDbB,2,1,3,0.67
lDbH,0,1,1,0.0
lDbI,1,0,1,1.0
lDbJ,2,1,3,0.67
lDbK,1,1,2,0.5
lDbL,0,1,1,0.0
lDbM,5,1,6,0.83
lDbN,1,0,1,1.0
lDbP,1,1,2,0.5
lDbS,0,2,2,0.0
lDbb,0,1,1,0.0
lDbl,1,0,1,1.0
lDbm,3,1,4,0.75
lDbn,3,2,5,0.6
lDbs,0,1,1,0.0
lDlB,1,1,2,0.5
lDlH,0,1,1,0.0
lDlJ,1,0,1,1.0
lDlL,0,0,0,
lDlN,3,1,4,0.75
lDlP,1,0,1,1.0
lDlS,2,0,2,1.0
lDlb,3,0,3,1.0
lDmB,3,1,4,0.75
lDmH,3,0,3,1.0
lDmI,1,0,1,1.0
lDmJ,1,1,2,0.5
lDmL,0,1,1,0.0
lDmM,0,1,1,0.0
lDmN,2,2,4,0.5
lDmP,2,4,6,0.33
lDmS,0,4,4,0.0
lDmb,3,4,7,0.43
lDml,0,0,0,
lDmm,2,3,5,0.4
lDmn,0,2,2,0.0
lDms,3,0,3,1.0
lDnB,0,2,2,0.0
lDnD,0,0,0,
lDnL,2,1,3,0.67
lDnM,2,6,8,0.25
lDnN,2,1,3,0.67
lDnP,1,1,2,0.5
lDnS,3,0,3,1.0
lDnb,1,0,1,1.0
lDnl,0,1,1,0.0
lDnm,2,3,5,0.4
lDns,4,0,4,1.0
lDnt,0,1,1,0.0
lDsB,3,0,3,1.0
lDsD,0,0,0,
lDsH,1,3,4,0.25
lDsL,0,2,2,0.0
lDsM,1,2,3,0.33
lDsN,2,0,2,1.0
lDsP,3,2,5,0.6
lDsS,0,4,4,0.0
lDsb,3,2,5,0.6
lDsl,1,0,1,1.0
lDsm,4,0,4,1.0
lDsn,1,0,1,1.0
lDss,1,3,4,0.25
lDtH,0,1,1,0.0
lDtM,1,0,1,1.0
lDtN,0,1,1,0.0
lDtP,1,1,2,0.5
lDtb,0,1,1,0.0
lDtm,1,0,1,1.0
lDtn,0,1,1,0.0
lHBB,3,6,9,0.33
lHBD,3,0,3,1.0
lHBK,1,1,2,0.5
lHBL,4,7,11,0.36
lHBM,7,14,21,0.33
lHBN,7,13,20,0.35
lHBP,11,10,21,0.52
lHBS,3,7,10,0.3
lHBb,4,7,11,0.36
lHBh,2,0,2,1.0
lHBj,6,2,8,0.75
lHBl,6,9,15,0.4
lHBm,9,8,17,0.53
lHBn,7,11,18,0.39
lHBs,6,2,8,0.75
lHBt,2,3,5,0.4
lHDB,1,0,1,1.0
lHDD,0,1,1,0.0
lHDH,4,1,5,0.8
lHDL,0,1,1,0.0
lHDM,2,4,6,0.33
lHDN,0,4,4,0.0
lHDP,1,2,3,0.33
lHDS,2,2,4,0.5
lHDb,3,1,4,0.75
lHDl,0,1,1,0.0
lHDm,1,1,2,0.5
lHDn,1,0,1,1.0
lHDs,6,1,7,0.86
lHDt,1,0,1,1.0
lHHB,0,6,6,0.0
lHHD,0,1,1,0.0
lHHH,2,0,2,1.0
lHHK,0,1,1,0.0
lHHL,3,1,4,0.75
lHHM,3,2,5,0.6
lHHN,2,1,3,0.67
lHHP,2,4,6,0.33
lHHS,2,2,4,0.5
lHHb,1,3,4,0.25
lHHh,1,0,1,1.0
lHHl,0,1,1,0.0
lHHm,3,2,5,0.6
lHHn,1,0,1,1.0
lHHs,4,1,5,0.8
lHIB,1,0,1,1.0
lHIH,1,2,3,0.33
lHII,1,1,2,0.5
lHIL,1,1,2,0.5
lHIM,2,1,3,0.67
lHIN,1,1,2,0.5
lHIP,3,0,3,1.0
lHIS,0,1,1,0.0
lHIb,1,0,1,1.0
lHIh,1,0,1,1.0
lHIl,1,0,1,1.0
lHIm,2,1,3,0.67
lHIn,0,2,2,0.0
lHIs,1,3,4,0.25
lHKB,1,1,2,0.5
lHKI,2,0,2,1.0
lHKM,1,1,2,0.5
lHKN,0,1,1,0.0
lHKP,2,1,3,0.67
lHKS,1,1,2,0.5
lHKb,2,0,2,1.0
lHKh,2,1,3,0.67
lHKl,1,0,1,1.0
lHKm,1,1,2,0.5
lHKt,0,0,0,
lHLB,1,4,5,0.2
lHLD,0,2,2,0.0
lHLL,2,3,5,0.4
lHLM,3,5,8,0.38
lHLN,4,8,12,0.33
lHLP,7,9,16,0.44
lHLS,4,4,8,0.5
lHLb,3,3,6,0.5
lHLh,1,3,4,0.25
lHLj,0,0,0,
lHLl,4,3,7,0.57
lHLm,4,0,4,1.0
lHLn,4,7,11,0.36
lHLs,5,0,5,1.0
lHLt,1,1,2,0.5
lHMB,6,14,20,0.3
lHMD,0,3,3,0.0
lHML,6,4,10,0.6
lHMM,10,14,24,0.42
lHMN,16,14,30,0.53
lHMP,15,7,22,0.68
lHMS,11,5,16,0.69
lHMb,12,8,20,0.6
lHMh,11,8,19,0.58
lHMj,2,4,6,0.33
lHMl,4,3,7,0.57
lHMm,18,11,29,0.62
lHMn,19,9,28,0.68
lHMs,10,12,22,0.45
lHMt,2,0,2,1.0
lHNB,16,5,21,0.76
lHND,2,1,3,0.67
lHNH,3,4,7,0.43
lHNI,0,1,1,0.0
lHNK,1,1,2,0.5
lHNL,3,3,6,0.5
lHNM,12,11,23,0.52
lHNN,9,16,25,0.36
lHNP,14,10,24,0.58
lHNS,9,12,21,0.43
lHNb,9,11,20,0.45
lHNh,5,4,9,0.56
lHNl,3,8,11,0.27
lHNm,14,13,27,0.52
lHNn,17,12,29,0.59
lHNs,18,9,27,0.67
lHNt,4,1,5,0.8
lHPB,14,15,29,0.48
lHPD,3,1,4,0.75
lHPH,3,5,8,0.38
lHPI,1,1,2,0.5
lHPK,4,1,5,0.8
lHPL,2,10,12,0.17
lHPM,10,20,30,0.33
lHPN,13,15,28,0.46
lHPP,19,20,39,0.49
lHPS,12,16,28,0.43
lHPb,8,19,27,0.3
lHPh,0,3,3,0.0
lHPl,4,6,10,0.4
lHPm,22,8,30,0.73
lHPn,6,11,17,0.35
lHPs,11,6,17,0.65
lHPt,2,1,3,0.67
lHSB,5,12,17,0.29
lHSD,2,1,3,0.67
lHSH,1,4,5,0.2
lHSI,1,0,1,1.0
lHSL,4,4,8,0.5
lHSM,13,12,25,0.52
lHSN,10,10,20,0.5
lHSP,9,6,15,0.6
lHSS,10,11,21,0.48
lHSb,9,7,16,0.56
lHSh,3,2,5,0.6
lHSl,1,6,7,0.14
lHSm,11,13,24,0.46
lHSn,12,8,20,0.6
lHSs,9,13,22,0.41
lHSt,2,1,3,0.67
lHbB,10,7,17,0.59
lHbD,2,0,2,1.0
lHbH,3,1,4,0.75
lHbI,1,0,1,1.0
lHbJ,6,1,7,0.86
lHbK,0,1,1,0.0
lHbL,2,6,8,0.25
lHbM,8,14,22,0.36
lHbN,15,13,28,0.54
lHbP,9,14,23,0.39
lHbS,4,6,10,0.4
lHbb,12,10,22,0.55
lHbh,0,1,1,0.0
lHbl,3,1,4,0.75
lHbm,11,10,21,0.52
lHbn,7,10,17,0.41
lHbs,4,1,5,0.8
lHhB,1,4,5,0.2
lHhD,1,0,1,1.0
lHhH,2,1,3,0.67
lHhK,0,2,2,0.0
lHhL,0,5,5,0.0
lHhM,6,8,14,0.43
lHhN,4,5,9,0.44
lHhP,4,9,13,0.31
lHhS,10,6,16,0.62
lHhb,4,8,12,0.33
lHhh,2,3,5,0.4
lHhl,5,1,6,0.83
lHhm,1,3,4,0.25
lHhn,7,6,13,0.54
lHhs,8,8,16,0.5
lHht,2,0,2,1.0
lHlB,4,4,8,0.5
lHlD,1,0,1,1.0
lHlH,4,3,7,0.57
lHlI,1,1,2,0.5
lHlJ,0,1,1,0.0
lHlK,1,0,1,1.0
lHlL,2,0,2,1.0
lHlM,5,2,7,0.71
lHlN,6,2,8,0.75
lHlP,3,3,6,0.5
lHlS,5,5,10,0.5
lHlb,4,2,6,0.67
lHll,0,3,3,0.0
lHlm,2,0,2,1.0
lHln,3,3,6,0.5
lHls,1,2,3,0.33
lHmB,9,12,21,0.43
lHmD,2,1,3,0.67
lHmH,4,14,18,0.22
lHmI,1,0,1,1.0
lHmJ,7,3,10,0.7
lHmL,7,10,17,0.41
lHmM,14,16,30,0.47
lHmN,12,6,18,0.67
lHmP,15,16,31,0.48
lHmS,7,4,11,0.64
lHmb,12,15,27,0.44
lHml,1,4,5,0.2
lHmm,7,12,19,0.37
lHmn,15,7,22,0.68
lHms,7,6,13,0.54
lHnB,12,8,20,0.6
lHnD,2,2,4,0.5
lHnH,10,9,19,0.53
lHnI,1,4,5,0.2
lHnK,4,2,6,0.67
lHnL,4,5,9,0.44
lHnM,11,11,22,0.5
lHnN,12,12,24,0.5
lHnP,14,19,33,0.42
lHnS,10,7,17,0.59
lHnb,14,4,18,0.78
lHnh,1,0,1,1.0
lHnl,3,6,9,0.33
lHnm,12,10,22,0.55
lHnn,12,8,20,0.6
lHns,8,5,13,0.62
lHsB,8,4,12,0.67
lHsD,4,2,6,0.67
lHsH,6,15,21,0.29
lHsI,3,0,3,1.0
lHsK,2,1,3,0.67
lHsL,2,0,2,1.0
lHsM,8,12,20,0.4
lHsN,10,5,15,0.67
lHsP,10,8,18,0.56
lHsS,17,13,30,0.57
lHsb,3,6,9,0.33
lHsh,0,1,1,0.0
lHsl,4,2,6,0.67
lHsm,8,8,16,0.5
lHsn,5,6,11,0.45
lHss,12,10,22,0.55
lHst,0,1,1,0.0
lHtB,1,1,2,0.5
lHtH,0,1,1,0.0
lHtI,0,0,0,
lHtM,1,2,3,0.33
lHtN,1,3,4,0.25
lHtP,0,1,1,0.0
lHtS,1,3,4,0.25
lHtb,2,0,2,1.0
lHth,1,0,1,1.0
lHtm,3,4,7,0.43
lHtn,4,1,5,0.8
lHts,0,0,0,
lHtt,1,0,1,1.0
lIBB,2,2,4,0.5
lIBK,0,1,1,0.0
lIBL,0,1,1,0.0
lIBN,1,1,2,0.5
lIBP,1,1,2,0.5
lIBS,1,1,2,0.5
lIBb,1,0,1,1.0
lIBh,1,1,2,0.5
lIBj,1,1,2,0.5
lIBl,2,0,2,1.0
lIBm,2,1,3,0.67
lIBn,2,0,2,1.0
lIDB,0,1,1,0.0
lIDH,1,1,2,0.5
lIDM,0,1,1,0.0
lIDP,2,0,2,1.0
lIDS,0,1,1,0.0
lIDm,2,0,2,1.0
lIHB,1,1,2,0.5
lIHL,2,2,4,0.5
lIHM,1,1,2,0.5
lIHN,2,1,3,0.67
lIHP,5,1,6,0.83
lIHS,1,2,3,0.33
lIHb,2,1,3,0.67
lIHh,0,1,1,0.0
lIHl,0,1,1,0.0
lIHm,1,1,2,0.5
lIHn,1,1,2,0.5
lIHs,0,1,1,0.0
lIHt,1,0,1,1.0
lIIM,1,0,1,1.0
lIIP,1,2,3,0.33
lIIS,1,0,1,1.0
lIIb,0,1,1,0.0
lIIm,0,1,1,0.0
lIIn,1,0,1,1.0
lILB,1,0,1,1.0
lILM,0,3,3,0.0
lILN,1,0,1,1.0
lILP,2,0,2,1.0
lILS,0,1,1,0.0
lILb,0,1,1,0.0
lILh,1,1,2,0.5
lILj,0,0,0,
lILl,0,1,1,0.0
lILm,0,2,2,0.0
lILn,0,1,1,0.0
lILs,1,0,1,1.0
lIMB,1,1,2,0.5
lIMD,0,2,2,0.0
lIMM,2,2,4,0.5
lIMN,4,2,6,0.67
lIMP,1,3,4,0.25
lIMS,2,1,3,0.67
lIMb,2,4,6,0.33
lIMh,2,2,4,0.5
lIMj,0,1,1,0.0
lIMm,4,4,8,0.5
lIMn,4,1,5,0.8
lIMs,4,1,5,0.8
lINB,2,2,4,0.5
lIND,0,1,1,0.0
lINH,0,2,2,0.0
lINL,1,1,2,0.5
lINM,1,4,5,0.2
lINN,1,1,2,0.5
lINP,4,4,8,0.5
lINS,0,1,1,0.0
lINb,3,1,4,0.75
lINh,1,1,2,0.5
lINl,0,1,1,0.0
lINm,0,1,1,0.0
lINn,3,2,5,0.6
lINs,2,4,6,0.33
lINt,0,1,1,0.0
lIPB,3,2,5,0.6
lIPD,0,1,1,0.0
lIPH,1,0,1,1.0
lIPI,0,1,1,0.0
lIPK,0,2,2,0.0
lIPL,0,1,1,0.0
lIPM,3,2,5,0.6
lIPN,0,1,1,0.0
lIPP,5,3,8,0.62
lIPS,1,3,4,0.25
lIPb,1,5,6,0.17
lIPl,1,1,2,0.5
lIPm,5,4,9,0.56
lIPn,1,4,5,0.2
lIPs,4,1,5,0.8
lISB,1,2,3,0.33
lISH,0,1,1,0.0
lISL,0,1,1,0.0
lISM,1,2,3,0.33
lISN,1,0,1,1.0
lISP,1,1,2,0.5
lISS,0,1,1,0.0
lISb,1,2,3,0.33
lISh,1,1,2,0.5
lISl,1,1,2,0.5
lISm,1,1,2,0.5
lISn,1,0,1,1.0
lISs,1,7,8,0.12
lISt,0,0,0,
lIbB,3,2,5,0.6
lIbD,0,1,1,0.0
lIbJ,1,0,1,1.0
lIbL,2,0,2,1.0
lIbM,2,1,3,0.67
lIbN,2,3,5,0.4
lIbP,5,2,7,0.71
lIbS,0,0,0,
lIbb,3,5,8,0.38
lIbl,3,0,3,1.0
lIbm,2,1,3,0.67
lIbn,1,0,1,1.0
lIbs,2,2,4,0.5
lIhB,1,0,1,1.0
lIhS,0,1,1,0.0
lIlB,1,1,2,0.5
lIlL,0,1,1,0.0
lIlM,0,1,1,0.0
lIlN,1,0,1,1.0
lIlP,2,1,3,0.67
lIlS,0,0,0,
lIlb,0,1,1,0.0
lIll,1,0,1,1.0
lIlm,0,2,2,0.0
lIln,1,0,1,1.0
lIls,1,0,1,1.0
lImB,4,2,6,0.67
lImD,2,1,3,0.67
lImH,0,1,1,0.0
lImJ,2,0,2,1.0
lImL,0,2,2,0.0
lImM,4,5,9,0.44
lImN,3,1,4,0.75
lImP,2,4,6,0.33
lImS,2,0,2,1.0
lImb,2,3,5,0.4
lIml,0,1,1,0.0
lImm,4,0,4,1.0
lIms,2,0,2,1.0
lInB,0,2,2,0.0
lInD,0,1,1,0.0
lInH,1,0,1,1.0
lInL,1,1,2,0.5
lInM,3,3,6,0.5
lInN,1,1,2,0.5
lInP,1,2,3,0.33
lInS,0,1,1,0.0
lInb,1,1,2,0.5
lInl,1,1,2,0.5
lInm,3,1,4,0.75
lInn,0,3,3,0.0
lIns,1,2,3,0.33
lIsB,1,1,2,0.5
lIsD,1,0,1,1.0
lIsH,1,0,1,1.0
lIsL,0,1,1,0.0
lIsN,1,0,1,1.0
lIsP,1,0,1,1.0
lIsS,0,0,0,
lIsb,1,1,2,0.5
lIsl,2,0,2,1.0
lIsm,0,2,2,0.0
lIsn,2,0,2,1.0
lIss,5,4,9,0.56
lItH,1,0,1,1.0
lItN,0,0,0,
lItP,1,0,1,1.0
lJBB,2,5,7,0.29
lJBH,0,1,1,0.0
lJBK,2,0,2,1.0
lJBL,2,2,4,0.5
lJBM,4,4,8,0.5
lJBN,3,6,9,0.33
lJBP,3,6,9,0.33
lJBS,1,4,5,0.2
lJBb,1,7,8,0.12
lJBh,1,1,2,0.5
lJBj,1,1,2,0.5
lJBl,3,2,5,0.6
lJBm,4,7,11,0.36
lJBn,4,6,10,0.4
lJBs,7,3,10,0.7
lJBt,1,0,1,1.0
lJDB,1,0,1,1.0
lJDI,0,1,1,0.0
lJDL,0,0,0,
lJDM,2,1,3,0.67
lJDS,0,1,1,0.0
lJDl,0,1,1,0.0
lJDm,1,0,1,1.0
lJDn,2,1,3,0.67
lJDs,2,1,3,0.67
lJHB,4,0,4,1.0
lJHH,1,0,1,1.0
lJHI,1,0,1,1.0
lJHK,1,0,1,1.0
lJHL,0,0,0,
lJHM,2,4,6,0.33
lJHN,1,0,1,1.0
lJHP,6,2,8,0.75
lJHS,4,3,7,0.57
lJHb,1,2,3,0.33
lJHh,0,1,1,0.0
lJHl,1,0,1,1.0
lJHm,2,5,7,0.29
lJHn,4,1,5,0.8
lJHs,0,1,1,0.0
lJIH,1,0,1,1.0
lJIL,1,0,1,1.0
lJIM,1,1,2,0.5
lJIN,0,1,1,0.0
lJIP,1,0,1,1.0
lJIS,0,1,1,0.0
lJIb,0,2,2,0.0
lJIm,1,0,1,1.0
lJIn,0,1,1,0.0
lJIs,1,0,1,1.0
lJKB,0,1,1,0.0
lJKI,1,0,1,1.0
lJKM,0,1,1,0.0
lJKN,0,2,2,0.0
lJKP,1,0,1,1.0
lJKS,0,1,1,0.0
lJKb,0,0,0,
lJKl,2,0,2,1.0
lJKm,1,0,1,1.0
lJKn,1,0,1,1.0
lJKs,2,1,3,0.67
lJLB,1,1,2,0.5
lJLL,1,1,2,0.5
lJLM,3,1,4,0.75
lJLN,4,3,7,0.57
lJLP,4,2,6,0.67
lJLS,3,2,5,0.6
lJLb,0,2,2,0.0
lJLh,0,1,1,0.0
lJLj,1,0,1,1.0
lJLl,2,2,4,0.5
lJLm,2,1,3,0.67
lJLn,3,4,7,0.43
lJLs,2,3,5,0.4
lJMB,4,1,5,0.8
lJML,1,4,5,0.2
lJMM,4,7,11,0.36
lJMN,6,6,12,0.5
lJMP,4,3,7,0.57
lJMS,4,5,9,0.44
lJMb,3,3,6,0.5
lJMh,5,5,10,0.5
lJMj,1,1,2,0.5
lJMl,4,2,6,0.67
lJMm,7,5,12,0.58
lJMn,7,11,18,0.39
lJMs,6,3,9,0.67
lJMt,1,1,2,0.5
lJNB,8,3,11,0.73
lJND,0,0,0,
lJNH,0,1,1,0.0
lJNI,1,2,3,0.33
lJNL,3,1,4,0.75
lJNM,7,9,16,0.44
lJNN,5,4,9,0.56
lJNP,4,3,7,0.57
lJNS,5,5,10,0.5
lJNb,5,3,8,0.62
lJNh,1,4,5,0.2
lJNl,1,1,2,0.5
lJNm,4,3,7,0.57
lJNn,4,0,4,1.0
lJNs,6,3,9,0.67
lJNt,1,0,1,1.0
lJPB,8,11,19,0.42
lJPD,1,0,1,1.0
lJPH,2,1,3,0.67
lJPI,1,1,2,0.5
lJPK,1,3,4,0.25
lJPL,4,5,9,0.44
lJPM,3,7,10,0.3
lJPN,11,5,16,0.69
lJPP,9,8,17,0.53
lJPS,4,7,11,0.36
lJPb,8,7,15,0.53
lJPh,2,2,4,0.5
lJPl,3,2,5,0.6
lJPm,7,11,18,0.39
lJPn,6,6,12,0.5
lJPs,8,4,12,0.67
lJPt,0,2,2,0.0
lJSB,5,2,7,0.71
lJSD,0,3,3,0.0
lJSH,2,0,2,1.0
lJSI,1,0,1,1.0
lJSK,0,0,0,
lJSL,3,2,5,0.6
lJSM,8,8,16,0.5
lJSN,3,2,5,0.6
lJSP,5,4,9,0.56
lJSS,6,6,12,0.5
lJSb,6,3,9,0.67
lJSh,2,6,8,0.25
lJSl,1,1,2,0.5
lJSm,6,4,10,0.6
lJSn,5,4,9,0.56
lJSs,1,4,5,0.2
lJSt,2,2,4,0.5
lJbB,2,2,4,0.5
lJbD,1,0,1,1.0
lJbH,0,1,1,0.0
lJbJ,3,2,5,0.6
lJbK,0,1,1,0.0
lJbL,1,4,5,0.2
lJbM,5,5,10,0.5
lJbN,9,4,13,0.69
lJbP,6,6,12,0.5
lJbS,3,1,4,0.75
lJbb,8,4,12,0.67
lJbl,1,3,4,0.25
lJbm,3,3,6,0.5
lJbn,4,4,8,0.5
lJbs,4,1,5,0.8
lJhB,0,2,2,0.0
lJhI,1,0,1,1.0
lJhM,1,0,1,1.0
lJhP,1,0,1,1.0
lJhS,1,1,2,0.5
lJhb,2,1,3,0.67
lJhh,0,1,1,0.0
lJhn,1,2,3,0.33
lJhs,1,1,2,0.5
lJlB,2,1,3,0.67
lJlH,0,4,4,0.0
lJlJ,2,0,2,1.0
lJlL,2,1,3,0.67
lJlM,2,5,7,0.29
lJlN,2,4,6,0.33
lJlP,0,0,0,
lJlS,0,2,2,0.0
lJlb,0,1,1,0.0
lJll,1,1,2,0.5
lJlm,1,3,4,0.25
lJls,3,0,3,1.0
lJmB,3,5,8,0.38
lJmD,1,1,2,0.5
lJmH,3,4,7,0.43
lJmI,1,0,1,1.0
lJmJ,1,1,2,0.5
lJmL,3,2,5,0.6
lJmM,3,6,9,0.33
lJmN,5,1,6,0.83
lJmP,6,6,12,0.5
lJmS,4,4,8,0.5
lJmb,7,6,13,0.54
lJml,3,0,3,1.0
lJmm,5,3,8,0.62
lJmn,3,3,6,0.5
lJms,1,2,3,0.33
lJnB,2,3,5,0.4
lJnD,0,0,0,
lJnH,5,3,8,0.62
lJnI,0,1,1,0.0
lJnK,0,0,0,
lJnL,0,3,3,0.0
lJnM,4,8,12,0.33
lJnN,5,2,7,0.71
lJnP,2,8,10,0.2
lJnS,1,8,9,0.11
lJnb,1,0,1,1.0
lJnh,1,0,1,1.0
lJnl,3,0,3,1.0
lJnm,1,2,3,0.33
lJnn,2,4,6,0.33
lJns,3,3,6,0.5
lJsB,4,2,6,0.67
lJsD,0,0,0,
lJsH,3,2,5,0.6
lJsI,2,0,2,1.0
lJsL,2,0,2,1.0
lJsM,6,8,14,0.43
lJsN,4,3,7,0.57
lJsP,9,5,14,0.64
lJsS,0,8,8,0.0
lJsb,8,7,15,0.53
lJsl,2,4,6,0.33
lJsm,7,6,13,0.54
lJsn,1,0,1,1.0
lJss,4,6,10,0.4
lJst,0,0,0,
lJtB,1,0,1,1.0
lJtH,1,1,2,0.5
lJtK,0,1,1,0.0
lJtN,2,0,2,1.0
lJtP,2,0,2,1.0
lJtS,1,1,2,0.5
lJtb,1,0,1,1.0
lJtm,0,1,1,0.0
lJts,1,0,1,1.0
lKBB,1,1,2,0.5
lKBK,0,1,1,0.0
lKBL,1,0,1,1.0
lKBM,1,1,2,0.5
lKBN,1,1,2,0.5
lKBP,1,2,3,0.33
lKBb,1,2,3,0.33
lKBj,1,0,1,1.0
lKBm,1,3,4,0.25
lKBn,1,1,2,0.5
lKBs,1,0,1,1.0
lKDH,0,0,0,
lKDb,0,1,1,0.0
lKDl,1,0,1,1.0
lKDm,1,0,1,1.0
lKHM,0,1,1,0.0
lKHN,0,1,1,0.0
lKHb,0,2,2,0.0
lKHm,0,1,1,0.0
lKIM,1,1,2,0.5
lKIm,1,0,1,1.0
lKLS,1,1,2,0.5
lKLb,2,1,3,0.67
lKLh,1,0,1,1.0
lKLm,1,1,2,0.5
lKLn,1,0,1,1.0
lKMB,1,0,1,1.0
lKMD,0,0,0,
lKML,0,1,1,0.0
lKMM,0,2,2,0.0
lKMN,0,1,1,0.0
lKMP,0,0,0,
lKMh,2,1,3,0.67
lKMl,1,2,3,0.33
lKMm,1,0,1,1.0
lKMn,1,2,3,0.33
lKMs,0,3,3,0.0
lKNM,1,3,4,0.25
lKNN,0,3,3,0.0
lKNP,1,0,1,1.0
lKNS,0,2,2,0.0
lKNb,0,1,1,0.0
lKNl,1,0,1,1.0
lKNm,0,2,2,0.0
lKNn,1,1,2,0.5
lKNs,0,1,1,0.0
lKPB,3,1,4,0.75
lKPH,0,1,1,0.0
lKPK,0,1,1,0.0
lKPL,2,0,2,1.0
lKPM,3,2,5,0.6
lKPN,1,1,2,0.5
lKPP,1,1,2,0.5
lKPS,1,2,3,0.33
lKPb,1,0,1,1.0
lKPh,1,0,1,1.0
lKPl,1,0,1,1.0
lKPm,1,1,2,0.5
lKPn,3,1,4,0.75
lKPs,1,2,3,0.33
lKSI,1,0,1,1.0
lKSM,1,1,2,0.5
lKSN,0,2,2,0.0
lKSP,0,1,1,0.0
lKSb,2,0,2,1.0
lKSh,0,2,2,0.0
lKSl,1,1,2,0.5
lKSm,0,2,2,0.0
lKSn,0,0,0,
lKSs,1,0,1,1.0
lKbB,0,1,1,0.0
lKbM,1,2,3,0.33
lKbN,1,0,1,1.0
lKbP,1,1,2,0.5
lKbb,2,3,5,0.4
lKbl,1,0,1,1.0
lKbm,1,3,4,0.25
lKbn,2,1,3,0.67
lKhB,1,0,1,1.0
lKhH,1,0,1,1.0
lKhM,1,2,3,0.33
lKhP,0,1,1,0.0
lKhS,1,3,4,0.25
lKhb,0,0,0,
lKhh,2,0,2,1.0
lKhm,0,1,1,0.0
lKhs,2,1,3,0.67
lKht,1,0,1,1.0
lKlL,0,1,1,0.0
lKlM,0,2,2,0.0
lKlb,1,0,1,1.0
lKll,1,0,1,1.0
lKls,1,0,1,1.0
lKmB,2,0,2,1.0
lKmH,1,1,2,0.5
lKmL,1,0,1,1.0
lKmM,4,1,5,0.8
lKmN,3,4,7,0.43
lKmP,0,1,1,0.0
lKmS,1,0,1,1.0
lKmb,2,0,2,1.0
lKml,2,1,3,0.67
lKmm,1,0,1,1.0
lKmn,0,1,1,0.0
lKms,1,0,1,1.0
lKnM,1,3,4,0.25
lKnN,2,0,2,1.0
lKnP,6,1,7,0.86
lKnS,2,1,3,0.67
lKnb,1,0,1,1.0
lKnm,2,1,3,0.67
lKnn,1,0,1,1.0
lKsB,2,0,2,1.0
lKsH,1,1,2,0.5
lKsI,0,1,1,0.0
lKsL,1,0,1,1.0
lKsM,1,1,2,0.5
lKsN,0,1,1,0.0
lKsP,2,1,3,0.67
lKsb,3,0,3,1.0
lKsm,1,2,3,0.33
lKss,3,0,3,1.0
lKtm,1,0,1,1.0
lLBB,6,6,12,0.5
lLBD,1,0,1,1.0
lLBK,1,0,1,1.0
lLBL,4,0,4,1.0
lLBM,7,4,11,0.64
lLBN,7,12,19,0.37
lLBP,8,6,14,0.57
lLBS,4,4,8,0.5
lLBb,10,7,17,0.59
lLBh,2,0,2,1.0
lLBj,1,5,6,0.17
lLBl,2,4,6,0.33
lLBm,6,5,11,0.55
lLBn,7,10,17,0.41
lLBs,2,2,4,0.5
lLBt,2,3,5,0.4
lLDB,1,0,1,1.0
lLDD,0,1,1,0.0
lLDH,0,4,4,0.0
lLDN,1,0,1,1.0
lLDP,3,0,3,1.0
lLDS,2,1,3,0.67
lLDl,0,1,1,0.0
lLDm,3,0,3,1.0
lLDs,1,1,2,0.5
lLHN,0,1,1,0.0
lLHs,0,1,1,0.0
lLKB,1,0,1,1.0
lLKM,1,0,1,1.0
lLKN,0,1,1,0.0
lLKP,1,1,2,0.5
lLKb,1,0,1,1.0
lLKh,0,1,1,0.0
lLKn,2,1,3,0.67
lLKs,0,0,0,
lLLB,2,2,4,0.5
lLLL,1,1,2,0.5
lLLM,1,3,4,0.25
lLLN,0,3,3,0.0
lLLP,5,0,5,1.0
lLLS,2,2,4,0.5
lLLb,3,3,6,0.5
lLLj,0,1,1,0.0
lLLl,0,1,1,0.0
lLLm,5,2,7,0.71
lLLn,6,3,9,0.67
lLLs,2,3,5,0.4
lLLt,0,1,1,0.0
lLMB,7,7,14,0.5
lLMD,0,1,1,0.0
lLMK,1,0,1,1.0
lLML,3,2,5,0.6
lLMM,3,8,11,0.27
lLMN,4,7,11,0.36
lLMP,6,7,13,0.46
lLMS,2,7,9,0.22
lLMb,4,6,10,0.4
lLMh,0,5,5,0.0
lLMj,1,1,2,0.5
lLMl,4,1,5,0.8
lLMm,8,5,13,0.62
lLMn,2,5,7,0.29
lLMs,3,3,6,0.5
lLMt,1,0,1,1.0
lLNB,2,3,5,0.4
lLND,0,1,1,0.0
lLNH,3,1,4,0.75
lLNI,0,1,1,0.0
lLNK,1,0,1,1.0
lLNL,2,2,4,0.5
lLNM,6,5,11,0.55
lLNN,5,6,11,0.45
lLNP,13,13,26,0.5
lLNS,9,7,16,0.56
lLNb,8,3,11,0.73
lLNh,1,2,3,0.33
lLNl,4,7,11,0.36
lLNm,7,9,16,0.44
lLNn,9,10,19,0.47
lLNs,3,7,10,0.3
lLNt,1,0,1,1.0
lLPB,9,5,14,0.64
lLPD,3,0,3,1.0
lLPH,1,0,1,1.0
lLPI,2,3,5,0.4
lLPK,0,0,0,
lLPL,7,7,14,0.5
lLPM,9,11,20,0.45
lLPN,7,6,13,0.54
lLPP,15,10,25,0.6
lLPS,7,3,10,0.7
lLPb,11,2,13,0.85
lLPh,1,0,1,1.0
lLPl,3,6,9,0.33
lLPm,14,14,28,0.5
lLPn,10,8,18,0.56
lLPs,5,6,11,0.45
lLPt,2,2,4,0.5
lLSB,4,4,8,0.5
lLSH,2,4,6,0.33
lLSI,1,0,1,1.0
lLSL,2,0,2,1.0
lLSM,9,9,18,0.5
lLSN,2,3,5,0.4
lLSP,7,8,15,0.47
lLSS,6,10,16,0.38
lLSb,5,3,8,0.62
lLSh,3,2,5,0.6
lLSl,2,3,5,0.4
lLSm,4,3,7,0.57
lLSn,7,9,16,0.44
lLSs,10,15,25,0.4
lLSt,1,1,2,0.5
lLbB,5,4,9,0.56
lLbD,1,0,1,1.0
lLbH,2,1,3,0.67
lLbI,1,0,1,1.0
lLbJ,1,2,3,0.33
lLbK,1,1,2,0.5
lLbL,1,3,4,0.25
lLbM,5,4,9,0.56
lLbN,4,8,12,0.33
lLbP,4,5,9,0.44
lLbS,2,3,5,0.4
lLbb,9,2,11,0.82
lLbl,2,0,2,1.0
lLbm,2,7,9,0.22
lLbn,3,4,7,0.43
lLbs,4,5,9,0.44
lLhB,1,2,3,0.33
lLhD,1,1,2,0.5
lLhH,0,1,1,0.0
lLhI,0,1,1,0.0
lLhL,1,0,1,1.0
lLhM,2,4,6,0.33
lLhN,4,2,6,0.67
lLhP,1,3,4,0.25
lLhS,4,2,6,0.67
lLhb,1,4,5,0.2
lLhh,1,3,4,0.25
lLhl,3,1,4,0.75
lLhm,6,1,7,0.86
lLhn,5,5,10,0.5
lLhs,3,1,4,0.75
lLht,1,0,1,1.0
lLjB,1,1,2,0.5
lLjH,0,1,1,0.0
lLjL,1,0,1,1.0
lLjM,1,6,7,0.14
lLjN,1,1,2,0.5
lLjP,2,1,3,0.67
lLjS,0,1,1,0.0
lLjb,0,2,2,0.0
lLjh,0,1,1,0.0
lLjl,1,1,2,0.5
lLjm,5,1,6,0.83
lLjn,4,3,7,0.57
lLjs,4,0,4,1.0
lLlB,5,1,6,0.83
lLlD,0,1,1,0.0
lLlH,4,1,5,0.8
lLlJ,1,1,2,0.5
lLlK,0,2,2,0.0
lLlL,0,1,1,0.0
lLlM,5,1,6,0.83
lLlN,2,3,5,0.4
lLlP,6,2,8,0.75
lLlS,1,4,5,0.2
lLlb,3,0,3,1.0
lLll,1,2,3,0.33
lLlm,3,2,5,0.6
lLln,4,1,5,0.8
lLls,2,0,2,1.0
lLmB,0,13,13,0.0
lLmD,0,1,1,0.0
lLmH,7,4,11,0.64
lLmI,1,0,1,1.0
lLmJ,4,2,6,0.67
lLmL,2,2,4,0.5
lLmM,6,12,18,0.33
lLmN,11,8,19,0.58
lLmP,10,4,14,0.71
lLmS,5,4,9,0.56
lLmb,8,3,11,0.73
lLmh,0,1,1,0.0
lLml,2,1,3,0.67
lLmm,5,2,7,0.71
lLmn,8,6,14,0.57
lLms,5,1,6,0.83
lLmt,1,0,1,1.0
lLnB,8,4,12,0.67
lLnD,2,0,2,1.0
lLnH,12,4,16,0.75
lLnI,2,1,3,0.67
lLnK,0,3,3,0.0
lLnL,4,8,12,0.33
lLnM,6,9,15,0.4
lLnN,10,8,18,0.56
lLnP,6,12,18,0.33
lLnS,11,7,18,0.61
lLnb,6,4,10,0.6
lLnh,1,0,1,1.0
lLnl,3,0,3,1.0
lLnm,8,7,15,0.53
lLnn,9,14,23,0.39
lLns,8,5,13,0.62
lLsB,2,3,5,0.4
lLsD,1,0,1,1.0
lLsH,3,3,6,0.5
lLsI,0,2,2,0.0
lLsL,2,3,5,0.4
lLsM,10,3,13,0.77
lLsN,8,8,16,0.5
lLsP,4,2,6,0.67
lLsS,5,8,13,0.38
lLsb,3,5,8,0.38
lLsl,1,3,4,0.25
lLsm,8,2,10,0.8
lLsn,5,5,10,0.5
lLss,6,4,10,0.6
lLtB,1,1,2,0.5
lLtH,1,1,2,0.5
lLtL,1,0,1,1.0
lLtM,3,0,3,1.0
lLtN,1,3,4,0.25
lLtP,2,3,5,0.4
lLtS,4,0,4,1.0
lLtb,1,1,2,0.5
lLth,0,0,0,
lLtl,1,1,2,0.5
lLtm,0,1,1,0.0
lLtn,1,0,1,1.0
lLts,2,1,3,0.67
lLtt,0,0,0,
lMBB,17,21,38,0.45
lMBD,2,3,5,0.4
lMBI,2,0,2,1.0
lMBK,2,0,2,1.0
lMBL,2,4,6,0.33
lMBM,11,16,27,0.41
lMBN,20,26,46,0.43
lMBP,17,31,48,0.35
lMBS,6,11,17,0.35
lMBb,16,13,29,0.55
lMBh,2,2,4,0.5
lMBj,5,5,10,0.5
lMBl,6,7,13,0.46
lMBm,20,21,41,0.49
lMBn,27,20,47,0.57
lMBs,9,4,13,0.69
lMBt,1,7,8,0.12
lMDB,2,2,4,0.5
lMDD,0,1,1,0.0
lMDH,2,1,3,0.67
lMDI,0,0,0,
lMDL,0,2,2,0.0
lMDM,2,3,5,0.4
lMDN,5,3,8,0.62
lMDP,1,3,4,0.25
lMDS,3,4,7,0.43
lMDb,1,3,4,0.25
lMDh,0,1,1,0.0
lMDl,0,1,1,0.0
lMDm,4,3,7,0.57
lMDn,3,3,6,0.5
lMDs,1,1,2,0.5
lMDt,0,1,1,0.0
lMHB,1,0,1,1.0
lMHS,1,0,1,1.0
lMHb,0,2,2,0.0
lMHs,1,0,1,1.0
lMIN,0,0,0,
lMIl,0,0,0,
lMIs,0,1,1,0.0
lMIt,0,0,0,
lMKB,1,0,1,1.0
lMKM,2,0,2,1.0
lMKN,2,0,2,1.0
lMKP,1,1,2,0.5
lMKs,1,0,1,1.0
lMLB,2,3,5,0.4
lMLK,1,1,2,0.5
lMLL,1,2,3,0.33
lMLM,7,6,13,0.54
lMLN,7,5,12,0.58
lMLP,3,7,10,0.3
lMLS,2,6,8,0.25
lMLb,4,4,8,0.5
lMLh,1,3,4,0.25
lMLj,2,1,3,0.67
lMLl,2,4,6,0.33
lMLm,11,5,16,0.69
lMLn,7,7,14,0.5
lMLs,3,4,7,0.43
lMLt,1,2,3,0.33
lMMB,21,20,41,0.51
lMMD,5,3,8,0.62
lMMK,1,2,3,0.33
lMML,1,7,8,0.12
lMMM,17,23,40,0.42
lMMN,21,17,38,0.55
lMMP,17,26,43,0.4
lMMS,7,14,21,0.33
lMMb,14,20,34,0.41
lMMh,18,20,38,0.47
lMMj,1,4,5,0.2
lMMl,6,3,9,0.67
lMMm,26,24,50,0.52
lMMn,33,25,58,0.57
lMMs,6,11,17,0.35
lMMt,0,4,4,0.0
lMNB,16,21,37,0.43
lMND,3,3,6,0.5
lMNH,8,4,12,0.67
lMNK,2,3,5,0.4
lMNL,6,4,10,0.6
lMNM,17,25,42,0.4
lMNN,23,19,42,0.55
lMNP,37,18,55,0.67
lMNS,21,19,40,0.52
lMNb,11,11,22,0.5
lMNh,5,5,10,0.5
lMNl,6,4,10,0.6
lMNm,17,21,38,0.45
lMNn,22,25,47,0.47
lMNs,24,16,40,0.6
lMNt,2,1,3,0.67
lMPB,15,12,27,0.56
lMPD,1,2,3,0.33
lMPH,7,4,11,0.64
lMPI,1,4,5,0.2
lMPK,2,2,4,0.5
lMPL,7,4,11,0.64
lMPM,19,19,38,0.5
lMPN,27,29,56,0.48
lMPP,32,31,63,0.51
lMPS,20,23,43,0.47
lMPb,15,14,29,0.52
lMPh,2,3,5,0.4
lMPl,7,8,15,0.47
lMPm,18,14,32,0.56
lMPn,22,21,43,0.51
lMPs,15,11,26,0.58
lMPt,1,1,2,0.5
lMSB,8,13,21,0.38
lMSD,4,3,7,0.57
lMSH,8,7,15,0.53
lMSK,1,0,1,1.0
lMSL,5,6,11,0.45
lMSM,11,8,19,0.58
lMSN,13,22,35,0.37
lMSP,22,15,37,0.59
lMSS,19,22,41,0.46
lMSb,8,11,19,0.42
lMSh,6,11,17,0.35
lMSl,5,1,6,0.83
lMSm,17,9,26,0.65
lMSn,15,15,30,0.5
lMSs,16,13,29,0.55
lMSt,3,4,7,0.43
lMbB,15,21,36,0.42
lMbD,2,4,6,0.33
lMbH,5,7,12,0.42
lMbI,1,2,3,0.33
lMbJ,3,8,11,0.27
lMbK,1,1,2,0.5
lMbL,4,6,10,0.4
lMbM,21,18,39,0.54
lMbN,19,23,42,0.45
lMbP,20,24,44,0.45
lMbS,13,6,19,0.68
lMbb,9,14,23,0.39
lMbl,3,4,7,0.43
lMbm,10,10,20,0.5
lMbn,18,14,32,0.56
lMbs,12,7,19,0.63
lMhB,14,9,23,0.61
lMhD,2,1,3,0.67
lMhH,4,2,6,0.67
lMhI,2,0,2,1.0
lMhK,1,0,1,1.0
lMhL,2,4,6,0.33
lMhM,22,11,33,0.67
lMhN,14,8,22,0.64
lMhP,13,20,33,0.39
lMhS,15,12,27,0.56
lMhb,14,11,25,0.56
lMhh,8,10,18,0.44
lMhl,4,11,15,0.27
lMhm,17,19,36,0.47
lMhn,16,15,31,0.52
lMhs,19,24,43,0.44
lMht,1,0,1,1.0
lMjB,6,3,9,0.67
lMjD,1,1,2,0.5
lMjH,1,0,1,1.0
lMjI,1,0,1,1.0
lMjK,0,2,2,0.0
lMjL,1,1,2,0.5
lMjM,3,3,6,0.5
lMjN,2,4,6,0.33
lMjP,3,6,9,0.33
lMjS,2,2,4,0.5
lMjb,2,4,6,0.33
lMjh,0,1,1,0.0
lMjl,0,3,3,0.0
lMjm,5,4,9,0.56
lMjn,3,1,4,0.75
lMjs,5,2,7,0.71
lMjt,0,1,1,0.0
lMlB,5,12,17,0.29
lMlD,3,0,3,1.0
lMlH,4,9,13,0.31
lMlI,0,1,1,0.0
lMlJ,3,2,5,0.6
lMlK,1,1,2,0.5
lMlL,1,1,2,0.5
lMlM,11,2,13,0.85
lMlN,9,10,19,0.47
lMlP,10,6,16,0.62
lMlS,7,2,9,0.78
lMlb,4,6,10,0.4
lMll,2,0,2,1.0
lMlm,8,4,12,0.67
lMln,8,8,16,0.5
lMls,6,2,8,0.75
lMmB,13,18,31,0.42
lMmD,4,3,7,0.57
lMmH,14,15,29,0.48
lMmI,3,2,5,0.6
lMmJ,6,8,14,0.43
lMmK,1,0,1,1.0
lMmL,5,5,10,0.5
lMmM,22,34,56,0.39
lMmN,33,34,67,0.49
lMmP,28,16,44,0.64
lMmS,13,28,41,0.32
lMmb,22,17,39,0.56
lMmh,0,0,0,
lMml,11,4,15,0.73
lMmm,16,12,28,0.57
lMmn,20,25,45,0.44
lMms,13,22,35,0.37
lMnB,17,24,41,0.41
lMnD,3,2,5,0.6
lMnH,18,13,31,0.58
lMnI,5,8,13,0.38
lMnK,0,3,3,0.0
lMnL,1,11,12,0.08
lMnM,32,24,56,0.57
lMnN,33,35,68,0.49
lMnP,30,40,70,0.43
lMnS,22,25,47,0.47
lMnb,15,17,32,0.47
lMnh,4,1,5,0.8
lMnl,6,5,11,0.55
lMnm,30,17,47,0.64
lMnn,45,29,74,0.61
lMns,14,20,34,0.41
lMnt,1,0,1,1.0
lMsB,10,15,25,0.4
lMsD,2,3,5,0.4
lMsH,15,18,33,0.45
lMsI,2,1,3,0.67
lMsL,5,3,8,0.62
lMsM,15,28,43,0.35
lMsN,13,12,25,0.52
lMsP,11,18,29,0.38
lMsS,24,17,41,0.59
lMsb,8,4,12,0.67
lMsh,0,1,1,0.0
lMsl,3,2,5,0.6
lMsm,18,9,27,0.67
lMsn,9,20,29,0.31
lMss,20,14,34,0.59
lMtB,1,1,2,0.5
lMtH,4,3,7,0.57
lMtL,0,1,1,0.0
lMtM,2,3,5,0.4
lMtN,2,2,4,0.5
lMtP,2,5,7,0.29
lMtS,1,2,3,0.33
lMtb,5,0,5,1.0
lMtl,1,0,1,1.0
lMtm,1,2,3,0.33
lMtn,3,3,6,0.5
lMts,1,5,6,0.17
lMtt,2,1,3,0.67
lNBB,15,16,31,0.48
lNBD,4,2,6,0.67
lNBK,2,5,7,0.29
lNBL,7,2,9,0.78
lNBM,13,12,25,0.52
lNBN,21,30,51,0.41
lNBP,22,26,48,0.46
lNBS,2,9,11,0.18
lNBb,14,14,28,0.5
lNBh,1,3,4,0.25
lNBj,3,5,8,0.38
lNBl,2,5,7,0.29
lNBm,12,13,25,0.48
lNBn,25,28,53,0.47
lNBs,11,10,21,0.52
lNBt,2,3,5,0.4
lNDB,1,0,1,1.0
lNDH,3,1,4,0.75
lNDI,2,0,2,1.0
lNDL,0,2,2,0.0
lNDM,2,2,4,0.5
lNDN,2,6,8,0.25
lNDP,4,3,7,0.57
lNDS,1,5,6,0.17
lNDb,2,1,3,0.67
lNDl,2,0,2,1.0
lNDm,2,3,5,0.4
lNDn,2,3,5,0.4
lNDs,5,3,8,0.62
lNHB,3,5,8,0.38
lNHD,0,1,1,0.0
lNHH,0,1,1,0.0
lNHI,0,1,1,0.0
lNHK,1,0,1,1.0
lNHL,1,1,2,0.5
lNHM,2,6,8,0.25
lNHN,6,2,8,0.75
lNHP,9,7,16,0.56
lNHS,2,3,5,0.4
lNHb,3,2,5,0.6
lNHh,1,0,1,1.0
lNHl,2,4,6,0.33
lNHm,4,4,8,0.5
lNHn,2,2,4,0.5
lNHs,8,1,9,0.89
lNHt,1,1,2,0.5
lNIB,1,0,1,1.0
lNIH,1,0,1,1.0
lNIN,1,0,1,1.0
lNIP,0,1,1,0.0
lNIS,1,0,1,1.0
lNIb,1,1,2,0.5
lNIh,0,1,1,0.0
lNIm,1,1,2,0.5
lNIn,1,1,2,0.5
lNIs,0,1,1,0.0
lNIt,1,0,1,1.0
lNKB,2,1,3,0.67
lNKD,0,0,0,
lNKH,0,2,2,0.0
lNKL,1,2,3,0.33
lNKM,2,3,5,0.4
lNKN,4,0,4,1.0
lNKP,3,1,4,0.75
lNKS,2,0,2,1.0
lNKb,1,0,1,1.0
lNKl,1,3,4,0.25
lNKm,1,1,2,0.5
lNKn,2,2,4,0.5
lNKs,1,0,1,1.0
lNKt,1,1,2,0.5
lNLB,2,4,6,0.33
lNLD,2,0,2,1.0
lNLK,0,2,2,0.0
lNLL,2,2,4,0.5
lNLM,6,8,14,0.43
lNLN,7,10,17,0.41
lNLP,8,10,18,0.44
lNLS,2,2,4,0.5
lNLb,3,3,6,0.5
lNLh,3,1,4,0.75
lNLj,0,0,0,
lNLl,3,4,7,0.43
lNLm,7,2,9,0.78
lNLn,11,12,23,0.48
lNLs,9,4,13,0.69
lNLt,2,0,2,1.0
lNMB,12,15,27,0.44
lNMD,2,2,4,0.5
lNMK,0,0,0,
lNML,3,8,11,0.27
lNMM,21,15,36,0.58
lNMN,20,14,34,0.59
lNMP,27,28,55,0.49
lNMS,11,13,24,0.46
lNMb,11,11,22,0.5
lNMh,16,12,28,0.57
lNMj,2,0,2,1.0
lNMl,5,3,8,0.62
lNMm,25,19,44,0.57
lNMn,37,25,62,0.6
lNMs,19,20,39,0.49
lNMt,4,3,7,0.57
lNNB,9,14,23,0.39
lNND,3,3,6,0.5
lNNH,4,8,12,0.33
lNNI,0,0,0,
lNNK,0,2,2,0.0
lNNL,8,4,12,0.67
lNNM,22,29,51,0.43
lNNN,29,31,60,0.48
lNNP,29,23,52,0.56
lNNS,20,25,45,0.44
lNNb,20,14,34,0.59
lNNh,7,7,14,0.5
lNNl,6,4,10,0.6
lNNm,20,21,41,0.49
lNNn,19,32,51,0.37
lNNs,20,22,42,0.48
lNNt,3,8,11,0.27
lNPB,22,15,37,0.59
lNPD,0,2,2,0.0
lNPH,5,10,15,0.33
lNPI,4,4,8,0.5
lNPK,1,1,2,0.5
lNPL,7,10,17,0.41
lNPM,17,34,51,0.33
lNPN,22,40,62,0.35
lNPP,37,50,87,0.43
lNPS,26,24,50,0.52
lNPb,24,16,40,0.6
lNPh,1,11,12,0.08
lNPl,13,7,20,0.65
lNPm,30,22,52,0.58
lNPn,28,31,59,0.47
lNPs,21,19,40,0.52
lNPt,5,1,6,0.83
lNSB,18,10,28,0.64
lNSD,1,5,6,0.17
lNSH,9,8,17,0.53
lNSI,1,0,1,1.0
lNSK,0,1,1,0.0
lNSL,6,4,10,0.6
lNSM,12,18,30,0.4
lNSN,11,16,27,0.41
lNSP,18,23,41,0.44
lNSS,26,23,49,0.53
lNSb,3,9,12,0.25
lNSh,7,11,18,0.39
lNSl,3,7,10,0.3
lNSm,17,20,37,0.46
lNSn,19,20,39,0.49
lNSs,23,12,35,0.66
lNSt,5,5,10,0.5
lNbB,19,14,33,0.58
lNbD,3,1,4,0.75
lNbH,5,3,8,0.62
lNbI,1,7,8,0.12
lNbJ,6,8,14,0.43
lNbK,1,2,3,0.33
lNbL,2,7,9,0.22
lNbM,19,23,42,0.45
lNbN,17,17,34,0.5
lNbP,20,25,45,0.44
lNbS,9,14,23,0.39
lNbb,25,16,41,0.61
lNbl,4,2,6,0.67
lNbm,22,14,36,0.61
lNbn,19,14,33,0.58
lNbs,5,7,12,0.42
lNhB,4,7,11,0.36
lNhD,2,1,3,0.67
lNhH,2,3,5,0.4
lNhI,0,2,2,0.0
lNhL,0,1,1,0.0
lNhM,3,6,9,0.33
lNhN,3,4,7,0.43
lNhP,7,5,12,0.58
lNhS,5,4,9,0.56
lNhb,3,1,4,0.75
lNhh,7,4,11,0.64
lNhl,1,1,2,0.5
lNhm,9,10,19,0.47
lNhn,7,7,14,0.5
lNhs,12,6,18,0.67
lNht,1,0,1,1.0
lNlB,5,5,10,0.5
lNlD,0,1,1,0.0
lNlH,6,6,12,0.5
lNlI,0,1,1,0.0
lNlJ,4,4,8,0.5
lNlK,1,0,1,1.0
lNlL,3,2,5,0.6
lNlM,4,4,8,0.5
lNlN,5,9,14,0.36
lNlP,6,6,12,0.5
lNlS,6,5,11,0.55
lNlb,3,3,6,0.5
lNll,3,2,5,0.6
lNlm,7,4,11,0.64
lNln,5,2,7,0.71
lNls,4,6,10,0.4
lNmB,13,14,27,0.48
lNmD,5,3,8,0.62
lNmH,10,8,18,0.56
lNmI,1,4,5,0.2
lNmJ,6,5,11,0.55
lNmK,1,0,1,1.0
lNmL,4,7,11,0.36
lNmM,19,26,45,0.42
lNmN,19,29,48,0.4
lNmP,28,25,53,0.53
lNmS,16,14,30,0.53
lNmb,13,22,35,0.37
lNml,4,6,10,0.4
lNmm,13,20,33,0.39
lNmn,16,18,34,0.47
lNms,11,13,24,0.46
lNnB,18,23,41,0.44
lNnD,3,1,4,0.75
lNnH,14,11,25,0.56
lNnI,6,2,8,0.75
lNnK,0,1,1,0.0
lNnL,7,6,13,0.54
lNnM,24,24,48,0.5
lNnN,37,29,66,0.56
lNnP,33,40,73,0.45
lNnS,23,27,50,0.46
lNnb,23,12,35,0.66
lNnh,4,0,4,1.0
lNnl,6,6,12,0.5
lNnm,25,16,41,0.61
lNnn,22,35,57,0.39
lNns,18,17,35,0.51
lNsB,6,16,22,0.27
lNsD,5,5,10,0.5
lNsH,19,19,38,0.5
lNsI,8,3,11,0.73
lNsK,1,0,1,1.0
lNsL,6,5,11,0.55
lNsM,20,18,38,0.53
lNsN,26,13,39,0.67
lNsP,21,4,25,0.84
lNsS,18,24,42,0.43
lNsb,11,16,27,0.41
lNsh,1,1,2,0.5
lNsl,4,3,7,0.57
lNsm,14,21,35,0.4
lNsn,20,14,34,0.59
lNss,15,21,36,0.42
lNtB,1,2,3,0.33
lNtH,1,2,3,0.33
lNtI,0,0,0,
lNtK,0,1,1,0.0
lNtL,2,1,3,0.67
lNtM,5,6,11,0.45
lNtN,6,2,8,0.75
lNtP,5,7,12,0.42
lNtS,5,3,8,0.62
lNtb,0,4,4,0.0
lNth,1,3,4,0.25
lNtl,3,2,5,0.6
lNtm,3,2,5,0.6
lNtn,4,6,10,0.4
lNts,2,3,5,0.4
lPBB,17,18,35,0.49
lPBD,5,1,6,0.83
lPBH,0,1,1,0.0
lPBK,5,2,7,0.71
lPBL,8,6,14,0.57
lPBM,11,15,26,0.42
lPBN,11,21,32,0.34
lPBP,18,19,37,0.49
lPBS,10,7,17,0.59
lPBb,17,13,30,0.57
lPBh,0,1,1,0.0
lPBj,1,2,3,0.33
lPBl,7,12,19,0.37
lPBm,22,21,43,0.51
lPBn,24,19,43,0.56
lPBs,9,9,18,0.5
lPDB,2,2,4,0.5
lPDD,0,0,0,
lPDH,2,0,2,1.0
lPDL,2,1,3,0.67
lPDM,1,3,4,0.25
lPDN,3,2,5,0.6
lPDP,1,4,5,0.2
lPDS,2,1,3,0.67
lPDh,0,0,0,
lPDl,2,1,3,0.67
lPDm,4,2,6,0.67
lPDn,2,1,3,0.67
lPDs,3,1,4,0.75
lPDt,0,1,1,0.0
lPHB,5,7,12,0.42
lPHD,0,1,1,0.0
lPHH,1,1,2,0.5
lPHI,0,2,2,0.0
lPHK,0,1,1,0.0
lPHL,3,1,4,0.75
lPHM,5,9,14,0.36
lPHN,6,5,11,0.55
lPHP,4,4,8,0.5
lPHS,5,4,9,0.56
lPHb,3,3,6,0.5
lPHh,2,1,3,0.67
lPHl,2,3,5,0.4
lPHm,2,1,3,0.67
lPHn,4,7,11,0.36
lPHs,11,2,13,0.85
lPHt,1,0,1,1.0
lPIB,2,3,5,0.4
lPID,1,0,1,1.0
lPIH,2,0,2,1.0
lPII,1,1,2,0.5
lPIL,1,0,1,1.0
lPIM,3,1,4,0.75
lPIN,5,2,7,0.71
lPIP,1,2,3,0.33
lPIS,0,0,0,
lPIb,1,1,2,0.5
lPIl,2,1,3,0.67
lPIm,2,3,5,0.4
lPIn,1,2,3,0.33
lPIs,1,0,1,1.0
lPIt,1,0,1,1.0
lPKB,1,0,1,1.0
lPKL,1,2,3,0.33
lPKM,6,6,12,0.5
lPKN,2,2,4,0.5
lPKP,3,5,8,0.38
lPKS,1,4,5,0.2
lPKb,2,2,4,0.5
lPKh,1,1,2,0.5
lPKl,2,1,3,0.67
lPKm,2,2,4,0.5
lPKs,1,4,5,0.2
lPLB,5,9,14,0.36
lPLD,1,0,1,1.0
lPLK,0,1,1,0.0
lPLL,6,2,8,0.75
lPLM,8,10,18,0.44
lPLN,7,13,20,0.35
lPLP,9,13,22,0.41
lPLS,7,4,11,0.64
lPLb,3,10,13,0.23
lPLh,2,4,6,0.33
lPLj,1,0,1,1.0
lPLl,1,4,5,0.2
lPLm,12,10,22,0.55
lPLn,8,6,14,0.57
lPLs,2,7,9,0.22
lPLt,1,0,1,1.0
lPMB,12,17,29,0.41
lPMD,0,7,7,0.0
lPMK,0,1,1,0.0
lPML,5,5,10,0.5
lPMM,14,25,39,0.36
lPMN,13,24,37,0.35
lPMP,15,21,36,0.42
lPMS,12,5,17,0.71
lPMb,22,15,37,0.59
lPMh,23,15,38,0.61
lPMj,1,4,5,0.2
lPMl,6,7,13,0.46
lPMm,33,30,63,0.52
lPMn,25,31,56,0.45
lPMs,10,18,28,0.36
lPMt,2,3,5,0.4
lPNB,23,12,35,0.66
lPND,3,0,3,1.0
lPNH,4,2,6,0.67
lPNI,1,0,1,1.0
lPNK,2,4,6,0.33
lPNL,3,7,10,0.3
lPNM,16,16,32,0.5
lPNN,16,18,34,0.47
lPNP,34,24,58,0.59
lPNS,15,13,28,0.54
lPNb,12,16,28,0.43
lPNh,4,5,9,0.44
lPNl,11,6,17,0.65
lPNm,19,15,34,0.56
lPNn,27,23,50,0.54
lPNs,15,20,35,0.43
lPNt,4,0,4,1.0
lPPB,23,15,38,0.61
lPPD,2,4,6,0.33
lPPH,6,9,15,0.4
lPPI,5,3,8,0.62
lPPK,2,2,4,0.5
lPPL,8,17,25,0.32
lPPM,37,35,72,0.51
lPPN,24,30,54,0.44
lPPP,39,32,71,0.55
lPPS,18,21,39,0.46
lPPb,23,20,43,0.53
lPPh,2,3,5,0.4
lPPl,20,16,36,0.56
lPPm,34,31,65,0.52
lPPn,17,15,32,0.53
lPPs,12,18,30,0.4
lPPt,2,5,7,0.29
lPSB,11,7,18,0.61
lPSD,5,3,8,0.62
lPSH,6,2,8,0.75
lPSI,1,0,1,1.0
lPSL,7,4,11,0.64
lPSM,11,23,34,0.32
lPSN,10,13,23,0.43
lPSP,19,17,36,0.53
lPSS,13,15,28,0.46
lPSb,12,15,27,0.44
lPSh,10,5,15,0.67
lPSl,2,4,6,0.33
lPSm,21,10,31,0.68
lPSn,16,12,28,0.57
lPSs,17,12,29,0.59
lPSt,2,3,5,0.4
lPbB,16,20,36,0.44
lPbD,1,0,1,1.0
lPbH,4,6,10,0.4
lPbI,4,3,7,0.57
lPbJ,2,6,8,0.25
lPbK,2,2,4,0.5
lPbL,6,8,14,0.43
lPbM,29,20,49,0.59
lPbN,15,22,37,0.41
lPbP,18,18,36,0.5
lPbS,8,6,14,0.57
lPbb,26,21,47,0.55
lPbl,12,3,15,0.8
lPbm,21,16,37,0.57
lPbn,16,16,32,0.5
lPbs,14,8,22,0.64
lPhB,3,4,7,0.43
lPhD,1,1,2,0.5
lPhH,0,0,0,
lPhL,1,2,3,0.33
lPhM,3,3,6,0.5
lPhN,1,3,4,0.25
lPhP,1,1,2,0.5
lPhS,3,4,7,0.43
lPhb,1,1,2,0.5
lPhh,1,1,2,0.5
lPhl,2,1,3,0.67
lPhm,2,3,5,0.4
lPhn,1,4,5,0.2
lPhs,1,2,3,0.33
lPht,1,1,2,0.5
lPlB,4,12,16,0.25
lPlH,3,2,5,0.6
lPlI,3,1,4,0.75
lPlJ,0,5,5,0.0
lPlL,5,5,10,0.5
lPlM,7,6,13,0.54
lPlN,7,10,17,0.41
lPlP,5,14,19,0.26
lPlS,9,4,13,0.69
lPlb,8,9,17,0.47
lPll,3,3,6,0.5
lPlm,6,8,14,0.43
lPln,9,2,11,0.82
lPls,2,4,6,0.33
lPmB,22,22,44,0.5
lPmD,3,2,5,0.6
lPmH,14,15,29,0.48
lPmI,1,0,1,1.0
lPmJ,4,7,11,0.36
lPmK,0,1,1,0.0
lPmL,5,7,12,0.42
lPmM,25,31,56,0.45
lPmN,24,18,42,0.57
lPmP,23,30,53,0.43
lPmS,18,16,34,0.53
lPmb,23,13,36,0.64
lPmh,0,1,1,0.0
lPml,4,9,13,0.31
lPmm,19,15,34,0.56
lPmn,16,14,30,0.53
lPms,5,9,14,0.36
lPnB,9,14,23,0.39
lPnD,2,2,4,0.5
lPnH,4,10,14,0.29
lPnI,5,1,6,0.83
lPnL,5,7,12,0.42
lPnM,16,19,35,0.46
lPnN,20,33,53,0.38
lPnP,30,24,54,0.56
lPnS,16,16,32,0.5
lPnb,18,13,31,0.58
lPnh,0,2,2,0.0
lPnl,10,5,15,0.67
lPnm,17,14,31,0.55
lPnn,13,11,24,0.54
lPns,12,16,28,0.43
lPsB,9,10,19,0.47
lPsD,1,3,4,0.25
lPsH,6,15,21,0.29
lPsI,1,1,2,0.5
lPsK,1,0,1,1.0
lPsL,4,11,15,0.27
lPsM,11,12,23,0.48
lPsN,23,14,37,0.62
lPsP,13,16,29,0.45
lPsS,17,25,42,0.4
lPsb,11,11,22,0.5
lPsh,0,1,1,0.0
lPsl,7,4,11,0.64
lPsm,10,10,20,0.5
lPsn,10,12,22,0.45
lPss,11,14,25,0.44
lPtB,0,3,3,0.0
lPtD,0,1,1,0.0
lPtH,1,3,4,0.25
lPtK,1,0,1,1.0
lPtL,2,0,2,1.0
lPtM,1,1,2,0.5
lPtN,1,0,1,1.0
lPtP,3,6,9,0.33
lPtS,0,4,4,0.0
lPtb,3,2,5,0.6
lPtm,3,0,3,1.0
lPtn,2,0,2,1.0
lPts,1,1,2,0.5
lPtt,0,1,1,0.0
lSBB,8,6,14,0.57
lSBD,2,1,3,0.67
lSBK,2,1,3,0.67
lSBL,3,2,5,0.6
lSBM,9,15,24,0.38
lSBN,8,6,14,0.57
lSBP,12,14,26,0.46
lSBS,7,9,16,0.44
lSBb,12,7,19,0.63
lSBh,0,0,0,
lSBj,1,1,2,0.5
lSBl,3,1,4,0.75
lSBm,11,9,20,0.55
lSBn,11,9,20,0.55
lSBs,5,5,10,0.5
lSBt,3,2,5,0.6
lSDB,3,3,6,0.5
lSDD,0,0,0,
lSDH,2,2,4,0.5
lSDM,1,2,3,0.33
lSDN,4,5,9,0.44
lSDP,1,2,3,0.33
lSDS,4,3,7,0.57
lSDb,1,2,3,0.33
lSDl,0,2,2,0.0
lSDm,5,2,7,0.71
lSDn,3,1,4,0.75
lSDs,0,4,4,0.0
lSHB,5,0,5,1.0
lSHD,2,4,6,0.33
lSHH,1,1,2,0.5
lSHI,0,0,0,
lSHL,3,2,5,0.6
lSHM,9,4,13,0.69
lSHN,6,2,8,0.75
lSHP,5,8,13,0.38
lSHS,2,5,7,0.29
lSHb,3,1,4,0.75
lSHh,1,2,3,0.33
lSHl,2,5,7,0.29
lSHm,7,6,13,0.54
lSHn,4,7,11,0.36
lSHs,5,2,7,0.71
lSHt,0,2,2,0.0
lSIB,3,0,3,1.0
lSIH,1,1,2,0.5
lSIM,1,0,1,1.0
lSIN,1,1,2,0.5
lSIP,0,1,1,0.0
lSIS,0,1,1,0.0
lSIh,0,0,0,
lSIn,1,0,1,1.0
lSIs,1,0,1,1.0
lSKH,0,1,1,0.0
lSKM,1,2,3,0.33
lSKP,0,1,1,0.0
lSKn,1,1,2,0.5
lSKs,0,1,1,0.0
lSKt,1,0,1,1.0
lSLB,0,9,9,0.0
lSLD,1,2,3,0.33
lSLK,2,0,2,1.0
lSLL,4,2,6,0.67
lSLM,2,8,10,0.2
lSLN,6,6,12,0.5
lSLP,5,2,7,0.71
lSLS,2,2,4,0.5
lSLb,4,4,8,0.5
lSLh,2,2,4,0.5
lSLj,2,1,3,0.67
lSLl,6,0,6,1.0
lSLm,8,8,16,0.5
lSLn,6,6,12,0.5
lSLs,5,1,6,0.83
lSLt,1,3,4,0.25
lSMB,13,13,26,0.5
lSMD,4,2,6,0.67
lSMK,1,0,1,1.0
lSML,4,5,9,0.44
lSMM,10,15,25,0.4
lSMN,11,23,34,0.32
lSMP,14,13,27,0.52
lSMS,14,22,36,0.39
lSMb,8,18,26,0.31
lSMh,11,6,17,0.65
lSMj,1,0,1,1.0
lSMl,11,5,16,0.69
lSMm,21,8,29,0.72
lSMn,25,19,44,0.57
lSMs,13,15,28,0.46
lSMt,1,0,1,1.0
lSNB,11,10,21,0.52
lSND,3,1,4,0.75
lSNH,3,1,4,0.75
lSNK,1,2,3,0.33
lSNL,4,3,7,0.57
lSNM,9,5,14,0.64
lSNN,15,11,26,0.58
lSNP,23,11,34,0.68
lSNS,16,8,24,0.67
lSNb,5,6,11,0.45
lSNh,2,3,5,0.4
lSNl,3,5,8,0.38
lSNm,14,6,20,0.7
lSNn,23,23,46,0.5
lSNs,21,13,34,0.62
lSNt,3,2,5,0.6
lSPB,12,13,25,0.48
lSPD,1,3,4,0.25
lSPH,4,7,11,0.36
lSPI,1,2,3,0.33
lSPK,2,1,3,0.67
lSPL,5,6,11,0.45
lSPM,10,15,25,0.4
lSPN,11,14,25,0.44
lSPP,15,17,32,0.47
lSPS,18,15,33,0.55
lSPb,10,11,21,0.48
lSPh,4,3,7,0.57
lSPl,9,7,16,0.56
lSPm,17,8,25,0.68
lSPn,11,11,22,0.5
lSPs,6,13,19,0.32
lSPt,5,2,7,0.71
lSSB,11,20,31,0.35
lSSD,2,1,3,0.67
lSSH,5,9,14,0.36
lSSI,1,0,1,1.0
lSSK,1,0,1,1.0
lSSL,7,6,13,0.54
lSSM,20,21,41,0.49
lSSN,11,21,32,0.34
lSSP,14,18,32,0.44
lSSS,26,24,50,0.52
lSSb,11,8,19,0.58
lSSh,4,12,16,0.25
lSSl,11,6,17,0.65
lSSm,23,15,38,0.61
lSSn,13,18,31,0.42
lSSs,28,13,41,0.68
lSSt,1,3,4,0.25
lSbB,6,7,13,0.46
lSbD,2,0,2,1.0
lSbH,2,3,5,0.4
lSbI,2,1,3,0.67
lSbJ,3,3,6,0.5
lSbK,0,1,1,0.0
lSbL,4,4,8,0.5
lSbM,10,14,24,0.42
lSbN,9,15,24,0.38
lSbP,8,11,19,0.42
lSbS,5,12,17,0.29
lSbb,16,9,25,0.64
lSbl,4,0,4,1.0
lSbm,11,7,18,0.61
lSbn,8,9,17,0.47
lSbs,7,6,13,0.54
lShB,5,5,10,0.5
lShD,1,2,3,0.33
lShH,2,3,5,0.4
lShL,3,1,4,0.75
lShM,10,9,19,0.53
lShN,6,5,11,0.55
lShP,8,10,18,0.44
lShS,10,9,19,0.53
lShb,3,7,10,0.3
lShh,6,6,12,0.5
lShl,1,1,2,0.5
lShm,9,7,16,0.56
lShn,7,6,13,0.54
lShs,14,9,23,0.61
lSht,1,1,2,0.5
lSlB,3,6,9,0.33
lSlD,2,0,2,1.0
lSlH,3,6,9,0.33
lSlJ,0,0,0,
lSlK,1,0,1,1.0
lSlL,2,2,4,0.5
lSlM,4,7,11,0.36
lSlN,3,4,7,0.43
lSlP,6,5,11,0.55
lSlS,1,5,6,0.17
lSlb,8,4,12,0.67
lSll,0,3,3,0.0
lSlm,8,5,13,0.62
lSln,5,4,9,0.56
lSls,4,2,6,0.67
lSmB,11,11,22,0.5
lSmD,5,4,9,0.56
lSmH,5,14,19,0.26
lSmI,0,2,2,0.0
lSmJ,4,2,6,0.67
lSmK,1,1,2,0.5
lSmL,5,5,10,0.5
lSmM,18,15,33,0.55
lSmN,12,15,27,0.44
lSmP,19,12,31,0.61
lSmS,15,11,26,0.58
lSmb,13,17,30,0.43
lSmh,0,2,2,0.0
lSml,7,2,9,0.78
lSmm,17,7,24,0.71
lSmn,14,8,22,0.64
lSms,13,11,24,0.54
lSnB,16,12,28,0.57
lSnD,3,3,6,0.5
lSnH,10,2,12,0.83
lSnI,4,5,9,0.44
lSnK,3,3,6,0.5
lSnL,7,5,12,0.58
lSnM,14,14,28,0.5
lSnN,12,14,26,0.46
lSnP,10,17,27,0.37
lSnS,14,17,31,0.45
lSnb,8,8,16,0.5
lSnl,4,4,8,0.5
lSnm,14,10,24,0.58
lSnn,11,13,24,0.46
lSns,9,9,18,0.5
lSsB,14,13,27,0.52
lSsD,1,2,3,0.33
lSsH,15,12,27,0.56
lSsI,2,1,3,0.67
lSsK,0,0,0,
lSsL,6,6,12,0.5
lSsM,11,26,37,0.3
lSsN,15,16,31,0.48
lSsP,22,15,37,0.59
lSsS,20,31,51,0.39
lSsb,15,9,24,0.62
lSsh,2,0,2,1.0
lSsl,16,4,20,0.8
lSsm,23,15,38,0.61
lSsn,13,17,30,0.43
lSss,19,19,38,0.5
lSst,2,0,2,1.0
lStB,0,3,3,0.0
lStH,3,2,5,0.6
lStK,0,1,1,0.0
lStL,1,0,1,1.0
lStM,4,1,5,0.8
lStN,6,3,9,0.67
lStP,2,4,6,0.33
lStS,4,4,8,0.5
lStb,1,3,4,0.25
lStm,1,0,1,1.0
lStn,4,2,6,0.67
lSts,3,0,3,1.0
lbBB,10,20,30,0.33
lbBD,2,0,2,1.0
lbBK,0,2,2,0.0
lbBL,6,6,12,0.5
lbBM,19,25,44,0.43
lbBN,31,23,54,0.57
lbBP,23,23,46,0.5
lbBS,10,12,22,0.45
lbBb,11,22,33,0.33
lbBh,2,3,5,0.4
lbBj,4,4,8,0.5
lbBl,4,4,8,0.5
lbBm,17,17,34,0.5
lbBn,30,18,48,0.62
lbBs,9,5,14,0.64
lbBt,4,2,6,0.67
lbDB,0,3,3,0.0
lbDH,2,0,2,1.0
lbDL,1,1,2,0.5
lbDM,1,2,3,0.33
lbDN,0,3,3,0.0
lbDP,4,1,5,0.8
lbDS,0,1,1,0.0
lbDb,1,3,4,0.25
lbDh,0,0,0,
lbDm,0,0,0,
lbDn,1,1,2,0.5
lbDs,1,0,1,1.0
lbDt,0,1,1,0.0
lbHB,2,1,3,0.67
lbHH,1,1,2,0.5
lbHI,0,1,1,0.0
lbHK,1,0,1,1.0
lbHL,1,2,3,0.33
lbHM,4,6,10,0.4
lbHN,1,1,2,0.5
lbHP,6,6,12,0.5
lbHS,2,1,3,0.67
lbHb,4,3,7,0.57
lbHh,3,1,4,0.75
lbHl,1,0,1,1.0
lbHm,1,7,8,0.12
lbHn,5,5,10,0.5
lbHs,1,3,4,0.25
lbIB,1,1,2,0.5
lbID,0,1,1,0.0
lbIH,2,1,3,0.67
lbIL,1,2,3,0.33
lbIM,1,3,4,0.25
lbIN,2,1,3,0.67
lbIP,0,0,0,
lbIS,1,1,2,0.5
lbIb,1,1,2,0.5
lbIl,2,1,3,0.67
lbIm,1,0,1,1.0
lbIs,0,1,1,0.0
lbJB,3,6,9,0.33
lbJD,2,0,2,1.0
lbJH,1,1,2,0.5
lbJK,1,0,1,1.0
lbJL,4,1,5,0.8
lbJM,5,4,9,0.56
lbJN,5,4,9,0.56
lbJP,8,4,12,0.67
lbJS,3,2,5,0.6
lbJb,4,5,9,0.44
lbJh,1,0,1,1.0
lbJl,1,1,2,0.5
lbJm,5,3,8,0.62
lbJn,3,5,8,0.38
lbJs,3,3,6,0.5
lbJt,1,0,1,1.0
lbKD,0,1,1,0.0
lbKH,1,0,1,1.0
lbKI,1,0,1,1.0
lbKL,1,0,1,1.0
lbKM,2,1,3,0.67
lbKN,3,2,5,0.6
lbKP,0,2,2,0.0
lbKS,2,1,3,0.67
lbKb,0,2,2,0.0
lbKh,4,2,6,0.67
lbKl,1,0,1,1.0
lbKm,2,1,3,0.67
lbKn,0,2,2,0.0
lbKs,0,2,2,0.0
lbKt,0,0,0,
lbLB,5,4,9,0.56
lbLD,1,0,1,1.0
lbLK,1,1,2,0.5
lbLL,0,2,2,0.0
lbLM,7,7,14,0.5
lbLN,7,11,18,0.39
lbLP,10,7,17,0.59
lbLS,4,4,8,0.5
lbLb,7,9,16,0.44
lbLh,2,3,5,0.4
lbLj,0,2,2,0.0
lbLl,1,5,6,0.17
lbLm,12,4,16,0.75
lbLn,9,10,19,0.47
lbLs,2,1,3,0.67
lbLt,1,1,2,0.5
lbMB,14,13,27,0.52
lbMD,0,2,2,0.0
lbML,6,3,9,0.67
lbMM,16,18,34,0.47
lbMN,18,21,39,0.46
lbMP,14,17,31,0.45
lbMS,9,8,17,0.53
lbMb,8,9,17,0.47
lbMh,21,18,39,0.54
lbMj,8,2,10,0.8
lbMl,5,9,14,0.36
lbMm,14,19,33,0.42
lbMn,24,31,55,0.44
lbMs,9,9,18,0.5
lbMt,3,1,4,0.75
lbNB,24,19,43,0.56
lbND,2,3,5,0.4
lbNH,7,3,10,0.7
lbNI,1,1,2,0.5
lbNK,2,1,3,0.67
lbNL,4,7,11,0.36
lbNM,26,18,44,0.59
lbNN,25,24,49,0.51
lbNP,31,23,54,0.57
lbNS,20,11,31,0.65
lbNb,20,17,37,0.54
lbNh,5,8,13,0.38
lbNl,9,6,15,0.6
lbNm,26,22,48,0.54
lbNn,23,19,42,0.55
lbNs,16,17,33,0.48
lbNt,5,2,7,0.71
lbPB,20,25,45,0.44
lbPD,1,1,2,0.5
lbPH,4,2,6,0.67
lbPI,1,2,3,0.33
lbPK,1,2,3,0.33
lbPL,7,10,17,0.41
lbPM,21,24,45,0.47
lbPN,23,21,44,0.52
lbPP,33,32,65,0.51
lbPS,17,12,29,0.59
lbPb,23,17,40,0.57
lbPh,1,4,5,0.2
lbPl,9,3,12,0.75
lbPm,19,14,33,0.58
lbPn,20,21,41,0.49
lbPs,9,10,19,0.47
lbPt,2,3,5,0.4
lbSB,6,6,12,0.5
lbSD,1,1,2,0.5
lbSH,3,4,7,0.43
lbSK,0,0,0,
lbSL,1,2,3,0.33
lbSM,3,9,12,0.25
lbSN,5,7,12,0.42
lbSP,5,14,19,0.26
lbSS,8,2,10,0.8
lbSb,11,7,18,0.61
lbSh,7,3,10,0.7
lbSl,5,3,8,0.62
lbSm,1,4,5,0.2
lbSn,13,6,19,0.68
lbSs,9,8,17,0.53
lbSt,3,2,5,0.6
lbbB,30,25,55,0.55
lbbD,2,1,3,0.67
lbbH,2,4,6,0.33
lbbI,3,0,3,1.0
lbbJ,7,5,12,0.58
lbbK,0,1,1,0.0
lbbL,6,4,10,0.6
lbbM,21,27,48,0.44
lbbN,28,31,59,0.47
lbbP,22,22,44,0.5
lbbS,4,8,12,0.33
lbbb,26,22,48,0.54
lbbl,7,2,9,0.78
lbbm,16,18,34,0.47
lbbn,29,15,44,0.66
lbbs,7,8,15,0.47
lbbt,0,1,1,0.0
lbhB,0,1,1,0.0
lbhS,0,0,0,
lblB,5,9,14,0.36
lblH,4,2,6,0.67
lblI,0,0,0,
lblJ,3,1,4,0.75
lblK,0,0,0,
lblL,2,1,3,0.67
lblM,7,7,14,0.5
lblN,10,5,15,0.67
lblP,4,9,13,0.31
lblS,2,2,4,0.5
lblb,6,8,14,0.43
lbll,2,1,3,0.67
lblm,6,5,11,0.55
lbln,2,3,5,0.4
lbls,3,2,5,0.6
lbmB,21,25,46,0.46
lbmD,2,3,5,0.4
lbmH,11,10,21,0.52
lbmI,2,0,2,1.0
lbmJ,2,3,5,0.4
lbmL,7,9,16,0.44
lbmM,15,15,30,0.5
lbmN,19,14,33,0.58
lbmP,27,6,33,0.82
lbmS,6,8,14,0.43
lbmb,16,17,33,0.48
lbml,2,4,6,0.33
lbmm,19,12,31,0.61
lbmn,20,10,30,0.67
lbms,3,0,3,1.0
lbmt,1,0,1,1.0
lbnB,16,14,30,0.53
lbnD,2,1,3,0.67
lbnH,8,9,17,0.47
lbnI,3,2,5,0.6
lbnK,0,1,1,0.0
lbnL,7,8,15,0.47
lbnM,15,19,34,0.44
lbnN,26,17,43,0.6
lbnP,27,27,54,0.5
lbnS,6,11,17,0.35
lbnb,22,13,35,0.63
lbnh,1,1,2,0.5
lbnl,6,2,8,0.75
lbnm,17,11,28,0.61
lbnn,15,17,32,0.47
lbns,13,12,25,0.52
lbsB,4,4,8,0.5
lbsD,0,0,0,
lbsH,11,7,18,0.61
lbsI,3,1,4,0.75
lbsL,5,2,7,0.71
lbsM,12,9,21,0.57
lbsN,9,8,17,0.53
lbsP,6,11,17,0.35
lbsS,9,7,16,0.56
lbsb,1,3,4,0.25
lbsl,3,4,7,0.43
lbsm,12,9,21,0.57
lbsn,1,3,4,0.25
lbss,10,7,17,0.59
lbst,1,0,1,1.0
lbtB,0,1,1,0.0
lbtb,0,1,1,0.0
lhBl,1,0,1,1.0
lhDm,1,0,1,1.0
lhHb,1,0,1,1.0
lhLM,0,0,0,
lhLP,0,1,1,0.0
lhMB,0,1,1,0.0
lhMM,1,1,2,0.5
lhMP,2,0,2,1.0
lhMS,0,1,1,0.0
lhMb,0,0,0,
lhMm,2,0,2,1.0
lhMn,0,1,1,0.0
lhNM,0,1,1,0.0
lhPP,0,1,1,0.0
lhPn,1,0,1,1.0
lhSP,0,1,1,0.0
lhSh,0,0,0,
lhSl,0,0,0,
lhSm,1,1,2,0.5
lhbJ,0,0,0,
lhbL,2,0,2,1.0
lhbN,1,0,1,1.0
lhbS,0,1,1,0.0
lhbl,0,1,1,0.0
lhbm,1,0,1,1.0
lhhP,1,0,1,1.0
lhhn,3,0,3,1.0
lhlJ,1,0,1,1.0
lhlP,1,0,1,1.0
lhmB,1,0,1,1.0
lhmM,0,1,1,0.0
lhmN,0,2,2,0.0
lhmP,1,0,1,1.0
lhmS,0,1,1,0.0
lhmn,1,0,1,1.0
lhms,0,1,1,0.0
lhnP,2,0,2,1.0
lhnS,0,0,0,
lhsS,1,1,2,0.5
lhtN,1,0,1,1.0
llBB,6,11,17,0.35
llBD,2,0,2,1.0
llBK,1,0,1,1.0
llBL,3,0,3,1.0
llBM,6,4,10,0.6
llBN,9,9,18,0.5
llBP,9,9,18,0.5
llBS,4,7,11,0.36
llBb,8,6,14,0.57
llBj,2,1,3,0.67
llBl,5,3,8,0.62
llBm,7,3,10,0.7
llBn,6,9,15,0.4
llBs,2,4,6,0.33
llBt,2,4,6,0.33
llDB,1,0,1,1.0
llDL,1,0,1,1.0
llDN,1,1,2,0.5
llDP,1,0,1,1.0
llDS,0,0,0,
llDm,1,1,2,0.5
llDn,0,1,1,0.0
llDs,1,0,1,1.0
llHB,8,2,10,0.8
llHD,2,0,2,1.0
llHL,3,2,5,0.6
llHM,1,4,5,0.2
llHN,4,1,5,0.8
llHP,1,3,4,0.25
llHS,4,2,6,0.67
llHb,3,1,4,0.75
llHh,2,1,3,0.67
llHl,1,3,4,0.25
llHm,3,8,11,0.27
llHn,1,4,5,0.2
llHs,1,6,7,0.14
llIB,0,1,1,0.0
llIH,0,1,1,0.0
llIL,1,0,1,1.0
llIM,3,1,4,0.75
llIN,2,0,2,1.0
llIP,0,1,1,0.0
llIS,0,3,3,0.0
llIb,1,0,1,1.0
llIm,1,0,1,1.0
llJB,1,1,2,0.5
llJD,1,0,1,1.0
llJK,0,1,1,0.0
llJL,2,1,3,0.67
llJM,2,2,4,0.5
llJN,1,2,3,0.33
llJP,4,6,10,0.4
llJS,2,0,2,1.0
llJb,2,1,3,0.67
llJl,0,1,1,0.0
llJm,3,0,3,1.0
llJn,0,1,1,0.0
llJs,2,1,3,0.67
llJt,1,0,1,1.0
llKB,0,1,1,0.0
llKN,1,0,1,1.0
llKP,0,1,1,0.0
llKh,1,0,1,1.0
llKm,2,0,2,1.0
llLB,1,1,2,0.5
llLD,0,1,1,0.0
llLL,1,0,1,1.0
llLM,2,0,2,1.0
llLN,4,6,10,0.4
llLP,3,4,7,0.43
llLS,3,4,7,0.43
llLb,2,2,4,0.5
llLh,1,0,1,1.0
llLj,1,3,4,0.25
llLl,1,2,3,0.33
llLm,2,2,4,0.5
llLn,5,4,9,0.56
llLs,1,0,1,1.0
llMB,5,5,10,0.5
llML,2,2,4,0.5
llMM,5,7,12,0.42
llMN,11,4,15,0.73
llMP,6,8,14,0.43
llMS,6,4,10,0.6
llMb,7,2,9,0.78
llMh,8,4,12,0.67
llMj,1,0,1,1.0
llMl,2,2,4,0.5
llMm,11,4,15,0.73
llMn,10,7,17,0.59
llMs,4,2,6,0.67
llMt,0,1,1,0.0
llNB,5,2,7,0.71
llND,1,1,2,0.5
llNK,0,1,1,0.0
llNL,0,1,1,0.0
llNM,5,8,13,0.38
llNN,14,4,18,0.78
llNP,8,5,13,0.62
llNS,2,7,9,0.22
llNb,6,4,10,0.6
llNh,2,2,4,0.5
llNl,2,2,4,0.5
llNm,8,4,12,0.67
llNn,5,7,12,0.42
llNs,5,4,9,0.56
llNt,2,0,2,1.0
llPB,9,6,15,0.6
llPD,1,0,1,1.0
llPH,2,4,6,0.33
llPI,3,1,4,0.75
llPK,2,0,2,1.0
llPL,3,3,6,0.5
llPM,4,12,16,0.25
llPN,6,9,15,0.4
llPP,8,9,17,0.47
llPS,2,5,7,0.29
llPb,6,6,12,0.5
llPl,2,3,5,0.4
llPm,9,6,15,0.6
llPn,5,4,9,0.56
llPs,4,1,5,0.8
llPt,0,2,2,0.0
llSB,4,3,7,0.57
llSD,2,0,2,1.0
llSH,0,5,5,0.0
llSL,3,2,5,0.6
llSM,7,4,11,0.64
llSN,0,7,7,0.0
llSP,2,8,10,0.2
llSS,2,5,7,0.29
llSb,1,3,4,0.25
llSh,1,3,4,0.25
llSl,2,1,3,0.67
llSm,3,4,7,0.43
llSn,4,1,5,0.8
llSs,6,4,10,0.6
llSt,1,1,2,0.5
llbB,14,9,23,0.61
llbH,1,2,3,0.33
llbJ,2,0,2,1.0
llbL,3,3,6,0.5
llbM,10,5,15,0.67
llbN,14,6,20,0.7
llbP,7,7,14,0.5
llbS,2,4,6,0.33
llbb,6,10,16,0.38
llbl,2,1,3,0.67
llbm,8,3,11,0.73
llbn,5,2,7,0.71
llbs,3,4,7,0.43
llhb,1,0,1,1.0
lllB,4,3,7,0.57
lllK,0,1,1,0.0
lllL,0,1,1,0.0
lllM,2,1,3,0.67
lllN,1,2,3,0.33
lllP,0,2,2,0.0
lllS,1,2,3,0.33
lllb,4,1,5,0.8
lllm,3,0,3,1.0
llln,0,5,5,0.0
llls,1,2,3,0.33
llmB,7,5,12,0.58
llmD,0,1,1,0.0
llmH,4,4,8,0.5
llmI,1,1,2,0.5
llmJ,1,2,3,0.33
llmK,1,0,1,1.0
llmL,3,1,4,0.75
llmM,7,5,12,0.58
llmN,8,4,12,0.67
llmP,10,4,14,0.71
llmS,1,3,4,0.25
llmb,7,6,13,0.54
llml,1,3,4,0.25
llmm,10,3,13,0.77
llmn,3,1,4,0.75
llms,5,2,7,0.71
llnB,8,6,14,0.57
llnH,1,3,4,0.25
llnI,1,0,1,1.0
llnK,1,0,1,1.0
llnL,0,2,2,0.0
llnM,9,3,12,0.75
llnN,2,7,9,0.22
llnP,2,7,9,0.22
llnS,4,6,10,0.4
llnb,8,6,14,0.57
llnh,0,1,1,0.0
llnl,2,2,4,0.5
llnm,3,4,7,0.43
llnn,7,4,11,0.64
llns,8,1,9,0.89
llsB,1,3,4,0.25
llsH,2,2,4,0.5
llsL,0,2,2,0.0
llsM,5,1,6,0.83
llsN,3,2,5,0.6
llsP,4,0,4,1.0
llsS,6,3,9,0.67
llsb,4,3,7,0.57
llsh,0,1,1,0.0
llsl,2,2,4,0.5
llsm,3,4,7,0.43
llsn,4,4,8,0.5
llss,3,4,7,0.43
lmBB,8,19,27,0.3
lmBD,5,2,7,0.71
lmBH,0,0,0,
lmBK,6,3,9,0.67
lmBL,4,2,6,0.67
lmBM,20,21,41,0.49
lmBN,14,29,43,0.33
lmBP,13,14,27,0.48
lmBS,12,11,23,0.52
lmBb,18,13,31,0.58
lmBh,2,2,4,0.5
lmBj,5,2,7,0.71
lmBl,8,4,12,0.67
lmBm,16,20,36,0.44
lmBn,26,19,45,0.58
lmBs,10,9,19,0.53
lmBt,6,5,11,0.55
lmDB,1,2,3,0.33
lmDD,1,0,1,1.0
lmDH,3,3,6,0.5
lmDL,1,1,2,0.5
lmDM,2,5,7,0.29
lmDN,2,4,6,0.33
lmDP,0,1,1,0.0
lmDS,3,1,4,0.75
lmDb,3,2,5,0.6
lmDl,2,2,4,0.5
lmDm,3,1,4,0.75
lmDn,4,0,4,1.0
lmDs,1,1,2,0.5
lmHB,13,5,18,0.72
lmHD,1,1,2,0.5
lmHH,4,3,7,0.57
lmHI,0,0,0,
lmHK,2,2,4,0.5
lmHL,7,1,8,0.88
lmHM,13,10,23,0.57
lmHN,9,7,16,0.56
lmHP,19,15,34,0.56
lmHS,9,8,17,0.53
lmHb,10,12,22,0.45
lmHh,9,9,18,0.5
lmHl,2,2,4,0.5
lmHm,13,17,30,0.43
lmHn,17,10,27,0.63
lmHs,11,11,22,0.5
lmHt,1,0,1,1.0
lmIB,4,0,4,1.0
lmIH,5,0,5,1.0
lmIL,2,0,2,1.0
lmIM,2,2,4,0.5
lmIN,4,2,6,0.67
lmIP,1,1,2,0.5
lmIS,1,1,2,0.5
lmIb,2,3,5,0.4
lmIl,0,1,1,0.0
lmIm,0,3,3,0.0
lmIn,2,1,3,0.67
lmIs,3,2,5,0.6
lmIt,1,0,1,1.0
lmJB,4,2,6,0.67
lmJD,1,1,2,0.5
lmJH,2,0,2,1.0
lmJI,1,1,2,0.5
lmJK,0,1,1,0.0
lmJL,1,1,2,0.5
lmJM,4,2,6,0.67
lmJN,4,3,7,0.57
lmJP,2,5,7,0.29
lmJS,1,1,2,0.5
lmJb,6,6,12,0.5
lmJl,0,1,1,0.0
lmJm,3,1,4,0.75
lmJn,4,3,7,0.57
lmJs,4,2,6,0.67
lmJt,1,1,2,0.5
lmKB,0,1,1,0.0
lmKM,2,0,2,1.0
lmKh,1,0,1,1.0
lmKl,1,0,1,1.0
lmKm,0,0,0,
lmKs,1,0,1,1.0
lmLB,5,5,10,0.5
lmLD,2,0,2,1.0
lmLK,0,0,0,
lmLL,6,2,8,0.75
lmLM,2,5,7,0.29
lmLN,10,12,22,0.45
lmLP,6,5,11,0.55
lmLS,2,5,7,0.29
lmLb,4,3,7,0.57
lmLh,2,1,3,0.67
lmLj,1,5,6,0.17
lmLl,2,3,5,0.4
lmLm,9,8,17,0.53
lmLn,12,10,22,0.55
lmLs,5,4,9,0.56
lmLt,1,0,1,1.0
lmMB,13,20,33,0.39
lmMD,5,3,8,0.62
lmMK,0,1,1,0.0
lmML,5,0,5,1.0
lmMM,15,18,33,0.45
lmMN,22,20,42,0.52
lmMP,25,30,55,0.45
lmMS,14,15,29,0.48
lmMb,16,19,35,0.46
lmMh,10,21,31,0.32
lmMj,2,2,4,0.5
lmMl,7,5,12,0.58
lmMm,20,22,42,0.48
lmMn,34,32,66,0.52
lmMs,10,16,26,0.38
lmMt,8,0,8,1.0
lmNB,16,12,28,0.57
lmND,4,2,6,0.67
lmNH,4,4,8,0.5
lmNI,1,1,2,0.5
lmNK,3,3,6,0.5
lmNL,4,8,12,0.33
lmNM,20,20,40,0.5
lmNN,24,17,41,0.59
lmNP,28,24,52,0.54
lmNS,15,16,31,0.48
lmNb,20,10,30,0.67
lmNh,8,6,14,0.57
lmNl,8,1,9,0.89
lmNm,17,10,27,0.63
lmNn,31,22,53,0.58
lmNs,17,17,34,0.5
lmNt,8,5,13,0.62
lmPB,24,20,44,0.55
lmPD,2,4,6,0.33
lmPH,3,4,7,0.43
lmPI,3,0,3,1.0
lmPK,2,3,5,0.4
lmPL,10,8,18,0.56
lmPM,22,25,47,0.47
lmPN,29,20,49,0.59
lmPP,13,25,38,0.34
lmPS,18,10,28,0.64
lmPb,26,18,44,0.59
lmPh,1,1,2,0.5
lmPl,3,9,12,0.25
lmPm,31,12,43,0.72
lmPn,27,25,52,0.52
lmPs,10,11,21,0.48
lmPt,2,4,6,0.33
lmSB,9,8,17,0.53
lmSD,4,2,6,0.67
lmSH,2,2,4,0.5
lmSI,1,0,1,1.0
lmSK,0,1,1,0.0
lmSL,3,4,7,0.43
lmSM,6,15,21,0.29
lmSN,5,10,15,0.33
lmSP,14,15,29,0.48
lmSS,7,6,13,0.54
lmSb,8,8,16,0.5
lmSh,4,8,12,0.33
lmSl,4,1,5,0.8
lmSm,11,8,19,0.58
lmSn,12,12,24,0.5
lmSs,8,10,18,0.44
lmSt,1,1,2,0.5
lmbB,22,21,43,0.51
lmbD,0,1,1,0.0
lmbH,4,5,9,0.44
lmbI,4,0,4,1.0
lmbJ,5,3,8,0.62
lmbK,2,0,2,1.0
lmbL,7,9,16,0.44
lmbM,23,25,48,0.48
lmbN,24,22,46,0.52
lmbP,23,16,39,0.59
lmbS,10,6,16,0.62
lmbb,27,21,48,0.56
lmbl,6,3,9,0.67
lmbm,17,19,36,0.47
lmbn,20,22,42,0.48
lmbs,4,4,8,0.5
lmhM,0,1,1,0.0
lmhb,0,0,0,
lmhl,0,2,2,0.0
lmhm,3,1,4,0.75
lmlB,2,4,6,0.33
lmlD,1,0,1,1.0
lmlH,6,2,8,0.75
lmlI,1,0,1,1.0
lmlJ,3,1,4,0.75
lmlK,0,0,0,
lmlL,2,2,4,0.5
lmlM,4,4,8,0.5
lmlN,2,11,13,0.15
lmlP,6,2,8,0.75
lmlS,2,2,4,0.5
lmlb,5,6,11,0.45
lmll,1,3,4,0.25
lmlm,6,2,8,0.75
lmln,5,2,7,0.71
lmls,2,2,4,0.5
lmmB,18,20,38,0.47
lmmD,2,0,2,1.0
lmmH,14,10,24,0.58
lmmI,1,1,2,0.5
lmmJ,1,4,5,0.2
lmmK,0,0,0,
lmmL,4,4,8,0.5
lmmM,18,22,40,0.45
lmmN,16,18,34,0.47
lmmP,19,19,38,0.5
lmmS,8,12,20,0.4
lmmb,11,23,34,0.32
lmmh,0,1,1,0.0
lmml,5,2,7,0.71
lmmm,20,16,36,0.56
lmmn,19,8,27,0.7
lmms,5,0,5,1.0
lmnB,12,11,23,0.52
lmnD,2,3,5,0.4
lmnH,14,4,18,0.78
lmnI,1,3,4,0.25
lmnK,1,0,1,1.0
lmnL,5,1,6,0.83
lmnM,15,19,34,0.44
lmnN,22,16,38,0.58
lmnP,23,23,46,0.5
lmnS,6,11,17,0.35
lmnb,12,13,25,0.48
lmnh,0,1,1,0.0
lmnl,1,3,4,0.25
lmnm,15,12,27,0.56
lmnn,16,13,29,0.55
lmns,10,4,14,0.71
lmnt,1,0,1,1.0
lmsB,4,6,10,0.4
lmsD,2,1,3,0.67
lmsH,6,4,10,0.6
lmsI,4,2,6,0.67
lmsK,0,1,1,0.0
lmsL,0,3,3,0.0
lmsM,15,11,26,0.58
lmsN,5,7,12,0.42
lmsP,8,9,17,0.47
lmsS,6,11,17,0.35
lmsb,8,7,15,0.53
lmsl,3,0,3,1.0
lmsm,7,9,16,0.44
lmsn,12,4,16,0.75
lmss,6,7,13,0.46
lnBB,10,12,22,0.45
lnBD,3,2,5,0.6
lnBH,0,1,1,0.0
lnBK,1,2,3,0.33
lnBL,3,3,6,0.5
lnBM,11,15,26,0.42
lnBN,8,20,28,0.29
lnBP,14,16,30,0.47
lnBS,6,7,13,0.46
lnBb,11,3,14,0.79
lnBh,1,4,5,0.2
lnBj,1,4,5,0.2
lnBl,5,1,6,0.83
lnBm,19,16,35,0.54
lnBn,14,14,28,0.5
lnBs,12,7,19,0.63
lnBt,2,1,3,0.67
lnDB,1,2,3,0.33
lnDH,5,2,7,0.71
lnDL,1,1,2,0.5
lnDM,0,3,3,0.0
lnDN,4,1,5,0.8
lnDP,3,3,6,0.5
lnDS,1,2,3,0.33
lnDb,0,0,0,
lnDl,1,1,2,0.5
lnDm,3,3,6,0.5
lnDn,2,4,6,0.33
lnDs,3,0,3,1.0
lnDt,1,0,1,1.0
lnHB,6,6,12,0.5
lnHD,0,2,2,0.0
lnHH,2,6,8,0.25
lnHI,0,0,0,
lnHK,1,0,1,1.0
lnHL,3,1,4,0.75
lnHM,11,9,20,0.55
lnHN,8,9,17,0.47
lnHP,10,8,18,0.56
lnHS,9,8,17,0.53
lnHb,7,8,15,0.47
lnHh,1,2,3,0.33
lnHl,0,6,6,0.0
lnHm,11,7,18,0.61
lnHn,12,7,19,0.63
lnHs,8,13,21,0.38
lnHt,0,0,0,
lnIB,1,2,3,0.33
lnID,1,0,1,1.0
lnIH,3,1,4,0.75
lnII,2,0,2,1.0
lnIL,0,2,2,0.0
lnIM,2,5,7,0.29
lnIN,1,2,3,0.33
lnIP,4,9,13,0.31
lnIS,1,2,3,0.33
lnIb,2,0,2,1.0
lnIl,0,1,1,0.0
lnIm,2,3,5,0.4
lnIn,3,4,7,0.43
lnIs,1,2,3,0.33
lnIt,1,0,1,1.0
lnKB,1,0,1,1.0
lnKI,1,0,1,1.0
lnKL,1,0,1,1.0
lnKM,1,2,3,0.33
lnKN,1,2,3,0.33
lnKP,0,1,1,0.0
lnKS,0,1,1,0.0
lnKb,0,1,1,0.0
lnKh,2,1,3,0.67
lnKl,1,1,2,0.5
lnKm,0,0,0,
lnKs,1,0,1,1.0
lnLB,4,4,8,0.5
lnLD,0,3,3,0.0
lnLK,1,0,1,1.0
lnLL,1,2,3,0.33
lnLM,3,3,6,0.5
lnLN,2,6,8,0.25
lnLP,4,8,12,0.33
lnLS,1,2,3,0.33
lnLb,0,7,7,0.0
lnLh,4,2,6,0.67
lnLj,2,3,5,0.4
lnLl,3,1,4,0.75
lnLm,5,6,11,0.45
lnLn,11,8,19,0.58
lnLs,2,4,6,0.33
lnMB,9,9,18,0.5
lnMD,4,2,6,0.67
lnMK,1,0,1,1.0
lnML,5,6,11,0.45
lnMM,15,21,36,0.42
lnMN,18,21,39,0.46
lnMP,16,12,28,0.57
lnMS,8,8,16,0.5
lnMb,17,16,33,0.52
lnMh,5,18,23,0.22
lnMj,8,1,9,0.89
lnMl,5,6,11,0.45
lnMm,17,13,30,0.57
lnMn,26,28,54,0.48
lnMs,12,8,20,0.6
lnMt,3,2,5,0.6
lnNB,12,7,19,0.63
lnND,7,3,10,0.7
lnNH,3,3,6,0.5
lnNK,1,4,5,0.2
lnNL,8,3,11,0.73
lnNM,20,23,43,0.47
lnNN,18,17,35,0.51
lnNP,27,21,48,0.56
lnNS,6,15,21,0.29
lnNb,20,13,33,0.61
lnNh,3,2,5,0.6
lnNl,3,6,9,0.33
lnNm,22,18,40,0.55
lnNn,26,21,47,0.55
lnNs,18,16,34,0.53
lnNt,3,4,7,0.43
lnPB,22,20,42,0.52
lnPD,2,3,5,0.4
lnPH,4,11,15,0.27
lnPI,3,3,6,0.5
lnPK,3,2,5,0.6
lnPL,13,9,22,0.59
lnPM,21,18,39,0.54
lnPN,19,25,44,0.43
lnPP,22,27,49,0.45
lnPS,18,9,27,0.67
lnPb,19,18,37,0.51
lnPh,2,2,4,0.5
lnPl,7,8,15,0.47
lnPm,23,20,43,0.53
lnPn,16,23,39,0.41
lnPs,13,11,24,0.54
lnPt,6,3,9,0.67
lnSB,4,4,8,0.5
lnSD,1,1,2,0.5
lnSH,6,3,9,0.67
lnSI,2,1,3,0.67
lnSL,8,7,15,0.53
lnSM,15,15,30,0.5
lnSN,7,11,18,0.39
lnSP,9,18,27,0.33
lnSS,11,10,21,0.52
lnSb,5,9,14,0.36
lnSh,7,9,16,0.44
lnSl,3,5,8,0.38
lnSm,15,5,20,0.75
lnSn,16,12,28,0.57
lnSs,10,4,14,0.71
lnSt,2,2,4,0.5
lnbB,12,16,28,0.43
lnbD,1,0,1,1.0
lnbH,4,5,9,0.44
lnbI,3,1,4,0.75
lnbJ,4,4,8,0.5
lnbL,7,7,14,0.5
lnbM,10,11,21,0.48
lnbN,26,14,40,0.65
lnbP,25,17,42,0.6
lnbS,6,9,15,0.4
lnbb,22,18,40,0.55
lnbl,4,3,7,0.57
lnbm,15,14,29,0.52
lnbn,9,13,22,0.41
lnbs,3,4,7,0.43
lnhB,0,1,1,0.0
lnhL,1,2,3,0.33
lnhM,0,1,1,0.0
lnhN,0,1,1,0.0
lnhP,1,2,3,0.33
lnhm,2,0,2,1.0
lnhn,1,1,2,0.5
lnlB,3,5,8,0.38
lnlH,1,0,1,1.0
lnlI,1,2,3,0.33
lnlJ,2,1,3,0.67
lnlL,4,0,4,1.0
lnlM,6,7,13,0.46
lnlN,4,6,10,0.4
lnlP,6,7,13,0.46
lnlS,1,4,5,0.2
lnlb,9,2,11,0.82
lnlm,5,1,6,0.83
lnln,4,6,10,0.4
lnls,2,1,3,0.67
lnmB,22,9,31,0.71
lnmD,2,1,3,0.67
lnmH,7,12,19,0.37
lnmI,1,1,2,0.5
lnmJ,2,3,5,0.4
lnmK,1,0,1,1.0
lnmL,2,2,4,0.5
lnmM,13,24,37,0.35
lnmN,22,18,40,0.55
lnmP,15,21,36,0.42
lnmS,11,6,17,0.65
lnmb,16,14,30,0.53
lnml,3,5,8,0.38
lnmm,8,13,21,0.38
lnmn,9,13,22,0.41
lnms,6,8,14,0.43
lnnB,13,18,31,0.42
lnnD,2,1,3,0.67
lnnH,9,8,17,0.53
lnnI,3,5,8,0.38
lnnK,2,1,3,0.67
lnnL,3,5,8,0.38
lnnM,10,14,24,0.42
lnnN,22,20,42,0.52
lnnP,22,26,48,0.46
lnnS,9,13,22,0.41
lnnb,6,16,22,0.27
lnnh,1,1,2,0.5
lnnl,7,1,8,0.88
lnnm,9,6,15,0.6
lnnn,18,13,31,0.58
lnns,13,7,20,0.65
lnnt,1,0,1,1.0
lnsB,7,4,11,0.64
lnsD,2,5,7,0.29
lnsH,11,9,20,0.55
lnsI,0,2,2,0.0
lnsL,1,3,4,0.25
lnsM,7,17,24,0.29
lnsN,14,6,20,0.7
lnsP,12,8,20,0.6
lnsS,8,8,16,0.5
lnsb,4,11,15,0.27
lnsh,0,1,1,0.0
lnsl,3,5,8,0.38
lnsm,8,9,17,0.47
lnsn,13,8,21,0.62
lnss,5,7,12,0.42
lnst,1,1,2,0.5
lntL,1,0,1,1.0
lntN,0,1,1,0.0
lntn,2,1,3,0.67
lsBB,7,7,14,0.5
lsBD,0,1,1,0.0
lsBK,1,1,2,0.5
lsBL,3,3,6,0.5
lsBM,4,12,16,0.25
lsBN,9,10,19,0.47
lsBP,6,5,11,0.55
lsBS,5,8,13,0.38
lsBb,8,2,10,0.8
lsBh,0,1,1,0.0
lsBj,1,1,2,0.5
lsBl,2,2,4,0.5
lsBm,17,11,28,0.61
lsBn,15,15,30,0.5
lsBs,5,3,8,0.62
lsDB,1,0,1,1.0
lsDD,0,0,0,
lsDH,2,1,3,0.67
lsDL,0,1,1,0.0
lsDM,3,3,6,0.5
lsDN,0,3,3,0.0
lsDP,3,0,3,1.0
lsDS,4,7,11,0.36
lsDb,1,2,3,0.33
lsDh,0,0,0,
lsDm,2,0,2,1.0
lsDn,2,2,4,0.5
lsDs,2,0,2,1.0
lsHB,11,8,19,0.58
lsHD,2,0,2,1.0
lsHH,2,3,5,0.4
lsHI,2,3,5,0.4
lsHL,1,5,6,0.17
lsHM,12,16,28,0.43
lsHN,9,9,18,0.5
lsHP,8,10,18,0.44
lsHS,11,8,19,0.58
lsHb,10,7,17,0.59
lsHh,4,7,11,0.36
lsHl,3,1,4,0.75
lsHm,12,6,18,0.67
lsHn,7,12,19,0.37
lsHs,8,9,17,0.47
lsHt,1,0,1,1.0
lsIB,0,3,3,0.0
lsIH,1,0,1,1.0
lsII,1,0,1,1.0
lsIL,0,1,1,0.0
lsIM,0,0,0,
lsIN,4,2,6,0.67
lsIP,6,1,7,0.86
lsIS,0,1,1,0.0
lsIb,3,0,3,1.0
lsIh,1,0,1,1.0
lsIl,1,2,3,0.33
lsIm,5,2,7,0.71
lsIn,1,1,2,0.5
lsIs,1,2,3,0.33
lsKP,1,0,1,1.0
lsKm,1,0,1,1.0
lsKn,0,1,1,0.0
lsKs,0,1,1,0.0
lsLB,3,8,11,0.27
lsLH,1,0,1,1.0
lsLL,1,0,1,1.0
lsLM,4,0,4,1.0
lsLN,4,5,9,0.44
lsLP,4,4,8,0.5
lsLS,4,7,11,0.36
lsLb,3,2,5,0.6
lsLh,3,2,5,0.6
lsLl,1,2,3,0.33
lsLm,6,11,17,0.35
lsLn,8,7,15,0.53
lsLs,2,3,5,0.4
lsMB,15,11,26,0.58
lsMD,2,2,4,0.5
lsMK,0,1,1,0.0
lsML,7,4,11,0.64
lsMM,13,10,23,0.57
lsMN,18,16,34,0.53
lsMP,15,15,30,0.5
lsMS,7,11,18,0.39
lsMb,12,15,27,0.44
lsMh,5,6,11,0.45
lsMj,5,2,7,0.71
lsMl,5,3,8,0.62
lsMm,12,7,19,0.63
lsMn,14,20,34,0.41
lsMs,12,14,26,0.46
lsMt,3,1,4,0.75
lsNB,10,11,21,0.48
lsND,3,2,5,0.6
lsNH,6,3,9,0.67
lsNK,3,0,3,1.0
lsNL,5,1,6,0.83
lsNM,15,15,30,0.5
lsNN,13,11,24,0.54
lsNP,13,15,28,0.46
lsNS,13,14,27,0.48
lsNb,10,9,19,0.53
lsNh,3,4,7,0.43
lsNl,3,3,6,0.5
lsNm,16,8,24,0.67
lsNn,13,8,21,0.62
lsNs,18,8,26,0.69
lsNt,1,4,5,0.2
lsPB,12,9,21,0.57
lsPD,4,1,5,0.8
lsPH,5,4,9,0.56
lsPI,1,1,2,0.5
lsPK,3,2,5,0.6
lsPL,1,5,6,0.17
lsPM,14,18,32,0.44
lsPN,10,14,24,0.42
lsPP,28,11,39,0.72
lsPS,10,7,17,0.59
lsPb,13,9,22,0.59
lsPh,3,5,8,0.38
lsPl,6,5,11,0.55
lsPm,18,12,30,0.6
lsPn,8,13,21,0.38
lsPs,11,8,19,0.58
lsPt,1,1,2,0.5
lsSB,13,5,18,0.72
lsSD,1,3,4,0.25
lsSH,4,7,11,0.36
lsSI,1,1,2,0.5
lsSL,5,3,8,0.62
lsSM,13,17,30,0.43
lsSN,17,7,24,0.71
lsSP,17,14,31,0.55
lsSS,27,21,48,0.56
lsSb,7,9,16,0.44
lsSh,13,8,21,0.62
lsSl,5,6,11,0.45
lsSm,13,7,20,0.65
lsSn,13,5,18,0.72
lsSs,20,13,33,0.61
lsSt,3,2,5,0.6
lsbB,11,6,17,0.65
lsbD,0,1,1,0.0
lsbH,1,1,2,0.5
lsbI,0,3,3,0.0
lsbJ,4,2,6,0.67
lsbL,3,1,4,0.75
lsbM,11,16,27,0.41
lsbN,13,13,26,0.5
lsbP,10,7,17,0.59
lsbS,4,8,12,0.33
lsbb,18,11,29,0.62
lsbl,4,3,7,0.57
lsbm,12,8,20,0.6
lsbn,9,14,23,0.39
lsbs,5,5,10,0.5
lshB,1,0,1,1.0
lshD,1,0,1,1.0
lshL,1,0,1,1.0
lshM,1,1,2,0.5
lshN,1,0,1,1.0
lshP,0,2,2,0.0
lshS,1,0,1,1.0
lshh,0,0,0,
lshm,3,0,3,1.0
lshn,0,1,1,0.0
lshs,0,2,2,0.0
lsht,1,0,1,1.0
lslB,6,4,10,0.6
lslD,1,0,1,1.0
lslH,4,4,8,0.5
lslI,1,1,2,0.5
lslJ,2,0,2,1.0
lslL,2,2,4,0.5
lslM,7,3,10,0.7
lslN,6,4,10,0.6
lslP,10,5,15,0.67
lslS,2,7,9,0.22
lslb,2,3,5,0.4
lsll,2,1,3,0.67
lslm,6,4,10,0.6
lsln,3,5,8,0.38
lsls,4,2,6,0.67
lsmB,9,12,21,0.43
lsmD,2,5,7,0.29
lsmH,11,8,19,0.58
lsmI,2,1,3,0.67
lsmJ,4,1,5,0.8
lsmL,5,3,8,0.62
lsmM,16,12,28,0.57
lsmN,16,10,26,0.62
lsmP,20,19,39,0.51
lsmS,10,10,20,0.5
lsmb,17,9,26,0.65
lsml,4,4,8,0.5
lsmm,15,9,24,0.62
lsmn,8,8,16,0.5
lsms,9,4,13,0.69
lsnB,3,10,13,0.23
lsnD,1,2,3,0.33
lsnH,5,5,10,0.5
lsnI,1,2,3,0.33
lsnK,1,0,1,1.0
lsnL,4,2,6,0.67
lsnM,8,9,17,0.47
lsnN,15,11,26,0.58
lsnP,14,11,25,0.56
lsnS,6,7,13,0.46
lsnb,13,10,23,0.57
lsnl,4,2,6,0.67
lsnm,7,8,15,0.47
lsnn,15,6,21,0.71
lsns,3,7,10,0.3
lssB,7,3,10,0.7
lssD,2,5,7,0.29
lssH,9,11,20,0.45
lssI,1,2,3,0.33
lssL,3,5,8,0.38
lssM,12,14,26,0.46
lssN,16,10,26,0.62
lssP,9,10,19,0.47
lssS,13,20,33,0.39
lssb,7,4,11,0.64
lssh,2,1,3,0.67
lssl,6,3,9,0.67
lssm,15,12,27,0.56
lssn,11,12,23,0.48
lsss,12,12,24,0.5
lsst,0,1,1,0.0
lstB,1,0,1,1.0
lstP,1,0,1,1.0
lstS,1,1,2,0.5
lstn,0,1,1,0.0
ltBB,1,0,1,1.0
ltMS,1,0,1,1.0
ltmB,1,0,1,1.0
ltmM,1,0,1,1.0
mBBB,37,60,97,0.38
mBBD,5,4,9,0.56
mBBH,0,0,0,
mBBK,5,6,11,0.45
mBBL,12,15,27,0.44
mBBM,47,57,104,0.45
mBBN,58,80,138,0.42
mBBP,67,58,125,0.54
mBBS,21,25,46,0.46
mBBb,40,42,82,0.49
mBBh,9,5,14,0.64
mBBj,13,15,28,0.46
mBBl,12,5,17,0.71
mBBm,65,56,121,0.54
mBBn,70,80,150,0.47
mBBs,33,20,53,0.62
mBBt,8,8,16,0.5
mBDB,6,6,12,0.5
mBDD,3,4,7,0.43
mBDH,8,6,14,0.57
mBDI,1,1,2,0.5
mBDL,0,4,4,0.0
mBDM,7,10,17,0.41
mBDN,11,7,18,0.61
mBDP,6,7,13,0.46
mBDS,10,7,17,0.59
mBDb,6,7,13,0.46
mBDh,1,1,2,0.5
mBDl,1,1,2,0.5
mBDm,3,7,10,0.3
mBDn,6,9,15,0.4
mBDs,2,12,14,0.14
mBDt,0,2,2,0.0
mBHB,1,1,2,0.5
mBHI,2,0,2,1.0
mBHL,0,1,1,0.0
mBHN,1,1,2,0.5
mBHP,3,2,5,0.6
mBHS,0,1,1,0.0
mBHb,0,2,2,0.0
mBHh,1,0,1,1.0
mBHn,1,1,2,0.5
mBHs,1,0,1,1.0
mBIB,2,0,2,1.0
mBIM,0,1,1,0.0
mBIN,0,1,1,0.0
mBIs,1,0,1,1.0
mBKB,3,7,10,0.3
mBKD,1,0,1,1.0
mBKH,2,0,2,1.0
mBKL,3,4,7,0.43
mBKM,7,7,14,0.5
mBKN,6,9,15,0.4
mBKP,8,7,15,0.53
mBKS,3,6,9,0.33
mBKb,5,3,8,0.62
mBKh,5,3,8,0.62
mBKl,2,2,4,0.5
mBKm,15,9,24,0.62
mBKn,9,3,12,0.75
mBKs,6,9,15,0.4
mBKt,1,0,1,1.0
mBLB,9,19,28,0.32
mBLD,2,3,5,0.4
mBLK,0,1,1,0.0
mBLL,1,5,6,0.17
mBLM,14,11,25,0.56
mBLN,15,14,29,0.52
mBLP,20,16,36,0.56
mBLS,6,12,18,0.33
mBLb,13,11,24,0.54
mBLh,8,5,13,0.62
mBLj,3,1,4,0.75
mBLl,4,5,9,0.44
mBLm,19,12,31,0.61
mBLn,18,24,42,0.43
mBLs,5,9,14,0.36
mBLt,0,2,2,0.0
mBMB,38,53,91,0.42
mBMD,4,8,12,0.33
mBMH,0,2,2,0.0
mBMK,0,1,1,0.0
mBML,7,10,17,0.41
mBMM,38,57,95,0.4
mBMN,52,59,111,0.47
mBMP,55,53,108,0.51
mBMS,38,40,78,0.49
mBMb,41,49,90,0.46
mBMh,42,37,79,0.53
mBMj,8,8,16,0.5
mBMl,13,13,26,0.5
mBMm,64,53,117,0.55
mBMn,73,85,158,0.46
mBMs,38,30,68,0.56
mBMt,9,8,17,0.53
mBNB,57,44,101,0.56
mBND,9,5,14,0.64
mBNH,14,13,27,0.52
mBNI,3,1,4,0.75
mBNK,3,9,12,0.25
mBNL,14,9,23,0.61
mBNM,45,72,117,0.38
mBNN,80,87,167,0.48
mBNP,93,100,193,0.48
mBNS,57,53,110,0.52
mBNb,59,44,103,0.57
mBNh,33,19,52,0.63
mBNl,18,12,30,0.6
mBNm,76,62,138,0.55
mBNn,115,108,223,0.52
mBNs,62,52,114,0.54
mBNt,13,14,27,0.48
mBPB,43,45,88,0.49
mBPD,9,9,18,0.5
mBPH,19,18,37,0.51
mBPI,17,5,22,0.77
mBPK,7,8,15,0.47
mBPL,10,18,28,0.36
mBPM,46,60,106,0.43
mBPN,51,83,134,0.38
mBPP,92,75,167,0.55
mBPS,57,43,100,0.57
mBPb,47,52,99,0.47
mBPh,1,12,13,0.08
mBPl,22,16,38,0.58
mBPm,74,56,130,0.57
mBPn,66,49,115,0.57
mBPs,44,35,79,0.56
mBPt,5,4,9,0.56
mBSB,30,32,62,0.48
mBSD,3,4,7,0.43
mBSH,17,12,29,0.59
mBSI,4,2,6,0.67
mBSK,0,1,1,0.0
mBSL,10,10,20,0.5
mBSM,36,50,86,0.42
mBSN,37,45,82,0.45
mBSP,37,34,71,0.52
mBSS,48,32,80,0.6
mBSb,34,27,61,0.56
mBSh,18,19,37,0.49
mBSl,11,6,17,0.65
mBSm,45,38,83,0.54
mBSn,38,48,86,0.44
mBSs,48,41,89,0.54
mBSt,10,7,17,0.59
mBbB,29,49,78,0.37
mBbD,7,5,12,0.58
mBbH,9,13,22,0.41
mBbI,4,7,11,0.36
mBbJ,10,6,16,0.62
mBbK,4,9,13,0.31
mBbL,9,10,19,0.47
mBbM,37,51,88,0.42
mBbN,66,69,135,0.49
mBbP,49,46,95,0.52
mBbS,37,34,71,0.52
mBbb,54,35,89,0.61
mBbl,12,6,18,0.67
mBbm,44,45,89,0.49
mBbn,56,42,98,0.57
mBbs,25,18,43,0.58
mBhB,6,8,14,0.43
mBhD,0,1,1,0.0
mBhH,0,3,3,0.0
mBhI,0,0,0,
mBhL,3,2,5,0.6
mBhM,9,8,17,0.53
mBhN,15,9,24,0.62
mBhP,9,8,17,0.53
mBhS,6,3,9,0.67
mBhb,4,9,13,0.31
mBhh,3,3,6,0.5
mBhl,1,1,2,0.5
mBhm,8,7,15,0.53
mBhn,11,8,19,0.58
mBhs,7,7,14,0.5
mBht,1,2,3,0.33
mBjB,8,12,20,0.4
mBjD,2,3,5,0.4
mBjH,6,5,11,0.55
mBjI,1,1,2,0.5
mBjK,0,4,4,0.0
mBjL,8,7,15,0.53
mBjM,11,13,24,0.46
mBjN,20,15,35,0.57
mBjP,20,17,37,0.54
mBjS,11,10,21,0.52
mBjb,11,5,16,0.69
mBjh,2,4,6,0.33
mBjl,5,5,10,0.5
mBjm,15,12,27,0.56
mBjn,11,8,19,0.58
mBjs,13,10,23,0.57
mBjt,3,1,4,0.75
mBlB,9,11,20,0.45
mBlD,0,0,0,
mBlH,8,4,12,0.67
mBlI,0,1,1,0.0
mBlJ,3,4,7,0.43
mBlL,1,6,7,0.14
mBlM,7,15,22,0.32
mBlN,7,13,20,0.35
mBlP,18,10,28,0.64
mBlS,6,11,17,0.35
mBlb,11,17,28,0.39
mBll,3,1,4,0.75
mBlm,20,12,32,0.62
mBln,14,16,30,0.47
mBls,3,4,7,0.43
mBmB,44,55,99,0.44
mBmD,14,7,21,0.67
mBmH,48,53,101,0.48
mBmI,5,6,11,0.45
mBmJ,18,9,27,0.67
mBmK,0,2,2,0.0
mBmL,14,15,29,0.48
mBmM,60,68,128,0.47
mBmN,73,77,150,0.49
mBmP,59,51,110,0.54
mBmS,48,48,96,0.5
mBmb,54,48,102,0.53
mBml,10,8,18,0.56
mBmm,68,60,128,0.53
mBmn,73,49,122,0.6
mBms,37,33,70,0.53
mBmt,1,0,1,1.0
mBnB,63,51,114,0.55
mBnD,13,6,19,0.68
mBnH,44,52,96,0.46
mBnI,21,15,36,0.58
mBnK,4,8,12,0.33
mBnL,23,13,36,0.64
mBnM,70,73,143,0.49
mBnN,105,122,227,0.46
mBnP,96,97,193,0.5
mBnS,63,83,146,0.43
mBnb,53,58,111,0.48
mBnh,2,7,9,0.22
mBnl,14,16,30,0.47
mBnm,83,65,148,0.56
mBnn,87,69,156,0.56
mBns,67,62,129,0.52
mBnt,0,2,2,0.0
mBsB,15,29,44,0.34
mBsD,3,5,8,0.38
mBsH,29,33,62,0.47
mBsI,11,4,15,0.73
mBsL,6,5,11,0.55
mBsM,25,45,70,0.36
mBsN,45,50,95,0.47
mBsP,36,52,88,0.41
mBsS,48,46,94,0.51
mBsb,16,26,42,0.38
mBsh,1,0,1,1.0
mBsl,9,10,19,0.47
mBsm,52,37,89,0.58
mBsn,42,36,78,0.54
mBss,32,45,77,0.42
mBst,0,1,1,0.0
mBtB,5,12,17,0.29
mBtD,2,1,3,0.67
mBtH,7,6,13,0.54
mBtI,0,1,1,0.0
mBtK,0,1,1,0.0
mBtL,2,5,7,0.29
mBtM,12,12,24,0.5
mBtN,7,8,15,0.47
mBtP,19,13,32,0.59
mBtS,12,6,18,0.67
mBtb,5,5,10,0.5
mBtl,3,2,5,0.6
mBtm,12,17,29,0.41
mBtn,11,7,18,0.61
mBts,9,2,11,0.82
mBtt,0,1,1,0.0
mDBB,9,8,17,0.53
mDBD,3,4,7,0.43
mDBK,2,0,2,1.0
mDBL,1,0,1,1.0
mDBM,12,13,25,0.48
mDBN,10,6,16,0.62
mDBP,4,8,12,0.33
mDBS,7,4,11,0.64
mDBb,7,7,14,0.5
mDBh,3,4,7,0.43
mDBj,1,2,3,0.33
mDBl,0,3,3,0.0
mDBm,6,5,11,0.55
mDBn,10,11,21,0.48
mDBs,5,6,11,0.45
mDBt,2,0,2,1.0
mDDB,4,3,7,0.57
mDDD,4,3,7,0.57
mDDH,4,1,5,0.8
mDDI,0,1,1,0.0
mDDL,2,2,4,0.5
mDDM,3,6,9,0.33
mDDN,1,4,5,0.2
mDDP,2,4,6,0.33
mDDS,8,6,14,0.57
mDDb,1,6,7,0.14
mDDl,1,1,2,0.5
mDDm,4,7,11,0.36
mDDn,4,2,6,0.67
mDDs,3,7,10,0.3
mDHB,5,4,9,0.56
mDHD,3,0,3,1.0
mDHH,2,1,3,0.67
mDHI,0,1,1,0.0
mDHK,1,1,2,0.5
mDHL,3,2,5,0.6
mDHM,6,12,18,0.33
mDHN,10,6,16,0.62
mDHP,13,11,24,0.54
mDHS,6,9,15,0.4
mDHb,4,7,11,0.36
mDHh,4,7,11,0.36
mDHl,1,2,3,0.33
mDHm,9,12,21,0.43
mDHn,10,11,21,0.48
mDHs,11,12,23,0.48
mDHt,1,1,2,0.5
mDIB,1,0,1,1.0
mDIH,0,1,1,0.0
mDIL,2,1,3,0.67
mDIM,0,2,2,0.0
mDIP,0,0,0,
mDIS,3,1,4,0.75
mDIb,0,2,2,0.0
mDIl,1,0,1,1.0
mDIm,1,2,3,0.33
mDIn,1,2,3,0.33
mDIs,0,1,1,0.0
mDKH,0,0,0,
mDKM,1,0,1,1.0
mDKs,0,1,1,0.0
mDLB,2,7,9,0.22
mDLD,1,2,3,0.33
mDLL,0,1,1,0.0
mDLM,6,4,10,0.6
mDLN,2,4,6,0.33
mDLP,5,6,11,0.45
mDLS,4,1,5,0.8
mDLb,2,2,4,0.5
mDLh,3,0,3,1.0
mDLj,0,0,0,
mDLl,1,0,1,1.0
mDLm,5,1,6,0.83
mDLn,3,1,4,0.75
mDLs,2,6,8,0.25
mDLt,2,1,3,0.67
mDMB,17,15,32,0.53
mDMD,4,2,6,0.67
mDMH,0,3,3,0.0
mDML,2,2,4,0.5
mDMM,12,22,34,0.35
mDMN,17,5,22,0.77
mDMP,17,11,28,0.61
mDMS,10,16,26,0.38
mDMb,7,14,21,0.33
mDMh,9,11,20,0.45
mDMj,0,4,4,0.0
mDMl,1,3,4,0.25
mDMm,17,22,39,0.44
mDMn,20,14,34,0.59
mDMs,17,9,26,0.65
mDMt,3,3,6,0.5
mDNB,8,9,17,0.47
mDND,3,3,6,0.5
mDNH,1,1,2,0.5
mDNK,1,1,2,0.5
mDNL,3,1,4,0.75
mDNM,9,12,21,0.43
mDNN,17,11,28,0.61
mDNP,14,23,37,0.38
mDNS,17,10,27,0.63
mDNb,10,6,16,0.62
mDNh,3,1,4,0.75
mDNl,2,4,6,0.33
mDNm,15,9,24,0.62
mDNn,13,15,28,0.46
mDNs,12,8,20,0.6
mDNt,6,0,6,1.0
mDPB,6,17,23,0.26
mDPD,3,2,5,0.6
mDPH,7,3,10,0.7
mDPI,0,0,0,
mDPK,1,4,5,0.2
mDPL,1,6,7,0.14
mDPM,14,22,36,0.39
mDPN,17,10,27,0.63
mDPP,8,11,19,0.42
mDPS,14,9,23,0.61
mDPb,9,9,18,0.5
mDPh,1,1,2,0.5
mDPl,0,2,2,0.0
mDPm,11,9,20,0.55
mDPn,4,13,17,0.24
mDPs,6,7,13,0.46
mDPt,2,2,4,0.5
mDSB,7,8,15,0.47
mDSD,2,4,6,0.33
mDSH,2,5,7,0.29
mDSK,0,1,1,0.0
mDSL,0,4,4,0.0
mDSM,17,17,34,0.5
mDSN,11,10,21,0.52
mDSP,8,10,18,0.44
mDSS,24,17,41,0.59
mDSb,11,11,22,0.5
mDSh,9,7,16,0.56
mDSl,4,0,4,1.0
mDSm,16,7,23,0.7
mDSn,15,9,24,0.62
mDSs,12,9,21,0.57
mDSt,1,2,3,0.33
mDbB,14,9,23,0.61
mDbD,2,2,4,0.5
mDbH,4,1,5,0.8
mDbI,1,1,2,0.5
mDbJ,5,3,8,0.62
mDbK,2,3,5,0.4
mDbL,2,3,5,0.4
mDbM,10,16,26,0.38
mDbN,14,13,27,0.52
mDbP,9,8,17,0.53
mDbS,5,8,13,0.38
mDbb,12,12,24,0.5
mDbl,3,1,4,0.75
mDbm,11,8,19,0.58
mDbn,11,12,23,0.48
mDbs,5,0,5,1.0
mDhH,0,0,0,
mDhL,0,0,0,
mDhM,1,1,2,0.5
mDhP,0,1,1,0.0
mDhh,1,0,1,1.0
mDhm,1,0,1,1.0
mDhn,3,1,4,0.75
mDhs,0,2,2,0.0
mDlB,4,2,6,0.67
mDlH,3,2,5,0.6
mDlK,0,1,1,0.0
mDlL,2,0,2,1.0
mDlM,3,6,9,0.33
mDlN,1,2,3,0.33
mDlP,2,3,5,0.4
mDlS,3,1,4,0.75
mDlb,8,3,11,0.73
mDlm,3,2,5,0.6
mDln,6,4,10,0.6
mDls,4,2,6,0.67
mDmB,9,9,18,0.5
mDmD,7,3,10,0.7
mDmH,15,10,25,0.6
mDmI,0,1,1,0.0
mDmJ,2,3,5,0.4
mDmK,0,0,0,
mDmL,4,3,7,0.57
mDmM,9,18,27,0.33
mDmN,8,17,25,0.32
mDmP,11,15,26,0.42
mDmS,11,9,20,0.55
mDmb,11,20,31,0.35
mDml,1,2,3,0.33
mDmm,18,11,29,0.62
mDmn,14,15,29,0.48
mDms,9,10,19,0.47
mDnB,5,8,13,0.38
mDnD,2,1,3,0.67
mDnH,7,13,20,0.35
mDnI,1,2,3,0.33
mDnK,0,2,2,0.0
mDnL,4,5,9,0.44
mDnM,12,10,22,0.55
mDnN,14,20,34,0.41
mDnP,16,16,32,0.5
mDnS,12,11,23,0.52
mDnb,10,10,20,0.5
mDnl,4,1,5,0.8
mDnm,6,14,20,0.3
mDnn,14,9,23,0.61
mDns,4,8,12,0.33
mDsB,2,8,10,0.2
mDsD,4,6,10,0.4
mDsH,8,4,12,0.67
mDsI,2,1,3,0.67
mDsL,1,4,5,0.2
mDsM,10,15,25,0.4
mDsN,12,7,19,0.63
mDsP,8,10,18,0.44
mDsS,11,7,18,0.61
mDsb,7,4,11,0.64
mDsh,4,3,7,0.57
mDsl,3,0,3,1.0
mDsm,13,7,20,0.65
mDsn,8,6,14,0.57
mDss,11,8,19,0.58
mDtB,3,1,4,0.75
mDtD,1,1,2,0.5
mDtH,0,1,1,0.0
mDtL,0,0,0,
mDtM,0,4,4,0.0
mDtN,0,1,1,0.0
mDtP,1,6,7,0.14
mDtS,2,2,4,0.5
mDtb,1,4,5,0.2
mDtl,1,1,2,0.5
mDtm,2,3,5,0.4
mDtn,0,3,3,0.0
mDts,3,2,5,0.6
mDtt,1,0,1,1.0
mHBB,41,37,78,0.53
mHBD,7,1,8,0.88
mHBH,0,1,1,0.0
mHBI,0,1,1,0.0
mHBK,5,2,7,0.71
mHBL,10,9,19,0.53
mHBM,37,47,84,0.44
mHBN,33,52,85,0.39
mHBP,38,35,73,0.52
mHBS,20,26,46,0.43
mHBb,34,37,71,0.48
mHBh,6,3,9,0.67
mHBj,7,12,19,0.37
mHBl,11,5,16,0.69
mHBm,44,49,93,0.47
mHBn,46,42,88,0.52
mHBs,27,15,42,0.64
mHBt,3,12,15,0.2
mHDB,8,7,15,0.53
mHDD,2,5,7,0.29
mHDH,6,8,14,0.43
mHDI,0,1,1,0.0
mHDL,2,2,4,0.5
mHDM,5,10,15,0.33
mHDN,2,14,16,0.12
mHDP,10,7,17,0.59
mHDS,4,6,10,0.4
mHDb,4,4,8,0.5
mHDh,2,0,2,1.0
mHDl,1,1,2,0.5
mHDm,10,8,18,0.56
mHDn,4,9,13,0.31
mHDs,6,5,11,0.55
mHDt,2,1,3,0.67
mHHB,10,6,16,0.62
mHHD,1,2,3,0.33
mHHH,1,3,4,0.25
mHHI,0,1,1,0.0
mHHK,1,2,3,0.33
mHHL,4,3,7,0.57
mHHM,10,14,24,0.42
mHHN,14,9,23,0.61
mHHP,18,11,29,0.62
mHHS,18,8,26,0.69
mHHb,10,10,20,0.5
mHHh,1,3,4,0.25
mHHl,1,2,3,0.33
mHHm,10,9,19,0.53
mHHn,13,7,20,0.65
mHHs,8,9,17,0.47
mHHt,2,0,2,1.0
mHIB,1,5,6,0.17
mHID,1,1,2,0.5
mHIH,4,5,9,0.44
mHII,2,2,4,0.5
mHIL,2,0,2,1.0
mHIM,4,6,10,0.4
mHIN,9,7,16,0.56
mHIP,12,6,18,0.67
mHIS,6,6,12,0.5
mHIb,4,1,5,0.8
mHIl,1,2,3,0.33
mHIm,10,3,13,0.77
mHIn,2,7,9,0.22
mHIs,6,4,10,0.6
mHIt,1,1,2,0.5
mHKB,2,2,4,0.5
mHKD,0,1,1,0.0
mHKH,1,0,1,1.0
mHKI,1,1,2,0.5
mHKL,1,0,1,1.0
mHKM,8,5,13,0.62
mHKN,4,1,5,0.8
mHKP,3,1,4,0.75
mHKS,4,3,7,0.57
mHKb,1,0,1,1.0
mHKh,3,2,5,0.6
mHKm,6,6,12,0.5
mHKn,3,1,4,0.75
mHKs,2,4,6,0.33
mHKt,2,1,3,0.67
mHLB,9,10,19,0.47
mHLD,0,1,1,0.0
mHLH,1,0,1,1.0
mHLK,3,0,3,1.0
mHLL,4,1,5,0.8
mHLM,13,14,27,0.48
mHLN,11,17,28,0.39
mHLP,12,26,38,0.32
mHLS,11,12,23,0.48
mHLb,11,7,18,0.61
mHLh,4,5,9,0.44
mHLj,6,5,11,0.55
mHLl,9,10,19,0.47
mHLm,22,13,35,0.63
mHLn,22,16,38,0.58
mHLs,15,9,24,0.62
mHLt,2,3,5,0.4
mHMB,38,36,74,0.51
mHMD,7,12,19,0.37
mHMH,2,1,3,0.67
mHMI,1,0,1,1.0
mHMK,2,3,5,0.4
mHML,15,13,28,0.54
mHMM,48,58,106,0.45
mHMN,56,62,118,0.47
mHMP,42,64,106,0.4
mHMS,35,50,85,0.41
mHMb,38,43,81,0.47
mHMh,49,58,107,0.46
mHMj,7,9,16,0.44
mHMl,18,17,35,0.51
mHMm,70,57,127,0.55
mHMn,75,75,150,0.5
mHMs,43,49,92,0.47
mHMt,9,7,16,0.56
mHNB,47,49,96,0.49
mHND,4,5,9,0.44
mHNH,20,20,40,0.5
mHNI,2,0,2,1.0
mHNK,12,7,19,0.63
mHNL,17,15,32,0.53
mHNM,48,72,120,0.4
mHNN,49,59,108,0.45
mHNP,65,65,130,0.5
mHNS,38,48,86,0.44
mHNb,38,42,80,0.48
mHNh,17,23,40,0.42
mHNl,12,15,27,0.44
mHNm,57,44,101,0.56
mHNn,86,61,147,0.59
mHNs,51,52,103,0.5
mHNt,10,9,19,0.53
mHPB,39,45,84,0.46
mHPD,9,12,21,0.43
mHPH,20,19,39,0.51
mHPI,6,8,14,0.43
mHPK,4,9,13,0.31
mHPL,18,16,34,0.53
mHPM,70,68,138,0.51
mHPN,69,62,131,0.53
mHPP,69,66,135,0.51
mHPS,53,37,90,0.59
mHPb,45,30,75,0.6
mHPh,10,8,18,0.56
mHPl,20,15,35,0.57
mHPm,62,73,135,0.46
mHPn,52,54,106,0.49
mHPs,39,35,74,0.53
mHPt,11,4,15,0.73
mHSB,30,33,63,0.48
mHSD,4,5,9,0.44
mHSH,18,20,38,0.47
mHSI,3,1,4,0.75
mHSK,1,0,1,1.0
mHSL,10,19,29,0.34
mHSM,46,58,104,0.44
mHSN,31,38,69,0.45
mHSP,43,42,85,0.51
mHSS,63,44,107,0.59
mHSb,35,20,55,0.64
mHSh,27,30,57,0.47
mHSl,10,11,21,0.48
mHSm,54,42,96,0.56
mHSn,62,48,110,0.56
mHSs,56,35,91,0.62
mHSt,5,7,12,0.42
mHbB,34,33,67,0.51
mHbD,11,3,14,0.79
mHbH,16,13,29,0.55
mHbI,3,7,10,0.3
mHbJ,13,4,17,0.76
mHbK,6,4,10,0.6
mHbL,11,9,20,0.55
mHbM,40,62,102,0.39
mHbN,65,63,128,0.51
mHbP,55,38,93,0.59
mHbS,27,21,48,0.56
mHbb,45,45,90,0.5
mHbl,8,12,20,0.4
mHbm,41,25,66,0.62
mHbn,36,31,67,0.54
mHbs,24,15,39,0.62
mHhB,13,13,26,0.5
mHhD,2,1,3,0.67
mHhH,14,8,22,0.64
mHhI,3,6,9,0.33
mHhK,1,0,1,1.0
mHhL,8,8,16,0.5
mHhM,25,27,52,0.48
mHhN,18,18,36,0.5
mHhP,23,36,59,0.39
mHhS,29,32,61,0.48
mHhb,20,16,36,0.56
mHhh,18,17,35,0.51
mHhl,8,3,11,0.73
mHhm,37,34,71,0.52
mHhn,25,25,50,0.5
mHhs,25,21,46,0.54
mHht,2,4,6,0.33
mHlB,8,21,29,0.28
mHlD,3,1,4,0.75
mHlH,10,7,17,0.59
mHlI,1,1,2,0.5
mHlJ,10,2,12,0.83
mHlK,0,1,1,0.0
mHlL,6,8,14,0.43
mHlM,20,12,32,0.62
mHlN,20,14,34,0.59
mHlP,16,13,29,0.55
mHlS,11,9,20,0.55
mHlb,9,13,22,0.41
mHll,2,5,7,0.29
mHlm,15,8,23,0.65
mHln,7,15,22,0.32
mHls,9,13,22,0.41
mHmB,52,54,106,0.49
mHmD,14,9,23,0.61
mHmH,27,31,58,0.47
mHmI,8,4,12,0.67
mHmJ,13,12,25,0.52
mHmK,3,0,3,1.0
mHmL,19,14,33,0.58
mHmM,72,81,153,0.47
mHmN,77,67,144,0.53
mHmP,55,45,100,0.55
mHmS,42,24,66,0.64
mHmb,56,59,115,0.49
mHmh,2,0,2,1.0
mHml,15,8,23,0.65
mHmm,74,42,116,0.64
mHmn,53,39,92,0.58
mHms,40,27,67,0.6
mHmt,0,1,1,0.0
mHnB,42,45,87,0.48
mHnD,11,7,18,0.61
mHnH,24,34,58,0.41
mHnI,9,10,19,0.47
mHnK,9,11,20,0.45
mHnL,14,15,29,0.48
mHnM,53,62,115,0.46
mHnN,62,68,130,0.48
mHnP,83,58,141,0.59
mHnS,55,48,103,0.53
mHnb,40,40,80,0.5
mHnh,4,2,6,0.67
mHnl,14,12,26,0.54
mHnm,67,54,121,0.55
mHnn,51,50,101,0.5
mHns,49,48,97,0.51
mHnt,0,2,2,0.0
mHsB,29,27,56,0.52
mHsD,8,11,19,0.42
mHsH,43,44,87,0.49
mHsI,7,10,17,0.41
mHsK,2,2,4,0.5
mHsL,5,8,13,0.38
mHsM,43,50,93,0.46
mHsN,45,42,87,0.52
mHsP,44,39,83,0.53
mHsS,78,66,144,0.54
mHsb,32,21,53,0.6
mHsh,3,6,9,0.33
mHsl,15,10,25,0.6
mHsm,48,46,94,0.51
mHsn,41,27,68,0.6
mHss,57,28,85,0.67
mHst,0,2,2,0.0
mHtB,7,3,10,0.7
mHtD,0,1,1,0.0
mHtH,4,3,7,0.57
mHtI,1,0,1,1.0
mHtL,0,2,2,0.0
mHtM,8,8,16,0.5
mHtN,4,6,10,0.4
mHtP,6,13,19,0.32
mHtS,6,7,13,0.46
mHtb,3,8,11,0.27
mHtl,1,2,3,0.33
mHtm,8,7,15,0.53
mHtn,4,9,13,0.31
mHts,7,7,14,0.5
mHtt,1,0,1,1.0
mIBB,7,11,18,0.39
mIBD,1,2,3,0.33
mIBK,2,1,3,0.67
mIBL,1,0,1,1.0
mIBM,3,4,7,0.43
mIBN,7,8,15,0.47
mIBP,6,3,9,0.67
mIBS,4,6,10,0.4
mIBb,10,3,13,0.77
mIBh,0,1,1,0.0
mIBj,4,0,4,1.0
mIBl,1,1,2,0.5
mIBm,3,5,8,0.38
mIBn,7,3,10,0.7
mIBs,3,4,7,0.43
mIBt,1,3,4,0.25
mIDB,1,2,3,0.33
mIDD,0,0,0,
mIDH,1,1,2,0.5
mIDM,2,3,5,0.4
mIDN,1,0,1,1.0
mIDP,0,3,3,0.0
mIDn,3,0,3,1.0
mIDt,1,0,1,1.0
mIHB,0,2,2,0.0
mIHD,0,2,2,0.0
mIHH,1,0,1,1.0
mIHL,1,3,4,0.25
mIHM,4,11,15,0.27
mIHN,5,4,9,0.56
mIHP,8,6,14,0.57
mIHS,5,3,8,0.62
mIHb,3,5,8,0.38
mIHh,3,1,4,0.75
mIHl,2,2,4,0.5
mIHm,6,4,10,0.6
mIHn,6,3,9,0.67
mIHs,3,8,11,0.27
mIHt,0,1,1,0.0
mIIB,1,1,2,0.5
mIIH,0,1,1,0.0
mIIM,0,0,0,
mIIN,1,1,2,0.5
mIIS,1,1,2,0.5
mIIb,2,0,2,1.0
mIIm,1,0,1,1.0
mIIn,0,1,1,0.0
mIIs,2,0,2,1.0
mIKB,1,0,1,1.0
mIKS,0,1,1,0.0
mIKb,0,1,1,0.0
mIKh,1,0,1,1.0
mIKm,1,0,1,1.0
mILB,1,4,5,0.2
mILM,1,1,2,0.5
mILN,2,2,4,0.5
mILP,2,3,5,0.4
mILS,0,1,1,0.0
mILl,0,0,0,
mILm,2,3,5,0.4
mILn,2,0,2,1.0
mILs,3,1,4,0.75
mILt,0,0,0,
mIMB,1,6,7,0.14
mIMD,2,0,2,1.0
mIML,0,3,3,0.0
mIMM,7,7,14,0.5
mIMN,9,7,16,0.56
mIMP,10,8,18,0.56
mIMS,8,4,12,0.67
mIMb,10,6,16,0.62
mIMh,4,5,9,0.44
mIMj,2,1,3,0.67
mIMl,1,0,1,1.0
mIMm,12,12,24,0.5
mIMn,8,11,19,0.42
mIMs,8,6,14,0.57
mIMt,0,2,2,0.0
mINB,3,6,9,0.33
mIND,2,1,3,0.67
mINH,2,3,5,0.4
mINI,0,1,1,0.0
mINK,0,1,1,0.0
mINL,0,2,2,0.0
mINM,6,10,16,0.38
mINN,10,9,19,0.53
mINP,7,11,18,0.39
mINS,6,8,14,0.43
mINb,3,5,8,0.38
mINh,1,3,4,0.25
mINl,2,1,3,0.67
mINm,10,8,18,0.56
mINn,13,13,26,0.5
mINs,6,8,14,0.43
mINt,0,2,2,0.0
mIPB,6,5,11,0.55
mIPD,0,1,1,0.0
mIPH,2,3,5,0.4
mIPI,2,0,2,1.0
mIPK,2,1,3,0.67
mIPL,2,5,7,0.29
mIPM,9,15,24,0.38
mIPN,6,7,13,0.46
mIPP,9,9,18,0.5
mIPS,6,3,9,0.67
mIPb,9,3,12,0.75
mIPh,1,2,3,0.33
mIPm,11,6,17,0.65
mIPn,10,3,13,0.77
mIPs,5,10,15,0.33
mIPt,1,1,2,0.5
mISB,8,3,11,0.73
mISD,1,0,1,1.0
mISH,2,5,7,0.29
mISI,1,0,1,1.0
mISL,3,2,5,0.6
mISM,6,8,14,0.43
mISN,4,4,8,0.5
mISP,4,6,10,0.4
mISS,10,5,15,0.67
mISb,3,4,7,0.43
mISh,5,1,6,0.83
mISl,1,2,3,0.33
mISm,6,7,13,0.46
mISn,5,5,10,0.5
mISs,11,5,16,0.69
mISt,3,2,5,0.6
mIbB,5,8,13,0.38
mIbD,1,0,1,1.0
mIbH,1,0,1,1.0
mIbI,0,1,1,0.0
mIbJ,4,2,6,0.67
mIbK,1,1,2,0.5
mIbL,1,3,4,0.25
mIbM,10,13,23,0.43
mIbN,4,7,11,0.36
mIbP,10,8,18,0.56
mIbS,2,2,4,0.5
mIbb,8,7,15,0.53
mIbl,4,2,6,0.67
mIbm,6,2,8,0.75
mIbn,7,10,17,0.41
mIbs,7,0,7,1.0
mIhI,0,0,0,
mIhM,0,1,1,0.0
mIhm,0,2,2,0.0
mIhn,0,0,0,
mIhs,1,0,1,1.0
mIlB,0,1,1,0.0
mIlH,2,1,3,0.67
mIlI,1,0,1,1.0
mIlL,0,1,1,0.0
mIlM,1,2,3,0.33
mIlN,6,0,6,1.0
mIlP,0,3,3,0.0
mIlS,3,2,5,0.6
mIlb,0,3,3,0.0
mIlm,2,0,2,1.0
mIln,2,1,3,0.67
mIls,2,1,3,0.67
mImB,7,3,10,0.7
mImD,2,1,3,0.67
mImH,6,3,9,0.67
mImI,2,0,2,1.0
mImJ,2,0,2,1.0
mImL,0,1,1,0.0
mImM,6,9,15,0.4
mImN,7,8,15,0.47
mImP,5,7,12,0.42
mImS,7,5,12,0.58
mImb,14,3,17,0.82
mIml,1,0,1,1.0
mImm,9,3,12,0.75
mImn,8,5,13,0.62
mInB,5,6,11,0.45
mInD,1,1,2,0.5
mInH,3,5,8,0.38
mInI,1,1,2,0.5
mInK,1,2,3,0.33
mInL,2,1,3,0.67
mInM,6,9,15,0.4
mInN,11,10,21,0.52
mInP,8,5,13,0.62
mInS,7,5,12,0.58
mInb,4,7,11,0.36
mInh,0,1,1,0.0
mInl,1,2,3,0.33
mInm,7,6,13,0.54
mInn,7,4,11,0.64
mIns,4,2,6,0.67
mIsB,1,4,5,0.2
mIsH,1,5,6,0.17
mIsI,3,1,4,0.75
mIsL,1,2,3,0.33
mIsM,8,8,16,0.5
mIsN,3,8,11,0.27
mIsP,3,4,7,0.43
mIsS,6,2,8,0.75
mIsb,2,4,6,0.33
mIsl,0,1,1,0.0
mIsm,4,3,7,0.57
mIsn,5,1,6,0.83
mIss,7,3,10,0.7
mIst,1,0,1,1.0
mItB,0,2,2,0.0
mItM,1,0,1,1.0
mItN,0,2,2,0.0
mItS,1,0,1,1.0
mItm,1,0,1,1.0
mItn,1,0,1,1.0
mJBB,13,9,22,0.59
mJBD,0,4,4,0.0
mJBK,1,0,1,1.0
mJBL,2,3,5,0.4
mJBM,10,12,22,0.45
mJBN,11,19,30,0.37
mJBP,6,10,16,0.38
mJBS,3,14,17,0.18
mJBb,16,8,24,0.67
mJBh,2,1,3,0.67
mJBj,2,5,7,0.29
mJBl,3,1,4,0.75
mJBm,17,14,31,0.55
mJBn,12,13,25,0.48
mJBs,10,9,19,0.53
mJBt,4,2,6,0.67
mJDB,1,2,3,0.33
mJDD,0,1,1,0.0
mJDH,2,1,3,0.67
mJDI,0,1,1,0.0
mJDL,2,1,3,0.67
mJDM,2,4,6,0.33
mJDN,0,3,3,0.0
mJDP,6,2,8,0.75
mJDS,1,2,3,0.33
mJDb,2,2,4,0.5
mJDl,2,0,2,1.0
mJDm,2,3,5,0.4
mJDn,1,0,1,1.0
mJDs,2,2,4,0.5
mJHB,5,3,8,0.62
mJHD,0,3,3,0.0
mJHH,1,0,1,1.0
mJHI,0,1,1,0.0
mJHK,0,1,1,0.0
mJHL,2,2,4,0.5
mJHM,5,12,17,0.29
mJHN,5,2,7,0.71
mJHP,6,10,16,0.38
mJHS,4,8,12,0.33
mJHb,4,3,7,0.57
mJHh,3,3,6,0.5
mJHm,7,4,11,0.64
mJHn,8,5,13,0.62
mJHs,6,3,9,0.67
mJHt,2,1,3,0.67
mJIB,1,2,3,0.33
mJID,1,1,2,0.5
mJIH,5,0,5,1.0
mJIL,0,2,2,0.0
mJIM,4,5,9,0.44
mJIN,0,2,2,0.0
mJIP,1,1,2,0.5
mJIS,1,3,4,0.25
mJIb,2,4,6,0.33
mJIh,1,0,1,1.0
mJIl,1,2,3,0.33
mJIm,2,2,4,0.5
mJIn,1,1,2,0.5
mJIs,1,2,3,0.33
mJIt,1,0,1,1.0
mJKB,2,0,2,1.0
mJKL,0,2,2,0.0
mJKM,1,1,2,0.5
mJKP,1,3,4,0.25
mJKS,1,1,2,0.5
mJKb,0,0,0,
mJKh,0,1,1,0.0
mJKl,0,1,1,0.0
mJKm,2,3,5,0.4
mJKn,1,1,2,0.5
mJKs,2,0,2,1.0
mJLB,2,6,8,0.25
mJLD,3,1,4,0.75
mJLK,1,0,1,1.0
mJLL,1,3,4,0.25
mJLM,2,9,11,0.18
mJLN,7,3,10,0.7
mJLP,5,2,7,0.71
mJLS,4,8,12,0.33
mJLb,7,3,10,0.7
mJLh,3,3,6,0.5
mJLl,2,3,5,0.4
mJLm,5,7,12,0.42
mJLn,4,7,11,0.36
mJLs,3,4,7,0.43
mJMB,13,16,29,0.45
mJMD,3,1,4,0.75
mJMI,1,0,1,1.0
mJML,3,3,6,0.5
mJMM,12,26,38,0.32
mJMN,12,14,26,0.46
mJMP,10,16,26,0.38
mJMS,4,13,17,0.24
mJMb,19,12,31,0.61
mJMh,10,9,19,0.53
mJMj,2,1,3,0.67
mJMl,7,2,9,0.78
mJMm,23,28,51,0.45
mJMn,15,23,38,0.39
mJMs,9,11,20,0.45
mJMt,1,3,4,0.25
mJNB,12,12,24,0.5
mJND,0,3,3,0.0
mJNH,4,4,8,0.5
mJNI,1,0,1,1.0
mJNK,0,1,1,0.0
mJNL,2,7,9,0.22
mJNM,10,17,27,0.37
mJNN,16,16,32,0.5
mJNP,21,14,35,0.6
mJNS,11,12,23,0.48
mJNb,11,13,24,0.46
mJNh,8,5,13,0.62
mJNl,2,8,10,0.2
mJNm,18,17,35,0.51
mJNn,20,22,42,0.48
mJNs,19,18,37,0.51
mJNt,3,1,4,0.75
mJPB,12,8,20,0.6
mJPD,1,4,5,0.2
mJPH,7,4,11,0.64
mJPI,5,4,9,0.56
mJPK,2,1,3,0.67
mJPL,3,5,8,0.38
mJPM,23,23,46,0.5
mJPN,19,13,32,0.59
mJPP,16,19,35,0.46
mJPS,12,10,22,0.55
mJPb,15,12,27,0.56
mJPh,3,4,7,0.43
mJPl,10,6,16,0.62
mJPm,25,13,38,0.66
mJPn,8,12,20,0.4
mJPs,16,12,28,0.57
mJPt,4,5,9,0.44
mJSB,2,12,14,0.14
mJSD,2,0,2,1.0
mJSH,4,3,7,0.57
mJSI,4,0,4,1.0
mJSK,1,1,2,0.5
mJSL,5,4,9,0.56
mJSM,21,8,29,0.72
mJSN,6,15,21,0.29
mJSP,9,7,16,0.56
mJSS,12,15,27,0.44
mJSb,5,4,9,0.56
mJSh,5,6,11,0.45
mJSl,4,6,10,0.4
mJSm,18,7,25,0.72
mJSn,10,10,20,0.5
mJSs,18,12,30,0.6
mJSt,3,2,5,0.6
mJbB,15,17,32,0.47
mJbD,1,1,2,0.5
mJbH,2,3,5,0.4
mJbI,2,2,4,0.5
mJbJ,6,2,8,0.75
mJbK,0,2,2,0.0
mJbL,5,4,9,0.56
mJbM,14,14,28,0.5
mJbN,25,13,38,0.66
mJbP,17,19,36,0.47
mJbS,5,3,8,0.62
mJbb,17,16,33,0.52
mJbh,0,1,1,0.0
mJbl,4,8,12,0.33
mJbm,19,10,29,0.66
mJbn,15,11,26,0.58
mJbs,6,7,13,0.46
mJhB,2,0,2,1.0
mJhD,0,1,1,0.0
mJhI,2,1,3,0.67
mJhM,2,2,4,0.5
mJhN,1,2,3,0.33
mJhP,4,2,6,0.67
mJhS,1,0,1,1.0
mJhb,1,2,3,0.33
mJhh,1,1,2,0.5
mJhm,1,1,2,0.5
mJhn,0,3,3,0.0
mJhs,1,1,2,0.5
mJlB,7,4,11,0.64
mJlH,4,5,9,0.44
mJlJ,2,2,4,0.5
mJlK,0,2,2,0.0
mJlL,1,0,1,1.0
mJlM,5,5,10,0.5
mJlN,6,8,14,0.43
mJlP,4,2,6,0.67
mJlS,1,0,1,1.0
mJlb,2,2,4,0.5
mJll,1,0,1,1.0
mJlm,7,8,15,0.47
mJln,4,2,6,0.67
mJls,2,2,4,0.5
mJmB,20,18,38,0.53
mJmD,1,2,3,0.33
mJmH,10,10,20,0.5
mJmI,0,2,2,0.0
mJmJ,4,2,6,0.67
mJmK,2,0,2,1.0
mJmL,2,3,5,0.4
mJmM,18,36,54,0.33
mJmN,18,14,32,0.56
mJmP,14,10,24,0.58
mJmS,5,11,16,0.31
mJmb,20,11,31,0.65
mJmh,1,1,2,0.5
mJml,6,5,11,0.55
mJmm,12,20,32,0.38
mJmn,16,15,31,0.52
mJms,8,7,15,0.53
mJnB,5,10,15,0.33
mJnD,2,2,4,0.5
mJnH,7,5,12,0.58
mJnI,1,1,2,0.5
mJnL,3,0,3,1.0
mJnM,13,12,25,0.52
mJnN,18,10,28,0.64
mJnP,15,19,34,0.44
mJnS,9,10,19,0.47
mJnb,14,10,24,0.58
mJnh,0,1,1,0.0
mJnl,6,3,9,0.67
mJnm,17,9,26,0.65
mJnn,14,10,24,0.58
mJns,8,11,19,0.42
mJnt,0,0,0,
mJsB,10,11,21,0.48
mJsD,2,1,3,0.67
mJsH,3,7,10,0.3
mJsI,4,0,4,1.0
mJsK,1,1,2,0.5
mJsL,2,3,5,0.4
mJsM,9,10,19,0.47
mJsN,9,13,22,0.41
mJsP,14,13,27,0.52
mJsS,12,17,29,0.41
mJsb,4,11,15,0.27
mJsh,0,2,2,0.0
mJsl,1,3,4,0.25
mJsm,20,9,29,0.69
mJsn,11,7,18,0.61
mJss,17,6,23,0.74
mJtB,0,7,7,0.0
mJtH,4,2,6,0.67
mJtL,1,2,3,0.33
mJtM,2,4,6,0.33
mJtN,3,3,6,0.5
mJtP,1,2,3,0.33
mJtS,1,1,2,0.5
mJtb,3,2,5,0.6
mJth,0,1,1,0.0
mJtl,0,1,1,0.0
mJtm,4,1,5,0.8
mJtn,3,1,4,0.75
mJts,0,2,2,0.0
mJtt,1,1,2,0.5
mKBB,1,3,4,0.25
mKBM,1,0,1,1.0
mKBN,1,2,3,0.33
mKBP,2,2,4,0.5
mKBS,1,3,4,0.25
mKBb,1,0,1,1.0
mKBl,0,1,1,0.0
mKBm,3,2,5,0.6
mKBn,1,4,5,0.2
mKBs,0,0,0,
mKBt,0,1,1,0.0
mKDN,1,0,1,1.0
mKDS,0,1,1,0.0
mKDb,1,0,1,1.0
mKDn,0,0,0,
mKDs,1,0,1,1.0
mKHB,1,0,1,1.0
mKHK,1,0,1,1.0
mKHm,0,1,1,0.0
mKHn,0,0,0,
mKHs,0,0,0,
mKIB,0,1,1,0.0
mKIM,1,1,2,0.5
mKIN,0,0,0,
mKIP,0,1,1,0.0
mKIS,0,2,2,0.0
mKIb,0,1,1,0.0
mKIh,2,0,2,1.0
mKIs,1,1,2,0.5
mKLB,1,0,1,1.0
mKLD,0,1,1,0.0
mKLM,0,0,0,
mKLh,2,0,2,1.0
mKLm,0,1,1,0.0
mKLs,1,0,1,1.0
mKMB,0,4,4,0.0
mKMK,1,0,1,1.0
mKML,0,0,0,
mKMM,3,4,7,0.43
mKMN,4,2,6,0.67
mKMP,0,1,1,0.0
mKMS,2,3,5,0.4
mKMb,0,2,2,0.0
mKMh,1,3,4,0.25
mKMj,2,1,3,0.67
mKMl,0,0,0,
mKMm,3,2,5,0.6
mKMn,1,3,4,0.25
mKMs,0,1,1,0.0
mKNB,1,0,1,1.0
mKND,0,0,0,
mKNH,1,0,1,1.0
mKNK,1,0,1,1.0
mKNM,0,4,4,0.0
mKNN,3,0,3,1.0
mKNP,2,1,3,0.67
mKNS,1,1,2,0.5
mKNb,2,0,2,1.0
mKNm,0,1,1,0.0
mKNn,1,0,1,1.0
mKNs,1,0,1,1.0
mKNt,0,0,0,
mKPB,1,1,2,0.5
mKPD,1,0,1,1.0
mKPH,0,1,1,0.0
mKPI,0,1,1,0.0
mKPK,0,1,1,0.0
mKPL,1,1,2,0.5
mKPM,0,2,2,0.0
mKPN,2,2,4,0.5
mKPP,1,1,2,0.5
mKPS,0,1,1,0.0
mKPb,1,3,4,0.25
mKPh,0,1,1,0.0
mKPl,0,1,1,0.0
mKPm,4,2,6,0.67
mKPn,1,1,2,0.5
mKPs,1,1,2,0.5
mKSB,0,1,1,0.0
mKSH,0,1,1,0.0
mKSI,1,0,1,1.0
mKSL,0,1,1,0.0
mKSM,0,4,4,0.0
mKSN,2,1,3,0.67
mKSP,2,2,4,0.5
mKSS,2,3,5,0.4
mKSb,0,1,1,0.0
mKSh,1,1,2,0.5
mKSl,0,1,1,0.0
mKSm,5,2,7,0.71
mKSn,0,1,1,0.0
mKSs,2,0,2,1.0
mKbB,0,3,3,0.0
mKbD,0,2,2,0.0
mKbH,1,0,1,1.0
mKbJ,2,2,4,0.5
mKbM,0,3,3,0.0
mKbN,1,0,1,1.0
mKbP,1,0,1,1.0
mKbS,0,1,1,0.0
mKbb,1,3,4,0.25
mKbm,0,0,0,
mKbn,3,1,4,0.75
mKbs,0,2,2,0.0
mKhB,2,1,3,0.67
mKhI,1,0,1,1.0
mKhL,0,0,0,
mKhM,1,0,1,1.0
mKhN,0,1,1,0.0
mKhP,1,0,1,1.0
mKhS,2,2,4,0.5
mKhb,1,2,3,0.33
mKhh,0,1,1,0.0
mKhl,1,1,2,0.5
mKhm,1,0,1,1.0
mKhn,0,2,2,0.0
mKhs,2,1,3,0.67
mKlH,1,0,1,1.0
mKlM,0,1,1,0.0
mKlS,0,1,1,0.0
mKlb,0,1,1,0.0
mKln,0,0,0,
mKmB,3,4,7,0.43
mKmD,1,1,2,0.5
mKmH,0,2,2,0.0
mKmM,2,3,5,0.4
mKmN,4,1,5,0.8
mKmP,1,2,3,0.33
mKmS,1,6,7,0.14
mKmb,1,1,2,0.5
mKml,0,1,1,0.0
mKmm,2,4,6,0.33
mKmn,4,0,4,1.0
mKnB,0,2,2,0.0
mKnH,2,0,2,1.0
mKnK,0,1,1,0.0
mKnL,0,1,1,0.0
mKnM,0,0,0,
mKnN,1,3,4,0.25
mKnP,1,1,2,0.5
mKnS,1,0,1,1.0
mKnb,1,2,3,0.33
mKnh,0,1,1,0.0
mKnl,0,2,2,0.0
mKnm,2,2,4,0.5
mKnn,2,1,3,0.67
mKns,1,0,1,1.0
mKsB,1,0,1,1.0
mKsD,1,0,1,1.0
mKsH,2,2,4,0.5
mKsI,0,1,1,0.0
mKsM,4,1,5,0.8
mKsN,2,4,6,0.33
mKsP,0,2,2,0.0
mKsS,2,2,4,0.5
mKsb,0,0,0,
mKsl,1,0,1,1.0
mKsm,1,1,2,0.5
mKsn,3,1,4,0.75
mKss,0,0,0,
mKtB,0,1,1,0.0
mKtI,0,0,0,
mKtS,0,1,1,0.0
mLBB,20,22,42,0.48
mLBD,1,3,4,0.25
mLBK,1,2,3,0.33
mLBL,2,4,6,0.33
mLBM,7,10,17,0.41
mLBN,14,16,30,0.47
mLBP,13,9,22,0.59
mLBS,8,7,15,0.53
mLBb,13,16,29,0.45
mLBh,1,1,2,0.5
mLBj,5,3,8,0.62
mLBl,4,8,12,0.33
mLBm,20,11,31,0.65
mLBn,13,15,28,0.46
mLBs,9,7,16,0.56
mLBt,5,2,7,0.71
mLDB,3,1,4,0.75
mLDD,1,0,1,1.0
mLDH,3,3,6,0.5
mLDI,0,1,1,0.0
mLDL,2,1,3,0.67
mLDM,1,4,5,0.2
mLDN,2,2,4,0.5
mLDP,2,9,11,0.18
mLDS,0,4,4,0.0
mLDb,3,2,5,0.6
mLDm,2,1,3,0.67
mLDn,1,3,4,0.25
mLDs,4,3,7,0.57
mLDt,0,0,0,
mLHM,0,2,2,0.0
mLHP,1,0,1,1.0
mLHb,1,1,2,0.5
mLHl,1,0,1,1.0
mLHn,0,2,2,0.0
mLHs,0,1,1,0.0
mLIM,0,1,1,0.0
mLKB,3,0,3,1.0
mLKD,1,0,1,1.0
mLKH,0,1,1,0.0
mLKM,2,0,2,1.0
mLKN,1,0,1,1.0
mLKP,2,1,3,0.67
mLKS,2,2,4,0.5
mLKb,0,1,1,0.0
mLKh,2,1,3,0.67
mLKm,3,4,7,0.43
mLKs,4,2,6,0.67
mLLB,5,5,10,0.5
mLLD,1,0,1,1.0
mLLL,3,3,6,0.5
mLLM,2,1,3,0.67
mLLN,5,4,9,0.56
mLLP,4,3,7,0.57
mLLS,4,2,6,0.67
mLLb,1,4,5,0.2
mLLh,1,4,5,0.2
mLLj,1,1,2,0.5
mLLl,7,1,8,0.88
mLLm,10,3,13,0.77
mLLn,7,10,17,0.41
mLLs,7,10,17,0.41
mLLt,0,2,2,0.0
mLMB,12,17,29,0.41
mLMD,1,5,6,0.17
mLMH,0,1,1,0.0
mLMK,1,1,2,0.5
mLML,5,6,11,0.45
mLMM,17,24,41,0.41
mLMN,15,22,37,0.41
mLMP,24,26,50,0.48
mLMS,8,10,18,0.44
mLMb,17,16,33,0.52
mLMh,13,15,28,0.46
mLMj,2,4,6,0.33
mLMl,4,6,10,0.4
mLMm,13,16,29,0.45
mLMn,23,22,45,0.51
mLMs,16,14,30,0.53
mLMt,1,0,1,1.0
mLNB,10,12,22,0.45
mLND,1,3,4,0.25
mLNH,3,3,6,0.5
mLNK,3,0,3,1.0
mLNL,5,2,7,0.71
mLNM,10,19,29,0.34
mLNN,34,27,61,0.56
mLNP,27,25,52,0.52
mLNS,12,11,23,0.52
mLNb,15,13,28,0.54
mLNh,1,5,6,0.17
mLNl,2,9,11,0.18
mLNm,24,13,37,0.65
mLNn,18,32,50,0.36
mLNs,21,12,33,0.64
mLNt,1,2,3,0.33
mLPB,14,12,26,0.54
mLPD,2,3,5,0.4
mLPH,4,10,14,0.29
mLPI,3,3,6,0.5
mLPK,3,5,8,0.38
mLPL,9,7,16,0.56
mLPM,10,16,26,0.38
mLPN,19,22,41,0.46
mLPP,24,18,42,0.57
mLPS,14,24,38,0.37
mLPb,11,15,26,0.42
mLPh,2,2,4,0.5
mLPl,11,4,15,0.73
mLPm,24,16,40,0.6
mLPn,17,15,32,0.53
mLPs,20,13,33,0.61
mLPt,1,3,4,0.25
mLSB,11,9,20,0.55
mLSD,3,2,5,0.6
mLSH,6,4,10,0.6
mLSI,1,1,2,0.5
mLSK,1,0,1,1.0
mLSL,2,5,7,0.29
mLSM,13,15,28,0.46
mLSN,8,16,24,0.33
mLSP,15,15,30,0.5
mLSS,17,20,37,0.46
mLSb,12,8,20,0.6
mLSh,8,3,11,0.73
mLSl,5,4,9,0.56
mLSm,17,17,34,0.5
mLSn,16,17,33,0.48
mLSs,13,16,29,0.45
mLSt,0,3,3,0.0
mLbB,6,13,19,0.32
mLbD,4,3,7,0.57
mLbH,7,7,14,0.5
mLbI,0,1,1,0.0
mLbJ,6,4,10,0.6
mLbK,1,0,1,1.0
mLbL,1,5,6,0.17
mLbM,12,15,27,0.44
mLbN,20,21,41,0.49
mLbP,14,13,27,0.52
mLbS,8,9,17,0.47
mLbb,14,15,29,0.48
mLbl,5,4,9,0.56
mLbm,14,12,26,0.54
mLbn,15,11,26,0.58
mLbs,8,10,18,0.44
mLhB,7,6,13,0.54
mLhD,2,0,2,1.0
mLhH,2,3,5,0.4
mLhK,1,0,1,1.0
mLhL,0,3,3,0.0
mLhM,9,9,18,0.5
mLhN,12,11,23,0.52
mLhP,11,11,22,0.5
mLhS,11,2,13,0.85
mLhb,6,7,13,0.46
mLhh,4,4,8,0.5
mLhl,4,1,5,0.8
mLhm,4,6,10,0.4
mLhn,6,6,12,0.5
mLhs,13,5,18,0.72
mLht,2,0,2,1.0
mLjB,4,4,8,0.5
mLjD,0,1,1,0.0
mLjH,0,2,2,0.0
mLjI,1,3,4,0.25
mLjK,1,0,1,1.0
mLjL,2,0,2,1.0
mLjM,8,0,8,1.0
mLjN,0,5,5,0.0
mLjP,6,5,11,0.55
mLjS,3,0,3,1.0
mLjb,2,2,4,0.5
mLjh,0,1,1,0.0
mLjl,1,0,1,1.0
mLjm,5,6,11,0.45
mLjn,2,4,6,0.33
mLjs,3,0,3,1.0
mLjt,0,0,0,
mLlB,4,3,7,0.57
mLlD,0,2,2,0.0
mLlH,5,5,10,0.5
mLlI,1,1,2,0.5
mLlJ,3,1,4,0.75
mLlL,3,1,4,0.75
mLlM,4,6,10,0.4
mLlN,7,5,12,0.58
mLlP,2,7,9,0.22
mLlS,4,1,5,0.8
mLlb,7,2,9,0.78
mLll,0,3,3,0.0
mLlm,8,4,12,0.67
mLln,3,5,8,0.38
mLls,7,4,11,0.64
mLmB,13,17,30,0.43
mLmD,4,4,8,0.5
mLmH,17,21,38,0.45
mLmI,1,2,3,0.33
mLmJ,4,6,10,0.4
mLmK,0,1,1,0.0
mLmL,4,9,13,0.31
mLmM,19,30,49,0.39
mLmN,21,27,48,0.44
mLmP,23,19,42,0.55
mLmS,15,16,31,0.48
mLmb,17,16,33,0.52
mLmh,1,0,1,1.0
mLml,9,4,13,0.69
mLmm,16,22,38,0.42
mLmn,22,20,42,0.52
mLms,13,12,25,0.52
mLnB,18,26,44,0.41
mLnD,3,3,6,0.5
mLnH,14,18,32,0.44
mLnI,9,2,11,0.82
mLnK,1,2,3,0.33
mLnL,7,5,12,0.58
mLnM,24,28,52,0.46
mLnN,31,34,65,0.48
mLnP,33,24,57,0.58
mLnS,18,29,47,0.38
mLnb,21,14,35,0.6
mLnh,1,3,4,0.25
mLnl,8,4,12,0.67
mLnm,35,22,57,0.61
mLnn,23,32,55,0.42
mLns,25,18,43,0.58
mLsB,9,10,19,0.47
mLsD,5,3,8,0.62
mLsH,17,25,42,0.4
mLsI,1,7,8,0.12
mLsL,8,5,13,0.62
mLsM,11,12,23,0.48
mLsN,12,19,31,0.39
mLsP,14,15,29,0.48
mLsS,18,19,37,0.49
mLsb,13,1,14,0.93
mLsh,2,2,4,0.5
mLsl,4,3,7,0.57
mLsm,10,8,18,0.56
mLsn,16,16,32,0.5
mLss,19,8,27,0.7
mLtB,3,3,6,0.5
mLtD,0,0,0,
mLtH,5,0,5,1.0
mLtI,0,0,0,
mLtL,0,1,1,0.0
mLtM,2,1,3,0.67
mLtN,3,3,6,0.5
mLtP,7,2,9,0.78
mLtS,2,5,7,0.29
mLtb,2,2,4,0.5
mLtl,1,1,2,0.5
mLtm,1,0,1,1.0
mLtn,0,0,0,
mLts,0,0,0,
mLtt,1,1,2,0.5
mMBB,51,65,116,0.44
mMBD,10,7,17,0.59
mMBH,1,2,3,0.33
mMBI,0,0,0,
mMBK,3,8,11,0.27
mMBL,10,9,19,0.53
mMBM,44,72,116,0.38
mMBN,62,71,133,0.47
mMBP,50,65,115,0.43
mMBS,30,30,60,0.5
mMBb,55,44,99,0.56
mMBh,5,8,13,0.38
mMBj,14,13,27,0.52
mMBl,10,14,24,0.42
mMBm,68,73,141,0.48
mMBn,80,74,154,0.52
mMBs,35,31,66,0.53
mMBt,10,8,18,0.56
mMDB,8,8,16,0.5
mMDD,3,4,7,0.43
mMDH,7,9,16,0.44
mMDI,3,1,4,0.75
mMDL,3,2,5,0.6
mMDM,9,17,26,0.35
mMDN,13,13,26,0.5
mMDP,11,15,26,0.42
mMDS,13,29,42,0.31
mMDb,6,8,14,0.43
mMDh,1,2,3,0.33
mMDl,3,2,5,0.6
mMDm,18,18,36,0.5
mMDn,11,9,20,0.55
mMDs,11,11,22,0.5
mMDt,1,2,3,0.33
mMHB,2,1,3,0.67
mMHH,1,0,1,1.0
mMHM,1,4,5,0.2
mMHN,1,0,1,1.0
mMHP,2,0,2,1.0
mMHS,2,4,6,0.33
mMHb,0,1,1,0.0
mMHh,1,0,1,1.0
mMHl,1,0,1,1.0
mMHm,1,1,2,0.5
mMHn,2,1,3,0.67
mMHs,0,1,1,0.0
mMIM,1,0,1,1.0
mMIS,1,1,2,0.5
mMIm,0,1,1,0.0
mMIn,1,0,1,1.0
mMIs,1,0,1,1.0
mMKB,1,2,3,0.33
mMKI,0,1,1,0.0
mMKL,0,1,1,0.0
mMKM,3,2,5,0.6
mMKN,1,1,2,0.5
mMKP,4,3,7,0.57
mMKS,2,4,6,0.33
mMKb,3,0,3,1.0
mMKh,1,4,5,0.2
mMKl,2,0,2,1.0
mMKm,3,2,5,0.6
mMKn,5,3,8,0.62
mMKs,2,4,6,0.33
mMKt,0,0,0,
mMLB,16,16,32,0.5
mMLD,3,0,3,1.0
mMLK,0,1,1,0.0
mMLL,5,2,7,0.71
mMLM,6,9,15,0.4
mMLN,17,17,34,0.5
mMLP,12,21,33,0.36
mMLS,10,15,25,0.4
mMLb,13,16,29,0.45
mMLh,10,9,19,0.53
mMLj,2,2,4,0.5
mMLl,9,4,13,0.69
mMLm,14,9,23,0.61
mMLn,12,18,30,0.4
mMLs,15,11,26,0.58
mMLt,4,2,6,0.67
mMMB,71,68,139,0.51
mMMD,11,7,18,0.61
mMMH,3,1,4,0.75
mMMI,0,1,1,0.0
mMMK,2,4,6,0.33
mMML,14,7,21,0.67
mMMM,74,81,155,0.48
mMMN,57,78,135,0.42
mMMP,89,75,164,0.54
mMMS,50,59,109,0.46
mMMb,51,76,127,0.4
mMMh,50,58,108,0.46
mMMj,5,7,12,0.42
mMMl,20,13,33,0.61
mMMm,92,78,170,0.54
mMMn,87,101,188,0.46
mMMs,36,50,86,0.42
mMMt,12,9,21,0.57
mMNB,61,69,130,0.47
mMND,17,21,38,0.45
mMNH,21,24,45,0.47
mMNI,1,6,7,0.14
mMNK,8,5,13,0.62
mMNL,17,11,28,0.61
mMNM,62,95,157,0.39
mMNN,111,103,214,0.52
mMNP,95,82,177,0.54
mMNS,64,63,127,0.5
mMNb,57,59,116,0.49
mMNh,27,38,65,0.42
mMNl,10,12,22,0.45
mMNm,90,80,170,0.53
mMNn,109,113,222,0.49
mMNs,62,63,125,0.5
mMNt,16,15,31,0.52
mMPB,55,60,115,0.48
mMPD,8,3,11,0.73
mMPH,21,25,46,0.46
mMPI,11,6,17,0.65
mMPK,3,8,11,0.27
mMPL,19,15,34,0.56
mMPM,77,78,155,0.5
mMPN,85,73,158,0.54
mMPP,105,94,199,0.53
mMPS,42,75,117,0.36
mMPb,60,53,113,0.53
mMPh,9,8,17,0.53
mMPl,16,22,38,0.42
mMPm,116,61,177,0.66
mMPn,90,68,158,0.57
mMPs,54,63,117,0.46
mMPt,10,13,23,0.43
mMSB,46,34,80,0.57
mMSD,14,8,22,0.64
mMSH,35,24,59,0.59
mMSI,4,2,6,0.67
mMSK,3,3,6,0.5
mMSL,9,11,20,0.45
mMSM,48,62,110,0.44
mMSN,46,75,121,0.38
mMSP,42,57,99,0.42
mMSS,61,75,136,0.45
mMSb,35,29,64,0.55
mMSh,36,37,73,0.49
mMSl,14,7,21,0.67
mMSm,78,48,126,0.62
mMSn,66,57,123,0.54
mMSs,71,58,129,0.55
mMSt,12,10,22,0.55
mMbB,39,46,85,0.46
mMbD,5,3,8,0.62
mMbH,27,27,54,0.5
mMbI,7,4,11,0.64
mMbJ,19,17,36,0.53
mMbK,6,14,20,0.3
mMbL,13,14,27,0.48
mMbM,54,63,117,0.46
mMbN,76,83,159,0.48
mMbP,64,58,122,0.52
mMbS,43,41,84,0.51
mMbb,52,33,85,0.61
mMbl,16,9,25,0.64
mMbm,50,49,99,0.51
mMbn,67,71,138,0.49
mMbs,45,38,83,0.54
mMhB,44,39,83,0.53
mMhD,12,7,19,0.63
mMhH,12,10,22,0.55
mMhI,8,8,16,0.5
mMhK,1,2,3,0.33
mMhL,14,12,26,0.54
mMhM,56,66,122,0.46
mMhN,48,70,118,0.41
mMhP,66,60,126,0.52
mMhS,63,37,100,0.63
mMhb,44,31,75,0.59
mMhh,42,43,85,0.49
mMhl,10,14,24,0.42
mMhm,74,53,127,0.58
mMhn,72,63,135,0.53
mMhs,68,53,121,0.56
mMht,4,6,10,0.4
mMjB,7,7,14,0.5
mMjD,1,1,2,0.5
mMjH,4,2,6,0.67
mMjI,3,2,5,0.6
mMjK,1,1,2,0.5
mMjL,4,1,5,0.8
mMjM,14,12,26,0.54
mMjN,11,13,24,0.46
mMjP,14,10,24,0.58
mMjS,11,10,21,0.52
mMjb,5,6,11,0.45
mMjh,1,0,1,1.0
mMjl,8,4,12,0.67
mMjm,14,14,28,0.5
mMjn,8,12,20,0.4
mMjs,13,8,21,0.62
mMjt,1,1,2,0.5
mMlB,16,9,25,0.64
mMlD,3,1,4,0.75
mMlH,12,12,24,0.5
mMlI,1,3,4,0.25
mMlJ,12,4,16,0.75
mMlK,0,1,1,0.0
mMlL,8,9,17,0.47
mMlM,20,21,41,0.49
mMlN,21,17,38,0.55
mMlP,16,17,33,0.48
mMlS,14,18,32,0.44
mMlb,9,10,19,0.47
mMlh,0,1,1,0.0
mMll,3,3,6,0.5
mMlm,20,24,44,0.45
mMln,15,12,27,0.56
mMls,10,14,24,0.42
mMmB,57,65,122,0.47
mMmD,13,19,32,0.41
mMmH,60,59,119,0.5
mMmI,15,6,21,0.71
mMmJ,19,20,39,0.49
mMmK,3,1,4,0.75
mMmL,12,17,29,0.41
mMmM,87,130,217,0.4
mMmN,109,115,224,0.49
mMmP,82,94,176,0.47
mMmS,68,67,135,0.5
mMmb,73,75,148,0.49
mMmh,0,2,2,0.0
mMml,12,4,16,0.75
mMmm,87,59,146,0.6
mMmn,111,86,197,0.56
mMms,53,44,97,0.55
mMnB,62,84,146,0.42
mMnD,16,15,31,0.52
mMnH,66,68,134,0.49
mMnI,17,20,37,0.46
mMnK,10,13,23,0.43
mMnL,17,22,39,0.44
mMnM,99,127,226,0.44
mMnN,174,139,313,0.56
mMnP,129,133,262,0.49
mMnS,92,99,191,0.48
mMnb,73,57,130,0.56
mMnh,8,11,19,0.42
mMnl,18,20,38,0.47
mMnm,98,83,181,0.54
mMnn,133,142,275,0.48
mMns,81,100,181,0.45
mMnt,1,1,2,0.5
mMsB,36,31,67,0.54
mMsD,16,11,27,0.59
mMsH,60,59,119,0.5
mMsI,18,5,23,0.78
mMsK,1,0,1,1.0
mMsL,11,18,29,0.38
mMsM,47,60,107,0.44
mMsN,72,82,154,0.47
mMsP,54,70,124,0.44
mMsS,72,95,167,0.43
mMsb,43,39,82,0.52
mMsh,1,4,5,0.2
mMsl,9,8,17,0.53
mMsm,60,52,112,0.54
mMsn,56,68,124,0.45
mMss,71,68,139,0.51
mMst,3,3,6,0.5
mMtB,9,13,22,0.41
mMtD,4,1,5,0.8
mMtH,9,14,23,0.39
mMtI,2,5,7,0.29
mMtK,1,1,2,0.5
mMtL,2,3,5,0.4
mMtM,10,9,19,0.53
mMtN,8,14,22,0.36
mMtP,8,12,20,0.4
mMtS,8,8,16,0.5
mMtb,4,8,12,0.33
mMth,0,1,1,0.0
mMtl,5,5,10,0.5
mMtm,14,19,33,0.42
mMtn,12,21,33,0.36
mMts,11,13,24,0.46
mMtt,2,2,4,0.5
mNBB,49,53,102,0.48
mNBD,8,17,25,0.32
mNBH,0,3,3,0.0
mNBK,10,6,16,0.62
mNBL,8,11,19,0.42
mNBM,48,55,103,0.47
mNBN,68,93,161,0.42
mNBP,76,82,158,0.48
mNBS,23,33,56,0.41
mNBb,43,38,81,0.53
mNBh,3,4,7,0.43
mNBj,5,15,20,0.25
mNBl,9,13,22,0.41
mNBm,71,37,108,0.66
mNBn,87,80,167,0.52
mNBs,41,37,78,0.53
mNBt,9,7,16,0.56
mNDB,7,7,14,0.5
mNDD,4,2,6,0.67
mNDH,11,11,22,0.5
mNDI,0,3,3,0.0
mNDK,0,0,0,
mNDL,3,1,4,0.75
mNDM,10,16,26,0.38
mNDN,15,15,30,0.5
mNDP,8,15,23,0.35
mNDS,14,16,30,0.47
mNDb,9,14,23,0.39
mNDh,1,1,2,0.5
mNDl,1,2,3,0.33
mNDm,16,10,26,0.62
mNDn,14,16,30,0.47
mNDs,19,10,29,0.66
mNDt,6,0,6,1.0
mNHB,7,6,13,0.54
mNHD,3,0,3,1.0
mNHH,3,6,9,0.33
mNHI,4,1,5,0.8
mNHK,4,4,8,0.5
mNHL,9,3,12,0.75
mNHM,16,19,35,0.46
mNHN,18,27,45,0.4
mNHP,16,26,42,0.38
mNHS,13,23,36,0.36
mNHb,8,12,20,0.4
mNHh,10,7,17,0.59
mNHl,8,4,12,0.67
mNHm,15,12,27,0.56
mNHn,22,16,38,0.58
mNHs,11,13,24,0.46
mNHt,1,1,2,0.5
mNIB,1,3,4,0.25
mNID,0,1,1,0.0
mNIH,2,1,3,0.67
mNII,0,3,3,0.0
mNIL,1,0,1,1.0
mNIM,0,1,1,0.0
mNIN,3,2,5,0.6
mNIP,3,1,4,0.75
mNIS,2,0,2,1.0
mNIb,2,0,2,1.0
mNIl,0,0,0,
mNIm,6,1,7,0.86
mNIn,1,3,4,0.25
mNIs,2,2,4,0.5
mNKB,5,4,9,0.56
mNKD,1,2,3,0.33
mNKH,3,1,4,0.75
mNKI,1,1,2,0.5
mNKL,5,2,7,0.71
mNKM,11,13,24,0.46
mNKN,18,8,26,0.69
mNKP,6,13,19,0.32
mNKS,8,9,17,0.47
mNKb,6,12,18,0.33
mNKh,7,6,13,0.54
mNKl,4,1,5,0.8
mNKm,8,11,19,0.42
mNKn,8,7,15,0.53
mNKs,9,14,23,0.39
mNKt,2,1,3,0.67
mNLB,13,17,30,0.43
mNLD,2,0,2,1.0
mNLH,0,1,1,0.0
mNLK,2,0,2,1.0
mNLL,3,4,7,0.43
mNLM,19,21,40,0.48
mNLN,19,23,42,0.45
mNLP,31,19,50,0.62
mNLS,13,21,34,0.38
mNLb,9,10,19,0.47
mNLh,5,9,14,0.36
mNLj,2,5,7,0.29
mNLl,9,4,13,0.69
mNLm,13,13,26,0.5
mNLn,25,22,47,0.53
mNLs,13,21,34,0.38
mNLt,2,0,2,1.0
mNMB,59,67,126,0.47
mNMD,11,12,23,0.48
mNMI,1,2,3,0.33
mNMK,2,1,3,0.67
mNML,13,15,28,0.46
mNMM,47,89,136,0.35
mNMN,98,92,190,0.52
mNMP,70,79,149,0.47
mNMS,39,61,100,0.39
mNMb,65,58,123,0.53
mNMh,50,54,104,0.48
mNMj,8,10,18,0.44
mNMl,26,17,43,0.6
mNMm,100,66,166,0.6
mNMn,131,91,222,0.59
mNMs,70,44,114,0.61
mNMt,11,10,21,0.52
mNNB,62,61,123,0.5
mNND,21,14,35,0.6
mNNH,22,21,43,0.51
mNNI,2,4,6,0.33
mNNK,8,12,20,0.4
mNNL,28,32,60,0.47
mNNM,72,127,199,0.36
mNNN,149,138,287,0.52
mNNP,123,135,258,0.48
mNNS,82,91,173,0.47
mNNb,43,72,115,0.37
mNNh,26,43,69,0.38
mNNl,23,27,50,0.46
mNNm,128,75,203,0.63
mNNn,152,118,270,0.56
mNNs,97,63,160,0.61
mNNt,27,16,43,0.63
mNPB,67,64,131,0.51
mNPD,16,10,26,0.62
mNPH,36,30,66,0.55
mNPI,16,15,31,0.52
mNPK,9,12,21,0.43
mNPL,31,44,75,0.41
mNPM,96,106,202,0.48
mNPN,133,110,243,0.55
mNPP,119,131,250,0.48
mNPS,73,71,144,0.51
mNPb,59,64,123,0.48
mNPh,12,14,26,0.46
mNPl,29,36,65,0.45
mNPm,106,92,198,0.54
mNPn,110,83,193,0.57
mNPs,72,81,153,0.47
mNPt,12,13,25,0.48
mNSB,55,43,98,0.56
mNSD,18,12,30,0.6
mNSH,21,28,49,0.43
mNSI,6,3,9,0.67
mNSK,2,2,4,0.5
mNSL,13,28,41,0.32
mNSM,62,67,129,0.48
mNSN,73,63,136,0.54
mNSP,54,60,114,0.47
mNSS,111,78,189,0.59
mNSb,41,28,69,0.59
mNSh,53,37,90,0.59
mNSl,13,13,26,0.5
mNSm,76,61,137,0.55
mNSn,78,76,154,0.51
mNSs,77,73,150,0.51
mNSt,15,23,38,0.39
mNbB,45,44,89,0.51
mNbD,8,3,11,0.73
mNbH,11,14,25,0.44
mNbI,8,6,14,0.57
mNbJ,18,20,38,0.47
mNbK,3,8,11,0.27
mNbL,13,8,21,0.62
mNbM,50,58,108,0.46
mNbN,61,75,136,0.45
mNbP,70,53,123,0.57
mNbS,31,38,69,0.45
mNbb,60,47,107,0.56
mNbh,0,2,2,0.0
mNbl,18,11,29,0.62
mNbm,47,51,98,0.48
mNbn,81,67,148,0.55
mNbs,31,31,62,0.5
mNhB,8,13,21,0.38
mNhD,1,1,2,0.5
mNhH,11,8,19,0.58
mNhI,2,2,4,0.5
mNhL,5,3,8,0.62
mNhM,25,24,49,0.51
mNhN,21,19,40,0.52
mNhP,21,16,37,0.57
mNhS,22,24,46,0.48
mNhb,10,13,23,0.43
mNhh,20,22,42,0.48
mNhl,6,8,14,0.43
mNhm,24,26,50,0.48
mNhn,19,21,40,0.48
mNhs,24,14,38,0.63
mNht,6,6,12,0.5
mNlB,20,19,39,0.51
mNlD,1,3,4,0.25
mNlH,10,17,27,0.37
mNlI,0,2,2,0.0
mNlJ,8,5,13,0.62
mNlK,0,3,3,0.0
mNlL,5,0,5,1.0
mNlM,12,14,26,0.46
mNlN,28,20,48,0.58
mNlP,33,24,57,0.58
mNlS,16,14,30,0.53
mNlb,20,8,28,0.71
mNll,6,1,7,0.86
mNlm,20,15,35,0.57
mNln,21,10,31,0.68
mNls,7,10,17,0.41
mNmB,66,45,111,0.59
mNmD,22,13,35,0.63
mNmH,49,58,107,0.46
mNmI,7,3,10,0.7
mNmJ,18,18,36,0.5
mNmK,1,3,4,0.25
mNmL,13,18,31,0.42
mNmM,68,82,150,0.45
mNmN,93,99,192,0.48
mNmP,74,64,138,0.54
mNmS,53,58,111,0.48
mNmb,75,68,143,0.52
mNml,17,10,27,0.63
mNmm,75,69,144,0.52
mNmn,84,77,161,0.52
mNms,44,42,86,0.51
mNnB,67,62,129,0.52
mNnD,15,15,30,0.5
mNnH,75,54,129,0.58
mNnI,27,16,43,0.63
mNnK,11,12,23,0.48
mNnL,26,21,47,0.55
mNnM,96,120,216,0.44
mNnN,149,141,290,0.51
mNnP,140,129,269,0.52
mNnS,81,99,180,0.45
mNnb,81,87,168,0.48
mNnh,4,6,10,0.4
mNnl,22,16,38,0.58
mNnm,91,93,184,0.49
mNnn,135,94,229,0.59
mNns,79,76,155,0.51
mNnt,1,6,7,0.14
mNsB,43,34,77,0.56
mNsD,15,11,26,0.58
mNsH,57,73,130,0.44
mNsI,15,12,27,0.56
mNsK,5,3,8,0.62
mNsL,18,15,33,0.55
mNsM,62,69,131,0.47
mNsN,80,65,145,0.55
mNsP,62,67,129,0.48
mNsS,78,93,171,0.46
mNsb,46,37,83,0.55
mNsh,3,3,6,0.5
mNsl,16,19,35,0.46
mNsm,66,58,124,0.53
mNsn,75,58,133,0.56
mNss,68,65,133,0.51
mNst,1,0,1,1.0
mNtB,12,10,22,0.55
mNtD,0,2,2,0.0
mNtH,13,7,20,0.65
mNtI,4,0,4,1.0
mNtK,3,0,3,1.0
mNtL,4,3,7,0.57
mNtM,16,29,45,0.36
mNtN,13,19,32,0.41
mNtP,15,21,36,0.42
mNtS,16,14,30,0.53
mNtb,15,9,24,0.62
mNtl,2,3,5,0.4
mNtm,13,13,26,0.5
mNtn,15,22,37,0.41
mNts,5,24,29,0.17
mNtt,4,4,8,0.5
mPBB,53,54,107,0.5
mPBD,5,5,10,0.5
mPBH,1,1,2,0.5
mPBK,6,11,17,0.35
mPBL,14,24,38,0.37
mPBM,57,71,128,0.45
mPBN,69,76,145,0.48
mPBP,55,52,107,0.51
mPBS,36,36,72,0.5
mPBb,49,45,94,0.52
mPBh,9,9,18,0.5
mPBj,8,10,18,0.44
mPBl,16,13,29,0.55
mPBm,59,61,120,0.49
mPBn,71,60,131,0.54
mPBs,29,31,60,0.48
mPBt,5,6,11,0.45
mPDB,6,5,11,0.55
mPDD,4,1,5,0.8
mPDH,5,8,13,0.38
mPDK,0,1,1,0.0
mPDL,2,4,6,0.33
mPDM,11,10,21,0.52
mPDN,8,10,18,0.44
mPDP,11,7,18,0.61
mPDS,8,7,15,0.53
mPDb,6,6,12,0.5
mPDh,1,0,1,1.0
mPDl,4,2,6,0.67
mPDm,12,10,22,0.55
mPDn,6,9,15,0.4
mPDs,7,10,17,0.41
mPDt,2,1,3,0.67
mPHB,12,17,29,0.41
mPHD,0,2,2,0.0
mPHH,2,5,7,0.29
mPHI,2,3,5,0.4
mPHK,3,2,5,0.6
mPHL,9,6,15,0.6
mPHM,15,21,36,0.42
mPHN,22,27,49,0.45
mPHP,24,15,39,0.62
mPHS,18,23,41,0.44
mPHb,12,11,23,0.52
mPHh,6,6,12,0.5
mPHl,6,5,11,0.55
mPHm,24,19,43,0.56
mPHn,17,20,37,0.46
mPHs,15,13,28,0.54
mPHt,1,2,3,0.33
mPIB,7,8,15,0.47
mPID,1,3,4,0.25
mPIH,7,5,12,0.58
mPII,1,1,2,0.5
mPIK,0,1,1,0.0
mPIL,3,4,7,0.43
mPIM,10,13,23,0.43
mPIN,9,7,16,0.56
mPIP,12,5,17,0.71
mPIS,7,7,14,0.5
mPIb,8,9,17,0.47
mPIh,0,2,2,0.0
mPIl,0,1,1,0.0
mPIm,10,8,18,0.56
mPIn,10,9,19,0.53
mPIs,3,6,9,0.33
mPIt,1,2,3,0.33
mPKB,7,7,14,0.5
mPKD,1,3,4,0.25
mPKH,2,1,3,0.67
mPKI,4,0,4,1.0
mPKL,2,3,5,0.4
mPKM,8,9,17,0.47
mPKN,9,11,20,0.45
mPKP,11,8,19,0.58
mPKS,8,8,16,0.5
mPKb,6,15,21,0.29
mPKh,7,8,15,0.47
mPKl,4,3,7,0.57
mPKm,6,8,14,0.43
mPKn,14,2,16,0.88
mPKs,6,8,14,0.43
mPKt,0,3,3,0.0
mPLB,21,23,44,0.48
mPLD,7,3,10,0.7
mPLH,1,0,1,1.0
mPLI,1,0,1,1.0
mPLK,3,3,6,0.5
mPLL,5,6,11,0.45
mPLM,16,26,42,0.38
mPLN,18,26,44,0.41
mPLP,17,25,42,0.4
mPLS,20,19,39,0.51
mPLb,18,21,39,0.46
mPLh,9,10,19,0.47
mPLj,1,2,3,0.33
mPLl,12,7,19,0.63
mPLm,31,24,55,0.56
mPLn,36,30,66,0.55
mPLs,15,13,28,0.54
mPLt,9,2,11,0.82
mPMB,67,65,132,0.51
mPMD,9,10,19,0.47
mPMH,1,4,5,0.2
mPMK,4,2,6,0.67
mPML,13,23,36,0.36
mPMM,57,85,142,0.4
mPMN,71,74,145,0.49
mPMP,70,101,171,0.41
mPMS,45,49,94,0.48
mPMb,66,63,129,0.51
mPMh,47,59,106,0.44
mPMj,15,10,25,0.6
mPMl,21,19,40,0.52
mPMm,112,76,188,0.6
mPMn,88,87,175,0.5
mPMs,41,55,96,0.43
mPMt,9,13,22,0.41
mPNB,53,45,98,0.54
mPND,12,11,23,0.52
mPNH,16,12,28,0.57
mPNI,6,3,9,0.67
mPNK,2,8,10,0.2
mPNL,24,21,45,0.53
mPNM,88,74,162,0.54
mPNN,80,85,165,0.48
mPNP,101,96,197,0.51
mPNS,60,78,138,0.43
mPNb,53,63,116,0.46
mPNh,19,29,48,0.4
mPNl,16,23,39,0.41
mPNm,80,76,156,0.51
mPNn,75,84,159,0.47
mPNs,57,50,107,0.53
mPNt,14,11,25,0.56
mPPB,88,87,175,0.5
mPPD,13,10,23,0.57
mPPH,23,22,45,0.51
mPPI,8,8,16,0.5
mPPK,6,10,16,0.38
mPPL,40,29,69,0.58
mPPM,98,97,195,0.5
mPPN,76,85,161,0.47
mPPP,111,129,240,0.46
mPPS,72,65,137,0.53
mPPb,95,76,171,0.56
mPPh,9,18,27,0.33
mPPl,43,38,81,0.53
mPPm,105,84,189,0.56
mPPn,92,84,176,0.52
mPPs,67,61,128,0.52
mPPt,10,6,16,0.62
mPSB,41,36,77,0.53
mPSD,8,8,16,0.5
mPSH,19,17,36,0.53
mPSI,3,5,8,0.38
mPSK,1,1,2,0.5
mPSL,13,17,30,0.43
mPSM,58,66,124,0.47
mPSN,46,34,80,0.57
mPSP,60,51,111,0.54
mPSS,49,80,129,0.38
mPSb,32,32,64,0.5
mPSh,24,30,54,0.44
mPSl,16,16,32,0.5
mPSm,50,47,97,0.52
mPSn,53,45,98,0.54
mPSs,68,53,121,0.56
mPSt,6,10,16,0.38
mPbB,64,52,116,0.55
mPbD,8,5,13,0.62
mPbH,20,12,32,0.62
mPbI,7,4,11,0.64
mPbJ,24,23,47,0.51
mPbK,3,7,10,0.3
mPbL,22,18,40,0.55
mPbM,61,75,136,0.45
mPbN,73,79,152,0.48
mPbP,64,71,135,0.47
mPbS,39,34,73,0.53
mPbb,74,74,148,0.5
mPbl,23,19,42,0.55
mPbm,75,37,112,0.67
mPbn,64,41,105,0.61
mPbs,34,25,59,0.58
mPbt,0,1,1,0.0
mPhB,5,5,10,0.5
mPhD,2,3,5,0.4
mPhH,1,1,2,0.5
mPhI,2,1,3,0.67
mPhK,0,0,0,
mPhL,1,3,4,0.25
mPhM,10,12,22,0.45
mPhN,3,2,5,0.6
mPhP,7,6,13,0.54
mPhS,9,11,20,0.45
mPhb,9,2,11,0.82
mPhh,5,8,13,0.38
mPhl,0,5,5,0.0
mPhm,8,8,16,0.5
mPhn,6,8,14,0.43
mPhs,4,0,4,1.0
mPht,2,2,4,0.5
mPlB,19,20,39,0.49
mPlD,4,1,5,0.8
mPlH,16,9,25,0.64
mPlI,4,1,5,0.8
mPlJ,6,5,11,0.55
mPlK,1,3,4,0.25
mPlL,9,8,17,0.53
mPlM,18,23,41,0.44
mPlN,31,22,53,0.58
mPlP,24,24,48,0.5
mPlS,17,14,31,0.55
mPlb,17,21,38,0.45
mPll,8,5,13,0.62
mPlm,23,15,38,0.61
mPln,14,10,24,0.58
mPls,12,12,24,0.5
mPlt,1,0,1,1.0
mPmB,61,86,147,0.41
mPmD,16,8,24,0.67
mPmH,61,65,126,0.48
mPmI,8,4,12,0.67
mPmJ,13,15,28,0.46
mPmK,1,0,1,1.0
mPmL,28,15,43,0.65
mPmM,76,82,158,0.48
mPmN,81,76,157,0.52
mPmP,76,77,153,0.5
mPmS,45,43,88,0.51
mPmb,72,47,119,0.61
mPmh,1,3,4,0.25
mPml,21,10,31,0.68
mPmm,78,62,140,0.56
mPmn,58,46,104,0.56
mPms,32,26,58,0.55
mPnB,51,50,101,0.5
mPnD,5,9,14,0.36
mPnH,34,43,77,0.44
mPnI,11,15,26,0.42
mPnK,4,10,14,0.29
mPnL,20,33,53,0.38
mPnM,60,66,126,0.48
mPnN,88,94,182,0.48
mPnP,102,76,178,0.57
mPnS,61,62,123,0.5
mPnb,63,62,125,0.5
mPnh,6,4,10,0.6
mPnl,10,24,34,0.29
mPnm,61,64,125,0.49
mPnn,72,58,130,0.55
mPns,51,44,95,0.54
mPnt,2,0,2,1.0
mPsB,38,26,64,0.59
mPsD,13,11,24,0.54
mPsH,39,44,83,0.47
mPsI,11,17,28,0.39
mPsL,13,15,28,0.46
mPsM,59,58,117,0.5
mPsN,53,56,109,0.49
mPsP,66,51,117,0.56
mPsS,45,47,92,0.49
mPsb,34,44,78,0.44
mPsh,0,2,2,0.0
mPsl,11,14,25,0.44
mPsm,59,38,97,0.61
mPsn,43,30,73,0.59
mPss,47,43,90,0.52
mPtB,7,5,12,0.58
mPtD,1,1,2,0.5
mPtH,6,9,15,0.4
mPtI,2,0,2,1.0
mPtK,2,0,2,1.0
mPtL,5,2,7,0.71
mPtM,7,10,17,0.41
mPtN,7,6,13,0.54
mPtP,14,7,21,0.67
mPtS,14,13,27,0.52
mPtb,6,10,16,0.38
mPtl,7,2,9,0.78
mPtm,12,7,19,0.63
mPtn,7,8,15,0.47
mPts,9,6,15,0.6
mPtt,1,3,4,0.25
mSBB,31,35,66,0.47
mSBD,4,5,9,0.44
mSBK,3,9,12,0.25
mSBL,7,9,16,0.44
mSBM,36,46,82,0.44
mSBN,48,56,104,0.46
mSBP,23,29,52,0.44
mSBS,15,30,45,0.33
mSBb,28,30,58,0.48
mSBh,7,6,13,0.54
mSBj,6,9,15,0.4
mSBl,6,10,16,0.38
mSBm,37,36,73,0.51
mSBn,46,59,105,0.44
mSBs,26,23,49,0.53
mSBt,8,4,12,0.67
mSDB,4,9,13,0.31
mSDD,1,2,3,0.33
mSDH,11,10,21,0.52
mSDI,0,2,2,0.0
mSDL,4,1,5,0.8
mSDM,10,9,19,0.53
mSDN,9,10,19,0.47
mSDP,9,5,14,0.64
mSDS,15,13,28,0.54
mSDb,8,4,12,0.67
mSDh,4,1,5,0.8
mSDl,1,2,3,0.33
mSDm,9,5,14,0.64
mSDn,9,5,14,0.64
mSDs,11,8,19,0.58
mSDt,1,0,1,1.0
mSHB,9,15,24,0.38
mSHD,2,3,5,0.4
mSHH,4,5,9,0.44
mSHI,5,3,8,0.62
mSHK,0,2,2,0.0
mSHL,8,5,13,0.62
mSHM,18,28,46,0.39
mSHN,9,17,26,0.35
mSHP,19,21,40,0.48
mSHS,24,25,49,0.49
mSHb,15,15,30,0.5
mSHh,7,13,20,0.35
mSHl,3,2,5,0.6
mSHm,24,15,39,0.62
mSHn,24,20,44,0.55
mSHs,13,27,40,0.32
mSHt,2,0,2,1.0
mSIB,1,3,4,0.25
mSIH,0,2,2,0.0
mSII,0,1,1,0.0
mSIL,1,0,1,1.0
mSIM,5,1,6,0.83
mSIN,1,2,3,0.33
mSIP,3,2,5,0.6
mSIS,1,3,4,0.25
mSIb,2,3,5,0.4
mSIh,0,1,1,0.0
mSIl,2,1,3,0.67
mSIm,2,3,5,0.4
mSIn,0,3,3,0.0
mSIs,6,3,9,0.67
mSIt,1,0,1,1.0
mSKB,0,2,2,0.0
mSKD,2,0,2,1.0
mSKH,0,1,1,0.0
mSKL,1,1,2,0.5
mSKM,1,1,2,0.5
mSKN,4,0,4,1.0
mSKP,1,2,3,0.33
mSKS,2,2,4,0.5
mSKb,1,0,1,1.0
mSKh,1,0,1,1.0
mSKl,1,1,2,0.5
mSKm,1,1,2,0.5
mSKn,1,1,2,0.5
mSLB,9,9,18,0.5
mSLD,0,3,3,0.0
mSLH,1,0,1,1.0
mSLK,1,2,3,0.33
mSLL,4,4,8,0.5
mSLM,8,7,15,0.53
mSLN,7,16,23,0.3
mSLP,10,12,22,0.45
mSLS,11,9,20,0.55
mSLb,6,7,13,0.46
mSLh,5,5,10,0.5
mSLj,3,2,5,0.6
mSLl,6,4,10,0.6
mSLm,21,8,29,0.72
mSLn,21,18,39,0.54
mSLs,9,11,20,0.45
mSLt,2,3,5,0.4
mSMB,36,43,79,0.46
mSMD,16,11,27,0.59
mSMH,0,1,1,0.0
mSMI,1,0,1,1.0
mSMK,3,2,5,0.6
mSML,6,12,18,0.33
mSMM,56,71,127,0.44
mSMN,60,40,100,0.6
mSMP,56,60,116,0.48
mSMS,35,68,103,0.34
mSMb,39,37,76,0.51
mSMh,31,39,70,0.44
mSMj,9,6,15,0.6
mSMl,11,6,17,0.65
mSMm,77,61,138,0.56
mSMn,70,79,149,0.47
mSMs,46,39,85,0.54
mSMt,11,8,19,0.58
mSNB,31,34,65,0.48
mSND,7,4,11,0.64
mSNH,17,10,27,0.63
mSNI,2,0,2,1.0
mSNK,5,3,8,0.62
mSNL,14,12,26,0.54
mSNM,49,55,104,0.47
mSNN,63,67,130,0.48
mSNP,53,42,95,0.56
mSNS,42,47,89,0.47
mSNb,26,36,62,0.42
mSNh,21,17,38,0.55
mSNl,10,7,17,0.59
mSNm,58,49,107,0.54
mSNn,73,65,138,0.53
mSNs,37,50,87,0.43
mSNt,10,4,14,0.71
mSPB,35,25,60,0.58
mSPD,5,5,10,0.5
mSPH,18,17,35,0.51
mSPI,10,8,18,0.56
mSPK,4,6,10,0.4
mSPL,11,16,27,0.41
mSPM,42,44,86,0.49
mSPN,60,53,113,0.53
mSPP,48,60,108,0.44
mSPS,59,38,97,0.61
mSPb,27,24,51,0.53
mSPh,8,5,13,0.62
mSPl,16,13,29,0.55
mSPm,59,55,114,0.52
mSPn,40,51,91,0.44
mSPs,49,49,98,0.5
mSPt,7,8,15,0.47
mSSB,36,60,96,0.38
mSSD,14,9,23,0.61
mSSH,27,31,58,0.47
mSSI,4,6,10,0.4
mSSK,1,3,4,0.25
mSSL,17,12,29,0.59
mSSM,57,83,140,0.41
mSSN,67,56,123,0.54
mSSP,44,63,107,0.41
mSSS,85,107,192,0.44
mSSb,31,39,70,0.44
mSSh,31,28,59,0.53
mSSl,8,20,28,0.29
mSSm,78,65,143,0.55
mSSn,62,57,119,0.52
mSSs,73,83,156,0.47
mSSt,10,15,25,0.4
mSbB,21,22,43,0.49
mSbD,3,3,6,0.5
mSbH,9,9,18,0.5
mSbI,8,3,11,0.73
mSbJ,9,8,17,0.53
mSbK,0,2,2,0.0
mSbL,10,13,23,0.43
mSbM,32,44,76,0.42
mSbN,40,44,84,0.48
mSbP,47,25,72,0.65
mSbS,25,25,50,0.5
mSbb,37,30,67,0.55
mSbl,12,1,13,0.92
mSbm,40,22,62,0.65
mSbn,29,31,60,0.48
mSbs,22,20,42,0.52
mShB,15,17,32,0.47
mShD,7,4,11,0.64
mShH,9,7,16,0.56
mShI,6,4,10,0.6
mShK,1,1,2,0.5
mShL,6,4,10,0.6
mShM,22,31,53,0.42
mShN,15,34,49,0.31
mShP,31,33,64,0.48
mShS,38,27,65,0.58
mShb,22,8,30,0.73
mShh,21,22,43,0.49
mShl,11,4,15,0.73
mShm,36,29,65,0.55
mShn,28,31,59,0.47
mShs,30,26,56,0.54
mSht,3,3,6,0.5
mSlB,13,6,19,0.68
mSlD,2,1,3,0.67
mSlH,9,7,16,0.56
mSlI,0,2,2,0.0
mSlJ,4,0,4,1.0
mSlK,0,2,2,0.0
mSlL,8,3,11,0.73
mSlM,14,17,31,0.45
mSlN,13,13,26,0.5
mSlP,9,8,17,0.53
mSlS,7,10,17,0.41
mSlb,8,13,21,0.38
mSll,5,0,5,1.0
mSlm,11,3,14,0.79
mSln,4,9,13,0.31
mSls,9,9,18,0.5
mSmB,37,40,77,0.48
mSmD,11,10,21,0.52
mSmH,41,47,88,0.47
mSmI,4,1,5,0.8
mSmJ,13,16,29,0.45
mSmK,2,2,4,0.5
mSmL,9,13,22,0.41
mSmM,40,62,102,0.39
mSmN,80,66,146,0.55
mSmP,40,45,85,0.47
mSmS,47,63,110,0.43
mSmb,48,39,87,0.55
mSmh,2,3,5,0.4
mSml,10,11,21,0.48
mSmm,60,46,106,0.57
mSmn,42,33,75,0.56
mSms,28,37,65,0.43
mSnB,32,45,77,0.42
mSnD,9,13,22,0.41
mSnH,36,31,67,0.54
mSnI,7,12,19,0.37
mSnK,5,6,11,0.45
mSnL,15,10,25,0.6
mSnM,37,71,108,0.34
mSnN,77,89,166,0.46
mSnP,69,51,120,0.57
mSnS,59,59,118,0.5
mSnb,38,26,64,0.59
mSnh,2,3,5,0.4
mSnl,7,9,16,0.44
mSnm,54,43,97,0.56
mSnn,60,46,106,0.57
mSns,57,44,101,0.56
mSnt,0,1,1,0.0
mSsB,29,38,67,0.43
mSsD,16,12,28,0.57
mSsH,41,61,102,0.4
mSsI,9,9,18,0.5
mSsK,0,2,2,0.0
mSsL,11,9,20,0.55
mSsM,47,71,118,0.4
mSsN,66,64,130,0.51
mSsP,53,47,100,0.53
mSsS,98,111,209,0.47
mSsb,41,45,86,0.48
mSsh,0,7,7,0.0
mSsl,11,21,32,0.34
mSsm,58,58,116,0.5
mSsn,39,51,90,0.43
mSss,69,79,148,0.47
mSst,1,1,2,0.5
mStB,11,7,18,0.61
mStD,1,2,3,0.33
mStH,4,3,7,0.57
mStL,6,3,9,0.67
mStM,8,6,14,0.57
mStN,5,6,11,0.45
mStP,8,10,18,0.44
mStS,13,15,28,0.46
mStb,5,4,9,0.56
mSth,0,1,1,0.0
mStl,5,3,8,0.62
mStm,10,8,18,0.56
mStn,9,12,21,0.43
mSts,10,15,25,0.4
mStt,1,3,4,0.25
mbBB,40,61,101,0.4
mbBD,10,9,19,0.53
mbBK,5,6,11,0.45
mbBL,17,7,24,0.71
mbBM,48,65,113,0.42
mbBN,94,83,177,0.53
mbBP,86,64,150,0.57
mbBS,58,54,112,0.52
mbBb,61,47,108,0.56
mbBh,10,18,28,0.36
mbBj,16,15,31,0.52
mbBl,19,9,28,0.68
mbBm,70,56,126,0.56
mbBn,95,86,181,0.52
mbBs,49,28,77,0.64
mbBt,6,5,11,0.55
mbDB,6,6,12,0.5
mbDD,0,1,1,0.0
mbDH,5,4,9,0.56
mbDI,0,2,2,0.0
mbDK,1,0,1,1.0
mbDL,0,1,1,0.0
mbDM,6,10,16,0.38
mbDN,9,6,15,0.6
mbDP,12,5,17,0.71
mbDS,3,6,9,0.33
mbDb,4,8,12,0.33
mbDl,1,1,2,0.5
mbDm,6,13,19,0.32
mbDn,3,6,9,0.33
mbDs,7,3,10,0.7
mbDt,2,0,2,1.0
mbHB,7,18,25,0.28
mbHD,2,4,6,0.33
mbHH,3,4,7,0.43
mbHI,3,0,3,1.0
mbHK,0,2,2,0.0
mbHL,5,4,9,0.56
mbHM,12,21,33,0.36
mbHN,25,12,37,0.68
mbHP,19,25,44,0.43
mbHS,17,8,25,0.68
mbHb,27,14,41,0.66
mbHh,0,3,3,0.0
mbHl,2,2,4,0.5
mbHm,18,15,33,0.55
mbHn,19,15,34,0.56
mbHs,17,10,27,0.63
mbHt,2,2,4,0.5
mbIB,6,9,15,0.4
mbID,3,0,3,1.0
mbIH,4,8,12,0.33
mbII,1,0,1,1.0
mbIL,1,2,3,0.33
mbIM,9,11,20,0.45
mbIN,11,8,19,0.58
mbIP,10,9,19,0.53
mbIS,2,1,3,0.67
mbIb,7,5,12,0.58
mbIh,0,2,2,0.0
mbIl,2,3,5,0.4
mbIm,10,5,15,0.67
mbIn,10,5,15,0.67
mbIs,6,6,12,0.5
mbIt,1,1,2,0.5
mbJB,10,17,27,0.37
mbJD,1,3,4,0.25
mbJH,10,8,18,0.56
mbJI,2,2,4,0.5
mbJK,1,2,3,0.33
mbJL,5,2,7,0.71
mbJM,23,35,58,0.4
mbJN,27,21,48,0.56
mbJP,19,10,29,0.66
mbJS,18,16,34,0.53
mbJb,22,19,41,0.54
mbJh,2,3,5,0.4
mbJl,5,4,9,0.56
mbJm,15,7,22,0.68
mbJn,14,14,28,0.5
mbJs,8,13,21,0.38
mbJt,1,0,1,1.0
mbKB,5,6,11,0.45
mbKD,1,0,1,1.0
mbKH,1,3,4,0.25
mbKI,2,0,2,1.0
mbKL,3,1,4,0.75
mbKM,7,6,13,0.54
mbKN,5,6,11,0.45
mbKP,6,1,7,0.86
mbKS,2,4,6,0.33
mbKb,7,4,11,0.64
mbKh,5,5,10,0.5
mbKl,4,1,5,0.8
mbKm,11,7,18,0.61
mbKn,10,8,18,0.56
mbKs,4,2,6,0.67
mbKt,1,0,1,1.0
mbLB,10,11,21,0.48
mbLD,2,3,5,0.4
mbLK,0,1,1,0.0
mbLL,5,5,10,0.5
mbLM,16,12,28,0.57
mbLN,20,9,29,0.69
mbLP,17,20,37,0.46
mbLS,15,14,29,0.52
mbLb,16,11,27,0.59
mbLh,9,8,17,0.53
mbLj,1,7,8,0.12
mbLl,8,6,14,0.57
mbLm,18,22,40,0.45
mbLn,23,25,48,0.48
mbLs,14,10,24,0.58
mbLt,1,1,2,0.5
mbMB,51,51,102,0.5
mbMD,7,10,17,0.41
mbMI,0,1,1,0.0
mbMK,0,1,1,0.0
mbML,12,11,23,0.52
mbMM,42,63,105,0.4
mbMN,78,76,154,0.51
mbMP,66,75,141,0.47
mbMS,49,38,87,0.56
mbMb,69,64,133,0.52
mbMh,37,46,83,0.45
mbMj,5,8,13,0.38
mbMl,11,7,18,0.61
mbMm,68,77,145,0.47
mbMn,105,77,182,0.58
mbMs,49,47,96,0.51
mbMt,12,10,22,0.55
mbNB,54,55,109,0.5
mbND,17,12,29,0.59
mbNH,21,15,36,0.58
mbNI,3,2,5,0.6
mbNK,8,8,16,0.5
mbNL,28,18,46,0.61
mbNM,80,94,174,0.46
mbNN,118,105,223,0.53
mbNP,114,91,205,0.56
mbNS,63,81,144,0.44
mbNb,69,58,127,0.54
mbNh,34,24,58,0.59
mbNl,21,14,35,0.6
mbNm,78,69,147,0.53
mbNn,111,97,208,0.53
mbNs,70,41,111,0.63
mbNt,10,17,27,0.37
mbPB,65,54,119,0.55
mbPD,5,12,17,0.29
mbPH,17,17,34,0.5
mbPI,8,8,16,0.5
mbPK,5,9,14,0.36
mbPL,27,31,58,0.47
mbPM,83,71,154,0.54
mbPN,80,78,158,0.51
mbPP,87,93,180,0.48
mbPS,35,38,73,0.48
mbPb,69,65,134,0.51
mbPh,7,8,15,0.47
mbPl,19,23,42,0.45
mbPm,83,59,142,0.58
mbPn,79,58,137,0.58
mbPs,51,33,84,0.61
mbPt,9,8,17,0.53
mbSB,24,21,45,0.53
mbSD,1,1,2,0.5
mbSH,7,10,17,0.41
mbSI,3,1,4,0.75
mbSK,0,2,2,0.0
mbSL,9,10,19,0.47
mbSM,30,41,71,0.42
mbSN,30,21,51,0.59
mbSP,23,32,55,0.42
mbSS,43,29,72,0.6
mbSb,22,18,40,0.55
mbSh,18,16,34,0.53
mbSl,6,2,8,0.75
mbSm,30,23,53,0.57
mbSn,25,25,50,0.5
mbSs,33,30,63,0.52
mbSt,8,9,17,0.47
mbbB,84,85,169,0.5
mbbD,9,5,14,0.64
mbbH,17,9,26,0.65
mbbI,7,10,17,0.41
mbbJ,26,14,40,0.65
mbbK,7,4,11,0.64
mbbL,18,22,40,0.45
mbbM,67,102,169,0.4
mbbN,106,88,194,0.55
mbbP,97,86,183,0.53
mbbS,25,29,54,0.46
mbbb,115,82,197,0.58
mbbh,0,0,0,
mbbl,19,11,30,0.63
mbbm,95,49,144,0.66
mbbn,60,80,140,0.43
mbbs,12,19,31,0.39
mbhB,1,0,1,1.0
mbhL,1,0,1,1.0
mbhN,1,0,1,1.0
mbhP,1,0,1,1.0
mbhS,1,2,3,0.33
mbhh,0,0,0,
mbhl,1,0,1,1.0
mbhm,1,2,3,0.33
mbhn,1,0,1,1.0
mbhs,0,0,0,
mblB,18,25,43,0.42
mblD,2,1,3,0.67
mblH,11,9,20,0.55
mblI,0,2,2,0.0
mblJ,4,1,5,0.8
mblK,1,1,2,0.5
mblL,5,7,12,0.42
mblM,20,18,38,0.53
mblN,13,14,27,0.48
mblP,15,17,32,0.47
mblS,5,11,16,0.31
mblb,17,13,30,0.57
mblh,0,1,1,0.0
mbll,2,3,5,0.4
mblm,10,11,21,0.48
mbln,10,11,21,0.48
mbls,8,7,15,0.53
mbmB,73,53,126,0.58
mbmD,10,8,18,0.56
mbmH,48,33,81,0.59
mbmI,6,1,7,0.86
mbmJ,9,13,22,0.41
mbmK,0,0,0,
mbmL,8,21,29,0.28
mbmM,74,83,157,0.47
mbmN,69,69,138,0.5
mbmP,67,55,122,0.55
mbmS,24,17,41,0.59
mbmb,74,59,133,0.56
mbmh,0,1,1,0.0
mbml,4,6,10,0.4
mbmm,43,42,85,0.51
mbmn,55,40,95,0.58
mbms,14,16,30,0.47
mbnB,57,53,110,0.52
mbnD,11,6,17,0.65
mbnH,36,31,67,0.54
mbnI,13,12,25,0.52
mbnK,10,5,15,0.67
mbnL,29,18,47,0.62
mbnM,60,71,131,0.46
mbnN,84,76,160,0.52
mbnP,67,84,151,0.44
mbnS,43,39,82,0.52
mbnb,71,40,111,0.64
mbnh,3,1,4,0.75
mbnl,11,12,23,0.48
mbnm,58,59,117,0.5
mbnn,68,57,125,0.54
mbns,37,35,72,0.51
mbnt,1,1,2,0.5
mbsB,22,19,41,0.54
mbsD,2,6,8,0.25
mbsH,22,14,36,0.61
mbsI,7,0,7,1.0
mbsL,6,11,17,0.35
mbsM,32,30,62,0.52
mbsN,31,20,51,0.61
mbsP,23,22,45,0.51
mbsS,20,19,39,0.51
mbsb,26,21,47,0.55
mbsh,3,0,3,1.0
mbsl,4,7,11,0.36
mbsm,21,31,52,0.4
mbsn,21,22,43,0.49
mbss,19,18,37,0.51
mbtS,1,1,2,0.5
mbtb,0,1,1,0.0
mbts,0,0,0,
mhBB,0,2,2,0.0
mhBL,1,1,2,0.5
mhBM,0,1,1,0.0
mhBN,1,0,1,1.0
mhBS,0,3,3,0.0
mhBl,0,1,1,0.0
mhBm,1,2,3,0.33
mhBn,0,2,2,0.0
mhBt,1,0,1,1.0
mhDs,1,0,1,1.0
mhHN,0,1,1,0.0
mhHP,0,1,1,0.0
mhHS,1,0,1,1.0
mhHh,1,0,1,1.0
mhHs,1,0,1,1.0
mhIB,0,2,2,0.0
mhIH,1,1,2,0.5
mhIN,0,1,1,0.0
mhIh,1,0,1,1.0
mhIl,0,1,1,0.0
mhIm,0,1,1,0.0
mhLB,2,1,3,0.67
mhLM,1,1,2,0.5
mhLP,1,0,1,1.0
mhLm,0,0,0,
mhMB,1,1,2,0.5
mhMI,0,0,0,
mhML,0,0,0,
mhMM,3,1,4,0.75
mhMN,2,0,2,1.0
mhMP,1,0,1,1.0
mhMS,2,1,3,0.67
mhMb,2,0,2,1.0
mhMm,2,1,3,0.67
mhMn,2,3,5,0.4
mhMs,0,2,2,0.0
mhNM,0,1,1,0.0
mhNS,1,0,1,1.0
mhNs,1,0,1,1.0
mhPB,1,1,2,0.5
mhPM,0,1,1,0.0
mhPN,1,0,1,1.0
mhPP,0,2,2,0.0
mhPS,1,1,2,0.5
mhPb,0,1,1,0.0
mhPl,0,1,1,0.0
mhPm,0,0,0,
mhPn,1,0,1,1.0
mhSI,0,1,1,0.0
mhSM,1,4,5,0.2
mhSN,0,1,1,0.0
mhSP,0,0,0,
mhSS,1,0,1,1.0
mhSb,0,1,1,0.0
mhSh,2,0,2,1.0
mhSm,0,0,0,
mhSt,0,1,1,0.0
mhbB,1,1,2,0.5
mhbJ,0,1,1,0.0
mhbK,0,1,1,0.0
mhbM,0,2,2,0.0
mhbN,1,0,1,1.0
mhbP,0,1,1,0.0
mhbS,0,1,1,0.0
mhbb,0,0,0,
mhbh,0,0,0,
mhbl,1,0,1,1.0
mhbm,0,1,1,0.0
mhbn,0,2,2,0.0
mhhB,2,0,2,1.0
mhhM,2,1,3,0.67
mhhN,0,1,1,0.0
mhhP,0,0,0,
mhhS,0,1,1,0.0
mhhb,1,1,2,0.5
mhhh,0,1,1,0.0
mhhm,0,1,1,0.0
mhhn,1,0,1,1.0
mhlN,0,1,1,0.0
mhlS,0,1,1,0.0
mhlb,0,2,2,0.0
mhlm,1,1,2,0.5
mhmB,0,3,3,0.0
mhmJ,0,0,0,
mhmL,0,1,1,0.0
mhmM,3,2,5,0.6
mhmN,2,0,2,1.0
mhmP,2,1,3,0.67
mhmS,1,4,5,0.2
mhmb,2,3,5,0.4
mhmm,1,1,2,0.5
mhmn,2,2,4,0.5
mhms,0,0,0,
mhnB,1,1,2,0.5
mhnH,1,0,1,1.0
mhnK,0,1,1,0.0
mhnL,0,0,0,
mhnM,1,0,1,1.0
mhnN,0,0,0,
mhnS,0,1,1,0.0
mhnl,1,0,1,1.0
mhnm,0,1,1,0.0
mhns,0,3,3,0.0
mhsB,3,1,4,0.75
mhsH,0,2,2,0.0
mhsI,0,0,0,
mhsL,0,1,1,0.0
mhsN,0,0,0,
mhsP,1,0,1,1.0
mhsS,0,1,1,0.0
mhsb,1,0,1,1.0
mhsh,1,0,1,1.0
mhsl,0,1,1,0.0
mhsm,0,1,1,0.0
mhsn,0,1,1,0.0
mhss,0,2,2,0.0
mhtH,0,1,1,0.0
mhtM,0,2,2,0.0
mhtn,1,0,1,1.0
mlBB,10,11,21,0.48
mlBD,1,2,3,0.33
mlBK,2,2,4,0.5
mlBL,6,3,9,0.67
mlBM,7,20,27,0.26
mlBN,19,12,31,0.61
mlBP,14,18,32,0.44
mlBS,5,12,17,0.29
mlBb,8,11,19,0.42
mlBh,2,4,6,0.33
mlBj,2,3,5,0.4
mlBl,7,6,13,0.54
mlBm,10,10,20,0.5
mlBn,20,21,41,0.49
mlBs,8,8,16,0.5
mlBt,4,3,7,0.57
mlDB,2,0,2,1.0
mlDH,1,4,5,0.2
mlDL,1,2,3,0.33
mlDM,2,2,4,0.5
mlDN,1,4,5,0.2
mlDP,3,2,5,0.6
mlDS,2,1,3,0.67
mlDb,1,2,3,0.33
mlDl,1,1,2,0.5
mlDm,1,1,2,0.5
mlDn,1,0,1,1.0
mlDs,0,3,3,0.0
mlDt,1,0,1,1.0
mlHB,6,5,11,0.55
mlHD,0,2,2,0.0
mlHH,1,2,3,0.33
mlHI,1,3,4,0.25
mlHK,0,0,0,
mlHL,3,2,5,0.6
mlHM,3,15,18,0.17
mlHN,9,12,21,0.43
mlHP,13,19,32,0.41
mlHS,4,8,12,0.33
mlHb,12,6,18,0.67
mlHh,5,5,10,0.5
mlHl,3,0,3,1.0
mlHm,12,7,19,0.63
mlHn,9,9,18,0.5
mlHs,12,2,14,0.86
mlHt,0,2,2,0.0
mlIB,0,0,0,
mlID,0,1,1,0.0
mlIH,1,1,2,0.5
mlII,0,0,0,
mlIL,0,1,1,0.0
mlIM,3,4,7,0.43
mlIN,1,2,3,0.33
mlIP,2,3,5,0.4
mlIb,3,1,4,0.75
mlIl,0,3,3,0.0
mlIm,4,2,6,0.67
mlIn,2,2,4,0.5
mlIs,0,1,1,0.0
mlJB,4,5,9,0.44
mlJD,1,0,1,1.0
mlJH,1,2,3,0.33
mlJI,2,1,3,0.67
mlJK,1,1,2,0.5
mlJL,2,2,4,0.5
mlJM,3,3,6,0.5
mlJN,5,1,6,0.83
mlJP,4,3,7,0.57
mlJS,6,4,10,0.6
mlJb,5,4,9,0.56
mlJh,1,0,1,1.0
mlJl,2,1,3,0.67
mlJm,3,3,6,0.5
mlJn,6,0,6,1.0
mlJs,4,0,4,1.0
mlJt,0,1,1,0.0
mlKD,0,1,1,0.0
mlKH,1,0,1,1.0
mlKM,0,1,1,0.0
mlKN,0,1,1,0.0
mlKP,2,0,2,1.0
mlKS,1,0,1,1.0
mlKb,0,1,1,0.0
mlKh,1,0,1,1.0
mlKn,1,0,1,1.0
mlKs,1,2,3,0.33
mlLB,3,7,10,0.3
mlLD,0,1,1,0.0
mlLL,1,0,1,1.0
mlLM,5,3,8,0.62
mlLN,7,10,17,0.41
mlLP,7,11,18,0.39
mlLS,6,4,10,0.6
mlLb,4,8,12,0.33
mlLh,4,5,9,0.44
mlLj,1,1,2,0.5
mlLl,1,1,2,0.5
mlLm,8,6,14,0.57
mlLn,8,7,15,0.53
mlLs,7,2,9,0.78
mlLt,3,0,3,1.0
mlMB,10,9,19,0.53
mlMD,2,2,4,0.5
mlMH,0,1,1,0.0
mlML,3,3,6,0.5
mlMM,13,13,26,0.5
mlMN,22,22,44,0.5
mlMP,12,17,29,0.41
mlMS,15,11,26,0.58
mlMb,19,9,28,0.68
mlMh,10,15,25,0.4
mlMj,2,3,5,0.4
mlMl,7,4,11,0.64
mlMm,27,16,43,0.63
mlMn,29,21,50,0.58
mlMs,17,14,31,0.55
mlMt,1,4,5,0.2
mlNB,15,8,23,0.65
mlND,2,2,4,0.5
mlNH,3,5,8,0.38
mlNI,0,1,1,0.0
mlNK,4,0,4,1.0
mlNL,3,3,6,0.5
mlNM,18,20,38,0.47
mlNN,22,22,44,0.5
mlNP,21,19,40,0.52
mlNS,14,12,26,0.54
mlNb,18,23,41,0.44
mlNh,4,11,15,0.27
mlNl,4,2,6,0.67
mlNm,18,17,35,0.51
mlNn,22,18,40,0.55
mlNs,18,12,30,0.6
mlNt,3,2,5,0.6
mlPB,13,17,30,0.43
mlPD,4,0,4,1.0
mlPH,3,2,5,0.6
mlPI,2,2,4,0.5
mlPK,0,1,1,0.0
mlPL,3,7,10,0.3
mlPM,17,21,38,0.45
mlPN,16,17,33,0.48
mlPP,31,20,51,0.61
mlPS,17,11,28,0.61
mlPb,13,18,31,0.42
mlPh,2,2,4,0.5
mlPl,6,2,8,0.75
mlPm,18,16,34,0.53
mlPn,17,15,32,0.53
mlPs,19,7,26,0.73
mlPt,2,0,2,1.0
mlSB,5,6,11,0.45
mlSD,2,2,4,0.5
mlSH,2,4,6,0.33
mlSI,2,0,2,1.0
mlSK,0,1,1,0.0
mlSL,2,7,9,0.22
mlSM,9,14,23,0.39
mlSN,10,9,19,0.53
mlSP,8,11,19,0.42
mlSS,17,13,30,0.57
mlSb,8,5,13,0.62
mlSh,7,5,12,0.58
mlSl,3,1,4,0.75
mlSm,12,8,20,0.6
mlSn,4,9,13,0.31
mlSs,7,17,24,0.29
mlSt,1,3,4,0.25
mlbB,19,18,37,0.51
mlbD,2,0,2,1.0
mlbH,2,3,5,0.4
mlbI,3,0,3,1.0
mlbJ,2,1,3,0.67
mlbK,1,1,2,0.5
mlbL,5,9,14,0.36
mlbM,15,12,27,0.56
mlbN,26,26,52,0.5
mlbP,18,23,41,0.44
mlbS,2,8,10,0.2
mlbb,17,23,40,0.42
mlbl,10,3,13,0.77
mlbm,13,12,25,0.52
mlbn,14,18,32,0.44
mlbs,5,5,10,0.5
mlbt,1,0,1,1.0
mlhM,0,0,0,
mlhS,0,1,1,0.0
mlhb,1,0,1,1.0
mlhm,1,0,1,1.0
mlhs,0,0,0,
mllB,5,4,9,0.56
mllD,0,2,2,0.0
mllH,2,2,4,0.5
mllI,2,0,2,1.0
mllJ,1,0,1,1.0
mllK,0,0,0,
mllL,2,3,5,0.4
mllM,9,4,13,0.69
mllN,2,7,9,0.22
mllP,8,3,11,0.73
mllS,2,5,7,0.29
mllb,7,6,13,0.54
mlll,1,1,2,0.5
mllm,6,4,10,0.6
mlln,8,4,12,0.67
mlls,3,2,5,0.6
mlmB,13,14,27,0.48
mlmD,0,1,1,0.0
mlmH,8,6,14,0.57
mlmI,3,2,5,0.6
mlmJ,3,2,5,0.6
mlmK,0,0,0,
mlmL,1,9,10,0.1
mlmM,10,21,31,0.32
mlmN,9,11,20,0.45
mlmP,24,16,40,0.6
mlmS,6,3,9,0.67
mlmb,15,16,31,0.48
mlmh,0,1,1,0.0
mlml,2,4,6,0.33
mlmm,14,14,28,0.5
mlmn,11,15,26,0.42
mlms,11,3,14,0.79
mlnB,11,8,19,0.58
mlnD,5,1,6,0.83
mlnH,11,8,19,0.58
mlnI,2,1,3,0.67
mlnK,0,2,2,0.0
mlnL,1,1,2,0.5
mlnM,16,16,32,0.5
mlnN,16,21,37,0.43
mlnP,26,16,42,0.62
mlnS,11,8,19,0.58
mlnb,11,9,20,0.55
mlnh,0,0,0,
mlnl,2,3,5,0.4
mlnm,9,9,18,0.5
mlnn,12,10,22,0.55
mlns,5,6,11,0.45
mlnt,1,0,1,1.0
mlsB,9,9,18,0.5
mlsD,2,1,3,0.67
mlsH,4,6,10,0.4
mlsI,1,3,4,0.25
mlsL,2,3,5,0.4
mlsM,8,14,22,0.36
mlsN,6,10,16,0.38
mlsP,13,12,25,0.52
mlsS,6,12,18,0.33
mlsb,8,8,16,0.5
mlsh,0,1,1,0.0
mlsl,8,1,9,0.89
mlsm,11,4,15,0.73
mlsn,12,8,20,0.6
mlss,3,7,10,0.3
mlst,0,2,2,0.0
mmBB,51,54,105,0.49
mmBD,6,12,18,0.33
mmBH,2,1,3,0.67
mmBI,1,1,2,0.5
mmBK,5,7,12,0.42
mmBL,14,19,33,0.42
mmBM,45,60,105,0.43
mmBN,83,85,168,0.49
mmBP,67,68,135,0.5
mmBS,58,48,106,0.55
mmBb,50,56,106,0.47
mmBh,9,8,17,0.53
mmBj,11,9,20,0.55
mmBl,7,14,21,0.33
mmBm,74,69,143,0.52
mmBn,102,93,195,0.52
mmBs,32,42,74,0.43
mmBt,11,9,20,0.55
mmDB,5,8,13,0.38
mmDD,1,5,6,0.17
mmDH,7,7,14,0.5
mmDI,1,1,2,0.5
mmDL,3,2,5,0.6
mmDM,11,15,26,0.42
mmDN,10,11,21,0.48
mmDP,13,5,18,0.72
mmDS,13,10,23,0.57
mmDb,13,13,26,0.5
mmDh,0,3,3,0.0
mmDl,2,2,4,0.5
mmDm,14,13,27,0.52
mmDn,14,7,21,0.67
mmDs,14,8,22,0.64
mmDt,3,1,4,0.75
mmHB,42,50,92,0.46
mmHD,8,7,15,0.53
mmHH,7,5,12,0.58
mmHI,6,4,10,0.6
mmHK,1,1,2,0.5
mmHL,9,12,21,0.43
mmHM,55,54,109,0.5
mmHN,45,53,98,0.46
mmHP,67,36,103,0.65
mmHS,38,42,80,0.48
mmHb,37,34,71,0.52
mmHh,22,18,40,0.55
mmHl,11,12,23,0.48
mmHm,47,52,99,0.47
mmHn,70,45,115,0.61
mmHs,35,37,72,0.49
mmHt,5,7,12,0.42
mmIB,5,5,10,0.5
mmID,1,0,1,1.0
mmIH,5,4,9,0.56
mmII,2,2,4,0.5
mmIL,1,1,2,0.5
mmIM,4,16,20,0.2
mmIN,5,11,16,0.31
mmIP,6,4,10,0.6
mmIS,3,3,6,0.5
mmIb,10,5,15,0.67
mmIl,7,1,8,0.88
mmIm,8,4,12,0.67
mmIn,8,6,14,0.57
mmIs,7,3,10,0.7
mmJB,9,8,17,0.53
mmJD,4,2,6,0.67
mmJH,10,4,14,0.71
mmJI,5,3,8,0.62
mmJK,1,1,2,0.5
mmJL,6,3,9,0.67
mmJM,17,18,35,0.49
mmJN,13,11,24,0.54
mmJP,13,14,27,0.48
mmJS,9,5,14,0.64
mmJb,21,10,31,0.68
mmJh,1,2,3,0.33
mmJl,5,2,7,0.71
mmJm,20,17,37,0.54
mmJn,13,7,20,0.65
mmJs,13,7,20,0.65
mmJt,2,1,3,0.67
mmKB,0,2,2,0.0
mmKH,1,0,1,1.0
mmKL,2,0,2,1.0
mmKM,5,2,7,0.71
mmKN,2,2,4,0.5
mmKP,3,5,8,0.38
mmKS,0,0,0,
mmKb,0,1,1,0.0
mmKh,1,2,3,0.33
mmKm,1,3,4,0.25
mmKn,2,2,4,0.5
mmKs,3,0,3,1.0
mmLB,12,18,30,0.4
mmLD,4,4,8,0.5
mmLH,0,1,1,0.0
mmLK,0,2,2,0.0
mmLL,4,3,7,0.57
mmLM,17,17,34,0.5
mmLN,18,19,37,0.49
mmLP,17,19,36,0.47
mmLS,15,15,30,0.5
mmLb,15,12,27,0.56
mmLh,4,7,11,0.36
mmLj,0,1,1,0.0
mmLl,3,5,8,0.38
mmLm,18,23,41,0.44
mmLn,23,20,43,0.53
mmLs,12,14,26,0.46
mmLt,2,4,6,0.33
mmMB,50,49,99,0.51
mmMD,15,14,29,0.52
mmMH,1,1,2,0.5
mmMK,3,2,5,0.6
mmML,9,11,20,0.45
mmMM,72,79,151,0.48
mmMN,88,115,203,0.43
mmMP,47,63,110,0.43
mmMS,53,55,108,0.49
mmMb,66,54,120,0.55
mmMh,71,72,143,0.5
mmMj,12,17,29,0.41
mmMl,11,11,22,0.5
mmMm,72,63,135,0.53
mmMn,135,97,232,0.58
mmMs,61,61,122,0.5
mmMt,9,17,26,0.35
mmNB,54,63,117,0.46
mmND,13,13,26,0.5
mmNH,12,15,27,0.44
mmNI,2,3,5,0.4
mmNK,8,8,16,0.5
mmNL,17,12,29,0.59
mmNM,76,93,169,0.45
mmNN,108,98,206,0.52
mmNP,108,102,210,0.51
mmNS,65,56,121,0.54
mmNb,68,53,121,0.56
mmNh,25,20,45,0.56
mmNl,16,10,26,0.62
mmNm,73,74,147,0.5
mmNn,110,96,206,0.53
mmNs,64,40,104,0.62
mmNt,21,15,36,0.58
mmPB,55,54,109,0.5
mmPD,13,14,27,0.48
mmPH,17,18,35,0.49
mmPI,13,7,20,0.65
mmPK,8,9,17,0.47
mmPL,18,20,38,0.47
mmPM,66,113,179,0.37
mmPN,87,76,163,0.53
mmPP,84,111,195,0.43
mmPS,56,56,112,0.5
mmPb,80,62,142,0.56
mmPh,14,8,22,0.64
mmPl,19,16,35,0.54
mmPm,88,60,148,0.59
mmPn,81,74,155,0.52
mmPs,33,41,74,0.45
mmPt,5,8,13,0.38
mmSB,32,29,61,0.52
mmSD,11,6,17,0.65
mmSH,19,8,27,0.7
mmSI,1,3,4,0.25
mmSK,2,1,3,0.67
mmSL,5,11,16,0.31
mmSM,35,58,93,0.38
mmSN,52,39,91,0.57
mmSP,30,37,67,0.45
mmSS,56,47,103,0.54
mmSb,27,33,60,0.45
mmSh,18,25,43,0.42
mmSl,9,4,13,0.69
mmSm,47,37,84,0.56
mmSn,46,49,95,0.48
mmSs,46,36,82,0.56
mmSt,10,11,21,0.48
mmbB,78,61,139,0.56
mmbD,12,6,18,0.67
mmbH,14,10,24,0.58
mmbI,12,6,18,0.67
mmbJ,19,11,30,0.63
mmbK,6,6,12,0.5
mmbL,12,14,26,0.46
mmbM,72,66,138,0.52
mmbN,96,92,188,0.51
mmbP,78,81,159,0.49
mmbS,27,21,48,0.56
mmbb,82,80,162,0.51
mmbh,1,0,1,1.0
mmbl,19,10,29,0.66
mmbm,78,48,126,0.62
mmbn,60,64,124,0.48
mmbs,14,16,30,0.47
mmbt,1,1,2,0.5
mmhH,0,1,1,0.0
mmhM,2,2,4,0.5
mmhS,0,1,1,0.0
mmhb,1,1,2,0.5
mmhh,0,3,3,0.0
mmhm,4,2,6,0.67
mmhs,1,1,2,0.5
mmlB,16,10,26,0.62
mmlD,1,0,1,1.0
mmlH,7,9,16,0.44
mmlI,2,0,2,1.0
mmlJ,3,4,7,0.43
mmlK,0,1,1,0.0
mmlL,3,3,6,0.5
mmlM,17,14,31,0.55
mmlN,8,16,24,0.33
mmlP,19,12,31,0.61
mmlS,8,5,13,0.62
mmlb,10,10,20,0.5
mmlh,0,1,1,0.0
mmll,7,2,9,0.78
mmlm,12,8,20,0.6
mmln,11,8,19,0.58
mmls,9,3,12,0.75
mmmB,62,83,145,0.43
mmmD,8,11,19,0.42
mmmH,45,44,89,0.51
mmmI,9,5,14,0.64
mmmJ,12,13,25,0.48
mmmK,5,2,7,0.71
mmmL,11,16,27,0.41
mmmM,79,89,168,0.47
mmmN,77,80,157,0.49
mmmP,68,54,122,0.56
mmmS,32,36,68,0.47
mmmb,88,55,143,0.62
mmmh,0,3,3,0.0
mmml,11,9,20,0.55
mmmm,85,54,139,0.61
mmmn,69,59,128,0.54
mmms,39,39,78,0.5
mmmt,0,1,1,0.0
mmnB,49,46,95,0.52
mmnD,8,8,16,0.5
mmnH,46,41,87,0.53
mmnI,13,6,19,0.68
mmnK,2,4,6,0.33
mmnL,12,15,27,0.44
mmnM,64,86,150,0.43
mmnN,88,75,163,0.54
mmnP,70,78,148,0.47
mmnS,42,36,78,0.54
mmnb,54,54,108,0.5
mmnh,3,3,6,0.5
mmnl,16,11,27,0.59
mmnm,57,45,102,0.56
mmnn,73,60,133,0.55
mmns,30,30,60,0.5
mmnt,2,1,3,0.67
mmsB,19,20,39,0.49
mmsD,6,6,12,0.5
mmsH,33,31,64,0.52
mmsI,6,8,14,0.43
mmsK,0,1,1,0.0
mmsL,9,11,20,0.45
mmsM,32,42,74,0.43
mmsN,31,38,69,0.45
mmsP,35,29,64,0.55
mmsS,31,32,63,0.49
mmsb,22,22,44,0.5
mmsh,4,4,8,0.5
mmsl,7,6,13,0.54
mmsm,31,37,68,0.46
mmsn,30,27,57,0.53
mmss,26,20,46,0.57
mmst,0,1,1,0.0
mmtI,1,0,1,1.0
mmtM,1,0,1,1.0
mmtN,1,0,1,1.0
mmtb,1,0,1,1.0
mmtm,1,0,1,1.0
mmtn,0,1,1,0.0
mnBB,45,40,85,0.53
mnBD,9,7,16,0.56
mnBH,1,0,1,1.0
mnBI,1,0,1,1.0
mnBK,4,7,11,0.36
mnBL,9,10,19,0.47
mnBM,29,57,86,0.34
mnBN,54,73,127,0.43
mnBP,58,55,113,0.51
mnBS,36,28,64,0.56
mnBb,38,35,73,0.52
mnBh,4,12,16,0.25
mnBj,12,10,22,0.55
mnBl,15,8,23,0.65
mnBm,62,45,107,0.58
mnBn,73,68,141,0.52
mnBs,23,35,58,0.4
mnBt,7,9,16,0.44
mnDB,6,8,14,0.43
mnDD,1,2,3,0.33
mnDH,3,12,15,0.2
mnDI,0,1,1,0.0
mnDL,4,1,5,0.8
mnDM,4,17,21,0.19
mnDN,13,12,25,0.52
mnDP,4,14,18,0.22
mnDS,14,10,24,0.58
mnDb,10,8,18,0.56
mnDh,1,0,1,1.0
mnDl,2,4,6,0.33
mnDm,8,11,19,0.42
mnDn,8,9,17,0.47
mnDs,6,10,16,0.38
mnDt,0,3,3,0.0
mnHB,34,35,69,0.49
mnHD,8,3,11,0.73
mnHH,15,8,23,0.65
mnHI,6,3,9,0.67
mnHK,3,2,5,0.6
mnHL,12,11,23,0.52
mnHM,42,46,88,0.48
mnHN,48,42,90,0.53
mnHP,42,43,85,0.49
mnHS,36,33,69,0.52
mnHb,35,26,61,0.57
mnHh,18,15,33,0.55
mnHl,12,13,25,0.48
mnHm,41,30,71,0.58
mnHn,47,32,79,0.59
mnHs,34,24,58,0.59
mnHt,3,0,3,1.0
mnIB,9,6,15,0.6
mnID,0,1,1,0.0
mnIH,10,5,15,0.67
mnII,3,4,7,0.43
mnIL,2,2,4,0.5
mnIM,12,9,21,0.57
mnIN,10,12,22,0.45
mnIP,12,14,26,0.46
mnIS,9,7,16,0.56
mnIb,4,7,11,0.36
mnIl,2,1,3,0.67
mnIm,17,15,32,0.53
mnIn,8,8,16,0.5
mnIs,4,9,13,0.31
mnIt,0,2,2,0.0
mnKB,4,4,8,0.5
mnKH,2,2,4,0.5
mnKI,0,0,0,
mnKL,1,0,1,1.0
mnKM,11,5,16,0.69
mnKN,3,8,11,0.27
mnKP,7,2,9,0.78
mnKS,4,6,10,0.4
mnKb,5,1,6,0.83
mnKh,0,4,4,0.0
mnKl,2,0,2,1.0
mnKm,7,3,10,0.7
mnKn,3,3,6,0.5
mnKs,2,2,4,0.5
mnKt,0,1,1,0.0
mnLB,11,10,21,0.52
mnLD,6,3,9,0.67
mnLH,1,0,1,1.0
mnLK,0,1,1,0.0
mnLL,2,6,8,0.25
mnLM,12,13,25,0.48
mnLN,11,15,26,0.42
mnLP,20,13,33,0.61
mnLS,8,13,21,0.38
mnLb,18,14,32,0.56
mnLh,6,6,12,0.5
mnLj,6,5,11,0.55
mnLl,4,7,11,0.36
mnLm,19,18,37,0.51
mnLn,27,19,46,0.59
mnLs,8,11,19,0.42
mnLt,4,2,6,0.67
mnMB,50,53,103,0.49
mnMD,11,13,24,0.46
mnMH,1,2,3,0.33
mnMI,0,1,1,0.0
mnMK,2,0,2,1.0
mnML,6,17,23,0.26
mnMM,46,76,122,0.38
mnMN,69,87,156,0.44
mnMP,78,60,138,0.57
mnMS,44,39,83,0.53
mnMb,48,62,110,0.44
mnMh,51,59,110,0.46
mnMj,8,12,20,0.4
mnMl,14,14,28,0.5
mnMm,77,59,136,0.57
mnMn,99,91,190,0.52
mnMs,58,47,105,0.55
mnMt,8,11,19,0.42
mnNB,70,66,136,0.51
mnND,15,15,30,0.5
mnNH,18,17,35,0.51
mnNI,2,3,5,0.4
mnNK,10,11,21,0.48
mnNL,13,15,28,0.46
mnNM,85,82,167,0.51
mnNN,134,111,245,0.55
mnNP,109,107,216,0.5
mnNS,72,75,147,0.49
mnNb,46,53,99,0.46
mnNh,24,41,65,0.37
mnNl,16,17,33,0.48
mnNm,91,86,177,0.51
mnNn,121,107,228,0.53
mnNs,62,75,137,0.45
mnNt,13,16,29,0.45
mnPB,59,53,112,0.53
mnPD,12,10,22,0.55
mnPH,20,22,42,0.48
mnPI,8,8,16,0.5
mnPK,11,11,22,0.5
mnPL,25,18,43,0.58
mnPM,81,103,184,0.44
mnPN,83,95,178,0.47
mnPP,111,100,211,0.53
mnPS,60,62,122,0.49
mnPb,68,60,128,0.53
mnPh,9,12,21,0.43
mnPl,27,26,53,0.51
mnPm,77,69,146,0.53
mnPn,74,66,140,0.53
mnPs,57,50,107,0.53
mnPt,10,15,25,0.4
mnSB,42,29,71,0.59
mnSD,4,6,10,0.4
mnSH,11,12,23,0.48
mnSI,2,2,4,0.5
mnSL,7,18,25,0.28
mnSM,37,50,87,0.43
mnSN,54,50,104,0.52
mnSP,54,48,102,0.53
mnSS,60,60,120,0.5
mnSb,22,36,58,0.38
mnSh,27,28,55,0.49
mnSl,6,10,16,0.38
mnSm,52,49,101,0.51
mnSn,47,46,93,0.51
mnSs,55,49,104,0.53
mnSt,11,9,20,0.55
mnbB,51,62,113,0.45
mnbD,6,3,9,0.67
mnbH,11,19,30,0.37
mnbI,7,4,11,0.64
mnbJ,10,10,20,0.5
mnbK,7,4,11,0.64
mnbL,14,9,23,0.61
mnbM,55,60,115,0.48
mnbN,79,68,147,0.54
mnbP,65,56,121,0.54
mnbS,31,19,50,0.62
mnbb,85,63,148,0.57
mnbh,0,1,1,0.0
mnbl,11,10,21,0.52
mnbm,52,43,95,0.55
mnbn,64,59,123,0.52
mnbs,22,20,42,0.52
mnhB,0,4,4,0.0
mnhH,0,1,1,0.0
mnhK,1,0,1,1.0
mnhL,0,1,1,0.0
mnhM,3,6,9,0.33
mnhN,1,3,4,0.25
mnhP,3,2,5,0.6
mnhS,3,2,5,0.6
mnhb,0,3,3,0.0
mnhh,4,4,8,0.5
mnhl,0,1,1,0.0
mnhm,5,5,10,0.5
mnhn,0,3,3,0.0
mnhs,0,4,4,0.0
mnht,1,0,1,1.0
mnlB,11,14,25,0.44
mnlD,2,1,3,0.67
mnlH,8,9,17,0.47
mnlI,4,0,4,1.0
mnlJ,5,6,11,0.45
mnlK,2,0,2,1.0
mnlL,7,3,10,0.7
mnlM,16,10,26,0.62
mnlN,18,21,39,0.46
mnlP,15,8,23,0.65
mnlS,7,14,21,0.33
mnlb,15,6,21,0.71
mnll,1,3,4,0.25
mnlm,11,10,21,0.52
mnln,14,12,26,0.54
mnls,8,7,15,0.53
mnmB,62,51,113,0.55
mnmD,12,9,21,0.57
mnmH,40,36,76,0.53
mnmI,4,10,14,0.29
mnmJ,14,14,28,0.5
mnmK,1,1,2,0.5
mnmL,13,17,30,0.43
mnmM,63,70,133,0.47
mnmN,87,66,153,0.57
mnmP,55,61,116,0.47
mnmS,38,27,65,0.58
mnmb,66,64,130,0.51
mnml,14,4,18,0.78
mnmm,68,43,111,0.61
mnmn,64,60,124,0.52
mnms,32,21,53,0.6
mnnB,43,53,96,0.45
mnnD,13,12,25,0.52
mnnH,45,35,80,0.56
mnnI,10,12,22,0.45
mnnK,3,3,6,0.5
mnnL,19,13,32,0.59
mnnM,72,85,157,0.46
mnnN,112,87,199,0.56
mnnP,76,68,144,0.53
mnnS,47,47,94,0.5
mnnb,65,50,115,0.57
mnnh,2,5,7,0.29
mnnl,9,5,14,0.64
mnnm,58,42,100,0.58
mnnn,100,77,177,0.56
mnns,36,45,81,0.44
mnsB,23,20,43,0.53
mnsD,5,8,13,0.38
mnsH,27,38,65,0.42
mnsI,10,9,19,0.53
mnsL,9,13,22,0.41
mnsM,42,56,98,0.43
mnsN,44,55,99,0.44
mnsP,51,55,106,0.48
mnsS,60,48,108,0.56
mnsb,33,33,66,0.5
mnsh,2,4,6,0.33
mnsl,7,4,11,0.64
mnsm,51,32,83,0.61
mnsn,38,42,80,0.48
mnss,36,41,77,0.47
mnst,3,1,4,0.75
mntB,1,0,1,1.0
mntH,0,1,1,0.0
mntM,1,1,2,0.5
mntP,1,2,3,0.33
mntS,0,4,4,0.0
mntb,2,2,4,0.5
mntl,1,1,2,0.5
mntm,1,1,2,0.5
mntn,0,0,0,
mnts,2,0,2,1.0
mntt,1,1,2,0.5
msBB,28,25,53,0.53
msBD,4,3,7,0.57
msBK,6,1,7,0.86
msBL,5,10,15,0.33
msBM,16,29,45,0.36
msBN,32,45,77,0.42
msBP,32,33,65,0.49
msBS,15,17,32,0.47
msBb,24,19,43,0.56
msBh,3,3,6,0.5
msBj,3,3,6,0.5
msBl,8,3,11,0.73
msBm,33,31,64,0.52
msBn,32,38,70,0.46
msBs,17,26,43,0.4
msBt,2,7,9,0.22
msDB,3,6,9,0.33
msDD,1,1,2,0.5
msDH,5,5,10,0.5
msDI,1,0,1,1.0
msDL,1,2,3,0.33
msDM,7,12,19,0.37
msDN,7,10,17,0.41
msDP,5,10,15,0.33
msDS,15,8,23,0.65
msDb,8,5,13,0.62
msDl,3,0,3,1.0
msDm,8,15,23,0.35
msDn,6,6,12,0.5
msDs,6,9,15,0.4
msDt,1,1,2,0.5
msHB,17,33,50,0.34
msHD,5,5,10,0.5
msHH,12,10,22,0.55
msHI,6,6,12,0.5
msHK,0,3,3,0.0
msHL,9,14,23,0.39
msHM,25,34,59,0.42
msHN,39,41,80,0.49
msHP,46,38,84,0.55
msHS,37,33,70,0.53
msHb,19,32,51,0.37
msHh,21,25,46,0.46
msHl,13,6,19,0.68
msHm,46,35,81,0.57
msHn,35,37,72,0.49
msHs,42,37,79,0.53
msHt,3,5,8,0.38
msIB,5,9,14,0.36
msID,2,1,3,0.67
msIH,6,5,11,0.55
msII,2,0,2,1.0
msIL,1,3,4,0.25
msIM,6,9,15,0.4
msIN,8,3,11,0.73
msIP,11,12,23,0.48
msIS,13,9,22,0.59
msIb,7,6,13,0.54
msIh,2,0,2,1.0
msIl,1,0,1,1.0
msIm,10,3,13,0.77
msIn,4,9,13,0.31
msIs,7,9,16,0.44
msKP,0,2,2,0.0
msKb,1,0,1,1.0
msKh,1,0,1,1.0
msKl,0,1,1,0.0
msKm,1,0,1,1.0
msKn,0,2,2,0.0
msKs,0,0,0,
msLB,9,8,17,0.53
msLD,2,1,3,0.67
msLK,1,0,1,1.0
msLL,2,3,5,0.4
msLM,15,14,29,0.52
msLN,7,9,16,0.44
msLP,10,8,18,0.56
msLS,11,10,21,0.52
msLb,5,8,13,0.38
msLh,2,3,5,0.4
msLj,2,3,5,0.4
msLl,5,3,8,0.62
msLm,14,16,30,0.47
msLn,1,13,14,0.07
msLs,9,11,20,0.45
msLt,3,3,6,0.5
msMB,31,30,61,0.51
msMD,6,7,13,0.46
msMK,1,4,5,0.2
msML,12,9,21,0.57
msMM,39,56,95,0.41
msMN,43,49,92,0.47
msMP,44,33,77,0.57
msMS,39,25,64,0.61
msMb,30,34,64,0.47
msMh,37,34,71,0.52
msMj,3,5,8,0.38
msMl,11,7,18,0.61
msMm,75,51,126,0.6
msMn,58,63,121,0.48
msMs,39,48,87,0.45
msMt,6,7,13,0.46
msNB,25,25,50,0.5
msND,9,7,16,0.56
msNH,4,16,20,0.2
msNI,1,0,1,1.0
msNK,1,5,6,0.17
msNL,5,8,13,0.38
msNM,45,48,93,0.48
msNN,53,50,103,0.51
msNP,46,37,83,0.55
msNS,38,54,92,0.41
msNb,32,27,59,0.54
msNh,13,12,25,0.52
msNl,13,8,21,0.62
msNm,46,43,89,0.52
msNn,67,59,126,0.53
msNs,46,35,81,0.57
msNt,9,11,20,0.45
msPB,29,27,56,0.52
msPD,6,4,10,0.6
msPH,17,13,30,0.57
msPI,4,3,7,0.57
msPK,4,6,10,0.4
msPL,9,15,24,0.38
msPM,35,42,77,0.45
msPN,45,43,88,0.51
msPP,58,33,91,0.64
msPS,38,49,87,0.44
msPb,33,41,74,0.45
msPh,4,4,8,0.5
msPl,10,12,22,0.45
msPm,40,38,78,0.51
msPn,44,37,81,0.54
msPs,47,36,83,0.57
msPt,8,6,14,0.57
msSB,26,27,53,0.49
msSD,7,6,13,0.54
msSH,21,16,37,0.57
msSI,2,5,7,0.29
msSK,1,1,2,0.5
msSL,10,10,20,0.5
msSM,47,60,107,0.44
msSN,40,57,97,0.41
msSP,30,50,80,0.38
msSS,76,69,145,0.52
msSb,26,24,50,0.52
msSh,25,31,56,0.45
msSl,10,5,15,0.67
msSm,50,44,94,0.53
msSn,41,44,85,0.48
msSs,71,47,118,0.6
msSt,7,11,18,0.39
msbB,34,20,54,0.63
msbD,5,8,13,0.38
msbH,5,13,18,0.28
msbI,1,5,6,0.17
msbJ,7,7,14,0.5
msbK,2,5,7,0.29
msbL,4,6,10,0.4
msbM,32,44,76,0.42
msbN,40,41,81,0.49
msbP,29,24,53,0.55
msbS,20,18,38,0.53
msbb,44,23,67,0.66
msbl,11,3,14,0.79
msbm,29,24,53,0.55
msbn,37,27,64,0.58
msbs,15,9,24,0.62
mshB,3,1,4,0.75
mshD,1,1,2,0.5
mshH,1,1,2,0.5
mshI,1,0,1,1.0
mshL,2,0,2,1.0
mshM,4,3,7,0.57
mshN,3,2,5,0.6
mshP,1,3,4,0.25
mshS,3,2,5,0.6
mshb,2,0,2,1.0
mshh,2,3,5,0.4
mshl,1,0,1,1.0
mshm,6,2,8,0.75
mshn,3,3,6,0.5
mshs,1,2,3,0.33
mslB,11,10,21,0.52
mslD,2,1,3,0.67
mslH,8,8,16,0.5
mslI,0,3,3,0.0
mslJ,1,2,3,0.33
mslK,1,1,2,0.5
mslL,3,2,5,0.6
mslM,8,14,22,0.36
mslN,11,11,22,0.5
mslP,12,13,25,0.48
mslS,8,3,11,0.73
mslb,6,9,15,0.4
msll,2,2,4,0.5
mslm,7,8,15,0.47
msln,5,8,13,0.38
msls,10,9,19,0.53
msmB,33,30,63,0.52
msmD,9,8,17,0.53
msmH,33,33,66,0.5
msmI,2,2,4,0.5
msmJ,8,8,16,0.5
msmK,0,1,1,0.0
msmL,10,16,26,0.38
msmM,43,58,101,0.43
msmN,42,52,94,0.45
msmP,41,32,73,0.56
msmS,25,26,51,0.49
msmb,49,38,87,0.56
msmh,0,1,1,0.0
msml,7,6,13,0.54
msmm,50,39,89,0.56
msmn,27,45,72,0.38
msms,30,21,51,0.59
msnB,17,30,47,0.36
msnD,8,6,14,0.57
msnH,24,24,48,0.5
msnI,10,3,13,0.77
msnK,5,4,9,0.56
msnL,7,14,21,0.33
msnM,41,45,86,0.48
msnN,55,48,103,0.53
msnP,41,44,85,0.48
msnS,34,29,63,0.54
msnb,17,32,49,0.35
msnh,2,2,4,0.5
msnl,5,1,6,0.83
msnm,31,30,61,0.51
msnn,43,40,83,0.52
msns,27,22,49,0.55
msnt,1,0,1,1.0
mssB,21,36,57,0.37
mssD,9,8,17,0.53
mssH,36,42,78,0.46
mssI,4,8,12,0.33
mssK,0,0,0,
mssL,5,9,14,0.36
mssM,32,38,70,0.46
mssN,41,39,80,0.51
mssP,40,35,75,0.53
mssS,66,64,130,0.51
mssb,26,29,55,0.47
mssh,2,6,8,0.25
mssl,14,5,19,0.74
mssm,30,42,72,0.42
mssn,40,35,75,0.53
msss,53,40,93,0.57
msst,1,1,2,0.5
mstB,0,1,1,0.0
mstH,1,1,2,0.5
mstL,0,1,1,0.0
mstM,1,1,2,0.5
mstN,1,1,2,0.5
mstP,0,1,1,0.0
mstS,0,2,2,0.0
mstb,0,1,1,0.0
mstm,1,2,3,0.33
mstn,1,0,1,1.0
msts,1,1,2,0.5
mtBM,1,0,1,1.0
mtBP,0,1,1,0.0
mtBS,0,0,0,
mtBj,0,1,1,0.0
mtBn,1,0,1,1.0
mtDS,0,1,1,0.0
mtHn,1,0,1,1.0
mtIM,0,0,0,
mtIS,1,0,1,1.0
mtLN,0,1,1,0.0
mtLn,1,0,1,1.0
mtMH,0,0,0,
mtMM,1,0,1,1.0
mtMP,0,0,0,
mtMS,1,0,1,1.0
mtMb,2,0,2,1.0
mtMn,1,0,1,1.0
mtNB,0,0,0,
mtNL,0,1,1,0.0
mtNN,1,1,2,0.5
mtNP,0,1,1,0.0
mtNb,0,1,1,0.0
mtNl,0,0,0,
mtPl,0,0,0,
mtSD,0,0,0,
mtSN,0,1,1,0.0
mtSS,0,1,1,0.0
mtSs,1,0,1,1.0
mtbN,0,1,1,0.0
mtbb,1,0,1,1.0
mthm,1,0,1,1.0
mtlB,0,1,1,0.0
mtmB,1,0,1,1.0
mtmM,1,0,1,1.0
mtml,0,1,1,0.0
mtmm,0,1,1,0.0
mtms,0,1,1,0.0
mtnH,0,1,1,0.0
mtnM,1,0,1,1.0
mtns,0,1,1,0.0
mtsH,0,1,1,0.0
mtsN,0,1,1,0.0
mtsh,0,1,1,0.0
mtsn,0,1,1,0.0
mtss,1,0,1,1.0
nBBB,53,48,101,0.52
nBBD,9,7,16,0.56
nBBK,2,1,3,0.67
nBBL,8,16,24,0.33
nBBM,39,52,91,0.43
nBBN,55,59,114,0.48
nBBP,52,66,118,0.44
nBBS,19,27,46,0.41
nBBb,51,51,102,0.5
nBBh,4,4,8,0.5
nBBj,6,19,25,0.24
nBBl,15,16,31,0.48
nBBm,51,57,108,0.47
nBBn,61,60,121,0.5
nBBs,26,20,46,0.57
nBBt,9,7,16,0.56
nBDB,5,11,16,0.31
nBDD,1,0,1,1.0
nBDH,5,3,8,0.62
nBDI,0,2,2,0.0
nBDL,1,2,3,0.33
nBDM,3,10,13,0.23
nBDN,2,6,8,0.25
nBDP,7,6,13,0.54
nBDS,8,6,14,0.57
nBDb,8,5,13,0.62
nBDh,1,0,1,1.0
nBDl,0,0,0,
nBDm,6,7,13,0.46
nBDn,5,8,13,0.38
nBDs,9,3,12,0.75
nBDt,2,1,3,0.67
nBHH,0,0,0,
nBHM,2,2,4,0.5
nBHP,1,0,1,1.0
nBHS,0,1,1,0.0
nBHb,2,2,4,0.5
nBHm,1,2,3,0.33
nBHn,1,0,1,1.0
nBHs,0,1,1,0.0
nBIB,0,1,1,0.0
nBIH,0,1,1,0.0
nBIP,0,1,1,0.0
nBKB,5,3,8,0.62
nBKD,2,1,3,0.67
nBKH,0,1,1,0.0
nBKI,1,2,3,0.33
nBKK,1,0,1,1.0
nBKL,3,2,5,0.6
nBKM,5,6,11,0.45
nBKN,3,4,7,0.43
nBKP,3,6,9,0.33
nBKS,5,6,11,0.45
nBKb,2,3,5,0.4
nBKh,3,5,8,0.38
nBKl,3,2,5,0.6
nBKm,2,5,7,0.29
nBKn,4,4,8,0.5
nBKs,4,10,14,0.29
nBKt,4,1,5,0.8
nBLB,18,13,31,0.58
nBLD,2,0,2,1.0
nBLH,1,0,1,1.0
nBLK,0,1,1,0.0
nBLL,2,4,6,0.33
nBLM,12,14,26,0.46
nBLN,11,13,24,0.46
nBLP,10,18,28,0.36
nBLS,6,7,13,0.46
nBLb,12,15,27,0.44
nBLh,4,2,6,0.67
nBLj,2,1,3,0.67
nBLl,7,2,9,0.78
nBLm,16,14,30,0.53
nBLn,24,18,42,0.57
nBLs,9,7,16,0.56
nBLt,0,2,2,0.0
nBMB,47,44,91,0.52
nBMD,5,5,10,0.5
nBMH,0,2,2,0.0
nBMK,0,2,2,0.0
nBML,5,5,10,0.5
nBMM,36,48,84,0.43
nBMN,41,46,87,0.47
nBMP,43,48,91,0.47
nBMS,30,20,50,0.6
nBMb,53,42,95,0.56
nBMh,26,32,58,0.45
nBMj,6,9,15,0.4
nBMl,20,9,29,0.69
nBMm,51,44,95,0.54
nBMn,48,66,114,0.42
nBMs,30,22,52,0.58
nBMt,8,8,16,0.5
nBNB,40,47,87,0.46
nBND,5,7,12,0.42
nBNH,12,10,22,0.55
nBNI,4,3,7,0.57
nBNK,6,10,16,0.38
nBNL,14,15,29,0.48
nBNM,46,61,107,0.43
nBNN,58,63,121,0.48
nBNP,55,81,136,0.4
nBNS,36,46,82,0.44
nBNb,43,51,94,0.46
nBNh,24,26,50,0.48
nBNl,14,16,30,0.47
nBNm,71,51,122,0.58
nBNn,70,93,163,0.43
nBNs,48,52,100,0.48
nBNt,11,9,20,0.55
nBPB,51,62,113,0.45
nBPD,7,8,15,0.47
nBPH,15,19,34,0.44
nBPI,6,9,15,0.4
nBPK,2,5,7,0.29
nBPL,25,16,41,0.61
nBPM,52,52,104,0.5
nBPN,46,70,116,0.4
nBPP,65,62,127,0.51
nBPS,37,47,84,0.44
nBPb,52,44,96,0.54
nBPh,7,7,14,0.5
nBPl,28,19,47,0.6
nBPm,74,50,124,0.6
nBPn,41,61,102,0.4
nBPs,46,41,87,0.53
nBPt,10,6,16,0.62
nBSB,17,24,41,0.41
nBSD,2,5,7,0.29
nBSH,14,14,28,0.5
nBSI,3,1,4,0.75
nBSK,0,0,0,
nBSL,4,2,6,0.67
nBSM,33,35,68,0.49
nBSN,34,23,57,0.6
nBSP,30,32,62,0.48
nBSS,38,36,74,0.51
nBSb,25,21,46,0.54
nBSh,12,18,30,0.4
nBSl,9,10,19,0.47
nBSm,26,26,52,0.5
nBSn,29,28,57,0.51
nBSs,36,33,69,0.52
nBSt,5,3,8,0.62
nBbB,41,40,81,0.51
nBbD,3,3,6,0.5
nBbH,15,18,33,0.45
nBbI,6,4,10,0.6
nBbJ,13,10,23,0.57
nBbK,5,4,9,0.56
nBbL,7,16,23,0.3
nBbM,33,41,74,0.45
nBbN,50,62,112,0.45
nBbP,48,54,102,0.47
nBbS,30,23,53,0.57
nBbb,38,30,68,0.56
nBbh,2,0,2,1.0
nBbl,10,9,19,0.53
nBbm,50,34,84,0.6
nBbn,44,52,96,0.46
nBbs,27,24,51,0.53
nBhB,4,7,11,0.36
nBhI,3,1,4,0.75
nBhL,0,4,4,0.0
nBhM,4,2,6,0.67
nBhN,1,4,5,0.2
nBhP,6,6,12,0.5
nBhS,2,6,8,0.25
nBhb,5,3,8,0.62
nBhh,4,10,14,0.29
nBhl,2,2,4,0.5
nBhm,7,4,11,0.64
nBhn,3,8,11,0.27
nBhs,4,7,11,0.36
nBht,1,0,1,1.0
nBjB,7,12,19,0.37
nBjD,2,1,3,0.67
nBjH,3,4,7,0.43
nBjI,2,2,4,0.5
nBjK,1,2,3,0.33
nBjL,6,1,7,0.86
nBjM,9,9,18,0.5
nBjN,12,8,20,0.6
nBjP,12,12,24,0.5
nBjS,8,8,16,0.5
nBjb,8,7,15,0.53
nBjh,4,2,6,0.67
nBjl,1,5,6,0.17
nBjm,11,9,20,0.55
nBjn,14,12,26,0.54
nBjs,13,4,17,0.76
nBjt,1,0,1,1.0
nBlB,17,15,32,0.53
nBlD,2,0,2,1.0
nBlH,9,9,18,0.5
nBlI,1,1,2,0.5
nBlJ,5,3,8,0.62
nBlK,3,0,3,1.0
nBlL,3,7,10,0.3
nBlM,11,18,29,0.38
nBlN,18,18,36,0.5
nBlP,20,19,39,0.51
nBlS,10,14,24,0.42
nBlb,13,12,25,0.52
nBll,5,7,12,0.42
nBlm,14,14,28,0.5
nBln,12,9,21,0.57
nBls,14,8,22,0.64
nBmB,38,54,92,0.41
nBmD,10,12,22,0.45
nBmH,36,49,85,0.42
nBmI,4,3,7,0.57
nBmJ,6,6,12,0.5
nBmK,1,0,1,1.0
nBmL,12,10,22,0.55
nBmM,42,74,116,0.36
nBmN,65,76,141,0.46
nBmP,44,55,99,0.44
nBmS,34,56,90,0.38
nBmb,41,40,81,0.51
nBmh,0,0,0,
nBml,16,8,24,0.67
nBmm,55,41,96,0.57
nBmn,41,43,84,0.49
nBms,40,38,78,0.51
nBnB,39,47,86,0.45
nBnD,15,10,25,0.6
nBnH,37,39,76,0.49
nBnI,16,19,35,0.46
nBnK,5,5,10,0.5
nBnL,18,14,32,0.56
nBnM,59,80,139,0.42
nBnN,94,90,184,0.51
nBnP,84,100,184,0.46
nBnS,49,49,98,0.5
nBnb,46,49,95,0.48
nBnh,7,4,11,0.64
nBnl,19,18,37,0.51
nBnm,73,50,123,0.59
nBnn,88,81,169,0.52
nBns,48,59,107,0.45
nBnt,1,1,2,0.5
nBsB,16,18,34,0.47
nBsD,4,7,11,0.36
nBsH,23,27,50,0.46
nBsI,6,7,13,0.46
nBsK,0,1,1,0.0
nBsL,8,9,17,0.47
nBsM,21,27,48,0.44
nBsN,22,32,54,0.41
nBsP,33,37,70,0.47
nBsS,29,37,66,0.44
nBsb,17,19,36,0.47
nBsh,3,1,4,0.75
nBsl,10,8,18,0.56
nBsm,33,24,57,0.58
nBsn,34,29,63,0.54
nBss,29,22,51,0.57
nBst,1,0,1,1.0
nBtB,2,10,12,0.17
nBtD,3,0,3,1.0
nBtH,7,2,9,0.78
nBtI,1,0,1,1.0
nBtL,2,3,5,0.4
nBtM,9,4,13,0.69
nBtN,15,8,23,0.65
nBtP,6,11,17,0.35
nBtS,7,12,19,0.37
nBtb,5,2,7,0.71
nBth,1,1,2,0.5
nBtl,4,4,8,0.5
nBtm,10,12,22,0.45
nBtn,11,10,21,0.52
nBts,3,7,10,0.3
nBtt,0,2,2,0.0
nDBB,6,9,15,0.4
nDBD,0,3,3,0.0
nDBK,2,1,3,0.67
nDBL,2,2,4,0.5
nDBM,5,8,13,0.38
nDBN,8,8,16,0.5
nDBP,10,5,15,0.67
nDBS,4,5,9,0.44
nDBb,4,3,7,0.57
nDBh,0,2,2,0.0
nDBj,0,1,1,0.0
nDBl,1,1,2,0.5
nDBm,14,7,21,0.67
nDBn,7,9,16,0.44
nDBs,5,5,10,0.5
nDBt,0,1,1,0.0
nDDB,1,1,2,0.5
nDDD,1,1,2,0.5
nDDH,6,3,9,0.67
nDDI,1,0,1,1.0
nDDL,1,2,3,0.33
nDDM,1,3,4,0.25
nDDN,1,1,2,0.5
nDDP,3,3,6,0.5
nDDS,2,0,2,1.0
nDDb,1,3,4,0.25
nDDl,1,0,1,1.0
nDDm,1,2,3,0.33
nDDn,3,3,6,0.5
nDDs,4,1,5,0.8
nDDt,1,1,2,0.5
nDHB,3,3,6,0.5
nDHD,0,3,3,0.0
nDHH,2,4,6,0.33
nDHI,0,1,1,0.0
nDHK,2,1,3,0.67
nDHL,3,1,4,0.75
nDHM,8,9,17,0.47
nDHN,14,13,27,0.52
nDHP,12,10,22,0.55
nDHS,8,12,20,0.4
nDHb,6,8,14,0.43
nDHh,10,2,12,0.83
nDHl,5,2,7,0.71
nDHm,19,8,27,0.7
nDHn,12,10,22,0.55
nDHs,17,9,26,0.65
nDIB,1,0,1,1.0
nDID,1,0,1,1.0
nDIH,3,2,5,0.6
nDIM,1,1,2,0.5
nDIN,1,1,2,0.5
nDIP,1,2,3,0.33
nDIS,0,2,2,0.0
nDIb,1,1,2,0.5
nDIl,0,0,0,
nDIm,0,2,2,0.0
nDIn,0,1,1,0.0
nDKM,0,1,1,0.0
nDKN,1,0,1,1.0
nDKb,1,1,2,0.5
nDKm,0,1,1,0.0
nDLB,2,4,6,0.33
nDLD,1,1,2,0.5
nDLL,1,1,2,0.5
nDLM,1,6,7,0.14
nDLN,3,5,8,0.38
nDLP,3,3,6,0.5
nDLS,3,3,6,0.5
nDLb,3,6,9,0.33
nDLh,2,0,2,1.0
nDLj,1,0,1,1.0
nDLl,3,1,4,0.75
nDLm,3,1,4,0.75
nDLn,4,4,8,0.5
nDLs,3,4,7,0.43
nDLt,0,1,1,0.0
nDMB,8,12,20,0.4
nDMD,4,3,7,0.57
nDMK,0,1,1,0.0
nDML,3,7,10,0.3
nDMM,16,15,31,0.52
nDMN,7,12,19,0.37
nDMP,4,7,11,0.36
nDMS,10,8,18,0.56
nDMb,8,13,21,0.38
nDMh,15,7,22,0.68
nDMj,2,0,2,1.0
nDMl,6,5,11,0.55
nDMm,12,14,26,0.46
nDMn,23,13,36,0.64
nDMs,7,10,17,0.41
nDMt,1,0,1,1.0
nDNB,6,11,17,0.35
nDND,1,3,4,0.25
nDNH,1,5,6,0.17
nDNK,1,4,5,0.2
nDNL,3,0,3,1.0
nDNM,8,18,26,0.31
nDNN,10,12,22,0.45
nDNP,7,15,22,0.32
nDNS,6,8,14,0.43
nDNb,4,8,12,0.33
nDNh,2,1,3,0.67
nDNl,3,2,5,0.6
nDNm,15,7,22,0.68
nDNn,11,8,19,0.58
nDNs,14,10,24,0.58
nDNt,0,2,2,0.0
nDPB,4,12,16,0.25
nDPD,1,2,3,0.33
nDPH,5,4,9,0.56
nDPI,1,1,2,0.5
nDPK,2,3,5,0.4
nDPL,2,4,6,0.33
nDPM,9,12,21,0.43
nDPN,11,8,19,0.58
nDPP,16,15,31,0.52
nDPS,11,17,28,0.39
nDPb,8,5,13,0.62
nDPh,1,2,3,0.33
nDPl,3,4,7,0.43
nDPm,12,14,26,0.46
nDPn,12,8,20,0.6
nDPs,9,9,18,0.5
nDPt,2,2,4,0.5
nDSB,6,12,18,0.33
nDSD,1,5,6,0.17
nDSH,8,6,14,0.57
nDSK,1,1,2,0.5
nDSL,4,2,6,0.67
nDSM,10,18,28,0.36
nDSN,16,8,24,0.67
nDSP,5,19,24,0.21
nDSS,10,17,27,0.37
nDSb,12,9,21,0.57
nDSh,7,7,14,0.5
nDSl,1,5,6,0.17
nDSm,15,18,33,0.45
nDSn,10,11,21,0.48
nDSs,15,11,26,0.58
nDSt,2,4,6,0.33
nDbB,5,7,12,0.42
nDbD,1,1,2,0.5
nDbH,1,2,3,0.33
nDbI,0,2,2,0.0
nDbJ,0,3,3,0.0
nDbK,2,1,3,0.67
nDbL,5,1,6,0.83
nDbM,5,6,11,0.45
nDbN,6,10,16,0.38
nDbP,12,6,18,0.67
nDbS,4,3,7,0.57
nDbb,5,7,12,0.42
nDbh,0,1,1,0.0
nDbl,4,2,6,0.67
nDbm,8,5,13,0.62
nDbn,7,7,14,0.5
nDbs,6,8,14,0.43
nDhI,1,0,1,1.0
nDhP,0,2,2,0.0
nDhS,2,2,4,0.5
nDhb,2,0,2,1.0
nDhh,0,1,1,0.0
nDhm,0,3,3,0.0
nDhn,0,1,1,0.0
nDhs,0,1,1,0.0
nDht,0,1,1,0.0
nDlB,2,3,5,0.4
nDlD,2,2,4,0.5
nDlH,1,3,4,0.25
nDlK,1,0,1,1.0
nDlL,3,2,5,0.6
nDlM,1,5,6,0.17
nDlN,1,5,6,0.17
nDlP,6,3,9,0.67
nDlS,2,1,3,0.67
nDlb,6,4,10,0.6
nDll,0,2,2,0.0
nDlm,5,2,7,0.71
nDln,1,2,3,0.33
nDls,2,3,5,0.4
nDmB,6,7,13,0.46
nDmD,3,0,3,1.0
nDmH,10,12,22,0.45
nDmI,1,0,1,1.0
nDmJ,0,1,1,0.0
nDmL,4,3,7,0.57
nDmM,15,11,26,0.58
nDmN,13,8,21,0.62
nDmP,13,8,21,0.62
nDmS,10,5,15,0.67
nDmb,9,9,18,0.5
nDml,1,4,5,0.2
nDmm,15,11,26,0.58
nDmn,14,6,20,0.7
nDms,4,11,15,0.27
nDnB,3,3,6,0.5
nDnD,4,3,7,0.57
nDnH,9,8,17,0.53
nDnI,0,0,0,
nDnK,1,0,1,1.0
nDnL,5,2,7,0.71
nDnM,5,15,20,0.25
nDnN,17,15,32,0.53
nDnP,14,10,24,0.58
nDnS,6,13,19,0.32
nDnb,4,9,13,0.31
nDnl,4,3,7,0.57
nDnm,13,9,22,0.59
nDnn,6,10,16,0.38
nDns,6,6,12,0.5
nDsB,4,6,10,0.4
nDsD,3,1,4,0.75
nDsH,7,11,18,0.39
nDsI,0,1,1,0.0
nDsL,2,3,5,0.4
nDsM,7,18,25,0.28
nDsN,9,9,18,0.5
nDsP,10,10,20,0.5
nDsS,19,21,40,0.48
nDsb,7,8,15,0.47
nDsh,2,0,2,1.0
nDsl,4,1,5,0.8
nDsm,7,9,16,0.44
nDsn,7,2,9,0.78
nDss,12,13,25,0.48
nDtB,1,3,4,0.25
nDtD,1,1,2,0.5
nDtH,0,2,2,0.0
nDtL,1,0,1,1.0
nDtM,1,4,5,0.2
nDtN,3,2,5,0.6
nDtP,3,2,5,0.6
nDtS,1,4,5,0.2
nDtb,1,2,3,0.33
nDtl,1,1,2,0.5
nDtm,5,0,5,1.0
nDtn,1,2,3,0.33
nDts,1,0,1,1.0
nDtt,1,0,1,1.0
nHBB,24,22,46,0.52
nHBD,5,6,11,0.45
nHBH,1,0,1,1.0
nHBI,0,0,0,
nHBK,5,2,7,0.71
nHBL,10,5,15,0.67
nHBM,21,24,45,0.47
nHBN,23,32,55,0.42
nHBP,27,33,60,0.45
nHBS,16,16,32,0.5
nHBb,23,26,49,0.47
nHBh,1,2,3,0.33
nHBj,6,6,12,0.5
nHBl,13,3,16,0.81
nHBm,47,24,71,0.66
nHBn,23,31,54,0.43
nHBs,18,27,45,0.4
nHBt,4,6,10,0.4
nHDB,5,4,9,0.56
nHDD,0,0,0,
nHDH,10,8,18,0.56
nHDI,1,1,2,0.5
nHDL,2,0,2,1.0
nHDM,8,6,14,0.57
nHDN,3,2,5,0.6
nHDP,6,4,10,0.6
nHDS,6,3,9,0.67
nHDb,1,3,4,0.25
nHDl,1,0,1,1.0
nHDm,7,6,13,0.54
nHDn,2,1,3,0.67
nHDs,8,1,9,0.89
nHDt,1,1,2,0.5
nHHB,5,1,6,0.83
nHHD,2,2,4,0.5
nHHH,1,2,3,0.33
nHHI,3,4,7,0.43
nHHK,4,0,4,1.0
nHHL,2,2,4,0.5
nHHM,6,11,17,0.35
nHHN,15,11,26,0.58
nHHP,11,6,17,0.65
nHHS,10,13,23,0.43
nHHb,6,10,16,0.38
nHHh,3,1,4,0.75
nHHl,2,2,4,0.5
nHHm,9,12,21,0.43
nHHn,11,11,22,0.5
nHHs,11,14,25,0.44
nHIB,4,4,8,0.5
nHID,3,1,4,0.75
nHIH,4,2,6,0.67
nHIL,3,2,5,0.6
nHIM,2,11,13,0.15
nHIN,2,6,8,0.25
nHIP,4,5,9,0.44
nHIS,7,10,17,0.41
nHIb,3,2,5,0.6
nHIl,1,3,4,0.25
nHIm,7,9,16,0.44
nHIn,5,0,5,1.0
nHIs,4,8,12,0.33
nHIt,1,0,1,1.0
nHKB,2,1,3,0.67
nHKH,0,0,0,
nHKI,0,1,1,0.0
nHKL,0,1,1,0.0
nHKM,2,3,5,0.4
nHKN,6,6,12,0.5
nHKP,7,2,9,0.78
nHKS,4,2,6,0.67
nHKb,3,3,6,0.5
nHKh,3,3,6,0.5
nHKl,2,0,2,1.0
nHKm,3,4,7,0.43
nHKn,7,0,7,1.0
nHKs,3,1,4,0.75
nHLB,14,10,24,0.58
nHLD,1,3,4,0.25
nHLK,2,3,5,0.4
nHLL,2,4,6,0.33
nHLM,8,11,19,0.42
nHLN,11,19,30,0.37
nHLP,11,10,21,0.52
nHLS,6,11,17,0.35
nHLb,7,9,16,0.44
nHLh,4,4,8,0.5
nHLj,3,2,5,0.6
nHLl,2,4,6,0.33
nHLm,10,14,24,0.42
nHLn,14,15,29,0.48
nHLs,9,4,13,0.69
nHLt,3,4,7,0.43
nHMB,28,36,64,0.44
nHMD,3,5,8,0.38
nHMH,0,2,2,0.0
nHMK,1,2,3,0.33
nHML,9,7,16,0.56
nHMM,34,45,79,0.43
nHMN,38,46,84,0.45
nHMP,32,28,60,0.53
nHMS,33,32,65,0.51
nHMb,30,26,56,0.54
nHMh,30,39,69,0.43
nHMj,7,9,16,0.44
nHMl,10,16,26,0.38
nHMm,33,43,76,0.43
nHMn,70,72,142,0.49
nHMs,39,29,68,0.57
nHMt,8,7,15,0.53
nHNB,32,28,60,0.53
nHND,5,9,14,0.36
nHNH,10,15,25,0.4
nHNI,2,0,2,1.0
nHNK,2,3,5,0.4
nHNL,8,17,25,0.32
nHNM,35,49,84,0.42
nHNN,38,55,93,0.41
nHNP,57,44,101,0.56
nHNS,41,30,71,0.58
nHNb,23,31,54,0.43
nHNh,21,9,30,0.7
nHNl,9,10,19,0.47
nHNm,55,39,94,0.59
nHNn,67,47,114,0.59
nHNs,38,36,74,0.51
nHNt,5,8,13,0.38
nHPB,26,39,65,0.4
nHPD,2,9,11,0.18
nHPH,19,26,45,0.42
nHPI,8,6,14,0.57
nHPK,6,4,10,0.6
nHPL,16,17,33,0.48
nHPM,37,50,87,0.43
nHPN,43,54,97,0.44
nHPP,73,58,131,0.56
nHPS,42,33,75,0.56
nHPb,35,38,73,0.48
nHPh,7,3,10,0.7
nHPl,21,11,32,0.66
nHPm,57,47,104,0.55
nHPn,38,40,78,0.49
nHPs,42,39,81,0.52
nHPt,3,5,8,0.38
nHSB,23,24,47,0.49
nHSD,7,6,13,0.54
nHSH,15,8,23,0.65
nHSI,0,1,1,0.0
nHSK,0,1,1,0.0
nHSL,7,6,13,0.54
nHSM,37,40,77,0.48
nHSN,40,27,67,0.6
nHSP,33,36,69,0.48
nHSS,57,51,108,0.53
nHSb,23,17,40,0.57
nHSh,14,24,38,0.37
nHSl,10,7,17,0.59
nHSm,39,33,72,0.54
nHSn,35,43,78,0.45
nHSs,58,45,103,0.56
nHSt,9,6,15,0.6
nHbB,23,22,45,0.51
nHbD,10,1,11,0.91
nHbH,7,6,13,0.54
nHbI,0,2,2,0.0
nHbJ,12,4,16,0.75
nHbK,1,6,7,0.14
nHbL,4,7,11,0.36
nHbM,31,39,70,0.44
nHbN,41,25,66,0.62
nHbP,39,28,67,0.58
nHbS,19,18,37,0.51
nHbb,34,19,53,0.64
nHbl,9,4,13,0.69
nHbm,32,20,52,0.62
nHbn,33,27,60,0.55
nHbs,14,21,35,0.4
nHhB,13,11,24,0.54
nHhD,3,2,5,0.6
nHhH,3,2,5,0.6
nHhI,1,3,4,0.25
nHhK,1,0,1,1.0
nHhL,3,7,10,0.3
nHhM,20,28,48,0.42
nHhN,13,19,32,0.41
nHhP,24,15,39,0.62
nHhS,8,27,35,0.23
nHhb,16,15,31,0.52
nHhh,7,13,20,0.35
nHhl,9,7,16,0.56
nHhm,27,18,45,0.6
nHhn,16,19,35,0.46
nHhs,19,16,35,0.54
nHht,1,1,2,0.5
nHlB,9,9,18,0.5
nHlD,0,2,2,0.0
nHlH,5,8,13,0.38
nHlI,0,2,2,0.0
nHlJ,4,5,9,0.44
nHlL,2,3,5,0.4
nHlM,10,12,22,0.45
nHlN,10,13,23,0.43
nHlP,12,18,30,0.4
nHlS,19,8,27,0.7
nHlb,10,8,18,0.56
nHlh,1,0,1,1.0
nHll,5,4,9,0.56
nHlm,13,7,20,0.65
nHln,10,7,17,0.59
nHls,8,11,19,0.42
nHmB,30,29,59,0.51
nHmD,4,4,8,0.5
nHmH,37,27,64,0.58
nHmI,5,5,10,0.5
nHmJ,5,12,17,0.29
nHmL,7,11,18,0.39
nHmM,43,59,102,0.42
nHmN,49,49,98,0.5
nHmP,31,49,80,0.39
nHmS,32,37,69,0.46
nHmb,36,32,68,0.53
nHml,8,12,20,0.4
nHmm,31,30,61,0.51
nHmn,35,31,66,0.53
nHms,21,24,45,0.47
nHnB,29,35,64,0.45
nHnD,7,6,13,0.54
nHnH,25,21,46,0.54
nHnI,11,9,20,0.55
nHnK,2,2,4,0.5
nHnL,8,14,22,0.36
nHnM,44,29,73,0.6
nHnN,50,53,103,0.49
nHnP,58,42,100,0.58
nHnS,44,47,91,0.48
nHnb,34,26,60,0.57
nHnh,1,1,2,0.5
nHnl,13,9,22,0.59
nHnm,37,35,72,0.51
nHnn,38,45,83,0.46
nHns,41,38,79,0.52
nHsB,18,33,51,0.35
nHsD,7,4,11,0.64
nHsH,48,37,85,0.56
nHsI,5,9,14,0.36
nHsK,0,1,1,0.0
nHsL,7,9,16,0.44
nHsM,38,38,76,0.5
nHsN,44,43,87,0.51
nHsP,36,34,70,0.51
nHsS,49,51,100,0.49
nHsb,22,24,46,0.48
nHsh,1,2,3,0.33
nHsl,14,9,23,0.61
nHsm,42,33,75,0.56
nHsn,27,37,64,0.42
nHss,43,39,82,0.52
nHst,0,0,0,
nHtB,1,5,6,0.17
nHtD,0,1,1,0.0
nHtH,3,1,4,0.75
nHtK,1,0,1,1.0
nHtL,0,3,3,0.0
nHtM,1,3,4,0.25
nHtN,2,5,7,0.29
nHtP,3,1,4,0.75
nHtS,3,6,9,0.33
nHtb,3,3,6,0.5
nHtl,1,2,3,0.33
nHtm,5,6,11,0.45
nHtn,6,2,8,0.75
nHts,8,3,11,0.73
nHtt,0,1,1,0.0
nIBB,12,7,19,0.63
nIBD,0,1,1,0.0
nIBK,1,1,2,0.5
nIBL,2,2,4,0.5
nIBM,6,12,18,0.33
nIBN,15,11,26,0.58
nIBP,15,12,27,0.56
nIBS,7,8,15,0.47
nIBb,5,2,7,0.71
nIBh,1,3,4,0.25
nIBj,2,1,3,0.67
nIBl,1,1,2,0.5
nIBm,13,8,21,0.62
nIBn,17,16,33,0.52
nIBs,5,8,13,0.38
nIBt,0,1,1,0.0
nIDB,3,0,3,1.0
nIDD,1,1,2,0.5
nIDH,2,0,2,1.0
nIDI,1,0,1,1.0
nIDL,1,0,1,1.0
nIDM,2,4,6,0.33
nIDN,0,4,4,0.0
nIDP,0,3,3,0.0
nIDS,2,2,4,0.5
nIDb,2,1,3,0.67
nIDl,0,1,1,0.0
nIDm,5,1,6,0.83
nIDn,4,2,6,0.67
nIDs,1,3,4,0.25
nIHB,11,10,21,0.52
nIHD,1,0,1,1.0
nIHH,3,1,4,0.75
nIHI,2,1,3,0.67
nIHK,1,2,3,0.33
nIHL,2,2,4,0.5
nIHM,15,10,25,0.6
nIHN,12,12,24,0.5
nIHP,8,11,19,0.42
nIHS,6,11,17,0.35
nIHb,7,5,12,0.58
nIHh,4,3,7,0.57
nIHl,1,5,6,0.17
nIHm,17,8,25,0.68
nIHn,7,4,11,0.64
nIHs,14,5,19,0.74
nIHt,2,2,4,0.5
nIIB,1,1,2,0.5
nIID,0,1,1,0.0
nIIH,5,5,10,0.5
nIIL,1,1,2,0.5
nIIM,2,1,3,0.67
nIIN,2,8,10,0.2
nIIP,1,1,2,0.5
nIIS,1,4,5,0.2
nIIb,3,2,5,0.6
nIIl,1,2,3,0.33
nIIm,1,0,1,1.0
nIIn,1,1,2,0.5
nIIs,2,3,5,0.4
nIKB,0,1,1,0.0
nIKM,0,0,0,
nIKN,0,1,1,0.0
nIKh,1,0,1,1.0
nIKl,0,0,0,
nILB,2,4,6,0.33
nILD,0,1,1,0.0
nILL,1,0,1,1.0
nILM,2,5,7,0.29
nILN,5,1,6,0.83
nILP,4,1,5,0.8
nILS,2,0,2,1.0
nILb,2,2,4,0.5
nILh,2,2,4,0.5
nILj,1,0,1,1.0
nILl,1,0,1,1.0
nILm,11,4,15,0.73
nILn,3,6,9,0.33
nILs,3,2,5,0.6
nILt,1,3,4,0.25
nIMB,6,8,14,0.43
nIMD,2,3,5,0.4
nIMH,0,1,1,0.0
nIML,5,4,9,0.56
nIMM,10,17,27,0.37
nIMN,9,15,24,0.38
nIMP,10,18,28,0.36
nIMS,10,7,17,0.59
nIMb,14,10,24,0.58
nIMh,11,17,28,0.39
nIMj,1,3,4,0.25
nIMl,4,5,9,0.44
nIMm,16,8,24,0.67
nIMn,17,18,35,0.49
nIMs,7,11,18,0.39
nIMt,4,2,6,0.67
nINB,6,3,9,0.67
nIND,2,2,4,0.5
nINH,2,0,2,1.0
nINI,1,0,1,1.0
nINK,1,2,3,0.33
nINL,3,5,8,0.38
nINM,6,11,17,0.35
nINN,13,22,35,0.37
nINP,13,14,27,0.48
nINS,13,14,27,0.48
nINb,12,12,24,0.5
nINh,3,4,7,0.43
nINl,6,8,14,0.43
nINm,10,13,23,0.43
nINn,16,15,31,0.52
nINs,7,9,16,0.44
nINt,2,4,6,0.33
nIPB,11,8,19,0.58
nIPD,1,4,5,0.2
nIPH,5,4,9,0.56
nIPI,4,3,7,0.57
nIPK,4,1,5,0.8
nIPL,4,7,11,0.36
nIPM,16,17,33,0.48
nIPN,16,22,38,0.42
nIPP,23,13,36,0.64
nIPS,12,9,21,0.57
nIPb,15,9,24,0.62
nIPh,2,3,5,0.4
nIPl,2,4,6,0.33
nIPm,16,11,27,0.59
nIPn,18,15,33,0.55
nIPs,15,14,29,0.52
nIPt,6,1,7,0.86
nISB,7,7,14,0.5
nISD,2,2,4,0.5
nISH,1,7,8,0.12
nISI,0,0,0,
nISK,0,1,1,0.0
nISL,4,2,6,0.67
nISM,12,17,29,0.41
nISN,8,8,16,0.5
nISP,11,13,24,0.46
nISS,12,19,31,0.39
nISb,10,9,19,0.53
nISh,5,0,5,1.0
nISl,5,3,8,0.62
nISm,14,14,28,0.5
nISn,11,7,18,0.61
nISs,16,17,33,0.48
nISt,1,3,4,0.25
nIbB,14,11,25,0.56
nIbD,1,0,1,1.0
nIbH,1,3,4,0.25
nIbJ,3,5,8,0.38
nIbK,2,1,3,0.67
nIbL,4,4,8,0.5
nIbM,14,12,26,0.54
nIbN,17,11,28,0.61
nIbP,10,17,27,0.37
nIbS,2,5,7,0.29
nIbb,13,11,24,0.54
nIbl,3,3,6,0.5
nIbm,13,6,19,0.68
nIbn,9,7,16,0.56
nIbs,6,7,13,0.46
nIhI,0,1,1,0.0
nIhM,0,2,2,0.0
nIhS,1,0,1,1.0
nIhh,1,0,1,1.0
nIhm,1,1,2,0.5
nIhn,0,1,1,0.0
nIhs,1,1,2,0.5
nIlB,3,3,6,0.5
nIlD,2,0,2,1.0
nIlH,0,2,2,0.0
nIlI,2,0,2,1.0
nIlJ,1,0,1,1.0
nIlL,2,0,2,1.0
nIlM,3,3,6,0.5
nIlN,10,4,14,0.71
nIlP,5,3,8,0.62
nIlS,1,3,4,0.25
nIlb,4,2,6,0.67
nIll,2,0,2,1.0
nIlm,5,2,7,0.71
nIln,3,0,3,1.0
nIls,1,6,7,0.14
nImB,12,10,22,0.55
nImD,2,1,3,0.67
nImH,10,11,21,0.48
nImI,0,2,2,0.0
nImJ,1,4,5,0.2
nImL,5,8,13,0.38
nImM,14,14,28,0.5
nImN,13,19,32,0.41
nImP,11,18,29,0.38
nImS,12,7,19,0.63
nImb,11,10,21,0.52
nIml,3,2,5,0.6
nImm,18,11,29,0.62
nImn,9,13,22,0.41
nIms,10,10,20,0.5
nInB,5,8,13,0.38
nInD,5,2,7,0.71
nInH,7,3,10,0.7
nInI,2,3,5,0.4
nInK,0,4,4,0.0
nInL,5,1,6,0.83
nInM,6,15,21,0.29
nInN,12,15,27,0.44
nInP,10,10,20,0.5
nInS,10,7,17,0.59
nInb,5,9,14,0.36
nInh,0,1,1,0.0
nInl,2,2,4,0.5
nInm,18,6,24,0.75
nInn,14,11,25,0.56
nIns,5,4,9,0.56
nInt,0,1,1,0.0
nIsB,8,10,18,0.44
nIsD,2,4,6,0.33
nIsH,4,11,15,0.27
nIsI,5,3,8,0.62
nIsL,1,3,4,0.25
nIsM,9,14,23,0.39
nIsN,13,10,23,0.57
nIsP,7,14,21,0.33
nIsS,8,16,24,0.33
nIsb,3,3,6,0.5
nIsh,1,2,3,0.33
nIsl,2,6,8,0.25
nIsm,12,4,16,0.75
nIsn,12,10,22,0.55
nIss,9,8,17,0.53
nIst,1,0,1,1.0
nItB,2,0,2,1.0
nItH,1,0,1,1.0
nItI,1,0,1,1.0
nItL,0,1,1,0.0
nItM,2,2,4,0.5
nItN,0,0,0,
nItP,1,1,2,0.5
nItS,0,3,3,0.0
nItb,0,2,2,0.0
nItl,2,1,3,0.67
nItm,2,3,5,0.4
nItn,1,1,2,0.5
nIts,1,1,2,0.5
nItt,2,0,2,1.0
nKBB,2,9,11,0.18
nKBD,1,0,1,1.0
nKBK,1,1,2,0.5
nKBM,4,7,11,0.36
nKBN,5,6,11,0.45
nKBP,4,5,9,0.44
nKBS,1,1,2,0.5
nKBb,3,5,8,0.38
nKBh,0,1,1,0.0
nKBl,3,4,7,0.43
nKBm,7,5,12,0.58
nKBn,6,7,13,0.46
nKBs,4,6,10,0.4
nKBt,2,0,2,1.0
nKDB,1,0,1,1.0
nKDH,1,0,1,1.0
nKDL,1,1,2,0.5
nKDM,1,2,3,0.33
nKDN,0,2,2,0.0
nKDP,0,1,1,0.0
nKDS,5,0,5,1.0
nKDb,1,0,1,1.0
nKDl,0,1,1,0.0
nKDm,2,0,2,1.0
nKDn,2,0,2,1.0
nKDs,0,0,0,
nKHB,0,1,1,0.0
nKHD,0,1,1,0.0
nKHH,1,0,1,1.0
nKHI,0,0,0,
nKHK,0,1,1,0.0
nKHL,1,0,1,1.0
nKHM,0,3,3,0.0
nKHN,2,1,3,0.67
nKHP,2,0,2,1.0
nKHS,0,1,1,0.0
nKHh,1,0,1,1.0
nKHm,3,1,4,0.75
nKHn,3,3,6,0.5
nKHs,3,0,3,1.0
nKIB,0,3,3,0.0
nKIH,1,1,2,0.5
nKIK,0,1,1,0.0
nKIM,0,0,0,
nKIN,2,2,4,0.5
nKIP,1,0,1,1.0
nKIS,0,1,1,0.0
nKIb,0,1,1,0.0
nKIm,1,1,2,0.5
nKIn,2,0,2,1.0
nKKS,0,0,0,
nKKn,1,0,1,1.0
nKLB,7,2,9,0.78
nKLD,0,1,1,0.0
nKLL,2,0,2,1.0
nKLM,0,2,2,0.0
nKLN,2,3,5,0.4
nKLP,3,0,3,1.0
nKLS,3,2,5,0.6
nKLb,3,2,5,0.6
nKLh,0,1,1,0.0
nKLj,1,1,2,0.5
nKLl,1,0,1,1.0
nKLm,2,2,4,0.5
nKLn,1,1,2,0.5
nKLt,1,0,1,1.0
nKMB,9,8,17,0.53
nKMD,0,1,1,0.0
nKMH,1,0,1,1.0
nKML,1,3,4,0.25
nKMM,7,9,16,0.44
nKMN,7,11,18,0.39
nKMP,4,9,13,0.31
nKMS,5,4,9,0.56
nKMb,6,10,16,0.38
nKMh,3,5,8,0.38
nKMj,2,4,6,0.33
nKMl,3,0,3,1.0
nKMm,9,5,14,0.64
nKMn,9,9,18,0.5
nKMs,6,6,12,0.5
nKMt,1,1,2,0.5
nKNB,8,0,8,1.0
nKND,0,1,1,0.0
nKNH,0,2,2,0.0
nKNK,0,1,1,0.0
nKNL,1,0,1,1.0
nKNM,5,8,13,0.38
nKNN,5,6,11,0.45
nKNP,2,7,9,0.22
nKNS,2,8,10,0.2
nKNb,3,6,9,0.33
nKNh,2,1,3,0.67
nKNl,1,2,3,0.33
nKNm,8,6,14,0.57
nKNn,3,7,10,0.3
nKNs,9,4,13,0.69
nKNt,1,1,2,0.5
nKPB,3,8,11,0.27
nKPD,0,0,0,
nKPH,3,3,6,0.5
nKPK,1,0,1,1.0
nKPL,3,4,7,0.43
nKPM,7,11,18,0.39
nKPN,8,7,15,0.53
nKPP,11,9,20,0.55
nKPS,10,5,15,0.67
nKPb,5,3,8,0.62
nKPh,1,2,3,0.33
nKPl,1,4,5,0.2
nKPm,7,10,17,0.41
nKPn,5,6,11,0.45
nKPs,3,7,10,0.3
nKPt,0,0,0,
nKSB,1,7,8,0.12
nKSD,2,0,2,1.0
nKSH,6,2,8,0.75
nKSI,1,0,1,1.0
nKSK,0,1,1,0.0
nKSL,1,1,2,0.5
nKSM,5,8,13,0.38
nKSN,5,3,8,0.62
nKSP,3,8,11,0.27
nKSS,9,3,12,0.75
nKSb,2,5,7,0.29
nKSh,0,1,1,0.0
nKSl,5,1,6,0.83
nKSm,11,6,17,0.65
nKSn,4,7,11,0.36
nKSs,9,5,14,0.64
nKSt,2,0,2,1.0
nKbB,3,2,5,0.6
nKbH,0,2,2,0.0
nKbJ,0,1,1,0.0
nKbK,0,2,2,0.0
nKbL,1,2,3,0.33
nKbM,6,2,8,0.75
nKbN,5,6,11,0.45
nKbP,4,6,10,0.4
nKbS,1,4,5,0.2
nKbb,4,4,8,0.5
nKbl,3,1,4,0.75
nKbm,9,3,12,0.75
nKbn,6,6,12,0.5
nKbs,1,1,2,0.5
nKhB,3,2,5,0.6
nKhD,2,0,2,1.0
nKhH,2,0,2,1.0
nKhI,1,0,1,1.0
nKhL,1,0,1,1.0
nKhM,6,5,11,0.55
nKhN,6,2,8,0.75
nKhP,2,5,7,0.29
nKhS,2,3,5,0.4
nKhb,4,4,8,0.5
nKhh,5,5,10,0.5
nKhl,3,2,5,0.6
nKhm,5,5,10,0.5
nKhn,3,3,6,0.5
nKhs,6,7,13,0.46
nKht,0,1,1,0.0
nKlB,5,0,5,1.0
nKlH,0,0,0,
nKlK,1,0,1,1.0
nKlL,2,0,2,1.0
nKlM,1,8,9,0.11
nKlN,2,1,3,0.67
nKlP,1,2,3,0.33
nKlS,1,2,3,0.33
nKlb,3,0,3,1.0
nKll,0,4,4,0.0
nKlm,1,2,3,0.33
nKln,1,0,1,1.0
nKls,2,2,4,0.5
nKmB,12,6,18,0.67
nKmD,3,0,3,1.0
nKmH,8,4,12,0.67
nKmI,2,0,2,1.0
nKmJ,1,2,3,0.33
nKmK,2,1,3,0.67
nKmL,1,2,3,0.33
nKmM,9,9,18,0.5
nKmN,6,10,16,0.38
nKmP,7,6,13,0.54
nKmS,4,6,10,0.4
nKmb,0,7,7,0.0
nKmh,0,0,0,
nKmm,7,10,17,0.41
nKmn,5,3,8,0.62
nKms,2,2,4,0.5
nKnB,3,6,9,0.33
nKnD,0,2,2,0.0
nKnH,0,4,4,0.0
nKnI,0,1,1,0.0
nKnK,0,1,1,0.0
nKnL,0,1,1,0.0
nKnM,4,9,13,0.31
nKnN,10,5,15,0.67
nKnP,5,10,15,0.33
nKnS,6,8,14,0.43
nKnb,7,4,11,0.64
nKnh,2,0,2,1.0
nKnl,1,4,5,0.2
nKnm,9,6,15,0.6
nKnn,8,5,13,0.62
nKns,5,6,11,0.45
nKsB,3,3,6,0.5
nKsD,0,1,1,0.0
nKsH,9,6,15,0.6
nKsI,0,1,1,0.0
nKsK,0,2,2,0.0
nKsL,2,1,3,0.67
nKsM,4,7,11,0.36
nKsN,8,2,10,0.8
nKsP,8,4,12,0.67
nKsS,4,8,12,0.33
nKsb,4,4,8,0.5
nKsh,2,1,3,0.67
nKsl,2,0,2,1.0
nKsm,4,6,10,0.4
nKsn,4,6,10,0.4
nKss,7,7,14,0.5
nKst,0,0,0,
nKtB,0,1,1,0.0
nKtD,0,1,1,0.0
nKtH,0,1,1,0.0
nKtK,0,2,2,0.0
nKtM,1,0,1,1.0
nKtN,0,1,1,0.0
nKtb,0,1,1,0.0
nKtm,0,1,1,0.0
nKts,1,0,1,1.0
nLBB,20,23,43,0.47
nLBD,1,1,2,0.5
nLBH,0,0,0,
nLBK,0,2,2,0.0
nLBL,5,5,10,0.5
nLBM,15,16,31,0.48
nLBN,17,14,31,0.55
nLBP,19,19,38,0.5
nLBS,2,7,9,0.22
nLBb,15,17,32,0.47
nLBh,1,3,4,0.25
nLBj,5,5,10,0.5
nLBl,8,9,17,0.47
nLBm,27,14,41,0.66
nLBn,11,18,29,0.38
nLBs,6,8,14,0.43
nLBt,1,2,3,0.33
nLDB,2,2,4,0.5
nLDD,0,0,0,
nLDH,1,2,3,0.33
nLDL,1,1,2,0.5
nLDM,2,2,4,0.5
nLDN,1,1,2,0.5
nLDP,2,3,5,0.4
nLDS,2,2,4,0.5
nLDb,1,1,2,0.5
nLDl,0,0,0,
nLDm,5,0,5,1.0
nLDn,2,5,7,0.29
nLDs,2,0,2,1.0
nLHB,0,0,0,
nLHM,0,1,1,0.0
nLHN,1,0,1,1.0
nLHP,1,1,2,0.5
nLHb,0,1,1,0.0
nLHm,1,0,1,1.0
nLIP,0,1,1,0.0
nLKM,0,1,1,0.0
nLKN,0,2,2,0.0
nLKP,1,3,4,0.25
nLKS,1,0,1,1.0
nLKb,2,2,4,0.5
nLKh,0,2,2,0.0
nLKl,0,0,0,
nLKm,0,3,3,0.0
nLKn,1,2,3,0.33
nLKs,1,0,1,1.0
nLLB,4,9,13,0.31
nLLD,1,2,3,0.33
nLLL,2,1,3,0.67
nLLM,5,1,6,0.83
nLLN,6,4,10,0.6
nLLP,6,3,9,0.67
nLLS,5,2,7,0.71
nLLb,6,8,14,0.43
nLLh,1,2,3,0.33
nLLj,2,1,3,0.67
nLLl,3,3,6,0.5
nLLm,12,8,20,0.6
nLLn,7,7,14,0.5
nLLs,8,3,11,0.73
nLLt,1,1,2,0.5
nLMB,14,13,27,0.52
nLMD,1,2,3,0.33
nLMH,0,1,1,0.0
nLMK,1,1,2,0.5
nLML,3,4,7,0.43
nLMM,16,18,34,0.47
nLMN,20,13,33,0.61
nLMP,18,14,32,0.56
nLMS,10,5,15,0.67
nLMb,13,11,24,0.54
nLMh,13,15,28,0.46
nLMj,6,3,9,0.67
nLMl,5,9,14,0.36
nLMm,21,15,36,0.58
nLMn,20,30,50,0.4
nLMs,7,12,19,0.37
nLMt,1,2,3,0.33
nLNB,15,10,25,0.6
nLND,3,1,4,0.75
nLNH,6,1,7,0.86
nLNI,2,0,2,1.0
nLNL,6,3,9,0.67
nLNM,11,19,30,0.37
nLNN,19,21,40,0.48
nLNP,22,26,48,0.46
nLNS,12,15,27,0.44
nLNb,6,9,15,0.4
nLNh,8,6,14,0.57
nLNl,5,7,12,0.42
nLNm,29,10,39,0.74
nLNn,17,12,29,0.59
nLNs,7,18,25,0.28
nLNt,3,4,7,0.43
nLPB,12,17,29,0.41
nLPD,3,2,5,0.6
nLPH,6,8,14,0.43
nLPI,4,2,6,0.67
nLPK,1,3,4,0.25
nLPL,9,12,21,0.43
nLPM,14,20,34,0.41
nLPN,17,19,36,0.47
nLPP,29,28,57,0.51
nLPS,16,20,36,0.44
nLPb,20,12,32,0.62
nLPh,3,4,7,0.43
nLPl,9,10,19,0.47
nLPm,25,12,37,0.68
nLPn,18,24,42,0.43
nLPs,19,14,33,0.58
nLPt,1,2,3,0.33
nLSB,12,8,20,0.6
nLSD,1,1,2,0.5
nLSH,8,2,10,0.8
nLSI,0,2,2,0.0
nLSK,1,0,1,1.0
nLSL,5,6,11,0.45
nLSM,12,11,23,0.52
nLSN,13,12,25,0.52
nLSP,14,14,28,0.5
nLSS,13,17,30,0.43
nLSb,8,9,17,0.47
nLSh,4,4,8,0.5
nLSl,3,5,8,0.38
nLSm,18,8,26,0.69
nLSn,19,11,30,0.63
nLSs,10,13,23,0.43
nLSt,3,1,4,0.75
nLbB,10,18,28,0.36
nLbD,2,2,4,0.5
nLbH,3,5,8,0.38
nLbI,0,0,0,
nLbJ,4,6,10,0.4
nLbK,4,0,4,1.0
nLbL,5,2,7,0.71
nLbM,11,15,26,0.42
nLbN,15,16,31,0.48
nLbP,13,19,32,0.41
nLbS,6,10,16,0.38
nLbb,15,12,27,0.56
nLbl,7,6,13,0.54
nLbm,18,10,28,0.64
nLbn,19,7,26,0.73
nLbs,10,4,14,0.71
nLhB,7,7,14,0.5
nLhD,1,0,1,1.0
nLhH,1,1,2,0.5
nLhL,6,3,9,0.67
nLhM,8,7,15,0.53
nLhN,7,6,13,0.54
nLhP,9,6,15,0.6
nLhS,11,7,18,0.61
nLhb,5,5,10,0.5
nLhh,7,9,16,0.44
nLhl,4,2,6,0.67
nLhm,10,5,15,0.67
nLhn,10,13,23,0.43
nLhs,8,7,15,0.53
nLht,1,2,3,0.33
nLjB,3,4,7,0.43
nLjH,2,1,3,0.67
nLjI,0,1,1,0.0
nLjK,1,1,2,0.5
nLjL,2,1,3,0.67
nLjM,5,2,7,0.71
nLjN,3,3,6,0.5
nLjP,3,2,5,0.6
nLjS,4,3,7,0.57
nLjb,3,7,10,0.3
nLjh,0,1,1,0.0
nLjl,3,2,5,0.6
nLjm,4,6,10,0.4
nLjn,5,2,7,0.71
nLjs,3,5,8,0.38
nLjt,0,2,2,0.0
nLlB,2,3,5,0.4
nLlH,6,7,13,0.46
nLlI,3,0,3,1.0
nLlJ,1,3,4,0.25
nLlL,1,4,5,0.2
nLlM,7,8,15,0.47
nLlN,7,5,12,0.58
nLlP,8,8,16,0.5
nLlS,6,0,6,1.0
nLlb,6,2,8,0.75
nLll,2,2,4,0.5
nLlm,4,10,14,0.29
nLln,5,4,9,0.56
nLls,2,2,4,0.5
nLmB,15,11,26,0.58
nLmD,5,3,8,0.62
nLmH,13,16,29,0.45
nLmI,3,3,6,0.5
nLmJ,6,5,11,0.55
nLmK,0,0,0,
nLmL,6,5,11,0.55
nLmM,19,18,37,0.51
nLmN,25,21,46,0.54
nLmP,18,23,41,0.44
nLmS,13,15,28,0.46
nLmb,19,17,36,0.53
nLml,6,5,11,0.55
nLmm,14,13,27,0.52
nLmn,28,20,48,0.58
nLms,9,14,23,0.39
nLnB,19,12,31,0.61
nLnD,5,8,13,0.38
nLnH,7,14,21,0.33
nLnI,4,1,5,0.8
nLnK,2,3,5,0.4
nLnL,15,9,24,0.62
nLnM,21,23,44,0.48
nLnN,25,37,62,0.4
nLnP,35,38,73,0.48
nLnS,19,26,45,0.42
nLnb,11,15,26,0.42
nLnh,1,3,4,0.25
nLnl,14,7,21,0.67
nLnm,18,31,49,0.37
nLnn,25,23,48,0.52
nLns,17,19,36,0.47
nLnt,1,2,3,0.33
nLsB,6,12,18,0.33
nLsD,3,2,5,0.6
nLsH,17,10,27,0.63
nLsI,2,1,3,0.67
nLsK,1,0,1,1.0
nLsL,6,4,10,0.6
nLsM,10,17,27,0.37
nLsN,9,13,22,0.41
nLsP,13,17,30,0.43
nLsS,14,28,42,0.33
nLsb,7,7,14,0.5
nLsh,0,0,0,
nLsl,7,2,9,0.78
nLsm,13,15,28,0.46
nLsn,13,12,25,0.52
nLss,17,8,25,0.68
nLtB,2,1,3,0.67
nLtH,3,0,3,1.0
nLtI,0,1,1,0.0
nLtL,1,2,3,0.33
nLtM,7,3,10,0.7
nLtN,2,6,8,0.25
nLtP,3,2,5,0.6
nLtS,1,2,3,0.33
nLtb,3,4,7,0.43
nLtl,1,2,3,0.33
nLtm,4,0,4,1.0
nLtn,2,3,5,0.4
nLts,0,3,3,0.0
nLtt,0,1,1,0.0
nMBB,61,96,157,0.39
nMBD,6,9,15,0.4
nMBH,2,0,2,1.0
nMBI,1,0,1,1.0
nMBK,0,7,7,0.0
nMBL,8,16,24,0.33
nMBM,35,63,98,0.36
nMBN,49,76,125,0.39
nMBP,44,73,117,0.38
nMBS,26,40,66,0.39
nMBb,61,54,115,0.53
nMBh,6,8,14,0.43
nMBj,7,14,21,0.33
nMBl,8,11,19,0.42
nMBm,62,62,124,0.5
nMBn,76,106,182,0.42
nMBs,41,32,73,0.56
nMBt,10,11,21,0.48
nMDB,7,11,18,0.39
nMDD,2,1,3,0.67
nMDH,8,8,16,0.5
nMDI,5,0,5,1.0
nMDL,1,2,3,0.33
nMDM,12,18,30,0.4
nMDN,12,4,16,0.75
nMDP,7,9,16,0.44
nMDS,10,5,15,0.67
nMDb,4,5,9,0.44
nMDh,0,2,2,0.0
nMDl,3,5,8,0.38
nMDm,10,12,22,0.45
nMDn,11,6,17,0.65
nMDs,12,10,22,0.55
nMDt,2,1,3,0.67
nMHB,0,2,2,0.0
nMHM,1,0,1,1.0
nMHN,1,0,1,1.0
nMHP,0,2,2,0.0
nMHS,4,1,5,0.8
nMHh,0,0,0,
nMHm,1,0,1,1.0
nMHn,3,0,3,1.0
nMII,0,0,0,
nMIM,0,2,2,0.0
nMIN,1,0,1,1.0
nMIP,0,2,2,0.0
nMIm,1,1,2,0.5
nMIs,0,1,1,0.0
nMKB,3,1,4,0.75
nMKD,0,1,1,0.0
nMKH,0,1,1,0.0
nMKI,0,1,1,0.0
nMKM,1,3,4,0.25
nMKN,0,2,2,0.0
nMKP,2,0,2,1.0
nMKS,1,2,3,0.33
nMKb,0,1,1,0.0
nMKh,1,2,3,0.33
nMKm,0,1,1,0.0
nMKn,0,2,2,0.0
nMKs,1,0,1,1.0
nMLB,14,20,34,0.41
nMLD,1,5,6,0.17
nMLK,2,0,2,1.0
nMLL,2,7,9,0.22
nMLM,12,14,26,0.46
nMLN,10,13,23,0.43
nMLP,20,20,40,0.5
nMLS,8,9,17,0.47
nMLb,9,20,29,0.31
nMLh,3,5,8,0.38
nMLj,4,4,8,0.5
nMLl,3,3,6,0.5
nMLm,24,15,39,0.62
nMLn,22,25,47,0.47
nMLs,10,8,18,0.56
nMLt,2,1,3,0.67
nMMB,53,67,120,0.44
nMMD,7,10,17,0.41
nMMH,1,2,3,0.33
nMMK,2,0,2,1.0
nMML,10,17,27,0.37
nMMM,48,57,105,0.46
nMMN,56,68,124,0.45
nMMP,65,75,140,0.46
nMMS,26,48,74,0.35
nMMb,68,51,119,0.57
nMMh,37,37,74,0.5
nMMj,10,8,18,0.56
nMMl,18,11,29,0.62
nMMm,74,59,133,0.56
nMMn,95,91,186,0.51
nMMs,48,33,81,0.59
nMMt,9,11,20,0.45
nMNB,48,61,109,0.44
nMND,14,5,19,0.74
nMNH,10,18,28,0.36
nMNI,1,4,5,0.2
nMNK,5,8,13,0.38
nMNL,19,12,31,0.61
nMNM,58,76,134,0.43
nMNN,87,80,167,0.52
nMNP,82,90,172,0.48
nMNS,40,45,85,0.47
nMNb,59,47,106,0.56
nMNh,23,18,41,0.56
nMNl,13,16,29,0.45
nMNm,78,72,150,0.52
nMNn,105,87,192,0.55
nMNs,66,54,120,0.55
nMNt,16,15,31,0.52
nMPB,55,58,113,0.49
nMPD,5,6,11,0.45
nMPH,25,26,51,0.49
nMPI,9,9,18,0.5
nMPK,11,9,20,0.55
nMPL,25,19,44,0.57
nMPM,60,76,136,0.44
nMPN,77,78,155,0.5
nMPP,91,97,188,0.48
nMPS,53,47,100,0.53
nMPb,52,54,106,0.49
nMPh,10,9,19,0.53
nMPl,23,14,37,0.62
nMPm,84,72,156,0.54
nMPn,70,83,153,0.46
nMPs,51,47,98,0.52
nMPt,8,11,19,0.42
nMSB,30,40,70,0.43
nMSD,9,9,18,0.5
nMSH,20,18,38,0.53
nMSI,2,1,3,0.67
nMSK,0,0,0,
nMSL,8,9,17,0.47
nMSM,36,39,75,0.48
nMSN,37,41,78,0.47
nMSP,45,36,81,0.56
nMSS,52,50,102,0.51
nMSb,33,31,64,0.52
nMSh,23,23,46,0.5
nMSl,9,9,18,0.5
nMSm,44,43,87,0.51
nMSn,42,40,82,0.51
nMSs,41,61,102,0.4
nMSt,14,6,20,0.7
nMbB,41,40,81,0.51
nMbD,9,4,13,0.69
nMbH,17,19,36,0.47
nMbI,6,6,12,0.5
nMbJ,17,19,36,0.47
nMbK,9,7,16,0.56
nMbL,7,10,17,0.41
nMbM,50,65,115,0.43
nMbN,88,78,166,0.53
nMbP,53,55,108,0.49
nMbS,44,36,80,0.55
nMbb,58,49,107,0.54
nMbh,2,0,2,1.0
nMbl,12,12,24,0.5
nMbm,61,47,108,0.56
nMbn,69,64,133,0.52
nMbs,35,26,61,0.57
nMbt,1,0,1,1.0
nMhB,33,51,84,0.39
nMhD,5,2,7,0.71
nMhH,8,10,18,0.44
nMhI,8,6,14,0.57
nMhK,2,5,7,0.29
nMhL,14,16,30,0.47
nMhM,42,57,99,0.42
nMhN,45,48,93,0.48
nMhP,46,61,107,0.43
nMhS,38,57,95,0.4
nMhb,35,28,63,0.56
nMhh,29,32,61,0.48
nMhl,15,13,28,0.54
nMhm,66,58,124,0.53
nMhn,66,52,118,0.56
nMhs,37,47,84,0.44
nMht,7,9,16,0.44
nMjB,13,8,21,0.62
nMjD,1,0,1,1.0
nMjH,3,4,7,0.43
nMjI,2,3,5,0.4
nMjK,0,0,0,
nMjL,2,7,9,0.22
nMjM,11,11,22,0.5
nMjN,9,11,20,0.45
nMjP,18,12,30,0.6
nMjS,9,8,17,0.53
nMjb,5,5,10,0.5
nMjh,2,1,3,0.67
nMjl,2,1,3,0.67
nMjm,7,11,18,0.39
nMjn,14,7,21,0.67
nMjs,5,6,11,0.45
nMjt,0,1,1,0.0
nMlB,13,6,19,0.68
nMlD,1,2,3,0.33
nMlH,9,16,25,0.36
nMlI,5,0,5,1.0
nMlJ,3,9,12,0.25
nMlK,1,1,2,0.5
nMlL,6,2,8,0.75
nMlM,16,21,37,0.43
nMlN,23,18,41,0.56
nMlP,15,16,31,0.48
nMlS,12,14,26,0.46
nMlb,23,12,35,0.66
nMll,12,4,16,0.75
nMlm,11,17,28,0.39
nMln,19,21,40,0.48
nMls,12,22,34,0.35
nMmB,43,45,88,0.49
nMmD,11,11,22,0.5
nMmH,53,58,111,0.48
nMmI,10,10,20,0.5
nMmJ,18,13,31,0.58
nMmK,0,1,1,0.0
nMmL,17,17,34,0.5
nMmM,78,84,162,0.48
nMmN,106,99,205,0.52
nMmP,95,79,174,0.55
nMmS,66,45,111,0.59
nMmb,65,52,117,0.56
nMmh,2,1,3,0.67
nMml,17,17,34,0.5
nMmm,76,72,148,0.51
nMmn,68,81,149,0.46
nMms,55,49,104,0.53
nMnB,53,62,115,0.46
nMnD,17,16,33,0.52
nMnH,66,52,118,0.56
nMnI,21,21,42,0.5
nMnK,12,12,24,0.5
nMnL,13,13,26,0.5
nMnM,88,99,187,0.47
nMnN,123,120,243,0.51
nMnP,130,122,252,0.52
nMnS,76,99,175,0.43
nMnb,57,64,121,0.47
nMnh,5,10,15,0.33
nMnl,24,22,46,0.52
nMnm,113,93,206,0.55
nMnn,108,117,225,0.48
nMns,82,81,163,0.5
nMnt,3,0,3,1.0
nMsB,33,30,63,0.52
nMsD,13,11,24,0.54
nMsH,49,51,100,0.49
nMsI,13,11,24,0.54
nMsK,1,0,1,1.0
nMsL,10,13,23,0.43
nMsM,55,48,103,0.53
nMsN,59,52,111,0.53
nMsP,46,55,101,0.46
nMsS,62,65,127,0.49
nMsb,33,38,71,0.46
nMsh,2,5,7,0.29
nMsl,11,6,17,0.65
nMsm,49,51,100,0.49
nMsn,58,54,112,0.52
nMss,46,52,98,0.47
nMst,1,1,2,0.5
nMtB,11,11,22,0.5
nMtD,1,2,3,0.33
nMtH,7,3,10,0.7
nMtI,0,3,3,0.0
nMtK,0,2,2,0.0
nMtL,2,0,2,1.0
nMtM,12,8,20,0.6
nMtN,13,15,28,0.46
nMtP,8,12,20,0.4
nMtS,9,9,18,0.5
nMtb,6,7,13,0.46
nMth,0,1,1,0.0
nMtl,2,4,6,0.33
nMtm,9,17,26,0.35
nMtn,10,7,17,0.59
nMts,5,9,14,0.36
nMtt,2,1,3,0.67
nNBB,68,85,153,0.44
nNBD,8,8,16,0.5
nNBH,0,0,0,
nNBI,0,1,1,0.0
nNBK,8,9,17,0.47
nNBL,16,14,30,0.53
nNBM,68,60,128,0.53
nNBN,64,91,155,0.41
nNBP,73,84,157,0.46
nNBS,40,41,81,0.49
nNBb,49,46,95,0.52
nNBh,8,13,21,0.38
nNBj,13,23,36,0.36
nNBl,20,16,36,0.56
nNBm,78,61,139,0.56
nNBn,105,109,214,0.49
nNBs,33,40,73,0.45
nNBt,10,16,26,0.38
nNDB,8,16,24,0.33
nNDD,4,1,5,0.8
nNDH,16,13,29,0.55
nNDI,3,3,6,0.5
nNDK,1,0,1,1.0
nNDL,7,4,11,0.64
nNDM,14,24,38,0.37
nNDN,8,19,27,0.3
nNDP,19,15,34,0.56
nNDS,13,21,34,0.38
nNDb,6,12,18,0.33
nNDh,1,2,3,0.33
nNDl,2,3,5,0.4
nNDm,16,16,32,0.5
nNDn,14,7,21,0.67
nNDs,16,9,25,0.64
nNDt,4,4,8,0.5
nNHB,11,10,21,0.52
nNHD,3,2,5,0.6
nNHH,5,3,8,0.62
nNHI,2,5,7,0.29
nNHK,6,2,8,0.75
nNHL,5,4,9,0.56
nNHM,11,16,27,0.41
nNHN,21,31,52,0.4
nNHP,17,14,31,0.55
nNHS,16,25,41,0.39
nNHb,8,12,20,0.4
nNHh,3,6,9,0.33
nNHl,5,5,10,0.5
nNHm,15,18,33,0.45
nNHn,21,22,43,0.49
nNHs,15,19,34,0.44
nNHt,1,0,1,1.0
nNIB,5,1,6,0.83
nNIH,0,2,2,0.0
nNIL,1,2,3,0.33
nNIM,1,1,2,0.5
nNIN,1,1,2,0.5
nNIP,1,5,6,0.17
nNIS,1,2,3,0.33
nNIb,0,1,1,0.0
nNIh,0,0,0,
nNIl,2,0,2,1.0
nNIm,5,0,5,1.0
nNIn,0,3,3,0.0
nNIs,2,3,5,0.4
nNKB,11,12,23,0.48
nNKD,0,0,0,
nNKH,1,2,3,0.33
nNKI,2,4,6,0.33
nNKK,0,1,1,0.0
nNKL,1,4,5,0.2
nNKM,12,9,21,0.57
nNKN,9,6,15,0.6
nNKP,12,9,21,0.57
nNKS,12,8,20,0.6
nNKb,4,5,9,0.44
nNKh,7,6,13,0.54
nNKl,3,1,4,0.75
nNKm,8,9,17,0.47
nNKn,7,13,20,0.35
nNKs,13,12,25,0.52
nNKt,1,1,2,0.5
nNLB,25,24,49,0.51
nNLD,1,4,5,0.2
nNLL,8,2,10,0.8
nNLM,15,19,34,0.44
nNLN,25,22,47,0.53
nNLP,23,18,41,0.56
nNLS,17,13,30,0.57
nNLb,15,22,37,0.41
nNLh,5,13,18,0.28
nNLj,5,5,10,0.5
nNLl,4,12,16,0.25
nNLm,17,21,38,0.45
nNLn,28,31,59,0.47
nNLs,15,21,36,0.42
nNLt,2,1,3,0.67
nNMB,70,78,148,0.47
nNMD,11,12,23,0.48
nNMH,3,0,3,1.0
nNMI,0,1,1,0.0
nNMK,3,2,5,0.6
nNML,10,20,30,0.33
nNMM,59,97,156,0.38
nNMN,72,99,171,0.42
nNMP,90,106,196,0.46
nNMS,40,47,87,0.46
nNMb,59,65,124,0.48
nNMh,56,70,126,0.44
nNMj,14,17,31,0.45
nNMl,16,21,37,0.43
nNMm,93,70,163,0.57
nNMn,94,135,229,0.41
nNMs,56,63,119,0.47
nNMt,13,16,29,0.45
nNNB,71,95,166,0.43
nNND,20,10,30,0.67
nNNH,12,19,31,0.39
nNNI,2,0,2,1.0
nNNK,9,9,18,0.5
nNNL,25,23,48,0.52
nNNM,73,111,184,0.4
nNNN,126,145,271,0.46
nNNP,110,112,222,0.5
nNNS,77,96,173,0.45
nNNb,84,62,146,0.58
nNNh,36,31,67,0.54
nNNl,22,26,48,0.46
nNNm,113,99,212,0.53
nNNn,133,157,290,0.46
nNNs,92,93,185,0.5
nNNt,21,19,40,0.52
nNPB,92,72,164,0.56
nNPD,14,10,24,0.58
nNPH,32,35,67,0.48
nNPI,17,17,34,0.5
nNPK,12,16,28,0.43
nNPL,39,39,78,0.5
nNPM,115,102,217,0.53
nNPN,102,119,221,0.46
nNPP,140,139,279,0.5
nNPS,92,90,182,0.51
nNPb,80,60,140,0.57
nNPh,18,17,35,0.51
nNPl,35,24,59,0.59
nNPm,104,80,184,0.57
nNPn,97,108,205,0.47
nNPs,91,94,185,0.49
nNPt,10,15,25,0.4
nNSB,52,42,94,0.55
nNSD,12,11,23,0.52
nNSH,33,30,63,0.52
nNSI,4,2,6,0.67
nNSK,1,3,4,0.25
nNSL,17,19,36,0.47
nNSM,69,83,152,0.45
nNSN,81,77,158,0.51
nNSP,76,78,154,0.49
nNSS,82,78,160,0.51
nNSb,44,54,98,0.45
nNSh,54,34,88,0.61
nNSl,10,20,30,0.33
nNSm,76,70,146,0.52
nNSn,88,76,164,0.54
nNSs,90,84,174,0.52
nNSt,17,14,31,0.55
nNbB,43,44,87,0.49
nNbD,5,5,10,0.5
nNbH,13,21,34,0.38
nNbI,8,6,14,0.57
nNbJ,14,15,29,0.48
nNbK,12,4,16,0.75
nNbL,17,20,37,0.46
nNbM,64,60,124,0.52
nNbN,83,66,149,0.56
nNbP,55,63,118,0.47
nNbS,30,22,52,0.58
nNbb,57,58,115,0.5
nNbl,15,9,24,0.62
nNbm,68,53,121,0.56
nNbn,57,60,117,0.49
nNbs,37,34,71,0.52
nNbt,2,0,2,1.0
nNhB,23,26,49,0.47
nNhD,2,7,9,0.22
nNhH,12,9,21,0.57
nNhI,5,4,9,0.56
nNhK,2,0,2,1.0
nNhL,8,9,17,0.47
nNhM,29,29,58,0.5
nNhN,32,18,50,0.64
nNhP,33,44,77,0.43
nNhS,20,25,45,0.44
nNhb,19,11,30,0.63
nNhh,22,22,44,0.5
nNhl,8,5,13,0.62
nNhm,27,28,55,0.49
nNhn,29,29,58,0.5
nNhs,33,31,64,0.52
nNht,5,2,7,0.71
nNlB,18,15,33,0.55
nNlD,1,4,5,0.2
nNlH,13,13,26,0.5
nNlI,2,4,6,0.33
nNlJ,9,7,16,0.56
nNlK,1,0,1,1.0
nNlL,8,11,19,0.42
nNlM,25,27,52,0.48
nNlN,27,26,53,0.51
nNlP,21,23,44,0.48
nNlS,26,16,42,0.62
nNlb,13,16,29,0.45
nNlh,0,0,0,
nNll,10,9,19,0.53
nNlm,22,11,33,0.67
nNln,18,17,35,0.51
nNls,12,18,30,0.4
nNmB,72,74,146,0.49
nNmD,16,20,36,0.44
nNmH,64,62,126,0.51
nNmI,15,11,26,0.58
nNmJ,16,21,37,0.43
nNmK,1,3,4,0.25
nNmL,9,18,27,0.33
nNmM,69,112,181,0.38
nNmN,87,100,187,0.47
nNmP,94,80,174,0.54
nNmS,65,72,137,0.47
nNmb,76,66,142,0.54
nNml,14,15,29,0.48
nNmm,84,60,144,0.58
nNmn,89,90,179,0.5
nNms,49,49,98,0.5
nNnB,80,60,140,0.57
nNnD,17,16,33,0.52
nNnH,64,70,134,0.48
nNnI,23,15,38,0.61
nNnK,8,13,21,0.38
nNnL,24,28,52,0.46
nNnM,106,111,217,0.49
nNnN,160,146,306,0.52
nNnP,158,137,295,0.54
nNnS,105,114,219,0.48
nNnb,92,71,163,0.56
nNnh,1,4,5,0.2
nNnl,23,23,46,0.5
nNnm,105,100,205,0.51
nNnn,141,124,265,0.53
nNns,105,99,204,0.51
nNnt,7,3,10,0.7
nNsB,40,47,87,0.46
nNsD,22,9,31,0.71
nNsH,66,82,148,0.45
nNsI,18,16,34,0.53
nNsK,1,4,5,0.2
nNsL,25,20,45,0.56
nNsM,84,83,167,0.5
nNsN,100,85,185,0.54
nNsP,74,67,141,0.52
nNsS,90,74,164,0.55
nNsb,56,41,97,0.58
nNsh,4,5,9,0.44
nNsl,21,19,40,0.52
nNsm,88,62,150,0.59
nNsn,82,76,158,0.52
nNss,93,89,182,0.51
nNst,2,3,5,0.4
nNtB,16,12,28,0.57
nNtD,3,2,5,0.6
nNtH,15,10,25,0.6
nNtI,0,2,2,0.0
nNtL,3,4,7,0.43
nNtM,14,14,28,0.5
nNtN,28,19,47,0.6
nNtP,18,22,40,0.45
nNtS,15,15,30,0.5
nNtb,12,13,25,0.48
nNth,1,1,2,0.5
nNtl,8,4,12,0.67
nNtm,15,13,28,0.54
nNtn,15,23,38,0.39
nNts,17,20,37,0.46
nNtt,3,1,4,0.75
nPBB,65,93,158,0.41
nPBD,3,13,16,0.19
nPBH,1,1,2,0.5
nPBI,0,1,1,0.0
nPBK,6,6,12,0.5
nPBL,24,27,51,0.47
nPBM,65,77,142,0.46
nPBN,73,69,142,0.51
nPBP,78,72,150,0.52
nPBS,45,41,86,0.52
nPBb,60,48,108,0.56
nPBh,4,9,13,0.31
nPBj,17,15,32,0.53
nPBl,27,25,52,0.52
nPBm,88,59,147,0.6
nPBn,65,82,147,0.44
nPBs,44,34,78,0.56
nPBt,13,14,27,0.48
nPDB,7,13,20,0.35
nPDD,2,1,3,0.67
nPDH,10,15,25,0.4
nPDI,1,2,3,0.33
nPDL,2,2,4,0.5
nPDM,7,12,19,0.37
nPDN,6,7,13,0.46
nPDP,15,13,28,0.54
nPDS,14,17,31,0.45
nPDb,10,6,16,0.62
nPDh,2,0,2,1.0
nPDl,4,4,8,0.5
nPDm,10,11,21,0.48
nPDn,9,2,11,0.82
nPDs,10,8,18,0.56
nPDt,1,2,3,0.33
nPHB,22,16,38,0.58
nPHD,0,3,3,0.0
nPHH,8,5,13,0.62
nPHI,3,3,6,0.5
nPHK,3,2,5,0.6
nPHL,8,9,17,0.47
nPHM,35,21,56,0.62
nPHN,37,29,66,0.56
nPHP,34,36,70,0.49
nPHS,23,25,48,0.48
nPHb,26,14,40,0.65
nPHh,10,6,16,0.62
nPHl,4,12,16,0.25
nPHm,27,25,52,0.52
nPHn,22,38,60,0.37
nPHs,38,25,63,0.6
nPHt,2,1,3,0.67
nPIB,9,11,20,0.45
nPID,3,2,5,0.6
nPIH,13,8,21,0.62
nPII,0,2,2,0.0
nPIK,1,0,1,1.0
nPIL,0,3,3,0.0
nPIM,8,13,21,0.38
nPIN,22,11,33,0.67
nPIP,14,10,24,0.58
nPIS,7,14,21,0.33
nPIb,12,7,19,0.63
nPIh,1,0,1,1.0
nPIl,1,1,2,0.5
nPIm,20,16,36,0.56
nPIn,6,8,14,0.43
nPIs,10,5,15,0.67
nPIt,0,3,3,0.0
nPKB,5,4,9,0.56
nPKH,1,2,3,0.33
nPKI,2,4,6,0.33
nPKL,6,7,13,0.46
nPKM,18,12,30,0.6
nPKN,3,5,8,0.38
nPKP,9,20,29,0.31
nPKS,10,7,17,0.59
nPKb,8,9,17,0.47
nPKh,7,8,15,0.47
nPKl,7,0,7,1.0
nPKm,7,11,18,0.39
nPKn,11,6,17,0.65
nPKs,9,10,19,0.47
nPKt,0,3,3,0.0
nPLB,23,37,60,0.38
nPLD,4,4,8,0.5
nPLK,4,3,7,0.57
nPLL,5,16,21,0.24
nPLM,29,32,61,0.48
nPLN,26,20,46,0.57
nPLP,35,40,75,0.47
nPLS,21,28,49,0.43
nPLb,25,24,49,0.51
nPLh,9,9,18,0.5
nPLj,8,4,12,0.67
nPLl,17,16,33,0.52
nPLm,35,23,58,0.6
nPLn,39,37,76,0.51
nPLs,23,18,41,0.56
nPLt,5,6,11,0.45
nPMB,73,85,158,0.46
nPMD,12,18,30,0.4
nPMI,0,0,0,
nPMK,1,1,2,0.5
nPML,18,19,37,0.49
nPMM,67,88,155,0.43
nPMN,70,80,150,0.47
nPMP,92,81,173,0.53
nPMS,54,56,110,0.49
nPMb,85,68,153,0.56
nPMh,45,72,117,0.38
nPMj,16,15,31,0.52
nPMl,30,28,58,0.52
nPMm,104,95,199,0.52
nPMn,116,106,222,0.52
nPMs,63,71,134,0.47
nPMt,10,14,24,0.42
nPNB,72,74,146,0.49
nPND,19,14,33,0.58
nPNH,20,13,33,0.61
nPNI,3,0,3,1.0
nPNK,7,10,17,0.41
nPNL,20,26,46,0.43
nPNM,82,112,194,0.42
nPNN,90,119,209,0.43
nPNP,119,114,233,0.51
nPNS,91,71,162,0.56
nPNb,70,72,142,0.49
nPNh,25,32,57,0.44
nPNl,30,31,61,0.49
nPNm,104,82,186,0.56
nPNn,104,119,223,0.47
nPNs,84,68,152,0.55
nPNt,16,13,29,0.55
nPPB,85,101,186,0.46
nPPD,6,10,16,0.38
nPPH,29,35,64,0.45
nPPI,17,18,35,0.49
nPPK,9,17,26,0.35
nPPL,43,43,86,0.5
nPPM,100,145,245,0.41
nPPN,106,87,193,0.55
nPPP,157,144,301,0.52
nPPS,105,108,213,0.49
nPPb,92,86,178,0.52
nPPh,13,7,20,0.65
nPPl,48,41,89,0.54
nPPm,115,114,229,0.5
nPPn,91,106,197,0.46
nPPs,82,78,160,0.51
nPPt,5,11,16,0.31
nPSB,50,40,90,0.56
nPSD,17,10,27,0.63
nPSH,31,23,54,0.57
nPSI,1,4,5,0.2
nPSK,1,2,3,0.33
nPSL,30,18,48,0.62
nPSM,74,75,149,0.5
nPSN,65,76,141,0.46
nPSP,85,73,158,0.54
nPSS,66,81,147,0.45
nPSb,45,40,85,0.53
nPSh,31,51,82,0.38
nPSl,24,27,51,0.47
nPSm,67,67,134,0.5
nPSn,72,76,148,0.49
nPSs,85,64,149,0.57
nPSt,12,17,29,0.41
nPbB,64,63,127,0.5
nPbD,5,3,8,0.62
nPbH,16,15,31,0.52
nPbI,13,8,21,0.62
nPbJ,18,25,43,0.42
nPbK,9,4,13,0.69
nPbL,19,30,49,0.39
nPbM,77,87,164,0.47
nPbN,61,82,143,0.43
nPbP,79,77,156,0.51
nPbS,54,33,87,0.62
nPbb,77,57,134,0.57
nPbl,24,25,49,0.49
nPbm,62,64,126,0.49
nPbn,63,47,110,0.57
nPbs,37,33,70,0.53
nPhB,6,16,22,0.27
nPhD,3,0,3,1.0
nPhH,4,4,8,0.5
nPhI,1,1,2,0.5
nPhK,0,1,1,0.0
nPhL,2,4,6,0.33
nPhM,7,8,15,0.47
nPhN,10,8,18,0.56
nPhP,8,18,26,0.31
nPhS,13,9,22,0.59
nPhb,5,4,9,0.56
nPhh,6,14,20,0.3
nPhl,5,3,8,0.62
nPhm,15,16,31,0.48
nPhn,5,13,18,0.28
nPhs,11,9,20,0.55
nPlB,24,23,47,0.51
nPlD,1,4,5,0.2
nPlH,18,12,30,0.6
nPlI,3,2,5,0.6
nPlJ,7,3,10,0.7
nPlK,0,3,3,0.0
nPlL,13,6,19,0.68
nPlM,27,31,58,0.47
nPlN,41,26,67,0.61
nPlP,30,36,66,0.45
nPlS,25,24,49,0.51
nPlb,24,27,51,0.47
nPlh,1,0,1,1.0
nPll,14,16,30,0.47
nPlm,49,24,73,0.67
nPln,21,23,44,0.48
nPls,18,18,36,0.5
nPmB,67,60,127,0.53
nPmD,14,15,29,0.48
nPmH,66,63,129,0.51
nPmI,7,6,13,0.54
nPmJ,19,24,43,0.44
nPmK,1,2,3,0.33
nPmL,33,40,73,0.45
nPmM,92,97,189,0.49
nPmN,100,88,188,0.53
nPmP,89,94,183,0.49
nPmS,62,51,113,0.55
nPmb,83,83,166,0.5
nPml,31,22,53,0.58
nPmm,89,68,157,0.57
nPmn,85,65,150,0.57
nPms,43,49,92,0.47
nPnB,60,62,122,0.49
nPnD,4,11,15,0.27
nPnH,37,44,81,0.46
nPnI,16,17,33,0.48
nPnK,4,7,11,0.36
nPnL,22,26,48,0.46
nPnM,68,93,161,0.42
nPnN,94,81,175,0.54
nPnP,109,104,213,0.51
nPnS,72,83,155,0.46
nPnb,71,67,138,0.51
nPnh,3,7,10,0.3
nPnl,33,21,54,0.61
nPnm,87,70,157,0.55
nPnn,84,74,158,0.53
nPns,66,65,131,0.5
nPnt,0,2,2,0.0
nPsB,41,43,84,0.49
nPsD,14,10,24,0.58
nPsH,60,64,124,0.48
nPsI,6,11,17,0.35
nPsK,1,0,1,1.0
nPsL,22,30,52,0.42
nPsM,78,83,161,0.48
nPsN,61,58,119,0.51
nPsP,69,70,139,0.5
nPsS,81,85,166,0.49
nPsb,53,56,109,0.49
nPsh,3,6,9,0.33
nPsl,23,20,43,0.53
nPsm,79,59,138,0.57
nPsn,51,53,104,0.49
nPss,59,74,133,0.44
nPst,3,0,3,1.0
nPtB,9,7,16,0.56
nPtD,5,4,9,0.56
nPtH,2,9,11,0.18
nPtI,0,1,1,0.0
nPtK,1,1,2,0.5
nPtL,3,8,11,0.27
nPtM,9,16,25,0.36
nPtN,4,18,22,0.18
nPtP,16,11,27,0.59
nPtS,11,10,21,0.52
nPtb,8,8,16,0.5
nPth,1,0,1,1.0
nPtl,4,2,6,0.67
nPtm,18,15,33,0.55
nPtn,9,11,20,0.45
nPts,11,13,24,0.46
nPtt,1,4,5,0.2
nSBB,37,46,83,0.45
nSBD,8,7,15,0.53
nSBH,0,1,1,0.0
nSBK,7,5,12,0.58
nSBL,7,7,14,0.5
nSBM,28,44,72,0.39
nSBN,33,44,77,0.43
nSBP,44,47,91,0.48
nSBS,21,35,56,0.38
nSBb,29,23,52,0.56
nSBh,3,9,12,0.25
nSBj,11,9,20,0.55
nSBl,11,9,20,0.55
nSBm,48,31,79,0.61
nSBn,47,58,105,0.45
nSBs,26,25,51,0.51
nSBt,12,8,20,0.6
nSDB,4,4,8,0.5
nSDD,1,1,2,0.5
nSDH,7,10,17,0.41
nSDI,1,1,2,0.5
nSDL,5,6,11,0.45
nSDM,12,13,25,0.48
nSDN,10,10,20,0.5
nSDP,12,8,20,0.6
nSDS,11,10,21,0.52
nSDb,3,5,8,0.38
nSDh,1,2,3,0.33
nSDl,1,3,4,0.25
nSDm,7,8,15,0.47
nSDn,7,13,20,0.35
nSDs,7,17,24,0.29
nSDt,1,2,3,0.33
nSHB,15,12,27,0.56
nSHD,2,1,3,0.67
nSHH,9,7,16,0.56
nSHI,8,6,14,0.57
nSHK,1,0,1,1.0
nSHL,7,6,13,0.54
nSHM,25,27,52,0.48
nSHN,19,22,41,0.46
nSHP,15,26,41,0.37
nSHS,27,31,58,0.47
nSHb,13,12,25,0.52
nSHh,13,7,20,0.65
nSHl,8,8,16,0.5
nSHm,17,20,37,0.46
nSHn,27,14,41,0.66
nSHs,29,26,55,0.53
nSHt,0,3,3,0.0
nSIB,3,0,3,1.0
nSID,0,1,1,0.0
nSIH,0,1,1,0.0
nSII,0,0,0,
nSIL,0,1,1,0.0
nSIM,2,6,8,0.25
nSIN,5,3,8,0.62
nSIP,1,3,4,0.25
nSIS,1,4,5,0.2
nSIb,3,3,6,0.5
nSIh,0,2,2,0.0
nSIl,0,1,1,0.0
nSIm,3,6,9,0.33
nSIn,1,1,2,0.5
nSIs,1,0,1,1.0
nSKB,0,0,0,
nSKH,0,1,1,0.0
nSKL,1,1,2,0.5
nSKM,1,4,5,0.2
nSKN,0,2,2,0.0
nSKP,3,2,5,0.6
nSKS,1,0,1,1.0
nSKh,1,1,2,0.5
nSKl,0,1,1,0.0
nSKm,0,1,1,0.0
nSKn,3,6,9,0.33
nSKs,2,1,3,0.67
nSLB,15,10,25,0.6
nSLD,2,3,5,0.4
nSLH,0,0,0,
nSLI,1,0,1,1.0
nSLK,2,0,2,1.0
nSLL,3,6,9,0.33
nSLM,10,9,19,0.53
nSLN,20,17,37,0.54
nSLP,11,21,32,0.34
nSLS,13,17,30,0.43
nSLb,6,11,17,0.35
nSLh,9,3,12,0.75
nSLj,1,4,5,0.2
nSLl,10,7,17,0.59
nSLm,13,20,33,0.39
nSLn,23,21,44,0.52
nSLs,15,16,31,0.48
nSLt,1,1,2,0.5
nSMB,52,67,119,0.44
nSMD,9,10,19,0.47
nSMH,2,1,3,0.67
nSMI,1,0,1,1.0
nSMK,1,2,3,0.33
nSML,7,12,19,0.37
nSMM,55,81,136,0.4
nSMN,55,61,116,0.47
nSMP,54,54,108,0.5
nSMS,41,42,83,0.49
nSMb,40,38,78,0.51
nSMh,31,43,74,0.42
nSMj,6,10,16,0.38
nSMl,16,12,28,0.57
nSMm,94,51,145,0.65
nSMn,77,95,172,0.45
nSMs,53,43,96,0.55
nSMt,9,11,20,0.45
nSNB,40,45,85,0.47
nSND,9,13,22,0.41
nSNH,8,9,17,0.47
nSNI,1,1,2,0.5
nSNK,3,7,10,0.3
nSNL,15,13,28,0.54
nSNM,58,53,111,0.52
nSNN,71,83,154,0.46
nSNP,67,68,135,0.5
nSNS,37,65,102,0.36
nSNb,31,27,58,0.53
nSNh,16,15,31,0.52
nSNl,10,10,20,0.5
nSNm,49,53,102,0.48
nSNn,74,87,161,0.46
nSNs,63,47,110,0.57
nSNt,7,7,14,0.5
nSPB,41,45,86,0.48
nSPD,8,8,16,0.5
nSPH,28,27,55,0.51
nSPI,8,8,16,0.5
nSPK,7,14,21,0.33
nSPL,17,21,38,0.45
nSPM,67,70,137,0.49
nSPN,65,50,115,0.57
nSPP,86,62,148,0.58
nSPS,57,57,114,0.5
nSPb,40,43,83,0.48
nSPh,6,7,13,0.46
nSPl,26,17,43,0.6
nSPm,62,66,128,0.48
nSPn,61,49,110,0.55
nSPs,61,69,130,0.47
nSPt,14,4,18,0.78
nSSB,51,44,95,0.54
nSSD,9,13,22,0.41
nSSH,28,33,61,0.46
nSSI,7,3,10,0.7
nSSK,1,6,7,0.14
nSSL,18,19,37,0.49
nSSM,61,73,134,0.46
nSSN,82,80,162,0.51
nSSP,64,58,122,0.52
nSSS,108,118,226,0.48
nSSb,41,38,79,0.52
nSSh,30,35,65,0.46
nSSl,21,16,37,0.57
nSSm,66,61,127,0.52
nSSn,78,77,155,0.5
nSSs,101,87,188,0.54
nSSt,15,14,29,0.52
nSbB,40,27,67,0.6
nSbD,1,0,1,1.0
nSbH,11,13,24,0.46
nSbI,9,5,14,0.64
nSbJ,10,9,19,0.53
nSbK,4,4,8,0.5
nSbL,7,13,20,0.35
nSbM,34,32,66,0.52
nSbN,46,33,79,0.58
nSbP,52,42,94,0.55
nSbS,22,36,58,0.38
nSbb,32,34,66,0.48
nSbl,6,11,17,0.35
nSbm,28,36,64,0.44
nSbn,41,32,73,0.56
nSbs,25,22,47,0.53
nShB,32,27,59,0.54
nShD,1,6,7,0.14
nShH,10,10,20,0.5
nShI,4,4,8,0.5
nShK,0,1,1,0.0
nShL,7,14,21,0.33
nShM,25,39,64,0.39
nShN,25,26,51,0.49
nShP,44,31,75,0.59
nShS,46,42,88,0.52
nShb,17,19,36,0.47
nShh,33,25,58,0.57
nShl,5,10,15,0.33
nShm,36,29,65,0.55
nShn,41,37,78,0.53
nShs,53,38,91,0.58
nSht,5,3,8,0.62
nSlB,9,10,19,0.47
nSlD,1,1,2,0.5
nSlH,16,9,25,0.64
nSlI,1,1,2,0.5
nSlJ,2,3,5,0.4
nSlL,1,3,4,0.25
nSlM,21,22,43,0.49
nSlN,16,20,36,0.44
nSlP,16,14,30,0.53
nSlS,11,18,29,0.38
nSlb,5,14,19,0.26
nSll,4,6,10,0.4
nSlm,9,10,19,0.47
nSln,14,11,25,0.56
nSls,18,10,28,0.64
nSmB,44,26,70,0.63
nSmD,18,5,23,0.78
nSmH,55,42,97,0.57
nSmI,7,5,12,0.58
nSmJ,12,12,24,0.5
nSmK,4,1,5,0.8
nSmL,11,21,32,0.34
nSmM,70,79,149,0.47
nSmN,80,76,156,0.51
nSmP,75,60,135,0.56
nSmS,66,56,122,0.54
nSmb,50,48,98,0.51
nSmh,0,4,4,0.0
nSml,13,8,21,0.62
nSmm,82,47,129,0.64
nSmn,55,61,116,0.47
nSms,51,43,94,0.54
nSmt,0,1,1,0.0
nSnB,41,42,83,0.49
nSnD,13,10,23,0.57
nSnH,41,40,81,0.51
nSnI,18,14,32,0.56
nSnK,4,7,11,0.36
nSnL,15,13,28,0.54
nSnM,52,42,94,0.55
nSnN,88,86,174,0.51
nSnP,71,77,148,0.48
nSnS,75,63,138,0.54
nSnb,52,48,100,0.52
nSnh,3,1,4,0.75
nSnl,12,17,29,0.41
nSnm,56,62,118,0.47
nSnn,68,66,134,0.51
nSns,59,54,113,0.52
nSnt,1,1,2,0.5
nSsB,40,43,83,0.48
nSsD,18,14,32,0.56
nSsH,62,72,134,0.46
nSsI,15,15,30,0.5
nSsK,0,2,2,0.0
nSsL,19,9,28,0.68
nSsM,60,72,132,0.45
nSsN,78,97,175,0.45
nSsP,53,52,105,0.5
nSsS,105,108,213,0.49
nSsb,41,55,96,0.43
nSsh,7,6,13,0.54
nSsl,18,18,36,0.5
nSsm,75,69,144,0.52
nSsn,60,60,120,0.5
nSss,99,77,176,0.56
nSst,1,2,3,0.33
nStB,9,5,14,0.64
nStD,0,3,3,0.0
nStH,7,6,13,0.54
nStI,3,1,4,0.75
nStK,0,1,1,0.0
nStL,5,5,10,0.5
nStM,7,12,19,0.37
nStN,9,17,26,0.35
nStP,13,12,25,0.52
nStS,6,11,17,0.35
nStb,8,2,10,0.8
nSth,0,0,0,
nStl,6,2,8,0.75
nStm,14,17,31,0.45
nStn,8,18,26,0.31
nSts,15,13,28,0.54
nStt,1,3,4,0.25
nbBB,48,44,92,0.52
nbBD,5,5,10,0.5
nbBH,1,1,2,0.5
nbBK,7,2,9,0.78
nbBL,11,10,21,0.52
nbBM,48,51,99,0.48
nbBN,55,58,113,0.49
nbBP,49,51,100,0.49
nbBS,36,31,67,0.54
nbBb,47,28,75,0.63
nbBh,7,4,11,0.64
nbBj,9,10,19,0.47
nbBl,17,19,36,0.47
nbBm,38,43,81,0.47
nbBn,73,67,140,0.52
nbBs,32,33,65,0.49
nbBt,9,5,14,0.64
nbDB,4,5,9,0.44
nbDD,1,2,3,0.33
nbDH,6,4,10,0.6
nbDI,1,1,2,0.5
nbDL,5,1,6,0.83
nbDM,4,8,12,0.33
nbDN,2,7,9,0.22
nbDP,3,10,13,0.23
nbDS,5,7,12,0.42
nbDb,3,5,8,0.38
nbDl,2,0,2,1.0
nbDm,7,7,14,0.5
nbDn,8,6,14,0.57
nbDs,7,8,15,0.47
nbDt,0,2,2,0.0
nbHB,8,7,15,0.53
nbHD,1,2,3,0.33
nbHH,4,2,6,0.67
nbHI,6,0,6,1.0
nbHK,4,2,6,0.67
nbHL,4,8,12,0.33
nbHM,15,12,27,0.56
nbHN,24,14,38,0.63
nbHP,21,19,40,0.52
nbHS,9,18,27,0.33
nbHb,8,10,18,0.44
nbHh,10,6,16,0.62
nbHl,7,4,11,0.64
nbHm,10,12,22,0.45
nbHn,20,19,39,0.51
nbHs,16,9,25,0.64
nbHt,1,1,2,0.5
nbIB,5,4,9,0.56
nbID,0,0,0,
nbIH,9,8,17,0.53
nbII,1,2,3,0.33
nbIL,0,3,3,0.0
nbIM,7,8,15,0.47
nbIN,9,8,17,0.53
nbIP,8,6,14,0.57
nbIS,3,4,7,0.43
nbIb,8,9,17,0.47
nbIh,0,1,1,0.0
nbIl,1,3,4,0.25
nbIm,7,3,10,0.7
nbIn,4,2,6,0.67
nbIs,1,3,4,0.25
nbIt,0,1,1,0.0
nbJB,9,8,17,0.53
nbJD,1,0,1,1.0
nbJH,6,5,11,0.55
nbJI,2,1,3,0.67
nbJK,0,0,0,
nbJL,9,4,13,0.69
nbJM,14,16,30,0.47
nbJN,21,8,29,0.72
nbJP,13,25,38,0.34
nbJS,10,14,24,0.42
nbJb,15,10,25,0.6
nbJh,1,1,2,0.5
nbJl,1,3,4,0.25
nbJm,16,9,25,0.64
nbJn,12,15,27,0.44
nbJs,10,10,20,0.5
nbJt,3,0,3,1.0
nbKB,6,2,8,0.75
nbKD,2,1,3,0.67
nbKH,1,0,1,1.0
nbKI,0,1,1,0.0
nbKK,0,0,0,
nbKL,2,2,4,0.5
nbKM,8,9,17,0.47
nbKN,3,3,6,0.5
nbKP,9,7,16,0.56
nbKS,1,6,7,0.14
nbKb,5,7,12,0.42
nbKh,3,0,3,1.0
nbKl,3,1,4,0.75
nbKm,6,8,14,0.43
nbKn,7,3,10,0.7
nbKs,7,2,9,0.78
nbKt,2,0,2,1.0
nbLB,14,9,23,0.61
nbLD,1,2,3,0.33
nbLK,1,0,1,1.0
nbLL,4,9,13,0.31
nbLM,15,10,25,0.6
nbLN,12,14,26,0.46
nbLP,12,19,31,0.39
nbLS,14,17,31,0.45
nbLb,10,12,22,0.45
nbLh,7,3,10,0.7
nbLj,3,2,5,0.6
nbLl,4,1,5,0.8
nbLm,21,14,35,0.6
nbLn,18,19,37,0.49
nbLs,10,13,23,0.43
nbLt,2,0,2,1.0
nbMB,43,34,77,0.56
nbMD,15,6,21,0.71
nbMH,1,0,1,1.0
nbMI,0,1,1,0.0
nbMK,1,1,2,0.5
nbML,12,9,21,0.57
nbMM,46,42,88,0.52
nbMN,51,71,122,0.42
nbMP,61,57,118,0.52
nbMS,42,40,82,0.51
nbMb,58,46,104,0.56
nbMh,38,38,76,0.5
nbMj,4,8,12,0.33
nbMl,9,13,22,0.41
nbMm,67,47,114,0.59
nbMn,91,67,158,0.58
nbMs,56,38,94,0.6
nbMt,6,5,11,0.55
nbNB,49,57,106,0.46
nbND,10,9,19,0.53
nbNH,9,5,14,0.64
nbNI,3,3,6,0.5
nbNK,5,5,10,0.5
nbNL,18,28,46,0.39
nbNM,58,71,129,0.45
nbNN,80,91,171,0.47
nbNP,84,75,159,0.53
nbNS,50,65,115,0.43
nbNb,73,40,113,0.65
nbNh,28,29,57,0.49
nbNl,17,8,25,0.68
nbNm,63,67,130,0.48
nbNn,97,83,180,0.54
nbNs,59,41,100,0.59
nbNt,14,10,24,0.58
nbPB,50,60,110,0.45
nbPD,6,5,11,0.55
nbPH,18,15,33,0.55
nbPI,7,8,15,0.47
nbPK,2,5,7,0.29
nbPL,27,18,45,0.6
nbPM,52,70,122,0.43
nbPN,81,73,154,0.53
nbPP,82,74,156,0.53
nbPS,56,49,105,0.53
nbPb,63,41,104,0.61
nbPh,4,12,16,0.25
nbPl,20,23,43,0.47
nbPm,67,45,112,0.6
nbPn,69,53,122,0.57
nbPs,39,39,78,0.5
nbPt,11,9,20,0.55
nbSB,21,18,39,0.54
nbSD,4,3,7,0.57
nbSH,12,19,31,0.39
nbSI,0,1,1,0.0
nbSL,9,6,15,0.6
nbSM,33,27,60,0.55
nbSN,33,28,61,0.54
nbSP,32,42,74,0.43
nbSS,24,28,52,0.46
nbSb,16,20,36,0.44
nbSh,15,19,34,0.44
nbSl,14,10,24,0.58
nbSm,35,19,54,0.65
nbSn,42,31,73,0.58
nbSs,28,33,61,0.46
nbSt,8,7,15,0.53
nbbB,75,56,131,0.57
nbbD,6,1,7,0.86
nbbH,10,11,21,0.48
nbbI,7,3,10,0.7
nbbJ,20,13,33,0.61
nbbK,8,2,10,0.8
nbbL,16,12,28,0.57
nbbM,44,74,118,0.37
nbbN,78,78,156,0.5
nbbP,80,53,133,0.6
nbbS,26,17,43,0.6
nbbb,78,56,134,0.58
nbbh,0,1,1,0.0
nbbl,10,12,22,0.45
nbbm,66,41,107,0.62
nbbn,63,54,117,0.54
nbbs,12,13,25,0.48
nbhD,1,0,1,1.0
nbhM,1,1,2,0.5
nbhS,0,0,0,
nbhb,1,0,1,1.0
nbhl,0,0,0,
nblB,18,14,32,0.56
nblD,1,1,2,0.5
nblH,9,9,18,0.5
nblI,5,3,8,0.62
nblJ,2,5,7,0.29
nblK,0,1,1,0.0
nblL,7,6,13,0.54
nblM,13,16,29,0.45
nblN,23,15,38,0.61
nblP,21,16,37,0.57
nblS,11,5,16,0.69
nblb,17,15,32,0.53
nbll,4,0,4,1.0
nblm,15,16,31,0.48
nbln,10,11,21,0.48
nbls,5,4,9,0.56
nbmB,50,37,87,0.57
nbmD,9,4,13,0.69
nbmH,35,17,52,0.67
nbmI,5,2,7,0.71
nbmJ,8,13,21,0.38
nbmK,4,1,5,0.8
nbmL,12,15,27,0.44
nbmM,63,66,129,0.49
nbmN,66,66,132,0.5
nbmP,62,63,125,0.5
nbmS,19,26,45,0.42
nbmb,63,42,105,0.6
nbml,11,9,20,0.55
nbmm,39,45,84,0.46
nbmn,53,51,104,0.51
nbms,23,14,37,0.62
nbnB,53,49,102,0.52
nbnD,7,7,14,0.5
nbnH,39,36,75,0.52
nbnI,8,9,17,0.47
nbnK,5,7,12,0.42
nbnL,13,16,29,0.45
nbnM,60,64,124,0.48
nbnN,73,82,155,0.47
nbnP,84,56,140,0.6
nbnS,36,38,74,0.49
nbnb,61,50,111,0.55
nbnh,1,2,3,0.33
nbnl,14,12,26,0.54
nbnm,55,43,98,0.56
nbnn,61,60,121,0.5
nbns,35,31,66,0.53
nbnt,2,0,2,1.0
nbsB,13,24,37,0.35
nbsD,8,3,11,0.73
nbsH,24,28,52,0.46
nbsI,2,2,4,0.5
nbsK,1,1,2,0.5
nbsL,4,10,14,0.29
nbsM,34,30,64,0.53
nbsN,25,30,55,0.45
nbsP,24,29,53,0.45
nbsS,24,41,65,0.37
nbsb,13,14,27,0.48
nbsh,1,2,3,0.33
nbsl,19,7,26,0.73
nbsm,30,18,48,0.62
nbsn,27,19,46,0.59
nbss,20,22,42,0.48
nbtN,0,1,1,0.0
nhBB,2,5,7,0.29
nhBD,2,0,2,1.0
nhBK,1,2,3,0.33
nhBL,0,1,1,0.0
nhBM,1,6,7,0.14
nhBN,1,3,4,0.25
nhBP,4,2,6,0.67
nhBS,5,3,8,0.62
nhBb,2,2,4,0.5
nhBj,2,1,3,0.67
nhBl,1,2,3,0.33
nhBm,5,3,8,0.62
nhBn,3,2,5,0.6
nhBs,0,4,4,0.0
nhBt,1,1,2,0.5
nhDH,1,0,1,1.0
nhDS,1,1,2,0.5
nhDb,1,0,1,1.0
nhDm,0,2,2,0.0
nhDn,1,0,1,1.0
nhHB,0,1,1,0.0
nhHI,0,1,1,0.0
nhHM,0,1,1,0.0
nhHP,1,0,1,1.0
nhHS,0,4,4,0.0
nhHb,0,0,0,
nhHh,0,1,1,0.0
nhHl,1,0,1,1.0
nhHm,1,0,1,1.0
nhHn,2,0,2,1.0
nhIB,0,1,1,0.0
nhIH,0,1,1,0.0
nhIM,0,2,2,0.0
nhIP,2,1,3,0.67
nhIS,1,0,1,1.0
nhIb,1,0,1,1.0
nhIl,1,1,2,0.5
nhIm,3,1,4,0.75
nhIn,1,1,2,0.5
nhIs,1,0,1,1.0
nhIt,1,0,1,1.0
nhKB,0,1,1,0.0
nhKM,0,2,2,0.0
nhKh,1,0,1,1.0
nhKl,1,0,1,1.0
nhLB,0,1,1,0.0
nhLD,1,0,1,1.0
nhLI,1,0,1,1.0
nhLM,3,2,5,0.6
nhLN,1,1,2,0.5
nhLP,3,5,8,0.38
nhLS,3,1,4,0.75
nhLb,1,1,2,0.5
nhLj,1,1,2,0.5
nhLm,1,2,3,0.33
nhLn,1,0,1,1.0
nhMB,2,4,6,0.33
nhMD,2,2,4,0.5
nhML,0,0,0,
nhMM,4,8,12,0.33
nhMN,4,2,6,0.67
nhMP,2,6,8,0.25
nhMS,1,2,3,0.33
nhMb,2,4,6,0.33
nhMh,2,3,5,0.4
nhMj,0,2,2,0.0
nhMl,1,0,1,1.0
nhMm,6,6,12,0.5
nhMn,12,3,15,0.8
nhMs,4,1,5,0.8
nhMt,0,3,3,0.0
nhNB,1,2,3,0.33
nhND,2,1,3,0.67
nhNM,3,7,10,0.3
nhNN,4,3,7,0.57
nhNP,6,1,7,0.86
nhNS,2,3,5,0.4
nhNb,1,1,2,0.5
nhNl,1,0,1,1.0
nhNm,3,6,9,0.33
nhNn,4,3,7,0.57
nhNs,3,2,5,0.6
nhNt,1,0,1,1.0
nhPB,4,2,6,0.67
nhPD,0,1,1,0.0
nhPH,3,1,4,0.75
nhPI,1,1,2,0.5
nhPK,1,0,1,1.0
nhPL,0,0,0,
nhPM,5,5,10,0.5
nhPN,2,7,9,0.22
nhPP,7,6,13,0.54
nhPS,5,1,6,0.83
nhPb,1,3,4,0.25
nhPh,0,2,2,0.0
nhPl,2,1,3,0.67
nhPm,7,5,12,0.58
nhPn,4,1,5,0.8
nhPs,1,3,4,0.25
nhPt,1,0,1,1.0
nhSB,4,0,4,1.0
nhSD,1,2,3,0.33
nhSH,0,1,1,0.0
nhSI,1,0,1,1.0
nhSL,1,2,3,0.33
nhSM,1,5,6,0.17
nhSN,3,2,5,0.6
nhSP,6,5,11,0.55
nhSS,4,7,11,0.36
nhSb,3,2,5,0.6
nhSh,2,3,5,0.4
nhSl,1,0,1,1.0
nhSm,3,0,3,1.0
nhSn,3,4,7,0.43
nhSs,3,3,6,0.5
nhSt,2,1,3,0.67
nhbB,0,0,0,
nhbH,2,0,2,1.0
nhbJ,0,1,1,0.0
nhbK,1,0,1,1.0
nhbM,2,2,4,0.5
nhbN,2,5,7,0.29
nhbP,2,2,4,0.5
nhbS,2,2,4,0.5
nhbb,5,0,5,1.0
nhbl,0,0,0,
nhbm,4,1,5,0.8
nhbn,2,2,4,0.5
nhbs,1,4,5,0.2
nhhB,2,3,5,0.4
nhhD,1,0,1,1.0
nhhH,0,2,2,0.0
nhhI,1,0,1,1.0
nhhL,2,0,2,1.0
nhhM,2,4,6,0.33
nhhN,3,2,5,0.6
nhhP,3,1,4,0.75
nhhS,0,3,3,0.0
nhhb,3,2,5,0.6
nhhh,2,1,3,0.67
nhhl,0,3,3,0.0
nhhm,5,1,6,0.83
nhhn,6,3,9,0.67
nhhs,2,0,2,1.0
nhht,0,0,0,
nhlB,0,1,1,0.0
nhlD,0,1,1,0.0
nhlH,1,1,2,0.5
nhlJ,0,1,1,0.0
nhlM,2,1,3,0.67
nhlN,0,1,1,0.0
nhlP,1,2,3,0.33
nhlS,1,1,2,0.5
nhlb,0,1,1,0.0
nhlm,1,1,2,0.5
nhln,1,0,1,1.0
nhls,1,0,1,1.0
nhmB,4,6,10,0.4
nhmD,3,0,3,1.0
nhmH,1,0,1,1.0
nhmJ,1,1,2,0.5
nhmK,0,1,1,0.0
nhmL,1,4,5,0.2
nhmM,4,8,12,0.33
nhmN,4,6,10,0.4
nhmP,6,7,13,0.46
nhmS,3,3,6,0.5
nhmb,4,2,6,0.67
nhml,2,1,3,0.67
nhmm,6,4,10,0.6
nhmn,4,7,11,0.36
nhms,3,2,5,0.6
nhnB,1,3,4,0.25
nhnD,1,1,2,0.5
nhnH,1,2,3,0.33
nhnI,2,3,5,0.4
nhnK,0,0,0,
nhnL,2,0,2,1.0
nhnM,3,6,9,0.33
nhnN,7,1,8,0.88
nhnP,5,3,8,0.62
nhnS,1,2,3,0.33
nhnb,3,3,6,0.5
nhnl,2,2,4,0.5
nhnm,8,5,13,0.62
nhnn,1,4,5,0.2
nhns,1,3,4,0.25
nhsB,1,2,3,0.33
nhsD,2,0,2,1.0
nhsH,1,4,5,0.2
nhsI,1,0,1,1.0
nhsL,1,2,3,0.33
nhsM,5,5,10,0.5
nhsN,3,5,8,0.38
nhsP,3,3,6,0.5
nhsS,5,3,8,0.62
nhsb,1,4,5,0.2
nhsh,0,1,1,0.0
nhsl,0,2,2,0.0
nhsm,6,5,11,0.55
nhsn,3,4,7,0.43
nhss,0,3,3,0.0
nhtB,1,1,2,0.5
nhtK,1,0,1,1.0
nhtS,0,1,1,0.0
nhtl,1,0,1,1.0
nhtn,2,1,3,0.67
nhts,1,0,1,1.0
nhtt,1,0,1,1.0
nlBB,8,15,23,0.35
nlBD,2,2,4,0.5
nlBI,1,0,1,1.0
nlBK,1,2,3,0.33
nlBL,9,5,14,0.64
nlBM,17,12,29,0.59
nlBN,16,16,32,0.5
nlBP,22,11,33,0.67
nlBS,10,12,22,0.45
nlBb,17,11,28,0.61
nlBh,2,1,3,0.67
nlBj,0,1,1,0.0
nlBl,10,4,14,0.71
nlBm,17,10,27,0.63
nlBn,21,16,37,0.57
nlBs,9,12,21,0.43
nlBt,0,8,8,0.0
nlDB,0,3,3,0.0
nlDH,2,1,3,0.67
nlDI,1,0,1,1.0
nlDL,1,2,3,0.33
nlDM,3,1,4,0.75
nlDN,1,1,2,0.5
nlDP,1,6,7,0.14
nlDS,2,3,5,0.4
nlDb,1,1,2,0.5
nlDl,0,1,1,0.0
nlDm,2,0,2,1.0
nlDn,3,4,7,0.43
nlDs,2,0,2,1.0
nlDt,1,0,1,1.0
nlHB,10,8,18,0.56
nlHD,3,3,6,0.5
nlHH,4,5,9,0.44
nlHI,3,0,3,1.0
nlHK,0,1,1,0.0
nlHL,7,6,13,0.54
nlHM,15,8,23,0.65
nlHN,9,17,26,0.35
nlHP,11,11,22,0.5
nlHS,12,11,23,0.52
nlHb,9,7,16,0.56
nlHh,5,4,9,0.56
nlHl,2,5,7,0.29
nlHm,14,12,26,0.54
nlHn,12,13,25,0.48
nlHs,9,7,16,0.56
nlHt,5,3,8,0.62
nlIB,1,3,4,0.25
nlID,0,0,0,
nlII,0,1,1,0.0
nlIL,1,0,1,1.0
nlIM,1,2,3,0.33
nlIN,0,5,5,0.0
nlIP,3,1,4,0.75
nlIS,2,1,3,0.67
nlIb,5,2,7,0.71
nlIl,0,1,1,0.0
nlIm,2,0,2,1.0
nlIn,1,2,3,0.33
nlIs,1,1,2,0.5
nlJB,4,6,10,0.4
nlJH,1,3,4,0.25
nlJI,0,0,0,
nlJK,0,0,0,
nlJL,1,6,7,0.14
nlJM,2,6,8,0.25
nlJN,7,5,12,0.58
nlJP,11,11,22,0.5
nlJS,5,3,8,0.62
nlJb,6,4,10,0.6
nlJl,1,2,3,0.33
nlJm,2,6,8,0.25
nlJn,1,3,4,0.25
nlJs,8,5,13,0.62
nlJt,1,1,2,0.5
nlKB,0,0,0,
nlKD,0,0,0,
nlKM,1,1,2,0.5
nlKN,0,1,1,0.0
nlKP,0,1,1,0.0
nlKS,0,0,0,
nlKh,2,0,2,1.0
nlKm,1,0,1,1.0
nlKn,1,0,1,1.0
nlKs,0,2,2,0.0
nlLB,7,8,15,0.47
nlLD,1,0,1,1.0
nlLK,1,0,1,1.0
nlLL,2,4,6,0.33
nlLM,7,3,10,0.7
nlLN,3,6,9,0.33
nlLP,11,5,16,0.69
nlLS,9,11,20,0.45
nlLb,3,3,6,0.5
nlLh,2,6,8,0.25
nlLj,1,1,2,0.5
nlLl,3,2,5,0.6
nlLm,5,1,6,0.83
nlLn,11,9,20,0.55
nlLs,3,2,5,0.6
nlLt,2,2,4,0.5
nlMB,10,18,28,0.36
nlMD,2,1,3,0.67
nlMH,0,1,1,0.0
nlMI,1,0,1,1.0
nlMK,1,0,1,1.0
nlML,6,8,14,0.43
nlMM,19,16,35,0.54
nlMN,18,19,37,0.49
nlMP,26,20,46,0.57
nlMS,13,8,21,0.62
nlMb,13,12,25,0.52
nlMh,17,16,33,0.52
nlMj,4,7,11,0.36
nlMl,7,5,12,0.58
nlMm,17,27,44,0.39
nlMn,19,26,45,0.42
nlMs,14,14,28,0.5
nlMt,3,4,7,0.43
nlNB,20,21,41,0.49
nlND,3,1,4,0.75
nlNH,4,4,8,0.5
nlNK,4,0,4,1.0
nlNL,3,8,11,0.27
nlNM,11,15,26,0.42
nlNN,31,24,55,0.56
nlNP,26,31,57,0.46
nlNS,14,15,29,0.48
nlNb,17,28,45,0.38
nlNh,4,3,7,0.57
nlNl,9,5,14,0.64
nlNm,15,14,29,0.52
nlNn,28,23,51,0.55
nlNs,17,14,31,0.55
nlNt,4,2,6,0.67
nlPB,9,9,18,0.5
nlPD,3,1,4,0.75
nlPH,7,10,17,0.41
nlPI,2,1,3,0.67
nlPK,4,3,7,0.57
nlPL,10,4,14,0.71
nlPM,10,26,36,0.28
nlPN,17,24,41,0.41
nlPP,28,33,61,0.46
nlPS,17,11,28,0.61
nlPb,22,12,34,0.65
nlPh,2,2,4,0.5
nlPl,7,5,12,0.58
nlPm,17,12,29,0.59
nlPn,11,20,31,0.35
nlPs,15,12,27,0.56
nlPt,2,2,4,0.5
nlSB,8,9,17,0.47
nlSD,2,2,4,0.5
nlSH,4,5,9,0.44
nlSI,1,0,1,1.0
nlSK,0,0,0,
nlSL,7,5,12,0.58
nlSM,12,12,24,0.5
nlSN,10,17,27,0.37
nlSP,14,14,28,0.5
nlSS,19,18,37,0.51
nlSb,9,17,26,0.35
nlSh,3,3,6,0.5
nlSl,5,4,9,0.56
nlSm,19,13,32,0.59
nlSn,14,6,20,0.7
nlSs,9,16,25,0.36
nlSt,4,3,7,0.57
nlbB,17,15,32,0.53
nlbH,3,3,6,0.5
nlbI,2,2,4,0.5
nlbJ,3,4,7,0.43
nlbK,1,3,4,0.25
nlbL,7,10,17,0.41
nlbM,17,19,36,0.47
nlbN,25,18,43,0.58
nlbP,25,18,43,0.58
nlbS,4,6,10,0.4
nlbb,23,17,40,0.57
nlbl,4,2,6,0.67
nlbm,17,10,27,0.63
nlbn,17,22,39,0.44
nlbs,6,7,13,0.46
nlhN,1,0,1,1.0
nlhb,1,0,1,1.0
nllB,9,3,12,0.75
nllH,3,3,6,0.5
nllJ,1,2,3,0.33
nllK,0,1,1,0.0
nllL,5,0,5,1.0
nllM,4,5,9,0.44
nllN,8,6,14,0.57
nllP,3,4,7,0.43
nllS,5,3,8,0.62
nllb,5,1,6,0.83
nlll,1,1,2,0.5
nllm,6,5,11,0.55
nlln,4,4,8,0.5
nlls,3,1,4,0.75
nlmB,12,15,27,0.44
nlmD,2,2,4,0.5
nlmH,4,13,17,0.24
nlmI,0,1,1,0.0
nlmJ,0,3,3,0.0
nlmL,6,4,10,0.6
nlmM,18,28,46,0.39
nlmN,11,16,27,0.41
nlmP,31,16,47,0.66
nlmS,13,11,24,0.54
nlmb,20,20,40,0.5
nlml,5,4,9,0.56
nlmm,20,13,33,0.61
nlmn,13,11,24,0.54
nlms,4,6,10,0.4
nlnB,7,17,24,0.29
nlnD,1,4,5,0.2
nlnH,5,6,11,0.45
nlnI,4,3,7,0.57
nlnK,3,1,4,0.75
nlnL,5,8,13,0.38
nlnM,16,12,28,0.57
nlnN,14,30,44,0.32
nlnP,21,17,38,0.55
nlnS,9,10,19,0.47
nlnb,25,13,38,0.66
nlnh,1,1,2,0.5
nlnl,6,4,10,0.6
nlnm,19,13,32,0.59
nlnn,22,14,36,0.61
nlns,10,17,27,0.37
nlsB,11,9,20,0.55
nlsD,2,0,2,1.0
nlsH,13,8,21,0.62
nlsI,0,1,1,0.0
nlsL,6,4,10,0.6
nlsM,14,12,26,0.54
nlsN,16,6,22,0.73
nlsP,12,15,27,0.44
nlsS,11,12,23,0.48
nlsb,10,8,18,0.56
nlsh,1,0,1,1.0
nlsl,1,6,7,0.14
nlsm,8,17,25,0.32
nlsn,7,9,16,0.44
nlss,11,10,21,0.52
nmBB,44,56,100,0.44
nmBD,4,7,11,0.36
nmBH,0,1,1,0.0
nmBK,5,8,13,0.38
nmBL,15,10,25,0.6
nmBM,44,65,109,0.4
nmBN,68,75,143,0.48
nmBP,75,64,139,0.54
nmBS,28,52,80,0.35
nmBb,41,41,82,0.5
nmBh,7,8,15,0.47
nmBj,11,12,23,0.48
nmBl,13,11,24,0.54
nmBm,75,53,128,0.59
nmBn,95,74,169,0.56
nmBs,34,28,62,0.55
nmBt,7,5,12,0.58
nmDB,7,10,17,0.41
nmDD,1,2,3,0.33
nmDH,4,10,14,0.29
nmDI,1,2,3,0.33
nmDL,5,4,9,0.56
nmDM,14,12,26,0.54
nmDN,11,11,22,0.5
nmDP,8,3,11,0.73
nmDS,16,8,24,0.67
nmDb,18,16,34,0.53
nmDl,4,1,5,0.8
nmDm,11,10,21,0.52
nmDn,12,11,23,0.52
nmDs,3,7,10,0.3
nmDt,1,2,3,0.33
nmHB,45,36,81,0.56
nmHD,8,8,16,0.5
nmHH,5,12,17,0.29
nmHI,11,7,18,0.61
nmHK,3,2,5,0.6
nmHL,15,14,29,0.52
nmHM,63,54,117,0.54
nmHN,58,69,127,0.46
nmHP,61,45,106,0.58
nmHS,48,41,89,0.54
nmHb,44,38,82,0.54
nmHh,20,30,50,0.4
nmHl,14,10,24,0.58
nmHm,56,45,101,0.55
nmHn,46,48,94,0.49
nmHs,40,30,70,0.57
nmHt,6,6,12,0.5
nmIB,6,5,11,0.55
nmID,0,1,1,0.0
nmIH,5,4,9,0.56
nmII,2,1,3,0.67
nmIK,1,2,3,0.33
nmIL,0,3,3,0.0
nmIM,5,9,14,0.36
nmIN,6,8,14,0.43
nmIP,8,9,17,0.47
nmIS,8,2,10,0.8
nmIb,4,4,8,0.5
nmIh,0,1,1,0.0
nmIl,3,3,6,0.5
nmIm,5,8,13,0.38
nmIn,9,7,16,0.56
nmIs,4,2,6,0.67
nmIt,1,0,1,1.0
nmJB,12,16,28,0.43
nmJD,1,0,1,1.0
nmJH,8,7,15,0.53
nmJI,1,1,2,0.5
nmJK,2,2,4,0.5
nmJL,8,8,16,0.5
nmJM,15,16,31,0.48
nmJN,18,24,42,0.43
nmJP,14,25,39,0.36
nmJS,14,8,22,0.64
nmJb,14,16,30,0.47
nmJh,1,2,3,0.33
nmJl,6,2,8,0.75
nmJm,16,9,25,0.64
nmJn,16,12,28,0.57
nmJs,16,16,32,0.5
nmJt,2,2,4,0.5
nmKB,2,0,2,1.0
nmKM,3,2,5,0.6
nmKN,1,0,1,1.0
nmKP,0,4,4,0.0
nmKS,1,0,1,1.0
nmKb,0,1,1,0.0
nmKh,1,1,2,0.5
nmKm,3,1,4,0.75
nmKn,1,1,2,0.5
nmKs,2,3,5,0.4
nmLB,6,9,15,0.4
nmLD,3,4,7,0.43
nmLH,0,0,0,
nmLK,2,2,4,0.5
nmLL,2,4,6,0.33
nmLM,12,21,33,0.36
nmLN,16,20,36,0.44
nmLP,23,14,37,0.62
nmLS,18,11,29,0.62
nmLb,19,9,28,0.68
nmLh,7,9,16,0.44
nmLj,2,3,5,0.4
nmLl,8,2,10,0.8
nmLm,16,9,25,0.64
nmLn,22,28,50,0.44
nmLs,18,17,35,0.51
nmLt,5,3,8,0.62
nmMB,59,43,102,0.58
nmMD,17,5,22,0.77
nmMH,1,2,3,0.33
nmMI,1,1,2,0.5
nmMK,3,1,4,0.75
nmML,12,9,21,0.57
nmMM,74,65,139,0.53
nmMN,92,72,164,0.56
nmMP,71,77,148,0.48
nmMS,42,53,95,0.44
nmMb,54,44,98,0.55
nmMh,63,78,141,0.45
nmMj,5,10,15,0.33
nmMl,13,20,33,0.39
nmMm,79,63,142,0.56
nmMn,110,105,215,0.51
nmMs,52,56,108,0.48
nmMt,17,16,33,0.52
nmNB,60,57,117,0.51
nmND,8,14,22,0.36
nmNH,18,15,33,0.55
nmNI,2,2,4,0.5
nmNK,12,7,19,0.63
nmNL,21,16,37,0.57
nmNM,74,97,171,0.43
nmNN,100,122,222,0.45
nmNP,115,99,214,0.54
nmNS,59,69,128,0.46
nmNb,67,54,121,0.55
nmNh,19,24,43,0.44
nmNl,27,13,40,0.68
nmNm,71,75,146,0.49
nmNn,104,109,213,0.49
nmNs,72,66,138,0.52
nmNt,14,16,30,0.47
nmPB,50,54,104,0.48
nmPD,11,14,25,0.44
nmPH,25,13,38,0.66
nmPI,8,5,13,0.62
nmPK,10,7,17,0.59
nmPL,22,27,49,0.45
nmPM,64,74,138,0.46
nmPN,73,63,136,0.54
nmPP,98,99,197,0.5
nmPS,41,56,97,0.42
nmPb,47,64,111,0.42
nmPh,5,11,16,0.31
nmPl,21,14,35,0.6
nmPm,79,65,144,0.55
nmPn,66,69,135,0.49
nmPs,51,44,95,0.54
nmPt,8,13,21,0.38
nmSB,38,35,73,0.52
nmSD,3,9,12,0.25
nmSH,16,18,34,0.47
nmSI,3,4,7,0.43
nmSL,4,14,18,0.22
nmSM,45,59,104,0.43
nmSN,41,49,90,0.46
nmSP,42,43,85,0.49
nmSS,62,72,134,0.46
nmSb,30,24,54,0.56
nmSh,26,22,48,0.54
nmSl,11,12,23,0.48
nmSm,42,39,81,0.52
nmSn,55,51,106,0.52
nmSs,52,53,105,0.5
nmSt,13,6,19,0.68
nmbB,66,63,129,0.51
nmbD,7,7,14,0.5
nmbH,9,20,29,0.31
nmbI,5,3,8,0.62
nmbJ,17,12,29,0.59
nmbK,5,4,9,0.56
nmbL,18,18,36,0.5
nmbM,61,56,117,0.52
nmbN,88,86,174,0.51
nmbP,68,65,133,0.51
nmbS,26,31,57,0.46
nmbb,77,78,155,0.5
nmbh,0,1,1,0.0
nmbl,18,7,25,0.72
nmbm,55,49,104,0.53
nmbn,73,57,130,0.56
nmbs,30,21,51,0.59
nmhB,0,1,1,0.0
nmhM,3,0,3,1.0
nmhP,0,2,2,0.0
nmhh,2,0,2,1.0
nmhm,0,2,2,0.0
nmhn,1,0,1,1.0
nmhs,2,0,2,1.0
nmlB,13,13,26,0.5
nmlD,3,1,4,0.75
nmlH,8,7,15,0.53
nmlI,0,0,0,
nmlJ,4,2,6,0.67
nmlL,4,5,9,0.44
nmlM,10,13,23,0.43
nmlN,13,14,27,0.48
nmlP,16,17,33,0.48
nmlS,8,6,14,0.57
nmlb,11,15,26,0.42
nmll,4,4,8,0.5
nmlm,10,11,21,0.48
nmln,11,11,22,0.5
nmls,14,2,16,0.88
nmmB,62,65,127,0.49
nmmD,8,11,19,0.42
nmmH,43,44,87,0.49
nmmI,6,8,14,0.43
nmmJ,12,14,26,0.46
nmmK,1,0,1,1.0
nmmL,14,20,34,0.41
nmmM,65,65,130,0.5
nmmN,90,69,159,0.57
nmmP,85,61,146,0.58
nmmS,21,38,59,0.36
nmmb,79,58,137,0.58
nmml,10,7,17,0.59
nmmm,66,62,128,0.52
nmmn,68,54,122,0.56
nmms,29,25,54,0.54
nmnB,61,65,126,0.48
nmnD,15,2,17,0.88
nmnH,37,45,82,0.45
nmnI,12,10,22,0.55
nmnK,6,6,12,0.5
nmnL,17,21,38,0.45
nmnM,63,83,146,0.43
nmnN,101,87,188,0.54
nmnP,81,82,163,0.5
nmnS,40,44,84,0.48
nmnb,48,63,111,0.43
nmnh,3,5,8,0.38
nmnl,13,13,26,0.5
nmnm,77,63,140,0.55
nmnn,93,56,149,0.62
nmns,35,41,76,0.46
nmnt,1,0,1,1.0
nmsB,23,29,52,0.44
nmsD,2,3,5,0.4
nmsH,29,35,64,0.45
nmsI,13,6,19,0.68
nmsL,6,18,24,0.25
nmsM,36,45,81,0.44
nmsN,48,50,98,0.49
nmsP,31,37,68,0.46
nmsS,52,44,96,0.54
nmsb,21,26,47,0.45
nmsh,1,4,5,0.2
nmsl,6,7,13,0.46
nmsm,29,34,63,0.46
nmsn,40,30,70,0.57
nmss,33,39,72,0.46
nmst,1,1,2,0.5
nmtL,0,0,0,
nmtS,1,0,1,1.0
nnBB,32,48,80,0.4
nnBD,5,6,11,0.45
nnBH,1,0,1,1.0
nnBK,6,7,13,0.46
nnBL,7,26,33,0.21
nnBM,32,52,84,0.38
nnBN,53,54,107,0.5
nnBP,48,54,102,0.47
nnBS,37,35,72,0.51
nnBb,43,32,75,0.57
nnBh,6,8,14,0.43
nnBj,10,10,20,0.5
nnBl,17,14,31,0.55
nnBm,55,32,87,0.63
nnBn,60,66,126,0.48
nnBs,31,40,71,0.44
nnBt,8,6,14,0.57
nnDB,5,7,12,0.42
nnDD,3,2,5,0.6
nnDH,8,8,16,0.5
nnDI,1,0,1,1.0
nnDK,1,0,1,1.0
nnDL,2,4,6,0.33
nnDM,11,13,24,0.46
nnDN,16,7,23,0.7
nnDP,12,13,25,0.48
nnDS,18,17,35,0.51
nnDb,5,8,13,0.38
nnDh,2,1,3,0.67
nnDl,1,2,3,0.33
nnDm,15,11,26,0.58
nnDn,14,12,26,0.54
nnDs,8,12,20,0.4
nnDt,2,1,3,0.67
nnHB,21,28,49,0.43
nnHD,7,6,13,0.54
nnHH,9,12,21,0.43
nnHI,5,6,11,0.45
nnHK,3,6,9,0.33
nnHL,13,10,23,0.57
nnHM,50,37,87,0.57
nnHN,49,42,91,0.54
nnHP,56,63,119,0.47
nnHS,33,44,77,0.43
nnHb,36,24,60,0.6
nnHh,12,20,32,0.38
nnHl,9,9,18,0.5
nnHm,41,38,79,0.52
nnHn,50,34,84,0.6
nnHs,43,48,91,0.47
nnHt,4,6,10,0.4
nnIB,11,11,22,0.5
nnID,3,2,5,0.6
nnIH,12,9,21,0.57
nnII,4,3,7,0.57
nnIK,0,1,1,0.0
nnIL,1,2,3,0.33
nnIM,8,14,22,0.36
nnIN,12,12,24,0.5
nnIP,15,19,34,0.44
nnIS,11,16,27,0.41
nnIb,15,9,24,0.62
nnIh,0,0,0,
nnIl,3,5,8,0.38
nnIm,10,12,22,0.45
nnIn,9,13,22,0.41
nnIs,15,9,24,0.62
nnIt,1,2,3,0.33
nnKB,4,5,9,0.44
nnKD,2,1,3,0.67
nnKH,1,2,3,0.33
nnKI,1,1,2,0.5
nnKL,0,1,1,0.0
nnKM,13,4,17,0.76
nnKN,5,7,12,0.42
nnKP,6,8,14,0.43
nnKS,7,8,15,0.47
nnKb,4,3,7,0.57
nnKh,3,5,8,0.38
nnKl,2,1,3,0.67
nnKm,7,5,12,0.58
nnKn,7,11,18,0.39
nnKs,7,5,12,0.58
nnKt,0,1,1,0.0
nnLB,18,21,39,0.46
nnLD,3,3,6,0.5
nnLK,0,3,3,0.0
nnLL,7,7,14,0.5
nnLM,15,16,31,0.48
nnLN,22,17,39,0.56
nnLP,18,21,39,0.46
nnLS,18,12,30,0.6
nnLb,16,12,28,0.57
nnLh,11,9,20,0.55
nnLj,4,3,7,0.57
nnLl,7,7,14,0.5
nnLm,19,18,37,0.51
nnLn,24,25,49,0.49
nnLs,22,6,28,0.79
nnLt,4,1,5,0.8
nnMB,62,47,109,0.57
nnMD,10,7,17,0.59
nnMH,0,1,1,0.0
nnMI,1,0,1,1.0
nnMK,1,3,4,0.25
nnML,15,18,33,0.45
nnMM,56,71,127,0.44
nnMN,67,89,156,0.43
nnMP,78,88,166,0.47
nnMS,44,50,94,0.47
nnMb,67,53,120,0.56
nnMh,50,49,99,0.51
nnMj,9,8,17,0.53
nnMl,17,23,40,0.42
nnMm,97,82,179,0.54
nnMn,104,100,204,0.51
nnMs,55,57,112,0.49
nnMt,13,15,28,0.46
nnNB,78,77,155,0.5
nnND,18,16,34,0.53
nnNH,19,21,40,0.48
nnNI,2,3,5,0.4
nnNK,9,12,21,0.43
nnNL,24,29,53,0.45
nnNM,74,96,170,0.44
nnNN,129,132,261,0.49
nnNP,107,111,218,0.49
nnNS,87,85,172,0.51
nnNb,75,63,138,0.54
nnNh,24,37,61,0.39
nnNl,25,21,46,0.54
nnNm,75,86,161,0.47
nnNn,124,138,262,0.47
nnNs,101,98,199,0.51
nnNt,21,29,50,0.42
nnPB,79,73,152,0.52
nnPD,10,9,19,0.53
nnPH,30,32,62,0.48
nnPI,13,9,22,0.59
nnPK,13,12,25,0.52
nnPL,19,39,58,0.33
nnPM,81,111,192,0.42
nnPN,101,102,203,0.5
nnPP,136,116,252,0.54
nnPS,70,84,154,0.45
nnPb,68,70,138,0.49
nnPh,11,12,23,0.48
nnPl,38,22,60,0.63
nnPm,88,70,158,0.56
nnPn,92,89,181,0.51
nnPs,71,68,139,0.51
nnPt,5,15,20,0.25
nnSB,39,43,82,0.48
nnSD,14,5,19,0.74
nnSH,23,27,50,0.46
nnSI,3,4,7,0.43
nnSL,8,8,16,0.5
nnSM,60,56,116,0.52
nnSN,61,60,121,0.5
nnSP,73,66,139,0.53
nnSS,71,84,155,0.46
nnSb,34,34,68,0.5
nnSh,30,33,63,0.48
nnSl,17,11,28,0.61
nnSm,66,43,109,0.61
nnSn,63,80,143,0.44
nnSs,78,79,157,0.5
nnSt,13,19,32,0.41
nnbB,42,57,99,0.42
nnbD,4,7,11,0.36
nnbH,15,11,26,0.58
nnbI,6,7,13,0.46
nnbJ,8,9,17,0.47
nnbK,4,4,8,0.5
nnbL,12,13,25,0.48
nnbM,44,66,110,0.4
nnbN,79,85,164,0.48
nnbP,75,64,139,0.54
nnbS,35,24,59,0.59
nnbb,64,69,133,0.48
nnbh,1,0,1,1.0
nnbl,21,13,34,0.62
nnbm,47,48,95,0.49
nnbn,69,75,144,0.48
nnbs,18,27,45,0.4
nnhB,3,3,6,0.5
nnhH,1,1,2,0.5
nnhI,1,0,1,1.0
nnhL,1,0,1,1.0
nnhM,6,3,9,0.67
nnhN,3,3,6,0.5
nnhP,2,5,7,0.29
nnhS,5,5,10,0.5
nnhb,7,1,8,0.88
nnhh,5,2,7,0.71
nnhl,1,0,1,1.0
nnhm,8,2,10,0.8
nnhn,4,5,9,0.44
nnhs,7,3,10,0.7
nnht,0,1,1,0.0
nnlB,15,11,26,0.58
nnlD,3,2,5,0.6
nnlH,15,7,22,0.68
nnlI,0,3,3,0.0
nnlJ,4,4,8,0.5
nnlL,4,5,9,0.44
nnlM,17,24,41,0.41
nnlN,13,16,29,0.45
nnlP,19,13,32,0.59
nnlS,9,13,22,0.41
nnlb,19,14,33,0.58
nnlh,0,0,0,
nnll,7,5,12,0.58
nnlm,16,9,25,0.64
nnln,15,14,29,0.52
nnls,8,10,18,0.44
nnmB,54,50,104,0.52
nnmD,13,13,26,0.5
nnmH,50,47,97,0.52
nnmI,6,2,8,0.75
nnmJ,18,16,34,0.53
nnmK,0,1,1,0.0
nnmL,14,20,34,0.41
nnmM,67,67,134,0.5
nnmN,64,77,141,0.45
nnmP,74,69,143,0.52
nnmS,40,48,88,0.45
nnmb,71,46,117,0.61
nnmh,0,2,2,0.0
nnml,14,11,25,0.56
nnmm,79,42,121,0.65
nnmn,86,65,151,0.57
nnms,32,29,61,0.52
nnnB,55,47,102,0.54
nnnD,14,7,21,0.67
nnnH,38,49,87,0.44
nnnI,12,13,25,0.48
nnnK,6,10,16,0.38
nnnL,21,25,46,0.46
nnnM,81,95,176,0.46
nnnN,111,112,223,0.5
nnnP,114,88,202,0.56
nnnS,73,81,154,0.47
nnnb,66,66,132,0.5
nnnh,5,3,8,0.62
nnnl,17,10,27,0.63
nnnm,75,65,140,0.54
nnnn,98,70,168,0.58
nnns,57,51,108,0.53
nnnt,1,0,1,1.0
nnsB,31,34,65,0.48
nnsD,10,11,21,0.48
nnsH,53,59,112,0.47
nnsI,15,12,27,0.56
nnsK,0,2,2,0.0
nnsL,10,18,28,0.36
nnsM,49,70,119,0.41
nnsN,67,57,124,0.54
nnsP,62,43,105,0.59
nnsS,65,65,130,0.5
nnsb,38,37,75,0.51
nnsh,4,6,10,0.4
nnsl,17,9,26,0.65
nnsm,62,35,97,0.64
nnsn,50,45,95,0.53
nnss,57,49,106,0.54
nnst,0,0,0,
nntD,0,0,0,
nntH,2,2,4,0.5
nntM,0,0,0,
nntN,1,0,1,1.0
nntP,1,0,1,1.0
nntS,3,2,5,0.6
nntb,1,0,1,1.0
nntm,3,0,3,1.0
nntt,0,1,1,0.0
nsBB,21,19,40,0.52
nsBD,5,7,12,0.42
nsBK,7,9,16,0.44
nsBL,4,11,15,0.27
nsBM,20,31,51,0.39
nsBN,48,47,95,0.51
nsBP,35,32,67,0.52
nsBS,29,32,61,0.48
nsBb,25,28,53,0.47
nsBh,3,5,8,0.38
nsBj,9,12,21,0.43
nsBl,8,9,17,0.47
nsBm,38,30,68,0.56
nsBn,51,40,91,0.56
nsBs,22,19,41,0.54
nsBt,6,4,10,0.6
nsDB,5,7,12,0.42
nsDD,4,1,5,0.8
nsDH,12,15,27,0.44
nsDI,2,0,2,1.0
nsDL,1,5,6,0.17
nsDM,17,9,26,0.65
nsDN,12,8,20,0.6
nsDP,11,2,13,0.85
nsDS,9,13,22,0.41
nsDb,6,8,14,0.43
nsDh,0,1,1,0.0
nsDl,5,4,9,0.56
nsDm,12,7,19,0.63
nsDn,8,10,18,0.44
nsDs,17,8,25,0.68
nsDt,4,1,5,0.8
nsHB,28,31,59,0.47
nsHD,5,10,15,0.33
nsHH,11,10,21,0.52
nsHI,6,5,11,0.55
nsHK,4,2,6,0.67
nsHL,16,6,22,0.73
nsHM,64,52,116,0.55
nsHN,57,62,119,0.48
nsHP,51,45,96,0.53
nsHS,51,62,113,0.45
nsHb,30,31,61,0.49
nsHh,12,27,39,0.31
nsHl,6,13,19,0.32
nsHm,45,49,94,0.48
nsHn,53,38,91,0.58
nsHs,72,55,127,0.57
nsHt,8,10,18,0.44
nsIB,9,8,17,0.53
nsID,4,1,5,0.8
nsIH,9,6,15,0.6
nsII,3,0,3,1.0
nsIL,2,4,6,0.33
nsIM,10,10,20,0.5
nsIN,13,12,25,0.52
nsIP,7,18,25,0.28
nsIS,18,9,27,0.67
nsIb,9,7,16,0.56
nsIh,1,1,2,0.5
nsIl,4,2,6,0.67
nsIm,6,8,14,0.43
nsIn,8,10,18,0.44
nsIs,5,9,14,0.36
nsIt,4,1,5,0.8
nsKB,0,0,0,
nsKD,1,0,1,1.0
nsKL,0,2,2,0.0
nsKM,2,1,3,0.67
nsKN,0,1,1,0.0
nsKP,3,0,3,1.0
nsKS,0,1,1,0.0
nsKb,0,0,0,
nsKh,1,0,1,1.0
nsKl,1,0,1,1.0
nsKm,0,2,2,0.0
nsKn,3,0,3,1.0
nsKs,0,1,1,0.0
nsLB,8,15,23,0.35
nsLD,0,2,2,0.0
nsLK,2,2,4,0.5
nsLL,2,6,8,0.25
nsLM,9,22,31,0.29
nsLN,12,14,26,0.46
nsLP,20,15,35,0.57
nsLS,13,7,20,0.65
nsLb,7,9,16,0.44
nsLh,4,3,7,0.57
nsLj,2,4,6,0.33
nsLl,5,3,8,0.62
nsLm,16,15,31,0.52
nsLn,22,17,39,0.56
nsLs,13,6,19,0.68
nsLt,2,1,3,0.67
nsMB,46,48,94,0.49
nsMD,4,7,11,0.36
nsMH,0,2,2,0.0
nsMI,1,0,1,1.0
nsMK,1,2,3,0.33
nsML,10,12,22,0.45
nsMM,44,56,100,0.44
nsMN,54,54,108,0.5
nsMP,50,56,106,0.47
nsMS,46,50,96,0.48
nsMb,41,34,75,0.55
nsMh,40,34,74,0.54
nsMj,7,8,15,0.47
nsMl,14,13,27,0.52
nsMm,74,55,129,0.57
nsMn,81,71,152,0.53
nsMs,59,45,104,0.57
nsMt,14,5,19,0.74
nsNB,30,42,72,0.42
nsND,12,10,22,0.55
nsNH,9,18,27,0.33
nsNI,1,0,1,1.0
nsNK,3,9,12,0.25
nsNL,9,8,17,0.53
nsNM,45,64,109,0.41
nsNN,72,73,145,0.5
nsNP,67,74,141,0.48
nsNS,63,60,123,0.51
nsNb,29,24,53,0.55
nsNh,16,18,34,0.47
nsNl,13,15,28,0.46
nsNm,70,50,120,0.58
nsNn,90,65,155,0.58
nsNs,76,77,153,0.5
nsNt,13,15,28,0.46
nsPB,33,37,70,0.47
nsPD,5,6,11,0.45
nsPH,26,18,44,0.59
nsPI,7,2,9,0.78
nsPK,6,7,13,0.46
nsPL,14,23,37,0.38
nsPM,47,77,124,0.38
nsPN,51,57,108,0.47
nsPP,62,63,125,0.5
nsPS,55,59,114,0.48
nsPb,34,37,71,0.48
nsPh,7,5,12,0.58
nsPl,25,26,51,0.49
nsPm,72,47,119,0.61
nsPn,46,51,97,0.47
nsPs,51,47,98,0.52
nsPt,8,8,16,0.5
nsSB,37,68,105,0.35
nsSD,10,13,23,0.43
nsSH,24,29,53,0.45
nsSI,6,1,7,0.86
nsSK,1,1,2,0.5
nsSL,18,10,28,0.64
nsSM,60,91,151,0.4
nsSN,70,56,126,0.56
nsSP,61,61,122,0.5
nsSS,112,101,213,0.53
nsSb,31,30,61,0.51
nsSh,40,34,74,0.54
nsSl,16,13,29,0.55
nsSm,70,51,121,0.58
nsSn,74,71,145,0.51
nsSs,103,79,182,0.57
nsSt,17,12,29,0.59
nsbB,30,31,61,0.49
nsbD,2,7,9,0.22
nsbH,10,12,22,0.45
nsbI,4,4,8,0.5
nsbJ,10,9,19,0.53
nsbK,6,5,11,0.55
nsbL,13,9,22,0.59
nsbM,46,33,79,0.58
nsbN,62,53,115,0.54
nsbP,48,47,95,0.51
nsbS,22,20,42,0.52
nsbb,49,38,87,0.56
nsbh,0,0,0,
nsbl,10,3,13,0.77
nsbm,39,36,75,0.52
nsbn,47,47,94,0.5
nsbs,24,18,42,0.57
nshB,2,2,4,0.5
nshD,1,0,1,1.0
nshH,1,1,2,0.5
nshI,5,0,5,1.0
nshL,0,2,2,0.0
nshM,1,6,7,0.14
nshN,4,2,6,0.67
nshP,5,7,12,0.42
nshS,4,3,7,0.57
nshb,1,4,5,0.2
nshh,3,3,6,0.5
nshl,2,0,2,1.0
nshm,5,4,9,0.56
nshn,6,7,13,0.46
nshs,4,3,7,0.57
nslB,14,10,24,0.58
nslD,3,2,5,0.6
nslH,14,11,25,0.56
nslJ,4,4,8,0.5
nslK,1,0,1,1.0
nslL,7,3,10,0.7
nslM,9,20,29,0.31
nslN,17,9,26,0.65
nslP,9,16,25,0.36
nslS,11,12,23,0.48
nslb,13,9,22,0.59
nsll,2,6,8,0.25
nslm,19,14,33,0.58
nsln,12,11,23,0.52
nsls,10,7,17,0.59
nsmB,39,43,82,0.48
nsmD,7,7,14,0.5
nsmH,37,56,93,0.4
nsmI,3,6,9,0.33
nsmJ,11,7,18,0.61
nsmK,1,0,1,1.0
nsmL,12,14,26,0.46
nsmM,61,59,120,0.51
nsmN,57,63,120,0.48
nsmP,63,60,123,0.51
nsmS,36,56,92,0.39
nsmb,58,40,98,0.59
nsmh,0,0,0,
nsml,11,7,18,0.61
nsmm,50,49,99,0.51
nsmn,56,47,103,0.54
nsms,33,31,64,0.52
nsnB,36,34,70,0.51
nsnD,12,13,25,0.48
nsnH,28,36,64,0.44
nsnI,9,13,22,0.41
nsnK,3,1,4,0.75
nsnL,17,11,28,0.61
nsnM,38,46,84,0.45
nsnN,62,69,131,0.47
nsnP,56,63,119,0.47
nsnS,52,47,99,0.53
nsnb,34,26,60,0.57
nsnh,0,0,0,
nsnl,9,9,18,0.5
nsnm,49,44,93,0.53
nsnn,57,43,100,0.57
nsns,60,58,118,0.51
nsnt,0,0,0,
nssB,33,35,68,0.49
nssD,12,13,25,0.48
nssH,47,50,97,0.48
nssI,6,8,14,0.43
nssL,11,5,16,0.69
nssM,62,58,120,0.52
nssN,64,73,137,0.47
nssP,64,56,120,0.53
nssS,78,96,174,0.45
nssb,33,38,71,0.46
nssh,3,6,9,0.33
nssl,21,10,31,0.68
nssm,55,44,99,0.56
nssn,57,51,108,0.53
nsss,72,64,136,0.53
nsst,3,3,6,0.5
nstB,0,1,1,0.0
nstD,1,0,1,1.0
nstH,1,1,2,0.5
nstL,0,0,0,
nstM,1,2,3,0.33
nstN,2,0,2,1.0
nstP,1,3,4,0.25
nstS,1,2,3,0.33
nstb,1,1,2,0.5
nstn,0,0,0,
nsts,2,2,4,0.5
nstt,0,1,1,0.0
ntBB,1,1,2,0.5
ntBH,1,0,1,1.0
ntBM,0,3,3,0.0
ntBN,2,0,2,1.0
ntBP,2,0,2,1.0
ntBS,1,0,1,1.0
ntBb,0,3,3,0.0
ntBh,0,1,1,0.0
ntBm,2,1,3,0.67
ntBn,2,2,4,0.5
ntBt,0,1,1,0.0
ntDM,0,1,1,0.0
ntDP,0,0,0,
ntDS,0,1,1,0.0
ntDb,0,1,1,0.0
ntDm,0,1,1,0.0
ntDn,0,1,1,0.0
ntHB,1,1,2,0.5
ntHK,1,0,1,1.0
ntHL,0,0,0,
ntHM,1,0,1,1.0
ntHN,1,2,3,0.33
ntHP,0,1,1,0.0
ntHh,1,1,2,0.5
ntHm,3,0,3,1.0
ntHs,3,0,3,1.0
ntIN,0,1,1,0.0
ntIm,1,0,1,1.0
ntKS,1,0,1,1.0
ntLK,1,0,1,1.0
ntLM,1,0,1,1.0
ntLP,0,1,1,0.0
ntLS,0,1,1,0.0
ntLb,0,0,0,
ntLn,0,1,1,0.0
ntMB,0,1,1,0.0
ntMD,0,0,0,
ntMM,0,2,2,0.0
ntMN,2,1,3,0.67
ntMP,0,2,2,0.0
ntMb,1,3,4,0.25
ntMl,0,2,2,0.0
ntMm,1,1,2,0.5
ntMn,2,0,2,1.0
ntMs,0,0,0,
ntMt,1,0,1,1.0
ntNB,1,0,1,1.0
ntNM,1,2,3,0.33
ntNN,0,1,1,0.0
ntNP,0,2,2,0.0
ntNS,0,2,2,0.0
ntNb,1,0,1,1.0
ntNl,1,0,1,1.0
ntNm,0,2,2,0.0
ntNn,2,1,3,0.67
ntNs,0,1,1,0.0
ntPK,0,2,2,0.0
ntPL,2,0,2,1.0
ntPM,0,1,1,0.0
ntPN,2,1,3,0.67
ntPP,1,2,3,0.33
ntPS,1,0,1,1.0
ntPb,1,2,3,0.33
ntPl,0,1,1,0.0
ntPm,0,1,1,0.0
ntPn,0,1,1,0.0
ntPs,2,1,3,0.67
ntPt,0,1,1,0.0
ntSB,1,0,1,1.0
ntSH,1,0,1,1.0
ntSM,2,0,2,1.0
ntSN,0,1,1,0.0
ntSP,1,2,3,0.33
ntSS,2,2,4,0.5
ntSb,0,1,1,0.0
ntSl,0,1,1,0.0
ntSm,1,3,4,0.25
ntSn,3,1,4,0.75
ntSs,0,2,2,0.0
ntbB,1,0,1,1.0
ntbJ,0,1,1,0.0
ntbL,0,1,1,0.0
ntbM,0,2,2,0.0
ntbN,1,1,2,0.5
ntbS,2,0,2,1.0
ntbb,0,1,1,0.0
ntbl,1,0,1,1.0
ntbm,0,1,1,0.0
ntbn,0,2,2,0.0
ntbs,1,0,1,1.0
nthB,1,0,1,1.0
nthh,0,0,0,
nthm,1,0,1,1.0
ntlB,1,0,1,1.0
ntlH,1,0,1,1.0
ntlM,0,0,0,
ntlS,0,1,1,0.0
ntlm,1,0,1,1.0
ntmB,1,1,2,0.5
ntmD,1,0,1,1.0
ntmH,0,1,1,0.0
ntmI,1,1,2,0.5
ntmL,0,2,2,0.0
ntmM,6,1,7,0.86
ntmN,0,1,1,0.0
ntmP,0,1,1,0.0
ntmb,2,0,2,1.0
ntml,1,1,2,0.5
ntmm,2,1,3,0.67
ntmn,1,2,3,0.33
ntms,3,1,4,0.75
ntnB,1,0,1,1.0
ntnD,0,0,0,
ntnH,1,1,2,0.5
ntnM,0,1,1,0.0
ntnN,1,0,1,1.0
ntnP,0,1,1,0.0
ntnS,1,1,2,0.5
ntnb,1,1,2,0.5
ntnn,1,2,3,0.33
ntns,0,1,1,0.0
ntsB,0,2,2,0.0
ntsH,0,1,1,0.0
ntsI,0,0,0,
ntsM,1,1,2,0.5
ntsN,0,2,2,0.0
ntsP,0,1,1,0.0
ntsS,2,0,2,1.0
ntsb,0,0,0,
ntsh,0,1,1,0.0
ntsl,2,0,2,1.0
ntsn,2,1,3,0.67
ntss,1,0,1,1.0
nttM,0,1,1,0.0
nttb,1,0,1,1.0
nttl,0,1,1,0.0
nttn,1,0,1,1.0
sBBB,39,36,75,0.52
sBBD,4,2,6,0.67
sBBK,2,0,2,1.0
sBBL,7,12,19,0.37
sBBM,20,26,46,0.43
sBBN,23,31,54,0.43
sBBP,27,34,61,0.44
sBBS,13,13,26,0.5
sBBb,22,35,57,0.39
sBBh,2,5,7,0.29
sBBj,6,8,14,0.43
sBBl,7,9,16,0.44
sBBm,33,29,62,0.53
sBBn,34,42,76,0.45
sBBs,16,16,32,0.5
sBBt,8,5,13,0.62
sBDB,0,3,3,0.0
sBDD,1,0,1,1.0
sBDH,5,5,10,0.5
sBDI,1,1,2,0.5
sBDL,2,1,3,0.67
sBDM,5,9,14,0.36
sBDN,2,8,10,0.2
sBDP,8,4,12,0.67
sBDS,2,5,7,0.29
sBDb,3,2,5,0.6
sBDl,1,2,3,0.33
sBDm,8,5,13,0.62
sBDn,5,2,7,0.71
sBDs,5,4,9,0.56
sBHB,0,1,1,0.0
sBHN,0,1,1,0.0
sBHS,0,1,1,0.0
sBHb,1,0,1,1.0
sBHm,1,0,1,1.0
sBIM,0,1,1,0.0
sBIN,0,0,0,
sBKB,2,4,6,0.33
sBKD,0,1,1,0.0
sBKH,0,0,0,
sBKI,1,0,1,1.0
sBKL,1,1,2,0.5
sBKM,4,6,10,0.4
sBKN,3,5,8,0.38
sBKP,6,2,8,0.75
sBKS,2,4,6,0.33
sBKb,4,9,13,0.31
sBKh,6,2,8,0.75
sBKl,0,1,1,0.0
sBKm,3,4,7,0.43
sBKn,5,1,6,0.83
sBKs,5,5,10,0.5
sBKt,0,1,1,0.0
sBLB,7,10,17,0.41
sBLD,1,0,1,1.0
sBLH,0,1,1,0.0
sBLK,0,0,0,
sBLL,1,5,6,0.17
sBLM,4,8,12,0.33
sBLN,8,8,16,0.5
sBLP,11,7,18,0.61
sBLS,7,2,9,0.78
sBLb,8,13,21,0.38
sBLh,2,2,4,0.5
sBLj,3,3,6,0.5
sBLl,4,7,11,0.36
sBLm,12,12,24,0.5
sBLn,13,14,27,0.48
sBLs,5,6,11,0.45
sBLt,2,2,4,0.5
sBMB,24,36,60,0.4
sBMD,4,4,8,0.5
sBMK,1,0,1,1.0
sBML,2,7,9,0.22
sBMM,30,22,52,0.58
sBMN,36,28,64,0.56
sBMP,38,25,63,0.6
sBMS,16,12,28,0.57
sBMb,35,26,61,0.57
sBMh,10,16,26,0.38
sBMj,9,7,16,0.56
sBMl,4,12,16,0.25
sBMm,41,32,73,0.56
sBMn,38,45,83,0.46
sBMs,17,13,30,0.57
sBMt,2,5,7,0.29
sBNB,33,35,68,0.49
sBND,4,5,9,0.44
sBNH,5,5,10,0.5
sBNI,0,2,2,0.0
sBNK,4,4,8,0.5
sBNL,6,9,15,0.4
sBNM,33,36,69,0.48
sBNN,47,39,86,0.55
sBNP,34,35,69,0.49
sBNS,30,33,63,0.48
sBNb,30,21,51,0.59
sBNh,11,18,29,0.38
sBNl,10,11,21,0.48
sBNm,39,34,73,0.53
sBNn,41,59,100,0.41
sBNs,24,32,56,0.43
sBNt,4,6,10,0.4
sBPB,27,36,63,0.43
sBPD,7,7,14,0.5
sBPH,6,14,20,0.3
sBPI,10,4,14,0.71
sBPK,5,1,6,0.83
sBPL,10,9,19,0.53
sBPM,24,29,53,0.45
sBPN,34,34,68,0.5
sBPP,43,33,76,0.57
sBPS,23,16,39,0.59
sBPb,24,22,46,0.52
sBPh,3,5,8,0.38
sBPl,9,10,19,0.47
sBPm,38,24,62,0.61
sBPn,35,34,69,0.51
sBPs,28,25,53,0.53
sBPt,5,3,8,0.62
sBSB,18,24,42,0.43
sBSD,3,4,7,0.43
sBSH,9,14,23,0.39
sBSI,0,1,1,0.0
sBSK,1,1,2,0.5
sBSL,6,1,7,0.86
sBSM,25,27,52,0.48
sBSN,22,16,38,0.58
sBSP,28,21,49,0.57
sBSS,33,27,60,0.55
sBSb,15,20,35,0.43
sBSh,7,13,20,0.35
sBSl,9,6,15,0.6
sBSm,28,28,56,0.5
sBSn,21,25,46,0.46
sBSs,29,21,50,0.58
sBSt,10,7,17,0.59
sBbB,27,20,47,0.57
sBbD,3,1,4,0.75
sBbH,10,6,16,0.62
sBbI,4,6,10,0.4
sBbJ,6,11,17,0.35
sBbK,3,4,7,0.43
sBbL,4,10,14,0.29
sBbM,23,20,43,0.53
sBbN,35,33,68,0.51
sBbP,25,23,48,0.52
sBbS,15,12,27,0.56
sBbb,12,17,29,0.41
sBbl,6,6,12,0.5
sBbm,29,16,45,0.64
sBbn,25,26,51,0.49
sBbs,15,17,32,0.47
sBhB,8,1,9,0.89
sBhD,2,1,3,0.67
sBhH,1,0,1,1.0
sBhL,2,0,2,1.0
sBhM,4,2,6,0.67
sBhN,5,6,11,0.45
sBhP,2,5,7,0.29
sBhS,3,5,8,0.38
sBhb,0,4,4,0.0
sBhh,2,3,5,0.4
sBhl,2,0,2,1.0
sBhm,6,1,7,0.86
sBhn,5,4,9,0.56
sBhs,4,1,5,0.8
sBjB,10,6,16,0.62
sBjD,1,0,1,1.0
sBjH,1,1,2,0.5
sBjI,3,2,5,0.6
sBjK,0,1,1,0.0
sBjL,1,5,6,0.17
sBjM,7,8,15,0.47
sBjN,7,12,19,0.37
sBjP,5,11,16,0.31
sBjS,7,8,15,0.47
sBjb,6,6,12,0.5
sBjh,1,2,3,0.33
sBjl,2,2,4,0.5
sBjm,8,4,12,0.67
sBjn,3,8,11,0.27
sBjs,4,9,13,0.31
sBjt,1,0,1,1.0
sBlB,9,5,14,0.64
sBlD,1,0,1,1.0
sBlH,4,1,5,0.8
sBlI,0,1,1,0.0
sBlJ,2,4,6,0.33
sBlK,0,1,1,0.0
sBlL,2,1,3,0.67
sBlM,6,9,15,0.4
sBlN,14,10,24,0.58
sBlP,9,14,23,0.39
sBlS,6,8,14,0.43
sBlb,7,7,14,0.5
sBll,1,2,3,0.33
sBlm,7,8,15,0.47
sBln,10,7,17,0.59
sBls,3,9,12,0.25
sBmB,33,26,59,0.56
sBmD,10,3,13,0.77
sBmH,35,33,68,0.51
sBmI,2,6,8,0.25
sBmJ,14,7,21,0.67
sBmL,8,8,16,0.5
sBmM,36,50,86,0.42
sBmN,39,38,77,0.51
sBmP,28,34,62,0.45
sBmS,30,30,60,0.5
sBmb,25,37,62,0.4
sBmh,0,2,2,0.0
sBml,9,9,18,0.5
sBmm,41,30,71,0.58
sBmn,29,27,56,0.52
sBms,38,23,61,0.62
sBnB,30,30,60,0.5
sBnD,8,8,16,0.5
sBnH,21,27,48,0.44
sBnI,6,9,15,0.4
sBnK,2,3,5,0.4
sBnL,8,13,21,0.38
sBnM,52,45,97,0.54
sBnN,46,50,96,0.48
sBnP,43,59,102,0.42
sBnS,38,39,77,0.49
sBnb,30,21,51,0.59
sBnh,2,2,4,0.5
sBnl,18,10,28,0.64
sBnm,48,35,83,0.58
sBnn,37,45,82,0.45
sBns,38,40,78,0.49
sBnt,0,1,1,0.0
sBsB,18,17,35,0.51
sBsD,5,2,7,0.71
sBsH,17,20,37,0.46
sBsI,4,2,6,0.67
sBsL,4,7,11,0.36
sBsM,26,23,49,0.53
sBsN,26,20,46,0.57
sBsP,22,26,48,0.46
sBsS,27,31,58,0.47
sBsb,13,9,22,0.59
sBsh,0,1,1,0.0
sBsl,7,8,15,0.47
sBsm,15,25,40,0.38
sBsn,22,22,44,0.5
sBss,20,25,45,0.44
sBst,0,1,1,0.0
sBtB,1,4,5,0.2
sBtD,0,1,1,0.0
sBtH,1,6,7,0.14
sBtI,0,1,1,0.0
sBtK,1,0,1,1.0
sBtL,0,2,2,0.0
sBtM,9,9,18,0.5
sBtN,6,2,8,0.75
sBtP,4,7,11,0.36
sBtS,9,7,16,0.56
sBtb,2,4,6,0.33
sBth,1,1,2,0.5
sBtl,1,3,4,0.25
sBtm,4,3,7,0.57
sBtn,3,8,11,0.27
sBts,4,0,4,1.0
sBtt,3,2,5,0.6
sDBB,3,10,13,0.23
sDBD,2,2,4,0.5
sDBK,0,2,2,0.0
sDBL,1,1,2,0.5
sDBM,3,8,11,0.27
sDBN,4,5,9,0.44
sDBP,6,14,20,0.3
sDBS,2,7,9,0.22
sDBb,4,9,13,0.31
sDBh,1,1,2,0.5
sDBj,2,1,3,0.67
sDBl,0,2,2,0.0
sDBm,7,5,12,0.58
sDBn,9,4,13,0.69
sDBs,1,1,2,0.5
sDBt,0,0,0,
sDDB,1,4,5,0.2
sDDD,1,0,1,1.0
sDDH,7,1,8,0.88
sDDI,1,0,1,1.0
sDDL,1,0,1,1.0
sDDM,7,3,10,0.7
sDDN,2,3,5,0.4
sDDP,3,1,4,0.75
sDDS,2,3,5,0.4
sDDb,0,1,1,0.0
sDDl,0,1,1,0.0
sDDm,2,3,5,0.4
sDDn,2,2,4,0.5
sDDs,3,4,7,0.43
sDDt,0,0,0,
sDHB,4,6,10,0.4
sDHD,1,0,1,1.0
sDHH,1,1,2,0.5
sDHI,0,1,1,0.0
sDHL,3,4,7,0.43
sDHM,5,7,12,0.42
sDHN,11,5,16,0.69
sDHP,11,5,16,0.69
sDHS,8,9,17,0.47
sDHb,3,5,8,0.38
sDHh,0,4,4,0.0
sDHl,4,1,5,0.8
sDHm,12,12,24,0.5
sDHn,9,14,23,0.39
sDHs,6,8,14,0.43
sDHt,0,3,3,0.0
sDIB,0,2,2,0.0
sDIH,0,2,2,0.0
sDIL,0,1,1,0.0
sDIM,3,0,3,1.0
sDIN,2,1,3,0.67
sDIP,1,0,1,1.0
sDIS,1,1,2,0.5
sDIm,1,1,2,0.5
sDIn,0,0,0,
sDIs,5,2,7,0.71
sDKN,1,0,1,1.0
sDKP,0,2,2,0.0
sDKl,0,1,1,0.0
sDKm,1,0,1,1.0
sDLB,4,1,5,0.8
sDLD,2,0,2,1.0
sDLL,1,1,2,0.5
sDLM,5,1,6,0.83
sDLN,2,1,3,0.67
sDLP,3,2,5,0.6
sDLS,1,1,2,0.5
sDLb,3,0,3,1.0
sDLh,0,1,1,0.0
sDLl,1,1,2,0.5
sDLm,3,3,6,0.5
sDLn,1,5,6,0.17
sDLs,2,1,3,0.67
sDMB,9,7,16,0.56
sDMD,1,3,4,0.25
sDML,2,2,4,0.5
sDMM,10,18,28,0.36
sDMN,12,11,23,0.52
sDMP,12,5,17,0.71
sDMS,4,10,14,0.29
sDMb,1,7,8,0.12
sDMh,6,8,14,0.43
sDMj,2,0,2,1.0
sDMl,3,3,6,0.5
sDMm,16,9,25,0.64
sDMn,12,21,33,0.36
sDMs,6,6,12,0.5
sDMt,2,4,6,0.33
sDNB,3,3,6,0.5
sDND,2,1,3,0.67
sDNH,0,3,3,0.0
sDNI,1,0,1,1.0
sDNK,3,3,6,0.5
sDNL,4,1,5,0.8
sDNM,7,14,21,0.33
sDNN,5,6,11,0.45
sDNP,6,12,18,0.33
sDNS,13,7,20,0.65
sDNb,8,3,11,0.73
sDNh,3,3,6,0.5
sDNl,0,2,2,0.0
sDNm,17,13,30,0.57
sDNn,7,9,16,0.44
sDNs,7,7,14,0.5
sDNt,2,1,3,0.67
sDPB,8,8,16,0.5
sDPD,1,1,2,0.5
sDPH,6,2,8,0.75
sDPI,2,1,3,0.67
sDPK,2,1,3,0.67
sDPL,2,3,5,0.4
sDPM,8,9,17,0.47
sDPN,3,6,9,0.33
sDPP,4,9,13,0.31
sDPS,9,15,24,0.38
sDPb,6,6,12,0.5
sDPh,0,1,1,0.0
sDPl,6,2,8,0.75
sDPm,9,4,13,0.69
sDPn,8,9,17,0.47
sDPs,5,4,9,0.56
sDPt,3,1,4,0.75
sDSB,5,9,14,0.36
sDSD,3,2,5,0.6
sDSH,1,1,2,0.5
sDSI,1,0,1,1.0
sDSK,1,2,3,0.33
sDSL,3,4,7,0.43
sDSM,18,13,31,0.58
sDSN,11,12,23,0.48
sDSP,14,8,22,0.64
sDSS,23,21,44,0.52
sDSb,8,13,21,0.38
sDSh,8,5,13,0.62
sDSl,1,1,2,0.5
sDSm,12,15,27,0.44
sDSn,14,17,31,0.45
sDSs,17,14,31,0.55
sDSt,0,0,0,
sDbB,9,10,19,0.47
sDbD,2,1,3,0.67
sDbH,2,1,3,0.67
sDbI,1,1,2,0.5
sDbJ,1,2,3,0.33
sDbK,3,0,3,1.0
sDbL,7,1,8,0.88
sDbM,6,9,15,0.4
sDbN,8,5,13,0.62
sDbP,8,6,14,0.57
sDbS,3,9,12,0.25
sDbb,9,6,15,0.6
sDbl,2,1,3,0.67
sDbm,7,9,16,0.44
sDbn,8,5,13,0.62
sDbs,1,5,6,0.17
sDhH,0,1,1,0.0
sDhL,0,1,1,0.0
sDhM,0,2,2,0.0
sDhN,0,2,2,0.0
sDhS,0,1,1,0.0
sDhl,1,0,1,1.0
sDhm,1,0,1,1.0
sDhn,2,1,3,0.67
sDhs,0,1,1,0.0
sDlB,0,1,1,0.0
sDlD,0,1,1,0.0
sDlJ,1,1,2,0.5
sDlL,0,3,3,0.0
sDlM,7,3,10,0.7
sDlN,2,2,4,0.5
sDlP,3,2,5,0.6
sDlS,1,3,4,0.25
sDlb,2,1,3,0.67
sDll,3,2,5,0.6
sDlm,2,3,5,0.4
sDln,3,2,5,0.6
sDls,1,2,3,0.33
sDmB,9,6,15,0.6
sDmD,2,2,4,0.5
sDmH,8,10,18,0.44
sDmI,1,1,2,0.5
sDmJ,2,2,4,0.5
sDmL,1,4,5,0.2
sDmM,6,12,18,0.33
sDmN,7,18,25,0.28
sDmP,13,6,19,0.68
sDmS,6,10,16,0.38
sDmb,9,10,19,0.47
sDmh,0,1,1,0.0
sDml,5,2,7,0.71
sDmm,10,10,20,0.5
sDmn,12,7,19,0.63
sDms,5,5,10,0.5
sDnB,3,1,4,0.75
sDnD,2,0,2,1.0
sDnH,4,6,10,0.4
sDnI,2,5,7,0.29
sDnK,1,0,1,1.0
sDnL,0,2,2,0.0
sDnM,6,12,18,0.33
sDnN,10,13,23,0.43
sDnP,8,8,16,0.5
sDnS,14,13,27,0.52
sDnb,5,6,11,0.45
sDnl,4,3,7,0.57
sDnm,7,5,12,0.58
sDnn,9,13,22,0.41
sDns,8,7,15,0.53
sDnt,2,0,2,1.0
sDsB,7,4,11,0.64
sDsD,3,3,6,0.5
sDsH,18,7,25,0.72
sDsI,1,2,3,0.33
sDsK,0,2,2,0.0
sDsL,2,2,4,0.5
sDsM,15,16,31,0.48
sDsN,10,4,14,0.71
sDsP,14,11,25,0.56
sDsS,22,18,40,0.55
sDsb,11,6,17,0.65
sDsh,1,0,1,1.0
sDsl,4,4,8,0.5
sDsm,11,12,23,0.48
sDsn,11,4,15,0.73
sDss,14,4,18,0.78
sDtB,1,1,2,0.5
sDtD,0,1,1,0.0
sDtH,3,0,3,1.0
sDtK,0,1,1,0.0
sDtL,0,1,1,0.0
sDtM,2,3,5,0.4
sDtN,1,1,2,0.5
sDtP,0,2,2,0.0
sDtS,1,0,1,1.0
sDtb,1,1,2,0.5
sDtm,3,1,4,0.75
sDtn,2,0,2,1.0
sDts,1,2,3,0.33
sHBB,20,33,53,0.38
sHBD,6,4,10,0.6
sHBI,0,1,1,0.0
sHBK,5,0,5,1.0
sHBL,9,3,12,0.75
sHBM,27,32,59,0.46
sHBN,42,34,76,0.55
sHBP,34,32,66,0.52
sHBS,17,21,38,0.45
sHBb,25,18,43,0.58
sHBh,3,6,9,0.33
sHBj,5,7,12,0.42
sHBl,11,3,14,0.79
sHBm,37,35,72,0.51
sHBn,40,38,78,0.51
sHBs,24,22,46,0.52
sHBt,5,6,11,0.45
sHDB,6,2,8,0.75
sHDD,3,1,4,0.75
sHDH,6,13,19,0.32
sHDI,1,3,4,0.25
sHDL,1,3,4,0.25
sHDM,10,7,17,0.59
sHDN,8,4,12,0.67
sHDP,6,9,15,0.4
sHDS,12,7,19,0.63
sHDb,6,3,9,0.67
sHDl,1,4,5,0.2
sHDm,7,4,11,0.64
sHDn,4,6,10,0.4
sHDs,12,7,19,0.63
sHDt,3,1,4,0.75
sHHB,10,7,17,0.59
sHHD,2,0,2,1.0
sHHH,6,5,11,0.55
sHHI,1,2,3,0.33
sHHK,5,5,10,0.5
sHHL,2,2,4,0.5
sHHM,11,12,23,0.48
sHHN,11,4,15,0.73
sHHP,9,13,22,0.41
sHHS,21,14,35,0.6
sHHb,8,8,16,0.5
sHHh,5,11,16,0.31
sHHl,6,3,9,0.67
sHHm,19,8,27,0.7
sHHn,5,9,14,0.36
sHHs,26,28,54,0.48
sHHt,1,3,4,0.25
sHIB,2,3,5,0.4
sHID,0,0,0,
sHIH,7,5,12,0.58
sHII,1,1,2,0.5
sHIL,4,4,8,0.5
sHIM,6,8,14,0.43
sHIN,4,8,12,0.33
sHIP,3,4,7,0.43
sHIS,7,7,14,0.5
sHIb,8,6,14,0.57
sHIl,4,4,8,0.5
sHIm,15,8,23,0.65
sHIn,3,5,8,0.38
sHIs,6,7,13,0.46
sHKB,1,1,2,0.5
sHKD,1,0,1,1.0
sHKH,2,1,3,0.67
sHKI,0,0,0,
sHKL,2,3,5,0.4
sHKM,4,3,7,0.57
sHKN,2,4,6,0.33
sHKP,1,1,2,0.5
sHKS,2,3,5,0.4
sHKb,2,5,7,0.29
sHKh,1,2,3,0.33
sHKl,2,3,5,0.4
sHKm,3,5,8,0.38
sHKn,4,3,7,0.57
sHKs,6,5,11,0.55
sHKt,2,0,2,1.0
sHLB,5,9,14,0.36
sHLD,1,3,4,0.25
sHLK,1,2,3,0.33
sHLL,4,7,11,0.36
sHLM,11,13,24,0.46
sHLN,18,12,30,0.6
sHLP,11,9,20,0.55
sHLS,7,8,15,0.47
sHLb,12,8,20,0.6
sHLh,3,7,10,0.3
sHLj,3,4,7,0.43
sHLl,2,4,6,0.33
sHLm,17,8,25,0.68
sHLn,15,20,35,0.43
sHLs,12,12,24,0.5
sHLt,2,2,4,0.5
sHMB,44,46,90,0.49
sHMD,4,2,6,0.67
sHMK,1,1,2,0.5
sHML,10,21,31,0.32
sHMM,50,61,111,0.45
sHMN,42,46,88,0.48
sHMP,52,47,99,0.53
sHMS,37,45,82,0.45
sHMb,32,42,74,0.43
sHMh,41,38,79,0.52
sHMj,11,6,17,0.65
sHMl,12,17,29,0.41
sHMm,75,62,137,0.55
sHMn,48,60,108,0.44
sHMs,58,36,94,0.62
sHMt,7,7,14,0.5
sHNB,39,37,76,0.51
sHND,7,6,13,0.54
sHNH,7,10,17,0.41
sHNI,1,2,3,0.33
sHNK,5,11,16,0.31
sHNL,13,9,22,0.59
sHNM,52,45,97,0.54
sHNN,50,50,100,0.5
sHNP,56,46,102,0.55
sHNS,61,61,122,0.5
sHNb,20,29,49,0.41
sHNh,12,14,26,0.46
sHNl,8,17,25,0.32
sHNm,41,44,85,0.48
sHNn,56,48,104,0.54
sHNs,41,48,89,0.46
sHNt,4,9,13,0.31
sHPB,28,35,63,0.44
sHPD,3,3,6,0.5
sHPH,14,25,39,0.36
sHPI,10,3,13,0.77
sHPK,5,5,10,0.5
sHPL,18,17,35,0.51
sHPM,47,43,90,0.52
sHPN,39,52,91,0.43
sHPP,62,41,103,0.6
sHPS,44,56,100,0.44
sHPb,39,23,62,0.63
sHPh,3,7,10,0.3
sHPl,13,21,34,0.38
sHPm,64,46,110,0.58
sHPn,36,53,89,0.4
sHPs,45,45,90,0.5
sHPt,5,5,10,0.5
sHSB,42,33,75,0.56
sHSD,10,9,19,0.53
sHSH,31,27,58,0.53
sHSI,2,2,4,0.5
sHSK,2,2,4,0.5
sHSL,18,21,39,0.46
sHSM,69,62,131,0.53
sHSN,45,36,81,0.56
sHSP,51,43,94,0.54
sHSS,99,111,210,0.47
sHSb,22,27,49,0.45
sHSh,27,41,68,0.4
sHSl,14,13,27,0.52
sHSm,46,56,102,0.45
sHSn,52,61,113,0.46
sHSs,92,75,167,0.55
sHSt,15,8,23,0.65
sHbB,25,27,52,0.48
sHbD,4,1,5,0.8
sHbH,11,8,19,0.58
sHbI,4,5,9,0.44
sHbJ,11,7,18,0.61
sHbK,5,4,9,0.56
sHbL,6,7,13,0.46
sHbM,33,37,70,0.47
sHbN,44,29,73,0.6
sHbP,28,37,65,0.43
sHbS,27,17,44,0.61
sHbb,35,25,60,0.58
sHbl,11,10,21,0.52
sHbm,34,24,58,0.59
sHbn,33,35,68,0.49
sHbs,23,18,41,0.56
sHbt,0,1,1,0.0
sHhB,21,15,36,0.58
sHhD,2,1,3,0.67
sHhH,6,9,15,0.4
sHhI,3,1,4,0.75
sHhK,0,1,1,0.0
sHhL,8,6,14,0.57
sHhM,28,29,57,0.49
sHhN,16,21,37,0.43
sHhP,32,17,49,0.65
sHhS,38,32,70,0.54
sHhb,16,12,28,0.57
sHhh,16,21,37,0.43
sHhl,7,16,23,0.3
sHhm,25,30,55,0.45
sHhn,26,22,48,0.54
sHhs,29,29,58,0.5
sHht,5,1,6,0.83
sHlB,12,10,22,0.55
sHlD,4,3,7,0.57
sHlH,13,6,19,0.68
sHlI,4,1,5,0.8
sHlJ,4,1,5,0.8
sHlK,1,2,3,0.33
sHlL,4,2,6,0.67
sHlM,17,21,38,0.45
sHlN,9,16,25,0.36
sHlP,16,14,30,0.53
sHlS,12,11,23,0.52
sHlb,17,6,23,0.74
sHll,4,6,10,0.4
sHlm,14,12,26,0.54
sHln,13,11,24,0.54
sHls,7,9,16,0.44
sHmB,27,40,67,0.4
sHmD,12,9,21,0.57
sHmH,43,45,88,0.49
sHmI,4,6,10,0.4
sHmJ,18,9,27,0.67
sHmK,0,3,3,0.0
sHmL,12,16,28,0.43
sHmM,60,60,120,0.5
sHmN,65,69,134,0.49
sHmP,49,46,95,0.52
sHmS,30,50,80,0.38
sHmb,51,42,93,0.55
sHmh,0,1,1,0.0
sHml,14,8,22,0.64
sHmm,35,47,82,0.43
sHmn,43,39,82,0.52
sHms,33,36,69,0.48
sHnB,24,26,50,0.48
sHnD,6,10,16,0.38
sHnH,29,19,48,0.6
sHnI,6,6,12,0.5
sHnK,4,6,10,0.4
sHnL,17,16,33,0.52
sHnM,43,42,85,0.51
sHnN,60,49,109,0.55
sHnP,53,44,97,0.55
sHnS,45,53,98,0.46
sHnb,32,45,77,0.42
sHnh,1,5,6,0.17
sHnl,10,14,24,0.42
sHnm,45,42,87,0.52
sHnn,49,41,90,0.54
sHns,46,41,87,0.53
sHnt,1,0,1,1.0
sHsB,35,35,70,0.5
sHsD,12,11,23,0.52
sHsH,52,55,107,0.49
sHsI,9,6,15,0.6
sHsK,1,1,2,0.5
sHsL,18,19,37,0.49
sHsM,58,63,121,0.48
sHsN,63,59,122,0.52
sHsP,48,57,105,0.46
sHsS,107,97,204,0.52
sHsb,41,38,79,0.52
sHsh,2,5,7,0.29
sHsl,11,16,27,0.41
sHsm,51,41,92,0.55
sHsn,54,48,102,0.53
sHss,80,79,159,0.5
sHst,1,2,3,0.33
sHtB,1,3,4,0.25
sHtD,1,0,1,1.0
sHtH,8,3,11,0.73
sHtL,0,3,3,0.0
sHtM,4,8,12,0.33
sHtN,5,5,10,0.5
sHtP,3,5,8,0.38
sHtS,4,6,10,0.4
sHtb,0,5,5,0.0
sHtl,2,1,3,0.67
sHtm,4,9,13,0.31
sHtn,6,7,13,0.46
sHts,14,6,20,0.7
sHtt,3,0,3,1.0
sIBB,3,6,9,0.33
sIBD,0,1,1,0.0
sIBK,0,1,1,0.0
sIBL,1,1,2,0.5
sIBM,5,10,15,0.33
sIBN,4,6,10,0.4
sIBP,7,9,16,0.44
sIBS,3,7,10,0.3
sIBb,6,10,16,0.38
sIBh,2,0,2,1.0
sIBj,1,3,4,0.25
sIBm,8,7,15,0.53
sIBn,9,6,15,0.6
sIBs,6,5,11,0.55
sIBt,1,1,2,0.5
sIDB,0,2,2,0.0
sIDD,0,1,1,0.0
sIDH,2,2,4,0.5
sIDM,2,2,4,0.5
sIDN,0,2,2,0.0
sIDP,2,1,3,0.67
sIDS,0,0,0,
sIDb,0,1,1,0.0
sIDl,0,0,0,
sIDm,1,2,3,0.33
sIDn,0,3,3,0.0
sIDs,0,1,1,0.0
sIHB,7,9,16,0.44
sIHH,2,3,5,0.4
sIHI,1,0,1,1.0
sIHL,2,3,5,0.4
sIHM,5,9,14,0.36
sIHN,6,7,13,0.46
sIHP,9,9,18,0.5
sIHS,9,6,15,0.6
sIHb,3,5,8,0.38
sIHh,2,2,4,0.5
sIHl,0,2,2,0.0
sIHm,10,8,18,0.56
sIHn,8,7,15,0.53
sIHs,12,8,20,0.6
sIHt,2,0,2,1.0
sIIB,1,1,2,0.5
sIID,1,0,1,1.0
sIIH,1,2,3,0.33
sIIL,1,0,1,1.0
sIIM,1,0,1,1.0
sIIN,2,2,4,0.5
sIIP,1,1,2,0.5
sIIS,2,2,4,0.5
sIIb,3,1,4,0.75
sIIh,1,0,1,1.0
sIIl,1,0,1,1.0
sIIm,2,2,4,0.5
sIIn,0,1,1,0.0
sIIs,0,1,1,0.0
sIIt,0,1,1,0.0
sIKB,0,1,1,0.0
sIKN,1,0,1,1.0
sIKP,0,1,1,0.0
sIKS,0,1,1,0.0
sIKm,1,0,1,1.0
sIKn,1,0,1,1.0
sILB,4,2,6,0.67
sILD,0,0,0,
sILK,1,0,1,1.0
sILL,1,2,3,0.33
sILM,3,1,4,0.75
sILN,3,3,6,0.5
sILP,1,5,6,0.17
sILS,3,2,5,0.6
sILb,2,1,3,0.67
sILh,2,1,3,0.67
sILl,0,2,2,0.0
sILm,4,2,6,0.67
sILn,5,2,7,0.71
sILs,1,4,5,0.2
sILt,1,0,1,1.0
sIMB,9,9,18,0.5
sIMD,0,2,2,0.0
sIMH,1,0,1,1.0
sIMK,1,0,1,1.0
sIML,1,1,2,0.5
sIMM,9,7,16,0.56
sIMN,7,10,17,0.41
sIMP,10,8,18,0.56
sIMS,5,7,12,0.42
sIMb,7,12,19,0.37
sIMh,7,9,16,0.44
sIMj,0,2,2,0.0
sIMl,3,5,8,0.38
sIMm,16,8,24,0.67
sIMn,12,13,25,0.48
sIMs,10,5,15,0.67
sIMt,4,2,6,0.67
sINB,6,10,16,0.38
sIND,1,1,2,0.5
sINH,1,0,1,1.0
sINI,1,0,1,1.0
sINK,1,0,1,1.0
sINL,2,3,5,0.4
sINM,15,10,25,0.6
sINN,10,11,21,0.48
sINP,10,10,20,0.5
sINS,9,11,20,0.45
sINb,5,3,8,0.62
sINh,1,2,3,0.33
sINl,1,2,3,0.33
sINm,8,6,14,0.57
sINn,12,11,23,0.52
sINs,8,11,19,0.42
sINt,2,0,2,1.0
sIPB,4,11,15,0.27
sIPD,3,0,3,1.0
sIPH,0,5,5,0.0
sIPI,0,0,0,
sIPK,2,0,2,1.0
sIPL,1,4,5,0.2
sIPM,8,14,22,0.36
sIPN,8,10,18,0.44
sIPP,6,7,13,0.46
sIPS,8,10,18,0.44
sIPb,6,8,14,0.43
sIPh,1,1,2,0.5
sIPl,5,7,12,0.42
sIPm,16,11,27,0.59
sIPn,9,8,17,0.53
sIPs,7,9,16,0.44
sIPt,2,0,2,1.0
sISB,5,7,12,0.42
sISD,2,5,7,0.29
sISH,3,7,10,0.3
sISI,1,0,1,1.0
sISL,3,2,5,0.6
sISM,12,11,23,0.52
sISN,10,9,19,0.53
sISP,11,15,26,0.42
sISS,8,20,28,0.29
sISb,6,5,11,0.55
sISh,7,3,10,0.7
sISl,1,3,4,0.25
sISm,9,6,15,0.6
sISn,8,6,14,0.57
sISs,17,17,34,0.5
sISt,3,2,5,0.6
sIbB,6,8,14,0.43
sIbD,0,2,2,0.0
sIbH,2,0,2,1.0
sIbJ,5,1,6,0.83
sIbK,0,2,2,0.0
sIbL,2,3,5,0.4
sIbM,4,13,17,0.24
sIbN,7,16,23,0.3
sIbP,2,8,10,0.2
sIbS,4,6,10,0.4
sIbb,7,5,12,0.58
sIbl,2,3,5,0.4
sIbm,14,14,28,0.5
sIbn,4,6,10,0.4
sIbs,8,3,11,0.73
sIhB,1,1,2,0.5
sIhI,1,0,1,1.0
sIhM,0,1,1,0.0
sIhN,0,2,2,0.0
sIhP,0,1,1,0.0
sIhl,0,0,0,
sIhn,2,1,3,0.67
sIhs,1,0,1,1.0
sIlB,1,4,5,0.2
sIlH,1,1,2,0.5
sIlI,0,0,0,
sIlJ,1,3,4,0.25
sIlK,0,1,1,0.0
sIlL,2,3,5,0.4
sIlM,3,4,7,0.43
sIlN,3,2,5,0.6
sIlP,1,5,6,0.17
sIlS,0,4,4,0.0
sIlb,1,5,6,0.17
sIlh,0,1,1,0.0
sIll,2,2,4,0.5
sIlm,3,1,4,0.75
sIln,2,1,3,0.67
sIls,2,2,4,0.5
sImB,7,4,11,0.64
sImD,3,1,4,0.75
sImH,8,13,21,0.38
sImI,1,1,2,0.5
sImJ,3,4,7,0.43
sImL,3,2,5,0.6
sImM,14,17,31,0.45
sImN,6,8,14,0.43
sImP,12,13,25,0.48
sImS,6,5,11,0.55
sImb,9,10,19,0.47
sIml,1,5,6,0.17
sImm,7,9,16,0.44
sImn,7,1,8,0.88
sIms,6,5,11,0.55
sInB,5,5,10,0.5
sInD,2,1,3,0.67
sInH,3,3,6,0.5
sInI,1,5,6,0.17
sInK,0,1,1,0.0
sInL,2,1,3,0.67
sInM,11,9,20,0.55
sInN,10,9,19,0.53
sInP,4,11,15,0.27
sInS,5,7,12,0.42
sInb,9,9,18,0.5
sInh,2,0,2,1.0
sInl,1,5,6,0.17
sInm,8,7,15,0.53
sInn,13,5,18,0.72
sIns,6,12,18,0.33
sIsB,7,4,11,0.64
sIsD,3,0,3,1.0
sIsH,8,10,18,0.44
sIsI,1,0,1,1.0
sIsK,0,0,0,
sIsL,0,2,2,0.0
sIsM,11,13,24,0.46
sIsN,6,11,17,0.35
sIsP,8,10,18,0.44
sIsS,8,13,21,0.38
sIsb,9,4,13,0.69
sIsh,3,1,4,0.75
sIsl,0,1,1,0.0
sIsm,5,10,15,0.33
sIsn,3,2,5,0.6
sIss,10,15,25,0.4
sIst,0,2,2,0.0
sItB,0,1,1,0.0
sItL,0,1,1,0.0
sItM,1,2,3,0.33
sItN,1,1,2,0.5
sItP,2,1,3,0.67
sItS,0,3,3,0.0
sItb,1,0,1,1.0
sItn,0,1,1,0.0
sIts,1,2,3,0.33
sKBB,1,0,1,1.0
sKBL,1,0,1,1.0
sKBM,2,0,2,1.0
sKBN,2,0,2,1.0
sKBP,2,0,2,1.0
sKBb,0,2,2,0.0
sKBl,1,0,1,1.0
sKBm,1,0,1,1.0
sKBn,0,2,2,0.0
sKDM,0,0,0,
sKHB,0,1,1,0.0
sKHN,0,1,1,0.0
sKHs,0,1,1,0.0
sKIP,1,1,2,0.5
sKIh,0,1,1,0.0
sKIn,1,0,1,1.0
sKLB,1,0,1,1.0
sKLM,0,1,1,0.0
sKLj,1,0,1,1.0
sKLl,1,0,1,1.0
sKLm,1,0,1,1.0
sKLs,1,0,1,1.0
sKMB,0,2,2,0.0
sKMM,4,1,5,0.8
sKMN,1,0,1,1.0
sKMP,0,0,0,
sKMb,0,2,2,0.0
sKMh,0,1,1,0.0
sKMl,1,2,3,0.33
sKMm,0,1,1,0.0
sKMn,2,2,4,0.5
sKMs,1,0,1,1.0
sKMt,0,1,1,0.0
sKNB,2,1,3,0.67
sKNH,1,0,1,1.0
sKNL,1,1,2,0.5
sKNM,3,2,5,0.6
sKNN,0,2,2,0.0
sKNP,0,1,1,0.0
sKNS,0,1,1,0.0
sKNb,1,0,1,1.0
sKNh,1,0,1,1.0
sKNm,2,0,2,1.0
sKNn,1,0,1,1.0
sKNs,0,1,1,0.0
sKPB,0,2,2,0.0
sKPH,0,0,0,
sKPL,1,0,1,1.0
sKPM,0,0,0,
sKPN,3,1,4,0.75
sKPP,1,2,3,0.33
sKPS,1,1,2,0.5
sKPb,1,0,1,1.0
sKPl,1,2,3,0.33
sKPm,1,0,1,1.0
sKPn,2,2,4,0.5
sKPs,2,2,4,0.5
sKPt,1,0,1,1.0
sKSB,0,2,2,0.0
sKSD,2,0,2,1.0
sKSM,1,3,4,0.25
sKSN,0,1,1,0.0
sKSP,0,1,1,0.0
sKSS,1,2,3,0.33
sKSb,0,1,1,0.0
sKSh,1,0,1,1.0
sKSm,0,1,1,0.0
sKSn,0,1,1,0.0
sKSs,1,3,4,0.25
sKbH,0,1,1,0.0
sKbJ,0,1,1,0.0
sKbL,1,0,1,1.0
sKbM,0,1,1,0.0
sKbP,1,1,2,0.5
sKbS,0,0,0,
sKbb,1,2,3,0.33
sKbl,1,1,2,0.5
sKbm,1,1,2,0.5
sKbn,1,0,1,1.0
sKbs,1,0,1,1.0
sKhH,0,1,1,0.0
sKhM,0,3,3,0.0
sKhN,0,0,0,
sKhP,1,1,2,0.5
sKhS,1,0,1,1.0
sKhh,0,0,0,
sKhm,0,2,2,0.0
sKhn,0,1,1,0.0
sKhs,1,2,3,0.33
sKlI,0,1,1,0.0
sKlP,0,1,1,0.0
sKlS,2,0,2,1.0
sKlb,0,2,2,0.0
sKll,1,0,1,1.0
sKlm,1,0,1,1.0
sKln,1,0,1,1.0
sKmH,1,2,3,0.33
sKmJ,1,0,1,1.0
sKmL,0,1,1,0.0
sKmM,1,2,3,0.33
sKmN,1,1,2,0.5
sKmP,0,1,1,0.0
sKmS,1,0,1,1.0
sKmb,0,4,4,0.0
sKmm,1,3,4,0.25
sKmn,2,1,3,0.67
sKms,0,1,1,0.0
sKnB,1,0,1,1.0
sKnH,0,1,1,0.0
sKnL,2,0,2,1.0
sKnM,1,1,2,0.5
sKnN,1,2,3,0.33
sKnP,1,1,2,0.5
sKnS,2,0,2,1.0
sKnb,1,1,2,0.5
sKnm,2,1,3,0.67
sKnn,1,0,1,1.0
sKns,0,1,1,0.0
sKsD,1,0,1,1.0
sKsH,1,3,4,0.25
sKsM,0,1,1,0.0
sKsN,1,0,1,1.0
sKsP,0,2,2,0.0
sKsS,1,1,2,0.5
sKss,3,2,5,0.6
sKtL,0,0,0,
sKtM,1,0,1,1.0
sKtN,0,1,1,0.0
sKtb,1,0,1,1.0
sKtn,0,1,1,0.0
sKts,0,1,1,0.0
sLBB,12,18,30,0.4
sLBD,1,2,3,0.33
sLBK,2,1,3,0.67
sLBL,5,4,9,0.56
sLBM,11,14,25,0.44
sLBN,10,16,26,0.38
sLBP,8,18,26,0.31
sLBS,2,8,10,0.2
sLBb,12,11,23,0.52
sLBh,0,2,2,0.0
sLBj,4,1,5,0.8
sLBl,5,7,12,0.42
sLBm,16,12,28,0.57
sLBn,18,12,30,0.6
sLBs,5,8,13,0.38
sLBt,1,3,4,0.25
sLDB,0,1,1,0.0
sLDH,1,1,2,0.5
sLDL,0,3,3,0.0
sLDM,1,3,4,0.25
sLDN,3,2,5,0.6
sLDP,4,0,4,1.0
sLDS,2,2,4,0.5
sLDb,1,0,1,1.0
sLDl,3,0,3,1.0
sLDm,2,1,3,0.67
sLDn,2,1,3,0.67
sLDs,2,3,5,0.4
sLDt,0,0,0,
sLHI,0,1,1,0.0
sLHL,1,0,1,1.0
sLHM,1,0,1,1.0
sLHS,0,1,1,0.0
sLHm,0,1,1,0.0
sLKB,2,3,5,0.4
sLKH,1,1,2,0.5
sLKM,1,0,1,1.0
sLKP,1,1,2,0.5
sLKS,1,1,2,0.5
sLKb,0,1,1,0.0
sLKh,2,0,2,1.0
sLKm,0,2,2,0.0
sLKn,1,0,1,1.0
sLLB,7,4,11,0.64
sLLD,1,3,4,0.25
sLLH,1,0,1,1.0
sLLK,0,1,1,0.0
sLLL,2,0,2,1.0
sLLM,4,4,8,0.5
sLLN,6,8,14,0.43
sLLP,3,6,9,0.33
sLLS,1,6,7,0.14
sLLb,5,8,13,0.38
sLLh,2,3,5,0.4
sLLj,0,1,1,0.0
sLLl,3,1,4,0.75
sLLm,4,6,10,0.4
sLLn,6,6,12,0.5
sLLs,3,3,6,0.5
sLLt,0,1,1,0.0
sLMB,10,18,28,0.36
sLMD,0,3,3,0.0
sLML,3,1,4,0.75
sLMM,21,13,34,0.62
sLMN,10,16,26,0.38
sLMP,20,15,35,0.57
sLMS,8,12,20,0.4
sLMb,15,12,27,0.56
sLMh,8,6,14,0.57
sLMj,0,3,3,0.0
sLMl,3,4,7,0.43
sLMm,25,14,39,0.64
sLMn,28,21,49,0.57
sLMs,13,8,21,0.62
sLMt,2,2,4,0.5
sLNB,13,15,28,0.46
sLND,2,1,3,0.67
sLNH,2,4,6,0.33
sLNI,1,1,2,0.5
sLNK,0,3,3,0.0
sLNL,3,4,7,0.43
sLNM,5,10,15,0.33
sLNN,12,11,23,0.52
sLNP,14,19,33,0.42
sLNS,13,11,24,0.54
sLNb,9,11,20,0.45
sLNh,4,2,6,0.67
sLNl,0,7,7,0.0
sLNm,11,12,23,0.48
sLNn,15,15,30,0.5
sLNs,17,10,27,0.63
sLNt,2,2,4,0.5
sLPB,13,9,22,0.59
sLPD,2,0,2,1.0
sLPH,2,2,4,0.5
sLPI,2,2,4,0.5
sLPK,2,0,2,1.0
sLPL,8,5,13,0.62
sLPM,16,18,34,0.47
sLPN,12,10,22,0.55
sLPP,20,15,35,0.57
sLPS,7,15,22,0.32
sLPb,16,14,30,0.53
sLPh,1,2,3,0.33
sLPl,5,2,7,0.71
sLPm,13,13,26,0.5
sLPn,18,13,31,0.58
sLPs,10,11,21,0.48
sLPt,1,1,2,0.5
sLSB,8,15,23,0.35
sLSH,4,2,6,0.67
sLSI,0,2,2,0.0
sLSK,0,1,1,0.0
sLSL,2,6,8,0.25
sLSM,10,22,32,0.31
sLSN,8,8,16,0.5
sLSP,12,11,23,0.52
sLSS,19,10,29,0.66
sLSb,7,7,14,0.5
sLSh,5,2,7,0.71
sLSl,4,7,11,0.36
sLSm,17,10,27,0.63
sLSn,10,14,24,0.42
sLSs,13,12,25,0.52
sLSt,3,3,6,0.5
sLbB,12,9,21,0.57
sLbD,1,0,1,1.0
sLbH,1,5,6,0.17
sLbI,5,3,8,0.62
sLbJ,3,2,5,0.6
sLbK,1,2,3,0.33
sLbL,4,3,7,0.57
sLbM,5,13,18,0.28
sLbN,15,9,24,0.62
sLbP,14,11,25,0.56
sLbS,7,8,15,0.47
sLbb,6,9,15,0.4
sLbl,5,2,7,0.71
sLbm,8,8,16,0.5
sLbn,8,4,12,0.67
sLbs,6,2,8,0.75
sLhB,3,3,6,0.5
sLhH,1,3,4,0.25
sLhI,0,0,0,
sLhL,2,2,4,0.5
sLhM,5,9,14,0.36
sLhN,4,7,11,0.36
sLhP,7,2,9,0.78
sLhS,8,7,15,0.53
sLhb,4,6,10,0.4
sLhh,2,5,7,0.29
sLhl,1,0,1,1.0
sLhm,4,2,6,0.67
sLhn,4,6,10,0.4
sLhs,8,1,9,0.89
sLht,0,1,1,0.0
sLjB,3,3,6,0.5
sLjI,1,0,1,1.0
sLjK,0,0,0,
sLjL,2,1,3,0.67
sLjM,0,3,3,0.0
sLjN,1,3,4,0.25
sLjP,4,2,6,0.67
sLjS,4,3,7,0.57
sLjb,2,1,3,0.67
sLjh,0,1,1,0.0
sLjl,1,3,4,0.25
sLjm,3,6,9,0.33
sLjn,1,4,5,0.2
sLjs,5,3,8,0.62
sLjt,0,2,2,0.0
sLlB,5,3,8,0.62
sLlD,1,0,1,1.0
sLlH,2,7,9,0.22
sLlI,2,2,4,0.5
sLlJ,0,4,4,0.0
sLlK,0,1,1,0.0
sLlL,1,3,4,0.25
sLlM,3,4,7,0.43
sLlN,8,6,14,0.57
sLlP,7,4,11,0.64
sLlS,4,7,11,0.36
sLlb,1,1,2,0.5
sLll,0,2,2,0.0
sLlm,4,3,7,0.57
sLln,3,5,8,0.38
sLls,7,5,12,0.58
sLmB,14,11,25,0.56
sLmD,7,3,10,0.7
sLmH,11,11,22,0.5
sLmI,1,4,5,0.2
sLmJ,7,2,9,0.78
sLmL,8,4,12,0.67
sLmM,14,19,33,0.42
sLmN,15,20,35,0.43
sLmP,12,13,25,0.48
sLmS,12,10,22,0.55
sLmb,13,18,31,0.42
sLml,1,7,8,0.12
sLmm,22,10,32,0.69
sLmn,14,17,31,0.45
sLms,13,11,24,0.54
sLnB,11,15,26,0.42
sLnD,5,1,6,0.83
sLnH,6,3,9,0.67
sLnI,6,5,11,0.55
sLnK,3,2,5,0.6
sLnL,3,10,13,0.23
sLnM,14,18,32,0.44
sLnN,17,15,32,0.53
sLnP,22,30,52,0.42
sLnS,13,15,28,0.46
sLnb,15,15,30,0.5
sLnh,3,1,4,0.75
sLnl,5,5,10,0.5
sLnm,10,18,28,0.36
sLnn,14,21,35,0.4
sLns,18,18,36,0.5
sLnt,0,1,1,0.0
sLsB,7,8,15,0.47
sLsD,0,1,1,0.0
sLsH,7,14,21,0.33
sLsI,6,4,10,0.6
sLsK,1,0,1,1.0
sLsL,4,0,4,1.0
sLsM,18,11,29,0.62
sLsN,12,7,19,0.63
sLsP,13,12,25,0.52
sLsS,18,25,43,0.42
sLsb,9,6,15,0.6
sLsh,0,1,1,0.0
sLsl,3,5,8,0.38
sLsm,19,16,35,0.54
sLsn,11,9,20,0.55
sLss,21,19,40,0.52
sLst,1,0,1,1.0
sLtB,3,4,7,0.43
sLtD,0,0,0,
sLtH,2,0,2,1.0
sLtK,1,0,1,1.0
sLtL,1,4,5,0.2
sLtM,1,0,1,1.0
sLtN,1,6,7,0.14
sLtP,1,2,3,0.33
sLtS,2,1,3,0.67
sLtb,2,1,3,0.67
sLtl,3,2,5,0.6
sLtm,4,0,4,1.0
sLtn,4,2,6,0.67
sLts,1,2,3,0.33
sLtt,1,0,1,1.0
sMBB,40,58,98,0.41
sMBD,6,6,12,0.5
sMBH,0,0,0,
sMBK,4,10,14,0.29
sMBL,7,11,18,0.39
sMBM,36,51,87,0.41
sMBN,42,61,103,0.41
sMBP,54,40,94,0.57
sMBS,15,27,42,0.36
sMBb,57,45,102,0.56
sMBh,5,3,8,0.62
sMBj,8,11,19,0.42
sMBl,12,10,22,0.55
sMBm,43,60,103,0.42
sMBn,53,69,122,0.43
sMBs,33,15,48,0.69
sMBt,5,6,11,0.45
sMDB,3,3,6,0.5
sMDD,1,3,4,0.25
sMDH,12,9,21,0.57
sMDI,2,1,3,0.67
sMDL,1,3,4,0.25
sMDM,9,7,16,0.56
sMDN,6,14,20,0.3
sMDP,5,8,13,0.38
sMDS,6,5,11,0.55
sMDb,5,4,9,0.56
sMDl,0,3,3,0.0
sMDm,14,6,20,0.7
sMDn,8,7,15,0.53
sMDs,9,7,16,0.56
sMDt,2,3,5,0.4
sMHB,0,0,0,
sMHK,0,0,0,
sMHM,2,0,2,1.0
sMHP,1,0,1,1.0
sMHS,0,2,2,0.0
sMHb,1,0,1,1.0
sMHh,0,0,0,
sMHl,0,0,0,
sMHm,1,0,1,1.0
sMHn,1,1,2,0.5
sMHs,2,0,2,1.0
sMIB,0,0,0,
sMIM,0,1,1,0.0
sMIS,1,0,1,1.0
sMIm,1,0,1,1.0
sMIn,1,0,1,1.0
sMKB,2,2,4,0.5
sMKD,0,1,1,0.0
sMKH,1,1,2,0.5
sMKI,0,0,0,
sMKK,1,0,1,1.0
sMKM,2,3,5,0.4
sMKP,2,0,2,1.0
sMKS,3,2,5,0.6
sMKb,0,1,1,0.0
sMKh,3,0,3,1.0
sMKl,0,1,1,0.0
sMKm,2,1,3,0.67
sMKn,2,2,4,0.5
sMKs,2,3,5,0.4
sMKt,0,1,1,0.0
sMLB,7,17,24,0.29
sMLD,4,1,5,0.8
sMLK,0,1,1,0.0
sMLL,1,3,4,0.25
sMLM,8,21,29,0.28
sMLN,7,18,25,0.28
sMLP,11,9,20,0.55
sMLS,4,16,20,0.2
sMLb,12,12,24,0.5
sMLh,1,5,6,0.17
sMLj,3,3,6,0.5
sMLl,6,4,10,0.6
sMLm,15,15,30,0.5
sMLn,17,15,32,0.53
sMLs,8,8,16,0.5
sMLt,5,1,6,0.83
sMMB,58,64,122,0.48
sMMD,9,10,19,0.47
sMMH,2,1,3,0.67
sMMK,0,2,2,0.0
sMML,8,12,20,0.4
sMMM,53,47,100,0.53
sMMN,45,54,99,0.45
sMMP,49,47,96,0.51
sMMS,38,45,83,0.46
sMMb,46,44,90,0.51
sMMh,30,32,62,0.48
sMMj,7,5,12,0.58
sMMl,13,10,23,0.57
sMMm,73,60,133,0.55
sMMn,71,76,147,0.48
sMMs,37,29,66,0.56
sMMt,9,14,23,0.39
sMNB,34,47,81,0.42
sMND,4,9,13,0.31
sMNH,13,6,19,0.68
sMNI,2,2,4,0.5
sMNK,3,8,11,0.27
sMNL,14,15,29,0.48
sMNM,45,70,115,0.39
sMNN,53,47,100,0.53
sMNP,70,59,129,0.54
sMNS,35,59,94,0.37
sMNb,36,30,66,0.55
sMNh,12,17,29,0.41
sMNl,10,4,14,0.71
sMNm,61,43,104,0.59
sMNn,54,84,138,0.39
sMNs,42,58,100,0.42
sMNt,4,9,13,0.31
sMPB,23,51,74,0.31
sMPD,11,9,20,0.55
sMPH,10,10,20,0.5
sMPI,4,5,9,0.44
sMPK,4,6,10,0.4
sMPL,7,15,22,0.32
sMPM,42,66,108,0.39
sMPN,65,55,120,0.54
sMPP,47,62,109,0.43
sMPS,36,57,93,0.39
sMPb,43,40,83,0.52
sMPh,3,9,12,0.25
sMPl,17,16,33,0.52
sMPm,59,58,117,0.5
sMPn,49,42,91,0.54
sMPs,38,38,76,0.5
sMPt,5,9,14,0.36
sMSB,32,28,60,0.53
sMSD,8,6,14,0.57
sMSH,17,16,33,0.52
sMSI,1,4,5,0.2
sMSK,0,1,1,0.0
sMSL,15,13,28,0.54
sMSM,41,43,84,0.49
sMSN,37,40,77,0.48
sMSP,24,27,51,0.47
sMSS,54,73,127,0.43
sMSb,27,24,51,0.53
sMSh,17,24,41,0.41
sMSl,9,9,18,0.5
sMSm,54,45,99,0.55
sMSn,41,26,67,0.61
sMSs,45,45,90,0.5
sMSt,13,6,19,0.68
sMbB,40,28,68,0.59
sMbD,5,4,9,0.56
sMbH,9,10,19,0.47
sMbI,4,5,9,0.44
sMbJ,8,10,18,0.44
sMbK,7,2,9,0.78
sMbL,6,6,12,0.5
sMbM,23,40,63,0.37
sMbN,45,51,96,0.47
sMbP,42,32,74,0.57
sMbS,35,29,64,0.55
sMbb,32,34,66,0.48
sMbl,9,8,17,0.53
sMbm,40,29,69,0.58
sMbn,30,48,78,0.38
sMbs,27,25,52,0.52
sMbt,0,0,0,
sMhB,33,37,70,0.47
sMhD,2,13,15,0.13
sMhH,10,8,18,0.56
sMhI,6,4,10,0.6
sMhK,0,1,1,0.0
sMhL,7,9,16,0.44
sMhM,32,46,78,0.41
sMhN,36,37,73,0.49
sMhP,46,53,99,0.46
sMhS,31,35,66,0.47
sMhb,27,24,51,0.53
sMhh,26,29,55,0.47
sMhl,10,8,18,0.56
sMhm,43,37,80,0.54
sMhn,35,29,64,0.55
sMhs,34,23,57,0.6
sMht,4,2,6,0.67
sMjB,7,7,14,0.5
sMjH,4,2,6,0.67
sMjI,1,0,1,1.0
sMjK,0,3,3,0.0
sMjL,5,2,7,0.71
sMjM,4,11,15,0.27
sMjN,6,12,18,0.33
sMjP,11,7,18,0.61
sMjS,4,7,11,0.36
sMjb,8,10,18,0.44
sMjh,0,1,1,0.0
sMjl,4,2,6,0.67
sMjm,7,3,10,0.7
sMjn,7,4,11,0.64
sMjs,4,5,9,0.44
sMjt,2,0,2,1.0
sMlB,7,6,13,0.54
sMlD,2,2,4,0.5
sMlH,7,9,16,0.44
sMlI,3,1,4,0.75
sMlJ,4,2,6,0.67
sMlK,1,3,4,0.25
sMlL,6,2,8,0.75
sMlM,16,16,32,0.5
sMlN,20,18,38,0.53
sMlP,10,13,23,0.43
sMlS,13,16,29,0.45
sMlb,9,6,15,0.6
sMll,5,8,13,0.38
sMlm,20,10,30,0.67
sMln,17,14,31,0.55
sMls,10,13,23,0.43
sMmB,48,60,108,0.44
sMmD,14,10,24,0.58
sMmH,47,54,101,0.47
sMmI,12,6,18,0.67
sMmJ,14,14,28,0.5
sMmK,1,1,2,0.5
sMmL,7,17,24,0.29
sMmM,61,74,135,0.45
sMmN,66,72,138,0.48
sMmP,48,54,102,0.47
sMmS,45,52,97,0.46
sMmb,61,49,110,0.55
sMmh,1,0,1,1.0
sMml,8,7,15,0.53
sMmm,64,50,114,0.56
sMmn,54,63,117,0.46
sMms,50,38,88,0.57
sMnB,52,52,104,0.5
sMnD,8,13,21,0.38
sMnH,34,38,72,0.47
sMnI,19,19,38,0.5
sMnK,3,8,11,0.27
sMnL,15,12,27,0.56
sMnM,68,73,141,0.48
sMnN,106,89,195,0.54
sMnP,76,71,147,0.52
sMnS,66,65,131,0.5
sMnb,45,35,80,0.56
sMnh,7,5,12,0.58
sMnl,10,12,22,0.45
sMnm,61,75,136,0.45
sMnn,72,73,145,0.5
sMns,55,65,120,0.46
sMnt,1,1,2,0.5
sMsB,26,42,68,0.38
sMsD,10,8,18,0.56
sMsH,32,55,87,0.37
sMsI,6,8,14,0.43
sMsK,3,1,4,0.75
sMsL,11,9,20,0.55
sMsM,41,56,97,0.42
sMsN,58,61,119,0.49
sMsP,43,47,90,0.48
sMsS,55,76,131,0.42
sMsb,31,34,65,0.48
sMsh,3,3,6,0.5
sMsl,10,6,16,0.62
sMsm,46,44,90,0.51
sMsn,42,44,86,0.49
sMss,65,53,118,0.55
sMst,1,0,1,1.0
sMtB,8,10,18,0.44
sMtD,1,3,4,0.25
sMtH,8,11,19,0.42
sMtI,1,0,1,1.0
sMtL,0,2,2,0.0
sMtM,7,12,19,0.37
sMtN,15,10,25,0.6
sMtP,12,9,21,0.57
sMtS,8,7,15,0.53
sMtb,1,8,9,0.11
sMth,0,1,1,0.0
sMtl,4,4,8,0.5
sMtm,10,10,20,0.5
sMtn,4,7,11,0.36
sMts,2,7,9,0.22
sMtt,1,1,2,0.5
sNBB,40,49,89,0.45
sNBD,6,1,7,0.86
sNBK,5,5,10,0.5
sNBL,12,9,21,0.57
sNBM,30,54,84,0.36
sNBN,42,50,92,0.46
sNBP,46,33,79,0.58
sNBS,24,27,51,0.47
sNBb,47,36,83,0.57
sNBh,4,5,9,0.44
sNBj,8,9,17,0.47
sNBl,3,14,17,0.18
sNBm,42,40,82,0.51
sNBn,45,52,97,0.46
sNBs,27,17,44,0.61
sNBt,5,9,14,0.36
sNDB,7,7,14,0.5
sNDD,2,2,4,0.5
sNDH,10,13,23,0.43
sNDI,0,1,1,0.0
sNDL,3,3,6,0.5
sNDM,7,11,18,0.39
sNDN,13,12,25,0.52
sNDP,13,6,19,0.68
sNDS,11,17,28,0.39
sNDb,7,5,12,0.58
sNDh,0,1,1,0.0
sNDl,3,4,7,0.43
sNDm,9,12,21,0.43
sNDn,7,13,20,0.35
sNDs,15,6,21,0.71
sNDt,1,0,1,1.0
sNHB,4,5,9,0.44
sNHD,5,0,5,1.0
sNHH,2,1,3,0.67
sNHI,1,4,5,0.2
sNHK,2,2,4,0.5
sNHL,0,3,3,0.0
sNHM,7,19,26,0.27
sNHN,11,7,18,0.61
sNHP,9,15,24,0.38
sNHS,12,8,20,0.6
sNHb,9,1,10,0.9
sNHh,8,2,10,0.8
sNHl,0,11,11,0.0
sNHm,12,9,21,0.57
sNHn,13,7,20,0.65
sNHs,10,11,21,0.48
sNIB,2,0,2,1.0
sNID,0,1,1,0.0
sNIH,1,0,1,1.0
sNIM,1,1,2,0.5
sNIN,1,0,1,1.0
sNIP,0,2,2,0.0
sNIS,0,2,2,0.0
sNIl,0,0,0,
sNIm,1,2,3,0.33
sNIn,2,2,4,0.5
sNIs,0,1,1,0.0
sNKB,2,6,8,0.25
sNKD,1,1,2,0.5
sNKH,1,1,2,0.5
sNKK,0,1,1,0.0
sNKL,1,0,1,1.0
sNKM,5,5,10,0.5
sNKN,4,3,7,0.57
sNKP,4,10,14,0.29
sNKS,7,9,16,0.44
sNKb,3,1,4,0.75
sNKh,4,10,14,0.29
sNKl,1,0,1,1.0
sNKm,4,7,11,0.36
sNKn,6,2,8,0.75
sNKs,6,10,16,0.38
sNKt,1,0,1,1.0
sNLB,5,22,27,0.19
sNLD,3,1,4,0.75
sNLH,0,1,1,0.0
sNLK,1,1,2,0.5
sNLL,4,4,8,0.5
sNLM,6,13,19,0.32
sNLN,9,12,21,0.43
sNLP,15,18,33,0.45
sNLS,8,9,17,0.47
sNLb,12,12,24,0.5
sNLh,3,6,9,0.33
sNLj,3,0,3,1.0
sNLl,5,5,10,0.5
sNLm,14,17,31,0.45
sNLn,16,10,26,0.62
sNLs,7,10,17,0.41
sNLt,0,2,2,0.0
sNMB,45,52,97,0.46
sNMD,9,10,19,0.47
sNMH,1,1,2,0.5
sNMK,0,1,1,0.0
sNML,9,15,24,0.38
sNMM,39,58,97,0.4
sNMN,59,48,107,0.55
sNMP,56,41,97,0.58
sNMS,33,43,76,0.43
sNMb,42,38,80,0.52
sNMh,26,40,66,0.39
sNMj,7,11,18,0.39
sNMl,15,10,25,0.6
sNMm,52,55,107,0.49
sNMn,61,76,137,0.45
sNMs,38,20,58,0.66
sNMt,10,6,16,0.62
sNNB,54,57,111,0.49
sNND,14,14,28,0.5
sNNH,7,14,21,0.33
sNNI,6,1,7,0.86
sNNK,8,9,17,0.47
sNNL,11,13,24,0.46
sNNM,59,74,133,0.44
sNNN,72,77,149,0.48
sNNP,77,70,147,0.52
sNNS,58,56,114,0.51
sNNb,37,33,70,0.53
sNNh,19,32,51,0.37
sNNl,13,16,29,0.45
sNNm,53,48,101,0.52
sNNn,80,79,159,0.5
sNNs,63,59,122,0.52
sNNt,9,12,21,0.43
sNPB,30,41,71,0.42
sNPD,9,3,12,0.75
sNPH,14,18,32,0.44
sNPI,11,11,22,0.5
sNPK,12,7,19,0.63
sNPL,24,24,48,0.5
sNPM,50,64,114,0.44
sNPN,61,81,142,0.43
sNPP,71,68,139,0.51
sNPS,47,57,104,0.45
sNPb,41,44,85,0.48
sNPh,7,8,15,0.47
sNPl,17,24,41,0.41
sNPm,69,52,121,0.57
sNPn,54,63,117,0.46
sNPs,62,54,116,0.53
sNPt,9,7,16,0.56
sNSB,38,33,71,0.54
sNSD,10,16,26,0.38
sNSH,21,25,46,0.46
sNSI,4,3,7,0.57
sNSL,12,9,21,0.57
sNSM,51,75,126,0.4
sNSN,69,60,129,0.53
sNSP,45,57,102,0.44
sNSS,90,61,151,0.6
sNSb,33,31,64,0.52
sNSh,37,26,63,0.59
sNSl,14,16,30,0.47
sNSm,56,67,123,0.46
sNSn,76,48,124,0.61
sNSs,73,67,140,0.52
sNSt,12,6,18,0.67
sNbB,27,29,56,0.48
sNbD,5,3,8,0.62
sNbH,12,9,21,0.57
sNbI,4,6,10,0.4
sNbJ,7,5,12,0.58
sNbK,3,6,9,0.33
sNbL,10,11,21,0.48
sNbM,38,30,68,0.56
sNbN,45,46,91,0.49
sNbP,29,26,55,0.53
sNbS,15,22,37,0.41
sNbb,36,38,74,0.49
sNbl,8,8,16,0.5
sNbm,33,27,60,0.55
sNbn,34,32,66,0.52
sNbs,12,20,32,0.38
sNhB,12,11,23,0.52
sNhD,3,2,5,0.6
sNhH,4,2,6,0.67
sNhI,1,2,3,0.33
sNhK,1,2,3,0.33
sNhL,4,5,9,0.44
sNhM,12,15,27,0.44
sNhN,16,11,27,0.59
sNhP,12,15,27,0.44
sNhS,15,21,36,0.42
sNhb,7,7,14,0.5
sNhh,14,21,35,0.4
sNhl,4,5,9,0.44
sNhm,19,15,34,0.56
sNhn,19,17,36,0.53
sNhs,20,17,37,0.54
sNht,2,4,6,0.33
sNlB,8,9,17,0.47
sNlD,1,0,1,1.0
sNlH,5,5,10,0.5
sNlI,2,1,3,0.67
sNlJ,6,7,13,0.46
sNlK,0,1,1,0.0
sNlL,4,6,10,0.4
sNlM,14,11,25,0.56
sNlN,16,17,33,0.48
sNlP,11,11,22,0.5
sNlS,11,10,21,0.52
sNlb,18,13,31,0.58
sNll,2,6,8,0.25
sNlm,12,7,19,0.63
sNln,10,9,19,0.53
sNls,13,8,21,0.62
sNmB,39,43,82,0.48
sNmD,14,9,23,0.61
sNmH,50,44,94,0.53
sNmI,10,2,12,0.83
sNmJ,10,10,20,0.5
sNmK,0,0,0,
sNmL,8,13,21,0.38
sNmM,48,60,108,0.44
sNmN,58,71,129,0.45
sNmP,60,48,108,0.56
sNmS,37,39,76,0.49
sNmb,43,35,78,0.55
sNml,7,8,15,0.47
sNmm,51,34,85,0.6
sNmn,49,41,90,0.54
sNms,39,40,79,0.49
sNnB,48,41,89,0.54
sNnD,21,7,28,0.75
sNnH,41,51,92,0.45
sNnI,16,9,25,0.64
sNnK,6,6,12,0.5
sNnL,14,21,35,0.4
sNnM,67,56,123,0.54
sNnN,79,92,171,0.46
sNnP,88,75,163,0.54
sNnS,70,72,142,0.49
sNnb,41,38,79,0.52
sNnh,4,6,10,0.4
sNnl,16,20,36,0.44
sNnm,57,56,113,0.5
sNnn,65,57,122,0.53
sNns,60,42,102,0.59
sNnt,0,2,2,0.0
sNsB,22,42,64,0.34
sNsD,11,11,22,0.5
sNsH,49,47,96,0.51
sNsI,14,17,31,0.45
sNsL,12,18,30,0.4
sNsM,55,48,103,0.53
sNsN,65,65,130,0.5
sNsP,52,44,96,0.54
sNsS,70,83,153,0.46
sNsb,26,39,65,0.4
sNsh,4,7,11,0.36
sNsl,14,14,28,0.5
sNsm,42,59,101,0.42
sNsn,54,55,109,0.5
sNss,63,60,123,0.51
sNst,2,1,3,0.67
sNtB,9,6,15,0.6
sNtD,4,0,4,1.0
sNtH,3,14,17,0.18
sNtI,1,0,1,1.0
sNtL,7,0,7,1.0
sNtM,9,11,20,0.45
sNtN,14,8,22,0.64
sNtP,12,14,26,0.46
sNtS,10,13,23,0.43
sNtb,4,4,8,0.5
sNtl,8,2,10,0.8
sNtm,8,12,20,0.4
sNtn,10,8,18,0.56
sNts,8,17,25,0.32
sNtt,2,2,4,0.5
sPBB,38,38,76,0.5
sPBD,6,4,10,0.6
sPBK,0,2,2,0.0
sPBL,7,16,23,0.3
sPBM,35,47,82,0.43
sPBN,41,39,80,0.51
sPBP,49,39,88,0.56
sPBS,33,16,49,0.67
sPBb,30,35,65,0.46
sPBh,5,6,11,0.45
sPBj,5,11,16,0.31
sPBl,12,9,21,0.57
sPBm,42,37,79,0.53
sPBn,45,38,83,0.54
sPBs,30,16,46,0.65
sPBt,3,5,8,0.38
sPDB,2,2,4,0.5
sPDD,1,2,3,0.33
sPDH,1,4,5,0.2
sPDL,3,5,8,0.38
sPDM,6,8,14,0.43
sPDN,2,4,6,0.33
sPDP,8,6,14,0.57
sPDS,7,9,16,0.44
sPDb,4,5,9,0.44
sPDh,0,1,1,0.0
sPDl,1,2,3,0.33
sPDm,9,8,17,0.53
sPDn,3,5,8,0.38
sPDs,5,4,9,0.56
sPDt,2,1,3,0.67
sPHB,13,7,20,0.65
sPHD,4,0,4,1.0
sPHH,6,5,11,0.55
sPHI,4,3,7,0.57
sPHK,0,1,1,0.0
sPHL,7,6,13,0.54
sPHM,11,28,39,0.28
sPHN,20,13,33,0.61
sPHP,16,28,44,0.36
sPHS,23,22,45,0.51
sPHb,18,6,24,0.75
sPHh,5,5,10,0.5
sPHl,10,8,18,0.56
sPHm,18,13,31,0.58
sPHn,24,13,37,0.65
sPHs,17,11,28,0.61
sPHt,0,1,1,0.0
sPIB,5,6,11,0.45
sPID,2,1,3,0.67
sPIH,6,6,12,0.5
sPIL,5,1,6,0.83
sPIM,5,12,17,0.29
sPIN,11,7,18,0.61
sPIP,9,9,18,0.5
sPIS,13,4,17,0.76
sPIb,5,9,14,0.36
sPIh,0,0,0,
sPIl,3,4,7,0.43
sPIm,8,9,17,0.47
sPIn,4,10,14,0.29
sPIs,3,5,8,0.38
sPIt,1,1,2,0.5
sPKB,2,4,6,0.33
sPKD,0,2,2,0.0
sPKH,1,3,4,0.25
sPKI,0,0,0,
sPKK,1,0,1,1.0
sPKL,3,0,3,1.0
sPKM,5,4,9,0.56
sPKN,3,3,6,0.5
sPKP,8,8,16,0.5
sPKS,4,4,8,0.5
sPKb,2,3,5,0.4
sPKh,5,11,16,0.31
sPKl,2,1,3,0.67
sPKm,9,10,19,0.47
sPKn,4,2,6,0.67
sPKs,4,9,13,0.31
sPKt,4,1,5,0.8
sPLB,9,8,17,0.53
sPLD,2,3,5,0.4
sPLH,0,0,0,
sPLI,1,0,1,1.0
sPLK,1,2,3,0.33
sPLL,9,12,21,0.43
sPLM,16,22,38,0.42
sPLN,18,20,38,0.47
sPLP,13,18,31,0.42
sPLS,5,9,14,0.36
sPLb,12,12,24,0.5
sPLh,3,5,8,0.38
sPLj,2,1,3,0.67
sPLl,12,5,17,0.71
sPLm,22,20,42,0.52
sPLn,28,22,50,0.56
sPLs,11,15,26,0.42
sPLt,2,0,2,1.0
sPMB,46,53,99,0.46
sPMD,5,3,8,0.62
sPMH,0,1,1,0.0
sPMI,1,0,1,1.0
sPMK,3,0,3,1.0
sPML,13,15,28,0.46
sPMM,38,73,111,0.34
sPMN,45,54,99,0.45
sPMP,48,57,105,0.46
sPMS,44,24,68,0.65
sPMb,54,44,98,0.55
sPMh,30,31,61,0.49
sPMj,10,4,14,0.71
sPMl,19,16,35,0.54
sPMm,61,62,123,0.5
sPMn,63,66,129,0.49
sPMs,45,53,98,0.46
sPMt,8,3,11,0.73
sPNB,37,44,81,0.46
sPND,9,7,16,0.56
sPNH,5,11,16,0.31
sPNI,3,2,5,0.6
sPNK,4,4,8,0.5
sPNL,20,18,38,0.53
sPNM,49,37,86,0.57
sPNN,56,39,95,0.59
sPNP,65,58,123,0.53
sPNS,42,57,99,0.42
sPNb,43,37,80,0.54
sPNh,15,27,42,0.36
sPNl,15,17,32,0.47
sPNm,52,45,97,0.54
sPNn,40,57,97,0.41
sPNs,42,37,79,0.53
sPNt,9,4,13,0.69
sPPB,41,56,97,0.42
sPPD,11,6,17,0.65
sPPH,13,11,24,0.54
sPPI,10,8,18,0.56
sPPK,2,7,9,0.22
sPPL,21,29,50,0.42
sPPM,69,81,150,0.46
sPPN,39,57,96,0.41
sPPP,78,81,159,0.49
sPPS,58,64,122,0.48
sPPb,51,42,93,0.55
sPPh,5,5,10,0.5
sPPl,31,23,54,0.57
sPPm,70,42,112,0.62
sPPn,61,45,106,0.58
sPPs,47,56,103,0.46
sPPt,9,7,16,0.56
sPSB,44,29,73,0.6
sPSD,9,6,15,0.6
sPSH,18,20,38,0.47
sPSI,5,3,8,0.62
sPSK,1,4,5,0.2
sPSL,15,18,33,0.45
sPSM,60,48,108,0.56
sPSN,40,54,94,0.43
sPSP,43,47,90,0.48
sPSS,80,63,143,0.56
sPSb,31,36,67,0.46
sPSh,16,34,50,0.32
sPSl,18,15,33,0.55
sPSm,66,44,110,0.6
sPSn,53,55,108,0.49
sPSs,69,63,132,0.52
sPSt,12,5,17,0.71
sPbB,37,32,69,0.54
sPbD,0,4,4,0.0
sPbH,7,8,15,0.47
sPbI,3,4,7,0.43
sPbJ,13,7,20,0.65
sPbK,8,3,11,0.73
sPbL,13,16,29,0.45
sPbM,38,44,82,0.46
sPbN,42,37,79,0.53
sPbP,47,49,96,0.49
sPbS,24,26,50,0.48
sPbb,40,52,92,0.43
sPbh,0,1,1,0.0
sPbl,15,13,28,0.54
sPbm,37,36,73,0.51
sPbn,40,21,61,0.66
sPbs,18,18,36,0.5
sPhB,6,4,10,0.6
sPhD,0,1,1,0.0
sPhH,3,2,5,0.6
sPhI,0,1,1,0.0
sPhL,0,1,1,0.0
sPhM,10,8,18,0.56
sPhN,6,7,13,0.46
sPhP,6,2,8,0.75
sPhS,5,11,16,0.31
sPhb,7,4,11,0.64
sPhh,4,2,6,0.67
sPhl,3,1,4,0.75
sPhm,8,6,14,0.57
sPhn,7,5,12,0.58
sPhs,7,9,16,0.44
sPht,1,1,2,0.5
sPlB,24,22,46,0.52
sPlD,2,3,5,0.4
sPlH,5,5,10,0.5
sPlI,1,2,3,0.33
sPlJ,4,4,8,0.5
sPlK,0,2,2,0.0
sPlL,8,4,12,0.67
sPlM,26,23,49,0.53
sPlN,15,21,36,0.42
sPlP,15,11,26,0.58
sPlS,22,10,32,0.69
sPlb,22,23,45,0.49
sPll,8,6,14,0.57
sPlm,27,13,40,0.68
sPln,13,14,27,0.48
sPls,12,6,18,0.67
sPmB,39,45,84,0.46
sPmD,4,10,14,0.29
sPmH,50,50,100,0.5
sPmI,2,6,8,0.25
sPmJ,11,11,22,0.5
sPmK,1,5,6,0.17
sPmL,23,13,36,0.64
sPmM,55,71,126,0.44
sPmN,60,42,102,0.59
sPmP,53,49,102,0.52
sPmS,36,31,67,0.54
sPmb,52,43,95,0.55
sPmh,0,2,2,0.0
sPml,14,18,32,0.44
sPmm,55,43,98,0.56
sPmn,57,54,111,0.51
sPms,35,28,63,0.56
sPmt,0,1,1,0.0
sPnB,32,34,66,0.48
sPnD,12,6,18,0.67
sPnH,24,25,49,0.49
sPnI,8,12,20,0.4
sPnK,2,4,6,0.33
sPnL,18,10,28,0.64
sPnM,42,52,94,0.45
sPnN,45,46,91,0.49
sPnP,75,44,119,0.63
sPnS,54,52,106,0.51
sPnb,45,42,87,0.52
sPnh,1,5,6,0.17
sPnl,15,13,28,0.54
sPnm,51,38,89,0.57
sPnn,57,35,92,0.62
sPns,39,46,85,0.46
sPnt,0,1,1,0.0
sPsB,31,31,62,0.5
sPsD,10,5,15,0.67
sPsH,33,40,73,0.45
sPsI,8,8,16,0.5
sPsK,2,3,5,0.4
sPsL,16,18,34,0.47
sPsM,47,57,104,0.45
sPsN,56,46,102,0.55
sPsP,45,60,105,0.43
sPsS,49,68,117,0.42
sPsb,29,33,62,0.47
sPsh,0,9,9,0.0
sPsl,13,23,36,0.36
sPsm,41,39,80,0.51
sPsn,37,42,79,0.47
sPss,57,48,105,0.54
sPst,0,2,2,0.0
sPtB,11,7,18,0.61
sPtD,1,1,2,0.5
sPtH,2,4,6,0.33
sPtI,0,1,1,0.0
sPtL,1,2,3,0.33
sPtM,5,11,16,0.31
sPtN,9,2,11,0.82
sPtP,11,4,15,0.73
sPtS,4,6,10,0.4
sPtb,4,5,9,0.44
sPth,0,1,1,0.0
sPtl,2,0,2,1.0
sPtm,13,5,18,0.72
sPtn,8,8,16,0.5
sPts,7,4,11,0.64
sPtt,1,0,1,1.0
sSBB,54,48,102,0.53
sSBD,9,6,15,0.6
sSBH,0,1,1,0.0
sSBK,8,6,14,0.57
sSBL,12,8,20,0.6
sSBM,31,32,63,0.49
sSBN,41,45,86,0.48
sSBP,47,53,100,0.47
sSBS,32,30,62,0.52
sSBb,28,31,59,0.47
sSBh,5,6,11,0.45
sSBj,8,13,21,0.38
sSBl,15,13,28,0.54
sSBm,58,50,108,0.54
sSBn,47,52,99,0.47
sSBs,30,19,49,0.61
sSBt,8,7,15,0.53
sSDB,9,10,19,0.47
sSDD,2,4,6,0.33
sSDH,14,9,23,0.61
sSDI,1,1,2,0.5
sSDL,1,0,1,1.0
sSDM,10,9,19,0.53
sSDN,10,13,23,0.43
sSDP,14,13,27,0.52
sSDS,26,23,49,0.53
sSDb,6,9,15,0.4
sSDh,1,0,1,1.0
sSDl,3,2,5,0.6
sSDm,9,19,28,0.32
sSDn,9,11,20,0.45
sSDs,16,7,23,0.7
sSDt,1,3,4,0.25
sSHB,18,22,40,0.45
sSHD,6,3,9,0.67
sSHH,7,8,15,0.47
sSHI,5,2,7,0.71
sSHK,2,1,3,0.67
sSHL,10,6,16,0.62
sSHM,33,25,58,0.57
sSHN,20,24,44,0.45
sSHP,19,21,40,0.48
sSHS,46,50,96,0.48
sSHb,15,15,30,0.5
sSHh,17,14,31,0.55
sSHl,10,4,14,0.71
sSHm,32,28,60,0.53
sSHn,24,35,59,0.41
sSHs,42,44,86,0.49
sSHt,2,1,3,0.67
sSIB,4,0,4,1.0
sSID,1,0,1,1.0
sSIH,2,2,4,0.5
sSII,0,1,1,0.0
sSIK,0,1,1,0.0
sSIL,0,1,1,0.0
sSIM,8,7,15,0.53
sSIN,5,2,7,0.71
sSIP,3,3,6,0.5
sSIS,6,3,9,0.67
sSIb,2,1,3,0.67
sSIl,0,0,0,
sSIm,8,5,13,0.62
sSIn,3,4,7,0.43
sSIs,1,0,1,1.0
sSIt,1,1,2,0.5
sSKB,0,2,2,0.0
sSKD,1,1,2,0.5
sSKL,1,0,1,1.0
sSKM,4,1,5,0.8
sSKN,2,1,3,0.67
sSKP,2,4,6,0.33
sSKS,3,1,4,0.75
sSKb,0,3,3,0.0
sSKh,0,2,2,0.0
sSKm,2,1,3,0.67
sSKn,3,5,8,0.38
sSKs,2,2,4,0.5
sSKt,0,1,1,0.0
sSLB,17,14,31,0.55
sSLD,2,1,3,0.67
sSLK,0,2,2,0.0
sSLL,6,11,17,0.35
sSLM,16,18,34,0.47
sSLN,15,19,34,0.44
sSLP,17,18,35,0.49
sSLS,14,22,36,0.39
sSLb,11,11,22,0.5
sSLh,8,6,14,0.57
sSLj,2,3,5,0.4
sSLl,5,6,11,0.45
sSLm,19,12,31,0.61
sSLn,28,16,44,0.64
sSLs,18,17,35,0.51
sSLt,2,0,2,1.0
sSMB,58,72,130,0.45
sSMD,8,11,19,0.42
sSMH,1,1,2,0.5
sSMI,0,2,2,0.0
sSMK,1,4,5,0.2
sSML,18,14,32,0.56
sSMM,71,81,152,0.47
sSMN,70,74,144,0.49
sSMP,56,74,130,0.43
sSMS,50,78,128,0.39
sSMb,73,53,126,0.58
sSMh,46,38,84,0.55
sSMj,8,7,15,0.53
sSMl,26,14,40,0.65
sSMm,93,75,168,0.55
sSMn,88,95,183,0.48
sSMs,60,57,117,0.51
sSMt,10,11,21,0.48
sSNB,42,56,98,0.43
sSND,9,10,19,0.47
sSNH,15,10,25,0.6
sSNI,4,2,6,0.67
sSNK,7,10,17,0.41
sSNL,16,12,28,0.57
sSNM,60,63,123,0.49
sSNN,68,80,148,0.46
sSNP,73,65,138,0.53
sSNS,66,68,134,0.49
sSNb,34,22,56,0.61
sSNh,21,22,43,0.49
sSNl,11,7,18,0.61
sSNm,55,59,114,0.48
sSNn,73,78,151,0.48
sSNs,63,62,125,0.5
sSNt,14,6,20,0.7
sSPB,42,44,86,0.49
sSPD,6,7,13,0.46
sSPH,21,24,45,0.47
sSPI,7,5,12,0.58
sSPK,6,4,10,0.6
sSPL,19,19,38,0.5
sSPM,49,66,115,0.43
sSPN,53,63,116,0.46
sSPP,56,76,132,0.42
sSPS,76,72,148,0.51
sSPb,44,45,89,0.49
sSPh,5,17,22,0.23
sSPl,19,17,36,0.53
sSPm,69,62,131,0.53
sSPn,53,53,106,0.5
sSPs,64,66,130,0.49
sSPt,9,3,12,0.75
sSSB,75,68,143,0.52
sSSD,18,25,43,0.42
sSSH,46,43,89,0.52
sSSI,7,9,16,0.44
sSSK,0,3,3,0.0
sSSL,26,27,53,0.49
sSSM,105,143,248,0.42
sSSN,94,96,190,0.49
sSSP,68,74,142,0.48
sSSS,183,203,386,0.47
sSSb,65,39,104,0.62
sSSh,56,50,106,0.53
sSSl,25,15,40,0.62
sSSm,125,97,222,0.56
sSSn,86,87,173,0.5
sSSs,150,170,320,0.47
sSSt,17,15,32,0.53
sSbB,29,36,65,0.45
sSbD,9,2,11,0.82
sSbH,9,6,15,0.6
sSbI,5,3,8,0.62
sSbJ,11,11,22,0.5
sSbK,7,3,10,0.7
sSbL,10,6,16,0.62
sSbM,33,38,71,0.46
sSbN,62,46,108,0.57
sSbP,29,39,68,0.43
sSbS,29,27,56,0.52
sSbb,37,27,64,0.58
sSbl,9,9,18,0.5
sSbm,39,39,78,0.5
sSbn,34,42,76,0.45
sSbs,23,22,45,0.51
sShB,35,32,67,0.52
sShD,10,7,17,0.59
sShH,9,3,12,0.75
sShI,5,4,9,0.56
sShK,0,4,4,0.0
sShL,5,12,17,0.29
sShM,37,32,69,0.54
sShN,25,28,53,0.47
sShP,32,29,61,0.52
sShS,56,59,115,0.49
sShb,23,23,46,0.5
sShh,30,29,59,0.51
sShl,12,9,21,0.57
sShm,38,38,76,0.5
sShn,40,41,81,0.49
sShs,57,56,113,0.5
sSht,4,5,9,0.44
sSlB,13,10,23,0.57
sSlD,1,2,3,0.33
sSlH,7,9,16,0.44
sSlI,2,3,5,0.4
sSlJ,6,2,8,0.75
sSlK,1,3,4,0.25
sSlL,8,10,18,0.44
sSlM,23,13,36,0.64
sSlN,13,22,35,0.37
sSlP,20,13,33,0.61
sSlS,18,13,31,0.58
sSlb,12,15,27,0.44
sSlh,0,0,0,
sSll,1,3,4,0.25
sSlm,14,14,28,0.5
sSln,6,14,20,0.3
sSls,16,11,27,0.59
sSmB,52,43,95,0.55
sSmD,13,9,22,0.59
sSmH,60,58,118,0.51
sSmI,3,4,7,0.43
sSmJ,17,12,29,0.59
sSmK,2,1,3,0.67
sSmL,17,19,36,0.47
sSmM,79,89,168,0.47
sSmN,78,71,149,0.52
sSmP,51,53,104,0.49
sSmS,73,65,138,0.53
sSmb,60,53,113,0.53
sSml,13,19,32,0.41
sSmm,51,60,111,0.46
sSmn,63,59,122,0.52
sSms,58,59,117,0.5
sSmt,2,0,2,1.0
sSnB,39,41,80,0.49
sSnD,8,13,21,0.38
sSnH,39,36,75,0.52
sSnI,15,10,25,0.6
sSnK,9,8,17,0.53
sSnL,16,19,35,0.46
sSnM,54,61,115,0.47
sSnN,68,67,135,0.5
sSnP,67,58,125,0.54
sSnS,77,74,151,0.51
sSnb,50,49,99,0.51
sSnh,4,0,4,1.0
sSnl,16,20,36,0.44
sSnm,69,54,123,0.56
sSnn,67,58,125,0.54
sSns,84,66,150,0.56
sSnt,0,2,2,0.0
sSsB,58,51,109,0.53
sSsD,19,31,50,0.38
sSsH,73,78,151,0.48
sSsI,18,15,33,0.55
sSsK,3,3,6,0.5
sSsL,21,22,43,0.49
sSsM,93,110,203,0.46
sSsN,99,86,185,0.54
sSsP,67,78,145,0.46
sSsS,180,195,375,0.48
sSsb,44,51,95,0.46
sSsh,7,15,22,0.32
sSsl,19,27,46,0.41
sSsm,102,108,210,0.49
sSsn,82,85,167,0.49
sSss,155,141,296,0.52
sSst,3,5,8,0.38
sStB,10,8,18,0.56
sStD,1,1,2,0.5
sStH,6,8,14,0.43
sStI,0,1,1,0.0
sStK,1,0,1,1.0
sStL,2,3,5,0.4
sStM,9,15,24,0.38
sStN,10,14,24,0.42
sStP,12,5,17,0.71
sStS,18,19,37,0.49
sStb,1,9,10,0.1
sSth,1,1,2,0.5
sStl,4,8,12,0.33
sStm,19,11,30,0.63
sStn,16,10,26,0.62
sSts,21,16,37,0.57
sStt,2,5,7,0.29
sbBB,26,25,51,0.51
sbBD,5,4,9,0.56
sbBH,2,1,3,0.67
sbBK,4,6,10,0.4
sbBL,2,5,7,0.29
sbBM,30,34,64,0.47
sbBN,38,41,79,0.48
sbBP,29,25,54,0.54
sbBS,22,21,43,0.51
sbBb,31,30,61,0.51
sbBh,2,5,7,0.29
sbBj,10,7,17,0.59
sbBl,6,5,11,0.55
sbBm,40,27,67,0.6
sbBn,42,34,76,0.55
sbBs,25,23,48,0.52
sbBt,7,2,9,0.78
sbDB,4,2,6,0.67
sbDD,2,0,2,1.0
sbDH,1,2,3,0.33
sbDI,1,3,4,0.25
sbDL,2,3,5,0.4
sbDM,4,6,10,0.4
sbDN,3,3,6,0.5
sbDP,4,5,9,0.44
sbDS,5,3,8,0.62
sbDb,5,2,7,0.71
sbDl,2,2,4,0.5
sbDm,8,4,12,0.67
sbDn,8,5,13,0.62
sbDs,6,4,10,0.6
sbDt,2,2,4,0.5
sbHB,6,6,12,0.5
sbHD,0,3,3,0.0
sbHH,1,2,3,0.33
sbHI,3,5,8,0.38
sbHK,1,3,4,0.25
sbHL,6,7,13,0.46
sbHM,10,8,18,0.56
sbHN,17,14,31,0.55
sbHP,11,7,18,0.61
sbHS,11,4,15,0.73
sbHb,12,12,24,0.5
sbHh,2,2,4,0.5
sbHl,2,4,6,0.33
sbHm,12,3,15,0.8
sbHn,9,7,16,0.56
sbHs,5,8,13,0.38
sbHt,0,1,1,0.0
sbIB,2,5,7,0.29
sbID,0,1,1,0.0
sbIH,3,3,6,0.5
sbII,1,2,3,0.33
sbIL,0,1,1,0.0
sbIM,4,5,9,0.44
sbIN,8,3,11,0.73
sbIP,5,6,11,0.45
sbIS,4,1,5,0.8
sbIb,4,5,9,0.44
sbIl,2,0,2,1.0
sbIm,11,3,14,0.79
sbIn,3,1,4,0.75
sbIs,1,3,4,0.25
sbIt,1,0,1,1.0
sbJB,7,9,16,0.44
sbJD,2,0,2,1.0
sbJH,3,0,3,1.0
sbJI,0,0,0,
sbJK,1,0,1,1.0
sbJL,2,2,4,0.5
sbJM,15,12,27,0.56
sbJN,9,6,15,0.6
sbJP,11,18,29,0.38
sbJS,8,7,15,0.53
sbJb,8,7,15,0.53
sbJh,1,1,2,0.5
sbJl,3,2,5,0.6
sbJm,13,9,22,0.59
sbJn,5,6,11,0.45
sbJs,10,10,20,0.5
sbJt,1,1,2,0.5
sbKB,6,1,7,0.86
sbKD,0,2,2,0.0
sbKI,2,0,2,1.0
sbKK,0,1,1,0.0
sbKL,1,1,2,0.5
sbKM,6,6,12,0.5
sbKN,3,5,8,0.38
sbKP,3,4,7,0.43
sbKS,5,2,7,0.71
sbKb,8,3,11,0.73
sbKh,4,4,8,0.5
sbKl,2,2,4,0.5
sbKm,3,3,6,0.5
sbKn,8,4,12,0.67
sbKs,3,1,4,0.75
sbKt,0,1,1,0.0
sbLB,3,16,19,0.16
sbLD,2,0,2,1.0
sbLH,1,0,1,1.0
sbLL,1,1,2,0.5
sbLM,8,11,19,0.42
sbLN,10,8,18,0.56
sbLP,12,9,21,0.57
sbLS,8,4,12,0.67
sbLb,10,8,18,0.56
sbLh,5,5,10,0.5
sbLj,2,3,5,0.4
sbLl,7,2,9,0.78
sbLm,10,7,17,0.59
sbLn,9,13,22,0.41
sbLs,6,11,17,0.35
sbLt,2,3,5,0.4
sbMB,40,39,79,0.51
sbMD,7,9,16,0.44
sbMH,0,2,2,0.0
sbMK,3,1,4,0.75
sbML,11,8,19,0.58
sbMM,26,33,59,0.44
sbMN,39,41,80,0.49
sbMP,37,32,69,0.54
sbMS,32,34,66,0.48
sbMb,29,39,68,0.43
sbMh,30,33,63,0.48
sbMj,7,3,10,0.7
sbMl,10,4,14,0.71
sbMm,29,33,62,0.47
sbMn,53,57,110,0.48
sbMs,32,36,68,0.47
sbMt,5,6,11,0.45
sbNB,35,24,59,0.59
sbND,2,8,10,0.2
sbNH,10,7,17,0.59
sbNI,0,1,1,0.0
sbNK,6,5,11,0.55
sbNL,10,14,24,0.42
sbNM,43,40,83,0.52
sbNN,38,57,95,0.4
sbNP,40,64,104,0.38
sbNS,51,45,96,0.53
sbNb,38,26,64,0.59
sbNh,10,23,33,0.3
sbNl,12,9,21,0.57
sbNm,41,27,68,0.6
sbNn,54,61,115,0.47
sbNs,39,38,77,0.51
sbNt,6,10,16,0.38
sbPB,35,33,68,0.51
sbPD,7,3,10,0.7
sbPH,4,8,12,0.33
sbPI,3,4,7,0.43
sbPK,2,6,8,0.25
sbPL,13,22,35,0.37
sbPM,35,41,76,0.46
sbPN,33,54,87,0.38
sbPP,54,32,86,0.63
sbPS,29,24,53,0.55
sbPb,31,27,58,0.53
sbPh,1,7,8,0.12
sbPl,11,13,24,0.46
sbPm,35,29,64,0.55
sbPn,35,31,66,0.53
sbPs,28,32,60,0.47
sbPt,8,4,12,0.67
sbSB,19,12,31,0.61
sbSD,1,3,4,0.25
sbSH,7,6,13,0.54
sbSI,3,1,4,0.75
sbSK,0,1,1,0.0
sbSL,4,7,11,0.36
sbSM,21,26,47,0.45
sbSN,27,15,42,0.64
sbSP,24,29,53,0.45
sbSS,35,35,70,0.5
sbSb,10,13,23,0.43
sbSh,12,10,22,0.55
sbSl,5,5,10,0.5
sbSm,28,32,60,0.47
sbSn,21,23,44,0.48
sbSs,28,19,47,0.6
sbSt,6,3,9,0.67
sbbB,52,42,94,0.55
sbbD,7,1,8,0.88
sbbH,9,7,16,0.56
sbbI,9,2,11,0.82
sbbJ,12,12,24,0.5
sbbK,4,3,7,0.57
sbbL,11,5,16,0.69
sbbM,42,50,92,0.46
sbbN,52,56,108,0.48
sbbP,36,39,75,0.48
sbbS,14,16,30,0.47
sbbb,46,33,79,0.58
sbbh,0,1,1,0.0
sbbl,10,2,12,0.83
sbbm,40,25,65,0.62
sbbn,34,22,56,0.61
sbbs,14,16,30,0.47
sbhB,0,1,1,0.0
sbhM,0,1,1,0.0
sbhh,0,1,1,0.0
sbhm,1,0,1,1.0
sblB,16,6,22,0.73
sblD,0,0,0,
sblH,5,6,11,0.45
sblI,3,0,3,1.0
sblJ,4,1,5,0.8
sblL,1,6,7,0.14
sblM,15,17,32,0.47
sblN,22,9,31,0.71
sblP,11,14,25,0.44
sblS,8,7,15,0.53
sblb,9,8,17,0.53
sbll,3,1,4,0.75
sblm,6,14,20,0.3
sbln,7,4,11,0.64
sbls,7,4,11,0.64
sbmB,27,40,67,0.4
sbmD,7,3,10,0.7
sbmH,23,21,44,0.52
sbmI,4,5,9,0.44
sbmJ,3,8,11,0.27
sbmK,1,1,2,0.5
sbmL,15,6,21,0.71
sbmM,38,51,89,0.43
sbmN,37,45,82,0.45
sbmP,34,35,69,0.49
sbmS,16,18,34,0.47
sbmb,42,37,79,0.53
sbmh,0,1,1,0.0
sbml,9,8,17,0.53
sbmm,38,30,68,0.56
sbmn,36,31,67,0.54
sbms,22,21,43,0.51
sbnB,33,44,77,0.43
sbnD,4,1,5,0.8
sbnH,18,18,36,0.5
sbnI,9,6,15,0.6
sbnK,2,4,6,0.33
sbnL,7,8,15,0.47
sbnM,38,51,89,0.43
sbnN,50,63,113,0.44
sbnP,55,35,90,0.61
sbnS,30,29,59,0.51
sbnb,34,26,60,0.57
sbnh,3,4,7,0.43
sbnl,10,8,18,0.56
sbnm,39,26,65,0.6
sbnn,42,36,78,0.54
sbns,26,22,48,0.54
sbsB,17,8,25,0.68
sbsD,3,1,4,0.75
sbsH,18,14,32,0.56
sbsI,6,5,11,0.55
sbsL,4,12,16,0.25
sbsM,18,20,38,0.47
sbsN,26,24,50,0.52
sbsP,27,24,51,0.53
sbsS,26,19,45,0.58
sbsb,20,9,29,0.69
sbsh,1,1,2,0.5
sbsl,7,5,12,0.58
sbsm,18,17,35,0.51
sbsn,18,21,39,0.46
sbss,19,9,28,0.68
sbtH,0,0,0,
shBB,5,4,9,0.56
shBK,1,1,2,0.5
shBL,0,0,0,
shBM,4,7,11,0.36
shBN,4,3,7,0.57
shBP,1,3,4,0.25
shBS,3,1,4,0.75
shBb,6,2,8,0.75
shBj,0,2,2,0.0
shBm,4,3,7,0.57
shBn,4,6,10,0.4
shBs,0,0,0,
shBt,1,3,4,0.25
shDB,1,1,2,0.5
shDI,0,0,0,
shDM,1,0,1,1.0
shDN,1,1,2,0.5
shDP,0,0,0,
shDs,1,1,2,0.5
shHB,0,1,1,0.0
shHD,0,0,0,
shHI,1,0,1,1.0
shHM,0,2,2,0.0
shHP,3,0,3,1.0
shHS,0,1,1,0.0
shHb,2,1,3,0.67
shHm,1,2,3,0.33
shHs,0,0,0,
shIB,0,3,3,0.0
shID,0,1,1,0.0
shIH,1,0,1,1.0
shIM,0,1,1,0.0
shIN,1,0,1,1.0
shIP,2,2,4,0.5
shIS,2,2,4,0.5
shIm,0,1,1,0.0
shIs,2,0,2,1.0
shIt,0,2,2,0.0
shKP,1,0,1,1.0
shLB,1,1,2,0.5
shLM,0,2,2,0.0
shLN,3,3,6,0.5
shLP,0,1,1,0.0
shLS,1,0,1,1.0
shLb,5,1,6,0.83
shLh,0,1,1,0.0
shLj,0,1,1,0.0
shLl,1,0,1,1.0
shLn,2,0,2,1.0
shLs,2,1,3,0.67
shLt,1,0,1,1.0
shMB,4,4,8,0.5
shMD,0,1,1,0.0
shMK,0,2,2,0.0
shML,0,3,3,0.0
shMM,6,3,9,0.67
shMN,9,4,13,0.69
shMP,2,3,5,0.4
shMS,5,3,8,0.62
shMb,5,7,12,0.42
shMh,3,4,7,0.43
shMj,0,0,0,
shMl,3,2,5,0.6
shMm,5,5,10,0.5
shMn,2,9,11,0.18
shMs,2,6,8,0.25
shMt,0,2,2,0.0
shNB,6,7,13,0.46
shNK,1,0,1,1.0
shNL,2,1,3,0.67
shNM,3,3,6,0.5
shNN,0,2,2,0.0
shNP,4,4,8,0.5
shNS,2,3,5,0.4
shNb,4,3,7,0.57
shNh,0,3,3,0.0
shNl,0,1,1,0.0
shNm,5,3,8,0.62
shNn,1,1,2,0.5
shNs,2,3,5,0.4
shNt,1,0,1,1.0
shPB,3,3,6,0.5
shPD,1,1,2,0.5
shPH,0,0,0,
shPI,1,2,3,0.33
shPK,1,0,1,1.0
shPL,1,2,3,0.33
shPM,6,3,9,0.67
shPN,5,2,7,0.71
shPP,5,5,10,0.5
shPS,1,5,6,0.17
shPb,4,4,8,0.5
shPh,0,1,1,0.0
shPl,2,2,4,0.5
shPm,6,6,12,0.5
shPn,3,3,6,0.5
shPs,3,2,5,0.6
shPt,0,1,1,0.0
shSB,3,7,10,0.3
shSD,1,2,3,0.33
shSH,2,6,8,0.25
shSI,1,0,1,1.0
shSL,2,3,5,0.4
shSM,3,6,9,0.33
shSN,1,2,3,0.33
shSP,4,2,6,0.67
shSS,5,11,16,0.31
shSb,2,4,6,0.33
shSh,0,1,1,0.0
shSl,0,1,1,0.0
shSm,6,1,7,0.86
shSn,2,2,4,0.5
shSs,7,3,10,0.7
shSt,0,1,1,0.0
shbB,1,2,3,0.33
shbD,0,1,1,0.0
shbH,2,2,4,0.5
shbJ,0,1,1,0.0
shbL,1,0,1,1.0
shbM,1,5,6,0.17
shbN,3,2,5,0.6
shbP,2,2,4,0.5
shbS,3,2,5,0.6
shbb,2,5,7,0.29
shbl,1,0,1,1.0
shbm,3,1,4,0.75
shbn,1,3,4,0.25
shbs,2,4,6,0.33
shhD,1,0,1,1.0
shhH,1,0,1,1.0
shhI,1,0,1,1.0
shhL,0,1,1,0.0
shhM,1,5,6,0.17
shhN,1,4,5,0.2
shhP,1,5,6,0.17
shhS,1,4,5,0.2
shhb,1,7,8,0.12
shhh,2,3,5,0.4
shhl,1,1,2,0.5
shhm,7,4,11,0.64
shhn,3,1,4,0.75
shhs,4,4,8,0.5
shht,1,0,1,1.0
shlD,1,0,1,1.0
shlH,1,0,1,1.0
shlJ,1,2,3,0.33
shlL,1,2,3,0.33
shlM,0,1,1,0.0
shlN,4,0,4,1.0
shlP,3,1,4,0.75
shlS,2,1,3,0.67
shlb,0,1,1,0.0
shlm,0,3,3,0.0
shln,3,0,3,1.0
shls,1,0,1,1.0
shmB,0,6,6,0.0
shmD,1,0,1,1.0
shmH,3,4,7,0.43
shmI,0,1,1,0.0
shmJ,1,2,3,0.33
shmK,0,1,1,0.0
shmL,3,0,3,1.0
shmM,6,8,14,0.43
shmN,7,3,10,0.7
shmP,7,5,12,0.58
shmS,4,2,6,0.67
shmb,7,4,11,0.64
shmh,1,1,2,0.5
shml,2,1,3,0.67
shmm,2,3,5,0.4
shmn,1,4,5,0.2
shms,3,6,9,0.33
shnB,5,2,7,0.71
shnD,2,0,2,1.0
shnH,1,2,3,0.33
shnI,3,1,4,0.75
shnK,0,0,0,
shnL,1,0,1,1.0
shnM,2,11,13,0.15
shnN,5,1,6,0.83
shnP,4,3,7,0.57
shnS,3,4,7,0.43
shnb,1,6,7,0.14
shnl,1,0,1,1.0
shnm,5,3,8,0.62
shnn,3,4,7,0.43
shns,6,4,10,0.6
shsB,4,3,7,0.57
shsH,2,1,3,0.67
shsI,0,1,1,0.0
shsL,1,0,1,1.0
shsM,3,5,8,0.38
shsN,2,3,5,0.4
shsP,7,5,12,0.58
shsS,6,4,10,0.6
shsb,3,4,7,0.43
shsl,2,0,2,1.0
shsm,4,5,9,0.44
shsn,2,1,3,0.67
shss,3,2,5,0.6
shtB,0,1,1,0.0
shtM,0,2,2,0.0
shtP,0,1,1,0.0
shtS,1,0,1,1.0
shts,0,2,2,0.0
slBB,9,11,20,0.45
slBD,2,2,4,0.5
slBH,0,1,1,0.0
slBK,3,2,5,0.6
slBL,7,4,11,0.64
slBM,5,20,25,0.2
slBN,9,15,24,0.38
slBP,9,20,29,0.31
slBS,10,6,16,0.62
slBb,16,14,30,0.53
slBh,3,1,4,0.75
slBj,5,4,9,0.56
slBl,5,7,12,0.42
slBm,10,8,18,0.56
slBn,19,13,32,0.59
slBs,9,7,16,0.56
slBt,0,1,1,0.0
slDB,2,0,2,1.0
slDD,0,0,0,
slDH,0,1,1,0.0
slDI,0,1,1,0.0
slDL,0,2,2,0.0
slDM,2,1,3,0.67
slDN,0,1,1,0.0
slDP,1,2,3,0.33
slDS,2,4,6,0.33
slDb,0,2,2,0.0
slDm,0,1,1,0.0
slDn,2,2,4,0.5
slDs,4,1,5,0.8
slDt,1,0,1,1.0
slHB,5,6,11,0.45
slHD,0,2,2,0.0
slHH,3,3,6,0.5
slHK,1,0,1,1.0
slHL,4,4,8,0.5
slHM,12,9,21,0.57
slHN,5,9,14,0.36
slHP,10,12,22,0.45
slHS,5,11,16,0.31
slHb,9,6,15,0.6
slHh,2,6,8,0.25
slHl,4,0,4,1.0
slHm,11,10,21,0.52
slHn,11,8,19,0.58
slHs,14,3,17,0.82
slHt,2,2,4,0.5
slIB,1,2,3,0.33
slID,0,1,1,0.0
slIH,1,2,3,0.33
slII,0,0,0,
slIM,1,3,4,0.25
slIN,1,0,1,1.0
slIP,0,3,3,0.0
slIS,0,2,2,0.0
slIb,0,6,6,0.0
slIl,1,2,3,0.33
slIm,6,1,7,0.86
slIn,1,1,2,0.5
slIs,1,3,4,0.25
slJB,2,6,8,0.25
slJD,0,2,2,0.0
slJH,1,0,1,1.0
slJI,1,0,1,1.0
slJL,4,1,5,0.8
slJM,4,4,8,0.5
slJN,4,2,6,0.67
slJP,4,8,12,0.33
slJS,5,5,10,0.5
slJb,4,1,5,0.8
slJh,0,1,1,0.0
slJl,1,0,1,1.0
slJm,4,4,8,0.5
slJn,1,1,2,0.5
slJs,3,2,5,0.6
slJt,1,0,1,1.0
slKB,3,1,4,0.75
slKH,0,2,2,0.0
slKL,0,1,1,0.0
slKM,0,2,2,0.0
slKP,0,1,1,0.0
slKS,0,3,3,0.0
slKb,0,1,1,0.0
slKm,0,2,2,0.0
slKn,2,1,3,0.67
slKs,1,1,2,0.5
slLB,6,2,8,0.75
slLK,0,1,1,0.0
slLL,1,6,7,0.14
slLM,5,4,9,0.56
slLN,3,3,6,0.5
slLP,10,9,19,0.53
slLS,5,4,9,0.56
slLb,3,3,6,0.5
slLh,2,1,3,0.67
slLj,2,0,2,1.0
slLl,0,3,3,0.0
slLm,7,3,10,0.7
slLn,8,4,12,0.67
slLs,8,7,15,0.53
slLt,1,1,2,0.5
slMB,11,14,25,0.44
slMD,6,0,6,1.0
slMI,2,0,2,1.0
slMK,3,1,4,0.75
slML,6,6,12,0.5
slMM,14,14,28,0.5
slMN,16,17,33,0.48
slMP,7,19,26,0.27
slMS,13,9,22,0.59
slMb,16,9,25,0.64
slMh,21,13,34,0.62
slMj,1,3,4,0.25
slMl,6,4,10,0.6
slMm,22,14,36,0.61
slMn,26,19,45,0.58
slMs,21,14,35,0.6
slMt,2,4,6,0.33
slNB,9,18,27,0.33
slND,3,4,7,0.43
slNH,4,4,8,0.5
slNI,0,1,1,0.0
slNK,1,2,3,0.33
slNL,5,9,14,0.36
slNM,18,18,36,0.5
slNN,16,30,46,0.35
slNP,20,17,37,0.54
slNS,17,17,34,0.5
slNb,12,16,28,0.43
slNh,1,7,8,0.12
slNl,2,4,6,0.33
slNm,18,18,36,0.5
slNn,24,12,36,0.67
slNs,10,24,34,0.29
slNt,4,1,5,0.8
slPB,14,11,25,0.56
slPD,1,0,1,1.0
slPH,3,0,3,1.0
slPI,3,0,3,1.0
slPK,3,3,6,0.5
slPL,10,4,14,0.71
slPM,13,23,36,0.36
slPN,11,13,24,0.46
slPP,30,19,49,0.61
slPS,15,14,29,0.52
slPb,16,17,33,0.48
slPh,3,4,7,0.43
slPl,8,6,14,0.57
slPm,14,9,23,0.61
slPn,19,13,32,0.59
slPs,18,6,24,0.75
slPt,1,2,3,0.33
slSB,7,10,17,0.41
slSD,1,2,3,0.33
slSH,3,5,8,0.38
slSI,0,0,0,
slSK,0,0,0,
slSL,6,5,11,0.55
slSM,11,19,30,0.37
slSN,12,14,26,0.46
slSP,11,8,19,0.58
slSS,18,14,32,0.56
slSb,8,6,14,0.57
slSh,4,6,10,0.4
slSl,5,6,11,0.45
slSm,13,8,21,0.62
slSn,14,7,21,0.67
slSs,14,14,28,0.5
slSt,0,0,0,
slbB,19,20,39,0.49
slbD,1,0,1,1.0
slbH,3,1,4,0.75
slbI,2,0,2,1.0
slbJ,4,7,11,0.36
slbK,1,5,6,0.17
slbL,9,3,12,0.75
slbM,13,15,28,0.46
slbN,11,12,23,0.48
slbP,13,16,29,0.45
slbS,4,11,15,0.27
slbb,17,17,34,0.5
slbl,4,2,6,0.67
slbm,9,10,19,0.47
slbn,9,9,18,0.5
slbs,4,2,6,0.67
slhB,0,1,1,0.0
slhH,0,1,1,0.0
slhS,0,1,1,0.0
slhl,0,1,1,0.0
sllB,4,5,9,0.44
sllH,2,4,6,0.33
sllI,1,1,2,0.5
sllJ,0,0,0,
sllK,0,0,0,
sllL,3,1,4,0.75
sllM,8,7,15,0.53
sllN,5,5,10,0.5
sllP,4,8,12,0.33
sllS,2,2,4,0.5
sllb,7,4,11,0.64
slll,3,5,8,0.38
sllm,5,4,9,0.56
slln,4,3,7,0.57
slls,2,4,6,0.33
slmB,12,16,28,0.43
slmD,4,6,10,0.4
slmH,12,7,19,0.63
slmI,2,0,2,1.0
slmJ,3,4,7,0.43
slmL,6,3,9,0.67
slmM,11,12,23,0.48
slmN,10,19,29,0.34
slmP,12,16,28,0.43
slmS,8,6,14,0.57
slmb,20,8,28,0.71
slmh,0,1,1,0.0
slml,4,3,7,0.57
slmm,19,6,25,0.76
slmn,13,4,17,0.76
slms,9,6,15,0.6
slnB,14,7,21,0.67
slnD,1,1,2,0.5
slnH,9,9,18,0.5
slnI,1,2,3,0.33
slnK,0,0,0,
slnL,3,5,8,0.38
slnM,16,22,38,0.42
slnN,12,17,29,0.41
slnP,23,18,41,0.56
slnS,11,5,16,0.69
slnb,8,11,19,0.42
slnh,1,0,1,1.0
slnl,2,8,10,0.2
slnm,15,6,21,0.71
slnn,12,10,22,0.55
slns,12,5,17,0.71
slsB,7,8,15,0.47
slsD,4,0,4,1.0
slsH,4,12,16,0.25
slsI,2,1,3,0.67
slsL,3,5,8,0.38
slsM,11,17,28,0.39
slsN,8,19,27,0.3
slsP,11,9,20,0.55
slsS,15,6,21,0.71
slsb,11,10,21,0.52
slsh,0,0,0,
slsl,8,5,13,0.62
slsm,13,5,18,0.72
slsn,7,7,14,0.5
slss,14,13,27,0.52
smBB,41,31,72,0.57
smBD,6,3,9,0.67
smBH,0,1,1,0.0
smBI,1,0,1,1.0
smBK,4,3,7,0.57
smBL,8,7,15,0.53
smBM,37,43,80,0.46
smBN,44,53,97,0.45
smBP,37,39,76,0.49
smBS,30,28,58,0.52
smBb,37,37,74,0.5
smBh,4,3,7,0.57
smBj,10,8,18,0.56
smBl,6,7,13,0.46
smBm,46,41,87,0.53
smBn,55,49,104,0.53
smBs,28,26,54,0.52
smBt,9,4,13,0.69
smDB,5,5,10,0.5
smDD,1,4,5,0.2
smDH,4,9,13,0.31
smDI,1,1,2,0.5
smDL,2,2,4,0.5
smDM,10,13,23,0.43
smDN,12,5,17,0.71
smDP,9,10,19,0.47
smDS,10,10,20,0.5
smDb,14,8,22,0.64
smDl,3,3,6,0.5
smDm,14,9,23,0.61
smDn,11,5,16,0.69
smDs,4,3,7,0.57
smDt,1,4,5,0.2
smHB,31,29,60,0.52
smHD,4,4,8,0.5
smHH,17,5,22,0.77
smHI,5,2,7,0.71
smHK,7,2,9,0.78
smHL,16,11,27,0.59
smHM,39,53,92,0.42
smHN,40,39,79,0.51
smHP,35,39,74,0.47
smHS,39,42,81,0.48
smHb,34,44,78,0.44
smHh,22,26,48,0.46
smHl,18,6,24,0.75
smHm,49,45,94,0.52
smHn,46,42,88,0.52
smHs,32,34,66,0.48
smHt,2,5,7,0.29
smIB,6,4,10,0.6
smID,1,0,1,1.0
smIH,2,4,6,0.33
smII,1,0,1,1.0
smIL,1,2,3,0.33
smIM,5,7,12,0.42
smIN,7,9,16,0.44
smIP,5,3,8,0.62
smIS,4,3,7,0.57
smIb,3,5,8,0.38
smIl,1,2,3,0.33
smIm,4,3,7,0.57
smIn,4,3,7,0.57
smIs,6,4,10,0.6
smJB,8,6,14,0.57
smJD,3,2,5,0.6
smJH,1,3,4,0.25
smJI,1,4,5,0.2
smJK,0,1,1,0.0
smJL,6,6,12,0.5
smJM,10,12,22,0.45
smJN,20,6,26,0.77
smJP,10,14,24,0.42
smJS,17,7,24,0.71
smJb,12,17,29,0.41
smJh,0,0,0,
smJl,1,3,4,0.25
smJm,9,14,23,0.39
smJn,12,10,22,0.55
smJs,7,7,14,0.5
smJt,0,3,3,0.0
smKB,0,2,2,0.0
smKD,0,1,1,0.0
smKI,0,1,1,0.0
smKL,1,1,2,0.5
smKM,1,4,5,0.2
smKN,1,0,1,1.0
smKP,1,0,1,1.0
smKS,0,1,1,0.0
smKb,0,1,1,0.0
smKh,1,2,3,0.33
smKm,2,0,2,1.0
smKn,2,0,2,1.0
smKs,1,3,4,0.25
smLB,15,10,25,0.6
smLD,3,2,5,0.6
smLH,0,1,1,0.0
smLK,2,2,4,0.5
smLL,3,6,9,0.33
smLM,15,14,29,0.52
smLN,15,16,31,0.48
smLP,12,16,28,0.43
smLS,5,8,13,0.38
smLb,10,13,23,0.43
smLh,5,4,9,0.56
smLj,2,3,5,0.4
smLl,5,2,7,0.71
smLm,21,13,34,0.62
smLn,18,16,34,0.53
smLs,14,8,22,0.64
smLt,3,0,3,1.0
smMB,34,45,79,0.43
smMD,13,6,19,0.68
smMK,3,1,4,0.75
smML,9,7,16,0.56
smMM,54,57,111,0.49
smMN,72,55,127,0.57
smMP,58,54,112,0.52
smMS,51,55,106,0.48
smMb,36,32,68,0.53
smMh,50,39,89,0.56
smMj,5,9,14,0.36
smMl,15,12,27,0.56
smMm,51,51,102,0.5
smMn,92,94,186,0.49
smMs,51,50,101,0.5
smMt,6,13,19,0.32
smNB,39,41,80,0.49
smND,8,10,18,0.44
smNH,15,21,36,0.42
smNI,1,1,2,0.5
smNK,0,11,11,0.0
smNL,10,10,20,0.5
smNM,49,62,111,0.44
smNN,76,65,141,0.54
smNP,79,59,138,0.57
smNS,69,60,129,0.53
smNb,39,42,81,0.48
smNh,17,12,29,0.59
smNl,17,13,30,0.57
smNm,74,54,128,0.58
smNn,86,72,158,0.54
smNs,52,56,108,0.48
smNt,12,12,24,0.5
smPB,44,46,90,0.49
smPD,7,12,19,0.37
smPH,8,8,16,0.5
smPI,11,5,16,0.69
smPK,5,8,13,0.38
smPL,11,20,31,0.35
smPM,46,69,115,0.4
smPN,50,52,102,0.49
smPP,48,70,118,0.41
smPS,43,45,88,0.49
smPb,48,50,98,0.49
smPh,5,5,10,0.5
smPl,18,11,29,0.62
smPm,50,44,94,0.53
smPn,54,46,100,0.54
smPs,39,51,90,0.43
smPt,8,6,14,0.57
smSB,38,25,63,0.6
smSD,9,5,14,0.64
smSH,16,14,30,0.53
smSI,3,2,5,0.6
smSL,7,8,15,0.47
smSM,52,52,104,0.5
smSN,50,49,99,0.51
smSP,28,39,67,0.42
smSS,67,61,128,0.52
smSb,36,22,58,0.62
smSh,17,29,46,0.37
smSl,8,5,13,0.62
smSm,42,40,82,0.51
smSn,59,46,105,0.56
smSs,63,49,112,0.56
smSt,6,7,13,0.46
smbB,70,52,122,0.57
smbD,4,6,10,0.4
smbH,12,16,28,0.43
smbI,5,5,10,0.5
smbJ,12,8,20,0.6
smbK,6,6,12,0.5
smbL,11,19,30,0.37
smbM,33,67,100,0.33
smbN,74,77,151,0.49
smbP,43,55,98,0.44
smbS,26,24,50,0.52
smbb,57,53,110,0.52
smbl,11,11,22,0.5
smbm,52,28,80,0.65
smbn,52,46,98,0.53
smbs,20,14,34,0.59
smhB,1,1,2,0.5
smhD,0,1,1,0.0
smhH,0,1,1,0.0
smhI,0,0,0,
smhM,1,1,2,0.5
smhb,1,0,1,1.0
smhh,0,0,0,
smhm,1,0,1,1.0
smhn,0,0,0,
smht,1,0,1,1.0
smlB,12,5,17,0.71
smlD,1,2,3,0.33
smlH,5,10,15,0.33
smlI,1,3,4,0.25
smlJ,6,1,7,0.86
smlK,0,1,1,0.0
smlL,6,3,9,0.67
smlM,9,23,32,0.28
smlN,13,10,23,0.57
smlP,13,13,26,0.5
smlS,14,6,20,0.7
smlb,14,9,23,0.61
smll,4,2,6,0.67
smlm,8,9,17,0.47
smln,9,6,15,0.6
smls,10,11,21,0.48
smmB,62,53,115,0.54
smmD,12,11,23,0.52
smmH,42,29,71,0.59
smmI,2,7,9,0.22
smmJ,9,6,15,0.6
smmK,3,2,5,0.6
smmL,13,11,24,0.54
smmM,57,60,117,0.49
smmN,66,64,130,0.51
smmP,71,51,122,0.58
smmS,29,34,63,0.46
smmb,49,41,90,0.54
smmh,0,1,1,0.0
smml,16,11,27,0.59
smmm,54,41,95,0.57
smmn,47,48,95,0.49
smms,38,22,60,0.63
smnB,35,42,77,0.45
smnD,6,8,14,0.43
smnH,30,24,54,0.56
smnI,12,20,32,0.38
smnK,6,2,8,0.75
smnL,10,12,22,0.45
smnM,24,62,86,0.28
smnN,68,72,140,0.49
smnP,64,49,113,0.57
smnS,40,36,76,0.53
smnb,54,34,88,0.61
smnh,2,2,4,0.5
smnl,9,14,23,0.39
smnm,52,48,100,0.52
smnn,50,42,92,0.54
smns,36,31,67,0.54
smsB,23,26,49,0.47
smsD,9,9,18,0.5
smsH,30,33,63,0.48
smsI,7,10,17,0.41
smsK,0,1,1,0.0
smsL,11,8,19,0.58
smsM,34,43,77,0.44
smsN,35,44,79,0.44
smsP,36,34,70,0.51
smsS,34,38,72,0.47
smsb,34,20,54,0.63
smsh,3,4,7,0.43
smsl,7,8,15,0.47
smsm,39,34,73,0.53
smsn,35,24,59,0.59
smss,39,33,72,0.54
smst,2,0,2,1.0
smtm,1,0,1,1.0
smtn,1,0,1,1.0
smts,1,0,1,1.0
snBB,36,30,66,0.55
snBD,9,5,14,0.64
snBK,2,2,4,0.5
snBL,4,3,7,0.57
snBM,24,26,50,0.48
snBN,32,39,71,0.45
snBP,25,35,60,0.42
snBS,18,19,37,0.49
snBb,25,23,48,0.52
snBh,3,3,6,0.5
snBj,4,5,9,0.44
snBl,10,9,19,0.53
snBm,28,26,54,0.52
snBn,39,35,74,0.53
snBs,18,19,37,0.49
snBt,1,4,5,0.2
snDB,3,7,10,0.3
snDD,4,4,8,0.5
snDH,8,6,14,0.57
snDI,1,0,1,1.0
snDL,1,3,4,0.25
snDM,6,9,15,0.4
snDN,11,7,18,0.61
snDP,6,12,18,0.33
snDS,10,14,24,0.42
snDb,5,6,11,0.45
snDl,4,2,6,0.67
snDm,4,8,12,0.33
snDn,9,5,14,0.64
snDs,8,6,14,0.57
snDt,3,1,4,0.75
snHB,17,23,40,0.42
snHD,1,5,6,0.17
snHH,3,9,12,0.25
snHI,6,4,10,0.6
snHK,2,2,4,0.5
snHL,8,9,17,0.47
snHM,20,27,47,0.43
snHN,21,31,52,0.4
snHP,28,39,67,0.42
snHS,35,28,63,0.56
snHb,19,23,42,0.45
snHh,13,15,28,0.46
snHl,11,1,12,0.92
snHm,28,20,48,0.58
snHn,30,36,66,0.45
snHs,30,27,57,0.53
snHt,2,2,4,0.5
snIB,5,5,10,0.5
snID,2,2,4,0.5
snIH,3,4,7,0.43
snII,2,1,3,0.67
snIL,2,2,4,0.5
snIM,3,10,13,0.23
snIN,4,7,11,0.36
snIP,2,7,9,0.22
snIS,6,5,11,0.55
snIb,7,7,14,0.5
snIh,0,1,1,0.0
snIl,3,5,8,0.38
snIm,11,4,15,0.73
snIn,9,8,17,0.53
snIs,6,5,11,0.55
snIt,3,0,3,1.0
snKB,4,5,9,0.44
snKD,1,1,2,0.5
snKH,1,2,3,0.33
snKI,1,0,1,1.0
snKL,2,1,3,0.67
snKM,2,7,9,0.22
snKN,2,4,6,0.33
snKP,4,4,8,0.5
snKS,1,4,5,0.2
snKb,2,1,3,0.67
snKh,1,3,4,0.25
snKl,1,0,1,1.0
snKm,5,2,7,0.71
snKn,3,2,5,0.6
snKs,3,3,6,0.5
snLB,10,8,18,0.56
snLD,1,0,1,1.0
snLL,5,4,9,0.56
snLM,3,12,15,0.2
snLN,10,7,17,0.59
snLP,10,12,22,0.45
snLS,10,5,15,0.67
snLb,6,8,14,0.43
snLh,2,5,7,0.29
snLj,0,2,2,0.0
snLl,3,6,9,0.33
snLm,12,13,25,0.48
snLn,19,11,30,0.63
snLs,5,14,19,0.26
snLt,4,3,7,0.57
snMB,40,43,83,0.48
snMD,9,4,13,0.69
snMH,2,1,3,0.67
snMI,1,0,1,1.0
snMK,2,1,3,0.67
snML,14,9,23,0.61
snMM,34,41,75,0.45
snMN,41,43,84,0.49
snMP,37,36,73,0.51
snMS,30,33,63,0.48
snMb,31,32,63,0.49
snMh,33,22,55,0.6
snMj,6,6,12,0.5
snMl,8,8,16,0.5
snMm,52,48,100,0.52
snMn,61,59,120,0.51
snMs,36,43,79,0.46
snMt,7,0,7,1.0
snNB,40,33,73,0.55
snND,16,12,28,0.57
snNH,10,14,24,0.42
snNI,0,2,2,0.0
snNK,6,5,11,0.55
snNL,13,11,24,0.54
snNM,49,56,105,0.47
snNN,54,78,132,0.41
snNP,64,59,123,0.52
snNS,52,70,122,0.43
snNb,21,40,61,0.34
snNh,13,18,31,0.42
snNl,15,13,28,0.54
snNm,63,41,104,0.61
snNn,70,72,142,0.49
snNs,55,58,113,0.49
snNt,9,6,15,0.6
snPB,34,31,65,0.52
snPD,5,6,11,0.45
snPH,15,11,26,0.58
snPI,5,4,9,0.56
snPK,4,8,12,0.33
snPL,14,14,28,0.5
snPM,53,62,115,0.46
snPN,50,55,105,0.48
snPP,59,66,125,0.47
snPS,57,44,101,0.56
snPb,44,31,75,0.59
snPh,4,5,9,0.44
snPl,13,19,32,0.41
snPm,52,46,98,0.53
snPn,47,39,86,0.55
snPs,43,51,94,0.46
snPt,7,4,11,0.64
snSB,32,17,49,0.65
snSD,12,8,20,0.6
snSH,13,20,33,0.39
snSI,4,4,8,0.5
snSK,5,4,9,0.56
snSL,19,10,29,0.66
snSM,56,52,108,0.52
snSN,37,36,73,0.51
snSP,37,45,82,0.45
snSS,69,62,131,0.53
snSb,35,18,53,0.66
snSh,29,28,57,0.51
snSl,8,8,16,0.5
snSm,55,30,85,0.65
snSn,48,49,97,0.49
snSs,57,53,110,0.52
snSt,9,7,16,0.56
snbB,19,28,47,0.4
snbD,4,3,7,0.57
snbH,13,5,18,0.72
snbI,6,2,8,0.75
snbJ,15,4,19,0.79
snbK,2,5,7,0.29
snbL,4,4,8,0.5
snbM,31,33,64,0.48
snbN,48,36,84,0.57
snbP,43,26,69,0.62
snbS,20,28,48,0.42
snbb,44,30,74,0.59
snbh,0,0,0,
snbl,12,7,19,0.63
snbm,34,29,63,0.54
snbn,40,30,70,0.57
snbs,22,18,40,0.55
snhB,3,0,3,1.0
snhH,0,3,3,0.0
snhI,1,0,1,1.0
snhL,0,1,1,0.0
snhM,3,2,5,0.6
snhN,1,0,1,1.0
snhP,2,1,3,0.67
snhS,1,1,2,0.5
snhb,0,1,1,0.0
snhh,1,3,4,0.25
snhm,1,3,4,0.25
snhn,1,4,5,0.2
snhs,0,0,0,
snht,1,0,1,1.0
snlB,4,9,13,0.31
snlD,0,1,1,0.0
snlH,7,1,8,0.88
snlI,2,2,4,0.5
snlJ,3,2,5,0.6
snlK,0,0,0,
snlL,3,3,6,0.5
snlM,15,13,28,0.54
snlN,13,11,24,0.54
snlP,10,4,14,0.71
snlS,9,7,16,0.56
snlb,11,9,20,0.55
snll,4,2,6,0.67
snlm,12,10,22,0.55
snln,10,13,23,0.43
snls,7,13,20,0.35
snmB,43,45,88,0.49
snmD,11,10,21,0.52
snmH,36,22,58,0.62
snmI,7,5,12,0.58
snmJ,10,8,18,0.56
snmK,0,2,2,0.0
snmL,8,9,17,0.47
snmM,35,36,71,0.49
snmN,57,62,119,0.48
snmP,38,38,76,0.5
snmS,42,24,66,0.64
snmb,48,42,90,0.53
snmh,1,0,1,1.0
snml,2,7,9,0.22
snmm,45,36,81,0.56
snmn,54,45,99,0.55
snms,24,24,48,0.5
snnB,36,36,72,0.5
snnD,3,7,10,0.3
snnH,22,22,44,0.5
snnI,7,7,14,0.5
snnK,4,6,10,0.4
snnL,15,9,24,0.62
snnM,42,56,98,0.43
snnN,71,59,130,0.55
snnP,52,55,107,0.49
snnS,45,37,82,0.55
snnb,26,39,65,0.4
snnh,2,0,2,1.0
snnl,11,11,22,0.5
snnm,33,46,79,0.42
snnn,48,46,94,0.51
snns,43,30,73,0.59
snnt,1,1,2,0.5
snsB,17,23,40,0.42
snsD,14,8,22,0.64
snsH,40,27,67,0.6
snsI,5,10,15,0.33
snsK,1,1,2,0.5
snsL,11,3,14,0.79
snsM,38,40,78,0.49
snsN,37,50,87,0.43
snsP,36,38,74,0.49
snsS,55,50,105,0.52
snsb,26,31,57,0.46
snsh,4,7,11,0.36
snsl,11,6,17,0.65
snsm,43,38,81,0.53
snsn,33,37,70,0.47
snss,49,49,98,0.5
snst,1,3,4,0.25
sntH,0,1,1,0.0
sntL,1,0,1,1.0
sntM,0,0,0,
sntN,1,0,1,1.0
sntP,1,0,1,1.0
sntS,2,1,3,0.67
sntb,0,1,1,0.0
sntl,0,1,1,0.0
sntm,1,0,1,1.0
sntn,1,1,2,0.5
snts,0,1,1,0.0
ssBB,34,19,53,0.64
ssBD,6,3,9,0.67
ssBH,1,0,1,1.0
ssBK,1,5,6,0.17
ssBL,5,7,12,0.42
ssBM,24,30,54,0.44
ssBN,41,39,80,0.51
ssBP,29,23,52,0.56
ssBS,25,24,49,0.51
ssBb,23,23,46,0.5
ssBh,2,6,8,0.25
ssBj,5,10,15,0.33
ssBl,8,4,12,0.67
ssBm,34,36,70,0.49
ssBn,52,49,101,0.51
ssBs,25,29,54,0.46
ssBt,10,5,15,0.67
ssDB,8,10,18,0.44
ssDD,5,6,11,0.45
ssDH,8,16,24,0.33
ssDI,1,0,1,1.0
ssDL,1,3,4,0.25
ssDM,10,8,18,0.56
ssDN,10,6,16,0.62
ssDP,10,9,19,0.53
ssDS,9,20,29,0.31
ssDb,10,4,14,0.71
ssDh,0,1,1,0.0
ssDl,3,4,7,0.43
ssDm,11,9,20,0.55
ssDn,10,11,21,0.48
ssDs,11,12,23,0.48
ssDt,2,5,7,0.29
ssHB,31,29,60,0.52
ssHD,11,12,23,0.48
ssHH,14,21,35,0.4
ssHI,9,8,17,0.53
ssHK,3,7,10,0.3
ssHL,7,17,24,0.29
ssHM,71,69,140,0.51
ssHN,48,56,104,0.46
ssHP,52,59,111,0.47
ssHS,85,76,161,0.53
ssHb,30,23,53,0.57
ssHh,24,26,50,0.48
ssHl,20,13,33,0.61
ssHm,55,52,107,0.51
ssHn,55,51,106,0.52
ssHs,75,91,166,0.45
ssHt,7,8,15,0.47
ssIB,5,5,10,0.5
ssID,1,1,2,0.5
ssIH,4,7,11,0.36
ssII,0,3,3,0.0
ssIL,1,2,3,0.33
ssIM,7,18,25,0.28
ssIN,9,10,19,0.47
ssIP,9,12,21,0.43
ssIS,13,9,22,0.59
ssIb,7,7,14,0.5
ssIh,0,2,2,0.0
ssIl,3,4,7,0.43
ssIm,12,13,25,0.48
ssIn,8,6,14,0.57
ssIs,11,9,20,0.55
ssIt,1,2,3,0.33
ssKB,1,1,2,0.5
ssKH,1,1,2,0.5
ssKM,0,1,1,0.0
ssKN,4,1,5,0.8
ssKP,2,0,2,1.0
ssKS,0,1,1,0.0
ssKh,1,2,3,0.33
ssKl,0,0,0,
ssKm,2,2,4,0.5
ssKn,1,1,2,0.5
ssKs,2,0,2,1.0
ssKt,1,0,1,1.0
ssLB,11,7,18,0.61
ssLD,0,2,2,0.0
ssLH,0,1,1,0.0
ssLK,2,0,2,1.0
ssLL,7,2,9,0.78
ssLM,3,15,18,0.17
ssLN,16,13,29,0.55
ssLP,21,17,38,0.55
ssLS,10,10,20,0.5
ssLb,6,9,15,0.4
ssLh,5,8,13,0.38
ssLj,3,2,5,0.6
ssLl,4,5,9,0.44
ssLm,14,16,30,0.47
ssLn,14,17,31,0.45
ssLs,19,19,38,0.5
ssLt,1,5,6,0.17
ssMB,54,47,101,0.53
ssMD,11,9,20,0.55
ssMH,1,0,1,1.0
ssMK,2,2,4,0.5
ssML,8,14,22,0.36
ssMM,53,68,121,0.44
ssMN,48,53,101,0.48
ssMP,38,45,83,0.46
ssMS,46,52,98,0.47
ssMb,31,39,70,0.44
ssMh,47,42,89,0.53
ssMj,12,10,22,0.55
ssMl,12,12,24,0.5
ssMm,62,55,117,0.53
ssMn,81,76,157,0.52
ssMs,52,63,115,0.45
ssMt,13,7,20,0.65
ssNB,49,44,93,0.53
ssND,10,14,24,0.42
ssNH,13,7,20,0.65
ssNI,1,2,3,0.33
ssNK,10,3,13,0.77
ssNL,10,13,23,0.43
ssNM,49,61,110,0.45
ssNN,59,74,133,0.44
ssNP,57,63,120,0.48
ssNS,70,74,144,0.49
ssNb,43,25,68,0.63
ssNh,17,15,32,0.53
ssNl,8,14,22,0.36
ssNm,65,45,110,0.59
ssNn,60,59,119,0.5
ssNs,75,55,130,0.58
ssNt,9,13,22,0.41
ssPB,43,34,77,0.56
ssPD,5,3,8,0.62
ssPH,16,19,35,0.46
ssPI,8,7,15,0.53
ssPK,8,12,20,0.4
ssPL,10,25,35,0.29
ssPM,53,48,101,0.52
ssPN,36,48,84,0.43
ssPP,58,57,115,0.5
ssPS,59,65,124,0.48
ssPb,38,38,76,0.5
ssPh,6,7,13,0.46
ssPl,11,13,24,0.46
ssPm,65,51,116,0.56
ssPn,59,47,106,0.56
ssPs,58,47,105,0.55
ssPt,7,8,15,0.47
ssSB,47,47,94,0.5
ssSD,15,17,32,0.47
ssSH,30,39,69,0.43
ssSI,10,2,12,0.83
ssSK,0,3,3,0.0
ssSL,27,22,49,0.55
ssSM,98,102,200,0.49
ssSN,71,76,147,0.48
ssSP,55,75,130,0.42
ssSS,154,170,324,0.48
ssSb,49,36,85,0.58
ssSh,39,52,91,0.43
ssSl,21,17,38,0.55
ssSm,95,91,186,0.51
ssSn,85,95,180,0.47
ssSs,162,153,315,0.51
ssSt,14,26,40,0.35
ssbB,32,36,68,0.47
ssbD,3,4,7,0.43
ssbH,5,8,13,0.38
ssbI,2,3,5,0.4
ssbJ,9,9,18,0.5
ssbK,5,4,9,0.56
ssbL,6,12,18,0.33
ssbM,39,48,87,0.45
ssbN,50,35,85,0.59
ssbP,42,31,73,0.58
ssbS,19,27,46,0.41
ssbb,40,33,73,0.55
ssbl,15,7,22,0.68
ssbm,47,28,75,0.63
ssbn,39,23,62,0.63
ssbs,21,19,40,0.52
sshB,4,3,7,0.57
sshD,1,0,1,1.0
sshI,0,2,2,0.0
sshL,2,0,2,1.0
sshM,7,5,12,0.58
sshN,7,3,10,0.7
sshP,3,2,5,0.6
sshS,3,5,8,0.38
sshb,3,5,8,0.38
sshh,2,3,5,0.4
sshl,1,1,2,0.5
sshm,7,9,16,0.44
sshn,2,5,7,0.29
sshs,6,3,9,0.67
sslB,17,11,28,0.61
sslD,3,0,3,1.0
sslH,8,4,12,0.67
sslI,1,5,6,0.17
sslJ,3,4,7,0.43
sslK,3,2,5,0.6
sslL,5,9,14,0.36
sslM,16,21,37,0.43
sslN,19,23,42,0.45
sslP,14,12,26,0.54
sslS,21,12,33,0.64
sslb,19,6,25,0.76
ssll,3,2,5,0.6
sslm,14,13,27,0.52
ssln,12,9,21,0.57
ssls,14,22,36,0.39
ssmB,51,32,83,0.61
ssmD,5,8,13,0.38
ssmH,41,37,78,0.53
ssmI,4,5,9,0.44
ssmJ,17,13,30,0.57
ssmK,0,2,2,0.0
ssmL,10,14,24,0.42
ssmM,63,66,129,0.49
ssmN,54,79,133,0.41
ssmP,51,59,110,0.46
ssmS,49,52,101,0.49
ssmb,64,50,114,0.56
ssmh,0,2,2,0.0
ssml,15,15,30,0.5
ssmm,60,48,108,0.56
ssmn,49,52,101,0.49
ssms,47,32,79,0.59
ssnB,21,35,56,0.38
ssnD,7,8,15,0.47
ssnH,27,29,56,0.48
ssnI,8,12,20,0.4
ssnK,2,4,6,0.33
ssnL,5,13,18,0.28
ssnM,34,43,77,0.44
ssnN,68,57,125,0.54
ssnP,52,42,94,0.55
ssnS,58,60,118,0.49
ssnb,30,42,72,0.42
ssnh,2,1,3,0.67
ssnl,7,10,17,0.41
ssnm,49,40,89,0.55
ssnn,40,50,90,0.44
ssns,45,41,86,0.52
ssnt,0,1,1,0.0
sssB,38,43,81,0.47
sssD,16,12,28,0.57
sssH,69,81,150,0.46
sssI,8,12,20,0.4
sssK,4,3,7,0.57
sssL,19,20,39,0.49
sssM,64,79,143,0.45
sssN,75,58,133,0.56
sssP,64,66,130,0.49
sssS,132,141,273,0.48
sssb,52,34,86,0.6
sssh,6,2,8,0.75
sssl,25,15,40,0.62
sssm,73,51,124,0.59
sssn,55,60,115,0.48
ssss,106,107,213,0.5
ssst,4,1,5,0.8
sstB,1,1,2,0.5
sstH,2,1,3,0.67
sstI,0,1,1,0.0
sstM,1,0,1,1.0
sstN,3,3,6,0.5
sstP,2,1,3,0.67
sstS,2,3,5,0.4
sstb,3,1,4,0.75
sstl,1,0,1,1.0
sstm,5,3,8,0.62
sstn,1,1,2,0.5
ssts,0,0,0,
stBB,2,0,2,1.0
stBK,0,1,1,0.0
stBL,0,0,0,
stBM,0,1,1,0.0
stBN,1,3,4,0.25
stBP,1,0,1,1.0
stBS,2,0,2,1.0
stBb,1,0,1,1.0
stBj,0,1,1,0.0
stBm,0,0,0,
stBn,0,1,1,0.0
stBs,1,1,2,0.5
stBt,0,1,1,0.0
stDB,1,0,1,1.0
stDP,0,1,1,0.0
stDt,0,2,2,0.0
stHB,2,0,2,1.0
stHM,1,1,2,0.5
stHN,2,2,4,0.5
stHP,0,1,1,0.0
stHS,1,0,1,1.0
stHb,0,0,0,
stHh,0,0,0,
stHl,0,1,1,0.0
stHm,1,1,2,0.5
stHn,0,1,1,0.0
stHs,0,1,1,0.0
stIP,1,0,1,1.0
stIm,0,0,0,
stIn,1,0,1,1.0
stKP,0,1,1,0.0
stLM,1,0,1,1.0
stLN,1,0,1,1.0
stLP,1,1,2,0.5
stLm,0,0,0,
stLs,0,0,0,
stMB,1,1,2,0.5
stMM,1,1,2,0.5
stMN,0,2,2,0.0
stMP,2,1,3,0.67
stMS,0,0,0,
stMb,1,0,1,1.0
stMh,1,0,1,1.0
stMm,1,2,3,0.33
stMn,2,1,3,0.67
stMs,0,2,2,0.0
stNB,2,0,2,1.0
stND,1,0,1,1.0
stNH,0,1,1,0.0
stNM,1,2,3,0.33
stNN,2,2,4,0.5
stNP,0,1,1,0.0
stNS,0,1,1,0.0
stNb,0,1,1,0.0
stNh,0,2,2,0.0
stNm,2,1,3,0.67
stNn,3,0,3,1.0
stNs,2,1,3,0.67
stPB,2,1,3,0.67
stPK,1,0,1,1.0
stPM,1,2,3,0.33
stPN,1,1,2,0.5
stPP,1,1,2,0.5
stPS,1,1,2,0.5
stPb,0,1,1,0.0
stPh,0,2,2,0.0
stPm,1,2,3,0.33
stPn,1,1,2,0.5
stPs,1,1,2,0.5
stSB,2,1,3,0.67
stSH,1,1,2,0.5
stSM,2,3,5,0.4
stSN,1,2,3,0.33
stSP,3,2,5,0.6
stSS,2,1,3,0.67
stSb,3,0,3,1.0
stSh,3,0,3,1.0
stSl,0,1,1,0.0
stSm,3,2,5,0.6
stSn,2,1,3,0.67
stSs,3,4,7,0.43
stbB,0,1,1,0.0
stbH,0,1,1,0.0
stbJ,0,1,1,0.0
stbL,1,0,1,1.0
stbM,1,3,4,0.25
stbP,0,3,3,0.0
stbS,1,0,1,1.0
stbb,1,0,1,1.0
stbl,2,0,2,1.0
stbn,2,5,7,0.29
sthL,0,1,1,0.0
sthh,0,1,1,0.0
stlD,0,0,0,
stlJ,0,1,1,0.0
stlL,1,0,1,1.0
stlP,0,1,1,0.0
stlS,1,0,1,1.0
stls,0,1,1,0.0
stmB,3,0,3,1.0
stmH,0,1,1,0.0
stmM,3,3,6,0.5
stmN,1,0,1,1.0
stmP,2,1,3,0.67
stmS,1,1,2,0.5
stmb,1,0,1,1.0
stml,2,0,2,1.0
stmm,3,1,4,0.75
stmn,1,2,3,0.33
stms,3,0,3,1.0
stnB,0,1,1,0.0
stnL,0,0,0,
stnM,3,1,4,0.75
stnN,2,0,2,1.0
stnP,0,1,1,0.0
stnS,0,0,0,
stnb,0,2,2,0.0
stnm,1,0,1,1.0
stnn,2,2,4,0.5
stns,2,1,3,0.67
stsB,0,1,1,0.0
stsH,0,1,1,0.0
stsM,1,2,3,0.33
stsN,1,1,2,0.5
stsP,3,0,3,1.0
stsS,4,2,6,0.67
stsb,2,3,5,0.4
stsm,2,2,4,0.5
stsn,1,3,4,0.25
stss,2,1,3,0.67
sttn,0,1,1,0.0
stts,1,1,2,0.5
tBBB,6,11,17,0.35
tBBD,0,0,0,
tBBK,1,0,1,1.0
tBBL,0,3,3,0.0
tBBM,3,6,9,0.33
tBBN,5,6,11,0.45
tBBP,3,12,15,0.2
tBBS,3,4,7,0.43
tBBb,9,8,17,0.53
tBBj,1,1,2,0.5
tBBl,1,1,2,0.5
tBBm,4,7,11,0.36
tBBn,8,7,15,0.53
tBBs,4,2,6,0.67
tBBt,1,1,2,0.5
tBDB,0,1,1,0.0
tBDD,0,1,1,0.0
tBDH,0,2,2,0.0
tBDL,0,2,2,0.0
tBDN,0,1,1,0.0
tBDP,0,1,1,0.0
tBDS,0,1,1,0.0
tBDm,0,3,3,0.0
tBDn,2,0,2,1.0
tBDs,0,2,2,0.0
tBHB,1,0,1,1.0
tBHM,1,3,4,0.25
tBHS,0,1,1,0.0
tBIS,0,0,0,
tBKM,0,1,1,0.0
tBKP,0,1,1,0.0
tBKb,0,1,1,0.0
tBKm,2,1,3,0.67
tBKn,1,0,1,1.0
tBLB,0,1,1,0.0
tBLH,0,1,1,0.0
tBLM,1,2,3,0.33
tBLN,4,0,4,1.0
tBLP,0,0,0,
tBLS,2,1,3,0.67
tBLb,2,1,3,0.67
tBLj,1,1,2,0.5
tBLl,0,2,2,0.0
tBLm,0,4,4,0.0
tBLn,1,4,5,0.2
tBLs,0,1,1,0.0
tBLt,1,0,1,1.0
tBMB,1,4,5,0.2
tBMH,1,0,1,1.0
tBML,1,1,2,0.5
tBMM,8,2,10,0.8
tBMN,4,5,9,0.44
tBMP,7,4,11,0.64
tBMS,3,3,6,0.5
tBMb,4,4,8,0.5
tBMh,2,8,10,0.2
tBMj,1,2,3,0.33
tBMl,2,3,5,0.4
tBMm,3,5,8,0.38
tBMn,3,6,9,0.33
tBMs,4,2,6,0.67
tBMt,0,1,1,0.0
tBNB,7,4,11,0.64
tBNH,1,1,2,0.5
tBNK,1,1,2,0.5
tBNL,3,1,4,0.75
tBNM,2,7,9,0.22
tBNN,2,7,9,0.22
tBNP,4,7,11,0.36
tBNS,4,4,8,0.5
tBNb,2,6,8,0.25
tBNh,2,3,5,0.4
tBNl,1,1,2,0.5
tBNm,11,6,17,0.65
tBNn,5,8,13,0.38
tBNs,5,7,12,0.42
tBNt,0,1,1,0.0
tBPB,9,6,15,0.6
tBPD,1,1,2,0.5
tBPH,0,1,1,0.0
tBPI,0,0,0,
tBPL,0,3,3,0.0
tBPM,4,4,8,0.5
tBPN,7,1,8,0.88
tBPP,5,9,14,0.36
tBPS,4,5,9,0.44
tBPb,4,3,7,0.57
tBPh,1,1,2,0.5
tBPl,3,2,5,0.6
tBPm,6,4,10,0.6
tBPn,1,6,7,0.14
tBPs,2,3,5,0.4
tBPt,1,1,2,0.5
tBSB,2,0,2,1.0
tBSD,1,1,2,0.5
tBSH,1,3,4,0.25
tBSM,4,3,7,0.57
tBSN,2,2,4,0.5
tBSP,5,4,9,0.56
tBSS,2,8,10,0.2
tBSb,2,1,3,0.67
tBSl,0,2,2,0.0
tBSm,5,2,7,0.71
tBSn,1,3,4,0.25
tBSs,4,0,4,1.0
tBbB,4,5,9,0.44
tBbD,0,1,1,0.0
tBbH,1,3,4,0.25
tBbI,1,2,3,0.33
tBbJ,1,0,1,1.0
tBbK,1,0,1,1.0
tBbL,0,1,1,0.0
tBbM,3,9,12,0.25
tBbN,7,7,14,0.5
tBbP,4,7,11,0.36
tBbS,1,6,7,0.14
tBbb,6,2,8,0.75
tBbl,2,0,2,1.0
tBbm,5,5,10,0.5
tBbn,9,9,18,0.5
tBbs,1,0,1,1.0
tBhL,1,0,1,1.0
tBhM,0,2,2,0.0
tBhN,0,1,1,0.0
tBhS,1,0,1,1.0
tBhb,1,2,3,0.33
tBhl,2,0,2,1.0
tBhm,0,1,1,0.0
tBhn,0,1,1,0.0
tBhs,1,1,2,0.5
tBjB,1,0,1,1.0
tBjM,1,0,1,1.0
tBjP,2,2,4,0.5
tBjS,1,3,4,0.25
tBjb,3,2,5,0.6
tBjl,0,2,2,0.0
tBjm,2,0,2,1.0
tBjn,1,1,2,0.5
tBjs,1,3,4,0.25
tBlB,0,1,1,0.0
tBlD,0,0,0,
tBlH,0,2,2,0.0
tBlL,1,1,2,0.5
tBlM,1,2,3,0.33
tBlN,1,1,2,0.5
tBlP,2,1,3,0.67
tBlS,0,1,1,0.0
tBlb,1,2,3,0.33
tBlm,2,2,4,0.5
tBln,1,1,2,0.5
tBmB,8,3,11,0.73
tBmD,0,1,1,0.0
tBmH,4,9,13,0.31
tBmI,2,0,2,1.0
tBmJ,1,1,2,0.5
tBmL,0,3,3,0.0
tBmM,5,6,11,0.45
tBmN,9,7,16,0.56
tBmP,10,5,15,0.67
tBmS,4,5,9,0.44
tBmb,3,4,7,0.43
tBml,1,2,3,0.33
tBmm,6,4,10,0.6
tBmn,7,2,9,0.78
tBms,9,4,13,0.69
tBnB,9,6,15,0.6
tBnD,1,1,2,0.5
tBnH,3,6,9,0.33
tBnI,0,0,0,
tBnK,1,0,1,1.0
tBnL,1,2,3,0.33
tBnM,6,3,9,0.67
tBnN,10,7,17,0.59
tBnP,9,7,16,0.56
tBnS,3,4,7,0.43
tBnb,6,0,6,1.0
tBnl,1,0,1,1.0
tBnm,4,7,11,0.36
tBnn,9,8,17,0.53
tBns,7,3,10,0.7
tBsB,1,1,2,0.5
tBsD,1,1,2,0.5
tBsH,2,5,7,0.29
tBsI,1,0,1,1.0
tBsL,2,2,4,0.5
tBsM,3,3,6,0.5
tBsN,2,2,4,0.5
tBsP,3,0,3,1.0
tBsS,4,4,8,0.5
tBsb,1,1,2,0.5
tBsl,2,0,2,1.0
tBsm,4,2,6,0.67
tBsn,5,1,6,0.83
tBss,3,6,9,0.33
tBtB,1,0,1,1.0
tBtH,0,1,1,0.0
tBtL,0,1,1,0.0
tBtM,0,2,2,0.0
tBtN,0,1,1,0.0
tBtP,1,0,1,1.0
tBtS,1,1,2,0.5
tBtb,0,2,2,0.0
tBtl,1,1,2,0.5
tBtm,0,1,1,0.0
tBtn,1,3,4,0.25
tBts,1,1,2,0.5
tDBB,1,1,2,0.5
tDBL,1,0,1,1.0
tDBM,0,1,1,0.0
tDBN,0,1,1,0.0
tDBP,0,1,1,0.0
tDBS,1,0,1,1.0
tDBj,0,0,0,
tDBl,0,1,1,0.0
tDBm,2,0,2,1.0
tDBs,0,1,1,0.0
tDDM,1,0,1,1.0
tDDS,0,1,1,0.0
tDHB,0,1,1,0.0
tDHD,0,1,1,0.0
tDHH,1,0,1,1.0
tDHI,0,1,1,0.0
tDHM,0,1,1,0.0
tDHP,0,1,1,0.0
tDHS,0,1,1,0.0
tDHh,0,0,0,
tDHl,1,0,1,1.0
tDHn,0,0,0,
tDHs,1,1,2,0.5
tDHt,1,0,1,1.0
tDIb,0,1,1,0.0
tDKM,1,0,1,1.0
tDLM,0,1,1,0.0
tDLm,0,1,1,0.0
tDLn,0,0,0,
tDLs,1,0,1,1.0
tDMB,0,1,1,0.0
tDMD,0,0,0,
tDMM,2,2,4,0.5
tDMN,2,2,4,0.5
tDMP,0,3,3,0.0
tDMb,2,1,3,0.67
tDMh,0,1,1,0.0
tDMm,1,1,2,0.5
tDMn,1,1,2,0.5
tDMs,1,0,1,1.0
tDND,0,1,1,0.0
tDNH,0,1,1,0.0
tDNK,0,0,0,
tDNL,1,0,1,1.0
tDNM,1,0,1,1.0
tDNP,0,0,0,
tDNS,2,0,2,1.0
tDNb,1,0,1,1.0
tDNm,0,1,1,0.0
tDNn,1,1,2,0.5
tDNs,0,1,1,0.0
tDPB,0,2,2,0.0
tDPD,0,0,0,
tDPH,0,1,1,0.0
tDPK,1,0,1,1.0
tDPL,0,1,1,0.0
tDPM,1,4,5,0.2
tDPP,0,2,2,0.0
tDPS,1,1,2,0.5
tDPb,1,3,4,0.25
tDPm,1,0,1,1.0
tDPn,0,1,1,0.0
tDPs,2,1,3,0.67
tDSB,0,1,1,0.0
tDSH,0,0,0,
tDSI,0,0,0,
tDSM,2,1,3,0.67
tDSN,0,1,1,0.0
tDSP,0,1,1,0.0
tDSS,1,0,1,1.0
tDSb,2,1,3,0.67
tDSh,0,1,1,0.0
tDSl,1,1,2,0.5
tDSm,2,2,4,0.5
tDSn,1,0,1,1.0
tDSs,1,1,2,0.5
tDbB,1,1,2,0.5
tDbK,0,1,1,0.0
tDbL,1,0,1,1.0
tDbM,2,0,2,1.0
tDbN,0,1,1,0.0
tDbS,2,0,2,1.0
tDbb,0,1,1,0.0
tDbn,0,0,0,
tDhS,0,1,1,0.0
tDlB,1,1,2,0.5
tDlH,1,0,1,1.0
tDlL,1,0,1,1.0
tDlN,1,0,1,1.0
tDll,1,1,2,0.5
tDlm,0,1,1,0.0
tDmB,1,2,3,0.33
tDmH,3,1,4,0.75
tDmL,1,0,1,1.0
tDmM,3,0,3,1.0
tDmN,0,5,5,0.0
tDmP,2,0,2,1.0
tDmS,2,1,3,0.67
tDmb,2,1,3,0.67
tDml,0,1,1,0.0
tDmm,2,3,5,0.4
tDmn,4,1,5,0.8
tDms,0,2,2,0.0
tDnB,1,0,1,1.0
tDnH,0,1,1,0.0
tDnI,1,0,1,1.0
tDnL,1,0,1,1.0
tDnM,0,2,2,0.0
tDnN,1,0,1,1.0
tDnP,0,2,2,0.0
tDnS,0,1,1,0.0
tDnm,0,3,3,0.0
tDnn,0,1,1,0.0
tDsB,1,1,2,0.5
tDsM,1,1,2,0.5
tDsN,1,1,2,0.5
tDsS,1,0,1,1.0
tDsb,1,1,2,0.5
tDsm,1,0,1,1.0
tDsn,0,2,2,0.0
tDss,0,1,1,0.0
tDtI,0,1,1,0.0
tDtb,1,0,1,1.0
tDtm,1,1,2,0.5
tHBB,3,3,6,0.5
tHBK,1,1,2,0.5
tHBL,1,0,1,1.0
tHBM,1,4,5,0.2
tHBN,2,5,7,0.29
tHBP,2,3,5,0.4
tHBS,0,0,0,
tHBb,2,4,6,0.33
tHBh,1,0,1,1.0
tHBj,1,1,2,0.5
tHBl,2,0,2,1.0
tHBm,6,6,12,0.5
tHBn,2,1,3,0.67
tHBs,1,4,5,0.2
tHDD,1,0,1,1.0
tHDH,2,0,2,1.0
tHDL,1,0,1,1.0
tHDN,0,1,1,0.0
tHDP,1,0,1,1.0
tHDS,1,0,1,1.0
tHDn,0,1,1,0.0
tHDs,1,1,2,0.5
tHHB,2,0,2,1.0
tHHH,1,1,2,0.5
tHHN,1,1,2,0.5
tHHP,0,1,1,0.0
tHHS,3,0,3,1.0
tHHb,0,1,1,0.0
tHHm,3,2,5,0.6
tHHn,0,2,2,0.0
tHHs,1,3,4,0.25
tHHt,1,0,1,1.0
tHIB,0,2,2,0.0
tHIN,0,1,1,0.0
tHIP,1,0,1,1.0
tHIS,1,0,1,1.0
tHIb,1,0,1,1.0
tHKD,0,2,2,0.0
tHKL,0,1,1,0.0
tHKM,0,1,1,0.0
tHKP,0,0,0,
tHKh,1,1,2,0.5
tHKm,0,1,1,0.0
tHKs,0,1,1,0.0
tHLB,0,2,2,0.0
tHLD,0,1,1,0.0
tHLL,0,0,0,
tHLN,3,2,5,0.6
tHLP,3,1,4,0.75
tHLS,0,1,1,0.0
tHLb,0,2,2,0.0
tHLh,1,1,2,0.5
tHLj,1,0,1,1.0
tHLl,2,0,2,1.0
tHLm,2,1,3,0.67
tHLn,0,1,1,0.0
tHLs,2,1,3,0.67
tHMB,6,3,9,0.67
tHMD,0,1,1,0.0
tHMK,1,0,1,1.0
tHML,2,0,2,1.0
tHMM,2,6,8,0.25
tHMN,2,1,3,0.67
tHMP,3,3,6,0.5
tHMS,1,4,5,0.2
tHMb,2,2,4,0.5
tHMj,0,2,2,0.0
tHMl,1,2,3,0.33
tHMm,4,9,13,0.31
tHMn,7,5,12,0.58
tHMs,3,3,6,0.5
tHNB,2,4,6,0.33
tHNH,0,1,1,0.0
tHNI,1,0,1,1.0
tHNK,1,0,1,1.0
tHNL,2,1,3,0.67
tHNM,2,7,9,0.22
tHNN,2,3,5,0.4
tHNP,3,3,6,0.5
tHNS,4,2,6,0.67
tHNb,3,1,4,0.75
tHNh,1,1,2,0.5
tHNm,2,4,6,0.33
tHNn,4,3,7,0.57
tHNs,7,8,15,0.47
tHNt,1,0,1,1.0
tHPB,2,3,5,0.4
tHPH,1,1,2,0.5
tHPK,2,0,2,1.0
tHPL,1,1,2,0.5
tHPM,2,6,8,0.25
tHPN,3,3,6,0.5
tHPP,4,2,6,0.67
tHPS,4,4,8,0.5
tHPb,2,5,7,0.29
tHPl,2,2,4,0.5
tHPm,4,4,8,0.5
tHPn,5,3,8,0.62
tHPs,2,5,7,0.29
tHSB,2,2,4,0.5
tHSD,1,1,2,0.5
tHSH,0,3,3,0.0
tHSI,0,1,1,0.0
tHSK,0,1,1,0.0
tHSL,3,1,4,0.75
tHSM,3,5,8,0.38
tHSN,2,2,4,0.5
tHSP,3,2,5,0.6
tHSS,9,3,12,0.75
tHSb,1,0,1,1.0
tHSh,2,2,4,0.5
tHSl,1,2,3,0.33
tHSm,3,3,6,0.5
tHSn,2,4,6,0.33
tHSs,8,7,15,0.53
tHSt,0,2,2,0.0
tHbB,3,1,4,0.75
tHbD,1,0,1,1.0
tHbH,1,0,1,1.0
tHbI,1,0,1,1.0
tHbJ,1,1,2,0.5
tHbL,3,0,3,1.0
tHbM,1,4,5,0.2
tHbN,5,3,8,0.62
tHbP,4,2,6,0.67
tHbS,3,1,4,0.75
tHbb,0,4,4,0.0
tHbl,1,1,2,0.5
tHbm,1,3,4,0.25
tHbn,4,3,7,0.57
tHbs,1,0,1,1.0
tHhB,5,2,7,0.71
tHhH,1,0,1,1.0
tHhK,0,0,0,
tHhL,0,1,1,0.0
tHhM,1,2,3,0.33
tHhN,1,2,3,0.33
tHhP,4,2,6,0.67
tHhS,0,2,2,0.0
tHhb,3,1,4,0.75
tHhl,0,2,2,0.0
tHhm,0,3,3,0.0
tHhn,1,1,2,0.5
tHhs,3,1,4,0.75
tHht,2,2,4,0.5
tHlB,2,1,3,0.67
tHlH,1,0,1,1.0
tHlL,0,2,2,0.0
tHlM,0,2,2,0.0
tHlS,2,0,2,1.0
tHlb,1,1,2,0.5
tHll,1,0,1,1.0
tHlm,1,1,2,0.5
tHln,0,2,2,0.0
tHls,2,0,2,1.0
tHmB,4,2,6,0.67
tHmD,0,1,1,0.0
tHmH,4,6,10,0.4
tHmJ,2,0,2,1.0
tHmL,0,0,0,
tHmM,7,4,11,0.64
tHmN,5,8,13,0.38
tHmP,4,6,10,0.4
tHmS,5,8,13,0.38
tHmb,6,1,7,0.86
tHml,3,0,3,1.0
tHmm,11,5,16,0.69
tHmn,9,6,15,0.6
tHms,4,4,8,0.5
tHnB,0,5,5,0.0
tHnD,3,0,3,1.0
tHnH,1,4,5,0.2
tHnL,1,1,2,0.5
tHnM,1,4,5,0.2
tHnN,2,4,6,0.33
tHnP,2,5,7,0.29
tHnS,2,4,6,0.33
tHnb,3,3,6,0.5
tHnh,0,0,0,
tHnm,3,2,5,0.6
tHnn,6,2,8,0.75
tHns,2,3,5,0.4
tHsB,4,8,12,0.33
tHsH,4,8,12,0.33
tHsI,1,0,1,1.0
tHsL,0,1,1,0.0
tHsM,8,1,9,0.89
tHsN,3,5,8,0.38
tHsP,3,4,7,0.43
tHsS,7,2,9,0.78
tHsb,1,1,2,0.5
tHsh,1,1,2,0.5
tHsl,0,1,1,0.0
tHsm,5,7,12,0.42
tHsn,3,4,7,0.43
tHss,5,8,13,0.38
tHtS,1,0,1,1.0
tHtb,0,1,1,0.0
tHtm,1,0,1,1.0
tHts,0,1,1,0.0
tIBB,2,0,2,1.0
tIBS,0,1,1,0.0
tIBh,1,0,1,1.0
tIBm,1,0,1,1.0
tIDH,0,1,1,0.0
tIDS,1,0,1,1.0
tIDm,1,0,1,1.0
tIDs,1,0,1,1.0
tIHB,1,0,1,1.0
tIHL,1,0,1,1.0
tIHM,0,2,2,0.0
tIHN,0,1,1,0.0
tIHP,0,1,1,0.0
tIHS,1,1,2,0.5
tIHl,1,0,1,1.0
tIHm,2,0,2,1.0
tIHn,0,1,1,0.0
tIHs,0,1,1,0.0
tIIN,0,1,1,0.0
tIIb,1,0,1,1.0
tIIn,1,0,1,1.0
tILL,1,0,1,1.0
tILM,0,1,1,0.0
tIMB,1,0,1,1.0
tIMM,1,3,4,0.25
tIMN,0,2,2,0.0
tIMP,1,0,1,1.0
tIMS,1,0,1,1.0
tIMb,0,0,0,
tIMm,0,2,2,0.0
tIMn,1,0,1,1.0
tIMs,1,3,4,0.25
tINM,0,1,1,0.0
tINN,1,0,1,1.0
tINP,0,1,1,0.0
tINS,0,1,1,0.0
tINb,1,0,1,1.0
tINm,0,2,2,0.0
tINn,0,0,0,
tIPB,1,1,2,0.5
tIPI,0,1,1,0.0
tIPM,0,1,1,0.0
tIPN,1,0,1,1.0
tIPS,2,0,2,1.0
tIPm,1,0,1,1.0
tIPn,1,1,2,0.5
tIPs,0,0,0,
tISN,0,2,2,0.0
tISS,1,2,3,0.33
tISh,0,1,1,0.0
tISl,1,0,1,1.0
tISm,1,1,2,0.5
tISs,0,0,0,
tIbB,0,0,0,
tIbM,1,2,3,0.33
tIbN,1,1,2,0.5
tIbb,2,0,2,1.0
tIbn,1,0,1,1.0
tIlH,0,0,0,
tIlJ,1,0,1,1.0
tIlL,1,0,1,1.0
tIln,1,0,1,1.0
tIls,1,1,2,0.5
tImB,1,1,2,0.5
tImM,0,2,2,0.0
tImP,1,2,3,0.33
tImS,0,2,2,0.0
tImb,1,0,1,1.0
tImm,3,1,4,0.75
tImn,0,1,1,0.0
tIms,0,1,1,0.0
tInL,1,0,1,1.0
tInM,0,1,1,0.0
tInN,0,1,1,0.0
tInS,0,2,2,0.0
tInb,0,2,2,0.0
tInm,0,2,2,0.0
tIns,0,1,1,0.0
tIsB,0,1,1,0.0
tIsH,1,1,2,0.5
tIsL,1,0,1,1.0
tIsM,0,1,1,0.0
tIsN,0,1,1,0.0
tIsS,1,0,1,1.0
tIsm,0,1,1,0.0
tItS,0,1,1,0.0
tIth,0,1,1,0.0
tItn,0,0,0,
tKBM,1,0,1,1.0
tKBP,0,0,0,
tKBm,1,0,1,1.0
tKBn,1,0,1,1.0
tKHN,0,2,2,0.0
tKKN,2,0,2,1.0
tKLB,0,1,1,0.0
tKLH,0,1,1,0.0
tKLI,1,0,1,1.0
tKLm,0,1,1,0.0
tKMM,0,1,1,0.0
tKMP,0,0,0,
tKMn,0,0,0,
tKNB,0,0,0,
tKNM,0,1,1,0.0
tKNN,0,1,1,0.0
tKNS,0,1,1,0.0
tKNm,1,1,2,0.5
tKNs,1,1,2,0.5
tKPD,0,1,1,0.0
tKPN,1,1,2,0.5
tKPb,0,1,1,0.0
tKPm,0,3,3,0.0
tKPn,0,1,1,0.0
tKPs,1,0,1,1.0
tKSB,0,1,1,0.0
tKSL,1,0,1,1.0
tKSN,0,0,0,
tKSP,0,0,0,
tKSS,0,0,0,
tKSb,1,1,2,0.5
tKSh,1,0,1,1.0
tKSm,2,0,2,1.0
tKSn,1,1,2,0.5
tKSs,1,1,2,0.5
tKbB,0,2,2,0.0
tKbL,1,0,1,1.0
tKbS,0,1,1,0.0
tKbb,1,0,1,1.0
tKbs,0,0,0,
tKhH,1,0,1,1.0
tKhL,1,2,3,0.33
tKhM,1,0,1,1.0
tKhP,0,0,0,
tKhm,0,1,1,0.0
tKhs,0,1,1,0.0
tKlM,1,0,1,1.0
tKlP,0,1,1,0.0
tKmB,0,1,1,0.0
tKmH,0,0,0,
tKmK,0,1,1,0.0
tKmL,1,0,1,1.0
tKmM,1,1,2,0.5
tKmN,0,1,1,0.0
tKmP,1,0,1,1.0
tKmb,0,1,1,0.0
tKmm,1,0,1,1.0
tKms,2,1,3,0.67
tKnH,0,1,1,0.0
tKnL,1,1,2,0.5
tKnb,0,1,1,0.0
tKnl,0,2,2,0.0
tKnm,1,1,2,0.5
tKnn,0,1,1,0.0
tKsB,1,0,1,1.0
tKsM,2,0,2,1.0
tKsS,1,0,1,1.0
tKsm,1,0,1,1.0
tKsn,0,1,1,0.0
tKts,1,0,1,1.0
tLBB,0,2,2,0.0
tLBD,0,1,1,0.0
tLBK,2,0,2,1.0
tLBL,0,2,2,0.0
tLBM,2,0,2,1.0
tLBN,0,2,2,0.0
tLBP,3,1,4,0.75
tLBS,0,0,0,
tLBb,0,1,1,0.0
tLBh,1,0,1,1.0
tLBj,1,1,2,0.5
tLBl,0,2,2,0.0
tLBm,0,1,1,0.0
tLBn,2,1,3,0.67
tLBs,1,0,1,1.0
tLDm,2,0,2,1.0
tLIM,0,1,1,0.0
tLKI,1,0,1,1.0
tLKM,0,1,1,0.0
tLKP,0,1,1,0.0
tLKb,0,0,0,
tLKn,0,1,1,0.0
tLLB,1,0,1,1.0
tLLL,0,1,1,0.0
tLLM,0,0,0,
tLLP,1,0,1,1.0
tLLb,1,0,1,1.0
tLLj,0,1,1,0.0
tLLm,0,2,2,0.0
tLLn,0,1,1,0.0
tLMD,0,1,1,0.0
tLMM,3,4,7,0.43
tLMN,0,1,1,0.0
tLMP,2,2,4,0.5
tLMS,1,3,4,0.25
tLMb,1,1,2,0.5
tLMh,2,0,2,1.0
tLMl,1,2,3,0.33
tLMm,3,1,4,0.75
tLMn,4,2,6,0.67
tLNB,0,2,2,0.0
tLND,1,0,1,1.0
tLNH,1,1,2,0.5
tLNI,1,0,1,1.0
tLNM,5,1,6,0.83
tLNN,1,3,4,0.25
tLNP,1,2,3,0.33
tLNS,0,1,1,0.0
tLNb,1,1,2,0.5
tLNh,0,1,1,0.0
tLNl,1,0,1,1.0
tLNm,1,3,4,0.25
tLNn,2,6,8,0.25
tLNs,0,1,1,0.0
tLNt,0,1,1,0.0
tLPB,3,3,6,0.5
tLPD,1,0,1,1.0
tLPH,0,1,1,0.0
tLPK,1,0,1,1.0
tLPM,0,2,2,0.0
tLPN,3,2,5,0.6
tLPP,2,4,6,0.33
tLPS,2,2,4,0.5
tLPb,2,4,6,0.33
tLPl,1,0,1,1.0
tLPm,3,4,7,0.43
tLPn,3,3,6,0.5
tLPs,2,4,6,0.33
tLSB,1,0,1,1.0
tLSH,0,1,1,0.0
tLSL,1,0,1,1.0
tLSM,2,1,3,0.67
tLSN,1,0,1,1.0
tLSP,0,1,1,0.0
tLSS,1,1,2,0.5
tLSb,2,0,2,1.0
tLSl,1,0,1,1.0
tLSn,2,1,3,0.67
tLSs,0,4,4,0.0
tLSt,0,0,0,
tLbB,2,1,3,0.67
tLbJ,0,1,1,0.0
tLbL,0,0,0,
tLbM,0,2,2,0.0
tLbN,2,2,4,0.5
tLbP,3,2,5,0.6
tLbS,2,3,5,0.4
tLbb,3,1,4,0.75
tLbm,3,1,4,0.75
tLbn,2,2,4,0.5
tLbs,1,1,2,0.5
tLhB,1,0,1,1.0
tLhH,1,0,1,1.0
tLhN,0,2,2,0.0
tLhP,1,2,3,0.33
tLhh,2,1,3,0.67
tLhl,1,0,1,1.0
tLhm,2,1,3,0.67
tLhn,0,1,1,0.0
tLhs,0,0,0,
tLht,1,0,1,1.0
tLjH,0,1,1,0.0
tLjP,1,0,1,1.0
tLjS,0,2,2,0.0
tLjb,0,1,1,0.0
tLjs,1,2,3,0.33
tLlB,0,1,1,0.0
tLlH,2,1,3,0.67
tLlJ,1,0,1,1.0
tLlL,0,1,1,0.0
tLlM,0,1,1,0.0
tLlN,0,1,1,0.0
tLlS,0,1,1,0.0
tLlb,1,2,3,0.33
tLll,1,1,2,0.5
tLln,1,1,2,0.5
tLmB,2,0,2,1.0
tLmH,0,1,1,0.0
tLmJ,0,3,3,0.0
tLmL,1,5,6,0.17
tLmM,0,4,4,0.0
tLmN,0,2,2,0.0
tLmP,2,1,3,0.67
tLmS,4,3,7,0.57
tLml,0,1,1,0.0
tLmm,3,1,4,0.75
tLmn,0,2,2,0.0
tLms,1,2,3,0.33
tLnB,5,2,7,0.71
tLnH,2,0,2,1.0
tLnI,0,0,0,
tLnL,0,1,1,0.0
tLnM,0,3,3,0.0
tLnN,1,6,7,0.14
tLnP,2,7,9,0.22
tLnS,1,1,2,0.5
tLnb,2,1,3,0.67
tLnl,0,0,0,
tLnm,1,1,2,0.5
tLnn,1,1,2,0.5
tLns,1,2,3,0.33
tLsB,2,2,4,0.5
tLsD,0,1,1,0.0
tLsH,4,1,5,0.8
tLsL,2,1,3,0.67
tLsM,2,2,4,0.5
tLsN,3,0,3,1.0
tLsP,1,4,5,0.2
tLsS,1,0,1,1.0
tLsb,2,0,2,1.0
tLsh,0,1,1,0.0
tLsl,1,0,1,1.0
tLsm,2,6,8,0.25
tLsn,1,1,2,0.5
tLss,0,0,0,
tLtB,1,0,1,1.0
tLtM,1,0,1,1.0
tLtN,0,2,2,0.0
tLtS,0,1,1,0.0
tLtb,0,1,1,0.0
tLts,0,1,1,0.0
tMBB,4,11,15,0.27
tMBD,0,1,1,0.0
tMBK,0,1,1,0.0
tMBL,0,1,1,0.0
tMBM,9,7,16,0.56
tMBN,3,9,12,0.25
tMBP,5,7,12,0.42
tMBS,1,2,3,0.33
tMBb,3,4,7,0.43
tMBh,0,0,0,
tMBj,2,0,2,1.0
tMBl,1,2,3,0.33
tMBm,6,13,19,0.32
tMBn,8,4,12,0.67
tMBs,3,3,6,0.5
tMBt,0,1,1,0.0
tMDH,0,3,3,0.0
tMDL,3,1,4,0.75
tMDM,2,0,2,1.0
tMDN,0,1,1,0.0
tMDP,1,1,2,0.5
tMDS,1,0,1,1.0
tMDm,0,1,1,0.0
tMDn,0,1,1,0.0
tMDs,1,1,2,0.5
tMDt,0,1,1,0.0
tMHS,0,1,1,0.0
tMHb,0,1,1,0.0
tMHm,0,1,1,0.0
tMKM,1,0,1,1.0
tMKS,0,1,1,0.0
tMKh,1,0,1,1.0
tMKm,0,0,0,
tMLB,4,1,5,0.8
tMLM,0,1,1,0.0
tMLN,3,2,5,0.6
tMLP,1,1,2,0.5
tMLS,0,3,3,0.0
tMLb,0,1,1,0.0
tMLm,2,5,7,0.29
tMLn,3,5,8,0.38
tMLs,2,1,3,0.67
tMMB,6,8,14,0.43
tMMD,3,1,4,0.75
tMMH,0,1,1,0.0
tMML,2,2,4,0.5
tMMM,6,9,15,0.4
tMMN,1,8,9,0.11
tMMP,5,4,9,0.56
tMMS,3,5,8,0.38
tMMb,5,1,6,0.83
tMMh,2,5,7,0.29
tMMl,3,3,6,0.5
tMMm,15,9,24,0.62
tMMn,11,5,16,0.69
tMMs,3,3,6,0.5
tMMt,0,2,2,0.0
tMNB,4,12,16,0.25
tMND,0,0,0,
tMNI,0,0,0,
tMNL,0,2,2,0.0
tMNM,6,2,8,0.75
tMNN,8,6,14,0.57
tMNP,5,6,11,0.45
tMNS,3,4,7,0.43
tMNb,9,4,13,0.69
tMNh,2,2,4,0.5
tMNl,2,1,3,0.67
tMNm,8,5,13,0.62
tMNn,6,13,19,0.32
tMNs,3,9,12,0.25
tMNt,1,1,2,0.5
tMPB,5,2,7,0.71
tMPD,0,1,1,0.0
tMPH,2,1,3,0.67
tMPI,1,2,3,0.33
tMPL,2,2,4,0.5
tMPM,4,8,12,0.33
tMPN,2,6,8,0.25
tMPP,6,10,16,0.38
tMPS,3,6,9,0.33
tMPb,5,5,10,0.5
tMPh,0,1,1,0.0
tMPl,0,1,1,0.0
tMPm,8,10,18,0.44
tMPn,6,7,13,0.46
tMPs,3,2,5,0.6
tMPt,1,0,1,1.0
tMSB,5,2,7,0.71
tMSD,0,2,2,0.0
tMSH,2,3,5,0.4
tMSI,1,0,1,1.0
tMSL,1,1,2,0.5
tMSM,6,4,10,0.6
tMSN,2,4,6,0.33
tMSP,1,1,2,0.5
tMSS,8,3,11,0.73
tMSb,2,3,5,0.4
tMSh,3,3,6,0.5
tMSl,0,1,1,0.0
tMSm,7,8,15,0.47
tMSn,5,5,10,0.5
tMSs,2,7,9,0.22
tMSt,2,1,3,0.67
tMbB,8,2,10,0.8
tMbD,1,3,4,0.25
tMbH,3,2,5,0.6
tMbI,1,1,2,0.5
tMbJ,2,3,5,0.4
tMbK,2,0,2,1.0
tMbL,2,2,4,0.5
tMbM,6,4,10,0.6
tMbN,10,7,17,0.59
tMbP,4,5,9,0.44
tMbS,5,4,9,0.56
tMbb,7,2,9,0.78
tMbh,0,1,1,0.0
tMbl,3,3,6,0.5
tMbm,6,5,11,0.55
tMbn,5,5,10,0.5
tMbs,4,3,7,0.57
tMhB,1,4,5,0.2
tMhH,3,0,3,1.0
tMhI,1,2,3,0.33
tMhK,0,1,1,0.0
tMhL,0,1,1,0.0
tMhM,4,4,8,0.5
tMhN,5,3,8,0.62
tMhP,6,3,9,0.67
tMhS,5,7,12,0.42
tMhb,7,4,11,0.64
tMhh,0,2,2,0.0
tMhl,2,1,3,0.67
tMhm,9,8,17,0.53
tMhn,3,7,10,0.3
tMhs,5,2,7,0.71
tMht,0,1,1,0.0
tMjB,0,1,1,0.0
tMjH,0,1,1,0.0
tMjK,0,2,2,0.0
tMjL,1,0,1,1.0
tMjM,0,0,0,
tMjN,2,1,3,0.67
tMjP,1,1,2,0.5
tMjS,1,1,2,0.5
tMjb,1,1,2,0.5
tMjh,1,0,1,1.0
tMjm,1,1,2,0.5
tMjn,0,0,0,
tMjs,1,0,1,1.0
tMlB,0,2,2,0.0
tMlD,0,1,1,0.0
tMlH,2,3,5,0.4
tMlJ,0,2,2,0.0
tMlL,2,0,2,1.0
tMlM,2,1,3,0.67
tMlN,1,3,4,0.25
tMlP,2,2,4,0.5
tMlb,4,1,5,0.8
tMll,0,1,1,0.0
tMlm,1,2,3,0.33
tMln,3,0,3,1.0
tMls,1,1,2,0.5
tMmB,7,5,12,0.58
tMmD,3,3,6,0.5
tMmH,5,13,18,0.28
tMmI,2,2,4,0.5
tMmJ,1,1,2,0.5
tMmL,2,4,6,0.33
tMmM,4,10,14,0.29
tMmN,9,12,21,0.43
tMmP,5,9,14,0.36
tMmS,5,6,11,0.45
tMmb,3,4,7,0.43
tMml,2,0,2,1.0
tMmm,8,9,17,0.47
tMmn,8,9,17,0.47
tMms,8,3,11,0.73
tMnB,10,12,22,0.45
tMnD,1,2,3,0.33
tMnH,4,9,13,0.31
tMnI,2,0,2,1.0
tMnK,2,1,3,0.67
tMnL,3,1,4,0.75
tMnM,8,7,15,0.53
tMnN,5,7,12,0.42
tMnP,4,17,21,0.19
tMnS,4,11,15,0.27
tMnb,5,3,8,0.62
tMnh,1,0,1,1.0
tMnl,1,2,3,0.33
tMnm,16,6,22,0.73
tMnn,12,4,16,0.75
tMns,4,7,11,0.36
tMnt,1,0,1,1.0
tMsB,3,2,5,0.6
tMsD,2,0,2,1.0
tMsH,1,1,2,0.5
tMsI,1,1,2,0.5
tMsL,2,1,3,0.67
tMsM,4,7,11,0.36
tMsN,5,7,12,0.42
tMsP,7,1,8,0.88
tMsS,5,2,7,0.71
tMsb,2,5,7,0.29
tMsh,2,0,2,1.0
tMsl,1,1,2,0.5
tMsm,6,3,9,0.67
tMsn,2,3,5,0.4
tMss,4,2,6,0.67
tMtB,0,0,0,
tMtD,1,0,1,1.0
tMtL,0,0,0,
tMtM,2,0,2,1.0
tMtP,0,2,2,0.0
tMtS,2,1,3,0.67
tMtb,1,0,1,1.0
tMth,0,0,0,
tMtl,1,1,2,0.5
tMtm,1,2,3,0.33
tMtn,1,0,1,1.0
tMts,0,1,1,0.0
tMtt,1,0,1,1.0
tNBB,2,6,8,0.25
tNBD,1,1,2,0.5
tNBK,1,0,1,1.0
tNBL,1,2,3,0.33
tNBM,6,5,11,0.55
tNBN,3,6,9,0.33
tNBP,6,7,13,0.46
tNBS,1,4,5,0.2
tNBb,4,6,10,0.4
tNBj,0,0,0,
tNBl,3,1,4,0.75
tNBm,8,10,18,0.44
tNBn,6,9,15,0.4
tNBs,1,2,3,0.33
tNBt,1,1,2,0.5
tNDB,3,1,4,0.75
tNDL,0,1,1,0.0
tNDM,2,3,5,0.4
tNDN,2,0,2,1.0
tNDP,2,1,3,0.67
tNDS,1,4,5,0.2
tNDb,1,0,1,1.0
tNDm,0,2,2,0.0
tNDn,0,1,1,0.0
tNDs,1,1,2,0.5
tNHD,0,1,1,0.0
tNHH,2,0,2,1.0
tNHL,0,1,1,0.0
tNHM,0,2,2,0.0
tNHN,0,1,1,0.0
tNHP,3,0,3,1.0
tNHS,4,1,5,0.8
tNHb,0,1,1,0.0
tNHn,1,3,4,0.25
tNHs,1,1,2,0.5
tNIH,0,0,0,
tNIM,0,0,0,
tNIN,1,0,1,1.0
tNIP,0,1,1,0.0
tNIS,1,0,1,1.0
tNIb,0,1,1,0.0
tNIl,1,0,1,1.0
tNIn,1,0,1,1.0
tNIs,0,1,1,0.0
tNIt,1,1,2,0.5
tNKB,1,1,2,0.5
tNKP,1,0,1,1.0
tNKS,1,1,2,0.5
tNKb,2,0,2,1.0
tNKh,1,1,2,0.5
tNKm,1,2,3,0.33
tNKn,1,0,1,1.0
tNLB,3,1,4,0.75
tNLM,2,3,5,0.4
tNLN,2,0,2,1.0
tNLP,4,2,6,0.67
tNLS,0,1,1,0.0
tNLb,1,3,4,0.25
tNLh,1,1,2,0.5
tNLl,0,2,2,0.0
tNLm,2,3,5,0.4
tNLn,0,1,1,0.0
tNLs,2,2,4,0.5
tNLt,0,1,1,0.0
tNMB,3,7,10,0.3
tNMD,1,2,3,0.33
tNMK,0,1,1,0.0
tNML,2,2,4,0.5
tNMM,2,6,8,0.25
tNMN,1,4,5,0.2
tNMP,5,9,14,0.36
tNMS,5,1,6,0.83
tNMb,6,8,14,0.43
tNMh,6,3,9,0.67
tNMj,0,1,1,0.0
tNMl,3,2,5,0.6
tNMm,7,9,16,0.44
tNMn,10,11,21,0.48
tNMs,2,4,6,0.33
tNMt,1,2,3,0.33
tNNB,5,3,8,0.62
tNND,1,0,1,1.0
tNNH,0,0,0,
tNNK,1,0,1,1.0
tNNL,3,3,6,0.5
tNNM,4,12,16,0.25
tNNN,11,5,16,0.69
tNNP,6,8,14,0.43
tNNS,3,2,5,0.6
tNNb,3,4,7,0.43
tNNh,1,2,3,0.33
tNNl,3,1,4,0.75
tNNm,8,6,14,0.57
tNNn,5,10,15,0.33
tNNs,5,7,12,0.42
tNNt,2,0,2,1.0
tNPB,5,6,11,0.45
tNPD,1,1,2,0.5
tNPH,0,4,4,0.0
tNPI,1,0,1,1.0
tNPK,1,1,2,0.5
tNPL,1,6,7,0.14
tNPM,7,8,15,0.47
tNPN,9,6,15,0.6
tNPP,5,10,15,0.33
tNPS,6,3,9,0.67
tNPb,3,5,8,0.38
tNPh,2,2,4,0.5
tNPl,4,2,6,0.67
tNPm,7,4,11,0.64
tNPn,6,4,10,0.6
tNPs,6,7,13,0.46
tNPt,0,1,1,0.0
tNSB,5,0,5,1.0
tNSD,2,0,2,1.0
tNSH,4,1,5,0.8
tNSL,1,0,1,1.0
tNSM,4,7,11,0.36
tNSN,3,4,7,0.43
tNSP,4,6,10,0.4
tNSS,7,8,15,0.47
tNSb,5,5,10,0.5
tNSh,4,2,6,0.67
tNSl,3,2,5,0.6
tNSm,5,6,11,0.45
tNSn,6,5,11,0.55
tNSs,7,8,15,0.47
tNSt,3,0,3,1.0
tNbB,3,1,4,0.75
tNbH,0,0,0,
tNbI,0,1,1,0.0
tNbJ,2,1,3,0.67
tNbK,0,1,1,0.0
tNbL,0,2,2,0.0
tNbM,6,3,9,0.67
tNbN,1,4,5,0.2
tNbP,5,8,13,0.38
tNbS,2,5,7,0.29
tNbb,5,5,10,0.5
tNbl,1,1,2,0.5
tNbm,4,4,8,0.5
tNbn,3,4,7,0.43
tNbs,3,2,5,0.6
tNhB,2,4,6,0.33
tNhD,0,1,1,0.0
tNhL,1,1,2,0.5
tNhM,2,4,6,0.33
tNhN,0,2,2,0.0
tNhP,2,3,5,0.4
tNhS,1,2,3,0.33
tNhb,1,0,1,1.0
tNhh,1,3,4,0.25
tNhl,1,1,2,0.5
tNhm,5,1,6,0.83
tNhn,0,5,5,0.0
tNhs,4,0,4,1.0
tNht,1,1,2,0.5
tNlH,2,0,2,1.0
tNlI,0,1,1,0.0
tNlJ,0,1,1,0.0
tNlL,0,1,1,0.0
tNlM,2,0,2,1.0
tNlN,1,3,4,0.25
tNlP,2,1,3,0.67
tNlS,2,5,7,0.29
tNlb,1,3,4,0.25
tNll,0,1,1,0.0
tNlm,1,1,2,0.5
tNln,0,3,3,0.0
tNls,1,2,3,0.33
tNmB,5,1,6,0.83
tNmD,1,0,1,1.0
tNmH,5,5,10,0.5
tNmI,1,0,1,1.0
tNmJ,0,3,3,0.0
tNmL,3,4,7,0.43
tNmM,8,11,19,0.42
tNmN,11,5,16,0.69
tNmP,11,8,19,0.58
tNmS,3,2,5,0.6
tNmb,4,5,9,0.44
tNml,2,4,6,0.33
tNmm,5,7,12,0.42
tNmn,5,9,14,0.36
tNms,5,5,10,0.5
tNmt,0,0,0,
tNnB,6,6,12,0.5
tNnD,1,3,4,0.25
tNnH,6,5,11,0.55
tNnI,3,0,3,1.0
tNnK,1,1,2,0.5
tNnL,2,0,2,1.0
tNnM,3,6,9,0.33
tNnN,4,4,8,0.5
tNnP,12,10,22,0.55
tNnS,2,5,7,0.29
tNnb,5,5,10,0.5
tNnh,0,0,0,
tNnl,5,4,9,0.56
tNnm,8,5,13,0.62
tNnn,8,8,16,0.5
tNns,6,6,12,0.5
tNsB,2,7,9,0.22
tNsH,2,4,6,0.33
tNsI,0,1,1,0.0
tNsL,1,0,1,1.0
tNsM,5,5,10,0.5
tNsN,7,9,16,0.44
tNsP,4,8,12,0.33
tNsS,1,2,3,0.33
tNsb,7,5,12,0.58
tNsh,1,0,1,1.0
tNsl,3,2,5,0.6
tNsm,6,7,13,0.46
tNsn,4,4,8,0.5
tNss,5,4,9,0.56
tNtB,1,0,1,1.0
tNtH,0,1,1,0.0
tNtM,3,0,3,1.0
tNtN,0,1,1,0.0
tNtP,1,3,4,0.25
tNtS,2,2,4,0.5
tNtb,2,1,3,0.67
tNtl,2,0,2,1.0
tNtm,2,1,3,0.67
tNtn,1,1,2,0.5
tNts,0,1,1,0.0
tPBB,7,3,10,0.7
tPBD,1,0,1,1.0
tPBK,0,0,0,
tPBL,3,0,3,1.0
tPBM,8,4,12,0.67
tPBN,7,4,11,0.64
tPBP,4,5,9,0.44
tPBS,3,1,4,0.75
tPBb,2,4,6,0.33
tPBh,1,0,1,1.0
tPBj,2,2,4,0.5
tPBl,6,2,8,0.75
tPBm,7,3,10,0.7
tPBn,6,3,9,0.67
tPBs,2,2,4,0.5
tPBt,0,1,1,0.0
tPDB,0,2,2,0.0
tPDH,0,1,1,0.0
tPDM,1,3,4,0.25
tPDN,0,1,1,0.0
tPDP,2,2,4,0.5
tPDS,1,1,2,0.5
tPDb,1,2,3,0.33
tPDl,0,1,1,0.0
tPDm,2,1,3,0.67
tPDn,2,0,2,1.0
tPDs,1,0,1,1.0
tPDt,1,0,1,1.0
tPHB,0,1,1,0.0
tPHH,1,2,3,0.33
tPHI,0,1,1,0.0
tPHL,0,2,2,0.0
tPHM,3,0,3,1.0
tPHN,1,1,2,0.5
tPHP,1,1,2,0.5
tPHS,3,3,6,0.5
tPHb,3,3,6,0.5
tPHl,2,0,2,1.0
tPHm,1,2,3,0.33
tPHn,1,1,2,0.5
tPHs,1,2,3,0.33
tPIB,1,2,3,0.33
tPIH,1,1,2,0.5
tPII,1,1,2,0.5
tPIM,1,4,5,0.2
tPIN,0,1,1,0.0
tPIP,2,2,4,0.5
tPIS,1,1,2,0.5
tPIl,1,0,1,1.0
tPIm,4,1,5,0.8
tPIn,0,1,1,0.0
tPIs,1,2,3,0.33
tPKB,1,0,1,1.0
tPKD,0,1,1,0.0
tPKL,1,0,1,1.0
tPKM,1,0,1,1.0
tPKP,0,2,2,0.0
tPKS,1,2,3,0.33
tPKb,4,0,4,1.0
tPKh,0,1,1,0.0
tPKl,1,1,2,0.5
tPKm,2,0,2,1.0
tPKn,1,0,1,1.0
tPKs,0,1,1,0.0
tPKt,0,0,0,
tPLB,6,2,8,0.75
tPLD,0,0,0,
tPLK,1,0,1,1.0
tPLL,2,2,4,0.5
tPLM,3,2,5,0.6
tPLN,0,3,3,0.0
tPLP,3,7,10,0.3
tPLS,1,1,2,0.5
tPLb,2,3,5,0.4
tPLh,0,1,1,0.0
tPLl,1,2,3,0.33
tPLm,2,2,4,0.5
tPLn,3,4,7,0.43
tPLs,2,2,4,0.5
tPLt,0,1,1,0.0
tPMB,11,11,22,0.5
tPMD,2,0,2,1.0
tPMI,0,1,1,0.0
tPML,4,5,9,0.44
tPMM,3,9,12,0.25
tPMN,6,2,8,0.75
tPMP,7,4,11,0.64
tPMS,4,6,10,0.4
tPMb,11,12,23,0.48
tPMh,9,7,16,0.56
tPMj,1,0,1,1.0
tPMl,4,4,8,0.5
tPMm,7,10,17,0.41
tPMn,5,9,14,0.36
tPMs,9,7,16,0.56
tPMt,0,1,1,0.0
tPNB,8,6,14,0.57
tPND,2,0,2,1.0
tPNH,1,1,2,0.5
tPNK,0,2,2,0.0
tPNL,1,2,3,0.33
tPNM,3,6,9,0.33
tPNN,7,3,10,0.7
tPNP,4,3,7,0.57
tPNS,4,5,9,0.44
tPNb,4,5,9,0.44
tPNh,0,1,1,0.0
tPNl,3,3,6,0.5
tPNm,11,6,17,0.65
tPNn,6,6,12,0.5
tPNs,8,7,15,0.53
tPNt,1,1,2,0.5
tPPB,8,5,13,0.62
tPPD,2,0,2,1.0
tPPH,4,2,6,0.67
tPPI,4,0,4,1.0
tPPK,2,0,2,1.0
tPPL,2,2,4,0.5
tPPM,6,5,11,0.55
tPPN,8,9,17,0.47
tPPP,6,13,19,0.32
tPPS,4,9,13,0.31
tPPb,5,8,13,0.38
tPPh,0,2,2,0.0
tPPl,5,3,8,0.62
tPPm,17,14,31,0.55
tPPn,8,10,18,0.44
tPPs,5,1,6,0.83
tPPt,1,2,3,0.33
tPSB,6,9,15,0.4
tPSD,0,1,1,0.0
tPSH,1,3,4,0.25
tPSL,3,2,5,0.6
tPSM,7,4,11,0.64
tPSN,3,5,8,0.38
tPSP,5,6,11,0.45
tPSS,16,8,24,0.67
tPSb,6,2,8,0.75
tPSh,2,4,6,0.33
tPSl,5,0,5,1.0
tPSm,14,7,21,0.67
tPSn,4,5,9,0.44
tPSs,3,5,8,0.38
tPSt,2,2,4,0.5
tPbB,3,3,6,0.5
tPbH,1,4,5,0.2
tPbI,0,1,1,0.0
tPbJ,1,1,2,0.5
tPbK,0,0,0,
tPbL,3,4,7,0.43
tPbM,8,8,16,0.5
tPbN,4,0,4,1.0
tPbP,9,4,13,0.69
tPbS,4,4,8,0.5
tPbb,1,3,4,0.25
tPbl,1,1,2,0.5
tPbm,5,4,9,0.56
tPbn,6,6,12,0.5
tPbs,4,4,8,0.5
tPhB,0,2,2,0.0
tPhH,1,0,1,1.0
tPhL,0,1,1,0.0
tPhM,2,1,3,0.67
tPhN,1,0,1,1.0
tPhP,1,0,1,1.0
tPhS,0,1,1,0.0
tPhb,0,2,2,0.0
tPhh,0,2,2,0.0
tPhl,0,1,1,0.0
tPhm,2,3,5,0.4
tPhn,1,1,2,0.5
tPhs,1,1,2,0.5
tPlB,0,1,1,0.0
tPlH,2,1,3,0.67
tPlJ,1,0,1,1.0
tPlL,3,1,4,0.75
tPlM,2,2,4,0.5
tPlN,2,2,4,0.5
tPlP,1,2,3,0.33
tPlS,1,1,2,0.5
tPlb,3,1,4,0.75
tPll,0,2,2,0.0
tPlm,5,0,5,1.0
tPln,3,2,5,0.6
tPls,2,1,3,0.67
tPmB,4,6,10,0.4
tPmD,0,0,0,
tPmH,8,7,15,0.53
tPmI,0,1,1,0.0
tPmJ,6,0,6,1.0
tPmK,0,1,1,0.0
tPmL,3,4,7,0.43
tPmM,6,11,17,0.35
tPmN,8,8,16,0.5
tPmP,7,6,13,0.54
tPmS,6,9,15,0.4
tPmb,5,8,13,0.38
tPml,2,5,7,0.29
tPmm,9,6,15,0.6
tPmn,7,6,13,0.54
tPms,7,3,10,0.7
tPnB,8,6,14,0.57
tPnD,0,0,0,
tPnH,3,3,6,0.5
tPnI,1,1,2,0.5
tPnL,3,3,6,0.5
tPnM,3,10,13,0.23
tPnN,6,5,11,0.55
tPnP,9,6,15,0.6
tPnS,7,3,10,0.7
tPnb,4,4,8,0.5
tPnh,1,0,1,1.0
tPnl,1,3,4,0.25
tPnm,6,12,18,0.33
tPnn,4,12,16,0.25
tPns,1,7,8,0.12
tPsB,5,4,9,0.56
tPsD,0,1,1,0.0
tPsH,8,6,14,0.57
tPsI,1,2,3,0.33
tPsL,2,1,3,0.67
tPsM,6,2,8,0.75
tPsN,3,5,8,0.38
tPsP,5,4,9,0.56
tPsS,10,3,13,0.77
tPsb,4,5,9,0.44
tPsh,1,0,1,1.0
tPsl,6,1,7,0.86
tPsm,8,8,16,0.5
tPsn,5,1,6,0.83
tPss,7,7,14,0.5
tPst,0,0,0,
tPtB,2,1,3,0.67
tPtD,1,0,1,1.0
tPtH,0,2,2,0.0
tPtI,1,1,2,0.5
tPtK,0,1,1,0.0
tPtL,0,1,1,0.0
tPtM,2,1,3,0.67
tPtN,1,0,1,1.0
tPtP,1,2,3,0.33
tPtS,1,1,2,0.5
tPtl,0,2,2,0.0
tPts,1,0,1,1.0
tSBB,5,2,7,0.71
tSBD,0,0,0,
tSBI,1,0,1,1.0
tSBK,1,1,2,0.5
tSBL,0,3,3,0.0
tSBM,5,4,9,0.56
tSBN,8,6,14,0.57
tSBP,9,8,17,0.53
tSBS,3,5,8,0.38
tSBb,3,4,7,0.43
tSBj,0,3,3,0.0
tSBl,2,1,3,0.67
tSBm,4,5,9,0.44
tSBn,4,7,11,0.36
tSBs,5,1,6,0.83
tSBt,0,1,1,0.0
tSDB,0,2,2,0.0
tSDD,0,1,1,0.0
tSDK,0,0,0,
tSDM,1,2,3,0.33
tSDN,1,2,3,0.33
tSDP,2,2,4,0.5
tSDS,2,1,3,0.67
tSDl,1,0,1,1.0
tSDm,3,2,5,0.6
tSDn,1,0,1,1.0
tSDs,1,1,2,0.5
tSDt,1,0,1,1.0
tSHB,0,2,2,0.0
tSHH,2,1,3,0.67
tSHI,1,2,3,0.33
tSHK,0,0,0,
tSHL,0,1,1,0.0
tSHM,3,3,6,0.5
tSHN,1,4,5,0.2
tSHP,3,1,4,0.75
tSHS,4,1,5,0.8
tSHb,2,1,3,0.67
tSHh,2,0,2,1.0
tSHm,2,3,5,0.4
tSHn,2,0,2,1.0
tSHs,5,4,9,0.56
tSIB,1,0,1,1.0
tSIM,1,2,3,0.33
tSIP,0,1,1,0.0
tSIs,0,0,0,
tSKB,1,0,1,1.0
tSKM,1,0,1,1.0
tSKN,0,0,0,
tSKs,0,1,1,0.0
tSLB,2,2,4,0.5
tSLL,1,0,1,1.0
tSLM,1,2,3,0.33
tSLN,0,2,2,0.0
tSLP,2,4,6,0.33
tSLS,1,2,3,0.33
tSLb,3,2,5,0.6
tSLh,1,0,1,1.0
tSLj,0,1,1,0.0
tSLl,1,0,1,1.0
tSLm,2,0,2,1.0
tSLn,1,1,2,0.5
tSLs,3,1,4,0.75
tSMB,10,10,20,0.5
tSMD,2,3,5,0.4
tSMK,0,1,1,0.0
tSML,1,1,2,0.5
tSMM,5,7,12,0.42
tSMN,7,5,12,0.58
tSMP,4,7,11,0.36
tSMS,4,8,12,0.33
tSMb,4,4,8,0.5
tSMh,2,8,10,0.2
tSMj,2,0,2,1.0
tSMl,4,2,6,0.67
tSMm,10,6,16,0.62
tSMn,6,8,14,0.43
tSMs,2,4,6,0.33
tSMt,1,0,1,1.0
tSNB,2,7,9,0.22
tSND,1,1,2,0.5
tSNK,1,1,2,0.5
tSNL,0,2,2,0.0
tSNM,2,3,5,0.4
tSNN,3,5,8,0.38
tSNP,5,3,8,0.62
tSNS,5,4,9,0.56
tSNb,2,3,5,0.4
tSNh,1,3,4,0.25
tSNl,2,2,4,0.5
tSNm,3,4,7,0.43
tSNn,6,4,10,0.6
tSNs,4,5,9,0.44
tSNt,1,1,2,0.5
tSPB,4,5,9,0.44
tSPD,1,2,3,0.33
tSPH,1,1,2,0.5
tSPI,2,1,3,0.67
tSPK,2,0,2,1.0
tSPL,2,4,6,0.33
tSPM,3,10,13,0.23
tSPN,8,0,8,1.0
tSPP,3,10,13,0.23
tSPS,9,3,12,0.75
tSPb,7,6,13,0.54
tSPl,2,6,8,0.25
tSPm,11,4,15,0.73
tSPn,3,3,6,0.5
tSPs,6,7,13,0.46
tSPt,3,1,4,0.75
tSSB,8,5,13,0.62
tSSD,3,0,3,1.0
tSSH,3,6,9,0.33
tSSK,0,1,1,0.0
tSSL,0,2,2,0.0
tSSM,11,9,20,0.55
tSSN,6,12,18,0.33
tSSP,5,5,10,0.5
tSSS,12,10,22,0.55
tSSb,6,7,13,0.46
tSSh,5,9,14,0.36
tSSl,0,1,1,0.0
tSSm,13,8,21,0.62
tSSn,4,6,10,0.4
tSSs,10,6,16,0.62
tSSt,2,1,3,0.67
tSbB,4,2,6,0.67
tSbD,3,0,3,1.0
tSbH,0,1,1,0.0
tSbI,0,1,1,0.0
tSbJ,2,0,2,1.0
tSbL,2,1,3,0.67
tSbM,4,5,9,0.44
tSbN,4,6,10,0.4
tSbP,4,2,6,0.67
tSbS,7,6,13,0.54
tSbb,2,1,3,0.67
tSbl,0,0,0,
tSbm,3,7,10,0.3
tSbn,3,3,6,0.5
tSbs,4,4,8,0.5
tShB,3,2,5,0.6
tShH,1,3,4,0.25
tShI,3,1,4,0.75
tShL,1,0,1,1.0
tShM,1,2,3,0.33
tShN,4,1,5,0.8
tShP,3,2,5,0.6
tShS,6,5,11,0.55
tShb,1,1,2,0.5
tShh,1,5,6,0.17
tShl,1,0,1,1.0
tShm,3,0,3,1.0
tShn,4,1,5,0.8
tShs,3,5,8,0.38
tSlB,1,0,1,1.0
tSlH,0,2,2,0.0
tSlI,1,0,1,1.0
tSlK,0,1,1,0.0
tSlL,1,0,1,1.0
tSlM,0,1,1,0.0
tSlN,0,4,4,0.0
tSlP,2,1,3,0.67
tSlS,2,1,3,0.67
tSlb,1,0,1,1.0
tSll,1,2,3,0.33
tSlm,0,1,1,0.0
tSln,2,3,5,0.4
tSls,0,0,0,
tSmB,3,6,9,0.33
tSmD,3,2,5,0.6
tSmH,8,3,11,0.73
tSmI,0,1,1,0.0
tSmJ,0,2,2,0.0
tSmK,0,1,1,0.0
tSmL,2,2,4,0.5
tSmM,4,8,12,0.33
tSmN,9,7,16,0.56
tSmP,3,6,9,0.33
tSmS,5,9,14,0.36
tSmb,4,3,7,0.57
tSmh,0,0,0,
tSml,4,1,5,0.8
tSmm,10,6,16,0.62
tSmn,7,5,12,0.58
tSms,6,5,11,0.55
tSnB,5,2,7,0.71
tSnH,10,5,15,0.67
tSnI,0,2,2,0.0
tSnK,0,1,1,0.0
tSnL,0,1,1,0.0
tSnM,9,4,13,0.69
tSnN,7,7,14,0.5
tSnP,8,5,13,0.62
tSnS,6,5,11,0.55
tSnb,3,4,7,0.43
tSnh,1,0,1,1.0
tSnl,2,2,4,0.5
tSnm,7,8,15,0.47
tSnn,3,7,10,0.3
tSns,4,5,9,0.44
tSsB,9,6,15,0.6
tSsD,2,2,4,0.5
tSsH,2,1,3,0.67
tSsI,2,2,4,0.5
tSsK,1,0,1,1.0
tSsL,2,4,6,0.33
tSsM,5,6,11,0.45
tSsN,9,4,13,0.69
tSsP,8,3,11,0.73
tSsS,17,12,29,0.59
tSsb,4,6,10,0.4
tSsh,0,1,1,0.0
tSsl,0,6,6,0.0
tSsm,7,9,16,0.44
tSsn,5,5,10,0.5
tSss,15,8,23,0.65
tStH,0,2,2,0.0
tStL,0,1,1,0.0
tStM,2,1,3,0.67
tStN,2,1,3,0.67
tStP,4,0,4,1.0
tStS,1,0,1,1.0
tStb,1,1,2,0.5
tStl,0,0,0,
tStm,2,0,2,1.0
tStn,1,3,4,0.25
tSts,0,1,1,0.0
tStt,0,1,1,0.0
tbBB,3,4,7,0.43
tbBK,1,1,2,0.5
tbBM,2,3,5,0.4
tbBN,4,6,10,0.4
tbBP,4,6,10,0.4
tbBS,1,2,3,0.33
tbBb,4,5,9,0.44
tbBh,1,0,1,1.0
tbBj,2,0,2,1.0
tbBl,2,2,4,0.5
tbBm,5,4,9,0.56
tbBn,5,6,11,0.45
tbBs,0,1,1,0.0
tbBt,0,2,2,0.0
tbDB,0,3,3,0.0
tbDH,2,1,3,0.67
tbDM,1,1,2,0.5
tbDN,0,1,1,0.0
tbDS,1,0,1,1.0
tbDb,1,0,1,1.0
tbDm,0,2,2,0.0
tbDs,0,2,2,0.0
tbHB,1,0,1,1.0
tbHD,1,0,1,1.0
tbHH,1,0,1,1.0
tbHL,1,0,1,1.0
tbHM,3,1,4,0.75
tbHN,2,2,4,0.5
tbHP,1,2,3,0.33
tbHS,0,1,1,0.0
tbHb,0,1,1,0.0
tbHh,0,1,1,0.0
tbHl,2,1,3,0.67
tbHm,2,3,5,0.4
tbHn,2,0,2,1.0
tbHs,1,1,2,0.5
tbIB,0,1,1,0.0
tbID,0,1,1,0.0
tbIM,0,1,1,0.0
tbIN,1,0,1,1.0
tbIP,1,2,3,0.33
tbIb,1,1,2,0.5
tbIm,0,2,2,0.0
tbIs,1,0,1,1.0
tbJH,1,1,2,0.5
tbJI,0,0,0,
tbJK,1,0,1,1.0
tbJL,1,1,2,0.5
tbJM,1,2,3,0.33
tbJN,0,2,2,0.0
tbJP,1,1,2,0.5
tbJS,0,1,1,0.0
tbJb,1,0,1,1.0
tbJh,2,0,2,1.0
tbJl,2,0,2,1.0
tbJm,2,0,2,1.0
tbJn,3,1,4,0.75
tbJs,2,0,2,1.0
tbKI,0,1,1,0.0
tbKL,0,0,0,
tbKM,0,1,1,0.0
tbKP,0,1,1,0.0
tbKb,0,1,1,0.0
tbKn,2,0,2,1.0
tbKs,0,0,0,
tbLB,1,1,2,0.5
tbLH,0,0,0,
tbLL,3,0,3,1.0
tbLM,1,0,1,1.0
tbLN,3,0,3,1.0
tbLP,2,1,3,0.67
tbLS,1,1,2,0.5
tbLb,0,3,3,0.0
tbLh,0,1,1,0.0
tbLl,0,1,1,0.0
tbLm,1,0,1,1.0
tbLn,5,2,7,0.71
tbLs,0,1,1,0.0
tbLt,0,1,1,0.0
tbMB,2,9,11,0.18
tbMD,1,0,1,1.0
tbML,1,3,4,0.25
tbMM,8,3,11,0.73
tbMN,0,7,7,0.0
tbMP,3,8,11,0.27
tbMS,4,4,8,0.5
tbMb,3,1,4,0.75
tbMh,6,3,9,0.67
tbMj,2,0,2,1.0
tbMl,0,0,0,
tbMm,6,2,8,0.75
tbMn,5,13,18,0.28
tbMs,4,4,8,0.5
tbMt,0,1,1,0.0
tbNB,4,3,7,0.57
tbND,0,2,2,0.0
tbNH,1,0,1,1.0
tbNL,4,1,5,0.8
tbNM,5,11,16,0.31
tbNN,7,7,14,0.5
tbNP,8,2,10,0.8
tbNS,5,4,9,0.56
tbNb,6,4,10,0.6
tbNh,1,3,4,0.25
tbNl,0,1,1,0.0
tbNm,4,4,8,0.5
tbNn,5,7,12,0.42
tbNs,7,5,12,0.58
tbNt,1,0,1,1.0
tbPB,4,7,11,0.36
tbPH,0,1,1,0.0
tbPI,0,1,1,0.0
tbPK,0,0,0,
tbPL,1,2,3,0.33
tbPM,7,4,11,0.64
tbPN,8,5,13,0.62
tbPP,9,8,17,0.53
tbPS,2,4,6,0.33
tbPb,6,3,9,0.67
tbPl,2,1,3,0.67
tbPm,6,2,8,0.75
tbPn,3,3,6,0.5
tbPs,1,4,5,0.2
tbPt,2,0,2,1.0
tbSB,2,5,7,0.29
tbSD,0,1,1,0.0
tbSH,1,1,2,0.5
tbSL,1,1,2,0.5
tbSM,2,6,8,0.25
tbSN,1,4,5,0.2
tbSP,3,4,7,0.43
tbSS,4,6,10,0.4
tbSb,3,2,5,0.6
tbSh,0,4,4,0.0
tbSm,4,2,6,0.67
tbSn,6,2,8,0.75
tbSs,5,1,6,0.83
tbSt,1,0,1,1.0
tbbB,6,4,10,0.6
tbbD,0,2,2,0.0
tbbH,0,3,3,0.0
tbbJ,0,1,1,0.0
tbbK,0,2,2,0.0
tbbL,1,2,3,0.33
tbbM,2,7,9,0.22
tbbN,6,9,15,0.4
tbbP,3,3,6,0.5
tbbS,2,1,3,0.67
tbbb,6,3,9,0.67
tbbl,2,1,3,0.67
tbbm,6,0,6,1.0
tbbn,3,6,9,0.33
tbbs,4,1,5,0.8
tblB,0,4,4,0.0
tblH,2,1,3,0.67
tblI,1,0,1,1.0
tblL,0,2,2,0.0
tblM,1,3,4,0.25
tblN,0,1,1,0.0
tblS,1,1,2,0.5
tblb,1,0,1,1.0
tblm,2,1,3,0.67
tbln,2,1,3,0.67
tbls,0,2,2,0.0
tbmB,7,3,10,0.7
tbmD,2,0,2,1.0
tbmH,2,4,6,0.33
tbmI,1,0,1,1.0
tbmL,0,2,2,0.0
tbmM,2,2,4,0.5
tbmN,7,4,11,0.64
tbmP,6,7,13,0.46
tbmS,5,3,8,0.62
tbmb,1,3,4,0.25
tbml,3,1,4,0.75
tbmm,6,4,10,0.6
tbmn,5,5,10,0.5
tbms,1,3,4,0.25
tbnB,0,2,2,0.0
tbnD,1,0,1,1.0
tbnH,2,4,6,0.33
tbnL,0,0,0,
tbnM,5,9,14,0.36
tbnN,4,4,8,0.5
tbnP,3,7,10,0.3
tbnS,6,3,9,0.67
tbnb,3,5,8,0.38
tbnh,1,0,1,1.0
tbnl,2,3,5,0.4
tbnm,3,3,6,0.5
tbnn,2,2,4,0.5
tbns,2,3,5,0.4
tbsB,2,5,7,0.29
tbsD,1,1,2,0.5
tbsH,3,7,10,0.3
tbsI,1,1,2,0.5
tbsM,3,2,5,0.6
tbsN,2,4,6,0.33
tbsP,1,2,3,0.33
tbsS,2,2,4,0.5
tbsb,4,3,7,0.57
tbsl,0,0,0,
tbsm,4,2,6,0.67
tbsn,1,1,2,0.5
tbss,2,3,5,0.4
thBP,1,0,1,1.0
thBS,1,0,1,1.0
thBb,0,1,1,0.0
thBj,0,1,1,0.0
thBn,1,1,2,0.5
thDP,1,0,1,1.0
thHM,2,0,2,1.0
thHP,1,0,1,1.0
thIP,0,0,0,
thLb,0,1,1,0.0
thLm,0,1,1,0.0
thMB,2,1,3,0.67
thMM,1,1,2,0.5
thMm,1,0,1,1.0
thMn,1,0,1,1.0
thNN,1,0,1,1.0
thNP,0,1,1,0.0
thNb,0,1,1,0.0
thNm,1,0,1,1.0
thNn,0,1,1,0.0
thPB,0,1,1,0.0
thPS,0,2,2,0.0
thPl,1,0,1,1.0
thSB,0,1,1,0.0
thSM,2,0,2,1.0
thSm,0,0,0,
thbM,0,1,1,0.0
thbS,1,0,1,1.0
thbm,0,1,1,0.0
thbs,1,0,1,1.0
thhI,0,1,1,0.0
thhM,1,0,1,1.0
thhN,2,0,2,1.0
thhl,1,0,1,1.0
thhm,1,0,1,1.0
thhn,0,0,0,
thlM,0,0,0,
thlb,0,1,1,0.0
thlm,0,1,1,0.0
thln,0,1,1,0.0
thmD,0,0,0,
thmM,0,2,2,0.0
thmN,0,2,2,0.0
thmP,1,0,1,1.0
thmS,1,0,1,1.0
thmb,1,1,2,0.5
thml,1,0,1,1.0
thmm,1,0,1,1.0
thms,1,0,1,1.0
thnB,0,1,1,0.0
thnL,0,0,0,
thnP,1,1,2,0.5
thnm,0,1,1,0.0
thsB,0,1,1,0.0
thsS,0,0,0,
thsm,1,0,1,1.0
thtB,0,0,0,
thtm,0,1,1,0.0
tlBB,2,1,3,0.67
tlBD,0,0,0,
tlBK,1,0,1,1.0
tlBL,2,0,2,1.0
tlBM,0,2,2,0.0
tlBN,3,1,4,0.75
tlBP,0,3,3,0.0
tlBS,0,1,1,0.0
tlBb,2,3,5,0.4
tlBl,2,0,2,1.0
tlBm,3,3,6,0.5
tlBn,2,1,3,0.67
tlDB,0,1,1,0.0
tlDH,1,0,1,1.0
tlDM,1,0,1,1.0
tlDN,0,0,0,
tlDm,0,1,1,0.0
tlDn,1,0,1,1.0
tlDs,0,1,1,0.0
tlHB,2,3,5,0.4
tlHI,1,0,1,1.0
tlHK,0,0,0,
tlHL,0,1,1,0.0
tlHM,2,0,2,1.0
tlHN,2,3,5,0.4
tlHP,4,0,4,1.0
tlHS,1,3,4,0.25
tlHh,1,0,1,1.0
tlHm,2,1,3,0.67
tlHs,3,0,3,1.0
tlIP,1,0,1,1.0
tlIl,0,1,1,0.0
tlJD,1,0,1,1.0
tlJL,1,0,1,1.0
tlJN,1,0,1,1.0
tlJP,1,0,1,1.0
tlJS,0,2,2,0.0
tlJb,1,0,1,1.0
tlJs,1,0,1,1.0
tlJt,1,0,1,1.0
tlKP,0,1,1,0.0
tlLB,1,2,3,0.33
tlLM,1,0,1,1.0
tlLN,0,1,1,0.0
tlLP,1,3,4,0.25
tlLS,0,2,2,0.0
tlLb,1,1,2,0.5
tlLh,0,1,1,0.0
tlLl,0,1,1,0.0
tlLm,0,0,0,
tlLn,0,2,2,0.0
tlLs,0,1,1,0.0
tlMB,2,4,6,0.33
tlML,0,0,0,
tlMM,1,2,3,0.33
tlMN,2,3,5,0.4
tlMP,1,1,2,0.5
tlMb,4,2,6,0.67
tlMh,4,1,5,0.8
tlMl,1,0,1,1.0
tlMm,6,3,9,0.67
tlMn,1,6,7,0.14
tlMs,2,2,4,0.5
tlMt,0,1,1,0.0
tlNB,0,1,1,0.0
tlNH,0,1,1,0.0
tlNK,0,1,1,0.0
tlNN,5,2,7,0.71
tlNP,2,2,4,0.5
tlNS,3,1,4,0.75
tlNb,1,0,1,1.0
tlNh,1,1,2,0.5
tlNl,2,0,2,1.0
tlNm,2,1,3,0.67
tlNn,3,3,6,0.5
tlNs,1,1,2,0.5
tlPB,3,3,6,0.5
tlPH,1,0,1,1.0
tlPK,1,0,1,1.0
tlPL,0,2,2,0.0
tlPN,2,2,4,0.5
tlPP,1,0,1,1.0
tlPS,1,3,4,0.25
tlPb,2,2,4,0.5
tlPl,1,4,5,0.2
tlPm,2,4,6,0.33
tlPn,3,2,5,0.6
tlPs,3,1,4,0.75
tlSB,3,0,3,1.0
tlSL,1,1,2,0.5
tlSM,3,1,4,0.75
tlSN,2,2,4,0.5
tlSP,1,1,2,0.5
tlSS,1,2,3,0.33
tlSb,3,2,5,0.6
tlSh,2,2,4,0.5
tlSl,1,2,3,0.33
tlSm,1,1,2,0.5
tlSn,2,3,5,0.4
tlSs,3,1,4,0.75
tlbB,1,4,5,0.2
tlbJ,0,3,3,0.0
tlbL,0,1,1,0.0
tlbM,2,3,5,0.4
tlbN,7,4,11,0.64
tlbP,3,2,5,0.6
tlbb,3,0,3,1.0
tlbl,0,1,1,0.0
tlbm,4,2,6,0.67
tlbn,1,4,5,0.2
tlbs,0,1,1,0.0
tlhS,1,0,1,1.0
tllB,1,1,2,0.5
tllI,1,0,1,1.0
tllM,1,0,1,1.0
tllP,1,0,1,1.0
tllS,1,0,1,1.0
tllb,0,0,0,
tllm,1,0,1,1.0
tlln,1,0,1,1.0
tlmB,2,3,5,0.4
tlmH,0,1,1,0.0
tlmJ,0,1,1,0.0
tlmL,0,1,1,0.0
tlmM,0,3,3,0.0
tlmN,2,3,5,0.4
tlmP,4,2,6,0.67
tlmS,3,2,5,0.6
tlmb,3,0,3,1.0
tlmm,0,4,4,0.0
tlmn,0,1,1,0.0
tlms,2,4,6,0.33
tlnB,1,1,2,0.5
tlnH,0,1,1,0.0
tlnI,1,0,1,1.0
tlnL,1,1,2,0.5
tlnM,2,0,2,1.0
tlnN,2,4,6,0.33
tlnP,0,2,2,0.0
tlnS,4,1,5,0.8
tlnb,2,2,4,0.5
tlnl,1,0,1,1.0
tlnm,1,0,1,1.0
tlns,0,1,1,0.0
tlsB,1,0,1,1.0
tlsD,1,1,2,0.5
tlsH,0,1,1,0.0
tlsI,1,0,1,1.0
tlsL,1,0,1,1.0
tlsM,1,2,3,0.33
tlsN,0,3,3,0.0
tlsP,1,5,6,0.17
tlsS,1,2,3,0.33
tlsb,1,0,1,1.0
tlsl,1,1,2,0.5
tlsm,1,2,3,0.33
tlss,3,2,5,0.6
tmBB,6,3,9,0.67
tmBK,2,2,4,0.5
tmBM,3,3,6,0.5
tmBN,8,9,17,0.47
tmBP,4,3,7,0.57
tmBS,6,7,13,0.46
tmBb,4,1,5,0.8
tmBh,0,0,0,
tmBj,2,2,4,0.5
tmBl,2,1,3,0.67
tmBm,4,8,12,0.33
tmBn,10,7,17,0.59
tmBs,4,5,9,0.44
tmBt,4,1,5,0.8
tmDB,1,2,3,0.33
tmDD,1,0,1,1.0
tmDH,0,1,1,0.0
tmDL,0,0,0,
tmDM,2,2,4,0.5
tmDN,3,0,3,1.0
tmDP,3,2,5,0.6
tmDS,3,2,5,0.6
tmDh,0,0,0,
tmDl,1,1,2,0.5
tmDm,0,1,1,0.0
tmDn,0,0,0,
tmDs,1,0,1,1.0
tmHB,4,2,6,0.67
tmHD,1,1,2,0.5
tmHI,0,1,1,0.0
tmHL,0,2,2,0.0
tmHM,3,6,9,0.33
tmHN,8,6,14,0.57
tmHP,4,12,16,0.25
tmHS,10,6,16,0.62
tmHb,4,5,9,0.44
tmHh,2,1,3,0.67
tmHl,3,1,4,0.75
tmHm,7,3,10,0.7
tmHn,3,5,8,0.38
tmHs,3,5,8,0.38
tmHt,1,0,1,1.0
tmIB,0,1,1,0.0
tmIH,1,1,2,0.5
tmIM,1,1,2,0.5
tmIN,0,3,3,0.0
tmIP,1,0,1,1.0
tmIS,2,0,2,1.0
tmIb,0,1,1,0.0
tmIl,1,0,1,1.0
tmIm,1,1,2,0.5
tmIn,0,0,0,
tmJB,2,3,5,0.4
tmJD,1,1,2,0.5
tmJH,1,0,1,1.0
tmJL,0,1,1,0.0
tmJM,1,2,3,0.33
tmJN,0,1,1,0.0
tmJP,6,2,8,0.75
tmJS,0,2,2,0.0
tmJb,4,1,5,0.8
tmJl,0,2,2,0.0
tmJm,3,0,3,1.0
tmJn,2,2,4,0.5
tmJs,1,2,3,0.33
tmJt,1,0,1,1.0
tmKL,0,1,1,0.0
tmKM,1,0,1,1.0
tmKN,1,0,1,1.0
tmKb,0,0,0,
tmKh,1,0,1,1.0
tmKm,1,0,1,1.0
tmKn,0,0,0,
tmLB,1,0,1,1.0
tmLD,1,1,2,0.5
tmLI,1,0,1,1.0
tmLL,1,0,1,1.0
tmLM,1,0,1,1.0
tmLN,1,1,2,0.5
tmLP,1,2,3,0.33
tmLS,1,1,2,0.5
tmLb,0,1,1,0.0
tmLh,2,0,2,1.0
tmLl,2,0,2,1.0
tmLm,0,0,0,
tmLn,6,1,7,0.86
tmLs,4,0,4,1.0
tmLt,1,0,1,1.0
tmMB,3,6,9,0.33
tmMD,0,3,3,0.0
tmMK,0,1,1,0.0
tmML,2,2,4,0.5
tmMM,5,11,16,0.31
tmMN,5,10,15,0.33
tmMP,9,5,14,0.64
tmMS,9,12,21,0.43
tmMb,6,7,13,0.46
tmMh,2,6,8,0.25
tmMj,2,3,5,0.4
tmMl,2,5,7,0.29
tmMm,10,10,20,0.5
tmMn,10,8,18,0.56
tmMs,7,5,12,0.58
tmMt,0,4,4,0.0
tmNB,5,9,14,0.36
tmND,1,1,2,0.5
tmNH,0,2,2,0.0
tmNI,0,1,1,0.0
tmNK,0,1,1,0.0
tmNL,0,2,2,0.0
tmNM,4,2,6,0.67
tmNN,7,4,11,0.64
tmNP,10,5,15,0.67
tmNS,8,8,16,0.5
tmNb,1,4,5,0.2
tmNh,3,2,5,0.6
tmNl,0,3,3,0.0
tmNm,6,2,8,0.75
tmNn,9,8,17,0.53
tmNs,8,7,15,0.53
tmNt,0,1,1,0.0
tmPB,3,7,10,0.3
tmPD,1,0,1,1.0
tmPH,1,1,2,0.5
tmPI,0,2,2,0.0
tmPK,1,1,2,0.5
tmPL,2,0,2,1.0
tmPM,5,7,12,0.42
tmPN,4,6,10,0.4
tmPP,7,8,15,0.47
tmPS,5,5,10,0.5
tmPb,11,5,16,0.69
tmPh,0,0,0,
tmPl,2,1,3,0.67
tmPm,9,6,15,0.6
tmPn,3,7,10,0.3
tmPs,3,6,9,0.33
tmPt,0,1,1,0.0
tmSB,4,6,10,0.4
tmSH,1,0,1,1.0
tmSK,1,0,1,1.0
tmSL,2,1,3,0.67
tmSM,3,8,11,0.27
tmSN,0,4,4,0.0
tmSP,1,7,8,0.12
tmSS,6,6,12,0.5
tmSb,4,3,7,0.57
tmSh,5,4,9,0.56
tmSl,2,1,3,0.67
tmSm,9,6,15,0.6
tmSn,12,5,17,0.71
tmSs,8,3,11,0.73
tmSt,1,0,1,1.0
tmbB,5,4,9,0.56
tmbD,0,1,1,0.0
tmbH,1,1,2,0.5
tmbI,0,3,3,0.0
tmbJ,2,1,3,0.67
tmbK,0,3,3,0.0
tmbL,1,4,5,0.2
tmbM,6,7,13,0.46
tmbN,5,8,13,0.38
tmbP,5,4,9,0.56
tmbS,5,3,8,0.62
tmbb,6,7,13,0.46
tmbl,3,4,7,0.43
tmbm,7,5,12,0.58
tmbn,3,5,8,0.38
tmbs,2,6,8,0.25
tmhN,0,1,1,0.0
tmlB,2,1,3,0.67
tmlH,1,0,1,1.0
tmlJ,0,1,1,0.0
tmlL,2,0,2,1.0
tmlM,3,2,5,0.6
tmlN,4,2,6,0.67
tmlP,1,1,2,0.5
tmlS,1,1,2,0.5
tmlb,3,0,3,1.0
tmll,1,0,1,1.0
tmlm,1,1,2,0.5
tmln,3,1,4,0.75
tmls,1,0,1,1.0
tmmB,6,8,14,0.43
tmmD,1,1,2,0.5
tmmH,7,5,12,0.58
tmmI,1,1,2,0.5
tmmJ,2,1,3,0.67
tmmK,1,0,1,1.0
tmmL,1,3,4,0.25
tmmM,9,15,24,0.38
tmmN,7,8,15,0.47
tmmP,11,12,23,0.48
tmmS,7,3,10,0.7
tmmb,4,8,12,0.33
tmml,2,3,5,0.4
tmmm,5,8,13,0.38
tmmn,6,3,9,0.67
tmms,2,1,3,0.67
tmnB,1,5,6,0.17
tmnD,1,0,1,1.0
tmnH,6,3,9,0.67
tmnI,2,1,3,0.67
tmnK,3,1,4,0.75
tmnL,3,1,4,0.75
tmnM,6,7,13,0.46
tmnN,7,3,10,0.7
tmnP,7,6,13,0.54
tmnS,5,5,10,0.5
tmnb,3,0,3,1.0
tmnl,0,1,1,0.0
tmnm,6,9,15,0.4
tmnn,7,5,12,0.58
tmns,5,2,7,0.71
tmsB,7,1,8,0.88
tmsD,1,1,2,0.5
tmsH,3,2,5,0.6
tmsI,0,0,0,
tmsL,0,2,2,0.0
tmsM,6,9,15,0.4
tmsN,8,5,13,0.62
tmsP,2,7,9,0.22
tmsS,4,5,9,0.44
tmsb,7,1,8,0.88
tmsl,1,1,2,0.5
tmsm,4,3,7,0.57
tmsn,6,4,10,0.6
tmss,7,5,12,0.58
tmst,0,0,0,
tmtM,0,1,1,0.0
tnBB,7,6,13,0.54
tnBD,1,0,1,1.0
tnBH,0,1,1,0.0
tnBL,0,1,1,0.0
tnBM,2,4,6,0.33
tnBN,2,4,6,0.33
tnBP,8,5,13,0.62
tnBS,2,4,6,0.33
tnBb,3,2,5,0.6
tnBj,2,1,3,0.67
tnBl,1,0,1,1.0
tnBm,4,3,7,0.57
tnBn,3,4,7,0.43
tnBs,4,2,6,0.67
tnBt,2,1,3,0.67
tnDD,0,0,0,
tnDH,1,2,3,0.33
tnDM,1,2,3,0.33
tnDN,0,2,2,0.0
tnDP,2,2,4,0.5
tnDS,1,2,3,0.33
tnDb,0,1,1,0.0
tnDh,0,0,0,
tnDm,0,1,1,0.0
tnDn,1,1,2,0.5
tnDs,0,3,3,0.0
tnDt,0,1,1,0.0
tnHB,0,3,3,0.0
tnHD,0,1,1,0.0
tnHH,1,0,1,1.0
tnHI,1,1,2,0.5
tnHL,3,2,5,0.6
tnHM,2,5,7,0.29
tnHN,5,5,10,0.5
tnHP,8,2,10,0.8
tnHS,3,3,6,0.5
tnHb,2,6,8,0.25
tnHh,3,2,5,0.6
tnHl,3,2,5,0.6
tnHm,7,3,10,0.7
tnHn,6,3,9,0.67
tnHs,1,4,5,0.2
tnIB,0,2,2,0.0
tnIH,1,1,2,0.5
tnII,0,1,1,0.0
tnIL,1,1,2,0.5
tnIM,0,3,3,0.0
tnIN,2,1,3,0.67
tnIP,1,0,1,1.0
tnIS,1,1,2,0.5
tnIb,0,1,1,0.0
tnIh,1,0,1,1.0
tnIl,1,0,1,1.0
tnIm,1,2,3,0.33
tnIn,3,0,3,1.0
tnIs,2,1,3,0.67
tnKM,1,0,1,1.0
tnKN,1,0,1,1.0
tnKP,2,1,3,0.67
tnKb,0,0,0,
tnKh,0,1,1,0.0
tnKl,1,0,1,1.0
tnKn,0,3,3,0.0
tnKs,0,0,0,
tnLB,4,2,6,0.67
tnLD,0,1,1,0.0
tnLL,0,1,1,0.0
tnLM,1,3,4,0.25
tnLN,2,1,3,0.67
tnLP,1,1,2,0.5
tnLS,1,1,2,0.5
tnLb,0,1,1,0.0
tnLh,0,1,1,0.0
tnLj,1,0,1,1.0
tnLl,1,0,1,1.0
tnLm,1,0,1,1.0
tnLn,3,1,4,0.75
tnLs,1,1,2,0.5
tnMB,7,7,14,0.5
tnMD,2,1,3,0.67
tnML,0,2,2,0.0
tnMM,7,4,11,0.64
tnMN,5,3,8,0.62
tnMP,4,6,10,0.4
tnMS,4,5,9,0.44
tnMb,4,4,8,0.5
tnMh,7,6,13,0.54
tnMj,0,1,1,0.0
tnMl,1,1,2,0.5
tnMm,6,3,9,0.67
tnMn,5,4,9,0.56
tnMs,5,5,10,0.5
tnMt,2,0,2,1.0
tnNB,4,7,11,0.36
tnND,1,0,1,1.0
tnNH,3,3,6,0.5
tnNI,0,1,1,0.0
tnNK,0,1,1,0.0
tnNL,2,2,4,0.5
tnNM,2,7,9,0.22
tnNN,7,7,14,0.5
tnNP,11,6,17,0.65
tnNS,8,7,15,0.53
tnNb,3,2,5,0.6
tnNh,4,2,6,0.67
tnNl,0,1,1,0.0
tnNm,5,2,7,0.71
tnNn,6,6,12,0.5
tnNs,5,6,11,0.45
tnNt,1,2,3,0.33
tnPB,7,3,10,0.7
tnPD,2,1,3,0.67
tnPH,2,3,5,0.4
tnPI,2,1,3,0.67
tnPK,0,1,1,0.0
tnPL,2,3,5,0.4
tnPM,9,7,16,0.56
tnPN,7,9,16,0.44
tnPP,9,8,17,0.53
tnPS,6,6,12,0.5
tnPb,2,2,4,0.5
tnPh,1,0,1,1.0
tnPl,2,3,5,0.4
tnPm,7,4,11,0.64
tnPn,6,6,12,0.5
tnPs,5,4,9,0.56
tnPt,1,1,2,0.5
tnSB,4,3,7,0.57
tnSD,0,2,2,0.0
tnSH,1,0,1,1.0
tnSL,4,1,5,0.8
tnSM,2,5,7,0.29
tnSN,7,6,13,0.54
tnSP,4,4,8,0.5
tnSS,13,6,19,0.68
tnSb,8,0,8,1.0
tnSh,3,2,5,0.6
tnSl,2,2,4,0.5
tnSm,3,3,6,0.5
tnSn,6,4,10,0.6
tnSs,4,9,13,0.31
tnSt,3,1,4,0.75
tnbB,0,3,3,0.0
tnbD,0,0,0,
tnbH,1,4,5,0.2
tnbI,1,2,3,0.33
tnbJ,2,0,2,1.0
tnbK,1,1,2,0.5
tnbL,2,0,2,1.0
tnbM,2,5,7,0.29
tnbN,5,8,13,0.38
tnbP,4,7,11,0.36
tnbS,4,4,8,0.5
tnbb,4,2,6,0.67
tnbl,6,1,7,0.86
tnbm,7,2,9,0.78
tnbn,6,1,7,0.86
tnbs,2,3,5,0.4
tnhB,1,0,1,1.0
tnhm,0,1,1,0.0
tnhn,1,2,3,0.33
tnhs,1,0,1,1.0
tnlB,1,1,2,0.5
tnlH,1,1,2,0.5
tnlJ,2,0,2,1.0
tnlK,1,0,1,1.0
tnlM,3,3,6,0.5
tnlN,1,1,2,0.5
tnlP,2,1,3,0.67
tnlS,1,0,1,1.0
tnlb,1,1,2,0.5
tnll,1,0,1,1.0
tnlm,0,2,2,0.0
tnln,0,0,0,
tnls,0,1,1,0.0
tnmB,5,8,13,0.38
tnmD,2,1,3,0.67
tnmH,3,5,8,0.38
tnmI,3,0,3,1.0
tnmJ,0,0,0,
tnmM,1,5,6,0.17
tnmN,11,10,21,0.52
tnmP,3,0,3,1.0
tnmS,4,7,11,0.36
tnmb,2,5,7,0.29
tnmh,0,1,1,0.0
tnml,0,2,2,0.0
tnmm,4,7,11,0.36
tnmn,4,5,9,0.44
tnms,2,0,2,1.0
tnnB,7,0,7,1.0
tnnD,1,0,1,1.0
tnnH,3,2,5,0.6
tnnI,1,0,1,1.0
tnnL,1,1,2,0.5
tnnM,8,7,15,0.53
tnnN,1,7,8,0.12
tnnP,10,8,18,0.56
tnnS,5,5,10,0.5
tnnb,2,5,7,0.29
tnnh,1,0,1,1.0
tnnl,1,3,4,0.25
tnnm,3,9,12,0.25
tnnn,6,3,9,0.67
tnns,5,7,12,0.42
tnsB,1,1,2,0.5
tnsD,3,0,3,1.0
tnsH,6,3,9,0.67
tnsI,2,1,3,0.67
tnsK,1,0,1,1.0
tnsL,2,0,2,1.0
tnsM,5,6,11,0.45
tnsN,5,3,8,0.62
tnsP,6,9,15,0.4
tnsS,10,7,17,0.59
tnsb,2,7,9,0.22
tnsh,0,1,1,0.0
tnsl,2,1,3,0.67
tnsm,6,9,15,0.4
tnsn,4,8,12,0.33
tnss,9,5,14,0.64
tntS,0,0,0,
tsBB,3,2,5,0.6
tsBD,0,0,0,
tsBK,1,0,1,1.0
tsBL,2,1,3,0.67
tsBM,1,1,2,0.5
tsBN,2,4,6,0.33
tsBP,5,6,11,0.45
tsBS,1,3,4,0.25
tsBb,2,3,5,0.4
tsBj,0,1,1,0.0
tsBl,2,0,2,1.0
tsBm,1,4,5,0.2
tsBn,1,4,5,0.2
tsBs,4,1,5,0.8
tsBt,0,1,1,0.0
tsDB,1,0,1,1.0
tsDD,0,1,1,0.0
tsDM,1,0,1,1.0
tsDP,1,1,2,0.5
tsDS,1,2,3,0.33
tsDb,2,2,4,0.5
tsDm,2,0,2,1.0
tsDs,3,2,5,0.6
tsHB,4,3,7,0.57
tsHD,1,0,1,1.0
tsHH,3,1,4,0.75
tsHL,1,4,5,0.2
tsHM,2,11,13,0.15
tsHN,5,6,11,0.45
tsHP,6,6,12,0.5
tsHS,7,8,15,0.47
tsHb,5,4,9,0.56
tsHh,2,1,3,0.67
tsHl,2,2,4,0.5
tsHm,5,3,8,0.62
tsHn,6,4,10,0.6
tsHs,6,5,11,0.55
tsHt,0,1,1,0.0
tsIH,0,2,2,0.0
tsIM,1,1,2,0.5
tsIN,1,1,2,0.5
tsIP,0,2,2,0.0
tsIS,3,0,3,1.0
tsIb,1,1,2,0.5
tsIl,0,2,2,0.0
tsIm,3,0,3,1.0
tsIn,0,2,2,0.0
tsIs,1,2,3,0.33
tsKb,0,1,1,0.0
tsLB,0,2,2,0.0
tsLD,0,0,0,
tsLL,1,0,1,1.0
tsLM,3,1,4,0.75
tsLN,3,1,4,0.75
tsLP,4,1,5,0.8
tsLS,1,1,2,0.5
tsLb,3,1,4,0.75
tsLh,1,1,2,0.5
tsLj,0,1,1,0.0
tsLm,1,3,4,0.25
tsLn,1,1,2,0.5
tsLs,1,3,4,0.25
tsLt,1,0,1,1.0
tsMB,6,7,13,0.46
tsML,1,1,2,0.5
tsMM,7,3,10,0.7
tsMN,6,8,14,0.43
tsMP,7,2,9,0.78
tsMS,4,3,7,0.57
tsMb,1,3,4,0.25
tsMh,3,5,8,0.38
tsMj,1,2,3,0.33
tsMl,2,0,2,1.0
tsMm,3,9,12,0.25
tsMn,7,9,16,0.44
tsMs,7,5,12,0.58
tsMt,1,1,2,0.5
tsNB,8,5,13,0.62
tsNH,2,2,4,0.5
tsNI,0,1,1,0.0
tsNL,0,3,3,0.0
tsNM,3,3,6,0.5
tsNN,5,4,9,0.56
tsNP,6,5,11,0.55
tsNS,3,6,9,0.33
tsNb,1,3,4,0.25
tsNh,1,0,1,1.0
tsNl,1,0,1,1.0
tsNm,4,6,10,0.4
tsNn,7,2,9,0.78
tsNs,3,5,8,0.38
tsNt,1,1,2,0.5
tsPB,4,7,11,0.36
tsPD,1,0,1,1.0
tsPH,1,0,1,1.0
tsPI,1,1,2,0.5
tsPK,0,0,0,
tsPL,2,1,3,0.67
tsPM,4,1,5,0.8
tsPN,9,2,11,0.82
tsPP,6,7,13,0.46
tsPS,5,2,7,0.71
tsPb,3,3,6,0.5
tsPl,3,2,5,0.6
tsPm,6,2,8,0.75
tsPn,6,6,12,0.5
tsPs,8,1,9,0.89
tsPt,1,0,1,1.0
tsSB,5,4,9,0.56
tsSD,4,1,5,0.8
tsSH,2,0,2,1.0
tsSI,1,0,1,1.0
tsSL,5,1,6,0.83
tsSM,6,9,15,0.4
tsSN,6,6,12,0.5
tsSP,6,1,7,0.86
tsSS,14,11,25,0.56
tsSb,3,2,5,0.6
tsSh,4,5,9,0.44
tsSl,1,2,3,0.33
tsSm,6,4,10,0.6
tsSn,4,5,9,0.44
tsSs,12,8,20,0.6
tsSt,1,2,3,0.33
tsbB,1,2,3,0.33
tsbH,0,2,2,0.0
tsbI,0,2,2,0.0
tsbJ,0,6,6,0.0
tsbL,0,1,1,0.0
tsbM,5,6,11,0.45
tsbN,12,1,13,0.92
tsbP,7,4,11,0.64
tsbS,4,2,6,0.67
tsbb,3,3,6,0.5
tsbl,0,1,1,0.0
tsbm,6,6,12,0.5
tsbn,2,3,5,0.4
tsbs,1,3,4,0.25
tshB,0,1,1,0.0
tshN,0,1,1,0.0
tshP,0,1,1,0.0
tshS,0,1,1,0.0
tshl,0,1,1,0.0
tshm,1,2,3,0.33
tshn,1,0,1,1.0
tshs,0,1,1,0.0
tslB,2,1,3,0.67
tslH,0,1,1,0.0
tslL,0,1,1,0.0
tslM,3,6,9,0.33
tslN,0,1,1,0.0
tslP,0,2,2,0.0
tslS,2,1,3,0.67
tslb,3,0,3,1.0
tsll,3,1,4,0.75
tslm,2,0,2,1.0
tsln,2,1,3,0.67
tsls,2,3,5,0.4
tsmB,2,4,6,0.33
tsmD,1,2,3,0.33
tsmH,1,2,3,0.33
tsmI,0,1,1,0.0
tsmJ,2,0,2,1.0
tsmL,1,4,5,0.2
tsmM,4,13,17,0.24
tsmN,4,6,10,0.4
tsmP,2,8,10,0.2
tsmS,3,7,10,0.3
tsmb,4,4,8,0.5
tsml,2,1,3,0.67
tsmm,5,6,11,0.45
tsmn,4,2,6,0.67
tsms,4,8,12,0.33
tsnB,1,2,3,0.33
tsnD,1,1,2,0.5
tsnH,3,3,6,0.5
tsnI,0,0,0,
tsnL,1,0,1,1.0
tsnM,7,7,14,0.5
tsnN,3,4,7,0.43
tsnP,2,6,8,0.25
tsnS,7,3,10,0.7
tsnb,1,0,1,1.0
tsnl,1,0,1,1.0
tsnm,4,3,7,0.57
tsnn,6,0,6,1.0
tsns,5,7,12,0.42
tsnt,1,0,1,1.0
tssB,5,4,9,0.56
tssD,2,5,7,0.29
tssH,8,2,10,0.8
tssI,1,2,3,0.33
tssL,3,3,6,0.5
tssM,1,11,12,0.08
tssN,8,6,14,0.57
tssP,3,7,10,0.3
tssS,5,12,17,0.29
tssb,2,2,4,0.5
tssl,0,1,1,0.0
tssm,9,5,14,0.64
tssn,11,5,16,0.69
tsss,12,5,17,0.71
tstB,1,0,1,1.0
tstb,0,1,1,0.0
tsts,1,1,2,0.5
ttBB,1,1,2,0.5
ttBL,0,1,1,0.0
ttBM,2,0,2,1.0
ttBN,1,0,1,1.0
ttBP,1,1,2,0.5
ttBb,1,0,1,1.0
ttBm,1,0,1,1.0
ttBn,0,1,1,0.0
ttDB,1,0,1,1.0
ttDP,1,0,1,1.0
ttDn,0,1,1,0.0
ttHB,0,2,2,0.0
ttHL,1,0,1,1.0
ttHM,1,0,1,1.0
ttHN,0,1,1,0.0
ttHP,0,2,2,0.0
ttHS,0,2,2,0.0
ttHb,0,1,1,0.0
ttHs,1,0,1,1.0
ttIM,0,1,1,0.0
ttKS,0,1,1,0.0
ttKs,0,1,1,0.0
ttLB,0,1,1,0.0
ttLM,1,0,1,1.0
ttLb,0,1,1,0.0
ttLj,0,0,0,
ttLl,1,0,1,1.0
ttLm,2,0,2,1.0
ttLs,1,0,1,1.0
ttMB,2,0,2,1.0
ttMD,0,1,1,0.0
ttML,0,1,1,0.0
ttMM,1,0,1,1.0
ttMP,4,2,6,0.67
ttMS,2,2,4,0.5
ttMb,0,1,1,0.0
ttMh,1,1,2,0.5
ttMl,0,2,2,0.0
ttMm,0,0,0,
ttMn,0,4,4,0.0
ttMs,1,0,1,1.0
ttNB,1,1,2,0.5
ttNL,1,0,1,1.0
ttNM,1,3,4,0.25
ttNN,3,1,4,0.75
ttNP,1,1,2,0.5
ttNb,1,0,1,1.0
ttNh,1,1,2,0.5
ttNm,1,2,3,0.33
ttNn,0,1,1,0.0
ttNs,0,3,3,0.0
ttNt,0,1,1,0.0
ttPD,0,1,1,0.0
ttPL,1,1,2,0.5
ttPP,0,1,1,0.0
ttPS,1,2,3,0.33
ttPb,0,1,1,0.0
ttPm,4,2,6,0.67
ttPn,2,0,2,1.0
ttPs,3,1,4,0.75
ttPt,0,2,2,0.0
ttSB,1,0,1,1.0
ttSH,0,1,1,0.0
ttSM,2,1,3,0.67
ttSN,3,2,5,0.6
ttSP,0,4,4,0.0
ttSS,3,1,4,0.75
ttSb,0,0,0,
ttSh,1,0,1,1.0
ttSl,0,0,0,
ttSm,3,1,4,0.75
ttSn,1,2,3,0.33
ttSs,2,4,6,0.33
ttbB,1,0,1,1.0
ttbJ,1,0,1,1.0
ttbL,0,1,1,0.0
ttbM,0,1,1,0.0
ttbN,2,0,2,1.0
ttbP,0,1,1,0.0
ttbS,1,0,1,1.0
ttbb,3,0,3,1.0
ttbl,0,1,1,0.0
ttbm,3,2,5,0.6
ttbn,0,2,2,0.0
ttbs,0,1,1,0.0
tthM,1,0,1,1.0
tthh,0,1,1,0.0
tths,1,0,1,1.0
ttlB,0,0,0,
ttlH,0,1,1,0.0
ttlM,0,2,2,0.0
ttlN,0,1,1,0.0
ttlS,1,0,1,1.0
ttlb,0,0,0,
ttlm,2,0,2,1.0
ttls,3,0,3,1.0
ttmB,2,3,5,0.4
ttmD,1,0,1,1.0
ttmH,1,1,2,0.5
ttmL,0,1,1,0.0
ttmM,0,3,3,0.0
ttmN,2,2,4,0.5
ttmP,1,2,3,0.33
ttmS,0,2,2,0.0
ttmb,0,1,1,0.0
ttml,1,0,1,1.0
ttmm,3,1,4,0.75
ttmn,2,1,3,0.67
ttms,0,1,1,0.0
ttnB,1,0,1,1.0
ttnD,0,0,0,
ttnH,0,2,2,0.0
ttnI,1,0,1,1.0
ttnL,1,0,1,1.0
ttnM,1,1,2,0.5
ttnN,1,2,3,0.33
ttnP,1,0,1,1.0
ttnS,1,1,2,0.5
ttnb,2,0,2,1.0
ttnl,0,1,1,0.0
ttnm,0,1,1,0.0
ttnn,1,2,3,0.33
ttns,2,0,2,1.0
ttsB,1,0,1,1.0
ttsD,2,0,2,1.0
ttsH,0,1,1,0.0
ttsL,2,0,2,1.0
ttsM,1,0,1,1.0
ttsN,2,2,4,0.5
ttsP,0,2,2,0.0
ttsS,0,2,2,0.0
ttsl,1,0,1,1.0
ttsm,0,1,1,0.0
ttsn,0,1,1,0.0
ttss,3,0,3,1.0
tttP,0,0,0,
tttS,0,1,1,0.0
tttb,1,0,1,1.0
tttl,1,0,1,1.0
tttm,0,2,2,0.0
