candlestick_code4,label_increase,label_decrease,occurrence,percentage
BBBB,21,20,41,0.51
BBBD,2,5,7,0.29
BBBK,0,1,1,0.0
BBBL,3,1,4,0.75
BBBM,9,9,18,0.5
BBBN,11,16,27,0.41
BBBP,13,18,31,0.42
BBBS,6,5,11,0.55
BBBb,23,8,31,0.74
BBBh,2,1,3,0.67
BBBj,3,1,4,0.75
BBBl,2,3,5,0.4
BBBm,19,9,28,0.68
BBBn,17,19,36,0.47
BBBs,7,2,9,0.78
BBBt,2,2,4,0.5
BBDB,2,1,3,0.67
BBDD,3,0,3,1.0
BBDH,2,3,5,0.4
BBDI,0,1,1,0.0
BBDL,3,0,3,1.0
BBDM,0,1,1,0.0
BBDN,0,0,0,
BBDP,1,4,5,0.2
BBDS,0,0,0,
BBDb,1,2,3,0.33
BBDl,1,0,1,1.0
BBDm,3,0,3,1.0
BBDn,0,1,1,0.0
BBDs,2,3,5,0.4
BBHM,1,0,1,1.0
BBHN,0,1,1,0.0
BBHP,0,1,1,0.0
BBKB,0,0,0,
BBKD,0,1,1,0.0
BBKH,1,0,1,1.0
BBKM,0,0,0,
BBKN,1,0,1,1.0
BBKP,3,0,3,1.0
BBKS,0,2,2,0.0
BBKb,1,0,1,1.0
BBKh,0,2,2,0.0
BBKl,1,0,1,1.0
BBKm,1,0,1,1.0
BBKs,2,0,2,1.0
BBLB,3,3,6,0.5
BBLD,0,1,1,0.0
BBLL,1,0,1,1.0
BBLM,4,4,8,0.5
BBLN,0,2,2,0.0
BBLP,5,6,11,0.45
BBLb,4,1,5,0.8
BBLh,2,2,4,0.5
BBLj,4,2,6,0.67
BBLl,2,1,3,0.67
BBLm,0,5,5,0.0
BBLn,4,10,14,0.29
BBLs,3,1,4,0.75
BBLt,0,3,3,0.0
BBMB,6,10,16,0.38
BBMD,0,0,0,
BBML,3,1,4,0.75
BBMM,7,12,19,0.37
BBMN,7,10,17,0.41
BBMP,7,13,20,0.35
BBMS,3,6,9,0.33
BBMb,9,9,18,0.5
BBMh,3,7,10,0.3
BBMj,3,4,7,0.43
BBMl,1,4,5,0.2
BBMm,17,13,30,0.57
BBMn,13,14,27,0.48
BBMs,4,3,7,0.57
BBMt,1,0,1,1.0
BBNB,9,8,17,0.53
BBND,3,1,4,0.75
BBNH,2,1,3,0.67
BBNI,0,1,1,0.0
BBNK,1,0,1,1.0
BBNL,3,2,5,0.6
BBNM,11,10,21,0.52
BBNN,10,15,25,0.4
BBNP,9,16,25,0.36
BBNS,7,6,13,0.54
BBNb,9,7,16,0.56
BBNh,3,6,9,0.33
BBNl,2,5,7,0.29
BBNm,15,19,34,0.44
BBNn,15,21,36,0.42
BBNs,9,7,16,0.56
BBNt,3,2,5,0.6
BBPB,14,12,26,0.54
BBPD,1,2,3,0.33
BBPH,3,7,10,0.3
BBPI,2,1,3,0.67
BBPK,1,3,4,0.25
BBPL,3,5,8,0.38
BBPM,12,12,24,0.5
BBPN,21,19,40,0.52
BBPP,24,22,46,0.52
BBPS,15,13,28,0.54
BBPb,8,10,18,0.44
BBPh,2,2,4,0.5
BBPl,4,10,14,0.29
BBPm,16,13,29,0.55
BBPn,13,14,27,0.48
BBPs,3,4,7,0.43
BBPt,3,0,3,1.0
BBSB,1,10,11,0.09
BBSD,2,0,2,1.0
BBSH,1,1,2,0.5
BBSL,2,0,2,1.0
BBSM,6,3,9,0.67
BBSN,7,13,20,0.35
BBSP,2,6,8,0.25
BBSS,3,5,8,0.38
BBSb,3,6,9,0.33
BBSh,5,1,6,0.83
BBSl,1,3,4,0.25
BBSm,6,5,11,0.55
BBSn,4,3,7,0.57
BBSs,4,3,7,0.57
BBSt,0,1,1,0.0
BBbB,15,8,23,0.65
BBbD,1,0,1,1.0
BBbH,6,1,7,0.86
BBbI,0,1,1,0.0
BBbJ,3,1,4,0.75
BBbK,2,0,2,1.0
BBbL,1,5,6,0.17
BBbM,9,11,20,0.45
BBbN,14,16,30,0.47
BBbP,22,24,46,0.48
BBbS,10,9,19,0.53
BBbb,9,10,19,0.47
BBbl,6,3,9,0.67
BBbm,15,5,20,0.75
BBbn,11,13,24,0.46
BBbs,3,2,5,0.6
BBhB,1,2,3,0.33
BBhL,1,0,1,1.0
BBhM,1,2,3,0.33
BBhN,2,0,2,1.0
BBhP,1,2,3,0.33
BBhS,1,0,1,1.0
BBhb,1,1,2,0.5
BBhh,1,0,1,1.0
BBhm,1,1,2,0.5
BBhn,1,1,2,0.5
BBht,1,0,1,1.0
BBjB,2,4,6,0.33
BBjH,0,1,1,0.0
BBjI,1,0,1,1.0
BBjK,0,0,0,
BBjL,0,4,4,0.0
BBjM,2,0,2,1.0
BBjN,5,3,8,0.62
BBjP,3,5,8,0.38
BBjS,1,3,4,0.25
BBjb,3,3,6,0.5
BBjl,0,1,1,0.0
BBjm,1,3,4,0.25
BBjn,3,2,5,0.6
BBjs,1,5,6,0.17
BBjt,0,0,0,
BBlB,4,2,6,0.67
BBlD,0,1,1,0.0
BBlH,3,0,3,1.0
BBlI,0,2,2,0.0
BBlJ,1,2,3,0.33
BBlL,1,1,2,0.5
BBlM,1,4,5,0.2
BBlN,2,3,5,0.4
BBlP,0,6,6,0.0
BBlS,1,3,4,0.25
BBlb,2,5,7,0.29
BBll,2,1,3,0.67
BBlm,4,4,8,0.5
BBln,7,5,12,0.58
BBls,1,4,5,0.2
BBmB,10,10,20,0.5
BBmD,5,2,7,0.71
BBmH,8,9,17,0.47
BBmI,2,0,2,1.0
BBmJ,2,3,5,0.4
BBmL,3,3,6,0.5
BBmM,13,12,25,0.52
BBmN,19,13,32,0.59
BBmP,17,9,26,0.65
BBmS,8,6,14,0.57
BBmb,11,7,18,0.61
BBml,6,0,6,1.0
BBmm,9,7,16,0.56
BBmn,15,10,25,0.6
BBms,3,5,8,0.38
BBnB,13,10,23,0.57
BBnD,2,1,3,0.67
BBnH,5,10,15,0.33
BBnI,0,1,1,0.0
BBnK,2,4,6,0.33
BBnL,4,3,7,0.57
BBnM,10,10,20,0.5
BBnN,24,24,48,0.5
BBnP,14,15,29,0.48
BBnS,8,4,12,0.67
BBnb,8,12,20,0.4
BBnh,1,2,3,0.33
BBnl,8,5,13,0.62
BBnm,23,13,36,0.64
BBnn,20,21,41,0.49
BBns,11,7,18,0.61
BBnt,0,1,1,0.0
BBsB,4,7,11,0.36
BBsD,2,0,2,1.0
BBsH,3,3,6,0.5
BBsI,2,0,2,1.0
BBsL,2,1,3,0.67
BBsM,2,8,10,0.2
BBsN,2,5,7,0.29
BBsP,6,8,14,0.43
BBsS,8,4,12,0.67
BBsb,2,1,3,0.67
BBsh,1,0,1,1.0
BBsl,1,1,2,0.5
BBsm,6,3,9,0.67
BBsn,6,2,8,0.75
BBss,2,4,6,0.33
BBtB,3,3,6,0.5
BBtL,0,1,1,0.0
BBtM,1,0,1,1.0
BBtN,3,2,5,0.6
BBtP,1,1,2,0.5
BBtS,2,0,2,1.0
BBtb,0,5,5,0.0
BBtm,2,2,4,0.5
BBtn,2,1,3,0.67
BBts,2,2,4,0.5
BBtt,1,0,1,1.0
BDBB,3,3,6,0.5
BDBD,0,1,1,0.0
BDBH,1,0,1,1.0
BDBL,0,2,2,0.0
BDBM,1,5,6,0.17
BDBN,2,0,2,1.0
BDBP,2,7,9,0.22
BDBS,0,1,1,0.0
BDBb,2,2,4,0.5
BDBh,0,2,2,0.0
BDBl,1,0,1,1.0
BDBm,2,1,3,0.67
BDBn,3,2,5,0.6
BDBs,1,1,2,0.5
BDDB,1,2,3,0.33
BDDD,0,1,1,0.0
BDDH,0,1,1,0.0
BDDM,3,3,6,0.5
BDDN,1,1,2,0.5
BDDP,1,1,2,0.5
BDDS,1,0,1,1.0
BDDb,0,0,0,
BDDh,0,1,1,0.0
BDDm,5,0,5,1.0
BDDs,1,0,1,1.0
BDHB,1,1,2,0.5
BDHD,1,2,3,0.33
BDHH,1,0,1,1.0
BDHI,1,0,1,1.0
BDHL,0,1,1,0.0
BDHM,2,0,2,1.0
BDHN,3,1,4,0.75
BDHP,5,1,6,0.83
BDHS,3,2,5,0.6
BDHb,2,1,3,0.67
BDHh,2,1,3,0.67
BDHm,4,0,4,1.0
BDHn,3,2,5,0.6
BDHs,1,2,3,0.33
BDIB,0,0,0,
BDID,0,1,1,0.0
BDIL,1,0,1,1.0
BDIM,1,1,2,0.5
BDIP,0,1,1,0.0
BDIb,0,1,1,0.0
BDIm,0,1,1,0.0
BDIn,0,1,1,0.0
BDIs,0,1,1,0.0
BDKb,0,1,1,0.0
BDLB,0,2,2,0.0
BDLH,1,0,1,1.0
BDLL,0,0,0,
BDLM,1,0,1,1.0
BDLN,2,1,3,0.67
BDLP,1,1,2,0.5
BDLS,1,1,2,0.5
BDLb,1,0,1,1.0
BDLh,1,1,2,0.5
BDLn,1,0,1,1.0
BDLs,0,3,3,0.0
BDMB,4,1,5,0.8
BDMD,0,1,1,0.0
BDML,0,1,1,0.0
BDMM,2,1,3,0.67
BDMN,0,2,2,0.0
BDMP,2,2,4,0.5
BDMS,0,2,2,0.0
BDMb,2,0,2,1.0
BDMh,0,3,3,0.0
BDMm,5,3,8,0.62
BDMn,0,2,2,0.0
BDMs,0,0,0,
BDMt,1,0,1,1.0
BDNB,1,1,2,0.5
BDND,0,1,1,0.0
BDNH,1,0,1,1.0
BDNL,0,2,2,0.0
BDNM,2,2,4,0.5
BDNN,2,1,3,0.67
BDNP,2,0,2,1.0
BDNS,1,1,2,0.5
BDNb,2,2,4,0.5
BDNh,0,1,1,0.0
BDNm,2,2,4,0.5
BDNn,3,0,3,1.0
BDNs,0,0,0,
BDNt,0,1,1,0.0
BDPB,1,2,3,0.33
BDPH,2,0,2,1.0
BDPI,1,0,1,1.0
BDPL,1,0,1,1.0
BDPM,4,5,9,0.44
BDPN,3,1,4,0.75
BDPP,1,3,4,0.25
BDPS,6,1,7,0.86
BDPb,2,0,2,1.0
BDPh,1,1,2,0.5
BDPl,0,2,2,0.0
BDPm,2,2,4,0.5
BDPn,3,1,4,0.75
BDPs,1,0,1,1.0
BDSB,3,3,6,0.5
BDSD,2,0,2,1.0
BDSH,0,2,2,0.0
BDSL,1,1,2,0.5
BDSM,0,3,3,0.0
BDSN,1,0,1,1.0
BDSP,5,1,6,0.83
BDSS,2,1,3,0.67
BDSb,3,2,5,0.6
BDSh,1,0,1,1.0
BDSl,1,1,2,0.5
BDSm,3,2,5,0.6
BDSn,1,1,2,0.5
BDSs,1,2,3,0.33
BDbB,2,1,3,0.67
BDbD,0,0,0,
BDbJ,1,1,2,0.5
BDbL,1,1,2,0.5
BDbM,2,1,3,0.67
BDbN,2,0,2,1.0
BDbP,2,3,5,0.4
BDbS,1,1,2,0.5
BDbb,0,0,0,
BDbl,0,0,0,
BDbm,3,4,7,0.43
BDbn,0,2,2,0.0
BDbs,2,0,2,1.0
BDhS,1,0,1,1.0
BDlB,1,0,1,1.0
BDlD,0,1,1,0.0
BDlJ,1,0,1,1.0
BDlM,1,0,1,1.0
BDlN,2,1,3,0.67
BDlP,0,1,1,0.0
BDlS,0,1,1,0.0
BDlb,0,1,1,0.0
BDlm,1,1,2,0.5
BDls,0,1,1,0.0
BDmB,4,2,6,0.67
BDmD,1,0,1,1.0
BDmH,0,1,1,0.0
BDmJ,0,1,1,0.0
BDmL,1,1,2,0.5
BDmM,1,1,2,0.5
BDmN,5,1,6,0.83
BDmP,4,4,8,0.5
BDmS,6,4,10,0.6
BDmb,2,2,4,0.5
BDmh,1,0,1,1.0
BDml,1,0,1,1.0
BDmm,5,2,7,0.71
BDmn,2,2,4,0.5
BDms,1,3,4,0.25
BDmt,0,0,0,
BDnB,1,2,3,0.33
BDnD,2,1,3,0.67
BDnH,1,2,3,0.33
BDnK,1,0,1,1.0
BDnM,2,1,3,0.67
BDnN,4,2,6,0.67
BDnP,3,1,4,0.75
BDnS,1,1,2,0.5
BDnb,2,0,2,1.0
BDnm,1,0,1,1.0
BDnn,2,4,6,0.33
BDns,1,1,2,0.5
BDsB,1,2,3,0.33
BDsI,1,0,1,1.0
BDsL,1,0,1,1.0
BDsM,3,4,7,0.43
BDsN,0,1,1,0.0
BDsP,2,3,5,0.4
BDsS,1,2,3,0.33
BDsb,2,2,4,0.5
BDsl,0,1,1,0.0
BDsm,2,1,3,0.67
BDsn,1,0,1,1.0
BDss,3,2,5,0.6
BDtD,0,1,1,0.0
BDtM,1,0,1,1.0
BDtN,0,1,1,0.0
BDtm,1,0,1,1.0
BHBN,0,1,1,0.0
BHBs,1,0,1,1.0
BHDS,0,1,1,0.0
BHHN,0,1,1,0.0
BHHn,1,0,1,1.0
BHHs,1,0,1,1.0
BHIS,0,0,0,
BHKs,0,0,0,
BHLM,1,0,1,1.0
BHLS,1,1,2,0.5
BHMB,2,1,3,0.67
BHMn,0,0,0,
BHNB,1,0,1,1.0
BHNn,1,0,1,1.0
BHPm,0,0,0,
BHPs,0,0,0,
BHSP,1,0,1,1.0
BHSb,1,0,1,1.0
BHSn,1,0,1,1.0
BHbK,1,0,1,1.0
BHbL,1,0,1,1.0
BHbm,0,1,1,0.0
BHmB,1,0,1,1.0
BHmm,0,0,0,
BHtH,1,0,1,1.0
BILN,1,0,1,1.0
BIMS,0,1,1,0.0
BImb,0,1,1,0.0
BInm,0,1,1,0.0
BIsP,1,0,1,1.0
BKBL,0,1,1,0.0
BKBM,2,0,2,1.0
BKBN,1,2,3,0.33
BKBP,1,1,2,0.5
BKBS,2,0,2,1.0
BKBb,0,1,1,0.0
BKBm,1,2,3,0.33
BKBn,1,2,3,0.33
BKDD,0,1,1,0.0
BKDH,1,1,2,0.5
BKDP,0,1,1,0.0
BKDb,0,1,1,0.0
BKDm,1,0,1,1.0
BKDn,1,0,1,1.0
BKDs,0,0,0,
BKDt,0,0,0,
BKHB,0,1,1,0.0
BKHL,0,1,1,0.0
BKHM,0,1,1,0.0
BKHN,0,1,1,0.0
BKHm,0,0,0,
BKIP,1,0,1,1.0
BKIS,1,0,1,1.0
BKIm,0,1,1,0.0
BKIn,0,1,1,0.0
BKLB,0,0,0,
BKLD,2,0,2,1.0
BKLM,0,1,1,0.0
BKLP,4,0,4,1.0
BKLl,0,0,0,
BKLn,0,2,2,0.0
BKMB,2,1,3,0.67
BKMD,0,1,1,0.0
BKML,2,1,3,0.67
BKMM,1,0,1,1.0
BKMN,1,2,3,0.33
BKMP,2,3,5,0.4
BKMS,0,1,1,0.0
BKMb,1,0,1,1.0
BKMh,1,2,3,0.33
BKMl,0,1,1,0.0
BKMm,2,2,4,0.5
BKMn,2,0,2,1.0
BKMs,1,0,1,1.0
BKNB,2,2,4,0.5
BKND,0,1,1,0.0
BKNH,0,1,1,0.0
BKNM,0,1,1,0.0
BKNN,0,1,1,0.0
BKNP,4,0,4,1.0
BKNS,1,0,1,1.0
BKNb,1,1,2,0.5
BKNh,1,0,1,1.0
BKNm,2,1,3,0.67
BKNn,1,1,2,0.5
BKNs,0,1,1,0.0
BKPB,3,1,4,0.75
BKPD,0,4,4,0.0
BKPI,1,0,1,1.0
BKPM,0,2,2,0.0
BKPN,1,0,1,1.0
BKPP,2,2,4,0.5
BKPS,2,2,4,0.5
BKPb,2,2,4,0.5
BKPl,1,0,1,1.0
BKPm,2,2,4,0.5
BKPs,1,0,1,1.0
BKSB,1,0,1,1.0
BKSL,0,1,1,0.0
BKSM,2,3,5,0.4
BKSN,0,1,1,0.0
BKSP,2,2,4,0.5
BKSS,1,0,1,1.0
BKSb,2,0,2,1.0
BKSs,1,3,4,0.25
BKbB,0,1,1,0.0
BKbL,0,0,0,
BKbM,2,1,3,0.67
BKbN,1,0,1,1.0
BKbb,0,2,2,0.0
BKbm,4,0,4,1.0
BKbn,0,1,1,0.0
BKbs,1,1,2,0.5
BKhD,1,0,1,1.0
BKhH,0,1,1,0.0
BKhI,1,0,1,1.0
BKhM,2,0,2,1.0
BKhP,1,1,2,0.5
BKhS,0,2,2,0.0
BKhb,1,1,2,0.5
BKhh,1,0,1,1.0
BKhl,1,0,1,1.0
BKhm,0,1,1,0.0
BKhn,2,1,3,0.67
BKhs,0,1,1,0.0
BKht,1,1,2,0.5
BKlH,3,1,4,0.75
BKlJ,0,1,1,0.0
BKlL,0,1,1,0.0
BKlM,1,1,2,0.5
BKlN,1,1,2,0.5
BKll,1,1,2,0.5
BKlm,1,0,1,1.0
BKln,1,0,1,1.0
BKmB,2,3,5,0.4
BKmD,1,1,2,0.5
BKmH,2,0,2,1.0
BKmI,1,0,1,1.0
BKmL,0,1,1,0.0
BKmM,1,4,5,0.2
BKmN,0,2,2,0.0
BKmP,4,2,6,0.67
BKmS,1,1,2,0.5
BKmb,0,2,2,0.0
BKml,2,0,2,1.0
BKmm,2,1,3,0.67
BKmn,1,0,1,1.0
BKms,0,0,0,
BKnB,1,0,1,1.0
BKnD,0,1,1,0.0
BKnH,1,0,1,1.0
BKnI,0,0,0,
BKnL,0,1,1,0.0
BKnM,0,3,3,0.0
BKnN,1,0,1,1.0
BKnP,0,1,1,0.0
BKnS,0,1,1,0.0
BKnb,0,1,1,0.0
BKnm,1,1,2,0.5
BKnn,1,0,1,1.0
BKns,2,1,3,0.67
BKsD,1,1,2,0.5
BKsH,1,2,3,0.33
BKsI,1,0,1,1.0
BKsL,1,1,2,0.5
BKsM,0,2,2,0.0
BKsN,0,1,1,0.0
BKsP,1,1,2,0.5
BKsS,1,3,4,0.25
BKsb,0,1,1,0.0
BKsh,0,1,1,0.0
BKsm,2,1,3,0.67
BKsn,1,0,1,1.0
BKss,0,1,1,0.0
BKtD,1,0,1,1.0
BKtH,0,1,1,0.0
BKtN,0,1,1,0.0
BLBB,4,3,7,0.57
BLBD,1,0,1,1.0
BLBL,2,1,3,0.67
BLBM,1,4,5,0.2
BLBN,5,3,8,0.62
BLBP,3,4,7,0.43
BLBb,4,4,8,0.5
BLBh,0,2,2,0.0
BLBj,1,1,2,0.5
BLBl,2,0,2,1.0
BLBm,5,3,8,0.62
BLBn,3,4,7,0.43
BLBs,3,0,3,1.0
BLBt,2,0,2,1.0
BLDB,0,1,1,0.0
BLDD,1,0,1,1.0
BLDH,1,2,3,0.33
BLDI,1,0,1,1.0
BLDM,1,1,2,0.5
BLDN,1,0,1,1.0
BLDn,0,3,3,0.0
BLKL,0,0,0,
BLKb,0,1,1,0.0
BLKs,1,0,1,1.0
BLLB,1,4,5,0.2
BLLD,0,1,1,0.0
BLLM,0,2,2,0.0
BLLP,1,1,2,0.5
BLLS,0,1,1,0.0
BLLb,2,1,3,0.67
BLLh,1,1,2,0.5
BLLj,1,0,1,1.0
BLLm,0,1,1,0.0
BLLn,5,0,5,1.0
BLMB,6,4,10,0.6
BLML,1,1,2,0.5
BLMM,4,2,6,0.67
BLMN,3,1,4,0.75
BLMP,3,5,8,0.38
BLMS,1,1,2,0.5
BLMb,7,1,8,0.88
BLMh,4,1,5,0.8
BLMl,3,0,3,1.0
BLMm,4,1,5,0.8
BLMn,4,1,5,0.8
BLMs,6,1,7,0.86
BLNB,2,5,7,0.29
BLND,1,2,3,0.33
BLNH,1,1,2,0.5
BLNK,0,1,1,0.0
BLNL,1,2,3,0.33
BLNM,2,1,3,0.67
BLNN,3,1,4,0.75
BLNP,4,4,8,0.5
BLNS,4,2,6,0.67
BLNh,1,1,2,0.5
BLNm,2,6,8,0.25
BLNn,6,1,7,0.86
BLNs,0,3,3,0.0
BLPB,3,5,8,0.38
BLPH,1,0,1,1.0
BLPI,1,1,2,0.5
BLPL,2,4,6,0.33
BLPM,2,5,7,0.29
BLPN,8,8,16,0.5
BLPP,9,11,20,0.45
BLPS,4,3,7,0.57
BLPb,6,6,12,0.5
BLPh,3,1,4,0.75
BLPl,3,0,3,1.0
BLPm,4,3,7,0.57
BLPn,6,8,14,0.43
BLPs,2,2,4,0.5
BLSB,1,0,1,1.0
BLSD,0,2,2,0.0
BLSH,0,1,1,0.0
BLSL,2,1,3,0.67
BLSM,1,0,1,1.0
BLSN,1,1,2,0.5
BLSP,2,1,3,0.67
BLSS,1,2,3,0.33
BLSb,2,0,2,1.0
BLSm,2,2,4,0.5
BLSn,0,1,1,0.0
BLSs,3,3,6,0.5
BLSt,0,1,1,0.0
BLbB,3,7,10,0.3
BLbH,1,0,1,1.0
BLbJ,1,1,2,0.5
BLbK,0,1,1,0.0
BLbL,1,1,2,0.5
BLbM,2,5,7,0.29
BLbN,5,6,11,0.45
BLbP,3,5,8,0.38
BLbS,0,0,0,
BLbb,3,0,3,1.0
BLbm,1,4,5,0.2
BLbn,0,3,3,0.0
BLbs,2,0,2,1.0
BLhB,1,3,4,0.25
BLhD,0,1,1,0.0
BLhI,1,0,1,1.0
BLhM,1,0,1,1.0
BLhN,0,1,1,0.0
BLhP,0,1,1,0.0
BLhb,0,1,1,0.0
BLhl,1,2,3,0.33
BLhm,2,2,4,0.5
BLhn,4,1,5,0.8
BLhs,0,1,1,0.0
BLjB,1,1,2,0.5
BLjD,1,0,1,1.0
BLjN,0,1,1,0.0
BLjP,2,1,3,0.67
BLjS,2,1,3,0.67
BLjb,1,0,1,1.0
BLjm,0,1,1,0.0
BLjn,2,0,2,1.0
BLjs,2,0,2,1.0
BLlB,1,2,3,0.33
BLlD,1,0,1,1.0
BLlH,2,2,4,0.5
BLlJ,0,1,1,0.0
BLlM,1,2,3,0.33
BLlN,4,2,6,0.67
BLlP,1,2,3,0.33
BLlS,1,0,1,1.0
BLlb,1,0,1,1.0
BLlm,1,0,1,1.0
BLln,5,1,6,0.83
BLls,0,2,2,0.0
BLmB,1,2,3,0.33
BLmD,1,0,1,1.0
BLmH,3,4,7,0.43
BLmJ,0,1,1,0.0
BLmK,0,1,1,0.0
BLmL,3,1,4,0.75
BLmM,3,5,8,0.38
BLmN,2,10,12,0.17
BLmP,3,6,9,0.33
BLmS,2,3,5,0.4
BLmb,1,3,4,0.25
BLml,1,1,2,0.5
BLmm,4,5,9,0.44
BLmn,3,6,9,0.33
BLms,2,1,3,0.67
BLnB,0,5,5,0.0
BLnH,2,3,5,0.4
BLnI,1,0,1,1.0
BLnL,0,2,2,0.0
BLnM,6,3,9,0.67
BLnN,4,4,8,0.5
BLnP,2,6,8,0.25
BLnS,10,3,13,0.77
BLnb,3,9,12,0.25
BLnl,0,3,3,0.0
BLnm,7,4,11,0.64
BLnn,4,8,12,0.33
BLns,4,4,8,0.5
BLsB,0,0,0,
BLsD,1,2,3,0.33
BLsH,2,4,6,0.33
BLsI,1,2,3,0.33
BLsL,0,1,1,0.0
BLsM,1,4,5,0.2
BLsN,3,1,4,0.75
BLsP,5,2,7,0.71
BLsS,0,2,2,0.0
BLsb,2,1,3,0.67
BLsm,2,0,2,1.0
BLsn,0,3,3,0.0
BLss,2,3,5,0.4
BLtH,0,1,1,0.0
BLtL,1,0,1,1.0
BLtN,1,0,1,1.0
BLtP,1,1,2,0.5
BLtb,1,1,2,0.5
BLtm,0,0,0,
BMBB,9,17,26,0.35
BMBD,1,0,1,1.0
BMBK,0,2,2,0.0
BMBL,2,1,3,0.67
BMBM,7,10,17,0.41
BMBN,9,11,20,0.45
BMBP,12,10,22,0.55
BMBS,6,1,7,0.86
BMBb,13,16,29,0.45
BMBh,1,0,1,1.0
BMBj,2,2,4,0.5
BMBl,2,2,4,0.5
BMBm,10,11,21,0.48
BMBn,12,13,25,0.48
BMBs,3,5,8,0.38
BMBt,1,2,3,0.33
BMDB,0,3,3,0.0
BMDD,0,2,2,0.0
BMDH,1,1,2,0.5
BMDL,0,0,0,
BMDM,0,3,3,0.0
BMDN,2,0,2,1.0
BMDP,1,1,2,0.5
BMDS,3,1,4,0.75
BMDb,0,3,3,0.0
BMDm,0,2,2,0.0
BMDn,2,1,3,0.67
BMDs,0,2,2,0.0
BMHB,0,1,1,0.0
BMHS,1,0,1,1.0
BMIM,0,1,1,0.0
BMIm,1,0,1,1.0
BMKS,0,1,1,0.0
BMKn,1,1,2,0.5
BMLB,2,2,4,0.5
BMLL,2,1,3,0.67
BMLM,4,3,7,0.57
BMLN,1,5,6,0.17
BMLP,1,2,3,0.33
BMLS,0,2,2,0.0
BMLb,2,2,4,0.5
BMLh,1,0,1,1.0
BMLj,0,1,1,0.0
BMLl,2,0,2,1.0
BMLm,1,3,4,0.25
BMLn,4,3,7,0.57
BMLs,0,1,1,0.0
BMMB,6,14,20,0.3
BMMD,2,2,4,0.5
BMML,1,0,1,1.0
BMMM,7,12,19,0.37
BMMN,8,8,16,0.5
BMMP,9,15,24,0.38
BMMS,6,3,9,0.67
BMMb,10,11,21,0.48
BMMh,6,4,10,0.6
BMMj,1,0,1,1.0
BMMl,4,0,4,1.0
BMMm,12,8,20,0.6
BMMn,13,17,30,0.43
BMMs,2,8,10,0.2
BMMt,1,0,1,1.0
BMNB,12,5,17,0.71
BMND,2,1,3,0.67
BMNH,1,2,3,0.33
BMNI,1,0,1,1.0
BMNK,1,0,1,1.0
BMNL,4,2,6,0.67
BMNM,4,7,11,0.36
BMNN,16,9,25,0.64
BMNP,6,12,18,0.33
BMNS,6,4,10,0.6
BMNb,6,9,15,0.4
BMNh,1,2,3,0.33
BMNl,3,0,3,1.0
BMNm,12,7,19,0.63
BMNn,12,12,24,0.5
BMNs,6,3,9,0.67
BMNt,6,0,6,1.0
BMPB,12,10,22,0.55
BMPD,0,0,0,
BMPH,1,5,6,0.17
BMPI,4,0,4,1.0
BMPK,1,0,1,1.0
BMPL,2,7,9,0.22
BMPM,12,4,16,0.75
BMPN,6,8,14,0.43
BMPP,19,18,37,0.51
BMPS,9,3,12,0.75
BMPb,6,8,14,0.43
BMPh,1,4,5,0.2
BMPl,2,7,9,0.22
BMPm,15,7,22,0.68
BMPn,12,5,17,0.71
BMPs,8,1,9,0.89
BMPt,1,0,1,1.0
BMSB,5,7,12,0.42
BMSD,1,1,2,0.5
BMSH,2,1,3,0.67
BMSI,0,1,1,0.0
BMSL,0,5,5,0.0
BMSM,8,6,14,0.57
BMSN,5,2,7,0.71
BMSP,10,3,13,0.77
BMSS,8,11,19,0.42
BMSb,5,4,9,0.56
BMSh,4,1,5,0.8
BMSl,1,2,3,0.33
BMSm,10,10,20,0.5
BMSn,1,4,5,0.2
BMSs,8,3,11,0.73
BMSt,0,2,2,0.0
BMbB,10,10,20,0.5
BMbD,0,4,4,0.0
BMbH,6,2,8,0.75
BMbI,1,1,2,0.5
BMbJ,5,1,6,0.83
BMbK,1,2,3,0.33
BMbL,2,2,4,0.5
BMbM,7,10,17,0.41
BMbN,23,12,35,0.66
BMbP,12,8,20,0.6
BMbS,3,8,11,0.27
BMbb,12,7,19,0.63
BMbh,1,0,1,1.0
BMbl,2,3,5,0.4
BMbm,6,10,16,0.38
BMbn,9,6,15,0.6
BMbs,6,5,11,0.55
BMhB,6,10,16,0.38
BMhD,1,0,1,1.0
BMhH,1,3,4,0.25
BMhI,1,0,1,1.0
BMhK,1,0,1,1.0
BMhL,0,1,1,0.0
BMhM,7,8,15,0.47
BMhN,3,3,6,0.5
BMhP,4,7,11,0.36
BMhS,3,8,11,0.27
BMhb,7,9,16,0.44
BMhh,2,8,10,0.2
BMhl,2,5,7,0.29
BMhm,9,13,22,0.41
BMhn,7,9,16,0.44
BMhs,6,3,9,0.67
BMht,1,0,1,1.0
BMjB,3,1,4,0.75
BMjH,1,1,2,0.5
BMjI,1,1,2,0.5
BMjL,2,0,2,1.0
BMjM,1,5,6,0.17
BMjN,3,3,6,0.5
BMjP,1,2,3,0.33
BMjS,1,0,1,1.0
BMjb,1,1,2,0.5
BMjh,0,1,1,0.0
BMjm,2,0,2,1.0
BMjn,2,3,5,0.4
BMjs,0,2,2,0.0
BMlB,1,4,5,0.2
BMlH,0,3,3,0.0
BMlI,1,1,2,0.5
BMlJ,1,1,2,0.5
BMlL,2,0,2,1.0
BMlM,3,4,7,0.43
BMlN,2,10,12,0.17
BMlP,2,5,7,0.29
BMlS,0,5,5,0.0
BMlb,0,3,3,0.0
BMll,1,0,1,1.0
BMlm,4,3,7,0.57
BMln,5,3,8,0.62
BMls,3,3,6,0.5
BMmB,15,8,23,0.65
BMmD,3,6,9,0.33
BMmH,9,9,18,0.5
BMmI,0,2,2,0.0
BMmJ,1,4,5,0.2
BMmK,2,0,2,1.0
BMmL,1,2,3,0.33
BMmM,10,16,26,0.38
BMmN,12,19,31,0.39
BMmP,12,7,19,0.63
BMmS,15,11,26,0.58
BMmb,5,7,12,0.42
BMmh,0,1,1,0.0
BMml,2,3,5,0.4
BMmm,19,13,32,0.59
BMmn,12,10,22,0.55
BMms,3,7,10,0.3
BMnB,12,14,26,0.46
BMnD,1,2,3,0.33
BMnH,2,7,9,0.22
BMnI,1,0,1,1.0
BMnK,1,3,4,0.25
BMnL,4,3,7,0.57
BMnM,10,13,23,0.43
BMnN,19,22,41,0.46
BMnP,16,16,32,0.5
BMnS,4,10,14,0.29
BMnb,14,5,19,0.74
BMnh,0,2,2,0.0
BMnl,5,2,7,0.71
BMnm,13,8,21,0.62
BMnn,14,13,27,0.52
BMns,8,5,13,0.62
BMsB,2,2,4,0.5
BMsD,2,1,3,0.67
BMsH,3,6,9,0.33
BMsI,2,0,2,1.0
BMsL,4,2,6,0.67
BMsM,4,8,12,0.33
BMsN,5,4,9,0.56
BMsP,5,5,10,0.5
BMsS,7,5,12,0.58
BMsb,1,2,3,0.33
BMsl,1,2,3,0.33
BMsm,2,5,7,0.29
BMsn,8,2,10,0.8
BMss,4,6,10,0.4
BMtB,2,0,2,1.0
BMtH,0,1,1,0.0
BMtK,1,0,1,1.0
BMtM,2,3,5,0.4
BMtN,3,1,4,0.75
BMtP,2,0,2,1.0
BMtS,1,1,2,0.5
BMtb,2,1,3,0.67
BMtm,2,2,4,0.5
BMtn,2,1,3,0.67
BMts,0,0,0,
BMtt,0,0,0,
BNBB,13,14,27,0.48
BNBD,3,4,7,0.43
BNBL,2,3,5,0.4
BNBM,3,3,6,0.5
BNBN,12,13,25,0.48
BNBP,10,18,28,0.36
BNBS,6,2,8,0.75
BNBb,13,10,23,0.57
BNBh,0,3,3,0.0
BNBj,0,2,2,0.0
BNBl,0,3,3,0.0
BNBm,17,10,27,0.63
BNBn,22,21,43,0.51
BNBs,3,7,10,0.3
BNBt,1,3,4,0.25
BNDB,1,3,4,0.25
BNDD,2,1,3,0.67
BNDH,0,3,3,0.0
BNDI,0,1,1,0.0
BNDM,4,2,6,0.67
BNDN,2,3,5,0.4
BNDP,2,5,7,0.29
BNDS,1,3,4,0.25
BNDb,2,1,3,0.67
BNDl,1,1,2,0.5
BNDm,6,2,8,0.75
BNDn,2,1,3,0.67
BNDs,1,0,1,1.0
BNHB,2,1,3,0.67
BNHI,1,0,1,1.0
BNHK,0,0,0,
BNHL,0,2,2,0.0
BNHM,0,1,1,0.0
BNHN,2,2,4,0.5
BNHP,0,3,3,0.0
BNHS,1,2,3,0.33
BNHb,1,0,1,1.0
BNHh,2,0,2,1.0
BNHl,3,1,4,0.75
BNHn,2,1,3,0.67
BNHs,2,2,4,0.5
BNHt,1,0,1,1.0
BNIM,1,0,1,1.0
BNIb,0,1,1,0.0
BNIm,0,0,0,
BNKB,1,0,1,1.0
BNKM,0,1,1,0.0
BNKP,3,0,3,1.0
BNKS,5,1,6,0.83
BNKb,0,1,1,0.0
BNKh,0,2,2,0.0
BNKl,1,0,1,1.0
BNKm,2,1,3,0.67
BNKn,1,0,1,1.0
BNLB,2,7,9,0.22
BNLD,2,1,3,0.67
BNLL,1,2,3,0.33
BNLM,2,5,7,0.29
BNLN,4,3,7,0.57
BNLP,4,9,13,0.31
BNLS,0,2,2,0.0
BNLb,3,1,4,0.75
BNLh,0,1,1,0.0
BNLj,1,1,2,0.5
BNLl,1,0,1,1.0
BNLm,3,1,4,0.75
BNLn,4,5,9,0.44
BNLs,1,0,1,1.0
BNMB,10,9,19,0.53
BNMD,5,3,8,0.62
BNML,0,3,3,0.0
BNMM,7,10,17,0.41
BNMN,5,10,15,0.33
BNMP,18,8,26,0.69
BNMS,3,5,8,0.38
BNMb,6,14,20,0.3
BNMh,8,4,12,0.67
BNMj,2,1,3,0.67
BNMl,4,1,5,0.8
BNMm,12,12,24,0.5
BNMn,12,20,32,0.38
BNMs,7,5,12,0.58
BNMt,1,1,2,0.5
BNNB,12,11,23,0.52
BNND,2,0,2,1.0
BNNH,2,1,3,0.67
BNNK,3,3,6,0.5
BNNL,6,3,9,0.67
BNNM,6,13,19,0.32
BNNN,14,10,24,0.58
BNNP,26,28,54,0.48
BNNS,11,8,19,0.58
BNNb,6,11,17,0.35
BNNh,4,5,9,0.44
BNNl,5,5,10,0.5
BNNm,15,17,32,0.47
BNNn,20,24,44,0.45
BNNs,10,12,22,0.45
BNNt,1,5,6,0.17
BNPB,10,23,33,0.3
BNPD,2,2,4,0.5
BNPH,4,4,8,0.5
BNPI,2,2,4,0.5
BNPK,1,2,3,0.33
BNPL,7,9,16,0.44
BNPM,11,13,24,0.46
BNPN,10,25,35,0.29
BNPP,25,23,48,0.52
BNPS,18,9,27,0.67
BNPb,20,15,35,0.57
BNPh,1,4,5,0.2
BNPl,4,5,9,0.44
BNPm,20,23,43,0.47
BNPn,15,20,35,0.43
BNPs,15,7,22,0.68
BNPt,1,3,4,0.25
BNSB,8,9,17,0.47
BNSD,2,0,2,1.0
BNSH,4,5,9,0.44
BNSI,0,1,1,0.0
BNSL,3,2,5,0.6
BNSM,7,5,12,0.58
BNSN,6,11,17,0.35
BNSP,7,10,17,0.41
BNSS,7,12,19,0.37
BNSb,6,7,13,0.46
BNSh,7,4,11,0.64
BNSl,7,2,9,0.78
BNSm,14,9,23,0.61
BNSn,4,11,15,0.27
BNSs,9,7,16,0.56
BNSt,1,2,3,0.33
BNbB,5,14,19,0.26
BNbD,2,0,2,1.0
BNbH,2,2,4,0.5
BNbI,1,0,1,1.0
BNbJ,4,2,6,0.67
BNbK,2,1,3,0.67
BNbL,2,4,6,0.33
BNbM,6,7,13,0.46
BNbN,11,17,28,0.39
BNbP,8,9,17,0.47
BNbS,4,5,9,0.44
BNbb,8,7,15,0.53
BNbl,3,1,4,0.75
BNbm,13,8,21,0.62
BNbn,9,12,21,0.43
BNbs,7,5,12,0.58
BNhB,5,4,9,0.56
BNhH,1,0,1,1.0
BNhI,1,1,2,0.5
BNhL,1,1,2,0.5
BNhM,1,2,3,0.33
BNhN,2,5,7,0.29
BNhP,5,4,9,0.56
BNhS,11,6,17,0.65
BNhb,4,2,6,0.67
BNhh,4,2,6,0.67
BNhl,4,0,4,1.0
BNhm,8,4,12,0.67
BNhn,4,0,4,1.0
BNhs,3,2,5,0.6
BNlB,1,2,3,0.33
BNlD,1,2,3,0.33
BNlH,1,2,3,0.33
BNlI,0,0,0,
BNlJ,0,1,1,0.0
BNlL,2,3,5,0.4
BNlM,2,1,3,0.67
BNlN,2,3,5,0.4
BNlP,5,3,8,0.62
BNlS,4,4,8,0.5
BNlb,3,3,6,0.5
BNll,4,0,4,1.0
BNlm,3,1,4,0.75
BNln,2,5,7,0.29
BNls,2,2,4,0.5
BNmB,10,10,20,0.5
BNmD,2,3,5,0.4
BNmH,11,6,17,0.65
BNmI,3,0,3,1.0
BNmJ,1,2,3,0.33
BNmL,3,0,3,1.0
BNmM,12,9,21,0.57
BNmN,15,20,35,0.43
BNmP,13,18,31,0.42
BNmS,11,8,19,0.58
BNmb,10,11,21,0.48
BNml,1,1,2,0.5
BNmm,11,9,20,0.55
BNmn,12,14,26,0.46
BNms,16,8,24,0.67
BNnB,13,11,24,0.54
BNnD,4,2,6,0.67
BNnH,10,14,24,0.42
BNnI,2,4,6,0.33
BNnK,1,0,1,1.0
BNnL,3,2,5,0.6
BNnM,7,10,17,0.41
BNnN,24,19,43,0.56
BNnP,12,15,27,0.44
BNnS,15,26,41,0.37
BNnb,7,11,18,0.39
BNnh,0,2,2,0.0
BNnl,6,4,10,0.6
BNnm,16,17,33,0.48
BNnn,24,23,47,0.51
BNns,11,14,25,0.44
BNsB,9,7,16,0.56
BNsD,0,2,2,0.0
BNsH,8,4,12,0.67
BNsI,3,2,5,0.6
BNsL,3,2,5,0.6
BNsM,10,7,17,0.59
BNsN,14,15,29,0.48
BNsP,12,9,21,0.57
BNsS,6,9,15,0.4
BNsb,7,7,14,0.5
BNsh,1,0,1,1.0
BNsl,3,3,6,0.5
BNsm,8,7,15,0.53
BNsn,12,4,16,0.75
BNss,9,4,13,0.69
BNtB,1,1,2,0.5
BNtD,0,1,1,0.0
BNtH,0,3,3,0.0
BNtI,1,1,2,0.5
BNtL,1,1,2,0.5
BNtM,2,4,6,0.33
BNtN,0,2,2,0.0
BNtP,1,6,7,0.14
BNtS,1,2,3,0.33
BNtb,0,3,3,0.0
BNth,1,0,1,1.0
BNtm,1,0,1,1.0
BNtn,2,3,5,0.4
BNts,2,2,4,0.5
BNtt,2,0,2,1.0
BPBB,11,16,27,0.41
BPBD,2,2,4,0.5
BPBK,3,1,4,0.75
BPBL,5,3,8,0.62
BPBM,7,8,15,0.47
BPBN,15,14,29,0.52
BPBP,22,19,41,0.54
BPBS,7,6,13,0.54
BPBb,10,13,23,0.43
BPBh,3,1,4,0.75
BPBj,5,4,9,0.56
BPBl,7,7,14,0.5
BPBm,17,10,27,0.63
BPBn,16,17,33,0.48
BPBs,4,5,9,0.44
BPBt,1,4,5,0.2
BPDB,1,2,3,0.33
BPDD,1,1,2,0.5
BPDH,3,2,5,0.6
BPDI,1,0,1,1.0
BPDL,1,1,2,0.5
BPDM,3,1,4,0.75
BPDN,1,2,3,0.33
BPDP,1,5,6,0.17
BPDS,1,1,2,0.5
BPDb,0,3,3,0.0
BPDm,3,3,6,0.5
BPDn,2,1,3,0.67
BPDs,2,2,4,0.5
BPHB,3,2,5,0.6
BPHD,0,0,0,
BPHH,1,1,2,0.5
BPHK,1,0,1,1.0
BPHL,1,1,2,0.5
BPHM,0,3,3,0.0
BPHN,1,2,3,0.33
BPHP,3,6,9,0.33
BPHS,2,3,5,0.4
BPHb,2,3,5,0.4
BPHh,1,3,4,0.25
BPHl,1,1,2,0.5
BPHm,3,0,3,1.0
BPHn,3,3,6,0.5
BPHs,4,3,7,0.57
BPHt,0,1,1,0.0
BPIB,2,0,2,1.0
BPIH,0,2,2,0.0
BPIM,1,3,4,0.25
BPIN,1,0,1,1.0
BPIP,0,0,0,
BPIS,0,1,1,0.0
BPIb,1,2,3,0.33
BPIl,2,0,2,1.0
BPIn,1,0,1,1.0
BPIs,2,0,2,1.0
BPIt,1,0,1,1.0
BPKB,1,1,2,0.5
BPKD,0,2,2,0.0
BPKH,0,0,0,
BPKL,1,0,1,1.0
BPKM,3,3,6,0.5
BPKN,2,1,3,0.67
BPKP,1,0,1,1.0
BPKS,1,2,3,0.33
BPKb,1,3,4,0.25
BPKh,3,1,4,0.75
BPKl,1,1,2,0.5
BPKm,3,3,6,0.5
BPKn,0,1,1,0.0
BPKs,0,4,4,0.0
BPLB,5,3,8,0.62
BPLD,1,2,3,0.33
BPLL,3,2,5,0.6
BPLM,3,3,6,0.5
BPLN,3,5,8,0.38
BPLP,4,6,10,0.4
BPLS,3,1,4,0.75
BPLb,4,1,5,0.8
BPLh,4,1,5,0.8
BPLj,3,0,3,1.0
BPLl,4,8,12,0.33
BPLm,9,4,13,0.69
BPLn,5,5,10,0.5
BPLt,0,1,1,0.0
BPMB,6,17,23,0.26
BPMD,4,0,4,1.0
BPML,6,3,9,0.67
BPMM,11,10,21,0.52
BPMN,14,10,24,0.58
BPMP,9,19,28,0.32
BPMS,7,8,15,0.47
BPMb,9,6,15,0.6
BPMh,8,10,18,0.44
BPMj,1,2,3,0.33
BPMl,6,4,10,0.6
BPMm,20,20,40,0.5
BPMn,18,12,30,0.6
BPMs,5,4,9,0.56
BPMt,2,1,3,0.67
BPNB,12,18,30,0.4
BPND,2,2,4,0.5
BPNH,2,1,3,0.67
BPNK,1,2,3,0.33
BPNL,3,4,7,0.43
BPNM,4,11,15,0.27
BPNN,10,19,29,0.34
BPNP,30,17,47,0.64
BPNS,6,11,17,0.35
BPNb,7,12,19,0.37
BPNh,4,7,11,0.36
BPNl,4,3,7,0.57
BPNm,20,18,38,0.53
BPNn,15,22,37,0.41
BPNs,7,7,14,0.5
BPNt,1,2,3,0.33
BPPB,16,21,37,0.43
BPPD,5,3,8,0.62
BPPH,1,8,9,0.11
BPPI,2,0,2,1.0
BPPK,0,3,3,0.0
BPPL,12,9,21,0.57
BPPM,14,28,42,0.33
BPPN,14,21,35,0.4
BPPP,28,37,65,0.43
BPPS,22,18,40,0.55
BPPb,16,17,33,0.48
BPPh,2,0,2,1.0
BPPl,15,8,23,0.65
BPPm,24,28,52,0.46
BPPn,19,18,37,0.51
BPPs,13,19,32,0.41
BPPt,2,3,5,0.4
BPSB,3,9,12,0.25
BPSD,1,3,4,0.25
BPSH,2,5,7,0.29
BPSK,0,0,0,
BPSL,2,6,8,0.25
BPSM,6,13,19,0.32
BPSN,9,10,19,0.47
BPSP,9,9,18,0.5
BPSS,7,12,19,0.37
BPSb,7,6,13,0.54
BPSh,5,7,12,0.42
BPSl,5,3,8,0.62
BPSm,12,8,20,0.6
BPSn,13,4,17,0.76
BPSs,7,14,21,0.33
BPSt,1,0,1,1.0
BPbB,17,9,26,0.65
BPbD,0,1,1,0.0
BPbH,1,4,5,0.2
BPbI,0,1,1,0.0
BPbJ,5,3,8,0.62
BPbK,0,2,2,0.0
BPbL,3,2,5,0.6
BPbM,10,19,29,0.34
BPbN,11,19,30,0.37
BPbP,10,10,20,0.5
BPbS,4,4,8,0.5
BPbb,14,8,22,0.64
BPbl,4,4,8,0.5
BPbm,13,10,23,0.57
BPbn,12,12,24,0.5
BPbs,7,4,11,0.64
BPhB,2,0,2,1.0
BPhD,1,0,1,1.0
BPhM,0,2,2,0.0
BPhN,2,3,5,0.4
BPhP,2,3,5,0.4
BPhS,1,3,4,0.25
BPhb,0,2,2,0.0
BPhh,2,1,3,0.67
BPhl,1,0,1,1.0
BPhm,0,2,2,0.0
BPhn,2,1,3,0.67
BPhs,2,3,5,0.4
BPlB,6,3,9,0.67
BPlD,0,4,4,0.0
BPlH,1,4,5,0.2
BPlI,1,0,1,1.0
BPlJ,1,1,2,0.5
BPlL,5,4,9,0.56
BPlM,3,4,7,0.43
BPlN,10,4,14,0.71
BPlP,11,8,19,0.58
BPlS,3,4,7,0.43
BPlb,2,4,6,0.33
BPll,1,0,1,1.0
BPlm,1,8,9,0.11
BPln,3,3,6,0.5
BPls,2,7,9,0.22
BPmB,8,16,24,0.33
BPmD,2,6,8,0.25
BPmH,8,9,17,0.47
BPmI,2,1,3,0.67
BPmJ,1,6,7,0.14
BPmL,4,6,10,0.4
BPmM,16,19,35,0.46
BPmN,25,13,38,0.66
BPmP,12,13,25,0.48
BPmS,10,9,19,0.53
BPmb,10,15,25,0.4
BPmh,0,0,0,
BPml,5,7,12,0.42
BPmm,10,13,23,0.43
BPmn,14,11,25,0.56
BPms,10,10,20,0.5
BPnB,16,6,22,0.73
BPnD,1,4,5,0.2
BPnH,5,8,13,0.38
BPnI,2,1,3,0.67
BPnK,0,0,0,
BPnL,5,2,7,0.71
BPnM,8,10,18,0.44
BPnN,12,14,26,0.46
BPnP,21,11,32,0.66
BPnS,8,13,21,0.38
BPnb,17,20,37,0.46
BPnh,0,1,1,0.0
BPnl,5,3,8,0.62
BPnm,6,10,16,0.38
BPnn,12,16,28,0.43
BPns,9,13,22,0.41
BPnt,1,0,1,1.0
BPsB,4,3,7,0.57
BPsD,0,1,1,0.0
BPsH,4,6,10,0.4
BPsI,1,0,1,1.0
BPsL,3,2,5,0.6
BPsM,3,4,7,0.43
BPsN,11,4,15,0.73
BPsP,9,10,19,0.47
BPsS,9,7,16,0.56
BPsb,2,3,5,0.4
BPsh,3,0,3,1.0
BPsl,7,5,12,0.58
BPsm,11,5,16,0.69
BPsn,9,8,17,0.53
BPss,5,8,13,0.38
BPst,0,0,0,
BPtB,0,2,2,0.0
BPtD,1,0,1,1.0
BPtH,0,1,1,0.0
BPtL,0,3,3,0.0
BPtM,2,1,3,0.67
BPtP,1,3,4,0.25
BPtb,0,0,0,
BPtl,0,1,1,0.0
BPtm,2,0,2,1.0
BPtn,1,0,1,1.0
BPtt,1,0,1,1.0
BSBB,11,2,13,0.85
BSBD,2,0,2,1.0
BSBK,0,1,1,0.0
BSBL,1,4,5,0.2
BSBM,1,3,4,0.25
BSBN,6,7,13,0.46
BSBP,8,6,14,0.57
BSBS,3,4,7,0.43
BSBb,3,3,6,0.5
BSBh,0,2,2,0.0
BSBj,0,1,1,0.0
BSBl,5,4,9,0.56
BSBm,4,5,9,0.44
BSBn,8,6,14,0.57
BSBs,3,4,7,0.43
BSBt,0,1,1,0.0
BSDB,2,0,2,1.0
BSDD,1,0,1,1.0
BSDH,0,0,0,
BSDI,1,0,1,1.0
BSDL,0,0,0,
BSDM,2,1,3,0.67
BSDN,0,1,1,0.0
BSDP,3,1,4,0.75
BSDS,0,2,2,0.0
BSDb,1,2,3,0.33
BSDh,0,1,1,0.0
BSDm,1,2,3,0.33
BSDn,1,1,2,0.5
BSDs,0,2,2,0.0
BSHB,2,4,6,0.33
BSHD,0,2,2,0.0
BSHH,1,2,3,0.33
BSHI,1,0,1,1.0
BSHL,0,1,1,0.0
BSHM,3,4,7,0.43
BSHN,2,1,3,0.67
BSHP,1,3,4,0.25
BSHS,2,2,4,0.5
BSHb,5,2,7,0.71
BSHh,0,1,1,0.0
BSHl,3,1,4,0.75
BSHm,2,4,6,0.33
BSHn,3,0,3,1.0
BSHs,1,1,2,0.5
BSIB,1,0,1,1.0
BSID,0,0,0,
BSIM,1,0,1,1.0
BSIS,0,1,1,0.0
BSIb,0,2,2,0.0
BSLB,2,0,2,1.0
BSLK,0,0,0,
BSLL,1,2,3,0.33
BSLM,3,2,5,0.6
BSLN,0,0,0,
BSLP,3,1,4,0.75
BSLS,1,2,3,0.33
BSLb,1,3,4,0.25
BSLh,1,0,1,1.0
BSLj,0,2,2,0.0
BSLl,0,2,2,0.0
BSLm,2,2,4,0.5
BSLn,1,2,3,0.33
BSLs,0,1,1,0.0
BSLt,1,0,1,1.0
BSMB,5,8,13,0.38
BSMD,2,2,4,0.5
BSML,1,0,1,1.0
BSMM,10,10,20,0.5
BSMN,7,3,10,0.7
BSMP,5,9,14,0.36
BSMS,1,7,8,0.12
BSMb,5,6,11,0.45
BSMh,5,4,9,0.56
BSMj,1,0,1,1.0
BSMl,3,1,4,0.75
BSMm,8,9,17,0.47
BSMn,4,6,10,0.4
BSMs,4,4,8,0.5
BSMt,1,1,2,0.5
BSNB,4,2,6,0.67
BSND,1,0,1,1.0
BSNH,0,1,1,0.0
BSNK,0,0,0,
BSNL,1,2,3,0.33
BSNM,2,8,10,0.2
BSNN,7,9,16,0.44
BSNP,4,4,8,0.5
BSNS,6,2,8,0.75
BSNb,3,7,10,0.3
BSNh,0,3,3,0.0
BSNl,1,1,2,0.5
BSNm,6,9,15,0.4
BSNn,8,7,15,0.53
BSNs,6,4,10,0.6
BSNt,1,0,1,1.0
BSPB,8,6,14,0.57
BSPD,0,0,0,
BSPH,2,2,4,0.5
BSPI,1,1,2,0.5
BSPK,0,1,1,0.0
BSPL,2,4,6,0.33
BSPM,7,11,18,0.39
BSPN,8,4,12,0.67
BSPP,8,8,16,0.5
BSPS,6,4,10,0.6
BSPb,5,6,11,0.45
BSPh,2,3,5,0.4
BSPl,5,7,12,0.42
BSPm,9,8,17,0.53
BSPn,8,5,13,0.62
BSPs,4,5,9,0.44
BSPt,0,1,1,0.0
BSSB,4,6,10,0.4
BSSD,2,3,5,0.4
BSSH,4,3,7,0.57
BSSL,2,2,4,0.5
BSSM,11,9,20,0.55
BSSN,4,4,8,0.5
BSSP,5,7,12,0.42
BSSS,7,16,23,0.3
BSSb,6,5,11,0.55
BSSh,2,2,4,0.5
BSSl,3,1,4,0.75
BSSm,9,5,14,0.64
BSSn,5,5,10,0.5
BSSs,2,4,6,0.33
BSSt,3,3,6,0.5
BSbB,2,4,6,0.33
BSbD,1,0,1,1.0
BSbH,0,2,2,0.0
BSbI,1,0,1,1.0
BSbJ,2,0,2,1.0
BSbL,1,1,2,0.5
BSbM,7,3,10,0.7
BSbN,6,5,11,0.55
BSbP,4,8,12,0.33
BSbS,2,2,4,0.5
BSbb,6,4,10,0.6
BSbl,4,1,5,0.8
BSbm,7,1,8,0.88
BSbn,4,4,8,0.5
BSbs,2,6,8,0.25
BShB,2,2,4,0.5
BShD,0,1,1,0.0
BShH,2,2,4,0.5
BShK,0,0,0,
BShL,0,2,2,0.0
BShM,0,3,3,0.0
BShN,2,6,8,0.25
BShP,5,1,6,0.83
BShS,7,3,10,0.7
BShb,0,1,1,0.0
BShh,2,3,5,0.4
BShl,2,1,3,0.67
BShm,2,0,2,1.0
BShn,3,2,5,0.6
BShs,2,4,6,0.33
BSht,0,1,1,0.0
BSlB,3,2,5,0.6
BSlD,1,0,1,1.0
BSlH,1,2,3,0.33
BSlI,1,0,1,1.0
BSlK,0,1,1,0.0
BSlM,1,3,4,0.25
BSlN,1,4,5,0.2
BSlP,1,2,3,0.33
BSlS,3,3,6,0.5
BSlb,7,0,7,1.0
BSlm,3,4,7,0.43
BSln,0,3,3,0.0
BSls,0,0,0,
BSmB,6,3,9,0.67
BSmD,2,2,4,0.5
BSmH,8,1,9,0.89
BSmI,0,2,2,0.0
BSmJ,1,0,1,1.0
BSmK,1,0,1,1.0
BSmL,2,2,4,0.5
BSmM,9,11,20,0.45
BSmN,5,4,9,0.56
BSmP,9,12,21,0.43
BSmS,6,5,11,0.55
BSmb,6,5,11,0.55
BSml,3,1,4,0.75
BSmm,9,0,9,1.0
BSmn,6,6,12,0.5
BSms,3,1,4,0.75
BSnB,6,4,10,0.6
BSnD,2,0,2,1.0
BSnH,5,4,9,0.56
BSnI,0,1,1,0.0
BSnK,1,0,1,1.0
BSnL,1,0,1,1.0
BSnM,4,10,14,0.29
BSnN,4,6,10,0.4
BSnP,8,9,17,0.47
BSnS,4,4,8,0.5
BSnb,6,2,8,0.75
BSnl,2,4,6,0.33
BSnm,6,3,9,0.67
BSnn,2,5,7,0.29
BSns,1,8,9,0.11
BSsB,6,3,9,0.67
BSsH,3,6,9,0.33
BSsI,2,1,3,0.67
BSsL,0,1,1,0.0
BSsM,3,5,8,0.38
BSsN,6,2,8,0.75
BSsP,5,6,11,0.45
BSsS,7,9,16,0.44
BSsb,5,6,11,0.45
BSsh,1,0,1,1.0
BSsl,0,2,2,0.0
BSsm,13,8,21,0.62
BSsn,8,5,13,0.62
BSss,4,7,11,0.36
BStB,3,2,5,0.6
BStD,1,1,2,0.5
BStH,2,1,3,0.67
BStL,0,1,1,0.0
BStM,0,1,1,0.0
BStN,0,1,1,0.0
BStP,0,2,2,0.0
BStS,1,0,1,1.0
BStb,1,0,1,1.0
BStm,1,1,2,0.5
BStn,1,2,3,0.33
BSts,2,1,3,0.67
BbBB,8,11,19,0.42
BbBD,1,1,2,0.5
BbBK,0,1,1,0.0
BbBL,3,3,6,0.5
BbBM,8,3,11,0.73
BbBN,10,12,22,0.45
BbBP,10,14,24,0.42
BbBS,7,6,13,0.54
BbBb,8,3,11,0.73
BbBh,1,1,2,0.5
BbBj,4,3,7,0.57
BbBl,3,6,9,0.33
BbBm,6,9,15,0.4
BbBn,16,15,31,0.52
BbBs,4,7,11,0.36
BbBt,0,1,1,0.0
BbDB,0,2,2,0.0
BbDH,0,0,0,
BbDL,0,1,1,0.0
BbDM,1,1,2,0.5
BbDN,2,2,4,0.5
BbDP,2,0,2,1.0
BbDS,2,0,2,1.0
BbDb,1,2,3,0.33
BbDl,0,1,1,0.0
BbDm,3,1,4,0.75
BbDn,0,1,1,0.0
BbDs,0,1,1,0.0
BbHB,1,2,3,0.33
BbHD,1,0,1,1.0
BbHH,1,0,1,1.0
BbHK,0,0,0,
BbHL,1,2,3,0.33
BbHM,3,1,4,0.75
BbHN,2,2,4,0.5
BbHP,2,4,6,0.33
BbHS,0,1,1,0.0
BbHb,3,4,7,0.43
BbHh,2,0,2,1.0
BbHl,1,1,2,0.5
BbHm,6,1,7,0.86
BbHn,3,3,6,0.5
BbHs,1,1,2,0.5
BbIB,2,1,3,0.67
BbIH,3,0,3,1.0
BbIL,0,1,1,0.0
BbIM,3,0,3,1.0
BbIN,1,3,4,0.25
BbIP,0,1,1,0.0
BbIb,2,0,2,1.0
BbIm,2,1,3,0.67
BbIn,4,0,4,1.0
BbIs,0,1,1,0.0
BbIt,0,1,1,0.0
BbJB,3,2,5,0.6
BbJH,1,4,5,0.2
BbJL,2,1,3,0.67
BbJM,4,1,5,0.8
BbJN,5,6,11,0.45
BbJP,1,3,4,0.25
BbJS,3,1,4,0.75
BbJb,1,1,2,0.5
BbJh,0,1,1,0.0
BbJl,2,2,4,0.5
BbJm,5,2,7,0.71
BbJn,2,6,8,0.25
BbJs,0,1,1,0.0
BbKD,0,1,1,0.0
BbKI,1,0,1,1.0
BbKM,2,2,4,0.5
BbKN,1,0,1,1.0
BbKP,1,0,1,1.0
BbKS,1,1,2,0.5
BbKb,0,1,1,0.0
BbKh,2,0,2,1.0
BbKl,1,0,1,1.0
BbKm,2,0,2,1.0
BbKn,2,2,4,0.5
BbKs,0,1,1,0.0
BbLB,3,1,4,0.75
BbLD,1,1,2,0.5
BbLL,0,2,2,0.0
BbLM,2,4,6,0.33
BbLN,2,2,4,0.5
BbLP,1,7,8,0.12
BbLS,1,4,5,0.2
BbLb,3,1,4,0.75
BbLj,1,0,1,1.0
BbLl,1,1,2,0.5
BbLm,2,5,7,0.29
BbLn,5,10,15,0.33
BbLs,1,0,1,1.0
BbLt,1,1,2,0.5
BbMB,7,8,15,0.47
BbMD,1,1,2,0.5
BbMH,0,1,1,0.0
BbMI,1,0,1,1.0
BbMK,0,1,1,0.0
BbML,3,4,7,0.43
BbMM,4,7,11,0.36
BbMN,10,10,20,0.5
BbMP,11,14,25,0.44
BbMS,3,7,10,0.3
BbMb,10,6,16,0.62
BbMh,7,6,13,0.54
BbMj,2,0,2,1.0
BbMl,4,5,9,0.44
BbMm,8,6,14,0.57
BbMn,18,10,28,0.64
BbMs,6,6,12,0.5
BbMt,0,2,2,0.0
BbNB,11,11,22,0.5
BbND,2,4,6,0.33
BbNH,2,2,4,0.5
BbNK,1,0,1,1.0
BbNL,3,3,6,0.5
BbNM,8,15,23,0.35
BbNN,15,20,35,0.43
BbNP,23,15,38,0.61
BbNS,9,7,16,0.56
BbNb,12,6,18,0.67
BbNh,2,3,5,0.4
BbNl,2,2,4,0.5
BbNm,14,10,24,0.58
BbNn,25,13,38,0.66
BbNs,14,7,21,0.67
BbNt,2,2,4,0.5
BbPB,11,13,24,0.46
BbPD,2,1,3,0.67
BbPH,4,2,6,0.67
BbPI,0,2,2,0.0
BbPK,1,2,3,0.33
BbPL,4,9,13,0.31
BbPM,13,16,29,0.45
BbPN,19,12,31,0.61
BbPP,14,16,30,0.47
BbPS,7,9,16,0.44
BbPb,13,8,21,0.62
BbPh,5,2,7,0.71
BbPl,5,3,8,0.62
BbPm,9,13,22,0.41
BbPn,17,7,24,0.71
BbPs,6,5,11,0.55
BbPt,2,3,5,0.4
BbSB,3,4,7,0.43
BbSH,2,1,3,0.67
BbSL,4,4,8,0.5
BbSM,2,3,5,0.4
BbSN,7,3,10,0.7
BbSP,3,8,11,0.27
BbSS,4,8,12,0.33
BbSb,7,2,9,0.78
BbSh,5,2,7,0.71
BbSl,1,1,2,0.5
BbSm,4,6,10,0.4
BbSn,7,9,16,0.44
BbSs,10,5,15,0.67
BbSt,2,0,2,1.0
BbbB,5,12,17,0.29
BbbD,0,2,2,0.0
BbbH,1,4,5,0.2
BbbI,0,1,1,0.0
BbbJ,2,0,2,1.0
BbbK,1,2,3,0.33
BbbL,3,4,7,0.43
BbbM,6,11,17,0.35
BbbN,14,12,26,0.54
BbbP,19,10,29,0.66
BbbS,8,5,13,0.62
Bbbb,5,7,12,0.42
Bbbh,0,1,1,0.0
Bbbl,4,3,7,0.57
Bbbm,6,4,10,0.6
Bbbn,11,7,18,0.61
Bbbs,5,5,10,0.5
Bbhb,1,0,1,1.0
BblB,5,1,6,0.83
BblH,1,0,1,1.0
BblJ,0,2,2,0.0
BblL,1,0,1,1.0
BblM,3,1,4,0.75
BblN,2,4,6,0.33
BblP,3,5,8,0.38
BblS,2,1,3,0.67
Bblb,4,3,7,0.57
Bbll,2,1,3,0.67
Bblm,4,2,6,0.67
Bbln,1,4,5,0.2
Bbls,3,0,3,1.0
BbmB,9,9,18,0.5
BbmD,4,3,7,0.57
BbmH,2,5,7,0.29
BbmJ,2,1,3,0.67
BbmL,0,6,6,0.0
BbmM,10,9,19,0.53
BbmN,10,9,19,0.53
BbmP,9,9,18,0.5
BbmS,6,6,12,0.5
Bbmb,8,9,17,0.47
Bbmh,1,0,1,1.0
Bbml,4,3,7,0.57
Bbmm,14,6,20,0.7
Bbmn,3,8,11,0.27
Bbms,4,7,11,0.36
BbnB,10,10,20,0.5
BbnD,3,1,4,0.75
BbnH,5,5,10,0.5
BbnI,1,1,2,0.5
BbnK,3,1,4,0.75
BbnL,3,2,5,0.6
BbnM,9,14,23,0.39
BbnN,15,11,26,0.58
BbnP,12,9,21,0.57
BbnS,6,5,11,0.55
Bbnb,3,12,15,0.2
Bbnl,1,3,4,0.25
Bbnm,9,7,16,0.56
Bbnn,13,10,23,0.57
Bbns,6,8,14,0.43
BbsB,4,2,6,0.67
BbsD,1,2,3,0.33
BbsH,8,5,13,0.62
BbsI,0,2,2,0.0
BbsK,0,1,1,0.0
BbsL,1,1,2,0.5
BbsM,5,5,10,0.5
BbsN,5,7,12,0.42
BbsP,6,6,12,0.5
BbsS,6,3,9,0.67
Bbsb,4,2,6,0.67
Bbsl,1,0,1,1.0
Bbsm,5,5,10,0.5
Bbsn,2,3,5,0.4
Bbss,5,7,12,0.42
Bbst,0,1,1,0.0
BhBB,0,1,1,0.0
BhBM,2,2,4,0.5
BhBN,1,5,6,0.17
BhBP,2,1,3,0.67
BhBb,1,0,1,1.0
BhBh,1,0,1,1.0
BhBj,1,1,2,0.5
BhBm,0,3,3,0.0
BhBn,0,3,3,0.0
BhBs,0,0,0,
BhDH,1,0,1,1.0
BhDM,0,1,1,0.0
BhDP,1,1,2,0.5
BhDb,0,1,1,0.0
BhDs,0,0,0,
BhHM,0,0,0,
BhHP,0,0,0,
BhHS,1,0,1,1.0
BhHb,1,0,1,1.0
BhIP,1,0,1,1.0
BhLB,0,1,1,0.0
BhLD,1,1,2,0.5
BhLK,0,1,1,0.0
BhLL,0,1,1,0.0
BhLM,2,0,2,1.0
BhLN,1,0,1,1.0
BhLS,1,0,1,1.0
BhLb,3,0,3,1.0
BhLh,0,1,1,0.0
BhLn,1,1,2,0.5
BhMB,0,1,1,0.0
BhMM,1,1,2,0.5
BhMN,0,2,2,0.0
BhMP,1,3,4,0.25
BhMb,0,1,1,0.0
BhMh,0,1,1,0.0
BhMj,1,0,1,1.0
BhMm,1,2,3,0.33
BhMn,1,1,2,0.5
BhMs,2,1,3,0.67
BhNB,0,1,1,0.0
BhNH,0,0,0,
BhNL,1,0,1,1.0
BhNM,0,2,2,0.0
BhNN,2,3,5,0.4
BhNP,1,1,2,0.5
BhNS,1,1,2,0.5
BhNb,0,4,4,0.0
BhNh,1,1,2,0.5
BhNl,1,0,1,1.0
BhNm,2,0,2,1.0
BhNn,2,2,4,0.5
BhNs,0,4,4,0.0
BhPB,3,1,4,0.75
BhPL,1,0,1,1.0
BhPM,1,1,2,0.5
BhPN,1,1,2,0.5
BhPP,3,0,3,1.0
BhPS,4,0,4,1.0
BhPb,3,1,4,0.75
BhPh,0,0,0,
BhPl,0,2,2,0.0
BhPm,1,1,2,0.5
BhPn,3,1,4,0.75
BhPt,0,1,1,0.0
BhSB,3,1,4,0.75
BhSD,0,1,1,0.0
BhSM,2,2,4,0.5
BhSN,1,0,1,1.0
BhSP,1,1,2,0.5
BhSS,2,3,5,0.4
BhSb,0,1,1,0.0
BhSh,1,3,4,0.25
BhSm,0,2,2,0.0
BhSn,2,0,2,1.0
BhSs,4,0,4,1.0
BhbB,3,3,6,0.5
BhbD,1,0,1,1.0
BhbL,0,2,2,0.0
BhbM,1,1,2,0.5
BhbN,0,1,1,0.0
BhbP,4,0,4,1.0
BhbS,0,4,4,0.0
Bhbb,2,1,3,0.67
Bhbm,0,2,2,0.0
Bhbn,1,0,1,1.0
BhhM,3,1,4,0.75
BhhN,3,2,5,0.6
BhhP,1,1,2,0.5
BhhS,1,0,1,1.0
Bhhb,1,0,1,1.0
Bhhh,0,1,1,0.0
Bhhm,0,2,2,0.0
Bhhn,2,1,3,0.67
Bhhs,0,1,1,0.0
Bhht,0,1,1,0.0
BhlH,1,0,1,1.0
BhlM,1,0,1,1.0
BhlS,1,0,1,1.0
Bhln,1,0,1,1.0
Bhls,0,2,2,0.0
BhmB,2,3,5,0.4
BhmD,1,0,1,1.0
BhmH,3,0,3,1.0
BhmK,1,0,1,1.0
BhmL,0,1,1,0.0
BhmM,1,1,2,0.5
BhmN,2,0,2,1.0
BhmP,1,0,1,1.0
BhmS,2,1,3,0.67
Bhmb,0,4,4,0.0
Bhmh,0,0,0,
Bhml,3,2,5,0.6
Bhmm,1,3,4,0.25
Bhmn,0,1,1,0.0
Bhms,2,3,5,0.4
BhnB,1,2,3,0.33
BhnH,2,0,2,1.0
BhnM,0,2,2,0.0
BhnN,1,2,3,0.33
BhnP,0,1,1,0.0
BhnS,3,1,4,0.75
Bhnb,3,2,5,0.6
Bhnm,2,1,3,0.67
Bhnn,0,1,1,0.0
Bhns,1,1,2,0.5
BhsB,0,4,4,0.0
BhsH,0,3,3,0.0
BhsL,1,0,1,1.0
BhsM,1,2,3,0.33
BhsN,2,0,2,1.0
BhsP,1,2,3,0.33
BhsS,2,0,2,1.0
Bhsl,0,0,0,
Bhsm,1,0,1,1.0
Bhsn,3,2,5,0.6
Bhss,0,0,0,
BhtB,1,1,2,0.5
BhtH,0,2,2,0.0
Bhtb,1,0,1,1.0
BjBB,2,3,5,0.4
BjBD,0,0,0,
BjBK,0,1,1,0.0
BjBL,0,1,1,0.0
BjBM,1,3,4,0.25
BjBN,1,3,4,0.25
BjBP,2,5,7,0.29
BjBS,1,1,2,0.5
BjBb,6,0,6,1.0
BjBh,0,0,0,
BjBj,2,1,3,0.67
BjBl,0,1,1,0.0
BjBm,3,2,5,0.6
BjBn,3,5,8,0.38
BjBs,2,2,4,0.5
BjBt,1,1,2,0.5
BjDM,0,2,2,0.0
BjDN,1,0,1,1.0
BjDP,2,0,2,1.0
BjDb,1,0,1,1.0
BjDm,0,0,0,
BjDn,1,1,2,0.5
BjHL,1,1,2,0.5
BjHN,0,1,1,0.0
BjHP,0,1,1,0.0
BjHb,0,1,1,0.0
BjHl,1,0,1,1.0
BjHm,1,0,1,1.0
BjIB,0,1,1,0.0
BjIH,0,1,1,0.0
BjIM,0,3,3,0.0
BjIN,0,1,1,0.0
BjIm,2,0,2,1.0
BjIn,2,1,3,0.67
BjIt,1,0,1,1.0
BjKM,0,0,0,
BjKS,1,2,3,0.33
BjKh,0,0,0,
BjKm,0,1,1,0.0
BjLB,1,0,1,1.0
BjLK,1,0,1,1.0
BjLL,0,1,1,0.0
BjLM,0,2,2,0.0
BjLN,1,2,3,0.33
BjLP,1,2,3,0.33
BjLb,1,0,1,1.0
BjLj,0,1,1,0.0
BjLl,1,1,2,0.5
BjLm,3,1,4,0.75
BjLn,1,4,5,0.2
BjLs,1,1,2,0.5
BjMB,2,2,4,0.5
BjMD,2,0,2,1.0
BjML,0,1,1,0.0
BjMM,2,3,5,0.4
BjMN,1,2,3,0.33
BjMP,2,3,5,0.4
BjMS,2,2,4,0.5
BjMb,3,3,6,0.5
BjMh,1,0,1,1.0
BjMj,2,1,3,0.67
BjMl,0,3,3,0.0
BjMm,4,3,7,0.57
BjMn,3,2,5,0.6
BjMs,2,4,6,0.33
BjMt,1,0,1,1.0
BjNB,3,3,6,0.5
BjND,1,0,1,1.0
BjNL,0,1,1,0.0
BjNM,3,6,9,0.33
BjNN,5,5,10,0.5
BjNP,2,3,5,0.4
BjNS,2,3,5,0.4
BjNb,2,3,5,0.4
BjNh,2,1,3,0.67
BjNl,1,3,4,0.25
BjNm,3,0,3,1.0
BjNn,2,3,5,0.4
BjNs,2,1,3,0.67
BjNt,0,2,2,0.0
BjPB,4,3,7,0.57
BjPD,0,0,0,
BjPH,0,3,3,0.0
BjPI,1,0,1,1.0
BjPL,2,0,2,1.0
BjPM,6,5,11,0.55
BjPN,7,3,10,0.7
BjPP,7,7,14,0.5
BjPS,1,3,4,0.25
BjPb,1,3,4,0.25
BjPh,0,1,1,0.0
BjPl,2,0,2,1.0
BjPm,7,1,8,0.88
BjPn,1,3,4,0.25
BjPs,1,3,4,0.25
BjPt,0,1,1,0.0
BjSB,2,1,3,0.67
BjSH,0,1,1,0.0
BjSL,2,0,2,1.0
BjSM,0,7,7,0.0
BjSN,0,5,5,0.0
BjSP,1,2,3,0.33
BjSS,1,4,5,0.2
BjSb,1,4,5,0.2
BjSh,1,2,3,0.33
BjSl,2,0,2,1.0
BjSm,2,1,3,0.67
BjSn,0,3,3,0.0
BjSs,1,2,3,0.33
BjbB,2,1,3,0.67
BjbH,1,1,2,0.5
BjbI,0,1,1,0.0
BjbJ,0,1,1,0.0
BjbK,0,1,1,0.0
BjbL,4,3,7,0.57
BjbM,1,4,5,0.2
BjbN,7,0,7,1.0
BjbP,4,4,8,0.5
BjbS,3,2,5,0.6
Bjbb,0,5,5,0.0
Bjbl,1,2,3,0.33
Bjbm,3,2,5,0.6
Bjbn,7,2,9,0.78
Bjbs,2,1,3,0.67
BjhB,1,0,1,1.0
BjhN,1,0,1,1.0
BjhS,0,1,1,0.0
Bjhb,1,1,2,0.5
Bjhh,0,1,1,0.0
Bjhm,0,2,2,0.0
Bjhn,0,1,1,0.0
BjlJ,0,1,1,0.0
BjlM,1,0,1,1.0
BjlN,0,1,1,0.0
BjlP,1,0,1,1.0
BjlS,1,1,2,0.5
Bjlb,1,0,1,1.0
Bjll,0,1,1,0.0
Bjlm,1,0,1,1.0
BjmB,2,2,4,0.5
BjmD,2,1,3,0.67
BjmH,4,0,4,1.0
BjmJ,1,1,2,0.5
BjmK,0,1,1,0.0
BjmM,3,4,7,0.43
BjmN,5,2,7,0.71
BjmP,4,4,8,0.5
BjmS,3,1,4,0.75
Bjmb,4,1,5,0.8
Bjmh,1,0,1,1.0
Bjml,2,1,3,0.67
Bjmm,2,1,3,0.67
Bjmn,3,5,8,0.38
Bjms,2,2,4,0.5
BjnB,1,1,2,0.5
BjnH,0,2,2,0.0
BjnM,3,1,4,0.75
BjnN,6,0,6,1.0
BjnP,3,1,4,0.75
BjnS,2,1,3,0.67
Bjnb,2,3,5,0.4
Bjnl,1,1,2,0.5
Bjnm,6,1,7,0.86
Bjnn,2,3,5,0.4
Bjns,2,2,4,0.5
BjsB,0,3,3,0.0
BjsH,3,3,6,0.5
BjsI,2,1,3,0.67
BjsL,1,2,3,0.33
BjsM,0,2,2,0.0
BjsN,3,3,6,0.5
BjsP,1,5,6,0.17
BjsS,4,1,5,0.8
Bjsb,1,2,3,0.33
Bjsh,0,1,1,0.0
Bjsl,1,2,3,0.33
Bjsm,2,1,3,0.67
Bjsn,1,3,4,0.25
Bjss,2,2,4,0.5
BjtD,0,1,1,0.0
BjtH,1,0,1,1.0
BjtI,1,0,1,1.0
BjtP,3,1,4,0.75
BjtS,1,0,1,1.0
Bjtl,1,0,1,1.0
Bjts,1,0,1,1.0
BlBB,7,4,11,0.64
BlBK,1,1,2,0.5
BlBL,0,3,3,0.0
BlBM,3,0,3,1.0
BlBN,7,1,8,0.88
BlBP,3,8,11,0.27
BlBS,1,3,4,0.25
BlBb,0,0,0,
BlBh,1,0,1,1.0
BlBj,1,1,2,0.5
BlBm,4,5,9,0.44
BlBn,7,3,10,0.7
BlBs,1,2,3,0.33
BlBt,1,0,1,1.0
BlDD,1,0,1,1.0
BlDH,1,1,2,0.5
BlDL,1,0,1,1.0
BlDM,0,1,1,0.0
BlDP,1,0,1,1.0
BlDm,1,1,2,0.5
BlDn,0,1,1,0.0
BlHB,2,1,3,0.67
BlHD,0,1,1,0.0
BlHL,0,2,2,0.0
BlHM,0,0,0,
BlHN,2,1,3,0.67
BlHP,5,1,6,0.83
BlHS,2,4,6,0.33
BlHb,2,0,2,1.0
BlHh,1,1,2,0.5
BlHl,2,1,3,0.67
BlHm,1,1,2,0.5
BlHn,4,3,7,0.57
BlHs,2,3,5,0.4
BlIH,1,1,2,0.5
BlIM,0,0,0,
BlIN,0,1,1,0.0
BlIS,0,0,0,
BlIl,1,0,1,1.0
BlIn,0,1,1,0.0
BlIs,1,0,1,1.0
BlJB,1,3,4,0.25
BlJH,0,1,1,0.0
BlJK,1,0,1,1.0
BlJL,2,1,3,0.67
BlJN,0,1,1,0.0
BlJP,2,1,3,0.67
BlJS,2,1,3,0.67
BlJb,1,0,1,1.0
BlJl,0,2,2,0.0
BlJm,0,1,1,0.0
BlJn,0,1,1,0.0
BlJs,0,2,2,0.0
BlKD,0,1,1,0.0
BlKP,0,1,1,0.0
BlKs,1,0,1,1.0
BlLB,0,1,1,0.0
BlLH,1,0,1,1.0
BlLM,0,2,2,0.0
BlLN,3,1,4,0.75
BlLP,3,2,5,0.6
BlLS,2,1,3,0.67
BlLb,1,1,2,0.5
BlLj,1,1,2,0.5
BlLl,1,0,1,1.0
BlLm,3,2,5,0.6
BlLn,2,3,5,0.4
BlLs,0,1,1,0.0
BlMB,5,2,7,0.71
BlMD,1,0,1,1.0
BlML,0,0,0,
BlMM,4,2,6,0.67
BlMN,5,4,9,0.56
BlMP,4,5,9,0.44
BlMS,2,4,6,0.33
BlMb,1,2,3,0.33
BlMh,5,1,6,0.83
BlMj,0,2,2,0.0
BlMl,2,0,2,1.0
BlMm,3,5,8,0.38
BlMn,2,1,3,0.67
BlMs,6,1,7,0.86
BlNB,3,6,9,0.33
BlND,3,2,5,0.6
BlNH,2,0,2,1.0
BlNK,0,1,1,0.0
BlNM,1,6,7,0.14
BlNN,4,5,9,0.44
BlNP,5,6,11,0.45
BlNS,4,3,7,0.57
BlNb,3,5,8,0.38
BlNh,1,1,2,0.5
BlNl,2,4,6,0.33
BlNm,5,2,7,0.71
BlNn,4,1,5,0.8
BlNs,1,4,5,0.2
BlPB,3,5,8,0.38
BlPD,3,0,3,1.0
BlPH,3,2,5,0.6
BlPI,2,0,2,1.0
BlPK,3,0,3,1.0
BlPL,2,2,4,0.5
BlPM,5,8,13,0.38
BlPN,7,1,8,0.88
BlPP,6,3,9,0.67
BlPS,1,4,5,0.2
BlPb,2,2,4,0.5
BlPl,1,1,2,0.5
BlPm,6,1,7,0.86
BlPn,1,4,5,0.2
BlPs,2,6,8,0.25
BlPt,1,0,1,1.0
BlSB,0,1,1,0.0
BlSD,0,1,1,0.0
BlSL,0,3,3,0.0
BlSM,4,4,8,0.5
BlSN,5,4,9,0.56
BlSP,2,2,4,0.5
BlSS,2,3,5,0.4
BlSb,2,1,3,0.67
BlSh,2,1,3,0.67
BlSl,1,2,3,0.33
BlSm,2,3,5,0.4
BlSn,3,1,4,0.75
BlSs,0,3,3,0.0
BlSt,1,0,1,1.0
BlbB,2,2,4,0.5
BlbH,1,0,1,1.0
BlbI,1,0,1,1.0
BlbK,1,1,2,0.5
BlbM,2,4,6,0.33
BlbN,6,2,8,0.75
BlbP,2,2,4,0.5
BlbS,0,2,2,0.0
Blbb,5,2,7,0.71
Blbl,0,1,1,0.0
Blbm,3,1,4,0.75
Blbn,3,4,7,0.43
Blbs,2,5,7,0.29
BllB,2,0,2,1.0
BllH,2,0,2,1.0
BllJ,1,0,1,1.0
BllL,0,2,2,0.0
BllM,0,1,1,0.0
BllN,1,0,1,1.0
BllP,2,3,5,0.4
BllS,2,1,3,0.67
Bllb,3,0,3,1.0
Blll,0,1,1,0.0
Bllm,1,2,3,0.33
Blln,2,1,3,0.67
Blls,0,0,0,
BlmB,3,2,5,0.6
BlmD,0,1,1,0.0
BlmH,2,4,6,0.33
BlmJ,0,0,0,
BlmL,0,4,4,0.0
BlmM,1,6,7,0.14
BlmN,3,6,9,0.33
BlmP,5,3,8,0.62
BlmS,2,3,5,0.4
Blmb,6,4,10,0.6
Blml,2,1,3,0.67
Blmm,2,6,8,0.25
Blmn,2,3,5,0.4
Blms,1,0,1,1.0
BlnB,2,5,7,0.29
BlnD,1,1,2,0.5
BlnH,2,2,4,0.5
BlnI,0,1,1,0.0
BlnK,0,1,1,0.0
BlnL,0,1,1,0.0
BlnM,5,3,8,0.62
BlnN,4,7,11,0.36
BlnP,6,6,12,0.5
BlnS,2,2,4,0.5
Blnb,1,4,5,0.2
Blnm,2,3,5,0.4
Blnn,4,4,8,0.5
Blns,3,6,9,0.33
BlsD,1,1,2,0.5
BlsH,4,1,5,0.8
BlsK,0,1,1,0.0
BlsL,1,3,4,0.25
BlsM,3,1,4,0.75
BlsN,2,2,4,0.5
BlsP,1,2,3,0.33
BlsS,3,2,5,0.6
Blsb,2,3,5,0.4
Blsh,0,1,1,0.0
Blsl,2,1,3,0.67
Blsm,3,1,4,0.75
Blsn,3,4,7,0.43
Blss,1,0,1,1.0
BmBB,9,5,14,0.64
BmBD,2,2,4,0.5
BmBL,4,2,6,0.67
BmBM,7,8,15,0.47
BmBN,8,12,20,0.4
BmBP,7,10,17,0.41
BmBS,6,4,10,0.6
BmBb,12,12,24,0.5
BmBh,0,3,3,0.0
BmBj,1,3,4,0.25
BmBl,1,3,4,0.25
BmBm,12,12,24,0.5
BmBn,11,15,26,0.42
BmBs,6,7,13,0.46
BmBt,3,2,5,0.6
BmDB,1,4,5,0.2
BmDD,1,1,2,0.5
BmDH,3,2,5,0.6
BmDL,1,0,1,1.0
BmDM,6,5,11,0.55
BmDN,3,5,8,0.38
BmDP,1,1,2,0.5
BmDS,0,4,4,0.0
BmDb,3,4,7,0.43
BmDm,4,4,8,0.5
BmDn,2,1,3,0.67
BmDs,1,3,4,0.25
BmDt,1,1,2,0.5
BmHB,6,6,12,0.5
BmHD,1,1,2,0.5
BmHH,0,1,1,0.0
BmHI,2,0,2,1.0
BmHK,1,2,3,0.33
BmHL,1,2,3,0.33
BmHM,5,10,15,0.33
BmHN,7,11,18,0.39
BmHP,11,9,20,0.55
BmHS,8,2,10,0.8
BmHb,9,5,14,0.64
BmHh,1,3,4,0.25
BmHl,5,2,7,0.71
BmHm,15,6,21,0.71
BmHn,14,8,22,0.64
BmHs,10,8,18,0.56
BmIB,2,0,2,1.0
BmID,1,0,1,1.0
BmIL,0,0,0,
BmIM,1,5,6,0.17
BmIN,1,0,1,1.0
BmIP,2,2,4,0.5
BmIS,1,1,2,0.5
BmIb,1,1,2,0.5
BmIh,0,1,1,0.0
BmIl,0,1,1,0.0
BmIn,1,0,1,1.0
BmIs,1,2,3,0.33
BmJB,2,1,3,0.67
BmJH,2,0,2,1.0
BmJL,1,1,2,0.5
BmJM,1,2,3,0.33
BmJN,1,3,4,0.25
BmJP,2,4,6,0.33
BmJS,1,1,2,0.5
BmJb,2,3,5,0.4
BmJl,1,0,1,1.0
BmJm,3,2,5,0.6
BmJn,0,3,3,0.0
BmJs,4,2,6,0.67
BmKP,0,1,1,0.0
BmKh,0,1,1,0.0
BmLB,4,5,9,0.44
BmLD,0,1,1,0.0
BmLK,1,0,1,1.0
BmLL,1,3,4,0.25
BmLM,3,5,8,0.38
BmLN,3,3,6,0.5
BmLP,4,5,9,0.44
BmLS,2,1,3,0.67
BmLb,3,3,6,0.5
BmLh,0,2,2,0.0
BmLj,2,2,4,0.5
BmLl,2,1,3,0.67
BmLm,4,4,8,0.5
BmLn,2,11,13,0.15
BmLs,3,1,4,0.75
BmLt,0,0,0,
BmMB,8,9,17,0.47
BmMD,0,2,2,0.0
BmMH,0,1,1,0.0
BmMI,1,0,1,1.0
BmML,1,2,3,0.33
BmMM,5,4,9,0.56
BmMN,4,11,15,0.27
BmMP,8,15,23,0.35
BmMS,8,9,17,0.47
BmMb,13,11,24,0.54
BmMh,6,8,14,0.43
BmMj,1,1,2,0.5
BmMl,2,2,4,0.5
BmMm,15,12,27,0.56
BmMn,20,24,44,0.45
BmMs,13,10,23,0.57
BmMt,4,0,4,1.0
BmNB,10,10,20,0.5
BmND,3,2,5,0.6
BmNH,2,2,4,0.5
BmNI,1,0,1,1.0
BmNK,1,0,1,1.0
BmNL,2,1,3,0.67
BmNM,14,12,26,0.54
BmNN,18,25,43,0.42
BmNP,21,18,39,0.54
BmNS,15,16,31,0.48
BmNb,13,7,20,0.65
BmNh,6,0,6,1.0
BmNl,3,4,7,0.43
BmNm,13,13,26,0.5
BmNn,14,29,43,0.33
BmNs,10,6,16,0.62
BmNt,6,3,9,0.67
BmPB,13,12,25,0.52
BmPD,2,1,3,0.67
BmPH,5,6,11,0.45
BmPI,2,3,5,0.4
BmPK,2,3,5,0.4
BmPL,5,5,10,0.5
BmPM,8,17,25,0.32
BmPN,13,18,31,0.42
BmPP,22,13,35,0.63
BmPS,8,11,19,0.42
BmPb,10,9,19,0.53
BmPh,4,2,6,0.67
BmPl,4,5,9,0.44
BmPm,11,16,27,0.41
BmPn,17,21,38,0.45
BmPs,19,6,25,0.76
BmPt,1,1,2,0.5
BmSB,3,4,7,0.43
BmSD,2,0,2,1.0
BmSH,4,6,10,0.4
BmSI,1,0,1,1.0
BmSK,1,0,1,1.0
BmSL,4,0,4,1.0
BmSM,8,8,16,0.5
BmSN,10,8,18,0.56
BmSP,7,8,15,0.47
BmSS,8,13,21,0.38
BmSb,7,4,11,0.64
BmSh,3,5,8,0.38
BmSl,2,0,2,1.0
BmSm,10,3,13,0.77
BmSn,10,6,16,0.62
BmSs,9,9,18,0.5
BmSt,2,1,3,0.67
BmbB,6,13,19,0.32
BmbD,1,2,3,0.33
BmbH,1,3,4,0.25
BmbI,0,2,2,0.0
BmbJ,7,2,9,0.78
BmbK,2,3,5,0.4
BmbL,4,2,6,0.67
BmbM,7,15,22,0.32
BmbN,18,14,32,0.56
BmbP,13,14,27,0.48
BmbS,7,8,15,0.47
Bmbb,10,14,24,0.42
Bmbl,1,2,3,0.33
Bmbm,4,8,12,0.33
Bmbn,2,6,8,0.25
Bmbs,9,4,13,0.69
BmlB,3,1,4,0.75
BmlH,3,1,4,0.75
BmlI,0,1,1,0.0
BmlJ,1,1,2,0.5
BmlL,1,2,3,0.33
BmlM,4,8,12,0.33
BmlN,3,2,5,0.6
BmlP,2,1,3,0.67
BmlS,3,3,6,0.5
Bmlb,0,3,3,0.0
Bmll,2,0,2,1.0
Bmlm,3,0,3,1.0
Bmln,2,4,6,0.33
Bmls,0,2,2,0.0
BmmB,10,12,22,0.45
BmmD,4,1,5,0.8
BmmH,11,9,20,0.55
BmmI,0,2,2,0.0
BmmJ,2,2,4,0.5
BmmK,1,0,1,1.0
BmmL,2,2,4,0.5
BmmM,10,15,25,0.4
BmmN,18,19,37,0.49
BmmP,15,6,21,0.71
BmmS,8,6,14,0.57
Bmmb,8,8,16,0.5
Bmml,1,2,3,0.33
Bmmm,21,10,31,0.68
Bmmn,16,13,29,0.55
Bmms,6,5,11,0.55
BmnB,11,8,19,0.58
BmnD,2,1,3,0.67
BmnH,8,5,13,0.62
BmnI,5,1,6,0.83
BmnK,0,2,2,0.0
BmnL,5,4,9,0.56
BmnM,8,14,22,0.36
BmnN,10,14,24,0.42
BmnP,20,19,39,0.51
BmnS,12,10,22,0.55
Bmnb,9,12,21,0.43
Bmnl,1,4,5,0.2
Bmnm,17,8,25,0.68
Bmnn,10,11,21,0.48
Bmns,9,13,22,0.41
Bmnt,0,0,0,
BmsB,5,7,12,0.42
BmsD,1,2,3,0.33
BmsH,4,5,9,0.44
BmsI,0,0,0,
BmsL,1,0,1,1.0
BmsM,5,6,11,0.45
BmsN,9,7,16,0.56
BmsP,10,5,15,0.67
BmsS,5,11,16,0.31
Bmsb,7,7,14,0.5
Bmsl,1,1,2,0.5
Bmsm,5,13,18,0.28
Bmsn,6,7,13,0.46
Bmss,2,6,8,0.25
BnBB,9,16,25,0.36
BnBD,3,1,4,0.75
BnBK,1,2,3,0.33
BnBL,5,4,9,0.56
BnBM,9,6,15,0.6
BnBN,15,18,33,0.45
BnBP,11,12,23,0.48
BnBS,7,4,11,0.64
BnBb,9,13,22,0.41
BnBh,0,4,4,0.0
BnBj,0,3,3,0.0
BnBl,5,4,9,0.56
BnBm,11,8,19,0.58
BnBn,12,22,34,0.35
BnBs,5,6,11,0.45
BnBt,5,0,5,1.0
BnDB,3,0,3,1.0
BnDD,1,1,2,0.5
BnDH,0,3,3,0.0
BnDI,1,0,1,1.0
BnDM,3,4,7,0.43
BnDN,1,4,5,0.2
BnDP,4,3,7,0.57
BnDS,1,1,2,0.5
BnDb,6,3,9,0.67
BnDl,0,1,1,0.0
BnDm,4,3,7,0.57
BnDn,1,2,3,0.33
BnDs,1,2,3,0.33
BnHB,2,7,9,0.22
BnHD,0,2,2,0.0
BnHH,2,3,5,0.4
BnHI,2,1,3,0.67
BnHK,1,2,3,0.33
BnHL,2,3,5,0.4
BnHM,3,8,11,0.27
BnHN,11,9,20,0.55
BnHP,12,9,21,0.57
BnHS,4,3,7,0.57
BnHb,4,3,7,0.57
BnHh,2,3,5,0.4
BnHl,3,0,3,1.0
BnHm,7,2,9,0.78
BnHn,3,3,6,0.5
BnHs,7,6,13,0.54
BnIB,0,3,3,0.0
BnID,0,1,1,0.0
BnIH,0,2,2,0.0
BnII,0,1,1,0.0
BnIL,0,2,2,0.0
BnIM,4,4,8,0.5
BnIN,2,0,2,1.0
BnIP,3,3,6,0.5
BnIS,2,4,6,0.33
BnIb,0,3,3,0.0
BnIl,2,0,2,1.0
BnIm,5,2,7,0.71
BnIn,7,4,11,0.64
BnIs,2,2,4,0.5
BnIt,0,0,0,
BnKB,0,1,1,0.0
BnKM,2,2,4,0.5
BnKN,1,2,3,0.33
BnKP,1,1,2,0.5
BnKS,3,1,4,0.75
BnKb,1,0,1,1.0
BnKh,0,0,0,
BnKl,0,1,1,0.0
BnKm,1,3,4,0.25
BnKn,2,4,6,0.33
BnKs,3,3,6,0.5
BnLB,5,3,8,0.62
BnLD,1,0,1,1.0
BnLH,2,0,2,1.0
BnLK,0,0,0,
BnLL,1,2,3,0.33
BnLM,6,3,9,0.67
BnLN,5,5,10,0.5
BnLP,7,8,15,0.47
BnLS,8,1,9,0.89
BnLb,3,8,11,0.27
BnLh,1,1,2,0.5
BnLl,2,1,3,0.67
BnLm,3,4,7,0.43
BnLn,5,4,9,0.56
BnLs,1,3,4,0.25
BnMB,11,10,21,0.52
BnMD,4,2,6,0.67
BnML,4,1,5,0.8
BnMM,15,12,27,0.56
BnMN,15,15,30,0.5
BnMP,17,19,36,0.47
BnMS,10,7,17,0.59
BnMb,12,14,26,0.46
BnMh,10,7,17,0.59
BnMj,4,3,7,0.57
BnMl,2,0,2,1.0
BnMm,12,16,28,0.43
BnMn,21,18,39,0.54
BnMs,8,6,14,0.57
BnMt,3,3,6,0.5
BnNB,8,10,18,0.44
BnND,1,2,3,0.33
BnNH,2,5,7,0.29
BnNK,0,3,3,0.0
BnNL,4,4,8,0.5
BnNM,11,19,30,0.37
BnNN,27,21,48,0.56
BnNP,26,35,61,0.43
BnNS,10,21,31,0.32
BnNb,9,17,26,0.35
BnNh,6,7,13,0.46
BnNl,2,3,5,0.4
BnNm,26,20,46,0.57
BnNn,22,29,51,0.43
BnNs,18,13,31,0.58
BnNt,3,4,7,0.43
BnPB,16,20,36,0.44
BnPD,2,7,9,0.22
BnPH,4,7,11,0.36
BnPI,4,2,6,0.67
BnPK,3,4,7,0.43
BnPL,9,5,14,0.64
BnPM,16,21,37,0.43
BnPN,17,16,33,0.52
BnPP,37,29,66,0.56
BnPS,6,17,23,0.26
BnPb,13,10,23,0.57
BnPh,1,2,3,0.33
BnPl,8,5,13,0.62
BnPm,26,16,42,0.62
BnPn,21,15,36,0.58
BnPs,13,13,26,0.5
BnPt,2,2,4,0.5
BnSB,4,4,8,0.5
BnSD,2,1,3,0.67
BnSH,2,0,2,1.0
BnSI,2,1,3,0.67
BnSK,0,0,0,
BnSL,2,6,8,0.25
BnSM,9,7,16,0.56
BnSN,11,8,19,0.58
BnSP,14,12,26,0.54
BnSS,13,5,18,0.72
BnSb,8,2,10,0.8
BnSh,3,4,7,0.43
BnSl,5,4,9,0.56
BnSm,9,12,21,0.43
BnSn,10,12,22,0.45
BnSs,6,7,13,0.46
BnSt,2,3,5,0.4
BnbB,9,13,22,0.41
BnbD,2,1,3,0.67
BnbH,1,1,2,0.5
BnbI,1,2,3,0.33
BnbJ,1,5,6,0.17
BnbK,1,6,7,0.14
BnbL,4,2,6,0.67
BnbM,10,13,23,0.43
BnbN,11,17,28,0.39
BnbP,11,7,18,0.61
BnbS,9,11,20,0.45
Bnbb,7,7,14,0.5
Bnbl,3,1,4,0.75
Bnbm,13,10,23,0.57
Bnbn,20,15,35,0.57
Bnbs,4,6,10,0.4
BnhB,0,1,1,0.0
BnhM,1,0,1,1.0
BnhN,1,0,1,1.0
BnhS,3,0,3,1.0
Bnhh,3,1,4,0.75
Bnhl,0,2,2,0.0
Bnhm,1,3,4,0.25
Bnhn,1,2,3,0.33
BnlB,3,2,5,0.6
BnlD,1,1,2,0.5
BnlH,3,3,6,0.5
BnlI,0,1,1,0.0
BnlJ,3,2,5,0.6
BnlL,1,2,3,0.33
BnlM,3,5,8,0.38
BnlN,4,7,11,0.36
BnlP,5,4,9,0.56
BnlS,2,1,3,0.67
Bnlb,5,2,7,0.71
Bnll,0,1,1,0.0
Bnlm,2,6,8,0.25
Bnln,5,3,8,0.62
Bnls,1,8,9,0.11
BnmB,16,11,27,0.59
BnmD,1,9,10,0.1
BnmH,9,6,15,0.6
BnmI,3,0,3,1.0
BnmJ,2,2,4,0.5
BnmK,0,1,1,0.0
BnmL,5,5,10,0.5
BnmM,15,7,22,0.68
BnmN,19,23,42,0.45
BnmP,25,13,38,0.66
BnmS,8,13,21,0.38
Bnmb,6,14,20,0.3
Bnml,3,1,4,0.75
Bnmm,14,14,28,0.5
Bnmn,16,12,28,0.57
Bnms,11,11,22,0.5
BnnB,16,11,27,0.59
BnnD,1,5,6,0.17
BnnH,8,8,16,0.5
BnnI,3,3,6,0.5
BnnK,0,3,3,0.0
BnnL,6,5,11,0.55
BnnM,17,17,34,0.5
BnnN,23,25,48,0.48
BnnP,19,28,47,0.4
BnnS,19,11,30,0.63
Bnnb,13,9,22,0.59
Bnnh,1,0,1,1.0
Bnnl,7,7,14,0.5
Bnnm,22,8,30,0.73
Bnnn,13,19,32,0.41
Bnns,16,11,27,0.59
Bnnt,0,1,1,0.0
BnsB,8,1,9,0.89
BnsD,2,0,2,1.0
BnsH,9,7,16,0.56
BnsI,2,0,2,1.0
BnsK,1,0,1,1.0
BnsL,1,2,3,0.33
BnsM,7,12,19,0.37
BnsN,13,15,28,0.46
BnsP,13,8,21,0.62
BnsS,11,9,20,0.55
Bnsb,4,4,8,0.5
Bnsl,5,2,7,0.71
Bnsm,9,7,16,0.56
Bnsn,4,10,14,0.29
Bnss,10,9,19,0.53
BntB,0,1,1,0.0
BntH,0,0,0,
Bntn,0,1,1,0.0
BsBB,1,1,2,0.5
BsBD,1,1,2,0.5
BsBK,0,1,1,0.0
BsBL,2,1,3,0.67
BsBM,2,4,6,0.33
BsBN,3,3,6,0.5
BsBP,3,8,11,0.27
BsBS,3,4,7,0.43
BsBb,4,3,7,0.57
BsBh,0,1,1,0.0
BsBj,1,1,2,0.5
BsBl,1,3,4,0.25
BsBm,3,2,5,0.6
BsBn,9,8,17,0.53
BsBs,2,3,5,0.4
BsBt,0,0,0,
BsDB,0,1,1,0.0
BsDD,0,0,0,
BsDH,1,4,5,0.2
BsDM,2,0,2,1.0
BsDN,0,0,0,
BsDP,0,1,1,0.0
BsDS,0,3,3,0.0
BsDb,1,0,1,1.0
BsDh,0,1,1,0.0
BsDl,0,1,1,0.0
BsDm,1,0,1,1.0
BsDn,0,2,2,0.0
BsDs,4,0,4,1.0
BsDt,1,0,1,1.0
BsHB,3,3,6,0.5
BsHD,0,3,3,0.0
BsHH,1,2,3,0.33
BsHI,2,1,3,0.67
BsHL,0,3,3,0.0
BsHM,3,2,5,0.6
BsHN,3,5,8,0.38
BsHP,5,8,13,0.38
BsHS,7,3,10,0.7
BsHb,2,4,6,0.33
BsHh,3,4,7,0.43
BsHl,2,2,4,0.5
BsHm,4,3,7,0.57
BsHn,10,7,17,0.59
BsHs,7,2,9,0.78
BsIH,2,1,3,0.67
BsIM,0,1,1,0.0
BsIN,3,0,3,1.0
BsIP,0,2,2,0.0
BsIS,2,1,3,0.67
BsIb,0,1,1,0.0
BsIm,1,1,2,0.5
BsIn,1,1,2,0.5
BsIs,2,3,5,0.4
BsKM,1,0,1,1.0
BsKm,1,1,2,0.5
BsLB,1,0,1,1.0
BsLL,3,3,6,0.5
BsLM,0,1,1,0.0
BsLN,0,0,0,
BsLP,1,3,4,0.25
BsLS,1,1,2,0.5
BsLb,2,0,2,1.0
BsLh,1,1,2,0.5
BsLj,2,0,2,1.0
BsLl,0,0,0,
BsLm,3,1,4,0.75
BsLn,1,2,3,0.33
BsLs,2,1,3,0.67
BsMB,8,9,17,0.47
BsMD,1,0,1,1.0
BsML,0,2,2,0.0
BsMM,8,5,13,0.62
BsMN,7,7,14,0.5
BsMP,9,9,18,0.5
BsMS,3,1,4,0.75
BsMb,4,3,7,0.57
BsMh,2,6,8,0.25
BsMj,0,3,3,0.0
BsMl,2,0,2,1.0
BsMm,6,2,8,0.75
BsMn,6,5,11,0.55
BsMs,4,1,5,0.8
BsMt,1,1,2,0.5
BsNB,4,6,10,0.4
BsND,1,2,3,0.33
BsNH,1,3,4,0.25
BsNK,1,0,1,1.0
BsNL,0,2,2,0.0
BsNM,4,3,7,0.57
BsNN,3,4,7,0.43
BsNP,7,10,17,0.41
BsNS,3,11,14,0.21
BsNb,5,4,9,0.56
BsNh,3,4,7,0.43
BsNl,1,5,6,0.17
BsNm,4,3,7,0.57
BsNn,10,5,15,0.67
BsNs,2,5,7,0.29
BsNt,0,1,1,0.0
BsPB,5,9,14,0.36
BsPD,0,1,1,0.0
BsPH,3,1,4,0.75
BsPI,0,1,1,0.0
BsPK,0,0,0,
BsPL,3,2,5,0.6
BsPM,8,5,13,0.62
BsPN,3,5,8,0.38
BsPP,10,11,21,0.48
BsPS,3,3,6,0.5
BsPb,6,3,9,0.67
BsPh,0,3,3,0.0
BsPl,2,2,4,0.5
BsPm,11,7,18,0.61
BsPn,13,10,23,0.57
BsPs,7,4,11,0.64
BsPt,1,1,2,0.5
BsSB,5,2,7,0.71
BsSD,2,2,4,0.5
BsSH,0,2,2,0.0
BsSI,1,0,1,1.0
BsSL,2,3,5,0.4
BsSM,3,9,12,0.25
BsSN,5,11,16,0.31
BsSP,9,5,14,0.64
BsSS,8,7,15,0.53
BsSb,4,2,6,0.67
BsSh,6,4,10,0.6
BsSl,1,1,2,0.5
BsSm,3,6,9,0.33
BsSn,7,7,14,0.5
BsSs,4,5,9,0.44
BsSt,1,0,1,1.0
BsbB,5,3,8,0.62
BsbD,1,0,1,1.0
BsbH,2,2,4,0.5
BsbI,1,0,1,1.0
BsbJ,3,3,6,0.5
BsbK,0,0,0,
BsbL,3,5,8,0.38
BsbM,6,3,9,0.67
BsbN,3,6,9,0.33
BsbP,4,6,10,0.4
BsbS,3,2,5,0.6
Bsbb,7,2,9,0.78
Bsbl,1,1,2,0.5
Bsbm,3,1,4,0.75
Bsbn,5,5,10,0.5
Bsbs,3,1,4,0.75
BshB,1,0,1,1.0
BshN,0,2,2,0.0
BshS,1,0,1,1.0
Bshh,1,0,1,1.0
Bshm,1,1,2,0.5
Bshn,1,0,1,1.0
BslB,1,3,4,0.25
BslD,0,0,0,
BslH,1,2,3,0.33
BslI,1,0,1,1.0
BslL,0,1,1,0.0
BslM,1,2,3,0.33
BslN,0,3,3,0.0
BslP,2,2,4,0.5
BslS,3,4,7,0.43
Bslb,1,3,4,0.25
Bsll,1,1,2,0.5
Bslm,0,1,1,0.0
Bsln,3,2,5,0.6
BsmB,6,3,9,0.67
BsmD,1,0,1,1.0
BsmH,4,3,7,0.57
BsmI,1,2,3,0.33
BsmJ,0,1,1,0.0
BsmL,1,2,3,0.33
BsmM,3,1,4,0.75
BsmN,4,3,7,0.57
BsmP,6,7,13,0.46
BsmS,3,4,7,0.43
Bsmb,0,4,4,0.0
Bsml,2,1,3,0.67
Bsmm,6,6,12,0.5
Bsmn,3,4,7,0.43
Bsms,5,2,7,0.71
BsnB,4,7,11,0.36
BsnD,1,2,3,0.33
BsnH,2,4,6,0.33
BsnL,1,2,3,0.33
BsnM,5,6,11,0.45
BsnN,8,13,21,0.38
BsnP,4,10,14,0.29
BsnS,2,3,5,0.4
Bsnb,5,3,8,0.62
Bsnh,1,0,1,1.0
Bsnl,2,2,4,0.5
Bsnm,3,5,8,0.38
Bsnn,7,6,13,0.54
Bsns,4,4,8,0.5
Bsnt,1,0,1,1.0
BssB,3,4,7,0.43
BssD,1,1,2,0.5
BssH,1,3,4,0.25
BssI,2,1,3,0.67
BssL,2,1,3,0.67
BssM,4,6,10,0.4
BssN,3,2,5,0.6
BssP,9,7,16,0.56
BssS,6,3,9,0.67
Bssb,0,5,5,0.0
Bssh,0,1,1,0.0
Bssl,0,2,2,0.0
Bssm,5,5,10,0.5
Bssn,4,8,12,0.33
Bsss,4,5,9,0.44
BtBB,4,2,6,0.67
BtBM,3,0,3,1.0
BtBN,1,2,3,0.33
BtBP,2,1,3,0.67
BtBb,2,2,4,0.5
BtBl,3,1,4,0.75
BtBm,0,3,3,0.0
BtBn,4,0,4,1.0
BtBs,1,1,2,0.5
BtBt,1,0,1,1.0
BtDB,0,1,1,0.0
BtDL,1,0,1,1.0
BtDP,1,1,2,0.5
BtDb,1,0,1,1.0
BtHB,1,2,3,0.33
BtHH,1,0,1,1.0
BtHN,1,2,3,0.33
BtHP,2,1,3,0.67
BtHS,0,0,0,
BtHh,1,1,2,0.5
BtHm,0,2,2,0.0
BtHn,0,1,1,0.0
BtHs,1,0,1,1.0
BtIb,0,1,1,0.0
BtKL,0,2,2,0.0
BtKM,0,1,1,0.0
BtKP,1,0,1,1.0
BtKS,0,1,1,0.0
BtKh,1,0,1,1.0
BtLB,1,0,1,1.0
BtLM,0,3,3,0.0
BtLN,0,1,1,0.0
BtLP,1,0,1,1.0
BtLb,0,1,1,0.0
BtLh,1,0,1,1.0
BtLm,1,0,1,1.0
BtLn,1,1,2,0.5
BtLs,0,0,0,
BtMB,1,2,3,0.33
BtMH,0,1,1,0.0
BtMM,4,2,6,0.67
BtMN,0,1,1,0.0
BtMP,2,0,2,1.0
BtMS,1,1,2,0.5
BtMb,1,1,2,0.5
BtMh,3,1,4,0.75
BtMj,0,1,1,0.0
BtMl,1,0,1,1.0
BtMm,3,1,4,0.75
BtMn,1,2,3,0.33
BtMs,1,0,1,1.0
BtMt,0,0,0,
BtNB,1,5,6,0.17
BtNK,0,1,1,0.0
BtNM,1,5,6,0.17
BtNN,2,5,7,0.29
BtNP,0,6,6,0.0
BtNS,0,5,5,0.0
BtNh,1,0,1,1.0
BtNl,0,1,1,0.0
BtNm,1,4,5,0.2
BtNn,3,2,5,0.6
BtNs,0,2,2,0.0
BtPB,0,3,3,0.0
BtPH,1,0,1,1.0
BtPI,0,1,1,0.0
BtPL,1,1,2,0.5
BtPM,1,5,6,0.17
BtPN,3,4,7,0.43
BtPP,11,3,14,0.79
BtPS,2,0,2,1.0
BtPb,2,2,4,0.5
BtPh,1,1,2,0.5
BtPl,3,0,3,1.0
BtPm,1,4,5,0.2
BtPn,2,0,2,1.0
BtPs,2,0,2,1.0
BtSH,0,0,0,
BtSL,0,2,2,0.0
BtSM,3,2,5,0.6
BtSN,0,3,3,0.0
BtSS,1,2,3,0.33
BtSb,2,2,4,0.5
BtSl,0,0,0,
BtSm,0,3,3,0.0
BtSn,1,0,1,1.0
BtSs,1,2,3,0.33
BtSt,0,1,1,0.0
BtbB,3,1,4,0.75
BtbI,1,0,1,1.0
BtbJ,1,0,1,1.0
BtbM,3,2,5,0.6
BtbN,2,1,3,0.67
BtbP,1,1,2,0.5
BtbS,1,0,1,1.0
Btbb,1,1,2,0.5
Btbl,2,0,2,1.0
Btbm,1,5,6,0.17
Btbn,0,2,2,0.0
Btbs,2,1,3,0.67
BtlB,0,1,1,0.0
BtlH,1,0,1,1.0
BtlI,1,0,1,1.0
BtlJ,0,0,0,
BtlL,1,0,1,1.0
BtlN,1,0,1,1.0
BtlP,1,1,2,0.5
BtlS,1,0,1,1.0
Btlm,1,1,2,0.5
Btln,1,0,1,1.0
Btls,0,1,1,0.0
BtmB,1,0,1,1.0
BtmD,0,0,0,
BtmH,3,3,6,0.5
BtmK,0,1,1,0.0
BtmL,1,3,4,0.25
BtmM,2,3,5,0.4
BtmN,3,1,4,0.75
BtmP,0,1,1,0.0
BtmS,0,2,2,0.0
Btmb,2,1,3,0.67
Btml,0,1,1,0.0
Btmm,4,2,6,0.67
Btmn,1,1,2,0.5
Btms,3,0,3,1.0
BtnB,0,1,1,0.0
BtnD,0,2,2,0.0
BtnH,1,0,1,1.0
BtnL,0,1,1,0.0
BtnM,2,2,4,0.5
BtnN,2,1,3,0.67
BtnP,0,3,3,0.0
BtnS,1,1,2,0.5
Btnl,0,0,0,
Btnm,2,4,6,0.33
Btnn,2,2,4,0.5
Btns,1,1,2,0.5
BtsH,0,2,2,0.0
BtsI,1,1,2,0.5
BtsM,2,2,4,0.5
BtsN,0,0,0,
BtsP,2,0,2,1.0
BtsS,1,1,2,0.5
Btsb,1,0,1,1.0
Btsm,1,0,1,1.0
Btsn,1,0,1,1.0
Btss,1,1,2,0.5
BttB,0,0,0,
BttD,0,0,0,
BttN,1,0,1,1.0
BttP,0,0,0,
BttS,2,0,2,1.0
Bttl,0,1,1,0.0
Bttm,0,1,1,0.0
Bttt,1,0,1,1.0
DBBB,1,3,4,0.25
DBBD,0,1,1,0.0
DBBK,1,0,1,1.0
DBBM,0,4,4,0.0
DBBN,3,2,5,0.6
DBBP,4,0,4,1.0
DBBS,0,2,2,0.0
DBBb,4,2,6,0.67
DBBj,0,1,1,0.0
DBBl,1,0,1,1.0
DBBm,1,1,2,0.5
DBBn,1,4,5,0.2
DBBs,0,1,1,0.0
DBBt,1,1,2,0.5
DBDD,2,0,2,1.0
DBDH,1,0,1,1.0
DBDI,1,0,1,1.0
DBDM,1,1,2,0.5
DBDP,1,1,2,0.5
DBDS,3,0,3,1.0
DBDb,0,1,1,0.0
DBDm,3,1,4,0.75
DBDs,0,2,2,0.0
DBHt,1,0,1,1.0
DBKB,0,1,1,0.0
DBKM,1,1,2,0.5
DBKN,0,0,0,
DBKP,1,0,1,1.0
DBKb,0,1,1,0.0
DBKl,0,1,1,0.0
DBKm,1,1,2,0.5
DBLB,2,1,3,0.67
DBLM,1,1,2,0.5
DBLN,0,1,1,0.0
DBLP,1,1,2,0.5
DBLb,5,1,6,0.83
DBLm,1,1,2,0.5
DBMB,2,1,3,0.67
DBML,2,1,3,0.67
DBMM,2,4,6,0.33
DBMN,2,0,2,1.0
DBMP,4,2,6,0.67
DBMS,0,2,2,0.0
DBMb,1,2,3,0.33
DBMh,1,1,2,0.5
DBMl,1,0,1,1.0
DBMm,2,1,3,0.67
DBMn,4,2,6,0.67
DBMs,1,1,2,0.5
DBNB,2,1,3,0.67
DBND,0,0,0,
DBNH,0,0,0,
DBNI,1,0,1,1.0
DBNL,0,0,0,
DBNM,1,1,2,0.5
DBNN,3,2,5,0.6
DBNP,2,1,3,0.67
DBNS,2,0,2,1.0
DBNb,0,2,2,0.0
DBNh,1,1,2,0.5
DBNl,0,1,1,0.0
DBNm,4,1,5,0.8
DBNn,1,2,3,0.33
DBNs,2,1,3,0.67
DBNt,0,2,2,0.0
DBPB,2,3,5,0.4
DBPH,1,1,2,0.5
DBPL,1,1,2,0.5
DBPM,1,2,3,0.33
DBPN,5,1,6,0.83
DBPP,3,2,5,0.6
DBPS,1,0,1,1.0
DBPb,4,0,4,1.0
DBPh,1,0,1,1.0
DBPl,0,2,2,0.0
DBPm,0,5,5,0.0
DBPn,1,4,5,0.2
DBPs,1,2,3,0.33
DBSB,3,0,3,1.0
DBSH,0,0,0,
DBSM,2,1,3,0.67
DBSN,3,0,3,1.0
DBSP,4,1,5,0.8
DBSS,0,2,2,0.0
DBSb,1,0,1,1.0
DBSm,0,4,4,0.0
DBSn,1,2,3,0.33
DBSs,2,4,6,0.33
DBbB,2,4,6,0.33
DBbD,0,1,1,0.0
DBbH,0,2,2,0.0
DBbJ,0,1,1,0.0
DBbK,0,1,1,0.0
DBbL,0,1,1,0.0
DBbM,0,1,1,0.0
DBbN,3,4,7,0.43
DBbP,4,2,6,0.67
DBbS,2,1,3,0.67
DBbb,3,0,3,1.0
DBbl,0,1,1,0.0
DBbm,1,1,2,0.5
DBbn,0,1,1,0.0
DBbs,2,1,3,0.67
DBhB,1,0,1,1.0
DBhl,0,1,1,0.0
DBhm,1,1,2,0.5
DBjB,1,1,2,0.5
DBjL,0,2,2,0.0
DBjM,0,2,2,0.0
DBjN,0,1,1,0.0
DBjP,1,0,1,1.0
DBjm,1,0,1,1.0
DBjs,1,0,1,1.0
DBlB,0,1,1,0.0
DBlD,0,0,0,
DBlK,0,1,1,0.0
DBlL,1,1,2,0.5
DBlM,2,1,3,0.67
DBlN,0,1,1,0.0
DBlP,1,0,1,1.0
DBlb,0,0,0,
DBlm,1,1,2,0.5
DBmB,3,1,4,0.75
DBmD,0,1,1,0.0
DBmH,2,0,2,1.0
DBmL,2,1,3,0.67
DBmM,3,7,10,0.3
DBmN,1,3,4,0.25
DBmP,3,5,8,0.38
DBmS,0,2,2,0.0
DBmb,1,2,3,0.33
DBml,0,0,0,
DBmm,3,3,6,0.5
DBmn,3,2,5,0.6
DBms,2,1,3,0.67
DBnB,1,1,2,0.5
DBnD,1,0,1,1.0
DBnH,0,5,5,0.0
DBnI,1,0,1,1.0
DBnK,0,1,1,0.0
DBnL,2,0,2,1.0
DBnM,4,1,5,0.8
DBnN,4,4,8,0.5
DBnP,2,2,4,0.5
DBnS,2,0,2,1.0
DBnb,1,1,2,0.5
DBnh,0,1,1,0.0
DBnl,1,2,3,0.33
DBnm,2,0,2,1.0
DBnn,3,0,3,1.0
DBns,3,1,4,0.75
DBsB,2,1,3,0.67
DBsD,0,2,2,0.0
DBsH,0,2,2,0.0
DBsI,0,0,0,
DBsM,2,5,7,0.29
DBsN,0,0,0,
DBsP,0,1,1,0.0
DBsS,1,2,3,0.33
DBsb,1,1,2,0.5
DBsh,0,0,0,
DBsm,1,0,1,1.0
DBsn,4,0,4,1.0
DBss,3,0,3,1.0
DBtH,0,1,1,0.0
DBtP,1,0,1,1.0
DBtb,0,1,1,0.0
DBtm,1,1,2,0.5
DDBB,1,0,1,1.0
DDBD,0,2,2,0.0
DDBL,0,1,1,0.0
DDBM,2,2,4,0.5
DDBN,1,0,1,1.0
DDBS,0,1,1,0.0
DDBb,1,1,2,0.5
DDBh,0,1,1,0.0
DDBl,1,0,1,1.0
DDBm,0,1,1,0.0
DDBn,0,2,2,0.0
DDBs,1,0,1,1.0
DDDB,3,4,7,0.43
DDDD,26,5,31,0.84
DDDH,1,1,2,0.5
DDDK,0,0,0,
DDDM,0,0,0,
DDDN,1,0,1,1.0
DDDP,1,1,2,0.5
DDDS,0,1,1,0.0
DDDb,1,1,2,0.5
DDDm,1,1,2,0.5
DDDs,0,1,1,0.0
DDHB,1,0,1,1.0
DDHD,0,1,1,0.0
DDHI,0,0,0,
DDHM,1,0,1,1.0
DDHN,0,2,2,0.0
DDHP,1,1,2,0.5
DDHS,2,1,3,0.67
DDHb,0,3,3,0.0
DDHh,2,1,3,0.67
DDHl,1,0,1,1.0
DDHm,2,0,2,1.0
DDHn,0,1,1,0.0
DDHs,0,1,1,0.0
DDIB,0,0,0,
DDIL,0,1,1,0.0
DDKD,1,0,1,1.0
DDLB,1,0,1,1.0
DDLM,1,2,3,0.33
DDLS,0,0,0,
DDLm,1,0,1,1.0
DDLn,1,0,1,1.0
DDMB,2,1,3,0.67
DDMD,3,0,3,1.0
DDMM,2,3,5,0.4
DDMN,2,0,2,1.0
DDMP,1,0,1,1.0
DDMS,0,0,0,
DDMb,1,1,2,0.5
DDMh,2,2,4,0.5
DDMm,1,2,3,0.33
DDMn,3,2,5,0.6
DDMs,0,2,2,0.0
DDNB,1,0,1,1.0
DDND,3,0,3,1.0
DDNM,3,1,4,0.75
DDNN,1,0,1,1.0
DDNP,1,5,6,0.17
DDNS,2,0,2,1.0
DDNb,1,1,2,0.5
DDNh,0,1,1,0.0
DDNl,0,1,1,0.0
DDNm,0,1,1,0.0
DDNs,2,0,2,1.0
DDNt,0,0,0,
DDPB,1,1,2,0.5
DDPD,0,3,3,0.0
DDPH,1,1,2,0.5
DDPL,2,1,3,0.67
DDPM,1,3,4,0.25
DDPN,2,1,3,0.67
DDPP,0,3,3,0.0
DDPS,0,2,2,0.0
DDPb,2,1,3,0.67
DDPm,6,3,9,0.67
DDPn,1,0,1,1.0
DDPs,1,1,2,0.5
DDSB,1,0,1,1.0
DDSD,0,0,0,
DDSK,1,0,1,1.0
DDSM,1,2,3,0.33
DDSN,0,1,1,0.0
DDSP,1,1,2,0.5
DDSS,1,6,7,0.14
DDSh,1,2,3,0.33
DDSl,1,1,2,0.5
DDSm,0,0,0,
DDSn,1,0,1,1.0
DDSs,0,1,1,0.0
DDbH,1,1,2,0.5
DDbJ,1,0,1,1.0
DDbK,1,0,1,1.0
DDbM,2,0,2,1.0
DDbN,0,0,0,
DDbP,2,1,3,0.67
DDbS,0,1,1,0.0
DDbb,1,0,1,1.0
DDbm,2,1,3,0.67
DDbn,0,0,0,
DDbs,1,0,1,1.0
DDhl,0,1,1,0.0
DDhm,0,0,0,
DDlB,1,0,1,1.0
DDlD,0,0,0,
DDlJ,0,0,0,
DDlM,0,0,0,
DDlP,1,0,1,1.0
DDlm,1,1,2,0.5
DDln,1,0,1,1.0
DDmB,3,2,5,0.6
DDmD,3,3,6,0.5
DDmH,0,3,3,0.0
DDmJ,0,0,0,
DDmK,0,0,0,
DDmL,2,0,2,1.0
DDmM,2,2,4,0.5
DDmN,1,1,2,0.5
DDmP,1,2,3,0.33
DDmS,0,0,0,
DDmb,3,2,5,0.6
DDmh,0,1,1,0.0
DDmm,3,4,7,0.43
DDmn,2,2,4,0.5
DDms,0,1,1,0.0
DDnB,1,1,2,0.5
DDnK,1,0,1,1.0
DDnM,1,1,2,0.5
DDnN,3,0,3,1.0
DDnP,1,1,2,0.5
DDnS,1,0,1,1.0
DDnm,4,1,5,0.8
DDnn,1,0,1,1.0
DDns,0,1,1,0.0
DDsB,1,0,1,1.0
DDsD,1,0,1,1.0
DDsH,0,2,2,0.0
DDsM,0,2,2,0.0
DDsN,0,0,0,
DDsP,1,0,1,1.0
DDsS,1,1,2,0.5
DDsb,0,2,2,0.0
DDsl,1,0,1,1.0
DDsm,2,1,3,0.67
DDsn,0,1,1,0.0
DDss,0,0,0,
DDtD,0,1,1,0.0
DDtn,1,0,1,1.0
DHBB,4,0,4,1.0
DHBD,1,0,1,1.0
DHBK,0,1,1,0.0
DHBL,1,0,1,1.0
DHBM,2,1,3,0.67
DHBP,0,0,0,
DHBS,1,1,2,0.5
DHBb,1,2,3,0.33
DHBh,1,0,1,1.0
DHBl,1,0,1,1.0
DHBm,0,1,1,0.0
DHBn,1,0,1,1.0
DHBs,1,0,1,1.0
DHDB,0,1,1,0.0
DHDH,0,1,1,0.0
DHDM,1,1,2,0.5
DHDN,0,1,1,0.0
DHDP,1,0,1,1.0
DHDS,0,0,0,
DHDb,2,0,2,1.0
DHDl,1,0,1,1.0
DHDm,0,0,0,
DHDn,0,1,1,0.0
DHDs,2,0,2,1.0
DHDt,0,1,1,0.0
DHHB,0,0,0,
DHHI,1,0,1,1.0
DHHM,0,1,1,0.0
DHHN,1,2,3,0.33
DHHP,1,0,1,1.0
DHHS,0,2,2,0.0
DHHb,1,0,1,1.0
DHHh,1,0,1,1.0
DHHm,0,0,0,
DHHn,1,0,1,1.0
DHHs,1,1,2,0.5
DHII,0,0,0,
DHIN,1,0,1,1.0
DHIP,0,1,1,0.0
DHIb,0,0,0,
DHIm,1,0,1,1.0
DHIn,0,2,2,0.0
DHIs,0,1,1,0.0
DHKm,0,1,1,0.0
DHKs,0,1,1,0.0
DHLB,1,1,2,0.5
DHLL,0,0,0,
DHLM,1,0,1,1.0
DHLN,1,0,1,1.0
DHLb,1,2,3,0.33
DHLh,0,1,1,0.0
DHLm,1,1,2,0.5
DHLs,0,1,1,0.0
DHMB,1,1,2,0.5
DHMD,0,1,1,0.0
DHML,4,0,4,1.0
DHMM,1,1,2,0.5
DHMN,1,0,1,1.0
DHMP,1,2,3,0.33
DHMS,2,3,5,0.4
DHMb,3,2,5,0.6
DHMh,1,1,2,0.5
DHMj,0,1,1,0.0
DHMl,0,0,0,
DHMm,5,1,6,0.83
DHMn,4,3,7,0.57
DHMs,2,2,4,0.5
DHMt,0,1,1,0.0
DHNB,1,1,2,0.5
DHND,0,1,1,0.0
DHNI,0,1,1,0.0
DHNL,0,1,1,0.0
DHNM,0,1,1,0.0
DHNN,1,2,3,0.33
DHNP,2,0,2,1.0
DHNS,3,2,5,0.6
DHNb,0,1,1,0.0
DHNl,0,2,2,0.0
DHNm,3,2,5,0.6
DHNn,1,3,4,0.25
DHNs,3,2,5,0.6
DHPB,1,3,4,0.25
DHPH,0,1,1,0.0
DHPI,0,0,0,
DHPK,0,0,0,
DHPL,1,1,2,0.5
DHPM,4,5,9,0.44
DHPN,3,6,9,0.33
DHPP,3,3,6,0.5
DHPS,4,2,6,0.67
DHPb,2,1,3,0.67
DHPl,0,1,1,0.0
DHPm,2,2,4,0.5
DHPn,2,0,2,1.0
DHPs,0,1,1,0.0
DHSB,2,1,3,0.67
DHSH,2,0,2,1.0
DHSL,0,0,0,
DHSM,3,4,7,0.43
DHSN,1,1,2,0.5
DHSP,1,2,3,0.33
DHSS,3,5,8,0.38
DHSb,2,1,3,0.67
DHSh,3,0,3,1.0
DHSm,3,2,5,0.6
DHSn,2,1,3,0.67
DHSs,4,1,5,0.8
DHSt,1,0,1,1.0
DHbB,2,0,2,1.0
DHbD,1,0,1,1.0
DHbL,2,0,2,1.0
DHbM,2,2,4,0.5
DHbN,1,2,3,0.33
DHbP,0,1,1,0.0
DHbS,1,1,2,0.5
DHbb,1,2,3,0.33
DHbl,0,2,2,0.0
DHbm,2,3,5,0.4
DHbn,0,0,0,
DHbs,1,0,1,1.0
DHhB,1,1,2,0.5
DHhH,0,1,1,0.0
DHhK,1,0,1,1.0
DHhL,0,1,1,0.0
DHhM,4,3,7,0.57
DHhN,1,2,3,0.33
DHhP,1,1,2,0.5
DHhS,2,0,2,1.0
DHhb,2,2,4,0.5
DHhh,1,1,2,0.5
DHhm,2,1,3,0.67
DHhn,2,0,2,1.0
DHhs,0,1,1,0.0
DHlB,1,1,2,0.5
DHlH,2,0,2,1.0
DHlL,1,0,1,1.0
DHlM,0,2,2,0.0
DHlN,0,1,1,0.0
DHlP,1,0,1,1.0
DHlS,1,0,1,1.0
DHlb,0,1,1,0.0
DHlm,0,0,0,
DHln,1,1,2,0.5
DHls,0,1,1,0.0
DHmB,5,3,8,0.62
DHmD,0,1,1,0.0
DHmH,4,5,9,0.44
DHmJ,0,2,2,0.0
DHmL,1,0,1,1.0
DHmM,7,2,9,0.78
DHmN,5,1,6,0.83
DHmP,2,4,6,0.33
DHmS,6,0,6,1.0
DHmb,0,2,2,0.0
DHml,1,0,1,1.0
DHmm,3,1,4,0.75
DHmn,4,1,5,0.8
DHms,1,2,3,0.33
DHnB,1,1,2,0.5
DHnD,0,2,2,0.0
DHnH,1,0,1,1.0
DHnM,3,2,5,0.6
DHnN,2,2,4,0.5
DHnP,2,2,4,0.5
DHnS,0,1,1,0.0
DHnb,2,1,3,0.67
DHnl,0,0,0,
DHnm,4,1,5,0.8
DHnn,3,2,5,0.6
DHns,2,2,4,0.5
DHsB,4,0,4,1.0
DHsH,2,1,3,0.67
DHsI,1,0,1,1.0
DHsL,2,0,2,1.0
DHsM,0,2,2,0.0
DHsN,1,1,2,0.5
DHsP,1,2,3,0.33
DHsS,0,3,3,0.0
DHsb,0,1,1,0.0
DHsm,2,2,4,0.5
DHsn,1,0,1,1.0
DHss,1,3,4,0.25
DHtM,0,1,1,0.0
DHtN,0,1,1,0.0
DHtm,0,1,1,0.0
DHts,0,0,0,
DIBB,0,1,1,0.0
DIBK,0,0,0,
DIBM,0,0,0,
DIBN,1,0,1,1.0
DIBm,0,0,0,
DIBn,1,0,1,1.0
DIBs,0,0,0,
DIDB,0,0,0,
DIDS,0,0,0,
DIDb,1,0,1,1.0
DIDm,1,0,1,1.0
DIHM,1,1,2,0.5
DIHP,1,1,2,0.5
DIHm,0,1,1,0.0
DIIP,0,0,0,
DILB,0,1,1,0.0
DILD,0,1,1,0.0
DILb,0,1,1,0.0
DIMB,0,1,1,0.0
DIMI,0,1,1,0.0
DIMM,0,0,0,
DIMN,1,0,1,1.0
DIMS,0,1,1,0.0
DIMm,0,0,0,
DINB,0,1,1,0.0
DINN,0,0,0,
DINP,0,1,1,0.0
DINS,0,0,0,
DIPB,0,1,1,0.0
DIPD,0,0,0,
DIPK,0,0,0,
DIPP,0,1,1,0.0
DIPm,1,0,1,1.0
DISB,1,0,1,1.0
DISN,0,0,0,
DISn,2,1,3,0.67
DIbK,0,1,1,0.0
DIbP,1,0,1,1.0
DIbs,0,0,0,
DIhN,0,0,0,
DIlN,1,1,2,0.5
DIlP,1,0,1,1.0
DImM,1,0,1,1.0
DImN,1,0,1,1.0
DImP,0,0,0,
DImb,1,1,2,0.5
DImm,0,0,0,
DImn,1,0,1,1.0
DInH,0,0,0,
DInM,0,1,1,0.0
DInP,0,1,1,0.0
DInS,0,1,1,0.0
DInm,1,0,1,1.0
DIsH,1,0,1,1.0
DIsI,0,0,0,
DIsM,0,1,1,0.0
DIsb,1,0,1,1.0
DIsm,0,0,0,
DIss,0,0,0,
DItD,0,1,1,0.0
DKBP,0,1,1,0.0
DKDM,0,1,1,0.0
DKDS,0,1,1,0.0
DKNl,0,1,1,0.0
DKPM,0,1,1,0.0
DKbH,0,1,1,0.0
DKbJ,1,0,1,1.0
DKlJ,1,0,1,1.0
DKmS,0,1,1,0.0
DLBB,1,1,2,0.5
DLBH,1,0,1,1.0
DLBM,1,2,3,0.33
DLBP,1,0,1,1.0
DLBb,0,1,1,0.0
DLBl,1,0,1,1.0
DLBm,1,1,2,0.5
DLBn,4,2,6,0.67
DLBs,0,1,1,0.0
DLDD,1,0,1,1.0
DLDH,0,1,1,0.0
DLDM,1,0,1,1.0
DLDS,0,0,0,
DLDl,0,0,0,
DLDn,0,0,0,
DLHN,0,1,1,0.0
DLKM,0,1,1,0.0
DLKm,1,0,1,1.0
DLLB,1,0,1,1.0
DLLL,1,0,1,1.0
DLLM,0,1,1,0.0
DLLN,0,1,1,0.0
DLLP,1,1,2,0.5
DLLb,2,1,3,0.67
DLLh,1,1,2,0.5
DLLn,0,1,1,0.0
DLMB,2,2,4,0.5
DLMD,1,0,1,1.0
DLMM,0,1,1,0.0
DLMN,1,0,1,1.0
DLMP,1,1,2,0.5
DLMS,0,1,1,0.0
DLMb,1,0,1,1.0
DLMl,0,0,0,
DLMm,4,2,6,0.67
DLMn,4,0,4,1.0
DLMs,2,0,2,1.0
DLMt,1,1,2,0.5
DLNB,2,0,2,1.0
DLNK,0,1,1,0.0
DLNL,0,1,1,0.0
DLNN,1,2,3,0.33
DLNP,1,0,1,1.0
DLNS,0,0,0,
DLNb,2,0,2,1.0
DLNn,1,1,2,0.5
DLNs,0,1,1,0.0
DLPB,0,1,1,0.0
DLPD,0,1,1,0.0
DLPH,0,0,0,
DLPK,0,1,1,0.0
DLPM,1,2,3,0.33
DLPN,1,0,1,1.0
DLPP,2,1,3,0.67
DLPb,1,0,1,1.0
DLPm,1,2,3,0.33
DLPn,0,2,2,0.0
DLPs,0,0,0,
DLSB,1,0,1,1.0
DLSH,0,0,0,
DLSM,2,1,3,0.67
DLSN,0,1,1,0.0
DLSP,2,3,5,0.4
DLSS,1,3,4,0.25
DLSb,1,0,1,1.0
DLSh,0,1,1,0.0
DLSl,1,0,1,1.0
DLSm,0,1,1,0.0
DLSn,1,0,1,1.0
DLbB,0,1,1,0.0
DLbD,1,0,1,1.0
DLbL,0,1,1,0.0
DLbM,1,2,3,0.33
DLbN,0,1,1,0.0
DLbP,0,0,0,
DLbS,0,0,0,
DLbm,2,1,3,0.67
DLbn,0,1,1,0.0
DLhB,0,1,1,0.0
DLhM,1,0,1,1.0
DLhl,0,1,1,0.0
DLjB,0,1,1,0.0
DLjH,1,0,1,1.0
DLjK,0,1,1,0.0
DLjP,1,0,1,1.0
DLlJ,0,0,0,
DLlL,0,1,1,0.0
DLlM,0,1,1,0.0
DLlm,0,1,1,0.0
DLmB,1,1,2,0.5
DLmD,2,0,2,1.0
DLmH,1,0,1,1.0
DLmJ,0,1,1,0.0
DLmL,0,0,0,
DLmM,2,0,2,1.0
DLmN,1,1,2,0.5
DLmP,0,1,1,0.0
DLmb,3,0,3,1.0
DLmm,1,1,2,0.5
DLmn,1,0,1,1.0
DLms,0,1,1,0.0
DLnK,0,1,1,0.0
DLnM,1,1,2,0.5
DLnN,0,1,1,0.0
DLnP,1,2,3,0.33
DLnS,1,0,1,1.0
DLnm,2,0,2,1.0
DLnn,1,1,2,0.5
DLns,3,0,3,1.0
DLsB,1,0,1,1.0
DLsH,0,1,1,0.0
DLsN,0,1,1,0.0
DLsP,2,1,3,0.67
DLsS,1,1,2,0.5
DLsl,1,0,1,1.0
DLsn,1,1,2,0.5
DLss,0,1,1,0.0
DLtB,0,1,1,0.0
DMBB,5,1,6,0.83
DMBD,1,1,2,0.5
DMBL,1,1,2,0.5
DMBM,2,3,5,0.4
DMBN,5,4,9,0.56
DMBP,5,4,9,0.56
DMBS,3,0,3,1.0
DMBb,0,1,1,0.0
DMBj,1,1,2,0.5
DMBl,1,0,1,1.0
DMBm,1,3,4,0.25
DMBn,8,4,12,0.67
DMDB,1,2,3,0.33
DMDD,1,1,2,0.5
DMDH,0,0,0,
DMDL,1,1,2,0.5
DMDM,0,0,0,
DMDN,2,2,4,0.5
DMDP,2,1,3,0.67
DMDS,0,3,3,0.0
DMDb,1,1,2,0.5
DMDm,1,5,6,0.17
DMDn,1,2,3,0.33
DMDs,2,0,2,1.0
DMHm,1,0,1,1.0
DMHn,1,0,1,1.0
DMLB,0,1,1,0.0
DMLD,0,1,1,0.0
DMLM,2,0,2,1.0
DMLP,2,1,3,0.67
DMLb,1,0,1,1.0
DMLj,2,0,2,1.0
DMLl,1,0,1,1.0
DMLn,0,1,1,0.0
DMLs,1,0,1,1.0
DMMB,5,3,8,0.62
DMMD,0,3,3,0.0
DMMM,2,4,6,0.33
DMMN,0,1,1,0.0
DMMP,2,3,5,0.4
DMMS,3,3,6,0.5
DMMb,5,1,6,0.83
DMMh,7,3,10,0.7
DMMl,2,1,3,0.67
DMMm,10,3,13,0.77
DMMn,2,2,4,0.5
DMMs,1,0,1,1.0
DMMt,1,1,2,0.5
DMNB,1,3,4,0.25
DMNH,0,1,1,0.0
DMNK,0,1,1,0.0
DMNL,2,2,4,0.5
DMNM,0,1,1,0.0
DMNN,2,2,4,0.5
DMNP,1,1,2,0.5
DMNS,2,0,2,1.0
DMNb,5,0,5,1.0
DMNh,3,2,5,0.6
DMNl,0,1,1,0.0
DMNm,4,3,7,0.57
DMNn,4,4,8,0.5
DMNs,2,2,4,0.5
DMPB,1,0,1,1.0
DMPD,1,1,2,0.5
DMPI,0,1,1,0.0
DMPK,1,0,1,1.0
DMPL,2,0,2,1.0
DMPM,3,8,11,0.27
DMPN,3,5,8,0.38
DMPP,4,2,6,0.67
DMPS,2,4,6,0.33
DMPb,0,2,2,0.0
DMPm,7,1,8,0.88
DMPn,4,3,7,0.57
DMPs,4,3,7,0.57
DMPt,0,1,1,0.0
DMSB,2,2,4,0.5
DMSD,1,3,4,0.25
DMSH,1,0,1,1.0
DMSI,1,0,1,1.0
DMSL,0,2,2,0.0
DMSM,3,5,8,0.38
DMSN,1,1,2,0.5
DMSP,1,1,2,0.5
DMSS,2,3,5,0.4
DMSb,2,0,2,1.0
DMSh,1,2,3,0.33
DMSl,1,0,1,1.0
DMSm,7,2,9,0.78
DMSs,3,1,4,0.75
DMbB,5,0,5,1.0
DMbD,0,2,2,0.0
DMbH,0,1,1,0.0
DMbJ,2,1,3,0.67
DMbL,3,1,4,0.75
DMbM,1,5,6,0.17
DMbN,2,0,2,1.0
DMbP,0,4,4,0.0
DMbS,0,2,2,0.0
DMbb,2,1,3,0.67
DMbl,0,1,1,0.0
DMbm,1,3,4,0.25
DMbn,2,3,5,0.4
DMbs,0,2,2,0.0
DMhB,2,2,4,0.5
DMhD,1,0,1,1.0
DMhH,0,1,1,0.0
DMhI,0,0,0,
DMhM,3,3,6,0.5
DMhN,0,1,1,0.0
DMhP,0,3,3,0.0
DMhS,3,4,7,0.43
DMhb,1,1,2,0.5
DMhh,1,0,1,1.0
DMhl,3,0,3,1.0
DMhm,3,6,9,0.33
DMhn,2,3,5,0.4
DMhs,3,2,5,0.6
DMjB,0,1,1,0.0
DMjI,1,1,2,0.5
DMjP,1,0,1,1.0
DMjS,0,0,0,
DMjl,2,0,2,1.0
DMjn,0,1,1,0.0
DMjs,1,0,1,1.0
DMlB,1,0,1,1.0
DMlH,1,0,1,1.0
DMlI,1,0,1,1.0
DMlJ,0,1,1,0.0
DMlL,1,0,1,1.0
DMlM,0,1,1,0.0
DMlN,0,1,1,0.0
DMlP,1,1,2,0.5
DMlS,0,1,1,0.0
DMlb,0,1,1,0.0
DMll,0,1,1,0.0
DMlm,0,0,0,
DMln,1,3,4,0.25
DMls,0,2,2,0.0
DMmB,4,8,12,0.33
DMmD,1,0,1,1.0
DMmH,0,3,3,0.0
DMmI,0,0,0,
DMmJ,0,1,1,0.0
DMmL,1,0,1,1.0
DMmM,6,13,19,0.32
DMmN,3,3,6,0.5
DMmP,5,3,8,0.62
DMmS,3,1,4,0.75
DMmb,5,3,8,0.62
DMml,2,0,2,1.0
DMmm,5,3,8,0.62
DMmn,9,3,12,0.75
DMms,1,3,4,0.25
DMnB,3,4,7,0.43
DMnD,2,0,2,1.0
DMnI,0,1,1,0.0
DMnK,1,1,2,0.5
DMnL,1,1,2,0.5
DMnM,0,2,2,0.0
DMnN,1,8,9,0.11
DMnP,3,4,7,0.43
DMnS,3,4,7,0.43
DMnb,4,1,5,0.8
DMnl,0,1,1,0.0
DMnm,3,4,7,0.43
DMnn,1,3,4,0.25
DMns,3,1,4,0.75
DMsB,2,1,3,0.67
DMsH,7,2,9,0.78
DMsI,1,2,3,0.33
DMsL,0,1,1,0.0
DMsM,2,2,4,0.5
DMsN,1,1,2,0.5
DMsP,3,0,3,1.0
DMsS,2,2,4,0.5
DMsb,3,1,4,0.75
DMsh,4,1,5,0.8
DMsl,0,0,0,
DMsm,2,3,5,0.4
DMsn,1,2,3,0.33
DMss,1,2,3,0.33
DMtB,1,0,1,1.0
DMtK,1,0,1,1.0
DMtP,1,1,2,0.5
DMtS,1,0,1,1.0
DMtb,1,1,2,0.5
DMts,2,0,2,1.0
DNBB,0,1,1,0.0
DNBL,1,0,1,1.0
DNBM,1,2,3,0.33
DNBN,1,1,2,0.5
DNBP,4,1,5,0.8
DNBS,1,1,2,0.5
DNBb,2,3,5,0.4
DNBl,1,0,1,1.0
DNBm,0,5,5,0.0
DNBn,3,2,5,0.6
DNBs,0,2,2,0.0
DNBt,1,0,1,1.0
DNDB,1,1,2,0.5
DNDD,0,1,1,0.0
DNDH,0,0,0,
DNDM,0,0,0,
DNDP,1,0,1,1.0
DNDS,2,1,3,0.67
DNDs,1,0,1,1.0
DNHM,1,0,1,1.0
DNHN,0,1,1,0.0
DNHP,0,1,1,0.0
DNHS,1,2,3,0.33
DNHl,1,0,1,1.0
DNHn,1,1,2,0.5
DNIM,2,0,2,1.0
DNIb,0,1,1,0.0
DNKM,0,2,2,0.0
DNKP,1,1,2,0.5
DNKS,1,0,1,1.0
DNKm,1,0,1,1.0
DNKn,2,0,2,1.0
DNKs,2,0,2,1.0
DNLB,0,0,0,
DNLD,0,1,1,0.0
DNLL,0,1,1,0.0
DNLb,1,1,2,0.5
DNLh,0,1,1,0.0
DNLj,0,1,1,0.0
DNLl,1,0,1,1.0
DNLn,0,2,2,0.0
DNLs,0,1,1,0.0
DNMB,4,4,8,0.5
DNMD,1,1,2,0.5
DNML,1,1,2,0.5
DNMM,4,1,5,0.8
DNMN,2,3,5,0.4
DNMP,1,3,4,0.25
DNMS,1,4,5,0.2
DNMb,0,2,2,0.0
DNMh,3,0,3,1.0
DNMl,3,1,4,0.75
DNMm,1,2,3,0.33
DNMn,3,1,4,0.75
DNMs,1,1,2,0.5
DNNB,2,5,7,0.29
DNND,2,0,2,1.0
DNNH,1,0,1,1.0
DNNK,0,0,0,
DNNL,1,0,1,1.0
DNNM,2,5,7,0.29
DNNN,3,3,6,0.5
DNNP,2,2,4,0.5
DNNS,3,2,5,0.6
DNNb,0,1,1,0.0
DNNh,0,0,0,
DNNm,0,3,3,0.0
DNNn,1,3,4,0.25
DNNs,1,3,4,0.25
DNPB,3,1,4,0.75
DNPD,1,1,2,0.5
DNPK,0,0,0,
DNPM,0,3,3,0.0
DNPN,7,2,9,0.78
DNPP,2,0,2,1.0
DNPS,1,2,3,0.33
DNPb,2,1,3,0.67
DNPl,3,2,5,0.6
DNPm,5,4,9,0.56
DNPn,4,2,6,0.67
DNPs,3,2,5,0.6
DNSB,2,0,2,1.0
DNSK,1,0,1,1.0
DNSL,1,0,1,1.0
DNSM,2,2,4,0.5
DNSN,3,0,3,1.0
DNSP,3,3,6,0.5
DNSS,3,1,4,0.75
DNSb,1,2,3,0.33
DNSh,1,1,2,0.5
DNSm,4,3,7,0.57
DNSn,3,2,5,0.6
DNSs,1,2,3,0.33
DNSt,0,1,1,0.0
DNbB,0,1,1,0.0
DNbJ,0,2,2,0.0
DNbK,1,0,1,1.0
DNbM,1,4,5,0.2
DNbN,3,1,4,0.75
DNbP,3,0,3,1.0
DNbS,1,0,1,1.0
DNbb,5,2,7,0.71
DNbl,1,0,1,1.0
DNbm,2,0,2,1.0
DNbn,1,1,2,0.5
DNbs,0,0,0,
DNhD,0,0,0,
DNhH,1,0,1,1.0
DNhN,1,0,1,1.0
DNhP,0,1,1,0.0
DNhh,0,0,0,
DNhm,1,2,3,0.33
DNhn,1,1,2,0.5
DNhs,1,0,1,1.0
DNht,0,1,1,0.0
DNlJ,0,0,0,
DNlL,1,0,1,1.0
DNlM,1,2,3,0.33
DNlN,2,0,2,1.0
DNlP,0,1,1,0.0
DNlS,1,0,1,1.0
DNlb,0,1,1,0.0
DNlm,2,1,3,0.67
DNln,2,0,2,1.0
DNls,0,1,1,0.0
DNmB,2,6,8,0.25
DNmD,2,1,3,0.67
DNmH,2,4,6,0.33
DNmM,0,2,2,0.0
DNmN,2,3,5,0.4
DNmP,1,2,3,0.33
DNmS,0,3,3,0.0
DNmb,1,1,2,0.5
DNml,0,0,0,
DNmm,7,4,11,0.64
DNmn,2,5,7,0.29
DNms,1,0,1,1.0
DNnB,1,0,1,1.0
DNnD,4,0,4,1.0
DNnH,0,2,2,0.0
DNnM,5,4,9,0.56
DNnN,0,1,1,0.0
DNnP,1,4,5,0.2
DNnS,2,3,5,0.4
DNnb,2,6,8,0.25
DNnl,2,1,3,0.67
DNnm,1,3,4,0.25
DNnn,2,3,5,0.4
DNns,1,2,3,0.33
DNsB,1,1,2,0.5
DNsD,0,0,0,
DNsH,0,3,3,0.0
DNsI,0,1,1,0.0
DNsM,0,1,1,0.0
DNsN,3,3,6,0.5
DNsP,0,1,1,0.0
DNsS,1,2,3,0.33
DNsh,0,1,1,0.0
DNsm,4,2,6,0.67
DNsn,3,0,3,1.0
DNss,2,1,3,0.67
DNtM,0,1,1,0.0
DNtN,1,0,1,1.0
DNtS,0,1,1,0.0
DNtn,2,1,3,0.67
DPBB,2,3,5,0.4
DPBD,1,1,2,0.5
DPBK,0,1,1,0.0
DPBL,0,1,1,0.0
DPBM,0,4,4,0.0
DPBN,4,1,5,0.8
DPBP,3,6,9,0.33
DPBS,1,2,3,0.33
DPBb,1,1,2,0.5
DPBh,1,0,1,1.0
DPBl,0,2,2,0.0
DPBm,6,2,8,0.75
DPBn,2,2,4,0.5
DPBs,1,1,2,0.5
DPBt,0,0,0,
DPDB,1,0,1,1.0
DPDD,0,1,1,0.0
DPDL,0,2,2,0.0
DPDM,2,2,4,0.5
DPDP,1,0,1,1.0
DPDS,2,0,2,1.0
DPDb,1,2,3,0.33
DPDm,1,0,1,1.0
DPDn,1,0,1,1.0
DPDs,1,1,2,0.5
DPDt,0,0,0,
DPHB,1,1,2,0.5
DPHH,0,1,1,0.0
DPHM,1,0,1,1.0
DPHN,0,2,2,0.0
DPHP,0,1,1,0.0
DPHS,3,1,4,0.75
DPHh,1,1,2,0.5
DPHm,1,1,2,0.5
DPHn,0,1,1,0.0
DPHs,1,0,1,1.0
DPIL,0,1,1,0.0
DPIN,0,0,0,
DPIP,1,1,2,0.5
DPIn,1,0,1,1.0
DPKD,0,1,1,0.0
DPKL,0,0,0,
DPKM,1,2,3,0.33
DPKb,1,0,1,1.0
DPKm,0,1,1,0.0
DPKs,0,1,1,0.0
DPLB,2,2,4,0.5
DPLM,1,2,3,0.33
DPLN,0,2,2,0.0
DPLP,1,2,3,0.33
DPLS,1,0,1,1.0
DPLb,1,0,1,1.0
DPLh,0,1,1,0.0
DPLj,1,0,1,1.0
DPLm,5,3,8,0.62
DPLn,2,1,3,0.67
DPLs,0,2,2,0.0
DPMB,1,3,4,0.25
DPMD,4,2,6,0.67
DPMI,0,0,0,
DPML,0,1,1,0.0
DPMM,5,4,9,0.56
DPMN,3,2,5,0.6
DPMP,5,7,12,0.42
DPMS,3,2,5,0.6
DPMb,1,4,5,0.2
DPMh,2,1,3,0.67
DPMj,1,1,2,0.5
DPMl,0,1,1,0.0
DPMm,6,4,10,0.6
DPMn,4,3,7,0.57
DPMs,2,3,5,0.4
DPMt,0,1,1,0.0
DPNB,2,2,4,0.5
DPND,2,2,4,0.5
DPNK,0,2,2,0.0
DPNL,1,0,1,1.0
DPNM,1,3,4,0.25
DPNN,2,2,4,0.5
DPNP,1,1,2,0.5
DPNS,1,2,3,0.33
DPNb,1,1,2,0.5
DPNh,1,1,2,0.5
DPNl,3,2,5,0.6
DPNm,2,2,4,0.5
DPNn,5,2,7,0.71
DPNs,5,2,7,0.71
DPNt,1,2,3,0.33
DPPB,3,6,9,0.33
DPPD,0,2,2,0.0
DPPH,2,1,3,0.67
DPPI,0,1,1,0.0
DPPK,0,2,2,0.0
DPPL,1,4,5,0.2
DPPM,2,3,5,0.4
DPPN,4,4,8,0.5
DPPP,4,3,7,0.57
DPPS,2,3,5,0.4
DPPb,3,6,9,0.33
DPPl,6,1,7,0.86
DPPm,4,4,8,0.5
DPPn,4,2,6,0.67
DPPs,2,3,5,0.4
DPPt,3,0,3,1.0
DPSB,2,1,3,0.67
DPSD,1,1,2,0.5
DPSH,1,0,1,1.0
DPSL,1,3,4,0.25
DPSM,3,2,5,0.6
DPSN,3,2,5,0.6
DPSP,1,2,3,0.33
DPSS,1,2,3,0.33
DPSb,1,5,6,0.17
DPSh,1,1,2,0.5
DPSl,3,1,4,0.75
DPSm,5,1,6,0.83
DPSn,0,2,2,0.0
DPSs,1,3,4,0.25
DPSt,0,1,1,0.0
DPbB,2,1,3,0.67
DPbD,0,0,0,
DPbH,1,0,1,1.0
DPbL,2,0,2,1.0
DPbM,1,1,2,0.5
DPbN,2,2,4,0.5
DPbP,2,6,8,0.25
DPbS,1,2,3,0.33
DPbb,0,3,3,0.0
DPbl,1,1,2,0.5
DPbm,2,1,3,0.67
DPbn,3,3,6,0.5
DPbs,1,1,2,0.5
DPhN,1,0,1,1.0
DPhP,0,1,1,0.0
DPhb,0,0,0,
DPhm,0,1,1,0.0
DPhn,1,0,1,1.0
DPlB,2,1,3,0.67
DPlH,1,1,2,0.5
DPlJ,1,0,1,1.0
DPlL,1,1,2,0.5
DPlM,0,2,2,0.0
DPlN,1,2,3,0.33
DPlP,0,3,3,0.0
DPlS,0,1,1,0.0
DPlb,2,1,3,0.67
DPll,0,2,2,0.0
DPlm,0,2,2,0.0
DPln,0,1,1,0.0
DPmB,0,3,3,0.0
DPmD,0,2,2,0.0
DPmH,1,3,4,0.25
DPmJ,0,2,2,0.0
DPmL,4,0,4,1.0
DPmM,6,10,16,0.38
DPmN,2,1,3,0.67
DPmP,8,3,11,0.73
DPmS,0,1,1,0.0
DPmb,6,5,11,0.55
DPml,0,1,1,0.0
DPmm,6,3,9,0.67
DPmn,2,1,3,0.67
DPms,3,4,7,0.43
DPnB,3,2,5,0.6
DPnD,0,0,0,
DPnH,1,2,3,0.33
DPnI,1,0,1,1.0
DPnL,0,3,3,0.0
DPnM,2,1,3,0.67
DPnN,1,1,2,0.5
DPnP,3,5,8,0.38
DPnS,4,1,5,0.8
DPnb,1,2,3,0.33
DPnl,2,0,2,1.0
DPnm,4,2,6,0.67
DPnn,2,2,4,0.5
DPns,1,1,2,0.5
DPsB,1,2,3,0.33
DPsD,0,1,1,0.0
DPsH,1,0,1,1.0
DPsM,2,3,5,0.4
DPsN,4,0,4,1.0
DPsP,2,1,3,0.67
DPsS,0,3,3,0.0
DPsb,0,3,3,0.0
DPsl,2,0,2,1.0
DPsm,2,4,6,0.33
DPsn,1,0,1,1.0
DPss,5,2,7,0.71
DPtD,1,0,1,1.0
DPtL,1,0,1,1.0
DPtS,1,1,2,0.5
DPtb,0,1,1,0.0
DPtl,1,0,1,1.0
DPts,0,1,1,0.0
DSBB,4,3,7,0.57
DSBD,1,1,2,0.5
DSBM,4,6,10,0.4
DSBN,0,2,2,0.0
DSBP,0,3,3,0.0
DSBS,2,1,3,0.67
DSBb,0,1,1,0.0
DSBh,1,0,1,1.0
DSBj,1,0,1,1.0
DSBl,1,0,1,1.0
DSBm,3,4,7,0.43
DSBn,1,8,9,0.11
DSBs,1,1,2,0.5
DSBt,2,2,4,0.5
DSDB,1,1,2,0.5
DSDD,3,0,3,1.0
DSDH,0,1,1,0.0
DSDM,0,1,1,0.0
DSDN,2,2,4,0.5
DSDP,0,0,0,
DSDS,3,0,3,1.0
DSDb,0,2,2,0.0
DSDm,0,0,0,
DSDs,1,2,3,0.33
DSHD,0,0,0,
DSHH,0,0,0,
DSHM,1,2,3,0.33
DSHN,1,0,1,1.0
DSHP,0,1,1,0.0
DSHS,1,2,3,0.33
DSHb,2,1,3,0.67
DSHh,1,0,1,1.0
DSHm,1,1,2,0.5
DSHn,0,2,2,0.0
DSHs,1,0,1,1.0
DSIB,1,0,1,1.0
DSIH,0,0,0,
DSIL,1,0,1,1.0
DSIM,2,0,2,1.0
DSIb,1,0,1,1.0
DSIm,0,0,0,
DSIn,1,0,1,1.0
DSKN,0,1,1,0.0
DSKP,1,0,1,1.0
DSKS,1,0,1,1.0
DSKn,0,1,1,0.0
DSLB,1,1,2,0.5
DSLK,0,1,1,0.0
DSLL,1,0,1,1.0
DSLM,0,3,3,0.0
DSLN,1,1,2,0.5
DSLP,1,0,1,1.0
DSLS,1,0,1,1.0
DSLl,0,1,1,0.0
DSLm,2,1,3,0.67
DSLn,0,1,1,0.0
DSLs,0,1,1,0.0
DSLt,1,0,1,1.0
DSMB,1,2,3,0.33
DSMD,0,2,2,0.0
DSML,2,1,3,0.67
DSMM,6,8,14,0.43
DSMN,3,3,6,0.5
DSMP,4,4,8,0.5
DSMS,2,4,6,0.33
DSMb,3,0,3,1.0
DSMh,1,1,2,0.5
DSMj,1,0,1,1.0
DSMl,2,1,3,0.67
DSMm,7,4,11,0.64
DSMn,1,2,3,0.33
DSMs,2,2,4,0.5
DSMt,1,0,1,1.0
DSNB,1,2,3,0.33
DSND,0,1,1,0.0
DSNH,2,0,2,1.0
DSNI,0,1,1,0.0
DSNL,0,1,1,0.0
DSNM,3,2,5,0.6
DSNN,4,2,6,0.67
DSNP,5,4,9,0.56
DSNS,5,0,5,1.0
DSNb,1,0,1,1.0
DSNh,1,0,1,1.0
DSNl,1,0,1,1.0
DSNm,2,2,4,0.5
DSNn,1,2,3,0.33
DSNs,4,4,8,0.5
DSPB,5,3,8,0.62
DSPD,2,1,3,0.67
DSPI,0,1,1,0.0
DSPK,0,0,0,
DSPL,2,0,2,1.0
DSPM,3,4,7,0.43
DSPN,2,2,4,0.5
DSPP,5,6,11,0.45
DSPS,4,0,4,1.0
DSPb,1,0,1,1.0
DSPl,3,1,4,0.75
DSPm,4,1,5,0.8
DSPn,2,3,5,0.4
DSPs,3,1,4,0.75
DSPt,1,1,2,0.5
DSSB,1,3,4,0.25
DSSD,1,1,2,0.5
DSSH,0,3,3,0.0
DSSL,1,5,6,0.17
DSSM,5,3,8,0.62
DSSN,5,2,7,0.71
DSSP,0,4,4,0.0
DSSS,9,7,16,0.56
DSSb,4,1,5,0.8
DSSh,2,2,4,0.5
DSSl,1,1,2,0.5
DSSm,1,4,5,0.2
DSSn,5,1,6,0.83
DSSs,4,5,9,0.44
DSSt,1,0,1,1.0
DSbB,3,2,5,0.6
DSbD,1,0,1,1.0
DSbJ,0,0,0,
DSbK,0,1,1,0.0
DSbL,1,2,3,0.33
DSbM,3,0,3,1.0
DSbN,1,3,4,0.25
DSbP,3,0,3,1.0
DSbS,1,3,4,0.25
DSbb,1,3,4,0.25
DSbm,3,1,4,0.75
DSbn,0,1,1,0.0
DSbs,3,0,3,1.0
DShB,1,1,2,0.5
DShM,2,1,3,0.67
DShN,1,0,1,1.0
DShP,1,1,2,0.5
DShS,5,2,7,0.71
DShh,0,2,2,0.0
DShl,2,2,4,0.5
DShm,1,1,2,0.5
DShn,2,2,4,0.5
DShs,0,2,2,0.0
DSlB,1,1,2,0.5
DSlL,0,1,1,0.0
DSlM,0,1,1,0.0
DSlN,0,1,1,0.0
DSlP,1,1,2,0.5
DSlS,1,2,3,0.33
DSlb,2,2,4,0.5
DSmB,2,2,4,0.5
DSmD,1,0,1,1.0
DSmH,2,6,8,0.25
DSmJ,0,0,0,
DSmL,2,2,4,0.5
DSmM,3,5,8,0.38
DSmN,1,0,1,1.0
DSmP,2,2,4,0.5
DSmS,3,3,6,0.5
DSmb,5,1,6,0.83
DSml,3,1,4,0.75
DSmm,2,3,5,0.4
DSmn,5,3,8,0.62
DSms,2,3,5,0.4
DSnB,3,0,3,1.0
DSnH,0,2,2,0.0
DSnI,0,0,0,
DSnK,0,0,0,
DSnL,1,0,1,1.0
DSnM,3,4,7,0.43
DSnN,3,3,6,0.5
DSnP,3,1,4,0.75
DSnS,1,1,2,0.5
DSnb,0,2,2,0.0
DSnm,0,3,3,0.0
DSnn,4,4,8,0.5
DSns,4,4,8,0.5
DSsB,1,1,2,0.5
DSsD,0,1,1,0.0
DSsH,0,3,3,0.0
DSsL,0,0,0,
DSsM,6,2,8,0.75
DSsN,1,2,3,0.33
DSsP,4,3,7,0.57
DSsS,2,4,6,0.33
DSsb,1,1,2,0.5
DSsl,0,1,1,0.0
DSsm,5,6,11,0.45
DSsn,3,1,4,0.75
DSss,2,4,6,0.33
DStB,0,1,1,0.0
DStL,0,1,1,0.0
DStM,1,0,1,1.0
DStP,1,2,3,0.33
DStb,0,1,1,0.0
DbBB,2,0,2,1.0
DbBD,3,1,4,0.75
DbBM,2,1,3,0.67
DbBN,3,4,7,0.43
DbBP,1,2,3,0.33
DbBS,1,1,2,0.5
DbBj,3,0,3,1.0
DbBl,1,0,1,1.0
DbBm,4,2,6,0.67
DbBn,1,2,3,0.33
DbBs,1,2,3,0.33
DbBt,0,0,0,
DbDL,0,0,0,
DbDM,1,1,2,0.5
DbDP,1,1,2,0.5
DbDS,1,1,2,0.5
DbDb,0,1,1,0.0
DbDm,0,1,1,0.0
DbDn,1,0,1,1.0
DbHB,0,1,1,0.0
DbHM,1,0,1,1.0
DbHP,1,0,1,1.0
DbHb,1,0,1,1.0
DbHm,0,2,2,0.0
DbIB,4,0,4,1.0
DbID,1,0,1,1.0
DbIH,1,0,1,1.0
DbIP,1,0,1,1.0
DbIl,1,0,1,1.0
DbJB,1,0,1,1.0
DbJK,0,0,0,
DbJL,1,0,1,1.0
DbJM,2,1,3,0.67
DbJN,2,0,2,1.0
DbJP,0,0,0,
DbJl,0,0,0,
DbJm,0,2,2,0.0
DbJs,1,0,1,1.0
DbKB,0,1,1,0.0
DbKM,1,0,1,1.0
DbKN,1,0,1,1.0
DbKP,1,0,1,1.0
DbKS,0,1,1,0.0
DbKl,0,1,1,0.0
DbLL,1,1,2,0.5
DbLM,1,0,1,1.0
DbLP,1,0,1,1.0
DbLS,1,0,1,1.0
DbLb,1,1,2,0.5
DbLj,1,0,1,1.0
DbLm,1,3,4,0.25
DbLs,2,0,2,1.0
DbMB,4,1,5,0.8
DbMD,1,2,3,0.33
DbMK,0,0,0,
DbML,1,0,1,1.0
DbMM,3,2,5,0.6
DbMN,1,2,3,0.33
DbMP,4,3,7,0.57
DbMS,2,0,2,1.0
DbMb,2,4,6,0.33
DbMh,1,2,3,0.33
DbMl,0,1,1,0.0
DbMm,3,4,7,0.43
DbMn,4,1,5,0.8
DbMs,2,2,4,0.5
DbNB,1,1,2,0.5
DbND,1,0,1,1.0
DbNH,1,0,1,1.0
DbNK,0,1,1,0.0
DbNL,1,1,2,0.5
DbNM,3,1,4,0.75
DbNN,4,3,7,0.57
DbNP,4,2,6,0.67
DbNS,1,4,5,0.2
DbNb,3,3,6,0.5
DbNh,2,2,4,0.5
DbNl,0,0,0,
DbNm,2,1,3,0.67
DbNn,1,2,3,0.33
DbNs,5,1,6,0.83
DbNt,0,1,1,0.0
DbPB,1,3,4,0.25
DbPD,1,0,1,1.0
DbPH,0,1,1,0.0
DbPI,0,0,0,
DbPK,1,1,2,0.5
DbPM,2,0,2,1.0
DbPN,2,3,5,0.4
DbPP,2,0,2,1.0
DbPS,1,3,4,0.25
DbPb,2,2,4,0.5
DbPl,1,0,1,1.0
DbPm,1,4,5,0.2
DbPn,0,1,1,0.0
DbPs,0,3,3,0.0
DbSB,1,2,3,0.33
DbSH,0,3,3,0.0
DbSL,0,1,1,0.0
DbSM,0,1,1,0.0
DbSN,1,1,2,0.5
DbSP,4,1,5,0.8
DbSS,5,2,7,0.71
DbSb,0,1,1,0.0
DbSh,0,1,1,0.0
DbSm,3,0,3,1.0
DbSn,2,0,2,1.0
DbSs,1,0,1,1.0
DbbB,0,1,1,0.0
DbbD,1,1,2,0.5
DbbK,0,2,2,0.0
DbbL,5,1,6,0.83
DbbM,2,2,4,0.5
DbbN,2,0,2,1.0
DbbP,2,2,4,0.5
DbbS,1,0,1,1.0
Dbbb,5,1,6,0.83
Dbbl,2,0,2,1.0
Dbbm,1,0,1,1.0
Dbbn,0,2,2,0.0
DblB,0,0,0,
DblH,0,1,1,0.0
DblL,1,0,1,1.0
DblM,1,0,1,1.0
DblP,1,0,1,1.0
DblS,1,0,1,1.0
Dblb,1,2,3,0.33
Dblm,2,1,3,0.67
Dbln,0,2,2,0.0
Dbls,0,1,1,0.0
DbmB,3,5,8,0.38
DbmD,2,2,4,0.5
DbmH,1,3,4,0.25
DbmL,1,1,2,0.5
DbmM,3,3,6,0.5
DbmN,2,3,5,0.4
DbmP,1,1,2,0.5
DbmS,0,1,1,0.0
Dbmb,2,4,6,0.33
Dbml,1,0,1,1.0
Dbmm,8,2,10,0.8
Dbmn,3,2,5,0.6
Dbms,2,0,2,1.0
DbnB,4,1,5,0.8
DbnD,0,0,0,
DbnH,0,0,0,
DbnI,2,2,4,0.5
DbnK,1,0,1,1.0
DbnM,1,4,5,0.2
DbnN,3,2,5,0.6
DbnP,0,2,2,0.0
DbnS,0,2,2,0.0
Dbnb,2,0,2,1.0
Dbnl,1,1,2,0.5
Dbnm,1,2,3,0.33
Dbnn,3,1,4,0.75
Dbns,2,1,3,0.67
DbsD,1,0,1,1.0
DbsH,2,1,3,0.67
DbsM,2,0,2,1.0
DbsN,0,0,0,
DbsP,2,1,3,0.67
DbsS,4,0,4,1.0
Dbsl,1,0,1,1.0
Dbsm,1,0,1,1.0
Dbsn,2,3,5,0.4
DhBB,0,1,1,0.0
DhBm,0,1,1,0.0
DhBs,1,0,1,1.0
DhDH,1,0,1,1.0
DhHL,1,0,1,1.0
DhKn,0,1,1,0.0
DhLs,0,1,1,0.0
DhMB,1,0,1,1.0
DhMM,1,0,1,1.0
DhMj,0,1,1,0.0
DhMm,0,0,0,
DhMn,0,1,1,0.0
DhMs,1,0,1,1.0
DhND,1,0,1,1.0
DhNM,1,0,1,1.0
DhNP,0,1,1,0.0
DhNS,0,1,1,0.0
DhPD,0,0,0,
DhPH,0,0,0,
DhPP,1,0,1,1.0
DhPb,1,0,1,1.0
DhSB,0,0,0,
DhSN,1,0,1,1.0
DhSP,1,0,1,1.0
DhSS,0,1,1,0.0
DhSm,1,0,1,1.0
Dhbm,0,1,1,0.0
Dhhb,0,0,0,
Dhlm,0,1,1,0.0
DhmP,0,1,1,0.0
DhmS,0,1,1,0.0
Dhmm,0,1,1,0.0
Dhmn,1,0,1,1.0
DhnB,1,0,1,1.0
DhnM,1,0,1,1.0
DhnS,0,1,1,0.0
Dhnm,1,0,1,1.0
Dhnn,1,0,1,1.0
DhsL,1,0,1,1.0
DhsN,1,0,1,1.0
Dhsm,1,0,1,1.0
Dhss,1,0,1,1.0
DlBB,1,0,1,1.0
DlBN,1,2,3,0.33
DlBS,0,1,1,0.0
DlBb,0,1,1,0.0
DlBj,0,1,1,0.0
DlBn,1,2,3,0.33
DlBt,0,1,1,0.0
DlDB,0,1,1,0.0
DlDM,1,0,1,1.0
DlDP,0,1,1,0.0
DlDn,0,1,1,0.0
DlHD,0,0,0,
DlHH,0,0,0,
DlHM,2,0,2,1.0
DlHb,0,1,1,0.0
DlHm,1,0,1,1.0
DlHn,1,0,1,1.0
DlHs,1,0,1,1.0
DlJB,1,0,1,1.0
DlJH,1,0,1,1.0
DlJI,0,1,1,0.0
DlJM,0,1,1,0.0
DlJN,1,0,1,1.0
DlJP,1,0,1,1.0
DlJl,0,1,1,0.0
DlJm,0,1,1,0.0
DlKB,0,1,1,0.0
DlKh,0,1,1,0.0
DlLB,1,1,2,0.5
DlLD,0,1,1,0.0
DlLK,0,0,0,
DlLL,1,0,1,1.0
DlLN,1,1,2,0.5
DlLh,1,1,2,0.5
DlLl,0,1,1,0.0
DlMB,0,3,3,0.0
DlMD,0,0,0,
DlMP,0,3,3,0.0
DlMS,0,1,1,0.0
DlMh,0,2,2,0.0
DlMm,1,1,2,0.5
DlMn,1,0,1,1.0
DlNB,0,0,0,
DlND,1,0,1,1.0
DlNL,2,0,2,1.0
DlNM,1,0,1,1.0
DlNN,1,3,4,0.25
DlNS,0,1,1,0.0
DlNb,1,0,1,1.0
DlNm,1,1,2,0.5
DlNn,1,1,2,0.5
DlPD,0,0,0,
DlPL,1,0,1,1.0
DlPN,1,1,2,0.5
DlPP,0,1,1,0.0
DlPS,0,2,2,0.0
DlPb,3,0,3,1.0
DlSB,2,0,2,1.0
DlSH,1,0,1,1.0
DlSL,1,1,2,0.5
DlSN,3,0,3,1.0
DlSP,0,2,2,0.0
DlSS,1,0,1,1.0
DlSb,1,0,1,1.0
DlSh,1,0,1,1.0
DlSm,0,1,1,0.0
DlSs,1,0,1,1.0
DlbB,1,2,3,0.33
DlbH,0,1,1,0.0
DlbK,1,0,1,1.0
DlbM,0,1,1,0.0
DlbP,1,0,1,1.0
DlbS,1,2,3,0.33
Dlbb,1,0,1,1.0
Dlbm,1,1,2,0.5
Dlbn,1,1,2,0.5
Dlbs,0,1,1,0.0
DllB,1,0,1,1.0
Dlls,0,0,0,
DlmB,1,2,3,0.33
DlmJ,0,1,1,0.0
DlmM,2,1,3,0.67
DlmN,6,0,6,1.0
DlmP,0,2,2,0.0
DlmS,2,2,4,0.5
Dlmb,0,3,3,0.0
Dlml,0,1,1,0.0
Dlmm,1,1,2,0.5
Dlmn,3,2,5,0.6
DlnB,1,0,1,1.0
DlnM,1,0,1,1.0
DlnN,2,0,2,1.0
DlnP,0,1,1,0.0
Dlnb,1,0,1,1.0
Dlnn,1,0,1,1.0
DlsB,1,0,1,1.0
DlsH,2,1,3,0.67
DlsM,1,0,1,1.0
DlsN,1,0,1,1.0
DlsS,0,1,1,0.0
Dlsb,1,2,3,0.33
Dlsh,0,1,1,0.0
Dlsm,1,1,2,0.5
DmBB,2,3,5,0.4
DmBD,2,0,2,1.0
DmBK,1,0,1,1.0
DmBL,0,2,2,0.0
DmBM,1,6,7,0.14
DmBN,5,3,8,0.62
DmBP,2,3,5,0.4
DmBS,1,4,5,0.2
DmBb,2,1,3,0.67
DmBh,0,1,1,0.0
DmBj,0,1,1,0.0
DmBl,3,2,5,0.6
DmBm,2,2,4,0.5
DmBn,5,7,12,0.42
DmBs,3,2,5,0.6
DmBt,1,0,1,1.0
DmDB,0,0,0,
DmDD,2,1,3,0.67
DmDH,0,2,2,0.0
DmDL,0,1,1,0.0
DmDM,4,1,5,0.8
DmDN,0,1,1,0.0
DmDP,2,1,3,0.67
DmDS,1,1,2,0.5
DmDb,0,3,3,0.0
DmDm,3,2,5,0.6
DmDn,0,0,0,
DmDs,0,1,1,0.0
DmHB,1,1,2,0.5
DmHD,0,0,0,
DmHL,1,0,1,1.0
DmHM,1,5,6,0.17
DmHN,5,5,10,0.5
DmHP,7,3,10,0.7
DmHS,3,1,4,0.75
DmHb,3,3,6,0.5
DmHh,0,0,0,
DmHm,2,3,5,0.4
DmHn,5,2,7,0.71
DmHs,2,6,8,0.25
DmIH,1,0,1,1.0
DmIM,0,2,2,0.0
DmIP,0,2,2,0.0
DmIS,0,0,0,
DmJD,1,0,1,1.0
DmJK,0,1,1,0.0
DmJM,0,0,0,
DmJN,1,2,3,0.33
DmJP,1,2,3,0.33
DmJS,0,0,0,
DmJb,0,1,1,0.0
DmJm,1,1,2,0.5
DmJn,0,2,2,0.0
DmKD,0,1,1,0.0
DmKP,1,0,1,1.0
DmKb,1,0,1,1.0
DmKm,0,1,1,0.0
DmLB,0,1,1,0.0
DmLK,0,1,1,0.0
DmLL,0,1,1,0.0
DmLM,0,0,0,
DmLN,2,1,3,0.67
DmLP,0,2,2,0.0
DmLS,2,3,5,0.4
DmLb,1,0,1,1.0
DmLh,1,0,1,1.0
DmLl,0,1,1,0.0
DmLm,1,0,1,1.0
DmMB,4,1,5,0.8
DmMD,0,1,1,0.0
DmMH,0,0,0,
DmML,0,2,2,0.0
DmMM,5,5,10,0.5
DmMN,1,3,4,0.25
DmMP,2,5,7,0.29
DmMS,4,7,11,0.36
DmMb,4,3,7,0.57
DmMh,3,5,8,0.38
DmMl,1,2,3,0.33
DmMm,4,4,8,0.5
DmMn,2,5,7,0.29
DmMs,5,1,6,0.83
DmNB,4,2,6,0.67
DmND,2,1,3,0.67
DmNH,1,1,2,0.5
DmNK,1,0,1,1.0
DmNL,1,0,1,1.0
DmNM,5,4,9,0.56
DmNN,8,7,15,0.53
DmNP,3,5,8,0.38
DmNS,2,5,7,0.29
DmNb,1,2,3,0.33
DmNh,3,1,4,0.75
DmNl,2,1,3,0.67
DmNm,3,2,5,0.6
DmNn,4,2,6,0.67
DmNs,3,2,5,0.6
DmPB,1,4,5,0.2
DmPD,1,1,2,0.5
DmPI,0,1,1,0.0
DmPK,1,0,1,1.0
DmPL,0,0,0,
DmPM,3,3,6,0.5
DmPN,1,1,2,0.5
DmPP,2,4,6,0.33
DmPS,5,1,6,0.83
DmPb,4,3,7,0.57
DmPh,0,2,2,0.0
DmPl,0,0,0,
DmPm,7,3,10,0.7
DmPn,3,2,5,0.6
DmPs,1,1,2,0.5
DmPt,0,1,1,0.0
DmSB,2,3,5,0.4
DmSD,1,1,2,0.5
DmSL,1,0,1,1.0
DmSM,5,2,7,0.71
DmSN,4,0,4,1.0
DmSP,3,4,7,0.43
DmSS,2,5,7,0.29
DmSb,3,2,5,0.6
DmSh,2,0,2,1.0
DmSl,0,0,0,
DmSm,7,3,10,0.7
DmSn,2,2,4,0.5
DmSs,2,3,5,0.4
DmSt,1,0,1,1.0
DmbB,3,4,7,0.43
DmbD,0,1,1,0.0
DmbH,0,2,2,0.0
DmbJ,1,2,3,0.33
DmbK,0,1,1,0.0
DmbM,2,2,4,0.5
DmbN,4,5,9,0.44
DmbP,4,7,11,0.36
DmbS,0,1,1,0.0
Dmbb,2,3,5,0.4
Dmbl,1,0,1,1.0
Dmbm,2,2,4,0.5
Dmbn,5,1,6,0.83
DmhB,0,1,1,0.0
Dmhb,1,0,1,1.0
Dmhm,1,0,1,1.0
Dmhn,1,0,1,1.0
DmlB,1,0,1,1.0
DmlD,2,0,2,1.0
DmlH,0,1,1,0.0
DmlJ,1,0,1,1.0
DmlL,0,0,0,
DmlM,1,0,1,1.0
DmlP,1,2,3,0.33
DmlS,4,0,4,1.0
Dmlb,1,1,2,0.5
Dmlh,1,0,1,1.0
Dmll,0,0,0,
Dmlm,1,1,2,0.5
Dmln,0,1,1,0.0
DmmB,2,4,6,0.33
DmmD,3,1,4,0.75
DmmH,3,6,9,0.33
DmmJ,0,2,2,0.0
DmmL,0,2,2,0.0
DmmM,5,5,10,0.5
DmmN,4,5,9,0.44
DmmP,4,8,12,0.33
DmmS,3,4,7,0.43
Dmmb,5,1,6,0.83
Dmml,1,0,1,1.0
Dmmm,6,4,10,0.6
Dmmn,3,2,5,0.6
Dmms,7,4,11,0.64
DmnB,4,3,7,0.57
DmnD,2,0,2,1.0
DmnH,2,0,2,1.0
DmnL,1,1,2,0.5
DmnM,2,4,6,0.33
DmnN,2,0,2,1.0
DmnP,2,3,5,0.4
DmnS,1,1,2,0.5
Dmnb,0,2,2,0.0
Dmnm,3,4,7,0.43
Dmnn,4,3,7,0.57
Dmns,0,0,0,
DmsB,1,2,3,0.33
DmsD,2,0,2,1.0
DmsH,2,5,7,0.29
DmsI,1,0,1,1.0
DmsM,1,2,3,0.33
DmsN,4,1,5,0.8
DmsP,3,1,4,0.75
DmsS,0,2,2,0.0
Dmsb,1,0,1,1.0
Dmsh,0,1,1,0.0
Dmsl,0,2,2,0.0
Dmsm,3,4,7,0.43
Dmsn,2,1,3,0.67
Dmss,2,0,2,1.0
DmtS,1,0,1,1.0
DnBB,0,2,2,0.0
DnBD,0,1,1,0.0
DnBK,1,0,1,1.0
DnBM,1,0,1,1.0
DnBN,1,1,2,0.5
DnBP,0,1,1,0.0
DnBS,0,2,2,0.0
DnBb,2,0,2,1.0
DnBj,1,0,1,1.0
DnBl,1,0,1,1.0
DnBm,3,4,7,0.43
DnBn,2,0,2,1.0
DnBs,0,1,1,0.0
DnDD,1,0,1,1.0
DnDH,1,0,1,1.0
DnDM,2,2,4,0.5
DnDP,1,1,2,0.5
DnDS,0,0,0,
DnDb,0,1,1,0.0
DnDl,0,0,0,
DnDm,0,1,1,0.0
DnDn,2,0,2,1.0
DnDs,0,0,0,
DnDt,1,0,1,1.0
DnHB,0,3,3,0.0
DnHL,1,0,1,1.0
DnHM,1,1,2,0.5
DnHN,2,0,2,1.0
DnHP,1,2,3,0.33
DnHS,1,1,2,0.5
DnHb,0,0,0,
DnHh,1,1,2,0.5
DnHm,2,1,3,0.67
DnHn,2,4,6,0.33
DnHs,2,0,2,1.0
DnIN,0,1,1,0.0
DnIb,1,0,1,1.0
DnIm,1,0,1,1.0
DnIs,0,1,1,0.0
DnKM,1,1,2,0.5
DnKN,1,0,1,1.0
DnKP,0,2,2,0.0
DnKs,1,0,1,1.0
DnLB,0,1,1,0.0
DnLD,0,1,1,0.0
DnLM,1,1,2,0.5
DnLN,1,0,1,1.0
DnLS,0,1,1,0.0
DnLb,1,0,1,1.0
DnLh,0,2,2,0.0
DnLl,0,1,1,0.0
DnLm,1,0,1,1.0
DnLn,1,1,2,0.5
DnMB,3,1,4,0.75
DnMD,1,0,1,1.0
DnMM,2,1,3,0.67
DnMN,5,3,8,0.62
DnMP,2,1,3,0.67
DnMS,1,5,6,0.17
DnMb,3,2,5,0.6
DnMj,0,1,1,0.0
DnMl,0,0,0,
DnMm,1,4,5,0.2
DnMn,3,2,5,0.6
DnMs,6,1,7,0.86
DnNB,4,2,6,0.67
DnNH,1,0,1,1.0
DnNM,0,1,1,0.0
DnNN,5,3,8,0.62
DnNP,2,1,3,0.67
DnNS,2,3,5,0.4
DnNb,2,1,3,0.67
DnNh,1,0,1,1.0
DnNl,1,0,1,1.0
DnNm,1,2,3,0.33
DnNn,4,2,6,0.67
DnNs,2,3,5,0.4
DnNt,2,1,3,0.67
DnPB,1,0,1,1.0
DnPD,3,1,4,0.75
DnPH,0,2,2,0.0
DnPI,1,0,1,1.0
DnPK,0,1,1,0.0
DnPL,4,0,4,1.0
DnPM,2,6,8,0.25
DnPN,4,2,6,0.67
DnPP,5,1,6,0.83
DnPS,2,3,5,0.4
DnPb,1,1,2,0.5
DnPl,1,0,1,1.0
DnPm,5,5,10,0.5
DnPn,4,1,5,0.8
DnPs,3,1,4,0.75
DnSB,6,2,8,0.75
DnSD,1,1,2,0.5
DnSH,1,0,1,1.0
DnSI,0,0,0,
DnSL,0,1,1,0.0
DnSM,2,4,6,0.33
DnSN,2,2,4,0.5
DnSP,2,3,5,0.4
DnSS,3,4,7,0.43
DnSb,2,1,3,0.67
DnSh,1,2,3,0.33
DnSl,1,0,1,1.0
DnSm,5,1,6,0.83
DnSn,1,3,4,0.25
DnSs,1,0,1,1.0
DnSt,0,0,0,
DnbB,4,0,4,1.0
DnbJ,0,0,0,
DnbL,2,0,2,1.0
DnbM,2,6,8,0.25
DnbN,0,4,4,0.0
DnbP,2,1,3,0.67
Dnbb,4,2,6,0.67
Dnbl,1,0,1,1.0
Dnbm,2,1,3,0.67
Dnbn,3,1,4,0.75
Dnbs,1,1,2,0.5
DnlB,1,0,1,1.0
DnlN,1,1,2,0.5
DnlP,1,0,1,1.0
DnlS,0,0,0,
Dnlb,0,0,0,
DnmB,1,1,2,0.5
DnmH,1,0,1,1.0
DnmJ,0,0,0,
DnmL,1,1,2,0.5
DnmM,5,6,11,0.45
DnmN,2,1,3,0.67
DnmP,3,3,6,0.5
DnmS,4,1,5,0.8
Dnmb,2,1,3,0.67
Dnml,1,0,1,1.0
Dnmm,2,3,5,0.4
Dnmn,3,1,4,0.75
Dnms,0,2,2,0.0
DnnB,0,1,1,0.0
DnnD,0,1,1,0.0
DnnH,0,1,1,0.0
DnnK,1,0,1,1.0
DnnL,1,0,1,1.0
DnnM,2,4,6,0.33
DnnN,1,0,1,1.0
DnnP,5,0,5,1.0
DnnS,1,1,2,0.5
Dnnb,5,2,7,0.71
Dnnl,1,0,1,1.0
Dnnm,2,2,4,0.5
Dnnn,4,1,5,0.8
Dnns,3,1,4,0.75
DnsB,0,1,1,0.0
DnsD,0,0,0,
DnsH,1,1,2,0.5
DnsI,1,0,1,1.0
DnsL,0,1,1,0.0
DnsM,1,2,3,0.33
DnsN,1,3,4,0.25
DnsP,2,0,2,1.0
DnsS,2,1,3,0.67
Dnsb,2,0,2,1.0
Dnsm,2,1,3,0.67
Dnsn,2,0,2,1.0
Dnss,2,4,6,0.33
DsBB,2,0,2,1.0
DsBD,0,1,1,0.0
DsBM,2,0,2,1.0
DsBN,3,1,4,0.75
DsBP,1,0,1,1.0
DsBS,1,1,2,0.5
DsBb,0,1,1,0.0
DsBj,0,1,1,0.0
DsBl,1,0,1,1.0
DsBm,2,0,2,1.0
DsBn,1,0,1,1.0
DsBs,3,1,4,0.75
DsDD,0,1,1,0.0
DsDH,1,0,1,1.0
DsDM,0,0,0,
DsDN,0,1,1,0.0
DsDP,0,0,0,
DsDb,1,2,3,0.33
DsDm,3,0,3,1.0
DsHB,1,2,3,0.33
DsHD,0,0,0,
DsHI,0,0,0,
DsHL,0,0,0,
DsHM,1,3,4,0.25
DsHN,0,1,1,0.0
DsHP,1,2,3,0.33
DsHS,0,1,1,0.0
DsHb,1,1,2,0.5
DsHh,1,1,2,0.5
DsHl,2,0,2,1.0
DsHm,2,2,4,0.5
DsHn,1,4,5,0.2
DsHs,2,1,3,0.67
DsIM,0,0,0,
DsIS,1,0,1,1.0
DsKI,0,0,0,
DsLL,0,1,1,0.0
DsLM,0,1,1,0.0
DsLN,0,1,1,0.0
DsLP,1,0,1,1.0
DsLS,0,2,2,0.0
DsLh,1,1,2,0.5
DsLn,0,1,1,0.0
DsLs,0,1,1,0.0
DsLt,0,1,1,0.0
DsMB,1,2,3,0.33
DsMD,1,0,1,1.0
DsMM,2,1,3,0.67
DsMN,2,1,3,0.67
DsMP,3,4,7,0.43
DsMS,2,1,3,0.67
DsMb,2,3,5,0.4
DsMh,0,1,1,0.0
DsMj,1,1,2,0.5
DsMl,1,1,2,0.5
DsMm,2,3,5,0.4
DsMn,1,4,5,0.2
DsMs,1,3,4,0.25
DsNB,3,1,4,0.75
DsNM,0,2,2,0.0
DsNN,0,1,1,0.0
DsNP,5,2,7,0.71
DsNS,0,2,2,0.0
DsNb,2,2,4,0.5
DsNh,1,0,1,1.0
DsNl,0,1,1,0.0
DsNm,1,2,3,0.33
DsNn,1,4,5,0.2
DsNs,2,1,3,0.67
DsPB,0,0,0,
DsPD,3,0,3,1.0
DsPI,2,0,2,1.0
DsPL,2,1,3,0.67
DsPM,1,2,3,0.33
DsPN,1,1,2,0.5
DsPP,3,3,6,0.5
DsPS,0,1,1,0.0
DsPb,3,3,6,0.5
DsPl,0,3,3,0.0
DsPm,2,1,3,0.67
DsPn,2,5,7,0.29
DsPs,3,0,3,1.0
DsPt,0,1,1,0.0
DsSB,3,4,7,0.43
DsSD,0,1,1,0.0
DsSL,1,1,2,0.5
DsSM,3,1,4,0.75
DsSN,2,1,3,0.67
DsSP,3,2,5,0.6
DsSS,4,3,7,0.57
DsSb,0,1,1,0.0
DsSh,3,1,4,0.75
DsSl,1,0,1,1.0
DsSm,2,3,5,0.4
DsSn,1,0,1,1.0
DsSs,1,1,2,0.5
DsSt,0,0,0,
DsbB,3,1,4,0.75
DsbD,0,1,1,0.0
DsbH,1,0,1,1.0
DsbJ,1,0,1,1.0
DsbK,1,2,3,0.33
DsbL,0,1,1,0.0
DsbM,0,1,1,0.0
DsbN,0,1,1,0.0
DsbP,3,1,4,0.75
Dsbb,3,1,4,0.75
Dsbl,1,1,2,0.5
Dsbm,2,2,4,0.5
Dsbn,1,0,1,1.0
Dsbs,3,0,3,1.0
Dsht,1,0,1,1.0
DslB,2,1,3,0.67
DslH,0,1,1,0.0
DslI,0,0,0,
DslM,1,0,1,1.0
DslP,0,1,1,0.0
Dsll,0,1,1,0.0
Dsls,0,1,1,0.0
DsmB,1,1,2,0.5
DsmD,2,2,4,0.5
DsmH,0,2,2,0.0
DsmJ,1,1,2,0.5
DsmK,0,1,1,0.0
DsmL,1,1,2,0.5
DsmM,2,4,6,0.33
DsmN,4,2,6,0.67
DsmP,0,0,0,
DsmS,2,0,2,1.0
Dsmb,3,2,5,0.6
Dsml,0,2,2,0.0
Dsmm,5,5,10,0.5
Dsmn,0,2,2,0.0
Dsms,2,2,4,0.5
DsnB,1,1,2,0.5
DsnH,3,1,4,0.75
DsnI,1,0,1,1.0
DsnN,0,1,1,0.0
DsnP,2,1,3,0.67
DsnS,2,3,5,0.4
Dsnb,1,0,1,1.0
Dsnm,0,3,3,0.0
Dsnn,1,2,3,0.33
Dsns,3,0,3,1.0
DssB,1,1,2,0.5
DssH,3,3,6,0.5
DssM,4,0,4,1.0
DssN,1,1,2,0.5
DssP,0,2,2,0.0
DssS,1,2,3,0.33
Dssb,2,0,2,1.0
Dssh,1,0,1,1.0
Dssl,0,0,0,
Dssm,4,2,6,0.67
Dssn,2,2,4,0.5
Dsss,0,1,1,0.0
DtBK,0,0,0,
DtBM,1,0,1,1.0
DtBl,1,0,1,1.0
DtBm,2,0,2,1.0
DtBn,0,1,1,0.0
DtDB,0,1,1,0.0
DtDH,0,0,0,
DtDb,1,0,1,1.0
DtDm,0,0,0,
DtDn,1,0,1,1.0
DtDs,1,0,1,1.0
DtHP,0,1,1,0.0
DtHS,2,0,2,1.0
DtHb,1,0,1,1.0
DtKS,1,0,1,1.0
DtLB,0,1,1,0.0
DtLb,0,0,0,
DtLm,1,1,2,0.5
DtMB,0,1,1,0.0
DtMD,0,0,0,
DtMN,3,0,3,1.0
DtMl,0,1,1,0.0
DtMm,1,0,1,1.0
DtMn,0,1,1,0.0
DtMs,0,1,1,0.0
DtNB,1,0,1,1.0
DtNM,2,0,2,1.0
DtNP,1,0,1,1.0
DtNS,1,0,1,1.0
DtNb,0,1,1,0.0
DtNm,1,1,2,0.5
DtNn,0,0,0,
DtNs,1,0,1,1.0
DtPL,1,0,1,1.0
DtPM,1,0,1,1.0
DtPS,0,1,1,0.0
DtPb,1,0,1,1.0
DtPl,1,0,1,1.0
DtPm,1,1,2,0.5
DtSB,0,2,2,0.0
DtSP,1,0,1,1.0
DtSS,0,0,0,
DtSn,0,1,1,0.0
DtSs,0,1,1,0.0
Dtbb,1,0,1,1.0
Dtln,0,1,1,0.0
DtmH,0,1,1,0.0
DtmM,1,1,2,0.5
DtmN,1,0,1,1.0
DtmP,1,0,1,1.0
DtmS,1,1,2,0.5
Dtmb,0,1,1,0.0
Dtmm,1,0,1,1.0
Dtms,1,0,1,1.0
DtnB,0,1,1,0.0
DtnL,0,0,0,
DtnM,0,1,1,0.0
DtnN,0,1,1,0.0
DtnP,1,2,3,0.33
Dtnm,0,0,0,
Dtnn,1,1,2,0.5
DtsD,0,1,1,0.0
DtsH,0,1,1,0.0
DtsN,1,0,1,1.0
DtsP,1,0,1,1.0
DtsS,1,1,2,0.5
Dtss,0,1,1,0.0
HBBB,5,7,12,0.42
HBBL,1,1,2,0.5
HBBM,2,3,5,0.4
HBBN,3,6,9,0.33
HBBP,5,5,10,0.5
HBBS,2,2,4,0.5
HBBb,2,3,5,0.4
HBBj,1,0,1,1.0
HBBl,1,2,3,0.33
HBBm,4,1,5,0.8
HBBn,2,4,6,0.33
HBBs,1,4,5,0.2
HBDB,1,1,2,0.5
HBDH,1,1,2,0.5
HBDI,0,1,1,0.0
HBDL,0,1,1,0.0
HBDN,0,1,1,0.0
HBDP,2,1,3,0.67
HBDS,0,2,2,0.0
HBDb,1,1,2,0.5
HBDm,0,2,2,0.0
HBDn,1,0,1,1.0
HBDs,0,1,1,0.0
HBHm,0,1,1,0.0
HBKD,0,1,1,0.0
HBKH,1,0,1,1.0
HBKM,0,0,0,
HBKN,1,1,2,0.5
HBKP,0,0,0,
HBKb,1,0,1,1.0
HBKh,1,0,1,1.0
HBKl,0,1,1,0.0
HBKm,2,1,3,0.67
HBKs,1,0,1,1.0
HBLB,0,1,1,0.0
HBLL,1,0,1,1.0
HBLM,0,2,2,0.0
HBLN,1,0,1,1.0
HBLP,0,1,1,0.0
HBLS,1,0,1,1.0
HBLb,2,0,2,1.0
HBLl,1,0,1,1.0
HBLm,2,2,4,0.5
HBLn,1,2,3,0.33
HBLt,1,0,1,1.0
HBMB,5,4,9,0.56
HBML,1,2,3,0.33
HBMM,6,2,8,0.75
HBMN,1,5,6,0.17
HBMP,2,3,5,0.4
HBMS,2,1,3,0.67
HBMb,1,4,5,0.2
HBMh,1,4,5,0.2
HBMj,1,0,1,1.0
HBMl,0,3,3,0.0
HBMm,7,3,10,0.7
HBMn,11,3,14,0.79
HBMs,2,3,5,0.4
HBMt,0,0,0,
HBNB,1,2,3,0.33
HBND,1,0,1,1.0
HBNH,1,0,1,1.0
HBNK,0,1,1,0.0
HBNL,1,1,2,0.5
HBNM,5,3,8,0.62
HBNN,4,5,9,0.44
HBNP,5,2,7,0.71
HBNS,4,7,11,0.36
HBNb,4,4,8,0.5
HBNh,1,2,3,0.33
HBNl,1,1,2,0.5
HBNm,5,2,7,0.71
HBNn,4,5,9,0.44
HBNs,5,2,7,0.71
HBNt,0,0,0,
HBPB,4,4,8,0.5
HBPD,0,1,1,0.0
HBPH,0,1,1,0.0
HBPI,0,1,1,0.0
HBPK,0,2,2,0.0
HBPL,2,1,3,0.67
HBPM,2,2,4,0.5
HBPN,2,4,6,0.33
HBPP,5,6,11,0.45
HBPS,2,2,4,0.5
HBPb,3,0,3,1.0
HBPh,2,0,2,1.0
HBPl,1,0,1,1.0
HBPm,4,3,7,0.57
HBPn,0,2,2,0.0
HBPs,0,4,4,0.0
HBSB,1,3,4,0.25
HBSD,1,0,1,1.0
HBSH,3,3,6,0.5
HBSL,0,2,2,0.0
HBSM,2,4,6,0.33
HBSN,2,1,3,0.67
HBSP,2,1,3,0.67
HBSS,4,4,8,0.5
HBSb,0,4,4,0.0
HBSh,0,1,1,0.0
HBSl,0,1,1,0.0
HBSm,1,2,3,0.33
HBSn,0,1,1,0.0
HBSs,2,1,3,0.67
HBbB,5,8,13,0.38
HBbI,1,1,2,0.5
HBbJ,0,1,1,0.0
HBbK,0,1,1,0.0
HBbL,1,0,1,1.0
HBbM,2,4,6,0.33
HBbN,7,2,9,0.78
HBbP,8,5,13,0.62
HBbS,0,2,2,0.0
HBbb,6,4,10,0.6
HBbl,0,1,1,0.0
HBbm,5,4,9,0.56
HBbn,1,2,3,0.33
HBbs,0,2,2,0.0
HBhB,1,1,2,0.5
HBhM,1,0,1,1.0
HBhN,1,1,2,0.5
HBhS,0,1,1,0.0
HBhh,0,0,0,
HBhm,1,1,2,0.5
HBhn,2,0,2,1.0
HBhs,1,0,1,1.0
HBjB,1,0,1,1.0
HBjM,0,1,1,0.0
HBjN,1,1,2,0.5
HBjP,1,1,2,0.5
HBjS,1,0,1,1.0
HBjb,3,0,3,1.0
HBjh,1,0,1,1.0
HBjm,0,0,0,
HBjn,1,2,3,0.33
HBjs,1,0,1,1.0
HBjt,1,0,1,1.0
HBlB,3,2,5,0.6
HBlD,1,0,1,1.0
HBlH,2,1,3,0.67
HBlI,0,1,1,0.0
HBlJ,1,0,1,1.0
HBlL,0,1,1,0.0
HBlM,2,3,5,0.4
HBlN,1,0,1,1.0
HBlP,1,2,3,0.33
HBlS,4,1,5,0.8
HBlb,0,1,1,0.0
HBll,0,1,1,0.0
HBlm,1,2,3,0.33
HBln,1,0,1,1.0
HBls,1,0,1,1.0
HBmB,1,2,3,0.33
HBmD,1,1,2,0.5
HBmH,6,5,11,0.55
HBmI,2,0,2,1.0
HBmJ,0,1,1,0.0
HBmL,0,2,2,0.0
HBmM,0,1,1,0.0
HBmN,7,6,13,0.54
HBmP,6,1,7,0.86
HBmS,1,0,1,1.0
HBmb,0,4,4,0.0
HBml,1,3,4,0.25
HBmm,5,1,6,0.83
HBmn,1,6,7,0.14
HBms,3,3,6,0.5
HBnB,2,3,5,0.4
HBnD,0,1,1,0.0
HBnH,4,2,6,0.67
HBnK,0,1,1,0.0
HBnL,0,0,0,
HBnM,3,4,7,0.43
HBnN,6,8,14,0.43
HBnP,3,5,8,0.38
HBnS,4,6,10,0.4
HBnb,8,2,10,0.8
HBnh,1,1,2,0.5
HBnl,1,3,4,0.25
HBnm,5,3,8,0.62
HBnn,7,3,10,0.7
HBns,1,3,4,0.25
HBsB,0,4,4,0.0
HBsH,2,1,3,0.67
HBsL,0,0,0,
HBsM,3,3,6,0.5
HBsN,1,0,1,1.0
HBsP,1,5,6,0.17
HBsS,2,4,6,0.33
HBsb,1,2,3,0.33
HBsh,1,0,1,1.0
HBsm,1,1,2,0.5
HBsn,1,1,2,0.5
HBss,3,1,4,0.75
HBtB,2,0,2,1.0
HBtH,1,0,1,1.0
HBtN,1,0,1,1.0
HBtP,1,1,2,0.5
HBtS,0,1,1,0.0
HBtl,1,0,1,1.0
HBtm,2,1,3,0.67
HDBB,1,1,2,0.5
HDBL,0,1,1,0.0
HDBM,0,1,1,0.0
HDBN,0,1,1,0.0
HDBP,1,3,4,0.25
HDBb,0,1,1,0.0
HDBj,1,0,1,1.0
HDBm,1,0,1,1.0
HDBn,1,0,1,1.0
HDBs,2,0,2,1.0
HDBt,0,1,1,0.0
HDDB,0,2,2,0.0
HDDN,1,1,2,0.5
HDDP,1,0,1,1.0
HDDt,1,0,1,1.0
HDHH,2,0,2,1.0
HDHM,1,3,4,0.25
HDHP,1,1,2,0.5
HDHS,2,2,4,0.5
HDHh,3,0,3,1.0
HDHm,1,0,1,1.0
HDHn,0,1,1,0.0
HDHs,2,0,2,1.0
HDIM,0,0,0,
HDIs,0,0,0,
HDLB,0,2,2,0.0
HDLL,1,0,1,1.0
HDLM,1,1,2,0.5
HDLm,1,1,2,0.5
HDLn,0,1,1,0.0
HDMB,1,0,1,1.0
HDMD,0,1,1,0.0
HDML,0,0,0,
HDMM,1,0,1,1.0
HDMN,0,1,1,0.0
HDMS,0,2,2,0.0
HDMb,1,0,1,1.0
HDMh,0,1,1,0.0
HDMm,2,2,4,0.5
HDMn,0,1,1,0.0
HDMs,1,0,1,1.0
HDNI,1,0,1,1.0
HDNK,0,1,1,0.0
HDNL,1,0,1,1.0
HDNM,0,1,1,0.0
HDNN,2,2,4,0.5
HDNP,1,1,2,0.5
HDNS,0,1,1,0.0
HDNb,0,1,1,0.0
HDNm,1,1,2,0.5
HDNn,1,2,3,0.33
HDNs,1,0,1,1.0
HDNt,1,0,1,1.0
HDPB,0,1,1,0.0
HDPD,0,0,0,
HDPL,1,2,3,0.33
HDPM,2,1,3,0.67
HDPN,3,0,3,1.0
HDPP,0,2,2,0.0
HDPS,1,1,2,0.5
HDPb,2,0,2,1.0
HDPh,0,1,1,0.0
HDPl,1,0,1,1.0
HDPm,3,3,6,0.5
HDPn,0,1,1,0.0
HDSB,1,2,3,0.33
HDSD,0,0,0,
HDSM,2,5,7,0.29
HDSN,1,0,1,1.0
HDSP,3,0,3,1.0
HDSS,1,1,2,0.5
HDSb,1,1,2,0.5
HDSl,1,0,1,1.0
HDSm,2,1,3,0.67
HDSn,2,1,3,0.67
HDSs,3,0,3,1.0
HDbB,0,0,0,
HDbD,1,0,1,1.0
HDbJ,0,1,1,0.0
HDbK,0,1,1,0.0
HDbM,2,2,4,0.5
HDbN,1,1,2,0.5
HDbP,0,1,1,0.0
HDbb,1,0,1,1.0
HDbl,0,1,1,0.0
HDbm,1,0,1,1.0
HDbn,0,1,1,0.0
HDhP,1,1,2,0.5
HDlN,1,1,2,0.5
HDll,1,0,1,1.0
HDls,2,0,2,1.0
HDmD,1,0,1,1.0
HDmH,0,6,6,0.0
HDmM,2,0,2,1.0
HDmN,0,1,1,0.0
HDmP,0,1,1,0.0
HDmS,0,1,1,0.0
HDmb,3,1,4,0.75
HDml,0,1,1,0.0
HDmm,0,2,2,0.0
HDms,1,0,1,1.0
HDnB,0,1,1,0.0
HDnH,0,2,2,0.0
HDnI,1,0,1,1.0
HDnK,0,1,1,0.0
HDnM,1,0,1,1.0
HDnN,1,2,3,0.33
HDnP,1,2,3,0.33
HDnS,2,1,3,0.67
HDnb,1,1,2,0.5
HDnm,1,1,2,0.5
HDsH,0,2,2,0.0
HDsM,1,1,2,0.5
HDsN,1,0,1,1.0
HDsP,0,1,1,0.0
HDsS,4,2,6,0.67
HDsl,0,0,0,
HDsm,2,0,2,1.0
HDsn,1,3,4,0.25
HDss,0,1,1,0.0
HDtn,0,0,0,
HHBB,1,2,3,0.33
HHBM,0,1,1,0.0
HHBN,3,1,4,0.75
HHBP,1,2,3,0.33
HHBS,0,1,1,0.0
HHBb,1,0,1,1.0
HHBl,1,0,1,1.0
HHBm,2,0,2,1.0
HHBn,0,2,2,0.0
HHBt,1,0,1,1.0
HHDB,1,0,1,1.0
HHDN,1,0,1,1.0
HHDP,0,0,0,
HHDS,0,2,2,0.0
HHDl,0,1,1,0.0
HHDn,1,0,1,1.0
HHHB,0,2,2,0.0
HHHm,1,0,1,1.0
HHHs,0,0,0,
HHIM,0,1,1,0.0
HHIl,1,0,1,1.0
HHKL,1,0,1,1.0
HHKM,0,0,0,
HHKN,1,0,1,1.0
HHKP,0,1,1,0.0
HHKm,0,0,0,
HHLP,1,0,1,1.0
HHMB,0,1,1,0.0
HHMD,0,0,0,
HHMK,0,1,1,0.0
HHML,0,1,1,0.0
HHMM,0,2,2,0.0
HHMN,2,2,4,0.5
HHMP,3,0,3,1.0
HHMS,0,0,0,
HHMb,2,1,3,0.67
HHMh,0,0,0,
HHMj,0,1,1,0.0
HHMm,0,1,1,0.0
HHMn,1,1,2,0.5
HHNB,0,0,0,
HHNK,0,1,1,0.0
HHNL,1,0,1,1.0
HHNM,0,2,2,0.0
HHNP,0,1,1,0.0
HHNS,1,1,2,0.5
HHNb,0,0,0,
HHNh,1,0,1,1.0
HHNl,1,0,1,1.0
HHNm,1,0,1,1.0
HHNn,1,3,4,0.25
HHNs,1,1,2,0.5
HHPH,0,1,1,0.0
HHPI,1,0,1,1.0
HHPL,0,0,0,
HHPM,1,1,2,0.5
HHPP,4,1,5,0.8
HHPS,0,1,1,0.0
HHPl,0,1,1,0.0
HHPm,0,1,1,0.0
HHPn,1,0,1,1.0
HHPs,1,1,2,0.5
HHSB,1,0,1,1.0
HHSM,2,1,3,0.67
HHSN,1,0,1,1.0
HHSP,2,0,2,1.0
HHSS,1,2,3,0.33
HHSb,0,1,1,0.0
HHSm,3,1,4,0.75
HHSn,2,2,4,0.5
HHSs,1,2,3,0.33
HHSt,1,0,1,1.0
HHbB,3,0,3,1.0
HHbJ,1,0,1,1.0
HHbL,1,0,1,1.0
HHbM,1,2,3,0.33
HHbN,1,0,1,1.0
HHbP,0,0,0,
HHbS,0,1,1,0.0
HHbb,1,2,3,0.33
HHbm,2,1,3,0.67
HHbn,1,0,1,1.0
HHhL,1,0,1,1.0
HHhM,0,1,1,0.0
HHhN,0,1,1,0.0
HHhP,1,0,1,1.0
HHlM,3,0,3,1.0
HHlN,1,0,1,1.0
HHln,0,1,1,0.0
HHmB,1,1,2,0.5
HHmD,1,0,1,1.0
HHmH,1,4,5,0.2
HHmM,2,2,4,0.5
HHmN,0,2,2,0.0
HHmP,2,0,2,1.0
HHmS,0,3,3,0.0
HHmb,1,2,3,0.33
HHmm,0,2,2,0.0
HHms,0,0,0,
HHnB,1,0,1,1.0
HHnH,1,0,1,1.0
HHnM,0,1,1,0.0
HHnN,0,1,1,0.0
HHnP,0,4,4,0.0
HHnS,0,1,1,0.0
HHnb,1,0,1,1.0
HHnh,0,0,0,
HHnm,1,1,2,0.5
HHnn,1,1,2,0.5
HHns,1,0,1,1.0
HHsB,1,0,1,1.0
HHsH,0,1,1,0.0
HHsL,0,1,1,0.0
HHsM,0,0,0,
HHsN,0,2,2,0.0
HHsP,1,2,3,0.33
HHsS,2,0,2,1.0
HHsb,0,1,1,0.0
HHsl,0,1,1,0.0
HHsm,1,0,1,1.0
HHsn,0,0,0,
HHss,1,2,3,0.33
HHtS,1,0,1,1.0
HIBB,2,0,2,1.0
HIBN,0,1,1,0.0
HIBS,0,0,0,
HIBb,1,0,1,1.0
HIBm,1,0,1,1.0
HIBn,0,2,2,0.0
HIBs,0,1,1,0.0
HIDB,0,0,0,
HIDL,0,0,0,
HIDS,0,1,1,0.0
HIHP,2,1,3,0.67
HIHb,0,2,2,0.0
HIHh,0,0,0,
HIHl,0,2,2,0.0
HIHm,1,0,1,1.0
HIHn,1,0,1,1.0
HIHs,0,0,0,
HIIN,1,0,1,1.0
HIIP,1,0,1,1.0
HILP,0,0,0,
HILS,0,1,1,0.0
HILm,1,0,1,1.0
HIMB,0,1,1,0.0
HIMD,0,1,1,0.0
HIMM,1,1,2,0.5
HIMb,1,3,4,0.25
HIMh,0,2,2,0.0
HIMj,0,0,0,
HIMl,2,1,3,0.67
HIMm,0,1,1,0.0
HIMn,0,1,1,0.0
HIMs,1,0,1,1.0
HINB,1,1,2,0.5
HINH,0,1,1,0.0
HINK,1,0,1,1.0
HINN,0,0,0,
HINP,1,1,2,0.5
HINS,0,1,1,0.0
HINb,1,0,1,1.0
HINm,1,1,2,0.5
HINn,0,2,2,0.0
HIPB,2,1,3,0.67
HIPM,2,1,3,0.67
HIPP,0,1,1,0.0
HIPS,0,1,1,0.0
HIPb,1,2,3,0.33
HIPm,1,0,1,1.0
HIPn,0,0,0,
HISH,1,1,2,0.5
HISL,0,0,0,
HISM,0,3,3,0.0
HISN,1,0,1,1.0
HISP,2,2,4,0.5
HISl,1,0,1,1.0
HISm,0,2,2,0.0
HISs,2,2,4,0.5
HISt,0,1,1,0.0
HIbB,1,1,2,0.5
HIbH,0,1,1,0.0
HIbJ,0,1,1,0.0
HIbL,0,0,0,
HIbM,1,1,2,0.5
HIbN,0,0,0,
HIbP,1,1,2,0.5
HIbS,0,1,1,0.0
HIbm,1,0,1,1.0
HIbn,0,1,1,0.0
HIbs,1,1,2,0.5
HIlB,1,0,1,1.0
HIlM,1,0,1,1.0
HImH,0,1,1,0.0
HImM,2,2,4,0.5
HImN,2,0,2,1.0
HImS,0,1,1,0.0
HImb,1,1,2,0.5
HImm,1,0,1,1.0
HImn,2,0,2,1.0
HIms,0,1,1,0.0
HInD,0,1,1,0.0
HInH,0,1,1,0.0
HInI,1,0,1,1.0
HInM,2,0,2,1.0
HInN,2,2,4,0.5
HInP,1,0,1,1.0
HInb,2,1,3,0.67
HInm,1,1,2,0.5
HIsH,0,1,1,0.0
HIsN,2,0,2,1.0
HIsP,1,0,1,1.0
HIsS,0,1,1,0.0
HIsm,1,1,2,0.5
HIsn,0,1,1,0.0
HIss,1,0,1,1.0
HItm,1,1,2,0.5
HKBL,1,0,1,1.0
HKBN,0,3,3,0.0
HKBS,0,0,0,
HKBb,1,0,1,1.0
HKBl,0,0,0,
HKBm,0,1,1,0.0
HKDN,0,1,1,0.0
HKDb,1,0,1,1.0
HKHs,0,0,0,
HKIM,1,1,2,0.5
HKLM,0,1,1,0.0
HKLN,0,1,1,0.0
HKLn,1,0,1,1.0
HKLt,1,0,1,1.0
HKMB,1,0,1,1.0
HKMM,2,0,2,1.0
HKMS,0,1,1,0.0
HKMb,0,2,2,0.0
HKMh,1,1,2,0.5
HKMn,1,0,1,1.0
HKNB,1,1,2,0.5
HKNM,1,0,1,1.0
HKNP,1,0,1,1.0
HKNS,0,1,1,0.0
HKNm,0,1,1,0.0
HKNn,1,0,1,1.0
HKNs,0,0,0,
HKPB,0,3,3,0.0
HKPL,0,0,0,
HKPM,1,0,1,1.0
HKPP,0,3,3,0.0
HKPS,1,0,1,1.0
HKPb,0,2,2,0.0
HKPm,2,0,2,1.0
HKPn,0,2,2,0.0
HKSL,1,1,2,0.5
HKSM,0,1,1,0.0
HKSS,0,1,1,0.0
HKSl,0,0,0,
HKSm,0,2,2,0.0
HKSn,0,1,1,0.0
HKSt,1,0,1,1.0
HKbB,0,1,1,0.0
HKbN,0,1,1,0.0
HKbm,0,1,1,0.0
HKbn,0,1,1,0.0
HKhB,0,1,1,0.0
HKhD,0,1,1,0.0
HKhP,0,1,1,0.0
HKhS,0,1,1,0.0
HKhh,1,0,1,1.0
HKlP,1,0,1,1.0
HKlb,0,1,1,0.0
HKln,1,0,1,1.0
HKmL,0,0,0,
HKmM,0,1,1,0.0
HKmP,0,1,1,0.0
HKmS,1,0,1,1.0
HKml,0,1,1,0.0
HKmm,1,0,1,1.0
HKmn,1,0,1,1.0
HKms,1,0,1,1.0
HKnH,1,0,1,1.0
HKnM,0,1,1,0.0
HKnP,1,0,1,1.0
HKnm,0,0,0,
HKnn,0,0,0,
HKsB,0,1,1,0.0
HKsH,0,0,0,
HKsP,0,1,1,0.0
HKsS,1,0,1,1.0
HKsb,0,1,1,0.0
HKsm,2,0,2,1.0
HKss,1,0,1,1.0
HKtH,1,0,1,1.0
HLBB,1,0,1,1.0
HLBD,1,0,1,1.0
HLBL,0,1,1,0.0
HLBM,1,1,2,0.5
HLBN,0,1,1,0.0
HLBP,2,0,2,1.0
HLBb,0,1,1,0.0
HLBh,1,0,1,1.0
HLBj,1,0,1,1.0
HLBm,0,2,2,0.0
HLBn,1,0,1,1.0
HLBs,2,0,2,1.0
HLDM,1,0,1,1.0
HLDb,1,0,1,1.0
HLKL,0,0,0,
HLKl,1,0,1,1.0
HLKm,1,0,1,1.0
HLKn,0,1,1,0.0
HLLD,0,0,0,
HLLP,0,1,1,0.0
HLLS,1,0,1,1.0
HLLj,1,0,1,1.0
HLLl,2,0,2,1.0
HLLm,0,2,2,0.0
HLLn,1,0,1,1.0
HLMB,2,4,6,0.33
HLML,1,0,1,1.0
HLMM,0,3,3,0.0
HLMN,2,1,3,0.67
HLMP,1,1,2,0.5
HLMS,0,1,1,0.0
HLMb,2,0,2,1.0
HLMh,1,1,2,0.5
HLMm,1,2,3,0.33
HLMn,1,2,3,0.33
HLMs,1,4,5,0.2
HLNB,1,0,1,1.0
HLNH,0,1,1,0.0
HLNK,1,0,1,1.0
HLNN,2,0,2,1.0
HLNP,1,1,2,0.5
HLNS,2,1,3,0.67
HLNb,1,1,2,0.5
HLNm,2,2,4,0.5
HLNn,0,2,2,0.0
HLNs,1,1,2,0.5
HLPB,2,2,4,0.5
HLPK,0,1,1,0.0
HLPM,1,1,2,0.5
HLPN,1,0,1,1.0
HLPP,1,4,5,0.2
HLPS,4,4,8,0.5
HLPb,2,2,4,0.5
HLPh,0,0,0,
HLPl,1,1,2,0.5
HLPm,0,3,3,0.0
HLPn,1,0,1,1.0
HLPs,2,1,3,0.67
HLSB,1,1,2,0.5
HLSD,0,0,0,
HLSH,0,1,1,0.0
HLSL,2,2,4,0.5
HLSM,0,3,3,0.0
HLSN,1,1,2,0.5
HLSP,3,0,3,1.0
HLSS,1,0,1,1.0
HLSb,0,2,2,0.0
HLSh,0,0,0,
HLSm,2,3,5,0.4
HLSn,2,1,3,0.67
HLSs,1,0,1,1.0
HLbB,1,1,2,0.5
HLbK,1,0,1,1.0
HLbL,0,1,1,0.0
HLbM,1,1,2,0.5
HLbN,3,1,4,0.75
HLbP,1,0,1,1.0
HLbS,0,1,1,0.0
HLbl,1,0,1,1.0
HLbm,1,2,3,0.33
HLbn,0,0,0,
HLhH,0,1,1,0.0
HLhI,1,0,1,1.0
HLhM,0,1,1,0.0
HLhN,1,0,1,1.0
HLhP,3,2,5,0.6
HLhb,1,0,1,1.0
HLhh,3,1,4,0.75
HLhl,0,0,0,
HLhn,0,1,1,0.0
HLhs,0,1,1,0.0
HLjK,1,0,1,1.0
HLjP,0,0,0,
HLjS,1,0,1,1.0
HLjb,1,0,1,1.0
HLjn,0,1,1,0.0
HLjs,1,0,1,1.0
HLlB,0,2,2,0.0
HLlJ,0,0,0,
HLlL,0,0,0,
HLlM,0,2,2,0.0
HLlN,0,1,1,0.0
HLlP,0,0,0,
HLlS,1,1,2,0.5
HLlb,1,1,2,0.5
HLlm,1,1,2,0.5
HLln,0,1,1,0.0
HLls,0,3,3,0.0
HLmB,2,3,5,0.4
HLmD,1,1,2,0.5
HLmH,0,0,0,
HLmL,0,1,1,0.0
HLmM,3,0,3,1.0
HLmP,1,0,1,1.0
HLmS,0,1,1,0.0
HLmb,2,4,6,0.33
HLml,1,0,1,1.0
HLmm,2,1,3,0.67
HLmn,3,0,3,1.0
HLnB,1,1,2,0.5
HLnD,0,1,1,0.0
HLnH,1,0,1,1.0
HLnK,0,1,1,0.0
HLnM,1,1,2,0.5
HLnN,1,0,1,1.0
HLnP,2,2,4,0.5
HLnS,1,2,3,0.33
HLnb,2,1,3,0.67
HLnl,2,0,2,1.0
HLnm,4,1,5,0.8
HLnn,1,1,2,0.5
HLns,2,1,3,0.67
HLsB,2,2,4,0.5
HLsI,0,0,0,
HLsL,1,0,1,1.0
HLsM,1,0,1,1.0
HLsN,2,3,5,0.4
HLsP,2,1,3,0.67
HLsb,2,0,2,1.0
HLsh,0,1,1,0.0
HLsl,0,1,1,0.0
HLsm,1,0,1,1.0
HLsn,0,2,2,0.0
HLss,2,0,2,1.0
HLtL,0,0,0,
HLtb,0,1,1,0.0
HLtl,1,0,1,1.0
HLtm,0,1,1,0.0
HLtn,2,0,2,1.0
HMBB,3,0,3,1.0
HMBD,0,0,0,
HMBK,0,1,1,0.0
HMBL,0,2,2,0.0
HMBM,6,4,10,0.6
HMBN,3,1,4,0.75
HMBP,3,4,7,0.43
HMBS,2,0,2,1.0
HMBb,4,3,7,0.57
HMBh,1,2,3,0.33
HMBj,2,0,2,1.0
HMBl,0,2,2,0.0
HMBm,3,1,4,0.75
HMBn,8,4,12,0.67
HMBs,3,1,4,0.75
HMBt,1,0,1,1.0
HMDD,2,0,2,1.0
HMDH,3,1,4,0.75
HMDL,1,0,1,1.0
HMDM,1,1,2,0.5
HMDN,1,0,1,1.0
HMDP,0,0,0,
HMDS,0,1,1,0.0
HMDb,1,0,1,1.0
HMDm,2,2,4,0.5
HMDn,1,0,1,1.0
HMDs,1,1,2,0.5
HMHm,1,0,1,1.0
HMIN,0,1,1,0.0
HMIt,1,0,1,1.0
HMKH,0,1,1,0.0
HMKS,0,1,1,0.0
HMKl,0,1,1,0.0
HMLB,0,2,2,0.0
HMLM,1,1,2,0.5
HMLN,0,1,1,0.0
HMLP,0,2,2,0.0
HMLS,1,1,2,0.5
HMLb,2,1,3,0.67
HMLj,0,0,0,
HMLm,1,3,4,0.25
HMLn,0,1,1,0.0
HMLs,1,0,1,1.0
HMMB,4,8,12,0.33
HMMD,1,2,3,0.33
HMMK,0,0,0,
HMMM,1,10,11,0.09
HMMN,1,5,6,0.17
HMMP,5,7,12,0.42
HMMS,2,7,9,0.22
HMMb,6,1,7,0.86
HMMh,2,3,5,0.4
HMMj,0,0,0,
HMMl,1,1,2,0.5
HMMm,4,7,11,0.36
HMMn,7,7,14,0.5
HMMs,2,0,2,1.0
HMNB,3,5,8,0.38
HMND,0,1,1,0.0
HMNH,1,0,1,1.0
HMNK,0,1,1,0.0
HMNL,1,0,1,1.0
HMNM,7,1,8,0.88
HMNN,3,2,5,0.6
HMNP,5,9,14,0.36
HMNS,2,4,6,0.33
HMNb,3,4,7,0.43
HMNh,1,1,2,0.5
HMNl,0,2,2,0.0
HMNm,8,8,16,0.5
HMNn,2,7,9,0.22
HMNs,6,2,8,0.75
HMNt,1,1,2,0.5
HMPB,2,3,5,0.4
HMPD,0,0,0,
HMPH,0,1,1,0.0
HMPI,0,1,1,0.0
HMPK,1,1,2,0.5
HMPL,1,2,3,0.33
HMPM,2,5,7,0.29
HMPN,7,4,11,0.64
HMPP,6,5,11,0.55
HMPS,6,2,8,0.75
HMPb,4,1,5,0.8
HMPl,1,3,4,0.25
HMPm,6,5,11,0.55
HMPn,5,6,11,0.45
HMPs,6,1,7,0.86
HMPt,2,0,2,1.0
HMSB,6,3,9,0.67
HMSD,1,0,1,1.0
HMSH,1,3,4,0.25
HMSI,1,0,1,1.0
HMSL,2,1,3,0.67
HMSM,3,3,6,0.5
HMSN,2,2,4,0.5
HMSP,3,3,6,0.5
HMSS,1,6,7,0.14
HMSb,2,3,5,0.4
HMSh,0,2,2,0.0
HMSl,3,4,7,0.43
HMSm,6,6,12,0.5
HMSn,5,1,6,0.83
HMSs,2,3,5,0.4
HMbB,3,4,7,0.43
HMbH,0,1,1,0.0
HMbJ,1,3,4,0.25
HMbL,3,1,4,0.75
HMbM,1,4,5,0.2
HMbN,7,4,11,0.64
HMbP,5,4,9,0.56
HMbS,3,2,5,0.6
HMbb,1,3,4,0.25
HMbl,0,1,1,0.0
HMbm,2,2,4,0.5
HMbn,2,2,4,0.5
HMbs,9,1,10,0.9
HMhB,3,1,4,0.75
HMhD,0,1,1,0.0
HMhH,2,2,4,0.5
HMhI,0,2,2,0.0
HMhL,0,1,1,0.0
HMhM,1,2,3,0.33
HMhN,1,3,4,0.25
HMhP,2,4,6,0.33
HMhS,7,4,11,0.64
HMhb,2,3,5,0.4
HMhh,4,3,7,0.57
HMhl,1,3,4,0.25
HMhm,7,3,10,0.7
HMhn,2,1,3,0.67
HMhs,5,1,6,0.83
HMht,0,0,0,
HMjB,2,1,3,0.67
HMjH,1,0,1,1.0
HMjI,1,0,1,1.0
HMjL,1,1,2,0.5
HMjM,1,3,4,0.25
HMjN,1,0,1,1.0
HMjP,1,1,2,0.5
HMjS,2,2,4,0.5
HMjb,1,0,1,1.0
HMjl,2,0,2,1.0
HMjm,0,1,1,0.0
HMjn,2,1,3,0.67
HMjs,0,1,1,0.0
HMjt,1,0,1,1.0
HMlB,0,1,1,0.0
HMlH,1,2,3,0.33
HMlJ,0,0,0,
HMlL,0,1,1,0.0
HMlM,3,1,4,0.75
HMlN,1,0,1,1.0
HMlP,4,1,5,0.8
HMlS,0,0,0,
HMlb,1,1,2,0.5
HMll,0,2,2,0.0
HMlm,1,0,1,1.0
HMln,1,0,1,1.0
HMls,0,1,1,0.0
HMmB,5,3,8,0.62
HMmD,1,3,4,0.25
HMmH,4,7,11,0.36
HMmI,0,0,0,
HMmJ,2,2,4,0.5
HMmK,0,1,1,0.0
HMmL,1,0,1,1.0
HMmM,3,3,6,0.5
HMmN,5,8,13,0.38
HMmP,5,1,6,0.83
HMmS,3,6,9,0.33
HMmb,4,3,7,0.57
HMmm,3,5,8,0.38
HMmn,7,5,12,0.58
HMms,4,7,11,0.36
HMnB,3,4,7,0.43
HMnD,2,0,2,1.0
HMnH,3,4,7,0.43
HMnI,0,2,2,0.0
HMnK,0,0,0,
HMnL,4,1,5,0.8
HMnM,5,5,10,0.5
HMnN,3,7,10,0.3
HMnP,10,7,17,0.59
HMnS,7,4,11,0.64
HMnb,2,2,4,0.5
HMnl,2,2,4,0.5
HMnm,5,1,6,0.83
HMnn,5,3,8,0.62
HMns,6,2,8,0.75
HMsB,5,4,9,0.56
HMsD,0,0,0,
HMsH,1,5,6,0.17
HMsK,0,1,1,0.0
HMsL,0,2,2,0.0
HMsM,2,2,4,0.5
HMsN,1,3,4,0.25
HMsP,2,2,4,0.5
HMsS,5,3,8,0.62
HMsb,5,3,8,0.62
HMsl,2,1,3,0.67
HMsm,2,2,4,0.5
HMsn,1,4,5,0.2
HMss,4,1,5,0.8
HMst,0,1,1,0.0
HMtD,0,1,1,0.0
HMtM,0,2,2,0.0
HMtN,0,1,1,0.0
HMtP,3,1,4,0.75
HMtb,1,1,2,0.5
HMtm,2,0,2,1.0
HMtn,0,1,1,0.0
HMts,2,1,3,0.67
HMtt,1,0,1,1.0
HNBB,1,2,3,0.33
HNBD,1,0,1,1.0
HNBK,0,2,2,0.0
HNBL,2,1,3,0.67
HNBM,7,5,12,0.58
HNBN,3,3,6,0.5
HNBP,3,4,7,0.43
HNBS,2,1,3,0.67
HNBb,1,5,6,0.17
HNBh,2,0,2,1.0
HNBj,1,0,1,1.0
HNBl,0,1,1,0.0
HNBm,6,2,8,0.75
HNBn,3,7,10,0.3
HNBs,4,4,8,0.5
HNBt,2,0,2,1.0
HNDB,3,1,4,0.75
HNDH,0,2,2,0.0
HNDL,1,0,1,1.0
HNDM,0,1,1,0.0
HNDN,2,0,2,1.0
HNDP,1,1,2,0.5
HNDS,4,1,5,0.8
HNDl,0,1,1,0.0
HNDm,4,0,4,1.0
HNDn,0,2,2,0.0
HNDs,1,1,2,0.5
HNHB,0,1,1,0.0
HNHD,0,1,1,0.0
HNHI,1,1,2,0.5
HNHM,2,1,3,0.67
HNHN,1,1,2,0.5
HNHP,1,2,3,0.33
HNHS,0,2,2,0.0
HNHb,0,1,1,0.0
HNHm,1,0,1,1.0
HNHn,2,0,2,1.0
HNHs,1,1,2,0.5
HNIL,0,1,1,0.0
HNIP,1,0,1,1.0
HNKB,0,2,2,0.0
HNKP,0,1,1,0.0
HNKS,0,1,1,0.0
HNKh,0,0,0,
HNKl,0,1,1,0.0
HNKm,1,0,1,1.0
HNKn,1,0,1,1.0
HNKt,0,0,0,
HNLL,1,2,3,0.33
HNLM,2,1,3,0.67
HNLN,1,1,2,0.5
HNLP,2,2,4,0.5
HNLS,2,0,2,1.0
HNLb,1,1,2,0.5
HNLh,1,1,2,0.5
HNLj,0,1,1,0.0
HNLl,2,0,2,1.0
HNLm,1,1,2,0.5
HNLn,3,1,4,0.75
HNLs,1,0,1,1.0
HNLt,0,1,1,0.0
HNMB,2,4,6,0.33
HNMD,0,1,1,0.0
HNML,2,1,3,0.67
HNMM,2,6,8,0.25
HNMN,4,2,6,0.67
HNMP,5,3,8,0.62
HNMS,2,5,7,0.29
HNMb,3,3,6,0.5
HNMh,5,3,8,0.62
HNMj,1,0,1,1.0
HNMl,1,1,2,0.5
HNMm,2,4,6,0.33
HNMn,6,4,10,0.6
HNMs,1,1,2,0.5
HNMt,0,1,1,0.0
HNNB,5,5,10,0.5
HNND,1,0,1,1.0
HNNH,0,1,1,0.0
HNNK,0,1,1,0.0
HNNL,1,1,2,0.5
HNNM,7,6,13,0.54
HNNN,6,3,9,0.67
HNNP,8,8,16,0.5
HNNS,0,8,8,0.0
HNNb,4,3,7,0.57
HNNh,0,2,2,0.0
HNNl,1,2,3,0.33
HNNm,2,2,4,0.5
HNNn,5,9,14,0.36
HNNs,1,3,4,0.25
HNNt,0,1,1,0.0
HNPB,2,7,9,0.22
HNPD,2,0,2,1.0
HNPH,1,3,4,0.25
HNPI,1,0,1,1.0
HNPK,0,0,0,
HNPL,4,4,8,0.5
HNPM,4,5,9,0.44
HNPN,9,10,19,0.47
HNPP,8,5,13,0.62
HNPS,7,4,11,0.64
HNPb,3,2,5,0.6
HNPh,3,1,4,0.75
HNPl,2,3,5,0.4
HNPm,8,7,15,0.53
HNPn,3,10,13,0.23
HNPs,4,3,7,0.57
HNSB,7,4,11,0.64
HNSD,0,1,1,0.0
HNSH,1,1,2,0.5
HNSK,0,1,1,0.0
HNSL,0,2,2,0.0
HNSM,1,3,4,0.25
HNSN,1,3,4,0.25
HNSP,3,4,7,0.43
HNSS,1,4,5,0.2
HNSb,1,1,2,0.5
HNSh,4,3,7,0.57
HNSl,1,2,3,0.33
HNSm,1,2,3,0.33
HNSn,6,3,9,0.67
HNSs,3,7,10,0.3
HNSt,1,2,3,0.33
HNbB,2,4,6,0.33
HNbH,0,3,3,0.0
HNbI,1,0,1,1.0
HNbJ,2,1,3,0.67
HNbK,1,0,1,1.0
HNbL,0,3,3,0.0
HNbM,3,5,8,0.38
HNbN,6,4,10,0.6
HNbP,2,6,8,0.25
HNbS,2,3,5,0.4
HNbb,1,3,4,0.25
HNbl,0,0,0,
HNbm,2,3,5,0.4
HNbn,6,2,8,0.75
HNbs,1,1,2,0.5
HNhB,1,1,2,0.5
HNhI,1,0,1,1.0
HNhM,0,3,3,0.0
HNhN,1,2,3,0.33
HNhP,1,0,1,1.0
HNhS,1,0,1,1.0
HNhb,1,2,3,0.33
HNhh,0,2,2,0.0
HNhl,1,0,1,1.0
HNhm,3,3,6,0.5
HNhn,3,1,4,0.75
HNhs,4,3,7,0.57
HNlB,0,1,1,0.0
HNlH,2,1,3,0.67
HNlJ,2,0,2,1.0
HNlL,0,1,1,0.0
HNlM,1,4,5,0.2
HNlP,3,3,6,0.5
HNlS,1,3,4,0.25
HNlb,2,0,2,1.0
HNlm,2,3,5,0.4
HNln,2,1,3,0.67
HNls,1,0,1,1.0
HNmB,2,4,6,0.33
HNmD,1,0,1,1.0
HNmH,2,5,7,0.29
HNmI,0,1,1,0.0
HNmJ,3,0,3,1.0
HNmL,4,3,7,0.57
HNmM,5,4,9,0.56
HNmN,4,7,11,0.36
HNmP,5,5,10,0.5
HNmS,1,2,3,0.33
HNmb,3,6,9,0.33
HNml,2,0,2,1.0
HNmm,6,4,10,0.6
HNmn,2,2,4,0.5
HNms,2,1,3,0.67
HNnB,6,4,10,0.6
HNnD,1,0,1,1.0
HNnH,0,4,4,0.0
HNnI,1,4,5,0.2
HNnL,1,3,4,0.25
HNnM,3,1,4,0.75
HNnN,12,6,18,0.67
HNnP,8,7,15,0.53
HNnS,1,11,12,0.08
HNnb,4,2,6,0.67
HNnl,1,1,2,0.5
HNnm,7,6,13,0.54
HNnn,10,9,19,0.53
HNns,5,4,9,0.56
HNsB,4,4,8,0.5
HNsH,3,4,7,0.43
HNsL,1,2,3,0.33
HNsM,3,2,5,0.6
HNsN,5,5,10,0.5
HNsP,4,0,4,1.0
HNsS,3,7,10,0.3
HNsb,2,1,3,0.67
HNsl,4,0,4,1.0
HNsm,2,4,6,0.33
HNsn,3,1,4,0.75
HNss,5,2,7,0.71
HNtB,2,1,3,0.67
HNtL,0,1,1,0.0
HNtM,0,0,0,
HNtN,1,0,1,1.0
HNtP,0,2,2,0.0
HNtS,1,1,2,0.5
HNtm,2,1,3,0.67
HPBB,3,7,10,0.3
HPBD,0,1,1,0.0
HPBK,1,1,2,0.5
HPBL,4,1,5,0.8
HPBM,2,12,14,0.14
HPBN,3,4,7,0.43
HPBP,8,7,15,0.53
HPBS,3,0,3,1.0
HPBb,2,4,6,0.33
HPBh,1,0,1,1.0
HPBj,0,0,0,
HPBl,3,1,4,0.75
HPBm,4,5,9,0.44
HPBn,5,4,9,0.56
HPBs,1,1,2,0.5
HPBt,1,2,3,0.33
HPDH,2,1,3,0.67
HPDL,0,0,0,
HPDM,1,2,3,0.33
HPDN,0,0,0,
HPDP,1,0,1,1.0
HPDS,1,0,1,1.0
HPDm,0,1,1,0.0
HPDn,2,0,2,1.0
HPDs,1,0,1,1.0
HPHB,1,2,3,0.33
HPHH,1,0,1,1.0
HPHI,0,0,0,
HPHL,2,0,2,1.0
HPHM,1,3,4,0.25
HPHN,0,0,0,
HPHP,4,2,6,0.67
HPHS,2,0,2,1.0
HPHb,0,3,3,0.0
HPHh,1,1,2,0.5
HPHl,1,1,2,0.5
HPHm,4,2,6,0.67
HPHn,1,1,2,0.5
HPHs,0,0,0,
HPIB,1,0,1,1.0
HPID,0,0,0,
HPIM,3,1,4,0.75
HPIN,0,0,0,
HPIP,2,1,3,0.67
HPIS,1,1,2,0.5
HPIb,3,0,3,1.0
HPIm,0,1,1,0.0
HPKB,1,1,2,0.5
HPKD,1,0,1,1.0
HPKL,1,0,1,1.0
HPKM,2,0,2,1.0
HPKN,0,0,0,
HPKP,0,1,1,0.0
HPKb,1,0,1,1.0
HPKh,0,2,2,0.0
HPKm,2,0,2,1.0
HPKn,0,1,1,0.0
HPKs,1,0,1,1.0
HPLB,2,1,3,0.67
HPLL,1,0,1,1.0
HPLM,2,1,3,0.67
HPLN,0,2,2,0.0
HPLP,0,1,1,0.0
HPLS,2,3,5,0.4
HPLb,1,4,5,0.2
HPLh,1,0,1,1.0
HPLj,1,0,1,1.0
HPLl,0,3,3,0.0
HPLm,1,4,5,0.2
HPLn,2,0,2,1.0
HPLs,2,2,4,0.5
HPLt,0,0,0,
HPMB,4,5,9,0.44
HPMD,1,2,3,0.33
HPMK,1,0,1,1.0
HPML,1,1,2,0.5
HPMM,6,3,9,0.67
HPMN,3,4,7,0.43
HPMP,6,5,11,0.55
HPMS,5,3,8,0.62
HPMb,10,4,14,0.71
HPMh,7,7,14,0.5
HPMj,1,1,2,0.5
HPMl,1,0,1,1.0
HPMm,9,9,18,0.5
HPMn,10,3,13,0.77
HPMs,1,5,6,0.17
HPMt,0,1,1,0.0
HPNB,4,5,9,0.44
HPND,0,2,2,0.0
HPNH,0,1,1,0.0
HPNL,2,4,6,0.33
HPNM,2,5,7,0.29
HPNN,7,8,15,0.47
HPNP,6,5,11,0.55
HPNS,5,2,7,0.71
HPNb,5,6,11,0.45
HPNh,2,1,3,0.67
HPNl,0,4,4,0.0
HPNm,4,6,10,0.4
HPNn,6,8,14,0.43
HPNs,10,6,16,0.62
HPNt,0,2,2,0.0
HPPB,13,5,18,0.72
HPPD,2,0,2,1.0
HPPH,1,3,4,0.25
HPPI,1,0,1,1.0
HPPL,4,5,9,0.44
HPPM,7,9,16,0.44
HPPN,6,5,11,0.55
HPPP,8,7,15,0.53
HPPS,6,8,14,0.43
HPPb,5,4,9,0.56
HPPl,4,5,9,0.44
HPPm,8,8,16,0.5
HPPn,6,7,13,0.46
HPPs,4,2,6,0.67
HPPt,1,1,2,0.5
HPSB,3,4,7,0.43
HPSD,3,0,3,1.0
HPSH,1,3,4,0.25
HPSI,1,0,1,1.0
HPSL,4,0,4,1.0
HPSM,5,5,10,0.5
HPSN,4,4,8,0.5
HPSP,6,5,11,0.55
HPSS,6,7,13,0.46
HPSb,3,1,4,0.75
HPSh,4,5,9,0.44
HPSl,1,1,2,0.5
HPSm,7,1,8,0.88
HPSn,4,3,7,0.57
HPSs,7,2,9,0.78
HPSt,0,1,1,0.0
HPbB,5,2,7,0.71
HPbD,0,0,0,
HPbH,1,0,1,1.0
HPbI,0,1,1,0.0
HPbJ,2,1,3,0.67
HPbK,0,2,2,0.0
HPbL,2,2,4,0.5
HPbM,3,2,5,0.6
HPbN,6,1,7,0.86
HPbP,7,6,13,0.54
HPbS,7,1,8,0.88
HPbb,2,5,7,0.29
HPbl,1,1,2,0.5
HPbm,5,4,9,0.56
HPbn,3,2,5,0.6
HPbs,2,3,5,0.4
HPhH,0,2,2,0.0
HPhM,1,0,1,1.0
HPhN,0,1,1,0.0
HPhP,1,1,2,0.5
HPhS,2,0,2,1.0
HPhb,0,1,1,0.0
HPhh,1,1,2,0.5
HPhl,0,0,0,
HPhm,1,0,1,1.0
HPhn,0,1,1,0.0
HPhs,1,0,1,1.0
HPlB,3,1,4,0.75
HPlD,1,0,1,1.0
HPlH,1,1,2,0.5
HPlL,4,1,5,0.8
HPlM,6,2,8,0.75
HPlN,2,0,2,1.0
HPlP,2,1,3,0.67
HPlS,2,4,6,0.33
HPlb,8,3,11,0.73
HPll,0,1,1,0.0
HPlm,2,2,4,0.5
HPln,1,1,2,0.5
HPmB,4,3,7,0.57
HPmD,4,5,9,0.44
HPmH,7,6,13,0.54
HPmJ,4,1,5,0.8
HPmL,1,4,5,0.2
HPmM,6,10,16,0.38
HPmN,10,5,15,0.67
HPmP,7,6,13,0.54
HPmS,13,4,17,0.76
HPmb,6,2,8,0.75
HPml,2,2,4,0.5
HPmm,7,10,17,0.41
HPmn,4,1,5,0.8
HPms,6,4,10,0.6
HPnB,5,4,9,0.56
HPnD,1,0,1,1.0
HPnH,2,5,7,0.29
HPnI,1,2,3,0.33
HPnK,0,1,1,0.0
HPnL,4,1,5,0.8
HPnM,6,6,12,0.5
HPnN,7,3,10,0.7
HPnP,6,7,13,0.46
HPnS,3,2,5,0.6
HPnb,2,3,5,0.4
HPnl,1,2,3,0.33
HPnm,4,3,7,0.57
HPnn,1,5,6,0.17
HPns,3,3,6,0.5
HPsB,4,1,5,0.8
HPsD,1,0,1,1.0
HPsH,3,0,3,1.0
HPsL,1,1,2,0.5
HPsM,1,4,5,0.2
HPsN,1,4,5,0.2
HPsP,5,8,13,0.38
HPsS,0,8,8,0.0
HPsb,2,0,2,1.0
HPsh,0,1,1,0.0
HPsl,2,0,2,1.0
HPsm,5,5,10,0.5
HPsn,1,2,3,0.33
HPss,2,2,4,0.5
HPtB,0,0,0,
HPtH,1,1,2,0.5
HPtI,0,1,1,0.0
HPtM,0,1,1,0.0
HPtP,1,1,2,0.5
HPtS,0,1,1,0.0
HPtb,0,0,0,
HPtl,0,1,1,0.0
HPtm,1,1,2,0.5
HPtn,2,0,2,1.0
HPts,1,1,2,0.5
HSBB,2,4,6,0.33
HSBD,0,1,1,0.0
HSBK,2,0,2,1.0
HSBL,1,1,2,0.5
HSBM,1,3,4,0.25
HSBN,2,1,3,0.67
HSBP,5,2,7,0.71
HSBS,1,1,2,0.5
HSBb,0,2,2,0.0
HSBh,0,0,0,
HSBj,1,0,1,1.0
HSBm,3,3,6,0.5
HSBn,6,4,10,0.6
HSBs,4,0,4,1.0
HSBt,0,2,2,0.0
HSDD,0,0,0,
HSDH,0,1,1,0.0
HSDM,1,1,2,0.5
HSDN,0,1,1,0.0
HSDP,2,1,3,0.67
HSDS,1,1,2,0.5
HSDb,1,0,1,1.0
HSDm,1,1,2,0.5
HSDt,0,0,0,
HSHB,2,0,2,1.0
HSHD,0,0,0,
HSHH,0,0,0,
HSHL,0,0,0,
HSHM,3,2,5,0.6
HSHN,2,0,2,1.0
HSHP,1,0,1,1.0
HSHS,4,0,4,1.0
HSHb,0,0,0,
HSHh,1,1,2,0.5
HSHl,0,2,2,0.0
HSHm,0,2,2,0.0
HSHn,0,1,1,0.0
HSHs,4,4,8,0.5
HSIH,0,0,0,
HSIS,0,1,1,0.0
HSIb,1,0,1,1.0
HSIm,1,0,1,1.0
HSIt,1,0,1,1.0
HSKM,0,0,0,
HSKs,0,2,2,0.0
HSLB,1,0,1,1.0
HSLL,0,0,0,
HSLM,0,5,5,0.0
HSLN,1,2,3,0.33
HSLP,1,1,2,0.5
HSLS,1,0,1,1.0
HSLb,0,0,0,
HSLh,0,1,1,0.0
HSLj,1,0,1,1.0
HSLl,0,0,0,
HSLm,0,1,1,0.0
HSLn,1,1,2,0.5
HSMB,4,3,7,0.57
HSMD,2,1,3,0.67
HSMK,1,0,1,1.0
HSML,2,1,3,0.67
HSMM,3,3,6,0.5
HSMN,6,2,8,0.75
HSMP,5,4,9,0.56
HSMS,3,5,8,0.38
HSMb,2,3,5,0.4
HSMh,2,3,5,0.4
HSMj,0,0,0,
HSMl,1,2,3,0.33
HSMm,6,4,10,0.6
HSMn,4,7,11,0.36
HSMs,5,2,7,0.71
HSNB,2,4,6,0.33
HSND,0,2,2,0.0
HSNH,1,2,3,0.33
HSNK,0,2,2,0.0
HSNL,1,0,1,1.0
HSNM,3,5,8,0.38
HSNN,3,4,7,0.43
HSNP,2,3,5,0.4
HSNS,3,4,7,0.43
HSNb,3,5,8,0.38
HSNh,1,0,1,1.0
HSNl,1,1,2,0.5
HSNm,4,3,7,0.57
HSNn,5,2,7,0.71
HSNs,4,1,5,0.8
HSNt,1,0,1,1.0
HSPB,4,3,7,0.57
HSPD,2,1,3,0.67
HSPH,1,0,1,1.0
HSPK,2,2,4,0.5
HSPL,1,1,2,0.5
HSPM,2,3,5,0.4
HSPN,2,0,2,1.0
HSPP,2,3,5,0.4
HSPS,3,7,10,0.3
HSPb,3,3,6,0.5
HSPh,1,0,1,1.0
HSPl,4,3,7,0.57
HSPm,5,5,10,0.5
HSPn,2,0,2,1.0
HSPs,4,1,5,0.8
HSPt,0,0,0,
HSSB,5,2,7,0.71
HSSD,5,3,8,0.62
HSSH,3,4,7,0.43
HSSI,1,1,2,0.5
HSSK,0,0,0,
HSSL,3,0,3,1.0
HSSM,5,6,11,0.45
HSSN,2,2,4,0.5
HSSP,3,5,8,0.38
HSSS,4,12,16,0.25
HSSb,4,2,6,0.67
HSSh,2,3,5,0.4
HSSl,2,2,4,0.5
HSSm,6,5,11,0.55
HSSn,3,4,7,0.43
HSSs,9,1,10,0.9
HSSt,0,1,1,0.0
HSbB,3,0,3,1.0
HSbD,1,0,1,1.0
HSbH,1,1,2,0.5
HSbI,0,0,0,
HSbJ,0,1,1,0.0
HSbL,2,2,4,0.5
HSbM,2,1,3,0.67
HSbN,5,6,11,0.45
HSbP,2,1,3,0.67
HSbS,1,1,2,0.5
HSbb,4,3,7,0.57
HSbl,0,1,1,0.0
HSbm,0,4,4,0.0
HSbn,1,2,3,0.33
HSbs,0,1,1,0.0
HShB,2,2,4,0.5
HShH,0,1,1,0.0
HShI,1,0,1,1.0
HShL,0,2,2,0.0
HShM,1,5,6,0.17
HShP,2,3,5,0.4
HShS,2,2,4,0.5
HShb,2,1,3,0.67
HShh,4,2,6,0.67
HShl,1,1,2,0.5
HShm,2,0,2,1.0
HShn,4,1,5,0.8
HShs,1,2,3,0.33
HSht,0,1,1,0.0
HSlB,1,2,3,0.33
HSlH,1,0,1,1.0
HSlJ,1,0,1,1.0
HSlM,3,1,4,0.75
HSlN,2,1,3,0.67
HSlP,0,1,1,0.0
HSlS,0,3,3,0.0
HSlm,1,0,1,1.0
HSln,1,1,2,0.5
HSls,1,2,3,0.33
HSmB,7,2,9,0.78
HSmD,2,0,2,1.0
HSmH,1,5,6,0.17
HSmI,1,0,1,1.0
HSmJ,1,0,1,1.0
HSmK,2,0,2,1.0
HSmL,0,1,1,0.0
HSmM,7,1,8,0.88
HSmN,1,1,2,0.5
HSmP,3,4,7,0.43
HSmS,8,5,13,0.62
HSmb,3,4,7,0.43
HSml,1,2,3,0.33
HSmm,2,4,6,0.33
HSmn,2,8,10,0.2
HSms,2,2,4,0.5
HSnB,3,1,4,0.75
HSnD,0,1,1,0.0
HSnH,1,2,3,0.33
HSnI,1,1,2,0.5
HSnK,1,0,1,1.0
HSnL,1,1,2,0.5
HSnM,2,3,5,0.4
HSnN,7,3,10,0.7
HSnP,5,5,10,0.5
HSnS,1,2,3,0.33
HSnb,1,2,3,0.33
HSnl,1,0,1,1.0
HSnm,3,4,7,0.43
HSnn,5,1,6,0.83
HSns,3,3,6,0.5
HSsB,2,0,2,1.0
HSsD,3,2,5,0.6
HSsH,1,7,8,0.12
HSsL,0,5,5,0.0
HSsM,3,8,11,0.27
HSsN,4,3,7,0.57
HSsP,0,4,4,0.0
HSsS,6,6,12,0.5
HSsb,3,1,4,0.75
HSsh,1,1,2,0.5
HSsl,2,0,2,1.0
HSsm,6,3,9,0.67
HSsn,3,4,7,0.43
HSss,6,4,10,0.6
HSst,0,0,0,
HStB,0,1,1,0.0
HStD,0,1,1,0.0
HStH,2,2,4,0.5
HStI,1,0,1,1.0
HStM,3,2,5,0.6
HStN,2,1,3,0.67
HStP,0,0,0,
HStS,1,1,2,0.5
HStb,1,1,2,0.5
HStn,0,1,1,0.0
HSts,1,0,1,1.0
HbBB,3,5,8,0.38
HbBH,0,1,1,0.0
HbBK,0,0,0,
HbBL,2,2,4,0.5
HbBM,1,2,3,0.33
HbBN,3,5,8,0.38
HbBP,3,5,8,0.38
HbBS,0,5,5,0.0
HbBb,3,3,6,0.5
HbBh,0,2,2,0.0
HbBj,2,2,4,0.5
HbBl,2,2,4,0.5
HbBm,4,4,8,0.5
HbBn,4,4,8,0.5
HbBs,1,1,2,0.5
HbBt,0,1,1,0.0
HbDB,1,0,1,1.0
HbDH,1,1,2,0.5
HbDL,1,0,1,1.0
HbDM,2,0,2,1.0
HbDN,0,1,1,0.0
HbDP,0,1,1,0.0
HbDh,2,0,2,1.0
HbDm,1,0,1,1.0
HbDn,1,0,1,1.0
HbHK,0,0,0,
HbHM,1,2,3,0.33
HbHN,1,0,1,1.0
HbHS,1,1,2,0.5
HbHh,1,0,1,1.0
HbHm,1,0,1,1.0
HbHn,1,1,2,0.5
HbHs,1,1,2,0.5
HbIM,1,0,1,1.0
HbIP,0,1,1,0.0
HbIS,0,1,1,0.0
HbIb,1,0,1,1.0
HbIn,1,1,2,0.5
HbIs,0,1,1,0.0
HbJB,1,0,1,1.0
HbJH,2,0,2,1.0
HbJI,0,1,1,0.0
HbJL,0,1,1,0.0
HbJM,1,0,1,1.0
HbJN,0,3,3,0.0
HbJP,0,1,1,0.0
HbJS,1,1,2,0.5
HbJb,1,2,3,0.33
HbJh,1,0,1,1.0
HbJm,1,1,2,0.5
HbJn,0,1,1,0.0
HbKB,1,0,1,1.0
HbKD,0,1,1,0.0
HbKM,0,0,0,
HbKN,1,0,1,1.0
HbKP,1,1,2,0.5
HbKS,0,1,1,0.0
HbKb,0,1,1,0.0
HbKh,1,2,3,0.33
HbKl,0,0,0,
HbKm,1,0,1,1.0
HbKs,0,0,0,
HbLB,3,3,6,0.5
HbLD,1,0,1,1.0
HbLM,2,1,3,0.67
HbLN,2,0,2,1.0
HbLP,3,2,5,0.6
HbLS,0,3,3,0.0
HbLb,3,1,4,0.75
HbLj,0,1,1,0.0
HbLm,0,1,1,0.0
HbLn,1,0,1,1.0
HbLs,0,2,2,0.0
HbMB,6,1,7,0.86
HbMD,1,1,2,0.5
HbML,1,0,1,1.0
HbMM,4,3,7,0.57
HbMN,5,4,9,0.56
HbMP,5,2,7,0.71
HbMS,3,5,8,0.38
HbMb,3,4,7,0.43
HbMh,1,1,2,0.5
HbMj,1,1,2,0.5
HbMl,2,0,2,1.0
HbMm,2,5,7,0.29
HbMn,4,3,7,0.57
HbMs,4,3,7,0.57
HbMt,1,0,1,1.0
HbNB,2,3,5,0.4
HbND,0,1,1,0.0
HbNH,0,2,2,0.0
HbNK,1,0,1,1.0
HbNL,1,2,3,0.33
HbNM,7,3,10,0.7
HbNN,8,11,19,0.42
HbNP,7,3,10,0.7
HbNS,4,5,9,0.44
HbNb,1,2,3,0.33
HbNh,0,2,2,0.0
HbNl,1,1,2,0.5
HbNm,5,0,5,1.0
HbNn,4,8,12,0.33
HbNs,2,3,5,0.4
HbNt,0,1,1,0.0
HbPB,3,1,4,0.75
HbPH,1,1,2,0.5
HbPI,1,0,1,1.0
HbPK,1,3,4,0.25
HbPL,0,1,1,0.0
HbPM,6,6,12,0.5
HbPN,3,4,7,0.43
HbPP,9,11,20,0.45
HbPS,1,2,3,0.33
HbPb,7,6,13,0.54
HbPh,1,2,3,0.33
HbPl,3,0,3,1.0
HbPm,6,5,11,0.55
HbPn,2,1,3,0.67
HbPs,2,0,2,1.0
HbPt,0,2,2,0.0
HbSB,3,1,4,0.75
HbSH,1,0,1,1.0
HbSI,0,0,0,
HbSL,0,0,0,
HbSM,2,7,9,0.22
HbSN,1,3,4,0.25
HbSP,0,1,1,0.0
HbSS,2,1,3,0.67
HbSb,0,0,0,
HbSl,0,1,1,0.0
HbSm,3,1,4,0.75
HbSn,3,1,4,0.75
HbSs,1,2,3,0.33
HbbB,5,4,9,0.56
HbbD,1,0,1,1.0
HbbH,1,1,2,0.5
HbbJ,1,3,4,0.25
HbbL,2,1,3,0.67
HbbM,3,3,6,0.5
HbbN,3,4,7,0.43
HbbP,8,4,12,0.67
HbbS,3,1,4,0.75
Hbbb,5,3,8,0.62
Hbbl,1,1,2,0.5
Hbbm,6,2,8,0.75
Hbbn,1,4,5,0.2
Hbbs,4,3,7,0.57
HbhI,0,1,1,0.0
HblB,0,0,0,
HblJ,0,1,1,0.0
HblM,0,3,3,0.0
HblN,4,1,5,0.8
HblP,0,0,0,
HblS,0,2,2,0.0
Hblb,3,2,5,0.6
Hbll,1,0,1,1.0
Hblm,1,2,3,0.33
Hbln,0,1,1,0.0
Hbls,0,2,2,0.0
HbmB,5,2,7,0.71
HbmD,2,0,2,1.0
HbmH,0,3,3,0.0
HbmJ,1,0,1,1.0
HbmL,3,1,4,0.75
HbmM,5,4,9,0.56
HbmN,2,3,5,0.4
HbmP,6,4,10,0.6
HbmS,0,3,3,0.0
Hbmb,3,4,7,0.43
Hbmm,5,2,7,0.71
Hbmn,3,3,6,0.5
Hbms,1,1,2,0.5
HbnB,2,3,5,0.4
HbnD,1,1,2,0.5
HbnH,2,1,3,0.67
HbnK,0,1,1,0.0
HbnL,2,2,4,0.5
HbnM,2,6,8,0.25
HbnN,2,5,7,0.29
HbnP,4,2,6,0.67
HbnS,2,4,6,0.33
Hbnb,5,3,8,0.62
Hbnl,0,1,1,0.0
Hbnm,3,3,6,0.5
Hbnn,5,1,6,0.83
Hbns,3,1,4,0.75
HbsB,1,0,1,1.0
HbsD,0,0,0,
HbsH,1,1,2,0.5
HbsL,1,1,2,0.5
HbsM,3,2,5,0.6
HbsN,1,0,1,1.0
HbsP,4,5,9,0.44
Hbsb,0,3,3,0.0
Hbsm,2,1,3,0.67
Hbsn,1,1,2,0.5
Hbss,0,2,2,0.0
HhBB,2,0,2,1.0
HhBK,1,0,1,1.0
HhBL,0,1,1,0.0
HhBM,3,2,5,0.6
HhBN,2,2,4,0.5
HhBP,3,0,3,1.0
HhBS,1,0,1,1.0
HhBb,2,4,6,0.33
HhBj,0,0,0,
HhBl,1,0,1,1.0
HhBm,1,2,3,0.33
HhBn,0,1,1,0.0
HhBs,0,1,1,0.0
HhDH,1,0,1,1.0
HhDP,0,1,1,0.0
HhDb,1,1,2,0.5
HhDm,0,1,1,0.0
HhDn,1,1,2,0.5
HhDs,0,0,0,
HhHM,1,1,2,0.5
HhHN,0,0,0,
HhHP,1,0,1,1.0
HhHS,0,1,1,0.0
HhHb,1,0,1,1.0
HhHh,0,0,0,
HhHl,0,0,0,
HhHm,2,1,3,0.67
HhHn,1,0,1,1.0
HhHs,1,0,1,1.0
HhIN,1,0,1,1.0
HhIP,0,1,1,0.0
HhIS,1,0,1,1.0
HhKS,0,0,0,
HhKm,2,0,2,1.0
HhLB,2,0,2,1.0
HhLL,1,0,1,1.0
HhLN,0,2,2,0.0
HhLP,1,1,2,0.5
HhLS,0,0,0,
HhLb,0,2,2,0.0
HhLj,0,1,1,0.0
HhLl,0,2,2,0.0
HhLm,2,0,2,1.0
HhLn,0,4,4,0.0
HhLs,1,1,2,0.5
HhMB,5,1,6,0.83
HhMD,1,1,2,0.5
HhMH,1,0,1,1.0
HhML,1,0,1,1.0
HhMM,1,2,3,0.33
HhMN,3,1,4,0.75
HhMP,3,2,5,0.6
HhMS,1,3,4,0.25
HhMb,1,3,4,0.25
HhMh,1,6,7,0.14
HhMl,0,1,1,0.0
HhMm,6,2,8,0.75
HhMn,2,0,2,1.0
HhMs,3,1,4,0.75
HhNB,0,2,2,0.0
HhND,0,0,0,
HhNK,0,1,1,0.0
HhNL,1,0,1,1.0
HhNM,0,2,2,0.0
HhNN,2,3,5,0.4
HhNP,2,3,5,0.4
HhNS,0,0,0,
HhNb,2,0,2,1.0
HhNh,1,2,3,0.33
HhNm,1,3,4,0.25
HhNn,3,1,4,0.75
HhNs,0,0,0,
HhPB,4,0,4,1.0
HhPD,2,1,3,0.67
HhPK,1,1,2,0.5
HhPL,0,1,1,0.0
HhPM,3,7,10,0.3
HhPN,1,1,2,0.5
HhPP,2,1,3,0.67
HhPS,0,2,2,0.0
HhPb,2,0,2,1.0
HhPh,0,1,1,0.0
HhPl,0,1,1,0.0
HhPm,2,6,8,0.25
HhPn,2,1,3,0.67
HhPs,1,0,1,1.0
HhPt,1,0,1,1.0
HhSB,1,2,3,0.33
HhSD,0,1,1,0.0
HhSH,2,1,3,0.67
HhSI,1,0,1,1.0
HhSL,0,0,0,
HhSM,3,2,5,0.6
HhSN,0,5,5,0.0
HhSP,2,2,4,0.5
HhSS,2,0,2,1.0
HhSb,0,2,2,0.0
HhSh,2,0,2,1.0
HhSl,2,0,2,1.0
HhSm,5,1,6,0.83
HhSn,2,4,6,0.33
HhSs,2,2,4,0.5
HhSt,0,1,1,0.0
HhbB,1,2,3,0.33
HhbD,1,0,1,1.0
HhbH,0,1,1,0.0
HhbJ,0,1,1,0.0
HhbM,3,3,6,0.5
HhbN,2,0,2,1.0
HhbP,3,1,4,0.75
HhbS,2,1,3,0.67
Hhbb,0,2,2,0.0
Hhbl,0,0,0,
Hhbm,1,0,1,1.0
HhhB,3,1,4,0.75
HhhH,1,1,2,0.5
HhhL,1,1,2,0.5
HhhM,2,2,4,0.5
HhhN,1,0,1,1.0
HhhS,3,2,5,0.6
Hhhb,2,3,5,0.4
Hhhh,3,1,4,0.75
Hhhm,4,2,6,0.67
Hhhn,1,1,2,0.5
Hhhs,2,1,3,0.67
HhlB,0,2,2,0.0
HhlH,0,0,0,
HhlJ,1,0,1,1.0
HhlM,1,3,4,0.25
HhlN,3,0,3,1.0
HhlS,1,0,1,1.0
Hhlb,0,1,1,0.0
Hhll,1,0,1,1.0
Hhlm,4,0,4,1.0
Hhls,1,1,2,0.5
HhmB,5,0,5,1.0
HhmD,1,0,1,1.0
HhmH,1,2,3,0.33
HhmJ,0,1,1,0.0
HhmM,2,8,10,0.2
HhmN,2,1,3,0.67
HhmP,3,2,5,0.6
HhmS,3,2,5,0.6
Hhmb,3,2,5,0.6
Hhml,1,0,1,1.0
Hhmm,3,5,8,0.38
Hhmn,0,1,1,0.0
Hhms,3,0,3,1.0
HhnB,2,2,4,0.5
HhnI,0,1,1,0.0
HhnK,1,0,1,1.0
HhnL,0,2,2,0.0
HhnM,1,4,5,0.2
HhnN,0,2,2,0.0
HhnP,2,2,4,0.5
HhnS,2,2,4,0.5
Hhnb,1,2,3,0.33
Hhnm,4,0,4,1.0
Hhnn,1,1,2,0.5
Hhns,3,0,3,1.0
HhsB,1,0,1,1.0
HhsD,1,0,1,1.0
HhsH,0,1,1,0.0
HhsI,1,0,1,1.0
HhsM,1,2,3,0.33
HhsN,3,2,5,0.6
HhsP,4,2,6,0.67
HhsS,5,2,7,0.71
Hhsb,0,1,1,0.0
Hhsh,0,0,0,
Hhsm,1,3,4,0.25
Hhsn,0,1,1,0.0
Hhss,0,4,4,0.0
HhtB,0,2,2,0.0
HhtD,1,0,1,1.0
HhtL,0,0,0,
HhtN,0,0,0,
HhtS,0,1,1,0.0
Hhtb,0,1,1,0.0
Hhtm,1,0,1,1.0
HlBB,1,0,1,1.0
HlBD,1,0,1,1.0
HlBL,1,0,1,1.0
HlBM,2,1,3,0.67
HlBN,2,1,3,0.67
HlBP,0,4,4,0.0
HlBS,0,3,3,0.0
HlBb,0,0,0,
HlBh,0,0,0,
HlBl,1,2,3,0.33
HlBm,4,2,6,0.67
HlBn,2,2,4,0.5
HlBs,0,1,1,0.0
HlBt,1,0,1,1.0
HlDB,1,0,1,1.0
HlDL,1,0,1,1.0
HlDM,1,0,1,1.0
HlDP,0,0,0,
HlDn,0,2,2,0.0
HlDs,2,0,2,1.0
HlHB,2,1,3,0.67
HlHD,1,0,1,1.0
HlHK,1,0,1,1.0
HlHL,1,1,2,0.5
HlHM,1,1,2,0.5
HlHN,1,2,3,0.33
HlHP,0,2,2,0.0
HlHS,1,0,1,1.0
HlHb,1,0,1,1.0
HlHh,0,0,0,
HlHl,1,0,1,1.0
HlHn,0,2,2,0.0
HlHs,2,0,2,1.0
HlHt,2,0,2,1.0
HlIN,0,1,1,0.0
HlIP,0,1,1,0.0
HlIS,0,1,1,0.0
HlIs,1,0,1,1.0
HlJB,0,1,1,0.0
HlJH,2,1,3,0.67
HlJS,0,2,2,0.0
HlJm,0,1,1,0.0
HlJn,0,1,1,0.0
HlLB,0,1,1,0.0
HlLL,0,2,2,0.0
HlLM,0,1,1,0.0
HlLN,0,1,1,0.0
HlLP,0,1,1,0.0
HlLS,2,0,2,1.0
HlLb,1,0,1,1.0
HlLm,0,1,1,0.0
HlLn,1,0,1,1.0
HlLs,0,0,0,
HlMB,1,1,2,0.5
HlMD,1,1,2,0.5
HlML,0,0,0,
HlMM,0,2,2,0.0
HlMN,1,1,2,0.5
HlMP,3,4,7,0.43
HlMS,3,0,3,1.0
HlMh,1,3,4,0.25
HlMl,1,0,1,1.0
HlMm,1,3,4,0.25
HlMn,2,2,4,0.5
HlMs,2,3,5,0.4
HlNB,0,1,1,0.0
HlND,0,1,1,0.0
HlNH,0,3,3,0.0
HlNL,1,0,1,1.0
HlNM,0,1,1,0.0
HlNN,4,2,6,0.67
HlNP,3,2,5,0.6
HlNS,2,5,7,0.29
HlNb,1,1,2,0.5
HlNh,0,0,0,
HlNm,2,3,5,0.4
HlNn,4,3,7,0.57
HlNs,1,1,2,0.5
HlPB,2,3,5,0.4
HlPI,0,0,0,
HlPL,1,0,1,1.0
HlPM,2,1,3,0.67
HlPN,2,3,5,0.4
HlPP,3,1,4,0.75
HlPS,1,2,3,0.33
HlPb,2,1,3,0.67
HlPl,0,2,2,0.0
HlPm,1,1,2,0.5
HlPn,1,1,2,0.5
HlPs,2,3,5,0.4
HlSH,0,2,2,0.0
HlSL,0,1,1,0.0
HlSM,3,1,4,0.75
HlSN,0,1,1,0.0
HlSP,3,2,5,0.6
HlSS,1,3,4,0.25
HlSb,1,1,2,0.5
HlSh,2,0,2,1.0
HlSl,2,1,3,0.67
HlSm,2,0,2,1.0
HlSn,1,0,1,1.0
HlSs,1,1,2,0.5
HlbB,5,1,6,0.83
HlbD,0,1,1,0.0
HlbI,1,0,1,1.0
HlbK,1,0,1,1.0
HlbN,2,0,2,1.0
HlbP,2,2,4,0.5
HlbS,1,1,2,0.5
Hlbb,4,1,5,0.8
Hlbl,0,0,0,
Hlbm,1,0,1,1.0
Hlbn,2,1,3,0.67
Hlbs,1,0,1,1.0
HlhM,0,1,1,0.0
Hlht,1,0,1,1.0
HllB,2,0,2,1.0
HllH,0,1,1,0.0
HllM,0,1,1,0.0
HllP,0,1,1,0.0
HllS,1,0,1,1.0
Hllb,1,1,2,0.5
HlmB,3,3,6,0.5
HlmD,0,2,2,0.0
HlmH,1,2,3,0.33
HlmL,1,0,1,1.0
HlmM,0,1,1,0.0
HlmN,2,3,5,0.4
HlmP,1,1,2,0.5
HlmS,1,1,2,0.5
Hlmb,1,1,2,0.5
Hlml,0,0,0,
Hlmm,1,1,2,0.5
Hlmn,0,2,2,0.0
Hlms,1,1,2,0.5
HlnB,1,1,2,0.5
HlnH,2,1,3,0.67
HlnL,0,1,1,0.0
HlnM,2,5,7,0.29
HlnN,2,2,4,0.5
HlnP,4,4,8,0.5
HlnS,0,2,2,0.0
Hlnb,1,0,1,1.0
Hlnl,1,0,1,1.0
Hlnm,1,0,1,1.0
Hlnn,0,1,1,0.0
Hlns,1,1,2,0.5
HlsH,1,1,2,0.5
HlsI,0,0,0,
HlsL,0,1,1,0.0
HlsM,0,3,3,0.0
HlsN,2,0,2,1.0
HlsP,0,1,1,0.0
HlsS,0,0,0,
Hlsb,0,1,1,0.0
Hlsm,3,0,3,1.0
Hlsn,1,0,1,1.0
Hlss,0,0,0,
HmBB,3,4,7,0.43
HmBD,1,1,2,0.5
HmBH,1,0,1,1.0
HmBK,0,2,2,0.0
HmBL,2,1,3,0.67
HmBM,2,6,8,0.25
HmBN,3,1,4,0.75
HmBP,7,5,12,0.58
HmBS,7,3,10,0.7
HmBb,1,2,3,0.33
HmBh,1,0,1,1.0
HmBl,1,0,1,1.0
HmBm,6,6,12,0.5
HmBn,7,8,15,0.47
HmBs,2,3,5,0.4
HmBt,0,2,2,0.0
HmDB,1,1,2,0.5
HmDD,0,0,0,
HmDH,0,2,2,0.0
HmDK,0,0,0,
HmDL,0,0,0,
HmDM,3,2,5,0.6
HmDN,0,1,1,0.0
HmDP,1,1,2,0.5
HmDS,1,2,3,0.33
HmDb,1,0,1,1.0
HmDl,0,0,0,
HmDm,1,1,2,0.5
HmDn,1,3,4,0.25
HmDs,0,1,1,0.0
HmHB,4,7,11,0.36
HmHD,2,2,4,0.5
HmHH,0,1,1,0.0
HmHI,0,0,0,
HmHL,2,1,3,0.67
HmHM,1,4,5,0.2
HmHN,3,1,4,0.75
HmHP,4,5,9,0.44
HmHS,0,4,4,0.0
HmHb,1,1,2,0.5
HmHh,2,5,7,0.29
HmHl,3,4,7,0.43
HmHm,3,4,7,0.43
HmHn,5,3,8,0.62
HmHs,0,2,2,0.0
HmHt,1,0,1,1.0
HmIB,0,0,0,
HmIH,1,0,1,1.0
HmIL,1,0,1,1.0
HmIM,1,1,2,0.5
HmIS,0,1,1,0.0
HmIb,0,1,1,0.0
HmIn,1,0,1,1.0
HmJB,0,2,2,0.0
HmJM,3,1,4,0.75
HmJN,1,1,2,0.5
HmJP,0,2,2,0.0
HmJS,0,2,2,0.0
HmJb,1,1,2,0.5
HmJm,0,1,1,0.0
HmJn,2,0,2,1.0
HmJs,1,0,1,1.0
HmKs,1,0,1,1.0
HmLB,2,0,2,1.0
HmLD,0,0,0,
HmLM,1,2,3,0.33
HmLN,2,1,3,0.67
HmLP,0,5,5,0.0
HmLS,0,0,0,
HmLb,1,1,2,0.5
HmLh,1,0,1,1.0
HmLl,0,1,1,0.0
HmLm,3,0,3,1.0
HmLn,2,3,5,0.4
HmLs,0,2,2,0.0
HmLt,1,0,1,1.0
HmMB,5,3,8,0.62
HmMD,3,1,4,0.75
HmML,0,1,1,0.0
HmMM,11,5,16,0.69
HmMN,13,10,23,0.57
HmMP,6,8,14,0.43
HmMS,4,5,9,0.44
HmMb,5,3,8,0.62
HmMh,5,4,9,0.56
HmMj,0,1,1,0.0
HmMl,1,1,2,0.5
HmMm,8,8,16,0.5
HmMn,10,10,20,0.5
HmMs,4,3,7,0.57
HmMt,0,4,4,0.0
HmNB,5,3,8,0.62
HmND,2,2,4,0.5
HmNH,2,1,3,0.67
HmNI,0,1,1,0.0
HmNK,1,1,2,0.5
HmNL,0,2,2,0.0
HmNM,3,4,7,0.43
HmNN,6,6,12,0.5
HmNP,9,5,14,0.64
HmNS,6,5,11,0.55
HmNb,1,3,4,0.25
HmNh,3,1,4,0.75
HmNl,2,2,4,0.5
HmNm,4,4,8,0.5
HmNn,5,14,19,0.26
HmNs,9,3,12,0.75
HmNt,2,2,4,0.5
HmPB,9,5,14,0.64
HmPD,2,1,3,0.67
HmPH,0,0,0,
HmPI,1,0,1,1.0
HmPK,1,0,1,1.0
HmPL,0,3,3,0.0
HmPM,2,3,5,0.4
HmPN,3,7,10,0.3
HmPP,7,9,16,0.44
HmPS,3,9,12,0.25
HmPb,4,5,9,0.44
HmPl,3,2,5,0.6
HmPm,4,7,11,0.36
HmPn,7,4,11,0.64
HmPs,6,6,12,0.5
HmPt,1,0,1,1.0
HmSB,2,0,2,1.0
HmSD,2,1,3,0.67
HmSH,2,2,4,0.5
HmSL,1,0,1,1.0
HmSM,3,4,7,0.43
HmSN,3,4,7,0.43
HmSP,2,2,4,0.5
HmSS,10,5,15,0.67
HmSb,1,4,5,0.2
HmSh,1,4,5,0.2
HmSl,2,1,3,0.67
HmSm,5,5,10,0.5
HmSn,4,4,8,0.5
HmSs,2,2,4,0.5
HmSt,0,0,0,
HmbB,7,8,15,0.47
HmbD,1,0,1,1.0
HmbH,2,0,2,1.0
HmbI,1,0,1,1.0
HmbJ,1,2,3,0.33
HmbK,0,1,1,0.0
HmbL,5,1,6,0.83
HmbM,5,3,8,0.62
HmbN,4,5,9,0.44
HmbP,3,9,12,0.25
HmbS,0,5,5,0.0
Hmbb,5,9,14,0.36
Hmbl,2,2,4,0.5
Hmbm,3,2,5,0.6
Hmbn,3,4,7,0.43
Hmbs,1,2,3,0.33
HmhS,0,0,0,
Hmhl,1,0,1,1.0
HmlB,2,1,3,0.67
HmlH,0,3,3,0.0
HmlJ,1,0,1,1.0
HmlL,0,1,1,0.0
HmlM,1,1,2,0.5
HmlN,3,2,5,0.6
HmlP,2,0,2,1.0
HmlS,1,1,2,0.5
Hmlb,2,0,2,1.0
Hmlh,0,1,1,0.0
Hmll,0,1,1,0.0
Hmlm,1,1,2,0.5
Hmln,0,1,1,0.0
Hmls,1,0,1,1.0
HmmB,5,1,6,0.83
HmmD,1,1,2,0.5
HmmH,5,3,8,0.62
HmmI,1,1,2,0.5
HmmJ,1,0,1,1.0
HmmK,0,1,1,0.0
HmmL,1,2,3,0.33
HmmM,7,8,15,0.47
HmmN,7,4,11,0.64
HmmP,7,7,14,0.5
HmmS,1,3,4,0.25
Hmmb,7,2,9,0.78
Hmml,2,2,4,0.5
Hmmm,10,6,16,0.62
Hmmn,6,6,12,0.5
Hmms,6,1,7,0.86
HmnB,4,3,7,0.57
HmnD,1,1,2,0.5
HmnH,1,4,5,0.2
HmnI,0,0,0,
HmnK,0,0,0,
HmnL,0,1,1,0.0
HmnM,6,1,7,0.86
HmnN,5,2,7,0.71
HmnP,6,5,11,0.55
HmnS,1,3,4,0.25
Hmnb,2,1,3,0.67
Hmnl,2,0,2,1.0
Hmnm,4,6,10,0.4
Hmnn,7,4,11,0.64
Hmns,4,2,6,0.67
HmsB,5,2,7,0.71
HmsD,1,1,2,0.5
HmsH,3,1,4,0.75
HmsI,3,0,3,1.0
HmsK,0,1,1,0.0
HmsL,0,0,0,
HmsM,6,2,8,0.75
HmsN,4,1,5,0.8
HmsP,1,5,6,0.17
HmsS,5,3,8,0.62
Hmsb,2,1,3,0.67
Hmsl,0,1,1,0.0
Hmsm,3,6,9,0.33
Hmsn,4,1,5,0.8
Hmss,3,3,6,0.5
HnBB,4,3,7,0.57
HnBD,0,2,2,0.0
HnBK,1,1,2,0.5
HnBL,0,0,0,
HnBM,4,3,7,0.57
HnBN,1,1,2,0.5
HnBP,2,5,7,0.29
HnBS,3,1,4,0.75
HnBb,2,2,4,0.5
HnBj,2,0,2,1.0
HnBl,0,2,2,0.0
HnBm,3,2,5,0.6
HnBn,4,6,10,0.4
HnBs,3,0,3,1.0
HnDB,0,2,2,0.0
HnDD,1,1,2,0.5
HnDH,0,1,1,0.0
HnDL,0,1,1,0.0
HnDM,2,1,3,0.67
HnDN,1,3,4,0.25
HnDP,1,0,1,1.0
HnDS,2,3,5,0.4
HnDb,1,1,2,0.5
HnDl,0,0,0,
HnDn,0,0,0,
HnDs,2,2,4,0.5
HnHB,1,3,4,0.25
HnHD,1,0,1,1.0
HnHH,0,0,0,
HnHK,0,1,1,0.0
HnHL,3,1,4,0.75
HnHM,4,0,4,1.0
HnHN,3,4,7,0.43
HnHP,3,3,6,0.5
HnHS,1,2,3,0.33
HnHh,2,0,2,1.0
HnHl,0,1,1,0.0
HnHm,4,2,6,0.67
HnHn,2,4,6,0.33
HnHs,1,1,2,0.5
HnIB,0,1,1,0.0
HnIH,1,0,1,1.0
HnIM,1,0,1,1.0
HnIP,2,1,3,0.67
HnIS,2,2,4,0.5
HnIb,1,1,2,0.5
HnIl,0,1,1,0.0
HnIn,0,0,0,
HnIs,0,0,0,
HnKP,0,1,1,0.0
HnKb,0,1,1,0.0
HnKh,1,0,1,1.0
HnKm,1,0,1,1.0
HnKn,1,0,1,1.0
HnKs,0,1,1,0.0
HnLB,1,0,1,1.0
HnLD,0,1,1,0.0
HnLK,0,1,1,0.0
HnLL,2,0,2,1.0
HnLM,1,2,3,0.33
HnLN,2,1,3,0.67
HnLP,2,2,4,0.5
HnLS,0,1,1,0.0
HnLb,1,0,1,1.0
HnLh,0,1,1,0.0
HnLl,1,1,2,0.5
HnLm,0,1,1,0.0
HnLn,5,2,7,0.71
HnLs,0,1,1,0.0
HnMB,4,3,7,0.57
HnMD,2,0,2,1.0
HnMK,1,0,1,1.0
HnML,0,1,1,0.0
HnMM,3,3,6,0.5
HnMN,7,3,10,0.7
HnMP,5,6,11,0.45
HnMS,1,4,5,0.2
HnMb,0,5,5,0.0
HnMh,5,3,8,0.62
HnMj,0,2,2,0.0
HnMl,3,1,4,0.75
HnMm,8,3,11,0.73
HnMn,7,7,14,0.5
HnMs,3,2,5,0.6
HnNB,3,4,7,0.43
HnND,1,1,2,0.5
HnNH,1,0,1,1.0
HnNL,1,2,3,0.33
HnNM,2,8,10,0.2
HnNN,7,3,10,0.7
HnNP,6,7,13,0.46
HnNS,8,3,11,0.73
HnNb,3,4,7,0.43
HnNh,2,1,3,0.67
HnNl,3,0,3,1.0
HnNm,9,3,12,0.75
HnNn,7,9,16,0.44
HnNs,4,2,6,0.67
HnNt,0,2,2,0.0
HnPB,8,3,11,0.73
HnPH,0,2,2,0.0
HnPI,0,2,2,0.0
HnPK,0,1,1,0.0
HnPL,2,4,6,0.33
HnPM,6,6,12,0.5
HnPN,5,6,11,0.45
HnPP,11,5,16,0.69
HnPS,4,5,9,0.44
HnPb,12,7,19,0.63
HnPh,1,2,3,0.33
HnPl,4,3,7,0.57
HnPm,10,5,15,0.67
HnPn,8,8,16,0.5
HnPs,1,4,5,0.2
HnPt,0,2,2,0.0
HnSB,2,4,6,0.33
HnSD,0,0,0,
HnSH,1,1,2,0.5
HnSI,1,0,1,1.0
HnSL,0,0,0,
HnSM,2,1,3,0.67
HnSN,5,6,11,0.45
HnSP,7,3,10,0.7
HnSS,3,4,7,0.43
HnSb,0,0,0,
HnSh,1,2,3,0.33
HnSl,3,0,3,1.0
HnSm,3,4,7,0.43
HnSn,8,2,10,0.8
HnSs,4,2,6,0.67
HnbB,3,4,7,0.43
HnbD,1,0,1,1.0
HnbI,1,0,1,1.0
HnbJ,2,0,2,1.0
HnbK,0,1,1,0.0
HnbL,0,3,3,0.0
HnbM,6,2,8,0.75
HnbN,6,7,13,0.46
HnbP,2,5,7,0.29
HnbS,1,2,3,0.33
Hnbb,3,5,8,0.38
Hnbl,1,1,2,0.5
Hnbm,5,5,10,0.5
Hnbn,5,2,7,0.71
Hnbs,1,1,2,0.5
HnhM,0,2,2,0.0
HnhP,1,0,1,1.0
HnhS,1,1,2,0.5
Hnhh,0,1,1,0.0
Hnhl,1,0,1,1.0
Hnhm,0,1,1,0.0
Hnhs,2,0,2,1.0
HnlB,0,2,2,0.0
HnlH,0,1,1,0.0
HnlJ,0,0,0,
HnlK,0,1,1,0.0
HnlM,3,0,3,1.0
HnlN,3,3,6,0.5
HnlP,3,0,3,1.0
HnlS,0,1,1,0.0
Hnlb,0,1,1,0.0
Hnll,2,0,2,1.0
Hnlm,1,1,2,0.5
Hnln,2,1,3,0.67
HnmB,2,2,4,0.5
HnmD,1,2,3,0.33
HnmH,0,2,2,0.0
HnmI,0,0,0,
HnmJ,0,1,1,0.0
HnmL,1,0,1,1.0
HnmM,11,5,16,0.69
HnmN,2,5,7,0.29
HnmP,3,4,7,0.43
HnmS,0,4,4,0.0
Hnmb,1,1,2,0.5
Hnml,1,0,1,1.0
Hnmm,0,3,3,0.0
Hnmn,4,3,7,0.57
Hnms,1,5,6,0.17
HnnB,5,3,8,0.62
HnnD,3,0,3,1.0
HnnH,4,4,8,0.5
HnnL,1,1,2,0.5
HnnM,4,8,12,0.33
HnnN,9,7,16,0.56
HnnP,5,4,9,0.56
HnnS,3,2,5,0.6
Hnnb,2,4,6,0.33
Hnnl,2,0,2,1.0
Hnnm,4,2,6,0.67
Hnnn,7,3,10,0.7
Hnns,5,1,6,0.83
HnsB,5,1,6,0.83
HnsD,1,2,3,0.33
HnsH,3,2,5,0.6
HnsL,1,1,2,0.5
HnsM,3,4,7,0.43
HnsN,5,3,8,0.62
HnsP,1,4,5,0.2
HnsS,1,2,3,0.33
Hnsb,1,2,3,0.33
Hnsh,0,0,0,
Hnsl,1,0,1,1.0
Hnsm,2,0,2,1.0
Hnsn,2,2,4,0.5
Hnss,1,1,2,0.5
Hnst,1,0,1,1.0
Hnth,1,0,1,1.0
HsBB,5,2,7,0.71
HsBD,0,1,1,0.0
HsBL,3,0,3,1.0
HsBM,1,4,5,0.2
HsBN,1,2,3,0.33
HsBP,1,3,4,0.25
HsBb,1,1,2,0.5
HsBl,2,2,4,0.5
HsBm,2,4,6,0.33
HsBn,3,3,6,0.5
HsBs,2,2,4,0.5
HsBt,1,0,1,1.0
HsDB,0,0,0,
HsDD,1,0,1,1.0
HsDH,2,0,2,1.0
HsDN,0,1,1,0.0
HsDP,0,1,1,0.0
HsDl,1,0,1,1.0
HsDm,0,1,1,0.0
HsDn,2,1,3,0.67
HsHB,3,1,4,0.75
HsHD,2,2,4,0.5
HsHH,2,2,4,0.5
HsHL,2,2,4,0.5
HsHM,4,3,7,0.57
HsHN,0,4,4,0.0
HsHP,4,2,6,0.67
HsHS,2,2,4,0.5
HsHb,1,3,4,0.25
HsHh,2,2,4,0.5
HsHl,0,1,1,0.0
HsHm,5,3,8,0.62
HsHn,3,3,6,0.5
HsHs,3,4,7,0.43
HsID,0,1,1,0.0
HsIH,0,1,1,0.0
HsIL,0,1,1,0.0
HsIM,1,0,1,1.0
HsIN,2,1,3,0.67
HsIS,1,0,1,1.0
HsIb,0,1,1,0.0
HsIn,0,1,1,0.0
HsIs,2,0,2,1.0
HsKh,1,0,1,1.0
HsKs,0,1,1,0.0
HsLB,2,0,2,1.0
HsLK,0,1,1,0.0
HsLL,0,3,3,0.0
HsLM,0,1,1,0.0
HsLN,2,1,3,0.67
HsLS,0,1,1,0.0
HsLb,2,1,3,0.67
HsLh,0,2,2,0.0
HsLj,0,0,0,
HsLl,1,2,3,0.33
HsLm,2,1,3,0.67
HsLn,1,2,3,0.33
HsLs,2,2,4,0.5
HsMB,1,3,4,0.25
HsML,2,2,4,0.5
HsMM,2,7,9,0.22
HsMN,5,6,11,0.45
HsMP,6,2,8,0.75
HsMS,3,4,7,0.43
HsMb,2,6,8,0.25
HsMh,1,4,5,0.2
HsMj,1,0,1,1.0
HsMl,2,0,2,1.0
HsMm,5,8,13,0.38
HsMn,6,3,9,0.67
HsMs,4,2,6,0.67
HsNB,2,1,3,0.67
HsND,2,0,2,1.0
HsNI,1,1,2,0.5
HsNL,2,4,6,0.33
HsNM,2,2,4,0.5
HsNN,3,3,6,0.5
HsNP,8,10,18,0.44
HsNS,3,5,8,0.38
HsNb,1,4,5,0.2
HsNh,0,3,3,0.0
HsNl,1,0,1,1.0
HsNm,5,5,10,0.5
HsNn,7,3,10,0.7
HsNs,3,3,6,0.5
HsNt,1,3,4,0.25
HsPB,3,3,6,0.5
HsPD,0,1,1,0.0
HsPH,2,0,2,1.0
HsPL,3,1,4,0.75
HsPM,4,3,7,0.57
HsPN,2,4,6,0.33
HsPP,3,3,6,0.5
HsPS,2,3,5,0.4
HsPb,8,1,9,0.89
HsPl,1,0,1,1.0
HsPm,9,3,12,0.75
HsPn,6,0,6,1.0
HsPs,2,2,4,0.5
HsSB,1,4,5,0.2
HsSD,1,0,1,1.0
HsSH,5,0,5,1.0
HsSK,0,1,1,0.0
HsSL,2,2,4,0.5
HsSM,4,6,10,0.4
HsSN,3,3,6,0.5
HsSP,3,6,9,0.33
HsSS,6,8,14,0.43
HsSb,1,4,5,0.2
HsSh,3,3,6,0.5
HsSl,1,1,2,0.5
HsSm,7,3,10,0.7
HsSn,6,3,9,0.67
HsSs,7,3,10,0.7
HsSt,1,2,3,0.33
HsbB,2,3,5,0.4
HsbD,0,0,0,
HsbJ,1,0,1,1.0
HsbK,0,0,0,
HsbL,0,1,1,0.0
HsbM,7,5,12,0.58
HsbN,5,2,7,0.71
HsbP,5,2,7,0.71
HsbS,1,3,4,0.25
Hsbb,3,3,6,0.5
Hsbl,0,2,2,0.0
Hsbm,4,1,5,0.8
Hsbn,4,4,8,0.5
Hsbs,2,0,2,1.0
HshB,1,0,1,1.0
HshN,1,0,1,1.0
HshP,0,3,3,0.0
Hshb,0,1,1,0.0
Hshh,1,1,2,0.5
Hshl,0,0,0,
HslH,1,0,1,1.0
HslK,0,0,0,
HslL,1,1,2,0.5
HslM,0,2,2,0.0
HslN,1,0,1,1.0
HslP,0,2,2,0.0
HslS,1,1,2,0.5
Hslb,1,0,1,1.0
Hslm,3,0,3,1.0
Hsln,0,1,1,0.0
Hsls,3,0,3,1.0
HsmB,4,4,8,0.5
HsmD,0,0,0,
HsmH,0,5,5,0.0
HsmI,0,0,0,
HsmJ,1,1,2,0.5
HsmK,0,1,1,0.0
HsmL,1,1,2,0.5
HsmM,4,9,13,0.31
HsmN,5,1,6,0.83
HsmP,3,6,9,0.33
HsmS,2,2,4,0.5
Hsmb,7,2,9,0.78
Hsml,1,1,2,0.5
Hsmm,1,2,3,0.33
Hsmn,0,4,4,0.0
Hsms,1,0,1,1.0
HsnB,3,3,6,0.5
HsnD,1,1,2,0.5
HsnH,2,1,3,0.67
HsnI,1,0,1,1.0
HsnL,0,1,1,0.0
HsnM,6,6,12,0.5
HsnN,6,5,11,0.55
HsnP,5,2,7,0.71
HsnS,3,3,6,0.5
Hsnb,5,3,8,0.62
Hsnl,3,2,5,0.6
Hsnm,6,2,8,0.75
Hsnn,7,2,9,0.78
Hsns,3,0,3,1.0
HssB,2,0,2,1.0
HssD,3,2,5,0.6
HssH,3,4,7,0.43
HssI,0,0,0,
HssL,0,2,2,0.0
HssM,1,2,3,0.33
HssN,0,3,3,0.0
HssP,3,4,7,0.43
HssS,2,7,9,0.22
Hssb,1,1,2,0.5
Hssl,2,2,4,0.5
Hssm,3,2,5,0.6
Hssn,6,1,7,0.86
Hsss,3,4,7,0.43
HstB,1,0,1,1.0
HstH,1,0,1,1.0
Hstn,1,0,1,1.0
HtBD,0,0,0,
HtBS,0,1,1,0.0
HtBm,0,1,1,0.0
HtDM,0,0,0,
HtDP,0,1,1,0.0
HtHH,0,1,1,0.0
HtHL,0,1,1,0.0
HtHM,0,1,1,0.0
HtHN,1,0,1,1.0
HtHb,2,0,2,1.0
HtHh,1,0,1,1.0
HtHm,1,0,1,1.0
HtHn,2,0,2,1.0
HtKB,1,0,1,1.0
HtKS,0,1,1,0.0
HtLM,1,0,1,1.0
HtLP,1,0,1,1.0
HtMB,0,0,0,
HtMD,1,0,1,1.0
HtMM,0,1,1,0.0
HtMP,0,2,2,0.0
HtMS,0,2,2,0.0
HtMh,0,1,1,0.0
HtMm,1,2,3,0.33
HtNB,0,1,1,0.0
HtND,0,0,0,
HtNI,0,1,1,0.0
HtNL,1,0,1,1.0
HtNN,0,0,0,
HtNm,2,0,2,1.0
HtNn,1,1,2,0.5
HtNs,0,0,0,
HtPB,0,1,1,0.0
HtPb,1,0,1,1.0
HtPm,2,0,2,1.0
HtPs,1,0,1,1.0
HtPt,1,0,1,1.0
HtSB,1,0,1,1.0
HtSH,0,0,0,
HtSM,2,0,2,1.0
HtSP,0,1,1,0.0
HtSS,1,0,1,1.0
HtSb,0,1,1,0.0
HtSn,1,0,1,1.0
HtSt,0,0,0,
HtbB,1,1,2,0.5
HtbP,2,0,2,1.0
Htbm,1,0,1,1.0
Htbs,1,0,1,1.0
HtlB,0,1,1,0.0
HtlP,0,1,1,0.0
HtlS,2,0,2,1.0
Htlm,0,0,0,
HtmB,0,0,0,
HtmH,0,1,1,0.0
HtmM,0,1,1,0.0
HtmN,0,1,1,0.0
HtmP,1,0,1,1.0
HtmS,0,1,1,0.0
Html,1,0,1,1.0
Htmn,0,1,1,0.0
Htms,1,0,1,1.0
HtnB,0,1,1,0.0
HtnP,0,2,2,0.0
Htns,0,0,0,
HtsM,2,0,2,1.0
HtsP,0,1,1,0.0
HtsS,1,0,1,1.0
Htsb,1,0,1,1.0
Htsn,1,1,2,0.5
Htst,0,1,1,0.0
IBBB,2,1,3,0.67
IBBM,0,2,2,0.0
IBBN,1,1,2,0.5
IBBP,2,0,2,1.0
IBBS,0,1,1,0.0
IBBj,0,1,1,0.0
IBBl,0,1,1,0.0
IBBm,0,1,1,0.0
IBBn,1,0,1,1.0
IBBs,0,1,1,0.0
IBDN,1,0,1,1.0
IBDP,1,0,1,1.0
IBDb,1,0,1,1.0
IBDl,1,0,1,1.0
IBDs,0,1,1,0.0
IBHS,0,1,1,0.0
IBIL,0,0,0,
IBKD,1,0,1,1.0
IBKM,0,1,1,0.0
IBKN,1,1,2,0.5
IBLL,1,0,1,1.0
IBLP,1,0,1,1.0
IBLb,0,1,1,0.0
IBMB,1,2,3,0.33
IBML,0,1,1,0.0
IBMM,1,1,2,0.5
IBMN,1,2,3,0.33
IBMS,0,3,3,0.0
IBMh,1,1,2,0.5
IBMm,1,0,1,1.0
IBMn,0,1,1,0.0
IBMs,0,1,1,0.0
IBNB,3,0,3,1.0
IBNK,0,0,0,
IBNL,0,0,0,
IBNM,1,1,2,0.5
IBNN,2,1,3,0.67
IBNP,1,1,2,0.5
IBNS,0,1,1,0.0
IBNb,0,1,1,0.0
IBNl,2,1,3,0.67
IBNm,0,1,1,0.0
IBNs,1,1,2,0.5
IBPB,2,0,2,1.0
IBPL,1,0,1,1.0
IBPM,0,0,0,
IBPN,1,1,2,0.5
IBPP,1,0,1,1.0
IBPS,0,1,1,0.0
IBPb,2,0,2,1.0
IBPm,2,0,2,1.0
IBPn,1,0,1,1.0
IBPs,1,1,2,0.5
IBSB,0,1,1,0.0
IBSH,1,0,1,1.0
IBSL,0,1,1,0.0
IBSM,1,3,4,0.25
IBSP,1,1,2,0.5
IBSS,3,0,3,1.0
IBSb,0,2,2,0.0
IBSh,1,0,1,1.0
IBSl,0,1,1,0.0
IBSm,1,0,1,1.0
IBSn,0,1,1,0.0
IBSs,1,0,1,1.0
IBbB,1,0,1,1.0
IBbJ,1,0,1,1.0
IBbM,1,0,1,1.0
IBbN,1,1,2,0.5
IBbP,1,0,1,1.0
IBbS,0,1,1,0.0
IBbb,0,1,1,0.0
IBbm,2,0,2,1.0
IBbs,0,0,0,
IBhL,1,0,1,1.0
IBhM,0,0,0,
IBhN,0,1,1,0.0
IBjL,0,1,1,0.0
IBjN,1,0,1,1.0
IBjb,0,0,0,
IBjh,0,1,1,0.0
IBlN,1,0,1,1.0
IBlP,1,0,1,1.0
IBlb,1,0,1,1.0
IBll,0,1,1,0.0
IBlm,0,0,0,
IBls,0,1,1,0.0
IBmB,0,1,1,0.0
IBmD,0,0,0,
IBmH,1,0,1,1.0
IBmL,1,0,1,1.0
IBmN,1,3,4,0.25
IBmP,5,1,6,0.83
IBmm,3,0,3,1.0
IBmn,1,0,1,1.0
IBms,0,1,1,0.0
IBnB,0,1,1,0.0
IBnH,2,0,2,1.0
IBnI,1,0,1,1.0
IBnM,0,1,1,0.0
IBnN,2,1,3,0.67
IBnP,3,1,4,0.75
IBnS,1,1,2,0.5
IBnb,1,1,2,0.5
IBnm,2,2,4,0.5
IBnn,1,1,2,0.5
IBns,1,1,2,0.5
IBsH,1,1,2,0.5
IBsL,0,0,0,
IBsN,0,1,1,0.0
IBsS,2,1,3,0.67
IBsm,1,0,1,1.0
IBsn,1,0,1,1.0
IBtB,1,0,1,1.0
IBtN,1,0,1,1.0
IBtS,0,1,1,0.0
IBtb,0,1,1,0.0
IDBL,1,0,1,1.0
IDBN,1,0,1,1.0
IDBP,0,1,1,0.0
IDBS,0,2,2,0.0
IDBb,1,0,1,1.0
IDBn,1,1,2,0.5
IDDM,1,0,1,1.0
IDDP,0,1,1,0.0
IDDb,0,1,1,0.0
IDDm,0,1,1,0.0
IDDn,1,0,1,1.0
IDHM,0,1,1,0.0
IDHh,1,0,1,1.0
IDHn,0,1,1,0.0
IDIM,1,0,1,1.0
IDLD,1,0,1,1.0
IDLN,0,0,0,
IDLP,1,0,1,1.0
IDMB,0,1,1,0.0
IDMS,0,1,1,0.0
IDMb,1,0,1,1.0
IDMh,0,1,1,0.0
IDMl,0,0,0,
IDMn,0,1,1,0.0
IDNM,1,0,1,1.0
IDNP,0,1,1,0.0
IDNS,0,1,1,0.0
IDNb,1,0,1,1.0
IDNm,0,2,2,0.0
IDPD,1,0,1,1.0
IDPL,0,1,1,0.0
IDPM,0,1,1,0.0
IDPS,1,0,1,1.0
IDPl,1,0,1,1.0
IDPm,0,0,0,
IDPn,0,1,1,0.0
IDSB,1,0,1,1.0
IDSD,1,0,1,1.0
IDSH,1,0,1,1.0
IDSL,0,1,1,0.0
IDSP,0,2,2,0.0
IDSS,1,1,2,0.5
IDSb,1,1,2,0.5
IDSh,0,1,1,0.0
IDSl,0,0,0,
IDSm,1,0,1,1.0
IDSs,1,0,1,1.0
IDbB,0,0,0,
IDbL,0,0,0,
IDbM,0,1,1,0.0
IDbN,1,0,1,1.0
IDbb,1,0,1,1.0
IDbm,2,0,2,1.0
IDlb,1,0,1,1.0
IDmB,1,1,2,0.5
IDmH,1,0,1,1.0
IDmM,0,0,0,
IDmP,0,1,1,0.0
IDmb,0,1,1,0.0
IDmm,1,1,2,0.5
IDmn,1,0,1,1.0
IDnM,0,0,0,
IDnP,0,0,0,
IDnm,0,1,1,0.0
IDnn,0,1,1,0.0
IDsB,1,0,1,1.0
IDsD,1,0,1,1.0
IDsL,0,0,0,
IDsM,0,1,1,0.0
IHBB,0,0,0,
IHBL,0,1,1,0.0
IHBP,1,0,1,1.0
IHBS,3,1,4,0.75
IHBb,2,0,2,1.0
IHBj,1,0,1,1.0
IHBl,0,0,0,
IHBm,0,1,1,0.0
IHBs,2,0,2,1.0
IHBt,1,0,1,1.0
IHDm,0,1,1,0.0
IHHB,1,0,1,1.0
IHHI,0,1,1,0.0
IHHS,1,0,1,1.0
IHHs,0,1,1,0.0
IHIb,0,1,1,0.0
IHKs,0,1,1,0.0
IHLB,0,1,1,0.0
IHLP,1,1,2,0.5
IHLS,0,1,1,0.0
IHLl,0,0,0,
IHLt,0,1,1,0.0
IHMB,2,0,2,1.0
IHMK,0,1,1,0.0
IHMM,0,1,1,0.0
IHMN,1,4,5,0.2
IHMP,0,1,1,0.0
IHMS,1,0,1,1.0
IHMb,0,3,3,0.0
IHMm,0,2,2,0.0
IHMn,0,1,1,0.0
IHNB,1,1,2,0.5
IHNH,1,0,1,1.0
IHNM,1,0,1,1.0
IHNN,1,0,1,1.0
IHNP,2,0,2,1.0
IHNl,0,2,2,0.0
IHNm,1,0,1,1.0
IHNn,0,2,2,0.0
IHNs,1,0,1,1.0
IHPB,1,0,1,1.0
IHPH,1,0,1,1.0
IHPL,1,1,2,0.5
IHPM,0,1,1,0.0
IHPN,2,2,4,0.5
IHPP,1,0,1,1.0
IHPS,0,1,1,0.0
IHPh,0,0,0,
IHPl,1,0,1,1.0
IHPm,1,2,3,0.33
IHPn,1,0,1,1.0
IHPs,0,0,0,
IHSP,1,2,3,0.33
IHSS,0,1,1,0.0
IHSb,1,0,1,1.0
IHSh,1,1,2,0.5
IHSl,1,1,2,0.5
IHSm,0,2,2,0.0
IHSn,0,1,1,0.0
IHSs,0,4,4,0.0
IHbJ,0,1,1,0.0
IHbM,1,1,2,0.5
IHbN,1,2,3,0.33
IHbP,1,2,3,0.33
IHbb,2,0,2,1.0
IHbl,0,0,0,
IHbn,0,0,0,
IHhB,1,0,1,1.0
IHhI,1,0,1,1.0
IHhM,0,1,1,0.0
IHhN,1,0,1,1.0
IHhb,1,0,1,1.0
IHhl,1,1,2,0.5
IHhm,0,0,0,
IHht,0,0,0,
IHlH,1,0,1,1.0
IHlM,0,1,1,0.0
IHlN,0,1,1,0.0
IHlP,0,0,0,
IHlS,0,1,1,0.0
IHlb,1,0,1,1.0
IHln,2,0,2,1.0
IHls,1,1,2,0.5
IHmB,3,1,4,0.75
IHmH,0,1,1,0.0
IHmI,1,0,1,1.0
IHmL,0,1,1,0.0
IHmM,2,1,3,0.67
IHmN,2,0,2,1.0
IHmS,0,1,1,0.0
IHmb,0,1,1,0.0
IHmm,0,2,2,0.0
IHmn,0,1,1,0.0
IHms,0,1,1,0.0
IHnB,0,1,1,0.0
IHnH,0,1,1,0.0
IHnM,0,0,0,
IHnP,2,1,3,0.67
IHnS,0,2,2,0.0
IHnh,0,0,0,
IHnn,2,0,2,1.0
IHns,1,0,1,1.0
IHsB,1,1,2,0.5
IHsH,0,1,1,0.0
IHsM,0,1,1,0.0
IHsN,0,1,1,0.0
IHsP,1,0,1,1.0
IHsS,1,2,3,0.33
IHsb,2,1,3,0.67
IHsm,0,1,1,0.0
IHst,0,1,1,0.0
IHtb,0,1,1,0.0
IHtm,0,0,0,
IIBI,1,0,1,1.0
IIBM,1,0,1,1.0
IIBS,1,0,1,1.0
IIBb,1,0,1,1.0
IIDb,1,0,1,1.0
IIHB,0,1,1,0.0
IILB,0,1,1,0.0
IIMb,1,0,1,1.0
IIMl,0,1,1,0.0
IIMm,1,1,2,0.5
IIMn,0,1,1,0.0
IIMs,0,1,1,0.0
IINB,0,0,0,
IINn,0,1,1,0.0
IIPH,1,0,1,1.0
IIPL,0,1,1,0.0
IIPb,0,1,1,0.0
IIPt,0,0,0,
IISB,1,0,1,1.0
IISD,0,1,1,0.0
IISM,0,1,1,0.0
IISP,0,0,0,
IISm,2,1,3,0.67
IISn,1,0,1,1.0
IIbI,1,0,1,1.0
IIbJ,0,0,0,
IIbN,1,0,1,1.0
IIbP,0,1,1,0.0
IIbS,0,2,2,0.0
IIbm,0,1,1,0.0
IImM,1,1,2,0.5
IImN,0,0,0,
IImm,1,0,1,1.0
IImn,0,0,0,
IInP,1,0,1,1.0
IInS,0,0,0,
IInm,0,1,1,0.0
IInn,1,0,1,1.0
IIsm,0,1,1,0.0
IKBn,0,1,1,0.0
IKMS,0,0,0,
IKNH,0,0,0,
IKNN,1,0,1,1.0
IKbM,0,1,1,0.0
IKhB,1,0,1,1.0
IKmb,1,0,1,1.0
IKsS,0,0,0,
ILBN,1,0,1,1.0
ILBP,0,0,0,
ILBS,1,0,1,1.0
ILBb,1,1,2,0.5
ILBj,1,0,1,1.0
ILBm,0,1,1,0.0
ILBn,1,1,2,0.5
ILBs,1,0,1,1.0
ILDP,1,1,2,0.5
ILDm,0,0,0,
ILDs,0,0,0,
ILKH,0,1,1,0.0
ILLN,1,0,1,1.0
ILLm,0,1,1,0.0
ILLn,0,1,1,0.0
ILMB,1,0,1,1.0
ILMM,0,1,1,0.0
ILMP,0,1,1,0.0
ILMb,0,1,1,0.0
ILMh,0,1,1,0.0
ILMl,1,0,1,1.0
ILMm,0,1,1,0.0
ILNB,2,1,3,0.67
ILNM,1,0,1,1.0
ILNN,0,1,1,0.0
ILNP,0,0,0,
ILNb,0,1,1,0.0
ILNl,1,0,1,1.0
ILNn,0,0,0,
ILPK,1,0,1,1.0
ILPL,0,1,1,0.0
ILPP,0,0,0,
ILPS,0,0,0,
ILPb,2,0,2,1.0
ILPm,1,0,1,1.0
ILPn,1,0,1,1.0
ILPs,0,0,0,
ILSH,1,0,1,1.0
ILSM,0,1,1,0.0
ILSS,0,0,0,
ILSh,1,0,1,1.0
ILSm,0,0,0,
ILSn,2,0,2,1.0
ILSs,1,0,1,1.0
ILbL,0,1,1,0.0
ILbP,1,0,1,1.0
ILbb,1,0,1,1.0
ILbm,0,1,1,0.0
ILbn,0,1,1,0.0
ILhH,1,0,1,1.0
ILhl,0,0,0,
ILhn,1,0,1,1.0
ILjP,0,0,0,
ILlH,1,0,1,1.0
ILlM,0,1,1,0.0
ILlS,1,0,1,1.0
ILlb,0,0,0,
ILll,0,2,2,0.0
ILln,0,1,1,0.0
ILmB,1,0,1,1.0
ILmM,0,2,2,0.0
ILmN,0,1,1,0.0
ILmP,0,1,1,0.0
ILmn,1,0,1,1.0
ILms,0,1,1,0.0
ILnB,0,2,2,0.0
ILnL,1,1,2,0.5
ILnN,0,1,1,0.0
ILnP,1,0,1,1.0
ILnn,1,1,2,0.5
ILsB,1,0,1,1.0
ILsN,0,1,1,0.0
ILsm,1,0,1,1.0
ILtB,0,1,1,0.0
ILtN,0,1,1,0.0
ILtm,1,0,1,1.0
IMBB,0,1,1,0.0
IMBM,0,1,1,0.0
IMBN,1,2,3,0.33
IMBP,0,0,0,
IMBS,2,2,4,0.5
IMBb,1,2,3,0.33
IMBm,2,1,3,0.67
IMBn,2,1,3,0.67
IMBs,1,0,1,1.0
IMDL,1,0,1,1.0
IMDM,0,1,1,0.0
IMDN,1,0,1,1.0
IMDS,0,0,0,
IMDl,1,0,1,1.0
IMDm,0,1,1,0.0
IMIm,1,0,1,1.0
IMLB,0,0,0,
IMLN,0,1,1,0.0
IMLP,1,0,1,1.0
IMLS,0,1,1,0.0
IMLb,1,2,3,0.33
IMLh,0,1,1,0.0
IMLm,1,1,2,0.5
IMLn,0,1,1,0.0
IMMB,1,1,2,0.5
IMMD,1,0,1,1.0
IMMM,0,0,0,
IMMN,3,0,3,1.0
IMMP,2,2,4,0.5
IMMS,1,0,1,1.0
IMMb,1,0,1,1.0
IMMh,1,0,1,1.0
IMMj,1,0,1,1.0
IMMl,1,1,2,0.5
IMMm,4,0,4,1.0
IMMn,0,3,3,0.0
IMMs,1,2,3,0.33
IMNB,2,0,2,1.0
IMNL,1,0,1,1.0
IMNM,1,2,3,0.33
IMNN,2,3,5,0.4
IMNP,2,4,6,0.33
IMNS,2,0,2,1.0
IMNb,0,2,2,0.0
IMNl,0,0,0,
IMNm,2,1,3,0.67
IMNn,0,1,1,0.0
IMNs,0,1,1,0.0
IMPB,0,2,2,0.0
IMPD,1,1,2,0.5
IMPK,0,1,1,0.0
IMPL,0,0,0,
IMPM,0,1,1,0.0
IMPN,2,1,3,0.67
IMPP,1,2,3,0.33
IMPS,2,0,2,1.0
IMPb,0,0,0,
IMPl,1,1,2,0.5
IMPm,1,3,4,0.25
IMPn,2,3,5,0.4
IMPs,0,1,1,0.0
IMSB,1,0,1,1.0
IMSH,0,1,1,0.0
IMSM,0,2,2,0.0
IMSN,2,1,3,0.67
IMSP,0,1,1,0.0
IMSS,0,0,0,
IMSb,2,0,2,1.0
IMSm,1,2,3,0.33
IMSn,1,0,1,1.0
IMSs,2,0,2,1.0
IMSt,1,0,1,1.0
IMbB,1,0,1,1.0
IMbH,1,0,1,1.0
IMbJ,0,1,1,0.0
IMbK,0,1,1,0.0
IMbL,0,2,2,0.0
IMbM,2,1,3,0.67
IMbN,0,1,1,0.0
IMbP,2,0,2,1.0
IMbb,1,1,2,0.5
IMbl,0,1,1,0.0
IMbm,1,0,1,1.0
IMbn,0,1,1,0.0
IMhH,0,1,1,0.0
IMhM,1,2,3,0.33
IMhN,1,2,3,0.33
IMhP,0,1,1,0.0
IMhS,0,0,0,
IMhh,1,0,1,1.0
IMhl,2,0,2,1.0
IMhn,1,2,3,0.33
IMhs,0,1,1,0.0
IMjH,0,1,1,0.0
IMjM,1,0,1,1.0
IMjN,0,0,0,
IMjP,0,1,1,0.0
IMjS,0,1,1,0.0
IMjm,1,0,1,1.0
IMlB,1,0,1,1.0
IMlH,1,0,1,1.0
IMlK,1,0,1,1.0
IMlM,1,0,1,1.0
IMlN,1,0,1,1.0
IMlS,1,2,3,0.33
IMlb,1,0,1,1.0
IMlm,1,1,2,0.5
IMln,0,0,0,
IMmB,2,1,3,0.67
IMmD,0,1,1,0.0
IMmH,1,0,1,1.0
IMmM,1,3,4,0.25
IMmN,2,0,2,1.0
IMmP,0,3,3,0.0
IMmS,2,1,3,0.67
IMmb,2,0,2,1.0
IMmm,1,1,2,0.5
IMmn,2,1,3,0.67
IMms,1,1,2,0.5
IMnH,0,1,1,0.0
IMnI,0,0,0,
IMnM,2,0,2,1.0
IMnN,1,1,2,0.5
IMnP,6,0,6,1.0
IMnS,1,0,1,1.0
IMnb,0,1,1,0.0
IMnl,0,2,2,0.0
IMnm,2,2,4,0.5
IMnn,0,0,0,
IMns,0,2,2,0.0
IMsB,1,0,1,1.0
IMsH,0,1,1,0.0
IMsM,1,2,3,0.33
IMsN,1,0,1,1.0
IMsP,1,2,3,0.33
IMsS,0,1,1,0.0
IMsb,1,3,4,0.25
IMsm,0,1,1,0.0
IMsn,3,0,3,1.0
IMss,0,0,0,
IMtB,0,1,1,0.0
IMtL,0,1,1,0.0
IMtM,0,1,1,0.0
IMtm,1,0,1,1.0
IMtn,0,1,1,0.0
INBM,2,0,2,1.0
INBP,3,1,4,0.75
INBS,1,0,1,1.0
INBb,0,1,1,0.0
INBh,0,1,1,0.0
INBj,1,1,2,0.5
INBm,3,2,5,0.6
INBn,2,2,4,0.5
INBs,2,0,2,1.0
INDB,0,1,1,0.0
INDM,0,1,1,0.0
INHP,0,1,1,0.0
INHb,0,1,1,0.0
INHh,0,1,1,0.0
INHl,0,0,0,
INHs,0,1,1,0.0
INKI,0,1,1,0.0
INKM,0,1,1,0.0
INKm,0,1,1,0.0
INLM,2,2,4,0.5
INLP,0,1,1,0.0
INLb,1,1,2,0.5
INLm,1,0,1,1.0
INLn,1,1,2,0.5
INLs,0,1,1,0.0
INMB,0,1,1,0.0
INML,1,0,1,1.0
INMM,1,0,1,1.0
INMN,1,0,1,1.0
INMP,1,1,2,0.5
INMS,2,0,2,1.0
INMb,1,1,2,0.5
INMl,0,1,1,0.0
INMm,1,3,4,0.25
INMn,2,3,5,0.4
INMs,2,0,2,1.0
INNK,0,1,1,0.0
INNL,1,1,2,0.5
INNM,2,2,4,0.5
INNN,0,1,1,0.0
INNP,1,0,1,1.0
INNS,1,1,2,0.5
INNb,0,2,2,0.0
INNh,0,2,2,0.0
INNm,2,3,5,0.4
INNn,1,0,1,1.0
INPB,5,1,6,0.83
INPD,1,0,1,1.0
INPH,0,1,1,0.0
INPI,1,0,1,1.0
INPK,1,0,1,1.0
INPM,0,1,1,0.0
INPN,1,3,4,0.25
INPP,1,1,2,0.5
INPS,4,3,7,0.57
INPb,1,0,1,1.0
INPh,1,0,1,1.0
INPl,1,0,1,1.0
INPm,3,0,3,1.0
INPn,3,2,5,0.6
INPs,1,1,2,0.5
INPt,1,0,1,1.0
INSB,0,1,1,0.0
INSL,0,2,2,0.0
INSN,2,1,3,0.67
INSP,1,0,1,1.0
INSS,0,2,2,0.0
INSb,1,0,1,1.0
INSs,1,1,2,0.5
INbB,0,5,5,0.0
INbD,1,1,2,0.5
INbI,0,1,1,0.0
INbJ,0,1,1,0.0
INbM,0,1,1,0.0
INbN,1,2,3,0.33
INbP,1,2,3,0.33
INbS,0,1,1,0.0
INbb,1,0,1,1.0
INbm,1,2,3,0.33
INbn,0,1,1,0.0
INhN,1,0,1,1.0
INhh,0,0,0,
INhm,1,0,1,1.0
INhn,1,0,1,1.0
INhs,1,0,1,1.0
INlD,1,0,1,1.0
INlI,0,0,0,
INlN,0,1,1,0.0
INlS,0,0,0,
INlb,1,0,1,1.0
INmB,2,1,3,0.67
INmD,2,0,2,1.0
INmL,1,0,1,1.0
INmM,0,4,4,0.0
INmN,0,2,2,0.0
INmP,0,0,0,
INmS,1,1,2,0.5
INmb,0,0,0,
INml,1,1,2,0.5
INms,1,0,1,1.0
INnB,0,1,1,0.0
INnM,0,0,0,
INnP,0,1,1,0.0
INnS,1,5,6,0.17
INnb,1,0,1,1.0
INnh,1,0,1,1.0
INnm,3,2,5,0.6
INnn,3,0,3,1.0
INns,1,1,2,0.5
INsM,0,1,1,0.0
INsN,0,1,1,0.0
INsP,1,1,2,0.5
INsS,0,1,1,0.0
INsl,2,1,3,0.67
INsm,0,1,1,0.0
INsn,4,1,5,0.8
INss,1,1,2,0.5
INtB,1,0,1,1.0
INtM,0,0,0,
INtN,1,1,2,0.5
INtn,1,0,1,1.0
IPBB,1,1,2,0.5
IPBL,0,1,1,0.0
IPBM,0,1,1,0.0
IPBN,1,1,2,0.5
IPBb,2,1,3,0.67
IPBh,0,1,1,0.0
IPBj,1,0,1,1.0
IPBm,1,2,3,0.33
IPBn,0,1,1,0.0
IPBs,2,0,2,1.0
IPDD,0,1,1,0.0
IPDN,1,1,2,0.5
IPDl,0,1,1,0.0
IPDn,1,0,1,1.0
IPHN,1,0,1,1.0
IPHP,1,1,2,0.5
IPHb,1,0,1,1.0
IPHh,1,0,1,1.0
IPHm,0,0,0,
IPIN,1,0,1,1.0
IPIm,1,0,1,1.0
IPKP,1,0,1,1.0
IPKb,0,0,0,
IPLD,1,0,1,1.0
IPLM,1,0,1,1.0
IPLP,1,0,1,1.0
IPLb,2,1,3,0.67
IPLl,0,1,1,0.0
IPLm,1,0,1,1.0
IPLn,0,1,1,0.0
IPMB,1,3,4,0.25
IPMD,1,0,1,1.0
IPMH,1,0,1,1.0
IPMK,1,0,1,1.0
IPML,0,1,1,0.0
IPMM,2,1,3,0.67
IPMN,2,2,4,0.5
IPMP,2,2,4,0.5
IPMS,1,2,3,0.33
IPMh,3,2,5,0.6
IPMm,5,2,7,0.71
IPMn,2,0,2,1.0
IPMs,1,2,3,0.33
IPMt,0,1,1,0.0
IPNB,1,1,2,0.5
IPND,0,1,1,0.0
IPNM,0,1,1,0.0
IPNN,3,2,5,0.6
IPNP,3,2,5,0.6
IPNS,1,0,1,1.0
IPNb,0,2,2,0.0
IPNl,0,1,1,0.0
IPNm,1,0,1,1.0
IPNn,2,1,3,0.67
IPNs,0,1,1,0.0
IPPB,1,2,3,0.33
IPPM,1,1,2,0.5
IPPN,0,1,1,0.0
IPPP,3,2,5,0.6
IPPS,0,0,0,
IPPb,1,3,4,0.25
IPPm,3,1,4,0.75
IPPn,1,0,1,1.0
IPPs,1,2,3,0.33
IPSH,1,1,2,0.5
IPSL,1,0,1,1.0
IPSM,0,1,1,0.0
IPSN,2,0,2,1.0
IPSP,1,4,5,0.2
IPSS,3,0,3,1.0
IPSb,1,2,3,0.33
IPSh,1,0,1,1.0
IPSm,1,1,2,0.5
IPSn,0,2,2,0.0
IPSs,0,0,0,
IPSt,1,0,1,1.0
IPbB,2,0,2,1.0
IPbD,0,0,0,
IPbH,0,1,1,0.0
IPbJ,0,0,0,
IPbL,2,0,2,1.0
IPbM,1,2,3,0.33
IPbN,2,0,2,1.0
IPbP,2,1,3,0.67
IPbS,2,0,2,1.0
IPbb,0,1,1,0.0
IPbl,1,0,1,1.0
IPbm,2,1,3,0.67
IPbn,2,3,5,0.4
IPbs,1,0,1,1.0
IPhB,0,0,0,
IPhM,0,0,0,
IPhm,0,1,1,0.0
IPhs,0,1,1,0.0
IPlB,1,0,1,1.0
IPlJ,0,0,0,
IPlL,0,1,1,0.0
IPlM,1,2,3,0.33
IPlS,0,2,2,0.0
IPlb,0,0,0,
IPln,1,0,1,1.0
IPmB,0,1,1,0.0
IPmH,0,1,1,0.0
IPmJ,1,1,2,0.5
IPmL,1,0,1,1.0
IPmM,4,2,6,0.67
IPmN,0,1,1,0.0
IPmP,2,2,4,0.5
IPml,2,1,3,0.67
IPmm,0,1,1,0.0
IPmn,3,0,3,1.0
IPms,1,0,1,1.0
IPnB,0,2,2,0.0
IPnM,0,0,0,
IPnN,0,1,1,0.0
IPnP,0,3,3,0.0
IPnS,0,3,3,0.0
IPnb,0,1,1,0.0
IPnl,1,0,1,1.0
IPns,1,1,2,0.5
IPsB,1,0,1,1.0
IPsH,0,0,0,
IPsM,0,1,1,0.0
IPsN,0,0,0,
IPsS,0,2,2,0.0
IPsb,3,1,4,0.75
IPsl,0,1,1,0.0
IPsm,1,0,1,1.0
IPsn,0,1,1,0.0
IPss,1,2,3,0.33
IPtP,1,1,2,0.5
IPtb,1,0,1,1.0
IPth,0,1,1,0.0
IPtn,0,1,1,0.0
ISBB,0,3,3,0.0
ISBH,1,0,1,1.0
ISBL,0,1,1,0.0
ISBM,0,2,2,0.0
ISBN,2,0,2,1.0
ISBP,0,1,1,0.0
ISBS,1,1,2,0.5
ISBb,1,1,2,0.5
ISBl,1,0,1,1.0
ISBn,1,2,3,0.33
ISBs,1,0,1,1.0
ISDI,0,1,1,0.0
ISDM,0,1,1,0.0
ISDP,0,1,1,0.0
ISDS,0,1,1,0.0
ISDn,1,0,1,1.0
ISDs,0,1,1,0.0
ISHB,1,1,2,0.5
ISHM,0,2,2,0.0
ISHS,2,1,3,0.67
ISHm,1,1,2,0.5
ISHn,0,1,1,0.0
ISHs,0,1,1,0.0
ISIM,1,0,1,1.0
ISIP,1,0,1,1.0
ISIm,1,1,2,0.5
ISKS,0,1,1,0.0
ISKh,0,0,0,
ISLB,1,0,1,1.0
ISLM,0,1,1,0.0
ISLP,0,2,2,0.0
ISLm,0,1,1,0.0
ISLn,1,0,1,1.0
ISMB,0,1,1,0.0
ISMD,1,0,1,1.0
ISMM,2,3,5,0.4
ISMN,1,1,2,0.5
ISMP,1,0,1,1.0
ISMS,0,1,1,0.0
ISMb,0,2,2,0.0
ISMh,0,0,0,
ISMm,2,1,3,0.67
ISMn,4,0,4,1.0
ISMs,1,2,3,0.33
ISNB,1,1,2,0.5
ISNL,1,0,1,1.0
ISNM,0,3,3,0.0
ISNN,0,1,1,0.0
ISNP,2,2,4,0.5
ISNS,2,0,2,1.0
ISNb,1,1,2,0.5
ISNm,1,0,1,1.0
ISNn,2,0,2,1.0
ISNs,1,0,1,1.0
ISPB,1,0,1,1.0
ISPI,1,0,1,1.0
ISPL,1,1,2,0.5
ISPM,0,1,1,0.0
ISPN,1,2,3,0.33
ISPP,3,2,5,0.6
ISPS,1,1,2,0.5
ISPb,3,1,4,0.75
ISPh,1,0,1,1.0
ISPl,1,0,1,1.0
ISPm,3,0,3,1.0
ISPn,1,0,1,1.0
ISPs,1,1,2,0.5
ISSB,1,0,1,1.0
ISSI,1,0,1,1.0
ISSL,1,0,1,1.0
ISSM,1,2,3,0.33
ISSN,1,0,1,1.0
ISSS,3,2,5,0.6
ISSb,0,1,1,0.0
ISSh,1,1,2,0.5
ISSm,2,0,2,1.0
ISSn,1,1,2,0.5
ISSs,1,0,1,1.0
ISSt,0,1,1,0.0
ISbB,1,1,2,0.5
ISbD,1,0,1,1.0
ISbH,0,1,1,0.0
ISbJ,0,1,1,0.0
ISbM,0,2,2,0.0
ISbN,0,1,1,0.0
ISbP,3,1,4,0.75
ISbh,0,1,1,0.0
ISbm,1,1,2,0.5
ISbs,1,0,1,1.0
IShP,0,1,1,0.0
IShS,0,1,1,0.0
IShs,0,0,0,
ISlB,1,0,1,1.0
ISlH,1,0,1,1.0
ISlM,0,1,1,0.0
ISlN,0,1,1,0.0
ISlP,2,1,3,0.67
ISlS,0,0,0,
ISls,0,1,1,0.0
ISmB,2,0,2,1.0
ISmH,1,1,2,0.5
ISmK,1,0,1,1.0
ISmM,1,0,1,1.0
ISmN,2,1,3,0.67
ISmP,1,1,2,0.5
ISmS,1,0,1,1.0
ISmb,1,1,2,0.5
ISml,1,0,1,1.0
ISmm,4,0,4,1.0
ISmn,1,1,2,0.5
ISms,1,0,1,1.0
ISnD,1,0,1,1.0
ISnM,0,1,1,0.0
ISnN,3,2,5,0.6
ISnS,1,4,5,0.2
ISnb,1,0,1,1.0
ISnh,1,0,1,1.0
ISnm,1,1,2,0.5
ISnn,2,1,3,0.67
ISsD,0,1,1,0.0
ISsH,1,1,2,0.5
ISsI,0,0,0,
ISsN,2,0,2,1.0
ISsP,2,2,4,0.5
ISsS,0,2,2,0.0
ISsh,0,1,1,0.0
ISsl,0,2,2,0.0
ISsm,1,0,1,1.0
ISss,1,0,1,1.0
IStH,1,0,1,1.0
IStM,0,1,1,0.0
IStN,1,1,2,0.5
IStP,1,0,1,1.0
IStS,0,1,1,0.0
IStb,0,0,0,
IStm,1,0,1,1.0
IbBB,3,1,4,0.75
IbBD,0,0,0,
IbBM,0,1,1,0.0
IbBN,0,2,2,0.0
IbBP,2,1,3,0.67
IbBS,0,1,1,0.0
IbBb,1,0,1,1.0
IbBj,0,1,1,0.0
IbBm,2,2,4,0.5
IbBn,2,0,2,1.0
IbDP,2,0,2,1.0
IbHN,0,0,0,
IbHS,0,0,0,
IbHb,0,1,1,0.0
IbHs,1,0,1,1.0
IbIB,1,1,2,0.5
IbIN,1,0,1,1.0
IbJD,1,0,1,1.0
IbJL,1,0,1,1.0
IbJM,1,0,1,1.0
IbJP,1,1,2,0.5
IbJm,0,1,1,0.0
IbJn,0,1,1,0.0
IbKh,0,0,0,
IbKm,2,0,2,1.0
IbLB,0,2,2,0.0
IbLM,1,0,1,1.0
IbLN,1,0,1,1.0
IbLP,1,0,1,1.0
IbLS,1,1,2,0.5
IbLh,1,0,1,1.0
IbLn,0,0,0,
IbMB,1,0,1,1.0
IbMM,3,1,4,0.75
IbMN,3,0,3,1.0
IbMP,0,2,2,0.0
IbMS,0,0,0,
IbMb,0,1,1,0.0
IbMh,0,1,1,0.0
IbMj,0,1,1,0.0
IbMl,0,0,0,
IbMm,2,1,3,0.67
IbMn,1,1,2,0.5
IbMs,2,0,2,1.0
IbNB,3,0,3,1.0
IbND,0,1,1,0.0
IbNM,1,1,2,0.5
IbNN,2,1,3,0.67
IbNP,2,1,3,0.67
IbNb,0,2,2,0.0
IbNh,0,0,0,
IbNm,1,1,2,0.5
IbNn,1,2,3,0.33
IbNs,2,0,2,1.0
IbNt,1,0,1,1.0
IbPB,2,0,2,1.0
IbPK,0,2,2,0.0
IbPM,0,2,2,0.0
IbPP,3,2,5,0.6
IbPb,1,2,3,0.33
IbPl,2,1,3,0.67
IbPm,2,0,2,1.0
IbPn,3,2,5,0.6
IbPs,0,1,1,0.0
IbSB,0,1,1,0.0
IbSH,2,0,2,1.0
IbSI,1,0,1,1.0
IbSL,1,0,1,1.0
IbSM,0,2,2,0.0
IbSP,0,5,5,0.0
IbSh,0,2,2,0.0
IbSm,0,1,1,0.0
IbSn,1,0,1,1.0
IbSs,1,0,1,1.0
IbbB,0,1,1,0.0
IbbL,0,0,0,
IbbM,0,1,1,0.0
IbbN,1,3,4,0.25
IbbP,2,1,3,0.67
Ibbb,1,0,1,1.0
Ibbl,1,0,1,1.0
Ibbm,1,1,2,0.5
Ibbn,2,0,2,1.0
Ibbs,0,1,1,0.0
IblH,1,0,1,1.0
IblL,2,0,2,1.0
IblM,0,1,1,0.0
Iblb,0,1,1,0.0
Ibls,1,1,2,0.5
IbmB,0,0,0,
IbmD,1,0,1,1.0
IbmH,1,0,1,1.0
IbmI,0,1,1,0.0
IbmL,0,0,0,
IbmM,3,1,4,0.75
IbmN,1,0,1,1.0
IbmP,0,2,2,0.0
IbmS,1,1,2,0.5
Ibml,1,0,1,1.0
Ibmm,1,0,1,1.0
Ibmn,1,0,1,1.0
Ibms,0,1,1,0.0
IbnH,0,2,2,0.0
IbnL,0,1,1,0.0
IbnM,1,2,3,0.33
IbnN,1,0,1,1.0
IbnS,0,2,2,0.0
Ibnb,2,1,3,0.67
Ibnm,1,0,1,1.0
Ibnn,1,0,1,1.0
Ibns,1,0,1,1.0
IbsB,0,1,1,0.0
IbsH,1,0,1,1.0
IbsN,1,0,1,1.0
IbsP,0,2,2,0.0
IbsS,1,1,2,0.5
Ibsb,2,0,2,1.0
Ibsl,0,1,1,0.0
Ibsm,2,0,2,1.0
Ibsn,1,0,1,1.0
IhLm,1,0,1,1.0
IhMM,0,1,1,0.0
IhNS,1,0,1,1.0
IhPM,0,1,1,0.0
IhSb,0,1,1,0.0
IhSm,1,0,1,1.0
IhbJ,1,0,1,1.0
IhbS,0,0,0,
IhhI,0,1,1,0.0
IhlJ,0,0,0,
Ihlm,0,1,1,0.0
IhmM,1,0,1,1.0
IhsS,1,0,1,1.0
IlBB,1,1,2,0.5
IlBM,1,0,1,1.0
IlBP,0,0,0,
IlBn,1,1,2,0.5
IlBs,0,0,0,
IlHN,0,1,1,0.0
IlHP,1,0,1,1.0
IlHm,1,0,1,1.0
IlHn,0,1,1,0.0
IlID,0,1,1,0.0
IlJL,0,1,1,0.0
IlJP,0,1,1,0.0
IlLN,0,0,0,
IlLP,0,1,1,0.0
IlMB,0,1,1,0.0
IlMM,0,1,1,0.0
IlMN,1,0,1,1.0
IlMP,1,1,2,0.5
IlMS,0,1,1,0.0
IlMh,0,0,0,
IlNB,0,1,1,0.0
IlNL,0,1,1,0.0
IlNM,1,0,1,1.0
IlNS,1,1,2,0.5
IlNb,3,1,4,0.75
IlPB,1,1,2,0.5
IlPL,1,0,1,1.0
IlPP,0,1,1,0.0
IlPS,1,0,1,1.0
IlPn,2,0,2,1.0
IlPs,2,0,2,1.0
IlSI,1,0,1,1.0
IlSP,1,0,1,1.0
IlSh,1,0,1,1.0
IlSm,0,1,1,0.0
IlSn,0,1,1,0.0
IlbM,1,1,2,0.5
Ilbb,1,0,1,1.0
Ilbm,0,1,1,0.0
IlhN,1,0,1,1.0
IllB,0,1,1,0.0
IllH,0,1,1,0.0
IlmL,1,0,1,1.0
IlmM,0,1,1,0.0
IlnB,0,1,1,0.0
IlnM,0,0,0,
IlnN,1,0,1,1.0
IlnP,1,0,1,1.0
IlnS,0,0,0,
Ilnb,1,0,1,1.0
IlsM,1,0,1,1.0
IlsN,0,1,1,0.0
Ilsm,1,0,1,1.0
ImBB,0,2,2,0.0
ImBM,2,1,3,0.67
ImBN,1,1,2,0.5
ImBP,2,0,2,1.0
ImBS,1,0,1,1.0
ImBb,0,2,2,0.0
ImBh,0,0,0,
ImBj,1,0,1,1.0
ImBm,0,4,4,0.0
ImBn,0,2,2,0.0
ImBs,0,1,1,0.0
ImBt,1,0,1,1.0
ImDB,1,0,1,1.0
ImDM,0,0,0,
ImDm,0,0,0,
ImHD,0,0,0,
ImHM,1,0,1,1.0
ImHP,0,0,0,
ImHS,2,0,2,1.0
ImHb,2,0,2,1.0
ImHh,1,0,1,1.0
ImHm,0,2,2,0.0
ImJm,1,0,1,1.0
ImJs,0,0,0,
ImKM,1,0,1,1.0
ImLB,0,1,1,0.0
ImLN,1,1,2,0.5
ImLP,0,0,0,
ImLS,1,0,1,1.0
ImLh,0,1,1,0.0
ImLm,1,0,1,1.0
ImLs,0,1,1,0.0
ImMB,0,2,2,0.0
ImMD,0,2,2,0.0
ImMM,2,0,2,1.0
ImMN,0,3,3,0.0
ImMP,0,1,1,0.0
ImMS,3,2,5,0.6
ImMb,1,0,1,1.0
ImMh,2,3,5,0.4
ImMm,3,3,6,0.5
ImMn,2,2,4,0.5
ImMs,1,1,2,0.5
ImNB,2,2,4,0.5
ImNK,0,0,0,
ImNL,1,1,2,0.5
ImNM,0,2,2,0.0
ImNN,2,0,2,1.0
ImNP,2,1,3,0.67
ImNS,4,0,4,1.0
ImNb,1,0,1,1.0
ImNh,1,0,1,1.0
ImNl,1,0,1,1.0
ImNm,2,3,5,0.4
ImNn,2,1,3,0.67
ImNs,1,0,1,1.0
ImPB,1,2,3,0.33
ImPH,0,1,1,0.0
ImPI,0,0,0,
ImPM,1,1,2,0.5
ImPN,1,2,3,0.33
ImPP,1,1,2,0.5
ImPS,0,1,1,0.0
ImPb,0,1,1,0.0
ImPl,0,1,1,0.0
ImPm,3,3,6,0.5
ImPn,2,1,3,0.67
ImPs,1,1,2,0.5
ImSB,2,0,2,1.0
ImSD,1,0,1,1.0
ImSH,0,3,3,0.0
ImSM,1,2,3,0.33
ImSN,3,1,4,0.75
ImSS,1,2,3,0.33
ImSb,0,1,1,0.0
ImSh,0,0,0,
ImSn,2,0,2,1.0
ImSs,3,0,3,1.0
ImbB,1,0,1,1.0
ImbJ,1,0,1,1.0
ImbK,0,1,1,0.0
ImbL,1,0,1,1.0
ImbM,1,4,5,0.2
ImbN,3,0,3,1.0
ImbP,0,1,1,0.0
ImbS,1,0,1,1.0
Imbb,2,0,2,1.0
Imbm,1,1,2,0.5
Imbn,1,1,2,0.5
Imbt,0,1,1,0.0
ImlH,1,0,1,1.0
ImlM,2,0,2,1.0
ImlS,2,0,2,1.0
Imlb,0,1,1,0.0
ImmB,3,0,3,1.0
ImmD,1,0,1,1.0
ImmH,0,1,1,0.0
ImmL,0,0,0,
ImmM,0,2,2,0.0
ImmN,1,2,3,0.33
ImmP,3,0,3,1.0
ImmS,1,1,2,0.5
Immb,1,1,2,0.5
Immm,0,2,2,0.0
Imms,0,2,2,0.0
ImnB,1,1,2,0.5
ImnD,0,0,0,
ImnH,0,0,0,
ImnI,0,0,0,
ImnM,0,2,2,0.0
ImnN,1,1,2,0.5
ImnP,1,1,2,0.5
ImnS,2,0,2,1.0
Imnb,0,0,0,
Imnl,0,0,0,
Imnn,1,0,1,1.0
ImsB,1,1,2,0.5
ImsH,0,2,2,0.0
ImsL,1,0,1,1.0
ImsN,2,1,3,0.67
ImsS,1,0,1,1.0
Imsb,1,1,2,0.5
Imsm,0,2,2,0.0
Imsn,0,0,0,
Imss,1,1,2,0.5
InBB,1,0,1,1.0
InBD,0,0,0,
InBL,0,0,0,
InBM,0,2,2,0.0
InBN,0,1,1,0.0
InBP,0,0,0,
InBb,0,2,2,0.0
InBj,1,0,1,1.0
InBl,1,1,2,0.5
InBm,1,0,1,1.0
InBn,0,1,1,0.0
InBs,1,0,1,1.0
InBt,0,1,1,0.0
InDB,1,0,1,1.0
InDm,0,2,2,0.0
InHI,0,1,1,0.0
InHL,1,0,1,1.0
InHN,1,0,1,1.0
InHP,0,2,2,0.0
InHS,1,1,2,0.5
InHb,0,1,1,0.0
InHh,0,0,0,
InHl,0,1,1,0.0
InHm,0,1,1,0.0
InHn,1,0,1,1.0
InIP,1,0,1,1.0
InIS,0,1,1,0.0
InIb,1,0,1,1.0
InIl,1,1,2,0.5
InIm,1,0,1,1.0
InIs,0,0,0,
InKs,1,0,1,1.0
InLM,0,0,0,
InLP,1,0,1,1.0
InLh,0,0,0,
InLm,1,2,3,0.33
InLn,0,2,2,0.0
InLt,0,1,1,0.0
InMD,0,0,0,
InML,1,1,2,0.5
InMM,0,1,1,0.0
InMN,1,3,4,0.25
InMP,2,1,3,0.67
InMS,0,1,1,0.0
InMb,0,1,1,0.0
InMl,1,0,1,1.0
InMm,0,1,1,0.0
InMn,1,2,3,0.33
InMs,2,0,2,1.0
InMt,0,1,1,0.0
InNH,0,1,1,0.0
InNL,0,2,2,0.0
InNM,1,0,1,1.0
InNN,1,4,5,0.2
InNP,2,2,4,0.5
InNS,0,2,2,0.0
InNb,2,1,3,0.67
InNh,1,0,1,1.0
InNl,1,0,1,1.0
InNm,3,0,3,1.0
InNn,0,1,1,0.0
InNt,1,0,1,1.0
InPB,1,3,4,0.25
InPD,0,0,0,
InPI,2,0,2,1.0
InPL,1,2,3,0.33
InPM,0,0,0,
InPN,1,1,2,0.5
InPP,6,3,9,0.67
InPS,0,2,2,0.0
InPb,0,1,1,0.0
InPl,0,0,0,
InPm,3,0,3,1.0
InPn,3,0,3,1.0
InPs,1,1,2,0.5
InPt,1,0,1,1.0
InSD,1,0,1,1.0
InSK,1,0,1,1.0
InSL,0,1,1,0.0
InSM,0,0,0,
InSN,1,0,1,1.0
InSS,3,0,3,1.0
InSb,1,0,1,1.0
InSh,1,0,1,1.0
InSl,1,0,1,1.0
InSm,1,1,2,0.5
InSn,1,0,1,1.0
InSs,1,1,2,0.5
InSt,1,0,1,1.0
InbB,2,1,3,0.67
InbM,2,4,6,0.33
InbN,1,1,2,0.5
InbP,0,1,1,0.0
InbS,1,0,1,1.0
Inbb,1,1,2,0.5
Inbm,1,0,1,1.0
Inbn,2,0,2,1.0
Inbs,0,1,1,0.0
InhH,1,0,1,1.0
InlH,1,0,1,1.0
InlP,0,1,1,0.0
InlS,0,1,1,0.0
Inln,1,0,1,1.0
Inls,1,0,1,1.0
InmB,1,1,2,0.5
InmH,0,2,2,0.0
InmM,0,0,0,
InmN,1,1,2,0.5
InmP,1,0,1,1.0
InmS,1,1,2,0.5
Inmb,0,1,1,0.0
Inml,0,1,1,0.0
Inmm,2,2,4,0.5
Inmn,2,0,2,1.0
Inms,0,1,1,0.0
InnB,1,0,1,1.0
InnD,0,1,1,0.0
InnH,1,0,1,1.0
InnI,0,1,1,0.0
InnK,1,0,1,1.0
InnN,2,3,5,0.4
InnP,0,1,1,0.0
InnS,0,1,1,0.0
Innb,0,2,2,0.0
Innh,0,0,0,
Innm,1,1,2,0.5
Innn,2,0,2,1.0
Inns,1,1,2,0.5
InsB,0,2,2,0.0
InsM,2,0,2,1.0
InsN,1,0,1,1.0
InsS,0,1,1,0.0
Insm,0,0,0,
Inss,1,1,2,0.5
IsBB,0,0,0,
IsBM,1,1,2,0.5
IsBN,1,1,2,0.5
IsBP,3,0,3,1.0
IsBb,1,0,1,1.0
IsBj,1,0,1,1.0
IsBm,1,1,2,0.5
IsBn,1,0,1,1.0
IsDM,2,0,2,1.0
IsDb,0,1,1,0.0
IsHB,0,1,1,0.0
IsHH,0,1,1,0.0
IsHN,0,0,0,
IsHP,1,1,2,0.5
IsHS,0,2,2,0.0
IsHm,1,1,2,0.5
IsHn,1,0,1,1.0
IsHs,1,0,1,1.0
IsIB,1,0,1,1.0
IsIH,1,0,1,1.0
IsIS,0,2,2,0.0
IsLL,0,0,0,
IsLM,1,0,1,1.0
IsLP,1,0,1,1.0
IsLS,0,2,2,0.0
IsLb,0,1,1,0.0
IsLs,0,1,1,0.0
IsMD,0,1,1,0.0
IsMM,0,1,1,0.0
IsMN,1,0,1,1.0
IsMP,0,1,1,0.0
IsMS,0,2,2,0.0
IsMm,0,3,3,0.0
IsMn,1,1,2,0.5
IsMs,1,1,2,0.5
IsNB,1,0,1,1.0
IsND,1,0,1,1.0
IsNL,0,0,0,
IsNN,1,1,2,0.5
IsNP,0,2,2,0.0
IsNS,0,1,1,0.0
IsNb,0,0,0,
IsNm,0,1,1,0.0
IsNn,1,0,1,1.0
IsNs,0,2,2,0.0
IsNt,0,1,1,0.0
IsPB,1,1,2,0.5
IsPH,0,1,1,0.0
IsPM,0,2,2,0.0
IsPN,2,0,2,1.0
IsPP,1,1,2,0.5
IsPS,0,1,1,0.0
IsPb,0,0,0,
IsPm,1,0,1,1.0
IsPn,1,2,3,0.33
IsPs,1,0,1,1.0
IsPt,0,0,0,
IsSB,1,1,2,0.5
IsSD,0,0,0,
IsSH,0,2,2,0.0
IsSM,1,0,1,1.0
IsSN,2,0,2,1.0
IsSP,1,1,2,0.5
IsSS,0,4,4,0.0
IsSb,1,1,2,0.5
IsSm,0,1,1,0.0
IsSs,1,1,2,0.5
IsbJ,0,1,1,0.0
IsbM,3,1,4,0.75
IsbN,1,1,2,0.5
IsbP,0,1,1,0.0
Isbm,4,0,4,1.0
IshB,1,0,1,1.0
IshM,0,1,1,0.0
IslB,0,1,1,0.0
IslP,1,1,2,0.5
Islb,1,0,1,1.0
IsmD,0,1,1,0.0
IsmH,1,0,1,1.0
IsmI,0,1,1,0.0
IsmK,1,0,1,1.0
IsmP,3,0,3,1.0
IsmS,2,2,4,0.5
Ismb,0,1,1,0.0
Ismm,1,2,3,0.33
Ismn,0,1,1,0.0
IsnI,1,0,1,1.0
IsnM,1,0,1,1.0
IsnN,2,0,2,1.0
IsnP,1,0,1,1.0
Isnm,1,1,2,0.5
Isnn,2,0,2,1.0
Isns,1,0,1,1.0
IssM,1,0,1,1.0
IssN,3,0,3,1.0
IssS,0,1,1,0.0
Issb,2,1,3,0.67
Issm,1,1,2,0.5
Issn,0,3,3,0.0
Isss,0,1,1,0.0
Ists,0,1,1,0.0
ItBP,1,0,1,1.0
ItBh,0,1,1,0.0
ItDl,0,0,0,
ItMN,0,1,1,0.0
ItMS,1,0,1,1.0
ItNB,0,1,1,0.0
ItNI,1,0,1,1.0
ItNM,0,1,1,0.0
ItNs,0,1,1,0.0
ItPK,0,1,1,0.0
ItPN,0,1,1,0.0
ItPS,0,0,0,
ItPl,0,1,1,0.0
ItSS,0,2,2,0.0
Itlm,1,0,1,1.0
ItmP,0,1,1,0.0
ItmS,0,1,1,0.0
Itml,0,0,0,
ItnL,0,1,1,0.0
ItnP,1,0,1,1.0
Itns,0,1,1,0.0
ItsP,0,0,0,
IttM,0,0,0,
JBBM,1,0,1,1.0
JBBP,1,0,1,1.0
JBBS,1,0,1,1.0
JBBb,0,0,0,
JBBj,0,1,1,0.0
JBBl,0,1,1,0.0
JBBm,0,1,1,0.0
JBBn,0,1,1,0.0
JBDM,1,0,1,1.0
JBDP,1,0,1,1.0
JBDs,0,1,1,0.0
JBKI,0,0,0,
JBKP,0,1,1,0.0
JBKs,0,0,0,
JBLB,1,0,1,1.0
JBLb,1,0,1,1.0
JBMB,0,0,0,
JBML,1,0,1,1.0
JBMM,1,1,2,0.5
JBMP,1,0,1,1.0
JBMS,0,0,0,
JBMb,2,1,3,0.67
JBMh,2,1,3,0.67
JBMm,1,2,3,0.33
JBMn,0,1,1,0.0
JBMs,1,0,1,1.0
JBNB,0,2,2,0.0
JBND,0,1,1,0.0
JBNN,1,0,1,1.0
JBNP,1,0,1,1.0
JBNS,0,2,2,0.0
JBNb,2,2,4,0.5
JBNm,1,1,2,0.5
JBNn,1,2,3,0.33
JBNs,0,0,0,
JBPB,1,0,1,1.0
JBPD,0,0,0,
JBPH,0,0,0,
JBPL,1,0,1,1.0
JBPM,0,1,1,0.0
JBPN,0,1,1,0.0
JBPP,1,0,1,1.0
JBPb,1,1,2,0.5
JBPh,1,0,1,1.0
JBPm,0,0,0,
JBPn,1,0,1,1.0
JBSD,1,0,1,1.0
JBSH,1,1,2,0.5
JBSL,1,0,1,1.0
JBSM,1,1,2,0.5
JBSN,1,0,1,1.0
JBSP,1,2,3,0.33
JBSS,0,1,1,0.0
JBSs,1,1,2,0.5
JBbM,0,0,0,
JBbN,1,1,2,0.5
JBbP,1,0,1,1.0
JBbb,0,1,1,0.0
JBbm,1,1,2,0.5
JBbs,0,1,1,0.0
JBhn,0,1,1,0.0
JBjS,0,0,0,
JBjm,0,1,1,0.0
JBlL,2,0,2,1.0
JBlM,1,0,1,1.0
JBmB,0,1,1,0.0
JBmH,0,3,3,0.0
JBmM,0,1,1,0.0
JBmN,1,1,2,0.5
JBmP,0,1,1,0.0
JBmS,1,1,2,0.5
JBmb,1,0,1,1.0
JBnB,1,1,2,0.5
JBnD,1,0,1,1.0
JBnH,0,1,1,0.0
JBnL,0,0,0,
JBnM,1,0,1,1.0
JBnP,1,1,2,0.5
JBnS,2,0,2,1.0
JBnl,0,1,1,0.0
JBnm,0,1,1,0.0
JBsN,1,0,1,1.0
JBsP,0,2,2,0.0
JBsb,0,0,0,
JBsl,2,0,2,1.0
JBss,1,0,1,1.0
JBtb,0,1,1,0.0
JDBM,1,0,1,1.0
JDBS,0,0,0,
JDBm,1,0,1,1.0
JDDH,0,1,1,0.0
JDIl,1,0,1,1.0
JDLD,1,0,1,1.0
JDMD,0,1,1,0.0
JDMn,0,1,1,0.0
JDNM,1,0,1,1.0
JDNn,1,1,2,0.5
JDPn,0,1,1,0.0
JDSM,0,0,0,
JDbM,0,1,1,0.0
JDbn,0,1,1,0.0
JDlB,1,0,1,1.0
JDsD,1,0,1,1.0
JDsP,1,0,1,1.0
JDtM,0,1,1,0.0
JHBB,0,1,1,0.0
JHBl,0,1,1,0.0
JHBm,0,2,2,0.0
JHBn,0,1,1,0.0
JHHm,1,0,1,1.0
JHHn,0,1,1,0.0
JHLB,1,0,1,1.0
JHLS,1,0,1,1.0
JHMD,1,0,1,1.0
JHMP,1,1,2,0.5
JHMS,0,1,1,0.0
JHMb,1,1,2,0.5
JHMl,1,1,2,0.5
JHMm,0,1,1,0.0
JHMs,1,0,1,1.0
JHNM,0,0,0,
JHNN,2,0,2,1.0
JHNP,0,1,1,0.0
JHNS,1,0,1,1.0
JHNn,1,0,1,1.0
JHPB,2,0,2,1.0
JHPI,0,1,1,0.0
JHPM,3,0,3,1.0
JHPN,0,1,1,0.0
JHPS,2,0,2,1.0
JHPb,1,1,2,0.5
JHPl,2,0,2,1.0
JHPs,2,1,3,0.67
JHSM,1,1,2,0.5
JHSP,0,1,1,0.0
JHSb,2,0,2,1.0
JHSn,1,0,1,1.0
JHSs,1,0,1,1.0
JHbB,1,0,1,1.0
JHbN,2,0,2,1.0
JHbP,0,1,1,0.0
JHbS,0,0,0,
JHbb,1,1,2,0.5
JHbm,1,1,2,0.5
JHhB,1,0,1,1.0
JHhI,0,0,0,
JHhP,0,1,1,0.0
JHhS,0,1,1,0.0
JHhh,1,0,1,1.0
JHht,1,0,1,1.0
JHlL,1,0,1,1.0
JHlM,0,1,1,0.0
JHlP,2,0,2,1.0
JHll,0,1,1,0.0
JHls,1,0,1,1.0
JHmM,0,1,1,0.0
JHmN,0,1,1,0.0
JHmS,1,1,2,0.5
JHmb,1,0,1,1.0
JHmm,0,1,1,0.0
JHnD,1,0,1,1.0
JHnM,0,1,1,0.0
JHnP,0,1,1,0.0
JHnb,0,1,1,0.0
JHnl,1,0,1,1.0
JHnm,1,0,1,1.0
JHnn,1,0,1,1.0
JHsB,1,0,1,1.0
JHsD,1,0,1,1.0
JHsP,1,0,1,1.0
JHsS,1,0,1,1.0
JHsl,0,1,1,0.0
JHss,0,2,2,0.0
JHtM,0,1,1,0.0
JIHM,1,0,1,1.0
JIHS,0,1,1,0.0
JIHh,0,1,1,0.0
JILm,1,0,1,1.0
JILn,0,1,1,0.0
JINB,0,1,1,0.0
JINP,0,1,1,0.0
JINl,1,0,1,1.0
JISM,1,0,1,1.0
JIbM,0,1,1,0.0
JIbN,0,1,1,0.0
JIbb,0,0,0,
JIms,1,0,1,1.0
JInL,0,1,1,0.0
JInP,1,0,1,1.0
JIsS,0,1,1,0.0
JIsb,1,0,1,1.0
JKIb,1,0,1,1.0
JKLn,1,0,1,1.0
JKMB,0,0,0,
JKMD,0,1,1,0.0
JKML,1,0,1,1.0
JKMN,0,1,1,0.0
JKMP,0,1,1,0.0
JKNS,0,1,1,0.0
JKPH,1,0,1,1.0
JKPS,0,1,1,0.0
JKSN,0,1,1,0.0
JKSS,1,0,1,1.0
JKbB,0,1,1,0.0
JKbK,1,0,1,1.0
JKbN,1,0,1,1.0
JKbm,0,0,0,
JKhn,1,0,1,1.0
JKmM,0,1,1,0.0
JKnK,0,1,1,0.0
JKnP,1,0,1,1.0
JKsM,1,0,1,1.0
JKsS,1,0,1,1.0
JLBl,0,1,1,0.0
JLBm,0,0,0,
JLDB,0,0,0,
JLDm,0,1,1,0.0
JLDn,1,0,1,1.0
JLLB,0,1,1,0.0
JLLN,1,0,1,1.0
JLLb,0,1,1,0.0
JLMN,1,0,1,1.0
JLMS,0,1,1,0.0
JLMh,1,0,1,1.0
JLMs,1,0,1,1.0
JLNB,1,0,1,1.0
JLNP,2,1,3,0.67
JLNn,1,1,2,0.5
JLPH,1,0,1,1.0
JLPI,1,0,1,1.0
JLPK,1,0,1,1.0
JLPP,0,1,1,0.0
JLPm,0,2,2,0.0
JLSB,1,0,1,1.0
JLSL,0,1,1,0.0
JLSM,0,0,0,
JLSS,0,1,1,0.0
JLSl,1,0,1,1.0
JLSm,0,0,0,
JLSs,0,1,1,0.0
JLbH,1,0,1,1.0
JLbN,1,1,2,0.5
JLbl,0,0,0,
JLhH,0,1,1,0.0
JLhP,0,1,1,0.0
JLhS,0,1,1,0.0
JLjs,0,0,0,
JLlD,1,0,1,1.0
JLlN,0,1,1,0.0
JLlm,0,0,0,
JLln,1,1,2,0.5
JLmD,0,1,1,0.0
JLmK,1,0,1,1.0
JLmM,1,0,1,1.0
JLmS,1,0,1,1.0
JLmb,0,0,0,
JLml,1,0,1,1.0
JLmm,0,0,0,
JLms,2,0,2,1.0
JLnB,0,0,0,
JLnN,1,1,2,0.5
JLnP,0,1,1,0.0
JLnS,0,1,1,0.0
JLnn,0,2,2,0.0
JLns,1,0,1,1.0
JLsM,0,2,2,0.0
JLsS,1,1,2,0.5
JLsl,1,0,1,1.0
JLsm,1,0,1,1.0
JLtB,1,0,1,1.0
JLtN,1,0,1,1.0
JLtb,0,1,1,0.0
JMBB,1,1,2,0.5
JMBL,0,1,1,0.0
JMBP,0,1,1,0.0
JMBS,0,1,1,0.0
JMBb,1,1,2,0.5
JMBj,0,1,1,0.0
JMBl,0,1,1,0.0
JMBm,0,0,0,
JMBn,1,0,1,1.0
JMDH,1,0,1,1.0
JMDm,0,0,0,
JMDn,0,1,1,0.0
JMIN,0,1,1,0.0
JMKN,0,1,1,0.0
JMKl,0,1,1,0.0
JMLB,1,1,2,0.5
JMLN,0,2,2,0.0
JMLb,0,2,2,0.0
JMLl,1,0,1,1.0
JMLn,0,1,1,0.0
JMMB,0,0,0,
JMMI,0,1,1,0.0
JMMM,0,3,3,0.0
JMMP,0,1,1,0.0
JMMS,2,0,2,1.0
JMMb,0,0,0,
JMMh,0,1,1,0.0
JMMm,0,2,2,0.0
JMMn,2,0,2,1.0
JMMs,0,1,1,0.0
JMNB,0,1,1,0.0
JMND,1,0,1,1.0
JMNL,0,1,1,0.0
JMNM,0,1,1,0.0
JMNN,1,0,1,1.0
JMNP,1,2,3,0.33
JMNb,2,0,2,1.0
JMNn,1,2,3,0.33
JMNs,0,1,1,0.0
JMPB,1,0,1,1.0
JMPL,0,1,1,0.0
JMPM,2,1,3,0.67
JMPP,1,2,3,0.33
JMPS,1,2,3,0.33
JMPb,2,0,2,1.0
JMPh,0,0,0,
JMPl,0,2,2,0.0
JMPm,1,1,2,0.5
JMPn,0,1,1,0.0
JMPs,1,1,2,0.5
JMSB,1,0,1,1.0
JMSM,1,0,1,1.0
JMSN,0,1,1,0.0
JMSP,1,0,1,1.0
JMSS,0,3,3,0.0
JMSm,0,4,4,0.0
JMSn,0,1,1,0.0
JMSs,0,1,1,0.0
JMbJ,0,1,1,0.0
JMbP,0,1,1,0.0
JMbb,1,0,1,1.0
JMbl,0,1,1,0.0
JMbm,1,1,2,0.5
JMhB,1,1,2,0.5
JMhD,0,1,1,0.0
JMhP,1,0,1,1.0
JMhS,0,1,1,0.0
JMhh,2,0,2,1.0
JMhm,0,1,1,0.0
JMhn,0,0,0,
JMjM,0,1,1,0.0
JMjb,1,0,1,1.0
JMjt,0,0,0,
JMlB,0,1,1,0.0
JMlH,1,0,1,1.0
JMln,0,1,1,0.0
JMmB,2,0,2,1.0
JMmD,0,1,1,0.0
JMmH,1,1,2,0.5
JMmM,3,0,3,1.0
JMmP,1,1,2,0.5
JMmS,0,2,2,0.0
JMml,1,0,1,1.0
JMmm,1,2,3,0.33
JMmn,0,0,0,
JMms,0,0,0,
JMnB,1,0,1,1.0
JMnH,1,0,1,1.0
JMnL,1,0,1,1.0
JMnM,0,1,1,0.0
JMnN,2,0,2,1.0
JMnP,1,0,1,1.0
JMnS,0,2,2,0.0
JMnb,2,0,2,1.0
JMnl,1,0,1,1.0
JMnn,1,0,1,1.0
JMns,0,1,1,0.0
JMnt,0,0,0,
JMsB,0,1,1,0.0
JMsL,2,0,2,1.0
JMsM,1,1,2,0.5
JMsN,1,1,2,0.5
JMsP,0,0,0,
JMsb,2,0,2,1.0
JMsl,0,1,1,0.0
JMsn,2,0,2,1.0
JMss,1,1,2,0.5
JMtH,0,1,1,0.0
JMtb,1,0,1,1.0
JNBB,1,0,1,1.0
JNBK,1,0,1,1.0
JNBL,1,0,1,1.0
JNBN,0,1,1,0.0
JNBP,4,0,4,1.0
JNBl,0,1,1,0.0
JNBm,1,1,2,0.5
JNDB,1,0,1,1.0
JNDL,1,0,1,1.0
JNHB,0,0,0,
JNHs,0,0,0,
JNIH,0,1,1,0.0
JNKM,1,0,1,1.0
JNKN,0,0,0,
JNLB,2,0,2,1.0
JNLM,0,1,1,0.0
JNLN,0,1,1,0.0
JNLm,1,1,2,0.5
JNLn,0,1,1,0.0
JNMB,0,1,1,0.0
JNMM,1,1,2,0.5
JNMN,1,0,1,1.0
JNMP,2,1,3,0.67
JNMh,0,0,0,
JNMm,0,3,3,0.0
JNMn,0,1,1,0.0
JNMs,0,1,1,0.0
JNNB,0,1,1,0.0
JNND,0,0,0,
JNNM,1,0,1,1.0
JNNN,1,1,2,0.5
JNNP,0,0,0,
JNNS,0,1,1,0.0
JNNb,1,1,2,0.5
JNNm,1,0,1,1.0
JNNn,1,1,2,0.5
JNNs,0,1,1,0.0
JNPB,2,0,2,1.0
JNPH,1,0,1,1.0
JNPN,0,1,1,0.0
JNPP,1,0,1,1.0
JNPS,0,0,0,
JNPb,3,0,3,1.0
JNPl,1,0,1,1.0
JNPn,0,1,1,0.0
JNPs,1,2,3,0.33
JNSN,2,0,2,1.0
JNSP,3,0,3,1.0
JNSS,1,0,1,1.0
JNSb,0,1,1,0.0
JNSm,0,1,1,0.0
JNSn,1,1,2,0.5
JNbB,0,1,1,0.0
JNbD,0,0,0,
JNbH,0,0,0,
JNbI,1,0,1,1.0
JNbJ,1,0,1,1.0
JNbL,1,0,1,1.0
JNbM,0,0,0,
JNbP,0,0,0,
JNbS,1,0,1,1.0
JNbb,1,1,2,0.5
JNbm,0,1,1,0.0
JNbn,1,2,3,0.33
JNhM,0,1,1,0.0
JNhP,1,0,1,1.0
JNlJ,0,1,1,0.0
JNlM,0,1,1,0.0
JNlP,0,1,1,0.0
JNlS,0,0,0,
JNlb,0,1,1,0.0
JNll,0,1,1,0.0
JNlm,1,0,1,1.0
JNmD,1,0,1,1.0
JNmH,3,2,5,0.6
JNmM,0,2,2,0.0
JNmN,0,2,2,0.0
JNmP,1,0,1,1.0
JNmS,2,0,2,1.0
JNmb,1,1,2,0.5
JNml,1,0,1,1.0
JNmm,1,0,1,1.0
JNmn,0,2,2,0.0
JNms,1,0,1,1.0
JNnB,2,0,2,1.0
JNnD,1,0,1,1.0
JNnH,1,0,1,1.0
JNnM,3,1,4,0.75
JNnN,2,0,2,1.0
JNnP,1,2,3,0.33
JNnS,1,1,2,0.5
JNnm,0,1,1,0.0
JNnn,0,0,0,
JNns,2,0,2,1.0
JNsH,1,1,2,0.5
JNsM,0,1,1,0.0
JNsN,1,0,1,1.0
JNsP,0,3,3,0.0
JNsS,0,4,4,0.0
JNsl,0,1,1,0.0
JNsm,0,1,1,0.0
JNsn,1,1,2,0.5
JNtP,1,0,1,1.0
JNtn,1,0,1,1.0
JNts,0,0,0,
JPBB,1,1,2,0.5
JPBL,1,0,1,1.0
JPBM,0,1,1,0.0
JPBN,1,1,2,0.5
JPBP,1,2,3,0.33
JPBb,1,0,1,1.0
JPBm,0,1,1,0.0
JPBn,0,1,1,0.0
JPBt,1,0,1,1.0
JPDK,0,0,0,
JPDP,1,0,1,1.0
JPHB,0,1,1,0.0
JPHM,1,0,1,1.0
JPHS,1,0,1,1.0
JPHb,0,3,3,0.0
JPHt,0,1,1,0.0
JPIb,1,0,1,1.0
JPIl,1,0,1,1.0
JPKD,1,0,1,1.0
JPKM,0,1,1,0.0
JPKP,0,0,0,
JPKh,0,1,1,0.0
JPLD,0,1,1,0.0
JPLL,1,0,1,1.0
JPLM,0,0,0,
JPLN,0,1,1,0.0
JPLP,0,2,2,0.0
JPLb,0,0,0,
JPLm,2,1,3,0.67
JPLn,1,0,1,1.0
JPLt,0,1,1,0.0
JPMB,1,0,1,1.0
JPMM,2,1,3,0.67
JPMN,2,1,3,0.67
JPMP,1,0,1,1.0
JPMS,0,2,2,0.0
JPMb,1,1,2,0.5
JPMh,0,1,1,0.0
JPMj,2,1,3,0.67
JPMm,1,1,2,0.5
JPMn,0,1,1,0.0
JPMs,2,1,3,0.67
JPMt,0,1,1,0.0
JPNB,1,1,2,0.5
JPNL,1,1,2,0.5
JPNM,0,1,1,0.0
JPNN,1,0,1,1.0
JPNP,3,4,7,0.43
JPNS,0,1,1,0.0
JPNb,2,2,4,0.5
JPNl,1,0,1,1.0
JPNm,0,1,1,0.0
JPNn,4,2,6,0.67
JPPB,2,2,4,0.5
JPPH,0,0,0,
JPPL,1,1,2,0.5
JPPM,3,1,4,0.75
JPPN,2,1,3,0.67
JPPP,2,2,4,0.5
JPPS,0,2,2,0.0
JPPb,2,1,3,0.67
JPPl,0,1,1,0.0
JPPm,3,2,5,0.6
JPPn,0,1,1,0.0
JPPs,2,0,2,1.0
JPPt,1,0,1,1.0
JPSB,0,2,2,0.0
JPSN,0,1,1,0.0
JPSP,0,2,2,0.0
JPSS,1,3,4,0.25
JPSb,0,0,0,
JPSl,1,0,1,1.0
JPSm,1,0,1,1.0
JPbB,1,0,1,1.0
JPbI,1,0,1,1.0
JPbJ,1,0,1,1.0
JPbL,0,2,2,0.0
JPbN,1,2,3,0.33
JPbP,1,3,4,0.25
JPbS,0,2,2,0.0
JPbl,1,0,1,1.0
JPbn,0,1,1,0.0
JPbs,0,1,1,0.0
JPhN,0,1,1,0.0
JPhP,1,1,2,0.5
JPhS,1,0,1,1.0
JPhn,0,1,1,0.0
JPlB,0,0,0,
JPlH,1,0,1,1.0
JPlM,2,0,2,1.0
JPlN,1,1,2,0.5
JPlb,1,0,1,1.0
JPlm,1,0,1,1.0
JPls,1,0,1,1.0
JPmB,1,0,1,1.0
JPmH,3,1,4,0.75
JPmL,1,1,2,0.5
JPmM,2,1,3,0.67
JPmN,0,3,3,0.0
JPmS,0,3,3,0.0
JPmb,0,2,2,0.0
JPml,0,1,1,0.0
JPmm,5,0,5,1.0
JPmn,1,0,1,1.0
JPnB,2,0,2,1.0
JPnK,1,0,1,1.0
JPnM,1,3,4,0.25
JPnN,1,0,1,1.0
JPnP,0,2,2,0.0
JPnS,1,2,3,0.33
JPnb,1,1,2,0.5
JPnm,1,0,1,1.0
JPnn,2,0,2,1.0
JPsB,0,1,1,0.0
JPsD,1,0,1,1.0
JPsL,0,1,1,0.0
JPsN,2,2,4,0.5
JPsP,0,1,1,0.0
JPsS,3,0,3,1.0
JPsb,0,1,1,0.0
JPsl,2,0,2,1.0
JPsm,3,2,5,0.6
JPsn,0,0,0,
JPss,1,0,1,1.0
JPtn,1,1,2,0.5
JSBb,2,1,3,0.67
JSBm,2,0,2,1.0
JSBn,0,1,1,0.0
JSBs,1,0,1,1.0
JSDs,0,1,1,0.0
JSHB,1,0,1,1.0
JSHK,1,0,1,1.0
JSHM,1,0,1,1.0
JSHb,2,0,2,1.0
JSHm,0,1,1,0.0
JSHs,0,2,2,0.0
JSIN,0,0,0,
JSIS,1,0,1,1.0
JSLB,0,1,1,0.0
JSLN,2,0,2,1.0
JSLh,1,0,1,1.0
JSLs,1,0,1,1.0
JSMB,1,0,1,1.0
JSMD,0,0,0,
JSMM,0,1,1,0.0
JSMN,1,0,1,1.0
JSMP,2,0,2,1.0
JSMS,1,0,1,1.0
JSMb,0,1,1,0.0
JSMm,1,0,1,1.0
JSMn,0,0,0,
JSNN,1,0,1,1.0
JSNP,1,0,1,1.0
JSNS,0,0,0,
JSNn,0,1,1,0.0
JSNs,1,1,2,0.5
JSPB,1,0,1,1.0
JSPH,1,0,1,1.0
JSPI,0,1,1,0.0
JSPN,1,0,1,1.0
JSPP,1,3,4,0.25
JSPS,1,2,3,0.33
JSPm,1,0,1,1.0
JSPn,0,1,1,0.0
JSPs,1,1,2,0.5
JSSB,1,0,1,1.0
JSSD,1,0,1,1.0
JSSM,2,2,4,0.5
JSSN,1,0,1,1.0
JSSP,1,0,1,1.0
JSSS,0,1,1,0.0
JSSb,0,2,2,0.0
JSSh,1,0,1,1.0
JSSm,1,0,1,1.0
JSSs,0,1,1,0.0
JSSt,0,1,1,0.0
JSbB,1,0,1,1.0
JSbM,0,1,1,0.0
JSbN,1,0,1,1.0
JSbP,0,1,1,0.0
JSbb,1,0,1,1.0
JSbm,1,1,2,0.5
JShB,1,0,1,1.0
JShM,1,0,1,1.0
JShP,0,1,1,0.0
JShb,1,0,1,1.0
JShn,0,1,1,0.0
JShs,1,0,1,1.0
JSlN,0,1,1,0.0
JSlb,0,1,1,0.0
JSln,1,0,1,1.0
JSmD,1,0,1,1.0
JSmH,1,0,1,1.0
JSmL,0,1,1,0.0
JSmM,0,0,0,
JSmb,1,0,1,1.0
JSms,0,1,1,0.0
JSnM,0,1,1,0.0
JSnN,0,0,0,
JSnP,1,2,3,0.33
JSnS,1,2,3,0.33
JSnm,1,0,1,1.0
JSnn,0,1,1,0.0
JSns,0,1,1,0.0
JSsB,0,0,0,
JSsH,1,0,1,1.0
JSsM,0,2,2,0.0
JSsP,0,1,1,0.0
JSsh,1,1,2,0.5
JSsm,0,0,0,
JSsn,0,1,1,0.0
JStP,1,0,1,1.0
JbBD,0,0,0,
JbBK,0,0,0,
JbBL,1,0,1,1.0
JbBM,0,0,0,
JbBN,1,0,1,1.0
JbBP,2,2,4,0.5
JbBS,1,0,1,1.0
JbBb,0,2,2,0.0
JbBj,1,0,1,1.0
JbBm,0,0,0,
JbBn,0,1,1,0.0
JbDP,0,0,0,
JbDS,1,0,1,1.0
JbHH,0,1,1,0.0
JbIP,1,0,1,1.0
JbIS,0,1,1,0.0
JbJI,1,0,1,1.0
JbJK,0,1,1,0.0
JbJM,0,2,2,0.0
JbLM,1,0,1,1.0
JbLN,1,0,1,1.0
JbLh,0,1,1,0.0
JbLl,0,1,1,0.0
JbMD,0,1,1,0.0
JbML,1,0,1,1.0
JbMM,0,1,1,0.0
JbMN,1,0,1,1.0
JbMP,1,0,1,1.0
JbMS,1,1,2,0.5
JbMb,1,0,1,1.0
JbMh,0,0,0,
JbMm,2,0,2,1.0
JbMn,0,1,1,0.0
JbMs,2,0,2,1.0
JbNB,0,1,1,0.0
JbNL,0,2,2,0.0
JbNM,0,1,1,0.0
JbNN,0,1,1,0.0
JbNP,2,1,3,0.67
JbNS,1,0,1,1.0
JbNb,1,1,2,0.5
JbNh,2,0,2,1.0
JbNl,1,0,1,1.0
JbNm,2,1,3,0.67
JbNn,2,0,2,1.0
JbPB,0,1,1,0.0
JbPH,0,1,1,0.0
JbPL,0,0,0,
JbPM,1,1,2,0.5
JbPN,0,2,2,0.0
JbPP,1,2,3,0.33
JbPS,1,0,1,1.0
JbPb,1,1,2,0.5
JbPl,0,1,1,0.0
JbPn,0,0,0,
JbPt,1,1,2,0.5
JbSM,0,1,1,0.0
JbSP,0,1,1,0.0
JbSb,1,0,1,1.0
JbSn,1,1,2,0.5
JbSs,1,1,2,0.5
JbSt,0,1,1,0.0
JbbB,1,2,3,0.33
JbbM,0,3,3,0.0
JbbP,3,2,5,0.6
Jbbb,1,1,2,0.5
Jbbm,0,2,2,0.0
Jbbn,0,1,1,0.0
JblB,0,1,1,0.0
JblM,1,0,1,1.0
JblN,2,0,2,1.0
Jblb,1,0,1,1.0
JbmB,2,0,2,1.0
JbmM,0,1,1,0.0
JbmN,0,1,1,0.0
JbmP,1,2,3,0.33
Jbmb,0,1,1,0.0
Jbmm,3,0,3,1.0
Jbmn,1,0,1,1.0
Jbms,1,0,1,1.0
JbnB,0,1,1,0.0
JbnH,0,1,1,0.0
JbnM,3,1,4,0.75
JbnN,1,1,2,0.5
JbnP,1,2,3,0.33
Jbnb,0,2,2,0.0
Jbnn,1,1,2,0.5
JbsB,0,0,0,
JbsL,0,1,1,0.0
JbsS,0,1,1,0.0
JhBS,0,1,1,0.0
JhBb,0,1,1,0.0
JhBn,0,1,1,0.0
JhDM,0,1,1,0.0
JhLn,0,1,1,0.0
JhMS,0,1,1,0.0
JhMb,0,1,1,0.0
JhNn,0,1,1,0.0
JhPL,1,0,1,1.0
JhPN,0,1,1,0.0
JhPP,0,1,1,0.0
Jhbs,0,0,0,
JhmN,0,2,2,0.0
JhmP,0,1,1,0.0
Jhmb,0,0,0,
Jhml,0,0,0,
JhnS,0,1,1,0.0
JlBB,0,2,2,0.0
JlBN,1,2,3,0.33
JlBm,0,1,1,0.0
JlJH,1,0,1,1.0
JlJb,1,0,1,1.0
JlKM,0,0,0,
JlLP,1,0,1,1.0
JlLS,1,0,1,1.0
JlLm,1,0,1,1.0
JlLn,0,1,1,0.0
JlMB,0,1,1,0.0
JlMM,1,0,1,1.0
JlMP,0,1,1,0.0
JlMs,0,1,1,0.0
JlNH,0,1,1,0.0
JlNS,0,0,0,
JlNb,1,0,1,1.0
JlNs,2,0,2,1.0
JlPH,0,1,1,0.0
JlPM,0,3,3,0.0
JlPl,0,0,0,
JlPm,0,1,1,0.0
JlPs,2,1,3,0.67
JlSL,1,0,1,1.0
JlSP,0,0,0,
JlSm,2,0,2,1.0
JlSn,0,1,1,0.0
JlbM,1,0,1,1.0
JlbP,1,1,2,0.5
Jlbl,1,1,2,0.5
Jlbn,2,0,2,1.0
JllB,0,0,0,
JllN,0,1,1,0.0
JlmH,1,0,1,1.0
JlmM,0,1,1,0.0
JlmN,2,1,3,0.67
JlmS,0,0,0,
Jlmb,2,0,2,1.0
Jlmm,1,1,2,0.5
Jlms,1,0,1,1.0
JlnM,0,1,1,0.0
JlnS,0,1,1,0.0
Jlnb,1,0,1,1.0
Jlnl,0,1,1,0.0
Jlns,0,1,1,0.0
JlsH,0,1,1,0.0
Jlsb,1,0,1,1.0
JmBB,2,2,4,0.5
JmBN,0,2,2,0.0
JmBP,0,1,1,0.0
JmBS,0,2,2,0.0
JmBb,1,0,1,1.0
JmBm,1,0,1,1.0
JmBn,2,0,2,1.0
JmBs,1,2,3,0.33
JmBt,0,1,1,0.0
JmDB,0,4,4,0.0
JmDH,0,1,1,0.0
JmDm,1,0,1,1.0
JmHL,0,1,1,0.0
JmHM,1,1,2,0.5
JmHN,0,0,0,
JmHh,1,1,2,0.5
JmHl,0,1,1,0.0
JmHm,1,0,1,1.0
JmHn,1,0,1,1.0
JmHs,1,0,1,1.0
JmIn,0,0,0,
JmKL,0,0,0,
JmLB,0,1,1,0.0
JmLL,1,0,1,1.0
JmLM,0,0,0,
JmLb,0,1,1,0.0
JmLh,0,0,0,
JmLm,1,1,2,0.5
JmMB,1,0,1,1.0
JmMD,2,0,2,1.0
JmMM,0,1,1,0.0
JmMN,4,1,5,0.8
JmMP,2,0,2,1.0
JmMS,0,1,1,0.0
JmMb,0,1,1,0.0
JmMj,0,1,1,0.0
JmMm,0,0,0,
JmMn,2,1,3,0.67
JmNB,0,2,2,0.0
JmNL,0,1,1,0.0
JmNM,1,1,2,0.5
JmNN,1,0,1,1.0
JmNP,2,4,6,0.33
JmNS,0,1,1,0.0
JmNm,3,1,4,0.75
JmNn,0,2,2,0.0
JmNs,1,0,1,1.0
JmPB,2,1,3,0.67
JmPH,0,0,0,
JmPI,0,1,1,0.0
JmPM,1,3,4,0.25
JmPN,2,0,2,1.0
JmPP,2,1,3,0.67
JmPS,0,1,1,0.0
JmPb,1,0,1,1.0
JmPl,1,1,2,0.5
JmPm,1,0,1,1.0
JmPn,1,0,1,1.0
JmPs,1,1,2,0.5
JmSB,0,0,0,
JmSM,2,0,2,1.0
JmSN,0,1,1,0.0
JmSP,1,0,1,1.0
JmSS,0,2,2,0.0
JmSh,0,1,1,0.0
JmSl,0,0,0,
JmSn,0,2,2,0.0
JmbB,2,3,5,0.4
JmbH,0,0,0,
JmbL,0,1,1,0.0
JmbM,0,0,0,
JmbN,3,1,4,0.75
JmbP,1,1,2,0.5
JmbS,1,0,1,1.0
Jmbb,2,0,2,1.0
Jmbm,0,0,0,
Jmbn,0,1,1,0.0
Jmhh,0,1,1,0.0
JmlM,1,0,1,1.0
JmlP,0,2,2,0.0
JmlS,1,0,1,1.0
Jmln,0,1,1,0.0
JmmB,2,0,2,1.0
JmmH,0,0,0,
JmmL,1,0,1,1.0
JmmM,4,1,5,0.8
JmmN,1,0,1,1.0
JmmP,1,0,1,1.0
JmmS,0,1,1,0.0
Jmmb,1,1,2,0.5
Jmmm,0,2,2,0.0
Jmmn,2,1,3,0.67
JmnB,0,1,1,0.0
JmnD,0,0,0,
JmnH,1,0,1,1.0
JmnK,0,1,1,0.0
JmnM,0,1,1,0.0
JmnN,2,1,3,0.67
JmnP,1,1,2,0.5
Jmnb,0,1,1,0.0
JmsL,1,0,1,1.0
JmsN,1,1,2,0.5
JmsP,1,0,1,1.0
Jmsm,2,0,2,1.0
Jmsn,2,1,3,0.67
Jmss,1,0,1,1.0
JnBL,0,1,1,0.0
JnBS,0,1,1,0.0
JnBj,1,0,1,1.0
JnBm,0,2,2,0.0
JnBn,1,0,1,1.0
JnDP,0,0,0,
JnDb,1,0,1,1.0
JnDm,0,1,1,0.0
JnDn,0,0,0,
JnHK,1,0,1,1.0
JnHM,1,0,1,1.0
JnHN,1,0,1,1.0
JnHP,1,0,1,1.0
JnHb,1,1,2,0.5
JnHm,1,0,1,1.0
JnII,0,1,1,0.0
JnIb,2,0,2,1.0
JnIm,0,1,1,0.0
JnIn,0,1,1,0.0
JnIs,1,0,1,1.0
JnLB,0,1,1,0.0
JnLN,0,1,1,0.0
JnLP,0,1,1,0.0
JnLb,1,0,1,1.0
JnLl,2,0,2,1.0
JnMB,1,0,1,1.0
JnMM,2,0,2,1.0
JnMN,0,1,1,0.0
JnMh,0,1,1,0.0
JnMm,0,0,0,
JnNB,0,1,1,0.0
JnNM,2,2,4,0.5
JnNP,0,1,1,0.0
JnNS,2,0,2,1.0
JnNb,1,0,1,1.0
JnNm,1,1,2,0.5
JnNn,3,1,4,0.75
JnNt,0,0,0,
JnPH,0,1,1,0.0
JnPL,2,0,2,1.0
JnPM,0,1,1,0.0
JnPN,0,1,1,0.0
JnPP,2,2,4,0.5
JnPS,1,1,2,0.5
JnPb,1,1,2,0.5
JnPm,0,1,1,0.0
JnPs,1,0,1,1.0
JnSH,0,0,0,
JnSM,0,1,1,0.0
JnSP,0,0,0,
JnSS,0,2,2,0.0
JnSh,1,0,1,1.0
JnSl,1,0,1,1.0
JnSm,0,1,1,0.0
JnSn,1,0,1,1.0
JnSt,0,1,1,0.0
JnbB,0,3,3,0.0
JnbJ,1,1,2,0.5
JnbM,0,1,1,0.0
JnbN,2,0,2,1.0
JnbP,0,2,2,0.0
Jnbn,1,1,2,0.5
Jnbs,1,0,1,1.0
Jnhs,0,1,1,0.0
JnlB,0,1,1,0.0
Jnlb,0,0,0,
Jnlm,0,0,0,
Jnln,1,0,1,1.0
Jnls,1,0,1,1.0
JnmB,0,1,1,0.0
JnmJ,1,0,1,1.0
JnmM,2,1,3,0.67
JnmN,2,0,2,1.0
JnmP,1,0,1,1.0
JnmS,0,1,1,0.0
Jnmb,0,1,1,0.0
Jnmm,0,1,1,0.0
Jnmn,1,0,1,1.0
Jnms,1,0,1,1.0
JnnM,0,2,2,0.0
JnnN,1,1,2,0.5
JnnP,1,1,2,0.5
JnnS,1,0,1,1.0
Jnnb,2,0,2,1.0
Jnnl,0,0,0,
JnsS,1,1,2,0.5
Jnsb,1,0,1,1.0
Jnsm,1,0,1,1.0
Jnsn,0,1,1,0.0
Jnss,1,0,1,1.0
JsBD,1,0,1,1.0
JsBM,1,1,2,0.5
JsBN,0,1,1,0.0
JsBS,0,1,1,0.0
JsBm,0,2,2,0.0
JsBn,0,1,1,0.0
JsBs,0,1,1,0.0
JsBt,0,0,0,
JsHD,0,0,0,
JsHL,0,1,1,0.0
JsHP,1,0,1,1.0
JsHh,0,1,1,0.0
JsHl,1,1,2,0.5
JsHm,1,0,1,1.0
JsHs,1,0,1,1.0
JsLN,0,1,1,0.0
JsLn,0,1,1,0.0
JsLs,0,1,1,0.0
JsLt,0,1,1,0.0
JsMB,0,1,1,0.0
JsMD,0,1,1,0.0
JsMN,0,1,1,0.0
JsMP,0,1,1,0.0
JsMS,0,0,0,
JsMh,0,2,2,0.0
JsMm,1,0,1,1.0
JsMn,0,1,1,0.0
JsNK,0,0,0,
JsNP,1,2,3,0.33
JsNS,0,0,0,
JsNm,2,2,4,0.5
JsNs,1,1,2,0.5
JsPB,0,1,1,0.0
JsPM,0,1,1,0.0
JsPP,0,1,1,0.0
JsPl,1,0,1,1.0
JsPn,0,3,3,0.0
JsPs,1,0,1,1.0
JsSB,1,1,2,0.5
JsSM,1,1,2,0.5
JsSN,0,1,1,0.0
JsSP,0,1,1,0.0
JsSb,0,1,1,0.0
JsSl,1,0,1,1.0
JsSm,1,0,1,1.0
JsSn,0,1,1,0.0
JsSs,0,1,1,0.0
JsbB,0,0,0,
JsbP,2,1,3,0.67
JsbS,0,1,1,0.0
Jsbn,1,0,1,1.0
Jsbs,1,1,2,0.5
Jsln,0,0,0,
JsmB,1,2,3,0.33
JsmL,0,1,1,0.0
JsmM,0,1,1,0.0
JsmS,0,0,0,
Jsmb,1,0,1,1.0
Jsmn,0,0,0,
JsnB,0,0,0,
JsnM,0,1,1,0.0
JsnP,0,1,1,0.0
JsnS,0,0,0,
Jsnl,1,0,1,1.0
Jsnn,0,1,1,0.0
Jsns,0,1,1,0.0
JssD,0,0,0,
JssL,1,0,1,1.0
JssP,0,1,1,0.0
JssS,1,0,1,1.0
Jssb,1,0,1,1.0
Jssl,1,0,1,1.0
Jsss,1,1,2,0.5
JtBM,1,1,2,0.5
JtDM,0,0,0,
JtDP,0,1,1,0.0
JtHh,0,1,1,0.0
JtLP,0,1,1,0.0
JtMP,1,1,2,0.5
JtNS,1,0,1,1.0
JtPP,0,0,0,
JtPm,0,1,1,0.0
JtPs,0,1,1,0.0
JtSS,0,1,1,0.0
JtSh,0,1,1,0.0
Jtbl,1,0,1,1.0
JtlL,1,0,1,1.0
JtlN,1,0,1,1.0
Jtmh,0,0,0,
JtnM,1,0,1,1.0
JtnS,1,1,2,0.5
Jtnn,1,0,1,1.0
JtsP,0,0,0,
JtsS,1,0,1,1.0
Jtsn,1,0,1,1.0
KBBB,1,0,1,1.0
KBBD,0,0,0,
KBBL,1,0,1,1.0
KBBM,1,2,3,0.33
KBBN,0,1,1,0.0
KBBP,0,1,1,0.0
KBBS,0,1,1,0.0
KBBb,1,0,1,1.0
KBBj,0,0,0,
KBBl,1,0,1,1.0
KBBm,0,1,1,0.0
KBBn,0,2,2,0.0
KBDB,0,1,1,0.0
KBDD,1,0,1,1.0
KBDm,1,2,3,0.33
KBDs,1,0,1,1.0
KBKl,1,0,1,1.0
KBLB,1,0,1,1.0
KBLN,1,0,1,1.0
KBLP,1,0,1,1.0
KBLn,1,0,1,1.0
KBLs,1,0,1,1.0
KBMB,0,1,1,0.0
KBMM,0,1,1,0.0
KBMN,1,1,2,0.5
KBMP,1,0,1,1.0
KBMb,2,1,3,0.67
KBMl,1,0,1,1.0
KBMm,0,3,3,0.0
KBMn,1,1,2,0.5
KBMs,0,1,1,0.0
KBNB,1,1,2,0.5
KBND,0,1,1,0.0
KBNL,1,3,4,0.25
KBNS,0,1,1,0.0
KBNb,2,0,2,1.0
KBNl,1,0,1,1.0
KBNm,2,0,2,1.0
KBNn,1,0,1,1.0
KBNs,0,0,0,
KBPB,0,5,5,0.0
KBPM,0,1,1,0.0
KBPP,2,3,5,0.4
KBPS,2,0,2,1.0
KBPb,0,0,0,
KBPh,0,0,0,
KBPm,2,1,3,0.67
KBPn,0,2,2,0.0
KBPs,0,1,1,0.0
KBSH,1,1,2,0.5
KBSM,0,1,1,0.0
KBSN,2,1,3,0.67
KBSP,1,0,1,1.0
KBSt,0,0,0,
KBbB,1,1,2,0.5
KBbD,1,0,1,1.0
KBbI,0,1,1,0.0
KBbL,0,0,0,
KBbM,1,0,1,1.0
KBbP,0,3,3,0.0
KBbS,1,1,2,0.5
KBbb,0,2,2,0.0
KBbm,0,0,0,
KBjN,0,1,1,0.0
KBjP,2,0,2,1.0
KBjm,2,0,2,1.0
KBjn,1,0,1,1.0
KBlB,0,2,2,0.0
KBlP,0,0,0,
KBlm,0,1,1,0.0
KBln,0,0,0,
KBmB,0,2,2,0.0
KBmD,0,1,1,0.0
KBmH,0,1,1,0.0
KBmL,2,0,2,1.0
KBmM,0,2,2,0.0
KBmN,3,0,3,1.0
KBmP,0,1,1,0.0
KBmb,1,0,1,1.0
KBmm,1,3,4,0.25
KBmn,0,1,1,0.0
KBms,1,1,2,0.5
KBnD,0,1,1,0.0
KBnH,0,1,1,0.0
KBnI,1,0,1,1.0
KBnL,0,1,1,0.0
KBnM,2,0,2,1.0
KBnN,1,1,2,0.5
KBnP,2,2,4,0.5
KBnS,0,2,2,0.0
KBnb,1,1,2,0.5
KBnm,0,1,1,0.0
KBnn,2,0,2,1.0
KBns,1,0,1,1.0
KBsD,1,0,1,1.0
KBsI,1,0,1,1.0
KBsP,0,0,0,
KBsS,0,1,1,0.0
KBsl,0,0,0,
KBsm,2,0,2,1.0
KBss,2,0,2,1.0
KBtM,0,1,1,0.0
KBtn,0,0,0,
KDBN,1,0,1,1.0
KDBS,1,0,1,1.0
KDDH,1,0,1,1.0
KDDb,0,1,1,0.0
KDHB,1,0,1,1.0
KDHI,0,1,1,0.0
KDHL,0,1,1,0.0
KDHP,0,1,1,0.0
KDHh,1,0,1,1.0
KDHl,0,1,1,0.0
KDHs,1,0,1,1.0
KDMB,2,0,2,1.0
KDMM,0,0,0,
KDMS,0,1,1,0.0
KDMb,1,0,1,1.0
KDMh,0,1,1,0.0
KDMn,1,0,1,1.0
KDNb,0,0,0,
KDNm,0,1,1,0.0
KDNs,1,0,1,1.0
KDPM,1,0,1,1.0
KDPP,2,0,2,1.0
KDPS,0,0,0,
KDPm,1,0,1,1.0
KDSB,0,0,0,
KDSM,2,0,2,1.0
KDSN,0,1,1,0.0
KDSS,0,1,1,0.0
KDSm,0,2,2,0.0
KDSn,1,0,1,1.0
KDSs,0,1,1,0.0
KDbK,1,0,1,1.0
KDbM,0,1,1,0.0
KDbN,0,1,1,0.0
KDbl,0,2,2,0.0
KDbm,0,1,1,0.0
KDhD,0,0,0,
KDhb,0,1,1,0.0
KDlM,0,0,0,
KDls,0,1,1,0.0
KDmM,1,2,3,0.33
KDmP,1,1,2,0.5
KDmS,0,0,0,
KDmm,0,1,1,0.0
KDnK,1,0,1,1.0
KDnN,0,0,0,
KDnS,0,1,1,0.0
KDnm,1,0,1,1.0
KDsS,1,0,1,1.0
KDsm,1,0,1,1.0
KDss,0,0,0,
KDtK,1,0,1,1.0
KDtL,1,0,1,1.0
KHBb,0,0,0,
KHBm,0,1,1,0.0
KHBn,1,0,1,1.0
KHLs,0,0,0,
KHMM,0,1,1,0.0
KHMP,1,0,1,1.0
KHMb,0,0,0,
KHMl,0,1,1,0.0
KHMs,1,0,1,1.0
KHNP,0,1,1,0.0
KHNm,0,2,2,0.0
KHSN,0,0,0,
KHSS,0,1,1,0.0
KHSb,1,0,1,1.0
KHbJ,1,0,1,1.0
KHbM,1,0,1,1.0
KHbl,1,0,1,1.0
KHbm,0,0,0,
KHhm,0,0,0,
KHmP,0,2,2,0.0
KHmn,0,0,0,
KHnP,0,1,1,0.0
KHnS,0,1,1,0.0
KHsD,0,1,1,0.0
KHsN,0,1,1,0.0
KHsb,0,0,0,
KIBM,0,1,1,0.0
KIBj,1,0,1,1.0
KIBm,0,0,0,
KIBs,1,0,1,1.0
KIHL,0,1,1,0.0
KIHm,1,0,1,1.0
KIHs,1,0,1,1.0
KIKs,1,0,1,1.0
KILD,1,0,1,1.0
KIMB,0,1,1,0.0
KIMM,1,0,1,1.0
KIMl,1,1,2,0.5
KINB,0,1,1,0.0
KINM,0,0,0,
KINs,1,0,1,1.0
KIPM,0,1,1,0.0
KISB,1,0,1,1.0
KISS,1,0,1,1.0
KISl,1,0,1,1.0
KISm,0,1,1,0.0
KISt,1,0,1,1.0
KIbP,0,1,1,0.0
KIln,0,1,1,0.0
KImB,0,1,1,0.0
KImL,1,0,1,1.0
KIms,1,0,1,1.0
KInN,1,0,1,1.0
KInb,0,1,1,0.0
KInm,0,0,0,
KInn,0,1,1,0.0
KIsB,0,1,1,0.0
KIsN,0,1,1,0.0
KIsP,0,1,1,0.0
KIsS,1,0,1,1.0
KIsb,1,0,1,1.0
KKIs,0,0,0,
KKMm,0,1,1,0.0
KKnM,1,0,1,1.0
KLBL,1,0,1,1.0
KLBM,1,0,1,1.0
KLBP,0,1,1,0.0
KLBj,1,0,1,1.0
KLBm,0,1,1,0.0
KLBn,0,0,0,
KLDB,2,0,2,1.0
KLDN,0,1,1,0.0
KLLn,0,0,0,
KLMM,1,0,1,1.0
KLMP,1,2,3,0.33
KLMh,0,1,1,0.0
KLMj,1,0,1,1.0
KLMm,1,0,1,1.0
KLMn,0,1,1,0.0
KLMs,0,1,1,0.0
KLNM,0,0,0,
KLNP,1,0,1,1.0
KLNl,0,1,1,0.0
KLNm,2,0,2,1.0
KLPL,1,2,3,0.33
KLPM,1,0,1,1.0
KLPN,0,1,1,0.0
KLPS,0,1,1,0.0
KLPb,0,1,1,0.0
KLPl,1,0,1,1.0
KLPm,1,0,1,1.0
KLPt,0,1,1,0.0
KLSB,1,0,1,1.0
KLSM,0,1,1,0.0
KLbB,0,0,0,
KLhS,1,0,1,1.0
KLhh,0,1,1,0.0
KLhs,0,1,1,0.0
KLjn,1,0,1,1.0
KLjs,0,1,1,0.0
KLlD,1,0,1,1.0
KLlP,1,0,1,1.0
KLlb,1,0,1,1.0
KLmB,0,1,1,0.0
KLmb,1,0,1,1.0
KLnB,0,1,1,0.0
KLnD,0,1,1,0.0
KLnI,1,0,1,1.0
KLnN,1,0,1,1.0
KLnS,1,0,1,1.0
KLnb,0,2,2,0.0
KLnm,2,2,4,0.5
KLns,1,0,1,1.0
KLsM,0,1,1,0.0
KLsN,0,1,1,0.0
KLsS,0,1,1,0.0
KLsn,1,0,1,1.0
KLst,0,0,0,
KLtB,1,0,1,1.0
KLtP,0,1,1,0.0
KMBB,0,0,0,
KMBM,4,0,4,1.0
KMBN,1,2,3,0.33
KMBP,1,0,1,1.0
KMBS,3,1,4,0.75
KMBb,0,1,1,0.0
KMBj,1,0,1,1.0
KMBm,1,1,2,0.5
KMBn,0,1,1,0.0
KMBs,1,0,1,1.0
KMDB,0,1,1,0.0
KMDD,0,1,1,0.0
KMDI,1,0,1,1.0
KMDM,1,0,1,1.0
KMDN,1,0,1,1.0
KMDb,0,1,1,0.0
KMDm,1,1,2,0.5
KMIS,0,1,1,0.0
KMKN,1,0,1,1.0
KMLB,0,2,2,0.0
KMLM,1,0,1,1.0
KMLN,0,1,1,0.0
KMLP,1,0,1,1.0
KMLb,0,1,1,0.0
KMLh,0,1,1,0.0
KMLl,1,1,2,0.5
KMMB,2,4,6,0.33
KMML,0,1,1,0.0
KMMM,0,3,3,0.0
KMMN,0,1,1,0.0
KMMP,2,0,2,1.0
KMMS,0,1,1,0.0
KMMb,0,1,1,0.0
KMMm,1,0,1,1.0
KMMn,2,1,3,0.67
KMNB,0,0,0,
KMND,0,1,1,0.0
KMNK,0,1,1,0.0
KMNL,0,1,1,0.0
KMNM,1,0,1,1.0
KMNN,2,1,3,0.67
KMNP,3,2,5,0.6
KMNb,1,1,2,0.5
KMNh,0,0,0,
KMNl,1,0,1,1.0
KMNm,3,0,3,1.0
KMNn,0,1,1,0.0
KMNs,1,0,1,1.0
KMPB,1,0,1,1.0
KMPD,0,0,0,
KMPI,0,0,0,
KMPL,0,1,1,0.0
KMPM,3,2,5,0.6
KMPN,0,1,1,0.0
KMPP,3,1,4,0.75
KMPS,0,1,1,0.0
KMPb,2,0,2,1.0
KMPl,1,1,2,0.5
KMPm,2,2,4,0.5
KMPs,0,1,1,0.0
KMSB,2,0,2,1.0
KMSH,0,1,1,0.0
KMSM,1,2,3,0.33
KMSN,0,0,0,
KMSP,1,2,3,0.33
KMSS,1,0,1,1.0
KMSb,1,1,2,0.5
KMSh,0,1,1,0.0
KMSl,0,2,2,0.0
KMSn,0,1,1,0.0
KMbB,0,1,1,0.0
KMbH,1,1,2,0.5
KMbJ,0,1,1,0.0
KMbL,0,0,0,
KMbM,3,1,4,0.75
KMbN,2,0,2,1.0
KMbS,1,2,3,0.33
KMbb,1,0,1,1.0
KMbl,1,0,1,1.0
KMbm,3,0,3,1.0
KMbn,1,1,2,0.5
KMhB,0,1,1,0.0
KMhH,0,1,1,0.0
KMhN,0,2,2,0.0
KMhP,2,2,4,0.5
KMhS,2,2,4,0.5
KMhb,2,0,2,1.0
KMhh,0,1,1,0.0
KMhn,1,0,1,1.0
KMhs,1,0,1,1.0
KMht,1,0,1,1.0
KMjB,0,0,0,
KMjM,0,1,1,0.0
KMjN,0,0,0,
KMjS,1,0,1,1.0
KMjl,1,0,1,1.0
KMjm,1,0,1,1.0
KMjs,1,1,2,0.5
KMlB,1,1,2,0.5
KMlM,0,1,1,0.0
KMlN,0,0,0,
KMlm,1,0,1,1.0
KMln,1,0,1,1.0
KMmD,2,0,2,1.0
KMmH,2,2,4,0.5
KMmJ,0,1,1,0.0
KMmM,0,2,2,0.0
KMmN,2,2,4,0.5
KMmP,2,0,2,1.0
KMmS,1,1,2,0.5
KMmb,1,0,1,1.0
KMmm,1,7,8,0.12
KMmn,0,1,1,0.0
KMms,2,1,3,0.67
KMnB,2,2,4,0.5
KMnH,0,0,0,
KMnM,1,2,3,0.33
KMnN,2,1,3,0.67
KMnP,2,1,3,0.67
KMnS,0,1,1,0.0
KMnb,1,1,2,0.5
KMnl,0,1,1,0.0
KMnm,0,0,0,
KMns,1,0,1,1.0
KMsB,1,1,2,0.5
KMsI,0,0,0,
KMsM,0,0,0,
KMsN,1,1,2,0.5
KMsb,1,0,1,1.0
KMsn,0,0,0,
KMss,1,1,2,0.5
KMtB,1,0,1,1.0
KMtM,0,1,1,0.0
KMtm,1,0,1,1.0
KMtn,0,1,1,0.0
KMts,0,1,1,0.0
KNBB,1,1,2,0.5
KNBD,1,0,1,1.0
KNBL,1,1,2,0.5
KNBM,2,0,2,1.0
KNBN,1,0,1,1.0
KNBS,1,0,1,1.0
KNBb,3,2,5,0.6
KNBm,0,1,1,0.0
KNBn,1,1,2,0.5
KNBs,2,0,2,1.0
KNDm,1,1,2,0.5
KNDn,1,0,1,1.0
KNDs,1,0,1,1.0
KNHM,0,0,0,
KNHS,1,0,1,1.0
KNHm,1,0,1,1.0
KNIm,0,0,0,
KNKM,0,1,1,0.0
KNKN,0,0,0,
KNKs,1,0,1,1.0
KNLP,1,1,2,0.5
KNLn,1,0,1,1.0
KNMM,3,0,3,1.0
KNMS,2,0,2,1.0
KNMb,0,1,1,0.0
KNMh,1,0,1,1.0
KNMm,0,3,3,0.0
KNMn,2,1,3,0.67
KNMs,0,1,1,0.0
KNMt,0,1,1,0.0
KNNM,1,0,1,1.0
KNNN,1,0,1,1.0
KNNP,1,1,2,0.5
KNNS,2,1,3,0.67
KNNb,1,0,1,1.0
KNNm,0,3,3,0.0
KNNn,1,0,1,1.0
KNNs,2,0,2,1.0
KNNt,0,1,1,0.0
KNPB,3,3,6,0.5
KNPI,0,0,0,
KNPK,0,1,1,0.0
KNPL,1,1,2,0.5
KNPM,2,1,3,0.67
KNPN,2,1,3,0.67
KNPP,0,4,4,0.0
KNPS,1,1,2,0.5
KNPb,0,1,1,0.0
KNPl,1,0,1,1.0
KNPm,1,1,2,0.5
KNPn,1,0,1,1.0
KNPs,0,1,1,0.0
KNSB,1,0,1,1.0
KNSM,1,0,1,1.0
KNSN,0,0,0,
KNSP,2,1,3,0.67
KNSS,1,0,1,1.0
KNSh,1,0,1,1.0
KNSl,0,1,1,0.0
KNSn,0,1,1,0.0
KNSs,0,2,2,0.0
KNSt,0,1,1,0.0
KNbI,0,1,1,0.0
KNbK,0,1,1,0.0
KNbL,0,1,1,0.0
KNbM,1,1,2,0.5
KNbP,1,1,2,0.5
KNbS,2,0,2,1.0
KNbb,1,0,1,1.0
KNbl,1,0,1,1.0
KNbm,0,1,1,0.0
KNbs,1,1,2,0.5
KNhB,1,0,1,1.0
KNhL,0,0,0,
KNhM,1,0,1,1.0
KNhN,0,1,1,0.0
KNhs,1,0,1,1.0
KNlH,1,0,1,1.0
KNlL,1,0,1,1.0
KNlN,1,1,2,0.5
KNlm,0,0,0,
KNmB,0,1,1,0.0
KNmH,0,2,2,0.0
KNmI,1,0,1,1.0
KNmK,0,0,0,
KNmM,1,1,2,0.5
KNmN,0,1,1,0.0
KNmP,0,0,0,
KNmS,1,1,2,0.5
KNmb,1,4,5,0.2
KNmm,0,0,0,
KNms,0,1,1,0.0
KNnB,1,0,1,1.0
KNnI,0,0,0,
KNnM,1,0,1,1.0
KNnN,0,1,1,0.0
KNnP,1,0,1,1.0
KNnb,1,1,2,0.5
KNnm,2,0,2,1.0
KNns,0,1,1,0.0
KNsB,1,1,2,0.5
KNsM,0,1,1,0.0
KNsN,0,3,3,0.0
KNsS,0,0,0,
KNsm,1,0,1,1.0
KNss,1,0,1,1.0
KNtM,0,1,1,0.0
KPBB,1,3,4,0.25
KPBL,1,0,1,1.0
KPBM,0,1,1,0.0
KPBN,0,1,1,0.0
KPBP,1,4,5,0.2
KPBS,1,0,1,1.0
KPBb,4,0,4,1.0
KPBj,0,1,1,0.0
KPBl,0,1,1,0.0
KPBm,1,0,1,1.0
KPBn,0,0,0,
KPBs,1,0,1,1.0
KPBt,0,1,1,0.0
KPDP,0,1,1,0.0
KPDb,1,0,1,1.0
KPDm,2,1,3,0.67
KPDs,1,1,2,0.5
KPHM,0,1,1,0.0
KPHN,0,0,0,
KPHh,1,0,1,1.0
KPHm,1,0,1,1.0
KPHn,0,0,0,
KPHs,1,0,1,1.0
KPIB,0,1,1,0.0
KPIL,0,1,1,0.0
KPIn,1,1,2,0.5
KPKP,0,1,1,0.0
KPKb,0,0,0,
KPLB,0,1,1,0.0
KPLK,1,0,1,1.0
KPLL,1,0,1,1.0
KPLP,0,1,1,0.0
KPLS,0,1,1,0.0
KPLh,1,1,2,0.5
KPLm,1,0,1,1.0
KPLn,0,2,2,0.0
KPLs,2,0,2,1.0
KPMB,0,0,0,
KPMD,0,0,0,
KPMK,0,1,1,0.0
KPML,0,1,1,0.0
KPMM,1,1,2,0.5
KPMP,1,3,4,0.25
KPMS,1,1,2,0.5
KPMb,2,1,3,0.67
KPMh,2,2,4,0.5
KPMm,2,2,4,0.5
KPMn,1,3,4,0.25
KPMs,1,2,3,0.33
KPMt,1,0,1,1.0
KPND,0,1,1,0.0
KPNK,0,1,1,0.0
KPNN,1,1,2,0.5
KPNP,0,3,3,0.0
KPNb,0,1,1,0.0
KPNh,0,1,1,0.0
KPNl,1,0,1,1.0
KPNm,1,1,2,0.5
KPNn,1,0,1,1.0
KPNs,0,1,1,0.0
KPNt,0,1,1,0.0
KPPB,1,1,2,0.5
KPPL,1,2,3,0.33
KPPM,2,2,4,0.5
KPPN,0,2,2,0.0
KPPP,2,1,3,0.67
KPPS,0,2,2,0.0
KPPb,0,2,2,0.0
KPPl,1,0,1,1.0
KPPm,2,1,3,0.67
KPPn,2,0,2,1.0
KPPs,0,3,3,0.0
KPPt,1,0,1,1.0
KPSB,1,1,2,0.5
KPSD,2,0,2,1.0
KPSL,0,1,1,0.0
KPSM,5,0,5,1.0
KPSN,0,1,1,0.0
KPSP,1,1,2,0.5
KPSS,2,1,3,0.67
KPSb,0,0,0,
KPSm,2,1,3,0.67
KPSn,0,0,0,
KPSs,4,1,5,0.8
KPSt,0,1,1,0.0
KPbB,2,1,3,0.67
KPbH,1,2,3,0.33
KPbI,1,0,1,1.0
KPbJ,1,0,1,1.0
KPbL,1,0,1,1.0
KPbM,3,1,4,0.75
KPbN,1,1,2,0.5
KPbP,0,1,1,0.0
KPbS,1,0,1,1.0
KPbb,0,1,1,0.0
KPbl,0,0,0,
KPbm,1,0,1,1.0
KPbn,1,0,1,1.0
KPbs,1,0,1,1.0
KPhb,1,0,1,1.0
KPhh,0,0,0,
KPhm,0,1,1,0.0
KPlB,1,0,1,1.0
KPlL,2,0,2,1.0
KPlM,0,1,1,0.0
KPlP,0,0,0,
KPlm,2,0,2,1.0
KPln,1,0,1,1.0
KPmB,1,0,1,1.0
KPmD,1,0,1,1.0
KPmH,2,0,2,1.0
KPmL,1,0,1,1.0
KPmM,0,1,1,0.0
KPmP,3,2,5,0.6
KPmS,2,1,3,0.67
KPmb,1,2,3,0.33
KPml,2,0,2,1.0
KPmm,2,1,3,0.67
KPnL,0,1,1,0.0
KPnM,1,0,1,1.0
KPnN,0,1,1,0.0
KPnP,3,1,4,0.75
KPnb,2,0,2,1.0
KPnl,1,0,1,1.0
KPnm,0,0,0,
KPnn,2,0,2,1.0
KPns,2,0,2,1.0
KPsH,0,1,1,0.0
KPsN,0,1,1,0.0
KPsP,2,1,3,0.67
KPsS,0,1,1,0.0
KPsb,0,1,1,0.0
KPsm,1,1,2,0.5
KPss,0,0,0,
KPtI,0,0,0,
KSBB,0,1,1,0.0
KSBN,0,1,1,0.0
KSBP,1,1,2,0.5
KSBb,1,1,2,0.5
KSBm,2,0,2,1.0
KSBn,1,0,1,1.0
KSBs,1,1,2,0.5
KSDB,0,1,1,0.0
KSDN,1,0,1,1.0
KSDS,0,2,2,0.0
KSDm,1,0,1,1.0
KSDs,0,1,1,0.0
KSHN,0,0,0,
KSHl,1,0,1,1.0
KSHs,0,0,0,
KSIm,0,0,0,
KSLB,0,1,1,0.0
KSLN,2,0,2,1.0
KSLP,0,0,0,
KSLb,1,0,1,1.0
KSLj,0,0,0,
KSLn,0,1,1,0.0
KSMB,1,0,1,1.0
KSMH,1,0,1,1.0
KSMM,0,1,1,0.0
KSMN,2,0,2,1.0
KSMP,0,1,1,0.0
KSMS,1,1,2,0.5
KSMb,0,2,2,0.0
KSMh,0,2,2,0.0
KSMl,1,1,2,0.5
KSMm,2,1,3,0.67
KSMn,1,3,4,0.25
KSMs,1,1,2,0.5
KSNB,0,1,1,0.0
KSNH,1,0,1,1.0
KSNK,0,0,0,
KSNS,1,0,1,1.0
KSNm,1,0,1,1.0
KSNs,2,0,2,1.0
KSNt,2,0,2,1.0
KSPB,0,1,1,0.0
KSPD,0,2,2,0.0
KSPH,0,1,1,0.0
KSPK,1,2,3,0.33
KSPM,0,3,3,0.0
KSPN,0,1,1,0.0
KSPP,1,1,2,0.5
KSPS,1,0,1,1.0
KSPm,0,4,4,0.0
KSPs,0,1,1,0.0
KSPt,2,0,2,1.0
KSSB,1,0,1,1.0
KSSD,1,0,1,1.0
KSSH,1,1,2,0.5
KSSM,0,4,4,0.0
KSSN,0,1,1,0.0
KSSP,3,0,3,1.0
KSSS,2,3,5,0.4
KSSb,0,1,1,0.0
KSSm,0,2,2,0.0
KSSn,1,0,1,1.0
KSbB,0,1,1,0.0
KSbK,0,1,1,0.0
KSbM,1,0,1,1.0
KSbN,0,0,0,
KSbP,1,0,1,1.0
KSbS,0,1,1,0.0
KSbb,1,1,2,0.5
KSbn,0,1,1,0.0
KShB,1,0,1,1.0
KShM,1,2,3,0.33
KShN,0,1,1,0.0
KShP,0,0,0,
KShm,1,1,2,0.5
KShn,0,1,1,0.0
KSlB,0,0,0,
KSlM,0,1,1,0.0
KSlP,0,1,1,0.0
KSlS,0,1,1,0.0
KSlb,1,0,1,1.0
KSln,1,1,2,0.5
KSls,0,0,0,
KSmB,1,3,4,0.25
KSmD,0,0,0,
KSmL,1,0,1,1.0
KSmM,1,1,2,0.5
KSmN,2,2,4,0.5
KSmS,0,1,1,0.0
KSmb,3,0,3,1.0
KSml,0,0,0,
KSmm,2,1,3,0.67
KSmn,0,0,0,
KSms,2,0,2,1.0
KSnD,0,1,1,0.0
KSnH,1,0,1,1.0
KSnL,0,1,1,0.0
KSnM,1,0,1,1.0
KSnP,0,1,1,0.0
KSnb,0,0,0,
KSnm,1,0,1,1.0
KSnn,0,0,0,
KSns,1,0,1,1.0
KSsB,1,0,1,1.0
KSsD,0,1,1,0.0
KSsI,0,1,1,0.0
KSsK,1,0,1,1.0
KSsS,2,1,3,0.67
KSsb,1,1,2,0.5
KSsl,0,0,0,
KSsn,0,1,1,0.0
KSss,1,0,1,1.0
KStM,1,0,1,1.0
KStP,0,0,0,
KStm,0,0,0,
KbBB,1,0,1,1.0
KbBK,1,0,1,1.0
KbBL,1,0,1,1.0
KbBN,1,1,2,0.5
KbBP,3,0,3,1.0
KbBS,1,0,1,1.0
KbBb,0,1,1,0.0
KbBj,1,0,1,1.0
KbBl,1,0,1,1.0
KbBm,1,1,2,0.5
KbDH,1,1,2,0.5
KbDS,0,1,1,0.0
KbDm,1,0,1,1.0
KbHD,1,0,1,1.0
KbHM,1,0,1,1.0
KbHP,1,0,1,1.0
KbIH,0,1,1,0.0
KbJH,0,2,2,0.0
KbJN,0,1,1,0.0
KbJP,1,0,1,1.0
KbJm,0,1,1,0.0
KbJn,0,1,1,0.0
KbJs,0,1,1,0.0
KbKB,1,0,1,1.0
KbKM,0,1,1,0.0
KbKh,0,1,1,0.0
KbKm,2,0,2,1.0
KbLD,0,0,0,
KbLM,0,1,1,0.0
KbLS,2,1,3,0.67
KbLm,1,1,2,0.5
KbLn,1,0,1,1.0
KbMM,1,3,4,0.25
KbMN,0,1,1,0.0
KbMP,0,0,0,
KbMS,0,0,0,
KbMb,1,1,2,0.5
KbMj,0,1,1,0.0
KbMl,0,0,0,
KbMm,0,1,1,0.0
KbMn,1,0,1,1.0
KbMs,1,1,2,0.5
KbND,0,1,1,0.0
KbNL,0,1,1,0.0
KbNM,0,1,1,0.0
KbNN,2,2,4,0.5
KbNP,0,2,2,0.0
KbNS,1,0,1,1.0
KbNb,1,0,1,1.0
KbNl,0,1,1,0.0
KbNm,0,2,2,0.0
KbNs,2,0,2,1.0
KbNt,0,1,1,0.0
KbPB,1,1,2,0.5
KbPK,1,0,1,1.0
KbPM,0,0,0,
KbPN,1,0,1,1.0
KbPP,0,0,0,
KbPS,0,3,3,0.0
KbPb,1,1,2,0.5
KbPl,1,0,1,1.0
KbPm,1,0,1,1.0
KbPn,0,2,2,0.0
KbSB,0,0,0,
KbSH,0,1,1,0.0
KbSM,0,1,1,0.0
KbSP,1,1,2,0.5
KbSS,0,2,2,0.0
KbSb,1,0,1,1.0
KbSl,0,1,1,0.0
KbSn,0,0,0,
KbSs,1,0,1,1.0
KbbM,2,1,3,0.67
KbbN,1,0,1,1.0
Kbbb,3,1,4,0.75
Kbbl,0,1,1,0.0
Kbbn,0,1,1,0.0
KblB,1,0,1,1.0
KblP,1,0,1,1.0
KblS,0,1,1,0.0
Kblm,0,0,0,
KbmB,0,1,1,0.0
KbmH,1,0,1,1.0
KbmM,1,2,3,0.33
KbmN,3,3,6,0.5
KbmP,2,1,3,0.67
KbmS,0,1,1,0.0
Kbmb,0,3,3,0.0
Kbmn,1,0,1,1.0
Kbms,0,2,2,0.0
KbnB,2,0,2,1.0
KbnH,0,0,0,
KbnP,0,1,1,0.0
KbnS,1,0,1,1.0
Kbnb,0,1,1,0.0
Kbnl,2,1,3,0.67
Kbnm,0,1,1,0.0
Kbnn,1,2,3,0.33
Kbns,0,0,0,
KbsB,0,1,1,0.0
KbsH,1,0,1,1.0
KbsM,2,1,3,0.67
KbsS,0,1,1,0.0
Kbsb,1,0,1,1.0
Kbsm,1,1,2,0.5
Kbss,1,1,2,0.5
KhBB,0,1,1,0.0
KhBM,0,1,1,0.0
KhBN,0,0,0,
KhBP,1,0,1,1.0
KhBb,0,1,1,0.0
KhBh,0,1,1,0.0
KhBj,0,0,0,
KhBl,0,1,1,0.0
KhBs,1,0,1,1.0
KhDH,1,0,1,1.0
KhDM,2,0,2,1.0
KhDP,1,2,3,0.33
KhDm,2,0,2,1.0
KhDs,1,0,1,1.0
KhHL,1,0,1,1.0
KhHb,2,0,2,1.0
KhHn,0,1,1,0.0
KhIM,1,0,1,1.0
KhIN,0,0,0,
KhLM,2,0,2,1.0
KhLS,0,1,1,0.0
KhLb,0,1,1,0.0
KhLm,0,1,1,0.0
KhMB,1,0,1,1.0
KhMM,1,0,1,1.0
KhMN,0,1,1,0.0
KhMP,2,4,6,0.33
KhMS,1,1,2,0.5
KhMb,1,0,1,1.0
KhMh,0,1,1,0.0
KhMm,0,0,0,
KhMn,2,0,2,1.0
KhMs,0,1,1,0.0
KhNH,0,3,3,0.0
KhNN,1,2,3,0.33
KhNS,0,1,1,0.0
KhNh,0,0,0,
KhNl,1,0,1,1.0
KhNm,1,0,1,1.0
KhNn,1,0,1,1.0
KhPD,0,0,0,
KhPH,0,1,1,0.0
KhPL,1,0,1,1.0
KhPM,1,0,1,1.0
KhPN,1,1,2,0.5
KhPP,1,0,1,1.0
KhPb,1,1,2,0.5
KhPl,1,1,2,0.5
KhPm,0,1,1,0.0
KhPn,0,0,0,
KhPs,0,1,1,0.0
KhSB,0,1,1,0.0
KhSD,1,0,1,1.0
KhSI,0,1,1,0.0
KhSM,1,0,1,1.0
KhSN,2,0,2,1.0
KhSP,0,1,1,0.0
KhSb,1,1,2,0.5
KhSh,1,0,1,1.0
KhSl,0,0,0,
KhSm,1,4,5,0.2
KhSn,0,1,1,0.0
KhSs,1,0,1,1.0
KhbB,0,1,1,0.0
KhbD,0,0,0,
KhbH,1,1,2,0.5
KhbL,0,1,1,0.0
KhbM,0,1,1,0.0
KhbN,2,1,3,0.67
KhbP,2,0,2,1.0
Khbb,1,2,3,0.33
Khbm,2,0,2,1.0
Khbn,0,1,1,0.0
Khbs,0,1,1,0.0
KhhB,1,1,2,0.5
KhhD,0,1,1,0.0
KhhL,0,0,0,
KhhM,1,0,1,1.0
KhhS,0,2,2,0.0
Khhb,0,1,1,0.0
Khhh,0,0,0,
Khhm,0,0,0,
KhlI,1,0,1,1.0
KhlM,0,1,1,0.0
KhlN,1,1,2,0.5
KhlP,1,1,2,0.5
Khlb,1,1,2,0.5
Khln,1,0,1,1.0
KhmB,0,1,1,0.0
KhmD,0,1,1,0.0
KhmH,1,0,1,1.0
KhmK,0,1,1,0.0
KhmM,1,1,2,0.5
KhmS,1,1,2,0.5
Khmb,0,1,1,0.0
Khmm,1,4,5,0.2
KhnB,1,0,1,1.0
KhnI,0,0,0,
KhnL,1,0,1,1.0
KhnM,0,1,1,0.0
KhnN,3,3,6,0.5
KhnP,0,1,1,0.0
KhnS,0,1,1,0.0
Khnb,0,1,1,0.0
Khnl,0,1,1,0.0
Khnm,1,1,2,0.5
Khns,0,1,1,0.0
KhsB,0,1,1,0.0
KhsL,1,1,2,0.5
KhsM,0,1,1,0.0
KhsP,1,2,3,0.33
Khsl,0,1,1,0.0
Khsm,2,1,3,0.67
KhtL,0,1,1,0.0
Khtn,0,1,1,0.0
KlBM,0,0,0,
KlBN,1,0,1,1.0
KlBb,1,1,2,0.5
KlBh,1,0,1,1.0
KlBm,1,0,1,1.0
KlDB,1,0,1,1.0
KlHB,1,0,1,1.0
KlHD,1,0,1,1.0
KlHN,2,1,3,0.67
KlHP,0,1,1,0.0
KlHl,0,0,0,
KlIl,1,0,1,1.0
KlJL,0,1,1,0.0
KlJl,1,0,1,1.0
KlJm,0,1,1,0.0
KlJn,1,0,1,1.0
KlKn,1,0,1,1.0
KlLM,1,0,1,1.0
KlLl,0,1,1,0.0
KlLm,1,0,1,1.0
KlMI,0,0,0,
KlMM,0,1,1,0.0
KlMN,0,1,1,0.0
KlMS,0,0,0,
KlMb,1,0,1,1.0
KlMl,1,0,1,1.0
KlMm,0,2,2,0.0
KlMs,1,0,1,1.0
KlNL,0,1,1,0.0
KlNM,0,2,2,0.0
KlNN,1,0,1,1.0
KlNP,2,0,2,1.0
KlNh,0,1,1,0.0
KlNl,0,1,1,0.0
KlNm,1,0,1,1.0
KlNt,0,1,1,0.0
KlPM,0,1,1,0.0
KlPN,1,0,1,1.0
KlPm,0,0,0,
KlPn,0,0,0,
KlSM,1,0,1,1.0
KlSS,0,0,0,
KlSs,1,1,2,0.5
KlbB,2,0,2,1.0
KlbP,1,1,2,0.5
KlbS,0,1,1,0.0
Klbb,1,1,2,0.5
Klbn,2,0,2,1.0
KllP,0,0,0,
KllS,1,0,1,1.0
Klln,0,0,0,
KlmB,1,0,1,1.0
KlmH,1,0,1,1.0
KlmL,1,1,2,0.5
KlmP,0,0,0,
KlmS,0,1,1,0.0
Klml,0,0,0,
Klmn,1,0,1,1.0
KlnL,1,0,1,1.0
KlnM,1,0,1,1.0
KlnN,2,1,3,0.67
Klnl,0,1,1,0.0
Klnm,1,0,1,1.0
Klnn,0,1,1,0.0
KlsD,0,0,0,
KlsH,1,0,1,1.0
KlsI,0,0,0,
KlsM,0,1,1,0.0
KlsP,1,0,1,1.0
KlsS,1,0,1,1.0
KmBB,2,0,2,1.0
KmBL,0,1,1,0.0
KmBM,1,1,2,0.5
KmBN,2,1,3,0.67
KmBP,1,0,1,1.0
KmBb,1,0,1,1.0
KmBj,1,0,1,1.0
KmBl,1,1,2,0.5
KmBm,1,1,2,0.5
KmBn,2,0,2,1.0
KmBs,1,2,3,0.33
KmDD,0,1,1,0.0
KmDH,1,0,1,1.0
KmDL,0,0,0,
KmDM,1,0,1,1.0
KmDP,1,1,2,0.5
KmDl,1,0,1,1.0
KmDm,1,1,2,0.5
KmHL,0,1,1,0.0
KmHM,2,1,3,0.67
KmHN,0,0,0,
KmHP,2,1,3,0.67
KmHS,2,0,2,1.0
KmHh,0,1,1,0.0
KmHl,0,1,1,0.0
KmHm,1,0,1,1.0
KmHn,1,0,1,1.0
KmIM,1,0,1,1.0
KmIN,1,0,1,1.0
KmJH,0,1,1,0.0
KmJM,1,0,1,1.0
KmJS,0,1,1,0.0
KmJb,1,0,1,1.0
KmLD,0,1,1,0.0
KmLH,1,0,1,1.0
KmLM,2,0,2,1.0
KmLP,1,0,1,1.0
KmLS,0,1,1,0.0
KmLb,1,0,1,1.0
KmLh,0,0,0,
KmLl,0,1,1,0.0
KmLn,1,0,1,1.0
KmLs,1,0,1,1.0
KmMB,0,1,1,0.0
KmMD,0,0,0,
KmML,0,1,1,0.0
KmMM,2,4,6,0.33
KmMN,0,1,1,0.0
KmMP,3,0,3,1.0
KmMS,0,1,1,0.0
KmMb,1,1,2,0.5
KmMh,1,0,1,1.0
KmMj,1,0,1,1.0
KmMl,1,0,1,1.0
KmMm,1,2,3,0.33
KmMn,1,0,1,1.0
KmMs,1,1,2,0.5
KmNH,0,1,1,0.0
KmNK,0,2,2,0.0
KmNM,2,5,7,0.29
KmNN,1,0,1,1.0
KmNP,1,3,4,0.25
KmNS,0,4,4,0.0
KmNh,0,1,1,0.0
KmNl,1,0,1,1.0
KmNm,2,0,2,1.0
KmNn,1,1,2,0.5
KmNs,3,1,4,0.75
KmNt,1,1,2,0.5
KmPB,1,0,1,1.0
KmPD,0,1,1,0.0
KmPH,1,0,1,1.0
KmPK,0,1,1,0.0
KmPL,1,0,1,1.0
KmPM,0,1,1,0.0
KmPN,4,1,5,0.8
KmPP,3,1,4,0.75
KmPS,1,0,1,1.0
KmPb,0,0,0,
KmPl,0,2,2,0.0
KmPm,2,0,2,1.0
KmPn,1,0,1,1.0
KmPt,1,0,1,1.0
KmSB,1,1,2,0.5
KmSD,1,0,1,1.0
KmSL,1,0,1,1.0
KmSM,0,3,3,0.0
KmSN,0,1,1,0.0
KmSP,1,2,3,0.33
KmSS,0,2,2,0.0
KmSh,0,0,0,
KmSl,0,1,1,0.0
KmSm,0,3,3,0.0
KmSs,1,2,3,0.33
KmbB,0,1,1,0.0
KmbD,1,0,1,1.0
KmbL,0,1,1,0.0
KmbM,3,0,3,1.0
KmbN,2,2,4,0.5
KmbS,0,2,2,0.0
Kmbb,0,1,1,0.0
Kmbl,0,1,1,0.0
Kmbm,0,2,2,0.0
Kmbs,0,1,1,0.0
KmhP,0,1,1,0.0
KmlB,0,0,0,
KmlL,0,1,1,0.0
KmlM,1,0,1,1.0
KmlN,0,1,1,0.0
KmlP,0,1,1,0.0
Kmlm,0,1,1,0.0
KmmB,1,0,1,1.0
KmmD,0,1,1,0.0
KmmH,1,2,3,0.33
KmmL,1,0,1,1.0
KmmM,0,2,2,0.0
KmmN,1,0,1,1.0
KmmP,0,2,2,0.0
KmmS,0,4,4,0.0
Kmmb,3,2,5,0.6
Kmml,0,1,1,0.0
Kmmm,0,2,2,0.0
Kmmn,2,2,4,0.5
Kmms,0,1,1,0.0
KmnB,1,0,1,1.0
KmnI,0,1,1,0.0
KmnK,0,0,0,
KmnM,0,1,1,0.0
KmnP,0,1,1,0.0
KmnS,1,1,2,0.5
Kmnb,1,0,1,1.0
Kmnl,0,1,1,0.0
Kmnn,0,0,0,
Kmns,2,1,3,0.67
KmsB,0,1,1,0.0
KmsD,0,1,1,0.0
KmsM,1,2,3,0.33
KmsN,0,1,1,0.0
KmsP,0,1,1,0.0
KmsS,1,1,2,0.5
Kmsb,1,0,1,1.0
Kmsl,1,0,1,1.0
Kmsm,0,0,0,
Kmss,1,0,1,1.0
KnBM,1,0,1,1.0
KnBN,1,1,2,0.5
KnBP,0,2,2,0.0
KnBb,0,1,1,0.0
KnBj,1,0,1,1.0
KnBl,0,1,1,0.0
KnBm,2,0,2,1.0
KnBn,2,0,2,1.0
KnDM,0,1,1,0.0
KnDP,0,1,1,0.0
KnDS,0,0,0,
KnDb,1,0,1,1.0
KnDl,0,1,1,0.0
KnHB,0,1,1,0.0
KnHM,1,0,1,1.0
KnHP,1,0,1,1.0
KnHh,0,0,0,
KnHn,0,2,2,0.0
KnID,0,0,0,
KnIM,1,1,2,0.5
KnIP,0,0,0,
KnKN,0,1,1,0.0
KnKb,1,0,1,1.0
KnKm,1,0,1,1.0
KnLB,1,0,1,1.0
KnLm,1,1,2,0.5
KnLs,0,0,0,
KnMB,1,2,3,0.33
KnMD,1,0,1,1.0
KnML,0,0,0,
KnMM,2,2,4,0.5
KnMN,0,1,1,0.0
KnMP,1,1,2,0.5
KnMS,1,0,1,1.0
KnMh,1,1,2,0.5
KnMl,0,1,1,0.0
KnMm,3,2,5,0.6
KnMn,1,2,3,0.33
KnMs,0,0,0,
KnNB,0,1,1,0.0
KnNH,0,1,1,0.0
KnNK,1,0,1,1.0
KnNL,1,0,1,1.0
KnNM,0,3,3,0.0
KnNP,1,0,1,1.0
KnNS,1,1,2,0.5
KnNb,2,0,2,1.0
KnNl,1,1,2,0.5
KnNm,2,1,3,0.67
KnNs,1,1,2,0.5
KnNt,0,1,1,0.0
KnPB,0,1,1,0.0
KnPH,0,1,1,0.0
KnPI,1,0,1,1.0
KnPL,2,0,2,1.0
KnPM,1,0,1,1.0
KnPN,0,3,3,0.0
KnPP,1,1,2,0.5
KnPS,2,1,3,0.67
KnPb,3,3,6,0.5
KnPl,0,1,1,0.0
KnPm,0,1,1,0.0
KnPs,1,2,3,0.33
KnSB,0,1,1,0.0
KnSD,0,1,1,0.0
KnSH,1,0,1,1.0
KnSM,0,1,1,0.0
KnSN,0,1,1,0.0
KnSP,2,0,2,1.0
KnSS,1,3,4,0.25
KnSh,0,1,1,0.0
KnSm,0,1,1,0.0
KnSn,1,0,1,1.0
KnSs,1,1,2,0.5
KnbJ,1,0,1,1.0
Knbb,0,1,1,0.0
Knbn,0,0,0,
KnlH,1,0,1,1.0
KnlN,0,1,1,0.0
KnlS,1,0,1,1.0
KnmH,0,1,1,0.0
KnmJ,0,2,2,0.0
KnmL,1,0,1,1.0
KnmM,1,0,1,1.0
KnmN,1,0,1,1.0
KnmP,2,3,5,0.4
KnmS,0,0,0,
Knmb,0,1,1,0.0
Knmm,2,1,3,0.67
Knmn,0,0,0,
Knms,2,0,2,1.0
KnnH,0,1,1,0.0
KnnM,0,4,4,0.0
KnnN,1,1,2,0.5
KnnP,1,2,3,0.33
KnnS,0,0,0,
Knnb,0,0,0,
Knnn,0,0,0,
Knns,1,1,2,0.5
KnsD,0,0,0,
KnsH,0,0,0,
KnsL,1,0,1,1.0
KnsM,2,1,3,0.67
KnsN,1,0,1,1.0
KnsP,1,0,1,1.0
KnsS,1,0,1,1.0
Knsb,0,1,1,0.0
Knsm,1,2,3,0.33
KsBL,1,0,1,1.0
KsBN,1,0,1,1.0
KsBS,1,0,1,1.0
KsBb,1,0,1,1.0
KsBm,1,0,1,1.0
KsBn,2,0,2,1.0
KsBs,0,1,1,0.0
KsDM,1,0,1,1.0
KsDP,1,0,1,1.0
KsDb,1,1,2,0.5
KsDm,1,0,1,1.0
KsDn,0,1,1,0.0
KsDs,0,0,0,
KsHB,1,0,1,1.0
KsHL,0,2,2,0.0
KsHM,0,1,1,0.0
KsHN,1,2,3,0.33
KsHP,3,2,5,0.6
KsHS,2,0,2,1.0
KsHb,0,0,0,
KsHh,1,0,1,1.0
KsHl,1,0,1,1.0
KsHm,1,2,3,0.33
KsHn,0,1,1,0.0
KsHs,3,1,4,0.75
KsHt,0,1,1,0.0
KsIN,0,1,1,0.0
KsIP,0,1,1,0.0
KsLM,0,1,1,0.0
KsLN,1,0,1,1.0
KsLh,0,1,1,0.0
KsLl,0,1,1,0.0
KsMB,2,0,2,1.0
KsMD,0,1,1,0.0
KsMM,0,1,1,0.0
KsMN,2,1,3,0.67
KsMP,0,1,1,0.0
KsMS,0,1,1,0.0
KsMh,0,2,2,0.0
KsMm,0,2,2,0.0
KsMn,1,1,2,0.5
KsMs,2,1,3,0.67
KsNB,0,1,1,0.0
KsNM,1,1,2,0.5
KsNN,0,0,0,
KsNP,0,2,2,0.0
KsNS,0,1,1,0.0
KsNb,3,0,3,1.0
KsNm,2,1,3,0.67
KsNn,0,0,0,
KsNs,0,1,1,0.0
KsPB,0,0,0,
KsPI,0,1,1,0.0
KsPK,1,0,1,1.0
KsPL,0,2,2,0.0
KsPM,0,1,1,0.0
KsPN,0,1,1,0.0
KsPP,0,1,1,0.0
KsPS,1,1,2,0.5
KsPb,0,0,0,
KsPl,0,1,1,0.0
KsPm,1,1,2,0.5
KsPn,0,1,1,0.0
KsPs,0,0,0,
KsSB,2,0,2,1.0
KsSD,0,0,0,
KsSL,1,0,1,1.0
KsSM,3,4,7,0.43
KsSN,1,0,1,1.0
KsSP,1,3,4,0.25
KsSS,0,1,1,0.0
KsSl,1,0,1,1.0
KsSm,2,3,5,0.4
KsSn,2,3,5,0.4
KsSs,2,1,3,0.67
KsSt,0,1,1,0.0
KsbB,1,0,1,1.0
KsbI,1,0,1,1.0
KsbM,1,1,2,0.5
KsbP,0,1,1,0.0
Ksbb,2,0,2,1.0
Ksbn,6,1,7,0.86
Ksbs,2,0,2,1.0
Kshl,1,0,1,1.0
KslB,0,0,0,
Ksll,0,1,1,0.0
Ksls,0,1,1,0.0
KsmB,0,0,0,
KsmD,0,1,1,0.0
KsmH,0,1,1,0.0
KsmJ,0,1,1,0.0
KsmL,1,0,1,1.0
KsmM,1,4,5,0.2
KsmN,0,2,2,0.0
KsmP,1,3,4,0.25
KsmS,0,1,1,0.0
Ksmb,0,0,0,
Ksmm,1,1,2,0.5
Ksmn,1,0,1,1.0
Ksms,1,0,1,1.0
KsnN,4,0,4,1.0
KsnP,1,0,1,1.0
KsnS,1,1,2,0.5
Ksnb,1,0,1,1.0
Ksnn,0,1,1,0.0
KssB,1,1,2,0.5
KssD,1,0,1,1.0
KssH,1,0,1,1.0
KssL,1,0,1,1.0
KssM,1,0,1,1.0
KssS,0,1,1,0.0
Kssb,1,0,1,1.0
Kssm,1,0,1,1.0
Kssn,0,0,0,
Ksss,2,1,3,0.67
KtBB,0,1,1,0.0
KtBt,0,0,0,
KtDL,1,0,1,1.0
KtDS,0,0,0,
KtHM,0,1,1,0.0
KtHm,1,0,1,1.0
KtMm,0,0,0,
KtNB,0,0,0,
KtNP,0,1,1,0.0
KtNl,0,0,0,
KtNt,0,1,1,0.0
KtPb,1,1,2,0.5
KtSP,1,0,1,1.0
KtSs,1,0,1,1.0
Ktbm,1,0,1,1.0
Ktls,0,1,1,0.0
Ktmm,0,0,0,
Ktnn,1,0,1,1.0
KtsL,0,1,1,0.0
KttB,0,0,0,
LBBB,7,3,10,0.7
LBBK,0,2,2,0.0
LBBL,1,1,2,0.5
LBBM,2,2,4,0.5
LBBN,3,10,13,0.23
LBBP,8,6,14,0.57
LBBS,2,2,4,0.5
LBBb,4,5,9,0.44
LBBh,0,0,0,
LBBj,2,1,3,0.67
LBBl,3,5,8,0.38
LBBm,7,1,8,0.88
LBBn,2,2,4,0.5
LBBs,1,1,2,0.5
LBBt,1,1,2,0.5
LBDB,0,2,2,0.0
LBDH,1,0,1,1.0
LBDL,1,0,1,1.0
LBDM,2,1,3,0.67
LBDN,2,1,3,0.67
LBDP,0,1,1,0.0
LBDS,1,0,1,1.0
LBDb,0,1,1,0.0
LBDs,0,2,2,0.0
LBHH,1,0,1,1.0
LBHM,0,1,1,0.0
LBKN,0,2,2,0.0
LBKS,0,1,1,0.0
LBKb,1,0,1,1.0
LBKh,0,0,0,
LBKm,1,0,1,1.0
LBKs,0,0,0,
LBLB,1,0,1,1.0
LBLL,1,0,1,1.0
LBLM,1,0,1,1.0
LBLN,1,1,2,0.5
LBLP,1,4,5,0.2
LBLb,2,1,3,0.67
LBLh,1,2,3,0.33
LBLj,0,1,1,0.0
LBLl,1,0,1,1.0
LBLm,2,0,2,1.0
LBLn,1,2,3,0.33
LBLs,0,0,0,
LBLt,0,1,1,0.0
LBMB,3,3,6,0.5
LBMD,1,0,1,1.0
LBML,2,0,2,1.0
LBMM,2,3,5,0.4
LBMN,2,2,4,0.5
LBMP,3,4,7,0.43
LBMS,1,1,2,0.5
LBMb,3,6,9,0.33
LBMh,1,0,1,1.0
LBMj,1,0,1,1.0
LBMl,2,0,2,1.0
LBMm,2,1,3,0.67
LBMn,5,4,9,0.56
LBMs,1,1,2,0.5
LBMt,1,0,1,1.0
LBNB,3,5,8,0.38
LBND,1,1,2,0.5
LBNK,0,0,0,
LBNM,3,2,5,0.6
LBNN,1,5,6,0.17
LBNP,4,5,9,0.44
LBNS,1,5,6,0.17
LBNb,3,4,7,0.43
LBNh,0,0,0,
LBNl,1,0,1,1.0
LBNm,4,2,6,0.67
LBNn,6,6,12,0.5
LBNs,3,3,6,0.5
LBNt,1,0,1,1.0
LBPB,4,5,9,0.44
LBPD,1,0,1,1.0
LBPH,1,1,2,0.5
LBPK,1,0,1,1.0
LBPL,2,6,8,0.25
LBPM,4,3,7,0.57
LBPN,3,6,9,0.33
LBPP,7,7,14,0.5
LBPS,2,2,4,0.5
LBPb,4,5,9,0.44
LBPh,0,1,1,0.0
LBPl,1,1,2,0.5
LBPm,2,3,5,0.4
LBPn,4,5,9,0.44
LBPs,5,2,7,0.71
LBSB,0,4,4,0.0
LBSD,0,3,3,0.0
LBSH,0,3,3,0.0
LBSM,2,1,3,0.67
LBSN,1,0,1,1.0
LBSP,0,2,2,0.0
LBSS,2,0,2,1.0
LBSb,1,0,1,1.0
LBSh,0,1,1,0.0
LBSl,0,1,1,0.0
LBSm,3,1,4,0.75
LBSn,0,1,1,0.0
LBSs,1,3,4,0.25
LBSt,1,0,1,1.0
LBbB,1,5,6,0.17
LBbH,1,1,2,0.5
LBbI,1,2,3,0.33
LBbJ,1,0,1,1.0
LBbK,0,1,1,0.0
LBbL,0,1,1,0.0
LBbM,0,3,3,0.0
LBbN,6,3,9,0.67
LBbP,5,2,7,0.71
LBbS,4,3,7,0.57
LBbb,7,0,7,1.0
LBbl,4,1,5,0.8
LBbm,3,2,5,0.6
LBbn,0,4,4,0.0
LBbs,5,1,6,0.83
LBhB,0,1,1,0.0
LBhL,1,1,2,0.5
LBhN,0,1,1,0.0
LBhP,0,1,1,0.0
LBhb,0,1,1,0.0
LBhl,1,0,1,1.0
LBhm,3,0,3,1.0
LBhn,0,0,0,
LBjB,2,0,2,1.0
LBjL,1,0,1,1.0
LBjM,1,1,2,0.5
LBjN,2,1,3,0.67
LBjP,1,0,1,1.0
LBjm,3,1,4,0.75
LBjn,1,3,4,0.25
LBjs,1,1,2,0.5
LBjt,0,0,0,
LBlB,4,0,4,1.0
LBlD,0,1,1,0.0
LBlH,1,2,3,0.33
LBlL,1,0,1,1.0
LBlM,0,1,1,0.0
LBlN,2,1,3,0.67
LBlP,2,2,4,0.5
LBlS,2,1,3,0.67
LBlb,1,0,1,1.0
LBll,1,0,1,1.0
LBlm,5,1,6,0.83
LBln,2,4,6,0.33
LBls,1,1,2,0.5
LBmB,3,1,4,0.75
LBmD,2,2,4,0.5
LBmH,4,5,9,0.44
LBmJ,1,3,4,0.25
LBmL,2,0,2,1.0
LBmM,0,6,6,0.0
LBmN,8,6,14,0.57
LBmP,4,7,11,0.36
LBmS,1,2,3,0.33
LBmb,7,2,9,0.78
LBml,1,2,3,0.33
LBmm,2,2,4,0.5
LBmn,3,5,8,0.38
LBms,2,2,4,0.5
LBnB,3,5,8,0.38
LBnD,0,1,1,0.0
LBnH,2,0,2,1.0
LBnI,0,1,1,0.0
LBnK,1,2,3,0.33
LBnL,3,1,4,0.75
LBnM,3,3,6,0.5
LBnN,8,4,12,0.67
LBnP,9,8,17,0.53
LBnS,3,2,5,0.6
LBnb,5,4,9,0.56
LBnh,0,0,0,
LBnl,3,2,5,0.6
LBnm,4,2,6,0.67
LBnn,4,5,9,0.44
LBns,1,6,7,0.14
LBsB,1,3,4,0.25
LBsD,1,0,1,1.0
LBsH,1,2,3,0.33
LBsL,0,1,1,0.0
LBsM,2,1,3,0.67
LBsN,1,3,4,0.25
LBsP,1,3,4,0.25
LBsS,3,1,4,0.75
LBsb,2,1,3,0.67
LBsh,0,1,1,0.0
LBsl,2,0,2,1.0
LBsm,1,1,2,0.5
LBsn,0,3,3,0.0
LBtB,0,1,1,0.0
LBtM,1,0,1,1.0
LBtN,1,2,3,0.33
LBtP,0,2,2,0.0
LBtS,1,0,1,1.0
LBtm,1,1,2,0.5
LBts,0,1,1,0.0
LDBB,4,0,4,1.0
LDBD,1,1,2,0.5
LDBP,1,0,1,1.0
LDBS,1,1,2,0.5
LDBm,1,0,1,1.0
LDBn,1,1,2,0.5
LDBs,0,0,0,
LDDB,1,0,1,1.0
LDDL,1,0,1,1.0
LDDN,0,1,1,0.0
LDDP,0,2,2,0.0
LDDb,0,0,0,
LDDn,1,0,1,1.0
LDHH,0,1,1,0.0
LDHI,0,1,1,0.0
LDHL,0,0,0,
LDHM,1,0,1,1.0
LDHP,0,1,1,0.0
LDHS,0,0,0,
LDHb,0,0,0,
LDHm,4,1,5,0.8
LDHn,1,1,2,0.5
LDHs,1,0,1,1.0
LDIB,0,1,1,0.0
LDLL,0,1,1,0.0
LDLM,0,1,1,0.0
LDLN,1,0,1,1.0
LDLP,0,1,1,0.0
LDLl,1,0,1,1.0
LDLm,1,0,1,1.0
LDLs,0,0,0,
LDMB,1,1,2,0.5
LDMD,0,0,0,
LDMM,1,0,1,1.0
LDMN,1,1,2,0.5
LDMP,1,0,1,1.0
LDMS,1,1,2,0.5
LDMb,0,1,1,0.0
LDMh,1,1,2,0.5
LDMl,0,1,1,0.0
LDMn,1,0,1,1.0
LDMs,4,1,5,0.8
LDND,0,1,1,0.0
LDNM,2,1,3,0.67
LDNN,0,0,0,
LDNP,0,1,1,0.0
LDNS,2,0,2,1.0
LDNl,0,1,1,0.0
LDNm,1,0,1,1.0
LDNn,0,1,1,0.0
LDNs,1,2,3,0.33
LDPB,0,0,0,
LDPL,0,1,1,0.0
LDPM,1,2,3,0.33
LDPN,1,0,1,1.0
LDPP,0,1,1,0.0
LDPS,1,0,1,1.0
LDPm,2,0,2,1.0
LDPs,0,0,0,
LDSB,1,0,1,1.0
LDSD,1,0,1,1.0
LDSH,1,0,1,1.0
LDSM,1,1,2,0.5
LDSN,0,2,2,0.0
LDSS,1,1,2,0.5
LDSb,1,0,1,1.0
LDSh,0,0,0,
LDSm,1,0,1,1.0
LDSn,0,1,1,0.0
LDSs,1,0,1,1.0
LDbB,1,0,1,1.0
LDbJ,1,0,1,1.0
LDbL,0,1,1,0.0
LDbM,0,1,1,0.0
LDbN,0,1,1,0.0
LDbP,0,1,1,0.0
LDbS,0,1,1,0.0
LDbl,0,1,1,0.0
LDbm,1,0,1,1.0
LDlB,0,1,1,0.0
LDlN,1,0,1,1.0
LDlS,1,0,1,1.0
LDlm,2,1,3,0.67
LDln,1,0,1,1.0
LDls,0,0,0,
LDmB,1,2,3,0.33
LDmD,1,0,1,1.0
LDmH,0,1,1,0.0
LDmM,1,0,1,1.0
LDmN,2,1,3,0.67
LDmP,1,0,1,1.0
LDmS,2,0,2,1.0
LDmb,1,0,1,1.0
LDmm,1,0,1,1.0
LDmn,0,1,1,0.0
LDms,1,0,1,1.0
LDnH,1,0,1,1.0
LDnL,1,0,1,1.0
LDnM,0,1,1,0.0
LDnN,0,2,2,0.0
LDnP,1,3,4,0.25
LDnS,3,0,3,1.0
LDnb,1,0,1,1.0
LDnl,0,1,1,0.0
LDnm,1,0,1,1.0
LDnn,0,2,2,0.0
LDns,0,0,0,
LDsB,1,0,1,1.0
LDsN,2,1,3,0.67
LDsP,0,1,1,0.0
LDsS,2,1,3,0.67
LDsb,0,0,0,
LDsm,1,1,2,0.5
LDss,1,2,3,0.33
LDtP,0,1,1,0.0
LDtn,0,1,1,0.0
LHLn,0,1,1,0.0
LHLs,1,0,1,1.0
LHML,0,0,0,
LHMP,1,0,1,1.0
LHMS,1,0,1,1.0
LHMl,1,0,1,1.0
LHNn,1,0,1,1.0
LHPB,0,1,1,0.0
LHSM,1,0,1,1.0
LHSm,1,0,1,1.0
LHSn,1,0,1,1.0
LHbb,0,1,1,0.0
LHbm,0,1,1,0.0
LHhh,0,1,1,0.0
LHlN,1,0,1,1.0
LHmB,0,1,1,0.0
LHss,0,1,1,0.0
LIBB,0,1,1,0.0
LIHS,0,1,1,0.0
LIHm,1,0,1,1.0
LIMN,0,1,1,0.0
LKBB,1,0,1,1.0
LKBM,0,3,3,0.0
LKBP,1,0,1,1.0
LKBj,0,0,0,
LKBm,2,0,2,1.0
LKBn,0,1,1,0.0
LKHm,0,0,0,
LKIm,1,0,1,1.0
LKLP,1,0,1,1.0
LKLn,0,1,1,0.0
LKLs,1,0,1,1.0
LKMP,0,1,1,0.0
LKMS,1,0,1,1.0
LKMb,1,0,1,1.0
LKMm,1,0,1,1.0
LKNB,0,1,1,0.0
LKNM,1,0,1,1.0
LKNN,0,1,1,0.0
LKNP,1,0,1,1.0
LKNS,0,1,1,0.0
LKNb,0,2,2,0.0
LKNh,0,1,1,0.0
LKNm,0,1,1,0.0
LKPN,0,1,1,0.0
LKPP,1,0,1,1.0
LKPS,1,0,1,1.0
LKPb,1,0,1,1.0
LKPn,1,0,1,1.0
LKPs,0,0,0,
LKSM,0,0,0,
LKSS,0,1,1,0.0
LKSn,0,1,1,0.0
LKbN,0,2,2,0.0
LKbP,0,1,1,0.0
LKbl,1,0,1,1.0
LKbn,0,1,1,0.0
LKhP,0,1,1,0.0
LKhS,0,0,0,
LKhs,1,0,1,1.0
LKlH,0,0,0,
LKlP,0,1,1,0.0
LKlm,0,0,0,
LKmB,1,0,1,1.0
LKmD,0,1,1,0.0
LKmH,1,0,1,1.0
LKmN,1,0,1,1.0
LKmP,0,2,2,0.0
LKmS,0,0,0,
LKmb,1,0,1,1.0
LKmm,0,0,0,
LKms,0,1,1,0.0
LKnN,0,1,1,0.0
LKnP,0,1,1,0.0
LKnb,0,1,1,0.0
LKnn,0,1,1,0.0
LKns,0,0,0,
LKsH,0,1,1,0.0
LKsM,1,0,1,1.0
LKsN,0,1,1,0.0
LKsP,1,1,2,0.5
LKtb,0,1,1,0.0
LLBB,2,1,3,0.67
LLBL,0,0,0,
LLBM,0,2,2,0.0
LLBN,0,1,1,0.0
LLBP,2,1,3,0.67
LLBS,0,1,1,0.0
LLBb,1,5,6,0.17
LLBj,1,1,2,0.5
LLBl,1,2,3,0.33
LLBm,1,0,1,1.0
LLBn,2,3,5,0.4
LLBs,2,0,2,1.0
LLBt,1,0,1,1.0
LLDL,1,0,1,1.0
LLDM,0,0,0,
LLDb,0,0,0,
LLDm,1,0,1,1.0
LLDn,0,1,1,0.0
LLDs,0,0,0,
LLKB,2,0,2,1.0
LLKm,0,0,0,
LLLB,1,2,3,0.33
LLLD,1,0,1,1.0
LLLK,0,1,1,0.0
LLLN,1,0,1,1.0
LLLP,1,2,3,0.33
LLLS,1,0,1,1.0
LLLl,0,1,1,0.0
LLLs,1,0,1,1.0
LLMB,1,0,1,1.0
LLMD,0,1,1,0.0
LLML,0,1,1,0.0
LLMM,1,1,2,0.5
LLMN,1,0,1,1.0
LLMP,1,2,3,0.33
LLMb,1,0,1,1.0
LLMh,1,1,2,0.5
LLMj,0,0,0,
LLMl,2,0,2,1.0
LLMm,0,2,2,0.0
LLMn,1,0,1,1.0
LLMt,0,0,0,
LLNB,1,1,2,0.5
LLNL,1,0,1,1.0
LLNM,1,1,2,0.5
LLNN,3,2,5,0.6
LLNP,1,2,3,0.33
LLNS,0,1,1,0.0
LLNh,0,1,1,0.0
LLNm,3,1,4,0.75
LLNn,3,0,3,1.0
LLNs,1,2,3,0.33
LLPB,0,2,2,0.0
LLPD,1,0,1,1.0
LLPH,0,0,0,
LLPL,0,1,1,0.0
LLPM,0,1,1,0.0
LLPN,2,3,5,0.4
LLPP,3,2,5,0.6
LLPS,2,0,2,1.0
LLPb,2,2,4,0.5
LLPl,2,1,3,0.67
LLPm,2,0,2,1.0
LLPn,2,3,5,0.4
LLPs,1,0,1,1.0
LLPt,0,1,1,0.0
LLSB,1,1,2,0.5
LLSD,0,0,0,
LLSL,0,0,0,
LLSM,0,1,1,0.0
LLSN,1,2,3,0.33
LLSP,2,1,3,0.67
LLSS,1,0,1,1.0
LLSb,1,2,3,0.33
LLSl,0,1,1,0.0
LLSm,1,1,2,0.5
LLSn,2,0,2,1.0
LLSs,0,2,2,0.0
LLbB,1,0,1,1.0
LLbD,0,0,0,
LLbH,0,0,0,
LLbJ,0,1,1,0.0
LLbL,2,1,3,0.67
LLbM,1,0,1,1.0
LLbN,1,3,4,0.25
LLbP,1,2,3,0.33
LLbS,0,1,1,0.0
LLbb,0,1,1,0.0
LLbl,1,0,1,1.0
LLbm,5,1,6,0.83
LLbn,1,1,2,0.5
LLbs,1,1,2,0.5
LLhB,0,2,2,0.0
LLhL,1,2,3,0.33
LLhM,1,1,2,0.5
LLhN,1,0,1,1.0
LLhP,2,1,3,0.67
LLhS,0,1,1,0.0
LLhb,0,1,1,0.0
LLhh,1,3,4,0.25
LLhl,0,1,1,0.0
LLhm,2,1,3,0.67
LLhn,0,0,0,
LLjB,1,0,1,1.0
LLjI,1,0,1,1.0
LLjM,1,0,1,1.0
LLjN,0,0,0,
LLjP,1,1,2,0.5
LLjl,1,0,1,1.0
LLjn,0,2,2,0.0
LLjs,2,0,2,1.0
LLlB,0,2,2,0.0
LLlI,0,1,1,0.0
LLlM,1,0,1,1.0
LLlN,1,0,1,1.0
LLlP,1,2,3,0.33
LLlS,0,0,0,
LLll,1,0,1,1.0
LLlm,0,1,1,0.0
LLln,1,0,1,1.0
LLmB,6,2,8,0.75
LLmD,3,0,3,1.0
LLmH,1,4,5,0.2
LLmI,0,1,1,0.0
LLmJ,1,0,1,1.0
LLmM,1,3,4,0.25
LLmN,2,1,3,0.67
LLmP,0,2,2,0.0
LLmS,1,0,1,1.0
LLmb,3,0,3,1.0
LLml,2,1,3,0.67
LLmm,2,0,2,1.0
LLmn,0,2,2,0.0
LLms,1,2,3,0.33
LLnB,2,1,3,0.67
LLnD,0,1,1,0.0
LLnH,0,1,1,0.0
LLnL,1,1,2,0.5
LLnM,3,5,8,0.38
LLnN,1,3,4,0.25
LLnP,4,2,6,0.67
LLnS,1,3,4,0.25
LLnb,2,0,2,1.0
LLnl,0,1,1,0.0
LLnm,1,1,2,0.5
LLnn,2,3,5,0.4
LLns,2,1,3,0.67
LLsB,1,0,1,1.0
LLsH,1,0,1,1.0
LLsM,1,1,2,0.5
LLsP,1,2,3,0.33
LLsS,1,2,3,0.33
LLsb,1,0,1,1.0
LLsh,0,1,1,0.0
LLsm,0,1,1,0.0
LLsn,0,0,0,
LLss,1,1,2,0.5
LMBB,7,3,10,0.7
LMBD,3,0,3,1.0
LMBL,1,2,3,0.33
LMBM,2,6,8,0.25
LMBN,6,7,13,0.46
LMBP,7,1,8,0.88
LMBS,4,3,7,0.57
LMBb,6,3,9,0.67
LMBh,0,0,0,
LMBj,0,2,2,0.0
LMBl,0,2,2,0.0
LMBm,2,5,7,0.29
LMBn,5,7,12,0.42
LMBs,1,3,4,0.25
LMBt,1,1,2,0.5
LMDD,0,1,1,0.0
LMDP,1,0,1,1.0
LMDS,0,0,0,
LMDm,2,2,4,0.5
LMDn,0,1,1,0.0
LMDt,0,0,0,
LMKM,0,1,1,0.0
LMKN,0,0,0,
LMKP,1,0,1,1.0
LMKS,0,0,0,
LMLB,0,1,1,0.0
LMLD,2,0,2,1.0
LMLM,1,0,1,1.0
LMLN,1,1,2,0.5
LMLP,2,3,5,0.4
LMLS,0,2,2,0.0
LMLb,1,5,6,0.17
LMLh,1,0,1,1.0
LMLl,1,0,1,1.0
LMLm,0,2,2,0.0
LMLn,2,1,3,0.67
LMLs,1,0,1,1.0
LMLt,1,0,1,1.0
LMMB,3,3,6,0.5
LMMD,0,1,1,0.0
LMMH,0,1,1,0.0
LMMM,2,6,8,0.25
LMMN,3,2,5,0.6
LMMP,3,6,9,0.33
LMMS,1,2,3,0.33
LMMb,4,0,4,1.0
LMMh,0,3,3,0.0
LMMj,2,1,3,0.67
LMMl,0,1,1,0.0
LMMm,7,5,12,0.58
LMMn,5,4,9,0.56
LMMs,3,2,5,0.6
LMNB,2,4,6,0.33
LMND,1,0,1,1.0
LMNH,0,1,1,0.0
LMNK,1,0,1,1.0
LMNL,2,0,2,1.0
LMNM,2,5,7,0.29
LMNN,2,4,6,0.33
LMNP,3,5,8,0.38
LMNS,0,2,2,0.0
LMNb,0,4,4,0.0
LMNh,1,0,1,1.0
LMNl,1,1,2,0.5
LMNm,3,3,6,0.5
LMNn,2,4,6,0.33
LMNs,2,1,3,0.67
LMPB,4,3,7,0.57
LMPH,2,2,4,0.5
LMPI,3,0,3,1.0
LMPK,0,1,1,0.0
LMPL,2,2,4,0.5
LMPM,5,3,8,0.62
LMPN,3,3,6,0.5
LMPP,7,6,13,0.54
LMPS,2,4,6,0.33
LMPb,4,3,7,0.57
LMPh,1,1,2,0.5
LMPl,1,4,5,0.2
LMPm,9,3,12,0.75
LMPn,6,6,12,0.5
LMPs,2,6,8,0.25
LMPt,0,2,2,0.0
LMSD,1,0,1,1.0
LMSH,1,1,2,0.5
LMSI,1,0,1,1.0
LMSL,0,1,1,0.0
LMSM,3,1,4,0.75
LMSN,2,1,3,0.67
LMSP,2,2,4,0.5
LMSS,4,3,7,0.57
LMSb,2,0,2,1.0
LMSh,1,0,1,1.0
LMSl,3,0,3,1.0
LMSm,1,0,1,1.0
LMSn,2,4,6,0.33
LMSs,0,3,3,0.0
LMSt,1,0,1,1.0
LMbB,7,1,8,0.88
LMbD,1,0,1,1.0
LMbH,0,2,2,0.0
LMbJ,0,1,1,0.0
LMbK,2,0,2,1.0
LMbL,1,2,3,0.33
LMbM,2,2,4,0.5
LMbN,7,7,14,0.5
LMbP,7,3,10,0.7
LMbS,2,4,6,0.33
LMbb,3,3,6,0.5
LMbl,2,1,3,0.67
LMbm,4,6,10,0.4
LMbn,1,4,5,0.2
LMbs,1,2,3,0.33
LMhB,2,2,4,0.5
LMhH,0,1,1,0.0
LMhK,1,0,1,1.0
LMhL,3,0,3,1.0
LMhM,3,3,6,0.5
LMhN,2,2,4,0.5
LMhP,4,3,7,0.57
LMhS,0,0,0,
LMhb,4,3,7,0.57
LMhh,2,5,7,0.29
LMhm,6,4,10,0.6
LMhn,0,2,2,0.0
LMhs,3,3,6,0.5
LMht,0,1,1,0.0
LMjB,0,2,2,0.0
LMjL,0,0,0,
LMjM,1,2,3,0.33
LMjN,0,0,0,
LMjP,0,2,2,0.0
LMjS,0,0,0,
LMjb,2,0,2,1.0
LMjl,1,0,1,1.0
LMjm,0,0,0,
LMjn,0,0,0,
LMlB,2,0,2,1.0
LMlH,1,1,2,0.5
LMlI,0,0,0,
LMlJ,0,0,0,
LMlM,3,1,4,0.75
LMlN,2,2,4,0.5
LMlP,2,1,3,0.67
LMlS,2,1,3,0.67
LMll,1,1,2,0.5
LMlm,0,1,1,0.0
LMln,1,3,4,0.25
LMls,1,0,1,1.0
LMmB,3,2,5,0.6
LMmD,1,4,5,0.2
LMmH,2,3,5,0.4
LMmI,1,0,1,1.0
LMmJ,1,0,1,1.0
LMmL,1,2,3,0.33
LMmM,3,6,9,0.33
LMmN,5,1,6,0.83
LMmP,7,5,12,0.58
LMmS,5,4,9,0.56
LMmb,1,3,4,0.25
LMml,1,1,2,0.5
LMmm,6,6,12,0.5
LMmn,7,2,9,0.78
LMms,0,3,3,0.0
LMnB,7,2,9,0.78
LMnD,1,3,4,0.25
LMnH,2,3,5,0.4
LMnI,0,2,2,0.0
LMnK,0,1,1,0.0
LMnL,3,1,4,0.75
LMnM,1,6,7,0.14
LMnN,7,7,14,0.5
LMnP,6,6,12,0.5
LMnS,1,3,4,0.25
LMnb,2,2,4,0.5
LMnl,1,1,2,0.5
LMnm,7,4,11,0.64
LMnn,8,4,12,0.67
LMns,5,1,6,0.83
LMsB,5,0,5,1.0
LMsD,0,1,1,0.0
LMsH,1,3,4,0.25
LMsI,0,1,1,0.0
LMsK,0,1,1,0.0
LMsL,0,1,1,0.0
LMsM,3,2,5,0.6
LMsN,4,5,9,0.44
LMsP,0,4,4,0.0
LMsS,1,3,4,0.25
LMsb,2,0,2,1.0
LMsh,0,1,1,0.0
LMsm,1,2,3,0.33
LMsn,2,1,3,0.67
LMss,2,4,6,0.33
LMtB,1,0,1,1.0
LMtN,1,0,1,1.0
LMtP,0,2,2,0.0
LMtS,0,1,1,0.0
LMtb,1,1,2,0.5
LMth,1,0,1,1.0
LMtn,1,0,1,1.0
LNBB,5,0,5,1.0
LNBL,1,2,3,0.33
LNBM,4,2,6,0.67
LNBN,4,4,8,0.5
LNBP,3,5,8,0.38
LNBS,1,3,4,0.25
LNBb,4,5,9,0.44
LNBh,1,0,1,1.0
LNBj,3,0,3,1.0
LNBl,1,2,3,0.33
LNBm,3,2,5,0.6
LNBn,8,7,15,0.53
LNBs,2,2,4,0.5
LNDB,0,0,0,
LNDD,0,0,0,
LNDH,0,1,1,0.0
LNDM,1,1,2,0.5
LNDP,2,1,3,0.67
LNDS,0,1,1,0.0
LNDl,0,1,1,0.0
LNDm,2,1,3,0.67
LNDn,0,2,2,0.0
LNDs,0,0,0,
LNDt,1,0,1,1.0
LNHB,1,0,1,1.0
LNHL,0,1,1,0.0
LNHN,0,2,2,0.0
LNHP,1,2,3,0.33
LNHb,1,1,2,0.5
LNHl,1,0,1,1.0
LNHm,0,0,0,
LNHn,1,1,2,0.5
LNKB,1,1,2,0.5
LNKM,0,1,1,0.0
LNKN,1,0,1,1.0
LNKS,0,1,1,0.0
LNKh,0,0,0,
LNKn,1,0,1,1.0
LNKs,2,0,2,1.0
LNLB,3,0,3,1.0
LNLL,1,0,1,1.0
LNLM,2,3,5,0.4
LNLN,1,1,2,0.5
LNLP,3,1,4,0.75
LNLS,0,2,2,0.0
LNLb,0,1,1,0.0
LNLl,0,2,2,0.0
LNLm,1,0,1,1.0
LNLn,4,4,8,0.5
LNLs,3,0,3,1.0
LNMB,4,3,7,0.57
LNMD,0,1,1,0.0
LNML,1,1,2,0.5
LNMM,2,6,8,0.25
LNMN,4,1,5,0.8
LNMP,2,4,6,0.33
LNMS,4,1,5,0.8
LNMb,5,1,6,0.83
LNMh,0,4,4,0.0
LNMj,0,0,0,
LNMl,0,1,1,0.0
LNMm,3,4,7,0.43
LNMn,7,4,11,0.64
LNMs,0,1,1,0.0
LNNB,3,4,7,0.43
LNND,1,0,1,1.0
LNNH,1,0,1,1.0
LNNK,0,0,0,
LNNL,4,1,5,0.8
LNNM,0,7,7,0.0
LNNN,7,6,13,0.54
LNNP,7,4,11,0.64
LNNS,6,1,7,0.86
LNNb,2,4,6,0.33
LNNh,1,2,3,0.33
LNNl,2,5,7,0.29
LNNm,4,1,5,0.8
LNNn,9,5,14,0.64
LNNs,1,4,5,0.2
LNPB,5,1,6,0.83
LNPD,1,1,2,0.5
LNPH,0,1,1,0.0
LNPI,0,1,1,0.0
LNPK,0,1,1,0.0
LNPL,3,1,4,0.75
LNPM,4,3,7,0.57
LNPN,8,4,12,0.67
LNPP,4,10,14,0.29
LNPS,0,7,7,0.0
LNPb,1,5,6,0.17
LNPl,5,2,7,0.71
LNPm,6,7,13,0.46
LNPn,5,4,9,0.56
LNPs,2,8,10,0.2
LNPt,1,0,1,1.0
LNSB,3,1,4,0.75
LNSD,1,0,1,1.0
LNSL,3,1,4,0.75
LNSM,0,2,2,0.0
LNSN,5,3,8,0.62
LNSP,3,6,9,0.33
LNSS,3,1,4,0.75
LNSb,2,0,2,1.0
LNSh,2,0,2,1.0
LNSl,0,1,1,0.0
LNSm,5,2,7,0.71
LNSn,1,2,3,0.33
LNSs,2,1,3,0.67
LNSt,0,1,1,0.0
LNbB,2,1,3,0.67
LNbI,0,1,1,0.0
LNbJ,0,0,0,
LNbL,2,2,4,0.5
LNbM,3,3,6,0.5
LNbN,4,6,10,0.4
LNbP,4,5,9,0.44
LNbS,2,1,3,0.67
LNbb,3,5,8,0.38
LNbl,1,0,1,1.0
LNbm,1,1,2,0.5
LNbn,4,3,7,0.57
LNbs,2,2,4,0.5
LNhB,0,1,1,0.0
LNhD,1,0,1,1.0
LNhH,0,1,1,0.0
LNhI,0,0,0,
LNhN,1,1,2,0.5
LNhP,4,2,6,0.67
LNhS,2,1,3,0.67
LNhb,0,1,1,0.0
LNhh,3,1,4,0.75
LNhl,0,2,2,0.0
LNhm,0,2,2,0.0
LNhn,1,2,3,0.33
LNhs,1,1,2,0.5
LNlB,4,0,4,1.0
LNlH,1,0,1,1.0
LNlI,0,1,1,0.0
LNlL,0,2,2,0.0
LNlM,2,3,5,0.4
LNlN,1,4,5,0.2
LNlP,0,1,1,0.0
LNlS,2,2,4,0.5
LNlb,1,0,1,1.0
LNll,1,0,1,1.0
LNls,2,1,3,0.67
LNmB,2,4,6,0.33
LNmD,0,1,1,0.0
LNmH,3,1,4,0.75
LNmI,1,0,1,1.0
LNmJ,0,1,1,0.0
LNmL,2,1,3,0.67
LNmM,2,5,7,0.29
LNmN,6,4,10,0.6
LNmP,9,3,12,0.75
LNmS,1,2,3,0.33
LNmb,2,4,6,0.33
LNmm,5,3,8,0.62
LNmn,2,4,6,0.33
LNms,3,0,3,1.0
LNnB,6,2,8,0.75
LNnD,0,2,2,0.0
LNnH,2,3,5,0.4
LNnI,0,1,1,0.0
LNnL,3,2,5,0.6
LNnM,8,1,9,0.89
LNnN,4,6,10,0.4
LNnP,4,8,12,0.33
LNnS,1,6,7,0.14
LNnb,3,4,7,0.43
LNnl,5,4,9,0.56
LNnm,5,4,9,0.56
LNnn,4,5,9,0.44
LNns,1,3,4,0.25
LNsB,2,1,3,0.67
LNsD,1,0,1,1.0
LNsH,1,7,8,0.12
LNsL,1,3,4,0.25
LNsM,2,4,6,0.33
LNsN,4,5,9,0.44
LNsP,1,6,7,0.14
LNsS,0,0,0,
LNsb,2,2,4,0.5
LNsl,2,2,4,0.5
LNsm,3,3,6,0.5
LNsn,2,0,2,1.0
LNss,4,1,5,0.8
LNtM,1,0,1,1.0
LNtN,1,2,3,0.33
LNtP,1,2,3,0.33
LNtS,0,0,0,
LNtl,1,0,1,1.0
LNtm,1,1,2,0.5
LNts,1,1,2,0.5
LPBB,2,3,5,0.4
LPBK,1,0,1,1.0
LPBL,2,1,3,0.67
LPBM,5,3,8,0.62
LPBN,4,6,10,0.4
LPBP,5,3,8,0.62
LPBS,2,2,4,0.5
LPBb,4,2,6,0.67
LPBh,0,1,1,0.0
LPBj,4,2,6,0.67
LPBl,1,1,2,0.5
LPBm,2,6,8,0.25
LPBn,7,2,9,0.78
LPBs,1,1,2,0.5
LPBt,2,0,2,1.0
LPDB,0,1,1,0.0
LPDD,1,1,2,0.5
LPDM,1,0,1,1.0
LPDN,2,0,2,1.0
LPDP,0,3,3,0.0
LPDb,1,0,1,1.0
LPDm,0,1,1,0.0
LPDt,0,0,0,
LPHB,1,0,1,1.0
LPHD,0,1,1,0.0
LPHI,0,0,0,
LPHM,0,2,2,0.0
LPHN,2,2,4,0.5
LPHP,1,2,3,0.33
LPHS,1,2,3,0.33
LPHh,0,2,2,0.0
LPHl,1,0,1,1.0
LPHm,0,2,2,0.0
LPHn,0,1,1,0.0
LPHs,4,0,4,1.0
LPHt,0,1,1,0.0
LPIB,1,0,1,1.0
LPIM,1,1,2,0.5
LPIN,1,2,3,0.33
LPIS,1,1,2,0.5
LPIb,0,1,1,0.0
LPIm,0,1,1,0.0
LPIn,0,1,1,0.0
LPIs,2,0,2,1.0
LPKB,0,1,1,0.0
LPKM,0,1,1,0.0
LPKN,0,1,1,0.0
LPKP,1,0,1,1.0
LPKb,0,1,1,0.0
LPKh,0,0,0,
LPKm,2,0,2,1.0
LPKs,1,0,1,1.0
LPLB,1,2,3,0.33
LPLL,0,1,1,0.0
LPLM,0,3,3,0.0
LPLN,2,4,6,0.33
LPLP,3,2,5,0.6
LPLS,2,3,5,0.4
LPLb,2,4,6,0.33
LPLh,2,1,3,0.67
LPLj,1,0,1,1.0
LPLl,0,0,0,
LPLm,2,2,4,0.5
LPLn,0,3,3,0.0
LPLs,1,5,6,0.17
LPMB,2,3,5,0.4
LPMD,0,1,1,0.0
LPML,2,2,4,0.5
LPMM,4,5,9,0.44
LPMN,5,4,9,0.56
LPMP,6,5,11,0.55
LPMS,1,2,3,0.33
LPMb,6,5,11,0.55
LPMh,4,2,6,0.67
LPMj,1,1,2,0.5
LPMl,7,4,11,0.64
LPMm,5,5,10,0.5
LPMn,2,4,6,0.33
LPMs,6,3,9,0.67
LPMt,1,0,1,1.0
LPNB,5,4,9,0.56
LPND,1,0,1,1.0
LPNH,2,1,3,0.67
LPNK,0,1,1,0.0
LPNL,4,1,5,0.8
LPNM,5,8,13,0.38
LPNN,4,4,8,0.5
LPNP,11,7,18,0.61
LPNS,4,3,7,0.57
LPNb,5,2,7,0.71
LPNh,2,0,2,1.0
LPNl,2,1,3,0.67
LPNm,6,10,16,0.38
LPNn,10,10,20,0.5
LPNs,3,1,4,0.75
LPNt,2,0,2,1.0
LPPB,1,8,9,0.11
LPPD,1,1,2,0.5
LPPI,1,0,1,1.0
LPPK,2,1,3,0.67
LPPL,5,2,7,0.71
LPPM,11,13,24,0.46
LPPN,6,9,15,0.4
LPPP,14,14,28,0.5
LPPS,3,7,10,0.3
LPPb,9,4,13,0.69
LPPh,1,2,3,0.33
LPPl,4,7,11,0.36
LPPm,8,9,17,0.47
LPPn,3,9,12,0.25
LPPs,8,8,16,0.5
LPPt,2,1,3,0.67
LPSB,8,1,9,0.89
LPSH,1,2,3,0.33
LPSL,3,1,4,0.75
LPSM,4,3,7,0.57
LPSN,4,2,6,0.67
LPSP,8,2,10,0.8
LPSS,3,7,10,0.3
LPSb,1,4,5,0.2
LPSh,2,1,3,0.67
LPSl,1,1,2,0.5
LPSm,2,1,3,0.67
LPSn,2,6,8,0.25
LPSs,4,2,6,0.67
LPSt,0,2,2,0.0
LPbB,5,4,9,0.56
LPbD,0,2,2,0.0
LPbH,1,3,4,0.25
LPbI,1,0,1,1.0
LPbJ,1,0,1,1.0
LPbK,0,1,1,0.0
LPbL,0,1,1,0.0
LPbM,4,6,10,0.4
LPbN,5,3,8,0.62
LPbP,4,3,7,0.57
LPbS,5,2,7,0.71
LPbb,4,8,12,0.33
LPbl,0,3,3,0.0
LPbm,5,5,10,0.5
LPbn,5,6,11,0.45
LPbs,2,5,7,0.29
LPhB,0,1,1,0.0
LPhH,0,1,1,0.0
LPhL,0,1,1,0.0
LPhM,0,2,2,0.0
LPhS,0,2,2,0.0
LPhb,0,2,2,0.0
LPhh,0,0,0,
LPhl,0,1,1,0.0
LPhm,0,0,0,
LPhn,2,2,4,0.5
LPlB,4,0,4,1.0
LPlD,0,1,1,0.0
LPlH,4,1,5,0.8
LPlI,0,1,1,0.0
LPlL,3,1,4,0.75
LPlM,1,3,4,0.25
LPlN,1,6,7,0.14
LPlP,4,2,6,0.67
LPlS,2,4,6,0.33
LPlb,0,1,1,0.0
LPll,1,1,2,0.5
LPlm,3,1,4,0.75
LPln,4,2,6,0.67
LPls,3,3,6,0.5
LPmB,7,8,15,0.47
LPmD,0,2,2,0.0
LPmH,4,3,7,0.57
LPmJ,1,1,2,0.5
LPmL,4,2,6,0.67
LPmM,7,4,11,0.64
LPmN,5,8,13,0.38
LPmP,10,7,17,0.59
LPmS,7,3,10,0.7
LPmb,4,4,8,0.5
LPml,0,2,2,0.0
LPmm,8,4,12,0.67
LPmn,5,5,10,0.5
LPms,5,1,6,0.83
LPnB,5,4,9,0.56
LPnD,1,0,1,1.0
LPnH,2,2,4,0.5
LPnI,2,1,3,0.67
LPnK,2,0,2,1.0
LPnL,2,2,4,0.5
LPnM,6,2,8,0.75
LPnN,8,3,11,0.73
LPnP,5,10,15,0.33
LPnS,3,0,3,1.0
LPnb,5,3,8,0.62
LPnh,0,1,1,0.0
LPnl,1,0,1,1.0
LPnm,8,5,13,0.62
LPnn,4,4,8,0.5
LPns,3,5,8,0.38
LPsB,2,3,5,0.4
LPsD,4,1,5,0.8
LPsH,2,2,4,0.5
LPsI,1,0,1,1.0
LPsL,1,1,2,0.5
LPsM,1,4,5,0.2
LPsN,3,7,10,0.3
LPsP,6,9,15,0.4
LPsS,1,4,5,0.2
LPsb,1,1,2,0.5
LPsh,0,1,1,0.0
LPsl,2,3,5,0.4
LPsm,2,2,4,0.5
LPsn,3,1,4,0.75
LPss,2,5,7,0.29
LPtB,2,0,2,1.0
LPtD,0,1,1,0.0
LPtH,1,1,2,0.5
LPtN,0,0,0,
LPtS,0,1,1,0.0
LPtm,0,1,1,0.0
LPtn,0,2,2,0.0
LPts,1,1,2,0.5
LSBB,1,7,8,0.12
LSBD,1,0,1,1.0
LSBK,1,0,1,1.0
LSBM,1,3,4,0.25
LSBN,2,4,6,0.33
LSBP,5,4,9,0.56
LSBS,2,0,2,1.0
LSBb,3,1,4,0.75
LSBl,1,0,1,1.0
LSBm,2,1,3,0.67
LSBn,3,4,7,0.43
LSBs,2,1,3,0.67
LSDD,0,1,1,0.0
LSDH,1,0,1,1.0
LSDL,0,1,1,0.0
LSDM,1,2,3,0.33
LSDN,2,1,3,0.67
LSDP,1,1,2,0.5
LSDS,0,1,1,0.0
LSDb,0,1,1,0.0
LSDm,1,1,2,0.5
LSDn,1,0,1,1.0
LSHB,0,2,2,0.0
LSHM,1,0,1,1.0
LSHN,1,1,2,0.5
LSHP,2,2,4,0.5
LSHS,5,0,5,1.0
LSHb,2,1,3,0.67
LSHl,0,1,1,0.0
LSHn,1,0,1,1.0
LSHs,2,0,2,1.0
LSID,0,0,0,
LSIP,0,0,0,
LSIS,1,0,1,1.0
LSIt,0,2,2,0.0
LSKM,0,0,0,
LSKl,1,0,1,1.0
LSKs,0,1,1,0.0
LSLB,1,2,3,0.33
LSLL,0,1,1,0.0
LSLM,1,1,2,0.5
LSLN,0,1,1,0.0
LSLP,1,1,2,0.5
LSLS,2,0,2,1.0
LSLb,3,1,4,0.75
LSLl,1,1,2,0.5
LSLm,3,2,5,0.6
LSLn,1,1,2,0.5
LSLs,0,1,1,0.0
LSMB,1,0,1,1.0
LSML,0,1,1,0.0
LSMM,0,4,4,0.0
LSMN,1,1,2,0.5
LSMP,2,1,3,0.67
LSMS,2,0,2,1.0
LSMb,2,3,5,0.4
LSMh,1,1,2,0.5
LSMl,3,3,6,0.5
LSMm,5,2,7,0.71
LSMn,3,3,6,0.5
LSMs,0,2,2,0.0
LSMt,1,0,1,1.0
LSNB,3,4,7,0.43
LSNH,1,0,1,1.0
LSNK,1,0,1,1.0
LSNM,3,1,4,0.75
LSNN,3,2,5,0.6
LSNP,3,1,4,0.75
LSNS,0,3,3,0.0
LSNb,3,1,4,0.75
LSNh,0,0,0,
LSNl,1,1,2,0.5
LSNm,2,1,3,0.67
LSNn,1,1,2,0.5
LSNs,3,0,3,1.0
LSNt,0,1,1,0.0
LSPB,1,1,2,0.5
LSPH,1,0,1,1.0
LSPI,0,1,1,0.0
LSPK,0,2,2,0.0
LSPL,2,1,3,0.67
LSPM,10,7,17,0.59
LSPN,3,3,6,0.5
LSPP,4,2,6,0.67
LSPS,3,2,5,0.6
LSPb,3,1,4,0.75
LSPh,1,0,1,1.0
LSPl,1,4,5,0.2
LSPm,1,0,1,1.0
LSPn,4,1,5,0.8
LSPs,1,4,5,0.2
LSSB,2,1,3,0.67
LSSD,1,0,1,1.0
LSSH,0,1,1,0.0
LSSL,2,0,2,1.0
LSSM,4,4,8,0.5
LSSN,1,4,5,0.2
LSSP,1,2,3,0.33
LSSS,1,6,7,0.14
LSSb,3,0,3,1.0
LSSh,1,0,1,1.0
LSSl,0,1,1,0.0
LSSm,5,5,10,0.5
LSSn,4,0,4,1.0
LSSs,5,4,9,0.56
LSSt,2,0,2,1.0
LSbB,1,4,5,0.2
LSbH,1,0,1,1.0
LSbJ,1,3,4,0.25
LSbK,1,0,1,1.0
LSbL,0,0,0,
LSbM,3,2,5,0.6
LSbN,1,0,1,1.0
LSbP,1,2,3,0.33
LSbS,1,0,1,1.0
LSbb,1,1,2,0.5
LSbl,3,0,3,1.0
LSbm,4,3,7,0.57
LSbn,1,3,4,0.25
LSbs,3,0,3,1.0
LShB,0,1,1,0.0
LShH,0,0,0,
LShL,1,0,1,1.0
LShM,2,0,2,1.0
LShN,0,0,0,
LShP,2,3,5,0.4
LShS,2,1,3,0.67
LShl,0,2,2,0.0
LShm,1,3,4,0.25
LShn,2,1,3,0.67
LSht,1,0,1,1.0
LSlB,2,0,2,1.0
LSlH,1,0,1,1.0
LSlJ,1,0,1,1.0
LSlL,2,1,3,0.67
LSlM,3,4,7,0.43
LSlN,1,0,1,1.0
LSlP,4,2,6,0.67
LSlS,0,4,4,0.0
LSlm,1,0,1,1.0
LSln,1,0,1,1.0
LSls,0,2,2,0.0
LSmB,1,2,3,0.33
LSmD,4,0,4,1.0
LSmH,1,2,3,0.33
LSmJ,1,2,3,0.33
LSmL,3,1,4,0.75
LSmM,1,5,6,0.17
LSmN,6,4,10,0.6
LSmP,3,1,4,0.75
LSmS,3,1,4,0.75
LSmb,4,1,5,0.8
LSml,1,1,2,0.5
LSmm,6,5,11,0.55
LSmn,1,7,8,0.12
LSms,1,2,3,0.33
LSnB,3,4,7,0.43
LSnD,1,1,2,0.5
LSnH,2,0,2,1.0
LSnL,2,1,3,0.67
LSnM,0,4,4,0.0
LSnN,0,3,3,0.0
LSnP,4,4,8,0.5
LSnS,0,3,3,0.0
LSnb,1,1,2,0.5
LSnl,0,0,0,
LSnm,1,5,6,0.17
LSnn,1,2,3,0.33
LSns,1,1,2,0.5
LSsB,0,1,1,0.0
LSsD,0,0,0,
LSsH,2,0,2,1.0
LSsI,0,1,1,0.0
LSsL,1,0,1,1.0
LSsM,2,3,5,0.4
LSsN,2,1,3,0.67
LSsP,3,4,7,0.43
LSsS,2,7,9,0.22
LSsb,2,2,4,0.5
LSsl,2,1,3,0.67
LSsm,5,5,10,0.5
LSsn,2,1,3,0.67
LSss,1,6,7,0.14
LSst,0,1,1,0.0
LStB,0,2,2,0.0
LStD,1,0,1,1.0
LStH,0,1,1,0.0
LStL,1,0,1,1.0
LStM,3,0,3,1.0
LStP,1,0,1,1.0
LStS,1,0,1,1.0
LStm,0,1,1,0.0
LStn,0,2,2,0.0
LSts,1,0,1,1.0
LbBB,2,4,6,0.33
LbBK,0,1,1,0.0
LbBL,2,1,3,0.67
LbBM,1,1,2,0.5
LbBN,6,7,13,0.46
LbBP,4,3,7,0.57
LbBS,2,5,7,0.29
LbBb,2,3,5,0.4
LbBh,2,0,2,1.0
LbBj,1,2,3,0.33
LbBl,1,1,2,0.5
LbBm,5,2,7,0.71
LbBn,2,8,10,0.2
LbBs,1,1,2,0.5
LbDM,0,2,2,0.0
LbDP,1,1,2,0.5
LbDb,0,1,1,0.0
LbDm,1,0,1,1.0
LbHB,1,1,2,0.5
LbHM,1,0,1,1.0
LbHN,0,1,1,0.0
LbHP,0,3,3,0.0
LbHh,2,0,2,1.0
LbHl,1,0,1,1.0
LbHm,0,1,1,0.0
LbHs,0,1,1,0.0
LbIB,0,0,0,
LbIH,1,0,1,1.0
LbIP,1,0,1,1.0
LbIS,0,1,1,0.0
LbIb,0,2,2,0.0
LbIn,0,1,1,0.0
LbJB,1,2,3,0.33
LbJH,2,1,3,0.67
LbJL,0,1,1,0.0
LbJM,1,0,1,1.0
LbJN,3,3,6,0.5
LbJP,2,2,4,0.5
LbJb,1,1,2,0.5
LbJh,0,1,1,0.0
LbJm,0,1,1,0.0
LbJs,1,1,2,0.5
LbKB,0,1,1,0.0
LbKM,0,1,1,0.0
LbKN,0,1,1,0.0
LbKP,1,0,1,1.0
LbKS,0,1,1,0.0
LbKb,1,2,3,0.33
LbKl,0,0,0,
LbKm,0,1,1,0.0
LbKn,0,1,1,0.0
LbKs,0,1,1,0.0
LbLB,1,2,3,0.33
LbLD,0,1,1,0.0
LbLL,1,0,1,1.0
LbLM,2,0,2,1.0
LbLN,0,0,0,
LbLP,1,0,1,1.0
LbLS,0,1,1,0.0
LbLb,4,2,6,0.67
LbLh,1,2,3,0.33
LbLm,2,2,4,0.5
LbLn,4,3,7,0.57
LbLs,0,0,0,
LbMB,3,1,4,0.75
LbMD,1,1,2,0.5
LbML,1,1,2,0.5
LbMM,2,3,5,0.4
LbMN,0,1,1,0.0
LbMP,1,1,2,0.5
LbMS,2,2,4,0.5
LbMb,1,4,5,0.2
LbMh,2,0,2,1.0
LbMj,0,2,2,0.0
LbMl,2,0,2,1.0
LbMm,6,0,6,1.0
LbMn,6,6,12,0.5
LbMs,2,0,2,1.0
LbMt,1,0,1,1.0
LbNB,5,4,9,0.56
LbNH,1,0,1,1.0
LbNL,0,3,3,0.0
LbNM,3,4,7,0.43
LbNN,4,7,11,0.36
LbNP,10,7,17,0.59
LbNS,4,2,6,0.67
LbNb,6,4,10,0.6
LbNh,1,1,2,0.5
LbNl,2,1,3,0.67
LbNm,4,1,5,0.8
LbNn,8,4,12,0.67
LbNs,5,3,8,0.62
LbNt,1,0,1,1.0
LbPB,4,3,7,0.57
LbPD,0,0,0,
LbPH,1,2,3,0.33
LbPK,0,1,1,0.0
LbPL,2,1,3,0.67
LbPM,2,4,6,0.33
LbPN,5,1,6,0.83
LbPP,8,9,17,0.47
LbPS,5,0,5,1.0
LbPb,1,6,7,0.14
LbPh,1,0,1,1.0
LbPl,3,2,5,0.6
LbPm,2,2,4,0.5
LbPn,4,4,8,0.5
LbPs,3,1,4,0.75
LbPt,1,1,2,0.5
LbSB,1,0,1,1.0
LbSD,2,0,2,1.0
LbSI,1,0,1,1.0
LbSL,2,0,2,1.0
LbSM,0,3,3,0.0
LbSN,0,4,4,0.0
LbSP,2,1,3,0.67
LbSS,1,3,4,0.25
LbSb,1,2,3,0.33
LbSh,2,0,2,1.0
LbSm,5,2,7,0.71
LbSn,0,1,1,0.0
LbSs,2,2,4,0.5
LbbB,7,4,11,0.64
LbbH,1,1,2,0.5
LbbL,3,0,3,1.0
LbbM,1,7,8,0.12
LbbN,5,4,9,0.56
LbbP,8,5,13,0.62
LbbS,2,1,3,0.67
Lbbb,1,3,4,0.25
Lbbl,1,0,1,1.0
Lbbm,3,1,4,0.75
Lbbn,6,4,10,0.6
Lbbs,2,0,2,1.0
LblB,0,2,2,0.0
LblD,0,1,1,0.0
LblH,0,2,2,0.0
LblL,0,1,1,0.0
LblM,1,2,3,0.33
LblN,4,2,6,0.67
LblP,2,0,2,1.0
LblS,0,1,1,0.0
Lblm,2,1,3,0.67
Lbls,0,1,1,0.0
LbmB,2,1,3,0.67
LbmD,1,1,2,0.5
LbmH,0,1,1,0.0
LbmI,1,0,1,1.0
LbmL,0,0,0,
LbmM,2,5,7,0.29
LbmN,8,4,12,0.67
LbmP,3,4,7,0.43
LbmS,0,0,0,
Lbmb,3,5,8,0.38
Lbml,3,0,3,1.0
Lbmm,3,1,4,0.75
Lbmn,6,4,10,0.6
Lbms,1,4,5,0.2
LbnB,0,3,3,0.0
LbnD,1,0,1,1.0
LbnH,0,1,1,0.0
LbnI,0,1,1,0.0
LbnK,0,0,0,
LbnL,1,1,2,0.5
LbnM,1,1,2,0.5
LbnN,5,4,9,0.56
LbnP,5,4,9,0.56
LbnS,1,1,2,0.5
Lbnb,4,1,5,0.8
Lbnm,6,2,8,0.75
Lbnn,9,3,12,0.75
Lbns,2,3,5,0.4
LbsB,0,0,0,
LbsH,2,2,4,0.5
LbsI,1,1,2,0.5
LbsL,1,1,2,0.5
LbsM,1,3,4,0.25
LbsN,2,1,3,0.67
LbsP,2,5,7,0.29
LbsS,2,1,3,0.67
Lbsb,1,3,4,0.25
Lbsh,0,1,1,0.0
Lbsl,0,1,1,0.0
Lbsm,2,4,6,0.33
Lbsn,0,0,0,
Lbss,0,5,5,0.0
LhBB,1,1,2,0.5
LhBM,2,2,4,0.5
LhBN,1,0,1,1.0
LhBP,0,3,3,0.0
LhBS,1,0,1,1.0
LhBb,1,1,2,0.5
LhBj,0,0,0,
LhBl,1,2,3,0.33
LhBm,0,2,2,0.0
LhBn,2,1,3,0.67
LhBs,2,1,3,0.67
LhBt,1,0,1,1.0
LhDM,1,1,2,0.5
LhDN,0,2,2,0.0
LhDP,0,2,2,0.0
LhDm,1,0,1,1.0
LhDn,0,1,1,0.0
LhHM,1,0,1,1.0
LhHS,1,0,1,1.0
LhHb,1,0,1,1.0
LhHl,0,0,0,
LhHm,0,1,1,0.0
LhHn,0,1,1,0.0
LhHs,1,0,1,1.0
LhID,1,0,1,1.0
LhIL,0,1,1,0.0
LhIP,1,0,1,1.0
LhLB,0,1,1,0.0
LhLM,1,1,2,0.5
LhLN,0,0,0,
LhLP,0,0,0,
LhLS,1,0,1,1.0
LhLb,0,2,2,0.0
LhLh,0,1,1,0.0
LhLm,0,3,3,0.0
LhLn,1,0,1,1.0
LhLs,1,1,2,0.5
LhMB,1,1,2,0.5
LhMM,1,3,4,0.25
LhMN,1,2,3,0.33
LhMP,3,1,4,0.75
LhMb,0,2,2,0.0
LhMh,1,3,4,0.25
LhMl,2,1,3,0.67
LhMm,1,1,2,0.5
LhMn,2,1,3,0.67
LhMs,2,0,2,1.0
LhMt,1,0,1,1.0
LhNB,1,1,2,0.5
LhND,0,0,0,
LhNH,1,0,1,1.0
LhNL,2,1,3,0.67
LhNM,1,2,3,0.33
LhNN,1,1,2,0.5
LhNP,0,5,5,0.0
LhNS,1,1,2,0.5
LhNb,1,4,5,0.2
LhNl,0,2,2,0.0
LhNn,2,1,3,0.67
LhNs,1,3,4,0.25
LhNt,1,0,1,1.0
LhPB,2,0,2,1.0
LhPH,0,1,1,0.0
LhPI,0,1,1,0.0
LhPL,2,2,4,0.5
LhPM,1,6,7,0.14
LhPN,2,4,6,0.33
LhPP,3,2,5,0.6
LhPS,1,1,2,0.5
LhPb,3,3,6,0.5
LhPl,2,0,2,1.0
LhPm,3,1,4,0.75
LhPn,2,1,3,0.67
LhPs,1,0,1,1.0
LhSB,1,0,1,1.0
LhSD,1,0,1,1.0
LhSH,1,0,1,1.0
LhSL,0,1,1,0.0
LhSM,1,1,2,0.5
LhSN,2,2,4,0.5
LhSP,1,2,3,0.33
LhSS,0,0,0,
LhSb,1,1,2,0.5
LhSm,0,2,2,0.0
LhSn,1,1,2,0.5
LhSs,2,1,3,0.67
LhbB,2,3,5,0.4
LhbH,1,1,2,0.5
LhbJ,1,1,2,0.5
LhbL,0,1,1,0.0
LhbM,2,2,4,0.5
LhbN,2,4,6,0.33
LhbP,3,1,4,0.75
LhbS,2,2,4,0.5
Lhbb,1,3,4,0.25
Lhbl,1,0,1,1.0
Lhbm,0,2,2,0.0
Lhbs,0,0,0,
LhhB,1,0,1,1.0
LhhH,1,0,1,1.0
LhhL,0,2,2,0.0
LhhM,2,4,6,0.33
LhhN,2,1,3,0.67
LhhP,3,4,7,0.43
LhhS,1,2,3,0.33
Lhhb,2,1,3,0.67
Lhhh,1,1,2,0.5
Lhhl,1,1,2,0.5
Lhhm,3,1,4,0.75
Lhhn,0,2,2,0.0
Lhhs,0,1,1,0.0
LhlB,2,0,2,1.0
LhlH,1,0,1,1.0
LhlP,2,1,3,0.67
LhlS,0,0,0,
Lhlb,2,1,3,0.67
Lhll,1,0,1,1.0
Lhlm,0,0,0,
Lhls,0,2,2,0.0
LhmB,2,1,3,0.67
LhmH,4,2,6,0.67
LhmJ,1,0,1,1.0
LhmK,0,0,0,
LhmL,0,2,2,0.0
LhmM,2,4,6,0.33
LhmN,2,0,2,1.0
LhmP,1,1,2,0.5
LhmS,1,3,4,0.25
Lhmb,2,1,3,0.67
Lhmm,2,2,4,0.5
Lhmn,2,2,4,0.5
Lhms,2,1,3,0.67
LhnB,0,0,0,
LhnH,1,1,2,0.5
LhnI,0,0,0,
LhnL,1,1,2,0.5
LhnM,1,1,2,0.5
LhnN,3,2,5,0.6
LhnP,3,2,5,0.6
LhnS,1,1,2,0.5
Lhnb,1,1,2,0.5
Lhnl,1,0,1,1.0
Lhnm,1,3,4,0.25
Lhnn,2,3,5,0.4
Lhns,2,1,3,0.67
LhsB,1,2,3,0.33
LhsH,1,2,3,0.33
LhsI,0,1,1,0.0
LhsL,0,1,1,0.0
LhsM,1,0,1,1.0
LhsN,1,3,4,0.25
LhsP,2,2,4,0.5
LhsS,4,3,7,0.57
Lhsb,0,1,1,0.0
Lhsm,0,1,1,0.0
Lhsn,0,1,1,0.0
Lhss,0,1,1,0.0
LhtN,0,0,0,
LhtP,0,1,1,0.0
LhtS,1,0,1,1.0
Lhtb,0,1,1,0.0
Lhtt,1,0,1,1.0
LjBB,0,1,1,0.0
LjBL,0,1,1,0.0
LjBM,0,2,2,0.0
LjBN,2,2,4,0.5
LjBP,2,0,2,1.0
LjBj,2,1,3,0.67
LjBl,0,2,2,0.0
LjBm,1,1,2,0.5
LjBn,1,1,2,0.5
LjBs,0,1,1,0.0
LjDB,1,1,2,0.5
LjDH,0,1,1,0.0
LjDM,1,0,1,1.0
LjDS,2,1,3,0.67
LjDm,1,0,1,1.0
LjHB,2,0,2,1.0
LjHS,1,0,1,1.0
LjHb,2,0,2,1.0
LjHl,0,1,1,0.0
LjHm,0,1,1,0.0
LjIM,1,0,1,1.0
LjIP,0,1,1,0.0
LjKB,0,0,0,
LjKh,0,0,0,
LjKs,1,0,1,1.0
LjLB,0,2,2,0.0
LjLL,1,0,1,1.0
LjLP,1,0,1,1.0
LjLS,0,1,1,0.0
LjLl,0,2,2,0.0
LjLm,1,1,2,0.5
LjLn,0,0,0,
LjMB,0,1,1,0.0
LjML,0,1,1,0.0
LjMM,1,1,2,0.5
LjMN,1,1,2,0.5
LjMP,1,1,2,0.5
LjMS,0,1,1,0.0
LjMb,0,2,2,0.0
LjMh,0,1,1,0.0
LjMj,0,1,1,0.0
LjMl,0,1,1,0.0
LjMn,1,1,2,0.5
LjMs,0,1,1,0.0
LjNB,0,2,2,0.0
LjNK,1,0,1,1.0
LjNL,1,1,2,0.5
LjNM,0,2,2,0.0
LjNN,1,0,1,1.0
LjNP,4,2,6,0.67
LjNS,2,0,2,1.0
LjNb,1,0,1,1.0
LjNh,0,0,0,
LjNl,2,1,3,0.67
LjNm,1,0,1,1.0
LjNn,2,2,4,0.5
LjNs,0,1,1,0.0
LjPB,2,3,5,0.4
LjPD,0,2,2,0.0
LjPH,1,0,1,1.0
LjPL,1,1,2,0.5
LjPM,2,1,3,0.67
LjPN,1,1,2,0.5
LjPP,2,3,5,0.4
LjPS,1,0,1,1.0
LjPh,1,0,1,1.0
LjPl,1,0,1,1.0
LjPm,1,2,3,0.33
LjPs,0,2,2,0.0
LjSB,1,0,1,1.0
LjSD,1,0,1,1.0
LjSH,1,0,1,1.0
LjSL,1,0,1,1.0
LjSM,0,1,1,0.0
LjSN,0,1,1,0.0
LjSP,1,2,3,0.33
LjSS,2,1,3,0.67
LjSb,0,2,2,0.0
LjSm,0,1,1,0.0
LjSn,2,0,2,1.0
LjbL,1,0,1,1.0
LjbM,1,2,3,0.33
LjbN,1,2,3,0.33
LjbP,0,1,1,0.0
Ljbb,1,0,1,1.0
Ljbm,0,1,1,0.0
LjhM,1,0,1,1.0
LjhP,0,1,1,0.0
Ljhs,1,0,1,1.0
LjlB,1,0,1,1.0
LjlH,1,0,1,1.0
LjlJ,1,0,1,1.0
LjlL,0,0,0,
LjlM,1,0,1,1.0
LjlN,0,0,0,
LjlS,2,0,2,1.0
Ljlb,1,1,2,0.5
Ljlm,0,0,0,
Ljln,0,0,0,
LjmB,1,1,2,0.5
LjmD,2,0,2,1.0
LjmI,1,0,1,1.0
LjmL,0,1,1,0.0
LjmN,3,1,4,0.75
LjmP,2,0,2,1.0
LjmS,2,0,2,1.0
Ljmb,1,1,2,0.5
Ljmm,2,0,2,1.0
Ljmn,1,0,1,1.0
Ljms,1,1,2,0.5
LjnB,0,2,2,0.0
LjnH,0,0,0,
LjnM,2,0,2,1.0
LjnN,4,5,9,0.44
LjnP,3,1,4,0.75
Ljnb,1,0,1,1.0
Ljnm,2,0,2,1.0
Ljns,0,1,1,0.0
LjsB,0,1,1,0.0
LjsH,0,0,0,
LjsL,0,2,2,0.0
LjsM,1,0,1,1.0
LjsN,3,0,3,1.0
LjsP,0,1,1,0.0
LjsS,1,0,1,1.0
Ljsb,1,0,1,1.0
Ljsl,0,1,1,0.0
Ljsm,1,2,3,0.33
Ljss,0,1,1,0.0
LjtB,0,1,1,0.0
LlBB,3,3,6,0.5
LlBL,0,1,1,0.0
LlBM,0,1,1,0.0
LlBN,2,5,7,0.29
LlBP,1,2,3,0.33
LlBS,1,0,1,1.0
LlBb,5,2,7,0.71
LlBl,1,0,1,1.0
LlBm,1,1,2,0.5
LlBn,0,3,3,0.0
LlBs,0,0,0,
LlDB,1,0,1,1.0
LlDM,0,0,0,
LlDN,1,1,2,0.5
LlDP,0,1,1,0.0
LlHB,2,0,2,1.0
LlHI,0,1,1,0.0
LlHL,2,0,2,1.0
LlHM,0,1,1,0.0
LlHN,3,1,4,0.75
LlHP,0,0,0,
LlHh,0,1,1,0.0
LlHl,1,0,1,1.0
LlHm,1,1,2,0.5
LlHn,1,0,1,1.0
LlHs,2,1,3,0.67
LlIH,1,1,2,0.5
LlIL,0,0,0,
LlIM,0,1,1,0.0
LlIm,0,1,1,0.0
LlJH,2,0,2,1.0
LlJM,1,0,1,1.0
LlJP,0,3,3,0.0
LlJS,0,2,2,0.0
LlJb,0,1,1,0.0
LlJl,1,1,2,0.5
LlJm,1,1,2,0.5
LlJs,2,0,2,1.0
LlKP,1,0,1,1.0
LlLB,0,1,1,0.0
LlLP,0,0,0,
LlLS,2,0,2,1.0
LlLb,0,1,1,0.0
LlLj,0,0,0,
LlLl,0,1,1,0.0
LlLm,1,0,1,1.0
LlLn,3,0,3,1.0
LlMB,2,1,3,0.67
LlMK,0,0,0,
LlML,2,0,2,1.0
LlMM,2,2,4,0.5
LlMN,2,2,4,0.5
LlMP,2,2,4,0.5
LlMS,0,1,1,0.0
LlMb,1,1,2,0.5
LlMh,2,3,5,0.4
LlMj,1,1,2,0.5
LlMl,0,1,1,0.0
LlMm,2,1,3,0.67
LlMn,2,2,4,0.5
LlMs,2,0,2,1.0
LlMt,1,0,1,1.0
LlNB,1,1,2,0.5
LlND,1,1,2,0.5
LlNL,0,1,1,0.0
LlNM,3,2,5,0.6
LlNN,2,1,3,0.67
LlNP,3,2,5,0.6
LlNS,3,1,4,0.75
LlNb,3,1,4,0.75
LlNl,1,1,2,0.5
LlNm,5,2,7,0.71
LlNn,0,1,1,0.0
LlNs,1,1,2,0.5
LlNt,1,1,2,0.5
LlPB,0,2,2,0.0
LlPH,1,0,1,1.0
LlPK,1,0,1,1.0
LlPL,0,1,1,0.0
LlPM,1,1,2,0.5
LlPN,3,3,6,0.5
LlPP,1,4,5,0.2
LlPS,0,0,0,
LlPb,0,4,4,0.0
LlPh,0,0,0,
LlPl,1,1,2,0.5
LlPm,1,3,4,0.25
LlPn,2,0,2,1.0
LlPs,0,0,0,
LlPt,1,2,3,0.33
LlSB,2,1,3,0.67
LlSH,0,1,1,0.0
LlSL,2,2,4,0.5
LlSM,4,0,4,1.0
LlSN,2,0,2,1.0
LlSP,1,0,1,1.0
LlSS,2,1,3,0.67
LlSh,1,0,1,1.0
LlSl,1,0,1,1.0
LlSm,1,2,3,0.33
LlSn,2,2,4,0.5
LlSs,2,3,5,0.4
LlbB,2,0,2,1.0
LlbH,1,0,1,1.0
LlbL,2,1,3,0.67
LlbM,1,0,1,1.0
LlbN,3,0,3,1.0
LlbP,1,1,2,0.5
LlbS,0,1,1,0.0
Llbb,4,2,6,0.67
Llbl,1,0,1,1.0
Llbm,1,0,1,1.0
Llbn,0,0,0,
Llbs,1,1,2,0.5
LllB,1,0,1,1.0
LllH,1,0,1,1.0
LllM,0,1,1,0.0
LllP,0,2,2,0.0
Lllb,1,2,3,0.33
Llll,1,0,1,1.0
Lllm,0,1,1,0.0
Llls,1,0,1,1.0
LlmB,4,1,5,0.8
LlmH,0,2,2,0.0
LlmI,0,1,1,0.0
LlmJ,1,0,1,1.0
LlmM,5,0,5,1.0
LlmN,2,3,5,0.4
LlmP,4,2,6,0.67
LlmS,1,2,3,0.33
Llmb,1,0,1,1.0
Llml,0,1,1,0.0
Llmm,6,1,7,0.86
Llmn,3,0,3,1.0
Llms,0,0,0,
LlnB,1,2,3,0.33
LlnD,2,1,3,0.67
LlnH,1,3,4,0.25
LlnI,0,1,1,0.0
LlnL,0,2,2,0.0
LlnM,1,2,3,0.33
LlnN,4,0,4,1.0
LlnP,5,3,8,0.62
LlnS,0,4,4,0.0
Llnb,1,1,2,0.5
Llnl,2,0,2,1.0
Llnm,1,2,3,0.33
Llnn,1,1,2,0.5
Llns,2,0,2,1.0
LlsB,1,0,1,1.0
LlsD,1,0,1,1.0
LlsH,1,2,3,0.33
LlsL,0,0,0,
LlsM,0,1,1,0.0
LlsN,0,1,1,0.0
LlsP,1,1,2,0.5
LlsS,3,0,3,1.0
Llsb,0,2,2,0.0
Llsl,0,2,2,0.0
Llsm,4,1,5,0.8
Llsn,0,2,2,0.0
Llss,0,1,1,0.0
LmBB,3,2,5,0.6
LmBD,2,0,2,1.0
LmBK,0,1,1,0.0
LmBL,0,3,3,0.0
LmBM,4,2,6,0.67
LmBN,4,7,11,0.36
LmBP,4,5,9,0.44
LmBS,3,4,7,0.43
LmBb,2,1,3,0.67
LmBh,2,2,4,0.5
LmBj,1,0,1,1.0
LmBm,7,4,11,0.64
LmBn,5,8,13,0.38
LmBs,1,3,4,0.25
LmBt,3,1,4,0.75
LmDB,1,0,1,1.0
LmDD,0,0,0,
LmDH,0,1,1,0.0
LmDM,2,5,7,0.29
LmDN,2,2,4,0.5
LmDP,0,2,2,0.0
LmDS,0,1,1,0.0
LmDb,1,0,1,1.0
LmDl,1,0,1,1.0
LmDm,1,1,2,0.5
LmDn,0,0,0,
LmDs,0,1,1,0.0
LmHB,3,1,4,0.75
LmHD,1,0,1,1.0
LmHM,1,4,5,0.2
LmHN,5,5,10,0.5
LmHP,8,7,15,0.53
LmHS,1,0,1,1.0
LmHb,1,1,2,0.5
LmHh,1,2,3,0.33
LmHl,1,0,1,1.0
LmHm,4,0,4,1.0
LmHn,4,4,8,0.5
LmHs,3,0,3,1.0
LmIB,0,1,1,0.0
LmIH,1,0,1,1.0
LmII,1,0,1,1.0
LmIM,0,1,1,0.0
LmIN,1,1,2,0.5
LmIP,1,0,1,1.0
LmIm,1,0,1,1.0
LmJB,0,0,0,
LmJD,0,1,1,0.0
LmJI,0,1,1,0.0
LmJL,0,3,3,0.0
LmJM,0,1,1,0.0
LmJN,2,1,3,0.67
LmJP,2,1,3,0.67
LmJS,1,1,2,0.5
LmJb,2,1,3,0.67
LmJl,0,1,1,0.0
LmJm,1,1,2,0.5
LmJn,0,2,2,0.0
LmJs,1,1,2,0.5
LmKN,0,1,1,0.0
LmKP,0,1,1,0.0
LmKn,1,0,1,1.0
LmLB,1,0,1,1.0
LmLL,0,0,0,
LmLM,1,0,1,1.0
LmLN,3,0,3,1.0
LmLP,1,0,1,1.0
LmLS,0,2,2,0.0
LmLb,0,2,2,0.0
LmLj,1,0,1,1.0
LmLl,2,1,3,0.67
LmLm,2,2,4,0.5
LmLn,5,2,7,0.71
LmLs,2,1,3,0.67
LmLt,1,0,1,1.0
LmMB,6,8,14,0.43
LmMD,1,1,2,0.5
LmMK,1,0,1,1.0
LmML,0,1,1,0.0
LmMM,1,7,8,0.12
LmMN,7,6,13,0.54
LmMP,7,4,11,0.64
LmMS,3,2,5,0.6
LmMb,1,7,8,0.12
LmMh,3,2,5,0.6
LmMj,1,0,1,1.0
LmMl,1,2,3,0.33
LmMm,10,6,16,0.62
LmMn,10,11,21,0.48
LmMs,4,3,7,0.57
LmMt,1,2,3,0.33
LmNB,5,3,8,0.62
LmND,0,0,0,
LmNH,1,2,3,0.33
LmNL,2,0,2,1.0
LmNM,6,2,8,0.75
LmNN,4,5,9,0.44
LmNP,3,10,13,0.23
LmNS,4,2,6,0.67
LmNb,1,4,5,0.2
LmNh,2,0,2,1.0
LmNl,1,1,2,0.5
LmNm,8,2,10,0.8
LmNn,12,9,21,0.57
LmNs,3,6,9,0.33
LmPB,2,3,5,0.4
LmPH,1,1,2,0.5
LmPI,0,0,0,
LmPL,2,2,4,0.5
LmPM,1,6,7,0.14
LmPN,7,5,12,0.58
LmPP,11,8,19,0.58
LmPS,1,5,6,0.17
LmPb,4,2,6,0.67
LmPh,2,1,3,0.67
LmPl,5,2,7,0.71
LmPm,3,4,7,0.43
LmPn,7,6,13,0.54
LmPs,7,4,11,0.64
LmSB,2,0,2,1.0
LmSD,1,0,1,1.0
LmSH,0,0,0,
LmSL,1,2,3,0.33
LmSM,4,8,12,0.33
LmSN,4,4,8,0.5
LmSP,4,4,8,0.5
LmSS,2,2,4,0.5
LmSb,1,2,3,0.33
LmSh,0,2,2,0.0
LmSl,1,1,2,0.5
LmSm,1,1,2,0.5
LmSn,4,3,7,0.57
LmSs,4,6,10,0.4
LmSt,0,1,1,0.0
LmbB,2,5,7,0.29
LmbD,0,1,1,0.0
LmbH,1,0,1,1.0
LmbI,0,1,1,0.0
LmbJ,3,0,3,1.0
LmbL,5,3,8,0.62
LmbM,3,6,9,0.33
LmbN,4,1,5,0.8
LmbP,2,4,6,0.33
LmbS,3,1,4,0.75
Lmbb,4,3,7,0.57
Lmbm,3,4,7,0.43
Lmbn,3,4,7,0.43
Lmbs,3,6,9,0.33
LmlB,0,4,4,0.0
LmlH,1,0,1,1.0
LmlJ,1,0,1,1.0
LmlK,1,0,1,1.0
LmlL,0,1,1,0.0
LmlM,1,1,2,0.5
LmlN,2,2,4,0.5
LmlP,0,0,0,
LmlS,2,0,2,1.0
Lmlb,1,0,1,1.0
Lmll,1,0,1,1.0
Lmlm,0,3,3,0.0
Lmln,2,0,2,1.0
Lmls,1,0,1,1.0
LmmB,7,1,8,0.88
LmmD,3,2,5,0.6
LmmH,4,3,7,0.57
LmmJ,2,1,3,0.67
LmmK,0,0,0,
LmmL,1,1,2,0.5
LmmM,6,3,9,0.67
LmmN,5,2,7,0.71
LmmP,8,7,15,0.53
LmmS,3,2,5,0.6
Lmmb,7,5,12,0.58
Lmml,1,3,4,0.25
Lmmm,7,2,9,0.78
Lmmn,4,6,10,0.4
Lmms,2,1,3,0.67
LmnB,6,3,9,0.67
LmnH,6,2,8,0.75
LmnI,1,0,1,1.0
LmnK,1,0,1,1.0
LmnL,3,0,3,1.0
LmnM,4,4,8,0.5
LmnN,9,8,17,0.53
LmnP,9,2,11,0.82
LmnS,3,4,7,0.43
Lmnb,7,3,10,0.7
Lmnl,0,1,1,0.0
Lmnm,5,5,10,0.5
Lmnn,1,5,6,0.17
Lmns,3,1,4,0.75
LmsB,1,1,2,0.5
LmsH,3,3,6,0.5
LmsI,0,2,2,0.0
LmsK,1,0,1,1.0
LmsL,1,1,2,0.5
LmsM,0,3,3,0.0
LmsN,4,4,8,0.5
LmsP,1,5,6,0.17
LmsS,1,1,2,0.5
Lmsb,3,3,6,0.5
Lmsl,0,1,1,0.0
Lmsm,3,0,3,1.0
Lmsn,1,2,3,0.33
Lmss,3,3,6,0.5
LnBB,4,7,11,0.36
LnBD,1,0,1,1.0
LnBK,0,1,1,0.0
LnBL,2,1,3,0.67
LnBM,1,3,4,0.25
LnBN,3,5,8,0.38
LnBP,4,6,10,0.4
LnBS,1,0,1,1.0
LnBb,4,8,12,0.33
LnBj,0,2,2,0.0
LnBl,1,3,4,0.25
LnBm,6,1,7,0.86
LnBn,5,7,12,0.42
LnBs,1,3,4,0.25
LnBt,3,0,3,1.0
LnDB,0,1,1,0.0
LnDH,0,3,3,0.0
LnDI,1,0,1,1.0
LnDM,2,0,2,1.0
LnDN,0,1,1,0.0
LnDP,1,2,3,0.33
LnDS,2,0,2,1.0
LnDb,1,1,2,0.5
LnDm,0,1,1,0.0
LnDn,2,0,2,1.0
LnDs,2,0,2,1.0
LnHB,0,3,3,0.0
LnHD,0,0,0,
LnHM,1,3,4,0.25
LnHN,3,3,6,0.5
LnHP,2,1,3,0.67
LnHS,0,3,3,0.0
LnHb,3,0,3,1.0
LnHh,0,0,0,
LnHl,1,1,2,0.5
LnHm,4,2,6,0.67
LnHn,3,1,4,0.75
LnHs,2,1,3,0.67
LnHt,1,0,1,1.0
LnIB,1,0,1,1.0
LnID,1,0,1,1.0
LnIH,0,1,1,0.0
LnIM,1,2,3,0.33
LnIN,0,2,2,0.0
LnIP,2,1,3,0.67
LnIS,1,0,1,1.0
LnIb,2,1,3,0.67
LnIn,2,0,2,1.0
LnIs,0,1,1,0.0
LnKM,0,1,1,0.0
LnKN,0,0,0,
LnKP,0,1,1,0.0
LnKb,0,1,1,0.0
LnKh,1,1,2,0.5
LnKl,0,0,0,
LnKm,1,0,1,1.0
LnKn,0,0,0,
LnKs,0,2,2,0.0
LnLB,0,3,3,0.0
LnLK,0,1,1,0.0
LnLM,0,1,1,0.0
LnLN,1,2,3,0.33
LnLP,4,3,7,0.57
LnLS,0,0,0,
LnLb,1,2,3,0.33
LnLh,1,1,2,0.5
LnLj,1,0,1,1.0
LnLl,0,1,1,0.0
LnLm,2,1,3,0.67
LnLn,0,5,5,0.0
LnLs,3,1,4,0.75
LnMB,4,3,7,0.57
LnMD,2,0,2,1.0
LnML,0,2,2,0.0
LnMM,2,4,6,0.33
LnMN,8,8,16,0.5
LnMP,9,4,13,0.69
LnMS,2,4,6,0.33
LnMb,3,6,9,0.33
LnMh,3,5,8,0.38
LnMj,1,0,1,1.0
LnMl,1,0,1,1.0
LnMm,8,4,12,0.67
LnMn,6,4,10,0.6
LnMs,8,4,12,0.67
LnMt,0,1,1,0.0
LnNB,5,2,7,0.71
LnND,0,2,2,0.0
LnNL,2,6,8,0.25
LnNM,3,7,10,0.3
LnNN,8,5,13,0.62
LnNP,3,6,9,0.33
LnNS,5,2,7,0.71
LnNb,3,6,9,0.33
LnNh,1,4,5,0.2
LnNl,3,2,5,0.6
LnNm,7,6,13,0.54
LnNn,7,11,18,0.39
LnNs,7,6,13,0.54
LnNt,0,1,1,0.0
LnPB,6,12,18,0.33
LnPD,0,0,0,
LnPH,2,1,3,0.67
LnPI,1,2,3,0.33
LnPK,1,0,1,1.0
LnPL,2,3,5,0.4
LnPM,5,9,14,0.36
LnPN,4,6,10,0.4
LnPP,11,9,20,0.55
LnPS,6,6,12,0.5
LnPb,5,4,9,0.56
LnPl,1,4,5,0.2
LnPm,6,5,11,0.55
LnPn,7,8,15,0.47
LnPs,8,4,12,0.67
LnPt,0,1,1,0.0
LnSB,3,1,4,0.75
LnSD,2,0,2,1.0
LnSH,0,1,1,0.0
LnSI,1,0,1,1.0
LnSL,1,2,3,0.33
LnSM,4,2,6,0.67
LnSN,7,4,11,0.64
LnSP,4,3,7,0.57
LnSS,5,4,9,0.56
LnSb,6,8,14,0.43
LnSh,0,3,3,0.0
LnSl,1,0,1,1.0
LnSm,4,6,10,0.4
LnSn,6,7,13,0.46
LnSs,1,2,3,0.33
LnSt,1,0,1,1.0
LnbB,4,4,8,0.5
LnbD,1,1,2,0.5
LnbH,2,1,3,0.67
LnbI,0,2,2,0.0
LnbJ,0,1,1,0.0
LnbK,0,1,1,0.0
LnbL,2,2,4,0.5
LnbM,3,6,9,0.33
LnbN,6,2,8,0.75
LnbP,4,2,6,0.67
LnbS,3,0,3,1.0
Lnbb,5,5,10,0.5
Lnbl,1,3,4,0.25
Lnbm,4,4,8,0.5
Lnbn,2,3,5,0.4
Lnbs,4,2,6,0.67
LnhB,1,0,1,1.0
LnhD,1,0,1,1.0
LnhS,1,0,1,1.0
Lnhb,0,1,1,0.0
Lnhh,0,1,1,0.0
Lnhn,0,0,0,
Lnhs,0,1,1,0.0
LnlB,2,2,4,0.5
LnlD,1,0,1,1.0
LnlH,1,0,1,1.0
LnlK,0,1,1,0.0
LnlL,0,0,0,
LnlM,2,3,5,0.4
LnlN,6,3,9,0.67
LnlP,5,3,8,0.62
LnlS,1,1,2,0.5
Lnlb,1,2,3,0.33
Lnll,0,2,2,0.0
Lnlm,6,2,8,0.75
Lnln,3,2,5,0.6
Lnls,0,3,3,0.0
LnmB,2,1,3,0.67
LnmD,1,0,1,1.0
LnmH,3,7,10,0.3
LnmI,2,0,2,1.0
LnmJ,1,3,4,0.25
LnmL,0,3,3,0.0
LnmM,10,4,14,0.71
LnmN,6,8,14,0.43
LnmP,4,7,11,0.36
LnmS,7,3,10,0.7
Lnmb,4,6,10,0.4
Lnml,0,2,2,0.0
Lnmm,7,7,14,0.5
Lnmn,4,6,10,0.4
Lnms,2,1,3,0.67
LnnB,1,3,4,0.25
LnnD,1,1,2,0.5
LnnH,5,1,6,0.83
LnnI,0,0,0,
LnnK,2,0,2,1.0
LnnL,0,1,1,0.0
LnnM,7,8,15,0.47
LnnN,11,5,16,0.69
LnnP,8,7,15,0.53
LnnS,7,7,14,0.5
Lnnb,3,1,4,0.75
Lnnh,1,0,1,1.0
Lnnl,3,3,6,0.5
Lnnm,4,4,8,0.5
Lnnn,7,7,14,0.5
Lnns,5,3,8,0.62
LnsB,2,3,5,0.4
LnsD,1,1,2,0.5
LnsH,1,6,7,0.14
LnsI,1,3,4,0.25
LnsL,1,1,2,0.5
LnsM,2,3,5,0.4
LnsN,4,7,11,0.36
LnsP,4,3,7,0.57
LnsS,6,5,11,0.55
Lnsb,3,4,7,0.43
Lnsl,1,1,2,0.5
Lnsm,3,6,9,0.33
Lnsn,4,3,7,0.57
Lnss,4,4,8,0.5
LsBB,1,2,3,0.33
LsBD,1,1,2,0.5
LsBL,1,0,1,1.0
LsBM,2,4,6,0.33
LsBN,1,1,2,0.5
LsBP,2,3,5,0.4
LsBS,2,2,4,0.5
LsBb,3,0,3,1.0
LsBj,0,0,0,
LsBl,0,4,4,0.0
LsBm,6,1,7,0.86
LsBn,1,3,4,0.25
LsBs,0,2,2,0.0
LsDB,0,1,1,0.0
LsDD,2,0,2,1.0
LsDI,0,1,1,0.0
LsDL,0,1,1,0.0
LsDM,1,0,1,1.0
LsDN,1,0,1,1.0
LsDP,2,1,3,0.67
LsDS,2,1,3,0.67
LsDb,0,1,1,0.0
LsDm,1,2,3,0.33
LsDn,2,0,2,1.0
LsDs,2,0,2,1.0
LsHB,0,3,3,0.0
LsHD,0,1,1,0.0
LsHH,1,0,1,1.0
LsHL,1,0,1,1.0
LsHM,1,2,3,0.33
LsHN,1,2,3,0.33
LsHP,2,3,5,0.4
LsHS,2,5,7,0.29
LsHb,1,1,2,0.5
LsHh,1,1,2,0.5
LsHl,1,1,2,0.5
LsHm,1,2,3,0.33
LsHn,4,2,6,0.67
LsHs,3,2,5,0.6
LsHt,0,1,1,0.0
LsIB,0,1,1,0.0
LsIH,1,1,2,0.5
LsII,1,0,1,1.0
LsIK,0,0,0,
LsIM,2,2,4,0.5
LsIN,1,0,1,1.0
LsIP,0,1,1,0.0
LsIS,1,0,1,1.0
LsIm,1,0,1,1.0
LsKS,0,1,1,0.0
LsLB,1,1,2,0.5
LsLD,0,1,1,0.0
LsLL,1,0,1,1.0
LsLM,1,2,3,0.33
LsLN,2,2,4,0.5
LsLP,1,1,2,0.5
LsLS,0,2,2,0.0
LsLb,1,0,1,1.0
LsLh,0,0,0,
LsLl,0,0,0,
LsLm,0,1,1,0.0
LsLn,0,1,1,0.0
LsLs,0,1,1,0.0
LsMB,3,5,8,0.38
LsMD,1,0,1,1.0
LsML,1,1,2,0.5
LsMM,2,2,4,0.5
LsMN,2,3,5,0.4
LsMP,3,3,6,0.5
LsMS,0,1,1,0.0
LsMb,1,3,4,0.25
LsMh,1,3,4,0.25
LsMj,1,0,1,1.0
LsMl,0,1,1,0.0
LsMm,2,5,7,0.29
LsMn,3,3,6,0.5
LsMs,2,1,3,0.67
LsMt,1,0,1,1.0
LsNB,2,3,5,0.4
LsND,1,1,2,0.5
LsNL,2,0,2,1.0
LsNM,0,2,2,0.0
LsNN,4,1,5,0.8
LsNP,4,4,8,0.5
LsNS,1,1,2,0.5
LsNb,2,2,4,0.5
LsNh,1,0,1,1.0
LsNl,0,1,1,0.0
LsNm,2,2,4,0.5
LsNn,4,3,7,0.57
LsNs,3,0,3,1.0
LsNt,0,1,1,0.0
LsPB,5,1,6,0.83
LsPD,0,0,0,
LsPH,0,2,2,0.0
LsPL,0,1,1,0.0
LsPM,2,6,8,0.25
LsPN,3,4,7,0.43
LsPP,3,6,9,0.33
LsPS,2,2,4,0.5
LsPb,1,5,6,0.17
LsPl,3,3,6,0.5
LsPm,6,2,8,0.75
LsPn,3,6,9,0.33
LsPs,3,3,6,0.5
LsPt,0,1,1,0.0
LsSB,1,1,2,0.5
LsSD,0,0,0,
LsSH,2,0,2,1.0
LsSI,1,0,1,1.0
LsSL,3,1,4,0.75
LsSM,3,1,4,0.75
LsSN,1,4,5,0.2
LsSP,2,6,8,0.25
LsSS,3,2,5,0.6
LsSb,0,2,2,0.0
LsSh,3,3,6,0.5
LsSl,2,2,4,0.5
LsSm,7,0,7,1.0
LsSn,4,3,7,0.57
LsSs,5,2,7,0.71
LsSt,0,0,0,
LsbB,4,3,7,0.57
LsbD,0,1,1,0.0
LsbI,0,1,1,0.0
LsbL,0,1,1,0.0
LsbM,2,2,4,0.5
LsbN,2,1,3,0.67
LsbP,3,1,4,0.75
LsbS,0,2,2,0.0
Lsbb,1,0,1,1.0
Lsbl,1,1,2,0.5
Lsbn,2,0,2,1.0
Lsbs,1,2,3,0.33
LshN,0,1,1,0.0
Lshm,1,1,2,0.5
Lshs,1,0,1,1.0
LslB,1,1,2,0.5
LslH,0,1,1,0.0
LslJ,1,0,1,1.0
LslL,0,1,1,0.0
LslM,2,0,2,1.0
LslN,0,1,1,0.0
LslP,1,1,2,0.5
LslS,1,1,2,0.5
Lsll,1,2,3,0.33
Lslm,1,0,1,1.0
Lsls,0,1,1,0.0
LsmB,0,3,3,0.0
LsmD,1,2,3,0.33
LsmH,2,3,5,0.4
LsmL,0,3,3,0.0
LsmM,2,2,4,0.5
LsmN,8,1,9,0.89
LsmP,3,1,4,0.75
LsmS,2,1,3,0.67
Lsmb,1,1,2,0.5
Lsml,3,0,3,1.0
Lsmm,0,3,3,0.0
Lsmn,1,3,4,0.25
Lsms,3,2,5,0.6
LsnB,2,0,2,1.0
LsnH,1,0,1,1.0
LsnI,0,1,1,0.0
LsnK,0,1,1,0.0
LsnL,0,2,2,0.0
LsnM,3,3,6,0.5
LsnN,2,4,6,0.33
LsnP,2,4,6,0.33
LsnS,0,7,7,0.0
Lsnb,1,2,3,0.33
Lsnm,3,1,4,0.75
Lsnn,2,1,3,0.67
Lsns,1,3,4,0.25
LssB,2,1,3,0.67
LssD,1,0,1,1.0
LssH,1,2,3,0.33
LssL,1,1,2,0.5
LssM,3,1,4,0.75
LssN,2,7,9,0.22
LssP,4,1,5,0.8
LssS,1,2,3,0.33
Lssb,2,1,3,0.67
Lssl,2,0,2,1.0
Lssm,3,3,6,0.5
Lssn,0,2,2,0.0
Lsss,1,4,5,0.2
LstP,1,0,1,1.0
LstS,0,1,1,0.0
LtBB,1,1,2,0.5
LtBM,0,1,1,0.0
LtBN,0,0,0,
LtBP,0,0,0,
LtBb,0,1,1,0.0
LtBm,1,1,2,0.5
LtBn,1,0,1,1.0
LtBs,1,0,1,1.0
LtBt,0,1,1,0.0
LtDB,1,0,1,1.0
LtHD,1,0,1,1.0
LtHI,1,0,1,1.0
LtHM,0,0,0,
LtHN,0,2,2,0.0
LtHP,0,1,1,0.0
LtHS,1,0,1,1.0
LtHh,1,0,1,1.0
LtHl,0,0,0,
LtHm,1,0,1,1.0
LtHn,1,0,1,1.0
LtIb,0,0,0,
LtKs,1,0,1,1.0
LtLM,0,1,1,0.0
LtLN,0,0,0,
LtLP,1,1,2,0.5
LtLh,0,1,1,0.0
LtLn,0,1,1,0.0
LtLs,0,0,0,
LtML,1,1,2,0.5
LtMM,0,0,0,
LtMP,1,2,3,0.33
LtMb,1,1,2,0.5
LtMh,1,0,1,1.0
LtMl,0,1,1,0.0
LtMm,1,0,1,1.0
LtMs,0,1,1,0.0
LtNH,1,0,1,1.0
LtNL,0,1,1,0.0
LtNM,2,0,2,1.0
LtNP,2,1,3,0.67
LtNS,0,0,0,
LtNb,0,1,1,0.0
LtNl,1,0,1,1.0
LtNn,2,2,4,0.5
LtPB,2,0,2,1.0
LtPD,0,1,1,0.0
LtPH,2,0,2,1.0
LtPM,0,2,2,0.0
LtPN,0,1,1,0.0
LtPP,2,0,2,1.0
LtPb,1,1,2,0.5
LtPl,1,1,2,0.5
LtPm,1,3,4,0.25
LtPn,2,2,4,0.5
LtPs,1,2,3,0.33
LtSB,1,0,1,1.0
LtSM,0,1,1,0.0
LtSS,1,0,1,1.0
LtSm,1,1,2,0.5
LtSn,0,2,2,0.0
LtSs,1,1,2,0.5
LtbB,1,0,1,1.0
LtbD,1,0,1,1.0
LtbN,1,0,1,1.0
LtbP,1,1,2,0.5
LtbS,1,0,1,1.0
Ltbm,1,0,1,1.0
Ltbn,0,1,1,0.0
Ltbs,0,1,1,0.0
LthP,1,0,1,1.0
LtlL,0,1,1,0.0
LtlN,0,0,0,
LtlP,1,0,1,1.0
Ltlm,1,0,1,1.0
Ltln,1,0,1,1.0
LtmB,1,0,1,1.0
LtmD,1,0,1,1.0
LtmK,0,1,1,0.0
LtmL,2,0,2,1.0
LtmN,1,0,1,1.0
LtmP,2,0,2,1.0
LtmS,0,1,1,0.0
Ltmb,0,1,1,0.0
Ltml,1,0,1,1.0
Ltmm,1,0,1,1.0
Ltmn,2,0,2,1.0
Ltms,0,2,2,0.0
LtnL,1,0,1,1.0
LtnM,2,0,2,1.0
LtnN,0,1,1,0.0
LtnP,1,0,1,1.0
Ltnb,1,0,1,1.0
Ltnm,2,0,2,1.0
Ltnn,0,2,2,0.0
LtsD,0,1,1,0.0
LtsI,0,1,1,0.0
LtsN,0,0,0,
LtsP,3,0,3,1.0
Ltsb,1,1,2,0.5
Ltsm,1,0,1,1.0
Ltsn,1,0,1,1.0
Ltss,1,0,1,1.0
Lttb,1,0,1,1.0
Lttn,0,1,1,0.0
MBBB,16,18,34,0.47
MBBD,1,4,5,0.2
MBBH,1,0,1,1.0
MBBK,0,2,2,0.0
MBBL,2,4,6,0.33
MBBM,10,20,30,0.33
MBBN,10,17,27,0.37
MBBP,22,13,35,0.63
MBBS,6,3,9,0.67
MBBb,16,11,27,0.59
MBBj,3,5,8,0.38
MBBl,0,3,3,0.0
MBBm,8,8,16,0.5
MBBn,16,21,37,0.43
MBBs,7,3,10,0.7
MBBt,1,1,2,0.5
MBDB,2,6,8,0.25
MBDD,1,0,1,1.0
MBDH,1,2,3,0.33
MBDI,0,1,1,0.0
MBDL,1,0,1,1.0
MBDM,0,1,1,0.0
MBDN,3,3,6,0.5
MBDP,2,2,4,0.5
MBDS,1,2,3,0.33
MBDb,0,2,2,0.0
MBDl,1,1,2,0.5
MBDm,3,1,4,0.75
MBDn,4,1,5,0.8
MBDs,0,1,1,0.0
MBHB,0,1,1,0.0
MBHI,0,1,1,0.0
MBHL,0,0,0,
MBHb,1,1,2,0.5
MBKD,1,0,1,1.0
MBKM,1,2,3,0.33
MBKN,0,2,2,0.0
MBKP,1,0,1,1.0
MBKS,3,1,4,0.75
MBKb,1,2,3,0.33
MBKh,0,0,0,
MBKm,3,0,3,1.0
MBKn,0,1,1,0.0
MBKs,0,2,2,0.0
MBLB,2,4,6,0.33
MBLL,0,1,1,0.0
MBLM,3,4,7,0.43
MBLN,1,3,4,0.25
MBLP,5,2,7,0.71
MBLS,2,0,2,1.0
MBLb,4,2,6,0.67
MBLh,1,0,1,1.0
MBLj,0,2,2,0.0
MBLl,1,0,1,1.0
MBLm,4,2,6,0.67
MBLn,2,4,6,0.33
MBLs,3,0,3,1.0
MBMB,10,12,22,0.45
MBMD,4,2,6,0.67
MBML,1,0,1,1.0
MBMM,10,10,20,0.5
MBMN,10,9,19,0.53
MBMP,14,12,26,0.54
MBMS,9,11,20,0.45
MBMb,14,15,29,0.48
MBMh,6,10,16,0.38
MBMj,0,1,1,0.0
MBMl,4,5,9,0.44
MBMm,12,6,18,0.67
MBMn,12,9,21,0.57
MBMs,10,3,13,0.77
MBMt,2,2,4,0.5
MBNB,10,15,25,0.4
MBND,2,2,4,0.5
MBNH,0,2,2,0.0
MBNK,0,2,2,0.0
MBNL,1,4,5,0.2
MBNM,4,22,26,0.15
MBNN,20,21,41,0.49
MBNP,16,18,34,0.47
MBNS,7,10,17,0.41
MBNb,10,10,20,0.5
MBNh,1,4,5,0.2
MBNl,1,4,5,0.2
MBNm,14,16,30,0.47
MBNn,18,19,37,0.49
MBNs,9,15,24,0.38
MBNt,0,1,1,0.0
MBPB,12,12,24,0.5
MBPD,1,6,7,0.14
MBPH,2,5,7,0.29
MBPI,0,2,2,0.0
MBPK,4,3,7,0.57
MBPL,7,5,12,0.58
MBPM,13,7,20,0.65
MBPN,14,12,26,0.54
MBPP,18,27,45,0.4
MBPS,6,12,18,0.33
MBPb,15,10,25,0.6
MBPh,3,5,8,0.38
MBPl,5,5,10,0.5
MBPm,14,13,27,0.52
MBPn,15,9,24,0.62
MBPs,11,8,19,0.58
MBPt,0,0,0,
MBSB,3,7,10,0.3
MBSD,3,0,3,1.0
MBSH,1,1,2,0.5
MBSI,0,0,0,
MBSL,0,1,1,0.0
MBSM,6,9,15,0.4
MBSN,0,4,4,0.0
MBSP,4,4,8,0.5
MBSS,9,7,16,0.56
MBSb,3,3,6,0.5
MBSh,1,3,4,0.25
MBSl,2,1,3,0.67
MBSm,8,5,13,0.62
MBSn,3,4,7,0.43
MBSs,5,4,9,0.56
MBbB,9,8,17,0.53
MBbD,1,2,3,0.33
MBbH,2,3,5,0.4
MBbI,3,1,4,0.75
MBbJ,3,2,5,0.6
MBbK,2,1,3,0.67
MBbL,2,4,6,0.33
MBbM,5,20,25,0.2
MBbN,14,19,33,0.42
MBbP,3,10,13,0.23
MBbS,3,10,13,0.23
MBbb,13,10,23,0.57
MBbl,1,2,3,0.33
MBbm,15,15,30,0.5
MBbn,13,14,27,0.48
MBbs,5,6,11,0.45
MBhB,2,1,3,0.67
MBhD,0,0,0,
MBhL,0,1,1,0.0
MBhN,0,1,1,0.0
MBhP,2,1,3,0.67
MBhS,0,1,1,0.0
MBhb,2,3,5,0.4
MBhh,3,0,3,1.0
MBhl,1,1,2,0.5
MBhm,2,3,5,0.4
MBhn,1,2,3,0.33
MBhs,2,1,3,0.67
MBjB,2,6,8,0.25
MBjD,2,1,3,0.67
MBjI,1,1,2,0.5
MBjL,2,0,2,1.0
MBjM,1,1,2,0.5
MBjN,3,2,5,0.6
MBjP,3,4,7,0.43
MBjS,1,1,2,0.5
MBjb,7,4,11,0.64
MBjh,0,2,2,0.0
MBjm,2,3,5,0.4
MBjn,4,2,6,0.67
MBjs,2,2,4,0.5
MBjt,0,0,0,
MBlB,5,3,8,0.62
MBlD,2,0,2,1.0
MBlH,1,2,3,0.33
MBlJ,0,1,1,0.0
MBlL,1,3,4,0.25
MBlM,3,2,5,0.6
MBlN,4,3,7,0.57
MBlP,3,5,8,0.38
MBlS,3,2,5,0.6
MBlb,1,2,3,0.33
MBll,0,2,2,0.0
MBlm,2,5,7,0.29
MBln,6,6,12,0.5
MBls,3,2,5,0.6
MBmB,10,9,19,0.53
MBmD,3,3,6,0.5
MBmH,4,16,20,0.2
MBmI,1,1,2,0.5
MBmJ,4,3,7,0.57
MBmL,4,2,6,0.67
MBmM,6,17,23,0.26
MBmN,14,15,29,0.48
MBmP,19,13,32,0.59
MBmS,10,9,19,0.53
MBmb,12,6,18,0.67
MBml,3,5,8,0.38
MBmm,17,13,30,0.57
MBmn,8,13,21,0.38
MBms,5,9,14,0.36
MBnB,15,14,29,0.52
MBnD,3,3,6,0.5
MBnH,6,7,13,0.46
MBnI,4,4,8,0.5
MBnK,2,1,3,0.67
MBnL,3,5,8,0.38
MBnM,16,16,32,0.5
MBnN,15,18,33,0.45
MBnP,24,16,40,0.6
MBnS,7,9,16,0.44
MBnb,9,15,24,0.38
MBnl,4,2,6,0.67
MBnm,19,16,35,0.54
MBnn,25,19,44,0.57
MBns,9,5,14,0.64
MBsB,2,3,5,0.4
MBsD,1,2,3,0.33
MBsH,5,5,10,0.5
MBsI,0,2,2,0.0
MBsL,0,1,1,0.0
MBsM,5,1,6,0.83
MBsN,3,8,11,0.27
MBsP,6,6,12,0.5
MBsS,7,4,11,0.64
MBsb,4,3,7,0.57
MBsh,0,1,1,0.0
MBsl,2,1,3,0.67
MBsm,1,3,4,0.25
MBsn,8,5,13,0.62
MBss,4,4,8,0.5
MBtB,3,3,6,0.5
MBtD,1,0,1,1.0
MBtH,2,0,2,1.0
MBtL,1,1,2,0.5
MBtM,2,0,2,1.0
MBtN,1,1,2,0.5
MBtP,2,2,4,0.5
MBtS,0,1,1,0.0
MBtb,3,2,5,0.6
MBtl,1,0,1,1.0
MBtm,2,0,2,1.0
MBtn,3,0,3,1.0
MDBB,1,1,2,0.5
MDBD,1,0,1,1.0
MDBK,0,1,1,0.0
MDBL,1,1,2,0.5
MDBM,2,3,5,0.4
MDBN,2,3,5,0.4
MDBP,5,2,7,0.71
MDBS,4,0,4,1.0
MDBb,2,3,5,0.4
MDBj,1,0,1,1.0
MDBl,0,1,1,0.0
MDBm,5,4,9,0.56
MDBn,2,1,3,0.67
MDBs,4,0,4,1.0
MDBt,0,1,1,0.0
MDDB,0,1,1,0.0
MDDD,1,2,3,0.33
MDDH,3,1,4,0.75
MDDL,1,0,1,1.0
MDDM,2,2,4,0.5
MDDN,0,0,0,
MDDP,4,2,6,0.67
MDDS,2,1,3,0.67
MDDb,1,0,1,1.0
MDDh,0,1,1,0.0
MDDm,3,3,6,0.5
MDDn,0,0,0,
MDDs,0,1,1,0.0
MDHB,3,0,3,1.0
MDHD,2,2,4,0.5
MDHI,0,1,1,0.0
MDHL,1,1,2,0.5
MDHM,1,3,4,0.25
MDHN,0,1,1,0.0
MDHP,5,4,9,0.56
MDHS,1,0,1,1.0
MDHb,0,3,3,0.0
MDHh,2,2,4,0.5
MDHl,0,0,0,
MDHm,0,1,1,0.0
MDHn,2,0,2,1.0
MDHs,1,1,2,0.5
MDIH,0,0,0,
MDIN,1,0,1,1.0
MDIP,0,0,0,
MDIS,0,1,1,0.0
MDIm,1,1,2,0.5
MDIn,1,0,1,1.0
MDLB,2,1,3,0.67
MDLD,0,0,0,
MDLK,1,0,1,1.0
MDLM,0,2,2,0.0
MDLS,2,0,2,1.0
MDLb,0,1,1,0.0
MDLj,0,0,0,
MDLl,0,2,2,0.0
MDLm,1,1,2,0.5
MDLn,0,1,1,0.0
MDLs,1,0,1,1.0
MDMB,1,2,3,0.33
MDMD,2,3,5,0.4
MDML,0,1,1,0.0
MDMM,4,3,7,0.57
MDMN,1,2,3,0.33
MDMP,6,6,12,0.5
MDMS,2,5,7,0.29
MDMb,1,2,3,0.33
MDMh,1,1,2,0.5
MDMj,0,2,2,0.0
MDMl,0,4,4,0.0
MDMm,8,2,10,0.8
MDMn,3,7,10,0.3
MDMs,0,6,6,0.0
MDMt,0,1,1,0.0
MDNB,0,1,1,0.0
MDND,0,0,0,
MDNH,1,2,3,0.33
MDNI,1,0,1,1.0
MDNK,0,1,1,0.0
MDNL,1,2,3,0.33
MDNM,2,1,3,0.67
MDNN,4,3,7,0.57
MDNP,1,2,3,0.33
MDNS,3,2,5,0.6
MDNb,4,0,4,1.0
MDNh,0,1,1,0.0
MDNm,0,3,3,0.0
MDNn,1,4,5,0.2
MDNs,0,1,1,0.0
MDPB,3,3,6,0.5
MDPD,1,0,1,1.0
MDPH,1,0,1,1.0
MDPK,0,1,1,0.0
MDPL,1,2,3,0.33
MDPM,6,4,10,0.6
MDPN,1,0,1,1.0
MDPP,2,7,9,0.22
MDPS,1,2,3,0.33
MDPb,1,1,2,0.5
MDPl,1,1,2,0.5
MDPm,3,2,5,0.6
MDPn,0,2,2,0.0
MDPs,2,3,5,0.4
MDSB,4,2,6,0.67
MDSD,0,3,3,0.0
MDSH,0,2,2,0.0
MDSI,1,0,1,1.0
MDSL,1,0,1,1.0
MDSM,5,3,8,0.62
MDSN,4,1,5,0.8
MDSP,5,2,7,0.71
MDSS,5,2,7,0.71
MDSb,1,2,3,0.33
MDSh,0,2,2,0.0
MDSl,1,0,1,1.0
MDSm,3,2,5,0.6
MDSn,3,6,9,0.33
MDSs,4,6,10,0.4
MDSt,1,0,1,1.0
MDbB,3,2,5,0.6
MDbD,0,0,0,
MDbI,1,0,1,1.0
MDbJ,0,1,1,0.0
MDbK,0,0,0,
MDbL,0,1,1,0.0
MDbM,0,5,5,0.0
MDbN,4,4,8,0.5
MDbP,1,2,3,0.33
MDbS,1,1,2,0.5
MDbb,1,0,1,1.0
MDbl,1,2,3,0.33
MDbm,3,6,9,0.33
MDbn,2,4,6,0.33
MDbs,0,6,6,0.0
MDhS,1,0,1,1.0
MDhh,0,1,1,0.0
MDhn,0,1,1,0.0
MDhs,1,0,1,1.0
MDlH,0,1,1,0.0
MDlL,1,0,1,1.0
MDlM,0,1,1,0.0
MDlN,1,0,1,1.0
MDlP,0,1,1,0.0
MDlS,2,1,3,0.67
MDlb,0,1,1,0.0
MDlm,2,1,3,0.67
MDln,1,0,1,1.0
MDls,0,0,0,
MDmB,5,4,9,0.56
MDmD,2,1,3,0.67
MDmH,5,2,7,0.71
MDmJ,0,2,2,0.0
MDmL,1,0,1,1.0
MDmM,4,3,7,0.57
MDmN,4,4,8,0.5
MDmP,1,1,2,0.5
MDmS,0,4,4,0.0
MDmb,3,2,5,0.6
MDml,1,0,1,1.0
MDmm,7,2,9,0.78
MDmn,3,2,5,0.6
MDms,2,1,3,0.67
MDnD,0,1,1,0.0
MDnH,1,1,2,0.5
MDnI,1,0,1,1.0
MDnL,1,0,1,1.0
MDnM,5,3,8,0.62
MDnN,4,3,7,0.57
MDnP,3,4,7,0.43
MDnS,2,3,5,0.4
MDnb,1,1,2,0.5
MDnl,1,0,1,1.0
MDnm,3,1,4,0.75
MDnn,1,2,3,0.33
MDns,2,2,4,0.5
MDsB,1,0,1,1.0
MDsH,1,1,2,0.5
MDsI,0,0,0,
MDsL,0,0,0,
MDsM,2,1,3,0.67
MDsN,1,0,1,1.0
MDsP,1,1,2,0.5
MDsS,4,0,4,1.0
MDsb,0,1,1,0.0
MDsh,1,0,1,1.0
MDsl,1,0,1,1.0
MDsm,5,3,8,0.62
MDsn,1,1,2,0.5
MDss,1,2,3,0.33
MDtN,1,1,2,0.5
MDtS,0,1,1,0.0
MHBK,0,1,1,0.0
MHBm,1,0,1,1.0
MHDN,0,1,1,0.0
MHHD,1,0,1,1.0
MHHS,1,0,1,1.0
MHIS,0,1,1,0.0
MHIm,0,1,1,0.0
MHIn,0,1,1,0.0
MHLM,1,0,1,1.0
MHMM,0,1,1,0.0
MHMP,1,0,1,1.0
MHMS,0,1,1,0.0
MHMh,0,0,0,
MHMm,0,0,0,
MHNB,0,1,1,0.0
MHPH,0,1,1,0.0
MHPM,0,2,2,0.0
MHPP,1,0,1,1.0
MHPS,2,0,2,1.0
MHPb,0,1,1,0.0
MHSB,0,0,0,
MHSL,1,0,1,1.0
MHSM,0,1,1,0.0
MHSN,0,1,1,0.0
MHSh,1,0,1,1.0
MHSn,1,1,2,0.5
MHSs,0,1,1,0.0
MHbK,0,1,1,0.0
MHbP,0,1,1,0.0
MHbb,1,0,1,1.0
MHmH,0,1,1,0.0
MHmM,0,1,1,0.0
MHmS,0,1,1,0.0
MHmm,0,0,0,
MHnN,0,1,1,0.0
MIBB,0,1,1,0.0
MIDL,0,1,1,0.0
MIDP,0,1,1,0.0
MIHm,0,1,1,0.0
MIMN,0,0,0,
MIMm,1,0,1,1.0
MIMt,0,1,1,0.0
MINB,0,1,1,0.0
MINH,0,1,1,0.0
MINP,0,1,1,0.0
MINh,0,1,1,0.0
MIPS,0,0,0,
MIPh,1,0,1,1.0
MIPn,1,0,1,1.0
MISM,0,1,1,0.0
MISS,0,0,0,
MISb,0,1,1,0.0
MISn,1,1,2,0.5
MIhb,0,1,1,0.0
MIlB,0,0,0,
MImM,0,1,1,0.0
MImS,1,0,1,1.0
MInb,1,0,1,1.0
MIsS,0,1,1,0.0
MItl,0,1,1,0.0
MKBB,0,1,1,0.0
MKBP,0,1,1,0.0
MKBS,0,1,1,0.0
MKBm,1,0,1,1.0
MKBn,0,1,1,0.0
MKDH,1,0,1,1.0
MKHn,0,1,1,0.0
MKHs,0,1,1,0.0
MKIB,1,0,1,1.0
MKLs,0,0,0,
MKMD,0,0,0,
MKMN,0,1,1,0.0
MKMh,1,0,1,1.0
MKMm,0,1,1,0.0
MKNB,0,1,1,0.0
MKNM,0,0,0,
MKNN,0,1,1,0.0
MKNP,1,1,2,0.5
MKNS,0,1,1,0.0
MKNl,0,1,1,0.0
MKNn,0,1,1,0.0
MKPB,1,0,1,1.0
MKPM,0,1,1,0.0
MKPN,0,2,2,0.0
MKPP,1,1,2,0.5
MKPb,0,2,2,0.0
MKPm,0,0,0,
MKPn,0,1,1,0.0
MKSB,0,0,0,
MKSH,0,1,1,0.0
MKSN,0,0,0,
MKSP,0,1,1,0.0
MKSS,0,1,1,0.0
MKSb,2,0,2,1.0
MKSl,0,0,0,
MKSm,1,0,1,1.0
MKSn,1,0,1,1.0
MKbM,0,1,1,0.0
MKbP,0,1,1,0.0
MKhH,0,1,1,0.0
MKhM,0,1,1,0.0
MKhN,2,0,2,1.0
MKhh,0,0,0,
MKlI,0,1,1,0.0
MKlJ,0,1,1,0.0
MKlm,0,1,1,0.0
MKln,1,0,1,1.0
MKmB,1,0,1,1.0
MKmL,1,0,1,1.0
MKmN,1,0,1,1.0
MKmS,0,1,1,0.0
MKnM,1,0,1,1.0
MKnP,1,2,3,0.33
MKnS,1,0,1,1.0
MKnb,0,1,1,0.0
MKnm,0,1,1,0.0
MKnn,1,0,1,1.0
MKsm,1,0,1,1.0
MLBB,2,4,6,0.33
MLBD,1,0,1,1.0
MLBK,1,1,2,0.5
MLBM,2,5,7,0.29
MLBN,4,1,5,0.8
MLBP,6,4,10,0.6
MLBS,3,1,4,0.75
MLBb,1,4,5,0.2
MLBl,2,1,3,0.67
MLBm,4,3,7,0.57
MLBn,2,5,7,0.29
MLBs,1,1,2,0.5
MLDB,2,0,2,1.0
MLDD,1,1,2,0.5
MLDL,0,0,0,
MLDM,3,0,3,1.0
MLDP,2,1,3,0.67
MLDS,0,2,2,0.0
MLDb,1,0,1,1.0
MLDl,1,0,1,1.0
MLDm,2,0,2,1.0
MLHM,0,1,1,0.0
MLKP,0,1,1,0.0
MLKb,1,0,1,1.0
MLLB,1,0,1,1.0
MLLD,0,1,1,0.0
MLLM,1,0,1,1.0
MLLP,1,0,1,1.0
MLLS,1,2,3,0.33
MLLb,1,0,1,1.0
MLLh,0,2,2,0.0
MLLm,0,0,0,
MLMB,7,3,10,0.7
MLMD,0,1,1,0.0
MLML,0,2,2,0.0
MLMM,4,2,6,0.67
MLMN,1,2,3,0.33
MLMP,2,1,3,0.67
MLMS,3,1,4,0.75
MLMb,3,5,8,0.38
MLMh,0,1,1,0.0
MLMj,0,2,2,0.0
MLMl,1,0,1,1.0
MLMm,2,1,3,0.67
MLMn,3,4,7,0.43
MLMs,2,1,3,0.67
MLNB,2,2,4,0.5
MLNK,1,0,1,1.0
MLNL,1,2,3,0.33
MLNM,1,2,3,0.33
MLNN,4,1,5,0.8
MLNP,4,5,9,0.44
MLNS,1,1,2,0.5
MLNb,2,3,5,0.4
MLNh,1,2,3,0.33
MLNl,1,0,1,1.0
MLNm,13,0,13,1.0
MLNn,4,5,9,0.44
MLNs,4,2,6,0.67
MLNt,1,0,1,1.0
MLPB,4,2,6,0.67
MLPD,3,0,3,1.0
MLPH,0,1,1,0.0
MLPI,1,1,2,0.5
MLPK,1,0,1,1.0
MLPL,1,2,3,0.33
MLPM,5,5,10,0.5
MLPN,10,5,15,0.67
MLPP,7,10,17,0.41
MLPS,4,0,4,1.0
MLPb,3,5,8,0.38
MLPh,0,1,1,0.0
MLPl,1,2,3,0.33
MLPm,4,2,6,0.67
MLPn,3,4,7,0.43
MLPs,2,1,3,0.67
MLSD,1,1,2,0.5
MLSH,1,3,4,0.25
MLSI,1,0,1,1.0
MLSL,1,1,2,0.5
MLSM,0,2,2,0.0
MLSP,3,0,3,1.0
MLSS,1,2,3,0.33
MLSb,0,3,3,0.0
MLSh,0,1,1,0.0
MLSl,2,1,3,0.67
MLSm,3,3,6,0.5
MLSn,2,1,3,0.67
MLSs,1,1,2,0.5
MLbB,1,4,5,0.2
MLbD,0,2,2,0.0
MLbH,0,1,1,0.0
MLbI,0,1,1,0.0
MLbJ,3,0,3,1.0
MLbL,0,2,2,0.0
MLbM,2,4,6,0.33
MLbN,1,6,7,0.14
MLbP,1,2,3,0.33
MLbS,2,1,3,0.67
MLbb,6,4,10,0.6
MLbl,1,0,1,1.0
MLbm,2,4,6,0.33
MLbn,1,6,7,0.14
MLbs,2,1,3,0.67
MLhB,1,1,2,0.5
MLhH,0,1,1,0.0
MLhL,0,1,1,0.0
MLhM,2,3,5,0.4
MLhN,3,0,3,1.0
MLhP,3,1,4,0.75
MLhS,2,0,2,1.0
MLhb,0,3,3,0.0
MLhh,0,2,2,0.0
MLhm,2,1,3,0.67
MLhn,0,1,1,0.0
MLhs,1,0,1,1.0
MLjB,3,0,3,1.0
MLjL,0,1,1,0.0
MLjM,1,0,1,1.0
MLjN,0,1,1,0.0
MLjP,1,0,1,1.0
MLjS,1,1,2,0.5
MLjm,1,2,3,0.33
MLjn,1,0,1,1.0
MLlB,3,0,3,1.0
MLlH,0,1,1,0.0
MLlL,0,2,2,0.0
MLlM,3,1,4,0.75
MLlN,1,1,2,0.5
MLlP,0,1,1,0.0
MLlS,0,1,1,0.0
MLlb,2,0,2,1.0
MLls,1,1,2,0.5
MLmB,7,6,13,0.54
MLmD,1,1,2,0.5
MLmH,1,2,3,0.33
MLmI,2,0,2,1.0
MLmJ,1,2,3,0.33
MLmL,1,3,4,0.25
MLmM,4,5,9,0.44
MLmN,6,4,10,0.6
MLmP,2,5,7,0.29
MLmS,3,2,5,0.6
MLmb,4,3,7,0.57
MLmm,3,4,7,0.43
MLmn,4,5,9,0.44
MLms,1,1,2,0.5
MLnB,3,5,8,0.38
MLnH,1,3,4,0.25
MLnI,1,1,2,0.5
MLnL,0,1,1,0.0
MLnM,3,5,8,0.38
MLnN,2,5,7,0.29
MLnP,9,11,20,0.45
MLnS,2,5,7,0.29
MLnb,2,1,3,0.67
MLnl,2,2,4,0.5
MLnm,2,4,6,0.33
MLnn,5,5,10,0.5
MLns,2,5,7,0.29
MLsB,2,1,3,0.67
MLsD,0,1,1,0.0
MLsH,4,0,4,1.0
MLsI,1,1,2,0.5
MLsK,0,0,0,
MLsL,0,0,0,
MLsM,1,2,3,0.33
MLsN,2,2,4,0.5
MLsP,2,2,4,0.5
MLsS,1,4,5,0.2
MLsb,1,1,2,0.5
MLsm,2,2,4,0.5
MLsn,1,0,1,1.0
MLss,1,2,3,0.33
MLtS,0,4,4,0.0
MLtm,2,0,2,1.0
MLtn,0,2,2,0.0
MMBB,15,11,26,0.58
MMBD,1,6,7,0.14
MMBK,1,1,2,0.5
MMBL,4,1,5,0.8
MMBM,11,13,24,0.46
MMBN,14,15,29,0.48
MMBP,16,14,30,0.53
MMBS,4,1,5,0.8
MMBb,11,18,29,0.38
MMBh,3,3,6,0.5
MMBj,2,4,6,0.33
MMBl,5,2,7,0.71
MMBm,10,13,23,0.43
MMBn,18,26,44,0.41
MMBs,2,6,8,0.25
MMBt,1,1,2,0.5
MMDB,0,2,2,0.0
MMDD,0,0,0,
MMDH,3,4,7,0.43
MMDL,1,0,1,1.0
MMDM,2,8,10,0.2
MMDN,0,0,0,
MMDP,3,1,4,0.75
MMDS,2,2,4,0.5
MMDb,0,3,3,0.0
MMDh,0,1,1,0.0
MMDl,0,1,1,0.0
MMDm,6,4,10,0.6
MMDn,1,0,1,1.0
MMDs,0,6,6,0.0
MMHH,0,0,0,
MMHM,0,0,0,
MMHP,0,1,1,0.0
MMHS,0,1,1,0.0
MMHm,1,0,1,1.0
MMID,1,0,1,1.0
MMIM,1,0,1,1.0
MMIS,1,0,1,1.0
MMKB,1,0,1,1.0
MMKS,1,1,2,0.5
MMKb,1,0,1,1.0
MMLB,3,0,3,1.0
MMLD,1,0,1,1.0
MMLL,1,0,1,1.0
MMLM,2,0,2,1.0
MMLN,1,1,2,0.5
MMLP,7,2,9,0.78
MMLS,0,1,1,0.0
MMLb,1,1,2,0.5
MMLh,1,1,2,0.5
MMLl,0,1,1,0.0
MMLm,3,1,4,0.75
MMLn,0,1,1,0.0
MMLs,1,0,1,1.0
MMLt,0,1,1,0.0
MMMB,12,13,25,0.48
MMMD,2,3,5,0.4
MMMH,1,0,1,1.0
MMMI,1,0,1,1.0
MMML,1,0,1,1.0
MMMM,10,10,20,0.5
MMMN,7,11,18,0.39
MMMP,9,12,21,0.43
MMMS,3,10,13,0.23
MMMb,16,10,26,0.62
MMMh,5,15,20,0.25
MMMj,0,1,1,0.0
MMMl,2,2,4,0.5
MMMm,19,14,33,0.58
MMMn,13,16,29,0.45
MMMs,4,2,6,0.67
MMMt,1,1,2,0.5
MMNB,4,8,12,0.33
MMND,5,0,5,1.0
MMNH,3,3,6,0.5
MMNI,0,1,1,0.0
MMNK,0,1,1,0.0
MMNL,2,1,3,0.67
MMNM,10,6,16,0.62
MMNN,14,11,25,0.56
MMNP,4,13,17,0.24
MMNS,8,15,23,0.35
MMNb,4,7,11,0.36
MMNh,4,1,5,0.8
MMNl,1,1,2,0.5
MMNm,20,8,28,0.71
MMNn,14,24,38,0.37
MMNs,4,8,12,0.33
MMNt,2,1,3,0.67
MMPB,7,11,18,0.39
MMPD,3,3,6,0.5
MMPH,2,5,7,0.29
MMPI,2,3,5,0.4
MMPK,2,1,3,0.67
MMPL,1,3,4,0.25
MMPM,13,15,28,0.46
MMPN,11,9,20,0.55
MMPP,15,21,36,0.42
MMPS,8,11,19,0.42
MMPb,12,9,21,0.57
MMPh,1,1,2,0.5
MMPl,4,6,10,0.4
MMPm,16,14,30,0.53
MMPn,13,14,27,0.48
MMPs,5,12,17,0.29
MMPt,0,2,2,0.0
MMSB,8,6,14,0.57
MMSD,0,2,2,0.0
MMSH,5,3,8,0.62
MMSI,0,1,1,0.0
MMSK,1,0,1,1.0
MMSL,2,3,5,0.4
MMSM,4,9,13,0.31
MMSN,9,5,14,0.64
MMSP,11,9,20,0.55
MMSS,9,12,21,0.43
MMSb,6,5,11,0.55
MMSh,3,2,5,0.6
MMSl,3,3,6,0.5
MMSm,7,9,16,0.44
MMSn,6,7,13,0.46
MMSs,5,8,13,0.38
MMSt,2,0,2,1.0
MMbB,9,14,23,0.39
MMbD,1,2,3,0.33
MMbH,4,2,6,0.67
MMbI,0,1,1,0.0
MMbJ,7,5,12,0.58
MMbK,0,1,1,0.0
MMbL,1,2,3,0.33
MMbM,7,16,23,0.3
MMbN,16,14,30,0.53
MMbP,7,10,17,0.41
MMbS,4,6,10,0.4
MMbb,7,5,12,0.58
MMbl,4,1,5,0.8
MMbm,5,7,12,0.42
MMbn,6,7,13,0.46
MMbs,4,6,10,0.4
MMhB,7,7,14,0.5
MMhD,0,2,2,0.0
MMhH,1,2,3,0.33
MMhL,0,3,3,0.0
MMhM,4,13,17,0.24
MMhN,8,10,18,0.44
MMhP,8,10,18,0.44
MMhS,7,12,19,0.37
MMhb,8,10,18,0.44
MMhh,4,7,11,0.36
MMhl,2,1,3,0.67
MMhm,11,6,17,0.65
MMhn,8,5,13,0.62
MMhs,7,8,15,0.47
MMht,2,1,3,0.67
MMjB,1,1,2,0.5
MMjD,1,0,1,1.0
MMjH,0,0,0,
MMjI,1,0,1,1.0
MMjL,1,0,1,1.0
MMjM,2,4,6,0.33
MMjN,0,1,1,0.0
MMjP,3,2,5,0.6
MMjS,1,0,1,1.0
MMjb,2,1,3,0.67
MMjh,1,1,2,0.5
MMjm,2,1,3,0.67
MMjn,2,3,5,0.4
MMjs,1,1,2,0.5
MMlB,2,2,4,0.5
MMlD,1,0,1,1.0
MMlH,0,1,1,0.0
MMlI,0,0,0,
MMlJ,3,0,3,1.0
MMlK,1,0,1,1.0
MMlM,2,4,6,0.33
MMlN,2,1,3,0.67
MMlP,4,2,6,0.67
MMlS,1,2,3,0.33
MMlb,1,2,3,0.33
MMlm,2,3,5,0.4
MMln,2,1,3,0.67
MMls,4,4,8,0.5
MMmB,11,8,19,0.58
MMmD,5,3,8,0.62
MMmH,8,13,21,0.38
MMmI,1,1,2,0.5
MMmJ,2,3,5,0.4
MMmK,1,1,2,0.5
MMmL,2,2,4,0.5
MMmM,18,15,33,0.55
MMmN,19,18,37,0.51
MMmP,16,17,33,0.48
MMmS,21,9,30,0.7
MMmb,11,5,16,0.69
MMmh,0,0,0,
MMml,3,2,5,0.6
MMmm,18,13,31,0.58
MMmn,19,11,30,0.63
MMms,12,9,21,0.57
MMnB,13,8,21,0.62
MMnD,2,4,6,0.33
MMnH,2,11,13,0.15
MMnI,1,5,6,0.17
MMnK,2,0,2,1.0
MMnL,5,0,5,1.0
MMnM,16,11,27,0.59
MMnN,17,20,37,0.46
MMnP,21,20,41,0.51
MMnS,14,14,28,0.5
MMnb,10,15,25,0.4
MMnh,0,2,2,0.0
MMnl,2,3,5,0.4
MMnm,21,12,33,0.64
MMnn,23,16,39,0.59
MMns,7,7,14,0.5
MMnt,2,0,2,1.0
MMsB,5,4,9,0.56
MMsD,2,1,3,0.67
MMsH,5,9,14,0.36
MMsI,2,0,2,1.0
MMsL,3,0,3,1.0
MMsM,5,11,16,0.31
MMsN,5,5,10,0.5
MMsP,6,8,14,0.43
MMsS,9,7,16,0.56
MMsb,4,3,7,0.57
MMsh,1,0,1,1.0
MMsl,1,0,1,1.0
MMsm,9,5,14,0.64
MMsn,10,5,15,0.67
MMss,2,4,6,0.33
MMtB,3,0,3,1.0
MMtD,1,0,1,1.0
MMtH,1,1,2,0.5
MMtM,0,2,2,0.0
MMtN,1,2,3,0.33
MMtP,1,1,2,0.5
MMtS,2,1,3,0.67
MMtb,1,1,2,0.5
MMtl,1,1,2,0.5
MMtm,1,1,2,0.5
MMtn,0,1,1,0.0
MMts,1,1,2,0.5
MMtt,0,1,1,0.0
MNBB,7,13,20,0.35
MNBD,1,1,2,0.5
MNBK,1,0,1,1.0
MNBL,3,2,5,0.6
MNBM,8,11,19,0.42
MNBN,8,19,27,0.3
MNBP,19,14,33,0.58
MNBS,7,2,9,0.78
MNBb,11,9,20,0.55
MNBh,3,3,6,0.5
MNBj,3,3,6,0.5
MNBl,5,3,8,0.62
MNBm,16,7,23,0.7
MNBn,10,13,23,0.43
MNBs,4,4,8,0.5
MNBt,2,0,2,1.0
MNDB,2,2,4,0.5
MNDD,1,1,2,0.5
MNDH,1,2,3,0.33
MNDK,0,1,1,0.0
MNDL,1,0,1,1.0
MNDM,2,1,3,0.67
MNDN,5,3,8,0.62
MNDP,3,2,5,0.6
MNDS,2,4,6,0.33
MNDb,4,1,5,0.8
MNDm,3,6,9,0.33
MNDn,4,1,5,0.8
MNDs,2,1,3,0.67
MNDt,1,1,2,0.5
MNHB,1,1,2,0.5
MNHD,0,1,1,0.0
MNHH,2,3,5,0.4
MNHM,0,1,1,0.0
MNHN,0,4,4,0.0
MNHP,3,1,4,0.75
MNHS,2,3,5,0.4
MNHb,1,1,2,0.5
MNHl,1,0,1,1.0
MNHm,4,1,5,0.8
MNHn,1,2,3,0.33
MNHs,2,3,5,0.4
MNIP,0,1,1,0.0
MNIS,1,0,1,1.0
MNIm,1,0,1,1.0
MNKB,0,1,1,0.0
MNKD,2,0,2,1.0
MNKH,1,1,2,0.5
MNKL,1,1,2,0.5
MNKM,1,0,1,1.0
MNKN,2,0,2,1.0
MNKP,3,2,5,0.6
MNKS,2,1,3,0.67
MNKb,0,3,3,0.0
MNKh,0,1,1,0.0
MNKl,0,1,1,0.0
MNKm,2,2,4,0.5
MNKn,1,1,2,0.5
MNKs,1,0,1,1.0
MNLB,4,3,7,0.57
MNLD,1,0,1,1.0
MNLM,1,2,3,0.33
MNLN,2,6,8,0.25
MNLP,2,2,4,0.5
MNLS,2,1,3,0.67
MNLb,2,4,6,0.33
MNLh,0,7,7,0.0
MNLl,1,1,2,0.5
MNLm,6,4,10,0.6
MNLn,5,4,9,0.56
MNLs,2,0,2,1.0
MNLt,0,0,0,
MNMB,9,10,19,0.47
MNMD,3,2,5,0.6
MNMH,0,1,1,0.0
MNMK,1,0,1,1.0
MNML,1,1,2,0.5
MNMM,5,8,13,0.38
MNMN,9,12,21,0.43
MNMP,16,13,29,0.55
MNMS,7,7,14,0.5
MNMb,9,12,21,0.43
MNMh,6,5,11,0.55
MNMj,0,2,2,0.0
MNMl,3,1,4,0.75
MNMm,8,11,19,0.42
MNMn,17,13,30,0.57
MNMs,8,4,12,0.67
MNMt,2,3,5,0.4
MNNB,9,18,27,0.33
MNND,4,4,8,0.5
MNNH,0,2,2,0.0
MNNK,1,1,2,0.5
MNNL,4,6,10,0.4
MNNM,12,7,19,0.63
MNNN,21,23,44,0.48
MNNP,21,23,44,0.48
MNNS,15,9,24,0.62
MNNb,9,7,16,0.56
MNNh,7,8,15,0.47
MNNl,2,2,4,0.5
MNNm,9,17,26,0.35
MNNn,16,20,36,0.44
MNNs,10,5,15,0.67
MNNt,5,0,5,1.0
MNPB,10,14,24,0.42
MNPD,5,0,5,1.0
MNPH,5,6,11,0.45
MNPI,5,2,7,0.71
MNPK,1,0,1,1.0
MNPL,3,9,12,0.25
MNPM,9,9,18,0.5
MNPN,12,17,29,0.41
MNPP,18,25,43,0.42
MNPS,19,18,37,0.51
MNPb,16,13,29,0.55
MNPh,1,3,4,0.25
MNPl,8,5,13,0.62
MNPm,19,12,31,0.61
MNPn,14,18,32,0.44
MNPs,12,8,20,0.6
MNPt,2,0,2,1.0
MNSB,5,9,14,0.36
MNSD,3,2,5,0.6
MNSH,6,3,9,0.67
MNSI,1,1,2,0.5
MNSL,3,5,8,0.38
MNSM,1,6,7,0.14
MNSN,9,13,22,0.41
MNSP,8,14,22,0.36
MNSS,13,12,25,0.52
MNSb,6,4,10,0.6
MNSh,3,5,8,0.38
MNSl,4,1,5,0.8
MNSm,13,9,22,0.59
MNSn,13,8,21,0.62
MNSs,4,6,10,0.4
MNSt,1,1,2,0.5
MNbB,6,7,13,0.46
MNbD,3,0,3,1.0
MNbH,5,3,8,0.62
MNbI,1,2,3,0.33
MNbJ,2,2,4,0.5
MNbK,0,0,0,
MNbL,1,1,2,0.5
MNbM,12,6,18,0.67
MNbN,14,13,27,0.52
MNbP,6,9,15,0.4
MNbS,1,3,4,0.25
MNbb,9,9,18,0.5
MNbl,6,0,6,1.0
MNbm,10,11,21,0.48
MNbn,5,6,11,0.45
MNbs,5,4,9,0.56
MNhB,2,3,5,0.4
MNhD,0,1,1,0.0
MNhH,2,0,2,1.0
MNhI,0,1,1,0.0
MNhL,0,3,3,0.0
MNhM,3,5,8,0.38
MNhN,3,6,9,0.33
MNhP,4,3,7,0.57
MNhS,2,3,5,0.4
MNhb,1,3,4,0.25
MNhh,0,2,2,0.0
MNhl,1,1,2,0.5
MNhm,5,3,8,0.62
MNhn,4,1,5,0.8
MNhs,1,4,5,0.2
MNht,1,1,2,0.5
MNlB,2,1,3,0.67
MNlD,1,0,1,1.0
MNlH,2,0,2,1.0
MNlI,1,1,2,0.5
MNlJ,0,1,1,0.0
MNlL,1,1,2,0.5
MNlM,6,2,8,0.75
MNlN,2,3,5,0.4
MNlP,3,5,8,0.38
MNlS,3,6,9,0.33
MNlb,1,4,5,0.2
MNll,0,2,2,0.0
MNlm,1,3,4,0.25
MNln,2,3,5,0.4
MNls,0,2,2,0.0
MNmB,7,10,17,0.41
MNmD,3,3,6,0.5
MNmH,11,10,21,0.52
MNmI,2,1,3,0.67
MNmJ,1,0,1,1.0
MNmK,1,0,1,1.0
MNmL,3,5,8,0.38
MNmM,17,4,21,0.81
MNmN,18,22,40,0.45
MNmP,15,7,22,0.68
MNmS,9,14,23,0.39
MNmb,4,11,15,0.27
MNml,3,1,4,0.75
MNmm,16,6,22,0.73
MNmn,11,16,27,0.41
MNms,8,6,14,0.57
MNnB,10,15,25,0.4
MNnD,5,0,5,1.0
MNnH,9,17,26,0.35
MNnI,1,0,1,1.0
MNnK,1,3,4,0.25
MNnL,1,3,4,0.25
MNnM,8,15,23,0.35
MNnN,19,26,45,0.42
MNnP,20,33,53,0.38
MNnS,12,16,28,0.43
MNnb,8,6,14,0.57
MNnh,1,1,2,0.5
MNnl,2,1,3,0.67
MNnm,20,16,36,0.56
MNnn,25,16,41,0.61
MNns,14,15,29,0.48
MNsB,4,3,7,0.57
MNsD,0,1,1,0.0
MNsH,9,8,17,0.53
MNsI,0,1,1,0.0
MNsL,1,1,2,0.5
MNsM,6,8,14,0.43
MNsN,6,8,14,0.43
MNsP,8,3,11,0.73
MNsS,8,13,21,0.38
MNsb,8,5,13,0.62
MNsh,1,2,3,0.33
MNsl,3,1,4,0.75
MNsm,11,8,19,0.58
MNsn,13,7,20,0.65
MNss,6,6,12,0.5
MNst,0,0,0,
MNtB,2,3,5,0.4
MNtD,3,0,3,1.0
MNtH,0,1,1,0.0
MNtI,0,0,0,
MNtL,0,1,1,0.0
MNtM,0,1,1,0.0
MNtN,1,2,3,0.33
MNtP,4,3,7,0.57
MNtS,2,4,6,0.33
MNtb,3,1,4,0.75
MNtl,0,1,1,0.0
MNtm,3,0,3,1.0
MNtn,3,4,7,0.43
MNts,2,0,2,1.0
MNtt,1,2,3,0.33
MPBB,11,12,23,0.48
MPBD,3,2,5,0.6
MPBI,0,1,1,0.0
MPBK,1,3,4,0.25
MPBL,1,7,8,0.12
MPBM,7,9,16,0.44
MPBN,17,11,28,0.61
MPBP,18,17,35,0.51
MPBS,4,4,8,0.5
MPBb,7,11,18,0.39
MPBh,0,1,1,0.0
MPBj,4,3,7,0.57
MPBl,5,5,10,0.5
MPBm,15,21,36,0.42
MPBn,11,17,28,0.39
MPBs,1,5,6,0.17
MPBt,2,2,4,0.5
MPDB,0,4,4,0.0
MPDD,2,1,3,0.67
MPDH,2,1,3,0.67
MPDI,1,0,1,1.0
MPDL,1,1,2,0.5
MPDM,1,4,5,0.2
MPDN,2,0,2,1.0
MPDP,2,3,5,0.4
MPDb,3,1,4,0.75
MPDl,1,0,1,1.0
MPDm,2,1,3,0.67
MPDn,1,1,2,0.5
MPDs,1,0,1,1.0
MPHB,2,3,5,0.4
MPHD,1,3,4,0.25
MPHH,1,1,2,0.5
MPHI,1,0,1,1.0
MPHL,2,4,6,0.33
MPHM,1,3,4,0.25
MPHN,3,5,8,0.38
MPHP,3,5,8,0.38
MPHS,1,3,4,0.25
MPHb,5,2,7,0.71
MPHh,1,0,1,1.0
MPHl,0,2,2,0.0
MPHm,4,4,8,0.5
MPHn,4,2,6,0.67
MPHs,4,0,4,1.0
MPHt,0,1,1,0.0
MPIB,1,2,3,0.33
MPID,1,0,1,1.0
MPIH,2,1,3,0.67
MPII,0,1,1,0.0
MPIL,1,0,1,1.0
MPIM,1,4,5,0.2
MPIN,0,0,0,
MPIP,6,1,7,0.86
MPIS,3,1,4,0.75
MPIb,0,2,2,0.0
MPIh,0,1,1,0.0
MPIl,0,1,1,0.0
MPIm,3,0,3,1.0
MPIn,1,3,4,0.25
MPIs,1,0,1,1.0
MPKB,0,2,2,0.0
MPKD,0,0,0,
MPKH,0,1,1,0.0
MPKL,2,0,2,1.0
MPKM,2,2,4,0.5
MPKN,1,0,1,1.0
MPKP,1,2,3,0.33
MPKS,2,0,2,1.0
MPKb,4,0,4,1.0
MPKh,0,1,1,0.0
MPKl,1,2,3,0.33
MPKm,1,1,2,0.5
MPKn,2,1,3,0.67
MPKs,2,2,4,0.5
MPLB,5,6,11,0.45
MPLD,0,2,2,0.0
MPLI,0,0,0,
MPLL,0,3,3,0.0
MPLM,0,2,2,0.0
MPLN,5,2,7,0.71
MPLP,10,10,20,0.5
MPLS,4,4,8,0.5
MPLb,1,1,2,0.5
MPLh,2,0,2,1.0
MPLl,1,3,4,0.25
MPLm,4,8,12,0.33
MPLn,5,7,12,0.42
MPLs,6,4,10,0.6
MPLt,0,2,2,0.0
MPMB,14,22,36,0.39
MPMD,4,2,6,0.67
MPMI,1,0,1,1.0
MPML,4,5,9,0.44
MPMM,12,14,26,0.46
MPMN,11,18,29,0.38
MPMP,16,22,38,0.42
MPMS,9,6,15,0.6
MPMb,13,9,22,0.59
MPMh,11,11,22,0.5
MPMj,1,0,1,1.0
MPMl,7,1,8,0.88
MPMm,12,17,29,0.41
MPMn,15,22,37,0.41
MPMs,6,8,14,0.43
MPMt,0,0,0,
MPNB,11,15,26,0.42
MPND,7,3,10,0.7
MPNH,6,3,9,0.67
MPNI,0,1,1,0.0
MPNK,4,0,4,1.0
MPNL,2,10,12,0.17
MPNM,8,13,21,0.38
MPNN,13,10,23,0.57
MPNP,13,17,30,0.43
MPNS,9,10,19,0.47
MPNb,14,12,26,0.54
MPNh,7,2,9,0.78
MPNl,6,3,9,0.67
MPNm,20,17,37,0.54
MPNn,13,21,34,0.38
MPNs,4,9,13,0.31
MPNt,2,5,7,0.29
MPPB,15,26,41,0.37
MPPD,10,1,11,0.91
MPPH,6,7,13,0.46
MPPI,1,2,3,0.33
MPPK,2,1,3,0.67
MPPL,8,7,15,0.53
MPPM,22,26,48,0.46
MPPN,17,16,33,0.52
MPPP,28,35,63,0.44
MPPS,14,19,33,0.42
MPPb,14,12,26,0.54
MPPh,1,4,5,0.2
MPPl,10,6,16,0.62
MPPm,28,25,53,0.53
MPPn,20,22,42,0.48
MPPs,10,17,27,0.37
MPPt,2,1,3,0.67
MPSB,10,9,19,0.53
MPSD,5,3,8,0.62
MPSH,0,3,3,0.0
MPSI,1,0,1,1.0
MPSL,2,4,6,0.33
MPSM,10,12,22,0.45
MPSN,10,4,14,0.71
MPSP,6,12,18,0.33
MPSS,7,11,18,0.39
MPSb,14,8,22,0.64
MPSh,5,6,11,0.45
MPSl,4,1,5,0.8
MPSm,8,8,16,0.5
MPSn,8,9,17,0.47
MPSs,11,13,24,0.46
MPSt,3,1,4,0.75
MPbB,12,6,18,0.67
MPbD,1,2,3,0.33
MPbH,2,3,5,0.4
MPbI,1,0,1,1.0
MPbJ,3,4,7,0.43
MPbK,1,4,5,0.2
MPbL,6,7,13,0.46
MPbM,17,8,25,0.68
MPbN,14,12,26,0.54
MPbP,14,20,34,0.41
MPbS,4,9,13,0.31
MPbb,13,13,26,0.5
MPbl,4,3,7,0.57
MPbm,15,7,22,0.68
MPbn,3,10,13,0.23
MPbs,7,4,11,0.64
MPhB,2,0,2,1.0
MPhH,0,1,1,0.0
MPhL,0,2,2,0.0
MPhM,1,1,2,0.5
MPhN,2,1,3,0.67
MPhP,1,2,3,0.33
MPhS,3,1,4,0.75
MPhb,2,2,4,0.5
MPhh,0,2,2,0.0
MPhl,0,1,1,0.0
MPhm,1,1,2,0.5
MPhn,1,0,1,1.0
MPhs,3,3,6,0.5
MPht,0,1,1,0.0
MPlB,5,4,9,0.56
MPlD,1,1,2,0.5
MPlH,3,2,5,0.6
MPlI,1,1,2,0.5
MPlJ,3,0,3,1.0
MPlL,2,3,5,0.4
MPlM,3,8,11,0.27
MPlN,7,5,12,0.58
MPlP,6,3,9,0.67
MPlS,3,3,6,0.5
MPlb,5,1,6,0.83
MPll,4,0,4,1.0
MPlm,7,0,7,1.0
MPln,7,7,14,0.5
MPls,6,3,9,0.67
MPmB,11,7,18,0.61
MPmD,5,3,8,0.62
MPmH,13,13,26,0.5
MPmI,2,3,5,0.4
MPmJ,2,3,5,0.4
MPmK,1,0,1,1.0
MPmL,4,8,12,0.33
MPmM,17,17,34,0.5
MPmN,19,15,34,0.56
MPmP,22,19,41,0.54
MPmS,14,9,23,0.61
MPmb,11,6,17,0.65
MPmh,1,1,2,0.5
MPml,7,4,11,0.64
MPmm,17,21,38,0.45
MPmn,16,20,36,0.44
MPms,4,7,11,0.36
MPnB,13,13,26,0.5
MPnD,2,3,5,0.4
MPnH,3,5,8,0.38
MPnI,2,3,5,0.4
MPnK,1,0,1,1.0
MPnL,6,1,7,0.86
MPnM,14,24,38,0.37
MPnN,19,16,35,0.54
MPnP,20,17,37,0.54
MPnS,8,13,21,0.38
MPnb,7,11,18,0.39
MPnh,1,1,2,0.5
MPnl,4,2,6,0.67
MPnm,21,13,34,0.62
MPnn,23,15,38,0.61
MPns,9,11,20,0.45
MPsB,7,8,15,0.47
MPsD,2,4,6,0.33
MPsH,11,2,13,0.85
MPsI,1,1,2,0.5
MPsL,1,1,2,0.5
MPsM,11,9,20,0.55
MPsN,17,14,31,0.55
MPsP,8,9,17,0.47
MPsS,11,10,21,0.52
MPsb,5,9,14,0.36
MPsl,7,1,8,0.88
MPsm,9,11,20,0.45
MPsn,8,8,16,0.5
MPss,12,9,21,0.57
MPst,0,1,1,0.0
MPtH,0,1,1,0.0
MPtL,2,0,2,1.0
MPtM,2,2,4,0.5
MPtP,1,3,4,0.25
MPtS,2,0,2,1.0
MPtb,3,0,3,1.0
MPtl,1,1,2,0.5
MPtm,1,1,2,0.5
MPtn,0,3,3,0.0
MSBB,9,9,18,0.5
MSBD,2,1,3,0.67
MSBK,1,0,1,1.0
MSBL,0,2,2,0.0
MSBM,8,8,16,0.5
MSBN,6,13,19,0.32
MSBP,6,13,19,0.32
MSBS,12,4,16,0.75
MSBb,4,2,6,0.67
MSBh,0,1,1,0.0
MSBj,1,1,2,0.5
MSBl,2,3,5,0.4
MSBm,6,8,14,0.43
MSBn,10,6,16,0.62
MSBs,3,1,4,0.75
MSBt,1,2,3,0.33
MSDB,0,0,0,
MSDD,0,2,2,0.0
MSDH,1,2,3,0.33
MSDM,3,6,9,0.33
MSDN,3,4,7,0.43
MSDP,5,2,7,0.71
MSDS,0,3,3,0.0
MSDb,3,1,4,0.75
MSDh,0,1,1,0.0
MSDl,1,1,2,0.5
MSDm,3,1,4,0.75
MSDn,1,2,3,0.33
MSDs,2,1,3,0.67
MSHB,3,2,5,0.6
MSHD,0,2,2,0.0
MSHH,0,2,2,0.0
MSHI,2,0,2,1.0
MSHK,1,0,1,1.0
MSHL,0,1,1,0.0
MSHM,3,4,7,0.43
MSHN,3,3,6,0.5
MSHP,3,5,8,0.38
MSHS,4,5,9,0.44
MSHb,3,3,6,0.5
MSHh,0,2,2,0.0
MSHl,1,1,2,0.5
MSHm,2,2,4,0.5
MSHn,7,0,7,1.0
MSHs,6,3,9,0.67
MSIB,0,2,2,0.0
MSID,0,0,0,
MSIH,0,1,1,0.0
MSIM,2,4,6,0.33
MSIN,0,0,0,
MSIP,0,1,1,0.0
MSIS,2,0,2,1.0
MSIb,1,1,2,0.5
MSIl,0,2,2,0.0
MSIm,3,0,3,1.0
MSKB,0,1,1,0.0
MSKP,1,0,1,1.0
MSKl,0,0,0,
MSKs,0,1,1,0.0
MSLB,1,4,5,0.2
MSLD,2,0,2,1.0
MSLL,0,1,1,0.0
MSLM,1,1,2,0.5
MSLN,4,3,7,0.57
MSLP,1,5,6,0.17
MSLS,1,3,4,0.25
MSLb,2,1,3,0.67
MSLh,0,1,1,0.0
MSLj,1,0,1,1.0
MSLl,3,1,4,0.75
MSLm,4,1,5,0.8
MSLn,2,1,3,0.67
MSLs,2,2,4,0.5
MSMB,3,7,10,0.3
MSMD,1,2,3,0.33
MSMK,1,0,1,1.0
MSML,0,2,2,0.0
MSMM,11,13,24,0.46
MSMN,5,11,16,0.31
MSMP,7,11,18,0.39
MSMS,10,6,16,0.62
MSMb,8,8,16,0.5
MSMh,9,3,12,0.75
MSMj,4,1,5,0.8
MSMl,2,0,2,1.0
MSMm,11,14,25,0.44
MSMn,7,12,19,0.37
MSMs,8,4,12,0.67
MSMt,0,1,1,0.0
MSNB,7,3,10,0.7
MSND,0,2,2,0.0
MSNH,1,3,4,0.25
MSNK,0,0,0,
MSNL,3,4,7,0.43
MSNM,6,14,20,0.3
MSNN,8,8,16,0.5
MSNP,9,12,21,0.43
MSNS,4,12,16,0.25
MSNb,4,7,11,0.36
MSNh,0,0,0,
MSNl,1,1,2,0.5
MSNm,11,4,15,0.73
MSNn,8,13,21,0.38
MSNs,5,4,9,0.56
MSNt,1,0,1,1.0
MSPB,12,7,19,0.63
MSPD,2,2,4,0.5
MSPH,2,2,4,0.5
MSPI,2,2,4,0.5
MSPK,3,3,6,0.5
MSPL,3,1,4,0.75
MSPM,8,17,25,0.32
MSPN,7,10,17,0.41
MSPP,5,16,21,0.24
MSPS,9,10,19,0.47
MSPb,8,8,16,0.5
MSPl,3,5,8,0.38
MSPm,11,10,21,0.52
MSPn,8,3,11,0.73
MSPs,8,6,14,0.57
MSPt,0,0,0,
MSSB,6,10,16,0.38
MSSD,3,3,6,0.5
MSSH,1,8,9,0.11
MSSI,2,1,3,0.67
MSSL,2,0,2,1.0
MSSM,10,13,23,0.43
MSSN,2,9,11,0.18
MSSP,10,3,13,0.77
MSSS,21,24,45,0.47
MSSb,10,4,14,0.71
MSSh,3,1,4,0.75
MSSl,3,3,6,0.5
MSSm,17,9,26,0.65
MSSn,6,7,13,0.46
MSSs,18,10,28,0.64
MSSt,2,1,3,0.67
MSbB,8,9,17,0.47
MSbD,2,1,3,0.67
MSbH,2,1,3,0.67
MSbK,1,0,1,1.0
MSbL,2,1,3,0.67
MSbM,6,9,15,0.4
MSbN,6,9,15,0.4
MSbP,7,6,13,0.54
MSbS,8,8,16,0.5
MSbb,9,5,14,0.64
MSbh,0,0,0,
MSbl,0,0,0,
MSbm,8,2,10,0.8
MSbn,8,5,13,0.62
MSbs,2,0,2,1.0
MShB,2,3,5,0.4
MShH,1,0,1,1.0
MShK,1,0,1,1.0
MShL,4,0,4,1.0
MShM,5,4,9,0.56
MShN,4,5,9,0.44
MShP,4,3,7,0.57
MShS,8,0,8,1.0
MShb,3,1,4,0.75
MShh,7,1,8,0.88
MShm,4,5,9,0.44
MShn,3,3,6,0.5
MShs,4,5,9,0.44
MSht,0,1,1,0.0
MSlB,1,2,3,0.33
MSlH,0,3,3,0.0
MSlJ,0,1,1,0.0
MSlL,0,1,1,0.0
MSlM,4,4,8,0.5
MSlN,4,2,6,0.67
MSlP,4,1,5,0.8
MSlS,3,7,10,0.3
MSlb,3,0,3,1.0
MSll,1,0,1,1.0
MSlm,4,4,8,0.5
MSln,1,0,1,1.0
MSls,2,1,3,0.67
MSmB,12,8,20,0.6
MSmD,2,4,6,0.33
MSmH,2,11,13,0.15
MSmJ,1,2,3,0.33
MSmK,0,2,2,0.0
MSmL,6,2,8,0.75
MSmM,18,10,28,0.64
MSmN,11,19,30,0.37
MSmP,6,9,15,0.4
MSmS,7,8,15,0.47
MSmb,8,7,15,0.53
MSmh,1,1,2,0.5
MSml,1,2,3,0.33
MSmm,11,11,22,0.5
MSmn,11,10,21,0.52
MSms,2,3,5,0.4
MSnB,4,2,6,0.67
MSnD,0,1,1,0.0
MSnH,3,8,11,0.27
MSnI,1,0,1,1.0
MSnK,0,2,2,0.0
MSnM,6,6,12,0.5
MSnN,10,6,16,0.62
MSnP,10,8,18,0.56
MSnS,7,11,18,0.39
MSnb,6,7,13,0.46
MSnh,1,1,2,0.5
MSnl,3,4,7,0.43
MSnm,12,4,16,0.75
MSnn,11,7,18,0.61
MSns,7,4,11,0.64
MSsB,6,5,11,0.55
MSsD,4,0,4,1.0
MSsH,7,3,10,0.7
MSsI,1,2,3,0.33
MSsL,2,2,4,0.5
MSsM,15,12,27,0.56
MSsN,8,13,21,0.38
MSsP,7,10,17,0.41
MSsS,10,14,24,0.42
MSsb,4,9,13,0.31
MSsh,1,1,2,0.5
MSsl,2,2,4,0.5
MSsm,14,4,18,0.78
MSsn,2,4,6,0.33
MSss,9,4,13,0.69
MStB,0,6,6,0.0
MStL,1,0,1,1.0
MStM,2,1,3,0.67
MStN,4,1,5,0.8
MStP,1,5,6,0.17
MStS,1,2,3,0.33
MStb,0,2,2,0.0
MStl,0,1,1,0.0
MStm,2,3,5,0.4
MStn,1,2,3,0.33
MSts,1,0,1,1.0
MStt,1,0,1,1.0
MbBB,11,12,23,0.48
MbBD,1,4,5,0.2
MbBH,1,0,1,1.0
MbBK,0,1,1,0.0
MbBL,0,3,3,0.0
MbBM,9,9,18,0.5
MbBN,10,15,25,0.4
MbBP,11,12,23,0.48
MbBS,2,5,7,0.29
MbBb,8,8,16,0.5
MbBh,8,0,8,1.0
MbBj,2,5,7,0.29
MbBl,0,4,4,0.0
MbBm,13,9,22,0.59
MbBn,15,12,27,0.56
MbBs,8,3,11,0.73
MbBt,2,3,5,0.4
MbDB,0,1,1,0.0
MbDD,1,0,1,1.0
MbDH,1,2,3,0.33
MbDM,3,2,5,0.6
MbDN,3,1,4,0.75
MbDP,2,0,2,1.0
MbDS,8,0,8,1.0
MbDb,0,0,0,
MbDl,0,0,0,
MbDm,3,5,8,0.38
MbDn,1,2,3,0.33
MbDs,1,3,4,0.25
MbHB,1,2,3,0.33
MbHD,0,1,1,0.0
MbHI,0,1,1,0.0
MbHK,0,0,0,
MbHL,1,3,4,0.25
MbHM,3,6,9,0.33
MbHN,4,4,8,0.5
MbHP,5,3,8,0.62
MbHS,7,4,11,0.64
MbHb,2,6,8,0.25
MbHh,1,1,2,0.5
MbHl,1,0,1,1.0
MbHm,1,2,3,0.33
MbHn,0,0,0,
MbHs,2,2,4,0.5
MbHt,0,1,1,0.0
MbIM,1,0,1,1.0
MbIN,1,2,3,0.33
MbIP,1,1,2,0.5
MbIS,1,0,1,1.0
MbIb,2,2,4,0.5
MbIl,1,0,1,1.0
MbIm,2,2,4,0.5
MbIn,3,0,3,1.0
MbIs,2,0,2,1.0
MbIt,1,0,1,1.0
MbJB,1,4,5,0.2
MbJD,1,1,2,0.5
MbJH,2,0,2,1.0
MbJI,2,0,2,1.0
MbJL,1,2,3,0.33
MbJM,4,0,4,1.0
MbJN,3,5,8,0.38
MbJP,3,3,6,0.5
MbJS,2,1,3,0.67
MbJb,0,2,2,0.0
MbJh,1,1,2,0.5
MbJl,0,2,2,0.0
MbJm,4,4,8,0.5
MbJn,2,4,6,0.33
MbJs,4,0,4,1.0
MbJt,2,0,2,1.0
MbKB,0,1,1,0.0
MbKD,0,1,1,0.0
MbKH,1,0,1,1.0
MbKL,1,0,1,1.0
MbKM,1,0,1,1.0
MbKP,3,4,7,0.43
MbKS,1,3,4,0.25
MbKb,0,0,0,
MbKh,3,2,5,0.6
MbKl,2,1,3,0.67
MbKm,2,0,2,1.0
MbKn,1,1,2,0.5
MbKs,2,3,5,0.4
MbLB,2,2,4,0.5
MbLD,2,1,3,0.67
MbLI,1,0,1,1.0
MbLM,1,5,6,0.17
MbLN,7,4,11,0.64
MbLP,6,2,8,0.75
MbLS,0,2,2,0.0
MbLb,2,2,4,0.5
MbLh,0,2,2,0.0
MbLj,1,2,3,0.33
MbLm,6,5,11,0.55
MbLn,3,2,5,0.6
MbLs,1,2,3,0.33
MbLt,3,0,3,1.0
MbMB,10,12,22,0.45
MbMD,3,3,6,0.5
MbMH,1,0,1,1.0
MbML,1,1,2,0.5
MbMM,6,12,18,0.33
MbMN,4,17,21,0.19
MbMP,9,11,20,0.45
MbMS,8,6,14,0.57
MbMb,11,5,16,0.69
MbMh,13,9,22,0.59
MbMj,2,1,3,0.67
MbMl,6,3,9,0.67
MbMm,13,14,27,0.48
MbMn,21,6,27,0.78
MbMs,7,10,17,0.41
MbMt,2,1,3,0.67
MbNB,8,15,23,0.35
MbND,3,1,4,0.75
MbNH,4,2,6,0.67
MbNK,0,1,1,0.0
MbNL,3,6,9,0.33
MbNM,10,11,21,0.48
MbNN,21,32,53,0.4
MbNP,15,21,36,0.42
MbNS,6,16,22,0.27
MbNb,13,7,20,0.65
MbNh,7,4,11,0.64
MbNl,4,3,7,0.57
MbNm,8,14,22,0.36
MbNn,15,19,34,0.44
MbNs,6,13,19,0.32
MbNt,1,4,5,0.2
MbPB,6,12,18,0.33
MbPD,0,1,1,0.0
MbPH,0,1,1,0.0
MbPI,2,1,3,0.67
MbPK,3,1,4,0.75
MbPL,3,3,6,0.5
MbPM,11,10,21,0.52
MbPN,12,11,23,0.52
MbPP,20,18,38,0.53
MbPS,12,10,22,0.55
MbPb,10,7,17,0.59
MbPh,1,1,2,0.5
MbPl,0,6,6,0.0
MbPm,13,10,23,0.57
MbPn,17,7,24,0.71
MbPs,3,12,15,0.2
MbPt,2,2,4,0.5
MbSB,4,3,7,0.57
MbSD,3,1,4,0.75
MbSH,4,2,6,0.67
MbSI,1,0,1,1.0
MbSK,1,0,1,1.0
MbSL,1,3,4,0.25
MbSM,3,7,10,0.3
MbSN,7,7,14,0.5
MbSP,7,12,19,0.37
MbSS,11,6,17,0.65
MbSb,5,2,7,0.71
MbSh,4,3,7,0.57
MbSl,3,3,6,0.5
MbSm,10,7,17,0.59
MbSn,12,7,19,0.63
MbSs,11,3,14,0.79
MbSt,1,0,1,1.0
MbbB,6,6,12,0.5
MbbD,1,4,5,0.2
MbbH,1,4,5,0.2
MbbI,2,2,4,0.5
MbbJ,2,1,3,0.67
MbbL,2,2,4,0.5
MbbM,12,13,25,0.48
MbbN,13,18,31,0.42
MbbP,12,16,28,0.43
MbbS,7,7,14,0.5
Mbbb,8,9,17,0.47
Mbbl,5,1,6,0.83
Mbbm,5,8,13,0.38
Mbbn,13,8,21,0.62
Mbbs,4,3,7,0.57
MbhP,0,0,0,
MbhS,1,0,1,1.0
Mbhb,1,0,1,1.0
MblB,0,5,5,0.0
MblH,2,3,5,0.4
MblJ,0,1,1,0.0
MblK,1,0,1,1.0
MblL,1,0,1,1.0
MblM,4,0,4,1.0
MblN,3,4,7,0.43
MblP,2,3,5,0.4
MblS,4,0,4,1.0
Mblb,2,2,4,0.5
Mbll,1,0,1,1.0
Mblm,2,2,4,0.5
Mbln,2,3,5,0.4
Mbls,1,1,2,0.5
MbmB,5,5,10,0.5
MbmD,0,0,0,
MbmH,12,5,17,0.71
MbmI,1,0,1,1.0
MbmJ,0,5,5,0.0
MbmL,5,2,7,0.71
MbmM,14,9,23,0.61
MbmN,17,8,25,0.68
MbmP,10,14,24,0.42
MbmS,5,10,15,0.33
Mbmb,5,12,17,0.29
Mbml,2,2,4,0.5
Mbmm,12,16,28,0.43
Mbmn,10,10,20,0.5
Mbms,6,7,13,0.46
MbnB,7,8,15,0.47
MbnD,1,2,3,0.33
MbnH,8,5,13,0.62
MbnI,4,3,7,0.57
MbnK,0,1,1,0.0
MbnL,1,2,3,0.33
MbnM,8,9,17,0.47
MbnN,15,10,25,0.6
MbnP,21,12,33,0.64
MbnS,8,7,15,0.53
Mbnb,10,13,23,0.43
Mbnl,1,3,4,0.25
Mbnm,18,3,21,0.86
Mbnn,11,13,24,0.46
Mbns,11,7,18,0.61
Mbnt,1,0,1,1.0
MbsB,5,5,10,0.5
MbsD,3,0,3,1.0
MbsH,3,3,6,0.5
MbsI,2,2,4,0.5
MbsL,1,2,3,0.33
MbsM,3,11,14,0.21
MbsN,8,7,15,0.53
MbsP,5,9,14,0.36
MbsS,5,6,11,0.45
Mbsb,2,4,6,0.33
Mbsl,2,1,3,0.67
Mbsm,4,5,9,0.44
Mbsn,7,4,11,0.64
Mbss,8,2,10,0.8
Mbst,1,1,2,0.5
MhBB,7,12,19,0.37
MhBD,1,1,2,0.5
MhBK,2,3,5,0.4
MhBL,4,0,4,1.0
MhBM,3,6,9,0.33
MhBN,4,7,11,0.36
MhBP,6,10,16,0.38
MhBS,7,6,13,0.54
MhBb,9,7,16,0.56
MhBh,1,0,1,1.0
MhBj,3,4,7,0.43
MhBl,2,2,4,0.5
MhBm,10,9,19,0.53
MhBn,8,8,16,0.5
MhBs,4,3,7,0.57
MhBt,4,0,4,1.0
MhDB,2,2,4,0.5
MhDD,1,0,1,1.0
MhDH,0,1,1,0.0
MhDL,1,0,1,1.0
MhDM,0,6,6,0.0
MhDN,0,2,2,0.0
MhDP,0,2,2,0.0
MhDS,1,1,2,0.5
MhDb,1,1,2,0.5
MhDh,0,1,1,0.0
MhDl,1,0,1,1.0
MhDm,1,4,5,0.2
MhDn,1,2,3,0.33
MhDs,3,1,4,0.75
MhHB,1,0,1,1.0
MhHD,0,0,0,
MhHH,0,1,1,0.0
MhHK,0,0,0,
MhHM,2,3,5,0.4
MhHN,0,1,1,0.0
MhHP,2,2,4,0.5
MhHS,1,4,5,0.2
MhHb,1,3,4,0.25
MhHh,1,1,2,0.5
MhHl,1,2,3,0.33
MhHm,4,0,4,1.0
MhHn,2,6,8,0.25
MhHs,5,4,9,0.56
MhIB,1,0,1,1.0
MhID,1,0,1,1.0
MhIH,2,1,3,0.67
MhII,0,0,0,
MhIM,1,1,2,0.5
MhIN,1,0,1,1.0
MhIP,2,0,2,1.0
MhIS,1,0,1,1.0
MhIb,0,1,1,0.0
MhIl,0,1,1,0.0
MhIm,0,1,1,0.0
MhIn,0,1,1,0.0
MhIs,2,1,3,0.67
MhIt,1,0,1,1.0
MhKB,1,0,1,1.0
MhKM,2,1,3,0.67
MhKN,1,0,1,1.0
MhKP,0,1,1,0.0
MhKS,0,1,1,0.0
MhKn,1,0,1,1.0
MhKs,0,0,0,
MhKt,0,0,0,
MhLB,1,1,2,0.5
MhLK,0,1,1,0.0
MhLL,1,1,2,0.5
MhLM,2,2,4,0.5
MhLN,3,2,5,0.6
MhLP,3,1,4,0.75
MhLS,0,1,1,0.0
MhLb,7,2,9,0.78
MhLh,1,0,1,1.0
MhLl,0,2,2,0.0
MhLm,0,1,1,0.0
MhLn,3,2,5,0.6
MhLs,1,1,2,0.5
MhLt,1,0,1,1.0
MhMB,8,16,24,0.33
MhMD,1,5,6,0.17
MhMH,0,1,1,0.0
MhML,0,3,3,0.0
MhMM,9,12,21,0.43
MhMN,5,16,21,0.24
MhMP,7,4,11,0.64
MhMS,7,5,12,0.58
MhMb,7,11,18,0.39
MhMh,4,12,16,0.25
MhMj,0,2,2,0.0
MhMl,1,5,6,0.17
MhMm,10,12,22,0.45
MhMn,8,10,18,0.44
MhMs,4,4,8,0.5
MhMt,0,1,1,0.0
MhNB,9,9,18,0.5
MhND,2,2,4,0.5
MhNH,0,3,3,0.0
MhNI,0,0,0,
MhNK,0,1,1,0.0
MhNL,1,2,3,0.33
MhNM,8,9,17,0.47
MhNN,11,11,22,0.5
MhNP,9,16,25,0.36
MhNS,12,7,19,0.63
MhNb,8,4,12,0.67
MhNh,0,1,1,0.0
MhNl,2,2,4,0.5
MhNm,8,5,13,0.62
MhNn,12,11,23,0.52
MhNs,6,5,11,0.55
MhNt,3,1,4,0.75
MhPB,9,12,21,0.43
MhPD,2,1,3,0.67
MhPH,3,5,8,0.38
MhPI,0,1,1,0.0
MhPK,1,1,2,0.5
MhPL,5,1,6,0.83
MhPM,9,13,22,0.41
MhPN,7,8,15,0.47
MhPP,11,9,20,0.55
MhPS,12,6,18,0.67
MhPb,8,6,14,0.57
MhPh,2,2,4,0.5
MhPl,5,4,9,0.56
MhPm,15,11,26,0.58
MhPn,10,9,19,0.53
MhPs,8,11,19,0.42
MhSB,8,5,13,0.62
MhSD,3,0,3,1.0
MhSH,7,7,14,0.5
MhSI,0,0,0,
MhSL,3,0,3,1.0
MhSM,10,13,23,0.43
MhSN,8,4,12,0.67
MhSP,8,10,18,0.44
MhSS,13,12,25,0.52
MhSb,7,10,17,0.41
MhSh,5,9,14,0.36
MhSl,0,2,2,0.0
MhSm,12,4,16,0.75
MhSn,5,11,16,0.31
MhSs,13,10,23,0.57
MhSt,0,0,0,
MhbB,7,4,11,0.64
MhbD,0,1,1,0.0
MhbH,2,0,2,1.0
MhbI,1,0,1,1.0
MhbJ,4,2,6,0.67
MhbK,1,2,3,0.33
MhbL,3,3,6,0.5
MhbM,7,7,14,0.5
MhbN,9,7,16,0.56
MhbP,6,6,12,0.5
MhbS,9,3,12,0.75
Mhbb,8,4,12,0.67
Mhbl,2,2,4,0.5
Mhbm,14,6,20,0.7
Mhbn,8,9,17,0.47
Mhbs,4,3,7,0.57
MhhB,10,4,14,0.71
MhhD,1,1,2,0.5
MhhI,0,1,1,0.0
MhhL,5,4,9,0.56
MhhM,11,4,15,0.73
MhhN,8,3,11,0.73
MhhP,10,5,15,0.67
MhhS,13,5,18,0.72
Mhhb,9,2,11,0.82
Mhhh,5,7,12,0.42
Mhhl,1,2,3,0.33
Mhhm,6,8,14,0.43
Mhhn,11,7,18,0.61
Mhhs,7,2,9,0.78
Mhht,1,0,1,1.0
MhlB,2,3,5,0.4
MhlD,1,2,3,0.33
MhlH,1,1,2,0.5
MhlJ,1,1,2,0.5
MhlL,0,1,1,0.0
MhlM,2,8,10,0.2
MhlN,2,3,5,0.4
MhlP,2,2,4,0.5
MhlS,3,1,4,0.75
Mhlb,2,3,5,0.4
Mhll,0,0,0,
Mhlm,5,2,7,0.71
Mhln,2,3,5,0.4
Mhls,4,1,5,0.8
MhmB,9,8,17,0.53
MhmD,5,2,7,0.71
MhmH,5,6,11,0.45
MhmI,0,1,1,0.0
MhmJ,0,3,3,0.0
MhmK,0,1,1,0.0
MhmL,7,6,13,0.54
MhmM,10,13,23,0.43
MhmN,15,15,30,0.5
MhmP,14,13,27,0.52
MhmS,7,10,17,0.41
Mhmb,5,6,11,0.45
Mhml,2,0,2,1.0
Mhmm,18,11,29,0.62
Mhmn,12,7,19,0.63
Mhms,9,6,15,0.6
MhnB,5,7,12,0.42
MhnD,1,1,2,0.5
MhnH,4,3,7,0.57
MhnI,3,4,7,0.43
MhnK,0,1,1,0.0
MhnL,3,2,5,0.6
MhnM,5,11,16,0.31
MhnN,7,9,16,0.44
MhnP,11,8,19,0.58
MhnS,11,10,21,0.52
Mhnb,8,7,15,0.53
Mhnh,1,0,1,1.0
Mhnl,2,3,5,0.4
Mhnm,13,4,17,0.76
Mhnn,9,7,16,0.56
Mhns,8,5,13,0.62
MhsB,2,3,5,0.4
MhsD,1,1,2,0.5
MhsH,5,2,7,0.71
MhsI,1,2,3,0.33
MhsL,2,1,3,0.67
MhsM,5,11,16,0.31
MhsN,9,6,15,0.6
MhsP,7,7,14,0.5
MhsS,16,9,25,0.64
Mhsb,4,6,10,0.4
Mhsh,1,2,3,0.33
Mhsl,1,1,2,0.5
Mhsm,8,10,18,0.44
Mhsn,7,8,15,0.47
Mhss,1,6,7,0.14
MhtB,1,1,2,0.5
MhtD,0,0,0,
MhtH,0,1,1,0.0
MhtM,2,3,5,0.4
MhtN,0,1,1,0.0
MhtP,0,4,4,0.0
MhtS,1,0,1,1.0
Mhtb,0,3,3,0.0
Mhtl,1,0,1,1.0
Mhtm,2,2,4,0.5
Mhtn,0,1,1,0.0
Mhts,1,1,2,0.5
MjBB,2,2,4,0.5
MjBL,0,1,1,0.0
MjBM,0,4,4,0.0
MjBN,0,3,3,0.0
MjBP,2,1,3,0.67
MjBS,4,0,4,1.0
MjBb,1,4,5,0.2
MjBj,0,0,0,
MjBl,0,1,1,0.0
MjBm,3,0,3,1.0
MjBn,2,5,7,0.29
MjBs,1,0,1,1.0
MjDB,0,1,1,0.0
MjDH,0,2,2,0.0
MjDL,1,0,1,1.0
MjDN,1,0,1,1.0
MjDS,1,0,1,1.0
MjDh,1,0,1,1.0
MjHB,1,1,2,0.5
MjHL,0,1,1,0.0
MjHM,0,1,1,0.0
MjHN,1,0,1,1.0
MjHP,0,1,1,0.0
MjHS,1,0,1,1.0
MjHb,1,0,1,1.0
MjHh,1,0,1,1.0
MjHm,1,0,1,1.0
MjIB,1,0,1,1.0
MjIL,0,1,1,0.0
MjIM,2,0,2,1.0
MjIP,2,1,3,0.67
MjIb,0,1,1,0.0
MjIm,1,1,2,0.5
MjKb,0,1,1,0.0
MjLB,1,0,1,1.0
MjLL,1,0,1,1.0
MjLM,0,1,1,0.0
MjLN,2,0,2,1.0
MjLP,1,1,2,0.5
MjLb,1,2,3,0.33
MjLh,2,0,2,1.0
MjLm,1,1,2,0.5
MjLn,1,1,2,0.5
MjLs,2,0,2,1.0
MjMB,1,0,1,1.0
MjMD,0,1,1,0.0
MjML,0,1,1,0.0
MjMM,2,2,4,0.5
MjMN,2,2,4,0.5
MjMP,2,3,5,0.4
MjMS,0,2,2,0.0
MjMb,6,1,7,0.86
MjMh,0,2,2,0.0
MjMl,2,0,2,1.0
MjMm,3,3,6,0.5
MjMn,5,4,9,0.56
MjMs,0,1,1,0.0
MjNB,1,1,2,0.5
MjND,3,0,3,1.0
MjNH,1,1,2,0.5
MjNL,0,1,1,0.0
MjNM,2,1,3,0.67
MjNN,1,2,3,0.33
MjNP,1,2,3,0.33
MjNS,0,1,1,0.0
MjNb,3,1,4,0.75
MjNh,2,0,2,1.0
MjNm,3,0,3,1.0
MjNn,2,3,5,0.4
MjNs,0,1,1,0.0
MjNt,2,0,2,1.0
MjPB,2,1,3,0.67
MjPD,1,0,1,1.0
MjPH,1,1,2,0.5
MjPK,1,1,2,0.5
MjPL,5,1,6,0.83
MjPM,1,4,5,0.2
MjPN,3,2,5,0.6
MjPP,1,4,5,0.2
MjPS,1,2,3,0.33
MjPb,4,4,8,0.5
MjPl,1,0,1,1.0
MjPm,4,3,7,0.57
MjPn,3,2,5,0.6
MjPs,3,2,5,0.6
MjPt,0,1,1,0.0
MjSB,3,1,4,0.75
MjSD,1,0,1,1.0
MjSH,1,0,1,1.0
MjSM,2,1,3,0.67
MjSN,0,0,0,
MjSP,2,0,2,1.0
MjSS,5,1,6,0.83
MjSb,1,1,2,0.5
MjSh,0,2,2,0.0
MjSl,2,1,3,0.67
MjSm,3,2,5,0.6
MjSn,3,1,4,0.75
MjSs,2,2,4,0.5
MjbB,2,2,4,0.5
MjbD,0,1,1,0.0
MjbH,0,3,3,0.0
MjbJ,1,1,2,0.5
MjbL,1,1,2,0.5
MjbM,1,3,4,0.25
MjbN,0,0,0,
MjbP,2,0,2,1.0
MjbS,0,4,4,0.0
Mjbl,0,2,2,0.0
Mjbm,2,0,2,1.0
Mjbn,1,2,3,0.33
Mjbs,1,0,1,1.0
MjhN,0,1,1,0.0
MjhP,1,0,1,1.0
Mjhh,1,0,1,1.0
Mjhm,1,0,1,1.0
Mjhs,0,1,1,0.0
MjlB,0,0,0,
MjlJ,0,1,1,0.0
MjlM,1,2,3,0.33
MjlN,0,2,2,0.0
MjlP,0,1,1,0.0
MjlS,0,2,2,0.0
Mjlb,0,0,0,
MjmB,2,2,4,0.5
MjmD,0,1,1,0.0
MjmH,1,1,2,0.5
MjmJ,1,1,2,0.5
MjmL,2,1,3,0.67
MjmM,2,3,5,0.4
MjmN,3,3,6,0.5
MjmP,0,2,2,0.0
MjmS,3,1,4,0.75
Mjmb,2,1,3,0.67
Mjml,0,1,1,0.0
Mjmm,1,4,5,0.2
Mjmn,2,1,3,0.67
Mjms,1,1,2,0.5
MjnB,1,6,7,0.14
MjnD,0,1,1,0.0
MjnH,0,0,0,
MjnI,1,1,2,0.5
MjnK,1,0,1,1.0
MjnL,0,1,1,0.0
MjnM,1,2,3,0.33
MjnN,3,1,4,0.75
MjnP,2,0,2,1.0
MjnS,1,1,2,0.5
Mjnb,3,4,7,0.43
Mjnl,1,0,1,1.0
Mjnm,2,3,5,0.4
Mjnn,2,2,4,0.5
Mjns,2,3,5,0.4
MjsB,2,0,2,1.0
MjsH,0,2,2,0.0
MjsL,0,1,1,0.0
MjsM,0,1,1,0.0
MjsN,0,1,1,0.0
MjsP,2,2,4,0.5
MjsS,6,0,6,1.0
Mjsb,0,2,2,0.0
Mjsl,1,2,3,0.33
Mjsm,2,1,3,0.67
Mjsn,1,1,2,0.5
Mjss,0,1,1,0.0
MjtH,1,0,1,1.0
MjtN,0,0,0,
MjtP,0,1,1,0.0
MjtS,1,0,1,1.0
MlBB,2,2,4,0.5
MlBD,1,1,2,0.5
MlBK,1,2,3,0.33
MlBL,1,1,2,0.5
MlBM,2,1,3,0.67
MlBN,5,6,11,0.45
MlBP,2,2,4,0.5
MlBS,1,2,3,0.33
MlBb,4,0,4,1.0
MlBh,0,0,0,
MlBj,0,1,1,0.0
MlBl,0,1,1,0.0
MlBm,3,3,6,0.5
MlBn,8,2,10,0.8
MlBs,3,4,7,0.43
MlDB,1,0,1,1.0
MlDH,0,1,1,0.0
MlDI,0,1,1,0.0
MlDL,1,0,1,1.0
MlDM,0,1,1,0.0
MlDb,0,1,1,0.0
MlDl,0,0,0,
MlDm,2,1,3,0.67
MlDs,0,1,1,0.0
MlHB,4,0,4,1.0
MlHD,1,0,1,1.0
MlHH,0,1,1,0.0
MlHL,1,0,1,1.0
MlHM,0,1,1,0.0
MlHN,2,3,5,0.4
MlHP,3,3,6,0.5
MlHS,4,2,6,0.67
MlHb,2,1,3,0.67
MlHh,1,0,1,1.0
MlHl,0,1,1,0.0
MlHm,3,1,4,0.75
MlHn,3,2,5,0.6
MlHs,2,2,4,0.5
MlHt,2,0,2,1.0
MlIL,0,1,1,0.0
MlIM,3,1,4,0.75
MlIN,1,0,1,1.0
MlIP,0,1,1,0.0
MlIS,1,1,2,0.5
MlIb,2,0,2,1.0
MlIh,0,0,0,
MlIt,0,1,1,0.0
MlJB,0,1,1,0.0
MlJH,3,1,4,0.75
MlJM,1,0,1,1.0
MlJN,1,3,4,0.25
MlJP,2,4,6,0.33
MlJS,2,2,4,0.5
MlJb,1,1,2,0.5
MlJm,1,0,1,1.0
MlJn,0,0,0,
MlJs,0,1,1,0.0
MlKB,1,0,1,1.0
MlKM,0,1,1,0.0
MlKN,1,0,1,1.0
MlKm,1,0,1,1.0
MlKn,0,3,3,0.0
MlLB,2,1,3,0.67
MlLK,1,0,1,1.0
MlLL,2,1,3,0.67
MlLM,2,1,3,0.67
MlLN,2,1,3,0.67
MlLP,2,1,3,0.67
MlLS,2,3,5,0.4
MlLb,0,2,2,0.0
MlLj,0,1,1,0.0
MlLm,0,0,0,
MlLn,0,2,2,0.0
MlLs,3,0,3,1.0
MlMB,3,5,8,0.38
MlMD,0,0,0,
MlML,2,1,3,0.67
MlMM,4,5,9,0.44
MlMN,5,7,12,0.42
MlMP,4,3,7,0.57
MlMS,3,4,7,0.43
MlMb,7,2,9,0.78
MlMh,2,1,3,0.67
MlMj,2,1,3,0.67
MlMl,1,2,3,0.33
MlMm,0,5,5,0.0
MlMn,4,10,14,0.29
MlMs,1,3,4,0.25
MlMt,1,0,1,1.0
MlNB,3,2,5,0.6
MlND,0,4,4,0.0
MlNH,2,0,2,1.0
MlNL,0,2,2,0.0
MlNM,6,3,9,0.67
MlNN,5,5,10,0.5
MlNP,4,9,13,0.31
MlNS,3,4,7,0.43
MlNb,3,4,7,0.43
MlNh,1,3,4,0.25
MlNl,2,0,2,1.0
MlNm,9,5,14,0.64
MlNn,4,8,12,0.33
MlNs,5,1,6,0.83
MlNt,2,2,4,0.5
MlPB,1,3,4,0.25
MlPD,1,1,2,0.5
MlPH,2,0,2,1.0
MlPI,0,0,0,
MlPK,0,1,1,0.0
MlPL,0,3,3,0.0
MlPM,3,9,12,0.25
MlPN,4,7,11,0.36
MlPP,13,12,25,0.52
MlPS,1,3,4,0.25
MlPb,7,5,12,0.58
MlPl,1,3,4,0.25
MlPm,6,0,6,1.0
MlPn,5,3,8,0.62
MlPs,0,2,2,0.0
MlPt,1,1,2,0.5
MlSB,1,0,1,1.0
MlSD,3,2,5,0.6
MlSH,1,0,1,1.0
MlSM,2,2,4,0.5
MlSN,2,1,3,0.67
MlSP,3,5,8,0.38
MlSS,3,3,6,0.5
MlSb,3,4,7,0.43
MlSh,1,4,5,0.2
MlSl,1,2,3,0.33
MlSm,2,3,5,0.4
MlSn,5,5,10,0.5
MlSs,2,1,3,0.67
MlbB,1,5,6,0.17
MlbH,1,1,2,0.5
MlbK,1,0,1,1.0
MlbL,1,1,2,0.5
MlbM,1,6,7,0.14
MlbN,5,4,9,0.56
MlbP,5,3,8,0.62
MlbS,0,4,4,0.0
Mlbb,4,5,9,0.44
Mlbl,2,0,2,1.0
Mlbm,1,1,2,0.5
Mlbn,5,2,7,0.71
Mlbs,0,1,1,0.0
Mlhn,1,0,1,1.0
MllD,1,0,1,1.0
MllH,0,1,1,0.0
MllJ,2,0,2,1.0
MllL,0,1,1,0.0
MllM,1,0,1,1.0
MllN,2,1,3,0.67
MllP,0,1,1,0.0
MllS,1,2,3,0.33
Mllb,1,2,3,0.33
Mllm,2,1,3,0.67
Mlln,0,1,1,0.0
Mlls,0,1,1,0.0
MlmB,4,4,8,0.5
MlmD,2,0,2,1.0
MlmH,3,4,7,0.43
MlmI,2,0,2,1.0
MlmJ,1,1,2,0.5
MlmL,5,1,6,0.83
MlmM,2,4,6,0.33
MlmN,4,5,9,0.44
MlmP,5,1,6,0.83
MlmS,1,2,3,0.33
Mlmb,2,1,3,0.67
Mlml,1,0,1,1.0
Mlmm,2,6,8,0.25
Mlmn,5,2,7,0.71
Mlms,1,3,4,0.25
MlnB,2,3,5,0.4
MlnD,0,1,1,0.0
MlnH,2,2,4,0.5
MlnI,1,0,1,1.0
MlnK,0,1,1,0.0
MlnL,1,1,2,0.5
MlnM,2,4,6,0.33
MlnN,2,3,5,0.4
MlnP,5,3,8,0.62
MlnS,0,5,5,0.0
Mlnb,2,3,5,0.4
Mlnh,0,1,1,0.0
Mlnl,1,2,3,0.33
Mlnm,4,2,6,0.67
Mlnn,5,3,8,0.62
Mlns,2,0,2,1.0
Mlnt,1,0,1,1.0
MlsB,1,0,1,1.0
MlsD,0,0,0,
MlsH,4,2,6,0.67
MlsL,2,0,2,1.0
MlsM,2,2,4,0.5
MlsN,4,5,9,0.44
MlsP,3,3,6,0.5
MlsS,7,2,9,0.78
Mlsb,1,2,3,0.33
Mlsm,4,1,5,0.8
Mlsn,4,1,5,0.8
Mlss,1,2,3,0.33
MmBB,8,12,20,0.4
MmBD,2,4,6,0.33
MmBK,0,1,1,0.0
MmBL,4,5,9,0.44
MmBM,14,17,31,0.45
MmBN,15,14,29,0.52
MmBP,22,14,36,0.61
MmBS,6,6,12,0.5
MmBb,12,8,20,0.6
MmBh,4,1,5,0.8
MmBj,2,2,4,0.5
MmBl,4,3,7,0.57
MmBm,19,16,35,0.54
MmBn,15,12,27,0.56
MmBs,6,10,16,0.38
MmBt,5,3,8,0.62
MmDB,4,4,8,0.5
MmDD,0,1,1,0.0
MmDH,3,5,8,0.38
MmDI,1,1,2,0.5
MmDL,2,0,2,1.0
MmDM,2,4,6,0.33
MmDN,8,7,15,0.53
MmDP,6,3,9,0.67
MmDS,4,6,10,0.4
MmDb,0,3,3,0.0
MmDh,0,0,0,
MmDl,1,0,1,1.0
MmDm,9,5,14,0.64
MmDn,5,2,7,0.71
MmDs,3,0,3,1.0
MmDt,0,0,0,
MmHB,13,6,19,0.68
MmHD,5,2,7,0.71
MmHH,3,3,6,0.5
MmHI,1,1,2,0.5
MmHK,0,1,1,0.0
MmHL,1,0,1,1.0
MmHM,15,14,29,0.52
MmHN,13,16,29,0.45
MmHP,17,10,27,0.63
MmHS,7,7,14,0.5
MmHb,7,10,17,0.41
MmHh,9,6,15,0.6
MmHl,2,2,4,0.5
MmHm,18,18,36,0.5
MmHn,10,6,16,0.62
MmHs,14,10,24,0.58
MmHt,0,2,2,0.0
MmIB,1,1,2,0.5
MmID,3,1,4,0.75
MmIH,1,2,3,0.33
MmIK,1,0,1,1.0
MmIL,1,0,1,1.0
MmIM,1,0,1,1.0
MmIN,1,0,1,1.0
MmIP,1,3,4,0.25
MmIS,2,0,2,1.0
MmIb,1,1,2,0.5
MmIm,0,1,1,0.0
MmIn,1,3,4,0.25
MmIs,0,1,1,0.0
MmJB,1,1,2,0.5
MmJD,1,0,1,1.0
MmJH,1,0,1,1.0
MmJI,0,2,2,0.0
MmJK,0,1,1,0.0
MmJL,1,2,3,0.33
MmJM,0,1,1,0.0
MmJN,2,5,7,0.29
MmJP,3,6,9,0.33
MmJS,2,2,4,0.5
MmJb,4,0,4,1.0
MmJm,0,8,8,0.0
MmJn,3,6,9,0.33
MmJs,4,1,5,0.8
MmJt,0,1,1,0.0
MmKB,1,1,2,0.5
MmKD,1,0,1,1.0
MmKI,1,0,1,1.0
MmKN,1,0,1,1.0
MmKS,1,1,2,0.5
MmKb,1,0,1,1.0
MmLB,4,2,6,0.67
MmLD,0,1,1,0.0
MmLK,1,0,1,1.0
MmLL,2,1,3,0.67
MmLM,4,4,8,0.5
MmLN,3,4,7,0.43
MmLP,4,3,7,0.57
MmLS,1,4,5,0.2
MmLh,1,2,3,0.33
MmLl,0,1,1,0.0
MmLm,5,0,5,1.0
MmLn,5,5,10,0.5
MmLs,5,5,10,0.5
MmLt,3,0,3,1.0
MmMB,13,12,25,0.52
MmMD,6,1,7,0.86
MmMH,1,0,1,1.0
MmMI,1,0,1,1.0
MmMK,0,1,1,0.0
MmML,4,4,8,0.5
MmMM,9,16,25,0.36
MmMN,17,16,33,0.52
MmMP,22,19,41,0.54
MmMS,12,14,26,0.46
MmMb,10,9,19,0.53
MmMh,20,14,34,0.59
MmMj,1,5,6,0.17
MmMl,4,5,9,0.44
MmMm,29,20,49,0.59
MmMn,18,14,32,0.56
MmMs,6,9,15,0.4
MmMt,2,2,4,0.5
MmNB,7,11,18,0.39
MmND,1,6,7,0.14
MmNH,5,2,7,0.71
MmNI,1,0,1,1.0
MmNK,0,1,1,0.0
MmNL,6,5,11,0.55
MmNM,18,16,34,0.53
MmNN,18,17,35,0.51
MmNP,21,18,39,0.54
MmNS,18,18,36,0.5
MmNb,13,15,28,0.46
MmNh,9,5,14,0.64
MmNl,3,5,8,0.38
MmNm,16,20,36,0.44
MmNn,28,21,49,0.57
MmNs,9,14,23,0.39
MmNt,0,2,2,0.0
MmPB,11,15,26,0.42
MmPD,3,2,5,0.6
MmPH,1,2,3,0.33
MmPI,3,2,5,0.6
MmPK,2,2,4,0.5
MmPL,9,5,14,0.64
MmPM,12,17,29,0.41
MmPN,15,17,32,0.47
MmPP,20,19,39,0.51
MmPS,14,21,35,0.4
MmPb,10,15,25,0.4
MmPh,4,1,5,0.8
MmPl,4,0,4,1.0
MmPm,26,18,44,0.59
MmPn,18,18,36,0.5
MmPs,9,8,17,0.53
MmPt,0,5,5,0.0
MmSB,8,10,18,0.44
MmSD,4,6,10,0.4
MmSH,3,4,7,0.43
MmSI,1,0,1,1.0
MmSL,2,1,3,0.67
MmSM,14,15,29,0.48
MmSN,18,18,36,0.5
MmSP,13,6,19,0.68
MmSS,12,14,26,0.46
MmSb,12,10,22,0.55
MmSh,5,9,14,0.36
MmSl,3,4,7,0.43
MmSm,20,18,38,0.53
MmSn,14,9,23,0.61
MmSs,17,13,30,0.57
MmSt,3,1,4,0.75
MmbB,14,11,25,0.56
MmbD,0,6,6,0.0
MmbH,3,6,9,0.33
MmbI,4,4,8,0.5
MmbJ,6,5,11,0.55
MmbK,1,3,4,0.25
MmbL,2,0,2,1.0
MmbM,13,12,25,0.52
MmbN,18,12,30,0.6
MmbP,16,10,26,0.62
MmbS,7,8,15,0.47
Mmbb,14,9,23,0.61
Mmbl,2,5,7,0.29
Mmbm,6,7,13,0.46
Mmbn,14,14,28,0.5
Mmbs,6,2,8,0.75
MmhI,1,0,1,1.0
MmhN,0,0,0,
MmhS,0,0,0,
Mmhb,0,0,0,
Mmhl,0,1,1,0.0
Mmhm,0,1,1,0.0
MmlB,2,2,4,0.5
MmlD,2,0,2,1.0
MmlH,0,3,3,0.0
MmlJ,1,1,2,0.5
MmlL,2,0,2,1.0
MmlM,5,2,7,0.71
MmlN,3,6,9,0.33
MmlP,4,3,7,0.57
MmlS,1,4,5,0.2
Mmlb,2,1,3,0.67
Mmll,1,1,2,0.5
Mmlm,2,3,5,0.4
Mmln,3,2,5,0.6
Mmls,1,2,3,0.33
MmmB,12,14,26,0.46
MmmD,6,6,12,0.5
MmmH,16,13,29,0.55
MmmI,1,1,2,0.5
MmmJ,2,4,6,0.33
MmmK,0,1,1,0.0
MmmL,7,2,9,0.78
MmmM,21,19,40,0.52
MmmN,23,14,37,0.62
MmmP,17,14,31,0.55
MmmS,13,9,22,0.59
Mmmb,14,11,25,0.56
Mmml,3,2,5,0.6
Mmmm,25,16,41,0.61
Mmmn,19,17,36,0.53
Mmms,9,14,23,0.39
Mmmt,1,0,1,1.0
MmnB,10,8,18,0.56
MmnD,5,3,8,0.62
MmnH,12,12,24,0.5
MmnI,0,1,1,0.0
MmnK,0,0,0,
MmnL,3,3,6,0.5
MmnM,19,21,40,0.48
MmnN,24,32,56,0.43
MmnP,18,24,42,0.43
MmnS,10,11,21,0.48
Mmnb,14,8,22,0.64
Mmnh,1,0,1,1.0
Mmnl,2,3,5,0.4
Mmnm,13,7,20,0.65
Mmnn,18,17,35,0.51
Mmns,11,5,16,0.69
MmsB,13,7,20,0.65
MmsD,3,6,9,0.33
MmsH,11,10,21,0.52
MmsI,3,0,3,1.0
MmsK,0,1,1,0.0
MmsL,3,2,5,0.6
MmsM,7,7,14,0.5
MmsN,3,13,16,0.19
MmsP,8,9,17,0.47
MmsS,10,7,17,0.59
Mmsb,8,3,11,0.73
Mmsl,1,1,2,0.5
Mmsm,11,13,24,0.46
Mmsn,15,6,21,0.71
Mmss,9,7,16,0.56
Mmst,0,0,0,
MnBB,12,12,24,0.5
MnBD,2,6,8,0.25
MnBK,4,3,7,0.57
MnBL,1,4,5,0.2
MnBM,10,10,20,0.5
MnBN,13,19,32,0.41
MnBP,12,16,28,0.43
MnBS,6,8,14,0.43
MnBb,9,8,17,0.53
MnBh,3,3,6,0.5
MnBj,4,1,5,0.8
MnBl,6,4,10,0.6
MnBm,11,10,21,0.52
MnBn,20,16,36,0.56
MnBs,5,2,7,0.71
MnBt,3,3,6,0.5
MnDB,1,1,2,0.5
MnDD,2,2,4,0.5
MnDH,4,0,4,1.0
MnDL,2,0,2,1.0
MnDM,5,6,11,0.45
MnDN,4,1,5,0.8
MnDP,3,3,6,0.5
MnDS,5,3,8,0.62
MnDb,5,5,10,0.5
MnDl,0,1,1,0.0
MnDm,7,1,8,0.88
MnDn,7,4,11,0.64
MnDs,2,3,5,0.4
MnHB,6,1,7,0.86
MnHD,0,1,1,0.0
MnHH,0,1,1,0.0
MnHI,2,6,8,0.25
MnHK,1,1,2,0.5
MnHL,1,2,3,0.33
MnHM,4,5,9,0.44
MnHN,9,10,19,0.47
MnHP,12,16,28,0.43
MnHS,1,4,5,0.2
MnHb,8,3,11,0.73
MnHh,5,2,7,0.71
MnHl,2,3,5,0.4
MnHm,9,8,17,0.53
MnHn,11,8,19,0.58
MnHs,7,6,13,0.54
MnHt,1,0,1,1.0
MnIB,3,1,4,0.75
MnID,3,0,3,1.0
MnIH,2,1,3,0.67
MnII,1,0,1,1.0
MnIM,0,0,0,
MnIN,3,5,8,0.38
MnIP,5,2,7,0.71
MnIS,2,3,5,0.4
MnIb,2,2,4,0.5
MnIm,3,5,8,0.38
MnIn,7,4,11,0.64
MnIs,1,2,3,0.33
MnKB,0,1,1,0.0
MnKD,0,1,1,0.0
MnKM,1,5,6,0.17
MnKN,1,1,2,0.5
MnKP,3,3,6,0.5
MnKS,1,2,3,0.33
MnKb,0,1,1,0.0
MnKh,1,2,3,0.33
MnKm,1,2,3,0.33
MnKn,5,0,5,1.0
MnKs,2,2,4,0.5
MnKt,0,0,0,
MnLB,4,6,10,0.4
MnLD,0,1,1,0.0
MnLL,3,1,4,0.75
MnLM,6,4,10,0.6
MnLN,5,3,8,0.62
MnLP,3,4,7,0.43
MnLS,2,2,4,0.5
MnLb,0,2,2,0.0
MnLh,2,3,5,0.4
MnLj,1,1,2,0.5
MnLl,1,0,1,1.0
MnLm,5,3,8,0.62
MnLn,5,4,9,0.56
MnLs,2,4,6,0.33
MnLt,1,1,2,0.5
MnMB,10,17,27,0.37
MnMD,4,1,5,0.8
MnMI,1,0,1,1.0
MnML,4,7,11,0.36
MnMM,5,16,21,0.24
MnMN,13,12,25,0.52
MnMP,13,15,28,0.46
MnMS,2,5,7,0.29
MnMb,4,11,15,0.27
MnMh,12,9,21,0.57
MnMj,4,4,8,0.5
MnMl,4,4,8,0.5
MnMm,20,12,32,0.62
MnMn,15,31,46,0.33
MnMs,12,11,23,0.52
MnMt,2,1,3,0.67
MnNB,12,18,30,0.4
MnND,6,4,10,0.6
MnNH,5,5,10,0.5
MnNL,6,2,8,0.75
MnNM,24,24,48,0.5
MnNN,36,28,64,0.56
MnNP,25,31,56,0.45
MnNS,15,15,30,0.5
MnNb,10,17,27,0.37
MnNh,5,6,11,0.45
MnNl,5,4,9,0.56
MnNm,28,17,45,0.62
MnNn,35,35,70,0.5
MnNs,15,17,32,0.47
MnNt,1,7,8,0.12
MnPB,15,18,33,0.45
MnPD,5,3,8,0.62
MnPH,8,7,15,0.53
MnPI,7,4,11,0.64
MnPK,1,2,3,0.33
MnPL,10,6,16,0.62
MnPM,17,20,37,0.46
MnPN,28,19,47,0.6
MnPP,29,23,52,0.56
MnPS,22,21,43,0.51
MnPb,17,16,33,0.52
MnPh,2,4,6,0.33
MnPl,9,9,18,0.5
MnPm,22,29,51,0.43
MnPn,30,24,54,0.56
MnPs,17,13,30,0.57
MnPt,1,3,4,0.25
MnSB,11,9,20,0.55
MnSD,3,4,7,0.43
MnSH,3,2,5,0.6
MnSK,0,1,1,0.0
MnSL,4,2,6,0.67
MnSM,12,19,31,0.39
MnSN,7,11,18,0.39
MnSP,6,13,19,0.32
MnSS,15,27,42,0.36
MnSb,12,4,16,0.75
MnSh,8,5,13,0.62
MnSl,2,5,7,0.29
MnSm,16,6,22,0.73
MnSn,18,13,31,0.58
MnSs,10,14,24,0.42
MnSt,3,2,5,0.6
MnbB,13,10,23,0.57
MnbD,1,1,2,0.5
MnbH,4,4,8,0.5
MnbI,1,0,1,1.0
MnbJ,3,0,3,1.0
MnbK,1,3,4,0.25
MnbL,3,4,7,0.43
MnbM,12,10,22,0.55
MnbN,13,20,33,0.39
MnbP,8,12,20,0.4
MnbS,10,10,20,0.5
Mnbb,11,10,21,0.52
Mnbh,0,1,1,0.0
Mnbl,1,5,6,0.17
Mnbm,12,5,17,0.71
Mnbn,7,23,30,0.23
Mnbs,8,3,11,0.73
MnhM,0,1,1,0.0
MnhN,2,1,3,0.67
MnhP,1,1,2,0.5
MnhS,1,0,1,1.0
Mnhb,1,0,1,1.0
Mnhh,0,1,1,0.0
Mnhl,1,0,1,1.0
Mnhm,0,2,2,0.0
Mnhn,1,2,3,0.33
MnlB,1,6,7,0.14
MnlD,0,1,1,0.0
MnlH,1,1,2,0.5
MnlI,2,0,2,1.0
MnlJ,1,3,4,0.25
MnlK,1,0,1,1.0
MnlL,2,3,5,0.4
MnlM,3,4,7,0.43
MnlN,4,5,9,0.44
MnlP,3,3,6,0.5
MnlS,0,1,1,0.0
Mnlb,3,4,7,0.43
Mnlm,4,3,7,0.57
Mnln,6,5,11,0.55
Mnls,3,0,3,1.0
MnmB,6,13,19,0.32
MnmD,5,3,8,0.62
MnmH,14,17,31,0.45
MnmI,2,0,2,1.0
MnmJ,3,4,7,0.43
MnmK,1,0,1,1.0
MnmL,4,3,7,0.57
MnmM,22,17,39,0.56
MnmN,24,19,43,0.56
MnmP,20,15,35,0.57
MnmS,14,12,26,0.54
Mnmb,13,9,22,0.59
Mnmh,0,1,1,0.0
Mnml,3,3,6,0.5
Mnmm,20,14,34,0.59
Mnmn,12,21,33,0.36
Mnms,4,9,13,0.31
MnnB,10,12,22,0.45
MnnD,1,2,3,0.33
MnnH,8,12,20,0.4
MnnI,3,6,9,0.33
MnnK,0,2,2,0.0
MnnL,7,1,8,0.88
MnnM,16,23,39,0.41
MnnN,28,23,51,0.55
MnnP,34,26,60,0.57
MnnS,12,11,23,0.52
Mnnb,8,11,19,0.42
Mnnh,1,3,4,0.25
Mnnl,3,3,6,0.5
Mnnm,18,13,31,0.58
Mnnn,32,26,58,0.55
Mnns,11,8,19,0.58
Mnnt,1,0,1,1.0
MnsB,6,7,13,0.46
MnsD,1,4,5,0.2
MnsH,9,12,21,0.43
MnsL,0,6,6,0.0
MnsM,12,12,24,0.5
MnsN,14,13,27,0.52
MnsP,17,8,25,0.68
MnsS,10,8,18,0.56
Mnsb,4,6,10,0.4
Mnsh,2,1,3,0.67
Mnsl,4,2,6,0.67
Mnsm,8,6,14,0.57
Mnsn,12,15,27,0.44
Mnss,7,7,14,0.5
MntH,0,0,0,
MntM,1,0,1,1.0
MsBB,8,8,16,0.5
MsBD,0,3,3,0.0
MsBK,1,1,2,0.5
MsBL,1,3,4,0.25
MsBM,8,3,11,0.73
MsBN,6,5,11,0.55
MsBP,8,5,13,0.62
MsBS,2,4,6,0.33
MsBb,2,1,3,0.67
MsBh,0,1,1,0.0
MsBj,2,1,3,0.67
MsBl,2,3,5,0.4
MsBm,4,8,12,0.33
MsBn,12,7,19,0.63
MsBs,3,4,7,0.43
MsBt,1,0,1,1.0
MsDB,0,3,3,0.0
MsDD,1,0,1,1.0
MsDH,3,2,5,0.6
MsDI,1,0,1,1.0
MsDL,0,1,1,0.0
MsDM,0,2,2,0.0
MsDN,1,4,5,0.2
MsDP,0,4,4,0.0
MsDS,1,2,3,0.33
MsDb,1,1,2,0.5
MsDh,1,0,1,1.0
MsDl,1,0,1,1.0
MsDm,1,2,3,0.33
MsDn,1,1,2,0.5
MsDs,3,0,3,1.0
MsHB,4,5,9,0.44
MsHD,1,1,2,0.5
MsHH,3,1,4,0.75
MsHI,1,2,3,0.33
MsHL,1,1,2,0.5
MsHM,7,3,10,0.7
MsHN,8,9,17,0.47
MsHP,14,4,18,0.78
MsHS,6,5,11,0.55
MsHb,3,5,8,0.38
MsHh,7,5,12,0.58
MsHl,1,3,4,0.25
MsHm,6,9,15,0.4
MsHn,10,12,22,0.45
MsHs,6,9,15,0.4
MsHt,1,2,3,0.33
MsIB,0,1,1,0.0
MsID,1,0,1,1.0
MsIH,0,3,3,0.0
MsII,1,1,2,0.5
MsIM,2,0,2,1.0
MsIN,1,0,1,1.0
MsIP,0,0,0,
MsIS,4,2,6,0.67
MsIb,0,1,1,0.0
MsIl,2,1,3,0.67
MsIm,2,3,5,0.4
MsIn,1,1,2,0.5
MsIs,1,2,3,0.33
MsKN,1,0,1,1.0
MsKb,1,0,1,1.0
MsKn,1,1,2,0.5
MsLB,2,2,4,0.5
MsLD,1,0,1,1.0
MsLH,0,0,0,
MsLL,0,2,2,0.0
MsLM,0,3,3,0.0
MsLN,3,3,6,0.5
MsLP,0,1,1,0.0
MsLS,2,2,4,0.5
MsLb,2,2,4,0.5
MsLh,1,1,2,0.5
MsLj,1,0,1,1.0
MsLl,0,2,2,0.0
MsLm,2,0,2,1.0
MsLn,6,8,14,0.43
MsLs,1,0,1,1.0
MsMB,4,6,10,0.4
MsMD,3,3,6,0.5
MsML,2,1,3,0.67
MsMM,7,9,16,0.44
MsMN,8,7,15,0.53
MsMP,9,15,24,0.38
MsMS,7,5,12,0.58
MsMb,7,4,11,0.64
MsMh,4,5,9,0.44
MsMj,2,1,3,0.67
MsMl,2,2,4,0.5
MsMm,13,5,18,0.72
MsMn,16,11,27,0.59
MsMs,7,5,12,0.58
MsMt,0,1,1,0.0
MsNB,7,4,11,0.64
MsND,4,0,4,1.0
MsNH,0,3,3,0.0
MsNI,1,0,1,1.0
MsNK,0,0,0,
MsNL,1,5,6,0.17
MsNM,10,12,22,0.45
MsNN,9,14,23,0.39
MsNP,13,5,18,0.72
MsNS,7,11,18,0.39
MsNb,5,4,9,0.56
MsNh,6,7,13,0.46
MsNl,0,1,1,0.0
MsNm,11,5,16,0.69
MsNn,18,4,22,0.82
MsNs,12,9,21,0.57
MsNt,5,4,9,0.56
MsPB,15,8,23,0.65
MsPD,0,2,2,0.0
MsPH,1,4,5,0.2
MsPI,2,0,2,1.0
MsPK,3,2,5,0.6
MsPL,1,5,6,0.17
MsPM,10,3,13,0.77
MsPN,6,12,18,0.33
MsPP,12,12,24,0.5
MsPS,7,9,16,0.44
MsPb,8,6,14,0.57
MsPh,1,2,3,0.33
MsPl,3,1,4,0.75
MsPm,15,7,22,0.68
MsPn,11,10,21,0.52
MsPs,6,8,14,0.43
MsPt,3,2,5,0.6
MsSB,6,5,11,0.55
MsSD,1,0,1,1.0
MsSH,4,6,10,0.4
MsSL,2,2,4,0.5
MsSM,8,9,17,0.47
MsSN,9,6,15,0.6
MsSP,11,5,16,0.69
MsSS,17,10,27,0.63
MsSb,6,6,12,0.5
MsSh,8,4,12,0.67
MsSl,3,3,6,0.5
MsSm,17,14,31,0.55
MsSn,11,6,17,0.65
MsSs,8,9,17,0.47
MsSt,1,2,3,0.33
MsbB,2,8,10,0.2
MsbD,1,0,1,1.0
MsbH,2,2,4,0.5
MsbI,0,2,2,0.0
MsbJ,0,1,1,0.0
MsbK,0,0,0,
MsbL,0,3,3,0.0
MsbM,4,8,12,0.33
MsbN,11,11,22,0.5
MsbP,6,5,11,0.55
MsbS,3,3,6,0.5
Msbb,4,6,10,0.4
Msbl,0,1,1,0.0
Msbm,4,5,9,0.44
Msbn,6,4,10,0.6
Msbs,4,6,10,0.4
MshB,0,0,0,
MshD,1,0,1,1.0
MshL,1,1,2,0.5
MshM,0,3,3,0.0
MshN,0,2,2,0.0
MshP,1,0,1,1.0
MshS,1,1,2,0.5
Mshb,0,2,2,0.0
Mshh,5,1,6,0.83
Mshm,1,0,1,1.0
Mshn,0,0,0,
Msht,1,0,1,1.0
MslB,1,0,1,1.0
MslJ,1,0,1,1.0
MslM,0,3,3,0.0
MslN,2,2,4,0.5
MslP,2,2,4,0.5
MslS,3,2,5,0.6
Mslb,0,2,2,0.0
Msll,1,1,2,0.5
Mslm,4,2,6,0.67
Msln,1,3,4,0.25
Msls,1,3,4,0.25
MsmB,7,3,10,0.7
MsmD,5,3,8,0.62
MsmH,5,13,18,0.28
MsmI,0,1,1,0.0
MsmJ,1,1,2,0.5
MsmL,2,1,3,0.67
MsmM,10,14,24,0.42
MsmN,8,13,21,0.38
MsmP,11,12,23,0.48
MsmS,5,8,13,0.38
Msmb,8,3,11,0.73
Msml,2,0,2,1.0
Msmm,11,3,14,0.79
Msmn,9,4,13,0.69
Msms,2,6,8,0.25
MsnB,6,10,16,0.38
MsnD,4,1,5,0.8
MsnH,4,1,5,0.8
MsnI,1,1,2,0.5
MsnK,0,1,1,0.0
MsnL,2,1,3,0.67
MsnM,13,5,18,0.72
MsnN,16,8,24,0.67
MsnP,12,11,23,0.52
MsnS,10,3,13,0.77
Msnb,6,6,12,0.5
Msnh,0,1,1,0.0
Msnl,2,2,4,0.5
Msnm,5,3,8,0.62
Msnn,9,10,19,0.47
Msns,7,4,11,0.64
MssB,2,10,12,0.17
MssD,3,2,5,0.6
MssH,2,8,10,0.2
MssI,0,3,3,0.0
MssL,1,1,2,0.5
MssM,7,7,14,0.5
MssN,4,6,10,0.4
MssP,7,7,14,0.5
MssS,9,15,24,0.38
Mssb,4,7,11,0.36
Mssh,0,1,1,0.0
Mssl,0,1,1,0.0
Mssm,9,3,12,0.75
Mssn,10,5,15,0.67
Msss,9,7,16,0.56
MstM,1,0,1,1.0
Mstb,0,1,1,0.0
Mstm,1,0,1,1.0
Mstn,1,0,1,1.0
MtBB,0,3,3,0.0
MtBM,1,0,1,1.0
MtBN,0,2,2,0.0
MtBP,3,2,5,0.6
MtBS,3,0,3,1.0
MtBb,0,1,1,0.0
MtBj,1,2,3,0.33
MtBl,1,0,1,1.0
MtBm,1,3,4,0.25
MtBn,1,1,2,0.5
MtBs,2,0,2,1.0
MtBt,0,2,2,0.0
MtDB,2,0,2,1.0
MtDD,0,0,0,
MtDH,0,1,1,0.0
MtDL,1,0,1,1.0
MtDM,0,1,1,0.0
MtDP,0,2,2,0.0
MtDS,2,0,2,1.0
MtDn,0,0,0,
MtDs,0,0,0,
MtHB,1,0,1,1.0
MtHD,0,1,1,0.0
MtHI,0,1,1,0.0
MtHL,1,0,1,1.0
MtHM,1,1,2,0.5
MtHN,1,1,2,0.5
MtHP,1,2,3,0.33
MtHS,1,1,2,0.5
MtHb,1,0,1,1.0
MtHl,2,0,2,1.0
MtHm,2,0,2,1.0
MtHn,1,0,1,1.0
MtHs,0,1,1,0.0
MtIS,1,0,1,1.0
MtIb,1,0,1,1.0
MtIn,1,0,1,1.0
MtKD,0,0,0,
MtKN,1,0,1,1.0
MtKS,1,0,1,1.0
MtLM,1,1,2,0.5
MtLN,0,2,2,0.0
MtLS,0,1,1,0.0
MtLb,1,0,1,1.0
MtLh,0,1,1,0.0
MtLl,0,2,2,0.0
MtLn,1,0,1,1.0
MtLs,0,0,0,
MtMB,2,0,2,1.0
MtML,0,1,1,0.0
MtMM,3,2,5,0.6
MtMN,1,2,3,0.33
MtMP,1,0,1,1.0
MtMS,2,0,2,1.0
MtMb,4,0,4,1.0
MtMh,1,3,4,0.25
MtMj,0,1,1,0.0
MtMl,1,1,2,0.5
MtMm,2,3,5,0.4
MtMn,0,0,0,
MtMs,3,3,6,0.5
MtNB,2,2,4,0.5
MtND,0,1,1,0.0
MtNK,0,1,1,0.0
MtNL,1,0,1,1.0
MtNM,0,4,4,0.0
MtNN,3,1,4,0.75
MtNP,2,3,5,0.4
MtNS,1,0,1,1.0
MtNb,1,0,1,1.0
MtNh,1,0,1,1.0
MtNl,0,0,0,
MtNm,2,1,3,0.67
MtNn,7,5,12,0.58
MtNs,1,1,2,0.5
MtPB,1,1,2,0.5
MtPD,0,2,2,0.0
MtPH,4,1,5,0.8
MtPI,1,1,2,0.5
MtPK,1,0,1,1.0
MtPL,1,1,2,0.5
MtPM,0,3,3,0.0
MtPN,4,2,6,0.67
MtPP,3,5,8,0.38
MtPS,1,2,3,0.33
MtPb,1,1,2,0.5
MtPh,0,0,0,
MtPm,2,4,6,0.33
MtPn,1,3,4,0.25
MtPs,1,2,3,0.33
MtSD,1,0,1,1.0
MtSH,1,1,2,0.5
MtSL,0,0,0,
MtSM,0,0,0,
MtSN,0,2,2,0.0
MtSP,1,0,1,1.0
MtSS,6,3,9,0.67
MtSb,3,0,3,1.0
MtSh,1,1,2,0.5
MtSl,1,0,1,1.0
MtSm,2,2,4,0.5
MtSn,2,1,3,0.67
MtSs,0,1,1,0.0
MtSt,2,0,2,1.0
MtbB,2,1,3,0.67
MtbH,1,1,2,0.5
MtbJ,2,0,2,1.0
MtbM,0,2,2,0.0
MtbN,3,2,5,0.6
MtbP,0,1,1,0.0
MtbS,1,0,1,1.0
Mtbb,3,1,4,0.75
Mtbm,0,2,2,0.0
Mtbn,1,0,1,1.0
Mtbs,1,1,2,0.5
MthM,0,1,1,0.0
MthP,0,1,1,0.0
Mthm,0,0,0,
MtlK,0,1,1,0.0
MtlM,1,0,1,1.0
MtlN,0,2,2,0.0
Mtlb,1,0,1,1.0
Mtlm,2,1,3,0.67
Mtls,2,0,2,1.0
MtmB,2,2,4,0.5
MtmH,1,2,3,0.33
MtmJ,0,1,1,0.0
MtmM,1,5,6,0.17
MtmN,4,2,6,0.67
MtmP,3,1,4,0.75
MtmS,1,0,1,1.0
Mtmb,1,2,3,0.33
Mtml,1,1,2,0.5
Mtmm,1,1,2,0.5
Mtmn,0,2,2,0.0
Mtms,0,2,2,0.0
MtnB,1,2,3,0.33
MtnH,0,1,1,0.0
MtnI,0,0,0,
MtnK,0,1,1,0.0
MtnL,1,0,1,1.0
MtnM,1,2,3,0.33
MtnN,2,3,5,0.4
MtnP,0,3,3,0.0
MtnS,0,2,2,0.0
Mtnb,3,2,5,0.6
Mtnl,0,1,1,0.0
Mtnm,1,4,5,0.2
Mtnn,2,2,4,0.5
Mtns,0,2,2,0.0
MtsB,1,0,1,1.0
MtsD,2,0,2,1.0
MtsH,1,4,5,0.2
MtsM,0,2,2,0.0
MtsN,2,0,2,1.0
MtsP,0,1,1,0.0
MtsS,2,4,6,0.33
Mtsb,2,0,2,1.0
Mtsm,1,2,3,0.33
Mtsn,0,1,1,0.0
Mtss,0,1,1,0.0
MttB,0,1,1,0.0
MttH,1,0,1,1.0
MttM,1,0,1,1.0
MttP,2,0,2,1.0
Mttb,0,1,1,0.0
Mtts,1,0,1,1.0
NBBB,13,12,25,0.52
NBBD,2,0,2,1.0
NBBK,1,0,1,1.0
NBBL,2,7,9,0.22
NBBM,10,7,17,0.59
NBBN,11,14,25,0.44
NBBP,13,12,25,0.52
NBBS,5,2,7,0.71
NBBb,7,8,15,0.47
NBBh,4,0,4,1.0
NBBj,4,0,4,1.0
NBBl,2,3,5,0.4
NBBm,15,11,26,0.58
NBBn,19,22,41,0.46
NBBs,6,1,7,0.86
NBBt,3,1,4,0.75
NBDB,4,0,4,1.0
NBDD,2,1,3,0.67
NBDH,1,1,2,0.5
NBDL,0,2,2,0.0
NBDM,1,0,1,1.0
NBDN,0,3,3,0.0
NBDP,3,0,3,1.0
NBDS,0,3,3,0.0
NBDb,0,1,1,0.0
NBDm,4,2,6,0.67
NBDn,7,0,7,1.0
NBDs,0,0,0,
NBKB,1,0,1,1.0
NBKD,0,0,0,
NBKH,0,1,1,0.0
NBKL,0,0,0,
NBKM,2,1,3,0.67
NBKN,1,1,2,0.5
NBKP,0,2,2,0.0
NBKh,1,1,2,0.5
NBKl,1,0,1,1.0
NBKm,1,2,3,0.33
NBKn,1,4,5,0.2
NBKs,0,0,0,
NBLB,4,3,7,0.57
NBLD,1,2,3,0.33
NBLK,0,1,1,0.0
NBLL,1,0,1,1.0
NBLM,3,3,6,0.5
NBLN,3,0,3,1.0
NBLP,5,4,9,0.56
NBLS,0,2,2,0.0
NBLb,2,2,4,0.5
NBLh,1,2,3,0.33
NBLj,1,1,2,0.5
NBLl,3,3,6,0.5
NBLm,5,2,7,0.71
NBLn,3,3,6,0.5
NBLs,0,2,2,0.0
NBMB,12,11,23,0.52
NBMD,1,3,4,0.25
NBML,0,3,3,0.0
NBMM,4,10,14,0.29
NBMN,9,11,20,0.45
NBMP,11,5,16,0.69
NBMS,5,9,14,0.36
NBMb,11,8,19,0.58
NBMh,5,7,12,0.42
NBMj,3,0,3,1.0
NBMl,3,1,4,0.75
NBMm,10,10,20,0.5
NBMn,12,10,22,0.55
NBMs,3,5,8,0.38
NBMt,0,2,2,0.0
NBNB,7,16,23,0.3
NBND,1,6,7,0.14
NBNH,4,2,6,0.67
NBNK,1,2,3,0.33
NBNL,6,3,9,0.67
NBNM,8,5,13,0.62
NBNN,12,19,31,0.39
NBNP,22,22,44,0.5
NBNS,7,7,14,0.5
NBNb,4,5,9,0.44
NBNh,6,2,8,0.75
NBNl,4,5,9,0.44
NBNm,13,7,20,0.65
NBNn,17,21,38,0.45
NBNs,11,10,21,0.52
NBNt,3,2,5,0.6
NBPB,16,13,29,0.55
NBPD,4,3,7,0.57
NBPH,2,3,5,0.4
NBPI,2,2,4,0.5
NBPK,1,3,4,0.25
NBPL,3,6,9,0.33
NBPM,18,7,25,0.72
NBPN,9,9,18,0.5
NBPP,27,28,55,0.49
NBPS,18,14,32,0.56
NBPb,10,8,18,0.56
NBPh,2,0,2,1.0
NBPl,6,6,12,0.5
NBPm,18,12,30,0.6
NBPn,15,17,32,0.47
NBPs,11,7,18,0.61
NBSB,6,8,14,0.43
NBSD,1,0,1,1.0
NBSH,1,2,3,0.33
NBSL,2,1,3,0.67
NBSM,5,5,10,0.5
NBSN,6,6,12,0.5
NBSP,10,9,19,0.53
NBSS,4,6,10,0.4
NBSb,3,4,7,0.43
NBSh,5,2,7,0.71
NBSl,4,4,8,0.5
NBSm,7,6,13,0.54
NBSn,4,9,13,0.31
NBSs,8,5,13,0.62
NBSt,1,3,4,0.25
NBbB,8,8,16,0.5
NBbD,3,1,4,0.75
NBbH,1,5,6,0.17
NBbI,1,2,3,0.33
NBbJ,4,4,8,0.5
NBbK,1,1,2,0.5
NBbL,2,0,2,1.0
NBbM,7,10,17,0.41
NBbN,14,20,34,0.41
NBbP,17,10,27,0.63
NBbS,3,6,9,0.33
NBbb,10,6,16,0.62
NBbh,0,1,1,0.0
NBbl,2,2,4,0.5
NBbm,11,6,17,0.65
NBbn,23,9,32,0.72
NBbs,8,6,14,0.57
NBhB,0,1,1,0.0
NBhD,0,1,1,0.0
NBhH,1,1,2,0.5
NBhI,0,0,0,
NBhL,0,2,2,0.0
NBhM,1,4,5,0.2
NBhN,0,1,1,0.0
NBhP,1,1,2,0.5
NBhb,2,0,2,1.0
NBhh,1,4,5,0.2
NBhm,2,2,4,0.5
NBhn,2,1,3,0.67
NBhs,1,1,2,0.5
NBjB,4,3,7,0.57
NBjD,0,2,2,0.0
NBjK,1,0,1,1.0
NBjL,0,2,2,0.0
NBjM,0,0,0,
NBjN,3,1,4,0.75
NBjP,5,3,8,0.62
NBjS,3,1,4,0.75
NBjb,3,2,5,0.6
NBjl,0,1,1,0.0
NBjm,5,4,9,0.56
NBjn,5,0,5,1.0
NBjs,1,1,2,0.5
NBjt,0,1,1,0.0
NBlB,1,4,5,0.2
NBlH,3,1,4,0.75
NBlI,1,0,1,1.0
NBlJ,1,0,1,1.0
NBlL,1,1,2,0.5
NBlM,9,2,11,0.82
NBlN,4,5,9,0.44
NBlP,3,4,7,0.43
NBlS,2,1,3,0.67
NBlb,4,3,7,0.57
NBll,1,1,2,0.5
NBlm,6,1,7,0.86
NBln,4,3,7,0.57
NBls,1,3,4,0.25
NBmB,10,14,24,0.42
NBmD,3,1,4,0.75
NBmH,5,8,13,0.38
NBmI,1,1,2,0.5
NBmJ,1,5,6,0.17
NBmK,0,0,0,
NBmL,1,7,8,0.12
NBmM,13,17,30,0.43
NBmN,17,15,32,0.53
NBmP,16,15,31,0.52
NBmS,6,9,15,0.4
NBmb,7,11,18,0.39
NBml,4,2,6,0.67
NBmm,19,10,29,0.66
NBmn,10,13,23,0.43
NBms,6,9,15,0.4
NBnB,12,4,16,0.75
NBnD,3,6,9,0.33
NBnH,4,2,6,0.67
NBnI,1,2,3,0.33
NBnK,1,2,3,0.33
NBnL,5,4,9,0.56
NBnM,12,22,34,0.35
NBnN,32,22,54,0.59
NBnP,15,22,37,0.41
NBnS,15,8,23,0.65
NBnb,11,17,28,0.39
NBnl,2,2,4,0.5
NBnm,18,17,35,0.51
NBnn,14,19,33,0.42
NBns,13,13,26,0.5
NBnt,0,1,1,0.0
NBsB,2,5,7,0.29
NBsD,2,0,2,1.0
NBsH,3,5,8,0.38
NBsI,0,1,1,0.0
NBsL,1,2,3,0.33
NBsM,12,3,15,0.8
NBsN,3,4,7,0.43
NBsP,5,10,15,0.33
NBsS,3,8,11,0.27
NBsb,4,3,7,0.57
NBsh,0,1,1,0.0
NBsl,1,2,3,0.33
NBsm,6,7,13,0.46
NBsn,8,8,16,0.5
NBss,6,4,10,0.6
NBtB,2,2,4,0.5
NBtD,0,0,0,
NBtH,1,0,1,1.0
NBtL,2,0,2,1.0
NBtM,1,2,3,0.33
NBtN,5,2,7,0.71
NBtP,1,2,3,0.33
NBtS,1,1,2,0.5
NBtb,1,2,3,0.33
NBtl,0,2,2,0.0
NBtm,0,2,2,0.0
NBtn,1,2,3,0.33
NBts,0,0,0,
NBtt,0,0,0,
NDBB,1,4,5,0.2
NDBD,1,2,3,0.33
NDBL,1,0,1,1.0
NDBM,1,5,6,0.17
NDBN,0,3,3,0.0
NDBP,1,1,2,0.5
NDBS,1,2,3,0.33
NDBb,4,0,4,1.0
NDBj,0,1,1,0.0
NDBm,4,3,7,0.57
NDBn,4,2,6,0.67
NDBs,4,1,5,0.8
NDBt,0,0,0,
NDDD,2,0,2,1.0
NDDH,2,0,2,1.0
NDDM,2,1,3,0.67
NDDN,1,2,3,0.33
NDDP,4,0,4,1.0
NDDS,0,1,1,0.0
NDDm,0,3,3,0.0
NDDn,1,1,2,0.5
NDDs,1,0,1,1.0
NDHD,0,0,0,
NDHH,0,0,0,
NDHK,0,0,0,
NDHM,2,0,2,1.0
NDHN,0,0,0,
NDHP,3,3,6,0.5
NDHS,2,3,5,0.4
NDHb,3,2,5,0.6
NDHh,0,1,1,0.0
NDHl,2,0,2,1.0
NDHm,4,1,5,0.8
NDHn,2,1,3,0.67
NDHs,2,3,5,0.4
NDIB,0,0,0,
NDII,0,0,0,
NDIN,1,0,1,1.0
NDIP,1,0,1,1.0
NDIS,0,1,1,0.0
NDIh,1,0,1,1.0
NDIm,0,1,1,0.0
NDIs,1,3,4,0.25
NDKb,0,0,0,
NDKm,1,0,1,1.0
NDLB,0,0,0,
NDLM,0,1,1,0.0
NDLN,1,2,3,0.33
NDLP,1,0,1,1.0
NDLS,1,0,1,1.0
NDLb,0,0,0,
NDLh,1,0,1,1.0
NDLj,0,1,1,0.0
NDLm,1,0,1,1.0
NDLn,1,0,1,1.0
NDLs,1,0,1,1.0
NDMB,3,3,6,0.5
NDMD,0,1,1,0.0
NDML,1,1,2,0.5
NDMM,1,5,6,0.17
NDMN,1,3,4,0.25
NDMP,6,1,7,0.86
NDMS,0,1,1,0.0
NDMb,0,4,4,0.0
NDMh,4,4,8,0.5
NDMj,0,1,1,0.0
NDMl,2,0,2,1.0
NDMm,3,2,5,0.6
NDMn,0,4,4,0.0
NDMs,4,1,5,0.8
NDMt,1,0,1,1.0
NDNB,3,4,7,0.43
NDND,1,0,1,1.0
NDNH,0,0,0,
NDNI,0,1,1,0.0
NDNK,0,1,1,0.0
NDNL,0,1,1,0.0
NDNM,4,3,7,0.57
NDNN,1,0,1,1.0
NDNP,1,5,6,0.17
NDNS,1,1,2,0.5
NDNb,1,0,1,1.0
NDNh,1,0,1,1.0
NDNl,1,1,2,0.5
NDNm,5,3,8,0.62
NDNn,0,4,4,0.0
NDNs,1,1,2,0.5
NDNt,0,1,1,0.0
NDPB,4,2,6,0.67
NDPD,2,0,2,1.0
NDPH,1,0,1,1.0
NDPL,2,0,2,1.0
NDPM,2,4,6,0.33
NDPN,3,3,6,0.5
NDPP,3,4,7,0.43
NDPS,1,4,5,0.2
NDPb,0,4,4,0.0
NDPh,0,1,1,0.0
NDPl,0,3,3,0.0
NDPm,5,4,9,0.56
NDPn,2,7,9,0.22
NDPs,5,3,8,0.62
NDPt,0,0,0,
NDSB,4,2,6,0.67
NDSH,0,1,1,0.0
NDSI,1,0,1,1.0
NDSL,2,1,3,0.67
NDSM,5,3,8,0.62
NDSN,2,2,4,0.5
NDSP,4,3,7,0.57
NDSS,7,4,11,0.64
NDSb,4,2,6,0.67
NDSh,0,2,2,0.0
NDSm,4,6,10,0.4
NDSn,4,4,8,0.5
NDSs,6,4,10,0.6
NDSt,1,0,1,1.0
NDbB,1,2,3,0.33
NDbD,1,2,3,0.33
NDbI,1,0,1,1.0
NDbL,0,1,1,0.0
NDbM,4,4,8,0.5
NDbN,1,3,4,0.25
NDbP,2,2,4,0.5
NDbS,1,1,2,0.5
NDbb,1,1,2,0.5
NDbm,2,2,4,0.5
NDbn,1,3,4,0.25
NDbs,0,0,0,
NDhM,0,1,1,0.0
NDhS,0,0,0,
NDhs,1,0,1,1.0
NDlB,1,0,1,1.0
NDlL,0,1,1,0.0
NDlM,0,1,1,0.0
NDlN,1,1,2,0.5
NDlS,1,1,2,0.5
NDlb,0,2,2,0.0
NDll,0,1,1,0.0
NDlm,2,1,3,0.67
NDln,0,1,1,0.0
NDmB,6,2,8,0.75
NDmD,3,1,4,0.75
NDmH,1,2,3,0.33
NDmI,2,0,2,1.0
NDmJ,1,0,1,1.0
NDmK,0,1,1,0.0
NDmL,1,0,1,1.0
NDmM,9,2,11,0.82
NDmN,4,5,9,0.44
NDmP,1,3,4,0.25
NDmS,1,6,7,0.14
NDmb,1,3,4,0.25
NDml,2,2,4,0.5
NDmm,3,4,7,0.43
NDmn,1,0,1,1.0
NDms,1,2,3,0.33
NDnB,1,0,1,1.0
NDnD,1,1,2,0.5
NDnH,2,4,6,0.33
NDnL,0,1,1,0.0
NDnM,0,4,4,0.0
NDnN,3,1,4,0.75
NDnP,5,3,8,0.62
NDnS,3,3,6,0.5
NDnb,5,3,8,0.62
NDnm,4,2,6,0.67
NDnn,2,3,5,0.4
NDns,1,2,3,0.33
NDsB,1,1,2,0.5
NDsD,0,1,1,0.0
NDsH,3,4,7,0.43
NDsL,2,1,3,0.67
NDsM,0,2,2,0.0
NDsN,1,0,1,1.0
NDsP,1,3,4,0.25
NDsS,1,0,1,1.0
NDsb,2,0,2,1.0
NDsm,3,3,6,0.5
NDsn,2,1,3,0.67
NDss,0,1,1,0.0
NDtB,0,1,1,0.0
NDtL,0,2,2,0.0
NDtN,1,0,1,1.0
NDtP,0,1,1,0.0
NDtm,1,0,1,1.0
NDtn,1,2,3,0.33
NDts,0,0,0,
NHBB,3,3,6,0.5
NHBD,0,0,0,
NHBL,1,0,1,1.0
NHBM,3,0,3,1.0
NHBN,1,3,4,0.25
NHBP,1,0,1,1.0
NHBS,1,0,1,1.0
NHBb,1,2,3,0.33
NHBj,0,1,1,0.0
NHBl,2,0,2,1.0
NHBm,0,1,1,0.0
NHBn,1,2,3,0.33
NHBs,2,0,2,1.0
NHDB,0,0,0,
NHDL,1,0,1,1.0
NHDM,0,0,0,
NHDN,1,1,2,0.5
NHDP,2,0,2,1.0
NHDS,0,1,1,0.0
NHDb,0,1,1,0.0
NHDm,0,2,2,0.0
NHDn,1,1,2,0.5
NHDs,0,0,0,
NHHB,1,1,2,0.5
NHHM,0,0,0,
NHHP,1,0,1,1.0
NHHS,0,1,1,0.0
NHHm,3,1,4,0.75
NHHn,0,0,0,
NHHt,1,0,1,1.0
NHIB,0,2,2,0.0
NHIH,0,1,1,0.0
NHIN,0,1,1,0.0
NHIS,0,2,2,0.0
NHIb,0,1,1,0.0
NHIn,1,0,1,1.0
NHIs,0,1,1,0.0
NHKM,1,0,1,1.0
NHKS,0,1,1,0.0
NHKn,0,3,3,0.0
NHLB,0,1,1,0.0
NHLM,2,1,3,0.67
NHLP,0,0,0,
NHLS,3,0,3,1.0
NHLb,2,0,2,1.0
NHLm,2,0,2,1.0
NHLn,2,2,4,0.5
NHLt,0,1,1,0.0
NHMB,0,0,0,
NHMD,1,1,2,0.5
NHMK,0,1,1,0.0
NHMM,1,2,3,0.33
NHMN,0,3,3,0.0
NHMP,1,2,3,0.33
NHMS,3,2,5,0.6
NHMb,0,0,0,
NHMh,1,2,3,0.33
NHMj,1,2,3,0.33
NHMm,3,1,4,0.75
NHMn,2,0,2,1.0
NHMs,1,2,3,0.33
NHNB,2,0,2,1.0
NHND,1,0,1,1.0
NHNK,0,0,0,
NHNL,2,1,3,0.67
NHNM,1,1,2,0.5
NHNN,3,2,5,0.6
NHNP,5,4,9,0.56
NHNS,2,2,4,0.5
NHNb,2,3,5,0.4
NHNh,1,3,4,0.25
NHNl,1,1,2,0.5
NHNm,7,3,10,0.7
NHNn,3,8,11,0.27
NHNs,2,3,5,0.4
NHPB,1,1,2,0.5
NHPD,1,0,1,1.0
NHPH,2,2,4,0.5
NHPK,1,0,1,1.0
NHPL,1,0,1,1.0
NHPM,8,3,11,0.73
NHPN,4,1,5,0.8
NHPP,6,5,11,0.55
NHPS,3,1,4,0.75
NHPb,1,0,1,1.0
NHPh,0,0,0,
NHPl,5,1,6,0.83
NHPm,4,6,10,0.4
NHPn,1,5,6,0.17
NHPs,2,2,4,0.5
NHPt,0,1,1,0.0
NHSB,1,1,2,0.5
NHSH,0,0,0,
NHSI,0,1,1,0.0
NHSL,0,0,0,
NHSM,2,3,5,0.4
NHSN,4,1,5,0.8
NHSP,3,2,5,0.6
NHSS,3,1,4,0.75
NHSb,0,1,1,0.0
NHSh,0,3,3,0.0
NHSl,1,2,3,0.33
NHSm,6,3,9,0.67
NHSn,4,1,5,0.8
NHSs,2,2,4,0.5
NHSt,0,1,1,0.0
NHbB,2,2,4,0.5
NHbJ,0,2,2,0.0
NHbK,1,0,1,1.0
NHbL,0,1,1,0.0
NHbM,2,1,3,0.67
NHbN,1,1,2,0.5
NHbP,1,6,7,0.14
NHbS,1,1,2,0.5
NHbb,2,2,4,0.5
NHbm,4,0,4,1.0
NHbn,2,1,3,0.67
NHbs,1,1,2,0.5
NHhL,0,1,1,0.0
NHhM,0,1,1,0.0
NHhS,0,1,1,0.0
NHhs,0,0,0,
NHlH,0,2,2,0.0
NHlJ,0,1,1,0.0
NHlL,0,1,1,0.0
NHlM,1,0,1,1.0
NHlN,2,3,5,0.4
NHlP,1,1,2,0.5
NHlS,0,3,3,0.0
NHlb,0,1,1,0.0
NHlm,1,1,2,0.5
NHmB,3,0,3,1.0
NHmD,4,0,4,1.0
NHmH,1,1,2,0.5
NHmL,1,4,5,0.2
NHmM,2,4,6,0.33
NHmN,2,1,3,0.67
NHmP,4,4,8,0.5
NHmS,2,1,3,0.67
NHmb,1,2,3,0.33
NHml,1,0,1,1.0
NHmm,2,2,4,0.5
NHmn,3,2,5,0.6
NHms,2,0,2,1.0
NHnB,1,1,2,0.5
NHnD,0,0,0,
NHnH,2,1,3,0.67
NHnI,0,1,1,0.0
NHnK,0,0,0,
NHnL,0,1,1,0.0
NHnM,3,6,9,0.33
NHnN,1,4,5,0.2
NHnP,3,4,7,0.43
NHnS,0,2,2,0.0
NHnb,2,0,2,1.0
NHnh,0,0,0,
NHnl,1,1,2,0.5
NHnm,3,2,5,0.6
NHnn,2,4,6,0.33
NHns,2,0,2,1.0
NHsB,0,1,1,0.0
NHsH,0,4,4,0.0
NHsI,0,1,1,0.0
NHsL,2,1,3,0.67
NHsM,2,3,5,0.4
NHsN,4,1,5,0.8
NHsP,2,0,2,1.0
NHsS,4,3,7,0.57
NHsb,1,1,2,0.5
NHsl,1,1,2,0.5
NHsm,1,2,3,0.33
NHsn,0,1,1,0.0
NHss,1,3,4,0.25
NHtN,0,0,0,
NHts,1,0,1,1.0
NIBN,0,1,1,0.0
NIBP,0,1,1,0.0
NIDb,0,1,1,0.0
NIHm,0,1,1,0.0
NIHs,0,0,0,
NIIB,0,1,1,0.0
NIIb,0,1,1,0.0
NILM,0,1,1,0.0
NILm,1,0,1,1.0
NIMM,0,1,1,0.0
NIMS,0,1,1,0.0
NIMh,0,0,0,
NIMn,0,0,0,
NIMt,0,1,1,0.0
NINN,0,1,1,0.0
NINb,0,0,0,
NINs,0,1,1,0.0
NIPB,0,1,1,0.0
NIPK,0,1,1,0.0
NIPM,0,1,1,0.0
NIPN,1,0,1,1.0
NIPb,1,0,1,1.0
NIPs,0,1,1,0.0
NISB,0,1,1,0.0
NISL,1,0,1,1.0
NISM,0,2,2,0.0
NISS,1,0,1,1.0
NISl,1,0,1,1.0
NISm,1,0,1,1.0
NISs,0,0,0,
NIbB,0,1,1,0.0
NIbJ,2,0,2,1.0
NIbL,0,0,0,
NIbN,1,0,1,1.0
NIbm,1,0,1,1.0
NIbs,2,0,2,1.0
NIlh,1,0,1,1.0
NImN,0,1,1,0.0
NImP,1,0,1,1.0
NImS,1,0,1,1.0
NImb,1,0,1,1.0
NIms,1,0,1,1.0
NInB,0,1,1,0.0
NInL,0,1,1,0.0
NInS,1,1,2,0.5
NKBB,2,1,3,0.67
NKBM,0,1,1,0.0
NKBN,1,2,3,0.33
NKBP,1,2,3,0.33
NKBS,1,0,1,1.0
NKBb,3,0,3,1.0
NKBl,0,1,1,0.0
NKBm,1,2,3,0.33
NKBn,1,0,1,1.0
NKBs,2,1,3,0.67
NKBt,0,0,0,
NKDM,1,0,1,1.0
NKDN,0,2,2,0.0
NKDP,1,0,1,1.0
NKDS,0,1,1,0.0
NKDb,1,0,1,1.0
NKDh,0,1,1,0.0
NKDm,0,1,1,0.0
NKDn,0,0,0,
NKHN,1,1,2,0.5
NKHb,1,0,1,1.0
NKHm,0,1,1,0.0
NKIS,1,0,1,1.0
NKIl,0,1,1,0.0
NKIs,1,1,2,0.5
NKKI,0,1,1,0.0
NKLL,0,1,1,0.0
NKLM,0,2,2,0.0
NKLP,1,1,2,0.5
NKLm,0,1,1,0.0
NKMB,1,1,2,0.5
NKMD,2,0,2,1.0
NKMM,1,1,2,0.5
NKMN,0,1,1,0.0
NKMP,1,1,2,0.5
NKMS,0,1,1,0.0
NKMb,2,4,6,0.33
NKMh,1,0,1,1.0
NKMj,1,0,1,1.0
NKMl,1,0,1,1.0
NKMm,1,2,3,0.33
NKMn,0,1,1,0.0
NKMs,0,1,1,0.0
NKNB,2,2,4,0.5
NKNH,1,0,1,1.0
NKNK,0,1,1,0.0
NKNM,1,0,1,1.0
NKNN,2,2,4,0.5
NKNP,4,2,6,0.67
NKNS,1,2,3,0.33
NKNb,3,1,4,0.75
NKNm,0,2,2,0.0
NKNn,1,0,1,1.0
NKPB,0,1,1,0.0
NKPH,0,2,2,0.0
NKPL,0,2,2,0.0
NKPM,2,1,3,0.67
NKPN,1,1,2,0.5
NKPP,2,1,3,0.67
NKPS,2,2,4,0.5
NKPb,1,2,3,0.33
NKPm,1,2,3,0.33
NKPn,1,1,2,0.5
NKPs,0,2,2,0.0
NKPt,0,1,1,0.0
NKSB,2,1,3,0.67
NKSD,0,1,1,0.0
NKSH,0,0,0,
NKSL,0,0,0,
NKSM,2,2,4,0.5
NKSN,1,1,2,0.5
NKSP,0,0,0,
NKSS,2,2,4,0.5
NKSb,0,0,0,
NKSh,0,2,2,0.0
NKSl,1,1,2,0.5
NKSm,3,2,5,0.6
NKSn,0,1,1,0.0
NKSs,2,1,3,0.67
NKSt,0,0,0,
NKbB,1,0,1,1.0
NKbD,1,0,1,1.0
NKbH,1,0,1,1.0
NKbI,0,0,0,
NKbJ,0,0,0,
NKbL,0,1,1,0.0
NKbM,0,2,2,0.0
NKbN,1,0,1,1.0
NKbP,0,1,1,0.0
NKbS,1,0,1,1.0
NKbb,1,0,1,1.0
NKbm,2,0,2,1.0
NKbn,1,1,2,0.5
NKbs,2,1,3,0.67
NKhB,3,1,4,0.75
NKhD,0,0,0,
NKhI,0,0,0,
NKhM,0,0,0,
NKhN,1,0,1,1.0
NKhP,0,1,1,0.0
NKhS,1,2,3,0.33
NKhb,1,1,2,0.5
NKhh,1,0,1,1.0
NKhn,2,0,2,1.0
NKhs,2,3,5,0.4
NKlB,1,1,2,0.5
NKlL,0,1,1,0.0
NKlN,2,0,2,1.0
NKlb,0,1,1,0.0
NKll,0,0,0,
NKlm,0,0,0,
NKln,1,1,2,0.5
NKmB,0,3,3,0.0
NKmH,1,2,3,0.33
NKmI,1,0,1,1.0
NKmM,4,2,6,0.67
NKmN,4,3,7,0.57
NKmP,0,1,1,0.0
NKmS,2,1,3,0.67
NKmb,5,2,7,0.71
NKmm,2,2,4,0.5
NKmn,0,2,2,0.0
NKms,0,1,1,0.0
NKnB,1,0,1,1.0
NKnD,0,1,1,0.0
NKnI,0,0,0,
NKnK,0,1,1,0.0
NKnL,0,1,1,0.0
NKnM,0,1,1,0.0
NKnN,2,5,7,0.29
NKnP,2,2,4,0.5
NKnS,2,2,4,0.5
NKnm,1,0,1,1.0
NKnn,0,2,2,0.0
NKns,3,2,5,0.6
NKsB,0,3,3,0.0
NKsD,0,1,1,0.0
NKsH,2,1,3,0.67
NKsM,1,1,2,0.5
NKsN,3,0,3,1.0
NKsP,0,1,1,0.0
NKsS,0,5,5,0.0
NKsb,0,3,3,0.0
NKsl,1,0,1,1.0
NKss,1,0,1,1.0
NKtN,1,1,2,0.5
NLBB,6,6,12,0.5
NLBL,1,4,5,0.2
NLBM,1,2,3,0.33
NLBN,1,3,4,0.25
NLBP,3,4,7,0.43
NLBS,0,0,0,
NLBb,5,4,9,0.56
NLBh,2,2,4,0.5
NLBj,0,2,2,0.0
NLBl,2,3,5,0.4
NLBm,3,4,7,0.43
NLBn,7,3,10,0.7
NLBs,2,1,3,0.67
NLBt,0,1,1,0.0
NLDB,0,2,2,0.0
NLDM,2,2,4,0.5
NLDN,2,0,2,1.0
NLDP,1,1,2,0.5
NLDS,2,1,3,0.67
NLDb,1,1,2,0.5
NLDm,1,0,1,1.0
NLDn,2,0,2,1.0
NLDs,0,1,1,0.0
NLDt,0,0,0,
NLHM,1,0,1,1.0
NLKB,0,1,1,0.0
NLKm,0,0,0,
NLKt,0,1,1,0.0
NLLB,3,3,6,0.5
NLLM,0,1,1,0.0
NLLN,1,1,2,0.5
NLLP,3,1,4,0.75
NLLb,1,2,3,0.33
NLLh,1,0,1,1.0
NLLj,0,1,1,0.0
NLLl,0,1,1,0.0
NLLm,3,2,5,0.6
NLLn,1,1,2,0.5
NLLs,1,0,1,1.0
NLMB,3,2,5,0.6
NLML,0,3,3,0.0
NLMM,2,3,5,0.4
NLMN,3,2,5,0.6
NLMP,3,13,16,0.19
NLMS,2,0,2,1.0
NLMb,5,2,7,0.71
NLMh,6,2,8,0.75
NLMj,1,0,1,1.0
NLMl,0,1,1,0.0
NLMm,3,5,8,0.38
NLMn,4,6,10,0.4
NLMs,3,2,5,0.6
NLNB,2,7,9,0.22
NLND,1,1,2,0.5
NLNH,0,1,1,0.0
NLNL,0,2,2,0.0
NLNM,3,3,6,0.5
NLNN,3,7,10,0.3
NLNP,6,4,10,0.6
NLNS,3,1,4,0.75
NLNb,6,3,9,0.67
NLNh,2,1,3,0.67
NLNl,1,0,1,1.0
NLNm,5,3,8,0.62
NLNn,3,8,11,0.27
NLNs,2,6,8,0.25
NLNt,0,1,1,0.0
NLPB,2,6,8,0.25
NLPD,0,0,0,
NLPH,2,1,3,0.67
NLPI,0,1,1,0.0
NLPL,2,2,4,0.5
NLPM,4,4,8,0.5
NLPN,4,7,11,0.36
NLPP,11,5,16,0.69
NLPS,4,1,5,0.8
NLPb,4,4,8,0.5
NLPh,0,0,0,
NLPl,6,4,10,0.6
NLPm,7,5,12,0.58
NLPn,4,6,10,0.4
NLPs,1,4,5,0.2
NLPt,1,0,1,1.0
NLSB,1,1,2,0.5
NLSD,2,0,2,1.0
NLSH,1,1,2,0.5
NLSK,0,1,1,0.0
NLSL,0,3,3,0.0
NLSM,1,1,2,0.5
NLSN,0,3,3,0.0
NLSP,1,2,3,0.33
NLSS,2,0,2,1.0
NLSb,1,0,1,1.0
NLSh,0,1,1,0.0
NLSl,5,0,5,1.0
NLSm,3,3,6,0.5
NLSn,4,3,7,0.57
NLSs,2,2,4,0.5
NLSt,2,0,2,1.0
NLbB,1,3,4,0.25
NLbH,0,1,1,0.0
NLbI,1,1,2,0.5
NLbJ,1,1,2,0.5
NLbK,0,1,1,0.0
NLbL,0,2,2,0.0
NLbM,3,3,6,0.5
NLbN,6,3,9,0.67
NLbP,6,6,12,0.5
NLbS,2,2,4,0.5
NLbb,5,6,11,0.45
NLbl,1,2,3,0.33
NLbm,1,4,5,0.2
NLbn,5,4,9,0.56
NLbs,5,3,8,0.62
NLhB,0,2,2,0.0
NLhD,3,0,3,1.0
NLhH,0,1,1,0.0
NLhL,1,1,2,0.5
NLhM,0,2,2,0.0
NLhN,0,5,5,0.0
NLhP,1,0,1,1.0
NLhS,1,1,2,0.5
NLhb,0,4,4,0.0
NLhh,1,1,2,0.5
NLhl,0,1,1,0.0
NLhm,2,2,4,0.5
NLhn,0,7,7,0.0
NLhs,3,1,4,0.75
NLjB,0,1,1,0.0
NLjD,1,1,2,0.5
NLjL,0,1,1,0.0
NLjM,0,0,0,
NLjN,1,1,2,0.5
NLjP,1,2,3,0.33
NLjS,0,0,0,
NLjb,1,0,1,1.0
NLjl,1,1,2,0.5
NLjm,2,2,4,0.5
NLjn,1,0,1,1.0
NLjs,0,1,1,0.0
NLlB,2,2,4,0.5
NLlI,1,0,1,1.0
NLlJ,1,0,1,1.0
NLlL,1,0,1,1.0
NLlM,2,5,7,0.29
NLlN,1,0,1,1.0
NLlP,2,1,3,0.67
NLlS,1,1,2,0.5
NLlb,0,1,1,0.0
NLlm,3,2,5,0.6
NLln,2,5,7,0.29
NLls,0,0,0,
NLmB,3,4,7,0.43
NLmD,1,1,2,0.5
NLmH,3,4,7,0.43
NLmJ,0,1,1,0.0
NLmL,1,2,3,0.33
NLmM,2,8,10,0.2
NLmN,0,5,5,0.0
NLmP,7,4,11,0.64
NLmS,3,5,8,0.38
NLmb,5,5,10,0.5
NLml,1,1,2,0.5
NLmm,5,5,10,0.5
NLmn,5,2,7,0.71
NLms,4,1,5,0.8
NLnB,2,9,11,0.18
NLnD,1,2,3,0.33
NLnH,2,2,4,0.5
NLnI,1,1,2,0.5
NLnL,2,1,3,0.67
NLnM,5,5,10,0.5
NLnN,3,6,9,0.33
NLnP,9,12,21,0.43
NLnS,4,6,10,0.4
NLnb,5,5,10,0.5
NLnh,0,1,1,0.0
NLnl,3,2,5,0.6
NLnm,9,4,13,0.69
NLnn,6,4,10,0.6
NLns,4,10,14,0.29
NLsB,1,1,2,0.5
NLsD,1,0,1,1.0
NLsH,3,1,4,0.75
NLsI,2,0,2,1.0
NLsL,1,0,1,1.0
NLsM,4,0,4,1.0
NLsN,2,2,4,0.5
NLsP,5,5,10,0.5
NLsS,2,2,4,0.5
NLsb,5,1,6,0.83
NLsh,1,0,1,1.0
NLsl,0,1,1,0.0
NLsm,1,4,5,0.2
NLsn,0,2,2,0.0
NLss,4,0,4,1.0
NLtB,1,0,1,1.0
NLtH,0,1,1,0.0
NLtK,0,1,1,0.0
NLtN,0,1,1,0.0
NLtP,0,2,2,0.0
NLtS,1,0,1,1.0
NLtm,0,2,2,0.0
NLtn,2,1,3,0.67
NLts,0,1,1,0.0
NLtt,0,1,1,0.0
NMBB,12,13,25,0.48
NMBD,1,1,2,0.5
NMBH,1,0,1,1.0
NMBK,0,0,0,
NMBL,3,5,8,0.38
NMBM,11,16,27,0.41
NMBN,7,13,20,0.35
NMBP,13,20,33,0.39
NMBS,4,5,9,0.44
NMBb,9,5,14,0.64
NMBh,0,1,1,0.0
NMBj,2,1,3,0.67
NMBl,2,4,6,0.33
NMBm,12,7,19,0.63
NMBn,6,21,27,0.22
NMBs,3,4,7,0.43
NMBt,1,0,1,1.0
NMDB,0,4,4,0.0
NMDD,1,1,2,0.5
NMDH,2,2,4,0.5
NMDI,0,0,0,
NMDL,1,1,2,0.5
NMDM,3,4,7,0.43
NMDN,0,3,3,0.0
NMDP,3,3,6,0.5
NMDS,3,2,5,0.6
NMDb,3,1,4,0.75
NMDl,2,1,3,0.67
NMDm,2,1,3,0.67
NMDn,0,1,1,0.0
NMDs,2,1,3,0.67
NMHI,1,1,2,0.5
NMHM,1,0,1,1.0
NMHP,0,0,0,
NMHS,1,0,1,1.0
NMKM,1,0,1,1.0
NMKN,1,0,1,1.0
NMKP,1,2,3,0.33
NMKb,0,0,0,
NMKm,2,0,2,1.0
NMKn,1,0,1,1.0
NMKs,0,1,1,0.0
NMLB,3,2,5,0.6
NMLM,4,4,8,0.5
NMLN,2,8,10,0.2
NMLP,1,7,8,0.12
NMLS,1,2,3,0.33
NMLb,2,2,4,0.5
NMLh,1,2,3,0.33
NMLl,1,1,2,0.5
NMLm,5,7,12,0.42
NMLn,2,4,6,0.33
NMLs,3,1,4,0.75
NMMB,6,10,16,0.38
NMMD,1,2,3,0.33
NMML,1,0,1,1.0
NMMM,10,11,21,0.48
NMMN,9,14,23,0.39
NMMP,10,11,21,0.48
NMMS,5,8,13,0.38
NMMb,12,3,15,0.8
NMMh,3,8,11,0.27
NMMj,1,2,3,0.33
NMMl,2,1,3,0.67
NMMm,11,15,26,0.42
NMMn,15,15,30,0.5
NMMs,4,4,8,0.5
NMMt,0,1,1,0.0
NMNB,11,19,30,0.37
NMND,1,1,2,0.5
NMNH,1,4,5,0.2
NMNL,0,3,3,0.0
NMNM,6,14,20,0.3
NMNN,17,15,32,0.53
NMNP,16,12,28,0.57
NMNS,7,13,20,0.35
NMNb,7,4,11,0.64
NMNh,2,1,3,0.67
NMNl,1,3,4,0.25
NMNm,13,9,22,0.59
NMNn,14,29,43,0.33
NMNs,9,5,14,0.64
NMNt,3,1,4,0.75
NMPB,8,13,21,0.38
NMPD,1,1,2,0.5
NMPH,5,4,9,0.56
NMPI,3,2,5,0.6
NMPK,0,2,2,0.0
NMPL,3,7,10,0.3
NMPM,16,12,28,0.57
NMPN,13,17,30,0.43
NMPP,22,21,43,0.51
NMPS,9,14,23,0.39
NMPb,14,9,23,0.61
NMPh,0,3,3,0.0
NMPl,4,4,8,0.5
NMPm,11,11,22,0.5
NMPn,21,15,36,0.58
NMPs,10,12,22,0.45
NMPt,0,1,1,0.0
NMSB,4,2,6,0.67
NMSD,4,0,4,1.0
NMSH,4,2,6,0.67
NMSI,2,0,2,1.0
NMSL,2,1,3,0.67
NMSM,3,8,11,0.27
NMSN,7,9,16,0.44
NMSP,8,11,19,0.42
NMSS,8,14,22,0.36
NMSb,5,4,9,0.56
NMSh,4,5,9,0.44
NMSl,2,3,5,0.4
NMSm,14,8,22,0.64
NMSn,7,7,14,0.5
NMSs,10,5,15,0.67
NMSt,1,1,2,0.5
NMbB,11,8,19,0.58
NMbD,2,3,5,0.4
NMbH,6,1,7,0.86
NMbI,1,3,4,0.25
NMbJ,2,2,4,0.5
NMbK,0,1,1,0.0
NMbL,2,6,8,0.25
NMbM,9,10,19,0.47
NMbN,16,19,35,0.46
NMbP,14,12,26,0.54
NMbS,6,11,17,0.35
NMbb,6,10,16,0.38
NMbl,3,3,6,0.5
NMbm,13,8,21,0.62
NMbn,10,14,24,0.42
NMbs,6,5,11,0.55
NMhB,6,3,9,0.67
NMhD,1,0,1,1.0
NMhH,0,1,1,0.0
NMhI,2,0,2,1.0
NMhK,1,0,1,1.0
NMhL,1,0,1,1.0
NMhM,8,7,15,0.53
NMhN,13,12,25,0.52
NMhP,6,12,18,0.33
NMhS,12,8,20,0.6
NMhb,3,4,7,0.43
NMhh,6,6,12,0.5
NMhl,5,2,7,0.71
NMhm,6,6,12,0.5
NMhn,15,8,23,0.65
NMhs,7,6,13,0.54
NMht,1,1,2,0.5
NMjB,1,3,4,0.25
NMjD,1,0,1,1.0
NMjH,1,0,1,1.0
NMjL,1,2,3,0.33
NMjM,1,4,5,0.2
NMjN,2,3,5,0.4
NMjP,2,3,5,0.4
NMjS,2,2,4,0.5
NMjb,0,2,2,0.0
NMjm,2,2,4,0.5
NMjn,1,2,3,0.33
NMjs,3,2,5,0.6
NMlB,4,0,4,1.0
NMlD,0,1,1,0.0
NMlH,4,1,5,0.8
NMlJ,2,3,5,0.4
NMlL,1,1,2,0.5
NMlM,3,3,6,0.5
NMlN,5,7,12,0.42
NMlP,5,1,6,0.83
NMlS,1,7,8,0.12
NMlb,2,1,3,0.67
NMlm,3,1,4,0.75
NMln,2,3,5,0.4
NMls,7,1,8,0.88
NMmB,9,18,27,0.33
NMmD,5,6,11,0.45
NMmH,15,14,29,0.52
NMmI,2,2,4,0.5
NMmJ,2,3,5,0.4
NMmL,5,2,7,0.71
NMmM,8,18,26,0.31
NMmN,17,22,39,0.44
NMmP,19,11,30,0.63
NMmS,6,12,18,0.33
NMmb,12,11,23,0.52
NMml,1,4,5,0.2
NMmm,18,12,30,0.6
NMmn,26,15,41,0.63
NMms,11,9,20,0.55
NMnB,14,10,24,0.58
NMnD,4,4,8,0.5
NMnH,7,11,18,0.39
NMnI,4,2,6,0.67
NMnK,0,0,0,
NMnL,3,4,7,0.43
NMnM,13,23,36,0.36
NMnN,20,31,51,0.39
NMnP,27,34,61,0.44
NMnS,13,14,27,0.48
NMnb,15,15,30,0.5
NMnh,2,0,2,1.0
NMnl,2,4,6,0.33
NMnm,14,12,26,0.54
NMnn,23,15,38,0.61
NMns,11,9,20,0.55
NMsB,4,7,11,0.36
NMsD,1,0,1,1.0
NMsH,7,12,19,0.37
NMsI,1,1,2,0.5
NMsL,2,1,3,0.67
NMsM,5,8,13,0.38
NMsN,12,10,22,0.55
NMsP,5,12,17,0.29
NMsS,9,12,21,0.43
NMsb,4,3,7,0.57
NMsh,1,0,1,1.0
NMsl,2,2,4,0.5
NMsm,8,10,18,0.44
NMsn,7,9,16,0.44
NMss,8,13,21,0.38
NMtB,2,1,3,0.67
NMtD,1,0,1,1.0
NMtH,1,1,2,0.5
NMtM,0,2,2,0.0
NMtN,1,6,7,0.14
NMtP,1,2,3,0.33
NMtS,0,0,0,
NMtb,1,1,2,0.5
NMtl,0,1,1,0.0
NMtm,4,0,4,1.0
NMtn,2,1,3,0.67
NMts,2,0,2,1.0
NMtt,0,0,0,
NNBB,17,12,29,0.59
NNBD,1,1,2,0.5
NNBK,1,2,3,0.33
NNBL,0,3,3,0.0
NNBM,8,12,20,0.4
NNBN,17,15,32,0.53
NNBP,17,18,35,0.49
NNBS,6,8,14,0.43
NNBb,12,15,27,0.44
NNBh,2,3,5,0.4
NNBj,5,3,8,0.62
NNBl,5,1,6,0.83
NNBm,26,17,43,0.6
NNBn,12,17,29,0.41
NNBs,3,7,10,0.3
NNBt,2,0,2,1.0
NNDB,4,6,10,0.4
NNDD,0,2,2,0.0
NNDH,2,1,3,0.67
NNDI,0,0,0,
NNDL,1,1,2,0.5
NNDM,3,4,7,0.43
NNDN,2,2,4,0.5
NNDP,2,7,9,0.22
NNDS,5,7,12,0.42
NNDb,2,0,2,1.0
NNDl,0,1,1,0.0
NNDm,4,4,8,0.5
NNDn,4,3,7,0.57
NNDs,0,3,3,0.0
NNHB,2,0,2,1.0
NNHD,2,0,2,1.0
NNHH,2,0,2,1.0
NNHI,0,0,0,
NNHK,0,1,1,0.0
NNHL,1,0,1,1.0
NNHM,5,0,5,1.0
NNHN,1,3,4,0.25
NNHP,4,4,8,0.5
NNHS,0,4,4,0.0
NNHb,2,1,3,0.67
NNHl,0,2,2,0.0
NNHm,3,1,4,0.75
NNHn,2,4,6,0.33
NNHs,2,1,3,0.67
NNIN,0,1,1,0.0
NNIm,0,1,1,0.0
NNKB,1,1,2,0.5
NNKD,2,1,3,0.67
NNKI,1,0,1,1.0
NNKM,1,1,2,0.5
NNKN,1,0,1,1.0
NNKP,0,3,3,0.0
NNKS,6,5,11,0.55
NNKh,2,2,4,0.5
NNKl,1,1,2,0.5
NNKm,2,3,5,0.4
NNKn,1,1,2,0.5
NNKs,1,2,3,0.33
NNLB,3,6,9,0.33
NNLK,1,0,1,1.0
NNLL,1,2,3,0.33
NNLM,5,4,9,0.56
NNLN,4,4,8,0.5
NNLP,4,4,8,0.5
NNLS,3,5,8,0.38
NNLb,9,3,12,0.75
NNLh,1,4,5,0.2
NNLj,2,1,3,0.67
NNLl,0,1,1,0.0
NNLm,3,5,8,0.38
NNLn,9,10,19,0.47
NNLs,3,3,6,0.5
NNLt,0,1,1,0.0
NNMB,9,3,12,0.75
NNMD,0,0,0,
NNMK,1,2,3,0.33
NNML,2,3,5,0.4
NNMM,10,13,23,0.43
NNMN,18,10,28,0.64
NNMP,14,27,41,0.34
NNMS,7,8,15,0.47
NNMb,12,11,23,0.52
NNMh,5,7,12,0.42
NNMj,1,1,2,0.5
NNMl,2,3,5,0.4
NNMm,17,14,31,0.55
NNMn,19,24,43,0.44
NNMs,7,10,17,0.41
NNMt,1,1,2,0.5
NNNB,15,16,31,0.48
NNND,2,4,6,0.33
NNNH,1,6,7,0.14
NNNI,1,0,1,1.0
NNNK,3,1,4,0.75
NNNL,8,5,13,0.62
NNNM,19,15,34,0.56
NNNN,25,23,48,0.52
NNNP,32,32,64,0.5
NNNS,13,15,28,0.46
NNNb,18,13,31,0.58
NNNh,3,8,11,0.27
NNNl,6,3,9,0.67
NNNm,24,19,43,0.56
NNNn,29,32,61,0.48
NNNs,19,13,32,0.59
NNNt,6,5,11,0.55
NNPB,16,15,31,0.52
NNPD,1,4,5,0.2
NNPH,3,9,12,0.25
NNPI,1,2,3,0.33
NNPK,2,4,6,0.33
NNPL,6,13,19,0.32
NNPM,18,22,40,0.45
NNPN,32,22,54,0.59
NNPP,45,30,75,0.6
NNPS,24,22,46,0.52
NNPb,16,20,36,0.44
NNPh,2,3,5,0.4
NNPl,6,13,19,0.32
NNPm,20,28,48,0.42
NNPn,26,21,47,0.55
NNPs,26,22,48,0.54
NNPt,3,1,4,0.75
NNSB,12,10,22,0.55
NNSD,1,1,2,0.5
NNSH,0,4,4,0.0
NNSL,2,6,8,0.25
NNSM,7,4,11,0.64
NNSN,14,18,32,0.44
NNSP,21,14,35,0.6
NNSS,11,19,30,0.37
NNSb,8,9,17,0.47
NNSh,10,9,19,0.53
NNSl,1,3,4,0.25
NNSm,11,4,15,0.73
NNSn,15,18,33,0.45
NNSs,10,11,21,0.48
NNSt,2,1,3,0.67
NNbB,12,10,22,0.55
NNbD,2,0,2,1.0
NNbH,5,1,6,0.83
NNbI,0,1,1,0.0
NNbJ,7,3,10,0.7
NNbK,2,0,2,1.0
NNbL,3,6,9,0.33
NNbM,7,12,19,0.37
NNbN,15,22,37,0.41
NNbP,9,13,22,0.41
NNbS,8,6,14,0.57
NNbb,11,17,28,0.39
NNbl,3,3,6,0.5
NNbm,11,9,20,0.55
NNbn,10,13,23,0.43
NNbs,10,4,14,0.71
NNbt,0,1,1,0.0
NNhB,3,3,6,0.5
NNhD,0,1,1,0.0
NNhI,1,0,1,1.0
NNhL,0,1,1,0.0
NNhM,5,4,9,0.56
NNhN,3,5,8,0.38
NNhP,4,5,9,0.44
NNhS,3,9,12,0.25
NNhb,5,2,7,0.71
NNhh,4,7,11,0.36
NNhl,3,2,5,0.6
NNhm,7,5,12,0.58
NNhn,9,8,17,0.53
NNhs,7,4,11,0.64
NNlB,2,3,5,0.4
NNlD,0,0,0,
NNlH,3,2,5,0.6
NNlI,0,1,1,0.0
NNlJ,1,1,2,0.5
NNlL,2,0,2,1.0
NNlM,1,1,2,0.5
NNlN,8,5,13,0.62
NNlP,5,6,11,0.45
NNlS,2,5,7,0.29
NNlb,4,4,8,0.5
NNll,2,1,3,0.67
NNlm,1,7,8,0.12
NNln,8,7,15,0.53
NNls,3,2,5,0.6
NNmB,16,11,27,0.59
NNmD,5,2,7,0.71
NNmH,10,9,19,0.53
NNmI,2,1,3,0.67
NNmJ,2,8,10,0.2
NNmL,0,3,3,0.0
NNmM,14,17,31,0.45
NNmN,25,21,46,0.54
NNmP,19,28,47,0.4
NNmS,10,8,18,0.56
NNmb,15,9,24,0.62
NNml,3,3,6,0.5
NNmm,14,15,29,0.48
NNmn,26,23,49,0.53
NNms,8,8,16,0.5
NNnB,12,18,30,0.4
NNnD,3,2,5,0.6
NNnH,13,16,29,0.45
NNnI,2,2,4,0.5
NNnK,1,2,3,0.33
NNnL,7,6,13,0.54
NNnM,13,18,31,0.42
NNnN,45,25,70,0.64
NNnP,33,38,71,0.46
NNnS,20,24,44,0.45
NNnb,16,11,27,0.59
NNnh,2,1,3,0.67
NNnl,4,5,9,0.44
NNnm,20,18,38,0.53
NNnn,31,41,72,0.43
NNns,23,18,41,0.56
NNsB,7,13,20,0.35
NNsD,7,3,10,0.7
NNsH,8,10,18,0.44
NNsI,3,0,3,1.0
NNsL,4,4,8,0.5
NNsM,11,14,25,0.44
NNsN,9,11,20,0.45
NNsP,15,16,31,0.48
NNsS,14,15,29,0.48
NNsb,9,6,15,0.6
NNsh,2,0,2,1.0
NNsl,5,4,9,0.56
NNsm,14,8,22,0.64
NNsn,16,14,30,0.53
NNss,11,4,15,0.73
NNst,1,0,1,1.0
NNtB,1,2,3,0.33
NNtD,0,1,1,0.0
NNtH,2,1,3,0.67
NNtI,1,0,1,1.0
NNtK,2,1,3,0.67
NNtL,0,1,1,0.0
NNtM,1,2,3,0.33
NNtN,4,10,14,0.29
NNtP,6,10,16,0.38
NNtS,3,5,8,0.38
NNtb,4,2,6,0.67
NNtl,1,1,2,0.5
NNtm,4,5,9,0.44
NNtn,3,2,5,0.6
NNts,1,3,4,0.25
NPBB,19,28,47,0.4
NPBD,2,6,8,0.25
NPBK,2,3,5,0.4
NPBL,5,7,12,0.42
NPBM,11,17,28,0.39
NPBN,12,15,27,0.44
NPBP,17,11,28,0.61
NPBS,8,5,13,0.62
NPBb,15,17,32,0.47
NPBh,1,1,2,0.5
NPBj,4,3,7,0.57
NPBl,8,5,13,0.62
NPBm,17,13,30,0.57
NPBn,22,19,41,0.54
NPBs,5,8,13,0.38
NPBt,1,1,2,0.5
NPDB,1,4,5,0.2
NPDD,0,2,2,0.0
NPDH,3,1,4,0.75
NPDL,2,3,5,0.4
NPDM,3,3,6,0.5
NPDN,2,1,3,0.67
NPDP,2,4,6,0.33
NPDS,3,1,4,0.75
NPDb,0,2,2,0.0
NPDm,5,3,8,0.62
NPDn,1,2,3,0.33
NPDs,4,1,5,0.8
NPDt,0,3,3,0.0
NPHB,3,2,5,0.6
NPHD,0,1,1,0.0
NPHH,3,1,4,0.75
NPHI,1,0,1,1.0
NPHK,1,0,1,1.0
NPHL,3,1,4,0.75
NPHM,4,6,10,0.4
NPHN,4,9,13,0.31
NPHP,10,4,14,0.71
NPHS,2,3,5,0.4
NPHb,2,2,4,0.5
NPHh,0,3,3,0.0
NPHl,2,0,2,1.0
NPHm,9,4,13,0.69
NPHn,9,3,12,0.75
NPHs,12,6,18,0.67
NPIB,4,1,5,0.8
NPID,0,1,1,0.0
NPIH,2,2,4,0.5
NPII,1,1,2,0.5
NPIL,1,1,2,0.5
NPIM,0,2,2,0.0
NPIN,0,3,3,0.0
NPIP,2,1,3,0.67
NPIS,2,4,6,0.33
NPIb,1,1,2,0.5
NPIh,1,0,1,1.0
NPIl,0,1,1,0.0
NPIm,7,2,9,0.78
NPIn,3,1,4,0.75
NPIs,1,1,2,0.5
NPKB,4,0,4,1.0
NPKD,0,2,2,0.0
NPKI,0,1,1,0.0
NPKL,0,0,0,
NPKM,3,2,5,0.6
NPKN,1,3,4,0.25
NPKP,3,3,6,0.5
NPKS,1,0,1,1.0
NPKb,5,1,6,0.83
NPKh,1,1,2,0.5
NPKl,2,2,4,0.5
NPKm,2,1,3,0.67
NPKn,3,3,6,0.5
NPKs,2,1,3,0.67
NPKt,1,0,1,1.0
NPLB,4,7,11,0.36
NPLD,0,1,1,0.0
NPLK,1,1,2,0.5
NPLL,0,3,3,0.0
NPLM,3,4,7,0.43
NPLN,4,7,11,0.36
NPLP,11,8,19,0.58
NPLS,5,8,13,0.38
NPLb,5,7,12,0.42
NPLh,1,3,4,0.25
NPLj,3,3,6,0.5
NPLl,2,3,5,0.4
NPLm,11,10,21,0.52
NPLn,9,8,17,0.53
NPLs,5,4,9,0.56
NPLt,1,0,1,1.0
NPMB,21,15,36,0.58
NPMD,4,4,8,0.5
NPMH,0,1,1,0.0
NPMK,1,0,1,1.0
NPML,5,6,11,0.45
NPMM,11,14,25,0.44
NPMN,16,9,25,0.64
NPMP,8,15,23,0.35
NPMS,5,11,16,0.31
NPMb,14,10,24,0.58
NPMh,9,11,20,0.45
NPMj,4,1,5,0.8
NPMl,8,5,13,0.62
NPMm,15,16,31,0.48
NPMn,20,19,39,0.51
NPMs,13,11,24,0.54
NPMt,3,4,7,0.43
NPNB,22,23,45,0.49
NPND,3,7,10,0.3
NPNH,6,2,8,0.75
NPNK,2,3,5,0.4
NPNL,8,9,17,0.47
NPNM,19,20,39,0.49
NPNN,29,26,55,0.53
NPNP,22,34,56,0.39
NPNS,13,24,37,0.35
NPNb,14,19,33,0.42
NPNh,4,7,11,0.36
NPNl,10,8,18,0.56
NPNm,24,18,42,0.57
NPNn,21,29,50,0.42
NPNs,14,12,26,0.54
NPNt,3,1,4,0.75
NPPB,19,25,44,0.43
NPPD,6,3,9,0.67
NPPH,3,8,11,0.27
NPPI,3,3,6,0.5
NPPK,2,2,4,0.5
NPPL,13,14,27,0.48
NPPM,29,30,59,0.49
NPPN,29,20,49,0.59
NPPP,37,42,79,0.47
NPPS,25,17,42,0.6
NPPb,26,21,47,0.55
NPPh,5,3,8,0.62
NPPl,16,19,35,0.46
NPPm,27,23,50,0.54
NPPn,22,18,40,0.55
NPPs,23,25,48,0.48
NPPt,2,6,8,0.25
NPSB,8,12,20,0.4
NPSD,2,2,4,0.5
NPSH,3,11,14,0.21
NPSL,10,7,17,0.59
NPSM,12,13,25,0.48
NPSN,15,8,23,0.65
NPSP,21,19,40,0.52
NPSS,21,18,39,0.54
NPSb,12,10,22,0.55
NPSh,8,9,17,0.47
NPSl,2,5,7,0.29
NPSm,23,14,37,0.62
NPSn,18,12,30,0.6
NPSs,13,13,26,0.5
NPSt,3,0,3,1.0
NPbB,9,18,27,0.33
NPbD,3,2,5,0.6
NPbH,2,6,8,0.25
NPbI,3,2,5,0.6
NPbJ,10,7,17,0.59
NPbK,2,1,3,0.67
NPbL,6,8,14,0.43
NPbM,14,16,30,0.47
NPbN,21,18,39,0.54
NPbP,23,14,37,0.62
NPbS,9,7,16,0.56
NPbb,10,15,25,0.4
NPbl,4,12,16,0.25
NPbm,14,12,26,0.54
NPbn,18,21,39,0.46
NPbs,13,7,20,0.65
NPhB,2,3,5,0.4
NPhH,0,0,0,
NPhL,0,1,1,0.0
NPhM,1,7,8,0.12
NPhN,2,2,4,0.5
NPhP,6,5,11,0.55
NPhS,0,2,2,0.0
NPhb,2,2,4,0.5
NPhh,2,4,6,0.33
NPhl,0,1,1,0.0
NPhm,1,5,6,0.17
NPhn,1,1,2,0.5
NPhs,3,6,9,0.33
NPlB,7,3,10,0.7
NPlD,1,0,1,1.0
NPlH,4,4,8,0.5
NPlI,1,0,1,1.0
NPlJ,1,0,1,1.0
NPlK,1,1,2,0.5
NPlL,8,2,10,0.8
NPlM,9,14,23,0.39
NPlN,7,6,13,0.54
NPlP,8,11,19,0.42
NPlS,6,5,11,0.55
NPlb,5,3,8,0.62
NPll,2,2,4,0.5
NPlm,5,5,10,0.5
NPln,11,1,12,0.92
NPls,7,6,13,0.54
NPmB,14,13,27,0.52
NPmD,4,2,6,0.67
NPmH,17,19,36,0.47
NPmI,2,0,2,1.0
NPmJ,6,4,10,0.6
NPmL,8,7,15,0.53
NPmM,27,28,55,0.49
NPmN,21,21,42,0.5
NPmP,23,23,46,0.5
NPmS,10,15,25,0.4
NPmb,16,23,39,0.41
NPml,9,5,14,0.64
NPmm,26,15,41,0.63
NPmn,19,19,38,0.5
NPms,16,9,25,0.64
NPnB,16,13,29,0.55
NPnD,2,2,4,0.5
NPnH,11,18,29,0.38
NPnI,4,2,6,0.67
NPnK,2,1,3,0.67
NPnL,3,10,13,0.23
NPnM,16,23,39,0.41
NPnN,20,29,49,0.41
NPnP,33,26,59,0.56
NPnS,17,14,31,0.55
NPnb,20,10,30,0.67
NPnl,6,4,10,0.6
NPnm,14,21,35,0.4
NPnn,29,24,53,0.55
NPns,13,14,27,0.48
NPsB,10,7,17,0.59
NPsD,4,2,6,0.67
NPsH,14,11,25,0.56
NPsI,2,1,3,0.67
NPsL,4,3,7,0.57
NPsM,13,13,26,0.5
NPsN,12,18,30,0.4
NPsP,16,21,37,0.43
NPsS,24,10,34,0.71
NPsb,11,7,18,0.61
NPsh,1,1,2,0.5
NPsl,7,10,17,0.41
NPsm,14,10,24,0.58
NPsn,25,11,36,0.69
NPss,12,7,19,0.63
NPst,0,1,1,0.0
NPtB,1,3,4,0.25
NPtD,1,0,1,1.0
NPtH,1,0,1,1.0
NPtK,1,2,3,0.33
NPtM,2,5,7,0.29
NPtN,2,3,5,0.4
NPtP,1,2,3,0.33
NPtS,0,3,3,0.0
NPtb,4,0,4,1.0
NPtl,0,2,2,0.0
NPtm,1,1,2,0.5
NPtn,4,2,6,0.67
NPts,0,2,2,0.0
NSBB,10,8,18,0.56
NSBD,0,4,4,0.0
NSBK,1,2,3,0.33
NSBL,1,1,2,0.5
NSBM,2,7,9,0.22
NSBN,15,9,24,0.62
NSBP,16,7,23,0.7
NSBS,5,3,8,0.62
NSBb,4,10,14,0.29
NSBh,2,2,4,0.5
NSBj,5,3,8,0.62
NSBl,1,1,2,0.5
NSBm,5,7,12,0.42
NSBn,13,9,22,0.59
NSBs,5,4,9,0.56
NSBt,0,1,1,0.0
NSDB,0,3,3,0.0
NSDD,0,1,1,0.0
NSDH,1,4,5,0.2
NSDL,0,1,1,0.0
NSDM,4,0,4,1.0
NSDN,1,2,3,0.33
NSDP,1,1,2,0.5
NSDS,3,1,4,0.75
NSDb,1,1,2,0.5
NSDm,5,3,8,0.62
NSDn,1,1,2,0.5
NSDs,1,3,4,0.25
NSHB,3,1,4,0.75
NSHD,0,0,0,
NSHH,2,0,2,1.0
NSHI,0,1,1,0.0
NSHK,1,0,1,1.0
NSHL,0,2,2,0.0
NSHM,1,3,4,0.25
NSHN,4,2,6,0.67
NSHP,3,5,8,0.38
NSHS,5,6,11,0.45
NSHb,2,0,2,1.0
NSHh,3,1,4,0.75
NSHl,3,0,3,1.0
NSHm,3,4,7,0.43
NSHn,3,3,6,0.5
NSHs,5,8,13,0.38
NSHt,1,1,2,0.5
NSID,0,1,1,0.0
NSIH,0,1,1,0.0
NSIM,1,1,2,0.5
NSIN,0,1,1,0.0
NSIm,1,1,2,0.5
NSKM,1,0,1,1.0
NSKh,1,0,1,1.0
NSKm,0,1,1,0.0
NSKs,1,0,1,1.0
NSLB,4,0,4,1.0
NSLD,1,0,1,1.0
NSLL,0,1,1,0.0
NSLM,1,3,4,0.25
NSLN,4,2,6,0.67
NSLP,5,4,9,0.56
NSLS,2,1,3,0.67
NSLb,1,1,2,0.5
NSLh,0,0,0,
NSLl,1,2,3,0.33
NSLm,6,7,13,0.46
NSLn,2,5,7,0.29
NSLs,3,4,7,0.43
NSLt,1,2,3,0.33
NSMB,10,11,21,0.48
NSMD,2,1,3,0.67
NSML,4,5,9,0.44
NSMM,5,13,18,0.28
NSMN,5,8,13,0.38
NSMP,10,7,17,0.59
NSMS,7,7,14,0.5
NSMb,8,6,14,0.57
NSMh,7,10,17,0.41
NSMj,0,1,1,0.0
NSMl,1,3,4,0.25
NSMm,6,6,12,0.5
NSMn,10,12,22,0.45
NSMs,7,11,18,0.39
NSMt,0,1,1,0.0
NSNB,10,6,16,0.62
NSND,3,3,6,0.5
NSNH,5,2,7,0.71
NSNI,2,0,2,1.0
NSNK,0,2,2,0.0
NSNL,4,3,7,0.57
NSNM,9,4,13,0.69
NSNN,12,11,23,0.52
NSNP,19,14,33,0.58
NSNS,7,13,20,0.35
NSNb,6,1,7,0.86
NSNh,0,1,1,0.0
NSNl,2,3,5,0.4
NSNm,12,11,23,0.52
NSNn,18,22,40,0.45
NSNs,8,8,16,0.5
NSNt,0,2,2,0.0
NSPB,11,12,23,0.48
NSPD,1,4,5,0.2
NSPH,6,4,10,0.6
NSPI,2,0,2,1.0
NSPK,1,6,7,0.14
NSPL,8,9,17,0.47
NSPM,18,11,29,0.62
NSPN,12,13,25,0.48
NSPP,16,23,39,0.41
NSPS,15,12,27,0.56
NSPb,9,8,17,0.53
NSPh,1,1,2,0.5
NSPl,2,8,10,0.2
NSPm,14,14,28,0.5
NSPn,17,16,33,0.52
NSPs,11,6,17,0.65
NSPt,2,1,3,0.67
NSSB,8,10,18,0.44
NSSD,5,2,7,0.71
NSSH,2,3,5,0.4
NSSI,0,3,3,0.0
NSSL,4,3,7,0.57
NSSM,6,18,24,0.25
NSSN,12,11,23,0.52
NSSP,9,14,23,0.39
NSSS,18,15,33,0.55
NSSb,7,5,12,0.58
NSSh,2,3,5,0.4
NSSl,2,5,7,0.29
NSSm,15,19,34,0.44
NSSn,15,9,24,0.62
NSSs,13,11,24,0.54
NSSt,2,4,6,0.33
NSbB,4,4,8,0.5
NSbD,0,1,1,0.0
NSbH,1,2,3,0.33
NSbI,2,0,2,1.0
NSbJ,3,1,4,0.75
NSbL,0,4,4,0.0
NSbM,4,11,15,0.27
NSbN,11,11,22,0.5
NSbP,8,10,18,0.44
NSbS,6,6,12,0.5
NSbb,5,4,9,0.56
NSbl,2,1,3,0.67
NSbm,6,6,12,0.5
NSbn,6,6,12,0.5
NSbs,4,5,9,0.44
NShB,5,2,7,0.71
NShD,1,3,4,0.25
NShH,4,0,4,1.0
NShI,2,0,2,1.0
NShL,1,3,4,0.25
NShM,6,7,13,0.46
NShN,3,6,9,0.33
NShP,9,3,12,0.75
NShS,9,9,18,0.5
NShb,5,4,9,0.56
NShh,4,5,9,0.44
NShl,3,2,5,0.6
NShm,8,9,17,0.47
NShn,3,1,4,0.75
NShs,0,5,5,0.0
NSht,0,0,0,
NSlB,1,6,7,0.14
NSlD,1,0,1,1.0
NSlH,2,3,5,0.4
NSlI,0,1,1,0.0
NSlJ,3,0,3,1.0
NSlK,1,0,1,1.0
NSlL,0,1,1,0.0
NSlM,0,2,2,0.0
NSlN,3,4,7,0.43
NSlP,3,3,6,0.5
NSlS,2,3,5,0.4
NSlb,1,4,5,0.2
NSll,1,2,3,0.33
NSlm,6,3,9,0.67
NSln,1,3,4,0.25
NSls,2,3,5,0.4
NSmB,10,13,23,0.43
NSmD,3,2,5,0.6
NSmH,8,8,16,0.5
NSmI,0,2,2,0.0
NSmJ,1,2,3,0.33
NSmK,1,0,1,1.0
NSmL,2,1,3,0.67
NSmM,11,14,25,0.44
NSmN,17,12,29,0.59
NSmP,11,11,22,0.5
NSmS,12,11,23,0.52
NSmb,5,5,10,0.5
NSml,1,1,2,0.5
NSmm,13,5,18,0.72
NSmn,12,10,22,0.55
NSms,8,4,12,0.67
NSnB,7,6,13,0.54
NSnD,2,3,5,0.4
NSnH,7,6,13,0.54
NSnI,1,2,3,0.33
NSnK,2,4,6,0.33
NSnL,8,5,13,0.62
NSnM,11,11,22,0.5
NSnN,16,19,35,0.46
NSnP,16,17,33,0.48
NSnS,10,9,19,0.53
NSnb,10,10,20,0.5
NSnh,1,1,2,0.5
NSnl,5,5,10,0.5
NSnm,15,9,24,0.62
NSnn,14,14,28,0.5
NSns,9,5,14,0.64
NSsB,12,7,19,0.63
NSsD,3,5,8,0.38
NSsH,10,11,21,0.48
NSsI,2,1,3,0.67
NSsK,1,0,1,1.0
NSsL,4,5,9,0.44
NSsM,15,6,21,0.71
NSsN,7,14,21,0.33
NSsP,12,8,20,0.6
NSsS,16,15,31,0.52
NSsb,6,4,10,0.6
NSsl,1,2,3,0.33
NSsm,12,13,25,0.48
NSsn,10,4,14,0.71
NSss,8,20,28,0.29
NStB,2,0,2,1.0
NStD,2,0,2,1.0
NStH,1,0,1,1.0
NStL,1,1,2,0.5
NStM,4,3,7,0.57
NStN,2,0,2,1.0
NStP,4,6,10,0.4
NStS,1,2,3,0.33
NStl,1,1,2,0.5
NStm,4,2,6,0.67
NStn,1,1,2,0.5
NSts,2,0,2,1.0
NbBB,11,7,18,0.61
NbBD,5,1,6,0.83
NbBK,2,4,6,0.33
NbBL,2,3,5,0.4
NbBM,9,9,18,0.5
NbBN,10,7,17,0.59
NbBP,11,17,28,0.39
NbBS,6,7,13,0.46
NbBb,9,7,16,0.56
NbBh,1,1,2,0.5
NbBj,2,2,4,0.5
NbBl,4,4,8,0.5
NbBm,11,8,19,0.58
NbBn,12,15,27,0.44
NbBs,2,6,8,0.25
NbBt,1,2,3,0.33
NbDB,2,0,2,1.0
NbDH,0,1,1,0.0
NbDM,3,1,4,0.75
NbDN,2,1,3,0.67
NbDP,2,2,4,0.5
NbDS,0,1,1,0.0
NbDb,2,0,2,1.0
NbDm,2,2,4,0.5
NbDn,2,0,2,1.0
NbDs,1,1,2,0.5
NbDt,1,1,2,0.5
NbHB,3,1,4,0.75
NbHD,1,0,1,1.0
NbHH,1,2,3,0.33
NbHI,0,1,1,0.0
NbHL,0,1,1,0.0
NbHM,3,1,4,0.75
NbHN,3,7,10,0.3
NbHP,2,4,6,0.33
NbHS,1,2,3,0.33
NbHb,4,2,6,0.67
NbHh,1,2,3,0.33
NbHl,1,1,2,0.5
NbHm,3,3,6,0.5
NbHn,7,2,9,0.78
NbHs,0,4,4,0.0
NbIB,1,1,2,0.5
NbIH,1,0,1,1.0
NbII,1,0,1,1.0
NbIL,0,1,1,0.0
NbIM,0,0,0,
NbIN,2,0,2,1.0
NbIP,1,4,5,0.2
NbIS,0,1,1,0.0
NbIb,1,1,2,0.5
NbIm,4,1,5,0.8
NbIn,2,0,2,1.0
NbIs,2,3,5,0.4
NbJB,4,3,7,0.57
NbJD,0,0,0,
NbJH,1,0,1,1.0
NbJK,0,1,1,0.0
NbJL,1,1,2,0.5
NbJM,4,3,7,0.57
NbJN,2,3,5,0.4
NbJP,4,6,10,0.4
NbJS,4,1,5,0.8
NbJb,1,3,4,0.25
NbJh,1,0,1,1.0
NbJl,2,2,4,0.5
NbJm,4,4,8,0.5
NbJn,2,3,5,0.4
NbJs,5,3,8,0.62
NbJt,0,1,1,0.0
NbKB,2,2,4,0.5
NbKD,2,1,3,0.67
NbKH,1,0,1,1.0
NbKM,2,1,3,0.67
NbKN,1,4,5,0.2
NbKP,1,0,1,1.0
NbKS,1,1,2,0.5
NbKb,1,1,2,0.5
NbKh,0,1,1,0.0
NbKm,0,0,0,
NbKs,0,3,3,0.0
NbLB,3,1,4,0.75
NbLD,0,0,0,
NbLL,2,1,3,0.67
NbLM,2,4,6,0.33
NbLN,1,4,5,0.2
NbLP,4,4,8,0.5
NbLS,3,2,5,0.6
NbLb,4,2,6,0.67
NbLh,0,3,3,0.0
NbLj,1,2,3,0.33
NbLl,1,1,2,0.5
NbLm,1,6,7,0.14
NbLn,9,7,16,0.56
NbLs,3,3,6,0.5
NbMB,13,3,16,0.81
NbMD,4,0,4,1.0
NbMI,0,0,0,
NbMK,0,0,0,
NbML,4,3,7,0.57
NbMM,6,5,11,0.55
NbMN,9,9,18,0.5
NbMP,13,12,25,0.52
NbMS,4,3,7,0.57
NbMb,7,6,13,0.54
NbMh,12,7,19,0.63
NbMj,0,2,2,0.0
NbMl,3,3,6,0.5
NbMm,4,9,13,0.31
NbMn,14,19,33,0.42
NbMs,8,2,10,0.8
NbMt,2,1,3,0.67
NbNB,11,8,19,0.58
NbND,4,2,6,0.67
NbNH,1,0,1,1.0
NbNI,1,0,1,1.0
NbNK,1,1,2,0.5
NbNL,2,3,5,0.4
NbNM,9,19,28,0.32
NbNN,20,18,38,0.53
NbNP,18,22,40,0.45
NbNS,4,7,11,0.36
NbNb,17,8,25,0.68
NbNh,4,3,7,0.57
NbNl,5,2,7,0.71
NbNm,14,12,26,0.54
NbNn,21,13,34,0.62
NbNs,8,7,15,0.53
NbNt,2,4,6,0.33
NbPB,7,4,11,0.64
NbPD,1,1,2,0.5
NbPH,3,0,3,1.0
NbPI,3,1,4,0.75
NbPK,1,2,3,0.33
NbPL,7,1,8,0.88
NbPM,13,7,20,0.65
NbPN,11,15,26,0.42
NbPP,19,21,40,0.48
NbPS,6,10,16,0.38
NbPb,12,8,20,0.6
NbPh,2,1,3,0.67
NbPl,5,4,9,0.56
NbPm,12,18,30,0.4
NbPn,10,11,21,0.48
NbPs,6,6,12,0.5
NbPt,1,3,4,0.25
NbSB,2,2,4,0.5
NbSD,2,0,2,1.0
NbSH,0,3,3,0.0
NbSL,1,2,3,0.33
NbSM,7,10,17,0.41
NbSN,3,3,6,0.5
NbSP,8,9,17,0.47
NbSS,7,3,10,0.7
NbSb,6,4,10,0.6
NbSh,5,4,9,0.56
NbSl,3,1,4,0.75
NbSm,7,3,10,0.7
NbSn,4,7,11,0.36
NbSs,5,5,10,0.5
NbSt,0,1,1,0.0
NbbB,9,14,23,0.39
NbbD,1,1,2,0.5
NbbH,5,3,8,0.62
NbbI,1,1,2,0.5
NbbJ,1,2,3,0.33
NbbK,1,1,2,0.5
NbbL,2,3,5,0.4
NbbM,9,5,14,0.64
NbbN,19,14,33,0.58
NbbP,15,16,31,0.48
NbbS,6,6,12,0.5
Nbbb,8,8,16,0.5
Nbbl,1,6,7,0.14
Nbbm,6,10,16,0.38
Nbbn,14,12,26,0.54
Nbbs,4,4,8,0.5
NbhS,0,1,1,0.0
NblB,2,4,6,0.33
NblD,1,1,2,0.5
NblH,1,3,4,0.25
NblI,0,1,1,0.0
NblJ,2,1,3,0.67
NblL,1,0,1,1.0
NblM,3,4,7,0.43
NblN,5,4,9,0.56
NblP,6,4,10,0.6
NblS,2,0,2,1.0
Nblb,3,1,4,0.75
Nbll,0,1,1,0.0
Nblm,1,0,1,1.0
Nbln,2,0,2,1.0
Nbls,1,0,1,1.0
NbmB,8,12,20,0.4
NbmD,3,1,4,0.75
NbmH,10,4,14,0.71
NbmI,1,1,2,0.5
NbmJ,2,1,3,0.67
NbmK,0,1,1,0.0
NbmL,1,4,5,0.2
NbmM,7,9,16,0.44
NbmN,11,18,29,0.38
NbmP,12,11,23,0.52
NbmS,7,3,10,0.7
Nbmb,14,8,22,0.64
Nbml,4,2,6,0.67
Nbmm,14,7,21,0.67
Nbmn,4,10,14,0.29
Nbms,3,2,5,0.6
NbnB,7,11,18,0.39
NbnD,1,1,2,0.5
NbnH,7,7,14,0.5
NbnI,0,2,2,0.0
NbnK,0,0,0,
NbnL,2,4,6,0.33
NbnM,9,10,19,0.47
NbnN,16,12,28,0.57
NbnP,10,16,26,0.38
NbnS,6,12,18,0.33
Nbnb,11,8,19,0.58
Nbnh,1,1,2,0.5
Nbnl,1,5,6,0.17
Nbnm,12,7,19,0.63
Nbnn,13,8,21,0.62
Nbns,5,4,9,0.56
NbsB,5,2,7,0.71
NbsD,2,1,3,0.67
NbsH,3,9,12,0.25
NbsI,0,3,3,0.0
NbsL,3,2,5,0.6
NbsM,4,8,12,0.33
NbsN,5,5,10,0.5
NbsP,7,9,16,0.44
NbsS,7,2,9,0.78
Nbsb,5,3,8,0.62
Nbsl,2,1,3,0.67
Nbsm,4,3,7,0.57
Nbsn,4,2,6,0.67
Nbss,4,3,7,0.57
Nbst,0,1,1,0.0
NbtP,0,1,1,0.0
Nbtm,1,0,1,1.0
NhBB,2,4,6,0.33
NhBL,0,1,1,0.0
NhBM,3,3,6,0.5
NhBN,2,3,5,0.4
NhBP,4,4,8,0.5
NhBS,1,2,3,0.33
NhBb,3,3,6,0.5
NhBh,0,1,1,0.0
NhBj,1,0,1,1.0
NhBl,0,2,2,0.0
NhBm,6,2,8,0.75
NhBn,9,3,12,0.75
NhBs,1,0,1,1.0
NhBt,1,1,2,0.5
NhDB,0,2,2,0.0
NhDH,0,1,1,0.0
NhDL,0,1,1,0.0
NhDM,0,1,1,0.0
NhDN,1,0,1,1.0
NhDS,0,1,1,0.0
NhDb,2,0,2,1.0
NhDm,1,2,3,0.33
NhDs,0,2,2,0.0
NhHB,1,0,1,1.0
NhHD,0,0,0,
NhHM,1,3,4,0.25
NhHN,3,0,3,1.0
NhHP,0,1,1,0.0
NhHS,1,0,1,1.0
NhHb,2,0,2,1.0
NhHh,1,1,2,0.5
NhHl,0,0,0,
NhHm,0,1,1,0.0
NhHn,0,2,2,0.0
NhHs,0,1,1,0.0
NhIB,1,0,1,1.0
NhIH,0,1,1,0.0
NhIK,1,0,1,1.0
NhIL,1,0,1,1.0
NhIM,1,0,1,1.0
NhIb,0,1,1,0.0
NhIh,0,1,1,0.0
NhIn,1,0,1,1.0
NhIs,1,0,1,1.0
NhKs,0,0,0,
NhLB,1,1,2,0.5
NhLM,1,1,2,0.5
NhLN,0,1,1,0.0
NhLS,0,1,1,0.0
NhLb,1,1,2,0.5
NhLl,2,0,2,1.0
NhLm,1,1,2,0.5
NhLn,2,1,3,0.67
NhLs,3,1,4,0.75
NhMB,3,2,5,0.6
NhMD,0,1,1,0.0
NhMI,0,0,0,
NhMM,3,3,6,0.5
NhMN,3,5,8,0.38
NhMP,2,7,9,0.22
NhMS,2,4,6,0.33
NhMb,4,1,5,0.8
NhMh,2,0,2,1.0
NhMj,1,0,1,1.0
NhMl,1,3,4,0.25
NhMm,7,0,7,1.0
NhMn,3,0,3,1.0
NhMs,2,1,3,0.67
NhMt,0,0,0,
NhNB,2,6,8,0.25
NhND,1,1,2,0.5
NhNH,0,0,0,
NhNK,0,4,4,0.0
NhNL,0,2,2,0.0
NhNM,1,4,5,0.2
NhNN,1,5,6,0.17
NhNP,9,8,17,0.53
NhNS,4,3,7,0.57
NhNb,2,3,5,0.4
NhNh,0,1,1,0.0
NhNl,3,0,3,1.0
NhNm,5,4,9,0.56
NhNn,6,5,11,0.55
NhNs,2,5,7,0.29
NhPB,3,3,6,0.5
NhPD,2,1,3,0.67
NhPH,0,2,2,0.0
NhPI,2,1,3,0.67
NhPL,0,2,2,0.0
NhPM,2,6,8,0.25
NhPN,7,7,14,0.5
NhPP,10,3,13,0.77
NhPS,4,4,8,0.5
NhPb,1,5,6,0.17
NhPl,5,3,8,0.62
NhPm,5,4,9,0.56
NhPn,2,4,6,0.33
NhPs,4,6,10,0.4
NhPt,0,2,2,0.0
NhSB,4,0,4,1.0
NhSD,2,0,2,1.0
NhSH,1,2,3,0.33
NhSK,2,0,2,1.0
NhSL,1,0,1,1.0
NhSM,3,8,11,0.27
NhSN,4,6,10,0.4
NhSP,2,2,4,0.5
NhSS,7,5,12,0.58
NhSb,5,2,7,0.71
NhSh,7,3,10,0.7
NhSl,1,2,3,0.33
NhSm,6,7,13,0.46
NhSn,1,4,5,0.2
NhSs,2,3,5,0.4
NhSt,1,1,2,0.5
NhbB,2,0,2,1.0
NhbD,1,0,1,1.0
NhbH,1,1,2,0.5
NhbJ,2,2,4,0.5
NhbL,0,1,1,0.0
NhbM,2,5,7,0.29
NhbN,4,5,9,0.44
NhbP,6,2,8,0.75
NhbS,2,3,5,0.4
Nhbb,1,1,2,0.5
Nhbl,1,1,2,0.5
Nhbm,3,2,5,0.6
Nhbn,1,4,5,0.2
Nhbs,3,1,4,0.75
NhhB,4,2,6,0.67
NhhD,1,0,1,1.0
NhhH,0,1,1,0.0
NhhL,1,0,1,1.0
NhhM,2,5,7,0.29
NhhN,2,2,4,0.5
NhhP,3,4,7,0.43
NhhS,4,0,4,1.0
Nhhb,5,3,8,0.62
Nhhh,4,1,5,0.8
Nhhl,1,2,3,0.33
Nhhm,4,2,6,0.67
Nhhn,2,2,4,0.5
Nhhs,4,3,7,0.57
Nhht,0,2,2,0.0
NhlB,0,0,0,
NhlH,1,0,1,1.0
NhlJ,0,2,2,0.0
NhlL,1,0,1,1.0
NhlM,1,2,3,0.33
NhlN,3,0,3,1.0
NhlP,3,3,6,0.5
NhlS,0,0,0,
Nhlb,1,1,2,0.5
Nhll,1,0,1,1.0
Nhlm,1,0,1,1.0
Nhln,1,1,2,0.5
NhmB,3,2,5,0.6
NhmH,3,1,4,0.75
NhmI,1,0,1,1.0
NhmJ,1,1,2,0.5
NhmL,0,1,1,0.0
NhmM,5,8,13,0.38
NhmN,4,3,7,0.57
NhmP,9,5,14,0.64
NhmS,5,4,9,0.56
Nhmb,4,8,12,0.33
Nhml,2,1,3,0.67
Nhmm,7,7,14,0.5
Nhmn,3,2,5,0.6
Nhms,1,2,3,0.33
NhnB,0,4,4,0.0
NhnH,0,2,2,0.0
NhnL,1,0,1,1.0
NhnM,4,6,10,0.4
NhnN,7,7,14,0.5
NhnP,5,10,15,0.33
NhnS,5,6,11,0.45
Nhnb,4,4,8,0.5
Nhnl,2,0,2,1.0
Nhnm,2,4,6,0.33
Nhnn,4,5,9,0.44
Nhns,2,5,7,0.29
NhsB,3,1,4,0.75
NhsD,2,0,2,1.0
NhsH,2,3,5,0.4
NhsI,0,1,1,0.0
NhsK,1,0,1,1.0
NhsL,0,1,1,0.0
NhsM,2,2,4,0.5
NhsN,4,1,5,0.8
NhsP,5,5,10,0.5
NhsS,0,6,6,0.0
Nhsb,3,3,6,0.5
Nhsl,2,1,3,0.67
Nhsm,3,7,10,0.3
Nhsn,0,6,6,0.0
Nhss,1,2,3,0.33
NhtB,1,0,1,1.0
NhtM,1,1,2,0.5
NhtN,0,2,2,0.0
NhtP,0,2,2,0.0
Nhtm,1,1,2,0.5
Nhtn,1,1,2,0.5
Nhts,0,1,1,0.0
NlBB,1,3,4,0.25
NlBD,0,2,2,0.0
NlBL,1,0,1,1.0
NlBM,2,2,4,0.5
NlBN,3,2,5,0.6
NlBP,2,7,9,0.22
NlBS,4,1,5,0.8
NlBb,2,5,7,0.29
NlBh,3,1,4,0.75
NlBj,1,1,2,0.5
NlBl,1,1,2,0.5
NlBm,3,4,7,0.43
NlBn,5,2,7,0.71
NlBs,1,0,1,1.0
NlDM,1,0,1,1.0
NlDN,1,0,1,1.0
NlDP,0,0,0,
NlDm,0,1,1,0.0
NlDn,0,3,3,0.0
NlDs,0,0,0,
NlDt,1,0,1,1.0
NlHB,2,2,4,0.5
NlHD,0,0,0,
NlHI,1,0,1,1.0
NlHL,0,1,1,0.0
NlHM,2,1,3,0.67
NlHN,3,1,4,0.75
NlHP,4,4,8,0.5
NlHS,2,3,5,0.4
NlHb,2,4,6,0.33
NlHh,0,1,1,0.0
NlHl,0,2,2,0.0
NlHm,0,2,2,0.0
NlHn,2,4,6,0.33
NlHs,0,3,3,0.0
NlHt,0,1,1,0.0
NlIB,0,1,1,0.0
NlID,0,0,0,
NlIH,1,1,2,0.5
NlII,0,1,1,0.0
NlIP,0,1,1,0.0
NlIS,0,0,0,
NlIm,1,0,1,1.0
NlIn,1,0,1,1.0
NlIs,1,0,1,1.0
NlJB,1,0,1,1.0
NlJH,0,1,1,0.0
NlJM,2,0,2,1.0
NlJN,0,2,2,0.0
NlJP,1,1,2,0.5
NlJb,0,3,3,0.0
NlJl,0,1,1,0.0
NlJm,0,1,1,0.0
NlJn,0,4,4,0.0
NlJs,0,1,1,0.0
NlJt,1,1,2,0.5
NlKm,1,0,1,1.0
NlLB,3,2,5,0.6
NlLK,1,0,1,1.0
NlLL,1,0,1,1.0
NlLM,2,1,3,0.67
NlLN,1,0,1,1.0
NlLP,3,1,4,0.75
NlLS,3,0,3,1.0
NlLb,2,1,3,0.67
NlLh,4,0,4,1.0
NlLj,1,0,1,1.0
NlLl,0,2,2,0.0
NlLm,0,1,1,0.0
NlLn,1,2,3,0.33
NlLs,0,1,1,0.0
NlLt,1,0,1,1.0
NlMB,5,2,7,0.71
NlMD,0,0,0,
NlML,2,0,2,1.0
NlMM,0,5,5,0.0
NlMN,7,3,10,0.7
NlMP,4,7,11,0.36
NlMS,0,3,3,0.0
NlMb,5,0,5,1.0
NlMh,7,5,12,0.58
NlMj,0,0,0,
NlMl,0,0,0,
NlMm,5,4,9,0.56
NlMn,3,3,6,0.5
NlMs,2,2,4,0.5
NlNB,5,4,9,0.56
NlNK,2,0,2,1.0
NlNL,4,4,8,0.5
NlNM,4,7,11,0.36
NlNN,4,6,10,0.4
NlNP,5,4,9,0.56
NlNS,1,5,6,0.17
NlNb,4,4,8,0.5
NlNh,0,2,2,0.0
NlNl,1,2,3,0.33
NlNm,2,1,3,0.67
NlNn,8,4,12,0.67
NlNs,2,4,6,0.33
NlNt,0,2,2,0.0
NlPB,1,7,8,0.12
NlPD,2,0,2,1.0
NlPH,0,3,3,0.0
NlPI,1,0,1,1.0
NlPL,2,2,4,0.5
NlPM,8,4,12,0.67
NlPN,4,9,13,0.31
NlPP,4,5,9,0.44
NlPS,4,3,7,0.57
NlPb,3,5,8,0.38
NlPh,1,0,1,1.0
NlPl,2,1,3,0.67
NlPm,5,1,6,0.83
NlPn,2,5,7,0.29
NlPs,5,9,14,0.36
NlSB,1,2,3,0.33
NlSH,0,0,0,
NlSL,2,1,3,0.67
NlSM,4,3,7,0.57
NlSN,6,1,7,0.86
NlSP,8,2,10,0.8
NlSS,3,5,8,0.38
NlSb,1,2,3,0.33
NlSh,2,1,3,0.67
NlSl,0,3,3,0.0
NlSm,2,2,4,0.5
NlSn,3,6,9,0.33
NlSs,4,7,11,0.36
NlSt,0,2,2,0.0
NlbB,8,3,11,0.73
NlbD,1,0,1,1.0
NlbH,1,0,1,1.0
NlbJ,2,2,4,0.5
NlbK,0,2,2,0.0
NlbL,0,4,4,0.0
NlbM,1,4,5,0.2
NlbN,1,3,4,0.25
NlbP,5,3,8,0.62
NlbS,1,1,2,0.5
Nlbb,4,3,7,0.57
Nlbl,1,3,4,0.25
Nlbm,1,3,4,0.25
Nlbn,3,2,5,0.6
Nlbs,2,1,3,0.67
NllB,1,3,4,0.25
NllH,2,1,3,0.67
NllM,3,1,4,0.75
NllN,1,4,5,0.2
NllP,2,2,4,0.5
Nllb,3,1,4,0.75
Nlll,2,1,3,0.67
Nllm,2,0,2,1.0
Nlln,1,0,1,1.0
NlmB,4,6,10,0.4
NlmD,1,1,2,0.5
NlmH,2,4,6,0.33
NlmJ,0,3,3,0.0
NlmK,0,1,1,0.0
NlmL,2,1,3,0.67
NlmM,2,2,4,0.5
NlmN,1,2,3,0.33
NlmP,4,6,10,0.4
NlmS,2,3,5,0.4
Nlmb,12,4,16,0.75
Nlml,1,0,1,1.0
Nlmm,4,2,6,0.67
Nlmn,3,7,10,0.3
Nlms,2,1,3,0.67
NlnB,3,4,7,0.43
NlnD,0,0,0,
NlnH,2,2,4,0.5
NlnI,0,1,1,0.0
NlnK,1,0,1,1.0
NlnL,2,0,2,1.0
NlnM,3,7,10,0.3
NlnN,6,1,7,0.86
NlnP,9,8,17,0.53
NlnS,0,5,5,0.0
Nlnb,7,2,9,0.78
Nlnh,0,1,1,0.0
Nlnl,2,1,3,0.67
Nlnm,3,3,6,0.5
Nlnn,2,2,4,0.5
Nlns,3,2,5,0.6
NlsB,2,3,5,0.4
NlsH,2,0,2,1.0
NlsK,0,1,1,0.0
NlsL,1,1,2,0.5
NlsM,1,3,4,0.25
NlsN,3,5,8,0.38
NlsP,1,1,2,0.5
NlsS,1,1,2,0.5
Nlsb,1,1,2,0.5
Nlsh,1,0,1,1.0
Nlsl,1,1,2,0.5
Nlsm,3,1,4,0.75
Nlsn,3,1,4,0.75
Nlss,1,1,2,0.5
NmBB,10,9,19,0.53
NmBD,4,2,6,0.67
NmBK,1,2,3,0.33
NmBL,3,6,9,0.33
NmBM,5,11,16,0.31
NmBN,21,17,38,0.55
NmBP,11,21,32,0.34
NmBS,5,3,8,0.62
NmBb,13,13,26,0.5
NmBh,0,2,2,0.0
NmBj,6,1,7,0.86
NmBl,4,2,6,0.67
NmBm,9,9,18,0.5
NmBn,16,12,28,0.57
NmBs,8,6,14,0.57
NmBt,2,0,2,1.0
NmDB,3,5,8,0.38
NmDD,0,4,4,0.0
NmDH,1,2,3,0.33
NmDI,0,1,1,0.0
NmDL,2,1,3,0.67
NmDM,3,4,7,0.43
NmDN,5,4,9,0.56
NmDP,2,4,6,0.33
NmDS,5,6,11,0.45
NmDb,1,5,6,0.17
NmDl,0,4,4,0.0
NmDm,4,6,10,0.4
NmDn,3,0,3,1.0
NmDs,2,2,4,0.5
NmHB,10,10,20,0.5
NmHD,6,1,7,0.86
NmHH,1,4,5,0.2
NmHI,0,2,2,0.0
NmHK,1,0,1,1.0
NmHL,2,1,3,0.67
NmHM,10,10,20,0.5
NmHN,16,11,27,0.59
NmHP,8,7,15,0.53
NmHS,13,6,19,0.68
NmHb,4,9,13,0.31
NmHh,4,6,10,0.4
NmHl,4,4,8,0.5
NmHm,12,20,32,0.38
NmHn,14,10,24,0.58
NmHs,5,9,14,0.36
NmHt,2,0,2,1.0
NmIB,1,1,2,0.5
NmIH,1,1,2,0.5
NmIL,1,0,1,1.0
NmIM,1,0,1,1.0
NmIN,2,2,4,0.5
NmIP,3,2,5,0.6
NmIS,1,2,3,0.33
NmIb,2,1,3,0.67
NmIl,1,0,1,1.0
NmIm,1,0,1,1.0
NmIn,0,2,2,0.0
NmIs,1,1,2,0.5
NmJB,1,1,2,0.5
NmJH,1,2,3,0.33
NmJI,0,1,1,0.0
NmJK,1,0,1,1.0
NmJL,0,3,3,0.0
NmJM,5,4,9,0.56
NmJN,2,0,2,1.0
NmJP,5,3,8,0.62
NmJS,2,2,4,0.5
NmJb,4,5,9,0.44
NmJl,2,2,4,0.5
NmJm,3,3,6,0.5
NmJn,3,3,6,0.5
NmJs,0,2,2,0.0
NmKI,0,1,1,0.0
NmKM,0,0,0,
NmKb,1,2,3,0.33
NmKh,1,1,2,0.5
NmKn,0,1,1,0.0
NmLB,1,3,4,0.25
NmLD,0,2,2,0.0
NmLK,0,1,1,0.0
NmLL,1,2,3,0.33
NmLM,3,3,6,0.5
NmLN,6,1,7,0.86
NmLP,7,6,13,0.54
NmLS,2,2,4,0.5
NmLb,1,3,4,0.25
NmLh,3,2,5,0.6
NmLj,3,1,4,0.75
NmLl,1,1,2,0.5
NmLm,4,2,6,0.67
NmLn,11,5,16,0.69
NmLs,3,2,5,0.6
NmLt,0,1,1,0.0
NmMB,8,11,19,0.42
NmMD,1,1,2,0.5
NmMI,0,1,1,0.0
NmMK,0,1,1,0.0
NmML,1,1,2,0.5
NmMM,12,7,19,0.63
NmMN,17,12,29,0.59
NmMP,15,20,35,0.43
NmMS,7,17,24,0.29
NmMb,12,7,19,0.63
NmMh,10,10,20,0.5
NmMj,0,1,1,0.0
NmMl,6,3,9,0.67
NmMm,23,12,35,0.66
NmMn,18,19,37,0.49
NmMs,13,7,20,0.65
NmMt,5,3,8,0.62
NmNB,10,12,22,0.45
NmND,1,3,4,0.25
NmNH,3,7,10,0.3
NmNK,3,3,6,0.5
NmNL,5,2,7,0.71
NmNM,15,26,41,0.37
NmNN,26,19,45,0.58
NmNP,20,21,41,0.49
NmNS,13,19,32,0.41
NmNb,14,14,28,0.5
NmNh,7,5,12,0.58
NmNl,4,8,12,0.33
NmNm,16,7,23,0.7
NmNn,33,39,72,0.46
NmNs,16,15,31,0.52
NmNt,4,4,8,0.5
NmPB,12,9,21,0.57
NmPD,1,3,4,0.25
NmPH,5,9,14,0.36
NmPI,3,1,4,0.75
NmPK,1,1,2,0.5
NmPL,5,5,10,0.5
NmPM,13,24,37,0.35
NmPN,20,23,43,0.47
NmPP,23,28,51,0.45
NmPS,8,13,21,0.38
NmPb,9,12,21,0.43
NmPh,0,1,1,0.0
NmPl,6,2,8,0.75
NmPm,20,21,41,0.49
NmPn,14,14,28,0.5
NmPs,6,14,20,0.3
NmPt,1,1,2,0.5
NmSB,9,6,15,0.6
NmSD,2,1,3,0.67
NmSH,5,6,11,0.45
NmSL,3,4,7,0.43
NmSM,5,6,11,0.45
NmSN,12,13,25,0.48
NmSP,6,9,15,0.4
NmSS,9,11,20,0.45
NmSb,9,6,15,0.6
NmSh,3,6,9,0.33
NmSl,5,1,6,0.83
NmSm,13,8,21,0.62
NmSn,16,15,31,0.52
NmSs,10,9,19,0.53
NmSt,1,2,3,0.33
NmbB,10,9,19,0.53
NmbD,5,1,6,0.83
NmbH,4,4,8,0.5
NmbI,2,1,3,0.67
NmbJ,3,3,6,0.5
NmbK,1,1,2,0.5
NmbL,2,4,6,0.33
NmbM,9,7,16,0.56
NmbN,18,17,35,0.51
NmbP,11,15,26,0.42
NmbS,5,6,11,0.45
Nmbb,16,13,29,0.55
Nmbl,3,4,7,0.43
Nmbm,11,8,19,0.58
Nmbn,16,16,32,0.5
Nmbs,5,3,8,0.62
NmhS,0,1,1,0.0
NmlB,2,1,3,0.67
NmlD,0,1,1,0.0
NmlH,4,1,5,0.8
NmlI,0,2,2,0.0
NmlJ,1,0,1,1.0
NmlK,1,0,1,1.0
NmlL,1,2,3,0.33
NmlM,3,2,5,0.6
NmlN,7,1,8,0.88
NmlP,2,3,5,0.4
NmlS,2,3,5,0.4
Nmlb,3,1,4,0.75
Nmll,1,0,1,1.0
Nmlm,3,1,4,0.75
Nmln,2,1,3,0.67
Nmls,2,1,3,0.67
NmmB,6,8,14,0.43
NmmD,5,0,5,1.0
NmmH,12,12,24,0.5
NmmI,2,0,2,1.0
NmmJ,1,5,6,0.17
NmmK,0,1,1,0.0
NmmL,3,7,10,0.3
NmmM,14,11,25,0.56
NmmN,16,18,34,0.47
NmmP,14,9,23,0.61
NmmS,7,3,10,0.7
Nmmb,13,16,29,0.45
Nmml,1,2,3,0.33
Nmmm,10,6,16,0.62
Nmmn,15,12,27,0.56
Nmms,3,3,6,0.5
NmnB,6,12,18,0.33
NmnD,4,3,7,0.57
NmnH,7,9,16,0.44
NmnI,2,4,6,0.33
NmnK,1,1,2,0.5
NmnL,3,6,9,0.33
NmnM,12,10,22,0.55
NmnN,19,19,38,0.5
NmnP,25,18,43,0.58
NmnS,10,7,17,0.59
Nmnb,12,6,18,0.67
Nmnh,0,2,2,0.0
Nmnl,5,4,9,0.56
Nmnm,14,13,27,0.52
Nmnn,15,17,32,0.47
Nmns,13,8,21,0.62
Nmnt,0,1,1,0.0
NmsB,3,7,10,0.3
NmsD,2,2,4,0.5
NmsH,3,5,8,0.38
NmsI,1,1,2,0.5
NmsL,3,1,4,0.75
NmsM,5,6,11,0.45
NmsN,12,13,25,0.48
NmsP,6,12,18,0.33
NmsS,8,11,19,0.42
Nmsb,7,9,16,0.44
Nmsh,1,1,2,0.5
Nmsl,3,1,4,0.75
Nmsm,11,6,17,0.65
Nmsn,11,7,18,0.61
Nmss,3,4,7,0.43
Nmst,1,0,1,1.0
Nmtt,1,0,1,1.0
NnBB,6,15,21,0.29
NnBD,2,1,3,0.67
NnBK,1,1,2,0.5
NnBL,3,3,6,0.5
NnBM,10,18,28,0.36
NnBN,11,15,26,0.42
NnBP,20,18,38,0.53
NnBS,12,8,20,0.6
NnBb,10,4,14,0.71
NnBh,0,1,1,0.0
NnBj,5,4,9,0.56
NnBl,7,9,16,0.44
NnBm,14,16,30,0.47
NnBn,23,19,42,0.55
NnBs,8,7,15,0.53
NnBt,3,0,3,1.0
NnDB,3,3,6,0.5
NnDD,3,2,5,0.6
NnDH,2,2,4,0.5
NnDL,0,1,1,0.0
NnDM,4,8,12,0.33
NnDN,5,7,12,0.42
NnDP,4,5,9,0.44
NnDS,2,3,5,0.4
NnDb,2,2,4,0.5
NnDl,0,1,1,0.0
NnDm,2,3,5,0.4
NnDn,2,4,6,0.33
NnDs,3,0,3,1.0
NnDt,0,2,2,0.0
NnHB,9,7,16,0.56
NnHD,2,3,5,0.4
NnHH,1,3,4,0.25
NnHI,0,1,1,0.0
NnHK,1,0,1,1.0
NnHL,3,4,7,0.43
NnHM,6,9,15,0.4
NnHN,18,16,34,0.53
NnHP,14,14,28,0.5
NnHS,12,10,22,0.55
NnHb,8,10,18,0.44
NnHh,4,6,10,0.4
NnHl,7,0,7,1.0
NnHm,9,12,21,0.43
NnHn,12,10,22,0.55
NnHs,8,15,23,0.35
NnHt,1,0,1,1.0
NnIB,2,2,4,0.5
NnID,1,0,1,1.0
NnIH,5,1,6,0.83
NnII,3,1,4,0.75
NnIL,0,1,1,0.0
NnIM,1,1,2,0.5
NnIN,4,6,10,0.4
NnIP,2,3,5,0.4
NnIS,2,1,3,0.67
NnIb,0,1,1,0.0
NnIh,0,1,1,0.0
NnIl,2,0,2,1.0
NnIm,3,5,8,0.38
NnIn,2,2,4,0.5
NnIs,2,1,3,0.67
NnKB,1,0,1,1.0
NnKD,1,0,1,1.0
NnKH,0,1,1,0.0
NnKL,1,0,1,1.0
NnKM,1,1,2,0.5
NnKP,2,3,5,0.4
NnKS,1,0,1,1.0
NnKb,0,1,1,0.0
NnKh,1,1,2,0.5
NnKl,0,1,1,0.0
NnKm,0,2,2,0.0
NnKn,0,2,2,0.0
NnKs,3,3,6,0.5
NnLB,5,6,11,0.45
NnLD,0,2,2,0.0
NnLH,0,1,1,0.0
NnLL,2,1,3,0.67
NnLM,2,5,7,0.29
NnLN,8,5,13,0.62
NnLP,5,7,12,0.42
NnLS,4,2,6,0.67
NnLb,3,3,6,0.5
NnLh,5,3,8,0.62
NnLj,1,1,2,0.5
NnLl,2,2,4,0.5
NnLm,5,9,14,0.36
NnLn,4,7,11,0.36
NnLs,5,3,8,0.62
NnLt,2,1,3,0.67
NnMB,12,17,29,0.41
NnMD,4,3,7,0.57
NnML,4,3,7,0.57
NnMM,15,14,29,0.52
NnMN,23,11,34,0.68
NnMP,10,18,28,0.36
NnMS,8,12,20,0.4
NnMb,11,6,17,0.65
NnMh,17,15,32,0.53
NnMj,1,6,7,0.14
NnMl,5,7,12,0.42
NnMm,18,15,33,0.55
NnMn,21,22,43,0.49
NnMs,12,13,25,0.48
NnMt,3,5,8,0.38
NnNB,18,18,36,0.5
NnND,6,6,12,0.5
NnNH,6,3,9,0.67
NnNI,0,1,1,0.0
NnNK,1,1,2,0.5
NnNL,10,10,20,0.5
NnNM,21,24,45,0.47
NnNN,26,36,62,0.42
NnNP,46,33,79,0.58
NnNS,15,13,28,0.54
NnNb,18,15,33,0.55
NnNh,13,9,22,0.59
NnNl,8,10,18,0.44
NnNm,28,18,46,0.61
NnNn,29,35,64,0.45
NnNs,17,20,37,0.46
NnNt,6,4,10,0.6
NnPB,16,20,36,0.44
NnPD,3,7,10,0.3
NnPH,10,7,17,0.59
NnPI,1,4,5,0.2
NnPK,0,4,4,0.0
NnPL,7,8,15,0.47
NnPM,15,22,37,0.41
NnPN,29,35,64,0.45
NnPP,39,32,71,0.55
NnPS,18,24,42,0.43
NnPb,27,23,50,0.54
NnPh,3,3,6,0.5
NnPl,6,8,14,0.43
NnPm,27,20,47,0.57
NnPn,36,35,71,0.51
NnPs,19,21,40,0.48
NnPt,3,2,5,0.6
NnSB,11,8,19,0.58
NnSD,2,5,7,0.29
NnSH,5,1,6,0.83
NnSI,2,0,2,1.0
NnSK,1,0,1,1.0
NnSL,3,2,5,0.6
NnSM,9,13,22,0.41
NnSN,17,16,33,0.52
NnSP,11,13,24,0.46
NnSS,20,22,42,0.48
NnSb,8,13,21,0.38
NnSh,4,5,9,0.44
NnSl,4,6,10,0.4
NnSm,27,12,39,0.69
NnSn,19,20,39,0.49
NnSs,14,16,30,0.47
NnSt,8,1,9,0.89
NnbB,16,15,31,0.52
NnbD,2,0,2,1.0
NnbH,4,3,7,0.57
NnbI,1,4,5,0.2
NnbJ,6,3,9,0.67
NnbK,4,2,6,0.67
NnbL,4,7,11,0.36
NnbM,10,18,28,0.36
NnbN,21,14,35,0.6
NnbP,13,17,30,0.43
NnbS,10,7,17,0.59
Nnbb,14,10,24,0.58
Nnbl,2,3,5,0.4
Nnbm,12,8,20,0.6
Nnbn,11,16,27,0.41
Nnbs,8,6,14,0.57
NnhL,1,1,2,0.5
NnhM,0,1,1,0.0
NnhN,2,1,3,0.67
NnhP,0,2,2,0.0
NnhS,1,0,1,1.0
Nnhb,0,1,1,0.0
Nnhh,2,0,2,1.0
Nnhl,0,1,1,0.0
Nnhn,0,3,3,0.0
Nnhs,2,0,2,1.0
NnlB,4,4,8,0.5
NnlD,2,1,3,0.67
NnlH,3,1,4,0.75
NnlJ,1,0,1,1.0
NnlK,0,0,0,
NnlL,0,2,2,0.0
NnlM,5,2,7,0.71
NnlN,10,9,19,0.53
NnlP,8,6,14,0.57
NnlS,5,6,11,0.45
Nnlb,3,3,6,0.5
Nnll,3,1,4,0.75
Nnlm,2,7,9,0.22
Nnln,6,5,11,0.55
Nnls,2,1,3,0.67
NnmB,17,14,31,0.55
NnmD,2,5,7,0.29
NnmH,13,12,25,0.52
NnmI,1,0,1,1.0
NnmJ,5,4,9,0.56
NnmL,7,6,13,0.54
NnmM,19,18,37,0.51
NnmN,23,16,39,0.59
NnmP,18,23,41,0.44
NnmS,18,19,37,0.49
Nnmb,13,18,31,0.42
Nnml,2,6,8,0.25
Nnmm,13,12,25,0.52
Nnmn,17,19,36,0.47
Nnms,12,6,18,0.67
NnnB,18,13,31,0.58
NnnD,4,1,5,0.8
NnnH,14,16,30,0.47
NnnI,3,3,6,0.5
NnnK,2,1,3,0.67
NnnL,8,2,10,0.8
NnnM,28,21,49,0.57
NnnN,15,23,38,0.39
NnnP,40,25,65,0.62
NnnS,19,15,34,0.56
Nnnb,20,21,41,0.49
Nnnh,0,2,2,0.0
Nnnl,2,3,5,0.4
Nnnm,22,11,33,0.67
Nnnn,26,29,55,0.47
Nnns,17,15,32,0.53
NnsB,10,7,17,0.59
NnsD,4,4,8,0.5
NnsH,12,10,22,0.55
NnsI,4,2,6,0.67
NnsK,0,0,0,
NnsL,4,5,9,0.44
NnsM,6,14,20,0.3
NnsN,16,10,26,0.62
NnsP,18,19,37,0.49
NnsS,16,13,29,0.55
Nnsb,4,8,12,0.33
Nnsl,7,6,13,0.54
Nnsm,16,13,29,0.55
Nnsn,18,9,27,0.67
Nnss,12,15,27,0.44
Nnst,1,0,1,1.0
NntH,1,0,1,1.0
NntM,0,1,1,0.0
NntS,0,0,0,
Nntm,1,0,1,1.0
NsBB,5,6,11,0.45
NsBD,1,1,2,0.5
NsBK,2,0,2,1.0
NsBL,3,2,5,0.6
NsBM,4,13,17,0.24
NsBN,9,6,15,0.6
NsBP,9,6,15,0.6
NsBS,3,3,6,0.5
NsBb,5,6,11,0.45
NsBh,1,2,3,0.33
NsBj,0,3,3,0.0
NsBl,1,2,3,0.33
NsBm,6,6,12,0.5
NsBn,10,13,23,0.43
NsBs,5,3,8,0.62
NsBt,1,0,1,1.0
NsDB,1,2,3,0.33
NsDD,0,1,1,0.0
NsDH,0,2,2,0.0
NsDI,1,1,2,0.5
NsDL,0,1,1,0.0
NsDM,1,2,3,0.33
NsDN,2,2,4,0.5
NsDP,4,5,9,0.44
NsDS,1,3,4,0.25
NsDb,1,0,1,1.0
NsDm,2,1,3,0.67
NsDn,2,3,5,0.4
NsDs,1,0,1,1.0
NsDt,2,0,2,1.0
NsHB,3,5,8,0.38
NsHD,1,4,5,0.2
NsHH,2,3,5,0.4
NsHI,4,0,4,1.0
NsHK,3,0,3,1.0
NsHL,2,1,3,0.67
NsHM,6,5,11,0.55
NsHN,8,12,20,0.4
NsHP,12,10,22,0.55
NsHS,10,15,25,0.4
NsHb,7,5,12,0.58
NsHh,8,3,11,0.73
NsHl,6,4,10,0.6
NsHm,10,5,15,0.67
NsHn,7,8,15,0.47
NsHs,8,12,20,0.4
NsIH,1,0,1,1.0
NsIL,1,0,1,1.0
NsIM,2,2,4,0.5
NsIN,1,2,3,0.33
NsIP,0,1,1,0.0
NsIS,2,0,2,1.0
NsIb,1,0,1,1.0
NsIm,2,1,3,0.67
NsIn,2,1,3,0.67
NsIs,0,3,3,0.0
NsKL,1,0,1,1.0
NsKm,1,0,1,1.0
NsKn,0,0,0,
NsLB,4,1,5,0.8
NsLD,0,1,1,0.0
NsLL,1,3,4,0.25
NsLM,2,1,3,0.67
NsLN,0,1,1,0.0
NsLP,2,2,4,0.5
NsLS,1,3,4,0.25
NsLb,0,0,0,
NsLh,2,1,3,0.67
NsLj,2,1,3,0.67
NsLl,0,1,1,0.0
NsLm,3,2,5,0.6
NsLn,2,4,6,0.33
NsLs,7,5,12,0.58
NsMB,7,8,15,0.47
NsMD,3,2,5,0.6
NsML,4,3,7,0.57
NsMM,7,4,11,0.64
NsMN,12,8,20,0.6
NsMP,10,15,25,0.4
NsMS,7,8,15,0.47
NsMb,8,13,21,0.38
NsMh,3,7,10,0.3
NsMj,0,1,1,0.0
NsMl,1,1,2,0.5
NsMm,10,11,21,0.48
NsMn,8,13,21,0.38
NsMs,8,5,13,0.62
NsMt,2,1,3,0.67
NsNB,7,15,22,0.32
NsND,5,3,8,0.62
NsNH,2,4,6,0.33
NsNL,2,2,4,0.5
NsNM,7,11,18,0.39
NsNN,16,18,34,0.47
NsNP,13,16,29,0.45
NsNS,13,8,21,0.62
NsNb,10,6,16,0.62
NsNh,1,1,2,0.5
NsNl,6,0,6,1.0
NsNm,13,10,23,0.57
NsNn,17,14,31,0.55
NsNs,9,11,20,0.45
NsNt,2,1,3,0.67
NsPB,9,7,16,0.56
NsPD,1,1,2,0.5
NsPH,9,7,16,0.56
NsPI,1,1,2,0.5
NsPK,0,3,3,0.0
NsPL,1,5,6,0.17
NsPM,6,10,16,0.38
NsPN,18,18,36,0.5
NsPP,17,12,29,0.59
NsPS,11,11,22,0.5
NsPb,7,8,15,0.47
NsPh,1,1,2,0.5
NsPl,2,3,5,0.4
NsPm,11,9,20,0.55
NsPn,13,10,23,0.57
NsPs,8,9,17,0.47
NsPt,1,1,2,0.5
NsSB,6,5,11,0.55
NsSD,2,4,6,0.33
NsSH,3,4,7,0.43
NsSI,0,1,1,0.0
NsSK,1,0,1,1.0
NsSL,2,3,5,0.4
NsSM,13,7,20,0.65
NsSN,8,10,18,0.44
NsSP,10,12,22,0.45
NsSS,18,15,33,0.55
NsSb,8,4,12,0.67
NsSh,4,7,11,0.36
NsSl,4,3,7,0.57
NsSm,9,8,17,0.53
NsSn,16,6,22,0.73
NsSs,21,21,42,0.5
NsSt,2,2,4,0.5
NsbB,6,7,13,0.46
NsbD,2,1,3,0.67
NsbH,4,0,4,1.0
NsbI,1,0,1,1.0
NsbJ,0,2,2,0.0
NsbK,0,1,1,0.0
NsbL,4,3,7,0.57
NsbM,5,4,9,0.56
NsbN,12,8,20,0.6
NsbP,10,4,14,0.71
NsbS,5,12,17,0.29
Nsbb,7,5,12,0.58
Nsbh,1,0,1,1.0
Nsbl,3,2,5,0.6
Nsbm,9,6,15,0.6
Nsbn,6,6,12,0.5
Nsbs,1,8,9,0.11
NshB,1,0,1,1.0
NshD,1,0,1,1.0
NshH,1,1,2,0.5
NshL,0,1,1,0.0
NshN,1,2,3,0.33
NshS,0,1,1,0.0
Nshb,0,1,1,0.0
Nshl,1,0,1,1.0
Nshm,5,0,5,1.0
Nshn,0,1,1,0.0
Nshs,1,0,1,1.0
NslB,3,5,8,0.38
NslH,1,4,5,0.2
NslJ,2,0,2,1.0
NslL,1,2,3,0.33
NslM,4,5,9,0.44
NslN,3,8,11,0.27
NslP,3,3,6,0.5
NslS,3,1,4,0.75
Nslb,3,1,4,0.75
Nsll,0,1,1,0.0
Nslm,4,1,5,0.8
Nsln,3,3,6,0.5
Nsls,1,0,1,1.0
NsmB,10,8,18,0.56
NsmD,4,4,8,0.5
NsmH,7,7,14,0.5
NsmI,2,0,2,1.0
NsmJ,4,2,6,0.67
NsmL,4,4,8,0.5
NsmM,8,9,17,0.47
NsmN,10,10,20,0.5
NsmP,10,8,18,0.56
NsmS,7,6,13,0.54
Nsmb,5,1,6,0.83
Nsml,3,2,5,0.6
Nsmm,10,9,19,0.53
Nsmn,10,8,18,0.56
Nsms,9,8,17,0.53
NsnB,5,5,10,0.5
NsnD,3,3,6,0.5
NsnH,2,4,6,0.33
NsnI,1,2,3,0.33
NsnL,5,7,12,0.42
NsnM,5,19,24,0.21
NsnN,13,12,25,0.52
NsnP,11,16,27,0.41
NsnS,5,8,13,0.38
Nsnb,4,3,7,0.57
Nsnh,1,0,1,1.0
Nsnl,4,0,4,1.0
Nsnm,14,11,25,0.56
Nsnn,14,8,22,0.64
Nsns,13,2,15,0.87
Nsnt,0,1,1,0.0
NssB,9,8,17,0.53
NssD,3,3,6,0.5
NssH,7,4,11,0.64
NssI,5,4,9,0.56
NssK,1,0,1,1.0
NssL,1,1,2,0.5
NssM,6,4,10,0.6
NssN,9,7,16,0.56
NssP,10,1,11,0.91
NssS,18,10,28,0.64
Nssb,6,5,11,0.55
Nssh,1,0,1,1.0
Nssl,2,3,5,0.4
Nssm,4,3,7,0.57
Nssn,6,7,13,0.46
Nsss,7,5,12,0.58
Nsst,1,1,2,0.5
NstD,0,0,0,
NstM,0,1,1,0.0
NstN,1,0,1,1.0
NstS,0,1,1,0.0
Nstt,0,1,1,0.0
NtBB,4,1,5,0.8
NtBD,1,0,1,1.0
NtBK,1,0,1,1.0
NtBL,0,2,2,0.0
NtBM,5,1,6,0.83
NtBN,2,1,3,0.67
NtBP,3,1,4,0.75
NtBS,0,1,1,0.0
NtBb,3,2,5,0.6
NtBh,3,0,3,1.0
NtBl,1,1,2,0.5
NtBm,0,0,0,
NtBn,4,1,5,0.8
NtBs,0,0,0,
NtBt,1,0,1,1.0
NtDH,0,1,1,0.0
NtDL,1,1,2,0.5
NtDN,0,1,1,0.0
NtDP,0,1,1,0.0
NtDS,0,1,1,0.0
NtDb,1,1,2,0.5
NtDm,2,0,2,1.0
NtDn,0,1,1,0.0
NtDs,1,1,2,0.5
NtHB,0,1,1,0.0
NtHD,2,2,4,0.5
NtHL,0,1,1,0.0
NtHM,2,2,4,0.5
NtHN,0,1,1,0.0
NtHP,2,0,2,1.0
NtHS,0,0,0,
NtHh,0,1,1,0.0
NtHl,1,2,3,0.33
NtHm,4,1,5,0.8
NtHn,0,1,1,0.0
NtHs,2,0,2,1.0
NtIM,0,1,1,0.0
NtIN,1,0,1,1.0
NtIS,0,0,0,
NtIl,0,1,1,0.0
NtKN,0,0,0,
NtKP,1,1,2,0.5
NtKl,0,1,1,0.0
NtKm,0,1,1,0.0
NtKn,0,1,1,0.0
NtLB,2,0,2,1.0
NtLL,0,1,1,0.0
NtLM,1,0,1,1.0
NtLb,1,1,2,0.5
NtLh,0,0,0,
NtLl,0,0,0,
NtLm,1,0,1,1.0
NtLn,0,1,1,0.0
NtLs,0,2,2,0.0
NtLt,1,0,1,1.0
NtMD,2,0,2,1.0
NtMM,2,2,4,0.5
NtMN,2,3,5,0.4
NtMP,3,5,8,0.38
NtMS,2,1,3,0.67
NtMb,2,1,3,0.67
NtMh,3,3,6,0.5
NtMl,1,1,2,0.5
NtMm,6,3,9,0.67
NtMn,5,0,5,1.0
NtMs,0,2,2,0.0
NtNB,1,1,2,0.5
NtND,1,0,1,1.0
NtNM,4,2,6,0.67
NtNN,1,4,5,0.2
NtNP,2,2,4,0.5
NtNS,1,1,2,0.5
NtNb,1,5,6,0.17
NtNh,0,2,2,0.0
NtNl,2,1,3,0.67
NtNm,2,0,2,1.0
NtNn,11,3,14,0.79
NtNs,1,2,3,0.33
NtNt,0,0,0,
NtPB,2,3,5,0.4
NtPD,0,1,1,0.0
NtPH,1,2,3,0.33
NtPL,1,3,4,0.25
NtPM,1,4,5,0.2
NtPN,3,6,9,0.33
NtPP,10,6,16,0.62
NtPS,3,2,5,0.6
NtPb,7,0,7,1.0
NtPh,0,0,0,
NtPl,0,1,1,0.0
NtPm,5,6,11,0.45
NtPn,1,3,4,0.25
NtPs,4,0,4,1.0
NtPt,1,0,1,1.0
NtSB,0,2,2,0.0
NtSD,1,0,1,1.0
NtSH,2,1,3,0.67
NtSM,8,1,9,0.89
NtSN,4,2,6,0.67
NtSP,1,3,4,0.25
NtSS,3,1,4,0.75
NtSb,1,1,2,0.5
NtSh,2,0,2,1.0
NtSl,2,0,2,1.0
NtSm,1,4,5,0.2
NtSn,2,2,4,0.5
NtSs,1,1,2,0.5
NtbB,2,2,4,0.5
NtbD,0,2,2,0.0
NtbH,0,2,2,0.0
NtbI,1,1,2,0.5
NtbJ,0,3,3,0.0
NtbK,0,1,1,0.0
NtbL,1,2,3,0.33
NtbM,2,1,3,0.67
NtbN,3,1,4,0.75
NtbP,0,3,3,0.0
NtbS,2,4,6,0.33
Ntbb,1,2,3,0.33
Ntbl,1,0,1,1.0
Ntbm,1,0,1,1.0
Ntbn,1,3,4,0.25
Ntbs,0,2,2,0.0
NthM,0,1,1,0.0
NthN,0,1,1,0.0
Nths,0,1,1,0.0
NtlH,1,1,2,0.5
NtlM,1,1,2,0.5
NtlN,1,2,3,0.33
NtlP,0,0,0,
NtlS,1,2,3,0.33
Ntln,0,0,0,
Ntls,1,0,1,1.0
NtmB,3,1,4,0.75
NtmD,0,2,2,0.0
NtmH,2,3,5,0.4
NtmI,0,1,1,0.0
NtmJ,0,1,1,0.0
NtmL,1,1,2,0.5
NtmM,4,5,9,0.44
NtmN,3,4,7,0.43
NtmP,3,5,8,0.38
NtmS,1,3,4,0.25
Ntmb,3,1,4,0.75
Ntml,0,1,1,0.0
Ntmm,4,1,5,0.8
Ntmn,4,2,6,0.67
Ntms,2,2,4,0.5
NtnB,4,0,4,1.0
NtnH,0,2,2,0.0
NtnK,0,1,1,0.0
NtnL,3,2,5,0.6
NtnM,4,3,7,0.57
NtnN,3,1,4,0.75
NtnP,8,1,9,0.89
NtnS,3,0,3,1.0
Ntnb,1,2,3,0.33
Ntnm,5,1,6,0.83
Ntnn,5,2,7,0.71
Ntns,6,2,8,0.75
NtsB,1,1,2,0.5
NtsD,0,0,0,
NtsH,1,1,2,0.5
NtsL,2,0,2,1.0
NtsM,2,5,7,0.29
NtsN,3,2,5,0.6
NtsP,1,3,4,0.25
NtsS,1,3,4,0.25
Ntsb,1,2,3,0.33
Ntsh,0,0,0,
Ntsl,0,1,1,0.0
Ntsm,0,1,1,0.0
Ntsn,1,1,2,0.5
Ntss,4,0,4,1.0
NttB,0,0,0,
NttD,0,1,1,0.0
NttI,1,0,1,1.0
NttN,0,1,1,0.0
NttP,1,1,2,0.5
NttS,1,0,1,1.0
Nttb,1,1,2,0.5
Ntth,0,1,1,0.0
Nttl,0,1,1,0.0
Nttn,0,1,1,0.0
Ntts,1,1,2,0.5
PBBB,17,22,39,0.44
PBBD,1,0,1,1.0
PBBK,2,0,2,1.0
PBBL,3,7,10,0.3
PBBM,11,16,27,0.41
PBBN,11,15,26,0.42
PBBP,22,23,45,0.49
PBBS,6,7,13,0.46
PBBb,19,17,36,0.53
PBBh,2,1,3,0.67
PBBj,4,3,7,0.57
PBBl,8,7,15,0.53
PBBm,16,15,31,0.52
PBBn,19,22,41,0.46
PBBs,9,6,15,0.6
PBBt,0,1,1,0.0
PBDB,1,3,4,0.25
PBDD,1,2,3,0.33
PBDH,2,1,3,0.67
PBDI,1,0,1,1.0
PBDM,0,3,3,0.0
PBDN,1,1,2,0.5
PBDP,4,0,4,1.0
PBDS,2,3,5,0.4
PBDb,2,4,6,0.33
PBDl,2,2,4,0.5
PBDm,5,2,7,0.71
PBDn,1,2,3,0.33
PBDs,2,1,3,0.67
PBHB,1,0,1,1.0
PBHH,0,1,1,0.0
PBHb,1,0,1,1.0
PBIm,0,1,1,0.0
PBIn,0,1,1,0.0
PBKB,0,1,1,0.0
PBKI,0,1,1,0.0
PBKL,1,2,3,0.33
PBKM,5,5,10,0.5
PBKN,1,1,2,0.5
PBKP,2,3,5,0.4
PBKS,2,0,2,1.0
PBKh,1,3,4,0.25
PBKl,0,1,1,0.0
PBKm,2,4,6,0.33
PBKn,2,2,4,0.5
PBKs,2,0,2,1.0
PBLB,4,8,12,0.33
PBLD,1,0,1,1.0
PBLK,1,0,1,1.0
PBLL,1,4,5,0.2
PBLM,4,6,10,0.4
PBLN,6,5,11,0.55
PBLP,13,5,18,0.72
PBLS,1,5,6,0.17
PBLb,2,6,8,0.25
PBLh,1,4,5,0.2
PBLj,0,0,0,
PBLl,2,3,5,0.4
PBLm,10,7,17,0.59
PBLn,5,8,13,0.38
PBLs,3,2,5,0.6
PBLt,1,1,2,0.5
PBMB,11,10,21,0.52
PBMD,2,0,2,1.0
PBML,2,4,6,0.33
PBMM,5,16,21,0.24
PBMN,8,11,19,0.42
PBMP,12,12,24,0.5
PBMS,8,8,16,0.5
PBMb,22,5,27,0.81
PBMh,10,12,22,0.45
PBMj,4,0,4,1.0
PBMl,5,3,8,0.62
PBMm,18,14,32,0.56
PBMn,19,13,32,0.59
PBMs,13,5,18,0.72
PBMt,3,3,6,0.5
PBNB,11,13,24,0.46
PBND,1,4,5,0.2
PBNH,3,2,5,0.6
PBNI,0,1,1,0.0
PBNK,2,0,2,1.0
PBNL,7,3,10,0.7
PBNM,12,15,27,0.44
PBNN,14,13,27,0.52
PBNP,19,23,42,0.45
PBNS,4,19,23,0.17
PBNb,8,11,19,0.42
PBNh,5,4,9,0.56
PBNl,3,5,8,0.38
PBNm,12,12,24,0.5
PBNn,15,12,27,0.56
PBNs,8,10,18,0.44
PBNt,7,0,7,1.0
PBPB,20,20,40,0.5
PBPD,0,2,2,0.0
PBPH,4,1,5,0.8
PBPI,3,2,5,0.6
PBPK,3,2,5,0.6
PBPL,5,5,10,0.5
PBPM,9,24,33,0.27
PBPN,19,14,33,0.58
PBPP,19,25,44,0.43
PBPS,7,7,14,0.5
PBPb,17,21,38,0.45
PBPh,0,1,1,0.0
PBPl,9,8,17,0.53
PBPm,35,19,54,0.65
PBPn,13,18,31,0.42
PBPs,7,6,13,0.54
PBPt,3,0,3,1.0
PBSB,7,7,14,0.5
PBSD,0,3,3,0.0
PBSH,0,4,4,0.0
PBSI,1,1,2,0.5
PBSL,1,3,4,0.25
PBSM,8,7,15,0.53
PBSN,4,7,11,0.36
PBSP,6,10,16,0.38
PBSS,6,7,13,0.46
PBSb,2,4,6,0.33
PBSh,3,4,7,0.43
PBSl,4,1,5,0.8
PBSm,4,5,9,0.44
PBSn,5,6,11,0.45
PBSs,4,8,12,0.33
PBSt,1,1,2,0.5
PBbB,10,11,21,0.48
PBbD,0,1,1,0.0
PBbH,2,1,3,0.67
PBbI,1,0,1,1.0
PBbJ,2,1,3,0.67
PBbK,1,1,2,0.5
PBbL,5,9,14,0.36
PBbM,10,12,22,0.45
PBbN,15,17,32,0.47
PBbP,19,15,34,0.56
PBbS,7,8,15,0.47
PBbb,11,6,17,0.65
PBbl,5,3,8,0.62
PBbm,12,9,21,0.57
PBbn,17,7,24,0.71
PBbs,9,7,16,0.56
PBhB,1,1,2,0.5
PBhL,2,0,2,1.0
PBhM,1,1,2,0.5
PBhN,2,4,6,0.33
PBhP,3,2,5,0.6
PBhS,1,0,1,1.0
PBhb,4,1,5,0.8
PBhl,0,1,1,0.0
PBhm,2,3,5,0.4
PBhn,2,1,3,0.67
PBhs,2,0,2,1.0
PBht,0,1,1,0.0
PBjB,0,5,5,0.0
PBjD,0,0,0,
PBjH,1,0,1,1.0
PBjI,0,1,1,0.0
PBjL,1,2,3,0.33
PBjM,4,8,12,0.33
PBjN,2,2,4,0.5
PBjP,7,4,11,0.64
PBjS,2,3,5,0.4
PBjb,5,5,10,0.5
PBjl,1,0,1,1.0
PBjm,3,4,7,0.43
PBjn,1,3,4,0.25
PBjs,3,3,6,0.5
PBjt,0,0,0,
PBlB,11,1,12,0.92
PBlD,0,0,0,
PBlH,1,2,3,0.33
PBlI,1,1,2,0.5
PBlJ,2,4,6,0.33
PBlK,0,1,1,0.0
PBlL,3,4,7,0.43
PBlM,3,6,9,0.33
PBlN,7,9,16,0.44
PBlP,8,7,15,0.53
PBlS,4,5,9,0.44
PBlb,5,3,8,0.62
PBll,0,0,0,
PBlm,5,3,8,0.62
PBln,5,3,8,0.62
PBls,3,4,7,0.43
PBmB,11,10,21,0.52
PBmD,4,3,7,0.57
PBmH,11,9,20,0.55
PBmI,0,0,0,
PBmJ,1,3,4,0.25
PBmL,5,7,12,0.42
PBmM,12,17,29,0.41
PBmN,13,14,27,0.48
PBmP,19,29,48,0.4
PBmS,9,12,21,0.43
PBmb,18,16,34,0.53
PBml,7,6,13,0.54
PBmm,12,18,30,0.4
PBmn,11,18,29,0.38
PBms,9,9,18,0.5
PBnB,14,15,29,0.48
PBnD,1,1,2,0.5
PBnH,6,3,9,0.67
PBnI,3,5,8,0.38
PBnK,1,2,3,0.33
PBnL,8,7,15,0.53
PBnM,15,19,34,0.44
PBnN,9,21,30,0.3
PBnP,23,15,38,0.61
PBnS,7,18,25,0.28
PBnb,14,8,22,0.64
PBnh,0,1,1,0.0
PBnl,6,4,10,0.6
PBnm,14,17,31,0.45
PBnn,17,13,30,0.57
PBns,10,12,22,0.45
PBsB,4,9,13,0.31
PBsD,2,1,3,0.67
PBsH,4,4,8,0.5
PBsI,2,0,2,1.0
PBsL,3,2,5,0.6
PBsM,7,5,12,0.58
PBsN,6,6,12,0.5
PBsP,6,14,20,0.3
PBsS,8,5,13,0.62
PBsb,8,5,13,0.62
PBsh,1,0,1,1.0
PBsl,1,3,4,0.25
PBsm,5,12,17,0.29
PBsn,6,4,10,0.6
PBss,3,6,9,0.33
PBtB,0,2,2,0.0
PBtH,1,0,1,1.0
PBtK,0,0,0,
PBtL,0,2,2,0.0
PBtM,2,6,8,0.25
PBtN,2,0,2,1.0
PBtP,2,3,5,0.4
PBtS,2,3,5,0.4
PBtb,4,1,5,0.8
PBtm,3,5,8,0.38
PBtn,0,1,1,0.0
PBts,2,1,3,0.67
PBtt,1,0,1,1.0
PDBB,2,3,5,0.4
PDBD,0,1,1,0.0
PDBK,0,0,0,
PDBL,1,1,2,0.5
PDBM,1,0,1,1.0
PDBN,0,3,3,0.0
PDBP,0,3,3,0.0
PDBS,1,2,3,0.33
PDBb,1,1,2,0.5
PDBl,2,0,2,1.0
PDBm,3,3,6,0.5
PDBn,1,3,4,0.25
PDBs,1,1,2,0.5
PDDB,1,2,3,0.33
PDDD,1,0,1,1.0
PDDH,0,0,0,
PDDL,0,1,1,0.0
PDDM,2,3,5,0.4
PDDN,1,0,1,1.0
PDDP,0,1,1,0.0
PDDS,2,0,2,1.0
PDDb,0,0,0,
PDDl,0,1,1,0.0
PDDm,1,2,3,0.33
PDDn,2,2,4,0.5
PDDs,0,1,1,0.0
PDHB,0,3,3,0.0
PDHH,1,0,1,1.0
PDHM,3,2,5,0.6
PDHN,4,2,6,0.67
PDHP,3,2,5,0.6
PDHS,3,1,4,0.75
PDHb,2,0,2,1.0
PDHh,3,2,5,0.6
PDHm,2,2,4,0.5
PDHn,2,1,3,0.67
PDHs,1,0,1,1.0
PDIB,0,1,1,0.0
PDIH,0,1,1,0.0
PDIN,1,0,1,1.0
PDIb,1,0,1,1.0
PDIl,1,0,1,1.0
PDKN,0,1,1,0.0
PDLB,1,1,2,0.5
PDLD,0,1,1,0.0
PDLL,1,0,1,1.0
PDLM,1,2,3,0.33
PDLP,0,2,2,0.0
PDLS,1,0,1,1.0
PDLb,2,1,3,0.67
PDLh,1,0,1,1.0
PDLj,1,0,1,1.0
PDLl,1,0,1,1.0
PDLm,3,1,4,0.75
PDLn,0,0,0,
PDLs,0,0,0,
PDMB,4,3,7,0.57
PDMD,1,2,3,0.33
PDML,1,0,1,1.0
PDMM,5,4,9,0.56
PDMN,3,2,5,0.6
PDMP,1,4,5,0.2
PDMS,4,1,5,0.8
PDMb,4,4,8,0.5
PDMh,3,3,6,0.5
PDMl,0,4,4,0.0
PDMm,4,6,10,0.4
PDMn,3,2,5,0.6
PDMs,0,4,4,0.0
PDMt,0,1,1,0.0
PDNB,1,5,6,0.17
PDND,1,0,1,1.0
PDNL,1,0,1,1.0
PDNM,1,2,3,0.33
PDNN,1,2,3,0.33
PDNP,6,5,11,0.55
PDNS,0,4,4,0.0
PDNb,1,2,3,0.33
PDNh,0,1,1,0.0
PDNl,0,1,1,0.0
PDNm,1,4,5,0.2
PDNn,6,3,9,0.67
PDNs,1,1,2,0.5
PDNt,0,1,1,0.0
PDPB,4,3,7,0.57
PDPD,1,1,2,0.5
PDPH,1,0,1,1.0
PDPI,0,0,0,
PDPL,5,0,5,1.0
PDPM,2,3,5,0.4
PDPN,1,5,6,0.17
PDPP,5,3,8,0.62
PDPS,1,1,2,0.5
PDPb,3,5,8,0.38
PDPl,1,1,2,0.5
PDPm,5,5,10,0.5
PDPn,2,1,3,0.67
PDPs,3,4,7,0.43
PDPt,0,1,1,0.0
PDSB,2,2,4,0.5
PDSD,0,1,1,0.0
PDSH,2,0,2,1.0
PDSL,1,0,1,1.0
PDSM,1,2,3,0.33
PDSN,3,3,6,0.5
PDSP,1,1,2,0.5
PDSb,3,0,3,1.0
PDSh,2,1,3,0.67
PDSl,0,2,2,0.0
PDSm,6,3,9,0.67
PDSn,1,1,2,0.5
PDSs,1,2,3,0.33
PDSt,1,0,1,1.0
PDbB,1,2,3,0.33
PDbD,1,1,2,0.5
PDbJ,0,0,0,
PDbL,0,1,1,0.0
PDbM,1,3,4,0.25
PDbN,2,3,5,0.4
PDbP,0,2,2,0.0
PDbS,1,2,3,0.33
PDbb,1,1,2,0.5
PDbl,1,2,3,0.33
PDbm,0,2,2,0.0
PDbn,2,2,4,0.5
PDbs,1,0,1,1.0
PDhn,0,0,0,
PDhs,0,1,1,0.0
PDlJ,0,1,1,0.0
PDlM,3,0,3,1.0
PDlP,1,0,1,1.0
PDlb,1,0,1,1.0
PDlm,3,2,5,0.6
PDln,1,0,1,1.0
PDls,1,0,1,1.0
PDmB,3,3,6,0.5
PDmD,2,0,2,1.0
PDmH,2,7,9,0.22
PDmJ,2,0,2,1.0
PDmL,3,2,5,0.6
PDmM,1,8,9,0.11
PDmN,4,2,6,0.67
PDmP,0,4,4,0.0
PDmS,3,4,7,0.43
PDmb,2,2,4,0.5
PDmm,5,4,9,0.56
PDmn,1,2,3,0.33
PDms,1,1,2,0.5
PDnB,1,2,3,0.33
PDnD,0,0,0,
PDnH,1,0,1,1.0
PDnK,0,0,0,
PDnL,1,1,2,0.5
PDnM,1,5,6,0.17
PDnN,1,2,3,0.33
PDnP,1,0,1,1.0
PDnS,4,3,7,0.57
PDnb,1,2,3,0.33
PDnl,2,0,2,1.0
PDnm,2,2,4,0.5
PDnn,2,1,3,0.67
PDns,0,3,3,0.0
PDsB,1,1,2,0.5
PDsD,0,0,0,
PDsH,2,2,4,0.5
PDsM,3,1,4,0.75
PDsN,2,2,4,0.5
PDsP,3,1,4,0.75
PDsS,1,4,5,0.2
PDsb,0,1,1,0.0
PDsl,0,1,1,0.0
PDsm,3,4,7,0.43
PDsn,1,0,1,1.0
PDss,2,1,3,0.67
PDtB,1,0,1,1.0
PDtD,0,0,0,
PDtN,1,2,3,0.33
PDtP,3,0,3,1.0
PDtS,1,0,1,1.0
PDtl,0,1,1,0.0
PDtm,1,1,2,0.5
PDtn,1,0,1,1.0
PHBB,3,4,7,0.43
PHBD,1,1,2,0.5
PHBK,0,1,1,0.0
PHBL,2,0,2,1.0
PHBM,3,3,6,0.5
PHBN,2,5,7,0.29
PHBP,0,5,5,0.0
PHBS,3,1,4,0.75
PHBb,2,5,7,0.29
PHBh,1,1,2,0.5
PHBj,1,1,2,0.5
PHBl,0,2,2,0.0
PHBm,2,3,5,0.4
PHBn,4,2,6,0.67
PHBs,5,2,7,0.71
PHBt,0,1,1,0.0
PHDB,0,1,1,0.0
PHDH,1,0,1,1.0
PHDL,1,0,1,1.0
PHDM,1,1,2,0.5
PHDN,1,0,1,1.0
PHDP,2,1,3,0.67
PHDb,2,0,2,1.0
PHDm,1,2,3,0.33
PHDn,1,0,1,1.0
PHDs,1,0,1,1.0
PHHB,3,0,3,1.0
PHHK,0,1,1,0.0
PHHL,0,0,0,
PHHM,1,2,3,0.33
PHHN,1,1,2,0.5
PHHS,1,4,5,0.2
PHHb,0,1,1,0.0
PHHm,2,1,3,0.67
PHHn,1,0,1,1.0
PHHs,1,0,1,1.0
PHIB,0,1,1,0.0
PHIH,0,0,0,
PHIM,0,3,3,0.0
PHIN,1,0,1,1.0
PHIP,1,0,1,1.0
PHIS,2,1,3,0.67
PHIb,1,0,1,1.0
PHIm,1,0,1,1.0
PHIs,0,1,1,0.0
PHKB,2,0,2,1.0
PHKM,2,0,2,1.0
PHKN,0,1,1,0.0
PHKP,1,1,2,0.5
PHKS,3,0,3,1.0
PHKb,1,0,1,1.0
PHKh,1,0,1,1.0
PHKl,0,1,1,0.0
PHKs,0,1,1,0.0
PHLB,0,1,1,0.0
PHLL,0,1,1,0.0
PHLM,2,1,3,0.67
PHLN,1,3,4,0.25
PHLP,2,2,4,0.5
PHLS,4,1,5,0.8
PHLh,1,2,3,0.33
PHLl,3,1,4,0.75
PHLm,0,1,1,0.0
PHLn,0,0,0,
PHLs,2,2,4,0.5
PHMB,1,4,5,0.2
PHMD,0,2,2,0.0
PHMI,1,0,1,1.0
PHML,0,1,1,0.0
PHMM,6,1,7,0.86
PHMN,0,5,5,0.0
PHMP,2,4,6,0.33
PHMS,2,4,6,0.33
PHMb,3,3,6,0.5
PHMh,0,7,7,0.0
PHMj,1,0,1,1.0
PHMl,2,0,2,1.0
PHMm,2,7,9,0.22
PHMn,4,5,9,0.44
PHMs,2,4,6,0.33
PHMt,1,0,1,1.0
PHNB,4,7,11,0.36
PHND,2,0,2,1.0
PHNH,1,2,3,0.33
PHNK,0,2,2,0.0
PHNL,1,1,2,0.5
PHNM,3,5,8,0.38
PHNN,5,4,9,0.56
PHNP,10,10,20,0.5
PHNS,1,1,2,0.5
PHNb,5,4,9,0.56
PHNl,0,3,3,0.0
PHNm,2,7,9,0.22
PHNn,3,4,7,0.43
PHNs,4,3,7,0.57
PHNt,1,1,2,0.5
PHPB,4,3,7,0.57
PHPD,0,0,0,
PHPH,0,2,2,0.0
PHPI,2,0,2,1.0
PHPK,2,0,2,1.0
PHPL,1,4,5,0.2
PHPM,5,6,11,0.45
PHPN,4,8,12,0.33
PHPP,8,9,17,0.47
PHPS,10,1,11,0.91
PHPb,4,4,8,0.5
PHPh,1,0,1,1.0
PHPl,5,5,10,0.5
PHPm,10,5,15,0.67
PHPn,4,6,10,0.4
PHPs,2,2,4,0.5
PHPt,0,1,1,0.0
PHSB,2,1,3,0.67
PHSD,1,0,1,1.0
PHSI,0,1,1,0.0
PHSM,2,3,5,0.4
PHSN,5,5,10,0.5
PHSP,1,2,3,0.33
PHSS,4,5,9,0.44
PHSb,2,3,5,0.4
PHSh,4,1,5,0.8
PHSl,1,1,2,0.5
PHSm,2,2,4,0.5
PHSn,4,0,4,1.0
PHSs,5,4,9,0.56
PHSt,1,0,1,1.0
PHbB,1,2,3,0.33
PHbL,1,1,2,0.5
PHbM,3,2,5,0.6
PHbN,6,2,8,0.75
PHbP,3,6,9,0.33
PHbS,1,0,1,1.0
PHbb,9,2,11,0.82
PHbl,2,1,3,0.67
PHbm,3,2,5,0.6
PHbn,3,4,7,0.43
PHbs,0,1,1,0.0
PHhB,1,2,3,0.33
PHhD,0,1,1,0.0
PHhH,0,3,3,0.0
PHhK,0,1,1,0.0
PHhM,0,1,1,0.0
PHhN,1,0,1,1.0
PHhP,4,1,5,0.8
PHhS,1,1,2,0.5
PHhb,2,0,2,1.0
PHhh,1,2,3,0.33
PHhl,0,0,0,
PHhm,0,4,4,0.0
PHhn,3,4,7,0.43
PHhs,1,2,3,0.33
PHht,0,0,0,
PHlB,2,1,3,0.67
PHlD,2,0,2,1.0
PHlH,1,0,1,1.0
PHlI,1,0,1,1.0
PHlJ,0,2,2,0.0
PHlL,0,1,1,0.0
PHlM,0,2,2,0.0
PHlN,2,1,3,0.67
PHlP,0,1,1,0.0
PHlS,4,3,7,0.57
PHlb,3,1,4,0.75
PHlh,1,0,1,1.0
PHll,0,1,1,0.0
PHlm,1,0,1,1.0
PHln,1,1,2,0.5
PHls,1,0,1,1.0
PHmB,4,5,9,0.44
PHmD,0,0,0,
PHmH,5,2,7,0.71
PHmJ,1,0,1,1.0
PHmL,0,2,2,0.0
PHmM,3,10,13,0.23
PHmN,6,5,11,0.55
PHmP,4,2,6,0.67
PHmS,8,5,13,0.62
PHmb,3,7,10,0.3
PHml,1,2,3,0.33
PHmm,3,1,4,0.75
PHmn,5,2,7,0.71
PHms,4,4,8,0.5
PHnB,2,6,8,0.25
PHnH,0,5,5,0.0
PHnI,1,0,1,1.0
PHnK,0,1,1,0.0
PHnL,1,1,2,0.5
PHnM,2,8,10,0.2
PHnN,3,1,4,0.75
PHnP,4,8,12,0.33
PHnS,3,5,8,0.38
PHnb,0,4,4,0.0
PHnl,1,0,1,1.0
PHnm,1,1,2,0.5
PHnn,6,0,6,1.0
PHns,4,1,5,0.8
PHsB,4,2,6,0.67
PHsD,0,0,0,
PHsH,3,2,5,0.6
PHsI,2,0,2,1.0
PHsK,0,0,0,
PHsL,3,1,4,0.75
PHsM,5,9,14,0.36
PHsN,4,6,10,0.4
PHsP,4,3,7,0.57
PHsS,8,4,12,0.67
PHsb,1,0,1,1.0
PHsh,1,1,2,0.5
PHsl,1,1,2,0.5
PHsm,5,4,9,0.56
PHsn,5,0,5,1.0
PHss,1,4,5,0.2
PHtH,0,1,1,0.0
PHtK,1,0,1,1.0
PHtP,0,1,1,0.0
PHtb,0,1,1,0.0
PHtl,1,0,1,1.0
PHtm,0,1,1,0.0
PHtn,0,0,0,
PHts,0,1,1,0.0
PIBB,2,2,4,0.5
PIBD,0,0,0,
PIBH,0,1,1,0.0
PIBL,0,0,0,
PIBM,2,2,4,0.5
PIBN,3,2,5,0.6
PIBP,3,1,4,0.75
PIBS,2,1,3,0.67
PIBb,1,2,3,0.33
PIBh,2,0,2,1.0
PIBl,0,3,3,0.0
PIBm,2,0,2,1.0
PIBn,3,2,5,0.6
PIBs,0,0,0,
PIBt,0,1,1,0.0
PIDB,1,0,1,1.0
PIDN,0,0,0,
PIDP,0,0,0,
PIDS,4,0,4,1.0
PIDb,1,0,1,1.0
PIDm,1,1,2,0.5
PIDn,0,2,2,0.0
PIHB,0,1,1,0.0
PIHH,1,0,1,1.0
PIHL,0,0,0,
PIHM,2,0,2,1.0
PIHN,0,1,1,0.0
PIHP,3,2,5,0.6
PIHS,0,2,2,0.0
PIHb,1,0,1,1.0
PIHh,0,1,1,0.0
PIHl,2,0,2,1.0
PIHm,4,2,6,0.67
PIHn,0,0,0,
PIHs,0,1,1,0.0
PIIB,1,0,1,1.0
PIID,0,1,1,0.0
PIIM,0,1,1,0.0
PIIN,0,1,1,0.0
PIIb,1,2,3,0.33
PIIn,0,1,1,0.0
PILB,0,2,2,0.0
PILK,0,1,1,0.0
PILL,0,2,2,0.0
PILM,0,1,1,0.0
PILN,0,1,1,0.0
PILP,0,0,0,
PILS,1,2,3,0.33
PILb,0,1,1,0.0
PILh,0,1,1,0.0
PILl,1,0,1,1.0
PILm,0,1,1,0.0
PILn,1,0,1,1.0
PILs,1,0,1,1.0
PIMB,2,1,3,0.67
PIMD,1,1,2,0.5
PIML,2,0,2,1.0
PIMM,2,6,8,0.25
PIMN,2,3,5,0.4
PIMP,3,2,5,0.6
PIMS,0,1,1,0.0
PIMb,1,0,1,1.0
PIMh,2,2,4,0.5
PIMj,0,0,0,
PIMm,6,3,9,0.67
PIMn,1,3,4,0.25
PIMs,2,2,4,0.5
PINB,0,1,1,0.0
PINL,1,2,3,0.33
PINM,0,2,2,0.0
PINN,2,0,2,1.0
PINP,5,1,6,0.83
PINS,2,0,2,1.0
PINb,2,1,3,0.67
PINh,0,1,1,0.0
PINl,0,1,1,0.0
PINm,2,1,3,0.67
PINn,1,5,6,0.17
PINs,0,4,4,0.0
PINt,2,1,3,0.67
PIPB,2,1,3,0.67
PIPH,0,2,2,0.0
PIPL,0,1,1,0.0
PIPM,4,1,5,0.8
PIPN,1,1,2,0.5
PIPP,1,4,5,0.2
PIPS,2,3,5,0.4
PIPb,2,1,3,0.67
PIPh,0,2,2,0.0
PIPl,2,1,3,0.67
PIPm,2,1,3,0.67
PIPn,0,1,1,0.0
PIPs,2,1,3,0.67
PIPt,0,0,0,
PISB,0,2,2,0.0
PISH,0,2,2,0.0
PISK,0,0,0,
PISL,1,0,1,1.0
PISM,1,2,3,0.33
PISN,0,1,1,0.0
PISP,2,1,3,0.67
PISS,4,1,5,0.8
PISb,1,4,5,0.2
PISh,1,0,1,1.0
PISl,0,1,1,0.0
PISm,1,0,1,1.0
PISn,2,0,2,1.0
PISs,1,2,3,0.33
PISt,1,0,1,1.0
PIbB,1,0,1,1.0
PIbI,1,0,1,1.0
PIbJ,1,0,1,1.0
PIbL,1,0,1,1.0
PIbM,1,2,3,0.33
PIbN,2,1,3,0.67
PIbP,2,0,2,1.0
PIbS,1,2,3,0.33
PIbb,1,1,2,0.5
PIbl,1,1,2,0.5
PIbm,2,0,2,1.0
PIbn,3,1,4,0.75
PIhM,1,0,1,1.0
PIhh,0,1,1,0.0
PIhl,0,1,1,0.0
PIlH,0,0,0,
PIlJ,1,0,1,1.0
PIlL,0,1,1,0.0
PIlM,2,0,2,1.0
PIlN,1,0,1,1.0
PIlP,1,1,2,0.5
PIlS,0,1,1,0.0
PIll,2,0,2,1.0
PIln,0,1,1,0.0
PImB,1,3,4,0.25
PImH,4,0,4,1.0
PImL,2,1,3,0.67
PImM,3,1,4,0.75
PImN,4,0,4,1.0
PImP,2,4,6,0.33
PImS,3,0,3,1.0
PImb,2,0,2,1.0
PIml,2,1,3,0.67
PImm,0,2,2,0.0
PImn,1,1,2,0.5
PIms,0,1,1,0.0
PInB,1,1,2,0.5
PInH,1,1,2,0.5
PInI,1,0,1,1.0
PInL,1,1,2,0.5
PInM,1,0,1,1.0
PInN,2,3,5,0.4
PInP,5,0,5,1.0
PInS,3,0,3,1.0
PInb,1,2,3,0.33
PInl,0,1,1,0.0
PInm,3,0,3,1.0
PInn,2,1,3,0.67
PIns,0,1,1,0.0
PIsB,1,0,1,1.0
PIsH,1,1,2,0.5
PIsI,0,1,1,0.0
PIsL,1,0,1,1.0
PIsM,0,1,1,0.0
PIsN,0,1,1,0.0
PIsP,1,2,3,0.33
PIsS,3,1,4,0.75
PIsl,0,1,1,0.0
PIsm,1,1,2,0.5
PIsn,1,0,1,1.0
PIss,0,1,1,0.0
PItN,1,0,1,1.0
PKBB,2,2,4,0.5
PKBD,0,3,3,0.0
PKBM,0,5,5,0.0
PKBN,1,1,2,0.5
PKBb,0,2,2,0.0
PKBj,0,0,0,
PKBl,1,1,2,0.5
PKBm,2,3,5,0.4
PKBn,4,3,7,0.57
PKBs,0,2,2,0.0
PKDB,1,0,1,1.0
PKDD,0,1,1,0.0
PKDH,0,1,1,0.0
PKDM,0,2,2,0.0
PKDS,2,0,2,1.0
PKDb,1,0,1,1.0
PKDl,0,0,0,
PKDm,1,0,1,1.0
PKDn,1,1,2,0.5
PKHB,0,1,1,0.0
PKHM,0,1,1,0.0
PKHS,1,0,1,1.0
PKHn,0,0,0,
PKHs,1,0,1,1.0
PKIB,0,1,1,0.0
PKIS,1,0,1,1.0
PKIm,1,0,1,1.0
PKKn,1,0,1,1.0
PKLB,3,1,4,0.75
PKLD,1,0,1,1.0
PKLM,1,0,1,1.0
PKLN,0,1,1,0.0
PKLP,0,2,2,0.0
PKLS,2,0,2,1.0
PKLh,0,0,0,
PKLj,0,1,1,0.0
PKLn,0,2,2,0.0
PKLs,1,0,1,1.0
PKMB,5,3,8,0.62
PKMD,0,1,1,0.0
PKML,0,1,1,0.0
PKMM,3,2,5,0.6
PKMN,4,1,5,0.8
PKMP,3,2,5,0.6
PKMS,2,1,3,0.67
PKMb,3,2,5,0.6
PKMh,1,4,5,0.2
PKMj,1,1,2,0.5
PKMm,4,4,8,0.5
PKMn,1,1,2,0.5
PKMs,1,3,4,0.25
PKMt,1,1,2,0.5
PKNB,1,1,2,0.5
PKND,0,1,1,0.0
PKNL,0,0,0,
PKNM,2,2,4,0.5
PKNN,0,3,3,0.0
PKNP,4,4,8,0.5
PKNS,1,0,1,1.0
PKNb,0,1,1,0.0
PKNh,1,0,1,1.0
PKNl,1,0,1,1.0
PKNm,1,3,4,0.25
PKNn,0,1,1,0.0
PKNs,3,0,3,1.0
PKNt,2,0,2,1.0
PKPB,3,1,4,0.75
PKPH,0,0,0,
PKPK,0,1,1,0.0
PKPL,3,0,3,1.0
PKPM,1,8,9,0.11
PKPN,1,2,3,0.33
PKPP,5,4,9,0.56
PKPS,1,2,3,0.33
PKPb,2,5,7,0.29
PKPh,1,1,2,0.5
PKPl,1,1,2,0.5
PKPm,2,1,3,0.67
PKPn,1,1,2,0.5
PKPs,0,2,2,0.0
PKSB,0,1,1,0.0
PKSD,1,1,2,0.5
PKSI,0,1,1,0.0
PKSL,1,0,1,1.0
PKSM,2,4,6,0.33
PKSP,1,0,1,1.0
PKSS,3,0,3,1.0
PKSb,0,1,1,0.0
PKSh,1,1,2,0.5
PKSl,1,1,2,0.5
PKSm,2,2,4,0.5
PKSn,0,0,0,
PKSs,1,0,1,1.0
PKSt,0,0,0,
PKbB,4,1,5,0.8
PKbD,1,0,1,1.0
PKbH,0,0,0,
PKbJ,0,1,1,0.0
PKbK,0,1,1,0.0
PKbL,0,1,1,0.0
PKbM,0,3,3,0.0
PKbN,3,2,5,0.6
PKbP,1,4,5,0.2
PKbS,2,4,6,0.33
PKbb,1,1,2,0.5
PKbl,0,1,1,0.0
PKbm,2,1,3,0.67
PKbn,2,1,3,0.67
PKbs,2,0,2,1.0
PKhB,1,1,2,0.5
PKhD,0,1,1,0.0
PKhH,0,1,1,0.0
PKhM,2,2,4,0.5
PKhN,0,1,1,0.0
PKhP,1,0,1,1.0
PKhS,0,3,3,0.0
PKhb,2,3,5,0.4
PKhh,0,1,1,0.0
PKhl,2,1,3,0.67
PKhm,0,3,3,0.0
PKhn,2,2,4,0.5
PKhs,0,1,1,0.0
PKlB,2,1,3,0.67
PKlH,1,0,1,1.0
PKlM,0,1,1,0.0
PKlN,1,1,2,0.5
PKlS,1,1,2,0.5
PKlb,3,1,4,0.75
PKlm,2,1,3,0.67
PKln,0,1,1,0.0
PKls,1,1,2,0.5
PKmB,1,2,3,0.33
PKmD,1,0,1,1.0
PKmH,3,1,4,0.75
PKmJ,2,1,3,0.67
PKmL,0,3,3,0.0
PKmM,5,1,6,0.83
PKmN,2,5,7,0.29
PKmP,3,2,5,0.6
PKmS,3,3,6,0.5
PKmb,2,0,2,1.0
PKml,2,0,2,1.0
PKmm,1,4,5,0.2
PKmn,1,3,4,0.25
PKms,2,0,2,1.0
PKnB,3,1,4,0.75
PKnD,0,0,0,
PKnH,0,0,0,
PKnI,1,0,1,1.0
PKnL,0,1,1,0.0
PKnM,1,2,3,0.33
PKnN,0,3,3,0.0
PKnP,2,5,7,0.29
PKnS,1,0,1,1.0
PKnl,1,0,1,1.0
PKnm,1,0,1,1.0
PKnn,1,0,1,1.0
PKsB,2,0,2,1.0
PKsD,0,2,2,0.0
PKsH,1,4,5,0.2
PKsI,0,0,0,
PKsL,1,0,1,1.0
PKsM,3,2,5,0.6
PKsN,0,1,1,0.0
PKsP,1,1,2,0.5
PKsS,3,3,6,0.5
PKsb,2,2,4,0.5
PKsl,0,1,1,0.0
PKsm,5,0,5,1.0
PKsn,2,0,2,1.0
PKss,1,2,3,0.33
PKtB,1,0,1,1.0
PKtD,1,0,1,1.0
PKtM,0,1,1,0.0
PKtN,1,0,1,1.0
PKtS,0,0,0,
PKtl,0,0,0,
PLBB,7,8,15,0.47
PLBD,3,0,3,1.0
PLBK,1,0,1,1.0
PLBL,1,1,2,0.5
PLBM,2,1,3,0.67
PLBN,4,7,11,0.36
PLBP,9,2,11,0.82
PLBS,5,4,9,0.56
PLBb,5,5,10,0.5
PLBh,0,2,2,0.0
PLBj,0,3,3,0.0
PLBl,2,2,4,0.5
PLBm,9,4,13,0.69
PLBn,7,5,12,0.58
PLBs,2,1,3,0.67
PLBt,0,0,0,
PLDH,0,3,3,0.0
PLDN,1,0,1,1.0
PLDP,4,2,6,0.67
PLDS,0,1,1,0.0
PLDb,0,1,1,0.0
PLDl,1,0,1,1.0
PLDm,2,1,3,0.67
PLDn,0,0,0,
PLDs,0,2,2,0.0
PLHb,0,1,1,0.0
PLHh,0,0,0,
PLIH,0,1,1,0.0
PLKB,0,0,0,
PLKI,0,1,1,0.0
PLKN,0,1,1,0.0
PLKP,0,1,1,0.0
PLKb,0,1,1,0.0
PLKh,0,0,0,
PLKn,0,1,1,0.0
PLLB,4,4,8,0.5
PLLK,1,0,1,1.0
PLLL,2,2,4,0.5
PLLM,0,3,3,0.0
PLLN,2,2,4,0.5
PLLP,2,4,6,0.33
PLLS,4,2,6,0.67
PLLb,2,3,5,0.4
PLLh,2,1,3,0.67
PLLj,0,3,3,0.0
PLLl,1,2,3,0.33
PLLm,1,6,7,0.14
PLLn,2,3,5,0.4
PLLs,4,1,5,0.8
PLMB,7,8,15,0.47
PLMD,0,1,1,0.0
PLML,2,4,6,0.33
PLMM,5,5,10,0.5
PLMN,4,4,8,0.5
PLMP,8,8,16,0.5
PLMS,3,2,5,0.6
PLMb,2,7,9,0.22
PLMh,3,7,10,0.3
PLMj,1,0,1,1.0
PLMl,2,2,4,0.5
PLMm,7,6,13,0.54
PLMn,3,4,7,0.43
PLMs,3,3,6,0.5
PLMt,1,0,1,1.0
PLNB,6,7,13,0.46
PLND,0,1,1,0.0
PLNK,2,0,2,1.0
PLNL,1,4,5,0.2
PLNM,9,3,12,0.75
PLNN,4,3,7,0.57
PLNP,4,7,11,0.36
PLNS,3,5,8,0.38
PLNb,4,3,7,0.57
PLNh,0,1,1,0.0
PLNl,6,0,6,1.0
PLNm,3,4,7,0.43
PLNn,9,7,16,0.56
PLNs,5,3,8,0.62
PLNt,2,1,3,0.67
PLPB,11,4,15,0.73
PLPD,2,1,3,0.67
PLPH,1,4,5,0.2
PLPI,2,0,2,1.0
PLPK,1,0,1,1.0
PLPL,4,5,9,0.44
PLPM,7,5,12,0.58
PLPN,8,12,20,0.4
PLPP,7,7,14,0.5
PLPS,6,6,12,0.5
PLPb,2,9,11,0.18
PLPh,1,0,1,1.0
PLPl,3,7,10,0.3
PLPm,11,6,17,0.65
PLPn,10,11,21,0.48
PLPs,9,5,14,0.64
PLPt,0,0,0,
PLSB,2,6,8,0.25
PLSH,2,0,2,1.0
PLSI,0,0,0,
PLSL,1,1,2,0.5
PLSM,5,2,7,0.71
PLSN,5,3,8,0.62
PLSP,8,6,14,0.57
PLSS,8,13,21,0.38
PLSb,2,6,8,0.25
PLSh,3,3,6,0.5
PLSl,0,3,3,0.0
PLSm,4,4,8,0.5
PLSn,1,2,3,0.33
PLSs,3,3,6,0.5
PLSt,0,2,2,0.0
PLbB,6,5,11,0.55
PLbD,1,0,1,1.0
PLbH,1,0,1,1.0
PLbJ,2,1,3,0.67
PLbK,0,1,1,0.0
PLbL,2,3,5,0.4
PLbM,4,3,7,0.57
PLbN,4,6,10,0.4
PLbP,5,6,11,0.45
PLbS,4,5,9,0.44
PLbb,7,4,11,0.64
PLbl,3,1,4,0.75
PLbm,4,7,11,0.36
PLbn,3,3,6,0.5
PLbs,5,1,6,0.83
PLhB,3,3,6,0.5
PLhD,1,0,1,1.0
PLhL,1,0,1,1.0
PLhM,2,2,4,0.5
PLhN,1,5,6,0.17
PLhP,2,2,4,0.5
PLhS,2,2,4,0.5
PLhb,5,0,5,1.0
PLhh,2,4,6,0.33
PLhm,4,5,9,0.44
PLhn,1,3,4,0.25
PLhs,3,1,4,0.75
PLht,1,0,1,1.0
PLjB,1,3,4,0.25
PLjL,1,3,4,0.25
PLjM,1,3,4,0.25
PLjN,5,3,8,0.62
PLjP,4,1,5,0.8
PLjb,0,0,0,
PLjh,1,0,1,1.0
PLjl,3,0,3,1.0
PLjm,3,2,5,0.6
PLjn,1,0,1,1.0
PLjs,0,0,0,
PLlB,2,4,6,0.33
PLlD,1,0,1,1.0
PLlH,4,1,5,0.8
PLlI,0,0,0,
PLlL,0,1,1,0.0
PLlM,3,2,5,0.6
PLlN,2,3,5,0.4
PLlP,4,4,8,0.5
PLlS,4,2,6,0.67
PLlb,1,3,4,0.25
PLll,0,2,2,0.0
PLlm,5,4,9,0.56
PLln,3,2,5,0.6
PLls,2,4,6,0.33
PLmB,6,4,10,0.6
PLmD,5,0,5,1.0
PLmH,8,3,11,0.73
PLmI,1,0,1,1.0
PLmJ,1,1,2,0.5
PLmL,4,4,8,0.5
PLmM,9,11,20,0.45
PLmN,3,13,16,0.19
PLmP,10,12,22,0.45
PLmS,5,3,8,0.62
PLmb,6,7,13,0.46
PLml,7,3,10,0.7
PLmm,5,9,14,0.36
PLmn,12,5,17,0.71
PLms,3,5,8,0.38
PLnB,7,9,16,0.44
PLnD,0,2,2,0.0
PLnH,1,1,2,0.5
PLnI,1,1,2,0.5
PLnK,0,0,0,
PLnL,1,2,3,0.33
PLnM,4,9,13,0.31
PLnN,7,9,16,0.44
PLnP,10,7,17,0.59
PLnS,5,5,10,0.5
PLnb,8,7,15,0.53
PLnh,1,0,1,1.0
PLnl,2,2,4,0.5
PLnm,6,10,16,0.38
PLnn,11,8,19,0.58
PLns,1,8,9,0.11
PLsB,0,7,7,0.0
PLsD,1,2,3,0.33
PLsH,2,1,3,0.67
PLsI,1,0,1,1.0
PLsL,1,0,1,1.0
PLsM,5,2,7,0.71
PLsN,5,2,7,0.71
PLsP,6,6,12,0.5
PLsS,5,4,9,0.56
PLsb,2,0,2,1.0
PLsl,2,1,3,0.67
PLsm,5,4,9,0.56
PLsn,4,3,7,0.57
PLss,2,3,5,0.4
PLst,1,0,1,1.0
PLtB,2,1,3,0.67
PLtH,0,0,0,
PLtI,0,1,1,0.0
PLtM,3,2,5,0.6
PLtN,0,2,2,0.0
PLtP,2,4,6,0.33
PLtb,1,3,4,0.25
PLtl,0,1,1,0.0
PLtm,3,1,4,0.75
PLtn,0,1,1,0.0
PLts,0,2,2,0.0
PMBB,22,16,38,0.58
PMBD,2,1,3,0.67
PMBH,1,0,1,1.0
PMBK,2,0,2,1.0
PMBL,3,3,6,0.5
PMBM,11,8,19,0.58
PMBN,23,21,44,0.52
PMBP,12,25,37,0.32
PMBS,5,6,11,0.45
PMBb,18,17,35,0.51
PMBh,1,5,6,0.17
PMBj,7,3,10,0.7
PMBl,6,4,10,0.6
PMBm,12,18,30,0.4
PMBn,21,17,38,0.55
PMBs,6,7,13,0.46
PMBt,2,2,4,0.5
PMDB,7,4,11,0.64
PMDD,0,2,2,0.0
PMDH,0,1,1,0.0
PMDI,0,0,0,
PMDM,1,6,7,0.14
PMDN,4,4,8,0.5
PMDP,4,1,5,0.8
PMDS,4,4,8,0.5
PMDb,2,7,9,0.22
PMDl,0,2,2,0.0
PMDm,7,5,12,0.58
PMDn,3,3,6,0.5
PMDs,1,1,2,0.5
PMHP,2,0,2,1.0
PMHS,2,0,2,1.0
PMIM,0,1,1,0.0
PMIn,0,1,1,0.0
PMKB,1,1,2,0.5
PMKL,0,1,1,0.0
PMKM,0,1,1,0.0
PMKP,1,0,1,1.0
PMKS,0,1,1,0.0
PMKh,1,0,1,1.0
PMKm,1,0,1,1.0
PMKn,1,0,1,1.0
PMLB,5,7,12,0.42
PMLD,1,1,2,0.5
PMLH,0,0,0,
PMLK,1,0,1,1.0
PMLL,2,1,3,0.67
PMLM,3,5,8,0.38
PMLN,7,6,13,0.54
PMLP,8,5,13,0.62
PMLS,0,2,2,0.0
PMLb,2,3,5,0.4
PMLh,2,2,4,0.5
PMLj,3,2,5,0.6
PMLl,5,0,5,1.0
PMLm,9,5,14,0.64
PMLn,4,7,11,0.36
PMLs,5,4,9,0.56
PMLt,0,1,1,0.0
PMMB,13,15,28,0.46
PMMD,4,3,7,0.57
PMMH,0,1,1,0.0
PMMK,2,0,2,1.0
PMML,2,1,3,0.67
PMMM,11,12,23,0.48
PMMN,6,12,18,0.33
PMMP,15,13,28,0.54
PMMS,10,10,20,0.5
PMMb,5,11,16,0.31
PMMh,9,12,21,0.43
PMMj,1,4,5,0.2
PMMl,2,5,7,0.29
PMMm,19,10,29,0.66
PMMn,18,15,33,0.55
PMMs,15,12,27,0.56
PMMt,1,4,5,0.2
PMNB,20,15,35,0.57
PMND,2,3,5,0.4
PMNH,2,2,4,0.5
PMNI,0,1,1,0.0
PMNK,0,4,4,0.0
PMNL,0,6,6,0.0
PMNM,12,12,24,0.5
PMNN,22,12,34,0.65
PMNP,19,14,33,0.58
PMNS,5,9,14,0.36
PMNb,13,9,22,0.59
PMNh,1,4,5,0.2
PMNl,5,4,9,0.56
PMNm,9,11,20,0.45
PMNn,15,8,23,0.65
PMNs,8,13,21,0.38
PMNt,0,2,2,0.0
PMPB,21,15,36,0.58
PMPD,3,2,5,0.6
PMPH,4,5,9,0.44
PMPI,2,3,5,0.4
PMPK,2,3,5,0.4
PMPL,5,6,11,0.45
PMPM,21,17,38,0.55
PMPN,22,19,41,0.54
PMPP,28,32,60,0.47
PMPS,8,12,20,0.4
PMPb,12,14,26,0.46
PMPh,1,1,2,0.5
PMPl,8,10,18,0.44
PMPm,22,18,40,0.55
PMPn,16,9,25,0.64
PMPs,13,16,29,0.45
PMPt,2,2,4,0.5
PMSB,10,8,18,0.56
PMSD,3,1,4,0.75
PMSH,1,5,6,0.17
PMSI,1,0,1,1.0
PMSK,0,1,1,0.0
PMSL,5,0,5,1.0
PMSM,10,13,23,0.43
PMSN,11,6,17,0.65
PMSP,8,12,20,0.4
PMSS,11,7,18,0.61
PMSb,8,2,10,0.8
PMSh,7,3,10,0.7
PMSl,3,1,4,0.75
PMSm,19,8,27,0.7
PMSn,9,11,20,0.45
PMSs,6,7,13,0.46
PMSt,2,1,3,0.67
PMbB,11,18,29,0.38
PMbD,2,1,3,0.67
PMbH,7,3,10,0.7
PMbI,0,1,1,0.0
PMbJ,4,3,7,0.57
PMbK,0,2,2,0.0
PMbL,4,7,11,0.36
PMbM,14,21,35,0.4
PMbN,22,18,40,0.55
PMbP,12,10,22,0.55
PMbS,10,4,14,0.71
PMbb,14,14,28,0.5
PMbl,5,5,10,0.5
PMbm,18,16,34,0.53
PMbn,10,17,27,0.37
PMbs,9,4,13,0.69
PMhB,15,12,27,0.56
PMhD,0,2,2,0.0
PMhH,2,7,9,0.22
PMhI,1,3,4,0.25
PMhL,4,5,9,0.44
PMhM,8,14,22,0.36
PMhN,13,14,27,0.48
PMhP,12,13,25,0.48
PMhS,12,11,23,0.52
PMhb,6,7,13,0.46
PMhh,12,6,18,0.67
PMhl,2,5,7,0.29
PMhm,16,16,32,0.5
PMhn,13,8,21,0.62
PMhs,7,4,11,0.64
PMht,2,0,2,1.0
PMjB,2,4,6,0.33
PMjH,1,0,1,1.0
PMjI,1,0,1,1.0
PMjL,0,2,2,0.0
PMjM,3,4,7,0.43
PMjN,3,5,8,0.38
PMjP,1,3,4,0.25
PMjS,2,2,4,0.5
PMjb,1,2,3,0.33
PMjl,0,0,0,
PMjm,4,4,8,0.5
PMjn,4,3,7,0.57
PMjs,1,1,2,0.5
PMlB,2,5,7,0.29
PMlD,2,0,2,1.0
PMlH,7,2,9,0.78
PMlI,2,0,2,1.0
PMlJ,1,2,3,0.33
PMlK,1,0,1,1.0
PMlL,2,4,6,0.33
PMlM,5,3,8,0.62
PMlN,9,6,15,0.6
PMlP,8,9,17,0.47
PMlS,2,2,4,0.5
PMlb,6,2,8,0.75
PMll,1,1,2,0.5
PMlm,12,7,19,0.63
PMln,2,3,5,0.4
PMls,2,1,3,0.67
PMmB,10,13,23,0.43
PMmD,5,0,5,1.0
PMmH,21,10,31,0.68
PMmI,1,0,1,1.0
PMmJ,4,2,6,0.67
PMmL,5,7,12,0.42
PMmM,20,32,52,0.38
PMmN,17,19,36,0.47
PMmP,26,22,48,0.54
PMmS,18,21,39,0.46
PMmb,15,14,29,0.52
PMmh,0,1,1,0.0
PMml,2,4,6,0.33
PMmm,22,26,48,0.46
PMmn,16,21,37,0.43
PMms,14,14,28,0.5
PMnB,19,14,33,0.58
PMnD,2,3,5,0.4
PMnH,8,7,15,0.53
PMnI,5,3,8,0.62
PMnK,2,2,4,0.5
PMnL,5,8,13,0.38
PMnM,13,18,31,0.42
PMnN,23,18,41,0.56
PMnP,24,27,51,0.47
PMnS,10,17,27,0.37
PMnb,13,9,22,0.59
PMnl,5,5,10,0.5
PMnm,19,18,37,0.51
PMnn,22,23,45,0.49
PMns,13,12,25,0.52
PMsB,4,9,13,0.31
PMsD,2,1,3,0.67
PMsH,12,4,16,0.75
PMsI,0,3,3,0.0
PMsL,3,3,6,0.5
PMsM,9,9,18,0.5
PMsN,15,13,28,0.54
PMsP,5,15,20,0.25
PMsS,8,12,20,0.4
PMsb,5,6,11,0.45
PMsh,2,2,4,0.5
PMsl,3,2,5,0.6
PMsm,20,3,23,0.87
PMsn,10,7,17,0.59
PMss,6,5,11,0.55
PMst,0,1,1,0.0
PMtB,1,3,4,0.25
PMtD,2,0,2,1.0
PMtH,1,0,1,1.0
PMtM,3,2,5,0.6
PMtN,1,2,3,0.33
PMtP,2,4,6,0.33
PMtS,2,2,4,0.5
PMtb,4,0,4,1.0
PMth,1,1,2,0.5
PMtl,1,1,2,0.5
PMtm,1,4,5,0.2
PMtn,1,3,4,0.25
PMts,2,1,3,0.67
PMtt,2,0,2,1.0
PNBB,18,18,36,0.5
PNBD,3,1,4,0.75
PNBK,0,0,0,
PNBL,1,8,9,0.11
PNBM,6,9,15,0.4
PNBN,9,21,30,0.3
PNBP,18,18,36,0.5
PNBS,8,6,14,0.57
PNBb,9,8,17,0.53
PNBh,1,0,1,1.0
PNBj,3,6,9,0.33
PNBl,8,2,10,0.8
PNBm,23,11,34,0.68
PNBn,17,13,30,0.57
PNBs,8,8,16,0.5
PNBt,2,3,5,0.4
PNDB,3,0,3,1.0
PNDD,0,0,0,
PNDH,1,3,4,0.25
PNDI,0,2,2,0.0
PNDL,0,1,1,0.0
PNDM,7,3,10,0.7
PNDN,1,2,3,0.33
PNDP,3,2,5,0.6
PNDS,5,3,8,0.62
PNDb,3,3,6,0.5
PNDh,1,0,1,1.0
PNDl,3,1,4,0.75
PNDm,3,5,8,0.38
PNDn,1,1,2,0.5
PNDs,0,1,1,0.0
PNDt,1,0,1,1.0
PNHB,3,1,4,0.75
PNHD,1,0,1,1.0
PNHK,1,0,1,1.0
PNHL,4,2,6,0.67
PNHM,0,2,2,0.0
PNHN,4,5,9,0.44
PNHP,4,4,8,0.5
PNHS,4,0,4,1.0
PNHb,2,3,5,0.4
PNHh,1,0,1,1.0
PNHl,0,2,2,0.0
PNHm,1,3,4,0.25
PNHn,2,5,7,0.29
PNHs,2,2,4,0.5
PNIS,1,0,1,1.0
PNIb,1,0,1,1.0
PNIm,0,1,1,0.0
PNIn,0,0,0,
PNKB,1,0,1,1.0
PNKD,0,1,1,0.0
PNKI,0,1,1,0.0
PNKK,0,0,0,
PNKM,1,4,5,0.2
PNKN,3,3,6,0.5
PNKP,1,3,4,0.25
PNKS,2,0,2,1.0
PNKb,1,1,2,0.5
PNKh,2,1,3,0.67
PNKm,3,0,3,1.0
PNKn,0,1,1,0.0
PNKs,0,0,0,
PNLB,3,4,7,0.43
PNLD,0,2,2,0.0
PNLK,0,1,1,0.0
PNLL,4,2,6,0.67
PNLM,3,5,8,0.38
PNLN,6,8,14,0.43
PNLP,5,9,14,0.36
PNLS,1,5,6,0.17
PNLb,4,5,9,0.44
PNLh,4,4,8,0.5
PNLj,0,1,1,0.0
PNLl,4,2,6,0.67
PNLm,9,9,18,0.5
PNLn,6,12,18,0.33
PNLs,2,4,6,0.33
PNLt,0,3,3,0.0
PNMB,13,14,27,0.48
PNMD,5,2,7,0.71
PNMK,0,1,1,0.0
PNML,3,7,10,0.3
PNMM,8,11,19,0.42
PNMN,17,10,27,0.63
PNMP,13,14,27,0.48
PNMS,7,11,18,0.39
PNMb,11,12,23,0.48
PNMh,12,9,21,0.57
PNMj,4,2,6,0.67
PNMl,6,4,10,0.6
PNMm,23,12,35,0.66
PNMn,18,19,37,0.49
PNMs,15,10,25,0.6
PNMt,1,0,1,1.0
PNNB,17,14,31,0.55
PNND,5,3,8,0.62
PNNH,2,2,4,0.5
PNNK,1,4,5,0.2
PNNL,7,6,13,0.54
PNNM,5,16,21,0.24
PNNN,19,23,42,0.45
PNNP,27,20,47,0.57
PNNS,14,15,29,0.48
PNNb,9,18,27,0.33
PNNh,2,5,7,0.29
PNNl,8,2,10,0.8
PNNm,17,11,28,0.61
PNNn,26,29,55,0.47
PNNs,18,20,38,0.47
PNNt,3,7,10,0.3
PNPB,16,24,40,0.4
PNPD,3,5,8,0.38
PNPH,7,4,11,0.64
PNPI,7,2,9,0.78
PNPK,4,4,8,0.5
PNPL,10,12,22,0.45
PNPM,19,15,34,0.56
PNPN,26,26,52,0.5
PNPP,38,39,77,0.49
PNPS,13,24,37,0.35
PNPb,16,21,37,0.43
PNPh,0,1,1,0.0
PNPl,13,10,23,0.57
PNPm,25,22,47,0.53
PNPn,15,12,27,0.56
PNPs,16,21,37,0.43
PNPt,3,2,5,0.6
PNSB,6,8,14,0.43
PNSD,1,1,2,0.5
PNSH,6,3,9,0.67
PNSK,0,1,1,0.0
PNSL,2,4,6,0.33
PNSM,11,14,25,0.44
PNSN,8,8,16,0.5
PNSP,12,23,35,0.34
PNSS,11,13,24,0.46
PNSb,10,6,16,0.62
PNSh,5,9,14,0.36
PNSl,4,8,12,0.33
PNSm,14,12,26,0.54
PNSn,16,4,20,0.8
PNSs,17,7,24,0.71
PNSt,2,1,3,0.67
PNbB,9,19,28,0.32
PNbD,2,1,3,0.67
PNbH,4,5,9,0.44
PNbI,1,0,1,1.0
PNbJ,4,6,10,0.4
PNbK,1,0,1,1.0
PNbL,5,6,11,0.45
PNbM,8,11,19,0.42
PNbN,11,11,22,0.5
PNbP,9,14,23,0.39
PNbS,8,9,17,0.47
PNbb,17,11,28,0.61
PNbh,0,0,0,
PNbl,3,3,6,0.5
PNbm,9,11,20,0.45
PNbn,12,14,26,0.46
PNbs,12,7,19,0.63
PNbt,1,0,1,1.0
PNhB,4,4,8,0.5
PNhD,1,1,2,0.5
PNhH,2,2,4,0.5
PNhL,3,1,4,0.75
PNhM,4,5,9,0.44
PNhN,4,3,7,0.57
PNhP,5,7,12,0.42
PNhS,5,3,8,0.62
PNhb,1,4,5,0.2
PNhh,1,3,4,0.25
PNhl,1,1,2,0.5
PNhm,4,4,8,0.5
PNhn,5,4,9,0.56
PNhs,4,5,9,0.44
PNlB,8,5,13,0.62
PNlD,0,1,1,0.0
PNlH,2,8,10,0.2
PNlI,1,0,1,1.0
PNlJ,0,2,2,0.0
PNlL,3,1,4,0.75
PNlM,4,9,13,0.31
PNlN,5,5,10,0.5
PNlP,6,10,16,0.38
PNlS,6,0,6,1.0
PNlb,5,2,7,0.71
PNll,2,1,3,0.67
PNlm,5,7,12,0.42
PNln,6,5,11,0.55
PNls,5,3,8,0.62
PNmB,13,9,22,0.59
PNmD,3,5,8,0.38
PNmH,8,16,24,0.33
PNmI,1,0,1,1.0
PNmJ,3,7,10,0.3
PNmK,0,1,1,0.0
PNmL,12,7,19,0.63
PNmM,12,23,35,0.34
PNmN,21,21,42,0.5
PNmP,17,23,40,0.42
PNmS,12,17,29,0.41
PNmb,13,19,32,0.41
PNml,6,4,10,0.6
PNmm,15,10,25,0.6
PNmn,16,16,32,0.5
PNms,11,18,29,0.38
PNnB,10,18,28,0.36
PNnD,2,5,7,0.29
PNnH,10,7,17,0.59
PNnI,7,1,8,0.88
PNnL,6,12,18,0.33
PNnM,27,15,42,0.64
PNnN,27,20,47,0.57
PNnP,37,31,68,0.54
PNnS,18,11,29,0.62
PNnb,25,15,40,0.62
PNnh,0,1,1,0.0
PNnl,12,9,21,0.57
PNnm,23,14,37,0.62
PNnn,18,25,43,0.42
PNns,13,11,24,0.54
PNnt,0,0,0,
PNsB,5,7,12,0.42
PNsD,2,1,3,0.67
PNsH,13,5,18,0.72
PNsI,0,2,2,0.0
PNsK,1,0,1,1.0
PNsL,5,3,8,0.62
PNsM,9,9,18,0.5
PNsN,14,9,23,0.61
PNsP,13,20,33,0.39
PNsS,16,12,28,0.57
PNsb,7,12,19,0.37
PNsh,1,1,2,0.5
PNsl,6,6,12,0.5
PNsm,11,10,21,0.52
PNsn,7,6,13,0.54
PNss,7,9,16,0.44
PNst,1,0,1,1.0
PNtB,1,0,1,1.0
PNtD,0,1,1,0.0
PNtH,1,1,2,0.5
PNtM,1,4,5,0.2
PNtN,0,6,6,0.0
PNtP,6,3,9,0.67
PNtS,3,4,7,0.43
PNtb,3,2,5,0.6
PNtl,1,1,2,0.5
PNtm,7,1,8,0.88
PNtn,3,4,7,0.43
PNts,6,1,7,0.86
PNtt,1,1,2,0.5
PPBB,22,22,44,0.5
PPBD,5,1,6,0.83
PPBK,2,4,6,0.33
PPBL,9,10,19,0.47
PPBM,18,21,39,0.46
PPBN,12,18,30,0.4
PPBP,18,43,61,0.3
PPBS,6,9,15,0.4
PPBb,21,16,37,0.57
PPBh,3,1,4,0.75
PPBj,6,6,12,0.5
PPBl,13,7,20,0.65
PPBm,26,22,48,0.54
PPBn,21,22,43,0.49
PPBs,11,13,24,0.46
PPBt,3,3,6,0.5
PPDB,1,2,3,0.33
PPDD,3,2,5,0.6
PPDH,1,3,4,0.25
PPDI,0,1,1,0.0
PPDL,1,1,2,0.5
PPDM,7,9,16,0.44
PPDN,3,3,6,0.5
PPDP,8,3,11,0.73
PPDS,2,5,7,0.29
PPDb,1,3,4,0.25
PPDl,0,1,1,0.0
PPDm,3,4,7,0.43
PPDn,3,2,5,0.6
PPDs,0,2,2,0.0
PPDt,1,3,4,0.25
PPHB,5,6,11,0.45
PPHD,1,0,1,1.0
PPHH,3,0,3,1.0
PPHI,3,1,4,0.75
PPHK,0,0,0,
PPHM,5,4,9,0.56
PPHN,5,4,9,0.56
PPHP,5,5,10,0.5
PPHS,6,0,6,1.0
PPHb,5,6,11,0.45
PPHh,0,5,5,0.0
PPHl,3,5,8,0.38
PPHm,11,6,17,0.65
PPHn,1,2,3,0.33
PPHs,8,1,9,0.89
PPHt,0,1,1,0.0
PPIB,1,4,5,0.2
PPID,1,1,2,0.5
PPIH,2,1,3,0.67
PPIL,0,1,1,0.0
PPIM,2,2,4,0.5
PPIP,4,4,8,0.5
PPIS,3,2,5,0.6
PPIb,4,3,7,0.57
PPIh,1,0,1,1.0
PPIl,0,3,3,0.0
PPIm,0,1,1,0.0
PPIn,1,3,4,0.25
PPKB,1,2,3,0.33
PPKD,0,0,0,
PPKH,1,0,1,1.0
PPKL,2,0,2,1.0
PPKM,6,3,9,0.67
PPKN,1,1,2,0.5
PPKP,1,3,4,0.25
PPKS,0,5,5,0.0
PPKb,2,3,5,0.4
PPKh,0,2,2,0.0
PPKl,1,1,2,0.5
PPKm,3,3,6,0.5
PPKn,1,0,1,1.0
PPKs,1,2,3,0.33
PPKt,0,1,1,0.0
PPLB,9,13,22,0.41
PPLD,0,2,2,0.0
PPLH,0,1,1,0.0
PPLL,10,7,17,0.59
PPLM,9,10,19,0.47
PPLN,10,8,18,0.56
PPLP,18,15,33,0.55
PPLS,10,9,19,0.53
PPLb,12,10,22,0.55
PPLh,1,2,3,0.33
PPLj,4,1,5,0.8
PPLl,7,4,11,0.64
PPLm,10,10,20,0.5
PPLn,11,16,27,0.41
PPLs,9,7,16,0.56
PPLt,2,2,4,0.5
PPMB,26,27,53,0.49
PPMD,5,8,13,0.38
PPMH,0,0,0,
PPMK,1,0,1,1.0
PPML,10,9,19,0.53
PPMM,15,24,39,0.38
PPMN,19,15,34,0.56
PPMP,34,27,61,0.56
PPMS,18,16,34,0.53
PPMb,29,21,50,0.58
PPMh,13,15,28,0.46
PPMj,4,5,9,0.44
PPMl,5,12,17,0.29
PPMm,34,26,60,0.57
PPMn,23,20,43,0.53
PPMs,23,18,41,0.56
PPMt,3,2,5,0.6
PPNB,16,17,33,0.48
PPND,3,3,6,0.5
PPNH,1,3,4,0.25
PPNI,0,2,2,0.0
PPNK,1,1,2,0.5
PPNL,4,11,15,0.27
PPNM,15,26,41,0.37
PPNN,23,13,36,0.64
PPNP,26,29,55,0.47
PPNS,10,14,24,0.42
PPNb,19,13,32,0.59
PPNh,0,4,4,0.0
PPNl,10,9,19,0.53
PPNm,25,14,39,0.64
PPNn,17,34,51,0.33
PPNs,10,15,25,0.4
PPNt,1,5,6,0.17
PPPB,30,27,57,0.53
PPPD,8,4,12,0.67
PPPH,9,5,14,0.64
PPPI,4,2,6,0.67
PPPK,3,6,9,0.33
PPPL,17,18,35,0.49
PPPM,26,40,66,0.39
PPPN,24,23,47,0.51
PPPP,47,42,89,0.53
PPPS,22,20,42,0.52
PPPb,29,27,56,0.52
PPPh,4,4,8,0.5
PPPl,15,18,33,0.45
PPPm,50,30,80,0.62
PPPn,31,17,48,0.65
PPPs,20,13,33,0.61
PPPt,4,1,5,0.8
PPSB,13,14,27,0.48
PPSD,1,4,5,0.2
PPSH,5,4,9,0.56
PPSK,0,1,1,0.0
PPSL,4,9,13,0.31
PPSM,17,18,35,0.49
PPSN,11,13,24,0.46
PPSP,16,9,25,0.64
PPSS,19,22,41,0.46
PPSb,11,8,19,0.58
PPSh,14,11,25,0.56
PPSl,8,12,20,0.4
PPSm,29,16,45,0.64
PPSn,12,10,22,0.55
PPSs,14,14,28,0.5
PPSt,1,0,1,1.0
PPbB,15,28,43,0.35
PPbD,5,3,8,0.62
PPbH,2,5,7,0.29
PPbI,5,0,5,1.0
PPbJ,9,10,19,0.47
PPbK,2,2,4,0.5
PPbL,9,12,21,0.43
PPbM,14,20,34,0.41
PPbN,19,13,32,0.59
PPbP,20,16,36,0.56
PPbS,11,7,18,0.61
PPbb,19,10,29,0.66
PPbh,1,0,1,1.0
PPbl,11,8,19,0.58
PPbm,20,23,43,0.47
PPbn,10,16,26,0.38
PPbs,7,4,11,0.64
PPhB,2,2,4,0.5
PPhI,0,0,0,
PPhL,1,1,2,0.5
PPhM,5,3,8,0.62
PPhN,0,0,0,
PPhP,5,4,9,0.56
PPhS,3,1,4,0.75
PPhb,2,1,3,0.67
PPhh,1,2,3,0.33
PPhl,0,0,0,
PPhm,5,3,8,0.62
PPhn,2,2,4,0.5
PPhs,2,1,3,0.67
PPlB,10,12,22,0.45
PPlD,0,2,2,0.0
PPlH,5,12,17,0.29
PPlI,1,1,2,0.5
PPlJ,2,4,6,0.33
PPlK,0,1,1,0.0
PPlL,7,7,14,0.5
PPlM,7,16,23,0.3
PPlN,11,13,24,0.46
PPlP,12,14,26,0.46
PPlS,6,7,13,0.46
PPlb,8,4,12,0.67
PPlh,0,1,1,0.0
PPll,9,3,12,0.75
PPlm,13,15,28,0.46
PPln,8,2,10,0.8
PPls,11,4,15,0.73
PPmB,23,17,40,0.57
PPmD,9,6,15,0.6
PPmH,16,13,29,0.55
PPmI,0,2,2,0.0
PPmJ,3,6,9,0.33
PPmK,0,2,2,0.0
PPmL,15,18,33,0.45
PPmM,36,27,63,0.57
PPmN,19,12,31,0.61
PPmP,36,20,56,0.64
PPmS,23,13,36,0.64
PPmb,21,29,50,0.42
PPml,14,11,25,0.56
PPmm,26,26,52,0.5
PPmn,20,11,31,0.65
PPms,21,18,39,0.54
PPnB,22,16,38,0.58
PPnD,2,1,3,0.67
PPnH,8,7,15,0.53
PPnI,0,3,3,0.0
PPnK,4,0,4,1.0
PPnL,10,6,16,0.62
PPnM,14,28,42,0.33
PPnN,26,20,46,0.57
PPnP,27,22,49,0.55
PPnS,12,12,24,0.5
PPnb,13,8,21,0.62
PPnh,1,0,1,1.0
PPnl,9,12,21,0.43
PPnm,16,19,35,0.46
PPnn,17,10,27,0.63
PPns,9,17,26,0.35
PPsB,11,14,25,0.44
PPsD,3,4,7,0.43
PPsH,17,15,32,0.53
PPsI,2,0,2,1.0
PPsK,1,0,1,1.0
PPsL,3,6,9,0.33
PPsM,8,16,24,0.33
PPsN,15,10,25,0.6
PPsP,17,27,44,0.39
PPsS,9,14,23,0.39
PPsb,11,15,26,0.42
PPsh,0,1,1,0.0
PPsl,9,10,19,0.47
PPsm,22,9,31,0.71
PPsn,13,9,22,0.59
PPss,13,15,28,0.46
PPtB,1,3,4,0.25
PPtD,0,2,2,0.0
PPtH,3,1,4,0.75
PPtK,1,0,1,1.0
PPtL,0,1,1,0.0
PPtM,2,5,7,0.29
PPtN,0,2,2,0.0
PPtP,5,8,13,0.38
PPtS,2,3,5,0.4
PPtb,4,3,7,0.57
PPtl,0,1,1,0.0
PPtm,6,3,9,0.67
PPtn,0,2,2,0.0
PPts,1,1,2,0.5
PSBB,10,7,17,0.59
PSBD,1,4,5,0.2
PSBK,2,0,2,1.0
PSBL,6,1,7,0.86
PSBM,10,4,14,0.71
PSBN,6,11,17,0.35
PSBP,8,9,17,0.47
PSBS,3,7,10,0.3
PSBb,12,15,27,0.44
PSBh,3,0,3,1.0
PSBj,1,1,2,0.5
PSBl,3,4,7,0.43
PSBm,19,7,26,0.73
PSBn,16,11,27,0.59
PSBs,4,7,11,0.36
PSBt,1,2,3,0.33
PSDB,3,3,6,0.5
PSDD,0,1,1,0.0
PSDH,2,1,3,0.67
PSDI,1,0,1,1.0
PSDL,0,1,1,0.0
PSDM,1,7,8,0.12
PSDN,2,2,4,0.5
PSDP,2,3,5,0.4
PSDS,3,1,4,0.75
PSDb,6,1,7,0.86
PSDl,0,0,0,
PSDm,3,3,6,0.5
PSDn,2,1,3,0.67
PSDs,1,2,3,0.33
PSHB,2,3,5,0.4
PSHH,1,1,2,0.5
PSHI,4,0,4,1.0
PSHL,2,2,4,0.5
PSHM,4,3,7,0.57
PSHN,4,7,11,0.36
PSHP,2,3,5,0.4
PSHS,3,3,6,0.5
PSHb,3,6,9,0.33
PSHh,1,0,1,1.0
PSHl,0,2,2,0.0
PSHm,2,7,9,0.22
PSHn,6,2,8,0.75
PSHs,2,9,11,0.18
PSIB,1,0,1,1.0
PSII,1,1,2,0.5
PSIM,0,0,0,
PSIS,0,1,1,0.0
PSIm,0,1,1,0.0
PSIn,1,0,1,1.0
PSIs,0,0,0,
PSKI,0,1,1,0.0
PSKP,1,0,1,1.0
PSKS,0,0,0,
PSKb,0,2,2,0.0
PSKl,1,0,1,1.0
PSKm,2,0,2,1.0
PSKs,0,1,1,0.0
PSLB,8,6,14,0.57
PSLD,1,0,1,1.0
PSLH,0,1,1,0.0
PSLK,0,1,1,0.0
PSLL,1,1,2,0.5
PSLM,6,8,14,0.43
PSLN,5,2,7,0.71
PSLP,10,8,18,0.56
PSLS,3,1,4,0.75
PSLb,6,5,11,0.55
PSLh,0,2,2,0.0
PSLj,0,2,2,0.0
PSLl,2,0,2,1.0
PSLm,3,2,5,0.6
PSLn,4,6,10,0.4
PSLs,0,6,6,0.0
PSLt,0,3,3,0.0
PSMB,14,8,22,0.64
PSMD,2,2,4,0.5
PSMK,0,1,1,0.0
PSML,3,4,7,0.43
PSMM,16,13,29,0.55
PSMN,8,12,20,0.4
PSMP,20,17,37,0.54
PSMS,6,7,13,0.46
PSMb,12,9,21,0.57
PSMh,8,13,21,0.38
PSMj,2,1,3,0.67
PSMl,5,2,7,0.71
PSMm,14,8,22,0.64
PSMn,8,14,22,0.36
PSMs,9,8,17,0.53
PSMt,1,1,2,0.5
PSNB,5,5,10,0.5
PSND,2,1,3,0.67
PSNH,2,3,5,0.4
PSNK,1,1,2,0.5
PSNL,1,4,5,0.2
PSNM,16,10,26,0.62
PSNN,10,6,16,0.62
PSNP,16,13,29,0.55
PSNS,7,12,19,0.37
PSNb,9,4,13,0.69
PSNh,0,1,1,0.0
PSNl,3,7,10,0.3
PSNm,14,9,23,0.61
PSNn,9,9,18,0.5
PSNs,7,4,11,0.64
PSNt,3,2,5,0.6
PSPB,10,18,28,0.36
PSPD,4,2,6,0.67
PSPH,5,1,6,0.83
PSPI,4,1,5,0.8
PSPK,2,1,3,0.67
PSPL,8,4,12,0.67
PSPM,9,16,25,0.36
PSPN,12,12,24,0.5
PSPP,19,21,40,0.48
PSPS,18,14,32,0.56
PSPb,15,12,27,0.56
PSPh,2,1,3,0.67
PSPl,3,5,8,0.38
PSPm,14,15,29,0.48
PSPn,9,9,18,0.5
PSPs,9,8,17,0.53
PSPt,3,2,5,0.6
PSSB,11,8,19,0.58
PSSD,1,2,3,0.33
PSSH,5,11,16,0.31
PSSI,2,0,2,1.0
PSSL,2,2,4,0.5
PSSM,15,18,33,0.45
PSSN,11,7,18,0.61
PSSP,14,11,25,0.56
PSSS,13,13,26,0.5
PSSb,9,5,14,0.64
PSSh,7,6,13,0.54
PSSl,5,8,13,0.38
PSSm,18,17,35,0.51
PSSn,16,12,28,0.57
PSSs,18,11,29,0.62
PSSt,4,4,8,0.5
PSbB,10,6,16,0.62
PSbD,2,0,2,1.0
PSbH,3,1,4,0.75
PSbI,1,0,1,1.0
PSbJ,2,2,4,0.5
PSbK,2,0,2,1.0
PSbL,4,3,7,0.57
PSbM,6,13,19,0.32
PSbN,10,7,17,0.59
PSbP,13,10,23,0.57
PSbS,3,7,10,0.3
PSbb,13,14,27,0.48
PSbl,3,2,5,0.6
PSbm,9,9,18,0.5
PSbn,4,8,12,0.33
PSbs,5,5,10,0.5
PShB,6,4,10,0.6
PShD,1,0,1,1.0
PShH,0,3,3,0.0
PShI,1,1,2,0.5
PShL,2,4,6,0.33
PShM,7,9,16,0.44
PShN,1,4,5,0.2
PShP,5,6,11,0.45
PShS,9,5,14,0.64
PShb,7,4,11,0.64
PShh,2,5,7,0.29
PShl,1,8,9,0.11
PShm,12,9,21,0.57
PShn,4,2,6,0.67
PShs,7,4,11,0.64
PSht,0,0,0,
PSlB,2,2,4,0.5
PSlH,5,1,6,0.83
PSlJ,1,1,2,0.5
PSlL,3,3,6,0.5
PSlM,4,6,10,0.4
PSlN,4,4,8,0.5
PSlP,4,8,12,0.33
PSlS,2,3,5,0.4
PSlb,3,3,6,0.5
PSll,2,1,3,0.67
PSlm,2,1,3,0.67
PSln,4,6,10,0.4
PSls,2,3,5,0.4
PSmB,13,8,21,0.62
PSmD,0,5,5,0.0
PSmH,15,12,27,0.56
PSmI,0,2,2,0.0
PSmJ,2,6,8,0.25
PSmL,3,7,10,0.3
PSmM,8,14,22,0.36
PSmN,12,16,28,0.43
PSmP,15,16,31,0.48
PSmS,10,12,22,0.45
PSmb,11,9,20,0.55
PSml,5,3,8,0.62
PSmm,24,7,31,0.77
PSmn,6,9,15,0.4
PSms,8,11,19,0.42
PSmt,1,0,1,1.0
PSnB,13,5,18,0.72
PSnD,3,2,5,0.6
PSnH,4,2,6,0.67
PSnI,2,3,5,0.4
PSnK,3,2,5,0.6
PSnL,4,7,11,0.36
PSnM,15,8,23,0.65
PSnN,12,10,22,0.55
PSnP,9,14,23,0.39
PSnS,10,10,20,0.5
PSnb,4,5,9,0.44
PSnl,4,6,10,0.4
PSnm,12,12,24,0.5
PSnn,8,10,18,0.44
PSns,6,7,13,0.46
PSsB,6,6,12,0.5
PSsD,5,5,10,0.5
PSsH,8,10,18,0.44
PSsI,3,0,3,1.0
PSsL,1,5,6,0.17
PSsM,10,14,24,0.42
PSsN,14,11,25,0.56
PSsP,6,13,19,0.32
PSsS,12,12,24,0.5
PSsb,11,12,23,0.48
PSsh,0,0,0,
PSsl,4,5,9,0.44
PSsm,18,7,25,0.72
PSsn,5,6,11,0.45
PSss,14,7,21,0.67
PSst,1,0,1,1.0
PStB,3,1,4,0.75
PStH,1,1,2,0.5
PStK,0,0,0,
PStL,1,1,2,0.5
PStM,2,2,4,0.5
PStN,5,2,7,0.71
PStP,6,2,8,0.75
PStS,3,3,6,0.5
PStb,5,0,5,1.0
PStl,0,1,1,0.0
PStm,2,0,2,1.0
PSts,0,3,3,0.0
PbBB,16,12,28,0.57
PbBD,0,2,2,0.0
PbBK,0,3,3,0.0
PbBL,5,6,11,0.45
PbBM,10,12,22,0.45
PbBN,13,13,26,0.5
PbBP,23,15,38,0.61
PbBS,7,8,15,0.47
PbBb,12,10,22,0.55
PbBh,1,2,3,0.33
PbBj,4,10,14,0.29
PbBl,8,4,12,0.67
PbBm,15,13,28,0.54
PbBn,14,19,33,0.42
PbBs,7,10,17,0.41
PbBt,2,2,4,0.5
PbDB,1,3,4,0.25
PbDD,2,1,3,0.67
PbDH,3,1,4,0.75
PbDL,2,1,3,0.67
PbDM,1,2,3,0.33
PbDN,0,0,0,
PbDP,4,0,4,1.0
PbDS,1,0,1,1.0
PbDb,3,0,3,1.0
PbDh,0,1,1,0.0
PbDl,1,0,1,1.0
PbDm,6,2,8,0.75
PbDn,1,1,2,0.5
PbDs,1,0,1,1.0
PbHB,3,1,4,0.75
PbHH,1,1,2,0.5
PbHI,0,1,1,0.0
PbHL,1,0,1,1.0
PbHM,1,2,3,0.33
PbHN,1,4,5,0.2
PbHP,2,8,10,0.2
PbHS,2,0,2,1.0
PbHb,3,4,7,0.43
PbHh,1,1,2,0.5
PbHl,2,1,3,0.67
PbHm,6,5,11,0.55
PbHn,4,5,9,0.44
PbHs,4,4,8,0.5
PbHt,1,0,1,1.0
PbIB,3,2,5,0.6
PbID,0,0,0,
PbIH,0,2,2,0.0
PbIL,1,0,1,1.0
PbIM,2,3,5,0.4
PbIN,1,3,4,0.25
PbIP,2,3,5,0.4
PbIS,2,1,3,0.67
PbIb,3,0,3,1.0
PbIl,2,0,2,1.0
PbIm,2,1,3,0.67
PbIn,1,0,1,1.0
PbIs,1,2,3,0.33
PbJB,6,4,10,0.6
PbJH,1,5,6,0.17
PbJI,1,0,1,1.0
PbJK,0,1,1,0.0
PbJL,1,0,1,1.0
PbJM,3,11,14,0.21
PbJN,2,7,9,0.22
PbJP,6,8,14,0.43
PbJS,1,3,4,0.25
PbJb,5,5,10,0.5
PbJh,1,1,2,0.5
PbJl,2,1,3,0.67
PbJm,7,3,10,0.7
PbJn,5,2,7,0.71
PbJs,5,2,7,0.71
PbJt,1,1,2,0.5
PbKB,1,3,4,0.25
PbKD,0,1,1,0.0
PbKI,2,0,2,1.0
PbKL,0,0,0,
PbKM,2,2,4,0.5
PbKN,1,0,1,1.0
PbKP,2,1,3,0.67
PbKS,1,1,2,0.5
PbKb,1,1,2,0.5
PbKl,1,1,2,0.5
PbKm,2,2,4,0.5
PbKn,4,0,4,1.0
PbKs,1,2,3,0.33
PbLB,2,9,11,0.18
PbLK,0,0,0,
PbLL,1,3,4,0.25
PbLM,2,6,8,0.25
PbLN,9,7,16,0.56
PbLP,6,5,11,0.55
PbLS,0,2,2,0.0
PbLb,3,2,5,0.6
PbLh,2,3,5,0.4
PbLj,0,2,2,0.0
PbLl,3,3,6,0.5
PbLm,3,5,8,0.38
PbLn,11,5,16,0.69
PbLs,1,7,8,0.12
PbLt,1,0,1,1.0
PbMB,11,11,22,0.5
PbMD,1,1,2,0.5
PbMH,0,1,1,0.0
PbMI,0,1,1,0.0
PbMK,0,1,1,0.0
PbML,9,7,16,0.56
PbMM,10,12,22,0.45
PbMN,12,16,28,0.43
PbMP,17,22,39,0.44
PbMS,6,15,21,0.29
PbMb,7,13,20,0.35
PbMh,11,7,18,0.61
PbMj,0,3,3,0.0
PbMl,8,6,14,0.57
PbMm,23,19,42,0.55
PbMn,21,12,33,0.64
PbMs,11,6,17,0.65
PbMt,1,3,4,0.25
PbNB,11,14,25,0.44
PbND,3,5,8,0.38
PbNH,1,0,1,1.0
PbNI,1,0,1,1.0
PbNK,1,1,2,0.5
PbNL,8,6,14,0.57
PbNM,22,22,44,0.5
PbNN,20,12,32,0.62
PbNP,28,23,51,0.55
PbNS,10,12,22,0.45
PbNb,9,11,20,0.45
PbNh,5,4,9,0.56
PbNl,7,2,9,0.78
PbNm,17,14,31,0.55
PbNn,21,19,40,0.52
PbNs,11,8,19,0.58
PbNt,3,1,4,0.75
PbPB,15,15,30,0.5
PbPD,4,4,8,0.5
PbPH,2,2,4,0.5
PbPI,3,2,5,0.6
PbPK,0,2,2,0.0
PbPL,12,3,15,0.8
PbPM,10,16,26,0.38
PbPN,19,16,35,0.54
PbPP,26,14,40,0.65
PbPS,17,11,28,0.61
PbPb,23,11,34,0.68
PbPh,1,0,1,1.0
PbPl,8,8,16,0.5
PbPm,22,10,32,0.69
PbPn,17,11,28,0.61
PbPs,5,6,11,0.45
PbPt,0,2,2,0.0
PbSB,6,8,14,0.43
PbSD,3,4,7,0.43
PbSH,1,2,3,0.33
PbSI,1,1,2,0.5
PbSK,2,1,3,0.67
PbSL,4,5,9,0.44
PbSM,5,8,13,0.38
PbSN,7,7,14,0.5
PbSP,6,12,18,0.33
PbSS,5,7,12,0.42
PbSb,4,10,14,0.29
PbSh,7,5,12,0.58
PbSl,1,3,4,0.25
PbSm,6,2,8,0.75
PbSn,7,6,13,0.54
PbSs,0,5,5,0.0
PbbB,15,13,28,0.54
PbbD,1,1,2,0.5
PbbH,0,1,1,0.0
PbbI,1,1,2,0.5
PbbJ,3,3,6,0.5
PbbK,2,2,4,0.5
PbbL,9,5,14,0.64
PbbM,12,18,30,0.4
PbbN,21,16,37,0.57
PbbP,13,20,33,0.39
PbbS,11,7,18,0.61
Pbbb,10,18,28,0.36
Pbbl,4,9,13,0.31
Pbbm,5,14,19,0.26
Pbbn,11,11,22,0.5
Pbbs,7,0,7,1.0
PbhD,0,1,1,0.0
PbhL,1,0,1,1.0
Pbhl,1,0,1,1.0
Pbhm,1,0,1,1.0
PblB,6,0,6,1.0
PblD,1,0,1,1.0
PblH,5,5,10,0.5
PblI,0,1,1,0.0
PblJ,3,2,5,0.6
PblL,3,1,4,0.75
PblM,4,4,8,0.5
PblN,7,4,11,0.64
PblP,7,6,13,0.54
PblS,5,3,8,0.62
Pblb,9,5,14,0.64
Pbll,7,3,10,0.7
Pblm,3,5,8,0.38
Pbln,9,2,11,0.82
Pbls,4,2,6,0.67
PbmB,12,15,27,0.44
PbmD,4,0,4,1.0
PbmH,4,11,15,0.27
PbmI,1,1,2,0.5
PbmJ,3,3,6,0.5
PbmL,6,3,9,0.67
PbmM,13,15,28,0.46
PbmN,8,12,20,0.4
PbmP,32,11,43,0.74
PbmS,5,6,11,0.45
Pbmb,21,12,33,0.64
Pbmh,0,1,1,0.0
Pbml,3,3,6,0.5
Pbmm,11,9,20,0.55
Pbmn,12,7,19,0.63
Pbms,6,6,12,0.5
PbnB,15,12,27,0.56
PbnD,0,6,6,0.0
PbnH,2,6,8,0.25
PbnI,3,0,3,1.0
PbnK,0,0,0,
PbnL,5,2,7,0.71
PbnM,16,9,25,0.64
PbnN,20,13,33,0.61
PbnP,20,19,39,0.51
PbnS,6,7,13,0.46
Pbnb,14,9,23,0.61
Pbnl,3,3,6,0.5
Pbnm,14,12,26,0.54
Pbnn,15,10,25,0.6
Pbns,5,7,12,0.42
PbsB,6,8,14,0.43
PbsD,1,2,3,0.33
PbsH,3,8,11,0.27
PbsI,1,0,1,1.0
PbsL,0,5,5,0.0
PbsM,4,5,9,0.44
PbsN,12,6,18,0.67
PbsP,5,7,12,0.42
PbsS,5,8,13,0.38
Pbsb,1,5,6,0.17
Pbsh,1,1,2,0.5
Pbsl,1,2,3,0.33
Pbsm,6,9,15,0.4
Pbsn,4,5,9,0.44
Pbss,4,2,6,0.67
PhBB,0,0,0,
PhBK,0,2,2,0.0
PhBM,1,1,2,0.5
PhBN,3,2,5,0.6
PhBP,1,2,3,0.33
PhBS,1,4,5,0.2
PhBb,1,2,3,0.33
PhBh,1,0,1,1.0
PhBm,1,2,3,0.33
PhBn,3,4,7,0.43
PhBs,1,1,2,0.5
PhDB,1,0,1,1.0
PhDH,1,0,1,1.0
PhDS,0,1,1,0.0
PhDs,0,0,0,
PhHK,1,0,1,1.0
PhHP,1,1,2,0.5
PhHl,1,0,1,1.0
PhHm,0,0,0,
PhHn,0,0,0,
PhHs,1,1,2,0.5
PhIB,1,0,1,1.0
PhIL,1,0,1,1.0
PhIP,1,1,2,0.5
PhIn,1,0,1,1.0
PhKn,0,1,1,0.0
PhKs,0,1,1,0.0
PhLB,0,1,1,0.0
PhLL,0,1,1,0.0
PhLM,0,1,1,0.0
PhLh,2,0,2,1.0
PhLl,1,0,1,1.0
PhLm,1,1,2,0.5
PhLn,2,2,4,0.5
PhLs,0,1,1,0.0
PhMB,0,2,2,0.0
PhMD,2,1,3,0.67
PhMK,0,1,1,0.0
PhML,2,1,3,0.67
PhMM,2,1,3,0.67
PhMN,2,3,5,0.4
PhMP,1,0,1,1.0
PhMS,4,3,7,0.57
PhMb,1,2,3,0.33
PhMh,2,1,3,0.67
PhMj,2,0,2,1.0
PhMl,3,1,4,0.75
PhMm,2,1,3,0.67
PhMn,2,0,2,1.0
PhMs,4,2,6,0.67
PhNB,3,2,5,0.6
PhNH,0,1,1,0.0
PhNK,0,1,1,0.0
PhNL,0,1,1,0.0
PhNM,1,2,3,0.33
PhNN,1,2,3,0.33
PhNP,1,0,1,1.0
PhNS,0,1,1,0.0
PhNb,0,2,2,0.0
PhNh,1,2,3,0.33
PhNl,1,0,1,1.0
PhNm,3,2,5,0.6
PhNn,2,1,3,0.67
PhNs,0,1,1,0.0
PhNt,0,1,1,0.0
PhPB,1,2,3,0.33
PhPH,0,1,1,0.0
PhPI,2,0,2,1.0
PhPK,0,0,0,
PhPL,0,1,1,0.0
PhPM,3,4,7,0.43
PhPN,1,2,3,0.33
PhPP,2,3,5,0.4
PhPS,3,5,8,0.38
PhPb,1,2,3,0.33
PhPl,2,1,3,0.67
PhPm,5,5,10,0.5
PhPn,3,0,3,1.0
PhPs,3,1,4,0.75
PhPt,1,1,2,0.5
PhSB,3,1,4,0.75
PhSH,0,1,1,0.0
PhSK,1,0,1,1.0
PhSL,1,1,2,0.5
PhSM,0,1,1,0.0
PhSN,1,0,1,1.0
PhSP,2,2,4,0.5
PhSS,1,2,3,0.33
PhSb,2,0,2,1.0
PhSh,2,3,5,0.4
PhSm,4,2,6,0.67
PhSn,1,5,6,0.17
PhSs,0,3,3,0.0
PhSt,1,0,1,1.0
PhbB,0,1,1,0.0
PhbI,1,0,1,1.0
PhbL,0,2,2,0.0
PhbM,1,1,2,0.5
PhbN,0,3,3,0.0
PhbP,1,1,2,0.5
PhbS,2,0,2,1.0
Phbb,2,2,4,0.5
Phbl,1,1,2,0.5
Phbm,0,2,2,0.0
Phbn,0,1,1,0.0
Phbs,0,0,0,
PhhB,1,2,3,0.33
PhhD,0,1,1,0.0
PhhH,1,0,1,1.0
PhhL,2,2,4,0.5
PhhM,0,4,4,0.0
PhhN,0,1,1,0.0
PhhP,0,0,0,
PhhS,0,2,2,0.0
Phhh,5,0,5,1.0
Phhl,2,1,3,0.67
Phhm,1,1,2,0.5
Phhn,0,2,2,0.0
Phhs,2,2,4,0.5
Phht,1,0,1,1.0
PhlB,0,0,0,
PhlD,1,0,1,1.0
PhlH,1,0,1,1.0
PhlI,1,0,1,1.0
PhlL,0,0,0,
PhlM,1,1,2,0.5
PhlN,1,0,1,1.0
PhlP,0,2,2,0.0
PhlS,0,3,3,0.0
Phlm,2,1,3,0.67
Phln,2,0,2,1.0
Phls,0,0,0,
PhmB,1,4,5,0.2
PhmD,1,0,1,1.0
PhmH,2,0,2,1.0
PhmM,2,5,7,0.29
PhmN,0,1,1,0.0
PhmP,2,1,3,0.67
PhmS,1,3,4,0.25
Phmb,3,2,5,0.6
Phml,1,1,2,0.5
Phmm,3,2,5,0.6
Phmn,3,0,3,1.0
Phms,0,2,2,0.0
PhnD,1,0,1,1.0
PhnH,2,1,3,0.67
PhnL,2,0,2,1.0
PhnM,1,3,4,0.25
PhnN,4,0,4,1.0
PhnP,2,1,3,0.67
PhnS,2,2,4,0.5
Phnb,2,0,2,1.0
Phnm,2,2,4,0.5
Phnn,4,3,7,0.57
Phns,3,1,4,0.75
PhsB,1,1,2,0.5
PhsD,1,1,2,0.5
PhsH,1,2,3,0.33
PhsI,1,0,1,1.0
PhsL,0,2,2,0.0
PhsM,1,2,3,0.33
PhsN,1,0,1,1.0
PhsP,1,2,3,0.33
PhsS,1,1,2,0.5
Phsb,3,0,3,1.0
Phsl,1,0,1,1.0
Phsm,2,1,3,0.67
Phsn,6,1,7,0.86
Phss,2,0,2,1.0
PhtN,0,1,1,0.0
PhtP,1,0,1,1.0
Phtm,1,0,1,1.0
PlBB,2,6,8,0.25
PlBD,1,0,1,1.0
PlBK,2,1,3,0.67
PlBL,2,5,7,0.29
PlBM,7,7,14,0.5
PlBN,4,7,11,0.36
PlBP,3,7,10,0.3
PlBS,3,3,6,0.5
PlBb,2,6,8,0.25
PlBh,2,0,2,1.0
PlBj,3,3,6,0.5
PlBl,1,2,3,0.33
PlBm,11,5,16,0.69
PlBn,4,6,10,0.4
PlBs,3,7,10,0.3
PlBt,1,1,2,0.5
PlDB,1,0,1,1.0
PlDH,0,1,1,0.0
PlDL,0,1,1,0.0
PlDM,1,0,1,1.0
PlDN,0,2,2,0.0
PlDP,0,0,0,
PlDS,1,0,1,1.0
PlDb,3,1,4,0.75
PlDl,0,0,0,
PlDm,2,0,2,1.0
PlDn,1,0,1,1.0
PlDs,0,1,1,0.0
PlHB,6,2,8,0.75
PlHD,1,1,2,0.5
PlHH,1,1,2,0.5
PlHI,2,1,3,0.67
PlHK,0,1,1,0.0
PlHL,2,2,4,0.5
PlHM,1,4,5,0.2
PlHN,3,2,5,0.6
PlHP,3,6,9,0.33
PlHS,1,4,5,0.2
PlHb,5,3,8,0.62
PlHh,1,2,3,0.33
PlHl,2,3,5,0.4
PlHm,6,5,11,0.55
PlHn,3,2,5,0.6
PlHs,4,1,5,0.8
PlHt,1,2,3,0.33
PlIB,1,0,1,1.0
PlIL,1,0,1,1.0
PlIM,3,1,4,0.75
PlIP,1,0,1,1.0
PlIS,1,0,1,1.0
PlIb,1,0,1,1.0
PlIl,1,3,4,0.25
PlIm,0,1,1,0.0
PlJB,1,0,1,1.0
PlJH,0,1,1,0.0
PlJK,0,2,2,0.0
PlJL,1,0,1,1.0
PlJM,2,3,5,0.4
PlJN,1,3,4,0.25
PlJP,1,3,4,0.25
PlJS,0,1,1,0.0
PlJb,2,2,4,0.5
PlJm,0,1,1,0.0
PlJs,1,0,1,1.0
PlKB,0,1,1,0.0
PlKS,1,0,1,1.0
PlKb,0,1,1,0.0
PlKn,2,0,2,1.0
PlLB,1,11,12,0.08
PlLD,0,1,1,0.0
PlLL,1,0,1,1.0
PlLM,2,3,5,0.4
PlLN,5,0,5,1.0
PlLP,6,4,10,0.6
PlLS,3,3,6,0.5
PlLb,3,1,4,0.75
PlLh,1,3,4,0.25
PlLj,3,0,3,1.0
PlLl,1,0,1,1.0
PlLm,2,5,7,0.29
PlLn,4,7,11,0.36
PlLs,0,4,4,0.0
PlLt,1,1,2,0.5
PlMB,3,1,4,0.75
PlMD,1,1,2,0.5
PlMK,0,0,0,
PlML,1,5,6,0.17
PlMM,6,9,15,0.4
PlMN,2,6,8,0.25
PlMP,11,9,20,0.55
PlMS,4,9,13,0.31
PlMb,7,3,10,0.7
PlMh,5,4,9,0.56
PlMj,0,1,1,0.0
PlMl,4,1,5,0.8
PlMm,8,10,18,0.44
PlMn,10,10,20,0.5
PlMs,6,5,11,0.55
PlMt,2,3,5,0.4
PlNB,4,5,9,0.44
PlNH,1,1,2,0.5
PlNK,1,0,1,1.0
PlNL,0,4,4,0.0
PlNM,5,7,12,0.42
PlNN,5,8,13,0.38
PlNP,10,11,21,0.48
PlNS,7,3,10,0.7
PlNb,11,6,17,0.65
PlNh,1,1,2,0.5
PlNl,2,6,8,0.25
PlNm,9,5,14,0.64
PlNn,5,5,10,0.5
PlNs,2,5,7,0.29
PlNt,1,1,2,0.5
PlPB,10,8,18,0.56
PlPD,0,1,1,0.0
PlPH,1,2,3,0.33
PlPI,1,1,2,0.5
PlPK,3,1,4,0.75
PlPL,1,5,6,0.17
PlPM,9,5,14,0.64
PlPN,11,10,21,0.52
PlPP,3,11,14,0.21
PlPS,6,6,12,0.5
PlPb,9,7,16,0.56
PlPh,0,0,0,
PlPl,5,0,5,1.0
PlPm,9,4,13,0.69
PlPn,6,5,11,0.55
PlPs,8,3,11,0.73
PlPt,1,0,1,1.0
PlSB,4,1,5,0.8
PlSH,2,0,2,1.0
PlSI,1,0,1,1.0
PlSL,2,1,3,0.67
PlSM,3,5,8,0.38
PlSN,5,7,12,0.42
PlSP,4,3,7,0.57
PlSS,4,3,7,0.57
PlSb,2,5,7,0.29
PlSh,1,1,2,0.5
PlSl,3,1,4,0.75
PlSm,7,2,9,0.78
PlSn,6,2,8,0.75
PlSs,3,8,11,0.27
PlSt,2,0,2,1.0
PlbB,6,1,7,0.86
PlbD,0,1,1,0.0
PlbH,3,1,4,0.75
PlbI,0,1,1,0.0
PlbJ,1,2,3,0.33
PlbK,0,1,1,0.0
PlbL,2,2,4,0.5
PlbM,5,7,12,0.42
PlbN,6,8,14,0.43
PlbP,7,9,16,0.44
PlbS,4,1,5,0.8
Plbb,6,2,8,0.75
Plbl,0,2,2,0.0
Plbm,8,4,12,0.67
Plbn,5,4,9,0.56
Plbs,1,3,4,0.25
PlhM,0,0,0,
PlhS,1,0,1,1.0
Plhh,1,0,1,1.0
Plhm,1,0,1,1.0
PllB,2,2,4,0.5
PllD,1,0,1,1.0
PllH,0,0,0,
PllJ,1,0,1,1.0
PllK,0,1,1,0.0
PllL,2,1,3,0.67
PllM,5,3,8,0.62
PllN,0,3,3,0.0
PllP,4,5,9,0.44
PllS,3,3,6,0.5
Pllb,1,4,5,0.2
Plll,0,1,1,0.0
Pllm,2,1,3,0.67
Plln,3,0,3,1.0
Plls,3,1,4,0.75
PlmB,3,4,7,0.43
PlmD,2,0,2,1.0
PlmH,2,6,8,0.25
PlmJ,0,0,0,
PlmL,3,2,5,0.6
PlmM,8,9,17,0.47
PlmN,9,6,15,0.6
PlmP,6,7,13,0.46
PlmS,3,3,6,0.5
Plmb,6,3,9,0.67
Plml,3,5,8,0.38
Plmm,6,5,11,0.55
Plmn,5,2,7,0.71
Plms,3,3,6,0.5
PlnB,1,4,5,0.2
PlnD,1,0,1,1.0
PlnH,1,2,3,0.33
PlnI,1,2,3,0.33
PlnL,0,5,5,0.0
PlnM,9,9,18,0.5
PlnN,3,8,11,0.27
PlnP,10,9,19,0.53
PlnS,10,3,13,0.77
Plnb,7,2,9,0.78
Plnl,3,2,5,0.6
Plnm,2,3,5,0.4
Plnn,2,3,5,0.4
Plns,3,2,5,0.6
PlsB,2,4,6,0.33
PlsD,3,1,4,0.75
PlsH,2,5,7,0.29
PlsL,1,5,6,0.17
PlsM,4,12,16,0.25
PlsN,5,2,7,0.71
PlsP,5,6,11,0.45
PlsS,3,4,7,0.43
Plsb,3,3,6,0.5
Plsh,0,1,1,0.0
Plsl,1,0,1,1.0
Plsm,2,4,6,0.33
Plsn,4,3,7,0.57
Plss,6,3,9,0.67
PmBB,10,7,17,0.59
PmBD,4,4,8,0.5
PmBK,1,1,2,0.5
PmBL,7,8,15,0.47
PmBM,10,18,28,0.36
PmBN,16,17,33,0.48
PmBP,23,22,45,0.51
PmBS,12,10,22,0.55
PmBb,8,8,16,0.5
PmBh,2,3,5,0.4
PmBj,5,7,12,0.42
PmBl,3,2,5,0.6
PmBm,15,17,32,0.47
PmBn,15,16,31,0.48
PmBs,5,7,12,0.42
PmBt,4,2,6,0.67
PmDB,3,5,8,0.38
PmDD,0,1,1,0.0
PmDH,9,2,11,0.82
PmDI,0,1,1,0.0
PmDL,1,3,4,0.25
PmDM,3,7,10,0.3
PmDN,2,3,5,0.4
PmDP,7,3,10,0.7
PmDS,8,2,10,0.8
PmDb,4,3,7,0.57
PmDh,1,0,1,1.0
PmDl,1,2,3,0.33
PmDm,10,3,13,0.77
PmDn,4,2,6,0.67
PmDs,4,3,7,0.57
PmDt,0,1,1,0.0
PmHB,13,14,27,0.48
PmHD,2,0,2,1.0
PmHH,2,2,4,0.5
PmHI,1,1,2,0.5
PmHK,0,1,1,0.0
PmHL,5,8,13,0.38
PmHM,15,13,28,0.54
PmHN,5,11,16,0.31
PmHP,9,28,37,0.24
PmHS,7,7,14,0.5
PmHb,6,11,17,0.35
PmHh,7,2,9,0.78
PmHl,6,5,11,0.55
PmHm,18,23,41,0.44
PmHn,20,9,29,0.69
PmHs,11,4,15,0.73
PmHt,2,0,2,1.0
PmIB,1,1,2,0.5
PmID,1,0,1,1.0
PmIH,1,0,1,1.0
PmII,1,0,1,1.0
PmIK,0,1,1,0.0
PmIL,0,0,0,
PmIM,2,1,3,0.67
PmIN,3,1,4,0.75
PmIP,1,1,2,0.5
PmIS,0,0,0,
PmIb,1,0,1,1.0
PmIm,1,2,3,0.33
PmIn,1,1,2,0.5
PmIs,0,1,1,0.0
PmJB,4,4,8,0.5
PmJH,1,1,2,0.5
PmJI,1,0,1,1.0
PmJK,2,0,2,1.0
PmJL,2,2,4,0.5
PmJM,2,1,3,0.67
PmJN,2,3,5,0.4
PmJP,6,3,9,0.67
PmJS,4,1,5,0.8
PmJb,3,3,6,0.5
PmJl,2,1,3,0.67
PmJm,4,3,7,0.57
PmJn,4,3,7,0.57
PmJs,2,5,7,0.29
PmJt,0,0,0,
PmKB,0,1,1,0.0
PmKD,0,0,0,
PmKH,0,0,0,
PmKI,0,1,1,0.0
PmKh,0,1,1,0.0
PmKl,1,1,2,0.5
PmKn,1,0,1,1.0
PmLB,5,5,10,0.5
PmLD,1,1,2,0.5
PmLK,0,1,1,0.0
PmLL,3,6,9,0.33
PmLM,5,14,19,0.26
PmLN,4,6,10,0.4
PmLP,8,6,14,0.57
PmLS,4,6,10,0.4
PmLb,10,5,15,0.67
PmLh,4,4,8,0.5
PmLj,2,2,4,0.5
PmLl,2,1,3,0.67
PmLm,11,3,14,0.79
PmLn,9,6,15,0.6
PmLs,7,8,15,0.47
PmLt,3,2,5,0.6
PmMB,19,23,42,0.45
PmMD,2,4,6,0.33
PmMH,1,0,1,1.0
PmMK,1,0,1,1.0
PmML,7,6,13,0.54
PmMM,21,23,44,0.48
PmMN,15,25,40,0.38
PmMP,14,22,36,0.39
PmMS,10,20,30,0.33
PmMb,17,11,28,0.61
PmMh,19,15,34,0.56
PmMj,3,2,5,0.6
PmMl,6,10,16,0.38
PmMm,33,23,56,0.59
PmMn,22,23,45,0.49
PmMs,15,18,33,0.45
PmMt,1,2,3,0.33
PmNB,12,9,21,0.57
PmND,4,1,5,0.8
PmNH,6,2,8,0.75
PmNI,1,0,1,1.0
PmNK,1,1,2,0.5
PmNL,6,3,9,0.67
PmNM,19,19,38,0.5
PmNN,22,26,48,0.46
PmNP,28,29,57,0.49
PmNS,12,15,27,0.44
PmNb,11,12,23,0.48
PmNh,2,4,6,0.33
PmNl,3,3,6,0.5
PmNm,20,12,32,0.62
PmNn,23,15,38,0.61
PmNs,16,10,26,0.62
PmNt,4,7,11,0.36
PmPB,16,17,33,0.48
PmPD,2,3,5,0.4
PmPH,3,3,6,0.5
PmPI,2,1,3,0.67
PmPK,0,5,5,0.0
PmPL,6,9,15,0.4
PmPM,12,24,36,0.33
PmPN,17,23,40,0.42
PmPP,32,28,60,0.53
PmPS,12,17,29,0.41
PmPb,17,19,36,0.47
PmPh,1,2,3,0.33
PmPl,7,10,17,0.41
PmPm,20,12,32,0.62
PmPn,13,21,34,0.38
PmPs,12,10,22,0.55
PmPt,3,2,5,0.6
PmSB,13,11,24,0.54
PmSD,8,3,11,0.73
PmSH,6,4,10,0.6
PmSL,5,2,7,0.71
PmSM,11,17,28,0.39
PmSN,11,13,24,0.46
PmSP,9,9,18,0.5
PmSS,9,15,24,0.38
PmSb,7,9,16,0.44
PmSh,2,15,17,0.12
PmSl,8,2,10,0.8
PmSm,15,10,25,0.6
PmSn,6,11,17,0.35
PmSs,9,12,21,0.43
PmSt,1,2,3,0.33
PmbB,16,20,36,0.44
PmbD,3,2,5,0.6
PmbH,4,2,6,0.67
PmbI,2,1,3,0.67
PmbJ,7,6,13,0.54
PmbK,3,0,3,1.0
PmbL,6,9,15,0.4
PmbM,21,14,35,0.6
PmbN,15,14,29,0.52
PmbP,16,16,32,0.5
PmbS,8,5,13,0.62
Pmbb,21,20,41,0.51
Pmbl,7,4,11,0.64
Pmbm,13,16,29,0.45
Pmbn,20,14,34,0.59
Pmbs,8,5,13,0.62
PmhB,1,0,1,1.0
PmhM,0,1,1,0.0
PmhN,0,1,1,0.0
Pmhb,1,0,1,1.0
PmlB,7,6,13,0.54
PmlD,0,1,1,0.0
PmlH,2,3,5,0.4
PmlI,0,1,1,0.0
PmlJ,1,2,3,0.33
PmlL,4,3,7,0.57
PmlM,9,4,13,0.69
PmlN,5,8,13,0.38
PmlP,4,5,9,0.44
PmlS,4,7,11,0.36
Pmlb,4,10,14,0.29
Pmll,2,3,5,0.4
Pmlm,4,5,9,0.44
Pmln,7,4,11,0.64
Pmls,1,3,4,0.25
PmmB,21,17,38,0.55
PmmD,10,10,20,0.5
PmmH,12,13,25,0.48
PmmJ,5,6,11,0.45
PmmL,8,10,18,0.44
PmmM,12,20,32,0.38
PmmN,17,22,39,0.44
PmmP,26,13,39,0.67
PmmS,12,13,25,0.48
Pmmb,16,10,26,0.62
Pmmh,1,1,2,0.5
Pmml,2,6,8,0.25
Pmmm,25,12,37,0.68
Pmmn,26,12,38,0.68
Pmms,8,5,13,0.62
PmnB,6,7,13,0.46
PmnD,1,5,6,0.17
PmnH,7,7,14,0.5
PmnI,2,0,2,1.0
PmnK,1,0,1,1.0
PmnL,2,3,5,0.4
PmnM,13,26,39,0.33
PmnN,13,13,26,0.5
PmnP,20,18,38,0.53
PmnS,12,15,27,0.44
Pmnb,16,11,27,0.59
Pmnl,2,4,6,0.33
Pmnm,17,16,33,0.52
Pmnn,14,16,30,0.47
Pmns,2,6,8,0.25
PmsB,7,6,13,0.54
PmsD,1,2,3,0.33
PmsH,9,11,20,0.45
PmsI,2,0,2,1.0
PmsK,1,1,2,0.5
PmsL,4,2,6,0.67
PmsM,6,13,19,0.32
PmsN,7,11,18,0.39
PmsP,10,10,20,0.5
PmsS,9,12,21,0.43
Pmsb,4,13,17,0.24
Pmsh,2,4,6,0.33
Pmsl,1,1,2,0.5
Pmsm,6,8,14,0.43
Pmsn,7,9,16,0.44
Pmss,7,7,14,0.5
PnBB,15,8,23,0.65
PnBD,1,1,2,0.5
PnBK,1,0,1,1.0
PnBL,6,8,14,0.43
PnBM,10,12,22,0.45
PnBN,10,13,23,0.43
PnBP,20,10,30,0.67
PnBS,7,13,20,0.35
PnBb,7,7,14,0.5
PnBh,1,1,2,0.5
PnBj,1,0,1,1.0
PnBl,3,3,6,0.5
PnBm,12,14,26,0.46
PnBn,12,16,28,0.43
PnBs,8,7,15,0.53
PnBt,5,1,6,0.83
PnDD,2,0,2,1.0
PnDH,3,1,4,0.75
PnDI,0,0,0,
PnDL,2,0,2,1.0
PnDM,0,3,3,0.0
PnDN,1,0,1,1.0
PnDP,3,3,6,0.5
PnDS,4,7,11,0.36
PnDb,3,2,5,0.6
PnDl,0,0,0,
PnDm,4,0,4,1.0
PnDn,1,0,1,1.0
PnDs,1,2,3,0.33
PnDt,0,1,1,0.0
PnHB,2,7,9,0.22
PnHD,1,3,4,0.25
PnHH,1,1,2,0.5
PnHL,0,3,3,0.0
PnHM,5,11,16,0.31
PnHN,7,5,12,0.58
PnHP,14,11,25,0.56
PnHS,7,6,13,0.54
PnHb,7,6,13,0.54
PnHh,6,2,8,0.75
PnHl,3,5,8,0.38
PnHm,16,17,33,0.48
PnHn,6,5,11,0.55
PnHs,8,5,13,0.62
PnHt,0,1,1,0.0
PnIB,3,1,4,0.75
PnIH,4,1,5,0.8
PnII,1,0,1,1.0
PnIK,0,1,1,0.0
PnIL,1,0,1,1.0
PnIM,0,1,1,0.0
PnIN,2,3,5,0.4
PnIP,3,2,5,0.6
PnIS,3,2,5,0.6
PnIb,1,5,6,0.17
PnIm,2,2,4,0.5
PnIn,1,1,2,0.5
PnIs,4,0,4,1.0
PnIt,0,0,0,
PnKB,1,1,2,0.5
PnKD,0,1,1,0.0
PnKM,0,2,2,0.0
PnKN,2,1,3,0.67
PnKP,3,1,4,0.75
PnKS,0,1,1,0.0
PnKb,2,1,3,0.67
PnKh,1,7,8,0.12
PnKl,1,0,1,1.0
PnKm,1,0,1,1.0
PnKn,2,0,2,1.0
PnKs,1,0,1,1.0
PnKt,0,1,1,0.0
PnLB,5,2,7,0.71
PnLD,0,1,1,0.0
PnLK,2,0,2,1.0
PnLL,6,3,9,0.67
PnLM,3,6,9,0.33
PnLN,4,7,11,0.36
PnLP,11,6,17,0.65
PnLS,1,6,7,0.14
PnLb,5,4,9,0.56
PnLh,0,3,3,0.0
PnLj,1,4,5,0.2
PnLl,4,3,7,0.57
PnLm,11,3,14,0.79
PnLn,7,6,13,0.54
PnLs,3,2,5,0.6
PnLt,0,0,0,
PnMB,15,16,31,0.48
PnMD,5,10,15,0.33
PnML,2,3,5,0.4
PnMM,9,16,25,0.36
PnMN,10,10,20,0.5
PnMP,16,18,34,0.47
PnMS,7,7,14,0.5
PnMb,13,13,26,0.5
PnMh,13,10,23,0.57
PnMj,2,0,2,1.0
PnMl,3,6,9,0.33
PnMm,20,11,31,0.65
PnMn,21,13,34,0.62
PnMs,5,18,23,0.22
PnMt,3,3,6,0.5
PnNB,17,7,24,0.71
PnND,1,5,6,0.17
PnNH,1,0,1,1.0
PnNK,0,2,2,0.0
PnNL,6,8,14,0.43
PnNM,17,20,37,0.46
PnNN,19,18,37,0.51
PnNP,28,26,54,0.52
PnNS,18,11,29,0.62
PnNb,15,11,26,0.58
PnNh,1,3,4,0.25
PnNl,3,5,8,0.38
PnNm,21,18,39,0.54
PnNn,26,21,47,0.55
PnNs,19,14,33,0.58
PnNt,2,3,5,0.4
PnPB,21,14,35,0.6
PnPD,4,1,5,0.8
PnPH,4,5,9,0.44
PnPI,2,0,2,1.0
PnPK,1,2,3,0.33
PnPL,13,13,26,0.5
PnPM,16,33,49,0.33
PnPN,22,23,45,0.49
PnPP,24,22,46,0.52
PnPS,18,9,27,0.67
PnPb,22,14,36,0.61
PnPh,3,2,5,0.6
PnPl,9,15,24,0.38
PnPm,26,14,40,0.65
PnPn,18,15,33,0.55
PnPs,14,18,32,0.44
PnPt,2,5,7,0.29
PnSB,7,8,15,0.47
PnSD,2,3,5,0.4
PnSH,3,3,6,0.5
PnSI,0,1,1,0.0
PnSK,1,1,2,0.5
PnSL,5,4,9,0.56
PnSM,14,13,27,0.52
PnSN,8,16,24,0.33
PnSP,15,18,33,0.45
PnSS,14,14,28,0.5
PnSb,11,3,14,0.79
PnSh,7,6,13,0.54
PnSl,4,2,6,0.67
PnSm,14,10,24,0.58
PnSn,10,17,27,0.37
PnSs,13,11,24,0.54
PnSt,1,0,1,1.0
PnbB,16,7,23,0.7
PnbD,2,0,2,1.0
PnbH,1,0,1,1.0
PnbI,4,2,6,0.67
PnbJ,2,3,5,0.4
PnbK,2,0,2,1.0
PnbL,13,4,17,0.76
PnbM,11,17,28,0.39
PnbN,15,11,26,0.58
PnbP,23,23,46,0.5
PnbS,8,4,12,0.67
Pnbb,19,13,32,0.59
Pnbl,7,5,12,0.58
Pnbm,13,10,23,0.57
Pnbn,12,8,20,0.6
Pnbs,4,1,5,0.8
PnhB,1,1,2,0.5
PnhD,0,0,0,
PnhM,0,2,2,0.0
PnhP,1,0,1,1.0
PnhS,1,1,2,0.5
Pnhb,0,2,2,0.0
Pnhh,0,0,0,
Pnhm,1,2,3,0.33
Pnhs,0,1,1,0.0
PnlB,2,1,3,0.67
PnlD,2,1,3,0.67
PnlH,2,3,5,0.4
PnlI,2,2,4,0.5
PnlJ,2,0,2,1.0
PnlK,0,0,0,
PnlL,6,3,9,0.67
PnlM,5,9,14,0.36
PnlN,5,6,11,0.45
PnlP,9,4,13,0.69
PnlS,0,2,2,0.0
Pnlb,4,3,7,0.57
Pnll,0,2,2,0.0
Pnlm,4,4,8,0.5
Pnln,3,4,7,0.43
Pnls,2,2,4,0.5
PnmB,18,10,28,0.64
PnmD,1,2,3,0.33
PnmH,8,17,25,0.32
PnmI,2,0,2,1.0
PnmJ,4,3,7,0.57
PnmK,0,0,0,
PnmL,1,8,9,0.11
PnmM,12,16,28,0.43
PnmN,16,17,33,0.48
PnmP,17,19,36,0.47
PnmS,8,9,17,0.47
Pnmb,21,13,34,0.62
Pnml,9,4,13,0.69
Pnmm,10,8,18,0.56
Pnmn,11,10,21,0.52
Pnms,5,7,12,0.42
PnnB,11,15,26,0.42
PnnD,5,3,8,0.62
PnnH,5,3,8,0.62
PnnI,4,0,4,1.0
PnnK,1,1,2,0.5
PnnL,7,1,8,0.88
PnnM,11,18,29,0.38
PnnN,16,24,40,0.4
PnnP,24,18,42,0.57
PnnS,15,12,27,0.56
Pnnb,16,12,28,0.57
Pnnl,6,7,13,0.46
Pnnm,13,10,23,0.57
Pnnn,12,21,33,0.36
Pnns,11,10,21,0.52
PnsB,5,8,13,0.38
PnsD,2,0,2,1.0
PnsH,8,7,15,0.53
PnsI,1,3,4,0.25
PnsL,3,3,6,0.5
PnsM,9,17,26,0.35
PnsN,10,12,22,0.45
PnsP,8,12,20,0.4
PnsS,8,15,23,0.35
Pnsb,6,12,18,0.33
Pnsl,2,6,8,0.25
Pnsm,13,12,25,0.52
Pnsn,14,12,26,0.54
Pnss,10,8,18,0.56
PntB,2,0,2,1.0
PntM,0,1,1,0.0
PntN,1,0,1,1.0
PntP,1,0,1,1.0
PsBB,6,5,11,0.55
PsBD,5,2,7,0.71
PsBK,1,1,2,0.5
PsBL,3,2,5,0.6
PsBM,9,7,16,0.56
PsBN,6,11,17,0.35
PsBP,10,11,21,0.48
PsBS,3,4,7,0.43
PsBb,6,6,12,0.5
PsBh,1,1,2,0.5
PsBj,1,1,2,0.5
PsBl,2,2,4,0.5
PsBm,13,11,24,0.54
PsBn,8,11,19,0.42
PsBs,2,1,3,0.67
PsBt,1,1,2,0.5
PsDB,1,4,5,0.2
PsDD,3,0,3,1.0
PsDH,1,2,3,0.33
PsDL,1,0,1,1.0
PsDM,3,2,5,0.6
PsDN,3,1,4,0.75
PsDP,2,2,4,0.5
PsDS,0,1,1,0.0
PsDb,4,1,5,0.8
PsDl,1,2,3,0.33
PsDm,3,2,5,0.6
PsDn,0,2,2,0.0
PsDs,6,5,11,0.55
PsHB,6,12,18,0.33
PsHD,3,5,8,0.38
PsHH,2,2,4,0.5
PsHI,2,0,2,1.0
PsHK,0,2,2,0.0
PsHL,7,3,10,0.7
PsHM,7,12,19,0.37
PsHN,8,13,21,0.38
PsHP,7,11,18,0.39
PsHS,12,7,19,0.63
PsHb,7,6,13,0.54
PsHh,5,6,11,0.45
PsHl,1,1,2,0.5
PsHm,6,6,12,0.5
PsHn,7,8,15,0.47
PsHs,8,3,11,0.73
PsHt,0,1,1,0.0
PsIB,1,1,2,0.5
PsID,0,0,0,
PsIH,2,0,2,1.0
PsIL,3,0,3,1.0
PsIM,4,2,6,0.67
PsIN,3,1,4,0.75
PsIP,2,1,3,0.67
PsIS,1,1,2,0.5
PsIb,1,1,2,0.5
PsIl,1,0,1,1.0
PsIm,1,1,2,0.5
PsIn,0,1,1,0.0
PsIs,2,0,2,1.0
PsKM,0,1,1,0.0
PsLB,0,3,3,0.0
PsLD,0,1,1,0.0
PsLI,0,1,1,0.0
PsLK,1,0,1,1.0
PsLL,0,4,4,0.0
PsLM,5,6,11,0.45
PsLN,2,2,4,0.5
PsLP,3,5,8,0.38
PsLS,5,9,14,0.36
PsLb,3,1,4,0.75
PsLh,5,2,7,0.71
PsLj,0,1,1,0.0
PsLl,1,1,2,0.5
PsLm,7,6,13,0.54
PsLn,7,2,9,0.78
PsLs,1,4,5,0.2
PsLt,1,0,1,1.0
PsMB,10,8,18,0.56
PsMD,2,3,5,0.4
PsMH,0,1,1,0.0
PsML,2,7,9,0.22
PsMM,4,10,14,0.29
PsMN,6,7,13,0.46
PsMP,10,17,27,0.37
PsMS,6,7,13,0.46
PsMb,11,11,22,0.5
PsMh,4,8,12,0.33
PsMj,3,2,5,0.6
PsMl,3,7,10,0.3
PsMm,12,9,21,0.57
PsMn,11,12,23,0.48
PsMs,4,8,12,0.33
PsMt,4,3,7,0.57
PsNB,11,7,18,0.61
PsND,1,4,5,0.2
PsNH,3,1,4,0.75
PsNK,1,3,4,0.25
PsNL,4,4,8,0.5
PsNM,12,6,18,0.67
PsNN,11,17,28,0.39
PsNP,16,11,27,0.59
PsNS,8,8,16,0.5
PsNb,9,11,20,0.45
PsNh,3,4,7,0.43
PsNl,5,6,11,0.45
PsNm,14,6,20,0.7
PsNn,11,15,26,0.42
PsNs,6,10,16,0.38
PsNt,1,3,4,0.25
PsPB,12,8,20,0.6
PsPD,0,2,2,0.0
PsPH,2,5,7,0.29
PsPI,0,3,3,0.0
PsPK,3,1,4,0.75
PsPL,6,11,17,0.35
PsPM,7,20,27,0.26
PsPN,10,15,25,0.4
PsPP,14,23,37,0.38
PsPS,6,5,11,0.55
PsPb,12,9,21,0.57
PsPh,0,4,4,0.0
PsPl,8,6,14,0.57
PsPm,17,13,30,0.57
PsPn,14,19,33,0.42
PsPs,21,13,34,0.62
PsPt,2,0,2,1.0
PsSB,10,4,14,0.71
PsSD,5,4,9,0.56
PsSH,1,3,4,0.25
PsSI,1,0,1,1.0
PsSL,3,6,9,0.33
PsSM,8,13,21,0.38
PsSN,6,11,17,0.35
PsSP,8,21,29,0.28
PsSS,7,17,24,0.29
PsSb,5,5,10,0.5
PsSh,6,6,12,0.5
PsSl,3,6,9,0.33
PsSm,17,13,30,0.57
PsSn,6,14,20,0.3
PsSs,12,15,27,0.44
PsSt,0,3,3,0.0
PsbB,6,9,15,0.4
PsbD,1,0,1,1.0
PsbH,1,2,3,0.33
PsbI,1,0,1,1.0
PsbJ,4,2,6,0.67
PsbK,2,1,3,0.67
PsbL,6,3,9,0.67
PsbM,4,7,11,0.36
PsbN,9,13,22,0.41
PsbP,10,14,24,0.42
PsbS,2,4,6,0.33
Psbb,10,7,17,0.59
Psbl,4,2,6,0.67
Psbm,11,6,17,0.65
Psbn,4,10,14,0.29
Psbs,2,4,6,0.33
PshB,1,0,1,1.0
PshH,0,0,0,
PshM,2,2,4,0.5
PshN,2,0,2,1.0
PshP,0,0,0,
PshS,0,1,1,0.0
Pshb,1,0,1,1.0
Pshl,1,0,1,1.0
Pshm,4,1,5,0.8
Pshn,0,1,1,0.0
PslB,2,3,5,0.4
PslD,1,0,1,1.0
PslH,0,1,1,0.0
PslI,1,0,1,1.0
PslJ,4,1,5,0.8
PslL,3,4,7,0.43
PslM,3,7,10,0.3
PslN,9,4,13,0.69
PslP,4,4,8,0.5
PslS,2,2,4,0.5
Pslb,6,7,13,0.46
Psll,0,3,3,0.0
Pslm,7,1,8,0.88
Psln,3,4,7,0.43
Psls,4,3,7,0.57
PsmB,11,13,24,0.46
PsmD,4,2,6,0.67
PsmH,8,6,14,0.57
PsmI,1,1,2,0.5
PsmJ,1,3,4,0.25
PsmL,9,5,14,0.64
PsmM,10,7,17,0.59
PsmN,5,18,23,0.22
PsmP,14,12,26,0.54
PsmS,9,13,22,0.41
Psmb,15,5,20,0.75
Psmh,0,1,1,0.0
Psml,1,3,4,0.25
Psmm,18,10,28,0.64
Psmn,7,7,14,0.5
Psms,4,6,10,0.4
PsnB,5,6,11,0.45
PsnD,2,0,2,1.0
PsnH,1,6,7,0.14
PsnI,5,0,5,1.0
PsnK,0,1,1,0.0
PsnL,4,2,6,0.67
PsnM,6,8,14,0.43
PsnN,15,8,23,0.65
PsnP,14,12,26,0.54
PsnS,14,7,21,0.67
Psnb,7,8,15,0.47
Psnl,1,4,5,0.2
Psnm,3,11,14,0.21
Psnn,9,7,16,0.56
Psns,3,6,9,0.33
PssB,9,4,13,0.69
PssD,5,0,5,1.0
PssH,4,5,9,0.44
PssI,1,1,2,0.5
PssL,4,1,5,0.8
PssM,5,9,14,0.36
PssN,10,9,19,0.53
PssP,5,17,22,0.23
PssS,17,9,26,0.65
Pssb,10,6,16,0.62
Pssh,0,1,1,0.0
Pssl,5,2,7,0.71
Pssm,8,10,18,0.44
Pssn,5,6,11,0.45
Psss,12,8,20,0.6
PstP,1,1,2,0.5
Pstl,1,0,1,1.0
Pstm,1,0,1,1.0
PtBB,0,1,1,0.0
PtBL,0,1,1,0.0
PtBM,1,3,4,0.25
PtBN,0,1,1,0.0
PtBP,2,0,2,1.0
PtBb,1,3,4,0.25
PtBl,1,0,1,1.0
PtBm,3,0,3,1.0
PtBn,2,0,2,1.0
PtBs,0,0,0,
PtDH,1,1,2,0.5
PtDM,0,1,1,0.0
PtDP,0,0,0,
PtDS,1,0,1,1.0
PtDm,0,1,1,0.0
PtDn,2,0,2,1.0
PtDs,0,1,1,0.0
PtHB,1,0,1,1.0
PtHD,1,1,2,0.5
PtHI,2,1,3,0.67
PtHM,3,2,5,0.6
PtHN,1,2,3,0.33
PtHP,1,1,2,0.5
PtHS,0,1,1,0.0
PtHh,0,1,1,0.0
PtHl,1,2,3,0.33
PtHm,0,2,2,0.0
PtHn,0,4,4,0.0
PtHs,0,1,1,0.0
PtIS,0,1,1,0.0
PtIm,1,0,1,1.0
PtKM,1,1,2,0.5
PtKP,1,0,1,1.0
PtKl,1,0,1,1.0
PtKm,0,1,1,0.0
PtKs,1,0,1,1.0
PtLB,2,0,2,1.0
PtLL,1,0,1,1.0
PtLM,0,1,1,0.0
PtLN,0,1,1,0.0
PtLP,1,1,2,0.5
PtLb,1,0,1,1.0
PtLl,2,2,4,0.5
PtLm,1,0,1,1.0
PtLn,3,0,3,1.0
PtMB,1,4,5,0.2
PtMD,0,1,1,0.0
PtML,1,0,1,1.0
PtMM,0,1,1,0.0
PtMN,1,1,2,0.5
PtMP,1,1,2,0.5
PtMS,3,1,4,0.75
PtMb,4,0,4,1.0
PtMh,2,0,2,1.0
PtMj,1,0,1,1.0
PtMl,3,3,6,0.5
PtMm,1,3,4,0.25
PtMn,1,1,2,0.5
PtMs,2,1,3,0.67
PtMt,1,1,2,0.5
PtNB,2,1,3,0.67
PtNH,0,1,1,0.0
PtNL,0,0,0,
PtNM,0,2,2,0.0
PtNN,0,1,1,0.0
PtNP,2,0,2,1.0
PtNS,1,0,1,1.0
PtNb,0,1,1,0.0
PtNm,1,2,3,0.33
PtNn,1,1,2,0.5
PtNs,1,2,3,0.33
PtPB,1,1,2,0.5
PtPH,0,0,0,
PtPL,0,1,1,0.0
PtPM,0,4,4,0.0
PtPN,1,1,2,0.5
PtPP,2,3,5,0.4
PtPS,2,1,3,0.67
PtPb,5,3,8,0.62
PtPh,1,2,3,0.33
PtPl,3,1,4,0.75
PtPm,7,7,14,0.5
PtPn,0,3,3,0.0
PtPs,2,0,2,1.0
PtSB,0,1,1,0.0
PtSD,2,0,2,1.0
PtSH,0,2,2,0.0
PtSL,0,1,1,0.0
PtSM,0,0,0,
PtSN,2,0,2,1.0
PtSP,1,1,2,0.5
PtSS,2,3,5,0.4
PtSb,2,1,3,0.67
PtSh,1,0,1,1.0
PtSl,0,0,0,
PtSm,1,1,2,0.5
PtSn,1,0,1,1.0
PtSs,2,1,3,0.67
PtSt,1,0,1,1.0
PtbB,3,1,4,0.75
PtbH,3,0,3,1.0
PtbI,0,1,1,0.0
PtbJ,1,1,2,0.5
PtbL,2,1,3,0.67
PtbM,3,2,5,0.6
PtbN,2,0,2,1.0
PtbP,2,1,3,0.67
PtbS,1,1,2,0.5
Ptbb,1,0,1,1.0
Ptbm,3,0,3,1.0
Ptbn,0,2,2,0.0
Ptbs,1,1,2,0.5
PthP,0,1,1,0.0
PtlB,0,0,0,
PtlH,1,0,1,1.0
PtlK,0,0,0,
PtlL,0,1,1,0.0
PtlM,0,1,1,0.0
PtlN,1,0,1,1.0
PtlP,2,1,3,0.67
PtlS,1,1,2,0.5
Ptlb,1,0,1,1.0
Ptll,0,1,1,0.0
Ptlm,0,3,3,0.0
Ptln,0,0,0,
Ptls,0,0,0,
PtmB,1,1,2,0.5
PtmD,0,1,1,0.0
PtmH,3,1,4,0.75
PtmJ,3,0,3,1.0
PtmL,1,1,2,0.5
PtmM,2,3,5,0.4
PtmN,1,2,3,0.33
PtmP,2,5,7,0.29
PtmS,1,4,5,0.2
Ptmb,5,2,7,0.71
Ptml,0,1,1,0.0
Ptmm,4,2,6,0.67
Ptmn,1,0,1,1.0
PtnB,2,1,3,0.67
PtnD,0,1,1,0.0
PtnH,0,2,2,0.0
PtnI,1,0,1,1.0
PtnM,1,1,2,0.5
PtnN,2,1,3,0.67
PtnP,0,0,0,
PtnS,0,2,2,0.0
Ptnb,0,2,2,0.0
Ptnh,1,0,1,1.0
Ptnm,3,1,4,0.75
Ptnn,3,2,5,0.6
Ptns,2,3,5,0.4
PtsB,1,0,1,1.0
PtsH,2,0,2,1.0
PtsM,1,4,5,0.2
PtsN,1,1,2,0.5
PtsP,2,1,3,0.67
PtsS,3,1,4,0.75
Ptsb,2,0,2,1.0
Ptsl,0,0,0,
Ptsm,1,1,2,0.5
Ptss,1,0,1,1.0
PttL,1,0,1,1.0
PttM,1,0,1,1.0
PttN,1,0,1,1.0
PttS,1,0,1,1.0
Pttn,1,0,1,1.0
Pttt,1,0,1,1.0
SBBB,5,10,15,0.33
SBBD,0,2,2,0.0
SBBK,2,1,3,0.67
SBBL,6,1,7,0.86
SBBM,9,12,21,0.43
SBBN,9,4,13,0.69
SBBP,12,5,17,0.71
SBBS,6,8,14,0.43
SBBb,4,5,9,0.44
SBBh,1,2,3,0.33
SBBj,0,2,2,0.0
SBBl,3,4,7,0.43
SBBm,9,9,18,0.5
SBBn,9,10,19,0.47
SBBs,4,3,7,0.57
SBBt,2,2,4,0.5
SBDB,3,0,3,1.0
SBDD,0,2,2,0.0
SBDH,1,3,4,0.25
SBDI,1,0,1,1.0
SBDL,1,0,1,1.0
SBDM,1,1,2,0.5
SBDN,1,1,2,0.5
SBDP,2,2,4,0.5
SBDS,2,1,3,0.67
SBDb,2,1,3,0.67
SBDl,2,0,2,1.0
SBDm,3,2,5,0.6
SBDn,1,0,1,1.0
SBDt,1,0,1,1.0
SBHL,1,0,1,1.0
SBIs,0,1,1,0.0
SBKB,1,1,2,0.5
SBKD,0,0,0,
SBKI,1,0,1,1.0
SBKL,1,0,1,1.0
SBKM,1,0,1,1.0
SBKP,0,1,1,0.0
SBKS,2,0,2,1.0
SBKb,1,1,2,0.5
SBKh,0,2,2,0.0
SBKl,1,0,1,1.0
SBKm,1,1,2,0.5
SBKn,2,0,2,1.0
SBKs,1,1,2,0.5
SBLB,1,1,2,0.5
SBLD,0,1,1,0.0
SBLK,0,1,1,0.0
SBLL,0,1,1,0.0
SBLM,0,2,2,0.0
SBLN,2,2,4,0.5
SBLP,3,4,7,0.43
SBLS,0,3,3,0.0
SBLb,1,0,1,1.0
SBLh,0,1,1,0.0
SBLj,1,0,1,1.0
SBLm,5,1,6,0.83
SBLn,1,5,6,0.17
SBLs,3,2,5,0.6
SBMB,5,7,12,0.42
SBMD,1,2,3,0.33
SBMI,1,0,1,1.0
SBMK,0,1,1,0.0
SBML,0,2,2,0.0
SBMM,5,6,11,0.45
SBMN,4,6,10,0.4
SBMP,6,7,13,0.46
SBMS,7,4,11,0.64
SBMb,8,4,12,0.67
SBMh,5,4,9,0.56
SBMj,3,2,5,0.6
SBMl,2,3,5,0.4
SBMm,8,13,21,0.38
SBMn,7,4,11,0.64
SBMs,2,1,3,0.67
SBMt,2,0,2,1.0
SBNB,4,11,15,0.27
SBND,0,1,1,0.0
SBNH,0,1,1,0.0
SBNK,1,1,2,0.5
SBNL,3,1,4,0.75
SBNM,5,6,11,0.45
SBNN,13,7,20,0.65
SBNP,11,11,22,0.5
SBNS,5,10,15,0.33
SBNb,4,7,11,0.36
SBNh,3,8,11,0.27
SBNl,2,0,2,1.0
SBNm,7,11,18,0.39
SBNn,10,11,21,0.48
SBNs,7,6,13,0.54
SBNt,2,1,3,0.67
SBPB,9,13,22,0.41
SBPD,4,0,4,1.0
SBPH,1,1,2,0.5
SBPI,0,1,1,0.0
SBPK,0,1,1,0.0
SBPL,3,3,6,0.5
SBPM,6,8,14,0.43
SBPN,5,18,23,0.22
SBPP,18,10,28,0.64
SBPS,8,5,13,0.62
SBPb,6,8,14,0.43
SBPh,1,0,1,1.0
SBPl,6,3,9,0.67
SBPm,12,11,23,0.52
SBPn,12,10,22,0.55
SBPs,4,6,10,0.4
SBPt,1,1,2,0.5
SBSB,2,4,6,0.33
SBSD,1,2,3,0.33
SBSH,1,2,3,0.33
SBSI,0,1,1,0.0
SBSL,3,1,4,0.75
SBSM,5,10,15,0.33
SBSN,3,6,9,0.33
SBSP,3,6,9,0.33
SBSS,9,10,19,0.47
SBSb,6,5,11,0.55
SBSh,1,3,4,0.25
SBSl,1,0,1,1.0
SBSm,9,4,13,0.69
SBSn,6,2,8,0.75
SBSs,5,5,10,0.5
SBSt,0,2,2,0.0
SBbB,6,4,10,0.6
SBbD,0,1,1,0.0
SBbH,0,3,3,0.0
SBbJ,0,4,4,0.0
SBbL,4,4,8,0.5
SBbM,8,10,18,0.44
SBbN,8,4,12,0.67
SBbP,15,5,20,0.75
SBbS,2,3,5,0.4
SBbb,6,1,7,0.86
SBbl,1,3,4,0.25
SBbm,9,9,18,0.5
SBbn,11,9,20,0.55
SBbs,4,3,7,0.57
SBhB,1,0,1,1.0
SBhD,0,0,0,
SBhL,0,2,2,0.0
SBhM,0,1,1,0.0
SBhN,3,1,4,0.75
SBhP,0,1,1,0.0
SBhS,2,0,2,1.0
SBhb,2,0,2,1.0
SBhh,1,0,1,1.0
SBhm,1,2,3,0.33
SBhn,1,2,3,0.33
SBhs,1,0,1,1.0
SBjB,0,2,2,0.0
SBjH,1,0,1,1.0
SBjI,2,0,2,1.0
SBjL,0,1,1,0.0
SBjM,2,5,7,0.29
SBjN,2,2,4,0.5
SBjP,4,1,5,0.8
SBjS,1,3,4,0.25
SBjb,1,2,3,0.33
SBjh,0,1,1,0.0
SBjl,1,1,2,0.5
SBjm,0,2,2,0.0
SBjn,0,1,1,0.0
SBjs,1,3,4,0.25
SBlB,3,0,3,1.0
SBlH,0,1,1,0.0
SBlJ,0,0,0,
SBlK,0,0,0,
SBlL,0,2,2,0.0
SBlM,1,2,3,0.33
SBlN,2,3,5,0.4
SBlP,6,2,8,0.75
SBlS,4,1,5,0.8
SBlb,2,6,8,0.25
SBll,0,1,1,0.0
SBlm,3,4,7,0.43
SBln,1,2,3,0.33
SBls,1,3,4,0.25
SBmB,6,5,11,0.55
SBmD,3,2,5,0.6
SBmH,3,6,9,0.33
SBmI,2,0,2,1.0
SBmJ,0,2,2,0.0
SBmL,2,6,8,0.25
SBmM,9,7,16,0.56
SBmN,18,4,22,0.82
SBmP,12,8,20,0.6
SBmS,8,5,13,0.62
SBmb,9,6,15,0.6
SBml,1,0,1,1.0
SBmm,9,5,14,0.64
SBmn,6,8,14,0.43
SBms,5,4,9,0.56
SBnB,7,12,19,0.37
SBnD,1,4,5,0.2
SBnH,2,2,4,0.5
SBnI,2,0,2,1.0
SBnK,0,2,2,0.0
SBnL,3,4,7,0.43
SBnM,8,9,17,0.47
SBnN,13,14,27,0.48
SBnP,14,16,30,0.47
SBnS,8,10,18,0.44
SBnb,2,8,10,0.2
SBnh,2,1,3,0.67
SBnl,1,3,4,0.25
SBnm,12,4,16,0.75
SBnn,10,9,19,0.53
SBns,10,10,20,0.5
SBsB,3,2,5,0.6
SBsD,0,1,1,0.0
SBsH,1,2,3,0.33
SBsI,0,1,1,0.0
SBsL,2,1,3,0.67
SBsM,3,3,6,0.5
SBsN,4,4,8,0.5
SBsP,4,6,10,0.4
SBsS,9,3,12,0.75
SBsb,3,3,6,0.5
SBsl,3,0,3,1.0
SBsm,2,4,6,0.33
SBsn,3,5,8,0.38
SBss,3,3,6,0.5
SBtD,0,1,1,0.0
SBtH,2,1,3,0.67
SBtK,1,0,1,1.0
SBtL,0,1,1,0.0
SBtN,4,1,5,0.8
SBtP,1,2,3,0.33
SBtS,2,0,2,1.0
SBtb,3,1,4,0.75
SBtl,1,1,2,0.5
SBtm,2,3,5,0.4
SBtn,2,2,4,0.5
SBts,0,0,0,
SBtt,0,1,1,0.0
SDBB,1,1,2,0.5
SDBD,1,0,1,1.0
SDBK,0,1,1,0.0
SDBL,1,0,1,1.0
SDBM,1,2,3,0.33
SDBN,2,1,3,0.67
SDBP,3,1,4,0.75
SDBS,0,3,3,0.0
SDBb,3,0,3,1.0
SDBj,2,1,3,0.67
SDBm,2,1,3,0.67
SDBn,2,1,3,0.67
SDBs,0,1,1,0.0
SDBt,0,1,1,0.0
SDDB,2,1,3,0.67
SDDD,5,0,5,1.0
SDDH,0,3,3,0.0
SDDM,0,3,3,0.0
SDDP,0,0,0,
SDDS,1,2,3,0.33
SDDb,0,2,2,0.0
SDDl,0,1,1,0.0
SDDm,3,3,6,0.5
SDDn,0,2,2,0.0
SDDs,0,1,1,0.0
SDHB,0,1,1,0.0
SDHD,0,1,1,0.0
SDHH,1,0,1,1.0
SDHL,1,1,2,0.5
SDHM,0,3,3,0.0
SDHN,1,4,5,0.2
SDHP,1,3,4,0.25
SDHS,2,0,2,1.0
SDHb,1,2,3,0.33
SDHh,2,0,2,1.0
SDHl,1,1,2,0.5
SDHm,5,0,5,1.0
SDHn,1,1,2,0.5
SDHs,0,3,3,0.0
SDID,0,0,0,
SDIM,0,1,1,0.0
SDIS,1,1,2,0.5
SDIm,1,0,1,1.0
SDKD,1,0,1,1.0
SDLB,0,1,1,0.0
SDLD,1,0,1,1.0
SDLK,0,2,2,0.0
SDLL,0,0,0,
SDLM,2,1,3,0.67
SDLN,0,1,1,0.0
SDLP,0,0,0,
SDLb,1,1,2,0.5
SDLn,1,1,2,0.5
SDMB,2,5,7,0.29
SDMD,3,0,3,1.0
SDMH,0,1,1,0.0
SDML,1,0,1,1.0
SDMM,3,6,9,0.33
SDMN,0,0,0,
SDMP,5,3,8,0.62
SDMS,5,4,9,0.56
SDMb,7,1,8,0.88
SDMh,2,3,5,0.4
SDMj,0,1,1,0.0
SDMm,6,3,9,0.67
SDMn,3,1,4,0.75
SDMs,2,2,4,0.5
SDNB,0,3,3,0.0
SDND,1,0,1,1.0
SDNK,0,1,1,0.0
SDNL,1,0,1,1.0
SDNM,2,3,5,0.4
SDNN,4,2,6,0.67
SDNP,1,4,5,0.2
SDNS,2,3,5,0.4
SDNb,0,2,2,0.0
SDNh,0,1,1,0.0
SDNl,1,0,1,1.0
SDNm,2,3,5,0.4
SDNn,2,3,5,0.4
SDNs,2,1,3,0.67
SDPB,4,2,6,0.67
SDPD,1,1,2,0.5
SDPH,0,1,1,0.0
SDPK,2,1,3,0.67
SDPL,1,2,3,0.33
SDPM,2,8,10,0.2
SDPN,1,1,2,0.5
SDPP,1,2,3,0.33
SDPS,1,2,3,0.33
SDPb,2,2,4,0.5
SDPl,2,0,2,1.0
SDPm,5,5,10,0.5
SDPn,1,0,1,1.0
SDPs,2,0,2,1.0
SDPt,0,1,1,0.0
SDSB,1,1,2,0.5
SDSD,3,0,3,1.0
SDSH,0,1,1,0.0
SDSI,1,1,2,0.5
SDSK,0,0,0,
SDSL,3,2,5,0.6
SDSM,4,2,6,0.67
SDSN,3,4,7,0.43
SDSP,5,1,6,0.83
SDSS,6,6,12,0.5
SDSb,4,1,5,0.8
SDSh,0,1,1,0.0
SDSl,1,1,2,0.5
SDSm,4,1,5,0.8
SDSn,2,1,3,0.67
SDSs,2,4,6,0.33
SDSt,0,1,1,0.0
SDbB,1,1,2,0.5
SDbH,1,0,1,1.0
SDbJ,4,0,4,1.0
SDbL,0,1,1,0.0
SDbM,3,1,4,0.75
SDbN,2,1,3,0.67
SDbP,2,0,2,1.0
SDbS,3,2,5,0.6
SDbb,0,2,2,0.0
SDbl,0,0,0,
SDbm,2,2,4,0.5
SDbn,2,1,3,0.67
SDbs,1,1,2,0.5
SDhM,1,0,1,1.0
SDhN,1,1,2,0.5
SDhP,0,0,0,
SDhS,1,0,1,1.0
SDhn,1,0,1,1.0
SDhs,0,0,0,
SDlB,0,1,1,0.0
SDlK,0,0,0,
SDlL,1,0,1,1.0
SDlM,1,0,1,1.0
SDlN,1,1,2,0.5
SDlS,1,0,1,1.0
SDlb,0,1,1,0.0
SDlm,2,0,2,1.0
SDln,0,1,1,0.0
SDls,1,1,2,0.5
SDmB,3,4,7,0.43
SDmD,1,0,1,1.0
SDmH,2,1,3,0.67
SDmL,0,1,1,0.0
SDmM,3,3,6,0.5
SDmN,0,7,7,0.0
SDmP,2,5,7,0.29
SDmS,2,1,3,0.67
SDmb,5,2,7,0.71
SDmh,0,2,2,0.0
SDml,2,1,3,0.67
SDmm,3,4,7,0.43
SDmn,3,0,3,1.0
SDms,3,2,5,0.6
SDnB,1,3,4,0.25
SDnH,0,1,1,0.0
SDnI,0,1,1,0.0
SDnK,0,1,1,0.0
SDnM,3,2,5,0.6
SDnN,1,4,5,0.2
SDnP,1,4,5,0.2
SDnS,2,2,4,0.5
SDnb,2,2,4,0.5
SDnl,1,0,1,1.0
SDnm,3,1,4,0.75
SDnn,0,1,1,0.0
SDns,0,0,0,
SDsB,0,1,1,0.0
SDsD,0,2,2,0.0
SDsH,4,0,4,1.0
SDsK,0,1,1,0.0
SDsL,0,1,1,0.0
SDsM,4,3,7,0.57
SDsN,1,3,4,0.25
SDsP,2,2,4,0.5
SDsS,1,0,1,1.0
SDsb,2,3,5,0.4
SDsl,0,1,1,0.0
SDsm,2,5,7,0.29
SDsn,1,1,2,0.5
SDss,3,2,5,0.6
SDtH,0,1,1,0.0
SDtL,0,1,1,0.0
SDtP,0,1,1,0.0
SDtS,0,0,0,
SDtm,1,0,1,1.0
SDtn,1,0,1,1.0
SHBB,2,3,5,0.4
SHBD,1,0,1,1.0
SHBL,0,0,0,
SHBM,3,6,9,0.33
SHBN,4,4,8,0.5
SHBP,1,1,2,0.5
SHBS,0,2,2,0.0
SHBb,2,1,3,0.67
SHBh,0,1,1,0.0
SHBj,2,1,3,0.67
SHBl,2,1,3,0.67
SHBm,3,2,5,0.6
SHBn,3,3,6,0.5
SHBs,1,1,2,0.5
SHBt,0,1,1,0.0
SHDB,1,0,1,1.0
SHDD,2,0,2,1.0
SHDH,1,1,2,0.5
SHDI,0,0,0,
SHDM,1,0,1,1.0
SHDN,0,1,1,0.0
SHDP,1,2,3,0.33
SHDS,1,2,3,0.33
SHDb,0,2,2,0.0
SHDh,0,1,1,0.0
SHDm,0,2,2,0.0
SHDn,1,0,1,1.0
SHDs,1,1,2,0.5
SHHB,1,0,1,1.0
SHHD,1,1,2,0.5
SHHH,0,0,0,
SHHK,0,0,0,
SHHM,1,0,1,1.0
SHHN,1,1,2,0.5
SHHP,1,2,3,0.33
SHHS,2,0,2,1.0
SHHb,0,1,1,0.0
SHHh,0,0,0,
SHHl,1,0,1,1.0
SHHm,2,1,3,0.67
SHHn,0,0,0,
SHHs,2,2,4,0.5
SHIB,1,2,3,0.33
SHID,1,0,1,1.0
SHIH,0,1,1,0.0
SHIL,1,0,1,1.0
SHIM,0,1,1,0.0
SHIN,0,0,0,
SHIP,2,1,3,0.67
SHIS,1,1,2,0.5
SHIb,1,0,1,1.0
SHIm,2,1,3,0.67
SHIn,1,2,3,0.33
SHIs,1,1,2,0.5
SHKM,0,1,1,0.0
SHKP,0,0,0,
SHKS,0,1,1,0.0
SHKb,0,1,1,0.0
SHKh,0,0,0,
SHKm,0,1,1,0.0
SHKs,1,0,1,1.0
SHKt,0,0,0,
SHLB,2,0,2,1.0
SHLD,1,0,1,1.0
SHLL,1,0,1,1.0
SHLM,0,0,0,
SHLN,0,0,0,
SHLP,1,3,4,0.25
SHLS,0,1,1,0.0
SHLb,0,1,1,0.0
SHLh,0,1,1,0.0
SHLl,2,0,2,1.0
SHLm,1,1,2,0.5
SHLn,1,1,2,0.5
SHLs,2,0,2,1.0
SHMB,7,2,9,0.78
SHMD,0,1,1,0.0
SHMH,0,1,1,0.0
SHML,0,0,0,
SHMM,6,6,12,0.5
SHMN,4,4,8,0.5
SHMP,3,7,10,0.3
SHMS,4,6,10,0.4
SHMb,2,3,5,0.4
SHMh,6,2,8,0.75
SHMj,0,1,1,0.0
SHMl,2,2,4,0.5
SHMm,6,6,12,0.5
SHMn,5,6,11,0.45
SHMs,2,2,4,0.5
SHMt,1,0,1,1.0
SHNB,0,4,4,0.0
SHND,3,0,3,1.0
SHNH,0,1,1,0.0
SHNK,1,0,1,1.0
SHNL,4,1,5,0.8
SHNM,4,2,6,0.67
SHNN,4,4,8,0.5
SHNP,4,6,10,0.4
SHNS,2,3,5,0.4
SHNb,5,0,5,1.0
SHNh,0,1,1,0.0
SHNl,0,2,2,0.0
SHNm,5,2,7,0.71
SHNn,2,6,8,0.25
SHNs,1,2,3,0.33
SHNt,1,0,1,1.0
SHPB,3,4,7,0.43
SHPD,0,1,1,0.0
SHPH,0,0,0,
SHPI,1,0,1,1.0
SHPL,1,2,3,0.33
SHPM,4,3,7,0.57
SHPN,4,5,9,0.44
SHPP,4,6,10,0.4
SHPS,2,7,9,0.22
SHPb,2,2,4,0.5
SHPl,2,1,3,0.67
SHPm,2,7,9,0.22
SHPn,5,2,7,0.71
SHPs,5,4,9,0.56
SHSB,7,7,14,0.5
SHSD,0,1,1,0.0
SHSH,3,4,7,0.43
SHSK,1,0,1,1.0
SHSL,1,0,1,1.0
SHSM,1,8,9,0.11
SHSN,6,2,8,0.75
SHSP,2,2,4,0.5
SHSS,8,13,21,0.38
SHSb,3,3,6,0.5
SHSh,2,1,3,0.67
SHSl,1,0,1,1.0
SHSm,15,3,18,0.83
SHSn,3,3,6,0.5
SHSs,6,3,9,0.67
SHSt,1,0,1,1.0
SHbB,3,4,7,0.43
SHbD,1,0,1,1.0
SHbH,0,1,1,0.0
SHbI,1,0,1,1.0
SHbJ,2,1,3,0.67
SHbK,1,1,2,0.5
SHbL,3,1,4,0.75
SHbM,2,1,3,0.67
SHbN,7,1,8,0.88
SHbP,2,3,5,0.4
SHbS,5,4,9,0.56
SHbb,2,3,5,0.4
SHbl,3,1,4,0.75
SHbm,4,2,6,0.67
SHbn,3,0,3,1.0
SHbs,2,1,3,0.67
SHhB,2,1,3,0.67
SHhD,0,0,0,
SHhL,1,1,2,0.5
SHhM,1,3,4,0.25
SHhN,1,2,3,0.33
SHhP,2,1,3,0.67
SHhS,4,1,5,0.8
SHhb,3,1,4,0.75
SHhh,0,1,1,0.0
SHhm,2,6,8,0.25
SHhn,1,2,3,0.33
SHhs,3,1,4,0.75
SHlB,0,4,4,0.0
SHlD,1,1,2,0.5
SHlH,0,1,1,0.0
SHlL,1,1,2,0.5
SHlM,3,1,4,0.75
SHlN,0,1,1,0.0
SHlP,1,0,1,1.0
SHlS,0,1,1,0.0
SHll,1,0,1,1.0
SHlm,4,0,4,1.0
SHln,1,1,2,0.5
SHls,1,2,3,0.33
SHmB,4,3,7,0.57
SHmD,3,1,4,0.75
SHmH,5,2,7,0.71
SHmJ,0,1,1,0.0
SHmM,11,6,17,0.65
SHmN,3,4,7,0.43
SHmP,4,4,8,0.5
SHmS,10,6,16,0.62
SHmb,3,2,5,0.6
SHml,3,1,4,0.75
SHmm,5,9,14,0.36
SHmn,4,5,9,0.44
SHms,4,3,7,0.57
SHnB,4,2,6,0.67
SHnD,2,1,3,0.67
SHnH,1,0,1,1.0
SHnI,3,1,4,0.75
SHnK,0,1,1,0.0
SHnL,0,2,2,0.0
SHnM,5,2,7,0.71
SHnN,3,3,6,0.5
SHnP,5,4,9,0.56
SHnS,4,1,5,0.8
SHnb,1,4,5,0.2
SHnh,2,1,3,0.67
SHnm,2,1,3,0.67
SHnn,2,1,3,0.67
SHns,4,1,5,0.8
SHsB,0,2,2,0.0
SHsH,0,6,6,0.0
SHsL,0,0,0,
SHsM,1,1,2,0.5
SHsN,2,4,6,0.33
SHsP,2,1,3,0.67
SHsS,4,11,15,0.27
SHsb,7,5,12,0.58
SHsh,0,1,1,0.0
SHsl,1,0,1,1.0
SHsm,5,5,10,0.5
SHsn,4,2,6,0.67
SHss,2,6,8,0.25
SHtL,1,0,1,1.0
SHtP,0,1,1,0.0
SHtS,0,1,1,0.0
SHtb,1,1,2,0.5
SIBD,0,1,1,0.0
SIBM,1,1,2,0.5
SIBN,1,0,1,1.0
SIBP,0,0,0,
SIBS,0,1,1,0.0
SIBb,0,1,1,0.0
SIBm,0,1,1,0.0
SIBn,1,0,1,1.0
SIBs,0,1,1,0.0
SIDD,2,1,3,0.67
SIDP,0,1,1,0.0
SIDS,0,1,1,0.0
SIDm,0,1,1,0.0
SIDn,0,1,1,0.0
SIDs,1,0,1,1.0
SIHB,1,0,1,1.0
SIHS,1,0,1,1.0
SIHb,0,1,1,0.0
SIHh,1,1,2,0.5
SIHl,0,0,0,
SIHm,1,1,2,0.5
SIHs,2,1,3,0.67
SIIS,0,1,1,0.0
SIIm,1,0,1,1.0
SILB,0,1,1,0.0
SILM,0,0,0,
SILP,1,0,1,1.0
SILm,2,0,2,1.0
SILs,0,1,1,0.0
SIMB,1,2,3,0.33
SIMD,3,0,3,1.0
SIML,1,0,1,1.0
SIMM,1,5,6,0.17
SIMP,1,1,2,0.5
SIMS,2,1,3,0.67
SIMb,2,1,3,0.67
SIMj,0,1,1,0.0
SIMl,0,0,0,
SIMm,1,0,1,1.0
SIMs,0,0,0,
SIND,1,0,1,1.0
SINM,3,1,4,0.75
SINN,0,1,1,0.0
SINP,1,1,2,0.5
SINm,0,0,0,
SINn,1,0,1,1.0
SINs,0,1,1,0.0
SIPB,1,0,1,1.0
SIPM,0,1,1,0.0
SIPN,1,2,3,0.33
SIPP,0,0,0,
SIPS,2,1,3,0.67
SIPb,0,1,1,0.0
SIPm,1,0,1,1.0
SIPs,1,0,1,1.0
SISB,4,0,4,1.0
SISD,1,0,1,1.0
SISI,1,1,2,0.5
SISP,0,0,0,
SISS,0,2,2,0.0
SISb,2,0,2,1.0
SISl,1,1,2,0.5
SISm,1,2,3,0.33
SISs,0,1,1,0.0
SISt,1,0,1,1.0
SIbB,0,3,3,0.0
SIbH,1,0,1,1.0
SIbJ,2,1,3,0.67
SIbN,0,1,1,0.0
SIbb,0,1,1,0.0
SIbm,0,1,1,0.0
SIbn,0,3,3,0.0
SIbs,0,1,1,0.0
SIhS,0,1,1,0.0
SIlI,0,0,0,
SIlS,0,1,1,0.0
SIln,0,0,0,
SImB,1,1,2,0.5
SImD,0,1,1,0.0
SImH,1,0,1,1.0
SImJ,0,1,1,0.0
SImK,1,0,1,1.0
SImM,1,1,2,0.5
SImN,1,1,2,0.5
SImS,1,1,2,0.5
SImb,1,0,1,1.0
SImm,1,1,2,0.5
SInH,1,0,1,1.0
SInM,0,1,1,0.0
SInP,1,0,1,1.0
SInb,1,1,2,0.5
SInl,0,0,0,
SInn,0,1,1,0.0
SIsM,1,0,1,1.0
SIsP,2,0,2,1.0
SIsS,2,0,2,1.0
SIsh,1,0,1,1.0
SIss,1,0,1,1.0
SItM,0,0,0,
SItP,1,0,1,1.0
SItm,1,0,1,1.0
SItn,1,0,1,1.0
SKBB,0,1,1,0.0
SKBM,0,1,1,0.0
SKBP,1,0,1,1.0
SKBj,0,1,1,0.0
SKBm,1,0,1,1.0
SKBn,1,0,1,1.0
SKIn,0,1,1,0.0
SKLM,1,0,1,1.0
SKLb,1,0,1,1.0
SKMB,1,1,2,0.5
SKMM,0,0,0,
SKMP,2,2,4,0.5
SKMS,2,1,3,0.67
SKMj,0,1,1,0.0
SKMl,0,1,1,0.0
SKNB,0,1,1,0.0
SKNl,1,0,1,1.0
SKNm,0,1,1,0.0
SKPM,0,0,0,
SKPN,1,0,1,1.0
SKPP,0,1,1,0.0
SKPS,0,1,1,0.0
SKPb,1,0,1,1.0
SKPn,0,0,0,
SKSM,0,2,2,0.0
SKSh,1,0,1,1.0
SKSn,0,1,1,0.0
SKSs,0,0,0,
SKbL,1,0,1,1.0
SKbM,1,0,1,1.0
SKbP,1,0,1,1.0
SKbb,1,0,1,1.0
SKbm,0,1,1,0.0
SKhL,1,0,1,1.0
SKhM,0,0,0,
SKhN,0,1,1,0.0
SKhS,1,0,1,1.0
SKhh,0,0,0,
SKlH,1,0,1,1.0
SKlK,0,1,1,0.0
SKlM,0,1,1,0.0
SKlS,0,1,1,0.0
SKmH,0,0,0,
SKmM,1,0,1,1.0
SKmN,1,0,1,1.0
SKmP,1,0,1,1.0
SKmm,0,1,1,0.0
SKnN,0,1,1,0.0
SKnm,1,0,1,1.0
SKsD,1,0,1,1.0
SKsM,1,1,2,0.5
SKsN,0,1,1,0.0
SKsm,1,1,2,0.5
SKsn,1,0,1,1.0
SLBB,5,4,9,0.56
SLBD,1,0,1,1.0
SLBH,1,0,1,1.0
SLBK,0,1,1,0.0
SLBL,1,1,2,0.5
SLBM,0,6,6,0.0
SLBN,4,7,11,0.36
SLBP,3,1,4,0.75
SLBS,0,2,2,0.0
SLBb,2,2,4,0.5
SLBh,2,0,2,1.0
SLBj,1,1,2,0.5
SLBl,3,1,4,0.75
SLBm,6,3,9,0.67
SLBn,2,2,4,0.5
SLBs,2,1,3,0.67
SLBt,0,0,0,
SLDB,1,0,1,1.0
SLDD,1,0,1,1.0
SLDH,1,2,3,0.33
SLDL,2,0,2,1.0
SLDM,1,3,4,0.25
SLDN,1,0,1,1.0
SLDb,0,1,1,0.0
SLDm,1,0,1,1.0
SLDn,0,0,0,
SLDs,0,1,1,0.0
SLHl,1,0,1,1.0
SLKP,0,1,1,0.0
SLKS,1,0,1,1.0
SLKl,0,1,1,0.0
SLKm,0,0,0,
SLLB,1,0,1,1.0
SLLK,1,0,1,1.0
SLLL,0,1,1,0.0
SLLM,0,1,1,0.0
SLLN,0,2,2,0.0
SLLP,0,2,2,0.0
SLLS,0,1,1,0.0
SLLb,1,2,3,0.33
SLLh,1,0,1,1.0
SLLj,0,1,1,0.0
SLLm,1,0,1,1.0
SLLn,2,0,2,1.0
SLMB,3,2,5,0.6
SLMK,1,0,1,1.0
SLML,0,1,1,0.0
SLMM,2,4,6,0.33
SLMN,0,3,3,0.0
SLMP,2,5,7,0.29
SLMS,1,2,3,0.33
SLMb,4,1,5,0.8
SLMh,4,2,6,0.67
SLMj,0,1,1,0.0
SLMl,1,0,1,1.0
SLMm,2,1,3,0.67
SLMn,4,7,11,0.36
SLMs,1,1,2,0.5
SLNB,2,4,6,0.33
SLNH,1,0,1,1.0
SLNK,1,0,1,1.0
SLNL,2,1,3,0.67
SLNM,2,3,5,0.4
SLNN,2,6,8,0.25
SLNP,3,1,4,0.75
SLNS,2,4,6,0.33
SLNb,1,3,4,0.25
SLNh,2,0,2,1.0
SLNl,0,1,1,0.0
SLNm,2,2,4,0.5
SLNn,3,4,7,0.43
SLNs,3,5,8,0.38
SLNt,0,0,0,
SLPB,1,4,5,0.2
SLPD,0,1,1,0.0
SLPH,1,1,2,0.5
SLPI,1,1,2,0.5
SLPK,0,1,1,0.0
SLPL,1,0,1,1.0
SLPM,3,5,8,0.38
SLPN,6,4,10,0.6
SLPP,9,6,15,0.6
SLPS,2,3,5,0.4
SLPb,5,3,8,0.62
SLPh,0,1,1,0.0
SLPl,4,1,5,0.8
SLPm,4,3,7,0.57
SLPn,4,3,7,0.57
SLPs,2,1,3,0.67
SLSB,2,2,4,0.5
SLSD,0,1,1,0.0
SLSH,0,1,1,0.0
SLSI,1,0,1,1.0
SLSL,1,1,2,0.5
SLSM,1,3,4,0.25
SLSN,1,1,2,0.5
SLSP,2,1,3,0.67
SLSS,1,3,4,0.25
SLSb,1,1,2,0.5
SLSh,1,2,3,0.33
SLSl,1,0,1,1.0
SLSm,3,0,3,1.0
SLSn,1,3,4,0.25
SLSs,0,4,4,0.0
SLSt,1,1,2,0.5
SLbB,3,0,3,1.0
SLbD,0,0,0,
SLbI,0,1,1,0.0
SLbJ,1,0,1,1.0
SLbL,3,2,5,0.6
SLbM,0,3,3,0.0
SLbN,2,3,5,0.4
SLbP,2,2,4,0.5
SLbS,0,2,2,0.0
SLbb,5,1,6,0.83
SLbl,3,0,3,1.0
SLbm,2,0,2,1.0
SLbn,4,2,6,0.67
SLbs,1,2,3,0.33
SLhB,0,1,1,0.0
SLhL,1,1,2,0.5
SLhM,1,0,1,1.0
SLhN,0,1,1,0.0
SLhP,0,2,2,0.0
SLhS,0,1,1,0.0
SLhh,1,1,2,0.5
SLhl,1,0,1,1.0
SLhm,2,0,2,1.0
SLhn,0,2,2,0.0
SLhs,2,0,2,1.0
SLjB,1,0,1,1.0
SLjH,1,1,2,0.5
SLjL,1,0,1,1.0
SLjM,1,0,1,1.0
SLjP,1,0,1,1.0
SLjS,1,0,1,1.0
SLjb,1,2,3,0.33
SLjl,0,1,1,0.0
SLjm,1,0,1,1.0
SLjn,0,1,1,0.0
SLjs,1,1,2,0.5
SLjt,1,0,1,1.0
SLlB,1,2,3,0.33
SLlD,1,0,1,1.0
SLlJ,1,0,1,1.0
SLlL,3,0,3,1.0
SLlM,3,1,4,0.75
SLlN,6,0,6,1.0
SLlP,1,2,3,0.33
SLlS,2,2,4,0.5
SLlb,0,2,2,0.0
SLlm,1,2,3,0.33
SLln,3,3,6,0.5
SLls,2,0,2,1.0
SLmB,3,3,6,0.5
SLmD,0,1,1,0.0
SLmH,3,0,3,1.0
SLmI,0,1,1,0.0
SLmJ,0,2,2,0.0
SLmL,0,1,1,0.0
SLmM,2,9,11,0.18
SLmN,4,3,7,0.57
SLmP,1,1,2,0.5
SLmS,0,3,3,0.0
SLmb,6,4,10,0.6
SLml,1,0,1,1.0
SLmm,3,4,7,0.43
SLmn,6,2,8,0.75
SLms,3,3,6,0.5
SLnB,2,2,4,0.5
SLnD,2,1,3,0.67
SLnH,1,1,2,0.5
SLnI,0,1,1,0.0
SLnK,1,1,2,0.5
SLnL,2,4,6,0.33
SLnM,2,2,4,0.5
SLnN,6,2,8,0.75
SLnP,5,4,9,0.56
SLnS,1,1,2,0.5
SLnb,3,1,4,0.75
SLnh,0,1,1,0.0
SLnl,2,1,3,0.67
SLnm,3,3,6,0.5
SLnn,6,6,12,0.5
SLns,2,1,3,0.67
SLsB,2,1,3,0.67
SLsH,2,1,3,0.67
SLsL,2,0,2,1.0
SLsM,0,2,2,0.0
SLsN,0,1,1,0.0
SLsP,2,3,5,0.4
SLsS,1,6,7,0.14
SLsb,2,1,3,0.67
SLsl,3,0,3,1.0
SLsm,3,0,3,1.0
SLsn,3,3,6,0.5
SLss,3,2,5,0.6
SLtB,0,1,1,0.0
SLtH,1,1,2,0.5
SLtL,1,1,2,0.5
SLtM,0,2,2,0.0
SLtN,1,1,2,0.5
SLtP,0,1,1,0.0
SLtb,1,0,1,1.0
SLth,0,1,1,0.0
SLtl,0,2,2,0.0
SLtm,2,2,4,0.5
SMBB,10,10,20,0.5
SMBD,5,2,7,0.71
SMBK,1,1,2,0.5
SMBL,7,0,7,1.0
SMBM,9,10,19,0.47
SMBN,9,6,15,0.6
SMBP,6,11,17,0.35
SMBS,3,10,13,0.23
SMBb,14,7,21,0.67
SMBh,1,3,4,0.25
SMBj,0,1,1,0.0
SMBl,1,4,5,0.2
SMBm,7,8,15,0.47
SMBn,12,11,23,0.52
SMBs,3,2,5,0.6
SMBt,3,0,3,1.0
SMDB,1,2,3,0.33
SMDD,2,1,3,0.67
SMDH,0,1,1,0.0
SMDI,0,2,2,0.0
SMDL,0,1,1,0.0
SMDM,2,4,6,0.33
SMDN,1,0,1,1.0
SMDP,4,3,7,0.57
SMDS,4,5,9,0.44
SMDb,4,3,7,0.57
SMDh,0,1,1,0.0
SMDm,4,2,6,0.67
SMDn,0,5,5,0.0
SMDs,1,0,1,1.0
SMHL,1,0,1,1.0
SMHN,0,1,1,0.0
SMHS,2,0,2,1.0
SMHb,0,1,1,0.0
SMIS,0,0,0,
SMKM,0,1,1,0.0
SMKP,2,1,3,0.67
SMKh,0,0,0,
SMKm,1,0,1,1.0
SMKn,0,1,1,0.0
SMLB,1,1,2,0.5
SMLD,1,1,2,0.5
SMLM,6,2,8,0.75
SMLN,2,4,6,0.33
SMLP,5,1,6,0.83
SMLS,0,2,2,0.0
SMLb,3,3,6,0.5
SMLh,3,0,3,1.0
SMLj,3,1,4,0.75
SMLm,3,6,9,0.33
SMLn,2,3,5,0.4
SMLs,1,1,2,0.5
SMMB,16,13,29,0.55
SMMD,2,4,6,0.33
SMMI,0,0,0,
SMML,3,1,4,0.75
SMMM,15,10,25,0.6
SMMN,6,8,14,0.43
SMMP,17,15,32,0.53
SMMS,10,7,17,0.59
SMMb,5,9,14,0.36
SMMh,9,6,15,0.6
SMMj,2,1,3,0.67
SMMl,5,2,7,0.71
SMMm,14,21,35,0.4
SMMn,15,10,25,0.6
SMMs,8,5,13,0.62
SMMt,1,1,2,0.5
SMNB,8,7,15,0.53
SMND,3,3,6,0.5
SMNH,0,2,2,0.0
SMNK,2,0,2,1.0
SMNL,5,3,8,0.62
SMNM,2,11,13,0.15
SMNN,8,7,15,0.53
SMNP,13,13,26,0.5
SMNS,6,10,16,0.38
SMNb,7,12,19,0.37
SMNh,2,5,7,0.29
SMNl,2,1,3,0.67
SMNm,11,7,18,0.61
SMNn,10,7,17,0.59
SMNs,6,7,13,0.46
SMNt,4,4,8,0.5
SMPB,11,8,19,0.58
SMPD,3,4,7,0.43
SMPH,3,1,4,0.75
SMPI,1,0,1,1.0
SMPK,2,0,2,1.0
SMPL,4,5,9,0.44
SMPM,14,12,26,0.54
SMPN,9,14,23,0.39
SMPP,14,14,28,0.5
SMPS,12,9,21,0.57
SMPb,2,8,10,0.2
SMPh,4,2,6,0.67
SMPl,4,6,10,0.4
SMPm,19,10,29,0.66
SMPn,8,14,22,0.36
SMPs,10,2,12,0.83
SMPt,3,0,3,1.0
SMSB,11,14,25,0.44
SMSD,2,0,2,1.0
SMSH,1,2,3,0.33
SMSI,1,1,2,0.5
SMSK,0,1,1,0.0
SMSL,2,2,4,0.5
SMSM,6,17,23,0.26
SMSN,11,11,22,0.5
SMSP,4,8,12,0.33
SMSS,3,18,21,0.14
SMSb,10,5,15,0.67
SMSh,1,5,6,0.17
SMSl,2,2,4,0.5
SMSm,18,7,25,0.72
SMSn,6,6,12,0.5
SMSs,11,7,18,0.61
SMSt,2,1,3,0.67
SMbB,7,9,16,0.44
SMbD,1,2,3,0.33
SMbH,4,0,4,1.0
SMbI,0,2,2,0.0
SMbJ,3,0,3,1.0
SMbK,2,1,3,0.67
SMbL,5,2,7,0.71
SMbM,12,10,22,0.55
SMbN,8,2,10,0.8
SMbP,10,12,22,0.45
SMbS,9,6,15,0.6
SMbb,10,5,15,0.67
SMbl,2,0,2,1.0
SMbm,11,10,21,0.52
SMbn,6,7,13,0.46
SMbs,10,1,11,0.91
SMhB,8,5,13,0.62
SMhD,3,2,5,0.6
SMhH,0,2,2,0.0
SMhI,2,0,2,1.0
SMhK,0,1,1,0.0
SMhL,1,3,4,0.25
SMhM,8,4,12,0.67
SMhN,7,7,14,0.5
SMhP,9,4,13,0.69
SMhS,9,6,15,0.6
SMhb,6,6,12,0.5
SMhh,5,6,11,0.45
SMhl,0,2,2,0.0
SMhm,10,8,18,0.56
SMhn,4,9,13,0.31
SMhs,9,6,15,0.6
SMht,2,2,4,0.5
SMjB,1,2,3,0.33
SMjD,1,1,2,0.5
SMjI,0,0,0,
SMjK,0,1,1,0.0
SMjL,1,0,1,1.0
SMjM,1,1,2,0.5
SMjN,0,2,2,0.0
SMjP,2,3,5,0.4
SMjS,2,3,5,0.4
SMjb,4,2,6,0.67
SMjm,0,1,1,0.0
SMjs,2,2,4,0.5
SMlB,2,5,7,0.29
SMlD,0,1,1,0.0
SMlH,0,3,3,0.0
SMlI,2,0,2,1.0
SMlJ,0,1,1,0.0
SMlL,1,3,4,0.25
SMlM,5,3,8,0.62
SMlN,1,3,4,0.25
SMlP,2,4,6,0.33
SMlS,5,5,10,0.5
SMlb,3,1,4,0.75
SMll,2,2,4,0.5
SMlm,2,1,3,0.67
SMln,3,5,8,0.38
SMls,3,2,5,0.6
SMmB,15,9,24,0.62
SMmD,4,3,7,0.57
SMmH,11,8,19,0.58
SMmJ,3,1,4,0.75
SMmL,5,1,6,0.83
SMmM,8,19,27,0.3
SMmN,12,16,28,0.43
SMmP,16,9,25,0.64
SMmS,9,20,29,0.31
SMmb,9,15,24,0.38
SMml,2,0,2,1.0
SMmm,15,16,31,0.48
SMmn,12,13,25,0.48
SMms,11,6,17,0.65
SMnB,8,5,13,0.62
SMnD,4,3,7,0.57
SMnH,8,8,16,0.5
SMnI,2,3,5,0.4
SMnK,1,1,2,0.5
SMnL,1,1,2,0.5
SMnM,12,12,24,0.5
SMnN,15,13,28,0.54
SMnP,13,12,25,0.52
SMnS,14,13,27,0.52
SMnb,8,11,19,0.42
SMnh,1,1,2,0.5
SMnl,4,3,7,0.57
SMnm,11,16,27,0.41
SMnn,11,8,19,0.58
SMns,11,7,18,0.61
SMsB,5,8,13,0.38
SMsD,4,6,10,0.4
SMsH,9,8,17,0.53
SMsI,0,3,3,0.0
SMsL,1,3,4,0.25
SMsM,8,9,17,0.47
SMsN,7,3,10,0.7
SMsP,6,13,19,0.32
SMsS,15,12,27,0.56
SMsb,8,5,13,0.62
SMsl,2,3,5,0.4
SMsm,12,3,15,0.8
SMsn,10,9,19,0.53
SMss,5,4,9,0.56
SMst,0,1,1,0.0
SMtB,3,1,4,0.75
SMtD,1,0,1,1.0
SMtH,0,0,0,
SMtI,0,0,0,
SMtM,1,0,1,1.0
SMtN,1,2,3,0.33
SMtP,1,0,1,1.0
SMtb,0,1,1,0.0
SMtm,2,1,3,0.67
SMtn,2,1,3,0.67
SMts,1,1,2,0.5
SNBB,7,8,15,0.47
SNBD,2,1,3,0.67
SNBK,1,0,1,1.0
SNBL,2,2,4,0.5
SNBM,4,6,10,0.4
SNBN,12,5,17,0.71
SNBP,3,6,9,0.33
SNBS,4,10,14,0.29
SNBb,8,5,13,0.62
SNBh,2,0,2,1.0
SNBj,1,1,2,0.5
SNBl,2,4,6,0.33
SNBm,8,7,15,0.53
SNBn,15,4,19,0.79
SNBs,0,4,4,0.0
SNBt,1,1,2,0.5
SNDB,1,1,2,0.5
SNDD,0,0,0,
SNDH,2,2,4,0.5
SNDI,1,0,1,1.0
SNDL,1,0,1,1.0
SNDM,2,2,4,0.5
SNDN,2,2,4,0.5
SNDP,0,1,1,0.0
SNDS,4,1,5,0.8
SNDb,2,2,4,0.5
SNDm,5,0,5,1.0
SNDn,1,3,4,0.25
SNDs,0,0,0,
SNDt,0,1,1,0.0
SNHB,1,0,1,1.0
SNHD,1,0,1,1.0
SNHH,0,1,1,0.0
SNHI,1,0,1,1.0
SNHK,0,1,1,0.0
SNHL,1,1,2,0.5
SNHM,2,3,5,0.4
SNHN,3,2,5,0.6
SNHP,3,1,4,0.75
SNHS,2,3,5,0.4
SNHb,2,1,3,0.67
SNHl,1,1,2,0.5
SNHm,3,2,5,0.6
SNHn,1,1,2,0.5
SNIM,0,1,1,0.0
SNIS,0,2,2,0.0
SNIb,1,0,1,1.0
SNKB,1,0,1,1.0
SNKD,1,1,2,0.5
SNKL,0,0,0,
SNKM,0,2,2,0.0
SNKN,2,1,3,0.67
SNKP,1,1,2,0.5
SNKS,0,1,1,0.0
SNKb,1,2,3,0.33
SNKm,2,1,3,0.67
SNKn,3,1,4,0.75
SNKs,0,2,2,0.0
SNLB,1,0,1,1.0
SNLD,1,1,2,0.5
SNLL,1,2,3,0.33
SNLM,0,3,3,0.0
SNLN,3,1,4,0.75
SNLP,2,5,7,0.29
SNLS,1,3,4,0.25
SNLb,4,0,4,1.0
SNLh,1,0,1,1.0
SNLj,1,1,2,0.5
SNLl,0,2,2,0.0
SNLm,3,1,4,0.75
SNLn,3,4,7,0.43
SNLs,3,2,5,0.6
SNMB,7,8,15,0.47
SNMD,0,1,1,0.0
SNMH,0,0,0,
SNML,3,5,8,0.38
SNMM,6,13,19,0.32
SNMN,15,8,23,0.65
SNMP,12,5,17,0.71
SNMS,5,8,13,0.38
SNMb,10,1,11,0.91
SNMh,4,2,6,0.67
SNMj,3,1,4,0.75
SNMl,5,5,10,0.5
SNMm,15,9,24,0.62
SNMn,10,15,25,0.4
SNMs,8,7,15,0.53
SNMt,2,0,2,1.0
SNNB,8,12,20,0.4
SNND,4,5,9,0.44
SNNH,2,0,2,1.0
SNNK,3,0,3,1.0
SNNL,3,2,5,0.6
SNNM,6,9,15,0.4
SNNN,15,14,29,0.52
SNNP,14,13,27,0.52
SNNS,8,6,14,0.57
SNNb,6,3,9,0.67
SNNh,3,3,6,0.5
SNNl,2,4,6,0.33
SNNm,16,8,24,0.67
SNNn,22,15,37,0.59
SNNs,7,5,12,0.58
SNNt,1,4,5,0.2
SNPB,4,8,12,0.33
SNPD,3,2,5,0.6
SNPH,2,6,8,0.25
SNPI,0,1,1,0.0
SNPK,1,3,4,0.25
SNPL,1,9,10,0.1
SNPM,11,17,28,0.39
SNPN,22,8,30,0.73
SNPP,13,8,21,0.62
SNPS,12,12,24,0.5
SNPb,14,10,24,0.58
SNPh,1,1,2,0.5
SNPl,3,2,5,0.6
SNPm,12,12,24,0.5
SNPn,9,14,23,0.39
SNPs,9,6,15,0.6
SNPt,1,0,1,1.0
SNSB,10,8,18,0.56
SNSD,2,2,4,0.5
SNSH,2,5,7,0.29
SNSI,1,0,1,1.0
SNSL,1,3,4,0.25
SNSM,9,7,16,0.56
SNSN,12,13,25,0.48
SNSP,10,7,17,0.59
SNSS,9,11,20,0.45
SNSb,7,9,16,0.44
SNSh,0,5,5,0.0
SNSl,2,3,5,0.4
SNSm,15,8,23,0.65
SNSn,13,11,24,0.54
SNSs,5,7,12,0.42
SNSt,1,2,3,0.33
SNbB,7,7,14,0.5
SNbD,0,1,1,0.0
SNbH,1,1,2,0.5
SNbI,0,3,3,0.0
SNbJ,5,2,7,0.71
SNbK,0,0,0,
SNbL,4,2,6,0.67
SNbM,5,4,9,0.56
SNbN,5,3,8,0.62
SNbP,3,9,12,0.25
SNbS,3,5,8,0.38
SNbb,3,4,7,0.43
SNbl,5,0,5,1.0
SNbm,8,11,19,0.42
SNbn,5,3,8,0.62
SNbs,5,5,10,0.5
SNhB,1,1,2,0.5
SNhH,0,1,1,0.0
SNhI,0,1,1,0.0
SNhL,1,1,2,0.5
SNhM,1,1,2,0.5
SNhN,2,2,4,0.5
SNhP,3,4,7,0.43
SNhS,0,1,1,0.0
SNhh,2,4,6,0.33
SNhl,0,0,0,
SNhm,2,4,6,0.33
SNhn,4,0,4,1.0
SNhs,0,0,0,
SNlB,2,1,3,0.67
SNlH,4,3,7,0.57
SNlI,1,1,2,0.5
SNlJ,1,0,1,1.0
SNlM,1,2,3,0.33
SNlN,4,3,7,0.57
SNlP,3,2,5,0.6
SNlS,1,2,3,0.33
SNlb,3,0,3,1.0
SNll,1,0,1,1.0
SNlm,7,2,9,0.78
SNln,4,2,6,0.67
SNls,1,0,1,1.0
SNmB,4,6,10,0.4
SNmD,2,3,5,0.4
SNmH,9,9,18,0.5
SNmI,2,0,2,1.0
SNmJ,2,3,5,0.4
SNmL,3,4,7,0.43
SNmM,11,19,30,0.37
SNmN,11,11,22,0.5
SNmP,14,9,23,0.61
SNmS,3,10,13,0.23
SNmb,6,7,13,0.46
SNml,0,1,1,0.0
SNmm,8,10,18,0.44
SNmn,8,6,14,0.57
SNms,8,6,14,0.57
SNnB,6,11,17,0.35
SNnD,2,4,6,0.33
SNnH,6,5,11,0.55
SNnI,3,2,5,0.6
SNnK,0,2,2,0.0
SNnL,4,3,7,0.57
SNnM,12,9,21,0.57
SNnN,19,17,36,0.53
SNnP,15,15,30,0.5
SNnS,14,5,19,0.74
SNnb,6,14,20,0.3
SNnl,3,4,7,0.43
SNnm,14,11,25,0.56
SNnn,12,15,27,0.44
SNns,9,15,24,0.38
SNnt,0,0,0,
SNsB,6,2,8,0.75
SNsD,0,1,1,0.0
SNsH,7,5,12,0.58
SNsI,1,0,1,1.0
SNsK,0,1,1,0.0
SNsL,1,2,3,0.33
SNsM,6,9,15,0.4
SNsN,7,7,14,0.5
SNsP,8,8,16,0.5
SNsS,11,17,28,0.39
SNsb,3,6,9,0.33
SNsh,0,1,1,0.0
SNsl,2,2,4,0.5
SNsm,4,7,11,0.36
SNsn,10,9,19,0.53
SNss,10,7,17,0.59
SNst,0,0,0,
SNtB,4,1,5,0.8
SNtH,1,0,1,1.0
SNtL,1,1,2,0.5
SNtM,0,2,2,0.0
SNtN,1,2,3,0.33
SNtP,2,1,3,0.67
SNtS,3,1,4,0.75
SNtb,0,1,1,0.0
SNtl,1,0,1,1.0
SNtm,1,3,4,0.25
SNtn,2,2,4,0.5
SNts,1,1,2,0.5
SPBB,8,9,17,0.47
SPBD,1,0,1,1.0
SPBH,0,1,1,0.0
SPBK,2,0,2,1.0
SPBL,4,7,11,0.36
SPBM,6,7,13,0.46
SPBN,13,8,21,0.62
SPBP,11,13,24,0.46
SPBS,4,5,9,0.44
SPBb,6,9,15,0.4
SPBh,0,1,1,0.0
SPBj,3,1,4,0.75
SPBl,6,1,7,0.86
SPBm,8,9,17,0.47
SPBn,15,9,24,0.62
SPBs,4,4,8,0.5
SPBt,1,0,1,1.0
SPDB,4,2,6,0.67
SPDD,2,1,3,0.67
SPDH,1,1,2,0.5
SPDL,1,1,2,0.5
SPDM,3,3,6,0.5
SPDN,1,2,3,0.33
SPDP,1,2,3,0.33
SPDS,2,1,3,0.67
SPDb,1,0,1,1.0
SPDl,0,2,2,0.0
SPDm,6,1,7,0.86
SPDn,3,1,4,0.75
SPDs,0,3,3,0.0
SPDt,2,0,2,1.0
SPHB,3,3,6,0.5
SPHH,3,0,3,1.0
SPHK,1,0,1,1.0
SPHL,1,0,1,1.0
SPHM,2,2,4,0.5
SPHN,5,5,10,0.5
SPHP,2,8,10,0.2
SPHS,2,4,6,0.33
SPHh,3,2,5,0.6
SPHl,2,0,2,1.0
SPHm,7,1,8,0.88
SPHn,4,1,5,0.8
SPHs,4,4,8,0.5
SPID,0,0,0,
SPIH,0,2,2,0.0
SPIM,2,2,4,0.5
SPIN,4,1,5,0.8
SPIP,1,3,4,0.25
SPIS,1,1,2,0.5
SPIb,1,0,1,1.0
SPIm,1,4,5,0.2
SPIn,0,2,2,0.0
SPIs,2,0,2,1.0
SPKB,0,2,2,0.0
SPKL,1,0,1,1.0
SPKM,2,1,3,0.67
SPKN,2,3,5,0.4
SPKP,2,0,2,1.0
SPKS,1,2,3,0.33
SPKb,3,1,4,0.75
SPKh,4,2,6,0.67
SPKl,2,0,2,1.0
SPKm,3,1,4,0.75
SPKn,2,1,3,0.67
SPKs,2,0,2,1.0
SPLB,3,4,7,0.43
SPLD,0,0,0,
SPLK,0,1,1,0.0
SPLL,1,2,3,0.33
SPLM,5,4,9,0.56
SPLN,10,2,12,0.83
SPLP,1,6,7,0.14
SPLS,2,2,4,0.5
SPLb,3,3,6,0.5
SPLh,1,1,2,0.5
SPLj,1,3,4,0.25
SPLl,2,3,5,0.4
SPLm,8,5,13,0.62
SPLn,2,6,8,0.25
SPLs,1,1,2,0.5
SPLt,0,3,3,0.0
SPMB,9,10,19,0.47
SPMD,1,1,2,0.5
SPMK,1,1,2,0.5
SPML,5,3,8,0.62
SPMM,12,8,20,0.6
SPMN,15,10,25,0.6
SPMP,8,10,18,0.44
SPMS,7,8,15,0.47
SPMb,4,13,17,0.24
SPMh,8,4,12,0.67
SPMj,1,4,5,0.2
SPMl,4,7,11,0.36
SPMm,16,14,30,0.53
SPMn,10,12,22,0.45
SPMs,12,7,19,0.63
SPMt,0,5,5,0.0
SPNB,10,4,14,0.71
SPND,1,0,1,1.0
SPNH,2,2,4,0.5
SPNK,1,1,2,0.5
SPNL,6,2,8,0.75
SPNM,10,12,22,0.45
SPNN,10,13,23,0.43
SPNP,13,11,24,0.54
SPNS,5,12,17,0.29
SPNb,8,4,12,0.67
SPNh,2,4,6,0.33
SPNl,3,5,8,0.38
SPNm,15,8,23,0.65
SPNn,11,15,26,0.42
SPNs,8,5,13,0.62
SPNt,2,2,4,0.5
SPPB,20,10,30,0.67
SPPD,1,2,3,0.33
SPPH,6,0,6,1.0
SPPI,4,0,4,1.0
SPPK,1,1,2,0.5
SPPL,8,5,13,0.62
SPPM,13,18,31,0.42
SPPN,6,11,17,0.35
SPPP,23,14,37,0.62
SPPS,12,12,24,0.5
SPPb,9,14,23,0.39
SPPh,0,0,0,
SPPl,8,11,19,0.42
SPPm,19,22,41,0.46
SPPn,11,14,25,0.44
SPPs,12,11,23,0.52
SPPt,0,1,1,0.0
SPSB,8,15,23,0.35
SPSD,2,1,3,0.67
SPSH,3,7,10,0.3
SPSI,1,2,3,0.33
SPSK,0,2,2,0.0
SPSL,6,4,10,0.6
SPSM,16,18,34,0.47
SPSN,6,7,13,0.46
SPSP,11,9,20,0.55
SPSS,10,13,23,0.43
SPSb,5,8,13,0.38
SPSh,2,5,7,0.29
SPSl,3,3,6,0.5
SPSm,7,14,21,0.33
SPSn,6,6,12,0.5
SPSs,14,12,26,0.54
SPSt,4,3,7,0.57
SPbB,11,7,18,0.61
SPbD,1,0,1,1.0
SPbH,1,1,2,0.5
SPbI,0,1,1,0.0
SPbJ,3,0,3,1.0
SPbK,1,0,1,1.0
SPbL,6,2,8,0.75
SPbM,9,10,19,0.47
SPbN,8,9,17,0.47
SPbP,13,7,20,0.65
SPbS,5,5,10,0.5
SPbb,12,11,23,0.52
SPbh,0,1,1,0.0
SPbl,6,1,7,0.86
SPbm,9,4,13,0.69
SPbn,8,3,11,0.73
SPbs,4,7,11,0.36
SPhB,1,1,2,0.5
SPhK,0,1,1,0.0
SPhL,1,0,1,1.0
SPhM,1,2,3,0.33
SPhN,1,1,2,0.5
SPhP,2,1,3,0.67
SPhS,1,3,4,0.25
SPhh,0,0,0,
SPhl,0,1,1,0.0
SPhm,2,1,3,0.67
SPhn,1,2,3,0.33
SPhs,2,1,3,0.67
SPlB,5,3,8,0.62
SPlD,0,1,1,0.0
SPlH,3,3,6,0.5
SPlI,2,0,2,1.0
SPlJ,2,1,3,0.67
SPlL,2,3,5,0.4
SPlM,1,6,7,0.14
SPlN,3,5,8,0.38
SPlP,3,4,7,0.43
SPlS,2,2,4,0.5
SPlb,3,2,5,0.6
SPlh,2,0,2,1.0
SPll,2,3,5,0.4
SPlm,7,6,13,0.54
SPln,6,2,8,0.75
SPls,3,3,6,0.5
SPmB,8,4,12,0.67
SPmD,3,2,5,0.6
SPmH,5,9,14,0.36
SPmI,0,1,1,0.0
SPmJ,2,0,2,1.0
SPmL,5,2,7,0.71
SPmM,10,15,25,0.4
SPmN,19,12,31,0.61
SPmP,12,16,28,0.43
SPmS,11,8,19,0.58
SPmb,13,9,22,0.59
SPml,6,2,8,0.75
SPmm,15,8,23,0.65
SPmn,7,9,16,0.44
SPms,6,10,16,0.38
SPnB,6,7,13,0.46
SPnD,0,2,2,0.0
SPnH,9,5,14,0.64
SPnI,3,4,7,0.43
SPnK,0,2,2,0.0
SPnL,4,8,12,0.33
SPnM,8,9,17,0.47
SPnN,23,16,39,0.59
SPnP,20,15,35,0.57
SPnS,6,10,16,0.38
SPnb,5,5,10,0.5
SPnh,0,0,0,
SPnl,4,4,8,0.5
SPnm,10,12,22,0.45
SPnn,9,9,18,0.5
SPns,10,8,18,0.56
SPsB,6,5,11,0.55
SPsD,1,4,5,0.2
SPsH,6,5,11,0.55
SPsI,3,0,3,1.0
SPsL,2,3,5,0.4
SPsM,5,10,15,0.33
SPsN,10,10,20,0.5
SPsP,8,10,18,0.44
SPsS,5,12,17,0.29
SPsb,4,4,8,0.5
SPsh,1,1,2,0.5
SPsl,3,1,4,0.75
SPsm,14,4,18,0.78
SPsn,2,8,10,0.2
SPss,7,9,16,0.44
SPtB,1,1,2,0.5
SPtH,0,3,3,0.0
SPtL,0,2,2,0.0
SPtM,1,2,3,0.33
SPtN,1,1,2,0.5
SPtP,0,3,3,0.0
SPtS,1,1,2,0.5
SPtb,1,0,1,1.0
SPtl,0,1,1,0.0
SPtm,0,1,1,0.0
SPtn,0,3,3,0.0
SPts,2,0,2,1.0
SPtt,0,1,1,0.0
SSBB,13,6,19,0.68
SSBD,1,1,2,0.5
SSBI,0,1,1,0.0
SSBK,0,2,2,0.0
SSBL,3,2,5,0.6
SSBM,6,6,12,0.5
SSBN,14,8,22,0.64
SSBP,13,9,22,0.59
SSBS,7,9,16,0.44
SSBb,8,9,17,0.47
SSBh,1,1,2,0.5
SSBj,4,1,5,0.8
SSBl,5,3,8,0.62
SSBm,11,8,19,0.58
SSBn,10,13,23,0.43
SSBs,1,3,4,0.25
SSBt,1,1,2,0.5
SSDB,4,2,6,0.67
SSDD,6,3,9,0.67
SSDH,2,3,5,0.4
SSDL,1,1,2,0.5
SSDM,7,5,12,0.58
SSDN,3,1,4,0.75
SSDP,6,4,10,0.6
SSDS,4,6,10,0.4
SSDb,0,3,3,0.0
SSDl,2,0,2,1.0
SSDm,4,8,12,0.33
SSDn,5,4,9,0.56
SSDs,0,0,0,
SSHB,5,2,7,0.71
SSHD,1,1,2,0.5
SSHH,1,1,2,0.5
SSHI,0,4,4,0.0
SSHK,1,0,1,1.0
SSHL,1,3,4,0.25
SSHM,9,7,16,0.56
SSHN,6,2,8,0.75
SSHP,3,11,14,0.21
SSHS,8,7,15,0.53
SSHb,7,5,12,0.58
SSHh,4,3,7,0.57
SSHl,0,2,2,0.0
SSHm,17,8,25,0.68
SSHn,4,5,9,0.44
SSHs,6,4,10,0.6
SSHt,1,0,1,1.0
SSIB,2,2,4,0.5
SSID,0,0,0,
SSII,0,1,1,0.0
SSIL,1,0,1,1.0
SSIM,1,4,5,0.2
SSIN,2,1,3,0.67
SSIP,4,2,6,0.67
SSIS,0,1,1,0.0
SSIb,2,3,5,0.4
SSIh,0,1,1,0.0
SSIl,0,1,1,0.0
SSIm,4,0,4,1.0
SSIn,0,1,1,0.0
SSIs,1,0,1,1.0
SSKB,1,0,1,1.0
SSKS,1,0,1,1.0
SSKb,1,0,1,1.0
SSKs,2,0,2,1.0
SSLB,3,5,8,0.38
SSLD,3,1,4,0.75
SSLK,1,0,1,1.0
SSLM,2,3,5,0.4
SSLN,2,2,4,0.5
SSLP,2,7,9,0.22
SSLS,3,6,9,0.33
SSLb,5,2,7,0.71
SSLh,0,3,3,0.0
SSLj,2,1,3,0.67
SSLl,2,0,2,1.0
SSLm,0,3,3,0.0
SSLn,4,2,6,0.67
SSLs,2,0,2,1.0
SSLt,1,0,1,1.0
SSMB,15,15,30,0.5
SSMD,5,1,6,0.83
SSMH,2,1,3,0.67
SSMK,0,0,0,
SSML,2,6,8,0.25
SSMM,12,20,32,0.38
SSMN,11,12,23,0.48
SSMP,13,13,26,0.5
SSMS,14,21,35,0.4
SSMb,11,17,28,0.39
SSMh,7,12,19,0.37
SSMj,3,0,3,1.0
SSMl,7,1,8,0.88
SSMm,28,14,42,0.67
SSMn,11,17,28,0.39
SSMs,12,12,24,0.5
SSMt,1,0,1,1.0
SSNB,10,9,19,0.53
SSND,1,1,2,0.5
SSNH,3,1,4,0.75
SSNK,0,2,2,0.0
SSNL,0,4,4,0.0
SSNM,8,15,23,0.35
SSNN,12,11,23,0.52
SSNP,13,11,24,0.54
SSNS,10,14,24,0.42
SSNb,6,10,16,0.38
SSNh,2,2,4,0.5
SSNl,1,0,1,1.0
SSNm,7,7,14,0.5
SSNn,18,9,27,0.67
SSNs,13,5,18,0.72
SSNt,1,3,4,0.25
SSPB,7,12,19,0.37
SSPD,2,3,5,0.4
SSPH,6,4,10,0.6
SSPI,1,2,3,0.33
SSPK,1,0,1,1.0
SSPL,3,0,3,1.0
SSPM,8,9,17,0.47
SSPN,15,13,28,0.54
SSPP,16,10,26,0.62
SSPS,9,12,21,0.43
SSPb,8,9,17,0.47
SSPh,0,3,3,0.0
SSPl,2,3,5,0.4
SSPm,12,8,20,0.6
SSPn,13,14,27,0.48
SSPs,7,8,15,0.47
SSPt,1,0,1,1.0
SSSB,12,17,29,0.41
SSSD,8,6,14,0.57
SSSH,11,15,26,0.42
SSSI,5,2,7,0.71
SSSL,5,4,9,0.56
SSSM,28,24,52,0.54
SSSN,21,15,36,0.58
SSSP,15,21,36,0.42
SSSS,56,56,112,0.5
SSSb,15,12,27,0.56
SSSh,10,12,22,0.45
SSSl,5,2,7,0.71
SSSm,23,25,48,0.48
SSSn,17,12,29,0.59
SSSs,9,14,23,0.39
SSSt,5,3,8,0.62
SSbB,13,9,22,0.59
SSbD,1,0,1,1.0
SSbH,1,1,2,0.5
SSbI,3,0,3,1.0
SSbJ,4,2,6,0.67
SSbK,0,4,4,0.0
SSbL,1,2,3,0.33
SSbM,14,13,27,0.52
SSbN,8,6,14,0.57
SSbP,8,15,23,0.35
SSbS,5,12,17,0.29
SSbb,3,7,10,0.3
SSbh,1,1,2,0.5
SSbl,3,0,3,1.0
SSbm,6,7,13,0.46
SSbn,10,7,17,0.59
SSbs,4,2,6,0.67
SShB,5,5,10,0.5
SShD,0,1,1,0.0
SShH,0,2,2,0.0
SShI,0,1,1,0.0
SShL,2,2,4,0.5
SShM,5,8,13,0.38
SShN,6,5,11,0.55
SShP,3,4,7,0.43
SShS,6,9,15,0.4
SShb,1,7,8,0.12
SShh,3,5,8,0.38
SShl,1,1,2,0.5
SShm,5,3,8,0.62
SShn,4,2,6,0.67
SShs,6,7,13,0.46
SSht,0,1,1,0.0
SSlB,5,3,8,0.62
SSlD,1,0,1,1.0
SSlH,2,0,2,1.0
SSlJ,2,1,3,0.67
SSlL,1,1,2,0.5
SSlM,3,2,5,0.6
SSlN,3,5,8,0.38
SSlP,4,3,7,0.57
SSlS,2,2,4,0.5
SSlb,6,2,8,0.75
SSll,2,0,2,1.0
SSlm,4,5,9,0.44
SSln,3,2,5,0.6
SSls,2,2,4,0.5
SSmB,17,16,33,0.52
SSmD,9,3,12,0.75
SSmH,12,6,18,0.67
SSmI,1,2,3,0.33
SSmJ,3,0,3,1.0
SSmL,7,6,13,0.54
SSmM,15,20,35,0.43
SSmN,10,12,22,0.45
SSmP,14,10,24,0.58
SSmS,24,19,43,0.56
SSmb,15,12,27,0.56
SSml,3,2,5,0.6
SSmm,17,20,37,0.46
SSmn,13,11,24,0.54
SSms,8,11,19,0.42
SSnB,7,7,14,0.5
SSnD,3,2,5,0.6
SSnH,7,3,10,0.7
SSnI,2,1,3,0.67
SSnK,0,1,1,0.0
SSnL,1,3,4,0.25
SSnM,12,4,16,0.75
SSnN,8,17,25,0.32
SSnP,14,14,28,0.5
SSnS,18,20,38,0.47
SSnb,4,6,10,0.4
SSnh,0,1,1,0.0
SSnl,4,1,5,0.8
SSnm,12,7,19,0.63
SSnn,15,10,25,0.6
SSns,9,4,13,0.69
SSsB,6,6,12,0.5
SSsD,1,2,3,0.33
SSsH,8,12,20,0.4
SSsI,2,4,6,0.33
SSsK,0,2,2,0.0
SSsL,3,4,7,0.43
SSsM,14,14,28,0.5
SSsN,10,9,19,0.53
SSsP,12,17,29,0.41
SSsS,20,24,44,0.45
SSsb,4,8,12,0.33
SSsh,3,1,4,0.75
SSsl,2,1,3,0.67
SSsm,11,15,26,0.42
SSsn,7,8,15,0.47
SSss,15,14,29,0.52
SSst,3,0,3,1.0
SStB,1,2,3,0.33
SStD,0,0,0,
SStH,4,2,6,0.67
SStL,0,0,0,
SStM,7,2,9,0.78
SStN,1,4,5,0.2
SStP,1,4,5,0.2
SStS,4,6,10,0.4
SStb,2,2,4,0.5
SStl,0,2,2,0.0
SStm,2,1,3,0.67
SStn,1,1,2,0.5
SSts,2,1,3,0.67
SStt,1,1,2,0.5
SbBB,6,8,14,0.43
SbBD,0,1,1,0.0
SbBH,1,0,1,1.0
SbBK,1,0,1,1.0
SbBL,4,3,7,0.57
SbBM,10,6,16,0.62
SbBN,7,9,16,0.44
SbBP,11,8,19,0.58
SbBS,4,9,13,0.31
SbBb,8,9,17,0.47
SbBh,1,0,1,1.0
SbBj,2,0,2,1.0
SbBl,2,0,2,1.0
SbBm,6,3,9,0.67
SbBn,7,9,16,0.44
SbBs,3,4,7,0.43
SbBt,1,0,1,1.0
SbDB,0,1,1,0.0
SbDH,0,1,1,0.0
SbDL,1,0,1,1.0
SbDM,4,2,6,0.67
SbDN,0,0,0,
SbDP,2,1,3,0.67
SbDS,3,1,4,0.75
SbDb,2,0,2,1.0
SbDl,0,2,2,0.0
SbDm,1,1,2,0.5
SbDn,0,1,1,0.0
SbDs,0,2,2,0.0
SbDt,1,0,1,1.0
SbHB,1,1,2,0.5
SbHK,1,0,1,1.0
SbHM,1,3,4,0.25
SbHN,0,3,3,0.0
SbHP,3,2,5,0.6
SbHS,0,0,0,
SbHb,3,2,5,0.6
SbHh,0,1,1,0.0
SbHm,5,1,6,0.83
SbHn,2,0,2,1.0
SbHs,0,1,1,0.0
SbHt,0,1,1,0.0
SbID,0,1,1,0.0
SbIK,1,0,1,1.0
SbIL,0,0,0,
SbIM,1,2,3,0.33
SbIN,0,2,2,0.0
SbIP,0,2,2,0.0
SbIS,1,1,2,0.5
SbIb,0,1,1,0.0
SbIs,1,0,1,1.0
SbJB,2,3,5,0.4
SbJD,0,1,1,0.0
SbJH,2,1,3,0.67
SbJK,0,1,1,0.0
SbJL,0,1,1,0.0
SbJM,2,2,4,0.5
SbJN,3,2,5,0.6
SbJP,5,1,6,0.83
SbJS,4,1,5,0.8
SbJb,2,3,5,0.4
SbJl,0,0,0,
SbJm,4,3,7,0.57
SbJn,0,1,1,0.0
SbJs,0,1,1,0.0
SbKD,0,1,1,0.0
SbKL,1,1,2,0.5
SbKM,0,1,1,0.0
SbKP,1,0,1,1.0
SbKS,2,1,3,0.67
SbKb,0,1,1,0.0
SbKh,1,3,4,0.25
SbKm,2,1,3,0.67
SbKn,1,0,1,1.0
SbLB,0,1,1,0.0
SbLD,2,1,3,0.67
SbLL,1,1,2,0.5
SbLM,1,1,2,0.5
SbLN,2,5,7,0.29
SbLP,2,0,2,1.0
SbLS,0,4,4,0.0
SbLb,5,2,7,0.71
SbLj,0,2,2,0.0
SbLl,1,0,1,1.0
SbLm,7,5,12,0.58
SbLn,2,2,4,0.5
SbLs,3,2,5,0.6
SbLt,0,1,1,0.0
SbMB,4,8,12,0.33
SbMD,2,1,3,0.67
SbMI,0,0,0,
SbML,1,2,3,0.33
SbMM,7,14,21,0.33
SbMN,3,14,17,0.18
SbMP,5,9,14,0.36
SbMS,5,7,12,0.42
SbMb,7,9,16,0.44
SbMh,3,8,11,0.27
SbMj,0,2,2,0.0
SbMl,4,1,5,0.8
SbMm,21,9,30,0.7
SbMn,9,8,17,0.53
SbMs,5,0,5,1.0
SbNB,11,3,14,0.79
SbND,2,1,3,0.67
SbNH,2,2,4,0.5
SbNK,1,2,3,0.33
SbNL,2,3,5,0.4
SbNM,7,10,17,0.41
SbNN,8,7,15,0.53
SbNP,14,4,18,0.78
SbNS,3,6,9,0.33
SbNb,3,9,12,0.25
SbNh,2,5,7,0.29
SbNl,3,1,4,0.75
SbNm,11,3,14,0.79
SbNn,21,8,29,0.72
SbNs,9,6,15,0.6
SbPB,9,5,14,0.64
SbPD,2,1,3,0.67
SbPH,2,2,4,0.5
SbPI,1,1,2,0.5
SbPK,1,3,4,0.25
SbPL,2,1,3,0.67
SbPM,6,9,15,0.4
SbPN,9,4,13,0.69
SbPP,10,12,22,0.45
SbPS,7,3,10,0.7
SbPb,12,8,20,0.6
SbPh,2,1,3,0.67
SbPl,0,4,4,0.0
SbPm,11,10,21,0.52
SbPn,7,15,22,0.32
SbPs,5,2,7,0.71
SbPt,1,1,2,0.5
SbSB,4,4,8,0.5
SbSD,1,1,2,0.5
SbSI,1,0,1,1.0
SbSL,2,0,2,1.0
SbSM,4,2,6,0.67
SbSN,4,9,13,0.31
SbSP,6,5,11,0.55
SbSS,4,12,16,0.25
SbSb,7,4,11,0.64
SbSh,2,2,4,0.5
SbSl,3,0,3,1.0
SbSm,10,6,16,0.62
SbSn,6,5,11,0.55
SbSs,3,7,10,0.3
SbSt,2,2,4,0.5
SbbB,4,6,10,0.4
SbbD,2,0,2,1.0
SbbH,2,3,5,0.4
SbbI,1,1,2,0.5
SbbJ,0,2,2,0.0
SbbK,0,1,1,0.0
SbbL,3,4,7,0.43
SbbM,2,6,8,0.25
SbbN,5,8,13,0.38
SbbP,9,7,16,0.56
SbbS,3,5,8,0.38
Sbbb,9,5,14,0.64
Sbbl,3,4,7,0.43
Sbbm,7,8,15,0.47
Sbbn,6,1,7,0.86
Sbbs,3,2,5,0.6
SbhS,2,0,2,1.0
Sbhm,2,1,3,0.67
SblB,1,4,5,0.2
SblH,1,0,1,1.0
SblJ,0,2,2,0.0
SblL,0,3,3,0.0
SblM,0,1,1,0.0
SblN,2,4,6,0.33
SblP,4,1,5,0.8
SblS,2,1,3,0.67
Sblb,2,0,2,1.0
Sbll,0,1,1,0.0
Sblm,1,1,2,0.5
Sbls,1,0,1,1.0
SbmB,4,5,9,0.44
SbmD,4,1,5,0.8
SbmH,4,7,11,0.36
SbmI,0,1,1,0.0
SbmJ,1,2,3,0.33
SbmK,1,0,1,1.0
SbmL,1,2,3,0.33
SbmM,4,10,14,0.29
SbmN,12,7,19,0.63
SbmP,4,7,11,0.36
SbmS,2,7,9,0.22
Sbmb,5,5,10,0.5
Sbml,2,3,5,0.4
Sbmm,6,7,13,0.46
Sbmn,4,5,9,0.44
Sbms,7,2,9,0.78
SbnB,8,2,10,0.8
SbnD,1,0,1,1.0
SbnH,4,1,5,0.8
SbnI,5,0,5,1.0
SbnK,0,1,1,0.0
SbnL,0,2,2,0.0
SbnM,4,9,13,0.31
SbnN,4,7,11,0.36
SbnP,7,9,16,0.44
SbnS,4,5,9,0.44
Sbnb,13,3,16,0.81
Sbnh,0,3,3,0.0
Sbnl,0,3,3,0.0
Sbnm,3,7,10,0.3
Sbnn,6,6,12,0.5
Sbns,4,1,5,0.8
SbsB,4,4,8,0.5
SbsD,0,1,1,0.0
SbsH,1,5,6,0.17
SbsI,1,1,2,0.5
SbsL,1,0,1,1.0
SbsM,0,5,5,0.0
SbsN,5,5,10,0.5
SbsP,4,1,5,0.8
SbsS,4,4,8,0.5
Sbsb,1,2,3,0.33
Sbsl,1,0,1,1.0
Sbsm,5,4,9,0.56
Sbsn,5,2,7,0.71
Sbss,3,3,6,0.5
ShBB,3,8,11,0.27
ShBD,1,0,1,1.0
ShBL,1,0,1,1.0
ShBM,2,5,7,0.29
ShBN,11,2,13,0.85
ShBP,3,3,6,0.5
ShBS,2,3,5,0.4
ShBb,2,6,8,0.25
ShBh,0,1,1,0.0
ShBj,2,0,2,1.0
ShBm,4,2,6,0.67
ShBn,3,4,7,0.43
ShBs,2,6,8,0.25
ShBt,0,1,1,0.0
ShDH,0,1,1,0.0
ShDI,0,1,1,0.0
ShDM,2,2,4,0.5
ShDN,0,0,0,
ShDP,0,2,2,0.0
ShDS,1,0,1,1.0
ShDb,1,0,1,1.0
ShDl,2,0,2,1.0
ShDm,4,1,5,0.8
ShDn,1,0,1,1.0
ShDs,1,1,2,0.5
ShDt,0,0,0,
ShHB,2,1,3,0.67
ShHH,0,1,1,0.0
ShHI,1,0,1,1.0
ShHL,0,1,1,0.0
ShHM,1,1,2,0.5
ShHN,1,2,3,0.33
ShHP,1,0,1,1.0
ShHS,1,1,2,0.5
ShHb,0,0,0,
ShHh,0,1,1,0.0
ShHl,1,0,1,1.0
ShHm,0,1,1,0.0
ShHn,0,2,2,0.0
ShHs,2,2,4,0.5
ShIB,0,1,1,0.0
ShIH,0,1,1,0.0
ShII,1,0,1,1.0
ShIL,1,0,1,1.0
ShIM,1,2,3,0.33
ShIN,2,0,2,1.0
ShIS,1,1,2,0.5
ShIn,0,0,0,
ShIs,0,1,1,0.0
ShKL,1,0,1,1.0
ShKS,0,0,0,
ShLB,1,0,1,1.0
ShLD,1,0,1,1.0
ShLL,1,1,2,0.5
ShLM,2,1,3,0.67
ShLN,1,4,5,0.2
ShLP,1,3,4,0.25
ShLS,1,1,2,0.5
ShLb,1,1,2,0.5
ShLl,0,1,1,0.0
ShLm,4,1,5,0.8
ShLn,1,4,5,0.2
ShLs,0,3,3,0.0
ShLt,1,0,1,1.0
ShMB,6,6,12,0.5
ShMD,2,2,4,0.5
ShMH,0,0,0,
ShMK,1,1,2,0.5
ShMM,5,3,8,0.62
ShMN,4,7,11,0.36
ShMP,11,9,20,0.55
ShMS,1,5,6,0.17
ShMb,4,4,8,0.5
ShMh,5,5,10,0.5
ShMj,2,1,3,0.67
ShMl,2,0,2,1.0
ShMm,4,6,10,0.4
ShMn,7,8,15,0.47
ShMs,1,5,6,0.17
ShMt,1,0,1,1.0
ShNB,0,1,1,0.0
ShND,0,0,0,
ShNH,0,0,0,
ShNI,0,1,1,0.0
ShNK,0,1,1,0.0
ShNL,2,1,3,0.67
ShNM,1,4,5,0.2
ShNN,2,5,7,0.29
ShNP,3,9,12,0.25
ShNS,3,4,7,0.43
ShNb,2,4,6,0.33
ShNh,0,0,0,
ShNl,1,2,3,0.33
ShNm,8,2,10,0.8
ShNn,8,7,15,0.53
ShNs,5,5,10,0.5
ShNt,0,1,1,0.0
ShPB,7,6,13,0.54
ShPD,0,2,2,0.0
ShPK,0,2,2,0.0
ShPL,1,3,4,0.25
ShPM,4,7,11,0.36
ShPN,5,5,10,0.5
ShPP,4,7,11,0.36
ShPS,4,3,7,0.57
ShPb,5,3,8,0.62
ShPh,2,0,2,1.0
ShPl,2,5,7,0.29
ShPm,3,4,7,0.43
ShPn,6,4,10,0.6
ShPs,5,5,10,0.5
ShPt,1,0,1,1.0
ShSB,4,4,8,0.5
ShSD,2,1,3,0.67
ShSH,4,5,9,0.44
ShSI,1,0,1,1.0
ShSL,1,0,1,1.0
ShSM,5,12,17,0.29
ShSN,2,5,7,0.29
ShSP,5,3,8,0.62
ShSS,12,13,25,0.48
ShSb,6,3,9,0.67
ShSh,5,3,8,0.62
ShSl,1,1,2,0.5
ShSm,7,2,9,0.78
ShSn,5,7,12,0.42
ShSs,7,10,17,0.41
ShSt,4,0,4,1.0
ShbB,2,2,4,0.5
ShbD,1,0,1,1.0
ShbH,1,0,1,1.0
ShbJ,0,1,1,0.0
ShbK,0,1,1,0.0
ShbL,2,0,2,1.0
ShbM,4,4,8,0.5
ShbN,3,5,8,0.38
ShbP,5,1,6,0.83
ShbS,3,6,9,0.33
Shbb,2,3,5,0.4
Shbl,3,3,6,0.5
Shbm,4,4,8,0.5
Shbn,2,2,4,0.5
Shbs,0,2,2,0.0
ShhB,2,0,2,1.0
ShhD,2,1,3,0.67
ShhH,2,1,3,0.67
ShhI,1,0,1,1.0
ShhL,1,1,2,0.5
ShhM,7,1,8,0.88
ShhN,6,2,8,0.75
ShhP,3,4,7,0.43
ShhS,8,2,10,0.8
Shhb,2,2,4,0.5
Shhh,1,9,10,0.1
Shhl,1,3,4,0.25
Shhm,7,5,12,0.58
Shhn,3,4,7,0.43
Shhs,0,3,3,0.0
Shht,2,0,2,1.0
ShlB,0,1,1,0.0
ShlH,0,1,1,0.0
ShlJ,2,0,2,1.0
ShlM,4,1,5,0.8
ShlN,1,5,6,0.17
ShlP,2,1,3,0.67
ShlS,3,0,3,1.0
Shlb,1,2,3,0.33
Shll,0,2,2,0.0
Shlm,3,1,4,0.75
Shln,5,1,6,0.83
Shls,3,3,6,0.5
ShmB,4,5,9,0.44
ShmD,0,3,3,0.0
ShmH,8,5,13,0.62
ShmI,0,0,0,
ShmJ,3,2,5,0.6
ShmK,0,0,0,
ShmL,0,3,3,0.0
ShmM,5,10,15,0.33
ShmN,1,6,7,0.14
ShmP,2,4,6,0.33
ShmS,4,9,13,0.31
Shmb,4,10,14,0.29
Shml,0,2,2,0.0
Shmm,5,3,8,0.62
Shmn,4,3,7,0.57
Shms,6,2,8,0.75
ShnB,7,4,11,0.64
ShnD,0,3,3,0.0
ShnH,1,1,2,0.5
ShnI,1,0,1,1.0
ShnK,0,0,0,
ShnL,1,0,1,1.0
ShnM,5,1,6,0.83
ShnN,4,4,8,0.5
ShnP,5,6,11,0.45
ShnS,6,6,12,0.5
Shnb,4,5,9,0.44
Shnl,1,2,3,0.33
Shnm,6,2,8,0.75
Shnn,7,4,11,0.64
Shns,3,5,8,0.38
ShsB,2,4,6,0.33
ShsD,2,2,4,0.5
ShsH,4,6,10,0.4
ShsI,0,1,1,0.0
ShsL,0,2,2,0.0
ShsM,7,4,11,0.64
ShsN,5,3,8,0.62
ShsP,5,6,11,0.45
ShsS,5,5,10,0.5
Shsb,5,6,11,0.45
Shsl,1,2,3,0.33
Shsm,9,5,14,0.64
Shsn,1,5,6,0.17
Shss,5,4,9,0.56
ShtH,0,0,0,
ShtL,1,0,1,1.0
ShtN,1,0,1,1.0
ShtP,0,0,0,
ShtS,0,0,0,
Shtl,0,1,1,0.0
Shtm,2,2,4,0.5
Shtn,0,1,1,0.0
Shts,1,1,2,0.5
SlBB,6,2,8,0.75
SlBD,2,1,3,0.67
SlBH,0,1,1,0.0
SlBL,2,1,3,0.67
SlBM,4,4,8,0.5
SlBN,1,1,2,0.5
SlBP,3,2,5,0.6
SlBS,3,2,5,0.6
SlBb,0,2,2,0.0
SlBl,0,2,2,0.0
SlBm,3,5,8,0.38
SlBn,4,1,5,0.8
SlBs,5,2,7,0.71
SlBt,0,1,1,0.0
SlDB,0,1,1,0.0
SlDL,1,0,1,1.0
SlDM,0,1,1,0.0
SlDN,1,0,1,1.0
SlDP,2,0,2,1.0
SlDl,1,0,1,1.0
SlDn,1,0,1,1.0
SlHB,1,2,3,0.33
SlHK,0,1,1,0.0
SlHL,1,0,1,1.0
SlHM,1,4,5,0.2
SlHN,1,4,5,0.2
SlHP,3,6,9,0.33
SlHS,1,1,2,0.5
SlHb,1,1,2,0.5
SlHh,0,0,0,
SlHl,1,0,1,1.0
SlHm,1,0,1,1.0
SlHn,0,1,1,0.0
SlHs,2,1,3,0.67
SlIP,1,0,1,1.0
SlIS,1,1,2,0.5
SlJB,1,2,3,0.33
SlJH,0,1,1,0.0
SlJL,0,1,1,0.0
SlJM,0,1,1,0.0
SlJN,2,0,2,1.0
SlJP,0,3,3,0.0
SlJS,0,1,1,0.0
SlJb,0,1,1,0.0
SlJh,1,0,1,1.0
SlJl,1,0,1,1.0
SlJn,0,1,1,0.0
SlJs,0,1,1,0.0
SlKS,1,0,1,1.0
SlKm,0,0,0,
SlLB,1,0,1,1.0
SlLL,0,1,1,0.0
SlLM,0,2,2,0.0
SlLN,4,2,6,0.67
SlLP,0,2,2,0.0
SlLS,1,2,3,0.33
SlLb,1,3,4,0.25
SlLj,1,0,1,1.0
SlLm,0,5,5,0.0
SlLn,1,4,5,0.2
SlLt,1,0,1,1.0
SlMB,2,0,2,1.0
SlMD,1,3,4,0.25
SlML,1,2,3,0.33
SlMM,4,2,6,0.67
SlMN,0,1,1,0.0
SlMP,3,4,7,0.43
SlMS,3,5,8,0.38
SlMb,4,2,6,0.67
SlMh,0,2,2,0.0
SlMj,0,1,1,0.0
SlMl,1,1,2,0.5
SlMm,4,2,6,0.67
SlMn,6,5,11,0.55
SlMs,4,3,7,0.57
SlMt,0,2,2,0.0
SlNB,0,1,1,0.0
SlND,0,1,1,0.0
SlNI,1,0,1,1.0
SlNK,1,0,1,1.0
SlNL,2,0,2,1.0
SlNM,3,3,6,0.5
SlNN,5,3,8,0.62
SlNP,4,8,12,0.33
SlNS,4,2,6,0.67
SlNb,4,3,7,0.57
SlNh,0,2,2,0.0
SlNl,0,0,0,
SlNm,2,8,10,0.2
SlNn,5,2,7,0.71
SlNs,3,0,3,1.0
SlNt,1,0,1,1.0
SlPB,3,6,9,0.33
SlPD,2,0,2,1.0
SlPH,2,1,3,0.67
SlPK,0,1,1,0.0
SlPL,1,2,3,0.33
SlPM,4,6,10,0.4
SlPN,1,9,10,0.1
SlPP,5,3,8,0.62
SlPS,1,3,4,0.25
SlPb,3,2,5,0.6
SlPh,2,0,2,1.0
SlPl,1,3,4,0.25
SlPm,4,1,5,0.8
SlPn,3,3,6,0.5
SlPs,2,2,4,0.5
SlPt,2,1,3,0.67
SlSB,3,1,4,0.75
SlSD,0,2,2,0.0
SlSH,2,0,2,1.0
SlSL,0,2,2,0.0
SlSM,6,4,10,0.6
SlSN,1,2,3,0.33
SlSP,5,1,6,0.83
SlSS,4,4,8,0.5
SlSb,2,4,6,0.33
SlSh,0,1,1,0.0
SlSl,2,3,5,0.4
SlSm,5,7,12,0.42
SlSn,9,1,10,0.9
SlSs,4,5,9,0.44
SlSt,1,0,1,1.0
SlbB,3,4,7,0.43
SlbD,1,0,1,1.0
SlbH,1,0,1,1.0
SlbJ,2,0,2,1.0
SlbL,2,1,3,0.67
SlbM,3,1,4,0.75
SlbN,4,2,6,0.67
SlbP,5,10,15,0.33
SlbS,2,1,3,0.67
Slbb,1,8,9,0.11
Slbl,1,1,2,0.5
Slbm,1,2,3,0.33
Slbn,1,3,4,0.25
Slbs,2,1,3,0.67
SllB,2,1,3,0.67
SllK,0,0,0,
SllL,2,0,2,1.0
SllM,0,1,1,0.0
SllN,1,1,2,0.5
Sllb,0,1,1,0.0
Sllm,1,0,1,1.0
Slln,0,0,0,
Slls,0,3,3,0.0
SlmB,4,1,5,0.8
SlmD,1,2,3,0.33
SlmH,4,2,6,0.67
SlmI,0,1,1,0.0
SlmL,2,1,3,0.67
SlmM,2,2,4,0.5
SlmN,3,2,5,0.6
SlmP,3,2,5,0.6
SlmS,2,4,6,0.33
Slmb,4,1,5,0.8
Slml,2,1,3,0.67
Slmm,1,4,5,0.2
Slmn,2,0,2,1.0
Slms,3,2,5,0.6
SlnB,2,4,6,0.33
SlnH,1,1,2,0.5
SlnI,1,1,2,0.5
SlnL,0,2,2,0.0
SlnM,4,2,6,0.67
SlnN,3,3,6,0.5
SlnP,5,5,10,0.5
SlnS,3,4,7,0.43
Slnb,2,0,2,1.0
Slnl,3,2,5,0.6
Slnm,5,6,11,0.45
Slnn,0,1,1,0.0
Slns,1,0,1,1.0
SlsB,1,0,1,1.0
SlsD,1,2,3,0.33
SlsH,3,2,5,0.6
SlsI,1,0,1,1.0
SlsM,1,1,2,0.5
SlsN,2,1,3,0.67
SlsP,3,3,6,0.5
SlsS,0,0,0,
Slsb,2,3,5,0.4
Slsh,0,0,0,
Slsm,6,4,10,0.6
Slsn,1,0,1,1.0
Slss,1,3,4,0.25
SmBB,8,8,16,0.5
SmBD,3,2,5,0.6
SmBH,1,0,1,1.0
SmBK,0,2,2,0.0
SmBL,2,3,5,0.4
SmBM,11,9,20,0.55
SmBN,18,11,29,0.62
SmBP,13,8,21,0.62
SmBS,8,12,20,0.4
SmBb,5,7,12,0.42
SmBh,2,3,5,0.4
SmBj,3,4,7,0.43
SmBl,1,7,8,0.12
SmBm,14,8,22,0.64
SmBn,5,12,17,0.29
SmBs,10,3,13,0.77
SmBt,0,1,1,0.0
SmDB,3,2,5,0.6
SmDD,2,2,4,0.5
SmDH,0,2,2,0.0
SmDI,1,1,2,0.5
SmDL,1,0,1,1.0
SmDM,5,7,12,0.42
SmDN,1,2,3,0.33
SmDP,1,3,4,0.25
SmDS,6,5,11,0.55
SmDb,2,2,4,0.5
SmDh,1,1,2,0.5
SmDl,1,1,2,0.5
SmDm,7,3,10,0.7
SmDn,3,3,6,0.5
SmDs,1,0,1,1.0
SmHB,10,8,18,0.56
SmHD,2,2,4,0.5
SmHH,1,1,2,0.5
SmHI,1,0,1,1.0
SmHK,1,0,1,1.0
SmHL,1,5,6,0.17
SmHM,13,7,20,0.65
SmHN,5,9,14,0.36
SmHP,4,9,13,0.31
SmHS,7,8,15,0.47
SmHb,8,8,16,0.5
SmHh,3,4,7,0.43
SmHl,1,3,4,0.25
SmHm,10,8,18,0.56
SmHn,6,6,12,0.5
SmHs,9,7,16,0.56
SmHt,3,0,3,1.0
SmIB,0,1,1,0.0
SmIH,0,1,1,0.0
SmIL,0,1,1,0.0
SmIN,1,1,2,0.5
SmIP,0,1,1,0.0
SmIS,0,1,1,0.0
SmIb,2,4,6,0.33
SmIl,1,0,1,1.0
SmIm,1,1,2,0.5
SmIn,1,1,2,0.5
SmIs,1,0,1,1.0
SmJB,2,0,2,1.0
SmJD,0,0,0,
SmJH,0,1,1,0.0
SmJI,0,1,1,0.0
SmJM,2,2,4,0.5
SmJN,3,3,6,0.5
SmJP,2,3,5,0.4
SmJS,0,4,4,0.0
SmJb,1,1,2,0.5
SmJh,0,1,1,0.0
SmJl,0,2,2,0.0
SmJm,1,6,7,0.14
SmJn,0,1,1,0.0
SmJs,3,1,4,0.75
SmJt,2,0,2,1.0
SmKL,0,1,1,0.0
SmKM,1,0,1,1.0
SmKP,1,0,1,1.0
SmKS,0,2,2,0.0
SmKh,0,0,0,
SmKl,0,1,1,0.0
SmKn,1,0,1,1.0
SmLB,4,4,8,0.5
SmLD,0,1,1,0.0
SmLK,1,0,1,1.0
SmLM,6,5,11,0.55
SmLN,3,4,7,0.43
SmLP,2,4,6,0.33
SmLS,4,4,8,0.5
SmLb,3,2,5,0.6
SmLh,3,1,4,0.75
SmLj,1,0,1,1.0
SmLm,3,2,5,0.6
SmLn,6,4,10,0.6
SmLs,3,3,6,0.5
SmMB,14,6,20,0.7
SmMD,9,1,10,0.9
SmMI,0,1,1,0.0
SmMK,0,0,0,
SmML,4,5,9,0.44
SmMM,10,14,24,0.42
SmMN,16,13,29,0.55
SmMP,6,13,19,0.32
SmMS,9,9,18,0.5
SmMb,12,12,24,0.5
SmMh,14,6,20,0.7
SmMj,1,0,1,1.0
SmMl,3,1,4,0.75
SmMm,14,12,26,0.54
SmMn,10,13,23,0.43
SmMs,14,5,19,0.74
SmMt,1,2,3,0.33
SmNB,6,6,12,0.5
SmND,3,2,5,0.6
SmNH,3,1,4,0.75
SmNI,1,0,1,1.0
SmNK,2,3,5,0.4
SmNL,3,5,8,0.38
SmNM,7,7,14,0.5
SmNN,16,18,34,0.47
SmNP,14,18,32,0.44
SmNS,9,11,20,0.45
SmNb,8,12,20,0.4
SmNh,2,2,4,0.5
SmNl,4,1,5,0.8
SmNm,8,13,21,0.38
SmNn,15,15,30,0.5
SmNs,10,10,20,0.5
SmNt,1,1,2,0.5
SmPB,7,11,18,0.39
SmPD,4,2,6,0.67
SmPH,2,2,4,0.5
SmPI,0,1,1,0.0
SmPK,2,1,3,0.67
SmPL,7,3,10,0.7
SmPM,11,18,29,0.38
SmPN,12,13,25,0.48
SmPP,16,12,28,0.57
SmPS,9,5,14,0.64
SmPb,8,15,23,0.35
SmPh,1,0,1,1.0
SmPl,1,1,2,0.5
SmPm,17,7,24,0.71
SmPn,16,15,31,0.52
SmPs,8,9,17,0.47
SmPt,0,2,2,0.0
SmSB,7,7,14,0.5
SmSD,3,3,6,0.5
SmSH,5,7,12,0.42
SmSI,1,1,2,0.5
SmSK,2,0,2,1.0
SmSL,3,2,5,0.6
SmSM,13,20,33,0.39
SmSN,5,12,17,0.29
SmSP,14,13,27,0.52
SmSS,8,21,29,0.28
SmSb,11,10,21,0.52
SmSh,7,4,11,0.64
SmSl,1,2,3,0.33
SmSm,21,13,34,0.62
SmSn,8,10,18,0.44
SmSs,11,10,21,0.52
SmSt,0,0,0,
SmbB,12,12,24,0.5
SmbD,0,1,1,0.0
SmbH,2,0,2,1.0
SmbJ,3,2,5,0.6
SmbK,0,2,2,0.0
SmbL,1,3,4,0.25
SmbM,8,15,23,0.35
SmbN,11,13,24,0.46
SmbP,11,10,21,0.52
SmbS,3,7,10,0.3
Smbb,8,7,15,0.53
Smbl,0,1,1,0.0
Smbm,7,8,15,0.47
Smbn,14,4,18,0.78
Smbs,4,6,10,0.4
SmhN,0,1,1,0.0
SmhS,0,1,1,0.0
Smhm,0,0,0,
Smhs,0,1,1,0.0
SmlB,3,6,9,0.33
SmlD,0,1,1,0.0
SmlH,1,1,2,0.5
SmlJ,4,1,5,0.8
SmlM,6,8,14,0.43
SmlN,4,4,8,0.5
SmlP,5,1,6,0.83
SmlS,6,2,8,0.75
Smlb,4,2,6,0.67
Smll,0,3,3,0.0
Smlm,3,3,6,0.5
Smln,2,3,5,0.4
Smls,4,1,5,0.8
SmmB,11,8,19,0.58
SmmD,2,0,2,1.0
SmmH,9,7,16,0.56
SmmI,0,1,1,0.0
SmmJ,0,1,1,0.0
SmmK,2,1,3,0.67
SmmL,1,4,5,0.2
SmmM,16,23,39,0.41
SmmN,11,12,23,0.48
SmmP,13,14,27,0.48
SmmS,15,9,24,0.62
Smmb,10,13,23,0.43
Smml,3,2,5,0.6
Smmm,12,12,24,0.5
Smmn,9,7,16,0.56
Smms,11,3,14,0.79
SmnB,11,11,22,0.5
SmnD,0,1,1,0.0
SmnH,4,8,12,0.33
SmnI,4,0,4,1.0
SmnK,1,1,2,0.5
SmnL,3,1,4,0.75
SmnM,9,10,19,0.47
SmnN,8,9,17,0.47
SmnP,10,12,22,0.45
SmnS,7,11,18,0.39
Smnb,11,10,21,0.52
Smnh,0,0,0,
Smnl,4,3,7,0.57
Smnm,13,7,20,0.65
Smnn,8,9,17,0.47
Smns,8,7,15,0.53
SmsB,3,5,8,0.38
SmsD,3,2,5,0.6
SmsH,7,5,12,0.58
SmsI,1,2,3,0.33
SmsK,0,1,1,0.0
SmsL,1,1,2,0.5
SmsM,4,11,15,0.27
SmsN,5,7,12,0.42
SmsP,8,9,17,0.47
SmsS,8,7,15,0.53
Smsb,4,4,8,0.5
Smsl,1,3,4,0.25
Smsm,9,3,12,0.75
Smsn,4,6,10,0.4
Smss,6,4,10,0.6
Smst,1,1,2,0.5
SmtB,0,1,1,0.0
SmtD,0,1,1,0.0
SmtN,1,0,1,1.0
SnBB,7,9,16,0.44
SnBD,3,2,5,0.6
SnBK,2,0,2,1.0
SnBL,1,6,7,0.14
SnBM,5,2,7,0.71
SnBN,7,7,14,0.5
SnBP,7,8,15,0.47
SnBS,5,6,11,0.45
SnBb,9,3,12,0.75
SnBh,0,0,0,
SnBj,1,3,4,0.25
SnBl,5,3,8,0.62
SnBm,7,5,12,0.58
SnBn,6,5,11,0.55
SnBs,3,3,6,0.5
SnBt,1,2,3,0.33
SnDB,2,2,4,0.5
SnDD,0,1,1,0.0
SnDH,2,0,2,1.0
SnDL,2,0,2,1.0
SnDM,2,1,3,0.67
SnDN,1,3,4,0.25
SnDP,1,2,3,0.33
SnDS,4,2,6,0.67
SnDb,1,0,1,1.0
SnDh,0,0,0,
SnDm,4,1,5,0.8
SnDn,0,3,3,0.0
SnDs,1,1,2,0.5
SnHB,4,3,7,0.57
SnHD,1,4,5,0.2
SnHH,1,0,1,1.0
SnHL,1,2,3,0.33
SnHM,3,6,9,0.33
SnHN,5,6,11,0.45
SnHP,9,7,16,0.56
SnHS,3,6,9,0.33
SnHb,6,3,9,0.67
SnHh,2,2,4,0.5
SnHl,2,2,4,0.5
SnHm,8,6,14,0.57
SnHn,5,3,8,0.62
SnHs,1,6,7,0.14
SnIH,2,2,4,0.5
SnIK,0,0,0,
SnIL,1,1,2,0.5
SnIM,0,5,5,0.0
SnIN,1,2,3,0.33
SnIP,2,1,3,0.67
SnIS,1,0,1,1.0
SnIb,2,2,4,0.5
SnIm,4,0,4,1.0
SnIn,0,3,3,0.0
SnIs,1,0,1,1.0
SnIt,0,2,2,0.0
SnKB,1,2,3,0.33
SnKD,0,0,0,
SnKH,1,0,1,1.0
SnKI,1,1,2,0.5
SnKM,2,3,5,0.4
SnKN,0,1,1,0.0
SnKP,0,3,3,0.0
SnKS,0,1,1,0.0
SnKb,1,0,1,1.0
SnKh,2,1,3,0.67
SnKl,1,0,1,1.0
SnKm,2,1,3,0.67
SnKn,1,1,2,0.5
SnKt,1,0,1,1.0
SnLB,0,1,1,0.0
SnLH,0,0,0,
SnLK,2,1,3,0.67
SnLL,1,1,2,0.5
SnLM,0,3,3,0.0
SnLN,4,4,8,0.5
SnLP,3,7,10,0.3
SnLS,3,2,5,0.6
SnLb,1,1,2,0.5
SnLh,0,1,1,0.0
SnLl,3,0,3,1.0
SnLm,2,0,2,1.0
SnLn,7,6,13,0.54
SnLs,2,0,2,1.0
SnLt,0,0,0,
SnMB,6,13,19,0.32
SnMD,2,1,3,0.67
SnMK,1,0,1,1.0
SnML,3,1,4,0.75
SnMM,4,14,18,0.22
SnMN,9,14,23,0.39
SnMP,10,10,20,0.5
SnMS,5,6,11,0.45
SnMb,7,7,14,0.5
SnMh,10,5,15,0.67
SnMj,1,2,3,0.33
SnMl,3,0,3,1.0
SnMm,6,9,15,0.4
SnMn,18,11,29,0.62
SnMs,2,8,10,0.2
SnMt,1,1,2,0.5
SnNB,13,11,24,0.54
SnND,3,3,6,0.5
SnNH,2,2,4,0.5
SnNK,1,3,4,0.25
SnNL,7,7,14,0.5
SnNM,13,5,18,0.72
SnNN,12,13,25,0.48
SnNP,11,18,29,0.38
SnNS,4,14,18,0.22
SnNb,8,8,16,0.5
SnNh,2,2,4,0.5
SnNl,0,3,3,0.0
SnNm,16,9,25,0.64
SnNn,15,17,32,0.47
SnNs,13,10,23,0.57
SnNt,0,1,1,0.0
SnPB,10,16,26,0.38
SnPD,3,2,5,0.6
SnPH,2,0,2,1.0
SnPI,3,0,3,1.0
SnPK,1,0,1,1.0
SnPL,3,3,6,0.5
SnPM,18,10,28,0.64
SnPN,12,15,27,0.44
SnPP,12,14,26,0.46
SnPS,12,10,22,0.55
SnPb,20,8,28,0.71
SnPh,2,1,3,0.67
SnPl,8,5,13,0.62
SnPm,18,10,28,0.64
SnPn,10,14,24,0.42
SnPs,13,6,19,0.68
SnPt,0,1,1,0.0
SnSB,7,6,13,0.54
SnSD,4,5,9,0.44
SnSH,1,2,3,0.33
SnSK,1,0,1,1.0
SnSL,0,1,1,0.0
SnSM,9,15,24,0.38
SnSN,10,11,21,0.48
SnSP,16,12,28,0.57
SnSS,7,14,21,0.33
SnSb,9,7,16,0.56
SnSh,5,6,11,0.45
SnSl,4,2,6,0.67
SnSm,10,12,22,0.45
SnSn,12,11,23,0.52
SnSs,13,9,22,0.59
SnSt,1,1,2,0.5
SnbB,4,9,13,0.31
SnbD,0,1,1,0.0
SnbH,1,2,3,0.33
SnbJ,1,1,2,0.5
SnbK,3,1,4,0.75
SnbL,0,3,3,0.0
SnbM,5,5,10,0.5
SnbN,7,10,17,0.41
SnbP,6,14,20,0.3
SnbS,5,3,8,0.62
Snbb,7,7,14,0.5
Snbl,2,0,2,1.0
Snbm,7,7,14,0.5
Snbn,14,7,21,0.67
Snbs,2,2,4,0.5
SnhB,0,2,2,0.0
SnhL,1,0,1,1.0
SnhP,0,1,1,0.0
Snhb,1,1,2,0.5
Snhh,0,1,1,0.0
Snhl,0,1,1,0.0
Snhm,1,0,1,1.0
Snhs,1,0,1,1.0
SnlB,1,4,5,0.2
SnlD,1,1,2,0.5
SnlH,0,1,1,0.0
SnlJ,1,0,1,1.0
SnlL,1,1,2,0.5
SnlM,2,3,5,0.4
SnlN,3,4,7,0.43
SnlP,4,7,11,0.36
SnlS,0,1,1,0.0
Snlb,5,6,11,0.45
Snll,1,3,4,0.25
Snlm,3,1,4,0.75
Snln,0,1,1,0.0
Snls,4,0,4,1.0
SnmB,4,8,12,0.33
SnmD,2,3,5,0.4
SnmH,4,9,13,0.31
SnmI,1,1,2,0.5
SnmJ,1,4,5,0.2
SnmL,1,3,4,0.25
SnmM,11,10,21,0.52
SnmN,16,11,27,0.59
SnmP,12,8,20,0.6
SnmS,10,8,18,0.56
Snmb,12,13,25,0.48
Snmh,0,1,1,0.0
Snml,3,0,3,1.0
Snmm,8,9,17,0.47
Snmn,7,10,17,0.41
Snms,4,5,9,0.44
Snmt,0,0,0,
SnnB,5,5,10,0.5
SnnD,3,0,3,1.0
SnnH,3,9,12,0.25
SnnI,2,2,4,0.5
SnnK,2,4,6,0.33
SnnL,5,3,8,0.62
SnnM,12,10,22,0.55
SnnN,16,12,28,0.57
SnnP,14,11,25,0.56
SnnS,7,11,18,0.39
Snnb,7,5,12,0.58
Snnl,2,1,3,0.67
Snnm,7,11,18,0.39
Snnn,7,17,24,0.29
Snns,5,6,11,0.45
SnsB,5,8,13,0.38
SnsD,0,1,1,0.0
SnsH,2,7,9,0.22
SnsI,5,2,7,0.71
SnsK,0,0,0,
SnsL,3,1,4,0.75
SnsM,4,6,10,0.4
SnsN,5,7,12,0.42
SnsP,10,8,18,0.56
SnsS,9,12,21,0.43
Snsb,12,7,19,0.63
Snsh,1,1,2,0.5
Snsl,1,3,4,0.25
Snsm,6,3,9,0.67
Snsn,7,5,12,0.58
Snss,8,4,12,0.67
SsBB,6,2,8,0.75
SsBD,2,1,3,0.67
SsBK,0,0,0,
SsBL,1,0,1,1.0
SsBM,3,9,12,0.25
SsBN,12,7,19,0.63
SsBP,10,6,16,0.62
SsBS,2,5,7,0.29
SsBb,3,3,6,0.5
SsBh,0,1,1,0.0
SsBj,3,2,5,0.6
SsBl,1,4,5,0.2
SsBm,9,4,13,0.69
SsBn,7,9,16,0.44
SsBs,4,3,7,0.57
SsBt,4,0,4,1.0
SsDB,0,3,3,0.0
SsDD,2,1,3,0.67
SsDH,2,5,7,0.29
SsDL,0,2,2,0.0
SsDM,3,3,6,0.5
SsDN,3,2,5,0.6
SsDP,5,0,5,1.0
SsDS,3,5,8,0.38
SsDb,6,1,7,0.86
SsDh,1,0,1,1.0
SsDl,1,0,1,1.0
SsDm,4,4,8,0.5
SsDn,0,1,1,0.0
SsDs,2,2,4,0.5
SsDt,1,0,1,1.0
SsHB,3,5,8,0.38
SsHD,3,1,4,0.75
SsHH,1,0,1,1.0
SsHI,1,5,6,0.17
SsHK,0,1,1,0.0
SsHL,1,0,1,1.0
SsHM,8,7,15,0.53
SsHN,9,13,22,0.41
SsHP,10,10,20,0.5
SsHS,13,20,33,0.39
SsHb,4,4,8,0.5
SsHh,4,4,8,0.5
SsHl,5,2,7,0.71
SsHm,9,6,15,0.6
SsHn,9,5,14,0.64
SsHs,9,13,22,0.41
SsHt,2,0,2,1.0
SsIB,0,2,2,0.0
SsID,0,1,1,0.0
SsIH,2,1,3,0.67
SsII,1,0,1,1.0
SsIL,0,1,1,0.0
SsIM,1,1,2,0.5
SsIN,1,4,5,0.2
SsIP,4,2,6,0.67
SsIS,2,4,6,0.33
SsIb,3,0,3,1.0
SsIl,1,0,1,1.0
SsIm,2,1,3,0.67
SsIn,2,0,2,1.0
SsIs,1,2,3,0.33
SsKB,1,0,1,1.0
SsKM,0,1,1,0.0
SsKh,1,0,1,1.0
SsKm,1,1,2,0.5
SsKn,1,0,1,1.0
SsLB,5,4,9,0.56
SsLD,2,0,2,1.0
SsLK,1,0,1,1.0
SsLL,1,0,1,1.0
SsLM,0,4,4,0.0
SsLN,1,3,4,0.25
SsLP,6,3,9,0.67
SsLS,0,1,1,0.0
SsLb,2,2,4,0.5
SsLl,3,1,4,0.75
SsLm,4,3,7,0.57
SsLn,3,3,6,0.5
SsLs,3,1,4,0.75
SsLt,1,0,1,1.0
SsMB,8,12,20,0.4
SsMD,2,1,3,0.67
SsML,4,1,5,0.8
SsMM,12,9,21,0.57
SsMN,14,6,20,0.7
SsMP,10,8,18,0.56
SsMS,12,13,25,0.48
SsMb,10,6,16,0.62
SsMh,3,6,9,0.33
SsMj,2,1,3,0.67
SsMl,2,2,4,0.5
SsMm,11,17,28,0.39
SsMn,12,10,22,0.55
SsMs,2,5,7,0.29
SsMt,1,1,2,0.5
SsNB,8,3,11,0.73
SsND,4,0,4,1.0
SsNH,3,2,5,0.6
SsNK,0,0,0,
SsNL,3,6,9,0.33
SsNM,8,7,15,0.53
SsNN,12,13,25,0.48
SsNP,9,9,18,0.5
SsNS,10,8,18,0.56
SsNb,4,6,10,0.4
SsNh,4,0,4,1.0
SsNl,3,0,3,1.0
SsNm,10,8,18,0.56
SsNn,13,12,25,0.52
SsNs,11,8,19,0.58
SsNt,2,1,3,0.67
SsPB,13,9,22,0.59
SsPD,6,2,8,0.75
SsPH,2,3,5,0.4
SsPI,3,2,5,0.6
SsPK,1,1,2,0.5
SsPL,1,5,6,0.17
SsPM,9,8,17,0.53
SsPN,8,13,21,0.38
SsPP,21,9,30,0.7
SsPS,16,9,25,0.64
SsPb,5,11,16,0.31
SsPh,1,0,1,1.0
SsPl,3,4,7,0.43
SsPm,13,12,25,0.52
SsPn,6,12,18,0.33
SsPs,7,17,24,0.29
SsPt,0,1,1,0.0
SsSB,5,12,17,0.29
SsSD,6,9,15,0.4
SsSH,5,5,10,0.5
SsSI,3,2,5,0.6
SsSK,1,0,1,1.0
SsSL,4,1,5,0.8
SsSM,11,11,22,0.5
SsSN,12,10,22,0.55
SsSP,12,14,26,0.46
SsSS,30,27,57,0.53
SsSb,4,5,9,0.44
SsSh,11,12,23,0.48
SsSl,5,4,9,0.56
SsSm,18,16,34,0.53
SsSn,13,11,24,0.54
SsSs,26,22,48,0.54
SsSt,3,4,7,0.43
SsbB,7,9,16,0.44
SsbD,1,0,1,1.0
SsbH,0,2,2,0.0
SsbJ,2,2,4,0.5
SsbK,1,2,3,0.33
SsbL,2,1,3,0.67
SsbM,4,5,9,0.44
SsbN,11,7,18,0.61
SsbP,6,9,15,0.4
SsbS,1,3,4,0.25
Ssbb,8,7,15,0.53
Ssbl,4,0,4,1.0
Ssbm,3,9,12,0.25
Ssbn,7,5,12,0.58
Ssbs,6,4,10,0.6
SshB,0,2,2,0.0
SshM,0,0,0,
SshN,1,2,3,0.33
SshP,0,1,1,0.0
SshS,0,2,2,0.0
Sshh,0,1,1,0.0
Sshl,1,0,1,1.0
Sshm,0,1,1,0.0
Sshn,0,1,1,0.0
Sshs,1,2,3,0.33
SslB,1,1,2,0.5
SslD,1,0,1,1.0
SslI,2,0,2,1.0
SslL,1,2,3,0.33
SslM,0,3,3,0.0
SslN,2,4,6,0.33
SslP,5,4,9,0.56
SslS,0,2,2,0.0
Sslb,4,1,5,0.8
Sslm,4,1,5,0.8
Ssln,3,2,5,0.6
Ssls,3,1,4,0.75
SsmB,10,12,22,0.45
SsmD,4,3,7,0.57
SsmH,15,7,22,0.68
SsmI,2,1,3,0.67
SsmJ,2,4,6,0.33
SsmL,1,1,2,0.5
SsmM,13,17,30,0.43
SsmN,10,16,26,0.38
SsmP,7,7,14,0.5
SsmS,12,12,24,0.5
Ssmb,8,7,15,0.53
Ssmh,0,1,1,0.0
Ssml,1,3,4,0.25
Ssmm,8,11,19,0.42
Ssmn,18,10,28,0.64
Ssms,9,5,14,0.64
SsnB,4,5,9,0.44
SsnD,1,0,1,1.0
SsnH,1,5,6,0.17
SsnI,2,1,3,0.67
SsnK,2,2,4,0.5
SsnL,3,1,4,0.75
SsnM,6,9,15,0.4
SsnN,10,9,19,0.53
SsnP,6,7,13,0.46
SsnS,7,7,14,0.5
Ssnb,9,3,12,0.75
Ssnl,0,2,2,0.0
Ssnm,5,13,18,0.28
Ssnn,8,6,14,0.57
Ssns,6,5,11,0.55
Ssnt,0,0,0,
SssB,5,8,13,0.38
SssD,2,4,6,0.33
SssH,9,12,21,0.43
SssI,3,1,4,0.75
SssK,0,0,0,
SssL,4,1,5,0.8
SssM,9,12,21,0.43
SssN,13,11,24,0.54
SssP,7,11,18,0.39
SssS,17,11,28,0.61
Sssb,11,9,20,0.55
Sssl,3,3,6,0.5
Sssm,17,7,24,0.71
Sssn,10,5,15,0.67
Ssss,10,11,21,0.48
Ssst,0,1,1,0.0
SstB,0,2,2,0.0
SstD,1,0,1,1.0
SstS,1,0,1,1.0
Sstm,2,0,2,1.0
StBB,1,1,2,0.5
StBD,0,0,0,
StBM,2,3,5,0.4
StBN,3,1,4,0.75
StBP,1,0,1,1.0
StBS,2,0,2,1.0
StBb,2,1,3,0.67
StBh,0,2,2,0.0
StBj,1,0,1,1.0
StBl,0,2,2,0.0
StBm,3,4,7,0.43
StBn,3,2,5,0.6
StBs,1,0,1,1.0
StDD,1,0,1,1.0
StDL,0,1,1,0.0
StDN,1,0,1,1.0
StDP,1,0,1,1.0
StDS,0,2,2,0.0
StDh,0,1,1,0.0
StDm,1,0,1,1.0
StDn,0,1,1,0.0
StHB,0,1,1,0.0
StHD,1,0,1,1.0
StHM,3,0,3,1.0
StHP,5,1,6,0.83
StHS,2,2,4,0.5
StHb,0,2,2,0.0
StHm,2,2,4,0.5
StHn,1,1,2,0.5
StHs,0,2,2,0.0
StIm,1,0,1,1.0
StIt,1,0,1,1.0
StKM,1,0,1,1.0
StKS,0,1,1,0.0
StKh,1,0,1,1.0
StKm,0,1,1,0.0
StLN,1,0,1,1.0
StLP,0,1,1,0.0
StLS,2,1,3,0.67
StLb,1,0,1,1.0
StLh,2,0,2,1.0
StLl,1,0,1,1.0
StLm,0,0,0,
StLn,0,1,1,0.0
StLs,0,1,1,0.0
StMB,1,3,4,0.25
StML,3,1,4,0.75
StMM,3,1,4,0.75
StMN,4,1,5,0.8
StMP,0,2,2,0.0
StMS,2,1,3,0.67
StMb,1,0,1,1.0
StMh,3,1,4,0.75
StMm,2,3,5,0.4
StMn,1,1,2,0.5
StMs,2,2,4,0.5
StMt,0,1,1,0.0
StNB,3,2,5,0.6
StND,0,1,1,0.0
StNL,1,0,1,1.0
StNM,2,0,2,1.0
StNN,3,5,8,0.38
StNP,2,2,4,0.5
StNS,0,2,2,0.0
StNb,1,1,2,0.5
StNl,0,1,1,0.0
StNm,2,1,3,0.67
StNn,2,2,4,0.5
StNs,3,3,6,0.5
StPB,1,1,2,0.5
StPD,2,1,3,0.67
StPH,2,1,3,0.67
StPI,1,0,1,1.0
StPK,1,0,1,1.0
StPM,2,4,6,0.33
StPN,2,5,7,0.29
StPP,1,4,5,0.2
StPS,3,1,4,0.75
StPb,1,5,6,0.17
StPh,1,0,1,1.0
StPl,2,1,3,0.67
StPm,5,1,6,0.83
StPn,4,1,5,0.8
StPs,1,2,3,0.33
StPt,1,0,1,1.0
StSB,1,2,3,0.33
StSI,0,1,1,0.0
StSM,1,1,2,0.5
StSN,3,1,4,0.75
StSP,1,0,1,1.0
StSS,3,4,7,0.43
StSb,0,1,1,0.0
StSh,0,2,2,0.0
StSl,1,1,2,0.5
StSm,0,0,0,
StSn,4,5,9,0.44
StSs,3,2,5,0.6
StbB,1,0,1,1.0
StbD,1,1,2,0.5
StbH,1,1,2,0.5
StbL,1,0,1,1.0
StbM,2,1,3,0.67
StbN,1,0,1,1.0
StbP,0,1,1,0.0
StbS,0,1,1,0.0
Stbb,0,2,2,0.0
Stbl,0,1,1,0.0
Stbm,1,1,2,0.5
Stbn,1,0,1,1.0
Stbs,1,1,2,0.5
StlH,1,0,1,1.0
StlM,1,0,1,1.0
StlN,1,1,2,0.5
StlP,0,1,1,0.0
StlS,1,0,1,1.0
Stlb,1,2,3,0.33
Stll,1,0,1,1.0
Stlm,1,0,1,1.0
Stln,2,1,3,0.67
StmB,4,1,5,0.8
StmD,1,0,1,1.0
StmH,3,0,3,1.0
StmI,0,1,1,0.0
StmM,0,4,4,0.0
StmN,3,3,6,0.5
StmP,2,5,7,0.29
StmS,2,2,4,0.5
Stmb,1,3,4,0.25
Stmm,2,1,3,0.67
Stmn,2,2,4,0.5
StnB,0,1,1,0.0
StnH,0,0,0,
StnL,1,1,2,0.5
StnM,2,0,2,1.0
StnN,3,2,5,0.6
StnP,1,3,4,0.25
StnS,2,0,2,1.0
Stnb,2,1,3,0.67
Stnm,1,1,2,0.5
Stnn,2,0,2,1.0
Stns,1,2,3,0.33
StsB,1,2,3,0.33
StsD,1,0,1,1.0
StsH,3,1,4,0.75
StsL,1,0,1,1.0
StsM,0,1,1,0.0
StsN,3,0,3,1.0
StsP,2,3,5,0.4
StsS,2,4,6,0.33
Stsm,1,3,4,0.25
Stsn,0,1,1,0.0
Stss,3,0,3,1.0
SttL,1,0,1,1.0
SttM,0,1,1,0.0
SttP,1,1,2,0.5
Sttb,0,1,1,0.0
Sttm,1,0,1,1.0
Sttn,0,1,1,0.0
bBBB,9,6,15,0.6
bBBD,0,0,0,
bBBL,3,4,7,0.43
bBBM,10,7,17,0.59
bBBN,15,14,29,0.52
bBBP,12,6,18,0.67
bBBS,3,5,8,0.38
bBBb,9,14,23,0.39
bBBj,2,2,4,0.5
bBBl,5,4,9,0.56
bBBm,13,8,21,0.62
bBBn,15,13,28,0.54
bBBs,3,2,5,0.6
bBBt,3,5,8,0.38
bBDB,0,1,1,0.0
bBDD,2,1,3,0.67
bBDH,1,2,3,0.33
bBDI,0,0,0,
bBDL,1,1,2,0.5
bBDM,3,2,5,0.6
bBDN,1,0,1,1.0
bBDP,2,1,3,0.67
bBDS,3,2,5,0.6
bBDb,1,2,3,0.33
bBDm,1,3,4,0.25
bBDn,2,0,2,1.0
bBDs,2,2,4,0.5
bBHH,0,0,0,
bBHM,1,0,1,1.0
bBHN,1,0,1,1.0
bBHP,0,0,0,
bBHS,0,1,1,0.0
bBKB,1,2,3,0.33
bBKD,0,1,1,0.0
bBKM,0,1,1,0.0
bBKN,0,2,2,0.0
bBKP,3,1,4,0.75
bBKS,0,1,1,0.0
bBKb,1,0,1,1.0
bBKh,2,0,2,1.0
bBKm,3,3,6,0.5
bBKn,1,3,4,0.25
bBKs,0,1,1,0.0
bBKt,1,0,1,1.0
bBLB,3,4,7,0.43
bBLD,1,0,1,1.0
bBLL,1,0,1,1.0
bBLM,3,3,6,0.5
bBLN,2,2,4,0.5
bBLP,7,4,11,0.64
bBLS,2,1,3,0.67
bBLb,3,1,4,0.75
bBLh,0,2,2,0.0
bBLl,2,0,2,1.0
bBLm,2,5,7,0.29
bBLn,6,5,11,0.55
bBLs,3,1,4,0.75
bBMB,7,11,18,0.39
bBMD,0,0,0,
bBMH,1,0,1,1.0
bBML,3,1,4,0.75
bBMM,7,10,17,0.41
bBMN,9,9,18,0.5
bBMP,9,10,19,0.47
bBMS,5,5,10,0.5
bBMb,7,5,12,0.58
bBMh,10,5,15,0.67
bBMj,1,1,2,0.5
bBMl,2,3,5,0.4
bBMm,14,4,18,0.78
bBMn,19,5,24,0.79
bBMs,6,6,12,0.5
bBMt,5,0,5,1.0
bBNB,9,11,20,0.45
bBND,3,3,6,0.5
bBNH,0,3,3,0.0
bBNK,1,0,1,1.0
bBNL,3,4,7,0.43
bBNM,12,11,23,0.52
bBNN,14,11,25,0.56
bBNP,18,19,37,0.49
bBNS,10,8,18,0.56
bBNb,7,12,19,0.37
bBNh,1,9,10,0.1
bBNl,7,2,9,0.78
bBNm,19,10,29,0.66
bBNn,19,13,32,0.59
bBNs,12,8,20,0.6
bBNt,1,4,5,0.2
bBPB,5,16,21,0.24
bBPD,3,2,5,0.6
bBPH,3,2,5,0.6
bBPI,2,3,5,0.4
bBPK,1,4,5,0.2
bBPL,5,4,9,0.56
bBPM,10,11,21,0.48
bBPN,13,17,30,0.43
bBPP,19,19,38,0.5
bBPS,8,10,18,0.44
bBPb,8,10,18,0.44
bBPh,1,1,2,0.5
bBPl,6,4,10,0.6
bBPm,12,12,24,0.5
bBPn,15,8,23,0.65
bBPs,5,13,18,0.28
bBPt,5,0,5,1.0
bBSB,4,3,7,0.57
bBSD,1,0,1,1.0
bBSH,7,1,8,0.88
bBSL,1,3,4,0.25
bBSM,5,7,12,0.42
bBSN,6,6,12,0.5
bBSP,9,7,16,0.56
bBSS,8,6,14,0.57
bBSb,2,4,6,0.33
bBSh,3,2,5,0.6
bBSl,3,4,7,0.43
bBSm,14,10,24,0.58
bBSn,3,8,11,0.27
bBSs,6,3,9,0.67
bBSt,2,1,3,0.67
bBbB,11,7,18,0.61
bBbD,2,2,4,0.5
bBbH,1,2,3,0.33
bBbI,2,1,3,0.67
bBbJ,0,2,2,0.0
bBbK,0,1,1,0.0
bBbL,2,4,6,0.33
bBbM,10,11,21,0.48
bBbN,10,15,25,0.4
bBbP,16,12,28,0.57
bBbS,6,7,13,0.46
bBbb,7,8,15,0.47
bBbl,3,3,6,0.5
bBbm,6,7,13,0.46
bBbn,8,9,17,0.47
bBbs,3,4,7,0.43
bBhB,2,1,3,0.67
bBhD,0,1,1,0.0
bBhL,1,0,1,1.0
bBhM,2,3,5,0.4
bBhN,4,0,4,1.0
bBhP,3,3,6,0.5
bBhS,3,1,4,0.75
bBhh,1,1,2,0.5
bBhl,0,1,1,0.0
bBhm,1,1,2,0.5
bBhn,1,1,2,0.5
bBhs,0,3,3,0.0
bBjB,3,1,4,0.75
bBjH,0,1,1,0.0
bBjI,0,1,1,0.0
bBjK,1,1,2,0.5
bBjL,2,0,2,1.0
bBjM,6,6,12,0.5
bBjN,2,3,5,0.4
bBjP,2,3,5,0.4
bBjS,1,2,3,0.33
bBjb,4,7,11,0.36
bBjh,0,1,1,0.0
bBjl,1,1,2,0.5
bBjm,4,3,7,0.57
bBjn,3,6,9,0.33
bBjs,4,1,5,0.8
bBjt,0,3,3,0.0
bBlB,4,6,10,0.4
bBlH,4,2,6,0.67
bBlI,0,0,0,
bBlJ,0,1,1,0.0
bBlL,1,0,1,1.0
bBlM,5,2,7,0.71
bBlN,6,7,13,0.46
bBlP,3,3,6,0.5
bBlS,4,1,5,0.8
bBlb,1,2,3,0.33
bBll,1,1,2,0.5
bBlm,3,1,4,0.75
bBln,3,5,8,0.38
bBls,1,1,2,0.5
bBmB,4,7,11,0.36
bBmD,3,3,6,0.5
bBmH,9,12,21,0.43
bBmI,0,3,3,0.0
bBmJ,1,3,4,0.25
bBmL,5,3,8,0.62
bBmM,6,15,21,0.29
bBmN,17,17,34,0.5
bBmP,7,15,22,0.32
bBmS,7,8,15,0.47
bBmb,14,6,20,0.7
bBml,3,1,4,0.75
bBmm,14,8,22,0.64
bBmn,9,9,18,0.5
bBms,8,6,14,0.57
bBnB,13,12,25,0.52
bBnD,2,2,4,0.5
bBnH,3,7,10,0.3
bBnI,3,4,7,0.43
bBnK,2,0,2,1.0
bBnL,6,6,12,0.5
bBnM,11,14,25,0.44
bBnN,13,17,30,0.43
bBnP,11,17,28,0.39
bBnS,7,13,20,0.35
bBnb,12,13,25,0.48
bBnh,0,0,0,
bBnl,4,4,8,0.5
bBnm,15,14,29,0.52
bBnn,17,20,37,0.46
bBns,11,1,12,0.92
bBsB,1,3,4,0.25
bBsD,1,0,1,1.0
bBsH,3,6,9,0.33
bBsI,1,0,1,1.0
bBsL,1,4,5,0.2
bBsM,8,7,15,0.53
bBsN,11,5,16,0.69
bBsP,9,7,16,0.56
bBsS,5,7,12,0.42
bBsb,4,3,7,0.57
bBsh,1,0,1,1.0
bBsl,4,0,4,1.0
bBsm,5,0,5,1.0
bBsn,2,6,8,0.25
bBss,5,3,8,0.62
bBtB,2,1,3,0.67
bBtD,1,1,2,0.5
bBtH,0,1,1,0.0
bBtI,0,1,1,0.0
bBtK,1,0,1,1.0
bBtL,0,2,2,0.0
bBtM,0,1,1,0.0
bBtN,2,2,4,0.5
bBtP,4,4,8,0.5
bBtS,1,1,2,0.5
bBtb,1,2,3,0.33
bBtl,1,1,2,0.5
bBtm,0,1,1,0.0
bBtn,2,2,4,0.5
bBts,0,0,0,
bBtt,0,0,0,
bDBB,2,2,4,0.5
bDBD,2,0,2,1.0
bDBK,0,1,1,0.0
bDBL,1,1,2,0.5
bDBM,1,0,1,1.0
bDBN,1,2,3,0.33
bDBP,3,1,4,0.75
bDBb,4,1,5,0.8
bDBm,1,2,3,0.33
bDBn,0,0,0,
bDBs,1,0,1,1.0
bDDD,0,1,1,0.0
bDDH,1,0,1,1.0
bDDL,1,0,1,1.0
bDDM,1,1,2,0.5
bDDP,0,0,0,
bDDS,1,0,1,1.0
bDDb,1,0,1,1.0
bDDm,0,1,1,0.0
bDDn,1,0,1,1.0
bDHB,0,1,1,0.0
bDHD,0,1,1,0.0
bDHH,0,3,3,0.0
bDHM,1,2,3,0.33
bDHN,0,2,2,0.0
bDHP,3,1,4,0.75
bDHS,4,2,6,0.67
bDHb,1,1,2,0.5
bDHh,0,1,1,0.0
bDHl,1,1,2,0.5
bDHm,2,0,2,1.0
bDHn,2,0,2,1.0
bDHt,0,1,1,0.0
bDIm,0,1,1,0.0
bDIt,0,0,0,
bDKl,0,1,1,0.0
bDLD,0,0,0,
bDLL,2,0,2,1.0
bDLM,0,0,0,
bDLN,1,0,1,1.0
bDLP,0,0,0,
bDLS,0,0,0,
bDLb,1,0,1,1.0
bDLn,2,1,3,0.67
bDLs,1,0,1,1.0
bDMB,3,2,5,0.6
bDMD,2,0,2,1.0
bDML,0,1,1,0.0
bDMM,1,1,2,0.5
bDMN,0,5,5,0.0
bDMP,3,3,6,0.5
bDMS,1,2,3,0.33
bDMb,1,2,3,0.33
bDMh,2,1,3,0.67
bDMl,2,1,3,0.67
bDMm,2,2,4,0.5
bDMn,1,2,3,0.33
bDMs,1,1,2,0.5
bDMt,0,1,1,0.0
bDNK,0,0,0,
bDNM,2,0,2,1.0
bDNN,2,1,3,0.67
bDNP,1,2,3,0.33
bDNS,6,1,7,0.86
bDNb,2,0,2,1.0
bDNl,1,0,1,1.0
bDNm,0,1,1,0.0
bDNn,1,0,1,1.0
bDNs,2,2,4,0.5
bDPB,2,0,2,1.0
bDPD,1,0,1,1.0
bDPH,1,1,2,0.5
bDPL,2,1,3,0.67
bDPM,1,3,4,0.25
bDPN,2,2,4,0.5
bDPP,2,2,4,0.5
bDPh,0,1,1,0.0
bDPl,0,1,1,0.0
bDPm,1,1,2,0.5
bDPn,0,2,2,0.0
bDPs,2,1,3,0.67
bDSB,1,1,2,0.5
bDSD,0,1,1,0.0
bDSH,1,0,1,1.0
bDSI,0,0,0,
bDSM,2,3,5,0.4
bDSN,1,1,2,0.5
bDSP,2,2,4,0.5
bDSb,1,0,1,1.0
bDSh,1,1,2,0.5
bDSm,2,1,3,0.67
bDSn,2,0,2,1.0
bDSs,0,1,1,0.0
bDSt,0,1,1,0.0
bDbB,1,1,2,0.5
bDbI,1,0,1,1.0
bDbJ,0,1,1,0.0
bDbL,3,1,4,0.75
bDbM,0,1,1,0.0
bDbN,0,3,3,0.0
bDbP,2,3,5,0.4
bDbS,1,2,3,0.33
bDbb,1,1,2,0.5
bDbm,0,2,2,0.0
bDbn,1,1,2,0.5
bDhL,0,0,0,
bDhM,1,0,1,1.0
bDhm,0,0,0,
bDlB,0,1,1,0.0
bDlK,0,0,0,
bDlM,0,1,1,0.0
bDlS,1,0,1,1.0
bDlb,0,0,0,
bDlm,2,0,2,1.0
bDln,0,0,0,
bDmB,2,2,4,0.5
bDmH,2,4,6,0.33
bDmJ,0,1,1,0.0
bDmK,0,2,2,0.0
bDmL,1,0,1,1.0
bDmM,2,4,6,0.33
bDmN,1,3,4,0.25
bDmP,1,0,1,1.0
bDmS,2,0,2,1.0
bDmb,3,2,5,0.6
bDml,0,0,0,
bDmm,3,5,8,0.38
bDmn,0,1,1,0.0
bDms,2,0,2,1.0
bDnB,1,1,2,0.5
bDnD,0,0,0,
bDnH,0,0,0,
bDnL,1,0,1,1.0
bDnM,2,2,4,0.5
bDnN,0,1,1,0.0
bDnP,1,1,2,0.5
bDnS,2,0,2,1.0
bDnm,1,2,3,0.33
bDnn,1,1,2,0.5
bDns,1,1,2,0.5
bDsB,2,0,2,1.0
bDsD,0,0,0,
bDsH,1,0,1,1.0
bDsM,1,1,2,0.5
bDsN,0,1,1,0.0
bDsP,0,3,3,0.0
bDsS,0,2,2,0.0
bDsb,1,0,1,1.0
bDsm,2,0,2,1.0
bDss,0,0,0,
bDtB,0,1,1,0.0
bDtD,0,1,1,0.0
bDtM,1,1,2,0.5
bDtP,0,1,1,0.0
bDtb,1,0,1,1.0
bDtm,1,0,1,1.0
bHBB,0,3,3,0.0
bHBD,0,3,3,0.0
bHBL,0,1,1,0.0
bHBM,1,0,1,1.0
bHBN,7,1,8,0.88
bHBP,2,5,7,0.29
bHBS,1,3,4,0.25
bHBb,1,2,3,0.33
bHBh,0,2,2,0.0
bHBj,0,1,1,0.0
bHBl,1,0,1,1.0
bHBm,0,5,5,0.0
bHBn,1,4,5,0.2
bHDB,0,1,1,0.0
bHDM,1,0,1,1.0
bHDP,1,0,1,1.0
bHDS,2,0,2,1.0
bHDm,1,0,1,1.0
bHDn,0,1,1,0.0
bHHB,1,0,1,1.0
bHHM,0,1,1,0.0
bHHN,1,1,2,0.5
bHHP,0,1,1,0.0
bHHS,0,1,1,0.0
bHHl,1,0,1,1.0
bHHm,1,1,2,0.5
bHII,0,0,0,
bHIL,0,1,1,0.0
bHIM,1,0,1,1.0
bHIS,1,0,1,1.0
bHIb,1,1,2,0.5
bHIn,0,0,0,
bHKB,1,0,1,1.0
bHKD,1,0,1,1.0
bHKL,0,1,1,0.0
bHKP,2,0,2,1.0
bHKh,0,0,0,
bHLM,1,0,1,1.0
bHLS,0,0,0,
bHLb,3,0,3,1.0
bHLh,0,0,0,
bHLl,0,1,1,0.0
bHLm,0,2,2,0.0
bHLn,0,1,1,0.0
bHLs,2,1,3,0.67
bHLt,1,0,1,1.0
bHMB,1,1,2,0.5
bHMD,0,0,0,
bHMM,3,6,9,0.33
bHMN,4,3,7,0.57
bHMP,3,2,5,0.6
bHMS,0,4,4,0.0
bHMb,2,3,5,0.4
bHMh,1,1,2,0.5
bHMj,1,0,1,1.0
bHMm,3,6,9,0.33
bHMn,3,4,7,0.43
bHMs,0,1,1,0.0
bHMt,1,0,1,1.0
bHNB,3,0,3,1.0
bHND,0,3,3,0.0
bHNL,0,0,0,
bHNM,3,0,3,1.0
bHNN,3,3,6,0.5
bHNP,3,5,8,0.38
bHNS,1,3,4,0.25
bHNb,4,3,7,0.57
bHNh,0,3,3,0.0
bHNl,2,0,2,1.0
bHNm,2,2,4,0.5
bHNn,7,5,12,0.58
bHNs,2,3,5,0.4
bHPB,4,1,5,0.8
bHPD,1,0,1,1.0
bHPH,1,1,2,0.5
bHPK,1,1,2,0.5
bHPL,0,1,1,0.0
bHPM,2,3,5,0.4
bHPN,1,4,5,0.2
bHPP,5,3,8,0.62
bHPS,1,1,2,0.5
bHPb,4,3,7,0.57
bHPh,1,1,2,0.5
bHPl,3,2,5,0.6
bHPm,5,3,8,0.62
bHPn,2,1,3,0.67
bHPs,2,3,5,0.4
bHSB,0,1,1,0.0
bHSD,1,0,1,1.0
bHSH,0,2,2,0.0
bHSL,2,0,2,1.0
bHSM,2,2,4,0.5
bHSN,2,2,4,0.5
bHSP,0,2,2,0.0
bHSS,2,2,4,0.5
bHSb,1,1,2,0.5
bHSh,1,2,3,0.33
bHSl,1,0,1,1.0
bHSm,2,1,3,0.67
bHSn,1,1,2,0.5
bHSs,2,2,4,0.5
bHSt,1,0,1,1.0
bHbB,1,4,5,0.2
bHbD,0,0,0,
bHbH,2,1,3,0.67
bHbJ,0,1,1,0.0
bHbK,0,0,0,
bHbL,1,0,1,1.0
bHbM,2,1,3,0.67
bHbN,7,4,11,0.64
bHbP,2,1,3,0.67
bHbS,0,2,2,0.0
bHbb,4,3,7,0.57
bHbl,0,1,1,0.0
bHbm,0,4,4,0.0
bHbn,1,4,5,0.2
bHbs,2,1,3,0.67
bHhH,1,0,1,1.0
bHhM,3,3,6,0.5
bHhN,1,1,2,0.5
bHhP,0,1,1,0.0
bHhS,0,1,1,0.0
bHhh,1,1,2,0.5
bHhl,1,1,2,0.5
bHhm,0,0,0,
bHhn,2,0,2,1.0
bHlB,1,1,2,0.5
bHlH,1,0,1,1.0
bHlL,1,0,1,1.0
bHlN,1,0,1,1.0
bHlP,2,1,3,0.67
bHlS,1,1,2,0.5
bHlb,1,0,1,1.0
bHll,0,0,0,
bHln,1,0,1,1.0
bHmB,0,5,5,0.0
bHmH,0,3,3,0.0
bHmI,0,1,1,0.0
bHmL,1,1,2,0.5
bHmM,4,4,8,0.5
bHmN,4,3,7,0.57
bHmP,6,4,10,0.6
bHmS,0,1,1,0.0
bHmb,2,2,4,0.5
bHml,0,0,0,
bHmm,3,3,6,0.5
bHmn,1,2,3,0.33
bHms,2,0,2,1.0
bHnB,3,1,4,0.75
bHnD,1,0,1,1.0
bHnH,1,1,2,0.5
bHnL,2,0,2,1.0
bHnM,4,2,6,0.67
bHnN,4,5,9,0.44
bHnP,5,3,8,0.62
bHnS,3,3,6,0.5
bHnb,2,2,4,0.5
bHnl,1,1,2,0.5
bHnm,4,1,5,0.8
bHnn,3,1,4,0.75
bHns,5,0,5,1.0
bHsB,1,1,2,0.5
bHsD,0,1,1,0.0
bHsH,0,1,1,0.0
bHsI,1,0,1,1.0
bHsL,0,1,1,0.0
bHsM,0,3,3,0.0
bHsN,0,3,3,0.0
bHsP,1,5,6,0.17
bHsS,2,1,3,0.67
bHsb,1,3,4,0.25
bHsh,0,0,0,
bHsl,0,2,2,0.0
bHsm,2,0,2,1.0
bHsn,4,3,7,0.57
bHss,0,2,2,0.0
bHtH,1,0,1,1.0
bHtN,1,0,1,1.0
bHtl,1,0,1,1.0
bHtm,0,1,1,0.0
bHtn,0,1,1,0.0
bIBB,4,0,4,1.0
bIBD,0,0,0,
bIBK,0,0,0,
bIBM,3,0,3,1.0
bIBN,3,2,5,0.6
bIBP,1,1,2,0.5
bIBS,1,1,2,0.5
bIBb,3,1,4,0.75
bIBj,0,1,1,0.0
bIBn,1,0,1,1.0
bIBt,1,0,1,1.0
bIDD,1,0,1,1.0
bIDI,1,0,1,1.0
bIDM,2,1,3,0.67
bIDl,0,1,1,0.0
bIDn,0,1,1,0.0
bIHB,0,2,2,0.0
bIHI,0,1,1,0.0
bIHK,0,1,1,0.0
bIHL,1,0,1,1.0
bIHM,1,2,3,0.33
bIHP,1,0,1,1.0
bIHS,0,1,1,0.0
bIHb,0,1,1,0.0
bIHm,1,1,2,0.5
bIHt,0,1,1,0.0
bIIM,0,2,2,0.0
bIKN,0,1,1,0.0
bILD,1,0,1,1.0
bILN,0,1,1,0.0
bILP,0,2,2,0.0
bILS,0,1,1,0.0
bILl,0,0,0,
bILt,1,0,1,1.0
bIMB,0,1,1,0.0
bIML,0,2,2,0.0
bIMM,2,1,3,0.67
bIMN,5,1,6,0.83
bIMP,1,2,3,0.33
bIMS,3,1,4,0.75
bIMb,1,0,1,1.0
bIMh,0,2,2,0.0
bIMj,0,1,1,0.0
bIMl,1,1,2,0.5
bIMm,0,2,2,0.0
bIMs,1,2,3,0.33
bINB,1,2,3,0.33
bIND,1,0,1,1.0
bINH,0,1,1,0.0
bINM,0,3,3,0.0
bINN,1,0,1,1.0
bINP,4,0,4,1.0
bINS,1,1,2,0.5
bINb,3,0,3,1.0
bINh,0,1,1,0.0
bINl,0,0,0,
bINm,2,0,2,1.0
bINn,1,2,3,0.33
bINs,0,2,2,0.0
bIPH,0,1,1,0.0
bIPI,0,1,1,0.0
bIPL,1,2,3,0.33
bIPM,0,5,5,0.0
bIPN,0,2,2,0.0
bIPP,3,0,3,1.0
bIPS,3,0,3,1.0
bIPb,2,2,4,0.5
bIPl,0,0,0,
bIPm,1,0,1,1.0
bIPn,4,0,4,1.0
bIPs,1,2,3,0.33
bISB,0,2,2,0.0
bISH,1,0,1,1.0
bISI,0,1,1,0.0
bISM,1,1,2,0.5
bISN,2,1,3,0.67
bISP,1,0,1,1.0
bISS,1,0,1,1.0
bISb,1,0,1,1.0
bISm,3,1,4,0.75
bIbB,2,0,2,1.0
bIbD,1,0,1,1.0
bIbK,0,1,1,0.0
bIbL,0,0,0,
bIbM,0,3,3,0.0
bIbN,1,1,2,0.5
bIbP,0,4,4,0.0
bIbS,2,0,2,1.0
bIbb,3,2,5,0.6
bIbl,1,0,1,1.0
bIbm,0,2,2,0.0
bIbn,0,1,1,0.0
bIbs,1,0,1,1.0
bIhP,1,0,1,1.0
bIlB,0,1,1,0.0
bIlH,0,1,1,0.0
bIlL,1,0,1,1.0
bIlM,1,0,1,1.0
bIlN,0,1,1,0.0
bIlP,0,0,0,
bIls,0,1,1,0.0
bImD,0,1,1,0.0
bImH,1,1,2,0.5
bImM,1,2,3,0.33
bImN,3,3,6,0.5
bImP,2,0,2,1.0
bImS,3,0,3,1.0
bImb,1,0,1,1.0
bImm,1,0,1,1.0
bImn,2,3,5,0.4
bIms,1,0,1,1.0
bInB,3,1,4,0.75
bInH,0,1,1,0.0
bInI,0,1,1,0.0
bInL,0,1,1,0.0
bInM,3,0,3,1.0
bInN,5,2,7,0.71
bInP,1,1,2,0.5
bInS,0,1,1,0.0
bInb,0,1,1,0.0
bInn,0,1,1,0.0
bIns,2,0,2,1.0
bIsB,1,0,1,1.0
bIsH,0,1,1,0.0
bIsL,0,0,0,
bIsM,1,0,1,1.0
bIsN,0,1,1,0.0
bIsP,1,0,1,1.0
bIsS,0,1,1,0.0
bIsb,0,1,1,0.0
bIsl,0,1,1,0.0
bIsm,3,1,4,0.75
bIsn,1,1,2,0.5
bIss,0,1,1,0.0
bItM,1,0,1,1.0
bItN,0,1,1,0.0
bJBB,1,1,2,0.5
bJBD,1,0,1,1.0
bJBK,1,2,3,0.33
bJBL,1,0,1,1.0
bJBM,5,4,9,0.56
bJBN,6,5,11,0.55
bJBP,4,2,6,0.67
bJBS,2,2,4,0.5
bJBb,2,1,3,0.67
bJBh,0,1,1,0.0
bJBj,0,1,1,0.0
bJBl,2,0,2,1.0
bJBm,6,2,8,0.75
bJBn,3,2,5,0.6
bJBs,1,2,3,0.33
bJDB,2,0,2,1.0
bJDD,0,0,0,
bJDL,0,0,0,
bJDM,0,1,1,0.0
bJDN,1,0,1,1.0
bJDP,0,1,1,0.0
bJDb,1,1,2,0.5
bJDs,0,0,0,
bJDt,1,0,1,1.0
bJHB,0,1,1,0.0
bJHH,0,1,1,0.0
bJHM,1,2,3,0.33
bJHN,2,0,2,1.0
bJHP,4,4,8,0.5
bJHS,1,1,2,0.5
bJHb,0,1,1,0.0
bJHh,0,0,0,
bJHl,3,2,5,0.6
bJHm,2,1,3,0.67
bJHn,1,3,4,0.25
bJHs,4,0,4,1.0
bJIH,2,0,2,1.0
bJIL,0,1,1,0.0
bJIN,0,1,1,0.0
bJIS,1,0,1,1.0
bJIm,0,0,0,
bJIs,1,0,1,1.0
bJKL,0,1,1,0.0
bJKM,0,0,0,
bJKS,0,0,0,
bJKb,2,0,2,1.0
bJKn,2,0,2,1.0
bJKs,1,0,1,1.0
bJLD,1,1,2,0.5
bJLL,1,0,1,1.0
bJLM,2,0,2,1.0
bJLN,1,0,1,1.0
bJLP,0,0,0,
bJLS,3,1,4,0.75
bJLb,0,1,1,0.0
bJLh,0,1,1,0.0
bJLj,0,1,1,0.0
bJLl,1,1,2,0.5
bJLm,2,2,4,0.5
bJLn,1,1,2,0.5
bJLs,1,1,2,0.5
bJLt,2,0,2,1.0
bJMB,3,3,6,0.5
bJMD,0,0,0,
bJMI,1,0,1,1.0
bJMK,0,1,1,0.0
bJML,1,3,4,0.25
bJMM,7,1,8,0.88
bJMN,2,3,5,0.4
bJMP,4,5,9,0.44
bJMS,4,2,6,0.67
bJMb,0,3,3,0.0
bJMh,3,3,6,0.5
bJMj,1,1,2,0.5
bJMl,0,1,1,0.0
bJMm,2,2,4,0.5
bJMn,4,3,7,0.57
bJMs,6,4,10,0.6
bJMt,0,1,1,0.0
bJNB,3,2,5,0.6
bJND,1,0,1,1.0
bJNH,1,1,2,0.5
bJNK,2,0,2,1.0
bJNL,1,1,2,0.5
bJNM,3,4,7,0.43
bJNN,1,2,3,0.33
bJNP,4,0,4,1.0
bJNS,1,4,5,0.2
bJNb,2,6,8,0.25
bJNl,2,1,3,0.67
bJNm,6,7,13,0.46
bJNn,3,1,4,0.75
bJNs,4,6,10,0.4
bJNt,0,1,1,0.0
bJPB,1,3,4,0.25
bJPD,1,0,1,1.0
bJPH,2,2,4,0.5
bJPK,0,1,1,0.0
bJPL,3,4,7,0.43
bJPM,4,4,8,0.5
bJPN,5,4,9,0.56
bJPP,7,8,15,0.47
bJPS,3,2,5,0.6
bJPb,5,1,6,0.83
bJPh,0,0,0,
bJPl,5,3,8,0.62
bJPm,6,7,13,0.46
bJPn,7,1,8,0.88
bJPs,1,4,5,0.2
bJPt,0,0,0,
bJSB,0,3,3,0.0
bJSD,0,1,1,0.0
bJSH,1,1,2,0.5
bJSL,1,0,1,1.0
bJSM,2,4,6,0.33
bJSN,3,2,5,0.6
bJSP,3,1,4,0.75
bJSS,4,2,6,0.67
bJSb,0,1,1,0.0
bJSh,0,1,1,0.0
bJSl,0,0,0,
bJSm,0,2,2,0.0
bJSn,2,2,4,0.5
bJSs,3,1,4,0.75
bJbB,0,2,2,0.0
bJbD,1,0,1,1.0
bJbH,0,1,1,0.0
bJbI,1,0,1,1.0
bJbJ,2,0,2,1.0
bJbL,1,0,1,1.0
bJbM,2,3,5,0.4
bJbN,2,3,5,0.4
bJbP,5,1,6,0.83
bJbS,1,2,3,0.33
bJbb,6,1,7,0.86
bJbl,2,0,2,1.0
bJbm,6,6,12,0.5
bJbn,3,2,5,0.6
bJhB,0,3,3,0.0
bJhD,1,0,1,1.0
bJhL,0,1,1,0.0
bJhM,1,1,2,0.5
bJhN,0,1,1,0.0
bJhP,2,0,2,1.0
bJhb,0,0,0,
bJhm,2,1,3,0.67
bJhn,0,1,1,0.0
bJlB,4,1,5,0.8
bJlJ,0,2,2,0.0
bJlL,0,1,1,0.0
bJlM,1,1,2,0.5
bJlN,0,1,1,0.0
bJlP,0,3,3,0.0
bJlS,1,1,2,0.5
bJlb,0,3,3,0.0
bJll,1,0,1,1.0
bJlm,2,2,4,0.5
bJmB,7,2,9,0.78
bJmD,2,0,2,1.0
bJmH,4,3,7,0.57
bJmI,0,1,1,0.0
bJmK,1,0,1,1.0
bJmL,1,1,2,0.5
bJmM,3,3,6,0.5
bJmN,4,6,10,0.4
bJmP,6,4,10,0.6
bJmS,3,1,4,0.75
bJmb,4,1,5,0.8
bJml,0,2,2,0.0
bJmm,8,3,11,0.73
bJmn,3,0,3,1.0
bJms,1,3,4,0.25
bJnB,0,1,1,0.0
bJnD,0,1,1,0.0
bJnH,2,1,3,0.67
bJnI,0,4,4,0.0
bJnM,2,2,4,0.5
bJnN,1,4,5,0.2
bJnP,2,3,5,0.4
bJnS,1,2,3,0.33
bJnb,4,4,8,0.5
bJnh,0,1,1,0.0
bJnl,0,2,2,0.0
bJnm,6,2,8,0.75
bJnn,1,2,3,0.33
bJns,2,0,2,1.0
bJsB,2,2,4,0.5
bJsH,0,2,2,0.0
bJsL,1,2,3,0.33
bJsM,3,1,4,0.75
bJsN,0,1,1,0.0
bJsP,0,2,2,0.0
bJsS,1,3,4,0.25
bJsb,1,1,2,0.5
bJsl,0,1,1,0.0
bJsm,2,1,3,0.67
bJsn,1,0,1,1.0
bJss,2,0,2,1.0
bJtB,1,0,1,1.0
bJtH,0,0,0,
bJtM,1,0,1,1.0
bJtP,0,1,1,0.0
bJtS,0,0,0,
bJtn,1,0,1,1.0
bKBB,2,0,2,1.0
bKBD,1,0,1,1.0
bKBL,2,0,2,1.0
bKBM,1,0,1,1.0
bKBN,2,0,2,1.0
bKBP,3,2,5,0.6
bKBb,3,1,4,0.75
bKBl,1,0,1,1.0
bKBm,2,2,4,0.5
bKBs,0,2,2,0.0
bKDH,1,0,1,1.0
bKDM,1,1,2,0.5
bKDP,1,0,1,1.0
bKDS,1,1,2,0.5
bKDb,0,2,2,0.0
bKDm,2,0,2,1.0
bKHM,1,1,2,0.5
bKHb,0,1,1,0.0
bKIB,0,1,1,0.0
bKIK,0,1,1,0.0
bKIL,0,0,0,
bKIM,1,1,2,0.5
bKIN,1,0,1,1.0
bKLN,1,1,2,0.5
bKLP,1,1,2,0.5
bKLl,0,1,1,0.0
bKLn,1,1,2,0.5
bKLs,1,0,1,1.0
bKLt,1,0,1,1.0
bKMB,1,1,2,0.5
bKMI,0,1,1,0.0
bKML,1,0,1,1.0
bKMM,2,1,3,0.67
bKMN,2,2,4,0.5
bKMP,2,1,3,0.67
bKMS,2,0,2,1.0
bKMh,1,1,2,0.5
bKMj,1,1,2,0.5
bKMl,1,0,1,1.0
bKMm,1,1,2,0.5
bKMn,2,1,3,0.67
bKMs,1,0,1,1.0
bKMt,0,1,1,0.0
bKND,0,1,1,0.0
bKNK,0,0,0,
bKNL,0,0,0,
bKNM,0,3,3,0.0
bKNN,0,0,0,
bKNP,0,4,4,0.0
bKNS,1,0,1,1.0
bKNb,1,0,1,1.0
bKNh,1,0,1,1.0
bKNm,1,1,2,0.5
bKNn,0,2,2,0.0
bKNs,1,0,1,1.0
bKPB,1,3,4,0.25
bKPD,1,0,1,1.0
bKPH,1,1,2,0.5
bKPK,0,1,1,0.0
bKPL,1,1,2,0.5
bKPM,1,4,5,0.2
bKPN,1,0,1,1.0
bKPP,1,0,1,1.0
bKPS,3,2,5,0.6
bKPb,2,1,3,0.67
bKPl,2,0,2,1.0
bKPm,2,2,4,0.5
bKPn,0,2,2,0.0
bKSD,1,0,1,1.0
bKSL,2,0,2,1.0
bKSM,1,2,3,0.33
bKSN,2,0,2,1.0
bKSP,2,1,3,0.67
bKSS,2,0,2,1.0
bKSb,1,1,2,0.5
bKSh,1,0,1,1.0
bKSl,2,1,3,0.67
bKSm,1,2,3,0.33
bKSn,0,1,1,0.0
bKSs,2,1,3,0.67
bKbB,1,0,1,1.0
bKbJ,0,2,2,0.0
bKbK,1,1,2,0.5
bKbM,3,1,4,0.75
bKbN,1,3,4,0.25
bKbP,0,0,0,
bKbS,1,0,1,1.0
bKbb,1,2,3,0.33
bKbm,3,0,3,1.0
bKbn,0,2,2,0.0
bKbs,3,0,3,1.0
bKhB,0,1,1,0.0
bKhD,1,0,1,1.0
bKhH,1,0,1,1.0
bKhM,1,1,2,0.5
bKhN,0,3,3,0.0
bKhP,1,2,3,0.33
bKhS,1,2,3,0.33
bKhb,2,2,4,0.5
bKhh,1,2,3,0.33
bKhl,0,1,1,0.0
bKhm,4,0,4,1.0
bKhn,0,0,0,
bKhs,2,0,2,1.0
bKlM,1,2,3,0.33
bKlN,1,0,1,1.0
bKlP,1,1,2,0.5
bKlb,0,1,1,0.0
bKln,1,1,2,0.5
bKls,0,1,1,0.0
bKmB,2,1,3,0.67
bKmD,1,2,3,0.33
bKmH,0,1,1,0.0
bKmL,1,2,3,0.33
bKmM,3,4,7,0.43
bKmN,4,2,6,0.67
bKmP,3,2,5,0.6
bKmS,1,0,1,1.0
bKmb,1,1,2,0.5
bKmm,1,2,3,0.33
bKmn,0,2,2,0.0
bKnB,1,2,3,0.33
bKnH,0,0,0,
bKnK,0,0,0,
bKnM,3,3,6,0.5
bKnN,3,2,5,0.6
bKnb,0,1,1,0.0
bKnl,0,1,1,0.0
bKnm,0,3,3,0.0
bKnn,2,0,2,1.0
bKns,3,0,3,1.0
bKsB,0,1,1,0.0
bKsD,0,1,1,0.0
bKsH,2,3,5,0.4
bKsM,0,0,0,
bKsN,0,2,2,0.0
bKsP,0,1,1,0.0
bKsS,1,1,2,0.5
bKsb,1,2,3,0.33
bKsm,1,1,2,0.5
bKsn,0,2,2,0.0
bKss,0,1,1,0.0
bKtm,0,1,1,0.0
bKtn,0,1,1,0.0
bLBB,2,2,4,0.5
bLBD,0,1,1,0.0
bLBL,1,2,3,0.33
bLBM,3,1,4,0.75
bLBN,2,2,4,0.5
bLBP,2,2,4,0.5
bLBS,3,1,4,0.75
bLBb,3,5,8,0.38
bLBj,1,0,1,1.0
bLBl,1,3,4,0.25
bLBm,1,3,4,0.25
bLBn,6,9,15,0.4
bLBs,1,1,2,0.5
bLBt,0,1,1,0.0
bLDB,0,1,1,0.0
bLDH,0,0,0,
bLDM,0,1,1,0.0
bLDN,0,3,3,0.0
bLDS,2,1,3,0.67
bLDl,0,1,1,0.0
bLDm,1,1,2,0.5
bLDn,1,0,1,1.0
bLDs,1,3,4,0.25
bLHS,0,1,1,0.0
bLHb,0,1,1,0.0
bLIB,1,0,1,1.0
bLKB,0,1,1,0.0
bLKN,0,1,1,0.0
bLLB,0,1,1,0.0
bLLL,0,0,0,
bLLM,2,0,2,1.0
bLLN,2,1,3,0.67
bLLP,0,3,3,0.0
bLLb,1,0,1,1.0
bLLh,2,0,2,1.0
bLLj,0,1,1,0.0
bLLl,1,0,1,1.0
bLLm,0,2,2,0.0
bLLn,1,4,5,0.2
bLLs,1,2,3,0.33
bLMB,3,3,6,0.5
bLMD,0,1,1,0.0
bLML,0,3,3,0.0
bLMM,2,5,7,0.29
bLMN,4,3,7,0.57
bLMP,6,6,12,0.5
bLMS,3,4,7,0.43
bLMb,2,6,8,0.25
bLMh,0,4,4,0.0
bLMj,0,1,1,0.0
bLMl,0,1,1,0.0
bLMm,3,7,10,0.3
bLMn,1,5,6,0.17
bLMs,4,1,5,0.8
bLMt,1,0,1,1.0
bLNB,2,3,5,0.4
bLND,2,1,3,0.67
bLNH,1,0,1,1.0
bLNL,0,2,2,0.0
bLNM,0,6,6,0.0
bLNN,10,2,12,0.83
bLNP,5,8,13,0.38
bLNS,3,2,5,0.6
bLNb,2,1,3,0.67
bLNh,0,4,4,0.0
bLNl,4,0,4,1.0
bLNm,3,3,6,0.5
bLNn,3,5,8,0.38
bLNs,5,1,6,0.83
bLNt,0,2,2,0.0
bLPB,8,3,11,0.73
bLPD,1,0,1,1.0
bLPH,4,1,5,0.8
bLPL,0,2,2,0.0
bLPM,3,8,11,0.27
bLPN,5,9,14,0.36
bLPP,8,5,13,0.62
bLPS,3,3,6,0.5
bLPb,3,2,5,0.6
bLPh,0,1,1,0.0
bLPl,3,1,4,0.75
bLPm,4,4,8,0.5
bLPn,1,8,9,0.11
bLPs,1,5,6,0.17
bLPt,0,1,1,0.0
bLSB,3,1,4,0.75
bLSD,0,1,1,0.0
bLSH,0,0,0,
bLSK,0,1,1,0.0
bLSL,0,0,0,
bLSM,1,2,3,0.33
bLSN,4,1,5,0.8
bLSP,3,3,6,0.5
bLSS,2,2,4,0.5
bLSb,2,1,3,0.67
bLSh,2,0,2,1.0
bLSl,1,0,1,1.0
bLSm,7,1,8,0.88
bLSn,0,1,1,0.0
bLSs,3,0,3,1.0
bLSt,1,0,1,1.0
bLbB,6,1,7,0.86
bLbH,3,0,3,1.0
bLbI,1,0,1,1.0
bLbJ,1,2,3,0.33
bLbK,0,1,1,0.0
bLbL,0,2,2,0.0
bLbM,1,4,5,0.2
bLbN,8,5,13,0.62
bLbP,5,2,7,0.71
bLbS,3,2,5,0.6
bLbb,2,1,3,0.67
bLbm,2,4,6,0.33
bLbn,2,2,4,0.5
bLbs,1,3,4,0.25
bLhB,2,0,2,1.0
bLhD,0,1,1,0.0
bLhH,0,1,1,0.0
bLhL,0,1,1,0.0
bLhM,1,1,2,0.5
bLhN,2,2,4,0.5
bLhP,3,1,4,0.75
bLhS,0,2,2,0.0
bLhb,2,1,3,0.67
bLhh,2,0,2,1.0
bLhl,0,0,0,
bLhm,3,1,4,0.75
bLhn,1,2,3,0.33
bLhs,1,0,1,1.0
bLjB,0,1,1,0.0
bLjD,1,0,1,1.0
bLjH,0,2,2,0.0
bLjM,0,1,1,0.0
bLjN,1,0,1,1.0
bLjP,1,1,2,0.5
bLjb,1,0,1,1.0
bLjl,0,1,1,0.0
bLjm,1,0,1,1.0
bLjn,4,0,4,1.0
bLjs,1,1,2,0.5
bLlB,1,0,1,1.0
bLlD,1,0,1,1.0
bLlH,0,1,1,0.0
bLlI,1,0,1,1.0
bLlM,2,3,5,0.4
bLlN,0,4,4,0.0
bLlP,0,3,3,0.0
bLlS,2,1,3,0.67
bLlb,0,2,2,0.0
bLll,0,1,1,0.0
bLlm,1,0,1,1.0
bLln,2,0,2,1.0
bLmB,4,2,6,0.67
bLmD,1,1,2,0.5
bLmH,1,5,6,0.17
bLmI,1,0,1,1.0
bLmJ,1,1,2,0.5
bLmK,0,0,0,
bLmL,0,2,2,0.0
bLmM,1,4,5,0.2
bLmN,3,3,6,0.5
bLmP,7,0,7,1.0
bLmS,3,2,5,0.6
bLmb,6,2,8,0.75
bLml,1,2,3,0.33
bLmm,8,2,10,0.8
bLmn,7,9,16,0.44
bLms,2,1,3,0.67
bLnB,7,4,11,0.64
bLnD,1,0,1,1.0
bLnH,0,1,1,0.0
bLnI,1,0,1,1.0
bLnK,1,1,2,0.5
bLnL,1,2,3,0.33
bLnM,3,7,10,0.3
bLnN,6,9,15,0.4
bLnP,9,5,14,0.64
bLnS,6,7,13,0.46
bLnb,1,5,6,0.17
bLnh,1,0,1,1.0
bLnl,6,4,10,0.6
bLnm,4,4,8,0.5
bLnn,4,3,7,0.57
bLns,3,4,7,0.43
bLsB,1,2,3,0.33
bLsH,1,2,3,0.33
bLsL,2,0,2,1.0
bLsM,1,3,4,0.25
bLsN,2,2,4,0.5
bLsP,3,3,6,0.5
bLsS,5,2,7,0.71
bLsb,1,4,5,0.2
bLsh,0,2,2,0.0
bLsl,0,1,1,0.0
bLsm,0,3,3,0.0
bLsn,4,2,6,0.67
bLss,2,3,5,0.4
bLtB,1,0,1,1.0
bLtH,0,0,0,
bLtM,1,0,1,1.0
bLtN,1,0,1,1.0
bLtP,0,3,3,0.0
bLtS,1,0,1,1.0
bLts,0,3,3,0.0
bMBB,10,8,18,0.56
bMBD,3,1,4,0.75
bMBH,0,3,3,0.0
bMBK,1,3,4,0.25
bMBL,2,3,5,0.4
bMBM,6,6,12,0.5
bMBN,14,16,30,0.47
bMBP,10,9,19,0.53
bMBS,5,4,9,0.56
bMBb,4,3,7,0.57
bMBh,0,2,2,0.0
bMBj,2,3,5,0.4
bMBl,4,2,6,0.67
bMBm,9,5,14,0.64
bMBn,10,11,21,0.48
bMBs,7,2,9,0.78
bMBt,2,4,6,0.33
bMDB,3,4,7,0.43
bMDD,1,1,2,0.5
bMDH,0,5,5,0.0
bMDL,0,1,1,0.0
bMDM,3,1,4,0.75
bMDN,2,0,2,1.0
bMDP,3,0,3,1.0
bMDS,1,1,2,0.5
bMDb,1,3,4,0.25
bMDh,1,0,1,1.0
bMDm,6,2,8,0.75
bMDn,0,1,1,0.0
bMDs,1,0,1,1.0
bMHM,0,1,1,0.0
bMHP,0,0,0,
bMHb,1,1,2,0.5
bMHm,1,0,1,1.0
bMID,0,0,0,
bMIH,0,1,1,0.0
bMIS,0,0,0,
bMIh,0,1,1,0.0
bMKN,1,0,1,1.0
bMKS,0,0,0,
bMKh,0,0,0,
bMKn,1,0,1,1.0
bMLB,2,4,6,0.33
bMLD,2,0,2,1.0
bMLK,0,1,1,0.0
bMLM,1,1,2,0.5
bMLN,2,4,6,0.33
bMLP,5,3,8,0.62
bMLS,2,3,5,0.4
bMLb,4,2,6,0.67
bMLh,4,1,5,0.8
bMLl,1,0,1,1.0
bMLm,3,2,5,0.6
bMLn,3,4,7,0.43
bMLs,2,1,3,0.67
bMLt,1,0,1,1.0
bMMB,4,9,13,0.31
bMMD,1,2,3,0.33
bMML,1,0,1,1.0
bMMM,2,10,12,0.17
bMMN,17,13,30,0.57
bMMP,9,17,26,0.35
bMMS,7,7,14,0.5
bMMb,5,5,10,0.5
bMMh,7,7,14,0.5
bMMj,1,1,2,0.5
bMMl,2,1,3,0.67
bMMm,9,6,15,0.6
bMMn,14,12,26,0.54
bMMs,11,3,14,0.79
bMMt,0,0,0,
bMNB,12,8,20,0.6
bMND,2,2,4,0.5
bMNH,1,0,1,1.0
bMNK,1,0,1,1.0
bMNL,3,2,5,0.6
bMNM,8,13,21,0.38
bMNN,16,10,26,0.62
bMNP,13,19,32,0.41
bMNS,5,9,14,0.36
bMNb,7,9,16,0.44
bMNh,7,7,14,0.5
bMNl,6,2,8,0.75
bMNm,11,12,23,0.48
bMNn,15,10,25,0.6
bMNs,7,10,17,0.41
bMNt,2,0,2,1.0
bMPB,9,7,16,0.56
bMPD,2,0,2,1.0
bMPH,2,4,6,0.33
bMPI,2,2,4,0.5
bMPL,1,7,8,0.12
bMPM,14,16,30,0.47
bMPN,13,15,28,0.46
bMPP,23,16,39,0.59
bMPS,8,7,15,0.53
bMPb,15,8,23,0.65
bMPh,3,2,5,0.6
bMPl,8,1,9,0.89
bMPm,13,18,31,0.42
bMPn,11,12,23,0.48
bMPs,7,6,13,0.54
bMPt,0,3,3,0.0
bMSB,9,3,12,0.75
bMSD,2,1,3,0.67
bMSH,1,6,7,0.14
bMSI,0,1,1,0.0
bMSL,3,3,6,0.5
bMSM,7,4,11,0.64
bMSN,3,11,14,0.21
bMSP,8,8,16,0.5
bMSS,11,9,20,0.55
bMSb,4,3,7,0.57
bMSh,3,2,5,0.6
bMSl,3,2,5,0.6
bMSm,6,8,14,0.43
bMSn,10,12,22,0.45
bMSs,5,4,9,0.56
bMSt,2,0,2,1.0
bMbB,11,5,16,0.69
bMbD,5,1,6,0.83
bMbH,5,5,10,0.5
bMbI,1,2,3,0.33
bMbJ,0,2,2,0.0
bMbK,0,1,1,0.0
bMbL,3,2,5,0.6
bMbM,6,9,15,0.4
bMbN,22,12,34,0.65
bMbP,11,10,21,0.52
bMbS,8,5,13,0.62
bMbb,10,13,23,0.43
bMbl,2,2,4,0.5
bMbm,10,5,15,0.67
bMbn,13,12,25,0.52
bMbs,6,4,10,0.6
bMhB,4,3,7,0.57
bMhD,0,1,1,0.0
bMhH,1,0,1,1.0
bMhI,0,2,2,0.0
bMhK,1,0,1,1.0
bMhL,0,3,3,0.0
bMhM,12,7,19,0.63
bMhN,10,6,16,0.62
bMhP,10,16,26,0.38
bMhS,10,9,19,0.53
bMhb,2,11,13,0.15
bMhh,9,4,13,0.69
bMhl,0,1,1,0.0
bMhm,10,5,15,0.67
bMhn,5,9,14,0.36
bMhs,9,4,13,0.69
bMht,2,3,5,0.4
bMjD,1,0,1,1.0
bMjH,0,1,1,0.0
bMjM,0,3,3,0.0
bMjN,1,3,4,0.25
bMjP,2,3,5,0.4
bMjS,0,1,1,0.0
bMjb,4,2,6,0.67
bMjl,2,0,2,1.0
bMjm,6,0,6,1.0
bMjn,1,2,3,0.33
bMjs,3,0,3,1.0
bMlB,3,3,6,0.5
bMlH,4,5,9,0.44
bMlI,1,0,1,1.0
bMlJ,1,0,1,1.0
bMlL,5,1,6,0.83
bMlM,5,4,9,0.56
bMlN,2,5,7,0.29
bMlP,3,4,7,0.43
bMlS,3,4,7,0.43
bMlb,5,2,7,0.71
bMll,1,1,2,0.5
bMlm,4,2,6,0.67
bMln,5,1,6,0.83
bMls,2,1,3,0.67
bMmB,9,14,23,0.39
bMmD,3,1,4,0.75
bMmH,8,4,12,0.67
bMmI,2,1,3,0.67
bMmJ,1,7,8,0.12
bMmK,0,1,1,0.0
bMmL,4,0,4,1.0
bMmM,11,11,22,0.5
bMmN,12,10,22,0.55
bMmP,10,10,20,0.5
bMmS,11,9,20,0.55
bMmb,9,13,22,0.41
bMml,4,1,5,0.8
bMmm,17,8,25,0.68
bMmn,17,11,28,0.61
bMms,6,11,17,0.35
bMnB,13,14,27,0.48
bMnD,6,4,10,0.6
bMnH,7,7,14,0.5
bMnI,3,2,5,0.6
bMnK,3,1,4,0.75
bMnL,4,3,7,0.57
bMnM,17,13,30,0.57
bMnN,23,16,39,0.59
bMnP,25,23,48,0.52
bMnS,14,13,27,0.52
bMnb,8,9,17,0.47
bMnh,1,0,1,1.0
bMnl,3,2,5,0.6
bMnm,21,14,35,0.6
bMnn,20,8,28,0.71
bMns,5,10,15,0.33
bMsB,2,2,4,0.5
bMsD,1,2,3,0.33
bMsH,10,5,15,0.67
bMsI,1,2,3,0.33
bMsK,1,0,1,1.0
bMsL,1,2,3,0.33
bMsM,3,11,14,0.21
bMsN,10,11,21,0.48
bMsP,12,5,17,0.71
bMsS,4,12,16,0.25
bMsb,5,6,11,0.45
bMsm,7,4,11,0.64
bMsn,3,2,5,0.6
bMss,5,6,11,0.45
bMtB,0,1,1,0.0
bMtD,1,0,1,1.0
bMtH,3,0,3,1.0
bMtK,0,0,0,
bMtL,1,0,1,1.0
bMtM,0,2,2,0.0
bMtN,3,1,4,0.75
bMtP,1,2,3,0.33
bMtS,5,2,7,0.71
bMtb,1,1,2,0.5
bMtl,0,2,2,0.0
bMtm,1,0,1,1.0
bMtn,1,1,2,0.5
bMts,0,0,0,
bNBB,9,4,13,0.69
bNBD,2,2,4,0.5
bNBK,0,2,2,0.0
bNBL,5,4,9,0.56
bNBM,9,12,21,0.43
bNBN,20,12,32,0.62
bNBP,9,21,30,0.3
bNBS,4,7,11,0.36
bNBb,11,6,17,0.65
bNBh,1,2,3,0.33
bNBj,3,2,5,0.6
bNBl,3,3,6,0.5
bNBm,11,10,21,0.52
bNBn,18,15,33,0.55
bNBs,3,9,12,0.25
bNBt,1,1,2,0.5
bNDB,3,3,6,0.5
bNDD,0,0,0,
bNDH,0,3,3,0.0
bNDI,1,0,1,1.0
bNDL,0,0,0,
bNDM,4,3,7,0.57
bNDN,2,1,3,0.67
bNDP,5,7,12,0.42
bNDS,4,3,7,0.57
bNDb,2,3,5,0.4
bNDl,2,0,2,1.0
bNDm,5,1,6,0.83
bNDn,1,2,3,0.33
bNDs,0,1,1,0.0
bNHB,2,2,4,0.5
bNHD,1,2,3,0.33
bNHM,3,1,4,0.75
bNHN,0,4,4,0.0
bNHP,1,3,4,0.25
bNHS,1,0,1,1.0
bNHb,1,2,3,0.33
bNHh,0,1,1,0.0
bNHl,1,1,2,0.5
bNHm,2,2,4,0.5
bNHn,2,1,3,0.67
bNHs,1,2,3,0.33
bNIH,0,1,1,0.0
bNIN,0,1,1,0.0
bNIP,0,1,1,0.0
bNKB,0,3,3,0.0
bNKL,1,0,1,1.0
bNKM,1,1,2,0.5
bNKN,2,0,2,1.0
bNKP,0,0,0,
bNKS,2,0,2,1.0
bNKb,2,1,3,0.67
bNKh,1,2,3,0.33
bNKl,0,0,0,
bNKm,1,1,2,0.5
bNKn,1,1,2,0.5
bNKs,1,1,2,0.5
bNLB,2,7,9,0.22
bNLD,2,0,2,1.0
bNLL,2,0,2,1.0
bNLM,2,2,4,0.5
bNLN,7,4,11,0.64
bNLP,5,7,12,0.42
bNLS,2,5,7,0.29
bNLb,2,7,9,0.22
bNLh,3,2,5,0.6
bNLj,2,1,3,0.67
bNLl,3,0,3,1.0
bNLm,3,2,5,0.6
bNLn,3,9,12,0.25
bNLs,2,4,6,0.33
bNLt,3,1,4,0.75
bNMB,12,9,21,0.57
bNMD,4,1,5,0.8
bNMH,0,1,1,0.0
bNML,7,3,10,0.7
bNMM,4,6,10,0.4
bNMN,12,8,20,0.6
bNMP,12,13,25,0.48
bNMS,11,9,20,0.55
bNMb,14,10,24,0.58
bNMh,15,9,24,0.62
bNMj,3,3,6,0.5
bNMl,5,2,7,0.71
bNMm,10,15,25,0.4
bNMn,24,15,39,0.62
bNMs,18,5,23,0.78
bNMt,2,0,2,1.0
bNNB,12,13,25,0.48
bNND,1,5,6,0.17
bNNH,0,3,3,0.0
bNNK,2,0,2,1.0
bNNL,6,6,12,0.5
bNNM,11,13,24,0.46
bNNN,28,31,59,0.47
bNNP,21,27,48,0.44
bNNS,12,11,23,0.52
bNNb,18,11,29,0.62
bNNh,4,11,15,0.27
bNNl,3,7,10,0.3
bNNm,19,19,38,0.5
bNNn,22,20,42,0.52
bNNs,4,10,14,0.29
bNNt,4,3,7,0.57
bNPB,19,13,32,0.59
bNPD,3,1,4,0.75
bNPH,4,4,8,0.5
bNPI,2,2,4,0.5
bNPK,1,2,3,0.33
bNPL,8,12,20,0.4
bNPM,17,17,34,0.5
bNPN,19,19,38,0.5
bNPP,25,26,51,0.49
bNPS,9,12,21,0.43
bNPb,23,17,40,0.57
bNPh,5,4,9,0.56
bNPl,8,8,16,0.5
bNPm,19,19,38,0.5
bNPn,26,12,38,0.68
bNPs,12,9,21,0.57
bNPt,1,3,4,0.25
bNSB,5,5,10,0.5
bNSD,3,0,3,1.0
bNSH,5,5,10,0.5
bNSI,1,0,1,1.0
bNSL,1,5,6,0.17
bNSM,10,4,14,0.71
bNSN,6,9,15,0.4
bNSP,13,12,25,0.52
bNSS,14,16,30,0.47
bNSb,5,2,7,0.71
bNSh,0,1,1,0.0
bNSl,5,0,5,1.0
bNSm,15,4,19,0.79
bNSn,8,10,18,0.44
bNSs,15,10,25,0.6
bNSt,0,0,0,
bNbB,8,13,21,0.38
bNbD,1,2,3,0.33
bNbH,4,5,9,0.44
bNbI,2,2,4,0.5
bNbJ,2,3,5,0.4
bNbK,0,2,2,0.0
bNbL,3,5,8,0.38
bNbM,11,13,24,0.46
bNbN,15,13,28,0.54
bNbP,9,16,25,0.36
bNbS,4,5,9,0.44
bNbb,12,8,20,0.6
bNbl,3,1,4,0.75
bNbm,12,8,20,0.6
bNbn,12,10,22,0.55
bNbs,7,1,8,0.88
bNhB,1,6,7,0.14
bNhD,1,1,2,0.5
bNhH,1,2,3,0.33
bNhL,1,1,2,0.5
bNhM,3,2,5,0.6
bNhN,6,3,9,0.67
bNhP,3,5,8,0.38
bNhS,5,6,11,0.45
bNhb,5,2,7,0.71
bNhh,1,4,5,0.2
bNhl,0,4,4,0.0
bNhm,2,3,5,0.4
bNhn,5,0,5,1.0
bNhs,3,5,8,0.38
bNht,1,0,1,1.0
bNlB,3,3,6,0.5
bNlD,1,1,2,0.5
bNlH,1,0,1,1.0
bNlJ,0,2,2,0.0
bNlL,4,2,6,0.67
bNlM,6,4,10,0.6
bNlN,4,5,9,0.44
bNlP,5,6,11,0.45
bNlS,2,1,3,0.67
bNlb,3,4,7,0.43
bNll,1,2,3,0.33
bNlm,2,2,4,0.5
bNln,1,3,4,0.25
bNls,1,0,1,1.0
bNmB,13,13,26,0.5
bNmD,5,4,9,0.56
bNmH,7,6,13,0.54
bNmI,1,1,2,0.5
bNmJ,2,5,7,0.29
bNmL,3,0,3,1.0
bNmM,6,20,26,0.23
bNmN,18,13,31,0.58
bNmP,15,12,27,0.56
bNmS,5,7,12,0.42
bNmb,11,13,24,0.46
bNmh,0,0,0,
bNml,5,2,7,0.71
bNmm,13,13,26,0.5
bNmn,11,10,21,0.52
bNms,5,4,9,0.56
bNnB,12,10,22,0.55
bNnD,3,4,7,0.43
bNnH,10,11,21,0.48
bNnI,3,1,4,0.75
bNnK,1,1,2,0.5
bNnL,5,2,7,0.71
bNnM,18,18,36,0.5
bNnN,31,21,52,0.6
bNnP,23,25,48,0.48
bNnS,13,16,29,0.45
bNnb,13,9,22,0.59
bNnh,1,0,1,1.0
bNnl,4,6,10,0.4
bNnm,17,8,25,0.68
bNnn,15,22,37,0.41
bNns,7,8,15,0.47
bNsB,7,6,13,0.54
bNsD,0,1,1,0.0
bNsH,7,5,12,0.58
bNsI,2,2,4,0.5
bNsL,1,2,3,0.33
bNsM,6,8,14,0.43
bNsN,19,14,33,0.58
bNsP,9,6,15,0.6
bNsS,5,7,12,0.42
bNsb,9,3,12,0.75
bNsh,0,1,1,0.0
bNsl,4,3,7,0.57
bNsm,5,6,11,0.45
bNsn,12,7,19,0.63
bNss,11,4,15,0.73
bNtB,0,1,1,0.0
bNtH,1,2,3,0.33
bNtK,0,1,1,0.0
bNtL,1,0,1,1.0
bNtM,0,3,3,0.0
bNtN,1,3,4,0.25
bNtP,3,0,3,1.0
bNtS,0,2,2,0.0
bNtb,3,2,5,0.6
bNtl,1,1,2,0.5
bNtm,2,2,4,0.5
bNtn,2,4,6,0.33
bNts,2,2,4,0.5
bNtt,1,1,2,0.5
bPBB,9,15,24,0.38
bPBD,3,3,6,0.5
bPBI,0,1,1,0.0
bPBK,2,4,6,0.33
bPBL,3,2,5,0.6
bPBM,12,12,24,0.5
bPBN,16,9,25,0.64
bPBP,17,9,26,0.65
bPBS,1,4,5,0.2
bPBb,14,8,22,0.64
bPBh,0,5,5,0.0
bPBj,1,3,4,0.25
bPBl,5,3,8,0.62
bPBm,11,10,21,0.52
bPBn,17,11,28,0.61
bPBs,8,4,12,0.67
bPBt,0,2,2,0.0
bPDB,3,2,5,0.6
bPDD,1,0,1,1.0
bPDH,2,0,2,1.0
bPDL,3,0,3,1.0
bPDM,3,1,4,0.75
bPDN,1,1,2,0.5
bPDP,3,3,6,0.5
bPDS,1,2,3,0.33
bPDb,0,1,1,0.0
bPDl,1,1,2,0.5
bPDm,3,0,3,1.0
bPDn,2,1,3,0.67
bPDs,3,0,3,1.0
bPDt,1,0,1,1.0
bPHB,3,6,9,0.33
bPHH,1,0,1,1.0
bPHI,0,2,2,0.0
bPHK,1,1,2,0.5
bPHL,1,1,2,0.5
bPHM,2,1,3,0.67
bPHN,4,2,6,0.67
bPHP,0,2,2,0.0
bPHS,1,1,2,0.5
bPHb,2,3,5,0.4
bPHh,0,2,2,0.0
bPHl,1,1,2,0.5
bPHm,0,1,1,0.0
bPHn,1,0,1,1.0
bPHs,2,2,4,0.5
bPIB,3,1,4,0.75
bPIH,0,1,1,0.0
bPII,3,0,3,1.0
bPIL,2,1,3,0.67
bPIM,4,2,6,0.67
bPIN,2,1,3,0.67
bPIP,2,1,3,0.67
bPIS,0,1,1,0.0
bPIb,1,0,1,1.0
bPIm,0,2,2,0.0
bPIn,0,0,0,
bPIs,1,0,1,1.0
bPKB,1,3,4,0.25
bPKH,0,1,1,0.0
bPKL,0,2,2,0.0
bPKM,4,0,4,1.0
bPKN,1,3,4,0.25
bPKP,4,1,5,0.8
bPKS,1,1,2,0.5
bPKb,2,3,5,0.4
bPKh,1,1,2,0.5
bPKl,1,0,1,1.0
bPKm,4,3,7,0.57
bPKn,2,0,2,1.0
bPKs,2,2,4,0.5
bPLB,4,4,8,0.5
bPLD,1,0,1,1.0
bPLL,2,2,4,0.5
bPLM,3,4,7,0.43
bPLN,3,4,7,0.43
bPLP,4,4,8,0.5
bPLS,7,5,12,0.58
bPLb,1,0,1,1.0
bPLh,2,4,6,0.33
bPLj,4,2,6,0.67
bPLl,3,1,4,0.75
bPLm,3,5,8,0.38
bPLn,8,5,13,0.62
bPLs,3,4,7,0.43
bPLt,2,4,6,0.33
bPMB,19,13,32,0.59
bPMD,1,0,1,1.0
bPMH,0,0,0,
bPMK,0,1,1,0.0
bPML,1,5,6,0.17
bPMM,9,10,19,0.47
bPMN,10,10,20,0.5
bPMP,7,16,23,0.3
bPMS,6,8,14,0.43
bPMb,12,13,25,0.48
bPMh,11,9,20,0.55
bPMj,3,6,9,0.33
bPMl,7,3,10,0.7
bPMm,13,15,28,0.46
bPMn,15,25,40,0.38
bPMs,9,3,12,0.75
bPMt,2,0,2,1.0
bPNB,9,14,23,0.39
bPND,4,3,7,0.57
bPNH,4,0,4,1.0
bPNI,0,1,1,0.0
bPNK,1,1,2,0.5
bPNL,3,5,8,0.38
bPNM,10,15,25,0.4
bPNN,17,16,33,0.52
bPNP,18,19,37,0.49
bPNS,9,13,22,0.41
bPNb,12,13,25,0.48
bPNh,4,5,9,0.44
bPNl,4,4,8,0.5
bPNm,19,8,27,0.7
bPNn,16,16,32,0.5
bPNs,13,6,19,0.68
bPNt,2,4,6,0.33
bPPB,16,16,32,0.5
bPPD,5,5,10,0.5
bPPH,2,9,11,0.18
bPPI,0,1,1,0.0
bPPK,3,3,6,0.5
bPPL,7,8,15,0.47
bPPM,22,21,43,0.51
bPPN,20,19,39,0.51
bPPP,27,21,48,0.56
bPPS,13,13,26,0.5
bPPb,20,14,34,0.59
bPPh,2,2,4,0.5
bPPl,7,10,17,0.41
bPPm,19,20,39,0.49
bPPn,14,13,27,0.52
bPPs,10,14,24,0.42
bPPt,1,2,3,0.33
bPSB,13,3,16,0.81
bPSD,2,0,2,1.0
bPSH,2,3,5,0.4
bPSI,0,1,1,0.0
bPSK,0,1,1,0.0
bPSL,5,3,8,0.62
bPSM,12,6,18,0.67
bPSN,4,4,8,0.5
bPSP,7,7,14,0.5
bPSS,8,10,18,0.44
bPSb,4,6,10,0.4
bPSh,4,8,12,0.33
bPSl,3,3,6,0.5
bPSm,5,8,13,0.38
bPSn,9,11,20,0.45
bPSs,6,11,17,0.35
bPSt,1,0,1,1.0
bPbB,17,9,26,0.65
bPbD,1,0,1,1.0
bPbH,1,5,6,0.17
bPbI,3,3,6,0.5
bPbJ,3,8,11,0.27
bPbK,1,0,1,1.0
bPbL,4,9,13,0.31
bPbM,10,25,35,0.29
bPbN,16,15,31,0.52
bPbP,19,18,37,0.51
bPbS,5,5,10,0.5
bPbb,19,9,28,0.68
bPbl,2,8,10,0.2
bPbm,18,9,27,0.67
bPbn,11,6,17,0.65
bPbs,7,5,12,0.58
bPhB,0,2,2,0.0
bPhI,0,0,0,
bPhM,2,1,3,0.67
bPhN,2,1,3,0.67
bPhP,2,3,5,0.4
bPhS,2,2,4,0.5
bPhb,3,0,3,1.0
bPhh,2,1,3,0.67
bPhl,0,1,1,0.0
bPhm,0,1,1,0.0
bPhn,3,1,4,0.75
bPhs,0,1,1,0.0
bPlB,3,5,8,0.38
bPlH,6,3,9,0.67
bPlI,0,1,1,0.0
bPlJ,1,0,1,1.0
bPlK,0,0,0,
bPlL,3,2,5,0.6
bPlM,4,6,10,0.4
bPlN,7,2,9,0.78
bPlP,7,7,14,0.5
bPlS,1,3,4,0.25
bPlb,4,8,12,0.33
bPll,3,2,5,0.6
bPlm,6,4,10,0.6
bPln,2,3,5,0.4
bPls,0,4,4,0.0
bPmB,12,15,27,0.44
bPmD,4,3,7,0.57
bPmH,12,13,25,0.48
bPmI,1,0,1,1.0
bPmJ,1,3,4,0.25
bPmL,2,3,5,0.4
bPmM,19,12,31,0.61
bPmN,14,6,20,0.7
bPmP,15,15,30,0.5
bPmS,6,10,16,0.38
bPmb,7,14,21,0.33
bPml,3,4,7,0.43
bPmm,14,9,23,0.61
bPmn,17,14,31,0.55
bPms,6,2,8,0.75
bPnB,9,11,20,0.45
bPnD,3,6,9,0.33
bPnH,7,10,17,0.41
bPnI,1,1,2,0.5
bPnK,1,0,1,1.0
bPnL,6,4,10,0.6
bPnM,6,10,16,0.38
bPnN,12,16,28,0.43
bPnP,17,21,38,0.45
bPnS,13,19,32,0.41
bPnb,14,10,24,0.58
bPnh,2,2,4,0.5
bPnl,2,5,7,0.29
bPnm,10,6,16,0.62
bPnn,9,11,20,0.45
bPns,7,4,11,0.64
bPsB,3,7,10,0.3
bPsD,1,1,2,0.5
bPsH,12,5,17,0.71
bPsL,3,3,6,0.5
bPsM,7,5,12,0.58
bPsN,6,7,13,0.46
bPsP,9,10,19,0.47
bPsS,6,4,10,0.6
bPsb,6,7,13,0.46
bPsl,2,2,4,0.5
bPsm,5,4,9,0.56
bPsn,6,4,10,0.6
bPss,4,7,11,0.36
bPtH,0,1,1,0.0
bPtK,0,1,1,0.0
bPtL,0,0,0,
bPtM,1,0,1,1.0
bPtN,1,1,2,0.5
bPtP,2,3,5,0.4
bPtS,1,2,3,0.33
bPtb,4,2,6,0.67
bPtl,2,1,3,0.67
bPtm,4,1,5,0.8
bPts,3,0,3,1.0
bPtt,3,0,3,1.0
bSBB,7,5,12,0.58
bSBD,0,1,1,0.0
bSBK,0,1,1,0.0
bSBL,1,0,1,1.0
bSBM,2,4,6,0.33
bSBN,4,2,6,0.67
bSBP,7,1,8,0.88
bSBS,1,5,6,0.17
bSBb,5,5,10,0.5
bSBh,1,1,2,0.5
bSBj,3,1,4,0.75
bSBl,0,2,2,0.0
bSBm,5,5,10,0.5
bSBn,6,5,11,0.55
bSBs,2,2,4,0.5
bSBt,1,1,2,0.5
bSDB,1,1,2,0.5
bSDL,1,0,1,1.0
bSDM,2,3,5,0.4
bSDN,2,2,4,0.5
bSDP,1,4,5,0.2
bSDS,2,2,4,0.5
bSDh,0,1,1,0.0
bSDl,0,1,1,0.0
bSDm,1,2,3,0.33
bSDn,2,1,3,0.67
bSDs,0,1,1,0.0
bSDt,1,0,1,1.0
bSHB,1,2,3,0.33
bSHD,0,0,0,
bSHH,0,1,1,0.0
bSHI,2,0,2,1.0
bSHL,1,0,1,1.0
bSHM,7,1,8,0.88
bSHN,2,1,3,0.67
bSHP,1,1,2,0.5
bSHS,2,2,4,0.5
bSHb,1,1,2,0.5
bSHl,2,0,2,1.0
bSHm,4,2,6,0.67
bSHn,1,0,1,1.0
bSHs,1,1,2,0.5
bSHt,0,0,0,
bSID,0,1,1,0.0
bSIH,1,0,1,1.0
bSIL,0,2,2,0.0
bSIN,0,0,0,
bSIS,0,3,3,0.0
bSIb,0,1,1,0.0
bSIm,1,0,1,1.0
bSIn,0,2,2,0.0
bSKL,1,0,1,1.0
bSKM,2,0,2,1.0
bSKb,1,0,1,1.0
bSKs,0,0,0,
bSLB,2,1,3,0.67
bSLD,1,0,1,1.0
bSLL,0,0,0,
bSLM,0,3,3,0.0
bSLN,1,3,4,0.25
bSLP,1,2,3,0.33
bSLS,1,5,6,0.17
bSLb,2,4,6,0.33
bSLh,1,0,1,1.0
bSLj,0,2,2,0.0
bSLl,1,1,2,0.5
bSLm,2,3,5,0.4
bSLn,4,3,7,0.57
bSLs,0,3,3,0.0
bSLt,1,0,1,1.0
bSMB,2,1,3,0.67
bSMD,0,3,3,0.0
bSML,2,1,3,0.67
bSMM,6,6,12,0.5
bSMN,4,10,14,0.29
bSMP,7,1,8,0.88
bSMS,7,5,12,0.58
bSMb,5,5,10,0.5
bSMh,6,4,10,0.6
bSMj,1,1,2,0.5
bSMl,4,4,8,0.5
bSMm,7,6,13,0.54
bSMn,7,5,12,0.58
bSMs,2,6,8,0.25
bSMt,0,1,1,0.0
bSNB,1,9,10,0.1
bSND,3,1,4,0.75
bSNH,1,0,1,1.0
bSNK,1,1,2,0.5
bSNL,1,0,1,1.0
bSNM,7,5,12,0.58
bSNN,7,5,12,0.58
bSNP,8,8,16,0.5
bSNS,3,7,10,0.3
bSNb,2,1,3,0.67
bSNh,1,3,4,0.25
bSNl,2,2,4,0.5
bSNm,8,3,11,0.73
bSNn,5,9,14,0.36
bSNs,4,6,10,0.4
bSNt,0,2,2,0.0
bSPB,6,3,9,0.67
bSPD,1,1,2,0.5
bSPH,6,2,8,0.75
bSPI,0,1,1,0.0
bSPK,2,0,2,1.0
bSPL,2,5,7,0.29
bSPM,11,4,15,0.73
bSPN,5,4,9,0.56
bSPP,15,10,25,0.6
bSPS,10,6,16,0.62
bSPb,3,8,11,0.27
bSPh,1,2,3,0.33
bSPl,7,1,8,0.88
bSPm,10,10,20,0.5
bSPn,8,5,13,0.62
bSPs,3,5,8,0.38
bSPt,1,0,1,1.0
bSSB,5,3,8,0.62
bSSD,0,2,2,0.0
bSSH,4,2,6,0.67
bSSI,2,2,4,0.5
bSSL,3,1,4,0.75
bSSM,9,7,16,0.56
bSSN,7,7,14,0.5
bSSP,2,3,5,0.4
bSSS,9,12,21,0.43
bSSb,7,1,8,0.88
bSSh,3,4,7,0.43
bSSl,0,1,1,0.0
bSSm,5,6,11,0.45
bSSn,1,6,7,0.14
bSSs,1,7,8,0.12
bSSt,1,1,2,0.5
bSbB,6,5,11,0.55
bSbD,1,1,2,0.5
bSbH,1,1,2,0.5
bSbI,1,2,3,0.33
bSbJ,0,1,1,0.0
bSbL,2,3,5,0.4
bSbM,1,8,9,0.11
bSbN,3,5,8,0.38
bSbP,7,7,14,0.5
bSbS,2,2,4,0.5
bSbb,2,2,4,0.5
bSbh,0,1,1,0.0
bSbl,1,1,2,0.5
bSbm,4,1,5,0.8
bSbn,7,5,12,0.58
bSbs,1,1,2,0.5
bShB,5,3,8,0.62
bShH,0,1,1,0.0
bShL,1,0,1,1.0
bShM,1,6,7,0.14
bShN,4,4,8,0.5
bShP,6,2,8,0.75
bShS,2,6,8,0.25
bShb,3,6,9,0.33
bShh,1,3,4,0.25
bShl,0,0,0,
bShm,4,2,6,0.67
bShn,3,2,5,0.6
bShs,1,5,6,0.17
bSlB,2,1,3,0.67
bSlH,3,1,4,0.75
bSlL,0,2,2,0.0
bSlM,0,3,3,0.0
bSlN,0,3,3,0.0
bSlP,2,2,4,0.5
bSlS,1,1,2,0.5
bSlb,1,4,5,0.2
bSlm,3,2,5,0.6
bSln,3,2,5,0.6
bSls,2,2,4,0.5
bSmB,6,6,12,0.5
bSmD,1,0,1,1.0
bSmH,1,3,4,0.25
bSmI,0,1,1,0.0
bSmJ,0,1,1,0.0
bSmL,1,1,2,0.5
bSmM,6,8,14,0.43
bSmN,7,12,19,0.37
bSmP,9,7,16,0.56
bSmS,4,6,10,0.4
bSmb,7,5,12,0.58
bSmh,0,0,0,
bSml,2,2,4,0.5
bSmm,9,5,14,0.64
bSmn,6,4,10,0.6
bSms,3,3,6,0.5
bSmt,0,0,0,
bSnB,4,7,11,0.36
bSnD,1,0,1,1.0
bSnH,2,3,5,0.4
bSnI,3,1,4,0.75
bSnK,2,1,3,0.67
bSnL,2,1,3,0.67
bSnM,3,7,10,0.3
bSnN,3,6,9,0.33
bSnP,9,7,16,0.56
bSnS,2,7,9,0.22
bSnb,5,4,9,0.56
bSnl,2,0,2,1.0
bSnm,8,5,13,0.62
bSnn,9,6,15,0.6
bSns,6,4,10,0.6
bSsB,6,2,8,0.75
bSsD,1,2,3,0.33
bSsH,4,8,12,0.33
bSsI,2,1,3,0.67
bSsK,1,0,1,1.0
bSsL,1,0,1,1.0
bSsM,5,6,11,0.45
bSsN,4,6,10,0.4
bSsP,7,3,10,0.7
bSsS,10,10,20,0.5
bSsb,3,5,8,0.38
bSsl,2,2,4,0.5
bSsm,5,4,9,0.56
bSsn,10,5,15,0.67
bSss,5,2,7,0.71
bStB,1,0,1,1.0
bStM,1,0,1,1.0
bStN,0,2,2,0.0
bStP,3,2,5,0.6
bStS,2,0,2,1.0
bStb,1,1,2,0.5
bStm,2,0,2,1.0
bStn,1,0,1,1.0
bSts,0,1,1,0.0
bbBB,4,7,11,0.36
bbBD,2,2,4,0.5
bbBH,1,0,1,1.0
bbBK,1,1,2,0.5
bbBL,3,2,5,0.6
bbBM,10,11,21,0.48
bbBN,15,13,28,0.54
bbBP,16,13,29,0.55
bbBS,9,11,20,0.45
bbBb,14,5,19,0.74
bbBh,1,1,2,0.5
bbBj,3,2,5,0.6
bbBl,5,1,6,0.83
bbBm,11,8,19,0.58
bbBn,21,13,34,0.62
bbBs,9,2,11,0.82
bbBt,2,1,3,0.67
bbDB,2,0,2,1.0
bbDD,1,0,1,1.0
bbDH,3,1,4,0.75
bbDI,1,0,1,1.0
bbDM,1,1,2,0.5
bbDN,2,3,5,0.4
bbDP,1,0,1,1.0
bbDb,4,1,5,0.8
bbDm,3,4,7,0.43
bbDn,2,1,3,0.67
bbDt,1,0,1,1.0
bbHB,8,0,8,1.0
bbHH,1,0,1,1.0
bbHK,1,0,1,1.0
bbHM,0,4,4,0.0
bbHN,4,2,6,0.67
bbHP,5,2,7,0.71
bbHS,1,1,2,0.5
bbHb,4,4,8,0.5
bbHh,1,1,2,0.5
bbHl,0,0,0,
bbHm,4,1,5,0.8
bbHn,2,1,3,0.67
bbHs,1,3,4,0.25
bbIB,0,1,1,0.0
bbID,1,0,1,1.0
bbIH,0,1,1,0.0
bbII,1,0,1,1.0
bbIM,3,4,7,0.43
bbIN,2,2,4,0.5
bbIP,2,3,5,0.4
bbIS,1,0,1,1.0
bbIb,0,2,2,0.0
bbIh,0,1,1,0.0
bbIl,0,0,0,
bbIm,1,0,1,1.0
bbIn,4,1,5,0.8
bbJB,1,2,3,0.33
bbJH,1,2,3,0.33
bbJI,1,0,1,1.0
bbJK,0,1,1,0.0
bbJL,0,0,0,
bbJM,5,2,7,0.71
bbJN,3,4,7,0.43
bbJP,3,5,8,0.38
bbJb,2,2,4,0.5
bbJm,3,2,5,0.6
bbJn,1,2,3,0.33
bbKB,0,2,2,0.0
bbKD,1,0,1,1.0
bbKL,0,1,1,0.0
bbKM,1,0,1,1.0
bbKN,1,0,1,1.0
bbKP,1,1,2,0.5
bbKS,2,1,3,0.67
bbKb,1,2,3,0.33
bbKh,0,1,1,0.0
bbKm,2,3,5,0.4
bbKn,1,2,3,0.33
bbKs,1,0,1,1.0
bbLB,1,8,9,0.11
bbLD,1,1,2,0.5
bbLK,1,0,1,1.0
bbLL,2,1,3,0.67
bbLM,7,6,13,0.54
bbLN,5,3,8,0.62
bbLP,8,5,13,0.62
bbLS,1,1,2,0.5
bbLb,1,1,2,0.5
bbLh,1,1,2,0.5
bbLl,1,1,2,0.5
bbLm,4,4,8,0.5
bbLn,6,2,8,0.75
bbLs,2,4,6,0.33
bbMB,10,5,15,0.67
bbMD,3,5,8,0.38
bbML,2,5,7,0.29
bbMM,9,12,21,0.43
bbMN,13,6,19,0.68
bbMP,22,9,31,0.71
bbMS,7,4,11,0.64
bbMb,10,10,20,0.5
bbMh,12,9,21,0.57
bbMj,2,0,2,1.0
bbMl,4,6,10,0.4
bbMm,11,9,20,0.55
bbMn,19,24,43,0.44
bbMs,2,3,5,0.4
bbMt,4,1,5,0.8
bbNB,12,13,25,0.48
bbND,8,2,10,0.8
bbNH,1,2,3,0.33
bbNK,2,0,2,1.0
bbNL,9,6,15,0.6
bbNM,12,18,30,0.4
bbNN,20,15,35,0.57
bbNP,20,22,42,0.48
bbNS,11,13,24,0.46
bbNb,9,14,23,0.39
bbNh,4,4,8,0.5
bbNl,4,4,8,0.5
bbNm,12,9,21,0.57
bbNn,18,18,36,0.5
bbNs,6,9,15,0.4
bbNt,2,0,2,1.0
bbPB,14,20,34,0.41
bbPD,3,2,5,0.6
bbPH,1,2,3,0.33
bbPI,2,1,3,0.67
bbPK,2,1,3,0.67
bbPL,5,8,13,0.38
bbPM,13,17,30,0.43
bbPN,15,13,28,0.54
bbPP,13,17,30,0.43
bbPS,7,8,15,0.47
bbPb,18,20,38,0.47
bbPh,1,2,3,0.33
bbPl,2,5,7,0.29
bbPm,15,4,19,0.79
bbPn,22,11,33,0.67
bbPs,8,5,13,0.62
bbPt,1,4,5,0.2
bbSB,5,4,9,0.56
bbSH,0,0,0,
bbSI,2,0,2,1.0
bbSL,2,2,4,0.5
bbSM,10,4,14,0.71
bbSN,8,4,12,0.67
bbSP,5,3,8,0.62
bbSS,4,2,6,0.67
bbSb,3,3,6,0.5
bbSh,4,4,8,0.5
bbSl,1,2,3,0.33
bbSm,2,8,10,0.2
bbSn,6,6,12,0.5
bbSs,6,3,9,0.67
bbSt,0,0,0,
bbbB,8,16,24,0.33
bbbD,1,1,2,0.5
bbbH,4,4,8,0.5
bbbI,3,4,7,0.43
bbbJ,5,1,6,0.83
bbbK,1,0,1,1.0
bbbL,2,5,7,0.29
bbbM,6,14,20,0.3
bbbN,18,7,25,0.72
bbbP,17,12,29,0.59
bbbS,4,3,7,0.57
bbbb,10,13,23,0.43
bbbl,3,3,6,0.5
bbbm,7,7,14,0.5
bbbn,16,11,27,0.59
bbbs,2,0,2,1.0
bbhI,0,0,0,
bblB,1,3,4,0.25
bblD,0,1,1,0.0
bblH,3,2,5,0.6
bblI,0,1,1,0.0
bblJ,2,0,2,1.0
bblK,0,1,1,0.0
bblL,1,2,3,0.33
bblM,6,7,13,0.46
bblN,5,5,10,0.5
bblP,4,4,8,0.5
bblS,1,0,1,1.0
bblb,2,4,6,0.33
bbll,0,1,1,0.0
bblm,6,1,7,0.86
bbln,5,0,5,1.0
bbls,2,0,2,1.0
bbmB,6,7,13,0.46
bbmD,1,2,3,0.33
bbmH,8,6,14,0.57
bbmJ,2,2,4,0.5
bbmK,0,0,0,
bbmL,5,1,6,0.83
bbmM,10,9,19,0.53
bbmN,8,7,15,0.53
bbmP,15,10,25,0.6
bbmS,7,4,11,0.64
bbmb,15,6,21,0.71
bbml,2,4,6,0.33
bbmm,18,4,22,0.82
bbmn,8,6,14,0.57
bbms,2,3,5,0.4
bbnB,13,8,21,0.62
bbnD,0,1,1,0.0
bbnH,3,5,8,0.38
bbnI,1,2,3,0.33
bbnK,0,1,1,0.0
bbnL,4,1,5,0.8
bbnM,11,11,22,0.5
bbnN,10,10,20,0.5
bbnP,16,11,27,0.59
bbnS,5,13,18,0.28
bbnb,13,6,19,0.68
bbnh,0,1,1,0.0
bbnl,1,4,5,0.2
bbnm,10,10,20,0.5
bbnn,13,8,21,0.62
bbns,4,7,11,0.36
bbsB,4,4,8,0.5
bbsD,0,1,1,0.0
bbsH,6,3,9,0.67
bbsI,0,1,1,0.0
bbsL,2,0,2,1.0
bbsM,7,6,13,0.54
bbsN,3,3,6,0.5
bbsP,6,4,10,0.6
bbsS,3,4,7,0.43
bbsb,1,2,3,0.33
bbsh,0,1,1,0.0
bbsl,2,1,3,0.67
bbsm,4,3,7,0.57
bbsn,1,1,2,0.5
bbss,0,2,2,0.0
bhDn,0,1,1,0.0
bhIb,1,0,1,1.0
bhIm,0,1,1,0.0
bhLB,1,0,1,1.0
bhMB,0,0,0,
bhPP,0,1,1,0.0
bhSM,0,0,0,
bhSN,1,0,1,1.0
bhSP,1,0,1,1.0
bhSS,0,1,1,0.0
bhSs,0,1,1,0.0
bhbD,0,0,0,
bhbM,0,1,1,0.0
bhhm,0,0,0,
bhlL,0,1,1,0.0
bhmB,1,0,1,1.0
bhmL,0,1,1,0.0
bhmN,0,1,1,0.0
bhmS,1,0,1,1.0
blBB,0,1,1,0.0
blBD,1,0,1,1.0
blBK,1,1,2,0.5
blBL,1,3,4,0.25
blBM,4,4,8,0.5
blBN,1,2,3,0.33
blBP,8,4,12,0.67
blBS,1,3,4,0.25
blBb,3,2,5,0.6
blBj,0,2,2,0.0
blBl,2,1,3,0.67
blBm,2,3,5,0.4
blBn,4,6,10,0.4
blBs,0,3,3,0.0
blBt,1,1,2,0.5
blDB,1,0,1,1.0
blDN,0,1,1,0.0
blDb,0,0,0,
blDm,1,1,2,0.5
blDn,1,0,1,1.0
blHB,0,1,1,0.0
blHH,2,1,3,0.67
blHL,1,5,6,0.17
blHM,3,1,4,0.75
blHN,0,4,4,0.0
blHP,2,0,2,1.0
blHS,1,0,1,1.0
blHb,2,2,4,0.5
blHh,1,0,1,1.0
blHl,0,1,1,0.0
blHm,2,1,3,0.67
blHn,2,4,6,0.33
blHs,1,2,3,0.33
blHt,0,1,1,0.0
blIS,0,1,1,0.0
blIb,0,1,1,0.0
blIl,1,0,1,1.0
blIs,1,1,2,0.5
blJB,1,0,1,1.0
blJH,2,0,2,1.0
blJL,0,1,1,0.0
blJM,1,1,2,0.5
blJN,2,0,2,1.0
blJP,1,0,1,1.0
blJS,0,1,1,0.0
blJb,1,1,2,0.5
blJl,1,1,2,0.5
blJn,1,1,2,0.5
blJs,0,1,1,0.0
blJt,1,0,1,1.0
blKB,0,0,0,
blKK,1,0,1,1.0
blKb,0,1,1,0.0
blKh,1,0,1,1.0
blLB,4,0,4,1.0
blLL,0,1,1,0.0
blLM,2,0,2,1.0
blLN,1,0,1,1.0
blLP,1,2,3,0.33
blLS,2,0,2,1.0
blLb,1,0,1,1.0
blLh,1,1,2,0.5
blLj,1,0,1,1.0
blLm,0,1,1,0.0
blLn,2,2,4,0.5
blLs,1,1,2,0.5
blMB,1,4,5,0.2
blMD,2,1,3,0.67
blML,0,2,2,0.0
blMM,1,4,5,0.2
blMN,5,2,7,0.71
blMP,2,4,6,0.33
blMS,4,1,5,0.8
blMb,2,0,2,1.0
blMh,1,2,3,0.33
blMj,2,0,2,1.0
blMl,3,1,4,0.75
blMm,5,1,6,0.83
blMn,5,4,9,0.56
blMs,1,2,3,0.33
blNB,5,0,5,1.0
blNH,0,2,2,0.0
blNL,1,2,3,0.33
blNM,8,3,11,0.73
blNN,4,3,7,0.57
blNP,6,10,16,0.38
blNS,1,2,3,0.33
blNb,4,5,9,0.44
blNh,2,2,4,0.5
blNl,2,0,2,1.0
blNm,2,3,5,0.4
blNn,4,3,7,0.57
blNs,4,3,7,0.57
blPB,7,1,8,0.88
blPD,0,1,1,0.0
blPH,1,0,1,1.0
blPL,3,1,4,0.75
blPM,2,5,7,0.29
blPN,5,2,7,0.71
blPP,6,7,13,0.46
blPS,5,2,7,0.71
blPb,0,2,2,0.0
blPh,0,0,0,
blPl,2,1,3,0.67
blPm,6,3,9,0.67
blPn,5,4,9,0.56
blPs,1,3,4,0.25
blSB,5,0,5,1.0
blSD,0,0,0,
blSH,0,1,1,0.0
blSL,0,0,0,
blSM,0,3,3,0.0
blSN,2,2,4,0.5
blSP,3,2,5,0.6
blSS,2,2,4,0.5
blSb,1,0,1,1.0
blSh,1,1,2,0.5
blSl,1,0,1,1.0
blSm,1,2,3,0.33
blSn,1,0,1,1.0
blSs,2,3,5,0.4
blbB,4,7,11,0.36
blbH,0,0,0,
blbJ,0,0,0,
blbL,1,4,5,0.2
blbM,3,5,8,0.38
blbN,4,1,5,0.8
blbP,4,2,6,0.67
blbS,0,2,2,0.0
blbb,3,1,4,0.75
blbl,1,0,1,1.0
blbm,2,4,6,0.33
blbn,2,1,3,0.67
blbs,1,1,2,0.5
bllH,1,0,1,1.0
bllI,1,0,1,1.0
bllJ,3,0,3,1.0
bllL,3,0,3,1.0
bllM,0,2,2,0.0
bllN,2,1,3,0.67
bllP,0,2,2,0.0
bllS,0,1,1,0.0
bllb,2,1,3,0.67
blll,0,1,1,0.0
bllm,0,1,1,0.0
blln,2,0,2,1.0
blls,0,1,1,0.0
blmB,2,5,7,0.29
blmH,2,2,4,0.5
blmI,1,0,1,1.0
blmJ,0,1,1,0.0
blmL,3,1,4,0.75
blmM,3,4,7,0.43
blmN,2,2,4,0.5
blmP,4,3,7,0.57
blmS,2,2,4,0.5
blmb,2,3,5,0.4
blml,1,0,1,1.0
blmm,3,1,4,0.75
blmn,2,1,3,0.67
blms,1,1,2,0.5
blnB,3,4,7,0.43
blnH,2,1,3,0.67
blnI,0,1,1,0.0
blnL,2,1,3,0.67
blnM,0,3,3,0.0
blnN,0,5,5,0.0
blnP,1,7,8,0.12
blnS,1,0,1,1.0
blnb,3,2,5,0.6
blnl,1,1,2,0.5
blnm,0,1,1,0.0
blnn,3,3,6,0.5
blsB,0,1,1,0.0
blsD,1,1,2,0.5
blsI,0,0,0,
blsL,2,0,2,1.0
blsM,2,2,4,0.5
blsN,4,0,4,1.0
blsP,3,0,3,1.0
blsS,1,2,3,0.33
blsh,0,1,1,0.0
blsl,1,0,1,1.0
blsm,1,2,3,0.33
blsn,0,1,1,0.0
blss,3,2,5,0.6
bmBB,6,9,15,0.4
bmBD,2,1,3,0.67
bmBK,1,0,1,1.0
bmBL,0,1,1,0.0
bmBM,14,3,17,0.82
bmBN,12,12,24,0.5
bmBP,13,7,20,0.65
bmBS,3,9,12,0.25
bmBb,11,9,20,0.55
bmBh,0,1,1,0.0
bmBj,5,1,6,0.83
bmBl,4,3,7,0.57
bmBm,6,12,18,0.33
bmBn,17,18,35,0.49
bmBs,4,5,9,0.44
bmBt,2,1,3,0.67
bmDB,1,1,2,0.5
bmDD,2,0,2,1.0
bmDH,0,4,4,0.0
bmDL,1,2,3,0.33
bmDM,5,3,8,0.62
bmDN,3,4,7,0.43
bmDP,1,3,4,0.25
bmDS,1,2,3,0.33
bmDb,2,3,5,0.4
bmDm,2,0,2,1.0
bmDn,0,3,3,0.0
bmDs,2,0,2,1.0
bmDt,1,0,1,1.0
bmHB,6,8,14,0.43
bmHD,0,1,1,0.0
bmHH,1,1,2,0.5
bmHI,3,3,6,0.5
bmHK,2,0,2,1.0
bmHL,2,3,5,0.4
bmHM,6,10,16,0.38
bmHN,4,3,7,0.57
bmHP,7,10,17,0.41
bmHS,6,3,9,0.67
bmHb,9,7,16,0.56
bmHh,4,3,7,0.57
bmHl,3,1,4,0.75
bmHm,10,6,16,0.62
bmHn,9,6,15,0.6
bmHs,5,2,7,0.71
bmIB,0,1,1,0.0
bmIH,0,1,1,0.0
bmIM,0,1,1,0.0
bmIN,0,1,1,0.0
bmIP,2,1,3,0.67
bmIS,1,0,1,1.0
bmIb,1,2,3,0.33
bmIm,1,1,2,0.5
bmIn,1,0,1,1.0
bmJB,3,1,4,0.75
bmJD,1,0,1,1.0
bmJH,1,0,1,1.0
bmJL,1,1,2,0.5
bmJM,0,3,3,0.0
bmJN,1,0,1,1.0
bmJP,2,1,3,0.67
bmJS,1,0,1,1.0
bmJb,5,2,7,0.71
bmJh,0,0,0,
bmJl,0,1,1,0.0
bmJm,2,1,3,0.67
bmJn,4,1,5,0.8
bmJs,1,0,1,1.0
bmJt,1,0,1,1.0
bmKP,1,0,1,1.0
bmKh,0,1,1,0.0
bmKm,1,0,1,1.0
bmLB,3,1,4,0.75
bmLD,1,0,1,1.0
bmLI,1,0,1,1.0
bmLL,1,1,2,0.5
bmLM,7,4,11,0.64
bmLN,4,4,8,0.5
bmLP,5,5,10,0.5
bmLS,3,0,3,1.0
bmLb,2,5,7,0.29
bmLh,2,0,2,1.0
bmLl,2,0,2,1.0
bmLm,4,3,7,0.57
bmLn,3,3,6,0.5
bmLs,1,0,1,1.0
bmLt,0,0,0,
bmMB,10,5,15,0.67
bmMD,3,3,6,0.5
bmML,2,3,5,0.4
bmMM,13,9,22,0.59
bmMN,11,9,20,0.55
bmMP,11,12,23,0.48
bmMS,9,4,13,0.69
bmMb,9,6,15,0.6
bmMh,6,6,12,0.5
bmMj,2,0,2,1.0
bmMl,2,4,6,0.33
bmMm,14,11,25,0.56
bmMn,15,17,32,0.47
bmMs,5,2,7,0.71
bmMt,1,0,1,1.0
bmNB,12,11,23,0.52
bmND,1,1,2,0.5
bmNH,0,1,1,0.0
bmNI,1,0,1,1.0
bmNK,0,1,1,0.0
bmNL,3,7,10,0.3
bmNM,9,14,23,0.39
bmNN,18,15,33,0.55
bmNP,16,10,26,0.62
bmNS,7,9,16,0.44
bmNb,7,7,14,0.5
bmNh,2,2,4,0.5
bmNl,5,5,10,0.5
bmNm,14,5,19,0.74
bmNn,17,15,32,0.53
bmNs,5,6,11,0.45
bmNt,3,2,5,0.6
bmPB,8,12,20,0.4
bmPD,1,0,1,1.0
bmPH,0,1,1,0.0
bmPI,0,2,2,0.0
bmPK,2,3,5,0.4
bmPL,3,4,7,0.43
bmPM,10,11,21,0.48
bmPN,14,14,28,0.5
bmPP,14,16,30,0.47
bmPS,13,7,20,0.65
bmPb,20,11,31,0.65
bmPh,3,2,5,0.6
bmPl,4,2,6,0.67
bmPm,13,5,18,0.72
bmPn,10,8,18,0.56
bmPs,4,3,7,0.57
bmSB,4,1,5,0.8
bmSD,1,1,2,0.5
bmSH,4,6,10,0.4
bmSI,1,0,1,1.0
bmSL,1,1,2,0.5
bmSM,6,5,11,0.55
bmSN,6,6,12,0.5
bmSP,5,3,8,0.62
bmSS,8,6,14,0.57
bmSb,5,3,8,0.62
bmSh,3,4,7,0.43
bmSl,5,1,6,0.83
bmSm,5,10,15,0.33
bmSn,5,1,6,0.83
bmSs,7,0,7,1.0
bmSt,2,1,3,0.67
bmbB,8,11,19,0.42
bmbD,1,1,2,0.5
bmbH,2,2,4,0.5
bmbI,2,0,2,1.0
bmbJ,5,4,9,0.56
bmbK,1,0,1,1.0
bmbL,2,2,4,0.5
bmbM,13,10,23,0.57
bmbN,13,10,23,0.57
bmbP,11,12,23,0.48
bmbS,5,5,10,0.5
bmbb,18,13,31,0.58
bmbl,3,1,4,0.75
bmbm,9,5,14,0.64
bmbn,14,20,34,0.41
bmbs,4,4,8,0.5
bmhS,0,1,1,0.0
bmhm,1,0,1,1.0
bmlB,4,4,8,0.5
bmlD,1,1,2,0.5
bmlI,0,2,2,0.0
bmlJ,0,1,1,0.0
bmlL,0,1,1,0.0
bmlM,0,5,5,0.0
bmlN,3,5,8,0.38
bmlP,1,2,3,0.33
bmlS,2,2,4,0.5
bmlb,4,3,7,0.57
bmll,0,1,1,0.0
bmlm,3,1,4,0.75
bmln,1,6,7,0.14
bmls,1,0,1,1.0
bmmB,14,18,32,0.44
bmmD,3,1,4,0.75
bmmH,6,7,13,0.46
bmmJ,3,2,5,0.6
bmmK,1,0,1,1.0
bmmL,2,6,8,0.25
bmmM,12,15,27,0.44
bmmN,12,11,23,0.52
bmmP,9,13,22,0.41
bmmS,7,5,12,0.58
bmmb,10,7,17,0.59
bmmh,0,1,1,0.0
bmml,1,0,1,1.0
bmmm,14,14,28,0.5
bmmn,2,7,9,0.22
bmms,11,1,12,0.92
bmnB,2,12,14,0.14
bmnD,2,1,3,0.67
bmnH,4,4,8,0.5
bmnI,2,4,6,0.33
bmnK,1,1,2,0.5
bmnL,1,1,2,0.5
bmnM,6,6,12,0.5
bmnN,9,11,20,0.45
bmnP,14,11,25,0.56
bmnS,4,5,9,0.44
bmnb,11,11,22,0.5
bmnh,0,1,1,0.0
bmnl,1,2,3,0.33
bmnm,8,11,19,0.42
bmnn,5,5,10,0.5
bmns,7,8,15,0.47
bmsB,4,7,11,0.36
bmsD,2,1,3,0.67
bmsH,1,0,1,1.0
bmsM,5,3,8,0.62
bmsN,4,9,13,0.31
bmsP,5,5,10,0.5
bmsS,2,5,7,0.29
bmsb,3,2,5,0.6
bmsh,0,1,1,0.0
bmsl,1,0,1,1.0
bmsm,5,7,12,0.42
bmsn,4,4,8,0.5
bmss,4,3,7,0.57
bnBB,7,11,18,0.39
bnBD,1,2,3,0.33
bnBK,1,1,2,0.5
bnBL,1,7,8,0.12
bnBM,8,13,21,0.38
bnBN,15,17,32,0.47
bnBP,14,10,24,0.58
bnBS,4,4,8,0.5
bnBb,10,5,15,0.67
bnBh,1,2,3,0.33
bnBj,2,1,3,0.67
bnBl,0,3,3,0.0
bnBm,12,8,20,0.6
bnBn,11,13,24,0.46
bnBs,9,5,14,0.64
bnBt,1,0,1,1.0
bnDB,1,2,3,0.33
bnDH,2,1,3,0.67
bnDL,0,1,1,0.0
bnDM,2,0,2,1.0
bnDN,1,0,1,1.0
bnDP,2,0,2,1.0
bnDS,0,1,1,0.0
bnDb,4,2,6,0.67
bnDl,0,1,1,0.0
bnDm,2,0,2,1.0
bnDn,1,1,2,0.5
bnDs,1,1,2,0.5
bnHB,5,3,8,0.62
bnHD,1,1,2,0.5
bnHI,1,0,1,1.0
bnHL,2,1,3,0.67
bnHM,6,5,11,0.55
bnHN,8,3,11,0.73
bnHP,7,9,16,0.44
bnHS,2,3,5,0.4
bnHb,6,3,9,0.67
bnHh,3,2,5,0.6
bnHl,3,2,5,0.6
bnHm,9,5,14,0.64
bnHn,7,7,14,0.5
bnHs,5,1,6,0.83
bnHt,0,1,1,0.0
bnIB,1,3,4,0.25
bnID,1,1,2,0.5
bnIH,3,1,4,0.75
bnIL,1,1,2,0.5
bnIM,0,3,3,0.0
bnIN,2,1,3,0.67
bnIP,0,1,1,0.0
bnIS,2,0,2,1.0
bnIb,2,0,2,1.0
bnIl,1,0,1,1.0
bnIm,4,0,4,1.0
bnIn,1,0,1,1.0
bnIs,5,2,7,0.71
bnIt,0,0,0,
bnKD,1,1,2,0.5
bnKL,1,0,1,1.0
bnKM,1,3,4,0.25
bnKN,1,4,5,0.2
bnKP,1,0,1,1.0
bnKb,0,2,2,0.0
bnKh,1,1,2,0.5
bnKl,0,1,1,0.0
bnKm,1,0,1,1.0
bnKs,0,2,2,0.0
bnLB,1,1,2,0.5
bnLD,1,0,1,1.0
bnLK,0,0,0,
bnLL,3,1,4,0.75
bnLM,5,2,7,0.71
bnLN,3,1,4,0.75
bnLP,2,2,4,0.5
bnLS,3,2,5,0.6
bnLb,1,4,5,0.2
bnLh,1,1,2,0.5
bnLj,1,1,2,0.5
bnLm,2,0,2,1.0
bnLn,5,2,7,0.71
bnLs,1,2,3,0.33
bnLt,0,0,0,
bnMB,14,10,24,0.58
bnMD,3,1,4,0.75
bnML,1,6,7,0.14
bnMM,8,7,15,0.53
bnMN,12,10,22,0.55
bnMP,14,13,27,0.52
bnMS,6,10,16,0.38
bnMb,8,7,15,0.53
bnMh,3,9,12,0.25
bnMj,3,1,4,0.75
bnMl,2,1,3,0.67
bnMm,15,9,24,0.62
bnMn,13,14,27,0.48
bnMs,3,7,10,0.3
bnMt,3,0,3,1.0
bnNB,10,13,23,0.43
bnND,0,1,1,0.0
bnNH,4,1,5,0.8
bnNI,1,0,1,1.0
bnNK,2,2,4,0.5
bnNL,2,3,5,0.4
bnNM,16,25,41,0.39
bnNN,18,18,36,0.5
bnNP,24,12,36,0.67
bnNS,15,13,28,0.54
bnNb,12,8,20,0.6
bnNh,4,6,10,0.4
bnNl,3,2,5,0.6
bnNm,10,8,18,0.56
bnNn,22,11,33,0.67
bnNs,13,11,24,0.54
bnNt,3,1,4,0.75
bnPB,12,9,21,0.57
bnPD,1,3,4,0.25
bnPH,7,6,13,0.54
bnPI,3,2,5,0.6
bnPK,1,0,1,1.0
bnPL,4,1,5,0.8
bnPM,11,12,23,0.48
bnPN,14,19,33,0.42
bnPP,28,19,47,0.6
bnPS,11,7,18,0.61
bnPb,9,12,21,0.43
bnPh,3,2,5,0.6
bnPl,5,3,8,0.62
bnPm,19,11,30,0.63
bnPn,13,14,27,0.48
bnPs,7,7,14,0.5
bnPt,1,4,5,0.2
bnSB,7,2,9,0.78
bnSD,2,0,2,1.0
bnSH,2,2,4,0.5
bnSK,0,1,1,0.0
bnSL,1,3,4,0.25
bnSM,8,5,13,0.62
bnSN,4,4,8,0.5
bnSP,4,4,8,0.5
bnSS,7,5,12,0.58
bnSb,5,7,12,0.42
bnSh,3,4,7,0.43
bnSl,0,3,3,0.0
bnSm,4,10,14,0.29
bnSn,9,12,21,0.43
bnSs,6,10,16,0.38
bnSt,4,3,7,0.57
bnbB,16,7,23,0.7
bnbD,2,1,3,0.67
bnbH,4,1,5,0.8
bnbI,0,1,1,0.0
bnbJ,3,4,7,0.43
bnbK,1,3,4,0.25
bnbL,5,8,13,0.38
bnbM,10,13,23,0.43
bnbN,10,20,30,0.33
bnbP,15,14,29,0.52
bnbS,4,4,8,0.5
bnbb,7,11,18,0.39
bnbl,0,3,3,0.0
bnbm,6,7,13,0.46
bnbn,13,8,21,0.62
bnbs,2,5,7,0.29
bnhN,0,2,2,0.0
bnhP,0,2,2,0.0
bnhS,2,0,2,1.0
bnhb,2,1,3,0.67
bnhh,0,1,1,0.0
bnhm,0,1,1,0.0
bnhn,0,1,1,0.0
bnhs,2,0,2,1.0
bnlB,2,1,3,0.67
bnlH,2,3,5,0.4
bnlJ,1,0,1,1.0
bnlL,1,2,3,0.33
bnlM,4,3,7,0.57
bnlN,4,3,7,0.57
bnlP,4,6,10,0.4
bnlS,3,0,3,1.0
bnlb,3,2,5,0.6
bnll,0,0,0,
bnlm,6,2,8,0.75
bnln,5,2,7,0.71
bnls,0,1,1,0.0
bnmB,10,1,11,0.91
bnmD,3,2,5,0.6
bnmH,6,10,16,0.38
bnmI,1,0,1,1.0
bnmJ,5,2,7,0.71
bnmL,1,3,4,0.25
bnmM,11,13,24,0.46
bnmN,10,16,26,0.38
bnmP,13,13,26,0.5
bnmS,6,8,14,0.43
bnmb,8,5,13,0.62
bnml,3,2,5,0.6
bnmm,8,5,13,0.62
bnmn,7,8,15,0.47
bnms,6,2,8,0.75
bnnB,14,10,24,0.58
bnnD,2,3,5,0.4
bnnH,6,7,13,0.46
bnnI,2,2,4,0.5
bnnL,6,1,7,0.86
bnnM,8,15,23,0.35
bnnN,16,12,28,0.57
bnnP,16,17,33,0.48
bnnS,13,8,21,0.62
bnnb,6,5,11,0.55
bnnl,1,3,4,0.25
bnnm,14,6,20,0.7
bnnn,10,11,21,0.48
bnns,7,9,16,0.44
bnnt,1,0,1,1.0
bnsB,4,6,10,0.4
bnsH,3,6,9,0.33
bnsI,0,0,0,
bnsK,0,0,0,
bnsL,1,1,2,0.5
bnsM,7,7,14,0.5
bnsN,3,3,6,0.5
bnsP,9,2,11,0.82
bnsS,3,6,9,0.33
bnsb,3,7,10,0.3
bnsl,3,2,5,0.6
bnsm,11,4,15,0.73
bnsn,6,7,13,0.46
bnss,2,5,7,0.29
bntB,0,0,0,
bntm,1,0,1,1.0
bsBB,1,5,6,0.17
bsBD,0,1,1,0.0
bsBL,1,4,5,0.2
bsBM,2,5,7,0.29
bsBN,5,4,9,0.56
bsBP,3,3,6,0.5
bsBS,3,2,5,0.6
bsBb,4,3,7,0.57
bsBh,2,2,4,0.5
bsBj,3,1,4,0.75
bsBl,0,0,0,
bsBm,8,5,13,0.62
bsBn,3,4,7,0.43
bsBs,2,6,8,0.25
bsBt,2,0,2,1.0
bsDD,1,1,2,0.5
bsDH,0,1,1,0.0
bsDL,0,0,0,
bsDM,2,1,3,0.67
bsDN,0,3,3,0.0
bsDP,1,2,3,0.33
bsDS,1,2,3,0.33
bsDl,0,0,0,
bsDm,2,1,3,0.67
bsDn,2,1,3,0.67
bsDs,0,3,3,0.0
bsHB,7,3,10,0.7
bsHH,2,0,2,1.0
bsHI,1,0,1,1.0
bsHL,1,0,1,1.0
bsHM,2,5,7,0.29
bsHN,3,4,7,0.43
bsHP,7,6,13,0.54
bsHS,7,2,9,0.78
bsHb,2,4,6,0.33
bsHh,3,1,4,0.75
bsHl,3,3,6,0.5
bsHm,5,2,7,0.71
bsHn,3,10,13,0.23
bsHs,6,3,9,0.67
bsIB,1,0,1,1.0
bsID,2,0,2,1.0
bsIH,0,1,1,0.0
bsII,1,0,1,1.0
bsIM,0,2,2,0.0
bsIN,1,0,1,1.0
bsIP,0,0,0,
bsIS,0,0,0,
bsIb,0,4,4,0.0
bsIh,0,1,1,0.0
bsIm,2,3,5,0.4
bsIn,0,4,4,0.0
bsIs,0,0,0,
bsKb,0,1,1,0.0
bsLB,2,0,2,1.0
bsLD,1,0,1,1.0
bsLK,1,0,1,1.0
bsLL,0,0,0,
bsLM,1,2,3,0.33
bsLN,5,1,6,0.83
bsLP,1,4,5,0.2
bsLS,2,0,2,1.0
bsLb,2,0,2,1.0
bsLh,0,1,1,0.0
bsLj,0,0,0,
bsLl,1,2,3,0.33
bsLm,1,3,4,0.25
bsLn,1,1,2,0.5
bsLs,1,1,2,0.5
bsMB,5,1,6,0.83
bsMD,3,1,4,0.75
bsML,1,1,2,0.5
bsMM,4,8,12,0.33
bsMN,3,4,7,0.43
bsMP,6,3,9,0.67
bsMS,5,6,11,0.45
bsMb,4,3,7,0.57
bsMh,3,6,9,0.33
bsMj,3,1,4,0.75
bsMl,1,2,3,0.33
bsMm,7,7,14,0.5
bsMn,10,5,15,0.67
bsMs,5,4,9,0.56
bsMt,1,0,1,1.0
bsNB,5,6,11,0.45
bsND,1,0,1,1.0
bsNH,2,2,4,0.5
bsNK,1,2,3,0.33
bsNL,0,1,1,0.0
bsNM,5,3,8,0.62
bsNN,7,7,14,0.5
bsNP,13,8,21,0.62
bsNS,3,3,6,0.5
bsNb,4,5,9,0.44
bsNl,0,1,1,0.0
bsNm,5,3,8,0.62
bsNn,5,5,10,0.5
bsNs,3,3,6,0.5
bsNt,0,1,1,0.0
bsPB,4,6,10,0.4
bsPD,2,0,2,1.0
bsPH,3,2,5,0.6
bsPI,2,1,3,0.67
bsPK,3,1,4,0.75
bsPL,3,3,6,0.5
bsPM,6,8,14,0.43
bsPN,4,10,14,0.29
bsPP,14,10,24,0.58
bsPS,2,2,4,0.5
bsPb,6,1,7,0.86
bsPh,1,1,2,0.5
bsPl,4,1,5,0.8
bsPm,9,7,16,0.56
bsPn,6,8,14,0.43
bsPs,6,1,7,0.86
bsPt,2,0,2,1.0
bsSB,3,3,6,0.5
bsSD,0,0,0,
bsSH,2,3,5,0.4
bsSI,2,1,3,0.67
bsSK,0,0,0,
bsSL,4,2,6,0.67
bsSM,3,5,8,0.38
bsSN,4,8,12,0.33
bsSP,10,7,17,0.59
bsSS,9,8,17,0.53
bsSb,3,2,5,0.6
bsSh,3,4,7,0.43
bsSl,3,2,5,0.6
bsSm,7,2,9,0.78
bsSn,4,6,10,0.4
bsSs,6,6,12,0.5
bsSt,1,1,2,0.5
bsbB,8,2,10,0.8
bsbD,1,0,1,1.0
bsbH,0,1,1,0.0
bsbI,1,1,2,0.5
bsbJ,1,4,5,0.2
bsbK,0,2,2,0.0
bsbL,1,0,1,1.0
bsbM,4,2,6,0.67
bsbN,3,1,4,0.75
bsbP,7,6,13,0.54
bsbS,4,0,4,1.0
bsbb,4,2,6,0.67
bsbm,2,3,5,0.4
bsbn,4,4,8,0.5
bsbs,3,0,3,1.0
bshB,0,0,0,
bshH,0,1,1,0.0
bshS,1,1,2,0.5
bshh,0,1,1,0.0
bshm,3,0,3,1.0
bslB,1,1,2,0.5
bslD,0,0,0,
bslH,1,2,3,0.33
bslI,1,0,1,1.0
bslJ,2,1,3,0.67
bslL,0,1,1,0.0
bslM,1,3,4,0.25
bslN,0,0,0,
bslS,1,0,1,1.0
bslb,0,3,3,0.0
bsll,2,0,2,1.0
bslm,0,1,1,0.0
bsln,1,1,2,0.5
bsls,0,2,2,0.0
bsmB,7,4,11,0.64
bsmD,1,2,3,0.33
bsmH,5,3,8,0.62
bsmL,0,2,2,0.0
bsmM,3,9,12,0.25
bsmN,5,7,12,0.42
bsmP,9,2,11,0.82
bsmS,6,3,9,0.67
bsmb,5,4,9,0.56
bsml,1,0,1,1.0
bsmm,5,6,11,0.45
bsmn,4,5,9,0.44
bsms,1,4,5,0.2
bsnB,2,2,4,0.5
bsnD,2,1,3,0.67
bsnH,1,3,4,0.25
bsnI,1,1,2,0.5
bsnK,0,0,0,
bsnL,1,1,2,0.5
bsnM,3,4,7,0.43
bsnN,2,4,6,0.33
bsnP,8,4,12,0.67
bsnS,5,6,11,0.45
bsnb,1,4,5,0.2
bsnl,3,2,5,0.6
bsnm,3,4,7,0.43
bsnn,4,1,5,0.8
bsns,3,2,5,0.6
bssB,4,3,7,0.57
bssH,2,6,8,0.25
bssI,1,0,1,1.0
bssL,1,3,4,0.25
bssM,4,4,8,0.5
bssN,6,4,10,0.6
bssP,5,3,8,0.62
bssS,3,4,7,0.43
bssb,4,4,8,0.5
bssl,1,0,1,1.0
bssm,2,2,4,0.5
bssn,4,1,5,0.8
bsss,2,2,4,0.5
bstM,1,0,1,1.0
bstS,1,0,1,1.0
bstm,0,0,0,
bstn,0,1,1,0.0
btHM,0,1,1,0.0
btPn,0,1,1,0.0
btmB,0,0,0,
hBBB,1,4,5,0.2
hBBD,0,2,2,0.0
hBBL,1,0,1,1.0
hBBM,3,3,6,0.5
hBBN,2,0,2,1.0
hBBP,2,2,4,0.5
hBBS,0,1,1,0.0
hBBb,6,3,9,0.67
hBBl,1,0,1,1.0
hBBm,3,4,7,0.43
hBBn,4,6,10,0.4
hBBs,1,2,3,0.33
hBDB,1,2,3,0.33
hBDD,0,0,0,
hBDH,0,0,0,
hBDP,0,1,1,0.0
hBDs,2,1,3,0.67
hBDt,1,0,1,1.0
hBKM,0,1,1,0.0
hBKN,1,0,1,1.0
hBKP,1,1,2,0.5
hBKb,2,1,3,0.67
hBKl,0,1,1,0.0
hBKm,1,1,2,0.5
hBLB,0,1,1,0.0
hBLM,1,2,3,0.33
hBLN,0,1,1,0.0
hBLP,1,2,3,0.33
hBLj,0,1,1,0.0
hBLm,0,0,0,
hBLn,1,1,2,0.5
hBMB,1,2,3,0.33
hBMD,1,0,1,1.0
hBML,1,1,2,0.5
hBMM,4,2,6,0.67
hBMN,3,0,3,1.0
hBMP,0,1,1,0.0
hBMS,0,0,0,
hBMb,0,2,2,0.0
hBMh,2,2,4,0.5
hBMj,1,1,2,0.5
hBMl,1,0,1,1.0
hBMm,5,4,9,0.56
hBMn,0,4,4,0.0
hBMt,0,1,1,0.0
hBNB,2,4,6,0.33
hBND,1,0,1,1.0
hBNH,0,1,1,0.0
hBNK,1,0,1,1.0
hBNL,1,2,3,0.33
hBNM,1,3,4,0.25
hBNN,1,2,3,0.33
hBNP,6,2,8,0.75
hBNS,2,2,4,0.5
hBNb,0,5,5,0.0
hBNh,2,1,3,0.67
hBNl,0,1,1,0.0
hBNm,3,2,5,0.6
hBNn,4,1,5,0.8
hBNs,0,1,1,0.0
hBNt,1,1,2,0.5
hBPB,4,2,6,0.67
hBPH,0,2,2,0.0
hBPI,1,0,1,1.0
hBPM,4,3,7,0.57
hBPN,2,1,3,0.67
hBPP,6,7,13,0.46
hBPS,1,0,1,1.0
hBPb,1,2,3,0.33
hBPh,1,0,1,1.0
hBPl,1,1,2,0.5
hBPm,4,3,7,0.57
hBPn,1,1,2,0.5
hBPs,1,0,1,1.0
hBPt,0,1,1,0.0
hBSB,1,0,1,1.0
hBSH,1,0,1,1.0
hBSL,1,1,2,0.5
hBSM,1,1,2,0.5
hBSN,0,1,1,0.0
hBSP,1,4,5,0.2
hBSS,4,1,5,0.8
hBSb,1,1,2,0.5
hBSh,1,1,2,0.5
hBSl,0,1,1,0.0
hBSm,4,1,5,0.8
hBSn,1,1,2,0.5
hBSs,0,0,0,
hBSt,1,0,1,1.0
hBbB,1,3,4,0.25
hBbH,2,0,2,1.0
hBbI,1,0,1,1.0
hBbJ,0,2,2,0.0
hBbK,0,1,1,0.0
hBbL,2,1,3,0.67
hBbM,4,2,6,0.67
hBbN,1,2,3,0.33
hBbP,2,3,5,0.4
hBbS,2,1,3,0.67
hBbb,1,2,3,0.33
hBbl,1,1,2,0.5
hBbm,2,3,5,0.4
hBbn,3,3,6,0.5
hBbs,0,3,3,0.0
hBhB,1,0,1,1.0
hBhM,0,1,1,0.0
hBhP,1,0,1,1.0
hBhb,0,1,1,0.0
hBhm,2,0,2,1.0
hBhs,0,1,1,0.0
hBjB,0,1,1,0.0
hBjI,1,0,1,1.0
hBjM,2,0,2,1.0
hBjN,2,1,3,0.67
hBjP,1,2,3,0.33
hBjS,2,2,4,0.5
hBjb,1,0,1,1.0
hBjh,0,1,1,0.0
hBjm,2,0,2,1.0
hBjs,1,0,1,1.0
hBlB,0,0,0,
hBlH,0,0,0,
hBlJ,0,0,0,
hBlM,1,0,1,1.0
hBlN,0,1,1,0.0
hBlS,0,0,0,
hBlb,0,2,2,0.0
hBll,1,1,2,0.5
hBlm,1,0,1,1.0
hBln,1,0,1,1.0
hBls,0,1,1,0.0
hBmB,2,2,4,0.5
hBmD,1,1,2,0.5
hBmH,1,4,5,0.2
hBmI,1,0,1,1.0
hBmJ,1,0,1,1.0
hBmM,1,2,3,0.33
hBmN,2,3,5,0.4
hBmP,2,3,5,0.4
hBmS,0,0,0,
hBmb,3,2,5,0.6
hBml,1,0,1,1.0
hBmm,2,5,7,0.29
hBmn,7,1,8,0.88
hBms,0,0,0,
hBnB,4,1,5,0.8
hBnK,0,0,0,
hBnL,2,1,3,0.67
hBnM,2,3,5,0.4
hBnN,4,1,5,0.8
hBnP,6,7,13,0.46
hBnS,0,3,3,0.0
hBnb,0,2,2,0.0
hBnl,0,1,1,0.0
hBnm,3,3,6,0.5
hBnn,4,1,5,0.8
hBns,4,3,7,0.57
hBsB,2,0,2,1.0
hBsD,1,0,1,1.0
hBsH,0,0,0,
hBsI,2,0,2,1.0
hBsM,1,0,1,1.0
hBsN,1,0,1,1.0
hBsP,2,0,2,1.0
hBsS,2,0,2,1.0
hBsb,1,1,2,0.5
hBsh,1,0,1,1.0
hBsl,0,1,1,0.0
hBsm,1,0,1,1.0
hBsn,3,0,3,1.0
hBss,0,2,2,0.0
hBtH,1,1,2,0.5
hBtK,1,0,1,1.0
hBtM,1,0,1,1.0
hBtN,1,1,2,0.5
hBtS,1,1,2,0.5
hBtn,0,1,1,0.0
hDBB,0,1,1,0.0
hDBM,1,0,1,1.0
hDBP,0,0,0,
hDBS,0,1,1,0.0
hDBb,0,0,0,
hDBl,1,0,1,1.0
hDBm,1,0,1,1.0
hDBn,1,0,1,1.0
hDDH,1,0,1,1.0
hDDN,0,1,1,0.0
hDDt,0,0,0,
hDHM,1,2,3,0.33
hDHN,0,1,1,0.0
hDHh,2,0,2,1.0
hDHm,1,0,1,1.0
hDHn,0,1,1,0.0
hDHs,1,0,1,1.0
hDIm,0,1,1,0.0
hDLS,0,1,1,0.0
hDLn,0,1,1,0.0
hDMB,1,0,1,1.0
hDMM,1,0,1,1.0
hDMN,1,2,3,0.33
hDMS,0,0,0,
hDMb,1,1,2,0.5
hDMm,3,1,4,0.75
hDMn,3,1,4,0.75
hDMs,1,1,2,0.5
hDNH,0,1,1,0.0
hDNM,1,0,1,1.0
hDNP,0,1,1,0.0
hDNm,1,1,2,0.5
hDNs,0,0,0,
hDPI,0,0,0,
hDPM,0,1,1,0.0
hDPN,0,1,1,0.0
hDPP,1,0,1,1.0
hDPb,1,1,2,0.5
hDPl,0,2,2,0.0
hDPm,0,3,3,0.0
hDPn,1,0,1,1.0
hDPs,1,0,1,1.0
hDSD,0,1,1,0.0
hDSM,1,1,2,0.5
hDSN,1,0,1,1.0
hDSm,0,1,1,0.0
hDbD,0,1,1,0.0
hDbI,0,0,0,
hDbM,1,0,1,1.0
hDbN,3,0,3,1.0
hDbb,1,0,1,1.0
hDbm,0,0,0,
hDbn,0,1,1,0.0
hDhH,1,0,1,1.0
hDhm,1,0,1,1.0
hDlB,1,0,1,1.0
hDlH,1,0,1,1.0
hDlN,1,0,1,1.0
hDlS,0,1,1,0.0
hDlm,0,1,1,0.0
hDmB,0,2,2,0.0
hDmH,1,2,3,0.33
hDmM,0,0,0,
hDmN,1,2,3,0.33
hDmP,0,0,0,
hDmS,1,1,2,0.5
hDmb,1,1,2,0.5
hDmm,0,2,2,0.0
hDmn,2,0,2,1.0
hDms,0,1,1,0.0
hDnM,0,1,1,0.0
hDnP,2,0,2,1.0
hDnS,0,0,0,
hDnb,0,1,1,0.0
hDnm,0,0,0,
hDnn,1,0,1,1.0
hDns,1,0,1,1.0
hDsD,0,1,1,0.0
hDsH,0,1,1,0.0
hDsM,1,1,2,0.5
hDsN,0,1,1,0.0
hDsS,1,0,1,1.0
hDsm,0,1,1,0.0
hDsn,0,3,3,0.0
hDts,0,0,0,
hHBK,0,0,0,
hHBM,1,1,2,0.5
hHBP,1,0,1,1.0
hHBS,0,2,2,0.0
hHBm,0,1,1,0.0
hHBn,0,0,0,
hHDD,2,0,2,1.0
hHDS,0,0,0,
hHHK,1,0,1,1.0
hHHb,0,1,1,0.0
hHHn,1,0,1,1.0
hHIM,0,0,0,
hHKB,1,0,1,1.0
hHKP,1,0,1,1.0
hHLB,1,0,1,1.0
hHLL,0,1,1,0.0
hHLP,0,0,0,
hHLS,1,0,1,1.0
hHML,0,1,1,0.0
hHMM,1,0,1,1.0
hHMN,1,0,1,1.0
hHMP,0,3,3,0.0
hHMS,0,2,2,0.0
hHMb,1,1,2,0.5
hHMl,1,0,1,1.0
hHMm,1,0,1,1.0
hHMn,1,0,1,1.0
hHMs,0,1,1,0.0
hHMt,0,1,1,0.0
hHNB,1,0,1,1.0
hHNM,1,0,1,1.0
hHNN,1,1,2,0.5
hHNP,1,0,1,1.0
hHNS,0,1,1,0.0
hHNb,1,0,1,1.0
hHNh,0,1,1,0.0
hHNm,1,0,1,1.0
hHNn,0,0,0,
hHPB,0,1,1,0.0
hHPH,0,1,1,0.0
hHPI,1,0,1,1.0
hHPL,1,0,1,1.0
hHPM,0,1,1,0.0
hHPN,1,0,1,1.0
hHPS,2,0,2,1.0
hHPl,1,0,1,1.0
hHPn,1,1,2,0.5
hHPs,0,1,1,0.0
hHSB,1,0,1,1.0
hHSM,0,1,1,0.0
hHSN,1,1,2,0.5
hHSP,2,0,2,1.0
hHSS,3,0,3,1.0
hHSb,1,1,2,0.5
hHSl,0,1,1,0.0
hHSs,1,0,1,1.0
hHbB,1,1,2,0.5
hHbK,0,0,0,
hHbN,1,2,3,0.33
hHbP,1,1,2,0.5
hHbS,0,1,1,0.0
hHbb,2,0,2,1.0
hHbm,0,0,0,
hHbn,1,0,1,1.0
hHbs,0,0,0,
hHhN,1,2,3,0.33
hHhl,0,1,1,0.0
hHhm,1,0,1,1.0
hHhn,1,0,1,1.0
hHlB,1,0,1,1.0
hHlD,0,0,0,
hHlH,1,0,1,1.0
hHlL,0,1,1,0.0
hHlM,1,0,1,1.0
hHlN,1,1,2,0.5
hHlP,2,0,2,1.0
hHlS,1,0,1,1.0
hHlm,0,1,1,0.0
hHmB,0,1,1,0.0
hHmH,0,1,1,0.0
hHmJ,0,1,1,0.0
hHmM,1,2,3,0.33
hHmN,0,1,1,0.0
hHmS,0,0,0,
hHml,1,0,1,1.0
hHmm,0,2,2,0.0
hHms,1,1,2,0.5
hHnB,0,0,0,
hHnH,2,0,2,1.0
hHnN,1,1,2,0.5
hHnP,0,1,1,0.0
hHnb,1,2,3,0.33
hHnl,1,0,1,1.0
hHnm,0,1,1,0.0
hHnn,0,3,3,0.0
hHsH,0,1,1,0.0
hHsM,2,1,3,0.67
hHsN,3,0,3,1.0
hHsP,1,0,1,1.0
hHsS,0,1,1,0.0
hHsb,1,2,3,0.33
hHsm,0,1,1,0.0
hHsn,2,1,3,0.67
hHtH,1,0,1,1.0
hIBB,0,1,1,0.0
hIBS,1,1,2,0.5
hIBj,1,0,1,1.0
hIBn,0,1,1,0.0
hIDM,0,1,1,0.0
hIDN,1,0,1,1.0
hIHD,0,1,1,0.0
hIHH,1,0,1,1.0
hIHM,1,0,1,1.0
hIHS,0,1,1,0.0
hIHb,1,0,1,1.0
hIHm,1,0,1,1.0
hIIS,1,0,1,1.0
hIIn,0,1,1,0.0
hIKN,1,0,1,1.0
hILB,0,0,0,
hILS,0,0,0,
hILh,0,0,0,
hILl,1,0,1,1.0
hIMB,1,0,1,1.0
hIML,0,1,1,0.0
hIMM,0,0,0,
hIMS,1,0,1,1.0
hIMb,1,0,1,1.0
hIMh,1,0,1,1.0
hIMm,2,0,2,1.0
hIMn,1,0,1,1.0
hINN,1,0,1,1.0
hINP,0,1,1,0.0
hINS,1,0,1,1.0
hIPB,1,0,1,1.0
hIPN,2,0,2,1.0
hIPP,1,0,1,1.0
hIPm,0,2,2,0.0
hIPn,0,1,1,0.0
hIPt,1,0,1,1.0
hISM,0,0,0,
hISN,1,0,1,1.0
hISS,0,1,1,0.0
hISl,0,1,1,0.0
hISm,0,1,1,0.0
hIbN,1,0,1,1.0
hIbS,1,0,1,1.0
hIbb,1,0,1,1.0
hIbl,0,1,1,0.0
hIbs,0,1,1,0.0
hIhL,0,1,1,0.0
hIlm,1,0,1,1.0
hImD,1,0,1,1.0
hImb,1,0,1,1.0
hImm,2,0,2,1.0
hIms,0,1,1,0.0
hInB,0,1,1,0.0
hInD,1,0,1,1.0
hInM,0,1,1,0.0
hInN,0,1,1,0.0
hInm,0,1,1,0.0
hIsB,0,0,0,
hIsL,0,1,1,0.0
hIsN,0,1,1,0.0
hIsP,0,0,0,
hIsS,1,0,1,1.0
hIsl,1,0,1,1.0
hIsn,0,1,1,0.0
hIss,0,2,2,0.0
hItS,0,0,0,
hKBj,0,1,1,0.0
hKLn,0,1,1,0.0
hKMB,0,0,0,
hKMN,0,1,1,0.0
hKMm,1,0,1,1.0
hKNM,1,0,1,1.0
hKNm,0,1,1,0.0
hKPI,0,0,0,
hKSP,1,0,1,1.0
hKSS,1,0,1,1.0
hKSb,0,0,0,
hKSh,0,0,0,
hKmB,0,1,1,0.0
hKmN,0,0,0,
hKnL,1,0,1,1.0
hKnm,1,0,1,1.0
hKsP,1,1,2,0.5
hKsn,0,1,1,0.0
hKtt,1,0,1,1.0
hLBD,0,1,1,0.0
hLBM,0,1,1,0.0
hLBN,2,2,4,0.5
hLBP,1,3,4,0.25
hLBS,0,0,0,
hLBb,1,0,1,1.0
hLBj,0,1,1,0.0
hLBl,1,2,3,0.33
hLBn,1,0,1,1.0
hLDB,0,1,1,0.0
hLDL,0,0,0,
hLDm,0,0,0,
hLKm,1,0,1,1.0
hLKs,1,0,1,1.0
hLLB,0,1,1,0.0
hLLL,1,0,1,1.0
hLLP,0,1,1,0.0
hLLb,0,0,0,
hLLl,2,0,2,1.0
hLLm,0,1,1,0.0
hLLn,0,2,2,0.0
hLMB,1,2,3,0.33
hLMK,1,0,1,1.0
hLML,1,1,2,0.5
hLMM,1,2,3,0.33
hLMN,0,1,1,0.0
hLMP,2,1,3,0.67
hLMh,2,0,2,1.0
hLMm,3,0,3,1.0
hLMn,1,1,2,0.5
hLMt,1,1,2,0.5
hLNB,1,0,1,1.0
hLND,0,0,0,
hLNL,1,0,1,1.0
hLNM,1,0,1,1.0
hLNP,0,1,1,0.0
hLNS,0,1,1,0.0
hLNb,2,1,3,0.67
hLNh,0,0,0,
hLNl,1,0,1,1.0
hLNm,1,0,1,1.0
hLNn,2,0,2,1.0
hLNs,0,1,1,0.0
hLPB,1,0,1,1.0
hLPH,0,0,0,
hLPL,1,0,1,1.0
hLPM,0,1,1,0.0
hLPP,0,2,2,0.0
hLPb,0,1,1,0.0
hLPh,0,1,1,0.0
hLPl,1,0,1,1.0
hLPm,1,0,1,1.0
hLPn,0,1,1,0.0
hLPt,1,0,1,1.0
hLSB,0,0,0,
hLSP,1,0,1,1.0
hLSm,1,1,2,0.5
hLSn,1,0,1,1.0
hLSs,1,1,2,0.5
hLSt,1,1,2,0.5
hLbB,3,2,5,0.6
hLbJ,0,1,1,0.0
hLbK,1,1,2,0.5
hLbM,0,1,1,0.0
hLbN,2,1,3,0.67
hLbP,1,0,1,1.0
hLbS,0,0,0,
hLbb,1,0,1,1.0
hLbl,0,1,1,0.0
hLbn,0,2,2,0.0
hLbs,1,2,3,0.33
hLhM,1,1,2,0.5
hLhP,1,1,2,0.5
hLhb,1,0,1,1.0
hLht,0,1,1,0.0
hLjM,0,1,1,0.0
hLjN,1,0,1,1.0
hLjs,1,0,1,1.0
hLlB,1,0,1,1.0
hLlJ,0,1,1,0.0
hLlK,0,0,0,
hLlL,0,1,1,0.0
hLlS,0,1,1,0.0
hLlb,0,1,1,0.0
hLll,0,1,1,0.0
hLlm,1,0,1,1.0
hLls,0,0,0,
hLmB,1,0,1,1.0
hLmJ,0,2,2,0.0
hLmL,1,0,1,1.0
hLmM,1,2,3,0.33
hLmP,0,2,2,0.0
hLmS,2,2,4,0.5
hLmb,2,1,3,0.67
hLmm,0,1,1,0.0
hLmn,1,1,2,0.5
hLms,1,1,2,0.5
hLnB,0,3,3,0.0
hLnH,0,1,1,0.0
hLnI,0,1,1,0.0
hLnL,1,0,1,1.0
hLnM,3,0,3,1.0
hLnN,3,2,5,0.6
hLnP,2,0,2,1.0
hLnS,1,1,2,0.5
hLnb,0,0,0,
hLnl,0,1,1,0.0
hLnm,3,2,5,0.6
hLns,3,1,4,0.75
hLsH,0,0,0,
hLsI,1,0,1,1.0
hLsL,0,0,0,
hLsN,1,5,6,0.17
hLsP,2,1,3,0.67
hLsS,1,0,1,1.0
hLsm,2,0,2,1.0
hLsn,2,0,2,1.0
hLtL,0,1,1,0.0
hLtP,1,0,1,1.0
hMBB,6,2,8,0.75
hMBD,1,0,1,1.0
hMBM,4,4,8,0.5
hMBN,1,5,6,0.17
hMBP,3,6,9,0.33
hMBS,0,1,1,0.0
hMBb,4,5,9,0.44
hMBh,0,1,1,0.0
hMBj,1,0,1,1.0
hMBl,0,1,1,0.0
hMBm,9,0,9,1.0
hMBn,2,3,5,0.4
hMBs,0,1,1,0.0
hMBt,0,0,0,
hMDB,0,1,1,0.0
hMDD,0,0,0,
hMDM,0,1,1,0.0
hMDP,1,0,1,1.0
hMDS,3,1,4,0.75
hMDb,2,2,4,0.5
hMDl,0,1,1,0.0
hMDm,1,1,2,0.5
hMHH,0,0,0,
hMHP,1,0,1,1.0
hMHS,0,1,1,0.0
hMIP,0,0,0,
hMIl,1,0,1,1.0
hMKP,0,1,1,0.0
hMKS,0,0,0,
hMLB,1,1,2,0.5
hMLM,0,0,0,
hMLP,0,1,1,0.0
hMLb,0,1,1,0.0
hMLl,1,0,1,1.0
hMLn,1,0,1,1.0
hMMB,3,2,5,0.6
hMMD,2,0,2,1.0
hMMH,0,0,0,
hMML,2,1,3,0.67
hMMM,2,4,6,0.33
hMMN,1,2,3,0.33
hMMP,3,4,7,0.43
hMMS,1,1,2,0.5
hMMb,1,3,4,0.25
hMMh,3,1,4,0.75
hMMj,0,1,1,0.0
hMMl,0,1,1,0.0
hMMm,2,6,8,0.25
hMMn,2,1,3,0.67
hMMs,3,4,7,0.43
hMNB,3,2,5,0.6
hMND,1,0,1,1.0
hMNH,0,2,2,0.0
hMNK,0,2,2,0.0
hMNL,2,3,5,0.4
hMNM,1,4,5,0.2
hMNN,0,2,2,0.0
hMNP,4,2,6,0.67
hMNS,4,0,4,1.0
hMNb,4,1,5,0.8
hMNh,2,0,2,1.0
hMNl,1,0,1,1.0
hMNm,4,3,7,0.57
hMNn,7,3,10,0.7
hMNs,1,4,5,0.2
hMPB,4,5,9,0.44
hMPD,1,0,1,1.0
hMPH,0,1,1,0.0
hMPI,1,0,1,1.0
hMPL,2,2,4,0.5
hMPM,2,5,7,0.29
hMPN,0,4,4,0.0
hMPP,2,5,7,0.29
hMPS,3,2,5,0.6
hMPb,6,1,7,0.86
hMPh,0,1,1,0.0
hMPl,2,0,2,1.0
hMPm,5,4,9,0.56
hMPn,2,3,5,0.4
hMPs,5,2,7,0.71
hMSB,2,1,3,0.67
hMSD,1,1,2,0.5
hMSH,1,1,2,0.5
hMSL,1,0,1,1.0
hMSM,1,3,4,0.25
hMSN,2,3,5,0.4
hMSP,1,3,4,0.25
hMSS,2,2,4,0.5
hMSb,0,1,1,0.0
hMSh,1,2,3,0.33
hMSl,2,1,3,0.67
hMSm,5,1,6,0.83
hMSn,2,1,3,0.67
hMSs,3,2,5,0.6
hMSt,0,1,1,0.0
hMbB,3,1,4,0.75
hMbD,1,0,1,1.0
hMbH,0,3,3,0.0
hMbJ,0,3,3,0.0
hMbK,0,1,1,0.0
hMbL,2,0,2,1.0
hMbM,4,3,7,0.57
hMbN,3,1,4,0.75
hMbP,2,3,5,0.4
hMbS,2,1,3,0.67
hMbb,1,3,4,0.25
hMbl,1,1,2,0.5
hMbm,1,4,5,0.2
hMbn,3,0,3,1.0
hMbs,3,3,6,0.5
hMhB,1,4,5,0.2
hMhD,0,1,1,0.0
hMhH,0,0,0,
hMhK,1,0,1,1.0
hMhL,1,2,3,0.33
hMhM,2,3,5,0.4
hMhN,0,5,5,0.0
hMhP,2,2,4,0.5
hMhS,6,0,6,1.0
hMhb,1,3,4,0.25
hMhh,4,2,6,0.67
hMhl,1,1,2,0.5
hMhm,4,1,5,0.8
hMhn,2,1,3,0.67
hMhs,2,3,5,0.4
hMjM,1,0,1,1.0
hMjN,1,0,1,1.0
hMjP,0,2,2,0.0
hMjb,1,0,1,1.0
hMjm,1,1,2,0.5
hMjt,0,0,0,
hMlB,1,0,1,1.0
hMlH,1,0,1,1.0
hMlI,0,1,1,0.0
hMlJ,1,0,1,1.0
hMlK,0,2,2,0.0
hMlL,1,1,2,0.5
hMlM,1,0,1,1.0
hMlN,1,0,1,1.0
hMlP,2,0,2,1.0
hMlb,4,1,5,0.8
hMlm,2,2,4,0.5
hMln,1,0,1,1.0
hMls,2,1,3,0.67
hMmB,2,1,3,0.67
hMmD,1,1,2,0.5
hMmH,3,2,5,0.6
hMmJ,0,0,0,
hMmL,1,0,1,1.0
hMmM,6,5,11,0.55
hMmN,8,3,11,0.73
hMmP,4,3,7,0.57
hMmS,2,3,5,0.4
hMmb,4,2,6,0.67
hMml,2,0,2,1.0
hMmm,7,3,10,0.7
hMmn,3,3,6,0.5
hMms,1,1,2,0.5
hMnB,2,2,4,0.5
hMnD,0,0,0,
hMnH,0,4,4,0.0
hMnL,2,1,3,0.67
hMnM,2,0,2,1.0
hMnN,2,1,3,0.67
hMnP,8,3,11,0.73
hMnS,1,4,5,0.2
hMnb,2,3,5,0.4
hMnl,1,0,1,1.0
hMnm,3,2,5,0.6
hMnn,0,5,5,0.0
hMns,1,4,5,0.2
hMsB,2,0,2,1.0
hMsD,1,0,1,1.0
hMsI,0,0,0,
hMsK,0,1,1,0.0
hMsL,1,0,1,1.0
hMsM,0,3,3,0.0
hMsN,4,3,7,0.57
hMsP,5,2,7,0.71
hMsS,2,0,2,1.0
hMsb,3,0,3,1.0
hMsm,1,1,2,0.5
hMsn,2,1,3,0.67
hMss,2,0,2,1.0
hMtL,1,0,1,1.0
hMtP,1,0,1,1.0
hMtS,0,1,1,0.0
hMtb,0,0,0,
hNBB,1,2,3,0.33
hNBL,0,0,0,
hNBM,2,1,3,0.67
hNBN,4,2,6,0.67
hNBP,3,4,7,0.43
hNBS,1,1,2,0.5
hNBb,0,3,3,0.0
hNBj,0,1,1,0.0
hNBl,2,0,2,1.0
hNBm,3,1,4,0.75
hNBn,4,4,8,0.5
hNBs,4,0,4,1.0
hNDH,1,0,1,1.0
hNDI,0,1,1,0.0
hNDM,0,1,1,0.0
hNDN,0,1,1,0.0
hNDP,1,0,1,1.0
hNDS,1,2,3,0.33
hNDm,0,1,1,0.0
hNDn,1,0,1,1.0
hNDs,0,0,0,
hNHD,1,0,1,1.0
hNHL,0,1,1,0.0
hNHM,0,1,1,0.0
hNHP,1,0,1,1.0
hNHS,1,0,1,1.0
hNHb,1,0,1,1.0
hNHl,0,0,0,
hNHm,0,1,1,0.0
hNHn,0,2,2,0.0
hNHs,2,0,2,1.0
hNIP,1,0,1,1.0
hNIn,1,0,1,1.0
hNKN,1,0,1,1.0
hNKP,1,0,1,1.0
hNKh,1,1,2,0.5
hNKm,2,1,3,0.67
hNKn,1,0,1,1.0
hNKs,1,0,1,1.0
hNLB,0,1,1,0.0
hNLD,1,0,1,1.0
hNLM,0,1,1,0.0
hNLN,1,1,2,0.5
hNLP,0,1,1,0.0
hNLS,2,1,3,0.67
hNLb,1,0,1,1.0
hNLj,0,1,1,0.0
hNLm,0,1,1,0.0
hNLn,0,1,1,0.0
hNLs,1,0,1,1.0
hNMB,1,3,4,0.25
hNML,1,2,3,0.33
hNMM,1,1,2,0.5
hNMN,1,1,2,0.5
hNMP,2,6,8,0.25
hNMS,2,1,3,0.67
hNMb,2,5,7,0.29
hNMh,1,2,3,0.33
hNMj,0,1,1,0.0
hNMl,2,1,3,0.67
hNMm,3,3,6,0.5
hNMn,3,3,6,0.5
hNMs,2,1,3,0.67
hNNB,2,1,3,0.67
hNND,3,0,3,1.0
hNNH,2,2,4,0.5
hNNK,1,1,2,0.5
hNNL,1,2,3,0.33
hNNM,0,3,3,0.0
hNNN,1,3,4,0.25
hNNP,7,2,9,0.78
hNNS,4,0,4,1.0
hNNb,4,2,6,0.67
hNNh,1,1,2,0.5
hNNl,0,2,2,0.0
hNNm,2,3,5,0.4
hNNn,4,3,7,0.57
hNNs,2,2,4,0.5
hNNt,2,1,3,0.67
hNPB,3,2,5,0.6
hNPD,1,0,1,1.0
hNPH,0,0,0,
hNPI,0,0,0,
hNPL,2,1,3,0.67
hNPM,5,1,6,0.83
hNPN,3,4,7,0.43
hNPP,8,6,14,0.57
hNPS,3,4,7,0.43
hNPb,4,5,9,0.44
hNPh,2,2,4,0.5
hNPl,2,2,4,0.5
hNPm,6,1,7,0.86
hNPn,2,6,8,0.25
hNPs,6,1,7,0.86
hNSB,0,2,2,0.0
hNSD,1,0,1,1.0
hNSH,0,1,1,0.0
hNSL,0,1,1,0.0
hNSM,3,4,7,0.43
hNSN,1,2,3,0.33
hNSP,3,0,3,1.0
hNSS,9,0,9,1.0
hNSb,1,1,2,0.5
hNSh,2,1,3,0.67
hNSl,0,0,0,
hNSm,1,1,2,0.5
hNSn,3,2,5,0.6
hNSs,5,2,7,0.71
hNSt,1,0,1,1.0
hNbB,2,2,4,0.5
hNbD,1,0,1,1.0
hNbH,1,0,1,1.0
hNbJ,1,0,1,1.0
hNbM,2,3,5,0.4
hNbN,1,0,1,1.0
hNbP,2,4,6,0.33
hNbS,0,1,1,0.0
hNbb,2,2,4,0.5
hNbl,0,1,1,0.0
hNbm,1,1,2,0.5
hNbn,5,4,9,0.56
hNbs,1,0,1,1.0
hNhB,0,1,1,0.0
hNhD,0,1,1,0.0
hNhH,0,1,1,0.0
hNhN,1,0,1,1.0
hNhP,0,1,1,0.0
hNhS,0,0,0,
hNhb,1,1,2,0.5
hNhh,1,0,1,1.0
hNhm,0,0,0,
hNhs,0,1,1,0.0
hNlL,2,0,2,1.0
hNlM,2,0,2,1.0
hNlN,2,0,2,1.0
hNlP,2,0,2,1.0
hNlS,1,0,1,1.0
hNlb,1,1,2,0.5
hNlm,1,0,1,1.0
hNln,1,1,2,0.5
hNls,1,1,2,0.5
hNmB,1,1,2,0.5
hNmD,1,1,2,0.5
hNmH,2,0,2,1.0
hNmM,8,4,12,0.67
hNmN,4,6,10,0.4
hNmP,1,3,4,0.25
hNmS,0,4,4,0.0
hNmb,1,0,1,1.0
hNml,0,2,2,0.0
hNmm,0,3,3,0.0
hNmn,3,3,6,0.5
hNms,2,3,5,0.4
hNnB,3,2,5,0.6
hNnD,0,1,1,0.0
hNnH,2,1,3,0.67
hNnI,0,1,1,0.0
hNnL,1,0,1,1.0
hNnM,6,2,8,0.75
hNnN,3,6,9,0.33
hNnP,3,4,7,0.43
hNnS,1,3,4,0.25
hNnb,4,3,7,0.57
hNnl,2,0,2,1.0
hNnm,4,2,6,0.67
hNnn,6,3,9,0.67
hNns,2,0,2,1.0
hNnt,1,0,1,1.0
hNsB,0,1,1,0.0
hNsD,1,0,1,1.0
hNsH,2,2,4,0.5
hNsL,0,1,1,0.0
hNsM,2,0,2,1.0
hNsN,3,1,4,0.75
hNsP,3,1,4,0.75
hNsS,2,2,4,0.5
hNsb,0,1,1,0.0
hNsl,1,1,2,0.5
hNsm,5,3,8,0.62
hNsn,1,1,2,0.5
hNss,1,2,3,0.33
hNtB,1,2,3,0.33
hNtM,0,0,0,
hNtN,0,1,1,0.0
hNtP,1,0,1,1.0
hNtl,1,0,1,1.0
hNtm,1,0,1,1.0
hNtt,1,0,1,1.0
hPBB,5,3,8,0.62
hPBD,1,1,2,0.5
hPBH,0,1,1,0.0
hPBK,0,1,1,0.0
hPBL,1,2,3,0.33
hPBM,2,7,9,0.22
hPBN,2,4,6,0.33
hPBP,4,3,7,0.57
hPBS,2,2,4,0.5
hPBb,1,3,4,0.25
hPBh,0,1,1,0.0
hPBj,0,0,0,
hPBl,1,2,3,0.33
hPBm,3,3,6,0.5
hPBn,2,1,3,0.67
hPBs,0,3,3,0.0
hPBt,0,1,1,0.0
hPDH,2,0,2,1.0
hPDM,0,1,1,0.0
hPDN,1,3,4,0.25
hPDP,1,0,1,1.0
hPDb,0,1,1,0.0
hPDm,2,2,4,0.5
hPDt,0,0,0,
hPHB,1,0,1,1.0
hPHD,1,0,1,1.0
hPHH,0,1,1,0.0
hPHM,0,1,1,0.0
hPHN,0,1,1,0.0
hPHP,2,0,2,1.0
hPHS,1,0,1,1.0
hPHb,0,1,1,0.0
hPHl,0,1,1,0.0
hPHm,2,1,3,0.67
hPHs,2,2,4,0.5
hPIB,1,0,1,1.0
hPIH,1,0,1,1.0
hPIM,0,2,2,0.0
hPIN,0,1,1,0.0
hPIm,0,0,0,
hPIn,0,1,1,0.0
hPKM,0,0,0,
hPKN,1,1,2,0.5
hPKP,0,0,0,
hPKh,0,1,1,0.0
hPKm,3,1,4,0.75
hPKs,0,1,1,0.0
hPKt,0,0,0,
hPLB,0,1,1,0.0
hPLD,0,1,1,0.0
hPLL,2,0,2,1.0
hPLM,4,2,6,0.67
hPLN,1,0,1,1.0
hPLP,2,0,2,1.0
hPLS,0,2,2,0.0
hPLb,4,1,5,0.8
hPLl,1,1,2,0.5
hPLm,1,2,3,0.33
hPLn,0,1,1,0.0
hPMB,2,4,6,0.33
hPML,2,4,6,0.33
hPMM,2,2,4,0.5
hPMN,4,0,4,1.0
hPMP,2,2,4,0.5
hPMS,6,3,9,0.67
hPMb,4,4,8,0.5
hPMh,1,4,5,0.2
hPMj,1,0,1,1.0
hPMl,2,0,2,1.0
hPMm,4,5,9,0.44
hPMn,4,1,5,0.8
hPMs,3,3,6,0.5
hPNB,5,3,8,0.62
hPNH,1,2,3,0.33
hPNI,1,0,1,1.0
hPNK,0,0,0,
hPNL,1,2,3,0.33
hPNM,1,4,5,0.2
hPNN,3,3,6,0.5
hPNP,1,6,7,0.14
hPNS,3,3,6,0.5
hPNb,0,3,3,0.0
hPNh,2,1,3,0.67
hPNl,1,3,4,0.25
hPNm,1,6,7,0.14
hPNn,5,3,8,0.62
hPNs,0,1,1,0.0
hPNt,1,0,1,1.0
hPPB,1,4,5,0.2
hPPD,0,1,1,0.0
hPPH,0,0,0,
hPPK,0,1,1,0.0
hPPL,2,2,4,0.5
hPPM,3,4,7,0.43
hPPN,4,2,6,0.67
hPPP,6,5,11,0.55
hPPS,5,3,8,0.62
hPPb,2,3,5,0.4
hPPh,0,1,1,0.0
hPPl,5,2,7,0.71
hPPm,3,3,6,0.5
hPPn,3,3,6,0.5
hPPs,0,3,3,0.0
hPPt,0,1,1,0.0
hPSB,1,2,3,0.33
hPSD,1,1,2,0.5
hPSH,1,0,1,1.0
hPSL,2,2,4,0.5
hPSM,4,3,7,0.57
hPSN,1,3,4,0.25
hPSP,4,0,4,1.0
hPSS,2,3,5,0.4
hPSb,3,0,3,1.0
hPSh,1,1,2,0.5
hPSl,1,0,1,1.0
hPSm,3,1,4,0.75
hPSn,2,2,4,0.5
hPSs,2,4,6,0.33
hPbB,3,1,4,0.75
hPbH,0,1,1,0.0
hPbI,0,1,1,0.0
hPbJ,0,1,1,0.0
hPbK,0,0,0,
hPbM,6,4,10,0.6
hPbN,5,2,7,0.71
hPbP,2,3,5,0.4
hPbS,2,2,4,0.5
hPbb,1,2,3,0.33
hPbl,1,0,1,1.0
hPbm,2,4,6,0.33
hPbn,2,1,3,0.67
hPbs,3,0,3,1.0
hPhL,1,0,1,1.0
hPhM,1,0,1,1.0
hPhN,1,0,1,1.0
hPhP,1,0,1,1.0
hPhS,0,1,1,0.0
hPhh,2,0,2,1.0
hPhl,1,0,1,1.0
hPhm,1,0,1,1.0
hPhs,1,0,1,1.0
hPlB,0,4,4,0.0
hPlH,3,0,3,1.0
hPlL,1,0,1,1.0
hPlM,2,1,3,0.67
hPlN,0,2,2,0.0
hPlP,4,2,6,0.67
hPlS,0,0,0,
hPlb,1,2,3,0.33
hPll,3,0,3,1.0
hPlm,1,0,1,1.0
hPln,3,0,3,1.0
hPls,0,2,2,0.0
hPmB,2,3,5,0.4
hPmD,3,2,5,0.6
hPmH,1,0,1,1.0
hPmL,3,0,3,1.0
hPmM,6,6,12,0.5
hPmN,2,1,3,0.67
hPmP,3,2,5,0.6
hPmS,3,5,8,0.38
hPmb,4,3,7,0.57
hPml,1,5,6,0.17
hPmm,4,5,9,0.44
hPmn,2,6,8,0.25
hPms,0,6,6,0.0
hPnB,2,1,3,0.67
hPnD,0,1,1,0.0
hPnK,0,2,2,0.0
hPnL,0,1,1,0.0
hPnM,1,5,6,0.17
hPnN,2,0,2,1.0
hPnP,5,2,7,0.71
hPnS,5,4,9,0.56
hPnb,2,2,4,0.5
hPnl,0,2,2,0.0
hPnm,3,2,5,0.6
hPnn,1,3,4,0.25
hPns,1,5,6,0.17
hPsB,0,1,1,0.0
hPsH,4,0,4,1.0
hPsL,1,2,3,0.33
hPsM,1,1,2,0.5
hPsN,3,5,8,0.38
hPsP,2,3,5,0.4
hPsS,3,2,5,0.6
hPsb,1,0,1,1.0
hPsh,0,1,1,0.0
hPsl,0,2,2,0.0
hPsm,2,5,7,0.29
hPsn,2,1,3,0.67
hPss,5,1,6,0.83
hPtH,1,1,2,0.5
hPtL,0,1,1,0.0
hPtM,0,1,1,0.0
hPtN,0,1,1,0.0
hPtS,0,0,0,
hPtm,0,2,2,0.0
hPtn,0,2,2,0.0
hSBB,1,2,3,0.33
hSBD,2,0,2,1.0
hSBK,0,0,0,
hSBL,0,0,0,
hSBM,2,3,5,0.4
hSBN,4,6,10,0.4
hSBP,6,3,9,0.67
hSBS,5,2,7,0.71
hSBb,5,1,6,0.83
hSBl,0,3,3,0.0
hSBm,0,2,2,0.0
hSBn,3,1,4,0.75
hSBs,1,0,1,1.0
hSBt,0,0,0,
hSDB,1,1,2,0.5
hSDH,0,1,1,0.0
hSDM,2,0,2,1.0
hSDN,0,1,1,0.0
hSDP,2,0,2,1.0
hSDS,0,0,0,
hSDh,0,1,1,0.0
hSDl,1,0,1,1.0
hSDm,0,1,1,0.0
hSDs,2,1,3,0.67
hSDt,0,1,1,0.0
hSHB,1,1,2,0.5
hSHH,0,0,0,
hSHL,0,1,1,0.0
hSHM,3,2,5,0.6
hSHN,0,0,0,
hSHP,2,1,3,0.67
hSHS,1,3,4,0.25
hSHb,1,2,3,0.33
hSHh,1,0,1,1.0
hSHm,3,3,6,0.5
hSHn,2,1,3,0.67
hSHs,2,2,4,0.5
hSIH,0,3,3,0.0
hSIP,0,1,1,0.0
hSIS,1,0,1,1.0
hSKB,0,1,1,0.0
hSKM,0,1,1,0.0
hSKN,1,0,1,1.0
hSKP,0,1,1,0.0
hSLB,0,2,2,0.0
hSLD,0,0,0,
hSLM,1,1,2,0.5
hSLN,0,0,0,
hSLP,0,2,2,0.0
hSLh,1,0,1,1.0
hSLj,0,1,1,0.0
hSLl,1,0,1,1.0
hSLm,0,1,1,0.0
hSLs,0,1,1,0.0
hSMB,3,1,4,0.75
hSMD,2,1,3,0.67
hSMH,0,1,1,0.0
hSML,1,1,2,0.5
hSMM,1,4,5,0.2
hSMN,2,1,3,0.67
hSMP,2,7,9,0.22
hSMS,7,7,14,0.5
hSMb,3,2,5,0.6
hSMh,1,1,2,0.5
hSMj,0,1,1,0.0
hSMl,0,1,1,0.0
hSMm,6,7,13,0.46
hSMn,3,4,7,0.43
hSMs,2,4,6,0.33
hSMt,0,1,1,0.0
hSNB,1,3,4,0.25
hSNH,0,2,2,0.0
hSNK,1,1,2,0.5
hSNL,1,1,2,0.5
hSNM,2,1,3,0.67
hSNN,3,2,5,0.6
hSNP,3,3,6,0.5
hSNS,3,4,7,0.43
hSNb,2,3,5,0.4
hSNh,1,0,1,1.0
hSNl,1,1,2,0.5
hSNm,4,2,6,0.67
hSNn,4,1,5,0.8
hSNs,0,0,0,
hSPB,4,1,5,0.8
hSPD,0,1,1,0.0
hSPH,0,1,1,0.0
hSPI,1,0,1,1.0
hSPL,1,2,3,0.33
hSPM,1,2,3,0.33
hSPN,2,4,6,0.33
hSPP,7,3,10,0.7
hSPS,7,3,10,0.7
hSPb,2,1,3,0.67
hSPh,0,0,0,
hSPl,0,1,1,0.0
hSPm,3,0,3,1.0
hSPn,5,3,8,0.62
hSPs,3,2,5,0.6
hSPt,1,0,1,1.0
hSSB,5,8,13,0.38
hSSD,1,0,1,1.0
hSSH,2,3,5,0.4
hSSI,3,1,4,0.75
hSSL,0,2,2,0.0
hSSM,3,7,10,0.3
hSSN,5,2,7,0.71
hSSP,2,3,5,0.4
hSSS,6,7,13,0.46
hSSb,6,2,8,0.75
hSSh,4,0,4,1.0
hSSl,0,1,1,0.0
hSSm,6,1,7,0.86
hSSn,10,1,11,0.91
hSSs,3,1,4,0.75
hSSt,1,0,1,1.0
hSbB,2,4,6,0.33
hSbD,0,1,1,0.0
hSbI,1,0,1,1.0
hSbM,1,4,5,0.2
hSbN,3,2,5,0.6
hSbP,0,1,1,0.0
hSbS,3,2,5,0.6
hSbb,4,2,6,0.67
hSbm,3,3,6,0.5
hSbn,2,2,4,0.5
hSbs,1,2,3,0.33
hShB,3,1,4,0.75
hShD,0,1,1,0.0
hShH,0,1,1,0.0
hShI,2,1,3,0.67
hShL,0,1,1,0.0
hShM,2,6,8,0.25
hShN,1,2,3,0.33
hShP,1,1,2,0.5
hShS,5,2,7,0.71
hShh,0,2,2,0.0
hShl,2,1,3,0.67
hShm,2,0,2,1.0
hShn,2,1,3,0.67
hShs,3,2,5,0.6
hSlB,0,2,2,0.0
hSlD,0,1,1,0.0
hSlH,1,0,1,1.0
hSlJ,1,0,1,1.0
hSlM,2,2,4,0.5
hSlN,0,1,1,0.0
hSlP,1,0,1,1.0
hSlS,1,0,1,1.0
hSln,2,2,4,0.5
hSls,1,1,2,0.5
hSmB,3,5,8,0.38
hSmD,1,2,3,0.33
hSmH,2,4,6,0.33
hSmI,0,0,0,
hSmJ,0,1,1,0.0
hSmL,2,0,2,1.0
hSmM,3,1,4,0.75
hSmN,3,5,8,0.38
hSmP,0,2,2,0.0
hSmS,4,2,6,0.67
hSmb,3,1,4,0.75
hSml,0,2,2,0.0
hSmm,4,6,10,0.4
hSmn,0,3,3,0.0
hSms,2,0,2,1.0
hSnB,2,3,5,0.4
hSnD,1,0,1,1.0
hSnH,2,1,3,0.67
hSnL,1,0,1,1.0
hSnM,0,3,3,0.0
hSnN,0,4,4,0.0
hSnP,0,2,2,0.0
hSnS,1,3,4,0.25
hSnb,2,5,7,0.29
hSnh,1,0,1,1.0
hSnl,2,1,3,0.67
hSnm,7,2,9,0.78
hSnn,1,4,5,0.2
hSns,1,2,3,0.33
hSsB,0,1,1,0.0
hSsD,1,0,1,1.0
hSsH,1,0,1,1.0
hSsI,0,0,0,
hSsL,0,2,2,0.0
hSsM,0,4,4,0.0
hSsN,2,5,7,0.29
hSsP,2,5,7,0.29
hSsS,6,7,13,0.46
hSsb,0,1,1,0.0
hSsl,1,0,1,1.0
hSsm,2,0,2,1.0
hSsn,1,7,8,0.12
hSss,4,5,9,0.44
hSst,0,1,1,0.0
hStB,1,3,4,0.25
hStD,1,0,1,1.0
hStN,0,0,0,
hStP,2,0,2,1.0
hStS,0,1,1,0.0
hStb,0,0,0,
hStm,0,0,0,
hbBB,0,1,1,0.0
hbBK,0,0,0,
hbBL,0,1,1,0.0
hbBM,0,3,3,0.0
hbBN,3,2,5,0.6
hbBP,2,3,5,0.4
hbBS,1,2,3,0.33
hbBb,1,1,2,0.5
hbBh,1,0,1,1.0
hbBj,0,2,2,0.0
hbBl,1,1,2,0.5
hbBm,4,3,7,0.57
hbBs,2,1,3,0.67
hbBt,1,1,2,0.5
hbDB,0,0,0,
hbDH,1,0,1,1.0
hbDM,0,0,0,
hbDN,0,2,2,0.0
hbDS,1,0,1,1.0
hbDh,1,0,1,1.0
hbDm,1,0,1,1.0
hbDt,0,1,1,0.0
hbHB,0,0,0,
hbHD,1,0,1,1.0
hbHM,3,1,4,0.75
hbHN,0,2,2,0.0
hbHP,1,0,1,1.0
hbHl,1,0,1,1.0
hbHn,0,1,1,0.0
hbHs,1,1,2,0.5
hbIB,0,0,0,
hbIH,0,1,1,0.0
hbIN,0,1,1,0.0
hbJB,2,1,3,0.67
hbJD,1,0,1,1.0
hbJK,1,0,1,1.0
hbJM,0,1,1,0.0
hbJN,0,2,2,0.0
hbJP,4,1,5,0.8
hbJS,0,0,0,
hbJb,2,2,4,0.5
hbJl,1,0,1,1.0
hbJm,1,1,2,0.5
hbKb,0,0,0,
hbKh,0,0,0,
hbKm,0,0,0,
hbKs,0,0,0,
hbKt,0,1,1,0.0
hbLB,1,0,1,1.0
hbLL,0,2,2,0.0
hbLM,0,2,2,0.0
hbLP,2,0,2,1.0
hbLb,1,3,4,0.25
hbLl,1,1,2,0.5
hbLn,2,1,3,0.67
hbMB,1,1,2,0.5
hbML,2,1,3,0.67
hbMM,2,0,2,1.0
hbMN,1,0,1,1.0
hbMP,5,3,8,0.62
hbMS,4,3,7,0.57
hbMb,3,3,6,0.5
hbMh,4,2,6,0.67
hbMl,1,3,4,0.25
hbMm,1,0,1,1.0
hbMn,6,2,8,0.75
hbMs,2,1,3,0.67
hbMt,1,1,2,0.5
hbNB,1,1,2,0.5
hbND,2,0,2,1.0
hbNH,0,2,2,0.0
hbNK,0,1,1,0.0
hbNL,1,1,2,0.5
hbNM,2,5,7,0.29
hbNN,3,2,5,0.6
hbNP,3,0,3,1.0
hbNS,3,2,5,0.6
hbNb,2,3,5,0.4
hbNh,0,0,0,
hbNl,1,1,2,0.5
hbNm,2,1,3,0.67
hbNn,6,2,8,0.75
hbNs,0,6,6,0.0
hbNt,0,0,0,
hbPB,4,1,5,0.8
hbPD,0,0,0,
hbPI,1,0,1,1.0
hbPK,1,0,1,1.0
hbPL,1,0,1,1.0
hbPM,4,6,10,0.4
hbPN,3,3,6,0.5
hbPP,2,3,5,0.4
hbPS,2,5,7,0.29
hbPb,1,1,2,0.5
hbPh,2,0,2,1.0
hbPl,2,0,2,1.0
hbPm,3,1,4,0.75
hbPn,1,1,2,0.5
hbPs,0,2,2,0.0
hbSB,1,2,3,0.33
hbSD,2,0,2,1.0
hbSH,1,1,2,0.5
hbSL,1,2,3,0.33
hbSM,1,4,5,0.2
hbSN,1,3,4,0.25
hbSP,3,1,4,0.75
hbSS,3,2,5,0.6
hbSb,2,0,2,1.0
hbSh,1,2,3,0.33
hbSl,0,4,4,0.0
hbSm,1,1,2,0.5
hbSn,4,1,5,0.8
hbSs,0,3,3,0.0
hbbB,0,1,1,0.0
hbbH,1,0,1,1.0
hbbI,0,1,1,0.0
hbbJ,0,0,0,
hbbK,0,1,1,0.0
hbbL,0,1,1,0.0
hbbM,1,1,2,0.5
hbbN,4,3,7,0.57
hbbP,3,5,8,0.38
hbbS,0,0,0,
hbbb,0,1,1,0.0
hbbl,1,0,1,1.0
hbbm,1,2,3,0.33
hbbn,1,3,4,0.25
hbbs,2,2,4,0.5
hblB,0,1,1,0.0
hblH,1,0,1,1.0
hblJ,0,0,0,
hblM,1,2,3,0.33
hblN,1,1,2,0.5
hblP,1,0,1,1.0
hbll,0,1,1,0.0
hblm,1,2,3,0.33
hbls,0,2,2,0.0
hbmB,0,2,2,0.0
hbmD,0,1,1,0.0
hbmH,1,1,2,0.5
hbmL,3,3,6,0.5
hbmM,6,2,8,0.75
hbmN,1,2,3,0.33
hbmP,2,0,2,1.0
hbmS,2,3,5,0.4
hbmb,1,2,3,0.33
hbml,0,0,0,
hbmm,5,2,7,0.71
hbmn,2,1,3,0.67
hbms,1,1,2,0.5
hbnB,2,0,2,1.0
hbnD,1,0,1,1.0
hbnH,1,2,3,0.33
hbnI,0,2,2,0.0
hbnK,1,0,1,1.0
hbnM,3,2,5,0.6
hbnN,3,0,3,1.0
hbnP,2,4,6,0.33
hbnS,1,3,4,0.25
hbnb,2,2,4,0.5
hbnh,0,0,0,
hbnl,0,0,0,
hbnm,1,3,4,0.25
hbnn,1,0,1,1.0
hbns,1,1,2,0.5
hbsH,1,1,2,0.5
hbsI,1,1,2,0.5
hbsM,2,1,3,0.67
hbsP,1,1,2,0.5
hbsS,2,0,2,1.0
hbsl,0,0,0,
hbsm,2,0,2,1.0
hbsn,2,0,2,1.0
hbss,0,1,1,0.0
hhBB,1,7,8,0.12
hhBD,1,1,2,0.5
hhBL,1,1,2,0.5
hhBM,2,0,2,1.0
hhBN,2,1,3,0.67
hhBP,2,1,3,0.67
hhBS,4,1,5,0.8
hhBb,1,1,2,0.5
hhBh,1,0,1,1.0
hhBj,1,1,2,0.5
hhBm,0,3,3,0.0
hhBn,1,0,1,1.0
hhBs,2,0,2,1.0
hhDH,0,2,2,0.0
hhDM,0,2,2,0.0
hhDP,0,1,1,0.0
hhDS,2,0,2,1.0
hhDb,2,0,2,1.0
hhDl,0,1,1,0.0
hhDm,1,0,1,1.0
hhHD,0,0,0,
hhHL,1,0,1,1.0
hhHM,0,2,2,0.0
hhHN,1,0,1,1.0
hhHP,2,0,2,1.0
hhHb,0,0,0,
hhHl,2,0,2,1.0
hhHm,0,0,0,
hhHt,0,1,1,0.0
hhIB,0,0,0,
hhIm,0,1,1,0.0
hhIs,1,0,1,1.0
hhLB,0,1,1,0.0
hhLL,1,1,2,0.5
hhLM,3,1,4,0.75
hhLN,0,1,1,0.0
hhLP,1,1,2,0.5
hhLb,1,0,1,1.0
hhLh,0,0,0,
hhLj,2,0,2,1.0
hhLl,0,2,2,0.0
hhLm,0,1,1,0.0
hhLn,2,0,2,1.0
hhLs,2,0,2,1.0
hhMB,5,0,5,1.0
hhMD,1,1,2,0.5
hhMM,3,3,6,0.5
hhMN,5,3,8,0.62
hhMP,4,4,8,0.5
hhMS,1,3,4,0.25
hhMb,4,0,4,1.0
hhMh,2,6,8,0.25
hhMj,0,1,1,0.0
hhMl,0,2,2,0.0
hhMm,5,4,9,0.56
hhMn,1,3,4,0.25
hhMs,2,0,2,1.0
hhNB,2,3,5,0.4
hhND,2,0,2,1.0
hhNH,0,0,0,
hhNK,0,0,0,
hhNL,0,1,1,0.0
hhNM,2,6,8,0.25
hhNN,0,7,7,0.0
hhNP,3,4,7,0.43
hhNS,1,2,3,0.33
hhNb,2,0,2,1.0
hhNh,1,0,1,1.0
hhNl,0,1,1,0.0
hhNm,3,0,3,1.0
hhNn,1,2,3,0.33
hhPB,2,0,2,1.0
hhPH,0,2,2,0.0
hhPI,1,0,1,1.0
hhPL,2,1,3,0.67
hhPM,4,1,5,0.8
hhPN,0,4,4,0.0
hhPP,3,3,6,0.5
hhPS,0,2,2,0.0
hhPb,4,2,6,0.67
hhPh,1,1,2,0.5
hhPl,2,2,4,0.5
hhPm,2,3,5,0.4
hhPn,3,2,5,0.6
hhPs,2,0,2,1.0
hhPt,1,1,2,0.5
hhSB,2,1,3,0.67
hhSD,2,1,3,0.67
hhSH,0,0,0,
hhSL,0,2,2,0.0
hhSM,6,4,10,0.6
hhSN,5,2,7,0.71
hhSP,2,2,4,0.5
hhSS,4,7,11,0.36
hhSb,0,1,1,0.0
hhSh,0,1,1,0.0
hhSl,0,0,0,
hhSm,3,2,5,0.6
hhSn,0,1,1,0.0
hhSs,0,3,3,0.0
hhbB,2,2,4,0.5
hhbD,2,0,2,1.0
hhbH,0,2,2,0.0
hhbJ,1,0,1,1.0
hhbM,1,5,6,0.17
hhbN,3,3,6,0.5
hhbP,0,2,2,0.0
hhbS,1,1,2,0.5
hhbb,0,2,2,0.0
hhbm,2,2,4,0.5
hhbn,1,1,2,0.5
hhbs,0,1,1,0.0
hhhB,3,2,5,0.6
hhhD,0,1,1,0.0
hhhH,0,1,1,0.0
hhhL,1,0,1,1.0
hhhM,3,8,11,0.27
hhhN,2,1,3,0.67
hhhP,2,3,5,0.4
hhhS,1,1,2,0.5
hhhb,1,3,4,0.25
hhhh,3,1,4,0.75
hhhl,1,1,2,0.5
hhhm,1,6,7,0.14
hhhn,2,0,2,1.0
hhhs,2,2,4,0.5
hhlB,1,2,3,0.33
hhlM,0,3,3,0.0
hhlN,0,1,1,0.0
hhlP,1,0,1,1.0
hhlS,1,0,1,1.0
hhlb,1,3,4,0.25
hhll,1,2,3,0.33
hhlm,1,0,1,1.0
hhln,0,1,1,0.0
hhls,1,0,1,1.0
hhmB,2,0,2,1.0
hhmD,1,1,2,0.5
hhmH,3,1,4,0.75
hhmJ,0,2,2,0.0
hhmL,1,1,2,0.5
hhmM,3,7,10,0.3
hhmN,4,1,5,0.8
hhmP,6,1,7,0.86
hhmS,3,1,4,0.75
hhmb,3,4,7,0.43
hhml,2,1,3,0.67
hhmm,5,0,5,1.0
hhmn,3,2,5,0.6
hhms,1,2,3,0.33
hhnB,3,2,5,0.6
hhnD,0,1,1,0.0
hhnH,1,1,2,0.5
hhnI,0,0,0,
hhnL,0,1,1,0.0
hhnM,1,4,5,0.2
hhnN,3,2,5,0.6
hhnP,3,5,8,0.38
hhnS,2,1,3,0.67
hhnb,3,3,6,0.5
hhnh,1,0,1,1.0
hhnm,3,1,4,0.75
hhnn,2,2,4,0.5
hhns,4,0,4,1.0
hhsB,1,0,1,1.0
hhsD,1,1,2,0.5
hhsH,1,2,3,0.33
hhsI,1,0,1,1.0
hhsL,1,1,2,0.5
hhsM,1,2,3,0.33
hhsN,2,1,3,0.67
hhsP,1,1,2,0.5
hhsS,1,4,5,0.2
hhsb,1,1,2,0.5
hhsh,0,0,0,
hhsl,2,0,2,1.0
hhsm,0,0,0,
hhsn,0,1,1,0.0
hhss,1,2,3,0.33
hhtB,0,0,0,
hhtD,0,1,1,0.0
hhtN,0,2,2,0.0
hhtb,1,0,1,1.0
hhtl,1,0,1,1.0
hhtm,0,0,0,
hhts,0,1,1,0.0
hlBD,0,1,1,0.0
hlBM,0,2,2,0.0
hlBP,2,1,3,0.67
hlBS,0,1,1,0.0
hlBb,0,3,3,0.0
hlBh,1,0,1,1.0
hlBj,1,1,2,0.5
hlBl,1,0,1,1.0
hlBm,1,0,1,1.0
hlBn,1,1,2,0.5
hlBs,0,1,1,0.0
hlDN,0,2,2,0.0
hlDm,1,0,1,1.0
hlDn,0,1,1,0.0
hlHB,0,1,1,0.0
hlHD,0,1,1,0.0
hlHM,1,0,1,1.0
hlHN,0,1,1,0.0
hlHP,2,0,2,1.0
hlHS,1,0,1,1.0
hlHm,0,1,1,0.0
hlHn,0,0,0,
hlIM,1,0,1,1.0
hlIN,0,0,0,
hlJM,1,1,2,0.5
hlJN,0,0,0,
hlJP,1,0,1,1.0
hlJS,0,2,2,0.0
hlJb,0,1,1,0.0
hlJm,0,1,1,0.0
hlLD,0,0,0,
hlLK,1,0,1,1.0
hlLN,0,1,1,0.0
hlLh,0,1,1,0.0
hlLm,1,0,1,1.0
hlLs,1,0,1,1.0
hlMB,0,1,1,0.0
hlMK,1,0,1,1.0
hlML,0,0,0,
hlMM,1,2,3,0.33
hlMN,1,1,2,0.5
hlMP,0,4,4,0.0
hlMS,1,1,2,0.5
hlMb,3,1,4,0.75
hlMh,0,1,1,0.0
hlMl,1,0,1,1.0
hlMm,1,0,1,1.0
hlMn,3,2,5,0.6
hlMs,2,3,5,0.4
hlMt,1,0,1,1.0
hlNB,1,2,3,0.33
hlND,1,0,1,1.0
hlNN,1,1,2,0.5
hlNP,0,4,4,0.0
hlNS,2,1,3,0.67
hlNb,1,0,1,1.0
hlNh,0,2,2,0.0
hlNm,0,2,2,0.0
hlNn,1,0,1,1.0
hlNs,1,0,1,1.0
hlPB,1,1,2,0.5
hlPD,0,0,0,
hlPI,1,0,1,1.0
hlPL,1,1,2,0.5
hlPM,1,1,2,0.5
hlPN,0,2,2,0.0
hlPP,2,1,3,0.67
hlPb,0,0,0,
hlPh,1,0,1,1.0
hlPm,2,1,3,0.67
hlPn,0,2,2,0.0
hlPs,3,0,3,1.0
hlSI,1,0,1,1.0
hlSL,0,1,1,0.0
hlSM,0,0,0,
hlSN,2,1,3,0.67
hlSP,0,2,2,0.0
hlSS,0,1,1,0.0
hlSb,1,0,1,1.0
hlSh,2,1,3,0.67
hlSm,0,0,0,
hlSn,1,1,2,0.5
hlSt,0,1,1,0.0
hlbB,1,1,2,0.5
hlbI,1,0,1,1.0
hlbJ,1,0,1,1.0
hlbL,1,0,1,1.0
hlbM,0,1,1,0.0
hlbN,3,1,4,0.75
hlbP,1,0,1,1.0
hlbb,2,1,3,0.67
hlbl,1,2,3,0.33
hlbm,1,3,4,0.25
hlbn,1,0,1,1.0
hllH,0,1,1,0.0
hllJ,1,0,1,1.0
hllM,2,0,2,1.0
hllN,0,1,1,0.0
hllP,1,0,1,1.0
hllS,1,0,1,1.0
hllb,0,1,1,0.0
hlll,1,1,2,0.5
hlls,1,0,1,1.0
hlmB,1,3,4,0.25
hlmH,0,0,0,
hlmJ,0,1,1,0.0
hlmM,1,2,3,0.33
hlmN,1,1,2,0.5
hlmP,1,0,1,1.0
hlmS,3,0,3,1.0
hlmb,0,0,0,
hlmm,1,2,3,0.33
hlmn,0,0,0,
hlms,0,2,2,0.0
hlnB,1,2,3,0.33
hlnL,0,1,1,0.0
hlnM,0,0,0,
hlnN,4,0,4,1.0
hlnP,3,2,5,0.6
hlnS,0,1,1,0.0
hlnb,1,0,1,1.0
hlnl,1,0,1,1.0
hlnm,1,0,1,1.0
hlnn,1,0,1,1.0
hlns,1,0,1,1.0
hlsB,1,2,3,0.33
hlsH,0,1,1,0.0
hlsL,0,1,1,0.0
hlsM,1,2,3,0.33
hlsP,1,0,1,1.0
hlsS,2,0,2,1.0
hlsb,2,0,2,1.0
hlsm,2,1,3,0.67
hlsn,1,0,1,1.0
hlss,1,0,1,1.0
hmBB,4,5,9,0.44
hmBD,1,0,1,1.0
hmBK,0,0,0,
hmBM,2,2,4,0.5
hmBN,2,5,7,0.29
hmBP,2,1,3,0.67
hmBS,2,1,3,0.67
hmBb,2,2,4,0.5
hmBh,0,2,2,0.0
hmBj,1,0,1,1.0
hmBl,1,1,2,0.5
hmBm,1,8,9,0.11
hmBn,3,3,6,0.5
hmBs,1,3,4,0.25
hmDD,2,0,2,1.0
hmDH,0,1,1,0.0
hmDM,2,1,3,0.67
hmDN,3,0,3,1.0
hmDS,0,1,1,0.0
hmDb,1,0,1,1.0
hmDl,1,0,1,1.0
hmDm,2,1,3,0.67
hmDt,0,1,1,0.0
hmHB,3,4,7,0.43
hmHD,0,0,0,
hmHI,0,0,0,
hmHL,0,2,2,0.0
hmHM,3,2,5,0.6
hmHN,4,4,8,0.5
hmHP,2,5,7,0.29
hmHS,3,3,6,0.5
hmHb,2,1,3,0.67
hmHh,3,1,4,0.75
hmHl,2,1,3,0.67
hmHm,3,2,5,0.6
hmHn,1,0,1,1.0
hmHs,1,1,2,0.5
hmHt,0,1,1,0.0
hmID,0,2,2,0.0
hmIN,0,1,1,0.0
hmIS,1,0,1,1.0
hmIs,1,0,1,1.0
hmJB,1,0,1,1.0
hmJN,0,2,2,0.0
hmJP,1,0,1,1.0
hmJS,0,1,1,0.0
hmJb,1,0,1,1.0
hmJl,0,1,1,0.0
hmJm,4,1,5,0.8
hmJs,1,0,1,1.0
hmKI,0,1,1,0.0
hmKM,1,0,1,1.0
hmKS,1,1,2,0.5
hmKm,0,1,1,0.0
hmKs,0,1,1,0.0
hmLB,0,3,3,0.0
hmLL,0,1,1,0.0
hmLM,1,1,2,0.5
hmLN,1,0,1,1.0
hmLP,1,2,3,0.33
hmLS,1,2,3,0.33
hmLb,0,1,1,0.0
hmLh,0,1,1,0.0
hmLj,0,1,1,0.0
hmLm,1,2,3,0.33
hmLn,2,3,5,0.4
hmLs,1,1,2,0.5
hmMB,3,3,6,0.5
hmMD,3,1,4,0.75
hmMK,1,0,1,1.0
hmML,0,1,1,0.0
hmMM,6,0,6,1.0
hmMN,3,3,6,0.5
hmMP,1,5,6,0.17
hmMS,4,3,7,0.57
hmMb,7,7,14,0.5
hmMh,6,3,9,0.67
hmMj,0,0,0,
hmMl,2,2,4,0.5
hmMm,8,4,12,0.67
hmMn,6,8,14,0.43
hmMs,2,2,4,0.5
hmNB,2,1,3,0.67
hmND,1,1,2,0.5
hmNH,2,1,3,0.67
hmNL,2,1,3,0.67
hmNM,5,4,9,0.56
hmNN,1,2,3,0.33
hmNP,2,8,10,0.2
hmNS,1,1,2,0.5
hmNb,3,2,5,0.6
hmNh,3,2,5,0.6
hmNl,2,0,2,1.0
hmNm,2,1,3,0.67
hmNn,4,3,7,0.57
hmNs,1,3,4,0.25
hmNt,0,1,1,0.0
hmPB,5,1,6,0.83
hmPD,1,0,1,1.0
hmPH,0,1,1,0.0
hmPK,0,0,0,
hmPL,1,0,1,1.0
hmPM,3,5,8,0.38
hmPN,3,2,5,0.6
hmPP,3,1,4,0.75
hmPS,4,3,7,0.57
hmPb,7,3,10,0.7
hmPl,0,1,1,0.0
hmPm,6,2,8,0.75
hmPn,1,0,1,1.0
hmPs,1,2,3,0.33
hmPt,1,2,3,0.33
hmSB,1,1,2,0.5
hmSH,2,0,2,1.0
hmSL,0,1,1,0.0
hmSM,3,4,7,0.43
hmSN,1,2,3,0.33
hmSP,3,4,7,0.43
hmSS,2,9,11,0.18
hmSb,2,4,6,0.33
hmSh,2,0,2,1.0
hmSl,2,1,3,0.67
hmSm,4,4,8,0.5
hmSn,0,3,3,0.0
hmSs,4,6,10,0.4
hmSt,1,0,1,1.0
hmbB,1,3,4,0.25
hmbD,0,0,0,
hmbH,0,0,0,
hmbI,1,1,2,0.5
hmbJ,1,0,1,1.0
hmbL,0,3,3,0.0
hmbM,9,2,11,0.82
hmbN,1,2,3,0.33
hmbP,6,3,9,0.67
hmbS,1,1,2,0.5
hmbb,5,3,8,0.62
hmbl,1,2,3,0.33
hmbm,8,2,10,0.8
hmbn,6,4,10,0.6
hmbs,0,2,2,0.0
hmhh,0,0,0,
hmlB,0,3,3,0.0
hmlJ,0,0,0,
hmlL,0,1,1,0.0
hmlM,0,1,1,0.0
hmlN,0,2,2,0.0
hmlP,1,1,2,0.5
hmlS,1,0,1,1.0
hmlb,1,0,1,1.0
hmlm,2,1,3,0.67
hmln,0,1,1,0.0
hmls,1,0,1,1.0
hmmB,4,2,6,0.67
hmmD,2,1,3,0.67
hmmH,1,3,4,0.25
hmmJ,0,0,0,
hmmL,1,0,1,1.0
hmmM,4,3,7,0.57
hmmN,6,4,10,0.6
hmmP,3,7,10,0.3
hmmS,2,1,3,0.67
hmmb,4,7,11,0.36
hmml,2,0,2,1.0
hmmm,8,3,11,0.73
hmmn,2,1,3,0.67
hmms,3,3,6,0.5
hmnB,2,2,4,0.5
hmnD,3,1,4,0.75
hmnH,0,2,2,0.0
hmnK,0,0,0,
hmnM,1,5,6,0.17
hmnN,2,5,7,0.29
hmnP,4,6,10,0.4
hmnS,1,3,4,0.25
hmnb,2,3,5,0.4
hmnh,2,0,2,1.0
hmnm,3,3,6,0.5
hmnn,5,0,5,1.0
hmns,3,2,5,0.6
hmsB,1,1,2,0.5
hmsD,2,0,2,1.0
hmsH,2,4,6,0.33
hmsL,0,0,0,
hmsM,1,5,6,0.17
hmsN,1,1,2,0.5
hmsP,1,3,4,0.25
hmsS,5,3,8,0.62
hmsb,0,1,1,0.0
hmsl,3,0,3,1.0
hmsm,6,2,8,0.75
hmsn,1,3,4,0.25
hmss,3,1,4,0.75
hnBB,1,2,3,0.33
hnBD,1,1,2,0.5
hnBK,0,1,1,0.0
hnBL,1,1,2,0.5
hnBM,2,2,4,0.5
hnBN,2,5,7,0.29
hnBP,1,0,1,1.0
hnBS,1,0,1,1.0
hnBb,4,1,5,0.8
hnBl,1,1,2,0.5
hnBm,4,2,6,0.67
hnBn,2,2,4,0.5
hnBs,2,1,3,0.67
hnDB,0,1,1,0.0
hnDH,1,0,1,1.0
hnDL,0,0,0,
hnDS,1,0,1,1.0
hnDb,0,1,1,0.0
hnDm,1,1,2,0.5
hnDn,1,1,2,0.5
hnHB,1,1,2,0.5
hnHI,0,2,2,0.0
hnHL,0,1,1,0.0
hnHM,2,0,2,1.0
hnHN,0,2,2,0.0
hnHP,0,3,3,0.0
hnHS,2,0,2,1.0
hnHb,2,1,3,0.67
hnHm,1,2,3,0.33
hnHn,1,0,1,1.0
hnHs,0,1,1,0.0
hnID,1,0,1,1.0
hnIH,1,2,3,0.33
hnII,0,1,1,0.0
hnIM,2,0,2,1.0
hnIN,1,0,1,1.0
hnIb,1,0,1,1.0
hnIm,0,1,1,0.0
hnIs,0,1,1,0.0
hnKB,1,0,1,1.0
hnKI,0,1,1,0.0
hnKN,1,0,1,1.0
hnKh,0,0,0,
hnLB,0,3,3,0.0
hnLL,1,0,1,1.0
hnLM,0,1,1,0.0
hnLN,0,1,1,0.0
hnLP,1,2,3,0.33
hnLS,1,0,1,1.0
hnLl,1,3,4,0.25
hnLn,1,0,1,1.0
hnLt,1,0,1,1.0
hnMB,1,1,2,0.5
hnMD,0,1,1,0.0
hnMH,1,0,1,1.0
hnML,0,2,2,0.0
hnMM,1,1,2,0.5
hnMN,3,2,5,0.6
hnMP,1,2,3,0.33
hnMS,2,3,5,0.4
hnMb,1,1,2,0.5
hnMh,6,3,9,0.67
hnMl,1,0,1,1.0
hnMm,4,1,5,0.8
hnMn,3,9,12,0.25
hnMs,0,2,2,0.0
hnMt,0,0,0,
hnNB,3,4,7,0.43
hnND,1,0,1,1.0
hnNH,0,1,1,0.0
hnNI,0,1,1,0.0
hnNK,0,0,0,
hnNM,3,1,4,0.75
hnNN,7,4,11,0.64
hnNP,5,5,10,0.5
hnNS,1,2,3,0.33
hnNb,2,2,4,0.5
hnNh,1,0,1,1.0
hnNl,2,3,5,0.4
hnNm,0,2,2,0.0
hnNn,2,9,11,0.18
hnNs,1,2,3,0.33
hnNt,0,2,2,0.0
hnPB,2,3,5,0.4
hnPD,0,1,1,0.0
hnPH,0,2,2,0.0
hnPL,1,3,4,0.25
hnPM,5,4,9,0.56
hnPN,8,1,9,0.89
hnPP,5,7,12,0.42
hnPS,3,5,8,0.38
hnPb,3,2,5,0.6
hnPh,1,0,1,1.0
hnPl,1,0,1,1.0
hnPm,3,4,7,0.43
hnPn,1,9,10,0.1
hnPs,2,3,5,0.4
hnSB,2,0,2,1.0
hnSD,1,1,2,0.5
hnSL,2,0,2,1.0
hnSM,4,6,10,0.4
hnSN,4,0,4,1.0
hnSP,4,3,7,0.57
hnSS,8,2,10,0.8
hnSb,2,3,5,0.4
hnSh,3,0,3,1.0
hnSl,1,0,1,1.0
hnSm,4,2,6,0.67
hnSn,1,2,3,0.33
hnSs,2,4,6,0.33
hnSt,1,0,1,1.0
hnbB,2,1,3,0.67
hnbH,2,0,2,1.0
hnbJ,0,1,1,0.0
hnbK,0,0,0,
hnbL,1,2,3,0.33
hnbM,2,4,6,0.33
hnbN,4,2,6,0.67
hnbP,0,1,1,0.0
hnbS,2,2,4,0.5
hnbb,3,2,5,0.6
hnbl,1,0,1,1.0
hnbm,1,2,3,0.33
hnbn,9,3,12,0.75
hnbs,1,3,4,0.25
hnhL,1,0,1,1.0
hnhM,1,0,1,1.0
hnlB,0,2,2,0.0
hnlD,0,1,1,0.0
hnlM,1,2,3,0.33
hnlP,2,1,3,0.67
hnlb,0,2,2,0.0
hnll,0,0,0,
hnlm,1,0,1,1.0
hnln,1,0,1,1.0
hnmB,0,4,4,0.0
hnmD,0,1,1,0.0
hnmH,2,3,5,0.4
hnmJ,0,1,1,0.0
hnmK,1,0,1,1.0
hnmL,0,4,4,0.0
hnmM,1,2,3,0.33
hnmN,7,4,11,0.64
hnmP,1,5,6,0.17
hnmS,3,4,7,0.43
hnmb,1,2,3,0.33
hnml,1,1,2,0.5
hnmm,1,4,5,0.2
hnmn,4,1,5,0.8
hnms,1,1,2,0.5
hnnB,3,1,4,0.75
hnnD,1,1,2,0.5
hnnH,1,3,4,0.25
hnnI,1,0,1,1.0
hnnL,0,1,1,0.0
hnnM,2,5,7,0.29
hnnN,6,6,12,0.5
hnnP,1,3,4,0.25
hnnb,1,2,3,0.33
hnnl,0,1,1,0.0
hnnm,6,4,10,0.6
hnnn,4,1,5,0.8
hnns,0,3,3,0.0
hnsB,2,0,2,1.0
hnsH,2,5,7,0.29
hnsI,0,1,1,0.0
hnsL,2,1,3,0.67
hnsM,5,1,6,0.83
hnsN,3,2,5,0.6
hnsP,3,3,6,0.5
hnsS,4,2,6,0.67
hnsb,2,0,2,1.0
hnsl,1,1,2,0.5
hnsm,2,1,3,0.67
hnsn,0,1,1,0.0
hnss,3,2,5,0.6
hsBB,2,3,5,0.4
hsBD,0,1,1,0.0
hsBL,0,1,1,0.0
hsBM,1,0,1,1.0
hsBN,2,0,2,1.0
hsBP,2,3,5,0.4
hsBS,0,1,1,0.0
hsBb,0,1,1,0.0
hsBh,0,1,1,0.0
hsBj,0,2,2,0.0
hsBl,1,0,1,1.0
hsBm,2,2,4,0.5
hsBn,2,2,4,0.5
hsBs,1,1,2,0.5
hsDB,1,0,1,1.0
hsDH,1,0,1,1.0
hsDL,0,1,1,0.0
hsDN,1,0,1,1.0
hsDP,1,1,2,0.5
hsDS,2,0,2,1.0
hsDb,0,1,1,0.0
hsDs,0,1,1,0.0
hsHB,1,1,2,0.5
hsHD,0,0,0,
hsHH,1,1,2,0.5
hsHK,0,1,1,0.0
hsHL,0,1,1,0.0
hsHM,1,4,5,0.2
hsHN,1,1,2,0.5
hsHP,4,1,5,0.8
hsHS,1,2,3,0.33
hsHb,2,0,2,1.0
hsHh,2,3,5,0.4
hsHl,1,0,1,1.0
hsHm,7,2,9,0.78
hsHn,0,3,3,0.0
hsHs,4,2,6,0.67
hsHt,1,0,1,1.0
hsIM,0,0,0,
hsIP,0,0,0,
hsIS,0,2,2,0.0
hsIb,1,0,1,1.0
hsIm,1,2,3,0.33
hsIn,0,1,1,0.0
hsIs,0,1,1,0.0
hsKB,1,0,1,1.0
hsLB,1,2,3,0.33
hsLD,0,1,1,0.0
hsLM,0,0,0,
hsLN,0,0,0,
hsLP,2,3,5,0.4
hsLS,1,0,1,1.0
hsLb,2,0,2,1.0
hsLl,0,1,1,0.0
hsLm,1,0,1,1.0
hsLn,2,1,3,0.67
hsLs,0,1,1,0.0
hsLt,1,0,1,1.0
hsMB,4,0,4,1.0
hsMD,2,1,3,0.67
hsMM,3,3,6,0.5
hsMN,0,3,3,0.0
hsMP,3,0,3,1.0
hsMS,4,1,5,0.8
hsMb,0,4,4,0.0
hsMh,2,3,5,0.4
hsMl,3,0,3,1.0
hsMm,4,2,6,0.67
hsMn,2,1,3,0.67
hsMs,1,7,8,0.12
hsNB,1,3,4,0.25
hsNL,1,2,3,0.33
hsNM,3,2,5,0.6
hsNN,4,2,6,0.67
hsNP,3,1,4,0.75
hsNS,2,3,5,0.4
hsNb,0,0,0,
hsNh,1,0,1,1.0
hsNl,0,1,1,0.0
hsNm,1,2,3,0.33
hsNn,2,2,4,0.5
hsNs,2,1,3,0.67
hsPB,1,1,2,0.5
hsPD,0,1,1,0.0
hsPK,1,0,1,1.0
hsPL,2,3,5,0.4
hsPM,1,2,3,0.33
hsPN,5,1,6,0.83
hsPP,2,1,3,0.67
hsPS,1,1,2,0.5
hsPb,4,3,7,0.57
hsPl,1,1,2,0.5
hsPm,2,2,4,0.5
hsPn,1,2,3,0.33
hsPs,5,4,9,0.56
hsSB,3,4,7,0.43
hsSD,1,2,3,0.33
hsSH,0,1,1,0.0
hsSL,1,0,1,1.0
hsSM,2,5,7,0.29
hsSN,3,2,5,0.6
hsSP,3,2,5,0.6
hsSS,7,5,12,0.58
hsSb,3,0,3,1.0
hsSh,1,0,1,1.0
hsSl,1,0,1,1.0
hsSm,4,5,9,0.44
hsSn,2,2,4,0.5
hsSs,6,3,9,0.67
hsSt,1,0,1,1.0
hsbB,1,1,2,0.5
hsbD,0,1,1,0.0
hsbJ,0,1,1,0.0
hsbM,3,3,6,0.5
hsbN,1,3,4,0.25
hsbP,1,1,2,0.5
hsbS,1,1,2,0.5
hsbb,1,3,4,0.25
hsbl,1,0,1,1.0
hsbm,5,0,5,1.0
hsbn,2,2,4,0.5
hsbs,1,0,1,1.0
hshS,0,2,2,0.0
hshh,1,0,1,1.0
hshm,1,0,1,1.0
hsht,0,1,1,0.0
hslB,0,3,3,0.0
hslD,0,0,0,
hslH,0,1,1,0.0
hslK,0,1,1,0.0
hslL,0,1,1,0.0
hslM,0,1,1,0.0
hslP,1,1,2,0.5
hslS,1,0,1,1.0
hsll,0,1,1,0.0
hslm,0,1,1,0.0
hsln,1,0,1,1.0
hsls,1,0,1,1.0
hsmB,0,1,1,0.0
hsmD,1,3,4,0.25
hsmH,1,1,2,0.5
hsmI,1,0,1,1.0
hsmL,1,1,2,0.5
hsmM,2,5,7,0.29
hsmN,4,6,10,0.4
hsmP,5,4,9,0.56
hsmS,1,1,2,0.5
hsmb,5,1,6,0.83
hsml,1,0,1,1.0
hsmm,6,4,10,0.6
hsmn,2,3,5,0.4
hsms,2,2,4,0.5
hsnB,2,0,2,1.0
hsnH,1,0,1,1.0
hsnI,0,1,1,0.0
hsnK,1,0,1,1.0
hsnL,0,1,1,0.0
hsnM,0,4,4,0.0
hsnN,2,3,5,0.4
hsnP,4,3,7,0.57
hsnS,1,3,4,0.25
hsnb,0,1,1,0.0
hsnl,1,1,2,0.5
hsnm,2,2,4,0.5
hsnn,2,6,8,0.25
hsns,3,0,3,1.0
hssD,1,1,2,0.5
hssH,0,0,0,
hssL,2,0,2,1.0
hssM,3,2,5,0.6
hssP,1,3,4,0.25
hssS,3,3,6,0.5
hssb,0,2,2,0.0
hssl,0,0,0,
hssm,4,0,4,1.0
hssn,0,2,2,0.0
hsss,7,2,9,0.78
hsst,0,1,1,0.0
hstB,1,0,1,1.0
htBB,2,0,2,1.0
htBM,0,1,1,0.0
htBm,2,0,2,1.0
htBn,0,2,2,0.0
htBs,0,1,1,0.0
htDH,0,1,1,0.0
htDm,0,0,0,
htDs,1,0,1,1.0
htHn,1,1,2,0.5
htHs,0,1,1,0.0
htLS,0,0,0,
htLh,0,1,1,0.0
htLl,1,0,1,1.0
htML,0,1,1,0.0
htMM,1,0,1,1.0
htMP,1,0,1,1.0
htMb,2,0,2,1.0
htMm,0,1,1,0.0
htMn,1,0,1,1.0
htNN,0,2,2,0.0
htNP,2,1,3,0.67
htNb,1,0,1,1.0
htNm,1,2,3,0.33
htNn,1,0,1,1.0
htPB,0,1,1,0.0
htPH,1,0,1,1.0
htPN,1,0,1,1.0
htPP,1,0,1,1.0
htPl,0,1,1,0.0
htPm,1,0,1,1.0
htPn,0,0,0,
htPs,1,0,1,1.0
htSH,1,1,2,0.5
htSL,1,0,1,1.0
htSN,0,1,1,0.0
htSP,0,1,1,0.0
htSS,0,1,1,0.0
htSs,1,0,1,1.0
htbL,0,1,1,0.0
htbN,0,1,1,0.0
htbb,1,0,1,1.0
htbl,1,0,1,1.0
htbm,0,1,1,0.0
htbn,1,1,2,0.5
htlM,1,0,1,1.0
htlS,0,1,1,0.0
htls,0,1,1,0.0
htmH,0,1,1,0.0
htmL,0,1,1,0.0
htmM,1,0,1,1.0
htmN,0,1,1,0.0
htmS,1,1,2,0.5
htmm,0,1,1,0.0
htms,1,0,1,1.0
htnD,0,0,0,
htnK,1,0,1,1.0
htnL,1,0,1,1.0
htnm,1,1,2,0.5
htns,1,2,3,0.33
htsI,1,0,1,1.0
htsN,1,0,1,1.0
htsS,0,2,2,0.0
htsn,1,1,2,0.5
httS,1,0,1,1.0
htts,0,0,0,
jBBB,0,0,0,
jBBD,1,0,1,1.0
jBBM,0,1,1,0.0
jBBN,0,0,0,
jBBS,1,0,1,1.0
jBBb,2,0,2,1.0
jBBn,0,0,0,
jBBs,0,1,1,0.0
jBBt,1,0,1,1.0
jBDs,0,0,0,
jBKP,1,0,1,1.0
jBLb,0,1,1,0.0
jBLm,1,0,1,1.0
jBLs,0,0,0,
jBMM,0,1,1,0.0
jBMb,2,0,2,1.0
jBMm,1,1,2,0.5
jBMn,0,2,2,0.0
jBNH,1,0,1,1.0
jBNM,0,1,1,0.0
jBNN,1,1,2,0.5
jBNb,0,3,3,0.0
jBNl,0,1,1,0.0
jBNm,0,2,2,0.0
jBNn,0,1,1,0.0
jBPB,1,1,2,0.5
jBPD,1,0,1,1.0
jBPI,1,0,1,1.0
jBPM,1,0,1,1.0
jBPN,0,2,2,0.0
jBPP,1,1,2,0.5
jBPb,0,0,0,
jBPl,2,1,3,0.67
jBPm,1,0,1,1.0
jBPn,1,2,3,0.33
jBSB,1,0,1,1.0
jBSL,1,0,1,1.0
jBSM,0,0,0,
jBSS,2,0,2,1.0
jBSl,1,0,1,1.0
jBbB,0,2,2,0.0
jBbN,1,0,1,1.0
jBbS,0,2,2,0.0
jBbb,2,2,4,0.5
jBbs,1,0,1,1.0
jBhs,1,0,1,1.0
jBjB,1,1,2,0.5
jBjL,0,1,1,0.0
jBjP,0,0,0,
jBjb,1,0,1,1.0
jBjs,0,1,1,0.0
jBlI,1,0,1,1.0
jBlP,1,0,1,1.0
jBln,1,0,1,1.0
jBls,1,0,1,1.0
jBmB,0,2,2,0.0
jBmH,1,0,1,1.0
jBmL,0,0,0,
jBmM,0,1,1,0.0
jBmN,0,1,1,0.0
jBmP,0,0,0,
jBml,0,0,0,
jBmm,0,1,1,0.0
jBmn,1,0,1,1.0
jBnM,1,0,1,1.0
jBnN,0,2,2,0.0
jBnP,2,1,3,0.67
jBnS,1,0,1,1.0
jBnb,4,0,4,1.0
jBnl,0,1,1,0.0
jBnm,2,0,2,1.0
jBnn,0,2,2,0.0
jBsH,0,0,0,
jBsK,0,1,1,0.0
jBsM,0,1,1,0.0
jBsN,0,0,0,
jBsb,0,1,1,0.0
jBtS,0,1,1,0.0
jBtm,1,0,1,1.0
jDBM,0,0,0,
jDBm,0,1,1,0.0
jDBn,1,0,1,1.0
jDHI,0,1,1,0.0
jDHm,1,0,1,1.0
jDHn,0,1,1,0.0
jDLL,0,1,1,0.0
jDMM,0,1,1,0.0
jDMS,0,0,0,
jDMb,0,0,0,
jDMl,1,0,1,1.0
jDNP,0,0,0,
jDNS,0,1,1,0.0
jDPL,0,0,0,
jDPM,0,1,1,0.0
jDSB,1,0,1,1.0
jDSL,1,0,1,1.0
jDSM,0,1,1,0.0
jDSh,1,0,1,1.0
jDSs,0,0,0,
jDbM,1,0,1,1.0
jDhN,0,0,0,
jDmH,1,0,1,1.0
jDmN,1,0,1,1.0
jDmP,0,0,0,
jDnK,0,1,1,0.0
jDnP,0,1,1,0.0
jHBB,0,0,0,
jHBM,1,0,1,1.0
jHBj,0,0,0,
jHBl,0,1,1,0.0
jHLP,0,1,1,0.0
jHLb,1,0,1,1.0
jHLt,0,1,1,0.0
jHMn,0,1,1,0.0
jHNM,0,1,1,0.0
jHNP,1,0,1,1.0
jHNl,1,0,1,1.0
jHPb,1,0,1,1.0
jHPm,1,0,1,1.0
jHSM,1,0,1,1.0
jHSS,1,0,1,1.0
jHbB,1,0,1,1.0
jHbM,1,1,2,0.5
jHbb,0,1,1,0.0
jHhM,0,1,1,0.0
jHhS,0,1,1,0.0
jHlM,0,0,0,
jHln,1,0,1,1.0
jHmB,0,1,1,0.0
jHmS,0,1,1,0.0
jHmb,1,0,1,1.0
jIBB,0,0,0,
jIBK,1,0,1,1.0
jIHl,0,1,1,0.0
jILl,1,0,1,1.0
jIMB,0,1,1,0.0
jIMN,1,0,1,1.0
jIMS,0,1,1,0.0
jIMm,0,0,0,
jIMn,0,1,1,0.0
jIMs,0,0,0,
jINb,0,1,1,0.0
jIPL,0,1,1,0.0
jIPP,0,0,0,
jIPb,2,0,2,1.0
jIbm,1,0,1,1.0
jImB,1,0,1,1.0
jImM,0,1,1,0.0
jImb,1,0,1,1.0
jInI,0,1,1,0.0
jInS,1,0,1,1.0
jInh,0,1,1,0.0
jItB,1,0,1,1.0
jKBn,1,0,1,1.0
jKMD,0,1,1,0.0
jKSS,1,0,1,1.0
jKSm,0,1,1,0.0
jKbD,0,1,1,0.0
jKbm,1,0,1,1.0
jKhD,0,1,1,0.0
jKhP,1,0,1,1.0
jKms,1,0,1,1.0
jKsM,0,0,0,
jLBD,1,0,1,1.0
jLBN,0,0,0,
jLBP,1,1,2,0.5
jLBb,0,0,0,
jLBm,1,0,1,1.0
jLKM,0,1,1,0.0
jLLM,0,1,1,0.0
jLLN,0,1,1,0.0
jLLn,1,0,1,1.0
jLMl,1,0,1,1.0
jLMn,1,1,2,0.5
jLNB,1,0,1,1.0
jLNM,1,1,2,0.5
jLNl,0,1,1,0.0
jLNs,0,0,0,
jLPL,0,1,1,0.0
jLPM,0,1,1,0.0
jLPP,0,1,1,0.0
jLPb,0,1,1,0.0
jLPm,0,1,1,0.0
jLPs,1,0,1,1.0
jLSl,1,0,1,1.0
jLbH,0,1,1,0.0
jLbJ,0,1,1,0.0
jLbP,0,1,1,0.0
jLbS,1,0,1,1.0
jLhB,0,1,1,0.0
jLhh,1,0,1,1.0
jLjn,1,0,1,1.0
jLlJ,0,1,1,0.0
jLlM,0,0,0,
jLlb,2,0,2,1.0
jLmH,0,1,1,0.0
jLmM,0,2,2,0.0
jLmN,0,2,2,0.0
jLmP,0,1,1,0.0
jLmb,0,0,0,
jLmm,0,1,1,0.0
jLnB,1,0,1,1.0
jLnN,0,1,1,0.0
jLnP,1,0,1,1.0
jLnm,0,2,2,0.0
jLnn,2,1,3,0.67
jLns,1,0,1,1.0
jLsB,0,1,1,0.0
jLsM,1,0,1,1.0
jLsS,0,1,1,0.0
jLsb,0,1,1,0.0
jLss,0,1,1,0.0
jMBK,1,0,1,1.0
jMBM,0,1,1,0.0
jMBP,0,0,0,
jMBh,0,1,1,0.0
jMBm,0,1,1,0.0
jMBn,0,1,1,0.0
jMBs,1,0,1,1.0
jMDH,0,0,0,
jMDM,0,1,1,0.0
jMDN,1,0,1,1.0
jMDm,0,1,1,0.0
jMDs,0,1,1,0.0
jMLb,1,0,1,1.0
jMLm,1,1,2,0.5
jMMB,0,1,1,0.0
jMML,0,1,1,0.0
jMMN,1,2,3,0.33
jMMb,1,2,3,0.33
jMMj,0,1,1,0.0
jMMn,2,0,2,1.0
jMNB,1,0,1,1.0
jMNN,1,1,2,0.5
jMNP,0,1,1,0.0
jMNh,0,1,1,0.0
jMNm,1,1,2,0.5
jMNn,2,1,3,0.67
jMPB,1,1,2,0.5
jMPH,0,0,0,
jMPI,0,1,1,0.0
jMPM,0,1,1,0.0
jMPN,0,0,0,
jMPP,0,1,1,0.0
jMPm,1,2,3,0.33
jMPn,0,0,0,
jMSH,0,1,1,0.0
jMSM,0,1,1,0.0
jMSP,1,0,1,1.0
jMSb,1,1,2,0.5
jMSn,0,1,1,0.0
jMbB,0,1,1,0.0
jMbH,0,1,1,0.0
jMbJ,0,1,1,0.0
jMbL,1,0,1,1.0
jMbM,2,1,3,0.67
jMbN,0,1,1,0.0
jMbP,1,1,2,0.5
jMbS,0,2,2,0.0
jMbb,1,0,1,1.0
jMbn,0,1,1,0.0
jMbs,0,3,3,0.0
jMhM,0,1,1,0.0
jMhN,1,0,1,1.0
jMhP,1,0,1,1.0
jMhl,1,1,2,0.5
jMhs,1,1,2,0.5
jMjM,0,1,1,0.0
jMjN,0,1,1,0.0
jMjP,1,0,1,1.0
jMjm,0,1,1,0.0
jMjn,0,1,1,0.0
jMlB,0,1,1,0.0
jMlI,1,0,1,1.0
jMll,1,0,1,1.0
jMlm,0,1,1,0.0
jMls,1,0,1,1.0
jMmB,2,0,2,1.0
jMmD,1,0,1,1.0
jMmH,0,0,0,
jMmJ,0,2,2,0.0
jMmL,1,0,1,1.0
jMmN,2,1,3,0.67
jMmb,0,1,1,0.0
jMmm,0,2,2,0.0
jMmn,1,1,2,0.5
jMnH,0,2,2,0.0
jMnL,0,0,0,
jMnM,2,0,2,1.0
jMnN,4,0,4,1.0
jMnP,1,1,2,0.5
jMnm,0,0,0,
jMnn,1,1,2,0.5
jMns,1,1,2,0.5
jMsB,0,1,1,0.0
jMsH,0,1,1,0.0
jMsN,0,1,1,0.0
jMsP,3,0,3,1.0
jMsS,1,1,2,0.5
jMsb,0,1,1,0.0
jMsl,1,0,1,1.0
jMsm,0,1,1,0.0
jMss,0,1,1,0.0
jMtL,0,1,1,0.0
jNBK,1,0,1,1.0
jNBM,1,0,1,1.0
jNBN,1,0,1,1.0
jNBj,0,0,0,
jNBl,0,0,0,
jNBm,0,0,0,
jNBn,0,1,1,0.0
jNDB,0,1,1,0.0
jNDL,1,0,1,1.0
jNDN,0,1,1,0.0
jNDS,1,0,1,1.0
jNHH,1,0,1,1.0
jNHI,1,0,1,1.0
jNHN,1,0,1,1.0
jNKM,0,1,1,0.0
jNLP,1,0,1,1.0
jNLb,0,1,1,0.0
jNLj,1,0,1,1.0
jNLl,0,1,1,0.0
jNMB,0,1,1,0.0
jNMD,0,0,0,
jNMM,0,1,1,0.0
jNMP,1,0,1,1.0
jNMb,1,0,1,1.0
jNMj,0,1,1,0.0
jNMl,1,1,2,0.5
jNMm,0,2,2,0.0
jNMn,2,0,2,1.0
jNMs,0,1,1,0.0
jNNB,1,2,3,0.33
jNNM,0,2,2,0.0
jNNN,0,1,1,0.0
jNNP,2,0,2,1.0
jNNS,1,0,1,1.0
jNNb,1,1,2,0.5
jNNm,1,0,1,1.0
jNNn,1,1,2,0.5
jNPB,3,2,5,0.6
jNPM,0,1,1,0.0
jNPN,0,1,1,0.0
jNPP,0,2,2,0.0
jNPS,3,0,3,1.0
jNPl,2,0,2,1.0
jNPm,0,1,1,0.0
jNPn,2,0,2,1.0
jNPs,0,2,2,0.0
jNSB,1,1,2,0.5
jNSH,0,0,0,
jNSK,1,0,1,1.0
jNSS,0,1,1,0.0
jNSb,0,0,0,
jNSm,1,0,1,1.0
jNSt,0,1,1,0.0
jNbB,0,0,0,
jNbM,0,1,1,0.0
jNbN,2,1,3,0.67
jNbP,1,2,3,0.33
jNbS,0,1,1,0.0
jNbb,1,0,1,1.0
jNbm,1,1,2,0.5
jNhB,1,0,1,1.0
jNhD,0,1,1,0.0
jNhL,0,1,1,0.0
jNhM,1,0,1,1.0
jNhP,0,1,1,0.0
jNhS,0,0,0,
jNhb,0,1,1,0.0
jNlB,0,1,1,0.0
jNlI,0,1,1,0.0
jNlS,1,0,1,1.0
jNlb,0,0,0,
jNlm,0,1,1,0.0
jNln,1,0,1,1.0
jNmB,1,0,1,1.0
jNmJ,1,0,1,1.0
jNmM,0,0,0,
jNmN,0,2,2,0.0
jNmP,0,1,1,0.0
jNmS,0,1,1,0.0
jNnB,0,1,1,0.0
jNnD,0,1,1,0.0
jNnH,2,1,3,0.67
jNnL,0,1,1,0.0
jNnM,1,0,1,1.0
jNnP,0,0,0,
jNnS,1,0,1,1.0
jNnb,0,1,1,0.0
jNnl,1,0,1,1.0
jNnm,3,0,3,1.0
jNnn,1,2,3,0.33
jNsH,1,0,1,1.0
jNsL,0,1,1,0.0
jNsM,0,1,1,0.0
jNsS,0,1,1,0.0
jNsb,0,2,2,0.0
jNsm,1,0,1,1.0
jNtB,1,0,1,1.0
jNtP,1,0,1,1.0
jNtn,2,0,2,1.0
jPBB,1,2,3,0.33
jPBL,1,0,1,1.0
jPBM,0,2,2,0.0
jPBP,1,2,3,0.33
jPBb,1,0,1,1.0
jPBl,1,0,1,1.0
jPBm,1,0,1,1.0
jPBn,1,1,2,0.5
jPBs,0,1,1,0.0
jPBt,0,1,1,0.0
jPDD,0,0,0,
jPDN,0,1,1,0.0
jPDm,0,0,0,
jPDs,1,0,1,1.0
jPHN,0,0,0,
jPHP,0,0,0,
jPHb,1,0,1,1.0
jPHl,0,1,1,0.0
jPHn,1,0,1,1.0
jPHs,0,1,1,0.0
jPIL,1,0,1,1.0
jPKS,0,1,1,0.0
jPKb,1,0,1,1.0
jPLB,0,2,2,0.0
jPLM,1,0,1,1.0
jPLN,2,0,2,1.0
jPLP,2,1,3,0.67
jPLb,0,1,1,0.0
jPLm,0,0,0,
jPLs,0,1,1,0.0
jPMB,0,1,1,0.0
jPML,1,0,1,1.0
jPMM,0,1,1,0.0
jPMN,1,1,2,0.5
jPMP,1,1,2,0.5
jPMS,1,1,2,0.5
jPMb,0,1,1,0.0
jPMh,0,0,0,
jPMm,3,0,3,1.0
jPMn,0,4,4,0.0
jPMs,1,0,1,1.0
jPMt,0,1,1,0.0
jPND,1,0,1,1.0
jPNH,0,1,1,0.0
jPNL,2,2,4,0.5
jPNM,0,1,1,0.0
jPNN,0,0,0,
jPNP,1,2,3,0.33
jPNb,0,1,1,0.0
jPNm,0,0,0,
jPNn,1,0,1,1.0
jPNs,1,0,1,1.0
jPPB,2,0,2,1.0
jPPH,0,0,0,
jPPI,1,1,2,0.5
jPPL,0,1,1,0.0
jPPM,0,3,3,0.0
jPPN,1,1,2,0.5
jPPP,1,0,1,1.0
jPPS,2,0,2,1.0
jPPb,1,1,2,0.5
jPPl,5,0,5,1.0
jPPm,0,2,2,0.0
jPPs,1,0,1,1.0
jPPt,0,1,1,0.0
jPSL,1,1,2,0.5
jPSN,1,1,2,0.5
jPSP,0,2,2,0.0
jPSS,3,0,3,1.0
jPSm,0,0,0,
jPSn,0,0,0,
jPSs,2,0,2,1.0
jPbB,0,2,2,0.0
jPbK,1,0,1,1.0
jPbM,0,1,1,0.0
jPbS,0,0,0,
jPbb,1,0,1,1.0
jPbl,0,1,1,0.0
jPbm,0,2,2,0.0
jPbn,1,0,1,1.0
jPhB,1,0,1,1.0
jPhm,1,0,1,1.0
jPlB,1,0,1,1.0
jPlL,0,1,1,0.0
jPlM,1,0,1,1.0
jPlS,1,0,1,1.0
jPls,0,1,1,0.0
jPmB,1,2,3,0.33
jPmD,0,0,0,
jPmJ,1,0,1,1.0
jPmM,0,1,1,0.0
jPmN,1,0,1,1.0
jPmP,1,0,1,1.0
jPmS,3,2,5,0.6
jPmb,2,0,2,1.0
jPml,0,1,1,0.0
jPmm,0,1,1,0.0
jPms,1,0,1,1.0
jPnB,1,0,1,1.0
jPnH,1,1,2,0.5
jPnM,0,1,1,0.0
jPnN,0,1,1,0.0
jPnP,1,0,1,1.0
jPnS,0,1,1,0.0
jPnb,1,0,1,1.0
jPnm,1,2,3,0.33
jPnn,1,0,1,1.0
jPsB,0,0,0,
jPsI,0,0,0,
jPsL,1,1,2,0.5
jPsP,0,2,2,0.0
jPsb,1,0,1,1.0
jPsl,0,0,0,
jPsm,0,2,2,0.0
jPsn,1,0,1,1.0
jPtl,1,0,1,1.0
jPts,1,0,1,1.0
jSBB,1,2,3,0.33
jSBM,1,0,1,1.0
jSBN,1,0,1,1.0
jSBm,1,0,1,1.0
jSBn,0,1,1,0.0
jSBs,0,1,1,0.0
jSBt,0,1,1,0.0
jSDL,1,0,1,1.0
jSHL,0,1,1,0.0
jSHN,0,1,1,0.0
jSHs,0,1,1,0.0
jSLB,1,0,1,1.0
jSLL,1,0,1,1.0
jSLS,1,0,1,1.0
jSLj,0,1,1,0.0
jSML,0,1,1,0.0
jSMP,1,0,1,1.0
jSMS,1,0,1,1.0
jSMb,3,0,3,1.0
jSMl,1,1,2,0.5
jSMm,1,1,2,0.5
jSNP,1,1,2,0.5
jSNh,1,0,1,1.0
jSNm,0,0,0,
jSNn,1,2,3,0.33
jSPM,1,0,1,1.0
jSPP,1,1,2,0.5
jSPb,2,1,3,0.67
jSPm,0,0,0,
jSSB,1,2,3,0.33
jSSH,0,1,1,0.0
jSSP,1,1,2,0.5
jSSS,2,3,5,0.4
jSSb,1,0,1,1.0
jSSm,3,0,3,1.0
jSSs,0,1,1,0.0
jSbD,0,0,0,
jSbH,0,1,1,0.0
jSbJ,0,1,1,0.0
jSbL,0,1,1,0.0
jSbN,1,0,1,1.0
jSbP,1,0,1,1.0
jSbb,0,2,2,0.0
jSbm,1,0,1,1.0
jSbn,1,0,1,1.0
jSbs,0,0,0,
jShb,1,0,1,1.0
jShh,0,1,1,0.0
jShl,1,0,1,1.0
jShm,1,0,1,1.0
jShn,1,0,1,1.0
jSlL,1,0,1,1.0
jSlM,1,1,2,0.5
jSlN,0,1,1,0.0
jSlb,0,0,0,
jSmB,0,1,1,0.0
jSmH,1,0,1,1.0
jSmM,2,0,2,1.0
jSmS,0,1,1,0.0
jSml,0,1,1,0.0
jSmm,1,0,1,1.0
jSmn,0,1,1,0.0
jSms,1,0,1,1.0
jSnB,1,0,1,1.0
jSnH,1,0,1,1.0
jSnM,0,1,1,0.0
jSnS,1,3,4,0.25
jSnb,1,0,1,1.0
jSnm,1,0,1,1.0
jSns,0,1,1,0.0
jSsH,1,0,1,1.0
jSsM,1,0,1,1.0
jSsN,1,0,1,1.0
jSsP,0,1,1,0.0
jSsS,1,0,1,1.0
jSsl,0,1,1,0.0
jSsm,1,0,1,1.0
jSsn,1,0,1,1.0
jSss,2,0,2,1.0
jbBB,3,0,3,1.0
jbBN,0,0,0,
jbBP,1,1,2,0.5
jbBb,1,0,1,1.0
jbBj,1,0,1,1.0
jbDm,0,1,1,0.0
jbHM,1,0,1,1.0
jbHh,0,0,0,
jbHl,0,1,1,0.0
jbHm,0,0,0,
jbHn,1,0,1,1.0
jbIs,1,0,1,1.0
jbJP,1,0,1,1.0
jbJS,0,1,1,0.0
jbJb,1,0,1,1.0
jbJl,1,0,1,1.0
jbKb,1,0,1,1.0
jbLB,1,1,2,0.5
jbLD,0,1,1,0.0
jbLL,1,1,2,0.5
jbLM,0,2,2,0.0
jbLP,1,0,1,1.0
jbLS,1,0,1,1.0
jbLb,1,0,1,1.0
jbLl,1,0,1,1.0
jbLn,0,1,1,0.0
jbMN,1,1,2,0.5
jbMP,1,1,2,0.5
jbMS,2,0,2,1.0
jbMb,0,2,2,0.0
jbMh,0,1,1,0.0
jbMl,1,0,1,1.0
jbMm,1,1,2,0.5
jbMs,1,1,2,0.5
jbMt,0,0,0,
jbNB,1,1,2,0.5
jbND,1,0,1,1.0
jbNM,0,2,2,0.0
jbNN,1,1,2,0.5
jbNS,1,2,3,0.33
jbNl,1,0,1,1.0
jbPI,1,0,1,1.0
jbPM,0,2,2,0.0
jbPN,1,1,2,0.5
jbPS,0,2,2,0.0
jbPb,0,1,1,0.0
jbPm,1,2,3,0.33
jbSL,1,0,1,1.0
jbSN,2,0,2,1.0
jbSl,0,1,1,0.0
jbSm,0,2,2,0.0
jbSn,0,3,3,0.0
jbSs,0,1,1,0.0
jbbM,0,0,0,
jbbP,0,0,0,
jbbb,0,1,1,0.0
jbbm,2,1,3,0.67
jblJ,1,0,1,1.0
jblK,1,0,1,1.0
jbln,0,3,3,0.0
jbmB,1,0,1,1.0
jbmD,0,0,0,
jbmH,0,2,2,0.0
jbmN,2,0,2,1.0
jbms,0,0,0,
jbnB,0,1,1,0.0
jbnH,1,0,1,1.0
jbnN,2,1,3,0.67
jbnP,1,0,1,1.0
jbnS,0,1,1,0.0
jbnb,1,0,1,1.0
jbnl,1,0,1,1.0
jbnm,1,0,1,1.0
jbnn,0,1,1,0.0
jbsL,0,0,0,
jbsN,0,1,1,0.0
jbsP,0,1,1,0.0
jbsS,1,0,1,1.0
jbss,1,0,1,1.0
jhBM,1,0,1,1.0
jhMB,0,1,1,0.0
jhNN,0,1,1,0.0
jhNP,1,0,1,1.0
jhNb,0,0,0,
jhPL,0,1,1,0.0
jhPP,1,0,1,1.0
jhSH,0,0,0,
jhbN,0,1,1,0.0
jhbl,1,0,1,1.0
jhhh,1,0,1,1.0
jhhm,0,1,1,0.0
jhmN,0,0,0,
jhmn,1,1,2,0.5
jhnP,0,1,1,0.0
jhnm,0,1,1,0.0
jhsL,0,0,0,
jhsm,0,1,1,0.0
jlBM,0,0,0,
jlBP,1,0,1,1.0
jlHN,0,1,1,0.0
jlJL,0,1,1,0.0
jlJm,1,0,1,1.0
jlJn,1,0,1,1.0
jlLj,0,1,1,0.0
jlMM,0,1,1,0.0
jlMN,0,1,1,0.0
jlMn,0,0,0,
jlNN,0,1,1,0.0
jlNP,1,1,2,0.5
jlNS,1,0,1,1.0
jlNn,1,1,2,0.5
jlPB,1,0,1,1.0
jlPN,0,1,1,0.0
jlPm,1,0,1,1.0
jlSB,1,1,2,0.5
jlSM,0,1,1,0.0
jlSP,0,1,1,0.0
jlSb,1,0,1,1.0
jlSm,1,0,1,1.0
jlbB,1,0,1,1.0
jlbN,1,0,1,1.0
jlbP,0,2,2,0.0
jlls,0,1,1,0.0
jlmH,0,1,1,0.0
jlmM,1,0,1,1.0
jlnP,0,1,1,0.0
jmBB,1,0,1,1.0
jmBM,0,0,0,
jmBN,0,2,2,0.0
jmBP,0,1,1,0.0
jmBS,0,1,1,0.0
jmBl,0,1,1,0.0
jmBm,0,1,1,0.0
jmBn,1,1,2,0.5
jmDB,0,1,1,0.0
jmDH,0,1,1,0.0
jmDL,0,1,1,0.0
jmDM,0,1,1,0.0
jmDn,1,0,1,1.0
jmHB,1,0,1,1.0
jmHN,3,1,4,0.75
jmHP,0,1,1,0.0
jmHh,0,1,1,0.0
jmHl,0,1,1,0.0
jmHs,1,0,1,1.0
jmIN,1,0,1,1.0
jmJL,0,1,1,0.0
jmJN,1,0,1,1.0
jmJP,0,1,1,0.0
jmJb,1,0,1,1.0
jmJl,0,0,0,
jmKl,1,0,1,1.0
jmLN,2,0,2,1.0
jmLh,0,1,1,0.0
jmLm,1,0,1,1.0
jmMB,1,0,1,1.0
jmMD,1,0,1,1.0
jmMM,0,1,1,0.0
jmMN,0,1,1,0.0
jmMP,0,1,1,0.0
jmMS,0,1,1,0.0
jmMl,0,1,1,0.0
jmMm,2,0,2,1.0
jmMn,1,1,2,0.5
jmMs,0,1,1,0.0
jmNH,0,1,1,0.0
jmNM,0,1,1,0.0
jmNN,1,1,2,0.5
jmNP,2,1,3,0.67
jmNS,2,2,4,0.5
jmNh,0,0,0,
jmNl,0,2,2,0.0
jmNm,1,1,2,0.5
jmNn,0,0,0,
jmNs,0,1,1,0.0
jmPB,0,1,1,0.0
jmPH,0,1,1,0.0
jmPL,0,1,1,0.0
jmPM,2,1,3,0.67
jmPN,0,0,0,
jmPP,1,1,2,0.5
jmPb,0,2,2,0.0
jmPm,2,0,2,1.0
jmPn,1,1,2,0.5
jmSB,0,2,2,0.0
jmSM,0,1,1,0.0
jmSN,0,1,1,0.0
jmSP,0,1,1,0.0
jmSS,0,1,1,0.0
jmSb,1,0,1,1.0
jmSh,0,1,1,0.0
jmSs,1,1,2,0.5
jmSt,0,1,1,0.0
jmbD,1,0,1,1.0
jmbJ,0,1,1,0.0
jmbM,1,0,1,1.0
jmbN,0,0,0,
jmbP,0,1,1,0.0
jmbS,2,1,3,0.67
jmbb,1,0,1,1.0
jmbm,0,1,1,0.0
jmhB,0,1,1,0.0
jmlM,1,0,1,1.0
jmlN,0,1,1,0.0
jmlm,0,0,0,
jmls,1,0,1,1.0
jmmB,1,0,1,1.0
jmmH,1,0,1,1.0
jmmM,1,1,2,0.5
jmmP,1,3,4,0.25
jmmS,1,0,1,1.0
jmmb,1,1,2,0.5
jmmm,0,0,0,
jmms,0,0,0,
jmnB,1,1,2,0.5
jmnD,0,0,0,
jmnN,1,2,3,0.33
jmnP,0,1,1,0.0
jmnS,2,0,2,1.0
jmnm,0,1,1,0.0
jmnn,2,1,3,0.67
jmns,1,0,1,1.0
jmsB,0,0,0,
jmsM,0,0,0,
jmsN,1,1,2,0.5
jmsP,0,1,1,0.0
jmsS,1,0,1,1.0
jmsl,0,1,1,0.0
jmsn,0,1,1,0.0
jmss,0,1,1,0.0
jnBM,0,1,1,0.0
jnBN,0,0,0,
jnBP,2,0,2,1.0
jnBb,0,2,2,0.0
jnBm,2,0,2,1.0
jnBn,1,1,2,0.5
jnBs,0,1,1,0.0
jnDn,1,0,1,1.0
jnHI,0,0,0,
jnHP,0,1,1,0.0
jnHS,1,0,1,1.0
jnHh,0,1,1,0.0
jnHm,1,0,1,1.0
jnHn,0,0,0,
jnIL,0,1,1,0.0
jnIP,1,0,1,1.0
jnIm,0,1,1,0.0
jnKB,0,1,1,0.0
jnLP,0,1,1,0.0
jnLn,0,1,1,0.0
jnMB,1,2,3,0.33
jnMP,0,2,2,0.0
jnMb,1,0,1,1.0
jnMh,0,0,0,
jnMj,1,0,1,1.0
jnMm,1,0,1,1.0
jnMn,1,0,1,1.0
jnNB,0,0,0,
jnNL,3,0,3,1.0
jnNN,1,5,6,0.17
jnNS,1,2,3,0.33
jnNb,1,0,1,1.0
jnNh,1,0,1,1.0
jnNl,1,0,1,1.0
jnNm,0,1,1,0.0
jnNn,0,2,2,0.0
jnNs,0,1,1,0.0
jnPB,1,2,3,0.33
jnPL,1,0,1,1.0
jnPM,0,1,1,0.0
jnPP,4,2,6,0.67
jnPS,1,1,2,0.5
jnPs,0,1,1,0.0
jnPt,0,1,1,0.0
jnSM,0,1,1,0.0
jnSN,1,1,2,0.5
jnSP,0,1,1,0.0
jnSS,1,1,2,0.5
jnSh,1,0,1,1.0
jnSn,1,0,1,1.0
jnSs,0,1,1,0.0
jnbB,0,1,1,0.0
jnbH,0,1,1,0.0
jnbM,1,0,1,1.0
jnbN,0,2,2,0.0
jnbP,1,2,3,0.33
jnbS,1,0,1,1.0
jnbl,0,1,1,0.0
jnbm,2,0,2,1.0
jnbs,1,0,1,1.0
jnlH,1,0,1,1.0
jnlM,0,0,0,
jnlP,1,0,1,1.0
jnmB,0,2,2,0.0
jnmL,0,1,1,0.0
jnmM,0,2,2,0.0
jnmN,2,2,4,0.5
jnmP,1,1,2,0.5
jnmS,1,0,1,1.0
jnmb,0,1,1,0.0
jnms,3,0,3,1.0
jnnB,1,1,2,0.5
jnnH,0,1,1,0.0
jnnI,1,0,1,1.0
jnnL,0,1,1,0.0
jnnP,0,0,0,
jnnS,0,1,1,0.0
jnnb,0,1,1,0.0
jnnn,1,0,1,1.0
jnsM,0,2,2,0.0
jnsN,1,0,1,1.0
jnsS,1,0,1,1.0
jnsb,0,1,1,0.0
jnsl,3,0,3,1.0
jnsm,0,1,1,0.0
jnss,1,0,1,1.0
jsBD,0,1,1,0.0
jsBS,0,1,1,0.0
jsBm,0,1,1,0.0
jsBn,0,0,0,
jsBs,0,1,1,0.0
jsBt,0,0,0,
jsHM,1,0,1,1.0
jsHN,1,0,1,1.0
jsHP,1,0,1,1.0
jsHS,0,2,2,0.0
jsHh,0,0,0,
jsHl,0,1,1,0.0
jsHm,0,2,2,0.0
jsHn,0,1,1,0.0
jsIL,0,1,1,0.0
jsIS,0,0,0,
jsIl,0,1,1,0.0
jsLS,0,1,1,0.0
jsLb,1,1,2,0.5
jsLs,2,1,3,0.67
jsMD,0,1,1,0.0
jsML,0,1,1,0.0
jsMM,0,1,1,0.0
jsMN,1,0,1,1.0
jsMb,0,2,2,0.0
jsMs,0,1,1,0.0
jsNB,0,2,2,0.0
jsNL,0,0,0,
jsNN,1,0,1,1.0
jsNP,0,0,0,
jsNS,1,1,2,0.5
jsNb,0,1,1,0.0
jsNm,1,0,1,1.0
jsNn,0,2,2,0.0
jsPD,0,1,1,0.0
jsPN,1,1,2,0.5
jsPP,1,0,1,1.0
jsPb,2,2,4,0.5
jsPh,0,1,1,0.0
jsPm,0,3,3,0.0
jsPs,1,0,1,1.0
jsSB,0,1,1,0.0
jsSL,0,2,2,0.0
jsSM,0,3,3,0.0
jsSN,1,1,2,0.5
jsSP,0,0,0,
jsSS,1,0,1,1.0
jsSh,1,0,1,1.0
jsSn,0,1,1,0.0
jsSs,1,0,1,1.0
jsbD,1,0,1,1.0
jsbN,0,2,2,0.0
jsbb,0,2,2,0.0
jsbm,1,0,1,1.0
jsbs,1,0,1,1.0
jshn,0,1,1,0.0
jslH,2,0,2,1.0
jslJ,0,0,0,
jslM,0,2,2,0.0
jslb,2,0,2,1.0
jslm,1,0,1,1.0
jsmB,1,0,1,1.0
jsmH,0,1,1,0.0
jsmL,2,0,2,1.0
jsmM,0,1,1,0.0
jsmN,1,0,1,1.0
jsmb,1,0,1,1.0
jsmm,0,0,0,
jsmn,0,1,1,0.0
jsms,1,0,1,1.0
jsnM,0,0,0,
jsnN,1,0,1,1.0
jsnl,0,1,1,0.0
jsns,1,1,2,0.5
jssB,1,0,1,1.0
jssD,1,0,1,1.0
jssI,0,0,0,
jssN,1,0,1,1.0
jssP,1,2,3,0.33
jssb,1,1,2,0.5
jssl,0,0,0,
jsss,0,1,1,0.0
jtBb,0,1,1,0.0
jtDm,0,1,1,0.0
jtHM,0,0,0,
jtHh,0,0,0,
jtIB,0,0,0,
jtNP,0,1,1,0.0
jtPM,1,1,2,0.5
jtPP,1,0,1,1.0
jtPS,0,0,0,
jtPl,0,1,1,0.0
jtSB,1,0,1,1.0
jtSN,1,0,1,1.0
jtlP,0,0,0,
jtsN,1,0,1,1.0
jtsP,0,1,1,0.0
lBBB,1,3,4,0.25
lBBD,1,0,1,1.0
lBBK,1,0,1,1.0
lBBL,2,1,3,0.67
lBBM,4,2,6,0.67
lBBN,3,1,4,0.75
lBBP,2,3,5,0.4
lBBS,2,0,2,1.0
lBBb,1,8,9,0.11
lBBj,2,1,3,0.67
lBBl,1,0,1,1.0
lBBm,3,0,3,1.0
lBBn,5,2,7,0.71
lBBs,1,2,3,0.33
lBBt,1,0,1,1.0
lBDD,0,0,0,
lBDH,0,0,0,
lBDL,1,1,2,0.5
lBDM,0,0,0,
lBDN,1,0,1,1.0
lBDP,0,2,2,0.0
lBDl,1,0,1,1.0
lBDm,2,1,3,0.67
lBDn,1,1,2,0.5
lBDs,1,0,1,1.0
lBHm,1,0,1,1.0
lBKB,2,0,2,1.0
lBKL,1,3,4,0.25
lBKM,0,1,1,0.0
lBKP,0,0,0,
lBKS,1,0,1,1.0
lBKh,0,0,0,
lBKm,2,0,2,1.0
lBKn,1,0,1,1.0
lBKs,1,1,2,0.5
lBLB,1,0,1,1.0
lBLL,1,0,1,1.0
lBLM,0,1,1,0.0
lBLN,3,1,4,0.75
lBLP,1,3,4,0.25
lBLS,0,1,1,0.0
lBLb,0,0,0,
lBLh,0,2,2,0.0
lBLj,0,1,1,0.0
lBLm,3,1,4,0.75
lBLn,1,3,4,0.25
lBLs,0,1,1,0.0
lBMB,3,3,6,0.5
lBMD,0,1,1,0.0
lBMM,4,1,5,0.8
lBMN,5,7,12,0.42
lBMP,5,5,10,0.5
lBMS,4,3,7,0.57
lBMb,1,2,3,0.33
lBMh,1,4,5,0.2
lBMj,0,3,3,0.0
lBMl,2,0,2,1.0
lBMm,6,4,10,0.6
lBMn,6,3,9,0.67
lBMs,2,1,3,0.67
lBNB,1,4,5,0.2
lBNK,0,0,0,
lBNL,0,1,1,0.0
lBNM,2,9,11,0.18
lBNN,0,5,5,0.0
lBNP,6,3,9,0.67
lBNS,4,2,6,0.67
lBNb,1,1,2,0.5
lBNh,1,1,2,0.5
lBNl,1,0,1,1.0
lBNm,5,3,8,0.62
lBNn,4,6,10,0.4
lBNs,4,1,5,0.8
lBNt,1,0,1,1.0
lBPB,1,2,3,0.33
lBPD,2,0,2,1.0
lBPH,1,0,1,1.0
lBPI,0,1,1,0.0
lBPK,0,1,1,0.0
lBPL,0,0,0,
lBPM,0,8,8,0.0
lBPN,7,5,12,0.58
lBPP,9,5,14,0.64
lBPS,3,6,9,0.33
lBPb,6,3,9,0.67
lBPh,0,1,1,0.0
lBPl,4,0,4,1.0
lBPm,5,3,8,0.62
lBPn,5,7,12,0.42
lBPs,5,2,7,0.71
lBSB,2,1,3,0.67
lBSH,0,2,2,0.0
lBSL,1,0,1,1.0
lBSM,2,1,3,0.67
lBSN,5,3,8,0.62
lBSP,4,1,5,0.8
lBSS,1,0,1,1.0
lBSb,3,2,5,0.6
lBSh,3,1,4,0.75
lBSl,1,1,2,0.5
lBSm,1,0,1,1.0
lBSn,6,2,8,0.75
lBSs,2,2,4,0.5
lBSt,0,1,1,0.0
lBbB,1,3,4,0.25
lBbH,0,2,2,0.0
lBbI,2,0,2,1.0
lBbJ,1,2,3,0.33
lBbL,0,1,1,0.0
lBbM,2,5,7,0.29
lBbN,3,0,3,1.0
lBbP,3,2,5,0.6
lBbS,0,1,1,0.0
lBbb,4,2,6,0.67
lBbl,1,1,2,0.5
lBbm,0,2,2,0.0
lBbn,5,5,10,0.5
lBbs,3,0,3,1.0
lBhB,1,0,1,1.0
lBhL,1,0,1,1.0
lBhM,1,0,1,1.0
lBhN,0,2,2,0.0
lBhP,1,1,2,0.5
lBhS,0,2,2,0.0
lBhb,0,1,1,0.0
lBhh,2,0,2,1.0
lBhl,0,1,1,0.0
lBhn,0,0,0,
lBjB,1,1,2,0.5
lBjD,0,1,1,0.0
lBjK,1,0,1,1.0
lBjM,0,1,1,0.0
lBjN,1,1,2,0.5
lBjP,1,0,1,1.0
lBjS,2,0,2,1.0
lBjb,1,1,2,0.5
lBjl,1,1,2,0.5
lBjm,0,3,3,0.0
lBjn,0,0,0,
lBjs,1,0,1,1.0
lBlB,1,0,1,1.0
lBlH,0,3,3,0.0
lBlL,1,1,2,0.5
lBlM,2,1,3,0.67
lBlN,2,0,2,1.0
lBlP,2,1,3,0.67
lBlS,1,0,1,1.0
lBll,1,1,2,0.5
lBlm,0,0,0,
lBln,1,3,4,0.25
lBls,1,1,2,0.5
lBmB,3,4,7,0.43
lBmD,0,1,1,0.0
lBmH,0,3,3,0.0
lBmI,1,0,1,1.0
lBmJ,0,1,1,0.0
lBmL,3,1,4,0.75
lBmM,4,3,7,0.57
lBmN,4,7,11,0.36
lBmP,3,6,9,0.33
lBmS,3,3,6,0.5
lBmb,4,2,6,0.67
lBml,1,1,2,0.5
lBmm,1,4,5,0.2
lBmn,2,4,6,0.33
lBms,5,0,5,1.0
lBnB,3,4,7,0.43
lBnD,0,0,0,
lBnH,3,3,6,0.5
lBnI,0,2,2,0.0
lBnK,0,3,3,0.0
lBnL,0,3,3,0.0
lBnM,5,1,6,0.83
lBnN,9,6,15,0.6
lBnP,3,7,10,0.3
lBnS,4,5,9,0.44
lBnb,5,3,8,0.62
lBnl,1,1,2,0.5
lBnm,7,6,13,0.54
lBnn,5,7,12,0.42
lBns,3,1,4,0.75
lBsB,1,2,3,0.33
lBsH,2,2,4,0.5
lBsI,1,2,3,0.33
lBsL,0,0,0,
lBsM,2,2,4,0.5
lBsN,2,2,4,0.5
lBsP,0,1,1,0.0
lBsS,0,2,2,0.0
lBsb,5,3,8,0.62
lBsl,2,2,4,0.5
lBsm,1,1,2,0.5
lBsn,2,1,3,0.67
lBss,0,2,2,0.0
lBtB,1,0,1,1.0
lBtK,0,0,0,
lBtM,0,0,0,
lBtN,0,1,1,0.0
lBtP,1,3,4,0.25
lBtS,0,1,1,0.0
lBtm,1,0,1,1.0
lBtn,0,1,1,0.0
lBts,0,1,1,0.0
lDBB,0,1,1,0.0
lDBM,4,0,4,1.0
lDBN,2,0,2,1.0
lDBP,0,2,2,0.0
lDBS,1,1,2,0.5
lDBb,1,0,1,1.0
lDBm,2,0,2,1.0
lDBn,1,0,1,1.0
lDDP,2,0,2,1.0
lDDn,0,1,1,0.0
lDHB,0,1,1,0.0
lDHP,1,0,1,1.0
lDHl,0,1,1,0.0
lDHm,0,1,1,0.0
lDHs,1,0,1,1.0
lDIm,0,1,1,0.0
lDLB,0,2,2,0.0
lDLK,0,1,1,0.0
lDLL,1,0,1,1.0
lDLM,1,0,1,1.0
lDLm,0,1,1,0.0
lDMH,0,1,1,0.0
lDMM,2,2,4,0.5
lDMN,1,1,2,0.5
lDMP,2,0,2,1.0
lDMb,1,0,1,1.0
lDMh,0,1,1,0.0
lDMj,0,1,1,0.0
lDMl,0,0,0,
lDMm,1,1,2,0.5
lDMs,0,1,1,0.0
lDNB,2,0,2,1.0
lDNN,1,0,1,1.0
lDNP,0,1,1,0.0
lDNS,1,0,1,1.0
lDNb,1,0,1,1.0
lDNl,1,0,1,1.0
lDNm,2,0,2,1.0
lDPB,1,0,1,1.0
lDPD,0,0,0,
lDPK,0,1,1,0.0
lDPL,0,1,1,0.0
lDPP,0,2,2,0.0
lDPS,0,1,1,0.0
lDPl,1,0,1,1.0
lDPm,1,0,1,1.0
lDPs,0,1,1,0.0
lDSh,0,1,1,0.0
lDSm,0,1,1,0.0
lDSt,0,1,1,0.0
lDbH,0,1,1,0.0
lDbM,1,1,2,0.5
lDbP,1,0,1,1.0
lDbb,1,0,1,1.0
lDbm,0,1,1,0.0
lDbn,0,1,1,0.0
lDhs,0,1,1,0.0
lDlD,1,0,1,1.0
lDlJ,0,1,1,0.0
lDlM,0,1,1,0.0
lDmB,2,0,2,1.0
lDmJ,0,0,0,
lDmL,1,1,2,0.5
lDmM,1,0,1,1.0
lDmN,1,0,1,1.0
lDmP,0,0,0,
lDmS,0,2,2,0.0
lDmb,0,1,1,0.0
lDmm,3,0,3,1.0
lDmn,1,1,2,0.5
lDnH,0,1,1,0.0
lDnM,1,1,2,0.5
lDnN,0,1,1,0.0
lDnP,1,1,2,0.5
lDnb,1,1,2,0.5
lDnl,1,0,1,1.0
lDnm,0,1,1,0.0
lDnn,1,1,2,0.5
lDns,0,0,0,
lDsB,0,1,1,0.0
lDsH,1,0,1,1.0
lDsL,0,0,0,
lDsb,1,1,2,0.5
lDtB,0,0,0,
lDtD,1,0,1,1.0
lDtS,1,1,2,0.5
lHBB,2,5,7,0.29
lHBL,2,0,2,1.0
lHBM,1,2,3,0.33
lHBN,4,2,6,0.67
lHBP,3,1,4,0.75
lHBS,1,1,2,0.5
lHBb,2,2,4,0.5
lHBj,0,2,2,0.0
lHBl,3,0,3,1.0
lHBm,0,3,3,0.0
lHBn,3,2,5,0.6
lHBt,1,0,1,1.0
lHDB,0,1,1,0.0
lHDL,1,0,1,1.0
lHDM,1,0,1,1.0
lHDN,0,1,1,0.0
lHDP,2,1,3,0.67
lHDS,0,1,1,0.0
lHDb,0,1,1,0.0
lHDn,0,1,1,0.0
lHDs,0,1,1,0.0
lHHM,1,0,1,1.0
lHHN,0,1,1,0.0
lHHP,1,0,1,1.0
lHHS,1,1,2,0.5
lHHb,1,0,1,1.0
lHHm,0,0,0,
lHHn,0,1,1,0.0
lHIM,0,1,1,0.0
lHIN,2,0,2,1.0
lHIb,1,0,1,1.0
lHIn,2,0,2,1.0
lHKB,0,1,1,0.0
lHKS,1,0,1,1.0
lHKh,0,0,0,
lHKl,1,1,2,0.5
lHLM,3,1,4,0.75
lHLN,2,1,3,0.67
lHLP,1,2,3,0.33
lHLS,1,3,4,0.25
lHLb,1,0,1,1.0
lHLh,0,1,1,0.0
lHLj,0,0,0,
lHLl,0,2,2,0.0
lHLm,1,2,3,0.33
lHLn,0,2,2,0.0
lHLs,0,1,1,0.0
lHLt,0,1,1,0.0
lHMB,0,1,1,0.0
lHMD,0,1,1,0.0
lHML,0,1,1,0.0
lHMM,3,2,5,0.6
lHMN,1,3,4,0.25
lHMP,2,4,6,0.33
lHMS,1,1,2,0.5
lHMb,2,1,3,0.67
lHMh,0,3,3,0.0
lHMj,2,0,2,1.0
lHMl,2,1,3,0.67
lHMm,1,1,2,0.5
lHMn,1,3,4,0.25
lHMs,0,3,3,0.0
lHNB,1,2,3,0.33
lHND,0,1,1,0.0
lHNL,1,0,1,1.0
lHNM,0,2,2,0.0
lHNN,2,2,4,0.5
lHNP,4,4,8,0.5
lHNS,3,0,3,1.0
lHNb,3,3,6,0.5
lHNh,1,1,2,0.5
lHNl,2,0,2,1.0
lHNm,0,2,2,0.0
lHNn,4,3,7,0.57
lHNs,5,1,6,0.83
lHNt,0,1,1,0.0
lHPB,2,3,5,0.4
lHPH,1,0,1,1.0
lHPL,1,4,5,0.2
lHPM,4,4,8,0.5
lHPN,5,1,6,0.83
lHPP,6,5,11,0.55
lHPS,3,3,6,0.5
lHPb,4,1,5,0.8
lHPh,0,1,1,0.0
lHPl,1,1,2,0.5
lHPm,5,1,6,0.83
lHPn,2,2,4,0.5
lHPs,5,3,8,0.62
lHSB,0,3,3,0.0
lHSD,1,0,1,1.0
lHSH,1,1,2,0.5
lHSL,2,0,2,1.0
lHSM,2,0,2,1.0
lHSN,1,1,2,0.5
lHSP,0,2,2,0.0
lHSS,0,1,1,0.0
lHSb,1,2,3,0.33
lHSh,0,1,1,0.0
lHSl,2,1,3,0.67
lHSm,1,2,3,0.33
lHSn,1,1,2,0.5
lHSs,1,1,2,0.5
lHbB,3,2,5,0.6
lHbD,1,1,2,0.5
lHbK,1,1,2,0.5
lHbL,1,1,2,0.5
lHbM,1,3,4,0.25
lHbN,2,4,6,0.33
lHbP,4,3,7,0.57
lHbb,1,2,3,0.33
lHbl,1,1,2,0.5
lHbm,0,2,2,0.0
lHbn,1,3,4,0.25
lHbs,0,1,1,0.0
lHhH,1,1,2,0.5
lHhL,1,1,2,0.5
lHhN,0,2,2,0.0
lHhP,4,1,5,0.8
lHhS,1,0,1,1.0
lHhb,1,0,1,1.0
lHhh,1,2,3,0.33
lHhl,1,1,2,0.5
lHhs,0,4,4,0.0
lHht,0,1,1,0.0
lHlB,0,2,2,0.0
lHlH,1,0,1,1.0
lHlJ,1,0,1,1.0
lHlM,1,1,2,0.5
lHlN,1,0,1,1.0
lHlP,2,1,3,0.67
lHlS,1,0,1,1.0
lHlb,0,3,3,0.0
lHll,1,0,1,1.0
lHlm,1,0,1,1.0
lHln,0,1,1,0.0
lHls,1,0,1,1.0
lHmB,2,1,3,0.67
lHmD,0,1,1,0.0
lHmH,4,1,5,0.8
lHmJ,1,0,1,1.0
lHmL,1,0,1,1.0
lHmM,3,2,5,0.6
lHmN,1,0,1,1.0
lHmP,5,4,9,0.56
lHmS,1,1,2,0.5
lHmb,6,2,8,0.75
lHml,0,1,1,0.0
lHmm,0,1,1,0.0
lHmn,1,1,2,0.5
lHms,0,1,1,0.0
lHnB,0,3,3,0.0
lHnD,1,1,2,0.5
lHnH,1,1,2,0.5
lHnI,1,2,3,0.33
lHnK,0,2,2,0.0
lHnL,2,2,4,0.5
lHnM,1,2,3,0.33
lHnN,3,2,5,0.6
lHnP,1,1,2,0.5
lHnS,4,3,7,0.57
lHnb,3,1,4,0.75
lHnl,0,4,4,0.0
lHnm,3,0,3,1.0
lHnn,4,3,7,0.57
lHns,1,0,1,1.0
lHsB,2,2,4,0.5
lHsH,0,0,0,
lHsI,1,0,1,1.0
lHsM,3,1,4,0.75
lHsN,0,1,1,0.0
lHsP,1,1,2,0.5
lHsS,3,5,8,0.38
lHsb,2,0,2,1.0
lHsl,1,1,2,0.5
lHsm,2,0,2,1.0
lHsn,3,3,6,0.5
lHss,0,2,2,0.0
lHst,1,0,1,1.0
lHtB,0,1,1,0.0
lHtH,0,1,1,0.0
lHtM,0,0,0,
lHtN,0,1,1,0.0
lHtS,1,0,1,1.0
lHtb,1,0,1,1.0
lHtl,1,0,1,1.0
lHtm,2,0,2,1.0
lHts,1,1,2,0.5
lIBS,1,0,1,1.0
lIBn,1,0,1,1.0
lIDH,1,0,1,1.0
lIDs,1,0,1,1.0
lIHL,0,0,0,
lIHN,1,0,1,1.0
lIHS,1,0,1,1.0
lIHb,0,2,2,0.0
lIHl,0,1,1,0.0
lIHm,0,0,0,
lIHn,0,1,1,0.0
lIIb,1,0,1,1.0
lILN,0,1,1,0.0
lILP,1,0,1,1.0
lILj,1,0,1,1.0
lILl,0,1,1,0.0
lILm,0,1,1,0.0
lIMB,0,1,1,0.0
lIML,0,1,1,0.0
lIMM,1,2,3,0.33
lIMN,0,1,1,0.0
lIMP,1,1,2,0.5
lIMS,0,1,1,0.0
lIMh,1,0,1,1.0
lIMl,0,1,1,0.0
lIMm,1,0,1,1.0
lIMn,0,2,2,0.0
lINB,1,1,2,0.5
lINK,0,0,0,
lINL,1,0,1,1.0
lINN,0,1,1,0.0
lINb,0,0,0,
lINm,1,0,1,1.0
lINs,0,1,1,0.0
lINt,1,0,1,1.0
lIPH,0,1,1,0.0
lIPM,0,1,1,0.0
lIPN,1,0,1,1.0
lIPP,1,0,1,1.0
lIPS,0,1,1,0.0
lIPb,1,0,1,1.0
lIPn,0,1,1,0.0
lIPs,0,0,0,
lISB,2,1,3,0.67
lISM,0,1,1,0.0
lISP,0,2,2,0.0
lISl,1,0,1,1.0
lISs,0,0,0,
lISt,1,0,1,1.0
lIbB,0,1,1,0.0
lIbH,1,0,1,1.0
lIbN,1,0,1,1.0
lIbP,1,1,2,0.5
lIbS,1,0,1,1.0
lIhS,0,1,1,0.0
lIlB,0,1,1,0.0
lIlH,0,0,0,
lIlM,0,1,1,0.0
lIlN,1,0,1,1.0
lIlP,0,2,2,0.0
lIlS,0,1,1,0.0
lIlb,1,0,1,1.0
lIlm,1,0,1,1.0
lIln,1,0,1,1.0
lImB,1,0,1,1.0
lImH,1,1,2,0.5
lImN,1,2,3,0.33
lImn,1,0,1,1.0
lInP,1,0,1,1.0
lInm,0,1,1,0.0
lIsB,2,0,2,1.0
lIsL,1,0,1,1.0
lIsN,0,1,1,0.0
lIsP,1,2,3,0.33
lIsS,0,0,0,
lIsb,1,0,1,1.0
lIss,0,1,1,0.0
lIts,0,0,0,
lJBB,1,1,2,0.5
lJBM,0,2,2,0.0
lJBN,0,1,1,0.0
lJBP,0,2,2,0.0
lJBS,3,1,4,0.75
lJBb,0,1,1,0.0
lJBm,3,1,4,0.75
lJBn,1,1,2,0.5
lJBs,0,1,1,0.0
lJDI,0,1,1,0.0
lJDN,0,1,1,0.0
lJDl,1,0,1,1.0
lJHB,0,2,2,0.0
lJHL,1,0,1,1.0
lJHM,0,3,3,0.0
lJHN,1,2,3,0.33
lJHP,1,2,3,0.33
lJHb,0,2,2,0.0
lJHh,0,0,0,
lJHl,0,0,0,
lJHn,0,1,1,0.0
lJHt,1,0,1,1.0
lJIn,1,0,1,1.0
lJKI,0,0,0,
lJKM,1,0,1,1.0
lJKb,0,1,1,0.0
lJKh,0,1,1,0.0
lJLB,0,1,1,0.0
lJLL,0,1,1,0.0
lJLN,0,1,1,0.0
lJLP,0,1,1,0.0
lJLS,1,0,1,1.0
lJLb,1,0,1,1.0
lJLh,1,0,1,1.0
lJLl,1,1,2,0.5
lJLm,0,0,0,
lJLn,1,0,1,1.0
lJLs,0,1,1,0.0
lJMB,1,1,2,0.5
lJMD,0,1,1,0.0
lJMK,1,0,1,1.0
lJML,2,1,3,0.67
lJMM,0,3,3,0.0
lJMN,0,1,1,0.0
lJMP,0,4,4,0.0
lJMS,1,2,3,0.33
lJMb,0,1,1,0.0
lJMh,1,0,1,1.0
lJMl,1,0,1,1.0
lJMm,4,2,6,0.67
lJMn,2,0,2,1.0
lJMs,2,0,2,1.0
lJNB,1,0,1,1.0
lJND,1,0,1,1.0
lJNI,0,0,0,
lJNL,0,1,1,0.0
lJNM,0,1,1,0.0
lJNN,2,3,5,0.4
lJNP,0,1,1,0.0
lJNS,1,1,2,0.5
lJNb,1,0,1,1.0
lJNh,0,0,0,
lJNl,0,2,2,0.0
lJNm,0,2,2,0.0
lJNn,3,1,4,0.75
lJNs,1,0,1,1.0
lJPB,2,0,2,1.0
lJPK,1,0,1,1.0
lJPL,0,2,2,0.0
lJPM,2,1,3,0.67
lJPN,1,4,5,0.2
lJPP,5,5,10,0.5
lJPS,1,0,1,1.0
lJPb,1,2,3,0.33
lJPl,1,1,2,0.5
lJPm,4,2,6,0.67
lJPn,2,0,2,1.0
lJPs,3,4,7,0.43
lJPt,0,0,0,
lJSB,0,1,1,0.0
lJSH,0,1,1,0.0
lJSL,1,0,1,1.0
lJSM,1,1,2,0.5
lJSP,2,2,4,0.5
lJSS,1,1,2,0.5
lJSb,1,0,1,1.0
lJSh,1,0,1,1.0
lJSl,0,1,1,0.0
lJSm,1,1,2,0.5
lJSn,4,2,6,0.67
lJSs,0,2,2,0.0
lJbB,0,1,1,0.0
lJbI,1,0,1,1.0
lJbL,1,1,2,0.5
lJbM,2,1,3,0.67
lJbN,2,0,2,1.0
lJbP,1,1,2,0.5
lJbb,2,3,5,0.4
lJbl,2,0,2,1.0
lJbn,1,1,2,0.5
lJhB,0,0,0,
lJlB,1,0,1,1.0
lJlL,0,0,0,
lJlM,0,1,1,0.0
lJlP,1,0,1,1.0
lJlS,0,1,1,0.0
lJll,1,0,1,1.0
lJlm,0,1,1,0.0
lJln,1,1,2,0.5
lJls,0,1,1,0.0
lJmD,1,1,2,0.5
lJmH,1,0,1,1.0
lJmM,0,1,1,0.0
lJmN,1,2,3,0.33
lJmP,1,4,5,0.2
lJmS,0,1,1,0.0
lJmb,0,1,1,0.0
lJml,1,0,1,1.0
lJmn,1,1,2,0.5
lJms,1,0,1,1.0
lJnB,0,0,0,
lJnD,0,1,1,0.0
lJnH,1,1,2,0.5
lJnL,1,0,1,1.0
lJnM,1,0,1,1.0
lJnN,1,1,2,0.5
lJnP,3,0,3,1.0
lJnS,0,0,0,
lJnb,1,0,1,1.0
lJnm,2,0,2,1.0
lJnn,0,1,1,0.0
lJns,0,2,2,0.0
lJsB,2,1,3,0.67
lJsM,1,0,1,1.0
lJsN,0,1,1,0.0
lJsP,1,1,2,0.5
lJsb,0,0,0,
lJsl,0,1,1,0.0
lJsm,2,0,2,1.0
lJsn,1,2,3,0.33
lJss,0,1,1,0.0
lJtP,0,1,1,0.0
lJtS,1,0,1,1.0
lJtb,0,1,1,0.0
lJtl,2,0,2,1.0
lKBB,1,0,1,1.0
lKBN,0,1,1,0.0
lKBP,0,1,1,0.0
lKBm,1,0,1,1.0
lKBn,1,0,1,1.0
lKBs,0,1,1,0.0
lKDl,1,0,1,1.0
lKKM,0,1,1,0.0
lKLj,0,1,1,0.0
lKML,0,1,1,0.0
lKMP,1,0,1,1.0
lKMb,1,0,1,1.0
lKNN,0,1,1,0.0
lKPB,1,0,1,1.0
lKPM,0,1,1,0.0
lKPl,1,0,1,1.0
lKPm,0,1,1,0.0
lKSB,0,1,1,0.0
lKSM,0,1,1,0.0
lKSP,1,0,1,1.0
lKbb,0,0,0,
lKbm,0,1,1,0.0
lKbs,0,1,1,0.0
lKhD,0,0,0,
lKhL,1,0,1,1.0
lKhN,0,0,0,
lKhS,1,0,1,1.0
lKhb,0,1,1,0.0
lKhm,1,0,1,1.0
lKhn,1,0,1,1.0
lKmN,0,1,1,0.0
lKmP,1,0,1,1.0
lKmS,0,1,1,0.0
lKmb,2,1,3,0.67
lKnM,2,1,3,0.67
lKnP,0,1,1,0.0
lKnS,0,1,1,0.0
lKnm,0,0,0,
lKnn,0,1,1,0.0
lKsN,0,1,1,0.0
lKsS,0,1,1,0.0
lKss,0,1,1,0.0
lLBB,3,4,7,0.43
lLBK,1,0,1,1.0
lLBM,0,1,1,0.0
lLBN,1,2,3,0.33
lLBP,2,0,2,1.0
lLBb,2,1,3,0.67
lLBl,1,0,1,1.0
lLBm,2,5,7,0.29
lLBn,2,2,4,0.5
lLBs,2,1,3,0.67
lLBt,0,1,1,0.0
lLDH,0,1,1,0.0
lLDm,0,0,0,
lLDn,0,1,1,0.0
lLDs,1,0,1,1.0
lLHM,0,1,1,0.0
lLKB,1,0,1,1.0
lLKL,0,1,1,0.0
lLKN,0,1,1,0.0
lLKP,1,0,1,1.0
lLLB,1,1,2,0.5
lLLN,2,0,2,1.0
lLLP,1,0,1,1.0
lLLb,0,1,1,0.0
lLLh,0,1,1,0.0
lLLm,1,1,2,0.5
lLLn,2,1,3,0.67
lLLs,0,1,1,0.0
lLMB,1,3,4,0.25
lLMD,1,0,1,1.0
lLMK,0,0,0,
lLML,0,0,0,
lLMM,0,1,1,0.0
lLMN,1,2,3,0.33
lLMP,3,1,4,0.75
lLMS,0,0,0,
lLMl,2,1,3,0.67
lLMm,0,3,3,0.0
lLMn,2,2,4,0.5
lLMs,2,1,3,0.67
lLND,0,1,1,0.0
lLNH,0,1,1,0.0
lLNK,0,1,1,0.0
lLNL,0,2,2,0.0
lLNM,0,5,5,0.0
lLNN,3,3,6,0.5
lLNP,2,3,5,0.4
lLNS,1,3,4,0.25
lLNb,0,3,3,0.0
lLNl,3,1,4,0.75
lLNm,1,0,1,1.0
lLNn,1,1,2,0.5
lLNs,0,0,0,
lLPB,1,2,3,0.33
lLPH,1,1,2,0.5
lLPM,4,1,5,0.8
lLPN,2,5,7,0.29
lLPP,3,2,5,0.6
lLPS,2,1,3,0.67
lLPb,1,2,3,0.33
lLPl,0,3,3,0.0
lLPm,4,1,5,0.8
lLPn,1,1,2,0.5
lLPs,2,3,5,0.4
lLSB,0,3,3,0.0
lLSH,2,0,2,1.0
lLSL,1,0,1,1.0
lLSM,0,1,1,0.0
lLSN,2,2,4,0.5
lLSP,2,0,2,1.0
lLSS,5,2,7,0.71
lLSb,1,0,1,1.0
lLSh,1,1,2,0.5
lLSl,1,1,2,0.5
lLSm,0,4,4,0.0
lLSn,3,0,3,1.0
lLSs,0,2,2,0.0
lLSt,0,1,1,0.0
lLbB,2,0,2,1.0
lLbH,1,0,1,1.0
lLbJ,2,0,2,1.0
lLbK,1,1,2,0.5
lLbM,1,1,2,0.5
lLbN,1,1,2,0.5
lLbP,3,3,6,0.5
lLbb,1,0,1,1.0
lLbm,2,0,2,1.0
lLbn,2,3,5,0.4
lLbs,0,1,1,0.0
lLhB,0,1,1,0.0
lLhH,0,0,0,
lLhL,0,1,1,0.0
lLhM,0,1,1,0.0
lLhN,1,0,1,1.0
lLhP,3,1,4,0.75
lLhS,1,0,1,1.0
lLhb,1,0,1,1.0
lLhh,1,1,2,0.5
lLhm,1,0,1,1.0
lLhn,1,0,1,1.0
lLhs,0,1,1,0.0
lLht,2,0,2,1.0
lLjB,0,1,1,0.0
lLjK,1,0,1,1.0
lLjL,2,0,2,1.0
lLjN,1,0,1,1.0
lLjP,0,1,1,0.0
lLjS,1,3,4,0.25
lLjl,0,1,1,0.0
lLjn,0,1,1,0.0
lLlJ,1,0,1,1.0
lLlM,1,1,2,0.5
lLlN,3,1,4,0.75
lLlS,0,1,1,0.0
lLlb,1,1,2,0.5
lLll,0,1,1,0.0
lLlm,1,1,2,0.5
lLln,0,1,1,0.0
lLls,1,1,2,0.5
lLmB,0,3,3,0.0
lLmD,1,0,1,1.0
lLmI,1,0,1,1.0
lLmJ,3,0,3,1.0
lLmM,1,1,2,0.5
lLmN,1,2,3,0.33
lLmP,2,4,6,0.33
lLmS,1,0,1,1.0
lLmb,2,0,2,1.0
lLml,0,1,1,0.0
lLmm,2,4,6,0.33
lLmn,1,0,1,1.0
lLms,0,2,2,0.0
lLnB,1,2,3,0.33
lLnD,1,0,1,1.0
lLnH,1,0,1,1.0
lLnK,0,1,1,0.0
lLnL,0,2,2,0.0
lLnM,2,2,4,0.5
lLnN,2,1,3,0.67
lLnP,6,3,9,0.67
lLnS,3,2,5,0.6
lLnb,5,1,6,0.83
lLnh,0,1,1,0.0
lLnl,4,3,7,0.57
lLnm,2,3,5,0.4
lLnn,3,2,5,0.6
lLns,1,2,3,0.33
lLsB,0,1,1,0.0
lLsH,1,2,3,0.33
lLsL,1,1,2,0.5
lLsM,0,3,3,0.0
lLsN,2,0,2,1.0
lLsP,0,1,1,0.0
lLsS,2,0,2,1.0
lLsm,1,3,4,0.25
lLsn,0,0,0,
lLss,2,0,2,1.0
lLtH,1,0,1,1.0
lLtM,2,2,4,0.5
lLtN,0,0,0,
lLtS,0,1,1,0.0
lLts,1,0,1,1.0
lMBB,5,4,9,0.56
lMBK,0,0,0,
lMBL,0,2,2,0.0
lMBM,2,2,4,0.5
lMBN,3,1,4,0.75
lMBP,6,3,9,0.67
lMBS,0,4,4,0.0
lMBb,4,3,7,0.57
lMBj,1,1,2,0.5
lMBl,3,0,3,1.0
lMBm,2,3,5,0.4
lMBn,5,8,13,0.38
lMBs,1,2,3,0.33
lMBt,0,1,1,0.0
lMDD,1,0,1,1.0
lMDH,1,0,1,1.0
lMDL,0,1,1,0.0
lMDM,1,1,2,0.5
lMDN,0,1,1,0.0
lMDP,3,1,4,0.75
lMDS,1,0,1,1.0
lMDb,0,1,1,0.0
lMDl,1,1,2,0.5
lMDm,1,0,1,1.0
lMDn,1,0,1,1.0
lMDs,1,0,1,1.0
lMIS,1,0,1,1.0
lMKD,1,0,1,1.0
lMKI,1,0,1,1.0
lMKS,0,1,1,0.0
lMLB,1,0,1,1.0
lMLM,1,1,2,0.5
lMLN,2,0,2,1.0
lMLP,1,3,4,0.25
lMLS,1,0,1,1.0
lMLb,0,1,1,0.0
lMLh,1,2,3,0.33
lMLj,2,0,2,1.0
lMLl,1,0,1,1.0
lMLm,1,1,2,0.5
lMLn,4,1,5,0.8
lMLs,0,0,0,
lMLt,1,0,1,1.0
lMMB,2,4,6,0.33
lMMD,1,3,4,0.25
lMML,0,0,0,
lMMM,2,1,3,0.67
lMMN,2,2,4,0.5
lMMP,5,2,7,0.71
lMMS,5,4,9,0.56
lMMb,1,3,4,0.25
lMMh,5,2,7,0.71
lMMj,0,1,1,0.0
lMMm,7,1,8,0.88
lMMn,11,7,18,0.61
lMMs,4,2,6,0.67
lMMt,0,1,1,0.0
lMNB,3,3,6,0.5
lMND,0,1,1,0.0
lMNH,2,0,2,1.0
lMNK,0,3,3,0.0
lMNL,1,2,3,0.33
lMNM,4,5,9,0.44
lMNN,3,6,9,0.33
lMNP,5,4,9,0.56
lMNS,3,2,5,0.6
lMNb,2,3,5,0.4
lMNh,1,0,1,1.0
lMNl,2,0,2,1.0
lMNm,7,2,9,0.78
lMNn,1,5,6,0.17
lMNs,3,4,7,0.43
lMNt,0,0,0,
lMPB,2,0,2,1.0
lMPD,1,0,1,1.0
lMPH,2,1,3,0.67
lMPI,1,1,2,0.5
lMPK,0,2,2,0.0
lMPL,4,1,5,0.8
lMPM,4,6,10,0.4
lMPN,6,7,13,0.46
lMPP,11,8,19,0.58
lMPS,2,3,5,0.4
lMPb,9,5,14,0.64
lMPh,0,2,2,0.0
lMPl,0,3,3,0.0
lMPm,7,7,14,0.5
lMPn,5,4,9,0.56
lMPs,2,7,9,0.22
lMPt,1,1,2,0.5
lMSB,2,2,4,0.5
lMSD,1,0,1,1.0
lMSH,2,2,4,0.5
lMSL,0,0,0,
lMSM,2,4,6,0.33
lMSN,3,2,5,0.6
lMSP,4,3,7,0.57
lMSS,4,3,7,0.57
lMSb,4,1,5,0.8
lMSh,2,1,3,0.67
lMSl,2,2,4,0.5
lMSm,7,1,8,0.88
lMSn,1,7,8,0.12
lMSs,5,1,6,0.83
lMSt,2,0,2,1.0
lMbB,4,2,6,0.67
lMbH,1,0,1,1.0
lMbI,0,2,2,0.0
lMbJ,1,2,3,0.33
lMbL,4,1,5,0.8
lMbM,5,5,10,0.5
lMbN,5,6,11,0.45
lMbP,4,3,7,0.57
lMbS,1,2,3,0.33
lMbb,4,0,4,1.0
lMbl,2,0,2,1.0
lMbm,2,0,2,1.0
lMbn,2,1,3,0.67
lMbs,0,3,3,0.0
lMhB,2,3,5,0.4
lMhD,0,2,2,0.0
lMhH,0,1,1,0.0
lMhL,0,1,1,0.0
lMhM,2,5,7,0.29
lMhN,4,4,8,0.5
lMhP,5,2,7,0.71
lMhS,2,4,6,0.33
lMhb,5,3,8,0.62
lMhh,7,3,10,0.7
lMhl,1,0,1,1.0
lMhm,6,2,8,0.75
lMhn,1,3,4,0.25
lMhs,4,4,8,0.5
lMjB,1,0,1,1.0
lMjD,1,0,1,1.0
lMjM,1,1,2,0.5
lMjP,2,1,3,0.67
lMjS,0,1,1,0.0
lMjl,1,0,1,1.0
lMjn,2,2,4,0.5
lMjs,1,1,2,0.5
lMlB,3,1,4,0.75
lMlD,0,1,1,0.0
lMlH,1,0,1,1.0
lMlK,0,1,1,0.0
lMlM,0,4,4,0.0
lMlN,1,3,4,0.25
lMlP,2,1,3,0.67
lMlS,1,3,4,0.25
lMlb,1,1,2,0.5
lMln,1,0,1,1.0
lMls,2,0,2,1.0
lMmB,3,9,12,0.25
lMmD,0,2,2,0.0
lMmH,3,3,6,0.5
lMmJ,2,0,2,1.0
lMmK,1,0,1,1.0
lMmL,0,2,2,0.0
lMmM,3,5,8,0.38
lMmN,4,4,8,0.5
lMmP,2,8,10,0.2
lMmS,5,2,7,0.71
lMmb,7,6,13,0.54
lMml,2,1,3,0.67
lMmm,8,5,13,0.62
lMmn,4,3,7,0.57
lMms,1,0,1,1.0
lMnB,2,5,7,0.29
lMnD,1,3,4,0.25
lMnH,1,1,2,0.5
lMnI,1,1,2,0.5
lMnL,3,1,4,0.75
lMnM,2,6,8,0.25
lMnN,5,8,13,0.38
lMnP,7,10,17,0.41
lMnS,7,6,13,0.54
lMnb,4,2,6,0.67
lMnh,1,0,1,1.0
lMnl,2,0,2,1.0
lMnm,4,4,8,0.5
lMnn,7,4,11,0.64
lMns,2,0,2,1.0
lMsB,2,2,4,0.5
lMsD,1,2,3,0.33
lMsH,2,2,4,0.5
lMsL,2,2,4,0.5
lMsM,4,3,7,0.57
lMsN,4,1,5,0.8
lMsP,7,5,12,0.58
lMsS,2,8,10,0.2
lMsb,3,0,3,1.0
lMsh,0,1,1,0.0
lMsl,2,0,2,1.0
lMsm,6,3,9,0.67
lMsn,4,3,7,0.57
lMss,1,3,4,0.25
lMtB,1,1,2,0.5
lMtH,0,1,1,0.0
lMtM,0,1,1,0.0
lMtN,0,0,0,
lMtP,1,2,3,0.33
lMtS,0,0,0,
lMtb,1,0,1,1.0
lMtn,0,1,1,0.0
lMts,1,0,1,1.0
lNBB,1,2,3,0.33
lNBD,1,0,1,1.0
lNBK,0,0,0,
lNBL,0,0,0,
lNBM,2,9,11,0.18
lNBN,1,2,3,0.33
lNBP,3,4,7,0.43
lNBS,1,1,2,0.5
lNBb,3,5,8,0.38
lNBh,1,0,1,1.0
lNBj,1,3,4,0.25
lNBl,0,1,1,0.0
lNBm,1,1,2,0.5
lNBn,4,4,8,0.5
lNBs,2,3,5,0.4
lNDH,0,2,2,0.0
lNDM,1,1,2,0.5
lNDN,1,0,1,1.0
lNDP,0,1,1,0.0
lNDS,1,2,3,0.33
lNDb,0,1,1,0.0
lNDm,4,0,4,1.0
lNDn,0,1,1,0.0
lNDs,2,0,2,1.0
lNHB,2,0,2,1.0
lNHH,1,0,1,1.0
lNHK,1,0,1,1.0
lNHM,0,0,0,
lNHN,1,3,4,0.25
lNHP,0,3,3,0.0
lNHS,0,1,1,0.0
lNHb,0,1,1,0.0
lNHm,2,0,2,1.0
lNHn,0,2,2,0.0
lNIM,1,0,1,1.0
lNKM,0,2,2,0.0
lNKN,0,1,1,0.0
lNKP,1,0,1,1.0
lNKS,0,1,1,0.0
lNKb,0,1,1,0.0
lNKh,1,0,1,1.0
lNKn,0,1,1,0.0
lNLB,1,1,2,0.5
lNLH,1,0,1,1.0
lNLM,0,3,3,0.0
lNLN,3,2,5,0.6
lNLP,3,4,7,0.43
lNLS,0,1,1,0.0
lNLb,0,2,2,0.0
lNLh,0,1,1,0.0
lNLj,1,0,1,1.0
lNLl,0,2,2,0.0
lNLm,1,4,5,0.2
lNLn,0,1,1,0.0
lNLs,2,3,5,0.4
lNMB,2,2,4,0.5
lNMD,0,1,1,0.0
lNML,1,0,1,1.0
lNMM,4,4,8,0.5
lNMN,9,7,16,0.56
lNMP,2,5,7,0.29
lNMS,1,2,3,0.33
lNMb,3,4,7,0.43
lNMh,4,6,10,0.4
lNMl,2,1,3,0.67
lNMm,4,9,13,0.31
lNMn,5,2,7,0.71
lNMs,2,2,4,0.5
lNMt,0,1,1,0.0
lNNB,4,6,10,0.4
lNND,1,2,3,0.33
lNNH,0,1,1,0.0
lNNK,1,0,1,1.0
lNNL,2,2,4,0.5
lNNM,4,5,9,0.44
lNNN,6,9,15,0.4
lNNP,10,8,18,0.56
lNNS,5,4,9,0.56
lNNb,4,3,7,0.57
lNNh,1,3,4,0.25
lNNl,1,2,3,0.33
lNNm,8,5,13,0.62
lNNn,5,14,19,0.26
lNNs,5,0,5,1.0
lNNt,0,0,0,
lNPB,6,4,10,0.6
lNPD,2,1,3,0.67
lNPH,1,2,3,0.33
lNPI,1,2,3,0.33
lNPK,1,1,2,0.5
lNPL,3,0,3,1.0
lNPM,8,6,14,0.57
lNPN,5,7,12,0.42
lNPP,9,5,14,0.64
lNPS,7,4,11,0.64
lNPb,6,6,12,0.5
lNPh,2,0,2,1.0
lNPl,5,2,7,0.71
lNPm,8,6,14,0.57
lNPn,10,1,11,0.91
lNPs,3,10,13,0.23
lNPt,1,0,1,1.0
lNSB,2,2,4,0.5
lNSD,0,2,2,0.0
lNSH,1,6,7,0.14
lNSL,0,2,2,0.0
lNSM,3,5,8,0.38
lNSN,2,5,7,0.29
lNSP,5,4,9,0.56
lNSS,2,8,10,0.2
lNSb,1,3,4,0.25
lNSh,0,1,1,0.0
lNSl,1,1,2,0.5
lNSm,5,3,8,0.62
lNSn,3,5,8,0.38
lNSs,6,4,10,0.6
lNbB,6,4,10,0.6
lNbD,0,0,0,
lNbH,1,0,1,1.0
lNbI,1,1,2,0.5
lNbJ,0,2,2,0.0
lNbL,2,1,3,0.67
lNbM,5,4,9,0.56
lNbN,5,8,13,0.38
lNbP,5,4,9,0.56
lNbS,3,3,6,0.5
lNbb,6,4,10,0.6
lNbl,1,2,3,0.33
lNbm,3,2,5,0.6
lNbn,9,1,10,0.9
lNbs,0,2,2,0.0
lNhB,1,0,1,1.0
lNhD,1,0,1,1.0
lNhH,0,0,0,
lNhM,2,1,3,0.67
lNhN,1,1,2,0.5
lNhP,1,1,2,0.5
lNhS,0,0,0,
lNhb,3,0,3,1.0
lNhh,2,0,2,1.0
lNhl,2,1,3,0.67
lNhm,2,3,5,0.4
lNhn,1,2,3,0.33
lNlB,3,5,8,0.38
lNlH,2,3,5,0.4
lNlJ,3,0,3,1.0
lNlM,2,2,4,0.5
lNlN,3,1,4,0.75
lNlP,4,1,5,0.8
lNlS,1,1,2,0.5
lNlb,2,0,2,1.0
lNll,1,0,1,1.0
lNlm,2,2,4,0.5
lNln,0,1,1,0.0
lNmB,2,4,6,0.33
lNmD,2,1,3,0.67
lNmH,0,6,6,0.0
lNmI,1,1,2,0.5
lNmJ,0,0,0,
lNmL,3,4,7,0.43
lNmM,4,11,15,0.27
lNmN,8,5,13,0.62
lNmP,5,5,10,0.5
lNmS,3,1,4,0.75
lNmb,4,4,8,0.5
lNml,0,1,1,0.0
lNmm,8,4,12,0.67
lNmn,4,1,5,0.8
lNms,0,3,3,0.0
lNnB,4,5,9,0.44
lNnD,0,1,1,0.0
lNnH,4,4,8,0.5
lNnI,1,0,1,1.0
lNnK,1,0,1,1.0
lNnL,1,1,2,0.5
lNnM,6,5,11,0.55
lNnN,7,8,15,0.47
lNnP,9,12,21,0.43
lNnS,4,4,8,0.5
lNnb,4,6,10,0.4
lNnh,1,0,1,1.0
lNnl,2,0,2,1.0
lNnm,7,3,10,0.7
lNnn,5,2,7,0.71
lNns,7,3,10,0.7
lNsB,2,1,3,0.67
lNsH,2,2,4,0.5
lNsL,1,0,1,1.0
lNsM,3,2,5,0.6
lNsN,5,1,6,0.83
lNsP,3,6,9,0.33
lNsS,4,2,6,0.67
lNsb,3,0,3,1.0
lNsh,0,1,1,0.0
lNsl,2,0,2,1.0
lNsm,3,1,4,0.75
lNsn,4,5,9,0.44
lNss,2,3,5,0.4
lNtB,1,0,1,1.0
lNtH,1,0,1,1.0
lNtM,2,0,2,1.0
lNtP,0,1,1,0.0
lNtb,2,0,2,1.0
lNtl,1,0,1,1.0
lNtm,2,0,2,1.0
lNtn,0,1,1,0.0
lNts,0,2,2,0.0
lPBB,3,4,7,0.43
lPBD,2,0,2,1.0
lPBK,4,0,4,1.0
lPBL,5,2,7,0.71
lPBM,3,5,8,0.38
lPBN,6,3,9,0.67
lPBP,3,5,8,0.38
lPBS,3,4,7,0.43
lPBb,6,3,9,0.67
lPBj,0,1,1,0.0
lPBl,0,0,0,
lPBm,6,6,12,0.5
lPBn,5,5,10,0.5
lPBs,4,2,6,0.67
lPBt,1,0,1,1.0
lPDB,0,3,3,0.0
lPDH,0,0,0,
lPDL,1,0,1,1.0
lPDM,1,1,2,0.5
lPDN,1,1,2,0.5
lPDP,0,1,1,0.0
lPDS,1,0,1,1.0
lPDm,1,0,1,1.0
lPDn,1,2,3,0.33
lPHB,1,1,2,0.5
lPHI,1,0,1,1.0
lPHL,1,1,2,0.5
lPHM,1,3,4,0.25
lPHN,1,2,3,0.33
lPHP,3,1,4,0.75
lPHS,1,2,3,0.33
lPHb,2,1,3,0.67
lPHl,1,0,1,1.0
lPHm,3,0,3,1.0
lPHn,3,0,3,1.0
lPHs,1,2,3,0.33
lPIB,0,1,1,0.0
lPII,0,1,1,0.0
lPIL,2,0,2,1.0
lPIM,0,1,1,0.0
lPIP,2,0,2,1.0
lPIS,1,0,1,1.0
lPIb,0,1,1,0.0
lPKB,0,1,1,0.0
lPKD,1,0,1,1.0
lPKM,0,3,3,0.0
lPKN,0,1,1,0.0
lPKS,1,0,1,1.0
lPKb,0,1,1,0.0
lPKm,0,1,1,0.0
lPKs,1,0,1,1.0
lPKt,1,0,1,1.0
lPLL,1,3,4,0.25
lPLM,1,1,2,0.5
lPLN,1,0,1,1.0
lPLP,6,0,6,1.0
lPLS,2,0,2,1.0
lPLb,1,3,4,0.25
lPLh,2,5,7,0.29
lPLl,2,0,2,1.0
lPLm,3,2,5,0.6
lPLn,4,5,9,0.44
lPLs,1,0,1,1.0
lPLt,1,2,3,0.33
lPMB,6,5,11,0.55
lPMD,0,1,1,0.0
lPML,3,3,6,0.5
lPMM,3,7,10,0.3
lPMN,2,4,6,0.33
lPMP,4,4,8,0.5
lPMS,3,2,5,0.6
lPMb,4,9,13,0.31
lPMh,6,4,10,0.6
lPMj,0,1,1,0.0
lPMl,2,3,5,0.4
lPMm,6,5,11,0.55
lPMn,4,5,9,0.44
lPMs,2,3,5,0.4
lPMt,2,0,2,1.0
lPNB,7,6,13,0.54
lPND,1,0,1,1.0
lPNH,0,2,2,0.0
lPNK,1,0,1,1.0
lPNL,1,0,1,1.0
lPNM,3,9,12,0.25
lPNN,3,4,7,0.43
lPNP,3,9,12,0.25
lPNS,6,4,10,0.6
lPNb,4,7,11,0.36
lPNh,0,2,2,0.0
lPNl,3,1,4,0.75
lPNm,8,2,10,0.8
lPNn,11,7,18,0.61
lPNs,3,1,4,0.75
lPNt,2,1,3,0.67
lPPB,12,6,18,0.67
lPPD,1,1,2,0.5
lPPH,1,3,4,0.25
lPPI,1,0,1,1.0
lPPK,2,0,2,1.0
lPPL,1,3,4,0.25
lPPM,6,9,15,0.4
lPPN,9,7,16,0.56
lPPP,6,12,18,0.33
lPPS,4,1,5,0.8
lPPb,7,6,13,0.54
lPPh,1,2,3,0.33
lPPl,2,2,4,0.5
lPPm,5,10,15,0.33
lPPn,5,7,12,0.42
lPPs,6,2,8,0.75
lPPt,1,0,1,1.0
lPSB,0,1,1,0.0
lPSD,1,0,1,1.0
lPSH,2,1,3,0.67
lPSL,2,0,2,1.0
lPSM,1,2,3,0.33
lPSN,3,5,8,0.38
lPSP,4,4,8,0.5
lPSS,2,2,4,0.5
lPSb,1,4,5,0.2
lPSh,0,1,1,0.0
lPSl,0,1,1,0.0
lPSm,4,1,5,0.8
lPSn,4,1,5,0.8
lPSs,3,1,4,0.75
lPSt,0,1,1,0.0
lPbB,2,5,7,0.29
lPbH,4,1,5,0.8
lPbI,0,1,1,0.0
lPbJ,1,1,2,0.5
lPbL,2,2,4,0.5
lPbM,5,3,8,0.62
lPbN,4,6,10,0.4
lPbP,5,7,12,0.42
lPbS,1,3,4,0.25
lPbb,5,0,5,1.0
lPbl,2,1,3,0.67
lPbm,6,3,9,0.67
lPbn,7,3,10,0.7
lPbs,1,1,2,0.5
lPhB,0,1,1,0.0
lPhD,0,0,0,
lPhM,2,0,2,1.0
lPhP,1,1,2,0.5
lPhS,1,1,2,0.5
lPhm,1,0,1,1.0
lPlB,2,1,3,0.67
lPlD,1,0,1,1.0
lPlH,1,3,4,0.25
lPlJ,0,0,0,
lPlK,0,1,1,0.0
lPlL,1,0,1,1.0
lPlM,2,0,2,1.0
lPlN,0,3,3,0.0
lPlP,2,4,6,0.33
lPlS,3,2,5,0.6
lPlb,0,2,2,0.0
lPll,1,0,1,1.0
lPlm,2,1,3,0.67
lPln,0,1,1,0.0
lPls,3,0,3,1.0
lPmB,4,4,8,0.5
lPmD,0,1,1,0.0
lPmH,0,5,5,0.0
lPmI,1,0,1,1.0
lPmJ,2,1,3,0.67
lPmL,2,2,4,0.5
lPmM,6,8,14,0.43
lPmN,7,2,9,0.78
lPmP,3,7,10,0.3
lPmS,1,3,4,0.25
lPmb,2,3,5,0.4
lPml,1,2,3,0.33
lPmm,2,3,5,0.4
lPmn,5,3,8,0.62
lPms,1,1,2,0.5
lPnB,1,2,3,0.33
lPnD,1,0,1,1.0
lPnH,1,2,3,0.33
lPnI,0,3,3,0.0
lPnK,2,0,2,1.0
lPnL,0,0,0,
lPnM,2,3,5,0.4
lPnN,4,5,9,0.44
lPnP,6,5,11,0.55
lPnS,2,4,6,0.33
lPnb,2,4,6,0.33
lPnl,3,4,7,0.43
lPnm,3,2,5,0.6
lPnn,3,6,9,0.33
lPns,1,2,3,0.33
lPsB,3,0,3,1.0
lPsH,4,2,6,0.67
lPsI,0,1,1,0.0
lPsL,1,1,2,0.5
lPsM,7,7,14,0.5
lPsN,0,7,7,0.0
lPsP,2,1,3,0.67
lPsS,2,3,5,0.4
lPsb,3,1,4,0.75
lPsl,3,2,5,0.6
lPsm,5,3,8,0.62
lPsn,2,2,4,0.5
lPss,5,3,8,0.62
lPtH,0,1,1,0.0
lPtL,1,0,1,1.0
lPtM,0,2,2,0.0
lPtN,1,0,1,1.0
lPtS,3,0,3,1.0
lPtb,1,1,2,0.5
lPtm,0,2,2,0.0
lPtn,1,1,2,0.5
lPts,0,0,0,
lSBB,2,3,5,0.4
lSBD,0,0,0,
lSBL,2,1,3,0.67
lSBM,1,1,2,0.5
lSBN,3,3,6,0.5
lSBP,1,3,4,0.25
lSBS,1,0,1,1.0
lSBh,3,0,3,1.0
lSBj,1,1,2,0.5
lSBm,2,1,3,0.67
lSBn,4,0,4,1.0
lSBs,0,1,1,0.0
lSDH,1,1,2,0.5
lSDP,1,0,1,1.0
lSDS,0,1,1,0.0
lSDb,1,1,2,0.5
lSDm,0,1,1,0.0
lSDn,1,0,1,1.0
lSDs,1,0,1,1.0
lSHB,1,1,2,0.5
lSHD,0,0,0,
lSHH,0,0,0,
lSHM,1,1,2,0.5
lSHN,2,0,2,1.0
lSHP,0,2,2,0.0
lSHS,1,2,3,0.33
lSHb,1,1,2,0.5
lSHh,1,0,1,1.0
lSHl,0,0,0,
lSHm,1,1,2,0.5
lSHn,0,1,1,0.0
lSIB,0,1,1,0.0
lSIL,0,1,1,0.0
lSIM,1,0,1,1.0
lSIS,0,1,1,0.0
lSKn,1,0,1,1.0
lSLM,0,1,1,0.0
lSLN,1,0,1,1.0
lSLP,3,2,5,0.6
lSLS,1,4,5,0.2
lSLb,2,0,2,1.0
lSLh,0,2,2,0.0
lSLl,2,1,3,0.67
lSLm,4,1,5,0.8
lSLn,2,0,2,1.0
lSLs,2,1,3,0.67
lSLt,1,0,1,1.0
lSMB,4,4,8,0.5
lSMD,0,1,1,0.0
lSML,2,1,3,0.67
lSMM,1,3,4,0.25
lSMN,2,3,5,0.4
lSMP,7,2,9,0.78
lSMS,3,4,7,0.43
lSMb,2,3,5,0.4
lSMh,3,4,7,0.43
lSMj,0,1,1,0.0
lSMl,0,1,1,0.0
lSMm,3,3,6,0.5
lSMn,4,3,7,0.57
lSMs,5,2,7,0.71
lSMt,1,0,1,1.0
lSNB,3,2,5,0.6
lSNK,0,1,1,0.0
lSNL,2,0,2,1.0
lSNM,0,4,4,0.0
lSNN,3,7,10,0.3
lSNP,2,3,5,0.4
lSNS,1,7,8,0.12
lSNb,3,3,6,0.5
lSNh,1,0,1,1.0
lSNl,1,1,2,0.5
lSNm,3,1,4,0.75
lSNn,5,3,8,0.62
lSNs,2,2,4,0.5
lSNt,1,1,2,0.5
lSPB,2,7,9,0.22
lSPH,0,1,1,0.0
lSPL,4,2,6,0.67
lSPM,2,5,7,0.29
lSPN,3,1,4,0.75
lSPP,6,11,17,0.35
lSPS,2,6,8,0.25
lSPb,4,1,5,0.8
lSPh,1,1,2,0.5
lSPl,2,0,2,1.0
lSPm,4,3,7,0.57
lSPn,3,1,4,0.75
lSPs,0,0,0,
lSPt,0,1,1,0.0
lSSB,7,2,9,0.78
lSSD,0,2,2,0.0
lSSH,2,0,2,1.0
lSSL,1,0,1,1.0
lSSM,4,4,8,0.5
lSSN,1,1,2,0.5
lSSP,3,1,4,0.75
lSSS,3,5,8,0.38
lSSh,2,3,5,0.4
lSSl,1,1,2,0.5
lSSm,5,3,8,0.62
lSSn,4,0,4,1.0
lSSs,8,9,17,0.47
lSSt,0,0,0,
lSbB,2,1,3,0.67
lSbH,2,1,3,0.67
lSbJ,2,1,3,0.67
lSbM,4,2,6,0.67
lSbN,2,2,4,0.5
lSbP,3,1,4,0.75
lSbS,3,2,5,0.6
lSbb,0,4,4,0.0
lSbl,0,1,1,0.0
lSbm,1,2,3,0.33
lSbn,1,3,4,0.25
lSbs,1,1,2,0.5
lShB,2,1,3,0.67
lShH,0,1,1,0.0
lShM,2,0,2,1.0
lShN,1,1,2,0.5
lShP,0,1,1,0.0
lShS,2,1,3,0.67
lShb,1,0,1,1.0
lShh,3,0,3,1.0
lShl,0,2,2,0.0
lShm,0,1,1,0.0
lShn,0,5,5,0.0
lShs,0,2,2,0.0
lSht,0,1,1,0.0
lSlB,1,0,1,1.0
lSlD,1,0,1,1.0
lSlH,0,1,1,0.0
lSlJ,1,0,1,1.0
lSlM,1,1,2,0.5
lSlN,3,0,3,1.0
lSlP,3,3,6,0.5
lSlS,0,3,3,0.0
lSlb,2,1,3,0.67
lSlm,3,1,4,0.75
lSln,1,1,2,0.5
lSls,0,1,1,0.0
lSmB,3,2,5,0.6
lSmH,3,2,5,0.6
lSmI,0,1,1,0.0
lSmJ,1,2,3,0.33
lSmL,1,1,2,0.5
lSmM,1,5,6,0.17
lSmN,3,0,3,1.0
lSmP,5,7,12,0.42
lSmS,2,6,8,0.25
lSmb,5,1,6,0.83
lSml,3,2,5,0.6
lSmm,5,2,7,0.71
lSmn,1,3,4,0.25
lSms,3,1,4,0.75
lSnB,2,3,5,0.4
lSnD,1,0,1,1.0
lSnH,3,2,5,0.6
lSnI,1,1,2,0.5
lSnK,0,1,1,0.0
lSnL,0,0,0,
lSnM,2,4,6,0.33
lSnN,4,3,7,0.57
lSnP,6,4,10,0.6
lSnS,0,5,5,0.0
lSnb,0,3,3,0.0
lSnl,0,1,1,0.0
lSnm,3,3,6,0.5
lSnn,2,2,4,0.5
lSns,0,3,3,0.0
lSsB,0,1,1,0.0
lSsD,1,1,2,0.5
lSsH,7,3,10,0.7
lSsK,0,1,1,0.0
lSsL,1,2,3,0.33
lSsM,4,2,6,0.67
lSsN,4,1,5,0.8
lSsP,5,4,9,0.56
lSsS,2,5,7,0.29
lSsb,3,2,5,0.6
lSsm,6,6,12,0.5
lSsn,0,1,1,0.0
lSss,7,2,9,0.78
lStH,0,0,0,
lStM,0,3,3,0.0
lStP,1,0,1,1.0
lStl,1,0,1,1.0
lStm,0,1,1,0.0
lStn,1,0,1,1.0
lSts,2,0,2,1.0
lStt,1,0,1,1.0
lbBB,6,5,11,0.55
lbBL,1,0,1,1.0
lbBM,5,5,10,0.5
lbBN,6,4,10,0.6
lbBP,6,3,9,0.67
lbBS,4,3,7,0.57
lbBb,2,2,4,0.5
lbBh,1,0,1,1.0
lbBj,1,0,1,1.0
lbBm,1,2,3,0.33
lbBn,7,8,15,0.47
lbBs,3,2,5,0.6
lbBt,0,1,1,0.0
lbDB,0,0,0,
lbDM,0,1,1,0.0
lbDP,0,1,1,0.0
lbDb,1,1,2,0.5
lbDm,1,0,1,1.0
lbDn,0,1,1,0.0
lbHB,0,3,3,0.0
lbHN,0,1,1,0.0
lbHP,2,4,6,0.33
lbHS,2,1,3,0.67
lbHb,1,1,2,0.5
lbHs,0,0,0,
lbIB,1,0,1,1.0
lbIM,0,0,0,
lbIN,0,1,1,0.0
lbIb,0,0,0,
lbIm,3,0,3,1.0
lbJB,0,1,1,0.0
lbJD,0,1,1,0.0
lbJH,1,0,1,1.0
lbJL,0,0,0,
lbJM,3,1,4,0.75
lbJN,0,1,1,0.0
lbJP,2,3,5,0.4
lbJb,2,1,3,0.67
lbJh,0,1,1,0.0
lbJl,1,0,1,1.0
lbJm,1,0,1,1.0
lbJn,0,1,1,0.0
lbKB,1,0,1,1.0
lbKD,0,0,0,
lbKM,0,0,0,
lbKP,1,2,3,0.33
lbKm,2,0,2,1.0
lbKn,2,0,2,1.0
lbKs,2,0,2,1.0
lbLD,0,1,1,0.0
lbLL,1,1,2,0.5
lbLM,4,1,5,0.8
lbLN,1,2,3,0.33
lbLP,2,1,3,0.67
lbLS,1,1,2,0.5
lbLb,2,1,3,0.67
lbLm,0,2,2,0.0
lbLn,4,5,9,0.44
lbLs,2,2,4,0.5
lbMB,1,4,5,0.2
lbML,0,0,0,
lbMM,4,1,5,0.8
lbMN,4,3,7,0.57
lbMP,2,4,6,0.33
lbMS,4,0,4,1.0
lbMb,2,4,6,0.33
lbMh,3,1,4,0.75
lbMl,1,0,1,1.0
lbMm,4,2,6,0.67
lbMn,5,6,11,0.45
lbMs,4,0,4,1.0
lbNB,5,4,9,0.56
lbNH,0,1,1,0.0
lbNM,2,8,10,0.2
lbNN,4,3,7,0.57
lbNP,6,10,16,0.38
lbNS,3,4,7,0.43
lbNb,3,4,7,0.43
lbNh,1,0,1,1.0
lbNl,1,0,1,1.0
lbNm,0,8,8,0.0
lbNn,4,4,8,0.5
lbNs,2,3,5,0.4
lbNt,0,2,2,0.0
lbPB,2,5,7,0.29
lbPD,2,0,2,1.0
lbPH,3,1,4,0.75
lbPI,1,1,2,0.5
lbPK,1,0,1,1.0
lbPL,3,2,5,0.6
lbPM,3,7,10,0.3
lbPN,9,10,19,0.47
lbPP,6,5,11,0.55
lbPS,5,1,6,0.83
lbPb,6,4,10,0.6
lbPh,2,1,3,0.67
lbPl,2,3,5,0.4
lbPm,5,5,10,0.5
lbPn,4,3,7,0.57
lbPs,3,4,7,0.43
lbPt,1,0,1,1.0
lbSB,1,1,2,0.5
lbSH,4,2,6,0.67
lbSL,1,2,3,0.33
lbSM,0,2,2,0.0
lbSN,1,0,1,1.0
lbSP,1,3,4,0.25
lbSS,1,0,1,1.0
lbSb,3,0,3,1.0
lbSh,1,0,1,1.0
lbSl,1,0,1,1.0
lbSm,6,2,8,0.75
lbSn,1,1,2,0.5
lbSs,1,1,2,0.5
lbSt,0,0,0,
lbbB,4,2,6,0.67
lbbD,0,1,1,0.0
lbbH,3,1,4,0.75
lbbI,1,0,1,1.0
lbbL,2,0,2,1.0
lbbM,7,3,10,0.7
lbbN,4,8,12,0.33
lbbP,4,5,9,0.44
lbbS,3,4,7,0.43
lbbb,6,3,9,0.67
lbbl,1,0,1,1.0
lbbm,5,7,12,0.42
lbbn,5,7,12,0.42
lbbs,3,0,3,1.0
lblB,0,2,2,0.0
lblD,0,1,1,0.0
lblH,1,2,3,0.33
lblJ,0,0,0,
lblM,1,2,3,0.33
lblN,2,0,2,1.0
lblP,1,1,2,0.5
lblS,0,2,2,0.0
lblb,0,1,1,0.0
lbll,1,0,1,1.0
lblm,1,1,2,0.5
lbls,3,2,5,0.6
lbmB,6,2,8,0.75
lbmD,2,0,2,1.0
lbmH,2,2,4,0.5
lbmJ,1,0,1,1.0
lbmL,1,3,4,0.25
lbmM,3,4,7,0.43
lbmN,3,5,8,0.38
lbmP,2,0,2,1.0
lbmS,2,1,3,0.67
lbmb,4,6,10,0.4
lbml,0,1,1,0.0
lbmm,2,2,4,0.5
lbmn,3,2,5,0.6
lbms,1,2,3,0.33
lbnB,4,3,7,0.57
lbnH,1,1,2,0.5
lbnI,1,0,1,1.0
lbnK,0,1,1,0.0
lbnL,1,1,2,0.5
lbnM,7,2,9,0.78
lbnN,7,3,10,0.7
lbnP,5,6,11,0.45
lbnS,2,1,3,0.67
lbnb,5,1,6,0.83
lbnh,0,0,0,
lbnl,1,1,2,0.5
lbnm,2,3,5,0.4
lbnn,3,4,7,0.43
lbns,1,0,1,1.0
lbsB,2,0,2,1.0
lbsH,1,1,2,0.5
lbsM,2,2,4,0.5
lbsN,2,1,3,0.67
lbsP,3,0,3,1.0
lbsS,2,5,7,0.29
lbsb,1,2,3,0.33
lbsl,1,0,1,1.0
lbsm,1,1,2,0.5
lbsn,3,1,4,0.75
lbss,0,1,1,0.0
lhBb,1,0,1,1.0
lhIb,0,1,1,0.0
lhMM,0,1,1,0.0
lhMm,1,0,1,1.0
lhNM,1,0,1,1.0
lhSM,1,0,1,1.0
lhhM,0,0,0,
lhhh,0,0,0,
lhmS,0,0,0,
lhnS,1,0,1,1.0
lhtt,1,0,1,1.0
llBB,2,3,5,0.4
llBK,1,1,2,0.5
llBM,2,3,5,0.4
llBP,1,2,3,0.33
llBS,1,2,3,0.33
llBb,1,1,2,0.5
llBh,1,0,1,1.0
llBm,1,1,2,0.5
llBn,2,1,3,0.67
llBs,0,3,3,0.0
llDB,2,0,2,1.0
llHK,1,0,1,1.0
llHL,1,0,1,1.0
llHM,1,1,2,0.5
llHN,1,0,1,1.0
llHP,0,1,1,0.0
llHS,0,1,1,0.0
llHb,1,1,2,0.5
llHh,1,1,2,0.5
llHm,1,2,3,0.33
llHn,1,2,3,0.33
llHs,0,0,0,
llIN,1,0,1,1.0
llIb,1,0,1,1.0
llJB,0,1,1,0.0
llJD,1,0,1,1.0
llJK,0,0,0,
llJM,2,1,3,0.67
llJN,1,2,3,0.33
llJP,1,0,1,1.0
llJS,0,1,1,0.0
llKB,0,0,0,
llKP,2,0,2,1.0
llKs,0,1,1,0.0
llLB,0,0,0,
llLL,0,1,1,0.0
llLM,0,1,1,0.0
llLP,0,2,2,0.0
llLS,1,0,1,1.0
llLb,0,0,0,
llLh,2,0,2,1.0
llLj,1,0,1,1.0
llLl,0,1,1,0.0
llLs,1,0,1,1.0
llLt,1,0,1,1.0
llMB,0,3,3,0.0
llMM,2,0,2,1.0
llMN,1,0,1,1.0
llMP,0,4,4,0.0
llMS,2,1,3,0.67
llMb,1,1,2,0.5
llMh,1,2,3,0.33
llMj,0,0,0,
llMl,0,0,0,
llMm,1,1,2,0.5
llMn,0,2,2,0.0
llMs,1,2,3,0.33
llMt,1,0,1,1.0
llNB,1,0,1,1.0
llNH,1,0,1,1.0
llNM,2,1,3,0.67
llNN,1,4,5,0.2
llNP,2,1,3,0.67
llNS,0,1,1,0.0
llNb,1,1,2,0.5
llNh,1,0,1,1.0
llNm,2,1,3,0.67
llNn,1,1,2,0.5
llPB,1,0,1,1.0
llPD,0,1,1,0.0
llPH,1,1,2,0.5
llPI,1,0,1,1.0
llPL,1,1,2,0.5
llPM,2,2,4,0.5
llPN,1,0,1,1.0
llPb,3,5,8,0.38
llPl,1,0,1,1.0
llPm,0,2,2,0.0
llPn,2,2,4,0.5
llPs,1,0,1,1.0
llPt,0,2,2,0.0
llSB,2,0,2,1.0
llSL,0,2,2,0.0
llSM,1,1,2,0.5
llSN,1,0,1,1.0
llSP,1,1,2,0.5
llSS,2,1,3,0.67
llSl,0,0,0,
llSm,1,2,3,0.33
llSn,1,0,1,1.0
llSs,1,1,2,0.5
llSt,0,1,1,0.0
llbB,0,0,0,
llbJ,0,1,1,0.0
llbL,1,0,1,1.0
llbM,1,1,2,0.5
llbN,2,2,4,0.5
llbP,3,1,4,0.75
llbS,1,1,2,0.5
llbb,3,4,7,0.43
llbl,0,0,0,
llbm,3,0,3,1.0
llbn,1,2,3,0.33
llbs,2,1,3,0.67
lllB,1,0,1,1.0
lllJ,0,0,0,
lllL,1,0,1,1.0
lllM,1,0,1,1.0
lllN,2,0,2,1.0
lllb,0,0,0,
lllm,0,0,0,
llln,1,0,1,1.0
llls,0,1,1,0.0
llmB,0,1,1,0.0
llmD,0,1,1,0.0
llmH,0,1,1,0.0
llmM,1,3,4,0.25
llmN,1,2,3,0.33
llmP,2,3,5,0.4
llmS,1,0,1,1.0
llmb,2,1,3,0.67
llml,2,0,2,1.0
llmm,1,2,3,0.33
llmn,0,1,1,0.0
llnB,1,1,2,0.5
llnH,0,2,2,0.0
llnI,1,0,1,1.0
llnK,1,0,1,1.0
llnL,0,1,1,0.0
llnM,2,0,2,1.0
llnN,3,2,5,0.6
llnP,0,3,3,0.0
llnS,1,1,2,0.5
llnb,0,0,0,
llnl,1,0,1,1.0
llnn,2,0,2,1.0
llsB,1,0,1,1.0
llsH,0,1,1,0.0
llsM,0,2,2,0.0
llsN,1,1,2,0.5
llsP,2,1,3,0.67
llsS,1,0,1,1.0
llsb,0,2,2,0.0
llsl,1,2,3,0.33
llsm,0,1,1,0.0
llsn,0,0,0,
llss,1,0,1,1.0
lmBB,2,2,4,0.5
lmBD,0,0,0,
lmBL,2,0,2,1.0
lmBM,7,3,10,0.7
lmBN,7,4,11,0.64
lmBP,6,3,9,0.67
lmBS,2,0,2,1.0
lmBb,4,1,5,0.8
lmBh,1,0,1,1.0
lmBj,0,4,4,0.0
lmBm,6,5,11,0.55
lmBn,8,4,12,0.67
lmBs,3,3,6,0.5
lmBt,0,2,2,0.0
lmDB,1,1,2,0.5
lmDM,1,0,1,1.0
lmDN,0,0,0,
lmDP,0,1,1,0.0
lmDS,0,0,0,
lmDb,1,0,1,1.0
lmDl,1,0,1,1.0
lmDm,1,2,3,0.33
lmDn,0,1,1,0.0
lmDs,1,0,1,1.0
lmDt,0,1,1,0.0
lmHB,2,2,4,0.5
lmHD,1,1,2,0.5
lmHL,2,1,3,0.67
lmHM,2,4,6,0.33
lmHN,6,2,8,0.75
lmHP,6,2,8,0.75
lmHS,0,1,1,0.0
lmHb,3,3,6,0.5
lmHh,1,1,2,0.5
lmHl,3,0,3,1.0
lmHm,1,4,5,0.2
lmHn,4,4,8,0.5
lmHs,4,2,6,0.67
lmIB,1,0,1,1.0
lmID,0,1,1,0.0
lmIN,2,0,2,1.0
lmIP,1,0,1,1.0
lmIS,1,0,1,1.0
lmIb,0,1,1,0.0
lmJH,0,1,1,0.0
lmJL,1,0,1,1.0
lmJM,1,0,1,1.0
lmJN,1,0,1,1.0
lmJP,0,1,1,0.0
lmJS,0,0,0,
lmJb,0,1,1,0.0
lmJm,0,1,1,0.0
lmJn,2,0,2,1.0
lmJs,0,1,1,0.0
lmKm,0,2,2,0.0
lmKn,0,1,1,0.0
lmLB,3,1,4,0.75
lmLD,1,0,1,1.0
lmLL,1,0,1,1.0
lmLM,3,5,8,0.38
lmLN,2,2,4,0.5
lmLP,2,3,5,0.4
lmLS,0,1,1,0.0
lmLb,1,1,2,0.5
lmLh,0,2,2,0.0
lmLj,0,1,1,0.0
lmLl,0,1,1,0.0
lmLm,1,1,2,0.5
lmLn,2,1,3,0.67
lmLs,0,2,2,0.0
lmMB,5,0,5,1.0
lmMD,2,1,3,0.67
lmML,0,1,1,0.0
lmMM,4,2,6,0.67
lmMN,8,4,12,0.67
lmMP,7,7,14,0.5
lmMS,1,2,3,0.33
lmMb,4,1,5,0.8
lmMh,1,2,3,0.33
lmMl,1,0,1,1.0
lmMm,2,6,8,0.25
lmMn,4,7,11,0.36
lmMs,5,2,7,0.71
lmMt,1,3,4,0.25
lmNB,4,3,7,0.57
lmNK,0,1,1,0.0
lmNL,2,3,5,0.4
lmNM,5,2,7,0.71
lmNN,3,4,7,0.43
lmNP,6,8,14,0.43
lmNS,4,4,8,0.5
lmNb,6,4,10,0.6
lmNh,1,2,3,0.33
lmNl,2,1,3,0.67
lmNm,7,7,14,0.5
lmNn,8,3,11,0.73
lmNs,1,5,6,0.17
lmNt,2,1,3,0.67
lmPB,8,7,15,0.53
lmPH,0,2,2,0.0
lmPK,2,0,2,1.0
lmPL,3,1,4,0.75
lmPM,3,5,8,0.38
lmPN,3,4,7,0.43
lmPP,2,11,13,0.15
lmPS,3,2,5,0.6
lmPb,6,3,9,0.67
lmPh,1,2,3,0.33
lmPl,2,2,4,0.5
lmPm,4,5,9,0.44
lmPn,7,4,11,0.64
lmPs,2,2,4,0.5
lmSB,2,1,3,0.67
lmSD,0,1,1,0.0
lmSH,0,0,0,
lmSL,0,1,1,0.0
lmSM,4,2,6,0.67
lmSN,0,1,1,0.0
lmSP,5,0,5,1.0
lmSS,3,1,4,0.75
lmSb,3,3,6,0.5
lmSh,0,1,1,0.0
lmSl,0,0,0,
lmSm,3,4,7,0.43
lmSn,2,0,2,1.0
lmSs,1,5,6,0.17
lmSt,0,2,2,0.0
lmbB,4,6,10,0.4
lmbH,0,1,1,0.0
lmbI,1,0,1,1.0
lmbJ,1,2,3,0.33
lmbL,1,1,2,0.5
lmbM,4,3,7,0.57
lmbN,5,6,11,0.45
lmbP,2,7,9,0.22
lmbS,1,2,3,0.33
lmbb,1,3,4,0.25
lmbl,0,1,1,0.0
lmbm,4,3,7,0.57
lmbn,4,1,5,0.8
lmlB,2,2,4,0.5
lmlD,1,0,1,1.0
lmlH,1,1,2,0.5
lmlJ,0,1,1,0.0
lmlM,2,1,3,0.67
lmlN,2,1,3,0.67
lmlP,3,3,6,0.5
lmlb,2,1,3,0.67
lmll,0,0,0,
lmlm,1,1,2,0.5
lmln,0,1,1,0.0
lmls,1,1,2,0.5
lmmB,3,2,5,0.6
lmmD,1,0,1,1.0
lmmH,0,2,2,0.0
lmmI,1,0,1,1.0
lmmJ,2,0,2,1.0
lmmL,2,3,5,0.4
lmmM,1,0,1,1.0
lmmN,7,5,12,0.58
lmmP,3,5,8,0.38
lmmS,3,1,4,0.75
lmmb,6,3,9,0.67
lmmh,0,0,0,
lmml,4,1,5,0.8
lmmm,4,1,5,0.8
lmmn,4,3,7,0.57
lmms,3,1,4,0.75
lmnB,2,6,8,0.25
lmnD,0,0,0,
lmnH,1,1,2,0.5
lmnK,1,0,1,1.0
lmnL,1,0,1,1.0
lmnM,4,4,8,0.5
lmnN,5,5,10,0.5
lmnP,2,2,4,0.5
lmnS,1,2,3,0.33
lmnb,2,4,6,0.33
lmnl,1,2,3,0.33
lmnm,0,3,3,0.0
lmnn,7,1,8,0.88
lmns,0,2,2,0.0
lmsB,2,1,3,0.67
lmsD,1,0,1,1.0
lmsH,2,3,5,0.4
lmsM,2,3,5,0.4
lmsN,2,1,3,0.67
lmsP,1,3,4,0.25
lmsS,1,1,2,0.5
lmsb,2,1,3,0.67
lmsm,2,1,3,0.67
lmsn,1,1,2,0.5
lmss,0,0,0,
lnBB,1,1,2,0.5
lnBH,0,0,0,
lnBK,0,0,0,
lnBL,3,2,5,0.6
lnBM,1,5,6,0.17
lnBN,3,2,5,0.6
lnBP,3,2,5,0.6
lnBS,1,0,1,1.0
lnBb,1,5,6,0.17
lnBh,0,0,0,
lnBj,0,2,2,0.0
lnBl,2,1,3,0.67
lnBm,9,3,12,0.75
lnBn,7,2,9,0.78
lnBs,1,2,3,0.33
lnDB,0,0,0,
lnDM,3,0,3,1.0
lnDP,1,0,1,1.0
lnDS,0,0,0,
lnDb,0,1,1,0.0
lnDl,0,0,0,
lnDn,0,1,1,0.0
lnDs,0,2,2,0.0
lnHB,3,2,5,0.6
lnHD,0,1,1,0.0
lnHH,1,0,1,1.0
lnHM,0,3,3,0.0
lnHN,3,1,4,0.75
lnHP,2,1,3,0.67
lnHS,1,1,2,0.5
lnHb,3,2,5,0.6
lnHh,1,0,1,1.0
lnHl,1,0,1,1.0
lnHm,2,3,5,0.4
lnHn,3,1,4,0.75
lnHs,1,2,3,0.33
lnIB,0,1,1,0.0
lnID,1,0,1,1.0
lnIM,1,0,1,1.0
lnIN,0,0,0,
lnIP,1,0,1,1.0
lnIb,0,0,0,
lnIl,1,0,1,1.0
lnIm,1,2,3,0.33
lnIn,1,0,1,1.0
lnIs,0,0,0,
lnKB,0,1,1,0.0
lnKH,1,0,1,1.0
lnKN,1,0,1,1.0
lnKl,0,1,1,0.0
lnKm,1,0,1,1.0
lnLB,0,0,0,
lnLL,1,1,2,0.5
lnLM,2,1,3,0.67
lnLN,1,1,2,0.5
lnLP,0,1,1,0.0
lnLS,1,0,1,1.0
lnLb,2,0,2,1.0
lnLh,1,0,1,1.0
lnLl,0,3,3,0.0
lnLm,2,1,3,0.67
lnLn,2,2,4,0.5
lnLs,0,1,1,0.0
lnLt,1,0,1,1.0
lnMB,1,3,4,0.25
lnMD,0,1,1,0.0
lnMK,1,0,1,1.0
lnML,3,1,4,0.75
lnMM,3,3,6,0.5
lnMN,2,2,4,0.5
lnMP,5,5,10,0.5
lnMS,3,6,9,0.33
lnMb,1,2,3,0.33
lnMh,1,5,6,0.17
lnMj,0,1,1,0.0
lnMl,0,1,1,0.0
lnMm,4,6,10,0.4
lnMn,5,3,8,0.62
lnMs,1,1,2,0.5
lnMt,1,0,1,1.0
lnNB,6,0,6,1.0
lnND,0,1,1,0.0
lnNK,0,1,1,0.0
lnNL,2,2,4,0.5
lnNM,2,9,11,0.18
lnNN,6,5,11,0.55
lnNP,8,4,12,0.67
lnNS,4,2,6,0.67
lnNb,2,3,5,0.4
lnNh,2,0,2,1.0
lnNl,0,1,1,0.0
lnNm,3,5,8,0.38
lnNn,9,8,17,0.53
lnNs,3,1,4,0.75
lnNt,1,3,4,0.25
lnPB,3,7,10,0.3
lnPD,0,1,1,0.0
lnPH,1,1,2,0.5
lnPI,0,1,1,0.0
lnPK,1,1,2,0.5
lnPL,2,4,6,0.33
lnPM,5,9,14,0.36
lnPN,5,4,9,0.56
lnPP,5,8,13,0.38
lnPS,6,1,7,0.86
lnPb,5,6,11,0.45
lnPh,1,2,3,0.33
lnPl,4,2,6,0.67
lnPm,10,4,14,0.71
lnPn,9,5,14,0.64
lnPs,7,3,10,0.7
lnPt,2,1,3,0.67
lnSB,1,4,5,0.2
lnSH,3,3,6,0.5
lnSL,1,1,2,0.5
lnSM,2,1,3,0.67
lnSN,1,1,2,0.5
lnSP,2,5,7,0.29
lnSS,1,3,4,0.25
lnSb,3,2,5,0.6
lnSh,2,1,3,0.67
lnSl,0,3,3,0.0
lnSm,5,6,11,0.45
lnSn,5,1,6,0.83
lnSs,2,2,4,0.5
lnSt,1,0,1,1.0
lnbB,5,5,10,0.5
lnbD,1,0,1,1.0
lnbH,0,1,1,0.0
lnbJ,0,2,2,0.0
lnbK,1,1,2,0.5
lnbL,1,1,2,0.5
lnbM,7,5,12,0.58
lnbN,3,3,6,0.5
lnbP,4,4,8,0.5
lnbS,0,1,1,0.0
lnbb,1,1,2,0.5
lnbl,3,0,3,1.0
lnbm,1,0,1,1.0
lnbn,2,3,5,0.4
lnbs,0,2,2,0.0
lnhb,0,0,0,
lnhn,0,1,1,0.0
lnlB,2,0,2,1.0
lnlD,1,0,1,1.0
lnlL,0,2,2,0.0
lnlM,1,3,4,0.25
lnlN,4,4,8,0.5
lnlP,0,2,2,0.0
lnlS,1,0,1,1.0
lnlb,2,3,5,0.4
lnlh,0,1,1,0.0
lnlm,0,1,1,0.0
lnln,2,0,2,1.0
lnmB,4,3,7,0.57
lnmD,2,1,3,0.67
lnmH,0,1,1,0.0
lnmJ,0,2,2,0.0
lnmL,0,1,1,0.0
lnmM,1,4,5,0.2
lnmN,4,2,6,0.67
lnmP,5,2,7,0.71
lnmS,4,2,6,0.67
lnmb,3,4,7,0.43
lnml,1,1,2,0.5
lnmm,5,1,6,0.83
lnmn,3,3,6,0.5
lnms,3,1,4,0.75
lnnB,2,4,6,0.33
lnnD,0,1,1,0.0
lnnH,0,1,1,0.0
lnnI,0,1,1,0.0
lnnL,2,2,4,0.5
lnnM,5,0,5,1.0
lnnN,5,4,9,0.56
lnnP,4,7,11,0.36
lnnS,2,1,3,0.67
lnnb,4,3,7,0.57
lnnl,0,1,1,0.0
lnnm,1,4,5,0.2
lnnn,3,2,5,0.6
lnns,2,6,8,0.25
lnsB,0,1,1,0.0
lnsH,1,3,4,0.25
lnsI,1,0,1,1.0
lnsL,2,0,2,1.0
lnsM,1,4,5,0.2
lnsN,0,4,4,0.0
lnsP,2,0,2,1.0
lnsS,0,2,2,0.0
lnsb,1,1,2,0.5
lnsh,1,0,1,1.0
lnsl,1,1,2,0.5
lnsm,3,0,3,1.0
lnsn,1,0,1,1.0
lntM,0,0,0,
lsBB,0,1,1,0.0
lsBD,0,1,1,0.0
lsBK,1,0,1,1.0
lsBL,0,1,1,0.0
lsBM,2,1,3,0.67
lsBN,1,2,3,0.33
lsBP,3,1,4,0.75
lsBS,1,0,1,1.0
lsBb,0,0,0,
lsBj,1,0,1,1.0
lsBl,0,0,0,
lsBm,2,4,6,0.33
lsBn,1,2,3,0.33
lsBs,0,1,1,0.0
lsBt,1,0,1,1.0
lsDB,0,1,1,0.0
lsDD,1,0,1,1.0
lsDH,1,2,3,0.33
lsDM,0,3,3,0.0
lsDN,3,1,4,0.75
lsDP,1,0,1,1.0
lsDb,0,1,1,0.0
lsDl,1,0,1,1.0
lsDm,0,1,1,0.0
lsDs,0,0,0,
lsHB,2,3,5,0.4
lsHK,0,0,0,
lsHL,0,1,1,0.0
lsHM,0,2,2,0.0
lsHN,2,0,2,1.0
lsHP,3,2,5,0.6
lsHS,3,5,8,0.38
lsHb,4,0,4,1.0
lsHl,0,1,1,0.0
lsHm,6,3,9,0.67
lsHn,2,1,3,0.67
lsHs,2,0,2,1.0
lsIL,0,0,0,
lsIP,1,2,3,0.33
lsIS,0,1,1,0.0
lsIb,0,0,0,
lsKb,0,1,1,0.0
lsKl,1,0,1,1.0
lsLL,0,0,0,
lsLM,3,0,3,1.0
lsLN,2,0,2,1.0
lsLP,1,2,3,0.33
lsLS,1,2,3,0.33
lsLb,0,2,2,0.0
lsLj,1,0,1,1.0
lsLm,5,0,5,1.0
lsLn,1,2,3,0.33
lsLs,1,1,2,0.5
lsMB,4,4,8,0.5
lsMD,1,0,1,1.0
lsML,0,2,2,0.0
lsMM,1,1,2,0.5
lsMN,3,2,5,0.6
lsMP,3,0,3,1.0
lsMS,1,3,4,0.25
lsMb,4,7,11,0.36
lsMh,1,3,4,0.25
lsMj,0,0,0,
lsMm,2,5,7,0.29
lsMn,2,2,4,0.5
lsMs,1,3,4,0.25
lsNB,1,1,2,0.5
lsNH,0,1,1,0.0
lsNK,0,1,1,0.0
lsNL,0,2,2,0.0
lsNM,2,2,4,0.5
lsNN,1,3,4,0.25
lsNP,3,2,5,0.6
lsNS,0,1,1,0.0
lsNb,3,0,3,1.0
lsNh,3,0,3,1.0
lsNl,2,2,4,0.5
lsNm,1,0,1,1.0
lsNn,0,6,6,0.0
lsNs,1,2,3,0.33
lsPB,2,1,3,0.67
lsPH,1,0,1,1.0
lsPI,0,1,1,0.0
lsPL,1,2,3,0.33
lsPM,4,4,8,0.5
lsPN,3,2,5,0.6
lsPP,4,2,6,0.67
lsPS,1,2,3,0.33
lsPb,3,1,4,0.75
lsPh,0,0,0,
lsPl,5,2,7,0.71
lsPm,0,1,1,0.0
lsPn,1,3,4,0.25
lsPs,3,6,9,0.33
lsPt,0,0,0,
lsSB,0,1,1,0.0
lsSD,0,0,0,
lsSH,2,1,3,0.67
lsSM,2,2,4,0.5
lsSN,1,5,6,0.17
lsSP,2,6,8,0.25
lsSS,2,7,9,0.22
lsSb,1,1,2,0.5
lsSh,1,5,6,0.17
lsSl,0,1,1,0.0
lsSm,4,1,5,0.8
lsSn,1,4,5,0.2
lsSs,5,0,5,1.0
lsSt,2,0,2,1.0
lsbH,1,0,1,1.0
lsbI,0,1,1,0.0
lsbJ,1,0,1,1.0
lsbK,0,0,0,
lsbL,1,0,1,1.0
lsbM,2,1,3,0.67
lsbN,2,0,2,1.0
lsbP,5,3,8,0.62
lsbS,1,3,4,0.25
lsbb,4,4,8,0.5
lsbl,1,0,1,1.0
lsbm,2,1,3,0.67
lsbn,3,4,7,0.43
lsbs,1,0,1,1.0
lshB,1,1,2,0.5
lshH,1,1,2,0.5
lshN,0,1,1,0.0
lshP,0,1,1,0.0
lshm,1,1,2,0.5
lslB,1,1,2,0.5
lslH,0,0,0,
lslJ,1,0,1,1.0
lslL,0,2,2,0.0
lslN,2,2,4,0.5
lslP,0,1,1,0.0
lslS,0,1,1,0.0
lslb,1,1,2,0.5
lslm,2,0,2,1.0
lsln,2,0,2,1.0
lsls,1,0,1,1.0
lsmB,4,2,6,0.67
lsmH,2,3,5,0.4
lsmI,0,1,1,0.0
lsmJ,1,2,3,0.33
lsmL,3,3,6,0.5
lsmM,4,5,9,0.44
lsmN,2,7,9,0.22
lsmP,3,2,5,0.6
lsmS,1,2,3,0.33
lsmb,2,4,6,0.33
lsml,0,1,1,0.0
lsmm,2,0,2,1.0
lsmn,1,3,4,0.25
lsms,1,2,3,0.33
lsnB,1,0,1,1.0
lsnH,1,0,1,1.0
lsnL,0,1,1,0.0
lsnM,5,3,8,0.62
lsnN,3,2,5,0.6
lsnP,4,0,4,1.0
lsnS,3,0,3,1.0
lsnb,1,3,4,0.25
lsnm,3,0,3,1.0
lsnn,0,2,2,0.0
lsns,1,0,1,1.0
lsnt,0,1,1,0.0
lssB,1,1,2,0.5
lssD,2,0,2,1.0
lssH,0,2,2,0.0
lssI,0,1,1,0.0
lssL,1,0,1,1.0
lssM,0,4,4,0.0
lssN,3,1,4,0.75
lssP,4,1,5,0.8
lssS,5,3,8,0.62
lssb,1,0,1,1.0
lssl,0,1,1,0.0
lssm,3,1,4,0.75
lssn,0,1,1,0.0
lsss,2,2,4,0.5
lsst,0,1,1,0.0
mBBB,10,9,19,0.53
mBBD,1,1,2,0.5
mBBK,0,0,0,
mBBL,3,3,6,0.5
mBBM,3,8,11,0.27
mBBN,11,16,27,0.41
mBBP,16,6,22,0.73
mBBS,8,6,14,0.57
mBBb,9,9,18,0.5
mBBh,1,3,4,0.25
mBBj,3,2,5,0.6
mBBl,4,2,6,0.67
mBBm,12,12,24,0.5
mBBn,11,14,25,0.44
mBBs,8,5,13,0.62
mBBt,1,1,2,0.5
mBDB,3,1,4,0.75
mBDD,2,1,3,0.67
mBDH,0,2,2,0.0
mBDI,1,0,1,1.0
mBDL,2,0,2,1.0
mBDM,1,4,5,0.2
mBDN,4,1,5,0.8
mBDP,2,4,6,0.33
mBDS,3,3,6,0.5
mBDb,2,1,3,0.67
mBDh,1,0,1,1.0
mBDl,0,0,0,
mBDm,2,4,6,0.33
mBDn,2,2,4,0.5
mBDs,1,1,2,0.5
mBDt,1,1,2,0.5
mBHD,1,0,1,1.0
mBHM,1,0,1,1.0
mBHS,0,0,0,
mBIM,1,0,1,1.0
mBKB,0,1,1,0.0
mBKH,1,0,1,1.0
mBKL,1,0,1,1.0
mBKM,1,0,1,1.0
mBKN,0,0,0,
mBKP,0,2,2,0.0
mBKS,0,1,1,0.0
mBKb,1,2,3,0.33
mBKh,1,3,4,0.25
mBKl,1,1,2,0.5
mBKm,2,2,4,0.5
mBKn,1,1,2,0.5
mBKs,1,1,2,0.5
mBKt,0,0,0,
mBLB,4,1,5,0.8
mBLD,1,0,1,1.0
mBLL,1,2,3,0.33
mBLM,1,4,5,0.2
mBLN,3,2,5,0.6
mBLP,3,8,11,0.27
mBLS,1,3,4,0.25
mBLb,4,1,5,0.8
mBLh,1,1,2,0.5
mBLj,0,1,1,0.0
mBLl,2,0,2,1.0
mBLm,5,4,9,0.56
mBLn,7,7,14,0.5
mBLs,1,1,2,0.5
mBLt,0,1,1,0.0
mBMB,7,10,17,0.41
mBMD,1,1,2,0.5
mBMH,1,0,1,1.0
mBML,5,2,7,0.71
mBMM,13,15,28,0.46
mBMN,9,11,20,0.45
mBMP,11,11,22,0.5
mBMS,4,9,13,0.31
mBMb,7,13,20,0.35
mBMh,7,9,16,0.44
mBMj,2,4,6,0.33
mBMl,4,4,8,0.5
mBMm,18,8,26,0.69
mBMn,10,9,19,0.53
mBMs,4,6,10,0.4
mBMt,0,1,1,0.0
mBNB,16,22,38,0.42
mBND,4,4,8,0.5
mBNH,1,1,2,0.5
mBNI,0,1,1,0.0
mBNK,3,0,3,1.0
mBNL,1,3,4,0.25
mBNM,8,15,23,0.35
mBNN,11,23,34,0.32
mBNP,22,20,42,0.52
mBNS,13,18,31,0.42
mBNb,18,9,27,0.67
mBNh,5,0,5,1.0
mBNl,1,5,6,0.17
mBNm,16,10,26,0.62
mBNn,28,21,49,0.57
mBNs,11,8,19,0.58
mBNt,3,0,3,1.0
mBPB,9,10,19,0.47
mBPD,3,2,5,0.6
mBPH,5,3,8,0.62
mBPI,0,1,1,0.0
mBPK,5,1,6,0.83
mBPL,5,2,7,0.71
mBPM,16,16,32,0.5
mBPN,14,13,27,0.52
mBPP,20,24,44,0.45
mBPS,10,10,20,0.5
mBPb,17,12,29,0.59
mBPh,2,1,3,0.67
mBPl,5,4,9,0.56
mBPm,11,17,28,0.39
mBPn,11,13,24,0.46
mBPs,8,9,17,0.47
mBPt,0,3,3,0.0
mBSB,10,3,13,0.77
mBSD,3,1,4,0.75
mBSH,4,7,11,0.36
mBSI,1,0,1,1.0
mBSL,1,2,3,0.33
mBSM,9,8,17,0.53
mBSN,7,9,16,0.44
mBSP,12,8,20,0.6
mBSS,6,9,15,0.4
mBSb,5,6,11,0.45
mBSh,6,2,8,0.75
mBSl,1,1,2,0.5
mBSm,7,2,9,0.78
mBSn,6,10,16,0.38
mBSs,7,15,22,0.32
mBSt,2,0,2,1.0
mBbB,14,5,19,0.74
mBbD,2,2,4,0.5
mBbH,2,5,7,0.29
mBbI,1,2,3,0.33
mBbJ,1,3,4,0.25
mBbK,0,1,1,0.0
mBbL,4,2,6,0.67
mBbM,6,11,17,0.35
mBbN,10,14,24,0.42
mBbP,17,5,22,0.77
mBbS,5,8,13,0.38
mBbb,13,11,24,0.54
mBbl,2,5,7,0.29
mBbm,5,7,12,0.42
mBbn,12,4,16,0.75
mBbs,6,3,9,0.67
mBhB,4,2,6,0.67
mBhD,0,0,0,
mBhH,0,1,1,0.0
mBhL,1,0,1,1.0
mBhM,1,2,3,0.33
mBhN,2,2,4,0.5
mBhP,2,3,5,0.4
mBhS,1,1,2,0.5
mBhb,1,0,1,1.0
mBhh,3,1,4,0.75
mBhm,2,4,6,0.33
mBhn,0,3,3,0.0
mBhs,2,2,4,0.5
mBjB,1,2,3,0.33
mBjD,1,0,1,1.0
mBjH,2,1,3,0.67
mBjI,1,0,1,1.0
mBjL,1,1,2,0.5
mBjM,2,4,6,0.33
mBjN,9,0,9,1.0
mBjP,3,4,7,0.43
mBjS,1,3,4,0.25
mBjb,4,3,7,0.57
mBjh,1,0,1,1.0
mBjm,3,3,6,0.5
mBjn,2,3,5,0.4
mBjs,3,2,5,0.6
mBjt,0,0,0,
mBlB,2,1,3,0.67
mBlD,0,1,1,0.0
mBlH,2,2,4,0.5
mBlJ,4,0,4,1.0
mBlL,3,0,3,1.0
mBlM,2,1,3,0.67
mBlN,8,4,12,0.67
mBlP,2,1,3,0.67
mBlS,1,2,3,0.33
mBlb,2,0,2,1.0
mBll,0,1,1,0.0
mBlm,5,3,8,0.62
mBln,2,4,6,0.33
mBls,2,1,3,0.67
mBmB,5,15,20,0.25
mBmD,6,3,9,0.67
mBmH,9,7,16,0.56
mBmI,1,2,3,0.33
mBmJ,1,2,3,0.33
mBmK,0,0,0,
mBmL,4,4,8,0.5
mBmM,9,15,24,0.38
mBmN,10,14,24,0.42
mBmP,12,16,28,0.43
mBmS,7,9,16,0.44
mBmb,9,14,23,0.39
mBml,3,2,5,0.6
mBmm,15,15,30,0.5
mBmn,17,18,35,0.49
mBms,11,9,20,0.55
mBnB,11,11,22,0.5
mBnD,2,2,4,0.5
mBnH,8,4,12,0.67
mBnI,2,2,4,0.5
mBnK,1,3,4,0.25
mBnL,1,3,4,0.25
mBnM,19,20,39,0.49
mBnN,19,21,40,0.48
mBnP,22,22,44,0.5
mBnS,6,12,18,0.33
mBnb,14,14,28,0.5
mBnh,1,1,2,0.5
mBnl,3,3,6,0.5
mBnm,9,17,26,0.35
mBnn,28,17,45,0.62
mBns,9,8,17,0.53
mBsB,2,5,7,0.29
mBsD,3,0,3,1.0
mBsH,5,9,14,0.36
mBsI,0,1,1,0.0
mBsL,2,1,3,0.67
mBsM,9,4,13,0.69
mBsN,5,12,17,0.29
mBsP,4,9,13,0.31
mBsS,10,5,15,0.67
mBsb,8,6,14,0.57
mBsl,0,4,4,0.0
mBsm,5,9,14,0.36
mBsn,12,7,19,0.63
mBss,7,6,13,0.54
mBtB,2,3,5,0.4
mBtH,0,1,1,0.0
mBtL,2,0,2,1.0
mBtM,3,1,4,0.75
mBtN,1,1,2,0.5
mBtP,2,0,2,1.0
mBtS,1,3,4,0.25
mBtb,1,3,4,0.25
mBtl,0,1,1,0.0
mBtm,2,2,4,0.5
mBtn,1,1,2,0.5
mBts,2,3,5,0.4
mBtt,0,1,1,0.0
mDBB,3,3,6,0.5
mDBD,0,4,4,0.0
mDBK,2,1,3,0.67
mDBL,0,1,1,0.0
mDBM,4,5,9,0.44
mDBN,5,1,6,0.83
mDBP,2,4,6,0.33
mDBS,3,0,3,1.0
mDBb,2,2,4,0.5
mDBh,1,0,1,1.0
mDBj,1,0,1,1.0
mDBl,2,0,2,1.0
mDBm,6,4,10,0.6
mDBn,6,2,8,0.75
mDBs,1,5,6,0.17
mDBt,0,0,0,
mDDB,1,1,2,0.5
mDDD,2,1,3,0.67
mDDH,1,1,2,0.5
mDDI,1,0,1,1.0
mDDL,1,1,2,0.5
mDDM,2,3,5,0.4
mDDN,2,0,2,1.0
mDDP,0,2,2,0.0
mDDS,3,0,3,1.0
mDDb,0,1,1,0.0
mDDl,0,1,1,0.0
mDDm,1,4,5,0.2
mDDn,4,0,4,1.0
mDDs,2,3,5,0.4
mDHB,4,1,5,0.8
mDHD,3,2,5,0.6
mDHH,0,3,3,0.0
mDHI,0,0,0,
mDHL,1,0,1,1.0
mDHM,0,3,3,0.0
mDHN,1,2,3,0.33
mDHP,3,1,4,0.75
mDHS,4,4,8,0.5
mDHb,5,1,6,0.83
mDHh,0,4,4,0.0
mDHl,2,1,3,0.67
mDHm,5,8,13,0.38
mDHn,2,3,5,0.4
mDHs,3,1,4,0.75
mDHt,3,0,3,1.0
mDIB,1,0,1,1.0
mDID,0,1,1,0.0
mDIH,1,1,2,0.5
mDIM,1,0,1,1.0
mDIP,1,0,1,1.0
mDIb,0,0,0,
mDIl,1,0,1,1.0
mDIn,1,0,1,1.0
mDKB,1,0,1,1.0
mDKP,1,0,1,1.0
mDLB,0,1,1,0.0
mDLL,0,0,0,
mDLM,0,2,2,0.0
mDLN,1,1,2,0.5
mDLP,2,1,3,0.67
mDLS,2,0,2,1.0
mDLb,0,1,1,0.0
mDLm,0,2,2,0.0
mDLs,0,1,1,0.0
mDLt,1,0,1,1.0
mDMB,4,1,5,0.8
mDMD,3,0,3,1.0
mDMM,3,7,10,0.3
mDMN,9,2,11,0.82
mDMP,3,1,4,0.75
mDMS,7,7,14,0.5
mDMb,5,3,8,0.62
mDMh,3,6,9,0.33
mDMj,0,0,0,
mDMl,3,1,4,0.75
mDMm,9,6,15,0.6
mDMn,5,4,9,0.56
mDMs,4,6,10,0.4
mDMt,0,1,1,0.0
mDNB,1,2,3,0.33
mDND,1,0,1,1.0
mDNH,2,0,2,1.0
mDNK,2,0,2,1.0
mDNL,0,1,1,0.0
mDNM,3,3,6,0.5
mDNN,5,5,10,0.5
mDNP,3,5,8,0.38
mDNS,5,2,7,0.71
mDNb,1,5,6,0.17
mDNh,0,1,1,0.0
mDNl,1,2,3,0.33
mDNm,1,4,5,0.2
mDNn,3,4,7,0.43
mDNs,0,0,0,
mDNt,1,0,1,1.0
mDPB,4,2,6,0.67
mDPD,1,1,2,0.5
mDPH,1,1,2,0.5
mDPI,1,0,1,1.0
mDPK,2,0,2,1.0
mDPL,1,2,3,0.33
mDPM,3,3,6,0.5
mDPN,2,3,5,0.4
mDPP,11,5,16,0.69
mDPS,3,3,6,0.5
mDPb,4,1,5,0.8
mDPl,2,0,2,1.0
mDPm,3,4,7,0.43
mDPn,7,2,9,0.78
mDPs,3,1,4,0.75
mDPt,1,0,1,1.0
mDSB,1,2,3,0.33
mDSD,1,0,1,1.0
mDSH,1,1,2,0.5
mDSI,2,0,2,1.0
mDSK,1,1,2,0.5
mDSL,0,1,1,0.0
mDSM,6,4,10,0.6
mDSN,1,4,5,0.2
mDSP,4,6,10,0.4
mDSS,2,10,12,0.17
mDSb,2,3,5,0.4
mDSh,3,0,3,1.0
mDSl,2,0,2,1.0
mDSm,5,2,7,0.71
mDSn,3,0,3,1.0
mDSs,3,4,7,0.43
mDbB,4,1,5,0.8
mDbD,1,0,1,1.0
mDbI,1,1,2,0.5
mDbJ,0,1,1,0.0
mDbL,1,2,3,0.33
mDbM,1,4,5,0.2
mDbN,4,1,5,0.8
mDbP,1,0,1,1.0
mDbS,2,0,2,1.0
mDbb,2,2,4,0.5
mDbl,1,2,3,0.33
mDbm,7,2,9,0.78
mDbn,4,3,7,0.57
mDbs,0,0,0,
mDhB,1,0,1,1.0
mDhK,0,1,1,0.0
mDhN,0,0,0,
mDhP,0,2,2,0.0
mDhS,0,1,1,0.0
mDlB,0,1,1,0.0
mDlH,0,2,2,0.0
mDlJ,1,0,1,1.0
mDlL,3,0,3,1.0
mDlN,2,1,3,0.67
mDlP,1,0,1,1.0
mDlS,1,0,1,1.0
mDlb,1,2,3,0.33
mDll,1,0,1,1.0
mDlm,1,2,3,0.33
mDls,0,1,1,0.0
mDmB,1,9,10,0.1
mDmD,1,3,4,0.25
mDmH,6,0,6,1.0
mDmI,0,0,0,
mDmJ,0,1,1,0.0
mDmL,1,1,2,0.5
mDmM,4,4,8,0.5
mDmN,12,3,15,0.8
mDmP,3,3,6,0.5
mDmS,3,7,10,0.3
mDmb,3,4,7,0.43
mDmh,0,1,1,0.0
mDml,4,1,5,0.8
mDmm,7,5,12,0.58
mDmn,5,2,7,0.71
mDms,6,3,9,0.67
mDnB,1,3,4,0.25
mDnD,1,1,2,0.5
mDnH,4,0,4,1.0
mDnL,0,2,2,0.0
mDnM,4,0,4,1.0
mDnN,3,3,6,0.5
mDnP,2,5,7,0.29
mDnS,7,2,9,0.78
mDnb,2,1,3,0.67
mDnm,3,4,7,0.43
mDnn,2,6,8,0.25
mDns,0,3,3,0.0
mDsB,2,1,3,0.67
mDsD,0,2,2,0.0
mDsH,5,1,6,0.83
mDsM,3,1,4,0.75
mDsN,4,6,10,0.4
mDsP,3,1,4,0.75
mDsS,2,1,3,0.67
mDsb,0,2,2,0.0
mDsm,0,1,1,0.0
mDsn,1,1,2,0.5
mDss,1,3,4,0.25
mDtB,0,0,0,
mDtH,1,0,1,1.0
mDtM,0,2,2,0.0
mDtN,2,1,3,0.67
mDtP,0,1,1,0.0
mDtm,1,1,2,0.5
mDtn,1,0,1,1.0
mDts,1,0,1,1.0
mHBB,10,3,13,0.77
mHBD,0,2,2,0.0
mHBH,0,1,1,0.0
mHBK,1,2,3,0.33
mHBL,0,6,6,0.0
mHBM,10,15,25,0.4
mHBN,8,13,21,0.38
mHBP,12,7,19,0.63
mHBS,7,4,11,0.64
mHBb,11,7,18,0.61
mHBh,1,2,3,0.33
mHBj,0,2,2,0.0
mHBl,4,4,8,0.5
mHBm,11,5,16,0.69
mHBn,8,10,18,0.44
mHBs,8,3,11,0.73
mHBt,1,1,2,0.5
mHDB,3,1,4,0.75
mHDD,1,0,1,1.0
mHDH,3,1,4,0.75
mHDL,2,2,4,0.5
mHDM,1,0,1,1.0
mHDN,3,1,4,0.75
mHDP,2,3,5,0.4
mHDS,3,3,6,0.5
mHDb,2,1,3,0.67
mHDh,0,1,1,0.0
mHDl,1,0,1,1.0
mHDm,2,3,5,0.4
mHDn,1,1,2,0.5
mHDs,0,1,1,0.0
mHHB,2,1,3,0.67
mHHD,1,0,1,1.0
mHHH,1,1,2,0.5
mHHK,1,0,1,1.0
mHHM,3,0,3,1.0
mHHN,2,1,3,0.67
mHHP,1,1,2,0.5
mHHS,1,1,2,0.5
mHHb,2,4,6,0.33
mHHl,1,0,1,1.0
mHHm,4,3,7,0.57
mHHn,0,2,2,0.0
mHHs,1,1,2,0.5
mHIB,0,1,1,0.0
mHID,1,0,1,1.0
mHIH,0,4,4,0.0
mHIM,1,3,4,0.25
mHIN,2,2,4,0.5
mHIP,0,2,2,0.0
mHIS,0,2,2,0.0
mHIb,1,1,2,0.5
mHIm,3,3,6,0.5
mHIn,0,1,1,0.0
mHIs,1,0,1,1.0
mHIt,0,2,2,0.0
mHKB,1,1,2,0.5
mHKD,0,1,1,0.0
mHKI,1,0,1,1.0
mHKL,2,0,2,1.0
mHKM,0,2,2,0.0
mHKN,2,1,3,0.67
mHKP,0,1,1,0.0
mHKm,1,1,2,0.5
mHKs,0,1,1,0.0
mHLB,1,1,2,0.5
mHLK,0,1,1,0.0
mHLL,0,1,1,0.0
mHLM,3,1,4,0.75
mHLN,2,5,7,0.29
mHLP,4,4,8,0.5
mHLS,0,1,1,0.0
mHLb,1,3,4,0.25
mHLh,0,2,2,0.0
mHLj,0,1,1,0.0
mHLl,2,2,4,0.5
mHLm,4,4,8,0.5
mHLn,3,4,7,0.43
mHLs,2,1,3,0.67
mHMB,11,14,25,0.44
mHMD,1,2,3,0.33
mHML,0,2,2,0.0
mHMM,7,15,22,0.32
mHMN,4,11,15,0.27
mHMP,10,13,23,0.43
mHMS,6,6,12,0.5
mHMb,6,6,12,0.5
mHMh,9,6,15,0.6
mHMj,3,1,4,0.75
mHMl,2,6,8,0.25
mHMm,19,10,29,0.66
mHMn,13,12,25,0.52
mHMs,9,8,17,0.53
mHMt,2,1,3,0.67
mHNB,8,11,19,0.42
mHND,2,2,4,0.5
mHNH,5,4,9,0.56
mHNK,1,1,2,0.5
mHNL,0,3,3,0.0
mHNM,13,9,22,0.59
mHNN,11,9,20,0.55
mHNP,16,14,30,0.53
mHNS,7,7,14,0.5
mHNb,9,8,17,0.53
mHNh,1,7,8,0.12
mHNl,4,2,6,0.67
mHNm,15,3,18,0.83
mHNn,10,13,23,0.43
mHNs,14,4,18,0.78
mHNt,1,1,2,0.5
mHPB,14,12,26,0.54
mHPD,3,0,3,1.0
mHPH,4,4,8,0.5
mHPI,0,2,2,0.0
mHPK,2,0,2,1.0
mHPL,4,2,6,0.67
mHPM,9,13,22,0.41
mHPN,12,9,21,0.57
mHPP,10,16,26,0.38
mHPS,9,4,13,0.69
mHPb,9,12,21,0.43
mHPh,1,5,6,0.17
mHPl,4,4,8,0.5
mHPm,16,13,29,0.55
mHPn,16,11,27,0.59
mHPs,11,9,20,0.55
mHPt,1,4,5,0.2
mHSB,3,7,10,0.3
mHSD,4,1,5,0.8
mHSH,2,3,5,0.4
mHSI,2,0,2,1.0
mHSL,2,1,3,0.67
mHSM,10,9,19,0.53
mHSN,5,8,13,0.38
mHSP,7,10,17,0.41
mHSS,11,9,20,0.55
mHSb,6,2,8,0.75
mHSh,3,5,8,0.38
mHSl,0,2,2,0.0
mHSm,2,6,8,0.25
mHSn,5,7,12,0.42
mHSs,9,6,15,0.6
mHSt,0,1,1,0.0
mHbB,4,7,11,0.36
mHbD,3,2,5,0.6
mHbH,0,3,3,0.0
mHbI,0,1,1,0.0
mHbJ,1,3,4,0.25
mHbK,0,2,2,0.0
mHbL,2,0,2,1.0
mHbM,7,8,15,0.47
mHbN,11,4,15,0.73
mHbP,7,10,17,0.41
mHbS,7,4,11,0.64
mHbb,7,8,15,0.47
mHbh,0,1,1,0.0
mHbl,2,3,5,0.4
mHbm,13,5,18,0.72
mHbn,13,11,24,0.54
mHbs,6,0,6,1.0
mHhB,0,2,2,0.0
mHhD,0,3,3,0.0
mHhH,0,0,0,
mHhL,1,6,7,0.14
mHhM,4,4,8,0.5
mHhN,7,1,8,0.88
mHhP,8,2,10,0.8
mHhS,5,7,12,0.42
mHhb,2,3,5,0.4
mHhh,3,5,8,0.38
mHhl,2,2,4,0.5
mHhm,9,4,13,0.69
mHhn,4,4,8,0.5
mHhs,5,2,7,0.71
mHht,3,1,4,0.75
mHlB,2,3,5,0.4
mHlH,4,3,7,0.57
mHlI,2,0,2,1.0
mHlJ,0,1,1,0.0
mHlL,1,1,2,0.5
mHlM,4,7,11,0.36
mHlN,8,7,15,0.53
mHlP,8,1,9,0.89
mHlS,3,3,6,0.5
mHlb,2,1,3,0.67
mHll,0,1,1,0.0
mHlm,4,2,6,0.67
mHln,2,3,5,0.4
mHls,3,2,5,0.6
mHmB,6,13,19,0.32
mHmD,0,3,3,0.0
mHmH,7,5,12,0.58
mHmI,2,1,3,0.67
mHmJ,3,5,8,0.38
mHmK,0,1,1,0.0
mHmL,5,4,9,0.56
mHmM,9,15,24,0.38
mHmN,13,13,26,0.5
mHmP,11,11,22,0.5
mHmS,11,6,17,0.65
mHmb,9,8,17,0.53
mHmh,0,1,1,0.0
mHml,2,2,4,0.5
mHmm,17,19,36,0.47
mHmn,10,14,24,0.42
mHms,11,4,15,0.73
mHnB,8,8,16,0.5
mHnD,4,1,5,0.8
mHnH,4,1,5,0.8
mHnI,1,0,1,1.0
mHnK,0,1,1,0.0
mHnL,2,4,6,0.33
mHnM,12,11,23,0.52
mHnN,17,14,31,0.55
mHnP,11,20,31,0.35
mHnS,9,6,15,0.6
mHnb,15,8,23,0.65
mHnh,2,1,3,0.67
mHnl,1,0,1,1.0
mHnm,7,6,13,0.54
mHnn,14,10,24,0.58
mHns,7,1,8,0.88
mHnt,1,0,1,1.0
mHsB,0,4,4,0.0
mHsD,0,1,1,0.0
mHsH,7,7,14,0.5
mHsI,1,0,1,1.0
mHsL,4,3,7,0.57
mHsM,8,11,19,0.42
mHsN,10,11,21,0.48
mHsP,3,11,14,0.21
mHsS,6,7,13,0.46
mHsb,4,5,9,0.44
mHsh,1,0,1,1.0
mHsl,0,1,1,0.0
mHsm,11,4,15,0.73
mHsn,12,11,23,0.52
mHss,8,6,14,0.57
mHtB,0,1,1,0.0
mHtH,0,2,2,0.0
mHtK,1,0,1,1.0
mHtL,1,0,1,1.0
mHtM,3,0,3,1.0
mHtN,1,1,2,0.5
mHtP,0,0,0,
mHtS,1,0,1,1.0
mHtb,0,0,0,
mHtm,1,1,2,0.5
mHtn,1,0,1,1.0
mHts,1,0,1,1.0
mIBK,1,0,1,1.0
mIBM,1,2,3,0.33
mIBN,1,1,2,0.5
mIBP,1,0,1,1.0
mIBS,1,0,1,1.0
mIBb,0,1,1,0.0
mIBm,1,0,1,1.0
mIBn,0,2,2,0.0
mIBs,0,0,0,
mIDB,1,0,1,1.0
mIDM,0,1,1,0.0
mIDN,1,2,3,0.33
mIDS,0,2,2,0.0
mIDb,0,1,1,0.0
mIDm,1,1,2,0.5
mIDs,1,0,1,1.0
mIHB,1,1,2,0.5
mIHM,1,1,2,0.5
mIHN,1,0,1,1.0
mIHP,1,0,1,1.0
mIHS,0,1,1,0.0
mIHb,2,0,2,1.0
mIHh,0,1,1,0.0
mIHm,1,0,1,1.0
mIHn,1,2,3,0.33
mIHs,0,1,1,0.0
mIIH,1,0,1,1.0
mIIL,1,0,1,1.0
mIKB,0,1,1,0.0
mIKb,1,0,1,1.0
mILB,1,1,2,0.5
mILD,0,1,1,0.0
mILM,1,0,1,1.0
mILN,1,0,1,1.0
mILP,0,1,1,0.0
mILS,0,0,0,
mILl,0,1,1,0.0
mILm,1,0,1,1.0
mILn,0,1,1,0.0
mILt,0,1,1,0.0
mIMD,1,0,1,1.0
mIML,0,1,1,0.0
mIMM,0,1,1,0.0
mIMN,1,1,2,0.5
mIMP,1,1,2,0.5
mIMb,0,0,0,
mIMj,2,0,2,1.0
mIMl,1,0,1,1.0
mIMm,0,0,0,
mIMn,2,2,4,0.5
mIMs,1,2,3,0.33
mIMt,1,0,1,1.0
mINB,1,1,2,0.5
mINH,0,0,0,
mINL,1,0,1,1.0
mINM,3,2,5,0.6
mINN,3,4,7,0.43
mINP,2,1,3,0.67
mINS,2,1,3,0.67
mINb,2,1,3,0.67
mINh,0,0,0,
mINm,4,1,5,0.8
mINn,1,0,1,1.0
mINs,1,0,1,1.0
mIPB,2,2,4,0.5
mIPI,1,0,1,1.0
mIPL,0,0,0,
mIPM,3,0,3,1.0
mIPN,3,0,3,1.0
mIPP,1,2,3,0.33
mIPS,0,0,0,
mIPb,1,0,1,1.0
mIPh,0,1,1,0.0
mIPl,3,0,3,1.0
mIPm,0,1,1,0.0
mIPn,0,0,0,
mIPs,0,2,2,0.0
mIPt,0,2,2,0.0
mISB,1,1,2,0.5
mISD,0,2,2,0.0
mISI,0,1,1,0.0
mISM,3,3,6,0.5
mISN,2,1,3,0.67
mISP,1,0,1,1.0
mISS,0,1,1,0.0
mISb,1,0,1,1.0
mISh,0,0,0,
mISm,0,0,0,
mISn,2,0,2,1.0
mIbB,1,0,1,1.0
mIbH,0,1,1,0.0
mIbL,0,1,1,0.0
mIbM,2,2,4,0.5
mIbN,2,2,4,0.5
mIbP,1,3,4,0.25
mIbS,0,1,1,0.0
mIbb,0,3,3,0.0
mIbl,0,1,1,0.0
mIbm,3,0,3,1.0
mIbn,2,0,2,1.0
mIbs,0,1,1,0.0
mIhb,0,0,0,
mIlB,1,0,1,1.0
mIlN,0,1,1,0.0
mIlb,0,1,1,0.0
mIln,1,0,1,1.0
mImH,0,0,0,
mImL,0,1,1,0.0
mImM,1,0,1,1.0
mImN,2,0,2,1.0
mImP,1,3,4,0.25
mImS,2,1,3,0.67
mImb,0,2,2,0.0
mImm,1,0,1,1.0
mImn,0,0,0,
mIms,1,1,2,0.5
mInB,1,0,1,1.0
mInI,0,1,1,0.0
mInM,0,0,0,
mInN,0,1,1,0.0
mInP,2,1,3,0.67
mInS,1,1,2,0.5
mInb,3,0,3,1.0
mInl,0,1,1,0.0
mInm,0,1,1,0.0
mInn,0,4,4,0.0
mIsH,0,0,0,
mIsI,1,0,1,1.0
mIsM,1,3,4,0.25
mIsN,1,0,1,1.0
mIsP,0,1,1,0.0
mIsb,1,0,1,1.0
mIsl,0,1,1,0.0
mIsn,1,1,2,0.5
mIss,0,2,2,0.0
mJBB,2,2,4,0.5
mJBD,1,1,2,0.5
mJBL,0,1,1,0.0
mJBM,3,4,7,0.43
mJBN,0,3,3,0.0
mJBP,1,2,3,0.33
mJBS,2,1,3,0.67
mJBb,1,2,3,0.33
mJBl,1,0,1,1.0
mJBn,1,1,2,0.5
mJBs,0,2,2,0.0
mJBt,0,1,1,0.0
mJDB,0,1,1,0.0
mJDM,0,1,1,0.0
mJDN,0,1,1,0.0
mJDS,1,0,1,1.0
mJDb,1,0,1,1.0
mJHB,1,1,2,0.5
mJHH,0,1,1,0.0
mJHL,1,0,1,1.0
mJHM,1,1,2,0.5
mJHN,1,0,1,1.0
mJHP,3,1,4,0.75
mJHS,2,2,4,0.5
mJHb,3,2,5,0.6
mJHh,2,1,3,0.67
mJHm,2,1,3,0.67
mJHn,0,1,1,0.0
mJHs,1,2,3,0.33
mJIH,1,0,1,1.0
mJIL,0,1,1,0.0
mJIN,1,0,1,1.0
mJIb,2,1,3,0.67
mJIn,0,1,1,0.0
mJIs,0,1,1,0.0
mJKM,2,0,2,1.0
mJKN,1,0,1,1.0
mJKP,1,1,2,0.5
mJKS,1,0,1,1.0
mJKm,1,0,1,1.0
mJKs,1,0,1,1.0
mJLB,0,1,1,0.0
mJLD,0,1,1,0.0
mJLL,1,0,1,1.0
mJLM,0,0,0,
mJLN,0,2,2,0.0
mJLP,0,3,3,0.0
mJLS,1,1,2,0.5
mJLb,1,0,1,1.0
mJLh,0,1,1,0.0
mJLl,0,1,1,0.0
mJLm,2,1,3,0.67
mJLn,2,2,4,0.5
mJLs,3,0,3,1.0
mJLt,0,1,1,0.0
mJMB,1,3,4,0.25
mJMD,0,1,1,0.0
mJML,1,1,2,0.5
mJMM,0,2,2,0.0
mJMN,2,5,7,0.29
mJMP,3,2,5,0.6
mJMS,2,2,4,0.5
mJMb,0,2,2,0.0
mJMh,1,0,1,1.0
mJMj,1,0,1,1.0
mJMl,0,1,1,0.0
mJMm,2,2,4,0.5
mJMn,4,4,8,0.5
mJMs,0,2,2,0.0
mJMt,0,1,1,0.0
mJNB,2,1,3,0.67
mJNL,3,1,4,0.75
mJNM,2,2,4,0.5
mJNN,3,3,6,0.5
mJNP,0,8,8,0.0
mJNS,1,0,1,1.0
mJNb,0,4,4,0.0
mJNh,1,0,1,1.0
mJNl,0,1,1,0.0
mJNm,3,3,6,0.5
mJNn,6,4,10,0.6
mJNs,1,2,3,0.33
mJPB,7,1,8,0.88
mJPD,1,0,1,1.0
mJPH,2,1,3,0.67
mJPI,0,2,2,0.0
mJPK,1,0,1,1.0
mJPL,2,1,3,0.67
mJPM,6,2,8,0.75
mJPN,2,6,8,0.25
mJPP,4,3,7,0.57
mJPS,3,2,5,0.6
mJPb,4,2,6,0.67
mJPh,1,2,3,0.33
mJPl,1,0,1,1.0
mJPm,3,2,5,0.6
mJPn,2,5,7,0.29
mJPs,6,2,8,0.75
mJSB,0,3,3,0.0
mJSH,1,3,4,0.25
mJSI,1,1,2,0.5
mJSL,2,1,3,0.67
mJSM,1,3,4,0.25
mJSN,1,1,2,0.5
mJSP,2,2,4,0.5
mJSS,3,1,4,0.75
mJSb,2,3,5,0.4
mJSh,1,2,3,0.33
mJSm,1,1,2,0.5
mJSn,0,2,2,0.0
mJSs,2,0,2,1.0
mJSt,0,1,1,0.0
mJbB,6,4,10,0.6
mJbD,0,0,0,
mJbI,0,1,1,0.0
mJbJ,0,1,1,0.0
mJbL,1,0,1,1.0
mJbM,2,1,3,0.67
mJbN,4,6,10,0.4
mJbP,2,3,5,0.4
mJbS,2,3,5,0.4
mJbb,2,2,4,0.5
mJbl,1,1,2,0.5
mJbm,2,2,4,0.5
mJbn,3,4,7,0.43
mJbs,2,1,3,0.67
mJhP,1,0,1,1.0
mJhm,0,1,1,0.0
mJlK,1,0,1,1.0
mJlL,0,1,1,0.0
mJlM,1,0,1,1.0
mJlN,0,3,3,0.0
mJlP,2,2,4,0.5
mJlS,0,1,1,0.0
mJlb,1,2,3,0.33
mJlm,2,2,4,0.5
mJln,1,1,2,0.5
mJls,0,0,0,
mJmB,4,3,7,0.57
mJmD,1,0,1,1.0
mJmH,1,0,1,1.0
mJmL,2,2,4,0.5
mJmM,5,5,10,0.5
mJmN,4,1,5,0.8
mJmP,2,4,6,0.33
mJmS,5,1,6,0.83
mJmb,8,3,11,0.73
mJmh,0,0,0,
mJml,2,0,2,1.0
mJmm,5,5,10,0.5
mJmn,5,2,7,0.71
mJms,1,2,3,0.33
mJnB,1,2,3,0.33
mJnD,0,1,1,0.0
mJnH,1,1,2,0.5
mJnI,0,3,3,0.0
mJnL,1,4,5,0.2
mJnM,0,0,0,
mJnN,5,2,7,0.71
mJnP,3,3,6,0.5
mJnS,3,1,4,0.75
mJnb,2,1,3,0.67
mJnl,1,1,2,0.5
mJnm,2,3,5,0.4
mJnn,4,1,5,0.8
mJns,0,3,3,0.0
mJsB,1,2,3,0.33
mJsH,2,1,3,0.67
mJsL,1,0,1,1.0
mJsM,1,2,3,0.33
mJsN,1,3,4,0.25
mJsP,2,2,4,0.5
mJsS,4,3,7,0.57
mJsb,1,3,4,0.25
mJsm,1,1,2,0.5
mJsn,2,1,3,0.67
mJss,0,3,3,0.0
mJtB,1,0,1,1.0
mJtD,1,0,1,1.0
mJtL,0,0,0,
mJtM,0,1,1,0.0
mJtN,1,0,1,1.0
mJtP,1,0,1,1.0
mJtm,1,0,1,1.0
mJtn,0,1,1,0.0
mJts,2,0,2,1.0
mKBN,1,0,1,1.0
mKBm,1,0,1,1.0
mKBn,0,0,0,
mKDP,1,0,1,1.0
mKDh,1,0,1,1.0
mKDs,0,1,1,0.0
mKHS,1,0,1,1.0
mKHh,0,1,1,0.0
mKIB,1,0,1,1.0
mKIH,0,1,1,0.0
mKIS,0,2,2,0.0
mKIn,1,0,1,1.0
mKIs,1,0,1,1.0
mKLh,0,1,1,0.0
mKLl,0,1,1,0.0
mKLs,0,1,1,0.0
mKMM,1,2,3,0.33
mKMP,0,1,1,0.0
mKMS,1,0,1,1.0
mKMn,1,0,1,1.0
mKMs,0,1,1,0.0
mKMt,1,0,1,1.0
mKNB,1,0,1,1.0
mKNI,0,1,1,0.0
mKNL,0,1,1,0.0
mKNS,0,1,1,0.0
mKPB,0,2,2,0.0
mKPM,1,0,1,1.0
mKPS,0,1,1,0.0
mKPb,1,0,1,1.0
mKPm,0,0,0,
mKSB,0,1,1,0.0
mKSD,0,0,0,
mKSM,0,1,1,0.0
mKSP,0,0,0,
mKSm,1,1,2,0.5
mKSn,1,0,1,1.0
mKSs,0,0,0,
mKbB,0,1,1,0.0
mKbD,0,1,1,0.0
mKbM,0,1,1,0.0
mKbS,0,1,1,0.0
mKbb,0,1,1,0.0
mKbm,1,0,1,1.0
mKbn,0,1,1,0.0
mKhM,0,2,2,0.0
mKhP,0,1,1,0.0
mKhb,1,0,1,1.0
mKhl,0,1,1,0.0
mKhm,1,0,1,1.0
mKhn,1,0,1,1.0
mKlJ,0,1,1,0.0
mKlL,1,0,1,1.0
mKlN,2,1,3,0.67
mKlS,0,0,0,
mKmB,1,0,1,1.0
mKmD,0,0,0,
mKmN,0,0,0,
mKmb,0,0,0,
mKmh,0,0,0,
mKmm,0,1,1,0.0
mKmn,3,0,3,1.0
mKnB,0,1,1,0.0
mKnM,0,1,1,0.0
mKnS,0,1,1,0.0
mKnb,0,0,0,
mKnm,0,0,0,
mKsB,0,0,0,
mKsm,0,0,0,
mKtB,1,0,1,1.0
mLBB,4,2,6,0.67
mLBD,1,0,1,1.0
mLBK,0,1,1,0.0
mLBL,1,3,4,0.25
mLBM,5,0,5,1.0
mLBN,4,2,6,0.67
mLBP,4,4,8,0.5
mLBS,0,5,5,0.0
mLBb,4,1,5,0.8
mLBh,0,0,0,
mLBj,0,1,1,0.0
mLBl,2,0,2,1.0
mLBm,7,3,10,0.7
mLBn,3,1,4,0.75
mLBs,3,2,5,0.6
mLBt,1,0,1,1.0
mLDB,2,0,2,1.0
mLDD,1,0,1,1.0
mLDH,1,1,2,0.5
mLDL,0,1,1,0.0
mLDN,1,0,1,1.0
mLDP,1,1,2,0.5
mLDS,2,2,4,0.5
mLDl,0,1,1,0.0
mLDm,0,1,1,0.0
mLDn,2,2,4,0.5
mLDs,1,0,1,1.0
mLHL,0,1,1,0.0
mLHs,0,0,0,
mLIM,1,0,1,1.0
mLKB,1,0,1,1.0
mLKN,1,0,1,1.0
mLKP,0,0,0,
mLKS,0,0,0,
mLKb,1,0,1,1.0
mLKm,0,1,1,0.0
mLKn,1,1,2,0.5
mLLB,2,2,4,0.5
mLLM,1,1,2,0.5
mLLN,1,1,2,0.5
mLLP,1,1,2,0.5
mLLS,0,2,2,0.0
mLLb,1,2,3,0.33
mLLh,1,0,1,1.0
mLLj,0,1,1,0.0
mLLm,7,0,7,1.0
mLLn,2,1,3,0.67
mLLs,1,0,1,1.0
mLMB,8,3,11,0.73
mLMD,0,1,1,0.0
mLML,3,1,4,0.75
mLMM,3,5,8,0.38
mLMN,8,3,11,0.73
mLMP,2,3,5,0.4
mLMS,4,3,7,0.57
mLMb,1,4,5,0.2
mLMh,3,4,7,0.43
mLMj,1,1,2,0.5
mLMl,1,0,1,1.0
mLMm,7,3,10,0.7
mLMn,9,8,17,0.53
mLMs,4,4,8,0.5
mLMt,1,2,3,0.33
mLNB,3,8,11,0.27
mLND,0,1,1,0.0
mLNH,1,0,1,1.0
mLNK,0,0,0,
mLNL,2,0,2,1.0
mLNM,4,3,7,0.57
mLNN,3,7,10,0.3
mLNP,5,4,9,0.56
mLNS,5,2,7,0.71
mLNb,5,3,8,0.62
mLNh,0,5,5,0.0
mLNl,2,1,3,0.67
mLNm,3,0,3,1.0
mLNn,5,3,8,0.62
mLNs,3,1,4,0.75
mLNt,0,2,2,0.0
mLPB,5,1,6,0.83
mLPD,1,0,1,1.0
mLPI,1,0,1,1.0
mLPK,1,1,2,0.5
mLPL,5,1,6,0.83
mLPM,3,7,10,0.3
mLPN,2,6,8,0.25
mLPP,10,9,19,0.53
mLPS,7,2,9,0.78
mLPb,4,7,11,0.36
mLPh,1,1,2,0.5
mLPl,1,1,2,0.5
mLPm,7,2,9,0.78
mLPn,5,7,12,0.42
mLPs,8,2,10,0.8
mLPt,1,0,1,1.0
mLSB,2,1,3,0.67
mLSD,3,0,3,1.0
mLSH,2,0,2,1.0
mLSI,1,0,1,1.0
mLSL,2,2,4,0.5
mLSM,2,2,4,0.5
mLSN,2,2,4,0.5
mLSP,6,7,13,0.46
mLSS,0,3,3,0.0
mLSb,4,4,8,0.5
mLSh,0,1,1,0.0
mLSl,1,1,2,0.5
mLSm,4,5,9,0.44
mLSn,2,2,4,0.5
mLSs,2,1,3,0.67
mLbB,3,4,7,0.43
mLbH,1,1,2,0.5
mLbI,0,0,0,
mLbJ,1,2,3,0.33
mLbK,0,0,0,
mLbL,0,2,2,0.0
mLbM,2,6,8,0.25
mLbN,2,2,4,0.5
mLbP,5,6,11,0.45
mLbS,0,3,3,0.0
mLbb,5,6,11,0.45
mLbl,2,0,2,1.0
mLbm,2,1,3,0.67
mLbn,3,3,6,0.5
mLbs,2,3,5,0.4
mLhB,0,2,2,0.0
mLhD,1,0,1,1.0
mLhH,0,1,1,0.0
mLhI,0,0,0,
mLhL,0,1,1,0.0
mLhM,2,1,3,0.67
mLhN,0,3,3,0.0
mLhP,2,4,6,0.33
mLhS,3,4,7,0.43
mLhb,1,0,1,1.0
mLhh,2,2,4,0.5
mLhl,1,1,2,0.5
mLhm,2,3,5,0.4
mLhn,2,1,3,0.67
mLhs,2,2,4,0.5
mLjB,1,0,1,1.0
mLjD,1,0,1,1.0
mLjH,0,1,1,0.0
mLjM,0,0,0,
mLjN,2,3,5,0.4
mLjP,1,2,3,0.33
mLjS,0,1,1,0.0
mLjl,2,1,3,0.67
mLjm,1,1,2,0.5
mLjn,1,0,1,1.0
mLlB,2,1,3,0.67
mLlH,1,0,1,1.0
mLlJ,1,2,3,0.33
mLlM,3,2,5,0.6
mLlP,2,2,4,0.5
mLlS,4,1,5,0.8
mLlm,1,1,2,0.5
mLln,2,2,4,0.5
mLls,2,1,3,0.67
mLmB,4,3,7,0.57
mLmD,3,0,3,1.0
mLmH,4,1,5,0.8
mLmJ,1,2,3,0.33
mLmL,0,3,3,0.0
mLmM,7,9,16,0.44
mLmN,8,6,14,0.57
mLmP,2,8,10,0.2
mLmS,6,4,10,0.6
mLmb,2,2,4,0.5
mLml,2,1,3,0.67
mLmm,2,2,4,0.5
mLmn,7,3,10,0.7
mLms,3,3,6,0.5
mLnB,8,3,11,0.73
mLnD,1,2,3,0.33
mLnH,4,3,7,0.57
mLnK,0,1,1,0.0
mLnL,1,1,2,0.5
mLnM,3,4,7,0.43
mLnN,9,10,19,0.47
mLnP,4,12,16,0.25
mLnS,3,8,11,0.27
mLnb,4,4,8,0.5
mLnh,0,1,1,0.0
mLnl,2,0,2,1.0
mLnm,11,0,11,1.0
mLnn,9,5,14,0.64
mLns,7,4,11,0.64
mLsB,2,3,5,0.4
mLsD,2,0,2,1.0
mLsH,6,3,9,0.67
mLsI,1,1,2,0.5
mLsL,2,2,4,0.5
mLsM,6,2,8,0.75
mLsN,3,3,6,0.5
mLsP,1,6,7,0.14
mLsS,1,3,4,0.25
mLsb,4,1,5,0.8
mLsl,1,1,2,0.5
mLsm,2,6,8,0.25
mLsn,0,1,1,0.0
mLss,1,4,5,0.2
mLtB,0,1,1,0.0
mLtD,1,0,1,1.0
mLtH,1,0,1,1.0
mLtL,1,0,1,1.0
mLtM,1,1,2,0.5
mLtN,0,1,1,0.0
mLtP,0,0,0,
mLtS,1,0,1,1.0
mLtm,0,1,1,0.0
mLtn,0,1,1,0.0
mLts,0,0,0,
mLtt,0,1,1,0.0
mMBB,13,12,25,0.52
mMBD,3,2,5,0.6
mMBK,0,0,0,
mMBL,0,4,4,0.0
mMBM,11,10,21,0.52
mMBN,19,20,39,0.49
mMBP,16,11,27,0.59
mMBS,3,8,11,0.27
mMBb,11,11,22,0.5
mMBh,0,2,2,0.0
mMBj,3,2,5,0.6
mMBl,2,2,4,0.5
mMBm,14,18,32,0.44
mMBn,12,18,30,0.4
mMBs,4,2,6,0.67
mMBt,0,2,2,0.0
mMDB,4,4,8,0.5
mMDD,1,2,3,0.33
mMDH,3,6,9,0.33
mMDL,1,0,1,1.0
mMDM,4,5,9,0.44
mMDN,1,3,4,0.25
mMDP,3,3,6,0.5
mMDS,3,7,10,0.3
mMDb,2,1,3,0.67
mMDl,2,0,2,1.0
mMDm,2,3,5,0.4
mMDn,4,3,7,0.57
mMDs,1,4,5,0.2
mMDt,1,1,2,0.5
mMHD,1,0,1,1.0
mMHM,0,0,0,
mMHS,0,1,1,0.0
mMIB,1,0,1,1.0
mMIN,1,0,1,1.0
mMIm,1,0,1,1.0
mMIs,1,0,1,1.0
mMKB,0,1,1,0.0
mMKH,0,1,1,0.0
mMKN,1,0,1,1.0
mMKP,1,0,1,1.0
mMKS,0,1,1,0.0
mMKb,0,0,0,
mMKh,0,0,0,
mMKl,0,1,1,0.0
mMKn,0,1,1,0.0
mMLB,2,2,4,0.5
mMLD,0,1,1,0.0
mMLL,2,0,2,1.0
mMLM,3,2,5,0.6
mMLN,2,3,5,0.4
mMLP,3,4,7,0.43
mMLS,1,2,3,0.33
mMLb,5,2,7,0.71
mMLh,0,1,1,0.0
mMLj,1,2,3,0.33
mMLl,1,0,1,1.0
mMLm,7,3,10,0.7
mMLn,6,4,10,0.6
mMLs,3,2,5,0.6
mMMB,20,14,34,0.59
mMMD,7,2,9,0.78
mMMH,0,1,1,0.0
mMMK,0,1,1,0.0
mMML,0,4,4,0.0
mMMM,13,13,26,0.5
mMMN,20,19,39,0.51
mMMP,11,18,29,0.38
mMMS,3,8,11,0.27
mMMb,14,10,24,0.58
mMMh,9,17,26,0.35
mMMj,6,2,8,0.75
mMMl,3,2,5,0.6
mMMm,21,10,31,0.68
mMMn,18,19,37,0.49
mMMs,6,7,13,0.46
mMMt,4,1,5,0.8
mMNB,4,6,10,0.4
mMND,4,5,9,0.44
mMNH,5,3,8,0.62
mMNK,4,1,5,0.8
mMNL,1,5,6,0.17
mMNM,10,12,22,0.45
mMNN,29,9,38,0.76
mMNP,18,13,31,0.58
mMNS,17,14,31,0.55
mMNb,13,10,23,0.57
mMNh,4,6,10,0.4
mMNl,2,4,6,0.33
mMNm,17,11,28,0.61
mMNn,26,17,43,0.6
mMNs,11,8,19,0.58
mMNt,4,3,7,0.57
mMPB,13,12,25,0.52
mMPD,4,3,7,0.57
mMPH,3,4,7,0.43
mMPI,1,1,2,0.5
mMPK,2,5,7,0.29
mMPL,2,3,5,0.4
mMPM,7,18,25,0.28
mMPN,15,22,37,0.41
mMPP,25,25,50,0.5
mMPS,8,12,20,0.4
mMPb,13,17,30,0.43
mMPh,3,0,3,1.0
mMPl,6,5,11,0.55
mMPm,24,21,45,0.53
mMPn,11,14,25,0.44
mMPs,12,9,21,0.57
mMPt,1,0,1,1.0
mMSB,11,9,20,0.55
mMSD,4,1,5,0.8
mMSH,4,1,5,0.8
mMSI,0,1,1,0.0
mMSL,0,3,3,0.0
mMSM,14,10,24,0.58
mMSN,7,8,15,0.47
mMSP,13,3,16,0.81
mMSS,9,20,29,0.31
mMSb,9,6,15,0.6
mMSh,6,2,8,0.75
mMSl,1,1,2,0.5
mMSm,17,6,23,0.74
mMSn,9,12,21,0.43
mMSs,13,15,28,0.46
mMSt,2,3,5,0.4
mMbB,14,14,28,0.5
mMbD,1,1,2,0.5
mMbH,1,4,5,0.2
mMbI,0,1,1,0.0
mMbJ,2,0,2,1.0
mMbK,2,0,2,1.0
mMbL,0,3,3,0.0
mMbM,12,21,33,0.36
mMbN,12,13,25,0.48
mMbP,19,10,29,0.66
mMbS,7,11,18,0.39
mMbb,11,11,22,0.5
mMbl,5,1,6,0.83
mMbm,11,4,15,0.73
mMbn,11,18,29,0.38
mMbs,4,5,9,0.44
mMhB,6,8,14,0.43
mMhD,3,1,4,0.75
mMhH,2,6,8,0.25
mMhI,2,1,3,0.67
mMhK,1,0,1,1.0
mMhL,1,2,3,0.33
mMhM,10,19,29,0.34
mMhN,20,8,28,0.71
mMhP,13,19,32,0.41
mMhS,18,11,29,0.62
mMhb,3,6,9,0.33
mMhh,10,4,14,0.71
mMhl,2,2,4,0.5
mMhm,18,16,34,0.53
mMhn,12,10,22,0.55
mMhs,7,10,17,0.41
mMht,2,4,6,0.33
mMjB,1,2,3,0.33
mMjD,1,0,1,1.0
mMjH,0,1,1,0.0
mMjK,0,1,1,0.0
mMjL,1,0,1,1.0
mMjM,0,1,1,0.0
mMjN,3,1,4,0.75
mMjP,4,3,7,0.57
mMjS,1,3,4,0.25
mMjb,0,0,0,
mMjh,0,0,0,
mMjm,6,1,7,0.86
mMjn,2,4,6,0.33
mMjs,0,1,1,0.0
mMlB,3,3,6,0.5
mMlD,0,1,1,0.0
mMlH,0,5,5,0.0
mMlJ,1,3,4,0.25
mMlK,0,1,1,0.0
mMlL,1,1,2,0.5
mMlM,3,2,5,0.6
mMlN,5,5,10,0.5
mMlP,5,5,10,0.5
mMlS,1,1,2,0.5
mMlb,4,1,5,0.8
mMll,3,2,5,0.6
mMlm,7,1,8,0.88
mMln,4,2,6,0.67
mMls,5,1,6,0.83
mMmB,15,18,33,0.45
mMmD,6,2,8,0.75
mMmH,9,20,29,0.31
mMmI,2,3,5,0.4
mMmJ,2,6,8,0.25
mMmL,6,4,10,0.6
mMmM,10,17,27,0.37
mMmN,19,27,46,0.41
mMmP,26,29,55,0.47
mMmS,15,16,31,0.48
mMmb,6,9,15,0.4
mMmh,0,1,1,0.0
mMml,6,5,11,0.55
mMmm,13,19,32,0.41
mMmn,18,11,29,0.62
mMms,6,10,16,0.38
mMnB,13,14,27,0.48
mMnD,4,3,7,0.57
mMnH,9,17,26,0.35
mMnI,2,3,5,0.4
mMnK,1,3,4,0.25
mMnL,3,1,4,0.75
mMnM,20,17,37,0.54
mMnN,39,27,66,0.59
mMnP,18,36,54,0.33
mMnS,16,19,35,0.46
mMnb,17,12,29,0.59
mMnh,0,1,1,0.0
mMnl,2,3,5,0.4
mMnm,27,15,42,0.64
mMnn,27,34,61,0.44
mMns,16,15,31,0.52
mMsB,6,4,10,0.6
mMsD,4,6,10,0.4
mMsH,10,11,21,0.48
mMsI,1,4,5,0.2
mMsL,2,7,9,0.22
mMsM,14,9,23,0.61
mMsN,12,8,20,0.6
mMsP,12,14,26,0.46
mMsS,14,15,29,0.48
mMsb,5,5,10,0.5
mMsh,1,0,1,1.0
mMsl,1,1,2,0.5
mMsm,13,8,21,0.62
mMsn,12,9,21,0.57
mMss,10,8,18,0.56
mMst,1,1,2,0.5
mMtB,1,0,1,1.0
mMtH,2,1,3,0.67
mMtI,0,1,1,0.0
mMtL,1,1,2,0.5
mMtM,1,1,2,0.5
mMtN,1,7,8,0.12
mMtP,2,2,4,0.5
mMtS,2,2,4,0.5
mMtb,1,1,2,0.5
mMtl,1,0,1,1.0
mMtm,3,4,7,0.43
mMtn,2,5,7,0.29
mMts,4,2,6,0.67
mNBB,11,16,27,0.41
mNBD,0,3,3,0.0
mNBK,3,2,5,0.6
mNBL,4,1,5,0.8
mNBM,7,8,15,0.47
mNBN,14,13,27,0.52
mNBP,8,18,26,0.31
mNBS,2,6,8,0.25
mNBb,10,11,21,0.48
mNBh,0,4,4,0.0
mNBj,1,2,3,0.33
mNBl,4,6,10,0.4
mNBm,8,13,21,0.38
mNBn,16,13,29,0.55
mNBs,5,7,12,0.42
mNBt,3,0,3,1.0
mNDB,1,3,4,0.25
mNDD,2,1,3,0.67
mNDH,0,5,5,0.0
mNDI,1,1,2,0.5
mNDK,0,1,1,0.0
mNDL,1,0,1,1.0
mNDM,2,3,5,0.4
mNDN,3,1,4,0.75
mNDP,4,2,6,0.67
mNDS,1,4,5,0.2
mNDb,1,1,2,0.5
mNDh,1,0,1,1.0
mNDl,1,2,3,0.33
mNDm,2,4,6,0.33
mNDn,3,5,8,0.38
mNDs,1,2,3,0.33
mNDt,1,2,3,0.33
mNHB,3,2,5,0.6
mNHD,0,1,1,0.0
mNHH,0,2,2,0.0
mNHL,2,0,2,1.0
mNHM,2,3,5,0.4
mNHN,6,4,10,0.6
mNHP,2,4,6,0.33
mNHS,3,6,9,0.33
mNHm,5,2,7,0.71
mNHn,5,2,7,0.71
mNHs,3,0,3,1.0
mNII,0,1,1,0.0
mNIL,1,0,1,1.0
mNIN,1,0,1,1.0
mNIS,0,1,1,0.0
mNIb,0,1,1,0.0
mNIl,1,0,1,1.0
mNKB,3,2,5,0.6
mNKD,0,1,1,0.0
mNKL,2,0,2,1.0
mNKM,0,1,1,0.0
mNKN,2,3,5,0.4
mNKP,2,1,3,0.67
mNKS,0,1,1,0.0
mNKb,2,1,3,0.67
mNKh,1,0,1,1.0
mNKl,1,0,1,1.0
mNKm,4,2,6,0.67
mNKn,2,0,2,1.0
mNKs,2,1,3,0.67
mNKt,1,0,1,1.0
mNLB,3,1,4,0.75
mNLD,1,0,1,1.0
mNLL,0,3,3,0.0
mNLM,3,3,6,0.5
mNLN,3,8,11,0.27
mNLP,6,7,13,0.46
mNLS,2,0,2,1.0
mNLb,2,6,8,0.25
mNLh,3,1,4,0.75
mNLj,0,1,1,0.0
mNLl,1,1,2,0.5
mNLm,3,1,4,0.75
mNLn,7,5,12,0.58
mNLs,0,0,0,
mNLt,1,1,2,0.5
mNMB,12,6,18,0.67
mNMD,4,2,6,0.67
mNMK,2,1,3,0.67
mNML,3,3,6,0.5
mNMM,13,10,23,0.57
mNMN,17,18,35,0.49
mNMP,20,27,47,0.43
mNMS,10,18,28,0.36
mNMb,18,4,22,0.82
mNMh,7,5,12,0.58
mNMj,2,2,4,0.5
mNMl,4,0,4,1.0
mNMm,20,15,35,0.57
mNMn,36,21,57,0.63
mNMs,6,12,18,0.33
mNMt,3,1,4,0.75
mNNB,11,14,25,0.44
mNND,7,3,10,0.7
mNNH,6,3,9,0.67
mNNK,1,4,5,0.2
mNNL,1,8,9,0.11
mNNM,13,19,32,0.41
mNNN,26,26,52,0.5
mNNP,21,37,58,0.36
mNNS,10,13,23,0.43
mNNb,19,11,30,0.63
mNNh,7,10,17,0.41
mNNl,4,4,8,0.5
mNNm,12,15,27,0.44
mNNn,28,30,58,0.48
mNNs,17,13,30,0.57
mNNt,4,4,8,0.5
mNPB,20,8,28,0.71
mNPD,3,3,6,0.5
mNPH,9,9,18,0.5
mNPI,3,1,4,0.75
mNPK,0,2,2,0.0
mNPL,5,8,13,0.38
mNPM,11,14,25,0.44
mNPN,28,28,56,0.5
mNPP,30,37,67,0.45
mNPS,15,13,28,0.54
mNPb,17,14,31,0.55
mNPh,3,3,6,0.5
mNPl,6,5,11,0.55
mNPm,28,22,50,0.56
mNPn,27,21,48,0.56
mNPs,15,20,35,0.43
mNPt,2,0,2,1.0
mNSB,11,12,23,0.48
mNSD,3,4,7,0.43
mNSH,3,4,7,0.43
mNSI,1,0,1,1.0
mNSK,0,1,1,0.0
mNSL,1,4,5,0.2
mNSM,15,14,29,0.52
mNSN,6,12,18,0.33
mNSP,12,19,31,0.39
mNSS,13,14,27,0.48
mNSb,13,8,21,0.62
mNSh,8,7,15,0.53
mNSl,3,5,8,0.38
mNSm,11,14,25,0.44
mNSn,16,18,34,0.47
mNSs,14,11,25,0.56
mNSt,7,0,7,1.0
mNbB,12,6,18,0.67
mNbD,1,2,3,0.33
mNbH,1,6,7,0.14
mNbI,0,2,2,0.0
mNbJ,1,2,3,0.33
mNbK,1,0,1,1.0
mNbL,5,0,5,1.0
mNbM,5,15,20,0.25
mNbN,17,11,28,0.61
mNbP,16,17,33,0.48
mNbS,6,6,12,0.5
mNbb,13,18,31,0.42
mNbl,1,1,2,0.5
mNbm,11,8,19,0.58
mNbn,15,13,28,0.54
mNbs,6,6,12,0.5
mNhB,5,3,8,0.62
mNhD,0,1,1,0.0
mNhH,2,0,2,1.0
mNhI,1,0,1,1.0
mNhK,0,1,1,0.0
mNhL,0,2,2,0.0
mNhM,5,1,6,0.83
mNhN,3,10,13,0.23
mNhP,8,3,11,0.73
mNhS,6,6,12,0.5
mNhb,3,1,4,0.75
mNhh,5,2,7,0.71
mNhm,6,2,8,0.75
mNhn,4,3,7,0.57
mNhs,6,5,11,0.55
mNht,0,0,0,
mNlB,2,5,7,0.29
mNlD,0,1,1,0.0
mNlH,0,1,1,0.0
mNlJ,1,2,3,0.33
mNlL,1,2,3,0.33
mNlM,2,0,2,1.0
mNlN,8,5,13,0.62
mNlP,3,2,5,0.6
mNlS,2,2,4,0.5
mNlb,5,7,12,0.42
mNll,2,4,6,0.33
mNlm,1,7,8,0.12
mNln,4,7,11,0.36
mNls,5,2,7,0.71
mNmB,17,14,31,0.55
mNmD,5,6,11,0.45
mNmH,14,15,29,0.48
mNmI,1,0,1,1.0
mNmJ,3,2,5,0.6
mNmK,0,1,1,0.0
mNmL,3,3,6,0.5
mNmM,14,16,30,0.47
mNmN,18,20,38,0.47
mNmP,17,15,32,0.53
mNmS,9,14,23,0.39
mNmb,14,13,27,0.52
mNml,3,4,7,0.43
mNmm,9,13,22,0.41
mNmn,14,13,27,0.52
mNms,3,8,11,0.27
mNmt,0,0,0,
mNnB,16,7,23,0.7
mNnD,7,3,10,0.7
mNnH,18,10,28,0.64
mNnI,2,3,5,0.4
mNnK,0,3,3,0.0
mNnL,5,6,11,0.45
mNnM,15,24,39,0.38
mNnN,27,45,72,0.38
mNnP,26,25,51,0.51
mNnS,14,19,33,0.42
mNnb,16,16,32,0.5
mNnh,1,1,2,0.5
mNnl,3,2,5,0.6
mNnm,26,24,50,0.52
mNnn,19,33,52,0.37
mNns,20,14,34,0.59
mNsB,14,13,27,0.52
mNsD,2,1,3,0.67
mNsH,6,13,19,0.32
mNsI,0,2,2,0.0
mNsL,2,2,4,0.5
mNsM,9,12,21,0.43
mNsN,15,13,28,0.54
mNsP,9,12,21,0.43
mNsS,10,18,28,0.36
mNsb,9,6,15,0.6
mNsh,0,2,2,0.0
mNsl,3,0,3,1.0
mNsm,6,11,17,0.35
mNsn,14,14,28,0.5
mNss,15,8,23,0.65
mNtB,5,2,7,0.71
mNtD,1,0,1,1.0
mNtH,2,5,7,0.29
mNtL,1,2,3,0.33
mNtM,3,3,6,0.5
mNtN,0,1,1,0.0
mNtP,2,4,6,0.33
mNtS,4,1,5,0.8
mNtb,3,2,5,0.6
mNth,1,0,1,1.0
mNtl,1,0,1,1.0
mNtm,5,7,12,0.42
mNtn,4,0,4,1.0
mNts,2,2,4,0.5
mNtt,0,2,2,0.0
mPBB,9,12,21,0.43
mPBD,0,4,4,0.0
mPBK,1,2,3,0.33
mPBL,4,10,14,0.29
mPBM,16,9,25,0.64
mPBN,12,14,26,0.46
mPBP,14,15,29,0.48
mPBS,7,4,11,0.64
mPBb,10,7,17,0.59
mPBh,3,4,7,0.43
mPBj,0,0,0,
mPBl,5,3,8,0.62
mPBm,18,21,39,0.46
mPBn,13,14,27,0.48
mPBs,9,9,18,0.5
mPBt,2,0,2,1.0
mPDB,2,0,2,1.0
mPDD,0,1,1,0.0
mPDH,0,1,1,0.0
mPDM,3,3,6,0.5
mPDN,5,3,8,0.62
mPDP,1,3,4,0.25
mPDS,0,6,6,0.0
mPDb,3,2,5,0.6
mPDl,1,1,2,0.5
mPDm,2,2,4,0.5
mPDn,0,3,3,0.0
mPDs,1,2,3,0.33
mPHB,4,1,5,0.8
mPHK,0,1,1,0.0
mPHL,3,0,3,1.0
mPHM,1,4,5,0.2
mPHN,6,5,11,0.55
mPHP,8,4,12,0.67
mPHS,2,1,3,0.67
mPHb,1,3,4,0.25
mPHh,2,2,4,0.5
mPHl,1,1,2,0.5
mPHm,4,4,8,0.5
mPHn,3,2,5,0.6
mPHs,3,1,4,0.75
mPIB,3,1,4,0.75
mPID,0,2,2,0.0
mPIH,1,3,4,0.25
mPIL,1,0,1,1.0
mPIM,1,1,2,0.5
mPIN,1,3,4,0.25
mPIP,0,3,3,0.0
mPIS,1,2,3,0.33
mPIb,0,1,1,0.0
mPIl,1,0,1,1.0
mPIm,4,1,5,0.8
mPIn,1,2,3,0.33
mPIs,0,1,1,0.0
mPKB,2,1,3,0.67
mPKD,0,1,1,0.0
mPKH,1,0,1,1.0
mPKI,1,0,1,1.0
mPKM,2,3,5,0.4
mPKN,3,0,3,1.0
mPKP,3,1,4,0.75
mPKS,3,1,4,0.75
mPKb,0,2,2,0.0
mPKh,0,1,1,0.0
mPKl,0,1,1,0.0
mPKm,2,2,4,0.5
mPKn,4,0,4,1.0
mPKs,2,2,4,0.5
mPKt,1,0,1,1.0
mPLB,5,3,8,0.62
mPLD,1,0,1,1.0
mPLK,0,1,1,0.0
mPLL,4,3,7,0.57
mPLM,5,5,10,0.5
mPLN,3,8,11,0.27
mPLP,6,8,14,0.43
mPLS,4,7,11,0.36
mPLb,3,3,6,0.5
mPLh,4,2,6,0.67
mPLj,3,2,5,0.6
mPLl,0,0,0,
mPLm,9,8,17,0.53
mPLn,6,7,13,0.46
mPLs,4,3,7,0.57
mPLt,2,1,3,0.67
mPMB,8,13,21,0.38
mPMD,7,5,12,0.58
mPMH,0,0,0,
mPMK,0,0,0,
mPML,6,3,9,0.67
mPMM,10,12,22,0.45
mPMN,9,20,29,0.31
mPMP,22,14,36,0.61
mPMS,6,7,13,0.46
mPMb,8,15,23,0.35
mPMh,17,10,27,0.63
mPMj,4,2,6,0.67
mPMl,4,6,10,0.4
mPMm,18,27,45,0.4
mPMn,14,18,32,0.44
mPMs,5,9,14,0.36
mPMt,0,3,3,0.0
mPNB,7,12,19,0.37
mPND,3,2,5,0.6
mPNH,0,7,7,0.0
mPNK,1,0,1,1.0
mPNL,3,5,8,0.38
mPNM,16,20,36,0.44
mPNN,17,27,44,0.39
mPNP,19,25,44,0.43
mPNS,13,13,26,0.5
mPNb,16,12,28,0.57
mPNh,2,2,4,0.5
mPNl,5,3,8,0.62
mPNm,17,11,28,0.61
mPNn,23,21,44,0.52
mPNs,14,9,23,0.61
mPNt,2,4,6,0.33
mPPB,21,24,45,0.47
mPPD,3,1,4,0.75
mPPH,6,8,14,0.43
mPPI,1,1,2,0.5
mPPK,4,5,9,0.44
mPPL,11,11,22,0.5
mPPM,26,16,42,0.62
mPPN,19,18,37,0.51
mPPP,19,35,54,0.35
mPPS,14,11,25,0.56
mPPb,14,16,30,0.47
mPPh,3,5,8,0.38
mPPl,11,12,23,0.48
mPPm,38,24,62,0.61
mPPn,13,13,26,0.5
mPPs,18,13,31,0.58
mPPt,4,3,7,0.57
mPSB,5,11,16,0.31
mPSD,0,1,1,0.0
mPSH,5,7,12,0.42
mPSI,0,1,1,0.0
mPSK,0,2,2,0.0
mPSL,6,1,7,0.86
mPSM,5,10,15,0.33
mPSN,12,14,26,0.46
mPSP,12,9,21,0.57
mPSS,12,14,26,0.46
mPSb,11,9,20,0.55
mPSh,2,6,8,0.25
mPSl,3,2,5,0.6
mPSm,15,8,23,0.65
mPSn,10,13,23,0.43
mPSs,6,9,15,0.4
mPSt,4,0,4,1.0
mPbB,12,14,26,0.46
mPbD,2,3,5,0.4
mPbH,4,6,10,0.4
mPbI,1,1,2,0.5
mPbJ,0,3,3,0.0
mPbK,2,3,5,0.4
mPbL,5,1,6,0.83
mPbM,13,13,26,0.5
mPbN,24,11,35,0.69
mPbP,13,13,26,0.5
mPbS,3,5,8,0.38
mPbb,23,14,37,0.62
mPbh,0,0,0,
mPbl,5,3,8,0.62
mPbm,11,11,22,0.5
mPbn,15,14,29,0.52
mPbs,5,4,9,0.56
mPhB,3,3,6,0.5
mPhD,1,0,1,1.0
mPhI,1,1,2,0.5
mPhK,0,1,1,0.0
mPhL,0,1,1,0.0
mPhM,0,2,2,0.0
mPhN,3,2,5,0.6
mPhP,1,0,1,1.0
mPhS,2,3,5,0.4
mPhb,2,2,4,0.5
mPhh,2,0,2,1.0
mPhl,0,1,1,0.0
mPhm,1,1,2,0.5
mPhn,2,2,4,0.5
mPhs,1,0,1,1.0
mPht,1,0,1,1.0
mPlB,2,7,9,0.22
mPlD,0,2,2,0.0
mPlH,0,1,1,0.0
mPlJ,1,1,2,0.5
mPlL,1,0,1,1.0
mPlM,4,5,9,0.44
mPlN,4,7,11,0.36
mPlP,5,11,16,0.31
mPlS,5,4,9,0.56
mPlb,6,6,12,0.5
mPll,2,3,5,0.4
mPlm,4,2,6,0.67
mPln,4,5,9,0.44
mPls,5,1,6,0.83
mPmB,17,10,27,0.63
mPmD,7,4,11,0.64
mPmH,11,13,24,0.46
mPmI,1,0,1,1.0
mPmJ,7,4,11,0.64
mPmK,0,1,1,0.0
mPmL,8,5,13,0.62
mPmM,16,26,42,0.38
mPmN,23,16,39,0.59
mPmP,17,16,33,0.52
mPmS,13,10,23,0.57
mPmb,22,19,41,0.54
mPml,5,1,6,0.83
mPmm,20,16,36,0.56
mPmn,15,12,27,0.56
mPms,7,8,15,0.47
mPnB,9,11,20,0.45
mPnD,3,0,3,1.0
mPnH,8,8,16,0.5
mPnI,1,0,1,1.0
mPnK,2,0,2,1.0
mPnL,3,4,7,0.43
mPnM,20,24,44,0.45
mPnN,24,14,38,0.63
mPnP,25,16,41,0.61
mPnS,13,13,26,0.5
mPnb,14,14,28,0.5
mPnh,1,0,1,1.0
mPnl,4,2,6,0.67
mPnm,18,16,34,0.53
mPnn,23,16,39,0.59
mPns,14,8,22,0.64
mPnt,3,0,3,1.0
mPsB,8,3,11,0.73
mPsD,0,4,4,0.0
mPsH,7,11,18,0.39
mPsI,0,0,0,
mPsL,5,1,6,0.83
mPsM,8,11,19,0.42
mPsN,11,6,17,0.65
mPsP,16,11,27,0.59
mPsS,11,16,27,0.41
mPsb,6,7,13,0.46
mPsh,0,2,2,0.0
mPsl,1,2,3,0.33
mPsm,8,8,16,0.5
mPsn,6,8,14,0.43
mPss,5,10,15,0.33
mPtB,1,1,2,0.5
mPtH,3,0,3,1.0
mPtK,0,1,1,0.0
mPtL,0,2,2,0.0
mPtM,2,2,4,0.5
mPtN,0,1,1,0.0
mPtP,1,2,3,0.33
mPtS,3,1,4,0.75
mPtb,0,1,1,0.0
mPtl,1,0,1,1.0
mPtm,0,2,2,0.0
mPtn,1,0,1,1.0
mPts,4,2,6,0.67
mSBB,6,3,9,0.67
mSBD,0,0,0,
mSBK,2,1,3,0.67
mSBL,2,3,5,0.4
mSBM,6,2,8,0.75
mSBN,7,5,12,0.58
mSBP,7,11,18,0.39
mSBS,8,5,13,0.62
mSBb,7,6,13,0.54
mSBh,1,0,1,1.0
mSBj,2,5,7,0.29
mSBl,3,1,4,0.75
mSBm,9,9,18,0.5
mSBn,13,13,26,0.5
mSBs,5,2,7,0.71
mSBt,0,3,3,0.0
mSDB,5,0,5,1.0
mSDD,0,1,1,0.0
mSDH,3,1,4,0.75
mSDL,2,0,2,1.0
mSDM,3,7,10,0.3
mSDN,1,2,3,0.33
mSDP,1,4,5,0.2
mSDS,7,8,15,0.47
mSDb,0,2,2,0.0
mSDm,4,4,8,0.5
mSDn,3,5,8,0.38
mSDs,3,0,3,1.0
mSDt,0,0,0,
mSHB,1,1,2,0.5
mSHD,2,1,3,0.67
mSHH,1,1,2,0.5
mSHI,0,1,1,0.0
mSHK,0,2,2,0.0
mSHL,2,0,2,1.0
mSHM,5,7,12,0.42
mSHN,3,6,9,0.33
mSHP,7,1,8,0.88
mSHS,2,5,7,0.29
mSHb,2,4,6,0.33
mSHh,3,3,6,0.5
mSHl,5,2,7,0.71
mSHm,5,8,13,0.38
mSHn,6,2,8,0.75
mSHs,3,1,4,0.75
mSIH,0,3,3,0.0
mSIM,0,0,0,
mSIS,0,2,2,0.0
mSIb,0,2,2,0.0
mSIn,0,0,0,
mSIs,2,0,2,1.0
mSKB,1,0,1,1.0
mSKM,2,0,2,1.0
mSLB,3,1,4,0.75
mSLD,0,0,0,
mSLL,1,1,2,0.5
mSLM,3,1,4,0.75
mSLN,6,2,8,0.75
mSLP,0,2,2,0.0
mSLS,4,2,6,0.67
mSLb,1,2,3,0.33
mSLh,1,0,1,1.0
mSLl,1,2,3,0.33
mSLm,1,2,3,0.33
mSLn,3,1,4,0.75
mSLs,1,1,2,0.5
mSLt,2,1,3,0.67
mSMB,8,7,15,0.53
mSMD,1,3,4,0.25
mSML,4,0,4,1.0
mSMM,14,10,24,0.58
mSMN,9,10,19,0.47
mSMP,16,8,24,0.67
mSMS,12,7,19,0.63
mSMb,7,11,18,0.39
mSMh,6,8,14,0.43
mSMj,1,2,3,0.33
mSMl,6,3,9,0.67
mSMm,11,8,19,0.58
mSMn,21,17,38,0.55
mSMs,4,7,11,0.36
mSMt,1,3,4,0.25
mSNB,11,5,16,0.69
mSND,2,3,5,0.4
mSNH,2,1,3,0.67
mSNK,2,1,3,0.67
mSNL,2,2,4,0.5
mSNM,14,7,21,0.67
mSNN,11,10,21,0.52
mSNP,11,9,20,0.55
mSNS,8,12,20,0.4
mSNb,4,7,11,0.36
mSNh,3,2,5,0.6
mSNl,2,7,9,0.22
mSNm,12,10,22,0.55
mSNn,13,12,25,0.52
mSNs,10,5,15,0.67
mSNt,3,1,4,0.75
mSPB,8,8,16,0.5
mSPD,0,2,2,0.0
mSPH,4,3,7,0.57
mSPI,2,0,2,1.0
mSPK,1,2,3,0.33
mSPL,3,3,6,0.5
mSPM,16,10,26,0.62
mSPN,8,11,19,0.42
mSPP,15,17,32,0.47
mSPS,5,9,14,0.36
mSPb,6,6,12,0.5
mSPh,1,3,4,0.25
mSPl,3,3,6,0.5
mSPm,8,10,18,0.44
mSPn,12,10,22,0.55
mSPs,6,6,12,0.5
mSPt,3,0,3,1.0
mSSB,9,10,19,0.47
mSSD,7,3,10,0.7
mSSH,3,10,13,0.23
mSSI,3,2,5,0.6
mSSK,0,1,1,0.0
mSSL,3,4,7,0.43
mSSM,8,13,21,0.38
mSSN,12,10,22,0.55
mSSP,12,12,24,0.5
mSSS,13,18,31,0.42
mSSb,12,8,20,0.6
mSSh,4,2,6,0.67
mSSl,2,2,4,0.5
mSSm,10,13,23,0.43
mSSn,11,13,24,0.46
mSSs,15,12,27,0.56
mSSt,5,1,6,0.83
mSbB,6,4,10,0.6
mSbD,1,0,1,1.0
mSbH,0,5,5,0.0
mSbI,2,0,2,1.0
mSbJ,5,3,8,0.62
mSbK,1,0,1,1.0
mSbL,2,4,6,0.33
mSbM,6,12,18,0.33
mSbN,12,8,20,0.6
mSbP,7,11,18,0.39
mSbS,5,7,12,0.42
mSbb,8,4,12,0.67
mSbl,3,2,5,0.6
mSbm,6,4,10,0.6
mSbn,8,7,15,0.53
mSbs,7,6,13,0.54
mShB,5,5,10,0.5
mShD,2,1,3,0.67
mShH,0,1,1,0.0
mShL,0,1,1,0.0
mShM,5,6,11,0.45
mShN,2,5,7,0.29
mShP,3,6,9,0.33
mShS,4,1,5,0.8
mShb,6,5,11,0.55
mShh,4,5,9,0.44
mShl,4,1,5,0.8
mShm,8,7,15,0.53
mShn,4,8,12,0.33
mShs,4,5,9,0.44
mSht,0,1,1,0.0
mSlB,2,1,3,0.67
mSlD,1,1,2,0.5
mSlL,4,1,5,0.8
mSlM,1,4,5,0.2
mSlN,5,3,8,0.62
mSlP,1,2,3,0.33
mSlS,6,4,10,0.6
mSlb,3,2,5,0.6
mSll,0,1,1,0.0
mSlm,0,3,3,0.0
mSln,2,5,7,0.29
mSls,0,1,1,0.0
mSmB,9,9,18,0.5
mSmD,3,5,8,0.38
mSmH,17,7,24,0.71
mSmI,2,2,4,0.5
mSmJ,2,1,3,0.67
mSmL,5,5,10,0.5
mSmM,10,15,25,0.4
mSmN,10,12,22,0.45
mSmP,15,14,29,0.52
mSmS,8,16,24,0.33
mSmb,13,8,21,0.62
mSml,3,3,6,0.5
mSmm,8,13,21,0.38
mSmn,13,8,21,0.62
mSms,11,4,15,0.73
mSmt,1,0,1,1.0
mSnB,7,6,13,0.54
mSnD,3,0,3,1.0
mSnH,6,7,13,0.46
mSnI,1,2,3,0.33
mSnK,0,1,1,0.0
mSnL,3,1,4,0.75
mSnM,8,9,17,0.47
mSnN,18,14,32,0.56
mSnP,14,16,30,0.47
mSnS,10,6,16,0.62
mSnb,9,6,15,0.6
mSnh,0,1,1,0.0
mSnl,0,2,2,0.0
mSnm,9,9,18,0.5
mSnn,9,11,20,0.45
mSns,12,8,20,0.6
mSsB,4,7,11,0.36
mSsD,4,1,5,0.8
mSsH,10,4,14,0.71
mSsI,2,2,4,0.5
mSsL,3,5,8,0.38
mSsM,8,11,19,0.42
mSsN,11,11,22,0.5
mSsP,13,11,24,0.54
mSsS,16,11,27,0.59
mSsb,8,9,17,0.47
mSsh,0,2,2,0.0
mSsl,2,4,6,0.33
mSsm,8,5,13,0.62
mSsn,14,4,18,0.78
mSss,13,12,25,0.52
mStB,4,4,8,0.5
mStH,0,2,2,0.0
mStI,0,1,1,0.0
mStK,0,1,1,0.0
mStL,1,0,1,1.0
mStM,1,2,3,0.33
mStN,2,4,6,0.33
mStP,0,0,0,
mStS,1,2,3,0.33
mStb,1,1,2,0.5
mStl,1,2,3,0.33
mStm,3,3,6,0.5
mStn,2,2,4,0.5
mSts,2,0,2,1.0
mbBB,7,6,13,0.54
mbBD,0,4,4,0.0
mbBH,0,0,0,
mbBK,1,2,3,0.33
mbBL,2,4,6,0.33
mbBM,9,19,28,0.32
mbBN,15,13,28,0.54
mbBP,11,14,25,0.44
mbBS,5,4,9,0.56
mbBb,15,10,25,0.6
mbBh,2,2,4,0.5
mbBj,3,3,6,0.5
mbBl,6,2,8,0.75
mbBm,18,15,33,0.55
mbBn,14,15,29,0.48
mbBs,10,3,13,0.77
mbBt,1,3,4,0.25
mbDB,2,3,5,0.4
mbDD,0,0,0,
mbDH,3,2,5,0.6
mbDI,0,1,1,0.0
mbDK,0,1,1,0.0
mbDL,1,3,4,0.25
mbDM,3,2,5,0.6
mbDN,1,0,1,1.0
mbDP,1,1,2,0.5
mbDS,1,3,4,0.25
mbDb,1,2,3,0.33
mbDm,2,2,4,0.5
mbDn,3,1,4,0.75
mbDs,3,1,4,0.75
mbDt,0,0,0,
mbHB,2,2,4,0.5
mbHD,0,2,2,0.0
mbHI,2,1,3,0.67
mbHL,1,1,2,0.5
mbHM,3,1,4,0.75
mbHN,6,5,11,0.55
mbHP,2,1,3,0.67
mbHS,2,2,4,0.5
mbHb,6,0,6,1.0
mbHh,1,0,1,1.0
mbHm,4,2,6,0.67
mbHn,1,6,7,0.14
mbHs,1,3,4,0.25
mbHt,0,1,1,0.0
mbIB,2,0,2,1.0
mbID,1,2,3,0.33
mbIH,1,0,1,1.0
mbIL,2,1,3,0.67
mbIM,2,1,3,0.67
mbIN,3,2,5,0.6
mbIP,3,1,4,0.75
mbIS,1,1,2,0.5
mbIb,4,1,5,0.8
mbIl,1,1,2,0.5
mbIm,1,1,2,0.5
mbIn,1,0,1,1.0
mbIs,0,1,1,0.0
mbJB,8,3,11,0.73
mbJD,1,0,1,1.0
mbJH,0,1,1,0.0
mbJK,1,1,2,0.5
mbJL,3,1,4,0.75
mbJM,5,3,8,0.62
mbJN,3,4,7,0.43
mbJP,5,10,15,0.33
mbJS,1,7,8,0.12
mbJb,5,4,9,0.56
mbJh,2,0,2,1.0
mbJl,1,2,3,0.33
mbJm,6,4,10,0.6
mbJn,2,7,9,0.22
mbJt,0,1,1,0.0
mbKB,0,0,0,
mbKD,1,0,1,1.0
mbKI,2,0,2,1.0
mbKL,0,1,1,0.0
mbKM,3,4,7,0.43
mbKN,0,1,1,0.0
mbKP,1,1,2,0.5
mbKS,3,1,4,0.75
mbKb,2,1,3,0.67
mbKh,2,1,3,0.67
mbKm,3,0,3,1.0
mbKn,1,2,3,0.33
mbKs,0,1,1,0.0
mbLB,3,5,8,0.38
mbLH,0,0,0,
mbLL,1,0,1,1.0
mbLM,6,5,11,0.55
mbLN,2,2,4,0.5
mbLP,4,6,10,0.4
mbLS,2,0,2,1.0
mbLb,0,2,2,0.0
mbLh,3,3,6,0.5
mbLj,1,1,2,0.5
mbLl,1,0,1,1.0
mbLm,1,8,9,0.11
mbLn,7,5,12,0.58
mbLs,3,1,4,0.75
mbLt,1,0,1,1.0
mbMB,12,11,23,0.52
mbMD,2,3,5,0.4
mbMK,1,0,1,1.0
mbML,3,2,5,0.6
mbMM,13,14,27,0.48
mbMN,16,18,34,0.47
mbMP,11,14,25,0.44
mbMS,8,14,22,0.36
mbMb,21,15,36,0.58
mbMh,6,8,14,0.43
mbMj,0,3,3,0.0
mbMl,6,3,9,0.67
mbMm,7,11,18,0.39
mbMn,17,14,31,0.55
mbMs,5,5,10,0.5
mbMt,3,0,3,1.0
mbNB,12,11,23,0.52
mbND,3,2,5,0.6
mbNH,4,4,8,0.5
mbNK,3,0,3,1.0
mbNL,4,4,8,0.5
mbNM,12,16,28,0.43
mbNN,25,19,44,0.57
mbNP,13,25,38,0.34
mbNS,9,13,22,0.41
mbNb,15,14,29,0.52
mbNh,5,7,12,0.42
mbNl,6,1,7,0.86
mbNm,17,16,33,0.52
mbNn,23,11,34,0.68
mbNs,11,7,18,0.61
mbNt,2,3,5,0.4
mbPB,14,12,26,0.54
mbPD,1,2,3,0.33
mbPH,8,5,13,0.62
mbPI,1,0,1,1.0
mbPK,2,2,4,0.5
mbPL,7,3,10,0.7
mbPM,12,20,32,0.38
mbPN,16,15,31,0.52
mbPP,24,15,39,0.62
mbPS,8,9,17,0.47
mbPb,17,14,31,0.55
mbPh,1,1,2,0.5
mbPl,5,2,7,0.71
mbPm,17,8,25,0.68
mbPn,17,17,34,0.5
mbPs,13,4,17,0.76
mbPt,3,1,4,0.75
mbSB,6,2,8,0.75
mbSD,1,0,1,1.0
mbSH,5,2,7,0.71
mbSI,1,0,1,1.0
mbSL,1,3,4,0.25
mbSM,4,5,9,0.44
mbSN,4,8,12,0.33
mbSP,7,5,12,0.58
mbSS,9,4,13,0.69
mbSb,2,4,6,0.33
mbSh,4,3,7,0.57
mbSl,3,0,3,1.0
mbSm,5,8,13,0.38
mbSn,7,5,12,0.58
mbSs,5,6,11,0.45
mbSt,1,1,2,0.5
mbbB,15,18,33,0.45
mbbD,3,1,4,0.75
mbbH,3,2,5,0.6
mbbI,5,0,5,1.0
mbbJ,2,4,6,0.33
mbbK,1,3,4,0.25
mbbL,5,3,8,0.62
mbbM,13,22,35,0.37
mbbN,19,13,32,0.59
mbbP,19,14,33,0.58
mbbS,5,4,9,0.56
mbbb,13,16,29,0.45
mbbl,6,0,6,1.0
mbbm,15,11,26,0.58
mbbn,6,9,15,0.4
mbbs,4,6,10,0.4
mblB,7,4,11,0.64
mblH,3,0,3,1.0
mblI,1,0,1,1.0
mblJ,2,0,2,1.0
mblK,0,1,1,0.0
mblL,2,0,2,1.0
mblM,3,2,5,0.6
mblN,1,0,1,1.0
mblP,3,1,4,0.75
mblS,2,2,4,0.5
mblb,1,1,2,0.5
mbll,1,1,2,0.5
mblm,5,2,7,0.71
mbln,1,2,3,0.33
mbls,1,1,2,0.5
mbmB,13,14,27,0.48
mbmD,2,1,3,0.67
mbmH,4,11,15,0.27
mbmI,2,2,4,0.5
mbmJ,2,2,4,0.5
mbmL,3,3,6,0.5
mbmM,7,12,19,0.37
mbmN,14,10,24,0.58
mbmP,12,8,20,0.6
mbmS,11,2,13,0.85
mbmb,10,12,22,0.45
mbml,1,3,4,0.25
mbmm,6,6,12,0.5
mbmn,11,16,27,0.41
mbms,3,3,6,0.5
mbnB,5,7,12,0.42
mbnD,0,2,2,0.0
mbnH,5,9,14,0.36
mbnI,4,1,5,0.8
mbnK,2,0,2,1.0
mbnL,3,5,8,0.38
mbnM,12,13,25,0.48
mbnN,29,15,44,0.66
mbnP,24,19,43,0.56
mbnS,8,8,16,0.5
mbnb,17,8,25,0.68
mbnh,0,0,0,
mbnl,4,4,8,0.5
mbnm,11,7,18,0.61
mbnn,14,15,29,0.48
mbns,6,7,13,0.46
mbnt,0,1,1,0.0
mbsB,4,7,11,0.36
mbsD,0,2,2,0.0
mbsH,5,5,10,0.5
mbsI,0,2,2,0.0
mbsL,3,1,4,0.75
mbsM,2,4,6,0.33
mbsN,4,7,11,0.36
mbsP,7,2,9,0.78
mbsS,8,7,15,0.53
mbsb,6,4,10,0.6
mbsh,1,0,1,1.0
mbsl,0,2,2,0.0
mbsm,6,2,8,0.75
mbsn,4,5,9,0.44
mbss,2,4,6,0.33
mbtH,0,1,1,0.0
mhBM,0,0,0,
mhBN,0,1,1,0.0
mhBS,0,1,1,0.0
mhBb,1,0,1,1.0
mhIL,1,0,1,1.0
mhIM,0,1,1,0.0
mhIn,1,0,1,1.0
mhMm,0,1,1,0.0
mhNI,1,0,1,1.0
mhNN,1,0,1,1.0
mhNP,1,0,1,1.0
mhPb,0,1,1,0.0
mhPm,1,1,2,0.5
mhSD,0,0,0,
mhSS,1,0,1,1.0
mhSl,1,0,1,1.0
mhSn,1,0,1,1.0
mhbM,1,1,2,0.5
mhbN,1,0,1,1.0
mhbS,0,0,0,
mhbb,1,0,1,1.0
mhhh,0,0,0,
mhhm,0,0,0,
mhlJ,0,0,0,
mhlM,0,1,1,0.0
mhmB,0,1,1,0.0
mhmN,0,1,1,0.0
mhmP,0,0,0,
mhmS,0,1,1,0.0
mhmb,1,0,1,1.0
mhnB,0,1,1,0.0
mhnN,1,0,1,1.0
mhnP,1,0,1,1.0
mhnb,1,0,1,1.0
mhsm,0,1,1,0.0
mlBB,1,1,2,0.5
mlBL,0,2,2,0.0
mlBM,2,2,4,0.5
mlBN,9,4,13,0.69
mlBP,6,4,10,0.6
mlBS,2,2,4,0.5
mlBb,3,7,10,0.3
mlBh,0,1,1,0.0
mlBl,2,1,3,0.67
mlBm,4,2,6,0.67
mlBn,3,6,9,0.33
mlBs,3,4,7,0.43
mlBt,0,0,0,
mlDB,0,1,1,0.0
mlDM,1,2,3,0.33
mlDN,0,1,1,0.0
mlDP,0,0,0,
mlDm,2,1,3,0.67
mlDn,1,0,1,1.0
mlDt,1,0,1,1.0
mlHB,2,3,5,0.4
mlHI,0,1,1,0.0
mlHL,0,0,0,
mlHM,1,1,2,0.5
mlHN,2,4,6,0.33
mlHP,4,5,9,0.44
mlHS,0,1,1,0.0
mlHb,4,0,4,1.0
mlHh,1,0,1,1.0
mlHl,0,2,2,0.0
mlHm,0,2,2,0.0
mlHn,3,3,6,0.5
mlHs,1,3,4,0.25
mlIP,0,1,1,0.0
mlIb,1,0,1,1.0
mlIl,0,2,2,0.0
mlIm,1,0,1,1.0
mlIs,1,1,2,0.5
mlJB,1,2,3,0.33
mlJK,1,0,1,1.0
mlJM,1,4,5,0.2
mlJN,0,1,1,0.0
mlJP,1,5,6,0.17
mlJS,2,1,3,0.67
mlJm,2,0,2,1.0
mlJn,3,0,3,1.0
mlJs,3,0,3,1.0
mlKM,1,0,1,1.0
mlKS,0,1,1,0.0
mlKh,0,1,1,0.0
mlLD,0,0,0,
mlLM,0,4,4,0.0
mlLN,2,3,5,0.4
mlLP,1,3,4,0.25
mlLS,0,2,2,0.0
mlLh,0,1,1,0.0
mlLl,1,1,2,0.5
mlLm,1,2,3,0.33
mlLn,2,2,4,0.5
mlLs,1,1,2,0.5
mlLt,0,0,0,
mlMB,3,7,10,0.3
mlMD,2,1,3,0.67
mlML,0,3,3,0.0
mlMM,2,7,9,0.22
mlMN,4,7,11,0.36
mlMP,7,3,10,0.7
mlMS,2,2,4,0.5
mlMb,6,3,9,0.67
mlMh,3,2,5,0.6
mlMj,0,1,1,0.0
mlMl,4,0,4,1.0
mlMm,9,7,16,0.56
mlMn,3,2,5,0.6
mlMs,2,2,4,0.5
mlMt,1,0,1,1.0
mlNB,0,1,1,0.0
mlND,0,1,1,0.0
mlNH,1,0,1,1.0
mlNK,1,0,1,1.0
mlNL,2,3,5,0.4
mlNM,8,2,10,0.8
mlNN,8,3,11,0.73
mlNP,5,8,13,0.38
mlNS,3,2,5,0.6
mlNb,4,3,7,0.57
mlNh,0,1,1,0.0
mlNl,3,1,4,0.75
mlNm,5,2,7,0.71
mlNn,4,7,11,0.36
mlNs,2,5,7,0.29
mlNt,0,1,1,0.0
mlPB,2,4,6,0.33
mlPH,1,1,2,0.5
mlPL,1,0,1,1.0
mlPM,3,2,5,0.6
mlPN,7,3,10,0.7
mlPP,13,5,18,0.72
mlPS,3,1,4,0.75
mlPb,1,4,5,0.2
mlPh,1,0,1,1.0
mlPm,3,1,4,0.75
mlPn,3,7,10,0.3
mlPs,4,1,5,0.8
mlPt,1,0,1,1.0
mlSB,2,2,4,0.5
mlSH,1,0,1,1.0
mlSI,0,1,1,0.0
mlSL,1,1,2,0.5
mlSM,6,3,9,0.67
mlSN,1,7,8,0.12
mlSP,3,1,4,0.75
mlSS,0,3,3,0.0
mlSb,2,0,2,1.0
mlSh,1,0,1,1.0
mlSl,1,1,2,0.5
mlSm,4,0,4,1.0
mlSn,3,1,4,0.75
mlSs,1,3,4,0.25
mlbB,2,2,4,0.5
mlbD,1,1,2,0.5
mlbH,0,1,1,0.0
mlbI,0,2,2,0.0
mlbJ,1,0,1,1.0
mlbK,1,0,1,1.0
mlbL,4,2,6,0.67
mlbM,2,3,5,0.4
mlbN,3,4,7,0.43
mlbP,5,3,8,0.62
mlbS,3,1,4,0.75
mlbb,4,5,9,0.44
mlbl,1,2,3,0.33
mlbm,2,2,4,0.5
mlbn,5,4,9,0.56
mlbs,1,0,1,1.0
mlhB,0,1,1,0.0
mlhh,0,0,0,
mllB,2,1,3,0.67
mllJ,1,0,1,1.0
mllK,1,0,1,1.0
mllL,1,0,1,1.0
mllM,1,2,3,0.33
mllP,1,1,2,0.5
mllS,0,0,0,
mllb,0,2,2,0.0
mlll,1,0,1,1.0
mllm,2,0,2,1.0
mlln,1,2,3,0.33
mlmB,4,5,9,0.44
mlmD,0,0,0,
mlmH,4,2,6,0.67
mlmJ,0,1,1,0.0
mlmL,1,0,1,1.0
mlmM,2,3,5,0.4
mlmN,2,3,5,0.4
mlmP,3,5,8,0.38
mlmS,1,1,2,0.5
mlmb,2,0,2,1.0
mlml,1,1,2,0.5
mlmm,4,3,7,0.57
mlmn,6,1,7,0.86
mlms,4,1,5,0.8
mlnB,3,1,4,0.75
mlnH,1,0,1,1.0
mlnI,1,0,1,1.0
mlnL,2,0,2,1.0
mlnM,2,2,4,0.5
mlnN,4,3,7,0.57
mlnP,5,4,9,0.56
mlnS,1,2,3,0.33
mlnb,2,1,3,0.67
mlnl,1,0,1,1.0
mlnm,6,6,12,0.5
mlnn,3,2,5,0.6
mlns,2,1,3,0.67
mlsB,1,1,2,0.5
mlsD,0,0,0,
mlsL,0,1,1,0.0
mlsM,3,2,5,0.6
mlsN,1,3,4,0.25
mlsP,1,2,3,0.33
mlsS,1,1,2,0.5
mlsh,0,0,0,
mlsl,1,1,2,0.5
mlsm,3,2,5,0.6
mlsn,1,0,1,1.0
mlss,1,1,2,0.5
mmBB,18,13,31,0.58
mmBD,7,4,11,0.64
mmBH,0,0,0,
mmBI,1,0,1,1.0
mmBK,1,2,3,0.33
mmBL,1,4,5,0.2
mmBM,12,13,25,0.48
mmBN,16,21,37,0.43
mmBP,13,8,21,0.62
mmBS,9,12,21,0.43
mmBb,15,6,21,0.71
mmBh,3,3,6,0.5
mmBj,0,3,3,0.0
mmBl,5,5,10,0.5
mmBm,13,18,31,0.42
mmBn,12,16,28,0.43
mmBs,6,4,10,0.6
mmBt,2,0,2,1.0
mmDB,1,5,6,0.17
mmDD,4,2,6,0.67
mmDH,1,6,7,0.14
mmDI,1,0,1,1.0
mmDK,1,0,1,1.0
mmDL,1,0,1,1.0
mmDM,6,4,10,0.6
mmDN,7,3,10,0.7
mmDP,4,4,8,0.5
mmDS,8,3,11,0.73
mmDb,2,3,5,0.4
mmDh,0,1,1,0.0
mmDl,0,1,1,0.0
mmDm,4,5,9,0.44
mmDn,1,1,2,0.5
mmDs,3,0,3,1.0
mmDt,2,0,2,1.0
mmHB,9,13,22,0.41
mmHD,1,1,2,0.5
mmHH,1,2,3,0.33
mmHI,1,0,1,1.0
mmHK,1,0,1,1.0
mmHL,1,4,5,0.2
mmHM,11,17,28,0.39
mmHN,9,9,18,0.5
mmHP,11,16,27,0.41
mmHS,7,5,12,0.58
mmHb,8,17,25,0.32
mmHh,2,4,6,0.33
mmHl,5,3,8,0.62
mmHm,11,12,23,0.48
mmHn,8,13,21,0.38
mmHs,6,5,11,0.55
mmHt,2,1,3,0.67
mmIB,1,0,1,1.0
mmID,1,0,1,1.0
mmIL,1,0,1,1.0
mmIM,0,1,1,0.0
mmIN,2,1,3,0.67
mmIP,0,0,0,
mmIS,1,0,1,1.0
mmIb,1,0,1,1.0
mmIm,1,0,1,1.0
mmIn,1,3,4,0.25
mmIs,2,1,3,0.67
mmJB,1,1,2,0.5
mmJH,2,0,2,1.0
mmJI,1,0,1,1.0
mmJL,1,1,2,0.5
mmJM,3,4,7,0.43
mmJN,2,6,8,0.25
mmJP,1,4,5,0.2
mmJS,4,2,6,0.67
mmJb,4,3,7,0.57
mmJl,2,1,3,0.67
mmJm,6,3,9,0.67
mmJn,1,5,6,0.17
mmJs,0,1,1,0.0
mmJt,1,1,2,0.5
mmKH,0,0,0,
mmKI,0,0,0,
mmKM,0,2,2,0.0
mmKN,1,0,1,1.0
mmKS,0,2,2,0.0
mmKb,0,1,1,0.0
mmKh,0,1,1,0.0
mmKm,0,1,1,0.0
mmKt,1,0,1,1.0
mmLB,1,3,4,0.25
mmLD,2,0,2,1.0
mmLH,0,1,1,0.0
mmLK,0,2,2,0.0
mmLL,1,0,1,1.0
mmLM,3,3,6,0.5
mmLN,1,4,5,0.2
mmLP,5,3,8,0.62
mmLS,2,6,8,0.25
mmLb,2,5,7,0.29
mmLh,3,4,7,0.43
mmLj,0,0,0,
mmLl,1,2,3,0.33
mmLm,5,7,12,0.42
mmLn,4,7,11,0.36
mmLs,3,2,5,0.6
mmLt,0,1,1,0.0
mmMB,8,12,20,0.4
mmMD,5,4,9,0.56
mmMK,0,1,1,0.0
mmML,0,5,5,0.0
mmMM,22,30,52,0.42
mmMN,11,8,19,0.58
mmMP,14,12,26,0.54
mmMS,10,16,26,0.38
mmMb,7,12,19,0.37
mmMh,15,7,22,0.68
mmMj,3,3,6,0.5
mmMl,2,1,3,0.67
mmMm,15,15,30,0.5
mmMn,25,28,53,0.47
mmMs,15,8,23,0.65
mmMt,1,4,5,0.2
mmNB,12,18,30,0.4
mmND,6,2,8,0.75
mmNH,2,3,5,0.4
mmNI,0,1,1,0.0
mmNK,4,3,7,0.57
mmNL,4,2,6,0.67
mmNM,10,22,32,0.31
mmNN,17,22,39,0.44
mmNP,17,28,45,0.38
mmNS,21,18,39,0.54
mmNb,12,6,18,0.67
mmNh,2,3,5,0.4
mmNl,2,3,5,0.4
mmNm,22,17,39,0.56
mmNn,21,18,39,0.54
mmNs,17,10,27,0.63
mmNt,3,1,4,0.75
mmPB,14,13,27,0.52
mmPD,4,3,7,0.57
mmPH,8,2,10,0.8
mmPI,2,0,2,1.0
mmPK,2,1,3,0.67
mmPL,9,3,12,0.75
mmPM,12,17,29,0.41
mmPN,20,22,42,0.48
mmPP,17,20,37,0.46
mmPS,10,9,19,0.53
mmPb,5,16,21,0.24
mmPh,1,5,6,0.17
mmPl,5,4,9,0.56
mmPm,12,21,33,0.36
mmPn,18,14,32,0.56
mmPs,12,5,17,0.71
mmPt,2,1,3,0.67
mmSB,5,11,16,0.31
mmSD,2,3,5,0.4
mmSH,3,4,7,0.43
mmSI,2,2,4,0.5
mmSL,3,2,5,0.6
mmSM,9,12,21,0.43
mmSN,9,9,18,0.5
mmSP,11,10,21,0.52
mmSS,9,10,19,0.47
mmSb,8,8,16,0.5
mmSh,7,4,11,0.64
mmSl,2,1,3,0.67
mmSm,11,11,22,0.5
mmSn,8,5,13,0.62
mmSs,7,7,14,0.5
mmSt,3,4,7,0.43
mmbB,11,14,25,0.44
mmbD,3,1,4,0.75
mmbH,5,1,6,0.83
mmbI,2,1,3,0.67
mmbJ,2,3,5,0.4
mmbK,2,4,6,0.33
mmbL,2,1,3,0.67
mmbM,17,18,35,0.49
mmbN,18,25,43,0.42
mmbP,22,11,33,0.67
mmbS,2,8,10,0.2
mmbb,20,10,30,0.67
mmbl,4,3,7,0.57
mmbm,16,13,29,0.55
mmbn,13,17,30,0.43
mmbs,2,5,7,0.29
mmhB,1,0,1,1.0
mmhP,0,1,1,0.0
mmhb,2,0,2,1.0
mmhm,0,1,1,0.0
mmlB,4,4,8,0.5
mmlH,2,5,7,0.29
mmlJ,1,0,1,1.0
mmlL,1,2,3,0.33
mmlM,2,5,7,0.29
mmlN,3,2,5,0.6
mmlP,1,2,3,0.33
mmlS,1,1,2,0.5
mmlb,5,3,8,0.62
mmll,0,0,0,
mmlm,2,5,7,0.29
mmln,4,2,6,0.67
mmls,0,1,1,0.0
mmmB,25,18,43,0.58
mmmD,6,2,8,0.75
mmmH,9,11,20,0.45
mmmI,1,3,4,0.25
mmmJ,3,4,7,0.43
mmmK,2,0,2,1.0
mmmL,1,0,1,1.0
mmmM,14,17,31,0.45
mmmN,26,18,44,0.59
mmmP,18,13,31,0.58
mmmS,15,12,27,0.56
mmmb,10,13,23,0.43
mmml,3,4,7,0.43
mmmm,19,12,31,0.61
mmmn,13,9,22,0.59
mmms,10,5,15,0.67
mmnB,12,10,22,0.55
mmnD,5,1,6,0.83
mmnH,2,4,6,0.33
mmnI,1,2,3,0.33
mmnK,1,1,2,0.5
mmnL,7,6,13,0.54
mmnM,12,12,24,0.5
mmnN,19,17,36,0.53
mmnP,11,16,27,0.41
mmnS,12,6,18,0.67
mmnb,12,7,19,0.63
mmnh,0,1,1,0.0
mmnl,4,1,5,0.8
mmnm,15,10,25,0.6
mmnn,20,12,32,0.62
mmns,13,8,21,0.62
mmnt,0,1,1,0.0
mmsB,3,5,8,0.38
mmsD,1,2,3,0.33
mmsH,9,8,17,0.53
mmsI,2,1,3,0.67
mmsL,2,5,7,0.29
mmsM,9,10,19,0.47
mmsN,4,8,12,0.33
mmsP,5,7,12,0.42
mmsS,9,10,19,0.47
mmsb,5,14,19,0.26
mmsl,0,1,1,0.0
mmsm,7,3,10,0.7
mmsn,3,6,9,0.33
mmss,6,5,11,0.55
mmst,1,0,1,1.0
mmtM,1,0,1,1.0
mnBB,13,7,20,0.65
mnBD,7,5,12,0.58
mnBL,0,2,2,0.0
mnBM,8,13,21,0.38
mnBN,5,10,15,0.33
mnBP,14,12,26,0.54
mnBS,9,7,16,0.56
mnBb,9,6,15,0.6
mnBh,1,0,1,1.0
mnBj,3,4,7,0.43
mnBl,6,2,8,0.75
mnBm,11,12,23,0.48
mnBn,12,6,18,0.67
mnBs,5,8,13,0.38
mnBt,2,0,2,1.0
mnDB,2,3,5,0.4
mnDD,0,5,5,0.0
mnDH,3,1,4,0.75
mnDL,2,1,3,0.67
mnDM,4,2,6,0.67
mnDN,2,1,3,0.67
mnDP,6,3,9,0.67
mnDS,4,4,8,0.5
mnDb,2,2,4,0.5
mnDl,1,0,1,1.0
mnDm,1,2,3,0.33
mnDn,3,2,5,0.6
mnDs,1,3,4,0.25
mnHB,8,7,15,0.53
mnHD,4,3,7,0.57
mnHH,2,3,5,0.4
mnHI,1,0,1,1.0
mnHK,1,0,1,1.0
mnHL,5,1,6,0.83
mnHM,3,5,8,0.38
mnHN,10,6,16,0.62
mnHP,13,5,18,0.72
mnHS,6,5,11,0.55
mnHb,3,5,8,0.38
mnHh,5,4,9,0.56
mnHl,0,3,3,0.0
mnHm,6,6,12,0.5
mnHn,6,4,10,0.6
mnHs,9,3,12,0.75
mnHt,1,1,2,0.5
mnIB,3,2,5,0.6
mnID,1,0,1,1.0
mnIH,3,0,3,1.0
mnIL,1,0,1,1.0
mnIM,1,1,2,0.5
mnIN,2,0,2,1.0
mnIP,4,3,7,0.57
mnIS,2,3,5,0.4
mnIb,0,3,3,0.0
mnIl,0,1,1,0.0
mnIm,1,1,2,0.5
mnIn,3,4,7,0.43
mnIs,0,1,1,0.0
mnIt,2,0,2,1.0
mnKB,1,2,3,0.33
mnKD,1,1,2,0.5
mnKI,1,0,1,1.0
mnKL,1,0,1,1.0
mnKM,0,0,0,
mnKN,1,0,1,1.0
mnKP,1,1,2,0.5
mnKS,0,1,1,0.0
mnKb,1,0,1,1.0
mnKh,2,1,3,0.67
mnKn,4,1,5,0.8
mnKs,1,0,1,1.0
mnLB,3,3,6,0.5
mnLK,0,1,1,0.0
mnLL,2,1,3,0.67
mnLM,3,0,3,1.0
mnLN,5,6,11,0.45
mnLP,3,4,7,0.43
mnLS,2,2,4,0.5
mnLb,4,3,7,0.57
mnLh,1,4,5,0.2
mnLj,0,1,1,0.0
mnLl,1,0,1,1.0
mnLm,4,1,5,0.8
mnLn,1,4,5,0.2
mnLs,2,0,2,1.0
mnMB,5,17,22,0.23
mnMD,1,3,4,0.25
mnML,2,2,4,0.5
mnMM,10,10,20,0.5
mnMN,12,11,23,0.52
mnMP,18,13,31,0.58
mnMS,11,5,16,0.69
mnMb,6,6,12,0.5
mnMh,2,9,11,0.18
mnMj,1,4,5,0.2
mnMl,5,6,11,0.45
mnMm,15,10,25,0.6
mnMn,22,17,39,0.56
mnMs,17,12,29,0.59
mnMt,5,2,7,0.71
mnNB,5,13,18,0.28
mnND,1,4,5,0.2
mnNH,3,6,9,0.33
mnNK,2,0,2,1.0
mnNL,2,2,4,0.5
mnNM,13,18,31,0.42
mnNN,18,20,38,0.47
mnNP,20,33,53,0.38
mnNS,13,7,20,0.65
mnNb,8,3,11,0.73
mnNh,4,6,10,0.4
mnNl,4,5,9,0.44
mnNm,12,14,26,0.46
mnNn,29,26,55,0.53
mnNs,8,15,23,0.35
mnNt,1,4,5,0.2
mnPB,14,10,24,0.58
mnPD,4,4,8,0.5
mnPH,5,10,15,0.33
mnPI,2,3,5,0.4
mnPK,1,4,5,0.2
mnPL,5,9,14,0.36
mnPM,13,15,28,0.46
mnPN,26,17,43,0.6
mnPP,22,19,41,0.54
mnPS,17,11,28,0.61
mnPb,12,18,30,0.4
mnPh,2,2,4,0.5
mnPl,5,4,9,0.56
mnPm,21,16,37,0.57
mnPn,21,18,39,0.54
mnPs,11,8,19,0.58
mnPt,2,1,3,0.67
mnSB,6,5,11,0.55
mnSD,2,1,3,0.67
mnSH,4,3,7,0.57
mnSI,2,0,2,1.0
mnSL,2,3,5,0.4
mnSM,7,7,14,0.5
mnSN,9,9,18,0.5
mnSP,9,8,17,0.53
mnSS,12,9,21,0.57
mnSb,9,0,9,1.0
mnSh,4,6,10,0.4
mnSl,2,1,3,0.67
mnSm,14,5,19,0.74
mnSn,5,7,12,0.42
mnSs,11,11,22,0.5
mnSt,3,1,4,0.75
mnbB,11,17,28,0.39
mnbD,1,2,3,0.33
mnbH,2,1,3,0.67
mnbI,1,0,1,1.0
mnbJ,5,1,6,0.83
mnbK,3,1,4,0.75
mnbL,3,0,3,1.0
mnbM,10,11,21,0.48
mnbN,15,18,33,0.45
mnbP,14,11,25,0.56
mnbS,9,11,20,0.45
mnbb,14,7,21,0.67
mnbl,4,1,5,0.8
mnbm,10,6,16,0.62
mnbn,11,3,14,0.79
mnbs,6,3,9,0.67
mnhB,1,0,1,1.0
mnhD,0,1,1,0.0
mnhH,1,0,1,1.0
mnhM,0,0,0,
mnhN,1,0,1,1.0
mnhS,1,0,1,1.0
mnhb,0,1,1,0.0
mnhm,0,1,1,0.0
mnhn,1,1,2,0.5
mnht,1,0,1,1.0
mnlB,4,1,5,0.8
mnlD,0,1,1,0.0
mnlH,2,4,6,0.33
mnlI,1,1,2,0.5
mnlJ,1,0,1,1.0
mnlL,1,1,2,0.5
mnlM,3,2,5,0.6
mnlN,2,3,5,0.4
mnlP,4,2,6,0.67
mnlS,0,2,2,0.0
mnlb,2,4,6,0.33
mnll,0,0,0,
mnlm,4,0,4,1.0
mnln,5,2,7,0.71
mnls,3,1,4,0.75
mnmB,14,16,30,0.47
mnmD,2,2,4,0.5
mnmH,6,7,13,0.46
mnmI,1,2,3,0.33
mnmJ,1,1,2,0.5
mnmL,2,2,4,0.5
mnmM,14,15,29,0.48
mnmN,13,12,25,0.52
mnmP,16,4,20,0.8
mnmS,8,5,13,0.62
mnmb,11,13,24,0.46
mnml,4,1,5,0.8
mnmm,11,9,20,0.55
mnmn,15,10,25,0.6
mnms,2,6,8,0.25
mnnB,12,11,23,0.52
mnnD,4,2,6,0.67
mnnH,5,8,13,0.38
mnnI,2,1,3,0.67
mnnK,2,0,2,1.0
mnnL,0,4,4,0.0
mnnM,11,13,24,0.46
mnnN,21,24,45,0.47
mnnP,18,16,34,0.53
mnnS,11,7,18,0.61
mnnb,9,11,20,0.45
mnnh,1,0,1,1.0
mnnl,1,3,4,0.25
mnnm,15,12,27,0.56
mnnn,15,15,30,0.5
mnns,8,2,10,0.8
mnnt,0,1,1,0.0
mnsB,7,7,14,0.5
mnsD,3,1,4,0.75
mnsH,7,4,11,0.64
mnsI,1,2,3,0.33
mnsL,3,4,7,0.43
mnsM,8,5,13,0.62
mnsN,11,11,22,0.5
mnsP,11,7,18,0.61
mnsS,7,12,19,0.37
mnsb,7,9,16,0.44
mnsh,0,2,2,0.0
mnsl,0,4,4,0.0
mnsm,4,6,10,0.4
mnsn,10,6,16,0.62
mnss,8,5,13,0.62
mntB,0,1,1,0.0
mntN,0,1,1,0.0
mntP,0,0,0,
mntm,0,1,1,0.0
mntn,1,0,1,1.0
msBB,4,5,9,0.44
msBD,1,0,1,1.0
msBK,1,0,1,1.0
msBL,1,1,2,0.5
msBM,5,5,10,0.5
msBN,5,8,13,0.38
msBP,8,11,19,0.42
msBS,3,5,8,0.38
msBb,3,6,9,0.33
msBj,2,1,3,0.67
msBl,1,1,2,0.5
msBm,10,8,18,0.56
msBn,5,4,9,0.56
msBs,4,6,10,0.4
msBt,1,1,2,0.5
msDB,2,3,5,0.4
msDD,1,3,4,0.25
msDH,0,1,1,0.0
msDL,1,0,1,1.0
msDM,2,3,5,0.4
msDN,3,0,3,1.0
msDP,1,0,1,1.0
msDS,3,3,6,0.5
msDb,1,2,3,0.33
msDl,1,2,3,0.33
msDm,4,5,9,0.44
msDn,2,3,5,0.4
msDs,0,0,0,
msDt,0,1,1,0.0
msHB,8,7,15,0.53
msHD,1,3,4,0.25
msHH,1,1,2,0.5
msHI,1,1,2,0.5
msHK,2,1,3,0.67
msHL,4,0,4,1.0
msHM,10,8,18,0.56
msHN,10,6,16,0.62
msHP,8,6,14,0.57
msHS,6,8,14,0.43
msHb,4,4,8,0.5
msHh,2,5,7,0.29
msHl,1,2,3,0.33
msHm,11,5,16,0.69
msHn,7,4,11,0.64
msHs,7,6,13,0.54
msHt,1,0,1,1.0
msIB,2,1,3,0.67
msIH,0,1,1,0.0
msII,0,1,1,0.0
msIL,1,0,1,1.0
msIM,2,1,3,0.67
msIN,0,0,0,
msIP,0,1,1,0.0
msIS,1,2,3,0.33
msIm,2,0,2,1.0
msIn,1,0,1,1.0
msIs,0,1,1,0.0
msIt,0,0,0,
msKB,1,0,1,1.0
msKP,0,0,0,
msKb,0,1,1,0.0
msKm,0,1,1,0.0
msKn,0,1,1,0.0
msKs,0,2,2,0.0
msLB,1,1,2,0.5
msLH,1,0,1,1.0
msLL,0,1,1,0.0
msLM,1,4,5,0.2
msLN,0,1,1,0.0
msLP,2,2,4,0.5
msLS,5,2,7,0.71
msLb,0,1,1,0.0
msLh,0,0,0,
msLj,1,1,2,0.5
msLl,1,0,1,1.0
msLm,4,1,5,0.8
msLn,2,1,3,0.67
msLs,1,1,2,0.5
msMB,8,6,14,0.57
msMD,0,2,2,0.0
msMK,0,0,0,
msML,1,0,1,1.0
msMM,8,6,14,0.57
msMN,12,8,20,0.6
msMP,9,5,14,0.64
msMS,2,4,6,0.33
msMb,8,3,11,0.73
msMh,4,11,15,0.27
msMj,2,2,4,0.5
msMl,1,2,3,0.33
msMm,14,11,25,0.56
msMn,9,3,12,0.75
msMs,5,11,16,0.31
msMt,2,1,3,0.67
msNB,9,3,12,0.75
msND,3,0,3,1.0
msNH,2,2,4,0.5
msNI,0,0,0,
msNK,0,1,1,0.0
msNL,1,4,5,0.2
msNM,4,7,11,0.36
msNN,12,10,22,0.55
msNP,11,11,22,0.5
msNS,2,5,7,0.29
msNb,3,3,6,0.5
msNh,0,0,0,
msNl,2,2,4,0.5
msNm,11,6,17,0.65
msNn,13,9,22,0.59
msNs,7,8,15,0.47
msNt,2,1,3,0.67
msPB,10,4,14,0.71
msPD,2,0,2,1.0
msPH,1,4,5,0.2
msPI,2,1,3,0.67
msPK,3,1,4,0.75
msPL,2,4,6,0.33
msPM,4,6,10,0.4
msPN,3,8,11,0.27
msPP,16,13,29,0.55
msPS,7,7,14,0.5
msPb,2,7,9,0.22
msPh,3,2,5,0.6
msPl,3,1,4,0.75
msPm,15,5,20,0.75
msPn,7,10,17,0.41
msPs,7,2,9,0.78
msPt,0,1,1,0.0
msSB,3,7,10,0.3
msSD,0,3,3,0.0
msSH,3,3,6,0.5
msSK,0,0,0,
msSL,0,5,5,0.0
msSM,7,3,10,0.7
msSN,7,9,16,0.44
msSP,8,12,20,0.4
msSS,17,9,26,0.65
msSb,8,5,13,0.62
msSh,5,5,10,0.5
msSl,2,2,4,0.5
msSm,6,7,13,0.46
msSn,5,9,14,0.36
msSs,13,5,18,0.72
msSt,4,1,5,0.8
msbB,7,7,14,0.5
msbD,0,2,2,0.0
msbH,2,1,3,0.67
msbJ,2,1,3,0.67
msbK,1,0,1,1.0
msbL,2,0,2,1.0
msbM,7,7,14,0.5
msbN,6,4,10,0.6
msbP,6,12,18,0.33
msbS,1,5,6,0.17
msbb,8,10,18,0.44
msbl,3,1,4,0.75
msbm,6,6,12,0.5
msbn,6,5,11,0.55
msbs,2,0,2,1.0
mshB,0,1,1,0.0
mshI,1,0,1,1.0
mshM,0,1,1,0.0
mshS,0,1,1,0.0
mshb,1,0,1,1.0
mshm,1,2,3,0.33
mshs,1,0,1,1.0
mslB,3,0,3,1.0
mslH,0,2,2,0.0
mslK,1,0,1,1.0
mslL,1,2,3,0.33
mslM,1,2,3,0.33
mslN,1,0,1,1.0
mslP,4,3,7,0.57
mslS,0,2,2,0.0
msll,1,0,1,1.0
mslm,3,0,3,1.0
msls,0,3,3,0.0
msmB,15,5,20,0.75
msmD,3,2,5,0.6
msmH,3,8,11,0.27
msmI,1,2,3,0.33
msmJ,1,0,1,1.0
msmL,1,3,4,0.25
msmM,4,9,13,0.31
msmN,8,11,19,0.42
msmP,7,6,13,0.54
msmS,5,6,11,0.45
msmb,9,7,16,0.56
msml,0,1,1,0.0
msmm,18,9,27,0.67
msmn,10,9,19,0.53
msms,4,3,7,0.57
msnB,2,6,8,0.25
msnD,3,3,6,0.5
msnH,2,5,7,0.29
msnI,1,0,1,1.0
msnK,1,0,1,1.0
msnL,3,2,5,0.6
msnM,5,8,13,0.38
msnN,8,10,18,0.44
msnP,4,10,14,0.29
msnS,4,5,9,0.44
msnb,3,4,7,0.43
msnl,1,1,2,0.5
msnm,8,9,17,0.47
msnn,3,4,7,0.43
msns,8,5,13,0.62
mssB,4,2,6,0.67
mssD,2,5,7,0.29
mssH,3,6,9,0.33
mssI,1,0,1,1.0
mssL,4,0,4,1.0
mssM,5,5,10,0.5
mssN,5,4,9,0.56
mssP,7,2,9,0.78
mssS,7,11,18,0.39
mssb,3,2,5,0.6
mssh,1,0,1,1.0
mssl,4,1,5,0.8
mssm,7,7,14,0.5
mssn,6,4,10,0.6
msss,9,3,12,0.75
mstD,0,1,1,0.0
mstH,0,1,1,0.0
mstM,0,1,1,0.0
mstS,2,0,2,1.0
mstb,1,0,1,1.0
msts,0,0,0,
mtBP,1,0,1,1.0
mtDn,0,0,0,
mtMM,1,0,1,1.0
mtNM,0,0,0,
mtSM,0,0,0,
mtSm,0,0,0,
mttM,0,1,1,0.0
n,0,1,1,0.0
nBBB,8,15,23,0.35
nBBD,1,0,1,1.0
nBBH,0,0,0,
nBBK,0,1,1,0.0
nBBL,4,3,7,0.57
nBBM,7,7,14,0.5
nBBN,10,14,24,0.42
nBBP,11,18,29,0.38
nBBS,5,5,10,0.5
nBBb,7,12,19,0.37
nBBh,0,1,1,0.0
nBBj,4,1,5,0.8
nBBl,3,6,9,0.33
nBBm,7,13,20,0.35
nBBn,17,14,31,0.55
nBBs,6,1,7,0.86
nBBt,1,2,3,0.33
nBDB,2,2,4,0.5
nBDD,1,0,1,1.0
nBDH,0,3,3,0.0
nBDI,0,0,0,
nBDL,1,1,2,0.5
nBDM,5,1,6,0.83
nBDN,2,1,3,0.67
nBDP,5,1,6,0.83
nBDS,5,4,9,0.56
nBDb,1,1,2,0.5
nBDl,0,4,4,0.0
nBDm,2,2,4,0.5
nBDn,3,2,5,0.6
nBDs,2,3,5,0.4
nBHK,0,0,0,
nBHL,1,0,1,1.0
nBKB,3,1,4,0.75
nBKM,3,0,3,1.0
nBKN,1,1,2,0.5
nBKP,0,3,3,0.0
nBKS,1,0,1,1.0
nBKh,0,0,0,
nBKl,0,1,1,0.0
nBKm,1,0,1,1.0
nBKn,2,0,2,1.0
nBKs,2,1,3,0.67
nBKt,1,0,1,1.0
nBLB,4,1,5,0.8
nBLD,1,0,1,1.0
nBLL,0,1,1,0.0
nBLM,2,2,4,0.5
nBLN,5,2,7,0.71
nBLP,9,3,12,0.75
nBLS,0,1,1,0.0
nBLb,3,3,6,0.5
nBLh,0,1,1,0.0
nBLj,1,0,1,1.0
nBLl,2,3,5,0.4
nBLm,3,5,8,0.38
nBLn,6,5,11,0.55
nBLs,3,1,4,0.75
nBMB,10,11,21,0.48
nBMD,3,2,5,0.6
nBMK,0,1,1,0.0
nBML,3,4,7,0.43
nBMM,6,7,13,0.46
nBMN,7,12,19,0.37
nBMP,11,6,17,0.65
nBMS,1,3,4,0.25
nBMb,7,9,16,0.44
nBMh,6,12,18,0.33
nBMj,2,0,2,1.0
nBMl,4,2,6,0.67
nBMm,15,9,24,0.62
nBMn,15,13,28,0.54
nBMs,4,4,8,0.5
nBMt,1,1,2,0.5
nBNB,12,11,23,0.52
nBND,1,1,2,0.5
nBNH,4,0,4,1.0
nBNK,0,1,1,0.0
nBNL,4,1,5,0.8
nBNM,6,10,16,0.38
nBNN,17,16,33,0.52
nBNP,18,24,42,0.43
nBNS,8,9,17,0.47
nBNb,6,9,15,0.4
nBNh,5,8,13,0.38
nBNl,3,2,5,0.6
nBNm,11,9,20,0.55
nBNn,21,20,41,0.51
nBNs,11,13,24,0.46
nBNt,1,1,2,0.5
nBPB,8,8,16,0.5
nBPD,3,1,4,0.75
nBPH,3,1,4,0.75
nBPK,2,2,4,0.5
nBPL,4,4,8,0.5
nBPM,13,16,29,0.45
nBPN,13,16,29,0.45
nBPP,19,22,41,0.46
nBPS,12,10,22,0.55
nBPb,8,10,18,0.44
nBPh,2,2,4,0.5
nBPl,3,0,3,1.0
nBPm,20,13,33,0.61
nBPn,14,13,27,0.52
nBPs,5,8,13,0.38
nBPt,1,0,1,1.0
nBSB,7,2,9,0.78
nBSD,2,2,4,0.5
nBSH,1,0,1,1.0
nBSL,1,2,3,0.33
nBSM,9,5,14,0.64
nBSN,7,7,14,0.5
nBSP,6,6,12,0.5
nBSS,3,4,7,0.43
nBSb,7,2,9,0.78
nBSh,2,4,6,0.33
nBSl,5,3,8,0.62
nBSm,5,6,11,0.45
nBSn,8,7,15,0.53
nBSs,8,2,10,0.8
nBSt,0,2,2,0.0
nBbB,7,7,14,0.5
nBbD,2,1,3,0.67
nBbH,3,2,5,0.6
nBbI,1,2,3,0.33
nBbJ,5,7,12,0.42
nBbK,2,1,3,0.67
nBbL,1,2,3,0.33
nBbM,8,8,16,0.5
nBbN,17,11,28,0.61
nBbP,13,12,25,0.52
nBbS,1,3,4,0.25
nBbb,10,6,16,0.62
nBbl,0,6,6,0.0
nBbm,6,5,11,0.55
nBbn,5,9,14,0.36
nBbs,4,6,10,0.4
nBhB,1,1,2,0.5
nBhD,1,0,1,1.0
nBhL,1,0,1,1.0
nBhN,0,3,3,0.0
nBhP,3,1,4,0.75
nBhS,2,2,4,0.5
nBhb,2,3,5,0.4
nBhh,0,1,1,0.0
nBhm,1,0,1,1.0
nBhn,2,1,3,0.67
nBht,1,0,1,1.0
nBjB,2,2,4,0.5
nBjD,0,1,1,0.0
nBjH,0,0,0,
nBjI,0,0,0,
nBjL,0,1,1,0.0
nBjM,3,1,4,0.75
nBjN,4,3,7,0.57
nBjP,5,4,9,0.56
nBjS,6,1,7,0.86
nBjb,1,3,4,0.25
nBjh,1,0,1,1.0
nBjl,0,0,0,
nBjm,4,2,6,0.67
nBjn,2,3,5,0.4
nBjs,2,1,3,0.67
nBjt,0,1,1,0.0
nBlB,3,1,4,0.75
nBlH,0,3,3,0.0
nBlJ,1,3,4,0.25
nBlL,1,1,2,0.5
nBlM,3,3,6,0.5
nBlN,2,9,11,0.18
nBlP,4,2,6,0.67
nBlS,3,5,8,0.38
nBlb,4,6,10,0.4
nBll,2,1,3,0.67
nBlm,5,3,8,0.62
nBln,4,2,6,0.67
nBls,6,2,8,0.75
nBmB,12,5,17,0.71
nBmD,1,1,2,0.5
nBmH,5,8,13,0.38
nBmI,2,0,2,1.0
nBmJ,2,0,2,1.0
nBmL,0,7,7,0.0
nBmM,6,14,20,0.3
nBmN,15,20,35,0.43
nBmP,19,15,34,0.56
nBmS,5,8,13,0.38
nBmb,10,15,25,0.4
nBml,4,2,6,0.67
nBmm,8,4,12,0.67
nBmn,11,9,20,0.55
nBms,8,10,18,0.44
nBnB,9,9,18,0.5
nBnD,0,1,1,0.0
nBnH,11,6,17,0.65
nBnI,2,4,6,0.33
nBnK,2,1,3,0.67
nBnL,4,5,9,0.44
nBnM,8,12,20,0.4
nBnN,16,24,40,0.4
nBnP,23,28,51,0.45
nBnS,8,9,17,0.47
nBnb,13,7,20,0.65
nBnl,5,5,10,0.5
nBnm,13,4,17,0.76
nBnn,14,12,26,0.54
nBns,10,12,22,0.45
nBnt,1,0,1,1.0
nBsB,3,4,7,0.43
nBsD,0,1,1,0.0
nBsH,2,8,10,0.2
nBsI,0,4,4,0.0
nBsK,1,0,1,1.0
nBsL,1,2,3,0.33
nBsM,3,2,5,0.6
nBsN,11,7,18,0.61
nBsP,8,6,14,0.57
nBsS,6,6,12,0.5
nBsb,5,3,8,0.62
nBsh,1,0,1,1.0
nBsl,4,2,6,0.67
nBsm,4,5,9,0.44
nBsn,8,3,11,0.73
nBss,3,3,6,0.5
nBtB,1,2,3,0.33
nBtH,0,2,2,0.0
nBtL,1,1,2,0.5
nBtM,3,3,6,0.5
nBtN,1,1,2,0.5
nBtP,4,4,8,0.5
nBtS,4,1,5,0.8
nBtb,1,0,1,1.0
nBtl,0,1,1,0.0
nBtm,1,1,2,0.5
nBtn,1,1,2,0.5
nBts,1,0,1,1.0
nBtt,2,0,2,1.0
nDBB,1,0,1,1.0
nDBD,1,0,1,1.0
nDBL,0,0,0,
nDBN,2,1,3,0.67
nDBP,3,1,4,0.75
nDBS,1,2,3,0.33
nDBb,1,1,2,0.5
nDBj,2,0,2,1.0
nDBl,2,1,3,0.67
nDBm,3,1,4,0.75
nDBn,5,2,7,0.71
nDBs,1,0,1,1.0
nDBt,1,0,1,1.0
nDDB,2,1,3,0.67
nDDD,0,1,1,0.0
nDDL,1,0,1,1.0
nDDM,0,1,1,0.0
nDDN,2,0,2,1.0
nDDP,1,2,3,0.33
nDDS,1,1,2,0.5
nDDl,1,1,2,0.5
nDDm,4,3,7,0.57
nDDn,1,0,1,1.0
nDDs,1,0,1,1.0
nDHB,2,1,3,0.67
nDHD,0,1,1,0.0
nDHK,0,1,1,0.0
nDHM,2,1,3,0.67
nDHN,2,3,5,0.4
nDHP,2,2,4,0.5
nDHS,5,0,5,1.0
nDHb,1,1,2,0.5
nDHh,1,1,2,0.5
nDHl,0,1,1,0.0
nDHm,1,1,2,0.5
nDHn,1,3,4,0.25
nDHs,0,1,1,0.0
nDID,1,0,1,1.0
nDIL,0,1,1,0.0
nDIS,0,1,1,0.0
nDLB,1,3,4,0.25
nDLL,1,1,2,0.5
nDLM,1,1,2,0.5
nDLN,1,0,1,1.0
nDLP,0,1,1,0.0
nDLS,1,0,1,1.0
nDLm,1,1,2,0.5
nDLn,0,1,1,0.0
nDLs,1,1,2,0.5
nDMB,4,3,7,0.57
nDMD,1,1,2,0.5
nDML,0,1,1,0.0
nDMM,3,4,7,0.43
nDMN,4,5,9,0.44
nDMP,2,1,3,0.67
nDMS,4,0,4,1.0
nDMb,2,0,2,1.0
nDMh,0,4,4,0.0
nDMj,1,0,1,1.0
nDMl,0,3,3,0.0
nDMm,2,3,5,0.4
nDMn,6,2,8,0.75
nDMs,2,4,6,0.33
nDMt,1,0,1,1.0
nDNB,3,4,7,0.43
nDND,0,0,0,
nDNH,0,1,1,0.0
nDNK,0,1,1,0.0
nDNL,0,0,0,
nDNM,1,0,1,1.0
nDNN,2,0,2,1.0
nDNP,8,4,12,0.67
nDNS,0,3,3,0.0
nDNb,0,1,1,0.0
nDNh,2,1,3,0.67
nDNl,0,1,1,0.0
nDNm,5,0,5,1.0
nDNn,3,2,5,0.6
nDNs,0,1,1,0.0
nDPB,0,4,4,0.0
nDPD,0,0,0,
nDPH,1,1,2,0.5
nDPI,0,1,1,0.0
nDPK,1,0,1,1.0
nDPL,1,1,2,0.5
nDPM,2,3,5,0.4
nDPN,5,4,9,0.56
nDPP,4,6,10,0.4
nDPS,4,4,8,0.5
nDPb,2,4,6,0.33
nDPl,4,1,5,0.8
nDPm,3,1,4,0.75
nDPn,3,2,5,0.6
nDPs,1,1,2,0.5
nDSB,2,4,6,0.33
nDSH,0,1,1,0.0
nDSI,0,1,1,0.0
nDSL,2,0,2,1.0
nDSM,3,1,4,0.75
nDSN,2,5,7,0.29
nDSP,4,5,9,0.44
nDSS,6,1,7,0.86
nDSb,0,3,3,0.0
nDSh,0,1,1,0.0
nDSm,1,5,6,0.17
nDSn,2,7,9,0.22
nDSs,2,2,4,0.5
nDbB,4,4,8,0.5
nDbH,1,0,1,1.0
nDbI,0,1,1,0.0
nDbJ,0,1,1,0.0
nDbK,0,1,1,0.0
nDbL,1,1,2,0.5
nDbM,0,1,1,0.0
nDbN,4,3,7,0.57
nDbP,1,1,2,0.5
nDbS,1,1,2,0.5
nDbb,2,2,4,0.5
nDbl,0,1,1,0.0
nDbm,6,3,9,0.67
nDbn,5,0,5,1.0
nDbs,0,1,1,0.0
nDhM,1,0,1,1.0
nDhn,0,1,1,0.0
nDlD,1,0,1,1.0
nDlH,1,1,2,0.5
nDlJ,1,0,1,1.0
nDlK,1,0,1,1.0
nDlM,1,0,1,1.0
nDlP,1,0,1,1.0
nDlS,0,0,0,
nDlb,2,1,3,0.67
nDlm,0,1,1,0.0
nDln,1,1,2,0.5
nDmB,2,2,4,0.5
nDmD,1,1,2,0.5
nDmH,2,2,4,0.5
nDmI,1,0,1,1.0
nDmJ,0,0,0,
nDmL,2,0,2,1.0
nDmM,4,4,8,0.5
nDmN,1,1,2,0.5
nDmP,4,3,7,0.57
nDmS,2,3,5,0.4
nDmb,1,2,3,0.33
nDml,0,2,2,0.0
nDmm,1,3,4,0.25
nDmn,1,3,4,0.25
nDms,1,2,3,0.33
nDnB,1,1,2,0.5
nDnD,2,2,4,0.5
nDnH,3,1,4,0.75
nDnI,0,1,1,0.0
nDnL,1,1,2,0.5
nDnM,0,4,4,0.0
nDnN,3,5,8,0.38
nDnP,3,3,6,0.5
nDnS,1,1,2,0.5
nDnb,2,2,4,0.5
nDnm,3,0,3,1.0
nDnn,2,5,7,0.29
nDns,3,2,5,0.6
nDsB,0,2,2,0.0
nDsD,0,1,1,0.0
nDsH,2,1,3,0.67
nDsL,0,0,0,
nDsM,1,2,3,0.33
nDsN,0,4,4,0.0
nDsP,1,6,7,0.14
nDsS,1,2,3,0.33
nDsb,0,2,2,0.0
nDsl,0,1,1,0.0
nDsm,1,3,4,0.25
nDsn,3,1,4,0.75
nDss,3,2,5,0.6
nDtB,0,2,2,0.0
nDtH,0,0,0,
nDtm,2,0,2,1.0
nDts,1,0,1,1.0
nHBB,5,4,9,0.56
nHBD,2,2,4,0.5
nHBK,1,1,2,0.5
nHBL,0,2,2,0.0
nHBM,7,5,12,0.58
nHBN,4,5,9,0.44
nHBP,3,3,6,0.5
nHBS,7,2,9,0.78
nHBb,6,4,10,0.6
nHBh,2,0,2,1.0
nHBj,1,0,1,1.0
nHBl,3,2,5,0.6
nHBm,3,3,6,0.5
nHBn,9,8,17,0.53
nHBs,2,5,7,0.29
nHBt,1,1,2,0.5
nHDB,1,0,1,1.0
nHDH,2,2,4,0.5
nHDI,1,0,1,1.0
nHDL,1,0,1,1.0
nHDM,0,1,1,0.0
nHDN,2,3,5,0.4
nHDP,2,3,5,0.4
nHDS,4,1,5,0.8
nHDb,1,0,1,1.0
nHDl,0,0,0,
nHDm,0,3,3,0.0
nHDn,2,1,3,0.67
nHDs,1,4,5,0.2
nHHB,2,1,3,0.67
nHHH,1,0,1,1.0
nHHK,1,0,1,1.0
nHHM,2,1,3,0.67
nHHN,1,0,1,1.0
nHHP,0,0,0,
nHHS,0,3,3,0.0
nHHb,2,1,3,0.67
nHHh,1,0,1,1.0
nHHl,1,0,1,1.0
nHHm,1,2,3,0.33
nHHs,1,4,5,0.2
nHID,1,0,1,1.0
nHIH,0,0,0,
nHIM,2,0,2,1.0
nHIN,1,2,3,0.33
nHIP,2,2,4,0.5
nHIS,1,1,2,0.5
nHIb,1,0,1,1.0
nHIm,2,1,3,0.67
nHIn,2,0,2,1.0
nHIs,0,1,1,0.0
nHKB,0,1,1,0.0
nHKL,1,0,1,1.0
nHKM,1,0,1,1.0
nHKN,0,1,1,0.0
nHKP,1,4,5,0.2
nHKm,1,0,1,1.0
nHKn,1,0,1,1.0
nHKs,2,0,2,1.0
nHLB,0,0,0,
nHLD,0,1,1,0.0
nHLK,0,1,1,0.0
nHLL,1,1,2,0.5
nHLM,1,6,7,0.14
nHLN,0,1,1,0.0
nHLP,2,2,4,0.5
nHLS,0,2,2,0.0
nHLb,2,0,2,1.0
nHLh,1,3,4,0.25
nHLj,0,1,1,0.0
nHLm,1,0,1,1.0
nHLn,3,3,6,0.5
nHLs,5,1,6,0.83
nHLt,0,2,2,0.0
nHMB,2,3,5,0.4
nHMD,1,0,1,1.0
nHML,1,1,2,0.5
nHMM,5,6,11,0.45
nHMN,3,9,12,0.25
nHMP,7,7,14,0.5
nHMS,3,6,9,0.33
nHMb,6,6,12,0.5
nHMh,6,4,10,0.6
nHMj,3,3,6,0.5
nHMl,2,1,3,0.67
nHMm,6,3,9,0.67
nHMn,12,9,21,0.57
nHMs,6,4,10,0.6
nHNB,7,8,15,0.47
nHND,1,2,3,0.33
nHNH,0,2,2,0.0
nHNL,3,3,6,0.5
nHNM,11,7,18,0.61
nHNN,8,8,16,0.5
nHNP,16,8,24,0.67
nHNS,6,5,11,0.55
nHNb,6,5,11,0.55
nHNh,3,1,4,0.75
nHNl,3,3,6,0.5
nHNm,9,12,21,0.43
nHNn,8,11,19,0.42
nHNs,9,6,15,0.6
nHNt,3,1,4,0.75
nHPB,8,6,14,0.57
nHPD,2,0,2,1.0
nHPH,0,3,3,0.0
nHPI,2,0,2,1.0
nHPK,2,2,4,0.5
nHPL,3,5,8,0.38
nHPM,2,17,19,0.11
nHPN,11,6,17,0.65
nHPP,25,8,33,0.76
nHPS,8,8,16,0.5
nHPb,7,6,13,0.54
nHPh,1,0,1,1.0
nHPl,2,3,5,0.4
nHPm,11,12,23,0.48
nHPn,12,8,20,0.6
nHPs,4,6,10,0.4
nHPt,2,3,5,0.4
nHSB,5,4,9,0.56
nHSD,0,0,0,
nHSH,2,3,5,0.4
nHSI,0,1,1,0.0
nHSL,3,1,4,0.75
nHSM,2,6,8,0.25
nHSN,3,6,9,0.33
nHSP,3,7,10,0.3
nHSS,5,5,10,0.5
nHSb,1,3,4,0.25
nHSh,0,2,2,0.0
nHSl,1,1,2,0.5
nHSm,6,10,16,0.38
nHSn,5,7,12,0.42
nHSs,6,4,10,0.6
nHSt,1,3,4,0.25
nHbB,7,5,12,0.58
nHbH,2,2,4,0.5
nHbI,1,1,2,0.5
nHbJ,1,1,2,0.5
nHbK,0,1,1,0.0
nHbL,1,3,4,0.25
nHbM,6,11,17,0.35
nHbN,12,2,14,0.86
nHbP,5,6,11,0.45
nHbS,1,2,3,0.33
nHbb,1,5,6,0.17
nHbl,1,3,4,0.25
nHbm,5,4,9,0.56
nHbn,5,5,10,0.5
nHbs,2,3,5,0.4
nHhB,5,2,7,0.71
nHhH,1,2,3,0.33
nHhK,0,1,1,0.0
nHhL,0,1,1,0.0
nHhM,6,5,11,0.55
nHhN,2,2,4,0.5
nHhP,2,4,6,0.33
nHhS,6,3,9,0.67
nHhb,2,1,3,0.67
nHhh,4,2,6,0.67
nHhl,2,2,4,0.5
nHhm,3,2,5,0.6
nHhn,4,3,7,0.57
nHhs,4,1,5,0.8
nHlB,4,2,6,0.67
nHlD,1,1,2,0.5
nHlH,1,1,2,0.5
nHlJ,1,1,2,0.5
nHlL,0,1,1,0.0
nHlM,1,3,4,0.25
nHlN,1,6,7,0.14
nHlP,2,2,4,0.5
nHlS,2,1,3,0.67
nHlb,2,1,3,0.67
nHlh,1,0,1,1.0
nHll,0,0,0,
nHlm,2,3,5,0.4
nHln,1,1,2,0.5
nHls,2,1,3,0.67
nHmB,4,4,8,0.5
nHmD,2,3,5,0.4
nHmH,9,5,14,0.64
nHmI,1,0,1,1.0
nHmJ,2,2,4,0.5
nHmL,2,5,7,0.29
nHmM,6,9,15,0.4
nHmN,16,13,29,0.55
nHmP,12,14,26,0.46
nHmS,7,9,16,0.44
nHmb,10,5,15,0.67
nHml,3,1,4,0.75
nHmm,6,11,17,0.35
nHmn,4,7,11,0.36
nHms,6,4,10,0.6
nHnB,4,6,10,0.4
nHnD,1,0,1,1.0
nHnH,3,3,6,0.5
nHnK,0,0,0,
nHnL,2,6,8,0.25
nHnM,4,6,10,0.4
nHnN,14,10,24,0.58
nHnP,14,19,33,0.42
nHnS,3,3,6,0.5
nHnb,6,2,8,0.75
nHnl,3,2,5,0.6
nHnm,7,2,9,0.78
nHnn,9,5,14,0.64
nHns,4,4,8,0.5
nHsB,2,5,7,0.29
nHsH,7,3,10,0.7
nHsI,0,2,2,0.0
nHsK,0,1,1,0.0
nHsL,2,3,5,0.4
nHsM,3,7,10,0.3
nHsN,7,7,14,0.5
nHsP,5,5,10,0.5
nHsS,6,9,15,0.4
nHsb,6,4,10,0.6
nHsh,0,0,0,
nHsl,2,0,2,1.0
nHsm,7,2,9,0.78
nHsn,6,8,14,0.43
nHss,3,5,8,0.38
nHtH,1,0,1,1.0
nHtN,2,1,3,0.67
nHtP,0,2,2,0.0
nHtm,1,1,2,0.5
nHtn,0,0,0,
nIBB,0,2,2,0.0
nIBD,0,1,1,0.0
nIBL,1,1,2,0.5
nIBM,1,1,2,0.5
nIBN,3,0,3,1.0
nIBP,2,4,6,0.33
nIBS,1,2,3,0.33
nIBl,2,1,3,0.67
nIBm,2,2,4,0.5
nIBn,2,4,6,0.33
nIBs,1,0,1,1.0
nIBt,1,0,1,1.0
nIDB,1,2,3,0.33
nIDD,1,2,3,0.33
nIDM,0,1,1,0.0
nIDN,1,1,2,0.5
nIDP,3,1,4,0.75
nIDS,1,2,3,0.33
nIDb,1,1,2,0.5
nIDm,0,0,0,
nIHB,2,4,6,0.33
nIHH,0,2,2,0.0
nIHL,1,0,1,1.0
nIHM,3,2,5,0.6
nIHN,2,2,4,0.5
nIHP,0,4,4,0.0
nIHS,2,2,4,0.5
nIHb,0,2,2,0.0
nIHh,0,1,1,0.0
nIHl,1,0,1,1.0
nIHm,1,0,1,1.0
nIHn,3,1,4,0.75
nIHs,2,1,3,0.67
nIHt,0,1,1,0.0
nIIB,0,2,2,0.0
nIIM,0,2,2,0.0
nIIP,0,1,1,0.0
nIIS,1,2,3,0.33
nIIb,1,0,1,1.0
nIIm,1,1,2,0.5
nIIs,0,1,1,0.0
nIKM,0,1,1,0.0
nIKm,0,1,1,0.0
nILB,1,0,1,1.0
nILM,1,0,1,1.0
nILN,1,1,2,0.5
nILP,1,0,1,1.0
nILb,1,0,1,1.0
nILh,0,1,1,0.0
nILl,1,0,1,1.0
nILm,1,0,1,1.0
nILn,4,0,4,1.0
nILt,1,0,1,1.0
nIMB,1,2,3,0.33
nIMM,0,1,1,0.0
nIMN,4,1,5,0.8
nIMP,5,3,8,0.62
nIMS,1,0,1,1.0
nIMb,2,2,4,0.5
nIMh,2,2,4,0.5
nIMl,2,1,3,0.67
nIMm,2,2,4,0.5
nIMn,1,5,6,0.17
nIMs,2,0,2,1.0
nIMt,1,0,1,1.0
nINB,0,1,1,0.0
nIND,1,0,1,1.0
nINH,0,0,0,
nINL,0,3,3,0.0
nINM,2,4,6,0.33
nINN,1,2,3,0.33
nINP,4,6,10,0.4
nINS,0,0,0,
nINb,1,1,2,0.5
nINh,0,1,1,0.0
nINl,1,1,2,0.5
nINm,5,0,5,1.0
nINn,5,3,8,0.62
nINs,0,2,2,0.0
nINt,1,0,1,1.0
nIPB,0,3,3,0.0
nIPD,1,0,1,1.0
nIPL,0,3,3,0.0
nIPM,7,4,11,0.64
nIPN,2,3,5,0.4
nIPP,1,2,3,0.33
nIPS,1,3,4,0.25
nIPb,0,1,1,0.0
nIPh,1,0,1,1.0
nIPl,1,1,2,0.5
nIPm,6,2,8,0.75
nIPn,1,0,1,1.0
nIPs,0,2,2,0.0
nISB,0,1,1,0.0
nISD,0,1,1,0.0
nISH,1,0,1,1.0
nISK,1,0,1,1.0
nISM,2,1,3,0.67
nISN,4,4,8,0.5
nISP,1,3,4,0.25
nISS,2,1,3,0.67
nISb,3,2,5,0.6
nISl,0,0,0,
nISm,1,2,3,0.33
nISn,2,2,4,0.5
nISs,3,2,5,0.6
nISt,0,1,1,0.0
nIbB,3,2,5,0.6
nIbL,3,1,4,0.75
nIbM,3,1,4,0.75
nIbN,1,3,4,0.25
nIbP,1,4,5,0.2
nIbb,3,1,4,0.75
nIbl,1,0,1,1.0
nIbm,3,1,4,0.75
nIbn,4,0,4,1.0
nIbs,2,3,5,0.4
nIhl,0,1,1,0.0
nIhs,0,0,0,
nIlB,1,0,1,1.0
nIlH,0,1,1,0.0
nIlN,0,1,1,0.0
nIlP,2,1,3,0.67
nIlS,0,1,1,0.0
nIlb,0,1,1,0.0
nIln,1,0,1,1.0
nIls,1,0,1,1.0
nImB,4,3,7,0.57
nImH,0,3,3,0.0
nImL,0,0,0,
nImM,3,3,6,0.5
nImN,3,5,8,0.38
nImP,4,4,8,0.5
nImS,1,1,2,0.5
nImb,2,2,4,0.5
nImm,3,2,5,0.6
nImn,1,0,1,1.0
nIms,2,3,5,0.4
nInB,1,1,2,0.5
nInH,4,3,7,0.57
nInK,0,1,1,0.0
nInL,1,1,2,0.5
nInM,3,4,7,0.43
nInN,2,3,5,0.4
nInP,5,7,12,0.42
nInS,1,3,4,0.25
nInb,2,2,4,0.5
nInl,0,1,1,0.0
nInm,2,3,5,0.4
nInn,2,1,3,0.67
nIns,1,2,3,0.33
nIsB,3,2,5,0.6
nIsD,0,1,1,0.0
nIsH,0,1,1,0.0
nIsL,2,1,3,0.67
nIsM,2,1,3,0.67
nIsN,3,1,4,0.75
nIsP,4,0,4,1.0
nIsS,2,0,2,1.0
nIsb,0,1,1,0.0
nIsh,1,0,1,1.0
nIsm,1,2,3,0.33
nIsn,1,2,3,0.33
nIss,2,1,3,0.67
nIst,0,1,1,0.0
nItB,0,0,0,
nItN,0,1,1,0.0
nItP,1,2,3,0.33
nItS,1,1,2,0.5
nItn,1,0,1,1.0
nKBB,0,1,1,0.0
nKBK,0,1,1,0.0
nKBL,0,0,0,
nKBM,0,1,1,0.0
nKBP,1,3,4,0.25
nKBS,1,0,1,1.0
nKBb,1,0,1,1.0
nKBj,0,0,0,
nKBm,0,1,1,0.0
nKBn,2,2,4,0.5
nKBs,0,1,1,0.0
nKDB,0,1,1,0.0
nKDH,0,1,1,0.0
nKDM,1,0,1,1.0
nKDP,1,0,1,1.0
nKDS,1,0,1,1.0
nKDm,2,0,2,1.0
nKDn,1,0,1,1.0
nKDs,1,0,1,1.0
nKDt,1,0,1,1.0
nKHB,0,1,1,0.0
nKHM,0,1,1,0.0
nKHS,0,1,1,0.0
nKHb,0,1,1,0.0
nKIH,1,0,1,1.0
nKIN,2,0,2,1.0
nKIn,0,1,1,0.0
nKLB,0,1,1,0.0
nKLN,1,0,1,1.0
nKLh,1,0,1,1.0
nKMB,3,0,3,1.0
nKMD,0,1,1,0.0
nKML,0,1,1,0.0
nKMM,1,1,2,0.5
nKMN,1,0,1,1.0
nKMP,0,1,1,0.0
nKMS,0,1,1,0.0
nKMb,0,3,3,0.0
nKMh,1,0,1,1.0
nKMj,0,1,1,0.0
nKMl,2,0,2,1.0
nKMm,0,5,5,0.0
nKMn,4,1,5,0.8
nKMs,3,0,3,1.0
nKMt,0,1,1,0.0
nKNB,0,1,1,0.0
nKND,0,1,1,0.0
nKNK,1,0,1,1.0
nKNM,0,3,3,0.0
nKNN,4,0,4,1.0
nKNP,3,0,3,1.0
nKNS,3,0,3,1.0
nKNl,1,0,1,1.0
nKNm,3,0,3,1.0
nKNn,0,2,2,0.0
nKNs,2,1,3,0.67
nKPB,2,2,4,0.5
nKPD,0,1,1,0.0
nKPI,1,1,2,0.5
nKPL,1,1,2,0.5
nKPM,2,1,3,0.67
nKPN,0,0,0,
nKPP,2,0,2,1.0
nKPS,4,1,5,0.8
nKPb,1,1,2,0.5
nKPh,0,1,1,0.0
nKPl,1,1,2,0.5
nKPm,2,2,4,0.5
nKPn,1,2,3,0.33
nKPs,1,2,3,0.33
nKSB,0,2,2,0.0
nKSH,0,1,1,0.0
nKSN,0,1,1,0.0
nKSP,0,0,0,
nKSS,2,0,2,1.0
nKSh,1,0,1,1.0
nKSm,2,1,3,0.67
nKSs,0,0,0,
nKbB,0,0,0,
nKbJ,1,1,2,0.5
nKbL,1,1,2,0.5
nKbM,1,0,1,1.0
nKbP,1,0,1,1.0
nKbS,0,0,0,
nKbl,1,0,1,1.0
nKbm,1,0,1,1.0
nKbn,1,2,3,0.33
nKbs,0,1,1,0.0
nKhD,1,0,1,1.0
nKhL,1,0,1,1.0
nKhM,2,2,4,0.5
nKhN,1,1,2,0.5
nKhP,0,3,3,0.0
nKhS,2,3,5,0.4
nKhb,1,1,2,0.5
nKhh,0,0,0,
nKhl,1,1,2,0.5
nKhm,2,5,7,0.29
nKhn,0,2,2,0.0
nKhs,1,0,1,1.0
nKht,0,1,1,0.0
nKlD,1,0,1,1.0
nKlM,0,1,1,0.0
nKlN,1,0,1,1.0
nKlb,0,1,1,0.0
nKlm,2,0,2,1.0
nKls,0,1,1,0.0
nKmB,3,1,4,0.75
nKmD,0,1,1,0.0
nKmH,1,0,1,1.0
nKmL,1,1,2,0.5
nKmM,0,1,1,0.0
nKmP,2,0,2,1.0
nKmS,2,0,2,1.0
nKmm,2,3,5,0.4
nKmn,0,3,3,0.0
nKms,2,0,2,1.0
nKnB,0,1,1,0.0
nKnD,1,0,1,1.0
nKnH,0,2,2,0.0
nKnM,3,1,4,0.75
nKnN,0,0,0,
nKnP,4,2,6,0.67
nKnS,3,0,3,1.0
nKnm,1,3,4,0.25
nKnn,2,1,3,0.67
nKns,1,1,2,0.5
nKsB,1,0,1,1.0
nKsH,7,1,8,0.88
nKsI,1,0,1,1.0
nKsL,1,0,1,1.0
nKsM,0,1,1,0.0
nKsN,0,3,3,0.0
nKsP,1,1,2,0.5
nKsS,5,3,8,0.62
nKsb,1,0,1,1.0
nKsm,1,1,2,0.5
nKsn,2,0,2,1.0
nKss,3,1,4,0.75
nKtP,0,2,2,0.0
nKtS,1,0,1,1.0
nKts,1,0,1,1.0
nLBB,1,2,3,0.33
nLBD,0,1,1,0.0
nLBL,1,1,2,0.5
nLBM,3,2,5,0.6
nLBN,2,6,8,0.25
nLBP,6,4,10,0.6
nLBS,1,2,3,0.33
nLBb,4,2,6,0.67
nLBl,0,2,2,0.0
nLBm,4,3,7,0.57
nLBn,5,4,9,0.56
nLBs,1,2,3,0.33
nLBt,2,0,2,1.0
nLDB,0,0,0,
nLDD,0,1,1,0.0
nLDH,0,2,2,0.0
nLDN,0,1,1,0.0
nLDS,1,0,1,1.0
nLDb,3,0,3,1.0
nLDm,1,0,1,1.0
nLDn,0,1,1,0.0
nLDs,1,1,2,0.5
nLHL,0,1,1,0.0
nLHS,1,1,2,0.5
nLHm,1,0,1,1.0
nLKB,0,1,1,0.0
nLKM,0,0,0,
nLKN,1,0,1,1.0
nLKP,1,0,1,1.0
nLKS,0,0,0,
nLKb,0,1,1,0.0
nLKn,0,0,0,
nLKs,2,0,2,1.0
nLLB,0,1,1,0.0
nLLL,1,0,1,1.0
nLLM,4,1,5,0.8
nLLN,2,1,3,0.67
nLLP,1,3,4,0.25
nLLS,2,1,3,0.67
nLLb,0,1,1,0.0
nLLh,0,3,3,0.0
nLLj,1,0,1,1.0
nLLm,1,0,1,1.0
nLLn,4,3,7,0.57
nLLs,1,2,3,0.33
nLMB,4,5,9,0.44
nLMD,0,1,1,0.0
nLML,0,0,0,
nLMM,4,2,6,0.67
nLMN,0,6,6,0.0
nLMP,5,4,9,0.56
nLMS,1,2,3,0.33
nLMb,7,1,8,0.88
nLMh,2,6,8,0.25
nLMj,2,1,3,0.67
nLMl,1,2,3,0.33
nLMm,2,1,3,0.67
nLMn,3,2,5,0.6
nLMs,4,1,5,0.8
nLNB,4,5,9,0.44
nLND,0,1,1,0.0
nLNH,2,2,4,0.5
nLNL,5,2,7,0.71
nLNM,2,6,8,0.25
nLNN,8,7,15,0.53
nLNP,4,8,12,0.33
nLNS,3,2,5,0.6
nLNb,4,4,8,0.5
nLNh,2,0,2,1.0
nLNl,2,0,2,1.0
nLNm,4,3,7,0.57
nLNn,3,5,8,0.38
nLNs,6,2,8,0.75
nLNt,2,0,2,1.0
nLPB,3,4,7,0.43
nLPH,1,0,1,1.0
nLPI,1,1,2,0.5
nLPL,4,0,4,1.0
nLPM,1,6,7,0.14
nLPN,4,9,13,0.31
nLPP,10,9,19,0.53
nLPS,3,4,7,0.43
nLPb,7,4,11,0.64
nLPh,0,2,2,0.0
nLPl,6,3,9,0.67
nLPm,7,5,12,0.58
nLPn,6,4,10,0.6
nLPs,5,3,8,0.62
nLPt,0,1,1,0.0
nLSB,3,3,6,0.5
nLSD,2,0,2,1.0
nLSH,1,0,1,1.0
nLSK,1,0,1,1.0
nLSL,1,1,2,0.5
nLSM,0,7,7,0.0
nLSN,1,2,3,0.33
nLSP,4,4,8,0.5
nLSS,4,1,5,0.8
nLSb,1,3,4,0.25
nLSh,2,1,3,0.67
nLSl,1,0,1,1.0
nLSm,1,2,3,0.33
nLSn,4,2,6,0.67
nLSs,1,4,5,0.2
nLSt,1,0,1,1.0
nLbB,3,3,6,0.5
nLbH,2,0,2,1.0
nLbI,1,0,1,1.0
nLbJ,1,0,1,1.0
nLbK,0,2,2,0.0
nLbL,0,1,1,0.0
nLbM,2,2,4,0.5
nLbN,5,5,10,0.5
nLbP,4,0,4,1.0
nLbS,1,1,2,0.5
nLbb,3,2,5,0.6
nLbl,3,1,4,0.75
nLbm,3,2,5,0.6
nLbn,5,7,12,0.42
nLbs,1,2,3,0.33
nLhB,2,1,3,0.67
nLhM,1,3,4,0.25
nLhN,3,0,3,1.0
nLhP,1,0,1,1.0
nLhS,0,1,1,0.0
nLhb,8,1,9,0.89
nLhh,3,2,5,0.6
nLhl,0,1,1,0.0
nLhm,4,0,4,1.0
nLhn,2,3,5,0.4
nLhs,3,0,3,1.0
nLht,1,0,1,1.0
nLjB,1,0,1,1.0
nLjH,1,0,1,1.0
nLjM,1,0,1,1.0
nLjN,0,1,1,0.0
nLjP,2,0,2,1.0
nLjS,1,1,2,0.5
nLjb,1,0,1,1.0
nLjm,1,0,1,1.0
nLjn,0,0,0,
nLjs,2,0,2,1.0
nLlB,3,1,4,0.75
nLlI,0,1,1,0.0
nLlJ,0,2,2,0.0
nLlL,0,1,1,0.0
nLlM,3,2,5,0.6
nLlN,0,4,4,0.0
nLlP,3,1,4,0.75
nLlS,2,2,4,0.5
nLlb,1,1,2,0.5
nLll,0,2,2,0.0
nLlm,3,1,4,0.75
nLln,3,1,4,0.75
nLls,1,0,1,1.0
nLmB,2,4,6,0.33
nLmD,0,1,1,0.0
nLmH,3,2,5,0.6
nLmI,0,1,1,0.0
nLmJ,2,2,4,0.5
nLmM,3,7,10,0.3
nLmN,8,6,14,0.57
nLmP,3,4,7,0.43
nLmS,2,2,4,0.5
nLmb,0,4,4,0.0
nLml,2,0,2,1.0
nLmm,4,2,6,0.67
nLmn,2,6,8,0.25
nLms,3,1,4,0.75
nLnB,4,3,7,0.57
nLnH,2,2,4,0.5
nLnI,1,3,4,0.25
nLnL,4,3,7,0.57
nLnM,4,5,9,0.44
nLnN,5,6,11,0.45
nLnP,13,4,17,0.76
nLnS,1,7,8,0.12
nLnb,3,3,6,0.5
nLnl,1,3,4,0.25
nLnm,5,6,11,0.45
nLnn,2,4,6,0.33
nLns,2,2,4,0.5
nLsB,2,2,4,0.5
nLsD,2,1,3,0.67
nLsH,1,3,4,0.25
nLsI,1,0,1,1.0
nLsL,0,0,0,
nLsM,1,1,2,0.5
nLsN,2,2,4,0.5
nLsP,2,2,4,0.5
nLsS,1,4,5,0.2
nLsl,2,0,2,1.0
nLsm,1,2,3,0.33
nLsn,2,1,3,0.67
nLss,5,4,9,0.56
nLtB,0,1,1,0.0
nLtH,0,1,1,0.0
nLtL,0,1,1,0.0
nLtM,0,1,1,0.0
nLtN,0,0,0,
nLtP,2,4,6,0.33
nLtS,0,1,1,0.0
nLtl,1,0,1,1.0
nLtn,1,1,2,0.5
nMBB,13,11,24,0.54
nMBD,4,3,7,0.57
nMBK,2,3,5,0.4
nMBL,1,1,2,0.5
nMBM,6,12,18,0.33
nMBN,15,12,27,0.56
nMBP,13,16,29,0.45
nMBS,2,2,4,0.5
nMBb,13,10,23,0.57
nMBh,2,0,2,1.0
nMBj,0,6,6,0.0
nMBl,5,2,7,0.71
nMBm,13,11,24,0.54
nMBn,16,25,41,0.39
nMBs,5,7,12,0.42
nMBt,2,4,6,0.33
nMDB,1,0,1,1.0
nMDD,1,0,1,1.0
nMDH,2,2,4,0.5
nMDI,0,2,2,0.0
nMDL,1,1,2,0.5
nMDM,4,6,10,0.4
nMDN,3,3,6,0.5
nMDP,5,2,7,0.71
nMDS,1,5,6,0.17
nMDb,2,4,6,0.33
nMDh,0,0,0,
nMDl,0,0,0,
nMDm,2,3,5,0.4
nMDn,2,1,3,0.67
nMDs,1,4,5,0.2
nMHS,1,0,1,1.0
nMIN,0,1,1,0.0
nMKB,0,0,0,
nMKN,0,0,0,
nMKP,0,1,1,0.0
nMKS,0,0,0,
nMLB,3,5,8,0.38
nMLD,2,0,2,1.0
nMLL,0,0,0,
nMLM,6,4,10,0.6
nMLN,2,4,6,0.33
nMLP,4,2,6,0.67
nMLS,0,1,1,0.0
nMLb,1,1,2,0.5
nMLh,0,1,1,0.0
nMLl,2,0,2,1.0
nMLm,7,4,11,0.64
nMLn,5,6,11,0.45
nMLs,0,2,2,0.0
nMMB,11,13,24,0.46
nMMD,3,1,4,0.75
nMML,1,3,4,0.25
nMMM,8,12,20,0.4
nMMN,9,5,14,0.64
nMMP,7,6,13,0.54
nMMS,7,7,14,0.5
nMMb,14,6,20,0.7
nMMh,4,8,12,0.33
nMMj,0,2,2,0.0
nMMl,2,1,3,0.67
nMMm,13,11,24,0.54
nMMn,15,15,30,0.5
nMMs,10,9,19,0.53
nMMt,1,0,1,1.0
nMNB,10,18,28,0.36
nMND,5,6,11,0.45
nMNH,0,5,5,0.0
nMNK,1,3,4,0.25
nMNL,2,3,5,0.4
nMNM,7,12,19,0.37
nMNN,17,25,42,0.4
nMNP,25,17,42,0.6
nMNS,10,9,19,0.53
nMNb,6,7,13,0.46
nMNh,7,2,9,0.78
nMNl,5,1,6,0.83
nMNm,15,11,26,0.58
nMNn,21,16,37,0.57
nMNs,9,9,18,0.5
nMNt,1,4,5,0.2
nMPB,11,13,24,0.46
nMPD,1,1,2,0.5
nMPH,4,1,5,0.8
nMPI,2,1,3,0.67
nMPK,2,2,4,0.5
nMPL,4,6,10,0.4
nMPM,11,14,25,0.44
nMPN,25,13,38,0.66
nMPP,19,25,44,0.43
nMPS,11,10,21,0.52
nMPb,5,14,19,0.26
nMPh,2,4,6,0.33
nMPl,5,3,8,0.62
nMPm,17,23,40,0.42
nMPn,17,26,43,0.4
nMPs,9,11,20,0.45
nMPt,1,1,2,0.5
nMSB,7,3,10,0.7
nMSD,3,2,5,0.6
nMSH,2,2,4,0.5
nMSI,2,1,3,0.67
nMSL,1,4,5,0.2
nMSM,2,6,8,0.25
nMSN,11,8,19,0.58
nMSP,6,7,13,0.46
nMSS,10,6,16,0.62
nMSb,9,4,13,0.69
nMSh,5,5,10,0.5
nMSl,3,1,4,0.75
nMSm,9,6,15,0.6
nMSn,8,8,16,0.5
nMSs,15,9,24,0.62
nMSt,4,1,5,0.8
nMbB,3,4,7,0.43
nMbD,2,1,3,0.67
nMbH,5,2,7,0.71
nMbI,1,0,1,1.0
nMbJ,4,2,6,0.67
nMbK,2,1,3,0.67
nMbL,2,4,6,0.33
nMbM,11,10,21,0.52
nMbN,14,12,26,0.54
nMbP,12,8,20,0.6
nMbS,2,9,11,0.18
nMbb,10,9,19,0.53
nMbl,1,1,2,0.5
nMbm,4,16,20,0.2
nMbn,6,12,18,0.33
nMbs,5,5,10,0.5
nMhB,6,16,22,0.27
nMhD,5,1,6,0.83
nMhH,2,2,4,0.5
nMhI,2,0,2,1.0
nMhL,3,3,6,0.5
nMhM,16,12,28,0.57
nMhN,8,8,16,0.5
nMhP,12,9,21,0.57
nMhS,7,7,14,0.5
nMhb,8,8,16,0.5
nMhh,7,12,19,0.37
nMhl,4,3,7,0.57
nMhm,14,8,22,0.64
nMhn,15,9,24,0.62
nMhs,10,7,17,0.59
nMjB,3,2,5,0.6
nMjD,1,0,1,1.0
nMjH,1,0,1,1.0
nMjI,0,1,1,0.0
nMjL,0,3,3,0.0
nMjM,3,2,5,0.6
nMjN,0,0,0,
nMjP,5,1,6,0.83
nMjS,0,2,2,0.0
nMjb,2,0,2,1.0
nMjl,2,1,3,0.67
nMjm,1,2,3,0.33
nMjn,6,3,9,0.67
nMjs,1,0,1,1.0
nMjt,1,0,1,1.0
nMlB,1,1,2,0.5
nMlD,1,4,5,0.2
nMlH,1,2,3,0.33
nMlI,0,0,0,
nMlJ,1,1,2,0.5
nMlL,2,0,2,1.0
nMlM,5,4,9,0.56
nMlN,7,3,10,0.7
nMlP,3,5,8,0.38
nMlS,3,2,5,0.6
nMlb,3,6,9,0.33
nMlh,0,1,1,0.0
nMll,1,0,1,1.0
nMlm,4,2,6,0.67
nMln,1,2,3,0.33
nMls,1,2,3,0.33
nMmB,11,11,22,0.5
nMmD,6,6,12,0.5
nMmH,14,11,25,0.56
nMmI,2,1,3,0.67
nMmJ,4,1,5,0.8
nMmK,0,0,0,
nMmL,2,3,5,0.4
nMmM,16,15,31,0.52
nMmN,19,21,40,0.48
nMmP,13,13,26,0.5
nMmS,7,20,27,0.26
nMmb,10,13,23,0.43
nMmh,0,1,1,0.0
nMml,2,2,4,0.5
nMmm,13,13,26,0.5
nMmn,24,10,34,0.71
nMms,9,9,18,0.5
nMnB,11,9,20,0.55
nMnD,4,6,10,0.4
nMnH,6,4,10,0.6
nMnI,6,1,7,0.86
nMnK,2,1,3,0.67
nMnL,8,6,14,0.57
nMnM,14,16,30,0.47
nMnN,15,40,55,0.27
nMnP,25,29,54,0.46
nMnS,13,18,31,0.42
nMnb,16,18,34,0.47
nMnl,5,3,8,0.62
nMnm,22,21,43,0.51
nMnn,14,25,39,0.36
nMns,13,12,25,0.52
nMsB,7,5,12,0.58
nMsD,2,3,5,0.4
nMsH,5,7,12,0.42
nMsI,4,1,5,0.8
nMsL,1,4,5,0.2
nMsM,8,18,26,0.31
nMsN,12,6,18,0.67
nMsP,17,7,24,0.71
nMsS,5,11,16,0.31
nMsb,13,2,15,0.87
nMsh,2,1,3,0.67
nMsl,4,4,8,0.5
nMsm,7,10,17,0.41
nMsn,7,9,16,0.44
nMss,10,6,16,0.62
nMtB,3,1,4,0.75
nMtD,0,0,0,
nMtH,0,1,1,0.0
nMtI,0,1,1,0.0
nMtL,2,2,4,0.5
nMtM,3,3,6,0.5
nMtN,5,1,6,0.83
nMtP,3,2,5,0.6
nMtS,3,0,3,1.0
nMtb,1,1,2,0.5
nMtl,1,1,2,0.5
nMtm,1,4,5,0.2
nMtn,4,2,6,0.67
nNBB,15,12,27,0.56
nNBD,0,2,2,0.0
nNBK,0,2,2,0.0
nNBL,2,4,6,0.33
nNBM,9,14,23,0.39
nNBN,11,12,23,0.48
nNBP,14,14,28,0.5
nNBS,7,8,15,0.47
nNBb,11,14,25,0.44
nNBh,2,1,3,0.67
nNBj,2,2,4,0.5
nNBl,2,6,8,0.25
nNBm,17,9,26,0.65
nNBn,22,23,45,0.49
nNBs,9,4,13,0.69
nNBt,2,1,3,0.67
nNDB,1,5,6,0.17
nNDD,2,2,4,0.5
nNDH,0,1,1,0.0
nNDI,0,1,1,0.0
nNDL,1,1,2,0.5
nNDM,2,2,4,0.5
nNDN,0,5,5,0.0
nNDP,3,1,4,0.75
nNDS,3,6,9,0.33
nNDb,3,3,6,0.5
nNDl,2,1,3,0.67
nNDm,4,5,9,0.44
nNDn,3,1,4,0.75
nNDs,3,2,5,0.6
nNHB,1,0,1,1.0
nNHD,1,1,2,0.5
nNHH,0,0,0,
nNHI,2,1,3,0.67
nNHK,0,1,1,0.0
nNHL,0,2,2,0.0
nNHM,1,1,2,0.5
nNHN,2,8,10,0.2
nNHP,4,4,8,0.5
nNHS,2,3,5,0.4
nNHb,1,3,4,0.25
nNHh,0,1,1,0.0
nNHl,3,2,5,0.6
nNHm,5,4,9,0.56
nNHn,5,1,6,0.83
nNHs,2,2,4,0.5
nNIB,1,0,1,1.0
nNID,0,1,1,0.0
nNIb,1,0,1,1.0
nNKB,0,1,1,0.0
nNKD,0,0,0,
nNKH,1,1,2,0.5
nNKM,1,0,1,1.0
nNKN,3,1,4,0.75
nNKP,2,0,2,1.0
nNKS,1,3,4,0.25
nNKb,1,2,3,0.33
nNKh,0,2,2,0.0
nNKl,1,0,1,1.0
nNKn,3,2,5,0.6
nNKs,1,0,1,1.0
nNLB,11,4,15,0.73
nNLD,2,1,3,0.67
nNLK,0,1,1,0.0
nNLL,1,1,2,0.5
nNLM,5,5,10,0.5
nNLN,4,6,10,0.4
nNLP,7,5,12,0.58
nNLS,1,3,4,0.25
nNLb,2,10,12,0.17
nNLh,1,1,2,0.5
nNLj,0,3,3,0.0
nNLl,5,3,8,0.62
nNLm,8,4,12,0.67
nNLn,5,5,10,0.5
nNLs,3,6,9,0.33
nNLt,2,1,3,0.67
nNMB,17,13,30,0.57
nNMD,5,1,6,0.83
nNMH,1,0,1,1.0
nNMK,0,1,1,0.0
nNML,2,4,6,0.33
nNMM,15,14,29,0.52
nNMN,9,19,28,0.32
nNMP,22,12,34,0.65
nNMS,8,8,16,0.5
nNMb,16,16,32,0.5
nNMh,17,15,32,0.53
nNMj,3,3,6,0.5
nNMl,3,4,7,0.43
nNMm,23,27,50,0.46
nNMn,23,28,51,0.45
nNMs,11,16,27,0.41
nNMt,1,2,3,0.33
nNNB,17,18,35,0.49
nNND,3,5,8,0.38
nNNH,0,3,3,0.0
nNNK,3,2,5,0.6
nNNL,6,4,10,0.6
nNNM,17,18,35,0.49
nNNN,24,36,60,0.4
nNNP,33,31,64,0.52
nNNS,16,14,30,0.53
nNNb,13,15,28,0.46
nNNh,8,6,14,0.57
nNNl,5,7,12,0.42
nNNm,18,16,34,0.53
nNNn,34,30,64,0.53
nNNs,18,14,32,0.56
nNNt,3,7,10,0.3
nNPB,22,19,41,0.54
nNPD,5,4,9,0.56
nNPH,8,6,14,0.57
nNPI,2,1,3,0.67
nNPK,4,4,8,0.5
nNPL,7,8,15,0.47
nNPM,18,30,48,0.38
nNPN,36,26,62,0.58
nNPP,30,38,68,0.44
nNPS,13,16,29,0.45
nNPb,11,24,35,0.31
nNPh,6,4,10,0.6
nNPl,10,5,15,0.67
nNPm,27,18,45,0.6
nNPn,31,32,63,0.49
nNPs,19,17,36,0.53
nNPt,2,3,5,0.4
nNSB,8,5,13,0.62
nNSD,3,3,6,0.5
nNSH,4,7,11,0.36
nNSI,0,0,0,
nNSL,4,1,5,0.8
nNSM,17,15,32,0.53
nNSN,11,20,31,0.35
nNSP,15,19,34,0.44
nNSS,11,16,27,0.41
nNSb,8,9,17,0.47
nNSh,9,8,17,0.53
nNSl,5,4,9,0.56
nNSm,9,6,15,0.6
nNSn,17,13,30,0.57
nNSs,14,15,29,0.48
nNSt,1,4,5,0.2
nNbB,6,9,15,0.4
nNbD,0,1,1,0.0
nNbH,1,5,6,0.17
nNbI,2,0,2,1.0
nNbJ,2,3,5,0.4
nNbK,3,2,5,0.6
nNbL,4,7,11,0.36
nNbM,8,16,24,0.33
nNbN,17,22,39,0.44
nNbP,13,15,28,0.46
nNbS,3,7,10,0.3
nNbb,13,8,21,0.62
nNbl,4,1,5,0.8
nNbm,18,2,20,0.9
nNbn,10,13,23,0.43
nNbs,4,6,10,0.4
nNhB,6,2,8,0.75
nNhD,2,2,4,0.5
nNhH,4,0,4,1.0
nNhI,1,1,2,0.5
nNhL,0,2,2,0.0
nNhM,2,5,7,0.29
nNhN,3,4,7,0.43
nNhP,8,6,14,0.57
nNhS,5,6,11,0.45
nNhb,2,3,5,0.4
nNhh,2,3,5,0.4
nNhl,2,1,3,0.67
nNhm,4,6,10,0.4
nNhn,3,10,13,0.23
nNhs,3,6,9,0.33
nNht,1,2,3,0.33
nNlB,3,1,4,0.75
nNlH,3,1,4,0.75
nNlJ,0,2,2,0.0
nNlK,0,1,1,0.0
nNlL,4,2,6,0.67
nNlM,5,2,7,0.71
nNlN,5,2,7,0.71
nNlP,6,3,9,0.67
nNlS,3,4,7,0.43
nNlb,2,5,7,0.29
nNll,2,2,4,0.5
nNlm,6,3,9,0.67
nNln,5,4,9,0.56
nNls,3,2,5,0.6
nNmB,12,18,30,0.4
nNmD,4,2,6,0.67
nNmH,8,10,18,0.44
nNmI,0,2,2,0.0
nNmJ,7,3,10,0.7
nNmK,0,3,3,0.0
nNmL,6,8,14,0.43
nNmM,12,10,22,0.55
nNmN,24,30,54,0.44
nNmP,26,20,46,0.57
nNmS,14,16,30,0.47
nNmb,15,13,28,0.54
nNml,4,1,5,0.8
nNmm,15,15,30,0.5
nNmn,21,20,41,0.51
nNms,13,11,24,0.54
nNnB,18,16,34,0.53
nNnD,11,3,14,0.79
nNnH,15,16,31,0.48
nNnI,4,5,9,0.44
nNnK,0,1,1,0.0
nNnL,13,9,22,0.59
nNnM,19,22,41,0.46
nNnN,31,37,68,0.46
nNnP,29,34,63,0.46
nNnS,16,18,34,0.47
nNnb,22,12,34,0.65
nNnh,0,1,1,0.0
nNnl,5,3,8,0.62
nNnm,31,14,45,0.69
nNnn,36,29,65,0.55
nNns,22,21,43,0.51
nNnt,0,1,1,0.0
nNsB,6,7,13,0.46
nNsD,1,1,2,0.5
nNsH,7,20,27,0.26
nNsI,3,1,4,0.75
nNsK,0,1,1,0.0
nNsL,2,2,4,0.5
nNsM,6,15,21,0.29
nNsN,21,14,35,0.6
nNsP,19,15,34,0.56
nNsS,19,10,29,0.66
nNsb,9,10,19,0.47
nNsh,1,1,2,0.5
nNsl,6,4,10,0.6
nNsm,14,13,27,0.52
nNsn,14,14,28,0.5
nNss,10,10,20,0.5
nNtB,4,1,5,0.8
nNtD,1,4,5,0.2
nNtH,3,1,4,0.75
nNtL,0,1,1,0.0
nNtM,0,2,2,0.0
nNtN,2,1,3,0.67
nNtP,8,4,12,0.67
nNtS,7,4,11,0.64
nNtb,4,4,8,0.5
nNth,0,1,1,0.0
nNtm,2,5,7,0.29
nNtn,5,3,8,0.62
nNts,0,1,1,0.0
nPBB,18,14,32,0.56
nPBD,1,4,5,0.2
nPBH,1,0,1,1.0
nPBK,2,0,2,1.0
nPBL,8,4,12,0.67
nPBM,13,8,21,0.62
nPBN,22,15,37,0.59
nPBP,19,19,38,0.5
nPBS,8,6,14,0.57
nPBb,15,15,30,0.5
nPBh,0,1,1,0.0
nPBj,4,6,10,0.4
nPBl,8,5,13,0.62
nPBm,12,24,36,0.33
nPBn,23,14,37,0.62
nPBs,8,9,17,0.47
nPBt,7,2,9,0.78
nPDB,1,1,2,0.5
nPDD,1,2,3,0.33
nPDH,3,1,4,0.75
nPDI,0,1,1,0.0
nPDL,1,1,2,0.5
nPDM,1,4,5,0.2
nPDN,1,2,3,0.33
nPDP,4,4,8,0.5
nPDS,3,4,7,0.43
nPDb,5,3,8,0.62
nPDh,0,1,1,0.0
nPDl,0,2,2,0.0
nPDm,7,1,8,0.88
nPDn,3,3,6,0.5
nPDs,3,0,3,1.0
nPHB,3,4,7,0.43
nPHD,0,2,2,0.0
nPHH,3,2,5,0.6
nPHI,1,0,1,1.0
nPHK,2,0,2,1.0
nPHL,4,3,7,0.57
nPHM,5,5,10,0.5
nPHN,6,4,10,0.6
nPHP,11,9,20,0.55
nPHS,5,3,8,0.62
nPHb,4,3,7,0.57
nPHh,1,3,4,0.25
nPHl,5,1,6,0.83
nPHm,4,6,10,0.4
nPHn,7,4,11,0.64
nPHs,8,7,15,0.53
nPHt,0,1,1,0.0
nPIB,2,2,4,0.5
nPID,0,1,1,0.0
nPIH,0,1,1,0.0
nPIL,2,2,4,0.5
nPIM,2,2,4,0.5
nPIN,4,5,9,0.44
nPIP,3,2,5,0.6
nPIS,4,2,6,0.67
nPIb,5,0,5,1.0
nPIl,1,0,1,1.0
nPIm,1,2,3,0.33
nPIn,2,0,2,1.0
nPIs,0,2,2,0.0
nPKB,0,2,2,0.0
nPKI,1,0,1,1.0
nPKL,3,0,3,1.0
nPKM,0,4,4,0.0
nPKN,2,1,3,0.67
nPKP,6,3,9,0.67
nPKS,2,1,3,0.67
nPKb,3,0,3,1.0
nPKl,0,1,1,0.0
nPKm,2,2,4,0.5
nPKn,3,2,5,0.6
nPKs,1,2,3,0.33
nPLB,4,3,7,0.57
nPLD,0,3,3,0.0
nPLL,6,2,8,0.75
nPLM,8,14,22,0.36
nPLN,6,9,15,0.4
nPLP,11,9,20,0.55
nPLS,6,4,10,0.6
nPLb,4,0,4,1.0
nPLh,5,3,8,0.62
nPLj,4,0,4,1.0
nPLl,1,7,8,0.12
nPLm,9,9,18,0.5
nPLn,11,7,18,0.61
nPLs,3,2,5,0.6
nPLt,2,2,4,0.5
nPMB,17,14,31,0.55
nPMD,1,5,6,0.17
nPMK,1,0,1,1.0
nPML,6,4,10,0.6
nPMM,6,18,24,0.25
nPMN,24,15,39,0.62
nPMP,22,21,43,0.51
nPMS,10,9,19,0.53
nPMb,15,23,38,0.39
nPMh,13,17,30,0.43
nPMj,1,1,2,0.5
nPMl,2,6,8,0.25
nPMm,26,18,44,0.59
nPMn,12,19,31,0.39
nPMs,10,11,21,0.48
nPMt,6,2,8,0.75
nPNB,19,11,30,0.63
nPND,6,2,8,0.75
nPNH,5,2,7,0.71
nPNK,4,1,5,0.8
nPNL,6,9,15,0.4
nPNM,17,22,39,0.44
nPNN,16,25,41,0.39
nPNP,34,29,63,0.54
nPNS,20,20,40,0.5
nPNb,19,16,35,0.54
nPNh,9,6,15,0.6
nPNl,5,7,12,0.42
nPNm,25,14,39,0.64
nPNn,25,22,47,0.53
nPNs,16,14,30,0.53
nPNt,4,3,7,0.57
nPPB,19,34,53,0.36
nPPD,5,3,8,0.62
nPPH,9,9,18,0.5
nPPI,2,3,5,0.4
nPPK,2,1,3,0.67
nPPL,19,13,32,0.59
nPPM,25,31,56,0.45
nPPN,24,29,53,0.45
nPPP,30,33,63,0.48
nPPS,20,22,42,0.48
nPPb,20,15,35,0.57
nPPh,2,3,5,0.4
nPPl,12,4,16,0.75
nPPm,33,25,58,0.57
nPPn,31,23,54,0.57
nPPs,18,11,29,0.62
nPPt,1,6,7,0.14
nPSB,8,13,21,0.38
nPSD,4,3,7,0.57
nPSH,5,6,11,0.45
nPSK,0,2,2,0.0
nPSL,4,3,7,0.57
nPSM,16,17,33,0.48
nPSN,12,12,24,0.5
nPSP,23,18,41,0.56
nPSS,14,18,32,0.44
nPSb,11,11,22,0.5
nPSh,6,11,17,0.35
nPSl,7,5,12,0.58
nPSm,16,14,30,0.53
nPSn,16,12,28,0.57
nPSs,13,11,24,0.54
nPSt,4,1,5,0.8
nPbB,14,20,34,0.41
nPbD,3,1,4,0.75
nPbH,4,8,12,0.33
nPbI,3,1,4,0.75
nPbJ,1,3,4,0.25
nPbK,3,2,5,0.6
nPbL,5,8,13,0.38
nPbM,15,16,31,0.48
nPbN,24,20,44,0.55
nPbP,17,20,37,0.46
nPbS,11,8,19,0.58
nPbb,19,14,33,0.58
nPbl,4,12,16,0.25
nPbm,16,12,28,0.57
nPbn,16,14,30,0.53
nPbs,7,10,17,0.41
nPhB,2,0,2,1.0
nPhD,0,1,1,0.0
nPhH,0,2,2,0.0
nPhL,2,3,5,0.4
nPhM,3,1,4,0.75
nPhN,2,2,4,0.5
nPhP,3,5,8,0.38
nPhb,0,1,1,0.0
nPhh,2,3,5,0.4
nPhl,2,3,5,0.4
nPhm,4,2,6,0.67
nPhn,2,1,3,0.67
nPhs,0,1,1,0.0
nPht,1,0,1,1.0
nPlB,5,5,10,0.5
nPlD,2,0,2,1.0
nPlH,4,3,7,0.57
nPlI,1,2,3,0.33
nPlJ,2,0,2,1.0
nPlL,0,6,6,0.0
nPlM,8,11,19,0.42
nPlN,5,7,12,0.42
nPlP,10,5,15,0.67
nPlS,6,5,11,0.55
nPlb,6,5,11,0.55
nPlh,0,0,0,
nPll,3,0,3,1.0
nPlm,11,1,12,0.92
nPln,8,5,13,0.62
nPls,11,2,13,0.85
nPmB,26,14,40,0.65
nPmD,5,3,8,0.62
nPmH,17,18,35,0.49
nPmI,1,1,2,0.5
nPmJ,7,1,8,0.88
nPmK,1,0,1,1.0
nPmL,9,13,22,0.41
nPmM,24,19,43,0.56
nPmN,16,25,41,0.39
nPmP,16,30,46,0.35
nPmS,9,21,30,0.3
nPmb,21,19,40,0.52
nPml,5,4,9,0.56
nPmm,26,17,43,0.6
nPmn,11,12,23,0.48
nPms,11,5,16,0.69
nPnB,12,14,26,0.46
nPnD,3,1,4,0.75
nPnH,12,22,34,0.35
nPnI,1,2,3,0.33
nPnK,1,0,1,1.0
nPnL,8,10,18,0.44
nPnM,16,18,34,0.47
nPnN,25,21,46,0.54
nPnP,26,23,49,0.53
nPnS,18,18,36,0.5
nPnb,14,19,33,0.42
nPnh,0,0,0,
nPnl,4,5,9,0.44
nPnm,17,21,38,0.45
nPnn,17,22,39,0.44
nPns,18,15,33,0.55
nPnt,0,0,0,
nPsB,6,9,15,0.4
nPsD,4,4,8,0.5
nPsH,14,9,23,0.61
nPsI,5,5,10,0.5
nPsL,10,5,15,0.67
nPsM,11,15,26,0.42
nPsN,14,19,33,0.42
nPsP,18,25,43,0.42
nPsS,12,13,25,0.48
nPsb,7,11,18,0.39
nPsh,0,2,2,0.0
nPsl,5,4,9,0.56
nPsm,18,15,33,0.55
nPsn,12,7,19,0.63
nPss,9,10,19,0.47
nPst,0,1,1,0.0
nPtB,0,2,2,0.0
nPtD,0,1,1,0.0
nPtH,1,1,2,0.5
nPtK,0,0,0,
nPtL,1,0,1,1.0
nPtM,3,2,5,0.6
nPtN,2,1,3,0.67
nPtP,2,3,5,0.4
nPtS,0,2,2,0.0
nPtb,3,2,5,0.6
nPtl,0,1,1,0.0
nPtm,4,3,7,0.57
nPtn,3,4,7,0.43
nPts,2,3,5,0.4
nSBB,9,6,15,0.6
nSBD,0,2,2,0.0
nSBK,1,0,1,1.0
nSBL,0,4,4,0.0
nSBM,7,10,17,0.41
nSBN,10,7,17,0.59
nSBP,9,12,21,0.43
nSBS,4,4,8,0.5
nSBb,5,3,8,0.62
nSBh,0,1,1,0.0
nSBj,5,2,7,0.71
nSBl,2,2,4,0.5
nSBm,11,2,13,0.85
nSBn,13,8,21,0.62
nSBs,1,3,4,0.25
nSBt,1,2,3,0.33
nSDB,1,1,2,0.5
nSDD,2,1,3,0.67
nSDH,2,3,5,0.4
nSDI,1,0,1,1.0
nSDL,2,1,3,0.67
nSDM,3,2,5,0.6
nSDN,2,0,2,1.0
nSDP,1,2,3,0.33
nSDS,4,6,10,0.4
nSDb,4,3,7,0.57
nSDh,0,0,0,
nSDl,1,1,2,0.5
nSDm,4,2,6,0.67
nSDn,3,2,5,0.6
nSDs,2,2,4,0.5
nSHB,3,2,5,0.6
nSHD,2,0,2,1.0
nSHI,1,0,1,1.0
nSHK,0,2,2,0.0
nSHL,0,1,1,0.0
nSHM,1,6,7,0.14
nSHN,5,6,11,0.45
nSHP,6,4,10,0.6
nSHS,2,7,9,0.22
nSHb,1,1,2,0.5
nSHh,1,2,3,0.33
nSHl,3,1,4,0.75
nSHm,2,3,5,0.4
nSHn,4,1,5,0.8
nSHs,1,1,2,0.5
nSIB,0,0,0,
nSIM,1,1,2,0.5
nSIN,1,2,3,0.33
nSIP,2,0,2,1.0
nSIS,1,1,2,0.5
nSIb,0,1,1,0.0
nSIm,2,0,2,1.0
nSKB,1,0,1,1.0
nSKL,1,0,1,1.0
nSKM,0,1,1,0.0
nSKN,0,1,1,0.0
nSKP,1,0,1,1.0
nSKh,1,0,1,1.0
nSKm,0,1,1,0.0
nSKs,0,0,0,
nSLB,3,2,5,0.6
nSLD,2,0,2,1.0
nSLL,1,0,1,1.0
nSLM,1,1,2,0.5
nSLN,1,6,7,0.14
nSLP,3,2,5,0.6
nSLS,1,1,2,0.5
nSLb,1,2,3,0.33
nSLh,2,1,3,0.67
nSLj,1,1,2,0.5
nSLl,1,2,3,0.33
nSLm,6,3,9,0.67
nSLn,1,10,11,0.09
nSLs,4,1,5,0.8
nSLt,1,1,2,0.5
nSMB,9,4,13,0.69
nSMD,1,0,1,1.0
nSMI,1,0,1,1.0
nSML,1,3,4,0.25
nSMM,8,14,22,0.36
nSMN,12,10,22,0.55
nSMP,4,12,16,0.25
nSMS,15,8,23,0.65
nSMb,9,7,16,0.56
nSMh,3,8,11,0.27
nSMj,2,2,4,0.5
nSMl,2,4,6,0.33
nSMm,16,12,28,0.57
nSMn,17,7,24,0.71
nSMs,10,8,18,0.56
nSMt,1,2,3,0.33
nSNB,10,7,17,0.59
nSND,5,1,6,0.83
nSNH,1,1,2,0.5
nSNK,0,1,1,0.0
nSNL,2,2,4,0.5
nSNM,10,19,29,0.34
nSNN,15,15,30,0.5
nSNP,14,12,26,0.54
nSNS,10,12,22,0.45
nSNb,6,7,13,0.46
nSNh,2,3,5,0.4
nSNl,3,1,4,0.75
nSNm,7,14,21,0.33
nSNn,8,18,26,0.31
nSNs,16,8,24,0.67
nSNt,3,1,4,0.75
nSPB,7,4,11,0.64
nSPD,5,1,6,0.83
nSPH,0,7,7,0.0
nSPI,0,1,1,0.0
nSPK,0,0,0,
nSPL,1,7,8,0.12
nSPM,14,17,31,0.45
nSPN,18,14,32,0.56
nSPP,12,14,26,0.46
nSPS,15,14,29,0.52
nSPb,9,8,17,0.53
nSPh,2,0,2,1.0
nSPl,7,5,12,0.58
nSPm,13,12,25,0.52
nSPn,20,17,37,0.54
nSPs,5,4,9,0.56
nSPt,2,0,2,1.0
nSSB,2,7,9,0.22
nSSD,0,3,3,0.0
nSSH,7,3,10,0.7
nSSI,1,0,1,1.0
nSSK,1,0,1,1.0
nSSL,2,2,4,0.5
nSSM,11,22,33,0.33
nSSN,19,11,30,0.63
nSSP,15,16,31,0.48
nSSS,12,18,30,0.4
nSSb,10,9,19,0.53
nSSh,5,4,9,0.56
nSSl,4,5,9,0.44
nSSm,18,16,34,0.53
nSSn,13,11,24,0.54
nSSs,13,11,24,0.54
nSSt,1,0,1,1.0
nSbB,6,5,11,0.55
nSbD,2,1,3,0.67
nSbH,1,2,3,0.33
nSbJ,2,2,4,0.5
nSbK,0,0,0,
nSbL,2,3,5,0.4
nSbM,6,12,18,0.33
nSbN,11,9,20,0.55
nSbP,9,9,18,0.5
nSbS,11,5,16,0.69
nSbb,5,7,12,0.42
nSbl,2,0,2,1.0
nSbm,5,3,8,0.62
nSbn,3,10,13,0.23
nSbs,3,1,4,0.75
nShB,3,2,5,0.6
nShD,2,0,2,1.0
nShH,0,2,2,0.0
nShI,2,0,2,1.0
nShL,3,2,5,0.6
nShM,3,7,10,0.3
nShN,6,5,11,0.55
nShP,8,9,17,0.47
nShS,4,6,10,0.4
nShb,4,5,9,0.44
nShh,5,3,8,0.62
nShl,0,1,1,0.0
nShm,5,3,8,0.62
nShn,9,5,14,0.64
nShs,5,7,12,0.42
nSht,2,2,4,0.5
nSlB,2,4,6,0.33
nSlD,1,0,1,1.0
nSlH,1,3,4,0.25
nSlJ,0,2,2,0.0
nSlL,1,2,3,0.33
nSlM,2,3,5,0.4
nSlN,3,3,6,0.5
nSlP,5,2,7,0.71
nSlS,4,6,10,0.4
nSlb,3,5,8,0.38
nSll,1,0,1,1.0
nSlm,2,1,3,0.67
nSln,5,2,7,0.71
nSls,1,3,4,0.25
nSmB,5,13,18,0.28
nSmD,3,3,6,0.5
nSmH,7,10,17,0.41
nSmI,2,1,3,0.67
nSmJ,4,3,7,0.57
nSmL,5,5,10,0.5
nSmM,9,16,25,0.36
nSmN,11,9,20,0.55
nSmP,13,14,27,0.48
nSmS,14,17,31,0.45
nSmb,10,10,20,0.5
nSml,0,4,4,0.0
nSmm,15,10,25,0.6
nSmn,6,8,14,0.43
nSms,4,7,11,0.36
nSnB,4,12,16,0.25
nSnD,3,1,4,0.75
nSnH,4,3,7,0.57
nSnI,2,2,4,0.5
nSnK,1,1,2,0.5
nSnL,2,6,8,0.25
nSnM,12,9,21,0.57
nSnN,16,16,32,0.5
nSnP,8,24,32,0.25
nSnS,11,12,23,0.48
nSnb,6,9,15,0.4
nSnh,0,2,2,0.0
nSnl,5,3,8,0.62
nSnm,9,7,16,0.56
nSnn,14,13,27,0.52
nSns,10,10,20,0.5
nSsB,8,10,18,0.44
nSsD,1,4,5,0.2
nSsH,8,16,24,0.33
nSsI,2,2,4,0.5
nSsL,3,2,5,0.6
nSsM,5,10,15,0.33
nSsN,11,7,18,0.61
nSsP,15,11,26,0.58
nSsS,15,12,27,0.56
nSsb,6,3,9,0.67
nSsl,4,4,8,0.5
nSsm,12,11,23,0.52
nSsn,13,5,18,0.72
nSss,12,9,21,0.57
nStB,2,3,5,0.4
nStD,0,0,0,
nStH,1,2,3,0.33
nStK,0,0,0,
nStL,0,1,1,0.0
nStM,1,0,1,1.0
nStN,3,1,4,0.75
nStP,2,4,6,0.33
nStS,1,2,3,0.33
nStb,2,0,2,1.0
nStm,2,0,2,1.0
nStn,1,2,3,0.33
nSts,1,1,2,0.5
nStt,0,0,0,
nbBB,6,11,17,0.35
nbBD,0,1,1,0.0
nbBK,1,0,1,1.0
nbBL,2,1,3,0.67
nbBM,11,11,22,0.5
nbBN,14,19,33,0.42
nbBP,9,11,20,0.45
nbBS,6,11,17,0.35
nbBb,10,7,17,0.59
nbBh,2,0,2,1.0
nbBj,4,5,9,0.44
nbBl,6,2,8,0.75
nbBm,12,8,20,0.6
nbBn,20,13,33,0.61
nbBs,5,8,13,0.38
nbBt,1,2,3,0.33
nbDB,2,0,2,1.0
nbDD,1,3,4,0.25
nbDH,0,0,0,
nbDL,0,1,1,0.0
nbDM,1,2,3,0.33
nbDN,3,0,3,1.0
nbDP,1,1,2,0.5
nbDS,1,2,3,0.33
nbDb,0,1,1,0.0
nbDm,0,2,2,0.0
nbDn,1,0,1,1.0
nbDs,2,0,2,1.0
nbHB,2,0,2,1.0
nbHD,1,0,1,1.0
nbHK,0,0,0,
nbHL,0,2,2,0.0
nbHM,4,3,7,0.57
nbHN,2,4,6,0.33
nbHP,2,1,3,0.67
nbHS,2,2,4,0.5
nbHb,1,0,1,1.0
nbHh,1,0,1,1.0
nbHl,1,0,1,1.0
nbHm,2,1,3,0.67
nbHn,5,1,6,0.83
nbHs,2,2,4,0.5
nbHt,0,1,1,0.0
nbIB,1,1,2,0.5
nbIH,1,0,1,1.0
nbIM,1,1,2,0.5
nbIN,2,1,3,0.67
nbIP,2,2,4,0.5
nbIS,0,1,1,0.0
nbIb,1,1,2,0.5
nbIm,3,2,5,0.6
nbIn,0,3,3,0.0
nbJB,7,0,7,1.0
nbJD,1,1,2,0.5
nbJH,1,2,3,0.33
nbJL,1,2,3,0.33
nbJM,2,5,7,0.29
nbJN,1,4,5,0.2
nbJP,4,2,6,0.67
nbJS,2,2,4,0.5
nbJb,0,3,3,0.0
nbJh,0,1,1,0.0
nbJl,4,0,4,1.0
nbJm,4,1,5,0.8
nbJn,1,3,4,0.25
nbJs,2,2,4,0.5
nbKB,1,3,4,0.25
nbKL,0,0,0,
nbKM,4,0,4,1.0
nbKN,1,2,3,0.33
nbKP,2,3,5,0.4
nbKS,0,1,1,0.0
nbKb,4,2,6,0.67
nbKh,0,3,3,0.0
nbKm,3,0,3,1.0
nbKn,2,2,4,0.5
nbKs,0,1,1,0.0
nbKt,0,1,1,0.0
nbLB,4,3,7,0.57
nbLD,1,0,1,1.0
nbLH,0,1,1,0.0
nbLL,1,2,3,0.33
nbLM,5,6,11,0.45
nbLN,5,6,11,0.45
nbLP,7,4,11,0.64
nbLS,4,0,4,1.0
nbLb,3,2,5,0.6
nbLh,3,2,5,0.6
nbLj,0,0,0,
nbLl,1,0,1,1.0
nbLm,5,2,7,0.71
nbLn,7,4,11,0.64
nbLs,3,3,6,0.5
nbMB,14,7,21,0.67
nbMD,3,1,4,0.75
nbMH,0,1,1,0.0
nbMK,0,1,1,0.0
nbML,1,4,5,0.2
nbMM,7,9,16,0.44
nbMN,19,6,25,0.76
nbMP,18,13,31,0.58
nbMS,6,5,11,0.55
nbMb,13,10,23,0.57
nbMh,4,6,10,0.4
nbMj,3,2,5,0.6
nbMl,4,1,5,0.8
nbMm,5,14,19,0.26
nbMn,15,23,38,0.39
nbMs,10,9,19,0.53
nbMt,2,2,4,0.5
nbNB,8,15,23,0.35
nbND,5,4,9,0.56
nbNH,1,2,3,0.33
nbNK,0,3,3,0.0
nbNL,3,8,11,0.27
nbNM,7,12,19,0.37
nbNN,14,18,32,0.44
nbNP,19,21,40,0.48
nbNS,10,10,20,0.5
nbNb,16,9,25,0.64
nbNh,2,6,8,0.25
nbNl,5,5,10,0.5
nbNm,18,10,28,0.64
nbNn,32,12,44,0.73
nbNs,9,11,20,0.45
nbNt,2,3,5,0.4
nbPB,8,10,18,0.44
nbPD,1,0,1,1.0
nbPH,3,0,3,1.0
nbPI,3,1,4,0.75
nbPK,0,2,2,0.0
nbPL,4,6,10,0.4
nbPM,12,19,31,0.39
nbPN,16,13,29,0.55
nbPP,19,15,34,0.56
nbPS,7,7,14,0.5
nbPb,12,17,29,0.41
nbPl,8,6,14,0.57
nbPm,16,11,27,0.59
nbPn,10,12,22,0.45
nbPs,8,3,11,0.73
nbPt,1,0,1,1.0
nbSB,6,6,12,0.5
nbSD,4,2,6,0.67
nbSH,2,0,2,1.0
nbSK,1,0,1,1.0
nbSL,3,3,6,0.5
nbSM,9,12,21,0.43
nbSN,7,3,10,0.7
nbSP,5,8,13,0.38
nbSS,7,3,10,0.7
nbSb,3,5,8,0.38
nbSh,2,5,7,0.29
nbSl,1,0,1,1.0
nbSm,6,6,12,0.5
nbSn,8,9,17,0.47
nbSs,7,6,13,0.54
nbSt,1,2,3,0.33
nbbB,12,14,26,0.46
nbbD,0,1,1,0.0
nbbH,3,1,4,0.75
nbbI,2,0,2,1.0
nbbJ,3,3,6,0.5
nbbK,2,1,3,0.67
nbbL,4,5,9,0.44
nbbM,10,12,22,0.45
nbbN,21,9,30,0.7
nbbP,11,9,20,0.55
nbbS,4,2,6,0.67
nbbb,15,9,24,0.62
nbbl,5,2,7,0.71
nbbm,14,10,24,0.58
nbbn,6,9,15,0.4
nbbs,0,3,3,0.0
nbhS,0,0,0,
nbhh,0,1,1,0.0
nblB,0,3,3,0.0
nblD,0,1,1,0.0
nblH,1,1,2,0.5
nblI,0,1,1,0.0
nblJ,0,1,1,0.0
nblL,2,2,4,0.5
nblM,4,5,9,0.44
nblN,2,1,3,0.67
nblP,2,4,6,0.33
nblS,3,2,5,0.6
nblb,3,1,4,0.75
nbll,1,0,1,1.0
nblm,1,3,4,0.25
nbln,4,2,6,0.67
nbls,1,0,1,1.0
nbmB,6,16,22,0.27
nbmD,2,5,7,0.29
nbmH,7,4,11,0.64
nbmJ,2,2,4,0.5
nbmL,2,2,4,0.5
nbmM,6,14,20,0.3
nbmN,16,13,29,0.55
nbmP,15,11,26,0.58
nbmS,3,2,5,0.6
nbmb,8,8,16,0.5
nbml,1,2,3,0.33
nbmm,12,10,22,0.55
nbmn,7,7,14,0.5
nbms,4,1,5,0.8
nbnB,14,18,32,0.44
nbnD,2,1,3,0.67
nbnH,7,6,13,0.54
nbnI,1,2,3,0.33
nbnK,2,0,2,1.0
nbnL,2,2,4,0.5
nbnM,6,6,12,0.5
nbnN,19,16,35,0.54
nbnP,24,21,45,0.53
nbnS,9,7,16,0.56
nbnb,14,12,26,0.54
nbnh,0,1,1,0.0
nbnl,8,3,11,0.73
nbnm,5,8,13,0.38
nbnn,14,7,21,0.67
nbns,9,7,16,0.56
nbsB,4,3,7,0.57
nbsD,0,2,2,0.0
nbsH,4,4,8,0.5
nbsI,1,0,1,1.0
nbsL,1,2,3,0.33
nbsM,4,6,10,0.4
nbsN,5,5,10,0.5
nbsP,9,7,16,0.56
nbsS,6,7,13,0.46
nbsb,6,1,7,0.86
nbsh,1,1,2,0.5
nbsl,1,2,3,0.33
nbsm,6,7,13,0.46
nbsn,2,2,4,0.5
nbss,2,3,5,0.4
nhBB,1,0,1,1.0
nhBD,0,1,1,0.0
nhBL,0,1,1,0.0
nhBb,0,1,1,0.0
nhBl,0,1,1,0.0
nhBm,0,0,0,
nhDP,0,1,1,0.0
nhDb,0,1,1,0.0
nhDh,0,1,1,0.0
nhHB,0,0,0,
nhHP,0,1,1,0.0
nhIM,0,1,1,0.0
nhIS,0,1,1,0.0
nhLB,0,1,1,0.0
nhLL,0,1,1,0.0
nhLN,0,1,1,0.0
nhLs,0,0,0,
nhMB,0,2,2,0.0
nhMI,0,1,1,0.0
nhMP,0,1,1,0.0
nhMS,1,1,2,0.5
nhMb,1,0,1,1.0
nhMh,0,0,0,
nhMm,1,2,3,0.33
nhMn,0,1,1,0.0
nhMs,0,1,1,0.0
nhNB,1,0,1,1.0
nhNM,1,0,1,1.0
nhNN,0,1,1,0.0
nhNP,1,1,2,0.5
nhNb,0,1,1,0.0
nhNm,2,0,2,1.0
nhNs,1,0,1,1.0
nhNt,1,0,1,1.0
nhPB,1,3,4,0.25
nhPM,1,0,1,1.0
nhPm,2,2,4,0.5
nhPn,1,0,1,1.0
nhPs,1,0,1,1.0
nhSB,2,2,4,0.5
nhSH,0,1,1,0.0
nhSL,0,0,0,
nhSM,0,2,2,0.0
nhSN,0,0,0,
nhSP,1,1,2,0.5
nhSS,3,0,3,1.0
nhSb,1,0,1,1.0
nhbL,0,2,2,0.0
nhbN,1,0,1,1.0
nhbP,1,0,1,1.0
nhbS,0,1,1,0.0
nhbb,2,1,3,0.67
nhbm,2,0,2,1.0
nhbn,1,0,1,1.0
nhbs,0,0,0,
nhhB,1,0,1,1.0
nhhN,1,0,1,1.0
nhhP,1,0,1,1.0
nhhS,2,0,2,1.0
nhhh,2,0,2,1.0
nhhm,0,1,1,0.0
nhhn,1,0,1,1.0
nhhs,0,1,1,0.0
nhlM,1,0,1,1.0
nhlN,1,0,1,1.0
nhll,0,1,1,0.0
nhlm,0,2,2,0.0
nhln,1,0,1,1.0
nhmM,0,2,2,0.0
nhmN,0,0,0,
nhmP,0,1,1,0.0
nhmb,1,2,3,0.33
nhmm,0,1,1,0.0
nhmn,0,0,0,
nhnB,0,1,1,0.0
nhnM,0,1,1,0.0
nhnP,2,0,2,1.0
nhnb,0,1,1,0.0
nhnm,0,0,0,
nhnn,1,0,1,1.0
nhns,2,1,3,0.67
nhsB,0,1,1,0.0
nhsH,0,3,3,0.0
nhsI,0,1,1,0.0
nhsM,1,2,3,0.33
nhsN,0,1,1,0.0
nhsS,0,1,1,0.0
nhsb,1,0,1,1.0
nhsl,1,0,1,1.0
nhsm,1,0,1,1.0
nhss,1,0,1,1.0
nhst,1,0,1,1.0
nhtS,0,0,0,
nl,1,0,1,1.0
nlBB,2,2,4,0.5
nlBD,0,1,1,0.0
nlBK,1,0,1,1.0
nlBL,2,0,2,1.0
nlBM,5,2,7,0.71
nlBN,1,2,3,0.33
nlBP,5,5,10,0.5
nlBS,1,1,2,0.5
nlBb,0,2,2,0.0
nlBj,1,0,1,1.0
nlBl,1,0,1,1.0
nlBm,3,1,4,0.75
nlBn,9,8,17,0.53
nlBs,1,0,1,1.0
nlBt,2,0,2,1.0
nlDB,2,0,2,1.0
nlDD,0,1,1,0.0
nlDM,0,1,1,0.0
nlDN,1,0,1,1.0
nlDP,0,1,1,0.0
nlDS,1,0,1,1.0
nlDb,0,1,1,0.0
nlDh,0,1,1,0.0
nlDm,2,2,4,0.5
nlDt,1,0,1,1.0
nlHB,0,5,5,0.0
nlHD,1,1,2,0.5
nlHH,0,1,1,0.0
nlHK,0,0,0,
nlHL,1,2,3,0.33
nlHM,3,3,6,0.5
nlHN,4,1,5,0.8
nlHP,5,2,7,0.71
nlHS,0,1,1,0.0
nlHb,3,1,4,0.75
nlHm,0,1,1,0.0
nlHn,2,4,6,0.33
nlHs,0,3,3,0.0
nlHt,0,1,1,0.0
nlIH,0,1,1,0.0
nlIM,1,0,1,1.0
nlIN,1,0,1,1.0
nlIP,0,1,1,0.0
nlIS,1,0,1,1.0
nlIb,0,0,0,
nlIl,1,0,1,1.0
nlIm,2,0,2,1.0
nlJB,1,0,1,1.0
nlJD,0,1,1,0.0
nlJH,1,0,1,1.0
nlJL,0,1,1,0.0
nlJM,1,3,4,0.25
nlJN,2,0,2,1.0
nlJP,2,0,2,1.0
nlJS,0,1,1,0.0
nlJb,2,0,2,1.0
nlJl,1,1,2,0.5
nlJm,1,0,1,1.0
nlJs,2,3,5,0.4
nlJt,0,2,2,0.0
nlKB,0,0,0,
nlKL,0,0,0,
nlKP,0,1,1,0.0
nlKb,0,1,1,0.0
nlKh,1,0,1,1.0
nlKm,0,1,1,0.0
nlKn,1,0,1,1.0
nlLB,1,1,2,0.5
nlLL,1,0,1,1.0
nlLM,3,1,4,0.75
nlLN,1,0,1,1.0
nlLP,2,5,7,0.29
nlLS,0,2,2,0.0
nlLb,1,3,4,0.25
nlLl,2,0,2,1.0
nlLm,0,1,1,0.0
nlLn,5,6,11,0.45
nlLt,1,0,1,1.0
nlMB,3,5,8,0.38
nlMD,1,0,1,1.0
nlML,2,1,3,0.67
nlMM,3,2,5,0.6
nlMN,5,3,8,0.62
nlMP,2,8,10,0.2
nlMS,3,2,5,0.6
nlMb,5,3,8,0.62
nlMh,2,3,5,0.4
nlMj,1,1,2,0.5
nlMl,1,1,2,0.5
nlMm,7,4,11,0.64
nlMn,2,2,4,0.5
nlMs,4,4,8,0.5
nlMt,0,1,1,0.0
nlN,1,0,1,1.0
nlNB,4,2,6,0.67
nlNH,1,0,1,1.0
nlNK,1,0,1,1.0
nlNL,2,3,5,0.4
nlNM,0,7,7,0.0
nlNN,4,10,14,0.29
nlNP,6,6,12,0.5
nlNS,4,5,9,0.44
nlNb,4,3,7,0.57
nlNh,0,1,1,0.0
nlNl,5,1,6,0.83
nlNm,9,2,11,0.82
nlNn,8,9,17,0.47
nlNs,5,5,10,0.5
nlNt,0,0,0,
nlPB,6,5,11,0.55
nlPD,1,0,1,1.0
nlPH,2,3,5,0.4
nlPK,1,0,1,1.0
nlPL,2,6,8,0.25
nlPM,3,4,7,0.43
nlPN,8,4,12,0.67
nlPP,12,6,18,0.67
nlPS,2,6,8,0.25
nlPb,7,1,8,0.88
nlPl,2,2,4,0.5
nlPm,3,4,7,0.43
nlPn,1,2,3,0.33
nlPs,2,3,5,0.4
nlPt,1,2,3,0.33
nlSB,1,0,1,1.0
nlSH,1,1,2,0.5
nlSL,1,0,1,1.0
nlSM,0,3,3,0.0
nlSN,1,0,1,1.0
nlSP,3,2,5,0.6
nlSS,3,4,7,0.43
nlSb,1,1,2,0.5
nlSh,1,1,2,0.5
nlSl,1,1,2,0.5
nlSm,2,1,3,0.67
nlSn,3,4,7,0.43
nlSs,1,0,1,1.0
nlbB,6,4,10,0.6
nlbD,0,1,1,0.0
nlbH,1,0,1,1.0
nlbI,0,1,1,0.0
nlbJ,0,0,0,
nlbL,1,2,3,0.33
nlbM,3,1,4,0.75
nlbN,7,5,12,0.58
nlbP,8,7,15,0.53
nlbS,0,2,2,0.0
nlbb,1,6,7,0.14
nlbl,0,0,0,
nlbm,6,3,9,0.67
nlbn,1,5,6,0.17
nlbs,2,4,6,0.33
nlhI,0,1,1,0.0
nllB,0,0,0,
nllH,0,2,2,0.0
nllI,0,1,1,0.0
nllK,0,1,1,0.0
nllM,1,0,1,1.0
nllN,2,1,3,0.67
nllP,0,1,1,0.0
nllS,1,0,1,1.0
nllb,0,3,3,0.0
nllm,0,2,2,0.0
nlln,1,2,3,0.33
nlls,1,1,2,0.5
nlmB,3,4,7,0.43
nlmD,0,1,1,0.0
nlmH,2,0,2,1.0
nlmI,1,0,1,1.0
nlmL,1,0,1,1.0
nlmM,5,1,6,0.83
nlmN,4,4,8,0.5
nlmP,10,6,16,0.62
nlmS,1,3,4,0.25
nlmb,3,2,5,0.6
nlml,1,0,1,1.0
nlmm,4,2,6,0.67
nlmn,4,4,8,0.5
nlms,1,1,2,0.5
nlnB,2,3,5,0.4
nlnD,1,1,2,0.5
nlnH,1,1,2,0.5
nlnL,1,1,2,0.5
nlnM,5,2,7,0.71
nlnN,6,6,12,0.5
nlnP,5,5,10,0.5
nlnS,4,4,8,0.5
nlnb,4,1,5,0.8
nlnl,3,1,4,0.75
nlnm,3,4,7,0.43
nlnn,2,7,9,0.22
nlns,1,0,1,1.0
nlsB,1,3,4,0.25
nlsH,2,4,6,0.33
nlsI,0,0,0,
nlsL,2,2,4,0.5
nlsM,2,2,4,0.5
nlsP,2,3,5,0.4
nlsS,3,1,4,0.75
nlsb,1,1,2,0.5
nlsh,1,0,1,1.0
nlsm,2,1,3,0.67
nlsn,0,3,3,0.0
nlss,2,1,3,0.67
nmBB,11,7,18,0.61
nmBD,3,4,7,0.43
nmBK,2,6,8,0.25
nmBL,3,6,9,0.33
nmBM,9,9,18,0.5
nmBN,16,18,34,0.47
nmBP,16,12,28,0.57
nmBS,5,7,12,0.42
nmBb,7,7,14,0.5
nmBh,1,1,2,0.5
nmBj,2,0,2,1.0
nmBl,1,2,3,0.33
nmBm,9,9,18,0.5
nmBn,23,13,36,0.64
nmBs,11,6,17,0.65
nmBt,2,1,3,0.67
nmDB,2,1,3,0.67
nmDD,1,1,2,0.5
nmDH,2,2,4,0.5
nmDM,2,4,6,0.33
nmDN,4,1,5,0.8
nmDP,2,3,5,0.4
nmDS,1,4,5,0.2
nmDb,2,3,5,0.4
nmDh,1,0,1,1.0
nmDl,0,5,5,0.0
nmDm,6,3,9,0.67
nmDn,4,7,11,0.36
nmDs,6,1,7,0.86
nmDt,2,0,2,1.0
nmHB,8,5,13,0.62
nmHD,1,2,3,0.33
nmHH,2,3,5,0.4
nmHI,3,4,7,0.43
nmHL,2,2,4,0.5
nmHM,12,8,20,0.6
nmHN,10,11,21,0.48
nmHP,14,11,25,0.56
nmHS,9,2,11,0.82
nmHb,2,8,10,0.2
nmHh,5,3,8,0.62
nmHl,3,4,7,0.43
nmHm,15,10,25,0.6
nmHn,10,7,17,0.59
nmHs,11,8,19,0.58
nmHt,0,0,0,
nmID,1,0,1,1.0
nmIH,2,2,4,0.5
nmIL,1,2,3,0.33
nmIM,0,1,1,0.0
nmIN,2,3,5,0.4
nmIP,1,2,3,0.33
nmIS,1,1,2,0.5
nmIb,1,1,2,0.5
nmIl,1,0,1,1.0
nmIm,0,1,1,0.0
nmIn,0,1,1,0.0
nmJB,1,0,1,1.0
nmJH,3,4,7,0.43
nmJI,1,0,1,1.0
nmJK,0,0,0,
nmJL,3,0,3,1.0
nmJM,2,6,8,0.25
nmJN,3,2,5,0.6
nmJP,12,4,16,0.75
nmJS,1,1,2,0.5
nmJb,1,3,4,0.25
nmJl,2,1,3,0.67
nmJm,7,1,8,0.88
nmJn,1,1,2,0.5
nmJs,1,0,1,1.0
nmJt,1,1,2,0.5
nmKM,1,2,3,0.33
nmKP,1,0,1,1.0
nmKb,0,0,0,
nmKh,0,1,1,0.0
nmLB,2,1,3,0.67
nmLD,1,0,1,1.0
nmLL,1,1,2,0.5
nmLM,5,2,7,0.71
nmLN,3,3,6,0.5
nmLP,6,6,12,0.5
nmLS,0,3,3,0.0
nmLb,3,2,5,0.6
nmLh,1,2,3,0.33
nmLj,2,1,3,0.67
nmLm,7,6,13,0.54
nmLn,6,9,15,0.4
nmLs,1,1,2,0.5
nmMB,10,11,21,0.48
nmMD,5,2,7,0.71
nmMK,1,1,2,0.5
nmML,2,3,5,0.4
nmMM,16,24,40,0.4
nmMN,9,21,30,0.3
nmMP,14,11,25,0.56
nmMS,10,12,22,0.45
nmMb,17,9,26,0.65
nmMh,11,13,24,0.46
nmMj,1,3,4,0.25
nmMl,3,3,6,0.5
nmMm,17,12,29,0.59
nmMn,23,21,44,0.52
nmMs,8,7,15,0.53
nmMt,1,5,6,0.17
nmNB,15,16,31,0.48
nmND,3,3,6,0.5
nmNH,2,2,4,0.5
nmNI,0,1,1,0.0
nmNK,3,0,3,1.0
nmNL,4,3,7,0.57
nmNM,10,23,33,0.3
nmNN,15,23,38,0.39
nmNP,12,21,33,0.36
nmNS,15,5,20,0.75
nmNb,13,12,25,0.52
nmNh,5,7,12,0.42
nmNl,7,6,13,0.54
nmNm,21,12,33,0.64
nmNn,19,27,46,0.41
nmNs,11,9,20,0.55
nmNt,1,5,6,0.17
nmPB,15,11,26,0.58
nmPD,3,3,6,0.5
nmPH,4,4,8,0.5
nmPI,1,1,2,0.5
nmPK,1,1,2,0.5
nmPL,9,6,15,0.6
nmPM,16,18,34,0.47
nmPN,22,20,42,0.52
nmPP,20,19,39,0.51
nmPS,10,10,20,0.5
nmPb,10,7,17,0.59
nmPh,4,0,4,1.0
nmPl,4,5,9,0.44
nmPm,18,18,36,0.5
nmPn,14,18,32,0.44
nmPs,7,15,22,0.32
nmPt,3,0,3,1.0
nmSB,12,14,26,0.46
nmSD,6,0,6,1.0
nmSH,5,3,8,0.62
nmSI,1,0,1,1.0
nmSL,4,2,6,0.67
nmSM,5,11,16,0.31
nmSN,5,7,12,0.42
nmSP,14,7,21,0.67
nmSS,11,11,22,0.5
nmSb,3,8,11,0.27
nmSh,3,9,12,0.25
nmSl,3,2,5,0.6
nmSm,7,9,16,0.44
nmSn,17,9,26,0.65
nmSs,9,14,23,0.39
nmSt,3,2,5,0.6
nmbB,11,9,20,0.55
nmbD,3,1,4,0.75
nmbH,3,3,6,0.5
nmbI,1,2,3,0.33
nmbJ,5,5,10,0.5
nmbK,4,0,4,1.0
nmbL,4,3,7,0.57
nmbM,12,13,25,0.48
nmbN,16,21,37,0.43
nmbP,15,17,32,0.47
nmbS,4,3,7,0.57
nmbb,15,7,22,0.68
nmbl,4,1,5,0.8
nmbm,14,8,22,0.64
nmbn,12,13,25,0.48
nmbs,6,5,11,0.55
nmhI,1,0,1,1.0
nmhn,1,0,1,1.0
nmlB,5,2,7,0.71
nmlH,2,2,4,0.5
nmlI,0,1,1,0.0
nmlJ,0,2,2,0.0
nmlL,6,0,6,1.0
nmlM,3,4,7,0.43
nmlN,5,3,8,0.62
nmlP,6,1,7,0.86
nmlS,1,3,4,0.25
nmlb,2,4,6,0.33
nmll,0,1,1,0.0
nmlm,3,2,5,0.6
nmln,1,2,3,0.33
nmmB,10,7,17,0.59
nmmD,5,2,7,0.71
nmmH,5,8,13,0.38
nmmI,3,1,4,0.75
nmmJ,3,1,4,0.75
nmmL,1,4,5,0.2
nmmM,9,12,21,0.43
nmmN,12,12,24,0.5
nmmP,22,16,38,0.58
nmmS,4,11,15,0.27
nmmb,13,13,26,0.5
nmmh,0,0,0,
nmml,2,2,4,0.5
nmmm,9,16,25,0.36
nmmn,19,14,33,0.58
nmms,5,6,11,0.45
nmnB,9,11,20,0.45
nmnD,0,3,3,0.0
nmnH,14,2,16,0.88
nmnI,2,0,2,1.0
nmnK,0,1,1,0.0
nmnL,3,2,5,0.6
nmnM,8,12,20,0.4
nmnN,17,16,33,0.52
nmnP,23,21,44,0.52
nmnS,3,6,9,0.33
nmnb,15,6,21,0.71
nmnl,1,1,2,0.5
nmnm,13,7,20,0.65
nmnn,20,13,33,0.61
nmns,7,6,13,0.54
nmnt,2,0,2,1.0
nmsB,2,3,5,0.4
nmsD,3,1,4,0.75
nmsH,9,5,14,0.64
nmsI,0,0,0,
nmsK,0,1,1,0.0
nmsL,2,3,5,0.4
nmsM,5,7,12,0.42
nmsN,3,8,11,0.27
nmsP,7,8,15,0.47
nmsS,10,5,15,0.67
nmsb,6,5,11,0.55
nmsl,4,0,4,1.0
nmsm,7,6,13,0.54
nmsn,5,4,9,0.56
nmss,5,2,7,0.71
nmtS,0,1,1,0.0
nnBB,9,10,19,0.47
nnBK,0,2,2,0.0
nnBL,4,1,5,0.8
nnBM,6,10,16,0.38
nnBN,22,12,34,0.65
nnBP,15,6,21,0.71
nnBS,5,7,12,0.42
nnBb,10,11,21,0.48
nnBh,1,1,2,0.5
nnBj,3,5,8,0.38
nnBl,1,6,7,0.14
nnBm,14,8,22,0.64
nnBn,12,16,28,0.43
nnBs,10,6,16,0.62
nnBt,3,2,5,0.6
nnDB,2,4,6,0.33
nnDD,0,2,2,0.0
nnDH,2,6,8,0.25
nnDL,2,1,3,0.67
nnDM,2,1,3,0.67
nnDN,3,1,4,0.75
nnDP,0,2,2,0.0
nnDS,2,2,4,0.5
nnDb,1,3,4,0.25
nnDm,4,4,8,0.5
nnDn,1,6,7,0.14
nnDs,3,2,5,0.6
nnDt,1,0,1,1.0
nnHB,6,3,9,0.67
nnHD,2,2,4,0.5
nnHH,1,1,2,0.5
nnHI,0,1,1,0.0
nnHK,1,1,2,0.5
nnHL,4,1,5,0.8
nnHM,2,6,8,0.25
nnHN,10,13,23,0.43
nnHP,7,12,19,0.37
nnHS,8,4,12,0.67
nnHb,6,6,12,0.5
nnHh,2,7,9,0.22
nnHl,7,0,7,1.0
nnHm,11,8,19,0.58
nnHn,11,8,19,0.58
nnHs,12,2,14,0.86
nnHt,0,0,0,
nnIB,2,1,3,0.67
nnID,0,2,2,0.0
nnIH,1,2,3,0.33
nnII,0,1,1,0.0
nnIL,0,1,1,0.0
nnIM,5,5,10,0.5
nnIN,2,1,3,0.67
nnIP,5,3,8,0.62
nnIS,1,2,3,0.33
nnIb,2,2,4,0.5
nnIh,0,1,1,0.0
nnIl,1,0,1,1.0
nnIm,3,1,4,0.75
nnIn,3,4,7,0.43
nnIs,3,5,8,0.38
nnIt,1,0,1,1.0
nnKB,0,1,1,0.0
nnKD,0,0,0,
nnKM,0,2,2,0.0
nnKN,3,1,4,0.75
nnKP,2,1,3,0.67
nnKb,3,0,3,1.0
nnKh,1,1,2,0.5
nnKm,1,2,3,0.33
nnKn,0,1,1,0.0
nnKs,1,1,2,0.5
nnKt,0,0,0,
nnLB,0,2,2,0.0
nnLD,0,2,2,0.0
nnLL,2,0,2,1.0
nnLM,3,6,9,0.33
nnLN,8,7,15,0.53
nnLP,4,15,19,0.21
nnLS,1,4,5,0.2
nnLb,3,1,4,0.75
nnLh,2,1,3,0.67
nnLj,3,0,3,1.0
nnLl,1,0,1,1.0
nnLm,5,4,9,0.56
nnLn,3,3,6,0.5
nnLs,1,3,4,0.25
nnLt,1,0,1,1.0
nnMB,8,15,23,0.35
nnMD,4,2,6,0.67
nnML,3,3,6,0.5
nnMM,6,10,16,0.38
nnMN,19,18,37,0.51
nnMP,17,10,27,0.63
nnMS,7,11,18,0.39
nnMb,11,9,20,0.55
nnMh,7,13,20,0.35
nnMj,3,0,3,1.0
nnMl,4,2,6,0.67
nnMm,15,19,34,0.44
nnMn,20,20,40,0.5
nnMs,10,12,22,0.45
nnMt,1,2,3,0.33
nnNB,11,16,27,0.41
nnND,7,4,11,0.64
nnNH,1,3,4,0.25
nnNK,2,1,3,0.67
nnNL,2,8,10,0.2
nnNM,19,30,49,0.39
nnNN,21,25,46,0.46
nnNP,27,21,48,0.56
nnNS,13,16,29,0.45
nnNb,18,7,25,0.72
nnNh,8,4,12,0.67
nnNl,4,4,8,0.5
nnNm,22,16,38,0.58
nnNn,33,36,69,0.48
nnNs,12,12,24,0.5
nnNt,4,2,6,0.67
nnPB,22,22,44,0.5
nnPD,1,2,3,0.33
nnPH,11,4,15,0.73
nnPI,3,1,4,0.75
nnPK,3,0,3,1.0
nnPL,7,5,12,0.58
nnPM,20,10,30,0.67
nnPN,30,23,53,0.57
nnPP,24,30,54,0.44
nnPS,16,13,29,0.55
nnPb,13,16,29,0.45
nnPh,2,3,5,0.4
nnPl,3,9,12,0.25
nnPm,21,21,42,0.5
nnPn,17,18,35,0.49
nnPs,16,15,31,0.52
nnPt,1,2,3,0.33
nnSB,13,5,18,0.72
nnSD,2,2,4,0.5
nnSH,5,2,7,0.71
nnSI,1,0,1,1.0
nnSK,1,0,1,1.0
nnSL,0,3,3,0.0
nnSM,9,10,19,0.47
nnSN,20,18,38,0.53
nnSP,18,16,34,0.53
nnSS,11,14,25,0.44
nnSb,7,2,9,0.78
nnSh,6,4,10,0.6
nnSl,2,3,5,0.4
nnSm,8,9,17,0.47
nnSn,15,11,26,0.58
nnSs,15,7,22,0.68
nnSt,0,0,0,
nnbB,15,6,21,0.71
nnbD,1,3,4,0.25
nnbH,2,2,4,0.5
nnbI,0,1,1,0.0
nnbJ,5,3,8,0.62
nnbK,3,2,5,0.6
nnbL,5,2,7,0.71
nnbM,9,16,25,0.36
nnbN,17,17,34,0.5
nnbP,14,8,22,0.64
nnbS,11,2,13,0.85
nnbb,12,10,22,0.55
nnbl,4,1,5,0.8
nnbm,9,10,19,0.47
nnbn,12,18,30,0.4
nnbs,7,5,12,0.58
nnhB,1,0,1,1.0
nnhI,2,0,2,1.0
nnhM,1,1,2,0.5
nnhN,0,1,1,0.0
nnhP,2,0,2,1.0
nnhS,2,0,2,1.0
nnhh,2,0,2,1.0
nnhn,1,0,1,1.0
nnhs,1,2,3,0.33
nnlB,1,2,3,0.33
nnlD,2,0,2,1.0
nnlH,1,3,4,0.25
nnlI,0,0,0,
nnlJ,1,3,4,0.25
nnlL,0,4,4,0.0
nnlM,3,2,5,0.6
nnlN,5,4,9,0.56
nnlP,1,0,1,1.0
nnlS,0,1,1,0.0
nnlb,7,2,9,0.78
nnll,0,3,3,0.0
nnlm,9,2,11,0.82
nnln,0,2,2,0.0
nnls,3,0,3,1.0
nnmB,13,8,21,0.62
nnmD,7,5,12,0.58
nnmH,7,8,15,0.47
nnmI,2,3,5,0.4
nnmJ,3,1,4,0.75
nnmK,1,0,1,1.0
nnmL,6,3,9,0.67
nnmM,14,14,28,0.5
nnmN,18,14,32,0.56
nnmP,20,14,34,0.59
nnmS,14,7,21,0.67
nnmb,12,12,24,0.5
nnml,4,4,8,0.5
nnmm,10,13,23,0.43
nnmn,11,5,16,0.69
nnms,5,4,9,0.56
nnnB,16,9,25,0.64
nnnD,2,3,5,0.4
nnnH,9,10,19,0.47
nnnI,5,4,9,0.56
nnnK,0,0,0,
nnnL,3,3,6,0.5
nnnM,15,18,33,0.45
nnnN,25,18,43,0.58
nnnP,19,24,43,0.44
nnnS,13,11,24,0.54
nnnb,20,14,34,0.59
nnnh,2,1,3,0.67
nnnl,5,6,11,0.45
nnnm,16,16,32,0.5
nnnn,25,17,42,0.6
nnns,13,16,29,0.45
nnsB,7,9,16,0.44
nnsD,4,0,4,1.0
nnsH,9,15,24,0.38
nnsI,0,3,3,0.0
nnsL,5,2,7,0.71
nnsM,8,4,12,0.67
nnsN,15,10,25,0.6
nnsP,10,8,18,0.56
nnsS,11,15,26,0.42
nnsb,8,8,16,0.5
nnsh,1,2,3,0.33
nnsl,4,2,6,0.67
nnsm,15,4,19,0.79
nnsn,10,15,25,0.4
nnss,8,12,20,0.4
nntH,0,0,0,
nntM,0,0,0,
nntb,0,1,1,0.0
nntt,0,1,1,0.0
nsBB,3,6,9,0.33
nsBD,0,3,3,0.0
nsBL,0,1,1,0.0
nsBM,3,5,8,0.38
nsBN,9,6,15,0.6
nsBP,10,8,18,0.56
nsBS,6,5,11,0.55
nsBb,6,8,14,0.43
nsBh,3,1,4,0.75
nsBj,3,1,4,0.75
nsBl,0,1,1,0.0
nsBm,5,8,13,0.38
nsBn,6,7,13,0.46
nsBs,3,3,6,0.5
nsBt,2,2,4,0.5
nsDB,2,0,2,1.0
nsDD,0,1,1,0.0
nsDH,1,2,3,0.33
nsDL,0,1,1,0.0
nsDM,2,2,4,0.5
nsDN,1,1,2,0.5
nsDP,1,1,2,0.5
nsDS,3,0,3,1.0
nsDb,2,0,2,1.0
nsDl,0,1,1,0.0
nsDm,2,1,3,0.67
nsDn,2,2,4,0.5
nsDs,3,0,3,1.0
nsDt,1,0,1,1.0
nsHB,3,2,5,0.6
nsHD,0,0,0,
nsHH,4,0,4,1.0
nsHI,1,2,3,0.33
nsHK,1,0,1,1.0
nsHL,3,3,6,0.5
nsHM,7,2,9,0.78
nsHN,14,4,18,0.78
nsHP,12,10,22,0.55
nsHS,6,4,10,0.6
nsHb,8,6,14,0.57
nsHh,4,5,9,0.44
nsHl,0,5,5,0.0
nsHm,8,2,10,0.8
nsHn,5,8,13,0.38
nsHs,7,11,18,0.39
nsHt,2,1,3,0.67
nsIB,0,2,2,0.0
nsID,2,0,2,1.0
nsIH,2,1,3,0.67
nsII,0,1,1,0.0
nsIL,1,0,1,1.0
nsIM,2,1,3,0.67
nsIN,3,1,4,0.75
nsIP,3,2,5,0.6
nsIS,0,2,2,0.0
nsIb,2,0,2,1.0
nsIm,3,1,4,0.75
nsIn,4,2,6,0.67
nsIs,0,2,2,0.0
nsIt,1,0,1,1.0
nsKM,0,1,1,0.0
nsKP,0,0,0,
nsKS,0,1,1,0.0
nsKh,1,0,1,1.0
nsKs,0,1,1,0.0
nsLB,3,3,6,0.5
nsLD,0,0,0,
nsLK,1,0,1,1.0
nsLM,4,1,5,0.8
nsLN,2,0,2,1.0
nsLP,3,6,9,0.33
nsLS,1,5,6,0.17
nsLb,1,1,2,0.5
nsLh,0,0,0,
nsLj,3,0,3,1.0
nsLl,0,3,3,0.0
nsLm,3,4,7,0.43
nsLn,5,1,6,0.83
nsLs,3,1,4,0.75
nsLt,1,0,1,1.0
nsMB,8,6,14,0.57
nsMD,1,0,1,1.0
nsMI,1,0,1,1.0
nsMK,0,1,1,0.0
nsML,3,2,5,0.6
nsMM,2,6,8,0.25
nsMN,10,13,23,0.43
nsMP,11,9,20,0.55
nsMS,3,11,14,0.21
nsMb,7,7,14,0.5
nsMh,7,7,14,0.5
nsMj,3,1,4,0.75
nsMl,2,2,4,0.5
nsMm,10,10,20,0.5
nsMn,12,11,23,0.52
nsMs,5,3,8,0.62
nsMt,1,2,3,0.33
nsNB,15,6,21,0.71
nsND,0,2,2,0.0
nsNH,1,0,1,1.0
nsNK,1,2,3,0.33
nsNL,3,3,6,0.5
nsNM,10,10,20,0.5
nsNN,13,14,27,0.48
nsNP,20,18,38,0.53
nsNS,7,6,13,0.54
nsNb,6,5,11,0.55
nsNh,2,5,7,0.29
nsNl,2,4,6,0.33
nsNm,5,16,21,0.24
nsNn,19,17,36,0.53
nsNs,14,9,23,0.61
nsNt,0,5,5,0.0
nsPB,6,8,14,0.43
nsPD,3,3,6,0.5
nsPH,2,5,7,0.29
nsPI,2,1,3,0.67
nsPL,1,3,4,0.25
nsPM,8,10,18,0.44
nsPN,16,14,30,0.53
nsPP,16,16,32,0.5
nsPS,6,8,14,0.43
nsPb,10,7,17,0.59
nsPh,2,3,5,0.4
nsPl,1,1,2,0.5
nsPm,10,5,15,0.67
nsPn,9,8,17,0.53
nsPs,9,10,19,0.47
nsPt,0,1,1,0.0
nsSB,9,6,15,0.6
nsSD,2,4,6,0.33
nsSH,1,4,5,0.2
nsSI,2,0,2,1.0
nsSL,2,1,3,0.67
nsSM,12,10,22,0.55
nsSN,16,8,24,0.67
nsSP,13,7,20,0.65
nsSS,10,12,22,0.45
nsSb,11,2,13,0.85
nsSh,6,7,13,0.46
nsSl,3,3,6,0.5
nsSm,10,11,21,0.48
nsSn,5,11,16,0.31
nsSs,14,16,30,0.47
nsSt,1,2,3,0.33
nsbB,6,4,10,0.6
nsbD,0,1,1,0.0
nsbH,1,3,4,0.25
nsbJ,3,1,4,0.75
nsbK,1,1,2,0.5
nsbL,2,1,3,0.67
nsbM,9,5,14,0.64
nsbN,12,10,22,0.55
nsbP,8,7,15,0.53
nsbS,3,3,6,0.5
nsbb,10,5,15,0.67
nsbl,1,0,1,1.0
nsbm,8,0,8,1.0
nsbn,16,5,21,0.76
nsbs,8,3,11,0.73
nshB,0,1,1,0.0
nshI,0,0,0,
nshK,1,0,1,1.0
nshM,1,0,1,1.0
nshN,0,1,1,0.0
nshP,1,0,1,1.0
nshh,0,0,0,
nshl,0,1,1,0.0
nshm,0,1,1,0.0
nshn,0,0,0,
nshs,2,0,2,1.0
nslB,2,4,6,0.33
nslD,1,0,1,1.0
nslH,2,3,5,0.4
nslI,1,0,1,1.0
nslJ,4,0,4,1.0
nslL,0,0,0,
nslM,4,4,8,0.5
nslN,7,9,16,0.44
nslP,1,5,6,0.17
nslS,3,1,4,0.75
nslb,3,4,7,0.43
nsll,1,0,1,1.0
nslm,2,3,5,0.4
nsln,4,0,4,1.0
nsls,1,3,4,0.25
nsmB,8,6,14,0.57
nsmD,1,0,1,1.0
nsmH,3,9,12,0.25
nsmI,0,0,0,
nsmJ,1,3,4,0.25
nsmK,0,1,1,0.0
nsmL,1,4,5,0.2
nsmM,6,10,16,0.38
nsmN,8,15,23,0.35
nsmP,5,14,19,0.26
nsmS,10,10,20,0.5
nsmb,9,6,15,0.6
nsml,1,3,4,0.25
nsmm,12,7,19,0.63
nsmn,3,7,10,0.3
nsms,5,2,7,0.71
nsnB,7,1,8,0.88
nsnD,0,0,0,
nsnH,4,6,10,0.4
nsnI,0,3,3,0.0
nsnK,1,1,2,0.5
nsnL,1,3,4,0.25
nsnM,4,9,13,0.31
nsnN,18,22,40,0.45
nsnP,17,16,33,0.52
nsnS,5,7,12,0.42
nsnb,11,5,16,0.69
nsnl,6,1,7,0.86
nsnm,11,7,18,0.61
nsnn,7,10,17,0.41
nsns,6,8,14,0.43
nssB,9,7,16,0.56
nssD,3,1,4,0.75
nssH,11,9,20,0.55
nssI,1,2,3,0.33
nssL,2,1,3,0.67
nssM,10,3,13,0.77
nssN,9,8,17,0.53
nssP,9,7,16,0.56
nssS,9,9,18,0.5
nssb,4,5,9,0.44
nssh,3,1,4,0.75
nssl,2,3,5,0.4
nssm,7,5,12,0.58
nssn,8,7,15,0.53
nsss,10,8,18,0.56
nstK,0,1,1,0.0
nstL,1,0,1,1.0
ntBD,0,0,0,
ntBM,0,1,1,0.0
ntBP,1,0,1,1.0
ntBb,0,0,0,
ntBn,2,0,2,1.0
ntHI,0,1,1,0.0
ntHM,0,1,1,0.0
ntHS,0,1,1,0.0
ntMM,1,0,1,1.0
ntMP,0,0,0,
ntMh,0,0,0,
ntMm,1,0,1,1.0
ntMs,2,0,2,1.0
ntNS,0,1,1,0.0
ntNn,0,0,0,
ntPN,0,0,0,
ntPP,1,0,1,1.0
ntSD,1,0,1,1.0
ntSm,1,0,1,1.0
ntbn,0,1,1,0.0
nthM,1,0,1,1.0
ntmH,1,0,1,1.0
ntmM,0,1,1,0.0
ntmb,0,1,1,0.0
ntnB,1,0,1,1.0
ntnN,1,0,1,1.0
ntnm,1,0,1,1.0
nttb,0,1,1,0.0
sBBB,9,9,18,0.5
sBBD,1,1,2,0.5
sBBH,1,0,1,1.0
sBBL,1,0,1,1.0
sBBM,0,2,2,0.0
sBBN,2,5,7,0.29
sBBP,9,6,15,0.6
sBBS,2,1,3,0.67
sBBb,4,1,5,0.8
sBBh,1,0,1,1.0
sBBj,0,4,4,0.0
sBBl,2,1,3,0.67
sBBm,8,3,11,0.73
sBBn,8,6,14,0.57
sBBs,2,2,4,0.5
sBBt,0,2,2,0.0
sBDB,2,2,4,0.5
sBDD,1,0,1,1.0
sBDH,0,5,5,0.0
sBDK,0,1,1,0.0
sBDL,1,0,1,1.0
sBDN,1,2,3,0.33
sBDP,1,3,4,0.25
sBDS,2,1,3,0.67
sBDb,3,0,3,1.0
sBDl,1,0,1,1.0
sBDm,2,2,4,0.5
sBDn,0,1,1,0.0
sBDs,1,2,3,0.33
sBKB,1,0,1,1.0
sBKD,0,1,1,0.0
sBKI,0,1,1,0.0
sBKM,0,1,1,0.0
sBKN,0,1,1,0.0
sBKP,1,2,3,0.33
sBKS,0,0,0,
sBKl,0,1,1,0.0
sBKm,0,0,0,
sBKn,0,0,0,
sBKs,1,0,1,1.0
sBLB,1,5,6,0.17
sBLD,1,0,1,1.0
sBLL,1,2,3,0.33
sBLM,0,3,3,0.0
sBLN,0,1,1,0.0
sBLP,2,4,6,0.33
sBLS,1,0,1,1.0
sBLb,4,1,5,0.8
sBLh,0,2,2,0.0
sBLj,0,0,0,
sBLl,0,1,1,0.0
sBLm,0,0,0,
sBLn,0,3,3,0.0
sBLs,1,2,3,0.33
sBLt,2,0,2,1.0
sBMB,2,3,5,0.4
sBMD,1,1,2,0.5
sBMI,0,1,1,0.0
sBML,3,1,4,0.75
sBMM,3,5,8,0.38
sBMN,4,6,10,0.4
sBMP,9,6,15,0.6
sBMS,3,2,5,0.6
sBMb,7,5,12,0.58
sBMh,2,3,5,0.4
sBMj,1,0,1,1.0
sBMl,1,2,3,0.33
sBMm,3,5,8,0.38
sBMn,7,13,20,0.35
sBMs,6,2,8,0.75
sBMt,0,2,2,0.0
sBNB,4,2,6,0.67
sBND,1,1,2,0.5
sBNH,1,1,2,0.5
sBNK,0,0,0,
sBNL,2,2,4,0.5
sBNM,7,11,18,0.39
sBNN,10,8,18,0.56
sBNP,9,10,19,0.47
sBNS,3,2,5,0.6
sBNb,5,5,10,0.5
sBNh,4,0,4,1.0
sBNl,2,0,2,1.0
sBNm,9,7,16,0.56
sBNn,8,6,14,0.57
sBNs,1,5,6,0.17
sBNt,1,2,3,0.33
sBPB,9,4,13,0.69
sBPD,1,0,1,1.0
sBPH,0,3,3,0.0
sBPI,1,0,1,1.0
sBPK,0,3,3,0.0
sBPL,1,4,5,0.2
sBPM,7,6,13,0.54
sBPN,5,7,12,0.42
sBPP,16,6,22,0.73
sBPS,8,5,13,0.62
sBPb,6,2,8,0.75
sBPh,1,1,2,0.5
sBPl,5,4,9,0.56
sBPm,8,10,18,0.44
sBPn,5,12,17,0.29
sBPs,3,5,8,0.38
sBPt,0,1,1,0.0
sBSB,1,2,3,0.33
sBSD,0,2,2,0.0
sBSH,1,1,2,0.5
sBSL,1,0,1,1.0
sBSM,2,5,7,0.29
sBSN,1,2,3,0.33
sBSP,7,7,14,0.5
sBSS,5,2,7,0.71
sBSb,3,7,10,0.3
sBSh,1,1,2,0.5
sBSl,1,1,2,0.5
sBSm,5,3,8,0.62
sBSn,4,3,7,0.57
sBSs,1,10,11,0.09
sBSt,0,0,0,
sBbB,6,4,10,0.6
sBbD,1,0,1,1.0
sBbH,4,2,6,0.67
sBbI,2,0,2,1.0
sBbJ,3,2,5,0.6
sBbK,0,0,0,
sBbL,2,2,4,0.5
sBbM,6,4,10,0.6
sBbN,5,5,10,0.5
sBbP,1,4,5,0.2
sBbS,5,2,7,0.71
sBbb,3,2,5,0.6
sBbl,2,0,2,1.0
sBbm,3,4,7,0.43
sBbn,4,5,9,0.44
sBbs,2,0,2,1.0
sBhB,0,0,0,
sBhL,0,1,1,0.0
sBhN,1,0,1,1.0
sBhP,0,1,1,0.0
sBhS,1,2,3,0.33
sBhb,1,0,1,1.0
sBhm,1,0,1,1.0
sBhn,0,1,1,0.0
sBhs,4,2,6,0.67
sBjB,0,3,3,0.0
sBjK,0,0,0,
sBjM,1,4,5,0.2
sBjN,2,0,2,1.0
sBjP,5,4,9,0.56
sBjS,2,2,4,0.5
sBjb,2,1,3,0.67
sBjm,0,2,2,0.0
sBjn,0,4,4,0.0
sBjs,3,1,4,0.75
sBlB,1,3,4,0.25
sBlD,0,0,0,
sBlH,4,1,5,0.8
sBlI,1,0,1,1.0
sBlJ,1,0,1,1.0
sBlL,0,1,1,0.0
sBlM,2,1,3,0.67
sBlN,2,1,3,0.67
sBlP,5,4,9,0.56
sBlS,2,0,2,1.0
sBlb,1,1,2,0.5
sBll,3,1,4,0.75
sBlm,1,3,4,0.25
sBln,1,3,4,0.25
sBls,3,1,4,0.75
sBmB,3,11,14,0.21
sBmD,1,2,3,0.33
sBmH,2,7,9,0.22
sBmI,1,0,1,1.0
sBmJ,1,2,3,0.33
sBmL,3,2,5,0.6
sBmM,4,7,11,0.36
sBmN,11,6,17,0.65
sBmP,8,8,16,0.5
sBmS,9,5,14,0.64
sBmb,5,6,11,0.45
sBml,0,1,1,0.0
sBmm,9,7,16,0.56
sBmn,11,7,18,0.61
sBms,8,4,12,0.67
sBnB,5,8,13,0.38
sBnD,4,4,8,0.5
sBnH,3,2,5,0.6
sBnI,1,2,3,0.33
sBnL,4,2,6,0.67
sBnM,8,10,18,0.44
sBnN,9,5,14,0.64
sBnP,6,11,17,0.35
sBnS,3,3,6,0.5
sBnb,5,4,9,0.56
sBnh,1,2,3,0.33
sBnl,1,5,6,0.17
sBnm,10,7,17,0.59
sBnn,6,14,20,0.3
sBns,7,6,13,0.54
sBsB,1,1,2,0.5
sBsD,1,2,3,0.33
sBsH,4,4,8,0.5
sBsI,0,0,0,
sBsK,0,1,1,0.0
sBsL,1,3,4,0.25
sBsM,4,2,6,0.67
sBsN,3,2,5,0.6
sBsP,4,3,7,0.57
sBsS,4,3,7,0.57
sBsb,1,4,5,0.2
sBsl,1,0,1,1.0
sBsm,4,4,8,0.5
sBsn,5,6,11,0.45
sBss,5,4,9,0.56
sBtB,0,2,2,0.0
sBtK,0,0,0,
sBtL,1,0,1,1.0
sBtM,4,0,4,1.0
sBtN,2,3,5,0.4
sBtP,1,1,2,0.5
sBtS,1,1,2,0.5
sBtl,0,1,1,0.0
sBtn,1,3,4,0.25
sBts,1,0,1,1.0
sBtt,0,0,0,
sDBD,1,1,2,0.5
sDBK,2,0,2,1.0
sDBL,0,0,0,
sDBM,3,0,3,1.0
sDBN,1,0,1,1.0
sDBP,0,0,0,
sDBS,2,1,3,0.67
sDBb,2,1,3,0.67
sDBj,1,0,1,1.0
sDBl,0,0,0,
sDBm,2,2,4,0.5
sDBn,1,5,6,0.17
sDBs,2,1,3,0.67
sDDB,1,0,1,1.0
sDDD,1,0,1,1.0
sDDH,2,0,2,1.0
sDDI,1,0,1,1.0
sDDL,0,2,2,0.0
sDDM,1,1,2,0.5
sDDN,1,1,2,0.5
sDDP,2,4,6,0.33
sDDS,1,1,2,0.5
sDDb,0,2,2,0.0
sDDl,2,0,2,1.0
sDDm,2,2,4,0.5
sDDs,1,0,1,1.0
sDDt,0,0,0,
sDHB,1,0,1,1.0
sDHD,0,0,0,
sDHL,4,2,6,0.67
sDHM,1,1,2,0.5
sDHN,0,2,2,0.0
sDHP,1,0,1,1.0
sDHS,1,2,3,0.33
sDHb,1,1,2,0.5
sDHh,1,0,1,1.0
sDHl,0,0,0,
sDHm,6,2,8,0.75
sDHn,2,1,3,0.67
sDHs,3,2,5,0.6
sDIB,1,0,1,1.0
sDIH,1,0,1,1.0
sDIN,1,0,1,1.0
sDIS,1,0,1,1.0
sDIb,0,1,1,0.0
sDIn,1,0,1,1.0
sDLD,1,0,1,1.0
sDLM,0,1,1,0.0
sDLP,2,2,4,0.5
sDLS,0,0,0,
sDLb,1,0,1,1.0
sDLm,2,1,3,0.67
sDLn,0,1,1,0.0
sDMB,3,0,3,1.0
sDMD,1,2,3,0.33
sDML,1,1,2,0.5
sDMM,2,2,4,0.5
sDMN,0,4,4,0.0
sDMP,1,3,4,0.25
sDMS,0,2,2,0.0
sDMb,1,1,2,0.5
sDMh,3,3,6,0.5
sDMj,0,1,1,0.0
sDMl,1,1,2,0.5
sDMm,3,4,7,0.43
sDMn,4,2,6,0.67
sDMs,1,2,3,0.33
sDMt,1,0,1,1.0
sDNB,2,2,4,0.5
sDND,1,0,1,1.0
sDNH,1,0,1,1.0
sDNK,0,1,1,0.0
sDNM,3,3,6,0.5
sDNN,6,2,8,0.75
sDNP,0,1,1,0.0
sDNS,0,0,0,
sDNb,0,1,1,0.0
sDNl,1,0,1,1.0
sDNm,2,1,3,0.67
sDNn,4,2,6,0.67
sDNs,4,2,6,0.67
sDPB,0,1,1,0.0
sDPD,1,1,2,0.5
sDPH,1,0,1,1.0
sDPK,1,1,2,0.5
sDPM,1,6,7,0.14
sDPN,0,7,7,0.0
sDPP,2,5,7,0.29
sDPS,4,1,5,0.8
sDPb,2,2,4,0.5
sDPl,0,2,2,0.0
sDPm,3,2,5,0.6
sDPn,3,3,6,0.5
sDPs,1,2,3,0.33
sDPt,0,0,0,
sDSB,2,4,6,0.33
sDSD,5,1,6,0.83
sDSH,0,1,1,0.0
sDSL,0,0,0,
sDSM,0,3,3,0.0
sDSN,1,1,2,0.5
sDSP,1,0,1,1.0
sDSS,5,4,9,0.56
sDSb,3,0,3,1.0
sDSh,3,3,6,0.5
sDSl,1,0,1,1.0
sDSm,3,1,4,0.75
sDSn,3,2,5,0.6
sDSs,5,3,8,0.62
sDSt,1,0,1,1.0
sDbB,1,4,5,0.2
sDbD,0,1,1,0.0
sDbH,0,1,1,0.0
sDbK,1,0,1,1.0
sDbL,0,1,1,0.0
sDbM,2,3,5,0.4
sDbN,1,2,3,0.33
sDbP,4,2,6,0.67
sDbS,1,0,1,1.0
sDbb,2,2,4,0.5
sDbl,1,0,1,1.0
sDbm,0,1,1,0.0
sDbn,0,1,1,0.0
sDbs,2,0,2,1.0
sDhB,0,2,2,0.0
sDhn,1,0,1,1.0
sDlB,0,1,1,0.0
sDlJ,0,1,1,0.0
sDlL,1,0,1,1.0
sDlM,1,0,1,1.0
sDlP,1,1,2,0.5
sDlS,0,0,0,
sDlb,0,0,0,
sDlm,1,1,2,0.5
sDln,0,0,0,
sDls,1,1,2,0.5
sDmB,0,2,2,0.0
sDmD,0,1,1,0.0
sDmH,2,2,4,0.5
sDmJ,1,0,1,1.0
sDmM,3,2,5,0.6
sDmN,7,2,9,0.78
sDmP,4,0,4,1.0
sDmS,2,3,5,0.4
sDmb,4,1,5,0.8
sDml,1,0,1,1.0
sDmm,2,2,4,0.5
sDmn,2,3,5,0.4
sDms,1,2,3,0.33
sDnB,0,2,2,0.0
sDnD,1,1,2,0.5
sDnH,1,1,2,0.5
sDnL,2,0,2,1.0
sDnM,2,2,4,0.5
sDnN,2,0,2,1.0
sDnP,2,3,5,0.4
sDnS,2,0,2,1.0
sDnb,4,3,7,0.57
sDnm,2,0,2,1.0
sDnn,1,1,2,0.5
sDns,2,3,5,0.4
sDsB,1,3,4,0.25
sDsH,1,5,6,0.17
sDsL,1,0,1,1.0
sDsM,0,5,5,0.0
sDsN,2,1,3,0.67
sDsP,1,5,6,0.17
sDsS,6,1,7,0.86
sDsb,1,3,4,0.25
sDsl,1,0,1,1.0
sDsm,0,3,3,0.0
sDsn,0,1,1,0.0
sDss,1,1,2,0.5
sDtH,0,0,0,
sDtM,2,1,3,0.67
sDtN,0,1,1,0.0
sDtS,0,2,2,0.0
sDtn,0,1,1,0.0
sDts,0,0,0,
sHBB,6,7,13,0.46
sHBD,1,2,3,0.33
sHBK,0,2,2,0.0
sHBL,3,0,3,1.0
sHBM,6,2,8,0.75
sHBN,6,3,9,0.67
sHBP,9,5,14,0.64
sHBS,1,4,5,0.2
sHBb,5,6,11,0.45
sHBh,1,0,1,1.0
sHBl,2,3,5,0.4
sHBm,5,4,9,0.56
sHBn,8,10,18,0.44
sHBs,2,2,4,0.5
sHBt,0,1,1,0.0
sHDB,1,1,2,0.5
sHDD,1,1,2,0.5
sHDH,2,1,3,0.67
sHDL,0,1,1,0.0
sHDM,0,2,2,0.0
sHDN,1,2,3,0.33
sHDP,2,1,3,0.67
sHDS,2,2,4,0.5
sHDm,4,2,6,0.67
sHDn,6,0,6,1.0
sHDs,1,1,2,0.5
sHHB,1,2,3,0.33
sHHD,0,1,1,0.0
sHHK,1,0,1,1.0
sHHM,1,2,3,0.33
sHHN,1,4,5,0.2
sHHP,2,2,4,0.5
sHHS,3,4,7,0.43
sHHb,2,1,3,0.67
sHHh,2,0,2,1.0
sHHm,1,0,1,1.0
sHHn,1,2,3,0.33
sHHs,4,0,4,1.0
sHIB,3,0,3,1.0
sHIH,0,2,2,0.0
sHIL,0,1,1,0.0
sHIM,2,1,3,0.67
sHIN,0,1,1,0.0
sHIP,2,3,5,0.4
sHIS,0,1,1,0.0
sHIb,2,1,3,0.67
sHIl,1,0,1,1.0
sHIn,1,0,1,1.0
sHIs,1,0,1,1.0
sHKH,0,1,1,0.0
sHKI,1,0,1,1.0
sHKM,2,0,2,1.0
sHKN,1,0,1,1.0
sHKP,1,2,3,0.33
sHKS,2,2,4,0.5
sHKb,1,0,1,1.0
sHKh,1,0,1,1.0
sHKm,1,0,1,1.0
sHKs,0,1,1,0.0
sHLB,2,1,3,0.67
sHLK,1,1,2,0.5
sHLL,0,0,0,
sHLM,2,4,6,0.33
sHLN,0,2,2,0.0
sHLP,2,2,4,0.5
sHLS,3,2,5,0.6
sHLb,1,1,2,0.5
sHLh,0,1,1,0.0
sHLj,1,1,2,0.5
sHLl,2,2,4,0.5
sHLm,2,3,5,0.4
sHLn,2,4,6,0.33
sHLs,0,3,3,0.0
sHMB,2,7,9,0.22
sHMD,4,2,6,0.67
sHML,1,1,2,0.5
sHMM,6,6,12,0.5
sHMN,5,7,12,0.42
sHMP,4,4,8,0.5
sHMS,5,9,14,0.36
sHMb,8,4,12,0.67
sHMh,3,7,10,0.3
sHMj,4,3,7,0.57
sHMl,2,1,3,0.67
sHMm,8,7,15,0.53
sHMn,9,7,16,0.56
sHMs,8,7,15,0.53
sHMt,1,3,4,0.25
sHNB,3,7,10,0.3
sHND,5,1,6,0.83
sHNH,3,1,4,0.75
sHNI,1,0,1,1.0
sHNK,1,0,1,1.0
sHNL,1,3,4,0.25
sHNM,6,8,14,0.43
sHNN,8,12,20,0.4
sHNP,7,7,14,0.5
sHNS,11,4,15,0.73
sHNb,4,6,10,0.4
sHNh,1,9,10,0.1
sHNl,2,3,5,0.4
sHNm,7,4,11,0.64
sHNn,16,7,23,0.7
sHNs,2,8,10,0.2
sHNt,2,1,3,0.67
sHPB,4,5,9,0.44
sHPD,1,4,5,0.2
sHPH,4,2,6,0.67
sHPI,2,0,2,1.0
sHPK,0,2,2,0.0
sHPL,3,1,4,0.75
sHPM,10,12,22,0.45
sHPN,14,19,33,0.42
sHPP,9,9,18,0.5
sHPS,5,11,16,0.31
sHPb,7,6,13,0.54
sHPh,1,3,4,0.25
sHPl,4,0,4,1.0
sHPm,17,8,25,0.68
sHPn,10,5,15,0.67
sHPs,1,3,4,0.25
sHPt,0,3,3,0.0
sHSB,3,5,8,0.38
sHSD,2,3,5,0.4
sHSH,8,5,13,0.62
sHSK,0,2,2,0.0
sHSL,2,2,4,0.5
sHSM,7,10,17,0.41
sHSN,7,6,13,0.54
sHSP,3,6,9,0.33
sHSS,11,11,22,0.5
sHSb,6,6,12,0.5
sHSh,4,3,7,0.57
sHSl,3,2,5,0.6
sHSm,7,12,19,0.37
sHSn,6,7,13,0.46
sHSs,5,12,17,0.29
sHSt,5,0,5,1.0
sHbB,8,2,10,0.8
sHbD,2,1,3,0.67
sHbH,1,0,1,1.0
sHbI,1,0,1,1.0
sHbJ,2,3,5,0.4
sHbK,1,0,1,1.0
sHbL,3,1,4,0.75
sHbM,7,6,13,0.54
sHbN,4,6,10,0.4
sHbP,9,9,18,0.5
sHbS,3,5,8,0.38
sHbb,4,9,13,0.31
sHbl,1,1,2,0.5
sHbm,3,3,6,0.5
sHbn,5,4,9,0.56
sHbs,2,3,5,0.4
sHhB,3,6,9,0.33
sHhD,2,2,4,0.5
sHhH,1,0,1,1.0
sHhI,1,0,1,1.0
sHhL,1,3,4,0.25
sHhM,2,5,7,0.29
sHhN,2,5,7,0.29
sHhP,1,4,5,0.2
sHhS,5,5,10,0.5
sHhb,8,0,8,1.0
sHhh,5,4,9,0.56
sHhl,2,2,4,0.5
sHhm,7,8,15,0.47
sHhn,2,2,4,0.5
sHhs,4,2,6,0.67
sHlB,1,5,6,0.17
sHlD,1,0,1,1.0
sHlH,1,0,1,1.0
sHlI,0,1,1,0.0
sHlJ,0,0,0,
sHlL,2,0,2,1.0
sHlM,3,1,4,0.75
sHlN,3,2,5,0.6
sHlP,3,6,9,0.33
sHlS,2,3,5,0.4
sHlb,3,3,6,0.5
sHll,0,0,0,
sHlm,3,3,6,0.5
sHln,5,2,7,0.71
sHmB,8,6,14,0.57
sHmD,4,0,4,1.0
sHmH,3,5,8,0.38
sHmI,1,0,1,1.0
sHmJ,4,0,4,1.0
sHmL,3,2,5,0.6
sHmM,11,9,20,0.55
sHmN,5,11,16,0.31
sHmP,9,9,18,0.5
sHmS,2,5,7,0.29
sHmb,10,8,18,0.56
sHmh,0,0,0,
sHml,1,3,4,0.25
sHmm,7,2,9,0.78
sHmn,9,3,12,0.75
sHms,6,4,10,0.6
sHnB,2,6,8,0.25
sHnD,2,0,2,1.0
sHnH,6,3,9,0.67
sHnI,0,3,3,0.0
sHnL,3,1,4,0.75
sHnM,7,9,16,0.44
sHnN,7,11,18,0.39
sHnP,11,6,17,0.65
sHnS,4,7,11,0.36
sHnb,8,8,16,0.5
sHnh,0,1,1,0.0
sHnl,8,1,9,0.89
sHnm,11,5,16,0.69
sHnn,7,4,11,0.64
sHns,6,6,12,0.5
sHsB,6,5,11,0.55
sHsD,1,1,2,0.5
sHsH,5,3,8,0.62
sHsI,0,0,0,
sHsL,1,4,5,0.2
sHsM,9,8,17,0.53
sHsN,8,8,16,0.5
sHsP,11,9,20,0.55
sHsS,3,4,7,0.43
sHsb,6,8,14,0.43
sHsh,1,1,2,0.5
sHsl,1,4,5,0.2
sHsm,11,7,18,0.61
sHsn,6,8,14,0.43
sHss,6,6,12,0.5
sHst,0,1,1,0.0
sHtD,1,0,1,1.0
sHtH,0,2,2,0.0
sHtM,1,1,2,0.5
sHtN,1,1,2,0.5
sHtP,1,0,1,1.0
sHtS,2,2,4,0.5
sHtb,1,0,1,1.0
sHtl,1,1,2,0.5
sHtm,1,0,1,1.0
sHts,2,1,3,0.67
sIBB,0,1,1,0.0
sIBM,1,0,1,1.0
sIBN,0,2,2,0.0
sIBP,0,0,0,
sIBS,2,0,2,1.0
sIBb,1,0,1,1.0
sIBh,1,0,1,1.0
sIBm,1,2,3,0.33
sIBn,1,2,3,0.33
sIBs,0,1,1,0.0
sIDB,0,1,1,0.0
sIDH,1,1,2,0.5
sIDL,1,0,1,1.0
sIDN,0,0,0,
sIDP,0,1,1,0.0
sIDS,0,0,0,
sIDn,1,0,1,1.0
sIDs,1,0,1,1.0
sIHB,4,1,5,0.8
sIHL,1,0,1,1.0
sIHM,1,1,2,0.5
sIHN,1,3,4,0.25
sIHP,2,1,3,0.67
sIHS,1,0,1,1.0
sIHb,1,1,2,0.5
sIHh,1,1,2,0.5
sIHl,1,1,2,0.5
sIHm,1,0,1,1.0
sIHn,0,0,0,
sIHs,2,1,3,0.67
sIIM,0,1,1,0.0
sIIP,1,0,1,1.0
sIIS,0,1,1,0.0
sIIm,0,1,1,0.0
sIIn,0,2,2,0.0
sIKh,1,0,1,1.0
sILL,0,1,1,0.0
sILM,1,1,2,0.5
sILN,1,0,1,1.0
sILP,0,0,0,
sILS,0,1,1,0.0
sILb,0,1,1,0.0
sILl,0,1,1,0.0
sILm,1,0,1,1.0
sILn,1,1,2,0.5
sIMB,2,0,2,1.0
sIML,1,1,2,0.5
sIMM,0,2,2,0.0
sIMN,2,4,6,0.33
sIMP,2,2,4,0.5
sIMS,1,2,3,0.33
sIMb,1,0,1,1.0
sIMh,0,0,0,
sIMj,0,0,0,
sIMm,3,0,3,1.0
sIMn,1,1,2,0.5
sIMs,0,2,2,0.0
sIMt,1,0,1,1.0
sINB,1,4,5,0.2
sINK,0,1,1,0.0
sINL,1,1,2,0.5
sINM,1,6,7,0.14
sINN,2,2,4,0.5
sINP,3,1,4,0.75
sINS,3,1,4,0.75
sINb,1,1,2,0.5
sINm,1,1,2,0.5
sINn,1,1,2,0.5
sINs,0,0,0,
sIPB,1,0,1,1.0
sIPD,1,1,2,0.5
sIPM,2,2,4,0.5
sIPN,1,1,2,0.5
sIPP,1,4,5,0.2
sIPS,0,4,4,0.0
sIPb,1,4,5,0.2
sIPm,3,0,3,1.0
sIPn,1,1,2,0.5
sIPs,1,3,4,0.25
sISB,1,2,3,0.33
sISD,1,0,1,1.0
sISH,3,1,4,0.75
sISL,1,1,2,0.5
sISM,1,2,3,0.33
sISN,1,2,3,0.33
sISP,3,2,5,0.6
sISS,3,2,5,0.6
sISb,1,1,2,0.5
sISh,0,1,1,0.0
sISl,1,0,1,1.0
sISm,2,0,2,1.0
sISn,2,2,4,0.5
sISs,0,0,0,
sISt,0,2,2,0.0
sIbB,1,0,1,1.0
sIbD,1,0,1,1.0
sIbI,2,0,2,1.0
sIbK,1,0,1,1.0
sIbM,2,0,2,1.0
sIbN,0,1,1,0.0
sIbP,2,2,4,0.5
sIbS,1,1,2,0.5
sIbb,1,0,1,1.0
sIbm,0,0,0,
sIbn,0,2,2,0.0
sIhm,1,0,1,1.0
sIlJ,1,0,1,1.0
sIlM,1,0,1,1.0
sIlN,2,0,2,1.0
sIlP,0,1,1,0.0
sIlS,1,0,1,1.0
sIls,1,0,1,1.0
sImB,3,2,5,0.6
sImJ,0,0,0,
sImL,1,0,1,1.0
sImM,2,4,6,0.33
sImN,2,2,4,0.5
sImP,1,4,5,0.2
sImS,1,3,4,0.25
sImb,0,0,0,
sIml,1,1,2,0.5
sImm,2,1,3,0.67
sImn,1,2,3,0.33
sIms,1,0,1,1.0
sInB,2,0,2,1.0
sInD,0,1,1,0.0
sInH,1,1,2,0.5
sInI,0,1,1,0.0
sInL,1,0,1,1.0
sInM,1,2,3,0.33
sInN,0,1,1,0.0
sInP,3,3,6,0.5
sInb,1,1,2,0.5
sInm,1,4,5,0.2
sInn,1,1,2,0.5
sIns,2,0,2,1.0
sIsB,0,2,2,0.0
sIsD,2,0,2,1.0
sIsH,1,1,2,0.5
sIsI,1,0,1,1.0
sIsL,1,0,1,1.0
sIsM,0,2,2,0.0
sIsN,1,1,2,0.5
sIsP,1,1,2,0.5
sIsS,1,2,3,0.33
sIsb,2,4,6,0.33
sIsm,1,1,2,0.5
sIss,1,2,3,0.33
sItn,0,1,1,0.0
sItt,1,0,1,1.0
sKBM,1,0,1,1.0
sKBN,1,0,1,1.0
sKBj,1,0,1,1.0
sKIH,0,1,1,0.0
sKLh,0,0,0,
sKMB,0,1,1,0.0
sKMD,0,0,0,
sKMK,1,0,1,1.0
sKMP,1,0,1,1.0
sKMb,1,0,1,1.0
sKNB,0,0,0,
sKPD,0,1,1,0.0
sKPN,0,1,1,0.0
sKPP,0,1,1,0.0
sKSb,0,1,1,0.0
sKSn,1,0,1,1.0
sKbN,1,0,1,1.0
sKbP,1,1,2,0.5
sKbn,0,0,0,
sKhL,0,1,1,0.0
sKhN,0,0,0,
sKhS,0,1,1,0.0
sKlM,0,0,0,
sKmB,1,0,1,1.0
sKmN,1,1,2,0.5
sKml,1,0,1,1.0
sKmm,1,0,1,1.0
sKms,1,0,1,1.0
sKnB,0,1,1,0.0
sKnI,1,0,1,1.0
sKnM,1,0,1,1.0
sKnm,0,1,1,0.0
sKns,1,0,1,1.0
sKsP,2,0,2,1.0
sKsm,0,1,1,0.0
sLBB,6,3,9,0.67
sLBD,2,0,2,1.0
sLBL,0,1,1,0.0
sLBM,1,1,2,0.5
sLBN,4,2,6,0.67
sLBP,1,2,3,0.33
sLBS,1,0,1,1.0
sLBb,2,3,5,0.4
sLBh,0,1,1,0.0
sLBj,1,2,3,0.33
sLBl,0,0,0,
sLBm,2,1,3,0.67
sLBn,4,5,9,0.44
sLBs,2,1,3,0.67
sLDH,0,1,1,0.0
sLDM,1,1,2,0.5
sLDN,1,0,1,1.0
sLDP,0,0,0,
sLDb,1,0,1,1.0
sLDl,0,1,1,0.0
sLDn,0,0,0,
sLDs,1,0,1,1.0
sLDt,0,1,1,0.0
sLHM,0,1,1,0.0
sLHP,1,0,1,1.0
sLIH,0,1,1,0.0
sLKB,1,1,2,0.5
sLKM,1,0,1,1.0
sLKN,1,0,1,1.0
sLKh,0,2,2,0.0
sLKl,0,1,1,0.0
sLKs,0,0,0,
sLLB,1,0,1,1.0
sLLD,1,1,2,0.5
sLLM,2,0,2,1.0
sLLN,0,1,1,0.0
sLLP,1,3,4,0.25
sLLS,0,2,2,0.0
sLLb,1,0,1,1.0
sLLj,0,0,0,
sLLl,1,0,1,1.0
sLLm,5,0,5,1.0
sLLn,1,1,2,0.5
sLLs,0,2,2,0.0
sLMB,3,3,6,0.5
sLMD,0,0,0,
sLMK,0,1,1,0.0
sLMM,2,2,4,0.5
sLMN,0,1,1,0.0
sLMP,4,5,9,0.44
sLMS,0,3,3,0.0
sLMb,5,2,7,0.71
sLMh,2,3,5,0.4
sLMj,1,0,1,1.0
sLMl,1,0,1,1.0
sLMm,3,1,4,0.75
sLMn,4,4,8,0.5
sLMs,1,0,1,1.0
sLNB,0,1,1,0.0
sLND,1,0,1,1.0
sLNH,0,1,1,0.0
sLNL,1,1,2,0.5
sLNM,1,2,3,0.33
sLNN,5,2,7,0.71
sLNP,2,5,7,0.29
sLNS,2,0,2,1.0
sLNb,1,1,2,0.5
sLNh,1,0,1,1.0
sLNm,0,2,2,0.0
sLNn,3,1,4,0.75
sLNs,3,0,3,1.0
sLNt,1,1,2,0.5
sLPB,3,1,4,0.75
sLPH,0,1,1,0.0
sLPI,0,1,1,0.0
sLPK,1,0,1,1.0
sLPL,1,0,1,1.0
sLPM,2,4,6,0.33
sLPN,3,3,6,0.5
sLPP,6,5,11,0.55
sLPS,3,2,5,0.6
sLPb,3,4,7,0.43
sLPl,0,6,6,0.0
sLPm,8,3,11,0.73
sLPn,2,0,2,1.0
sLPs,0,1,1,0.0
sLPt,1,0,1,1.0
sLSB,0,1,1,0.0
sLSD,1,0,1,1.0
sLSH,0,0,0,
sLSL,0,1,1,0.0
sLSM,2,3,5,0.4
sLSN,2,2,4,0.5
sLSP,1,0,1,1.0
sLSS,3,3,6,0.5
sLSb,0,5,5,0.0
sLSh,1,0,1,1.0
sLSl,1,1,2,0.5
sLSm,7,1,8,0.88
sLSn,3,3,6,0.5
sLSs,1,6,7,0.14
sLSt,2,1,3,0.67
sLbB,4,3,7,0.57
sLbJ,1,0,1,1.0
sLbK,1,0,1,1.0
sLbL,0,1,1,0.0
sLbM,2,0,2,1.0
sLbN,4,0,4,1.0
sLbP,2,2,4,0.5
sLbS,1,0,1,1.0
sLbb,2,0,2,1.0
sLbl,0,0,0,
sLbm,3,2,5,0.6
sLbn,1,2,3,0.33
sLbs,0,2,2,0.0
sLhB,3,0,3,1.0
sLhL,1,0,1,1.0
sLhM,1,1,2,0.5
sLhN,3,1,4,0.75
sLhP,3,3,6,0.5
sLhS,1,0,1,1.0
sLhb,2,0,2,1.0
sLhh,0,0,0,
sLhl,0,1,1,0.0
sLhm,3,0,3,1.0
sLhn,0,1,1,0.0
sLhs,1,1,2,0.5
sLjB,2,0,2,1.0
sLjD,3,0,3,1.0
sLjI,1,0,1,1.0
sLjM,1,2,3,0.33
sLjN,0,3,3,0.0
sLjS,0,1,1,0.0
sLjh,0,1,1,0.0
sLjm,1,0,1,1.0
sLjn,1,0,1,1.0
sLjs,0,1,1,0.0
sLlB,1,1,2,0.5
sLlH,1,2,3,0.33
sLlJ,0,1,1,0.0
sLlN,0,3,3,0.0
sLlP,1,1,2,0.5
sLlS,0,0,0,
sLlb,1,3,4,0.25
sLll,1,1,2,0.5
sLlm,1,3,4,0.25
sLls,1,1,2,0.5
sLmB,1,3,4,0.25
sLmD,0,0,0,
sLmH,3,1,4,0.75
sLmI,0,1,1,0.0
sLmJ,0,0,0,
sLmL,1,1,2,0.5
sLmM,6,5,11,0.55
sLmN,4,6,10,0.4
sLmP,3,1,4,0.75
sLmS,2,1,3,0.67
sLmb,1,1,2,0.5
sLmm,4,3,7,0.57
sLmn,2,2,4,0.5
sLms,2,3,5,0.4
sLnB,1,4,5,0.2
sLnD,2,0,2,1.0
sLnH,3,1,4,0.75
sLnI,0,0,0,
sLnK,0,1,1,0.0
sLnL,1,3,4,0.25
sLnM,3,3,6,0.5
sLnN,2,7,9,0.22
sLnP,2,3,5,0.4
sLnS,1,4,5,0.2
sLnb,3,1,4,0.75
sLnh,0,1,1,0.0
sLnl,0,3,3,0.0
sLnm,1,4,5,0.2
sLnn,6,0,6,1.0
sLns,2,4,6,0.33
sLsB,1,1,2,0.5
sLsD,2,1,3,0.67
sLsH,1,0,1,1.0
sLsI,1,0,1,1.0
sLsL,2,1,3,0.67
sLsM,1,0,1,1.0
sLsN,0,5,5,0.0
sLsP,4,4,8,0.5
sLsS,2,2,4,0.5
sLsb,0,1,1,0.0
sLsl,2,3,5,0.4
sLsm,4,3,7,0.57
sLsn,4,2,6,0.67
sLss,3,2,5,0.6
sLtB,0,2,2,0.0
sLtL,0,1,1,0.0
sLtN,0,1,1,0.0
sLtP,0,1,1,0.0
sLtS,0,1,1,0.0
sLts,0,1,1,0.0
sMBB,5,14,19,0.26
sMBD,0,1,1,0.0
sMBK,0,1,1,0.0
sMBL,1,0,1,1.0
sMBM,2,13,15,0.13
sMBN,5,11,16,0.31
sMBP,12,4,16,0.75
sMBS,3,4,7,0.43
sMBb,7,11,18,0.39
sMBh,0,1,1,0.0
sMBj,0,3,3,0.0
sMBl,3,3,6,0.5
sMBm,12,7,19,0.63
sMBn,7,7,14,0.5
sMBs,5,0,5,1.0
sMBt,1,1,2,0.5
sMDB,1,0,1,1.0
sMDD,1,0,1,1.0
sMDH,1,0,1,1.0
sMDI,1,0,1,1.0
sMDM,3,4,7,0.43
sMDN,1,2,3,0.33
sMDP,1,3,4,0.25
sMDS,7,2,9,0.78
sMDb,6,0,6,1.0
sMDl,1,0,1,1.0
sMDm,2,3,5,0.4
sMDn,2,4,6,0.33
sMDt,1,0,1,1.0
sMHP,1,0,1,1.0
sMIP,2,0,2,1.0
sMKN,1,1,2,0.5
sMKP,1,0,1,1.0
sMKl,0,1,1,0.0
sMLB,2,3,5,0.4
sMLD,1,0,1,1.0
sMLM,3,4,7,0.43
sMLN,2,1,3,0.67
sMLP,4,1,5,0.8
sMLS,1,3,4,0.25
sMLb,2,2,4,0.5
sMLh,0,1,1,0.0
sMLl,1,1,2,0.5
sMLm,2,0,2,1.0
sMLn,3,4,7,0.43
sMLs,0,5,5,0.0
sMMB,5,11,16,0.31
sMMD,0,1,1,0.0
sMML,1,1,2,0.5
sMMM,3,9,12,0.25
sMMN,9,5,14,0.64
sMMP,7,8,15,0.47
sMMS,3,4,7,0.43
sMMb,5,4,9,0.56
sMMh,8,4,12,0.67
sMMj,0,1,1,0.0
sMMl,1,4,5,0.2
sMMm,8,9,17,0.47
sMMn,8,12,20,0.4
sMMs,4,4,8,0.5
sMMt,2,2,4,0.5
sMNB,9,8,17,0.53
sMND,0,2,2,0.0
sMNH,0,3,3,0.0
sMNK,1,1,2,0.5
sMNL,3,1,4,0.75
sMNM,10,9,19,0.53
sMNN,13,8,21,0.62
sMNP,17,10,27,0.63
sMNS,7,7,14,0.5
sMNb,3,3,6,0.5
sMNh,3,3,6,0.5
sMNl,0,4,4,0.0
sMNm,6,3,9,0.67
sMNn,13,10,23,0.57
sMNs,5,9,14,0.36
sMNt,1,1,2,0.5
sMPB,6,12,18,0.33
sMPD,4,1,5,0.8
sMPH,5,4,9,0.56
sMPI,2,0,2,1.0
sMPK,1,0,1,1.0
sMPL,6,5,11,0.55
sMPM,11,9,20,0.55
sMPN,9,6,15,0.6
sMPP,17,6,23,0.74
sMPS,5,6,11,0.45
sMPb,11,6,17,0.65
sMPh,2,0,2,1.0
sMPl,4,4,8,0.5
sMPm,7,8,15,0.47
sMPn,11,10,21,0.52
sMPs,8,7,15,0.53
sMPt,0,2,2,0.0
sMSB,5,9,14,0.36
sMSD,4,3,7,0.57
sMSH,6,4,10,0.6
sMSI,2,0,2,1.0
sMSK,0,0,0,
sMSL,2,2,4,0.5
sMSM,7,9,16,0.44
sMSN,4,5,9,0.44
sMSP,8,7,15,0.53
sMSS,5,10,15,0.33
sMSb,1,10,11,0.09
sMSh,3,4,7,0.43
sMSl,3,0,3,1.0
sMSm,8,3,11,0.73
sMSn,4,7,11,0.36
sMSs,5,7,12,0.42
sMSt,2,3,5,0.4
sMbB,4,9,13,0.31
sMbD,5,2,7,0.71
sMbH,0,3,3,0.0
sMbI,1,1,2,0.5
sMbJ,1,0,1,1.0
sMbK,1,3,4,0.25
sMbL,1,1,2,0.5
sMbM,3,5,8,0.38
sMbN,7,14,21,0.33
sMbP,5,7,12,0.42
sMbS,3,3,6,0.5
sMbb,5,5,10,0.5
sMbh,0,0,0,
sMbl,0,3,3,0.0
sMbm,9,11,20,0.45
sMbn,8,13,21,0.38
sMbs,4,3,7,0.57
sMhB,5,3,8,0.62
sMhD,1,1,2,0.5
sMhH,1,2,3,0.33
sMhI,0,0,0,
sMhK,1,1,2,0.5
sMhL,1,1,2,0.5
sMhM,4,3,7,0.57
sMhN,6,2,8,0.75
sMhP,4,6,10,0.4
sMhS,9,4,13,0.69
sMhb,7,1,8,0.88
sMhh,6,4,10,0.6
sMhl,3,4,7,0.43
sMhm,7,7,14,0.5
sMhn,7,12,19,0.37
sMhs,6,4,10,0.6
sMht,0,2,2,0.0
sMjB,0,1,1,0.0
sMjH,1,0,1,1.0
sMjL,0,1,1,0.0
sMjM,1,2,3,0.33
sMjN,2,0,2,1.0
sMjP,5,2,7,0.71
sMjS,1,6,7,0.14
sMjh,1,0,1,1.0
sMjl,1,0,1,1.0
sMjm,5,2,7,0.71
sMjn,1,2,3,0.33
sMjs,2,2,4,0.5
sMlB,2,2,4,0.5
sMlL,1,0,1,1.0
sMlM,4,1,5,0.8
sMlN,5,3,8,0.62
sMlP,1,5,6,0.17
sMlS,0,4,4,0.0
sMlb,2,4,6,0.33
sMll,1,0,1,1.0
sMlm,1,1,2,0.5
sMln,2,3,5,0.4
sMls,4,3,7,0.57
sMmB,10,4,14,0.71
sMmD,4,5,9,0.44
sMmH,5,10,15,0.33
sMmI,0,1,1,0.0
sMmJ,1,0,1,1.0
sMmK,1,0,1,1.0
sMmL,2,3,5,0.4
sMmM,13,10,23,0.57
sMmN,7,12,19,0.37
sMmP,8,12,20,0.4
sMmS,7,12,19,0.37
sMmb,9,13,22,0.41
sMmh,0,1,1,0.0
sMml,3,3,6,0.5
sMmm,10,9,19,0.53
sMmn,12,8,20,0.6
sMms,5,13,18,0.28
sMnB,6,11,17,0.35
sMnD,2,0,2,1.0
sMnH,5,4,9,0.56
sMnI,1,2,3,0.33
sMnK,1,2,3,0.33
sMnL,1,1,2,0.5
sMnM,4,8,12,0.33
sMnN,22,12,34,0.65
sMnP,14,17,31,0.45
sMnS,12,2,14,0.86
sMnb,8,8,16,0.5
sMnh,1,3,4,0.25
sMnl,2,2,4,0.5
sMnm,15,9,24,0.62
sMnn,9,11,20,0.45
sMns,7,4,11,0.64
sMsB,4,3,7,0.57
sMsH,6,5,11,0.55
sMsI,1,2,3,0.33
sMsL,3,0,3,1.0
sMsM,5,10,15,0.33
sMsN,9,7,16,0.56
sMsP,8,8,16,0.5
sMsS,4,6,10,0.4
sMsb,1,7,8,0.12
sMsh,0,1,1,0.0
sMsl,1,2,3,0.33
sMsm,7,4,11,0.64
sMsn,11,2,13,0.85
sMss,7,5,12,0.58
sMtB,0,1,1,0.0
sMtH,0,1,1,0.0
sMtL,1,0,1,1.0
sMtM,1,1,2,0.5
sMtN,2,1,3,0.67
sMtP,2,3,5,0.4
sMtS,1,4,5,0.2
sMtb,1,0,1,1.0
sMtm,1,3,4,0.25
sMtn,1,0,1,1.0
sMts,0,0,0,
sMtt,0,1,1,0.0
sNBB,5,6,11,0.45
sNBD,0,2,2,0.0
sNBK,0,1,1,0.0
sNBL,1,3,4,0.25
sNBM,8,8,16,0.5
sNBN,11,11,22,0.5
sNBP,9,7,16,0.56
sNBS,9,2,11,0.82
sNBb,5,8,13,0.38
sNBh,1,2,3,0.33
sNBj,0,3,3,0.0
sNBm,8,7,15,0.53
sNBn,10,7,17,0.59
sNBs,4,5,9,0.44
sNBt,6,2,8,0.75
sNDB,1,1,2,0.5
sNDD,2,0,2,1.0
sNDH,0,0,0,
sNDL,1,1,2,0.5
sNDM,2,1,3,0.67
sNDN,1,4,5,0.2
sNDP,2,3,5,0.4
sNDS,5,2,7,0.71
sNDb,1,2,3,0.33
sNDh,0,1,1,0.0
sNDm,1,3,4,0.25
sNDn,1,2,3,0.33
sNDs,2,2,4,0.5
sNDt,0,1,1,0.0
sNHB,3,1,4,0.75
sNHD,0,0,0,
sNHH,0,1,1,0.0
sNHI,0,1,1,0.0
sNHM,0,2,2,0.0
sNHN,2,1,3,0.67
sNHP,1,0,1,1.0
sNHS,2,1,3,0.67
sNHb,1,4,5,0.2
sNHl,0,1,1,0.0
sNHm,1,4,5,0.2
sNHn,0,1,1,0.0
sNHs,3,2,5,0.6
sNHt,0,0,0,
sNIB,0,1,1,0.0
sNIS,1,0,1,1.0
sNIn,2,0,2,1.0
sNKB,1,0,1,1.0
sNKI,0,2,2,0.0
sNKM,0,2,2,0.0
sNKP,0,0,0,
sNKS,1,0,1,1.0
sNKh,1,0,1,1.0
sNKm,3,1,4,0.75
sNKn,1,1,2,0.5
sNKs,1,1,2,0.5
sNLB,1,0,1,1.0
sNLD,1,0,1,1.0
sNLL,0,1,1,0.0
sNLM,3,3,6,0.5
sNLN,2,5,7,0.29
sNLP,4,3,7,0.57
sNLS,1,2,3,0.33
sNLb,2,7,9,0.22
sNLh,0,0,0,
sNLj,1,0,1,1.0
sNLl,0,2,2,0.0
sNLm,3,2,5,0.6
sNLn,8,4,12,0.67
sNLs,2,3,5,0.4
sNMB,8,6,14,0.57
sNMD,2,3,5,0.4
sNML,3,1,4,0.75
sNMM,5,8,13,0.38
sNMN,6,6,12,0.5
sNMP,11,3,14,0.79
sNMS,5,8,13,0.38
sNMb,5,6,11,0.45
sNMh,6,5,11,0.55
sNMj,5,0,5,1.0
sNMl,4,0,4,1.0
sNMm,12,8,20,0.6
sNMn,8,7,15,0.53
sNMs,7,6,13,0.54
sNMt,1,2,3,0.33
sNNB,5,9,14,0.36
sNND,2,0,2,1.0
sNNH,2,1,3,0.67
sNNI,0,1,1,0.0
sNNK,1,0,1,1.0
sNNL,1,2,3,0.33
sNNM,3,14,17,0.18
sNNN,18,13,31,0.58
sNNP,10,14,24,0.42
sNNS,5,6,11,0.45
sNNb,3,5,8,0.38
sNNh,2,3,5,0.4
sNNl,5,5,10,0.5
sNNm,14,11,25,0.56
sNNn,9,22,31,0.29
sNNs,10,8,18,0.56
sNNt,3,2,5,0.6
sNPB,7,14,21,0.33
sNPD,1,3,4,0.25
sNPH,3,6,9,0.33
sNPI,0,2,2,0.0
sNPL,4,5,9,0.44
sNPM,9,14,23,0.39
sNPN,17,14,31,0.55
sNPP,16,20,36,0.44
sNPS,12,12,24,0.5
sNPb,12,9,21,0.57
sNPh,0,1,1,0.0
sNPl,3,0,3,1.0
sNPm,10,8,18,0.56
sNPn,15,15,30,0.5
sNPs,7,12,19,0.37
sNPt,2,2,4,0.5
sNSB,10,6,16,0.62
sNSD,0,0,0,
sNSH,1,1,2,0.5
sNSI,1,0,1,1.0
sNSL,0,4,4,0.0
sNSM,6,6,12,0.5
sNSN,5,9,14,0.36
sNSP,10,8,18,0.56
sNSS,3,8,11,0.27
sNSb,4,3,7,0.57
sNSh,4,2,6,0.67
sNSl,1,2,3,0.33
sNSm,8,11,19,0.42
sNSn,14,6,20,0.7
sNSs,12,8,20,0.6
sNSt,3,0,3,1.0
sNbB,5,0,5,1.0
sNbD,1,3,4,0.25
sNbH,1,3,4,0.25
sNbI,0,2,2,0.0
sNbJ,1,2,3,0.33
sNbK,3,2,5,0.6
sNbL,2,3,5,0.4
sNbM,4,3,7,0.57
sNbN,9,13,22,0.41
sNbP,6,10,16,0.38
sNbS,6,3,9,0.67
sNbb,8,3,11,0.73
sNbl,2,1,3,0.67
sNbm,5,4,9,0.56
sNbn,9,6,15,0.6
sNbs,4,2,6,0.67
sNhB,0,1,1,0.0
sNhI,0,0,0,
sNhL,1,1,2,0.5
sNhM,3,0,3,1.0
sNhN,3,5,8,0.38
sNhP,0,3,3,0.0
sNhS,4,0,4,1.0
sNhb,3,3,6,0.5
sNhh,1,5,6,0.17
sNhl,0,0,0,
sNhm,3,3,6,0.5
sNhn,3,2,5,0.6
sNhs,1,0,1,1.0
sNht,2,0,2,1.0
sNlB,2,3,5,0.4
sNlH,2,3,5,0.4
sNlI,0,0,0,
sNlM,2,1,3,0.67
sNlN,2,3,5,0.4
sNlP,3,4,7,0.43
sNlS,1,0,1,1.0
sNlb,2,0,2,1.0
sNll,0,2,2,0.0
sNlm,5,3,8,0.62
sNln,4,1,5,0.8
sNls,2,1,3,0.67
sNmB,6,6,12,0.5
sNmD,4,3,7,0.57
sNmH,8,6,14,0.57
sNmI,0,1,1,0.0
sNmJ,0,1,1,0.0
sNmL,1,5,6,0.17
sNmM,7,14,21,0.33
sNmN,15,10,25,0.6
sNmP,13,9,22,0.59
sNmS,5,9,14,0.36
sNmb,5,11,16,0.31
sNml,1,0,1,1.0
sNmm,6,6,12,0.5
sNmn,9,9,18,0.5
sNms,7,8,15,0.47
sNnB,9,8,17,0.53
sNnD,2,1,3,0.67
sNnH,6,5,11,0.55
sNnI,1,0,1,1.0
sNnK,1,1,2,0.5
sNnL,6,5,11,0.55
sNnM,13,16,29,0.45
sNnN,15,17,32,0.47
sNnP,19,24,43,0.44
sNnS,12,10,22,0.55
sNnb,12,4,16,0.75
sNnh,0,1,1,0.0
sNnl,6,4,10,0.6
sNnm,11,10,21,0.52
sNnn,13,11,24,0.54
sNns,9,6,15,0.6
sNsB,6,3,9,0.67
sNsD,6,1,7,0.86
sNsH,7,10,17,0.41
sNsI,3,0,3,1.0
sNsL,1,2,3,0.33
sNsM,10,6,16,0.62
sNsN,7,8,15,0.47
sNsP,7,10,17,0.41
sNsS,10,11,21,0.48
sNsb,4,7,11,0.36
sNsh,0,0,0,
sNsl,1,1,2,0.5
sNsm,12,6,18,0.67
sNsn,8,8,16,0.5
sNss,8,7,15,0.53
sNtB,0,3,3,0.0
sNtD,0,0,0,
sNtH,2,0,2,1.0
sNtK,0,2,2,0.0
sNtL,1,0,1,1.0
sNtM,0,2,2,0.0
sNtN,2,2,4,0.5
sNtP,2,2,4,0.5
sNtS,2,0,2,1.0
sNtb,3,1,4,0.75
sNtl,0,0,0,
sNtm,2,2,4,0.5
sNtn,3,4,7,0.43
sNts,2,1,3,0.67
sPBB,7,13,20,0.35
sPBD,0,1,1,0.0
sPBK,2,0,2,1.0
sPBL,4,1,5,0.8
sPBM,3,13,16,0.19
sPBN,4,11,15,0.27
sPBP,11,9,20,0.55
sPBS,5,5,10,0.5
sPBb,4,3,7,0.57
sPBh,1,2,3,0.33
sPBj,1,1,2,0.5
sPBl,1,2,3,0.33
sPBm,9,8,17,0.53
sPBn,6,19,25,0.24
sPBs,6,7,13,0.46
sPBt,2,1,3,0.67
sPDB,2,1,3,0.67
sPDD,2,1,3,0.67
sPDH,0,2,2,0.0
sPDL,0,1,1,0.0
sPDM,2,3,5,0.4
sPDN,1,2,3,0.33
sPDP,1,1,2,0.5
sPDS,2,1,3,0.67
sPDb,0,1,1,0.0
sPDh,0,1,1,0.0
sPDl,1,0,1,1.0
sPDm,1,3,4,0.25
sPDn,1,2,3,0.33
sPDs,0,2,2,0.0
sPDt,0,0,0,
sPHB,1,1,2,0.5
sPHD,2,0,2,1.0
sPHK,1,0,1,1.0
sPHL,2,0,2,1.0
sPHM,4,3,7,0.57
sPHN,2,2,4,0.5
sPHP,2,2,4,0.5
sPHS,1,4,5,0.2
sPHb,2,4,6,0.33
sPHh,1,0,1,1.0
sPHm,6,2,8,0.75
sPHn,5,6,11,0.45
sPHs,4,6,10,0.4
sPHt,0,2,2,0.0
sPIB,3,1,4,0.75
sPID,2,0,2,1.0
sPIH,1,0,1,1.0
sPII,0,0,0,
sPIL,0,1,1,0.0
sPIM,1,2,3,0.33
sPIN,1,0,1,1.0
sPIP,0,2,2,0.0
sPIS,2,0,2,1.0
sPIb,1,3,4,0.25
sPIm,1,1,2,0.5
sPIn,0,1,1,0.0
sPIs,0,1,1,0.0
sPKB,1,4,5,0.2
sPKK,0,1,1,0.0
sPKM,1,1,2,0.5
sPKP,5,2,7,0.71
sPKb,1,1,2,0.5
sPKh,0,5,5,0.0
sPKl,0,1,1,0.0
sPKm,2,0,2,1.0
sPKs,2,1,3,0.67
sPLB,2,3,5,0.4
sPLD,1,2,3,0.33
sPLK,1,0,1,1.0
sPLL,3,1,4,0.75
sPLM,3,3,6,0.5
sPLN,2,2,4,0.5
sPLP,4,3,7,0.57
sPLS,2,1,3,0.67
sPLb,6,4,10,0.6
sPLh,1,1,2,0.5
sPLj,2,0,2,1.0
sPLl,1,1,2,0.5
sPLm,6,8,14,0.43
sPLn,3,4,7,0.43
sPLs,2,2,4,0.5
sPLt,1,1,2,0.5
sPMB,9,6,15,0.6
sPMD,3,2,5,0.6
sPML,1,2,3,0.33
sPMM,4,17,21,0.19
sPMN,7,5,12,0.58
sPMP,7,11,18,0.39
sPMS,10,4,14,0.71
sPMb,9,8,17,0.53
sPMh,8,9,17,0.47
sPMj,4,1,5,0.8
sPMl,6,2,8,0.75
sPMm,16,6,22,0.73
sPMn,14,9,23,0.61
sPMs,6,7,13,0.46
sPMt,2,1,3,0.67
sPNB,5,9,14,0.36
sPND,1,1,2,0.5
sPNH,2,1,3,0.67
sPNK,1,0,1,1.0
sPNL,4,3,7,0.57
sPNM,5,7,12,0.42
sPNN,7,11,18,0.39
sPNP,13,12,25,0.52
sPNS,9,9,18,0.5
sPNb,6,5,11,0.55
sPNh,2,2,4,0.5
sPNl,6,3,9,0.67
sPNm,17,15,32,0.53
sPNn,13,14,27,0.48
sPNs,7,10,17,0.41
sPNt,2,0,2,1.0
sPPB,14,11,25,0.56
sPPD,2,1,3,0.67
sPPH,2,4,6,0.33
sPPI,2,4,6,0.33
sPPK,1,1,2,0.5
sPPL,6,12,18,0.33
sPPM,9,14,23,0.39
sPPN,9,17,26,0.35
sPPP,22,22,44,0.5
sPPS,14,8,22,0.64
sPPb,12,8,20,0.6
sPPh,1,4,5,0.2
sPPl,7,9,16,0.44
sPPm,18,12,30,0.6
sPPn,11,12,23,0.48
sPPs,7,10,17,0.41
sPPt,2,1,3,0.67
sPSB,1,13,14,0.07
sPSD,0,3,3,0.0
sPSH,2,2,4,0.5
sPSL,2,1,3,0.67
sPSM,3,7,10,0.3
sPSN,3,9,12,0.25
sPSP,7,10,17,0.41
sPSS,12,11,23,0.52
sPSb,5,3,8,0.62
sPSh,7,5,12,0.58
sPSl,3,2,5,0.6
sPSm,6,11,17,0.35
sPSn,9,5,14,0.64
sPSs,7,6,13,0.54
sPSt,1,2,3,0.33
sPbB,12,10,22,0.55
sPbH,1,0,1,1.0
sPbI,3,1,4,0.75
sPbJ,3,4,7,0.43
sPbK,0,3,3,0.0
sPbL,3,3,6,0.5
sPbM,10,9,19,0.53
sPbN,8,10,18,0.44
sPbP,9,9,18,0.5
sPbS,3,3,6,0.5
sPbb,8,9,17,0.47
sPbl,1,2,3,0.33
sPbm,8,6,14,0.57
sPbn,9,3,12,0.75
sPbs,3,2,5,0.6
sPhB,3,1,4,0.75
sPhI,1,0,1,1.0
sPhM,1,0,1,1.0
sPhN,3,0,3,1.0
sPhP,1,1,2,0.5
sPhS,0,2,2,0.0
sPhb,0,1,1,0.0
sPhh,1,0,1,1.0
sPhl,3,1,4,0.75
sPhm,1,2,3,0.33
sPhn,1,1,2,0.5
sPhs,1,4,5,0.2
sPlB,2,3,5,0.4
sPlD,1,0,1,1.0
sPlH,2,4,6,0.33
sPlI,1,0,1,1.0
sPlJ,2,2,4,0.5
sPlL,1,1,2,0.5
sPlM,4,5,9,0.44
sPlN,3,5,8,0.38
sPlP,3,2,5,0.6
sPlS,4,4,8,0.5
sPlb,4,1,5,0.8
sPll,2,1,3,0.67
sPlm,3,1,4,0.75
sPln,2,3,5,0.4
sPls,3,3,6,0.5
sPmB,11,10,21,0.52
sPmD,6,1,7,0.86
sPmH,4,10,14,0.29
sPmI,0,1,1,0.0
sPmJ,0,3,3,0.0
sPmK,0,1,1,0.0
sPmL,8,7,15,0.53
sPmM,17,18,35,0.49
sPmN,12,13,25,0.48
sPmP,13,6,19,0.68
sPmS,8,3,11,0.73
sPmb,10,12,22,0.45
sPmh,1,0,1,1.0
sPml,8,5,13,0.62
sPmm,8,7,15,0.53
sPmn,8,5,13,0.62
sPms,7,4,11,0.64
sPnB,6,7,13,0.46
sPnD,5,1,6,0.83
sPnH,5,4,9,0.56
sPnI,1,5,6,0.17
sPnK,1,3,4,0.25
sPnL,4,4,8,0.5
sPnM,13,8,21,0.62
sPnN,12,11,23,0.52
sPnP,9,14,23,0.39
sPnS,4,3,7,0.57
sPnb,11,6,17,0.65
sPnl,5,3,8,0.62
sPnm,16,6,22,0.73
sPnn,12,7,19,0.63
sPns,17,8,25,0.68
sPsB,5,7,12,0.42
sPsD,2,2,4,0.5
sPsH,6,7,13,0.46
sPsI,3,1,4,0.75
sPsL,5,3,8,0.62
sPsM,8,10,18,0.44
sPsN,12,9,21,0.57
sPsP,10,12,22,0.45
sPsS,9,9,18,0.5
sPsb,10,5,15,0.67
sPsh,1,0,1,1.0
sPsl,4,3,7,0.57
sPsm,9,9,18,0.5
sPsn,6,6,12,0.5
sPss,7,5,12,0.58
sPtB,1,0,1,1.0
sPtD,0,0,0,
sPtH,1,0,1,1.0
sPtM,1,1,2,0.5
sPtN,1,0,1,1.0
sPtP,3,5,8,0.38
sPtS,1,0,1,1.0
sPtb,1,1,2,0.5
sPtm,0,2,2,0.0
sPtn,0,0,0,
sPts,1,1,2,0.5
sPtt,1,0,1,1.0
sSBB,4,3,7,0.57
sSBD,0,3,3,0.0
sSBK,2,3,5,0.4
sSBL,3,2,5,0.6
sSBM,4,7,11,0.36
sSBN,8,5,13,0.62
sSBP,3,11,14,0.21
sSBS,8,8,16,0.5
sSBb,7,2,9,0.78
sSBh,2,1,3,0.67
sSBj,2,2,4,0.5
sSBl,0,2,2,0.0
sSBm,6,6,12,0.5
sSBn,6,8,14,0.43
sSBs,7,3,10,0.7
sSBt,2,0,2,1.0
sSDB,0,1,1,0.0
sSDD,1,1,2,0.5
sSDH,2,1,3,0.67
sSDK,0,0,0,
sSDM,0,1,1,0.0
sSDN,2,1,3,0.67
sSDP,3,1,4,0.75
sSDS,7,5,12,0.58
sSDb,1,4,5,0.2
sSDh,1,1,2,0.5
sSDl,1,3,4,0.25
sSDm,8,2,10,0.8
sSDn,1,0,1,1.0
sSDs,4,1,5,0.8
sSHB,2,1,3,0.67
sSHD,1,0,1,1.0
sSHH,1,1,2,0.5
sSHI,0,1,1,0.0
sSHL,0,1,1,0.0
sSHM,4,4,8,0.5
sSHN,2,1,3,0.67
sSHP,4,1,5,0.8
sSHS,7,9,16,0.44
sSHb,1,4,5,0.2
sSHh,1,5,6,0.17
sSHl,2,0,2,1.0
sSHm,3,5,8,0.38
sSHn,5,4,9,0.56
sSHs,2,5,7,0.29
sSIB,0,1,1,0.0
sSID,0,0,0,
sSIH,1,0,1,1.0
sSIL,1,0,1,1.0
sSIM,0,1,1,0.0
sSIN,0,1,1,0.0
sSIS,1,1,2,0.5
sSIb,1,0,1,1.0
sSIm,2,1,3,0.67
sSIs,0,1,1,0.0
sSIt,0,1,1,0.0
sSKB,0,1,1,0.0
sSKL,0,1,1,0.0
sSKM,0,1,1,0.0
sSKP,0,1,1,0.0
sSKS,0,0,0,
sSKh,1,0,1,1.0
sSKl,0,0,0,
sSLB,5,2,7,0.71
sSLD,1,1,2,0.5
sSLL,0,2,2,0.0
sSLM,3,1,4,0.75
sSLN,1,6,7,0.14
sSLP,5,2,7,0.71
sSLS,2,2,4,0.5
sSLb,4,3,7,0.57
sSLj,2,0,2,1.0
sSLl,4,2,6,0.67
sSLm,2,5,7,0.29
sSLn,1,4,5,0.2
sSLs,3,1,4,0.75
sSLt,0,1,1,0.0
sSMB,8,10,18,0.44
sSMD,1,0,1,1.0
sSMK,0,1,1,0.0
sSML,1,3,4,0.25
sSMM,6,7,13,0.46
sSMN,10,6,16,0.62
sSMP,13,10,23,0.57
sSMS,11,9,20,0.55
sSMb,6,8,14,0.43
sSMh,9,6,15,0.6
sSMj,0,4,4,0.0
sSMl,3,2,5,0.6
sSMm,16,7,23,0.7
sSMn,8,9,17,0.47
sSMs,11,5,16,0.69
sSMt,1,1,2,0.5
sSNB,4,6,10,0.4
sSND,4,2,6,0.67
sSNH,3,2,5,0.6
sSNI,1,0,1,1.0
sSNK,0,1,1,0.0
sSNL,3,2,5,0.6
sSNM,3,13,16,0.19
sSNN,7,18,25,0.28
sSNP,10,10,20,0.5
sSNS,8,9,17,0.47
sSNb,2,8,10,0.2
sSNh,3,2,5,0.6
sSNl,2,2,4,0.5
sSNm,8,7,15,0.53
sSNn,14,14,28,0.5
sSNs,8,11,19,0.42
sSNt,2,2,4,0.5
sSPB,4,10,14,0.29
sSPD,3,2,5,0.6
sSPH,2,4,6,0.33
sSPI,0,1,1,0.0
sSPK,1,2,3,0.33
sSPL,4,6,10,0.4
sSPM,11,9,20,0.55
sSPN,11,10,21,0.52
sSPP,8,19,27,0.3
sSPS,12,11,23,0.52
sSPb,8,10,18,0.44
sSPh,1,0,1,1.0
sSPl,5,5,10,0.5
sSPm,14,12,26,0.54
sSPn,10,9,19,0.53
sSPs,10,10,20,0.5
sSPt,0,3,3,0.0
sSSB,13,14,27,0.48
sSSD,2,5,7,0.29
sSSH,9,7,16,0.56
sSSI,1,0,1,1.0
sSSK,0,1,1,0.0
sSSL,5,2,7,0.71
sSSM,16,20,36,0.44
sSSN,8,14,22,0.36
sSSP,11,6,17,0.65
sSSS,24,28,52,0.46
sSSb,10,12,22,0.45
sSSh,4,3,7,0.57
sSSl,4,5,9,0.44
sSSm,18,13,31,0.58
sSSn,13,8,21,0.62
sSSs,17,16,33,0.52
sSSt,2,0,2,1.0
sSbB,8,7,15,0.53
sSbD,2,1,3,0.67
sSbH,1,0,1,1.0
sSbI,1,0,1,1.0
sSbJ,1,0,1,1.0
sSbK,2,1,3,0.67
sSbL,1,4,5,0.2
sSbM,3,7,10,0.3
sSbN,8,6,14,0.57
sSbP,5,6,11,0.45
sSbS,2,8,10,0.2
sSbb,3,6,9,0.33
sSbl,3,0,3,1.0
sSbm,3,3,6,0.5
sSbn,4,6,10,0.4
sSbs,5,1,6,0.83
sShB,3,4,7,0.43
sShD,1,2,3,0.33
sShH,1,2,3,0.33
sShI,0,1,1,0.0
sShL,4,4,8,0.5
sShM,5,6,11,0.45
sShN,2,5,7,0.29
sShP,8,5,13,0.62
sShS,6,12,18,0.33
sShb,2,4,6,0.33
sShh,3,1,4,0.75
sShl,1,3,4,0.25
sShm,10,5,15,0.67
sShn,5,7,12,0.42
sShs,10,4,14,0.71
sSht,0,1,1,0.0
sSlB,3,2,5,0.6
sSlI,0,0,0,
sSlJ,0,3,3,0.0
sSlL,1,1,2,0.5
sSlM,4,1,5,0.8
sSlN,5,3,8,0.62
sSlP,5,2,7,0.71
sSlS,3,5,8,0.38
sSlb,0,3,3,0.0
sSll,2,2,4,0.5
sSlm,2,1,3,0.67
sSln,2,5,7,0.29
sSls,0,1,1,0.0
sSmB,11,9,20,0.55
sSmD,3,3,6,0.5
sSmH,6,12,18,0.33
sSmI,0,2,2,0.0
sSmJ,1,1,2,0.5
sSmK,0,1,1,0.0
sSmL,1,1,2,0.5
sSmM,8,10,18,0.44
sSmN,11,13,24,0.46
sSmP,13,7,20,0.65
sSmS,6,13,19,0.32
sSmb,4,8,12,0.33
sSmh,0,1,1,0.0
sSml,8,6,14,0.57
sSmm,18,14,32,0.56
sSmn,11,6,17,0.65
sSms,8,5,13,0.62
sSnB,6,5,11,0.55
sSnD,1,4,5,0.2
sSnH,4,8,12,0.33
sSnI,3,3,6,0.5
sSnK,0,0,0,
sSnL,0,2,2,0.0
sSnM,11,7,18,0.61
sSnN,17,16,33,0.52
sSnP,7,4,11,0.64
sSnS,8,15,23,0.35
sSnb,8,5,13,0.62
sSnl,2,6,8,0.25
sSnm,10,7,17,0.59
sSnn,7,8,15,0.47
sSns,9,15,24,0.38
sSsB,7,12,19,0.37
sSsD,4,5,9,0.44
sSsH,14,9,23,0.61
sSsI,2,2,4,0.5
sSsL,3,3,6,0.5
sSsM,13,13,26,0.5
sSsN,9,17,26,0.35
sSsP,14,10,24,0.58
sSsS,18,26,44,0.41
sSsb,9,7,16,0.56
sSsh,0,0,0,
sSsl,4,2,6,0.67
sSsm,14,15,29,0.48
sSsn,10,8,18,0.56
sSss,10,9,19,0.53
sSst,0,1,1,0.0
sStB,1,2,3,0.33
sStD,0,1,1,0.0
sStH,1,2,3,0.33
sStK,1,0,1,1.0
sStL,1,0,1,1.0
sStM,1,0,1,1.0
sStN,2,1,3,0.67
sStP,1,3,4,0.25
sStS,3,4,7,0.43
sStb,0,3,3,0.0
sStl,1,1,2,0.5
sStm,1,2,3,0.33
sStn,3,2,5,0.6
sSts,1,1,2,0.5
sStt,0,3,3,0.0
sbBB,9,5,14,0.64
sbBD,1,0,1,1.0
sbBK,1,2,3,0.33
sbBL,1,2,3,0.33
sbBM,6,5,11,0.55
sbBN,7,6,13,0.54
sbBP,7,9,16,0.44
sbBS,6,5,11,0.55
sbBb,8,1,9,0.89
sbBh,1,0,1,1.0
sbBj,0,2,2,0.0
sbBl,5,1,6,0.83
sbBm,4,6,10,0.4
sbBn,14,6,20,0.7
sbBs,7,1,8,0.88
sbBt,2,0,2,1.0
sbDB,0,3,3,0.0
sbDH,0,2,2,0.0
sbDM,1,2,3,0.33
sbDN,1,0,1,1.0
sbDP,0,2,2,0.0
sbDS,0,0,0,
sbDb,2,0,2,1.0
sbDl,1,0,1,1.0
sbDm,1,1,2,0.5
sbDn,0,2,2,0.0
sbDs,0,0,0,
sbHB,0,1,1,0.0
sbHH,1,0,1,1.0
sbHL,0,1,1,0.0
sbHM,1,1,2,0.5
sbHN,1,1,2,0.5
sbHP,0,3,3,0.0
sbHS,0,3,3,0.0
sbHb,3,2,5,0.6
sbHm,0,2,2,0.0
sbHn,2,2,4,0.5
sbHs,0,1,1,0.0
sbIB,2,1,3,0.67
sbIH,1,0,1,1.0
sbIN,1,0,1,1.0
sbIS,2,0,2,1.0
sbIb,1,0,1,1.0
sbIl,1,0,1,1.0
sbIn,1,1,2,0.5
sbJB,1,2,3,0.33
sbJD,1,0,1,1.0
sbJH,0,2,2,0.0
sbJI,0,0,0,
sbJL,1,0,1,1.0
sbJM,2,0,2,1.0
sbJN,2,0,2,1.0
sbJP,3,5,8,0.38
sbJS,2,1,3,0.67
sbJb,2,3,5,0.4
sbJh,1,0,1,1.0
sbJl,0,0,0,
sbJm,4,2,6,0.67
sbJn,2,0,2,1.0
sbJs,2,1,3,0.67
sbJt,0,0,0,
sbKB,0,2,2,0.0
sbKH,0,1,1,0.0
sbKI,1,0,1,1.0
sbKM,1,0,1,1.0
sbKN,2,1,3,0.67
sbKP,1,0,1,1.0
sbKb,0,1,1,0.0
sbKh,1,1,2,0.5
sbKl,1,0,1,1.0
sbKm,2,2,4,0.5
sbKn,0,0,0,
sbKs,1,0,1,1.0
sbLB,0,2,2,0.0
sbLD,1,2,3,0.33
sbLL,0,1,1,0.0
sbLM,2,5,7,0.29
sbLN,2,0,2,1.0
sbLP,0,2,2,0.0
sbLS,3,0,3,1.0
sbLb,2,3,5,0.4
sbLh,2,0,2,1.0
sbLj,0,1,1,0.0
sbLl,1,1,2,0.5
sbLm,0,1,1,0.0
sbLn,3,5,8,0.38
sbLs,1,0,1,1.0
sbMB,4,8,12,0.33
sbMD,1,0,1,1.0
sbML,1,0,1,1.0
sbMM,3,4,7,0.43
sbMN,11,7,18,0.61
sbMP,6,7,13,0.46
sbMS,3,7,10,0.3
sbMb,8,9,17,0.47
sbMh,3,5,8,0.38
sbMj,1,4,5,0.2
sbMl,2,0,2,1.0
sbMm,7,4,11,0.64
sbMn,5,6,11,0.45
sbMs,4,3,7,0.57
sbMt,0,2,2,0.0
sbNB,10,6,16,0.62
sbND,1,1,2,0.5
sbNH,1,2,3,0.33
sbNK,1,1,2,0.5
sbNL,4,0,4,1.0
sbNM,4,6,10,0.4
sbNN,8,12,20,0.4
sbNP,16,12,28,0.57
sbNS,7,4,11,0.64
sbNb,5,7,12,0.42
sbNh,3,2,5,0.6
sbNl,3,4,7,0.43
sbNm,9,7,16,0.56
sbNn,13,7,20,0.65
sbNs,2,1,3,0.67
sbNt,1,3,4,0.25
sbPB,10,7,17,0.59
sbPD,0,1,1,0.0
sbPH,2,1,3,0.67
sbPI,2,0,2,1.0
sbPK,2,2,4,0.5
sbPL,4,4,8,0.5
sbPM,4,11,15,0.27
sbPN,6,10,16,0.38
sbPP,16,11,27,0.59
sbPS,3,5,8,0.38
sbPb,7,6,13,0.54
sbPh,1,1,2,0.5
sbPl,2,1,3,0.67
sbPm,6,10,16,0.38
sbPn,8,10,18,0.44
sbPs,6,9,15,0.4
sbPt,1,0,1,1.0
sbSB,1,1,2,0.5
sbSD,1,1,2,0.5
sbSH,2,0,2,1.0
sbSK,0,0,0,
sbSL,1,1,2,0.5
sbSM,4,4,8,0.5
sbSN,2,3,5,0.4
sbSP,6,7,13,0.46
sbSS,5,10,15,0.33
sbSb,1,1,2,0.5
sbSh,4,3,7,0.57
sbSl,1,2,3,0.33
sbSm,3,3,6,0.5
sbSn,3,6,9,0.33
sbSs,7,2,9,0.78
sbbB,3,9,12,0.25
sbbD,0,3,3,0.0
sbbH,1,0,1,1.0
sbbI,1,1,2,0.5
sbbJ,3,0,3,1.0
sbbL,0,4,4,0.0
sbbM,8,10,18,0.44
sbbN,6,14,20,0.3
sbbP,11,8,19,0.58
sbbS,3,5,8,0.38
sbbb,8,9,17,0.47
sbbl,1,0,1,1.0
sbbm,8,6,14,0.57
sbbn,5,10,15,0.33
sbbs,1,3,4,0.25
sbhM,1,0,1,1.0
sblB,2,3,5,0.4
sblJ,0,0,0,
sblM,1,0,1,1.0
sblN,6,0,6,1.0
sblP,2,3,5,0.4
sblS,2,1,3,0.67
sblb,2,2,4,0.5
sbll,1,0,1,1.0
sblm,3,0,3,1.0
sbln,1,0,1,1.0
sbls,2,0,2,1.0
sbmB,6,7,13,0.46
sbmD,2,0,2,1.0
sbmH,4,6,10,0.4
sbmI,0,2,2,0.0
sbmJ,0,1,1,0.0
sbmL,0,3,3,0.0
sbmM,5,8,13,0.38
sbmN,9,5,14,0.64
sbmP,8,7,15,0.53
sbmS,3,5,8,0.38
sbmb,4,8,12,0.33
sbml,1,2,3,0.33
sbmm,8,7,15,0.53
sbmn,3,2,5,0.6
sbms,3,0,3,1.0
sbnB,6,6,12,0.5
sbnD,1,1,2,0.5
sbnH,2,6,8,0.25
sbnI,1,0,1,1.0
sbnK,1,0,1,1.0
sbnL,4,0,4,1.0
sbnM,8,6,14,0.57
sbnN,14,7,21,0.67
sbnP,2,4,6,0.33
sbnS,4,2,6,0.67
sbnb,6,6,12,0.5
sbnh,1,1,2,0.5
sbnl,2,2,4,0.5
sbnm,7,0,7,1.0
sbnn,10,4,14,0.71
sbns,2,4,6,0.33
sbsB,3,4,7,0.43
sbsD,2,1,3,0.67
sbsH,2,4,6,0.33
sbsI,0,1,1,0.0
sbsL,1,1,2,0.5
sbsM,7,4,11,0.64
sbsN,1,4,5,0.2
sbsP,1,4,5,0.2
sbsS,4,2,6,0.67
sbsb,4,2,6,0.67
sbsh,1,0,1,1.0
sbsm,1,3,4,0.25
sbsn,1,3,4,0.25
sbss,5,0,5,1.0
shBB,1,0,1,1.0
shBD,0,0,0,
shBL,1,1,2,0.5
shBN,1,1,2,0.5
shBP,1,0,1,1.0
shBS,1,0,1,1.0
shBb,2,0,2,1.0
shBm,0,2,2,0.0
shBn,1,1,2,0.5
shBs,0,0,0,
shDB,0,0,0,
shDM,0,1,1,0.0
shHS,2,1,3,0.67
shHb,0,1,1,0.0
shHm,0,0,0,
shHs,1,0,1,1.0
shIb,0,1,1,0.0
shKM,1,0,1,1.0
shLB,0,1,1,0.0
shLS,1,0,1,1.0
shLb,0,1,1,0.0
shLn,1,0,1,1.0
shMB,2,1,3,0.67
shMM,1,0,1,1.0
shMN,1,0,1,1.0
shMP,1,0,1,1.0
shMb,0,1,1,0.0
shMh,0,2,2,0.0
shMl,0,1,1,0.0
shMm,0,0,0,
shMn,0,1,1,0.0
shMs,2,0,2,1.0
shND,0,0,0,
shNH,2,0,2,1.0
shNM,0,2,2,0.0
shNN,1,0,1,1.0
shNP,0,1,1,0.0
shNb,0,1,1,0.0
shNh,0,1,1,0.0
shNm,1,2,3,0.33
shNn,1,2,3,0.33
shNt,1,0,1,1.0
shPB,1,0,1,1.0
shPH,1,0,1,1.0
shPN,1,0,1,1.0
shPP,1,0,1,1.0
shPb,2,0,2,1.0
shPm,0,3,3,0.0
shSB,0,1,1,0.0
shSH,0,2,2,0.0
shSM,0,2,2,0.0
shSP,2,1,3,0.67
shSS,1,1,2,0.5
shSb,1,0,1,1.0
shSh,1,0,1,1.0
shSl,2,0,2,1.0
shSm,0,1,1,0.0
shSs,1,0,1,1.0
shbD,0,0,0,
shbJ,0,0,0,
shbN,0,0,0,
shbP,1,0,1,1.0
shbS,0,1,1,0.0
shbl,0,1,1,0.0
shbm,1,0,1,1.0
shbn,1,0,1,1.0
shhB,1,0,1,1.0
shhH,1,0,1,1.0
shhM,0,1,1,0.0
shhN,0,2,2,0.0
shhP,1,1,2,0.5
shhS,1,1,2,0.5
shhh,1,0,1,1.0
shhm,1,1,2,0.5
shhn,1,1,2,0.5
shht,0,1,1,0.0
shlL,1,0,1,1.0
shlM,1,1,2,0.5
shlb,0,2,2,0.0
shls,1,0,1,1.0
shmB,1,1,2,0.5
shmD,0,0,0,
shmH,1,1,2,0.5
shmL,2,0,2,1.0
shmM,4,3,7,0.57
shmN,1,2,3,0.33
shmS,1,1,2,0.5
shmb,1,0,1,1.0
shmm,0,1,1,0.0
shmn,0,5,5,0.0
shms,0,0,0,
shnD,1,0,1,1.0
shnN,0,0,0,
shnP,0,0,0,
shnS,1,0,1,1.0
shnb,1,1,2,0.5
shnm,0,1,1,0.0
shsB,1,0,1,1.0
shsH,0,2,2,0.0
shsL,1,0,1,1.0
shsM,0,1,1,0.0
shsN,0,1,1,0.0
shsP,1,0,1,1.0
shsS,0,1,1,0.0
shsl,0,0,0,
shsm,0,1,1,0.0
shsn,1,0,1,1.0
shss,1,0,1,1.0
shtN,0,1,1,0.0
shtS,0,1,1,0.0
shts,0,0,0,
slBB,2,1,3,0.67
slBD,1,0,1,1.0
slBK,0,1,1,0.0
slBL,0,0,0,
slBM,2,2,4,0.5
slBN,2,3,5,0.4
slBP,4,6,10,0.4
slBS,0,1,1,0.0
slBb,0,2,2,0.0
slBh,1,0,1,1.0
slBj,1,0,1,1.0
slBl,2,0,2,1.0
slBm,3,0,3,1.0
slBn,8,2,10,0.8
slBs,4,0,4,1.0
slDB,1,1,2,0.5
slDD,0,1,1,0.0
slDH,0,1,1,0.0
slDM,1,0,1,1.0
slDP,0,1,1,0.0
slDS,0,1,1,0.0
slDn,0,1,1,0.0
slHB,0,2,2,0.0
slHH,1,1,2,0.5
slHL,0,0,0,
slHM,1,0,1,1.0
slHN,2,1,3,0.67
slHP,4,3,7,0.57
slHb,2,1,3,0.67
slHh,1,2,3,0.33
slHl,0,1,1,0.0
slHm,2,5,7,0.29
slHn,1,1,2,0.5
slHs,1,0,1,1.0
slHt,0,0,0,
slIH,0,1,1,0.0
slIL,0,1,1,0.0
slIM,1,0,1,1.0
slIN,2,0,2,1.0
slIS,0,0,0,
slIs,0,1,1,0.0
slJD,0,1,1,0.0
slJL,2,0,2,1.0
slJM,2,2,4,0.5
slJN,1,1,2,0.5
slJP,1,2,3,0.33
slJS,0,1,1,0.0
slJm,2,1,3,0.67
slJt,0,1,1,0.0
slKB,1,0,1,1.0
slKM,1,0,1,1.0
slKh,0,1,1,0.0
slKm,1,1,2,0.5
slLB,0,1,1,0.0
slLL,0,2,2,0.0
slLN,1,1,2,0.5
slLP,1,1,2,0.5
slLS,0,3,3,0.0
slLb,2,0,2,1.0
slLh,0,0,0,
slLj,1,0,1,1.0
slLl,2,2,4,0.5
slLm,2,0,2,1.0
slLn,3,1,4,0.75
slLs,7,1,8,0.88
slMB,2,1,3,0.67
slMD,0,1,1,0.0
slML,0,0,0,
slMM,1,1,2,0.5
slMN,0,0,0,
slMP,4,1,5,0.8
slMS,2,4,6,0.33
slMb,2,4,6,0.33
slMh,3,7,10,0.3
slMj,0,0,0,
slMl,2,0,2,1.0
slMm,3,4,7,0.43
slMn,5,1,6,0.83
slMs,6,2,8,0.75
slNB,2,3,5,0.4
slND,0,1,1,0.0
slNH,2,0,2,1.0
slNK,0,1,1,0.0
slNL,1,1,2,0.5
slNM,1,1,2,0.5
slNN,3,7,10,0.3
slNP,4,6,10,0.4
slNS,3,5,8,0.38
slNb,2,2,4,0.5
slNh,0,1,1,0.0
slNl,3,0,3,1.0
slNm,3,1,4,0.75
slNn,9,4,13,0.69
slNs,1,2,3,0.33
slNt,0,1,1,0.0
slPB,0,3,3,0.0
slPH,0,2,2,0.0
slPI,0,0,0,
slPK,0,1,1,0.0
slPL,1,2,3,0.33
slPM,5,4,9,0.56
slPN,3,3,6,0.5
slPP,6,3,9,0.67
slPS,0,2,2,0.0
slPb,2,2,4,0.5
slPh,0,1,1,0.0
slPl,0,3,3,0.0
slPm,6,3,9,0.67
slPn,3,0,3,1.0
slPs,3,0,3,1.0
slSB,1,1,2,0.5
slSD,0,1,1,0.0
slSH,0,2,2,0.0
slSK,0,1,1,0.0
slSL,1,2,3,0.33
slSM,4,3,7,0.57
slSN,1,1,2,0.5
slSP,2,1,3,0.67
slSS,0,2,2,0.0
slSb,2,0,2,1.0
slSh,0,1,1,0.0
slSm,2,3,5,0.4
slSn,2,2,4,0.5
slSs,6,3,9,0.67
slSt,0,1,1,0.0
slbB,2,1,3,0.67
slbJ,1,2,3,0.33
slbK,1,0,1,1.0
slbL,1,1,2,0.5
slbM,2,2,4,0.5
slbN,2,4,6,0.33
slbP,5,4,9,0.56
slbS,1,1,2,0.5
slbb,2,1,3,0.67
slbl,1,0,1,1.0
slbm,3,1,4,0.75
slbn,4,2,6,0.67
slbs,1,0,1,1.0
sllB,3,2,5,0.6
sllJ,1,0,1,1.0
sllL,0,0,0,
sllM,0,2,2,0.0
sllN,1,0,1,1.0
sllP,1,0,1,1.0
sllb,1,1,2,0.5
slll,1,0,1,1.0
sllm,3,1,4,0.75
slln,1,1,2,0.5
slls,0,0,0,
slmB,3,4,7,0.43
slmD,0,0,0,
slmH,1,2,3,0.33
slmJ,0,1,1,0.0
slmK,0,2,2,0.0
slmL,3,3,6,0.5
slmM,2,3,5,0.4
slmN,1,4,5,0.2
slmP,4,2,6,0.67
slmS,0,4,4,0.0
slmb,2,1,3,0.67
slmm,2,2,4,0.5
slmn,0,2,2,0.0
slnB,5,2,7,0.71
slnD,1,0,1,1.0
slnH,2,2,4,0.5
slnI,0,2,2,0.0
slnK,1,1,2,0.5
slnL,3,0,3,1.0
slnM,0,2,2,0.0
slnN,5,1,6,0.83
slnP,3,2,5,0.6
slnS,1,2,3,0.33
slnb,3,0,3,1.0
slnl,2,1,3,0.67
slnm,2,1,3,0.67
slnn,2,2,4,0.5
slns,1,0,1,1.0
slsB,0,2,2,0.0
slsD,1,0,1,1.0
slsH,2,2,4,0.5
slsI,0,1,1,0.0
slsL,1,1,2,0.5
slsM,2,1,3,0.67
slsP,2,5,7,0.29
slsS,2,4,6,0.33
slsb,0,3,3,0.0
slsl,1,2,3,0.33
slsm,2,0,2,1.0
slsn,3,0,3,1.0
slss,0,0,0,
smBB,9,7,16,0.56
smBD,0,1,1,0.0
smBK,0,2,2,0.0
smBL,1,1,2,0.5
smBM,10,11,21,0.48
smBN,9,11,20,0.45
smBP,8,11,19,0.42
smBS,11,6,17,0.65
smBb,10,8,18,0.56
smBh,1,0,1,1.0
smBj,5,0,5,1.0
smBl,1,2,3,0.33
smBm,12,9,21,0.57
smBn,10,9,19,0.53
smBs,0,3,3,0.0
smBt,1,1,2,0.5
smDB,5,1,6,0.83
smDD,3,1,4,0.75
smDH,3,2,5,0.6
smDI,0,0,0,
smDM,2,4,6,0.33
smDN,1,4,5,0.2
smDP,4,5,9,0.44
smDS,1,2,3,0.33
smDb,2,1,3,0.67
smDl,2,1,3,0.67
smDm,5,3,8,0.62
smDn,2,2,4,0.5
smDs,1,0,1,1.0
smHB,7,6,13,0.54
smHD,3,0,3,1.0
smHH,1,3,4,0.25
smHI,0,2,2,0.0
smHK,3,1,4,0.75
smHL,1,0,1,1.0
smHM,10,6,16,0.62
smHN,4,8,12,0.33
smHP,8,8,16,0.5
smHS,5,2,7,0.71
smHb,8,5,13,0.62
smHh,4,5,9,0.44
smHl,6,1,7,0.86
smHm,8,7,15,0.53
smHn,6,7,13,0.46
smHs,2,8,10,0.2
smHt,2,0,2,1.0
smIM,1,0,1,1.0
smIN,2,4,6,0.33
smIP,1,2,3,0.33
smIS,0,1,1,0.0
smIb,3,2,5,0.6
smIm,0,1,1,0.0
smIn,0,2,2,0.0
smIs,0,1,1,0.0
smJB,3,1,4,0.75
smJH,2,1,3,0.67
smJK,0,0,0,
smJL,2,0,2,1.0
smJM,0,0,0,
smJN,2,0,2,1.0
smJP,3,2,5,0.6
smJS,2,0,2,1.0
smJb,2,2,4,0.5
smJl,0,1,1,0.0
smJm,3,3,6,0.5
smJn,2,0,2,1.0
smJs,0,1,1,0.0
smJt,0,1,1,0.0
smKI,1,0,1,1.0
smKL,0,1,1,0.0
smKl,1,0,1,1.0
smKm,1,0,1,1.0
smLB,2,0,2,1.0
smLD,1,0,1,1.0
smLL,2,0,2,1.0
smLM,3,7,10,0.3
smLN,8,1,9,0.89
smLP,1,5,6,0.17
smLS,3,5,8,0.38
smLb,3,4,7,0.43
smLh,3,0,3,1.0
smLl,0,0,0,
smLm,6,6,12,0.5
smLn,4,2,6,0.67
smLs,2,2,4,0.5
smMB,4,10,14,0.29
smMD,0,3,3,0.0
smML,1,3,4,0.25
smMM,5,11,16,0.31
smMN,9,12,21,0.43
smMP,11,15,26,0.42
smMS,3,2,5,0.6
smMb,10,6,16,0.62
smMh,5,12,17,0.29
smMj,0,0,0,
smMl,0,3,3,0.0
smMm,12,7,19,0.63
smMn,14,18,32,0.44
smMs,9,5,14,0.64
smMt,2,1,3,0.67
smNB,8,1,9,0.89
smND,3,2,5,0.6
smNH,0,1,1,0.0
smNK,2,0,2,1.0
smNL,2,2,4,0.5
smNM,5,17,22,0.23
smNN,12,8,20,0.6
smNP,11,18,29,0.38
smNS,6,6,12,0.5
smNb,4,16,20,0.2
smNh,4,1,5,0.8
smNl,3,5,8,0.38
smNm,8,12,20,0.4
smNn,14,11,25,0.56
smNs,12,11,23,0.52
smNt,3,2,5,0.6
smPB,6,13,19,0.32
smPH,2,1,3,0.67
smPI,1,0,1,1.0
smPK,1,2,3,0.33
smPL,3,5,8,0.38
smPM,8,8,16,0.5
smPN,9,9,18,0.5
smPP,17,14,31,0.55
smPS,7,8,15,0.47
smPb,12,12,24,0.5
smPh,1,0,1,1.0
smPl,3,5,8,0.38
smPm,10,7,17,0.59
smPn,14,4,18,0.78
smPs,4,5,9,0.44
smPt,0,2,2,0.0
smSB,2,10,12,0.17
smSD,4,1,5,0.8
smSH,1,5,6,0.17
smSL,2,1,3,0.67
smSM,5,7,12,0.42
smSN,4,8,12,0.33
smSP,7,10,17,0.41
smSS,12,10,22,0.55
smSb,9,0,9,1.0
smSh,5,5,10,0.5
smSl,3,2,5,0.6
smSm,9,3,12,0.75
smSn,9,9,18,0.5
smSs,5,4,9,0.56
smSt,0,3,3,0.0
smbB,11,8,19,0.58
smbD,4,2,6,0.67
smbH,1,0,1,1.0
smbI,2,0,2,1.0
smbJ,4,3,7,0.57
smbK,3,0,3,1.0
smbL,1,2,3,0.33
smbM,5,10,15,0.33
smbN,7,7,14,0.5
smbP,14,8,22,0.64
smbS,4,2,6,0.67
smbb,10,2,12,0.83
smbl,2,0,2,1.0
smbm,5,5,10,0.5
smbn,7,9,16,0.44
smbs,3,2,5,0.6
smhI,0,1,1,0.0
smhn,1,0,1,1.0
smlD,1,0,1,1.0
smlH,1,4,5,0.2
smlJ,1,0,1,1.0
smlL,0,0,0,
smlM,1,4,5,0.2
smlN,3,3,6,0.5
smlP,5,2,7,0.71
smlS,1,1,2,0.5
smlb,0,2,2,0.0
smll,1,0,1,1.0
smlm,0,5,5,0.0
smln,1,1,2,0.5
smls,0,0,0,
smmB,4,10,14,0.29
smmD,3,4,7,0.43
smmH,5,6,11,0.45
smmI,1,1,2,0.5
smmJ,1,1,2,0.5
smmK,0,0,0,
smmL,3,6,9,0.33
smmM,8,6,14,0.57
smmN,16,8,24,0.67
smmP,12,6,18,0.67
smmS,8,8,16,0.5
smmb,10,6,16,0.62
smml,2,3,5,0.4
smmm,15,9,24,0.62
smmn,5,9,14,0.36
smms,1,6,7,0.14
smnB,6,6,12,0.5
smnD,2,3,5,0.4
smnH,7,3,10,0.7
smnI,2,1,3,0.67
smnK,1,0,1,1.0
smnL,1,0,1,1.0
smnM,7,10,17,0.41
smnN,9,6,15,0.6
smnP,12,10,22,0.55
smnS,6,6,12,0.5
smnb,10,3,13,0.77
smnh,1,1,2,0.5
smnl,2,2,4,0.5
smnm,15,5,20,0.75
smnn,10,7,17,0.59
smns,4,4,8,0.5
smsB,7,4,11,0.64
smsD,2,0,2,1.0
smsH,4,2,6,0.67
smsI,1,0,1,1.0
smsL,0,0,0,
smsM,9,3,12,0.75
smsN,5,6,11,0.45
smsP,2,6,8,0.25
smsS,4,2,6,0.67
smsb,4,3,7,0.57
smsh,0,1,1,0.0
smsm,4,7,11,0.36
smsn,4,4,8,0.5
smss,3,12,15,0.2
smst,0,0,0,
snBB,5,4,9,0.56
snBD,3,2,5,0.6
snBH,1,0,1,1.0
snBK,0,0,0,
snBL,1,3,4,0.25
snBM,7,2,9,0.78
snBN,6,9,15,0.4
snBP,4,6,10,0.4
snBS,1,4,5,0.2
snBb,2,5,7,0.29
snBj,1,0,1,1.0
snBl,2,1,3,0.67
snBm,3,5,8,0.38
snBn,9,5,14,0.64
snBs,2,3,5,0.4
snBt,0,0,0,
snDB,0,1,1,0.0
snDD,1,0,1,1.0
snDH,1,0,1,1.0
snDL,0,1,1,0.0
snDM,2,1,3,0.67
snDN,2,0,2,1.0
snDP,1,2,3,0.33
snDS,2,5,7,0.29
snDb,2,1,3,0.67
snDh,1,0,1,1.0
snDl,0,1,1,0.0
snDm,0,1,1,0.0
snDn,2,2,4,0.5
snDs,1,1,2,0.5
snDt,0,1,1,0.0
snHB,0,1,1,0.0
snHD,1,0,1,1.0
snHH,2,1,3,0.67
snHI,2,0,2,1.0
snHK,1,1,2,0.5
snHL,0,0,0,
snHM,5,4,9,0.56
snHN,1,5,6,0.17
snHP,5,3,8,0.62
snHS,0,5,5,0.0
snHb,6,0,6,1.0
snHh,3,1,4,0.75
snHl,1,1,2,0.5
snHm,5,8,13,0.38
snHn,4,4,8,0.5
snHs,5,4,9,0.56
snHt,0,1,1,0.0
snIB,1,2,3,0.33
snID,1,1,2,0.5
snIH,0,1,1,0.0
snIL,0,1,1,0.0
snIM,2,2,4,0.5
snIN,1,1,2,0.5
snIP,1,0,1,1.0
snIS,0,3,3,0.0
snIb,2,0,2,1.0
snIm,1,2,3,0.33
snIn,2,1,3,0.67
snIs,0,0,0,
snIt,1,0,1,1.0
snKD,0,1,1,0.0
snKH,1,0,1,1.0
snKM,1,2,3,0.33
snKN,1,0,1,1.0
snKP,2,0,2,1.0
snKS,0,0,0,
snKb,0,2,2,0.0
snKl,0,1,1,0.0
snKn,0,1,1,0.0
snKs,0,0,0,
snLB,1,1,2,0.5
snLD,0,1,1,0.0
snLK,1,0,1,1.0
snLL,0,2,2,0.0
snLM,3,1,4,0.75
snLN,4,2,6,0.67
snLP,3,0,3,1.0
snLS,2,0,2,1.0
snLb,0,4,4,0.0
snLh,0,2,2,0.0
snLl,2,0,2,1.0
snLm,1,2,3,0.33
snLn,5,5,10,0.5
snLs,3,1,4,0.75
snLt,0,0,0,
snMB,7,6,13,0.54
snMD,1,1,2,0.5
snMK,1,0,1,1.0
snML,2,1,3,0.67
snMM,4,6,10,0.4
snMN,6,7,13,0.46
snMP,10,12,22,0.45
snMS,6,6,12,0.5
snMb,8,4,12,0.67
snMh,14,7,21,0.67
snMj,1,1,2,0.5
snMl,3,1,4,0.75
snMm,9,7,16,0.56
snMn,7,15,22,0.32
snMs,9,5,14,0.64
snMt,2,0,2,1.0
snNB,5,8,13,0.38
snND,4,4,8,0.5
snNH,1,6,7,0.14
snNK,1,1,2,0.5
snNL,3,2,5,0.6
snNM,9,8,17,0.53
snNN,12,17,29,0.41
snNP,16,17,33,0.48
snNS,15,11,26,0.58
snNb,9,4,13,0.69
snNh,6,3,9,0.67
snNl,0,1,1,0.0
snNm,11,13,24,0.46
snNn,14,13,27,0.52
snNs,6,9,15,0.4
snNt,1,4,5,0.2
snPB,9,6,15,0.6
snPD,4,4,8,0.5
snPH,3,4,7,0.43
snPI,2,1,3,0.67
snPK,1,2,3,0.33
snPL,2,7,9,0.22
snPM,9,8,17,0.53
snPN,13,10,23,0.57
snPP,10,20,30,0.33
snPS,4,11,15,0.27
snPb,11,9,20,0.55
snPh,1,2,3,0.33
snPl,5,5,10,0.5
snPm,7,10,17,0.41
snPn,11,11,22,0.5
snPs,9,16,25,0.36
snPt,1,2,3,0.33
snSB,3,2,5,0.6
snSD,1,2,3,0.33
snSH,3,6,9,0.33
snSI,0,1,1,0.0
snSK,0,0,0,
snSL,2,0,2,1.0
snSM,5,8,13,0.38
snSN,11,3,14,0.79
snSP,9,11,20,0.45
snSS,8,10,18,0.44
snSb,4,5,9,0.44
snSh,5,5,10,0.5
snSl,5,2,7,0.71
snSm,6,4,10,0.6
snSn,1,6,7,0.14
snSs,6,4,10,0.6
snSt,0,1,1,0.0
snbB,4,5,9,0.44
snbD,1,0,1,1.0
snbI,1,1,2,0.5
snbJ,1,0,1,1.0
snbK,2,0,2,1.0
snbL,1,0,1,1.0
snbM,6,6,12,0.5
snbN,7,7,14,0.5
snbP,6,6,12,0.5
snbS,1,7,8,0.12
snbb,4,6,10,0.4
snbh,0,0,0,
snbm,6,3,9,0.67
snbn,6,5,11,0.55
snbs,3,4,7,0.43
snhM,0,1,1,0.0
snhS,0,1,1,0.0
snhb,0,1,1,0.0
snhh,0,0,0,
snlB,1,3,4,0.25
snlH,2,1,3,0.67
snlI,0,1,1,0.0
snlJ,0,3,3,0.0
snlK,1,0,1,1.0
snlL,0,2,2,0.0
snlM,3,3,6,0.5
snlN,1,4,5,0.2
snlP,4,1,5,0.8
snlS,3,3,6,0.5
snlb,2,0,2,1.0
snll,1,0,1,1.0
snlm,3,0,3,1.0
snln,0,4,4,0.0
snls,1,4,5,0.2
snmB,10,5,15,0.67
snmD,1,2,3,0.33
snmH,7,8,15,0.47
snmI,0,1,1,0.0
snmJ,1,0,1,1.0
snmL,0,1,1,0.0
snmM,9,6,15,0.6
snmN,7,7,14,0.5
snmP,9,6,15,0.6
snmS,6,9,15,0.4
snmb,9,11,20,0.45
snml,4,1,5,0.8
snmm,5,9,14,0.36
snmn,7,9,16,0.44
snms,3,4,7,0.43
snnB,7,9,16,0.44
snnD,1,1,2,0.5
snnH,6,3,9,0.67
snnI,1,3,4,0.25
snnK,0,1,1,0.0
snnL,2,2,4,0.5
snnM,6,5,11,0.55
snnN,12,5,17,0.71
snnP,10,9,19,0.53
snnS,11,4,15,0.73
snnb,6,4,10,0.6
snnh,1,1,2,0.5
snnl,1,1,2,0.5
snnm,6,6,12,0.5
snnn,7,13,20,0.35
snns,6,10,16,0.38
snsB,3,4,7,0.43
snsD,0,1,1,0.0
snsH,2,3,5,0.4
snsI,2,1,3,0.67
snsK,0,0,0,
snsL,3,1,4,0.75
snsM,3,8,11,0.27
snsN,8,5,13,0.62
snsP,8,5,13,0.62
snsS,8,6,14,0.57
snsb,4,3,7,0.57
snsh,0,1,1,0.0
snsl,5,0,5,1.0
snsm,7,2,9,0.78
snsn,4,5,9,0.44
snss,6,3,9,0.67
sntB,0,0,0,
sntS,0,1,1,0.0
sntm,0,0,0,
sntn,1,0,1,1.0
ssBB,6,3,9,0.67
ssBK,1,1,2,0.5
ssBL,2,2,4,0.5
ssBM,5,6,11,0.45
ssBN,5,5,10,0.5
ssBP,6,7,13,0.46
ssBS,3,4,7,0.43
ssBb,7,3,10,0.7
ssBh,0,0,0,
ssBj,0,1,1,0.0
ssBl,2,3,5,0.4
ssBm,8,6,14,0.57
ssBn,6,8,14,0.43
ssBs,3,2,5,0.6
ssBt,0,2,2,0.0
ssDB,1,0,1,1.0
ssDD,0,2,2,0.0
ssDH,4,3,7,0.57
ssDI,0,0,0,
ssDL,1,0,1,1.0
ssDM,1,2,3,0.33
ssDN,3,2,5,0.6
ssDP,3,6,9,0.33
ssDS,3,4,7,0.43
ssDb,3,0,3,1.0
ssDl,0,0,0,
ssDm,3,0,3,1.0
ssDn,4,1,5,0.8
ssDs,2,2,4,0.5
ssDt,1,0,1,1.0
ssHB,3,8,11,0.27
ssHD,0,0,0,
ssHH,2,0,2,1.0
ssHI,1,0,1,1.0
ssHK,0,1,1,0.0
ssHL,0,0,0,
ssHM,8,7,15,0.53
ssHN,8,3,11,0.73
ssHP,10,8,18,0.56
ssHS,7,6,13,0.54
ssHb,6,8,14,0.43
ssHh,5,5,10,0.5
ssHl,2,0,2,1.0
ssHm,14,6,20,0.7
ssHn,8,5,13,0.62
ssHs,3,8,11,0.27
ssHt,2,0,2,1.0
ssIB,2,1,3,0.67
ssID,1,0,1,1.0
ssIH,3,0,3,1.0
ssIL,0,2,2,0.0
ssIM,0,0,0,
ssIN,4,2,6,0.67
ssIP,1,1,2,0.5
ssIS,3,1,4,0.75
ssIb,2,0,2,1.0
ssIl,1,0,1,1.0
ssIm,3,0,3,1.0
ssIn,0,2,2,0.0
ssIs,3,2,5,0.6
ssKM,0,0,0,
ssKP,1,0,1,1.0
ssLB,3,5,8,0.38
ssLL,0,1,1,0.0
ssLM,1,2,3,0.33
ssLN,2,1,3,0.67
ssLP,1,2,3,0.33
ssLS,2,4,6,0.33
ssLb,0,2,2,0.0
ssLh,0,1,1,0.0
ssLj,0,1,1,0.0
ssLl,1,2,3,0.33
ssLm,3,0,3,1.0
ssLn,3,2,5,0.6
ssLs,1,2,3,0.33
ssLt,1,0,1,1.0
ssMB,5,2,7,0.71
ssMD,3,2,5,0.6
ssMI,0,0,0,
ssMK,1,0,1,1.0
ssML,1,2,3,0.33
ssMM,8,7,15,0.53
ssMN,13,5,18,0.72
ssMP,6,7,13,0.46
ssMS,5,3,8,0.62
ssMb,3,3,6,0.5
ssMh,5,4,9,0.56
ssMj,0,3,3,0.0
ssMl,3,2,5,0.6
ssMm,10,5,15,0.67
ssMn,5,9,14,0.36
ssMs,8,6,14,0.57
ssMt,1,0,1,1.0
ssNB,8,7,15,0.53
ssND,1,1,2,0.5
ssNH,0,3,3,0.0
ssNK,1,2,3,0.33
ssNL,4,4,8,0.5
ssNM,2,11,13,0.15
ssNN,6,8,14,0.43
ssNP,11,5,16,0.69
ssNS,4,4,8,0.5
ssNb,3,6,9,0.33
ssNh,3,1,4,0.75
ssNl,0,2,2,0.0
ssNm,8,3,11,0.73
ssNn,12,4,16,0.75
ssNs,8,5,13,0.62
ssNt,1,1,2,0.5
ssPB,5,3,8,0.62
ssPD,1,0,1,1.0
ssPH,2,2,4,0.5
ssPK,1,1,2,0.5
ssPL,2,4,6,0.33
ssPM,5,7,12,0.42
ssPN,7,10,17,0.41
ssPP,9,14,23,0.39
ssPS,11,10,21,0.52
ssPb,9,5,14,0.64
ssPh,2,0,2,1.0
ssPl,4,1,5,0.8
ssPm,9,11,20,0.45
ssPn,1,7,8,0.12
ssPs,7,9,16,0.44
ssPt,0,1,1,0.0
ssSB,4,4,8,0.5
ssSD,1,3,4,0.25
ssSH,4,2,6,0.67
ssSI,2,0,2,1.0
ssSK,1,0,1,1.0
ssSL,5,6,11,0.45
ssSM,10,8,18,0.56
ssSN,6,4,10,0.6
ssSP,10,8,18,0.56
ssSS,17,15,32,0.53
ssSb,7,4,11,0.64
ssSh,5,9,14,0.36
ssSl,3,0,3,1.0
ssSm,10,13,23,0.43
ssSn,12,10,22,0.55
ssSs,11,10,21,0.52
ssSt,2,3,5,0.4
ssbB,4,9,13,0.31
ssbD,0,1,1,0.0
ssbH,2,0,2,1.0
ssbI,2,2,4,0.5
ssbJ,1,2,3,0.33
ssbK,0,2,2,0.0
ssbL,0,0,0,
ssbM,2,11,13,0.15
ssbN,4,4,8,0.5
ssbP,6,6,12,0.5
ssbS,4,3,7,0.57
ssbb,6,2,8,0.75
ssbl,1,0,1,1.0
ssbm,4,6,10,0.4
ssbn,8,1,9,0.89
ssbs,4,3,7,0.57
sshL,1,0,1,1.0
sshM,1,1,2,0.5
sshN,0,1,1,0.0
sshS,1,0,1,1.0
sshb,1,0,1,1.0
sshh,0,1,1,0.0
sshl,0,1,1,0.0
sshm,0,2,2,0.0
sshs,0,1,1,0.0
sslB,2,2,4,0.5
sslH,1,3,4,0.25
sslJ,0,1,1,0.0
sslK,0,1,1,0.0
sslL,1,0,1,1.0
sslM,3,3,6,0.5
sslN,3,3,6,0.5
sslP,3,1,4,0.75
sslS,4,1,5,0.8
sslb,1,1,2,0.5
ssll,2,0,2,1.0
sslm,4,2,6,0.67
ssln,1,2,3,0.33
ssls,2,0,2,1.0
ssmB,8,4,12,0.67
ssmD,1,1,2,0.5
ssmH,5,7,12,0.42
ssmJ,0,4,4,0.0
ssmL,2,6,8,0.25
ssmM,10,8,18,0.56
ssmN,7,9,16,0.44
ssmP,9,9,18,0.5
ssmS,4,3,7,0.57
ssmb,3,7,10,0.3
ssml,1,2,3,0.33
ssmm,9,3,12,0.75
ssmn,10,8,18,0.56
ssms,0,2,2,0.0
ssnB,7,6,13,0.54
ssnH,4,7,11,0.36
ssnI,2,1,3,0.67
ssnK,0,1,1,0.0
ssnL,0,3,3,0.0
ssnM,6,8,14,0.43
ssnN,9,6,15,0.6
ssnP,7,13,20,0.35
ssnS,4,5,9,0.44
ssnb,2,1,3,0.67
ssnh,1,0,1,1.0
ssnl,3,2,5,0.6
ssnm,6,7,13,0.46
ssnn,8,8,16,0.5
ssns,2,4,6,0.33
sssB,2,7,9,0.22
sssD,1,3,4,0.25
sssH,7,11,18,0.39
sssI,3,1,4,0.75
sssL,0,4,4,0.0
sssM,8,9,17,0.47
sssN,7,6,13,0.54
sssP,10,8,18,0.56
sssS,16,11,27,0.59
sssb,6,4,10,0.6
sssh,0,1,1,0.0
sssl,2,3,5,0.4
sssm,8,3,11,0.73
sssn,8,7,15,0.53
ssss,8,10,18,0.44
sstN,0,1,1,0.0
sstP,0,1,1,0.0
sstb,0,0,0,
ssts,0,1,1,0.0
stBB,1,0,1,1.0
stBP,0,1,1,0.0
stBb,1,0,1,1.0
stBm,1,0,1,1.0
stDM,1,0,1,1.0
stDS,1,0,1,1.0
stDm,0,0,0,
stHB,1,0,1,1.0
stHm,0,1,1,0.0
stKH,0,1,1,0.0
stLK,0,0,0,
stLM,0,0,0,
stMB,0,1,1,0.0
stMS,0,0,0,
stMh,0,0,0,
stMm,1,0,1,1.0
stND,0,1,1,0.0
stNL,1,0,1,1.0
stPM,0,0,0,
stPN,0,0,0,
stPb,1,1,2,0.5
stSB,1,1,2,0.5
stSM,0,1,1,0.0
stSP,0,1,1,0.0
stSS,1,0,1,1.0
stSb,1,0,1,1.0
stSs,0,0,0,
stbK,0,1,1,0.0
stbS,1,0,1,1.0
stbb,1,0,1,1.0
stbm,0,1,1,0.0
stlB,0,1,1,0.0
stmB,0,1,1,0.0
stmH,0,1,1,0.0
stmL,0,0,0,
stmN,0,0,0,
stmS,0,1,1,0.0
stms,0,0,0,
stnL,0,1,1,0.0
stnM,0,1,1,0.0
stnP,0,2,2,0.0
stnl,1,0,1,1.0
stsS,0,0,0,
stsm,1,0,1,1.0
stsn,1,0,1,1.0
sttm,1,0,1,1.0
tBBB,1,1,2,0.5
tBBL,1,1,2,0.5
tBBM,3,1,4,0.75
tBBN,1,0,1,1.0
tBBP,2,0,2,1.0
tBBS,0,1,1,0.0
tBBb,1,3,4,0.25
tBBj,0,1,1,0.0
tBBl,0,1,1,0.0
tBBm,0,1,1,0.0
tBBn,1,0,1,1.0
tBBt,1,0,1,1.0
tBDB,0,1,1,0.0
tBDP,0,1,1,0.0
tBDS,1,0,1,1.0
tBDn,0,1,1,0.0
tBKN,0,1,1,0.0
tBKP,0,1,1,0.0
tBLl,0,1,1,0.0
tBLn,1,0,1,1.0
tBMB,1,3,4,0.25
tBMH,0,0,0,
tBMM,0,2,2,0.0
tBMN,3,1,4,0.75
tBMP,2,1,3,0.67
tBMS,0,1,1,0.0
tBMb,1,2,3,0.33
tBMh,2,0,2,1.0
tBMm,3,1,4,0.75
tBMn,1,0,1,1.0
tBMs,1,0,1,1.0
tBND,0,1,1,0.0
tBNL,1,0,1,1.0
tBNM,0,1,1,0.0
tBNN,1,0,1,1.0
tBNS,0,2,2,0.0
tBNb,1,0,1,1.0
tBNh,2,1,3,0.67
tBNm,2,1,3,0.67
tBNn,0,0,0,
tBNs,1,0,1,1.0
tBPB,3,3,6,0.5
tBPH,1,0,1,1.0
tBPL,0,2,2,0.0
tBPM,1,1,2,0.5
tBPN,1,2,3,0.33
tBPP,2,1,3,0.67
tBPS,0,1,1,0.0
tBPb,0,1,1,0.0
tBPm,1,1,2,0.5
tBPt,1,0,1,1.0
tBSB,1,0,1,1.0
tBSL,0,0,0,
tBSM,1,0,1,1.0
tBSN,0,1,1,0.0
tBSb,1,0,1,1.0
tBSh,1,0,1,1.0
tBSt,1,0,1,1.0
tBbB,0,2,2,0.0
tBbJ,0,0,0,
tBbL,0,2,2,0.0
tBbM,1,0,1,1.0
tBbN,0,2,2,0.0
tBbP,1,2,3,0.33
tBbb,0,1,1,0.0
tBbm,5,2,7,0.71
tBbn,0,0,0,
tBbs,0,1,1,0.0
tBhh,1,0,1,1.0
tBhm,0,1,1,0.0
tBhn,1,0,1,1.0
tBht,1,1,2,0.5
tBjB,1,1,2,0.5
tBjN,0,0,0,
tBjP,1,1,2,0.5
tBjm,0,1,1,0.0
tBjs,0,2,2,0.0
tBlB,0,1,1,0.0
tBlJ,0,0,0,
tBlL,0,1,1,0.0
tBlN,0,1,1,0.0
tBlP,3,0,3,1.0
tBlm,0,0,0,
tBln,1,0,1,1.0
tBmB,0,2,2,0.0
tBmH,3,1,4,0.75
tBmI,1,0,1,1.0
tBmM,0,1,1,0.0
tBmN,1,2,3,0.33
tBmP,3,1,4,0.75
tBmS,0,3,3,0.0
tBmb,1,0,1,1.0
tBmm,2,2,4,0.5
tBmn,0,2,2,0.0
tBms,0,1,1,0.0
tBnB,1,3,4,0.25
tBnI,1,0,1,1.0
tBnK,0,1,1,0.0
tBnM,3,0,3,1.0
tBnN,3,2,5,0.6
tBnP,1,2,3,0.33
tBnS,1,0,1,1.0
tBnb,0,1,1,0.0
tBnh,1,0,1,1.0
tBnl,0,2,2,0.0
tBnn,2,0,2,1.0
tBns,1,0,1,1.0
tBsB,0,1,1,0.0
tBsD,0,1,1,0.0
tBsM,0,1,1,0.0
tBsN,0,1,1,0.0
tBsP,1,0,1,1.0
tBsS,0,0,0,
tBsb,0,1,1,0.0
tBss,1,0,1,1.0
tBtM,0,1,1,0.0
tBtN,1,0,1,1.0
tBtP,1,0,1,1.0
tBtm,1,1,2,0.5
tBtn,0,1,1,0.0
tDBN,0,1,1,0.0
tDBj,0,0,0,
tDBl,0,1,1,0.0
tDBm,0,1,1,0.0
tDDP,1,0,1,1.0
tDDS,0,1,1,0.0
tDHN,0,1,1,0.0
tDHb,1,1,2,0.5
tDHm,1,1,2,0.5
tDHs,0,1,1,0.0
tDLM,1,0,1,1.0
tDLN,1,0,1,1.0
tDLS,1,1,2,0.5
tDLm,1,0,1,1.0
tDLn,0,1,1,0.0
tDMB,1,0,1,1.0
tDMP,0,1,1,0.0
tDMh,0,0,0,
tDMm,2,0,2,1.0
tDNN,1,0,1,1.0
tDNl,1,0,1,1.0
tDPP,1,1,2,0.5
tDPb,1,0,1,1.0
tDPl,1,0,1,1.0
tDPm,0,0,0,
tDPs,0,1,1,0.0
tDSB,0,1,1,0.0
tDSH,0,1,1,0.0
tDSM,0,1,1,0.0
tDSN,0,1,1,0.0
tDSP,1,0,1,1.0
tDSS,1,1,2,0.5
tDSl,1,0,1,1.0
tDSm,0,1,1,0.0
tDbM,0,1,1,0.0
tDbN,2,0,2,1.0
tDbm,0,1,1,0.0
tDhm,0,1,1,0.0
tDls,0,1,1,0.0
tDmB,1,0,1,1.0
tDmD,1,0,1,1.0
tDmH,0,1,1,0.0
tDmJ,0,0,0,
tDmP,1,0,1,1.0
tDml,0,1,1,0.0
tDmm,0,1,1,0.0
tDms,1,0,1,1.0
tDnH,1,0,1,1.0
tDnM,1,0,1,1.0
tDnN,0,2,2,0.0
tDnS,1,0,1,1.0
tDnm,0,1,1,0.0
tDnn,0,1,1,0.0
tDsL,1,0,1,1.0
tDsM,0,1,1,0.0
tDsN,0,1,1,0.0
tDsS,0,1,1,0.0
tDsb,1,0,1,1.0
tDsl,1,0,1,1.0
tDtn,0,0,0,
tHBK,1,0,1,1.0
tHBM,0,3,3,0.0
tHBN,0,1,1,0.0
tHBP,0,0,0,
tHBb,2,0,2,1.0
tHBn,2,0,2,1.0
tHDB,1,0,1,1.0
tHDH,0,0,0,
tHDM,0,2,2,0.0
tHDS,0,1,1,0.0
tHDb,1,0,1,1.0
tHDl,0,1,1,0.0
tHDs,1,0,1,1.0
tHHB,0,1,1,0.0
tHHb,1,0,1,1.0
tHHn,1,0,1,1.0
tHIM,0,1,1,0.0
tHIS,1,1,2,0.5
tHIb,0,1,1,0.0
tHIn,1,0,1,1.0
tHIs,1,0,1,1.0
tHLB,1,0,1,1.0
tHLP,1,0,1,1.0
tHLS,0,1,1,0.0
tHLn,0,1,1,0.0
tHMI,1,0,1,1.0
tHML,0,1,1,0.0
tHMM,1,2,3,0.33
tHMN,2,1,3,0.67
tHMP,1,2,3,0.33
tHMS,0,0,0,
tHMb,0,1,1,0.0
tHMh,0,0,0,
tHMl,1,0,1,1.0
tHMm,1,1,2,0.5
tHMn,3,0,3,1.0
tHMs,0,1,1,0.0
tHMt,0,0,0,
tHNK,1,0,1,1.0
tHNL,1,0,1,1.0
tHNM,0,1,1,0.0
tHNN,0,1,1,0.0
tHNP,0,0,0,
tHNl,0,3,3,0.0
tHNn,2,2,4,0.5
tHPB,2,0,2,1.0
tHPH,0,0,0,
tHPM,1,2,3,0.33
tHPN,1,3,4,0.25
tHPP,0,1,1,0.0
tHPS,0,1,1,0.0
tHPl,0,2,2,0.0
tHPm,1,0,1,1.0
tHPs,1,0,1,1.0
tHPt,1,0,1,1.0
tHSB,1,0,1,1.0
tHSD,0,1,1,0.0
tHSL,0,2,2,0.0
tHSN,0,0,0,
tHSS,1,1,2,0.5
tHSl,1,1,2,0.5
tHSm,0,1,1,0.0
tHSn,2,0,2,1.0
tHbB,1,1,2,0.5
tHbN,1,0,1,1.0
tHbS,1,0,1,1.0
tHbl,0,1,1,0.0
tHbm,1,0,1,1.0
tHhM,0,0,0,
tHhP,1,1,2,0.5
tHhS,0,0,0,
tHhh,1,0,1,1.0
tHhm,1,0,1,1.0
tHhn,0,1,1,0.0
tHhs,1,0,1,1.0
tHlB,1,0,1,1.0
tHlH,0,1,1,0.0
tHlN,0,2,2,0.0
tHlS,1,0,1,1.0
tHll,1,0,1,1.0
tHln,1,0,1,1.0
tHls,1,0,1,1.0
tHmB,1,1,2,0.5
tHmD,0,0,0,
tHmH,0,2,2,0.0
tHmM,0,1,1,0.0
tHmN,1,2,3,0.33
tHmP,2,1,3,0.67
tHmS,0,1,1,0.0
tHmb,2,2,4,0.5
tHmm,2,0,2,1.0
tHmn,1,1,2,0.5
tHnD,1,0,1,1.0
tHnH,1,0,1,1.0
tHnI,1,1,2,0.5
tHnL,1,0,1,1.0
tHnM,0,3,3,0.0
tHnN,0,1,1,0.0
tHnP,0,1,1,0.0
tHnb,0,1,1,0.0
tHnm,0,1,1,0.0
tHnn,0,3,3,0.0
tHns,0,1,1,0.0
tHsH,0,1,1,0.0
tHsL,0,1,1,0.0
tHsM,1,0,1,1.0
tHsN,0,1,1,0.0
tHsP,0,0,0,
tHsS,1,0,1,1.0
tHsl,1,0,1,1.0
tHsm,1,1,2,0.5
tHsn,0,0,0,
tHss,1,0,1,1.0
tIBn,0,1,1,0.0
tIMs,1,0,1,1.0
tINB,1,0,1,1.0
tIPM,1,0,1,1.0
tISP,0,0,0,
tISS,0,1,1,0.0
tISm,0,0,0,
tIbM,0,1,1,0.0
tIbn,1,0,1,1.0
tIbs,0,1,1,0.0
tIlb,1,0,1,1.0
tImM,1,0,1,1.0
tImS,1,0,1,1.0
tInM,0,0,0,
tItN,1,0,1,1.0
tKBt,1,0,1,1.0
tKDS,1,0,1,1.0
tKHb,0,1,1,0.0
tKLm,1,0,1,1.0
tKLn,0,0,0,
tKMN,0,1,1,0.0
tKMS,1,0,1,1.0
tKMb,1,0,1,1.0
tKMn,0,1,1,0.0
tKNB,1,0,1,1.0
tKNP,0,1,1,0.0
tKPM,1,0,1,1.0
tKPN,1,0,1,1.0
tKPP,1,0,1,1.0
tKPS,1,0,1,1.0
tKPm,0,0,0,
tKSM,0,0,0,
tKSP,1,0,1,1.0
tKSb,0,1,1,0.0
tKSs,1,1,2,0.5
tKhL,0,1,1,0.0
tKhS,0,1,1,0.0
tKlB,0,1,1,0.0
tKlb,0,0,0,
tKmJ,0,0,0,
tKmb,0,1,1,0.0
tKms,0,1,1,0.0
tKnm,0,0,0,
tKsM,0,0,0,
tKsN,2,0,2,1.0
tLBB,0,1,1,0.0
tLBL,0,1,1,0.0
tLBM,0,0,0,
tLBN,0,1,1,0.0
tLBP,0,1,1,0.0
tLBj,0,1,1,0.0
tLBm,1,0,1,1.0
tLKN,0,1,1,0.0
tLLS,1,0,1,1.0
tLLn,1,0,1,1.0
tLMB,0,1,1,0.0
tLMP,1,0,1,1.0
tLMS,1,0,1,1.0
tLMb,1,0,1,1.0
tLMh,1,0,1,1.0
tLMl,0,1,1,0.0
tLMm,1,0,1,1.0
tLMn,0,0,0,
tLNP,0,1,1,0.0
tLNb,0,0,0,
tLNh,0,1,1,0.0
tLNm,1,0,1,1.0
tLNn,0,1,1,0.0
tLNs,0,0,0,
tLPM,0,1,1,0.0
tLPN,0,2,2,0.0
tLPP,1,1,2,0.5
tLPS,0,0,0,
tLPb,0,1,1,0.0
tLPm,0,1,1,0.0
tLPn,2,0,2,1.0
tLSM,0,1,1,0.0
tLSN,1,0,1,1.0
tLSs,1,1,2,0.5
tLSt,1,0,1,1.0
tLbN,2,1,3,0.67
tLbP,0,1,1,0.0
tLbS,1,0,1,1.0
tLbb,2,0,2,1.0
tLhB,0,1,1,0.0
tLhM,0,1,1,0.0
tLhN,1,0,1,1.0
tLhS,1,0,1,1.0
tLhb,1,0,1,1.0
tLhn,0,1,1,0.0
tLhs,1,0,1,1.0
tLlB,2,0,2,1.0
tLlH,1,1,2,0.5
tLlN,1,1,2,0.5
tLlm,0,0,0,
tLls,1,0,1,1.0
tLmH,1,1,2,0.5
tLmJ,0,0,0,
tLmL,0,1,1,0.0
tLmM,0,2,2,0.0
tLmS,1,0,1,1.0
tLmm,0,1,1,0.0
tLnD,0,0,0,
tLnH,0,1,1,0.0
tLnK,0,0,0,
tLnM,1,1,2,0.5
tLnP,1,0,1,1.0
tLnS,0,1,1,0.0
tLnl,1,0,1,1.0
tLnm,0,1,1,0.0
tLnn,0,1,1,0.0
tLns,0,1,1,0.0
tLsH,0,1,1,0.0
tLsP,1,0,1,1.0
tLsS,0,0,0,
tLsm,1,0,1,1.0
tLss,0,0,0,
tLtN,0,1,1,0.0
tMBB,0,0,0,
tMBM,0,2,2,0.0
tMBN,0,1,1,0.0
tMBP,2,1,3,0.67
tMBS,1,1,2,0.5
tMBl,1,0,1,1.0
tMBm,0,2,2,0.0
tMBn,2,3,5,0.4
tMBs,2,0,2,1.0
tMDB,1,0,1,1.0
tMDH,0,1,1,0.0
tMDL,1,0,1,1.0
tMDM,0,1,1,0.0
tMDb,0,1,1,0.0
tMHI,0,1,1,0.0
tMLM,0,0,0,
tMLN,1,1,2,0.5
tMLP,0,2,2,0.0
tMLS,0,1,1,0.0
tMLm,1,1,2,0.5
tMLn,1,0,1,1.0
tMMB,0,1,1,0.0
tMMM,5,0,5,1.0
tMMN,1,2,3,0.33
tMMP,1,1,2,0.5
tMMS,3,3,6,0.5
tMMh,2,0,2,1.0
tMMj,1,0,1,1.0
tMMl,0,1,1,0.0
tMMm,2,1,3,0.67
tMMs,2,1,3,0.67
tMNB,1,3,4,0.25
tMNH,0,1,1,0.0
tMNN,4,1,5,0.8
tMNP,0,3,3,0.0
tMNS,0,0,0,
tMNb,3,0,3,1.0
tMNh,1,0,1,1.0
tMNl,0,1,1,0.0
tMNm,2,0,2,1.0
tMNs,1,0,1,1.0
tMPB,0,1,1,0.0
tMPD,0,0,0,
tMPH,0,0,0,
tMPK,0,1,1,0.0
tMPM,1,0,1,1.0
tMPN,1,2,3,0.33
tMPP,1,3,4,0.25
tMPS,0,3,3,0.0
tMPb,1,1,2,0.5
tMPh,0,1,1,0.0
tMPl,1,0,1,1.0
tMPm,0,1,1,0.0
tMPn,4,0,4,1.0
tMPs,1,1,2,0.5
tMSD,0,0,0,
tMSM,1,3,4,0.25
tMSN,3,1,4,0.75
tMSP,3,1,4,0.75
tMSS,1,1,2,0.5
tMSb,1,0,1,1.0
tMSn,3,1,4,0.75
tMSs,0,1,1,0.0
tMSt,1,0,1,1.0
tMbI,1,0,1,1.0
tMbJ,1,1,2,0.5
tMbK,0,0,0,
tMbL,1,1,2,0.5
tMbM,1,1,2,0.5
tMbN,0,2,2,0.0
tMbP,2,0,2,1.0
tMbS,0,1,1,0.0
tMbb,0,1,1,0.0
tMhB,0,3,3,0.0
tMhD,1,0,1,1.0
tMhH,0,1,1,0.0
tMhI,1,0,1,1.0
tMhK,0,0,0,
tMhL,1,0,1,1.0
tMhM,0,3,3,0.0
tMhN,0,1,1,0.0
tMhP,6,0,6,1.0
tMhS,0,1,1,0.0
tMhb,3,0,3,1.0
tMhh,0,1,1,0.0
tMhn,0,0,0,
tMhs,0,1,1,0.0
tMht,0,0,0,
tMjL,0,1,1,0.0
tMjP,1,0,1,1.0
tMjm,0,1,1,0.0
tMlH,0,1,1,0.0
tMlJ,0,0,0,
tMlL,0,1,1,0.0
tMlM,1,2,3,0.33
tMlN,1,0,1,1.0
tMlb,1,0,1,1.0
tMll,0,1,1,0.0
tMlm,2,0,2,1.0
tMln,1,1,2,0.5
tMmB,2,1,3,0.67
tMmH,0,2,2,0.0
tMmI,0,1,1,0.0
tMmM,2,2,4,0.5
tMmN,3,4,7,0.43
tMmP,3,0,3,1.0
tMmS,1,1,2,0.5
tMmb,3,3,6,0.5
tMml,1,1,2,0.5
tMmm,0,1,1,0.0
tMmn,2,2,4,0.5
tMms,0,0,0,
tMnH,0,3,3,0.0
tMnM,2,1,3,0.67
tMnN,4,0,4,1.0
tMnP,1,1,2,0.5
tMnS,1,1,2,0.5
tMnb,0,2,2,0.0
tMns,0,1,1,0.0
tMsB,1,0,1,1.0
tMsH,0,0,0,
tMsM,0,1,1,0.0
tMsN,1,3,4,0.25
tMsP,1,1,2,0.5
tMsS,1,2,3,0.33
tMsh,0,0,0,
tMsm,2,1,3,0.67
tMsn,1,3,4,0.25
tMss,1,0,1,1.0
tMtD,1,0,1,1.0
tMtM,1,0,1,1.0
tMtm,1,0,1,1.0
tMts,0,1,1,0.0
tNBB,1,2,3,0.33
tNBK,0,1,1,0.0
tNBL,0,2,2,0.0
tNBM,2,0,2,1.0
tNBN,1,0,1,1.0
tNBP,0,1,1,0.0
tNBS,1,0,1,1.0
tNBb,2,0,2,1.0
tNBm,0,4,4,0.0
tNBn,0,1,1,0.0
tNBs,1,0,1,1.0
tNDH,0,0,0,
tNDP,0,1,1,0.0
tNDS,0,2,2,0.0
tNDm,0,1,1,0.0
tNDn,1,1,2,0.5
tNDs,0,1,1,0.0
tNHN,0,1,1,0.0
tNHl,0,1,1,0.0
tNII,1,0,1,1.0
tNIS,0,0,0,
tNKl,0,1,1,0.0
tNKm,0,1,1,0.0
tNKs,1,0,1,1.0
tNLB,1,0,1,1.0
tNLM,0,2,2,0.0
tNLS,0,1,1,0.0
tNLb,1,0,1,1.0
tNLt,0,0,0,
tNMB,1,2,3,0.33
tNMD,1,0,1,1.0
tNMM,0,0,0,
tNMN,3,0,3,1.0
tNMP,1,2,3,0.33
tNMb,1,2,3,0.33
tNMh,1,0,1,1.0
tNMm,2,1,3,0.67
tNMn,1,2,3,0.33
tNMs,1,0,1,1.0
tNMt,0,2,2,0.0
tNNB,1,0,1,1.0
tNND,0,0,0,
tNNM,1,0,1,1.0
tNNN,1,3,4,0.25
tNNP,1,0,1,1.0
tNNS,0,0,0,
tNNl,0,1,1,0.0
tNNm,1,3,4,0.25
tNNn,3,2,5,0.6
tNNs,2,2,4,0.5
tNNt,0,0,0,
tNPB,0,2,2,0.0
tNPI,1,0,1,1.0
tNPL,0,1,1,0.0
tNPM,0,0,0,
tNPN,2,4,6,0.33
tNPP,3,1,4,0.75
tNPS,1,1,2,0.5
tNPb,0,2,2,0.0
tNPl,0,0,0,
tNPm,0,4,4,0.0
tNPn,3,2,5,0.6
tNPs,0,1,1,0.0
tNSD,0,0,0,
tNSM,0,1,1,0.0
tNSN,1,0,1,1.0
tNSP,2,2,4,0.5
tNSS,0,2,2,0.0
tNSb,1,0,1,1.0
tNSm,2,3,5,0.4
tNSs,1,0,1,1.0
tNbB,2,0,2,1.0
tNbN,1,0,1,1.0
tNbP,2,1,3,0.67
tNbb,1,1,2,0.5
tNbl,1,1,2,0.5
tNbm,2,1,3,0.67
tNbn,1,0,1,1.0
tNbs,1,0,1,1.0
tNhB,1,0,1,1.0
tNhH,0,0,0,
tNhN,0,1,1,0.0
tNhm,1,0,1,1.0
tNlB,1,0,1,1.0
tNlJ,0,1,1,0.0
tNlM,0,1,1,0.0
tNlN,1,0,1,1.0
tNlP,0,2,2,0.0
tNll,1,0,1,1.0
tNln,2,0,2,1.0
tNmB,1,2,3,0.33
tNmD,1,1,2,0.5
tNmH,1,3,4,0.25
tNmL,0,1,1,0.0
tNmM,2,1,3,0.67
tNmN,1,1,2,0.5
tNmP,0,2,2,0.0
tNmS,0,1,1,0.0
tNmb,1,2,3,0.33
tNmm,2,0,2,1.0
tNmn,1,1,2,0.5
tNms,0,1,1,0.0
tNnB,6,1,7,0.86
tNnD,1,0,1,1.0
tNnH,3,1,4,0.75
tNnI,1,1,2,0.5
tNnM,2,1,3,0.67
tNnN,1,3,4,0.25
tNnP,2,5,7,0.29
tNnS,0,4,4,0.0
tNnb,0,0,0,
tNnm,1,2,3,0.33
tNnn,2,1,3,0.67
tNns,1,1,2,0.5
tNsI,0,0,0,
tNsL,0,1,1,0.0
tNsP,3,1,4,0.75
tNsS,2,3,5,0.4
tNsb,1,0,1,1.0
tNsm,1,0,1,1.0
tNsn,1,3,4,0.25
tNss,1,1,2,0.5
tNtM,0,1,1,0.0
tNtP,0,1,1,0.0
tNtS,0,0,0,
tPBB,0,1,1,0.0
tPBD,1,0,1,1.0
tPBL,0,0,0,
tPBM,0,4,4,0.0
tPBP,2,1,3,0.67
tPBb,0,0,0,
tPBj,1,0,1,1.0
tPBl,0,1,1,0.0
tPBm,2,2,4,0.5
tPBn,0,1,1,0.0
tPBs,1,1,2,0.5
tPBt,1,0,1,1.0
tPDD,0,0,0,
tPDH,1,1,2,0.5
tPDS,1,0,1,1.0
tPDn,2,0,2,1.0
tPDs,1,0,1,1.0
tPHB,1,1,2,0.5
tPHL,0,0,0,
tPHM,2,0,2,1.0
tPHN,1,1,2,0.5
tPHP,1,0,1,1.0
tPHS,2,0,2,1.0
tPHb,1,1,2,0.5
tPHh,0,1,1,0.0
tPHl,0,1,1,0.0
tPHn,1,0,1,1.0
tPIM,0,2,2,0.0
tPIl,1,0,1,1.0
tPIm,1,0,1,1.0
tPKB,1,0,1,1.0
tPKP,1,0,1,1.0
tPKS,0,1,1,0.0
tPKh,0,1,1,0.0
tPLB,0,1,1,0.0
tPLL,0,1,1,0.0
tPLM,1,0,1,1.0
tPLP,0,1,1,0.0
tPLS,1,0,1,1.0
tPLb,2,0,2,1.0
tPLh,0,0,0,
tPLl,0,1,1,0.0
tPLm,0,1,1,0.0
tPLn,1,1,2,0.5
tPLs,0,1,1,0.0
tPLt,1,0,1,1.0
tPMB,1,3,4,0.25
tPML,1,0,1,1.0
tPMM,1,0,1,1.0
tPMN,1,1,2,0.5
tPMP,0,5,5,0.0
tPMb,0,1,1,0.0
tPMh,0,1,1,0.0
tPMj,0,1,1,0.0
tPMl,0,1,1,0.0
tPMm,6,2,8,0.75
tPMn,3,1,4,0.75
tPMs,3,0,3,1.0
tPNB,1,0,1,1.0
tPNH,0,0,0,
tPNL,3,0,3,1.0
tPNM,0,1,1,0.0
tPNN,1,1,2,0.5
tPNP,3,1,4,0.75
tPNS,0,2,2,0.0
tPNb,1,0,1,1.0
tPNl,2,0,2,1.0
tPNm,1,4,5,0.2
tPNn,3,3,6,0.5
tPNs,0,2,2,0.0
tPPB,3,2,5,0.6
tPPD,0,0,0,
tPPH,1,1,2,0.5
tPPI,1,1,2,0.5
tPPL,0,2,2,0.0
tPPM,0,3,3,0.0
tPPN,2,2,4,0.5
tPPP,6,4,10,0.6
tPPS,3,2,5,0.6
tPPb,3,1,4,0.75
tPPm,2,2,4,0.5
tPPn,1,2,3,0.33
tPPs,1,3,4,0.25
tPPt,0,1,1,0.0
tPSB,1,2,3,0.33
tPSD,0,1,1,0.0
tPSL,0,1,1,0.0
tPSM,1,1,2,0.5
tPSN,1,2,3,0.33
tPSP,2,1,3,0.67
tPSS,1,1,2,0.5
tPSb,0,0,0,
tPSl,1,0,1,1.0
tPSn,0,2,2,0.0
tPSs,0,1,1,0.0
tPbB,1,2,3,0.33
tPbJ,1,0,1,1.0
tPbM,2,6,8,0.25
tPbN,1,2,3,0.33
tPbP,1,2,3,0.33
tPbS,1,1,2,0.5
tPbb,2,2,4,0.5
tPbh,0,1,1,0.0
tPbl,1,1,2,0.5
tPbm,0,2,2,0.0
tPbn,2,0,2,1.0
tPbs,0,1,1,0.0
tPhB,1,0,1,1.0
tPhM,1,0,1,1.0
tPhP,1,1,2,0.5
tPhS,0,1,1,0.0
tPhb,1,0,1,1.0
tPhn,1,2,3,0.33
tPlB,2,0,2,1.0
tPlL,0,2,2,0.0
tPlM,1,1,2,0.5
tPlP,2,0,2,1.0
tPlS,1,1,2,0.5
tPlb,0,1,1,0.0
tPll,1,1,2,0.5
tPlm,0,1,1,0.0
tPln,2,0,2,1.0
tPmB,2,2,4,0.5
tPmD,0,2,2,0.0
tPmH,2,3,5,0.4
tPmI,2,0,2,1.0
tPmJ,0,2,2,0.0
tPmL,1,1,2,0.5
tPmM,2,2,4,0.5
tPmN,2,3,5,0.4
tPmP,2,2,4,0.5
tPmS,1,1,2,0.5
tPmb,6,4,10,0.6
tPml,1,1,2,0.5
tPmm,2,2,4,0.5
tPmn,4,1,5,0.8
tPms,3,0,3,1.0
tPnD,0,0,0,
tPnI,1,0,1,1.0
tPnK,0,0,0,
tPnL,1,0,1,1.0
tPnM,1,2,3,0.33
tPnN,0,0,0,
tPnP,1,1,2,0.5
tPnS,1,2,3,0.33
tPnl,1,1,2,0.5
tPnm,0,2,2,0.0
tPnn,1,2,3,0.33
tPns,3,1,4,0.75
tPsB,0,2,2,0.0
tPsD,0,1,1,0.0
tPsH,0,2,2,0.0
tPsL,2,0,2,1.0
tPsM,2,0,2,1.0
tPsN,0,1,1,0.0
tPsP,1,0,1,1.0
tPsS,1,2,3,0.33
tPsl,0,1,1,0.0
tPsm,1,1,2,0.5
tPsn,2,0,2,1.0
tPtB,1,0,1,1.0
tPtM,1,0,1,1.0
tPtN,1,0,1,1.0
tSBL,1,0,1,1.0
tSBM,0,2,2,0.0
tSBN,0,1,1,0.0
tSBP,1,0,1,1.0
tSBS,0,0,0,
tSBb,1,4,5,0.2
tSBl,1,0,1,1.0
tSBs,0,1,1,0.0
tSDM,2,0,2,1.0
tSDN,1,0,1,1.0
tSDS,1,0,1,1.0
tSDn,0,1,1,0.0
tSHB,0,1,1,0.0
tSHD,1,0,1,1.0
tSHM,2,0,2,1.0
tSHP,1,1,2,0.5
tSHb,1,1,2,0.5
tSHh,1,0,1,1.0
tSHm,1,0,1,1.0
tSHt,0,1,1,0.0
tSID,1,0,1,1.0
tSIm,1,0,1,1.0
tSLB,0,2,2,0.0
tSLP,0,1,1,0.0
tSLl,0,1,1,0.0
tSLn,1,0,1,1.0
tSLs,0,1,1,0.0
tSMB,3,0,3,1.0
tSMD,2,0,2,1.0
tSMM,3,3,6,0.5
tSMN,0,1,1,0.0
tSMP,1,0,1,1.0
tSMS,2,2,4,0.5
tSMb,2,0,2,1.0
tSMh,0,0,0,
tSMl,1,0,1,1.0
tSMm,0,0,0,
tSMs,1,1,2,0.5
tSNB,1,1,2,0.5
tSNM,2,0,2,1.0
tSNN,2,1,3,0.67
tSNP,0,1,1,0.0
tSNS,1,2,3,0.33
tSNb,0,1,1,0.0
tSNm,1,1,2,0.5
tSNn,2,3,5,0.4
tSNs,1,1,2,0.5
tSPB,1,2,3,0.33
tSPH,0,0,0,
tSPL,0,1,1,0.0
tSPP,0,1,1,0.0
tSPS,0,1,1,0.0
tSPn,3,2,5,0.6
tSPs,2,0,2,1.0
tSSB,0,2,2,0.0
tSSH,1,0,1,1.0
tSSL,0,2,2,0.0
tSSM,2,4,6,0.33
tSSN,2,1,3,0.67
tSSP,3,3,6,0.5
tSSS,2,1,3,0.67
tSSb,1,1,2,0.5
tSSh,1,2,3,0.33
tSSl,1,0,1,1.0
tSSm,6,1,7,0.86
tSSn,0,2,2,0.0
tSSs,0,3,3,0.0
tSSt,1,0,1,1.0
tSbB,1,0,1,1.0
tSbJ,1,0,1,1.0
tSbL,1,0,1,1.0
tSbM,1,0,1,1.0
tSbN,2,1,3,0.67
tSbP,0,1,1,0.0
tSbS,0,2,2,0.0
tSbb,0,1,1,0.0
tSbm,1,0,1,1.0
tSbn,0,1,1,0.0
tShD,0,1,1,0.0
tShL,0,1,1,0.0
tShM,1,1,2,0.5
tShN,0,0,0,
tShS,0,0,0,
tShh,0,0,0,
tShm,2,0,2,1.0
tShn,0,0,0,
tShs,0,1,1,0.0
tSlB,0,1,1,0.0
tSlL,0,1,1,0.0
tSlP,0,2,2,0.0
tSlS,1,0,1,1.0
tSln,1,0,1,1.0
tSmB,1,1,2,0.5
tSmD,0,1,1,0.0
tSmH,0,1,1,0.0
tSmJ,1,0,1,1.0
tSmM,0,1,1,0.0
tSmP,0,2,2,0.0
tSmS,2,1,3,0.67
tSmb,2,1,3,0.67
tSml,1,1,2,0.5
tSmm,3,0,3,1.0
tSmn,0,0,0,
tSms,0,1,1,0.0
tSnD,1,0,1,1.0
tSnH,0,2,2,0.0
tSnL,1,2,3,0.33
tSnN,1,1,2,0.5
tSnP,2,2,4,0.5
tSnS,0,4,4,0.0
tSnb,3,0,3,1.0
tSnl,0,1,1,0.0
tSnm,1,1,2,0.5
tSnn,0,2,2,0.0
tSns,3,1,4,0.75
tSsD,2,0,2,1.0
tSsH,2,0,2,1.0
tSsL,1,0,1,1.0
tSsN,3,1,4,0.75
tSsP,0,0,0,
tSsS,3,3,6,0.5
tSsb,0,0,0,
tSsm,2,0,2,1.0
tSsn,0,2,2,0.0
tStL,0,1,1,0.0
tStN,0,1,1,0.0
tStP,1,0,1,1.0
tStS,0,1,1,0.0
tStb,0,1,1,0.0
tSts,1,0,1,1.0
tbBB,0,1,1,0.0
tbBD,0,1,1,0.0
tbBL,1,0,1,1.0
tbBM,0,1,1,0.0
tbBN,1,3,4,0.25
tbBP,2,0,2,1.0
tbBS,1,0,1,1.0
tbBb,2,2,4,0.5
tbBm,0,1,1,0.0
tbBn,0,3,3,0.0
tbBt,0,1,1,0.0
tbDM,1,0,1,1.0
tbDN,0,0,0,
tbDl,0,1,1,0.0
tbDm,0,2,2,0.0
tbHN,1,0,1,1.0
tbHP,1,1,2,0.5
tbHS,1,1,2,0.5
tbHb,1,0,1,1.0
tbHn,1,1,2,0.5
tbHs,0,0,0,
tbIB,0,1,1,0.0
tbIM,1,0,1,1.0
tbIb,1,0,1,1.0
tbIs,1,0,1,1.0
tbJH,0,1,1,0.0
tbJM,0,0,0,
tbJN,0,2,2,0.0
tbJP,1,1,2,0.5
tbJm,0,3,3,0.0
tbKm,0,1,1,0.0
tbKs,0,1,1,0.0
tbLB,0,3,3,0.0
tbLL,0,1,1,0.0
tbLP,1,1,2,0.5
tbLh,1,0,1,1.0
tbLl,1,0,1,1.0
tbLm,0,0,0,
tbLn,1,0,1,1.0
tbLs,1,0,1,1.0
tbMB,3,1,4,0.75
tbMM,1,0,1,1.0
tbMN,1,0,1,1.0
tbMP,3,0,3,1.0
tbMS,1,0,1,1.0
tbMb,1,0,1,1.0
tbMh,1,0,1,1.0
tbMl,1,0,1,1.0
tbMm,1,0,1,1.0
tbMn,3,1,4,0.75
tbMs,3,0,3,1.0
tbNB,2,2,4,0.5
tbNL,0,1,1,0.0
tbNM,1,1,2,0.5
tbNN,2,0,2,1.0
tbNP,1,3,4,0.25
tbNb,1,0,1,1.0
tbNh,1,0,1,1.0
tbNm,0,1,1,0.0
tbNn,0,1,1,0.0
tbNt,0,1,1,0.0
tbPB,1,1,2,0.5
tbPI,1,0,1,1.0
tbPL,0,0,0,
tbPM,0,3,3,0.0
tbPN,1,0,1,1.0
tbPP,1,0,1,1.0
tbPb,1,1,2,0.5
tbPm,0,0,0,
tbPn,2,0,2,1.0
tbPs,1,1,2,0.5
tbSL,2,1,3,0.67
tbSP,0,2,2,0.0
tbSS,1,0,1,1.0
tbSb,2,0,2,1.0
tbSh,1,1,2,0.5
tbSl,1,0,1,1.0
tbSn,0,2,2,0.0
tbSs,0,1,1,0.0
tbbB,1,1,2,0.5
tbbD,0,1,1,0.0
tbbM,2,2,4,0.5
tbbN,1,0,1,1.0
tbbP,2,0,2,1.0
tbbS,0,0,0,
tbbb,2,0,2,1.0
tbbl,1,0,1,1.0
tbbn,1,2,3,0.33
tblB,1,0,1,1.0
tblM,1,0,1,1.0
tblN,0,1,1,0.0
tblP,1,0,1,1.0
tbmH,2,1,3,0.67
tbmJ,0,1,1,0.0
tbmK,0,1,1,0.0
tbmM,2,0,2,1.0
tbmN,0,0,0,
tbmP,1,2,3,0.33
tbmS,2,0,2,1.0
tbmb,0,2,2,0.0
tbmm,3,0,3,1.0
tbmn,0,1,1,0.0
tbms,0,1,1,0.0
tbnK,1,0,1,1.0
tbnL,0,1,1,0.0
tbnM,1,0,1,1.0
tbnN,2,0,2,1.0
tbnP,0,1,1,0.0
tbnS,1,2,3,0.33
tbnb,1,0,1,1.0
tbnm,0,1,1,0.0
tbnn,1,2,3,0.33
tbns,1,1,2,0.5
tbsH,1,0,1,1.0
tbsI,0,0,0,
tbsL,1,0,1,1.0
tbsM,0,0,0,
tbsN,1,0,1,1.0
tbsP,2,0,2,1.0
tbsS,0,0,0,
tbsb,1,0,1,1.0
tbsh,0,0,0,
tbsl,0,1,1,0.0
tbsm,0,1,1,0.0
tbsn,1,0,1,1.0
thMM,0,1,1,0.0
thMl,0,1,1,0.0
thMm,0,1,1,0.0
thNn,0,1,1,0.0
thPB,1,0,1,1.0
thPP,0,0,0,
thPm,0,1,1,0.0
thmP,0,1,1,0.0
thsn,0,0,0,
thss,0,1,1,0.0
tlBP,0,0,0,
tlBl,0,0,0,
tlBm,1,0,1,1.0
tlBn,0,0,0,
tlHL,1,1,2,0.5
tlHS,0,1,1,0.0
tlHh,0,1,1,0.0
tlHn,1,0,1,1.0
tlHs,1,0,1,1.0
tlIN,0,1,1,0.0
tlJP,1,0,1,1.0
tlKh,1,0,1,1.0
tlKs,1,0,1,1.0
tlLB,0,0,0,
tlLb,1,0,1,1.0
tlLh,0,1,1,0.0
tlLn,0,1,1,0.0
tlMB,1,0,1,1.0
tlML,1,0,1,1.0
tlMN,0,1,1,0.0
tlMP,0,1,1,0.0
tlMh,0,1,1,0.0
tlMm,0,0,0,
tlNL,0,1,1,0.0
tlNM,1,0,1,1.0
tlNN,0,0,0,
tlNP,1,0,1,1.0
tlNS,2,0,2,1.0
tlNb,0,1,1,0.0
tlNm,1,0,1,1.0
tlNn,0,0,0,
tlPB,1,1,2,0.5
tlPD,1,0,1,1.0
tlPH,0,1,1,0.0
tlPN,0,1,1,0.0
tlPP,0,1,1,0.0
tlPS,1,2,3,0.33
tlPb,1,0,1,1.0
tlPn,0,1,1,0.0
tlPs,0,1,1,0.0
tlSL,0,1,1,0.0
tlSM,0,1,1,0.0
tlSN,0,1,1,0.0
tlSS,1,1,2,0.5
tlSm,1,1,2,0.5
tlSs,0,1,1,0.0
tlbM,0,2,2,0.0
tlbb,1,1,2,0.5
tllH,0,0,0,
tllS,2,0,2,1.0
tlmB,1,1,2,0.5
tlmJ,1,0,1,1.0
tlmM,0,1,1,0.0
tlmN,0,2,2,0.0
tlmP,0,0,0,
tlmS,1,0,1,1.0
tlmb,0,1,1,0.0
tlmm,1,2,3,0.33
tlmn,1,0,1,1.0
tlnH,0,1,1,0.0
tlnN,1,1,2,0.5
tlnP,1,1,2,0.5
tlnS,0,2,2,0.0
tlnm,0,1,1,0.0
tlsD,1,0,1,1.0
tlsN,0,1,1,0.0
tlsP,1,0,1,1.0
tlsS,1,0,1,1.0
tlsb,0,1,1,0.0
tlsm,1,1,2,0.5
tlss,0,0,0,
tmBB,1,2,3,0.33
tmBK,0,1,1,0.0
tmBM,1,1,2,0.5
tmBN,2,2,4,0.5
tmBP,1,3,4,0.25
tmBS,0,1,1,0.0
tmBb,2,0,2,1.0
tmBh,0,0,0,
tmBj,0,1,1,0.0
tmBl,2,0,2,1.0
tmBm,1,0,1,1.0
tmDB,1,0,1,1.0
tmDM,1,0,1,1.0
tmDP,0,0,0,
tmDb,1,0,1,1.0
tmDm,1,0,1,1.0
tmDn,1,0,1,1.0
tmDs,0,1,1,0.0
tmHB,1,2,3,0.33
tmHD,1,0,1,1.0
tmHH,0,1,1,0.0
tmHL,1,0,1,1.0
tmHM,1,1,2,0.5
tmHN,0,1,1,0.0
tmHP,2,1,3,0.67
tmHS,1,1,2,0.5
tmHb,1,0,1,1.0
tmHm,3,0,3,1.0
tmHn,1,2,3,0.33
tmHs,1,1,2,0.5
tmIm,1,0,1,1.0
tmJB,1,0,1,1.0
tmJL,1,1,2,0.5
tmJm,0,0,0,
tmJn,0,1,1,0.0
tmKl,1,0,1,1.0
tmKm,1,0,1,1.0
tmLB,1,1,2,0.5
tmLD,0,0,0,
tmLM,0,1,1,0.0
tmLN,0,0,0,
tmLP,0,1,1,0.0
tmLl,1,1,2,0.5
tmLm,0,0,0,
tmLn,2,1,3,0.67
tmMB,2,1,3,0.67
tmMD,0,1,1,0.0
tmML,1,0,1,1.0
tmMM,1,0,1,1.0
tmMN,0,1,1,0.0
tmMP,0,1,1,0.0
tmMS,2,1,3,0.67
tmMh,0,3,3,0.0
tmMj,1,1,2,0.5
tmMl,1,1,2,0.5
tmMm,3,1,4,0.75
tmMn,3,2,5,0.6
tmMs,3,3,6,0.5
tmNB,1,1,2,0.5
tmND,1,0,1,1.0
tmNK,1,0,1,1.0
tmNL,1,0,1,1.0
tmNM,0,2,2,0.0
tmNP,4,2,6,0.67
tmNS,3,4,7,0.43
tmNb,2,2,4,0.5
tmNl,0,1,1,0.0
tmNm,1,0,1,1.0
tmNn,2,4,6,0.33
tmNs,1,1,2,0.5
tmPB,0,0,0,
tmPD,0,1,1,0.0
tmPM,1,0,1,1.0
tmPN,2,2,4,0.5
tmPP,3,3,6,0.5
tmPS,1,2,3,0.33
tmPb,2,3,5,0.4
tmPl,2,0,2,1.0
tmPm,0,2,2,0.0
tmPn,3,1,4,0.75
tmPs,3,2,5,0.6
tmSD,0,0,0,
tmSM,2,0,2,1.0
tmSP,0,2,2,0.0
tmSS,2,0,2,1.0
tmSb,1,4,5,0.2
tmSh,0,1,1,0.0
tmSl,1,0,1,1.0
tmSm,1,1,2,0.5
tmSn,1,3,4,0.25
tmSs,1,2,3,0.33
tmSt,1,0,1,1.0
tmbB,1,0,1,1.0
tmbH,0,1,1,0.0
tmbI,0,1,1,0.0
tmbL,0,2,2,0.0
tmbM,0,2,2,0.0
tmbN,3,1,4,0.75
tmbP,3,1,4,0.75
tmbS,0,1,1,0.0
tmbb,0,0,0,
tmbl,1,0,1,1.0
tmbm,2,0,2,1.0
tmbn,1,1,2,0.5
tmbs,2,0,2,1.0
tmhP,0,1,1,0.0
tmlB,0,1,1,0.0
tmlH,0,1,1,0.0
tmlJ,1,1,2,0.5
tmlK,0,0,0,
tmlM,0,1,1,0.0
tmlP,0,1,1,0.0
tmlb,2,1,3,0.67
tmln,0,1,1,0.0
tmmB,2,2,4,0.5
tmmD,1,1,2,0.5
tmmH,2,1,3,0.67
tmmJ,1,0,1,1.0
tmmL,1,0,1,1.0
tmmM,1,4,5,0.2
tmmN,1,1,2,0.5
tmmP,0,0,0,
tmmS,0,3,3,0.0
tmml,1,0,1,1.0
tmmm,1,0,1,1.0
tmmn,1,0,1,1.0
tmms,0,1,1,0.0
tmnB,0,1,1,0.0
tmnD,1,0,1,1.0
tmnH,1,2,3,0.33
tmnM,1,1,2,0.5
tmnN,0,1,1,0.0
tmnP,0,4,4,0.0
tmnS,1,1,2,0.5
tmnb,1,1,2,0.5
tmnm,1,0,1,1.0
tmnn,2,0,2,1.0
tmns,0,0,0,
tmsB,0,1,1,0.0
tmsD,0,1,1,0.0
tmsH,1,0,1,1.0
tmsL,1,0,1,1.0
tmsM,1,1,2,0.5
tmsN,0,2,2,0.0
tmsP,1,0,1,1.0
tmsS,0,2,2,0.0
tmsb,0,1,1,0.0
tmsm,2,2,4,0.5
tmsn,0,2,2,0.0
tmss,0,0,0,
tnBB,1,0,1,1.0
tnBM,1,2,3,0.33
tnBN,2,1,3,0.67
tnBS,0,2,2,0.0
tnBb,0,1,1,0.0
tnBm,1,1,2,0.5
tnBn,1,0,1,1.0
tnBs,1,0,1,1.0
tnDH,0,0,0,
tnDP,0,1,1,0.0
tnDS,2,0,2,1.0
tnDb,0,0,0,
tnHB,0,1,1,0.0
tnHH,1,0,1,1.0
tnHP,0,1,1,0.0
tnHS,1,1,2,0.5
tnHb,0,0,0,
tnHm,1,0,1,1.0
tnHs,0,1,1,0.0
tnIB,1,0,1,1.0
tnIN,0,1,1,0.0
tnKB,0,0,0,
tnKs,2,0,2,1.0
tnLB,0,2,2,0.0
tnLD,1,0,1,1.0
tnLK,0,1,1,0.0
tnLN,0,1,1,0.0
tnLP,3,1,4,0.75
tnLS,1,0,1,1.0
tnLh,0,1,1,0.0
tnLm,2,0,2,1.0
tnLn,1,1,2,0.5
tnLt,0,1,1,0.0
tnMB,0,4,4,0.0
tnML,0,1,1,0.0
tnMM,1,2,3,0.33
tnMP,3,2,5,0.6
tnMS,1,0,1,1.0
tnMh,0,0,0,
tnMm,3,0,3,1.0
tnMn,2,2,4,0.5
tnNB,1,1,2,0.5
tnNL,1,1,2,0.5
tnNM,0,2,2,0.0
tnNP,1,1,2,0.5
tnNS,5,1,6,0.83
tnNb,3,1,4,0.75
tnNh,1,1,2,0.5
tnNm,1,2,3,0.33
tnNn,2,0,2,1.0
tnPB,0,2,2,0.0
tnPL,1,0,1,1.0
tnPM,3,2,5,0.6
tnPN,1,2,3,0.33
tnPP,0,2,2,0.0
tnPS,0,1,1,0.0
tnPb,2,1,3,0.67
tnPl,0,1,1,0.0
tnPm,1,2,3,0.33
tnPn,2,1,3,0.67
tnPs,0,3,3,0.0
tnPt,0,1,1,0.0
tnSB,0,2,2,0.0
tnSH,1,0,1,1.0
tnSL,0,1,1,0.0
tnSM,0,1,1,0.0
tnSN,1,0,1,1.0
tnSP,0,1,1,0.0
tnSS,0,1,1,0.0
tnSh,0,0,0,
tnSm,1,0,1,1.0
tnSn,1,1,2,0.5
tnSs,2,0,2,1.0
tnbB,0,1,1,0.0
tnbD,0,1,1,0.0
tnbJ,0,2,2,0.0
tnbM,0,2,2,0.0
tnbN,2,0,2,1.0
tnbP,0,3,3,0.0
tnbS,2,1,3,0.67
tnbb,1,0,1,1.0
tnbm,2,1,3,0.67
tnbn,0,2,2,0.0
tnhM,1,0,1,1.0
tnlH,2,0,2,1.0
tnlL,0,1,1,0.0
tnlS,0,1,1,0.0
tnmB,3,0,3,1.0
tnmD,0,1,1,0.0
tnmH,1,0,1,1.0
tnmJ,0,0,0,
tnmL,1,1,2,0.5
tnmM,2,0,2,1.0
tnmN,0,3,3,0.0
tnmP,2,2,4,0.5
tnmb,1,1,2,0.5
tnml,1,0,1,1.0
tnmm,0,2,2,0.0
tnmn,1,1,2,0.5
tnms,2,0,2,1.0
tnnB,3,1,4,0.75
tnnH,2,0,2,1.0
tnnI,2,0,2,1.0
tnnL,1,2,3,0.33
tnnM,1,1,2,0.5
tnnN,1,3,4,0.25
tnnP,1,1,2,0.5
tnnS,0,0,0,
tnnb,0,2,2,0.0
tnnm,1,1,2,0.5
tnnn,1,0,1,1.0
tnns,0,1,1,0.0
tnsB,0,0,0,
tnsD,0,0,0,
tnsH,1,1,2,0.5
tnsM,0,1,1,0.0
tnsN,0,3,3,0.0
tnsP,0,1,1,0.0
tnsS,3,1,4,0.75
tnsb,3,1,4,0.75
tnsl,1,1,2,0.5
tnsm,1,0,1,1.0
tnsn,2,2,4,0.5
tnss,1,1,2,0.5
tnst,1,0,1,1.0
tsBB,0,2,2,0.0
tsBL,1,0,1,1.0
tsBM,0,1,1,0.0
tsBP,0,1,1,0.0
tsBh,0,0,0,
tsBl,1,0,1,1.0
tsBn,1,0,1,1.0
tsBt,1,0,1,1.0
tsDB,0,0,0,
tsDH,0,1,1,0.0
tsDM,1,0,1,1.0
tsDb,1,1,2,0.5
tsHM,1,0,1,1.0
tsHN,1,1,2,0.5
tsHP,1,0,1,1.0
tsHS,0,1,1,0.0
tsHb,1,0,1,1.0
tsHh,0,1,1,0.0
tsHl,0,2,2,0.0
tsHm,2,1,3,0.67
tsHn,0,0,0,
tsHs,1,0,1,1.0
tsHt,0,1,1,0.0
tsIS,0,2,2,0.0
tsIl,0,0,0,
tsIn,0,0,0,
tsLN,0,1,1,0.0
tsLb,0,1,1,0.0
tsLh,1,0,1,1.0
tsLn,0,1,1,0.0
tsMB,1,1,2,0.5
tsML,1,0,1,1.0
tsMN,1,0,1,1.0
tsMS,1,0,1,1.0
tsMb,1,1,2,0.5
tsMh,2,3,5,0.4
tsMj,0,1,1,0.0
tsMl,0,0,0,
tsMm,1,2,3,0.33
tsMn,0,4,4,0.0
tsMs,1,0,1,1.0
tsNL,1,0,1,1.0
tsNM,1,1,2,0.5
tsNN,2,2,4,0.5
tsNP,1,2,3,0.33
tsNS,3,2,5,0.6
tsNn,0,0,0,
tsNs,0,2,2,0.0
tsPB,1,3,4,0.25
tsPL,1,0,1,1.0
tsPM,0,2,2,0.0
tsPN,0,1,1,0.0
tsPP,3,1,4,0.75
tsPS,1,0,1,1.0
tsPb,0,2,2,0.0
tsPl,0,1,1,0.0
tsPm,1,1,2,0.5
tsPn,2,1,3,0.67
tsPs,1,1,2,0.5
tsSH,1,2,3,0.33
tsSL,1,1,2,0.5
tsSN,5,1,6,0.83
tsSP,1,0,1,1.0
tsSS,1,4,5,0.2
tsSb,0,1,1,0.0
tsSl,0,1,1,0.0
tsSm,2,1,3,0.67
tsSn,1,1,2,0.5
tsSs,2,2,4,0.5
tsbH,0,1,1,0.0
tsbL,0,1,1,0.0
tsbM,1,2,3,0.33
tsbN,2,1,3,0.67
tsbP,1,1,2,0.5
tsbS,1,0,1,1.0
tsbm,1,0,1,1.0
tshP,0,1,1,0.0
tslK,0,0,0,
tsls,0,0,0,
tsmB,0,1,1,0.0
tsmH,2,0,2,1.0
tsmL,0,1,1,0.0
tsmN,0,1,1,0.0
tsmP,1,2,3,0.33
tsmS,0,0,0,
tsmb,2,0,2,1.0
tsmm,2,1,3,0.67
tsmn,0,0,0,
tsms,0,0,0,
tsnD,0,0,0,
tsnH,1,0,1,1.0
tsnK,0,1,1,0.0
tsnM,1,1,2,0.5
tsnN,1,0,1,1.0
tsnP,2,2,4,0.5
tsnS,0,1,1,0.0
tsnl,1,0,1,1.0
tsnm,2,0,2,1.0
tsnn,0,0,0,
tssB,0,1,1,0.0
tssL,1,0,1,1.0
tssM,0,1,1,0.0
tssN,1,1,2,0.5
tssP,2,1,3,0.67
tssS,1,2,3,0.33
tssh,0,1,1,0.0
tssl,1,0,1,1.0
tsss,1,0,1,1.0
tstn,1,0,1,1.0
ttBP,1,0,1,1.0
ttBj,1,0,1,1.0
ttBm,1,0,1,1.0
ttBn,0,1,1,0.0
ttDH,0,1,1,0.0
ttDm,0,1,1,0.0
ttDt,0,1,1,0.0
ttHN,0,0,0,
ttIP,1,0,1,1.0
ttLB,0,1,1,0.0
ttLh,0,1,1,0.0
ttMM,1,0,1,1.0
ttMS,1,1,2,0.5
ttMh,0,1,1,0.0
ttMm,0,1,1,0.0
ttNP,0,1,1,0.0
ttNS,1,0,1,1.0
ttNn,1,0,1,1.0
ttNt,1,0,1,1.0
ttPB,1,0,1,1.0
ttPK,0,1,1,0.0
ttPL,0,1,1,0.0
ttPM,1,0,1,1.0
ttPN,0,1,1,0.0
ttPm,2,0,2,1.0
ttSM,0,0,0,
ttSS,3,1,4,0.75
ttbB,0,1,1,0.0
ttbb,1,1,2,0.5
ttbm,0,1,1,0.0
ttbn,1,0,1,1.0
tths,0,1,1,0.0
ttlH,0,0,0,
ttlm,0,1,1,0.0
ttmB,1,0,1,1.0
ttmM,1,0,1,1.0
ttmn,1,0,1,1.0
ttnM,0,1,1,0.0
ttnb,1,0,1,1.0
ttnm,0,2,2,0.0
ttsM,0,1,1,0.0
ttsP,0,1,1,0.0
ttsm,0,1,1,0.0
ttss,1,0,1,1.0
tttB,0,1,1,0.0
tttN,0,1,1,0.0
