candlestick_code4,label_increase,label_decrease,occurrence,percentage
BBBB,56,53,109,0.51
BBBD,7,8,15,0.47
BBBH,0,2,2,0.0
BBBK,2,6,8,0.25
BBBL,5,5,10,0.5
BBBM,20,40,60,0.33
BBBN,33,44,77,0.43
BBBP,35,54,89,0.39
BBBS,14,10,24,0.58
BBBb,41,34,75,0.55
BBBh,5,3,8,0.62
BBBj,10,5,15,0.67
BBBl,12,14,26,0.46
BBBm,49,30,79,0.62
BBBn,63,50,113,0.56
BBBs,17,20,37,0.46
BBBt,5,3,8,0.62
BBDB,4,4,8,0.5
BBDD,7,2,9,0.78
BBDH,7,6,13,0.54
BBDI,0,1,1,0.0
BBDL,5,1,6,0.83
BBDM,3,13,16,0.19
BBDN,2,4,6,0.33
BBDP,6,10,16,0.38
BBDS,2,1,3,0.67
BBDb,5,3,8,0.62
BBDh,1,0,1,1.0
BBDl,1,2,3,0.33
BBDm,9,2,11,0.82
BBDn,2,6,8,0.25
BBDs,3,6,9,0.33
BBDt,0,1,1,0.0
BBHB,1,1,2,0.5
BBHM,1,1,2,0.5
BBHN,0,1,1,0.0
BBHP,1,1,2,0.5
BBHl,1,0,1,1.0
BBHs,0,1,1,0.0
BBIb,0,1,1,0.0
BBIs,0,0,0,
BBKB,1,6,7,0.14
BBKD,0,4,4,0.0
BBKH,2,0,2,1.0
BBKI,0,1,1,0.0
BBKM,4,3,7,0.57
BBKN,1,3,4,0.25
BBKP,6,3,9,0.67
BBKS,3,3,6,0.5
BBKb,2,1,3,0.67
BBKh,4,5,9,0.44
BBKl,1,1,2,0.5
BBKm,2,3,5,0.4
BBKn,2,2,4,0.5
BBKs,3,2,5,0.6
BBKt,0,1,1,0.0
BBLB,8,10,18,0.44
BBLD,1,3,4,0.25
BBLK,0,1,1,0.0
BBLL,1,0,1,1.0
BBLM,8,10,18,0.44
BBLN,3,5,8,0.38
BBLP,9,9,18,0.5
BBLS,1,0,1,1.0
BBLb,15,5,20,0.75
BBLh,2,3,5,0.4
BBLj,4,4,8,0.5
BBLl,3,4,7,0.43
BBLm,8,12,20,0.4
BBLn,11,19,30,0.37
BBLs,5,3,8,0.62
BBLt,0,3,3,0.0
BBMB,17,36,53,0.32
BBMD,3,2,5,0.6
BBMH,1,1,2,0.5
BBMK,1,0,1,1.0
BBML,6,2,8,0.75
BBMM,17,31,48,0.35
BBMN,18,33,51,0.35
BBMP,29,33,62,0.47
BBMS,11,16,27,0.41
BBMb,32,27,59,0.54
BBMh,8,22,30,0.27
BBMj,6,7,13,0.46
BBMl,4,12,16,0.25
BBMm,44,35,79,0.56
BBMn,29,43,72,0.4
BBMs,16,12,28,0.57
BBMt,2,2,4,0.5
BBNB,37,33,70,0.53
BBND,4,6,10,0.4
BBNH,5,7,12,0.42
BBNI,0,3,3,0.0
BBNK,3,1,4,0.75
BBNL,6,7,13,0.46
BBNM,27,39,66,0.41
BBNN,42,51,93,0.45
BBNP,32,57,89,0.36
BBNS,13,14,27,0.48
BBNb,31,27,58,0.53
BBNh,11,16,27,0.41
BBNl,7,11,18,0.39
BBNm,43,48,91,0.47
BBNn,42,53,95,0.44
BBNs,21,14,35,0.6
BBNt,6,3,9,0.67
BBPB,33,38,71,0.46
BBPD,6,5,11,0.55
BBPH,12,11,23,0.52
BBPI,6,3,9,0.67
BBPK,2,7,9,0.22
BBPL,18,11,29,0.62
BBPM,32,36,68,0.47
BBPN,44,51,95,0.46
BBPP,60,65,125,0.48
BBPS,22,29,51,0.43
BBPb,29,30,59,0.49
BBPh,6,8,14,0.43
BBPl,14,20,34,0.41
BBPm,45,49,94,0.48
BBPn,49,42,91,0.54
BBPs,11,25,36,0.31
BBPt,5,2,7,0.71
BBSB,5,24,29,0.17
BBSD,4,4,8,0.5
BBSH,3,3,6,0.5
BBSL,6,1,7,0.86
BBSM,17,15,32,0.53
BBSN,21,20,41,0.51
BBSP,16,19,35,0.46
BBSS,11,13,24,0.46
BBSb,11,9,20,0.55
BBSh,7,1,8,0.88
BBSl,4,4,8,0.5
BBSm,13,16,29,0.45
BBSn,12,13,25,0.48
BBSs,16,8,24,0.67
BBSt,2,2,4,0.5
BBbB,42,27,69,0.61
BBbD,5,3,8,0.62
BBbH,12,7,19,0.63
BBbI,2,2,4,0.5
BBbJ,9,7,16,0.56
BBbK,4,2,6,0.67
BBbL,6,8,14,0.43
BBbM,29,31,60,0.48
BBbN,35,48,83,0.42
BBbP,47,53,100,0.47
BBbS,21,14,35,0.6
BBbb,19,27,46,0.41
BBbl,9,13,22,0.41
BBbm,40,23,63,0.63
BBbn,30,30,60,0.5
BBbs,13,11,24,0.54
BBhB,2,4,6,0.33
BBhD,1,0,1,1.0
BBhL,1,1,2,0.5
BBhM,2,3,5,0.4
BBhN,3,0,3,1.0
BBhP,3,8,11,0.27
BBhS,2,0,2,1.0
BBhb,2,3,5,0.4
BBhh,3,4,7,0.43
BBhl,1,0,1,1.0
BBhm,2,1,3,0.67
BBhn,4,4,8,0.5
BBhs,1,0,1,1.0
BBht,1,0,1,1.0
BBjB,9,9,18,0.5
BBjD,0,1,1,0.0
BBjH,0,1,1,0.0
BBjI,1,0,1,1.0
BBjK,0,0,0,
BBjL,0,5,5,0.0
BBjM,3,1,4,0.75
BBjN,8,4,12,0.67
BBjP,6,12,18,0.33
BBjS,2,7,9,0.22
BBjb,8,7,15,0.53
BBjh,0,2,2,0.0
BBjl,0,1,1,0.0
BBjm,6,6,12,0.5
BBjn,8,6,14,0.57
BBjs,5,7,12,0.42
BBjt,3,1,4,0.75
BBlB,9,10,19,0.47
BBlD,0,2,2,0.0
BBlH,12,3,15,0.8
BBlI,0,2,2,0.0
BBlJ,2,3,5,0.4
BBlK,1,0,1,1.0
BBlL,4,3,7,0.57
BBlM,3,8,11,0.27
BBlN,7,11,18,0.39
BBlP,3,10,13,0.23
BBlS,4,11,15,0.27
BBlb,8,8,16,0.5
BBll,5,1,6,0.83
BBlm,14,11,25,0.56
BBln,11,9,20,0.55
BBls,2,8,10,0.2
BBmB,33,36,69,0.48
BBmD,12,9,21,0.57
BBmH,28,28,56,0.5
BBmI,6,2,8,0.75
BBmJ,5,6,11,0.45
BBmK,1,0,1,1.0
BBmL,9,9,18,0.5
BBmM,28,49,77,0.36
BBmN,47,43,90,0.52
BBmP,41,36,77,0.53
BBmS,17,23,40,0.42
BBmb,29,14,43,0.67
BBml,8,5,13,0.62
BBmm,42,40,82,0.51
BBmn,41,25,66,0.62
BBms,20,27,47,0.43
BBnB,38,39,77,0.49
BBnD,3,8,11,0.27
BBnH,16,23,39,0.41
BBnI,5,5,10,0.5
BBnK,4,5,9,0.44
BBnL,10,14,24,0.42
BBnM,29,41,70,0.41
BBnN,61,58,119,0.51
BBnP,52,46,98,0.53
BBnS,28,22,50,0.56
BBnb,31,28,59,0.53
BBnh,4,6,10,0.4
BBnl,13,14,27,0.48
BBnm,48,35,83,0.58
BBnn,48,49,97,0.49
BBns,31,25,56,0.55
BBnt,1,1,2,0.5
BBsB,9,16,25,0.36
BBsD,2,0,2,1.0
BBsH,18,13,31,0.58
BBsI,5,2,7,0.71
BBsK,0,1,1,0.0
BBsL,4,4,8,0.5
BBsM,9,17,26,0.35
BBsN,10,13,23,0.43
BBsP,19,17,36,0.53
BBsS,11,12,23,0.48
BBsb,6,4,10,0.6
BBsh,1,0,1,1.0
BBsl,5,5,10,0.5
BBsm,15,15,30,0.5
BBsn,18,10,28,0.64
BBss,10,8,18,0.56
BBtB,7,5,12,0.58
BBtH,1,0,1,1.0
BBtI,0,0,0,
BBtL,1,1,2,0.5
BBtM,3,6,9,0.33
BBtN,6,4,10,0.6
BBtP,4,4,8,0.5
BBtS,5,1,6,0.83
BBtb,2,7,9,0.22
BBtl,0,1,1,0.0
BBtm,7,4,11,0.64
BBtn,5,4,9,0.56
BBts,3,3,6,0.5
BBtt,2,1,3,0.67
BDBB,8,9,17,0.47
BDBD,2,1,3,0.67
BDBK,1,2,3,0.33
BDBL,0,3,3,0.0
BDBM,2,9,11,0.18
BDBN,3,1,4,0.75
BDBP,7,14,21,0.33
BDBS,1,2,3,0.33
BDBb,5,5,10,0.5
BDBh,0,2,2,0.0
BDBj,1,0,1,1.0
BDBl,3,0,3,1.0
BDBm,5,6,11,0.45
BDBn,6,7,13,0.46
BDBs,3,1,4,0.75
BDDB,4,4,8,0.5
BDDD,1,1,2,0.5
BDDH,0,6,6,0.0
BDDL,0,1,1,0.0
BDDM,4,4,8,0.5
BDDN,3,2,5,0.6
BDDP,4,3,7,0.57
BDDS,2,2,4,0.5
BDDb,3,0,3,1.0
BDDh,0,1,1,0.0
BDDm,6,2,8,0.75
BDDn,1,1,2,0.5
BDDs,2,0,2,1.0
BDDt,1,0,1,1.0
BDHB,7,3,10,0.7
BDHD,3,4,7,0.43
BDHH,1,1,2,0.5
BDHI,1,1,2,0.5
BDHK,1,0,1,1.0
BDHL,3,2,5,0.6
BDHM,6,2,8,0.75
BDHN,8,4,12,0.67
BDHP,9,7,16,0.56
BDHS,7,3,10,0.7
BDHb,3,7,10,0.3
BDHh,5,2,7,0.71
BDHl,0,0,0,
BDHm,8,7,15,0.53
BDHn,5,6,11,0.45
BDHs,3,4,7,0.43
BDIB,0,0,0,
BDID,0,1,1,0.0
BDIH,0,0,0,
BDIL,2,0,2,1.0
BDIM,1,1,2,0.5
BDIN,1,2,3,0.33
BDIP,0,1,1,0.0
BDIb,0,1,1,0.0
BDIm,0,1,1,0.0
BDIn,0,2,2,0.0
BDIs,1,1,2,0.5
BDKM,1,0,1,1.0
BDKb,0,1,1,0.0
BDLB,0,5,5,0.0
BDLD,1,0,1,1.0
BDLH,1,0,1,1.0
BDLL,0,1,1,0.0
BDLM,2,3,5,0.4
BDLN,3,3,6,0.5
BDLP,4,2,6,0.67
BDLS,3,2,5,0.6
BDLb,1,1,2,0.5
BDLh,2,1,3,0.67
BDLj,1,0,1,1.0
BDLl,0,1,1,0.0
BDLm,2,3,5,0.4
BDLn,2,4,6,0.33
BDLs,1,3,4,0.25
BDMB,7,9,16,0.44
BDMD,4,3,7,0.57
BDML,0,2,2,0.0
BDMM,7,6,13,0.54
BDMN,7,3,10,0.7
BDMP,11,10,21,0.52
BDMS,1,4,5,0.2
BDMb,6,6,12,0.5
BDMh,3,7,10,0.3
BDMj,2,0,2,1.0
BDMl,1,0,1,1.0
BDMm,19,9,28,0.68
BDMn,5,7,12,0.42
BDMs,3,2,5,0.6
BDMt,1,1,2,0.5
BDNB,4,5,9,0.44
BDND,2,2,4,0.5
BDNH,4,1,5,0.8
BDNI,0,1,1,0.0
BDNK,1,1,2,0.5
BDNL,0,3,3,0.0
BDNM,6,9,15,0.4
BDNN,6,4,10,0.6
BDNP,5,4,9,0.56
BDNS,1,2,3,0.33
BDNb,6,7,13,0.46
BDNh,1,1,2,0.5
BDNl,1,0,1,1.0
BDNm,12,4,16,0.75
BDNn,4,3,7,0.57
BDNs,3,2,5,0.6
BDNt,0,1,1,0.0
BDPB,6,9,15,0.4
BDPD,3,0,3,1.0
BDPH,2,2,4,0.5
BDPI,3,0,3,1.0
BDPK,0,1,1,0.0
BDPL,3,2,5,0.6
BDPM,6,8,14,0.43
BDPN,3,5,8,0.38
BDPP,9,9,18,0.5
BDPS,9,9,18,0.5
BDPb,5,5,10,0.5
BDPh,2,1,3,0.67
BDPl,3,4,7,0.43
BDPm,9,6,15,0.6
BDPn,8,6,14,0.57
BDPs,4,5,9,0.44
BDPt,1,1,2,0.5
BDSB,8,6,14,0.57
BDSD,2,0,2,1.0
BDSH,2,2,4,0.5
BDSL,1,2,3,0.33
BDSM,1,6,7,0.14
BDSN,3,3,6,0.5
BDSP,10,6,16,0.62
BDSS,5,3,8,0.62
BDSb,4,4,8,0.5
BDSh,2,0,2,1.0
BDSl,1,1,2,0.5
BDSm,7,7,14,0.5
BDSn,9,3,12,0.75
BDSs,3,5,8,0.38
BDSt,0,0,0,
BDbB,5,5,10,0.5
BDbD,0,0,0,
BDbI,1,0,1,1.0
BDbJ,2,1,3,0.67
BDbK,1,3,4,0.25
BDbL,2,2,4,0.5
BDbM,5,3,8,0.62
BDbN,5,1,6,0.83
BDbP,5,6,11,0.45
BDbS,3,3,6,0.5
BDbb,3,0,3,1.0
BDbl,0,1,1,0.0
BDbm,12,8,20,0.6
BDbn,2,6,8,0.25
BDbs,4,2,6,0.67
BDhL,1,0,1,1.0
BDhP,0,0,0,
BDhS,1,0,1,1.0
BDhh,0,0,0,
BDhl,1,0,1,1.0
BDhm,1,1,2,0.5
BDlB,2,0,2,1.0
BDlD,0,1,1,0.0
BDlH,0,1,1,0.0
BDlI,0,0,0,
BDlJ,1,0,1,1.0
BDlM,2,0,2,1.0
BDlN,4,3,7,0.57
BDlP,1,3,4,0.25
BDlS,1,2,3,0.33
BDlb,0,1,1,0.0
BDlm,2,4,6,0.33
BDln,3,0,3,1.0
BDls,0,3,3,0.0
BDmB,10,7,17,0.59
BDmD,5,2,7,0.71
BDmH,8,8,16,0.5
BDmJ,1,2,3,0.33
BDmL,2,2,4,0.5
BDmM,8,7,15,0.53
BDmN,9,6,15,0.6
BDmP,13,12,25,0.52
BDmS,8,13,21,0.38
BDmb,3,6,9,0.33
BDmh,1,0,1,1.0
BDml,2,2,4,0.5
BDmm,16,8,24,0.67
BDmn,5,5,10,0.5
BDms,6,6,12,0.5
BDmt,0,0,0,
BDnB,4,4,8,0.5
BDnD,6,1,7,0.86
BDnH,2,6,8,0.25
BDnK,1,0,1,1.0
BDnL,1,2,3,0.33
BDnM,6,4,10,0.6
BDnN,7,4,11,0.64
BDnP,8,8,16,0.5
BDnS,2,4,6,0.33
BDnb,6,5,11,0.55
BDnl,0,2,2,0.0
BDnm,8,3,11,0.73
BDnn,6,8,14,0.43
BDns,2,3,5,0.4
BDsB,2,6,8,0.25
BDsD,0,2,2,0.0
BDsH,3,2,5,0.6
BDsI,3,2,5,0.6
BDsL,1,0,1,1.0
BDsM,6,9,15,0.4
BDsN,1,4,5,0.2
BDsP,3,8,11,0.27
BDsS,5,6,11,0.45
BDsb,5,3,8,0.62
BDsl,1,1,2,0.5
BDsm,5,7,12,0.42
BDsn,3,0,3,1.0
BDss,4,4,8,0.5
BDtD,0,2,2,0.0
BDtH,1,0,1,1.0
BDtM,1,0,1,1.0
BDtN,1,1,2,0.5
BDtP,1,0,1,1.0
BDtS,0,1,1,0.0
BDtm,1,0,1,1.0
BDts,2,0,2,1.0
BHBB,1,0,1,1.0
BHBL,0,1,1,0.0
BHBM,0,2,2,0.0
BHBN,0,1,1,0.0
BHBl,1,0,1,1.0
BHBm,1,0,1,1.0
BHBs,1,0,1,1.0
BHDS,0,1,1,0.0
BHHN,0,1,1,0.0
BHHS,0,0,0,
BHHn,1,0,1,1.0
BHHs,1,0,1,1.0
BHIP,1,0,1,1.0
BHIS,0,0,0,
BHKB,0,1,1,0.0
BHKs,0,0,0,
BHLM,1,0,1,1.0
BHLS,1,1,2,0.5
BHLm,1,0,1,1.0
BHMB,2,1,3,0.67
BHMM,0,1,1,0.0
BHMN,1,0,1,1.0
BHMP,0,2,2,0.0
BHMb,1,0,1,1.0
BHMh,1,0,1,1.0
BHMn,0,0,0,
BHMs,0,1,1,0.0
BHNB,1,0,1,1.0
BHNH,0,1,1,0.0
BHNP,1,1,2,0.5
BHNS,1,0,1,1.0
BHNl,0,0,0,
BHNn,2,0,2,1.0
BHPB,1,0,1,1.0
BHPM,0,1,1,0.0
BHPN,1,0,1,1.0
BHPP,0,0,0,
BHPS,0,1,1,0.0
BHPm,0,1,1,0.0
BHPs,1,0,1,1.0
BHSB,1,0,1,1.0
BHSP,1,0,1,1.0
BHSS,0,1,1,0.0
BHSb,1,1,2,0.5
BHSn,1,0,1,1.0
BHbB,0,1,1,0.0
BHbK,1,0,1,1.0
BHbL,1,0,1,1.0
BHbm,0,1,1,0.0
BHhM,0,0,0,
BHhN,1,0,1,1.0
BHhs,1,0,1,1.0
BHlM,0,0,0,
BHmB,1,0,1,1.0
BHmH,1,0,1,1.0
BHmL,0,1,1,0.0
BHmM,1,0,1,1.0
BHmb,1,0,1,1.0
BHmm,0,0,0,
BHnM,1,0,1,1.0
BHnN,0,1,1,0.0
BHsB,1,1,2,0.5
BHsH,1,2,3,0.33
BHsP,1,1,2,0.5
BHsS,0,0,0,
BHsh,1,1,2,0.5
BIBB,0,0,0,
BIBK,1,0,1,1.0
BIBS,1,0,1,1.0
BIBm,1,0,1,1.0
BILN,1,0,1,1.0
BIMS,0,1,1,0.0
BIbM,0,1,1,0.0
BIbP,1,0,1,1.0
BIbl,0,1,1,0.0
BImM,1,0,1,1.0
BImb,0,1,1,0.0
BInm,0,1,1,0.0
BIsH,0,0,0,
BIsP,1,0,1,1.0
BIsS,0,0,0,
BKBB,2,2,4,0.5
BKBD,1,1,2,0.5
BKBK,1,1,2,0.5
BKBL,2,1,3,0.67
BKBM,4,4,8,0.5
BKBN,2,5,7,0.29
BKBP,5,5,10,0.5
BKBS,2,1,3,0.67
BKBb,2,1,3,0.67
BKBh,1,0,1,1.0
BKBl,2,0,2,1.0
BKBm,4,5,9,0.44
BKBn,4,2,6,0.67
BKBs,1,0,1,1.0
BKDB,0,1,1,0.0
BKDD,1,2,3,0.33
BKDH,1,1,2,0.5
BKDM,1,0,1,1.0
BKDN,1,0,1,1.0
BKDP,1,2,3,0.33
BKDb,2,2,4,0.5
BKDm,1,2,3,0.33
BKDn,1,0,1,1.0
BKDs,0,1,1,0.0
BKDt,0,1,1,0.0
BKHB,1,1,2,0.5
BKHL,0,1,1,0.0
BKHM,1,2,3,0.33
BKHN,1,1,2,0.5
BKHP,1,0,1,1.0
BKHb,0,0,0,
BKHm,0,0,0,
BKIM,0,0,0,
BKIN,0,0,0,
BKIP,2,1,3,0.67
BKIS,1,0,1,1.0
BKIb,2,0,2,1.0
BKIm,2,1,3,0.67
BKIn,1,4,5,0.2
BKKS,1,0,1,1.0
BKLB,0,2,2,0.0
BKLD,2,0,2,1.0
BKLL,1,0,1,1.0
BKLM,0,2,2,0.0
BKLN,1,1,2,0.5
BKLP,4,0,4,1.0
BKLS,0,1,1,0.0
BKLb,2,0,2,1.0
BKLl,0,0,0,
BKLm,1,1,2,0.5
BKLn,2,3,5,0.4
BKLs,0,1,1,0.0
BKLt,1,0,1,1.0
BKMB,2,4,6,0.33
BKMD,0,2,2,0.0
BKMH,1,0,1,1.0
BKMI,1,0,1,1.0
BKML,3,1,4,0.75
BKMM,5,4,9,0.56
BKMN,3,6,9,0.33
BKMP,8,6,14,0.57
BKMS,4,1,5,0.8
BKMb,4,1,5,0.8
BKMh,5,8,13,0.38
BKMl,0,2,2,0.0
BKMm,7,7,14,0.5
BKMn,5,3,8,0.62
BKMs,6,4,10,0.6
BKMt,2,0,2,1.0
BKNB,4,5,9,0.44
BKND,0,2,2,0.0
BKNH,0,1,1,0.0
BKNK,0,1,1,0.0
BKNL,1,1,2,0.5
BKNM,1,5,6,0.17
BKNN,1,3,4,0.25
BKNP,8,2,10,0.8
BKNS,3,4,7,0.43
BKNb,3,2,5,0.6
BKNh,1,1,2,0.5
BKNm,6,5,11,0.55
BKNn,5,3,8,0.62
BKNs,2,4,6,0.33
BKNt,0,1,1,0.0
BKPB,8,4,12,0.67
BKPD,1,5,6,0.17
BKPH,1,4,5,0.2
BKPI,1,1,2,0.5
BKPK,1,1,2,0.5
BKPL,0,4,4,0.0
BKPM,4,9,13,0.31
BKPN,3,2,5,0.6
BKPP,5,8,13,0.38
BKPS,3,5,8,0.38
BKPb,9,5,14,0.64
BKPl,2,2,4,0.5
BKPm,7,9,16,0.44
BKPn,0,2,2,0.0
BKPs,1,3,4,0.25
BKPt,0,3,3,0.0
BKSB,3,1,4,0.75
BKSH,3,0,3,1.0
BKSK,1,0,1,1.0
BKSL,1,2,3,0.33
BKSM,3,7,10,0.3
BKSN,1,2,3,0.33
BKSP,6,5,11,0.55
BKSS,1,1,2,0.5
BKSb,4,1,5,0.8
BKSh,1,1,2,0.5
BKSl,1,0,1,1.0
BKSm,3,2,5,0.6
BKSn,3,3,6,0.5
BKSs,2,3,5,0.4
BKSt,0,1,1,0.0
BKbB,1,2,3,0.33
BKbD,1,0,1,1.0
BKbH,2,0,2,1.0
BKbI,1,0,1,1.0
BKbL,0,0,0,
BKbM,3,1,4,0.75
BKbN,3,4,7,0.43
BKbP,2,2,4,0.5
BKbS,3,5,8,0.38
BKbb,1,4,5,0.2
BKbl,2,0,2,1.0
BKbm,4,5,9,0.44
BKbn,1,1,2,0.5
BKbs,2,1,3,0.67
BKhB,3,2,5,0.6
BKhD,1,1,2,0.5
BKhH,0,1,1,0.0
BKhI,2,1,3,0.67
BKhM,4,6,10,0.4
BKhN,2,4,6,0.33
BKhP,4,3,7,0.57
BKhS,3,4,7,0.43
BKhb,1,4,5,0.2
BKhh,3,1,4,0.75
BKhl,2,1,3,0.67
BKhm,4,5,9,0.44
BKhn,3,5,8,0.38
BKhs,1,1,2,0.5
BKht,1,1,2,0.5
BKlB,2,0,2,1.0
BKlD,1,0,1,1.0
BKlH,3,2,5,0.6
BKlI,1,0,1,1.0
BKlJ,0,1,1,0.0
BKlL,0,1,1,0.0
BKlM,3,2,5,0.6
BKlN,1,3,4,0.25
BKlP,1,3,4,0.25
BKlS,1,2,3,0.33
BKll,1,1,2,0.5
BKlm,1,0,1,1.0
BKln,1,2,3,0.33
BKls,0,2,2,0.0
BKmB,5,3,8,0.62
BKmD,1,5,6,0.17
BKmH,5,1,6,0.83
BKmI,1,1,2,0.5
BKmL,0,2,2,0.0
BKmM,7,9,16,0.44
BKmN,3,5,8,0.38
BKmP,9,4,13,0.69
BKmS,4,1,5,0.8
BKmb,2,7,9,0.22
BKml,2,1,3,0.67
BKmm,6,6,12,0.5
BKmn,8,4,12,0.67
BKms,3,7,10,0.3
BKnB,3,2,5,0.6
BKnD,2,1,3,0.67
BKnH,2,1,3,0.67
BKnI,0,0,0,
BKnK,0,2,2,0.0
BKnL,1,1,2,0.5
BKnM,1,9,10,0.1
BKnN,4,3,7,0.57
BKnP,5,6,11,0.45
BKnS,0,2,2,0.0
BKnb,0,1,1,0.0
BKnl,1,0,1,1.0
BKnm,4,4,8,0.5
BKnn,4,1,5,0.8
BKns,2,3,5,0.4
BKsB,1,1,2,0.5
BKsD,3,1,4,0.75
BKsH,4,3,7,0.57
BKsI,1,1,2,0.5
BKsL,1,2,3,0.33
BKsM,2,6,8,0.25
BKsN,1,4,5,0.2
BKsP,2,2,4,0.5
BKsS,2,5,7,0.29
BKsb,1,2,3,0.33
BKsh,0,1,1,0.0
BKsl,1,0,1,1.0
BKsm,5,4,9,0.56
BKsn,2,3,5,0.4
BKss,3,1,4,0.75
BKtB,0,1,1,0.0
BKtD,1,0,1,1.0
BKtH,0,2,2,0.0
BKtN,0,2,2,0.0
BKtS,2,0,2,1.0
BKtl,0,0,0,
BKts,1,0,1,1.0
BLBB,7,8,15,0.47
BLBD,2,1,3,0.67
BLBL,2,4,6,0.33
BLBM,3,8,11,0.27
BLBN,11,9,20,0.55
BLBP,10,10,20,0.5
BLBS,2,1,3,0.67
BLBb,8,13,21,0.38
BLBh,0,3,3,0.0
BLBj,3,2,5,0.6
BLBl,3,2,5,0.6
BLBm,15,7,22,0.68
BLBn,12,13,25,0.48
BLBs,4,1,5,0.8
BLBt,2,0,2,1.0
BLDB,0,1,1,0.0
BLDD,2,1,3,0.67
BLDH,2,2,4,0.5
BLDI,1,0,1,1.0
BLDL,0,1,1,0.0
BLDM,4,1,5,0.8
BLDN,2,1,3,0.67
BLDP,3,0,3,1.0
BLDS,1,0,1,1.0
BLDb,1,1,2,0.5
BLDm,1,2,3,0.33
BLDn,0,2,2,0.0
BLDs,1,1,2,0.5
BLHm,1,0,1,1.0
BLHs,1,0,1,1.0
BLKL,0,0,0,
BLKM,2,0,2,1.0
BLKP,0,0,0,
BLKb,0,1,1,0.0
BLKh,0,1,1,0.0
BLKl,1,0,1,1.0
BLKm,1,1,2,0.5
BLKs,1,1,2,0.5
BLLB,1,6,7,0.14
BLLD,0,1,1,0.0
BLLK,0,1,1,0.0
BLLM,1,2,3,0.33
BLLN,1,1,2,0.5
BLLP,5,1,6,0.83
BLLS,2,3,5,0.4
BLLb,3,4,7,0.43
BLLh,3,1,4,0.75
BLLj,2,1,3,0.67
BLLl,1,1,2,0.5
BLLm,2,8,10,0.2
BLLn,7,2,9,0.78
BLLs,2,1,3,0.67
BLMB,9,10,19,0.47
BLMD,0,2,2,0.0
BLMH,0,1,1,0.0
BLML,1,3,4,0.25
BLMM,12,4,16,0.75
BLMN,11,5,16,0.69
BLMP,8,11,19,0.42
BLMS,2,1,3,0.67
BLMb,13,5,18,0.72
BLMh,8,8,16,0.5
BLMj,2,1,3,0.67
BLMl,5,0,5,1.0
BLMm,11,11,22,0.5
BLMn,9,6,15,0.6
BLMs,8,4,12,0.67
BLNB,6,15,21,0.29
BLND,1,2,3,0.33
BLNH,2,4,6,0.33
BLNK,0,1,1,0.0
BLNL,1,2,3,0.33
BLNM,9,3,12,0.75
BLNN,9,9,18,0.5
BLNP,6,8,14,0.43
BLNS,5,3,8,0.62
BLNb,7,4,11,0.64
BLNh,3,4,7,0.43
BLNl,2,2,4,0.5
BLNm,8,10,18,0.44
BLNn,13,10,23,0.57
BLNs,6,7,13,0.46
BLPB,11,15,26,0.42
BLPD,1,2,3,0.33
BLPH,2,2,4,0.5
BLPI,1,3,4,0.25
BLPK,2,1,3,0.67
BLPL,3,8,11,0.27
BLPM,7,13,20,0.35
BLPN,17,14,31,0.55
BLPP,23,21,44,0.52
BLPS,6,8,14,0.43
BLPb,13,11,24,0.54
BLPh,4,1,5,0.8
BLPl,6,2,8,0.75
BLPm,9,7,16,0.56
BLPn,12,14,26,0.46
BLPs,6,4,10,0.6
BLPt,2,1,3,0.67
BLSB,9,4,13,0.69
BLSD,0,3,3,0.0
BLSH,1,2,3,0.33
BLSL,3,1,4,0.75
BLSM,4,2,6,0.67
BLSN,3,2,5,0.6
BLSP,3,4,7,0.43
BLSS,6,3,9,0.67
BLSb,3,2,5,0.6
BLSh,1,4,5,0.2
BLSl,2,0,2,1.0
BLSm,6,5,11,0.55
BLSn,3,1,4,0.75
BLSs,4,5,9,0.44
BLSt,0,2,2,0.0
BLbB,8,14,22,0.36
BLbD,1,2,3,0.33
BLbH,2,0,2,1.0
BLbJ,2,2,4,0.5
BLbK,1,3,4,0.25
BLbL,1,1,2,0.5
BLbM,8,12,20,0.4
BLbN,13,10,23,0.57
BLbP,13,11,24,0.54
BLbS,3,5,8,0.38
BLbb,6,2,8,0.75
BLbl,2,1,3,0.67
BLbm,9,13,22,0.41
BLbn,4,7,11,0.36
BLbs,5,7,12,0.42
BLhB,2,4,6,0.33
BLhD,0,1,1,0.0
BLhI,1,0,1,1.0
BLhK,0,0,0,
BLhM,4,1,5,0.8
BLhN,2,3,5,0.4
BLhP,4,5,9,0.44
BLhS,0,2,2,0.0
BLhb,0,3,3,0.0
BLhh,0,4,4,0.0
BLhl,2,1,3,0.67
BLhm,4,4,8,0.5
BLhn,7,3,10,0.7
BLhs,1,3,4,0.25
BLjB,3,2,5,0.6
BLjD,1,0,1,1.0
BLjL,1,0,1,1.0
BLjM,0,2,2,0.0
BLjN,1,2,3,0.33
BLjP,3,2,5,0.6
BLjS,2,1,3,0.67
BLjb,2,2,4,0.5
BLjl,1,1,2,0.5
BLjm,1,4,5,0.2
BLjn,3,2,5,0.6
BLjs,4,0,4,1.0
BLlB,4,3,7,0.57
BLlD,1,0,1,1.0
BLlH,2,3,5,0.4
BLlJ,0,5,5,0.0
BLlL,0,1,1,0.0
BLlM,4,4,8,0.5
BLlN,7,4,11,0.64
BLlP,3,4,7,0.43
BLlS,4,1,5,0.8
BLlb,1,4,5,0.2
BLll,0,1,1,0.0
BLlm,4,2,6,0.67
BLln,10,4,14,0.71
BLls,2,2,4,0.5
BLmB,10,11,21,0.48
BLmD,3,0,3,1.0
BLmH,7,8,15,0.47
BLmJ,1,1,2,0.5
BLmK,0,1,1,0.0
BLmL,6,4,10,0.6
BLmM,10,18,28,0.36
BLmN,10,15,25,0.4
BLmP,9,14,23,0.39
BLmS,5,8,13,0.38
BLmb,6,11,17,0.35
BLml,3,5,8,0.38
BLmm,14,13,27,0.52
BLmn,10,17,27,0.37
BLms,3,11,14,0.21
BLnB,8,11,19,0.42
BLnD,2,2,4,0.5
BLnH,3,7,10,0.3
BLnI,3,1,4,0.75
BLnK,0,1,1,0.0
BLnL,0,2,2,0.0
BLnM,11,13,24,0.46
BLnN,11,11,22,0.5
BLnP,13,16,29,0.45
BLnS,17,5,22,0.77
BLnb,7,13,20,0.35
BLnh,2,0,2,1.0
BLnl,4,6,10,0.4
BLnm,19,13,32,0.59
BLnn,14,16,30,0.47
BLns,9,8,17,0.53
BLsB,5,0,5,1.0
BLsD,1,2,3,0.33
BLsH,3,6,9,0.33
BLsI,1,2,3,0.33
BLsL,2,2,4,0.5
BLsM,4,5,9,0.44
BLsN,8,5,13,0.62
BLsP,10,6,16,0.62
BLsS,3,6,9,0.33
BLsb,5,3,8,0.62
BLsh,0,0,0,
BLsl,0,1,1,0.0
BLsm,7,4,11,0.64
BLsn,3,4,7,0.43
BLss,4,12,16,0.25
BLtB,0,1,1,0.0
BLtH,0,3,3,0.0
BLtL,1,1,2,0.5
BLtM,1,2,3,0.33
BLtN,1,0,1,1.0
BLtP,2,1,3,0.67
BLtb,2,1,3,0.67
BLtm,1,0,1,1.0
BLtn,0,1,1,0.0
BLts,1,0,1,1.0
BLtt,1,0,1,1.0
BMBB,25,45,70,0.36
BMBD,5,4,9,0.56
BMBI,0,0,0,
BMBK,3,2,5,0.6
BMBL,3,4,7,0.43
BMBM,19,28,47,0.4
BMBN,27,38,65,0.42
BMBP,31,38,69,0.45
BMBS,10,12,22,0.45
BMBb,37,47,84,0.44
BMBh,1,1,2,0.5
BMBj,7,7,14,0.5
BMBl,11,9,20,0.55
BMBm,31,38,69,0.45
BMBn,38,35,73,0.52
BMBs,9,7,16,0.56
BMBt,5,4,9,0.56
BMDB,3,6,9,0.33
BMDD,3,4,7,0.43
BMDH,6,4,10,0.6
BMDI,0,0,0,
BMDL,1,2,3,0.33
BMDM,0,10,10,0.0
BMDN,5,9,14,0.36
BMDP,7,8,15,0.47
BMDS,8,2,10,0.8
BMDb,7,6,13,0.54
BMDl,1,2,3,0.33
BMDm,3,8,11,0.27
BMDn,2,1,3,0.67
BMDs,0,7,7,0.0
BMDt,1,0,1,1.0
BMHB,0,1,1,0.0
BMHH,0,0,0,
BMHM,0,1,1,0.0
BMHS,1,0,1,1.0
BMHl,0,0,0,
BMHm,1,0,1,1.0
BMHs,0,1,1,0.0
BMIM,0,1,1,0.0
BMIm,1,0,1,1.0
BMKB,1,0,1,1.0
BMKI,1,0,1,1.0
BMKM,0,0,0,
BMKN,0,0,0,
BMKS,0,1,1,0.0
BMKm,1,0,1,1.0
BMKn,1,1,2,0.5
BMLB,5,10,15,0.33
BMLH,0,0,0,
BMLI,1,0,1,1.0
BMLK,0,2,2,0.0
BMLL,4,1,5,0.8
BMLM,7,6,13,0.54
BMLN,6,9,15,0.4
BMLP,4,6,10,0.4
BMLS,3,3,6,0.5
BMLb,5,4,9,0.56
BMLh,5,2,7,0.71
BMLj,0,2,2,0.0
BMLl,2,1,3,0.67
BMLm,8,7,15,0.53
BMLn,12,5,17,0.71
BMLs,2,4,6,0.33
BMMB,20,32,52,0.38
BMMD,6,5,11,0.55
BMMI,0,1,1,0.0
BMML,3,2,5,0.6
BMMM,22,22,44,0.5
BMMN,19,21,40,0.48
BMMP,32,43,75,0.43
BMMS,16,8,24,0.67
BMMb,17,26,43,0.4
BMMh,10,18,28,0.36
BMMj,4,1,5,0.8
BMMl,10,5,15,0.67
BMMm,27,31,58,0.47
BMMn,31,33,64,0.48
BMMs,6,17,23,0.26
BMMt,2,3,5,0.4
BMNB,24,26,50,0.48
BMND,8,6,14,0.57
BMNH,6,6,12,0.5
BMNI,1,1,2,0.5
BMNK,2,2,4,0.5
BMNL,12,8,20,0.6
BMNM,16,26,42,0.38
BMNN,33,34,67,0.49
BMNP,33,42,75,0.44
BMNS,15,17,32,0.47
BMNb,20,23,43,0.47
BMNh,5,9,14,0.36
BMNl,6,1,7,0.86
BMNm,29,28,57,0.51
BMNn,52,40,92,0.57
BMNs,17,13,30,0.57
BMNt,9,0,9,1.0
BMPB,37,34,71,0.52
BMPD,5,4,9,0.56
BMPH,12,10,22,0.55
BMPI,6,3,9,0.67
BMPK,7,2,9,0.78
BMPL,8,15,23,0.35
BMPM,32,26,58,0.55
BMPN,32,32,64,0.5
BMPP,44,43,87,0.51
BMPS,28,20,48,0.58
BMPb,17,21,38,0.45
BMPh,3,8,11,0.27
BMPl,9,12,21,0.43
BMPm,47,36,83,0.57
BMPn,31,33,64,0.48
BMPs,17,17,34,0.5
BMPt,1,2,3,0.33
BMSB,11,17,28,0.39
BMSD,4,1,5,0.8
BMSH,5,6,11,0.45
BMSI,0,1,1,0.0
BMSK,0,1,1,0.0
BMSL,0,8,8,0.0
BMSM,16,20,36,0.44
BMSN,9,12,21,0.43
BMSP,16,14,30,0.53
BMSS,12,16,28,0.43
BMSb,11,12,23,0.48
BMSh,10,8,18,0.56
BMSl,5,7,12,0.42
BMSm,19,18,37,0.51
BMSn,13,10,23,0.57
BMSs,14,11,25,0.56
BMSt,0,2,2,0.0
BMbB,35,28,63,0.56
BMbD,3,8,11,0.27
BMbH,11,6,17,0.65
BMbI,1,2,3,0.33
BMbJ,10,2,12,0.83
BMbK,4,7,11,0.36
BMbL,6,5,11,0.55
BMbM,29,28,57,0.51
BMbN,50,44,94,0.53
BMbP,31,24,55,0.56
BMbS,12,20,32,0.38
BMbb,29,20,49,0.59
BMbh,1,0,1,1.0
BMbl,8,5,13,0.62
BMbm,26,34,60,0.43
BMbn,28,27,55,0.51
BMbs,13,14,27,0.48
BMhB,17,26,43,0.4
BMhD,5,2,7,0.71
BMhH,4,9,13,0.31
BMhI,2,2,4,0.5
BMhK,2,0,2,1.0
BMhL,3,4,7,0.43
BMhM,28,28,56,0.5
BMhN,23,18,41,0.56
BMhP,18,25,43,0.42
BMhS,14,20,34,0.41
BMhb,19,18,37,0.51
BMhh,8,28,36,0.22
BMhl,4,7,11,0.36
BMhm,35,27,62,0.56
BMhn,18,23,41,0.44
BMhs,17,13,30,0.57
BMht,1,1,2,0.5
BMjB,5,5,10,0.5
BMjH,3,2,5,0.6
BMjI,1,2,3,0.33
BMjK,0,1,1,0.0
BMjL,2,0,2,1.0
BMjM,2,6,8,0.25
BMjN,5,5,10,0.5
BMjP,3,2,5,0.6
BMjS,2,1,3,0.67
BMjb,1,2,3,0.33
BMjh,0,1,1,0.0
BMjm,4,4,8,0.5
BMjn,5,6,11,0.45
BMjs,3,5,8,0.38
BMjt,1,0,1,1.0
BMlB,5,7,12,0.42
BMlD,1,3,4,0.25
BMlH,4,5,9,0.44
BMlI,3,2,5,0.6
BMlJ,1,3,4,0.25
BMlL,4,2,6,0.67
BMlM,12,8,20,0.6
BMlN,10,16,26,0.38
BMlP,12,14,26,0.46
BMlS,5,8,13,0.38
BMlb,0,5,5,0.0
BMll,1,0,1,1.0
BMlm,10,12,22,0.45
BMln,8,7,15,0.53
BMls,7,5,12,0.58
BMmB,36,31,67,0.54
BMmD,10,6,16,0.62
BMmH,22,32,54,0.41
BMmI,3,6,9,0.33
BMmJ,2,6,8,0.25
BMmK,3,1,4,0.75
BMmL,4,7,11,0.36
BMmM,34,49,83,0.41
BMmN,49,52,101,0.49
BMmP,37,27,64,0.58
BMmS,33,30,63,0.52
BMmb,25,24,49,0.51
BMmh,0,2,2,0.0
BMml,5,6,11,0.45
BMmm,48,34,82,0.59
BMmn,26,40,66,0.39
BMms,20,21,41,0.49
BMnB,28,33,61,0.46
BMnD,4,7,11,0.36
BMnH,15,23,38,0.39
BMnI,6,5,11,0.55
BMnK,5,8,13,0.38
BMnL,9,7,16,0.56
BMnM,22,36,58,0.38
BMnN,52,60,112,0.46
BMnP,53,49,102,0.52
BMnS,19,17,36,0.53
BMnb,30,19,49,0.61
BMnh,2,2,4,0.5
BMnl,11,4,15,0.73
BMnm,37,28,65,0.57
BMnn,48,45,93,0.52
BMns,24,27,51,0.47
BMsB,11,13,24,0.46
BMsD,4,3,7,0.57
BMsH,11,18,29,0.38
BMsI,4,0,4,1.0
BMsK,0,1,1,0.0
BMsL,7,3,10,0.7
BMsM,10,18,28,0.36
BMsN,12,13,25,0.48
BMsP,16,14,30,0.53
BMsS,16,19,35,0.46
BMsb,11,10,21,0.52
BMsl,3,3,6,0.5
BMsm,22,21,43,0.51
BMsn,16,12,28,0.57
BMss,14,15,29,0.48
BMtB,3,3,6,0.5
BMtH,1,4,5,0.2
BMtK,1,0,1,1.0
BMtL,0,1,1,0.0
BMtM,3,5,8,0.38
BMtN,6,4,10,0.6
BMtP,6,2,8,0.75
BMtS,2,3,5,0.4
BMtb,3,2,5,0.6
BMtm,3,2,5,0.6
BMtn,3,4,7,0.43
BMts,0,2,2,0.0
BMtt,0,0,0,
BNBB,35,40,75,0.47
BNBD,5,10,15,0.33
BNBH,1,0,1,1.0
BNBK,2,1,3,0.67
BNBL,4,13,17,0.24
BNBM,18,25,43,0.42
BNBN,22,36,58,0.38
BNBP,27,57,84,0.32
BNBS,17,12,29,0.59
BNBb,38,37,75,0.51
BNBh,1,10,11,0.09
BNBj,3,4,7,0.43
BNBl,5,15,20,0.25
BNBm,45,28,73,0.62
BNBn,49,51,100,0.49
BNBs,7,17,24,0.29
BNBt,3,7,10,0.3
BNDB,7,7,14,0.5
BNDD,4,2,6,0.67
BNDH,5,10,15,0.33
BNDI,0,1,1,0.0
BNDL,0,0,0,
BNDM,7,7,14,0.5
BNDN,3,10,13,0.23
BNDP,5,9,14,0.36
BNDS,8,8,16,0.5
BNDb,4,4,8,0.5
BNDh,1,0,1,1.0
BNDl,2,3,5,0.4
BNDm,10,8,18,0.56
BNDn,7,7,14,0.5
BNDs,1,1,2,0.5
BNDt,1,0,1,1.0
BNHB,7,5,12,0.58
BNHD,0,1,1,0.0
BNHI,1,1,2,0.5
BNHK,2,1,3,0.67
BNHL,0,4,4,0.0
BNHM,2,5,7,0.29
BNHN,3,10,13,0.23
BNHP,3,11,14,0.21
BNHS,1,5,6,0.17
BNHb,5,1,6,0.83
BNHh,3,2,5,0.6
BNHl,5,1,6,0.83
BNHm,4,3,7,0.57
BNHn,6,3,9,0.67
BNHs,6,7,13,0.46
BNHt,1,0,1,1.0
BNIB,0,1,1,0.0
BNIH,0,1,1,0.0
BNIM,1,0,1,1.0
BNIN,0,2,2,0.0
BNIS,0,2,2,0.0
BNIb,2,3,5,0.4
BNIm,2,1,3,0.67
BNIn,0,1,1,0.0
BNKB,2,2,4,0.5
BNKD,1,3,4,0.25
BNKL,1,1,2,0.5
BNKM,1,2,3,0.33
BNKN,0,1,1,0.0
BNKP,5,1,6,0.83
BNKS,8,2,10,0.8
BNKb,4,2,6,0.67
BNKh,6,2,8,0.75
BNKl,2,0,2,1.0
BNKm,6,3,9,0.67
BNKn,2,3,5,0.4
BNKs,3,1,4,0.75
BNLB,6,9,15,0.4
BNLD,3,2,5,0.6
BNLK,0,0,0,
BNLL,2,2,4,0.5
BNLM,3,11,14,0.21
BNLN,12,15,27,0.44
BNLP,16,12,28,0.57
BNLS,1,7,8,0.12
BNLb,8,6,14,0.57
BNLh,2,4,6,0.33
BNLj,1,3,4,0.25
BNLl,1,3,4,0.25
BNLm,7,8,15,0.47
BNLn,14,11,25,0.56
BNLs,3,5,8,0.38
BNLt,1,0,1,1.0
BNMB,24,40,64,0.38
BNMD,5,8,13,0.38
BNMH,0,1,1,0.0
BNML,1,5,6,0.17
BNMM,19,19,38,0.5
BNMN,25,30,55,0.45
BNMP,45,43,88,0.51
BNMS,7,10,17,0.41
BNMb,26,37,63,0.41
BNMh,19,17,36,0.53
BNMj,6,4,10,0.6
BNMl,11,11,22,0.5
BNMm,41,39,80,0.51
BNMn,43,53,96,0.45
BNMs,16,18,34,0.47
BNMt,2,2,4,0.5
BNNB,32,43,75,0.43
BNND,13,6,19,0.68
BNNH,8,4,12,0.67
BNNK,5,6,11,0.45
BNNL,8,14,22,0.36
BNNM,21,34,55,0.38
BNNN,52,39,91,0.57
BNNP,58,72,130,0.45
BNNS,28,27,55,0.51
BNNb,27,23,50,0.54
BNNh,7,16,23,0.3
BNNl,11,15,26,0.42
BNNm,42,42,84,0.5
BNNn,56,64,120,0.47
BNNs,28,34,62,0.45
BNNt,6,9,15,0.4
BNPB,26,49,75,0.35
BNPD,13,8,21,0.62
BNPH,16,18,34,0.47
BNPI,6,7,13,0.46
BNPK,6,4,10,0.6
BNPL,13,20,33,0.39
BNPM,47,50,97,0.48
BNPN,41,54,95,0.43
BNPP,69,62,131,0.53
BNPS,48,30,78,0.62
BNPb,47,32,79,0.59
BNPh,3,11,14,0.21
BNPl,18,13,31,0.58
BNPm,52,54,106,0.49
BNPn,45,55,100,0.45
BNPs,32,25,57,0.56
BNPt,5,10,15,0.33
BNSB,15,17,32,0.47
BNSD,7,2,9,0.78
BNSH,7,14,21,0.33
BNSI,0,1,1,0.0
BNSK,0,0,0,
BNSL,6,5,11,0.55
BNSM,18,20,38,0.47
BNSN,19,17,36,0.53
BNSP,22,34,56,0.39
BNSS,17,28,45,0.38
BNSb,12,19,31,0.39
BNSh,17,14,31,0.55
BNSl,16,4,20,0.8
BNSm,32,20,52,0.62
BNSn,22,26,48,0.46
BNSs,22,23,45,0.49
BNSt,3,4,7,0.43
BNbB,18,25,43,0.42
BNbD,5,2,7,0.71
BNbH,5,8,13,0.38
BNbI,2,2,4,0.5
BNbJ,9,6,15,0.6
BNbK,3,3,6,0.5
BNbL,6,10,16,0.38
BNbM,25,22,47,0.53
BNbN,29,35,64,0.45
BNbP,36,32,68,0.53
BNbS,13,11,24,0.54
BNbb,28,23,51,0.55
BNbh,1,0,1,1.0
BNbl,8,9,17,0.47
BNbm,38,27,65,0.58
BNbn,25,25,50,0.5
BNbs,21,11,32,0.66
BNhB,15,15,30,0.5
BNhD,1,2,3,0.33
BNhH,1,1,2,0.5
BNhI,1,2,3,0.33
BNhK,1,0,1,1.0
BNhL,5,7,12,0.42
BNhM,10,12,22,0.45
BNhN,9,15,24,0.38
BNhP,10,17,27,0.37
BNhS,17,12,29,0.59
BNhb,10,10,20,0.5
BNhh,12,9,21,0.57
BNhl,5,2,7,0.71
BNhm,18,12,30,0.6
BNhn,10,10,20,0.5
BNhs,7,7,14,0.5
BNht,1,0,1,1.0
BNlB,3,9,12,0.25
BNlD,2,5,7,0.29
BNlH,7,11,18,0.39
BNlI,0,1,1,0.0
BNlJ,3,4,7,0.43
BNlK,1,0,1,1.0
BNlL,5,6,11,0.45
BNlM,7,10,17,0.41
BNlN,11,16,27,0.41
BNlP,10,11,21,0.48
BNlS,6,5,11,0.55
BNlb,8,11,19,0.42
BNll,4,1,5,0.8
BNlm,13,8,21,0.62
BNln,6,8,14,0.43
BNls,7,7,14,0.5
BNmB,34,30,64,0.53
BNmD,10,12,22,0.45
BNmH,29,26,55,0.53
BNmI,6,1,7,0.86
BNmJ,3,8,11,0.27
BNmL,8,4,12,0.67
BNmM,39,41,80,0.49
BNmN,39,52,91,0.43
BNmP,38,62,100,0.38
BNmS,28,27,55,0.51
BNmb,25,37,62,0.4
BNmh,2,0,2,1.0
BNml,10,6,16,0.62
BNmm,40,48,88,0.45
BNmn,47,43,90,0.52
BNms,41,24,65,0.63
BNnB,35,39,74,0.47
BNnD,12,10,22,0.55
BNnH,24,41,65,0.37
BNnI,11,8,19,0.58
BNnK,4,0,4,1.0
BNnL,11,13,24,0.46
BNnM,34,40,74,0.46
BNnN,57,70,127,0.45
BNnP,34,54,88,0.39
BNnS,40,47,87,0.46
BNnb,24,27,51,0.47
BNnh,2,5,7,0.29
BNnl,20,10,30,0.67
BNnm,50,38,88,0.57
BNnn,52,53,105,0.5
BNns,39,40,79,0.49
BNsB,21,13,34,0.62
BNsD,2,9,11,0.18
BNsH,19,18,37,0.51
BNsI,5,5,10,0.5
BNsL,8,7,15,0.53
BNsM,27,20,47,0.57
BNsN,28,38,66,0.42
BNsP,30,33,63,0.48
BNsS,19,20,39,0.49
BNsb,14,16,30,0.47
BNsh,2,3,5,0.4
BNsl,8,7,15,0.53
BNsm,24,24,48,0.5
BNsn,32,21,53,0.6
BNss,17,13,30,0.57
BNtB,4,1,5,0.8
BNtD,2,2,4,0.5
BNtH,2,3,5,0.4
BNtI,1,2,3,0.33
BNtL,1,1,2,0.5
BNtM,3,6,9,0.33
BNtN,2,5,7,0.29
BNtP,3,10,13,0.23
BNtS,1,5,6,0.17
BNtb,1,3,4,0.25
BNth,1,0,1,1.0
BNtl,0,0,0,
BNtm,6,0,6,1.0
BNtn,4,7,11,0.36
BNts,4,4,8,0.5
BNtt,2,2,4,0.5
BPBB,37,40,77,0.48
BPBD,5,9,14,0.36
BPBH,0,0,0,
BPBK,4,3,7,0.57
BPBL,9,7,16,0.56
BPBM,21,30,51,0.41
BPBN,40,36,76,0.53
BPBP,48,52,100,0.48
BPBS,20,12,32,0.62
BPBb,33,30,63,0.52
BPBh,4,5,9,0.44
BPBj,10,8,18,0.56
BPBl,12,11,23,0.52
BPBm,47,41,88,0.53
BPBn,45,42,87,0.52
BPBs,17,16,33,0.52
BPBt,2,8,10,0.2
BPDB,5,7,12,0.42
BPDD,2,2,4,0.5
BPDH,9,6,15,0.6
BPDI,3,0,3,1.0
BPDL,2,2,4,0.5
BPDM,11,7,18,0.61
BPDN,6,4,10,0.6
BPDP,5,12,17,0.29
BPDS,4,5,9,0.44
BPDb,6,8,14,0.43
BPDl,4,3,7,0.57
BPDm,4,8,12,0.33
BPDn,4,4,8,0.5
BPDs,5,8,13,0.38
BPHB,9,6,15,0.6
BPHD,1,0,1,1.0
BPHH,2,2,4,0.5
BPHI,2,1,3,0.67
BPHK,1,1,2,0.5
BPHL,2,2,4,0.5
BPHM,6,10,16,0.38
BPHN,9,12,21,0.43
BPHP,11,13,24,0.46
BPHS,7,11,18,0.39
BPHb,6,9,15,0.4
BPHh,2,4,6,0.33
BPHl,6,6,12,0.5
BPHm,12,7,19,0.63
BPHn,9,9,18,0.5
BPHs,11,14,25,0.44
BPHt,0,2,2,0.0
BPIB,4,0,4,1.0
BPIH,2,4,6,0.33
BPIL,0,1,1,0.0
BPIM,5,8,13,0.38
BPIN,2,0,2,1.0
BPIP,4,1,5,0.8
BPIS,1,2,3,0.33
BPIb,1,4,5,0.2
BPIl,2,0,2,1.0
BPIm,3,6,9,0.33
BPIn,4,2,6,0.67
BPIs,6,2,8,0.75
BPIt,1,1,2,0.5
BPKB,2,2,4,0.5
BPKD,2,2,4,0.5
BPKH,2,1,3,0.67
BPKL,2,0,2,1.0
BPKM,11,11,22,0.5
BPKN,6,1,7,0.86
BPKP,4,3,7,0.57
BPKS,2,2,4,0.5
BPKb,1,4,5,0.2
BPKh,4,5,9,0.44
BPKl,1,3,4,0.25
BPKm,5,8,13,0.38
BPKn,0,5,5,0.0
BPKs,1,6,7,0.14
BPKt,0,1,1,0.0
BPLB,14,15,29,0.48
BPLD,4,3,7,0.57
BPLH,0,0,0,
BPLK,1,0,1,1.0
BPLL,4,4,8,0.5
BPLM,9,9,18,0.5
BPLN,11,12,23,0.48
BPLP,14,17,31,0.45
BPLS,10,8,18,0.56
BPLb,11,12,23,0.48
BPLh,10,3,13,0.77
BPLj,5,3,8,0.62
BPLl,10,10,20,0.5
BPLm,23,23,46,0.5
BPLn,16,16,32,0.5
BPLs,14,4,18,0.78
BPLt,1,2,3,0.33
BPMB,31,38,69,0.45
BPMD,9,2,11,0.82
BPMK,0,0,0,
BPML,10,11,21,0.48
BPMM,23,27,50,0.46
BPMN,41,39,80,0.51
BPMP,42,51,93,0.45
BPMS,18,27,45,0.4
BPMb,25,37,62,0.4
BPMh,22,32,54,0.41
BPMj,5,4,9,0.56
BPMl,15,9,24,0.62
BPMm,56,50,106,0.53
BPMn,40,43,83,0.48
BPMs,18,28,46,0.39
BPMt,3,2,5,0.6
BPNB,41,43,84,0.49
BPND,5,6,11,0.45
BPNH,6,7,13,0.46
BPNI,0,2,2,0.0
BPNK,3,4,7,0.43
BPNL,14,17,31,0.45
BPNM,23,36,59,0.39
BPNN,35,39,74,0.47
BPNP,69,49,118,0.58
BPNS,28,28,56,0.5
BPNb,23,29,52,0.44
BPNh,11,16,27,0.41
BPNl,14,12,26,0.54
BPNm,46,56,102,0.45
BPNn,51,54,105,0.49
BPNs,26,32,58,0.45
BPNt,7,5,12,0.58
BPPB,54,54,108,0.5
BPPD,10,12,22,0.45
BPPH,11,17,28,0.39
BPPI,7,4,11,0.64
BPPK,2,8,10,0.2
BPPL,29,25,54,0.54
BPPM,47,72,119,0.39
BPPN,46,56,102,0.45
BPPP,82,97,179,0.46
BPPS,43,40,83,0.52
BPPb,51,49,100,0.51
BPPh,6,7,13,0.46
BPPl,25,35,60,0.42
BPPm,80,70,150,0.53
BPPn,46,52,98,0.47
BPPs,37,49,86,0.43
BPPt,5,4,9,0.56
BPSB,15,22,37,0.41
BPSD,5,9,14,0.36
BPSH,8,10,18,0.44
BPSK,0,1,1,0.0
BPSL,6,9,15,0.4
BPSM,16,30,46,0.35
BPSN,26,21,47,0.55
BPSP,29,33,62,0.47
BPSS,17,28,45,0.38
BPSb,17,20,37,0.46
BPSh,10,18,28,0.36
BPSl,8,9,17,0.47
BPSm,38,28,66,0.58
BPSn,25,20,45,0.56
BPSs,22,24,46,0.48
BPSt,3,1,4,0.75
BPbB,42,30,72,0.58
BPbD,3,8,11,0.27
BPbH,7,9,16,0.44
BPbI,5,2,7,0.71
BPbJ,6,4,10,0.6
BPbK,3,5,8,0.38
BPbL,7,11,18,0.39
BPbM,34,47,81,0.42
BPbN,32,41,73,0.44
BPbP,33,37,70,0.47
BPbS,12,18,30,0.4
BPbb,27,25,52,0.52
BPbl,9,13,22,0.41
BPbm,34,31,65,0.52
BPbn,36,27,63,0.57
BPbs,19,14,33,0.58
BPhB,3,1,4,0.75
BPhD,2,0,2,1.0
BPhM,1,6,7,0.14
BPhN,3,9,12,0.25
BPhP,9,9,18,0.5
BPhS,4,6,10,0.4
BPhb,4,4,8,0.5
BPhh,3,3,6,0.5
BPhl,1,3,4,0.25
BPhm,7,8,15,0.47
BPhn,3,1,4,0.75
BPhs,3,4,7,0.43
BPlB,17,12,29,0.59
BPlD,0,5,5,0.0
BPlH,4,15,19,0.21
BPlI,2,0,2,1.0
BPlJ,5,3,8,0.62
BPlL,12,5,17,0.71
BPlM,12,12,24,0.5
BPlN,23,18,41,0.56
BPlP,27,16,43,0.63
BPlS,12,11,23,0.52
BPlb,9,18,27,0.33
BPll,6,2,8,0.75
BPlm,10,16,26,0.38
BPln,8,14,22,0.36
BPls,9,9,18,0.5
BPmB,37,49,86,0.43
BPmD,10,12,22,0.45
BPmH,25,28,53,0.47
BPmI,3,3,6,0.5
BPmJ,9,8,17,0.53
BPmK,1,1,2,0.5
BPmL,15,17,32,0.47
BPmM,39,48,87,0.45
BPmN,55,45,100,0.55
BPmP,50,44,94,0.53
BPmS,34,25,59,0.58
BPmb,31,32,63,0.49
BPmh,0,0,0,
BPml,14,21,35,0.4
BPmm,53,42,95,0.56
BPmn,38,49,87,0.44
BPms,26,30,56,0.46
BPnB,31,25,56,0.55
BPnD,4,10,14,0.29
BPnH,17,23,40,0.42
BPnI,7,8,15,0.47
BPnK,2,3,5,0.4
BPnL,15,13,28,0.54
BPnM,29,30,59,0.49
BPnN,38,45,83,0.46
BPnP,46,54,100,0.46
BPnS,30,27,57,0.53
BPnb,36,32,68,0.53
BPnh,1,3,4,0.25
BPnl,14,9,23,0.61
BPnm,36,22,58,0.62
BPnn,37,40,77,0.48
BPns,27,40,67,0.4
BPnt,1,0,1,1.0
BPsB,15,10,25,0.6
BPsD,7,7,14,0.5
BPsH,21,16,37,0.57
BPsI,3,3,6,0.5
BPsK,1,0,1,1.0
BPsL,13,9,22,0.59
BPsM,12,24,36,0.33
BPsN,30,20,50,0.6
BPsP,27,36,63,0.43
BPsS,33,19,52,0.63
BPsb,10,11,21,0.48
BPsh,3,0,3,1.0
BPsl,11,11,22,0.5
BPsm,33,22,55,0.6
BPsn,26,17,43,0.6
BPss,18,26,44,0.41
BPst,0,1,1,0.0
BPtB,1,6,7,0.14
BPtD,1,0,1,1.0
BPtH,3,2,5,0.6
BPtI,0,1,1,0.0
BPtK,0,1,1,0.0
BPtL,1,4,5,0.2
BPtM,3,2,5,0.6
BPtN,3,5,8,0.38
BPtP,3,7,10,0.3
BPtS,0,1,1,0.0
BPtb,2,1,3,0.67
BPtl,0,1,1,0.0
BPtm,2,3,5,0.4
BPtn,2,4,6,0.33
BPts,1,1,2,0.5
BPtt,1,0,1,1.0
BSBB,18,14,32,0.56
BSBD,5,2,7,0.71
BSBK,1,2,3,0.33
BSBL,4,6,10,0.4
BSBM,5,10,15,0.33
BSBN,15,16,31,0.48
BSBP,23,20,43,0.53
BSBS,5,11,16,0.31
BSBb,16,9,25,0.64
BSBh,0,3,3,0.0
BSBj,3,2,5,0.6
BSBl,8,5,13,0.62
BSBm,13,14,27,0.48
BSBn,26,16,42,0.62
BSBs,11,9,20,0.55
BSBt,0,3,3,0.0
BSDB,2,2,4,0.5
BSDD,2,1,3,0.67
BSDH,1,2,3,0.33
BSDI,1,0,1,1.0
BSDL,0,0,0,
BSDM,6,3,9,0.67
BSDN,0,2,2,0.0
BSDP,9,2,11,0.82
BSDS,0,5,5,0.0
BSDb,6,3,9,0.67
BSDh,0,1,1,0.0
BSDm,4,6,10,0.4
BSDn,1,3,4,0.25
BSDs,5,4,9,0.56
BSHB,4,6,10,0.4
BSHD,3,3,6,0.5
BSHH,1,4,5,0.2
BSHI,4,1,5,0.8
BSHK,1,0,1,1.0
BSHL,0,3,3,0.0
BSHM,8,8,16,0.5
BSHN,3,2,5,0.6
BSHP,9,4,13,0.69
BSHS,6,10,16,0.38
BSHb,7,5,12,0.58
BSHh,2,3,5,0.4
BSHl,4,3,7,0.57
BSHm,5,10,15,0.33
BSHn,6,1,7,0.86
BSHs,4,6,10,0.4
BSHt,0,1,1,0.0
BSIB,1,0,1,1.0
BSID,0,0,0,
BSIH,0,1,1,0.0
BSIM,2,1,3,0.67
BSIN,0,1,1,0.0
BSIP,0,1,1,0.0
BSIS,0,3,3,0.0
BSIb,0,2,2,0.0
BSKB,1,0,1,1.0
BSKM,1,0,1,1.0
BSKn,0,1,1,0.0
BSKs,1,1,2,0.5
BSLB,2,7,9,0.22
BSLD,1,0,1,1.0
BSLK,0,0,0,
BSLL,3,3,6,0.5
BSLM,4,4,8,0.5
BSLN,1,6,7,0.14
BSLP,7,4,11,0.64
BSLS,4,3,7,0.57
BSLb,3,4,7,0.43
BSLh,3,2,5,0.6
BSLj,2,2,4,0.5
BSLl,2,4,6,0.33
BSLm,9,7,16,0.56
BSLn,3,5,8,0.38
BSLs,2,5,7,0.29
BSLt,1,0,1,1.0
BSMB,19,15,34,0.56
BSMD,4,2,6,0.67
BSMH,0,1,1,0.0
BSML,4,3,7,0.57
BSMM,26,25,51,0.51
BSMN,15,12,27,0.56
BSMP,19,30,49,0.39
BSMS,9,19,28,0.32
BSMb,13,24,37,0.35
BSMh,7,13,20,0.35
BSMj,1,1,2,0.5
BSMl,6,4,10,0.6
BSMm,23,26,49,0.47
BSMn,17,18,35,0.49
BSMs,13,13,26,0.5
BSMt,1,2,3,0.33
BSNB,12,18,30,0.4
BSND,3,3,6,0.5
BSNH,2,4,6,0.33
BSNI,1,2,3,0.33
BSNK,0,1,1,0.0
BSNL,4,2,6,0.67
BSNM,12,17,29,0.41
BSNN,19,24,43,0.44
BSNP,25,15,40,0.62
BSNS,13,14,27,0.48
BSNb,14,10,24,0.58
BSNh,2,5,7,0.29
BSNl,3,5,8,0.38
BSNm,15,19,34,0.44
BSNn,24,24,48,0.5
BSNs,13,14,27,0.48
BSNt,4,2,6,0.67
BSPB,18,16,34,0.53
BSPD,1,3,4,0.25
BSPH,5,7,12,0.42
BSPI,1,1,2,0.5
BSPK,1,1,2,0.5
BSPL,7,9,16,0.44
BSPM,16,30,46,0.35
BSPN,23,27,50,0.46
BSPP,27,26,53,0.51
BSPS,16,20,36,0.44
BSPb,10,15,25,0.4
BSPh,3,5,8,0.38
BSPl,10,11,21,0.48
BSPm,29,21,50,0.58
BSPn,24,14,38,0.63
BSPs,24,9,33,0.73
BSPt,2,2,4,0.5
BSSB,8,14,22,0.36
BSSD,3,8,11,0.27
BSSH,6,8,14,0.43
BSSI,0,0,0,
BSSK,0,0,0,
BSSL,6,7,13,0.46
BSSM,17,14,31,0.55
BSSN,15,12,27,0.56
BSSP,11,17,28,0.39
BSSS,20,27,47,0.43
BSSb,9,8,17,0.53
BSSh,8,9,17,0.47
BSSl,7,1,8,0.88
BSSm,24,19,43,0.56
BSSn,17,15,32,0.53
BSSs,15,15,30,0.5
BSSt,5,3,8,0.62
BSbB,9,12,21,0.43
BSbD,3,0,3,1.0
BSbH,3,9,12,0.25
BSbI,1,1,2,0.5
BSbJ,7,2,9,0.78
BSbK,0,1,1,0.0
BSbL,2,5,7,0.29
BSbM,17,12,29,0.59
BSbN,21,15,36,0.58
BSbP,12,16,28,0.43
BSbS,8,11,19,0.42
BSbb,13,10,23,0.57
BSbl,5,2,7,0.71
BSbm,16,9,25,0.64
BSbn,11,13,24,0.46
BSbs,8,12,20,0.4
BShB,5,6,11,0.45
BShD,3,1,4,0.75
BShH,6,4,10,0.6
BShI,0,1,1,0.0
BShK,0,1,1,0.0
BShL,1,4,5,0.2
BShM,3,6,9,0.33
BShN,8,13,21,0.38
BShP,9,6,15,0.6
BShS,10,6,16,0.62
BShb,6,3,9,0.67
BShh,6,6,12,0.5
BShl,4,1,5,0.8
BShm,10,7,17,0.59
BShn,8,5,13,0.62
BShs,8,8,16,0.5
BSht,0,1,1,0.0
BSlB,3,4,7,0.43
BSlD,2,1,3,0.67
BSlH,2,5,7,0.29
BSlI,2,0,2,1.0
BSlJ,1,1,2,0.5
BSlK,0,1,1,0.0
BSlL,3,1,4,0.75
BSlM,4,8,12,0.33
BSlN,3,6,9,0.33
BSlP,2,7,9,0.22
BSlS,3,3,6,0.5
BSlb,8,2,10,0.8
BSll,1,3,4,0.25
BSlm,7,10,17,0.41
BSln,1,7,8,0.12
BSls,1,2,3,0.33
BSmB,17,7,24,0.71
BSmD,10,6,16,0.62
BSmH,23,15,38,0.61
BSmI,1,2,3,0.33
BSmJ,2,2,4,0.5
BSmK,1,1,2,0.5
BSmL,5,2,7,0.71
BSmM,17,21,38,0.45
BSmN,21,22,43,0.49
BSmP,18,18,36,0.5
BSmS,19,9,28,0.68
BSmb,18,12,30,0.6
BSml,4,6,10,0.4
BSmm,23,11,34,0.68
BSmn,16,19,35,0.46
BSms,9,7,16,0.56
BSnB,12,10,22,0.55
BSnD,5,2,7,0.71
BSnH,13,9,22,0.59
BSnI,1,4,5,0.2
BSnK,2,1,3,0.67
BSnL,2,4,6,0.33
BSnM,9,26,35,0.26
BSnN,21,15,36,0.58
BSnP,21,25,46,0.46
BSnS,9,17,26,0.35
BSnb,8,10,18,0.44
BSnh,0,2,2,0.0
BSnl,4,7,11,0.36
BSnm,11,16,27,0.41
BSnn,16,19,35,0.46
BSns,6,17,23,0.26
BSsB,12,7,19,0.63
BSsD,4,4,8,0.5
BSsH,12,16,28,0.43
BSsI,3,6,9,0.33
BSsK,0,1,1,0.0
BSsL,6,2,8,0.75
BSsM,9,18,27,0.33
BSsN,15,15,30,0.5
BSsP,16,17,33,0.48
BSsS,20,22,42,0.48
BSsb,10,10,20,0.5
BSsh,3,1,4,0.75
BSsl,2,5,7,0.29
BSsm,23,18,41,0.56
BSsn,20,19,39,0.51
BSss,13,17,30,0.43
BStB,4,2,6,0.67
BStD,1,2,3,0.33
BStH,2,2,4,0.5
BStL,0,2,2,0.0
BStM,2,2,4,0.5
BStN,1,2,3,0.33
BStP,3,3,6,0.5
BStS,1,1,2,0.5
BStb,3,0,3,1.0
BStl,0,1,1,0.0
BStm,2,1,3,0.67
BStn,2,3,5,0.4
BSts,3,4,7,0.43
BbBB,26,32,58,0.45
BbBD,1,3,4,0.25
BbBK,0,1,1,0.0
BbBL,8,5,13,0.62
BbBM,22,21,43,0.51
BbBN,34,35,69,0.49
BbBP,29,45,74,0.39
BbBS,13,15,28,0.46
BbBb,22,18,40,0.55
BbBh,5,3,8,0.62
BbBj,8,8,16,0.5
BbBl,8,10,18,0.44
BbBm,30,29,59,0.51
BbBn,35,42,77,0.45
BbBs,14,12,26,0.54
BbBt,4,3,7,0.57
BbDB,2,4,6,0.33
BbDD,3,2,5,0.6
BbDH,3,4,7,0.43
BbDL,1,2,3,0.33
BbDM,2,3,5,0.4
BbDN,4,7,11,0.36
BbDP,3,8,11,0.27
BbDS,7,1,8,0.88
BbDb,1,2,3,0.33
BbDl,2,2,4,0.5
BbDm,8,5,13,0.62
BbDn,2,4,6,0.33
BbDs,2,3,5,0.4
BbHB,1,9,10,0.1
BbHD,2,2,4,0.5
BbHH,2,2,4,0.5
BbHI,2,0,2,1.0
BbHK,0,0,0,
BbHL,1,3,4,0.25
BbHM,7,3,10,0.7
BbHN,10,5,15,0.67
BbHP,8,10,18,0.44
BbHS,3,3,6,0.5
BbHb,5,12,17,0.29
BbHh,2,2,4,0.5
BbHl,3,3,6,0.5
BbHm,14,8,22,0.64
BbHn,6,12,18,0.33
BbHs,5,3,8,0.62
BbIB,2,4,6,0.33
BbID,0,0,0,
BbIH,4,1,5,0.8
BbIL,1,1,2,0.5
BbIM,7,1,8,0.88
BbIN,6,6,12,0.5
BbIP,2,5,7,0.29
BbIS,2,2,4,0.5
BbIb,4,1,5,0.8
BbIl,0,1,1,0.0
BbIm,2,3,5,0.4
BbIn,8,5,13,0.62
BbIs,1,4,5,0.2
BbIt,0,1,1,0.0
BbJB,9,5,14,0.64
BbJD,2,0,2,1.0
BbJH,5,10,15,0.33
BbJI,3,1,4,0.75
BbJK,1,0,1,1.0
BbJL,3,2,5,0.6
BbJM,8,6,14,0.57
BbJN,7,9,16,0.44
BbJP,12,11,23,0.52
BbJS,7,9,16,0.44
BbJb,5,5,10,0.5
BbJh,0,1,1,0.0
BbJl,4,2,6,0.67
BbJm,8,4,12,0.67
BbJn,8,14,22,0.36
BbJs,5,5,10,0.5
BbJt,1,1,2,0.5
BbKB,3,2,5,0.6
BbKD,1,1,2,0.5
BbKH,2,0,2,1.0
BbKI,1,0,1,1.0
BbKL,0,2,2,0.0
BbKM,3,4,7,0.43
BbKN,4,2,6,0.67
BbKP,7,5,12,0.58
BbKS,1,1,2,0.5
BbKb,0,4,4,0.0
BbKh,3,2,5,0.6
BbKl,5,0,5,1.0
BbKm,6,1,7,0.86
BbKn,2,2,4,0.5
BbKs,2,1,3,0.67
BbKt,1,0,1,1.0
BbLB,5,3,8,0.62
BbLD,1,1,2,0.5
BbLK,2,0,2,1.0
BbLL,2,5,7,0.29
BbLM,5,8,13,0.38
BbLN,6,13,19,0.32
BbLP,9,12,21,0.43
BbLS,3,8,11,0.27
BbLb,6,6,12,0.5
BbLh,4,4,8,0.5
BbLj,2,0,2,1.0
BbLl,2,1,3,0.67
BbLm,6,13,19,0.32
BbLn,12,21,33,0.36
BbLs,5,2,7,0.71
BbLt,2,2,4,0.5
BbMB,20,23,43,0.47
BbMD,4,3,7,0.57
BbMH,0,1,1,0.0
BbMI,1,0,1,1.0
BbMK,0,1,1,0.0
BbML,5,9,14,0.36
BbMM,21,17,38,0.55
BbMN,31,29,60,0.52
BbMP,32,44,76,0.42
BbMS,12,19,31,0.39
BbMb,33,16,49,0.67
BbMh,15,16,31,0.48
BbMj,3,4,7,0.43
BbMl,9,9,18,0.5
BbMm,47,24,71,0.66
BbMn,43,36,79,0.54
BbMs,14,12,26,0.54
BbMt,0,4,4,0.0
BbNB,30,32,62,0.48
BbND,6,7,13,0.46
BbNH,8,9,17,0.47
BbNI,1,1,2,0.5
BbNK,4,3,7,0.57
BbNL,7,8,15,0.47
BbNM,22,29,51,0.43
BbNN,43,52,95,0.45
BbNP,63,44,107,0.59
BbNS,24,25,49,0.49
BbNb,31,20,51,0.61
BbNh,9,11,20,0.45
BbNl,6,7,13,0.46
BbNm,49,31,80,0.61
BbNn,61,40,101,0.6
BbNs,28,23,51,0.55
BbNt,5,7,12,0.42
BbPB,30,33,63,0.48
BbPD,6,5,11,0.55
BbPH,8,10,18,0.44
BbPI,4,2,6,0.67
BbPK,3,2,5,0.6
BbPL,9,15,24,0.38
BbPM,22,47,69,0.32
BbPN,41,41,82,0.5
BbPP,37,51,88,0.42
BbPS,25,28,53,0.47
BbPb,37,24,61,0.61
BbPh,8,7,15,0.53
BbPl,9,6,15,0.6
BbPm,33,33,66,0.5
BbPn,52,29,81,0.64
BbPs,21,20,41,0.51
BbPt,3,5,8,0.38
BbSB,7,11,18,0.39
BbSD,4,2,6,0.67
BbSH,8,6,14,0.57
BbSL,5,6,11,0.45
BbSM,5,11,16,0.31
BbSN,15,11,26,0.58
BbSP,10,20,30,0.33
BbSS,13,16,29,0.45
BbSb,14,6,20,0.7
BbSh,9,5,14,0.64
BbSl,4,6,10,0.4
BbSm,16,12,28,0.57
BbSn,21,18,39,0.54
BbSs,20,14,34,0.59
BbSt,5,3,8,0.62
BbbB,20,24,44,0.45
BbbD,2,3,5,0.4
BbbH,8,8,16,0.5
BbbI,2,1,3,0.67
BbbJ,6,2,8,0.75
BbbK,3,5,8,0.38
BbbL,5,7,12,0.42
BbbM,19,29,48,0.4
BbbN,31,33,64,0.48
BbbP,37,30,67,0.55
BbbS,18,9,27,0.67
Bbbb,22,24,46,0.48
Bbbh,0,1,1,0.0
Bbbl,10,6,16,0.62
Bbbm,23,13,36,0.64
Bbbn,33,27,60,0.55
Bbbs,17,7,24,0.71
BbhB,0,1,1,0.0
BbhM,0,1,1,0.0
BbhN,1,0,1,1.0
BbhS,1,0,1,1.0
Bbhb,1,0,1,1.0
BblB,7,2,9,0.78
BblD,1,0,1,1.0
BblH,5,2,7,0.71
BblI,0,0,0,
BblJ,2,3,5,0.4
BblK,0,0,0,
BblL,2,2,4,0.5
BblM,6,7,13,0.46
BblN,9,14,23,0.39
BblP,11,17,28,0.39
BblS,5,9,14,0.36
Bblb,10,7,17,0.59
Bbll,4,4,8,0.5
Bblm,7,9,16,0.44
Bbln,9,9,18,0.5
Bbls,6,1,7,0.86
BbmB,29,27,56,0.52
BbmD,10,8,18,0.56
BbmH,14,15,29,0.48
BbmJ,6,4,10,0.6
BbmK,1,1,2,0.5
BbmL,4,7,11,0.36
BbmM,27,25,52,0.52
BbmN,38,22,60,0.63
BbmP,29,29,58,0.5
BbmS,18,26,44,0.41
Bbmb,20,21,41,0.49
Bbmh,1,1,2,0.5
Bbml,9,7,16,0.56
Bbmm,34,21,55,0.62
Bbmn,13,26,39,0.33
Bbms,13,17,30,0.43
BbnB,25,26,51,0.49
BbnD,10,9,19,0.53
BbnH,18,16,34,0.53
BbnI,3,7,10,0.3
BbnK,4,3,7,0.57
BbnL,9,4,13,0.69
BbnM,21,35,56,0.38
BbnN,36,40,76,0.47
BbnP,36,34,70,0.51
BbnS,22,16,38,0.58
Bbnb,22,25,47,0.47
Bbnh,2,0,2,1.0
Bbnl,7,6,13,0.54
Bbnm,23,22,45,0.51
Bbnn,28,30,58,0.48
Bbns,16,17,33,0.48
BbsB,11,8,19,0.58
BbsD,4,6,10,0.4
BbsH,17,20,37,0.46
BbsI,0,4,4,0.0
BbsK,0,1,1,0.0
BbsL,4,6,10,0.4
BbsM,13,16,29,0.45
BbsN,17,13,30,0.57
BbsP,18,15,33,0.55
BbsS,13,14,27,0.48
Bbsb,13,5,18,0.72
Bbsh,1,1,2,0.5
Bbsl,3,1,4,0.75
Bbsm,13,14,27,0.48
Bbsn,14,12,26,0.54
Bbss,13,12,25,0.52
Bbst,0,1,1,0.0
Bbtt,1,0,1,1.0
BhBB,1,3,4,0.25
BhBK,1,0,1,1.0
BhBM,3,4,7,0.43
BhBN,6,10,16,0.38
BhBP,5,2,7,0.71
BhBS,0,3,3,0.0
BhBb,3,1,4,0.75
BhBh,1,0,1,1.0
BhBj,1,1,2,0.5
BhBl,1,1,2,0.5
BhBm,1,5,6,0.17
BhBn,3,4,7,0.43
BhBs,0,1,1,0.0
BhBt,1,0,1,1.0
BhDH,1,1,2,0.5
BhDL,0,1,1,0.0
BhDM,0,1,1,0.0
BhDN,0,0,0,
BhDP,2,1,3,0.67
BhDb,1,2,3,0.33
BhDm,1,0,1,1.0
BhDn,1,0,1,1.0
BhDs,0,1,1,0.0
BhHM,0,0,0,
BhHN,1,0,1,1.0
BhHP,1,0,1,1.0
BhHS,1,1,2,0.5
BhHb,1,0,1,1.0
BhHn,0,0,0,
BhIH,1,1,2,0.5
BhIM,1,0,1,1.0
BhIN,0,1,1,0.0
BhIP,1,1,2,0.5
BhIl,0,1,1,0.0
BhIm,3,0,3,1.0
BhKP,0,1,1,0.0
BhLB,0,3,3,0.0
BhLD,1,1,2,0.5
BhLK,0,1,1,0.0
BhLL,0,2,2,0.0
BhLM,2,0,2,1.0
BhLN,2,0,2,1.0
BhLP,2,0,2,1.0
BhLS,2,0,2,1.0
BhLb,3,1,4,0.75
BhLh,0,2,2,0.0
BhLj,1,0,1,1.0
BhLl,2,1,3,0.67
BhLm,1,0,1,1.0
BhLn,1,2,3,0.33
BhMB,0,3,3,0.0
BhMD,2,1,3,0.67
BhMM,3,2,5,0.6
BhMN,3,4,7,0.43
BhMP,5,3,8,0.62
BhMS,1,2,3,0.33
BhMb,1,3,4,0.25
BhMh,2,3,5,0.4
BhMj,1,1,2,0.5
BhMl,2,0,2,1.0
BhMm,7,4,11,0.64
BhMn,7,3,10,0.7
BhMs,2,2,4,0.5
BhMt,0,1,1,0.0
BhNB,4,2,6,0.67
BhNH,0,0,0,
BhNL,2,0,2,1.0
BhNM,1,3,4,0.25
BhNN,3,5,8,0.38
BhNP,3,3,6,0.5
BhNS,3,1,4,0.75
BhNb,0,6,6,0.0
BhNh,2,1,3,0.67
BhNl,1,0,1,1.0
BhNm,7,2,9,0.78
BhNn,4,6,10,0.4
BhNs,0,5,5,0.0
BhPB,6,4,10,0.6
BhPD,0,1,1,0.0
BhPH,1,1,2,0.5
BhPI,1,1,2,0.5
BhPK,0,2,2,0.0
BhPL,1,1,2,0.5
BhPM,3,1,4,0.75
BhPN,1,3,4,0.25
BhPP,5,3,8,0.62
BhPS,6,1,7,0.86
BhPb,5,3,8,0.62
BhPh,0,0,0,
BhPl,0,2,2,0.0
BhPm,5,8,13,0.38
BhPn,4,4,8,0.5
BhPs,2,0,2,1.0
BhPt,0,1,1,0.0
BhSB,5,1,6,0.83
BhSD,0,1,1,0.0
BhSM,3,4,7,0.43
BhSN,2,3,5,0.4
BhSP,2,3,5,0.4
BhSS,2,5,7,0.29
BhSb,3,2,5,0.6
BhSh,1,6,7,0.14
BhSl,1,0,1,1.0
BhSm,0,2,2,0.0
BhSn,2,1,3,0.67
BhSs,6,2,8,0.75
BhSt,0,1,1,0.0
BhbB,6,3,9,0.67
BhbD,1,0,1,1.0
BhbI,0,0,0,
BhbJ,1,0,1,1.0
BhbL,1,4,5,0.2
BhbM,1,2,3,0.33
BhbN,5,5,10,0.5
BhbP,7,3,10,0.7
BhbS,0,5,5,0.0
Bhbb,2,1,3,0.67
Bhbm,2,4,6,0.33
Bhbn,3,0,3,1.0
Bhbs,1,0,1,1.0
BhhB,1,1,2,0.5
BhhH,0,1,1,0.0
BhhI,1,0,1,1.0
BhhL,0,0,0,
BhhM,8,5,13,0.62
BhhN,3,3,6,0.5
BhhP,2,3,5,0.4
BhhS,1,0,1,1.0
Bhhb,2,0,2,1.0
Bhhh,2,1,3,0.67
Bhhm,2,4,6,0.33
Bhhn,3,5,8,0.38
Bhhs,0,5,5,0.0
Bhht,0,2,2,0.0
BhlB,1,0,1,1.0
BhlD,0,0,0,
BhlH,1,1,2,0.5
BhlM,1,0,1,1.0
BhlN,2,1,3,0.67
BhlS,1,2,3,0.33
Bhlb,2,0,2,1.0
Bhlm,0,1,1,0.0
Bhln,2,0,2,1.0
Bhls,0,4,4,0.0
BhmB,3,4,7,0.43
BhmD,2,1,3,0.67
BhmH,4,3,7,0.57
BhmK,1,0,1,1.0
BhmL,1,1,2,0.5
BhmM,2,2,4,0.5
BhmN,3,2,5,0.6
BhmP,2,4,6,0.33
BhmS,3,4,7,0.43
Bhmb,2,6,8,0.25
Bhmh,0,0,0,
Bhml,3,3,6,0.5
Bhmm,4,5,9,0.44
Bhmn,1,3,4,0.25
Bhms,3,4,7,0.43
BhnB,4,5,9,0.44
BhnD,0,2,2,0.0
BhnH,3,2,5,0.6
BhnI,1,0,1,1.0
BhnL,0,2,2,0.0
BhnM,3,5,8,0.38
BhnN,6,6,12,0.5
BhnP,5,8,13,0.38
BhnS,4,2,6,0.67
Bhnb,5,4,9,0.56
Bhnm,4,3,7,0.57
Bhnn,2,3,5,0.4
Bhns,8,2,10,0.8
BhsB,1,7,8,0.12
BhsD,2,0,2,1.0
BhsH,3,4,7,0.43
BhsL,1,0,1,1.0
BhsM,3,3,6,0.5
BhsN,2,1,3,0.67
BhsP,2,6,8,0.25
BhsS,3,3,6,0.5
Bhsb,2,0,2,1.0
Bhsl,0,1,1,0.0
Bhsm,3,2,5,0.6
Bhsn,4,4,8,0.5
Bhss,1,3,4,0.25
BhtB,1,2,3,0.33
BhtH,0,2,2,0.0
BhtP,1,0,1,1.0
Bhtb,1,0,1,1.0
Bhtn,0,0,0,
BjBB,8,8,16,0.5
BjBD,1,1,2,0.5
BjBK,1,2,3,0.33
BjBL,2,4,6,0.33
BjBM,2,5,7,0.29
BjBN,6,4,10,0.6
BjBP,9,13,22,0.41
BjBS,2,4,6,0.33
BjBb,8,4,12,0.67
BjBh,0,1,1,0.0
BjBj,3,1,4,0.75
BjBl,1,1,2,0.5
BjBm,6,8,14,0.43
BjBn,10,12,22,0.45
BjBs,3,5,8,0.38
BjBt,1,1,2,0.5
BjDL,0,1,1,0.0
BjDM,0,4,4,0.0
BjDN,2,1,3,0.67
BjDP,5,0,5,1.0
BjDb,1,0,1,1.0
BjDm,1,1,2,0.5
BjDn,1,2,3,0.33
BjHB,1,1,2,0.5
BjHH,0,1,1,0.0
BjHL,1,1,2,0.5
BjHM,0,2,2,0.0
BjHN,1,1,2,0.5
BjHP,4,5,9,0.44
BjHS,1,1,2,0.5
BjHb,0,2,2,0.0
BjHl,2,0,2,1.0
BjHm,1,0,1,1.0
BjHn,0,2,2,0.0
BjHs,1,2,3,0.33
BjIB,0,1,1,0.0
BjIH,1,1,2,0.5
BjIM,1,3,4,0.25
BjIN,1,1,2,0.5
BjIP,1,0,1,1.0
BjIS,0,1,1,0.0
BjIm,3,0,3,1.0
BjIn,2,1,3,0.67
BjIt,1,0,1,1.0
BjKM,0,0,0,
BjKS,1,2,3,0.33
BjKb,0,2,2,0.0
BjKh,1,0,1,1.0
BjKm,0,1,1,0.0
BjLB,4,0,4,1.0
BjLK,2,0,2,1.0
BjLL,0,3,3,0.0
BjLM,1,4,5,0.2
BjLN,1,2,3,0.33
BjLP,3,6,9,0.33
BjLS,3,0,3,1.0
BjLb,4,1,5,0.8
BjLh,1,1,2,0.5
BjLj,0,1,1,0.0
BjLl,2,1,3,0.67
BjLm,4,4,8,0.5
BjLn,4,4,8,0.5
BjLs,1,1,2,0.5
BjLt,1,0,1,1.0
BjMB,4,7,11,0.36
BjMD,2,1,3,0.67
BjML,0,1,1,0.0
BjMM,4,9,13,0.31
BjMN,3,3,6,0.5
BjMP,8,10,18,0.44
BjMS,5,2,7,0.71
BjMb,5,5,10,0.5
BjMh,2,3,5,0.4
BjMj,3,1,4,0.75
BjMl,2,5,7,0.29
BjMm,11,7,18,0.61
BjMn,5,9,14,0.36
BjMs,6,6,12,0.5
BjMt,1,0,1,1.0
BjNB,8,7,15,0.53
BjND,2,0,2,1.0
BjNH,0,1,1,0.0
BjNL,2,2,4,0.5
BjNM,7,10,17,0.41
BjNN,8,5,13,0.62
BjNP,11,9,20,0.55
BjNS,2,6,8,0.25
BjNb,3,4,7,0.43
BjNh,2,1,3,0.67
BjNl,4,3,7,0.57
BjNm,6,4,10,0.6
BjNn,5,3,8,0.62
BjNs,5,2,7,0.71
BjNt,0,2,2,0.0
BjPB,9,5,14,0.64
BjPD,0,0,0,
BjPH,1,4,5,0.2
BjPI,1,1,2,0.5
BjPL,3,0,3,1.0
BjPM,9,11,20,0.45
BjPN,12,7,19,0.63
BjPP,12,12,24,0.5
BjPS,8,5,13,0.62
BjPb,8,5,13,0.62
BjPh,0,3,3,0.0
BjPl,6,1,7,0.86
BjPm,15,4,19,0.79
BjPn,7,5,12,0.58
BjPs,4,5,9,0.44
BjPt,0,1,1,0.0
BjSB,2,1,3,0.67
BjSH,0,5,5,0.0
BjSI,0,1,1,0.0
BjSL,4,1,5,0.8
BjSM,4,8,12,0.33
BjSN,2,6,8,0.25
BjSP,4,6,10,0.4
BjSS,5,7,12,0.42
BjSb,2,7,9,0.22
BjSh,3,5,8,0.38
BjSl,3,0,3,1.0
BjSm,5,8,13,0.38
BjSn,2,6,8,0.25
BjSs,4,4,8,0.5
BjbB,6,8,14,0.43
BjbD,1,1,2,0.5
BjbH,1,2,3,0.33
BjbI,0,1,1,0.0
BjbJ,0,2,2,0.0
BjbK,0,1,1,0.0
BjbL,5,4,9,0.56
BjbM,4,6,10,0.4
BjbN,10,1,11,0.91
BjbP,6,10,16,0.38
BjbS,5,6,11,0.45
Bjbb,3,8,11,0.27
Bjbl,5,2,7,0.71
Bjbm,6,6,12,0.5
Bjbn,9,2,11,0.82
Bjbs,5,5,10,0.5
BjhB,1,0,1,1.0
BjhD,0,1,1,0.0
BjhK,0,0,0,
BjhM,0,0,0,
BjhN,3,1,4,0.75
BjhP,3,0,3,1.0
BjhS,1,1,2,0.5
Bjhb,2,2,4,0.5
Bjhh,0,1,1,0.0
Bjhm,0,2,2,0.0
Bjhn,0,1,1,0.0
Bjhs,1,2,3,0.33
Bjht,1,0,1,1.0
BjlB,2,2,4,0.5
BjlH,2,0,2,1.0
BjlI,1,0,1,1.0
BjlJ,1,1,2,0.5
BjlM,2,0,2,1.0
BjlN,1,2,3,0.33
BjlP,2,1,3,0.67
BjlS,1,3,4,0.25
Bjlb,3,0,3,1.0
Bjll,1,1,2,0.5
Bjlm,3,2,5,0.6
Bjln,1,1,2,0.5
Bjls,1,0,1,1.0
BjmB,7,4,11,0.64
BjmD,5,1,6,0.83
BjmH,7,4,11,0.64
BjmJ,2,1,3,0.67
BjmK,0,1,1,0.0
BjmL,2,1,3,0.67
BjmM,10,9,19,0.53
BjmN,8,11,19,0.42
BjmP,7,9,16,0.44
BjmS,8,2,10,0.8
Bjmb,7,4,11,0.64
Bjmh,1,0,1,1.0
Bjml,4,1,5,0.8
Bjmm,11,6,17,0.65
Bjmn,10,8,18,0.56
Bjms,6,5,11,0.55
BjnB,2,5,7,0.29
BjnD,2,0,2,1.0
BjnH,3,6,9,0.33
BjnI,1,1,2,0.5
BjnK,0,1,1,0.0
BjnL,1,0,1,1.0
BjnM,8,7,15,0.53
BjnN,11,2,13,0.85
BjnP,9,5,14,0.64
BjnS,4,2,6,0.67
Bjnb,5,7,12,0.42
Bjnl,3,4,7,0.43
Bjnm,11,5,16,0.69
Bjnn,4,6,10,0.4
Bjns,4,4,8,0.5
BjsB,2,4,6,0.33
BjsD,0,1,1,0.0
BjsH,5,5,10,0.5
BjsI,2,1,3,0.67
BjsL,1,4,5,0.2
BjsM,1,4,5,0.2
BjsN,6,4,10,0.6
BjsP,2,7,9,0.22
BjsS,7,3,10,0.7
Bjsb,1,3,4,0.25
Bjsh,0,2,2,0.0
Bjsl,3,2,5,0.6
Bjsm,2,2,4,0.5
Bjsn,1,5,6,0.17
Bjss,7,4,11,0.64
Bjst,0,0,0,
BjtB,1,2,3,0.33
BjtD,0,1,1,0.0
BjtH,1,0,1,1.0
BjtI,1,0,1,1.0
BjtN,0,1,1,0.0
BjtP,4,2,6,0.67
BjtS,1,0,1,1.0
Bjtb,1,0,1,1.0
Bjtl,1,0,1,1.0
Bjtm,0,0,0,
Bjtn,0,1,1,0.0
Bjts,3,0,3,1.0
BlBB,11,7,18,0.61
BlBK,3,3,6,0.5
BlBL,2,4,6,0.33
BlBM,10,6,16,0.62
BlBN,11,10,21,0.52
BlBP,11,14,25,0.44
BlBS,5,5,10,0.5
BlBb,6,3,9,0.67
BlBh,3,0,3,1.0
BlBj,1,1,2,0.5
BlBl,1,1,2,0.5
BlBm,14,12,26,0.54
BlBn,14,6,20,0.7
BlBs,2,3,5,0.4
BlBt,3,0,3,1.0
BlDB,1,2,3,0.33
BlDD,1,0,1,1.0
BlDH,2,4,6,0.33
BlDL,1,0,1,1.0
BlDM,0,2,2,0.0
BlDN,1,1,2,0.5
BlDP,2,2,4,0.5
BlDS,1,0,1,1.0
BlDb,1,0,1,1.0
BlDm,4,3,7,0.57
BlDn,0,1,1,0.0
BlDs,1,0,1,1.0
BlDt,1,0,1,1.0
BlHB,5,3,8,0.62
BlHD,1,1,2,0.5
BlHH,2,0,2,1.0
BlHI,1,0,1,1.0
BlHK,1,0,1,1.0
BlHL,0,4,4,0.0
BlHM,6,2,8,0.75
BlHN,9,4,13,0.69
BlHP,7,6,13,0.54
BlHS,5,11,16,0.31
BlHb,4,0,4,1.0
BlHh,2,4,6,0.33
BlHl,5,1,6,0.83
BlHm,6,3,9,0.67
BlHn,7,8,15,0.47
BlHs,8,4,12,0.67
BlIH,1,1,2,0.5
BlIM,2,0,2,1.0
BlIN,0,3,3,0.0
BlIP,0,1,1,0.0
BlIS,0,1,1,0.0
BlIl,2,0,2,1.0
BlIm,2,0,2,1.0
BlIn,0,2,2,0.0
BlIs,1,1,2,0.5
BlJB,3,4,7,0.43
BlJD,1,0,1,1.0
BlJH,1,1,2,0.5
BlJI,0,2,2,0.0
BlJK,1,0,1,1.0
BlJL,3,1,4,0.75
BlJM,1,1,2,0.5
BlJN,0,4,4,0.0
BlJP,6,2,8,0.75
BlJS,2,3,5,0.4
BlJb,2,1,3,0.67
BlJh,0,1,1,0.0
BlJl,1,2,3,0.33
BlJm,1,4,5,0.2
BlJn,4,1,5,0.8
BlJs,2,3,5,0.4
BlJt,1,0,1,1.0
BlKB,1,0,1,1.0
BlKD,0,1,1,0.0
BlKL,0,0,0,
BlKM,0,1,1,0.0
BlKP,1,1,2,0.5
BlKS,1,0,1,1.0
BlKh,1,0,1,1.0
BlKm,1,0,1,1.0
BlKn,1,0,1,1.0
BlKs,1,1,2,0.5
BlLB,1,4,5,0.2
BlLD,1,0,1,1.0
BlLH,1,0,1,1.0
BlLL,0,1,1,0.0
BlLM,1,4,5,0.2
BlLN,4,3,7,0.57
BlLP,6,3,9,0.67
BlLS,4,2,6,0.67
BlLb,3,1,4,0.75
BlLh,0,1,1,0.0
BlLj,1,1,2,0.5
BlLl,2,1,3,0.67
BlLm,5,8,13,0.38
BlLn,2,6,8,0.25
BlLs,1,2,3,0.33
BlMB,10,9,19,0.53
BlMD,2,1,3,0.67
BlMH,0,1,1,0.0
BlMK,0,1,1,0.0
BlML,1,3,4,0.25
BlMM,7,10,17,0.41
BlMN,9,9,18,0.5
BlMP,9,11,20,0.45
BlMS,8,8,16,0.5
BlMb,12,5,17,0.71
BlMh,7,3,10,0.7
BlMj,0,2,2,0.0
BlMl,5,2,7,0.71
BlMm,10,8,18,0.56
BlMn,6,12,18,0.33
BlMs,11,2,13,0.85
BlNB,6,8,14,0.43
BlND,4,3,7,0.57
BlNH,2,4,6,0.33
BlNK,1,1,2,0.5
BlNL,1,1,2,0.5
BlNM,12,10,22,0.55
BlNN,11,10,21,0.52
BlNP,13,24,37,0.35
BlNS,7,7,14,0.5
BlNb,9,12,21,0.43
BlNh,2,3,5,0.4
BlNl,4,5,9,0.44
BlNm,10,7,17,0.59
BlNn,10,11,21,0.48
BlNs,12,9,21,0.57
BlNt,1,0,1,1.0
BlPB,10,14,24,0.42
BlPD,4,1,5,0.8
BlPH,6,5,11,0.55
BlPI,2,1,3,0.67
BlPK,3,1,4,0.75
BlPL,4,5,9,0.44
BlPM,7,16,23,0.3
BlPN,17,9,26,0.65
BlPP,9,10,19,0.47
BlPS,4,9,13,0.31
BlPb,10,7,17,0.59
BlPh,1,0,1,1.0
BlPl,4,2,6,0.67
BlPm,19,5,24,0.79
BlPn,8,12,20,0.4
BlPs,6,11,17,0.35
BlPt,2,1,3,0.67
BlSB,4,4,8,0.5
BlSD,3,2,5,0.6
BlSH,2,5,7,0.29
BlSL,2,3,5,0.4
BlSM,9,7,16,0.56
BlSN,11,8,19,0.58
BlSP,4,7,11,0.36
BlSS,3,7,10,0.3
BlSb,7,3,10,0.7
BlSh,3,8,11,0.27
BlSl,1,5,6,0.17
BlSm,8,5,13,0.62
BlSn,9,7,16,0.56
BlSs,4,6,10,0.4
BlSt,1,0,1,1.0
BlbB,8,5,13,0.62
BlbD,1,0,1,1.0
BlbH,1,0,1,1.0
BlbI,1,0,1,1.0
BlbJ,1,2,3,0.33
BlbK,1,1,2,0.5
BlbL,3,1,4,0.75
BlbM,5,5,10,0.5
BlbN,13,8,21,0.62
BlbP,9,7,16,0.56
BlbS,0,6,6,0.0
Blbb,10,3,13,0.77
Blbl,1,2,3,0.33
Blbm,7,5,12,0.58
Blbn,6,10,16,0.38
Blbs,5,8,13,0.38
BlhS,0,0,0,
BllB,3,2,5,0.6
BllD,0,0,0,
BllH,4,2,6,0.67
BllJ,1,0,1,1.0
BllL,0,2,2,0.0
BllM,3,4,7,0.43
BllN,2,3,5,0.4
BllP,5,4,9,0.56
BllS,2,1,3,0.67
Bllb,4,0,4,1.0
Blll,0,2,2,0.0
Bllm,1,3,4,0.25
Blln,4,4,8,0.5
Blls,0,0,0,
BlmB,14,7,21,0.67
BlmD,1,1,2,0.5
BlmH,6,7,13,0.46
BlmI,2,0,2,1.0
BlmJ,2,1,3,0.67
BlmL,0,5,5,0.0
BlmM,10,10,20,0.5
BlmN,13,13,26,0.5
BlmP,13,10,23,0.57
BlmS,5,7,12,0.42
Blmb,12,8,20,0.6
Blml,5,2,7,0.71
Blmm,8,11,19,0.42
Blmn,6,12,18,0.33
Blms,4,0,4,1.0
BlnB,4,13,17,0.24
BlnD,1,2,3,0.33
BlnH,6,7,13,0.46
BlnI,1,2,3,0.33
BlnK,0,1,1,0.0
BlnL,0,2,2,0.0
BlnM,9,10,19,0.47
BlnN,10,13,23,0.43
BlnP,12,14,26,0.46
BlnS,8,5,13,0.62
Blnb,5,8,13,0.38
Blnl,2,1,3,0.67
Blnm,7,5,12,0.58
Blnn,4,10,14,0.29
Blns,9,9,18,0.5
BlsB,1,5,6,0.17
BlsD,1,2,3,0.33
BlsH,8,2,10,0.8
BlsI,1,0,1,1.0
BlsK,0,1,1,0.0
BlsL,2,3,5,0.4
BlsM,7,6,13,0.54
BlsN,5,2,7,0.71
BlsP,8,3,11,0.73
BlsS,8,4,12,0.67
Blsb,3,4,7,0.43
Blsh,0,2,2,0.0
Blsl,3,3,6,0.5
Blsm,7,8,15,0.47
Blsn,6,7,13,0.46
Blss,6,3,9,0.67
BmBB,21,12,33,0.64
BmBD,11,6,17,0.65
BmBH,0,1,1,0.0
BmBK,1,1,2,0.5
BmBL,6,7,13,0.46
BmBM,21,24,45,0.47
BmBN,26,34,60,0.43
BmBP,28,26,54,0.52
BmBS,15,16,31,0.48
BmBb,32,29,61,0.52
BmBh,1,4,5,0.2
BmBj,1,6,7,0.14
BmBl,9,8,17,0.53
BmBm,36,37,73,0.49
BmBn,44,41,85,0.52
BmBs,20,22,42,0.48
BmBt,7,4,11,0.64
BmDB,14,7,21,0.67
BmDD,9,3,12,0.75
BmDH,5,5,10,0.5
BmDI,1,0,1,1.0
BmDL,5,1,6,0.83
BmDM,9,13,22,0.41
BmDN,12,11,23,0.52
BmDP,11,6,17,0.65
BmDS,8,8,16,0.5
BmDb,6,8,14,0.43
BmDl,1,2,3,0.33
BmDm,16,12,28,0.57
BmDn,10,6,16,0.62
BmDs,8,5,13,0.62
BmDt,2,1,3,0.67
BmHB,17,21,38,0.45
BmHD,9,5,14,0.64
BmHH,3,4,7,0.43
BmHI,4,2,6,0.67
BmHK,3,4,7,0.43
BmHL,4,7,11,0.36
BmHM,19,30,49,0.39
BmHN,19,28,47,0.4
BmHP,34,41,75,0.45
BmHS,21,19,40,0.52
BmHb,22,20,42,0.52
BmHh,14,19,33,0.42
BmHl,10,3,13,0.77
BmHm,47,22,69,0.68
BmHn,37,37,74,0.5
BmHs,21,20,41,0.51
BmHt,1,0,1,1.0
BmIB,3,1,4,0.75
BmID,1,0,1,1.0
BmIH,2,0,2,1.0
BmIL,0,0,0,
BmIM,1,6,7,0.14
BmIN,2,3,5,0.4
BmIP,5,3,8,0.62
BmIS,2,3,5,0.4
BmIb,1,1,2,0.5
BmIh,0,1,1,0.0
BmIl,1,1,2,0.5
BmIm,2,0,2,1.0
BmIn,3,0,3,1.0
BmIs,1,4,5,0.2
BmIt,1,0,1,1.0
BmJB,5,1,6,0.83
BmJD,1,0,1,1.0
BmJH,5,3,8,0.62
BmJI,0,1,1,0.0
BmJK,0,1,1,0.0
BmJL,4,3,7,0.57
BmJM,6,7,13,0.46
BmJN,6,14,20,0.3
BmJP,7,7,14,0.5
BmJS,5,2,7,0.71
BmJb,4,5,9,0.44
BmJh,0,1,1,0.0
BmJl,2,2,4,0.5
BmJm,6,5,11,0.55
BmJn,2,8,10,0.2
BmJs,5,5,10,0.5
BmJt,1,2,3,0.33
BmKD,1,0,1,1.0
BmKM,1,0,1,1.0
BmKN,1,0,1,1.0
BmKP,1,2,3,0.33
BmKS,0,1,1,0.0
BmKb,2,0,2,1.0
BmKh,0,1,1,0.0
BmKm,1,1,2,0.5
BmKn,0,0,0,
BmKs,1,1,2,0.5
BmLB,12,10,22,0.55
BmLD,1,1,2,0.5
BmLH,0,0,0,
BmLK,1,0,1,1.0
BmLL,2,4,6,0.33
BmLM,8,9,17,0.47
BmLN,8,9,17,0.47
BmLP,8,11,19,0.42
BmLS,3,6,9,0.33
BmLb,7,7,14,0.5
BmLh,2,7,9,0.22
BmLj,3,3,6,0.5
BmLl,5,2,7,0.71
BmLm,11,14,25,0.44
BmLn,9,15,24,0.38
BmLs,5,6,11,0.45
BmLt,0,0,0,
BmMB,24,28,52,0.46
BmMD,9,6,15,0.6
BmMH,1,2,3,0.33
BmMI,1,0,1,1.0
BmMK,0,1,1,0.0
BmML,5,5,10,0.5
BmMM,29,45,74,0.39
BmMN,23,40,63,0.37
BmMP,46,40,86,0.53
BmMS,27,25,52,0.52
BmMb,30,33,63,0.48
BmMh,20,34,54,0.37
BmMj,4,7,11,0.36
BmMl,7,8,15,0.47
BmMm,52,34,86,0.6
BmMn,57,56,113,0.5
BmMs,33,26,59,0.56
BmMt,8,1,9,0.89
BmNB,25,27,52,0.48
BmND,16,6,22,0.73
BmNH,9,11,20,0.45
BmNI,2,1,3,0.67
BmNK,4,3,7,0.57
BmNL,8,5,13,0.62
BmNM,34,37,71,0.48
BmNN,55,60,115,0.48
BmNP,56,57,113,0.5
BmNS,33,37,70,0.47
BmNb,21,27,48,0.44
BmNh,13,11,24,0.54
BmNl,7,14,21,0.33
BmNm,46,35,81,0.57
BmNn,45,68,113,0.4
BmNs,33,21,54,0.61
BmNt,10,8,18,0.56
BmPB,39,35,74,0.53
BmPD,8,10,18,0.44
BmPH,10,12,22,0.45
BmPI,4,6,10,0.4
BmPK,2,4,6,0.33
BmPL,10,13,23,0.43
BmPM,44,60,104,0.42
BmPN,44,42,86,0.51
BmPP,52,49,101,0.51
BmPS,22,25,47,0.47
BmPb,28,24,52,0.54
BmPh,6,7,13,0.46
BmPl,12,14,26,0.46
BmPm,46,47,93,0.49
BmPn,47,50,97,0.48
BmPs,36,24,60,0.6
BmPt,3,5,8,0.38
BmSB,12,15,27,0.44
BmSD,11,7,18,0.61
BmSH,10,9,19,0.53
BmSI,3,1,4,0.75
BmSK,1,1,2,0.5
BmSL,5,5,10,0.5
BmSM,20,26,46,0.43
BmSN,22,26,48,0.46
BmSP,18,21,39,0.46
BmSS,19,30,49,0.39
BmSb,15,14,29,0.52
BmSh,8,11,19,0.42
BmSl,3,3,6,0.5
BmSm,28,13,41,0.68
BmSn,33,20,53,0.62
BmSs,26,24,50,0.52
BmSt,2,2,4,0.5
BmbB,28,34,62,0.45
BmbD,7,8,15,0.47
BmbH,2,7,9,0.22
BmbI,5,8,13,0.38
BmbJ,10,7,17,0.59
BmbK,4,6,10,0.4
BmbL,10,7,17,0.59
BmbM,21,41,62,0.34
BmbN,42,42,84,0.5
BmbP,37,36,73,0.51
BmbS,16,19,35,0.46
Bmbb,20,31,51,0.39
Bmbl,3,3,6,0.5
Bmbm,16,24,40,0.4
Bmbn,17,23,40,0.42
Bmbs,14,11,25,0.56
BmhB,0,0,0,
BmlB,10,5,15,0.67
BmlD,1,1,2,0.5
BmlH,4,2,6,0.67
BmlI,0,1,1,0.0
BmlJ,1,1,2,0.5
BmlL,4,5,9,0.44
BmlM,8,11,19,0.42
BmlN,12,12,24,0.5
BmlP,10,5,15,0.67
BmlS,3,4,7,0.43
Bmlb,4,6,10,0.4
Bmll,3,0,3,1.0
Bmlm,11,6,17,0.65
Bmln,6,8,14,0.43
Bmls,2,6,8,0.25
BmmB,30,28,58,0.52
BmmD,12,11,23,0.52
BmmH,21,29,50,0.42
BmmI,1,5,6,0.17
BmmJ,4,12,16,0.25
BmmK,2,0,2,1.0
BmmL,13,11,24,0.54
BmmM,36,38,74,0.49
BmmN,58,51,109,0.53
BmmP,46,30,76,0.61
BmmS,22,21,43,0.51
Bmmb,25,20,45,0.56
Bmml,6,8,14,0.43
Bmmm,50,45,95,0.53
Bmmn,36,43,79,0.46
Bmms,16,11,27,0.59
BmnB,28,34,62,0.45
BmnD,13,7,20,0.65
BmnH,16,15,31,0.52
BmnI,6,2,8,0.75
BmnK,2,6,8,0.25
BmnL,8,14,22,0.36
BmnM,30,38,68,0.44
BmnN,40,51,91,0.44
BmnP,53,48,101,0.52
BmnS,38,20,58,0.66
Bmnb,21,34,55,0.38
Bmnl,3,7,10,0.3
Bmnm,39,23,62,0.63
Bmnn,33,30,63,0.52
Bmns,28,29,57,0.49
Bmnt,0,0,0,
BmsB,17,16,33,0.52
BmsD,6,9,15,0.4
BmsH,17,18,35,0.49
BmsI,5,1,6,0.83
BmsL,5,4,9,0.56
BmsM,18,22,40,0.45
BmsN,16,28,44,0.36
BmsP,26,30,56,0.46
BmsS,16,24,40,0.4
Bmsb,17,17,34,0.5
Bmsh,0,1,1,0.0
Bmsl,4,3,7,0.57
Bmsm,20,32,52,0.38
Bmsn,20,18,38,0.53
Bmss,17,14,31,0.55
Bmst,1,0,1,1.0
BmtI,1,0,1,1.0
BnBB,28,36,64,0.44
BnBD,3,8,11,0.27
BnBH,0,1,1,0.0
BnBK,4,4,8,0.5
BnBL,8,8,16,0.5
BnBM,19,33,52,0.37
BnBN,39,53,92,0.42
BnBP,43,33,76,0.57
BnBS,29,18,47,0.62
BnBb,18,37,55,0.33
BnBh,1,7,8,0.12
BnBj,4,9,13,0.31
BnBl,8,13,21,0.38
BnBm,34,28,62,0.55
BnBn,42,68,110,0.38
BnBs,19,14,33,0.58
BnBt,11,2,13,0.85
BnDB,7,5,12,0.58
BnDD,2,3,5,0.4
BnDH,5,6,11,0.45
BnDI,1,0,1,1.0
BnDK,0,1,1,0.0
BnDL,3,0,3,1.0
BnDM,8,13,21,0.38
BnDN,3,6,9,0.33
BnDP,5,11,16,0.31
BnDS,6,6,12,0.5
BnDb,6,6,12,0.5
BnDl,1,4,5,0.2
BnDm,7,9,16,0.44
BnDn,4,5,9,0.44
BnDs,6,7,13,0.46
BnDt,0,2,2,0.0
BnHB,18,18,36,0.5
BnHD,2,9,11,0.18
BnHH,4,6,10,0.4
BnHI,3,4,7,0.43
BnHK,2,3,5,0.4
BnHL,4,4,8,0.5
BnHM,12,22,34,0.35
BnHN,29,27,56,0.52
BnHP,27,27,54,0.5
BnHS,14,10,24,0.58
BnHb,11,16,27,0.41
BnHh,8,10,18,0.44
BnHl,7,2,9,0.78
BnHm,24,13,37,0.65
BnHn,25,17,42,0.6
BnHs,14,19,33,0.42
BnHt,0,0,0,
BnIB,3,9,12,0.25
BnID,3,1,4,0.75
BnIH,4,5,9,0.44
BnII,0,2,2,0.0
BnIL,0,2,2,0.0
BnIM,12,8,20,0.6
BnIN,9,6,15,0.6
BnIP,9,9,18,0.5
BnIS,2,7,9,0.22
BnIb,6,4,10,0.6
BnIh,0,1,1,0.0
BnIl,5,2,7,0.71
BnIm,10,4,14,0.71
BnIn,11,12,23,0.48
BnIs,3,3,6,0.5
BnIt,1,0,1,1.0
BnKB,0,2,2,0.0
BnKD,0,2,2,0.0
BnKH,0,1,1,0.0
BnKI,0,1,1,0.0
BnKM,5,3,8,0.62
BnKN,4,3,7,0.57
BnKP,4,2,6,0.67
BnKS,3,4,7,0.43
BnKb,5,4,9,0.56
BnKh,3,1,4,0.75
BnKl,0,2,2,0.0
BnKm,5,3,8,0.62
BnKn,4,8,12,0.33
BnKs,5,7,12,0.42
BnLB,8,7,15,0.53
BnLD,3,0,3,1.0
BnLH,2,0,2,1.0
BnLK,0,0,0,
BnLL,6,4,10,0.6
BnLM,11,9,20,0.55
BnLN,17,12,29,0.59
BnLP,14,12,26,0.54
BnLS,12,6,18,0.67
BnLb,7,14,21,0.33
BnLh,6,5,11,0.55
BnLj,2,2,4,0.5
BnLl,4,5,9,0.44
BnLm,7,6,13,0.54
BnLn,16,14,30,0.53
BnLs,7,8,15,0.47
BnMB,44,29,73,0.6
BnMD,13,8,21,0.62
BnMK,1,0,1,1.0
BnML,7,3,10,0.7
BnMM,36,33,69,0.52
BnMN,39,43,82,0.48
BnMP,35,55,90,0.39
BnMS,27,22,49,0.55
BnMb,21,38,59,0.36
BnMh,23,26,49,0.47
BnMj,6,6,12,0.5
BnMl,7,6,13,0.54
BnMm,40,44,84,0.48
BnMn,59,56,115,0.51
BnMs,23,25,48,0.48
BnMt,3,7,10,0.3
BnNB,46,39,85,0.54
BnND,11,6,17,0.65
BnNH,9,14,23,0.39
BnNK,2,8,10,0.2
BnNL,12,15,27,0.44
BnNM,35,48,83,0.42
BnNN,64,61,125,0.51
BnNP,81,82,163,0.5
BnNS,26,47,73,0.36
BnNb,34,37,71,0.48
BnNh,17,24,41,0.41
BnNl,13,13,26,0.5
BnNm,66,53,119,0.55
BnNn,61,74,135,0.45
BnNs,49,31,80,0.61
BnNt,10,7,17,0.59
BnPB,46,50,96,0.48
BnPD,8,16,24,0.33
BnPH,15,14,29,0.52
BnPI,11,6,17,0.65
BnPK,6,10,16,0.38
BnPL,21,16,37,0.57
BnPM,48,54,102,0.47
BnPN,53,59,112,0.47
BnPP,85,66,151,0.56
BnPS,39,54,93,0.42
BnPb,39,30,69,0.57
BnPh,5,5,10,0.5
BnPl,20,20,40,0.5
BnPm,73,51,124,0.59
BnPn,62,48,110,0.56
BnPs,41,36,77,0.53
BnPt,4,8,12,0.33
BnSB,15,18,33,0.45
BnSD,7,3,10,0.7
BnSH,5,3,8,0.62
BnSI,2,3,5,0.4
BnSK,1,1,2,0.5
BnSL,8,11,19,0.42
BnSM,26,30,56,0.46
BnSN,29,28,57,0.51
BnSP,31,40,71,0.44
BnSS,27,18,45,0.6
BnSb,21,11,32,0.66
BnSh,20,14,34,0.59
BnSl,10,10,20,0.5
BnSm,37,23,60,0.62
BnSn,19,29,48,0.4
BnSs,20,27,47,0.43
BnSt,5,4,9,0.56
BnbB,19,28,47,0.4
BnbD,5,3,8,0.62
BnbH,4,6,10,0.4
BnbI,4,5,9,0.44
BnbJ,4,9,13,0.31
BnbK,4,12,16,0.25
BnbL,7,5,12,0.58
BnbM,32,42,74,0.43
BnbN,40,42,82,0.49
BnbP,35,28,63,0.56
BnbS,20,31,51,0.39
Bnbb,21,20,41,0.51
Bnbl,8,5,13,0.62
Bnbm,29,29,58,0.5
Bnbn,37,39,76,0.49
Bnbs,10,14,24,0.42
BnhB,1,2,3,0.33
BnhD,0,1,1,0.0
BnhH,0,0,0,
BnhL,0,0,0,
BnhM,3,1,4,0.75
BnhN,3,2,5,0.6
BnhP,2,1,3,0.67
BnhS,3,3,6,0.5
Bnhb,1,0,1,1.0
Bnhh,3,3,6,0.5
Bnhl,0,4,4,0.0
Bnhm,2,6,8,0.25
Bnhn,2,6,8,0.25
Bnhs,3,1,4,0.75
BnlB,13,13,26,0.5
BnlD,2,1,3,0.67
BnlH,7,7,14,0.5
BnlI,0,1,1,0.0
BnlJ,4,5,9,0.44
BnlL,4,6,10,0.4
BnlM,10,16,26,0.38
BnlN,11,17,28,0.39
BnlP,11,10,21,0.52
BnlS,9,7,16,0.56
Bnlb,11,8,19,0.58
Bnll,4,2,6,0.67
Bnlm,8,12,20,0.4
Bnln,10,9,19,0.53
Bnls,10,10,20,0.5
BnmB,34,34,68,0.5
BnmD,14,15,29,0.48
BnmH,29,30,59,0.49
BnmI,4,0,4,1.0
BnmJ,12,6,18,0.67
BnmK,0,1,1,0.0
BnmL,10,14,24,0.42
BnmM,36,34,70,0.51
BnmN,52,60,112,0.46
BnmP,69,40,109,0.63
BnmS,30,30,60,0.5
Bnmb,32,25,57,0.56
Bnml,7,3,10,0.7
Bnmm,56,36,92,0.61
Bnmn,49,39,88,0.56
Bnms,30,21,51,0.59
BnnB,36,24,60,0.6
BnnD,10,11,21,0.48
BnnH,22,26,48,0.46
BnnI,6,7,13,0.46
BnnK,2,3,5,0.4
BnnL,13,13,26,0.5
BnnM,37,49,86,0.43
BnnN,63,59,122,0.52
BnnP,56,70,126,0.44
BnnS,37,36,73,0.51
Bnnb,28,19,47,0.6
Bnnh,2,0,2,1.0
Bnnl,19,12,31,0.61
Bnnm,59,27,86,0.69
Bnnn,49,61,110,0.45
Bnns,39,31,70,0.56
Bnnt,0,2,2,0.0
BnsB,15,10,25,0.6
BnsD,10,7,17,0.59
BnsH,25,17,42,0.6
BnsI,4,3,7,0.57
BnsK,1,0,1,1.0
BnsL,1,2,3,0.33
BnsM,18,35,53,0.34
BnsN,32,35,67,0.48
BnsP,40,29,69,0.58
BnsS,29,28,57,0.51
Bnsb,18,23,41,0.44
Bnsh,2,1,3,0.67
Bnsl,9,8,17,0.53
Bnsm,23,32,55,0.42
Bnsn,24,30,54,0.44
Bnss,26,22,48,0.54
Bnst,0,1,1,0.0
BntB,1,1,2,0.5
BntH,0,0,0,
Bntn,0,2,2,0.0
Bnts,1,0,1,1.0
BsBB,8,7,15,0.53
BsBD,3,4,7,0.43
BsBK,0,2,2,0.0
BsBL,3,3,6,0.5
BsBM,14,12,26,0.54
BsBN,17,9,26,0.65
BsBP,14,20,34,0.41
BsBS,5,8,13,0.38
BsBb,12,14,26,0.46
BsBh,3,1,4,0.75
BsBj,2,1,3,0.67
BsBl,3,3,6,0.5
BsBm,12,6,18,0.67
BsBn,15,21,36,0.42
BsBs,4,10,14,0.29
BsBt,3,2,5,0.6
BsDB,4,1,5,0.8
BsDD,5,1,6,0.83
BsDH,3,5,8,0.38
BsDI,0,1,1,0.0
BsDK,1,0,1,1.0
BsDL,1,1,2,0.5
BsDM,2,1,3,0.67
BsDN,3,2,5,0.6
BsDP,8,5,13,0.62
BsDS,4,8,12,0.33
BsDb,6,2,8,0.75
BsDh,0,1,1,0.0
BsDl,1,1,2,0.5
BsDm,6,5,11,0.55
BsDn,2,3,5,0.4
BsDs,5,2,7,0.71
BsDt,1,0,1,1.0
BsHB,9,5,14,0.64
BsHD,4,3,7,0.57
BsHH,3,4,7,0.43
BsHI,3,4,7,0.43
BsHK,1,1,2,0.5
BsHL,2,5,7,0.29
BsHM,11,14,25,0.44
BsHN,14,13,27,0.52
BsHP,16,16,32,0.5
BsHS,13,18,31,0.42
BsHb,11,12,23,0.48
BsHh,4,13,17,0.24
BsHl,6,5,11,0.55
BsHm,9,13,22,0.41
BsHn,18,8,26,0.69
BsHs,17,9,26,0.65
BsHt,0,2,2,0.0
BsIB,1,1,2,0.5
BsID,1,1,2,0.5
BsIH,4,2,6,0.67
BsII,0,0,0,
BsIL,0,3,3,0.0
BsIM,2,5,7,0.29
BsIN,4,0,4,1.0
BsIP,0,2,2,0.0
BsIS,6,2,8,0.75
BsIb,1,3,4,0.25
BsIm,5,1,6,0.83
BsIn,1,2,3,0.33
BsIs,4,5,9,0.44
BsKB,1,0,1,1.0
BsKH,0,0,0,
BsKM,1,0,1,1.0
BsKS,1,1,2,0.5
BsKh,0,1,1,0.0
BsKm,1,1,2,0.5
BsKn,1,0,1,1.0
BsLB,4,1,5,0.8
BsLD,1,0,1,1.0
BsLL,4,4,8,0.5
BsLM,3,4,7,0.43
BsLN,3,2,5,0.6
BsLP,1,4,5,0.2
BsLS,5,4,9,0.56
BsLb,3,1,4,0.75
BsLh,3,2,5,0.6
BsLj,3,0,3,1.0
BsLl,2,0,2,1.0
BsLm,10,4,14,0.71
BsLn,6,4,10,0.6
BsLs,4,2,6,0.67
BsLt,1,0,1,1.0
BsMB,17,21,38,0.45
BsMD,5,2,7,0.71
BsMH,0,1,1,0.0
BsML,2,6,8,0.25
BsMM,18,16,34,0.53
BsMN,14,17,31,0.45
BsMP,20,21,41,0.49
BsMS,7,13,20,0.35
BsMb,10,11,21,0.48
BsMh,7,18,25,0.28
BsMj,2,4,6,0.33
BsMl,7,2,9,0.78
BsMm,22,15,37,0.59
BsMn,27,19,46,0.59
BsMs,13,8,21,0.62
BsMt,2,1,3,0.67
BsNB,15,17,32,0.47
BsND,5,4,9,0.56
BsNH,4,9,13,0.31
BsNK,2,1,3,0.67
BsNL,4,3,7,0.57
BsNM,11,16,27,0.41
BsNN,18,27,45,0.4
BsNP,26,22,48,0.54
BsNS,14,21,35,0.4
BsNb,13,9,22,0.59
BsNh,5,8,13,0.38
BsNl,2,7,9,0.22
BsNm,21,13,34,0.62
BsNn,23,22,45,0.51
BsNs,15,16,31,0.48
BsNt,0,1,1,0.0
BsPB,17,13,30,0.57
BsPD,3,2,5,0.6
BsPH,12,2,14,0.86
BsPI,0,2,2,0.0
BsPK,0,3,3,0.0
BsPL,8,10,18,0.44
BsPM,19,28,47,0.4
BsPN,22,16,38,0.58
BsPP,27,25,52,0.52
BsPS,10,15,25,0.4
BsPb,14,14,28,0.5
BsPh,1,6,7,0.14
BsPl,7,8,15,0.47
BsPm,27,24,51,0.53
BsPn,26,18,44,0.59
BsPs,12,14,26,0.46
BsPt,2,5,7,0.29
BsSB,17,8,25,0.68
BsSD,6,5,11,0.55
BsSH,2,7,9,0.22
BsSI,2,1,3,0.67
BsSL,4,3,7,0.57
BsSM,10,18,28,0.36
BsSN,19,24,43,0.44
BsSP,25,15,40,0.62
BsSS,14,17,31,0.45
BsSb,5,6,11,0.45
BsSh,10,9,19,0.53
BsSl,4,3,7,0.57
BsSm,17,19,36,0.47
BsSn,18,19,37,0.49
BsSs,20,10,30,0.67
BsSt,2,5,7,0.29
BsbB,6,5,11,0.55
BsbD,2,0,2,1.0
BsbH,4,5,9,0.44
BsbI,2,1,3,0.67
BsbJ,5,3,8,0.62
BsbK,1,1,2,0.5
BsbL,3,6,9,0.33
BsbM,10,12,22,0.45
BsbN,15,21,36,0.42
BsbP,12,10,22,0.55
BsbS,4,6,10,0.4
Bsbb,16,6,22,0.73
Bsbl,3,2,5,0.6
Bsbm,13,4,17,0.76
Bsbn,12,8,20,0.6
Bsbs,3,6,9,0.33
BshB,1,0,1,1.0
BshL,1,1,2,0.5
BshM,0,1,1,0.0
BshN,1,4,5,0.2
BshP,0,1,1,0.0
BshS,1,0,1,1.0
Bshb,1,0,1,1.0
Bshh,1,0,1,1.0
Bshl,0,1,1,0.0
Bshm,1,1,2,0.5
Bshn,1,1,2,0.5
BslB,3,5,8,0.38
BslD,1,1,2,0.5
BslH,3,3,6,0.5
BslI,1,0,1,1.0
BslJ,2,0,2,1.0
BslL,0,3,3,0.0
BslM,4,5,9,0.44
BslN,5,4,9,0.56
BslP,8,7,15,0.53
BslS,4,5,9,0.44
Bslb,2,7,9,0.22
Bsll,2,1,3,0.67
Bslm,3,5,8,0.38
Bsln,7,3,10,0.7
Bsls,2,5,7,0.29
BsmB,15,16,31,0.48
BsmD,5,1,6,0.83
BsmH,9,16,25,0.36
BsmI,1,2,3,0.33
BsmJ,0,2,2,0.0
BsmL,4,4,8,0.5
BsmM,16,12,28,0.57
BsmN,17,21,38,0.45
BsmP,20,16,36,0.56
BsmS,22,13,35,0.63
Bsmb,10,9,19,0.53
Bsml,5,4,9,0.56
Bsmm,14,13,27,0.52
Bsmn,13,17,30,0.43
Bsms,9,13,22,0.41
BsnB,8,14,22,0.36
BsnD,3,2,5,0.6
BsnH,13,13,26,0.5
BsnI,3,2,5,0.6
BsnK,0,2,2,0.0
BsnL,4,4,8,0.5
BsnM,15,21,36,0.42
BsnN,30,26,56,0.54
BsnP,12,21,33,0.36
BsnS,10,12,22,0.45
Bsnb,12,9,21,0.57
Bsnh,1,0,1,1.0
Bsnl,4,5,9,0.44
Bsnm,14,10,24,0.58
Bsnn,20,19,39,0.51
Bsns,14,12,26,0.54
Bsnt,1,0,1,1.0
BssB,8,13,21,0.38
BssD,2,4,6,0.33
BssH,14,14,28,0.5
BssI,3,3,6,0.5
BssK,0,0,0,
BssL,3,1,4,0.75
BssM,12,12,24,0.5
BssN,10,12,22,0.45
BssP,15,19,34,0.44
BssS,20,13,33,0.61
Bssb,3,13,16,0.19
Bssh,1,3,4,0.25
Bssl,1,4,5,0.2
Bssm,16,18,34,0.47
Bssn,14,18,32,0.44
Bsss,13,12,25,0.52
BstI,0,1,1,0.0
BstM,0,0,0,
Bstm,1,0,1,1.0
Bsts,0,1,1,0.0
BtBB,5,5,10,0.5
BtBL,0,1,1,0.0
BtBM,5,0,5,1.0
BtBN,1,5,6,0.17
BtBP,5,4,9,0.56
BtBS,1,1,2,0.5
BtBb,3,6,9,0.33
BtBh,1,0,1,1.0
BtBl,4,2,6,0.67
BtBm,2,3,5,0.4
BtBn,4,2,6,0.67
BtBs,2,1,3,0.67
BtBt,1,1,2,0.5
BtDB,0,3,3,0.0
BtDH,0,1,1,0.0
BtDL,1,0,1,1.0
BtDM,1,0,1,1.0
BtDN,1,1,2,0.5
BtDP,2,1,3,0.67
BtDb,1,0,1,1.0
BtDl,1,0,1,1.0
BtDs,1,0,1,1.0
BtHB,1,5,6,0.17
BtHD,0,0,0,
BtHH,2,0,2,1.0
BtHK,0,1,1,0.0
BtHL,1,0,1,1.0
BtHM,1,2,3,0.33
BtHN,2,2,4,0.5
BtHP,5,1,6,0.83
BtHS,0,1,1,0.0
BtHb,0,0,0,
BtHh,3,1,4,0.75
BtHl,1,1,2,0.5
BtHm,2,5,7,0.29
BtHn,0,2,2,0.0
BtHs,1,0,1,1.0
BtIB,0,1,1,0.0
BtII,0,1,1,0.0
BtIM,1,0,1,1.0
BtIb,1,1,2,0.5
BtKL,0,2,2,0.0
BtKM,0,1,1,0.0
BtKP,1,0,1,1.0
BtKS,0,1,1,0.0
BtKb,1,0,1,1.0
BtKh,1,0,1,1.0
BtKm,1,0,1,1.0
BtLB,1,1,2,0.5
BtLM,0,3,3,0.0
BtLN,1,2,3,0.33
BtLP,3,2,5,0.6
BtLS,1,0,1,1.0
BtLb,2,2,4,0.5
BtLh,1,0,1,1.0
BtLl,0,1,1,0.0
BtLm,2,0,2,1.0
BtLn,2,2,4,0.5
BtLs,1,0,1,1.0
BtMB,2,4,6,0.33
BtMD,2,0,2,1.0
BtMH,0,2,2,0.0
BtML,2,0,2,1.0
BtMM,7,3,10,0.7
BtMN,1,4,5,0.2
BtMP,4,4,8,0.5
BtMS,1,2,3,0.33
BtMb,5,2,7,0.71
BtMh,5,5,10,0.5
BtMj,0,1,1,0.0
BtMl,1,3,4,0.25
BtMm,9,5,14,0.64
BtMn,6,8,14,0.43
BtMs,2,2,4,0.5
BtMt,0,0,0,
BtNB,2,7,9,0.22
BtND,1,0,1,1.0
BtNH,0,2,2,0.0
BtNK,0,1,1,0.0
BtNM,4,8,12,0.33
BtNN,5,5,10,0.5
BtNP,4,10,14,0.29
BtNS,2,9,11,0.18
BtNb,1,1,2,0.5
BtNh,3,0,3,1.0
BtNl,4,1,5,0.8
BtNm,4,7,11,0.36
BtNn,5,5,10,0.5
BtNs,1,5,6,0.17
BtNt,1,2,3,0.33
BtPB,0,6,6,0.0
BtPH,4,2,6,0.67
BtPI,0,1,1,0.0
BtPK,1,1,2,0.5
BtPL,1,3,4,0.25
BtPM,1,8,9,0.11
BtPN,4,8,12,0.33
BtPP,15,9,24,0.62
BtPS,3,3,6,0.5
BtPb,8,5,13,0.62
BtPh,1,2,3,0.33
BtPl,4,2,6,0.67
BtPm,3,6,9,0.33
BtPn,5,5,10,0.5
BtPs,2,3,5,0.4
BtSB,0,3,3,0.0
BtSH,0,1,1,0.0
BtSL,1,2,3,0.33
BtSM,5,4,9,0.56
BtSN,1,7,8,0.12
BtSS,2,4,6,0.33
BtSb,3,3,6,0.5
BtSh,0,0,0,
BtSl,1,0,1,1.0
BtSm,2,3,5,0.4
BtSn,3,1,4,0.75
BtSs,2,5,7,0.29
BtSt,1,1,2,0.5
BtbB,5,3,8,0.62
BtbH,1,1,2,0.5
BtbI,1,0,1,1.0
BtbJ,2,0,2,1.0
BtbL,0,0,0,
BtbM,2,6,8,0.25
BtbN,3,2,5,0.6
BtbP,5,6,11,0.45
BtbS,4,1,5,0.8
Btbb,2,3,5,0.4
Btbl,2,0,2,1.0
Btbm,1,6,7,0.14
Btbn,2,2,4,0.5
Btbs,3,2,5,0.6
BthN,1,0,1,1.0
Bthh,0,1,1,0.0
Bthl,0,0,0,
BtlB,0,1,1,0.0
BtlH,1,0,1,1.0
BtlI,1,0,1,1.0
BtlJ,0,0,0,
BtlL,1,1,2,0.5
BtlN,2,0,2,1.0
BtlP,1,1,2,0.5
BtlS,1,1,2,0.5
Btlb,0,1,1,0.0
Btll,0,1,1,0.0
Btlm,1,1,2,0.5
Btln,2,1,3,0.67
Btls,0,2,2,0.0
BtmB,2,4,6,0.33
BtmD,3,0,3,1.0
BtmH,4,5,9,0.44
BtmI,0,1,1,0.0
BtmJ,0,3,3,0.0
BtmK,0,1,1,0.0
BtmL,1,4,5,0.2
BtmM,4,6,10,0.4
BtmN,5,2,7,0.71
BtmP,5,3,8,0.62
BtmS,2,2,4,0.5
Btmb,4,5,9,0.44
Btml,0,1,1,0.0
Btmm,8,5,13,0.62
Btmn,3,4,7,0.43
Btms,3,1,4,0.75
BtnB,2,3,5,0.4
BtnD,0,4,4,0.0
BtnH,5,2,7,0.71
BtnI,1,0,1,1.0
BtnK,0,2,2,0.0
BtnL,0,2,2,0.0
BtnM,6,3,9,0.67
BtnN,5,3,8,0.62
BtnP,4,5,9,0.44
BtnS,2,3,5,0.4
Btnb,1,1,2,0.5
Btnh,0,0,0,
Btnl,2,1,3,0.67
Btnm,2,5,7,0.29
Btnn,6,7,13,0.46
Btns,2,5,7,0.29
BtsB,3,1,4,0.75
BtsD,0,1,1,0.0
BtsH,1,5,6,0.17
BtsI,1,1,2,0.5
BtsL,0,1,1,0.0
BtsM,4,3,7,0.57
BtsN,0,1,1,0.0
BtsP,5,2,7,0.71
BtsS,1,3,4,0.25
Btsb,1,1,2,0.5
Btsh,1,0,1,1.0
Btsl,1,0,1,1.0
Btsm,4,4,8,0.5
Btsn,3,1,4,0.75
Btss,3,3,6,0.5
BttB,0,0,0,
BttD,0,0,0,
BttH,1,0,1,1.0
BttL,0,2,2,0.0
BttM,1,0,1,1.0
BttN,1,1,2,0.5
BttP,0,0,0,
BttS,3,1,4,0.75
Bttb,1,1,2,0.5
Bttl,0,2,2,0.0
Bttm,0,1,1,0.0
Bttn,1,1,2,0.5
Btts,1,0,1,1.0
Bttt,1,1,2,0.5
DBBB,10,5,15,0.67
DBBD,0,4,4,0.0
DBBH,1,0,1,1.0
DBBK,1,2,3,0.33
DBBL,1,4,5,0.2
DBBM,1,8,9,0.11
DBBN,6,5,11,0.55
DBBP,8,7,15,0.53
DBBS,5,3,8,0.62
DBBb,8,4,12,0.67
DBBh,0,0,0,
DBBj,1,1,2,0.5
DBBl,2,1,3,0.67
DBBm,8,6,14,0.57
DBBn,7,13,20,0.35
DBBs,0,3,3,0.0
DBBt,2,2,4,0.5
DBDB,1,0,1,1.0
DBDD,2,1,3,0.67
DBDH,2,3,5,0.4
DBDI,1,0,1,1.0
DBDM,1,5,6,0.17
DBDN,0,1,1,0.0
DBDP,1,3,4,0.25
DBDS,4,0,4,1.0
DBDb,2,2,4,0.5
DBDm,4,2,6,0.67
DBDn,0,2,2,0.0
DBDs,1,2,3,0.33
DBKB,0,2,2,0.0
DBKL,1,1,2,0.5
DBKM,1,2,3,0.33
DBKN,2,0,2,1.0
DBKP,3,2,5,0.6
DBKS,0,1,1,0.0
DBKb,1,3,4,0.25
DBKh,0,1,1,0.0
DBKl,1,1,2,0.5
DBKm,2,2,4,0.5
DBKn,1,1,2,0.5
DBKs,0,1,1,0.0
DBKt,1,0,1,1.0
DBLB,2,1,3,0.67
DBLD,0,0,0,
DBLL,1,0,1,1.0
DBLM,2,2,4,0.5
DBLN,1,2,3,0.33
DBLP,1,2,3,0.33
DBLS,0,1,1,0.0
DBLb,6,1,7,0.86
DBLh,0,2,2,0.0
DBLl,1,0,1,1.0
DBLm,2,3,5,0.4
DBLs,0,1,1,0.0
DBLt,1,0,1,1.0
DBMB,6,3,9,0.67
DBMD,0,1,1,0.0
DBML,2,3,5,0.4
DBMM,6,12,18,0.33
DBMN,5,4,9,0.56
DBMP,9,6,15,0.6
DBMS,1,7,8,0.12
DBMb,4,8,12,0.33
DBMh,5,4,9,0.56
DBMj,0,1,1,0.0
DBMl,3,1,4,0.75
DBMm,14,5,19,0.74
DBMn,10,8,18,0.56
DBMs,4,2,6,0.67
DBMt,1,1,2,0.5
DBNB,8,6,14,0.57
DBND,1,1,2,0.5
DBNH,1,0,1,1.0
DBNI,1,0,1,1.0
DBNL,0,4,4,0.0
DBNM,5,2,7,0.71
DBNN,4,3,7,0.57
DBNP,6,12,18,0.33
DBNS,7,6,13,0.54
DBNb,5,5,10,0.5
DBNh,4,1,5,0.8
DBNl,1,3,4,0.25
DBNm,10,4,14,0.71
DBNn,3,10,13,0.23
DBNs,4,5,9,0.44
DBNt,2,3,5,0.4
DBPB,6,12,18,0.33
DBPH,1,2,3,0.33
DBPI,0,1,1,0.0
DBPK,1,0,1,1.0
DBPL,2,3,5,0.4
DBPM,3,8,11,0.27
DBPN,9,6,15,0.6
DBPP,13,8,21,0.62
DBPS,4,4,8,0.5
DBPb,6,3,9,0.67
DBPh,1,1,2,0.5
DBPl,2,3,5,0.4
DBPm,4,13,17,0.24
DBPn,7,9,16,0.44
DBPs,9,8,17,0.53
DBPt,0,1,1,0.0
DBSB,10,2,12,0.83
DBSD,3,0,3,1.0
DBSH,3,1,4,0.75
DBSL,0,1,1,0.0
DBSM,5,7,12,0.42
DBSN,4,1,5,0.8
DBSP,7,5,12,0.58
DBSS,1,7,8,0.12
DBSb,2,5,7,0.29
DBSh,1,1,2,0.5
DBSm,3,6,9,0.33
DBSn,1,3,4,0.25
DBSs,4,5,9,0.44
DBSt,0,1,1,0.0
DBbB,5,7,12,0.42
DBbD,0,1,1,0.0
DBbH,0,2,2,0.0
DBbI,1,0,1,1.0
DBbJ,0,2,2,0.0
DBbK,0,1,1,0.0
DBbL,2,3,5,0.4
DBbM,4,7,11,0.36
DBbN,10,5,15,0.67
DBbP,6,5,11,0.55
DBbS,3,4,7,0.43
DBbb,5,4,9,0.56
DBbl,2,2,4,0.5
DBbm,3,6,9,0.33
DBbn,2,2,4,0.5
DBbs,5,3,8,0.62
DBhB,1,0,1,1.0
DBhM,0,1,1,0.0
DBhP,0,1,1,0.0
DBhS,0,3,3,0.0
DBhb,1,0,1,1.0
DBhl,0,1,1,0.0
DBhm,1,1,2,0.5
DBhn,1,0,1,1.0
DBhs,1,0,1,1.0
DBjB,1,1,2,0.5
DBjL,0,2,2,0.0
DBjM,0,3,3,0.0
DBjN,2,2,4,0.5
DBjP,2,0,2,1.0
DBjS,0,1,1,0.0
DBjb,2,0,2,1.0
DBjm,1,1,2,0.5
DBjs,1,1,2,0.5
DBlB,0,2,2,0.0
DBlD,0,0,0,
DBlH,0,0,0,
DBlK,0,1,1,0.0
DBlL,1,2,3,0.33
DBlM,4,1,5,0.8
DBlN,1,2,3,0.33
DBlP,3,3,6,0.5
DBlS,0,1,1,0.0
DBlb,2,1,3,0.67
DBll,2,0,2,1.0
DBlm,5,4,9,0.56
DBls,0,1,1,0.0
DBmB,7,11,18,0.39
DBmD,3,3,6,0.5
DBmH,2,2,4,0.5
DBmL,3,5,8,0.38
DBmM,12,11,23,0.52
DBmN,5,10,15,0.33
DBmP,11,9,20,0.55
DBmS,2,9,11,0.18
DBmb,6,6,12,0.5
DBml,2,0,2,1.0
DBmm,13,7,20,0.65
DBmn,7,7,14,0.5
DBms,7,5,12,0.58
DBnB,7,5,12,0.58
DBnD,1,0,1,1.0
DBnH,4,6,10,0.4
DBnI,2,1,3,0.67
DBnK,0,1,1,0.0
DBnL,3,0,3,1.0
DBnM,6,3,9,0.67
DBnN,9,9,18,0.5
DBnP,10,7,17,0.59
DBnS,6,4,10,0.6
DBnb,9,4,13,0.69
DBnh,0,2,2,0.0
DBnl,2,3,5,0.4
DBnm,7,6,13,0.54
DBnn,7,4,11,0.64
DBns,8,3,11,0.73
DBsB,2,3,5,0.4
DBsD,0,3,3,0.0
DBsH,0,4,4,0.0
DBsI,1,0,1,1.0
DBsL,0,2,2,0.0
DBsM,2,9,11,0.18
DBsN,2,5,7,0.29
DBsP,4,5,9,0.44
DBsS,3,5,8,0.38
DBsb,2,3,5,0.4
DBsh,0,0,0,
DBsl,0,1,1,0.0
DBsm,4,2,6,0.67
DBsn,5,1,6,0.83
DBss,5,2,7,0.71
DBtB,1,0,1,1.0
DBtD,0,0,0,
DBtH,0,1,1,0.0
DBtM,0,1,1,0.0
DBtN,0,1,1,0.0
DBtP,2,2,4,0.5
DBtb,0,2,2,0.0
DBtm,1,1,2,0.5
DDBB,5,6,11,0.45
DDBD,0,3,3,0.0
DDBK,1,3,4,0.25
DDBL,0,1,1,0.0
DDBM,3,5,8,0.38
DDBN,4,4,8,0.5
DDBP,2,4,6,0.33
DDBS,0,3,3,0.0
DDBb,2,1,3,0.67
DDBh,0,1,1,0.0
DDBj,1,0,1,1.0
DDBl,2,0,2,1.0
DDBm,3,3,6,0.5
DDBn,0,5,5,0.0
DDBs,2,2,4,0.5
DDBt,2,0,2,1.0
DDDB,4,4,8,0.5
DDDD,29,5,34,0.85
DDDH,2,2,4,0.5
DDDK,0,0,0,
DDDL,1,2,3,0.33
DDDM,4,5,9,0.44
DDDN,3,2,5,0.6
DDDP,3,3,6,0.5
DDDS,3,2,5,0.6
DDDb,1,3,4,0.25
DDDl,0,1,1,0.0
DDDm,2,4,6,0.33
DDDn,0,1,1,0.0
DDDs,0,4,4,0.0
DDDt,0,1,1,0.0
DDHB,6,0,6,1.0
DDHD,1,2,3,0.33
DDHH,0,0,0,
DDHI,0,0,0,
DDHL,1,0,1,1.0
DDHM,2,3,5,0.4
DDHN,1,3,4,0.25
DDHP,6,5,11,0.55
DDHS,5,5,10,0.5
DDHb,2,6,8,0.25
DDHh,3,2,5,0.6
DDHl,4,0,4,1.0
DDHm,5,3,8,0.62
DDHn,4,1,5,0.8
DDHs,2,1,3,0.67
DDIB,0,0,0,
DDIL,0,1,1,0.0
DDIM,0,2,2,0.0
DDIP,0,1,1,0.0
DDIb,0,1,1,0.0
DDIl,0,1,1,0.0
DDKD,1,0,1,1.0
DDLB,2,1,3,0.67
DDLK,0,1,1,0.0
DDLL,0,1,1,0.0
DDLM,4,3,7,0.57
DDLN,0,1,1,0.0
DDLP,4,1,5,0.8
DDLS,1,0,1,1.0
DDLb,0,3,3,0.0
DDLh,1,0,1,1.0
DDLj,1,0,1,1.0
DDLl,0,1,1,0.0
DDLm,1,2,3,0.33
DDLn,1,0,1,1.0
DDLs,1,1,2,0.5
DDMB,5,6,11,0.45
DDMD,5,2,7,0.71
DDMH,0,1,1,0.0
DDMM,12,8,20,0.6
DDMN,5,2,7,0.71
DDMP,5,1,6,0.83
DDMS,2,1,3,0.67
DDMb,3,3,6,0.5
DDMh,8,7,15,0.53
DDMj,1,0,1,1.0
DDMl,1,0,1,1.0
DDMm,7,5,12,0.58
DDMn,7,3,10,0.7
DDMs,2,5,7,0.29
DDMt,0,1,1,0.0
DDNB,2,0,2,1.0
DDND,4,1,5,0.8
DDNH,0,0,0,
DDNK,1,0,1,1.0
DDNL,1,1,2,0.5
DDNM,4,5,9,0.44
DDNN,5,2,7,0.71
DDNP,1,5,6,0.17
DDNS,4,0,4,1.0
DDNb,2,2,4,0.5
DDNh,1,1,2,0.5
DDNl,0,2,2,0.0
DDNm,3,3,6,0.5
DDNn,0,5,5,0.0
DDNs,3,1,4,0.75
DDNt,1,0,1,1.0
DDPB,6,3,9,0.67
DDPD,1,6,7,0.14
DDPH,1,1,2,0.5
DDPI,1,1,2,0.5
DDPK,0,0,0,
DDPL,4,2,6,0.67
DDPM,2,10,12,0.17
DDPN,2,2,4,0.5
DDPP,3,6,9,0.33
DDPS,1,4,5,0.2
DDPb,3,2,5,0.6
DDPl,1,0,1,1.0
DDPm,16,6,22,0.73
DDPn,2,1,3,0.67
DDPs,5,4,9,0.56
DDSB,1,0,1,1.0
DDSD,3,1,4,0.75
DDSH,0,0,0,
DDSK,1,0,1,1.0
DDSL,2,1,3,0.67
DDSM,4,6,10,0.4
DDSN,4,1,5,0.8
DDSP,7,4,11,0.64
DDSS,2,8,10,0.2
DDSb,1,1,2,0.5
DDSh,1,2,3,0.33
DDSl,1,1,2,0.5
DDSm,3,2,5,0.6
DDSn,3,1,4,0.75
DDSs,3,5,8,0.38
DDbB,1,1,2,0.5
DDbH,1,3,4,0.25
DDbI,1,0,1,1.0
DDbJ,1,0,1,1.0
DDbK,1,1,2,0.5
DDbM,5,0,5,1.0
DDbN,1,0,1,1.0
DDbP,5,3,8,0.62
DDbS,1,1,2,0.5
DDbb,3,5,8,0.38
DDbm,4,3,7,0.57
DDbn,1,3,4,0.25
DDbs,5,1,6,0.83
DDhM,0,1,1,0.0
DDhP,1,0,1,1.0
DDhS,1,0,1,1.0
DDhl,0,1,1,0.0
DDhm,0,0,0,
DDlB,2,0,2,1.0
DDlD,0,0,0,
DDlH,0,1,1,0.0
DDlJ,0,1,1,0.0
DDlM,1,0,1,1.0
DDlN,0,1,1,0.0
DDlP,1,0,1,1.0
DDlS,2,0,2,1.0
DDlb,1,1,2,0.5
DDlm,3,2,5,0.6
DDln,1,0,1,1.0
DDls,1,1,2,0.5
DDmB,9,4,13,0.69
DDmD,5,8,13,0.38
DDmH,3,5,8,0.38
DDmJ,0,0,0,
DDmK,0,1,1,0.0
DDmL,3,1,4,0.75
DDmM,4,8,12,0.33
DDmN,2,3,5,0.4
DDmP,4,9,13,0.31
DDmS,1,6,7,0.14
DDmb,8,8,16,0.5
DDmh,0,1,1,0.0
DDml,0,2,2,0.0
DDmm,15,8,23,0.65
DDmn,6,5,11,0.55
DDms,3,2,5,0.6
DDnB,1,2,3,0.33
DDnD,2,1,3,0.67
DDnH,1,2,3,0.33
DDnI,0,1,1,0.0
DDnK,2,0,2,1.0
DDnM,4,2,6,0.67
DDnN,4,1,5,0.8
DDnP,5,2,7,0.71
DDnS,2,0,2,1.0
DDnb,2,2,4,0.5
DDnh,0,1,1,0.0
DDnl,2,2,4,0.5
DDnm,6,3,9,0.67
DDnn,3,0,3,1.0
DDns,1,1,2,0.5
DDsB,2,2,4,0.5
DDsD,1,1,2,0.5
DDsH,1,6,7,0.14
DDsL,1,0,1,1.0
DDsM,0,2,2,0.0
DDsN,4,1,5,0.8
DDsP,1,3,4,0.25
DDsS,2,4,6,0.33
DDsb,5,3,8,0.62
DDsl,2,1,3,0.67
DDsm,5,3,8,0.62
DDsn,1,1,2,0.5
DDss,4,0,4,1.0
DDtB,1,0,1,1.0
DDtD,0,1,1,0.0
DDtH,0,1,1,0.0
DDtM,1,1,2,0.5
DDtN,0,1,1,0.0
DDtb,0,0,0,
DDtm,1,0,1,1.0
DDtn,2,0,2,1.0
DDts,0,2,2,0.0
DHBB,7,1,8,0.88
DHBD,2,0,2,1.0
DHBH,1,0,1,1.0
DHBK,0,1,1,0.0
DHBL,1,2,3,0.33
DHBM,4,9,13,0.31
DHBN,7,1,8,0.88
DHBP,2,7,9,0.22
DHBS,6,5,11,0.55
DHBb,1,6,7,0.14
DHBh,2,0,2,1.0
DHBj,0,1,1,0.0
DHBl,2,2,4,0.5
DHBm,6,7,13,0.46
DHBn,4,0,4,1.0
DHBs,4,1,5,0.8
DHDB,2,1,3,0.67
DHDD,0,0,0,
DHDH,1,3,4,0.25
DHDL,2,0,2,1.0
DHDM,4,2,6,0.67
DHDN,1,1,2,0.5
DHDP,1,0,1,1.0
DHDS,1,0,1,1.0
DHDb,5,0,5,1.0
DHDl,1,0,1,1.0
DHDm,3,2,5,0.6
DHDn,2,2,4,0.5
DHDs,3,0,3,1.0
DHDt,0,1,1,0.0
DHHB,0,1,1,0.0
DHHD,0,1,1,0.0
DHHH,1,0,1,1.0
DHHI,1,0,1,1.0
DHHK,1,0,1,1.0
DHHM,2,3,5,0.4
DHHN,2,2,4,0.5
DHHP,1,1,2,0.5
DHHS,1,2,3,0.33
DHHb,2,0,2,1.0
DHHh,1,0,1,1.0
DHHm,1,1,2,0.5
DHHn,1,2,3,0.33
DHHs,3,2,5,0.6
DHID,1,0,1,1.0
DHIH,0,0,0,
DHII,0,0,0,
DHIM,1,1,2,0.5
DHIN,1,0,1,1.0
DHIP,0,2,2,0.0
DHIb,2,1,3,0.67
DHIm,1,1,2,0.5
DHIn,0,2,2,0.0
DHIs,0,1,1,0.0
DHKB,0,1,1,0.0
DHKN,0,1,1,0.0
DHKP,0,0,0,
DHKS,0,1,1,0.0
DHKh,0,1,1,0.0
DHKl,1,0,1,1.0
DHKm,0,2,2,0.0
DHKs,0,1,1,0.0
DHLB,1,1,2,0.5
DHLD,0,2,2,0.0
DHLL,1,0,1,1.0
DHLM,4,3,7,0.57
DHLN,1,2,3,0.33
DHLP,2,5,7,0.29
DHLS,1,0,1,1.0
DHLb,1,3,4,0.25
DHLh,1,1,2,0.5
DHLl,1,1,2,0.5
DHLm,3,2,5,0.6
DHLn,3,0,3,1.0
DHLs,0,1,1,0.0
DHMB,6,7,13,0.46
DHMD,0,3,3,0.0
DHML,8,3,11,0.73
DHMM,7,10,17,0.41
DHMN,3,5,8,0.38
DHMP,7,12,19,0.37
DHMS,4,5,9,0.44
DHMb,10,7,17,0.59
DHMh,2,9,11,0.18
DHMj,0,1,1,0.0
DHMl,2,3,5,0.4
DHMm,13,7,20,0.65
DHMn,5,8,13,0.38
DHMs,5,5,10,0.5
DHMt,0,1,1,0.0
DHNB,5,5,10,0.5
DHND,1,2,3,0.33
DHNI,0,1,1,0.0
DHNK,0,2,2,0.0
DHNL,1,2,3,0.33
DHNM,5,7,12,0.42
DHNN,6,5,11,0.55
DHNP,4,11,15,0.27
DHNS,7,5,12,0.58
DHNb,3,1,4,0.75
DHNh,1,0,1,1.0
DHNl,2,3,5,0.4
DHNm,9,8,17,0.53
DHNn,3,7,10,0.3
DHNs,3,6,9,0.33
DHNt,1,1,2,0.5
DHPB,7,7,14,0.5
DHPD,1,1,2,0.5
DHPH,1,3,4,0.25
DHPI,1,1,2,0.5
DHPK,0,1,1,0.0
DHPL,3,3,6,0.5
DHPM,8,16,24,0.33
DHPN,6,7,13,0.46
DHPP,7,8,15,0.47
DHPS,8,7,15,0.53
DHPb,5,2,7,0.71
DHPh,1,0,1,1.0
DHPl,3,1,4,0.75
DHPm,9,11,20,0.45
DHPn,6,5,11,0.55
DHPs,3,5,8,0.38
DHSB,7,4,11,0.64
DHSD,2,0,2,1.0
DHSH,3,3,6,0.5
DHSL,2,0,2,1.0
DHSM,6,7,13,0.46
DHSN,5,4,9,0.56
DHSP,6,5,11,0.55
DHSS,10,11,21,0.48
DHSb,3,3,6,0.5
DHSh,4,2,6,0.67
DHSl,2,2,4,0.5
DHSm,14,6,20,0.7
DHSn,3,4,7,0.43
DHSs,11,7,18,0.61
DHSt,1,0,1,1.0
DHbB,7,3,10,0.7
DHbD,2,1,3,0.67
DHbI,0,0,0,
DHbK,0,1,1,0.0
DHbL,8,2,10,0.8
DHbM,3,6,9,0.33
DHbN,4,5,9,0.44
DHbP,7,2,9,0.78
DHbS,2,2,4,0.5
DHbb,5,7,12,0.42
DHbl,2,3,5,0.4
DHbm,7,13,20,0.35
DHbn,4,4,8,0.5
DHbs,2,2,4,0.5
DHhB,4,6,10,0.4
DHhD,1,0,1,1.0
DHhH,0,2,2,0.0
DHhI,0,1,1,0.0
DHhK,1,1,2,0.5
DHhL,0,2,2,0.0
DHhM,8,9,17,0.47
DHhN,2,3,5,0.4
DHhP,6,4,10,0.6
DHhS,4,1,5,0.8
DHhb,5,2,7,0.71
DHhh,4,3,7,0.57
DHhl,0,4,4,0.0
DHhm,2,7,9,0.22
DHhn,4,2,6,0.67
DHhs,2,2,4,0.5
DHlB,2,5,7,0.29
DHlD,1,0,1,1.0
DHlH,4,0,4,1.0
DHlI,0,0,0,
DHlJ,0,0,0,
DHlL,2,1,3,0.67
DHlM,2,4,6,0.33
DHlN,5,1,6,0.83
DHlP,3,3,6,0.5
DHlS,1,0,1,1.0
DHlb,0,3,3,0.0
DHll,2,0,2,1.0
DHlm,0,0,0,
DHln,1,2,3,0.33
DHls,0,1,1,0.0
DHmB,5,9,14,0.36
DHmD,2,5,7,0.29
DHmH,7,9,16,0.44
DHmI,0,1,1,0.0
DHmJ,0,2,2,0.0
DHmL,3,2,5,0.6
DHmM,12,15,27,0.44
DHmN,9,11,20,0.45
DHmP,7,12,19,0.37
DHmS,11,4,15,0.73
DHmb,7,8,15,0.47
DHmh,0,0,0,
DHml,4,1,5,0.8
DHmm,12,15,27,0.44
DHmn,9,5,14,0.64
DHms,2,5,7,0.29
DHnB,2,3,5,0.4
DHnD,2,2,4,0.5
DHnH,3,1,4,0.75
DHnK,0,0,0,
DHnL,2,1,3,0.67
DHnM,7,5,12,0.58
DHnN,9,5,14,0.64
DHnP,7,7,14,0.5
DHnS,4,5,9,0.44
DHnb,5,4,9,0.56
DHnl,0,2,2,0.0
DHnm,8,7,15,0.53
DHnn,8,5,13,0.62
DHns,5,4,9,0.56
DHsB,8,2,10,0.8
DHsD,4,2,6,0.67
DHsH,4,3,7,0.57
DHsI,3,1,4,0.75
DHsL,2,1,3,0.67
DHsM,3,5,8,0.38
DHsN,3,4,7,0.43
DHsP,4,6,10,0.4
DHsS,5,9,14,0.36
DHsb,1,2,3,0.33
DHsh,0,1,1,0.0
DHsl,2,1,3,0.67
DHsm,7,7,14,0.5
DHsn,2,3,5,0.4
DHss,6,9,15,0.4
DHtB,1,0,1,1.0
DHtI,0,0,0,
DHtM,1,3,4,0.25
DHtN,0,1,1,0.0
DHtm,0,1,1,0.0
DHts,0,0,0,
DIBB,1,1,2,0.5
DIBK,0,0,0,
DIBM,0,0,0,
DIBN,1,0,1,1.0
DIBP,1,0,1,1.0
DIBl,1,0,1,1.0
DIBm,0,1,1,0.0
DIBn,1,0,1,1.0
DIBs,0,0,0,
DIDB,0,0,0,
DIDD,1,0,1,1.0
DIDL,1,1,2,0.5
DIDN,0,1,1,0.0
DIDP,0,1,1,0.0
DIDS,0,0,0,
DIDb,1,1,2,0.5
DIDm,1,0,1,1.0
DIHM,1,1,2,0.5
DIHP,2,1,3,0.67
DIHb,0,0,0,
DIHh,0,2,2,0.0
DIHm,1,1,2,0.5
DIHn,0,0,0,
DIHs,0,1,1,0.0
DIIB,0,1,1,0.0
DIIP,0,0,0,
DILB,0,1,1,0.0
DILD,0,1,1,0.0
DILL,0,0,0,
DILM,1,0,1,1.0
DILP,0,0,0,
DILS,0,1,1,0.0
DILb,0,1,1,0.0
DILm,1,0,1,1.0
DIMB,1,1,2,0.5
DIMI,0,1,1,0.0
DIMM,0,0,0,
DIMN,2,0,2,1.0
DIMP,1,0,1,1.0
DIMS,0,4,4,0.0
DIMb,1,0,1,1.0
DIMh,1,0,1,1.0
DIMm,1,1,2,0.5
DIMs,0,0,0,
DINB,1,1,2,0.5
DINL,0,1,1,0.0
DINM,0,1,1,0.0
DINN,0,0,0,
DINP,1,2,3,0.33
DINS,0,0,0,
DINn,0,1,1,0.0
DINs,1,0,1,1.0
DIPB,1,1,2,0.5
DIPD,0,0,0,
DIPH,0,1,1,0.0
DIPK,0,0,0,
DIPM,1,1,2,0.5
DIPN,0,1,1,0.0
DIPP,0,1,1,0.0
DIPS,0,0,0,
DIPl,1,0,1,1.0
DIPm,1,1,2,0.5
DIPn,2,2,4,0.5
DISB,1,0,1,1.0
DISN,0,0,0,
DISS,1,0,1,1.0
DISb,0,0,0,
DISh,0,0,0,
DISm,0,0,0,
DISn,2,1,3,0.67
DIbJ,0,1,1,0.0
DIbK,0,1,1,0.0
DIbM,0,1,1,0.0
DIbN,0,2,2,0.0
DIbP,1,0,1,1.0
DIbb,0,1,1,0.0
DIbm,1,0,1,1.0
DIbn,0,1,1,0.0
DIbs,0,0,0,
DIhN,0,0,0,
DIlN,1,1,2,0.5
DIlP,1,1,2,0.5
DImD,1,0,1,1.0
DImH,1,1,2,0.5
DImJ,0,0,0,
DImK,0,0,0,
DImM,1,1,2,0.5
DImN,4,0,4,1.0
DImP,0,0,0,
DImb,1,1,2,0.5
DIml,0,1,1,0.0
DImm,0,0,0,
DImn,1,0,1,1.0
DIms,0,1,1,0.0
DInB,1,0,1,1.0
DInD,1,0,1,1.0
DInH,0,0,0,
DInM,0,1,1,0.0
DInN,1,0,1,1.0
DInP,0,1,1,0.0
DInS,0,1,1,0.0
DInb,1,0,1,1.0
DInm,1,2,3,0.33
DIsB,1,0,1,1.0
DIsD,0,0,0,
DIsH,1,0,1,1.0
DIsI,0,0,0,
DIsM,0,2,2,0.0
DIsN,0,0,0,
DIsS,0,1,1,0.0
DIsb,1,0,1,1.0
DIsm,0,0,0,
DIsn,0,1,1,0.0
DIss,0,0,0,
DItD,0,1,1,0.0
DKBP,0,1,1,0.0
DKBn,1,0,1,1.0
DKDM,0,1,1,0.0
DKDS,0,1,1,0.0
DKHm,1,0,1,1.0
DKIH,1,0,1,1.0
DKMM,0,1,1,0.0
DKMS,0,1,1,0.0
DKMb,0,1,1,0.0
DKMs,0,1,1,0.0
DKNl,0,1,1,0.0
DKPB,0,1,1,0.0
DKPD,1,0,1,1.0
DKPM,0,1,1,0.0
DKSm,1,0,1,1.0
DKbH,0,1,1,0.0
DKbJ,1,0,1,1.0
DKlJ,1,0,1,1.0
DKmS,0,1,1,0.0
DKmn,1,0,1,1.0
DKnP,1,0,1,1.0
DKsD,0,1,1,0.0
DLBB,4,3,7,0.57
DLBD,1,1,2,0.5
DLBH,1,0,1,1.0
DLBL,0,2,2,0.0
DLBM,4,2,6,0.67
DLBN,1,0,1,1.0
DLBP,5,3,8,0.62
DLBb,3,4,7,0.43
DLBj,1,0,1,1.0
DLBl,1,1,2,0.5
DLBm,1,6,7,0.14
DLBn,4,3,7,0.57
DLBs,1,3,4,0.25
DLDB,0,1,1,0.0
DLDD,2,2,4,0.5
DLDH,0,1,1,0.0
DLDM,2,1,3,0.67
DLDP,0,0,0,
DLDS,1,1,2,0.5
DLDb,0,0,0,
DLDl,1,2,3,0.33
DLDm,0,2,2,0.0
DLDn,0,0,0,
DLHN,0,1,1,0.0
DLKM,0,1,1,0.0
DLKb,0,1,1,0.0
DLKh,1,0,1,1.0
DLKl,1,0,1,1.0
DLKm,3,0,3,1.0
DLLB,1,0,1,1.0
DLLL,1,0,1,1.0
DLLM,1,1,2,0.5
DLLN,0,1,1,0.0
DLLP,1,1,2,0.5
DLLS,0,1,1,0.0
DLLb,2,1,3,0.67
DLLh,2,1,3,0.67
DLLj,0,1,1,0.0
DLLl,0,1,1,0.0
DLLm,1,1,2,0.5
DLLn,2,2,4,0.5
DLLs,1,1,2,0.5
DLMB,4,3,7,0.57
DLMD,1,0,1,1.0
DLML,0,0,0,
DLMM,1,2,3,0.33
DLMN,1,1,2,0.5
DLMP,1,2,3,0.33
DLMS,3,1,4,0.75
DLMb,4,2,6,0.67
DLMh,2,3,5,0.4
DLMj,0,0,0,
DLMl,0,0,0,
DLMm,12,2,14,0.86
DLMn,9,2,11,0.82
DLMs,4,1,5,0.8
DLMt,2,1,3,0.67
DLNB,4,1,5,0.8
DLNI,0,1,1,0.0
DLNK,0,1,1,0.0
DLNL,0,2,2,0.0
DLNM,0,0,0,
DLNN,2,2,4,0.5
DLNP,4,1,5,0.8
DLNS,0,1,1,0.0
DLNb,3,1,4,0.75
DLNh,0,1,1,0.0
DLNl,0,1,1,0.0
DLNm,3,1,4,0.75
DLNn,3,2,5,0.6
DLNs,0,3,3,0.0
DLPB,2,6,8,0.25
DLPD,0,1,1,0.0
DLPH,0,0,0,
DLPK,1,1,2,0.5
DLPL,1,0,1,1.0
DLPM,4,7,11,0.36
DLPN,2,2,4,0.5
DLPP,2,2,4,0.5
DLPS,3,2,5,0.6
DLPb,3,1,4,0.75
DLPl,0,1,1,0.0
DLPm,3,4,7,0.43
DLPn,1,4,5,0.2
DLPs,2,1,3,0.67
DLSB,2,0,2,1.0
DLSH,0,1,1,0.0
DLSL,1,0,1,1.0
DLSM,6,3,9,0.67
DLSN,1,3,4,0.25
DLSP,2,5,7,0.29
DLSS,1,3,4,0.25
DLSb,1,0,1,1.0
DLSh,1,1,2,0.5
DLSl,2,1,3,0.67
DLSm,3,2,5,0.6
DLSn,1,0,1,1.0
DLSs,0,1,1,0.0
DLbB,1,1,2,0.5
DLbD,1,0,1,1.0
DLbH,1,0,1,1.0
DLbL,0,1,1,0.0
DLbM,2,3,5,0.4
DLbN,1,2,3,0.33
DLbP,2,2,4,0.5
DLbS,1,1,2,0.5
DLbb,3,1,4,0.75
DLbm,4,4,8,0.5
DLbn,2,1,3,0.67
DLbs,1,0,1,1.0
DLhB,1,1,2,0.5
DLhD,1,0,1,1.0
DLhI,0,1,1,0.0
DLhM,1,0,1,1.0
DLhN,1,1,2,0.5
DLhP,1,3,4,0.25
DLhS,1,0,1,1.0
DLhb,1,1,2,0.5
DLhl,0,1,1,0.0
DLhm,1,2,3,0.33
DLhn,0,1,1,0.0
DLhs,1,0,1,1.0
DLjB,0,1,1,0.0
DLjD,2,0,2,1.0
DLjH,1,0,1,1.0
DLjK,1,1,2,0.5
DLjL,0,0,0,
DLjN,1,0,1,1.0
DLjP,1,1,2,0.5
DLjb,0,1,1,0.0
DLlI,1,0,1,1.0
DLlJ,0,0,0,
DLlL,1,1,2,0.5
DLlM,1,2,3,0.33
DLlN,1,0,1,1.0
DLlP,1,0,1,1.0
DLlS,0,1,1,0.0
DLlb,2,2,4,0.5
DLll,1,1,2,0.5
DLlm,1,1,2,0.5
DLln,0,1,1,0.0
DLls,2,0,2,1.0
DLmB,6,5,11,0.55
DLmD,5,1,6,0.83
DLmH,2,0,2,1.0
DLmJ,0,1,1,0.0
DLmL,0,0,0,
DLmM,2,2,4,0.5
DLmN,1,6,7,0.14
DLmP,0,3,3,0.0
DLmS,0,2,2,0.0
DLmb,3,2,5,0.6
DLml,2,2,4,0.5
DLmm,3,3,6,0.5
DLmn,2,3,5,0.4
DLms,0,2,2,0.0
DLnB,3,3,6,0.5
DLnD,1,0,1,1.0
DLnH,3,1,4,0.75
DLnI,0,1,1,0.0
DLnK,0,1,1,0.0
DLnM,3,3,6,0.5
DLnN,0,3,3,0.0
DLnP,2,6,8,0.25
DLnS,3,3,6,0.5
DLnb,2,4,6,0.33
DLnl,0,1,1,0.0
DLnm,2,1,3,0.67
DLnn,2,3,5,0.4
DLns,4,0,4,1.0
DLsB,1,1,2,0.5
DLsD,1,0,1,1.0
DLsH,1,3,4,0.25
DLsK,1,0,1,1.0
DLsM,0,0,0,
DLsN,0,1,1,0.0
DLsP,4,0,4,1.0
DLsS,2,4,6,0.33
DLsb,1,2,3,0.33
DLsl,1,0,1,1.0
DLsm,0,2,2,0.0
DLsn,2,2,4,0.5
DLss,1,2,3,0.33
DLtB,0,1,1,0.0
DLtN,1,0,1,1.0
DLtP,1,1,2,0.5
DLtS,0,1,1,0.0
DLtb,1,1,2,0.5
DLtm,1,0,1,1.0
DLtn,0,2,2,0.0
DMBB,16,8,24,0.67
DMBD,5,4,9,0.56
DMBK,3,2,5,0.6
DMBL,2,1,3,0.67
DMBM,6,7,13,0.46
DMBN,14,11,25,0.56
DMBP,13,17,30,0.43
DMBS,4,2,6,0.67
DMBb,11,10,21,0.52
DMBh,2,0,2,1.0
DMBj,2,2,4,0.5
DMBl,2,0,2,1.0
DMBm,7,13,20,0.35
DMBn,19,9,28,0.68
DMBs,3,2,5,0.6
DMBt,1,0,1,1.0
DMDB,3,4,7,0.43
DMDD,2,1,3,0.67
DMDH,1,1,2,0.5
DMDI,0,0,0,
DMDL,1,1,2,0.5
DMDM,1,6,7,0.14
DMDN,6,3,9,0.67
DMDP,7,1,8,0.88
DMDS,3,5,8,0.38
DMDb,2,4,6,0.33
DMDm,3,11,14,0.21
DMDn,1,2,3,0.33
DMDs,3,2,5,0.6
DMHD,0,1,1,0.0
DMHb,0,1,1,0.0
DMHm,1,1,2,0.5
DMHn,1,0,1,1.0
DMKI,0,1,1,0.0
DMKn,0,1,1,0.0
DMLB,4,2,6,0.67
DMLD,1,1,2,0.5
DMLL,1,0,1,1.0
DMLM,6,1,7,0.86
DMLN,1,2,3,0.33
DMLP,3,2,5,0.6
DMLS,1,0,1,1.0
DMLb,2,3,5,0.4
DMLj,2,0,2,1.0
DMLl,1,2,3,0.33
DMLm,3,2,5,0.6
DMLn,2,2,4,0.5
DMLs,2,0,2,1.0
DMLt,0,0,0,
DMMB,10,10,20,0.5
DMMD,1,5,6,0.17
DMML,2,0,2,1.0
DMMM,8,16,24,0.33
DMMN,1,11,12,0.08
DMMP,10,10,20,0.5
DMMS,8,8,16,0.5
DMMb,11,14,25,0.44
DMMh,13,10,23,0.57
DMMj,0,1,1,0.0
DMMl,3,3,6,0.5
DMMm,29,13,42,0.69
DMMn,10,12,22,0.45
DMMs,8,7,15,0.53
DMMt,1,1,2,0.5
DMNB,4,8,12,0.33
DMND,4,3,7,0.57
DMNH,0,3,3,0.0
DMNK,2,1,3,0.67
DMNL,2,5,7,0.29
DMNM,4,5,9,0.44
DMNN,4,8,12,0.33
DMNP,9,7,16,0.56
DMNS,7,4,11,0.64
DMNb,9,4,13,0.69
DMNh,6,4,10,0.6
DMNl,2,2,4,0.5
DMNm,9,14,23,0.39
DMNn,11,8,19,0.58
DMNs,7,5,12,0.58
DMPB,5,9,14,0.36
DMPD,3,3,6,0.5
DMPH,1,4,5,0.2
DMPI,1,1,2,0.5
DMPK,4,3,7,0.57
DMPL,6,2,8,0.75
DMPM,9,18,27,0.33
DMPN,11,9,20,0.55
DMPP,11,6,17,0.65
DMPS,9,7,16,0.56
DMPb,7,7,14,0.5
DMPh,0,1,1,0.0
DMPl,0,2,2,0.0
DMPm,18,12,30,0.6
DMPn,13,7,20,0.65
DMPs,10,4,14,0.71
DMPt,0,3,3,0.0
DMSB,7,6,13,0.54
DMSD,2,5,7,0.29
DMSH,1,3,4,0.25
DMSI,1,0,1,1.0
DMSL,2,4,6,0.33
DMSM,6,12,18,0.33
DMSN,1,5,6,0.17
DMSP,3,8,11,0.27
DMSS,7,6,13,0.54
DMSb,3,4,7,0.43
DMSh,3,4,7,0.43
DMSl,4,2,6,0.67
DMSm,18,8,26,0.69
DMSn,4,2,6,0.67
DMSs,4,8,12,0.33
DMbB,11,6,17,0.65
DMbD,0,4,4,0.0
DMbH,2,2,4,0.5
DMbI,1,0,1,1.0
DMbJ,2,1,3,0.67
DMbK,3,0,3,1.0
DMbL,5,1,6,0.83
DMbM,2,11,13,0.15
DMbN,4,6,10,0.4
DMbP,11,12,23,0.48
DMbS,2,6,8,0.25
DMbb,8,4,12,0.67
DMbl,1,2,3,0.33
DMbm,16,10,26,0.62
DMbn,9,11,20,0.45
DMbs,0,2,2,0.0
DMhB,7,10,17,0.41
DMhD,1,1,2,0.5
DMhH,0,3,3,0.0
DMhI,1,0,1,1.0
DMhL,2,2,4,0.5
DMhM,9,11,20,0.45
DMhN,4,10,14,0.29
DMhP,5,9,14,0.36
DMhS,7,10,17,0.41
DMhb,4,7,11,0.36
DMhh,3,3,6,0.5
DMhl,6,0,6,1.0
DMhm,15,19,34,0.44
DMhn,6,5,11,0.55
DMhs,7,3,10,0.7
DMht,1,0,1,1.0
DMjB,0,2,2,0.0
DMjI,1,1,2,0.5
DMjK,1,0,1,1.0
DMjL,0,1,1,0.0
DMjM,0,1,1,0.0
DMjN,1,1,2,0.5
DMjP,1,1,2,0.5
DMjS,1,0,1,1.0
DMjb,0,2,2,0.0
DMjl,3,0,3,1.0
DMjm,2,0,2,1.0
DMjn,3,2,5,0.6
DMjs,1,0,1,1.0
DMlB,3,2,5,0.6
DMlH,2,0,2,1.0
DMlI,1,0,1,1.0
DMlJ,2,1,3,0.67
DMlK,1,0,1,1.0
DMlL,2,0,2,1.0
DMlM,1,1,2,0.5
DMlN,3,2,5,0.6
DMlP,3,2,5,0.6
DMlS,2,3,5,0.4
DMlb,1,1,2,0.5
DMll,2,1,3,0.67
DMlm,1,2,3,0.33
DMln,3,3,6,0.5
DMls,1,3,4,0.25
DMmB,22,17,39,0.56
DMmD,10,5,15,0.67
DMmH,3,7,10,0.3
DMmI,1,0,1,1.0
DMmJ,1,4,5,0.2
DMmL,4,2,6,0.67
DMmM,13,24,37,0.35
DMmN,12,16,28,0.43
DMmP,20,13,33,0.61
DMmS,8,11,19,0.42
DMmb,11,8,19,0.58
DMml,5,2,7,0.71
DMmm,17,19,36,0.47
DMmn,13,15,28,0.46
DMms,8,10,18,0.44
DMnB,9,9,18,0.5
DMnD,5,4,9,0.56
DMnH,3,0,3,1.0
DMnI,2,5,7,0.29
DMnK,1,2,3,0.33
DMnL,2,4,6,0.33
DMnM,6,10,16,0.38
DMnN,12,14,26,0.46
DMnP,10,9,19,0.53
DMnS,10,9,19,0.53
DMnb,7,10,17,0.41
DMnl,3,6,9,0.33
DMnm,13,15,28,0.46
DMnn,9,9,18,0.5
DMns,9,10,19,0.47
DMnt,1,0,1,1.0
DMsB,7,4,11,0.64
DMsD,0,2,2,0.0
DMsH,9,6,15,0.6
DMsI,1,3,4,0.25
DMsL,0,3,3,0.0
DMsM,5,5,10,0.5
DMsN,11,3,14,0.79
DMsP,5,0,5,1.0
DMsS,7,6,13,0.54
DMsb,7,6,13,0.54
DMsh,4,2,6,0.67
DMsl,0,2,2,0.0
DMsm,7,11,18,0.39
DMsn,8,6,14,0.57
DMss,4,4,8,0.5
DMst,0,1,1,0.0
DMtB,1,0,1,1.0
DMtD,1,1,2,0.5
DMtK,1,0,1,1.0
DMtM,1,0,1,1.0
DMtN,1,0,1,1.0
DMtP,1,2,3,0.33
DMtS,1,0,1,1.0
DMtb,2,1,3,0.67
DMtm,0,2,2,0.0
DMts,2,1,3,0.67
DNBB,5,4,9,0.56
DNBD,1,2,3,0.33
DNBK,0,1,1,0.0
DNBL,1,1,2,0.5
DNBM,6,7,13,0.46
DNBN,3,7,10,0.3
DNBP,12,10,22,0.55
DNBS,3,4,7,0.43
DNBb,3,7,10,0.3
DNBj,1,0,1,1.0
DNBl,2,1,3,0.67
DNBm,4,8,12,0.33
DNBn,7,10,17,0.41
DNBs,2,4,6,0.33
DNBt,2,1,3,0.67
DNDB,1,3,4,0.25
DNDD,2,2,4,0.5
DNDH,1,2,3,0.33
DNDL,0,1,1,0.0
DNDM,2,3,5,0.4
DNDN,1,2,3,0.33
DNDP,1,0,1,1.0
DNDS,3,2,5,0.6
DNDb,0,2,2,0.0
DNDm,5,1,6,0.83
DNDn,0,2,2,0.0
DNDs,5,0,5,1.0
DNHB,0,1,1,0.0
DNHD,1,0,1,1.0
DNHL,1,0,1,1.0
DNHM,2,2,4,0.5
DNHN,0,2,2,0.0
DNHP,0,2,2,0.0
DNHS,3,3,6,0.5
DNHb,1,1,2,0.5
DNHh,1,0,1,1.0
DNHl,1,0,1,1.0
DNHm,1,2,3,0.33
DNHn,1,1,2,0.5
DNHs,1,0,1,1.0
DNIM,1,0,1,1.0
DNIb,0,2,2,0.0
DNIn,0,0,0,
DNKB,1,0,1,1.0
DNKD,1,0,1,1.0
DNKM,1,3,4,0.25
DNKP,2,1,3,0.67
DNKS,1,0,1,1.0
DNKb,1,0,1,1.0
DNKm,3,2,5,0.6
DNKn,2,0,2,1.0
DNKs,3,0,3,1.0
DNLB,1,1,2,0.5
DNLD,0,1,1,0.0
DNLL,0,2,2,0.0
DNLM,1,1,2,0.5
DNLN,5,1,6,0.83
DNLP,2,2,4,0.5
DNLS,1,0,1,1.0
DNLb,1,1,2,0.5
DNLh,1,1,2,0.5
DNLj,0,1,1,0.0
DNLl,2,0,2,1.0
DNLm,1,3,4,0.25
DNLn,0,3,3,0.0
DNLs,2,2,4,0.5
DNMB,7,8,15,0.47
DNMD,3,4,7,0.43
DNMK,1,0,1,1.0
DNML,1,2,3,0.33
DNMM,15,6,21,0.71
DNMN,6,9,15,0.4
DNMP,4,6,10,0.4
DNMS,4,7,11,0.36
DNMb,4,8,12,0.33
DNMh,7,4,11,0.64
DNMj,2,0,2,1.0
DNMl,3,4,7,0.43
DNMm,14,7,21,0.67
DNMn,10,12,22,0.45
DNMs,4,7,11,0.36
DNMt,1,0,1,1.0
DNNB,7,13,20,0.35
DNND,2,0,2,1.0
DNNH,1,0,1,1.0
DNNK,0,1,1,0.0
DNNL,1,1,2,0.5
DNNM,6,12,18,0.33
DNNN,8,9,17,0.47
DNNP,10,9,19,0.53
DNNS,9,10,19,0.47
DNNb,1,4,5,0.2
DNNh,1,2,3,0.33
DNNl,2,0,2,1.0
DNNm,6,9,15,0.4
DNNn,5,8,13,0.38
DNNs,7,6,13,0.54
DNNt,0,0,0,
DNPB,8,4,12,0.67
DNPD,3,3,6,0.5
DNPH,1,1,2,0.5
DNPI,2,0,2,1.0
DNPK,0,2,2,0.0
DNPL,1,1,2,0.5
DNPM,5,12,17,0.29
DNPN,8,9,17,0.47
DNPP,8,9,17,0.47
DNPS,4,9,13,0.31
DNPb,3,6,9,0.33
DNPh,0,2,2,0.0
DNPl,5,2,7,0.71
DNPm,14,11,25,0.56
DNPn,8,8,16,0.5
DNPs,6,6,12,0.5
DNSB,5,2,7,0.71
DNSD,0,0,0,
DNSH,1,0,1,1.0
DNSI,0,0,0,
DNSK,1,0,1,1.0
DNSL,2,3,5,0.4
DNSM,6,8,14,0.43
DNSN,6,3,9,0.67
DNSP,9,5,14,0.64
DNSS,6,2,8,0.75
DNSb,1,2,3,0.33
DNSh,3,2,5,0.6
DNSl,0,2,2,0.0
DNSm,7,7,14,0.5
DNSn,5,4,9,0.56
DNSs,4,7,11,0.36
DNSt,0,1,1,0.0
DNbB,3,4,7,0.43
DNbH,1,0,1,1.0
DNbI,0,1,1,0.0
DNbJ,0,3,3,0.0
DNbK,2,0,2,1.0
DNbL,0,4,4,0.0
DNbM,3,6,9,0.33
DNbN,5,6,11,0.45
DNbP,9,3,12,0.75
DNbS,2,4,6,0.33
DNbb,7,6,13,0.54
DNbh,0,1,1,0.0
DNbl,1,1,2,0.5
DNbm,4,1,5,0.8
DNbn,3,4,7,0.43
DNbs,4,3,7,0.57
DNhB,1,3,4,0.25
DNhD,2,1,3,0.67
DNhH,1,0,1,1.0
DNhL,0,2,2,0.0
DNhM,1,2,3,0.33
DNhN,2,3,5,0.4
DNhP,2,1,3,0.67
DNhS,1,0,1,1.0
DNhh,1,1,2,0.5
DNhm,2,2,4,0.5
DNhn,2,3,5,0.4
DNhs,2,0,2,1.0
DNht,0,1,1,0.0
DNlB,0,2,2,0.0
DNlH,0,2,2,0.0
DNlJ,0,1,1,0.0
DNlL,1,1,2,0.5
DNlM,3,5,8,0.38
DNlN,3,2,5,0.6
DNlP,2,4,6,0.33
DNlS,1,0,1,1.0
DNlb,1,2,3,0.33
DNll,1,1,2,0.5
DNlm,5,2,7,0.71
DNln,5,0,5,1.0
DNls,1,1,2,0.5
DNmB,6,11,17,0.35
DNmD,3,2,5,0.6
DNmH,11,13,24,0.46
DNmI,0,1,1,0.0
DNmJ,0,1,1,0.0
DNmK,0,1,1,0.0
DNmL,1,3,4,0.25
DNmM,9,10,19,0.47
DNmN,9,11,20,0.45
DNmP,6,9,15,0.4
DNmS,6,7,13,0.46
DNmb,5,6,11,0.45
DNml,2,0,2,1.0
DNmm,11,9,20,0.55
DNmn,7,13,20,0.35
DNms,5,3,8,0.62
DNnB,4,4,8,0.5
DNnD,5,4,9,0.56
DNnH,4,4,8,0.5
DNnI,0,2,2,0.0
DNnK,1,1,2,0.5
DNnL,4,1,5,0.8
DNnM,12,14,26,0.46
DNnN,3,6,9,0.33
DNnP,11,7,18,0.61
DNnS,6,7,13,0.46
DNnb,7,7,14,0.5
DNnh,0,1,1,0.0
DNnl,7,5,12,0.58
DNnm,10,10,20,0.5
DNnn,8,8,16,0.5
DNns,5,5,10,0.5
DNsB,2,3,5,0.4
DNsD,0,0,0,
DNsH,2,3,5,0.4
DNsI,0,1,1,0.0
DNsL,2,0,2,1.0
DNsM,9,7,16,0.56
DNsN,8,4,12,0.67
DNsP,6,6,12,0.5
DNsS,5,8,13,0.38
DNsb,2,1,3,0.67
DNsh,1,1,2,0.5
DNsl,2,0,2,1.0
DNsm,9,6,15,0.6
DNsn,5,2,7,0.71
DNss,5,3,8,0.62
DNtB,1,1,2,0.5
DNtI,1,0,1,1.0
DNtM,0,1,1,0.0
DNtN,3,1,4,0.75
DNtP,1,0,1,1.0
DNtS,1,1,2,0.5
DNtb,1,1,2,0.5
DNtl,1,0,1,1.0
DNtm,1,0,1,1.0
DNtn,3,2,5,0.6
DNtt,0,1,1,0.0
DPBB,9,9,18,0.5
DPBD,5,1,6,0.83
DPBK,1,1,2,0.5
DPBL,0,2,2,0.0
DPBM,3,6,9,0.33
DPBN,7,7,14,0.5
DPBP,7,11,18,0.39
DPBS,4,6,10,0.4
DPBb,12,7,19,0.63
DPBh,1,0,1,1.0
DPBj,1,0,1,1.0
DPBl,4,4,8,0.5
DPBm,13,7,20,0.65
DPBn,10,9,19,0.53
DPBs,3,3,6,0.5
DPBt,0,0,0,
DPDB,2,1,3,0.67
DPDD,1,3,4,0.25
DPDL,1,2,3,0.33
DPDM,4,5,9,0.44
DPDN,4,0,4,1.0
DPDP,3,5,8,0.38
DPDS,3,1,4,0.75
DPDb,4,2,6,0.67
DPDm,7,1,8,0.88
DPDn,1,0,1,1.0
DPDs,2,4,6,0.33
DPDt,0,0,0,
DPHB,2,1,3,0.67
DPHD,0,1,1,0.0
DPHH,0,1,1,0.0
DPHI,0,0,0,
DPHK,0,1,1,0.0
DPHL,2,1,3,0.67
DPHM,3,0,3,1.0
DPHN,3,2,5,0.6
DPHP,3,4,7,0.43
DPHS,3,2,5,0.6
DPHb,2,2,4,0.5
DPHh,1,4,5,0.2
DPHl,3,0,3,1.0
DPHm,5,3,8,0.62
DPHn,1,2,3,0.33
DPHs,3,0,3,1.0
DPIH,1,0,1,1.0
DPIL,1,1,2,0.5
DPIM,0,1,1,0.0
DPIN,1,1,2,0.5
DPIP,1,1,2,0.5
DPIS,1,0,1,1.0
DPIb,2,3,5,0.4
DPIm,1,0,1,1.0
DPIn,1,0,1,1.0
DPKB,0,3,3,0.0
DPKD,0,2,2,0.0
DPKL,0,1,1,0.0
DPKM,2,3,5,0.4
DPKN,0,2,2,0.0
DPKP,1,1,2,0.5
DPKS,2,1,3,0.67
DPKb,1,3,4,0.25
DPKh,0,1,1,0.0
DPKm,1,2,3,0.33
DPKs,0,1,1,0.0
DPLB,4,3,7,0.57
DPLD,1,1,2,0.5
DPLL,4,2,6,0.67
DPLM,3,4,7,0.43
DPLN,0,3,3,0.0
DPLP,4,4,8,0.5
DPLS,1,2,3,0.33
DPLb,1,1,2,0.5
DPLh,0,3,3,0.0
DPLj,1,1,2,0.5
DPLl,1,3,4,0.25
DPLm,12,5,17,0.71
DPLn,4,6,10,0.4
DPLs,1,2,3,0.33
DPMB,8,7,15,0.53
DPMD,8,4,12,0.67
DPMH,0,1,1,0.0
DPMI,0,0,0,
DPML,2,3,5,0.4
DPMM,12,11,23,0.52
DPMN,7,7,14,0.5
DPMP,11,14,25,0.44
DPMS,13,5,18,0.72
DPMb,9,13,22,0.41
DPMh,11,6,17,0.65
DPMj,1,2,3,0.33
DPMl,1,3,4,0.25
DPMm,12,12,24,0.5
DPMn,11,10,21,0.52
DPMs,10,7,17,0.59
DPMt,1,2,3,0.33
DPNB,9,7,16,0.56
DPND,4,3,7,0.57
DPNH,1,1,2,0.5
DPNK,0,3,3,0.0
DPNL,1,1,2,0.5
DPNM,6,11,17,0.35
DPNN,7,5,12,0.58
DPNP,7,8,15,0.47
DPNS,5,3,8,0.62
DPNb,4,5,9,0.44
DPNh,4,3,7,0.57
DPNl,3,8,11,0.27
DPNm,6,4,10,0.6
DPNn,9,3,12,0.75
DPNs,7,5,12,0.58
DPNt,2,4,6,0.33
DPPB,10,12,22,0.45
DPPD,3,2,5,0.6
DPPH,3,3,6,0.5
DPPI,2,1,3,0.67
DPPK,0,4,4,0.0
DPPL,2,10,12,0.17
DPPM,7,13,20,0.35
DPPN,9,12,21,0.43
DPPP,14,7,21,0.67
DPPS,6,9,15,0.4
DPPb,8,13,21,0.38
DPPh,2,1,3,0.67
DPPl,9,7,16,0.56
DPPm,13,14,27,0.48
DPPn,10,8,18,0.56
DPPs,9,12,21,0.43
DPPt,4,1,5,0.8
DPSB,6,6,12,0.5
DPSD,2,3,5,0.4
DPSH,4,5,9,0.44
DPSI,1,0,1,1.0
DPSL,1,6,7,0.14
DPSM,6,12,18,0.33
DPSN,3,8,11,0.27
DPSP,5,10,15,0.33
DPSS,4,5,9,0.44
DPSb,5,6,11,0.45
DPSh,8,3,11,0.73
DPSl,4,2,6,0.67
DPSm,15,12,27,0.56
DPSn,3,5,8,0.38
DPSs,5,8,13,0.38
DPSt,0,1,1,0.0
DPbB,10,5,15,0.67
DPbD,2,0,2,1.0
DPbH,3,0,3,1.0
DPbI,1,1,2,0.5
DPbJ,2,0,2,1.0
DPbK,2,1,3,0.67
DPbL,5,1,6,0.83
DPbM,8,5,13,0.62
DPbN,8,5,13,0.62
DPbP,5,12,17,0.29
DPbS,3,6,9,0.33
DPbb,5,8,13,0.38
DPbl,3,2,5,0.6
DPbm,9,6,15,0.6
DPbn,6,7,13,0.46
DPbs,3,4,7,0.43
DPhD,0,1,1,0.0
DPhH,1,0,1,1.0
DPhM,2,3,5,0.4
DPhN,1,0,1,1.0
DPhP,0,2,2,0.0
DPhS,1,1,2,0.5
DPhb,0,0,0,
DPhh,1,1,2,0.5
DPhm,0,2,2,0.0
DPhn,1,2,3,0.33
DPhs,0,0,0,
DPlB,3,6,9,0.33
DPlH,1,1,2,0.5
DPlJ,2,0,2,1.0
DPlK,0,0,0,
DPlL,2,1,3,0.67
DPlM,3,4,7,0.43
DPlN,5,5,10,0.5
DPlP,1,5,6,0.17
DPlS,2,1,3,0.67
DPlb,4,4,8,0.5
DPll,1,3,4,0.25
DPlm,2,3,5,0.4
DPln,2,1,3,0.67
DPls,2,1,3,0.67
DPmB,14,9,23,0.61
DPmD,5,5,10,0.5
DPmH,8,9,17,0.47
DPmI,1,0,1,1.0
DPmJ,1,4,5,0.2
DPmK,0,1,1,0.0
DPmL,10,5,15,0.67
DPmM,14,21,35,0.4
DPmN,6,10,16,0.38
DPmP,18,15,33,0.55
DPmS,2,6,8,0.25
DPmb,11,11,22,0.5
DPmh,1,0,1,1.0
DPml,2,3,5,0.4
DPmm,15,12,27,0.56
DPmn,11,10,21,0.52
DPms,5,13,18,0.28
DPnB,6,6,12,0.5
DPnD,1,1,2,0.5
DPnH,6,3,9,0.67
DPnI,2,0,2,1.0
DPnL,3,7,10,0.3
DPnM,4,5,9,0.44
DPnN,8,5,13,0.62
DPnP,7,10,17,0.41
DPnS,7,6,13,0.54
DPnb,2,8,10,0.2
DPnl,5,1,6,0.83
DPnm,6,5,11,0.55
DPnn,7,8,15,0.47
DPns,6,7,13,0.46
DPsB,6,4,10,0.6
DPsD,1,1,2,0.5
DPsH,5,2,7,0.71
DPsI,1,2,3,0.33
DPsL,1,3,4,0.25
DPsM,8,9,17,0.47
DPsN,6,3,9,0.67
DPsP,11,5,16,0.69
DPsS,3,8,11,0.27
DPsb,4,5,9,0.44
DPsl,3,0,3,1.0
DPsm,6,10,16,0.38
DPsn,8,6,14,0.57
DPss,8,4,12,0.67
DPst,1,0,1,1.0
DPtB,0,0,0,
DPtD,1,0,1,1.0
DPtL,1,0,1,1.0
DPtM,2,1,3,0.67
DPtN,0,1,1,0.0
DPtS,2,2,4,0.5
DPtb,2,3,5,0.4
DPth,1,0,1,1.0
DPtl,1,0,1,1.0
DPtm,0,0,0,
DPtn,1,1,2,0.5
DPts,0,1,1,0.0
DSBB,6,7,13,0.46
DSBD,1,3,4,0.25
DSBK,0,1,1,0.0
DSBL,2,2,4,0.5
DSBM,8,10,18,0.44
DSBN,3,12,15,0.2
DSBP,6,5,11,0.55
DSBS,3,3,6,0.5
DSBb,4,5,9,0.44
DSBh,1,0,1,1.0
DSBj,2,1,3,0.67
DSBl,1,1,2,0.5
DSBm,8,9,17,0.47
DSBn,3,16,19,0.16
DSBs,4,6,10,0.4
DSBt,2,2,4,0.5
DSDB,5,3,8,0.62
DSDD,6,2,8,0.75
DSDH,1,1,2,0.5
DSDL,0,1,1,0.0
DSDM,3,6,9,0.33
DSDN,3,3,6,0.5
DSDP,0,4,4,0.0
DSDS,7,2,9,0.78
DSDb,0,2,2,0.0
DSDl,0,2,2,0.0
DSDm,2,1,3,0.67
DSDn,2,2,4,0.5
DSDs,3,2,5,0.6
DSHB,1,4,5,0.2
DSHD,0,0,0,
DSHH,0,0,0,
DSHK,0,1,1,0.0
DSHL,1,0,1,1.0
DSHM,1,4,5,0.2
DSHN,2,3,5,0.4
DSHP,2,4,6,0.33
DSHS,2,3,5,0.4
DSHb,3,3,6,0.5
DSHh,1,2,3,0.33
DSHl,2,2,4,0.5
DSHm,4,2,6,0.67
DSHn,1,2,3,0.33
DSHs,3,3,6,0.5
DSIB,1,0,1,1.0
DSIH,0,0,0,
DSIL,1,0,1,1.0
DSIM,2,0,2,1.0
DSIb,1,0,1,1.0
DSIm,0,0,0,
DSIn,1,0,1,1.0
DSKM,0,1,1,0.0
DSKN,0,1,1,0.0
DSKP,1,0,1,1.0
DSKS,1,0,1,1.0
DSKh,1,0,1,1.0
DSKn,0,1,1,0.0
DSKs,0,1,1,0.0
DSLB,3,3,6,0.5
DSLK,0,1,1,0.0
DSLL,1,2,3,0.33
DSLM,2,5,7,0.29
DSLN,3,2,5,0.6
DSLP,2,2,4,0.5
DSLS,3,2,5,0.6
DSLb,2,0,2,1.0
DSLh,0,0,0,
DSLj,0,1,1,0.0
DSLl,0,2,2,0.0
DSLm,3,4,7,0.43
DSLn,1,1,2,0.5
DSLs,0,4,4,0.0
DSLt,1,0,1,1.0
DSMB,4,15,19,0.21
DSMD,0,2,2,0.0
DSMK,1,1,2,0.5
DSML,6,2,8,0.75
DSMM,15,10,25,0.6
DSMN,8,8,16,0.5
DSMP,9,10,19,0.47
DSMS,8,7,15,0.53
DSMb,8,4,12,0.67
DSMh,6,6,12,0.5
DSMj,1,0,1,1.0
DSMl,3,3,6,0.5
DSMm,17,9,26,0.65
DSMn,7,9,16,0.44
DSMs,6,3,9,0.67
DSMt,2,0,2,1.0
DSNB,5,7,12,0.42
DSND,2,2,4,0.5
DSNH,3,1,4,0.75
DSNI,0,1,1,0.0
DSNL,0,1,1,0.0
DSNM,7,6,13,0.54
DSNN,9,8,17,0.53
DSNP,9,12,21,0.43
DSNS,7,7,14,0.5
DSNb,2,5,7,0.29
DSNh,3,3,6,0.5
DSNl,1,0,1,1.0
DSNm,7,7,14,0.5
DSNn,5,4,9,0.56
DSNs,7,8,15,0.47
DSPB,11,6,17,0.65
DSPD,2,4,6,0.33
DSPH,1,2,3,0.33
DSPI,1,2,3,0.33
DSPK,0,0,0,
DSPL,3,2,5,0.6
DSPM,9,13,22,0.41
DSPN,6,4,10,0.6
DSPP,12,14,26,0.46
DSPS,8,7,15,0.53
DSPb,5,8,13,0.38
DSPh,0,2,2,0.0
DSPl,5,1,6,0.83
DSPm,9,6,15,0.6
DSPn,8,8,16,0.5
DSPs,4,5,9,0.44
DSPt,1,1,2,0.5
DSSB,6,4,10,0.6
DSSD,1,4,5,0.2
DSSH,3,4,7,0.43
DSSI,0,0,0,
DSSK,0,1,1,0.0
DSSL,1,7,8,0.12
DSSM,11,10,21,0.52
DSSN,6,6,12,0.5
DSSP,3,13,16,0.19
DSSS,16,7,23,0.7
DSSb,8,3,11,0.73
DSSh,4,2,6,0.67
DSSl,1,4,5,0.2
DSSm,7,8,15,0.47
DSSn,7,6,13,0.54
DSSs,6,8,14,0.43
DSSt,1,1,2,0.5
DSbB,6,3,9,0.67
DSbD,1,2,3,0.33
DSbH,1,1,2,0.5
DSbI,0,1,1,0.0
DSbJ,1,1,2,0.5
DSbK,1,1,2,0.5
DSbL,1,3,4,0.25
DSbM,8,5,13,0.62
DSbN,3,9,12,0.25
DSbP,12,2,14,0.86
DSbS,5,4,9,0.56
DSbb,5,6,11,0.45
DSbl,1,0,1,1.0
DSbm,6,8,14,0.43
DSbn,5,5,10,0.5
DSbs,6,1,7,0.86
DShB,3,6,9,0.33
DShD,2,0,2,1.0
DShH,1,1,2,0.5
DShL,2,0,2,1.0
DShM,3,8,11,0.27
DShN,2,0,2,1.0
DShP,5,5,10,0.5
DShS,8,6,14,0.57
DShb,1,2,3,0.33
DShh,3,4,7,0.43
DShl,3,2,5,0.6
DShm,2,3,5,0.4
DShn,4,5,9,0.44
DShs,1,4,5,0.2
DSht,0,2,2,0.0
DSlB,2,1,3,0.67
DSlH,1,0,1,1.0
DSlI,0,1,1,0.0
DSlJ,0,0,0,
DSlK,0,1,1,0.0
DSlL,0,1,1,0.0
DSlM,2,2,4,0.5
DSlN,2,3,5,0.4
DSlP,2,2,4,0.5
DSlS,1,6,7,0.14
DSlb,3,2,5,0.6
DSll,0,0,0,
DSlm,2,1,3,0.67
DSln,0,0,0,
DSls,1,0,1,1.0
DSmB,10,5,15,0.67
DSmD,4,2,6,0.67
DSmH,10,10,20,0.5
DSmI,0,1,1,0.0
DSmJ,1,1,2,0.5
DSmK,1,1,2,0.5
DSmL,4,5,9,0.44
DSmM,7,11,18,0.39
DSmN,6,6,12,0.5
DSmP,6,11,17,0.35
DSmS,6,9,15,0.4
DSmb,7,10,17,0.41
DSml,4,2,6,0.67
DSmm,13,11,24,0.54
DSmn,10,9,19,0.53
DSms,7,8,15,0.47
DSnB,9,1,10,0.9
DSnD,3,0,3,1.0
DSnH,4,4,8,0.5
DSnI,0,1,1,0.0
DSnK,0,0,0,
DSnL,1,1,2,0.5
DSnM,6,11,17,0.35
DSnN,10,8,18,0.56
DSnP,6,4,10,0.6
DSnS,10,4,14,0.71
DSnb,2,4,6,0.33
DSnh,0,1,1,0.0
DSnl,1,0,1,1.0
DSnm,4,4,8,0.5
DSnn,10,10,20,0.5
DSns,6,6,12,0.5
DSsB,1,5,6,0.17
DSsD,5,2,7,0.71
DSsH,5,7,12,0.42
DSsI,1,0,1,1.0
DSsL,1,2,3,0.33
DSsM,14,8,22,0.64
DSsN,8,8,16,0.5
DSsP,8,7,15,0.53
DSsS,9,10,19,0.47
DSsb,3,5,8,0.38
DSsh,0,0,0,
DSsl,2,5,7,0.29
DSsm,17,13,30,0.57
DSsn,6,5,11,0.55
DSss,8,15,23,0.35
DStB,0,2,2,0.0
DStK,0,0,0,
DStL,0,1,1,0.0
DStM,1,0,1,1.0
DStP,4,3,7,0.57
DStS,1,1,2,0.5
DStb,0,1,1,0.0
DStm,1,2,3,0.33
DSts,1,0,1,1.0
DbBB,4,5,9,0.44
DbBD,5,2,7,0.71
DbBL,2,4,6,0.33
DbBM,3,7,10,0.3
DbBN,5,6,11,0.45
DbBP,5,7,12,0.42
DbBS,4,1,5,0.8
DbBb,3,3,6,0.5
DbBj,5,2,7,0.71
DbBl,3,1,4,0.75
DbBm,9,9,18,0.5
DbBn,6,9,15,0.4
DbBs,6,4,10,0.6
DbBt,0,1,1,0.0
DbDB,0,1,1,0.0
DbDD,0,1,1,0.0
DbDH,2,1,3,0.67
DbDL,0,1,1,0.0
DbDM,3,2,5,0.6
DbDP,2,2,4,0.5
DbDS,2,2,4,0.5
DbDb,3,2,5,0.6
DbDl,1,0,1,1.0
DbDm,0,2,2,0.0
DbDn,2,0,2,1.0
DbDs,2,0,2,1.0
DbHB,1,2,3,0.33
DbHD,0,1,1,0.0
DbHM,2,1,3,0.67
DbHN,0,2,2,0.0
DbHP,2,2,4,0.5
DbHb,1,2,3,0.33
DbHh,0,1,1,0.0
DbHl,0,2,2,0.0
DbHm,1,2,3,0.33
DbHn,3,0,3,1.0
DbHs,0,1,1,0.0
DbIB,4,0,4,1.0
DbID,1,0,1,1.0
DbIH,1,1,2,0.5
DbIM,1,0,1,1.0
DbIN,2,2,4,0.5
DbIP,1,0,1,1.0
DbIS,0,1,1,0.0
DbIb,1,0,1,1.0
DbIl,2,0,2,1.0
DbIm,1,0,1,1.0
DbJB,2,1,3,0.67
DbJD,0,1,1,0.0
DbJH,0,1,1,0.0
DbJK,1,1,2,0.5
DbJL,2,1,3,0.67
DbJM,4,4,8,0.5
DbJN,3,0,3,1.0
DbJP,1,3,4,0.25
DbJS,1,0,1,1.0
DbJb,2,0,2,1.0
DbJl,1,0,1,1.0
DbJm,1,2,3,0.33
DbJs,1,1,2,0.5
DbKB,0,3,3,0.0
DbKI,1,0,1,1.0
DbKM,2,0,2,1.0
DbKN,1,0,1,1.0
DbKP,1,0,1,1.0
DbKS,0,2,2,0.0
DbKb,2,1,3,0.67
DbKh,1,0,1,1.0
DbKl,0,1,1,0.0
DbKm,2,1,3,0.67
DbKn,3,0,3,1.0
DbLB,0,1,1,0.0
DbLD,1,0,1,1.0
DbLL,2,2,4,0.5
DbLM,3,1,4,0.75
DbLN,1,0,1,1.0
DbLP,2,3,5,0.4
DbLS,1,0,1,1.0
DbLb,1,1,2,0.5
DbLh,1,1,2,0.5
DbLj,1,0,1,1.0
DbLl,0,2,2,0.0
DbLm,1,4,5,0.2
DbLn,1,2,3,0.33
DbLs,2,1,3,0.67
DbLt,1,0,1,1.0
DbMB,7,4,11,0.64
DbMD,2,3,5,0.4
DbMK,0,0,0,
DbML,2,0,2,1.0
DbMM,9,13,22,0.41
DbMN,8,6,14,0.57
DbMP,6,5,11,0.55
DbMS,6,3,9,0.67
DbMb,5,7,12,0.42
DbMh,3,5,8,0.38
DbMj,0,0,0,
DbMl,0,2,2,0.0
DbMm,11,9,20,0.55
DbMn,8,5,13,0.62
DbMs,5,2,7,0.71
DbMt,0,1,1,0.0
DbNB,4,7,11,0.36
DbND,3,1,4,0.75
DbNH,1,0,1,1.0
DbNK,0,2,2,0.0
DbNL,2,3,5,0.4
DbNM,7,7,14,0.5
DbNN,7,6,13,0.54
DbNP,5,9,14,0.36
DbNS,4,12,16,0.25
DbNb,6,6,12,0.5
DbNh,4,3,7,0.57
DbNl,0,1,1,0.0
DbNm,3,7,10,0.3
DbNn,4,7,11,0.36
DbNs,7,3,10,0.7
DbNt,0,1,1,0.0
DbPB,8,8,16,0.5
DbPD,2,1,3,0.67
DbPH,2,1,3,0.67
DbPI,1,0,1,1.0
DbPK,2,3,5,0.4
DbPL,1,1,2,0.5
DbPM,6,11,17,0.35
DbPN,5,2,7,0.71
DbPP,8,7,15,0.53
DbPS,2,6,8,0.25
DbPb,5,3,8,0.62
DbPh,0,2,2,0.0
DbPl,3,0,3,1.0
DbPm,7,8,15,0.47
DbPn,4,2,6,0.67
DbPs,3,5,8,0.38
DbPt,1,2,3,0.33
DbSB,4,5,9,0.44
DbSD,2,0,2,1.0
DbSH,0,4,4,0.0
DbSL,0,1,1,0.0
DbSM,5,2,7,0.71
DbSN,3,3,6,0.5
DbSP,7,4,11,0.64
DbSS,8,4,12,0.67
DbSb,0,5,5,0.0
DbSh,0,3,3,0.0
DbSl,0,1,1,0.0
DbSm,5,2,7,0.71
DbSn,5,2,7,0.71
DbSs,3,2,5,0.6
DbSt,1,0,1,1.0
DbbB,9,5,14,0.64
DbbD,1,1,2,0.5
DbbH,2,2,4,0.5
DbbI,0,1,1,0.0
DbbK,0,4,4,0.0
DbbL,8,3,11,0.73
DbbM,9,5,14,0.64
DbbN,4,6,10,0.4
DbbP,8,5,13,0.62
DbbS,4,1,5,0.8
Dbbb,8,3,11,0.73
Dbbh,0,1,1,0.0
Dbbl,3,1,4,0.75
Dbbm,8,2,10,0.8
Dbbn,6,4,10,0.6
Dbbs,1,3,4,0.25
DblB,2,0,2,1.0
DblD,1,0,1,1.0
DblH,0,2,2,0.0
DblJ,0,0,0,
DblL,1,0,1,1.0
DblM,2,1,3,0.67
DblN,0,3,3,0.0
DblP,2,1,3,0.67
DblS,3,0,3,1.0
Dblb,3,2,5,0.6
Dbll,0,0,0,
Dblm,3,4,7,0.43
Dbln,1,3,4,0.25
Dbls,0,2,2,0.0
DbmB,8,10,18,0.44
DbmD,4,3,7,0.57
DbmH,3,7,10,0.3
DbmI,0,1,1,0.0
DbmL,3,3,6,0.5
DbmM,11,9,20,0.55
DbmN,4,5,9,0.44
DbmP,9,11,20,0.45
DbmS,3,2,5,0.6
Dbmb,6,8,14,0.43
Dbml,2,0,2,1.0
Dbmm,21,6,27,0.78
Dbmn,8,6,14,0.57
Dbms,6,4,10,0.6
DbnB,6,2,8,0.75
DbnD,1,0,1,1.0
DbnH,1,4,5,0.2
DbnI,2,2,4,0.5
DbnK,1,0,1,1.0
DbnL,0,2,2,0.0
DbnM,5,9,14,0.36
DbnN,8,9,17,0.47
DbnP,4,5,9,0.44
DbnS,3,6,9,0.33
Dbnb,3,3,6,0.5
Dbnl,4,2,6,0.67
Dbnm,5,9,14,0.36
Dbnn,5,4,9,0.56
Dbns,4,5,9,0.44
DbsB,2,3,5,0.4
DbsD,1,1,2,0.5
DbsH,4,3,7,0.57
DbsI,0,0,0,
DbsL,0,1,1,0.0
DbsM,5,2,7,0.71
DbsN,2,1,3,0.67
DbsP,3,2,5,0.6
DbsS,6,2,8,0.75
Dbsb,0,1,1,0.0
Dbsh,0,1,1,0.0
Dbsl,2,1,3,0.67
Dbsm,2,1,3,0.67
Dbsn,5,8,13,0.38
Dbss,3,1,4,0.75
DhBB,0,1,1,0.0
DhBM,0,0,0,
DhBm,0,1,1,0.0
DhBs,1,0,1,1.0
DhDH,1,1,2,0.5
DhHL,1,0,1,1.0
DhIM,0,1,1,0.0
DhIm,0,0,0,
DhKn,0,1,1,0.0
DhLM,1,0,1,1.0
DhLm,0,1,1,0.0
DhLs,0,1,1,0.0
DhMB,2,0,2,1.0
DhMM,1,0,1,1.0
DhMj,0,1,1,0.0
DhMl,1,0,1,1.0
DhMm,0,0,0,
DhMn,0,2,2,0.0
DhMs,1,0,1,1.0
DhNB,0,1,1,0.0
DhND,1,0,1,1.0
DhNH,0,1,1,0.0
DhNM,1,0,1,1.0
DhNP,0,1,1,0.0
DhNS,0,1,1,0.0
DhNb,0,1,1,0.0
DhNh,0,0,0,
DhNn,1,0,1,1.0
DhPB,1,0,1,1.0
DhPD,0,0,0,
DhPH,0,0,0,
DhPM,1,1,2,0.5
DhPN,0,1,1,0.0
DhPP,1,0,1,1.0
DhPb,1,0,1,1.0
DhPl,1,0,1,1.0
DhPm,0,2,2,0.0
DhPt,0,1,1,0.0
DhSB,0,0,0,
DhSD,0,0,0,
DhSH,0,1,1,0.0
DhSI,0,1,1,0.0
DhSL,0,0,0,
DhSM,1,0,1,1.0
DhSN,1,0,1,1.0
DhSP,1,0,1,1.0
DhSS,0,1,1,0.0
DhSm,2,1,3,0.67
DhbM,0,1,1,0.0
DhbS,1,0,1,1.0
Dhbm,0,1,1,0.0
DhhB,1,0,1,1.0
DhhM,1,0,1,1.0
DhhS,0,0,0,
Dhhb,0,0,0,
Dhhm,0,0,0,
Dhhs,1,0,1,1.0
DhlB,0,1,1,0.0
DhlD,0,1,1,0.0
DhlN,1,0,1,1.0
Dhlm,0,1,1,0.0
DhmB,1,0,1,1.0
DhmN,0,1,1,0.0
DhmP,0,2,2,0.0
DhmS,1,1,2,0.5
Dhmm,1,3,4,0.25
Dhmn,1,0,1,1.0
Dhms,2,0,2,1.0
DhnB,1,0,1,1.0
DhnL,1,0,1,1.0
DhnM,1,0,1,1.0
DhnN,0,0,0,
DhnP,0,2,2,0.0
DhnS,1,1,2,0.5
Dhnb,0,2,2,0.0
Dhnm,3,0,3,1.0
Dhnn,1,0,1,1.0
DhsL,1,0,1,1.0
DhsN,1,0,1,1.0
Dhsb,0,1,1,0.0
Dhsm,1,0,1,1.0
Dhss,1,0,1,1.0
DlBB,1,0,1,1.0
DlBD,0,1,1,0.0
DlBL,2,1,3,0.67
DlBM,3,3,6,0.5
DlBN,3,6,9,0.33
DlBP,2,2,4,0.5
DlBS,2,2,4,0.5
DlBb,1,1,2,0.5
DlBh,0,1,1,0.0
DlBj,3,2,5,0.6
DlBl,1,0,1,1.0
DlBm,0,3,3,0.0
DlBn,2,6,8,0.25
DlBs,2,1,3,0.67
DlBt,0,2,2,0.0
DlDB,0,1,1,0.0
DlDH,0,1,1,0.0
DlDM,1,1,2,0.5
DlDN,0,1,1,0.0
DlDP,0,1,1,0.0
DlDm,2,2,4,0.5
DlDn,0,1,1,0.0
DlHB,2,1,3,0.67
DlHD,1,0,1,1.0
DlHH,0,0,0,
DlHL,1,0,1,1.0
DlHM,3,2,5,0.6
DlHP,0,1,1,0.0
DlHS,0,1,1,0.0
DlHb,0,3,3,0.0
DlHh,1,0,1,1.0
DlHl,1,0,1,1.0
DlHm,2,4,6,0.33
DlHn,1,1,2,0.5
DlHs,1,0,1,1.0
DlIH,0,1,1,0.0
DlIP,0,0,0,
DlJB,1,0,1,1.0
DlJD,0,0,0,
DlJH,1,0,1,1.0
DlJI,0,1,1,0.0
DlJL,0,1,1,0.0
DlJM,0,1,1,0.0
DlJN,1,1,2,0.5
DlJP,1,0,1,1.0
DlJS,0,2,2,0.0
DlJb,1,0,1,1.0
DlJl,0,1,1,0.0
DlJm,0,2,2,0.0
DlJn,1,1,2,0.5
DlJs,1,1,2,0.5
DlKB,0,1,1,0.0
DlKh,0,1,1,0.0
DlKm,1,0,1,1.0
DlKn,1,0,1,1.0
DlLB,3,3,6,0.5
DlLD,0,1,1,0.0
DlLK,0,0,0,
DlLL,1,1,2,0.5
DlLM,1,2,3,0.33
DlLN,1,1,2,0.5
DlLP,2,2,4,0.5
DlLS,0,2,2,0.0
DlLb,0,1,1,0.0
DlLh,1,2,3,0.33
DlLl,0,1,1,0.0
DlLm,1,0,1,1.0
DlLs,0,0,0,
DlMB,2,6,8,0.25
DlMD,1,0,1,1.0
DlML,1,1,2,0.5
DlMM,2,2,4,0.5
DlMN,1,2,3,0.33
DlMP,0,4,4,0.0
DlMS,0,2,2,0.0
DlMb,0,1,1,0.0
DlMh,0,3,3,0.0
DlMm,2,2,4,0.5
DlMn,4,0,4,1.0
DlMs,1,2,3,0.33
DlNB,1,0,1,1.0
DlND,1,0,1,1.0
DlNL,2,2,4,0.5
DlNM,2,3,5,0.4
DlNN,3,7,10,0.3
DlNP,4,0,4,1.0
DlNS,1,1,2,0.5
DlNb,4,0,4,1.0
DlNh,1,1,2,0.5
DlNm,3,5,8,0.38
DlNn,1,2,3,0.33
DlNs,1,0,1,1.0
DlPB,0,1,1,0.0
DlPD,0,2,2,0.0
DlPL,3,1,4,0.75
DlPM,3,2,5,0.6
DlPN,3,2,5,0.6
DlPP,1,5,6,0.17
DlPS,1,2,3,0.33
DlPb,6,1,7,0.86
DlPl,2,0,2,1.0
DlPm,5,1,6,0.83
DlPs,3,0,3,1.0
DlSB,3,1,4,0.75
DlSH,1,0,1,1.0
DlSK,1,0,1,1.0
DlSL,2,1,3,0.67
DlSM,3,0,3,1.0
DlSN,4,1,5,0.8
DlSP,0,5,5,0.0
DlSS,1,0,1,1.0
DlSb,1,0,1,1.0
DlSh,1,2,3,0.33
DlSm,0,4,4,0.0
DlSn,1,1,2,0.5
DlSs,1,3,4,0.25
DlbB,6,3,9,0.67
DlbD,1,0,1,1.0
DlbH,1,1,2,0.5
DlbJ,0,1,1,0.0
DlbK,1,0,1,1.0
DlbM,1,3,4,0.25
DlbN,3,2,5,0.6
DlbP,1,1,2,0.5
DlbS,2,2,4,0.5
Dlbb,5,0,5,1.0
Dlbl,1,1,2,0.5
Dlbm,2,3,5,0.4
Dlbn,1,4,5,0.2
Dlbs,0,2,2,0.0
DllB,1,2,3,0.33
DllH,0,2,2,0.0
DllM,0,3,3,0.0
DllN,0,1,1,0.0
DllP,1,1,2,0.5
DllS,1,0,1,1.0
Dllb,2,0,2,1.0
Dlll,1,0,1,1.0
Dlln,3,1,4,0.75
Dlls,0,0,0,
DlmB,5,2,7,0.71
DlmD,1,0,1,1.0
DlmI,1,0,1,1.0
DlmJ,0,1,1,0.0
DlmL,1,0,1,1.0
DlmM,3,4,7,0.43
DlmN,8,1,9,0.89
DlmP,4,6,10,0.4
DlmS,2,2,4,0.5
Dlmb,2,8,10,0.2
Dlml,1,2,3,0.33
Dlmm,2,4,6,0.33
Dlmn,7,2,9,0.78
DlnB,2,1,3,0.67
DlnD,0,1,1,0.0
DlnH,0,1,1,0.0
DlnI,2,0,2,1.0
DlnL,0,1,1,0.0
DlnM,1,4,5,0.2
DlnN,4,1,5,0.8
DlnP,0,4,4,0.0
DlnS,3,1,4,0.75
Dlnb,3,0,3,1.0
Dlnl,0,1,1,0.0
Dlnm,1,1,2,0.5
Dlnn,1,1,2,0.5
Dlns,1,0,1,1.0
DlsB,3,0,3,1.0
DlsD,1,0,1,1.0
DlsH,2,3,5,0.4
DlsM,2,2,4,0.5
DlsN,1,0,1,1.0
DlsP,1,1,2,0.5
DlsS,1,2,3,0.33
Dlsb,3,2,5,0.6
Dlsh,0,1,1,0.0
Dlsl,1,0,1,1.0
Dlsm,3,3,6,0.5
Dlsn,1,1,2,0.5
Dlss,2,0,2,1.0
DmBB,10,5,15,0.67
DmBD,3,2,5,0.6
DmBI,1,0,1,1.0
DmBK,2,1,3,0.67
DmBL,3,4,7,0.43
DmBM,10,16,26,0.38
DmBN,9,11,20,0.45
DmBP,8,13,21,0.38
DmBS,5,9,14,0.36
DmBb,8,5,13,0.62
DmBh,1,2,3,0.33
DmBj,1,1,2,0.5
DmBl,5,3,8,0.62
DmBm,10,10,20,0.5
DmBn,15,15,30,0.5
DmBs,9,4,13,0.69
DmBt,2,0,2,1.0
DmDB,4,3,7,0.57
DmDD,4,4,8,0.5
DmDH,1,7,8,0.12
DmDI,1,0,1,1.0
DmDL,2,1,3,0.67
DmDM,7,7,14,0.5
DmDN,3,5,8,0.38
DmDP,8,4,12,0.67
DmDS,2,3,5,0.4
DmDb,1,9,10,0.1
DmDl,0,0,0,
DmDm,9,4,13,0.69
DmDn,4,0,4,1.0
DmDs,2,6,8,0.25
DmDt,0,1,1,0.0
DmHB,4,5,9,0.44
DmHD,1,3,4,0.25
DmHH,0,1,1,0.0
DmHI,0,3,3,0.0
DmHK,1,1,2,0.5
DmHL,4,4,8,0.5
DmHM,8,13,21,0.38
DmHN,7,6,13,0.54
DmHP,19,13,32,0.59
DmHS,5,2,7,0.71
DmHb,5,7,12,0.42
DmHh,5,5,10,0.5
DmHl,3,3,6,0.5
DmHm,13,12,25,0.52
DmHn,6,7,13,0.46
DmHs,6,12,18,0.33
DmHt,1,1,2,0.5
DmIB,0,0,0,
DmIH,2,0,2,1.0
DmIM,0,2,2,0.0
DmIN,1,1,2,0.5
DmIP,0,2,2,0.0
DmIS,1,0,1,1.0
DmIb,0,2,2,0.0
DmIm,0,0,0,
DmIn,1,0,1,1.0
DmJB,3,1,4,0.75
DmJD,1,0,1,1.0
DmJH,1,1,2,0.5
DmJK,0,1,1,0.0
DmJM,0,4,4,0.0
DmJN,2,3,5,0.4
DmJP,2,2,4,0.5
DmJS,2,0,2,1.0
DmJb,0,1,1,0.0
DmJl,0,1,1,0.0
DmJm,3,2,5,0.6
DmJn,1,3,4,0.25
DmJs,1,3,4,0.25
DmJt,1,0,1,1.0
DmKD,0,1,1,0.0
DmKP,1,0,1,1.0
DmKb,1,0,1,1.0
DmKl,0,1,1,0.0
DmKm,0,2,2,0.0
DmLB,0,2,2,0.0
DmLD,0,1,1,0.0
DmLK,0,1,1,0.0
DmLL,0,2,2,0.0
DmLM,5,0,5,1.0
DmLN,4,4,8,0.5
DmLP,2,3,5,0.4
DmLS,2,5,7,0.29
DmLb,0,3,3,0.0
DmLh,1,1,2,0.5
DmLl,1,2,3,0.33
DmLm,3,1,4,0.75
DmLn,1,2,3,0.33
DmLs,1,3,4,0.25
DmMB,12,7,19,0.63
DmMD,3,3,6,0.5
DmMH,0,0,0,
DmML,2,2,4,0.5
DmMM,16,19,35,0.46
DmMN,12,8,20,0.6
DmMP,12,22,34,0.35
DmMS,9,11,20,0.45
DmMb,10,9,19,0.53
DmMh,12,12,24,0.5
DmMl,5,2,7,0.71
DmMm,20,13,33,0.61
DmMn,6,21,27,0.22
DmMs,5,7,12,0.42
DmMt,1,3,4,0.25
DmNB,8,8,16,0.5
DmND,4,4,8,0.5
DmNH,2,3,5,0.4
DmNK,2,2,4,0.5
DmNL,2,1,3,0.67
DmNM,11,8,19,0.58
DmNN,15,15,30,0.5
DmNP,13,15,28,0.46
DmNS,6,11,17,0.35
DmNb,6,7,13,0.46
DmNh,3,2,5,0.6
DmNl,3,3,6,0.5
DmNm,10,8,18,0.56
DmNn,12,12,24,0.5
DmNs,13,5,18,0.72
DmNt,1,0,1,1.0
DmPB,9,11,20,0.45
DmPD,3,5,8,0.38
DmPH,1,1,2,0.5
DmPI,1,1,2,0.5
DmPK,6,0,6,1.0
DmPL,1,3,4,0.25
DmPM,12,7,19,0.63
DmPN,5,5,10,0.5
DmPP,18,12,30,0.6
DmPS,12,5,17,0.71
DmPb,14,12,26,0.54
DmPh,1,2,3,0.33
DmPl,3,1,4,0.75
DmPm,21,10,31,0.68
DmPn,9,7,16,0.56
DmPs,5,8,13,0.38
DmPt,0,1,1,0.0
DmSB,7,9,16,0.44
DmSD,2,2,4,0.5
DmSH,0,1,1,0.0
DmSL,1,0,1,1.0
DmSM,8,11,19,0.42
DmSN,11,5,16,0.69
DmSP,6,9,15,0.4
DmSS,6,10,16,0.38
DmSb,4,4,8,0.5
DmSh,3,4,7,0.43
DmSl,2,1,3,0.67
DmSm,15,13,28,0.54
DmSn,3,9,12,0.25
DmSs,9,8,17,0.53
DmSt,2,0,2,1.0
DmbB,10,9,19,0.53
DmbD,1,2,3,0.33
DmbH,0,2,2,0.0
DmbI,1,0,1,1.0
DmbJ,4,3,7,0.57
DmbK,0,4,4,0.0
DmbL,0,1,1,0.0
DmbM,10,9,19,0.53
DmbN,14,9,23,0.61
DmbP,8,17,25,0.32
DmbS,1,5,6,0.17
Dmbb,10,12,22,0.45
Dmbl,3,2,5,0.6
Dmbm,13,11,24,0.54
Dmbn,14,5,19,0.74
Dmbs,0,3,3,0.0
DmhB,0,1,1,0.0
DmhM,0,0,0,
Dmhb,1,0,1,1.0
Dmhl,1,0,1,1.0
Dmhm,2,0,2,1.0
Dmhn,1,0,1,1.0
Dmhs,0,1,1,0.0
DmlB,2,1,3,0.67
DmlD,3,1,4,0.75
DmlH,2,1,3,0.67
DmlJ,1,0,1,1.0
DmlL,1,1,2,0.5
DmlM,2,2,4,0.5
DmlN,2,0,2,1.0
DmlP,1,4,5,0.2
DmlS,5,0,5,1.0
Dmlb,1,3,4,0.25
Dmlh,1,0,1,1.0
Dmll,1,0,1,1.0
Dmlm,5,1,6,0.83
Dmln,2,1,3,0.67
Dmls,4,0,4,1.0
DmmB,8,13,21,0.38
DmmD,8,3,11,0.73
DmmH,8,12,20,0.4
DmmI,1,0,1,1.0
DmmJ,0,4,4,0.0
DmmK,0,1,1,0.0
DmmL,3,3,6,0.5
DmmM,18,29,47,0.38
DmmN,12,8,20,0.6
DmmP,10,19,29,0.34
DmmS,6,10,16,0.38
Dmmb,13,7,20,0.65
Dmmh,0,0,0,
Dmml,2,3,5,0.4
Dmmm,11,21,32,0.34
Dmmn,14,9,23,0.61
Dmms,9,7,16,0.56
DmnB,7,14,21,0.33
DmnD,6,5,11,0.55
DmnH,3,3,6,0.5
DmnI,0,1,1,0.0
DmnL,3,0,3,1.0
DmnM,4,12,16,0.25
DmnN,13,2,15,0.87
DmnP,7,8,15,0.47
DmnS,8,4,12,0.67
Dmnb,3,6,9,0.33
Dmnl,3,0,3,1.0
Dmnm,10,9,19,0.53
Dmnn,8,11,19,0.42
Dmns,2,3,5,0.4
DmsB,1,4,5,0.2
DmsD,6,2,8,0.75
DmsH,6,9,15,0.4
DmsI,1,0,1,1.0
DmsK,0,0,0,
DmsL,1,1,2,0.5
DmsM,9,6,15,0.6
DmsN,9,9,18,0.5
DmsP,7,10,17,0.41
DmsS,2,6,8,0.25
Dmsb,4,2,6,0.67
Dmsh,0,2,2,0.0
Dmsl,0,2,2,0.0
Dmsm,7,7,14,0.5
Dmsn,7,3,10,0.7
Dmss,5,2,7,0.71
DmtS,1,0,1,1.0
DnBB,5,7,12,0.42
DnBD,2,3,5,0.4
DnBH,0,0,0,
DnBK,1,0,1,1.0
DnBM,4,3,7,0.57
DnBN,5,3,8,0.62
DnBP,4,2,6,0.67
DnBS,3,4,7,0.43
DnBb,7,5,12,0.58
DnBj,2,0,2,1.0
DnBl,2,1,3,0.67
DnBm,9,7,16,0.56
DnBn,5,3,8,0.62
DnBs,5,4,9,0.56
DnBt,1,0,1,1.0
DnDB,2,2,4,0.5
DnDD,2,1,3,0.67
DnDH,5,1,6,0.83
DnDK,0,1,1,0.0
DnDL,0,2,2,0.0
DnDM,7,6,13,0.54
DnDN,1,0,1,1.0
DnDP,3,4,7,0.43
DnDS,1,0,1,1.0
DnDb,3,1,4,0.75
DnDl,0,0,0,
DnDm,1,1,2,0.5
DnDn,7,0,7,1.0
DnDs,2,1,3,0.67
DnDt,1,0,1,1.0
DnHB,2,4,6,0.33
DnHD,2,0,2,1.0
DnHL,1,1,2,0.5
DnHM,5,6,11,0.45
DnHN,3,1,4,0.75
DnHP,5,6,11,0.45
DnHS,1,5,6,0.17
DnHb,2,2,4,0.5
DnHh,2,4,6,0.33
DnHl,1,1,2,0.5
DnHm,7,2,9,0.78
DnHn,6,5,11,0.55
DnHs,2,1,3,0.67
DnHt,0,1,1,0.0
DnIH,3,1,4,0.75
DnIM,1,0,1,1.0
DnIN,0,1,1,0.0
DnIP,1,1,2,0.5
DnIS,0,1,1,0.0
DnIb,3,1,4,0.75
DnIm,1,2,3,0.33
DnIn,0,1,1,0.0
DnIs,0,2,2,0.0
DnKL,1,0,1,1.0
DnKM,1,2,3,0.33
DnKN,2,0,2,1.0
DnKP,1,3,4,0.25
DnKS,0,0,0,
DnKh,0,1,1,0.0
DnKn,0,1,1,0.0
DnKs,1,0,1,1.0
DnLB,0,2,2,0.0
DnLD,1,1,2,0.5
DnLL,1,0,1,1.0
DnLM,3,3,6,0.5
DnLN,3,1,4,0.75
DnLP,1,4,5,0.2
DnLS,1,1,2,0.5
DnLb,2,1,3,0.67
DnLh,0,2,2,0.0
DnLl,0,1,1,0.0
DnLm,1,0,1,1.0
DnLn,3,1,4,0.75
DnLs,0,1,1,0.0
DnLt,0,1,1,0.0
DnMB,12,6,18,0.67
DnMD,4,1,5,0.8
DnMH,0,1,1,0.0
DnML,0,2,2,0.0
DnMM,5,7,12,0.42
DnMN,8,7,15,0.53
DnMP,9,7,16,0.56
DnMS,3,7,10,0.3
DnMb,8,5,13,0.62
DnMh,6,2,8,0.75
DnMj,2,1,3,0.67
DnMl,0,2,2,0.0
DnMm,5,15,20,0.25
DnMn,8,9,17,0.47
DnMs,12,4,16,0.75
DnMt,1,0,1,1.0
DnNB,8,9,17,0.47
DnND,1,3,4,0.25
DnNH,1,0,1,1.0
DnNK,1,0,1,1.0
DnNL,0,1,1,0.0
DnNM,3,9,12,0.25
DnNN,9,8,17,0.53
DnNP,11,9,20,0.55
DnNS,6,8,14,0.43
DnNb,4,5,9,0.44
DnNh,4,1,5,0.8
DnNl,5,1,6,0.83
DnNm,8,7,15,0.53
DnNn,9,10,19,0.47
DnNs,7,5,12,0.58
DnNt,3,2,5,0.6
DnPB,8,1,9,0.89
DnPD,5,3,8,0.62
DnPH,1,2,3,0.33
DnPI,1,0,1,1.0
DnPK,2,2,4,0.5
DnPL,6,4,10,0.6
DnPM,10,13,23,0.43
DnPN,9,7,16,0.56
DnPP,9,6,15,0.6
DnPS,5,6,11,0.45
DnPb,6,7,13,0.46
DnPh,1,2,3,0.33
DnPl,2,2,4,0.5
DnPm,10,13,23,0.43
DnPn,12,7,19,0.63
DnPs,7,5,12,0.58
DnPt,0,1,1,0.0
DnSB,8,7,15,0.53
DnSD,6,3,9,0.67
DnSH,5,1,6,0.83
DnSI,0,1,1,0.0
DnSL,1,3,4,0.25
DnSM,6,8,14,0.43
DnSN,3,5,8,0.38
DnSP,10,6,16,0.62
DnSS,4,7,11,0.36
DnSb,4,3,7,0.57
DnSh,2,4,6,0.33
DnSl,1,1,2,0.5
DnSm,10,10,20,0.5
DnSn,3,6,9,0.33
DnSs,5,2,7,0.71
DnSt,0,0,0,
DnbB,7,1,8,0.88
DnbD,1,1,2,0.5
DnbH,1,2,3,0.33
DnbI,1,0,1,1.0
DnbJ,0,0,0,
DnbK,2,0,2,1.0
DnbL,2,2,4,0.5
DnbM,6,9,15,0.4
DnbN,4,10,14,0.29
DnbP,7,3,10,0.7
DnbS,4,0,4,1.0
Dnbb,7,5,12,0.58
Dnbl,2,1,3,0.67
Dnbm,10,6,16,0.62
Dnbn,12,5,17,0.71
Dnbs,1,3,4,0.25
DnhN,0,0,0,
Dnhh,0,1,1,0.0
Dnhl,0,1,1,0.0
Dnhm,1,0,1,1.0
DnlB,1,3,4,0.25
DnlJ,1,1,2,0.5
DnlK,0,0,0,
DnlL,0,1,1,0.0
DnlM,1,0,1,1.0
DnlN,3,2,5,0.6
DnlP,5,2,7,0.71
DnlS,2,1,3,0.67
Dnlb,0,0,0,
Dnll,0,1,1,0.0
Dnlm,3,0,3,1.0
Dnln,1,1,2,0.5
Dnls,0,1,1,0.0
DnmB,9,4,13,0.69
DnmD,0,0,0,
DnmH,1,5,6,0.17
DnmI,0,0,0,
DnmJ,1,0,1,1.0
DnmL,1,4,5,0.2
DnmM,13,9,22,0.59
DnmN,12,5,17,0.71
DnmP,9,11,20,0.45
DnmS,8,3,11,0.73
Dnmb,7,7,14,0.5
Dnml,1,0,1,1.0
Dnmm,9,10,19,0.47
Dnmn,7,6,13,0.54
Dnms,1,5,6,0.17
DnnB,3,4,7,0.43
DnnD,0,1,1,0.0
DnnH,3,4,7,0.43
DnnK,1,0,1,1.0
DnnL,1,1,2,0.5
DnnM,7,9,16,0.44
DnnN,7,7,14,0.5
DnnP,6,3,9,0.67
DnnS,5,4,9,0.56
Dnnb,10,6,16,0.62
Dnnl,1,1,2,0.5
Dnnm,3,6,9,0.33
Dnnn,7,7,14,0.5
Dnns,4,5,9,0.44
DnsB,3,2,5,0.6
DnsD,1,1,2,0.5
DnsH,3,4,7,0.43
DnsI,1,1,2,0.5
DnsL,0,3,3,0.0
DnsM,6,3,9,0.67
DnsN,5,5,10,0.5
DnsP,6,0,6,1.0
DnsS,5,3,8,0.62
Dnsb,4,4,8,0.5
Dnsl,2,0,2,1.0
Dnsm,3,3,6,0.5
Dnsn,4,0,4,1.0
Dnss,2,8,10,0.2
DsBB,5,1,6,0.83
DsBD,0,2,2,0.0
DsBK,2,2,4,0.5
DsBL,1,0,1,1.0
DsBM,2,2,4,0.5
DsBN,7,4,11,0.64
DsBP,6,6,12,0.5
DsBS,5,2,7,0.71
DsBb,7,4,11,0.64
DsBh,1,0,1,1.0
DsBj,0,1,1,0.0
DsBl,1,1,2,0.5
DsBm,5,2,7,0.71
DsBn,4,2,6,0.67
DsBs,8,2,10,0.8
DsBt,0,0,0,
DsDB,0,2,2,0.0
DsDD,2,2,4,0.5
DsDH,5,0,5,1.0
DsDL,0,3,3,0.0
DsDM,2,1,3,0.67
DsDN,2,3,5,0.4
DsDP,1,6,7,0.14
DsDS,3,3,6,0.5
DsDb,1,3,4,0.25
DsDl,0,2,2,0.0
DsDm,5,4,9,0.56
DsDn,1,2,3,0.33
DsDs,2,1,3,0.67
DsDt,0,0,0,
DsHB,2,6,8,0.25
DsHD,1,0,1,1.0
DsHH,1,2,3,0.33
DsHI,0,0,0,
DsHK,1,0,1,1.0
DsHL,0,2,2,0.0
DsHM,5,9,14,0.36
DsHN,1,6,7,0.14
DsHP,7,7,14,0.5
DsHS,4,5,9,0.44
DsHb,2,5,7,0.29
DsHh,2,3,5,0.4
DsHl,3,3,6,0.5
DsHm,5,4,9,0.56
DsHn,4,9,13,0.31
DsHs,6,4,10,0.6
DsHt,0,1,1,0.0
DsID,1,0,1,1.0
DsIH,1,0,1,1.0
DsIM,1,2,3,0.33
DsIN,1,0,1,1.0
DsIP,0,1,1,0.0
DsIS,1,0,1,1.0
DsIb,0,2,2,0.0
DsIm,1,2,3,0.33
DsIn,0,1,1,0.0
DsIs,1,0,1,1.0
DsKI,0,0,0,
DsLB,2,0,2,1.0
DsLD,0,1,1,0.0
DsLK,0,0,0,
DsLL,0,1,1,0.0
DsLM,1,2,3,0.33
DsLN,0,3,3,0.0
DsLP,4,3,7,0.57
DsLS,2,2,4,0.5
DsLb,0,2,2,0.0
DsLh,1,2,3,0.33
DsLl,0,1,1,0.0
DsLm,1,2,3,0.33
DsLn,4,4,8,0.5
DsLs,4,2,6,0.67
DsLt,0,1,1,0.0
DsMB,3,4,7,0.43
DsMD,2,0,2,1.0
DsML,0,1,1,0.0
DsMM,4,5,9,0.44
DsMN,12,8,20,0.6
DsMP,8,7,15,0.53
DsMS,5,4,9,0.56
DsMb,5,7,12,0.42
DsMh,5,3,8,0.62
DsMj,1,1,2,0.5
DsMl,4,2,6,0.67
DsMm,7,8,15,0.47
DsMn,11,6,17,0.65
DsMs,9,7,16,0.56
DsNB,6,3,9,0.67
DsND,2,2,4,0.5
DsNH,0,0,0,
DsNK,1,0,1,1.0
DsNL,0,2,2,0.0
DsNM,6,10,16,0.38
DsNN,10,6,16,0.62
DsNP,9,4,13,0.69
DsNS,5,4,9,0.56
DsNb,3,4,7,0.43
DsNh,3,0,3,1.0
DsNl,2,3,5,0.4
DsNm,4,8,12,0.33
DsNn,4,5,9,0.44
DsNs,4,5,9,0.44
DsNt,1,1,2,0.5
DsPB,6,4,10,0.6
DsPD,4,3,7,0.57
DsPH,2,1,3,0.67
DsPI,3,0,3,1.0
DsPK,0,1,1,0.0
DsPL,2,2,4,0.5
DsPM,4,6,10,0.4
DsPN,9,2,11,0.82
DsPP,8,15,23,0.35
DsPS,1,6,7,0.14
DsPb,8,3,11,0.73
DsPl,0,7,7,0.0
DsPm,6,7,13,0.46
DsPn,5,9,14,0.36
DsPs,7,3,10,0.7
DsPt,0,2,2,0.0
DsSB,8,6,14,0.57
DsSD,1,2,3,0.33
DsSH,4,2,6,0.67
DsSI,1,0,1,1.0
DsSK,0,0,0,
DsSL,3,2,5,0.6
DsSM,11,6,17,0.65
DsSN,4,3,7,0.57
DsSP,7,7,14,0.5
DsSS,9,12,21,0.43
DsSb,7,2,9,0.78
DsSh,7,4,11,0.64
DsSl,3,2,5,0.6
DsSm,6,7,13,0.46
DsSn,10,5,15,0.67
DsSs,7,7,14,0.5
DsSt,1,0,1,1.0
DsbB,12,5,17,0.71
DsbD,1,1,2,0.5
DsbH,2,0,2,1.0
DsbI,0,0,0,
DsbJ,1,1,2,0.5
DsbK,1,2,3,0.33
DsbL,0,1,1,0.0
DsbM,2,2,4,0.5
DsbN,2,4,6,0.33
DsbP,6,5,11,0.55
DsbS,3,4,7,0.43
Dsbb,5,4,9,0.56
Dsbl,1,2,3,0.33
Dsbm,4,5,9,0.44
Dsbn,3,2,5,0.6
Dsbs,4,3,7,0.57
DshB,0,0,0,
DshL,0,1,1,0.0
DshM,0,1,1,0.0
Dshb,1,0,1,1.0
Dsht,1,0,1,1.0
DslB,3,1,4,0.75
DslH,0,2,2,0.0
DslI,0,0,0,
DslJ,2,0,2,1.0
DslK,0,0,0,
DslL,0,1,1,0.0
DslM,1,1,2,0.5
DslN,2,1,3,0.67
DslP,0,2,2,0.0
DslS,0,1,1,0.0
Dslb,3,3,6,0.5
Dslh,1,0,1,1.0
Dsll,2,2,4,0.5
Dslm,2,0,2,1.0
Dsln,1,1,2,0.5
Dsls,1,2,3,0.33
DsmB,6,3,9,0.67
DsmD,5,5,10,0.5
DsmH,2,11,13,0.15
DsmI,0,1,1,0.0
DsmJ,2,4,6,0.33
DsmK,0,1,1,0.0
DsmL,1,3,4,0.25
DsmM,10,9,19,0.53
DsmN,9,4,13,0.69
DsmP,5,9,14,0.36
DsmS,5,2,7,0.71
Dsmb,6,4,10,0.6
Dsml,1,4,5,0.2
Dsmm,9,15,24,0.38
Dsmn,5,4,9,0.56
Dsms,3,6,9,0.33
DsnB,3,3,6,0.5
DsnD,0,0,0,
DsnH,6,3,9,0.67
DsnI,2,0,2,1.0
DsnK,0,1,1,0.0
DsnL,2,1,3,0.67
DsnM,5,2,7,0.71
DsnN,6,5,11,0.55
DsnP,3,5,8,0.38
DsnS,3,11,14,0.21
Dsnb,6,5,11,0.55
Dsnh,2,0,2,1.0
Dsnl,0,2,2,0.0
Dsnm,6,5,11,0.55
Dsnn,4,3,7,0.57
Dsns,4,0,4,1.0
Dsnt,0,1,1,0.0
DssB,4,2,6,0.67
DssD,3,2,5,0.6
DssH,6,6,12,0.5
DssK,0,1,1,0.0
DssL,2,0,2,1.0
DssM,5,4,9,0.56
DssN,3,4,7,0.43
DssP,5,6,11,0.45
DssS,7,8,15,0.47
Dssb,3,6,9,0.33
Dssh,2,0,2,1.0
Dssl,0,1,1,0.0
Dssm,10,8,18,0.56
Dssn,8,2,10,0.8
Dsss,0,4,4,0.0
DstD,1,0,1,1.0
DstP,0,1,1,0.0
DtBB,2,4,6,0.33
DtBD,0,1,1,0.0
DtBK,0,0,0,
DtBM,2,1,3,0.67
DtBN,1,1,2,0.5
DtBP,2,0,2,1.0
DtBS,1,0,1,1.0
DtBl,1,0,1,1.0
DtBm,2,1,3,0.67
DtBn,1,1,2,0.5
DtDB,0,1,1,0.0
DtDH,0,0,0,
DtDM,0,1,1,0.0
DtDP,1,0,1,1.0
DtDS,1,0,1,1.0
DtDb,1,1,2,0.5
DtDm,0,0,0,
DtDn,1,0,1,1.0
DtDs,1,0,1,1.0
DtHM,0,1,1,0.0
DtHP,0,1,1,0.0
DtHS,2,0,2,1.0
DtHb,2,1,3,0.67
DtHl,1,0,1,1.0
DtHm,0,1,1,0.0
DtKS,1,0,1,1.0
DtLB,0,1,1,0.0
DtLN,0,1,1,0.0
DtLb,0,1,1,0.0
DtLl,1,0,1,1.0
DtLm,1,1,2,0.5
DtMB,1,1,2,0.5
DtMD,1,0,1,1.0
DtMN,3,0,3,1.0
DtMP,1,0,1,1.0
DtMS,0,2,2,0.0
DtMb,1,0,1,1.0
DtMh,2,0,2,1.0
DtMl,0,2,2,0.0
DtMm,4,0,4,1.0
DtMn,0,1,1,0.0
DtMs,1,1,2,0.5
DtNB,1,0,1,1.0
DtND,0,0,0,
DtNK,0,1,1,0.0
DtNM,2,3,5,0.4
DtNN,1,2,3,0.33
DtNP,1,3,4,0.25
DtNS,1,1,2,0.5
DtNb,0,1,1,0.0
DtNl,1,0,1,1.0
DtNm,1,1,2,0.5
DtNn,0,0,0,
DtNs,1,0,1,1.0
DtPB,0,1,1,0.0
DtPD,1,0,1,1.0
DtPI,1,0,1,1.0
DtPL,1,0,1,1.0
DtPM,2,1,3,0.67
DtPN,0,1,1,0.0
DtPS,0,2,2,0.0
DtPb,2,0,2,1.0
DtPm,1,1,2,0.5
DtPn,1,2,3,0.33
DtSB,0,3,3,0.0
DtSD,0,0,0,
DtSH,0,0,0,
DtSP,1,2,3,0.33
DtSS,1,1,2,0.5
DtSb,0,0,0,
DtSh,1,0,1,1.0
DtSm,0,1,1,0.0
DtSn,1,1,2,0.5
DtSs,0,1,1,0.0
DtbB,0,1,1,0.0
DtbK,0,2,2,0.0
DtbM,2,0,2,1.0
DtbP,0,1,1,0.0
DtbS,1,0,1,1.0
Dtbb,2,0,2,1.0
Dtbn,0,1,1,0.0
DtlH,0,0,0,
DtlS,1,0,1,1.0
Dtll,1,0,1,1.0
Dtlm,1,0,1,1.0
Dtln,0,1,1,0.0
DtmB,1,1,2,0.5
DtmH,0,1,1,0.0
DtmJ,0,1,1,0.0
DtmK,0,1,1,0.0
DtmM,2,3,5,0.4
DtmN,3,1,4,0.75
DtmP,2,1,3,0.67
DtmS,2,1,3,0.67
Dtmb,1,1,2,0.5
Dtmm,1,0,1,1.0
Dtms,2,0,2,1.0
DtnB,0,1,1,0.0
DtnH,0,1,1,0.0
DtnL,0,0,0,
DtnM,1,1,2,0.5
DtnN,0,1,1,0.0
DtnP,1,2,3,0.33
DtnS,0,1,1,0.0
Dtnb,1,1,2,0.5
Dtnm,1,0,1,1.0
Dtnn,1,1,2,0.5
Dtns,1,1,2,0.5
DtsD,0,1,1,0.0
DtsH,1,1,2,0.5
DtsN,1,0,1,1.0
DtsP,1,0,1,1.0
DtsS,1,1,2,0.5
Dtsb,1,0,1,1.0
Dtsm,2,0,2,1.0
Dtsn,0,2,2,0.0
Dtss,0,1,1,0.0
DttB,0,1,1,0.0
DttL,1,0,1,1.0
DttP,1,0,1,1.0
HBBB,11,23,34,0.32
HBBD,0,0,0,
HBBL,3,6,9,0.33
HBBM,9,13,22,0.41
HBBN,10,15,25,0.4
HBBP,15,13,28,0.54
HBBS,6,6,12,0.5
HBBb,7,12,19,0.37
HBBh,1,2,3,0.33
HBBj,3,0,3,1.0
HBBl,3,2,5,0.6
HBBm,13,6,19,0.68
HBBn,10,14,24,0.42
HBBs,4,5,9,0.44
HBBt,2,0,2,1.0
HBDB,1,2,3,0.33
HBDD,0,0,0,
HBDH,1,3,4,0.25
HBDI,0,1,1,0.0
HBDL,0,3,3,0.0
HBDM,3,4,7,0.43
HBDN,2,1,3,0.67
HBDP,4,1,5,0.8
HBDS,1,3,4,0.25
HBDb,1,1,2,0.5
HBDm,3,2,5,0.6
HBDn,1,1,2,0.5
HBDs,1,2,3,0.33
HBDt,1,0,1,1.0
HBHB,1,0,1,1.0
HBHM,0,1,1,0.0
HBHm,0,1,1,0.0
HBIb,1,0,1,1.0
HBIs,0,0,0,
HBKB,1,1,2,0.5
HBKD,0,2,2,0.0
HBKH,1,0,1,1.0
HBKI,0,1,1,0.0
HBKL,1,0,1,1.0
HBKM,1,2,3,0.33
HBKN,2,3,5,0.4
HBKP,0,0,0,
HBKS,0,1,1,0.0
HBKb,1,1,2,0.5
HBKh,2,3,5,0.4
HBKl,1,1,2,0.5
HBKm,2,2,4,0.5
HBKn,0,2,2,0.0
HBKs,2,1,3,0.67
HBLB,4,3,7,0.57
HBLD,1,0,1,1.0
HBLL,1,1,2,0.5
HBLM,0,3,3,0.0
HBLN,2,1,3,0.67
HBLP,3,3,6,0.5
HBLS,3,0,3,1.0
HBLb,5,3,8,0.62
HBLh,2,1,3,0.67
HBLj,0,1,1,0.0
HBLl,1,1,2,0.5
HBLm,5,8,13,0.38
HBLn,5,6,11,0.45
HBLs,4,2,6,0.67
HBLt,2,0,2,1.0
HBMB,9,11,20,0.45
HBMD,0,1,1,0.0
HBMK,0,1,1,0.0
HBML,3,3,6,0.5
HBMM,9,9,18,0.5
HBMN,5,11,16,0.31
HBMP,8,15,23,0.35
HBMS,5,4,9,0.56
HBMb,7,10,17,0.41
HBMh,5,13,18,0.28
HBMj,3,0,3,1.0
HBMl,1,4,5,0.2
HBMm,21,8,29,0.72
HBMn,17,10,27,0.63
HBMs,6,9,15,0.4
HBMt,2,1,3,0.67
HBNB,6,5,11,0.55
HBND,2,3,5,0.4
HBNH,1,1,2,0.5
HBNK,1,1,2,0.5
HBNL,4,1,5,0.8
HBNM,12,16,28,0.43
HBNN,9,12,21,0.43
HBNP,16,10,26,0.62
HBNS,7,13,20,0.35
HBNb,8,9,17,0.47
HBNh,6,5,11,0.55
HBNl,4,3,7,0.57
HBNm,10,16,26,0.38
HBNn,16,16,32,0.5
HBNs,15,5,20,0.75
HBNt,2,0,2,1.0
HBPB,9,12,21,0.43
HBPD,4,2,6,0.67
HBPH,2,1,3,0.67
HBPI,0,1,1,0.0
HBPK,1,4,5,0.2
HBPL,4,8,12,0.33
HBPM,8,16,24,0.33
HBPN,10,16,26,0.38
HBPP,22,20,42,0.52
HBPS,11,10,21,0.52
HBPb,11,7,18,0.61
HBPh,4,1,5,0.8
HBPl,2,6,8,0.25
HBPm,15,15,30,0.5
HBPn,3,7,10,0.3
HBPs,4,10,14,0.29
HBPt,0,1,1,0.0
HBSB,1,7,8,0.12
HBSD,2,0,2,1.0
HBSH,4,3,7,0.57
HBSL,0,3,3,0.0
HBSM,8,9,17,0.47
HBSN,3,5,8,0.38
HBSP,8,12,20,0.4
HBSS,9,8,17,0.53
HBSb,5,8,13,0.38
HBSh,4,3,7,0.57
HBSl,0,1,1,0.0
HBSm,3,7,10,0.3
HBSn,3,8,11,0.27
HBSs,6,4,10,0.6
HBSt,0,2,2,0.0
HBbB,11,12,23,0.48
HBbH,1,4,5,0.2
HBbI,1,2,3,0.33
HBbJ,2,3,5,0.4
HBbK,0,1,1,0.0
HBbL,3,1,4,0.75
HBbM,7,11,18,0.39
HBbN,14,7,21,0.67
HBbP,18,13,31,0.58
HBbS,4,7,11,0.36
HBbb,14,11,25,0.56
HBbl,0,2,2,0.0
HBbm,10,7,17,0.59
HBbn,6,4,10,0.6
HBbs,3,4,7,0.43
HBbt,1,0,1,1.0
HBhB,2,2,4,0.5
HBhI,0,1,1,0.0
HBhM,1,0,1,1.0
HBhN,2,1,3,0.67
HBhP,0,1,1,0.0
HBhS,0,2,2,0.0
HBhh,0,0,0,
HBhl,1,0,1,1.0
HBhm,1,3,4,0.25
HBhn,4,1,5,0.8
HBhs,1,0,1,1.0
HBjB,3,1,4,0.75
HBjH,1,0,1,1.0
HBjL,3,1,4,0.75
HBjM,0,3,3,0.0
HBjN,4,1,5,0.8
HBjP,3,1,4,0.75
HBjS,2,1,3,0.67
HBjb,6,1,7,0.86
HBjh,1,0,1,1.0
HBjl,0,1,1,0.0
HBjm,1,1,2,0.5
HBjn,1,6,7,0.14
HBjs,1,0,1,1.0
HBjt,2,0,2,1.0
HBlB,5,8,13,0.38
HBlD,1,0,1,1.0
HBlH,5,2,7,0.71
HBlI,1,2,3,0.33
HBlJ,1,0,1,1.0
HBlL,1,1,2,0.5
HBlM,4,6,10,0.4
HBlN,5,4,9,0.56
HBlP,5,2,7,0.71
HBlS,4,3,7,0.57
HBlb,0,1,1,0.0
HBll,0,1,1,0.0
HBlm,0,3,3,0.0
HBln,3,0,3,1.0
HBls,3,2,5,0.6
HBmB,5,9,14,0.36
HBmD,3,4,7,0.43
HBmH,11,14,25,0.44
HBmI,2,1,3,0.67
HBmJ,0,2,2,0.0
HBmL,3,3,6,0.5
HBmM,15,14,29,0.52
HBmN,13,17,30,0.43
HBmP,13,12,25,0.52
HBmS,6,9,15,0.4
HBmb,7,10,17,0.41
HBml,5,3,8,0.62
HBmm,17,6,23,0.74
HBmn,9,8,17,0.53
HBms,9,9,18,0.5
HBnB,8,8,16,0.5
HBnD,2,2,4,0.5
HBnH,8,8,16,0.5
HBnI,1,0,1,1.0
HBnK,0,1,1,0.0
HBnL,3,3,6,0.5
HBnM,8,11,19,0.42
HBnN,11,19,30,0.37
HBnP,11,12,23,0.48
HBnS,8,9,17,0.47
HBnb,16,8,24,0.67
HBnh,2,1,3,0.67
HBnl,3,7,10,0.3
HBnm,10,11,21,0.48
HBnn,17,10,27,0.63
HBns,6,7,13,0.46
HBsB,2,6,8,0.25
HBsH,6,4,10,0.6
HBsI,1,1,2,0.5
HBsL,0,1,1,0.0
HBsM,8,10,18,0.44
HBsN,3,4,7,0.43
HBsP,6,8,14,0.43
HBsS,6,9,15,0.4
HBsb,2,4,6,0.33
HBsh,1,0,1,1.0
HBsm,5,4,9,0.56
HBsn,2,6,8,0.25
HBss,7,2,9,0.78
HBtB,3,0,3,1.0
HBtH,1,0,1,1.0
HBtM,0,1,1,0.0
HBtN,1,0,1,1.0
HBtP,1,1,2,0.5
HBtS,0,2,2,0.0
HBtb,0,0,0,
HBtl,1,0,1,1.0
HBtm,4,2,6,0.67
HBtn,0,3,3,0.0
HBts,0,2,2,0.0
HBtt,1,0,1,1.0
HDBB,3,4,7,0.43
HDBK,0,1,1,0.0
HDBL,0,2,2,0.0
HDBM,1,1,2,0.5
HDBN,3,2,5,0.6
HDBP,1,4,5,0.2
HDBS,2,2,4,0.5
HDBb,3,2,5,0.6
HDBh,1,0,1,1.0
HDBj,1,0,1,1.0
HDBl,1,0,1,1.0
HDBm,1,1,2,0.5
HDBn,1,1,2,0.5
HDBs,2,1,3,0.67
HDBt,0,1,1,0.0
HDDB,1,2,3,0.33
HDDD,1,1,2,0.5
HDDH,0,2,2,0.0
HDDM,1,0,1,1.0
HDDN,1,1,2,0.5
HDDP,2,5,7,0.29
HDDS,0,3,3,0.0
HDDm,2,2,4,0.5
HDDn,1,0,1,1.0
HDDs,0,1,1,0.0
HDDt,2,0,2,1.0
HDHB,1,3,4,0.25
HDHD,1,0,1,1.0
HDHH,3,1,4,0.75
HDHK,1,0,1,1.0
HDHL,1,1,2,0.5
HDHM,2,8,10,0.2
HDHN,1,3,4,0.25
HDHP,2,2,4,0.5
HDHS,4,8,12,0.33
HDHb,2,3,5,0.4
HDHh,5,0,5,1.0
HDHl,1,2,3,0.33
HDHm,3,3,6,0.5
HDHn,1,1,2,0.5
HDHs,3,2,5,0.6
HDIM,0,0,0,
HDIS,1,0,1,1.0
HDIb,1,0,1,1.0
HDIm,0,0,0,
HDIs,0,0,0,
HDKM,0,1,1,0.0
HDLB,0,4,4,0.0
HDLD,1,0,1,1.0
HDLL,1,0,1,1.0
HDLM,1,2,3,0.33
HDLN,0,1,1,0.0
HDLP,1,1,2,0.5
HDLS,1,0,1,1.0
HDLm,2,2,4,0.5
HDLn,0,2,2,0.0
HDLs,0,1,1,0.0
HDLt,1,0,1,1.0
HDMB,3,1,4,0.75
HDMD,0,2,2,0.0
HDML,0,0,0,
HDMM,2,8,10,0.2
HDMN,2,3,5,0.4
HDMP,1,5,6,0.17
HDMS,2,3,5,0.4
HDMb,2,2,4,0.5
HDMh,4,2,6,0.67
HDMl,0,1,1,0.0
HDMm,10,8,18,0.56
HDMn,2,1,3,0.67
HDMs,2,2,4,0.5
HDMt,0,1,1,0.0
HDNB,0,1,1,0.0
HDND,0,0,0,
HDNH,1,0,1,1.0
HDNK,0,2,2,0.0
HDNL,1,0,1,1.0
HDNM,3,3,6,0.5
HDNN,2,5,7,0.29
HDNP,3,2,5,0.6
HDNS,0,3,3,0.0
HDNb,3,1,4,0.75
HDNl,1,0,1,1.0
HDNm,4,5,9,0.44
HDNn,1,5,6,0.17
HDNs,2,1,3,0.67
HDNt,1,0,1,1.0
HDPB,1,1,2,0.5
HDPD,1,0,1,1.0
HDPH,0,1,1,0.0
HDPI,0,1,1,0.0
HDPK,1,0,1,1.0
HDPL,1,3,4,0.25
HDPM,3,2,5,0.6
HDPN,4,2,6,0.67
HDPP,3,4,7,0.43
HDPS,2,3,5,0.4
HDPb,5,2,7,0.71
HDPh,0,1,1,0.0
HDPl,1,1,2,0.5
HDPm,7,5,12,0.58
HDPn,0,3,3,0.0
HDPs,1,0,1,1.0
HDPt,1,1,2,0.5
HDSB,2,3,5,0.4
HDSD,1,0,1,1.0
HDSL,2,1,3,0.67
HDSM,7,10,17,0.41
HDSN,3,0,3,1.0
HDSP,3,3,6,0.5
HDSS,2,1,3,0.67
HDSb,2,3,5,0.4
HDSh,1,1,2,0.5
HDSl,1,1,2,0.5
HDSm,4,4,8,0.5
HDSn,2,2,4,0.5
HDSs,6,3,9,0.67
HDSt,0,0,0,
HDbB,0,3,3,0.0
HDbD,1,0,1,1.0
HDbH,2,1,3,0.67
HDbJ,0,2,2,0.0
HDbK,0,1,1,0.0
HDbL,1,0,1,1.0
HDbM,3,3,6,0.5
HDbN,3,4,7,0.43
HDbP,1,1,2,0.5
HDbb,2,1,3,0.67
HDbl,0,1,1,0.0
HDbm,3,2,5,0.6
HDbn,1,2,3,0.33
HDbs,0,1,1,0.0
HDhM,1,0,1,1.0
HDhP,1,1,2,0.5
HDhm,0,1,1,0.0
HDlB,1,1,2,0.5
HDlJ,1,0,1,1.0
HDlL,1,0,1,1.0
HDlM,2,1,3,0.67
HDlN,1,2,3,0.33
HDlP,0,1,1,0.0
HDlS,0,0,0,
HDll,2,1,3,0.67
HDlm,1,1,2,0.5
HDls,2,0,2,1.0
HDmB,3,2,5,0.6
HDmD,2,0,2,1.0
HDmH,1,9,10,0.1
HDmI,1,0,1,1.0
HDmL,2,1,3,0.67
HDmM,6,3,9,0.67
HDmN,2,6,8,0.25
HDmP,4,3,7,0.57
HDmS,0,5,5,0.0
HDmb,5,3,8,0.62
HDml,3,1,4,0.75
HDmm,1,5,6,0.17
HDmn,1,0,1,1.0
HDms,2,0,2,1.0
HDnB,3,2,5,0.6
HDnH,0,3,3,0.0
HDnI,1,1,2,0.5
HDnK,0,1,1,0.0
HDnM,3,1,4,0.75
HDnN,2,6,8,0.25
HDnP,1,3,4,0.25
HDnS,4,2,6,0.67
HDnb,3,5,8,0.38
HDnl,0,1,1,0.0
HDnm,3,5,8,0.38
HDnn,3,1,4,0.75
HDsB,1,0,1,1.0
HDsD,1,0,1,1.0
HDsH,0,4,4,0.0
HDsL,0,1,1,0.0
HDsM,2,2,4,0.5
HDsN,3,0,3,1.0
HDsP,2,3,5,0.4
HDsS,5,5,10,0.5
HDsb,1,0,1,1.0
HDsl,0,3,3,0.0
HDsm,2,0,2,1.0
HDsn,1,6,7,0.14
HDss,1,3,4,0.25
HDtB,1,0,1,1.0
HDtN,0,1,1,0.0
HDtS,0,1,1,0.0
HDtm,0,0,0,
HDtn,0,0,0,
HHBB,2,4,6,0.33
HHBK,0,1,1,0.0
HHBL,0,1,1,0.0
HHBM,1,2,3,0.33
HHBN,3,3,6,0.5
HHBP,4,3,7,0.57
HHBS,1,1,2,0.5
HHBb,3,2,5,0.6
HHBj,1,0,1,1.0
HHBl,2,0,2,1.0
HHBm,3,1,4,0.75
HHBn,0,2,2,0.0
HHBs,0,0,0,
HHBt,1,0,1,1.0
HHDB,1,1,2,0.5
HHDH,1,0,1,1.0
HHDM,1,1,2,0.5
HHDN,2,0,2,1.0
HHDP,0,0,0,
HHDS,1,3,4,0.25
HHDb,2,1,3,0.67
HHDl,0,1,1,0.0
HHDn,1,2,3,0.33
HHDs,0,1,1,0.0
HHDt,1,0,1,1.0
HHHB,0,2,2,0.0
HHHH,0,1,1,0.0
HHHK,0,1,1,0.0
HHHM,0,0,0,
HHHN,1,0,1,1.0
HHHP,0,1,1,0.0
HHHS,1,1,2,0.5
HHHb,1,0,1,1.0
HHHh,0,1,1,0.0
HHHl,0,1,1,0.0
HHHm,3,0,3,1.0
HHHn,0,3,3,0.0
HHHs,4,1,5,0.8
HHIB,0,1,1,0.0
HHIH,1,0,1,1.0
HHII,0,1,1,0.0
HHIM,1,1,2,0.5
HHIP,1,0,1,1.0
HHIS,0,1,1,0.0
HHIl,1,0,1,1.0
HHKB,0,1,1,0.0
HHKL,1,0,1,1.0
HHKM,1,0,1,1.0
HHKN,1,0,1,1.0
HHKP,0,1,1,0.0
HHKb,2,0,2,1.0
HHKh,1,0,1,1.0
HHKm,2,0,2,1.0
HHLB,1,0,1,1.0
HHLL,1,0,1,1.0
HHLN,1,1,2,0.5
HHLP,1,0,1,1.0
HHLS,0,1,1,0.0
HHLb,1,0,1,1.0
HHLm,1,1,2,0.5
HHLs,1,0,1,1.0
HHMB,2,2,4,0.5
HHMD,0,0,0,
HHMK,1,1,2,0.5
HHML,0,1,1,0.0
HHMM,1,5,6,0.17
HHMN,3,3,6,0.5
HHMP,8,3,11,0.73
HHMS,1,2,3,0.33
HHMb,5,2,7,0.71
HHMh,2,2,4,0.5
HHMj,0,1,1,0.0
HHMl,2,1,3,0.67
HHMm,1,2,3,0.33
HHMn,5,3,8,0.62
HHMs,1,2,3,0.33
HHMt,1,0,1,1.0
HHNB,2,2,4,0.5
HHNK,0,1,1,0.0
HHNL,1,0,1,1.0
HHNM,4,4,8,0.5
HHNN,3,6,9,0.33
HHNP,2,4,6,0.33
HHNS,3,6,9,0.33
HHNb,0,1,1,0.0
HHNh,1,0,1,1.0
HHNl,1,1,2,0.5
HHNm,3,0,3,1.0
HHNn,2,3,5,0.4
HHNs,1,2,3,0.33
HHNt,1,0,1,1.0
HHPB,2,2,4,0.5
HHPH,1,2,3,0.33
HHPI,2,0,2,1.0
HHPK,0,0,0,
HHPL,0,0,0,
HHPM,3,3,6,0.5
HHPN,2,3,5,0.4
HHPP,6,2,8,0.75
HHPS,2,3,5,0.4
HHPb,2,1,3,0.67
HHPh,1,0,1,1.0
HHPl,2,1,3,0.67
HHPm,3,3,6,0.5
HHPn,5,1,6,0.83
HHPs,1,2,3,0.33
HHSB,1,2,3,0.33
HHSD,0,1,1,0.0
HHSH,3,1,4,0.75
HHSM,4,5,9,0.44
HHSN,3,2,5,0.6
HHSP,3,1,4,0.75
HHSS,5,7,12,0.42
HHSb,1,1,2,0.5
HHSh,1,0,1,1.0
HHSl,2,0,2,1.0
HHSm,4,6,10,0.4
HHSn,5,2,7,0.71
HHSs,2,5,7,0.29
HHSt,1,0,1,1.0
HHbB,5,3,8,0.62
HHbD,0,1,1,0.0
HHbJ,2,0,2,1.0
HHbK,0,2,2,0.0
HHbL,1,0,1,1.0
HHbM,2,3,5,0.4
HHbN,2,4,6,0.33
HHbP,2,2,4,0.5
HHbS,0,1,1,0.0
HHbb,3,4,7,0.43
HHbm,2,1,3,0.67
HHbn,2,0,2,1.0
HHbs,2,0,2,1.0
HHhB,1,0,1,1.0
HHhL,1,0,1,1.0
HHhM,0,3,3,0.0
HHhN,1,1,2,0.5
HHhP,1,0,1,1.0
HHhS,1,2,3,0.33
HHhb,1,1,2,0.5
HHhh,1,1,2,0.5
HHhl,0,1,1,0.0
HHhm,2,1,3,0.67
HHhn,0,0,0,
HHlB,0,0,0,
HHlH,1,0,1,1.0
HHlL,0,1,1,0.0
HHlM,4,1,5,0.8
HHlN,1,2,3,0.33
HHlm,1,0,1,1.0
HHln,0,1,1,0.0
HHls,2,0,2,1.0
HHmB,3,2,5,0.6
HHmD,1,1,2,0.5
HHmH,2,7,9,0.22
HHmM,4,5,9,0.44
HHmN,0,3,3,0.0
HHmP,3,4,7,0.43
HHmS,0,3,3,0.0
HHmb,2,5,7,0.29
HHmm,0,4,4,0.0
HHmn,1,1,2,0.5
HHms,1,3,4,0.25
HHnB,3,3,6,0.5
HHnD,0,1,1,0.0
HHnH,1,3,4,0.25
HHnK,0,1,1,0.0
HHnM,2,1,3,0.67
HHnN,2,2,4,0.5
HHnP,4,4,8,0.5
HHnS,1,2,3,0.33
HHnb,4,2,6,0.67
HHnh,0,1,1,0.0
HHnl,1,0,1,1.0
HHnm,1,2,3,0.33
HHnn,3,4,7,0.43
HHns,3,1,4,0.75
HHsB,2,2,4,0.5
HHsD,1,0,1,1.0
HHsH,5,6,11,0.45
HHsI,0,2,2,0.0
HHsL,0,1,1,0.0
HHsM,4,1,5,0.8
HHsN,2,3,5,0.4
HHsP,6,4,10,0.6
HHsS,7,1,8,0.88
HHsb,1,1,2,0.5
HHsl,0,2,2,0.0
HHsm,4,3,7,0.57
HHsn,0,0,0,
HHss,4,6,10,0.4
HHtS,1,0,1,1.0
HIBB,2,0,2,1.0
HIBD,0,0,0,
HIBM,1,0,1,1.0
HIBN,1,1,2,0.5
HIBP,1,0,1,1.0
HIBS,0,0,0,
HIBb,1,1,2,0.5
HIBl,0,1,1,0.0
HIBm,3,0,3,1.0
HIBn,0,3,3,0.0
HIBs,0,1,1,0.0
HIDB,0,0,0,
HIDH,0,0,0,
HIDL,0,0,0,
HIDN,2,1,3,0.67
HIDS,0,1,1,0.0
HIDb,1,0,1,1.0
HIDl,1,0,1,1.0
HIHB,0,1,1,0.0
HIHD,2,0,2,1.0
HIHM,2,0,2,1.0
HIHN,0,3,3,0.0
HIHP,2,2,4,0.5
HIHS,1,1,2,0.5
HIHb,2,2,4,0.5
HIHh,0,1,1,0.0
HIHl,0,2,2,0.0
HIHm,3,0,3,1.0
HIHn,2,0,2,1.0
HIHs,3,0,3,1.0
HIIB,1,0,1,1.0
HIIH,0,1,1,0.0
HIIM,0,1,1,0.0
HIIN,1,0,1,1.0
HIIP,2,0,2,1.0
HIIn,1,0,1,1.0
HIKB,1,1,2,0.5
HIKM,1,0,1,1.0
HILL,0,1,1,0.0
HILM,1,0,1,1.0
HILN,1,0,1,1.0
HILP,0,0,0,
HILS,0,2,2,0.0
HILb,0,1,1,0.0
HILj,1,0,1,1.0
HILm,1,2,3,0.33
HILs,2,1,3,0.67
HIMB,2,2,4,0.5
HIMD,0,3,3,0.0
HIMM,2,1,3,0.67
HIMN,2,3,5,0.4
HIMP,0,4,4,0.0
HIMS,2,0,2,1.0
HIMb,2,3,5,0.4
HIMh,2,3,5,0.4
HIMj,0,1,1,0.0
HIMl,2,1,3,0.67
HIMm,1,4,5,0.2
HIMn,3,3,6,0.5
HIMs,2,1,3,0.67
HINB,2,2,4,0.5
HIND,1,0,1,1.0
HINH,0,1,1,0.0
HINK,1,0,1,1.0
HINL,0,1,1,0.0
HINM,3,1,4,0.75
HINN,0,1,1,0.0
HINP,1,1,2,0.5
HINS,1,2,3,0.33
HINb,1,1,2,0.5
HINh,0,1,1,0.0
HINl,2,0,2,1.0
HINm,1,3,4,0.25
HINn,0,3,3,0.0
HINs,0,1,1,0.0
HIPB,2,2,4,0.5
HIPI,0,1,1,0.0
HIPL,0,1,1,0.0
HIPM,4,2,6,0.67
HIPN,2,1,3,0.67
HIPP,4,3,7,0.57
HIPS,3,3,6,0.5
HIPb,2,4,6,0.33
HIPh,0,0,0,
HIPm,1,1,2,0.5
HIPn,3,1,4,0.75
HISD,0,0,0,
HISH,1,2,3,0.33
HISL,0,0,0,
HISM,1,4,5,0.2
HISN,1,2,3,0.33
HISP,2,3,5,0.4
HISS,1,1,2,0.5
HISb,1,1,2,0.5
HISl,2,0,2,1.0
HISm,0,4,4,0.0
HISn,1,2,3,0.33
HISs,2,2,4,0.5
HISt,0,1,1,0.0
HIbB,2,1,3,0.67
HIbH,2,2,4,0.5
HIbJ,0,2,2,0.0
HIbK,0,1,1,0.0
HIbL,1,0,1,1.0
HIbM,2,1,3,0.67
HIbN,1,1,2,0.5
HIbP,2,4,6,0.33
HIbS,0,2,2,0.0
HIbb,2,1,3,0.67
HIbl,0,0,0,
HIbm,1,1,2,0.5
HIbn,0,2,2,0.0
HIbs,1,2,3,0.33
HIlB,1,0,1,1.0
HIlM,2,0,2,1.0
HIlN,1,2,3,0.33
HIlP,1,0,1,1.0
HIlS,0,1,1,0.0
HIlb,1,0,1,1.0
HIln,1,0,1,1.0
HImB,1,2,3,0.33
HImH,1,2,3,0.33
HImJ,1,0,1,1.0
HImM,4,4,8,0.5
HImN,2,4,6,0.33
HImP,2,2,4,0.5
HImS,1,2,3,0.33
HImb,2,2,4,0.5
HImm,2,2,4,0.5
HImn,5,0,5,1.0
HIms,0,2,2,0.0
HInD,0,1,1,0.0
HInH,0,4,4,0.0
HInI,1,1,2,0.5
HInK,0,1,1,0.0
HInM,5,2,7,0.71
HInN,2,3,5,0.4
HInP,2,0,2,1.0
HInS,2,0,2,1.0
HInb,4,2,6,0.67
HInm,2,1,3,0.67
HInn,0,2,2,0.0
HIns,2,0,2,1.0
HIsB,1,0,1,1.0
HIsD,1,0,1,1.0
HIsH,0,2,2,0.0
HIsM,0,0,0,
HIsN,2,0,2,1.0
HIsP,1,2,3,0.33
HIsS,0,2,2,0.0
HIsb,0,1,1,0.0
HIsh,0,0,0,
HIsm,3,2,5,0.6
HIsn,0,2,2,0.0
HIss,1,4,5,0.2
HItm,1,1,2,0.5
HKBB,1,2,3,0.33
HKBD,1,0,1,1.0
HKBK,1,0,1,1.0
HKBL,1,0,1,1.0
HKBM,1,3,4,0.25
HKBN,1,4,5,0.2
HKBP,1,0,1,1.0
HKBS,0,0,0,
HKBb,1,0,1,1.0
HKBj,1,0,1,1.0
HKBl,0,0,0,
HKBm,2,2,4,0.5
HKBn,1,1,2,0.5
HKBs,0,0,0,
HKDD,0,1,1,0.0
HKDN,0,1,1,0.0
HKDb,1,0,1,1.0
HKDn,1,0,1,1.0
HKHh,0,1,1,0.0
HKHs,0,0,0,
HKIM,1,1,2,0.5
HKIS,0,1,1,0.0
HKKn,0,1,1,0.0
HKLL,0,1,1,0.0
HKLM,0,1,1,0.0
HKLN,1,1,2,0.5
HKLm,1,0,1,1.0
HKLn,1,0,1,1.0
HKLt,1,0,1,1.0
HKMB,3,1,4,0.75
HKMD,0,1,1,0.0
HKMM,2,2,4,0.5
HKMN,1,1,2,0.5
HKMP,1,0,1,1.0
HKMS,1,2,3,0.33
HKMb,1,4,5,0.2
HKMh,1,2,3,0.33
HKMm,4,1,5,0.8
HKMn,2,0,2,1.0
HKMs,0,1,1,0.0
HKNB,2,2,4,0.5
HKND,1,0,1,1.0
HKNH,1,1,2,0.5
HKNM,1,1,2,0.5
HKNN,1,0,1,1.0
HKNP,3,2,5,0.6
HKNS,2,2,4,0.5
HKNb,0,1,1,0.0
HKNh,1,0,1,1.0
HKNm,1,2,3,0.33
HKNn,2,1,3,0.67
HKNs,0,1,1,0.0
HKNt,1,0,1,1.0
HKPB,0,5,5,0.0
HKPD,0,0,0,
HKPI,1,0,1,1.0
HKPL,0,0,0,
HKPM,1,0,1,1.0
HKPN,0,3,3,0.0
HKPP,0,4,4,0.0
HKPS,2,0,2,1.0
HKPb,1,2,3,0.33
HKPm,6,1,7,0.86
HKPn,1,2,3,0.33
HKSD,1,0,1,1.0
HKSH,2,0,2,1.0
HKSL,1,2,3,0.33
HKSM,0,2,2,0.0
HKSP,0,1,1,0.0
HKSS,0,3,3,0.0
HKSh,0,1,1,0.0
HKSl,1,0,1,1.0
HKSm,0,2,2,0.0
HKSn,1,2,3,0.33
HKSs,1,2,3,0.33
HKSt,1,0,1,1.0
HKbB,1,2,3,0.33
HKbD,0,0,0,
HKbL,0,1,1,0.0
HKbM,2,2,4,0.5
HKbN,0,1,1,0.0
HKbP,0,2,2,0.0
HKbS,2,0,2,1.0
HKbl,0,1,1,0.0
HKbm,0,1,1,0.0
HKbn,0,3,3,0.0
HKbs,0,1,1,0.0
HKhB,2,2,4,0.5
HKhD,0,1,1,0.0
HKhH,1,0,1,1.0
HKhM,0,1,1,0.0
HKhN,1,0,1,1.0
HKhP,1,1,2,0.5
HKhS,1,1,2,0.5
HKhb,1,0,1,1.0
HKhh,2,1,3,0.67
HKhl,0,0,0,
HKhm,1,1,2,0.5
HKhn,1,0,1,1.0
HKhs,1,0,1,1.0
HKlH,0,1,1,0.0
HKlL,1,0,1,1.0
HKlP,1,0,1,1.0
HKlS,1,1,2,0.5
HKlb,0,1,1,0.0
HKlm,0,0,0,
HKln,1,0,1,1.0
HKmB,2,0,2,1.0
HKmH,0,4,4,0.0
HKmL,0,0,0,
HKmM,1,3,4,0.25
HKmN,0,0,0,
HKmP,1,1,2,0.5
HKmS,2,1,3,0.67
HKmb,1,2,3,0.33
HKml,1,1,2,0.5
HKmm,1,0,1,1.0
HKmn,2,2,4,0.5
HKms,3,1,4,0.75
HKnB,1,0,1,1.0
HKnH,1,0,1,1.0
HKnM,0,2,2,0.0
HKnN,0,1,1,0.0
HKnP,2,0,2,1.0
HKnS,0,1,1,0.0
HKnb,1,0,1,1.0
HKnm,1,0,1,1.0
HKnn,0,0,0,
HKsB,1,3,4,0.25
HKsD,1,0,1,1.0
HKsH,0,1,1,0.0
HKsM,2,0,2,1.0
HKsN,0,0,0,
HKsP,1,1,2,0.5
HKsS,3,0,3,1.0
HKsb,0,1,1,0.0
HKsl,1,0,1,1.0
HKsm,2,2,4,0.5
HKsn,0,1,1,0.0
HKss,1,0,1,1.0
HKtD,1,0,1,1.0
HKtH,1,0,1,1.0
HKtM,1,0,1,1.0
HKtP,1,0,1,1.0
HKtt,1,0,1,1.0
HLBB,6,1,7,0.86
HLBD,1,0,1,1.0
HLBL,0,2,2,0.0
HLBM,2,3,5,0.4
HLBN,3,5,8,0.38
HLBP,5,4,9,0.56
HLBS,2,0,2,1.0
HLBb,4,4,8,0.5
HLBh,1,1,2,0.5
HLBj,1,1,2,0.5
HLBm,6,2,8,0.75
HLBn,2,4,6,0.33
HLBs,3,1,4,0.75
HLDB,1,0,1,1.0
HLDD,0,0,0,
HLDH,3,0,3,1.0
HLDM,2,0,2,1.0
HLDS,0,1,1,0.0
HLDb,2,1,3,0.67
HLDm,1,2,3,0.33
HLDn,3,1,4,0.75
HLDs,0,1,1,0.0
HLHB,0,1,1,0.0
HLKB,0,0,0,
HLKD,1,0,1,1.0
HLKL,0,0,0,
HLKM,0,1,1,0.0
HLKN,0,1,1,0.0
HLKS,0,1,1,0.0
HLKl,1,1,2,0.5
HLKm,1,0,1,1.0
HLKn,1,1,2,0.5
HLLB,1,1,2,0.5
HLLD,0,0,0,
HLLL,1,1,2,0.5
HLLM,0,2,2,0.0
HLLN,1,0,1,1.0
HLLP,1,3,4,0.25
HLLS,3,1,4,0.75
HLLb,0,1,1,0.0
HLLh,0,1,1,0.0
HLLj,1,0,1,1.0
HLLl,2,1,3,0.67
HLLm,0,3,3,0.0
HLLn,1,2,3,0.33
HLLs,1,1,2,0.5
HLMB,6,5,11,0.55
HLMD,1,1,2,0.5
HLML,3,0,3,1.0
HLMM,1,8,9,0.11
HLMN,4,1,5,0.8
HLMP,4,3,7,0.57
HLMS,4,2,6,0.67
HLMb,5,2,7,0.71
HLMh,2,3,5,0.4
HLMl,1,0,1,1.0
HLMm,6,5,11,0.55
HLMn,6,6,12,0.5
HLMs,1,5,6,0.17
HLNB,2,0,2,1.0
HLND,1,0,1,1.0
HLNH,1,1,2,0.5
HLNK,1,1,2,0.5
HLNL,0,1,1,0.0
HLNM,4,3,7,0.57
HLNN,7,0,7,1.0
HLNP,5,6,11,0.45
HLNS,5,3,8,0.62
HLNb,3,4,7,0.43
HLNh,0,0,0,
HLNl,0,2,2,0.0
HLNm,4,3,7,0.57
HLNn,6,7,13,0.46
HLNs,3,4,7,0.43
HLNt,0,1,1,0.0
HLPB,3,8,11,0.27
HLPD,1,0,1,1.0
HLPH,3,1,4,0.75
HLPI,0,1,1,0.0
HLPK,0,2,2,0.0
HLPL,1,0,1,1.0
HLPM,4,2,6,0.67
HLPN,2,2,4,0.5
HLPP,3,6,9,0.33
HLPS,5,6,11,0.45
HLPb,7,7,14,0.5
HLPh,0,1,1,0.0
HLPl,1,3,4,0.25
HLPm,5,5,10,0.5
HLPn,4,6,10,0.4
HLPs,2,3,5,0.4
HLSB,1,3,4,0.25
HLSD,0,0,0,
HLSH,1,1,2,0.5
HLSL,2,3,5,0.4
HLSM,1,5,6,0.17
HLSN,2,3,5,0.4
HLSP,3,2,5,0.6
HLSS,1,3,4,0.25
HLSb,1,5,6,0.17
HLSh,0,0,0,
HLSl,0,0,0,
HLSm,2,5,7,0.29
HLSn,3,5,8,0.38
HLSs,2,3,5,0.4
HLbB,2,2,4,0.5
HLbJ,1,0,1,1.0
HLbK,1,1,2,0.5
HLbL,1,1,2,0.5
HLbM,4,3,7,0.57
HLbN,7,5,12,0.58
HLbP,3,0,3,1.0
HLbS,1,2,3,0.33
HLbb,1,2,3,0.33
HLbl,1,0,1,1.0
HLbm,2,5,7,0.29
HLbn,2,5,7,0.29
HLbs,3,1,4,0.75
HLhB,0,1,1,0.0
HLhH,0,1,1,0.0
HLhI,1,0,1,1.0
HLhL,1,0,1,1.0
HLhM,0,1,1,0.0
HLhN,3,0,3,1.0
HLhP,3,3,6,0.5
HLhS,0,1,1,0.0
HLhb,1,1,2,0.5
HLhh,3,1,4,0.75
HLhl,0,0,0,
HLhm,3,1,4,0.75
HLhn,0,1,1,0.0
HLhs,2,2,4,0.5
HLjK,1,1,2,0.5
HLjL,1,0,1,1.0
HLjM,1,0,1,1.0
HLjN,0,0,0,
HLjP,1,0,1,1.0
HLjS,1,0,1,1.0
HLjb,1,0,1,1.0
HLjm,2,0,2,1.0
HLjn,0,1,1,0.0
HLjs,1,2,3,0.33
HLlB,1,3,4,0.25
HLlJ,0,1,1,0.0
HLlL,0,0,0,
HLlM,0,5,5,0.0
HLlN,0,2,2,0.0
HLlP,2,0,2,1.0
HLlS,2,1,3,0.67
HLlb,1,1,2,0.5
HLll,1,0,1,1.0
HLlm,3,2,5,0.6
HLln,2,2,4,0.5
HLls,0,3,3,0.0
HLmB,4,6,10,0.4
HLmD,1,2,3,0.33
HLmH,5,5,10,0.5
HLmI,1,0,1,1.0
HLmL,0,3,3,0.0
HLmM,5,4,9,0.56
HLmN,2,3,5,0.4
HLmP,5,4,9,0.56
HLmS,3,3,6,0.5
HLmb,4,5,9,0.44
HLml,2,2,4,0.5
HLmm,6,3,9,0.67
HLmn,5,2,7,0.71
HLms,1,2,3,0.33
HLnB,3,5,8,0.38
HLnD,1,1,2,0.5
HLnH,3,2,5,0.6
HLnI,1,0,1,1.0
HLnK,0,1,1,0.0
HLnM,5,4,9,0.56
HLnN,2,4,6,0.33
HLnP,7,7,14,0.5
HLnS,2,5,7,0.29
HLnb,4,2,6,0.67
HLnl,5,0,5,1.0
HLnm,7,2,9,0.78
HLnn,4,4,8,0.5
HLns,3,1,4,0.75
HLsB,2,4,6,0.33
HLsD,1,0,1,1.0
HLsH,4,2,6,0.67
HLsI,1,0,1,1.0
HLsL,2,0,2,1.0
HLsM,1,2,3,0.33
HLsN,3,3,6,0.5
HLsP,4,2,6,0.67
HLsS,1,3,4,0.25
HLsb,2,2,4,0.5
HLsh,1,1,2,0.5
HLsl,0,1,1,0.0
HLsm,2,2,4,0.5
HLsn,0,6,6,0.0
HLss,4,2,6,0.67
HLtB,1,0,1,1.0
HLtL,0,0,0,
HLtN,1,0,1,1.0
HLtb,0,1,1,0.0
HLtl,1,0,1,1.0
HLtm,0,1,1,0.0
HLtn,2,0,2,1.0
HMBB,11,11,22,0.5
HMBD,3,2,5,0.6
HMBH,0,1,1,0.0
HMBK,2,4,6,0.33
HMBL,1,4,5,0.2
HMBM,12,12,24,0.5
HMBN,11,13,24,0.46
HMBP,12,11,23,0.52
HMBS,4,4,8,0.5
HMBb,8,8,16,0.5
HMBh,2,4,6,0.33
HMBj,2,2,4,0.5
HMBl,1,2,3,0.33
HMBm,11,11,22,0.5
HMBn,16,15,31,0.52
HMBs,7,4,11,0.64
HMBt,2,0,2,1.0
HMDD,3,2,5,0.6
HMDH,5,4,9,0.56
HMDL,1,0,1,1.0
HMDM,1,3,4,0.25
HMDN,4,2,6,0.67
HMDP,4,1,5,0.8
HMDS,0,5,5,0.0
HMDb,2,1,3,0.67
HMDl,2,1,3,0.67
HMDm,5,3,8,0.62
HMDn,2,3,5,0.4
HMDs,6,2,8,0.75
HMHM,0,0,0,
HMHS,0,0,0,
HMHh,0,1,1,0.0
HMHm,1,0,1,1.0
HMIN,0,1,1,0.0
HMIt,1,0,1,1.0
HMKH,0,1,1,0.0
HMKL,0,0,0,
HMKM,0,1,1,0.0
HMKN,1,0,1,1.0
HMKP,0,0,0,
HMKS,0,1,1,0.0
HMKb,1,0,1,1.0
HMKh,1,0,1,1.0
HMKl,1,1,2,0.5
HMLB,2,4,6,0.33
HMLK,0,0,0,
HMLL,0,2,2,0.0
HMLM,3,1,4,0.75
HMLN,4,5,9,0.44
HMLP,2,4,6,0.33
HMLS,8,2,10,0.8
HMLb,3,2,5,0.6
HMLh,1,1,2,0.5
HMLj,0,1,1,0.0
HMLl,1,1,2,0.5
HMLm,4,8,12,0.33
HMLn,0,3,3,0.0
HMLs,3,1,4,0.75
HMMB,7,18,25,0.28
HMMD,1,4,5,0.2
HMMK,0,1,1,0.0
HMML,0,1,1,0.0
HMMM,6,18,24,0.25
HMMN,7,19,26,0.27
HMMP,20,16,36,0.56
HMMS,8,17,25,0.32
HMMb,15,9,24,0.62
HMMh,12,10,22,0.55
HMMj,0,1,1,0.0
HMMl,1,4,5,0.2
HMMm,17,17,34,0.5
HMMn,20,14,34,0.59
HMMs,8,6,14,0.57
HMMt,1,0,1,1.0
HMNB,10,12,22,0.45
HMND,5,4,9,0.56
HMNH,2,0,2,1.0
HMNK,0,1,1,0.0
HMNL,2,5,7,0.29
HMNM,13,10,23,0.57
HMNN,13,9,22,0.59
HMNP,14,19,33,0.42
HMNS,10,7,17,0.59
HMNb,7,11,18,0.39
HMNh,5,5,10,0.5
HMNl,4,7,11,0.36
HMNm,22,21,43,0.51
HMNn,13,18,31,0.42
HMNs,11,5,16,0.69
HMNt,4,1,5,0.8
HMPB,10,14,24,0.42
HMPD,1,0,1,1.0
HMPH,1,3,4,0.25
HMPI,1,1,2,0.5
HMPK,1,2,3,0.33
HMPL,5,6,11,0.45
HMPM,6,13,19,0.32
HMPN,22,19,41,0.54
HMPP,18,19,37,0.49
HMPS,14,7,21,0.67
HMPb,16,13,29,0.55
HMPh,2,1,3,0.67
HMPl,5,6,11,0.45
HMPm,24,15,39,0.62
HMPn,15,21,36,0.42
HMPs,13,4,17,0.76
HMPt,3,1,4,0.75
HMSB,11,11,22,0.5
HMSD,3,2,5,0.6
HMSH,1,6,7,0.14
HMSI,1,1,2,0.5
HMSK,0,1,1,0.0
HMSL,3,3,6,0.5
HMSM,13,16,29,0.45
HMSN,8,5,13,0.62
HMSP,13,8,21,0.62
HMSS,7,14,21,0.33
HMSb,8,4,12,0.67
HMSh,5,7,12,0.42
HMSl,6,6,12,0.5
HMSm,14,13,27,0.52
HMSn,12,9,21,0.57
HMSs,10,6,16,0.62
HMSt,0,0,0,
HMbB,16,8,24,0.67
HMbD,1,2,3,0.33
HMbH,2,7,9,0.22
HMbI,1,0,1,1.0
HMbJ,1,5,6,0.17
HMbK,2,1,3,0.67
HMbL,5,2,7,0.71
HMbM,9,15,24,0.38
HMbN,17,10,27,0.63
HMbP,14,13,27,0.52
HMbS,6,6,12,0.5
HMbb,7,8,15,0.47
HMbl,3,1,4,0.75
HMbm,14,10,24,0.58
HMbn,7,14,21,0.33
HMbs,17,6,23,0.74
HMhB,8,5,13,0.62
HMhD,1,1,2,0.5
HMhH,3,5,8,0.38
HMhI,4,4,8,0.5
HMhL,2,2,4,0.5
HMhM,8,7,15,0.53
HMhN,6,11,17,0.35
HMhP,15,8,23,0.65
HMhS,14,13,27,0.52
HMhb,9,9,18,0.5
HMhh,10,14,24,0.42
HMhl,6,6,12,0.5
HMhm,16,14,30,0.53
HMhn,11,4,15,0.73
HMhs,9,8,17,0.53
HMht,0,1,1,0.0
HMjB,4,3,7,0.57
HMjH,2,0,2,1.0
HMjI,2,0,2,1.0
HMjL,1,1,2,0.5
HMjM,1,4,5,0.2
HMjN,2,0,2,1.0
HMjP,1,1,2,0.5
HMjS,3,2,5,0.6
HMjb,2,0,2,1.0
HMjl,2,0,2,1.0
HMjm,3,1,4,0.75
HMjn,6,3,9,0.67
HMjs,0,2,2,0.0
HMjt,1,0,1,1.0
HMlB,3,3,6,0.5
HMlH,3,3,6,0.5
HMlI,1,0,1,1.0
HMlJ,1,2,3,0.33
HMlK,1,1,2,0.5
HMlL,1,1,2,0.5
HMlM,3,7,10,0.3
HMlN,4,2,6,0.67
HMlP,6,3,9,0.67
HMlS,2,1,3,0.67
HMlb,5,4,9,0.56
HMll,0,2,2,0.0
HMlm,6,2,8,0.75
HMln,2,4,6,0.33
HMls,4,2,6,0.67
HMmB,15,15,30,0.5
HMmD,9,7,16,0.56
HMmH,10,17,27,0.37
HMmI,2,1,3,0.67
HMmJ,7,5,12,0.58
HMmK,0,1,1,0.0
HMmL,4,3,7,0.57
HMmM,16,22,38,0.42
HMmN,15,23,38,0.39
HMmP,15,9,24,0.62
HMmS,10,10,20,0.5
HMmb,10,12,22,0.45
HMml,3,4,7,0.43
HMmm,20,14,34,0.59
HMmn,20,13,33,0.61
HMms,11,8,19,0.58
HMnB,11,18,29,0.38
HMnD,2,3,5,0.4
HMnH,7,8,15,0.47
HMnI,1,4,5,0.2
HMnK,1,2,3,0.33
HMnL,6,5,11,0.55
HMnM,23,13,36,0.64
HMnN,21,22,43,0.49
HMnP,23,25,48,0.48
HMnS,14,11,25,0.56
HMnb,11,9,20,0.55
HMnh,0,2,2,0.0
HMnl,4,4,8,0.5
HMnm,18,9,27,0.67
HMnn,24,11,35,0.69
HMns,15,19,34,0.44
HMsB,6,8,14,0.43
HMsD,1,1,2,0.5
HMsH,10,10,20,0.5
HMsI,0,1,1,0.0
HMsK,0,1,1,0.0
HMsL,1,4,5,0.2
HMsM,10,13,23,0.43
HMsN,9,11,20,0.45
HMsP,9,11,20,0.45
HMsS,11,16,27,0.41
HMsb,12,8,20,0.6
HMsh,0,0,0,
HMsl,2,7,9,0.22
HMsm,11,9,20,0.55
HMsn,7,7,14,0.5
HMss,12,5,17,0.71
HMst,0,1,1,0.0
HMtB,1,2,3,0.33
HMtD,0,1,1,0.0
HMtH,1,1,2,0.5
HMtL,1,0,1,1.0
HMtM,0,4,4,0.0
HMtN,2,3,5,0.4
HMtP,5,2,7,0.71
HMtb,2,2,4,0.5
HMth,1,0,1,1.0
HMtm,2,1,3,0.67
HMtn,1,1,2,0.5
HMts,2,1,3,0.67
HMtt,1,1,2,0.5
HNBB,11,7,18,0.61
HNBD,4,1,5,0.8
HNBK,5,3,8,0.62
HNBL,2,5,7,0.29
HNBM,12,11,23,0.52
HNBN,8,11,19,0.42
HNBP,13,13,26,0.5
HNBS,6,7,13,0.46
HNBb,6,10,16,0.38
HNBh,2,1,3,0.67
HNBj,1,2,3,0.33
HNBl,3,2,5,0.6
HNBm,13,4,17,0.76
HNBn,11,16,27,0.41
HNBs,9,7,16,0.56
HNBt,2,1,3,0.67
HNDB,4,3,7,0.57
HNDD,1,2,3,0.33
HNDH,1,5,6,0.17
HNDL,3,0,3,1.0
HNDM,6,3,9,0.67
HNDN,2,1,3,0.67
HNDP,1,4,5,0.2
HNDS,5,2,7,0.71
HNDb,0,2,2,0.0
HNDl,1,1,2,0.5
HNDm,5,4,9,0.56
HNDn,0,4,4,0.0
HNDs,2,2,4,0.5
HNHB,3,1,4,0.75
HNHD,0,1,1,0.0
HNHH,0,1,1,0.0
HNHI,1,1,2,0.5
HNHL,0,0,0,
HNHM,4,4,8,0.5
HNHN,3,2,5,0.6
HNHP,4,3,7,0.57
HNHS,2,6,8,0.25
HNHb,4,1,5,0.8
HNHh,0,2,2,0.0
HNHl,1,0,1,1.0
HNHm,4,3,7,0.57
HNHn,2,2,4,0.5
HNHs,1,2,3,0.33
HNHt,0,1,1,0.0
HNIL,0,1,1,0.0
HNIM,1,0,1,1.0
HNIN,1,0,1,1.0
HNIP,1,0,1,1.0
HNIS,0,1,1,0.0
HNIb,0,0,0,
HNIm,1,1,2,0.5
HNIs,0,0,0,
HNKB,0,3,3,0.0
HNKH,1,0,1,1.0
HNKM,0,2,2,0.0
HNKN,1,6,7,0.14
HNKP,1,2,3,0.33
HNKS,0,2,2,0.0
HNKb,0,2,2,0.0
HNKh,0,3,3,0.0
HNKl,0,1,1,0.0
HNKm,1,2,3,0.33
HNKn,5,2,7,0.71
HNKs,1,1,2,0.5
HNKt,0,0,0,
HNLB,1,3,4,0.25
HNLD,1,1,2,0.5
HNLL,3,2,5,0.6
HNLM,3,3,6,0.5
HNLN,3,2,5,0.6
HNLP,4,3,7,0.57
HNLS,5,3,8,0.62
HNLb,1,6,7,0.14
HNLh,2,1,3,0.67
HNLj,0,2,2,0.0
HNLl,3,2,5,0.6
HNLm,3,2,5,0.6
HNLn,6,3,9,0.67
HNLs,2,1,3,0.67
HNLt,0,2,2,0.0
HNMB,10,12,22,0.45
HNMD,2,3,5,0.4
HNML,8,5,13,0.62
HNMM,5,14,19,0.26
HNMN,15,13,28,0.54
HNMP,12,12,24,0.5
HNMS,6,8,14,0.43
HNMb,9,10,19,0.47
HNMh,14,13,27,0.52
HNMj,4,1,5,0.8
HNMl,4,2,6,0.67
HNMm,20,14,34,0.59
HNMn,23,22,45,0.51
HNMs,10,4,14,0.71
HNMt,3,4,7,0.43
HNNB,14,10,24,0.58
HNND,5,1,6,0.83
HNNH,3,2,5,0.6
HNNK,2,6,8,0.25
HNNL,1,8,9,0.11
HNNM,14,17,31,0.45
HNNN,16,19,35,0.46
HNNP,19,23,42,0.45
HNNS,11,17,28,0.39
HNNb,8,10,18,0.44
HNNh,4,3,7,0.57
HNNl,5,5,10,0.5
HNNm,22,9,31,0.71
HNNn,18,29,47,0.38
HNNs,11,17,28,0.39
HNNt,1,2,3,0.33
HNPB,12,16,28,0.43
HNPD,3,2,5,0.6
HNPH,3,8,11,0.27
HNPI,5,5,10,0.5
HNPK,1,5,6,0.17
HNPL,10,7,17,0.59
HNPM,9,19,28,0.32
HNPN,21,27,48,0.44
HNPP,24,27,51,0.47
HNPS,17,10,27,0.63
HNPb,16,10,26,0.62
HNPh,6,1,7,0.86
HNPl,8,8,16,0.5
HNPm,23,23,46,0.5
HNPn,10,17,27,0.37
HNPs,9,9,18,0.5
HNPt,1,0,1,1.0
HNSB,12,9,21,0.57
HNSD,0,5,5,0.0
HNSH,3,3,6,0.5
HNSI,1,0,1,1.0
HNSK,0,1,1,0.0
HNSL,3,2,5,0.6
HNSM,8,12,20,0.4
HNSN,6,5,11,0.55
HNSP,14,13,27,0.52
HNSS,5,10,15,0.33
HNSb,4,4,8,0.5
HNSh,7,5,12,0.58
HNSl,6,2,8,0.75
HNSm,14,12,26,0.54
HNSn,12,13,25,0.48
HNSs,14,19,33,0.42
HNSt,1,4,5,0.2
HNbB,8,4,12,0.67
HNbD,0,5,5,0.0
HNbH,1,6,7,0.14
HNbI,3,0,3,1.0
HNbJ,6,4,10,0.6
HNbK,2,2,4,0.5
HNbL,6,5,11,0.55
HNbM,7,10,17,0.41
HNbN,11,11,22,0.5
HNbP,9,14,23,0.39
HNbS,5,9,14,0.36
HNbb,8,13,21,0.38
HNbl,1,2,3,0.33
HNbm,5,10,15,0.33
HNbn,19,9,28,0.68
HNbs,5,6,11,0.45
HNhB,3,6,9,0.33
HNhD,0,1,1,0.0
HNhH,0,2,2,0.0
HNhI,3,0,3,1.0
HNhL,1,1,2,0.5
HNhM,3,5,8,0.38
HNhN,2,6,8,0.25
HNhP,5,3,8,0.62
HNhS,4,4,8,0.5
HNhb,3,3,6,0.5
HNhh,1,5,6,0.17
HNhl,1,1,2,0.5
HNhm,5,6,11,0.45
HNhn,7,5,12,0.58
HNhs,7,4,11,0.64
HNlB,0,3,3,0.0
HNlH,5,2,7,0.71
HNlI,0,1,1,0.0
HNlJ,2,0,2,1.0
HNlL,2,1,3,0.67
HNlM,1,8,9,0.11
HNlN,3,4,7,0.43
HNlP,5,5,10,0.5
HNlS,2,5,7,0.29
HNlb,5,3,8,0.62
HNll,0,0,0,
HNlm,3,6,9,0.33
HNln,5,3,8,0.62
HNls,3,2,5,0.6
HNmB,11,10,21,0.52
HNmD,2,2,4,0.5
HNmH,9,15,24,0.38
HNmI,2,1,3,0.67
HNmJ,6,0,6,1.0
HNmL,6,6,12,0.5
HNmM,16,19,35,0.46
HNmN,8,20,28,0.29
HNmP,17,14,31,0.55
HNmS,7,11,18,0.39
HNmb,10,13,23,0.43
HNml,6,2,8,0.75
HNmm,16,7,23,0.7
HNmn,16,13,29,0.55
HNms,13,5,18,0.72
HNnB,13,7,20,0.65
HNnD,2,1,3,0.67
HNnH,1,6,7,0.14
HNnI,4,5,9,0.44
HNnK,1,3,4,0.25
HNnL,4,5,9,0.44
HNnM,20,18,38,0.53
HNnN,31,26,57,0.54
HNnP,19,21,40,0.48
HNnS,8,23,31,0.26
HNnb,13,8,21,0.62
HNnh,1,0,1,1.0
HNnl,5,4,9,0.56
HNnm,20,13,33,0.61
HNnn,26,28,54,0.48
HNns,12,10,22,0.55
HNsB,12,7,19,0.63
HNsD,1,3,4,0.25
HNsH,7,9,16,0.44
HNsI,1,1,2,0.5
HNsK,0,0,0,
HNsL,2,2,4,0.5
HNsM,7,9,16,0.44
HNsN,11,13,24,0.46
HNsP,9,4,13,0.69
HNsS,12,18,30,0.4
HNsb,6,4,10,0.6
HNsh,0,0,0,
HNsl,7,1,8,0.88
HNsm,9,13,22,0.41
HNsn,14,9,23,0.61
HNss,17,7,24,0.71
HNtB,2,3,5,0.4
HNtH,2,1,3,0.67
HNtL,0,1,1,0.0
HNtM,2,0,2,1.0
HNtN,6,0,6,1.0
HNtP,2,2,4,0.5
HNtS,3,4,7,0.43
HNth,0,1,1,0.0
HNtl,0,1,1,0.0
HNtm,3,4,7,0.43
HNtn,1,0,1,1.0
HNts,1,2,3,0.33
HPBB,11,13,24,0.46
HPBD,1,3,4,0.25
HPBK,1,2,3,0.33
HPBL,6,9,15,0.4
HPBM,9,28,37,0.24
HPBN,14,17,31,0.45
HPBP,28,15,43,0.65
HPBS,8,3,11,0.73
HPBb,10,12,22,0.45
HPBh,3,0,3,1.0
HPBj,6,0,6,1.0
HPBl,4,3,7,0.57
HPBm,16,13,29,0.55
HPBn,11,18,29,0.38
HPBs,5,5,10,0.5
HPBt,1,2,3,0.33
HPDB,3,1,4,0.75
HPDD,1,1,2,0.5
HPDH,2,1,3,0.67
HPDK,1,0,1,1.0
HPDL,0,1,1,0.0
HPDM,4,8,12,0.33
HPDN,1,0,1,1.0
HPDP,2,2,4,0.5
HPDS,2,3,5,0.4
HPDb,0,2,2,0.0
HPDl,0,0,0,
HPDm,2,4,6,0.33
HPDn,2,1,3,0.67
HPDs,6,1,7,0.86
HPHB,7,4,11,0.64
HPHD,0,0,0,
HPHH,1,0,1,1.0
HPHI,0,0,0,
HPHL,5,0,5,1.0
HPHM,7,5,12,0.58
HPHN,2,6,8,0.25
HPHP,8,4,12,0.67
HPHS,4,9,13,0.31
HPHb,2,4,6,0.33
HPHh,1,2,3,0.33
HPHl,1,3,4,0.25
HPHm,8,5,13,0.62
HPHn,3,4,7,0.43
HPHs,3,5,8,0.38
HPHt,1,0,1,1.0
HPIB,2,1,3,0.67
HPID,0,0,0,
HPIH,1,1,2,0.5
HPII,1,0,1,1.0
HPIK,1,0,1,1.0
HPIL,1,0,1,1.0
HPIM,3,1,4,0.75
HPIN,1,2,3,0.33
HPIP,4,2,6,0.67
HPIS,4,2,6,0.67
HPIb,4,1,5,0.8
HPIm,1,2,3,0.33
HPIn,3,2,5,0.6
HPIs,1,0,1,1.0
HPKB,2,4,6,0.33
HPKD,1,0,1,1.0
HPKL,1,0,1,1.0
HPKM,4,4,8,0.5
HPKN,1,0,1,1.0
HPKP,0,2,2,0.0
HPKS,0,1,1,0.0
HPKb,4,1,5,0.8
HPKh,1,4,5,0.2
HPKl,0,2,2,0.0
HPKm,5,1,6,0.83
HPKn,2,3,5,0.4
HPKs,2,2,4,0.5
HPKt,0,1,1,0.0
HPLB,6,8,14,0.43
HPLK,0,2,2,0.0
HPLL,1,1,2,0.5
HPLM,6,6,12,0.5
HPLN,3,4,7,0.43
HPLP,6,7,13,0.46
HPLS,4,5,9,0.44
HPLb,2,9,11,0.18
HPLh,5,1,6,0.83
HPLj,1,0,1,1.0
HPLl,0,3,3,0.0
HPLm,3,7,10,0.3
HPLn,4,6,10,0.4
HPLs,7,9,16,0.44
HPLt,0,0,0,
HPMB,14,21,35,0.4
HPMD,4,5,9,0.44
HPMK,1,0,1,1.0
HPML,6,5,11,0.55
HPMM,18,19,37,0.49
HPMN,11,14,25,0.44
HPMP,19,22,41,0.46
HPMS,12,16,28,0.43
HPMb,20,14,34,0.59
HPMh,20,21,41,0.49
HPMj,1,3,4,0.25
HPMl,7,5,12,0.58
HPMm,27,25,52,0.52
HPMn,23,16,39,0.59
HPMs,17,13,30,0.57
HPMt,1,1,2,0.5
HPNB,12,10,22,0.55
HPND,2,2,4,0.5
HPNH,0,2,2,0.0
HPNK,1,2,3,0.33
HPNL,4,8,12,0.33
HPNM,12,18,30,0.4
HPNN,12,27,39,0.31
HPNP,26,24,50,0.52
HPNS,11,13,24,0.46
HPNb,17,15,32,0.53
HPNh,5,2,7,0.71
HPNl,5,5,10,0.5
HPNm,19,17,36,0.53
HPNn,18,14,32,0.56
HPNs,18,12,30,0.6
HPNt,2,2,4,0.5
HPPB,22,17,39,0.56
HPPD,6,2,8,0.75
HPPH,5,6,11,0.45
HPPI,2,0,2,1.0
HPPK,5,3,8,0.62
HPPL,10,18,28,0.36
HPPM,29,29,58,0.5
HPPN,14,15,29,0.48
HPPP,22,23,45,0.49
HPPS,12,14,26,0.46
HPPb,16,13,29,0.55
HPPh,1,2,3,0.33
HPPl,11,12,23,0.48
HPPm,22,23,45,0.49
HPPn,16,21,37,0.43
HPPs,15,13,28,0.54
HPPt,2,2,4,0.5
HPSB,10,12,22,0.45
HPSD,5,2,7,0.71
HPSH,4,8,12,0.33
HPSI,2,0,2,1.0
HPSK,1,0,1,1.0
HPSL,7,1,8,0.88
HPSM,12,18,30,0.4
HPSN,11,7,18,0.61
HPSP,11,11,22,0.5
HPSS,14,15,29,0.48
HPSb,7,6,13,0.54
HPSh,7,7,14,0.5
HPSl,3,4,7,0.43
HPSm,16,12,28,0.57
HPSn,10,10,20,0.5
HPSs,19,9,28,0.68
HPSt,1,2,3,0.33
HPbB,17,13,30,0.57
HPbD,1,1,2,0.5
HPbH,2,2,4,0.5
HPbI,1,1,2,0.5
HPbJ,2,2,4,0.5
HPbK,0,4,4,0.0
HPbL,5,4,9,0.56
HPbM,11,16,27,0.41
HPbN,19,14,33,0.58
HPbP,19,15,34,0.56
HPbS,14,6,20,0.7
HPbb,13,15,28,0.46
HPbl,3,5,8,0.38
HPbm,20,8,28,0.71
HPbn,9,7,16,0.56
HPbs,6,8,14,0.43
HPhB,1,2,3,0.33
HPhD,2,1,3,0.67
HPhH,0,3,3,0.0
HPhL,1,1,2,0.5
HPhM,1,1,2,0.5
HPhN,0,2,2,0.0
HPhP,3,1,4,0.75
HPhS,3,1,4,0.75
HPhb,1,1,2,0.5
HPhh,3,1,4,0.75
HPhl,0,0,0,
HPhm,5,1,6,0.83
HPhn,1,1,2,0.5
HPhs,3,1,4,0.75
HPht,1,1,2,0.5
HPlB,6,6,12,0.5
HPlD,2,1,3,0.67
HPlH,4,3,7,0.57
HPlI,1,0,1,1.0
HPlJ,1,0,1,1.0
HPlL,6,2,8,0.75
HPlM,10,7,17,0.59
HPlN,4,5,9,0.44
HPlP,10,4,14,0.71
HPlS,7,5,12,0.58
HPlb,10,6,16,0.62
HPll,2,1,3,0.67
HPlm,3,8,11,0.27
HPln,3,3,6,0.5
HPls,4,3,7,0.57
HPmB,15,11,26,0.58
HPmD,6,9,15,0.4
HPmH,19,16,35,0.54
HPmI,2,0,2,1.0
HPmJ,5,4,9,0.56
HPmL,5,9,14,0.36
HPmM,20,32,52,0.38
HPmN,17,19,36,0.47
HPmP,23,18,41,0.56
HPmS,23,10,33,0.7
HPmb,23,12,35,0.66
HPml,8,8,16,0.5
HPmm,22,18,40,0.55
HPmn,18,6,24,0.75
HPms,14,7,21,0.67
HPnB,12,11,23,0.52
HPnD,5,1,6,0.83
HPnH,6,8,14,0.43
HPnI,3,3,6,0.5
HPnK,1,1,2,0.5
HPnL,6,6,12,0.5
HPnM,16,15,31,0.52
HPnN,18,16,34,0.53
HPnP,22,17,39,0.56
HPnS,9,6,15,0.6
HPnb,7,9,16,0.44
HPnl,1,4,5,0.2
HPnm,14,8,22,0.64
HPnn,12,14,26,0.46
HPns,13,10,23,0.57
HPnt,0,1,1,0.0
HPsB,8,10,18,0.44
HPsD,4,2,6,0.67
HPsH,6,9,15,0.4
HPsI,1,0,1,1.0
HPsK,3,0,3,1.0
HPsL,6,7,13,0.46
HPsM,9,17,26,0.35
HPsN,8,8,16,0.5
HPsP,14,23,37,0.38
HPsS,9,20,29,0.31
HPsb,8,9,17,0.47
HPsh,1,1,2,0.5
HPsl,4,1,5,0.8
HPsm,10,13,23,0.43
HPsn,9,6,15,0.6
HPss,5,9,14,0.36
HPtB,1,0,1,1.0
HPtH,1,1,2,0.5
HPtI,0,1,1,0.0
HPtK,0,1,1,0.0
HPtL,0,0,0,
HPtM,1,3,4,0.25
HPtN,1,1,2,0.5
HPtP,2,3,5,0.4
HPtS,1,2,3,0.33
HPtb,1,1,2,0.5
HPtl,0,2,2,0.0
HPtm,1,2,3,0.33
HPtn,2,0,2,1.0
HPts,2,1,3,0.67
HSBB,5,9,14,0.36
HSBD,1,2,3,0.33
HSBK,4,2,6,0.67
HSBL,2,3,5,0.4
HSBM,7,14,21,0.33
HSBN,8,8,16,0.5
HSBP,10,3,13,0.77
HSBS,4,6,10,0.4
HSBb,4,5,9,0.44
HSBh,0,0,0,
HSBj,1,1,2,0.5
HSBl,0,1,1,0.0
HSBm,7,15,22,0.32
HSBn,13,11,24,0.54
HSBs,8,8,16,0.5
HSBt,0,3,3,0.0
HSDB,1,0,1,1.0
HSDD,1,1,2,0.5
HSDH,1,2,3,0.33
HSDI,1,0,1,1.0
HSDL,1,1,2,0.5
HSDM,3,3,6,0.5
HSDN,2,3,5,0.4
HSDP,4,3,7,0.57
HSDS,3,2,5,0.6
HSDb,3,4,7,0.43
HSDh,0,0,0,
HSDl,1,0,1,1.0
HSDm,2,6,8,0.25
HSDn,2,2,4,0.5
HSDs,1,1,2,0.5
HSDt,0,0,0,
HSHB,2,2,4,0.5
HSHD,0,0,0,
HSHH,2,1,3,0.67
HSHI,1,0,1,1.0
HSHL,1,0,1,1.0
HSHM,7,3,10,0.7
HSHN,7,2,9,0.78
HSHP,4,2,6,0.67
HSHS,9,6,15,0.6
HSHb,3,1,4,0.75
HSHh,2,3,5,0.4
HSHl,1,4,5,0.2
HSHm,6,8,14,0.43
HSHn,1,2,3,0.33
HSHs,9,7,16,0.56
HSHt,1,0,1,1.0
HSIH,0,0,0,
HSIM,1,0,1,1.0
HSIP,0,0,0,
HSIS,1,1,2,0.5
HSIb,1,0,1,1.0
HSIm,2,0,2,1.0
HSIs,1,1,2,0.5
HSIt,1,0,1,1.0
HSKB,0,1,1,0.0
HSKL,0,0,0,
HSKM,1,0,1,1.0
HSKN,1,0,1,1.0
HSKP,1,0,1,1.0
HSKS,1,0,1,1.0
HSKb,0,2,2,0.0
HSKs,0,3,3,0.0
HSLB,2,1,3,0.67
HSLD,1,0,1,1.0
HSLK,1,0,1,1.0
HSLL,1,0,1,1.0
HSLM,0,6,6,0.0
HSLN,5,3,8,0.62
HSLP,3,4,7,0.43
HSLS,5,2,7,0.71
HSLb,1,3,4,0.25
HSLh,1,1,2,0.5
HSLj,2,1,3,0.67
HSLl,1,1,2,0.5
HSLm,6,3,9,0.67
HSLn,2,5,7,0.29
HSLs,2,1,3,0.67
HSMB,12,7,19,0.63
HSMD,5,2,7,0.71
HSMK,1,0,1,1.0
HSML,6,1,7,0.86
HSMM,11,9,20,0.55
HSMN,12,8,20,0.6
HSMP,11,13,24,0.46
HSMS,13,11,24,0.54
HSMb,8,8,16,0.5
HSMh,7,8,15,0.47
HSMj,0,1,1,0.0
HSMl,3,4,7,0.43
HSMm,18,21,39,0.46
HSMn,17,14,31,0.55
HSMs,8,8,16,0.5
HSMt,1,0,1,1.0
HSNB,10,9,19,0.53
HSND,1,3,4,0.25
HSNH,3,2,5,0.6
HSNK,1,3,4,0.25
HSNL,6,3,9,0.67
HSNM,6,10,16,0.38
HSNN,13,14,27,0.48
HSNP,7,7,14,0.5
HSNS,11,7,18,0.61
HSNb,9,7,16,0.56
HSNh,2,1,3,0.67
HSNl,3,2,5,0.6
HSNm,16,7,23,0.7
HSNn,8,7,15,0.53
HSNs,8,5,13,0.62
HSNt,1,1,2,0.5
HSPB,9,6,15,0.6
HSPD,6,1,7,0.86
HSPH,1,5,6,0.17
HSPI,1,1,2,0.5
HSPK,3,5,8,0.38
HSPL,4,6,10,0.4
HSPM,9,8,17,0.53
HSPN,11,8,19,0.58
HSPP,14,19,33,0.42
HSPS,8,18,26,0.31
HSPb,10,11,21,0.48
HSPh,4,3,7,0.57
HSPl,6,5,11,0.55
HSPm,15,19,34,0.44
HSPn,9,6,15,0.6
HSPs,13,1,14,0.93
HSPt,2,0,2,1.0
HSSB,11,8,19,0.58
HSSD,6,9,15,0.4
HSSH,9,9,18,0.5
HSSI,1,1,2,0.5
HSSK,1,1,2,0.5
HSSL,11,2,13,0.85
HSSM,16,15,31,0.52
HSSN,11,10,21,0.52
HSSP,14,12,26,0.54
HSSS,19,27,46,0.41
HSSb,8,15,23,0.35
HSSh,7,9,16,0.44
HSSl,4,8,12,0.33
HSSm,15,15,30,0.5
HSSn,15,16,31,0.48
HSSs,28,12,40,0.7
HSSt,2,2,4,0.5
HSbB,10,4,14,0.71
HSbD,1,1,2,0.5
HSbH,1,2,3,0.33
HSbI,1,0,1,1.0
HSbJ,1,2,3,0.33
HSbL,2,4,6,0.33
HSbM,4,14,18,0.22
HSbN,15,8,23,0.65
HSbP,6,12,18,0.33
HSbS,5,5,10,0.5
HSbb,10,6,16,0.62
HSbl,4,5,9,0.44
HSbm,2,9,11,0.18
HSbn,6,7,13,0.46
HSbs,0,1,1,0.0
HShB,2,5,7,0.29
HShD,0,0,0,
HShH,1,1,2,0.5
HShI,2,1,3,0.67
HShL,2,3,5,0.4
HShM,9,8,17,0.53
HShN,5,1,6,0.83
HShP,7,5,12,0.58
HShS,12,5,17,0.71
HShb,4,4,8,0.5
HShh,10,4,14,0.71
HShl,2,2,4,0.5
HShm,11,9,20,0.55
HShn,8,7,15,0.53
HShs,7,7,14,0.5
HSht,0,1,1,0.0
HSlB,5,5,10,0.5
HSlD,3,1,4,0.75
HSlH,3,0,3,1.0
HSlJ,1,1,2,0.5
HSlL,2,0,2,1.0
HSlM,5,3,8,0.62
HSlN,5,2,7,0.71
HSlP,1,1,2,0.5
HSlS,2,7,9,0.22
HSlb,4,0,4,1.0
HSll,2,2,4,0.5
HSlm,3,4,7,0.43
HSln,2,3,5,0.4
HSls,3,3,6,0.5
HSmB,15,10,25,0.6
HSmD,5,1,6,0.83
HSmH,13,9,22,0.59
HSmI,2,1,3,0.67
HSmJ,2,3,5,0.4
HSmK,2,0,2,1.0
HSmL,1,4,5,0.2
HSmM,14,10,24,0.58
HSmN,10,10,20,0.5
HSmP,9,11,20,0.45
HSmS,17,13,30,0.57
HSmb,9,10,19,0.47
HSml,7,3,10,0.7
HSmm,13,12,25,0.52
HSmn,6,11,17,0.35
HSms,13,6,19,0.68
HSnB,5,6,11,0.45
HSnD,2,5,7,0.29
HSnH,4,8,12,0.33
HSnI,1,4,5,0.2
HSnK,1,0,1,1.0
HSnL,2,6,8,0.25
HSnM,10,9,19,0.53
HSnN,15,7,22,0.68
HSnP,11,15,26,0.42
HSnS,10,10,20,0.5
HSnb,6,9,15,0.4
HSnl,1,1,2,0.5
HSnm,13,9,22,0.59
HSnn,9,8,17,0.53
HSns,10,8,18,0.56
HSnt,1,0,1,1.0
HSsB,5,5,10,0.5
HSsD,5,4,9,0.56
HSsH,11,11,22,0.5
HSsI,3,1,4,0.75
HSsK,2,0,2,1.0
HSsL,2,7,9,0.22
HSsM,13,17,30,0.43
HSsN,7,9,16,0.44
HSsP,5,10,15,0.33
HSsS,19,21,40,0.48
HSsb,7,7,14,0.5
HSsh,1,1,2,0.5
HSsl,3,2,5,0.6
HSsm,16,19,35,0.46
HSsn,10,9,19,0.53
HSss,21,13,34,0.62
HSst,0,0,0,
HStB,0,1,1,0.0
HStD,0,1,1,0.0
HStH,2,2,4,0.5
HStI,2,0,2,1.0
HStM,3,3,6,0.5
HStN,2,3,5,0.4
HStP,2,1,3,0.67
HStS,1,3,4,0.25
HStb,1,1,2,0.5
HStn,1,2,3,0.33
HSts,5,0,5,1.0
HbBB,7,10,17,0.41
HbBD,3,2,5,0.6
HbBH,0,1,1,0.0
HbBK,1,0,1,1.0
HbBL,4,2,6,0.67
HbBM,6,5,11,0.55
HbBN,9,10,19,0.47
HbBP,8,11,19,0.42
HbBS,6,7,13,0.46
HbBb,7,9,16,0.44
HbBh,1,2,3,0.33
HbBj,3,4,7,0.43
HbBl,5,5,10,0.5
HbBm,7,8,15,0.47
HbBn,8,12,20,0.4
HbBs,7,2,9,0.78
HbBt,0,4,4,0.0
HbDB,3,2,5,0.6
HbDD,1,0,1,1.0
HbDH,1,4,5,0.2
HbDL,2,1,3,0.67
HbDM,3,3,6,0.5
HbDN,1,5,6,0.17
HbDP,2,3,5,0.4
HbDS,0,0,0,
HbDb,2,2,4,0.5
HbDh,2,0,2,1.0
HbDl,1,0,1,1.0
HbDm,5,2,7,0.71
HbDn,1,1,2,0.5
HbHB,5,2,7,0.71
HbHK,0,0,0,
HbHL,0,1,1,0.0
HbHM,3,3,6,0.5
HbHN,1,1,2,0.5
HbHP,4,1,5,0.8
HbHS,1,2,3,0.33
HbHb,1,2,3,0.33
HbHh,2,1,3,0.67
HbHl,1,0,1,1.0
HbHm,3,3,6,0.5
HbHn,3,1,4,0.75
HbHs,2,1,3,0.67
HbIB,2,0,2,1.0
HbID,0,1,1,0.0
HbIH,2,0,2,1.0
HbIM,2,0,2,1.0
HbIN,0,1,1,0.0
HbIP,2,1,3,0.67
HbIS,0,1,1,0.0
HbIb,1,0,1,1.0
HbIn,1,1,2,0.5
HbIs,0,1,1,0.0
HbJB,2,3,5,0.4
HbJH,2,0,2,1.0
HbJI,0,3,3,0.0
HbJL,0,2,2,0.0
HbJM,2,2,4,0.5
HbJN,2,8,10,0.2
HbJP,0,3,3,0.0
HbJS,1,2,3,0.33
HbJb,2,2,4,0.5
HbJh,2,0,2,1.0
HbJl,1,0,1,1.0
HbJm,3,3,6,0.5
HbJn,1,2,3,0.33
HbJs,0,0,0,
HbJt,1,1,2,0.5
HbKB,5,2,7,0.71
HbKD,1,1,2,0.5
HbKI,0,0,0,
HbKL,0,2,2,0.0
HbKM,0,0,0,
HbKN,1,1,2,0.5
HbKP,2,3,5,0.4
HbKS,3,1,4,0.75
HbKb,0,1,1,0.0
HbKh,2,3,5,0.4
HbKl,1,1,2,0.5
HbKm,6,4,10,0.6
HbKn,0,2,2,0.0
HbKs,0,0,0,
HbLB,5,4,9,0.56
HbLD,1,1,2,0.5
HbLH,1,0,1,1.0
HbLL,1,2,3,0.33
HbLM,3,1,4,0.75
HbLN,5,1,6,0.83
HbLP,8,5,13,0.62
HbLS,3,5,8,0.38
HbLb,5,4,9,0.56
HbLh,1,2,3,0.33
HbLj,0,1,1,0.0
HbLl,1,0,1,1.0
HbLm,5,6,11,0.45
HbLn,6,2,8,0.75
HbLs,2,5,7,0.29
HbMB,11,4,15,0.73
HbMD,4,2,6,0.67
HbMH,0,1,1,0.0
HbMK,1,0,1,1.0
HbML,3,1,4,0.75
HbMM,10,9,19,0.53
HbMN,10,8,18,0.56
HbMP,12,8,20,0.6
HbMS,9,9,18,0.5
HbMb,6,10,16,0.38
HbMh,6,12,18,0.33
HbMj,2,2,4,0.5
HbMl,3,1,4,0.75
HbMm,15,14,29,0.52
HbMn,12,11,23,0.52
HbMs,9,9,18,0.5
HbMt,2,2,4,0.5
HbNB,10,11,21,0.48
HbND,0,4,4,0.0
HbNH,2,5,7,0.29
HbNK,3,0,3,1.0
HbNL,5,2,7,0.71
HbNM,19,11,30,0.63
HbNN,18,24,42,0.43
HbNP,12,14,26,0.46
HbNS,7,11,18,0.39
HbNb,8,6,14,0.57
HbNh,4,5,9,0.44
HbNl,4,1,5,0.8
HbNm,15,11,26,0.58
HbNn,11,18,29,0.38
HbNs,11,6,17,0.65
HbNt,2,1,3,0.67
HbPB,11,10,21,0.52
HbPD,1,2,3,0.33
HbPH,4,4,8,0.5
HbPI,2,0,2,1.0
HbPK,1,3,4,0.25
HbPL,2,7,9,0.22
HbPM,18,21,39,0.46
HbPN,8,12,20,0.4
HbPP,26,20,46,0.57
HbPS,11,4,15,0.73
HbPb,13,12,25,0.52
HbPh,1,2,3,0.33
HbPl,4,1,5,0.8
HbPm,15,17,32,0.47
HbPn,8,10,18,0.44
HbPs,2,6,8,0.25
HbPt,0,5,5,0.0
HbSB,5,3,8,0.62
HbSD,5,1,6,0.83
HbSH,3,0,3,1.0
HbSI,0,1,1,0.0
HbSK,1,0,1,1.0
HbSL,2,2,4,0.5
HbSM,4,13,17,0.24
HbSN,4,7,11,0.36
HbSP,3,3,6,0.5
HbSS,9,9,18,0.5
HbSb,3,1,4,0.75
HbSh,2,4,6,0.33
HbSl,3,1,4,0.75
HbSm,10,8,18,0.56
HbSn,4,4,8,0.5
HbSs,4,6,10,0.4
HbSt,0,1,1,0.0
HbbB,11,10,21,0.52
HbbD,2,0,2,1.0
HbbH,1,4,5,0.2
HbbI,1,0,1,1.0
HbbJ,1,4,5,0.2
HbbL,8,1,9,0.89
HbbM,8,12,20,0.4
HbbN,15,10,25,0.6
HbbP,25,12,37,0.68
HbbS,7,6,13,0.54
Hbbb,12,12,24,0.5
Hbbl,1,2,3,0.33
Hbbm,17,6,23,0.74
Hbbn,9,7,16,0.56
Hbbs,7,4,11,0.64
HbhI,0,1,1,0.0
Hbhm,1,0,1,1.0
HblB,2,2,4,0.5
HblH,1,1,2,0.5
HblI,1,0,1,1.0
HblJ,0,1,1,0.0
HblL,0,1,1,0.0
HblM,3,4,7,0.43
HblN,4,3,7,0.57
HblP,0,2,2,0.0
HblS,1,2,3,0.33
Hblb,4,4,8,0.5
Hbll,2,1,3,0.67
Hblm,4,4,8,0.5
Hbln,2,3,5,0.4
Hbls,0,2,2,0.0
HbmB,13,5,18,0.72
HbmD,4,1,5,0.8
HbmH,4,7,11,0.36
HbmI,0,0,0,
HbmJ,1,2,3,0.33
HbmL,6,1,7,0.86
HbmM,10,13,23,0.43
HbmN,15,14,29,0.52
HbmP,21,9,30,0.7
HbmS,2,7,9,0.22
Hbmb,9,9,18,0.5
Hbml,3,1,4,0.75
Hbmm,13,13,26,0.5
Hbmn,12,7,19,0.63
Hbms,6,4,10,0.6
HbnB,5,10,15,0.33
HbnD,2,2,4,0.5
HbnH,4,5,9,0.44
HbnI,0,0,0,
HbnK,2,2,4,0.5
HbnL,5,3,8,0.62
HbnM,11,10,21,0.52
HbnN,8,14,22,0.36
HbnP,10,12,22,0.45
HbnS,5,7,12,0.42
Hbnb,11,10,21,0.52
Hbnl,1,3,4,0.25
Hbnm,5,5,10,0.5
Hbnn,9,8,17,0.53
Hbns,5,6,11,0.45
HbsB,2,1,3,0.67
HbsD,1,1,2,0.5
HbsH,1,5,6,0.17
HbsI,1,0,1,1.0
HbsK,0,1,1,0.0
HbsL,2,1,3,0.67
HbsM,6,5,11,0.55
HbsN,3,7,10,0.3
HbsP,12,6,18,0.67
HbsS,3,3,6,0.5
Hbsb,3,5,8,0.38
Hbsm,5,4,9,0.56
Hbsn,6,1,7,0.86
Hbss,1,8,9,0.11
Hbst,0,0,0,
HhBB,6,1,7,0.86
HhBD,0,0,0,
HhBK,1,0,1,1.0
HhBL,1,2,3,0.33
HhBM,5,7,12,0.42
HhBN,6,8,14,0.43
HhBP,5,7,12,0.42
HhBS,3,2,5,0.6
HhBb,6,4,10,0.6
HhBh,0,0,0,
HhBj,0,1,1,0.0
HhBl,1,2,3,0.33
HhBm,2,8,10,0.2
HhBn,4,3,7,0.57
HhBs,4,3,7,0.57
HhDD,0,0,0,
HhDH,3,3,6,0.5
HhDM,1,1,2,0.5
HhDN,0,0,0,
HhDP,0,1,1,0.0
HhDS,2,1,3,0.67
HhDb,1,1,2,0.5
HhDm,1,2,3,0.33
HhDn,1,2,3,0.33
HhDs,0,2,2,0.0
HhHB,0,1,1,0.0
HhHH,0,0,0,
HhHI,1,0,1,1.0
HhHM,6,2,8,0.75
HhHN,1,1,2,0.5
HhHP,5,0,5,1.0
HhHS,0,2,2,0.0
HhHb,1,0,1,1.0
HhHh,1,0,1,1.0
HhHl,1,0,1,1.0
HhHm,3,1,4,0.75
HhHn,2,1,3,0.67
HhHs,2,1,3,0.67
HhIH,1,0,1,1.0
HhIM,1,1,2,0.5
HhIN,2,0,2,1.0
HhIP,0,2,2,0.0
HhIS,1,0,1,1.0
HhIb,3,0,3,1.0
HhIn,0,1,1,0.0
HhIs,2,0,2,1.0
HhKL,0,1,1,0.0
HhKS,0,0,0,
HhKb,1,0,1,1.0
HhKh,1,0,1,1.0
HhKm,3,1,4,0.75
HhLB,3,1,4,0.75
HhLD,0,1,1,0.0
HhLK,1,1,2,0.5
HhLL,1,0,1,1.0
HhLM,1,1,2,0.5
HhLN,0,5,5,0.0
HhLP,3,4,7,0.43
HhLS,0,2,2,0.0
HhLb,0,2,2,0.0
HhLj,0,1,1,0.0
HhLl,0,3,3,0.0
HhLm,3,1,4,0.75
HhLn,4,5,9,0.44
HhLs,2,2,4,0.5
HhMB,10,5,15,0.67
HhMD,2,2,4,0.5
HhMH,1,0,1,1.0
HhMK,0,1,1,0.0
HhML,2,1,3,0.67
HhMM,7,9,16,0.44
HhMN,3,7,10,0.3
HhMP,8,7,15,0.53
HhMS,7,9,16,0.44
HhMb,5,5,10,0.5
HhMh,5,13,18,0.28
HhMj,1,0,1,1.0
HhMl,3,2,5,0.6
HhMm,16,9,25,0.64
HhMn,10,3,13,0.77
HhMs,5,3,8,0.62
HhMt,1,0,1,1.0
HhNB,4,2,6,0.67
HhND,0,0,0,
HhNH,0,2,2,0.0
HhNK,2,1,3,0.67
HhNL,4,0,4,1.0
HhNM,3,6,9,0.33
HhNN,7,7,14,0.5
HhNP,4,7,11,0.36
HhNS,3,4,7,0.43
HhNb,8,2,10,0.8
HhNh,1,3,4,0.25
HhNl,0,1,1,0.0
HhNm,4,6,10,0.4
HhNn,6,5,11,0.55
HhNs,2,2,4,0.5
HhPB,7,6,13,0.54
HhPD,6,1,7,0.86
HhPH,3,2,5,0.6
HhPI,1,0,1,1.0
HhPK,1,2,3,0.33
HhPL,0,2,2,0.0
HhPM,5,14,19,0.26
HhPN,6,9,15,0.4
HhPP,5,8,13,0.38
HhPS,2,6,8,0.25
HhPb,9,5,14,0.64
HhPh,3,2,5,0.6
HhPl,1,2,3,0.33
HhPm,6,9,15,0.4
HhPn,8,5,13,0.62
HhPs,4,7,11,0.36
HhPt,2,1,3,0.67
HhSB,2,3,5,0.4
HhSD,0,2,2,0.0
HhSH,3,1,4,0.75
HhSI,1,0,1,1.0
HhSK,0,0,0,
HhSL,1,2,3,0.33
HhSM,7,13,20,0.35
HhSN,4,10,14,0.29
HhSP,6,7,13,0.46
HhSS,8,2,10,0.8
HhSb,4,6,10,0.4
HhSh,2,6,8,0.25
HhSl,2,2,4,0.5
HhSm,11,3,14,0.79
HhSn,5,5,10,0.5
HhSs,7,5,12,0.58
HhSt,0,2,2,0.0
HhbB,2,5,7,0.29
HhbD,2,0,2,1.0
HhbH,1,1,2,0.5
HhbI,1,0,1,1.0
HhbJ,0,2,2,0.0
HhbK,0,0,0,
HhbL,1,0,1,1.0
HhbM,7,9,16,0.44
HhbN,6,5,11,0.55
HhbP,7,7,14,0.5
HhbS,5,4,9,0.56
Hhbb,1,8,9,0.11
Hhbl,0,0,0,
Hhbm,5,7,12,0.42
Hhbn,5,6,11,0.45
Hhbs,1,1,2,0.5
Hhbt,1,0,1,1.0
HhhB,9,4,13,0.69
HhhH,3,4,7,0.43
HhhI,0,0,0,
HhhL,1,3,4,0.25
HhhM,6,6,12,0.5
HhhN,4,2,6,0.67
HhhP,5,2,7,0.71
HhhS,6,7,13,0.46
Hhhb,6,6,12,0.5
Hhhh,6,5,11,0.55
Hhhl,0,1,1,0.0
Hhhm,8,4,12,0.67
Hhhn,3,3,6,0.5
Hhhs,7,5,12,0.58
Hhht,1,0,1,1.0
HhlB,0,2,2,0.0
HhlD,0,1,1,0.0
HhlH,1,1,2,0.5
HhlJ,1,1,2,0.5
HhlL,1,1,2,0.5
HhlM,3,6,9,0.33
HhlN,4,0,4,1.0
HhlP,2,0,2,1.0
HhlS,2,0,2,1.0
Hhlb,0,2,2,0.0
Hhll,1,1,2,0.5
Hhlm,11,2,13,0.85
Hhln,0,2,2,0.0
Hhls,1,2,3,0.33
HhmB,10,2,12,0.83
HhmD,2,2,4,0.5
HhmH,4,8,12,0.33
HhmI,1,0,1,1.0
HhmJ,1,1,2,0.5
HhmK,0,1,1,0.0
HhmL,3,1,4,0.75
HhmM,10,15,25,0.4
HhmN,5,8,13,0.38
HhmP,6,8,14,0.43
HhmS,6,6,12,0.5
Hhmb,7,11,18,0.39
Hhml,2,0,2,1.0
Hhmm,14,12,26,0.54
Hhmn,3,4,7,0.43
Hhms,6,4,10,0.6
HhnB,4,3,7,0.57
HhnD,1,0,1,1.0
HhnH,2,2,4,0.5
HhnI,0,1,1,0.0
HhnK,1,1,2,0.5
HhnL,0,4,4,0.0
HhnM,4,12,16,0.25
HhnN,1,9,10,0.1
HhnP,5,4,9,0.56
HhnS,8,5,13,0.62
Hhnb,6,7,13,0.46
Hhnh,0,0,0,
Hhnl,1,1,2,0.5
Hhnm,9,4,13,0.69
Hhnn,6,4,10,0.6
Hhns,6,1,7,0.86
HhsB,2,4,6,0.33
HhsD,2,1,3,0.67
HhsH,4,5,9,0.44
HhsI,2,0,2,1.0
HhsL,1,1,2,0.5
HhsM,4,5,9,0.44
HhsN,5,4,9,0.56
HhsP,11,5,16,0.69
HhsS,7,7,14,0.5
Hhsb,3,2,5,0.6
Hhsh,0,0,0,
Hhsl,1,2,3,0.33
Hhsm,8,5,13,0.62
Hhsn,2,4,6,0.33
Hhss,3,9,12,0.25
HhtB,0,3,3,0.0
HhtD,1,0,1,1.0
HhtL,0,0,0,
HhtN,0,0,0,
HhtP,0,1,1,0.0
HhtS,1,1,2,0.5
Hhtb,0,1,1,0.0
Hhtm,1,0,1,1.0
HlBB,2,4,6,0.33
HlBD,3,0,3,1.0
HlBL,2,0,2,1.0
HlBM,6,4,10,0.6
HlBN,4,3,7,0.57
HlBP,4,8,12,0.33
HlBS,1,4,5,0.2
HlBb,5,2,7,0.71
HlBh,0,0,0,
HlBj,2,0,2,1.0
HlBl,1,3,4,0.25
HlBm,9,4,13,0.69
HlBn,8,3,11,0.73
HlBs,1,3,4,0.25
HlBt,2,0,2,1.0
HlDB,3,1,4,0.75
HlDL,1,0,1,1.0
HlDM,1,1,2,0.5
HlDN,2,0,2,1.0
HlDP,1,1,2,0.5
HlDS,2,1,3,0.67
HlDn,0,2,2,0.0
HlDs,3,0,3,1.0
HlHB,3,4,7,0.43
HlHD,1,0,1,1.0
HlHK,1,0,1,1.0
HlHL,2,1,3,0.67
HlHM,2,4,6,0.33
HlHN,1,2,3,0.33
HlHP,3,2,5,0.6
HlHS,1,2,3,0.33
HlHb,2,3,5,0.4
HlHh,1,2,3,0.33
HlHl,1,0,1,1.0
HlHm,1,0,1,1.0
HlHn,0,2,2,0.0
HlHs,2,1,3,0.67
HlHt,2,0,2,1.0
HlIH,1,0,1,1.0
HlIN,0,2,2,0.0
HlIP,0,1,1,0.0
HlIS,0,1,1,0.0
HlIn,1,0,1,1.0
HlIs,2,0,2,1.0
HlJB,0,2,2,0.0
HlJD,1,0,1,1.0
HlJH,2,1,3,0.67
HlJI,0,1,1,0.0
HlJL,1,0,1,1.0
HlJM,1,2,3,0.33
HlJP,2,0,2,1.0
HlJS,0,2,2,0.0
HlJb,1,2,3,0.33
HlJm,1,4,5,0.2
HlJn,0,1,1,0.0
HlJs,1,1,2,0.5
HlKP,1,0,1,1.0
HlKS,0,0,0,
HlKm,0,2,2,0.0
HlKs,1,0,1,1.0
HlLB,0,2,2,0.0
HlLD,0,1,1,0.0
HlLL,0,3,3,0.0
HlLM,2,3,5,0.4
HlLN,2,2,4,0.5
HlLP,3,2,5,0.6
HlLS,4,0,4,1.0
HlLb,2,1,3,0.67
HlLh,0,0,0,
HlLj,0,1,1,0.0
HlLl,1,0,1,1.0
HlLm,1,4,5,0.2
HlLn,3,4,7,0.43
HlLs,0,1,1,0.0
HlMB,2,3,5,0.4
HlMD,2,1,3,0.67
HlML,0,2,2,0.0
HlMM,3,7,10,0.3
HlMN,3,7,10,0.3
HlMP,9,11,20,0.45
HlMS,6,4,10,0.6
HlMb,2,2,4,0.5
HlMh,2,9,11,0.18
HlMl,2,0,2,1.0
HlMm,1,4,5,0.2
HlMn,5,5,10,0.5
HlMs,3,3,6,0.5
HlMt,0,1,1,0.0
HlNB,2,4,6,0.33
HlND,0,1,1,0.0
HlNH,1,4,5,0.2
HlNK,1,0,1,1.0
HlNL,3,0,3,1.0
HlNM,2,7,9,0.22
HlNN,11,6,17,0.65
HlNP,7,7,14,0.5
HlNS,3,7,10,0.3
HlNb,2,3,5,0.4
HlNh,0,0,0,
HlNl,2,1,3,0.67
HlNm,4,4,8,0.5
HlNn,7,4,11,0.64
HlNs,4,3,7,0.57
HlNt,2,0,2,1.0
HlPB,5,3,8,0.62
HlPD,2,0,2,1.0
HlPH,1,3,4,0.25
HlPI,0,0,0,
HlPK,1,0,1,1.0
HlPL,1,3,4,0.25
HlPM,8,3,11,0.73
HlPN,4,6,10,0.4
HlPP,6,6,12,0.5
HlPS,1,3,4,0.25
HlPb,3,5,8,0.38
HlPh,1,3,4,0.25
HlPl,3,3,6,0.5
HlPm,8,1,9,0.89
HlPn,3,2,5,0.6
HlPs,3,4,7,0.43
HlSB,2,1,3,0.67
HlSD,0,1,1,0.0
HlSH,1,2,3,0.33
HlSL,1,1,2,0.5
HlSM,3,1,4,0.75
HlSN,1,3,4,0.25
HlSP,5,2,7,0.71
HlSS,2,6,8,0.25
HlSb,1,3,4,0.25
HlSh,3,0,3,1.0
HlSl,2,2,4,0.5
HlSm,3,2,5,0.6
HlSn,4,1,5,0.8
HlSs,3,1,4,0.75
HlbB,5,4,9,0.56
HlbD,0,1,1,0.0
HlbH,2,0,2,1.0
HlbI,1,0,1,1.0
HlbJ,2,0,2,1.0
HlbK,1,1,2,0.5
HlbL,2,0,2,1.0
HlbM,6,1,7,0.86
HlbN,2,2,4,0.5
HlbP,4,2,6,0.67
HlbS,2,2,4,0.5
Hlbb,7,2,9,0.78
Hlbl,1,0,1,1.0
Hlbm,8,2,10,0.8
Hlbn,2,2,4,0.5
Hlbs,3,0,3,1.0
HlhM,0,2,2,0.0
Hlht,1,0,1,1.0
HllB,2,0,2,1.0
HllH,3,1,4,0.75
HllL,0,0,0,
HllM,1,1,2,0.5
HllN,1,1,2,0.5
HllP,0,1,1,0.0
HllS,2,0,2,1.0
Hllb,1,3,4,0.25
Hllm,3,1,4,0.75
Hlln,1,0,1,1.0
HlmB,7,4,11,0.64
HlmD,1,3,4,0.25
HlmH,4,2,6,0.67
HlmI,0,1,1,0.0
HlmK,1,0,1,1.0
HlmL,1,1,2,0.5
HlmM,1,4,5,0.2
HlmN,3,9,12,0.25
HlmP,2,3,5,0.4
HlmS,2,4,6,0.33
Hlmb,5,3,8,0.62
Hlml,0,0,0,
Hlmm,5,4,9,0.56
Hlmn,2,4,6,0.33
Hlms,2,3,5,0.4
HlnB,2,5,7,0.29
HlnD,1,0,1,1.0
HlnH,2,2,4,0.5
HlnI,1,0,1,1.0
HlnK,1,1,2,0.5
HlnL,0,2,2,0.0
HlnM,4,5,9,0.44
HlnN,7,4,11,0.64
HlnP,7,9,16,0.44
HlnS,0,2,2,0.0
Hlnb,3,1,4,0.75
Hlnl,1,0,1,1.0
Hlnm,4,2,6,0.67
Hlnn,2,4,6,0.33
Hlns,4,1,5,0.8
HlsB,1,3,4,0.25
HlsH,1,2,3,0.33
HlsI,0,1,1,0.0
HlsL,1,3,4,0.25
HlsM,2,4,6,0.33
HlsN,2,0,2,1.0
HlsP,2,1,3,0.67
HlsS,1,1,2,0.5
Hlsb,2,1,3,0.67
Hlsh,0,1,1,0.0
Hlsl,1,0,1,1.0
Hlsm,6,0,6,1.0
Hlsn,1,3,4,0.25
Hlss,3,3,6,0.5
HmBB,5,9,14,0.36
HmBD,7,1,8,0.88
HmBH,2,0,2,1.0
HmBK,0,5,5,0.0
HmBL,6,4,10,0.6
HmBM,11,14,25,0.44
HmBN,12,14,26,0.46
HmBP,16,15,31,0.52
HmBS,13,8,21,0.62
HmBb,9,13,22,0.41
HmBh,2,0,2,1.0
HmBj,2,3,5,0.4
HmBl,3,5,8,0.38
HmBm,18,13,31,0.58
HmBn,20,19,39,0.51
HmBs,8,7,15,0.53
HmBt,0,3,3,0.0
HmDB,5,6,11,0.45
HmDD,1,1,2,0.5
HmDH,1,3,4,0.25
HmDK,0,0,0,
HmDL,0,1,1,0.0
HmDM,6,5,11,0.55
HmDN,2,2,4,0.5
HmDP,3,6,9,0.33
HmDS,5,4,9,0.56
HmDb,5,1,6,0.83
HmDl,1,1,2,0.5
HmDm,6,3,9,0.67
HmDn,5,6,11,0.45
HmDs,0,4,4,0.0
HmDt,1,0,1,1.0
HmHB,6,14,20,0.3
HmHD,4,4,8,0.5
HmHH,2,2,4,0.5
HmHI,0,0,0,
HmHL,3,1,4,0.75
HmHM,14,17,31,0.45
HmHN,10,16,26,0.38
HmHP,15,11,26,0.58
HmHS,10,11,21,0.48
HmHb,8,13,21,0.38
HmHh,8,14,22,0.36
HmHl,5,6,11,0.45
HmHm,11,16,27,0.41
HmHn,12,12,24,0.5
HmHs,4,6,10,0.4
HmHt,1,0,1,1.0
HmIB,3,2,5,0.6
HmIH,1,0,1,1.0
HmIL,1,2,3,0.33
HmIM,2,1,3,0.67
HmIP,1,2,3,0.33
HmIS,0,2,2,0.0
HmIb,0,2,2,0.0
HmIm,0,1,1,0.0
HmIn,1,0,1,1.0
HmJB,0,4,4,0.0
HmJD,2,0,2,1.0
HmJH,3,0,3,1.0
HmJL,0,1,1,0.0
HmJM,6,4,10,0.6
HmJN,2,5,7,0.29
HmJP,0,4,4,0.0
HmJS,2,4,6,0.33
HmJb,2,1,3,0.67
HmJh,1,1,2,0.5
HmJl,1,0,1,1.0
HmJm,7,4,11,0.64
HmJn,4,1,5,0.8
HmJs,1,2,3,0.33
HmJt,0,1,1,0.0
HmKB,0,1,1,0.0
HmKI,0,1,1,0.0
HmKM,2,1,3,0.67
HmKh,1,0,1,1.0
HmKm,0,1,1,0.0
HmKn,0,1,1,0.0
HmKs,1,0,1,1.0
HmLB,4,3,7,0.57
HmLD,1,0,1,1.0
HmLK,0,0,0,
HmLM,5,6,11,0.45
HmLN,11,6,17,0.65
HmLP,2,10,12,0.17
HmLS,5,2,7,0.71
HmLb,5,2,7,0.71
HmLh,2,0,2,1.0
HmLj,2,0,2,1.0
HmLl,1,1,2,0.5
HmLm,7,3,10,0.7
HmLn,2,8,10,0.2
HmLs,0,4,4,0.0
HmLt,1,0,1,1.0
HmMB,11,17,28,0.39
HmMD,6,8,14,0.43
HmMK,1,1,2,0.5
HmML,3,3,6,0.5
HmMM,23,30,53,0.43
HmMN,25,22,47,0.53
HmMP,21,21,42,0.5
HmMS,14,11,25,0.56
HmMb,14,6,20,0.7
HmMh,14,10,24,0.58
HmMj,2,2,4,0.5
HmMl,4,4,8,0.5
HmMm,24,28,52,0.46
HmMn,29,31,60,0.48
HmMs,16,13,29,0.55
HmMt,3,4,7,0.43
HmNB,8,5,13,0.62
HmND,7,5,12,0.58
HmNH,5,4,9,0.56
HmNI,1,2,3,0.33
HmNK,3,2,5,0.6
HmNL,1,5,6,0.17
HmNM,11,15,26,0.42
HmNN,13,27,40,0.32
HmNP,23,28,51,0.45
HmNS,12,11,23,0.52
HmNb,12,11,23,0.52
HmNh,7,2,9,0.78
HmNl,4,6,10,0.4
HmNm,13,7,20,0.65
HmNn,15,26,41,0.37
HmNs,20,11,31,0.65
HmNt,4,3,7,0.57
HmPB,21,11,32,0.66
HmPD,4,4,8,0.5
HmPH,1,5,6,0.17
HmPI,3,1,4,0.75
HmPK,3,3,6,0.5
HmPL,3,7,10,0.3
HmPM,17,13,30,0.57
HmPN,13,13,26,0.5
HmPP,18,21,39,0.46
HmPS,9,14,23,0.39
HmPb,15,15,30,0.5
HmPh,1,0,1,1.0
HmPl,6,8,14,0.43
HmPm,19,18,37,0.51
HmPn,13,18,31,0.42
HmPs,14,17,31,0.45
HmPt,2,0,2,1.0
HmSB,8,3,11,0.73
HmSD,4,2,6,0.67
HmSH,5,7,12,0.42
HmSK,0,1,1,0.0
HmSL,1,1,2,0.5
HmSM,10,14,24,0.42
HmSN,12,11,23,0.52
HmSP,10,12,22,0.45
HmSS,17,10,27,0.63
HmSb,3,9,12,0.25
HmSh,6,10,16,0.38
HmSl,3,3,6,0.5
HmSm,12,16,28,0.43
HmSn,17,12,29,0.59
HmSs,7,8,15,0.47
HmSt,0,0,0,
HmbB,15,23,38,0.39
HmbD,3,1,4,0.75
HmbH,3,1,4,0.75
HmbI,1,0,1,1.0
HmbJ,4,4,8,0.5
HmbK,3,3,6,0.5
HmbL,5,5,10,0.5
HmbM,11,16,27,0.41
HmbN,15,14,29,0.52
HmbP,9,26,35,0.26
HmbS,3,11,14,0.21
Hmbb,12,17,29,0.41
Hmbl,3,3,6,0.5
Hmbm,11,9,20,0.55
Hmbn,15,13,28,0.54
Hmbs,4,6,10,0.4
HmhD,1,0,1,1.0
HmhM,1,0,1,1.0
HmhS,1,0,1,1.0
Hmhh,1,0,1,1.0
Hmhl,1,0,1,1.0
HmlB,4,5,9,0.44
HmlH,1,3,4,0.25
HmlJ,1,1,2,0.5
HmlL,0,2,2,0.0
HmlM,5,4,9,0.56
HmlN,4,7,11,0.36
HmlP,4,1,5,0.8
HmlS,1,1,2,0.5
Hmlb,2,4,6,0.33
Hmlh,0,1,1,0.0
Hmll,3,1,4,0.75
Hmlm,3,4,7,0.43
Hmln,1,3,4,0.25
Hmls,1,2,3,0.33
HmmB,18,13,31,0.58
HmmD,4,3,7,0.57
HmmH,13,11,24,0.54
HmmI,1,2,3,0.33
HmmJ,3,3,6,0.5
HmmK,0,2,2,0.0
HmmL,2,10,12,0.17
HmmM,18,26,44,0.41
HmmN,17,13,30,0.57
HmmP,21,18,39,0.54
HmmS,10,9,19,0.53
Hmmb,13,11,24,0.54
Hmmh,0,1,1,0.0
Hmml,4,2,6,0.67
Hmmm,24,21,45,0.53
Hmmn,11,13,24,0.46
Hmms,13,9,22,0.59
HmnB,10,12,22,0.45
HmnD,4,1,5,0.8
HmnH,5,10,15,0.33
HmnI,0,0,0,
HmnK,1,1,2,0.5
HmnL,1,6,7,0.14
HmnM,15,14,29,0.52
HmnN,20,11,31,0.65
HmnP,18,18,36,0.5
HmnS,4,8,12,0.33
Hmnb,6,7,13,0.46
Hmnl,3,2,5,0.6
Hmnm,13,15,28,0.46
Hmnn,12,10,22,0.55
Hmns,10,5,15,0.67
HmsB,10,4,14,0.71
HmsD,4,1,5,0.8
HmsH,4,7,11,0.36
HmsI,4,0,4,1.0
HmsK,0,1,1,0.0
HmsL,2,2,4,0.5
HmsM,10,6,16,0.62
HmsN,8,7,15,0.53
HmsP,7,12,19,0.37
HmsS,9,11,20,0.45
Hmsb,6,3,9,0.67
Hmsh,0,1,1,0.0
Hmsl,3,2,5,0.6
Hmsm,11,12,23,0.48
Hmsn,13,4,17,0.76
Hmss,9,9,18,0.5
HnBB,7,10,17,0.41
HnBD,2,4,6,0.33
HnBK,5,1,6,0.83
HnBL,3,0,3,1.0
HnBM,12,10,22,0.55
HnBN,5,8,13,0.38
HnBP,10,13,23,0.43
HnBS,8,5,13,0.62
HnBb,6,8,14,0.43
HnBh,2,1,3,0.67
HnBj,3,1,4,0.75
HnBl,2,5,7,0.29
HnBm,15,5,20,0.75
HnBn,8,15,23,0.35
HnBs,7,6,13,0.54
HnBt,1,0,1,1.0
HnDB,1,2,3,0.33
HnDD,2,1,3,0.67
HnDH,3,2,5,0.6
HnDI,1,0,1,1.0
HnDL,1,2,3,0.33
HnDM,4,3,7,0.57
HnDN,1,6,7,0.14
HnDP,3,3,6,0.5
HnDS,6,3,9,0.67
HnDb,1,2,3,0.33
HnDh,1,0,1,1.0
HnDl,2,1,3,0.67
HnDm,1,2,3,0.33
HnDn,1,1,2,0.5
HnDs,5,3,8,0.62
HnDt,0,0,0,
HnHB,3,9,12,0.25
HnHD,3,0,3,1.0
HnHH,1,0,1,1.0
HnHI,1,1,2,0.5
HnHK,0,2,2,0.0
HnHL,4,4,8,0.5
HnHM,6,8,14,0.43
HnHN,11,11,22,0.5
HnHP,9,10,19,0.47
HnHS,3,8,11,0.27
HnHb,3,5,8,0.38
HnHh,3,1,4,0.75
HnHl,2,1,3,0.67
HnHm,6,6,12,0.5
HnHn,9,9,18,0.5
HnHs,5,3,8,0.62
HnHt,1,0,1,1.0
HnIB,0,2,2,0.0
HnIH,3,1,4,0.75
HnIM,3,2,5,0.6
HnIN,3,1,4,0.75
HnIP,4,1,5,0.8
HnIS,2,5,7,0.29
HnIb,3,2,5,0.6
HnIl,0,1,1,0.0
HnIm,2,2,4,0.5
HnIn,1,0,1,1.0
HnIs,2,2,4,0.5
HnKB,1,2,3,0.33
HnKD,1,1,2,0.5
HnKL,0,1,1,0.0
HnKM,0,1,1,0.0
HnKN,0,0,0,
HnKP,0,3,3,0.0
HnKS,1,2,3,0.33
HnKb,0,2,2,0.0
HnKh,2,5,7,0.29
HnKm,4,0,4,1.0
HnKn,1,0,1,1.0
HnKs,0,1,1,0.0
HnKt,0,0,0,
HnLB,3,3,6,0.5
HnLD,0,1,1,0.0
HnLK,0,1,1,0.0
HnLL,2,1,3,0.67
HnLM,4,3,7,0.57
HnLN,5,2,7,0.71
HnLP,6,9,15,0.4
HnLS,3,1,4,0.75
HnLb,3,1,4,0.75
HnLh,1,1,2,0.5
HnLl,2,3,5,0.4
HnLm,0,3,3,0.0
HnLn,8,4,12,0.67
HnLs,0,6,6,0.0
HnLt,0,2,2,0.0
HnMB,6,13,19,0.32
HnMD,7,3,10,0.7
HnMK,1,1,2,0.5
HnML,1,6,7,0.14
HnMM,16,18,34,0.47
HnMN,16,15,31,0.52
HnMP,19,15,34,0.56
HnMS,7,8,15,0.47
HnMb,7,8,15,0.47
HnMh,13,10,23,0.57
HnMj,1,3,4,0.25
HnMl,6,1,7,0.86
HnMm,16,11,27,0.59
HnMn,21,29,50,0.42
HnMs,8,8,16,0.5
HnMt,0,2,2,0.0
HnNB,17,13,30,0.57
HnND,1,4,5,0.2
HnNH,3,1,4,0.75
HnNK,1,1,2,0.5
HnNL,3,6,9,0.33
HnNM,10,25,35,0.29
HnNN,16,12,28,0.57
HnNP,24,19,43,0.56
HnNS,17,9,26,0.65
HnNb,16,10,26,0.62
HnNh,9,8,17,0.53
HnNl,4,2,6,0.67
HnNm,21,11,32,0.66
HnNn,21,20,41,0.51
HnNs,11,15,26,0.42
HnNt,1,4,5,0.2
HnPB,18,14,32,0.56
HnPD,3,3,6,0.5
HnPH,0,8,8,0.0
HnPI,1,3,4,0.25
HnPK,0,5,5,0.0
HnPL,6,7,13,0.46
HnPM,21,15,36,0.58
HnPN,18,21,39,0.46
HnPP,29,22,51,0.57
HnPS,20,22,42,0.48
HnPb,21,12,33,0.64
HnPh,4,4,8,0.5
HnPl,8,5,13,0.62
HnPm,17,17,34,0.5
HnPn,14,21,35,0.4
HnPs,8,16,24,0.33
HnPt,2,4,6,0.33
HnSB,8,6,14,0.57
HnSD,0,1,1,0.0
HnSH,5,7,12,0.42
HnSI,1,0,1,1.0
HnSL,3,0,3,1.0
HnSM,10,11,21,0.48
HnSN,15,13,28,0.54
HnSP,14,8,22,0.64
HnSS,11,7,18,0.61
HnSb,4,2,6,0.67
HnSh,6,6,12,0.5
HnSl,5,2,7,0.71
HnSm,13,15,28,0.46
HnSn,13,13,26,0.5
HnSs,13,6,19,0.68
HnSt,0,2,2,0.0
HnbB,7,8,15,0.47
HnbD,2,2,4,0.5
HnbI,2,0,2,1.0
HnbJ,5,1,6,0.83
HnbK,0,7,7,0.0
HnbL,2,4,6,0.33
HnbM,10,11,21,0.48
HnbN,16,14,30,0.53
HnbP,7,19,26,0.27
HnbS,7,7,14,0.5
Hnbb,11,14,25,0.44
Hnbl,2,3,5,0.4
Hnbm,15,9,24,0.62
Hnbn,12,11,23,0.52
Hnbs,1,4,5,0.2
HnhB,1,0,1,1.0
HnhD,0,0,0,
HnhH,2,0,2,1.0
HnhM,0,2,2,0.0
HnhP,2,0,2,1.0
HnhS,1,3,4,0.25
Hnhb,1,2,3,0.33
Hnhh,0,1,1,0.0
Hnhl,3,0,3,1.0
Hnhm,0,1,1,0.0
Hnhn,0,1,1,0.0
Hnhs,2,0,2,1.0
HnlB,1,4,5,0.2
HnlD,0,1,1,0.0
HnlH,2,3,5,0.4
HnlJ,1,0,1,1.0
HnlK,0,1,1,0.0
HnlL,0,3,3,0.0
HnlM,6,1,7,0.86
HnlN,4,7,11,0.36
HnlP,4,2,6,0.67
HnlS,2,1,3,0.67
Hnlb,2,3,5,0.4
Hnll,2,0,2,1.0
Hnlm,2,6,8,0.25
Hnln,2,3,5,0.4
Hnls,1,3,4,0.25
HnmB,11,8,19,0.58
HnmD,2,7,9,0.22
HnmH,10,7,17,0.59
HnmI,3,1,4,0.75
HnmJ,2,1,3,0.67
HnmK,0,1,1,0.0
HnmL,7,2,9,0.78
HnmM,25,12,37,0.68
HnmN,11,10,21,0.52
HnmP,11,19,30,0.37
HnmS,4,9,13,0.31
Hnmb,11,15,26,0.42
Hnml,2,4,6,0.33
Hnmm,7,11,18,0.39
Hnmn,12,8,20,0.6
Hnms,2,7,9,0.22
HnnB,15,8,23,0.65
HnnD,5,3,8,0.62
HnnH,9,10,19,0.47
HnnI,2,0,2,1.0
HnnK,2,1,3,0.67
HnnL,4,3,7,0.57
HnnM,15,20,35,0.43
HnnN,17,14,31,0.55
HnnP,14,12,26,0.54
HnnS,11,5,16,0.69
Hnnb,10,10,20,0.5
Hnnh,0,1,1,0.0
Hnnl,6,2,8,0.75
Hnnm,17,9,26,0.65
Hnnn,17,11,28,0.61
Hnns,9,7,16,0.56
HnsB,9,7,16,0.56
HnsD,2,3,5,0.4
HnsH,8,9,17,0.47
HnsI,1,0,1,1.0
HnsL,3,5,8,0.38
HnsM,9,11,20,0.45
HnsN,8,10,18,0.44
HnsP,12,9,21,0.57
HnsS,13,10,23,0.57
Hnsb,5,7,12,0.42
Hnsh,0,0,0,
Hnsl,1,0,1,1.0
Hnsm,7,4,11,0.64
Hnsn,6,5,11,0.55
Hnss,7,10,17,0.41
Hnst,1,0,1,1.0
HntH,1,0,1,1.0
HntN,0,1,1,0.0
Hnth,1,0,1,1.0
Hntm,0,1,1,0.0
HsBB,8,5,13,0.62
HsBD,1,4,5,0.2
HsBK,1,0,1,1.0
HsBL,5,5,10,0.5
HsBM,3,9,12,0.25
HsBN,9,6,15,0.6
HsBP,7,11,18,0.39
HsBS,1,2,3,0.33
HsBb,8,2,10,0.8
HsBh,0,1,1,0.0
HsBj,1,0,1,1.0
HsBl,3,2,5,0.6
HsBm,6,10,16,0.38
HsBn,9,7,16,0.56
HsBs,4,6,10,0.4
HsBt,1,0,1,1.0
HsDB,0,2,2,0.0
HsDD,2,1,3,0.67
HsDH,2,3,5,0.4
HsDL,0,1,1,0.0
HsDM,1,3,4,0.25
HsDN,2,4,6,0.33
HsDP,1,1,2,0.5
HsDS,2,1,3,0.67
HsDb,0,4,4,0.0
HsDl,1,3,4,0.25
HsDm,5,3,8,0.62
HsDn,4,1,5,0.8
HsDs,1,2,3,0.33
HsHB,11,6,17,0.65
HsHD,4,3,7,0.57
HsHH,3,3,6,0.5
HsHI,3,0,3,1.0
HsHK,0,1,1,0.0
HsHL,6,6,12,0.5
HsHM,16,11,27,0.59
HsHN,9,7,16,0.56
HsHP,15,8,23,0.65
HsHS,14,14,28,0.5
HsHb,6,7,13,0.46
HsHh,10,5,15,0.67
HsHl,4,2,6,0.67
HsHm,13,8,21,0.62
HsHn,13,6,19,0.68
HsHs,12,17,29,0.41
HsHt,2,3,5,0.4
HsIB,0,1,1,0.0
HsID,0,2,2,0.0
HsIH,2,2,4,0.5
HsIL,0,1,1,0.0
HsIM,3,2,5,0.6
HsIN,2,2,4,0.5
HsIP,1,1,2,0.5
HsIS,3,2,5,0.6
HsIb,0,1,1,0.0
HsIl,1,0,1,1.0
HsIm,1,3,4,0.25
HsIn,2,1,3,0.67
HsIs,4,0,4,1.0
HsIt,1,0,1,1.0
HsKB,1,0,1,1.0
HsKM,1,0,1,1.0
HsKP,0,0,0,
HsKb,0,1,1,0.0
HsKh,2,0,2,1.0
HsKs,0,1,1,0.0
HsLB,6,3,9,0.67
HsLD,1,1,2,0.5
HsLK,1,1,2,0.5
HsLL,0,3,3,0.0
HsLM,5,7,12,0.42
HsLN,4,2,6,0.67
HsLP,1,2,3,0.33
HsLS,3,4,7,0.43
HsLb,2,2,4,0.5
HsLh,1,3,4,0.25
HsLj,2,0,2,1.0
HsLl,1,3,4,0.25
HsLm,4,3,7,0.57
HsLn,3,3,6,0.5
HsLs,3,4,7,0.43
HsMB,8,9,17,0.47
HsMD,0,1,1,0.0
HsMH,0,1,1,0.0
HsML,5,5,10,0.5
HsMM,10,13,23,0.43
HsMN,14,11,25,0.56
HsMP,12,12,24,0.5
HsMS,6,14,20,0.3
HsMb,6,9,15,0.4
HsMh,6,8,14,0.43
HsMj,1,1,2,0.5
HsMl,4,7,11,0.36
HsMm,21,17,38,0.55
HsMn,14,12,26,0.54
HsMs,10,5,15,0.67
HsMt,1,1,2,0.5
HsNB,5,6,11,0.45
HsND,2,2,4,0.5
HsNH,3,2,5,0.6
HsNI,1,1,2,0.5
HsNK,0,0,0,
HsNL,5,6,11,0.45
HsNM,9,10,19,0.47
HsNN,6,14,20,0.3
HsNP,20,17,37,0.54
HsNS,11,8,19,0.58
HsNb,3,7,10,0.3
HsNh,3,5,8,0.38
HsNl,3,1,4,0.75
HsNm,12,9,21,0.57
HsNn,19,13,32,0.59
HsNs,9,6,15,0.6
HsNt,3,4,7,0.43
HsPB,10,6,16,0.62
HsPD,4,3,7,0.57
HsPH,7,4,11,0.64
HsPK,2,1,3,0.67
HsPL,7,5,12,0.58
HsPM,9,14,23,0.39
HsPN,9,14,23,0.39
HsPP,15,16,31,0.48
HsPS,11,9,20,0.55
HsPb,14,6,20,0.7
HsPh,0,0,0,
HsPl,4,3,7,0.57
HsPm,16,11,27,0.59
HsPn,15,2,17,0.88
HsPs,9,9,18,0.5
HsPt,2,0,2,1.0
HsSB,2,12,14,0.14
HsSD,4,3,7,0.57
HsSH,8,2,10,0.8
HsSK,1,1,2,0.5
HsSL,4,5,9,0.44
HsSM,13,26,39,0.33
HsSN,15,13,28,0.54
HsSP,11,16,27,0.41
HsSS,25,20,45,0.56
HsSb,6,6,12,0.5
HsSh,6,9,15,0.4
HsSl,2,1,3,0.67
HsSm,13,12,25,0.52
HsSn,13,11,24,0.54
HsSs,19,17,36,0.53
HsSt,3,2,5,0.6
HsbB,7,3,10,0.7
HsbD,0,0,0,
HsbH,4,0,4,1.0
HsbJ,4,0,4,1.0
HsbK,2,1,3,0.67
HsbL,0,2,2,0.0
HsbM,12,12,24,0.5
HsbN,13,5,18,0.72
HsbP,13,6,19,0.68
HsbS,2,4,6,0.33
Hsbb,6,8,14,0.43
Hsbl,2,4,6,0.33
Hsbm,7,7,14,0.5
Hsbn,11,7,18,0.61
Hsbs,4,1,5,0.8
HshB,2,1,3,0.67
HshL,1,0,1,1.0
HshM,0,1,1,0.0
HshN,2,0,2,1.0
HshP,1,3,4,0.25
HshS,0,1,1,0.0
Hshb,0,2,2,0.0
Hshh,1,1,2,0.5
Hshl,1,0,1,1.0
Hshs,0,2,2,0.0
HslB,5,4,9,0.56
HslH,1,1,2,0.5
HslJ,1,0,1,1.0
HslK,0,0,0,
HslL,1,1,2,0.5
HslM,3,3,6,0.5
HslN,4,3,7,0.57
HslP,3,2,5,0.6
HslS,2,1,3,0.67
Hslb,2,1,3,0.67
Hslm,6,1,7,0.86
Hsln,0,4,4,0.0
Hsls,4,2,6,0.67
HsmB,13,9,22,0.59
HsmD,3,4,7,0.43
HsmH,8,12,20,0.4
HsmI,1,0,1,1.0
HsmJ,3,3,6,0.5
HsmK,0,1,1,0.0
HsmL,2,4,6,0.33
HsmM,9,19,28,0.32
HsmN,13,10,23,0.57
HsmP,10,12,22,0.45
HsmS,5,8,13,0.38
Hsmb,17,10,27,0.63
Hsml,2,4,6,0.33
Hsmm,9,6,15,0.6
Hsmn,9,14,23,0.39
Hsms,6,4,10,0.6
HsnB,8,6,14,0.57
HsnD,3,1,4,0.75
HsnH,4,3,7,0.57
HsnI,2,0,2,1.0
HsnK,0,2,2,0.0
HsnL,2,1,3,0.67
HsnM,10,13,23,0.43
HsnN,14,13,27,0.52
HsnP,12,15,27,0.44
HsnS,8,11,19,0.42
Hsnb,10,7,17,0.59
Hsnh,0,1,1,0.0
Hsnl,5,4,9,0.56
Hsnm,12,10,22,0.55
Hsnn,12,6,18,0.67
Hsns,7,4,11,0.64
HssB,4,2,6,0.67
HssD,4,3,7,0.57
HssH,10,13,23,0.43
HssI,3,0,3,1.0
HssK,0,1,1,0.0
HssL,1,4,5,0.2
HssM,11,14,25,0.44
HssN,8,13,21,0.38
HssP,12,11,23,0.52
HssS,10,18,28,0.36
Hssb,8,9,17,0.47
Hssh,2,0,2,1.0
Hssl,2,5,7,0.29
Hssm,6,7,13,0.46
Hssn,10,5,15,0.67
Hsss,14,19,33,0.42
HstB,1,0,1,1.0
HstH,1,0,1,1.0
HstS,0,1,1,0.0
Hstm,0,1,1,0.0
Hstn,1,0,1,1.0
HtBB,0,0,0,
HtBD,0,0,0,
HtBL,1,1,2,0.5
HtBM,1,0,1,1.0
HtBP,0,2,2,0.0
HtBS,0,1,1,0.0
HtBb,1,1,2,0.5
HtBm,2,2,4,0.5
HtBn,0,1,1,0.0
HtDM,0,0,0,
HtDP,0,1,1,0.0
HtHH,0,1,1,0.0
HtHL,0,2,2,0.0
HtHM,1,1,2,0.5
HtHN,1,0,1,1.0
HtHS,0,0,0,
HtHb,2,0,2,1.0
HtHh,1,0,1,1.0
HtHm,1,0,1,1.0
HtHn,3,0,3,1.0
HtID,1,0,1,1.0
HtKB,1,0,1,1.0
HtKP,1,0,1,1.0
HtKS,0,1,1,0.0
HtKn,0,1,1,0.0
HtLL,0,0,0,
HtLM,1,0,1,1.0
HtLP,1,0,1,1.0
HtLs,0,1,1,0.0
HtMB,0,1,1,0.0
HtMD,1,0,1,1.0
HtML,0,0,0,
HtMM,1,1,2,0.5
HtMN,0,1,1,0.0
HtMP,0,3,3,0.0
HtMS,0,5,5,0.0
HtMh,0,3,3,0.0
HtMm,2,4,6,0.33
HtMn,0,2,2,0.0
HtMs,0,0,0,
HtNB,1,1,2,0.5
HtND,1,0,1,1.0
HtNI,0,1,1,0.0
HtNL,2,0,2,1.0
HtNM,0,1,1,0.0
HtNN,1,1,2,0.5
HtNS,0,2,2,0.0
HtNm,2,1,3,0.67
HtNn,2,1,3,0.67
HtNs,0,0,0,
HtPB,0,1,1,0.0
HtPD,0,1,1,0.0
HtPH,0,2,2,0.0
HtPI,0,1,1,0.0
HtPL,0,1,1,0.0
HtPM,0,1,1,0.0
HtPN,0,2,2,0.0
HtPP,1,0,1,1.0
HtPS,1,1,2,0.5
HtPb,2,1,3,0.67
HtPm,2,2,4,0.5
HtPn,1,1,2,0.5
HtPs,1,0,1,1.0
HtPt,1,0,1,1.0
HtSB,1,0,1,1.0
HtSH,0,0,0,
HtSM,2,2,4,0.5
HtSN,0,1,1,0.0
HtSP,0,1,1,0.0
HtSS,2,0,2,1.0
HtSb,0,1,1,0.0
HtSm,1,0,1,1.0
HtSn,2,0,2,1.0
HtSs,1,1,2,0.5
HtSt,0,0,0,
HtbB,1,1,2,0.5
HtbH,0,0,0,
HtbN,1,1,2,0.5
HtbP,4,1,5,0.8
HtbS,1,0,1,1.0
Htbb,0,1,1,0.0
Htbl,1,0,1,1.0
Htbm,2,0,2,1.0
Htbs,1,1,2,0.5
HthN,1,0,1,1.0
HtlB,0,1,1,0.0
HtlH,0,0,0,
HtlM,1,0,1,1.0
HtlN,1,0,1,1.0
HtlP,0,1,1,0.0
HtlS,2,0,2,1.0
Htlm,2,0,2,1.0
Htln,0,1,1,0.0
HtmB,1,0,1,1.0
HtmH,0,2,2,0.0
HtmJ,1,0,1,1.0
HtmL,0,1,1,0.0
HtmM,1,2,3,0.33
HtmN,0,2,2,0.0
HtmP,1,0,1,1.0
HtmS,1,4,5,0.2
Htmb,3,1,4,0.75
Html,1,0,1,1.0
Htmm,2,1,3,0.67
Htmn,0,1,1,0.0
Htms,1,1,2,0.5
HtnB,2,1,3,0.67
HtnI,1,0,1,1.0
HtnM,0,0,0,
HtnN,0,1,1,0.0
HtnP,0,2,2,0.0
HtnS,0,0,0,
Htnb,1,0,1,1.0
Htnm,1,0,1,1.0
Htnn,0,0,0,
Htns,0,0,0,
HtsB,2,0,2,1.0
HtsH,0,2,2,0.0
HtsM,3,1,4,0.75
HtsN,2,0,2,1.0
HtsP,0,2,2,0.0
HtsS,1,0,1,1.0
Htsb,1,1,2,0.5
Htsl,0,1,1,0.0
Htsm,0,1,1,0.0
Htsn,2,1,3,0.67
Htst,0,1,1,0.0
HttB,1,0,1,1.0
HttS,1,0,1,1.0
IBBB,6,3,9,0.67
IBBD,0,0,0,
IBBM,1,3,4,0.25
IBBN,3,1,4,0.75
IBBP,2,1,3,0.67
IBBS,0,3,3,0.0
IBBb,1,0,1,1.0
IBBj,0,1,1,0.0
IBBl,0,1,1,0.0
IBBm,2,2,4,0.5
IBBn,3,2,5,0.6
IBBs,0,1,1,0.0
IBBt,0,0,0,
IBDB,0,0,0,
IBDL,1,0,1,1.0
IBDN,1,1,2,0.5
IBDP,1,0,1,1.0
IBDS,1,0,1,1.0
IBDb,1,1,2,0.5
IBDl,1,0,1,1.0
IBDm,0,0,0,
IBDs,0,1,1,0.0
IBHS,0,1,1,0.0
IBIL,0,0,0,
IBKB,0,1,1,0.0
IBKD,1,0,1,1.0
IBKM,0,1,1,0.0
IBKN,1,1,2,0.5
IBKb,3,0,3,1.0
IBKh,0,0,0,
IBKl,1,0,1,1.0
IBKm,0,1,1,0.0
IBKn,1,0,1,1.0
IBLB,1,0,1,1.0
IBLL,1,0,1,1.0
IBLN,0,1,1,0.0
IBLP,1,2,3,0.33
IBLS,0,1,1,0.0
IBLb,0,1,1,0.0
IBLh,2,0,2,1.0
IBLn,0,0,0,
IBLs,1,0,1,1.0
IBMB,2,3,5,0.4
IBML,0,1,1,0.0
IBMM,1,2,3,0.33
IBMN,1,3,4,0.25
IBMP,0,2,2,0.0
IBMS,0,3,3,0.0
IBMb,0,2,2,0.0
IBMh,4,4,8,0.5
IBMl,1,1,2,0.5
IBMm,2,2,4,0.5
IBMn,3,1,4,0.75
IBMs,0,2,2,0.0
IBMt,0,1,1,0.0
IBNB,4,1,5,0.8
IBND,1,0,1,1.0
IBNK,0,0,0,
IBNL,1,0,1,1.0
IBNM,2,3,5,0.4
IBNN,3,1,4,0.75
IBNP,2,2,4,0.5
IBNS,0,1,1,0.0
IBNb,1,1,2,0.5
IBNh,1,1,2,0.5
IBNl,2,1,3,0.67
IBNm,0,4,4,0.0
IBNn,2,1,3,0.67
IBNs,2,2,4,0.5
IBPB,4,1,5,0.8
IBPH,0,1,1,0.0
IBPL,1,2,3,0.33
IBPM,0,4,4,0.0
IBPN,3,2,5,0.6
IBPP,8,1,9,0.89
IBPS,1,1,2,0.5
IBPb,2,1,3,0.67
IBPl,2,0,2,1.0
IBPm,3,2,5,0.6
IBPn,3,3,6,0.5
IBPs,1,2,3,0.33
IBSB,0,4,4,0.0
IBSH,1,0,1,1.0
IBSL,0,3,3,0.0
IBSM,1,3,4,0.25
IBSN,0,2,2,0.0
IBSP,3,1,4,0.75
IBSS,3,1,4,0.75
IBSb,1,2,3,0.33
IBSh,1,1,2,0.5
IBSl,1,1,2,0.5
IBSm,1,2,3,0.33
IBSn,0,1,1,0.0
IBSs,3,1,4,0.75
IBbB,3,1,4,0.75
IBbH,1,1,2,0.5
IBbI,1,0,1,1.0
IBbJ,1,0,1,1.0
IBbM,1,1,2,0.5
IBbN,4,3,7,0.57
IBbP,2,2,4,0.5
IBbS,0,3,3,0.0
IBbb,1,2,3,0.33
IBbm,4,0,4,1.0
IBbn,0,0,0,
IBbs,2,1,3,0.67
IBhL,1,0,1,1.0
IBhM,0,1,1,0.0
IBhN,0,1,1,0.0
IBhb,0,0,0,
IBhm,2,1,3,0.67
IBjB,0,2,2,0.0
IBjL,0,1,1,0.0
IBjM,0,2,2,0.0
IBjN,2,0,2,1.0
IBjS,0,1,1,0.0
IBjb,0,0,0,
IBjh,0,1,1,0.0
IBlB,0,1,1,0.0
IBlH,1,0,1,1.0
IBlL,0,0,0,
IBlM,1,0,1,1.0
IBlN,1,1,2,0.5
IBlP,1,0,1,1.0
IBlS,0,1,1,0.0
IBlb,3,1,4,0.75
IBll,0,1,1,0.0
IBlm,0,0,0,
IBls,1,1,2,0.5
IBmB,2,1,3,0.67
IBmD,1,0,1,1.0
IBmH,2,1,3,0.67
IBmI,1,0,1,1.0
IBmL,1,0,1,1.0
IBmM,5,1,6,0.83
IBmN,3,7,10,0.3
IBmP,6,1,7,0.86
IBmS,1,2,3,0.33
IBmb,1,0,1,1.0
IBmh,1,0,1,1.0
IBml,1,0,1,1.0
IBmm,5,1,6,0.83
IBmn,5,0,5,1.0
IBms,3,1,4,0.75
IBnB,1,1,2,0.5
IBnD,0,2,2,0.0
IBnH,3,0,3,1.0
IBnI,1,0,1,1.0
IBnL,0,0,0,
IBnM,2,5,7,0.29
IBnN,6,7,13,0.46
IBnP,3,4,7,0.43
IBnS,1,2,3,0.33
IBnb,3,1,4,0.75
IBnl,1,0,1,1.0
IBnm,2,4,6,0.33
IBnn,4,5,9,0.44
IBns,3,3,6,0.5
IBsB,1,0,1,1.0
IBsH,1,2,3,0.33
IBsM,1,1,2,0.5
IBsN,2,2,4,0.5
IBsP,0,0,0,
IBsS,2,1,3,0.67
IBsl,1,0,1,1.0
IBsm,3,1,4,0.75
IBsn,2,1,3,0.67
IBss,0,1,1,0.0
IBtB,1,0,1,1.0
IBtH,1,1,2,0.5
IBtN,1,0,1,1.0
IBtP,0,0,0,
IBtS,0,1,1,0.0
IBtb,0,1,1,0.0
IDBL,1,0,1,1.0
IDBM,1,0,1,1.0
IDBN,2,1,3,0.67
IDBP,0,2,2,0.0
IDBS,0,2,2,0.0
IDBb,1,0,1,1.0
IDBm,2,3,5,0.4
IDBn,1,1,2,0.5
IDBs,1,1,2,0.5
IDDB,0,1,1,0.0
IDDM,1,0,1,1.0
IDDP,0,1,1,0.0
IDDb,0,1,1,0.0
IDDm,0,2,2,0.0
IDDn,1,0,1,1.0
IDHB,1,1,2,0.5
IDHM,1,2,3,0.33
IDHP,0,2,2,0.0
IDHb,0,2,2,0.0
IDHh,1,0,1,1.0
IDHm,0,0,0,
IDHn,0,1,1,0.0
IDIM,1,0,1,1.0
IDIS,0,1,1,0.0
IDLB,0,1,1,0.0
IDLD,1,0,1,1.0
IDLM,0,1,1,0.0
IDLN,1,0,1,1.0
IDLP,1,0,1,1.0
IDLh,0,1,1,0.0
IDLj,0,0,0,
IDLl,0,1,1,0.0
IDLs,1,0,1,1.0
IDMB,0,2,2,0.0
IDMM,1,1,2,0.5
IDMN,1,0,1,1.0
IDMP,1,2,3,0.33
IDMS,0,1,1,0.0
IDMb,1,0,1,1.0
IDMh,0,1,1,0.0
IDMl,0,0,0,
IDMm,1,2,3,0.33
IDMn,1,2,3,0.33
IDMs,0,1,1,0.0
IDNB,1,0,1,1.0
IDND,0,1,1,0.0
IDNH,0,0,0,
IDNK,0,1,1,0.0
IDNM,1,0,1,1.0
IDNN,1,0,1,1.0
IDNP,1,2,3,0.33
IDNS,0,1,1,0.0
IDNb,3,0,3,1.0
IDNm,0,2,2,0.0
IDNn,2,0,2,1.0
IDNs,1,0,1,1.0
IDPB,0,1,1,0.0
IDPD,1,0,1,1.0
IDPL,0,1,1,0.0
IDPM,0,2,2,0.0
IDPN,1,0,1,1.0
IDPP,1,0,1,1.0
IDPS,1,1,2,0.5
IDPl,1,0,1,1.0
IDPm,2,0,2,1.0
IDPn,0,1,1,0.0
IDPs,1,0,1,1.0
IDSB,1,0,1,1.0
IDSD,1,0,1,1.0
IDSH,1,0,1,1.0
IDSL,0,1,1,0.0
IDSM,1,0,1,1.0
IDSN,1,0,1,1.0
IDSP,0,3,3,0.0
IDSS,1,2,3,0.33
IDSb,1,1,2,0.5
IDSh,0,2,2,0.0
IDSl,0,0,0,
IDSm,1,0,1,1.0
IDSs,2,0,2,1.0
IDbB,1,0,1,1.0
IDbD,1,0,1,1.0
IDbH,1,0,1,1.0
IDbL,0,0,0,
IDbM,0,1,1,0.0
IDbN,1,0,1,1.0
IDbP,1,0,1,1.0
IDbS,1,0,1,1.0
IDbb,1,0,1,1.0
IDbl,0,1,1,0.0
IDbm,2,1,3,0.67
IDbs,0,0,0,
IDhm,0,1,1,0.0
IDlB,0,1,1,0.0
IDlH,1,0,1,1.0
IDlM,1,0,1,1.0
IDlN,1,1,2,0.5
IDlb,1,0,1,1.0
IDlm,1,0,1,1.0
IDmB,2,1,3,0.67
IDmH,1,0,1,1.0
IDmM,1,1,2,0.5
IDmN,0,1,1,0.0
IDmP,0,1,1,0.0
IDmS,1,0,1,1.0
IDmb,1,1,2,0.5
IDmm,2,1,3,0.67
IDmn,2,0,2,1.0
IDnB,1,0,1,1.0
IDnM,0,0,0,
IDnN,1,0,1,1.0
IDnP,0,1,1,0.0
IDnl,1,0,1,1.0
IDnm,0,1,1,0.0
IDnn,0,1,1,0.0
IDsB,1,0,1,1.0
IDsD,1,0,1,1.0
IDsH,0,1,1,0.0
IDsI,1,0,1,1.0
IDsL,1,0,1,1.0
IDsM,1,2,3,0.33
IDsN,0,1,1,0.0
IDsS,1,1,2,0.5
IDsl,1,1,2,0.5
IDsm,1,0,1,1.0
IDss,0,1,1,0.0
IDtP,0,1,1,0.0
IHBB,1,2,3,0.33
IHBD,0,1,1,0.0
IHBK,1,0,1,1.0
IHBL,0,1,1,0.0
IHBM,1,0,1,1.0
IHBN,2,1,3,0.67
IHBP,2,3,5,0.4
IHBS,4,1,5,0.8
IHBb,4,1,5,0.8
IHBj,1,0,1,1.0
IHBl,0,0,0,
IHBm,1,2,3,0.33
IHBn,1,1,2,0.5
IHBs,2,1,3,0.67
IHBt,1,0,1,1.0
IHDB,0,0,0,
IHDM,2,0,2,1.0
IHDN,1,0,1,1.0
IHDP,0,1,1,0.0
IHDS,0,0,0,
IHDm,0,1,1,0.0
IHHB,1,0,1,1.0
IHHI,0,1,1,0.0
IHHM,1,2,3,0.33
IHHN,1,1,2,0.5
IHHS,2,0,2,1.0
IHHm,1,0,1,1.0
IHHn,1,0,1,1.0
IHHs,0,2,2,0.0
IHIM,0,1,1,0.0
IHIN,0,1,1,0.0
IHIP,1,1,2,0.5
IHIS,1,0,1,1.0
IHIb,0,1,1,0.0
IHIm,0,1,1,0.0
IHKB,1,0,1,1.0
IHKN,0,1,1,0.0
IHKS,0,0,0,
IHKh,0,0,0,
IHKm,0,0,0,
IHKs,0,1,1,0.0
IHLB,1,1,2,0.5
IHLN,1,0,1,1.0
IHLP,1,1,2,0.5
IHLS,0,1,1,0.0
IHLh,0,0,0,
IHLl,1,0,1,1.0
IHLm,0,2,2,0.0
IHLn,2,0,2,1.0
IHLs,1,0,1,1.0
IHLt,0,1,1,0.0
IHMB,3,1,4,0.75
IHMD,0,0,0,
IHMK,0,1,1,0.0
IHML,1,1,2,0.5
IHMM,2,7,9,0.22
IHMN,3,6,9,0.33
IHMP,2,1,3,0.67
IHMS,2,2,4,0.5
IHMb,2,3,5,0.4
IHMh,0,3,3,0.0
IHMl,0,2,2,0.0
IHMm,3,4,7,0.43
IHMn,2,7,9,0.22
IHMs,0,2,2,0.0
IHNB,1,3,4,0.25
IHND,1,0,1,1.0
IHNH,1,0,1,1.0
IHNM,2,2,4,0.5
IHNN,2,2,4,0.5
IHNP,6,0,6,1.0
IHNS,1,1,2,0.5
IHNb,3,2,5,0.6
IHNl,0,3,3,0.0
IHNm,1,1,2,0.5
IHNn,2,2,4,0.5
IHNs,3,0,3,1.0
IHPB,2,0,2,1.0
IHPH,1,1,2,0.5
IHPL,1,1,2,0.5
IHPM,2,4,6,0.33
IHPN,5,3,8,0.62
IHPP,7,2,9,0.78
IHPS,1,1,2,0.5
IHPb,5,0,5,1.0
IHPh,0,0,0,
IHPl,2,1,3,0.67
IHPm,5,3,8,0.62
IHPn,2,0,2,1.0
IHPs,1,1,2,0.5
IHPt,0,1,1,0.0
IHSB,0,0,0,
IHSD,0,1,1,0.0
IHSH,0,1,1,0.0
IHSI,1,0,1,1.0
IHSM,1,2,3,0.33
IHSN,1,0,1,1.0
IHSP,2,3,5,0.4
IHSS,1,1,2,0.5
IHSb,1,1,2,0.5
IHSh,1,2,3,0.33
IHSl,1,3,4,0.25
IHSm,3,2,5,0.6
IHSn,1,1,2,0.5
IHSs,1,6,7,0.14
IHbB,1,0,1,1.0
IHbD,0,0,0,
IHbH,0,0,0,
IHbJ,1,1,2,0.5
IHbK,1,0,1,1.0
IHbM,1,3,4,0.25
IHbN,2,2,4,0.5
IHbP,2,3,5,0.4
IHbb,5,1,6,0.83
IHbl,0,0,0,
IHbm,0,0,0,
IHbn,0,3,3,0.0
IHhB,1,0,1,1.0
IHhH,0,0,0,
IHhI,1,1,2,0.5
IHhL,1,2,3,0.33
IHhM,0,2,2,0.0
IHhN,2,0,2,1.0
IHhP,0,0,0,
IHhS,1,0,1,1.0
IHhb,1,1,2,0.5
IHhh,0,1,1,0.0
IHhl,1,1,2,0.5
IHhm,1,2,3,0.33
IHhs,1,1,2,0.5
IHht,0,0,0,
IHlB,1,0,1,1.0
IHlH,1,0,1,1.0
IHlK,0,2,2,0.0
IHlM,0,2,2,0.0
IHlN,1,1,2,0.5
IHlP,0,0,0,
IHlS,0,1,1,0.0
IHlb,1,0,1,1.0
IHlm,0,1,1,0.0
IHln,2,0,2,1.0
IHls,1,1,2,0.5
IHmB,5,2,7,0.71
IHmH,0,2,2,0.0
IHmI,1,0,1,1.0
IHmJ,0,0,0,
IHmK,1,0,1,1.0
IHmL,1,1,2,0.5
IHmM,7,6,13,0.54
IHmN,2,5,7,0.29
IHmP,1,4,5,0.2
IHmS,0,1,1,0.0
IHmb,1,1,2,0.5
IHmm,3,4,7,0.43
IHmn,1,1,2,0.5
IHms,0,2,2,0.0
IHnB,1,3,4,0.25
IHnH,1,2,3,0.33
IHnI,0,1,1,0.0
IHnK,0,1,1,0.0
IHnL,0,1,1,0.0
IHnM,0,2,2,0.0
IHnN,0,1,1,0.0
IHnP,3,1,4,0.75
IHnS,1,4,5,0.2
IHnh,0,0,0,
IHnm,0,2,2,0.0
IHnn,2,1,3,0.67
IHns,1,0,1,1.0
IHsB,1,3,4,0.25
IHsH,2,1,3,0.67
IHsL,3,0,3,1.0
IHsM,0,2,2,0.0
IHsN,1,2,3,0.33
IHsP,3,1,4,0.75
IHsS,2,2,4,0.5
IHsb,5,1,6,0.83
IHsm,1,1,2,0.5
IHss,0,4,4,0.0
IHst,0,1,1,0.0
IHtM,1,0,1,1.0
IHtP,1,0,1,1.0
IHtS,0,0,0,
IHtb,0,1,1,0.0
IHtm,0,1,1,0.0
IIBI,1,0,1,1.0
IIBM,1,0,1,1.0
IIBN,0,1,1,0.0
IIBS,1,0,1,1.0
IIBb,1,0,1,1.0
IIBm,1,0,1,1.0
IIBn,1,0,1,1.0
IIDb,1,0,1,1.0
IIHB,1,1,2,0.5
IIHM,1,0,1,1.0
IIHN,0,1,1,0.0
IIHb,0,1,1,0.0
IIHs,0,1,1,0.0
IILB,0,1,1,0.0
IILK,0,1,1,0.0
IILS,0,1,1,0.0
IIMN,0,0,0,
IIMP,1,0,1,1.0
IIMb,1,0,1,1.0
IIMh,1,0,1,1.0
IIMl,0,1,1,0.0
IIMm,1,2,3,0.33
IIMn,0,1,1,0.0
IIMs,0,1,1,0.0
IINB,0,0,0,
IINM,0,1,1,0.0
IINP,2,0,2,1.0
IINS,1,0,1,1.0
IINn,0,1,1,0.0
IINt,0,0,0,
IIPH,1,0,1,1.0
IIPL,0,1,1,0.0
IIPP,1,0,1,1.0
IIPS,0,3,3,0.0
IIPb,0,1,1,0.0
IIPm,0,1,1,0.0
IIPt,0,0,0,
IISB,1,1,2,0.5
IISD,0,1,1,0.0
IISM,1,1,2,0.5
IISN,1,0,1,1.0
IISP,0,0,0,
IISS,0,1,1,0.0
IISb,1,0,1,1.0
IISm,2,1,3,0.67
IISn,1,0,1,1.0
IISs,0,0,0,
IIbB,1,0,1,1.0
IIbI,1,0,1,1.0
IIbJ,0,0,0,
IIbM,0,1,1,0.0
IIbN,2,1,3,0.67
IIbP,1,1,2,0.5
IIbS,0,2,2,0.0
IIbm,0,1,1,0.0
IIbn,1,0,1,1.0
IIhL,1,0,1,1.0
IIlm,1,0,1,1.0
IImB,2,0,2,1.0
IImH,1,0,1,1.0
IImM,1,2,3,0.33
IImN,1,0,1,1.0
IImP,0,1,1,0.0
IImS,1,0,1,1.0
IImm,2,0,2,1.0
IImn,0,0,0,
IIms,1,0,1,1.0
IInL,0,1,1,0.0
IInN,0,0,0,
IInP,2,1,3,0.67
IInS,0,0,0,
IInm,0,1,1,0.0
IInn,1,0,1,1.0
IIsD,1,0,1,1.0
IIsm,0,1,1,0.0
IIss,0,0,0,
IKBL,1,0,1,1.0
IKBb,0,1,1,0.0
IKBh,0,1,1,0.0
IKBn,0,2,2,0.0
IKMB,0,1,1,0.0
IKMP,0,0,0,
IKMS,0,0,0,
IKNH,0,0,0,
IKNN,1,0,1,1.0
IKNS,0,1,1,0.0
IKSb,0,1,1,0.0
IKbM,0,1,1,0.0
IKhB,1,0,1,1.0
IKhM,0,1,1,0.0
IKhS,1,0,1,1.0
IKmB,0,1,1,0.0
IKmb,1,0,1,1.0
IKsS,0,0,0,
ILBB,1,0,1,1.0
ILBN,1,0,1,1.0
ILBP,1,0,1,1.0
ILBS,2,1,3,0.67
ILBb,1,2,3,0.33
ILBj,1,0,1,1.0
ILBm,1,1,2,0.5
ILBn,2,2,4,0.5
ILBs,1,0,1,1.0
ILDM,0,1,1,0.0
ILDN,0,1,1,0.0
ILDP,1,1,2,0.5
ILDm,0,0,0,
ILDs,0,0,0,
ILKH,0,1,1,0.0
ILKL,1,0,1,1.0
ILKM,0,1,1,0.0
ILKP,0,1,1,0.0
ILLB,1,1,2,0.5
ILLM,0,1,1,0.0
ILLN,1,2,3,0.33
ILLP,0,2,2,0.0
ILLb,1,0,1,1.0
ILLm,0,2,2,0.0
ILLn,0,1,1,0.0
ILMB,2,0,2,1.0
ILMH,1,0,1,1.0
ILMM,1,2,3,0.33
ILMN,1,1,2,0.5
ILMP,0,2,2,0.0
ILMS,0,1,1,0.0
ILMb,1,1,2,0.5
ILMh,0,1,1,0.0
ILMj,0,0,0,
ILMl,1,0,1,1.0
ILMm,0,1,1,0.0
ILMn,1,1,2,0.5
ILNB,2,1,3,0.67
ILNL,0,0,0,
ILNM,2,0,2,1.0
ILNN,0,2,2,0.0
ILNP,0,0,0,
ILNS,0,1,1,0.0
ILNb,0,1,1,0.0
ILNh,0,1,1,0.0
ILNl,1,0,1,1.0
ILNn,0,0,0,
ILPB,1,1,2,0.5
ILPK,1,0,1,1.0
ILPL,0,2,2,0.0
ILPM,1,0,1,1.0
ILPP,1,1,2,0.5
ILPS,0,1,1,0.0
ILPb,2,2,4,0.5
ILPl,0,1,1,0.0
ILPm,1,0,1,1.0
ILPn,1,2,3,0.33
ILPs,0,0,0,
ILPt,0,1,1,0.0
ILSH,1,0,1,1.0
ILSK,1,0,1,1.0
ILSL,0,1,1,0.0
ILSM,0,3,3,0.0
ILSN,0,1,1,0.0
ILSP,1,0,1,1.0
ILSS,0,0,0,
ILSh,1,0,1,1.0
ILSl,0,1,1,0.0
ILSm,1,0,1,1.0
ILSn,3,1,4,0.75
ILSs,2,1,3,0.67
ILbB,0,0,0,
ILbL,0,1,1,0.0
ILbM,0,0,0,
ILbP,4,0,4,1.0
ILbb,2,0,2,1.0
ILbl,0,1,1,0.0
ILbm,2,1,3,0.67
ILbn,0,1,1,0.0
ILhH,1,0,1,1.0
ILhM,0,2,2,0.0
ILhS,1,0,1,1.0
ILhl,0,0,0,
ILhn,1,0,1,1.0
ILjB,0,1,1,0.0
ILjP,0,0,0,
ILlH,1,0,1,1.0
ILlM,0,1,1,0.0
ILlP,0,0,0,
ILlS,1,0,1,1.0
ILlb,0,0,0,
ILll,0,2,2,0.0
ILln,0,2,2,0.0
ILmB,2,0,2,1.0
ILmH,0,2,2,0.0
ILmM,1,2,3,0.33
ILmN,1,1,2,0.5
ILmP,1,4,5,0.2
ILmS,1,2,3,0.33
ILmb,2,1,3,0.67
ILml,0,0,0,
ILmm,0,1,1,0.0
ILmn,1,0,1,1.0
ILms,0,1,1,0.0
ILnB,0,3,3,0.0
ILnI,0,1,1,0.0
ILnL,1,1,2,0.5
ILnM,0,1,1,0.0
ILnN,0,2,2,0.0
ILnP,2,0,2,1.0
ILnS,1,0,1,1.0
ILnb,0,1,1,0.0
ILnl,0,1,1,0.0
ILnm,1,1,2,0.5
ILnn,2,1,3,0.67
ILsB,1,1,2,0.5
ILsM,3,0,3,1.0
ILsN,0,1,1,0.0
ILsm,1,0,1,1.0
ILss,1,0,1,1.0
ILtB,0,1,1,0.0
ILtN,0,1,1,0.0
ILtS,0,1,1,0.0
ILtb,1,0,1,1.0
ILtm,2,0,2,1.0
IMBB,2,3,5,0.4
IMBD,1,1,2,0.5
IMBK,0,1,1,0.0
IMBL,2,1,3,0.67
IMBM,1,3,4,0.25
IMBN,3,5,8,0.38
IMBP,2,1,3,0.67
IMBS,2,3,5,0.4
IMBb,3,4,7,0.43
IMBh,0,0,0,
IMBm,3,4,7,0.43
IMBn,5,2,7,0.71
IMBs,1,0,1,1.0
IMDH,1,2,3,0.33
IMDL,1,0,1,1.0
IMDM,0,2,2,0.0
IMDN,1,0,1,1.0
IMDS,1,0,1,1.0
IMDb,2,1,3,0.67
IMDl,1,0,1,1.0
IMDm,0,2,2,0.0
IMDs,1,1,2,0.5
IMHb,0,0,0,
IMIm,1,0,1,1.0
IMLB,0,0,0,
IMLD,0,1,1,0.0
IMLM,0,1,1,0.0
IMLN,0,2,2,0.0
IMLP,1,0,1,1.0
IMLS,0,1,1,0.0
IMLb,1,3,4,0.25
IMLh,0,2,2,0.0
IMLl,1,0,1,1.0
IMLm,3,1,4,0.75
IMLn,2,2,4,0.5
IMLs,0,0,0,
IMMB,2,2,4,0.5
IMMD,1,0,1,1.0
IMMM,5,1,6,0.83
IMMN,5,2,7,0.71
IMMP,5,4,9,0.56
IMMS,1,2,3,0.33
IMMb,3,0,3,1.0
IMMh,3,1,4,0.75
IMMj,1,0,1,1.0
IMMl,3,3,6,0.5
IMMm,8,2,10,0.8
IMMn,6,6,12,0.5
IMMs,1,4,5,0.2
IMNB,4,0,4,1.0
IMNH,0,0,0,
IMNI,0,1,1,0.0
IMNL,3,0,3,1.0
IMNM,1,4,5,0.2
IMNN,5,5,10,0.5
IMNP,4,4,8,0.5
IMNS,6,1,7,0.86
IMNb,7,3,10,0.7
IMNh,2,1,3,0.67
IMNl,0,0,0,
IMNm,4,2,6,0.67
IMNn,3,4,7,0.43
IMNs,0,2,2,0.0
IMPB,0,3,3,0.0
IMPD,2,1,3,0.67
IMPH,1,0,1,1.0
IMPI,1,0,1,1.0
IMPK,1,1,2,0.5
IMPL,1,2,3,0.33
IMPM,2,1,3,0.67
IMPN,3,3,6,0.5
IMPP,2,6,8,0.25
IMPS,5,3,8,0.62
IMPb,3,6,9,0.33
IMPh,0,0,0,
IMPl,2,1,3,0.67
IMPm,2,6,8,0.25
IMPn,8,4,12,0.67
IMPs,2,2,4,0.5
IMPt,1,0,1,1.0
IMSB,2,1,3,0.67
IMSH,0,2,2,0.0
IMSI,0,1,1,0.0
IMSM,1,2,3,0.33
IMSN,5,1,6,0.83
IMSP,3,5,8,0.38
IMSS,1,1,2,0.5
IMSb,2,0,2,1.0
IMSh,1,1,2,0.5
IMSm,4,2,6,0.67
IMSn,2,1,3,0.67
IMSs,3,0,3,1.0
IMSt,1,0,1,1.0
IMbB,2,0,2,1.0
IMbD,0,0,0,
IMbH,1,0,1,1.0
IMbJ,0,1,1,0.0
IMbK,0,1,1,0.0
IMbL,0,2,2,0.0
IMbM,2,4,6,0.33
IMbN,0,8,8,0.0
IMbP,4,1,5,0.8
IMbS,1,2,3,0.33
IMbb,2,2,4,0.5
IMbl,0,1,1,0.0
IMbm,1,2,3,0.33
IMbn,3,1,4,0.75
IMbs,0,2,2,0.0
IMhB,2,2,4,0.5
IMhH,0,1,1,0.0
IMhI,1,0,1,1.0
IMhM,4,4,8,0.5
IMhN,1,5,6,0.17
IMhP,1,3,4,0.25
IMhS,0,0,0,
IMhb,1,3,4,0.25
IMhh,2,1,3,0.67
IMhl,3,1,4,0.75
IMhm,5,2,7,0.71
IMhn,1,5,6,0.17
IMhs,1,1,2,0.5
IMjH,0,1,1,0.0
IMjM,1,0,1,1.0
IMjN,0,0,0,
IMjP,0,2,2,0.0
IMjS,1,1,2,0.5
IMjb,0,0,0,
IMjm,1,0,1,1.0
IMjs,1,0,1,1.0
IMlB,1,0,1,1.0
IMlH,1,0,1,1.0
IMlJ,1,0,1,1.0
IMlK,1,0,1,1.0
IMlL,1,0,1,1.0
IMlM,2,2,4,0.5
IMlN,1,1,2,0.5
IMlP,0,1,1,0.0
IMlS,1,3,4,0.25
IMlb,1,1,2,0.5
IMlm,1,2,3,0.33
IMln,1,0,1,1.0
IMls,0,1,1,0.0
IMmB,2,3,5,0.4
IMmD,0,1,1,0.0
IMmH,1,2,3,0.33
IMmJ,1,0,1,1.0
IMmK,0,0,0,
IMmL,0,1,1,0.0
IMmM,1,7,8,0.12
IMmN,6,6,12,0.5
IMmP,3,6,9,0.33
IMmS,2,3,5,0.4
IMmb,3,3,6,0.5
IMml,1,0,1,1.0
IMmm,3,3,6,0.5
IMmn,3,2,5,0.6
IMms,3,1,4,0.75
IMnB,2,1,3,0.67
IMnD,1,1,2,0.5
IMnH,1,1,2,0.5
IMnI,0,2,2,0.0
IMnL,0,1,1,0.0
IMnM,4,6,10,0.4
IMnN,4,5,9,0.44
IMnP,10,3,13,0.77
IMnS,4,1,5,0.8
IMnb,1,4,5,0.2
IMnl,0,4,4,0.0
IMnm,3,3,6,0.5
IMnn,4,4,8,0.5
IMns,2,3,5,0.4
IMsB,2,1,3,0.67
IMsD,0,1,1,0.0
IMsH,1,3,4,0.25
IMsK,1,0,1,1.0
IMsL,0,1,1,0.0
IMsM,2,3,5,0.4
IMsN,3,1,4,0.75
IMsP,2,5,7,0.29
IMsS,2,3,5,0.4
IMsb,1,5,6,0.17
IMsm,0,6,6,0.0
IMsn,5,0,5,1.0
IMss,2,1,3,0.67
IMtB,0,1,1,0.0
IMtH,0,1,1,0.0
IMtL,0,1,1,0.0
IMtM,0,1,1,0.0
IMtm,1,1,2,0.5
IMts,0,1,1,0.0
IMtt,0,1,1,0.0
INBB,3,0,3,1.0
INBD,0,0,0,
INBK,0,1,1,0.0
INBM,3,3,6,0.5
INBN,0,2,2,0.0
INBP,5,2,7,0.71
INBS,2,0,2,1.0
INBb,0,2,2,0.0
INBh,0,1,1,0.0
INBj,1,1,2,0.5
INBm,5,2,7,0.71
INBn,5,5,10,0.5
INBs,3,0,3,1.0
INDB,0,1,1,0.0
INDM,0,3,3,0.0
INDN,0,1,1,0.0
INDP,1,0,1,1.0
INDS,1,0,1,1.0
INDn,0,0,0,
INHL,1,1,2,0.5
INHP,0,1,1,0.0
INHb,0,1,1,0.0
INHh,0,1,1,0.0
INHl,0,0,0,
INHm,2,0,2,1.0
INHn,1,1,2,0.5
INHs,0,2,2,0.0
INIs,0,0,0,
INKB,0,0,0,
INKI,0,1,1,0.0
INKM,0,1,1,0.0
INKP,0,1,1,0.0
INKm,0,1,1,0.0
INLM,2,3,5,0.4
INLP,1,3,4,0.25
INLS,1,0,1,1.0
INLb,1,1,2,0.5
INLl,0,0,0,
INLm,1,0,1,1.0
INLn,3,3,6,0.5
INLs,0,4,4,0.0
INMB,2,2,4,0.5
INMD,1,0,1,1.0
INML,4,0,4,1.0
INMM,1,3,4,0.25
INMN,5,5,10,0.5
INMP,3,6,9,0.33
INMS,3,0,3,1.0
INMb,2,2,4,0.5
INMl,0,2,2,0.0
INMm,4,4,8,0.5
INMn,5,4,9,0.56
INMs,4,3,7,0.57
INNB,2,1,3,0.67
INND,0,1,1,0.0
INNH,1,0,1,1.0
INNK,1,1,2,0.5
INNL,1,1,2,0.5
INNM,4,7,11,0.36
INNN,3,4,7,0.43
INNP,2,2,4,0.5
INNS,2,2,4,0.5
INNb,3,3,6,0.5
INNh,0,3,3,0.0
INNl,0,1,1,0.0
INNm,3,8,11,0.27
INNn,4,3,7,0.57
INNs,1,6,7,0.14
INPB,5,1,6,0.83
INPD,3,1,4,0.75
INPH,0,3,3,0.0
INPI,1,0,1,1.0
INPK,1,0,1,1.0
INPL,3,0,3,1.0
INPM,3,4,7,0.43
INPN,4,5,9,0.44
INPP,5,2,7,0.71
INPS,10,4,14,0.71
INPb,2,1,3,0.67
INPh,2,0,2,1.0
INPl,2,0,2,1.0
INPm,3,7,10,0.3
INPn,6,4,10,0.6
INPs,3,2,5,0.6
INPt,2,0,2,1.0
INSB,3,3,6,0.5
INSD,0,1,1,0.0
INSH,1,0,1,1.0
INSL,0,2,2,0.0
INSM,0,2,2,0.0
INSN,5,2,7,0.71
INSP,3,2,5,0.6
INSS,0,2,2,0.0
INSb,1,0,1,1.0
INSh,0,2,2,0.0
INSl,1,0,1,1.0
INSm,4,1,5,0.8
INSn,0,1,1,0.0
INSs,1,1,2,0.5
INbB,0,5,5,0.0
INbD,1,1,2,0.5
INbH,0,1,1,0.0
INbI,1,1,2,0.5
INbJ,1,1,2,0.5
INbK,0,1,1,0.0
INbL,1,0,1,1.0
INbM,1,3,4,0.25
INbN,2,4,6,0.33
INbP,1,4,5,0.2
INbS,0,1,1,0.0
INbb,3,1,4,0.75
INbl,3,1,4,0.75
INbm,1,2,3,0.33
INbn,0,2,2,0.0
INhB,0,2,2,0.0
INhL,0,1,1,0.0
INhM,0,1,1,0.0
INhN,3,0,3,1.0
INhP,2,3,5,0.4
INhh,1,0,1,1.0
INhm,2,1,3,0.67
INhn,3,1,4,0.75
INhs,1,0,1,1.0
INht,1,0,1,1.0
INlB,0,1,1,0.0
INlD,1,0,1,1.0
INlI,0,0,0,
INlM,1,0,1,1.0
INlN,0,1,1,0.0
INlS,0,1,1,0.0
INlb,1,0,1,1.0
INlh,0,0,0,
INll,1,0,1,1.0
INlm,2,0,2,1.0
INln,2,0,2,1.0
INmB,3,2,5,0.6
INmD,3,2,5,0.6
INmJ,1,0,1,1.0
INmL,1,0,1,1.0
INmM,0,6,6,0.0
INmN,1,5,6,0.17
INmP,4,2,6,0.67
INmS,3,1,4,0.75
INmb,3,3,6,0.5
INml,2,1,3,0.67
INmm,4,4,8,0.5
INmn,3,1,4,0.75
INms,1,0,1,1.0
INnB,1,2,3,0.33
INnD,0,2,2,0.0
INnH,2,1,3,0.67
INnI,2,1,3,0.67
INnL,1,0,1,1.0
INnM,5,0,5,1.0
INnN,3,5,8,0.38
INnP,2,2,4,0.5
INnS,3,6,9,0.33
INnb,3,3,6,0.5
INnh,1,0,1,1.0
INnl,0,2,2,0.0
INnm,6,3,9,0.67
INnn,5,1,6,0.83
INns,2,3,5,0.4
INsB,0,1,1,0.0
INsH,2,3,5,0.4
INsM,1,3,4,0.25
INsN,1,5,6,0.17
INsP,3,2,5,0.6
INsS,1,3,4,0.25
INsl,2,1,3,0.67
INsm,2,5,7,0.29
INsn,4,1,5,0.8
INss,3,2,5,0.6
INtB,1,2,3,0.33
INtK,0,0,0,
INtM,1,0,1,1.0
INtN,1,2,3,0.33
INtP,1,0,1,1.0
INtb,1,0,1,1.0
INtn,1,0,1,1.0
INts,0,1,1,0.0
IPBB,1,3,4,0.25
IPBD,0,1,1,0.0
IPBL,0,2,2,0.0
IPBM,4,3,7,0.57
IPBN,1,4,5,0.2
IPBP,3,3,6,0.5
IPBS,1,2,3,0.33
IPBb,4,2,6,0.67
IPBh,0,1,1,0.0
IPBj,3,0,3,1.0
IPBm,3,3,6,0.5
IPBn,1,1,2,0.5
IPBs,7,1,8,0.88
IPDD,0,1,1,0.0
IPDH,1,0,1,1.0
IPDM,0,0,0,
IPDN,1,1,2,0.5
IPDP,1,0,1,1.0
IPDb,0,1,1,0.0
IPDl,0,2,2,0.0
IPDm,2,1,3,0.67
IPDn,2,0,2,1.0
IPHM,0,0,0,
IPHN,1,0,1,1.0
IPHP,3,4,7,0.43
IPHb,1,0,1,1.0
IPHh,1,1,2,0.5
IPHl,0,1,1,0.0
IPHm,0,0,0,
IPHn,3,1,4,0.75
IPIH,0,1,1,0.0
IPIN,1,0,1,1.0
IPIP,0,0,0,
IPIS,1,0,1,1.0
IPIb,0,1,1,0.0
IPIl,1,0,1,1.0
IPIm,2,1,3,0.67
IPKB,0,1,1,0.0
IPKD,0,1,1,0.0
IPKM,3,0,3,1.0
IPKN,1,0,1,1.0
IPKP,2,0,2,1.0
IPKS,0,1,1,0.0
IPKb,0,0,0,
IPKh,0,1,1,0.0
IPKn,1,0,1,1.0
IPKs,1,0,1,1.0
IPLB,0,1,1,0.0
IPLD,1,0,1,1.0
IPLM,1,2,3,0.33
IPLN,1,1,2,0.5
IPLP,1,0,1,1.0
IPLS,0,0,0,
IPLb,2,2,4,0.5
IPLj,0,1,1,0.0
IPLl,0,1,1,0.0
IPLm,1,0,1,1.0
IPLn,1,1,2,0.5
IPLs,2,1,3,0.67
IPMB,4,9,13,0.31
IPMD,1,0,1,1.0
IPMH,1,0,1,1.0
IPMK,1,0,1,1.0
IPML,1,1,2,0.5
IPMM,4,5,9,0.44
IPMN,4,3,7,0.57
IPMP,5,2,7,0.71
IPMS,1,4,5,0.2
IPMb,6,1,7,0.86
IPMh,3,5,8,0.38
IPMj,0,1,1,0.0
IPMl,1,3,4,0.25
IPMm,7,4,11,0.64
IPMn,5,3,8,0.62
IPMs,3,3,6,0.5
IPMt,0,2,2,0.0
IPNB,1,1,2,0.5
IPND,0,1,1,0.0
IPNH,3,2,5,0.6
IPNK,1,0,1,1.0
IPNL,1,0,1,1.0
IPNM,2,1,3,0.67
IPNN,5,4,9,0.56
IPNP,5,4,9,0.56
IPNS,3,2,5,0.6
IPNb,2,3,5,0.4
IPNh,1,0,1,1.0
IPNl,1,2,3,0.33
IPNm,3,2,5,0.6
IPNn,2,4,6,0.33
IPNs,2,4,6,0.33
IPNt,1,0,1,1.0
IPPB,4,3,7,0.57
IPPH,0,1,1,0.0
IPPI,0,0,0,
IPPL,4,0,4,1.0
IPPM,7,6,13,0.54
IPPN,3,1,4,0.75
IPPP,6,4,10,0.6
IPPS,1,2,3,0.33
IPPb,3,3,6,0.5
IPPh,1,1,2,0.5
IPPl,2,0,2,1.0
IPPm,8,2,10,0.8
IPPn,3,3,6,0.5
IPPs,1,3,4,0.25
IPSB,2,1,3,0.67
IPSH,1,5,6,0.17
IPSL,1,2,3,0.33
IPSM,2,2,4,0.5
IPSN,4,1,5,0.8
IPSP,5,6,11,0.45
IPSS,4,1,5,0.8
IPSb,4,5,9,0.44
IPSh,4,0,4,1.0
IPSm,3,3,6,0.5
IPSn,1,4,5,0.2
IPSs,3,1,4,0.75
IPSt,1,0,1,1.0
IPbB,4,2,6,0.67
IPbD,1,0,1,1.0
IPbH,0,1,1,0.0
IPbJ,0,0,0,
IPbL,2,0,2,1.0
IPbM,1,7,8,0.12
IPbN,2,3,5,0.4
IPbP,5,1,6,0.83
IPbS,2,0,2,1.0
IPbb,2,2,4,0.5
IPbh,1,0,1,1.0
IPbl,2,1,3,0.67
IPbm,3,1,4,0.75
IPbn,2,5,7,0.29
IPbs,1,0,1,1.0
IPhB,0,0,0,
IPhM,0,0,0,
IPhN,0,1,1,0.0
IPhP,0,0,0,
IPhb,0,1,1,0.0
IPhh,0,1,1,0.0
IPhm,1,2,3,0.33
IPhs,0,1,1,0.0
IPlB,1,1,2,0.5
IPlJ,0,0,0,
IPlL,0,1,1,0.0
IPlM,3,2,5,0.6
IPlN,0,2,2,0.0
IPlP,0,1,1,0.0
IPlS,0,2,2,0.0
IPlb,1,0,1,1.0
IPll,1,0,1,1.0
IPlm,0,1,1,0.0
IPln,1,0,1,1.0
IPls,0,1,1,0.0
IPmB,5,1,6,0.83
IPmD,1,0,1,1.0
IPmH,2,7,9,0.22
IPmJ,1,3,4,0.25
IPmL,3,2,5,0.6
IPmM,4,7,11,0.36
IPmN,4,4,8,0.5
IPmP,3,5,8,0.38
IPmS,1,1,2,0.5
IPmb,7,4,11,0.64
IPml,2,1,3,0.67
IPmm,6,2,8,0.75
IPmn,3,1,4,0.75
IPms,2,1,3,0.67
IPnB,2,3,5,0.4
IPnD,0,1,1,0.0
IPnH,1,0,1,1.0
IPnI,1,0,1,1.0
IPnL,0,1,1,0.0
IPnM,3,4,7,0.43
IPnN,2,5,7,0.29
IPnP,6,7,13,0.46
IPnS,1,5,6,0.17
IPnb,3,1,4,0.75
IPnl,1,0,1,1.0
IPnm,1,1,2,0.5
IPnn,1,4,5,0.2
IPns,3,1,4,0.75
IPsB,1,4,5,0.2
IPsH,1,1,2,0.5
IPsI,0,1,1,0.0
IPsL,1,0,1,1.0
IPsM,2,3,5,0.4
IPsN,2,1,3,0.67
IPsP,2,1,3,0.67
IPsS,4,3,7,0.57
IPsb,4,2,6,0.67
IPsl,1,1,2,0.5
IPsm,3,1,4,0.75
IPsn,0,3,3,0.0
IPss,2,6,8,0.25
IPtP,2,1,3,0.67
IPtb,1,2,3,0.33
IPth,0,1,1,0.0
IPtm,0,1,1,0.0
IPtn,0,1,1,0.0
ISBB,1,7,8,0.12
ISBH,1,0,1,1.0
ISBL,0,1,1,0.0
ISBM,1,3,4,0.25
ISBN,3,1,4,0.75
ISBP,3,2,5,0.6
ISBS,1,2,3,0.33
ISBb,1,2,3,0.33
ISBl,1,0,1,1.0
ISBm,0,1,1,0.0
ISBn,2,2,4,0.5
ISBs,1,0,1,1.0
ISBt,0,0,0,
ISDI,0,1,1,0.0
ISDL,0,0,0,
ISDM,1,1,2,0.5
ISDP,0,1,1,0.0
ISDS,0,3,3,0.0
ISDh,0,1,1,0.0
ISDm,0,0,0,
ISDn,2,0,2,1.0
ISDs,0,2,2,0.0
ISHB,1,1,2,0.5
ISHD,0,1,1,0.0
ISHL,0,2,2,0.0
ISHM,0,4,4,0.0
ISHP,0,1,1,0.0
ISHS,2,1,3,0.67
ISHb,0,1,1,0.0
ISHl,0,2,2,0.0
ISHm,2,2,4,0.5
ISHn,0,5,5,0.0
ISHs,1,2,3,0.33
ISIB,0,1,1,0.0
ISIM,1,0,1,1.0
ISIN,0,1,1,0.0
ISIP,1,1,2,0.5
ISIm,2,1,3,0.67
ISKS,0,1,1,0.0
ISKh,0,0,0,
ISLB,1,0,1,1.0
ISLL,0,1,1,0.0
ISLM,0,1,1,0.0
ISLN,1,1,2,0.5
ISLP,0,3,3,0.0
ISLh,1,0,1,1.0
ISLm,2,2,4,0.5
ISLn,1,0,1,1.0
ISLs,0,1,1,0.0
ISMB,1,2,3,0.33
ISMD,3,1,4,0.75
ISMM,3,5,8,0.38
ISMN,1,3,4,0.25
ISMP,3,3,6,0.5
ISMS,0,3,3,0.0
ISMb,2,5,7,0.29
ISMh,1,4,5,0.2
ISMj,0,1,1,0.0
ISMm,5,3,8,0.62
ISMn,7,1,8,0.88
ISMs,2,3,5,0.4
ISNB,3,1,4,0.75
ISND,1,0,1,1.0
ISNK,1,0,1,1.0
ISNL,1,0,1,1.0
ISNM,1,3,4,0.25
ISNN,1,2,3,0.33
ISNP,3,3,6,0.5
ISNS,3,1,4,0.75
ISNb,2,1,3,0.67
ISNh,1,1,2,0.5
ISNm,1,2,3,0.33
ISNn,3,0,3,1.0
ISNs,3,0,3,1.0
ISPB,2,0,2,1.0
ISPI,2,0,2,1.0
ISPK,0,1,1,0.0
ISPL,1,3,4,0.25
ISPM,3,2,5,0.6
ISPN,1,4,5,0.2
ISPP,4,4,8,0.5
ISPS,3,3,6,0.5
ISPb,5,1,6,0.83
ISPh,1,0,1,1.0
ISPl,2,1,3,0.67
ISPm,4,1,5,0.8
ISPn,3,1,4,0.75
ISPs,4,1,5,0.8
ISSB,1,2,3,0.33
ISSD,0,2,2,0.0
ISSH,0,1,1,0.0
ISSI,1,0,1,1.0
ISSL,1,1,2,0.5
ISSM,2,3,5,0.4
ISSN,4,1,5,0.8
ISSP,0,3,3,0.0
ISSS,5,5,10,0.5
ISSb,1,2,3,0.33
ISSh,1,2,3,0.33
ISSl,0,1,1,0.0
ISSm,6,3,9,0.67
ISSn,3,1,4,0.75
ISSs,1,1,2,0.5
ISSt,0,1,1,0.0
ISbB,1,1,2,0.5
ISbD,2,0,2,1.0
ISbH,0,1,1,0.0
ISbJ,2,1,3,0.67
ISbM,1,2,3,0.33
ISbN,2,1,3,0.67
ISbP,7,3,10,0.7
ISbS,1,3,4,0.25
ISbb,2,0,2,1.0
ISbh,0,1,1,0.0
ISbm,2,2,4,0.5
ISbn,0,4,4,0.0
ISbs,2,1,3,0.67
IShB,1,0,1,1.0
IShM,1,0,1,1.0
IShN,1,0,1,1.0
IShP,3,4,7,0.43
IShS,0,3,3,0.0
IShh,2,1,3,0.67
IShl,1,0,1,1.0
IShm,1,1,2,0.5
IShn,1,0,1,1.0
IShs,1,0,1,1.0
ISlB,2,0,2,1.0
ISlH,1,0,1,1.0
ISlL,0,1,1,0.0
ISlM,1,2,3,0.33
ISlN,0,1,1,0.0
ISlP,2,2,4,0.5
ISlS,2,0,2,1.0
ISlb,1,3,4,0.25
ISll,0,1,1,0.0
ISlm,1,0,1,1.0
ISln,2,1,3,0.67
ISls,0,2,2,0.0
ISmB,4,0,4,1.0
ISmH,2,1,3,0.67
ISmK,1,0,1,1.0
ISmL,0,2,2,0.0
ISmM,6,3,9,0.67
ISmN,3,2,5,0.6
ISmP,4,5,9,0.44
ISmS,1,2,3,0.33
ISmb,3,1,4,0.75
ISml,1,0,1,1.0
ISmm,7,1,8,0.88
ISmn,3,1,4,0.75
ISms,1,0,1,1.0
ISnB,1,1,2,0.5
ISnD,1,0,1,1.0
ISnH,1,1,2,0.5
ISnI,2,0,2,1.0
ISnL,0,1,1,0.0
ISnM,0,3,3,0.0
ISnN,4,4,8,0.5
ISnP,0,3,3,0.0
ISnS,2,7,9,0.22
ISnb,1,0,1,1.0
ISnh,1,1,2,0.5
ISnl,1,2,3,0.33
ISnm,1,4,5,0.2
ISnn,2,1,3,0.67
ISns,3,0,3,1.0
ISsB,1,1,2,0.5
ISsD,0,1,1,0.0
ISsH,3,1,4,0.75
ISsI,0,0,0,
ISsL,0,1,1,0.0
ISsM,2,1,3,0.67
ISsN,3,2,5,0.6
ISsP,2,4,6,0.33
ISsS,3,4,7,0.43
ISsh,1,1,2,0.5
ISsl,1,2,3,0.33
ISsm,4,1,5,0.8
ISsn,0,1,1,0.0
ISss,4,2,6,0.67
IStB,1,0,1,1.0
IStH,1,0,1,1.0
IStL,0,0,0,
IStM,0,3,3,0.0
IStN,1,2,3,0.33
IStP,1,0,1,1.0
IStS,2,1,3,0.67
IStb,0,1,1,0.0
IStm,1,0,1,1.0
IStn,1,1,2,0.5
IbBB,5,3,8,0.62
IbBH,1,0,1,1.0
IbBM,1,2,3,0.33
IbBN,4,3,7,0.57
IbBP,2,4,6,0.33
IbBS,0,2,2,0.0
IbBb,3,0,3,1.0
IbBj,0,1,1,0.0
IbBm,2,5,7,0.29
IbBn,3,1,4,0.75
IbBs,0,2,2,0.0
IbDB,1,1,2,0.5
IbDD,2,0,2,1.0
IbDP,2,1,3,0.67
IbDm,0,0,0,
IbHB,1,0,1,1.0
IbHL,0,0,0,
IbHN,0,1,1,0.0
IbHP,1,0,1,1.0
IbHS,0,0,0,
IbHb,1,1,2,0.5
IbHn,0,0,0,
IbHs,3,0,3,1.0
IbIB,1,1,2,0.5
IbIN,1,0,1,1.0
IbJB,0,1,1,0.0
IbJD,1,0,1,1.0
IbJI,0,0,0,
IbJL,1,0,1,1.0
IbJM,1,1,2,0.5
IbJP,1,4,5,0.2
IbJb,1,0,1,1.0
IbJm,1,4,5,0.2
IbJn,0,3,3,0.0
IbKB,0,1,1,0.0
IbKM,0,1,1,0.0
IbKP,0,1,1,0.0
IbKh,0,0,0,
IbKm,3,0,3,1.0
IbKs,0,1,1,0.0
IbLB,1,2,3,0.33
IbLM,2,0,2,1.0
IbLN,2,1,3,0.67
IbLP,2,1,3,0.67
IbLS,1,1,2,0.5
IbLb,0,0,0,
IbLh,1,0,1,1.0
IbLl,0,0,0,
IbLm,1,1,2,0.5
IbLn,0,0,0,
IbLt,0,1,1,0.0
IbMB,1,1,2,0.5
IbMD,1,0,1,1.0
IbMM,7,3,10,0.7
IbMN,3,1,4,0.75
IbMP,0,5,5,0.0
IbMS,3,1,4,0.75
IbMb,1,1,2,0.5
IbMh,2,1,3,0.67
IbMj,0,1,1,0.0
IbMl,1,0,1,1.0
IbMm,6,2,8,0.75
IbMn,2,3,5,0.4
IbMs,2,2,4,0.5
IbNB,5,0,5,1.0
IbND,0,1,1,0.0
IbNL,0,1,1,0.0
IbNM,3,2,5,0.6
IbNN,3,1,4,0.75
IbNP,5,2,7,0.71
IbNS,0,0,0,
IbNb,2,5,7,0.29
IbNh,0,1,1,0.0
IbNl,0,1,1,0.0
IbNm,2,7,9,0.22
IbNn,3,7,10,0.3
IbNs,2,1,3,0.67
IbNt,1,0,1,1.0
IbPB,4,0,4,1.0
IbPD,0,1,1,0.0
IbPH,1,2,3,0.33
IbPK,0,3,3,0.0
IbPL,1,1,2,0.5
IbPM,0,2,2,0.0
IbPN,3,3,6,0.5
IbPP,7,6,13,0.54
IbPS,3,3,6,0.5
IbPb,1,5,6,0.17
IbPh,2,1,3,0.67
IbPl,2,3,5,0.4
IbPm,7,4,11,0.64
IbPn,3,2,5,0.6
IbPs,0,3,3,0.0
IbSB,0,3,3,0.0
IbSD,0,0,0,
IbSH,2,0,2,1.0
IbSI,1,0,1,1.0
IbSL,1,0,1,1.0
IbSM,1,3,4,0.25
IbSN,0,1,1,0.0
IbSP,0,6,6,0.0
IbSS,0,1,1,0.0
IbSh,0,2,2,0.0
IbSm,2,1,3,0.67
IbSn,2,0,2,1.0
IbSs,3,1,4,0.75
IbSt,0,1,1,0.0
IbbB,1,5,6,0.17
IbbH,0,2,2,0.0
IbbJ,1,1,2,0.5
IbbL,0,0,0,
IbbM,1,2,3,0.33
IbbN,2,5,7,0.29
IbbP,5,3,8,0.62
IbbS,1,1,2,0.5
Ibbb,4,3,7,0.57
Ibbh,0,1,1,0.0
Ibbl,1,1,2,0.5
Ibbm,5,1,6,0.83
Ibbn,2,0,2,1.0
Ibbs,2,1,3,0.67
IblB,1,0,1,1.0
IblD,0,0,0,
IblH,2,0,2,1.0
IblL,2,0,2,1.0
IblM,0,4,4,0.0
IblN,1,0,1,1.0
IblP,2,0,2,1.0
Iblb,2,1,3,0.67
Iblm,0,1,1,0.0
Ibls,1,1,2,0.5
IbmB,2,0,2,1.0
IbmD,1,0,1,1.0
IbmH,1,1,2,0.5
IbmI,0,1,1,0.0
IbmL,0,0,0,
IbmM,6,3,9,0.67
IbmN,3,3,6,0.5
IbmP,1,7,8,0.12
IbmS,2,1,3,0.67
Ibmb,1,1,2,0.5
Ibml,2,1,3,0.67
Ibmm,4,2,6,0.67
Ibmn,5,3,8,0.62
Ibms,0,2,2,0.0
IbnB,0,0,0,
IbnD,1,0,1,1.0
IbnH,1,2,3,0.33
IbnL,0,1,1,0.0
IbnM,1,3,4,0.25
IbnN,3,0,3,1.0
IbnP,3,1,4,0.75
IbnS,1,2,3,0.33
Ibnb,4,1,5,0.8
Ibnl,0,1,1,0.0
Ibnm,3,1,4,0.75
Ibnn,2,1,3,0.67
Ibns,1,0,1,1.0
IbsB,0,1,1,0.0
IbsD,0,1,1,0.0
IbsH,2,0,2,1.0
IbsL,0,1,1,0.0
IbsM,2,1,3,0.67
IbsN,2,1,3,0.67
IbsP,1,3,4,0.25
IbsS,3,3,6,0.5
Ibsb,2,1,3,0.67
Ibsl,0,1,1,0.0
Ibsm,5,0,5,1.0
Ibsn,2,0,2,1.0
Ibss,0,0,0,
IhHM,1,0,1,1.0
IhLN,0,1,1,0.0
IhLm,1,0,1,1.0
IhMM,0,1,1,0.0
IhMn,0,2,2,0.0
IhNS,1,0,1,1.0
IhNb,1,0,1,1.0
IhNm,0,1,1,0.0
IhPM,0,1,1,0.0
IhPl,1,0,1,1.0
IhSb,0,1,1,0.0
IhSm,1,0,1,1.0
IhbJ,1,0,1,1.0
IhbS,0,0,0,
IhhI,0,1,1,0.0
IhhN,1,0,1,1.0
Ihhs,1,0,1,1.0
IhlJ,0,0,0,
Ihlm,0,1,1,0.0
IhmM,1,0,1,1.0
Ihmm,1,0,1,1.0
IhnD,0,1,1,0.0
IhnP,0,0,0,
IhsB,1,0,1,1.0
IhsS,1,1,2,0.5
IlBB,1,1,2,0.5
IlBD,1,0,1,1.0
IlBM,1,0,1,1.0
IlBN,1,0,1,1.0
IlBP,0,0,0,
IlBS,1,0,1,1.0
IlBb,0,1,1,0.0
IlBl,0,0,0,
IlBm,0,0,0,
IlBn,1,1,2,0.5
IlBs,1,1,2,0.5
IlBt,0,0,0,
IlDH,1,0,1,1.0
IlDs,0,2,2,0.0
IlDt,1,0,1,1.0
IlHM,0,1,1,0.0
IlHN,0,1,1,0.0
IlHP,1,0,1,1.0
IlHm,2,0,2,1.0
IlHn,1,1,2,0.5
IlHs,1,0,1,1.0
IlID,0,1,1,0.0
IlIP,1,0,1,1.0
IlJL,1,1,2,0.5
IlJP,0,1,1,0.0
IlJS,0,0,0,
IlJl,0,1,1,0.0
IlKB,1,0,1,1.0
IlKH,1,0,1,1.0
IlLB,1,0,1,1.0
IlLN,0,1,1,0.0
IlLP,0,1,1,0.0
IlMB,2,2,4,0.5
IlMD,0,1,1,0.0
IlMM,0,3,3,0.0
IlMN,1,1,2,0.5
IlMP,1,5,6,0.17
IlMS,0,1,1,0.0
IlMb,2,1,3,0.67
IlMh,0,2,2,0.0
IlMn,0,1,1,0.0
IlNB,1,1,2,0.5
IlNH,1,0,1,1.0
IlNL,1,1,2,0.5
IlNM,1,1,2,0.5
IlNN,1,2,3,0.33
IlNP,1,0,1,1.0
IlNS,1,1,2,0.5
IlNb,4,1,5,0.8
IlNn,2,0,2,1.0
IlNs,1,1,2,0.5
IlPB,1,1,2,0.5
IlPL,1,0,1,1.0
IlPM,0,1,1,0.0
IlPP,1,1,2,0.5
IlPS,4,1,5,0.8
IlPb,1,1,2,0.5
IlPn,3,0,3,1.0
IlPs,4,0,4,1.0
IlSB,1,0,1,1.0
IlSI,1,0,1,1.0
IlSM,0,1,1,0.0
IlSP,4,1,5,0.8
IlSS,1,0,1,1.0
IlSh,1,0,1,1.0
IlSm,0,3,3,0.0
IlSn,0,2,2,0.0
IlbK,0,1,1,0.0
IlbL,0,1,1,0.0
IlbM,1,1,2,0.5
IlbN,1,0,1,1.0
Ilbb,1,3,4,0.25
Ilbm,1,2,3,0.33
Ilbn,0,1,1,0.0
IlhN,1,0,1,1.0
IllB,0,1,1,0.0
IllH,0,1,1,0.0
IllM,1,0,1,1.0
IllP,1,0,1,1.0
IlmB,1,2,3,0.33
IlmL,2,1,3,0.67
IlmM,0,2,2,0.0
IlmN,0,0,0,
IlmP,0,0,0,
IlmS,1,1,2,0.5
Ilmb,1,1,2,0.5
IlnB,0,1,1,0.0
IlnD,0,1,1,0.0
IlnM,0,0,0,
IlnN,2,0,2,1.0
IlnP,2,0,2,1.0
IlnS,0,0,0,
Ilnb,2,0,2,1.0
IlsB,1,0,1,1.0
IlsM,1,0,1,1.0
IlsN,0,1,1,0.0
Ilsb,1,0,1,1.0
Ilsm,1,0,1,1.0
Ilsn,0,1,1,0.0
Ilss,0,1,1,0.0
ImBB,1,3,4,0.25
ImBD,0,1,1,0.0
ImBL,1,1,2,0.5
ImBM,3,5,8,0.38
ImBN,4,3,7,0.57
ImBP,4,4,8,0.5
ImBS,1,2,3,0.33
ImBb,1,3,4,0.25
ImBh,0,0,0,
ImBj,1,0,1,1.0
ImBl,2,0,2,1.0
ImBm,0,4,4,0.0
ImBn,2,6,8,0.25
ImBs,0,1,1,0.0
ImBt,1,0,1,1.0
ImDB,1,0,1,1.0
ImDD,1,0,1,1.0
ImDH,0,1,1,0.0
ImDM,1,1,2,0.5
ImDN,2,2,4,0.5
ImDP,1,2,3,0.33
ImDS,1,1,2,0.5
ImDm,0,1,1,0.0
ImDn,0,1,1,0.0
ImDs,0,1,1,0.0
ImHB,2,1,3,0.67
ImHD,0,0,0,
ImHH,0,1,1,0.0
ImHI,1,0,1,1.0
ImHL,0,1,1,0.0
ImHM,1,2,3,0.33
ImHN,1,0,1,1.0
ImHP,2,4,6,0.33
ImHS,3,1,4,0.75
ImHb,5,3,8,0.62
ImHh,3,2,5,0.6
ImHm,1,2,3,0.33
ImHn,2,0,2,1.0
ImHs,0,2,2,0.0
ImID,0,1,1,0.0
ImIP,0,1,1,0.0
ImIm,0,1,1,0.0
ImJL,0,1,1,0.0
ImJM,0,1,1,0.0
ImJN,0,1,1,0.0
ImJP,1,0,1,1.0
ImJS,0,1,1,0.0
ImJb,1,2,3,0.33
ImJm,2,0,2,1.0
ImJn,0,1,1,0.0
ImJs,0,0,0,
ImKM,1,0,1,1.0
ImKh,0,1,1,0.0
ImLB,0,1,1,0.0
ImLN,2,1,3,0.67
ImLP,0,0,0,
ImLS,2,1,3,0.67
ImLb,1,0,1,1.0
ImLh,1,1,2,0.5
ImLm,2,0,2,1.0
ImLn,2,2,4,0.5
ImLs,2,1,3,0.67
ImMB,1,4,5,0.2
ImMD,1,2,3,0.33
ImML,1,0,1,1.0
ImMM,5,4,9,0.56
ImMN,2,4,6,0.33
ImMP,3,2,5,0.6
ImMS,4,4,8,0.5
ImMb,3,2,5,0.6
ImMh,4,8,12,0.33
ImMj,1,0,1,1.0
ImMl,3,0,3,1.0
ImMm,4,7,11,0.36
ImMn,5,8,13,0.38
ImMs,3,1,4,0.75
ImNB,5,4,9,0.56
ImND,1,1,2,0.5
ImNH,1,1,2,0.5
ImNK,0,0,0,
ImNL,3,1,4,0.75
ImNM,4,3,7,0.57
ImNN,5,4,9,0.56
ImNP,3,5,8,0.38
ImNS,4,0,4,1.0
ImNb,4,3,7,0.57
ImNh,3,0,3,1.0
ImNl,2,0,2,1.0
ImNm,5,5,10,0.5
ImNn,3,3,6,0.5
ImNs,5,1,6,0.83
ImNt,0,1,1,0.0
ImPB,3,4,7,0.43
ImPD,0,2,2,0.0
ImPH,0,2,2,0.0
ImPI,0,0,0,
ImPK,2,1,3,0.67
ImPL,0,1,1,0.0
ImPM,6,3,9,0.67
ImPN,2,4,6,0.33
ImPP,5,8,13,0.38
ImPS,0,4,4,0.0
ImPb,3,6,9,0.33
ImPh,1,0,1,1.0
ImPl,0,2,2,0.0
ImPm,10,6,16,0.62
ImPn,4,2,6,0.67
ImPs,1,4,5,0.2
ImSB,2,1,3,0.67
ImSD,1,0,1,1.0
ImSH,0,3,3,0.0
ImSL,0,1,1,0.0
ImSM,2,4,6,0.33
ImSN,3,3,6,0.5
ImSP,1,1,2,0.5
ImSS,2,5,7,0.29
ImSb,1,1,2,0.5
ImSh,1,2,3,0.33
ImSm,2,3,5,0.4
ImSn,4,1,5,0.8
ImSs,3,2,5,0.6
ImbB,6,4,10,0.6
ImbD,1,0,1,1.0
ImbI,0,1,1,0.0
ImbJ,1,1,2,0.5
ImbK,1,2,3,0.33
ImbL,2,0,2,1.0
ImbM,5,6,11,0.45
ImbN,7,0,7,1.0
ImbP,1,6,7,0.14
ImbS,1,0,1,1.0
Imbb,6,0,6,1.0
Imbm,1,3,4,0.25
Imbn,2,3,5,0.4
Imbs,1,1,2,0.5
Imbt,0,1,1,0.0
ImlD,1,0,1,1.0
ImlH,1,0,1,1.0
ImlM,2,0,2,1.0
ImlN,1,0,1,1.0
ImlP,1,0,1,1.0
ImlS,2,0,2,1.0
Imlb,0,1,1,0.0
Imlm,0,1,1,0.0
ImmB,5,3,8,0.62
ImmD,1,0,1,1.0
ImmH,1,2,3,0.33
ImmJ,0,1,1,0.0
ImmL,2,2,4,0.5
ImmM,2,5,7,0.29
ImmN,5,2,7,0.71
ImmP,4,3,7,0.57
ImmS,1,3,4,0.25
Immb,5,6,11,0.45
Immm,4,4,8,0.5
Immn,0,4,4,0.0
Imms,0,2,2,0.0
ImnB,3,2,5,0.6
ImnD,0,0,0,
ImnH,2,0,2,1.0
ImnI,0,1,1,0.0
ImnL,0,1,1,0.0
ImnM,6,4,10,0.6
ImnN,4,3,7,0.57
ImnP,3,7,10,0.3
ImnS,2,2,4,0.5
Imnb,0,0,0,
Imnl,0,0,0,
Imnm,3,3,6,0.5
Imnn,1,1,2,0.5
Imns,1,1,2,0.5
ImsB,1,1,2,0.5
ImsD,0,1,1,0.0
ImsH,1,6,7,0.14
ImsL,1,1,2,0.5
ImsM,1,2,3,0.33
ImsN,2,1,3,0.67
ImsP,1,1,2,0.5
ImsS,1,1,2,0.5
Imsb,1,1,2,0.5
Imsl,1,0,1,1.0
Imsm,2,2,4,0.5
Imsn,0,1,1,0.0
Imss,1,2,3,0.33
Imts,0,1,1,0.0
InBB,1,1,2,0.5
InBD,0,0,0,
InBL,1,2,3,0.33
InBM,0,2,2,0.0
InBN,1,4,5,0.2
InBP,2,2,4,0.5
InBS,1,2,3,0.33
InBb,0,2,2,0.0
InBj,1,0,1,1.0
InBl,1,1,2,0.5
InBm,3,0,3,1.0
InBn,1,3,4,0.25
InBs,2,1,3,0.67
InBt,0,1,1,0.0
InDB,1,0,1,1.0
InDD,0,2,2,0.0
InDM,0,0,0,
InDP,1,1,2,0.5
InDS,0,0,0,
InDm,0,3,3,0.0
InDn,1,2,3,0.33
InHD,0,0,0,
InHI,0,1,1,0.0
InHK,0,0,0,
InHL,1,1,2,0.5
InHM,2,1,3,0.67
InHN,5,1,6,0.83
InHP,0,2,2,0.0
InHS,1,1,2,0.5
InHb,0,5,5,0.0
InHh,1,0,1,1.0
InHl,0,2,2,0.0
InHm,2,2,4,0.5
InHn,1,1,2,0.5
InIL,0,1,1,0.0
InIP,1,0,1,1.0
InIS,1,1,2,0.5
InIb,2,0,2,1.0
InIl,1,1,2,0.5
InIm,2,2,4,0.5
InIs,0,0,0,
InKH,1,0,1,1.0
InKb,1,0,1,1.0
InKh,1,0,1,1.0
InKm,0,1,1,0.0
InKn,0,1,1,0.0
InKs,1,0,1,1.0
InLB,0,1,1,0.0
InLM,0,0,0,
InLN,0,1,1,0.0
InLP,1,0,1,1.0
InLb,0,2,2,0.0
InLh,1,1,2,0.5
InLm,1,3,4,0.25
InLn,2,2,4,0.5
InLs,0,0,0,
InLt,0,1,1,0.0
InMB,3,5,8,0.38
InMD,1,0,1,1.0
InML,1,2,3,0.33
InMM,3,2,5,0.6
InMN,3,4,7,0.43
InMP,6,3,9,0.67
InMS,1,1,2,0.5
InMb,2,1,3,0.67
InMh,2,0,2,1.0
InMj,0,1,1,0.0
InMl,1,0,1,1.0
InMm,2,1,3,0.67
InMn,4,5,9,0.44
InMs,6,0,6,1.0
InMt,1,1,2,0.5
InNB,2,4,6,0.33
InND,0,1,1,0.0
InNH,0,1,1,0.0
InNL,3,3,6,0.5
InNM,1,1,2,0.5
InNN,2,7,9,0.22
InNP,8,4,12,0.67
InNS,2,4,6,0.33
InNb,4,2,6,0.67
InNh,1,0,1,1.0
InNl,1,0,1,1.0
InNm,3,4,7,0.43
InNn,0,5,5,0.0
InNs,2,0,2,1.0
InNt,1,0,1,1.0
InPB,4,5,9,0.44
InPD,1,0,1,1.0
InPI,3,1,4,0.75
InPK,1,1,2,0.5
InPL,1,2,3,0.33
InPM,2,1,3,0.67
InPN,2,3,5,0.4
InPP,7,4,11,0.64
InPS,1,5,6,0.17
InPb,0,2,2,0.0
InPl,1,0,1,1.0
InPm,8,3,11,0.73
InPn,5,1,6,0.83
InPs,2,1,3,0.67
InPt,1,0,1,1.0
InSB,1,0,1,1.0
InSD,1,0,1,1.0
InSK,1,0,1,1.0
InSL,0,1,1,0.0
InSM,0,3,3,0.0
InSN,2,1,3,0.67
InSP,0,5,5,0.0
InSS,4,1,5,0.8
InSb,4,1,5,0.8
InSh,1,0,1,1.0
InSl,2,0,2,1.0
InSm,2,1,3,0.67
InSn,1,0,1,1.0
InSs,5,3,8,0.62
InSt,1,1,2,0.5
InbB,3,2,5,0.6
InbH,0,2,2,0.0
InbI,0,0,0,
InbK,1,0,1,1.0
InbM,2,4,6,0.33
InbN,5,2,7,0.71
InbP,1,2,3,0.33
InbS,2,2,4,0.5
Inbb,2,2,4,0.5
Inbm,3,1,4,0.75
Inbn,3,1,4,0.75
Inbs,1,2,3,0.33
InhH,1,0,1,1.0
InlL,1,0,1,1.0
InlM,0,1,1,0.0
InlP,0,3,3,0.0
InlS,3,1,4,0.75
Inlm,3,0,3,1.0
Inln,1,0,1,1.0
Inls,1,0,1,1.0
InmB,3,1,4,0.75
InmD,0,0,0,
InmH,1,3,4,0.25
InmI,1,0,1,1.0
InmL,0,1,1,0.0
InmM,3,3,6,0.5
InmN,2,3,5,0.4
InmP,1,2,3,0.33
InmS,2,1,3,0.67
Inmb,0,3,3,0.0
Inml,0,1,1,0.0
Inmm,4,5,9,0.44
Inmn,5,2,7,0.71
Inms,0,2,2,0.0
InnB,3,1,4,0.75
InnD,0,1,1,0.0
InnH,1,0,1,1.0
InnI,0,1,1,0.0
InnK,1,0,1,1.0
InnM,0,1,1,0.0
InnN,2,9,11,0.18
InnP,2,4,6,0.33
InnS,1,1,2,0.5
Innb,1,3,4,0.25
Innh,0,0,0,
Innm,2,1,3,0.67
Innn,3,1,4,0.75
Inns,3,3,6,0.5
InsB,1,2,3,0.33
InsD,0,1,1,0.0
InsH,0,1,1,0.0
InsL,1,0,1,1.0
InsM,3,1,4,0.75
InsN,2,3,5,0.4
InsP,1,1,2,0.5
InsS,2,1,3,0.67
Insb,0,0,0,
Insm,1,2,3,0.33
Insn,2,0,2,1.0
Inss,2,1,3,0.67
IsBB,2,3,5,0.4
IsBL,1,2,3,0.33
IsBM,1,1,2,0.5
IsBN,4,3,7,0.57
IsBP,3,1,4,0.75
IsBS,0,2,2,0.0
IsBb,3,0,3,1.0
IsBj,1,0,1,1.0
IsBm,1,1,2,0.5
IsBn,2,1,3,0.67
IsBs,1,0,1,1.0
IsBt,1,0,1,1.0
IsDB,0,0,0,
IsDM,2,0,2,1.0
IsDP,1,0,1,1.0
IsDS,1,0,1,1.0
IsDb,0,1,1,0.0
IsHB,0,1,1,0.0
IsHD,0,2,2,0.0
IsHH,0,1,1,0.0
IsHI,0,1,1,0.0
IsHM,2,1,3,0.67
IsHN,0,1,1,0.0
IsHP,2,1,3,0.67
IsHS,1,5,6,0.17
IsHb,0,1,1,0.0
IsHl,0,1,1,0.0
IsHm,2,2,4,0.5
IsHn,2,0,2,1.0
IsHs,2,0,2,1.0
IsIB,1,0,1,1.0
IsID,0,0,0,
IsIH,1,0,1,1.0
IsIM,1,1,2,0.5
IsIN,1,0,1,1.0
IsIS,0,2,2,0.0
IsIs,1,0,1,1.0
IsLB,0,1,1,0.0
IsLL,0,0,0,
IsLM,1,0,1,1.0
IsLP,2,0,2,1.0
IsLS,0,2,2,0.0
IsLb,1,1,2,0.5
IsLj,1,0,1,1.0
IsLm,0,1,1,0.0
IsLs,0,1,1,0.0
IsMB,2,1,3,0.67
IsMD,0,2,2,0.0
IsML,0,1,1,0.0
IsMM,2,4,6,0.33
IsMN,1,1,2,0.5
IsMP,4,1,5,0.8
IsMS,1,2,3,0.33
IsMb,1,0,1,1.0
IsMh,2,1,3,0.67
IsMm,2,4,6,0.33
IsMn,2,1,3,0.67
IsMs,2,2,4,0.5
IsMt,1,0,1,1.0
IsNB,3,2,5,0.6
IsND,1,0,1,1.0
IsNK,1,0,1,1.0
IsNL,0,0,0,
IsNM,0,2,2,0.0
IsNN,3,3,6,0.5
IsNP,2,3,5,0.4
IsNS,1,1,2,0.5
IsNb,1,1,2,0.5
IsNh,0,0,0,
IsNl,0,0,0,
IsNm,2,2,4,0.5
IsNn,2,0,2,1.0
IsNs,2,2,4,0.5
IsNt,0,1,1,0.0
IsPB,2,1,3,0.67
IsPD,0,0,0,
IsPH,1,2,3,0.33
IsPL,0,1,1,0.0
IsPM,2,3,5,0.4
IsPN,2,1,3,0.67
IsPP,1,2,3,0.33
IsPS,0,2,2,0.0
IsPb,1,2,3,0.33
IsPh,0,0,0,
IsPl,0,1,1,0.0
IsPm,1,0,1,1.0
IsPn,3,4,7,0.43
IsPs,1,2,3,0.33
IsPt,1,0,1,1.0
IsSB,2,3,5,0.4
IsSD,1,0,1,1.0
IsSH,0,4,4,0.0
IsSL,1,0,1,1.0
IsSM,1,2,3,0.33
IsSN,3,1,4,0.75
IsSP,2,2,4,0.5
IsSS,1,5,6,0.17
IsSb,1,2,3,0.33
IsSh,1,0,1,1.0
IsSm,1,3,4,0.25
IsSn,1,2,3,0.33
IsSs,2,3,5,0.4
IsbJ,0,2,2,0.0
IsbM,3,2,5,0.6
IsbN,1,2,3,0.33
IsbP,0,1,1,0.0
IsbS,1,1,2,0.5
Isbb,0,0,0,
Isbm,6,0,6,1.0
Isbn,2,0,2,1.0
Isbs,0,1,1,0.0
IshB,1,0,1,1.0
IshD,0,0,0,
IshM,0,2,2,0.0
IshN,0,1,1,0.0
Ishl,0,1,1,0.0
IslB,0,1,1,0.0
IslN,1,0,1,1.0
IslP,1,1,2,0.5
Islb,1,1,2,0.5
Isll,0,0,0,
Islm,1,0,1,1.0
Isln,2,1,3,0.67
IsmB,1,3,4,0.25
IsmD,0,1,1,0.0
IsmH,2,2,4,0.5
IsmI,0,1,1,0.0
IsmK,1,0,1,1.0
IsmM,1,0,1,1.0
IsmP,4,3,7,0.57
IsmS,4,2,6,0.67
Ismb,2,1,3,0.67
Isml,0,0,0,
Ismm,3,2,5,0.6
Ismn,1,3,4,0.25
Isms,0,0,0,
IsnB,2,0,2,1.0
IsnH,0,2,2,0.0
IsnI,1,0,1,1.0
IsnK,1,0,1,1.0
IsnL,1,0,1,1.0
IsnM,3,0,3,1.0
IsnN,3,1,4,0.75
IsnP,3,2,5,0.6
IsnS,0,2,2,0.0
Isnl,1,0,1,1.0
Isnm,1,4,5,0.2
Isnn,2,0,2,1.0
Isns,1,1,2,0.5
IssB,0,2,2,0.0
IssD,0,0,0,
IssH,0,2,2,0.0
IssM,1,0,1,1.0
IssN,3,0,3,1.0
IssP,2,2,4,0.5
IssS,4,3,7,0.57
Issb,3,1,4,0.75
Issl,1,0,1,1.0
Issm,2,3,5,0.4
Issn,2,3,5,0.4
Isss,1,1,2,0.5
IstS,0,0,0,
Ists,0,1,1,0.0
ItBP,1,0,1,1.0
ItBh,0,1,1,0.0
ItBm,0,0,0,
ItDl,0,0,0,
ItIs,0,0,0,
ItLM,1,0,1,1.0
ItLh,1,0,1,1.0
ItLs,1,0,1,1.0
ItMM,0,1,1,0.0
ItMN,0,1,1,0.0
ItMP,0,2,2,0.0
ItMS,1,0,1,1.0
ItMb,0,1,1,0.0
ItMm,0,1,1,0.0
ItNB,1,2,3,0.33
ItNI,1,0,1,1.0
ItNM,1,1,2,0.5
ItNP,1,0,1,1.0
ItNn,1,0,1,1.0
ItNs,0,1,1,0.0
ItPH,1,0,1,1.0
ItPK,0,1,1,0.0
ItPL,1,0,1,1.0
ItPN,1,1,2,0.5
ItPS,0,0,0,
ItPl,0,2,2,0.0
ItPm,1,0,1,1.0
ItPs,0,1,1,0.0
ItSS,0,2,2,0.0
ItSs,0,0,0,
ItbM,0,1,1,0.0
ItbN,1,0,1,1.0
Itlm,1,0,1,1.0
ItmL,0,0,0,
ItmM,0,2,2,0.0
ItmP,0,1,1,0.0
ItmS,0,1,1,0.0
Itmb,1,0,1,1.0
Itml,0,0,0,
ItnB,1,0,1,1.0
ItnK,0,0,0,
ItnL,0,1,1,0.0
ItnP,1,0,1,1.0
Itns,0,1,1,0.0
ItsL,0,0,0,
ItsN,0,1,1,0.0
ItsP,0,0,0,
IttM,0,0,0,
JBBD,0,0,0,
JBBK,0,1,1,0.0
JBBM,1,2,3,0.33
JBBN,0,1,1,0.0
JBBP,1,1,2,0.5
JBBS,2,0,2,1.0
JBBb,0,1,1,0.0
JBBj,0,1,1,0.0
JBBl,1,2,3,0.33
JBBm,0,3,3,0.0
JBBn,1,2,3,0.33
JBBs,0,0,0,
JBDD,1,0,1,1.0
JBDM,1,0,1,1.0
JBDN,1,0,1,1.0
JBDP,1,0,1,1.0
JBDm,1,0,1,1.0
JBDn,0,1,1,0.0
JBDs,0,1,1,0.0
JBHm,1,0,1,1.0
JBKI,0,0,0,
JBKP,0,1,1,0.0
JBKS,1,0,1,1.0
JBKs,0,0,0,
JBLB,3,0,3,1.0
JBLM,0,2,2,0.0
JBLP,0,0,0,
JBLS,1,0,1,1.0
JBLb,1,0,1,1.0
JBLh,1,0,1,1.0
JBLm,1,1,2,0.5
JBLn,1,1,2,0.5
JBMB,1,2,3,0.33
JBMD,0,1,1,0.0
JBML,1,1,2,0.5
JBMM,2,1,3,0.67
JBMN,3,0,3,1.0
JBMP,2,0,2,1.0
JBMS,0,1,1,0.0
JBMb,4,3,7,0.57
JBMh,4,4,8,0.5
JBMm,3,3,6,0.5
JBMn,0,2,2,0.0
JBMs,1,0,1,1.0
JBMt,1,2,3,0.33
JBNB,1,2,3,0.33
JBND,1,1,2,0.5
JBNH,0,1,1,0.0
JBNL,0,1,1,0.0
JBNM,0,4,4,0.0
JBNN,3,0,3,1.0
JBNP,2,1,3,0.67
JBNS,0,2,2,0.0
JBNb,2,3,5,0.4
JBNl,1,0,1,1.0
JBNm,2,1,3,0.67
JBNn,3,4,7,0.43
JBNs,3,1,4,0.75
JBPB,2,1,3,0.67
JBPD,0,0,0,
JBPH,1,0,1,1.0
JBPI,1,0,1,1.0
JBPL,2,1,3,0.67
JBPM,1,1,2,0.5
JBPN,1,2,3,0.33
JBPP,3,1,4,0.75
JBPS,0,0,0,
JBPb,1,1,2,0.5
JBPh,1,0,1,1.0
JBPl,1,0,1,1.0
JBPm,1,0,1,1.0
JBPn,3,1,4,0.75
JBPs,3,0,3,1.0
JBSD,1,0,1,1.0
JBSH,1,2,3,0.33
JBSL,1,0,1,1.0
JBSM,1,2,3,0.33
JBSN,1,1,2,0.5
JBSP,2,2,4,0.5
JBSS,1,2,3,0.33
JBSb,0,2,2,0.0
JBSm,0,1,1,0.0
JBSn,2,1,3,0.67
JBSs,2,3,5,0.4
JBbB,0,0,0,
JBbD,0,1,1,0.0
JBbH,1,0,1,1.0
JBbJ,2,0,2,1.0
JBbL,0,0,0,
JBbM,1,1,2,0.5
JBbN,2,1,3,0.67
JBbP,2,1,3,0.67
JBbS,1,0,1,1.0
JBbb,1,4,5,0.2
JBbl,1,0,1,1.0
JBbm,1,3,4,0.25
JBbs,0,1,1,0.0
JBhP,0,1,1,0.0
JBhm,0,1,1,0.0
JBhn,1,1,2,0.5
JBjB,1,0,1,1.0
JBjH,0,1,1,0.0
JBjN,1,0,1,1.0
JBjP,0,0,0,
JBjS,0,0,0,
JBjb,0,1,1,0.0
JBjm,1,1,2,0.5
JBjn,1,0,1,1.0
JBlH,0,1,1,0.0
JBlL,2,0,2,1.0
JBlM,1,0,1,1.0
JBlN,1,1,2,0.5
JBlP,0,2,2,0.0
JBlS,1,0,1,1.0
JBmB,1,1,2,0.5
JBmD,0,1,1,0.0
JBmH,0,6,6,0.0
JBmJ,0,0,0,
JBmL,0,1,1,0.0
JBmM,0,2,2,0.0
JBmN,3,1,4,0.75
JBmP,1,3,4,0.25
JBmS,1,2,3,0.33
JBmb,2,0,2,1.0
JBml,1,0,1,1.0
JBmm,1,0,1,1.0
JBmn,1,1,2,0.5
JBms,0,1,1,0.0
JBnB,1,1,2,0.5
JBnD,1,1,2,0.5
JBnH,0,1,1,0.0
JBnL,1,0,1,1.0
JBnM,3,1,4,0.75
JBnN,2,0,2,1.0
JBnP,1,3,4,0.25
JBnS,2,2,4,0.5
JBnb,2,0,2,1.0
JBnl,0,1,1,0.0
JBnm,2,3,5,0.4
JBnn,0,2,2,0.0
JBsB,0,0,0,
JBsD,1,0,1,1.0
JBsH,1,0,1,1.0
JBsM,1,0,1,1.0
JBsN,1,1,2,0.5
JBsP,1,6,7,0.14
JBsS,1,0,1,1.0
JBsb,1,1,2,0.5
JBsl,2,0,2,1.0
JBsm,1,0,1,1.0
JBss,2,2,4,0.5
JBtM,1,0,1,1.0
JBtb,0,1,1,0.0
JBtn,0,0,0,
JDBM,1,0,1,1.0
JDBS,0,0,0,
JDBl,0,1,1,0.0
JDBm,2,1,3,0.67
JDBn,1,1,2,0.5
JDBs,0,1,1,0.0
JDDH,1,1,2,0.5
JDDP,0,0,0,
JDDn,1,0,1,1.0
JDDs,0,0,0,
JDHB,0,2,2,0.0
JDHI,0,1,1,0.0
JDHL,1,0,1,1.0
JDHM,2,1,3,0.67
JDHP,1,2,3,0.33
JDHS,0,0,0,
JDHl,0,1,1,0.0
JDHm,0,1,1,0.0
JDIl,1,0,1,1.0
JDIm,0,0,0,
JDKB,1,0,1,1.0
JDLD,1,0,1,1.0
JDLb,1,0,1,1.0
JDMD,0,2,2,0.0
JDMM,0,2,2,0.0
JDMN,1,0,1,1.0
JDMP,1,0,1,1.0
JDMh,0,0,0,
JDMm,1,1,2,0.5
JDMn,0,1,1,0.0
JDMs,1,0,1,1.0
JDNM,1,1,2,0.5
JDNN,1,0,1,1.0
JDNP,0,1,1,0.0
JDNS,1,0,1,1.0
JDNb,1,0,1,1.0
JDNn,1,1,2,0.5
JDPB,0,0,0,
JDPH,1,0,1,1.0
JDPK,1,0,1,1.0
JDPL,1,0,1,1.0
JDPP,1,0,1,1.0
JDPb,2,1,3,0.67
JDPm,1,0,1,1.0
JDPn,0,1,1,0.0
JDPs,0,1,1,0.0
JDSB,0,2,2,0.0
JDSD,1,0,1,1.0
JDSM,0,0,0,
JDSb,0,2,2,0.0
JDSs,0,1,1,0.0
JDbB,0,1,1,0.0
JDbM,0,2,2,0.0
JDbm,2,0,2,1.0
JDbn,0,1,1,0.0
JDlB,1,0,1,1.0
JDmM,0,1,1,0.0
JDmN,0,1,1,0.0
JDmP,0,0,0,
JDmb,0,0,0,
JDmm,1,0,1,1.0
JDnH,0,0,0,
JDnM,1,0,1,1.0
JDnP,0,1,1,0.0
JDsD,2,0,2,1.0
JDsP,2,0,2,1.0
JDsb,0,1,1,0.0
JDtM,0,1,1,0.0
JHBB,0,1,1,0.0
JHBL,1,0,1,1.0
JHBM,1,0,1,1.0
JHBN,0,1,1,0.0
JHBP,0,0,0,
JHBS,1,0,1,1.0
JHBb,1,2,3,0.33
JHBl,0,1,1,0.0
JHBm,0,3,3,0.0
JHBn,0,2,2,0.0
JHBs,0,1,1,0.0
JHDP,0,1,1,0.0
JHDn,1,0,1,1.0
JHDs,0,2,2,0.0
JHHN,0,1,1,0.0
JHHb,0,2,2,0.0
JHHm,1,0,1,1.0
JHHn,0,1,1,0.0
JHKB,1,0,1,1.0
JHLB,1,2,3,0.33
JHLS,1,1,2,0.5
JHMB,0,1,1,0.0
JHMD,1,0,1,1.0
JHMM,1,0,1,1.0
JHMN,1,1,2,0.5
JHMP,1,3,4,0.25
JHMS,0,1,1,0.0
JHMb,1,2,3,0.33
JHMj,1,1,2,0.5
JHMl,1,1,2,0.5
JHMm,1,2,3,0.33
JHMn,0,2,2,0.0
JHMs,1,1,2,0.5
JHMt,1,0,1,1.0
JHNK,1,0,1,1.0
JHNM,1,0,1,1.0
JHNN,3,0,3,1.0
JHNP,2,3,5,0.4
JHNS,1,1,2,0.5
JHNb,1,2,3,0.33
JHNl,2,0,2,1.0
JHNm,0,0,0,
JHNn,2,0,2,1.0
JHNs,0,1,1,0.0
JHNt,1,0,1,1.0
JHPB,2,1,3,0.67
JHPI,0,1,1,0.0
JHPK,0,1,1,0.0
JHPM,4,1,5,0.8
JHPN,2,2,4,0.5
JHPP,0,0,0,
JHPS,2,0,2,1.0
JHPb,1,1,2,0.5
JHPl,2,0,2,1.0
JHPm,0,1,1,0.0
JHPn,1,1,2,0.5
JHPs,4,1,5,0.8
JHSB,1,0,1,1.0
JHSM,1,3,4,0.25
JHSP,0,2,2,0.0
JHSS,1,0,1,1.0
JHSb,3,0,3,1.0
JHSm,1,0,1,1.0
JHSn,1,0,1,1.0
JHSs,1,0,1,1.0
JHbB,1,0,1,1.0
JHbK,1,0,1,1.0
JHbM,0,1,1,0.0
JHbN,3,0,3,1.0
JHbP,1,2,3,0.33
JHbS,0,0,0,
JHbb,1,1,2,0.5
JHbl,0,1,1,0.0
JHbm,1,1,2,0.5
JHbn,0,0,0,
JHhB,1,1,2,0.5
JHhI,0,0,0,
JHhP,0,2,2,0.0
JHhS,0,1,1,0.0
JHhh,1,0,1,1.0
JHhl,1,0,1,1.0
JHht,1,0,1,1.0
JHlB,0,1,1,0.0
JHlL,1,0,1,1.0
JHlM,0,1,1,0.0
JHlN,0,1,1,0.0
JHlP,2,0,2,1.0
JHll,0,1,1,0.0
JHls,1,0,1,1.0
JHmB,0,2,2,0.0
JHmH,2,0,2,1.0
JHmI,1,0,1,1.0
JHmL,1,0,1,1.0
JHmM,1,3,4,0.25
JHmN,1,4,5,0.2
JHmP,0,0,0,
JHmS,1,2,3,0.33
JHmb,2,0,2,1.0
JHmm,0,4,4,0.0
JHmn,0,0,0,
JHms,2,0,2,1.0
JHnB,1,1,2,0.5
JHnD,1,0,1,1.0
JHnI,1,0,1,1.0
JHnM,2,1,3,0.67
JHnN,0,4,4,0.0
JHnP,1,2,3,0.33
JHnb,1,1,2,0.5
JHnl,1,0,1,1.0
JHnm,2,0,2,1.0
JHnn,1,0,1,1.0
JHsB,1,1,2,0.5
JHsD,1,0,1,1.0
JHsM,0,2,2,0.0
JHsN,0,0,0,
JHsP,2,1,3,0.67
JHsS,1,0,1,1.0
JHsb,1,0,1,1.0
JHsl,0,1,1,0.0
JHsm,0,0,0,
JHss,1,2,3,0.33
JHtM,1,1,2,0.5
JIBL,1,0,1,1.0
JIBM,1,0,1,1.0
JIBb,1,0,1,1.0
JIBm,1,0,1,1.0
JIDM,0,2,2,0.0
JIDN,0,1,1,0.0
JIDn,0,0,0,
JIHB,0,1,1,0.0
JIHM,1,0,1,1.0
JIHS,0,1,1,0.0
JIHh,0,1,1,0.0
JIHn,1,0,1,1.0
JIIm,0,0,0,
JILm,1,0,1,1.0
JILn,0,1,1,0.0
JIML,0,1,1,0.0
JIMP,0,0,0,
JIMb,0,0,0,
JIMm,0,1,1,0.0
JIMn,1,0,1,1.0
JINB,0,1,1,0.0
JINM,1,0,1,1.0
JINP,0,1,1,0.0
JINl,1,0,1,1.0
JINm,0,1,1,0.0
JINn,0,1,1,0.0
JINt,1,0,1,1.0
JIPB,1,0,1,1.0
JIPK,1,0,1,1.0
JIPN,1,0,1,1.0
JIPP,0,1,1,0.0
JISM,1,0,1,1.0
JISl,1,0,1,1.0
JISn,1,0,1,1.0
JIbB,2,1,3,0.67
JIbD,1,0,1,1.0
JIbM,0,1,1,0.0
JIbN,0,1,1,0.0
JIbb,0,0,0,
JIbn,1,0,1,1.0
JIbs,0,1,1,0.0
JImB,0,1,1,0.0
JImn,1,0,1,1.0
JIms,1,0,1,1.0
JInB,1,0,1,1.0
JInL,0,1,1,0.0
JInP,1,0,1,1.0
JInS,0,1,1,0.0
JIsS,0,1,1,0.0
JIsb,2,0,2,1.0
JKBb,1,0,1,1.0
JKHB,0,1,1,0.0
JKIS,0,1,1,0.0
JKIb,1,0,1,1.0
JKLL,0,1,1,0.0
JKLn,1,0,1,1.0
JKMB,1,0,1,1.0
JKMD,0,1,1,0.0
JKML,1,0,1,1.0
JKMM,1,0,1,1.0
JKMN,0,1,1,0.0
JKMP,0,1,1,0.0
JKMj,1,0,1,1.0
JKNB,1,0,1,1.0
JKNS,0,1,1,0.0
JKPH,1,0,1,1.0
JKPN,0,0,0,
JKPP,0,0,0,
JKPS,0,1,1,0.0
JKPl,1,0,1,1.0
JKPs,1,0,1,1.0
JKSN,0,1,1,0.0
JKSP,0,0,0,
JKSS,1,0,1,1.0
JKbB,0,1,1,0.0
JKbK,1,0,1,1.0
JKbN,1,0,1,1.0
JKbP,1,0,1,1.0
JKbm,1,0,1,1.0
JKhh,1,0,1,1.0
JKhn,1,0,1,1.0
JKlB,0,1,1,0.0
JKmD,1,0,1,1.0
JKmM,0,1,1,0.0
JKmP,1,0,1,1.0
JKmm,0,1,1,0.0
JKmn,0,1,1,0.0
JKnK,0,1,1,0.0
JKnM,1,0,1,1.0
JKnP,1,0,1,1.0
JKns,0,1,1,0.0
JKsH,0,1,1,0.0
JKsM,1,0,1,1.0
JKsS,1,0,1,1.0
JLBB,2,0,2,1.0
JLBN,1,1,2,0.5
JLBb,1,0,1,1.0
JLBl,0,1,1,0.0
JLBm,0,1,1,0.0
JLBn,0,1,1,0.0
JLDB,0,0,0,
JLDm,0,1,1,0.0
JLDn,1,0,1,1.0
JLKm,0,1,1,0.0
JLLB,0,1,1,0.0
JLLN,1,0,1,1.0
JLLS,0,1,1,0.0
JLLb,0,1,1,0.0
JLLm,0,1,1,0.0
JLLn,1,0,1,1.0
JLMB,1,1,2,0.5
JLML,0,1,1,0.0
JLMN,1,1,2,0.5
JLMS,0,1,1,0.0
JLMb,0,0,0,
JLMh,1,0,1,1.0
JLMm,1,1,2,0.5
JLMn,2,1,3,0.67
JLMs,1,0,1,1.0
JLNB,3,0,3,1.0
JLND,0,1,1,0.0
JLNN,1,0,1,1.0
JLNP,2,2,4,0.5
JLNS,1,0,1,1.0
JLNl,1,0,1,1.0
JLNm,1,0,1,1.0
JLNn,2,1,3,0.67
JLPB,0,1,1,0.0
JLPH,1,0,1,1.0
JLPI,1,0,1,1.0
JLPK,1,0,1,1.0
JLPM,2,1,3,0.67
JLPN,1,0,1,1.0
JLPP,1,2,3,0.33
JLPS,0,1,1,0.0
JLPb,1,0,1,1.0
JLPm,0,2,2,0.0
JLSB,1,1,2,0.5
JLSL,0,1,1,0.0
JLSM,1,1,2,0.5
JLSN,1,0,1,1.0
JLSP,1,0,1,1.0
JLSS,0,1,1,0.0
JLSl,2,0,2,1.0
JLSm,0,1,1,0.0
JLSs,0,1,1,0.0
JLbB,0,1,1,0.0
JLbH,1,0,1,1.0
JLbL,0,1,1,0.0
JLbN,1,1,2,0.5
JLbP,0,1,1,0.0
JLbl,0,0,0,
JLbm,1,0,1,1.0
JLbn,0,0,0,
JLbs,0,0,0,
JLhH,0,1,1,0.0
JLhN,0,1,1,0.0
JLhP,1,1,2,0.5
JLhS,0,1,1,0.0
JLhb,0,1,1,0.0
JLhm,0,1,1,0.0
JLjs,0,0,0,
JLlD,1,0,1,1.0
JLlN,1,1,2,0.5
JLlP,0,1,1,0.0
JLlm,0,0,0,
JLln,1,1,2,0.5
JLls,0,1,1,0.0
JLmB,1,1,2,0.5
JLmD,0,1,1,0.0
JLmJ,0,1,1,0.0
JLmK,1,0,1,1.0
JLmM,1,0,1,1.0
JLmN,1,0,1,1.0
JLmP,0,0,0,
JLmS,1,0,1,1.0
JLmb,1,0,1,1.0
JLml,1,0,1,1.0
JLmm,0,0,0,
JLms,3,0,3,1.0
JLnB,0,0,0,
JLnD,1,1,2,0.5
JLnK,0,1,1,0.0
JLnN,3,2,5,0.6
JLnP,1,1,2,0.5
JLnS,0,1,1,0.0
JLnb,0,1,1,0.0
JLnm,1,1,2,0.5
JLnn,1,2,3,0.33
JLns,2,1,3,0.67
JLsH,0,0,0,
JLsM,0,2,2,0.0
JLsP,0,1,1,0.0
JLsS,3,1,4,0.75
JLsl,1,0,1,1.0
JLsm,1,2,3,0.33
JLsn,1,0,1,1.0
JLtB,1,0,1,1.0
JLtN,1,0,1,1.0
JLtb,0,1,1,0.0
JLtt,0,1,1,0.0
JMBB,2,1,3,0.67
JMBK,1,0,1,1.0
JMBL,0,1,1,0.0
JMBM,0,2,2,0.0
JMBN,0,1,1,0.0
JMBP,0,2,2,0.0
JMBS,2,2,4,0.5
JMBb,1,2,3,0.33
JMBj,0,1,1,0.0
JMBl,1,1,2,0.5
JMBm,1,0,1,1.0
JMBn,1,1,2,0.5
JMBs,0,0,0,
JMDH,1,0,1,1.0
JMDL,1,0,1,1.0
JMDM,0,1,1,0.0
JMDN,1,0,1,1.0
JMDP,0,1,1,0.0
JMDS,1,0,1,1.0
JMDb,1,0,1,1.0
JMDm,1,2,3,0.33
JMDn,0,1,1,0.0
JMDs,0,0,0,
JMIN,0,1,1,0.0
JMKN,0,1,1,0.0
JMKl,0,1,1,0.0
JMLB,1,1,2,0.5
JMLM,1,0,1,1.0
JMLN,0,3,3,0.0
JMLb,0,2,2,0.0
JMLl,1,0,1,1.0
JMLm,1,0,1,1.0
JMLn,1,1,2,0.5
JMMB,0,1,1,0.0
JMMD,1,0,1,1.0
JMMI,0,1,1,0.0
JMML,0,1,1,0.0
JMMM,0,5,5,0.0
JMMN,0,3,3,0.0
JMMP,2,2,4,0.5
JMMS,2,2,4,0.5
JMMb,4,0,4,1.0
JMMh,1,4,5,0.2
JMMm,1,5,6,0.17
JMMn,6,2,8,0.75
JMMs,0,2,2,0.0
JMNB,1,4,5,0.2
JMND,1,0,1,1.0
JMNL,1,2,3,0.33
JMNM,1,1,2,0.5
JMNN,2,1,3,0.67
JMNP,1,3,4,0.25
JMNS,2,0,2,1.0
JMNb,2,0,2,1.0
JMNm,0,3,3,0.0
JMNn,3,4,7,0.43
JMNs,0,2,2,0.0
JMPB,1,1,2,0.5
JMPH,2,0,2,1.0
JMPL,0,1,1,0.0
JMPM,5,4,9,0.56
JMPN,1,0,1,1.0
JMPP,3,4,7,0.43
JMPS,3,3,6,0.5
JMPb,5,3,8,0.62
JMPh,0,0,0,
JMPl,1,3,4,0.25
JMPm,3,3,6,0.5
JMPn,0,2,2,0.0
JMPs,2,1,3,0.67
JMSB,1,1,2,0.5
JMSM,1,1,2,0.5
JMSN,0,3,3,0.0
JMSP,2,1,3,0.67
JMSS,1,4,5,0.2
JMSb,0,0,0,
JMSh,2,0,2,1.0
JMSm,1,5,6,0.17
JMSn,1,3,4,0.25
JMSs,0,4,4,0.0
JMbB,2,2,4,0.5
JMbH,0,1,1,0.0
JMbI,1,0,1,1.0
JMbJ,1,1,2,0.5
JMbL,0,1,1,0.0
JMbM,1,1,2,0.5
JMbN,0,2,2,0.0
JMbP,0,2,2,0.0
JMbS,2,0,2,1.0
JMbb,1,2,3,0.33
JMbl,0,3,3,0.0
JMbm,2,3,5,0.4
JMbn,1,0,1,1.0
JMbs,0,1,1,0.0
JMhB,4,2,6,0.67
JMhD,0,1,1,0.0
JMhL,0,1,1,0.0
JMhM,1,2,3,0.33
JMhN,1,0,1,1.0
JMhP,2,0,2,1.0
JMhS,1,1,2,0.5
JMhb,1,0,1,1.0
JMhh,3,1,4,0.75
JMhm,2,2,4,0.5
JMhn,2,2,4,0.5
JMhs,0,2,2,0.0
JMjB,1,0,1,1.0
JMjM,0,1,1,0.0
JMjb,1,0,1,1.0
JMjl,1,0,1,1.0
JMjt,0,0,0,
JMlB,0,1,1,0.0
JMlH,1,0,1,1.0
JMlM,0,0,0,
JMlP,1,0,1,1.0
JMln,0,1,1,0.0
JMmB,4,2,6,0.67
JMmD,0,1,1,0.0
JMmH,4,4,8,0.5
JMmJ,1,2,3,0.33
JMmM,5,1,6,0.83
JMmN,3,1,4,0.75
JMmP,3,4,7,0.43
JMmS,0,5,5,0.0
JMmb,1,2,3,0.33
JMmh,0,1,1,0.0
JMml,2,1,3,0.67
JMmm,3,3,6,0.5
JMmn,6,3,9,0.67
JMms,2,2,4,0.5
JMnB,1,2,3,0.33
JMnH,1,0,1,1.0
JMnI,0,1,1,0.0
JMnL,2,1,3,0.67
JMnM,1,2,3,0.33
JMnN,6,3,9,0.67
JMnP,6,1,7,0.86
JMnS,0,2,2,0.0
JMnb,4,4,8,0.5
JMnl,1,0,1,1.0
JMnm,1,1,2,0.5
JMnn,2,1,3,0.67
JMns,2,1,3,0.67
JMnt,0,0,0,
JMsB,1,1,2,0.5
JMsI,1,0,1,1.0
JMsL,2,0,2,1.0
JMsM,2,2,4,0.5
JMsN,4,1,5,0.8
JMsP,1,1,2,0.5
JMsS,0,1,1,0.0
JMsb,3,0,3,1.0
JMsl,0,1,1,0.0
JMsn,2,1,3,0.67
JMss,3,3,6,0.5
JMtH,0,1,1,0.0
JMtb,2,0,2,1.0
JNBB,2,2,4,0.5
JNBK,1,1,2,0.5
JNBL,1,2,3,0.33
JNBM,1,3,4,0.25
JNBN,2,1,3,0.67
JNBP,5,1,6,0.83
JNBS,1,3,4,0.25
JNBb,1,1,2,0.5
JNBl,0,1,1,0.0
JNBm,2,2,4,0.5
JNBn,0,0,0,
JNBs,2,1,3,0.67
JNDB,2,0,2,1.0
JNDL,1,0,1,1.0
JNDS,0,1,1,0.0
JNDb,0,2,2,0.0
JNDl,1,0,1,1.0
JNHB,0,0,0,
JNHN,0,1,1,0.0
JNHh,0,0,0,
JNHm,0,0,0,
JNHn,0,1,1,0.0
JNHs,0,0,0,
JNIH,0,1,1,0.0
JNII,1,0,1,1.0
JNIP,1,0,1,1.0
JNKH,0,0,0,
JNKL,0,1,1,0.0
JNKM,1,1,2,0.5
JNKN,0,0,0,
JNKP,0,0,0,
JNKS,1,0,1,1.0
JNKm,0,0,0,
JNKn,1,0,1,1.0
JNLB,2,0,2,1.0
JNLM,0,1,1,0.0
JNLN,0,1,1,0.0
JNLl,0,1,1,0.0
JNLm,1,1,2,0.5
JNLn,0,1,1,0.0
JNMB,0,4,4,0.0
JNML,1,1,2,0.5
JNMM,2,1,3,0.67
JNMN,1,1,2,0.5
JNMP,4,2,6,0.67
JNMh,1,1,2,0.5
JNMl,1,2,3,0.33
JNMm,0,7,7,0.0
JNMn,1,3,4,0.25
JNMs,1,2,3,0.33
JNNB,0,3,3,0.0
JNND,0,0,0,
JNNM,3,3,6,0.5
JNNN,1,3,4,0.25
JNNP,0,1,1,0.0
JNNS,3,4,7,0.43
JNNb,1,3,4,0.25
JNNh,1,0,1,1.0
JNNl,0,1,1,0.0
JNNm,2,0,2,1.0
JNNn,2,2,4,0.5
JNNs,2,1,3,0.67
JNPB,2,0,2,1.0
JNPD,1,0,1,1.0
JNPH,1,0,1,1.0
JNPL,1,0,1,1.0
JNPM,2,2,4,0.5
JNPN,1,2,3,0.33
JNPP,4,3,7,0.57
JNPS,2,0,2,1.0
JNPb,4,1,5,0.8
JNPl,2,0,2,1.0
JNPm,3,1,4,0.75
JNPn,1,1,2,0.5
JNPs,1,4,5,0.2
JNSB,1,1,2,0.5
JNSH,0,1,1,0.0
JNSL,0,1,1,0.0
JNSN,2,2,4,0.5
JNSP,4,2,6,0.67
JNSS,4,1,5,0.8
JNSb,1,1,2,0.5
JNSh,0,2,2,0.0
JNSm,0,2,2,0.0
JNSn,1,2,3,0.33
JNSs,0,3,3,0.0
JNbB,0,1,1,0.0
JNbD,0,0,0,
JNbH,0,0,0,
JNbI,1,0,1,1.0
JNbJ,1,0,1,1.0
JNbL,1,0,1,1.0
JNbM,1,2,3,0.33
JNbN,2,0,2,1.0
JNbP,2,1,3,0.67
JNbS,1,1,2,0.5
JNbb,2,3,5,0.4
JNbm,1,2,3,0.33
JNbn,1,4,5,0.2
JNbs,1,0,1,1.0
JNhB,1,0,1,1.0
JNhD,0,1,1,0.0
JNhM,0,3,3,0.0
JNhN,0,1,1,0.0
JNhP,1,0,1,1.0
JNhS,0,0,0,
JNhb,0,2,2,0.0
JNhh,0,0,0,
JNhm,1,1,2,0.5
JNhs,2,1,3,0.67
JNlJ,0,1,1,0.0
JNlM,1,1,2,0.5
JNlP,0,3,3,0.0
JNlS,0,1,1,0.0
JNlb,1,1,2,0.5
JNll,0,1,1,0.0
JNlm,3,0,3,1.0
JNmB,1,1,2,0.5
JNmD,1,0,1,1.0
JNmH,5,4,9,0.56
JNmM,1,2,3,0.33
JNmN,1,3,4,0.25
JNmP,3,1,4,0.75
JNmS,3,0,3,1.0
JNmb,1,2,3,0.33
JNmh,0,0,0,
JNml,1,0,1,1.0
JNmm,3,1,4,0.75
JNmn,0,3,3,0.0
JNms,2,0,2,1.0
JNnB,4,0,4,1.0
JNnD,1,0,1,1.0
JNnH,1,0,1,1.0
JNnI,1,0,1,1.0
JNnK,0,0,0,
JNnL,0,3,3,0.0
JNnM,5,1,6,0.83
JNnN,2,5,7,0.29
JNnP,1,2,3,0.33
JNnS,1,1,2,0.5
JNnb,1,2,3,0.33
JNnm,2,1,3,0.67
JNnn,0,0,0,
JNns,3,2,5,0.6
JNsH,1,1,2,0.5
JNsI,0,1,1,0.0
JNsM,2,4,6,0.33
JNsN,3,1,4,0.75
JNsP,1,3,4,0.25
JNsS,1,5,6,0.17
JNsl,0,1,1,0.0
JNsm,3,2,5,0.6
JNsn,1,2,3,0.33
JNss,0,1,1,0.0
JNtB,1,1,2,0.5
JNtH,0,0,0,
JNtP,1,1,2,0.5
JNtb,0,1,1,0.0
JNtn,1,1,2,0.5
JNts,0,0,0,
JPBB,1,2,3,0.33
JPBK,0,1,1,0.0
JPBL,2,1,3,0.67
JPBM,2,2,4,0.5
JPBN,2,1,3,0.67
JPBP,2,2,4,0.5
JPBS,2,0,2,1.0
JPBb,3,2,5,0.6
JPBj,0,1,1,0.0
JPBm,1,1,2,0.5
JPBn,0,3,3,0.0
JPBs,2,0,2,1.0
JPBt,1,0,1,1.0
JPDB,1,1,2,0.5
JPDK,0,0,0,
JPDM,1,0,1,1.0
JPDP,1,0,1,1.0
JPDm,1,1,2,0.5
JPDs,0,1,1,0.0
JPHB,0,1,1,0.0
JPHM,2,1,3,0.67
JPHN,1,0,1,1.0
JPHP,1,0,1,1.0
JPHS,2,0,2,1.0
JPHb,0,3,3,0.0
JPHl,0,1,1,0.0
JPHn,0,1,1,0.0
JPHs,1,0,1,1.0
JPHt,0,1,1,0.0
JPIB,0,1,1,0.0
JPII,1,0,1,1.0
JPIM,1,0,1,1.0
JPIb,1,0,1,1.0
JPIl,1,0,1,1.0
JPKD,1,0,1,1.0
JPKM,0,2,2,0.0
JPKP,0,1,1,0.0
JPKS,0,1,1,0.0
JPKh,1,1,2,0.5
JPKl,0,0,0,
JPKm,1,0,1,1.0
JPKn,0,1,1,0.0
JPKs,1,0,1,1.0
JPLD,0,1,1,0.0
JPLK,0,0,0,
JPLL,1,0,1,1.0
JPLM,0,0,0,
JPLN,0,1,1,0.0
JPLP,1,2,3,0.33
JPLb,0,0,0,
JPLj,1,0,1,1.0
JPLl,1,0,1,1.0
JPLm,3,1,4,0.75
JPLn,2,2,4,0.5
JPLs,0,1,1,0.0
JPLt,0,2,2,0.0
JPMB,2,3,5,0.4
JPML,1,0,1,1.0
JPMM,2,4,6,0.33
JPMN,4,1,5,0.8
JPMP,4,1,5,0.8
JPMS,2,2,4,0.5
JPMb,3,4,7,0.43
JPMh,1,3,4,0.25
JPMj,2,1,3,0.67
JPMl,1,0,1,1.0
JPMm,1,1,2,0.5
JPMn,3,3,6,0.5
JPMs,3,3,6,0.5
JPMt,0,1,1,0.0
JPNB,2,2,4,0.5
JPNH,0,0,0,
JPNL,1,2,3,0.33
JPNM,2,3,5,0.4
JPNN,1,4,5,0.2
JPNP,8,5,13,0.62
JPNS,2,2,4,0.5
JPNb,2,3,5,0.4
JPNh,0,1,1,0.0
JPNl,2,0,2,1.0
JPNm,3,2,5,0.6
JPNn,5,6,11,0.45
JPPB,3,2,5,0.6
JPPD,0,1,1,0.0
JPPH,0,0,0,
JPPL,1,1,2,0.5
JPPM,6,5,11,0.55
JPPN,4,1,5,0.8
JPPP,9,5,14,0.64
JPPS,3,3,6,0.5
JPPb,4,3,7,0.57
JPPh,0,1,1,0.0
JPPl,0,3,3,0.0
JPPm,4,3,7,0.57
JPPn,1,1,2,0.5
JPPs,3,2,5,0.6
JPPt,1,1,2,0.5
JPSB,2,4,6,0.33
JPSM,1,1,2,0.5
JPSN,1,1,2,0.5
JPSP,0,2,2,0.0
JPSS,1,6,7,0.14
JPSb,0,0,0,
JPSh,0,1,1,0.0
JPSl,2,0,2,1.0
JPSm,2,1,3,0.67
JPSn,1,1,2,0.5
JPSs,1,0,1,1.0
JPbB,1,3,4,0.25
JPbH,0,2,2,0.0
JPbI,1,1,2,0.5
JPbJ,1,0,1,1.0
JPbL,0,3,3,0.0
JPbM,2,1,3,0.67
JPbN,2,5,7,0.29
JPbP,4,4,8,0.5
JPbS,1,2,3,0.33
JPbb,1,2,3,0.33
JPbl,2,1,3,0.67
JPbm,3,0,3,1.0
JPbn,1,1,2,0.5
JPbs,1,1,2,0.5
JPhB,0,0,0,
JPhL,1,0,1,1.0
JPhN,0,1,1,0.0
JPhP,2,1,3,0.67
JPhS,2,0,2,1.0
JPhb,0,1,1,0.0
JPhn,1,1,2,0.5
JPlB,0,0,0,
JPlH,1,1,2,0.5
JPlJ,0,1,1,0.0
JPlL,1,0,1,1.0
JPlM,2,0,2,1.0
JPlN,1,1,2,0.5
JPlP,1,0,1,1.0
JPlS,0,1,1,0.0
JPlb,1,0,1,1.0
JPlm,1,1,2,0.5
JPls,2,0,2,1.0
JPmB,1,2,3,0.33
JPmD,1,1,2,0.5
JPmH,3,5,8,0.38
JPmJ,0,1,1,0.0
JPmL,2,1,3,0.67
JPmM,2,4,6,0.33
JPmN,3,4,7,0.43
JPmP,2,1,3,0.67
JPmS,1,5,6,0.17
JPmb,3,4,7,0.43
JPml,0,2,2,0.0
JPmm,7,1,8,0.88
JPmn,2,0,2,1.0
JPms,2,0,2,1.0
JPnB,3,0,3,1.0
JPnD,0,1,1,0.0
JPnH,0,2,2,0.0
JPnK,1,0,1,1.0
JPnL,1,1,2,0.5
JPnM,3,4,7,0.43
JPnN,1,0,1,1.0
JPnP,1,6,7,0.14
JPnS,2,3,5,0.4
JPnb,1,1,2,0.5
JPnh,1,0,1,1.0
JPnm,3,0,3,1.0
JPnn,2,1,3,0.67
JPns,3,1,4,0.75
JPsB,0,3,3,0.0
JPsD,1,0,1,1.0
JPsH,0,1,1,0.0
JPsL,0,2,2,0.0
JPsM,0,2,2,0.0
JPsN,3,3,6,0.5
JPsP,1,1,2,0.5
JPsS,4,0,4,1.0
JPsb,2,1,3,0.67
JPsl,2,0,2,1.0
JPsm,3,2,5,0.6
JPsn,0,0,0,
JPss,2,1,3,0.67
JPtH,1,0,1,1.0
JPtP,0,0,0,
JPtb,0,0,0,
JPtn,1,1,2,0.5
JSBB,1,0,1,1.0
JSBD,0,1,1,0.0
JSBM,0,1,1,0.0
JSBN,0,1,1,0.0
JSBP,1,1,2,0.5
JSBb,4,1,5,0.8
JSBm,3,0,3,1.0
JSBn,1,1,2,0.5
JSBs,1,1,2,0.5
JSDH,0,0,0,
JSDM,2,0,2,1.0
JSDP,0,0,0,
JSDS,1,0,1,1.0
JSDl,0,1,1,0.0
JSDs,0,1,1,0.0
JSHB,2,1,3,0.67
JSHK,1,0,1,1.0
JSHM,1,0,1,1.0
JSHP,0,1,1,0.0
JSHb,2,0,2,1.0
JSHm,0,1,1,0.0
JSHn,0,0,0,
JSHs,0,3,3,0.0
JSIB,0,1,1,0.0
JSIN,0,0,0,
JSIS,1,0,1,1.0
JSKM,1,0,1,1.0
JSLB,0,1,1,0.0
JSLM,0,1,1,0.0
JSLN,2,0,2,1.0
JSLP,0,0,0,
JSLS,1,0,1,1.0
JSLb,0,0,0,
JSLh,1,0,1,1.0
JSLn,3,0,3,1.0
JSLs,1,1,2,0.5
JSMB,1,0,1,1.0
JSMD,0,0,0,
JSMM,1,7,8,0.12
JSMN,3,1,4,0.75
JSMP,3,1,4,0.75
JSMS,2,1,3,0.67
JSMb,0,1,1,0.0
JSMh,0,1,1,0.0
JSMl,1,0,1,1.0
JSMm,3,1,4,0.75
JSMn,1,1,2,0.5
JSMs,0,1,1,0.0
JSMt,0,1,1,0.0
JSNH,0,1,1,0.0
JSNM,1,1,2,0.5
JSNN,1,1,2,0.5
JSNP,3,0,3,1.0
JSNS,0,2,2,0.0
JSNm,3,0,3,1.0
JSNn,1,2,3,0.33
JSNs,1,1,2,0.5
JSPB,1,0,1,1.0
JSPH,1,0,1,1.0
JSPI,1,1,2,0.5
JSPL,1,1,2,0.5
JSPN,2,1,3,0.67
JSPP,2,4,6,0.33
JSPS,2,4,6,0.33
JSPm,2,0,2,1.0
JSPn,1,1,2,0.5
JSPs,3,1,4,0.75
JSSB,2,0,2,1.0
JSSD,1,0,1,1.0
JSSL,1,0,1,1.0
JSSM,3,2,5,0.6
JSSN,2,1,3,0.67
JSSP,1,1,2,0.5
JSSS,0,2,2,0.0
JSSb,0,3,3,0.0
JSSh,1,0,1,1.0
JSSm,1,0,1,1.0
JSSn,0,1,1,0.0
JSSs,1,1,2,0.5
JSSt,0,1,1,0.0
JSbB,1,1,2,0.5
JSbD,1,1,2,0.5
JSbH,1,0,1,1.0
JSbJ,0,1,1,0.0
JSbM,2,1,3,0.67
JSbN,3,1,4,0.75
JSbP,1,1,2,0.5
JSbS,2,0,2,1.0
JSbb,1,0,1,1.0
JSbl,0,1,1,0.0
JSbm,1,2,3,0.33
JSbs,0,0,0,
JShB,1,0,1,1.0
JShI,0,1,1,0.0
JShM,1,0,1,1.0
JShN,0,1,1,0.0
JShP,0,3,3,0.0
JShS,1,0,1,1.0
JShb,1,0,1,1.0
JShm,0,1,1,0.0
JShn,1,1,2,0.5
JShs,3,0,3,1.0
JSlN,0,1,1,0.0
JSlb,0,1,1,0.0
JSll,0,1,1,0.0
JSlm,0,0,0,
JSln,2,0,2,1.0
JSls,0,1,1,0.0
JSmB,0,2,2,0.0
JSmD,1,2,3,0.33
JSmH,2,1,3,0.67
JSmL,0,4,4,0.0
JSmM,2,2,4,0.5
JSmN,3,0,3,1.0
JSmP,0,0,0,
JSmS,1,2,3,0.33
JSmb,2,0,2,1.0
JSmm,1,1,2,0.5
JSmn,2,0,2,1.0
JSms,0,1,1,0.0
JSnB,0,1,1,0.0
JSnM,0,3,3,0.0
JSnN,2,0,2,1.0
JSnP,1,2,3,0.33
JSnS,1,2,3,0.33
JSnb,1,0,1,1.0
JSnm,2,0,2,1.0
JSnn,2,1,3,0.67
JSns,0,1,1,0.0
JSsB,0,2,2,0.0
JSsD,0,1,1,0.0
JSsH,2,0,2,1.0
JSsM,0,4,4,0.0
JSsN,0,0,0,
JSsP,1,2,3,0.33
JSsS,0,1,1,0.0
JSsb,1,1,2,0.5
JSsh,1,2,3,0.33
JSsl,1,0,1,1.0
JSsm,1,0,1,1.0
JSsn,1,1,2,0.5
JSss,1,0,1,1.0
JStB,0,1,1,0.0
JStD,0,0,0,
JStM,0,1,1,0.0
JStP,2,0,2,1.0
JStb,1,1,2,0.5
JSts,0,2,2,0.0
JbBB,0,1,1,0.0
JbBD,0,0,0,
JbBK,0,0,0,
JbBL,1,2,3,0.33
JbBM,0,1,1,0.0
JbBN,2,0,2,1.0
JbBP,2,4,6,0.33
JbBS,3,1,4,0.75
JbBb,1,5,6,0.17
JbBj,2,0,2,1.0
JbBl,0,1,1,0.0
JbBm,0,2,2,0.0
JbBn,1,1,2,0.5
JbBs,0,0,0,
JbBt,1,0,1,1.0
JbDM,0,2,2,0.0
JbDP,0,1,1,0.0
JbDS,1,0,1,1.0
JbDl,1,0,1,1.0
JbHH,0,1,1,0.0
JbHP,0,2,2,0.0
JbHb,2,1,3,0.67
JbHn,1,0,1,1.0
JbHs,0,0,0,
JbIB,0,1,1,0.0
JbIP,1,1,2,0.5
JbIS,0,1,1,0.0
JbIn,1,0,1,1.0
JbJI,1,0,1,1.0
JbJK,0,1,1,0.0
JbJL,0,3,3,0.0
JbJM,0,2,2,0.0
JbJN,2,0,2,1.0
JbJP,0,1,1,0.0
JbKB,0,0,0,
JbLB,1,1,2,0.5
JbLM,1,0,1,1.0
JbLN,1,0,1,1.0
JbLP,1,1,2,0.5
JbLh,0,1,1,0.0
JbLl,1,1,2,0.5
JbLs,1,0,1,1.0
JbMB,3,0,3,1.0
JbMD,0,2,2,0.0
JbML,2,1,3,0.67
JbMM,0,3,3,0.0
JbMN,1,2,3,0.33
JbMP,1,5,6,0.17
JbMS,2,2,4,0.5
JbMb,1,0,1,1.0
JbMh,1,0,1,1.0
JbMl,0,1,1,0.0
JbMm,4,1,5,0.8
JbMn,0,3,3,0.0
JbMs,2,0,2,1.0
JbNB,2,4,6,0.33
JbNH,0,1,1,0.0
JbNL,0,2,2,0.0
JbNM,2,2,4,0.5
JbNN,0,5,5,0.0
JbNP,3,2,5,0.6
JbNS,2,0,2,1.0
JbNb,1,1,2,0.5
JbNh,3,0,3,1.0
JbNl,1,0,1,1.0
JbNm,4,3,7,0.57
JbNn,2,0,2,1.0
JbNt,0,0,0,
JbPB,0,1,1,0.0
JbPH,0,2,2,0.0
JbPK,2,1,3,0.67
JbPL,0,2,2,0.0
JbPM,1,1,2,0.5
JbPN,2,3,5,0.4
JbPP,2,2,4,0.5
JbPS,2,2,4,0.5
JbPb,2,2,4,0.5
JbPl,2,2,4,0.5
JbPm,1,0,1,1.0
JbPn,0,1,1,0.0
JbPs,1,2,3,0.33
JbPt,1,2,3,0.33
JbSB,1,1,2,0.5
JbSD,0,1,1,0.0
JbSH,1,0,1,1.0
JbSM,0,2,2,0.0
JbSN,0,2,2,0.0
JbSP,0,1,1,0.0
JbSb,1,0,1,1.0
JbSm,0,2,2,0.0
JbSn,1,1,2,0.5
JbSs,1,2,3,0.33
JbSt,0,1,1,0.0
JbbB,4,2,6,0.67
JbbH,1,0,1,1.0
JbbJ,1,0,1,1.0
JbbL,2,1,3,0.67
JbbM,1,4,5,0.2
JbbN,2,1,3,0.67
JbbP,6,4,10,0.6
JbbS,0,1,1,0.0
Jbbb,6,2,8,0.75
Jbbm,2,3,5,0.4
Jbbn,0,1,1,0.0
Jbbs,0,1,1,0.0
JblB,1,1,2,0.5
JblD,1,0,1,1.0
JblH,2,0,2,1.0
JblM,1,1,2,0.5
JblN,2,1,3,0.67
Jblb,1,0,1,1.0
Jbll,1,0,1,1.0
Jbln,2,1,3,0.67
JbmB,3,2,5,0.6
JbmD,0,1,1,0.0
JbmH,0,1,1,0.0
JbmJ,1,0,1,1.0
JbmL,1,1,2,0.5
JbmM,1,3,4,0.25
JbmN,1,2,3,0.33
JbmP,1,5,6,0.17
Jbmb,2,2,4,0.5
Jbmm,5,0,5,1.0
Jbmn,1,0,1,1.0
Jbms,1,0,1,1.0
JbnB,0,3,3,0.0
JbnD,1,1,2,0.5
JbnH,0,1,1,0.0
JbnL,0,0,0,
JbnM,5,1,6,0.83
JbnN,2,1,3,0.67
JbnP,3,2,5,0.6
JbnS,1,1,2,0.5
Jbnb,1,2,3,0.33
Jbnl,0,0,0,
Jbnm,3,0,3,1.0
Jbnn,1,1,2,0.5
Jbns,1,0,1,1.0
JbsB,0,1,1,0.0
JbsL,0,1,1,0.0
JbsM,2,0,2,1.0
JbsS,0,1,1,0.0
Jbsb,1,0,1,1.0
Jbsl,0,0,0,
Jbsm,0,1,1,0.0
JhBS,0,1,1,0.0
JhBb,0,2,2,0.0
JhBn,0,1,1,0.0
JhDM,0,1,1,0.0
JhIN,0,0,0,
JhIl,1,0,1,1.0
JhLB,0,1,1,0.0
JhLn,0,1,1,0.0
JhMB,1,1,2,0.5
JhMH,1,0,1,1.0
JhMM,0,1,1,0.0
JhMP,0,0,0,
JhMS,0,1,1,0.0
JhMb,0,1,1,0.0
JhMn,1,0,1,1.0
JhMs,0,1,1,0.0
JhNH,1,0,1,1.0
JhNn,0,1,1,0.0
JhPK,1,0,1,1.0
JhPL,1,0,1,1.0
JhPN,0,2,2,0.0
JhPP,0,1,1,0.0
JhPl,1,0,1,1.0
JhPm,0,1,1,0.0
JhPn,0,0,0,
JhPs,0,1,1,0.0
JhbS,1,0,1,1.0
Jhbs,0,0,0,
JhhM,1,0,1,1.0
JhhS,0,1,1,0.0
Jhhm,1,0,1,1.0
Jhlm,0,1,1,0.0
JhmB,1,0,1,1.0
JhmH,1,0,1,1.0
JhmK,0,1,1,0.0
JhmM,1,0,1,1.0
JhmN,0,2,2,0.0
JhmP,0,1,1,0.0
Jhmb,0,0,0,
Jhml,0,0,0,
Jhmm,1,0,1,1.0
Jhmn,1,0,1,1.0
JhnS,0,1,1,0.0
Jhnn,1,0,1,1.0
JhsM,1,0,1,1.0
JhsS,1,0,1,1.0
JlBB,0,2,2,0.0
JlBM,2,0,2,1.0
JlBN,1,3,4,0.25
JlBP,0,0,0,
JlBl,0,2,2,0.0
JlBm,1,1,2,0.5
JlBs,1,0,1,1.0
JlDB,0,1,1,0.0
JlHD,1,0,1,1.0
JlHL,0,1,1,0.0
JlHP,2,0,2,1.0
JlHs,0,1,1,0.0
JlIN,1,0,1,1.0
JlJH,1,0,1,1.0
JlJb,1,0,1,1.0
JlKM,0,0,0,
JlKS,0,1,1,0.0
JlKb,0,1,1,0.0
JlLB,0,1,1,0.0
JlLP,1,0,1,1.0
JlLS,1,0,1,1.0
JlLj,1,0,1,1.0
JlLm,2,0,2,1.0
JlLn,0,2,2,0.0
JlMB,0,1,1,0.0
JlMM,2,0,2,1.0
JlMN,0,1,1,0.0
JlMP,0,2,2,0.0
JlMS,1,0,1,1.0
JlMb,0,1,1,0.0
JlMh,0,1,1,0.0
JlMm,1,0,1,1.0
JlMn,0,1,1,0.0
JlMs,2,1,3,0.67
JlNB,1,0,1,1.0
JlND,0,1,1,0.0
JlNH,0,1,1,0.0
JlNM,1,2,3,0.33
JlNN,0,1,1,0.0
JlNP,0,1,1,0.0
JlNS,0,0,0,
JlNb,2,1,3,0.67
JlNm,1,0,1,1.0
JlNs,2,1,3,0.67
JlPB,0,1,1,0.0
JlPH,0,1,1,0.0
JlPL,0,1,1,0.0
JlPM,0,3,3,0.0
JlPP,3,2,5,0.6
JlPl,0,0,0,
JlPm,0,1,1,0.0
JlPs,2,1,3,0.67
JlSB,1,1,2,0.5
JlSL,1,0,1,1.0
JlSP,0,0,0,
JlSm,2,0,2,1.0
JlSn,0,1,1,0.0
JlSs,0,1,1,0.0
JlbI,0,1,1,0.0
JlbL,1,0,1,1.0
JlbM,2,0,2,1.0
JlbN,1,0,1,1.0
JlbP,2,1,3,0.67
JlbS,0,1,1,0.0
Jlbb,0,1,1,0.0
Jlbl,1,1,2,0.5
Jlbn,2,0,2,1.0
JllB,2,0,2,1.0
JllM,0,1,1,0.0
JllN,0,1,1,0.0
JllP,0,1,1,0.0
Jllm,0,1,1,0.0
JlmH,1,0,1,1.0
JlmL,0,1,1,0.0
JlmM,1,1,2,0.5
JlmN,2,1,3,0.67
JlmS,0,0,0,
Jlmb,4,1,5,0.8
Jlmm,1,1,2,0.5
Jlmn,0,1,1,0.0
Jlms,1,0,1,1.0
JlnD,0,1,1,0.0
JlnH,0,1,1,0.0
JlnM,0,2,2,0.0
JlnP,0,0,0,
JlnS,0,1,1,0.0
Jlnb,1,2,3,0.33
Jlnl,0,1,1,0.0
Jlns,0,1,1,0.0
JlsH,0,1,1,0.0
JlsL,1,0,1,1.0
Jlsb,2,0,2,1.0
Jlsm,0,1,1,0.0
JmBB,4,4,8,0.5
JmBD,0,1,1,0.0
JmBM,3,1,4,0.75
JmBN,0,2,2,0.0
JmBP,0,5,5,0.0
JmBS,0,4,4,0.0
JmBb,1,1,2,0.5
JmBm,4,2,6,0.67
JmBn,4,0,4,1.0
JmBs,2,3,5,0.4
JmBt,1,1,2,0.5
JmDB,0,4,4,0.0
JmDD,0,1,1,0.0
JmDH,0,1,1,0.0
JmDM,1,0,1,1.0
JmDN,1,0,1,1.0
JmDP,0,1,1,0.0
JmDb,0,1,1,0.0
JmDm,1,0,1,1.0
JmDn,0,0,0,
JmHB,0,1,1,0.0
JmHL,0,1,1,0.0
JmHM,1,1,2,0.5
JmHN,2,2,4,0.5
JmHP,1,0,1,1.0
JmHS,1,0,1,1.0
JmHb,0,0,0,
JmHh,1,1,2,0.5
JmHl,0,2,2,0.0
JmHm,1,0,1,1.0
JmHn,2,1,3,0.67
JmHs,3,3,6,0.5
JmIP,0,1,1,0.0
JmIn,0,0,0,
JmJM,1,3,4,0.25
JmJN,0,1,1,0.0
JmJS,0,1,1,0.0
JmJb,0,1,1,0.0
JmJm,1,0,1,1.0
JmKL,0,0,0,
JmLB,0,1,1,0.0
JmLL,1,0,1,1.0
JmLM,0,1,1,0.0
JmLP,0,0,0,
JmLS,0,2,2,0.0
JmLb,0,2,2,0.0
JmLh,0,0,0,
JmLl,1,0,1,1.0
JmLm,3,1,4,0.75
JmMB,3,3,6,0.5
JmMD,3,0,3,1.0
JmMM,1,5,6,0.17
JmMN,5,3,8,0.62
JmMP,4,1,5,0.8
JmMS,1,3,4,0.25
JmMb,1,3,4,0.25
JmMh,0,1,1,0.0
JmMj,0,1,1,0.0
JmMm,2,1,3,0.67
JmMn,4,4,8,0.5
JmMs,1,2,3,0.33
JmMt,1,0,1,1.0
JmNB,1,2,3,0.33
JmNL,0,1,1,0.0
JmNM,1,4,5,0.2
JmNN,4,2,6,0.67
JmNP,3,7,10,0.3
JmNS,2,1,3,0.67
JmNb,0,1,1,0.0
JmNh,1,0,1,1.0
JmNm,3,4,7,0.43
JmNn,3,3,6,0.5
JmNs,1,1,2,0.5
JmNt,1,0,1,1.0
JmPB,3,4,7,0.43
JmPD,1,0,1,1.0
JmPH,0,0,0,
JmPI,0,2,2,0.0
JmPK,1,1,2,0.5
JmPL,0,0,0,
JmPM,1,3,4,0.25
JmPN,4,1,5,0.8
JmPP,3,3,6,0.5
JmPS,0,1,1,0.0
JmPb,4,1,5,0.8
JmPh,0,1,1,0.0
JmPl,1,1,2,0.5
JmPm,2,0,2,1.0
JmPn,2,0,2,1.0
JmPs,1,1,2,0.5
JmSB,1,0,1,1.0
JmSD,0,1,1,0.0
JmSH,0,1,1,0.0
JmSM,2,0,2,1.0
JmSN,0,1,1,0.0
JmSP,1,2,3,0.33
JmSS,0,2,2,0.0
JmSb,1,0,1,1.0
JmSh,0,2,2,0.0
JmSl,0,0,0,
JmSn,0,3,3,0.0
JmSs,3,1,4,0.75
JmbB,2,4,6,0.33
JmbH,1,0,1,1.0
JmbI,0,1,1,0.0
JmbK,0,0,0,
JmbL,0,1,1,0.0
JmbM,1,4,5,0.2
JmbN,4,3,7,0.57
JmbP,1,5,6,0.17
JmbS,2,0,2,1.0
Jmbb,4,1,5,0.8
Jmbl,1,0,1,1.0
Jmbm,3,0,3,1.0
Jmbn,3,2,5,0.6
Jmbs,1,0,1,1.0
JmhN,1,0,1,1.0
Jmhh,0,1,1,0.0
JmlB,0,1,1,0.0
JmlH,0,0,0,
JmlI,0,0,0,
JmlM,1,1,2,0.5
JmlP,0,2,2,0.0
JmlS,1,0,1,1.0
Jmll,1,0,1,1.0
Jmlm,1,0,1,1.0
Jmln,0,1,1,0.0
JmmB,7,1,8,0.88
JmmH,1,0,1,1.0
JmmL,1,1,2,0.5
JmmM,5,1,6,0.83
JmmN,2,1,3,0.67
JmmP,2,2,4,0.5
JmmS,1,3,4,0.25
Jmmb,4,4,8,0.5
Jmmm,2,5,7,0.29
Jmmn,3,2,5,0.6
Jmms,1,0,1,1.0
JmnB,0,5,5,0.0
JmnD,0,0,0,
JmnH,1,0,1,1.0
JmnK,0,1,1,0.0
JmnM,0,4,4,0.0
JmnN,3,3,6,0.5
JmnP,3,2,5,0.6
Jmnb,1,1,2,0.5
Jmnh,0,1,1,0.0
Jmnm,1,0,1,1.0
Jmnn,1,1,2,0.5
Jmns,1,0,1,1.0
JmsB,0,2,2,0.0
JmsH,1,1,2,0.5
JmsI,0,1,1,0.0
JmsL,2,0,2,1.0
JmsM,0,0,0,
JmsN,1,1,2,0.5
JmsP,1,2,3,0.33
JmsS,0,1,1,0.0
Jmsm,4,1,5,0.8
Jmsn,5,3,8,0.62
Jmss,2,1,3,0.67
JnBB,2,3,5,0.4
JnBL,1,1,2,0.5
JnBN,0,1,1,0.0
JnBP,1,2,3,0.33
JnBS,0,2,2,0.0
JnBb,1,2,3,0.33
JnBj,2,0,2,1.0
JnBl,0,1,1,0.0
JnBm,0,2,2,0.0
JnBn,1,0,1,1.0
JnBs,0,1,1,0.0
JnBt,0,1,1,0.0
JnDB,0,1,1,0.0
JnDH,1,0,1,1.0
JnDM,1,0,1,1.0
JnDN,0,1,1,0.0
JnDP,0,1,1,0.0
JnDb,1,0,1,1.0
JnDm,1,2,3,0.33
JnDn,0,0,0,
JnHB,0,2,2,0.0
JnHK,1,0,1,1.0
JnHM,1,0,1,1.0
JnHN,2,0,2,1.0
JnHP,1,0,1,1.0
JnHb,1,1,2,0.5
JnHh,0,1,1,0.0
JnHm,3,0,3,1.0
JnHn,0,0,0,
JnIH,0,0,0,
JnII,0,1,1,0.0
JnIL,0,1,1,0.0
JnIM,0,0,0,
JnIP,2,2,4,0.5
JnIb,2,0,2,1.0
JnIm,0,1,1,0.0
JnIn,0,1,1,0.0
JnIs,1,1,2,0.5
JnKL,1,0,1,1.0
JnLB,0,1,1,0.0
JnLN,0,1,1,0.0
JnLP,0,1,1,0.0
JnLS,0,0,0,
JnLb,1,1,2,0.5
JnLl,2,0,2,1.0
JnLn,0,2,2,0.0
JnLs,1,0,1,1.0
JnMB,1,0,1,1.0
JnMD,0,1,1,0.0
JnMM,2,1,3,0.67
JnMN,0,1,1,0.0
JnMP,1,0,1,1.0
JnMS,1,0,1,1.0
JnMb,2,5,7,0.29
JnMh,1,2,3,0.33
JnMl,0,1,1,0.0
JnMm,1,3,4,0.25
JnMn,1,2,3,0.33
JnMs,1,0,1,1.0
JnNB,1,2,3,0.33
JnND,1,0,1,1.0
JnNK,1,0,1,1.0
JnNL,1,1,2,0.5
JnNM,4,3,7,0.57
JnNN,1,2,3,0.33
JnNP,4,1,5,0.8
JnNS,3,0,3,1.0
JnNb,1,1,2,0.5
JnNh,1,0,1,1.0
JnNm,1,2,3,0.33
JnNn,4,2,6,0.67
JnNs,1,1,2,0.5
JnNt,0,0,0,
JnPB,2,0,2,1.0
JnPH,0,2,2,0.0
JnPL,2,0,2,1.0
JnPM,1,2,3,0.33
JnPN,0,4,4,0.0
JnPP,5,3,8,0.62
JnPS,1,4,5,0.2
JnPb,1,1,2,0.5
JnPh,0,0,0,
JnPl,1,0,1,1.0
JnPm,3,1,4,0.75
JnPn,1,3,4,0.25
JnPs,1,0,1,1.0
JnPt,0,1,1,0.0
JnSB,1,1,2,0.5
JnSH,0,0,0,
JnSL,0,0,0,
JnSM,2,2,4,0.5
JnSN,0,1,1,0.0
JnSP,0,1,1,0.0
JnSS,1,2,3,0.33
JnSh,1,0,1,1.0
JnSl,2,0,2,1.0
JnSm,1,2,3,0.33
JnSn,1,1,2,0.5
JnSs,1,1,2,0.5
JnSt,0,1,1,0.0
JnbB,1,3,4,0.25
JnbI,1,0,1,1.0
JnbJ,1,1,2,0.5
JnbM,1,1,2,0.5
JnbN,4,0,4,1.0
JnbP,0,3,3,0.0
Jnbb,0,0,0,
Jnbm,0,0,0,
Jnbn,1,1,2,0.5
Jnbs,1,0,1,1.0
Jnhs,0,1,1,0.0
JnlB,0,1,1,0.0
JnlM,1,0,1,1.0
JnlN,0,1,1,0.0
JnlS,0,1,1,0.0
Jnlb,1,0,1,1.0
Jnlm,0,0,0,
Jnln,1,0,1,1.0
Jnls,1,0,1,1.0
JnmB,0,2,2,0.0
JnmD,0,2,2,0.0
JnmH,0,1,1,0.0
JnmJ,1,0,1,1.0
JnmM,2,1,3,0.67
JnmN,2,1,3,0.67
JnmP,1,0,1,1.0
JnmS,2,2,4,0.5
Jnmb,2,1,3,0.67
Jnmm,0,2,2,0.0
Jnmn,2,1,3,0.67
Jnms,2,0,2,1.0
JnnB,2,1,3,0.67
JnnD,0,1,1,0.0
JnnH,1,2,3,0.33
JnnI,0,1,1,0.0
JnnK,0,1,1,0.0
JnnM,0,2,2,0.0
JnnN,2,1,3,0.67
JnnP,2,1,3,0.67
JnnS,2,1,3,0.67
Jnnb,3,0,3,1.0
Jnnl,0,1,1,0.0
Jnnm,1,0,1,1.0
Jnnn,3,3,6,0.5
JnsB,0,1,1,0.0
JnsH,0,1,1,0.0
JnsI,1,0,1,1.0
JnsL,0,1,1,0.0
JnsM,0,3,3,0.0
JnsN,0,1,1,0.0
JnsP,1,0,1,1.0
JnsS,1,2,3,0.33
Jnsb,1,0,1,1.0
Jnsm,3,1,4,0.75
Jnsn,0,2,2,0.0
Jnss,3,0,3,1.0
JntK,1,0,1,1.0
JsBD,1,0,1,1.0
JsBK,0,1,1,0.0
JsBM,2,4,6,0.33
JsBN,1,1,2,0.5
JsBP,1,1,2,0.5
JsBS,0,1,1,0.0
JsBm,1,2,3,0.33
JsBn,2,2,4,0.5
JsBs,1,1,2,0.5
JsBt,0,0,0,
JsDD,0,0,0,
JsDH,0,1,1,0.0
JsDM,0,2,2,0.0
JsDN,0,1,1,0.0
JsDm,0,1,1,0.0
JsDn,0,0,0,
JsHB,0,1,1,0.0
JsHD,0,0,0,
JsHL,0,1,1,0.0
JsHN,1,0,1,1.0
JsHP,1,0,1,1.0
JsHS,1,1,2,0.5
JsHh,0,2,2,0.0
JsHl,1,2,3,0.33
JsHm,1,0,1,1.0
JsHn,0,0,0,
JsHs,1,0,1,1.0
JsIM,0,0,0,
JsKS,0,1,1,0.0
JsLB,0,1,1,0.0
JsLM,0,1,1,0.0
JsLN,0,2,2,0.0
JsLP,0,1,1,0.0
JsLb,0,1,1,0.0
JsLn,0,2,2,0.0
JsLs,1,1,2,0.5
JsLt,0,1,1,0.0
JsMB,1,1,2,0.5
JsMD,0,1,1,0.0
JsML,0,1,1,0.0
JsMM,3,1,4,0.75
JsMN,1,1,2,0.5
JsMP,1,3,4,0.25
JsMS,0,0,0,
JsMb,1,0,1,1.0
JsMh,0,3,3,0.0
JsMm,3,1,4,0.75
JsMn,2,4,6,0.33
JsMs,2,0,2,1.0
JsNH,1,0,1,1.0
JsNK,0,0,0,
JsNM,0,1,1,0.0
JsNN,2,0,2,1.0
JsNP,2,4,6,0.33
JsNS,0,2,2,0.0
JsNm,3,2,5,0.6
JsNn,1,1,2,0.5
JsNs,1,2,3,0.33
JsPB,0,1,1,0.0
JsPH,1,1,2,0.5
JsPI,1,0,1,1.0
JsPL,0,1,1,0.0
JsPM,1,2,3,0.33
JsPN,2,1,3,0.67
JsPP,1,3,4,0.25
JsPS,0,1,1,0.0
JsPb,0,1,1,0.0
JsPl,2,1,3,0.67
JsPm,0,2,2,0.0
JsPn,1,4,5,0.2
JsPs,2,0,2,1.0
JsSB,1,1,2,0.5
JsSH,0,1,1,0.0
JsSM,1,1,2,0.5
JsSN,2,1,3,0.67
JsSP,1,1,2,0.5
JsSS,1,2,3,0.33
JsSb,0,2,2,0.0
JsSl,2,0,2,1.0
JsSm,2,1,3,0.67
JsSn,0,3,3,0.0
JsSs,1,2,3,0.33
JsSt,1,1,2,0.5
JsbB,1,0,1,1.0
JsbK,1,1,2,0.5
JsbM,0,1,1,0.0
JsbN,3,1,4,0.75
JsbP,2,1,3,0.67
JsbS,0,2,2,0.0
Jsbl,1,0,1,1.0
Jsbn,1,1,2,0.5
Jsbs,1,2,3,0.33
JshP,0,0,0,
Jshl,0,1,1,0.0
Jshm,0,0,0,
JslI,0,1,1,0.0
JslM,2,0,2,1.0
JslN,0,1,1,0.0
JslS,0,1,1,0.0
Jsln,1,0,1,1.0
Jsls,1,0,1,1.0
JsmB,2,3,5,0.4
JsmH,0,1,1,0.0
JsmJ,0,1,1,0.0
JsmL,0,2,2,0.0
JsmM,1,3,4,0.25
JsmN,2,4,6,0.33
JsmP,1,1,2,0.5
JsmS,2,2,4,0.5
Jsmb,2,0,2,1.0
Jsml,0,0,0,
Jsmm,1,0,1,1.0
Jsmn,0,1,1,0.0
JsnB,1,0,1,1.0
JsnH,0,1,1,0.0
JsnM,1,2,3,0.33
JsnN,0,1,1,0.0
JsnP,2,1,3,0.67
JsnS,0,1,1,0.0
Jsnb,1,0,1,1.0
Jsnl,1,0,1,1.0
Jsnm,1,2,3,0.33
Jsnn,0,1,1,0.0
Jsns,0,1,1,0.0
JssB,0,1,1,0.0
JssD,0,1,1,0.0
JssL,1,0,1,1.0
JssM,1,0,1,1.0
JssP,1,1,2,0.5
JssS,2,0,2,1.0
Jssb,1,0,1,1.0
Jssl,2,0,2,1.0
Jssm,1,0,1,1.0
Jssn,0,1,1,0.0
Jsss,1,2,3,0.33
JstP,1,0,1,1.0
Jsts,0,1,1,0.0
JtBL,0,1,1,0.0
JtBM,1,2,3,0.33
JtBP,0,1,1,0.0
JtBn,0,1,1,0.0
JtDM,0,0,0,
JtDP,0,1,1,0.0
JtHB,0,1,1,0.0
JtHM,0,1,1,0.0
JtHh,0,1,1,0.0
JtHm,1,1,2,0.5
JtKs,1,0,1,1.0
JtLP,0,1,1,0.0
JtLn,1,0,1,1.0
JtMP,1,1,2,0.5
JtMS,2,0,2,1.0
JtMs,1,0,1,1.0
JtNB,1,0,1,1.0
JtNM,0,1,1,0.0
JtNN,1,1,2,0.5
JtNP,0,1,1,0.0
JtNS,1,0,1,1.0
JtNm,2,0,2,1.0
JtPL,0,1,1,0.0
JtPM,0,1,1,0.0
JtPP,0,1,1,0.0
JtPm,0,1,1,0.0
JtPs,0,1,1,0.0
JtSM,1,0,1,1.0
JtSS,0,1,1,0.0
JtSh,0,1,1,0.0
JtSs,0,1,1,0.0
Jtbl,1,0,1,1.0
Jtbn,0,1,1,0.0
JtlL,1,0,1,1.0
JtlN,1,0,1,1.0
Jtll,1,0,1,1.0
Jtmb,0,2,2,0.0
Jtmh,0,0,0,
Jtml,0,0,0,
JtnD,0,0,0,
JtnH,0,2,2,0.0
JtnM,1,0,1,1.0
JtnS,1,2,3,0.33
Jtnn,1,0,1,1.0
JtsH,1,0,1,1.0
JtsP,0,0,0,
JtsS,1,0,1,1.0
Jtsm,1,0,1,1.0
Jtsn,2,0,2,1.0
KBBB,1,0,1,1.0
KBBD,0,1,1,0.0
KBBL,1,0,1,1.0
KBBM,2,2,4,0.5
KBBN,1,6,7,0.14
KBBP,1,4,5,0.2
KBBS,0,3,3,0.0
KBBb,4,1,5,0.8
KBBj,0,1,1,0.0
KBBl,1,0,1,1.0
KBBm,1,1,2,0.5
KBBn,2,5,7,0.29
KBBs,1,1,2,0.5
KBDB,0,1,1,0.0
KBDD,1,0,1,1.0
KBDH,0,2,2,0.0
KBDM,1,0,1,1.0
KBDN,1,0,1,1.0
KBDP,1,1,2,0.5
KBDb,0,1,1,0.0
KBDm,1,3,4,0.25
KBDs,1,0,1,1.0
KBHm,1,0,1,1.0
KBKB,1,0,1,1.0
KBKI,0,1,1,0.0
KBKM,1,1,2,0.5
KBKP,2,0,2,1.0
KBKS,1,0,1,1.0
KBKb,0,1,1,0.0
KBKl,1,0,1,1.0
KBKn,0,0,0,
KBLB,1,1,2,0.5
KBLM,1,0,1,1.0
KBLN,2,0,2,1.0
KBLP,1,0,1,1.0
KBLS,1,0,1,1.0
KBLh,1,0,1,1.0
KBLl,1,2,3,0.33
KBLm,2,0,2,1.0
KBLn,1,1,2,0.5
KBLs,1,0,1,1.0
KBLt,1,0,1,1.0
KBMB,2,1,3,0.67
KBMD,0,0,0,
KBML,2,0,2,1.0
KBMM,2,2,4,0.5
KBMN,3,2,5,0.6
KBMP,4,1,5,0.8
KBMS,1,2,3,0.33
KBMb,2,5,7,0.29
KBMh,2,1,3,0.67
KBMl,2,0,2,1.0
KBMm,0,4,4,0.0
KBMn,1,2,3,0.33
KBMs,0,2,2,0.0
KBNB,3,1,4,0.75
KBND,0,1,1,0.0
KBNI,0,1,1,0.0
KBNK,1,0,1,1.0
KBNL,1,3,4,0.25
KBNM,2,4,6,0.33
KBNN,1,2,3,0.33
KBNP,3,2,5,0.6
KBNS,3,2,5,0.6
KBNb,4,1,5,0.8
KBNh,0,0,0,
KBNl,2,0,2,1.0
KBNm,2,2,4,0.5
KBNn,2,2,4,0.5
KBNs,0,1,1,0.0
KBPB,1,7,8,0.12
KBPH,0,1,1,0.0
KBPL,0,2,2,0.0
KBPM,4,7,11,0.36
KBPN,2,2,4,0.5
KBPP,4,4,8,0.5
KBPS,8,1,9,0.89
KBPb,1,0,1,1.0
KBPh,0,0,0,
KBPl,2,1,3,0.67
KBPm,6,6,12,0.5
KBPn,0,4,4,0.0
KBPs,2,1,3,0.67
KBSB,1,0,1,1.0
KBSH,1,1,2,0.5
KBSI,0,1,1,0.0
KBSM,0,2,2,0.0
KBSN,2,1,3,0.67
KBSP,2,0,2,1.0
KBSS,0,2,2,0.0
KBSh,0,1,1,0.0
KBSl,0,1,1,0.0
KBSm,1,5,6,0.17
KBSs,1,1,2,0.5
KBSt,0,0,0,
KBbB,1,3,4,0.25
KBbD,1,0,1,1.0
KBbI,0,1,1,0.0
KBbJ,0,0,0,
KBbL,0,0,0,
KBbM,2,4,6,0.33
KBbN,1,0,1,1.0
KBbP,3,4,7,0.43
KBbS,1,1,2,0.5
KBbb,0,2,2,0.0
KBbm,1,2,3,0.33
KBbn,0,1,1,0.0
KBhB,1,0,1,1.0
KBhH,0,1,1,0.0
KBhm,0,0,0,
KBhn,1,0,1,1.0
KBhs,0,0,0,
KBjB,0,0,0,
KBjL,1,0,1,1.0
KBjN,0,2,2,0.0
KBjP,2,0,2,1.0
KBjb,0,0,0,
KBjm,2,0,2,1.0
KBjn,1,0,1,1.0
KBlB,1,3,4,0.25
KBlH,3,0,3,1.0
KBlN,0,1,1,0.0
KBlP,0,2,2,0.0
KBlS,1,1,2,0.5
KBlb,1,0,1,1.0
KBlm,0,1,1,0.0
KBln,1,0,1,1.0
KBmB,1,4,5,0.2
KBmD,0,1,1,0.0
KBmH,2,3,5,0.4
KBmK,0,1,1,0.0
KBmL,4,0,4,1.0
KBmM,5,6,11,0.45
KBmN,8,0,8,1.0
KBmP,1,3,4,0.25
KBmS,4,0,4,1.0
KBmb,3,1,4,0.75
KBml,1,2,3,0.33
KBmm,5,5,10,0.5
KBmn,0,4,4,0.0
KBms,2,3,5,0.4
KBnB,2,1,3,0.67
KBnD,1,1,2,0.5
KBnH,0,1,1,0.0
KBnI,1,0,1,1.0
KBnL,1,1,2,0.5
KBnM,3,3,6,0.5
KBnN,2,3,5,0.4
KBnP,2,2,4,0.5
KBnS,2,3,5,0.4
KBnb,2,4,6,0.33
KBnh,0,1,1,0.0
KBnl,0,1,1,0.0
KBnm,0,2,2,0.0
KBnn,4,3,7,0.57
KBns,1,0,1,1.0
KBsD,1,0,1,1.0
KBsH,1,1,2,0.5
KBsI,1,0,1,1.0
KBsL,0,1,1,0.0
KBsM,0,2,2,0.0
KBsN,1,2,3,0.33
KBsP,3,1,4,0.75
KBsS,1,1,2,0.5
KBsb,0,1,1,0.0
KBsl,0,0,0,
KBsm,2,1,3,0.67
KBsn,1,1,2,0.5
KBss,2,0,2,1.0
KBtH,1,0,1,1.0
KBtM,0,1,1,0.0
KBtP,0,1,1,0.0
KBtn,0,0,0,
KDBB,1,0,1,1.0
KDBD,0,0,0,
KDBM,2,1,3,0.67
KDBN,1,0,1,1.0
KDBP,0,3,3,0.0
KDBS,1,0,1,1.0
KDBb,0,1,1,0.0
KDBm,3,0,3,1.0
KDBn,0,1,1,0.0
KDDD,1,0,1,1.0
KDDH,1,1,2,0.5
KDDL,0,0,0,
KDDM,1,0,1,1.0
KDDP,1,0,1,1.0
KDDb,0,2,2,0.0
KDDm,1,0,1,1.0
KDHB,1,0,1,1.0
KDHI,1,1,2,0.5
KDHL,0,1,1,0.0
KDHM,1,0,1,1.0
KDHN,1,0,1,1.0
KDHP,0,1,1,0.0
KDHS,1,1,2,0.5
KDHb,0,1,1,0.0
KDHh,1,0,1,1.0
KDHl,0,1,1,0.0
KDHm,0,1,1,0.0
KDHn,0,0,0,
KDHs,1,0,1,1.0
KDKS,0,1,1,0.0
KDLB,0,1,1,0.0
KDLD,1,0,1,1.0
KDLM,1,0,1,1.0
KDLN,0,1,1,0.0
KDLP,0,1,1,0.0
KDLh,0,0,0,
KDLm,0,0,0,
KDMB,3,0,3,1.0
KDMM,1,0,1,1.0
KDMP,1,0,1,1.0
KDMS,0,1,1,0.0
KDMb,2,1,3,0.67
KDMh,0,1,1,0.0
KDMl,0,1,1,0.0
KDMm,1,0,1,1.0
KDMn,2,0,2,1.0
KDMs,3,1,4,0.75
KDND,0,1,1,0.0
KDNK,0,0,0,
KDNM,0,2,2,0.0
KDNN,1,0,1,1.0
KDNP,0,0,0,
KDNS,0,1,1,0.0
KDNb,0,0,0,
KDNm,1,1,2,0.5
KDNn,0,1,1,0.0
KDNs,2,0,2,1.0
KDPB,0,0,0,
KDPM,2,2,4,0.5
KDPP,3,0,3,1.0
KDPS,0,0,0,
KDPm,1,0,1,1.0
KDPs,1,1,2,0.5
KDSB,0,1,1,0.0
KDSL,1,0,1,1.0
KDSM,2,0,2,1.0
KDSN,0,1,1,0.0
KDSP,1,0,1,1.0
KDSS,0,2,2,0.0
KDSm,0,4,4,0.0
KDSn,1,0,1,1.0
KDSs,0,1,1,0.0
KDbB,0,1,1,0.0
KDbK,1,0,1,1.0
KDbM,0,1,1,0.0
KDbN,1,2,3,0.33
KDbb,0,2,2,0.0
KDbl,0,2,2,0.0
KDbm,1,2,3,0.33
KDbn,1,1,2,0.5
KDhD,0,0,0,
KDhb,0,1,1,0.0
KDlH,2,0,2,1.0
KDlL,0,0,0,
KDlM,0,0,0,
KDlm,1,1,2,0.5
KDls,0,1,1,0.0
KDmB,0,0,0,
KDmH,0,1,1,0.0
KDmI,0,1,1,0.0
KDmM,2,2,4,0.5
KDmN,1,1,2,0.5
KDmP,1,1,2,0.5
KDmS,1,0,1,1.0
KDmb,1,0,1,1.0
KDmm,1,2,3,0.33
KDms,1,0,1,1.0
KDnB,1,0,1,1.0
KDnK,1,0,1,1.0
KDnM,0,2,2,0.0
KDnN,0,0,0,
KDnS,0,1,1,0.0
KDnb,0,1,1,0.0
KDnm,2,0,2,1.0
KDnn,0,1,1,0.0
KDsD,1,0,1,1.0
KDsH,0,1,1,0.0
KDsM,0,0,0,
KDsP,0,0,0,
KDsS,1,0,1,1.0
KDsl,0,1,1,0.0
KDsm,1,1,2,0.5
KDss,0,0,0,
KDtK,1,0,1,1.0
KDtL,1,0,1,1.0
KDtM,0,1,1,0.0
KDts,0,1,1,0.0
KHBM,1,0,1,1.0
KHBP,0,1,1,0.0
KHBb,0,1,1,0.0
KHBh,0,1,1,0.0
KHBm,0,1,1,0.0
KHBn,1,0,1,1.0
KHDm,0,1,1,0.0
KHIP,0,2,2,0.0
KHKM,1,0,1,1.0
KHKP,0,1,1,0.0
KHLm,1,0,1,1.0
KHLs,0,0,0,
KHMB,1,1,2,0.5
KHMM,0,1,1,0.0
KHMP,1,0,1,1.0
KHMb,0,0,0,
KHMh,0,1,1,0.0
KHMl,0,1,1,0.0
KHMm,0,1,1,0.0
KHMs,1,1,2,0.5
KHNB,1,0,1,1.0
KHNK,0,0,0,
KHNM,0,1,1,0.0
KHNN,0,2,2,0.0
KHNP,0,1,1,0.0
KHNS,1,2,3,0.33
KHNb,2,0,2,1.0
KHNm,0,2,2,0.0
KHPB,2,0,2,1.0
KHPH,0,1,1,0.0
KHPL,0,0,0,
KHPN,1,0,1,1.0
KHPP,0,1,1,0.0
KHPS,0,0,0,
KHPm,1,1,2,0.5
KHPs,0,0,0,
KHSB,1,1,2,0.5
KHSL,1,0,1,1.0
KHSN,0,0,0,
KHSP,0,0,0,
KHSS,0,1,1,0.0
KHSb,1,0,1,1.0
KHSh,0,1,1,0.0
KHSn,2,0,2,1.0
KHSs,0,1,1,0.0
KHbB,0,1,1,0.0
KHbD,0,1,1,0.0
KHbJ,1,0,1,1.0
KHbM,1,0,1,1.0
KHbP,1,0,1,1.0
KHbl,1,0,1,1.0
KHbm,1,0,1,1.0
KHhP,0,1,1,0.0
KHhb,1,0,1,1.0
KHhl,0,1,1,0.0
KHhm,0,0,0,
KHhs,0,1,1,0.0
KHlN,0,0,0,
KHll,0,1,1,0.0
KHmB,0,1,1,0.0
KHmH,1,0,1,1.0
KHmI,0,0,0,
KHmL,0,1,1,0.0
KHmM,1,0,1,1.0
KHmN,0,1,1,0.0
KHmP,0,2,2,0.0
KHmS,0,1,1,0.0
KHmn,0,0,0,
KHms,0,1,1,0.0
KHnB,0,1,1,0.0
KHnP,0,1,1,0.0
KHnS,0,1,1,0.0
KHnm,0,1,1,0.0
KHnn,0,0,0,
KHns,1,0,1,1.0
KHsD,0,1,1,0.0
KHsH,1,0,1,1.0
KHsL,0,0,0,
KHsM,0,1,1,0.0
KHsN,0,1,1,0.0
KHsP,0,0,0,
KHsS,1,0,1,1.0
KHsb,0,0,0,
KHsn,1,0,1,1.0
KIBB,2,0,2,1.0
KIBM,0,1,1,0.0
KIBj,1,0,1,1.0
KIBm,1,0,1,1.0
KIBs,1,0,1,1.0
KIDH,1,0,1,1.0
KIDb,1,0,1,1.0
KIHL,0,1,1,0.0
KIHN,1,0,1,1.0
KIHh,0,1,1,0.0
KIHm,1,0,1,1.0
KIHs,2,0,2,1.0
KIIm,1,0,1,1.0
KIKm,1,0,1,1.0
KIKs,1,0,1,1.0
KILD,1,0,1,1.0
KILh,1,0,1,1.0
KILn,1,0,1,1.0
KIMB,1,2,3,0.33
KIML,0,1,1,0.0
KIMM,1,2,3,0.33
KIMN,1,0,1,1.0
KIMh,1,0,1,1.0
KIMl,1,2,3,0.33
KIMn,1,0,1,1.0
KINB,0,1,1,0.0
KINM,0,0,0,
KINP,1,0,1,1.0
KINm,0,1,1,0.0
KINs,1,1,2,0.5
KIPB,1,0,1,1.0
KIPH,0,0,0,
KIPI,0,0,0,
KIPM,1,1,2,0.5
KIPP,1,0,1,1.0
KIPS,1,0,1,1.0
KIPm,1,1,2,0.5
KISB,1,0,1,1.0
KISP,0,1,1,0.0
KISS,3,0,3,1.0
KISb,0,1,1,0.0
KISh,0,1,1,0.0
KISl,1,0,1,1.0
KISm,0,1,1,0.0
KISs,1,0,1,1.0
KISt,1,0,1,1.0
KIbL,0,1,1,0.0
KIbM,1,0,1,1.0
KIbN,0,1,1,0.0
KIbP,0,2,2,0.0
KIbm,1,0,1,1.0
KIhs,1,0,1,1.0
KIlH,1,0,1,1.0
KIln,0,1,1,0.0
KImB,0,1,1,0.0
KImH,0,0,0,
KImL,1,0,1,1.0
KImM,2,0,2,1.0
KImP,2,0,2,1.0
KImS,1,1,2,0.5
KImn,1,0,1,1.0
KIms,1,0,1,1.0
KInM,0,1,1,0.0
KInN,1,0,1,1.0
KInS,0,1,1,0.0
KInb,1,1,2,0.5
KInm,1,2,3,0.33
KInn,1,1,2,0.5
KIsB,1,1,2,0.5
KIsH,0,0,0,
KIsN,0,1,1,0.0
KIsP,0,1,1,0.0
KIsS,2,0,2,1.0
KIsb,1,0,1,1.0
KIsl,0,1,1,0.0
KKBm,1,0,1,1.0
KKIs,0,0,0,
KKMm,0,1,1,0.0
KKPP,1,0,1,1.0
KKPn,0,0,0,
KKSN,1,0,1,1.0
KKSP,0,1,1,0.0
KKmM,0,0,0,
KKnM,1,0,1,1.0
KKnS,1,0,1,1.0
KKnb,0,0,0,
KKsb,1,0,1,1.0
KLBB,1,1,2,0.5
KLBK,0,1,1,0.0
KLBL,2,0,2,1.0
KLBM,1,0,1,1.0
KLBN,0,1,1,0.0
KLBP,3,3,6,0.5
KLBS,1,0,1,1.0
KLBj,1,0,1,1.0
KLBm,0,2,2,0.0
KLBn,1,1,2,0.5
KLDB,2,0,2,1.0
KLDN,0,1,1,0.0
KLDb,1,0,1,1.0
KLDm,0,1,1,0.0
KLKh,0,1,1,0.0
KLLD,0,1,1,0.0
KLLP,0,1,1,0.0
KLLb,0,1,1,0.0
KLLh,0,1,1,0.0
KLLl,1,1,2,0.5
KLLm,0,1,1,0.0
KLLn,0,3,3,0.0
KLMB,0,1,1,0.0
KLMD,1,0,1,1.0
KLMH,1,0,1,1.0
KLML,0,1,1,0.0
KLMM,2,0,2,1.0
KLMN,0,1,1,0.0
KLMP,1,2,3,0.33
KLMb,2,0,2,1.0
KLMh,1,1,2,0.5
KLMj,2,0,2,1.0
KLMl,0,2,2,0.0
KLMm,2,1,3,0.67
KLMn,1,1,2,0.5
KLMs,0,1,1,0.0
KLNL,1,1,2,0.5
KLNM,1,0,1,1.0
KLNP,2,0,2,1.0
KLNS,0,0,0,
KLNb,3,0,3,1.0
KLNl,0,1,1,0.0
KLNm,2,0,2,1.0
KLNn,1,2,3,0.33
KLPB,0,2,2,0.0
KLPI,0,0,0,
KLPL,1,3,4,0.25
KLPM,1,1,2,0.5
KLPN,0,2,2,0.0
KLPP,2,0,2,1.0
KLPS,0,2,2,0.0
KLPb,0,2,2,0.0
KLPl,1,0,1,1.0
KLPm,2,3,5,0.4
KLPn,1,0,1,1.0
KLPs,0,1,1,0.0
KLPt,0,1,1,0.0
KLSB,2,1,3,0.67
KLSM,1,1,2,0.5
KLSN,1,0,1,1.0
KLSP,0,0,0,
KLSS,1,0,1,1.0
KLSb,0,1,1,0.0
KLSh,1,0,1,1.0
KLSm,1,1,2,0.5
KLSn,0,1,1,0.0
KLSs,0,1,1,0.0
KLbB,0,0,0,
KLbJ,0,1,1,0.0
KLbK,1,0,1,1.0
KLbM,0,0,0,
KLbP,0,2,2,0.0
KLbS,0,0,0,
KLbb,1,0,1,1.0
KLbl,1,0,1,1.0
KLbm,1,0,1,1.0
KLbn,0,0,0,
KLbs,1,0,1,1.0
KLhB,1,1,2,0.5
KLhD,0,1,1,0.0
KLhH,0,1,1,0.0
KLhP,1,0,1,1.0
KLhS,1,0,1,1.0
KLhh,0,2,2,0.0
KLhs,0,1,1,0.0
KLjB,0,1,1,0.0
KLjS,1,1,2,0.5
KLjh,0,1,1,0.0
KLjm,1,0,1,1.0
KLjn,1,0,1,1.0
KLjs,0,1,1,0.0
KLlD,1,0,1,1.0
KLlH,1,0,1,1.0
KLlP,1,1,2,0.5
KLlb,1,0,1,1.0
KLln,0,1,1,0.0
KLmB,0,2,2,0.0
KLmD,1,0,1,1.0
KLmH,2,0,2,1.0
KLmJ,0,1,1,0.0
KLmM,0,2,2,0.0
KLmN,1,0,1,1.0
KLmb,4,0,4,1.0
KLmm,3,2,5,0.6
KLmn,1,0,1,1.0
KLnB,1,1,2,0.5
KLnD,0,2,2,0.0
KLnH,0,0,0,
KLnI,1,0,1,1.0
KLnL,0,1,1,0.0
KLnM,0,1,1,0.0
KLnN,1,1,2,0.5
KLnP,1,0,1,1.0
KLnS,2,0,2,1.0
KLnb,0,3,3,0.0
KLnm,4,3,7,0.57
KLnn,0,1,1,0.0
KLns,2,0,2,1.0
KLsH,0,1,1,0.0
KLsM,0,3,3,0.0
KLsN,0,1,1,0.0
KLsP,1,2,3,0.33
KLsS,0,1,1,0.0
KLsn,2,0,2,1.0
KLst,0,0,0,
KLtB,1,0,1,1.0
KLtM,2,0,2,1.0
KLtP,0,1,1,0.0
KMBB,4,1,5,0.8
KMBL,1,1,2,0.5
KMBM,4,6,10,0.4
KMBN,4,5,9,0.44
KMBP,2,5,7,0.29
KMBS,4,2,6,0.67
KMBb,1,8,9,0.11
KMBj,2,0,2,1.0
KMBl,3,0,3,1.0
KMBm,3,4,7,0.43
KMBn,3,2,5,0.6
KMBs,1,0,1,1.0
KMDB,0,1,1,0.0
KMDD,0,2,2,0.0
KMDH,0,1,1,0.0
KMDI,1,0,1,1.0
KMDM,1,0,1,1.0
KMDN,1,0,1,1.0
KMDS,0,0,0,
KMDb,0,1,1,0.0
KMDl,1,1,2,0.5
KMDm,3,1,4,0.75
KMDn,0,1,1,0.0
KMHN,1,0,1,1.0
KMIM,0,1,1,0.0
KMIS,0,1,1,0.0
KMKN,1,0,1,1.0
KMKn,0,0,0,
KMLB,1,4,5,0.2
KMLM,1,1,2,0.5
KMLN,0,2,2,0.0
KMLP,2,1,3,0.67
KMLS,1,0,1,1.0
KMLb,0,2,2,0.0
KMLh,0,1,1,0.0
KMLl,1,2,3,0.33
KMLm,3,0,3,1.0
KMLn,2,1,3,0.67
KMLs,1,0,1,1.0
KMMB,4,7,11,0.36
KMMD,0,0,0,
KMML,1,3,4,0.25
KMMM,1,6,7,0.14
KMMN,3,1,4,0.75
KMMP,8,1,9,0.89
KMMS,2,5,7,0.29
KMMb,2,3,5,0.4
KMMh,1,2,3,0.33
KMMj,1,0,1,1.0
KMMl,2,0,2,1.0
KMMm,9,2,11,0.82
KMMn,6,3,9,0.67
KMMs,1,2,3,0.33
KMMt,0,1,1,0.0
KMNB,2,0,2,1.0
KMND,3,1,4,0.75
KMNH,1,1,2,0.5
KMNI,0,0,0,
KMNK,1,1,2,0.5
KMNL,0,1,1,0.0
KMNM,1,3,4,0.25
KMNN,5,6,11,0.45
KMNP,5,2,7,0.71
KMNS,4,1,5,0.8
KMNb,5,1,6,0.83
KMNh,3,2,5,0.6
KMNl,1,1,2,0.5
KMNm,8,3,11,0.73
KMNn,3,2,5,0.6
KMNs,2,1,3,0.67
KMPB,2,4,6,0.33
KMPD,0,0,0,
KMPH,1,1,2,0.5
KMPI,0,0,0,
KMPK,1,0,1,1.0
KMPL,2,2,4,0.5
KMPM,6,6,12,0.5
KMPN,1,6,7,0.14
KMPP,8,3,11,0.73
KMPS,4,1,5,0.8
KMPb,2,2,4,0.5
KMPl,3,2,5,0.6
KMPm,5,7,12,0.42
KMPs,1,5,6,0.17
KMPt,1,0,1,1.0
KMSB,3,2,5,0.6
KMSD,1,0,1,1.0
KMSH,0,1,1,0.0
KMSK,0,0,0,
KMSM,3,3,6,0.5
KMSN,2,1,3,0.67
KMSP,3,3,6,0.5
KMSS,2,3,5,0.4
KMSb,1,2,3,0.33
KMSh,0,2,2,0.0
KMSl,1,2,3,0.33
KMSm,2,1,3,0.67
KMSn,3,1,4,0.75
KMbB,5,3,8,0.62
KMbD,0,0,0,
KMbH,1,3,4,0.25
KMbJ,0,1,1,0.0
KMbK,1,0,1,1.0
KMbL,1,0,1,1.0
KMbM,3,3,6,0.5
KMbN,7,2,9,0.78
KMbP,2,2,4,0.5
KMbS,3,2,5,0.6
KMbb,1,0,1,1.0
KMbl,3,0,3,1.0
KMbm,4,5,9,0.44
KMbn,5,4,9,0.56
KMbs,2,0,2,1.0
KMhB,2,3,5,0.4
KMhH,0,1,1,0.0
KMhL,1,0,1,1.0
KMhM,1,3,4,0.25
KMhN,1,2,3,0.33
KMhP,4,3,7,0.57
KMhS,4,2,6,0.67
KMhb,7,0,7,1.0
KMhh,0,3,3,0.0
KMhl,0,2,2,0.0
KMhm,3,3,6,0.5
KMhn,2,1,3,0.67
KMhs,1,3,4,0.25
KMht,2,0,2,1.0
KMjB,0,0,0,
KMjH,0,1,1,0.0
KMjL,0,1,1,0.0
KMjM,0,1,1,0.0
KMjN,0,0,0,
KMjP,0,3,3,0.0
KMjS,1,0,1,1.0
KMjb,1,0,1,1.0
KMjh,0,1,1,0.0
KMjl,1,0,1,1.0
KMjm,1,1,2,0.5
KMjn,1,0,1,1.0
KMjs,1,1,2,0.5
KMlB,2,1,3,0.67
KMlD,1,0,1,1.0
KMlL,0,1,1,0.0
KMlM,3,1,4,0.75
KMlN,0,2,2,0.0
KMlP,1,4,5,0.2
KMlS,0,0,0,
KMlb,1,1,2,0.5
KMlm,3,2,5,0.6
KMln,2,1,3,0.67
KMmB,5,0,5,1.0
KMmD,2,1,3,0.67
KMmH,7,5,12,0.58
KMmI,1,1,2,0.5
KMmJ,0,1,1,0.0
KMmL,2,1,3,0.67
KMmM,3,10,13,0.23
KMmN,5,5,10,0.5
KMmP,7,3,10,0.7
KMmS,3,2,5,0.6
KMmb,1,2,3,0.33
KMml,0,1,1,0.0
KMmm,5,11,16,0.31
KMmn,2,1,3,0.67
KMms,7,4,11,0.64
KMnB,3,4,7,0.43
KMnD,0,1,1,0.0
KMnH,0,0,0,
KMnI,0,1,1,0.0
KMnK,1,0,1,1.0
KMnL,1,2,3,0.33
KMnM,1,6,7,0.14
KMnN,5,2,7,0.71
KMnP,3,3,6,0.5
KMnS,3,4,7,0.43
KMnb,2,3,5,0.4
KMnl,0,1,1,0.0
KMnm,3,1,4,0.75
KMnn,2,4,6,0.33
KMns,2,1,3,0.67
KMsB,4,1,5,0.8
KMsD,0,0,0,
KMsH,2,0,2,1.0
KMsI,0,0,0,
KMsK,0,1,1,0.0
KMsL,0,1,1,0.0
KMsM,1,1,2,0.5
KMsN,4,4,8,0.5
KMsP,1,0,1,1.0
KMsS,3,0,3,1.0
KMsb,1,1,2,0.5
KMsh,1,0,1,1.0
KMsl,1,1,2,0.5
KMsm,4,1,5,0.8
KMsn,3,2,5,0.6
KMss,2,1,3,0.67
KMtB,1,0,1,1.0
KMtL,0,1,1,0.0
KMtM,1,3,4,0.25
KMtP,1,0,1,1.0
KMtm,1,0,1,1.0
KMtn,0,2,2,0.0
KMts,0,1,1,0.0
KNBB,3,2,5,0.6
KNBD,1,1,2,0.5
KNBK,1,0,1,1.0
KNBL,1,2,3,0.33
KNBM,4,3,7,0.57
KNBN,2,4,6,0.33
KNBP,2,1,3,0.67
KNBS,1,0,1,1.0
KNBb,4,6,10,0.4
KNBm,4,1,5,0.8
KNBn,2,5,7,0.29
KNBs,2,0,2,1.0
KNBt,0,1,1,0.0
KNDB,1,0,1,1.0
KNDD,1,0,1,1.0
KNDH,1,1,2,0.5
KNDL,0,1,1,0.0
KNDP,0,0,0,
KNDm,1,2,3,0.33
KNDn,1,0,1,1.0
KNDs,2,0,2,1.0
KNHD,0,1,1,0.0
KNHI,0,0,0,
KNHM,2,1,3,0.67
KNHP,1,0,1,1.0
KNHS,1,0,1,1.0
KNHh,0,1,1,0.0
KNHm,1,0,1,1.0
KNHn,1,0,1,1.0
KNHs,0,2,2,0.0
KNIN,0,1,1,0.0
KNIm,0,0,0,
KNKD,1,0,1,1.0
KNKM,0,1,1,0.0
KNKN,0,0,0,
KNKS,1,0,1,1.0
KNKh,0,1,1,0.0
KNKn,2,1,3,0.67
KNKs,1,0,1,1.0
KNLB,0,0,0,
KNLM,2,2,4,0.5
KNLP,1,2,3,0.33
KNLb,2,0,2,1.0
KNLh,0,0,0,
KNLm,0,1,1,0.0
KNLn,1,0,1,1.0
KNLs,0,0,0,
KNMB,1,2,3,0.33
KNMM,6,3,9,0.67
KNMN,1,2,3,0.33
KNMP,1,3,4,0.25
KNMS,3,1,4,0.75
KNMb,1,5,6,0.17
KNMh,1,3,4,0.25
KNMl,0,2,2,0.0
KNMm,1,11,12,0.08
KNMn,3,4,7,0.43
KNMs,3,1,4,0.75
KNMt,1,2,3,0.33
KNNB,2,0,2,1.0
KNNH,0,1,1,0.0
KNNM,2,1,3,0.67
KNNN,1,5,6,0.17
KNNP,10,4,14,0.71
KNNS,3,2,5,0.6
KNNb,4,0,4,1.0
KNNh,0,2,2,0.0
KNNl,1,0,1,1.0
KNNm,1,3,4,0.25
KNNn,1,1,2,0.5
KNNs,4,1,5,0.8
KNNt,0,1,1,0.0
KNPB,7,5,12,0.58
KNPH,1,2,3,0.33
KNPI,0,0,0,
KNPK,0,1,1,0.0
KNPL,1,3,4,0.25
KNPM,3,1,4,0.75
KNPN,4,4,8,0.5
KNPP,3,7,10,0.3
KNPS,1,3,4,0.25
KNPb,0,1,1,0.0
KNPh,1,1,2,0.5
KNPl,2,0,2,1.0
KNPm,3,2,5,0.6
KNPn,2,2,4,0.5
KNPs,3,3,6,0.5
KNSB,3,1,4,0.75
KNSD,0,0,0,
KNSH,0,0,0,
KNSI,0,1,1,0.0
KNSL,0,1,1,0.0
KNSM,1,2,3,0.33
KNSN,0,2,2,0.0
KNSP,2,1,3,0.67
KNSS,1,1,2,0.5
KNSh,1,1,2,0.5
KNSl,0,1,1,0.0
KNSm,4,2,6,0.67
KNSn,2,1,3,0.67
KNSs,1,2,3,0.33
KNSt,0,1,1,0.0
KNbB,2,1,3,0.67
KNbD,0,2,2,0.0
KNbI,0,2,2,0.0
KNbK,0,2,2,0.0
KNbL,0,1,1,0.0
KNbM,3,3,6,0.5
KNbN,0,2,2,0.0
KNbP,2,3,5,0.4
KNbS,2,3,5,0.4
KNbb,1,0,1,1.0
KNbl,1,0,1,1.0
KNbm,2,3,5,0.4
KNbn,1,1,2,0.5
KNbs,3,3,6,0.5
KNhB,1,0,1,1.0
KNhL,0,0,0,
KNhM,1,0,1,1.0
KNhN,1,1,2,0.5
KNhh,1,0,1,1.0
KNhl,0,1,1,0.0
KNhs,1,0,1,1.0
KNlH,1,0,1,1.0
KNlL,1,1,2,0.5
KNlM,0,2,2,0.0
KNlN,1,2,3,0.33
KNlP,1,0,1,1.0
KNlS,1,0,1,1.0
KNlb,0,0,0,
KNll,1,0,1,1.0
KNlm,1,0,1,1.0
KNmB,1,4,5,0.2
KNmH,2,4,6,0.33
KNmI,2,0,2,1.0
KNmK,0,0,0,
KNmL,0,0,0,
KNmM,4,2,6,0.67
KNmN,2,2,4,0.5
KNmP,0,2,2,0.0
KNmS,1,2,3,0.33
KNmb,3,5,8,0.38
KNmm,2,0,2,1.0
KNmn,6,2,8,0.75
KNms,0,1,1,0.0
KNnB,2,0,2,1.0
KNnH,1,3,4,0.25
KNnI,0,0,0,
KNnK,1,0,1,1.0
KNnM,4,0,4,1.0
KNnN,0,3,3,0.0
KNnP,1,2,3,0.33
KNnS,2,2,4,0.5
KNnb,2,1,3,0.67
KNnl,2,0,2,1.0
KNnm,5,2,7,0.71
KNnn,2,1,3,0.67
KNns,1,2,3,0.33
KNsB,2,2,4,0.5
KNsD,0,0,0,
KNsI,0,1,1,0.0
KNsM,0,2,2,0.0
KNsN,0,6,6,0.0
KNsP,1,0,1,1.0
KNsS,3,1,4,0.75
KNsb,0,2,2,0.0
KNsh,1,0,1,1.0
KNsl,0,0,0,
KNsm,4,0,4,1.0
KNsn,1,0,1,1.0
KNss,4,1,5,0.8
KNtB,0,1,1,0.0
KNtH,0,1,1,0.0
KNtM,0,1,1,0.0
KNtP,0,2,2,0.0
KNtm,0,2,2,0.0
KNts,1,0,1,1.0
KPBB,3,4,7,0.43
KPBD,1,0,1,1.0
KPBL,1,1,2,0.5
KPBM,1,3,4,0.25
KPBN,2,4,6,0.33
KPBP,2,9,11,0.18
KPBS,1,1,2,0.5
KPBb,5,0,5,1.0
KPBj,0,2,2,0.0
KPBl,0,4,4,0.0
KPBm,4,6,10,0.4
KPBn,2,3,5,0.4
KPBs,2,2,4,0.5
KPBt,0,1,1,0.0
KPDD,1,0,1,1.0
KPDH,0,1,1,0.0
KPDL,0,0,0,
KPDM,1,1,2,0.5
KPDN,1,1,2,0.5
KPDP,1,3,4,0.25
KPDS,0,2,2,0.0
KPDb,1,1,2,0.5
KPDm,1,2,3,0.33
KPDn,1,1,2,0.5
KPDs,2,1,3,0.67
KPHK,0,1,1,0.0
KPHL,0,1,1,0.0
KPHM,0,1,1,0.0
KPHN,0,1,1,0.0
KPHP,0,2,2,0.0
KPHS,1,1,2,0.5
KPHb,1,0,1,1.0
KPHh,1,0,1,1.0
KPHm,2,1,3,0.67
KPHn,3,1,4,0.75
KPHs,1,3,4,0.25
KPIB,0,1,1,0.0
KPIL,1,1,2,0.5
KPIM,0,1,1,0.0
KPIP,0,1,1,0.0
KPIS,0,1,1,0.0
KPIm,0,2,2,0.0
KPIn,1,1,2,0.5
KPKL,0,1,1,0.0
KPKM,0,1,1,0.0
KPKP,0,1,1,0.0
KPKb,1,0,1,1.0
KPKl,0,1,1,0.0
KPKm,1,0,1,1.0
KPLB,1,1,2,0.5
KPLD,0,1,1,0.0
KPLK,1,0,1,1.0
KPLL,1,0,1,1.0
KPLM,2,1,3,0.67
KPLN,0,2,2,0.0
KPLP,1,2,3,0.33
KPLS,0,2,2,0.0
KPLb,2,1,3,0.67
KPLh,1,1,2,0.5
KPLl,2,1,3,0.67
KPLm,3,2,5,0.6
KPLn,0,2,2,0.0
KPLs,2,0,2,1.0
KPMB,1,6,7,0.14
KPMD,0,1,1,0.0
KPMH,1,0,1,1.0
KPMK,0,1,1,0.0
KPML,0,2,2,0.0
KPMM,6,8,14,0.43
KPMN,0,3,3,0.0
KPMP,3,7,10,0.3
KPMS,1,4,5,0.2
KPMb,5,4,9,0.56
KPMh,2,3,5,0.4
KPMj,1,0,1,1.0
KPMl,1,2,3,0.33
KPMm,4,4,8,0.5
KPMn,3,4,7,0.43
KPMs,2,4,6,0.33
KPMt,1,0,1,1.0
KPNB,2,2,4,0.5
KPND,2,1,3,0.67
KPNK,0,2,2,0.0
KPNL,1,2,3,0.33
KPNM,3,1,4,0.75
KPNN,1,3,4,0.25
KPNP,3,5,8,0.38
KPNS,0,2,2,0.0
KPNb,2,2,4,0.5
KPNh,1,1,2,0.5
KPNl,4,0,4,1.0
KPNm,1,2,3,0.33
KPNn,3,1,4,0.75
KPNs,2,3,5,0.4
KPNt,0,1,1,0.0
KPPB,2,4,6,0.33
KPPD,0,2,2,0.0
KPPH,0,1,1,0.0
KPPK,1,0,1,1.0
KPPL,2,4,6,0.33
KPPM,2,6,8,0.25
KPPN,3,7,10,0.3
KPPP,5,3,8,0.62
KPPS,1,4,5,0.2
KPPb,2,2,4,0.5
KPPh,1,1,2,0.5
KPPl,2,1,3,0.67
KPPm,9,6,15,0.6
KPPn,2,0,2,1.0
KPPs,3,4,7,0.43
KPPt,1,0,1,1.0
KPSB,4,2,6,0.67
KPSD,2,0,2,1.0
KPSH,2,1,3,0.67
KPSL,0,2,2,0.0
KPSM,6,2,8,0.75
KPSN,0,1,1,0.0
KPSP,6,2,8,0.75
KPSS,3,3,6,0.5
KPSb,1,2,3,0.33
KPSh,0,1,1,0.0
KPSl,2,0,2,1.0
KPSm,3,4,7,0.43
KPSn,1,3,4,0.25
KPSs,6,1,7,0.86
KPSt,0,1,1,0.0
KPbB,5,3,8,0.62
KPbH,1,2,3,0.33
KPbI,1,0,1,1.0
KPbJ,1,1,2,0.5
KPbL,2,1,3,0.67
KPbM,3,6,9,0.33
KPbN,2,2,4,0.5
KPbP,2,4,6,0.33
KPbS,3,1,4,0.75
KPbb,2,3,5,0.4
KPbl,0,3,3,0.0
KPbm,2,3,5,0.4
KPbn,1,1,2,0.5
KPbs,2,3,5,0.4
KPhD,0,2,2,0.0
KPhL,1,1,2,0.5
KPhN,0,0,0,
KPhP,0,1,1,0.0
KPhS,1,0,1,1.0
KPhb,1,0,1,1.0
KPhh,0,0,0,
KPhl,0,0,0,
KPhm,0,1,1,0.0
KPlB,1,1,2,0.5
KPlD,0,2,2,0.0
KPlH,0,2,2,0.0
KPlL,4,2,6,0.67
KPlM,1,5,6,0.17
KPlN,2,0,2,1.0
KPlP,2,2,4,0.5
KPlS,1,2,3,0.33
KPlb,0,1,1,0.0
KPlm,3,2,5,0.6
KPln,1,0,1,1.0
KPmB,5,4,9,0.56
KPmD,2,0,2,1.0
KPmH,3,5,8,0.38
KPmI,0,0,0,
KPmJ,0,0,0,
KPmK,0,1,1,0.0
KPmL,1,3,4,0.25
KPmM,5,5,10,0.5
KPmN,2,2,4,0.5
KPmP,8,6,14,0.57
KPmS,3,2,5,0.6
KPmb,3,6,9,0.33
KPml,2,0,2,1.0
KPmm,6,5,11,0.55
KPmn,3,2,5,0.6
KPms,2,5,7,0.29
KPnB,1,3,4,0.25
KPnD,0,1,1,0.0
KPnH,1,1,2,0.5
KPnI,1,0,1,1.0
KPnL,0,1,1,0.0
KPnM,3,2,5,0.6
KPnN,1,1,2,0.5
KPnP,4,4,8,0.5
KPnS,3,0,3,1.0
KPnb,2,2,4,0.5
KPnl,1,2,3,0.33
KPnm,1,1,2,0.5
KPnn,4,0,4,1.0
KPns,2,1,3,0.67
KPnt,1,0,1,1.0
KPsB,1,0,1,1.0
KPsD,0,0,0,
KPsH,1,2,3,0.33
KPsI,1,0,1,1.0
KPsL,0,1,1,0.0
KPsM,0,1,1,0.0
KPsN,0,1,1,0.0
KPsP,3,1,4,0.75
KPsS,2,1,3,0.67
KPsb,2,3,5,0.4
KPsh,0,1,1,0.0
KPsl,1,1,2,0.5
KPsm,3,4,7,0.43
KPsn,0,2,2,0.0
KPss,1,1,2,0.5
KPtI,0,0,0,
KPtL,1,0,1,1.0
KPtM,1,0,1,1.0
KPtN,1,0,1,1.0
KPtb,0,1,1,0.0
KPtl,1,1,2,0.5
KPtm,0,2,2,0.0
KPtn,1,0,1,1.0
KSBB,2,3,5,0.4
KSBK,0,1,1,0.0
KSBM,0,1,1,0.0
KSBN,3,1,4,0.75
KSBP,1,3,4,0.25
KSBS,0,0,0,
KSBb,1,1,2,0.5
KSBj,1,0,1,1.0
KSBl,2,0,2,1.0
KSBm,4,1,5,0.8
KSBn,1,0,1,1.0
KSBs,1,1,2,0.5
KSBt,0,1,1,0.0
KSDB,0,1,1,0.0
KSDD,1,0,1,1.0
KSDH,0,1,1,0.0
KSDN,1,1,2,0.5
KSDS,1,2,3,0.33
KSDm,2,0,2,1.0
KSDn,0,1,1,0.0
KSDs,1,1,2,0.5
KSHB,1,2,3,0.33
KSHH,0,1,1,0.0
KSHL,1,2,3,0.33
KSHM,1,0,1,1.0
KSHN,0,1,1,0.0
KSHP,1,0,1,1.0
KSHS,1,3,4,0.25
KSHh,0,1,1,0.0
KSHl,1,0,1,1.0
KSHn,0,1,1,0.0
KSHs,1,1,2,0.5
KSIm,0,0,0,
KSKh,0,0,0,
KSKm,0,0,0,
KSLB,2,1,3,0.67
KSLM,0,0,0,
KSLN,2,2,4,0.5
KSLP,1,0,1,1.0
KSLS,0,0,0,
KSLb,1,2,3,0.33
KSLh,0,1,1,0.0
KSLj,0,1,1,0.0
KSLm,2,1,3,0.67
KSLn,0,1,1,0.0
KSMB,3,3,6,0.5
KSMD,0,1,1,0.0
KSMH,1,0,1,1.0
KSML,1,0,1,1.0
KSMM,0,1,1,0.0
KSMN,2,0,2,1.0
KSMP,1,3,4,0.25
KSMS,3,2,5,0.6
KSMb,2,2,4,0.5
KSMh,2,3,5,0.4
KSMj,0,2,2,0.0
KSMl,1,1,2,0.5
KSMm,5,1,6,0.83
KSMn,2,5,7,0.29
KSMs,3,1,4,0.75
KSNB,1,1,2,0.5
KSND,0,1,1,0.0
KSNH,1,0,1,1.0
KSNK,0,0,0,
KSNM,1,0,1,1.0
KSNN,2,0,2,1.0
KSNP,1,0,1,1.0
KSNS,1,0,1,1.0
KSNb,2,0,2,1.0
KSNh,1,1,2,0.5
KSNl,1,0,1,1.0
KSNm,2,0,2,1.0
KSNn,2,0,2,1.0
KSNs,4,0,4,1.0
KSNt,2,0,2,1.0
KSPB,2,3,5,0.4
KSPD,0,2,2,0.0
KSPH,1,1,2,0.5
KSPK,1,4,5,0.2
KSPL,0,1,1,0.0
KSPM,0,7,7,0.0
KSPN,3,4,7,0.43
KSPP,5,2,7,0.71
KSPS,1,1,2,0.5
KSPb,2,0,2,1.0
KSPl,4,0,4,1.0
KSPm,2,10,12,0.17
KSPn,0,1,1,0.0
KSPs,0,1,1,0.0
KSPt,2,0,2,1.0
KSSB,1,0,1,1.0
KSSD,2,0,2,1.0
KSSH,2,1,3,0.67
KSSL,1,1,2,0.5
KSSM,2,7,9,0.22
KSSN,0,2,2,0.0
KSSP,6,4,10,0.6
KSSS,6,6,12,0.5
KSSb,1,2,3,0.33
KSSh,0,1,1,0.0
KSSm,2,3,5,0.4
KSSn,2,1,3,0.67
KSSs,4,1,5,0.8
KSbB,2,2,4,0.5
KSbK,1,1,2,0.5
KSbL,0,2,2,0.0
KSbM,2,1,3,0.67
KSbN,0,3,3,0.0
KSbP,2,0,2,1.0
KSbS,1,1,2,0.5
KSbb,1,1,2,0.5
KSbm,5,0,5,1.0
KSbn,1,2,3,0.33
KShB,3,1,4,0.75
KShH,0,1,1,0.0
KShM,2,5,7,0.29
KShN,2,4,6,0.33
KShP,1,0,1,1.0
KShb,0,2,2,0.0
KShh,0,0,0,
KShl,1,0,1,1.0
KShm,2,1,3,0.67
KShn,0,1,1,0.0
KShs,3,1,4,0.75
KSlB,0,3,3,0.0
KSlD,0,0,0,
KSlM,0,2,2,0.0
KSlN,0,1,1,0.0
KSlP,1,3,4,0.25
KSlS,0,1,1,0.0
KSlb,1,1,2,0.5
KSlh,0,0,0,
KSln,1,1,2,0.5
KSls,1,0,1,1.0
KSmB,3,5,8,0.38
KSmD,0,0,0,
KSmH,0,0,0,
KSmL,1,1,2,0.5
KSmM,3,4,7,0.43
KSmN,4,3,7,0.57
KSmP,2,0,2,1.0
KSmS,0,3,3,0.0
KSmb,4,0,4,1.0
KSml,0,0,0,
KSmm,7,1,8,0.88
KSmn,4,1,5,0.8
KSms,2,0,2,1.0
KSnB,0,3,3,0.0
KSnD,0,1,1,0.0
KSnH,1,0,1,1.0
KSnL,0,1,1,0.0
KSnM,2,1,3,0.67
KSnN,1,1,2,0.5
KSnP,1,2,3,0.33
KSnS,1,0,1,1.0
KSnb,0,0,0,
KSnm,6,1,7,0.86
KSnn,1,2,3,0.33
KSns,2,1,3,0.67
KSsB,1,0,1,1.0
KSsD,1,2,3,0.33
KSsH,2,1,3,0.67
KSsI,0,0,0,
KSsK,1,1,2,0.5
KSsL,0,0,0,
KSsM,0,2,2,0.0
KSsP,1,2,3,0.33
KSsS,2,5,7,0.29
KSsb,1,1,2,0.5
KSsl,0,2,2,0.0
KSsn,2,4,6,0.33
KSss,4,0,4,1.0
KStL,1,0,1,1.0
KStM,1,0,1,1.0
KStN,1,0,1,1.0
KStP,0,0,0,
KStm,1,0,1,1.0
KStn,0,0,0,
KbBB,2,1,3,0.67
KbBK,1,0,1,1.0
KbBL,1,0,1,1.0
KbBM,2,3,5,0.4
KbBN,3,3,6,0.5
KbBP,5,2,7,0.71
KbBS,1,1,2,0.5
KbBb,2,2,4,0.5
KbBj,1,0,1,1.0
KbBl,1,0,1,1.0
KbBm,3,1,4,0.75
KbBn,2,1,3,0.67
KbBs,0,1,1,0.0
KbDB,0,1,1,0.0
KbDH,1,3,4,0.25
KbDP,1,0,1,1.0
KbDS,0,1,1,0.0
KbDm,2,2,4,0.5
KbDs,1,0,1,1.0
KbHB,0,1,1,0.0
KbHD,1,0,1,1.0
KbHH,1,0,1,1.0
KbHL,0,1,1,0.0
KbHM,2,0,2,1.0
KbHN,1,0,1,1.0
KbHP,1,0,1,1.0
KbHb,1,1,2,0.5
KbHn,1,1,2,0.5
KbIH,0,1,1,0.0
KbIN,1,0,1,1.0
KbIS,0,0,0,
KbJH,0,2,2,0.0
KbJL,1,0,1,1.0
KbJM,0,1,1,0.0
KbJN,0,1,1,0.0
KbJP,1,0,1,1.0
KbJm,0,1,1,0.0
KbJn,0,2,2,0.0
KbJs,1,1,2,0.5
KbKB,1,0,1,1.0
KbKM,0,1,1,0.0
KbKP,1,2,3,0.33
KbKh,2,4,6,0.33
KbKl,1,0,1,1.0
KbKm,2,1,3,0.67
KbKn,1,0,1,1.0
KbLD,0,0,0,
KbLM,0,1,1,0.0
KbLN,0,1,1,0.0
KbLP,0,1,1,0.0
KbLS,2,1,3,0.67
KbLb,0,1,1,0.0
KbLm,2,2,4,0.5
KbLn,1,0,1,1.0
KbMB,0,2,2,0.0
KbMD,1,0,1,1.0
KbMM,4,6,10,0.4
KbMN,1,2,3,0.33
KbMP,3,3,6,0.5
KbMS,2,1,3,0.67
KbMb,1,1,2,0.5
KbMh,2,1,3,0.67
KbMj,0,1,1,0.0
KbMl,1,0,1,1.0
KbMm,4,3,7,0.57
KbMn,6,0,6,1.0
KbMs,2,1,3,0.67
KbNB,1,2,3,0.33
KbND,0,2,2,0.0
KbNL,1,2,3,0.33
KbNM,1,5,6,0.17
KbNN,2,2,4,0.5
KbNP,3,4,7,0.43
KbNS,2,1,3,0.67
KbNb,2,1,3,0.67
KbNh,0,2,2,0.0
KbNl,0,2,2,0.0
KbNm,2,3,5,0.4
KbNn,4,1,5,0.8
KbNs,3,0,3,1.0
KbNt,1,2,3,0.33
KbPB,1,3,4,0.25
KbPD,0,1,1,0.0
KbPH,0,1,1,0.0
KbPI,1,0,1,1.0
KbPK,1,0,1,1.0
KbPL,1,1,2,0.5
KbPM,2,1,3,0.67
KbPN,3,3,6,0.5
KbPP,4,2,6,0.67
KbPS,1,3,4,0.25
KbPb,2,2,4,0.5
KbPh,1,0,1,1.0
KbPl,3,1,4,0.75
KbPm,4,2,6,0.67
KbPn,1,2,3,0.33
KbPs,1,1,2,0.5
KbPt,0,1,1,0.0
KbSB,3,1,4,0.75
KbSH,0,2,2,0.0
KbSL,1,0,1,1.0
KbSM,1,1,2,0.5
KbSN,2,0,2,1.0
KbSP,2,1,3,0.67
KbSS,0,3,3,0.0
KbSb,1,1,2,0.5
KbSh,1,0,1,1.0
KbSl,0,1,1,0.0
KbSm,3,3,6,0.5
KbSn,1,0,1,1.0
KbSs,1,2,3,0.33
KbbD,1,0,1,1.0
KbbH,2,1,3,0.67
KbbL,2,0,2,1.0
KbbM,4,5,9,0.44
KbbN,2,1,3,0.67
KbbP,0,3,3,0.0
KbbS,1,0,1,1.0
Kbbb,6,4,10,0.6
Kbbl,0,1,1,0.0
Kbbm,3,2,5,0.6
Kbbn,1,1,2,0.5
KbhP,1,0,1,1.0
KblB,1,1,2,0.5
KblH,1,1,2,0.5
KblM,0,1,1,0.0
KblN,2,0,2,1.0
KblP,3,1,4,0.75
KblS,0,1,1,0.0
Kblb,1,0,1,1.0
Kblm,0,0,0,
Kbln,1,0,1,1.0
Kbls,0,1,1,0.0
KbmB,4,3,7,0.57
KbmD,0,1,1,0.0
KbmH,1,2,3,0.33
KbmL,1,1,2,0.5
KbmM,2,6,8,0.25
KbmN,5,5,10,0.5
KbmP,4,1,5,0.8
KbmS,2,3,5,0.4
Kbmb,1,4,5,0.2
Kbml,1,2,3,0.33
Kbmm,1,0,1,1.0
Kbmn,4,2,6,0.67
Kbms,0,3,3,0.0
KbnB,2,0,2,1.0
KbnD,0,0,0,
KbnH,1,0,1,1.0
KbnL,1,0,1,1.0
KbnM,1,2,3,0.33
KbnN,0,3,3,0.0
KbnP,1,4,5,0.2
KbnS,2,0,2,1.0
Kbnb,2,5,7,0.29
Kbnl,2,1,3,0.67
Kbnm,0,4,4,0.0
Kbnn,3,6,9,0.33
Kbns,2,1,3,0.67
KbsB,1,2,3,0.33
KbsD,1,1,2,0.5
KbsH,2,2,4,0.5
KbsI,1,0,1,1.0
KbsM,3,3,6,0.5
KbsN,1,0,1,1.0
KbsS,2,3,5,0.4
Kbsb,1,0,1,1.0
Kbsl,0,1,1,0.0
Kbsm,4,2,6,0.67
Kbss,1,2,3,0.33
KhBB,1,2,3,0.33
KhBD,0,1,1,0.0
KhBK,1,0,1,1.0
KhBL,1,0,1,1.0
KhBM,3,4,7,0.43
KhBN,3,0,3,1.0
KhBP,1,5,6,0.17
KhBS,0,3,3,0.0
KhBb,1,2,3,0.33
KhBh,0,1,1,0.0
KhBj,1,0,1,1.0
KhBl,0,1,1,0.0
KhBm,0,1,1,0.0
KhBn,1,1,2,0.5
KhBs,1,1,2,0.5
KhDH,1,0,1,1.0
KhDM,3,0,3,1.0
KhDP,1,4,5,0.2
KhDS,1,0,1,1.0
KhDm,2,1,3,0.67
KhDn,1,0,1,1.0
KhDs,2,0,2,1.0
KhHL,1,0,1,1.0
KhHM,2,2,4,0.5
KhHP,0,1,1,0.0
KhHS,0,1,1,0.0
KhHb,2,1,3,0.67
KhHm,1,1,2,0.5
KhHn,0,2,2,0.0
KhIB,1,1,2,0.5
KhIM,2,1,3,0.67
KhIN,0,0,0,
KhIb,1,0,1,1.0
KhIl,0,0,0,
KhIm,1,0,1,1.0
KhKS,0,0,0,
KhLM,4,0,4,1.0
KhLN,0,1,1,0.0
KhLP,0,1,1,0.0
KhLS,0,1,1,0.0
KhLb,0,1,1,0.0
KhLl,0,1,1,0.0
KhLm,0,1,1,0.0
KhLs,0,1,1,0.0
KhMB,2,1,3,0.67
KhMD,2,1,3,0.67
KhML,1,0,1,1.0
KhMM,4,4,8,0.5
KhMN,1,2,3,0.33
KhMP,6,8,14,0.43
KhMS,1,1,2,0.5
KhMb,1,2,3,0.33
KhMh,1,3,4,0.25
KhMj,0,1,1,0.0
KhMl,0,2,2,0.0
KhMm,8,1,9,0.89
KhMn,5,1,6,0.83
KhMs,1,3,4,0.25
KhNB,0,1,1,0.0
KhNH,0,3,3,0.0
KhNL,0,0,0,
KhNM,1,2,3,0.33
KhNN,3,3,6,0.5
KhNP,1,1,2,0.5
KhNS,2,2,4,0.5
KhNh,2,0,2,1.0
KhNl,2,0,2,1.0
KhNm,2,2,4,0.5
KhNn,4,1,5,0.8
KhNs,1,0,1,1.0
KhPB,1,0,1,1.0
KhPD,0,0,0,
KhPH,1,1,2,0.5
KhPK,1,2,3,0.33
KhPL,3,1,4,0.75
KhPM,5,2,7,0.71
KhPN,1,3,4,0.25
KhPP,4,1,5,0.8
KhPS,0,3,3,0.0
KhPb,1,2,3,0.33
KhPl,1,2,3,0.33
KhPm,2,4,6,0.33
KhPn,1,1,2,0.5
KhPs,1,2,3,0.33
KhSB,1,3,4,0.25
KhSD,1,0,1,1.0
KhSH,0,2,2,0.0
KhSI,0,1,1,0.0
KhSL,0,1,1,0.0
KhSM,2,2,4,0.5
KhSN,3,3,6,0.5
KhSP,3,1,4,0.75
KhSS,3,1,4,0.75
KhSb,1,3,4,0.25
KhSh,2,3,5,0.4
KhSl,0,0,0,
KhSm,3,7,10,0.3
KhSn,0,3,3,0.0
KhSs,2,2,4,0.5
KhbB,2,1,3,0.67
KhbD,0,0,0,
KhbH,2,2,4,0.5
KhbK,1,1,2,0.5
KhbL,0,1,1,0.0
KhbM,4,4,8,0.5
KhbN,2,1,3,0.67
KhbP,3,2,5,0.6
KhbS,3,0,3,1.0
Khbb,2,2,4,0.5
Khbl,1,0,1,1.0
Khbm,4,0,4,1.0
Khbn,1,4,5,0.2
Khbs,0,1,1,0.0
KhhB,4,2,6,0.67
KhhD,0,2,2,0.0
KhhH,0,0,0,
KhhL,1,0,1,1.0
KhhM,3,1,4,0.75
KhhN,0,2,2,0.0
KhhP,1,4,5,0.2
KhhS,0,3,3,0.0
Khhb,1,2,3,0.33
Khhh,1,1,2,0.5
Khhl,1,0,1,1.0
Khhm,2,1,3,0.67
Khhn,2,0,2,1.0
Khhs,0,3,3,0.0
Khht,0,1,1,0.0
KhlB,0,1,1,0.0
KhlH,0,0,0,
KhlI,1,0,1,1.0
KhlJ,1,0,1,1.0
KhlK,0,1,1,0.0
KhlL,1,0,1,1.0
KhlM,0,1,1,0.0
KhlN,1,2,3,0.33
KhlP,3,1,4,0.75
KhlS,2,0,2,1.0
Khlb,1,1,2,0.5
Khll,1,1,2,0.5
Khlm,0,1,1,0.0
Khln,2,0,2,1.0
Khls,0,1,1,0.0
KhmB,1,1,2,0.5
KhmD,0,3,3,0.0
KhmH,1,3,4,0.25
KhmI,1,0,1,1.0
KhmJ,1,0,1,1.0
KhmK,0,1,1,0.0
KhmL,1,0,1,1.0
KhmM,3,6,9,0.33
KhmN,1,2,3,0.33
KhmP,2,2,4,0.5
KhmS,4,3,7,0.57
Khmb,3,2,5,0.6
Khml,2,1,3,0.67
Khmm,8,11,19,0.42
Khmn,3,2,5,0.6
Khms,0,1,1,0.0
KhnB,1,0,1,1.0
KhnH,1,0,1,1.0
KhnI,0,0,0,
KhnK,0,0,0,
KhnL,1,0,1,1.0
KhnM,2,3,5,0.4
KhnN,6,4,10,0.6
KhnP,2,4,6,0.33
KhnS,2,2,4,0.5
Khnb,1,3,4,0.25
Khnl,1,2,3,0.33
Khnm,3,1,4,0.75
Khnn,1,2,3,0.33
Khns,2,3,5,0.4
KhsB,0,1,1,0.0
KhsD,0,1,1,0.0
KhsH,1,3,4,0.25
KhsI,0,1,1,0.0
KhsL,1,2,3,0.33
KhsM,0,1,1,0.0
KhsN,0,2,2,0.0
KhsP,1,3,4,0.25
KhsS,0,2,2,0.0
Khsb,1,1,2,0.5
Khsl,1,5,6,0.17
Khsm,4,2,6,0.67
Khsn,1,0,1,1.0
Khss,1,0,1,1.0
KhtB,0,1,1,0.0
KhtL,0,1,1,0.0
Khtn,1,1,2,0.5
KlBB,0,1,1,0.0
KlBL,1,1,2,0.5
KlBM,1,2,3,0.33
KlBN,1,0,1,1.0
KlBP,2,1,3,0.67
KlBS,0,0,0,
KlBb,1,1,2,0.5
KlBh,1,0,1,1.0
KlBl,0,1,1,0.0
KlBm,1,0,1,1.0
KlBn,2,0,2,1.0
KlDB,1,0,1,1.0
KlDP,0,2,2,0.0
KlDS,0,0,0,
KlDb,0,1,1,0.0
KlDm,1,0,1,1.0
KlDt,0,1,1,0.0
KlHB,2,1,3,0.67
KlHD,1,0,1,1.0
KlHN,3,1,4,0.75
KlHP,1,1,2,0.5
KlHS,0,1,1,0.0
KlHl,0,0,0,
KlHm,0,1,1,0.0
KlHn,1,1,2,0.5
KlHs,0,1,1,0.0
KlHt,0,1,1,0.0
KlIP,1,0,1,1.0
KlIS,0,1,1,0.0
KlIl,1,0,1,1.0
KlJL,0,1,1,0.0
KlJM,0,1,1,0.0
KlJl,1,0,1,1.0
KlJm,0,1,1,0.0
KlJn,1,0,1,1.0
KlKm,0,0,0,
KlKn,1,0,1,1.0
KlLB,1,1,2,0.5
KlLM,1,1,2,0.5
KlLl,0,1,1,0.0
KlLm,2,0,2,1.0
KlLs,1,0,1,1.0
KlMB,2,0,2,1.0
KlMI,0,0,0,
KlMM,0,1,1,0.0
KlMN,0,2,2,0.0
KlMP,3,1,4,0.75
KlMS,0,0,0,
KlMb,1,1,2,0.5
KlMj,1,0,1,1.0
KlMl,1,0,1,1.0
KlMm,3,5,8,0.38
KlMn,1,2,3,0.33
KlMs,3,1,4,0.75
KlNL,0,1,1,0.0
KlNM,2,4,6,0.33
KlNN,2,1,3,0.67
KlNP,3,0,3,1.0
KlNS,1,0,1,1.0
KlNb,2,0,2,1.0
KlNh,0,1,1,0.0
KlNl,0,1,1,0.0
KlNm,2,1,3,0.67
KlNn,2,0,2,1.0
KlNs,1,0,1,1.0
KlNt,0,1,1,0.0
KlPB,0,0,0,
KlPK,2,0,2,1.0
KlPM,3,3,6,0.5
KlPN,1,0,1,1.0
KlPP,0,1,1,0.0
KlPb,2,0,2,1.0
KlPm,0,1,1,0.0
KlPn,0,0,0,
KlPs,1,1,2,0.5
KlSB,0,1,1,0.0
KlSM,1,0,1,1.0
KlSN,1,1,2,0.5
KlSP,1,0,1,1.0
KlSS,0,1,1,0.0
KlSh,0,0,0,
KlSm,1,2,3,0.33
KlSs,2,3,5,0.4
KlSt,1,0,1,1.0
KlbB,3,0,3,1.0
KlbH,0,1,1,0.0
KlbL,0,1,1,0.0
KlbM,0,0,0,
KlbP,1,3,4,0.25
KlbS,1,1,2,0.5
Klbb,1,1,2,0.5
Klbm,1,0,1,1.0
Klbn,2,0,2,1.0
Klhn,0,0,0,
KllK,0,1,1,0.0
KllM,0,1,1,0.0
KllP,0,0,0,
KllS,1,0,1,1.0
Klln,0,0,0,
Klls,1,0,1,1.0
KlmB,1,1,2,0.5
KlmD,0,1,1,0.0
KlmH,2,3,5,0.4
KlmL,1,2,3,0.33
KlmM,2,1,3,0.67
KlmP,3,0,3,1.0
KlmS,0,1,1,0.0
Klmb,1,1,2,0.5
Klml,0,0,0,
Klmn,2,1,3,0.67
Klms,2,0,2,1.0
KlnH,0,1,1,0.0
KlnL,1,1,2,0.5
KlnM,2,1,3,0.67
KlnN,2,2,4,0.5
KlnP,0,1,1,0.0
Klnl,0,2,2,0.0
Klnm,2,0,2,1.0
Klnn,0,1,1,0.0
KlsD,0,0,0,
KlsH,1,1,2,0.5
KlsI,0,0,0,
KlsM,1,3,4,0.25
KlsP,1,0,1,1.0
KlsS,2,0,2,1.0
Klsb,0,1,1,0.0
Klsn,1,0,1,1.0
Klss,0,1,1,0.0
KmBB,2,3,5,0.4
KmBD,0,0,0,
KmBK,0,1,1,0.0
KmBL,1,2,3,0.33
KmBM,2,6,8,0.25
KmBN,6,2,8,0.75
KmBP,4,3,7,0.57
KmBS,3,0,3,1.0
KmBb,2,0,2,1.0
KmBh,0,1,1,0.0
KmBj,1,0,1,1.0
KmBl,1,2,3,0.33
KmBm,4,4,8,0.5
KmBn,3,1,4,0.75
KmBs,1,2,3,0.33
KmBt,0,1,1,0.0
KmDB,0,1,1,0.0
KmDD,0,1,1,0.0
KmDH,2,1,3,0.67
KmDL,0,0,0,
KmDM,3,3,6,0.5
KmDN,0,2,2,0.0
KmDP,3,2,5,0.6
KmDS,1,1,2,0.5
KmDb,0,0,0,
KmDl,1,2,3,0.33
KmDm,5,4,9,0.56
KmDn,1,0,1,1.0
KmDs,0,0,0,
KmDt,1,0,1,1.0
KmHB,2,2,4,0.5
KmHH,1,0,1,1.0
KmHK,0,1,1,0.0
KmHL,0,2,2,0.0
KmHM,6,5,11,0.55
KmHN,2,3,5,0.4
KmHP,5,3,8,0.62
KmHS,3,2,5,0.6
KmHb,0,1,1,0.0
KmHh,0,3,3,0.0
KmHl,2,1,3,0.67
KmHm,3,2,5,0.6
KmHn,2,0,2,1.0
KmHs,1,1,2,0.5
KmIM,1,0,1,1.0
KmIN,1,0,1,1.0
KmIb,1,0,1,1.0
KmIn,0,1,1,0.0
KmIs,0,1,1,0.0
KmJH,0,1,1,0.0
KmJM,1,2,3,0.33
KmJN,2,0,2,1.0
KmJP,0,3,3,0.0
KmJS,0,2,2,0.0
KmJb,1,2,3,0.33
KmJm,0,2,2,0.0
KmKN,0,1,1,0.0
KmKb,1,0,1,1.0
KmLB,2,1,3,0.67
KmLD,0,1,1,0.0
KmLH,1,0,1,1.0
KmLK,0,0,0,
KmLM,4,0,4,1.0
KmLN,1,0,1,1.0
KmLP,4,0,4,1.0
KmLS,0,1,1,0.0
KmLb,1,1,2,0.5
KmLh,0,0,0,
KmLj,0,0,0,
KmLl,0,1,1,0.0
KmLm,0,1,1,0.0
KmLn,3,1,4,0.75
KmLs,1,1,2,0.5
KmLt,1,0,1,1.0
KmMB,1,5,6,0.17
KmMD,1,2,3,0.33
KmML,0,3,3,0.0
KmMM,8,10,18,0.44
KmMN,1,3,4,0.25
KmMP,6,3,9,0.67
KmMS,3,5,8,0.38
KmMb,5,5,10,0.5
KmMh,5,2,7,0.71
KmMj,1,0,1,1.0
KmMl,2,0,2,1.0
KmMm,6,7,13,0.46
KmMn,8,3,11,0.73
KmMs,5,3,8,0.62
KmNB,0,3,3,0.0
KmND,0,1,1,0.0
KmNH,1,3,4,0.25
KmNK,0,2,2,0.0
KmNL,1,1,2,0.5
KmNM,4,9,13,0.31
KmNN,2,1,3,0.67
KmNP,2,4,6,0.33
KmNS,3,5,8,0.38
KmNb,2,1,3,0.67
KmNh,2,1,3,0.67
KmNl,1,2,3,0.33
KmNm,4,1,5,0.8
KmNn,1,3,4,0.25
KmNs,4,6,10,0.4
KmNt,1,2,3,0.33
KmPB,4,3,7,0.57
KmPD,1,2,3,0.33
KmPH,1,0,1,1.0
KmPK,1,2,3,0.33
KmPL,3,0,3,1.0
KmPM,2,5,7,0.29
KmPN,8,4,12,0.67
KmPP,6,3,9,0.67
KmPS,2,2,4,0.5
KmPb,3,1,4,0.75
KmPh,1,0,1,1.0
KmPl,1,2,3,0.33
KmPm,4,2,6,0.67
KmPn,4,1,5,0.8
KmPs,3,1,4,0.75
KmPt,1,0,1,1.0
KmSB,1,3,4,0.25
KmSD,1,1,2,0.5
KmSK,0,1,1,0.0
KmSL,1,0,1,1.0
KmSM,0,5,5,0.0
KmSN,0,2,2,0.0
KmSP,3,3,6,0.5
KmSS,3,5,8,0.38
KmSb,1,0,1,1.0
KmSh,0,0,0,
KmSl,0,1,1,0.0
KmSm,0,3,3,0.0
KmSn,1,0,1,1.0
KmSs,4,2,6,0.67
KmSt,1,1,2,0.5
KmbB,0,1,1,0.0
KmbD,3,0,3,1.0
KmbJ,1,0,1,1.0
KmbK,0,0,0,
KmbL,2,3,5,0.4
KmbM,4,4,8,0.5
KmbN,8,3,11,0.73
KmbP,0,4,4,0.0
KmbS,1,2,3,0.33
Kmbb,4,3,7,0.57
Kmbl,0,2,2,0.0
Kmbm,4,4,8,0.5
Kmbn,2,2,4,0.5
Kmbs,1,1,2,0.5
KmhP,1,1,2,0.5
KmlB,3,0,3,1.0
KmlH,0,1,1,0.0
KmlJ,2,0,2,1.0
KmlL,0,1,1,0.0
KmlM,1,0,1,1.0
KmlN,1,3,4,0.25
KmlP,0,2,2,0.0
Kmll,0,1,1,0.0
Kmlm,1,1,2,0.5
Kmln,2,1,3,0.67
Kmls,2,0,2,1.0
KmmB,1,6,7,0.14
KmmD,4,2,6,0.67
KmmH,3,3,6,0.5
KmmJ,1,0,1,1.0
KmmK,0,1,1,0.0
KmmL,2,3,5,0.4
KmmM,5,5,10,0.5
KmmN,2,8,10,0.2
KmmP,3,5,8,0.38
KmmS,1,5,6,0.17
Kmmb,5,5,10,0.5
Kmml,0,1,1,0.0
Kmmm,1,7,8,0.12
Kmmn,5,7,12,0.42
Kmms,1,2,3,0.33
KmnB,3,2,5,0.6
KmnD,0,1,1,0.0
KmnH,2,2,4,0.5
KmnI,0,2,2,0.0
KmnK,0,0,0,
KmnL,0,1,1,0.0
KmnM,2,4,6,0.33
KmnN,1,4,5,0.2
KmnP,8,4,12,0.67
KmnS,3,3,6,0.5
Kmnb,5,3,8,0.62
Kmnh,1,0,1,1.0
Kmnl,1,1,2,0.5
Kmnm,1,0,1,1.0
Kmnn,3,1,4,0.75
Kmns,3,2,5,0.6
KmsB,0,3,3,0.0
KmsD,1,2,3,0.33
KmsH,4,2,6,0.67
KmsI,0,2,2,0.0
KmsL,0,1,1,0.0
KmsM,2,7,9,0.22
KmsN,1,1,2,0.5
KmsP,1,2,3,0.33
KmsS,2,3,5,0.4
Kmsb,4,2,6,0.67
Kmsh,1,0,1,1.0
Kmsl,2,2,4,0.5
Kmsm,3,2,5,0.6
Kmsn,2,1,3,0.67
Kmss,1,1,2,0.5
KnBB,1,2,3,0.33
KnBD,0,0,0,
KnBL,0,2,2,0.0
KnBM,1,3,4,0.25
KnBN,1,1,2,0.5
KnBP,3,2,5,0.6
KnBS,1,1,2,0.5
KnBb,1,1,2,0.5
KnBj,1,0,1,1.0
KnBl,0,1,1,0.0
KnBm,5,0,5,1.0
KnBn,5,2,7,0.71
KnDB,1,0,1,1.0
KnDH,0,1,1,0.0
KnDM,0,1,1,0.0
KnDN,0,1,1,0.0
KnDP,0,1,1,0.0
KnDS,0,0,0,
KnDb,1,1,2,0.5
KnDl,0,1,1,0.0
KnDm,0,1,1,0.0
KnHB,2,1,3,0.67
KnHM,3,0,3,1.0
KnHN,1,0,1,1.0
KnHP,1,3,4,0.25
KnHS,0,1,1,0.0
KnHb,1,1,2,0.5
KnHh,0,0,0,
KnHl,1,1,2,0.5
KnHm,2,1,3,0.67
KnHn,0,3,3,0.0
KnHs,0,3,3,0.0
KnID,0,0,0,
KnIM,1,1,2,0.5
KnIP,0,0,0,
KnIm,1,1,2,0.5
KnKB,0,1,1,0.0
KnKD,0,0,0,
KnKL,1,0,1,1.0
KnKM,0,0,0,
KnKN,0,1,1,0.0
KnKP,1,0,1,1.0
KnKS,0,0,0,
KnKb,1,0,1,1.0
KnKm,1,0,1,1.0
KnKn,0,1,1,0.0
KnLB,1,2,3,0.33
KnLM,0,1,1,0.0
KnLN,2,1,3,0.67
KnLP,1,1,2,0.5
KnLb,1,1,2,0.5
KnLh,0,1,1,0.0
KnLm,2,1,3,0.67
KnLs,1,0,1,1.0
KnMB,1,2,3,0.33
KnMD,2,0,2,1.0
KnML,0,0,0,
KnMM,4,6,10,0.4
KnMN,1,1,2,0.5
KnMP,3,3,6,0.5
KnMS,1,2,3,0.33
KnMb,1,2,3,0.33
KnMh,2,1,3,0.67
KnMl,1,1,2,0.5
KnMm,9,7,16,0.56
KnMn,2,4,6,0.33
KnMs,3,0,3,1.0
KnNB,2,3,5,0.4
KnND,0,2,2,0.0
KnNH,0,1,1,0.0
KnNI,0,1,1,0.0
KnNK,1,0,1,1.0
KnNL,3,1,4,0.75
KnNM,0,6,6,0.0
KnNN,2,2,4,0.5
KnNP,4,2,6,0.67
KnNS,4,4,8,0.5
KnNb,3,0,3,1.0
KnNh,0,2,2,0.0
KnNl,2,3,5,0.4
KnNm,5,2,7,0.71
KnNn,2,1,3,0.67
KnNs,4,1,5,0.8
KnNt,1,1,2,0.5
KnPB,1,4,5,0.2
KnPH,0,2,2,0.0
KnPI,3,0,3,1.0
KnPK,1,0,1,1.0
KnPL,2,0,2,1.0
KnPM,5,2,7,0.71
KnPN,2,5,7,0.29
KnPP,3,2,5,0.6
KnPS,3,1,4,0.75
KnPb,4,5,9,0.44
KnPh,0,1,1,0.0
KnPl,1,1,2,0.5
KnPm,7,2,9,0.78
KnPn,2,0,2,1.0
KnPs,3,4,7,0.43
KnPt,1,0,1,1.0
KnSB,0,1,1,0.0
KnSD,0,1,1,0.0
KnSH,3,1,4,0.75
KnSL,1,0,1,1.0
KnSM,0,2,2,0.0
KnSN,1,1,2,0.5
KnSP,2,1,3,0.67
KnSS,2,4,6,0.33
KnSb,1,2,3,0.33
KnSh,2,3,5,0.4
KnSl,1,0,1,1.0
KnSm,0,4,4,0.0
KnSn,3,0,3,1.0
KnSs,3,2,5,0.6
KnbB,1,1,2,0.5
KnbD,1,0,1,1.0
KnbH,0,0,0,
KnbJ,1,1,2,0.5
KnbK,0,1,1,0.0
KnbM,1,2,3,0.33
KnbN,1,3,4,0.25
KnbP,3,1,4,0.75
KnbS,0,1,1,0.0
Knbb,2,3,5,0.4
Knbl,0,1,1,0.0
Knbm,1,0,1,1.0
Knbn,1,0,1,1.0
Knbs,0,1,1,0.0
KnlB,4,0,4,1.0
KnlH,1,0,1,1.0
KnlJ,0,1,1,0.0
KnlM,0,1,1,0.0
KnlN,0,1,1,0.0
KnlP,0,1,1,0.0
KnlS,2,0,2,1.0
Knlb,0,1,1,0.0
Knlm,0,2,2,0.0
Knln,1,0,1,1.0
KnmB,3,1,4,0.75
KnmD,2,0,2,1.0
KnmH,1,2,3,0.33
KnmJ,0,2,2,0.0
KnmL,1,0,1,1.0
KnmM,4,4,8,0.5
KnmN,3,1,4,0.75
KnmP,4,4,8,0.5
KnmS,0,4,4,0.0
Knmb,2,2,4,0.5
Knml,0,1,1,0.0
Knmm,6,1,7,0.86
Knmn,2,1,3,0.67
Knms,3,1,4,0.75
KnnB,2,5,7,0.29
KnnD,2,1,3,0.67
KnnH,2,2,4,0.5
KnnM,0,4,4,0.0
KnnN,2,1,3,0.67
KnnP,3,6,9,0.33
KnnS,0,1,1,0.0
Knnb,0,0,0,
Knnh,1,0,1,1.0
Knnl,1,0,1,1.0
Knnm,1,0,1,1.0
Knnn,1,3,4,0.25
Knns,3,2,5,0.6
KnsB,1,0,1,1.0
KnsD,0,0,0,
KnsH,0,0,0,
KnsL,2,0,2,1.0
KnsM,3,3,6,0.5
KnsN,1,0,1,1.0
KnsP,3,1,4,0.75
KnsS,2,1,3,0.67
Knsb,0,4,4,0.0
Knsl,0,1,1,0.0
Knsm,5,3,8,0.62
Knsn,2,2,4,0.5
Knss,3,1,4,0.75
KntB,0,1,1,0.0
KsBB,1,3,4,0.25
KsBD,2,0,2,1.0
KsBL,1,1,2,0.5
KsBM,0,1,1,0.0
KsBN,1,4,5,0.2
KsBS,2,1,3,0.67
KsBb,3,0,3,1.0
KsBm,1,1,2,0.5
KsBn,2,0,2,1.0
KsBs,0,2,2,0.0
KsDB,1,0,1,1.0
KsDH,0,1,1,0.0
KsDL,1,0,1,1.0
KsDM,2,1,3,0.67
KsDN,1,2,3,0.33
KsDP,2,1,3,0.67
KsDS,0,1,1,0.0
KsDb,1,1,2,0.5
KsDm,3,0,3,1.0
KsDn,0,2,2,0.0
KsDs,0,0,0,
KsHB,4,2,6,0.67
KsHD,0,3,3,0.0
KsHI,0,1,1,0.0
KsHK,1,0,1,1.0
KsHL,0,4,4,0.0
KsHM,0,3,3,0.0
KsHN,2,3,5,0.4
KsHP,3,5,8,0.38
KsHS,2,0,2,1.0
KsHb,1,1,2,0.5
KsHh,2,2,4,0.5
KsHl,1,1,2,0.5
KsHm,6,4,10,0.6
KsHn,1,3,4,0.25
KsHs,6,1,7,0.86
KsHt,0,1,1,0.0
KsIN,0,1,1,0.0
KsIP,1,2,3,0.33
KsIs,1,0,1,1.0
KsKn,1,0,1,1.0
KsLB,0,1,1,0.0
KsLM,1,1,2,0.5
KsLN,1,0,1,1.0
KsLP,0,0,0,
KsLh,0,1,1,0.0
KsLj,0,1,1,0.0
KsLl,1,2,3,0.33
KsLm,1,1,2,0.5
KsLs,0,0,0,
KsMB,2,1,3,0.67
KsMD,1,1,2,0.5
KsML,1,1,2,0.5
KsMM,1,3,4,0.25
KsMN,2,3,5,0.4
KsMP,2,2,4,0.5
KsMS,3,1,4,0.75
KsMb,1,0,1,1.0
KsMh,2,4,6,0.33
KsMj,0,1,1,0.0
KsMl,0,2,2,0.0
KsMm,1,3,4,0.25
KsMn,2,5,7,0.29
KsMs,4,2,6,0.67
KsMt,1,0,1,1.0
KsNB,0,1,1,0.0
KsNH,1,0,1,1.0
KsNK,1,0,1,1.0
KsNL,1,0,1,1.0
KsNM,2,2,4,0.5
KsNN,1,1,2,0.5
KsNP,0,4,4,0.0
KsNS,2,2,4,0.5
KsNb,3,2,5,0.6
KsNh,1,0,1,1.0
KsNm,3,2,5,0.6
KsNn,1,0,1,1.0
KsNs,3,3,6,0.5
KsNt,0,1,1,0.0
KsPB,3,2,5,0.6
KsPD,0,0,0,
KsPI,0,1,1,0.0
KsPK,1,0,1,1.0
KsPL,0,3,3,0.0
KsPM,2,2,4,0.5
KsPN,2,4,6,0.33
KsPP,1,4,5,0.2
KsPS,2,1,3,0.67
KsPb,2,1,3,0.67
KsPl,1,4,5,0.2
KsPm,3,2,5,0.6
KsPn,2,4,6,0.33
KsPs,0,1,1,0.0
KsSB,3,3,6,0.5
KsSD,0,0,0,
KsSH,0,1,1,0.0
KsSL,3,0,3,1.0
KsSM,5,7,12,0.42
KsSN,4,1,5,0.8
KsSP,3,4,7,0.43
KsSS,1,2,3,0.33
KsSb,0,3,3,0.0
KsSh,1,1,2,0.5
KsSl,1,0,1,1.0
KsSm,7,3,10,0.7
KsSn,2,3,5,0.4
KsSs,5,3,8,0.62
KsSt,0,1,1,0.0
KsbB,1,3,4,0.25
KsbH,0,1,1,0.0
KsbI,1,0,1,1.0
KsbJ,1,0,1,1.0
KsbL,0,1,1,0.0
KsbM,2,2,4,0.5
KsbN,4,4,8,0.5
KsbP,4,1,5,0.8
Ksbb,3,1,4,0.75
Ksbl,1,0,1,1.0
Ksbm,3,1,4,0.75
Ksbn,7,2,9,0.78
Ksbs,3,0,3,1.0
KshB,0,1,1,0.0
KshS,1,0,1,1.0
Kshl,1,0,1,1.0
Kshn,1,0,1,1.0
KslB,1,1,2,0.5
KslJ,0,1,1,0.0
KslL,0,0,0,
KslN,1,1,2,0.5
Ksll,0,1,1,0.0
Kslm,1,1,2,0.5
Ksls,1,1,2,0.5
KsmB,1,1,2,0.5
KsmD,0,1,1,0.0
KsmH,1,3,4,0.25
KsmI,1,0,1,1.0
KsmJ,0,1,1,0.0
KsmL,2,0,2,1.0
KsmM,2,7,9,0.22
KsmN,0,4,4,0.0
KsmP,2,7,9,0.22
KsmS,1,2,3,0.33
Ksmb,4,1,5,0.8
Ksmm,4,2,6,0.67
Ksmn,2,1,3,0.67
Ksms,3,0,3,1.0
KsnH,1,2,3,0.33
KsnK,1,0,1,1.0
KsnL,0,0,0,
KsnM,1,0,1,1.0
KsnN,5,1,6,0.83
KsnP,4,4,8,0.5
KsnS,1,2,3,0.33
Ksnb,2,0,2,1.0
Ksnm,0,1,1,0.0
Ksnn,2,2,4,0.5
Ksns,1,1,2,0.5
KssB,4,2,6,0.67
KssD,1,1,2,0.5
KssH,1,3,4,0.25
KssL,2,1,3,0.67
KssM,2,3,5,0.4
KssP,0,3,3,0.0
KssS,2,2,4,0.5
Kssb,2,0,2,1.0
Kssl,0,1,1,0.0
Kssm,2,0,2,1.0
Kssn,2,1,3,0.67
Ksss,4,1,5,0.8
KtBB,0,2,2,0.0
KtBM,0,1,1,0.0
KtBs,0,1,1,0.0
KtBt,0,0,0,
KtDH,1,0,1,1.0
KtDL,1,0,1,1.0
KtDS,0,0,0,
KtHM,0,1,1,0.0
KtHh,0,1,1,0.0
KtHm,1,1,2,0.5
KtII,0,1,1,0.0
KtKn,0,1,1,0.0
KtLN,1,0,1,1.0
KtLP,0,1,1,0.0
KtMB,1,0,1,1.0
KtMS,0,1,1,0.0
KtMh,1,1,2,0.5
KtMm,0,0,0,
KtMn,1,0,1,1.0
KtMs,0,0,0,
KtNB,0,0,0,
KtNN,1,0,1,1.0
KtNP,0,1,1,0.0
KtNS,0,1,1,0.0
KtNb,0,1,1,0.0
KtNl,0,0,0,
KtNn,0,0,0,
KtNs,1,0,1,1.0
KtNt,0,1,1,0.0
KtPL,1,0,1,1.0
KtPM,1,0,1,1.0
KtPS,0,2,2,0.0
KtPb,1,1,2,0.5
KtPl,0,1,1,0.0
KtSM,1,0,1,1.0
KtSP,1,0,1,1.0
KtSb,1,0,1,1.0
KtSs,1,1,2,0.5
KtbB,0,1,1,0.0
KtbN,0,1,1,0.0
Ktbm,1,0,1,1.0
KthM,1,0,1,1.0
KtlD,0,1,1,0.0
Ktlm,1,0,1,1.0
Ktls,0,1,1,0.0
KtmB,0,1,1,0.0
KtmH,0,0,0,
Ktmm,0,0,0,
Ktnn,1,0,1,1.0
KtsB,0,0,0,
KtsH,0,1,1,0.0
KtsL,0,1,1,0.0
KtsN,0,1,1,0.0
KtsP,1,0,1,1.0
KttB,0,0,0,
Ktth,0,0,0,
LBBB,22,18,40,0.55
LBBD,2,1,3,0.67
LBBK,3,2,5,0.6
LBBL,3,6,9,0.33
LBBM,10,9,19,0.53
LBBN,10,20,30,0.33
LBBP,19,14,33,0.58
LBBS,6,9,15,0.4
LBBb,17,9,26,0.65
LBBh,1,0,1,1.0
LBBj,4,5,9,0.44
LBBl,6,6,12,0.5
LBBm,14,7,21,0.67
LBBn,11,7,18,0.61
LBBs,2,1,3,0.67
LBBt,4,2,6,0.67
LBDB,0,3,3,0.0
LBDD,0,0,0,
LBDH,1,1,2,0.5
LBDL,2,1,3,0.67
LBDM,3,2,5,0.6
LBDN,3,2,5,0.6
LBDP,1,3,4,0.25
LBDS,1,1,2,0.5
LBDb,1,1,2,0.5
LBDl,1,1,2,0.5
LBDm,1,0,1,1.0
LBDn,0,2,2,0.0
LBDs,1,2,3,0.33
LBHH,1,0,1,1.0
LBHM,0,1,1,0.0
LBHN,0,0,0,
LBHs,1,1,2,0.5
LBKB,2,0,2,1.0
LBKL,1,0,1,1.0
LBKM,0,2,2,0.0
LBKN,2,2,4,0.5
LBKP,1,0,1,1.0
LBKS,0,3,3,0.0
LBKb,1,1,2,0.5
LBKh,0,1,1,0.0
LBKl,1,0,1,1.0
LBKm,3,1,4,0.75
LBKn,1,0,1,1.0
LBKs,0,0,0,
LBKt,0,1,1,0.0
LBLB,2,0,2,1.0
LBLL,1,1,2,0.5
LBLM,4,2,6,0.67
LBLN,1,3,4,0.25
LBLP,2,8,10,0.2
LBLS,1,1,2,0.5
LBLb,5,5,10,0.5
LBLh,1,2,3,0.33
LBLj,0,2,2,0.0
LBLl,2,1,3,0.67
LBLm,3,5,8,0.38
LBLn,2,4,6,0.33
LBLs,0,1,1,0.0
LBLt,0,1,1,0.0
LBMB,10,6,16,0.62
LBMD,1,1,2,0.5
LBML,5,1,6,0.83
LBMM,8,7,15,0.53
LBMN,4,9,13,0.31
LBMP,8,18,26,0.31
LBMS,2,5,7,0.29
LBMb,9,11,20,0.45
LBMh,5,2,7,0.71
LBMj,1,0,1,1.0
LBMl,3,3,6,0.5
LBMm,10,10,20,0.5
LBMn,11,14,25,0.44
LBMs,5,2,7,0.71
LBMt,1,0,1,1.0
LBNB,11,11,22,0.5
LBND,1,2,3,0.33
LBNH,2,1,3,0.67
LBNK,2,1,3,0.67
LBNL,0,4,4,0.0
LBNM,5,9,14,0.36
LBNN,14,10,24,0.58
LBNP,17,17,34,0.5
LBNS,4,10,14,0.29
LBNb,8,10,18,0.44
LBNh,1,1,2,0.5
LBNl,3,2,5,0.6
LBNm,12,12,24,0.5
LBNn,19,12,31,0.61
LBNs,8,6,14,0.57
LBNt,3,1,4,0.75
LBPB,15,14,29,0.52
LBPD,1,2,3,0.33
LBPH,2,4,6,0.33
LBPI,2,1,3,0.67
LBPK,2,1,3,0.67
LBPL,3,12,15,0.2
LBPM,9,14,23,0.39
LBPN,15,12,27,0.56
LBPP,20,19,39,0.51
LBPS,4,10,14,0.29
LBPb,12,11,23,0.52
LBPh,1,2,3,0.33
LBPl,1,5,6,0.17
LBPm,10,13,23,0.43
LBPn,11,11,22,0.5
LBPs,13,7,20,0.65
LBSB,2,5,7,0.29
LBSD,0,3,3,0.0
LBSH,0,5,5,0.0
LBSL,0,1,1,0.0
LBSM,5,4,9,0.56
LBSN,2,4,6,0.33
LBSP,3,4,7,0.43
LBSS,5,1,6,0.83
LBSb,4,1,5,0.8
LBSh,0,1,1,0.0
LBSl,1,1,2,0.5
LBSm,8,1,9,0.89
LBSn,2,3,5,0.4
LBSs,2,7,9,0.22
LBSt,1,0,1,1.0
LBbB,10,10,20,0.5
LBbD,0,2,2,0.0
LBbH,1,2,3,0.33
LBbI,2,5,7,0.29
LBbJ,5,3,8,0.62
LBbK,3,3,6,0.5
LBbL,0,5,5,0.0
LBbM,5,6,11,0.45
LBbN,17,13,30,0.57
LBbP,13,10,23,0.57
LBbS,8,6,14,0.57
LBbb,9,3,12,0.75
LBbl,5,2,7,0.71
LBbm,10,10,20,0.5
LBbn,6,14,20,0.3
LBbs,9,7,16,0.56
LBhB,0,2,2,0.0
LBhK,0,0,0,
LBhL,2,2,4,0.5
LBhM,0,1,1,0.0
LBhN,0,2,2,0.0
LBhP,2,1,3,0.67
LBhS,1,1,2,0.5
LBhb,1,1,2,0.5
LBhh,1,1,2,0.5
LBhl,1,2,3,0.33
LBhm,4,0,4,1.0
LBhn,0,1,1,0.0
LBht,0,1,1,0.0
LBjB,5,4,9,0.56
LBjD,1,0,1,1.0
LBjI,1,0,1,1.0
LBjL,2,2,4,0.5
LBjM,2,2,4,0.5
LBjN,3,3,6,0.5
LBjP,1,0,1,1.0
LBjS,1,1,2,0.5
LBjb,1,1,2,0.5
LBjl,0,2,2,0.0
LBjm,4,3,7,0.57
LBjn,2,5,7,0.29
LBjs,2,1,3,0.67
LBjt,0,0,0,
LBlB,5,2,7,0.71
LBlD,1,1,2,0.5
LBlH,2,4,6,0.33
LBlI,0,1,1,0.0
LBlK,0,1,1,0.0
LBlL,1,1,2,0.5
LBlM,0,4,4,0.0
LBlN,5,4,9,0.56
LBlP,6,2,8,0.75
LBlS,4,2,6,0.67
LBlb,2,1,3,0.67
LBll,2,0,2,1.0
LBlm,9,3,12,0.75
LBln,3,5,8,0.38
LBls,1,3,4,0.25
LBmB,8,12,20,0.4
LBmD,4,4,8,0.5
LBmH,10,12,22,0.45
LBmI,0,2,2,0.0
LBmJ,3,4,7,0.43
LBmL,4,1,5,0.8
LBmM,4,16,20,0.2
LBmN,14,17,31,0.45
LBmP,12,12,24,0.5
LBmS,9,8,17,0.53
LBmb,7,3,10,0.7
LBml,3,3,6,0.5
LBmm,15,7,22,0.68
LBmn,10,14,24,0.42
LBms,3,3,6,0.5
LBnB,9,15,24,0.38
LBnD,1,4,5,0.2
LBnH,4,4,8,0.5
LBnI,0,2,2,0.0
LBnK,2,3,5,0.4
LBnL,5,4,9,0.56
LBnM,6,17,23,0.26
LBnN,23,16,39,0.59
LBnP,27,20,47,0.57
LBnS,6,6,12,0.5
LBnb,12,14,26,0.46
LBnh,0,1,1,0.0
LBnl,11,2,13,0.85
LBnm,15,11,26,0.58
LBnn,17,16,33,0.52
LBns,9,18,27,0.33
LBsB,4,5,9,0.44
LBsD,1,1,2,0.5
LBsH,2,4,6,0.33
LBsL,1,1,2,0.5
LBsM,5,3,8,0.62
LBsN,4,4,8,0.5
LBsP,2,7,9,0.22
LBsS,5,2,7,0.71
LBsb,4,2,6,0.67
LBsh,1,1,2,0.5
LBsl,2,0,2,1.0
LBsm,5,3,8,0.62
LBsn,3,6,9,0.33
LBss,5,6,11,0.45
LBtB,0,1,1,0.0
LBtH,0,1,1,0.0
LBtL,0,1,1,0.0
LBtM,1,2,3,0.33
LBtN,2,3,5,0.4
LBtP,0,2,2,0.0
LBtS,1,0,1,1.0
LBtm,1,2,3,0.33
LBtn,1,1,2,0.5
LBts,1,1,2,0.5
LDBB,4,0,4,1.0
LDBD,1,1,2,0.5
LDBM,0,1,1,0.0
LDBN,3,3,6,0.5
LDBP,1,3,4,0.25
LDBS,2,1,3,0.67
LDBb,3,1,4,0.75
LDBm,2,3,5,0.4
LDBn,3,4,7,0.43
LDBs,0,0,0,
LDBt,1,0,1,1.0
LDDB,2,0,2,1.0
LDDD,1,0,1,1.0
LDDH,2,0,2,1.0
LDDL,1,0,1,1.0
LDDM,1,0,1,1.0
LDDN,1,1,2,0.5
LDDP,0,3,3,0.0
LDDS,1,1,2,0.5
LDDb,1,1,2,0.5
LDDl,1,0,1,1.0
LDDm,2,1,3,0.67
LDDn,1,0,1,1.0
LDDs,0,1,1,0.0
LDHB,0,1,1,0.0
LDHH,0,1,1,0.0
LDHI,0,1,1,0.0
LDHL,0,1,1,0.0
LDHM,4,5,9,0.44
LDHN,1,1,2,0.5
LDHP,2,2,4,0.5
LDHS,0,1,1,0.0
LDHb,2,1,3,0.67
LDHm,9,2,11,0.82
LDHn,1,1,2,0.5
LDHs,1,0,1,1.0
LDIB,0,1,1,0.0
LDLB,0,0,0,
LDLL,0,1,1,0.0
LDLM,0,2,2,0.0
LDLN,1,1,2,0.5
LDLP,0,1,1,0.0
LDLS,0,1,1,0.0
LDLb,2,1,3,0.67
LDLl,1,1,2,0.5
LDLm,1,0,1,1.0
LDLn,1,1,2,0.5
LDLs,0,0,0,
LDMB,2,2,4,0.5
LDMD,0,1,1,0.0
LDMM,2,1,3,0.67
LDMN,2,1,3,0.67
LDMP,4,2,6,0.67
LDMS,1,2,3,0.33
LDMb,2,1,3,0.67
LDMh,1,2,3,0.33
LDMl,0,1,1,0.0
LDMm,3,2,5,0.6
LDMn,4,2,6,0.67
LDMs,4,1,5,0.8
LDNB,3,0,3,1.0
LDND,2,1,3,0.67
LDNM,3,2,5,0.6
LDNN,1,1,2,0.5
LDNP,1,2,3,0.33
LDNS,2,1,3,0.67
LDNb,0,2,2,0.0
LDNh,2,0,2,1.0
LDNl,0,2,2,0.0
LDNm,3,1,4,0.75
LDNn,2,1,3,0.67
LDNs,1,3,4,0.25
LDPB,3,0,3,1.0
LDPH,1,0,1,1.0
LDPL,0,1,1,0.0
LDPM,2,4,6,0.33
LDPN,2,1,3,0.67
LDPP,2,2,4,0.5
LDPS,1,3,4,0.25
LDPb,1,1,2,0.5
LDPm,4,0,4,1.0
LDPn,0,0,0,
LDPs,3,1,4,0.75
LDPt,0,1,1,0.0
LDSB,2,1,3,0.67
LDSD,1,0,1,1.0
LDSH,2,1,3,0.67
LDSM,3,4,7,0.43
LDSN,0,3,3,0.0
LDSP,0,1,1,0.0
LDSS,1,4,5,0.2
LDSb,2,1,3,0.67
LDSh,0,0,0,
LDSm,3,0,3,1.0
LDSn,1,2,3,0.33
LDSs,2,0,2,1.0
LDbB,1,3,4,0.25
LDbD,1,0,1,1.0
LDbI,0,1,1,0.0
LDbJ,1,0,1,1.0
LDbL,2,1,3,0.67
LDbM,1,1,2,0.5
LDbN,0,2,2,0.0
LDbP,0,1,1,0.0
LDbS,0,1,1,0.0
LDbb,1,1,2,0.5
LDbl,1,1,2,0.5
LDbm,2,1,3,0.67
LDbn,0,0,0,
LDbs,0,1,1,0.0
LDhP,0,0,0,
LDlB,2,2,4,0.5
LDlM,0,1,1,0.0
LDlN,1,0,1,1.0
LDlP,0,1,1,0.0
LDlS,1,1,2,0.5
LDlb,0,1,1,0.0
LDlm,2,2,4,0.5
LDln,1,0,1,1.0
LDls,0,1,1,0.0
LDmB,1,2,3,0.33
LDmD,1,2,3,0.33
LDmH,1,1,2,0.5
LDmL,0,1,1,0.0
LDmM,3,4,7,0.43
LDmN,3,4,7,0.43
LDmP,3,3,6,0.5
LDmS,2,0,2,1.0
LDmb,2,1,3,0.67
LDml,0,1,1,0.0
LDmm,2,1,3,0.67
LDmn,3,3,6,0.5
LDms,1,1,2,0.5
LDnB,2,1,3,0.67
LDnH,1,1,2,0.5
LDnI,0,0,0,
LDnK,1,1,2,0.5
LDnL,1,0,1,1.0
LDnM,2,4,6,0.33
LDnN,4,2,6,0.67
LDnP,3,3,6,0.5
LDnS,4,2,6,0.67
LDnb,1,0,1,1.0
LDnl,0,1,1,0.0
LDnm,3,0,3,1.0
LDnn,0,4,4,0.0
LDns,1,0,1,1.0
LDsB,2,0,2,1.0
LDsD,1,0,1,1.0
LDsH,1,0,1,1.0
LDsL,0,1,1,0.0
LDsN,3,2,5,0.6
LDsP,1,2,3,0.33
LDsS,3,1,4,0.75
LDsb,0,0,0,
LDsl,0,1,1,0.0
LDsm,3,1,4,0.75
LDsn,0,3,3,0.0
LDss,1,3,4,0.25
LDtB,1,0,1,1.0
LDtl,0,1,1,0.0
LDtn,0,1,1,0.0
LDts,0,1,1,0.0
LHBN,0,1,1,0.0
LHBb,1,0,1,1.0
LHBn,1,0,1,1.0
LHLn,0,1,1,0.0
LHLs,1,0,1,1.0
LHML,0,0,0,
LHMP,2,0,2,1.0
LHMS,1,1,2,0.5
LHMl,2,0,2,1.0
LHNK,0,0,0,
LHNm,1,0,1,1.0
LHNn,1,0,1,1.0
LHPB,0,1,1,0.0
LHPP,1,0,1,1.0
LHPb,1,0,1,1.0
LHPl,1,0,1,1.0
LHPn,1,0,1,1.0
LHSM,1,0,1,1.0
LHSP,1,2,3,0.33
LHSm,1,1,2,0.5
LHSn,1,0,1,1.0
LHSs,0,0,0,
LHbB,0,0,0,
LHbb,0,1,1,0.0
LHbl,0,1,1,0.0
LHbm,0,1,1,0.0
LHhh,0,1,1,0.0
LHhs,1,0,1,1.0
LHlM,1,0,1,1.0
LHlN,1,0,1,1.0
LHlm,0,1,1,0.0
LHmB,0,2,2,0.0
LHmM,0,1,1,0.0
LHmm,0,1,1,0.0
LHnP,1,1,2,0.5
LHnm,0,0,0,
LHsB,0,1,1,0.0
LHsm,1,0,1,1.0
LHss,0,1,1,0.0
LIBB,0,1,1,0.0
LIDs,0,1,1,0.0
LIHS,0,1,1,0.0
LIHm,1,0,1,1.0
LIMN,0,1,1,0.0
LIPs,0,1,1,0.0
LKBB,1,0,1,1.0
LKBM,0,3,3,0.0
LKBN,0,1,1,0.0
LKBP,1,0,1,1.0
LKBS,0,1,1,0.0
LKBj,0,0,0,
LKBm,3,2,5,0.6
LKBn,1,1,2,0.5
LKDH,1,0,1,1.0
LKDL,0,1,1,0.0
LKDM,0,0,0,
LKDS,0,1,1,0.0
LKHl,0,1,1,0.0
LKHm,0,0,0,
LKIb,0,1,1,0.0
LKIm,1,0,1,1.0
LKLB,3,0,3,1.0
LKLP,2,2,4,0.5
LKLb,0,1,1,0.0
LKLl,0,1,1,0.0
LKLn,0,1,1,0.0
LKLs,1,0,1,1.0
LKMB,1,2,3,0.33
LKMM,2,0,2,1.0
LKMN,1,0,1,1.0
LKMP,1,2,3,0.33
LKMS,2,0,2,1.0
LKMb,1,0,1,1.0
LKMh,1,1,2,0.5
LKMm,1,0,1,1.0
LKMs,2,1,3,0.67
LKNB,0,2,2,0.0
LKNM,1,1,2,0.5
LKNN,0,1,1,0.0
LKNP,2,1,3,0.67
LKNS,1,1,2,0.5
LKNb,3,2,5,0.6
LKNh,0,1,1,0.0
LKNm,2,1,3,0.67
LKNn,0,0,0,
LKNs,2,0,2,1.0
LKPB,1,0,1,1.0
LKPL,1,0,1,1.0
LKPM,3,0,3,1.0
LKPN,0,1,1,0.0
LKPP,2,2,4,0.5
LKPS,1,0,1,1.0
LKPb,2,1,3,0.67
LKPl,2,0,2,1.0
LKPm,0,3,3,0.0
LKPn,1,0,1,1.0
LKPs,0,0,0,
LKSB,0,1,1,0.0
LKSM,1,0,1,1.0
LKSP,1,0,1,1.0
LKSS,0,2,2,0.0
LKSl,1,0,1,1.0
LKSm,0,1,1,0.0
LKSn,0,1,1,0.0
LKbB,0,1,1,0.0
LKbJ,1,0,1,1.0
LKbL,0,1,1,0.0
LKbM,0,1,1,0.0
LKbN,0,2,2,0.0
LKbP,0,2,2,0.0
LKbb,0,1,1,0.0
LKbl,1,0,1,1.0
LKbm,1,0,1,1.0
LKbn,0,1,1,0.0
LKbs,1,1,2,0.5
LKhB,2,0,2,1.0
LKhH,0,1,1,0.0
LKhK,0,0,0,
LKhP,0,2,2,0.0
LKhS,0,0,0,
LKhb,2,1,3,0.67
LKhh,0,2,2,0.0
LKhl,0,1,1,0.0
LKhm,1,0,1,1.0
LKhs,1,1,2,0.5
LKlH,0,1,1,0.0
LKlM,0,1,1,0.0
LKlP,0,1,1,0.0
LKlS,1,1,2,0.5
LKlm,0,0,0,
LKmB,2,0,2,1.0
LKmD,0,1,1,0.0
LKmH,1,0,1,1.0
LKmL,0,0,0,
LKmM,0,1,1,0.0
LKmN,6,0,6,1.0
LKmP,1,4,5,0.2
LKmS,0,0,0,
LKmb,2,0,2,1.0
LKml,0,1,1,0.0
LKmm,4,3,7,0.57
LKmn,1,0,1,1.0
LKms,0,1,1,0.0
LKnB,1,0,1,1.0
LKnH,0,1,1,0.0
LKnM,1,0,1,1.0
LKnN,1,1,2,0.5
LKnP,0,2,2,0.0
LKnS,0,1,1,0.0
LKnb,0,1,1,0.0
LKnn,0,2,2,0.0
LKns,0,1,1,0.0
LKsH,1,1,2,0.5
LKsL,0,1,1,0.0
LKsM,1,0,1,1.0
LKsN,0,1,1,0.0
LKsP,1,2,3,0.33
LKsb,1,1,2,0.5
LKsm,1,4,5,0.2
LKtP,1,0,1,1.0
LKtb,0,1,1,0.0
LLBB,5,5,10,0.5
LLBD,0,2,2,0.0
LLBK,1,0,1,1.0
LLBL,1,0,1,1.0
LLBM,3,3,6,0.5
LLBN,2,5,7,0.29
LLBP,5,2,7,0.71
LLBS,0,2,2,0.0
LLBb,7,8,15,0.47
LLBh,1,0,1,1.0
LLBj,1,1,2,0.5
LLBl,2,3,5,0.4
LLBm,3,2,5,0.6
LLBn,6,5,11,0.55
LLBs,3,0,3,1.0
LLBt,1,0,1,1.0
LLDB,0,1,1,0.0
LLDD,1,0,1,1.0
LLDL,2,0,2,1.0
LLDM,0,0,0,
LLDP,1,0,1,1.0
LLDb,0,0,0,
LLDl,1,0,1,1.0
LLDm,2,0,2,1.0
LLDn,1,2,3,0.33
LLDs,0,0,0,
LLHB,1,0,1,1.0
LLKB,2,0,2,1.0
LLKL,0,0,0,
LLKm,1,0,1,1.0
LLKs,1,1,2,0.5
LLLB,1,4,5,0.2
LLLD,1,0,1,1.0
LLLK,0,1,1,0.0
LLLL,1,0,1,1.0
LLLM,1,1,2,0.5
LLLN,1,0,1,1.0
LLLP,1,3,4,0.25
LLLS,1,2,3,0.33
LLLb,2,0,2,1.0
LLLh,0,1,1,0.0
LLLl,0,2,2,0.0
LLLm,1,0,1,1.0
LLLn,1,1,2,0.5
LLLs,3,0,3,1.0
LLLt,1,0,1,1.0
LLMB,2,1,3,0.67
LLMD,0,1,1,0.0
LLML,0,1,1,0.0
LLMM,4,5,9,0.44
LLMN,4,1,5,0.8
LLMP,9,3,12,0.75
LLMS,1,2,3,0.33
LLMb,3,7,10,0.3
LLMh,2,2,4,0.5
LLMj,0,0,0,
LLMl,3,0,3,1.0
LLMm,5,4,9,0.56
LLMn,2,4,6,0.33
LLMs,1,0,1,1.0
LLMt,0,0,0,
LLNB,3,4,7,0.43
LLNH,1,0,1,1.0
LLNL,2,0,2,1.0
LLNM,3,5,8,0.38
LLNN,7,3,10,0.7
LLNP,5,3,8,0.62
LLNS,2,3,5,0.4
LLNb,1,0,1,1.0
LLNh,0,1,1,0.0
LLNl,1,1,2,0.5
LLNm,6,2,8,0.75
LLNn,4,2,6,0.67
LLNs,5,2,7,0.71
LLPB,4,3,7,0.57
LLPD,1,0,1,1.0
LLPH,0,0,0,
LLPK,1,0,1,1.0
LLPL,2,2,4,0.5
LLPM,4,3,7,0.57
LLPN,7,6,13,0.54
LLPP,5,5,10,0.5
LLPS,5,3,8,0.62
LLPb,7,3,10,0.7
LLPh,1,0,1,1.0
LLPl,4,3,7,0.57
LLPm,5,2,7,0.71
LLPn,2,5,7,0.29
LLPs,2,1,3,0.67
LLPt,0,1,1,0.0
LLSB,3,1,4,0.75
LLSD,0,0,0,
LLSH,1,1,2,0.5
LLSL,1,0,1,1.0
LLSM,2,2,4,0.5
LLSN,1,3,4,0.25
LLSP,3,2,5,0.6
LLSS,4,2,6,0.67
LLSb,2,4,6,0.33
LLSh,1,0,1,1.0
LLSl,2,2,4,0.5
LLSm,2,2,4,0.5
LLSn,3,1,4,0.75
LLSs,2,3,5,0.4
LLbB,3,3,6,0.5
LLbD,0,0,0,
LLbH,1,0,1,1.0
LLbI,1,0,1,1.0
LLbJ,0,1,1,0.0
LLbL,2,1,3,0.67
LLbM,1,3,4,0.25
LLbN,6,4,10,0.6
LLbP,4,7,11,0.36
LLbS,3,1,4,0.75
LLbb,2,1,3,0.67
LLbl,1,0,1,1.0
LLbm,7,3,10,0.7
LLbn,3,6,9,0.33
LLbs,2,2,4,0.5
LLhB,3,4,7,0.43
LLhH,1,0,1,1.0
LLhL,1,3,4,0.25
LLhM,2,1,3,0.67
LLhN,1,0,1,1.0
LLhP,3,5,8,0.38
LLhS,0,4,4,0.0
LLhb,0,1,1,0.0
LLhh,1,5,6,0.17
LLhl,0,2,2,0.0
LLhm,3,3,6,0.5
LLhn,1,0,1,1.0
LLhs,0,3,3,0.0
LLht,1,0,1,1.0
LLjB,1,0,1,1.0
LLjI,1,0,1,1.0
LLjL,1,0,1,1.0
LLjM,1,0,1,1.0
LLjN,3,0,3,1.0
LLjP,2,2,4,0.5
LLjb,1,0,1,1.0
LLjl,1,0,1,1.0
LLjm,0,1,1,0.0
LLjn,1,3,4,0.25
LLjs,2,0,2,1.0
LLlB,1,4,5,0.2
LLlH,1,1,2,0.5
LLlI,0,1,1,0.0
LLlK,0,1,1,0.0
LLlL,0,1,1,0.0
LLlM,1,3,4,0.25
LLlN,3,2,5,0.6
LLlP,3,2,5,0.6
LLlS,0,3,3,0.0
LLlb,0,3,3,0.0
LLll,1,1,2,0.5
LLlm,0,2,2,0.0
LLln,2,2,4,0.5
LLls,0,1,1,0.0
LLmB,9,4,13,0.69
LLmD,5,1,6,0.83
LLmH,3,5,8,0.38
LLmI,0,2,2,0.0
LLmJ,1,2,3,0.33
LLmL,1,1,2,0.5
LLmM,6,6,12,0.5
LLmN,5,4,9,0.56
LLmP,7,7,14,0.5
LLmS,2,5,7,0.29
LLmb,5,2,7,0.71
LLml,3,5,8,0.38
LLmm,7,2,9,0.78
LLmn,6,4,10,0.6
LLms,3,3,6,0.5
LLnB,4,9,13,0.31
LLnD,0,1,1,0.0
LLnH,0,1,1,0.0
LLnI,0,1,1,0.0
LLnK,1,0,1,1.0
LLnL,1,5,6,0.17
LLnM,7,8,15,0.47
LLnN,6,7,13,0.46
LLnP,9,8,17,0.53
LLnS,2,3,5,0.4
LLnb,2,3,5,0.4
LLnl,0,2,2,0.0
LLnm,8,2,10,0.8
LLnn,6,6,12,0.5
LLns,4,3,7,0.57
LLsB,2,2,4,0.5
LLsH,3,1,4,0.75
LLsL,2,0,2,1.0
LLsM,4,2,6,0.67
LLsN,2,1,3,0.67
LLsP,4,5,9,0.44
LLsS,4,3,7,0.57
LLsb,1,0,1,1.0
LLsh,0,1,1,0.0
LLsl,1,0,1,1.0
LLsm,4,2,6,0.67
LLsn,3,2,5,0.6
LLss,1,1,2,0.5
LLtB,0,1,1,0.0
LLtM,0,1,1,0.0
LLtP,1,0,1,1.0
LLtm,1,1,2,0.5
LMBB,18,10,28,0.64
LMBD,4,1,5,0.8
LMBH,0,1,1,0.0
LMBK,0,1,1,0.0
LMBL,1,3,4,0.25
LMBM,6,12,18,0.33
LMBN,15,14,29,0.52
LMBP,15,10,25,0.6
LMBS,7,6,13,0.54
LMBb,17,12,29,0.59
LMBh,1,1,2,0.5
LMBj,0,2,2,0.0
LMBl,2,3,5,0.4
LMBm,11,16,27,0.41
LMBn,18,17,35,0.51
LMBs,2,4,6,0.33
LMBt,1,3,4,0.25
LMDB,1,2,3,0.33
LMDD,0,1,1,0.0
LMDH,2,1,3,0.67
LMDI,1,0,1,1.0
LMDL,0,1,1,0.0
LMDM,2,2,4,0.5
LMDN,0,1,1,0.0
LMDP,2,5,7,0.29
LMDS,2,1,3,0.67
LMDb,1,2,3,0.33
LMDl,0,0,0,
LMDm,5,2,7,0.71
LMDn,1,2,3,0.33
LMDs,3,0,3,1.0
LMDt,0,0,0,
LMHN,0,1,1,0.0
LMHS,1,0,1,1.0
LMHl,0,0,0,
LMHm,0,0,0,
LMKM,0,1,1,0.0
LMKN,0,1,1,0.0
LMKP,1,0,1,1.0
LMKS,0,0,0,
LMKh,1,1,2,0.5
LMLB,2,2,4,0.5
LMLD,3,0,3,1.0
LMLH,0,0,0,
LMLM,2,2,4,0.5
LMLN,3,1,4,0.75
LMLP,4,5,9,0.44
LMLS,1,4,5,0.2
LMLb,6,7,13,0.46
LMLh,1,0,1,1.0
LMLj,1,0,1,1.0
LMLl,1,0,1,1.0
LMLm,2,3,5,0.4
LMLn,5,2,7,0.71
LMLs,1,1,2,0.5
LMLt,1,1,2,0.5
LMMB,10,15,25,0.4
LMMD,3,1,4,0.75
LMMH,0,1,1,0.0
LMML,1,1,2,0.5
LMMM,6,12,18,0.33
LMMN,9,4,13,0.69
LMMP,11,15,26,0.42
LMMS,7,6,13,0.54
LMMb,13,12,25,0.52
LMMh,7,8,15,0.47
LMMj,3,2,5,0.6
LMMl,3,3,6,0.5
LMMm,22,14,36,0.61
LMMn,13,9,22,0.59
LMMs,6,4,10,0.6
LMMt,1,1,2,0.5
LMNB,10,9,19,0.53
LMND,2,0,2,1.0
LMNH,2,1,3,0.67
LMNK,1,1,2,0.5
LMNL,6,2,8,0.75
LMNM,7,12,19,0.37
LMNN,12,12,24,0.5
LMNP,12,20,32,0.38
LMNS,5,2,7,0.71
LMNb,2,8,10,0.2
LMNh,2,0,2,1.0
LMNl,3,1,4,0.75
LMNm,9,5,14,0.64
LMNn,14,10,24,0.58
LMNs,8,4,12,0.67
LMNt,1,0,1,1.0
LMPB,10,14,24,0.42
LMPD,0,3,3,0.0
LMPH,3,5,8,0.38
LMPI,3,1,4,0.75
LMPK,1,5,6,0.17
LMPL,5,5,10,0.5
LMPM,12,11,23,0.52
LMPN,17,10,27,0.63
LMPP,16,19,35,0.46
LMPS,11,11,22,0.5
LMPb,15,6,21,0.71
LMPh,4,1,5,0.8
LMPl,3,4,7,0.43
LMPm,22,8,30,0.73
LMPn,9,15,24,0.38
LMPs,6,9,15,0.4
LMPt,2,2,4,0.5
LMSB,1,3,4,0.25
LMSD,2,0,2,1.0
LMSH,3,2,5,0.6
LMSI,1,1,2,0.5
LMSL,3,4,7,0.43
LMSM,5,3,8,0.62
LMSN,4,6,10,0.4
LMSP,8,4,12,0.67
LMSS,5,11,16,0.31
LMSb,3,2,5,0.6
LMSh,1,0,1,1.0
LMSl,5,0,5,1.0
LMSm,9,5,14,0.64
LMSn,4,8,12,0.33
LMSs,5,3,8,0.62
LMSt,1,0,1,1.0
LMbB,16,6,22,0.73
LMbD,4,1,5,0.8
LMbH,2,4,6,0.33
LMbI,1,0,1,1.0
LMbJ,3,4,7,0.43
LMbK,3,2,5,0.6
LMbL,5,4,9,0.56
LMbM,6,15,21,0.29
LMbN,12,15,27,0.44
LMbP,13,9,22,0.59
LMbS,2,7,9,0.22
LMbb,9,5,14,0.64
LMbl,6,1,7,0.86
LMbm,13,14,27,0.48
LMbn,10,11,21,0.48
LMbs,5,4,9,0.56
LMhB,6,6,12,0.5
LMhD,1,2,3,0.33
LMhH,1,2,3,0.33
LMhI,0,2,2,0.0
LMhK,1,2,3,0.33
LMhL,6,2,8,0.75
LMhM,9,8,17,0.53
LMhN,7,9,16,0.44
LMhP,6,6,12,0.5
LMhS,0,4,4,0.0
LMhb,7,8,15,0.47
LMhh,6,9,15,0.4
LMhl,2,1,3,0.67
LMhm,13,10,23,0.57
LMhn,7,7,14,0.5
LMhs,7,5,12,0.58
LMht,0,1,1,0.0
LMjB,0,3,3,0.0
LMjD,0,1,1,0.0
LMjL,0,1,1,0.0
LMjM,1,4,5,0.2
LMjN,0,0,0,
LMjP,2,4,6,0.33
LMjS,0,1,1,0.0
LMjb,3,0,3,1.0
LMjl,1,0,1,1.0
LMjm,3,1,4,0.75
LMjn,0,0,0,
LMjt,1,0,1,1.0
LMlB,3,1,4,0.75
LMlH,1,2,3,0.33
LMlI,0,1,1,0.0
LMlJ,0,0,0,
LMlK,1,0,1,1.0
LMlL,1,1,2,0.5
LMlM,5,5,10,0.5
LMlN,4,4,8,0.5
LMlP,4,6,10,0.4
LMlS,2,3,5,0.4
LMlb,1,0,1,1.0
LMll,1,2,3,0.33
LMlm,1,3,4,0.25
LMln,1,7,8,0.12
LMls,2,2,4,0.5
LMmB,7,11,18,0.39
LMmD,5,6,11,0.45
LMmH,5,6,11,0.45
LMmI,1,2,3,0.33
LMmJ,2,3,5,0.4
LMmK,0,1,1,0.0
LMmL,3,5,8,0.38
LMmM,13,10,23,0.57
LMmN,14,17,31,0.45
LMmP,14,9,23,0.61
LMmS,14,10,24,0.58
LMmb,4,11,15,0.27
LMml,3,4,7,0.43
LMmm,16,14,30,0.53
LMmn,17,11,28,0.61
LMms,7,8,15,0.47
LMnB,15,11,26,0.58
LMnD,2,4,6,0.33
LMnH,6,6,12,0.5
LMnI,0,4,4,0.0
LMnK,0,1,1,0.0
LMnL,4,5,9,0.44
LMnM,10,10,20,0.5
LMnN,20,14,34,0.59
LMnP,18,28,46,0.39
LMnS,8,17,25,0.32
LMnb,10,5,15,0.67
LMnh,1,1,2,0.5
LMnl,3,4,7,0.43
LMnm,12,9,21,0.57
LMnn,21,16,37,0.57
LMns,11,11,22,0.5
LMsB,6,2,8,0.75
LMsD,0,1,1,0.0
LMsH,3,5,8,0.38
LMsI,1,3,4,0.25
LMsK,0,1,1,0.0
LMsL,1,2,3,0.33
LMsM,6,7,13,0.46
LMsN,10,6,16,0.62
LMsP,7,5,12,0.58
LMsS,4,10,14,0.29
LMsb,7,3,10,0.7
LMsh,0,1,1,0.0
LMsl,1,1,2,0.5
LMsm,3,5,8,0.38
LMsn,3,4,7,0.43
LMss,7,5,12,0.58
LMst,1,0,1,1.0
LMtB,1,0,1,1.0
LMtH,1,0,1,1.0
LMtM,0,1,1,0.0
LMtN,2,1,3,0.67
LMtP,0,2,2,0.0
LMtS,0,1,1,0.0
LMtb,1,2,3,0.33
LMth,1,0,1,1.0
LMtm,1,0,1,1.0
LMtn,1,0,1,1.0
LMts,1,0,1,1.0
LNBB,6,9,15,0.4
LNBD,0,1,1,0.0
LNBH,1,1,2,0.5
LNBK,0,1,1,0.0
LNBL,3,4,7,0.43
LNBM,10,8,18,0.56
LNBN,11,10,21,0.52
LNBP,10,19,29,0.34
LNBS,1,7,8,0.12
LNBb,9,12,21,0.43
LNBh,1,1,2,0.5
LNBj,3,4,7,0.43
LNBl,4,5,9,0.44
LNBm,9,7,16,0.56
LNBn,15,16,31,0.48
LNBs,6,5,11,0.55
LNBt,1,1,2,0.5
LNDB,3,1,4,0.75
LNDD,0,1,1,0.0
LNDH,1,3,4,0.25
LNDL,0,2,2,0.0
LNDM,2,2,4,0.5
LNDN,0,1,1,0.0
LNDP,3,4,7,0.43
LNDS,1,1,2,0.5
LNDb,2,1,3,0.67
LNDl,0,1,1,0.0
LNDm,4,2,6,0.67
LNDn,3,3,6,0.5
LNDs,1,0,1,1.0
LNDt,1,0,1,1.0
LNHB,2,3,5,0.4
LNHD,0,2,2,0.0
LNHH,1,0,1,1.0
LNHL,1,1,2,0.5
LNHM,1,2,3,0.33
LNHN,1,2,3,0.33
LNHP,2,3,5,0.4
LNHS,1,0,1,1.0
LNHb,3,2,5,0.6
LNHh,0,0,0,
LNHl,2,0,2,1.0
LNHm,2,0,2,1.0
LNHn,3,1,4,0.75
LNHs,0,4,4,0.0
LNIP,0,0,0,
LNKB,1,3,4,0.25
LNKD,1,0,1,1.0
LNKL,1,0,1,1.0
LNKM,0,1,1,0.0
LNKN,3,0,3,1.0
LNKP,0,1,1,0.0
LNKS,0,1,1,0.0
LNKh,1,0,1,1.0
LNKm,0,0,0,
LNKn,3,0,3,1.0
LNKs,3,1,4,0.75
LNLB,4,2,6,0.67
LNLD,1,0,1,1.0
LNLK,0,0,0,
LNLL,2,0,2,1.0
LNLM,7,4,11,0.64
LNLN,3,2,5,0.6
LNLP,4,2,6,0.67
LNLS,0,3,3,0.0
LNLb,1,3,4,0.25
LNLh,1,1,2,0.5
LNLj,0,1,1,0.0
LNLl,0,4,4,0.0
LNLm,1,4,5,0.2
LNLn,7,6,13,0.54
LNLs,4,2,6,0.67
LNMB,9,10,19,0.47
LNMD,1,4,5,0.2
LNMK,0,0,0,
LNML,2,1,3,0.67
LNMM,8,12,20,0.4
LNMN,12,11,23,0.52
LNMP,14,17,31,0.45
LNMS,7,6,13,0.54
LNMb,8,8,16,0.5
LNMh,3,9,12,0.25
LNMj,1,3,4,0.25
LNMl,4,2,6,0.67
LNMm,12,12,24,0.5
LNMn,14,15,29,0.48
LNMs,6,3,9,0.67
LNMt,0,1,1,0.0
LNNB,13,13,26,0.5
LNND,4,0,4,1.0
LNNH,1,0,1,1.0
LNNI,0,1,1,0.0
LNNK,1,1,2,0.5
LNNL,7,7,14,0.5
LNNM,7,20,27,0.26
LNNN,15,12,27,0.56
LNNP,24,18,42,0.57
LNNS,10,4,14,0.71
LNNb,6,8,14,0.43
LNNh,2,5,7,0.29
LNNl,4,7,11,0.36
LNNm,14,6,20,0.7
LNNn,19,19,38,0.5
LNNs,5,12,17,0.29
LNNt,1,1,2,0.5
LNPB,9,8,17,0.53
LNPD,4,4,8,0.5
LNPH,3,4,7,0.43
LNPI,0,2,2,0.0
LNPK,1,2,3,0.33
LNPL,6,5,11,0.55
LNPM,13,14,27,0.48
LNPN,23,13,36,0.64
LNPP,16,17,33,0.48
LNPS,4,11,15,0.27
LNPb,8,14,22,0.36
LNPh,2,0,2,1.0
LNPl,7,4,11,0.64
LNPm,24,16,40,0.6
LNPn,13,10,23,0.57
LNPs,9,9,18,0.5
LNPt,1,0,1,1.0
LNSB,5,6,11,0.45
LNSD,1,1,2,0.5
LNSH,3,1,4,0.75
LNSL,7,2,9,0.78
LNSM,5,8,13,0.38
LNSN,9,8,17,0.53
LNSP,10,6,16,0.62
LNSS,8,6,14,0.57
LNSb,4,1,5,0.8
LNSh,4,7,11,0.36
LNSl,1,3,4,0.25
LNSm,10,9,19,0.53
LNSn,6,7,13,0.46
LNSs,5,3,8,0.62
LNSt,2,1,3,0.67
LNbB,7,5,12,0.58
LNbD,2,0,2,1.0
LNbI,0,1,1,0.0
LNbJ,0,2,2,0.0
LNbK,1,0,1,1.0
LNbL,8,6,14,0.57
LNbM,8,11,19,0.42
LNbN,12,15,27,0.44
LNbP,13,11,24,0.54
LNbS,5,3,8,0.62
LNbb,3,10,13,0.23
LNbh,0,0,0,
LNbl,3,1,4,0.75
LNbm,13,7,20,0.65
LNbn,9,9,18,0.5
LNbs,4,7,11,0.36
LNhB,1,3,4,0.25
LNhD,2,0,2,1.0
LNhH,1,2,3,0.33
LNhI,0,0,0,
LNhK,1,0,1,1.0
LNhM,1,2,3,0.33
LNhN,3,1,4,0.75
LNhP,5,3,8,0.62
LNhS,4,5,9,0.44
LNhb,1,3,4,0.25
LNhh,3,1,4,0.75
LNhl,3,4,7,0.43
LNhm,2,10,12,0.17
LNhn,2,3,5,0.4
LNhs,1,2,3,0.33
LNlB,6,1,7,0.86
LNlH,2,0,2,1.0
LNlI,1,1,2,0.5
LNlJ,2,0,2,1.0
LNlL,1,2,3,0.33
LNlM,3,3,6,0.5
LNlN,5,7,12,0.42
LNlP,2,4,6,0.33
LNlS,3,5,8,0.38
LNlb,3,1,4,0.75
LNll,2,0,2,1.0
LNlm,2,4,6,0.33
LNln,0,2,2,0.0
LNls,4,3,7,0.57
LNmB,12,8,20,0.6
LNmD,2,1,3,0.67
LNmH,8,8,16,0.5
LNmI,1,0,1,1.0
LNmJ,0,1,1,0.0
LNmL,3,4,7,0.43
LNmM,13,20,33,0.39
LNmN,17,11,28,0.61
LNmP,17,10,27,0.63
LNmS,11,4,15,0.73
LNmb,4,11,15,0.27
LNml,3,1,4,0.75
LNmm,16,15,31,0.52
LNmn,6,9,15,0.4
LNms,7,5,12,0.58
LNnB,14,6,20,0.7
LNnD,3,3,6,0.5
LNnH,7,7,14,0.5
LNnI,1,2,3,0.33
LNnK,0,1,1,0.0
LNnL,4,6,10,0.4
LNnM,21,12,33,0.64
LNnN,11,15,26,0.42
LNnP,12,22,34,0.35
LNnS,11,16,27,0.41
LNnb,13,10,23,0.57
LNnh,1,1,2,0.5
LNnl,6,7,13,0.46
LNnm,14,13,27,0.52
LNnn,15,11,26,0.58
LNns,6,7,13,0.46
LNsB,6,2,8,0.75
LNsD,1,0,1,1.0
LNsH,3,14,17,0.18
LNsI,0,0,0,
LNsL,6,4,10,0.6
LNsM,9,13,22,0.41
LNsN,7,12,19,0.37
LNsP,6,10,16,0.38
LNsS,3,2,5,0.6
LNsb,5,7,12,0.42
LNsh,1,0,1,1.0
LNsl,4,4,8,0.5
LNsm,8,8,16,0.5
LNsn,9,2,11,0.82
LNss,9,6,15,0.6
LNtB,0,0,0,
LNtD,0,1,1,0.0
LNtH,0,2,2,0.0
LNtL,1,0,1,1.0
LNtM,1,2,3,0.33
LNtN,1,2,3,0.33
LNtP,1,2,3,0.33
LNtS,0,1,1,0.0
LNtb,1,2,3,0.33
LNtl,2,0,2,1.0
LNtm,4,1,5,0.8
LNtn,0,1,1,0.0
LNts,1,1,2,0.5
LPBB,10,13,23,0.43
LPBD,5,2,7,0.71
LPBK,1,0,1,1.0
LPBL,2,4,6,0.33
LPBM,15,11,26,0.58
LPBN,10,19,29,0.34
LPBP,17,17,34,0.5
LPBS,10,4,14,0.71
LPBb,14,10,24,0.58
LPBh,0,2,2,0.0
LPBj,6,2,8,0.75
LPBl,4,5,9,0.44
LPBm,17,14,31,0.55
LPBn,14,12,26,0.54
LPBs,6,4,10,0.6
LPBt,2,1,3,0.67
LPDB,2,3,5,0.4
LPDD,2,2,4,0.5
LPDH,0,2,2,0.0
LPDL,1,1,2,0.5
LPDM,3,2,5,0.6
LPDN,2,3,5,0.4
LPDP,1,6,7,0.14
LPDS,2,0,2,1.0
LPDb,2,1,3,0.67
LPDl,1,1,2,0.5
LPDm,2,1,3,0.67
LPDn,2,1,3,0.67
LPDs,1,0,1,1.0
LPDt,0,0,0,
LPHB,2,0,2,1.0
LPHD,0,1,1,0.0
LPHI,0,0,0,
LPHL,2,0,2,1.0
LPHM,0,2,2,0.0
LPHN,4,4,8,0.5
LPHP,3,7,10,0.3
LPHS,3,4,7,0.43
LPHb,1,1,2,0.5
LPHh,1,4,5,0.2
LPHl,1,0,1,1.0
LPHm,1,4,5,0.2
LPHn,1,1,2,0.5
LPHs,8,2,10,0.8
LPHt,0,1,1,0.0
LPIB,2,2,4,0.5
LPID,0,1,1,0.0
LPIH,0,2,2,0.0
LPIM,1,1,2,0.5
LPIN,1,2,3,0.33
LPIP,2,0,2,1.0
LPIS,3,1,4,0.75
LPIb,0,2,2,0.0
LPIm,3,2,5,0.6
LPIn,0,3,3,0.0
LPIs,3,1,4,0.75
LPKB,0,1,1,0.0
LPKD,0,0,0,
LPKL,0,2,2,0.0
LPKM,1,2,3,0.33
LPKN,0,1,1,0.0
LPKP,2,1,3,0.67
LPKS,2,1,3,0.67
LPKb,0,2,2,0.0
LPKh,1,1,2,0.5
LPKl,1,1,2,0.5
LPKm,4,2,6,0.67
LPKs,2,0,2,1.0
LPLB,4,7,11,0.36
LPLD,1,2,3,0.33
LPLL,0,2,2,0.0
LPLM,1,7,8,0.12
LPLN,6,9,15,0.4
LPLP,7,8,15,0.47
LPLS,7,3,10,0.7
LPLb,5,11,16,0.31
LPLh,4,1,5,0.8
LPLj,1,2,3,0.33
LPLl,2,2,4,0.5
LPLm,5,3,8,0.62
LPLn,3,4,7,0.43
LPLs,4,8,12,0.33
LPLt,0,1,1,0.0
LPMB,13,6,19,0.68
LPMD,1,2,3,0.33
LPML,3,5,8,0.38
LPMM,11,9,20,0.55
LPMN,14,13,27,0.52
LPMP,20,18,38,0.53
LPMS,4,7,11,0.36
LPMb,16,11,27,0.59
LPMh,6,9,15,0.4
LPMj,1,4,5,0.2
LPMl,10,5,15,0.67
LPMm,21,17,38,0.55
LPMn,16,15,31,0.52
LPMs,13,5,18,0.72
LPMt,0,0,0,
LPNB,16,15,31,0.52
LPND,3,1,4,0.75
LPNH,2,2,4,0.5
LPNK,1,1,2,0.5
LPNL,7,4,11,0.64
LPNM,10,16,26,0.38
LPNN,14,21,35,0.4
LPNP,21,18,39,0.54
LPNS,9,10,19,0.47
LPNb,11,10,21,0.52
LPNh,3,3,6,0.5
LPNl,5,5,10,0.5
LPNm,18,15,33,0.55
LPNn,25,19,44,0.57
LPNs,10,7,17,0.59
LPNt,4,4,8,0.5
LPPB,17,17,34,0.5
LPPD,3,3,6,0.5
LPPH,1,3,4,0.25
LPPI,3,0,3,1.0
LPPK,3,2,5,0.6
LPPL,13,9,22,0.59
LPPM,21,25,46,0.46
LPPN,15,18,33,0.45
LPPP,36,32,68,0.53
LPPS,11,18,29,0.38
LPPb,18,18,36,0.5
LPPh,2,2,4,0.5
LPPl,7,11,18,0.39
LPPm,18,22,40,0.45
LPPn,5,22,27,0.19
LPPs,19,19,38,0.5
LPPt,2,1,3,0.67
LPSB,12,3,15,0.8
LPSD,1,1,2,0.5
LPSH,4,5,9,0.44
LPSI,0,1,1,0.0
LPSK,1,0,1,1.0
LPSL,6,7,13,0.46
LPSM,12,6,18,0.67
LPSN,12,6,18,0.67
LPSP,16,8,24,0.67
LPSS,10,14,24,0.42
LPSb,7,12,19,0.37
LPSh,3,5,8,0.38
LPSl,3,2,5,0.6
LPSm,10,5,15,0.67
LPSn,9,13,22,0.41
LPSs,8,7,15,0.53
LPSt,2,2,4,0.5
LPbB,13,17,30,0.43
LPbD,2,4,6,0.33
LPbH,1,5,6,0.17
LPbI,1,1,2,0.5
LPbJ,3,4,7,0.43
LPbK,0,4,4,0.0
LPbL,1,5,6,0.17
LPbM,11,16,27,0.41
LPbN,10,12,22,0.45
LPbP,14,10,24,0.58
LPbS,8,4,12,0.67
LPbb,11,17,28,0.39
LPbl,1,9,10,0.1
LPbm,11,10,21,0.52
LPbn,12,13,25,0.48
LPbs,3,10,13,0.23
LPhB,1,3,4,0.25
LPhH,0,2,2,0.0
LPhL,0,1,1,0.0
LPhM,1,3,4,0.25
LPhN,0,1,1,0.0
LPhP,2,2,4,0.5
LPhS,0,3,3,0.0
LPhb,1,4,5,0.2
LPhh,1,1,2,0.5
LPhl,0,2,2,0.0
LPhm,2,0,2,1.0
LPhn,2,2,4,0.5
LPhs,2,0,2,1.0
LPlB,6,3,9,0.67
LPlD,1,2,3,0.33
LPlH,7,7,14,0.5
LPlI,1,1,2,0.5
LPlJ,1,0,1,1.0
LPlL,5,3,8,0.62
LPlM,2,9,11,0.18
LPlN,3,10,13,0.23
LPlP,11,10,21,0.52
LPlS,6,8,14,0.43
LPlb,4,5,9,0.44
LPll,4,4,8,0.5
LPlm,10,5,15,0.67
LPln,5,4,9,0.56
LPls,7,5,12,0.58
LPmB,17,16,33,0.52
LPmD,7,5,12,0.58
LPmH,10,10,20,0.5
LPmJ,3,1,4,0.75
LPmL,6,7,13,0.46
LPmM,17,20,37,0.46
LPmN,15,21,36,0.42
LPmP,22,16,38,0.58
LPmS,14,12,26,0.54
LPmb,15,11,26,0.58
LPmh,1,1,2,0.5
LPml,3,8,11,0.27
LPmm,19,14,33,0.58
LPmn,11,12,23,0.48
LPms,5,5,10,0.5
LPnB,12,14,26,0.46
LPnD,1,2,3,0.33
LPnH,7,7,14,0.5
LPnI,3,2,5,0.6
LPnK,2,2,4,0.5
LPnL,5,7,12,0.42
LPnM,11,13,24,0.46
LPnN,14,16,30,0.47
LPnP,17,20,37,0.46
LPnS,8,5,13,0.62
LPnb,15,8,23,0.65
LPnh,1,1,2,0.5
LPnl,4,4,8,0.5
LPnm,14,13,27,0.52
LPnn,13,13,26,0.5
LPns,5,9,14,0.36
LPsB,4,13,17,0.24
LPsD,4,3,7,0.57
LPsH,7,7,14,0.5
LPsI,2,1,3,0.67
LPsL,3,4,7,0.43
LPsM,9,13,22,0.41
LPsN,9,12,21,0.43
LPsP,15,16,31,0.48
LPsS,7,11,18,0.39
LPsb,6,5,11,0.55
LPsh,1,1,2,0.5
LPsl,2,6,8,0.25
LPsm,5,7,12,0.42
LPsn,7,2,9,0.78
LPss,8,7,15,0.53
LPtB,4,1,5,0.8
LPtD,0,1,1,0.0
LPtH,1,2,3,0.33
LPtL,1,0,1,1.0
LPtM,1,0,1,1.0
LPtN,2,0,2,1.0
LPtP,3,1,4,0.75
LPtS,2,1,3,0.67
LPtb,0,1,1,0.0
LPth,0,1,1,0.0
LPtl,1,1,2,0.5
LPtm,0,3,3,0.0
LPtn,1,2,3,0.33
LPts,2,1,3,0.67
LSBB,5,10,15,0.33
LSBD,1,0,1,1.0
LSBK,1,0,1,1.0
LSBL,2,1,3,0.67
LSBM,8,5,13,0.62
LSBN,5,9,14,0.36
LSBP,8,11,19,0.42
LSBS,6,0,6,1.0
LSBb,6,3,9,0.67
LSBj,2,0,2,1.0
LSBl,2,1,3,0.67
LSBm,9,4,13,0.69
LSBn,8,7,15,0.53
LSBs,4,3,7,0.57
LSDB,0,1,1,0.0
LSDD,1,1,2,0.5
LSDH,2,1,3,0.67
LSDL,0,1,1,0.0
LSDM,3,3,6,0.5
LSDN,3,2,5,0.6
LSDP,1,2,3,0.33
LSDS,0,3,3,0.0
LSDb,0,3,3,0.0
LSDl,0,1,1,0.0
LSDm,4,6,10,0.4
LSDn,2,2,4,0.5
LSDs,1,1,2,0.5
LSHB,2,3,5,0.4
LSHD,0,0,0,
LSHL,1,2,3,0.33
LSHM,2,3,5,0.4
LSHN,1,5,6,0.17
LSHP,4,4,8,0.5
LSHS,5,0,5,1.0
LSHb,3,2,5,0.6
LSHh,0,1,1,0.0
LSHl,1,2,3,0.33
LSHm,2,3,5,0.4
LSHn,1,0,1,1.0
LSHs,3,1,4,0.75
LSID,0,0,0,
LSIH,0,0,0,
LSIM,1,0,1,1.0
LSIN,1,0,1,1.0
LSIP,0,0,0,
LSIS,1,1,2,0.5
LSIb,0,1,1,0.0
LSIm,1,0,1,1.0
LSIt,0,2,2,0.0
LSKB,1,0,1,1.0
LSKL,1,0,1,1.0
LSKM,0,0,0,
LSKh,0,1,1,0.0
LSKl,1,0,1,1.0
LSKm,0,1,1,0.0
LSKs,0,1,1,0.0
LSLB,1,6,7,0.14
LSLD,0,0,0,
LSLH,1,0,1,1.0
LSLL,0,1,1,0.0
LSLM,1,4,5,0.2
LSLN,1,2,3,0.33
LSLP,3,1,4,0.75
LSLS,2,3,5,0.4
LSLb,6,5,11,0.55
LSLh,0,1,1,0.0
LSLj,0,2,2,0.0
LSLl,3,1,4,0.75
LSLm,5,5,10,0.5
LSLn,4,2,6,0.67
LSLs,1,2,3,0.33
LSLt,0,1,1,0.0
LSMB,10,2,12,0.83
LSML,3,5,8,0.38
LSMM,3,9,12,0.25
LSMN,7,5,12,0.58
LSMP,9,8,17,0.53
LSMS,7,5,12,0.58
LSMb,3,8,11,0.27
LSMh,5,5,10,0.5
LSMl,6,4,10,0.6
LSMm,11,11,22,0.5
LSMn,6,6,12,0.5
LSMs,4,2,6,0.67
LSMt,1,0,1,1.0
LSNB,8,9,17,0.47
LSNH,2,2,4,0.5
LSNK,1,0,1,1.0
LSNL,1,1,2,0.5
LSNM,7,9,16,0.44
LSNN,11,9,20,0.55
LSNP,9,9,18,0.5
LSNS,3,6,9,0.33
LSNb,4,4,8,0.5
LSNh,0,2,2,0.0
LSNl,3,1,4,0.75
LSNm,8,6,14,0.57
LSNn,5,10,15,0.33
LSNs,6,0,6,1.0
LSNt,1,1,2,0.5
LSPB,5,3,8,0.62
LSPD,0,1,1,0.0
LSPH,3,2,5,0.6
LSPI,0,2,2,0.0
LSPK,0,2,2,0.0
LSPL,4,2,6,0.67
LSPM,18,15,33,0.55
LSPN,8,5,13,0.62
LSPP,10,11,21,0.48
LSPS,5,6,11,0.45
LSPb,8,4,12,0.67
LSPh,1,1,2,0.5
LSPl,7,11,18,0.39
LSPm,7,6,13,0.54
LSPn,10,11,21,0.48
LSPs,5,7,12,0.42
LSPt,2,0,2,1.0
LSSB,5,4,9,0.56
LSSD,3,1,4,0.75
LSSH,2,2,4,0.5
LSSL,4,2,6,0.67
LSSM,8,10,18,0.44
LSSN,4,6,10,0.4
LSSP,8,7,15,0.53
LSSS,5,13,18,0.28
LSSb,5,1,6,0.83
LSSh,5,1,6,0.83
LSSl,4,1,5,0.8
LSSm,10,8,18,0.56
LSSn,9,5,14,0.64
LSSs,10,12,22,0.45
LSSt,3,0,3,1.0
LSbB,4,6,10,0.4
LSbH,2,1,3,0.67
LSbJ,2,3,5,0.4
LSbK,1,0,1,1.0
LSbL,2,3,5,0.4
LSbM,5,5,10,0.5
LSbN,3,3,6,0.5
LSbP,5,5,10,0.5
LSbS,3,3,6,0.5
LSbb,3,4,7,0.43
LSbl,6,1,7,0.86
LSbm,8,6,14,0.57
LSbn,3,5,8,0.38
LSbs,4,0,4,1.0
LShB,1,2,3,0.33
LShH,0,1,1,0.0
LShI,1,0,1,1.0
LShL,2,1,3,0.67
LShM,3,0,3,1.0
LShN,4,4,8,0.5
LShP,6,6,12,0.5
LShS,5,2,7,0.71
LShb,0,1,1,0.0
LShh,3,2,5,0.6
LShl,0,2,2,0.0
LShm,3,7,10,0.3
LShn,6,1,7,0.86
LShs,3,1,4,0.75
LSht,2,0,2,1.0
LSlB,3,4,7,0.43
LSlH,1,0,1,1.0
LSlI,1,0,1,1.0
LSlJ,1,2,3,0.33
LSlK,1,0,1,1.0
LSlL,2,2,4,0.5
LSlM,3,7,10,0.3
LSlN,5,2,7,0.71
LSlP,4,5,9,0.44
LSlS,3,4,7,0.43
LSlb,1,3,4,0.25
LSll,0,1,1,0.0
LSlm,3,1,4,0.75
LSln,1,1,2,0.5
LSls,0,4,4,0.0
LSmB,4,6,10,0.4
LSmD,5,3,8,0.62
LSmH,3,4,7,0.43
LSmJ,2,3,5,0.4
LSmL,6,1,7,0.86
LSmM,8,15,23,0.35
LSmN,10,7,17,0.59
LSmP,6,9,15,0.4
LSmS,8,4,12,0.67
LSmb,12,4,16,0.75
LSml,3,3,6,0.5
LSmm,10,12,22,0.45
LSmn,4,8,12,0.33
LSms,3,4,7,0.43
LSnB,8,7,15,0.53
LSnD,2,1,3,0.67
LSnH,3,3,6,0.5
LSnK,1,1,2,0.5
LSnL,5,3,8,0.62
LSnM,4,6,10,0.4
LSnN,4,14,18,0.22
LSnP,10,9,19,0.53
LSnS,2,11,13,0.15
LSnb,3,5,8,0.38
LSnl,0,2,2,0.0
LSnm,5,12,17,0.29
LSnn,8,7,15,0.53
LSns,5,4,9,0.56
LSsB,2,4,6,0.33
LSsD,0,1,1,0.0
LSsH,6,2,8,0.75
LSsI,2,1,3,0.67
LSsL,4,2,6,0.67
LSsM,6,6,12,0.5
LSsN,7,3,10,0.7
LSsP,6,8,14,0.43
LSsS,7,11,18,0.39
LSsb,4,3,7,0.57
LSsh,0,2,2,0.0
LSsl,4,1,5,0.8
LSsm,8,9,17,0.47
LSsn,3,4,7,0.43
LSss,3,10,13,0.23
LSst,0,1,1,0.0
LStB,0,3,3,0.0
LStD,1,0,1,1.0
LStH,0,1,1,0.0
LStL,1,1,2,0.5
LStM,3,0,3,1.0
LStN,0,1,1,0.0
LStP,2,1,3,0.67
LStS,1,0,1,1.0
LStb,2,1,3,0.67
LStl,1,0,1,1.0
LStm,0,1,1,0.0
LStn,0,3,3,0.0
LSts,2,0,2,1.0
LbBB,6,12,18,0.33
LbBH,0,1,1,0.0
LbBK,0,2,2,0.0
LbBL,2,2,4,0.5
LbBM,10,9,19,0.53
LbBN,11,11,22,0.5
LbBP,11,8,19,0.58
LbBS,4,8,12,0.33
LbBb,7,9,16,0.44
LbBh,2,0,2,1.0
LbBj,3,3,6,0.5
LbBl,2,3,5,0.4
LbBm,9,8,17,0.53
LbBn,13,18,31,0.42
LbBs,3,7,10,0.3
LbBt,1,0,1,1.0
LbDB,0,1,1,0.0
LbDD,0,2,2,0.0
LbDH,2,1,3,0.67
LbDM,0,4,4,0.0
LbDN,0,0,0,
LbDP,1,1,2,0.5
LbDS,1,1,2,0.5
LbDb,1,1,2,0.5
LbDm,1,1,2,0.5
LbDn,0,1,1,0.0
LbDs,2,0,2,1.0
LbHB,3,1,4,0.75
LbHD,1,0,1,1.0
LbHH,0,1,1,0.0
LbHI,0,1,1,0.0
LbHM,1,0,1,1.0
LbHN,2,3,5,0.4
LbHP,1,4,5,0.2
LbHS,0,3,3,0.0
LbHb,2,2,4,0.5
LbHh,3,1,4,0.75
LbHl,1,0,1,1.0
LbHm,0,4,4,0.0
LbHn,0,2,2,0.0
LbHs,2,2,4,0.5
LbIB,1,1,2,0.5
LbID,0,0,0,
LbIH,1,1,2,0.5
LbIM,1,0,1,1.0
LbIP,2,0,2,1.0
LbIS,0,2,2,0.0
LbIb,0,2,2,0.0
LbIm,0,1,1,0.0
LbIn,0,1,1,0.0
LbJB,1,2,3,0.33
LbJH,3,2,5,0.6
LbJI,0,1,1,0.0
LbJK,0,1,1,0.0
LbJL,1,2,3,0.33
LbJM,2,1,3,0.67
LbJN,5,5,10,0.5
LbJP,2,5,7,0.29
LbJS,0,2,2,0.0
LbJb,2,4,6,0.33
LbJh,0,1,1,0.0
LbJl,0,2,2,0.0
LbJm,2,1,3,0.67
LbJn,2,0,2,1.0
LbJs,2,1,3,0.67
LbKB,0,1,1,0.0
LbKD,0,0,0,
LbKL,1,2,3,0.33
LbKM,2,2,4,0.5
LbKN,0,1,1,0.0
LbKP,3,0,3,1.0
LbKS,1,2,3,0.33
LbKb,2,3,5,0.4
LbKh,2,1,3,0.67
LbKl,0,0,0,
LbKm,1,4,5,0.2
LbKn,0,2,2,0.0
LbKs,0,2,2,0.0
LbKt,1,0,1,1.0
LbLB,1,2,3,0.33
LbLD,0,1,1,0.0
LbLL,2,1,3,0.67
LbLM,3,1,4,0.75
LbLN,0,1,1,0.0
LbLP,3,1,4,0.75
LbLS,0,2,2,0.0
LbLb,4,2,6,0.67
LbLh,2,2,4,0.5
LbLj,1,0,1,1.0
LbLl,0,1,1,0.0
LbLm,4,3,7,0.57
LbLn,11,6,17,0.65
LbLs,1,0,1,1.0
LbMB,7,7,14,0.5
LbMD,3,6,9,0.33
LbML,4,1,5,0.8
LbMM,9,7,16,0.56
LbMN,3,7,10,0.3
LbMP,10,15,25,0.4
LbMS,5,6,11,0.45
LbMb,8,7,15,0.53
LbMh,8,4,12,0.67
LbMj,0,2,2,0.0
LbMl,5,1,6,0.83
LbMm,15,7,22,0.68
LbMn,12,12,24,0.5
LbMs,6,7,13,0.46
LbMt,1,2,3,0.33
LbNB,10,12,22,0.45
LbND,1,1,2,0.5
LbNH,1,2,3,0.33
LbNK,0,1,1,0.0
LbNL,1,4,5,0.2
LbNM,7,9,16,0.44
LbNN,8,13,21,0.38
LbNP,19,20,39,0.49
LbNS,11,11,22,0.5
LbNb,12,12,24,0.5
LbNh,2,3,5,0.4
LbNl,4,1,5,0.8
LbNm,8,5,13,0.62
LbNn,15,9,24,0.62
LbNs,10,9,19,0.53
LbNt,2,2,4,0.5
LbPB,12,9,21,0.57
LbPD,1,2,3,0.33
LbPH,3,5,8,0.38
LbPI,1,0,1,1.0
LbPK,0,1,1,0.0
LbPL,4,5,9,0.44
LbPM,8,17,25,0.32
LbPN,19,5,24,0.79
LbPP,19,17,36,0.53
LbPS,9,5,14,0.64
LbPb,5,14,19,0.26
LbPh,3,1,4,0.75
LbPl,7,3,10,0.7
LbPm,11,10,21,0.52
LbPn,12,8,20,0.6
LbPs,7,6,13,0.54
LbPt,3,3,6,0.5
LbSB,1,2,3,0.33
LbSD,3,0,3,1.0
LbSH,0,4,4,0.0
LbSI,1,0,1,1.0
LbSL,3,1,4,0.75
LbSM,9,5,14,0.64
LbSN,4,9,13,0.31
LbSP,3,4,7,0.43
LbSS,6,4,10,0.6
LbSb,4,3,7,0.57
LbSh,6,1,7,0.86
LbSl,1,0,1,1.0
LbSm,7,3,10,0.7
LbSn,2,5,7,0.29
LbSs,5,7,12,0.42
LbSt,0,1,1,0.0
LbbB,16,5,21,0.76
LbbD,0,1,1,0.0
LbbH,1,1,2,0.5
LbbI,1,0,1,1.0
LbbJ,0,1,1,0.0
LbbL,7,3,10,0.7
LbbM,5,13,18,0.28
LbbN,11,10,21,0.52
LbbP,17,11,28,0.61
LbbS,11,8,19,0.58
Lbbb,8,17,25,0.32
Lbbl,1,2,3,0.33
Lbbm,8,4,12,0.67
Lbbn,11,7,18,0.61
Lbbs,7,1,8,0.88
LblB,2,3,5,0.4
LblD,0,1,1,0.0
LblH,3,2,5,0.6
LblJ,1,0,1,1.0
LblL,1,1,2,0.5
LblM,5,6,11,0.45
LblN,4,4,8,0.5
LblP,4,3,7,0.57
LblS,3,3,6,0.5
Lblb,1,0,1,1.0
Lbll,1,0,1,1.0
Lblm,5,4,9,0.56
Lbln,1,1,2,0.5
Lbls,2,3,5,0.4
LbmB,8,6,14,0.57
LbmD,3,2,5,0.6
LbmH,5,7,12,0.42
LbmI,2,0,2,1.0
LbmJ,0,1,1,0.0
LbmL,4,3,7,0.57
LbmM,9,9,18,0.5
LbmN,13,9,22,0.59
LbmP,11,14,25,0.44
LbmS,11,2,13,0.85
Lbmb,12,11,23,0.52
Lbml,6,1,7,0.86
Lbmm,6,5,11,0.55
Lbmn,16,12,28,0.57
Lbms,9,7,16,0.56
LbnB,3,6,9,0.33
LbnD,2,0,2,1.0
LbnH,0,6,6,0.0
LbnI,1,2,3,0.33
LbnK,0,0,0,
LbnL,4,3,7,0.57
LbnM,7,9,16,0.44
LbnN,13,8,21,0.62
LbnP,15,16,31,0.48
LbnS,5,3,8,0.62
Lbnb,13,5,18,0.72
Lbnl,2,1,3,0.67
Lbnm,13,7,20,0.65
Lbnn,14,11,25,0.56
Lbns,7,8,15,0.47
LbsB,1,4,5,0.2
LbsD,0,2,2,0.0
LbsH,5,5,10,0.5
LbsI,2,2,4,0.5
LbsL,1,2,3,0.33
LbsM,2,8,10,0.2
LbsN,5,3,8,0.62
LbsP,6,8,14,0.43
LbsS,7,4,11,0.64
Lbsb,2,4,6,0.33
Lbsh,0,2,2,0.0
Lbsl,1,3,4,0.25
Lbsm,4,7,11,0.36
Lbsn,5,2,7,0.71
Lbss,2,9,11,0.18
LhBB,5,3,8,0.62
LhBD,1,0,1,1.0
LhBL,1,2,3,0.33
LhBM,3,8,11,0.27
LhBN,2,3,5,0.4
LhBP,2,7,9,0.22
LhBS,3,0,3,1.0
LhBb,2,4,6,0.33
LhBh,0,1,1,0.0
LhBj,0,0,0,
LhBl,1,3,4,0.25
LhBm,3,4,7,0.43
LhBn,4,5,9,0.44
LhBs,3,4,7,0.43
LhBt,1,0,1,1.0
LhDB,1,0,1,1.0
LhDH,1,1,2,0.5
LhDL,1,0,1,1.0
LhDM,2,2,4,0.5
LhDN,0,2,2,0.0
LhDP,0,2,2,0.0
LhDS,1,0,1,1.0
LhDb,1,1,2,0.5
LhDh,0,1,1,0.0
LhDm,2,1,3,0.67
LhDn,0,1,1,0.0
LhDs,0,1,1,0.0
LhDt,0,1,1,0.0
LhHB,2,1,3,0.67
LhHH,0,2,2,0.0
LhHM,1,1,2,0.5
LhHN,0,2,2,0.0
LhHP,1,0,1,1.0
LhHS,2,0,2,1.0
LhHb,1,0,1,1.0
LhHl,0,0,0,
LhHm,0,1,1,0.0
LhHn,0,1,1,0.0
LhHs,1,1,2,0.5
LhID,1,0,1,1.0
LhIL,0,1,1,0.0
LhIN,1,0,1,1.0
LhIP,1,0,1,1.0
LhIb,1,0,1,1.0
LhIs,1,0,1,1.0
LhKM,0,0,0,
LhKS,0,1,1,0.0
LhKh,0,1,1,0.0
LhLB,0,1,1,0.0
LhLK,1,0,1,1.0
LhLL,0,1,1,0.0
LhLM,1,1,2,0.5
LhLN,0,1,1,0.0
LhLP,0,1,1,0.0
LhLS,3,2,5,0.6
LhLb,2,4,6,0.33
LhLh,0,1,1,0.0
LhLj,1,0,1,1.0
LhLm,1,4,5,0.2
LhLn,2,2,4,0.5
LhLs,1,2,3,0.33
LhLt,0,0,0,
LhMB,2,5,7,0.29
LhMD,3,1,4,0.75
LhMH,1,1,2,0.5
LhMM,4,6,10,0.4
LhMN,7,4,11,0.64
LhMP,6,7,13,0.46
LhMS,1,1,2,0.5
LhMb,2,5,7,0.29
LhMh,2,6,8,0.25
LhMj,1,0,1,1.0
LhMl,4,2,6,0.67
LhMm,5,4,9,0.56
LhMn,4,4,8,0.5
LhMs,3,3,6,0.5
LhMt,1,0,1,1.0
LhNB,4,2,6,0.67
LhND,0,0,0,
LhNH,2,0,2,1.0
LhNI,0,1,1,0.0
LhNK,0,1,1,0.0
LhNL,3,2,5,0.6
LhNM,4,4,8,0.5
LhNN,2,2,4,0.5
LhNP,3,9,12,0.25
LhNS,3,3,6,0.5
LhNb,1,7,8,0.12
LhNh,0,2,2,0.0
LhNl,1,2,3,0.33
LhNm,5,1,6,0.83
LhNn,5,5,10,0.5
LhNs,2,7,9,0.22
LhNt,1,0,1,1.0
LhPB,4,5,9,0.44
LhPD,0,0,0,
LhPH,1,4,5,0.2
LhPI,0,2,2,0.0
LhPK,1,1,2,0.5
LhPL,5,5,10,0.5
LhPM,2,17,19,0.11
LhPN,6,7,13,0.46
LhPP,8,10,18,0.44
LhPS,3,3,6,0.5
LhPb,6,7,13,0.46
LhPl,3,0,3,1.0
LhPm,7,2,9,0.78
LhPn,3,6,9,0.33
LhPs,6,0,6,1.0
LhSB,3,3,6,0.5
LhSD,1,0,1,1.0
LhSH,1,1,2,0.5
LhSL,0,1,1,0.0
LhSM,3,3,6,0.5
LhSN,2,4,6,0.33
LhSP,2,4,6,0.33
LhSS,6,4,10,0.6
LhSb,1,1,2,0.5
LhSh,0,1,1,0.0
LhSl,0,2,2,0.0
LhSm,4,5,9,0.44
LhSn,3,2,5,0.6
LhSs,4,3,7,0.57
LhSt,1,0,1,1.0
LhbB,5,7,12,0.42
LhbD,1,1,2,0.5
LhbH,1,1,2,0.5
LhbJ,1,2,3,0.33
LhbK,1,1,2,0.5
LhbL,1,1,2,0.5
LhbM,5,2,7,0.71
LhbN,4,4,8,0.5
LhbP,7,2,9,0.78
LhbS,3,3,6,0.5
Lhbb,2,7,9,0.22
Lhbl,3,1,4,0.75
Lhbm,2,2,4,0.5
Lhbn,2,2,4,0.5
Lhbs,2,2,4,0.5
LhhB,4,0,4,1.0
LhhH,2,0,2,1.0
LhhI,0,1,1,0.0
LhhK,0,1,1,0.0
LhhL,1,3,4,0.25
LhhM,4,7,11,0.36
LhhN,3,3,6,0.5
LhhP,8,8,16,0.5
LhhS,2,5,7,0.29
Lhhb,5,3,8,0.62
Lhhh,2,2,4,0.5
Lhhl,1,1,2,0.5
Lhhm,10,3,13,0.77
Lhhn,2,5,7,0.29
Lhhs,2,3,5,0.4
Lhht,0,0,0,
LhlB,2,3,5,0.4
LhlD,0,1,1,0.0
LhlH,1,0,1,1.0
LhlL,0,1,1,0.0
LhlM,1,0,1,1.0
LhlN,1,0,1,1.0
LhlP,2,1,3,0.67
LhlS,2,1,3,0.67
Lhlb,4,1,5,0.8
Lhll,1,0,1,1.0
Lhlm,1,0,1,1.0
Lhln,0,1,1,0.0
Lhls,2,3,5,0.4
LhmB,5,7,12,0.42
LhmD,1,1,2,0.5
LhmH,6,5,11,0.55
LhmI,1,0,1,1.0
LhmJ,2,2,4,0.5
LhmK,0,1,1,0.0
LhmL,0,2,2,0.0
LhmM,4,5,9,0.44
LhmN,6,5,11,0.55
LhmP,4,2,6,0.67
LhmS,3,7,10,0.3
Lhmb,7,5,12,0.58
Lhml,1,0,1,1.0
Lhmm,6,5,11,0.55
Lhmn,4,3,7,0.57
Lhms,5,2,7,0.71
LhnB,1,3,4,0.25
LhnH,1,2,3,0.33
LhnI,1,0,1,1.0
LhnK,0,1,1,0.0
LhnL,3,1,4,0.75
LhnM,1,1,2,0.5
LhnN,5,4,9,0.56
LhnP,4,9,13,0.31
LhnS,2,5,7,0.29
Lhnb,2,5,7,0.29
Lhnl,1,1,2,0.5
Lhnm,4,6,10,0.4
Lhnn,4,5,9,0.44
Lhns,4,1,5,0.8
LhsB,2,6,8,0.25
LhsD,1,2,3,0.33
LhsH,5,3,8,0.62
LhsI,0,2,2,0.0
LhsL,2,1,3,0.67
LhsM,6,2,8,0.75
LhsN,3,5,8,0.38
LhsP,5,5,10,0.5
LhsS,8,8,16,0.5
Lhsb,1,4,5,0.2
Lhsl,1,1,2,0.5
Lhsm,2,3,5,0.4
Lhsn,2,6,8,0.25
Lhss,1,1,2,0.5
LhtL,1,0,1,1.0
LhtM,0,1,1,0.0
LhtN,0,1,1,0.0
LhtP,1,2,3,0.33
LhtS,1,2,3,0.33
Lhtb,0,1,1,0.0
Lhtl,1,0,1,1.0
Lhtm,0,0,0,
Lhts,2,0,2,1.0
Lhtt,1,0,1,1.0
LjBB,1,1,2,0.5
LjBL,1,1,2,0.5
LjBM,2,2,4,0.5
LjBN,2,4,6,0.33
LjBP,5,2,7,0.71
LjBS,1,0,1,1.0
LjBb,0,1,1,0.0
LjBj,3,1,4,0.75
LjBl,1,2,3,0.33
LjBm,3,2,5,0.6
LjBn,4,2,6,0.67
LjBs,0,2,2,0.0
LjDB,1,2,3,0.33
LjDH,0,1,1,0.0
LjDM,1,1,2,0.5
LjDP,1,0,1,1.0
LjDS,2,1,3,0.67
LjDm,2,0,2,1.0
LjHB,2,0,2,1.0
LjHH,0,1,1,0.0
LjHI,0,1,1,0.0
LjHP,0,1,1,0.0
LjHS,1,0,1,1.0
LjHb,2,0,2,1.0
LjHl,0,1,1,0.0
LjHm,0,1,1,0.0
LjHn,0,1,1,0.0
LjIM,1,0,1,1.0
LjIP,0,1,1,0.0
LjIb,1,0,1,1.0
LjIm,1,0,1,1.0
LjIs,1,0,1,1.0
LjKB,0,0,0,
LjKN,1,0,1,1.0
LjKP,1,0,1,1.0
LjKS,1,0,1,1.0
LjKh,0,0,0,
LjKn,1,0,1,1.0
LjKs,1,0,1,1.0
LjLB,1,5,6,0.17
LjLD,0,1,1,0.0
LjLL,3,0,3,1.0
LjLM,0,1,1,0.0
LjLN,1,1,2,0.5
LjLP,1,1,2,0.5
LjLS,0,2,2,0.0
LjLh,0,2,2,0.0
LjLl,0,2,2,0.0
LjLm,1,2,3,0.33
LjLn,0,1,1,0.0
LjLs,0,2,2,0.0
LjMB,0,2,2,0.0
LjMD,2,1,3,0.67
LjML,1,1,2,0.5
LjMM,1,1,2,0.5
LjMN,1,4,5,0.2
LjMP,2,3,5,0.4
LjMS,1,1,2,0.5
LjMb,2,3,5,0.4
LjMh,0,1,1,0.0
LjMj,0,2,2,0.0
LjMl,0,2,2,0.0
LjMm,1,3,4,0.25
LjMn,5,1,6,0.83
LjMs,0,1,1,0.0
LjNB,2,2,4,0.5
LjNK,1,0,1,1.0
LjNL,2,1,3,0.67
LjNM,0,5,5,0.0
LjNN,3,4,7,0.43
LjNP,5,5,10,0.5
LjNS,2,0,2,1.0
LjNb,3,1,4,0.75
LjNh,1,0,1,1.0
LjNl,2,1,3,0.67
LjNm,1,1,2,0.5
LjNn,3,2,5,0.6
LjNs,0,1,1,0.0
LjPB,3,6,9,0.33
LjPD,1,3,4,0.25
LjPH,2,0,2,1.0
LjPK,1,1,2,0.5
LjPL,2,2,4,0.5
LjPM,3,2,5,0.6
LjPN,2,2,4,0.5
LjPP,4,7,11,0.36
LjPS,3,1,4,0.75
LjPb,0,1,1,0.0
LjPh,1,0,1,1.0
LjPl,1,1,2,0.5
LjPm,3,3,6,0.5
LjPn,2,0,2,1.0
LjPs,0,2,2,0.0
LjSB,5,2,7,0.71
LjSD,1,0,1,1.0
LjSH,2,0,2,1.0
LjSL,2,0,2,1.0
LjSM,0,2,2,0.0
LjSN,0,1,1,0.0
LjSP,2,2,4,0.5
LjSS,3,1,4,0.75
LjSb,1,4,5,0.2
LjSh,1,0,1,1.0
LjSm,1,2,3,0.33
LjSn,3,1,4,0.75
LjbB,0,1,1,0.0
LjbH,0,1,1,0.0
LjbK,0,1,1,0.0
LjbL,1,1,2,0.5
LjbM,3,2,5,0.6
LjbN,1,4,5,0.2
LjbP,4,1,5,0.8
LjbS,0,0,0,
Ljbb,2,2,4,0.5
Ljbm,1,3,4,0.25
Ljbn,1,0,1,1.0
Ljbs,1,0,1,1.0
LjhB,0,1,1,0.0
LjhL,0,1,1,0.0
LjhM,2,0,2,1.0
LjhP,0,1,1,0.0
Ljhb,0,1,1,0.0
Ljhm,2,0,2,1.0
Ljhs,1,0,1,1.0
LjlB,1,0,1,1.0
LjlH,1,0,1,1.0
LjlI,0,0,0,
LjlJ,1,0,1,1.0
LjlL,0,1,1,0.0
LjlM,2,0,2,1.0
LjlN,0,0,0,
LjlP,2,0,2,1.0
LjlS,3,0,3,1.0
Ljlb,1,1,2,0.5
Ljll,0,1,1,0.0
Ljlm,0,1,1,0.0
Ljln,0,0,0,
LjmB,3,2,5,0.6
LjmD,1,2,3,0.33
LjmH,3,0,3,1.0
LjmI,1,1,2,0.5
LjmL,0,2,2,0.0
LjmM,2,2,4,0.5
LjmN,3,2,5,0.6
LjmP,5,0,5,1.0
LjmS,3,0,3,1.0
Ljmb,4,5,9,0.44
Ljml,0,1,1,0.0
Ljmm,2,1,3,0.67
Ljmn,3,3,6,0.5
Ljms,1,1,2,0.5
LjnB,0,2,2,0.0
LjnH,1,0,1,1.0
LjnM,2,1,3,0.67
LjnN,4,5,9,0.44
LjnP,5,6,11,0.45
LjnS,1,3,4,0.25
Ljnb,2,1,3,0.67
Ljnm,3,0,3,1.0
Ljnn,1,1,2,0.5
Ljns,1,1,2,0.5
LjsB,1,1,2,0.5
LjsD,0,1,1,0.0
LjsH,1,1,2,0.5
LjsL,1,2,3,0.33
LjsM,4,1,5,0.8
LjsN,3,0,3,1.0
LjsP,2,1,3,0.67
LjsS,1,4,5,0.2
Ljsb,1,2,3,0.33
Ljsh,0,1,1,0.0
Ljsl,0,1,1,0.0
Ljsm,2,5,7,0.29
Ljsn,2,1,3,0.67
Ljss,1,1,2,0.5
LjtB,0,1,1,0.0
LjtS,1,0,1,1.0
Ljtb,1,0,1,1.0
Ljtn,1,0,1,1.0
LlBB,9,4,13,0.69
LlBL,0,1,1,0.0
LlBM,2,2,4,0.5
LlBN,2,9,11,0.18
LlBP,6,5,11,0.55
LlBS,1,1,2,0.5
LlBb,8,4,12,0.67
LlBl,2,1,3,0.67
LlBm,4,1,5,0.8
LlBn,2,8,10,0.2
LlBs,2,1,3,0.67
LlBt,1,0,1,1.0
LlDB,1,0,1,1.0
LlDD,1,0,1,1.0
LlDI,0,1,1,0.0
LlDM,0,1,1,0.0
LlDN,1,1,2,0.5
LlDP,0,1,1,0.0
LlDS,0,1,1,0.0
LlDl,1,0,1,1.0
LlDm,1,0,1,1.0
LlDs,0,0,0,
LlHB,7,4,11,0.64
LlHH,0,1,1,0.0
LlHI,0,1,1,0.0
LlHL,1,1,2,0.5
LlHM,1,6,7,0.14
LlHN,5,5,10,0.5
LlHP,2,2,4,0.5
LlHS,1,1,2,0.5
LlHb,1,1,2,0.5
LlHh,1,1,2,0.5
LlHl,1,0,1,1.0
LlHm,5,4,9,0.56
LlHn,7,2,9,0.78
LlHs,3,2,5,0.6
LlHt,0,0,0,
LlIB,0,1,1,0.0
LlIH,1,1,2,0.5
LlIL,0,0,0,
LlIM,0,1,1,0.0
LlIN,0,0,0,
LlIP,0,1,1,0.0
LlIb,0,1,1,0.0
LlIm,0,1,1,0.0
LlJB,4,0,4,1.0
LlJD,0,1,1,0.0
LlJH,2,0,2,1.0
LlJM,1,0,1,1.0
LlJP,1,3,4,0.25
LlJS,0,4,4,0.0
LlJb,1,3,4,0.25
LlJl,1,1,2,0.5
LlJm,5,2,7,0.71
LlJn,1,0,1,1.0
LlJs,2,0,2,1.0
LlKB,0,0,0,
LlKP,1,0,1,1.0
LlKb,0,1,1,0.0
LlKm,1,1,2,0.5
LlKs,1,0,1,1.0
LlLB,0,2,2,0.0
LlLD,0,1,1,0.0
LlLM,0,2,2,0.0
LlLN,0,1,1,0.0
LlLP,0,3,3,0.0
LlLS,2,1,3,0.67
LlLb,1,4,5,0.2
LlLh,1,1,2,0.5
LlLj,0,0,0,
LlLl,1,1,2,0.5
LlLm,3,2,5,0.6
LlLn,10,2,12,0.83
LlLs,2,2,4,0.5
LlLt,0,1,1,0.0
LlMB,4,5,9,0.44
LlMD,1,0,1,1.0
LlMK,0,0,0,
LlML,3,3,6,0.5
LlMM,5,4,9,0.56
LlMN,3,6,9,0.33
LlMP,6,6,12,0.5
LlMS,1,3,4,0.25
LlMb,6,2,8,0.75
LlMh,4,9,13,0.31
LlMj,3,1,4,0.75
LlMl,1,4,5,0.2
LlMm,4,6,10,0.4
LlMn,7,6,13,0.54
LlMs,6,1,7,0.86
LlMt,2,0,2,1.0
LlNB,4,2,6,0.67
LlND,1,2,3,0.33
LlNK,0,0,0,
LlNL,3,2,5,0.6
LlNM,5,6,11,0.45
LlNN,6,4,10,0.6
LlNP,8,9,17,0.47
LlNS,5,6,11,0.45
LlNb,4,1,5,0.8
LlNh,0,2,2,0.0
LlNl,3,3,6,0.5
LlNm,10,4,14,0.71
LlNn,3,4,7,0.43
LlNs,3,8,11,0.27
LlNt,3,2,5,0.6
LlPB,4,5,9,0.44
LlPH,4,1,5,0.8
LlPI,2,1,3,0.67
LlPK,2,1,3,0.67
LlPL,2,3,5,0.4
LlPM,5,3,8,0.62
LlPN,7,8,15,0.47
LlPP,4,7,11,0.36
LlPS,3,2,5,0.6
LlPb,0,6,6,0.0
LlPh,0,1,1,0.0
LlPl,1,3,4,0.25
LlPm,5,7,12,0.42
LlPn,4,3,7,0.57
LlPs,3,3,6,0.5
LlPt,1,2,3,0.33
LlSB,4,1,5,0.8
LlSH,1,3,4,0.25
LlSI,0,1,1,0.0
LlSL,5,5,10,0.5
LlSM,4,3,7,0.57
LlSN,3,2,5,0.6
LlSP,4,1,5,0.8
LlSS,2,5,7,0.29
LlSb,1,1,2,0.5
LlSh,2,0,2,1.0
LlSl,2,0,2,1.0
LlSm,1,4,5,0.2
LlSn,4,3,7,0.57
LlSs,6,7,13,0.46
LlbB,2,1,3,0.67
LlbD,0,0,0,
LlbH,1,0,1,1.0
LlbJ,1,0,1,1.0
LlbK,0,1,1,0.0
LlbL,3,3,6,0.5
LlbM,3,0,3,1.0
LlbN,6,1,7,0.86
LlbP,2,2,4,0.5
LlbS,0,2,2,0.0
Llbb,8,3,11,0.73
Llbl,3,0,3,1.0
Llbm,4,2,6,0.67
Llbn,5,5,10,0.5
Llbs,2,1,3,0.67
LllB,1,0,1,1.0
LllH,2,1,3,0.67
LllL,1,0,1,1.0
LllM,1,1,2,0.5
LllN,0,1,1,0.0
LllP,1,2,3,0.33
LllS,1,0,1,1.0
Lllb,1,2,3,0.33
Llll,1,1,2,0.5
Lllm,2,1,3,0.67
Llln,1,3,4,0.25
Llls,1,0,1,1.0
LlmB,5,2,7,0.71
LlmD,0,0,0,
LlmH,2,2,4,0.5
LlmI,0,1,1,0.0
LlmJ,2,1,3,0.67
LlmL,0,0,0,
LlmM,7,5,12,0.58
LlmN,2,6,8,0.25
LlmP,7,6,13,0.54
LlmS,3,5,8,0.38
Llmb,3,4,7,0.43
Llml,1,1,2,0.5
Llmm,9,5,14,0.64
Llmn,5,2,7,0.71
Llms,0,0,0,
LlnB,2,6,8,0.25
LlnD,2,3,5,0.4
LlnH,2,6,8,0.25
LlnI,0,3,3,0.0
LlnK,0,0,0,
LlnL,1,2,3,0.33
LlnM,4,3,7,0.57
LlnN,7,2,9,0.78
LlnP,11,7,18,0.61
LlnS,3,5,8,0.38
Llnb,4,4,8,0.5
Llnl,2,3,5,0.4
Llnm,2,4,6,0.33
Llnn,3,5,8,0.38
Llns,4,1,5,0.8
LlsB,3,1,4,0.75
LlsD,1,0,1,1.0
LlsH,3,3,6,0.5
LlsL,3,0,3,1.0
LlsM,2,4,6,0.33
LlsN,2,6,8,0.25
LlsP,3,2,5,0.6
LlsS,4,1,5,0.8
Llsb,1,4,5,0.2
Llsl,2,2,4,0.5
Llsm,8,2,10,0.8
Llsn,1,2,3,0.33
Llss,2,3,5,0.4
LmBB,11,9,20,0.55
LmBD,3,1,4,0.75
LmBK,4,2,6,0.67
LmBL,3,6,9,0.33
LmBM,10,10,20,0.5
LmBN,11,15,26,0.42
LmBP,10,8,18,0.56
LmBS,11,8,19,0.58
LmBb,6,5,11,0.55
LmBh,3,4,7,0.43
LmBj,4,1,5,0.8
LmBl,1,3,4,0.25
LmBm,16,12,28,0.57
LmBn,13,16,29,0.45
LmBs,4,6,10,0.4
LmBt,3,3,6,0.5
LmDB,4,1,5,0.8
LmDD,3,0,3,1.0
LmDH,0,1,1,0.0
LmDL,0,1,1,0.0
LmDM,5,9,14,0.36
LmDN,5,3,8,0.62
LmDP,3,6,9,0.33
LmDS,3,3,6,0.5
LmDb,3,0,3,1.0
LmDl,3,0,3,1.0
LmDm,4,2,6,0.67
LmDn,5,3,8,0.62
LmDs,0,1,1,0.0
LmHB,5,4,9,0.56
LmHD,1,0,1,1.0
LmHH,1,2,3,0.33
LmHI,2,2,4,0.5
LmHK,1,2,3,0.33
LmHL,1,2,3,0.33
LmHM,7,13,20,0.35
LmHN,11,11,22,0.5
LmHP,19,15,34,0.56
LmHS,7,7,14,0.5
LmHb,10,5,15,0.67
LmHh,5,5,10,0.5
LmHl,3,3,6,0.5
LmHm,15,5,20,0.75
LmHn,9,10,19,0.47
LmHs,11,3,14,0.79
LmHt,1,1,2,0.5
LmIB,1,1,2,0.5
LmIH,1,1,2,0.5
LmII,1,0,1,1.0
LmIM,0,2,2,0.0
LmIN,2,1,3,0.67
LmIP,1,0,1,1.0
LmIb,1,0,1,1.0
LmIl,0,1,1,0.0
LmIm,2,1,3,0.67
LmIn,1,0,1,1.0
LmJB,1,0,1,1.0
LmJD,0,2,2,0.0
LmJH,0,2,2,0.0
LmJI,0,2,2,0.0
LmJL,1,3,4,0.25
LmJM,0,3,3,0.0
LmJN,3,1,4,0.75
LmJP,4,4,8,0.5
LmJS,1,1,2,0.5
LmJb,3,3,6,0.5
LmJl,2,1,3,0.67
LmJm,9,4,13,0.69
LmJn,0,3,3,0.0
LmJs,3,1,4,0.75
LmKM,1,0,1,1.0
LmKN,0,1,1,0.0
LmKP,0,1,1,0.0
LmKn,2,0,2,1.0
LmLB,6,2,8,0.75
LmLD,1,0,1,1.0
LmLL,0,2,2,0.0
LmLM,3,1,4,0.75
LmLN,6,1,7,0.86
LmLP,3,2,5,0.6
LmLS,0,3,3,0.0
LmLb,0,3,3,0.0
LmLh,0,4,4,0.0
LmLj,1,0,1,1.0
LmLl,7,4,11,0.64
LmLm,10,6,16,0.62
LmLn,10,5,15,0.67
LmLs,3,4,7,0.43
LmLt,1,1,2,0.5
LmMB,16,14,30,0.53
LmMD,2,4,6,0.33
LmMK,1,0,1,1.0
LmML,1,2,3,0.33
LmMM,14,17,31,0.45
LmMN,15,15,30,0.5
LmMP,19,17,36,0.53
LmMS,9,15,24,0.38
LmMb,8,13,21,0.38
LmMh,7,6,13,0.54
LmMj,3,1,4,0.75
LmMl,4,4,8,0.5
LmMm,24,15,39,0.62
LmMn,21,20,41,0.51
LmMs,11,8,19,0.58
LmMt,1,2,3,0.33
LmNB,10,12,22,0.45
LmND,6,2,8,0.75
LmNH,2,4,6,0.33
LmNK,0,2,2,0.0
LmNL,3,0,3,1.0
LmNM,11,12,23,0.48
LmNN,16,23,39,0.41
LmNP,22,22,44,0.5
LmNS,14,13,27,0.52
LmNb,4,13,17,0.24
LmNh,4,2,6,0.67
LmNl,1,4,5,0.2
LmNm,14,5,19,0.74
LmNn,23,20,43,0.53
LmNs,8,12,20,0.4
LmNt,2,0,2,1.0
LmPB,15,9,24,0.62
LmPD,3,1,4,0.75
LmPH,5,3,8,0.62
LmPI,1,1,2,0.5
LmPK,2,2,4,0.5
LmPL,10,4,14,0.71
LmPM,9,14,23,0.39
LmPN,18,18,36,0.5
LmPP,20,25,45,0.44
LmPS,5,10,15,0.33
LmPb,16,8,24,0.67
LmPh,2,1,3,0.67
LmPl,7,6,13,0.54
LmPm,19,14,33,0.58
LmPn,14,20,34,0.41
LmPs,16,10,26,0.62
LmPt,0,0,0,
LmSB,3,9,12,0.25
LmSD,1,2,3,0.33
LmSH,3,1,4,0.75
LmSL,4,4,8,0.5
LmSM,8,12,20,0.4
LmSN,6,6,12,0.5
LmSP,12,13,25,0.48
LmSS,6,4,10,0.6
LmSb,11,7,18,0.61
LmSh,2,4,6,0.33
LmSl,3,2,5,0.6
LmSm,8,9,17,0.47
LmSn,14,10,24,0.58
LmSs,14,15,29,0.48
LmSt,0,1,1,0.0
LmbB,6,8,14,0.43
LmbD,0,3,3,0.0
LmbH,4,3,7,0.57
LmbI,0,1,1,0.0
LmbJ,5,1,6,0.83
LmbK,1,1,2,0.5
LmbL,8,6,14,0.57
LmbM,10,14,24,0.42
LmbN,11,10,21,0.52
LmbP,9,14,23,0.39
LmbS,7,4,11,0.64
Lmbb,15,7,22,0.68
Lmbl,1,2,3,0.33
Lmbm,14,9,23,0.61
Lmbn,11,9,20,0.55
Lmbs,8,9,17,0.47
LmhB,0,1,1,0.0
LmhN,0,0,0,
Lmhh,0,1,1,0.0
Lmhm,1,0,1,1.0
Lmhn,0,0,0,
LmlB,2,8,10,0.2
LmlD,1,0,1,1.0
LmlH,2,3,5,0.4
LmlI,0,1,1,0.0
LmlJ,3,0,3,1.0
LmlK,1,0,1,1.0
LmlL,2,4,6,0.33
LmlM,3,4,7,0.43
LmlN,6,2,8,0.75
LmlP,3,3,6,0.5
LmlS,4,4,8,0.5
Lmlb,5,1,6,0.83
Lmll,2,0,2,1.0
Lmlm,4,7,11,0.36
Lmln,5,3,8,0.62
Lmls,3,1,4,0.75
LmmB,14,5,19,0.74
LmmD,4,4,8,0.5
LmmH,12,9,21,0.57
LmmJ,3,1,4,0.75
LmmK,0,0,0,
LmmL,3,4,7,0.43
LmmM,8,16,24,0.33
LmmN,13,8,21,0.62
LmmP,18,13,31,0.58
LmmS,9,8,17,0.53
Lmmb,12,15,27,0.44
Lmml,1,5,6,0.17
Lmmm,19,11,30,0.63
Lmmn,10,14,24,0.42
Lmms,5,4,9,0.56
LmnB,12,14,26,0.46
LmnD,4,0,4,1.0
LmnH,10,6,16,0.62
LmnI,1,0,1,1.0
LmnK,2,0,2,1.0
LmnL,5,3,8,0.62
LmnM,13,8,21,0.62
LmnN,22,22,44,0.5
LmnP,26,15,41,0.63
LmnS,6,10,16,0.38
Lmnb,13,6,19,0.68
Lmnl,1,4,5,0.2
Lmnm,10,13,23,0.43
Lmnn,15,14,29,0.52
Lmns,6,13,19,0.32
LmsB,6,6,12,0.5
LmsD,2,1,3,0.67
LmsH,7,6,13,0.54
LmsI,2,4,6,0.33
LmsK,1,1,2,0.5
LmsL,3,1,4,0.75
LmsM,2,8,10,0.2
LmsN,9,6,15,0.6
LmsP,9,8,17,0.53
LmsS,7,6,13,0.54
Lmsb,10,5,15,0.67
Lmsh,1,1,2,0.5
Lmsl,2,3,5,0.4
Lmsm,10,7,17,0.59
Lmsn,7,7,14,0.5
Lmss,8,5,13,0.62
Lmtn,1,0,1,1.0
LnBB,12,13,25,0.48
LnBD,2,1,3,0.67
LnBK,1,2,3,0.33
LnBL,5,5,10,0.5
LnBM,5,9,14,0.36
LnBN,7,15,22,0.32
LnBP,19,18,37,0.51
LnBS,7,3,10,0.7
LnBb,9,16,25,0.36
LnBh,1,0,1,1.0
LnBj,1,2,3,0.33
LnBl,2,5,7,0.29
LnBm,18,6,24,0.75
LnBn,13,12,25,0.52
LnBs,4,8,12,0.33
LnBt,4,2,6,0.67
LnDB,3,3,6,0.5
LnDH,0,5,5,0.0
LnDI,1,0,1,1.0
LnDL,3,3,6,0.5
LnDM,6,1,7,0.86
LnDN,1,2,3,0.33
LnDP,2,5,7,0.29
LnDS,3,1,4,0.75
LnDb,1,3,4,0.25
LnDl,1,2,3,0.33
LnDm,1,5,6,0.17
LnDn,3,3,6,0.5
LnDs,3,3,6,0.5
LnHB,2,7,9,0.22
LnHD,0,0,0,
LnHH,0,0,0,
LnHL,3,2,5,0.6
LnHM,5,6,11,0.45
LnHN,9,10,19,0.47
LnHP,11,7,18,0.61
LnHS,3,6,9,0.33
LnHb,5,1,6,0.83
LnHh,3,0,3,1.0
LnHl,4,3,7,0.57
LnHm,15,3,18,0.83
LnHn,11,7,18,0.61
LnHs,5,6,11,0.45
LnHt,1,0,1,1.0
LnIB,3,4,7,0.43
LnID,1,1,2,0.5
LnIH,1,1,2,0.5
LnII,1,0,1,1.0
LnIL,1,0,1,1.0
LnIM,3,4,7,0.43
LnIN,1,2,3,0.33
LnIP,4,1,5,0.8
LnIS,2,2,4,0.5
LnIb,2,1,3,0.67
LnIl,1,0,1,1.0
LnIm,3,0,3,1.0
LnIn,4,0,4,1.0
LnIs,2,2,4,0.5
LnKD,1,0,1,1.0
LnKH,1,0,1,1.0
LnKI,1,0,1,1.0
LnKM,1,3,4,0.25
LnKN,0,1,1,0.0
LnKP,1,1,2,0.5
LnKb,0,1,1,0.0
LnKh,1,1,2,0.5
LnKl,3,1,4,0.75
LnKm,2,0,2,1.0
LnKn,0,1,1,0.0
LnKs,2,4,6,0.33
LnKt,1,0,1,1.0
LnLB,1,4,5,0.2
LnLK,0,1,1,0.0
LnLL,1,2,3,0.33
LnLM,5,4,9,0.56
LnLN,4,4,8,0.5
LnLP,8,9,17,0.47
LnLS,2,2,4,0.5
LnLb,5,4,9,0.56
LnLh,2,1,3,0.67
LnLj,1,1,2,0.5
LnLl,4,1,5,0.8
LnLm,7,4,11,0.64
LnLn,3,8,11,0.27
LnLs,5,2,7,0.71
LnMB,13,18,31,0.42
LnMD,3,1,4,0.75
LnMH,0,1,1,0.0
LnML,2,4,6,0.33
LnMM,8,5,13,0.62
LnMN,17,11,28,0.61
LnMP,20,14,34,0.59
LnMS,6,9,15,0.4
LnMb,5,15,20,0.25
LnMh,5,10,15,0.33
LnMj,2,1,3,0.67
LnMl,4,3,7,0.57
LnMm,20,13,33,0.61
LnMn,14,17,31,0.45
LnMs,13,8,21,0.62
LnMt,1,3,4,0.25
LnNB,12,11,23,0.52
LnND,5,4,9,0.56
LnNH,5,1,6,0.83
LnNK,1,1,2,0.5
LnNL,4,6,10,0.4
LnNM,18,21,39,0.46
LnNN,20,20,40,0.5
LnNP,13,22,35,0.37
LnNS,12,10,22,0.55
LnNb,10,11,21,0.48
LnNh,5,10,15,0.33
LnNl,8,6,14,0.57
LnNm,17,19,36,0.47
LnNn,20,23,43,0.47
LnNs,17,8,25,0.68
LnNt,3,1,4,0.75
LnPB,14,23,37,0.38
LnPD,4,3,7,0.57
LnPH,4,3,7,0.57
LnPI,1,2,3,0.33
LnPK,3,2,5,0.6
LnPL,9,8,17,0.53
LnPM,19,20,39,0.49
LnPN,17,19,36,0.47
LnPP,22,18,40,0.55
LnPS,17,15,32,0.53
LnPb,14,14,28,0.5
LnPh,2,2,4,0.5
LnPl,3,9,12,0.25
LnPm,19,17,36,0.53
LnPn,23,17,40,0.57
LnPs,13,8,21,0.62
LnPt,0,4,4,0.0
LnSB,6,8,14,0.43
LnSD,3,1,4,0.75
LnSH,1,5,6,0.17
LnSI,1,0,1,1.0
LnSL,3,3,6,0.5
LnSM,10,9,19,0.53
LnSN,12,11,23,0.52
LnSP,12,5,17,0.71
LnSS,12,9,21,0.57
LnSb,8,10,18,0.44
LnSh,3,7,10,0.3
LnSl,3,2,5,0.6
LnSm,13,14,27,0.48
LnSn,11,14,25,0.44
LnSs,11,9,20,0.55
LnSt,1,3,4,0.25
LnbB,7,11,18,0.39
LnbD,1,1,2,0.5
LnbH,2,4,6,0.33
LnbI,2,3,5,0.4
LnbJ,1,3,4,0.25
LnbK,0,1,1,0.0
LnbL,4,4,8,0.5
LnbM,8,15,23,0.35
LnbN,16,9,25,0.64
LnbP,16,11,27,0.59
LnbS,6,2,8,0.75
Lnbb,12,13,25,0.48
Lnbl,2,5,7,0.29
Lnbm,11,7,18,0.61
Lnbn,10,7,17,0.59
Lnbs,7,5,12,0.58
LnhB,2,1,3,0.67
LnhD,1,0,1,1.0
LnhI,0,1,1,0.0
LnhM,0,2,2,0.0
LnhN,0,1,1,0.0
LnhP,0,1,1,0.0
LnhS,1,0,1,1.0
Lnhb,0,1,1,0.0
Lnhh,0,1,1,0.0
Lnhm,2,0,2,1.0
Lnhn,0,1,1,0.0
Lnhs,0,1,1,0.0
LnlB,4,6,10,0.4
LnlD,1,0,1,1.0
LnlH,2,2,4,0.5
LnlK,0,2,2,0.0
LnlL,1,0,1,1.0
LnlM,3,8,11,0.27
LnlN,10,8,18,0.56
LnlP,5,3,8,0.62
LnlS,2,1,3,0.67
Lnlb,1,6,7,0.14
Lnll,2,2,4,0.5
Lnlm,10,4,14,0.71
Lnln,8,8,16,0.5
Lnls,1,5,6,0.17
LnmB,11,12,23,0.48
LnmD,4,1,5,0.8
LnmH,5,15,20,0.25
LnmI,2,2,4,0.5
LnmJ,5,4,9,0.56
LnmK,0,1,1,0.0
LnmL,2,7,9,0.22
LnmM,21,16,37,0.57
LnmN,16,14,30,0.53
LnmP,18,14,32,0.56
LnmS,13,8,21,0.62
Lnmb,11,17,28,0.39
Lnml,2,2,4,0.5
Lnmm,17,18,35,0.49
Lnmn,11,12,23,0.48
Lnms,7,3,10,0.7
LnnB,9,10,19,0.47
LnnD,9,2,11,0.82
LnnH,8,9,17,0.47
LnnI,2,1,3,0.67
LnnK,5,0,5,1.0
LnnL,4,4,8,0.5
LnnM,14,18,32,0.44
LnnN,22,19,41,0.54
LnnP,24,20,44,0.55
LnnS,13,11,24,0.54
Lnnb,6,5,11,0.55
Lnnh,1,0,1,1.0
Lnnl,5,4,9,0.56
Lnnm,10,10,20,0.5
Lnnn,18,21,39,0.46
Lnns,11,10,21,0.52
LnsB,4,8,12,0.33
LnsD,2,2,4,0.5
LnsH,6,11,17,0.35
LnsI,4,3,7,0.57
LnsL,1,4,5,0.2
LnsM,9,11,20,0.45
LnsN,13,12,25,0.52
LnsP,12,7,19,0.63
LnsS,10,11,21,0.48
Lnsb,6,9,15,0.4
Lnsh,0,0,0,
Lnsl,6,5,11,0.55
Lnsm,12,13,25,0.48
Lnsn,9,9,18,0.5
Lnss,11,7,18,0.61
Lntb,1,0,1,1.0
Lntm,0,1,1,0.0
LsBB,5,4,9,0.56
LsBD,1,5,6,0.17
LsBL,3,0,3,1.0
LsBM,2,6,8,0.25
LsBN,2,5,7,0.29
LsBP,5,7,12,0.42
LsBS,3,4,7,0.43
LsBb,8,3,11,0.73
LsBj,0,1,1,0.0
LsBl,0,4,4,0.0
LsBm,11,7,18,0.61
LsBn,5,7,12,0.42
LsBs,3,3,6,0.5
LsBt,1,1,2,0.5
LsDB,0,1,1,0.0
LsDD,2,1,3,0.67
LsDH,1,1,2,0.5
LsDI,1,1,2,0.5
LsDL,0,2,2,0.0
LsDM,1,0,1,1.0
LsDN,3,2,5,0.6
LsDP,2,4,6,0.33
LsDS,5,1,6,0.83
LsDb,1,1,2,0.5
LsDl,0,1,1,0.0
LsDm,3,5,8,0.38
LsDn,4,2,6,0.67
LsDs,2,0,2,1.0
LsHB,3,3,6,0.5
LsHD,2,2,4,0.5
LsHH,2,1,3,0.67
LsHK,1,0,1,1.0
LsHL,4,2,6,0.67
LsHM,3,6,9,0.33
LsHN,4,8,12,0.33
LsHP,12,9,21,0.57
LsHS,6,8,14,0.43
LsHb,6,3,9,0.67
LsHh,6,3,9,0.67
LsHl,2,4,6,0.33
LsHm,2,9,11,0.18
LsHn,7,6,13,0.54
LsHs,3,7,10,0.3
LsHt,0,1,1,0.0
LsIB,1,2,3,0.33
LsID,0,1,1,0.0
LsIH,2,1,3,0.67
LsII,1,0,1,1.0
LsIK,0,0,0,
LsIL,2,0,2,1.0
LsIM,3,2,5,0.6
LsIN,1,0,1,1.0
LsIP,0,1,1,0.0
LsIS,2,0,2,1.0
LsIb,0,1,1,0.0
LsIm,2,0,2,1.0
LsIn,0,1,1,0.0
LsIs,2,0,2,1.0
LsIt,0,0,0,
LsKL,1,0,1,1.0
LsKN,1,0,1,1.0
LsKS,0,1,1,0.0
LsKn,1,0,1,1.0
LsLB,5,3,8,0.62
LsLD,0,2,2,0.0
LsLK,0,1,1,0.0
LsLL,3,1,4,0.75
LsLM,2,3,5,0.4
LsLN,3,3,6,0.5
LsLP,2,3,5,0.4
LsLS,2,3,5,0.4
LsLb,3,2,5,0.6
LsLh,1,0,1,1.0
LsLj,1,0,1,1.0
LsLl,0,1,1,0.0
LsLm,1,2,3,0.33
LsLn,2,5,7,0.29
LsLs,0,3,3,0.0
LsMB,6,8,14,0.43
LsMD,1,1,2,0.5
LsML,1,2,3,0.33
LsMM,9,8,17,0.53
LsMN,6,8,14,0.43
LsMP,10,11,21,0.48
LsMS,3,6,9,0.33
LsMb,5,8,13,0.38
LsMh,8,9,17,0.47
LsMj,2,0,2,1.0
LsMl,2,2,4,0.5
LsMm,7,7,14,0.5
LsMn,7,11,18,0.39
LsMs,7,4,11,0.64
LsMt,2,0,2,1.0
LsNB,4,6,10,0.4
LsND,2,3,5,0.4
LsNH,0,1,1,0.0
LsNL,4,4,8,0.5
LsNM,3,6,9,0.33
LsNN,8,5,13,0.62
LsNP,12,14,26,0.46
LsNS,5,4,9,0.56
LsNb,6,3,9,0.67
LsNh,1,0,1,1.0
LsNl,2,2,4,0.5
LsNm,9,7,16,0.56
LsNn,9,12,21,0.43
LsNs,7,3,10,0.7
LsNt,0,2,2,0.0
LsPB,10,8,18,0.56
LsPD,0,0,0,
LsPH,2,3,5,0.4
LsPL,1,4,5,0.2
LsPM,6,14,20,0.3
LsPN,7,13,20,0.35
LsPP,9,17,26,0.35
LsPS,5,6,11,0.45
LsPb,7,8,15,0.47
LsPl,3,6,9,0.33
LsPm,9,12,21,0.43
LsPn,13,12,25,0.52
LsPs,6,8,14,0.43
LsPt,1,1,2,0.5
LsSB,2,5,7,0.29
LsSD,1,1,2,0.5
LsSH,4,2,6,0.67
LsSI,2,0,2,1.0
LsSL,5,4,9,0.56
LsSM,6,10,16,0.38
LsSN,6,6,12,0.5
LsSP,6,9,15,0.4
LsSS,12,11,23,0.52
LsSb,3,7,10,0.3
LsSh,6,5,11,0.55
LsSl,3,5,8,0.38
LsSm,15,3,18,0.83
LsSn,11,5,16,0.69
LsSs,8,7,15,0.53
LsSt,1,2,3,0.33
LsbB,7,5,12,0.58
LsbD,0,1,1,0.0
LsbI,0,1,1,0.0
LsbJ,0,1,1,0.0
LsbL,2,4,6,0.33
LsbM,5,2,7,0.71
LsbN,8,2,10,0.8
LsbP,7,4,11,0.64
LsbS,4,6,10,0.4
Lsbb,4,4,8,0.5
Lsbl,1,3,4,0.25
Lsbm,2,2,4,0.5
Lsbn,3,6,9,0.33
Lsbs,2,2,4,0.5
LshM,0,1,1,0.0
LshN,0,1,1,0.0
Lshh,0,3,3,0.0
Lshm,1,1,2,0.5
Lshn,0,2,2,0.0
Lshs,2,0,2,1.0
LslB,3,1,4,0.75
LslH,0,4,4,0.0
LslI,0,0,0,
LslJ,1,0,1,1.0
LslL,1,2,3,0.33
LslM,3,0,3,1.0
LslN,1,2,3,0.33
LslP,3,6,9,0.33
LslS,1,3,4,0.25
Lslb,1,2,3,0.33
Lsll,1,2,3,0.33
Lslm,3,0,3,1.0
Lsln,2,0,2,1.0
Lsls,2,5,7,0.29
LsmB,7,8,15,0.47
LsmD,2,4,6,0.33
LsmH,3,8,11,0.27
LsmJ,3,4,7,0.43
LsmL,1,4,5,0.2
LsmM,10,12,22,0.45
LsmN,10,10,20,0.5
LsmP,8,11,19,0.42
LsmS,8,5,13,0.62
Lsmb,3,2,5,0.6
Lsml,4,1,5,0.8
Lsmm,6,6,12,0.5
Lsmn,5,14,19,0.26
Lsms,8,3,11,0.73
LsnB,3,3,6,0.5
LsnD,0,3,3,0.0
LsnH,3,1,4,0.75
LsnI,0,2,2,0.0
LsnK,0,1,1,0.0
LsnL,3,4,7,0.43
LsnM,5,9,14,0.36
LsnN,5,11,16,0.31
LsnP,7,12,19,0.37
LsnS,4,11,15,0.27
Lsnb,4,3,7,0.57
Lsnl,1,2,3,0.33
Lsnm,11,7,18,0.61
Lsnn,9,4,13,0.69
Lsns,5,6,11,0.45
LssB,6,1,7,0.86
LssD,2,0,2,1.0
LssH,7,6,13,0.54
LssI,1,0,1,1.0
LssL,2,2,4,0.5
LssM,8,3,11,0.73
LssN,7,11,18,0.39
LssP,7,6,13,0.54
LssS,6,7,13,0.46
Lssb,4,6,10,0.4
Lssl,3,1,4,0.75
Lssm,11,11,22,0.5
Lssn,1,7,8,0.12
Lsss,3,9,12,0.25
LstB,0,1,1,0.0
LstP,1,0,1,1.0
LstS,0,1,1,0.0
LtBB,1,1,2,0.5
LtBD,0,2,2,0.0
LtBM,0,1,1,0.0
LtBN,2,0,2,1.0
LtBP,0,1,1,0.0
LtBb,1,2,3,0.33
LtBl,0,1,1,0.0
LtBm,3,1,4,0.75
LtBn,1,2,3,0.33
LtBs,2,2,4,0.5
LtBt,0,1,1,0.0
LtDB,2,0,2,1.0
LtDH,0,1,1,0.0
LtDI,0,1,1,0.0
LtDM,0,1,1,0.0
LtDP,0,1,1,0.0
LtDb,0,1,1,0.0
LtDm,1,1,2,0.5
LtHB,0,2,2,0.0
LtHD,1,0,1,1.0
LtHI,1,0,1,1.0
LtHL,0,1,1,0.0
LtHM,0,0,0,
LtHN,0,2,2,0.0
LtHP,0,3,3,0.0
LtHS,1,0,1,1.0
LtHb,0,1,1,0.0
LtHh,1,0,1,1.0
LtHl,0,0,0,
LtHm,1,0,1,1.0
LtHn,1,1,2,0.5
LtHs,1,1,2,0.5
LtIb,0,0,0,
LtKs,1,0,1,1.0
LtLL,1,0,1,1.0
LtLM,1,1,2,0.5
LtLN,0,2,2,0.0
LtLP,1,1,2,0.5
LtLb,1,0,1,1.0
LtLh,0,1,1,0.0
LtLm,1,1,2,0.5
LtLn,0,1,1,0.0
LtLs,0,0,0,
LtLt,0,1,1,0.0
LtMB,2,2,4,0.5
LtML,1,1,2,0.5
LtMM,1,3,4,0.25
LtMP,1,4,5,0.2
LtMb,1,1,2,0.5
LtMh,4,1,5,0.8
LtMl,0,1,1,0.0
LtMm,2,1,3,0.67
LtMn,2,1,3,0.67
LtMs,0,1,1,0.0
LtNB,0,0,0,
LtNH,1,0,1,1.0
LtNL,0,1,1,0.0
LtNM,2,0,2,1.0
LtNN,1,2,3,0.33
LtNP,3,2,5,0.6
LtNS,1,0,1,1.0
LtNb,0,1,1,0.0
LtNl,2,0,2,1.0
LtNm,3,4,7,0.43
LtNn,2,4,6,0.33
LtPB,2,0,2,1.0
LtPD,0,1,1,0.0
LtPH,3,0,3,1.0
LtPM,2,4,6,0.33
LtPN,0,1,1,0.0
LtPP,4,3,7,0.57
LtPS,1,1,2,0.5
LtPb,1,1,2,0.5
LtPh,0,1,1,0.0
LtPl,2,1,3,0.67
LtPm,2,3,5,0.4
LtPn,3,2,5,0.6
LtPs,3,2,5,0.6
LtSB,1,0,1,1.0
LtSD,1,1,2,0.5
LtSL,0,0,0,
LtSM,0,2,2,0.0
LtSP,1,0,1,1.0
LtSS,1,0,1,1.0
LtSb,0,2,2,0.0
LtSh,1,0,1,1.0
LtSl,1,0,1,1.0
LtSm,1,2,3,0.33
LtSn,1,2,3,0.33
LtSs,1,1,2,0.5
LtbB,2,1,3,0.67
LtbD,1,0,1,1.0
LtbH,1,0,1,1.0
LtbI,1,0,1,1.0
LtbM,2,1,3,0.67
LtbN,3,1,4,0.75
LtbP,2,1,3,0.67
LtbS,1,3,4,0.25
Ltbb,0,1,1,0.0
Ltbl,0,2,2,0.0
Ltbm,1,0,1,1.0
Ltbn,0,2,2,0.0
Ltbs,1,3,4,0.25
LthP,1,0,1,1.0
LtlD,0,1,1,0.0
LtlL,0,1,1,0.0
LtlN,0,0,0,
LtlP,1,0,1,1.0
Ltlb,0,2,2,0.0
Ltll,1,0,1,1.0
Ltlm,1,0,1,1.0
Ltln,1,0,1,1.0
LtmB,2,0,2,1.0
LtmD,1,0,1,1.0
LtmH,2,1,3,0.67
LtmJ,0,0,0,
LtmK,0,1,1,0.0
LtmL,3,0,3,1.0
LtmM,2,0,2,1.0
LtmN,3,1,4,0.75
LtmP,5,3,8,0.62
LtmS,0,4,4,0.0
Ltmb,1,3,4,0.25
Ltml,1,0,1,1.0
Ltmm,3,1,4,0.75
Ltmn,3,1,4,0.75
Ltms,0,2,2,0.0
LtnB,1,0,1,1.0
LtnH,0,0,0,
LtnL,1,0,1,1.0
LtnM,2,0,2,1.0
LtnN,0,1,1,0.0
LtnP,3,0,3,1.0
Ltnb,1,3,4,0.25
Ltnl,3,1,4,0.75
Ltnm,2,3,5,0.4
Ltnn,0,2,2,0.0
Ltns,1,2,3,0.33
LtsD,1,0,1,1.0
LtsH,1,3,4,0.25
LtsI,0,1,1,0.0
LtsM,1,1,2,0.5
LtsN,1,1,2,0.5
LtsP,4,1,5,0.8
LtsS,0,0,0,
Ltsb,1,1,2,0.5
Ltsl,2,0,2,1.0
Ltsm,3,0,3,1.0
Ltsn,1,0,1,1.0
Ltss,1,0,1,1.0
LttL,0,1,1,0.0
LttP,0,1,1,0.0
LttS,0,1,1,0.0
Lttb,1,0,1,1.0
Lttm,1,0,1,1.0
Lttn,0,1,1,0.0
MBBB,34,49,83,0.41
MBBD,4,9,13,0.31
MBBH,2,0,2,1.0
MBBK,3,5,8,0.38
MBBL,4,11,15,0.27
MBBM,24,47,71,0.34
MBBN,41,51,92,0.45
MBBP,57,49,106,0.54
MBBS,16,12,28,0.57
MBBb,46,32,78,0.59
MBBh,1,0,1,1.0
MBBj,5,11,16,0.31
MBBl,7,11,18,0.39
MBBm,36,43,79,0.46
MBBn,51,56,107,0.48
MBBs,15,11,26,0.58
MBBt,5,4,9,0.56
MBDB,6,11,17,0.35
MBDD,1,1,2,0.5
MBDH,9,7,16,0.56
MBDI,0,2,2,0.0
MBDL,2,0,2,1.0
MBDM,4,7,11,0.36
MBDN,8,11,19,0.42
MBDP,8,5,13,0.62
MBDS,4,4,8,0.5
MBDb,3,5,8,0.38
MBDl,3,2,5,0.6
MBDm,15,10,25,0.6
MBDn,6,4,10,0.6
MBDs,5,6,11,0.45
MBHB,0,1,1,0.0
MBHI,0,1,1,0.0
MBHL,0,0,0,
MBHb,1,1,2,0.5
MBHn,1,0,1,1.0
MBHs,2,0,2,1.0
MBIb,1,0,1,1.0
MBKB,1,1,2,0.5
MBKD,1,1,2,0.5
MBKH,1,0,1,1.0
MBKI,0,1,1,0.0
MBKL,2,1,3,0.67
MBKM,3,7,10,0.3
MBKN,2,4,6,0.33
MBKP,4,7,11,0.36
MBKS,6,4,10,0.6
MBKb,4,2,6,0.67
MBKh,4,3,7,0.57
MBKl,2,1,3,0.67
MBKm,7,2,9,0.78
MBKn,1,5,6,0.17
MBKs,2,3,5,0.4
MBLB,6,8,14,0.43
MBLD,1,1,2,0.5
MBLH,0,1,1,0.0
MBLL,0,4,4,0.0
MBLM,5,6,11,0.45
MBLN,2,10,12,0.17
MBLP,11,10,21,0.52
MBLS,4,1,5,0.8
MBLb,8,11,19,0.42
MBLh,3,1,4,0.75
MBLj,2,3,5,0.4
MBLl,3,3,6,0.5
MBLm,12,6,18,0.67
MBLn,5,13,18,0.28
MBLs,5,3,8,0.62
MBLt,0,0,0,
MBMB,34,39,73,0.47
MBMD,7,3,10,0.7
MBMH,0,1,1,0.0
MBML,3,1,4,0.75
MBMM,24,22,46,0.52
MBMN,33,33,66,0.5
MBMP,36,34,70,0.51
MBMS,16,20,36,0.44
MBMb,41,45,86,0.48
MBMh,21,20,41,0.51
MBMj,2,4,6,0.33
MBMl,12,6,18,0.67
MBMm,32,33,65,0.49
MBMn,45,27,72,0.62
MBMs,17,16,33,0.52
MBMt,3,2,5,0.6
MBNB,28,46,74,0.38
MBND,2,8,10,0.2
MBNH,6,3,9,0.67
MBNI,1,1,2,0.5
MBNK,1,6,7,0.14
MBNL,9,12,21,0.43
MBNM,18,37,55,0.33
MBNN,52,49,101,0.51
MBNP,53,44,97,0.55
MBNS,17,21,38,0.45
MBNb,20,28,48,0.42
MBNh,13,16,29,0.45
MBNl,6,7,13,0.46
MBNm,48,44,92,0.52
MBNn,47,51,98,0.48
MBNs,20,23,43,0.47
MBNt,1,5,6,0.17
MBPB,37,46,83,0.45
MBPD,6,10,16,0.38
MBPH,11,15,26,0.42
MBPI,0,6,6,0.0
MBPK,9,8,17,0.53
MBPL,14,13,27,0.52
MBPM,33,39,72,0.46
MBPN,46,46,92,0.5
MBPP,61,73,134,0.46
MBPS,25,26,51,0.49
MBPb,41,27,68,0.6
MBPh,6,7,13,0.46
MBPl,17,14,31,0.55
MBPm,51,46,97,0.53
MBPn,42,47,89,0.47
MBPs,28,23,51,0.55
MBPt,2,2,4,0.5
MBSB,9,11,20,0.45
MBSD,4,2,6,0.67
MBSH,5,4,9,0.56
MBSI,1,0,1,1.0
MBSL,0,2,2,0.0
MBSM,15,18,33,0.45
MBSN,7,13,20,0.35
MBSP,15,15,30,0.5
MBSS,16,10,26,0.62
MBSb,11,12,23,0.48
MBSh,6,10,16,0.38
MBSl,2,6,8,0.25
MBSm,21,19,40,0.52
MBSn,12,12,24,0.5
MBSs,14,13,27,0.52
MBSt,2,0,2,1.0
MBbB,33,35,68,0.49
MBbD,4,5,9,0.44
MBbH,8,12,20,0.4
MBbI,7,3,10,0.7
MBbJ,12,7,19,0.63
MBbK,4,3,7,0.57
MBbL,7,8,15,0.47
MBbM,19,44,63,0.3
MBbN,41,50,91,0.45
MBbP,35,44,79,0.44
MBbS,13,26,39,0.33
MBbb,33,23,56,0.59
MBbh,1,0,1,1.0
MBbl,11,9,20,0.55
MBbm,37,36,73,0.51
MBbn,33,38,71,0.46
MBbs,20,12,32,0.62
MBhB,2,2,4,0.5
MBhD,0,0,0,
MBhH,1,0,1,1.0
MBhI,0,1,1,0.0
MBhL,0,1,1,0.0
MBhM,1,7,8,0.12
MBhN,1,3,4,0.25
MBhP,4,3,7,0.57
MBhS,1,2,3,0.33
MBhb,4,4,8,0.5
MBhh,7,1,8,0.88
MBhl,1,1,2,0.5
MBhm,3,5,8,0.38
MBhn,3,5,8,0.38
MBhs,3,3,6,0.5
MBjB,6,9,15,0.4
MBjD,2,2,4,0.5
MBjH,1,1,2,0.5
MBjI,1,1,2,0.5
MBjK,1,0,1,1.0
MBjL,3,2,5,0.6
MBjM,3,11,14,0.21
MBjN,5,4,9,0.56
MBjP,11,9,20,0.55
MBjS,2,6,8,0.25
MBjb,11,6,17,0.65
MBjh,1,2,3,0.33
MBjl,3,1,4,0.75
MBjm,8,7,15,0.53
MBjn,9,9,18,0.5
MBjs,5,3,8,0.62
MBjt,0,1,1,0.0
MBlB,9,11,20,0.45
MBlD,4,1,5,0.8
MBlH,6,8,14,0.43
MBlJ,3,3,6,0.5
MBlK,0,1,1,0.0
MBlL,2,7,9,0.22
MBlM,11,11,22,0.5
MBlN,10,9,19,0.53
MBlP,6,12,18,0.33
MBlS,8,7,15,0.53
MBlb,5,5,10,0.5
MBll,2,3,5,0.4
MBlm,8,13,21,0.38
MBln,10,11,21,0.48
MBls,10,5,15,0.67
MBmB,29,36,65,0.45
MBmD,14,13,27,0.52
MBmH,22,39,61,0.36
MBmI,2,1,3,0.67
MBmJ,12,5,17,0.71
MBmK,0,1,1,0.0
MBmL,7,5,12,0.58
MBmM,24,36,60,0.4
MBmN,43,48,91,0.47
MBmP,42,38,80,0.52
MBmS,24,20,44,0.55
MBmb,34,17,51,0.67
MBml,10,9,19,0.53
MBmm,38,46,84,0.45
MBmn,43,39,82,0.52
MBms,29,24,53,0.55
MBnB,42,45,87,0.48
MBnD,10,5,15,0.67
MBnH,17,27,44,0.39
MBnI,8,12,20,0.4
MBnK,4,4,8,0.5
MBnL,12,13,25,0.48
MBnM,46,55,101,0.46
MBnN,43,57,100,0.43
MBnP,74,67,141,0.52
MBnS,28,27,55,0.51
MBnb,31,38,69,0.45
MBnh,1,4,5,0.2
MBnl,11,8,19,0.58
MBnm,52,41,93,0.56
MBnn,63,54,117,0.54
MBns,28,13,41,0.68
MBsB,13,15,28,0.46
MBsD,3,7,10,0.3
MBsH,10,12,22,0.45
MBsI,1,3,4,0.25
MBsL,2,3,5,0.4
MBsM,15,14,29,0.52
MBsN,15,19,34,0.44
MBsP,18,21,39,0.46
MBsS,20,10,30,0.67
MBsb,13,7,20,0.65
MBsh,0,1,1,0.0
MBsl,4,2,6,0.67
MBsm,9,17,26,0.35
MBsn,17,14,31,0.55
MBss,16,16,32,0.5
MBtB,3,4,7,0.43
MBtD,1,0,1,1.0
MBtH,4,1,5,0.8
MBtK,0,1,1,0.0
MBtL,2,1,3,0.67
MBtM,3,5,8,0.38
MBtN,1,3,4,0.25
MBtP,4,5,9,0.44
MBtS,1,5,6,0.17
MBtb,5,2,7,0.71
MBtl,1,0,1,1.0
MBtm,7,0,7,1.0
MBtn,7,2,9,0.78
MBts,2,2,4,0.5
MBtt,1,2,3,0.33
MDBB,6,6,12,0.5
MDBD,1,0,1,1.0
MDBK,1,4,5,0.2
MDBL,3,3,6,0.5
MDBM,5,7,12,0.42
MDBN,11,8,19,0.58
MDBP,10,6,16,0.62
MDBS,6,3,9,0.67
MDBb,8,5,13,0.62
MDBj,1,1,2,0.5
MDBl,0,4,4,0.0
MDBm,11,9,20,0.55
MDBn,8,7,15,0.53
MDBs,7,1,8,0.88
MDBt,0,1,1,0.0
MDDB,2,2,4,0.5
MDDD,6,2,8,0.75
MDDH,5,5,10,0.5
MDDL,3,1,4,0.75
MDDM,3,5,8,0.38
MDDN,3,3,6,0.5
MDDP,6,4,10,0.6
MDDS,2,4,6,0.33
MDDb,4,3,7,0.57
MDDh,0,1,1,0.0
MDDl,1,0,1,1.0
MDDm,4,7,11,0.36
MDDn,4,3,7,0.57
MDDs,3,4,7,0.43
MDDt,1,1,2,0.5
MDHB,4,2,6,0.67
MDHD,5,3,8,0.62
MDHH,2,2,4,0.5
MDHI,1,1,2,0.5
MDHK,1,1,2,0.5
MDHL,4,2,6,0.67
MDHM,6,6,12,0.5
MDHN,4,4,8,0.5
MDHP,11,13,24,0.46
MDHS,4,3,7,0.57
MDHb,2,6,8,0.25
MDHh,5,4,9,0.56
MDHl,2,1,3,0.67
MDHm,6,7,13,0.46
MDHn,4,5,9,0.44
MDHs,5,6,11,0.45
MDHt,0,1,1,0.0
MDID,3,0,3,1.0
MDIH,0,1,1,0.0
MDII,1,0,1,1.0
MDIM,2,0,2,1.0
MDIN,2,0,2,1.0
MDIP,0,3,3,0.0
MDIS,0,1,1,0.0
MDIm,1,1,2,0.5
MDIn,2,0,2,1.0
MDLB,5,4,9,0.56
MDLD,0,2,2,0.0
MDLK,1,0,1,1.0
MDLM,2,8,10,0.2
MDLN,1,1,2,0.5
MDLP,2,2,4,0.5
MDLS,3,1,4,0.75
MDLb,2,1,3,0.67
MDLh,0,1,1,0.0
MDLj,0,0,0,
MDLl,0,2,2,0.0
MDLm,1,2,3,0.33
MDLn,2,3,5,0.4
MDLs,1,1,2,0.5
MDLt,0,1,1,0.0
MDMB,8,9,17,0.47
MDMD,5,6,11,0.45
MDML,2,3,5,0.4
MDMM,9,18,27,0.33
MDMN,8,14,22,0.36
MDMP,11,14,25,0.44
MDMS,7,9,16,0.44
MDMb,7,7,14,0.5
MDMh,6,11,17,0.35
MDMj,0,5,5,0.0
MDMl,2,5,7,0.29
MDMm,18,13,31,0.58
MDMn,10,18,28,0.36
MDMs,5,8,13,0.38
MDMt,0,1,1,0.0
MDNB,3,4,7,0.43
MDND,0,3,3,0.0
MDNH,1,3,4,0.25
MDNI,1,0,1,1.0
MDNK,1,1,2,0.5
MDNL,2,2,4,0.5
MDNM,8,9,17,0.47
MDNN,7,11,18,0.39
MDNP,3,4,7,0.43
MDNS,6,7,13,0.46
MDNb,6,4,10,0.6
MDNh,7,1,8,0.88
MDNl,2,1,3,0.67
MDNm,8,5,13,0.62
MDNn,6,15,21,0.29
MDNs,2,5,7,0.29
MDNt,1,3,4,0.25
MDPB,5,7,12,0.42
MDPD,2,3,5,0.4
MDPH,3,1,4,0.75
MDPI,0,2,2,0.0
MDPK,3,1,4,0.75
MDPL,2,6,8,0.25
MDPM,11,12,23,0.48
MDPN,13,5,18,0.72
MDPP,8,17,25,0.32
MDPS,10,9,19,0.53
MDPb,5,3,8,0.62
MDPh,0,1,1,0.0
MDPl,1,4,5,0.2
MDPm,16,9,25,0.64
MDPn,4,6,10,0.4
MDPs,6,9,15,0.4
MDPt,2,1,3,0.67
MDSB,7,6,13,0.54
MDSD,1,3,4,0.25
MDSH,3,4,7,0.43
MDSI,1,0,1,1.0
MDSL,2,2,4,0.5
MDSM,13,9,22,0.59
MDSN,8,8,16,0.5
MDSP,10,6,16,0.62
MDSS,9,6,15,0.6
MDSb,5,3,8,0.62
MDSh,2,4,6,0.33
MDSl,2,1,3,0.67
MDSm,10,8,18,0.56
MDSn,6,9,15,0.4
MDSs,10,13,23,0.43
MDSt,1,0,1,1.0
MDbB,7,4,11,0.64
MDbD,1,2,3,0.33
MDbH,0,1,1,0.0
MDbI,2,0,2,1.0
MDbJ,3,3,6,0.5
MDbK,1,1,2,0.5
MDbL,1,1,2,0.5
MDbM,4,8,12,0.33
MDbN,11,8,19,0.58
MDbP,7,5,12,0.58
MDbS,4,3,7,0.57
MDbb,7,5,12,0.58
MDbl,1,2,3,0.33
MDbm,8,9,17,0.47
MDbn,4,6,10,0.4
MDbs,2,8,10,0.2
MDhI,0,1,1,0.0
MDhL,0,1,1,0.0
MDhP,1,0,1,1.0
MDhS,1,0,1,1.0
MDhh,0,2,2,0.0
MDhn,1,3,4,0.25
MDhs,1,0,1,1.0
MDlB,4,2,6,0.67
MDlD,0,1,1,0.0
MDlH,0,5,5,0.0
MDlK,0,1,1,0.0
MDlL,2,0,2,1.0
MDlM,5,2,7,0.71
MDlN,3,2,5,0.6
MDlP,1,2,3,0.33
MDlS,4,1,5,0.8
MDlb,0,1,1,0.0
MDll,1,0,1,1.0
MDlm,4,1,5,0.8
MDln,1,1,2,0.5
MDls,0,0,0,
MDmB,11,11,22,0.5
MDmD,4,4,8,0.5
MDmH,10,6,16,0.62
MDmI,1,1,2,0.5
MDmJ,4,3,7,0.57
MDmL,4,0,4,1.0
MDmM,16,18,34,0.47
MDmN,8,11,19,0.42
MDmP,6,5,11,0.55
MDmS,4,9,13,0.31
MDmb,9,7,16,0.56
MDml,1,3,4,0.25
MDmm,18,9,27,0.67
MDmn,10,8,18,0.56
MDms,5,4,9,0.56
MDnB,2,4,6,0.33
MDnD,1,2,3,0.33
MDnH,3,2,5,0.6
MDnI,1,0,1,1.0
MDnK,1,0,1,1.0
MDnL,2,0,2,1.0
MDnM,7,11,18,0.39
MDnN,7,9,16,0.44
MDnP,9,6,15,0.6
MDnS,3,5,8,0.38
MDnb,6,6,12,0.5
MDnl,1,0,1,1.0
MDnm,8,11,19,0.42
MDnn,3,3,6,0.5
MDns,3,4,7,0.43
MDsB,2,3,5,0.4
MDsD,0,1,1,0.0
MDsH,6,5,11,0.55
MDsI,1,0,1,1.0
MDsL,1,0,1,1.0
MDsM,6,8,14,0.43
MDsN,4,3,7,0.57
MDsP,6,9,15,0.4
MDsS,8,8,16,0.5
MDsb,3,3,6,0.5
MDsh,1,0,1,1.0
MDsl,1,0,1,1.0
MDsm,13,6,19,0.68
MDsn,7,2,9,0.78
MDss,5,5,10,0.5
MDtB,2,0,2,1.0
MDtD,1,0,1,1.0
MDtH,0,1,1,0.0
MDtM,0,0,0,
MDtN,2,1,3,0.67
MDtP,0,1,1,0.0
MDtS,0,1,1,0.0
MDtb,1,0,1,1.0
MDtm,1,0,1,1.0
MHBB,0,0,0,
MHBK,0,1,1,0.0
MHBL,1,1,2,0.5
MHBP,1,0,1,1.0
MHBb,1,0,1,1.0
MHBm,1,0,1,1.0
MHDM,0,0,0,
MHDN,0,1,1,0.0
MHDm,0,1,1,0.0
MHHD,1,0,1,1.0
MHHH,1,1,2,0.5
MHHS,1,0,1,1.0
MHHb,1,0,1,1.0
MHHm,0,0,0,
MHHs,0,0,0,
MHIS,0,1,1,0.0
MHIm,0,2,2,0.0
MHIn,0,1,1,0.0
MHKN,1,0,1,1.0
MHKP,0,2,2,0.0
MHKh,0,0,0,
MHLB,1,0,1,1.0
MHLM,1,0,1,1.0
MHLP,0,1,1,0.0
MHLb,1,0,1,1.0
MHLn,1,0,1,1.0
MHMM,0,1,1,0.0
MHMN,1,0,1,1.0
MHMP,2,0,2,1.0
MHMS,0,1,1,0.0
MHMh,1,0,1,1.0
MHMm,0,0,0,
MHMn,1,0,1,1.0
MHMs,1,2,3,0.33
MHNB,0,1,1,0.0
MHNM,1,0,1,1.0
MHNN,1,0,1,1.0
MHNP,0,1,1,0.0
MHNm,0,1,1,0.0
MHPB,1,1,2,0.5
MHPH,0,1,1,0.0
MHPM,0,2,2,0.0
MHPP,2,0,2,1.0
MHPS,3,1,4,0.75
MHPb,0,3,3,0.0
MHPs,0,1,1,0.0
MHSB,0,0,0,
MHSL,2,0,2,1.0
MHSM,0,2,2,0.0
MHSN,0,1,1,0.0
MHSS,1,0,1,1.0
MHSh,1,1,2,0.5
MHSl,0,1,1,0.0
MHSm,1,0,1,1.0
MHSn,1,1,2,0.5
MHSs,0,1,1,0.0
MHbK,0,1,1,0.0
MHbP,0,1,1,0.0
MHbS,0,0,0,
MHbb,1,2,3,0.33
MHbl,0,0,0,
MHbm,1,0,1,1.0
MHhM,0,0,0,
MHhP,0,1,1,0.0
MHhn,0,1,1,0.0
MHlB,0,1,1,0.0
MHlH,0,1,1,0.0
MHlI,0,1,1,0.0
MHlN,0,1,1,0.0
MHll,0,0,0,
MHmB,0,2,2,0.0
MHmD,0,1,1,0.0
MHmH,0,1,1,0.0
MHmM,1,2,3,0.33
MHmP,0,2,2,0.0
MHmS,0,2,2,0.0
MHmm,1,0,1,1.0
MHmn,1,1,2,0.5
MHnB,1,0,1,1.0
MHnM,1,0,1,1.0
MHnN,0,1,1,0.0
MHns,1,0,1,1.0
MHsH,0,2,2,0.0
MHsN,0,0,0,
MHsb,0,2,2,0.0
MHss,1,0,1,1.0
MIBB,0,1,1,0.0
MIBm,1,0,1,1.0
MIDL,0,1,1,0.0
MIDP,0,1,1,0.0
MIHm,1,1,2,0.5
MILn,0,1,1,0.0
MIMB,0,0,0,
MIMN,0,0,0,
MIMl,1,0,1,1.0
MIMm,1,0,1,1.0
MIMs,1,0,1,1.0
MIMt,0,1,1,0.0
MINB,0,1,1,0.0
MINH,0,1,1,0.0
MINN,0,1,1,0.0
MINP,0,1,1,0.0
MINh,0,1,1,0.0
MIPS,0,0,0,
MIPh,1,0,1,1.0
MIPn,1,0,1,1.0
MISM,0,1,1,0.0
MISS,0,0,0,
MISb,0,1,1,0.0
MISl,0,1,1,0.0
MISm,1,0,1,1.0
MISn,1,1,2,0.5
MIhb,0,1,1,0.0
MIlB,0,0,0,
MImB,0,0,0,
MImH,0,0,0,
MImM,0,1,1,0.0
MImS,1,0,1,1.0
MInM,1,0,1,1.0
MInb,1,0,1,1.0
MIsB,0,1,1,0.0
MIsS,0,1,1,0.0
MItl,0,1,1,0.0
MKBB,0,1,1,0.0
MKBM,0,0,0,
MKBN,1,1,2,0.5
MKBP,0,2,2,0.0
MKBS,0,1,1,0.0
MKBb,1,1,2,0.5
MKBl,0,1,1,0.0
MKBm,2,0,2,1.0
MKBn,0,1,1,0.0
MKDH,2,0,2,1.0
MKDS,0,1,1,0.0
MKDm,1,0,1,1.0
MKHP,1,0,1,1.0
MKHS,1,0,1,1.0
MKHn,0,1,1,0.0
MKHs,0,1,1,0.0
MKIB,1,0,1,1.0
MKIM,1,0,1,1.0
MKIS,0,0,0,
MKIm,0,1,1,0.0
MKIs,1,0,1,1.0
MKLK,0,0,0,
MKLP,1,0,1,1.0
MKLS,0,1,1,0.0
MKLh,1,0,1,1.0
MKLm,0,1,1,0.0
MKLs,0,0,0,
MKMB,2,1,3,0.67
MKMD,0,0,0,
MKMM,0,1,1,0.0
MKMN,1,4,5,0.2
MKMP,1,2,3,0.33
MKMS,0,1,1,0.0
MKMb,1,0,1,1.0
MKMh,1,1,2,0.5
MKMm,0,1,1,0.0
MKMn,0,1,1,0.0
MKMs,1,2,3,0.33
MKNB,0,2,2,0.0
MKND,1,0,1,1.0
MKNI,1,0,1,1.0
MKNM,0,1,1,0.0
MKNN,0,1,1,0.0
MKNP,2,1,3,0.67
MKNS,0,1,1,0.0
MKNb,0,1,1,0.0
MKNh,1,0,1,1.0
MKNl,1,1,2,0.5
MKNm,0,2,2,0.0
MKNn,0,1,1,0.0
MKNs,0,1,1,0.0
MKPB,1,0,1,1.0
MKPD,0,0,0,
MKPH,0,1,1,0.0
MKPL,1,1,2,0.5
MKPM,0,3,3,0.0
MKPN,0,2,2,0.0
MKPP,2,2,4,0.5
MKPb,1,2,3,0.33
MKPm,2,0,2,1.0
MKPn,0,1,1,0.0
MKSB,1,0,1,1.0
MKSH,0,1,1,0.0
MKSM,1,0,1,1.0
MKSN,0,0,0,
MKSP,1,1,2,0.5
MKSS,0,2,2,0.0
MKSb,2,0,2,1.0
MKSh,1,0,1,1.0
MKSm,2,1,3,0.67
MKSn,3,1,4,0.75
MKSs,0,2,2,0.0
MKbB,2,0,2,1.0
MKbK,0,1,1,0.0
MKbM,1,2,3,0.33
MKbP,1,1,2,0.5
MKbS,2,0,2,1.0
MKbm,1,0,1,1.0
MKhH,0,1,1,0.0
MKhM,0,2,2,0.0
MKhN,2,0,2,1.0
MKhP,1,0,1,1.0
MKhS,1,0,1,1.0
MKhh,0,1,1,0.0
MKhm,2,0,2,1.0
MKhn,0,1,1,0.0
MKhs,1,1,2,0.5
MKlD,0,0,0,
MKlI,0,1,1,0.0
MKlJ,0,1,1,0.0
MKlN,1,0,1,1.0
MKlS,0,0,0,
MKlb,1,0,1,1.0
MKlm,0,1,1,0.0
MKln,1,0,1,1.0
MKmB,1,1,2,0.5
MKmH,0,1,1,0.0
MKmL,2,2,4,0.5
MKmM,0,2,2,0.0
MKmN,3,0,3,1.0
MKmP,0,2,2,0.0
MKmS,0,1,1,0.0
MKmm,0,1,1,0.0
MKms,0,1,1,0.0
MKnB,0,1,1,0.0
MKnD,0,1,1,0.0
MKnH,1,0,1,1.0
MKnI,0,1,1,0.0
MKnM,1,0,1,1.0
MKnN,2,1,3,0.67
MKnP,3,4,7,0.43
MKnS,1,0,1,1.0
MKnb,0,1,1,0.0
MKnm,0,1,1,0.0
MKnn,2,0,2,1.0
MKns,2,0,2,1.0
MKsH,0,0,0,
MKsM,0,1,1,0.0
MKsN,1,1,2,0.5
MKsS,1,0,1,1.0
MKsb,0,2,2,0.0
MKsh,1,0,1,1.0
MKsm,3,0,3,1.0
MKsn,1,0,1,1.0
MKss,1,1,2,0.5
MLBB,12,11,23,0.52
MLBD,1,0,1,1.0
MLBK,3,2,5,0.6
MLBL,1,1,2,0.5
MLBM,8,9,17,0.47
MLBN,13,6,19,0.68
MLBP,15,12,27,0.56
MLBS,6,5,11,0.55
MLBb,6,9,15,0.4
MLBh,0,2,2,0.0
MLBj,0,2,2,0.0
MLBl,3,6,9,0.33
MLBm,6,6,12,0.5
MLBn,16,13,29,0.55
MLBs,1,3,4,0.25
MLDB,2,1,3,0.67
MLDD,1,1,2,0.5
MLDH,2,2,4,0.5
MLDL,1,0,1,1.0
MLDM,3,0,3,1.0
MLDN,1,3,4,0.25
MLDP,2,1,3,0.67
MLDS,1,4,5,0.2
MLDb,1,0,1,1.0
MLDh,0,0,0,
MLDl,1,0,1,1.0
MLDm,3,1,4,0.75
MLDn,2,0,2,1.0
MLDt,0,1,1,0.0
MLHB,0,1,1,0.0
MLHM,0,2,2,0.0
MLHS,0,1,1,0.0
MLHh,0,1,1,0.0
MLHm,0,1,1,0.0
MLHn,0,0,0,
MLID,0,1,1,0.0
MLKD,1,0,1,1.0
MLKM,0,1,1,0.0
MLKN,1,3,4,0.25
MLKP,0,1,1,0.0
MLKS,0,0,0,
MLKb,2,1,3,0.67
MLKm,1,1,2,0.5
MLKn,1,0,1,1.0
MLLB,3,1,4,0.75
MLLD,0,2,2,0.0
MLLK,0,0,0,
MLLL,0,0,0,
MLLM,2,2,4,0.5
MLLN,1,1,2,0.5
MLLP,1,2,3,0.33
MLLS,1,3,4,0.25
MLLb,2,1,3,0.67
MLLh,1,3,4,0.25
MLLl,1,0,1,1.0
MLLm,1,1,2,0.5
MLLn,5,1,6,0.83
MLLs,0,1,1,0.0
MLMB,11,10,21,0.52
MLMD,0,2,2,0.0
MLMH,0,1,1,0.0
MLML,0,4,4,0.0
MLMM,10,6,16,0.62
MLMN,8,4,12,0.67
MLMP,8,6,14,0.57
MLMS,4,1,5,0.8
MLMb,8,7,15,0.53
MLMh,5,6,11,0.45
MLMj,0,3,3,0.0
MLMl,1,2,3,0.33
MLMm,9,8,17,0.53
MLMn,9,11,20,0.45
MLMs,5,4,9,0.56
MLMt,1,3,4,0.25
MLNB,9,9,18,0.5
MLND,1,2,3,0.33
MLNH,2,0,2,1.0
MLNK,2,0,2,1.0
MLNL,2,3,5,0.4
MLNM,5,5,10,0.5
MLNN,15,8,23,0.65
MLNP,9,13,22,0.41
MLNS,3,4,7,0.43
MLNb,9,7,16,0.56
MLNh,1,3,4,0.25
MLNl,1,2,3,0.33
MLNm,20,6,26,0.77
MLNn,15,8,23,0.65
MLNs,8,7,15,0.53
MLNt,3,2,5,0.6
MLPB,6,10,16,0.38
MLPD,3,0,3,1.0
MLPH,0,1,1,0.0
MLPI,2,2,4,0.5
MLPK,1,1,2,0.5
MLPL,2,3,5,0.4
MLPM,11,13,24,0.46
MLPN,14,9,23,0.61
MLPP,14,26,40,0.35
MLPS,5,4,9,0.56
MLPb,9,15,24,0.38
MLPh,0,3,3,0.0
MLPl,5,6,11,0.45
MLPm,12,10,22,0.55
MLPn,8,11,19,0.42
MLPs,9,5,14,0.64
MLPt,0,0,0,
MLSB,2,0,2,1.0
MLSD,2,2,4,0.5
MLSH,2,3,5,0.4
MLSI,1,0,1,1.0
MLSL,3,1,4,0.75
MLSM,4,5,9,0.44
MLSN,5,7,12,0.42
MLSP,6,7,13,0.46
MLSS,2,5,7,0.29
MLSb,1,6,7,0.14
MLSh,1,6,7,0.14
MLSl,3,2,5,0.6
MLSm,6,7,13,0.46
MLSn,4,2,6,0.67
MLSs,3,3,6,0.5
MLSt,0,1,1,0.0
MLbB,6,12,18,0.33
MLbD,1,3,4,0.25
MLbH,0,2,2,0.0
MLbI,0,3,3,0.0
MLbJ,4,1,5,0.8
MLbK,1,2,3,0.33
MLbL,2,4,6,0.33
MLbM,6,10,16,0.38
MLbN,6,12,18,0.33
MLbP,10,5,15,0.67
MLbS,2,5,7,0.29
MLbb,11,5,16,0.69
MLbl,1,1,2,0.5
MLbm,8,9,17,0.47
MLbn,2,13,15,0.13
MLbs,2,2,4,0.5
MLhB,3,2,5,0.6
MLhD,1,0,1,1.0
MLhH,1,1,2,0.5
MLhK,1,0,1,1.0
MLhL,0,2,2,0.0
MLhM,4,9,13,0.31
MLhN,4,1,5,0.8
MLhP,3,3,6,0.5
MLhS,4,2,6,0.67
MLhb,3,6,9,0.33
MLhh,1,4,5,0.2
MLhl,1,1,2,0.5
MLhm,5,3,8,0.62
MLhn,0,4,4,0.0
MLhs,2,2,4,0.5
MLjB,4,1,5,0.8
MLjI,0,0,0,
MLjL,1,1,2,0.5
MLjM,1,1,2,0.5
MLjN,1,3,4,0.25
MLjP,1,4,5,0.2
MLjS,1,3,4,0.25
MLjb,3,0,3,1.0
MLjm,3,2,5,0.6
MLjn,1,0,1,1.0
MLjs,1,1,2,0.5
MLjt,0,1,1,0.0
MLlB,3,1,4,0.75
MLlH,1,2,3,0.33
MLlJ,1,0,1,1.0
MLlL,0,3,3,0.0
MLlM,4,2,6,0.67
MLlN,2,3,5,0.4
MLlP,1,8,9,0.11
MLlS,2,4,6,0.33
MLlb,3,2,5,0.6
MLlm,3,3,6,0.5
MLln,1,3,4,0.25
MLls,4,4,8,0.5
MLmB,13,16,29,0.45
MLmD,3,3,6,0.5
MLmH,4,9,13,0.31
MLmI,3,0,3,1.0
MLmJ,2,4,6,0.33
MLmL,5,6,11,0.45
MLmM,15,12,27,0.56
MLmN,18,16,34,0.53
MLmP,10,13,23,0.43
MLmS,5,10,15,0.33
MLmb,10,12,22,0.45
MLmh,1,0,1,1.0
MLml,1,3,4,0.25
MLmm,9,12,21,0.43
MLmn,11,15,26,0.42
MLms,2,4,6,0.33
MLnB,10,9,19,0.53
MLnD,0,1,1,0.0
MLnH,5,5,10,0.5
MLnI,4,2,6,0.67
MLnK,0,2,2,0.0
MLnL,2,3,5,0.4
MLnM,10,10,20,0.5
MLnN,17,10,27,0.63
MLnP,19,18,37,0.51
MLnS,8,9,17,0.47
MLnb,6,5,11,0.55
MLnh,1,1,2,0.5
MLnl,3,3,6,0.5
MLnm,6,8,14,0.43
MLnn,13,11,24,0.54
MLns,8,11,19,0.42
MLsB,2,6,8,0.25
MLsD,0,2,2,0.0
MLsH,7,6,13,0.54
MLsI,1,1,2,0.5
MLsK,0,0,0,
MLsL,0,0,0,
MLsM,4,3,7,0.57
MLsN,5,7,12,0.42
MLsP,4,6,10,0.4
MLsS,4,12,16,0.25
MLsb,3,1,4,0.75
MLsl,2,0,2,1.0
MLsm,8,4,12,0.67
MLsn,3,5,8,0.38
MLss,4,5,9,0.44
MLtM,0,1,1,0.0
MLtP,0,1,1,0.0
MLtS,0,4,4,0.0
MLtb,0,0,0,
MLtm,3,1,4,0.75
MLtn,0,5,5,0.0
MLts,1,1,2,0.5
MMBB,43,46,89,0.48
MMBD,6,13,19,0.32
MMBH,0,0,0,
MMBK,5,3,8,0.62
MMBL,7,3,10,0.7
MMBM,38,33,71,0.54
MMBN,44,41,85,0.52
MMBP,44,48,92,0.48
MMBS,9,12,21,0.43
MMBb,36,36,72,0.5
MMBh,5,7,12,0.42
MMBj,6,6,12,0.5
MMBl,17,9,26,0.65
MMBm,41,38,79,0.52
MMBn,63,50,113,0.56
MMBs,10,20,30,0.33
MMBt,1,4,5,0.2
MMDB,4,10,14,0.29
MMDD,4,4,8,0.5
MMDH,6,6,12,0.5
MMDI,0,1,1,0.0
MMDL,4,0,4,1.0
MMDM,13,14,27,0.48
MMDN,5,3,8,0.62
MMDP,8,4,12,0.67
MMDS,3,4,7,0.43
MMDb,1,8,9,0.11
MMDh,0,1,1,0.0
MMDl,1,2,3,0.33
MMDm,9,9,18,0.5
MMDn,1,4,5,0.2
MMDs,2,11,13,0.15
MMDt,2,0,2,1.0
MMHB,0,1,1,0.0
MMHH,0,0,0,
MMHK,1,0,1,1.0
MMHL,0,1,1,0.0
MMHM,0,2,2,0.0
MMHP,1,4,5,0.2
MMHS,0,1,1,0.0
MMHl,1,0,1,1.0
MMHm,1,0,1,1.0
MMHn,1,0,1,1.0
MMID,1,0,1,1.0
MMIH,0,1,1,0.0
MMIM,1,0,1,1.0
MMIN,1,0,1,1.0
MMIS,1,0,1,1.0
MMKB,1,3,4,0.25
MMKM,1,0,1,1.0
MMKN,0,1,1,0.0
MMKS,3,1,4,0.75
MMKb,1,0,1,1.0
MMKh,0,2,2,0.0
MMKl,0,0,0,
MMKm,0,0,0,
MMKn,1,0,1,1.0
MMKs,1,0,1,1.0
MMLB,3,8,11,0.27
MMLD,1,0,1,1.0
MMLH,0,1,1,0.0
MMLK,1,0,1,1.0
MMLL,1,3,4,0.25
MMLM,4,3,7,0.57
MMLN,5,1,6,0.83
MMLP,12,9,21,0.57
MMLS,2,3,5,0.4
MMLb,7,6,13,0.54
MMLh,2,5,7,0.29
MMLj,1,1,2,0.5
MMLl,2,2,4,0.5
MMLm,7,7,14,0.5
MMLn,4,6,10,0.4
MMLs,5,0,5,1.0
MMLt,0,2,2,0.0
MMMB,34,42,76,0.45
MMMD,9,8,17,0.53
MMMH,1,0,1,1.0
MMMI,2,0,2,1.0
MMMK,1,0,1,1.0
MMML,3,3,6,0.5
MMMM,31,41,72,0.43
MMMN,24,43,67,0.36
MMMP,33,29,62,0.53
MMMS,15,22,37,0.41
MMMb,38,32,70,0.54
MMMh,15,26,41,0.37
MMMj,1,2,3,0.33
MMMl,5,7,12,0.42
MMMm,52,42,94,0.55
MMMn,43,57,100,0.43
MMMs,17,10,27,0.63
MMMt,2,1,3,0.67
MMNB,22,40,62,0.35
MMND,11,5,16,0.69
MMNH,7,9,16,0.44
MMNI,0,1,1,0.0
MMNK,2,3,5,0.4
MMNL,6,4,10,0.6
MMNM,27,23,50,0.54
MMNN,36,46,82,0.44
MMNP,28,45,73,0.38
MMNS,23,26,49,0.47
MMNb,24,19,43,0.56
MMNh,6,5,11,0.55
MMNl,11,2,13,0.85
MMNm,53,40,93,0.57
MMNn,36,63,99,0.36
MMNs,23,22,45,0.51
MMNt,3,3,6,0.5
MMPB,37,32,69,0.54
MMPD,11,13,24,0.46
MMPH,9,11,20,0.45
MMPI,10,6,16,0.62
MMPK,10,9,19,0.53
MMPL,6,13,19,0.32
MMPM,33,53,86,0.38
MMPN,34,46,80,0.42
MMPP,65,51,116,0.56
MMPS,28,34,62,0.45
MMPb,39,40,79,0.49
MMPh,6,8,14,0.43
MMPl,11,16,27,0.41
MMPm,51,37,88,0.58
MMPn,47,48,95,0.49
MMPs,19,28,47,0.4
MMPt,2,7,9,0.22
MMSB,20,18,38,0.53
MMSD,2,4,6,0.33
MMSH,9,11,20,0.45
MMSI,0,1,1,0.0
MMSK,1,1,2,0.5
MMSL,4,4,8,0.5
MMSM,20,26,46,0.43
MMSN,17,17,34,0.5
MMSP,28,24,52,0.54
MMSS,21,20,41,0.51
MMSb,15,19,34,0.44
MMSh,11,6,17,0.65
MMSl,6,6,12,0.5
MMSm,26,25,51,0.51
MMSn,20,21,41,0.49
MMSs,16,15,31,0.52
MMSt,3,0,3,1.0
MMbB,23,31,54,0.43
MMbD,8,6,14,0.57
MMbH,7,6,13,0.54
MMbI,3,2,5,0.6
MMbJ,14,12,26,0.54
MMbK,7,4,11,0.64
MMbL,5,8,13,0.38
MMbM,22,42,64,0.34
MMbN,38,42,80,0.48
MMbP,34,43,77,0.44
MMbS,19,15,34,0.56
MMbb,26,26,52,0.5
MMbl,7,5,12,0.58
MMbm,28,25,53,0.53
MMbn,26,27,53,0.49
MMbs,20,17,37,0.54
MMhB,25,28,53,0.47
MMhD,9,9,18,0.5
MMhH,5,6,11,0.45
MMhI,1,2,3,0.33
MMhK,1,1,2,0.5
MMhL,3,9,12,0.25
MMhM,29,32,61,0.48
MMhN,21,23,44,0.48
MMhP,24,29,53,0.45
MMhS,24,27,51,0.47
MMhb,22,17,39,0.56
MMhh,22,29,51,0.43
MMhl,8,5,13,0.62
MMhm,43,31,74,0.58
MMhn,24,22,46,0.52
MMhs,20,19,39,0.51
MMht,2,2,4,0.5
MMjB,3,1,4,0.75
MMjD,2,1,3,0.67
MMjH,1,1,2,0.5
MMjI,1,0,1,1.0
MMjK,1,0,1,1.0
MMjL,3,0,3,1.0
MMjM,2,10,12,0.17
MMjN,2,6,8,0.25
MMjP,6,2,8,0.75
MMjS,2,0,2,1.0
MMjb,2,2,4,0.5
MMjh,2,1,3,0.67
MMjl,1,1,2,0.5
MMjm,4,3,7,0.57
MMjn,4,4,8,0.5
MMjs,3,1,4,0.75
MMlB,8,6,14,0.57
MMlD,1,5,6,0.17
MMlH,5,5,10,0.5
MMlI,0,1,1,0.0
MMlJ,4,3,7,0.57
MMlK,1,0,1,1.0
MMlL,2,3,5,0.4
MMlM,10,13,23,0.43
MMlN,7,9,16,0.44
MMlP,11,9,20,0.55
MMlS,6,5,11,0.55
MMlb,6,5,11,0.55
MMll,1,0,1,1.0
MMlm,3,8,11,0.27
MMln,12,7,19,0.63
MMls,8,7,15,0.53
MMmB,45,49,94,0.48
MMmD,14,12,26,0.54
MMmH,35,40,75,0.47
MMmI,3,6,9,0.33
MMmJ,10,7,17,0.59
MMmK,1,2,3,0.33
MMmL,5,12,17,0.29
MMmM,44,61,105,0.42
MMmN,58,55,113,0.51
MMmP,53,50,103,0.51
MMmS,45,33,78,0.58
MMmb,24,29,53,0.45
MMmh,0,1,1,0.0
MMml,7,8,15,0.47
MMmm,44,47,91,0.48
MMmn,52,44,96,0.54
MMms,30,30,60,0.5
MMnB,33,46,79,0.42
MMnD,8,9,17,0.47
MMnH,14,33,47,0.3
MMnI,12,11,23,0.52
MMnK,6,2,8,0.75
MMnL,9,8,17,0.53
MMnM,42,43,85,0.49
MMnN,65,78,143,0.45
MMnP,53,53,106,0.5
MMnS,39,35,74,0.53
MMnb,31,38,69,0.45
MMnh,1,4,5,0.2
MMnl,10,11,21,0.48
MMnm,55,46,101,0.54
MMnn,60,47,107,0.56
MMns,31,31,62,0.5
MMnt,2,1,3,0.67
MMsB,14,13,27,0.52
MMsD,4,5,9,0.44
MMsH,18,29,47,0.38
MMsI,4,2,6,0.67
MMsL,6,4,10,0.6
MMsM,18,26,44,0.41
MMsN,20,23,43,0.47
MMsP,15,20,35,0.43
MMsS,21,17,38,0.55
MMsb,14,8,22,0.64
MMsh,2,0,2,1.0
MMsl,8,2,10,0.8
MMsm,32,20,52,0.62
MMsn,26,17,43,0.6
MMss,25,11,36,0.69
MMst,0,0,0,
MMtB,3,3,6,0.5
MMtD,1,2,3,0.33
MMtH,1,3,4,0.25
MMtI,1,0,1,1.0
MMtK,0,1,1,0.0
MMtM,3,5,8,0.38
MMtN,1,5,6,0.17
MMtP,1,4,5,0.2
MMtS,5,3,8,0.62
MMtb,3,1,4,0.75
MMtl,1,1,2,0.5
MMtm,5,5,10,0.5
MMtn,1,2,3,0.33
MMts,2,2,4,0.5
MMtt,0,1,1,0.0
MNBB,24,31,55,0.44
MNBD,6,6,12,0.5
MNBK,5,6,11,0.45
MNBL,6,7,13,0.46
MNBM,20,27,47,0.43
MNBN,29,46,75,0.39
MNBP,52,35,87,0.6
MNBS,20,9,29,0.69
MNBb,28,34,62,0.45
MNBh,5,3,8,0.62
MNBj,6,6,12,0.5
MNBl,8,11,19,0.42
MNBm,53,30,83,0.64
MNBn,34,43,77,0.44
MNBs,13,15,28,0.46
MNBt,2,4,6,0.33
MNDB,11,8,19,0.58
MNDD,4,4,8,0.5
MNDH,5,10,15,0.33
MNDI,2,1,3,0.67
MNDK,0,1,1,0.0
MNDL,1,1,2,0.5
MNDM,13,9,22,0.59
MNDN,11,9,20,0.55
MNDP,7,7,14,0.5
MNDS,7,11,18,0.39
MNDb,8,10,18,0.44
MNDl,1,1,2,0.5
MNDm,8,13,21,0.38
MNDn,7,8,15,0.47
MNDs,5,1,6,0.83
MNDt,1,1,2,0.5
MNHB,7,3,10,0.7
MNHD,1,1,2,0.5
MNHH,2,3,5,0.4
MNHI,1,3,4,0.25
MNHK,0,1,1,0.0
MNHL,0,1,1,0.0
MNHM,7,9,16,0.44
MNHN,2,10,12,0.17
MNHP,7,5,12,0.58
MNHS,4,11,15,0.27
MNHb,6,1,7,0.86
MNHh,1,1,2,0.5
MNHl,1,0,1,1.0
MNHm,11,6,17,0.65
MNHn,6,8,14,0.43
MNHs,6,6,12,0.5
MNIN,1,0,1,1.0
MNIP,1,2,3,0.33
MNIS,1,0,1,1.0
MNIb,1,0,1,1.0
MNIm,2,2,4,0.5
MNIn,3,0,3,1.0
MNIs,2,1,3,0.67
MNKB,1,2,3,0.33
MNKD,3,1,4,0.75
MNKH,1,1,2,0.5
MNKL,3,2,5,0.6
MNKM,3,3,6,0.5
MNKN,2,2,4,0.5
MNKP,7,3,10,0.7
MNKS,2,4,6,0.33
MNKb,2,4,6,0.33
MNKh,1,2,3,0.33
MNKl,1,3,4,0.25
MNKm,3,9,12,0.25
MNKn,5,8,13,0.38
MNKs,6,3,9,0.67
MNLB,9,9,18,0.5
MNLD,1,0,1,1.0
MNLH,0,1,1,0.0
MNLK,0,0,0,
MNLL,1,1,2,0.5
MNLM,6,10,16,0.38
MNLN,14,13,27,0.52
MNLP,12,9,21,0.57
MNLS,9,8,17,0.53
MNLb,7,10,17,0.41
MNLh,2,9,11,0.18
MNLj,4,2,6,0.67
MNLl,1,1,2,0.5
MNLm,10,7,17,0.59
MNLn,14,12,26,0.54
MNLs,6,7,13,0.46
MNLt,0,0,0,
MNMB,36,26,62,0.58
MNMD,7,6,13,0.54
MNMH,0,1,1,0.0
MNMK,2,0,2,1.0
MNML,7,7,14,0.5
MNMM,23,28,51,0.45
MNMN,30,32,62,0.48
MNMP,39,40,79,0.49
MNMS,12,17,29,0.41
MNMb,29,27,56,0.52
MNMh,11,27,38,0.29
MNMj,0,3,3,0.0
MNMl,6,5,11,0.55
MNMm,48,34,82,0.59
MNMn,44,47,91,0.48
MNMs,17,24,41,0.41
MNMt,4,3,7,0.57
MNNB,32,42,74,0.43
MNND,10,10,20,0.5
MNNH,4,7,11,0.36
MNNI,0,0,0,
MNNK,6,4,10,0.6
MNNL,8,11,19,0.42
MNNM,30,41,71,0.42
MNNN,50,70,120,0.42
MNNP,54,56,110,0.49
MNNS,36,20,56,0.64
MNNb,38,31,69,0.55
MNNh,11,22,33,0.33
MNNl,11,6,17,0.65
MNNm,28,55,83,0.34
MNNn,58,69,127,0.46
MNNs,36,25,61,0.59
MNNt,6,3,9,0.67
MNPB,39,46,85,0.46
MNPD,12,4,16,0.75
MNPH,10,15,25,0.4
MNPI,8,7,15,0.53
MNPK,8,3,11,0.73
MNPL,13,24,37,0.35
MNPM,27,49,76,0.36
MNPN,51,54,105,0.49
MNPP,66,67,133,0.5
MNPS,40,44,84,0.48
MNPb,44,30,74,0.59
MNPh,7,6,13,0.54
MNPl,17,14,31,0.55
MNPm,54,46,100,0.54
MNPn,43,47,90,0.48
MNPs,26,40,66,0.39
MNPt,4,2,6,0.67
MNSB,20,24,44,0.45
MNSD,6,9,15,0.4
MNSH,10,8,18,0.56
MNSI,1,1,2,0.5
MNSK,1,1,2,0.5
MNSL,5,10,15,0.33
MNSM,14,25,39,0.36
MNSN,21,26,47,0.45
MNSP,23,34,57,0.4
MNSS,24,30,54,0.44
MNSb,17,10,27,0.63
MNSh,9,13,22,0.41
MNSl,6,6,12,0.5
MNSm,27,22,49,0.55
MNSn,32,16,48,0.67
MNSs,13,16,29,0.45
MNSt,4,1,5,0.8
MNbB,23,18,41,0.56
MNbD,6,2,8,0.75
MNbH,13,8,21,0.62
MNbI,2,2,4,0.5
MNbJ,4,6,10,0.4
MNbK,1,2,3,0.33
MNbL,7,9,16,0.44
MNbM,23,33,56,0.41
MNbN,32,44,76,0.42
MNbP,24,23,47,0.51
MNbS,11,15,26,0.42
MNbb,24,20,44,0.55
MNbh,1,0,1,1.0
MNbl,10,6,16,0.62
MNbm,26,31,57,0.46
MNbn,29,36,65,0.45
MNbs,11,13,24,0.46
MNbt,1,0,1,1.0
MNhB,7,7,14,0.5
MNhD,2,2,4,0.5
MNhH,3,1,4,0.75
MNhI,1,1,2,0.5
MNhL,2,6,8,0.25
MNhM,10,14,24,0.42
MNhN,10,12,22,0.45
MNhP,11,14,25,0.44
MNhS,7,12,19,0.37
MNhb,6,7,13,0.46
MNhh,4,15,19,0.21
MNhl,5,3,8,0.62
MNhm,16,9,25,0.64
MNhn,10,12,22,0.45
MNhs,10,14,24,0.42
MNht,1,2,3,0.33
MNlB,6,7,13,0.46
MNlD,3,2,5,0.6
MNlH,3,6,9,0.33
MNlI,1,1,2,0.5
MNlJ,1,3,4,0.25
MNlL,2,2,4,0.5
MNlM,12,8,20,0.6
MNlN,13,13,26,0.5
MNlP,12,11,23,0.52
MNlS,5,10,15,0.33
MNlb,5,10,15,0.33
MNlh,0,1,1,0.0
MNll,1,5,6,0.17
MNlm,8,5,13,0.62
MNln,8,14,22,0.36
MNls,5,6,11,0.45
MNmB,30,27,57,0.53
MNmD,8,11,19,0.42
MNmH,33,32,65,0.51
MNmI,4,3,7,0.57
MNmJ,6,5,11,0.55
MNmK,3,0,3,1.0
MNmL,8,13,21,0.38
MNmM,44,41,85,0.52
MNmN,51,61,112,0.46
MNmP,36,37,73,0.49
MNmS,30,35,65,0.46
MNmb,23,32,55,0.42
MNml,6,4,10,0.6
MNmm,45,34,79,0.57
MNmn,41,51,92,0.45
MNms,30,24,54,0.56
MNnB,30,33,63,0.48
MNnD,9,7,16,0.56
MNnH,31,43,74,0.42
MNnI,9,8,17,0.53
MNnK,7,10,17,0.41
MNnL,4,16,20,0.2
MNnM,29,54,83,0.35
MNnN,57,70,127,0.45
MNnP,55,80,135,0.41
MNnS,29,46,75,0.39
MNnb,26,25,51,0.51
MNnh,2,2,4,0.5
MNnl,6,8,14,0.43
MNnm,53,40,93,0.57
MNnn,71,56,127,0.56
MNns,46,44,90,0.51
MNnt,0,0,0,
MNsB,17,14,31,0.55
MNsD,6,5,11,0.55
MNsH,19,21,40,0.48
MNsI,3,6,9,0.33
MNsL,3,7,10,0.3
MNsM,26,25,51,0.51
MNsN,23,22,45,0.51
MNsP,25,17,42,0.6
MNsS,23,33,56,0.41
MNsb,14,17,31,0.45
MNsh,3,4,7,0.43
MNsl,13,4,17,0.76
MNsm,20,27,47,0.43
MNsn,36,23,59,0.61
MNss,23,13,36,0.64
MNst,0,0,0,
MNtB,4,9,13,0.31
MNtD,3,1,4,0.75
MNtH,3,4,7,0.43
MNtI,0,0,0,
MNtK,0,1,1,0.0
MNtL,1,2,3,0.33
MNtM,1,2,3,0.33
MNtN,5,7,12,0.42
MNtP,8,7,15,0.53
MNtS,4,5,9,0.44
MNtb,5,2,7,0.71
MNtl,1,1,2,0.5
MNtm,6,2,8,0.75
MNtn,4,6,10,0.4
MNts,2,0,2,1.0
MNtt,1,2,3,0.33
MPBB,42,39,81,0.52
MPBD,7,8,15,0.47
MPBH,1,0,1,1.0
MPBI,0,1,1,0.0
MPBK,4,5,9,0.44
MPBL,10,16,26,0.38
MPBM,26,26,52,0.5
MPBN,46,39,85,0.54
MPBP,50,54,104,0.48
MPBS,11,23,34,0.32
MPBb,40,37,77,0.52
MPBh,4,4,8,0.5
MPBj,11,10,21,0.52
MPBl,12,10,22,0.55
MPBm,43,50,93,0.46
MPBn,43,48,91,0.47
MPBs,18,23,41,0.44
MPBt,5,3,8,0.62
MPDB,5,5,10,0.5
MPDD,6,6,12,0.5
MPDH,7,4,11,0.64
MPDI,1,0,1,1.0
MPDL,1,2,3,0.33
MPDM,5,17,22,0.23
MPDN,6,4,10,0.6
MPDP,4,14,18,0.22
MPDS,6,5,11,0.55
MPDb,8,3,11,0.73
MPDl,3,0,3,1.0
MPDm,10,13,23,0.43
MPDn,4,3,7,0.57
MPDs,7,4,11,0.64
MPDt,1,0,1,1.0
MPHB,10,11,21,0.48
MPHD,2,5,7,0.29
MPHH,1,2,3,0.33
MPHI,2,0,2,1.0
MPHK,2,0,2,1.0
MPHL,4,8,12,0.33
MPHM,12,16,28,0.43
MPHN,9,19,28,0.32
MPHP,13,18,31,0.42
MPHS,8,11,19,0.42
MPHb,8,7,15,0.53
MPHh,3,4,7,0.43
MPHl,1,3,4,0.25
MPHm,14,20,34,0.41
MPHn,8,12,20,0.4
MPHs,10,10,20,0.5
MPHt,0,2,2,0.0
MPIB,3,6,9,0.33
MPID,3,0,3,1.0
MPIH,5,5,10,0.5
MPII,1,2,3,0.33
MPIL,1,0,1,1.0
MPIM,5,12,17,0.29
MPIN,3,2,5,0.6
MPIP,9,4,13,0.69
MPIS,6,6,12,0.5
MPIb,5,3,8,0.62
MPIh,0,1,1,0.0
MPIl,1,1,2,0.5
MPIm,6,0,6,1.0
MPIn,5,7,12,0.42
MPIs,7,5,12,0.58
MPKB,7,6,13,0.54
MPKD,0,2,2,0.0
MPKH,2,1,3,0.67
MPKI,1,1,2,0.5
MPKK,1,0,1,1.0
MPKL,3,1,4,0.75
MPKM,9,7,16,0.56
MPKN,8,2,10,0.8
MPKP,9,6,15,0.6
MPKS,3,3,6,0.5
MPKb,7,3,10,0.7
MPKh,3,9,12,0.25
MPKl,3,2,5,0.6
MPKm,11,9,20,0.55
MPKn,3,5,8,0.38
MPKs,7,7,14,0.5
MPKt,2,0,2,1.0
MPLB,23,12,35,0.66
MPLD,0,4,4,0.0
MPLI,0,0,0,
MPLK,1,1,2,0.5
MPLL,3,8,11,0.27
MPLM,9,20,29,0.31
MPLN,14,6,20,0.7
MPLP,24,24,48,0.5
MPLS,10,7,17,0.59
MPLb,9,14,23,0.39
MPLh,3,2,5,0.6
MPLj,2,2,4,0.5
MPLl,6,6,12,0.5
MPLm,17,14,31,0.55
MPLn,20,19,39,0.51
MPLs,12,8,20,0.6
MPLt,2,2,4,0.5
MPMB,38,50,88,0.43
MPMD,11,9,20,0.55
MPMI,1,0,1,1.0
MPMK,1,0,1,1.0
MPML,11,11,22,0.5
MPMM,44,36,80,0.55
MPMN,34,49,83,0.41
MPMP,43,56,99,0.43
MPMS,18,15,33,0.55
MPMb,41,36,77,0.53
MPMh,29,34,63,0.46
MPMj,2,4,6,0.33
MPMl,19,9,28,0.68
MPMm,59,52,111,0.53
MPMn,46,66,112,0.41
MPMs,20,24,44,0.45
MPMt,2,2,4,0.5
MPNB,40,51,91,0.44
MPND,14,7,21,0.67
MPNH,12,7,19,0.63
MPNI,1,1,2,0.5
MPNK,6,2,8,0.75
MPNL,13,20,33,0.39
MPNM,38,48,86,0.44
MPNN,42,40,82,0.51
MPNP,42,69,111,0.38
MPNS,32,32,64,0.5
MPNb,39,35,74,0.53
MPNh,14,12,26,0.54
MPNl,17,9,26,0.65
MPNm,59,48,107,0.55
MPNn,53,66,119,0.45
MPNs,19,34,53,0.36
MPNt,8,9,17,0.47
MPPB,57,66,123,0.46
MPPD,18,8,26,0.69
MPPH,16,22,38,0.42
MPPI,7,6,13,0.54
MPPK,5,4,9,0.56
MPPL,18,23,41,0.44
MPPM,60,64,124,0.48
MPPN,55,52,107,0.51
MPPP,88,88,176,0.5
MPPS,39,47,86,0.45
MPPb,39,48,87,0.45
MPPh,7,13,20,0.35
MPPl,20,21,41,0.49
MPPm,65,67,132,0.49
MPPn,59,51,110,0.54
MPPs,38,43,81,0.47
MPPt,5,4,9,0.56
MPSB,27,26,53,0.51
MPSD,7,7,14,0.5
MPSH,3,12,15,0.2
MPSI,2,0,2,1.0
MPSL,12,13,25,0.48
MPSM,31,35,66,0.47
MPSN,35,22,57,0.61
MPSP,24,27,51,0.47
MPSS,20,31,51,0.39
MPSb,23,19,42,0.55
MPSh,19,17,36,0.53
MPSl,9,10,19,0.47
MPSm,31,29,60,0.52
MPSn,24,31,55,0.44
MPSs,40,31,71,0.56
MPSt,4,4,8,0.5
MPbB,33,23,56,0.59
MPbD,6,6,12,0.5
MPbH,10,12,22,0.45
MPbI,2,2,4,0.5
MPbJ,5,11,16,0.31
MPbK,3,7,10,0.3
MPbL,12,12,24,0.5
MPbM,46,42,88,0.52
MPbN,47,42,89,0.53
MPbP,37,56,93,0.4
MPbS,20,23,43,0.47
MPbb,28,31,59,0.47
MPbl,11,8,19,0.58
MPbm,47,36,83,0.57
MPbn,30,41,71,0.42
MPbs,23,18,41,0.56
MPhB,7,2,9,0.78
MPhH,0,2,2,0.0
MPhL,3,3,6,0.5
MPhM,4,4,8,0.5
MPhN,7,5,12,0.58
MPhP,5,4,9,0.56
MPhS,3,6,9,0.33
MPhb,3,8,11,0.27
MPhh,0,4,4,0.0
MPhl,2,2,4,0.5
MPhm,7,6,13,0.54
MPhn,5,5,10,0.5
MPhs,5,6,11,0.45
MPht,1,1,2,0.5
MPlB,14,13,27,0.52
MPlD,3,3,6,0.5
MPlH,8,7,15,0.53
MPlI,2,1,3,0.67
MPlJ,6,3,9,0.67
MPlK,0,3,3,0.0
MPlL,5,5,10,0.5
MPlM,6,25,31,0.19
MPlN,16,14,30,0.53
MPlP,17,16,33,0.52
MPlS,5,6,11,0.45
MPlb,11,8,19,0.58
MPll,7,1,8,0.88
MPlm,16,12,28,0.57
MPln,18,17,35,0.51
MPls,9,9,18,0.5
MPmB,43,43,86,0.5
MPmD,7,17,24,0.29
MPmH,40,48,88,0.45
MPmI,3,6,9,0.33
MPmJ,8,7,15,0.53
MPmK,1,1,2,0.5
MPmL,17,22,39,0.44
MPmM,57,78,135,0.42
MPmN,54,50,104,0.52
MPmP,64,69,133,0.48
MPmS,33,27,60,0.55
MPmb,49,38,87,0.56
MPmh,2,1,3,0.67
MPml,18,15,33,0.55
MPmm,53,50,103,0.51
MPmn,51,51,102,0.5
MPms,20,24,44,0.45
MPnB,28,52,80,0.35
MPnD,6,7,13,0.46
MPnH,17,22,39,0.44
MPnI,7,6,13,0.54
MPnK,5,3,8,0.62
MPnL,14,12,26,0.54
MPnM,41,56,97,0.42
MPnN,51,61,112,0.46
MPnP,58,52,110,0.53
MPnS,20,40,60,0.33
MPnb,31,35,66,0.47
MPnh,2,5,7,0.29
MPnl,10,8,18,0.56
MPnm,58,35,93,0.62
MPnn,46,47,93,0.49
MPns,41,44,85,0.48
MPsB,16,22,38,0.42
MPsD,6,11,17,0.35
MPsH,31,20,51,0.61
MPsI,1,7,8,0.12
MPsL,8,10,18,0.44
MPsM,24,29,53,0.45
MPsN,41,28,69,0.59
MPsP,29,44,73,0.4
MPsS,26,28,54,0.48
MPsb,15,22,37,0.41
MPsh,4,0,4,1.0
MPsl,12,3,15,0.8
MPsm,32,28,60,0.53
MPsn,18,28,46,0.39
MPss,33,18,51,0.65
MPst,0,1,1,0.0
MPtB,4,0,4,1.0
MPtH,1,4,5,0.2
MPtL,2,1,3,0.67
MPtM,4,6,10,0.4
MPtN,3,4,7,0.43
MPtP,3,5,8,0.38
MPtS,3,1,4,0.75
MPtb,5,3,8,0.62
MPtl,1,2,3,0.33
MPtm,5,2,7,0.71
MPtn,3,6,9,0.33
MPts,1,3,4,0.25
MPtt,1,0,1,1.0
MSBB,22,19,41,0.54
MSBD,6,2,8,0.75
MSBH,1,0,1,1.0
MSBK,2,0,2,1.0
MSBL,3,3,6,0.5
MSBM,18,27,45,0.4
MSBN,22,26,48,0.46
MSBP,22,20,42,0.52
MSBS,18,10,28,0.64
MSBb,14,7,21,0.67
MSBh,0,4,4,0.0
MSBj,2,3,5,0.4
MSBl,7,4,11,0.64
MSBm,23,22,45,0.51
MSBn,21,19,40,0.52
MSBs,8,5,13,0.62
MSBt,2,4,6,0.33
MSDB,6,1,7,0.86
MSDD,3,3,6,0.5
MSDH,2,9,11,0.18
MSDI,1,0,1,1.0
MSDL,0,1,1,0.0
MSDM,9,10,19,0.47
MSDN,7,6,13,0.54
MSDP,7,6,13,0.54
MSDS,4,8,12,0.33
MSDb,4,3,7,0.57
MSDh,1,2,3,0.33
MSDl,1,2,3,0.33
MSDm,8,8,16,0.5
MSDn,3,4,7,0.43
MSDs,4,6,10,0.4
MSDt,0,1,1,0.0
MSHB,8,4,12,0.67
MSHD,1,5,6,0.17
MSHH,2,7,9,0.22
MSHI,2,0,2,1.0
MSHK,1,0,1,1.0
MSHL,2,1,3,0.67
MSHM,12,9,21,0.57
MSHN,6,7,13,0.46
MSHP,8,10,18,0.44
MSHS,12,15,27,0.44
MSHb,5,7,12,0.42
MSHh,3,4,7,0.43
MSHl,3,4,7,0.43
MSHm,6,9,15,0.4
MSHn,17,5,22,0.77
MSHs,9,10,19,0.47
MSHt,1,0,1,1.0
MSIB,0,2,2,0.0
MSID,0,0,0,
MSIH,0,2,2,0.0
MSIM,2,4,6,0.33
MSIN,0,0,0,
MSIP,1,1,2,0.5
MSIS,2,0,2,1.0
MSIb,1,1,2,0.5
MSIh,0,0,0,
MSIl,1,2,3,0.33
MSIm,4,1,5,0.8
MSIn,1,1,2,0.5
MSIs,1,0,1,1.0
MSKB,1,1,2,0.5
MSKM,0,1,1,0.0
MSKN,0,1,1,0.0
MSKP,1,2,3,0.33
MSKb,0,1,1,0.0
MSKl,0,0,0,
MSKn,2,0,2,1.0
MSKs,1,1,2,0.5
MSLB,2,8,10,0.2
MSLD,2,0,2,1.0
MSLL,0,1,1,0.0
MSLM,4,4,8,0.5
MSLN,8,8,16,0.5
MSLP,8,8,16,0.5
MSLS,2,5,7,0.29
MSLb,5,4,9,0.56
MSLh,3,3,6,0.5
MSLj,2,1,3,0.67
MSLl,6,3,9,0.67
MSLm,9,6,15,0.6
MSLn,7,6,13,0.54
MSLs,4,7,11,0.36
MSLt,1,1,2,0.5
MSMB,20,22,42,0.48
MSMD,1,6,7,0.14
MSMH,0,1,1,0.0
MSMK,1,0,1,1.0
MSML,7,4,11,0.64
MSMM,19,36,55,0.35
MSMN,20,20,40,0.5
MSMP,28,30,58,0.48
MSMS,25,18,43,0.58
MSMb,25,23,48,0.52
MSMh,19,20,39,0.49
MSMj,4,1,5,0.8
MSMl,8,2,10,0.8
MSMm,33,33,66,0.5
MSMn,21,27,48,0.44
MSMs,13,15,28,0.46
MSMt,0,3,3,0.0
MSNB,12,11,23,0.52
MSND,3,4,7,0.43
MSNH,4,5,9,0.44
MSNK,2,4,6,0.33
MSNL,9,7,16,0.56
MSNM,19,26,45,0.42
MSNN,27,21,48,0.56
MSNP,29,25,54,0.54
MSNS,15,24,39,0.38
MSNb,9,16,25,0.36
MSNh,6,6,12,0.5
MSNl,3,2,5,0.6
MSNm,34,16,50,0.68
MSNn,23,28,51,0.45
MSNs,19,11,30,0.63
MSNt,2,4,6,0.33
MSPB,27,23,50,0.54
MSPD,6,5,11,0.55
MSPH,10,6,16,0.62
MSPI,7,3,10,0.7
MSPK,8,4,12,0.67
MSPL,9,7,16,0.56
MSPM,19,35,54,0.35
MSPN,24,23,47,0.51
MSPP,36,33,69,0.52
MSPS,23,23,46,0.5
MSPb,19,20,39,0.49
MSPh,2,0,2,1.0
MSPl,11,8,19,0.58
MSPm,33,27,60,0.55
MSPn,21,21,42,0.5
MSPs,19,16,35,0.54
MSPt,1,4,5,0.2
MSSB,14,20,34,0.41
MSSD,7,4,11,0.64
MSSH,9,20,29,0.31
MSSI,2,2,4,0.5
MSSK,0,1,1,0.0
MSSL,4,1,5,0.8
MSSM,23,30,53,0.43
MSSN,10,16,26,0.38
MSSP,21,10,31,0.68
MSSS,36,46,82,0.44
MSSb,20,12,32,0.62
MSSh,7,11,18,0.39
MSSl,7,4,11,0.64
MSSm,36,22,58,0.62
MSSn,18,15,33,0.55
MSSs,34,28,62,0.55
MSSt,3,2,5,0.6
MSbB,10,12,22,0.45
MSbD,4,3,7,0.57
MSbH,5,2,7,0.71
MSbI,0,0,0,
MSbJ,4,4,8,0.5
MSbK,6,3,9,0.67
MSbL,3,5,8,0.38
MSbM,19,19,38,0.5
MSbN,19,25,44,0.43
MSbP,15,12,27,0.56
MSbS,10,14,24,0.42
MSbb,18,19,37,0.49
MSbh,0,1,1,0.0
MSbl,2,1,3,0.67
MSbm,19,6,25,0.76
MSbn,16,17,33,0.48
MSbs,11,6,17,0.65
MShB,8,9,17,0.47
MShD,3,1,4,0.75
MShH,1,1,2,0.5
MShI,2,1,3,0.67
MShK,1,0,1,1.0
MShL,6,0,6,1.0
MShM,11,18,29,0.38
MShN,11,17,28,0.39
MShP,16,11,27,0.59
MShS,12,6,18,0.67
MShb,7,5,12,0.58
MShh,17,8,25,0.68
MShl,0,1,1,0.0
MShm,12,13,25,0.48
MShn,6,12,18,0.33
MShs,16,12,28,0.57
MSht,1,1,2,0.5
MSlB,3,5,8,0.38
MSlD,2,0,2,1.0
MSlH,4,5,9,0.44
MSlI,1,2,3,0.33
MSlJ,1,5,6,0.17
MSlL,3,2,5,0.6
MSlM,9,12,21,0.43
MSlN,7,9,16,0.44
MSlP,8,9,17,0.47
MSlS,4,14,18,0.22
MSlb,7,3,10,0.7
MSll,1,2,3,0.33
MSlm,8,11,19,0.42
MSln,3,1,4,0.75
MSls,2,4,6,0.33
MSmB,30,20,50,0.6
MSmD,8,9,17,0.47
MSmH,16,27,43,0.37
MSmI,0,1,1,0.0
MSmJ,5,6,11,0.45
MSmK,0,4,4,0.0
MSmL,9,8,17,0.53
MSmM,37,41,78,0.47
MSmN,32,37,69,0.46
MSmP,20,28,48,0.42
MSmS,15,27,42,0.36
MSmb,22,23,45,0.49
MSmh,1,2,3,0.33
MSml,3,6,9,0.33
MSmm,28,31,59,0.47
MSmn,26,30,56,0.46
MSms,19,11,30,0.63
MSnB,13,11,24,0.54
MSnD,4,4,8,0.5
MSnH,13,22,35,0.37
MSnI,2,4,6,0.33
MSnK,1,4,5,0.2
MSnL,3,5,8,0.38
MSnM,15,22,37,0.41
MSnN,32,24,56,0.57
MSnP,34,27,61,0.56
MSnS,24,25,49,0.49
MSnb,15,12,27,0.56
MSnh,2,2,4,0.5
MSnl,10,9,19,0.53
MSnm,25,20,45,0.56
MSnn,22,24,46,0.48
MSns,20,14,34,0.59
MSsB,18,12,30,0.6
MSsD,13,3,16,0.81
MSsH,20,16,36,0.56
MSsI,3,5,8,0.38
MSsL,6,6,12,0.5
MSsM,25,25,50,0.5
MSsN,25,27,52,0.48
MSsP,14,25,39,0.36
MSsS,24,36,60,0.4
MSsb,9,19,28,0.32
MSsh,2,2,4,0.5
MSsl,6,3,9,0.67
MSsm,31,23,54,0.57
MSsn,10,16,26,0.38
MSss,24,13,37,0.65
MStB,1,8,9,0.11
MStD,2,0,2,1.0
MStH,1,4,5,0.2
MStL,1,1,2,0.5
MStM,3,4,7,0.43
MStN,5,1,6,0.83
MStP,5,5,10,0.5
MStS,2,3,5,0.4
MStb,0,3,3,0.0
MStl,2,2,4,0.5
MStm,6,5,11,0.55
MStn,2,2,4,0.5
MSts,3,0,3,1.0
MStt,1,1,2,0.5
MbBB,31,33,64,0.48
MbBD,4,9,13,0.31
MbBH,1,1,2,0.5
MbBK,3,3,6,0.5
MbBL,4,6,10,0.4
MbBM,24,26,50,0.48
MbBN,41,32,73,0.56
MbBP,40,33,73,0.55
MbBS,15,13,28,0.54
MbBb,21,19,40,0.52
MbBh,9,7,16,0.56
MbBj,4,10,14,0.29
MbBl,5,10,15,0.33
MbBm,30,29,59,0.51
MbBn,35,35,70,0.5
MbBs,16,13,29,0.55
MbBt,2,4,6,0.33
MbDB,5,3,8,0.62
MbDD,3,0,3,1.0
MbDH,6,6,12,0.5
MbDM,11,11,22,0.5
MbDN,5,7,12,0.42
MbDP,6,5,11,0.55
MbDS,12,3,15,0.8
MbDb,3,3,6,0.5
MbDl,1,1,2,0.5
MbDm,6,13,19,0.32
MbDn,3,3,6,0.5
MbDs,3,5,8,0.38
MbDt,0,1,1,0.0
MbHB,8,3,11,0.73
MbHD,0,3,3,0.0
MbHH,2,3,5,0.4
MbHI,3,1,4,0.75
MbHK,1,0,1,1.0
MbHL,3,4,7,0.43
MbHM,7,12,19,0.37
MbHN,8,14,22,0.36
MbHP,13,17,30,0.43
MbHS,11,10,21,0.52
MbHb,6,11,17,0.35
MbHh,10,3,13,0.77
MbHl,2,1,3,0.67
MbHm,5,7,12,0.42
MbHn,8,2,10,0.8
MbHs,7,5,12,0.58
MbHt,1,1,2,0.5
MbIB,3,1,4,0.75
MbIH,2,2,4,0.5
MbIL,0,1,1,0.0
MbIM,2,4,6,0.33
MbIN,5,4,9,0.56
MbIP,5,4,9,0.56
MbIS,3,1,4,0.75
MbIb,3,4,7,0.43
MbIl,1,0,1,1.0
MbIm,2,4,6,0.33
MbIn,7,2,9,0.78
MbIs,2,2,4,0.5
MbIt,1,0,1,1.0
MbJB,7,7,14,0.5
MbJD,3,1,4,0.75
MbJH,5,4,9,0.56
MbJI,2,0,2,1.0
MbJK,1,1,2,0.5
MbJL,2,3,5,0.4
MbJM,6,4,10,0.6
MbJN,7,9,16,0.44
MbJP,8,8,16,0.5
MbJS,4,4,8,0.5
MbJb,4,5,9,0.44
MbJh,3,1,4,0.75
MbJl,1,4,5,0.2
MbJm,8,12,20,0.4
MbJn,5,7,12,0.42
MbJs,7,3,10,0.7
MbJt,2,0,2,1.0
MbKB,2,5,7,0.29
MbKD,3,1,4,0.75
MbKH,2,1,3,0.67
MbKI,1,1,2,0.5
MbKL,2,0,2,1.0
MbKM,8,5,13,0.62
MbKN,2,4,6,0.33
MbKP,8,14,22,0.36
MbKS,3,4,7,0.43
MbKb,1,3,4,0.25
MbKh,6,14,20,0.3
MbKl,2,1,3,0.67
MbKm,8,3,11,0.73
MbKn,6,1,7,0.86
MbKs,7,5,12,0.58
MbKt,1,0,1,1.0
MbLB,10,10,20,0.5
MbLD,3,1,4,0.75
MbLI,1,0,1,1.0
MbLK,0,1,1,0.0
MbLL,0,2,2,0.0
MbLM,12,9,21,0.57
MbLN,11,6,17,0.65
MbLP,13,6,19,0.68
MbLS,0,6,6,0.0
MbLb,8,3,11,0.73
MbLh,3,4,7,0.43
MbLj,1,4,5,0.2
MbLl,1,1,2,0.5
MbLm,9,11,20,0.45
MbLn,12,10,22,0.55
MbLs,3,7,10,0.3
MbLt,4,1,5,0.8
MbMB,24,31,55,0.44
MbMD,10,9,19,0.53
MbMH,2,0,2,1.0
MbMI,0,0,0,
MbMK,1,0,1,1.0
MbML,6,3,9,0.67
MbMM,23,30,53,0.43
MbMN,28,36,64,0.44
MbMP,25,37,62,0.4
MbMS,20,20,40,0.5
MbMb,22,21,43,0.51
MbMh,32,34,66,0.48
MbMj,4,4,8,0.5
MbMl,8,10,18,0.44
MbMm,41,36,77,0.53
MbMn,51,33,84,0.61
MbMs,19,22,41,0.46
MbMt,2,2,4,0.5
MbNB,24,31,55,0.44
MbND,6,4,10,0.6
MbNH,9,9,18,0.5
MbNK,2,6,8,0.25
MbNL,9,11,20,0.45
MbNM,28,42,70,0.4
MbNN,60,58,118,0.51
MbNP,51,64,115,0.44
MbNS,25,31,56,0.45
MbNb,34,28,62,0.55
MbNh,17,11,28,0.61
MbNl,9,7,16,0.56
MbNm,37,30,67,0.55
MbNn,51,51,102,0.5
MbNs,18,39,57,0.32
MbNt,7,9,16,0.44
MbPB,27,35,62,0.44
MbPD,0,7,7,0.0
MbPH,11,9,20,0.55
MbPI,2,3,5,0.4
MbPK,9,7,16,0.56
MbPL,8,11,19,0.42
MbPM,34,43,77,0.44
MbPN,44,45,89,0.49
MbPP,52,55,107,0.49
MbPS,24,32,56,0.43
MbPb,30,19,49,0.61
MbPh,2,7,9,0.22
MbPl,7,16,23,0.3
MbPm,42,32,74,0.57
MbPn,48,33,81,0.59
MbPs,13,28,41,0.32
MbPt,5,4,9,0.56
MbSB,12,9,21,0.57
MbSD,7,1,8,0.88
MbSH,7,8,15,0.47
MbSI,1,3,4,0.25
MbSK,1,0,1,1.0
MbSL,8,4,12,0.67
MbSM,14,18,32,0.44
MbSN,17,18,35,0.49
MbSP,23,31,54,0.43
MbSS,24,16,40,0.6
MbSb,12,10,22,0.55
MbSh,15,8,23,0.65
MbSl,6,5,11,0.55
MbSm,22,12,34,0.65
MbSn,33,23,56,0.59
MbSs,23,17,40,0.57
MbSt,1,1,2,0.5
MbbB,28,25,53,0.53
MbbD,3,5,8,0.38
MbbH,9,10,19,0.47
MbbI,4,3,7,0.57
MbbJ,7,7,14,0.5
MbbK,3,5,8,0.38
MbbL,4,6,10,0.4
MbbM,23,24,47,0.49
MbbN,32,33,65,0.49
MbbP,31,46,77,0.4
MbbS,17,17,34,0.5
Mbbb,28,23,51,0.55
Mbbl,10,3,13,0.77
Mbbm,20,28,48,0.42
Mbbn,39,22,61,0.64
Mbbs,12,12,24,0.5
MbhP,0,0,0,
MbhS,1,0,1,1.0
Mbhb,2,0,2,1.0
Mbhm,0,1,1,0.0
MblB,4,11,15,0.27
MblD,0,1,1,0.0
MblH,4,4,8,0.5
MblI,1,0,1,1.0
MblJ,0,1,1,0.0
MblK,1,0,1,1.0
MblL,1,2,3,0.33
MblM,8,9,17,0.47
MblN,6,10,16,0.38
MblP,10,4,14,0.71
MblS,9,3,12,0.75
Mblb,8,4,12,0.67
Mbll,2,0,2,1.0
Mblm,6,6,12,0.5
Mbln,8,8,16,0.5
Mbls,4,2,6,0.67
MbmB,23,19,42,0.55
MbmD,5,4,9,0.56
MbmH,33,17,50,0.66
MbmI,1,1,2,0.5
MbmJ,2,12,14,0.14
MbmL,10,5,15,0.67
MbmM,41,34,75,0.55
MbmN,42,35,77,0.55
MbmP,41,30,71,0.58
MbmS,19,21,40,0.48
Mbmb,19,33,52,0.37
Mbml,5,5,10,0.5
Mbmm,38,30,68,0.56
Mbmn,39,32,71,0.55
Mbms,17,20,37,0.46
MbnB,26,27,53,0.49
MbnD,5,8,13,0.38
MbnH,20,13,33,0.61
MbnI,8,8,16,0.5
MbnK,1,5,6,0.17
MbnL,5,10,15,0.33
MbnM,31,25,56,0.55
MbnN,51,48,99,0.52
MbnP,56,43,99,0.57
MbnS,23,27,50,0.46
Mbnb,34,28,62,0.55
Mbnh,3,2,5,0.6
Mbnl,8,9,17,0.47
Mbnm,40,31,71,0.56
Mbnn,41,37,78,0.53
Mbns,22,28,50,0.44
Mbnt,1,0,1,1.0
MbsB,14,9,23,0.61
MbsD,8,2,10,0.8
MbsH,21,11,32,0.66
MbsI,3,4,7,0.43
MbsK,1,0,1,1.0
MbsL,4,3,7,0.57
MbsM,15,18,33,0.45
MbsN,22,21,43,0.51
MbsP,22,19,41,0.54
MbsS,17,26,43,0.4
Mbsb,15,8,23,0.65
Mbsh,1,1,2,0.5
Mbsl,2,4,6,0.33
Mbsm,13,15,28,0.46
Mbsn,19,16,35,0.54
Mbss,15,12,27,0.56
Mbst,1,2,3,0.33
Mbts,0,1,1,0.0
MhBB,20,27,47,0.43
MhBD,4,5,9,0.44
MhBK,3,4,7,0.43
MhBL,5,1,6,0.83
MhBM,17,21,38,0.45
MhBN,19,36,55,0.35
MhBP,23,30,53,0.43
MhBS,16,16,32,0.5
MhBb,23,17,40,0.57
MhBh,3,5,8,0.38
MhBj,6,9,15,0.4
MhBl,3,7,10,0.3
MhBm,35,32,67,0.52
MhBn,30,25,55,0.55
MhBs,15,8,23,0.65
MhBt,5,0,5,1.0
MhDB,3,5,8,0.38
MhDD,3,2,5,0.6
MhDH,6,8,14,0.43
MhDL,2,1,3,0.67
MhDM,5,12,17,0.29
MhDN,3,7,10,0.3
MhDP,5,8,13,0.38
MhDS,4,5,9,0.44
MhDb,1,6,7,0.14
MhDh,0,1,1,0.0
MhDl,3,1,4,0.75
MhDm,4,8,12,0.33
MhDn,7,4,11,0.64
MhDs,5,5,10,0.5
MhDt,1,1,2,0.5
MhHB,6,4,10,0.6
MhHD,0,0,0,
MhHH,5,2,7,0.71
MhHI,0,0,0,
MhHK,0,0,0,
MhHM,8,7,15,0.53
MhHN,4,5,9,0.44
MhHP,6,6,12,0.5
MhHS,9,9,18,0.5
MhHb,4,3,7,0.57
MhHh,3,4,7,0.43
MhHl,4,3,7,0.57
MhHm,9,6,15,0.6
MhHn,5,10,15,0.33
MhHs,9,7,16,0.56
MhIB,3,2,5,0.6
MhID,4,0,4,1.0
MhIH,5,3,8,0.62
MhII,0,0,0,
MhIL,0,1,1,0.0
MhIM,1,6,7,0.14
MhIN,3,1,4,0.75
MhIP,4,0,4,1.0
MhIS,4,2,6,0.67
MhIb,0,2,2,0.0
MhIh,0,1,1,0.0
MhIl,3,1,4,0.75
MhIm,4,4,8,0.5
MhIn,0,2,2,0.0
MhIs,4,4,8,0.5
MhIt,1,1,2,0.5
MhKB,2,0,2,1.0
MhKM,3,1,4,0.75
MhKN,2,3,5,0.4
MhKP,0,1,1,0.0
MhKS,0,1,1,0.0
MhKb,0,1,1,0.0
MhKh,0,0,0,
MhKl,1,0,1,1.0
MhKm,0,0,0,
MhKn,1,0,1,1.0
MhKs,1,0,1,1.0
MhKt,0,0,0,
MhLB,6,5,11,0.55
MhLK,1,1,2,0.5
MhLL,2,1,3,0.67
MhLM,7,7,14,0.5
MhLN,6,8,14,0.43
MhLP,6,12,18,0.33
MhLS,1,9,10,0.1
MhLb,12,4,16,0.75
MhLh,3,4,7,0.43
MhLj,2,0,2,1.0
MhLl,5,2,7,0.71
MhLm,4,4,8,0.5
MhLn,7,6,13,0.54
MhLs,2,4,6,0.33
MhLt,1,1,2,0.5
MhMB,27,48,75,0.36
MhMD,8,6,14,0.57
MhMH,0,2,2,0.0
MhMK,0,3,3,0.0
MhML,4,8,12,0.33
MhMM,24,46,70,0.34
MhMN,24,37,61,0.39
MhMP,36,37,73,0.49
MhMS,14,20,34,0.41
MhMb,18,34,52,0.35
MhMh,14,33,47,0.3
MhMj,4,3,7,0.57
MhMl,11,10,21,0.52
MhMm,41,30,71,0.58
MhMn,35,43,78,0.45
MhMs,21,11,32,0.66
MhMt,1,4,5,0.2
MhNB,25,18,43,0.58
MhND,4,4,8,0.5
MhNH,2,5,7,0.29
MhNI,1,0,1,1.0
MhNK,3,4,7,0.43
MhNL,5,6,11,0.45
MhNM,20,32,52,0.38
MhNN,29,28,57,0.51
MhNP,37,48,85,0.44
MhNS,25,22,47,0.53
MhNb,18,16,34,0.53
MhNh,8,3,11,0.73
MhNl,7,10,17,0.41
MhNm,36,20,56,0.64
MhNn,29,28,57,0.51
MhNs,14,18,32,0.44
MhNt,9,5,14,0.64
MhPB,24,31,55,0.44
MhPD,12,5,17,0.71
MhPH,10,16,26,0.38
MhPI,2,3,5,0.4
MhPK,6,5,11,0.55
MhPL,12,5,17,0.71
MhPM,33,41,74,0.45
MhPN,30,37,67,0.45
MhPP,49,42,91,0.54
MhPS,25,21,46,0.54
MhPb,27,13,40,0.68
MhPh,3,5,8,0.38
MhPl,16,14,30,0.53
MhPm,47,34,81,0.58
MhPn,32,20,52,0.62
MhPs,29,25,54,0.54
MhPt,3,3,6,0.5
MhSB,24,17,41,0.59
MhSD,4,4,8,0.5
MhSH,8,12,20,0.4
MhSI,1,0,1,1.0
MhSL,8,3,11,0.73
MhSM,29,32,61,0.48
MhSN,20,12,32,0.62
MhSP,21,29,50,0.42
MhSS,34,25,59,0.58
MhSb,9,19,28,0.32
MhSh,16,16,32,0.5
MhSl,3,6,9,0.33
MhSm,27,20,47,0.57
MhSn,16,19,35,0.46
MhSs,24,26,50,0.48
MhSt,0,2,2,0.0
MhbB,17,14,31,0.55
MhbD,3,3,6,0.5
MhbH,6,4,10,0.6
MhbI,3,1,4,0.75
MhbJ,10,5,15,0.67
MhbK,5,6,11,0.45
MhbL,6,8,14,0.43
MhbM,22,26,48,0.46
MhbN,30,28,58,0.52
MhbP,14,24,38,0.37
MhbS,19,8,27,0.7
Mhbb,24,21,45,0.53
Mhbl,5,6,11,0.45
Mhbm,26,13,39,0.67
Mhbn,21,27,48,0.44
Mhbs,10,11,21,0.48
MhhB,25,22,47,0.53
MhhD,3,3,6,0.5
MhhH,4,3,7,0.57
MhhI,4,3,7,0.57
MhhK,0,1,1,0.0
MhhL,10,11,21,0.48
MhhM,29,25,54,0.54
MhhN,19,15,34,0.56
MhhP,31,16,47,0.66
MhhS,28,25,53,0.53
Mhhb,20,15,35,0.57
Mhhh,24,33,57,0.42
Mhhl,8,8,16,0.5
Mhhm,34,23,57,0.6
Mhhn,25,18,43,0.58
Mhhs,16,12,28,0.57
Mhht,1,1,2,0.5
MhlB,5,12,17,0.29
MhlD,1,2,3,0.33
MhlH,5,7,12,0.42
MhlI,0,1,1,0.0
MhlJ,2,3,5,0.4
MhlK,1,0,1,1.0
MhlL,0,3,3,0.0
MhlM,7,18,25,0.28
MhlN,9,9,18,0.5
MhlP,9,8,17,0.53
MhlS,9,5,14,0.64
Mhlb,3,9,12,0.25
Mhll,3,1,4,0.75
Mhlm,13,9,22,0.59
Mhln,8,10,18,0.44
Mhls,6,4,10,0.6
MhmB,34,33,67,0.51
MhmD,14,6,20,0.7
MhmH,33,31,64,0.52
MhmI,1,3,4,0.25
MhmJ,5,9,14,0.36
MhmK,2,3,5,0.4
MhmL,12,14,26,0.46
MhmM,38,63,101,0.38
MhmN,43,49,92,0.47
MhmP,42,31,73,0.58
MhmS,33,30,63,0.52
Mhmb,27,24,51,0.53
Mhmh,0,0,0,
Mhml,8,5,13,0.62
Mhmm,52,36,88,0.59
Mhmn,36,26,62,0.58
Mhms,25,17,42,0.6
MhnB,21,17,38,0.55
MhnD,2,4,6,0.33
MhnH,14,11,25,0.56
MhnI,6,7,13,0.46
MhnK,3,7,10,0.3
MhnL,11,4,15,0.73
MhnM,18,36,54,0.33
MhnN,31,30,61,0.51
MhnP,43,35,78,0.55
MhnS,27,27,54,0.5
Mhnb,19,18,37,0.51
Mhnh,1,1,2,0.5
Mhnl,8,6,14,0.57
Mhnm,36,26,62,0.58
Mhnn,31,18,49,0.63
Mhns,25,20,45,0.56
MhsB,9,16,25,0.36
MhsD,3,4,7,0.43
MhsH,17,16,33,0.52
MhsI,2,6,8,0.25
MhsK,1,0,1,1.0
MhsL,7,4,11,0.64
MhsM,16,22,38,0.42
MhsN,21,21,42,0.5
MhsP,20,23,43,0.47
MhsS,34,25,59,0.58
Mhsb,20,11,31,0.65
Mhsh,2,4,6,0.33
Mhsl,3,6,9,0.33
Mhsm,22,24,46,0.48
Mhsn,13,19,32,0.41
Mhss,18,21,39,0.46
MhtB,1,1,2,0.5
MhtD,0,0,0,
MhtH,0,4,4,0.0
MhtM,3,3,6,0.5
MhtN,2,2,4,0.5
MhtP,1,6,7,0.14
MhtS,1,1,2,0.5
Mhtb,1,4,5,0.2
Mhtl,1,1,2,0.5
Mhtm,3,3,6,0.5
Mhtn,1,2,3,0.33
Mhts,2,1,3,0.67
Mhtt,1,0,1,1.0
MjBB,7,4,11,0.64
MjBD,0,0,0,
MjBK,0,1,1,0.0
MjBL,1,1,2,0.5
MjBM,3,4,7,0.43
MjBN,2,9,11,0.18
MjBP,4,2,6,0.67
MjBS,7,1,8,0.88
MjBb,6,5,11,0.55
MjBj,0,1,1,0.0
MjBl,0,2,2,0.0
MjBm,6,3,9,0.67
MjBn,5,6,11,0.45
MjBs,3,2,5,0.6
MjDB,0,1,1,0.0
MjDH,0,2,2,0.0
MjDL,1,0,1,1.0
MjDM,0,0,0,
MjDN,1,0,1,1.0
MjDP,1,0,1,1.0
MjDS,1,0,1,1.0
MjDb,0,1,1,0.0
MjDh,1,0,1,1.0
MjDm,1,1,2,0.5
MjDn,1,0,1,1.0
MjDs,0,1,1,0.0
MjHB,1,1,2,0.5
MjHI,1,0,1,1.0
MjHL,0,1,1,0.0
MjHM,0,2,2,0.0
MjHN,1,1,2,0.5
MjHP,2,1,3,0.67
MjHS,2,1,3,0.67
MjHb,1,1,2,0.5
MjHh,1,0,1,1.0
MjHm,1,1,2,0.5
MjHn,2,1,3,0.67
MjHs,1,0,1,1.0
MjHt,0,0,0,
MjIB,1,0,1,1.0
MjIL,0,2,2,0.0
MjIM,2,0,2,1.0
MjIN,1,0,1,1.0
MjIP,4,2,6,0.67
MjIb,0,1,1,0.0
MjIm,3,2,5,0.6
MjIt,0,1,1,0.0
MjKB,0,1,1,0.0
MjKL,0,1,1,0.0
MjKM,1,0,1,1.0
MjKN,2,0,2,1.0
MjKS,0,1,1,0.0
MjKb,1,2,3,0.33
MjKn,1,0,1,1.0
MjKt,0,0,0,
MjLB,2,2,4,0.5
MjLL,1,0,1,1.0
MjLM,0,4,4,0.0
MjLN,3,0,3,1.0
MjLP,5,2,7,0.71
MjLS,0,1,1,0.0
MjLb,1,2,3,0.33
MjLh,3,0,3,1.0
MjLl,0,1,1,0.0
MjLm,1,1,2,0.5
MjLn,2,2,4,0.5
MjLs,3,0,3,1.0
MjMB,2,6,8,0.25
MjMD,0,1,1,0.0
MjML,0,2,2,0.0
MjMM,5,5,10,0.5
MjMN,4,8,12,0.33
MjMP,5,6,11,0.45
MjMS,0,2,2,0.0
MjMb,8,1,9,0.89
MjMh,0,4,4,0.0
MjMj,0,2,2,0.0
MjMl,3,0,3,1.0
MjMm,8,7,15,0.53
MjMn,9,5,14,0.64
MjMs,2,3,5,0.4
MjNB,4,3,7,0.57
MjND,3,0,3,1.0
MjNH,2,1,3,0.67
MjNK,0,1,1,0.0
MjNL,1,2,3,0.33
MjNM,4,2,6,0.67
MjNN,2,5,7,0.29
MjNP,4,5,9,0.44
MjNS,0,4,4,0.0
MjNb,4,2,6,0.67
MjNh,3,2,5,0.6
MjNl,0,3,3,0.0
MjNm,6,2,8,0.75
MjNn,6,6,12,0.5
MjNs,4,7,11,0.36
MjNt,3,2,5,0.6
MjPB,3,3,6,0.5
MjPD,1,2,3,0.33
MjPH,1,1,2,0.5
MjPI,1,0,1,1.0
MjPK,1,1,2,0.5
MjPL,10,1,11,0.91
MjPM,4,8,12,0.33
MjPN,6,4,10,0.6
MjPP,5,4,9,0.56
MjPS,3,8,11,0.27
MjPb,6,6,12,0.5
MjPl,4,2,6,0.67
MjPm,5,6,11,0.45
MjPn,10,5,15,0.67
MjPs,4,3,7,0.57
MjPt,0,1,1,0.0
MjSB,6,3,9,0.67
MjSD,1,0,1,1.0
MjSH,1,0,1,1.0
MjSL,1,0,1,1.0
MjSM,3,2,5,0.6
MjSN,1,1,2,0.5
MjSP,5,2,7,0.71
MjSS,7,2,9,0.78
MjSb,1,2,3,0.33
MjSh,2,3,5,0.4
MjSl,3,1,4,0.75
MjSm,3,6,9,0.33
MjSn,4,3,7,0.57
MjSs,2,2,4,0.5
MjbB,6,4,10,0.6
MjbD,0,2,2,0.0
MjbH,0,5,5,0.0
MjbJ,2,1,3,0.67
MjbK,1,0,1,1.0
MjbL,1,1,2,0.5
MjbM,5,6,11,0.45
MjbN,3,2,5,0.6
MjbP,2,5,7,0.29
MjbS,0,5,5,0.0
Mjbb,5,2,7,0.71
Mjbl,1,3,4,0.25
Mjbm,8,3,11,0.73
Mjbn,3,3,6,0.5
Mjbs,2,0,2,1.0
MjhN,1,3,4,0.25
MjhP,2,0,2,1.0
Mjhh,1,0,1,1.0
Mjhm,1,0,1,1.0
Mjhn,0,1,1,0.0
Mjhs,0,3,3,0.0
MjlB,0,3,3,0.0
MjlH,1,0,1,1.0
MjlJ,0,1,1,0.0
MjlM,2,3,5,0.4
MjlN,3,4,7,0.43
MjlP,0,2,2,0.0
MjlS,1,3,4,0.25
Mjlb,0,0,0,
Mjll,1,0,1,1.0
Mjlm,0,0,0,
Mjln,0,1,1,0.0
Mjls,0,1,1,0.0
MjmB,3,6,9,0.33
MjmD,0,2,2,0.0
MjmH,8,6,14,0.57
MjmJ,1,3,4,0.25
MjmL,3,3,6,0.5
MjmM,6,8,14,0.43
MjmN,4,5,9,0.44
MjmP,3,9,12,0.25
MjmS,5,3,8,0.62
Mjmb,6,3,9,0.67
Mjmh,0,1,1,0.0
Mjml,0,1,1,0.0
Mjmm,8,8,16,0.5
Mjmn,4,1,5,0.8
Mjms,3,2,5,0.6
MjnB,4,11,15,0.27
MjnD,2,2,4,0.5
MjnH,2,1,3,0.67
MjnI,1,2,3,0.33
MjnK,1,0,1,1.0
MjnL,0,1,1,0.0
MjnM,5,3,8,0.62
MjnN,5,3,8,0.62
MjnP,6,5,11,0.55
MjnS,4,6,10,0.4
Mjnb,5,6,11,0.45
Mjnl,4,1,5,0.8
Mjnm,4,5,9,0.44
Mjnn,5,4,9,0.56
Mjns,4,8,12,0.33
MjsB,3,1,4,0.75
MjsD,0,1,1,0.0
MjsH,3,4,7,0.43
MjsL,0,4,4,0.0
MjsM,2,2,4,0.5
MjsN,3,4,7,0.43
MjsP,5,4,9,0.56
MjsS,6,3,9,0.67
Mjsb,1,3,4,0.25
Mjsh,0,1,1,0.0
Mjsl,1,2,3,0.33
Mjsm,2,3,5,0.4
Mjsn,1,3,4,0.25
Mjss,2,2,4,0.5
MjtB,2,0,2,1.0
MjtH,1,0,1,1.0
MjtL,1,1,2,0.5
MjtN,0,0,0,
MjtP,0,2,2,0.0
MjtS,1,0,1,1.0
Mjtn,1,0,1,1.0
MlBB,6,15,21,0.29
MlBD,3,2,5,0.6
MlBK,1,2,3,0.33
MlBL,2,6,8,0.25
MlBM,11,6,17,0.65
MlBN,11,12,23,0.48
MlBP,6,5,11,0.55
MlBS,3,5,8,0.38
MlBb,7,5,12,0.58
MlBh,1,0,1,1.0
MlBj,0,1,1,0.0
MlBl,1,6,7,0.14
MlBm,12,8,20,0.6
MlBn,18,6,24,0.75
MlBs,5,9,14,0.36
MlBt,2,0,2,1.0
MlDB,2,1,3,0.67
MlDD,1,1,2,0.5
MlDH,1,1,2,0.5
MlDI,0,1,1,0.0
MlDL,1,0,1,1.0
MlDM,0,4,4,0.0
MlDN,1,1,2,0.5
MlDP,1,1,2,0.5
MlDS,0,0,0,
MlDb,0,4,4,0.0
MlDl,0,0,0,
MlDm,4,2,6,0.67
MlDn,1,0,1,1.0
MlDs,0,1,1,0.0
MlDt,0,0,0,
MlHB,7,4,11,0.64
MlHD,1,0,1,1.0
MlHH,1,1,2,0.5
MlHI,0,2,2,0.0
MlHK,0,1,1,0.0
MlHL,1,1,2,0.5
MlHM,5,4,9,0.56
MlHN,14,4,18,0.78
MlHP,11,8,19,0.58
MlHS,9,9,18,0.5
MlHb,4,2,6,0.67
MlHh,5,2,7,0.71
MlHl,0,1,1,0.0
MlHm,9,4,13,0.69
MlHn,6,5,11,0.55
MlHs,6,7,13,0.46
MlHt,2,0,2,1.0
MlID,1,0,1,1.0
MlIH,1,0,1,1.0
MlII,0,1,1,0.0
MlIL,1,1,2,0.5
MlIM,4,5,9,0.44
MlIN,3,0,3,1.0
MlIP,1,1,2,0.5
MlIS,2,1,3,0.67
MlIb,2,1,3,0.67
MlIh,0,0,0,
MlIs,0,1,1,0.0
MlIt,0,1,1,0.0
MlJB,1,2,3,0.33
MlJD,2,0,2,1.0
MlJH,5,4,9,0.56
MlJL,1,1,2,0.5
MlJM,5,1,6,0.83
MlJN,3,4,7,0.43
MlJP,5,8,13,0.38
MlJS,4,4,8,0.5
MlJb,1,4,5,0.2
MlJl,2,0,2,1.0
MlJm,3,2,5,0.6
MlJn,2,0,2,1.0
MlJs,1,3,4,0.25
MlKB,1,0,1,1.0
MlKL,0,1,1,0.0
MlKM,0,1,1,0.0
MlKN,2,2,4,0.5
MlKP,2,0,2,1.0
MlKh,2,1,3,0.67
MlKm,1,0,1,1.0
MlKn,0,3,3,0.0
MlLB,5,3,8,0.62
MlLD,0,1,1,0.0
MlLK,1,0,1,1.0
MlLL,3,4,7,0.43
MlLM,5,2,7,0.71
MlLN,4,3,7,0.57
MlLP,5,4,9,0.56
MlLS,4,3,7,0.57
MlLb,1,3,4,0.25
MlLj,1,1,2,0.5
MlLl,0,1,1,0.0
MlLm,2,1,3,0.67
MlLn,6,2,8,0.75
MlLs,4,2,6,0.67
MlMB,10,13,23,0.43
MlMD,3,1,4,0.75
MlMH,1,0,1,1.0
MlMK,0,0,0,
MlML,2,3,5,0.4
MlMM,9,13,22,0.41
MlMN,9,15,24,0.38
MlMP,13,12,25,0.52
MlMS,5,7,12,0.42
MlMb,14,5,19,0.74
MlMh,6,5,11,0.55
MlMj,5,2,7,0.71
MlMl,5,4,9,0.56
MlMm,11,15,26,0.42
MlMn,14,25,39,0.36
MlMs,5,5,10,0.5
MlMt,1,0,1,1.0
MlNB,7,5,12,0.58
MlND,2,5,7,0.29
MlNH,3,2,5,0.6
MlNI,0,0,0,
MlNL,2,5,7,0.29
MlNM,13,13,26,0.5
MlNN,14,15,29,0.48
MlNP,18,17,35,0.51
MlNS,9,11,20,0.45
MlNb,5,12,17,0.29
MlNh,1,6,7,0.14
MlNl,3,2,5,0.6
MlNm,25,11,36,0.69
MlNn,15,18,33,0.45
MlNs,10,9,19,0.53
MlNt,3,5,8,0.38
MlPB,9,15,24,0.38
MlPD,6,4,10,0.6
MlPH,4,5,9,0.44
MlPI,2,1,3,0.67
MlPK,0,4,4,0.0
MlPL,1,3,4,0.25
MlPM,8,13,21,0.38
MlPN,11,17,28,0.39
MlPP,23,20,43,0.53
MlPS,5,6,11,0.45
MlPb,16,8,24,0.67
MlPh,2,0,2,1.0
MlPl,5,8,13,0.38
MlPm,13,10,23,0.57
MlPn,18,12,30,0.6
MlPs,7,5,12,0.58
MlPt,4,2,6,0.67
MlSB,7,3,10,0.7
MlSD,4,3,7,0.57
MlSH,3,0,3,1.0
MlSL,0,3,3,0.0
MlSM,3,8,11,0.27
MlSN,6,7,13,0.46
MlSP,11,8,19,0.58
MlSS,14,9,23,0.61
MlSb,4,5,9,0.44
MlSh,2,6,8,0.25
MlSl,4,3,7,0.57
MlSm,10,8,18,0.56
MlSn,7,7,14,0.5
MlSs,11,9,20,0.55
MlSt,2,1,3,0.67
MlbB,2,7,9,0.22
MlbD,1,1,2,0.5
MlbH,2,2,4,0.5
MlbJ,1,1,2,0.5
MlbK,1,1,2,0.5
MlbL,1,4,5,0.2
MlbM,8,10,18,0.44
MlbN,10,8,18,0.56
MlbP,11,7,18,0.61
MlbS,1,6,7,0.14
Mlbb,8,8,16,0.5
Mlbl,2,3,5,0.4
Mlbm,4,3,7,0.57
Mlbn,8,7,15,0.53
Mlbs,4,3,7,0.57
Mlhb,1,0,1,1.0
Mlhm,0,0,0,
Mlhn,1,0,1,1.0
MllB,2,2,4,0.5
MllD,1,0,1,1.0
MllH,0,3,3,0.0
MllI,1,0,1,1.0
MllJ,2,0,2,1.0
MllK,0,1,1,0.0
MllL,0,2,2,0.0
MllM,3,6,9,0.33
MllN,6,3,9,0.67
MllP,4,2,6,0.67
MllS,2,2,4,0.5
Mllb,3,3,6,0.5
Mllm,6,5,11,0.55
Mlln,2,2,4,0.5
Mlls,0,1,1,0.0
MlmB,11,11,22,0.5
MlmD,3,3,6,0.5
MlmH,9,8,17,0.53
MlmI,2,0,2,1.0
MlmJ,3,2,5,0.6
MlmL,7,1,8,0.88
MlmM,7,17,24,0.29
MlmN,10,13,23,0.43
MlmP,12,11,23,0.52
MlmS,7,4,11,0.64
Mlmb,9,10,19,0.47
Mlml,3,0,3,1.0
Mlmm,9,13,22,0.41
Mlmn,18,9,27,0.67
Mlms,4,9,13,0.31
MlnB,6,10,16,0.38
MlnD,2,6,8,0.25
MlnH,6,7,13,0.46
MlnI,2,1,3,0.67
MlnK,0,2,2,0.0
MlnL,3,3,6,0.5
MlnM,6,9,15,0.4
MlnN,7,14,21,0.33
MlnP,12,9,21,0.57
MlnS,2,12,14,0.14
Mlnb,9,10,19,0.47
Mlnh,0,1,1,0.0
Mlnl,3,4,7,0.43
Mlnm,16,7,23,0.7
Mlnn,13,11,24,0.54
Mlns,11,1,12,0.92
Mlnt,1,0,1,1.0
MlsB,3,4,7,0.43
MlsD,2,0,2,1.0
MlsH,10,5,15,0.67
MlsI,0,1,1,0.0
MlsL,3,1,4,0.75
MlsM,6,9,15,0.4
MlsN,6,13,19,0.32
MlsP,9,6,15,0.6
MlsS,10,9,19,0.53
Mlsb,7,6,13,0.54
Mlsh,1,0,1,1.0
Mlsl,2,2,4,0.5
Mlsm,9,1,10,0.9
Mlsn,6,5,11,0.55
Mlss,6,6,12,0.5
MmBB,35,33,68,0.51
MmBD,8,11,19,0.42
MmBK,4,6,10,0.4
MmBL,8,7,15,0.53
MmBM,30,43,73,0.41
MmBN,51,54,105,0.49
MmBP,43,44,87,0.49
MmBS,18,30,48,0.38
MmBb,35,31,66,0.53
MmBh,9,6,15,0.6
MmBj,4,8,12,0.33
MmBl,8,12,20,0.4
MmBm,60,45,105,0.57
MmBn,51,51,102,0.5
MmBs,28,24,52,0.54
MmBt,6,5,11,0.55
MmDB,14,13,27,0.52
MmDD,0,6,6,0.0
MmDH,11,17,28,0.39
MmDI,1,2,3,0.33
MmDL,4,5,9,0.44
MmDM,12,22,34,0.35
MmDN,16,21,37,0.43
MmDP,20,9,29,0.69
MmDS,14,17,31,0.45
MmDb,6,7,13,0.46
MmDh,0,1,1,0.0
MmDl,3,4,7,0.43
MmDm,28,16,44,0.64
MmDn,10,7,17,0.59
MmDs,13,6,19,0.68
MmDt,0,0,0,
MmHB,34,20,54,0.63
MmHD,11,9,20,0.55
MmHH,10,9,19,0.53
MmHI,2,3,5,0.4
MmHK,2,1,3,0.67
MmHL,7,2,9,0.78
MmHM,42,42,84,0.5
MmHN,41,43,84,0.49
MmHP,49,43,92,0.53
MmHS,30,29,59,0.51
MmHb,24,29,53,0.45
MmHh,24,20,44,0.55
MmHl,6,5,11,0.55
MmHm,60,51,111,0.54
MmHn,34,32,66,0.52
MmHs,29,28,57,0.51
MmHt,1,3,4,0.25
MmIB,4,1,5,0.8
MmID,4,1,5,0.8
MmIH,1,5,6,0.17
MmII,1,0,1,1.0
MmIK,1,0,1,1.0
MmIL,2,1,3,0.67
MmIM,2,6,8,0.25
MmIN,6,4,10,0.6
MmIP,5,4,9,0.56
MmIS,6,1,7,0.86
MmIb,4,3,7,0.57
MmIl,1,2,3,0.33
MmIm,4,2,6,0.67
MmIn,7,4,11,0.64
MmIs,2,2,4,0.5
MmJB,8,4,12,0.67
MmJD,1,4,5,0.2
MmJH,5,4,9,0.56
MmJI,1,2,3,0.33
MmJK,2,1,3,0.67
MmJL,1,2,3,0.33
MmJM,7,10,17,0.41
MmJN,9,13,22,0.41
MmJP,8,14,22,0.36
MmJS,3,5,8,0.38
MmJb,8,7,15,0.53
MmJh,0,1,1,0.0
MmJl,2,0,2,1.0
MmJm,6,12,18,0.33
MmJn,7,15,22,0.32
MmJs,5,2,7,0.71
MmJt,1,2,3,0.33
MmKB,2,2,4,0.5
MmKD,2,0,2,1.0
MmKH,0,0,0,
MmKI,1,0,1,1.0
MmKM,0,3,3,0.0
MmKN,1,2,3,0.33
MmKP,1,1,2,0.5
MmKS,3,2,5,0.6
MmKb,1,0,1,1.0
MmKh,1,0,1,1.0
MmKm,3,0,3,1.0
MmKn,0,2,2,0.0
MmKs,2,1,3,0.67
MmLB,11,9,20,0.55
MmLD,2,2,4,0.5
MmLK,2,0,2,1.0
MmLL,4,5,9,0.44
MmLM,12,18,30,0.4
MmLN,9,11,20,0.45
MmLP,9,15,24,0.38
MmLS,9,4,13,0.69
MmLb,3,8,11,0.27
MmLh,3,7,10,0.3
MmLl,3,3,6,0.5
MmLm,15,12,27,0.56
MmLn,11,23,34,0.32
MmLs,9,9,18,0.5
MmLt,3,0,3,1.0
MmMB,32,45,77,0.42
MmMD,13,10,23,0.57
MmMH,2,1,3,0.67
MmMI,1,0,1,1.0
MmMK,1,4,5,0.2
MmML,9,13,22,0.41
MmMM,43,49,92,0.47
MmMN,46,63,109,0.42
MmMP,58,62,120,0.48
MmMS,40,38,78,0.51
MmMb,37,34,71,0.52
MmMh,52,57,109,0.48
MmMj,5,9,14,0.36
MmMl,12,7,19,0.63
MmMm,83,51,134,0.62
MmMn,78,74,152,0.51
MmMs,31,39,70,0.44
MmMt,8,4,12,0.67
MmNB,26,37,63,0.41
MmND,8,21,29,0.28
MmNH,14,16,30,0.47
MmNI,1,1,2,0.5
MmNK,3,5,8,0.38
MmNL,16,17,33,0.48
MmNM,46,60,106,0.43
MmNN,81,76,157,0.52
MmNP,77,63,140,0.55
MmNS,43,39,82,0.52
MmNb,35,49,84,0.42
MmNh,22,22,44,0.5
MmNl,8,12,20,0.4
MmNm,53,48,101,0.52
MmNn,97,69,166,0.58
MmNs,42,43,85,0.49
MmNt,9,9,18,0.5
MmPB,38,40,78,0.49
MmPD,14,8,22,0.64
MmPH,8,12,20,0.4
MmPI,13,4,17,0.76
MmPK,4,8,12,0.33
MmPL,20,15,35,0.57
MmPM,59,51,110,0.54
MmPN,56,55,111,0.5
MmPP,73,76,149,0.49
MmPS,32,43,75,0.43
MmPb,36,41,77,0.47
MmPh,6,8,14,0.43
MmPl,11,7,18,0.61
MmPm,70,41,111,0.63
MmPn,54,58,112,0.48
MmPs,30,29,59,0.51
MmPt,1,7,8,0.12
MmSB,27,27,54,0.5
MmSD,9,10,19,0.47
MmSH,13,10,23,0.57
MmSI,4,0,4,1.0
MmSL,6,11,17,0.35
MmSM,33,37,70,0.47
MmSN,46,42,88,0.52
MmSP,40,31,71,0.56
MmSS,38,32,70,0.54
MmSb,24,26,50,0.48
MmSh,15,25,40,0.38
MmSl,7,9,16,0.44
MmSm,53,50,103,0.51
MmSn,40,34,74,0.54
MmSs,32,32,64,0.5
MmSt,3,4,7,0.43
MmbB,36,22,58,0.62
MmbD,3,9,12,0.25
MmbH,11,13,24,0.46
MmbI,6,4,10,0.6
MmbJ,18,10,28,0.64
MmbK,5,10,15,0.33
MmbL,7,3,10,0.7
MmbM,38,46,84,0.45
MmbN,41,45,86,0.48
MmbP,45,36,81,0.56
MmbS,16,22,38,0.42
Mmbb,43,25,68,0.63
Mmbh,0,0,0,
Mmbl,11,7,18,0.61
Mmbm,35,26,61,0.57
Mmbn,46,38,84,0.55
Mmbs,16,14,30,0.53
MmhI,1,0,1,1.0
MmhM,2,0,2,1.0
MmhN,0,0,0,
MmhP,0,0,0,
MmhS,0,0,0,
Mmhb,0,0,0,
Mmhl,0,1,1,0.0
Mmhm,3,1,4,0.75
Mmhn,2,1,3,0.67
Mmhs,0,1,1,0.0
Mmht,1,0,1,1.0
MmlB,7,11,18,0.39
MmlD,3,2,5,0.6
MmlH,5,3,8,0.62
MmlJ,4,2,6,0.67
MmlL,2,3,5,0.4
MmlM,8,8,16,0.5
MmlN,10,10,20,0.5
MmlP,16,14,30,0.53
MmlS,4,9,13,0.31
Mmlb,8,3,11,0.73
Mmll,3,4,7,0.43
Mmlm,8,10,18,0.44
Mmln,10,6,16,0.62
Mmls,3,9,12,0.25
MmmB,37,38,75,0.49
MmmD,19,17,36,0.53
MmmH,42,35,77,0.55
MmmI,5,4,9,0.56
MmmJ,7,9,16,0.44
MmmK,0,2,2,0.0
MmmL,13,10,23,0.57
MmmM,53,70,123,0.43
MmmN,60,54,114,0.53
MmmP,60,46,106,0.57
MmmS,36,32,68,0.53
Mmmb,41,31,72,0.57
Mmmh,1,1,2,0.5
Mmml,8,3,11,0.73
Mmmm,59,49,108,0.55
Mmmn,49,42,91,0.54
Mmms,24,36,60,0.4
Mmmt,1,0,1,1.0
MmnB,35,28,63,0.56
MmnD,9,10,19,0.47
MmnH,29,30,59,0.49
MmnI,8,7,15,0.53
MmnK,1,4,5,0.2
MmnL,11,8,19,0.58
MmnM,43,62,105,0.41
MmnN,77,80,157,0.49
MmnP,66,60,126,0.52
MmnS,29,35,64,0.45
Mmnb,31,24,55,0.56
Mmnh,3,2,5,0.6
Mmnl,6,8,14,0.43
Mmnm,51,40,91,0.56
Mmnn,59,60,119,0.5
Mmns,29,25,54,0.54
Mmnt,0,1,1,0.0
MmsB,28,18,46,0.61
MmsD,9,11,20,0.45
MmsH,27,30,57,0.47
MmsI,6,1,7,0.86
MmsK,0,1,1,0.0
MmsL,12,9,21,0.57
MmsM,22,27,49,0.45
MmsN,32,36,68,0.47
MmsP,37,27,64,0.58
MmsS,31,18,49,0.63
Mmsb,17,12,29,0.59
Mmsh,0,1,1,0.0
Mmsl,4,2,6,0.67
Mmsm,30,33,63,0.48
Mmsn,37,25,62,0.6
Mmss,26,25,51,0.51
Mmst,1,0,1,1.0
MnBB,31,43,74,0.42
MnBD,4,9,13,0.31
MnBH,0,0,0,
MnBK,7,4,11,0.64
MnBL,7,10,17,0.41
MnBM,26,32,58,0.45
MnBN,50,53,103,0.49
MnBP,36,52,88,0.41
MnBS,14,26,40,0.35
MnBb,28,23,51,0.55
MnBh,4,3,7,0.57
MnBj,10,4,14,0.71
MnBl,13,10,23,0.57
MnBm,37,33,70,0.53
MnBn,72,54,126,0.57
MnBs,14,16,30,0.47
MnBt,6,5,11,0.55
MnDB,6,7,13,0.46
MnDD,3,2,5,0.6
MnDH,6,3,9,0.67
MnDI,1,0,1,1.0
MnDL,3,0,3,1.0
MnDM,11,18,29,0.38
MnDN,9,4,13,0.69
MnDP,10,11,21,0.48
MnDS,12,10,22,0.55
MnDb,7,10,17,0.41
MnDh,0,1,1,0.0
MnDl,1,4,5,0.2
MnDm,16,8,24,0.67
MnDn,14,9,23,0.61
MnDs,11,10,21,0.52
MnDt,2,3,5,0.4
MnHB,18,7,25,0.72
MnHD,5,5,10,0.5
MnHH,7,4,11,0.64
MnHI,4,9,13,0.31
MnHK,1,1,2,0.5
MnHL,5,5,10,0.5
MnHM,16,25,41,0.39
MnHN,29,43,72,0.4
MnHP,40,35,75,0.53
MnHS,17,16,33,0.52
MnHb,15,15,30,0.5
MnHh,14,13,27,0.52
MnHl,6,9,15,0.4
MnHm,26,27,53,0.49
MnHn,31,23,54,0.57
MnHs,18,14,32,0.56
MnHt,1,0,1,1.0
MnIB,5,7,12,0.42
MnID,4,0,4,1.0
MnIH,7,9,16,0.44
MnII,1,0,1,1.0
MnIL,1,2,3,0.33
MnIM,3,7,10,0.3
MnIN,8,14,22,0.36
MnIP,14,8,22,0.64
MnIS,5,9,14,0.36
MnIb,4,4,8,0.5
MnIl,1,1,2,0.5
MnIm,12,14,26,0.46
MnIn,15,11,26,0.58
MnIs,3,3,6,0.5
MnIt,1,0,1,1.0
MnKB,3,5,8,0.38
MnKD,1,1,2,0.5
MnKH,0,0,0,
MnKK,0,1,1,0.0
MnKL,2,1,3,0.67
MnKM,3,14,17,0.18
MnKN,3,7,10,0.3
MnKP,9,6,15,0.6
MnKS,3,4,7,0.43
MnKb,1,2,3,0.33
MnKh,2,6,8,0.25
MnKl,1,2,3,0.33
MnKm,8,9,17,0.47
MnKn,6,5,11,0.55
MnKs,5,3,8,0.62
MnKt,0,0,0,
MnLB,12,15,27,0.44
MnLD,1,2,3,0.33
MnLK,0,0,0,
MnLL,5,2,7,0.71
MnLM,11,7,18,0.61
MnLN,19,8,27,0.7
MnLP,15,19,34,0.44
MnLS,5,4,9,0.56
MnLb,7,5,12,0.58
MnLh,4,5,9,0.44
MnLj,1,4,5,0.2
MnLl,5,2,7,0.71
MnLm,16,14,30,0.53
MnLn,16,17,33,0.48
MnLs,9,11,20,0.45
MnLt,3,3,6,0.5
MnMB,39,43,82,0.48
MnMD,9,10,19,0.47
MnMI,1,0,1,1.0
MnML,7,10,17,0.41
MnMM,40,56,96,0.42
MnMN,41,38,79,0.52
MnMP,49,42,91,0.54
MnMS,20,21,41,0.49
MnMb,29,31,60,0.48
MnMh,37,39,76,0.49
MnMj,7,7,14,0.5
MnMl,7,8,15,0.47
MnMm,64,46,110,0.58
MnMn,55,73,128,0.43
MnMs,33,33,66,0.5
MnMt,4,6,10,0.4
MnNB,42,47,89,0.47
MnND,18,14,32,0.56
MnNH,13,8,21,0.62
MnNI,2,3,5,0.4
MnNK,5,8,13,0.38
MnNL,15,16,31,0.48
MnNM,68,80,148,0.46
MnNN,92,101,193,0.48
MnNP,85,86,171,0.5
MnNS,37,50,87,0.43
MnNb,38,48,86,0.44
MnNh,26,17,43,0.6
MnNl,14,15,29,0.48
MnNm,59,59,118,0.5
MnNn,100,108,208,0.48
MnNs,49,43,92,0.53
MnNt,7,12,19,0.37
MnPB,48,56,104,0.46
MnPD,16,6,22,0.73
MnPH,25,21,46,0.54
MnPI,17,11,28,0.61
MnPK,10,7,17,0.59
MnPL,22,20,42,0.52
MnPM,56,70,126,0.44
MnPN,71,69,140,0.51
MnPP,82,73,155,0.53
MnPS,45,56,101,0.45
MnPb,46,47,93,0.49
MnPh,8,11,19,0.42
MnPl,20,20,40,0.5
MnPm,68,75,143,0.48
MnPn,84,70,154,0.55
MnPs,55,52,107,0.51
MnPt,3,8,11,0.27
MnSB,25,27,52,0.48
MnSD,11,10,21,0.52
MnSH,11,15,26,0.42
MnSK,0,1,1,0.0
MnSL,10,6,16,0.62
MnSM,29,46,75,0.39
MnSN,33,31,64,0.52
MnSP,19,42,61,0.31
MnSS,37,52,89,0.42
MnSb,28,16,44,0.64
MnSh,16,18,34,0.47
MnSl,9,12,21,0.43
MnSm,43,25,68,0.63
MnSn,41,46,87,0.47
MnSs,36,40,76,0.47
MnSt,8,5,13,0.62
MnbB,28,25,53,0.53
MnbD,5,3,8,0.62
MnbH,14,5,19,0.74
MnbI,3,2,5,0.6
MnbJ,11,6,17,0.65
MnbK,4,11,15,0.27
MnbL,8,12,20,0.4
MnbM,34,39,73,0.47
MnbN,43,49,92,0.47
MnbP,35,39,74,0.47
MnbS,23,18,41,0.56
Mnbb,26,29,55,0.47
Mnbh,0,1,1,0.0
Mnbl,6,13,19,0.32
Mnbm,42,24,66,0.64
Mnbn,30,35,65,0.46
Mnbs,21,17,38,0.55
MnhB,1,1,2,0.5
MnhD,0,0,0,
MnhL,1,0,1,1.0
MnhM,1,5,6,0.17
MnhN,3,4,7,0.43
MnhP,3,3,6,0.5
MnhS,3,0,3,1.0
Mnhb,4,1,5,0.8
Mnhh,1,2,3,0.33
Mnhl,2,1,3,0.67
Mnhm,3,6,9,0.33
Mnhn,1,5,6,0.17
Mnhs,2,0,2,1.0
MnlB,8,14,22,0.36
MnlD,2,3,5,0.4
MnlH,4,8,12,0.33
MnlI,4,1,5,0.8
MnlJ,2,5,7,0.29
MnlK,2,0,2,1.0
MnlL,7,7,14,0.5
MnlM,8,11,19,0.42
MnlN,9,18,27,0.33
MnlP,7,10,17,0.41
MnlS,7,9,16,0.44
Mnlb,8,10,18,0.44
Mnll,1,1,2,0.5
Mnlm,9,8,17,0.53
Mnln,21,12,33,0.64
Mnls,7,4,11,0.64
MnmB,31,37,68,0.46
MnmD,15,12,27,0.56
MnmH,43,41,84,0.51
MnmI,2,1,3,0.67
MnmJ,8,9,17,0.47
MnmK,2,0,2,1.0
MnmL,7,13,20,0.35
MnmM,50,58,108,0.46
MnmN,60,65,125,0.48
MnmP,66,42,108,0.61
MnmS,34,32,66,0.52
Mnmb,43,30,73,0.59
Mnmh,0,1,1,0.0
Mnml,13,10,23,0.57
Mnmm,59,38,97,0.61
Mnmn,48,57,105,0.46
Mnms,27,29,56,0.48
MnnB,34,47,81,0.42
MnnD,6,9,15,0.4
MnnH,36,42,78,0.46
MnnI,14,14,28,0.5
MnnK,4,4,8,0.5
MnnL,17,12,29,0.59
MnnM,43,67,110,0.39
MnnN,82,80,162,0.51
MnnP,80,75,155,0.52
MnnS,45,42,87,0.52
Mnnb,29,36,65,0.45
Mnnh,1,4,5,0.2
Mnnl,7,8,15,0.47
Mnnm,50,46,96,0.52
Mnnn,74,78,152,0.49
Mnns,40,27,67,0.6
Mnnt,1,1,2,0.5
MnsB,26,22,48,0.54
MnsD,7,10,17,0.41
MnsH,36,35,71,0.51
MnsI,5,4,9,0.56
MnsL,8,14,22,0.36
MnsM,24,34,58,0.41
MnsN,50,41,91,0.55
MnsP,41,38,79,0.52
MnsS,29,28,57,0.51
Mnsb,20,20,40,0.5
Mnsh,4,5,9,0.44
Mnsl,7,8,15,0.47
Mnsm,39,34,73,0.53
Mnsn,42,29,71,0.59
Mnss,28,28,56,0.5
MntB,1,0,1,1.0
MntH,1,0,1,1.0
MntM,1,1,2,0.5
MntP,1,0,1,1.0
Mntm,0,1,1,0.0
MsBB,17,19,36,0.47
MsBD,1,8,9,0.11
MsBK,3,3,6,0.5
MsBL,2,3,5,0.4
MsBM,10,25,35,0.29
MsBN,12,22,34,0.35
MsBP,18,17,35,0.51
MsBS,9,14,23,0.39
MsBb,7,11,18,0.39
MsBh,1,2,3,0.33
MsBj,2,4,6,0.33
MsBl,6,4,10,0.6
MsBm,20,16,36,0.56
MsBn,26,27,53,0.49
MsBs,9,8,17,0.53
MsBt,2,1,3,0.67
MsDB,2,3,5,0.4
MsDD,3,2,5,0.6
MsDH,6,4,10,0.6
MsDI,1,0,1,1.0
MsDL,1,4,5,0.2
MsDM,2,7,9,0.22
MsDN,6,9,15,0.4
MsDP,3,8,11,0.27
MsDS,5,10,15,0.33
MsDb,3,1,4,0.75
MsDh,1,0,1,1.0
MsDl,4,3,7,0.57
MsDm,7,7,14,0.5
MsDn,6,3,9,0.67
MsDs,9,4,13,0.69
MsDt,1,0,1,1.0
MsHB,18,14,32,0.56
MsHD,7,1,8,0.88
MsHH,8,5,13,0.62
MsHI,2,2,4,0.5
MsHK,3,0,3,1.0
MsHL,9,1,10,0.9
MsHM,25,23,48,0.52
MsHN,18,23,41,0.44
MsHP,33,21,54,0.61
MsHS,22,22,44,0.5
MsHb,20,19,39,0.51
MsHh,16,12,28,0.57
MsHl,4,5,9,0.44
MsHm,31,26,57,0.54
MsHn,25,26,51,0.49
MsHs,21,26,47,0.45
MsHt,2,3,5,0.4
MsIB,2,3,5,0.4
MsID,2,1,3,0.67
MsIH,4,4,8,0.5
MsII,1,1,2,0.5
MsIL,1,0,1,1.0
MsIM,2,1,3,0.67
MsIN,5,3,8,0.62
MsIP,1,3,4,0.25
MsIS,4,3,7,0.57
MsIb,0,1,1,0.0
MsIl,5,1,6,0.83
MsIm,5,7,12,0.42
MsIn,3,4,7,0.43
MsIs,3,3,6,0.5
MsKB,0,1,1,0.0
MsKN,4,0,4,1.0
MsKP,0,2,2,0.0
MsKS,1,1,2,0.5
MsKb,1,1,2,0.5
MsKh,0,0,0,
MsKn,2,1,3,0.67
MsKs,2,0,2,1.0
MsLB,5,5,10,0.5
MsLD,3,0,3,1.0
MsLH,0,0,0,
MsLL,0,2,2,0.0
MsLM,1,6,7,0.14
MsLN,10,9,19,0.53
MsLP,7,8,15,0.47
MsLS,5,6,11,0.45
MsLb,4,5,9,0.44
MsLh,2,4,6,0.33
MsLj,3,0,3,1.0
MsLl,0,4,4,0.0
MsLm,6,1,7,0.86
MsLn,14,16,30,0.47
MsLs,2,1,3,0.67
MsLt,0,0,0,
MsMB,17,19,36,0.47
MsMD,8,4,12,0.67
MsMK,0,1,1,0.0
MsML,4,4,8,0.5
MsMM,18,25,43,0.42
MsMN,24,24,48,0.5
MsMP,25,27,52,0.48
MsMS,17,11,28,0.61
MsMb,17,18,35,0.49
MsMh,10,19,29,0.34
MsMj,5,2,7,0.71
MsMl,7,5,12,0.58
MsMm,35,17,52,0.67
MsMn,41,37,78,0.53
MsMs,15,12,27,0.56
MsMt,0,3,3,0.0
MsNB,25,22,47,0.53
MsND,11,4,15,0.73
MsNH,0,5,5,0.0
MsNI,3,0,3,1.0
MsNK,3,4,7,0.43
MsNL,5,7,12,0.42
MsNM,33,24,57,0.58
MsNN,28,43,71,0.39
MsNP,40,28,68,0.59
MsNS,25,34,59,0.42
MsNb,17,17,34,0.5
MsNh,10,14,24,0.42
MsNl,4,4,8,0.5
MsNm,26,16,42,0.62
MsNn,46,20,66,0.7
MsNs,36,20,56,0.64
MsNt,8,6,14,0.57
MsPB,28,29,57,0.49
MsPD,6,2,8,0.75
MsPH,9,8,17,0.53
MsPI,6,0,6,1.0
MsPK,6,4,10,0.6
MsPL,6,11,17,0.35
MsPM,31,25,56,0.55
MsPN,31,29,60,0.52
MsPP,37,37,74,0.5
MsPS,17,28,45,0.38
MsPb,24,16,40,0.6
MsPh,4,4,8,0.5
MsPl,9,2,11,0.82
MsPm,39,24,63,0.62
MsPn,27,31,58,0.47
MsPs,25,23,48,0.52
MsPt,6,5,11,0.55
MsSB,18,18,36,0.5
MsSD,10,4,14,0.71
MsSH,10,14,24,0.42
MsSK,2,1,3,0.67
MsSL,7,6,13,0.54
MsSM,20,29,49,0.41
MsSN,18,24,42,0.43
MsSP,26,20,46,0.57
MsSS,34,33,67,0.51
MsSb,18,18,36,0.5
MsSh,15,19,34,0.44
MsSl,7,5,12,0.58
MsSm,40,37,77,0.52
MsSn,28,18,46,0.61
MsSs,38,28,66,0.58
MsSt,3,5,8,0.38
MsbB,12,17,29,0.41
MsbD,3,3,6,0.5
MsbH,7,2,9,0.78
MsbI,0,3,3,0.0
MsbJ,3,1,4,0.75
MsbK,2,3,5,0.4
MsbL,1,6,7,0.14
MsbM,17,19,36,0.47
MsbN,27,27,54,0.5
MsbP,19,14,33,0.58
MsbS,7,8,15,0.47
Msbb,10,14,24,0.42
Msbl,4,4,8,0.5
Msbm,16,18,34,0.47
Msbn,31,17,48,0.65
Msbs,12,10,22,0.55
MshB,0,0,0,
MshD,1,0,1,1.0
MshI,1,0,1,1.0
MshL,1,1,2,0.5
MshM,0,5,5,0.0
MshN,1,2,3,0.33
MshP,4,1,5,0.8
MshS,1,2,3,0.33
Mshb,1,3,4,0.25
Mshh,5,1,6,0.83
Mshm,3,0,3,1.0
Mshn,0,0,0,
Mshs,1,0,1,1.0
Msht,1,0,1,1.0
MslB,3,5,8,0.38
MslD,0,1,1,0.0
MslH,3,1,4,0.75
MslJ,1,3,4,0.25
MslK,0,1,1,0.0
MslL,3,0,3,1.0
MslM,5,6,11,0.45
MslN,11,10,21,0.52
MslP,10,4,14,0.71
MslS,7,7,14,0.5
Mslb,5,2,7,0.71
Msll,1,1,2,0.5
Mslm,10,6,16,0.62
Msln,7,5,12,0.58
Msls,7,6,13,0.54
MsmB,19,12,31,0.61
MsmD,8,11,19,0.42
MsmH,15,28,43,0.35
MsmI,0,3,3,0.0
MsmJ,5,4,9,0.56
MsmK,3,0,3,1.0
MsmL,5,3,8,0.62
MsmM,36,40,76,0.47
MsmN,24,30,54,0.44
MsmP,30,23,53,0.57
MsmS,17,21,38,0.45
Msmb,25,20,45,0.56
Msml,3,2,5,0.6
Msmm,34,15,49,0.69
Msmn,28,18,46,0.61
Msms,19,15,34,0.56
MsnB,14,19,33,0.42
MsnD,10,2,12,0.83
MsnH,14,11,25,0.56
MsnI,4,5,9,0.44
MsnK,3,3,6,0.5
MsnL,3,2,5,0.6
MsnM,29,16,45,0.64
MsnN,32,30,62,0.52
MsnP,27,29,56,0.48
MsnS,22,17,39,0.56
Msnb,22,12,34,0.65
Msnh,1,1,2,0.5
Msnl,3,4,7,0.43
Msnm,23,17,40,0.57
Msnn,31,27,58,0.53
Msns,19,13,32,0.59
MssB,11,18,29,0.38
MssD,10,9,19,0.53
MssH,22,20,42,0.52
MssI,2,3,5,0.4
MssL,3,3,6,0.5
MssM,23,22,45,0.51
MssN,22,25,47,0.47
MssP,22,18,40,0.55
MssS,27,36,63,0.43
Mssb,13,17,30,0.43
Mssh,3,3,6,0.5
Mssl,1,4,5,0.2
Mssm,22,12,34,0.65
Mssn,22,20,42,0.52
Msss,22,28,50,0.44
MstM,1,0,1,1.0
MstN,0,1,1,0.0
MstS,1,1,2,0.5
Mstb,0,2,2,0.0
Mstl,1,0,1,1.0
Mstm,1,0,1,1.0
Mstn,1,0,1,1.0
MtBB,2,4,6,0.33
MtBH,1,0,1,1.0
MtBM,3,2,5,0.6
MtBN,2,2,4,0.5
MtBP,4,4,8,0.5
MtBS,4,1,5,0.8
MtBb,2,2,4,0.5
MtBj,1,2,3,0.33
MtBl,2,0,2,1.0
MtBm,6,5,11,0.55
MtBn,2,5,7,0.29
MtBs,5,3,8,0.62
MtBt,0,2,2,0.0
MtDB,3,0,3,1.0
MtDD,0,0,0,
MtDH,0,2,2,0.0
MtDL,1,1,2,0.5
MtDM,0,1,1,0.0
MtDN,0,0,0,
MtDP,1,1,2,0.5
MtDS,2,0,2,1.0
MtDb,1,0,1,1.0
MtDl,0,1,1,0.0
MtDm,2,1,3,0.67
MtDn,0,2,2,0.0
MtDs,1,1,2,0.5
MtHB,2,2,4,0.5
MtHD,0,1,1,0.0
MtHI,2,1,3,0.67
MtHK,0,1,1,0.0
MtHL,1,1,2,0.5
MtHM,1,2,3,0.33
MtHN,3,4,7,0.43
MtHP,2,3,5,0.4
MtHS,1,2,3,0.33
MtHb,2,4,6,0.33
MtHh,1,0,1,1.0
MtHl,2,0,2,1.0
MtHm,5,5,10,0.5
MtHn,3,2,5,0.6
MtHs,1,1,2,0.5
MtHt,0,1,1,0.0
MtIN,1,0,1,1.0
MtIS,1,0,1,1.0
MtIb,1,0,1,1.0
MtIm,0,0,0,
MtIn,1,1,2,0.5
MtIs,0,1,1,0.0
MtKD,0,0,0,
MtKN,2,0,2,1.0
MtKS,1,0,1,1.0
MtKb,0,1,1,0.0
MtKm,0,1,1,0.0
MtLB,2,0,2,1.0
MtLM,1,3,4,0.25
MtLN,0,3,3,0.0
MtLP,1,2,3,0.33
MtLS,0,1,1,0.0
MtLb,1,0,1,1.0
MtLh,0,2,2,0.0
MtLl,0,2,2,0.0
MtLn,2,1,3,0.67
MtLs,0,0,0,
MtMB,4,2,6,0.67
MtML,0,1,1,0.0
MtMM,5,6,11,0.45
MtMN,5,2,7,0.71
MtMP,2,2,4,0.5
MtMS,5,1,6,0.83
MtMb,8,1,9,0.89
MtMh,1,5,6,0.17
MtMj,0,1,1,0.0
MtMl,1,1,2,0.5
MtMm,5,4,9,0.56
MtMn,3,2,5,0.6
MtMs,4,4,8,0.5
MtMt,0,1,1,0.0
MtNB,3,6,9,0.33
MtND,2,2,4,0.5
MtNH,2,0,2,1.0
MtNK,0,1,1,0.0
MtNL,1,0,1,1.0
MtNM,3,6,9,0.33
MtNN,10,4,14,0.71
MtNP,6,5,11,0.55
MtNS,1,1,2,0.5
MtNb,4,0,4,1.0
MtNh,2,0,2,1.0
MtNl,0,1,1,0.0
MtNm,3,6,9,0.33
MtNn,12,8,20,0.6
MtNs,4,2,6,0.67
MtNt,1,0,1,1.0
MtPB,4,2,6,0.67
MtPD,0,5,5,0.0
MtPH,6,1,7,0.86
MtPI,1,3,4,0.25
MtPK,2,1,3,0.67
MtPL,1,1,2,0.5
MtPM,4,8,12,0.33
MtPN,6,6,12,0.5
MtPP,8,9,17,0.47
MtPS,6,6,12,0.5
MtPb,4,2,6,0.67
MtPh,0,2,2,0.0
MtPl,1,2,3,0.33
MtPm,5,7,12,0.42
MtPn,1,7,8,0.12
MtPs,3,5,8,0.38
MtPt,0,0,0,
MtSB,2,1,3,0.67
MtSD,1,0,1,1.0
MtSH,1,1,2,0.5
MtSL,1,0,1,1.0
MtSM,0,1,1,0.0
MtSN,0,5,5,0.0
MtSP,2,3,5,0.4
MtSS,7,6,13,0.54
MtSb,6,1,7,0.86
MtSh,2,2,4,0.5
MtSm,3,4,7,0.43
MtSn,5,2,7,0.71
MtSs,0,2,2,0.0
MtSt,2,0,2,1.0
MtbB,4,4,8,0.5
MtbH,1,1,2,0.5
MtbI,0,0,0,
MtbJ,2,1,3,0.67
MtbK,1,0,1,1.0
MtbL,1,0,1,1.0
MtbM,2,6,8,0.25
MtbN,5,4,9,0.56
MtbP,0,3,3,0.0
MtbS,1,0,1,1.0
Mtbb,6,3,9,0.67
Mtbm,1,3,4,0.25
Mtbn,1,3,4,0.25
Mtbs,2,2,4,0.5
MthL,0,1,1,0.0
MthM,0,1,1,0.0
MthP,0,1,1,0.0
Mthm,0,0,0,
MtlB,2,2,4,0.5
MtlH,0,0,0,
MtlK,0,1,1,0.0
MtlM,1,1,2,0.5
MtlN,0,2,2,0.0
MtlP,0,2,2,0.0
Mtlb,1,0,1,1.0
Mtlm,3,1,4,0.75
Mtln,1,0,1,1.0
Mtls,4,0,4,1.0
MtmB,4,5,9,0.44
MtmD,0,1,1,0.0
MtmH,4,7,11,0.36
MtmJ,3,1,4,0.75
MtmK,1,0,1,1.0
MtmL,1,0,1,1.0
MtmM,4,8,12,0.33
MtmN,6,4,10,0.6
MtmP,8,2,10,0.8
MtmS,1,2,3,0.33
Mtmb,2,5,7,0.29
Mtml,1,1,2,0.5
Mtmm,4,3,7,0.57
Mtmn,6,3,9,0.67
Mtms,1,2,3,0.33
MtnB,1,3,4,0.25
MtnD,1,1,2,0.5
MtnH,2,3,5,0.4
MtnI,0,1,1,0.0
MtnK,0,1,1,0.0
MtnL,1,0,1,1.0
MtnM,2,3,5,0.4
MtnN,3,5,8,0.38
MtnP,3,6,9,0.33
MtnS,2,5,7,0.29
Mtnb,4,2,6,0.67
Mtnl,0,1,1,0.0
Mtnm,3,5,8,0.38
Mtnn,3,4,7,0.43
Mtns,4,2,6,0.67
MtsB,2,0,2,1.0
MtsD,2,1,3,0.67
MtsH,1,5,6,0.17
MtsL,1,0,1,1.0
MtsM,0,5,5,0.0
MtsN,2,1,3,0.67
MtsP,2,5,7,0.29
MtsS,3,5,8,0.38
Mtsb,2,0,2,1.0
Mtsm,3,2,5,0.6
Mtsn,2,2,4,0.5
Mtss,1,5,6,0.17
MttB,0,1,1,0.0
MttH,1,0,1,1.0
MttM,1,0,1,1.0
MttN,0,1,1,0.0
MttP,2,2,4,0.5
Mttb,0,2,2,0.0
Mttm,1,1,2,0.5
Mttn,1,0,1,1.0
Mtts,1,0,1,1.0
NBBB,33,50,83,0.4
NBBD,9,3,12,0.75
NBBI,0,1,1,0.0
NBBK,3,2,5,0.6
NBBL,5,14,19,0.26
NBBM,31,27,58,0.53
NBBN,36,41,77,0.47
NBBP,40,34,74,0.54
NBBS,11,9,20,0.55
NBBb,23,26,49,0.47
NBBh,4,1,5,0.8
NBBj,6,3,9,0.67
NBBl,7,13,20,0.35
NBBm,38,26,64,0.59
NBBn,53,45,98,0.54
NBBs,16,13,29,0.55
NBBt,7,4,11,0.64
NBDB,6,2,8,0.75
NBDD,6,2,8,0.75
NBDH,4,4,8,0.5
NBDL,1,4,5,0.2
NBDM,5,4,9,0.56
NBDN,3,7,10,0.3
NBDP,7,2,9,0.78
NBDS,3,10,13,0.23
NBDb,4,4,8,0.5
NBDh,0,0,0,
NBDl,2,2,4,0.5
NBDm,9,7,16,0.56
NBDn,10,2,12,0.83
NBDs,8,4,12,0.67
NBHB,0,1,1,0.0
NBHM,0,1,1,0.0
NBHN,0,1,1,0.0
NBHS,1,0,1,1.0
NBHh,0,0,0,
NBHl,1,0,1,1.0
NBHm,0,1,1,0.0
NBHn,1,0,1,1.0
NBIm,1,0,1,1.0
NBKB,1,3,4,0.25
NBKD,1,0,1,1.0
NBKH,0,1,1,0.0
NBKK,0,0,0,
NBKL,1,0,1,1.0
NBKM,2,3,5,0.4
NBKN,3,10,13,0.23
NBKP,3,5,8,0.38
NBKS,2,5,7,0.29
NBKb,1,0,1,1.0
NBKh,3,6,9,0.33
NBKl,3,0,3,1.0
NBKm,5,5,10,0.5
NBKn,5,8,13,0.38
NBKs,3,4,7,0.43
NBLB,5,9,14,0.36
NBLD,2,2,4,0.5
NBLK,0,3,3,0.0
NBLL,3,3,6,0.5
NBLM,4,9,13,0.31
NBLN,7,3,10,0.7
NBLP,15,11,26,0.58
NBLS,2,5,7,0.29
NBLb,8,10,18,0.44
NBLh,4,3,7,0.57
NBLj,4,2,6,0.67
NBLl,6,5,11,0.55
NBLm,11,10,21,0.52
NBLn,14,9,23,0.61
NBLs,5,5,10,0.5
NBLt,2,1,3,0.67
NBMB,35,33,68,0.51
NBMD,6,8,14,0.43
NBMK,1,0,1,1.0
NBML,4,8,12,0.33
NBMM,15,23,38,0.39
NBMN,24,25,49,0.49
NBMP,22,23,45,0.49
NBMS,10,17,27,0.37
NBMb,39,23,62,0.63
NBMh,20,15,35,0.57
NBMj,4,1,5,0.8
NBMl,8,5,13,0.62
NBMm,39,29,68,0.57
NBMn,35,41,76,0.46
NBMs,12,16,28,0.43
NBMt,1,4,5,0.2
NBNB,22,46,68,0.32
NBND,6,9,15,0.4
NBNH,9,7,16,0.56
NBNI,1,2,3,0.33
NBNK,2,10,12,0.17
NBNL,9,10,19,0.47
NBNM,22,28,50,0.44
NBNN,37,44,81,0.46
NBNP,50,69,119,0.42
NBNS,18,27,45,0.4
NBNb,23,20,43,0.53
NBNh,14,9,23,0.61
NBNl,10,10,20,0.5
NBNm,50,41,91,0.55
NBNn,49,46,95,0.52
NBNs,33,21,54,0.61
NBNt,6,3,9,0.67
NBPB,41,30,71,0.58
NBPD,7,12,19,0.37
NBPH,4,11,15,0.27
NBPI,2,9,11,0.18
NBPK,6,4,10,0.6
NBPL,9,27,36,0.25
NBPM,35,48,83,0.42
NBPN,33,46,79,0.42
NBPP,59,74,133,0.44
NBPS,31,39,70,0.44
NBPb,34,29,63,0.54
NBPh,4,3,7,0.57
NBPl,21,17,38,0.55
NBPm,47,42,89,0.53
NBPn,50,46,96,0.52
NBPs,29,30,59,0.49
NBPt,2,3,5,0.4
NBSB,13,16,29,0.45
NBSD,4,1,5,0.8
NBSH,4,6,10,0.4
NBSI,1,0,1,1.0
NBSL,5,3,8,0.62
NBSM,12,15,27,0.44
NBSN,15,19,34,0.44
NBSP,26,23,49,0.53
NBSS,18,17,35,0.51
NBSb,11,17,28,0.39
NBSh,9,7,16,0.56
NBSl,8,9,17,0.47
NBSm,21,21,42,0.5
NBSn,16,18,34,0.47
NBSs,17,12,29,0.59
NBSt,1,3,4,0.25
NBbB,26,25,51,0.51
NBbD,7,4,11,0.64
NBbH,6,14,20,0.3
NBbI,1,3,4,0.25
NBbJ,6,11,17,0.35
NBbK,4,4,8,0.5
NBbL,8,4,12,0.67
NBbM,25,32,57,0.44
NBbN,32,35,67,0.48
NBbP,44,35,79,0.56
NBbS,8,16,24,0.33
NBbb,25,26,51,0.49
NBbh,0,1,1,0.0
NBbl,13,6,19,0.68
NBbm,29,19,48,0.6
NBbn,38,20,58,0.66
NBbs,20,16,36,0.56
NBhB,2,4,6,0.33
NBhD,0,1,1,0.0
NBhH,1,1,2,0.5
NBhI,1,1,2,0.5
NBhL,0,3,3,0.0
NBhM,5,4,9,0.56
NBhN,1,3,4,0.25
NBhP,3,7,10,0.3
NBhS,1,2,3,0.33
NBhb,3,0,3,1.0
NBhh,3,7,10,0.3
NBhl,0,1,1,0.0
NBhm,3,5,8,0.38
NBhn,4,2,6,0.67
NBhs,2,3,5,0.4
NBht,1,0,1,1.0
NBjB,9,9,18,0.5
NBjD,0,3,3,0.0
NBjH,1,3,4,0.25
NBjI,1,0,1,1.0
NBjK,1,0,1,1.0
NBjL,1,2,3,0.33
NBjM,1,6,7,0.14
NBjN,5,3,8,0.62
NBjP,9,9,18,0.5
NBjS,5,3,8,0.62
NBjb,6,6,12,0.5
NBjh,2,0,2,1.0
NBjl,2,2,4,0.5
NBjm,7,12,19,0.37
NBjn,12,5,17,0.71
NBjs,7,1,8,0.88
NBjt,1,1,2,0.5
NBlB,4,9,13,0.31
NBlD,1,0,1,1.0
NBlH,7,5,12,0.58
NBlI,2,0,2,1.0
NBlJ,3,1,4,0.75
NBlL,5,3,8,0.62
NBlM,15,8,23,0.65
NBlN,9,10,19,0.47
NBlP,11,14,25,0.44
NBlS,5,4,9,0.56
NBlb,8,5,13,0.62
NBll,3,2,5,0.6
NBlm,15,3,18,0.83
NBln,11,11,22,0.5
NBls,5,8,13,0.38
NBmB,30,34,64,0.47
NBmD,6,8,14,0.43
NBmH,24,21,45,0.53
NBmI,3,4,7,0.43
NBmJ,9,13,22,0.41
NBmK,1,0,1,1.0
NBmL,12,14,26,0.46
NBmM,31,47,78,0.4
NBmN,44,44,88,0.5
NBmP,45,51,96,0.47
NBmS,22,19,41,0.54
NBmb,26,24,50,0.52
NBml,14,7,21,0.67
NBmm,39,32,71,0.55
NBmn,34,37,71,0.48
NBms,23,21,44,0.52
NBnB,44,35,79,0.56
NBnD,10,10,20,0.5
NBnH,14,19,33,0.42
NBnI,4,5,9,0.44
NBnK,2,5,7,0.29
NBnL,10,10,20,0.5
NBnM,32,49,81,0.4
NBnN,71,58,129,0.55
NBnP,49,57,106,0.46
NBnS,32,33,65,0.49
NBnb,41,37,78,0.53
NBnh,1,1,2,0.5
NBnl,14,9,23,0.61
NBnm,56,45,101,0.55
NBnn,44,54,98,0.45
NBns,31,35,66,0.47
NBnt,0,1,1,0.0
NBsB,8,7,15,0.53
NBsD,4,2,6,0.67
NBsH,11,15,26,0.42
NBsI,2,1,3,0.67
NBsL,4,6,10,0.4
NBsM,19,16,35,0.54
NBsN,14,11,25,0.56
NBsP,26,25,51,0.51
NBsS,11,18,29,0.38
NBsb,5,9,14,0.36
NBsh,1,2,3,0.33
NBsl,7,7,14,0.5
NBsm,27,14,41,0.66
NBsn,24,18,42,0.57
NBss,10,17,27,0.37
NBtB,4,2,6,0.67
NBtD,0,1,1,0.0
NBtH,3,2,5,0.6
NBtL,3,1,4,0.75
NBtM,2,6,8,0.25
NBtN,7,6,13,0.54
NBtP,1,4,5,0.2
NBtS,1,4,5,0.2
NBtb,3,6,9,0.33
NBth,1,0,1,1.0
NBtl,1,4,5,0.2
NBtm,2,4,6,0.33
NBtn,5,7,12,0.42
NBts,1,4,5,0.2
NBtt,0,0,0,
NDBB,2,12,14,0.14
NDBD,1,4,5,0.2
NDBK,2,0,2,1.0
NDBL,3,2,5,0.6
NDBM,2,14,16,0.12
NDBN,6,12,18,0.33
NDBP,6,5,11,0.55
NDBS,7,2,9,0.78
NDBb,9,5,14,0.64
NDBh,1,2,3,0.33
NDBj,2,1,3,0.67
NDBl,1,1,2,0.5
NDBm,10,7,17,0.59
NDBn,12,4,16,0.75
NDBs,7,3,10,0.7
NDBt,0,0,0,
NDDB,2,1,3,0.67
NDDD,4,1,5,0.8
NDDH,2,3,5,0.4
NDDL,1,1,2,0.5
NDDM,5,7,12,0.42
NDDN,5,7,12,0.42
NDDP,11,3,14,0.79
NDDS,2,3,5,0.4
NDDb,1,1,2,0.5
NDDl,0,2,2,0.0
NDDm,5,9,14,0.36
NDDn,1,3,4,0.25
NDDs,5,0,5,1.0
NDHB,5,5,10,0.5
NDHD,1,1,2,0.5
NDHH,1,1,2,0.5
NDHI,0,1,1,0.0
NDHK,0,1,1,0.0
NDHL,1,2,3,0.33
NDHM,6,6,12,0.5
NDHN,6,6,12,0.5
NDHP,7,7,14,0.5
NDHS,4,6,10,0.4
NDHb,6,5,11,0.55
NDHh,4,3,7,0.57
NDHl,6,0,6,1.0
NDHm,12,9,21,0.57
NDHn,7,9,16,0.44
NDHs,14,6,20,0.7
NDHt,1,0,1,1.0
NDIB,1,0,1,1.0
NDID,0,0,0,
NDIH,0,1,1,0.0
NDII,0,0,0,
NDIL,1,0,1,1.0
NDIM,0,1,1,0.0
NDIN,1,0,1,1.0
NDIP,3,1,4,0.75
NDIS,1,1,2,0.5
NDIh,1,0,1,1.0
NDIm,1,3,4,0.25
NDIn,2,2,4,0.5
NDIs,2,3,5,0.4
NDKb,0,0,0,
NDKm,1,0,1,1.0
NDLB,0,2,2,0.0
NDLK,0,1,1,0.0
NDLL,1,0,1,1.0
NDLM,1,5,6,0.17
NDLN,3,4,7,0.43
NDLP,1,1,2,0.5
NDLS,3,1,4,0.75
NDLb,1,1,2,0.5
NDLh,1,1,2,0.5
NDLj,0,1,1,0.0
NDLl,0,3,3,0.0
NDLm,2,2,4,0.5
NDLn,2,2,4,0.5
NDLs,1,0,1,1.0
NDLt,0,1,1,0.0
NDMB,9,14,23,0.39
NDMD,3,2,5,0.6
NDML,5,4,9,0.56
NDMM,9,14,23,0.39
NDMN,8,13,21,0.38
NDMP,14,13,27,0.52
NDMS,6,7,13,0.46
NDMb,4,11,15,0.27
NDMh,7,11,18,0.39
NDMj,0,2,2,0.0
NDMl,4,2,6,0.67
NDMm,11,10,21,0.52
NDMn,7,13,20,0.35
NDMs,6,8,14,0.43
NDMt,1,0,1,1.0
NDNB,6,8,14,0.43
NDND,5,2,7,0.71
NDNH,3,0,3,1.0
NDNI,0,1,1,0.0
NDNK,0,1,1,0.0
NDNL,1,3,4,0.25
NDNM,10,7,17,0.59
NDNN,13,3,16,0.81
NDNP,8,12,20,0.4
NDNS,6,3,9,0.67
NDNb,5,3,8,0.62
NDNh,2,2,4,0.5
NDNl,1,2,3,0.33
NDNm,15,10,25,0.6
NDNn,7,14,21,0.33
NDNs,5,6,11,0.45
NDNt,0,2,2,0.0
NDPB,6,7,13,0.46
NDPD,3,1,4,0.75
NDPH,1,2,3,0.33
NDPI,0,1,1,0.0
NDPK,0,1,1,0.0
NDPL,6,0,6,1.0
NDPM,9,11,20,0.45
NDPN,7,10,17,0.41
NDPP,14,15,29,0.48
NDPS,4,9,13,0.31
NDPb,4,9,13,0.31
NDPh,0,1,1,0.0
NDPl,2,4,6,0.33
NDPm,14,14,28,0.5
NDPn,9,10,19,0.47
NDPs,9,6,15,0.6
NDPt,1,0,1,1.0
NDSB,9,6,15,0.6
NDSD,7,1,8,0.88
NDSH,2,3,5,0.4
NDSI,1,0,1,1.0
NDSK,1,0,1,1.0
NDSL,2,2,4,0.5
NDSM,9,6,15,0.6
NDSN,7,7,14,0.5
NDSP,7,9,16,0.44
NDSS,13,7,20,0.65
NDSb,8,7,15,0.53
NDSh,7,5,12,0.58
NDSl,1,0,1,1.0
NDSm,16,14,30,0.53
NDSn,14,6,20,0.7
NDSs,9,9,18,0.5
NDSt,1,0,1,1.0
NDbB,7,4,11,0.64
NDbD,1,3,4,0.25
NDbH,1,2,3,0.33
NDbI,1,1,2,0.5
NDbJ,1,0,1,1.0
NDbK,1,1,2,0.5
NDbL,1,1,2,0.5
NDbM,13,8,21,0.62
NDbN,7,7,14,0.5
NDbP,8,3,11,0.73
NDbS,6,1,7,0.86
NDbb,9,5,14,0.64
NDbl,0,2,2,0.0
NDbm,9,7,16,0.56
NDbn,5,6,11,0.45
NDbs,2,0,2,1.0
NDhM,0,2,2,0.0
NDhN,1,0,1,1.0
NDhS,0,0,0,
NDhh,0,1,1,0.0
NDhs,1,0,1,1.0
NDlB,4,1,5,0.8
NDlD,0,0,0,
NDlH,2,1,3,0.67
NDlJ,1,1,2,0.5
NDlK,0,1,1,0.0
NDlL,1,1,2,0.5
NDlM,3,2,5,0.6
NDlN,2,2,4,0.5
NDlP,1,0,1,1.0
NDlS,1,2,3,0.33
NDlb,1,3,4,0.25
NDll,0,2,2,0.0
NDlm,2,3,5,0.4
NDln,1,3,4,0.25
NDls,1,2,3,0.33
NDmB,13,12,25,0.52
NDmD,7,4,11,0.64
NDmH,7,9,16,0.44
NDmI,2,1,3,0.67
NDmJ,3,0,3,1.0
NDmK,0,1,1,0.0
NDmL,5,3,8,0.62
NDmM,19,9,28,0.68
NDmN,13,14,27,0.48
NDmP,5,14,19,0.26
NDmS,10,8,18,0.56
NDmb,4,8,12,0.33
NDml,5,4,9,0.56
NDmm,10,12,22,0.45
NDmn,11,3,14,0.79
NDms,3,4,7,0.43
NDnB,7,2,9,0.78
NDnD,3,2,5,0.6
NDnH,5,7,12,0.42
NDnI,1,0,1,1.0
NDnL,0,1,1,0.0
NDnM,6,11,17,0.35
NDnN,9,8,17,0.53
NDnP,10,11,21,0.48
NDnS,8,5,13,0.62
NDnb,10,7,17,0.59
NDnh,0,1,1,0.0
NDnl,1,3,4,0.25
NDnm,10,6,16,0.62
NDnn,9,8,17,0.53
NDns,5,8,13,0.38
NDsB,4,1,5,0.8
NDsD,1,4,5,0.2
NDsH,6,7,13,0.46
NDsI,0,1,1,0.0
NDsL,3,4,7,0.43
NDsM,8,7,15,0.53
NDsN,6,2,8,0.75
NDsP,5,8,13,0.38
NDsS,3,5,8,0.38
NDsb,5,4,9,0.56
NDsh,2,0,2,1.0
NDsl,0,1,1,0.0
NDsm,6,4,10,0.6
NDsn,4,7,11,0.36
NDss,3,3,6,0.5
NDtB,1,1,2,0.5
NDtL,0,2,2,0.0
NDtM,0,1,1,0.0
NDtN,1,1,2,0.5
NDtP,1,2,3,0.33
NDtb,1,0,1,1.0
NDtm,2,0,2,1.0
NDtn,1,2,3,0.33
NDts,0,1,1,0.0
NHBB,10,7,17,0.59
NHBD,1,0,1,1.0
NHBK,2,0,2,1.0
NHBL,2,3,5,0.4
NHBM,3,0,3,1.0
NHBN,7,6,13,0.54
NHBP,4,3,7,0.57
NHBS,2,3,5,0.4
NHBb,2,4,6,0.33
NHBh,0,0,0,
NHBj,1,2,3,0.33
NHBl,5,1,6,0.83
NHBm,5,4,9,0.56
NHBn,3,4,7,0.43
NHBs,2,2,4,0.5
NHBt,2,0,2,1.0
NHDB,1,0,1,1.0
NHDD,2,0,2,1.0
NHDH,0,3,3,0.0
NHDL,1,0,1,1.0
NHDM,0,1,1,0.0
NHDN,1,1,2,0.5
NHDP,5,1,6,0.83
NHDS,0,1,1,0.0
NHDb,0,1,1,0.0
NHDh,1,0,1,1.0
NHDl,1,0,1,1.0
NHDm,2,2,4,0.5
NHDn,1,1,2,0.5
NHDs,1,0,1,1.0
NHHB,2,1,3,0.67
NHHL,1,0,1,1.0
NHHM,2,3,5,0.4
NHHN,1,0,1,1.0
NHHP,1,0,1,1.0
NHHS,0,2,2,0.0
NHHb,1,1,2,0.5
NHHl,1,0,1,1.0
NHHm,3,1,4,0.75
NHHn,0,0,0,
NHHs,0,0,0,
NHHt,1,0,1,1.0
NHIB,1,3,4,0.25
NHIH,0,2,2,0.0
NHIK,1,0,1,1.0
NHIM,1,0,1,1.0
NHIN,1,1,2,0.5
NHIP,2,0,2,1.0
NHIS,0,2,2,0.0
NHIb,0,1,1,0.0
NHIl,2,0,2,1.0
NHIm,1,1,2,0.5
NHIn,1,2,3,0.33
NHIs,0,1,1,0.0
NHKB,1,0,1,1.0
NHKD,0,0,0,
NHKM,3,0,3,1.0
NHKN,1,0,1,1.0
NHKS,0,1,1,0.0
NHKh,1,0,1,1.0
NHKl,0,1,1,0.0
NHKm,0,1,1,0.0
NHKn,1,3,4,0.25
NHKs,2,2,4,0.5
NHKt,0,0,0,
NHLB,3,6,9,0.33
NHLM,4,3,7,0.57
NHLN,2,0,2,1.0
NHLP,1,4,5,0.2
NHLS,4,1,5,0.8
NHLb,6,0,6,1.0
NHLh,0,0,0,
NHLl,1,0,1,1.0
NHLm,4,0,4,1.0
NHLn,4,5,9,0.44
NHLs,2,3,5,0.4
NHLt,0,1,1,0.0
NHMB,2,4,6,0.33
NHMD,1,1,2,0.5
NHMK,1,1,2,0.5
NHML,0,2,2,0.0
NHMM,7,7,14,0.5
NHMN,5,8,13,0.38
NHMP,5,6,11,0.45
NHMS,5,2,7,0.71
NHMb,7,4,11,0.64
NHMh,10,5,15,0.67
NHMj,1,3,4,0.25
NHMl,1,2,3,0.33
NHMm,9,9,18,0.5
NHMn,9,10,19,0.47
NHMs,6,3,9,0.67
NHMt,1,1,2,0.5
NHNB,7,1,8,0.88
NHND,2,0,2,1.0
NHNH,1,0,1,1.0
NHNK,0,0,0,
NHNL,2,1,3,0.67
NHNM,3,9,12,0.25
NHNN,10,7,17,0.59
NHNP,14,9,23,0.61
NHNS,8,4,12,0.67
NHNb,7,10,17,0.41
NHNh,2,4,6,0.33
NHNl,2,2,4,0.5
NHNm,12,8,20,0.6
NHNn,9,15,24,0.38
NHNs,10,9,19,0.53
NHNt,1,2,3,0.33
NHPB,5,5,10,0.5
NHPD,1,0,1,1.0
NHPH,5,2,7,0.71
NHPI,1,1,2,0.5
NHPK,1,1,2,0.5
NHPL,1,1,2,0.5
NHPM,14,12,26,0.54
NHPN,9,8,17,0.53
NHPP,12,11,23,0.52
NHPS,7,6,13,0.54
NHPb,7,2,9,0.78
NHPh,0,1,1,0.0
NHPl,6,3,9,0.67
NHPm,8,15,23,0.35
NHPn,4,10,14,0.29
NHPs,3,2,5,0.6
NHPt,2,1,3,0.67
NHSB,1,3,4,0.25
NHSD,1,0,1,1.0
NHSH,2,3,5,0.4
NHSI,0,1,1,0.0
NHSK,1,1,2,0.5
NHSL,3,1,4,0.75
NHSM,5,8,13,0.38
NHSN,6,7,13,0.46
NHSP,10,4,14,0.71
NHSS,8,4,12,0.67
NHSb,1,3,4,0.25
NHSh,1,6,7,0.14
NHSl,1,3,4,0.25
NHSm,12,7,19,0.63
NHSn,11,4,15,0.73
NHSs,8,9,17,0.47
NHSt,0,1,1,0.0
NHbB,7,2,9,0.78
NHbI,0,1,1,0.0
NHbJ,1,2,3,0.33
NHbK,1,0,1,1.0
NHbL,0,4,4,0.0
NHbM,5,6,11,0.45
NHbN,4,4,8,0.5
NHbP,5,9,14,0.36
NHbS,2,2,4,0.5
NHbb,5,4,9,0.56
NHbl,0,1,1,0.0
NHbm,6,3,9,0.67
NHbn,3,4,7,0.43
NHbs,3,4,7,0.43
NHhB,0,2,2,0.0
NHhI,0,1,1,0.0
NHhL,0,3,3,0.0
NHhM,1,4,5,0.2
NHhP,1,1,2,0.5
NHhS,3,2,5,0.6
NHhb,1,2,3,0.33
NHhh,1,2,3,0.33
NHhl,1,1,2,0.5
NHhm,2,1,3,0.67
NHhn,1,1,2,0.5
NHhs,0,3,3,0.0
NHht,0,0,0,
NHlB,2,0,2,1.0
NHlH,0,3,3,0.0
NHlJ,0,1,1,0.0
NHlL,1,1,2,0.5
NHlM,1,0,1,1.0
NHlN,4,5,9,0.44
NHlP,3,1,4,0.75
NHlS,1,3,4,0.25
NHlb,0,2,2,0.0
NHll,1,0,1,1.0
NHlm,2,3,5,0.4
NHln,1,1,2,0.5
NHls,1,1,2,0.5
NHmB,8,3,11,0.73
NHmD,5,2,7,0.71
NHmH,7,2,9,0.78
NHmI,0,0,0,
NHmJ,1,1,2,0.5
NHmK,1,0,1,1.0
NHmL,3,8,11,0.27
NHmM,6,11,17,0.35
NHmN,4,7,11,0.36
NHmP,12,12,24,0.5
NHmS,8,7,15,0.53
NHmb,4,5,9,0.44
NHml,1,2,3,0.33
NHmm,8,4,12,0.67
NHmn,8,7,15,0.53
NHms,6,4,10,0.6
NHnB,3,5,8,0.38
NHnD,1,0,1,1.0
NHnH,5,3,8,0.62
NHnI,2,2,4,0.5
NHnK,1,0,1,1.0
NHnL,2,3,5,0.4
NHnM,5,11,16,0.31
NHnN,9,14,23,0.39
NHnP,11,11,22,0.5
NHnS,6,6,12,0.5
NHnb,9,3,12,0.75
NHnh,0,0,0,
NHnl,1,1,2,0.5
NHnm,9,6,15,0.6
NHnn,8,10,18,0.44
NHns,7,3,10,0.7
NHsB,1,4,5,0.2
NHsD,1,0,1,1.0
NHsH,3,4,7,0.43
NHsI,1,2,3,0.33
NHsL,5,2,7,0.71
NHsM,6,6,12,0.5
NHsN,7,4,11,0.64
NHsP,8,5,13,0.62
NHsS,12,6,18,0.67
NHsb,2,3,5,0.4
NHsl,2,4,6,0.33
NHsm,3,5,8,0.38
NHsn,6,6,12,0.5
NHss,8,5,13,0.62
NHtB,0,0,0,
NHtN,0,0,0,
NHtm,1,0,1,1.0
NHtn,1,0,1,1.0
NHts,1,0,1,1.0
NIBB,1,0,1,1.0
NIBM,0,1,1,0.0
NIBN,0,1,1,0.0
NIBP,1,1,2,0.5
NIBS,0,1,1,0.0
NIBh,0,1,1,0.0
NIBm,2,0,2,1.0
NIBs,2,0,2,1.0
NIDb,0,1,1,0.0
NIDl,1,0,1,1.0
NIHD,1,0,1,1.0
NIHK,1,0,1,1.0
NIHN,0,2,2,0.0
NIHP,1,0,1,1.0
NIHS,0,1,1,0.0
NIHm,2,2,4,0.5
NIHn,1,0,1,1.0
NIHs,1,0,1,1.0
NIIB,0,1,1,0.0
NIIP,1,0,1,1.0
NIIS,1,0,1,1.0
NIIb,0,1,1,0.0
NIIh,0,0,0,
NILM,0,1,1,0.0
NILP,1,0,1,1.0
NILm,1,0,1,1.0
NIMB,1,0,1,1.0
NIMM,2,2,4,0.5
NIMN,0,0,0,
NIMP,0,1,1,0.0
NIMS,0,1,1,0.0
NIMb,0,1,1,0.0
NIMh,0,2,2,0.0
NIMm,1,0,1,1.0
NIMn,1,0,1,1.0
NIND,1,0,1,1.0
NINL,0,1,1,0.0
NINM,1,1,2,0.5
NINN,0,2,2,0.0
NINP,1,1,2,0.5
NINS,1,0,1,1.0
NINb,0,0,0,
NINh,0,0,0,
NINm,1,0,1,1.0
NINn,0,0,0,
NINs,2,1,3,0.67
NIPB,0,1,1,0.0
NIPK,0,1,1,0.0
NIPM,0,1,1,0.0
NIPN,1,2,3,0.33
NIPP,1,1,2,0.5
NIPb,1,0,1,1.0
NIPm,2,0,2,1.0
NIPn,0,0,0,
NIPs,0,1,1,0.0
NISB,0,1,1,0.0
NISH,0,2,2,0.0
NISI,1,0,1,1.0
NISL,1,0,1,1.0
NISM,0,2,2,0.0
NISS,1,0,1,1.0
NISh,0,1,1,0.0
NISl,1,1,2,0.5
NISm,1,0,1,1.0
NISn,1,1,2,0.5
NISs,0,0,0,
NIbB,0,3,3,0.0
NIbD,0,0,0,
NIbH,0,0,0,
NIbJ,2,0,2,1.0
NIbK,0,1,1,0.0
NIbL,0,0,0,
NIbM,1,0,1,1.0
NIbN,1,0,1,1.0
NIbP,0,0,0,
NIbS,1,0,1,1.0
NIbb,0,2,2,0.0
NIbm,2,1,3,0.67
NIbs,2,0,2,1.0
NIlS,1,0,1,1.0
NIlh,1,0,1,1.0
NIlm,0,1,1,0.0
NImB,1,1,2,0.5
NImH,1,1,2,0.5
NImJ,1,0,1,1.0
NImM,1,0,1,1.0
NImN,1,2,3,0.33
NImP,2,1,3,0.67
NImS,3,2,5,0.6
NImb,1,0,1,1.0
NImm,0,1,1,0.0
NImn,0,0,0,
NIms,1,3,4,0.25
NInB,0,2,2,0.0
NInH,0,1,1,0.0
NInL,0,2,2,0.0
NInP,0,1,1,0.0
NInS,2,1,3,0.67
NInb,0,1,1,0.0
NInm,1,0,1,1.0
NInn,0,1,1,0.0
NIsB,0,0,0,
NIsI,1,0,1,1.0
NIsM,1,0,1,1.0
NIsN,0,1,1,0.0
NIsP,0,1,1,0.0
NIsS,1,1,2,0.5
NIsh,0,1,1,0.0
NIsm,0,1,1,0.0
NIss,1,0,1,1.0
NKBB,2,3,5,0.4
NKBD,1,1,2,0.5
NKBL,1,1,2,0.5
NKBM,2,3,5,0.4
NKBN,5,2,7,0.71
NKBP,9,2,11,0.82
NKBS,1,0,1,1.0
NKBb,5,0,5,1.0
NKBj,1,0,1,1.0
NKBl,1,1,2,0.5
NKBm,5,6,11,0.45
NKBn,5,2,7,0.71
NKBs,3,2,5,0.6
NKBt,0,0,0,
NKDB,1,0,1,1.0
NKDH,0,1,1,0.0
NKDL,1,0,1,1.0
NKDM,1,2,3,0.33
NKDN,0,4,4,0.0
NKDP,2,0,2,1.0
NKDS,1,1,2,0.5
NKDb,2,2,4,0.5
NKDh,0,1,1,0.0
NKDl,0,0,0,
NKDm,0,3,3,0.0
NKDn,1,2,3,0.33
NKDs,0,0,0,
NKHK,0,0,0,
NKHM,1,0,1,1.0
NKHN,1,1,2,0.5
NKHP,1,0,1,1.0
NKHb,1,0,1,1.0
NKHh,0,1,1,0.0
NKHl,1,0,1,1.0
NKHm,0,2,2,0.0
NKIB,2,0,2,1.0
NKIH,0,0,0,
NKII,0,1,1,0.0
NKIL,0,1,1,0.0
NKIM,0,0,0,
NKIN,1,1,2,0.5
NKIP,1,0,1,1.0
NKIS,1,0,1,1.0
NKIl,0,1,1,0.0
NKIm,1,1,2,0.5
NKIs,2,1,3,0.67
NKKI,0,1,1,0.0
NKKm,1,0,1,1.0
NKKs,0,1,1,0.0
NKLB,1,0,1,1.0
NKLL,0,1,1,0.0
NKLM,2,3,5,0.4
NKLN,0,1,1,0.0
NKLP,1,1,2,0.5
NKLS,2,2,4,0.5
NKLb,1,0,1,1.0
NKLh,1,0,1,1.0
NKLm,2,4,6,0.33
NKLn,2,0,2,1.0
NKMB,4,2,6,0.67
NKMD,2,2,4,0.5
NKML,1,0,1,1.0
NKMM,2,3,5,0.4
NKMN,5,4,9,0.56
NKMP,5,6,11,0.45
NKMS,1,3,4,0.25
NKMb,2,4,6,0.33
NKMh,1,4,5,0.2
NKMj,1,1,2,0.5
NKMl,2,2,4,0.5
NKMm,6,5,11,0.55
NKMn,8,3,11,0.73
NKMs,2,7,9,0.22
NKNB,4,3,7,0.57
NKND,0,2,2,0.0
NKNH,2,1,3,0.67
NKNI,1,0,1,1.0
NKNK,0,1,1,0.0
NKNL,2,0,2,1.0
NKNM,7,5,12,0.58
NKNN,4,5,9,0.44
NKNP,5,5,10,0.5
NKNS,2,5,7,0.29
NKNb,8,3,11,0.73
NKNh,2,0,2,1.0
NKNl,1,0,1,1.0
NKNm,3,5,8,0.38
NKNn,3,7,10,0.3
NKNs,2,1,3,0.67
NKPB,2,5,7,0.29
NKPD,0,1,1,0.0
NKPH,0,4,4,0.0
NKPI,0,1,1,0.0
NKPK,1,0,1,1.0
NKPL,1,3,4,0.25
NKPM,8,6,14,0.57
NKPN,2,5,7,0.29
NKPP,8,9,17,0.47
NKPS,5,6,11,0.45
NKPb,3,5,8,0.38
NKPh,0,1,1,0.0
NKPl,1,0,1,1.0
NKPm,6,6,12,0.5
NKPn,2,3,5,0.4
NKPs,1,4,5,0.2
NKPt,0,1,1,0.0
NKSB,4,1,5,0.8
NKSD,0,1,1,0.0
NKSH,0,1,1,0.0
NKSL,1,0,1,1.0
NKSM,4,5,9,0.44
NKSN,2,3,5,0.4
NKSP,2,2,4,0.5
NKSS,5,4,9,0.56
NKSb,3,1,4,0.75
NKSh,2,4,6,0.33
NKSl,4,2,6,0.67
NKSm,6,3,9,0.67
NKSn,1,3,4,0.25
NKSs,6,2,8,0.75
NKSt,1,0,1,1.0
NKbB,5,2,7,0.71
NKbD,1,1,2,0.5
NKbH,1,0,1,1.0
NKbI,0,0,0,
NKbJ,0,0,0,
NKbK,0,1,1,0.0
NKbL,0,2,2,0.0
NKbM,3,4,7,0.43
NKbN,3,1,4,0.75
NKbP,1,3,4,0.25
NKbS,1,1,2,0.5
NKbb,4,2,6,0.67
NKbm,6,3,9,0.67
NKbn,2,4,6,0.33
NKbs,7,1,8,0.88
NKhB,5,3,8,0.62
NKhD,0,1,1,0.0
NKhI,1,0,1,1.0
NKhM,1,4,5,0.2
NKhN,4,2,6,0.67
NKhP,3,3,6,0.5
NKhS,2,5,7,0.29
NKhb,3,3,6,0.5
NKhh,3,3,6,0.5
NKhl,1,1,2,0.5
NKhm,1,2,3,0.33
NKhn,4,1,5,0.8
NKhs,5,5,10,0.5
NKlB,1,1,2,0.5
NKlH,2,0,2,1.0
NKlL,0,1,1,0.0
NKlM,0,2,2,0.0
NKlN,3,1,4,0.75
NKlP,1,0,1,1.0
NKlS,2,0,2,1.0
NKlb,0,1,1,0.0
NKll,0,0,0,
NKlm,0,1,1,0.0
NKln,1,2,3,0.33
NKmB,1,7,8,0.12
NKmD,4,5,9,0.44
NKmH,5,4,9,0.56
NKmI,1,0,1,1.0
NKmJ,2,2,4,0.5
NKmL,2,0,2,1.0
NKmM,8,13,21,0.38
NKmN,8,4,12,0.67
NKmP,3,4,7,0.43
NKmS,5,2,7,0.71
NKmb,8,3,11,0.73
NKml,2,0,2,1.0
NKmm,5,6,11,0.45
NKmn,2,6,8,0.25
NKms,3,4,7,0.43
NKnB,6,2,8,0.75
NKnD,1,1,2,0.5
NKnH,0,4,4,0.0
NKnI,0,0,0,
NKnK,0,2,2,0.0
NKnL,1,4,5,0.2
NKnM,0,4,4,0.0
NKnN,8,9,17,0.47
NKnP,6,10,16,0.38
NKnS,3,3,6,0.5
NKnb,3,2,5,0.6
NKnl,0,0,0,
NKnm,9,3,12,0.75
NKnn,1,9,10,0.1
NKns,4,5,9,0.44
NKsB,0,3,3,0.0
NKsD,1,2,3,0.33
NKsH,4,5,9,0.44
NKsI,0,0,0,
NKsL,1,0,1,1.0
NKsM,4,1,5,0.8
NKsN,4,2,6,0.67
NKsP,3,4,7,0.43
NKsS,5,10,15,0.33
NKsb,4,5,9,0.44
NKsh,1,0,1,1.0
NKsl,2,1,3,0.67
NKsm,4,1,5,0.8
NKsn,2,4,6,0.33
NKss,2,2,4,0.5
NKtM,1,0,1,1.0
NKtN,1,2,3,0.33
NKtP,1,0,1,1.0
NKtb,1,0,1,1.0
NKts,1,0,1,1.0
NLBB,19,11,30,0.63
NLBD,2,1,3,0.67
NLBK,3,1,4,0.75
NLBL,2,9,11,0.18
NLBM,4,7,11,0.36
NLBN,7,15,22,0.32
NLBP,14,15,29,0.48
NLBS,5,0,5,1.0
NLBb,12,11,23,0.52
NLBh,2,2,4,0.5
NLBj,2,2,4,0.5
NLBl,8,4,12,0.67
NLBm,15,9,24,0.62
NLBn,24,19,43,0.56
NLBs,3,5,8,0.38
NLBt,1,1,2,0.5
NLDB,0,2,2,0.0
NLDD,1,0,1,1.0
NLDH,0,1,1,0.0
NLDL,1,0,1,1.0
NLDM,3,5,8,0.38
NLDN,3,0,3,1.0
NLDP,3,2,5,0.6
NLDS,4,1,5,0.8
NLDb,1,1,2,0.5
NLDl,1,0,1,1.0
NLDm,3,0,3,1.0
NLDn,6,1,7,0.86
NLDs,0,1,1,0.0
NLHM,1,0,1,1.0
NLHN,0,0,0,
NLHl,1,1,2,0.5
NLHm,1,0,1,1.0
NLHn,0,0,0,
NLKB,0,1,1,0.0
NLKL,0,1,1,0.0
NLKM,1,0,1,1.0
NLKP,2,2,4,0.5
NLKb,3,0,3,1.0
NLKl,0,1,1,0.0
NLKm,0,1,1,0.0
NLKs,0,3,3,0.0
NLKt,0,1,1,0.0
NLLB,5,4,9,0.56
NLLL,1,2,3,0.33
NLLM,3,4,7,0.43
NLLN,6,4,10,0.6
NLLP,5,1,6,0.83
NLLb,2,4,6,0.33
NLLh,2,1,3,0.67
NLLj,1,2,3,0.33
NLLl,1,1,2,0.5
NLLm,4,6,10,0.4
NLLn,3,3,6,0.5
NLLs,3,0,3,1.0
NLLt,0,2,2,0.0
NLMB,7,10,17,0.41
NLMD,2,2,4,0.5
NLMK,0,1,1,0.0
NLML,0,4,4,0.0
NLMM,5,13,18,0.28
NLMN,12,8,20,0.6
NLMP,10,21,31,0.32
NLMS,1,3,4,0.25
NLMb,11,8,19,0.58
NLMh,8,5,13,0.62
NLMj,1,0,1,1.0
NLMl,1,1,2,0.5
NLMm,11,10,21,0.52
NLMn,15,15,30,0.5
NLMs,7,5,12,0.58
NLNB,9,17,26,0.35
NLND,3,4,7,0.43
NLNH,1,1,2,0.5
NLNK,0,0,0,
NLNL,2,7,9,0.22
NLNM,10,11,21,0.48
NLNN,17,19,36,0.47
NLNP,13,12,25,0.52
NLNS,10,8,18,0.56
NLNb,12,9,21,0.57
NLNh,3,3,6,0.5
NLNl,3,1,4,0.75
NLNm,21,13,34,0.62
NLNn,12,22,34,0.35
NLNs,4,11,15,0.27
NLNt,1,1,2,0.5
NLPB,13,14,27,0.48
NLPD,3,1,4,0.75
NLPH,4,1,5,0.8
NLPI,0,1,1,0.0
NLPK,0,0,0,
NLPL,2,5,7,0.29
NLPM,8,13,21,0.38
NLPN,11,23,34,0.32
NLPP,27,20,47,0.57
NLPS,15,6,21,0.71
NLPb,11,11,22,0.5
NLPh,1,2,3,0.33
NLPl,10,8,18,0.56
NLPm,10,11,21,0.48
NLPn,12,12,24,0.5
NLPs,7,10,17,0.41
NLPt,4,0,4,1.0
NLSB,5,2,7,0.71
NLSD,3,0,3,1.0
NLSH,1,2,3,0.33
NLSI,1,0,1,1.0
NLSK,0,1,1,0.0
NLSL,3,8,11,0.27
NLSM,4,5,9,0.44
NLSN,3,6,9,0.33
NLSP,6,9,15,0.4
NLSS,7,6,13,0.54
NLSb,4,1,5,0.8
NLSh,2,3,5,0.4
NLSl,8,0,8,1.0
NLSm,5,8,13,0.38
NLSn,6,6,12,0.5
NLSs,8,5,13,0.62
NLSt,2,0,2,1.0
NLbB,7,8,15,0.47
NLbD,0,1,1,0.0
NLbH,1,5,6,0.17
NLbI,1,1,2,0.5
NLbJ,3,2,5,0.6
NLbK,3,1,4,0.75
NLbL,0,5,5,0.0
NLbM,12,10,22,0.55
NLbN,9,10,19,0.47
NLbP,11,12,23,0.48
NLbS,8,4,12,0.67
NLbb,5,11,16,0.31
NLbl,2,4,6,0.33
NLbm,7,12,19,0.37
NLbn,9,8,17,0.53
NLbs,13,4,17,0.76
NLhB,3,5,8,0.38
NLhD,3,0,3,1.0
NLhH,0,2,2,0.0
NLhL,2,4,6,0.33
NLhM,0,4,4,0.0
NLhN,1,9,10,0.1
NLhP,6,2,8,0.75
NLhS,1,7,8,0.12
NLhb,2,5,7,0.29
NLhh,3,5,8,0.38
NLhl,0,2,2,0.0
NLhm,7,9,16,0.44
NLhn,1,9,10,0.1
NLhs,9,2,11,0.82
NLjB,1,4,5,0.2
NLjD,2,1,3,0.67
NLjH,1,0,1,1.0
NLjK,0,0,0,
NLjL,0,2,2,0.0
NLjM,1,2,3,0.33
NLjN,1,1,2,0.5
NLjP,1,3,4,0.25
NLjS,2,0,2,1.0
NLjb,2,2,4,0.5
NLjh,0,1,1,0.0
NLjl,1,1,2,0.5
NLjm,4,3,7,0.57
NLjn,2,1,3,0.67
NLjs,1,2,3,0.33
NLlB,4,4,8,0.5
NLlD,1,0,1,1.0
NLlH,2,2,4,0.5
NLlI,1,0,1,1.0
NLlJ,1,1,2,0.5
NLlK,0,1,1,0.0
NLlL,1,2,3,0.33
NLlM,9,8,17,0.53
NLlN,5,1,6,0.83
NLlP,8,5,13,0.62
NLlS,2,2,4,0.5
NLlb,2,2,4,0.5
NLll,1,3,4,0.25
NLlm,4,3,7,0.57
NLln,5,7,12,0.42
NLls,1,1,2,0.5
NLmB,8,8,16,0.5
NLmD,4,3,7,0.57
NLmH,7,14,21,0.33
NLmI,0,2,2,0.0
NLmJ,1,1,2,0.5
NLmL,3,5,8,0.38
NLmM,9,12,21,0.43
NLmN,8,11,19,0.42
NLmP,14,13,27,0.52
NLmS,5,13,18,0.28
NLmb,10,11,21,0.48
NLml,4,4,8,0.5
NLmm,16,13,29,0.55
NLmn,9,13,22,0.41
NLms,10,8,18,0.56
NLnB,11,19,30,0.37
NLnD,3,2,5,0.6
NLnH,7,6,13,0.54
NLnI,2,4,6,0.33
NLnK,0,0,0,
NLnL,4,5,9,0.44
NLnM,9,15,24,0.38
NLnN,13,19,32,0.41
NLnP,22,22,44,0.5
NLnS,10,10,20,0.5
NLnb,14,11,25,0.56
NLnh,0,2,2,0.0
NLnl,5,3,8,0.62
NLnm,21,15,36,0.58
NLnn,17,14,31,0.55
NLns,14,11,25,0.56
NLnt,0,1,1,0.0
NLsB,3,5,8,0.38
NLsD,4,1,5,0.8
NLsH,7,4,11,0.64
NLsI,2,0,2,1.0
NLsL,4,4,8,0.5
NLsM,11,6,17,0.65
NLsN,4,9,13,0.31
NLsP,11,11,22,0.5
NLsS,6,6,12,0.5
NLsb,7,5,12,0.58
NLsh,1,1,2,0.5
NLsl,1,5,6,0.17
NLsm,8,10,18,0.44
NLsn,6,8,14,0.43
NLss,10,1,11,0.91
NLtB,2,1,3,0.67
NLtH,0,1,1,0.0
NLtK,0,1,1,0.0
NLtM,2,1,3,0.67
NLtN,0,2,2,0.0
NLtP,0,3,3,0.0
NLtS,1,2,3,0.33
NLtb,1,0,1,1.0
NLtm,0,3,3,0.0
NLtn,2,3,5,0.4
NLts,1,1,2,0.5
NLtt,0,1,1,0.0
NMBB,29,36,65,0.45
NMBD,5,5,10,0.5
NMBH,1,0,1,1.0
NMBK,1,2,3,0.33
NMBL,4,13,17,0.24
NMBM,30,36,66,0.45
NMBN,30,44,74,0.41
NMBP,48,47,95,0.51
NMBS,11,15,26,0.42
NMBb,34,32,66,0.52
NMBh,3,3,6,0.5
NMBj,4,10,14,0.29
NMBl,6,8,14,0.43
NMBm,38,31,69,0.55
NMBn,32,55,87,0.37
NMBs,14,13,27,0.52
NMBt,1,2,3,0.33
NMDB,3,7,10,0.3
NMDD,5,3,8,0.62
NMDH,6,7,13,0.46
NMDI,0,0,0,
NMDL,2,1,3,0.67
NMDM,12,8,20,0.6
NMDN,6,8,14,0.43
NMDP,7,6,13,0.54
NMDS,6,7,13,0.46
NMDb,6,5,11,0.55
NMDh,0,0,0,
NMDl,4,2,6,0.67
NMDm,16,8,24,0.67
NMDn,6,5,11,0.55
NMDs,4,4,8,0.5
NMDt,1,0,1,1.0
NMHH,0,1,1,0.0
NMHI,1,1,2,0.5
NMHM,1,0,1,1.0
NMHP,0,0,0,
NMHS,1,0,1,1.0
NMHh,0,0,0,
NMHm,0,1,1,0.0
NMIM,1,0,1,1.0
NMKM,2,1,3,0.67
NMKN,2,0,2,1.0
NMKP,1,3,4,0.25
NMKS,0,1,1,0.0
NMKb,1,1,2,0.5
NMKh,0,2,2,0.0
NMKm,3,0,3,1.0
NMKn,1,0,1,1.0
NMKs,0,2,2,0.0
NMLB,11,7,18,0.61
NMLD,1,1,2,0.5
NMLH,0,1,1,0.0
NMLK,0,1,1,0.0
NMLL,1,0,1,1.0
NMLM,8,9,17,0.47
NMLN,7,15,22,0.32
NMLP,4,14,18,0.22
NMLS,5,6,11,0.45
NMLb,3,7,10,0.3
NMLh,3,4,7,0.43
NMLj,0,0,0,
NMLl,1,2,3,0.33
NMLm,15,15,30,0.5
NMLn,9,8,17,0.53
NMLs,6,7,13,0.46
NMMB,23,29,52,0.44
NMMD,8,6,14,0.57
NMMH,0,0,0,
NMML,4,6,10,0.4
NMMM,24,38,62,0.39
NMMN,33,36,69,0.48
NMMP,40,32,72,0.56
NMMS,12,17,29,0.41
NMMb,34,18,52,0.65
NMMh,14,23,37,0.38
NMMj,3,5,8,0.38
NMMl,9,7,16,0.56
NMMm,44,37,81,0.54
NMMn,42,44,86,0.49
NMMs,15,20,35,0.43
NMMt,2,2,4,0.5
NMNB,29,49,78,0.37
NMND,9,6,15,0.6
NMNH,5,12,17,0.29
NMNI,0,0,0,
NMNK,3,5,8,0.38
NMNL,6,9,15,0.4
NMNM,30,49,79,0.38
NMNN,47,46,93,0.51
NMNP,45,54,99,0.45
NMNS,28,24,52,0.54
NMNb,22,23,45,0.49
NMNh,5,15,20,0.25
NMNl,11,6,17,0.65
NMNm,52,38,90,0.58
NMNn,55,73,128,0.43
NMNs,23,12,35,0.66
NMNt,5,3,8,0.62
NMPB,24,39,63,0.38
NMPD,4,4,8,0.5
NMPH,18,10,28,0.64
NMPI,7,8,15,0.47
NMPK,5,8,13,0.38
NMPL,14,16,30,0.47
NMPM,37,34,71,0.52
NMPN,34,54,88,0.39
NMPP,67,60,127,0.53
NMPS,25,40,65,0.38
NMPb,30,38,68,0.44
NMPh,3,7,10,0.3
NMPl,16,16,32,0.5
NMPm,50,45,95,0.53
NMPn,56,51,107,0.52
NMPs,30,39,69,0.43
NMPt,4,3,7,0.57
NMSB,10,16,26,0.38
NMSD,8,1,9,0.89
NMSH,8,10,18,0.44
NMSI,3,0,3,1.0
NMSK,0,1,1,0.0
NMSL,3,4,7,0.43
NMSM,16,24,40,0.4
NMSN,17,24,41,0.41
NMSP,20,24,44,0.45
NMSS,19,25,44,0.43
NMSb,13,15,28,0.46
NMSh,8,15,23,0.35
NMSl,8,6,14,0.57
NMSm,29,24,53,0.55
NMSn,21,18,39,0.54
NMSs,22,15,37,0.59
NMSt,3,3,6,0.5
NMbB,29,23,52,0.56
NMbD,10,6,16,0.62
NMbH,13,3,16,0.81
NMbI,4,7,11,0.36
NMbJ,5,8,13,0.38
NMbK,3,3,6,0.5
NMbL,6,13,19,0.32
NMbM,20,35,55,0.36
NMbN,41,46,87,0.47
NMbP,43,29,72,0.6
NMbS,19,20,39,0.49
NMbb,19,27,46,0.41
NMbh,0,1,1,0.0
NMbl,7,6,13,0.54
NMbm,38,20,58,0.66
NMbn,43,36,79,0.54
NMbs,22,26,48,0.46
NMhB,22,17,39,0.56
NMhD,7,4,11,0.64
NMhH,7,4,11,0.64
NMhI,5,1,6,0.83
NMhK,1,0,1,1.0
NMhL,7,5,12,0.58
NMhM,25,29,54,0.46
NMhN,25,25,50,0.5
NMhP,21,42,63,0.33
NMhS,21,18,39,0.54
NMhb,21,16,37,0.57
NMhh,21,27,48,0.44
NMhl,11,5,16,0.69
NMhm,37,25,62,0.6
NMhn,33,26,59,0.56
NMhs,24,16,40,0.6
NMht,2,2,4,0.5
NMjB,5,9,14,0.36
NMjD,1,0,1,1.0
NMjH,1,0,1,1.0
NMjI,1,0,1,1.0
NMjK,1,1,2,0.5
NMjL,1,3,4,0.25
NMjM,3,5,8,0.38
NMjN,5,5,10,0.5
NMjP,3,8,11,0.27
NMjS,3,2,5,0.6
NMjb,4,7,11,0.36
NMjl,0,1,1,0.0
NMjm,9,9,18,0.5
NMjn,3,6,9,0.33
NMjs,4,2,6,0.67
NMlB,11,5,16,0.69
NMlD,0,1,1,0.0
NMlH,6,5,11,0.55
NMlI,2,1,3,0.67
NMlJ,6,5,11,0.55
NMlK,1,0,1,1.0
NMlL,1,4,5,0.2
NMlM,8,10,18,0.44
NMlN,10,14,24,0.42
NMlP,12,11,23,0.52
NMlS,5,10,15,0.33
NMlb,10,8,18,0.56
NMll,6,4,10,0.6
NMlm,8,9,17,0.47
NMln,8,8,16,0.5
NMls,12,3,15,0.8
NMmB,31,42,73,0.42
NMmD,17,10,27,0.63
NMmH,43,38,81,0.53
NMmI,3,4,7,0.43
NMmJ,6,9,15,0.4
NMmK,1,1,2,0.5
NMmL,13,14,27,0.48
NMmM,29,56,85,0.34
NMmN,63,63,126,0.5
NMmP,53,37,90,0.59
NMmS,27,32,59,0.46
NMmb,36,37,73,0.49
NMmh,0,1,1,0.0
NMml,10,7,17,0.59
NMmm,57,51,108,0.53
NMmn,61,37,98,0.62
NMms,28,37,65,0.43
NMnB,36,31,67,0.54
NMnD,16,8,24,0.67
NMnH,18,25,43,0.42
NMnI,10,6,16,0.62
NMnK,4,4,8,0.5
NMnL,12,16,28,0.43
NMnM,46,53,99,0.46
NMnN,72,83,155,0.46
NMnP,78,88,166,0.47
NMnS,39,43,82,0.48
NMnb,31,41,72,0.43
NMnh,6,2,8,0.75
NMnl,10,13,23,0.43
NMnm,48,46,94,0.51
NMnn,69,52,121,0.57
NMns,39,35,74,0.53
NMsB,16,17,33,0.48
NMsD,4,3,7,0.57
NMsH,25,29,54,0.46
NMsI,4,3,7,0.57
NMsK,2,0,2,1.0
NMsL,8,7,15,0.53
NMsM,21,25,46,0.46
NMsN,37,39,76,0.49
NMsP,24,35,59,0.41
NMsS,29,25,54,0.54
NMsb,12,13,25,0.48
NMsh,3,0,3,1.0
NMsl,9,3,12,0.75
NMsm,27,25,52,0.52
NMsn,22,28,50,0.44
NMss,22,27,49,0.45
NMtB,5,2,7,0.71
NMtD,1,0,1,1.0
NMtH,1,2,3,0.33
NMtL,0,0,0,
NMtM,3,4,7,0.43
NMtN,4,10,14,0.29
NMtP,3,6,9,0.33
NMtS,1,1,2,0.5
NMtb,3,4,7,0.43
NMtl,0,2,2,0.0
NMtm,7,2,9,0.78
NMtn,2,1,3,0.67
NMts,3,1,4,0.75
NMtt,0,1,1,0.0
NNBB,40,38,78,0.51
NNBD,6,9,15,0.4
NNBH,1,0,1,1.0
NNBK,3,6,9,0.33
NNBL,5,8,13,0.38
NNBM,21,37,58,0.36
NNBN,48,49,97,0.49
NNBP,47,58,105,0.45
NNBS,18,29,47,0.38
NNBb,34,37,71,0.48
NNBh,3,5,8,0.38
NNBj,10,7,17,0.59
NNBl,14,8,22,0.64
NNBm,44,40,84,0.52
NNBn,46,55,101,0.46
NNBs,11,14,25,0.44
NNBt,7,3,10,0.7
NNDB,9,11,20,0.45
NNDD,4,3,7,0.57
NNDH,6,5,11,0.55
NNDI,0,1,1,0.0
NNDL,5,2,7,0.71
NNDM,16,12,28,0.57
NNDN,7,10,17,0.41
NNDP,8,14,22,0.36
NNDS,12,17,29,0.41
NNDb,6,4,10,0.6
NNDl,3,4,7,0.43
NNDm,14,8,22,0.64
NNDn,8,14,22,0.36
NNDs,3,10,13,0.23
NNDt,0,2,2,0.0
NNHB,6,3,9,0.67
NNHD,2,1,3,0.67
NNHH,4,3,7,0.57
NNHI,0,0,0,
NNHK,1,3,4,0.25
NNHL,3,1,4,0.75
NNHM,9,8,17,0.53
NNHN,5,7,12,0.42
NNHP,9,6,15,0.6
NNHS,6,11,17,0.35
NNHb,3,6,9,0.33
NNHh,1,4,5,0.2
NNHl,1,3,4,0.25
NNHm,8,6,14,0.57
NNHn,6,12,18,0.33
NNHs,6,6,12,0.5
NNHt,1,0,1,1.0
NNIB,1,2,3,0.33
NNIH,1,0,1,1.0
NNII,1,0,1,1.0
NNIM,1,0,1,1.0
NNIN,1,1,2,0.5
NNIP,1,0,1,1.0
NNIS,0,1,1,0.0
NNIb,0,0,0,
NNIm,0,3,3,0.0
NNIn,0,1,1,0.0
NNIs,1,1,2,0.5
NNKB,2,1,3,0.67
NNKD,3,1,4,0.75
NNKI,2,2,4,0.5
NNKL,0,0,0,
NNKM,5,3,8,0.62
NNKN,4,8,12,0.33
NNKP,5,7,12,0.42
NNKS,6,11,17,0.35
NNKb,2,2,4,0.5
NNKh,5,6,11,0.45
NNKl,1,1,2,0.5
NNKm,7,6,13,0.54
NNKn,10,2,12,0.83
NNKs,4,2,6,0.67
NNKt,2,0,2,1.0
NNLB,8,18,26,0.31
NNLD,1,3,4,0.25
NNLK,1,1,2,0.5
NNLL,6,4,10,0.6
NNLM,10,13,23,0.43
NNLN,11,10,21,0.52
NNLP,11,9,20,0.55
NNLS,11,6,17,0.65
NNLb,18,9,27,0.67
NNLh,4,10,14,0.29
NNLj,2,1,3,0.67
NNLl,2,2,4,0.5
NNLm,17,19,36,0.47
NNLn,16,24,40,0.4
NNLs,8,8,16,0.5
NNLt,0,2,2,0.0
NNMB,28,24,52,0.54
NNMD,3,3,6,0.5
NNMH,0,1,1,0.0
NNMK,1,2,3,0.33
NNML,4,9,13,0.31
NNMM,31,40,71,0.44
NNMN,54,45,99,0.55
NNMP,43,61,104,0.41
NNMS,17,21,38,0.45
NNMb,39,40,79,0.49
NNMh,24,29,53,0.45
NNMj,2,5,7,0.29
NNMl,9,8,17,0.53
NNMm,63,49,112,0.56
NNMn,60,57,117,0.51
NNMs,27,25,52,0.52
NNMt,1,2,3,0.33
NNNB,40,47,87,0.46
NNND,12,9,21,0.57
NNNH,10,15,25,0.4
NNNI,2,1,3,0.67
NNNK,6,7,13,0.46
NNNL,15,14,29,0.52
NNNM,51,58,109,0.47
NNNN,83,69,152,0.55
NNNP,80,98,178,0.45
NNNS,44,61,105,0.42
NNNb,35,37,72,0.49
NNNh,15,29,44,0.34
NNNl,25,12,37,0.68
NNNm,64,65,129,0.5
NNNn,75,89,164,0.46
NNNs,46,47,93,0.49
NNNt,14,11,25,0.56
NNPB,54,54,108,0.5
NNPD,8,11,19,0.42
NNPH,21,17,38,0.55
NNPI,8,10,18,0.44
NNPK,6,8,14,0.43
NNPL,16,24,40,0.4
NNPM,50,73,123,0.41
NNPN,85,69,154,0.55
NNPP,118,84,202,0.58
NNPS,60,57,117,0.51
NNPb,55,55,110,0.5
NNPh,4,5,9,0.44
NNPl,26,25,51,0.51
NNPm,68,63,131,0.52
NNPn,75,58,133,0.56
NNPs,46,59,105,0.44
NNPt,6,6,12,0.5
NNSB,26,37,63,0.41
NNSD,6,7,13,0.46
NNSH,7,7,14,0.5
NNSI,2,0,2,1.0
NNSK,2,0,2,1.0
NNSL,12,12,24,0.5
NNSM,22,28,50,0.44
NNSN,40,40,80,0.5
NNSP,43,46,89,0.48
NNSS,36,55,91,0.4
NNSb,24,23,47,0.51
NNSh,18,26,44,0.41
NNSl,9,10,19,0.47
NNSm,32,31,63,0.51
NNSn,35,43,78,0.45
NNSs,35,41,76,0.46
NNSt,4,2,6,0.67
NNbB,29,27,56,0.52
NNbD,5,2,7,0.71
NNbH,9,8,17,0.53
NNbI,2,3,5,0.4
NNbJ,12,6,18,0.67
NNbK,7,5,12,0.58
NNbL,8,17,25,0.32
NNbM,30,34,64,0.47
NNbN,50,54,104,0.48
NNbP,42,29,71,0.59
NNbS,26,19,45,0.58
NNbb,28,36,64,0.44
NNbh,0,1,1,0.0
NNbl,11,7,18,0.61
NNbm,26,25,51,0.51
NNbn,25,36,61,0.41
NNbs,26,13,39,0.67
NNbt,0,1,1,0.0
NNhB,12,8,20,0.6
NNhD,3,1,4,0.75
NNhH,2,2,4,0.5
NNhI,1,2,3,0.33
NNhK,0,1,1,0.0
NNhL,4,3,7,0.57
NNhM,12,12,24,0.5
NNhN,10,13,23,0.43
NNhP,16,16,32,0.5
NNhS,8,20,28,0.29
NNhb,15,4,19,0.79
NNhh,14,19,33,0.42
NNhl,5,6,11,0.45
NNhm,21,23,44,0.48
NNhn,21,22,43,0.49
NNhs,14,16,30,0.47
NNht,0,1,1,0.0
NNlB,8,12,20,0.4
NNlD,1,0,1,1.0
NNlH,8,9,17,0.47
NNlI,1,2,3,0.33
NNlJ,4,2,6,0.67
NNlL,5,3,8,0.62
NNlM,3,13,16,0.19
NNlN,16,19,35,0.46
NNlP,12,14,26,0.46
NNlS,8,8,16,0.5
NNlb,7,11,18,0.39
NNll,7,5,12,0.58
NNlm,7,15,22,0.32
NNln,14,14,28,0.5
NNls,9,3,12,0.75
NNmB,38,28,66,0.58
NNmD,17,8,25,0.68
NNmH,34,46,80,0.42
NNmI,5,7,12,0.42
NNmJ,12,14,26,0.46
NNmK,2,0,2,1.0
NNmL,6,13,19,0.32
NNmM,51,70,121,0.42
NNmN,69,65,134,0.51
NNmP,57,54,111,0.51
NNmS,31,23,54,0.57
NNmb,40,24,64,0.62
NNml,10,7,17,0.59
NNmm,54,49,103,0.52
NNmn,65,52,117,0.56
NNms,30,25,55,0.55
NNnB,42,45,87,0.48
NNnD,14,15,29,0.48
NNnH,37,34,71,0.52
NNnI,11,7,18,0.61
NNnK,5,4,9,0.56
NNnL,16,23,39,0.41
NNnM,41,54,95,0.43
NNnN,106,78,184,0.58
NNnP,96,94,190,0.51
NNnS,44,69,113,0.39
NNnb,46,43,89,0.52
NNnh,2,5,7,0.29
NNnl,15,15,30,0.5
NNnm,72,68,140,0.51
NNnn,80,86,166,0.48
NNns,51,54,105,0.49
NNsB,18,27,45,0.4
NNsD,14,13,27,0.52
NNsH,34,39,73,0.47
NNsI,7,6,13,0.54
NNsK,0,0,0,
NNsL,16,14,30,0.53
NNsM,32,40,72,0.44
NNsN,27,38,65,0.42
NNsP,42,39,81,0.52
NNsS,37,43,80,0.46
NNsb,29,21,50,0.58
NNsh,3,0,3,1.0
NNsl,9,13,22,0.41
NNsm,43,27,70,0.61
NNsn,47,28,75,0.63
NNss,28,23,51,0.55
NNst,1,2,3,0.33
NNtB,3,3,6,0.5
NNtD,0,4,4,0.0
NNtH,5,3,8,0.62
NNtI,1,1,2,0.5
NNtK,2,2,4,0.5
NNtL,2,1,3,0.67
NNtM,4,5,9,0.44
NNtN,12,17,29,0.41
NNtP,9,12,21,0.43
NNtS,9,11,20,0.45
NNtb,7,5,12,0.58
NNth,0,1,1,0.0
NNtl,2,3,5,0.4
NNtm,8,12,20,0.4
NNtn,8,6,14,0.57
NNts,3,5,8,0.38
NNtt,0,2,2,0.0
NPBB,49,58,107,0.46
NPBD,8,12,20,0.4
NPBH,0,1,1,0.0
NPBK,7,9,16,0.44
NPBL,12,16,28,0.43
NPBM,33,49,82,0.4
NPBN,45,50,95,0.47
NPBP,51,57,108,0.47
NPBS,24,16,40,0.6
NPBb,35,37,72,0.49
NPBh,4,1,5,0.8
NPBj,10,12,22,0.45
NPBl,19,16,35,0.54
NPBm,55,31,86,0.64
NPBn,56,51,107,0.52
NPBs,19,19,38,0.5
NPBt,5,3,8,0.62
NPDB,10,4,14,0.71
NPDD,3,6,9,0.33
NPDH,8,12,20,0.4
NPDI,0,1,1,0.0
NPDK,0,1,1,0.0
NPDL,6,6,12,0.5
NPDM,11,11,22,0.5
NPDN,10,5,15,0.67
NPDP,9,16,25,0.36
NPDS,7,8,15,0.47
NPDb,5,6,11,0.45
NPDl,1,3,4,0.25
NPDm,13,7,20,0.65
NPDn,5,10,15,0.33
NPDs,12,3,15,0.8
NPDt,1,4,5,0.2
NPHB,13,14,27,0.48
NPHD,6,3,9,0.67
NPHH,4,2,6,0.67
NPHI,2,2,4,0.5
NPHK,2,0,2,1.0
NPHL,3,6,9,0.33
NPHM,14,15,29,0.48
NPHN,11,20,31,0.35
NPHP,30,17,47,0.64
NPHS,13,12,25,0.52
NPHb,11,11,22,0.5
NPHh,2,8,10,0.2
NPHl,6,1,7,0.86
NPHm,21,14,35,0.6
NPHn,16,19,35,0.46
NPHs,18,13,31,0.58
NPHt,0,1,1,0.0
NPIB,5,4,9,0.56
NPID,3,3,6,0.5
NPIH,4,9,13,0.31
NPII,1,1,2,0.5
NPIK,1,0,1,1.0
NPIL,3,4,7,0.43
NPIM,3,7,10,0.3
NPIN,3,7,10,0.3
NPIP,9,9,18,0.5
NPIS,4,8,12,0.33
NPIb,5,7,12,0.42
NPIh,1,0,1,1.0
NPIl,1,2,3,0.33
NPIm,14,7,21,0.67
NPIn,9,4,13,0.69
NPIs,5,2,7,0.71
NPIt,0,1,1,0.0
NPKB,6,2,8,0.75
NPKD,1,2,3,0.33
NPKH,2,0,2,1.0
NPKI,0,1,1,0.0
NPKL,1,2,3,0.33
NPKM,11,6,17,0.65
NPKN,3,7,10,0.3
NPKP,11,13,24,0.46
NPKS,7,5,12,0.58
NPKb,10,6,16,0.62
NPKh,2,6,8,0.25
NPKl,4,6,10,0.4
NPKm,9,5,14,0.64
NPKn,8,8,16,0.5
NPKs,4,4,8,0.5
NPKt,2,1,3,0.67
NPLB,18,25,43,0.42
NPLD,3,2,5,0.6
NPLK,1,1,2,0.5
NPLL,8,13,21,0.38
NPLM,10,10,20,0.5
NPLN,21,17,38,0.55
NPLP,27,20,47,0.57
NPLS,12,13,25,0.48
NPLb,16,21,37,0.43
NPLh,2,4,6,0.33
NPLj,5,6,11,0.45
NPLl,10,14,24,0.42
NPLm,22,26,48,0.46
NPLn,28,24,52,0.54
NPLs,16,14,30,0.53
NPLt,2,2,4,0.5
NPMB,52,51,103,0.5
NPMD,16,7,23,0.7
NPMH,0,1,1,0.0
NPMI,1,0,1,1.0
NPMK,2,2,4,0.5
NPML,15,11,26,0.58
NPMM,40,60,100,0.4
NPMN,45,44,89,0.51
NPMP,50,61,111,0.45
NPMS,23,31,54,0.43
NPMb,43,37,80,0.54
NPMh,31,47,78,0.4
NPMj,13,3,16,0.81
NPMl,20,10,30,0.67
NPMm,71,62,133,0.53
NPMn,65,62,127,0.51
NPMs,35,30,65,0.54
NPMt,8,6,14,0.57
NPNB,53,70,123,0.43
NPND,7,17,24,0.29
NPNH,14,10,24,0.58
NPNI,1,0,1,1.0
NPNK,6,10,16,0.38
NPNL,23,26,49,0.47
NPNM,58,58,116,0.5
NPNN,72,75,147,0.49
NPNP,68,86,154,0.44
NPNS,45,60,105,0.43
NPNb,32,46,78,0.41
NPNh,17,20,37,0.46
NPNl,25,20,45,0.56
NPNm,83,51,134,0.62
NPNn,65,69,134,0.49
NPNs,43,46,89,0.48
NPNt,6,3,9,0.67
NPPB,57,65,122,0.47
NPPD,14,6,20,0.7
NPPH,16,19,35,0.46
NPPI,7,4,11,0.64
NPPK,6,9,15,0.4
NPPL,31,35,66,0.47
NPPM,85,101,186,0.46
NPPN,75,65,140,0.54
NPPP,100,117,217,0.46
NPPS,62,53,115,0.54
NPPb,73,53,126,0.58
NPPh,8,10,18,0.44
NPPl,39,41,80,0.49
NPPm,76,65,141,0.54
NPPn,73,47,120,0.61
NPPs,59,63,122,0.48
NPPt,9,11,20,0.45
NPSB,22,38,60,0.37
NPSD,8,6,14,0.57
NPSH,13,23,36,0.36
NPSI,0,1,1,0.0
NPSK,0,3,3,0.0
NPSL,23,18,41,0.56
NPSM,31,46,77,0.4
NPSN,45,33,78,0.58
NPSP,42,56,98,0.43
NPSS,50,45,95,0.53
NPSb,35,28,63,0.56
NPSh,19,24,43,0.44
NPSl,15,12,27,0.56
NPSm,58,42,100,0.58
NPSn,51,41,92,0.55
NPSs,40,40,80,0.5
NPSt,4,2,6,0.67
NPbB,28,41,69,0.41
NPbD,8,2,10,0.8
NPbH,5,12,17,0.29
NPbI,5,4,9,0.56
NPbJ,11,11,22,0.5
NPbK,4,5,9,0.44
NPbL,15,18,33,0.45
NPbM,38,53,91,0.42
NPbN,56,57,113,0.5
NPbP,58,45,103,0.56
NPbS,25,21,46,0.54
NPbb,39,33,72,0.54
NPbl,16,23,39,0.41
NPbm,34,37,71,0.48
NPbn,44,47,91,0.48
NPbs,29,21,50,0.58
NPhB,11,4,15,0.73
NPhD,1,1,2,0.5
NPhH,1,0,1,1.0
NPhL,2,2,4,0.5
NPhM,3,8,11,0.27
NPhN,5,9,14,0.36
NPhP,14,13,27,0.52
NPhS,5,7,12,0.42
NPhb,8,5,13,0.62
NPhh,6,5,11,0.55
NPhl,0,2,2,0.0
NPhm,6,15,21,0.29
NPhn,5,2,7,0.71
NPhs,9,8,17,0.53
NPlB,17,20,37,0.46
NPlD,2,1,3,0.67
NPlH,8,12,20,0.4
NPlI,1,2,3,0.33
NPlJ,5,4,9,0.56
NPlK,1,1,2,0.5
NPlL,14,14,28,0.5
NPlM,24,29,53,0.45
NPlN,24,17,41,0.59
NPlP,19,16,35,0.54
NPlS,11,14,25,0.44
NPlb,20,10,30,0.67
NPll,8,5,13,0.62
NPlm,19,10,29,0.66
NPln,22,13,35,0.63
NPls,9,10,19,0.47
NPmB,46,54,100,0.46
NPmD,17,22,39,0.44
NPmH,46,47,93,0.49
NPmI,2,3,5,0.4
NPmJ,17,8,25,0.68
NPmK,0,3,3,0.0
NPmL,25,18,43,0.58
NPmM,55,78,133,0.41
NPmN,65,73,138,0.47
NPmP,67,71,138,0.49
NPmS,42,38,80,0.52
NPmb,52,58,110,0.47
NPml,19,16,35,0.54
NPmm,70,54,124,0.56
NPmn,57,52,109,0.52
NPms,32,22,54,0.59
NPmt,0,1,1,0.0
NPnB,39,40,79,0.49
NPnD,6,8,14,0.43
NPnH,30,32,62,0.48
NPnI,7,6,13,0.54
NPnK,10,5,15,0.67
NPnL,19,21,40,0.48
NPnM,46,57,103,0.45
NPnN,56,88,144,0.39
NPnP,77,77,154,0.5
NPnS,46,45,91,0.51
NPnb,43,31,74,0.58
NPnh,1,1,2,0.5
NPnl,23,14,37,0.62
NPnm,65,57,122,0.53
NPnn,65,48,113,0.58
NPns,38,35,73,0.52
NPnt,0,1,1,0.0
NPsB,20,22,42,0.48
NPsD,13,3,16,0.81
NPsH,39,35,74,0.53
NPsI,4,6,10,0.4
NPsK,1,0,1,1.0
NPsL,13,12,25,0.52
NPsM,35,49,84,0.42
NPsN,41,43,84,0.49
NPsP,56,40,96,0.58
NPsS,41,39,80,0.51
NPsb,24,20,44,0.55
NPsh,5,3,8,0.62
NPsl,14,19,33,0.42
NPsm,40,34,74,0.54
NPsn,52,23,75,0.69
NPss,35,30,65,0.54
NPst,0,2,2,0.0
NPtB,2,3,5,0.4
NPtD,1,0,1,1.0
NPtH,2,0,2,1.0
NPtK,1,2,3,0.33
NPtL,1,2,3,0.33
NPtM,6,8,14,0.43
NPtN,5,5,10,0.5
NPtP,4,3,7,0.57
NPtS,2,7,9,0.22
NPtb,7,4,11,0.64
NPtl,0,2,2,0.0
NPtm,6,4,10,0.6
NPtn,9,5,14,0.64
NPts,1,4,5,0.2
NPtt,1,0,1,1.0
NSBB,27,26,53,0.51
NSBD,4,5,9,0.44
NSBK,2,4,6,0.33
NSBL,2,9,11,0.18
NSBM,9,19,28,0.32
NSBN,26,28,54,0.48
NSBP,41,29,70,0.59
NSBS,18,11,29,0.62
NSBb,13,25,38,0.34
NSBh,3,2,5,0.6
NSBj,6,4,10,0.6
NSBl,7,5,12,0.58
NSBm,21,25,46,0.46
NSBn,28,26,54,0.52
NSBs,7,11,18,0.39
NSBt,1,5,6,0.17
NSDB,3,9,12,0.25
NSDD,1,2,3,0.33
NSDH,7,9,16,0.44
NSDI,0,1,1,0.0
NSDL,0,2,2,0.0
NSDM,7,7,14,0.5
NSDN,4,8,12,0.33
NSDP,7,5,12,0.58
NSDS,8,7,15,0.53
NSDb,6,5,11,0.55
NSDl,3,2,5,0.6
NSDm,10,11,21,0.48
NSDn,6,3,9,0.67
NSDs,1,10,11,0.09
NSHB,5,4,9,0.56
NSHD,2,2,4,0.5
NSHH,4,0,4,1.0
NSHI,0,1,1,0.0
NSHK,1,2,3,0.33
NSHL,3,3,6,0.5
NSHM,5,9,14,0.36
NSHN,14,13,27,0.52
NSHP,7,11,18,0.39
NSHS,12,14,26,0.46
NSHb,9,6,15,0.6
NSHh,5,4,9,0.56
NSHl,7,4,11,0.64
NSHm,19,12,31,0.61
NSHn,5,4,9,0.56
NSHs,14,11,25,0.56
NSHt,1,2,3,0.33
NSIB,0,1,1,0.0
NSID,0,1,1,0.0
NSIH,0,2,2,0.0
NSIM,1,2,3,0.33
NSIN,0,2,2,0.0
NSIP,1,0,1,1.0
NSIl,0,1,1,0.0
NSIm,1,3,4,0.25
NSIs,0,2,2,0.0
NSIt,1,0,1,1.0
NSKB,1,2,3,0.33
NSKL,2,0,2,1.0
NSKM,1,0,1,1.0
NSKb,1,0,1,1.0
NSKh,3,1,4,0.75
NSKm,1,3,4,0.25
NSKn,0,2,2,0.0
NSKs,1,0,1,1.0
NSKt,1,0,1,1.0
NSLB,14,3,17,0.82
NSLD,1,0,1,1.0
NSLK,0,1,1,0.0
NSLL,2,1,3,0.67
NSLM,10,9,19,0.53
NSLN,11,5,16,0.69
NSLP,19,14,33,0.58
NSLS,10,5,15,0.67
NSLb,3,4,7,0.43
NSLh,1,0,1,1.0
NSLj,1,1,2,0.5
NSLl,1,4,5,0.2
NSLm,16,15,31,0.52
NSLn,9,8,17,0.53
NSLs,5,7,12,0.42
NSLt,5,2,7,0.71
NSMB,23,34,57,0.4
NSMD,6,3,9,0.67
NSMH,1,0,1,1.0
NSMK,1,1,2,0.5
NSML,10,8,18,0.56
NSMM,21,38,59,0.36
NSMN,19,31,50,0.38
NSMP,29,28,57,0.51
NSMS,22,19,41,0.54
NSMb,26,18,44,0.59
NSMh,21,25,46,0.46
NSMj,1,4,5,0.2
NSMl,9,7,16,0.56
NSMm,29,27,56,0.52
NSMn,28,40,68,0.41
NSMs,20,24,44,0.45
NSMt,2,3,5,0.4
NSNB,25,21,46,0.54
NSND,7,5,12,0.58
NSNH,8,7,15,0.53
NSNI,2,0,2,1.0
NSNK,3,4,7,0.43
NSNL,6,7,13,0.46
NSNM,27,19,46,0.59
NSNN,43,39,82,0.52
NSNP,49,38,87,0.56
NSNS,23,26,49,0.47
NSNb,21,4,25,0.84
NSNh,3,7,10,0.3
NSNl,5,6,11,0.45
NSNm,28,30,58,0.48
NSNn,40,53,93,0.43
NSNs,25,25,50,0.5
NSNt,4,4,8,0.5
NSPB,27,28,55,0.49
NSPD,6,8,14,0.43
NSPH,13,11,24,0.54
NSPI,3,1,4,0.75
NSPK,2,12,14,0.14
NSPL,12,18,30,0.4
NSPM,39,34,73,0.53
NSPN,45,40,85,0.53
NSPP,49,63,112,0.44
NSPS,28,26,54,0.52
NSPb,24,30,54,0.44
NSPh,4,9,13,0.31
NSPl,7,14,21,0.33
NSPm,38,44,82,0.46
NSPn,32,46,78,0.41
NSPs,30,33,63,0.48
NSPt,3,4,7,0.43
NSSB,17,21,38,0.45
NSSD,7,6,13,0.54
NSSH,15,18,33,0.45
NSSI,1,3,4,0.25
NSSK,0,3,3,0.0
NSSL,8,8,16,0.5
NSSM,30,43,73,0.41
NSSN,41,34,75,0.55
NSSP,30,34,64,0.47
NSSS,45,40,85,0.53
NSSb,17,13,30,0.57
NSSh,5,20,25,0.2
NSSl,6,15,21,0.29
NSSm,34,32,66,0.52
NSSn,32,37,69,0.46
NSSs,32,32,64,0.5
NSSt,4,6,10,0.4
NSbB,13,18,31,0.42
NSbD,1,2,3,0.33
NSbH,4,5,9,0.44
NSbI,3,1,4,0.75
NSbJ,5,3,8,0.62
NSbK,3,4,7,0.43
NSbL,2,7,9,0.22
NSbM,11,24,35,0.31
NSbN,32,24,56,0.57
NSbP,26,20,46,0.57
NSbS,14,16,30,0.47
NSbb,19,14,33,0.58
NSbl,7,6,13,0.54
NSbm,21,16,37,0.57
NSbn,18,16,34,0.53
NSbs,9,15,24,0.38
NShB,12,7,19,0.63
NShD,4,6,10,0.4
NShH,9,4,13,0.69
NShI,3,2,5,0.6
NShL,5,6,11,0.45
NShM,15,19,34,0.44
NShN,17,18,35,0.49
NShP,19,11,30,0.63
NShS,23,19,42,0.55
NShb,11,10,21,0.52
NShh,15,16,31,0.48
NShl,6,5,11,0.55
NShm,18,20,38,0.47
NShn,10,14,24,0.42
NShs,9,20,29,0.31
NSht,1,1,2,0.5
NSlB,6,10,16,0.38
NSlD,1,2,3,0.33
NSlH,6,4,10,0.6
NSlI,1,1,2,0.5
NSlJ,6,1,7,0.86
NSlK,1,2,3,0.33
NSlL,1,2,3,0.33
NSlM,4,10,14,0.29
NSlN,11,8,19,0.58
NSlP,7,7,14,0.5
NSlS,5,6,11,0.45
NSlb,6,6,12,0.5
NSll,3,2,5,0.6
NSlm,12,12,24,0.5
NSln,5,8,13,0.38
NSls,6,6,12,0.5
NSmB,22,31,53,0.42
NSmD,13,8,21,0.62
NSmH,25,26,51,0.49
NSmI,1,3,4,0.25
NSmJ,5,8,13,0.38
NSmK,2,0,2,1.0
NSmL,9,2,11,0.82
NSmM,24,42,66,0.36
NSmN,38,48,86,0.44
NSmP,36,32,68,0.53
NSmS,29,29,58,0.5
NSmb,24,21,45,0.53
NSml,7,4,11,0.64
NSmm,36,39,75,0.48
NSmn,30,34,64,0.47
NSms,22,16,38,0.58
NSnB,24,17,41,0.59
NSnD,7,7,14,0.5
NSnH,15,21,36,0.42
NSnI,5,5,10,0.5
NSnK,5,9,14,0.36
NSnL,17,14,31,0.55
NSnM,26,33,59,0.44
NSnN,39,51,90,0.43
NSnP,41,49,90,0.46
NSnS,26,24,50,0.52
NSnb,22,17,39,0.56
NSnh,2,3,5,0.4
NSnl,10,8,18,0.56
NSnm,39,29,68,0.57
NSnn,42,34,76,0.55
NSns,19,21,40,0.48
NSsB,30,13,43,0.7
NSsD,9,11,20,0.45
NSsH,28,21,49,0.57
NSsI,5,7,12,0.42
NSsK,1,0,1,1.0
NSsL,10,12,22,0.45
NSsM,34,30,64,0.53
NSsN,22,35,57,0.39
NSsP,41,34,75,0.55
NSsS,33,38,71,0.46
NSsb,16,21,37,0.43
NSsh,0,3,3,0.0
NSsl,3,7,10,0.3
NSsm,36,25,61,0.59
NSsn,33,14,47,0.7
NSss,29,45,74,0.39
NStB,4,4,8,0.5
NStD,2,0,2,1.0
NStH,2,2,4,0.5
NStL,3,1,4,0.75
NStM,5,6,11,0.45
NStN,5,2,7,0.71
NStP,7,7,14,0.5
NStS,3,4,7,0.43
NStb,2,2,4,0.5
NStl,1,2,3,0.33
NStm,8,4,12,0.67
NStn,3,3,6,0.5
NSts,4,1,5,0.8
NStt,2,0,2,1.0
NbBB,25,16,41,0.61
NbBD,10,8,18,0.56
NbBK,3,6,9,0.33
NbBL,3,7,10,0.3
NbBM,25,20,45,0.56
NbBN,33,26,59,0.56
NbBP,33,36,69,0.48
NbBS,12,14,26,0.46
NbBb,19,18,37,0.51
NbBh,3,1,4,0.75
NbBj,7,4,11,0.64
NbBl,8,10,18,0.44
NbBm,22,24,46,0.48
NbBn,44,38,82,0.54
NbBs,12,9,21,0.57
NbBt,3,6,9,0.33
NbDB,3,3,6,0.5
NbDD,3,0,3,1.0
NbDH,1,3,4,0.25
NbDL,0,1,1,0.0
NbDM,5,2,7,0.71
NbDN,6,4,10,0.6
NbDP,3,5,8,0.38
NbDS,2,6,8,0.25
NbDb,5,2,7,0.71
NbDl,0,0,0,
NbDm,8,5,13,0.62
NbDn,11,1,12,0.92
NbDs,4,2,6,0.67
NbDt,2,1,3,0.67
NbHB,5,4,9,0.56
NbHD,1,0,1,1.0
NbHH,1,2,3,0.33
NbHI,1,4,5,0.2
NbHK,0,2,2,0.0
NbHL,1,2,3,0.33
NbHM,10,5,15,0.67
NbHN,11,16,27,0.41
NbHP,8,9,17,0.47
NbHS,3,5,8,0.38
NbHb,6,6,12,0.5
NbHh,4,2,6,0.67
NbHl,2,1,3,0.67
NbHm,11,8,19,0.58
NbHn,17,8,25,0.68
NbHs,3,7,10,0.3
NbIB,1,1,2,0.5
NbIH,1,0,1,1.0
NbII,3,0,3,1.0
NbIL,0,1,1,0.0
NbIM,2,2,4,0.5
NbIN,4,1,5,0.8
NbIP,1,5,6,0.17
NbIS,1,4,5,0.2
NbIb,3,1,4,0.75
NbIh,0,1,1,0.0
NbIl,1,0,1,1.0
NbIm,6,2,8,0.75
NbIn,5,2,7,0.71
NbIs,4,3,7,0.57
NbJB,7,8,15,0.47
NbJD,1,1,2,0.5
NbJH,5,5,10,0.5
NbJI,2,0,2,1.0
NbJK,0,1,1,0.0
NbJL,4,3,7,0.57
NbJM,9,9,18,0.5
NbJN,7,10,17,0.41
NbJP,13,12,25,0.52
NbJS,9,3,12,0.75
NbJb,9,9,18,0.5
NbJh,1,0,1,1.0
NbJl,2,3,5,0.4
NbJm,9,9,18,0.5
NbJn,9,6,15,0.6
NbJs,7,8,15,0.47
NbJt,0,1,1,0.0
NbKB,3,4,7,0.43
NbKD,2,1,3,0.67
NbKH,1,0,1,1.0
NbKI,0,2,2,0.0
NbKL,3,0,3,1.0
NbKM,5,5,10,0.5
NbKN,4,5,9,0.44
NbKP,5,5,10,0.5
NbKS,2,6,8,0.25
NbKb,7,4,11,0.64
NbKh,0,2,2,0.0
NbKl,4,1,5,0.8
NbKm,5,7,12,0.42
NbKn,2,1,3,0.67
NbKs,1,6,7,0.14
NbLB,9,5,14,0.64
NbLD,2,0,2,1.0
NbLK,1,1,2,0.5
NbLL,4,3,7,0.57
NbLM,6,10,16,0.38
NbLN,8,12,20,0.4
NbLP,13,14,27,0.48
NbLS,4,3,7,0.57
NbLb,12,7,19,0.63
NbLh,4,6,10,0.4
NbLj,3,3,6,0.5
NbLl,4,4,8,0.5
NbLm,8,11,19,0.42
NbLn,16,11,27,0.59
NbLs,8,8,16,0.5
NbLt,0,1,1,0.0
NbMB,24,25,49,0.49
NbMD,7,5,12,0.58
NbMI,0,0,0,
NbMK,0,0,0,
NbML,6,9,15,0.4
NbMM,26,24,50,0.52
NbMN,26,27,53,0.49
NbMP,37,37,74,0.5
NbMS,12,19,31,0.39
NbMb,24,14,38,0.63
NbMh,29,20,49,0.59
NbMj,2,3,5,0.4
NbMl,7,6,13,0.54
NbMm,24,32,56,0.43
NbMn,39,35,74,0.53
NbMs,17,15,32,0.53
NbMt,5,2,7,0.71
NbNB,24,28,52,0.46
NbND,11,8,19,0.58
NbNH,2,8,10,0.2
NbNI,1,0,1,1.0
NbNK,1,6,7,0.14
NbNL,10,7,17,0.59
NbNM,32,42,74,0.43
NbNN,47,42,89,0.53
NbNP,37,57,94,0.39
NbNS,27,24,51,0.53
NbNb,35,27,62,0.56
NbNh,10,7,17,0.59
NbNl,14,14,28,0.5
NbNm,42,39,81,0.52
NbNn,49,45,94,0.52
NbNs,24,30,54,0.44
NbNt,6,9,15,0.4
NbPB,26,27,53,0.49
NbPD,3,7,10,0.3
NbPH,7,7,14,0.5
NbPI,5,2,7,0.71
NbPK,2,8,10,0.2
NbPL,15,12,27,0.56
NbPM,45,35,80,0.56
NbPN,32,39,71,0.45
NbPP,52,43,95,0.55
NbPS,26,25,51,0.51
NbPb,32,26,58,0.55
NbPh,3,4,7,0.43
NbPl,9,5,14,0.64
NbPm,33,38,71,0.46
NbPn,32,27,59,0.54
NbPs,19,17,36,0.53
NbPt,6,4,10,0.6
NbSB,9,6,15,0.6
NbSD,6,1,7,0.86
NbSH,6,6,12,0.5
NbSK,1,0,1,1.0
NbSL,2,7,9,0.22
NbSM,19,28,47,0.4
NbSN,17,13,30,0.57
NbSP,22,26,48,0.46
NbSS,17,16,33,0.52
NbSb,16,14,30,0.53
NbSh,13,9,22,0.59
NbSl,6,5,11,0.55
NbSm,14,10,24,0.58
NbSn,20,19,39,0.51
NbSs,13,14,27,0.48
NbSt,2,1,3,0.67
NbbB,26,29,55,0.47
NbbD,3,4,7,0.43
NbbH,7,8,15,0.47
NbbI,1,1,2,0.5
NbbJ,7,8,15,0.47
NbbK,5,2,7,0.71
NbbL,8,9,17,0.47
NbbM,24,23,47,0.51
NbbN,43,33,76,0.57
NbbP,43,36,79,0.54
NbbS,10,16,26,0.38
Nbbb,23,24,47,0.49
Nbbl,2,10,12,0.17
Nbbm,29,27,56,0.52
Nbbn,28,35,63,0.44
Nbbs,13,15,28,0.46
NbhM,0,1,1,0.0
NbhN,1,0,1,1.0
NbhP,2,2,4,0.5
NbhS,0,1,1,0.0
Nbhb,0,0,0,
NblB,9,7,16,0.56
NblD,1,2,3,0.33
NblH,3,4,7,0.43
NblI,2,2,4,0.5
NblJ,3,1,4,0.75
NblK,0,1,1,0.0
NblL,2,3,5,0.4
NblM,7,6,13,0.54
NblN,10,9,19,0.53
NblP,9,13,22,0.41
NblS,3,5,8,0.38
Nblb,5,9,14,0.36
Nbll,2,4,6,0.33
Nblm,10,4,14,0.71
Nbln,8,3,11,0.73
Nbls,2,2,4,0.5
Nblt,0,1,1,0.0
NbmB,21,25,46,0.46
NbmD,8,6,14,0.57
NbmH,19,29,48,0.4
NbmI,2,2,4,0.5
NbmJ,5,5,10,0.5
NbmK,1,3,4,0.25
NbmL,7,7,14,0.5
NbmM,24,39,63,0.38
NbmN,34,37,71,0.48
NbmP,30,36,66,0.45
NbmS,16,18,34,0.47
Nbmb,24,26,50,0.48
Nbml,9,7,16,0.56
Nbmm,36,13,49,0.73
Nbmn,18,30,48,0.38
Nbms,8,8,16,0.5
NbnB,22,28,50,0.44
NbnD,5,3,8,0.62
NbnH,12,16,28,0.43
NbnI,3,4,7,0.43
NbnK,2,5,7,0.29
NbnL,5,8,13,0.38
NbnM,29,28,57,0.51
NbnN,43,38,81,0.53
NbnP,38,44,82,0.46
NbnS,20,32,52,0.38
Nbnb,27,26,53,0.51
Nbnh,1,2,3,0.33
Nbnl,10,11,21,0.48
Nbnm,44,31,75,0.59
Nbnn,41,28,69,0.59
Nbns,18,17,35,0.51
NbsB,20,11,31,0.65
NbsD,5,2,7,0.71
NbsH,7,24,31,0.23
NbsI,1,6,7,0.14
NbsL,5,9,14,0.36
NbsM,15,19,34,0.44
NbsN,18,11,29,0.62
NbsP,18,18,36,0.5
NbsS,18,12,30,0.6
Nbsb,13,9,22,0.59
Nbsh,1,1,2,0.5
Nbsl,6,2,8,0.75
Nbsm,18,14,32,0.56
Nbsn,10,7,17,0.59
Nbss,12,7,19,0.63
Nbst,0,1,1,0.0
NbtH,0,1,1,0.0
NbtM,0,0,0,
NbtP,0,1,1,0.0
Nbtm,1,0,1,1.0
NhBB,12,10,22,0.55
NhBD,0,2,2,0.0
NhBK,1,4,5,0.2
NhBL,1,5,6,0.17
NhBM,7,7,14,0.5
NhBN,5,15,20,0.25
NhBP,15,13,28,0.54
NhBS,5,4,9,0.56
NhBb,8,9,17,0.47
NhBh,0,3,3,0.0
NhBj,2,1,3,0.67
NhBl,2,4,6,0.33
NhBm,12,4,16,0.75
NhBn,17,12,29,0.59
NhBs,7,4,11,0.64
NhBt,2,1,3,0.67
NhDB,1,3,4,0.25
NhDD,4,1,5,0.8
NhDH,1,1,2,0.5
NhDK,0,0,0,
NhDL,1,1,2,0.5
NhDM,3,3,6,0.5
NhDN,3,3,6,0.5
NhDP,1,2,3,0.33
NhDS,0,4,4,0.0
NhDb,3,1,4,0.75
NhDm,2,5,7,0.29
NhDn,1,2,3,0.33
NhDs,1,3,4,0.25
NhHB,2,0,2,1.0
NhHD,0,0,0,
NhHH,3,0,3,1.0
NhHK,0,0,0,
NhHL,1,0,1,1.0
NhHM,3,8,11,0.27
NhHN,5,1,6,0.83
NhHP,3,2,5,0.6
NhHS,2,0,2,1.0
NhHb,3,1,4,0.75
NhHh,2,2,4,0.5
NhHl,1,0,1,1.0
NhHm,0,1,1,0.0
NhHn,1,5,6,0.17
NhHs,1,2,3,0.33
NhIB,2,1,3,0.67
NhID,1,0,1,1.0
NhIH,0,2,2,0.0
NhIK,1,0,1,1.0
NhIL,1,0,1,1.0
NhIM,1,1,2,0.5
NhIP,1,2,3,0.33
NhIS,0,1,1,0.0
NhIb,0,1,1,0.0
NhIh,0,1,1,0.0
NhIl,1,0,1,1.0
NhIm,0,2,2,0.0
NhIn,1,2,3,0.33
NhIs,4,1,5,0.8
NhKB,1,1,2,0.5
NhKM,0,1,1,0.0
NhKN,1,2,3,0.33
NhKh,1,0,1,1.0
NhKm,1,1,2,0.5
NhKs,0,0,0,
NhLB,5,6,11,0.45
NhLD,1,0,1,1.0
NhLK,0,2,2,0.0
NhLL,0,1,1,0.0
NhLM,2,3,5,0.4
NhLN,3,1,4,0.75
NhLP,1,4,5,0.2
NhLS,0,2,2,0.0
NhLb,3,2,5,0.6
NhLh,1,0,1,1.0
NhLl,3,0,3,1.0
NhLm,7,7,14,0.5
NhLn,4,6,10,0.4
NhLs,5,3,8,0.62
NhMB,7,11,18,0.39
NhMD,1,1,2,0.5
NhMI,0,0,0,
NhML,5,1,6,0.83
NhMM,8,12,20,0.4
NhMN,10,14,24,0.42
NhMP,10,15,25,0.4
NhMS,7,6,13,0.54
NhMb,10,9,19,0.53
NhMh,6,5,11,0.55
NhMj,1,0,1,1.0
NhMl,6,5,11,0.55
NhMm,21,15,36,0.58
NhMn,16,3,19,0.84
NhMs,9,4,13,0.69
NhMt,0,1,1,0.0
NhNB,10,9,19,0.53
NhND,3,7,10,0.3
NhNH,1,1,2,0.5
NhNK,3,5,8,0.38
NhNL,1,3,4,0.25
NhNM,10,14,24,0.42
NhNN,9,16,25,0.36
NhNP,20,20,40,0.5
NhNS,12,9,21,0.57
NhNb,5,8,13,0.38
NhNh,2,4,6,0.33
NhNl,4,1,5,0.8
NhNm,14,15,29,0.48
NhNn,16,16,32,0.5
NhNs,6,16,22,0.27
NhNt,3,2,5,0.6
NhPB,10,9,19,0.53
NhPD,6,2,8,0.75
NhPH,2,6,8,0.25
NhPI,2,4,6,0.33
NhPK,0,2,2,0.0
NhPL,1,4,5,0.2
NhPM,13,13,26,0.5
NhPN,18,15,33,0.55
NhPP,26,12,38,0.68
NhPS,9,9,18,0.5
NhPb,5,14,19,0.26
NhPh,4,2,6,0.67
NhPl,8,4,12,0.67
NhPm,14,15,29,0.48
NhPn,13,15,28,0.46
NhPs,13,13,26,0.5
NhPt,1,3,4,0.25
NhSB,12,2,14,0.86
NhSD,3,1,4,0.75
NhSH,8,7,15,0.53
NhSK,2,0,2,1.0
NhSL,6,2,8,0.75
NhSM,7,16,23,0.3
NhSN,10,16,26,0.38
NhSP,12,7,19,0.63
NhSS,13,10,23,0.57
NhSb,13,6,19,0.68
NhSh,10,7,17,0.59
NhSl,2,4,6,0.33
NhSm,14,11,25,0.56
NhSn,11,8,19,0.58
NhSs,11,9,20,0.55
NhSt,1,1,2,0.5
NhbB,15,4,19,0.79
NhbD,1,2,3,0.33
NhbH,1,3,4,0.25
NhbI,1,1,2,0.5
NhbJ,4,3,7,0.57
NhbK,1,0,1,1.0
NhbL,1,3,4,0.25
NhbM,7,11,18,0.39
NhbN,16,12,28,0.57
NhbP,8,6,14,0.57
NhbS,5,3,8,0.62
Nhbb,7,8,15,0.47
Nhbl,2,4,6,0.33
Nhbm,10,8,18,0.56
Nhbn,4,10,14,0.29
Nhbs,4,4,8,0.5
NhhB,8,10,18,0.44
NhhD,5,1,6,0.83
NhhH,1,2,3,0.33
NhhL,4,0,4,1.0
NhhM,11,16,27,0.41
NhhN,8,6,14,0.57
NhhP,11,14,25,0.44
NhhS,12,9,21,0.57
Nhhb,11,8,19,0.58
Nhhh,8,6,14,0.57
Nhhl,4,6,10,0.4
Nhhm,15,5,20,0.75
Nhhn,12,13,25,0.48
Nhhs,11,10,21,0.52
Nhht,1,2,3,0.33
NhlB,0,4,4,0.0
NhlH,3,1,4,0.75
NhlJ,0,2,2,0.0
NhlK,0,1,1,0.0
NhlL,2,0,2,1.0
NhlM,5,6,11,0.45
NhlN,5,2,7,0.71
NhlP,5,8,13,0.38
NhlS,0,1,1,0.0
Nhlb,1,4,5,0.2
Nhlh,0,0,0,
Nhll,2,1,3,0.67
Nhlm,3,2,5,0.6
Nhln,2,5,7,0.29
Nhls,2,0,2,1.0
NhmB,8,14,22,0.36
NhmD,3,3,6,0.5
NhmH,7,12,19,0.37
NhmI,3,0,3,1.0
NhmJ,5,1,6,0.83
NhmK,0,2,2,0.0
NhmL,4,1,5,0.8
NhmM,9,21,30,0.3
NhmN,16,18,34,0.47
NhmP,24,10,34,0.71
NhmS,11,10,21,0.52
Nhmb,14,21,35,0.4
Nhml,4,1,5,0.8
Nhmm,15,13,28,0.54
Nhmn,15,12,27,0.56
Nhms,4,3,7,0.57
NhnB,3,9,12,0.25
NhnD,2,1,3,0.67
NhnH,7,11,18,0.39
NhnI,1,0,1,1.0
NhnK,0,1,1,0.0
NhnL,1,1,2,0.5
NhnM,11,14,25,0.44
NhnN,13,20,33,0.39
NhnP,12,23,35,0.34
NhnS,10,9,19,0.53
Nhnb,13,10,23,0.57
Nhnh,0,1,1,0.0
Nhnl,3,2,5,0.6
Nhnm,16,11,27,0.59
Nhnn,11,13,24,0.46
Nhns,11,13,24,0.46
NhsB,8,7,15,0.53
NhsD,5,2,7,0.71
NhsH,3,10,13,0.23
NhsI,2,1,3,0.67
NhsK,1,0,1,1.0
NhsL,2,1,3,0.67
NhsM,11,10,21,0.52
NhsN,12,9,21,0.57
NhsP,18,13,31,0.58
NhsS,8,14,22,0.36
Nhsb,8,6,14,0.57
Nhsh,2,0,2,1.0
Nhsl,3,2,5,0.6
Nhsm,7,14,21,0.33
Nhsn,7,12,19,0.37
Nhss,7,7,14,0.5
NhtB,1,3,4,0.25
NhtH,1,1,2,0.5
NhtM,1,2,3,0.33
NhtN,1,2,3,0.33
NhtP,2,4,6,0.33
Nhtl,0,1,1,0.0
Nhtm,1,1,2,0.5
Nhtn,1,3,4,0.25
Nhts,2,2,4,0.5
NlBB,6,10,16,0.38
NlBD,1,5,6,0.17
NlBK,0,1,1,0.0
NlBL,4,1,5,0.8
NlBM,8,6,14,0.57
NlBN,4,6,10,0.4
NlBP,10,17,27,0.37
NlBS,5,9,14,0.36
NlBb,9,7,16,0.56
NlBh,4,1,5,0.8
NlBj,2,1,3,0.67
NlBl,4,4,8,0.5
NlBm,9,8,17,0.53
NlBn,13,11,24,0.54
NlBs,5,4,9,0.56
NlBt,1,0,1,1.0
NlDD,1,0,1,1.0
NlDH,0,2,2,0.0
NlDL,2,0,2,1.0
NlDM,1,1,2,0.5
NlDN,1,0,1,1.0
NlDP,0,1,1,0.0
NlDS,1,0,1,1.0
NlDb,1,0,1,1.0
NlDl,1,0,1,1.0
NlDm,3,3,6,0.5
NlDn,3,4,7,0.43
NlDs,2,0,2,1.0
NlDt,1,1,2,0.5
NlHB,5,5,10,0.5
NlHD,1,1,2,0.5
NlHH,2,2,4,0.5
NlHI,1,1,2,0.5
NlHK,1,2,3,0.33
NlHL,1,3,4,0.25
NlHM,6,6,12,0.5
NlHN,8,3,11,0.73
NlHP,10,11,21,0.48
NlHS,3,6,9,0.33
NlHb,6,6,12,0.5
NlHh,2,6,8,0.25
NlHl,0,6,6,0.0
NlHm,6,9,15,0.4
NlHn,6,11,17,0.35
NlHs,4,8,12,0.33
NlHt,1,2,3,0.33
NlIB,0,1,1,0.0
NlID,0,0,0,
NlIH,1,2,3,0.33
NlII,1,1,2,0.5
NlIL,1,0,1,1.0
NlIM,1,0,1,1.0
NlIN,1,0,1,1.0
NlIP,0,4,4,0.0
NlIS,0,2,2,0.0
NlIb,0,1,1,0.0
NlIm,2,1,3,0.67
NlIn,2,0,2,1.0
NlIs,1,0,1,1.0
NlJB,4,2,6,0.67
NlJD,0,1,1,0.0
NlJH,0,2,2,0.0
NlJI,0,1,1,0.0
NlJL,0,1,1,0.0
NlJM,3,8,11,0.27
NlJN,4,2,6,0.67
NlJP,3,3,6,0.5
NlJS,1,0,1,1.0
NlJb,2,5,7,0.29
NlJh,0,1,1,0.0
NlJl,3,3,6,0.5
NlJm,2,2,4,0.5
NlJn,1,5,6,0.17
NlJs,4,3,7,0.57
NlJt,1,2,3,0.33
NlKB,0,1,1,0.0
NlKP,1,0,1,1.0
NlKh,1,0,1,1.0
NlKm,1,0,1,1.0
NlKn,0,0,0,
NlLB,5,5,10,0.5
NlLH,1,0,1,1.0
NlLK,1,0,1,1.0
NlLL,2,1,3,0.67
NlLM,6,5,11,0.55
NlLN,2,1,3,0.67
NlLP,6,6,12,0.5
NlLS,6,2,8,0.75
NlLb,2,3,5,0.4
NlLh,4,1,5,0.8
NlLj,1,2,3,0.33
NlLl,2,5,7,0.29
NlLm,4,1,5,0.8
NlLn,4,5,9,0.44
NlLs,0,3,3,0.0
NlLt,1,1,2,0.5
NlMB,12,7,19,0.63
NlMD,1,0,1,1.0
NlML,3,4,7,0.43
NlMM,6,10,16,0.38
NlMN,14,5,19,0.74
NlMP,18,15,33,0.55
NlMS,2,6,8,0.25
NlMb,9,5,14,0.64
NlMh,16,11,27,0.59
NlMj,0,0,0,
NlMl,4,2,6,0.67
NlMm,12,16,28,0.43
NlMn,11,21,32,0.34
NlMs,4,7,11,0.36
NlMt,1,0,1,1.0
NlNB,10,13,23,0.43
NlND,2,0,2,1.0
NlNK,2,0,2,1.0
NlNL,6,7,13,0.46
NlNM,10,17,27,0.37
NlNN,16,17,33,0.48
NlNP,22,17,39,0.56
NlNS,6,9,15,0.4
NlNb,11,10,21,0.52
NlNh,2,5,7,0.29
NlNl,3,7,10,0.3
NlNm,12,9,21,0.57
NlNn,15,16,31,0.48
NlNs,14,8,22,0.64
NlNt,2,3,5,0.4
NlPB,5,10,15,0.33
NlPD,3,0,3,1.0
NlPH,6,6,12,0.5
NlPI,2,3,5,0.4
NlPK,0,1,1,0.0
NlPL,2,5,7,0.29
NlPM,17,11,28,0.61
NlPN,13,18,31,0.42
NlPP,19,12,31,0.61
NlPS,7,11,18,0.39
NlPb,10,10,20,0.5
NlPh,1,0,1,1.0
NlPl,5,3,8,0.62
NlPm,21,5,26,0.81
NlPn,10,8,18,0.56
NlPs,9,13,22,0.41
NlSB,2,3,5,0.4
NlSD,1,0,1,1.0
NlSH,1,2,3,0.33
NlSL,4,4,8,0.5
NlSM,9,13,22,0.41
NlSN,6,8,14,0.43
NlSP,13,7,20,0.65
NlSS,8,9,17,0.47
NlSb,3,7,10,0.3
NlSh,6,1,7,0.86
NlSl,0,4,4,0.0
NlSm,9,4,13,0.69
NlSn,10,10,20,0.5
NlSs,10,9,19,0.53
NlSt,0,2,2,0.0
NlbB,16,11,27,0.59
NlbD,3,1,4,0.75
NlbH,2,1,3,0.67
NlbJ,3,3,6,0.5
NlbK,0,3,3,0.0
NlbL,4,4,8,0.5
NlbM,8,7,15,0.53
NlbN,10,11,21,0.48
NlbP,13,5,18,0.72
NlbS,5,4,9,0.56
Nlbb,11,9,20,0.55
Nlbl,3,7,10,0.3
Nlbm,7,11,18,0.39
Nlbn,9,7,16,0.56
Nlbs,3,2,5,0.6
NlhM,1,0,1,1.0
NlhP,0,0,0,
NllB,3,3,6,0.5
NllD,1,0,1,1.0
NllH,4,3,7,0.57
NllJ,0,2,2,0.0
NllK,1,0,1,1.0
NllL,1,1,2,0.5
NllM,6,6,12,0.5
NllN,5,5,10,0.5
NllP,4,6,10,0.4
NllS,2,1,3,0.67
Nllb,6,2,8,0.75
Nlll,3,1,4,0.75
Nllm,5,3,8,0.62
Nlln,3,1,4,0.75
Nlls,0,3,3,0.0
NlmB,10,12,22,0.45
NlmD,3,1,4,0.75
NlmH,6,6,12,0.5
NlmJ,0,3,3,0.0
NlmK,0,1,1,0.0
NlmL,3,2,5,0.6
NlmM,10,6,16,0.62
NlmN,8,10,18,0.44
NlmP,12,11,23,0.52
NlmS,6,7,13,0.46
Nlmb,19,8,27,0.7
Nlml,1,2,3,0.33
Nlmm,8,8,16,0.5
Nlmn,7,9,16,0.44
Nlms,5,4,9,0.56
NlnB,6,8,14,0.43
NlnD,2,1,3,0.67
NlnH,4,8,12,0.33
NlnI,0,2,2,0.0
NlnK,2,0,2,1.0
NlnL,3,3,6,0.5
NlnM,7,13,20,0.35
NlnN,8,10,18,0.44
NlnP,18,17,35,0.51
NlnS,4,12,16,0.25
Nlnb,15,6,21,0.71
Nlnh,0,2,2,0.0
Nlnl,3,2,5,0.6
Nlnm,9,5,14,0.64
Nlnn,11,7,18,0.61
Nlns,3,6,9,0.33
NlsB,4,9,13,0.31
NlsD,1,0,1,1.0
NlsH,4,2,6,0.67
NlsI,0,1,1,0.0
NlsK,1,1,2,0.5
NlsL,1,3,4,0.25
NlsM,3,9,12,0.25
NlsN,13,13,26,0.5
NlsP,5,11,16,0.31
NlsS,8,6,14,0.57
Nlsb,2,5,7,0.29
Nlsh,1,0,1,1.0
Nlsl,4,1,5,0.8
Nlsm,6,3,9,0.67
Nlsn,3,5,8,0.38
Nlss,2,4,6,0.33
NmBB,28,32,60,0.47
NmBD,6,10,16,0.38
NmBK,2,7,9,0.22
NmBL,7,13,20,0.35
NmBM,28,32,60,0.47
NmBN,55,44,99,0.56
NmBP,37,52,89,0.42
NmBS,22,18,40,0.55
NmBb,27,27,54,0.5
NmBh,1,4,5,0.2
NmBj,10,2,12,0.83
NmBl,10,7,17,0.59
NmBm,37,28,65,0.57
NmBn,38,37,75,0.51
NmBs,19,23,42,0.45
NmBt,8,4,12,0.67
NmDB,8,11,19,0.42
NmDD,3,10,13,0.23
NmDH,7,10,17,0.41
NmDI,2,1,3,0.67
NmDK,0,1,1,0.0
NmDL,3,3,6,0.5
NmDM,12,10,22,0.55
NmDN,11,9,20,0.55
NmDP,12,8,20,0.6
NmDS,11,13,24,0.46
NmDb,5,8,13,0.38
NmDl,1,7,8,0.12
NmDm,14,20,34,0.41
NmDn,10,4,14,0.71
NmDs,10,9,19,0.53
NmDt,1,2,3,0.33
NmHB,37,28,65,0.57
NmHD,13,4,17,0.76
NmHH,6,9,15,0.4
NmHI,0,7,7,0.0
NmHK,2,1,3,0.67
NmHL,10,8,18,0.56
NmHM,31,35,66,0.47
NmHN,35,33,68,0.51
NmHP,40,34,74,0.54
NmHS,27,13,40,0.68
NmHb,19,28,47,0.4
NmHh,11,25,36,0.31
NmHl,9,6,15,0.6
NmHm,48,40,88,0.55
NmHn,34,38,72,0.47
NmHs,27,32,59,0.46
NmHt,5,0,5,1.0
NmIB,4,4,8,0.5
NmID,2,0,2,1.0
NmIH,4,4,8,0.5
NmIL,2,2,4,0.5
NmIM,2,2,4,0.5
NmIN,4,3,7,0.57
NmIP,6,7,13,0.46
NmIS,3,4,7,0.43
NmIb,4,2,6,0.67
NmIl,1,0,1,1.0
NmIm,4,1,5,0.8
NmIn,2,2,4,0.5
NmIs,4,2,6,0.67
NmJB,6,5,11,0.55
NmJD,2,0,2,1.0
NmJH,3,4,7,0.43
NmJI,2,1,3,0.67
NmJK,1,1,2,0.5
NmJL,3,7,10,0.3
NmJM,7,10,17,0.41
NmJN,8,7,15,0.53
NmJP,16,8,24,0.67
NmJS,7,8,15,0.47
NmJb,9,8,17,0.53
NmJh,1,1,2,0.5
NmJl,4,2,6,0.67
NmJm,10,9,19,0.53
NmJn,11,3,14,0.79
NmJs,1,8,9,0.11
NmJt,1,0,1,1.0
NmKB,1,1,2,0.5
NmKD,0,0,0,
NmKI,0,1,1,0.0
NmKM,1,1,2,0.5
NmKN,0,1,1,0.0
NmKP,1,0,1,1.0
NmKb,1,4,5,0.2
NmKh,1,1,2,0.5
NmKm,0,2,2,0.0
NmKn,0,1,1,0.0
NmKs,1,0,1,1.0
NmLB,6,8,14,0.43
NmLD,1,3,4,0.25
NmLK,0,1,1,0.0
NmLL,3,3,6,0.5
NmLM,8,12,20,0.4
NmLN,14,9,23,0.61
NmLP,19,20,39,0.49
NmLS,4,6,10,0.4
NmLb,6,9,15,0.4
NmLh,9,4,13,0.69
NmLj,5,1,6,0.83
NmLl,1,5,6,0.17
NmLm,12,11,23,0.52
NmLn,29,12,41,0.71
NmLs,7,9,16,0.44
NmLt,0,2,2,0.0
NmMB,29,39,68,0.43
NmMD,9,11,20,0.45
NmMH,0,1,1,0.0
NmMI,0,1,1,0.0
NmMK,0,2,2,0.0
NmML,8,10,18,0.44
NmMM,38,40,78,0.49
NmMN,49,48,97,0.51
NmMP,48,67,115,0.42
NmMS,25,42,67,0.37
NmMb,27,23,50,0.54
NmMh,26,35,61,0.43
NmMj,5,8,13,0.38
NmMl,18,7,25,0.72
NmMm,56,52,108,0.52
NmMn,71,75,146,0.49
NmMs,40,27,67,0.6
NmMt,7,6,13,0.54
NmNB,34,34,68,0.5
NmND,13,8,21,0.62
NmNH,8,11,19,0.42
NmNI,2,0,2,1.0
NmNK,11,9,20,0.55
NmNL,10,4,14,0.71
NmNM,40,53,93,0.43
NmNN,72,69,141,0.51
NmNP,67,70,137,0.49
NmNS,34,42,76,0.45
NmNb,37,36,73,0.51
NmNh,12,12,24,0.5
NmNl,13,14,27,0.48
NmNm,43,38,81,0.53
NmNn,79,82,161,0.49
NmNs,39,44,83,0.47
NmNt,7,9,16,0.44
NmPB,37,29,66,0.56
NmPD,5,6,11,0.45
NmPH,18,19,37,0.49
NmPI,7,2,9,0.78
NmPK,7,5,12,0.58
NmPL,16,16,32,0.5
NmPM,42,59,101,0.42
NmPN,65,63,128,0.51
NmPP,70,66,136,0.51
NmPS,38,36,74,0.51
NmPb,35,41,76,0.46
NmPh,5,4,9,0.56
NmPl,15,9,24,0.62
NmPm,50,53,103,0.49
NmPn,44,38,82,0.54
NmPs,32,29,61,0.52
NmPt,2,6,8,0.25
NmSB,26,20,46,0.57
NmSD,6,8,14,0.43
NmSH,11,12,23,0.48
NmSK,0,2,2,0.0
NmSL,8,8,16,0.5
NmSM,25,26,51,0.49
NmSN,35,34,69,0.51
NmSP,27,31,58,0.47
NmSS,23,25,48,0.48
NmSb,21,18,39,0.54
NmSh,15,15,30,0.5
NmSl,9,3,12,0.75
NmSm,34,22,56,0.61
NmSn,37,34,71,0.52
NmSs,23,34,57,0.4
NmSt,4,5,9,0.44
NmbB,26,33,59,0.44
NmbD,8,4,12,0.67
NmbH,10,10,20,0.5
NmbI,5,2,7,0.71
NmbJ,11,9,20,0.55
NmbK,4,6,10,0.4
NmbL,10,8,18,0.56
NmbM,34,45,79,0.43
NmbN,46,43,89,0.52
NmbP,40,37,77,0.52
NmbS,15,13,28,0.54
Nmbb,32,33,65,0.49
Nmbl,8,9,17,0.47
Nmbm,47,24,71,0.66
Nmbn,45,40,85,0.53
Nmbs,17,12,29,0.59
NmhB,0,2,2,0.0
NmhL,0,2,2,0.0
NmhP,1,1,2,0.5
NmhS,0,1,1,0.0
NmlB,11,6,17,0.65
NmlD,0,2,2,0.0
NmlH,8,5,13,0.62
NmlI,1,4,5,0.2
NmlJ,2,3,5,0.4
NmlK,1,0,1,1.0
NmlL,4,6,10,0.4
NmlM,9,11,20,0.45
NmlN,11,8,19,0.58
NmlP,9,8,17,0.53
NmlS,9,6,15,0.6
Nmlb,12,6,18,0.67
Nmlh,1,0,1,1.0
Nmll,4,2,6,0.67
Nmlm,13,5,18,0.72
Nmln,7,2,9,0.78
Nmls,4,2,6,0.67
NmmB,32,34,66,0.48
NmmD,12,6,18,0.67
NmmH,32,34,66,0.48
NmmI,3,2,5,0.6
NmmJ,7,12,19,0.37
NmmK,1,1,2,0.5
NmmL,5,16,21,0.24
NmmM,36,39,75,0.48
NmmN,46,50,96,0.48
NmmP,53,37,90,0.59
NmmS,23,16,39,0.59
Nmmb,41,35,76,0.54
Nmmh,1,1,2,0.5
Nmml,4,6,10,0.4
Nmmm,35,32,67,0.52
Nmmn,61,32,93,0.66
Nmms,13,16,29,0.45
NmnB,36,31,67,0.54
NmnD,9,9,18,0.5
NmnH,23,23,46,0.5
NmnI,5,9,14,0.36
NmnK,3,5,8,0.38
NmnL,12,14,26,0.46
NmnM,36,40,76,0.47
NmnN,53,55,108,0.49
NmnP,70,58,128,0.55
NmnS,31,35,66,0.47
Nmnb,29,41,70,0.41
Nmnh,1,2,3,0.33
Nmnl,9,10,19,0.47
Nmnm,38,39,77,0.49
Nmnn,47,46,93,0.51
Nmns,38,29,67,0.57
Nmnt,0,1,1,0.0
NmsB,10,21,31,0.32
NmsD,7,7,14,0.5
NmsH,15,16,31,0.48
NmsI,4,7,11,0.36
NmsK,0,0,0,
NmsL,5,4,9,0.56
NmsM,20,26,46,0.43
NmsN,26,33,59,0.44
NmsP,19,33,52,0.37
NmsS,27,28,55,0.49
Nmsb,16,14,30,0.53
Nmsh,2,5,7,0.29
Nmsl,8,4,12,0.67
Nmsm,31,13,44,0.7
Nmsn,28,21,49,0.57
Nmss,20,19,39,0.51
Nmst,2,0,2,1.0
Nmtt,1,0,1,1.0
NnBB,22,48,70,0.31
NnBD,8,4,12,0.67
NnBI,1,0,1,1.0
NnBK,5,6,11,0.45
NnBL,9,13,22,0.41
NnBM,26,44,70,0.37
NnBN,43,50,93,0.46
NnBP,47,46,93,0.51
NnBS,23,25,48,0.48
NnBb,33,21,54,0.61
NnBh,2,5,7,0.29
NnBj,9,6,15,0.6
NnBl,13,19,32,0.41
NnBm,35,34,69,0.51
NnBn,51,43,94,0.54
NnBs,14,17,31,0.45
NnBt,4,1,5,0.8
NnDB,7,7,14,0.5
NnDD,7,4,11,0.64
NnDH,7,12,19,0.37
NnDI,0,0,0,
NnDL,2,2,4,0.5
NnDM,11,15,26,0.42
NnDN,14,17,31,0.45
NnDP,15,13,28,0.54
NnDS,10,10,20,0.5
NnDb,8,6,14,0.57
NnDh,1,0,1,1.0
NnDl,1,5,6,0.17
NnDm,11,9,20,0.55
NnDn,10,7,17,0.59
NnDs,10,5,15,0.67
NnDt,0,3,3,0.0
NnHB,20,17,37,0.54
NnHD,4,5,9,0.44
NnHH,5,6,11,0.45
NnHI,2,3,5,0.4
NnHK,3,0,3,1.0
NnHL,7,9,16,0.44
NnHM,27,37,64,0.42
NnHN,41,45,86,0.48
NnHP,41,32,73,0.56
NnHS,33,25,58,0.57
NnHb,26,34,60,0.43
NnHh,13,13,26,0.5
NnHl,14,8,22,0.64
NnHm,26,34,60,0.43
NnHn,36,29,65,0.55
NnHs,26,28,54,0.48
NnHt,4,4,8,0.5
NnIB,6,7,13,0.46
NnID,4,3,7,0.57
NnIH,11,11,22,0.5
NnII,3,2,5,0.6
NnIK,1,0,1,1.0
NnIL,1,4,5,0.2
NnIM,15,10,25,0.6
NnIN,8,10,18,0.44
NnIP,9,10,19,0.47
NnIS,9,5,14,0.64
NnIb,7,6,13,0.54
NnIh,0,1,1,0.0
NnIl,3,0,3,1.0
NnIm,11,10,21,0.52
NnIn,7,5,12,0.58
NnIs,7,2,9,0.78
NnIt,1,2,3,0.33
NnKB,6,8,14,0.43
NnKD,2,3,5,0.4
NnKH,1,1,2,0.5
NnKI,0,0,0,
NnKL,1,2,3,0.33
NnKM,6,8,14,0.43
NnKN,2,2,4,0.5
NnKP,4,8,12,0.33
NnKS,3,2,5,0.6
NnKb,2,3,5,0.4
NnKh,5,8,13,0.38
NnKl,0,2,2,0.0
NnKm,4,7,11,0.36
NnKn,5,5,10,0.5
NnKs,8,3,11,0.73
NnKt,1,0,1,1.0
NnLB,12,11,23,0.52
NnLD,0,4,4,0.0
NnLH,0,1,1,0.0
NnLI,0,1,1,0.0
NnLK,1,1,2,0.5
NnLL,7,1,8,0.88
NnLM,8,13,21,0.38
NnLN,18,14,32,0.56
NnLP,17,16,33,0.52
NnLS,8,8,16,0.5
NnLb,5,9,14,0.36
NnLh,9,9,18,0.5
NnLj,2,5,7,0.29
NnLl,7,6,13,0.54
NnLm,16,17,33,0.48
NnLn,26,22,48,0.54
NnLs,13,13,26,0.5
NnLt,2,4,6,0.33
NnMB,40,48,88,0.45
NnMD,14,12,26,0.54
NnMH,1,0,1,1.0
NnMK,1,1,2,0.5
NnML,15,9,24,0.62
NnMM,50,42,92,0.54
NnMN,52,56,108,0.48
NnMP,53,67,120,0.44
NnMS,27,38,65,0.42
NnMb,32,29,61,0.52
NnMh,32,43,75,0.43
NnMj,5,7,12,0.42
NnMl,15,13,28,0.54
NnMm,55,41,96,0.57
NnMn,63,69,132,0.48
NnMs,33,29,62,0.53
NnMt,6,8,14,0.43
NnNB,54,58,112,0.48
NnND,18,13,31,0.58
NnNH,14,9,23,0.61
NnNI,2,1,3,0.67
NnNK,4,7,11,0.36
NnNL,32,18,50,0.64
NnNM,44,70,114,0.39
NnNN,77,98,175,0.44
NnNP,100,104,204,0.49
NnNS,48,60,108,0.44
NnNb,37,38,75,0.49
NnNh,18,20,38,0.47
NnNl,18,23,41,0.44
NnNm,79,70,149,0.53
NnNn,92,96,188,0.49
NnNs,64,69,133,0.48
NnNt,12,7,19,0.63
NnPB,51,57,108,0.47
NnPD,11,14,25,0.44
NnPH,24,24,48,0.5
NnPI,6,10,16,0.38
NnPK,9,9,18,0.5
NnPL,19,31,50,0.38
NnPM,64,64,128,0.5
NnPN,71,99,170,0.42
NnPP,87,104,191,0.46
NnPS,61,55,116,0.53
NnPb,72,53,125,0.58
NnPh,8,9,17,0.47
NnPl,16,26,42,0.38
NnPm,74,68,142,0.52
NnPn,70,79,149,0.47
NnPs,59,53,112,0.53
NnPt,7,7,14,0.5
NnSB,28,24,52,0.54
NnSD,11,16,27,0.41
NnSH,13,10,23,0.57
NnSI,2,0,2,1.0
NnSK,1,0,1,1.0
NnSL,7,10,17,0.41
NnSM,25,46,71,0.35
NnSN,43,40,83,0.52
NnSP,47,44,91,0.52
NnSS,36,42,78,0.46
NnSb,24,31,55,0.44
NnSh,22,17,39,0.56
NnSl,13,14,27,0.48
NnSm,65,38,103,0.63
NnSn,52,66,118,0.44
NnSs,41,36,77,0.53
NnSt,13,8,21,0.62
NnbB,41,34,75,0.55
NnbD,4,1,5,0.8
NnbH,9,9,18,0.5
NnbI,3,7,10,0.3
NnbJ,13,4,17,0.76
NnbK,8,5,13,0.62
NnbL,8,12,20,0.4
NnbM,42,43,85,0.49
NnbN,58,49,107,0.54
NnbP,36,45,81,0.44
NnbS,18,21,39,0.46
Nnbb,34,36,70,0.49
Nnbh,0,1,1,0.0
Nnbl,8,7,15,0.53
Nnbm,32,29,61,0.52
Nnbn,40,36,76,0.53
Nnbs,29,21,50,0.58
NnhI,0,1,1,0.0
NnhL,2,2,4,0.5
NnhM,1,3,4,0.25
NnhN,5,2,7,0.71
NnhP,3,4,7,0.43
NnhS,2,2,4,0.5
Nnhb,1,1,2,0.5
Nnhh,2,2,4,0.5
Nnhl,0,1,1,0.0
Nnhm,7,1,8,0.88
Nnhn,1,5,6,0.17
Nnhs,3,1,4,0.75
NnlB,9,11,20,0.45
NnlD,5,2,7,0.71
NnlH,5,9,14,0.36
NnlI,0,1,1,0.0
NnlJ,6,1,7,0.86
NnlK,0,0,0,
NnlL,3,4,7,0.43
NnlM,17,17,34,0.5
NnlN,26,17,43,0.6
NnlP,20,17,37,0.54
NnlS,9,10,19,0.47
Nnlb,12,9,21,0.57
Nnll,6,2,8,0.75
Nnlm,8,16,24,0.33
Nnln,14,15,29,0.48
Nnls,5,7,12,0.42
NnmB,38,39,77,0.49
NnmD,9,11,20,0.45
NnmH,32,41,73,0.44
NnmI,3,2,5,0.6
NnmJ,9,11,20,0.45
NnmK,1,0,1,1.0
NnmL,14,16,30,0.47
NnmM,48,48,96,0.5
NnmN,52,62,114,0.46
NnmP,64,57,121,0.53
NnmS,39,38,77,0.51
Nnmb,49,43,92,0.53
Nnml,10,11,21,0.48
Nnmm,45,43,88,0.51
Nnmn,55,47,102,0.54
Nnms,38,25,63,0.6
NnnB,39,42,81,0.48
NnnD,14,6,20,0.7
NnnH,35,38,73,0.48
NnnI,7,5,12,0.58
NnnK,6,1,7,0.86
NnnL,16,12,28,0.57
NnnM,62,67,129,0.48
NnnN,66,81,147,0.45
NnnP,104,75,179,0.58
NnnS,53,36,89,0.6
Nnnb,49,47,96,0.51
Nnnh,1,3,4,0.25
Nnnl,11,13,24,0.46
Nnnm,71,37,108,0.66
Nnnn,67,80,147,0.46
Nnns,45,45,90,0.5
Nnnt,1,0,1,1.0
NnsB,36,25,61,0.59
NnsD,11,11,22,0.5
NnsH,42,38,80,0.52
NnsI,5,3,8,0.62
NnsK,0,0,0,
NnsL,9,14,23,0.39
NnsM,23,43,66,0.35
NnsN,45,39,84,0.54
NnsP,50,47,97,0.52
NnsS,45,36,81,0.56
Nnsb,16,24,40,0.4
Nnsh,1,2,3,0.33
Nnsl,16,11,27,0.59
Nnsm,52,38,90,0.58
Nnsn,41,36,77,0.53
Nnss,41,26,67,0.61
Nnst,1,0,1,1.0
NntD,1,0,1,1.0
NntH,1,1,2,0.5
NntM,0,2,2,0.0
NntN,0,1,1,0.0
NntS,0,0,0,
Nntm,2,0,2,1.0
NsBB,16,13,29,0.55
NsBD,3,2,5,0.6
NsBH,1,0,1,1.0
NsBK,3,0,3,1.0
NsBL,4,6,10,0.4
NsBM,12,33,45,0.27
NsBN,24,23,47,0.51
NsBP,27,20,47,0.57
NsBS,8,7,15,0.53
NsBb,9,18,27,0.33
NsBh,1,3,4,0.25
NsBj,3,5,8,0.38
NsBl,3,6,9,0.33
NsBm,23,25,48,0.48
NsBn,33,33,66,0.5
NsBs,14,11,25,0.56
NsBt,2,3,5,0.4
NsDB,3,2,5,0.6
NsDD,2,6,8,0.25
NsDH,6,10,16,0.38
NsDI,2,1,3,0.67
NsDK,0,1,1,0.0
NsDL,1,3,4,0.25
NsDM,5,8,13,0.38
NsDN,5,9,14,0.36
NsDP,11,8,19,0.58
NsDS,16,7,23,0.7
NsDb,4,8,12,0.33
NsDl,0,5,5,0.0
NsDm,7,6,13,0.54
NsDn,11,10,21,0.52
NsDs,6,8,14,0.43
NsDt,2,1,3,0.67
NsHB,16,15,31,0.52
NsHD,5,6,11,0.45
NsHH,5,9,14,0.36
NsHI,7,4,11,0.64
NsHK,3,3,6,0.5
NsHL,4,5,9,0.44
NsHM,19,19,38,0.5
NsHN,36,26,62,0.58
NsHP,33,30,63,0.52
NsHS,29,30,59,0.49
NsHb,21,18,39,0.54
NsHh,21,17,38,0.55
NsHl,11,8,19,0.58
NsHm,27,26,53,0.51
NsHn,24,26,50,0.48
NsHs,29,27,56,0.52
NsHt,0,3,3,0.0
NsIB,3,4,7,0.43
NsIH,4,4,8,0.5
NsII,0,0,0,
NsIL,6,1,7,0.86
NsIM,4,6,10,0.4
NsIN,6,8,14,0.43
NsIP,6,8,14,0.43
NsIS,7,1,8,0.88
NsIb,5,8,13,0.38
NsIl,3,0,3,1.0
NsIm,7,6,13,0.54
NsIn,7,2,9,0.78
NsIs,3,4,7,0.43
NsIt,0,0,0,
NsKB,1,0,1,1.0
NsKI,1,0,1,1.0
NsKL,1,0,1,1.0
NsKM,0,1,1,0.0
NsKS,1,0,1,1.0
NsKb,0,2,2,0.0
NsKh,0,1,1,0.0
NsKm,2,0,2,1.0
NsKn,0,0,0,
NsKs,0,0,0,
NsKt,1,1,2,0.5
NsLB,7,6,13,0.54
NsLD,2,3,5,0.4
NsLK,1,0,1,1.0
NsLL,3,6,9,0.33
NsLM,7,6,13,0.54
NsLN,5,13,18,0.28
NsLP,6,5,11,0.55
NsLS,11,8,19,0.58
NsLb,0,7,7,0.0
NsLh,8,4,12,0.67
NsLj,2,1,3,0.67
NsLl,1,3,4,0.25
NsLm,11,4,15,0.73
NsLn,9,14,23,0.39
NsLs,10,13,23,0.43
NsLt,3,2,5,0.6
NsMB,26,30,56,0.46
NsMD,4,7,11,0.36
NsMI,0,1,1,0.0
NsMK,1,3,4,0.25
NsML,8,11,19,0.42
NsMM,29,29,58,0.5
NsMN,32,30,62,0.52
NsMP,30,41,71,0.42
NsMS,18,18,36,0.5
NsMb,26,28,54,0.48
NsMh,12,19,31,0.39
NsMj,2,2,4,0.5
NsMl,8,5,13,0.62
NsMm,26,35,61,0.43
NsMn,25,36,61,0.41
NsMs,20,17,37,0.54
NsMt,5,3,8,0.62
NsNB,23,30,53,0.43
NsND,14,8,22,0.64
NsNH,7,5,12,0.58
NsNI,1,0,1,1.0
NsNK,1,2,3,0.33
NsNL,9,8,17,0.53
NsNM,19,25,44,0.43
NsNN,52,39,91,0.57
NsNP,35,40,75,0.47
NsNS,38,29,67,0.57
NsNb,22,18,40,0.55
NsNh,9,7,16,0.56
NsNl,10,6,16,0.62
NsNm,37,43,80,0.46
NsNn,34,51,85,0.4
NsNs,29,35,64,0.45
NsNt,4,3,7,0.57
NsPB,20,23,43,0.47
NsPD,7,4,11,0.64
NsPH,16,12,28,0.57
NsPI,3,5,8,0.38
NsPK,2,7,9,0.22
NsPL,5,19,24,0.21
NsPM,31,38,69,0.45
NsPN,38,33,71,0.54
NsPP,44,35,79,0.56
NsPS,29,44,73,0.4
NsPb,24,16,40,0.6
NsPh,2,5,7,0.29
NsPl,9,8,17,0.53
NsPm,40,32,72,0.56
NsPn,36,32,68,0.53
NsPs,26,26,52,0.5
NsPt,4,4,8,0.5
NsSB,16,20,36,0.44
NsSD,6,11,17,0.35
NsSH,5,17,22,0.23
NsSI,0,1,1,0.0
NsSK,2,0,2,1.0
NsSL,6,9,15,0.4
NsSM,31,31,62,0.5
NsSN,23,29,52,0.44
NsSP,31,31,62,0.5
NsSS,48,37,85,0.56
NsSb,20,16,36,0.56
NsSh,12,19,31,0.39
NsSl,11,6,17,0.65
NsSm,37,26,63,0.59
NsSn,43,27,70,0.61
NsSs,57,42,99,0.58
NsSt,5,4,9,0.56
NsbB,16,24,40,0.4
NsbD,5,2,7,0.71
NsbH,8,4,12,0.67
NsbI,3,0,3,1.0
NsbJ,6,6,12,0.5
NsbK,1,3,4,0.25
NsbL,7,7,14,0.5
NsbM,17,17,34,0.5
NsbN,22,21,43,0.51
NsbP,25,16,41,0.61
NsbS,10,21,31,0.32
Nsbb,21,14,35,0.6
Nsbh,1,0,1,1.0
Nsbl,7,6,13,0.54
Nsbm,24,15,39,0.62
Nsbn,22,21,43,0.51
Nsbs,6,16,22,0.27
NshB,2,2,4,0.5
NshD,1,1,2,0.5
NshH,1,1,2,0.5
NshI,0,0,0,
NshL,1,1,2,0.5
NshM,1,0,1,1.0
NshN,1,5,6,0.17
NshP,1,2,3,0.33
NshS,0,1,1,0.0
Nshb,2,3,5,0.4
Nshh,0,4,4,0.0
Nshl,2,0,2,1.0
Nshm,7,1,8,0.88
Nshn,1,2,3,0.33
Nshs,2,0,2,1.0
NslB,7,11,18,0.39
NslD,1,0,1,1.0
NslH,6,6,12,0.5
NslI,0,2,2,0.0
NslJ,5,1,6,0.83
NslK,0,2,2,0.0
NslL,5,3,8,0.62
NslM,11,13,24,0.46
NslN,8,17,25,0.32
NslP,11,4,15,0.73
NslS,6,5,11,0.55
Nslb,9,4,13,0.69
Nsll,4,2,6,0.67
Nslm,8,6,14,0.57
Nsln,3,3,6,0.5
Nsls,7,5,12,0.58
NsmB,25,22,47,0.53
NsmD,10,13,23,0.43
NsmH,26,28,54,0.48
NsmI,5,2,7,0.71
NsmJ,6,7,13,0.46
NsmK,1,1,2,0.5
NsmL,6,9,15,0.4
NsmM,32,33,65,0.49
NsmN,35,26,61,0.57
NsmP,42,23,65,0.65
NsmS,29,18,47,0.62
Nsmb,24,15,39,0.62
Nsmh,1,0,1,1.0
Nsml,7,5,12,0.58
Nsmm,35,33,68,0.51
Nsmn,28,25,53,0.53
Nsms,21,23,44,0.48
NsnB,23,22,45,0.51
NsnD,8,8,16,0.5
NsnH,12,18,30,0.4
NsnI,1,3,4,0.25
NsnK,0,0,0,
NsnL,12,13,25,0.48
NsnM,25,42,67,0.37
NsnN,31,41,72,0.43
NsnP,42,34,76,0.55
NsnS,30,25,55,0.55
Nsnb,18,12,30,0.6
Nsnh,2,1,3,0.67
Nsnl,7,7,14,0.5
Nsnm,28,27,55,0.51
Nsnn,34,31,65,0.52
Nsns,26,17,43,0.6
Nsnt,0,1,1,0.0
NssB,18,14,32,0.56
NssD,4,11,15,0.27
NssH,24,22,46,0.52
NssI,6,7,13,0.46
NssK,1,0,1,1.0
NssL,5,5,10,0.5
NssM,21,26,47,0.45
NssN,28,26,54,0.52
NssP,33,12,45,0.73
NssS,38,39,77,0.49
Nssb,14,17,31,0.45
Nssh,2,4,6,0.33
Nssl,11,11,22,0.5
Nssm,19,36,55,0.35
Nssn,24,17,41,0.59
Nsss,18,22,40,0.45
Nsst,1,1,2,0.5
NstD,0,0,0,
NstH,1,0,1,1.0
NstL,0,1,1,0.0
NstM,0,1,1,0.0
NstN,1,0,1,1.0
NstS,0,1,1,0.0
Nstl,1,0,1,1.0
Nstm,1,1,2,0.5
Nstt,0,1,1,0.0
NtBB,9,3,12,0.75
NtBD,1,1,2,0.5
NtBK,2,1,3,0.67
NtBL,1,2,3,0.33
NtBM,10,3,13,0.77
NtBN,4,7,11,0.36
NtBP,7,4,11,0.64
NtBS,2,4,6,0.33
NtBb,5,4,9,0.56
NtBh,3,0,3,1.0
NtBj,1,0,1,1.0
NtBl,2,2,4,0.5
NtBm,5,1,6,0.83
NtBn,8,3,11,0.73
NtBs,1,1,2,0.5
NtBt,1,0,1,1.0
NtDB,1,0,1,1.0
NtDH,0,1,1,0.0
NtDL,1,1,2,0.5
NtDM,0,0,0,
NtDN,0,2,2,0.0
NtDP,1,3,4,0.25
NtDS,0,2,2,0.0
NtDb,1,1,2,0.5
NtDl,1,1,2,0.5
NtDm,3,2,5,0.6
NtDn,0,2,2,0.0
NtDs,3,2,5,0.6
NtHB,2,2,4,0.5
NtHD,2,3,5,0.4
NtHH,0,1,1,0.0
NtHK,0,0,0,
NtHL,1,1,2,0.5
NtHM,3,3,6,0.5
NtHN,3,10,13,0.23
NtHP,6,3,9,0.67
NtHS,0,2,2,0.0
NtHb,1,1,2,0.5
NtHh,3,1,4,0.75
NtHl,3,2,5,0.6
NtHm,5,6,11,0.45
NtHn,1,5,6,0.17
NtHs,4,2,6,0.67
NtHt,0,1,1,0.0
NtIH,0,1,1,0.0
NtIM,0,1,1,0.0
NtIN,1,1,2,0.5
NtIP,1,0,1,1.0
NtIS,0,0,0,
NtIb,1,0,1,1.0
NtIl,0,2,2,0.0
NtKB,0,1,1,0.0
NtKN,1,0,1,1.0
NtKP,2,2,4,0.5
NtKS,0,0,0,
NtKl,0,1,1,0.0
NtKm,0,3,3,0.0
NtKn,0,1,1,0.0
NtLB,2,1,3,0.67
NtLK,0,0,0,
NtLL,0,1,1,0.0
NtLM,2,3,5,0.4
NtLN,0,1,1,0.0
NtLP,2,2,4,0.5
NtLS,2,0,2,1.0
NtLb,1,3,4,0.25
NtLh,2,0,2,1.0
NtLj,0,1,1,0.0
NtLl,0,0,0,
NtLm,2,1,3,0.67
NtLn,2,2,4,0.5
NtLs,1,2,3,0.33
NtLt,1,1,2,0.5
NtMB,5,2,7,0.71
NtMD,4,0,4,1.0
NtMK,0,0,0,
NtML,2,0,2,1.0
NtMM,7,3,10,0.7
NtMN,7,10,17,0.41
NtMP,7,6,13,0.54
NtMS,2,5,7,0.29
NtMb,3,3,6,0.5
NtMh,5,6,11,0.45
NtMj,0,1,1,0.0
NtMl,1,1,2,0.5
NtMm,8,5,13,0.62
NtMn,9,8,17,0.53
NtMs,3,2,5,0.6
NtNB,4,5,9,0.44
NtND,1,1,2,0.5
NtNI,0,0,0,
NtNK,0,2,2,0.0
NtNL,1,1,2,0.5
NtNM,8,12,20,0.4
NtNN,8,10,18,0.44
NtNP,12,6,18,0.67
NtNS,6,2,8,0.75
NtNb,3,8,11,0.27
NtNh,4,5,9,0.44
NtNl,3,2,5,0.6
NtNm,5,8,13,0.38
NtNn,17,6,23,0.74
NtNs,4,5,9,0.44
NtNt,0,1,1,0.0
NtPB,5,4,9,0.56
NtPD,1,2,3,0.33
NtPH,2,3,5,0.4
NtPI,0,1,1,0.0
NtPK,0,1,1,0.0
NtPL,3,5,8,0.38
NtPM,8,9,17,0.47
NtPN,6,9,15,0.4
NtPP,19,10,29,0.66
NtPS,6,3,9,0.67
NtPb,12,3,15,0.8
NtPh,2,2,4,0.5
NtPl,1,2,3,0.33
NtPm,7,9,16,0.44
NtPn,5,8,13,0.38
NtPs,7,3,10,0.7
NtPt,2,0,2,1.0
NtSB,2,4,6,0.33
NtSD,2,1,3,0.67
NtSH,2,1,3,0.67
NtSL,1,2,3,0.33
NtSM,9,5,14,0.64
NtSN,5,6,11,0.45
NtSP,1,8,9,0.11
NtSS,5,3,8,0.62
NtSb,5,2,7,0.71
NtSh,3,1,4,0.75
NtSl,3,0,3,1.0
NtSm,6,5,11,0.55
NtSn,8,5,13,0.62
NtSs,3,4,7,0.43
NtSt,1,0,1,1.0
NtbB,6,4,10,0.6
NtbD,0,2,2,0.0
NtbH,1,4,5,0.2
NtbI,1,2,3,0.33
NtbJ,0,3,3,0.0
NtbK,1,1,2,0.5
NtbL,1,3,4,0.25
NtbM,4,3,7,0.57
NtbN,11,6,17,0.65
NtbP,4,4,8,0.5
NtbS,3,5,8,0.38
Ntbb,4,4,8,0.5
Ntbl,3,0,3,1.0
Ntbm,2,1,3,0.67
Ntbn,3,3,6,0.5
Ntbs,3,3,6,0.5
NthB,1,0,1,1.0
NthM,0,1,1,0.0
NthN,0,1,1,0.0
Nthb,0,1,1,0.0
Nthm,2,0,2,1.0
Nths,0,1,1,0.0
NtlB,1,0,1,1.0
NtlH,1,2,3,0.33
NtlJ,0,1,1,0.0
NtlL,1,0,1,1.0
NtlM,3,3,6,0.5
NtlN,1,2,3,0.33
NtlP,2,2,4,0.5
NtlS,2,3,5,0.4
Ntlb,2,0,2,1.0
Ntll,0,1,1,0.0
Ntlm,3,0,3,1.0
Ntln,1,0,1,1.0
Ntls,2,0,2,1.0
NtmB,7,6,13,0.54
NtmD,1,3,4,0.25
NtmH,4,6,10,0.4
NtmI,0,2,2,0.0
NtmJ,2,2,4,0.5
NtmK,1,2,3,0.33
NtmL,3,2,5,0.6
NtmM,8,6,14,0.57
NtmN,6,7,13,0.46
NtmP,6,9,15,0.4
NtmS,4,5,9,0.44
Ntmb,8,3,11,0.73
Ntml,1,1,2,0.5
Ntmm,6,6,12,0.5
Ntmn,5,4,9,0.56
Ntms,5,4,9,0.56
NtnB,7,3,10,0.7
NtnD,1,1,2,0.5
NtnH,1,4,5,0.2
NtnI,2,2,4,0.5
NtnK,1,1,2,0.5
NtnL,3,2,5,0.6
NtnM,7,6,13,0.54
NtnN,5,4,9,0.56
NtnP,14,5,19,0.74
NtnS,5,4,9,0.56
Ntnb,4,5,9,0.44
Ntnh,0,1,1,0.0
Ntnm,8,5,13,0.62
Ntnn,8,5,13,0.62
Ntns,10,4,14,0.71
NtsB,3,1,4,0.75
NtsD,0,2,2,0.0
NtsH,4,4,8,0.5
NtsL,2,0,2,1.0
NtsM,4,7,11,0.36
NtsN,4,2,6,0.67
NtsP,2,7,9,0.22
NtsS,4,3,7,0.57
Ntsb,2,6,8,0.25
Ntsh,0,0,0,
Ntsl,2,1,3,0.67
Ntsm,0,5,5,0.0
Ntsn,4,2,6,0.67
Ntss,7,1,8,0.88
NttB,0,0,0,
NttD,0,1,1,0.0
NttI,1,0,1,1.0
NttN,0,1,1,0.0
NttP,1,1,2,0.5
NttS,2,0,2,1.0
Nttb,1,1,2,0.5
Ntth,0,1,1,0.0
Nttl,0,2,2,0.0
Nttm,0,2,2,0.0
Nttn,1,1,2,0.5
Ntts,3,2,5,0.6
PBBB,55,50,105,0.52
PBBD,4,0,4,1.0
PBBK,4,1,5,0.8
PBBL,10,18,28,0.36
PBBM,30,39,69,0.43
PBBN,41,47,88,0.47
PBBP,41,51,92,0.45
PBBS,22,18,40,0.55
PBBb,44,46,90,0.49
PBBh,4,2,6,0.67
PBBj,5,10,15,0.33
PBBl,18,15,33,0.55
PBBm,42,55,97,0.43
PBBn,53,48,101,0.52
PBBs,13,15,28,0.46
PBBt,5,4,9,0.56
PBDB,3,11,14,0.21
PBDD,4,4,8,0.5
PBDH,4,3,7,0.57
PBDI,2,0,2,1.0
PBDK,1,0,1,1.0
PBDL,2,2,4,0.5
PBDM,8,11,19,0.42
PBDN,3,7,10,0.3
PBDP,8,7,15,0.53
PBDS,5,6,11,0.45
PBDb,5,11,16,0.31
PBDl,5,5,10,0.5
PBDm,11,11,22,0.5
PBDn,7,5,12,0.58
PBDs,3,7,10,0.3
PBDt,0,1,1,0.0
PBHB,1,0,1,1.0
PBHH,0,1,1,0.0
PBHM,2,0,2,1.0
PBHN,0,0,0,
PBHP,1,0,1,1.0
PBHS,1,0,1,1.0
PBHb,1,0,1,1.0
PBHh,0,1,1,0.0
PBHm,1,1,2,0.5
PBHs,0,0,0,
PBIm,0,1,1,0.0
PBIn,0,1,1,0.0
PBKB,6,3,9,0.67
PBKD,0,1,1,0.0
PBKH,0,1,1,0.0
PBKI,0,2,2,0.0
PBKL,1,4,5,0.2
PBKM,10,8,18,0.56
PBKN,3,5,8,0.38
PBKP,11,8,19,0.58
PBKS,3,1,4,0.75
PBKb,3,2,5,0.6
PBKh,5,6,11,0.45
PBKl,1,1,2,0.5
PBKm,7,12,19,0.37
PBKn,4,2,6,0.67
PBKs,4,2,6,0.67
PBKt,1,1,2,0.5
PBLB,12,21,33,0.36
PBLD,2,0,2,1.0
PBLK,1,0,1,1.0
PBLL,4,9,13,0.31
PBLM,12,13,25,0.48
PBLN,10,19,29,0.34
PBLP,21,13,34,0.62
PBLS,8,10,18,0.44
PBLb,7,18,25,0.28
PBLh,1,8,9,0.11
PBLj,1,2,3,0.33
PBLl,5,8,13,0.38
PBLm,25,18,43,0.58
PBLn,15,22,37,0.41
PBLs,7,8,15,0.47
PBLt,2,1,3,0.67
PBMB,38,35,73,0.52
PBMD,11,5,16,0.69
PBMK,0,1,1,0.0
PBML,8,12,20,0.4
PBMM,21,44,65,0.32
PBMN,36,29,65,0.55
PBMP,49,45,94,0.52
PBMS,16,23,39,0.41
PBMb,47,28,75,0.63
PBMh,29,29,58,0.5
PBMj,7,3,10,0.7
PBMl,11,7,18,0.61
PBMm,54,45,99,0.55
PBMn,37,40,77,0.48
PBMs,29,17,46,0.63
PBMt,6,5,11,0.55
PBNB,30,44,74,0.41
PBND,5,10,15,0.33
PBNH,7,4,11,0.64
PBNI,0,1,1,0.0
PBNK,3,2,5,0.6
PBNL,15,11,26,0.58
PBNM,32,45,77,0.42
PBNN,36,56,92,0.39
PBNP,51,49,100,0.51
PBNS,8,33,41,0.2
PBNb,31,38,69,0.45
PBNh,13,10,23,0.57
PBNl,9,16,25,0.36
PBNm,47,40,87,0.54
PBNn,45,41,86,0.52
PBNs,23,24,47,0.49
PBNt,9,0,9,1.0
PBPB,37,51,88,0.42
PBPD,4,7,11,0.36
PBPH,10,10,20,0.5
PBPI,5,3,8,0.62
PBPK,10,4,14,0.71
PBPL,22,17,39,0.56
PBPM,36,55,91,0.4
PBPN,49,46,95,0.52
PBPP,64,77,141,0.45
PBPS,22,23,45,0.49
PBPb,42,37,79,0.53
PBPh,3,6,9,0.33
PBPl,27,18,45,0.6
PBPm,76,68,144,0.53
PBPn,34,41,75,0.45
PBPs,24,29,53,0.45
PBPt,5,3,8,0.62
PBSB,24,23,47,0.51
PBSD,2,5,7,0.29
PBSH,3,8,11,0.27
PBSI,3,1,4,0.75
PBSK,1,0,1,1.0
PBSL,8,10,18,0.44
PBSM,29,24,53,0.55
PBSN,17,20,37,0.46
PBSP,18,24,42,0.43
PBSS,9,22,31,0.29
PBSb,11,16,27,0.41
PBSh,8,11,19,0.42
PBSl,5,4,9,0.56
PBSm,16,18,34,0.47
PBSn,14,16,30,0.47
PBSs,14,21,35,0.4
PBSt,4,2,6,0.67
PBbB,35,44,79,0.44
PBbD,1,3,4,0.25
PBbH,11,9,20,0.55
PBbI,3,4,7,0.43
PBbJ,7,6,13,0.54
PBbK,2,1,3,0.67
PBbL,14,19,33,0.42
PBbM,33,36,69,0.48
PBbN,44,45,89,0.49
PBbP,41,43,84,0.49
PBbS,16,22,38,0.42
PBbb,27,18,45,0.6
PBbh,1,0,1,1.0
PBbl,14,9,23,0.61
PBbm,36,27,63,0.57
PBbn,42,16,58,0.72
PBbs,24,19,43,0.56
PBhB,5,3,8,0.62
PBhL,3,1,4,0.75
PBhM,1,4,5,0.2
PBhN,2,4,6,0.33
PBhP,4,2,6,0.67
PBhS,2,3,5,0.4
PBhb,8,1,9,0.89
PBhh,2,2,4,0.5
PBhl,0,3,3,0.0
PBhm,7,6,13,0.54
PBhn,5,5,10,0.5
PBhs,7,0,7,1.0
PBht,0,1,1,0.0
PBjB,4,15,19,0.21
PBjD,2,0,2,1.0
PBjH,4,1,5,0.8
PBjI,0,1,1,0.0
PBjL,5,3,8,0.62
PBjM,11,10,21,0.52
PBjN,8,7,15,0.53
PBjP,10,8,18,0.56
PBjS,6,14,20,0.3
PBjb,12,13,25,0.48
PBjh,0,1,1,0.0
PBjl,2,2,4,0.5
PBjm,7,13,20,0.35
PBjn,6,6,12,0.5
PBjs,6,4,10,0.6
PBjt,0,0,0,
PBlB,18,4,22,0.82
PBlD,1,4,5,0.2
PBlH,4,6,10,0.4
PBlI,1,1,2,0.5
PBlJ,6,6,12,0.5
PBlK,1,2,3,0.33
PBlL,3,8,11,0.27
PBlM,11,19,30,0.37
PBlN,16,22,38,0.42
PBlP,18,18,36,0.5
PBlS,10,10,20,0.5
PBlb,11,8,19,0.58
PBll,3,2,5,0.6
PBlm,20,8,28,0.71
PBln,11,11,22,0.5
PBls,10,13,23,0.43
PBmB,24,36,60,0.4
PBmD,17,8,25,0.68
PBmH,30,30,60,0.5
PBmI,2,1,3,0.67
PBmJ,4,7,11,0.36
PBmK,0,1,1,0.0
PBmL,12,22,34,0.35
PBmM,40,57,97,0.41
PBmN,48,53,101,0.48
PBmP,64,59,123,0.52
PBmS,24,35,59,0.41
PBmb,36,40,76,0.47
PBml,15,16,31,0.48
PBmm,49,46,95,0.52
PBmn,42,39,81,0.52
PBms,27,28,55,0.49
PBmt,0,1,1,0.0
PBnB,33,41,74,0.45
PBnD,7,6,13,0.54
PBnH,18,22,40,0.45
PBnI,6,9,15,0.4
PBnK,4,5,9,0.44
PBnL,19,14,33,0.58
PBnM,40,51,91,0.44
PBnN,41,46,87,0.47
PBnP,65,55,120,0.54
PBnS,30,41,71,0.42
PBnb,34,24,58,0.59
PBnh,0,3,3,0.0
PBnl,22,11,33,0.67
PBnm,53,46,99,0.54
PBnn,46,43,89,0.52
PBns,23,40,63,0.37
PBnt,0,1,1,0.0
PBsB,20,23,43,0.47
PBsD,2,5,7,0.29
PBsH,10,16,26,0.38
PBsI,5,1,6,0.83
PBsK,1,0,1,1.0
PBsL,13,3,16,0.81
PBsM,24,18,42,0.57
PBsN,18,22,40,0.45
PBsP,21,30,51,0.41
PBsS,28,26,54,0.52
PBsb,21,12,33,0.64
PBsh,1,1,2,0.5
PBsl,3,7,10,0.3
PBsm,22,25,47,0.47
PBsn,16,21,37,0.43
PBss,19,23,42,0.45
PBst,0,1,1,0.0
PBtB,0,5,5,0.0
PBtD,1,0,1,1.0
PBtH,2,2,4,0.5
PBtK,0,1,1,0.0
PBtL,0,4,4,0.0
PBtM,3,7,10,0.3
PBtN,4,0,4,1.0
PBtP,5,8,13,0.38
PBtS,4,3,7,0.57
PBtb,5,1,6,0.83
PBtm,6,8,14,0.43
PBtn,2,3,5,0.4
PBts,5,5,10,0.5
PBtt,1,0,1,1.0
PDBB,2,9,11,0.18
PDBD,1,2,3,0.33
PDBK,0,0,0,
PDBL,1,4,5,0.2
PDBM,5,7,12,0.42
PDBN,6,10,16,0.38
PDBP,5,9,14,0.36
PDBS,4,3,7,0.57
PDBb,8,2,10,0.8
PDBh,1,1,2,0.5
PDBj,2,2,4,0.5
PDBl,2,1,3,0.67
PDBm,6,9,15,0.4
PDBn,1,6,7,0.14
PDBs,3,3,6,0.5
PDBt,0,0,0,
PDDB,2,6,8,0.25
PDDD,2,2,4,0.5
PDDH,2,1,3,0.67
PDDI,0,1,1,0.0
PDDL,1,2,3,0.33
PDDM,6,7,13,0.46
PDDN,1,0,1,1.0
PDDP,0,4,4,0.0
PDDS,2,1,3,0.67
PDDb,2,2,4,0.5
PDDl,1,4,5,0.2
PDDm,4,7,11,0.36
PDDn,2,5,7,0.29
PDDs,1,1,2,0.5
PDHB,4,8,12,0.33
PDHD,2,1,3,0.67
PDHH,1,1,2,0.5
PDHL,2,1,3,0.67
PDHM,9,9,18,0.5
PDHN,7,5,12,0.58
PDHP,6,8,14,0.43
PDHS,3,3,6,0.5
PDHb,6,4,10,0.6
PDHh,4,5,9,0.44
PDHl,3,1,4,0.75
PDHm,12,15,27,0.44
PDHn,4,5,9,0.44
PDHs,4,5,9,0.44
PDHt,1,0,1,1.0
PDIB,0,2,2,0.0
PDID,0,1,1,0.0
PDIH,0,1,1,0.0
PDIM,1,0,1,1.0
PDIN,1,0,1,1.0
PDIP,1,1,2,0.5
PDIb,1,0,1,1.0
PDIl,1,0,1,1.0
PDIm,1,0,1,1.0
PDKH,0,1,1,0.0
PDKM,0,1,1,0.0
PDKN,0,1,1,0.0
PDLB,1,1,2,0.5
PDLD,0,3,3,0.0
PDLK,0,1,1,0.0
PDLL,1,2,3,0.33
PDLM,2,5,7,0.29
PDLN,2,1,3,0.67
PDLP,6,4,10,0.6
PDLS,3,1,4,0.75
PDLb,3,1,4,0.75
PDLh,2,3,5,0.4
PDLj,1,0,1,1.0
PDLl,3,0,3,1.0
PDLm,6,2,8,0.75
PDLn,5,1,6,0.83
PDLs,0,1,1,0.0
PDLt,0,0,0,
PDMB,8,8,16,0.5
PDMD,3,4,7,0.43
PDMH,0,0,0,
PDMK,0,1,1,0.0
PDML,3,1,4,0.75
PDMM,9,24,33,0.27
PDMN,8,10,18,0.44
PDMP,6,14,20,0.3
PDMS,8,9,17,0.47
PDMb,9,9,18,0.5
PDMh,7,14,21,0.33
PDMj,1,0,1,1.0
PDMl,3,6,9,0.33
PDMm,14,16,30,0.47
PDMn,7,12,19,0.37
PDMs,3,9,12,0.25
PDMt,0,1,1,0.0
PDNB,4,9,13,0.31
PDND,3,1,4,0.75
PDNK,1,0,1,1.0
PDNL,2,3,5,0.4
PDNM,5,10,15,0.33
PDNN,6,10,16,0.38
PDNP,9,10,19,0.47
PDNS,2,8,10,0.2
PDNb,5,4,9,0.56
PDNh,1,1,2,0.5
PDNl,2,2,4,0.5
PDNm,12,7,19,0.63
PDNn,10,6,16,0.62
PDNs,6,4,10,0.6
PDNt,0,2,2,0.0
PDPB,12,12,24,0.5
PDPD,2,5,7,0.29
PDPH,2,1,3,0.67
PDPI,1,0,1,1.0
PDPK,1,0,1,1.0
PDPL,8,2,10,0.8
PDPM,8,16,24,0.33
PDPN,5,15,20,0.25
PDPP,12,14,26,0.46
PDPS,4,7,11,0.36
PDPb,11,10,21,0.52
PDPl,7,3,10,0.7
PDPm,14,12,26,0.54
PDPn,7,7,14,0.5
PDPs,11,9,20,0.55
PDPt,2,3,5,0.4
PDSB,7,5,12,0.58
PDSD,2,2,4,0.5
PDSH,2,0,2,1.0
PDSL,5,0,5,1.0
PDSM,7,11,18,0.39
PDSN,6,4,10,0.6
PDSP,6,5,11,0.55
PDSS,3,5,8,0.38
PDSb,5,4,9,0.56
PDSh,5,7,12,0.42
PDSl,1,4,5,0.2
PDSm,10,9,19,0.53
PDSn,6,4,10,0.6
PDSs,11,6,17,0.65
PDSt,1,0,1,1.0
PDbB,4,7,11,0.36
PDbD,2,4,6,0.33
PDbH,2,0,2,1.0
PDbI,1,0,1,1.0
PDbJ,0,0,0,
PDbL,1,3,4,0.25
PDbM,11,11,22,0.5
PDbN,6,3,9,0.67
PDbP,7,7,14,0.5
PDbS,6,4,10,0.6
PDbb,7,5,12,0.58
PDbl,2,2,4,0.5
PDbm,6,10,16,0.38
PDbn,4,4,8,0.5
PDbs,5,2,7,0.71
PDhN,0,1,1,0.0
PDhb,1,0,1,1.0
PDhm,1,0,1,1.0
PDhn,1,1,2,0.5
PDhs,0,1,1,0.0
PDlB,4,4,8,0.5
PDlD,1,1,2,0.5
PDlH,1,1,2,0.5
PDlJ,1,2,3,0.33
PDlL,1,1,2,0.5
PDlM,5,2,7,0.71
PDlN,2,0,2,1.0
PDlP,3,2,5,0.6
PDlS,2,1,3,0.67
PDlb,6,1,7,0.86
PDll,0,1,1,0.0
PDlm,5,4,9,0.56
PDln,2,0,2,1.0
PDls,1,1,2,0.5
PDmB,7,13,20,0.35
PDmD,4,5,9,0.44
PDmH,7,14,21,0.33
PDmI,0,1,1,0.0
PDmJ,4,2,6,0.67
PDmL,5,7,12,0.42
PDmM,12,18,30,0.4
PDmN,8,8,16,0.5
PDmP,6,12,18,0.33
PDmS,11,7,18,0.61
PDmb,7,11,18,0.39
PDmh,1,1,2,0.5
PDml,1,0,1,1.0
PDmm,11,9,20,0.55
PDmn,9,8,17,0.53
PDms,6,7,13,0.46
PDnB,1,10,11,0.09
PDnD,2,3,5,0.4
PDnH,6,1,7,0.86
PDnI,1,2,3,0.33
PDnK,0,0,0,
PDnL,2,1,3,0.67
PDnM,6,10,16,0.38
PDnN,6,7,13,0.46
PDnP,3,5,8,0.38
PDnS,4,7,11,0.36
PDnb,3,4,7,0.43
PDnh,1,0,1,1.0
PDnl,3,0,3,1.0
PDnm,3,8,11,0.27
PDnn,5,3,8,0.62
PDns,5,4,9,0.56
PDsB,3,8,11,0.27
PDsD,4,1,5,0.8
PDsH,7,7,14,0.5
PDsI,0,0,0,
PDsL,2,3,5,0.4
PDsM,3,12,15,0.2
PDsN,7,4,11,0.64
PDsP,9,3,12,0.75
PDsS,7,7,14,0.5
PDsb,2,4,6,0.33
PDsl,3,2,5,0.6
PDsm,7,9,16,0.44
PDsn,6,0,6,1.0
PDss,3,8,11,0.27
PDst,0,0,0,
PDtB,3,1,4,0.75
PDtD,0,0,0,
PDtL,0,1,1,0.0
PDtM,1,1,2,0.5
PDtN,4,2,6,0.67
PDtP,4,0,4,1.0
PDtS,1,0,1,1.0
PDtl,0,1,1,0.0
PDtm,1,1,2,0.5
PDtn,1,0,1,1.0
PDts,0,1,1,0.0
PHBB,11,15,26,0.42
PHBD,2,1,3,0.67
PHBI,0,1,1,0.0
PHBK,1,4,5,0.2
PHBL,4,3,7,0.57
PHBM,8,13,21,0.38
PHBN,7,12,19,0.37
PHBP,11,13,24,0.46
PHBS,6,5,11,0.55
PHBb,6,10,16,0.38
PHBh,1,1,2,0.5
PHBj,3,1,4,0.75
PHBl,7,4,11,0.64
PHBm,8,7,15,0.53
PHBn,9,7,16,0.56
PHBs,8,6,14,0.57
PHBt,0,2,2,0.0
PHDB,1,3,4,0.25
PHDD,0,1,1,0.0
PHDH,4,0,4,1.0
PHDL,1,1,2,0.5
PHDM,5,4,9,0.56
PHDN,1,1,2,0.5
PHDP,2,3,5,0.4
PHDS,6,0,6,1.0
PHDb,3,1,4,0.75
PHDl,1,2,3,0.33
PHDm,5,2,7,0.71
PHDn,1,3,4,0.25
PHDs,2,2,4,0.5
PHHB,3,0,3,1.0
PHHD,2,0,2,1.0
PHHH,1,2,3,0.33
PHHI,1,0,1,1.0
PHHK,1,1,2,0.5
PHHL,0,1,1,0.0
PHHM,2,3,5,0.4
PHHN,4,1,5,0.8
PHHP,2,5,7,0.29
PHHS,2,6,8,0.25
PHHb,0,1,1,0.0
PHHh,1,1,2,0.5
PHHm,2,1,3,0.67
PHHn,4,0,4,1.0
PHHs,2,1,3,0.67
PHIB,1,1,2,0.5
PHID,0,0,0,
PHIH,1,1,2,0.5
PHIK,1,0,1,1.0
PHIL,2,1,3,0.67
PHIM,1,5,6,0.17
PHIN,1,0,1,1.0
PHIP,4,2,6,0.67
PHIS,3,2,5,0.6
PHIb,1,2,3,0.33
PHIl,3,0,3,1.0
PHIm,2,1,3,0.67
PHIs,0,1,1,0.0
PHKB,4,0,4,1.0
PHKM,3,1,4,0.75
PHKN,2,2,4,0.5
PHKP,1,2,3,0.33
PHKS,3,1,4,0.75
PHKb,2,1,3,0.67
PHKh,1,1,2,0.5
PHKl,0,1,1,0.0
PHKm,1,2,3,0.33
PHKs,1,2,3,0.33
PHLB,1,2,3,0.33
PHLL,3,1,4,0.75
PHLM,5,7,12,0.42
PHLN,3,6,9,0.33
PHLP,4,8,12,0.33
PHLS,6,4,10,0.6
PHLb,4,1,5,0.8
PHLh,1,3,4,0.25
PHLj,1,0,1,1.0
PHLl,3,1,4,0.75
PHLm,6,5,11,0.55
PHLn,0,3,3,0.0
PHLs,3,5,8,0.38
PHMB,6,11,17,0.35
PHMD,2,3,5,0.4
PHMI,1,0,1,1.0
PHML,3,3,6,0.5
PHMM,13,9,22,0.59
PHMN,3,18,21,0.14
PHMP,18,14,32,0.56
PHMS,5,10,15,0.33
PHMb,9,13,22,0.41
PHMh,6,14,20,0.3
PHMj,1,1,2,0.5
PHMl,5,3,8,0.62
PHMm,12,16,28,0.43
PHMn,8,18,26,0.31
PHMs,11,8,19,0.58
PHMt,1,0,1,1.0
PHNB,9,15,24,0.38
PHND,3,1,4,0.75
PHNH,2,3,5,0.4
PHNI,0,1,1,0.0
PHNK,3,3,6,0.5
PHNL,2,2,4,0.5
PHNM,9,19,28,0.32
PHNN,16,20,36,0.44
PHNP,31,18,49,0.63
PHNS,5,10,15,0.33
PHNb,9,12,21,0.43
PHNh,2,3,5,0.4
PHNl,2,5,7,0.29
PHNm,17,15,32,0.53
PHNn,15,14,29,0.52
PHNs,14,12,26,0.54
PHNt,3,3,6,0.5
PHPB,10,11,21,0.48
PHPD,2,1,3,0.67
PHPH,3,4,7,0.43
PHPI,3,3,6,0.5
PHPK,3,0,3,1.0
PHPL,5,14,19,0.26
PHPM,20,25,45,0.44
PHPN,12,20,32,0.38
PHPP,19,31,50,0.38
PHPS,13,11,24,0.54
PHPb,19,13,32,0.59
PHPh,3,2,5,0.6
PHPl,12,5,17,0.71
PHPm,24,16,40,0.6
PHPn,11,14,25,0.44
PHPs,10,8,18,0.56
PHPt,0,2,2,0.0
PHSB,5,9,14,0.36
PHSD,1,1,2,0.5
PHSH,2,5,7,0.29
PHSI,0,1,1,0.0
PHSL,2,1,3,0.67
PHSM,9,10,19,0.47
PHSN,11,7,18,0.61
PHSP,4,12,16,0.25
PHSS,14,10,24,0.58
PHSb,6,12,18,0.33
PHSh,4,4,8,0.5
PHSl,5,7,12,0.42
PHSm,10,9,19,0.53
PHSn,8,6,14,0.57
PHSs,12,11,23,0.52
PHSt,2,1,3,0.67
PHbB,6,4,10,0.6
PHbD,0,2,2,0.0
PHbH,2,1,3,0.67
PHbI,2,0,2,1.0
PHbJ,1,0,1,1.0
PHbK,1,1,2,0.5
PHbL,1,3,4,0.25
PHbM,8,10,18,0.44
PHbN,20,9,29,0.69
PHbP,12,10,22,0.55
PHbS,7,3,10,0.7
PHbb,14,9,23,0.61
PHbl,5,1,6,0.83
PHbm,9,6,15,0.6
PHbn,4,8,12,0.33
PHbs,2,4,6,0.33
PHhB,3,4,7,0.43
PHhD,0,2,2,0.0
PHhH,0,4,4,0.0
PHhK,0,1,1,0.0
PHhL,0,0,0,
PHhM,1,1,2,0.5
PHhN,3,2,5,0.6
PHhP,6,7,13,0.46
PHhS,4,3,7,0.57
PHhb,4,2,6,0.67
PHhh,4,5,9,0.44
PHhl,0,2,2,0.0
PHhm,6,5,11,0.55
PHhn,3,10,13,0.23
PHhs,4,6,10,0.4
PHht,0,0,0,
PHlB,5,4,9,0.56
PHlD,3,0,3,1.0
PHlH,4,1,5,0.8
PHlI,1,0,1,1.0
PHlJ,1,4,5,0.2
PHlK,0,1,1,0.0
PHlL,1,2,3,0.33
PHlM,5,4,9,0.56
PHlN,7,5,12,0.58
PHlP,3,3,6,0.5
PHlS,4,5,9,0.44
PHlb,5,7,12,0.42
PHlh,1,0,1,1.0
PHll,1,2,3,0.33
PHlm,4,0,4,1.0
PHln,8,4,12,0.67
PHls,4,0,4,1.0
PHmB,12,21,33,0.36
PHmD,2,0,2,1.0
PHmH,10,11,21,0.48
PHmI,1,0,1,1.0
PHmJ,8,3,11,0.73
PHmK,0,1,1,0.0
PHmL,3,5,8,0.38
PHmM,9,27,36,0.25
PHmN,14,9,23,0.61
PHmP,16,14,30,0.53
PHmS,12,15,27,0.44
PHmb,15,16,31,0.48
PHml,6,5,11,0.55
PHmm,22,8,30,0.73
PHmn,12,11,23,0.52
PHms,9,14,23,0.39
PHnB,7,8,15,0.47
PHnD,2,2,4,0.5
PHnH,5,9,14,0.36
PHnI,1,1,2,0.5
PHnK,0,2,2,0.0
PHnL,5,2,7,0.71
PHnM,10,19,29,0.34
PHnN,12,11,23,0.52
PHnP,20,22,42,0.48
PHnS,10,13,23,0.43
PHnb,4,16,20,0.2
PHnh,1,2,3,0.33
PHnl,3,2,5,0.6
PHnm,12,12,24,0.5
PHnn,14,7,21,0.67
PHns,11,7,18,0.61
PHsB,8,6,14,0.57
PHsD,0,0,0,
PHsH,10,11,21,0.48
PHsI,4,1,5,0.8
PHsK,1,0,1,1.0
PHsL,3,2,5,0.6
PHsM,13,20,33,0.39
PHsN,12,16,28,0.43
PHsP,12,6,18,0.67
PHsS,17,12,29,0.59
PHsb,6,5,11,0.55
PHsh,1,1,2,0.5
PHsl,2,3,5,0.4
PHsm,13,12,25,0.52
PHsn,12,6,18,0.67
PHss,11,10,21,0.52
PHtB,0,1,1,0.0
PHtH,0,1,1,0.0
PHtK,1,0,1,1.0
PHtP,0,2,2,0.0
PHtS,1,0,1,1.0
PHtb,0,1,1,0.0
PHtl,1,1,2,0.5
PHtm,0,2,2,0.0
PHtn,0,0,0,
PHts,0,1,1,0.0
PIBB,4,5,9,0.44
PIBD,1,1,2,0.5
PIBH,0,1,1,0.0
PIBK,0,1,1,0.0
PIBL,2,1,3,0.67
PIBM,3,6,9,0.33
PIBN,5,6,11,0.45
PIBP,4,3,7,0.57
PIBS,5,2,7,0.71
PIBb,3,4,7,0.43
PIBh,3,1,4,0.75
PIBj,1,0,1,1.0
PIBl,4,4,8,0.5
PIBm,4,4,8,0.5
PIBn,5,6,11,0.45
PIBs,1,0,1,1.0
PIBt,0,1,1,0.0
PIDB,1,3,4,0.25
PIDH,1,3,4,0.25
PIDL,1,2,3,0.33
PIDM,0,1,1,0.0
PIDN,0,1,1,0.0
PIDP,1,1,2,0.5
PIDS,6,1,7,0.86
PIDb,1,0,1,1.0
PIDl,1,1,2,0.5
PIDm,4,1,5,0.8
PIDn,0,3,3,0.0
PIDs,1,1,2,0.5
PIHB,1,3,4,0.25
PIHD,1,0,1,1.0
PIHH,2,0,2,1.0
PIHI,1,0,1,1.0
PIHK,0,1,1,0.0
PIHL,1,2,3,0.33
PIHM,6,4,10,0.6
PIHN,3,5,8,0.38
PIHP,6,11,17,0.35
PIHS,0,3,3,0.0
PIHb,1,2,3,0.33
PIHh,0,4,4,0.0
PIHl,3,0,3,1.0
PIHm,9,5,14,0.64
PIHn,2,2,4,0.5
PIHs,3,1,4,0.75
PIHt,0,1,1,0.0
PIIB,1,0,1,1.0
PIID,0,1,1,0.0
PIIM,0,1,1,0.0
PIIN,1,2,3,0.33
PIIS,1,0,1,1.0
PIIb,1,2,3,0.33
PIIm,2,0,2,1.0
PIIn,0,1,1,0.0
PIIs,0,0,0,
PIKB,1,1,2,0.5
PIKh,1,0,1,1.0
PILB,1,3,4,0.25
PILK,0,1,1,0.0
PILL,1,2,3,0.33
PILM,1,4,5,0.2
PILN,0,1,1,0.0
PILP,3,1,4,0.75
PILS,3,4,7,0.43
PILb,1,1,2,0.5
PILh,1,1,2,0.5
PILl,1,0,1,1.0
PILm,1,1,2,0.5
PILn,1,0,1,1.0
PILs,1,0,1,1.0
PILt,0,2,2,0.0
PIMB,9,8,17,0.53
PIMD,1,3,4,0.25
PIMH,0,1,1,0.0
PIML,3,1,4,0.75
PIMM,7,9,16,0.44
PIMN,3,8,11,0.27
PIMP,7,8,15,0.47
PIMS,2,1,3,0.67
PIMb,6,5,11,0.55
PIMh,2,5,7,0.29
PIMj,0,0,0,
PIMl,3,1,4,0.75
PIMm,9,4,13,0.69
PIMn,3,9,12,0.25
PIMs,7,3,10,0.7
PIMt,0,1,1,0.0
PINB,0,4,4,0.0
PIND,1,0,1,1.0
PINL,2,5,7,0.29
PINM,2,6,8,0.25
PINN,4,4,8,0.5
PINP,7,7,14,0.5
PINS,4,2,6,0.67
PINb,4,2,6,0.67
PINh,3,1,4,0.75
PINl,2,1,3,0.67
PINm,7,8,15,0.47
PINn,6,7,13,0.46
PINs,3,6,9,0.33
PINt,2,1,3,0.67
PIPB,4,3,7,0.57
PIPH,0,2,2,0.0
PIPI,0,2,2,0.0
PIPK,0,1,1,0.0
PIPL,1,2,3,0.33
PIPM,13,9,22,0.59
PIPN,3,2,5,0.6
PIPP,7,8,15,0.47
PIPS,3,7,10,0.3
PIPb,3,4,7,0.43
PIPh,0,3,3,0.0
PIPl,2,2,4,0.5
PIPm,8,8,16,0.5
PIPn,1,6,7,0.14
PIPs,5,3,8,0.62
PIPt,0,1,1,0.0
PISB,4,4,8,0.5
PISD,3,0,3,1.0
PISH,0,3,3,0.0
PISI,1,1,2,0.5
PISK,0,0,0,
PISL,2,2,4,0.5
PISM,4,5,9,0.44
PISN,2,2,4,0.5
PISP,5,3,8,0.62
PISS,9,4,13,0.69
PISb,3,6,9,0.33
PISh,2,1,3,0.67
PISl,1,5,6,0.17
PISm,7,1,8,0.88
PISn,5,3,8,0.62
PISs,5,6,11,0.45
PISt,3,0,3,1.0
PIbB,6,3,9,0.67
PIbD,0,1,1,0.0
PIbH,1,0,1,1.0
PIbI,1,0,1,1.0
PIbJ,1,1,2,0.5
PIbK,1,0,1,1.0
PIbL,2,0,2,1.0
PIbM,5,7,12,0.42
PIbN,5,3,8,0.62
PIbP,7,6,13,0.54
PIbS,3,3,6,0.5
PIbb,6,3,9,0.67
PIbl,2,2,4,0.5
PIbm,6,3,9,0.67
PIbn,6,2,8,0.75
PIbs,2,0,2,1.0
PIhM,1,0,1,1.0
PIhh,0,2,2,0.0
PIhl,0,1,1,0.0
PIhs,1,0,1,1.0
PIlH,0,1,1,0.0
PIlI,0,1,1,0.0
PIlJ,1,0,1,1.0
PIlL,0,1,1,0.0
PIlM,3,1,4,0.75
PIlN,3,0,3,1.0
PIlP,3,2,5,0.6
PIlS,0,1,1,0.0
PIlb,1,0,1,1.0
PIll,2,0,2,1.0
PIlm,3,0,3,1.0
PIln,1,1,2,0.5
PIls,1,0,1,1.0
PImB,3,4,7,0.43
PImD,0,1,1,0.0
PImH,5,3,8,0.62
PImI,0,1,1,0.0
PImJ,0,1,1,0.0
PImL,3,1,4,0.75
PImM,6,5,11,0.55
PImN,9,6,15,0.6
PImP,6,9,15,0.4
PImS,5,3,8,0.62
PImb,8,5,13,0.62
PIml,2,1,3,0.67
PImm,8,6,14,0.57
PImn,6,4,10,0.6
PIms,2,3,5,0.4
PInB,4,4,8,0.5
PInH,3,1,4,0.75
PInI,2,0,2,1.0
PInK,0,1,1,0.0
PInL,2,2,4,0.5
PInM,3,1,4,0.75
PInN,7,5,12,0.58
PInP,9,2,11,0.82
PInS,5,2,7,0.71
PInb,5,4,9,0.56
PInl,1,2,3,0.33
PInm,3,2,5,0.6
PInn,3,3,6,0.5
PIns,4,3,7,0.57
PIsB,4,2,6,0.67
PIsH,2,2,4,0.5
PIsI,0,1,1,0.0
PIsL,1,0,1,1.0
PIsM,1,3,4,0.25
PIsN,1,4,5,0.2
PIsP,5,3,8,0.62
PIsS,6,2,8,0.75
PIsb,1,1,2,0.5
PIsh,1,0,1,1.0
PIsl,1,2,3,0.33
PIsm,4,5,9,0.44
PIsn,1,0,1,1.0
PIss,0,3,3,0.0
PItN,2,0,2,1.0
PItP,1,1,2,0.5
PItm,2,0,2,1.0
PKBB,6,8,14,0.43
PKBD,0,4,4,0.0
PKBL,1,2,3,0.33
PKBM,1,6,7,0.14
PKBN,3,3,6,0.5
PKBP,5,8,13,0.38
PKBS,2,4,6,0.33
PKBb,4,2,6,0.67
PKBj,0,0,0,
PKBl,2,2,4,0.5
PKBm,9,7,16,0.56
PKBn,8,6,14,0.57
PKBs,1,4,5,0.2
PKDB,2,3,5,0.4
PKDD,0,1,1,0.0
PKDH,0,3,3,0.0
PKDL,1,0,1,1.0
PKDM,0,2,2,0.0
PKDN,0,1,1,0.0
PKDP,1,1,2,0.5
PKDS,3,0,3,1.0
PKDb,1,0,1,1.0
PKDl,1,3,4,0.25
PKDm,2,0,2,1.0
PKDn,1,2,3,0.33
PKDs,1,1,2,0.5
PKHB,1,2,3,0.33
PKHL,0,1,1,0.0
PKHM,1,1,2,0.5
PKHN,2,0,2,1.0
PKHP,1,0,1,1.0
PKHS,3,2,5,0.6
PKHb,1,0,1,1.0
PKHh,0,1,1,0.0
PKHn,0,1,1,0.0
PKHs,3,0,3,1.0
PKIB,0,1,1,0.0
PKIM,2,0,2,1.0
PKIP,1,0,1,1.0
PKIS,1,1,2,0.5
PKIb,2,0,2,1.0
PKIl,0,0,0,
PKIm,2,0,2,1.0
PKIn,0,1,1,0.0
PKIs,0,1,1,0.0
PKKB,0,1,1,0.0
PKKP,0,0,0,
PKKn,1,0,1,1.0
PKLB,4,1,5,0.8
PKLD,1,0,1,1.0
PKLL,0,2,2,0.0
PKLM,2,3,5,0.4
PKLN,0,3,3,0.0
PKLP,3,4,7,0.43
PKLS,3,2,5,0.6
PKLb,0,1,1,0.0
PKLh,0,0,0,
PKLj,0,2,2,0.0
PKLl,1,1,2,0.5
PKLm,0,4,4,0.0
PKLn,2,2,4,0.5
PKLs,3,1,4,0.75
PKMB,12,11,23,0.52
PKMD,0,1,1,0.0
PKML,3,7,10,0.3
PKMM,8,14,22,0.36
PKMN,9,4,13,0.69
PKMP,7,9,16,0.44
PKMS,6,4,10,0.6
PKMb,6,9,15,0.4
PKMh,4,6,10,0.4
PKMj,1,1,2,0.5
PKMl,4,3,7,0.57
PKMm,12,11,23,0.52
PKMn,3,4,7,0.43
PKMs,6,3,9,0.67
PKMt,2,1,3,0.67
PKNB,5,7,12,0.42
PKND,0,4,4,0.0
PKNH,0,1,1,0.0
PKNK,0,1,1,0.0
PKNL,2,1,3,0.67
PKNM,3,6,9,0.33
PKNN,4,6,10,0.4
PKNP,8,7,15,0.53
PKNS,4,0,4,1.0
PKNb,3,4,7,0.43
PKNh,1,0,1,1.0
PKNl,2,2,4,0.5
PKNm,4,6,10,0.4
PKNn,2,2,4,0.5
PKNs,3,2,5,0.6
PKNt,2,0,2,1.0
PKPB,5,7,12,0.42
PKPD,2,1,3,0.67
PKPH,3,1,4,0.75
PKPI,1,0,1,1.0
PKPK,1,2,3,0.33
PKPL,5,4,9,0.56
PKPM,7,11,18,0.39
PKPN,5,9,14,0.36
PKPP,9,7,16,0.56
PKPS,4,9,13,0.31
PKPb,9,8,17,0.53
PKPh,3,1,4,0.75
PKPl,4,2,6,0.67
PKPm,11,7,18,0.61
PKPn,4,4,8,0.5
PKPs,1,8,9,0.11
PKPt,1,0,1,1.0
PKSB,3,5,8,0.38
PKSD,1,3,4,0.25
PKSH,3,1,4,0.75
PKSI,0,1,1,0.0
PKSL,3,2,5,0.6
PKSM,4,6,10,0.4
PKSN,1,2,3,0.33
PKSP,6,2,8,0.75
PKSS,6,7,13,0.46
PKSb,5,2,7,0.71
PKSh,7,1,8,0.88
PKSl,2,2,4,0.5
PKSm,5,3,8,0.62
PKSn,1,2,3,0.33
PKSs,1,3,4,0.25
PKSt,0,0,0,
PKbB,8,4,12,0.67
PKbD,1,1,2,0.5
PKbH,2,1,3,0.67
PKbJ,0,1,1,0.0
PKbK,0,4,4,0.0
PKbL,0,2,2,0.0
PKbM,3,6,9,0.33
PKbN,7,4,11,0.64
PKbP,6,6,12,0.5
PKbS,3,5,8,0.38
PKbb,3,6,9,0.33
PKbl,0,3,3,0.0
PKbm,6,4,10,0.6
PKbn,3,3,6,0.5
PKbs,5,1,6,0.83
PKhB,3,3,6,0.5
PKhD,1,2,3,0.33
PKhH,0,1,1,0.0
PKhL,2,1,3,0.67
PKhM,3,4,7,0.43
PKhN,2,3,5,0.4
PKhP,4,3,7,0.57
PKhS,9,8,17,0.53
PKhb,4,5,9,0.44
PKhh,1,6,7,0.14
PKhl,3,4,7,0.43
PKhm,2,14,16,0.12
PKhn,4,5,9,0.44
PKhs,2,7,9,0.22
PKht,0,1,1,0.0
PKlB,4,2,6,0.67
PKlD,1,1,2,0.5
PKlH,1,0,1,1.0
PKlJ,1,0,1,1.0
PKlL,1,0,1,1.0
PKlM,1,8,9,0.11
PKlN,6,4,10,0.6
PKlP,0,2,2,0.0
PKlS,3,1,4,0.75
PKlb,5,1,6,0.83
PKll,2,0,2,1.0
PKlm,6,4,10,0.6
PKln,1,3,4,0.25
PKls,3,1,4,0.75
PKmB,5,6,11,0.45
PKmD,6,3,9,0.67
PKmH,8,3,11,0.73
PKmI,0,0,0,
PKmJ,2,2,4,0.5
PKmK,1,0,1,1.0
PKmL,0,3,3,0.0
PKmM,10,12,22,0.45
PKmN,7,12,19,0.37
PKmP,6,6,12,0.5
PKmS,4,5,9,0.44
PKmb,6,7,13,0.46
PKml,4,3,7,0.57
PKmm,7,8,15,0.47
PKmn,5,6,11,0.45
PKms,10,5,15,0.67
PKnB,5,4,9,0.56
PKnD,0,0,0,
PKnH,0,3,3,0.0
PKnI,1,1,2,0.5
PKnK,1,0,1,1.0
PKnL,3,1,4,0.75
PKnM,4,9,13,0.31
PKnN,1,8,9,0.11
PKnP,5,7,12,0.42
PKnS,6,5,11,0.55
PKnb,4,6,10,0.4
PKnl,1,0,1,1.0
PKnm,4,4,8,0.5
PKnn,3,2,5,0.6
PKns,2,7,9,0.22
PKsB,5,3,8,0.62
PKsD,4,4,8,0.5
PKsH,5,8,13,0.38
PKsI,0,0,0,
PKsL,1,3,4,0.25
PKsM,4,4,8,0.5
PKsN,4,3,7,0.57
PKsP,4,7,11,0.36
PKsS,5,3,8,0.62
PKsb,5,6,11,0.45
PKsh,0,1,1,0.0
PKsl,0,3,3,0.0
PKsm,5,2,7,0.71
PKsn,2,0,2,1.0
PKss,3,7,10,0.3
PKtB,1,0,1,1.0
PKtD,1,0,1,1.0
PKtI,0,1,1,0.0
PKtM,1,1,2,0.5
PKtN,2,0,2,1.0
PKtP,0,1,1,0.0
PKtS,0,0,0,
PKth,1,0,1,1.0
PKtl,0,1,1,0.0
PKtm,0,0,0,
PKts,0,0,0,
PLBB,15,24,39,0.38
PLBD,6,0,6,1.0
PLBH,0,1,1,0.0
PLBK,4,0,4,1.0
PLBL,2,5,7,0.29
PLBM,6,16,22,0.27
PLBN,21,19,40,0.52
PLBP,23,19,42,0.55
PLBS,9,6,15,0.6
PLBb,19,19,38,0.5
PLBh,1,4,5,0.2
PLBj,2,3,5,0.4
PLBl,8,6,14,0.57
PLBm,19,15,34,0.56
PLBn,24,20,44,0.55
PLBs,5,7,12,0.42
PLBt,1,0,1,1.0
PLDB,2,4,6,0.33
PLDD,0,3,3,0.0
PLDH,2,3,5,0.4
PLDM,1,2,3,0.33
PLDN,2,2,4,0.5
PLDP,7,3,10,0.7
PLDS,3,2,5,0.6
PLDb,2,1,3,0.67
PLDl,4,0,4,1.0
PLDm,4,3,7,0.57
PLDn,4,1,5,0.8
PLDs,1,1,2,0.5
PLHP,0,2,2,0.0
PLHb,0,1,1,0.0
PLHh,0,0,0,
PLIH,0,1,1,0.0
PLKB,0,1,1,0.0
PLKD,0,0,0,
PLKH,0,1,1,0.0
PLKI,0,1,1,0.0
PLKL,1,1,2,0.5
PLKM,0,1,1,0.0
PLKN,1,1,2,0.5
PLKP,0,2,2,0.0
PLKS,1,0,1,1.0
PLKb,0,1,1,0.0
PLKh,1,3,4,0.25
PLKm,0,1,1,0.0
PLKn,1,1,2,0.5
PLKs,0,1,1,0.0
PLLB,8,11,19,0.42
PLLD,0,1,1,0.0
PLLK,1,0,1,1.0
PLLL,5,3,8,0.62
PLLM,2,9,11,0.18
PLLN,8,7,15,0.53
PLLP,4,12,16,0.25
PLLS,4,7,11,0.36
PLLb,5,9,14,0.36
PLLh,3,2,5,0.6
PLLj,0,3,3,0.0
PLLl,4,6,10,0.4
PLLm,8,14,22,0.36
PLLn,13,10,23,0.57
PLLs,6,3,9,0.67
PLLt,1,0,1,1.0
PLMB,21,26,47,0.45
PLMD,4,4,8,0.5
PLML,4,6,10,0.4
PLMM,12,20,32,0.38
PLMN,14,14,28,0.5
PLMP,21,22,43,0.49
PLMS,9,10,19,0.47
PLMb,15,18,33,0.45
PLMh,9,16,25,0.36
PLMj,3,1,4,0.75
PLMl,5,10,15,0.33
PLMm,17,20,37,0.46
PLMn,16,13,29,0.55
PLMs,9,6,15,0.6
PLMt,1,0,1,1.0
PLNB,13,18,31,0.42
PLND,1,5,6,0.17
PLNH,1,1,2,0.5
PLNK,4,1,5,0.8
PLNL,3,8,11,0.27
PLNM,21,11,32,0.66
PLNN,16,12,28,0.57
PLNP,10,20,30,0.33
PLNS,11,9,20,0.55
PLNb,13,10,23,0.57
PLNh,5,3,8,0.62
PLNl,10,5,15,0.67
PLNm,15,16,31,0.48
PLNn,18,16,34,0.53
PLNs,9,8,17,0.53
PLNt,2,4,6,0.33
PLPB,21,16,37,0.57
PLPD,4,1,5,0.8
PLPH,4,6,10,0.4
PLPI,4,0,4,1.0
PLPK,2,1,3,0.67
PLPL,12,10,22,0.55
PLPM,19,24,43,0.44
PLPN,17,25,42,0.4
PLPP,29,18,47,0.62
PLPS,23,11,34,0.68
PLPb,12,19,31,0.39
PLPh,3,2,5,0.6
PLPl,16,18,34,0.47
PLPm,34,18,52,0.65
PLPn,26,19,45,0.58
PLPs,16,17,33,0.48
PLPt,2,1,3,0.67
PLSB,11,11,22,0.5
PLSD,1,4,5,0.2
PLSH,4,1,5,0.8
PLSI,0,0,0,
PLSK,0,0,0,
PLSL,4,4,8,0.5
PLSM,15,7,22,0.68
PLSN,16,10,26,0.62
PLSP,13,22,35,0.37
PLSS,10,25,35,0.29
PLSb,9,10,19,0.47
PLSh,6,6,12,0.5
PLSl,6,3,9,0.67
PLSm,14,11,25,0.56
PLSn,4,11,15,0.27
PLSs,5,5,10,0.5
PLSt,0,2,2,0.0
PLbB,18,8,26,0.69
PLbD,2,0,2,1.0
PLbH,2,3,5,0.4
PLbJ,3,3,6,0.5
PLbK,0,2,2,0.0
PLbL,5,4,9,0.56
PLbM,9,18,27,0.33
PLbN,14,18,32,0.44
PLbP,16,16,32,0.5
PLbS,8,13,21,0.38
PLbb,18,19,37,0.49
PLbl,8,6,14,0.57
PLbm,21,17,38,0.55
PLbn,17,12,29,0.59
PLbs,9,7,16,0.56
PLhB,8,9,17,0.47
PLhD,3,1,4,0.75
PLhL,3,3,6,0.5
PLhM,8,9,17,0.47
PLhN,3,9,12,0.25
PLhP,8,6,14,0.57
PLhS,4,4,8,0.5
PLhb,6,4,10,0.6
PLhh,3,9,12,0.25
PLhl,1,2,3,0.33
PLhm,8,7,15,0.53
PLhn,2,4,6,0.33
PLhs,8,7,15,0.53
PLht,2,1,3,0.67
PLjB,2,7,9,0.22
PLjL,2,5,7,0.29
PLjM,2,3,5,0.4
PLjN,7,4,11,0.64
PLjP,8,2,10,0.8
PLjS,2,0,2,1.0
PLjb,3,1,4,0.75
PLjh,1,1,2,0.5
PLjl,4,0,4,1.0
PLjm,6,3,9,0.67
PLjn,3,1,4,0.75
PLjs,2,2,4,0.5
PLjt,1,0,1,1.0
PLlB,5,14,19,0.26
PLlD,1,1,2,0.5
PLlH,7,5,12,0.58
PLlI,0,0,0,
PLlJ,1,1,2,0.5
PLlL,4,11,15,0.27
PLlM,11,11,22,0.5
PLlN,9,7,16,0.56
PLlP,14,12,26,0.54
PLlS,7,5,12,0.58
PLlb,3,9,12,0.25
PLll,3,5,8,0.38
PLlm,10,8,18,0.56
PLln,4,6,10,0.4
PLls,5,11,16,0.31
PLmB,23,12,35,0.66
PLmD,7,2,9,0.78
PLmH,20,12,32,0.62
PLmI,1,1,2,0.5
PLmJ,4,4,8,0.5
PLmK,0,1,1,0.0
PLmL,10,12,22,0.45
PLmM,22,29,51,0.43
PLmN,15,31,46,0.33
PLmP,26,32,58,0.45
PLmS,11,10,21,0.52
PLmb,13,21,34,0.38
PLml,13,5,18,0.72
PLmm,20,21,41,0.49
PLmn,25,16,41,0.61
PLms,9,15,24,0.38
PLnB,16,19,35,0.46
PLnD,4,4,8,0.5
PLnH,9,7,16,0.56
PLnI,2,2,4,0.5
PLnK,1,1,2,0.5
PLnL,8,7,15,0.53
PLnM,15,20,35,0.43
PLnN,19,23,42,0.45
PLnP,30,15,45,0.67
PLnS,15,14,29,0.52
PLnb,14,19,33,0.42
PLnh,2,2,4,0.5
PLnl,4,8,12,0.33
PLnm,20,27,47,0.43
PLnn,24,20,44,0.55
PLns,11,15,26,0.42
PLsB,2,13,15,0.13
PLsD,2,2,4,0.5
PLsH,6,7,13,0.46
PLsI,4,1,5,0.8
PLsK,0,1,1,0.0
PLsL,5,5,10,0.5
PLsM,14,10,24,0.58
PLsN,13,8,21,0.62
PLsP,15,14,29,0.52
PLsS,16,9,25,0.64
PLsb,4,5,9,0.44
PLsh,0,1,1,0.0
PLsl,4,5,9,0.44
PLsm,14,10,24,0.58
PLsn,10,9,19,0.53
PLss,5,9,14,0.36
PLst,1,0,1,1.0
PLtB,2,3,5,0.4
PLtD,1,2,3,0.33
PLtH,3,0,3,1.0
PLtI,0,1,1,0.0
PLtL,1,0,1,1.0
PLtM,5,2,7,0.71
PLtN,2,3,5,0.4
PLtP,2,4,6,0.33
PLtS,0,2,2,0.0
PLtb,3,5,8,0.38
PLtl,0,1,1,0.0
PLtm,7,3,10,0.7
PLtn,0,3,3,0.0
PLts,1,4,5,0.2
PMBB,53,59,112,0.47
PMBD,8,6,14,0.57
PMBH,1,0,1,1.0
PMBK,8,5,13,0.62
PMBL,10,13,23,0.43
PMBM,36,43,79,0.46
PMBN,55,48,103,0.53
PMBP,51,62,113,0.45
PMBS,16,15,31,0.52
PMBb,38,40,78,0.49
PMBh,5,8,13,0.38
PMBj,15,9,24,0.62
PMBl,15,14,29,0.52
PMBm,46,56,102,0.45
PMBn,50,53,103,0.49
PMBs,34,19,53,0.64
PMBt,3,3,6,0.5
PMDB,15,9,24,0.62
PMDD,4,4,8,0.5
PMDH,1,10,11,0.09
PMDI,0,1,1,0.0
PMDL,5,1,6,0.83
PMDM,9,21,30,0.3
PMDN,5,10,15,0.33
PMDP,10,3,13,0.77
PMDS,10,7,17,0.59
PMDb,6,14,20,0.3
PMDl,5,3,8,0.62
PMDm,12,13,25,0.48
PMDn,5,7,12,0.42
PMDs,7,7,14,0.5
PMDt,1,1,2,0.5
PMHD,1,0,1,1.0
PMHH,0,1,1,0.0
PMHK,0,0,0,
PMHL,1,0,1,1.0
PMHP,4,0,4,1.0
PMHS,2,0,2,1.0
PMHm,1,0,1,1.0
PMHs,0,1,1,0.0
PMIB,0,1,1,0.0
PMIL,0,1,1,0.0
PMIM,0,1,1,0.0
PMIm,0,0,0,
PMIn,0,1,1,0.0
PMKB,1,1,2,0.5
PMKD,1,0,1,1.0
PMKI,0,2,2,0.0
PMKL,0,1,1,0.0
PMKM,1,3,4,0.25
PMKN,2,0,2,1.0
PMKP,2,2,4,0.5
PMKS,0,1,1,0.0
PMKb,1,0,1,1.0
PMKh,1,0,1,1.0
PMKm,3,1,4,0.75
PMKn,2,0,2,1.0
PMKs,0,1,1,0.0
PMLB,17,16,33,0.52
PMLD,2,2,4,0.5
PMLH,1,0,1,1.0
PMLK,3,0,3,1.0
PMLL,5,4,9,0.56
PMLM,10,10,20,0.5
PMLN,19,17,36,0.53
PMLP,15,14,29,0.52
PMLS,2,9,11,0.18
PMLb,12,8,20,0.6
PMLh,6,3,9,0.67
PMLj,8,3,11,0.73
PMLl,8,4,12,0.67
PMLm,20,14,34,0.59
PMLn,15,22,37,0.41
PMLs,7,9,16,0.44
PMLt,1,2,3,0.33
PMMB,39,55,94,0.41
PMMD,11,7,18,0.61
PMMH,0,2,2,0.0
PMMK,3,1,4,0.75
PMML,8,8,16,0.5
PMMM,38,44,82,0.46
PMMN,33,34,67,0.49
PMMP,48,57,105,0.46
PMMS,29,34,63,0.46
PMMb,28,35,63,0.44
PMMh,39,36,75,0.52
PMMj,7,7,14,0.5
PMMl,10,13,23,0.43
PMMm,73,48,121,0.6
PMMn,58,59,117,0.5
PMMs,30,26,56,0.54
PMMt,4,4,8,0.5
PMNB,33,40,73,0.45
PMND,9,9,18,0.5
PMNH,3,7,10,0.3
PMNI,1,1,2,0.5
PMNK,6,10,16,0.38
PMNL,6,17,23,0.26
PMNM,32,39,71,0.45
PMNN,52,47,99,0.53
PMNP,62,50,112,0.55
PMNS,21,23,44,0.48
PMNb,37,29,66,0.56
PMNh,9,14,23,0.39
PMNl,11,18,29,0.38
PMNm,43,36,79,0.54
PMNn,52,46,98,0.53
PMNs,30,30,60,0.5
PMNt,4,4,8,0.5
PMPB,55,49,104,0.53
PMPD,8,8,16,0.5
PMPH,17,19,36,0.47
PMPI,8,6,14,0.57
PMPK,6,8,14,0.43
PMPL,23,20,43,0.53
PMPM,50,67,117,0.43
PMPN,51,68,119,0.43
PMPP,76,70,146,0.52
PMPS,30,37,67,0.45
PMPb,48,46,94,0.51
PMPh,4,7,11,0.36
PMPl,15,23,38,0.39
PMPm,65,63,128,0.51
PMPn,58,40,98,0.59
PMPs,42,37,79,0.53
PMPt,7,7,14,0.5
PMSB,23,27,50,0.46
PMSD,9,3,12,0.75
PMSH,7,8,15,0.47
PMSI,1,0,1,1.0
PMSK,1,1,2,0.5
PMSL,11,10,21,0.52
PMSM,22,36,58,0.38
PMSN,28,18,46,0.61
PMSP,24,37,61,0.39
PMSS,26,29,55,0.47
PMSb,19,12,31,0.61
PMSh,15,12,27,0.56
PMSl,8,8,16,0.5
PMSm,48,38,86,0.56
PMSn,22,22,44,0.5
PMSs,36,19,55,0.65
PMSt,4,4,8,0.5
PMbB,33,46,79,0.42
PMbD,5,6,11,0.45
PMbH,13,9,22,0.59
PMbI,5,5,10,0.5
PMbJ,8,6,14,0.57
PMbK,1,8,9,0.11
PMbL,13,15,28,0.46
PMbM,39,49,88,0.44
PMbN,52,49,101,0.51
PMbP,55,51,106,0.52
PMbS,27,18,45,0.6
PMbb,37,41,78,0.47
PMbl,12,13,25,0.48
PMbm,53,35,88,0.6
PMbn,50,47,97,0.52
PMbs,20,9,29,0.69
PMhB,38,26,64,0.59
PMhD,8,3,11,0.73
PMhH,8,14,22,0.36
PMhI,4,3,7,0.57
PMhK,1,1,2,0.5
PMhL,9,12,21,0.43
PMhM,32,61,93,0.34
PMhN,37,32,69,0.54
PMhP,47,40,87,0.54
PMhS,31,29,60,0.52
PMhb,16,27,43,0.37
PMhh,43,18,61,0.7
PMhl,15,15,30,0.5
PMhm,50,51,101,0.5
PMhn,37,33,70,0.53
PMhs,22,23,45,0.49
PMht,4,0,4,1.0
PMjB,3,8,11,0.27
PMjD,1,0,1,1.0
PMjH,1,2,3,0.33
PMjI,1,1,2,0.5
PMjK,1,0,1,1.0
PMjL,1,4,5,0.2
PMjM,7,8,15,0.47
PMjN,7,9,16,0.44
PMjP,9,10,19,0.47
PMjS,5,6,11,0.45
PMjb,5,9,14,0.36
PMjh,1,1,2,0.5
PMjl,0,0,0,
PMjm,10,7,17,0.59
PMjn,7,8,15,0.47
PMjs,3,3,6,0.5
PMlB,11,16,27,0.41
PMlD,6,0,6,1.0
PMlH,17,11,28,0.61
PMlI,2,0,2,1.0
PMlJ,7,3,10,0.7
PMlK,1,0,1,1.0
PMlL,7,7,14,0.5
PMlM,16,18,34,0.47
PMlN,13,25,38,0.34
PMlP,20,26,46,0.43
PMlS,10,9,19,0.53
PMlb,15,4,19,0.79
PMll,5,4,9,0.56
PMlm,24,17,41,0.59
PMln,8,17,25,0.32
PMls,5,4,9,0.56
PMmB,44,58,102,0.43
PMmD,18,13,31,0.58
PMmH,50,47,97,0.52
PMmI,1,4,5,0.2
PMmJ,15,8,23,0.65
PMmK,3,4,7,0.43
PMmL,19,19,38,0.5
PMmM,72,93,165,0.44
PMmN,58,60,118,0.49
PMmP,86,83,169,0.51
PMmS,37,48,85,0.44
PMmb,50,43,93,0.54
PMmh,0,1,1,0.0
PMml,8,16,24,0.33
PMmm,75,60,135,0.56
PMmn,47,61,108,0.44
PMms,36,35,71,0.51
PMnB,48,50,98,0.49
PMnD,10,7,17,0.59
PMnH,32,35,67,0.48
PMnI,12,6,18,0.67
PMnK,14,5,19,0.74
PMnL,15,23,38,0.39
PMnM,49,50,99,0.49
PMnN,65,63,128,0.51
PMnP,59,72,131,0.45
PMnS,41,38,79,0.52
PMnb,35,29,64,0.55
PMnh,1,1,2,0.5
PMnl,14,13,27,0.52
PMnm,63,54,117,0.54
PMnn,58,64,122,0.48
PMns,41,42,83,0.49
PMnt,1,0,1,1.0
PMsB,17,25,42,0.4
PMsD,14,9,23,0.61
PMsH,32,32,64,0.5
PMsI,4,5,9,0.44
PMsK,1,1,2,0.5
PMsL,8,9,17,0.47
PMsM,26,32,58,0.45
PMsN,37,25,62,0.6
PMsP,44,45,89,0.49
PMsS,27,37,64,0.42
PMsb,16,20,36,0.44
PMsh,3,5,8,0.38
PMsl,9,10,19,0.47
PMsm,37,16,53,0.7
PMsn,27,24,51,0.53
PMss,19,24,43,0.44
PMst,0,1,1,0.0
PMtB,2,8,10,0.2
PMtD,2,1,3,0.67
PMtH,3,2,5,0.6
PMtL,0,0,0,
PMtM,6,6,12,0.5
PMtN,3,4,7,0.43
PMtP,5,5,10,0.5
PMtS,2,4,6,0.33
PMtb,9,5,14,0.64
PMth,1,1,2,0.5
PMtl,2,1,3,0.67
PMtm,4,5,9,0.44
PMtn,4,7,11,0.36
PMts,4,2,6,0.67
PMtt,2,1,3,0.67
PNBB,46,46,92,0.5
PNBD,5,7,12,0.42
PNBH,0,1,1,0.0
PNBK,2,1,3,0.67
PNBL,10,20,30,0.33
PNBM,26,31,57,0.46
PNBN,34,49,83,0.41
PNBP,62,53,115,0.54
PNBS,20,28,48,0.42
PNBb,33,34,67,0.49
PNBh,2,3,5,0.4
PNBj,9,14,23,0.39
PNBl,13,5,18,0.72
PNBm,58,41,99,0.59
PNBn,48,46,94,0.51
PNBs,21,22,43,0.49
PNBt,4,5,9,0.44
PNDB,9,7,16,0.56
PNDD,2,2,4,0.5
PNDH,4,15,19,0.21
PNDI,0,2,2,0.0
PNDL,1,3,4,0.25
PNDM,16,9,25,0.64
PNDN,9,10,19,0.47
PNDP,11,9,20,0.55
PNDS,6,9,15,0.4
PNDb,10,8,18,0.56
PNDh,1,0,1,1.0
PNDl,4,4,8,0.5
PNDm,11,9,20,0.55
PNDn,3,3,6,0.5
PNDs,3,5,8,0.38
PNDt,1,3,4,0.25
PNHB,7,3,10,0.7
PNHD,1,0,1,1.0
PNHH,0,1,1,0.0
PNHI,0,2,2,0.0
PNHK,6,0,6,1.0
PNHL,9,6,15,0.6
PNHM,1,9,10,0.1
PNHN,11,11,22,0.5
PNHP,11,6,17,0.65
PNHS,10,5,15,0.67
PNHb,5,6,11,0.45
PNHh,4,1,5,0.8
PNHl,1,5,6,0.17
PNHm,8,9,17,0.47
PNHn,3,9,12,0.25
PNHs,7,10,17,0.41
PNIB,1,0,1,1.0
PNIH,2,1,3,0.67
PNIL,0,1,1,0.0
PNIM,0,1,1,0.0
PNIN,0,0,0,
PNIP,0,0,0,
PNIS,1,0,1,1.0
PNIb,1,0,1,1.0
PNIm,0,2,2,0.0
PNIn,0,0,0,
PNIs,0,1,1,0.0
PNKB,4,1,5,0.8
PNKD,0,2,2,0.0
PNKI,2,1,3,0.67
PNKK,0,0,0,
PNKL,1,0,1,1.0
PNKM,3,8,11,0.27
PNKN,6,6,12,0.5
PNKP,5,4,9,0.56
PNKS,2,1,3,0.67
PNKb,5,4,9,0.56
PNKh,2,4,6,0.33
PNKl,1,0,1,1.0
PNKm,7,3,10,0.7
PNKn,2,1,3,0.67
PNKs,2,5,7,0.29
PNKt,1,0,1,1.0
PNLB,18,21,39,0.46
PNLD,1,3,4,0.25
PNLH,0,1,1,0.0
PNLK,0,3,3,0.0
PNLL,10,2,12,0.83
PNLM,7,16,23,0.3
PNLN,17,24,41,0.41
PNLP,20,30,50,0.4
PNLS,7,9,16,0.44
PNLb,17,11,28,0.61
PNLh,9,6,15,0.6
PNLj,0,1,1,0.0
PNLl,8,9,17,0.47
PNLm,27,18,45,0.6
PNLn,19,24,43,0.44
PNLs,10,9,19,0.53
PNLt,1,5,6,0.17
PNMB,35,44,79,0.44
PNMD,8,3,11,0.73
PNMI,1,0,1,1.0
PNMK,0,2,2,0.0
PNML,10,15,25,0.4
PNMM,27,44,71,0.38
PNMN,45,41,86,0.52
PNMP,39,57,96,0.41
PNMS,32,37,69,0.46
PNMb,27,35,62,0.44
PNMh,31,23,54,0.57
PNMj,5,9,14,0.36
PNMl,14,21,35,0.4
PNMm,69,47,116,0.59
PNMn,50,50,100,0.5
PNMs,44,20,64,0.69
PNMt,5,2,7,0.71
PNNB,38,36,74,0.51
PNND,14,16,30,0.47
PNNH,6,7,13,0.46
PNNK,3,7,10,0.3
PNNL,20,14,34,0.59
PNNM,29,51,80,0.36
PNNN,51,65,116,0.44
PNNP,74,61,135,0.55
PNNS,41,45,86,0.48
PNNb,30,35,65,0.46
PNNh,7,15,22,0.32
PNNl,14,14,28,0.5
PNNm,65,42,107,0.61
PNNn,61,73,134,0.46
PNNs,35,42,77,0.45
PNNt,5,8,13,0.38
PNPB,53,59,112,0.47
PNPD,14,12,26,0.54
PNPH,17,16,33,0.52
PNPI,13,3,16,0.81
PNPK,10,14,24,0.42
PNPL,24,35,59,0.41
PNPM,72,64,136,0.53
PNPN,71,69,140,0.51
PNPP,97,90,187,0.52
PNPS,40,59,99,0.4
PNPb,47,49,96,0.49
PNPh,6,4,10,0.6
PNPl,31,32,63,0.49
PNPm,85,58,143,0.59
PNPn,62,52,114,0.54
PNPs,44,42,86,0.51
PNPt,5,5,10,0.5
PNSB,22,20,42,0.52
PNSD,5,11,16,0.31
PNSH,11,8,19,0.58
PNSI,1,0,1,1.0
PNSK,1,3,4,0.25
PNSL,10,11,21,0.48
PNSM,40,38,78,0.51
PNSN,29,28,57,0.51
PNSP,47,50,97,0.48
PNSS,35,38,73,0.48
PNSb,26,19,45,0.58
PNSh,20,28,48,0.42
PNSl,13,14,27,0.48
PNSm,37,43,80,0.46
PNSn,33,29,62,0.53
PNSs,38,24,62,0.61
PNSt,5,2,7,0.71
PNbB,30,37,67,0.45
PNbD,5,3,8,0.62
PNbH,10,11,21,0.48
PNbI,2,1,3,0.67
PNbJ,7,12,19,0.37
PNbK,4,4,8,0.5
PNbL,11,13,24,0.46
PNbM,23,33,56,0.41
PNbN,37,37,74,0.5
PNbP,39,42,81,0.48
PNbS,15,24,39,0.38
PNbb,40,26,66,0.61
PNbh,0,0,0,
PNbl,15,11,26,0.58
PNbm,31,24,55,0.56
PNbn,38,35,73,0.52
PNbs,26,17,43,0.6
PNbt,1,0,1,1.0
PNhB,12,16,28,0.43
PNhD,3,3,6,0.5
PNhH,2,4,6,0.33
PNhI,1,1,2,0.5
PNhK,0,0,0,
PNhL,6,4,10,0.6
PNhM,9,14,23,0.39
PNhN,15,14,29,0.52
PNhP,20,26,46,0.43
PNhS,13,9,22,0.59
PNhb,9,14,23,0.39
PNhh,7,8,15,0.47
PNhl,4,6,10,0.4
PNhm,14,15,29,0.48
PNhn,11,11,22,0.5
PNhs,12,13,25,0.48
PNht,0,0,0,
PNlB,15,13,28,0.54
PNlD,2,1,3,0.67
PNlH,11,12,23,0.48
PNlI,2,1,3,0.67
PNlJ,6,4,10,0.6
PNlL,10,9,19,0.53
PNlM,15,21,36,0.42
PNlN,19,15,34,0.56
PNlP,15,16,31,0.48
PNlS,13,6,19,0.68
PNlb,14,6,20,0.7
PNll,7,7,14,0.5
PNlm,19,16,35,0.54
PNln,9,12,21,0.43
PNls,16,9,25,0.64
PNmB,42,33,75,0.56
PNmD,10,21,31,0.32
PNmH,36,39,75,0.48
PNmI,5,2,7,0.71
PNmJ,10,13,23,0.43
PNmK,0,2,2,0.0
PNmL,19,17,36,0.53
PNmM,44,58,102,0.43
PNmN,60,53,113,0.53
PNmP,66,55,121,0.55
PNmS,40,32,72,0.56
PNmb,45,47,92,0.49
PNmh,0,0,0,
PNml,13,17,30,0.43
PNmm,49,39,88,0.56
PNmn,49,58,107,0.46
PNms,30,35,65,0.46
PNnB,40,41,81,0.49
PNnD,12,11,23,0.52
PNnH,33,35,68,0.49
PNnI,15,9,24,0.62
PNnK,6,2,8,0.75
PNnL,13,21,34,0.38
PNnM,59,48,107,0.55
PNnN,79,61,140,0.56
PNnP,86,84,170,0.51
PNnS,51,46,97,0.53
PNnb,64,39,103,0.62
PNnh,1,4,5,0.2
PNnl,21,17,38,0.55
PNnm,49,54,103,0.48
PNnn,55,65,120,0.46
PNns,41,39,80,0.51
PNnt,0,0,0,
PNsB,12,20,32,0.38
PNsD,10,12,22,0.45
PNsH,33,34,67,0.49
PNsI,5,8,13,0.38
PNsK,1,1,2,0.5
PNsL,15,13,28,0.54
PNsM,17,26,43,0.4
PNsN,36,36,72,0.5
PNsP,46,34,80,0.57
PNsS,35,38,73,0.48
PNsb,23,30,53,0.43
PNsh,3,2,5,0.6
PNsl,18,16,34,0.53
PNsm,39,36,75,0.52
PNsn,29,28,57,0.51
PNss,23,35,58,0.4
PNst,1,0,1,1.0
PNtB,4,5,9,0.44
PNtD,0,4,4,0.0
PNtH,5,3,8,0.62
PNtL,3,3,6,0.5
PNtM,3,8,11,0.27
PNtN,8,11,19,0.42
PNtP,11,11,22,0.5
PNtS,8,7,15,0.53
PNtb,5,8,13,0.38
PNtl,1,4,5,0.2
PNtm,10,6,16,0.62
PNtn,8,6,14,0.57
PNts,7,3,10,0.7
PNtt,1,1,2,0.5
PPBB,56,60,116,0.48
PPBD,13,6,19,0.68
PPBH,0,1,1,0.0
PPBK,8,9,17,0.47
PPBL,23,27,50,0.46
PPBM,55,69,124,0.44
PPBN,35,48,83,0.42
PPBP,59,87,146,0.4
PPBS,29,31,60,0.48
PPBb,62,41,103,0.6
PPBh,7,4,11,0.64
PPBj,17,11,28,0.61
PPBl,32,23,55,0.58
PPBm,72,72,144,0.5
PPBn,44,51,95,0.46
PPBs,39,31,70,0.56
PPBt,5,5,10,0.5
PPDB,6,4,10,0.6
PPDD,3,4,7,0.43
PPDH,10,8,18,0.56
PPDI,0,1,1,0.0
PPDL,4,1,5,0.8
PPDM,23,16,39,0.59
PPDN,10,5,15,0.67
PPDP,22,10,32,0.69
PPDS,8,9,17,0.47
PPDb,11,12,23,0.48
PPDl,2,3,5,0.4
PPDm,16,10,26,0.62
PPDn,8,3,11,0.73
PPDs,7,6,13,0.54
PPDt,3,3,6,0.5
PPHB,13,16,29,0.45
PPHD,5,4,9,0.56
PPHH,3,1,4,0.75
PPHI,7,2,9,0.78
PPHK,0,0,0,
PPHL,3,7,10,0.3
PPHM,11,16,27,0.41
PPHN,12,17,29,0.41
PPHP,22,14,36,0.61
PPHS,17,4,21,0.81
PPHb,12,15,27,0.44
PPHh,1,7,8,0.12
PPHl,8,7,15,0.53
PPHm,28,26,54,0.52
PPHn,8,19,27,0.3
PPHs,17,13,30,0.57
PPHt,0,2,2,0.0
PPIB,6,9,15,0.4
PPID,2,3,5,0.4
PPIH,5,3,8,0.62
PPIL,4,1,5,0.8
PPIM,9,9,18,0.5
PPIN,4,5,9,0.44
PPIP,9,13,22,0.41
PPIS,6,6,12,0.5
PPIb,12,5,17,0.71
PPIh,1,0,1,1.0
PPIl,1,4,5,0.2
PPIm,3,7,10,0.3
PPIn,4,4,8,0.5
PPIs,1,1,2,0.5
PPKB,4,4,8,0.5
PPKD,1,0,1,1.0
PPKH,1,0,1,1.0
PPKL,6,2,8,0.75
PPKM,11,16,27,0.41
PPKN,6,6,12,0.5
PPKP,8,9,17,0.47
PPKS,7,10,17,0.41
PPKb,4,5,9,0.44
PPKh,5,7,12,0.42
PPKl,5,5,10,0.5
PPKm,6,11,17,0.35
PPKn,6,5,11,0.55
PPKs,5,3,8,0.62
PPKt,0,1,1,0.0
PPLB,25,36,61,0.41
PPLD,3,4,7,0.43
PPLH,0,1,1,0.0
PPLK,2,2,4,0.5
PPLL,20,18,38,0.53
PPLM,27,33,60,0.45
PPLN,25,22,47,0.53
PPLP,41,44,85,0.48
PPLS,25,18,43,0.58
PPLb,26,33,59,0.44
PPLh,13,9,22,0.59
PPLj,6,4,10,0.6
PPLl,19,13,32,0.59
PPLm,36,31,67,0.54
PPLn,29,37,66,0.44
PPLs,19,15,34,0.56
PPLt,4,5,9,0.44
PPMB,71,77,148,0.48
PPMD,16,18,34,0.47
PPMH,0,1,1,0.0
PPMK,3,1,4,0.75
PPML,24,31,55,0.44
PPMM,51,77,128,0.4
PPMN,47,49,96,0.49
PPMP,104,95,199,0.52
PPMS,43,44,87,0.49
PPMb,61,60,121,0.5
PPMh,41,48,89,0.46
PPMj,11,9,20,0.55
PPMl,21,40,61,0.34
PPMm,99,81,180,0.55
PPMn,78,61,139,0.56
PPMs,55,42,97,0.57
PPMt,7,8,15,0.47
PPNB,44,51,95,0.46
PPND,14,11,25,0.56
PPNH,11,10,21,0.52
PPNI,1,2,3,0.33
PPNK,3,5,8,0.38
PPNL,18,24,42,0.43
PPNM,45,69,114,0.39
PPNN,53,49,102,0.52
PPNP,74,82,156,0.47
PPNS,31,50,81,0.38
PPNb,42,38,80,0.52
PPNh,7,11,18,0.39
PPNl,21,22,43,0.49
PPNm,54,54,108,0.5
PPNn,58,73,131,0.44
PPNs,31,50,81,0.38
PPNt,5,9,14,0.36
PPPB,82,74,156,0.53
PPPD,17,9,26,0.65
PPPH,21,21,42,0.5
PPPI,13,8,21,0.62
PPPK,15,10,25,0.6
PPPL,53,53,106,0.5
PPPM,76,106,182,0.42
PPPN,70,58,128,0.55
PPPP,113,121,234,0.48
PPPS,64,47,111,0.58
PPPb,69,78,147,0.47
PPPh,8,14,22,0.36
PPPl,47,46,93,0.51
PPPm,133,81,214,0.62
PPPn,60,50,110,0.55
PPPs,66,40,106,0.62
PPPt,6,11,17,0.35
PPSB,43,39,82,0.52
PPSD,7,9,16,0.44
PPSH,12,11,23,0.52
PPSI,0,2,2,0.0
PPSK,2,6,8,0.25
PPSL,18,24,42,0.43
PPSM,54,58,112,0.48
PPSN,29,30,59,0.49
PPSP,44,39,83,0.53
PPSS,50,52,102,0.49
PPSb,29,30,59,0.49
PPSh,27,28,55,0.49
PPSl,23,27,50,0.46
PPSm,66,40,106,0.62
PPSn,27,37,64,0.42
PPSs,50,36,86,0.58
PPSt,4,6,10,0.4
PPbB,40,62,102,0.39
PPbD,8,8,16,0.5
PPbH,9,12,21,0.43
PPbI,7,3,10,0.7
PPbJ,27,20,47,0.57
PPbK,5,5,10,0.5
PPbL,19,23,42,0.45
PPbM,41,58,99,0.41
PPbN,48,58,106,0.45
PPbP,67,60,127,0.53
PPbS,22,33,55,0.4
PPbb,55,41,96,0.57
PPbh,1,0,1,1.0
PPbl,26,22,48,0.54
PPbm,64,47,111,0.58
PPbn,44,38,82,0.54
PPbs,33,19,52,0.63
PPhB,2,4,6,0.33
PPhD,1,0,1,1.0
PPhH,1,0,1,1.0
PPhI,1,2,3,0.33
PPhK,1,0,1,1.0
PPhL,4,4,8,0.5
PPhM,11,9,20,0.55
PPhN,3,1,4,0.75
PPhP,8,9,17,0.47
PPhS,6,3,9,0.67
PPhb,8,7,15,0.53
PPhh,7,8,15,0.47
PPhl,2,1,3,0.67
PPhm,16,11,27,0.59
PPhn,6,5,11,0.55
PPhs,6,5,11,0.55
PPht,2,0,2,1.0
PPlB,32,26,58,0.55
PPlD,2,2,4,0.5
PPlH,18,19,37,0.49
PPlI,3,3,6,0.5
PPlJ,10,7,17,0.59
PPlK,0,2,2,0.0
PPlL,17,16,33,0.52
PPlM,23,43,66,0.35
PPlN,24,30,54,0.44
PPlP,37,39,76,0.49
PPlS,18,17,35,0.51
PPlb,34,20,54,0.63
PPlh,0,2,2,0.0
PPll,17,9,26,0.65
PPlm,31,32,63,0.49
PPln,18,19,37,0.49
PPls,24,19,43,0.56
PPmB,70,59,129,0.54
PPmD,21,15,36,0.58
PPmH,53,44,97,0.55
PPmI,4,5,9,0.44
PPmJ,10,13,23,0.43
PPmK,0,3,3,0.0
PPmL,32,37,69,0.46
PPmM,88,93,181,0.49
PPmN,60,53,113,0.53
PPmP,81,78,159,0.51
PPmS,50,36,86,0.58
PPmb,79,71,150,0.53
PPmh,0,0,0,
PPml,30,25,55,0.55
PPmm,75,60,135,0.56
PPmn,55,42,97,0.57
PPms,48,39,87,0.55
PPnB,43,41,84,0.51
PPnD,11,11,22,0.5
PPnH,18,25,43,0.42
PPnI,7,3,10,0.7
PPnK,6,3,9,0.67
PPnL,29,25,54,0.54
PPnM,41,67,108,0.38
PPnN,58,49,107,0.54
PPnP,61,78,139,0.44
PPnS,38,42,80,0.48
PPnb,39,29,68,0.57
PPnh,3,1,4,0.75
PPnl,21,29,50,0.42
PPnm,51,62,113,0.45
PPnn,44,35,79,0.56
PPns,32,32,64,0.5
PPnt,1,0,1,1.0
PPsB,33,37,70,0.47
PPsD,8,11,19,0.42
PPsH,42,37,79,0.53
PPsI,6,3,9,0.67
PPsK,2,2,4,0.5
PPsL,21,20,41,0.51
PPsM,41,39,80,0.51
PPsN,47,31,78,0.6
PPsP,39,57,96,0.41
PPsS,36,44,80,0.45
PPsb,29,34,63,0.46
PPsh,1,1,2,0.5
PPsl,22,24,46,0.48
PPsm,56,45,101,0.55
PPsn,33,25,58,0.57
PPss,37,38,75,0.49
PPst,1,0,1,1.0
PPtB,6,5,11,0.55
PPtD,0,2,2,0.0
PPtH,8,2,10,0.8
PPtK,2,1,3,0.67
PPtL,2,5,7,0.29
PPtM,6,8,14,0.43
PPtN,1,3,4,0.25
PPtP,7,11,18,0.39
PPtS,5,6,11,0.45
PPtb,7,6,13,0.54
PPtl,2,2,4,0.5
PPtm,12,7,19,0.63
PPtn,3,4,7,0.43
PPts,4,3,7,0.57
PPtt,1,3,4,0.25
PSBB,27,24,51,0.53
PSBD,3,5,8,0.38
PSBH,0,1,1,0.0
PSBK,6,2,8,0.75
PSBL,11,11,22,0.5
PSBM,19,23,42,0.45
PSBN,23,41,64,0.36
PSBP,28,37,65,0.43
PSBS,12,20,32,0.38
PSBb,24,29,53,0.45
PSBh,4,1,5,0.8
PSBj,3,6,9,0.33
PSBl,12,7,19,0.63
PSBm,39,25,64,0.61
PSBn,35,34,69,0.51
PSBs,13,10,23,0.57
PSBt,4,5,9,0.44
PSDB,8,4,12,0.67
PSDD,3,1,4,0.75
PSDH,4,4,8,0.5
PSDI,1,0,1,1.0
PSDL,2,4,6,0.33
PSDM,8,13,21,0.38
PSDN,4,5,9,0.44
PSDP,7,6,13,0.54
PSDS,7,6,13,0.54
PSDb,9,7,16,0.56
PSDh,0,1,1,0.0
PSDl,4,0,4,1.0
PSDm,11,13,24,0.46
PSDn,6,3,9,0.67
PSDs,6,3,9,0.67
PSHB,9,9,18,0.5
PSHD,4,2,6,0.67
PSHH,2,3,5,0.4
PSHI,5,1,6,0.83
PSHK,1,1,2,0.5
PSHL,5,3,8,0.62
PSHM,11,10,21,0.52
PSHN,12,13,25,0.48
PSHP,13,11,24,0.54
PSHS,11,13,24,0.46
PSHb,11,10,21,0.52
PSHh,5,7,12,0.42
PSHl,5,4,9,0.56
PSHm,9,19,28,0.32
PSHn,16,8,24,0.67
PSHs,8,16,24,0.33
PSHt,1,1,2,0.5
PSIB,1,0,1,1.0
PSII,1,1,2,0.5
PSIM,1,0,1,1.0
PSIP,1,0,1,1.0
PSIS,1,2,3,0.33
PSIb,0,1,1,0.0
PSIl,1,0,1,1.0
PSIm,3,1,4,0.75
PSIn,2,1,3,0.67
PSIs,1,2,3,0.33
PSIt,1,0,1,1.0
PSKB,0,1,1,0.0
PSKI,0,1,1,0.0
PSKL,0,0,0,
PSKM,0,1,1,0.0
PSKN,0,0,0,
PSKP,2,0,2,1.0
PSKS,1,1,2,0.5
PSKb,1,4,5,0.2
PSKh,2,1,3,0.67
PSKl,2,1,3,0.67
PSKm,3,1,4,0.75
PSKn,1,1,2,0.5
PSKs,3,3,6,0.5
PSLB,15,15,30,0.5
PSLD,2,1,3,0.67
PSLH,0,2,2,0.0
PSLK,0,2,2,0.0
PSLL,6,4,10,0.6
PSLM,11,16,27,0.41
PSLN,8,6,14,0.57
PSLP,23,17,40,0.57
PSLS,12,13,25,0.48
PSLb,12,12,24,0.5
PSLh,3,6,9,0.33
PSLj,0,6,6,0.0
PSLl,6,4,10,0.6
PSLm,9,8,17,0.53
PSLn,16,13,29,0.55
PSLs,5,10,15,0.33
PSLt,0,5,5,0.0
PSMB,32,35,67,0.48
PSMD,8,9,17,0.47
PSMK,1,3,4,0.25
PSML,12,7,19,0.63
PSMM,39,44,83,0.47
PSMN,20,30,50,0.4
PSMP,43,48,91,0.47
PSMS,18,18,36,0.5
PSMb,24,19,43,0.56
PSMh,22,37,59,0.37
PSMj,5,3,8,0.62
PSMl,13,8,21,0.62
PSMm,45,33,78,0.58
PSMn,29,40,69,0.42
PSMs,24,29,53,0.45
PSMt,4,3,7,0.57
PSNB,16,17,33,0.48
PSND,8,7,15,0.53
PSNH,11,8,19,0.58
PSNI,1,1,2,0.5
PSNK,4,1,5,0.8
PSNL,10,10,20,0.5
PSNM,34,33,67,0.51
PSNN,34,23,57,0.6
PSNP,45,49,94,0.48
PSNS,21,30,51,0.41
PSNb,16,11,27,0.59
PSNh,4,7,11,0.36
PSNl,11,12,23,0.48
PSNm,37,25,62,0.6
PSNn,31,37,68,0.46
PSNs,18,21,39,0.46
PSNt,6,4,10,0.6
PSPB,24,34,58,0.41
PSPD,8,4,12,0.67
PSPH,7,9,16,0.44
PSPI,4,6,10,0.4
PSPK,3,5,8,0.38
PSPL,17,13,30,0.57
PSPM,35,43,78,0.45
PSPN,36,33,69,0.52
PSPP,47,47,94,0.5
PSPS,39,28,67,0.58
PSPb,28,30,58,0.48
PSPh,4,1,5,0.8
PSPl,10,19,29,0.34
PSPm,45,45,90,0.5
PSPn,30,25,55,0.55
PSPs,30,24,54,0.56
PSPt,5,5,10,0.5
PSSB,21,23,44,0.48
PSSD,11,8,19,0.58
PSSH,9,22,31,0.29
PSSI,5,0,5,1.0
PSSK,1,4,5,0.2
PSSL,8,9,17,0.47
PSSM,33,49,82,0.4
PSSN,25,32,57,0.44
PSSP,37,32,69,0.54
PSSS,40,50,90,0.44
PSSb,25,18,43,0.58
PSSh,17,16,33,0.52
PSSl,12,14,26,0.46
PSSm,37,40,77,0.48
PSSn,30,41,71,0.42
PSSs,44,30,74,0.59
PSSt,5,9,14,0.36
PSbB,19,18,37,0.51
PSbD,5,0,5,1.0
PSbH,5,5,10,0.5
PSbI,2,1,3,0.67
PSbJ,5,6,11,0.45
PSbK,3,2,5,0.6
PSbL,11,10,21,0.52
PSbM,24,37,61,0.39
PSbN,26,26,52,0.5
PSbP,25,28,53,0.47
PSbS,10,18,28,0.36
PSbb,24,24,48,0.5
PSbl,6,8,14,0.43
PSbm,35,23,58,0.6
PSbn,28,20,48,0.58
PSbs,19,9,28,0.68
PShB,12,10,22,0.55
PShD,2,3,5,0.4
PShH,1,5,6,0.17
PShI,1,2,3,0.33
PShK,0,1,1,0.0
PShL,5,7,12,0.42
PShM,20,25,45,0.44
PShN,7,9,16,0.44
PShP,16,22,38,0.42
PShS,20,14,34,0.59
PShb,13,17,30,0.43
PShh,13,18,31,0.42
PShl,4,13,17,0.24
PShm,24,15,39,0.62
PShn,14,14,28,0.5
PShs,17,13,30,0.57
PSht,0,1,1,0.0
PSlB,5,8,13,0.38
PSlD,3,1,4,0.75
PSlH,14,5,19,0.74
PSlI,1,0,1,1.0
PSlJ,7,2,9,0.78
PSlK,1,0,1,1.0
PSlL,6,7,13,0.46
PSlM,9,16,25,0.36
PSlN,17,17,34,0.5
PSlP,14,13,27,0.52
PSlS,12,17,29,0.41
PSlb,7,5,12,0.58
PSll,6,2,8,0.75
PSlm,13,12,25,0.52
PSln,10,6,16,0.62
PSls,5,11,16,0.31
PSmB,35,27,62,0.56
PSmD,6,11,17,0.35
PSmH,35,36,71,0.49
PSmI,0,5,5,0.0
PSmJ,9,14,23,0.39
PSmL,14,15,29,0.48
PSmM,31,36,67,0.46
PSmN,39,44,83,0.47
PSmP,43,44,87,0.49
PSmS,32,30,62,0.52
PSmb,33,24,57,0.58
PSmh,0,1,1,0.0
PSml,17,8,25,0.68
PSmm,53,29,82,0.65
PSmn,32,24,56,0.57
PSms,20,26,46,0.43
PSmt,1,0,1,1.0
PSnB,28,26,54,0.52
PSnD,6,3,9,0.67
PSnH,17,15,32,0.53
PSnI,4,8,12,0.33
PSnK,4,2,6,0.67
PSnL,9,14,23,0.39
PSnM,29,26,55,0.53
PSnN,40,32,72,0.56
PSnP,38,46,84,0.45
PSnS,31,22,53,0.58
PSnb,21,16,37,0.57
PSnh,1,1,2,0.5
PSnl,9,13,22,0.41
PSnm,40,28,68,0.59
PSnn,34,22,56,0.61
PSns,23,19,42,0.55
PSnt,1,0,1,1.0
PSsB,26,17,43,0.6
PSsD,13,7,20,0.65
PSsH,31,25,56,0.55
PSsI,8,0,8,1.0
PSsK,1,0,1,1.0
PSsL,4,16,20,0.2
PSsM,35,41,76,0.46
PSsN,38,30,68,0.56
PSsP,29,35,64,0.45
PSsS,45,40,85,0.53
PSsb,31,24,55,0.56
PSsh,1,3,4,0.25
PSsl,10,11,21,0.48
PSsm,45,24,69,0.65
PSsn,23,19,42,0.55
PSss,29,35,64,0.45
PSst,1,0,1,1.0
PStB,4,1,5,0.8
PStD,1,0,1,1.0
PStH,4,1,5,0.8
PStK,1,1,2,0.5
PStL,3,2,5,0.6
PStM,4,4,8,0.5
PStN,7,7,14,0.5
PStP,8,5,13,0.62
PStS,5,8,13,0.38
PStb,10,2,12,0.83
PStl,2,3,5,0.4
PStm,3,4,7,0.43
PStn,4,0,4,1.0
PSts,4,7,11,0.36
PbBB,39,32,71,0.55
PbBD,3,5,8,0.38
PbBK,3,7,10,0.3
PbBL,12,12,24,0.5
PbBM,30,32,62,0.48
PbBN,40,28,68,0.59
PbBP,51,42,93,0.55
PbBS,28,22,50,0.56
PbBb,40,35,75,0.53
PbBh,2,5,7,0.29
PbBj,7,13,20,0.35
PbBl,15,12,27,0.56
PbBm,41,34,75,0.55
PbBn,41,36,77,0.53
PbBs,23,19,42,0.55
PbBt,10,5,15,0.67
PbDB,4,7,11,0.36
PbDD,3,3,6,0.5
PbDH,5,4,9,0.56
PbDL,4,1,5,0.8
PbDM,5,10,15,0.33
PbDN,6,3,9,0.67
PbDP,9,7,16,0.56
PbDS,7,1,8,0.88
PbDb,9,3,12,0.75
PbDh,0,1,1,0.0
PbDl,1,0,1,1.0
PbDm,14,7,21,0.67
PbDn,4,5,9,0.44
PbDs,3,2,5,0.6
PbHB,7,5,12,0.58
PbHD,2,2,4,0.5
PbHH,1,2,3,0.33
PbHI,4,1,5,0.8
PbHK,1,1,2,0.5
PbHL,4,0,4,1.0
PbHM,5,7,12,0.42
PbHN,6,6,12,0.5
PbHP,13,14,27,0.48
PbHS,8,5,13,0.62
PbHb,9,11,20,0.45
PbHh,4,5,9,0.44
PbHl,7,2,9,0.78
PbHm,10,10,20,0.5
PbHn,12,11,23,0.52
PbHs,9,7,16,0.56
PbHt,2,0,2,1.0
PbIB,6,4,10,0.6
PbID,3,0,3,1.0
PbIH,0,2,2,0.0
PbIL,1,2,3,0.33
PbIM,4,4,8,0.5
PbIN,3,3,6,0.5
PbIP,5,11,16,0.31
PbIS,2,2,4,0.5
PbIb,3,3,6,0.5
PbIl,2,0,2,1.0
PbIm,6,3,9,0.67
PbIn,3,3,6,0.5
PbIs,1,5,6,0.17
PbJB,10,10,20,0.5
PbJD,0,0,0,
PbJH,5,9,14,0.36
PbJI,2,0,2,1.0
PbJK,0,1,1,0.0
PbJL,5,1,6,0.83
PbJM,7,15,22,0.32
PbJN,11,11,22,0.5
PbJP,13,15,28,0.46
PbJS,4,5,9,0.44
PbJb,13,11,24,0.54
PbJh,2,2,4,0.5
PbJl,5,2,7,0.71
PbJm,12,12,24,0.5
PbJn,7,4,11,0.64
PbJs,7,5,12,0.58
PbJt,1,2,3,0.33
PbKB,2,6,8,0.25
PbKD,0,3,3,0.0
PbKH,0,1,1,0.0
PbKI,3,0,3,1.0
PbKL,1,0,1,1.0
PbKM,12,8,20,0.6
PbKN,7,3,10,0.7
PbKP,5,3,8,0.62
PbKS,2,2,4,0.5
PbKb,5,4,9,0.56
PbKh,0,4,4,0.0
PbKl,5,2,7,0.71
PbKm,9,6,15,0.6
PbKn,4,1,5,0.8
PbKs,1,3,4,0.25
PbLB,10,14,24,0.42
PbLD,2,1,3,0.67
PbLH,0,1,1,0.0
PbLK,0,1,1,0.0
PbLL,4,8,12,0.33
PbLM,11,16,27,0.41
PbLN,16,13,29,0.55
PbLP,21,13,34,0.62
PbLS,4,6,10,0.4
PbLb,9,15,24,0.38
PbLh,5,8,13,0.38
PbLj,1,3,4,0.25
PbLl,7,9,16,0.44
PbLm,13,17,30,0.43
PbLn,20,15,35,0.57
PbLs,11,12,23,0.48
PbLt,3,1,4,0.75
PbMB,30,50,80,0.38
PbMD,2,6,8,0.25
PbMH,0,2,2,0.0
PbMI,0,1,1,0.0
PbMK,1,2,3,0.33
PbML,17,14,31,0.55
PbMM,35,45,80,0.44
PbMN,35,46,81,0.43
PbMP,52,62,114,0.46
PbMS,27,26,53,0.51
PbMb,39,33,72,0.54
PbMh,30,31,61,0.49
PbMj,1,6,7,0.14
PbMl,21,13,34,0.62
PbMm,66,51,117,0.56
PbMn,60,48,108,0.56
PbMs,23,21,44,0.52
PbMt,3,7,10,0.3
PbNB,28,37,65,0.43
PbND,12,10,22,0.55
PbNH,6,4,10,0.6
PbNI,3,0,3,1.0
PbNK,2,6,8,0.25
PbNL,14,18,32,0.44
PbNM,45,56,101,0.45
PbNN,52,45,97,0.54
PbNP,66,65,131,0.5
PbNS,29,37,66,0.44
PbNb,33,29,62,0.53
PbNh,15,14,29,0.52
PbNl,21,8,29,0.72
PbNm,52,46,98,0.53
PbNn,51,62,113,0.45
PbNs,37,19,56,0.66
PbNt,7,6,13,0.54
PbPB,43,31,74,0.58
PbPD,9,8,17,0.53
PbPH,6,10,16,0.38
PbPI,4,4,8,0.5
PbPK,4,4,8,0.5
PbPL,33,13,46,0.72
PbPM,34,62,96,0.35
PbPN,55,50,105,0.52
PbPP,61,58,119,0.51
PbPS,39,31,70,0.56
PbPb,50,36,86,0.58
PbPh,3,2,5,0.6
PbPl,26,17,43,0.6
PbPm,62,41,103,0.6
PbPn,38,34,72,0.53
PbPs,30,21,51,0.59
PbPt,5,5,10,0.5
PbSB,14,18,32,0.44
PbSD,4,8,12,0.33
PbSH,5,7,12,0.42
PbSI,1,1,2,0.5
PbSK,2,1,3,0.67
PbSL,10,11,21,0.48
PbSM,17,21,38,0.45
PbSN,19,19,38,0.5
PbSP,24,23,47,0.51
PbSS,19,14,33,0.58
PbSb,12,16,28,0.43
PbSh,12,12,24,0.5
PbSl,7,8,15,0.47
PbSm,23,11,34,0.68
PbSn,21,13,34,0.62
PbSs,8,14,22,0.36
PbSt,4,1,5,0.8
PbbB,43,32,75,0.57
PbbD,4,5,9,0.44
PbbH,6,9,15,0.4
PbbI,4,2,6,0.67
PbbJ,6,7,13,0.46
PbbK,2,5,7,0.29
PbbL,19,14,33,0.58
PbbM,39,55,94,0.41
PbbN,51,36,87,0.59
PbbP,52,49,101,0.51
PbbS,21,16,37,0.57
Pbbb,43,37,80,0.54
Pbbl,10,20,30,0.33
Pbbm,26,33,59,0.44
Pbbn,32,26,58,0.55
Pbbs,18,8,26,0.69
PbhD,0,1,1,0.0
PbhL,1,0,1,1.0
PbhS,1,0,1,1.0
Pbhl,1,0,1,1.0
Pbhm,2,0,2,1.0
PblB,14,6,20,0.7
PblD,4,0,4,1.0
PblH,9,10,19,0.47
PblI,1,1,2,0.5
PblJ,8,3,11,0.73
PblL,5,6,11,0.45
PblM,10,15,25,0.4
PblN,16,13,29,0.55
PblP,22,25,47,0.47
PblS,7,10,17,0.41
Pblb,24,13,37,0.65
Pblh,0,1,1,0.0
Pbll,10,5,15,0.67
Pblm,11,10,21,0.52
Pbln,23,8,31,0.74
Pbls,6,8,14,0.43
PbmB,43,39,82,0.52
PbmD,13,5,18,0.72
PbmH,18,26,44,0.41
PbmI,3,4,7,0.43
PbmJ,7,6,13,0.54
PbmK,0,0,0,
PbmL,14,7,21,0.67
PbmM,46,40,86,0.53
PbmN,22,38,60,0.37
PbmP,71,46,117,0.61
PbmS,20,20,40,0.5
Pbmb,47,33,80,0.59
Pbmh,0,2,2,0.0
Pbml,10,17,27,0.37
Pbmm,36,24,60,0.6
Pbmn,37,22,59,0.63
Pbms,16,14,30,0.53
PbnB,32,29,61,0.52
PbnD,2,9,11,0.18
PbnH,14,18,32,0.44
PbnI,4,4,8,0.5
PbnK,0,0,0,
PbnL,10,8,18,0.56
PbnM,45,37,82,0.55
PbnN,50,41,91,0.55
PbnP,47,40,87,0.54
PbnS,20,18,38,0.53
Pbnb,36,28,64,0.56
Pbnh,3,2,5,0.6
Pbnl,14,10,24,0.58
Pbnm,35,27,62,0.56
Pbnn,29,29,58,0.5
Pbns,18,17,35,0.51
PbsB,17,19,36,0.47
PbsD,5,5,10,0.5
PbsH,18,18,36,0.5
PbsI,3,0,3,1.0
PbsL,8,10,18,0.44
PbsM,20,15,35,0.57
PbsN,35,16,51,0.69
PbsP,26,27,53,0.49
PbsS,18,23,41,0.44
Pbsb,12,15,27,0.44
Pbsh,2,1,3,0.67
Pbsl,2,9,11,0.18
Pbsm,21,24,45,0.47
Pbsn,17,13,30,0.57
Pbss,16,10,26,0.62
Pbst,1,1,2,0.5
PbtH,1,0,1,1.0
Pbts,1,0,1,1.0
PhBB,2,5,7,0.29
PhBD,0,2,2,0.0
PhBK,0,2,2,0.0
PhBL,1,1,2,0.5
PhBM,2,2,4,0.5
PhBN,8,4,12,0.67
PhBP,6,3,9,0.67
PhBS,1,5,6,0.17
PhBb,2,5,7,0.29
PhBh,1,0,1,1.0
PhBl,3,0,3,1.0
PhBm,6,7,13,0.46
PhBn,8,5,13,0.62
PhBs,2,2,4,0.5
PhBt,0,0,0,
PhDB,1,0,1,1.0
PhDD,0,1,1,0.0
PhDH,1,2,3,0.33
PhDL,1,0,1,1.0
PhDM,1,1,2,0.5
PhDN,0,2,2,0.0
PhDP,1,0,1,1.0
PhDS,1,1,2,0.5
PhDb,1,1,2,0.5
PhDh,0,1,1,0.0
PhDm,0,2,2,0.0
PhDn,0,1,1,0.0
PhDs,0,1,1,0.0
PhHB,0,1,1,0.0
PhHI,0,0,0,
PhHK,1,0,1,1.0
PhHM,2,1,3,0.67
PhHN,0,1,1,0.0
PhHP,2,1,3,0.67
PhHS,1,0,1,1.0
PhHb,1,0,1,1.0
PhHh,0,1,1,0.0
PhHl,1,0,1,1.0
PhHm,0,0,0,
PhHn,1,2,3,0.33
PhHs,1,1,2,0.5
PhIB,2,0,2,1.0
PhIL,1,0,1,1.0
PhIP,2,1,3,0.67
PhIm,1,0,1,1.0
PhIn,2,0,2,1.0
PhIs,1,0,1,1.0
PhKM,0,0,0,
PhKP,1,0,1,1.0
PhKS,0,0,0,
PhKh,1,0,1,1.0
PhKn,0,1,1,0.0
PhKs,0,1,1,0.0
PhLB,1,2,3,0.33
PhLL,0,1,1,0.0
PhLM,1,3,4,0.25
PhLN,1,0,1,1.0
PhLP,1,4,5,0.2
PhLS,4,0,4,1.0
PhLh,3,0,3,1.0
PhLl,1,1,2,0.5
PhLm,2,1,3,0.67
PhLn,4,3,7,0.57
PhLs,0,1,1,0.0
PhLt,0,1,1,0.0
PhMB,2,7,9,0.22
PhMD,3,1,4,0.75
PhMH,1,0,1,1.0
PhMK,0,1,1,0.0
PhML,3,1,4,0.75
PhMM,4,5,9,0.44
PhMN,6,11,17,0.35
PhMP,6,3,9,0.67
PhMS,5,6,11,0.45
PhMb,2,3,5,0.4
PhMh,8,8,16,0.5
PhMj,3,0,3,1.0
PhMl,4,6,10,0.4
PhMm,5,7,12,0.42
PhMn,3,8,11,0.27
PhMs,6,5,11,0.55
PhMt,0,1,1,0.0
PhNB,6,4,10,0.6
PhND,1,0,1,1.0
PhNH,1,2,3,0.33
PhNK,1,1,2,0.5
PhNL,0,1,1,0.0
PhNM,4,5,9,0.44
PhNN,3,4,7,0.43
PhNP,4,3,7,0.57
PhNS,0,5,5,0.0
PhNb,1,4,5,0.2
PhNh,2,2,4,0.5
PhNl,1,0,1,1.0
PhNm,13,5,18,0.72
PhNn,5,5,10,0.5
PhNs,1,2,3,0.33
PhNt,0,1,1,0.0
PhPB,3,7,10,0.3
PhPD,1,2,3,0.33
PhPH,1,4,5,0.2
PhPI,2,1,3,0.67
PhPK,0,2,2,0.0
PhPL,2,1,3,0.67
PhPM,9,9,18,0.5
PhPN,2,5,7,0.29
PhPP,7,9,16,0.44
PhPS,7,8,15,0.47
PhPb,7,8,15,0.47
PhPh,1,1,2,0.5
PhPl,7,3,10,0.7
PhPm,9,12,21,0.43
PhPn,8,5,13,0.62
PhPs,3,5,8,0.38
PhPt,1,1,2,0.5
PhSB,7,1,8,0.88
PhSD,0,0,0,
PhSH,1,2,3,0.33
PhSK,1,1,2,0.5
PhSL,2,1,3,0.67
PhSM,4,7,11,0.36
PhSN,4,3,7,0.57
PhSP,9,5,14,0.64
PhSS,2,4,6,0.33
PhSb,6,2,8,0.75
PhSh,3,4,7,0.43
PhSl,1,1,2,0.5
PhSm,5,5,10,0.5
PhSn,3,5,8,0.38
PhSs,3,4,7,0.43
PhSt,1,0,1,1.0
PhbB,4,2,6,0.67
PhbD,2,0,2,1.0
PhbH,2,0,2,1.0
PhbI,1,0,1,1.0
PhbJ,0,3,3,0.0
PhbK,0,0,0,
PhbL,1,4,5,0.2
PhbM,2,7,9,0.22
PhbN,1,9,10,0.1
PhbP,5,6,11,0.45
PhbS,3,3,6,0.5
Phbb,5,5,10,0.5
Phbl,1,2,3,0.33
Phbm,4,7,11,0.36
Phbn,2,3,5,0.4
Phbs,1,3,4,0.25
PhhB,3,8,11,0.27
PhhD,2,2,4,0.5
PhhH,2,2,4,0.5
PhhL,3,2,5,0.6
PhhM,1,6,7,0.14
PhhN,1,6,7,0.14
PhhP,3,3,6,0.5
PhhS,5,5,10,0.5
Phhb,1,3,4,0.25
Phhh,8,3,11,0.73
Phhl,2,1,3,0.67
Phhm,5,3,8,0.62
Phhn,1,3,4,0.25
Phhs,6,7,13,0.46
Phht,1,0,1,1.0
PhlB,2,1,3,0.67
PhlD,1,0,1,1.0
PhlH,2,0,2,1.0
PhlI,2,0,2,1.0
PhlJ,0,0,0,
PhlL,0,0,0,
PhlM,2,1,3,0.67
PhlN,2,1,3,0.67
PhlP,0,4,4,0.0
PhlS,1,4,5,0.2
Phlb,2,1,3,0.67
Phlm,5,2,7,0.71
Phln,2,0,2,1.0
Phls,1,1,2,0.5
PhmB,10,7,17,0.59
PhmD,1,1,2,0.5
PhmH,7,2,9,0.78
PhmI,0,1,1,0.0
PhmJ,1,1,2,0.5
PhmL,5,5,10,0.5
PhmM,8,14,22,0.36
PhmN,2,5,7,0.29
PhmP,7,3,10,0.7
PhmS,2,5,7,0.29
Phmb,8,4,12,0.67
Phmh,0,1,1,0.0
Phml,3,4,7,0.43
Phmm,11,15,26,0.42
Phmn,7,3,10,0.7
Phms,7,5,12,0.58
PhnB,1,1,2,0.5
PhnD,1,1,2,0.5
PhnH,2,3,5,0.4
PhnI,0,0,0,
PhnL,3,0,3,1.0
PhnM,5,5,10,0.5
PhnN,5,4,9,0.56
PhnP,4,3,7,0.57
PhnS,2,4,6,0.33
Phnb,5,1,6,0.83
Phnh,0,1,1,0.0
Phnl,3,1,4,0.75
Phnm,6,6,12,0.5
Phnn,7,5,12,0.58
Phns,4,5,9,0.44
PhsB,3,2,5,0.6
PhsD,3,3,6,0.5
PhsH,4,3,7,0.57
PhsI,1,1,2,0.5
PhsL,2,4,6,0.33
PhsM,4,7,11,0.36
PhsN,2,5,7,0.29
PhsP,7,3,10,0.7
PhsS,4,2,6,0.67
Phsb,5,1,6,0.83
Phsh,1,0,1,1.0
Phsl,1,2,3,0.33
Phsm,6,3,9,0.67
Phsn,7,1,8,0.88
Phss,4,2,6,0.67
Phst,1,0,1,1.0
PhtB,0,1,1,0.0
PhtM,3,0,3,1.0
PhtN,0,2,2,0.0
PhtP,2,0,2,1.0
Phtb,0,0,0,
Phtm,2,0,2,1.0
Phtn,0,1,1,0.0
PlBB,11,14,25,0.44
PlBD,3,1,4,0.75
PlBK,3,2,5,0.6
PlBL,5,11,16,0.31
PlBM,17,19,36,0.47
PlBN,17,13,30,0.57
PlBP,16,21,37,0.43
PlBS,6,11,17,0.35
PlBb,11,13,24,0.46
PlBh,2,2,4,0.5
PlBj,5,6,11,0.45
PlBl,9,5,14,0.64
PlBm,21,11,32,0.66
PlBn,13,24,37,0.35
PlBs,9,13,22,0.41
PlBt,2,1,3,0.67
PlDB,1,2,3,0.33
PlDD,1,0,1,1.0
PlDH,0,5,5,0.0
PlDI,0,0,0,
PlDL,0,1,1,0.0
PlDM,2,0,2,1.0
PlDN,2,2,4,0.5
PlDP,1,2,3,0.33
PlDS,1,0,1,1.0
PlDb,3,3,6,0.5
PlDl,2,1,3,0.67
PlDm,4,0,4,1.0
PlDn,1,0,1,1.0
PlDs,3,3,6,0.5
PlHB,13,6,19,0.68
PlHD,2,1,3,0.67
PlHH,1,1,2,0.5
PlHI,2,1,3,0.67
PlHK,1,1,2,0.5
PlHL,8,3,11,0.73
PlHM,3,10,13,0.23
PlHN,10,14,24,0.42
PlHP,9,13,22,0.41
PlHS,3,9,12,0.25
PlHb,9,9,18,0.5
PlHh,3,7,10,0.3
PlHl,5,8,13,0.38
PlHm,9,15,24,0.38
PlHn,13,10,23,0.57
PlHs,10,6,16,0.62
PlHt,1,2,3,0.33
PlIB,2,0,2,1.0
PlID,0,1,1,0.0
PlIH,1,0,1,1.0
PlIL,2,0,2,1.0
PlIM,3,2,5,0.6
PlIN,1,2,3,0.33
PlIP,1,1,2,0.5
PlIS,3,0,3,1.0
PlIb,1,1,2,0.5
PlIl,1,3,4,0.25
PlIm,1,2,3,0.33
PlIn,0,0,0,
PlJB,7,1,8,0.88
PlJD,0,2,2,0.0
PlJH,2,3,5,0.4
PlJK,0,3,3,0.0
PlJL,3,0,3,1.0
PlJM,5,5,10,0.5
PlJN,6,5,11,0.55
PlJP,1,7,8,0.12
PlJS,1,3,4,0.25
PlJb,4,4,8,0.5
PlJh,1,1,2,0.5
PlJl,1,0,1,1.0
PlJm,2,3,5,0.4
PlJn,3,0,3,1.0
PlJs,3,1,4,0.75
PlJt,0,1,1,0.0
PlKB,0,1,1,0.0
PlKD,0,1,1,0.0
PlKN,1,1,2,0.5
PlKP,1,0,1,1.0
PlKS,1,0,1,1.0
PlKb,1,4,5,0.2
PlKh,2,0,2,1.0
PlKl,0,2,2,0.0
PlKm,1,1,2,0.5
PlKn,2,0,2,1.0
PlKs,1,0,1,1.0
PlLB,12,12,24,0.5
PlLD,0,1,1,0.0
PlLK,1,1,2,0.5
PlLL,6,4,10,0.6
PlLM,6,8,14,0.43
PlLN,8,3,11,0.73
PlLP,14,11,25,0.56
PlLS,3,4,7,0.43
PlLb,7,3,10,0.7
PlLh,2,4,6,0.33
PlLj,3,0,3,1.0
PlLl,5,1,6,0.83
PlLm,5,8,13,0.38
PlLn,9,10,19,0.47
PlLs,1,9,10,0.1
PlLt,2,1,3,0.67
PlMB,9,7,16,0.56
PlMD,4,4,8,0.5
PlMK,0,0,0,
PlML,7,11,18,0.39
PlMM,17,22,39,0.44
PlMN,13,12,25,0.52
PlMP,23,20,43,0.53
PlMS,11,14,25,0.44
PlMb,15,15,30,0.5
PlMh,8,11,19,0.42
PlMj,1,2,3,0.33
PlMl,10,3,13,0.77
PlMm,24,29,53,0.45
PlMn,25,27,52,0.48
PlMs,14,11,25,0.56
PlMt,3,4,7,0.43
PlNB,11,11,22,0.5
PlND,1,2,3,0.33
PlNH,4,1,5,0.8
PlNK,1,2,3,0.33
PlNL,3,12,15,0.2
PlNM,16,22,38,0.42
PlNN,18,20,38,0.47
PlNP,33,24,57,0.58
PlNS,11,13,24,0.46
PlNb,20,13,33,0.61
PlNh,4,5,9,0.44
PlNl,7,12,19,0.37
PlNm,18,15,33,0.55
PlNn,18,21,39,0.46
PlNs,8,12,20,0.4
PlNt,1,3,4,0.25
PlPB,20,24,44,0.45
PlPD,0,3,3,0.0
PlPH,7,2,9,0.78
PlPI,4,2,6,0.67
PlPK,5,2,7,0.71
PlPL,10,13,23,0.43
PlPM,22,19,41,0.54
PlPN,18,26,44,0.41
PlPP,13,30,43,0.3
PlPS,16,17,33,0.48
PlPb,20,20,40,0.5
PlPh,2,1,3,0.67
PlPl,13,7,20,0.65
PlPm,28,12,40,0.7
PlPn,16,16,32,0.5
PlPs,18,10,28,0.64
PlPt,2,1,3,0.67
PlSB,10,8,18,0.56
PlSD,3,1,4,0.75
PlSH,6,4,10,0.6
PlSI,1,0,1,1.0
PlSK,0,1,1,0.0
PlSL,4,7,11,0.36
PlSM,14,16,30,0.47
PlSN,11,12,23,0.48
PlSP,17,12,29,0.59
PlSS,12,10,22,0.55
PlSb,9,11,20,0.45
PlSh,4,4,8,0.5
PlSl,7,4,11,0.64
PlSm,11,3,14,0.79
PlSn,14,9,23,0.61
PlSs,6,17,23,0.26
PlSt,3,0,3,1.0
PlbB,19,8,27,0.7
PlbD,2,2,4,0.5
PlbH,6,4,10,0.6
PlbI,0,2,2,0.0
PlbJ,3,3,6,0.5
PlbK,0,2,2,0.0
PlbL,11,11,22,0.5
PlbM,17,21,38,0.45
PlbN,15,15,30,0.5
PlbP,26,22,48,0.54
PlbS,10,2,12,0.83
Plbb,25,16,41,0.61
Plbh,0,1,1,0.0
Plbl,7,3,10,0.7
Plbm,14,11,25,0.56
Plbn,15,14,29,0.52
Plbs,13,6,19,0.68
PlhM,0,0,0,
PlhS,1,0,1,1.0
Plhh,1,0,1,1.0
Plhl,0,0,0,
Plhm,1,0,1,1.0
PllB,5,8,13,0.38
PllD,2,0,2,1.0
PllH,2,1,3,0.67
PllJ,1,2,3,0.33
PllK,0,1,1,0.0
PllL,3,5,8,0.38
PllM,7,9,16,0.44
PllN,4,6,10,0.4
PllP,11,9,20,0.55
PllS,5,6,11,0.45
Pllb,4,8,12,0.33
Plll,2,2,4,0.5
Pllm,3,3,6,0.5
Plln,7,3,10,0.7
Plls,4,3,7,0.57
PlmB,12,14,26,0.46
PlmD,3,8,11,0.27
PlmH,11,13,24,0.46
PlmI,1,0,1,1.0
PlmJ,2,4,6,0.33
PlmL,8,5,13,0.62
PlmM,23,22,45,0.51
PlmN,19,20,39,0.49
PlmP,22,15,37,0.59
PlmS,7,10,17,0.41
Plmb,15,17,32,0.47
Plmh,0,1,1,0.0
Plml,6,9,15,0.4
Plmm,12,17,29,0.41
Plmn,11,9,20,0.55
Plms,6,8,14,0.43
PlnB,7,10,17,0.41
PlnD,4,2,6,0.67
PlnH,4,6,10,0.4
PlnI,2,2,4,0.5
PlnL,3,6,9,0.33
PlnM,19,20,39,0.49
PlnN,10,15,25,0.4
PlnP,21,16,37,0.57
PlnS,15,7,22,0.68
Plnb,17,6,23,0.74
Plnl,7,7,14,0.5
Plnm,17,9,26,0.65
Plnn,11,9,20,0.55
Plns,9,5,14,0.64
PlsB,6,7,13,0.46
PlsD,5,6,11,0.45
PlsH,5,9,14,0.36
PlsI,1,3,4,0.25
PlsK,0,1,1,0.0
PlsL,1,6,7,0.14
PlsM,8,20,28,0.29
PlsN,13,4,17,0.76
PlsP,7,12,19,0.37
PlsS,9,17,26,0.35
Plsb,6,7,13,0.46
Plsh,0,2,2,0.0
Plsl,5,2,7,0.71
Plsm,9,8,17,0.53
Plsn,13,9,22,0.59
Plss,7,9,16,0.44
PltM,0,0,0,
PmBB,44,37,81,0.54
PmBD,13,9,22,0.59
PmBH,0,0,0,
PmBK,8,8,16,0.5
PmBL,20,18,38,0.53
PmBM,33,54,87,0.38
PmBN,57,55,112,0.51
PmBP,63,65,128,0.49
PmBS,28,32,60,0.47
PmBb,39,33,72,0.54
PmBh,4,5,9,0.44
PmBj,10,16,26,0.38
PmBl,11,9,20,0.55
PmBm,54,54,108,0.5
PmBn,50,53,103,0.49
PmBs,19,23,42,0.45
PmBt,6,6,12,0.5
PmDB,12,14,26,0.46
PmDD,5,3,8,0.62
PmDH,16,10,26,0.62
PmDI,1,2,3,0.33
PmDL,4,6,10,0.4
PmDM,17,17,34,0.5
PmDN,7,14,21,0.33
PmDP,20,12,32,0.62
PmDS,15,15,30,0.5
PmDb,11,11,22,0.5
PmDh,1,0,1,1.0
PmDl,4,5,9,0.44
PmDm,21,16,37,0.57
PmDn,17,11,28,0.61
PmDs,11,12,23,0.48
PmDt,2,3,5,0.4
PmHB,39,38,77,0.51
PmHD,7,10,17,0.41
PmHH,3,4,7,0.43
PmHI,3,2,5,0.6
PmHK,1,3,4,0.25
PmHL,11,15,26,0.42
PmHM,36,44,80,0.45
PmHN,30,33,63,0.48
PmHP,40,66,106,0.38
PmHS,26,27,53,0.49
PmHb,28,27,55,0.51
PmHh,21,14,35,0.6
PmHl,15,16,31,0.48
PmHm,53,53,106,0.5
PmHn,44,38,82,0.54
PmHs,39,22,61,0.64
PmHt,6,1,7,0.86
PmIB,1,3,4,0.25
PmID,1,1,2,0.5
PmIH,3,3,6,0.5
PmII,1,1,2,0.5
PmIK,1,1,2,0.5
PmIL,0,0,0,
PmIM,3,2,5,0.6
PmIN,6,3,9,0.67
PmIP,4,7,11,0.36
PmIS,2,2,4,0.5
PmIb,3,3,6,0.5
PmIl,0,1,1,0.0
PmIm,8,5,13,0.62
PmIn,5,5,10,0.5
PmIs,0,3,3,0.0
PmJB,5,8,13,0.38
PmJD,3,3,6,0.5
PmJH,5,2,7,0.71
PmJI,2,2,4,0.5
PmJK,2,1,3,0.67
PmJL,2,6,8,0.25
PmJM,11,10,21,0.52
PmJN,9,6,15,0.6
PmJP,13,9,22,0.59
PmJS,5,7,12,0.42
PmJb,3,8,11,0.27
PmJh,1,0,1,1.0
PmJl,6,2,8,0.75
PmJm,12,4,16,0.75
PmJn,7,5,12,0.58
PmJs,7,8,15,0.47
PmJt,1,2,3,0.33
PmKB,0,1,1,0.0
PmKD,0,0,0,
PmKH,0,0,0,
PmKI,1,1,2,0.5
PmKM,1,0,1,1.0
PmKN,0,2,2,0.0
PmKP,1,0,1,1.0
PmKS,0,2,2,0.0
PmKb,2,0,2,1.0
PmKh,0,1,1,0.0
PmKl,1,1,2,0.5
PmKm,2,3,5,0.4
PmKn,1,0,1,1.0
PmKs,3,1,4,0.75
PmLB,15,20,35,0.43
PmLD,4,3,7,0.57
PmLK,0,2,2,0.0
PmLL,7,11,18,0.39
PmLM,20,29,49,0.41
PmLN,13,19,32,0.41
PmLP,23,20,43,0.53
PmLS,10,18,28,0.36
PmLb,23,17,40,0.57
PmLh,11,9,20,0.55
PmLj,2,5,7,0.29
PmLl,4,4,8,0.5
PmLm,23,14,37,0.62
PmLn,20,25,45,0.44
PmLs,15,17,32,0.47
PmLt,7,2,9,0.78
PmMB,47,47,94,0.5
PmMD,8,10,18,0.44
PmMH,2,0,2,1.0
PmMK,1,1,2,0.5
PmML,12,20,32,0.38
PmMM,69,78,147,0.47
PmMN,43,46,89,0.48
PmMP,64,61,125,0.51
PmMS,32,49,81,0.4
PmMb,55,45,100,0.55
PmMh,51,45,96,0.53
PmMj,8,5,13,0.62
PmMl,22,22,44,0.5
PmMm,85,69,154,0.55
PmMn,61,80,141,0.43
PmMs,46,46,92,0.5
PmMt,6,4,10,0.6
PmNB,39,34,73,0.53
PmND,10,9,19,0.53
PmNH,10,8,18,0.56
PmNI,1,0,1,1.0
PmNK,5,5,10,0.5
PmNL,18,13,31,0.58
PmNM,63,56,119,0.53
PmNN,58,61,119,0.49
PmNP,73,77,150,0.49
PmNS,29,31,60,0.48
PmNb,38,37,75,0.51
PmNh,9,18,27,0.33
PmNl,18,8,26,0.69
PmNm,65,38,103,0.63
PmNn,70,51,121,0.58
PmNs,48,32,80,0.6
PmNt,8,11,19,0.42
PmPB,35,50,85,0.41
PmPD,8,13,21,0.38
PmPH,17,14,31,0.55
PmPI,5,7,12,0.42
PmPK,5,12,17,0.29
PmPL,24,22,46,0.52
PmPM,53,64,117,0.45
PmPN,53,62,115,0.46
PmPP,93,83,176,0.53
PmPS,44,49,93,0.47
PmPb,55,62,117,0.47
PmPh,5,8,13,0.38
PmPl,18,27,45,0.4
PmPm,55,57,112,0.49
PmPn,56,50,106,0.53
PmPs,30,40,70,0.43
PmPt,8,8,16,0.5
PmSB,33,35,68,0.49
PmSD,11,6,17,0.65
PmSH,12,11,23,0.52
PmSK,0,2,2,0.0
PmSL,8,5,13,0.62
PmSM,30,41,71,0.42
PmSN,33,26,59,0.56
PmSP,37,26,63,0.59
PmSS,35,33,68,0.51
PmSb,20,24,44,0.45
PmSh,12,27,39,0.31
PmSl,13,5,18,0.72
PmSm,41,31,72,0.57
PmSn,24,27,51,0.47
PmSs,31,36,67,0.46
PmSt,2,7,9,0.22
PmbB,56,47,103,0.54
PmbD,9,6,15,0.6
PmbH,9,8,17,0.53
PmbI,7,3,10,0.7
PmbJ,18,14,32,0.56
PmbK,7,4,11,0.64
PmbL,24,23,47,0.51
PmbM,53,49,102,0.52
PmbN,59,58,117,0.5
PmbP,61,50,111,0.55
PmbS,20,22,42,0.48
Pmbb,59,57,116,0.51
Pmbl,22,14,36,0.61
Pmbm,52,43,95,0.55
Pmbn,38,35,73,0.52
Pmbs,21,15,36,0.58
PmhB,1,0,1,1.0
PmhM,0,4,4,0.0
PmhN,0,1,1,0.0
PmhS,1,0,1,1.0
Pmhb,2,1,3,0.67
Pmhh,1,0,1,1.0
Pmhl,0,1,1,0.0
Pmhs,0,1,1,0.0
PmlB,15,15,30,0.5
PmlD,5,1,6,0.83
PmlH,10,8,18,0.56
PmlI,1,4,5,0.2
PmlJ,3,10,13,0.23
PmlL,9,9,18,0.5
PmlM,22,20,42,0.52
PmlN,13,21,34,0.38
PmlP,21,10,31,0.68
PmlS,9,12,21,0.43
Pmlb,15,20,35,0.43
Pmll,6,8,14,0.43
Pmlm,13,13,26,0.5
Pmln,14,13,27,0.52
Pmls,4,12,16,0.25
PmmB,58,48,106,0.55
PmmD,16,20,36,0.44
PmmH,32,41,73,0.44
PmmI,2,1,3,0.67
PmmJ,10,8,18,0.56
PmmK,1,1,2,0.5
PmmL,13,35,48,0.27
PmmM,52,74,126,0.41
PmmN,55,63,118,0.47
PmmP,63,58,121,0.52
PmmS,37,35,72,0.51
Pmmb,58,38,96,0.6
Pmmh,1,2,3,0.33
Pmml,12,10,22,0.55
Pmmm,74,42,116,0.64
Pmmn,61,44,105,0.58
Pmms,21,17,38,0.55
PmnB,24,37,61,0.39
PmnD,8,7,15,0.53
PmnH,25,28,53,0.47
PmnI,6,3,9,0.67
PmnK,5,3,8,0.62
PmnL,10,6,16,0.62
PmnM,56,65,121,0.46
PmnN,42,38,80,0.52
PmnP,52,60,112,0.46
PmnS,38,31,69,0.55
Pmnb,38,36,74,0.51
Pmnh,2,0,2,1.0
Pmnl,11,11,22,0.5
Pmnm,53,46,99,0.54
Pmnn,52,37,89,0.58
Pmns,27,21,48,0.56
Pmnt,0,1,1,0.0
PmsB,16,16,32,0.5
PmsD,9,5,14,0.64
PmsH,20,26,46,0.43
PmsI,6,1,7,0.86
PmsK,1,1,2,0.5
PmsL,9,11,20,0.45
PmsM,22,32,54,0.41
PmsN,26,25,51,0.51
PmsP,23,29,52,0.44
PmsS,28,31,59,0.47
Pmsb,15,23,38,0.39
Pmsh,4,4,8,0.5
Pmsl,5,7,12,0.42
Pmsm,22,28,50,0.44
Pmsn,20,21,41,0.49
Pmss,25,16,41,0.61
PmtP,0,1,1,0.0
Pmtm,0,1,1,0.0
PnBB,34,25,59,0.58
PnBD,4,6,10,0.4
PnBK,2,2,4,0.5
PnBL,13,16,29,0.45
PnBM,25,27,52,0.48
PnBN,34,43,77,0.44
PnBP,45,34,79,0.57
PnBS,24,28,52,0.46
PnBb,27,25,52,0.52
PnBh,3,4,7,0.43
PnBj,4,1,5,0.8
PnBl,13,7,20,0.65
PnBm,46,36,82,0.56
PnBn,43,38,81,0.53
PnBs,21,15,36,0.58
PnBt,9,3,12,0.75
PnDB,6,1,7,0.86
PnDD,6,1,7,0.86
PnDH,8,5,13,0.62
PnDI,1,0,1,1.0
PnDL,6,2,8,0.75
PnDM,4,10,14,0.29
PnDN,6,2,8,0.75
PnDP,8,15,23,0.35
PnDS,8,14,22,0.36
PnDb,5,5,10,0.5
PnDh,0,1,1,0.0
PnDl,2,1,3,0.67
PnDm,12,4,16,0.75
PnDn,5,9,14,0.36
PnDs,2,9,11,0.18
PnDt,1,1,2,0.5
PnHB,6,19,25,0.24
PnHD,5,8,13,0.38
PnHH,3,6,9,0.33
PnHI,2,0,2,1.0
PnHK,3,1,4,0.75
PnHL,5,5,10,0.5
PnHM,18,35,53,0.34
PnHN,25,22,47,0.53
PnHP,29,35,64,0.45
PnHS,19,18,37,0.51
PnHb,14,15,29,0.48
PnHh,12,18,30,0.4
PnHl,7,8,15,0.47
PnHm,37,32,69,0.54
PnHn,15,21,36,0.42
PnHs,16,17,33,0.48
PnHt,0,1,1,0.0
PnIB,5,6,11,0.45
PnID,1,2,3,0.33
PnIH,8,7,15,0.53
PnII,1,0,1,1.0
PnIK,0,1,1,0.0
PnIL,1,1,2,0.5
PnIM,8,9,17,0.47
PnIN,9,6,15,0.6
PnIP,7,6,13,0.54
PnIS,5,4,9,0.56
PnIb,4,7,11,0.36
PnIl,1,2,3,0.33
PnIm,9,7,16,0.56
PnIn,3,4,7,0.43
PnIs,10,0,10,1.0
PnIt,1,0,1,1.0
PnKB,2,3,5,0.4
PnKD,2,1,3,0.67
PnKH,0,1,1,0.0
PnKI,1,0,1,1.0
PnKL,1,1,2,0.5
PnKM,6,6,12,0.5
PnKN,7,3,10,0.7
PnKP,7,4,11,0.64
PnKS,3,3,6,0.5
PnKb,3,3,6,0.5
PnKh,4,12,16,0.25
PnKl,4,0,4,1.0
PnKm,5,4,9,0.56
PnKn,6,0,6,1.0
PnKs,6,2,8,0.75
PnKt,0,1,1,0.0
PnLB,13,9,22,0.59
PnLD,3,5,8,0.38
PnLK,4,2,6,0.67
PnLL,9,9,18,0.5
PnLM,7,12,19,0.37
PnLN,14,22,36,0.39
PnLP,27,18,45,0.6
PnLS,11,12,23,0.48
PnLb,14,15,29,0.48
PnLh,7,4,11,0.64
PnLj,5,6,11,0.45
PnLl,11,6,17,0.65
PnLm,23,16,39,0.59
PnLn,18,24,42,0.43
PnLs,8,7,15,0.53
PnLt,1,2,3,0.33
PnMB,46,38,84,0.55
PnMD,14,13,27,0.52
PnML,13,8,21,0.62
PnMM,34,39,73,0.47
PnMN,29,39,68,0.43
PnMP,43,58,101,0.43
PnMS,35,30,65,0.54
PnMb,35,30,65,0.54
PnMh,37,41,78,0.47
PnMj,5,3,8,0.62
PnMl,6,16,22,0.27
PnMm,51,43,94,0.54
PnMn,55,44,99,0.56
PnMs,25,40,65,0.38
PnMt,9,6,15,0.6
PnNB,41,34,75,0.55
PnND,7,15,22,0.32
PnNH,3,6,9,0.33
PnNI,1,0,1,1.0
PnNK,1,9,10,0.1
PnNL,15,16,31,0.48
PnNM,49,53,102,0.48
PnNN,49,66,115,0.43
PnNP,79,70,149,0.53
PnNS,37,26,63,0.59
PnNb,39,37,76,0.51
PnNh,8,10,18,0.44
PnNl,14,9,23,0.61
PnNm,59,53,112,0.53
PnNn,72,72,144,0.5
PnNs,42,35,77,0.55
PnNt,8,7,15,0.53
PnPB,50,45,95,0.53
PnPD,7,9,16,0.44
PnPH,13,18,31,0.42
PnPI,8,3,11,0.73
PnPK,5,7,12,0.42
PnPL,32,31,63,0.51
PnPM,57,67,124,0.46
PnPN,48,62,110,0.44
PnPP,65,72,137,0.47
PnPS,35,46,81,0.43
PnPb,48,48,96,0.5
PnPh,6,9,15,0.4
PnPl,32,35,67,0.48
PnPm,69,52,121,0.57
PnPn,53,51,104,0.51
PnPs,48,43,91,0.53
PnPt,9,8,17,0.53
PnSB,20,26,46,0.43
PnSD,8,6,14,0.57
PnSH,9,12,21,0.43
PnSI,1,3,4,0.25
PnSK,1,1,2,0.5
PnSL,14,18,32,0.44
PnSM,37,35,72,0.51
PnSN,23,41,64,0.36
PnSP,45,36,81,0.56
PnSS,31,35,66,0.47
PnSb,23,16,39,0.59
PnSh,22,23,45,0.49
PnSl,15,10,25,0.6
PnSm,44,28,72,0.61
PnSn,33,39,72,0.46
PnSs,30,31,61,0.49
PnSt,3,3,6,0.5
PnbB,35,22,57,0.61
PnbD,5,6,11,0.45
PnbH,6,7,13,0.46
PnbI,6,3,9,0.67
PnbJ,6,6,12,0.5
PnbK,4,5,9,0.44
PnbL,25,18,43,0.58
PnbM,29,40,69,0.42
PnbN,42,36,78,0.54
PnbP,47,48,95,0.49
PnbS,18,21,39,0.46
Pnbb,41,30,71,0.58
Pnbl,10,10,20,0.5
Pnbm,40,31,71,0.56
Pnbn,35,26,61,0.57
Pnbs,15,13,28,0.54
PnhB,3,3,6,0.5
PnhD,0,0,0,
PnhH,1,0,1,1.0
PnhI,0,1,1,0.0
PnhL,1,0,1,1.0
PnhM,0,4,4,0.0
PnhN,1,2,3,0.33
PnhP,3,6,9,0.33
PnhS,1,4,5,0.2
Pnhb,1,3,4,0.25
Pnhh,0,2,2,0.0
Pnhl,1,0,1,1.0
Pnhm,5,4,9,0.56
Pnhn,0,1,1,0.0
Pnhs,3,2,5,0.6
PnlB,13,8,21,0.62
PnlD,6,1,7,0.86
PnlH,4,9,13,0.31
PnlI,3,2,5,0.6
PnlJ,5,3,8,0.62
PnlK,1,0,1,1.0
PnlL,9,9,18,0.5
PnlM,14,19,33,0.42
PnlN,14,16,30,0.47
PnlP,17,17,34,0.5
PnlS,4,9,13,0.31
Pnlb,17,12,29,0.59
Pnll,3,4,7,0.43
Pnlm,7,8,15,0.47
Pnln,10,13,23,0.43
Pnls,9,5,14,0.64
PnmB,41,42,83,0.49
PnmD,6,6,12,0.5
PnmH,31,29,60,0.52
PnmI,3,2,5,0.6
PnmJ,7,7,14,0.5
PnmK,0,0,0,
PnmL,11,23,34,0.32
PnmM,43,54,97,0.44
PnmN,58,45,103,0.56
PnmP,46,53,99,0.46
PnmS,35,15,50,0.7
Pnmb,48,35,83,0.58
Pnml,15,12,27,0.56
Pnmm,42,33,75,0.56
Pnmn,45,29,74,0.61
Pnms,21,18,39,0.54
Pnmt,0,0,0,
PnnB,30,31,61,0.49
PnnD,9,10,19,0.47
PnnH,18,22,40,0.45
PnnI,8,4,12,0.67
PnnK,5,1,6,0.83
PnnL,17,10,27,0.63
PnnM,31,43,74,0.42
PnnN,44,60,104,0.42
PnnP,67,54,121,0.55
PnnS,33,34,67,0.49
Pnnb,39,26,65,0.6
Pnnh,0,2,2,0.0
Pnnl,17,22,39,0.44
Pnnm,39,34,73,0.53
Pnnn,40,41,81,0.49
Pnns,26,27,53,0.49
PnsB,15,18,33,0.45
PnsD,6,4,10,0.6
PnsH,26,22,48,0.54
PnsI,5,5,10,0.5
PnsK,2,0,2,1.0
PnsL,8,15,23,0.35
PnsM,36,41,77,0.47
PnsN,29,29,58,0.5
PnsP,27,34,61,0.44
PnsS,33,32,65,0.51
Pnsb,21,23,44,0.48
Pnsh,2,2,4,0.5
Pnsl,17,12,29,0.59
Pnsm,36,26,62,0.58
Pnsn,31,30,61,0.51
Pnss,28,29,57,0.49
PntB,2,0,2,1.0
PntM,0,2,2,0.0
PntN,2,1,3,0.67
PntP,1,0,1,1.0
PntS,0,1,1,0.0
Pntb,0,0,0,
Pntm,0,1,1,0.0
PsBB,16,19,35,0.46
PsBD,10,7,17,0.59
PsBK,2,3,5,0.4
PsBL,9,10,19,0.47
PsBM,22,19,41,0.54
PsBN,20,30,50,0.4
PsBP,33,24,57,0.58
PsBS,6,13,19,0.32
PsBb,22,17,39,0.56
PsBh,2,1,3,0.67
PsBj,5,2,7,0.71
PsBl,9,8,17,0.53
PsBm,30,25,55,0.55
PsBn,23,26,49,0.47
PsBs,12,8,20,0.6
PsBt,1,2,3,0.33
PsDB,5,10,15,0.33
PsDD,8,3,11,0.73
PsDH,8,11,19,0.42
PsDL,1,1,2,0.5
PsDM,8,14,22,0.36
PsDN,10,7,17,0.59
PsDP,7,6,13,0.54
PsDS,6,5,11,0.55
PsDb,13,7,20,0.65
PsDh,1,0,1,1.0
PsDl,2,3,5,0.4
PsDm,5,6,11,0.45
PsDn,2,6,8,0.25
PsDs,8,9,17,0.47
PsHB,20,24,44,0.45
PsHD,6,7,13,0.46
PsHH,5,7,12,0.42
PsHI,4,3,7,0.57
PsHK,1,2,3,0.33
PsHL,15,6,21,0.71
PsHM,25,32,57,0.44
PsHN,23,33,56,0.41
PsHP,24,33,57,0.42
PsHS,31,28,59,0.53
PsHb,20,18,38,0.53
PsHh,21,16,37,0.57
PsHl,8,7,15,0.53
PsHm,31,18,49,0.63
PsHn,26,21,47,0.55
PsHs,28,16,44,0.64
PsHt,0,1,1,0.0
PsIB,3,4,7,0.43
PsID,2,0,2,1.0
PsIH,4,4,8,0.5
PsII,0,0,0,
PsIL,4,2,6,0.67
PsIM,4,4,8,0.5
PsIN,6,3,9,0.67
PsIP,5,2,7,0.71
PsIS,4,5,9,0.44
PsIb,4,2,6,0.67
PsIl,4,3,7,0.57
PsIm,2,6,8,0.25
PsIn,1,3,4,0.25
PsIs,5,4,9,0.56
PsKB,1,0,1,1.0
PsKL,2,1,3,0.67
PsKM,1,2,3,0.33
PsKN,2,0,2,1.0
PsKb,1,0,1,1.0
PsKl,0,1,1,0.0
PsKm,2,0,2,1.0
PsLB,13,12,25,0.52
PsLD,1,1,2,0.5
PsLH,0,1,1,0.0
PsLI,0,1,1,0.0
PsLK,2,0,2,1.0
PsLL,3,7,10,0.3
PsLM,11,18,29,0.38
PsLN,9,13,22,0.41
PsLP,10,14,24,0.42
PsLS,12,13,25,0.48
PsLb,9,4,13,0.69
PsLh,7,3,10,0.7
PsLj,0,3,3,0.0
PsLl,10,6,16,0.62
PsLm,19,17,36,0.53
PsLn,11,12,23,0.48
PsLs,4,15,19,0.21
PsLt,2,0,2,1.0
PsMB,23,22,45,0.51
PsMD,10,7,17,0.59
PsMH,0,1,1,0.0
PsMK,2,0,2,1.0
PsML,6,13,19,0.32
PsMM,27,35,62,0.44
PsMN,22,23,45,0.49
PsMP,29,30,59,0.49
PsMS,22,22,44,0.5
PsMb,30,29,59,0.51
PsMh,32,25,57,0.56
PsMj,7,3,10,0.7
PsMl,9,15,24,0.38
PsMm,44,48,92,0.48
PsMn,31,32,63,0.49
PsMs,18,27,45,0.4
PsMt,5,5,10,0.5
PsNB,28,21,49,0.57
PsND,6,7,13,0.46
PsNH,7,3,10,0.7
PsNK,4,5,9,0.44
PsNL,10,12,22,0.45
PsNM,32,33,65,0.49
PsNN,34,44,78,0.44
PsNP,43,33,76,0.57
PsNS,17,29,46,0.37
PsNb,22,20,42,0.52
PsNh,7,8,15,0.47
PsNl,15,8,23,0.65
PsNm,35,26,61,0.57
PsNn,35,32,67,0.52
PsNs,29,25,54,0.54
PsNt,3,4,7,0.43
PsPB,22,23,45,0.49
PsPD,0,5,5,0.0
PsPH,6,11,17,0.35
PsPI,4,4,8,0.5
PsPK,5,5,10,0.5
PsPL,15,21,36,0.42
PsPM,27,54,81,0.33
PsPN,32,43,75,0.43
PsPP,52,52,104,0.5
PsPS,37,26,63,0.59
PsPb,36,33,69,0.52
PsPh,1,8,9,0.11
PsPl,19,18,37,0.51
PsPm,42,43,85,0.49
PsPn,41,43,84,0.49
PsPs,39,31,70,0.56
PsPt,2,4,6,0.33
PsSB,21,15,36,0.58
PsSD,7,6,13,0.54
PsSH,11,6,17,0.65
PsSI,1,1,2,0.5
PsSL,14,13,27,0.52
PsSM,26,37,63,0.41
PsSN,17,29,46,0.37
PsSP,38,42,80,0.48
PsSS,39,34,73,0.53
PsSb,18,15,33,0.55
PsSh,17,15,32,0.53
PsSl,12,14,26,0.46
PsSm,40,33,73,0.55
PsSn,28,27,55,0.51
PsSs,33,43,76,0.43
PsSt,1,4,5,0.2
PsbB,18,21,39,0.46
PsbD,5,2,7,0.71
PsbH,3,10,13,0.23
PsbI,2,1,3,0.67
PsbJ,6,5,11,0.55
PsbK,6,3,9,0.67
PsbL,12,8,20,0.6
PsbM,17,25,42,0.4
PsbN,28,30,58,0.48
PsbP,23,34,57,0.4
PsbS,10,13,23,0.43
Psbb,27,21,48,0.56
Psbl,8,4,12,0.67
Psbm,26,20,46,0.57
Psbn,13,22,35,0.37
Psbs,8,11,19,0.42
PshB,2,1,3,0.67
PshH,0,1,1,0.0
PshM,6,3,9,0.67
PshN,3,0,3,1.0
PshP,0,0,0,
PshS,0,2,2,0.0
Pshb,1,1,2,0.5
Pshh,1,0,1,1.0
Pshl,1,1,2,0.5
Pshm,5,2,7,0.71
Pshn,0,1,1,0.0
Pshs,1,0,1,1.0
Psht,1,0,1,1.0
PslB,6,10,16,0.38
PslD,1,1,2,0.5
PslH,4,4,8,0.5
PslI,1,0,1,1.0
PslJ,7,3,10,0.7
PslL,5,8,13,0.38
PslM,7,20,27,0.26
PslN,18,15,33,0.55
PslP,12,12,24,0.5
PslS,6,7,13,0.46
Pslb,15,13,28,0.54
Psll,2,3,5,0.4
Pslm,13,6,19,0.68
Psln,6,12,18,0.33
Psls,8,10,18,0.44
PsmB,31,25,56,0.55
PsmD,8,4,12,0.67
PsmH,30,16,46,0.65
PsmI,5,4,9,0.56
PsmJ,3,10,13,0.23
PsmK,0,0,0,
PsmL,15,15,30,0.5
PsmM,35,35,70,0.5
PsmN,33,37,70,0.47
PsmP,29,39,68,0.43
PsmS,18,28,46,0.39
Psmb,31,24,55,0.56
Psmh,0,1,1,0.0
Psml,6,8,14,0.43
Psmm,49,29,78,0.63
Psmn,21,20,41,0.51
Psms,12,22,34,0.35
PsnB,20,15,35,0.57
PsnD,5,5,10,0.5
PsnH,8,17,25,0.32
PsnI,6,3,9,0.67
PsnK,1,3,4,0.25
PsnL,7,9,16,0.44
PsnM,19,20,39,0.49
PsnN,25,35,60,0.42
PsnP,30,40,70,0.43
PsnS,26,31,57,0.46
Psnb,25,18,43,0.58
Psnh,0,1,1,0.0
Psnl,4,7,11,0.36
Psnm,19,34,53,0.36
Psnn,18,22,40,0.45
Psns,22,18,40,0.55
PssB,20,14,34,0.59
PssD,7,2,9,0.78
PssH,21,17,38,0.55
PssI,6,2,8,0.75
PssK,0,2,2,0.0
PssL,10,5,15,0.67
PssM,22,33,55,0.4
PssN,22,19,41,0.54
PssP,28,37,65,0.43
PssS,47,31,78,0.6
Pssb,20,17,37,0.54
Pssh,0,1,1,0.0
Pssl,11,8,19,0.58
Pssm,22,24,46,0.48
Pssn,15,26,41,0.37
Psss,26,20,46,0.57
PstB,0,0,0,
PstH,0,1,1,0.0
PstM,0,1,1,0.0
PstP,1,1,2,0.5
PstS,0,1,1,0.0
Pstb,0,0,0,
Pstl,1,0,1,1.0
Pstm,2,0,2,1.0
Pstn,0,0,0,
PtBB,3,2,5,0.6
PtBD,0,1,1,0.0
PtBL,0,2,2,0.0
PtBM,3,4,7,0.43
PtBN,2,7,9,0.22
PtBP,3,6,9,0.33
PtBS,0,1,1,0.0
PtBb,3,4,7,0.43
PtBj,0,3,3,0.0
PtBl,1,1,2,0.5
PtBm,6,1,7,0.86
PtBn,5,3,8,0.62
PtBs,2,1,3,0.67
PtDH,2,3,5,0.4
PtDI,0,1,1,0.0
PtDM,2,1,3,0.67
PtDP,0,2,2,0.0
PtDS,1,0,1,1.0
PtDb,0,1,1,0.0
PtDm,1,2,3,0.33
PtDn,2,0,2,1.0
PtDs,0,2,2,0.0
PtHB,4,1,5,0.8
PtHD,1,1,2,0.5
PtHI,2,2,4,0.5
PtHL,0,1,1,0.0
PtHM,4,4,8,0.5
PtHN,3,5,8,0.38
PtHP,3,2,5,0.6
PtHS,3,2,5,0.6
PtHb,1,1,2,0.5
PtHh,1,2,3,0.33
PtHl,3,2,5,0.6
PtHm,3,2,5,0.6
PtHn,1,4,5,0.2
PtHs,3,2,5,0.6
PtIH,1,0,1,1.0
PtIP,1,1,2,0.5
PtIS,0,1,1,0.0
PtIb,2,0,2,1.0
PtIm,1,0,1,1.0
PtIs,0,1,1,0.0
PtKB,0,1,1,0.0
PtKM,2,1,3,0.67
PtKP,1,0,1,1.0
PtKl,1,0,1,1.0
PtKm,3,2,5,0.6
PtKs,1,0,1,1.0
PtLB,2,1,3,0.67
PtLL,1,0,1,1.0
PtLM,2,2,4,0.5
PtLN,0,3,3,0.0
PtLP,4,3,7,0.57
PtLS,0,1,1,0.0
PtLb,4,0,4,1.0
PtLl,4,3,7,0.57
PtLm,6,0,6,1.0
PtLn,3,0,3,1.0
PtLs,2,0,2,1.0
PtMB,1,4,5,0.2
PtMD,0,1,1,0.0
PtML,1,0,1,1.0
PtMM,5,2,7,0.71
PtMN,6,7,13,0.46
PtMP,4,3,7,0.57
PtMS,3,3,6,0.5
PtMb,10,1,11,0.91
PtMh,3,1,4,0.75
PtMj,1,0,1,1.0
PtMl,3,3,6,0.5
PtMm,8,5,13,0.62
PtMn,4,7,11,0.36
PtMs,8,1,9,0.89
PtMt,2,1,3,0.67
PtNB,4,5,9,0.44
PtND,0,0,0,
PtNH,1,1,2,0.5
PtNK,0,0,0,
PtNL,1,0,1,1.0
PtNM,0,8,8,0.0
PtNN,2,4,6,0.33
PtNP,3,5,8,0.38
PtNS,2,4,6,0.33
PtNb,1,4,5,0.2
PtNh,0,2,2,0.0
PtNl,0,2,2,0.0
PtNm,4,5,9,0.44
PtNn,3,3,6,0.5
PtNs,4,5,9,0.44
PtNt,1,0,1,1.0
PtPB,2,2,4,0.5
PtPD,1,0,1,1.0
PtPH,2,0,2,1.0
PtPL,4,2,6,0.67
PtPM,2,13,15,0.13
PtPN,4,2,6,0.67
PtPP,10,7,17,0.59
PtPS,4,3,7,0.57
PtPb,5,9,14,0.36
PtPh,1,2,3,0.33
PtPl,3,2,5,0.6
PtPm,9,11,20,0.45
PtPn,6,3,9,0.67
PtPs,3,1,4,0.75
PtSB,1,1,2,0.5
PtSD,2,0,2,1.0
PtSH,1,2,3,0.33
PtSL,1,1,2,0.5
PtSM,2,3,5,0.4
PtSN,4,3,7,0.57
PtSP,2,3,5,0.4
PtSS,4,6,10,0.4
PtSb,3,3,6,0.5
PtSh,1,0,1,1.0
PtSl,0,2,2,0.0
PtSm,2,5,7,0.29
PtSn,1,3,4,0.25
PtSs,4,3,7,0.57
PtSt,2,0,2,1.0
PtbB,7,4,11,0.64
PtbH,3,0,3,1.0
PtbI,1,1,2,0.5
PtbJ,2,4,6,0.33
PtbL,2,2,4,0.5
PtbM,4,5,9,0.44
PtbN,3,2,5,0.6
PtbP,5,4,9,0.56
PtbS,2,2,4,0.5
Ptbb,2,3,5,0.4
Ptbl,1,0,1,1.0
Ptbm,5,2,7,0.71
Ptbn,3,4,7,0.43
Ptbs,3,2,5,0.6
PthP,0,1,1,0.0
Pthb,1,0,1,1.0
Pthh,0,0,0,
Pthl,0,1,1,0.0
PtlB,0,3,3,0.0
PtlH,3,1,4,0.75
PtlI,1,0,1,1.0
PtlK,1,0,1,1.0
PtlL,0,3,3,0.0
PtlM,0,2,2,0.0
PtlN,1,0,1,1.0
PtlP,6,1,7,0.86
PtlS,1,1,2,0.5
Ptlb,3,1,4,0.75
Ptll,0,1,1,0.0
Ptlm,1,3,4,0.25
Ptln,0,0,0,
Ptls,0,0,0,
PtmB,2,4,6,0.33
PtmD,3,1,4,0.75
PtmH,8,2,10,0.8
PtmI,0,1,1,0.0
PtmJ,4,0,4,1.0
PtmL,3,3,6,0.5
PtmM,6,8,14,0.43
PtmN,2,6,8,0.25
PtmP,3,10,13,0.23
PtmS,6,8,14,0.43
Ptmb,8,4,12,0.67
Ptml,1,1,2,0.5
Ptmm,6,4,10,0.6
Ptmn,3,2,5,0.6
Ptms,0,6,6,0.0
PtnB,4,4,8,0.5
PtnD,0,1,1,0.0
PtnH,2,3,5,0.4
PtnI,1,0,1,1.0
PtnK,0,0,0,
PtnL,0,0,0,
PtnM,3,3,6,0.5
PtnN,10,3,13,0.77
PtnP,4,4,8,0.5
PtnS,1,3,4,0.25
Ptnb,1,6,7,0.14
Ptnh,1,0,1,1.0
Ptnl,1,1,2,0.5
Ptnm,5,5,10,0.5
Ptnn,6,2,8,0.75
Ptns,4,5,9,0.44
PtsB,1,3,4,0.25
PtsD,1,1,2,0.5
PtsH,4,4,8,0.5
PtsI,1,0,1,1.0
PtsM,1,9,10,0.1
PtsN,3,2,5,0.6
PtsP,4,2,6,0.67
PtsS,5,2,7,0.71
Ptsb,4,2,6,0.67
Ptsl,1,0,1,1.0
Ptsm,3,3,6,0.5
Ptsn,0,0,0,
Ptss,3,0,3,1.0
PttL,1,1,2,0.5
PttM,2,1,3,0.67
PttN,2,1,3,0.67
PttS,1,0,1,1.0
Pttm,1,0,1,1.0
Pttn,3,1,4,0.75
Pttt,1,0,1,1.0
SBBB,16,26,42,0.38
SBBD,5,4,9,0.56
SBBK,4,1,5,0.8
SBBL,10,6,16,0.62
SBBM,20,23,43,0.47
SBBN,25,13,38,0.66
SBBP,31,32,63,0.49
SBBS,13,13,26,0.5
SBBb,16,23,39,0.41
SBBh,2,4,6,0.33
SBBj,2,4,6,0.33
SBBl,6,7,13,0.46
SBBm,28,20,48,0.58
SBBn,35,27,62,0.56
SBBs,8,9,17,0.47
SBBt,3,3,6,0.5
SBDB,4,2,6,0.67
SBDD,3,2,5,0.6
SBDH,4,5,9,0.44
SBDI,2,0,2,1.0
SBDL,3,0,3,1.0
SBDM,2,3,5,0.4
SBDN,4,4,8,0.5
SBDP,6,6,12,0.5
SBDS,5,3,8,0.62
SBDb,2,1,3,0.67
SBDl,3,0,3,1.0
SBDm,4,6,10,0.4
SBDn,4,4,8,0.5
SBDs,1,0,1,1.0
SBDt,1,0,1,1.0
SBHK,1,0,1,1.0
SBHL,1,0,1,1.0
SBHN,0,1,1,0.0
SBIs,0,1,1,0.0
SBKB,3,1,4,0.75
SBKD,0,0,0,
SBKH,1,0,1,1.0
SBKI,2,0,2,1.0
SBKL,2,1,3,0.67
SBKM,4,3,7,0.57
SBKN,2,1,3,0.67
SBKP,3,4,7,0.43
SBKS,3,1,4,0.75
SBKb,4,1,5,0.8
SBKh,1,6,7,0.14
SBKl,1,0,1,1.0
SBKm,3,4,7,0.43
SBKn,3,0,3,1.0
SBKs,1,4,5,0.2
SBLB,3,5,8,0.38
SBLD,0,3,3,0.0
SBLK,1,1,2,0.5
SBLL,2,2,4,0.5
SBLM,4,4,8,0.5
SBLN,4,6,10,0.4
SBLP,11,9,20,0.55
SBLS,3,4,7,0.43
SBLb,6,1,7,0.86
SBLh,1,1,2,0.5
SBLj,1,0,1,1.0
SBLl,3,4,7,0.43
SBLm,12,11,23,0.52
SBLn,4,8,12,0.33
SBLs,4,3,7,0.57
SBLt,0,1,1,0.0
SBMB,15,23,38,0.39
SBMD,1,6,7,0.14
SBMI,1,0,1,1.0
SBMK,1,2,3,0.33
SBML,3,6,9,0.33
SBMM,12,13,25,0.48
SBMN,15,19,34,0.44
SBMP,19,19,38,0.5
SBMS,15,8,23,0.65
SBMb,26,16,42,0.62
SBMh,18,14,32,0.56
SBMj,5,3,8,0.62
SBMl,6,6,12,0.5
SBMm,31,25,56,0.55
SBMn,24,25,49,0.49
SBMs,14,10,24,0.58
SBMt,4,0,4,1.0
SBNB,16,21,37,0.43
SBND,5,5,10,0.5
SBNH,0,2,2,0.0
SBNK,2,2,4,0.5
SBNL,8,5,13,0.62
SBNM,17,23,40,0.42
SBNN,26,29,55,0.47
SBNP,18,38,56,0.32
SBNS,11,24,35,0.31
SBNb,15,28,43,0.35
SBNh,9,11,20,0.45
SBNl,6,2,8,0.75
SBNm,25,29,54,0.46
SBNn,29,31,60,0.48
SBNs,14,22,36,0.39
SBNt,2,2,4,0.5
SBPB,25,29,54,0.46
SBPD,7,2,9,0.78
SBPH,6,5,11,0.55
SBPI,2,3,5,0.4
SBPK,0,2,2,0.0
SBPL,8,10,18,0.44
SBPM,22,28,50,0.44
SBPN,22,37,59,0.37
SBPP,37,45,82,0.45
SBPS,19,17,36,0.53
SBPb,21,20,41,0.51
SBPh,1,5,6,0.17
SBPl,9,9,18,0.5
SBPm,30,30,60,0.5
SBPn,22,27,49,0.45
SBPs,11,16,27,0.41
SBPt,2,2,4,0.5
SBSB,9,16,25,0.36
SBSD,2,4,6,0.33
SBSH,2,5,7,0.29
SBSI,1,1,2,0.5
SBSK,1,0,1,1.0
SBSL,5,5,10,0.5
SBSM,18,19,37,0.49
SBSN,11,12,23,0.48
SBSP,12,10,22,0.55
SBSS,16,20,36,0.44
SBSb,13,9,22,0.59
SBSh,5,4,9,0.56
SBSl,4,5,9,0.44
SBSm,23,15,38,0.61
SBSn,16,11,27,0.59
SBSs,13,10,23,0.57
SBSt,1,3,4,0.25
SBbB,19,16,35,0.54
SBbD,1,5,6,0.17
SBbH,0,6,6,0.0
SBbI,2,1,3,0.67
SBbJ,3,9,12,0.25
SBbK,2,2,4,0.5
SBbL,7,7,14,0.5
SBbM,18,21,39,0.46
SBbN,19,28,47,0.4
SBbP,29,14,43,0.67
SBbS,5,5,10,0.5
SBbb,16,10,26,0.62
SBbl,7,5,12,0.58
SBbm,19,18,37,0.51
SBbn,22,19,41,0.54
SBbs,10,10,20,0.5
SBhB,2,0,2,1.0
SBhD,0,0,0,
SBhI,1,0,1,1.0
SBhL,0,3,3,0.0
SBhM,0,3,3,0.0
SBhN,7,1,8,0.88
SBhP,1,3,4,0.25
SBhS,4,0,4,1.0
SBhb,5,2,7,0.71
SBhh,3,1,4,0.75
SBhl,1,0,1,1.0
SBhm,2,5,7,0.29
SBhn,3,4,7,0.43
SBhs,1,1,2,0.5
SBjB,4,3,7,0.57
SBjH,1,0,1,1.0
SBjI,2,0,2,1.0
SBjL,1,2,3,0.33
SBjM,2,6,8,0.25
SBjN,5,5,10,0.5
SBjP,8,3,11,0.73
SBjS,2,3,5,0.4
SBjb,1,3,4,0.25
SBjh,0,2,2,0.0
SBjl,2,3,5,0.4
SBjm,2,6,8,0.25
SBjn,0,4,4,0.0
SBjs,2,5,7,0.29
SBlB,8,7,15,0.53
SBlD,0,2,2,0.0
SBlH,1,1,2,0.5
SBlI,1,0,1,1.0
SBlJ,0,0,0,
SBlK,0,0,0,
SBlL,4,3,7,0.57
SBlM,2,5,7,0.29
SBlN,3,10,13,0.23
SBlP,10,10,20,0.5
SBlS,7,7,14,0.5
SBlb,3,8,11,0.27
SBll,0,1,1,0.0
SBlm,6,9,15,0.4
SBln,5,3,8,0.62
SBls,5,4,9,0.56
SBmB,12,20,32,0.38
SBmD,9,11,20,0.45
SBmH,9,21,30,0.3
SBmI,2,0,2,1.0
SBmJ,6,6,12,0.5
SBmK,0,2,2,0.0
SBmL,2,11,13,0.15
SBmM,20,26,46,0.43
SBmN,36,14,50,0.72
SBmP,26,31,57,0.46
SBmS,16,16,32,0.5
SBmb,24,20,44,0.55
SBml,5,2,7,0.71
SBmm,26,20,46,0.57
SBmn,26,28,54,0.48
SBms,14,13,27,0.52
SBnB,23,28,51,0.45
SBnD,4,6,10,0.4
SBnH,11,8,19,0.58
SBnI,5,2,7,0.71
SBnK,0,5,5,0.0
SBnL,5,7,12,0.42
SBnM,18,22,40,0.45
SBnN,33,33,66,0.5
SBnP,38,31,69,0.55
SBnS,21,23,44,0.48
SBnb,13,21,34,0.38
SBnh,3,2,5,0.6
SBnl,3,9,12,0.25
SBnm,27,25,52,0.52
SBnn,26,25,51,0.51
SBns,22,22,44,0.5
SBnt,1,0,1,1.0
SBsB,6,6,12,0.5
SBsD,4,7,11,0.36
SBsH,11,8,19,0.58
SBsI,0,1,1,0.0
SBsK,1,0,1,1.0
SBsL,2,2,4,0.5
SBsM,8,10,18,0.44
SBsN,12,9,21,0.57
SBsP,6,12,18,0.33
SBsS,14,15,29,0.48
SBsb,7,10,17,0.41
SBsh,0,0,0,
SBsl,6,2,8,0.75
SBsm,16,9,25,0.64
SBsn,9,12,21,0.43
SBss,8,7,15,0.53
SBtB,1,2,3,0.33
SBtD,0,1,1,0.0
SBtH,2,1,3,0.67
SBtI,1,0,1,1.0
SBtK,1,0,1,1.0
SBtL,0,1,1,0.0
SBtM,2,1,3,0.67
SBtN,5,1,6,0.83
SBtP,1,7,8,0.12
SBtS,3,1,4,0.75
SBtb,5,4,9,0.56
SBtl,1,1,2,0.5
SBtm,7,4,11,0.64
SBtn,3,3,6,0.5
SBts,1,1,2,0.5
SBtt,0,1,1,0.0
SDBB,2,7,9,0.22
SDBD,2,1,3,0.67
SDBK,0,3,3,0.0
SDBL,1,0,1,1.0
SDBM,3,7,10,0.3
SDBN,3,3,6,0.5
SDBP,6,5,11,0.55
SDBS,5,5,10,0.5
SDBb,4,4,8,0.5
SDBh,0,1,1,0.0
SDBj,2,3,5,0.4
SDBl,1,2,3,0.33
SDBm,5,2,7,0.71
SDBn,6,6,12,0.5
SDBs,1,2,3,0.33
SDBt,0,1,1,0.0
SDDB,4,3,7,0.57
SDDD,7,1,8,0.88
SDDH,0,5,5,0.0
SDDL,1,2,3,0.33
SDDM,10,4,14,0.71
SDDN,1,0,1,1.0
SDDP,3,3,6,0.5
SDDS,3,5,8,0.38
SDDb,1,2,3,0.33
SDDh,0,1,1,0.0
SDDl,1,2,3,0.33
SDDm,7,8,15,0.47
SDDn,1,3,4,0.25
SDDs,1,4,5,0.2
SDHB,3,2,5,0.6
SDHD,3,3,6,0.5
SDHH,1,1,2,0.5
SDHL,2,1,3,0.67
SDHM,4,11,15,0.27
SDHN,2,10,12,0.17
SDHP,6,8,14,0.43
SDHS,4,4,8,0.5
SDHb,6,6,12,0.5
SDHh,3,4,7,0.43
SDHl,1,2,3,0.33
SDHm,11,5,16,0.69
SDHn,4,1,5,0.8
SDHs,0,8,8,0.0
SDHt,1,0,1,1.0
SDIB,0,1,1,0.0
SDID,0,0,0,
SDIL,1,1,2,0.5
SDIM,0,1,1,0.0
SDIN,1,0,1,1.0
SDIS,1,1,2,0.5
SDIm,2,1,3,0.67
SDIs,1,0,1,1.0
SDKD,1,0,1,1.0
SDLB,2,1,3,0.67
SDLD,1,0,1,1.0
SDLK,0,2,2,0.0
SDLL,1,0,1,1.0
SDLM,3,2,5,0.6
SDLN,1,2,3,0.33
SDLP,1,2,3,0.33
SDLS,1,0,1,1.0
SDLb,2,3,5,0.4
SDLh,0,1,1,0.0
SDLj,0,0,0,
SDLl,1,1,2,0.5
SDLm,4,2,6,0.67
SDLn,1,1,2,0.5
SDLs,0,1,1,0.0
SDLt,0,1,1,0.0
SDMB,10,12,22,0.45
SDMD,8,2,10,0.8
SDMH,0,1,1,0.0
SDMK,0,1,1,0.0
SDML,3,1,4,0.75
SDMM,7,12,19,0.37
SDMN,4,9,13,0.31
SDMP,11,8,19,0.58
SDMS,11,9,20,0.55
SDMb,11,5,16,0.69
SDMh,6,5,11,0.55
SDMj,1,1,2,0.5
SDMl,0,2,2,0.0
SDMm,16,8,24,0.67
SDMn,8,7,15,0.53
SDMs,7,10,17,0.41
SDMt,1,0,1,1.0
SDNB,4,6,10,0.4
SDND,3,0,3,1.0
SDNH,0,0,0,
SDNI,0,1,1,0.0
SDNK,0,1,1,0.0
SDNL,3,1,4,0.75
SDNM,7,6,13,0.54
SDNN,10,6,16,0.62
SDNP,5,8,13,0.38
SDNS,7,5,12,0.58
SDNb,1,5,6,0.17
SDNh,1,2,3,0.33
SDNl,2,2,4,0.5
SDNm,9,11,20,0.45
SDNn,6,7,13,0.46
SDNs,4,2,6,0.67
SDNt,3,2,5,0.6
SDPB,9,9,18,0.5
SDPD,1,1,2,0.5
SDPH,1,3,4,0.25
SDPK,3,1,4,0.75
SDPL,2,5,7,0.29
SDPM,9,13,22,0.41
SDPN,7,5,12,0.58
SDPP,6,3,9,0.67
SDPS,8,4,12,0.67
SDPb,9,4,13,0.69
SDPh,2,0,2,1.0
SDPl,4,0,4,1.0
SDPm,10,14,24,0.42
SDPn,3,5,8,0.38
SDPs,3,2,5,0.6
SDPt,0,2,2,0.0
SDSB,5,3,8,0.62
SDSD,6,2,8,0.75
SDSH,2,6,8,0.25
SDSI,1,1,2,0.5
SDSK,0,0,0,
SDSL,5,5,10,0.5
SDSM,13,5,18,0.72
SDSN,7,8,15,0.47
SDSP,10,3,13,0.77
SDSS,11,13,24,0.46
SDSb,9,4,13,0.69
SDSh,3,3,6,0.5
SDSl,4,1,5,0.8
SDSm,11,9,20,0.55
SDSn,2,7,9,0.22
SDSs,18,12,30,0.6
SDSt,1,1,2,0.5
SDbB,4,4,8,0.5
SDbD,0,1,1,0.0
SDbH,3,1,4,0.75
SDbJ,7,0,7,1.0
SDbK,0,0,0,
SDbL,0,1,1,0.0
SDbM,8,4,12,0.67
SDbN,8,1,9,0.89
SDbP,7,5,12,0.58
SDbS,5,4,9,0.56
SDbb,7,7,14,0.5
SDbl,3,1,4,0.75
SDbm,7,6,13,0.54
SDbn,4,4,8,0.5
SDbs,1,2,3,0.33
SDhD,0,1,1,0.0
SDhM,1,0,1,1.0
SDhN,1,1,2,0.5
SDhP,1,1,2,0.5
SDhS,2,1,3,0.67
SDhm,0,2,2,0.0
SDhn,1,1,2,0.5
SDhs,0,0,0,
SDlB,0,2,2,0.0
SDlH,0,1,1,0.0
SDlK,0,0,0,
SDlL,4,1,5,0.8
SDlM,2,0,2,1.0
SDlN,2,2,4,0.5
SDlP,1,1,2,0.5
SDlS,1,1,2,0.5
SDlb,2,3,5,0.4
SDlm,6,3,9,0.67
SDln,2,2,4,0.5
SDls,1,3,4,0.25
SDmB,7,5,12,0.58
SDmD,5,1,6,0.83
SDmH,5,4,9,0.56
SDmI,0,1,1,0.0
SDmJ,1,1,2,0.5
SDmL,0,2,2,0.0
SDmM,7,12,19,0.37
SDmN,4,17,21,0.19
SDmP,9,9,18,0.5
SDmS,6,9,15,0.4
SDmb,15,7,22,0.68
SDmh,0,2,2,0.0
SDml,3,1,4,0.75
SDmm,11,13,24,0.46
SDmn,6,2,8,0.75
SDms,7,5,12,0.58
SDnB,2,9,11,0.18
SDnD,2,2,4,0.5
SDnH,4,3,7,0.57
SDnI,1,3,4,0.25
SDnK,0,1,1,0.0
SDnL,0,0,0,
SDnM,7,7,14,0.5
SDnN,4,9,13,0.31
SDnP,2,6,8,0.25
SDnS,5,4,9,0.56
SDnb,4,3,7,0.57
SDnh,0,0,0,
SDnl,2,3,5,0.4
SDnm,10,7,17,0.59
SDnn,3,6,9,0.33
SDns,1,6,7,0.14
SDsB,2,6,8,0.25
SDsD,2,3,5,0.4
SDsH,9,3,12,0.75
SDsK,0,2,2,0.0
SDsL,2,2,4,0.5
SDsM,5,7,12,0.42
SDsN,4,2,6,0.67
SDsP,7,7,14,0.5
SDsS,9,5,14,0.64
SDsb,5,5,10,0.5
SDsl,0,2,2,0.0
SDsm,5,8,13,0.38
SDsn,6,3,9,0.67
SDss,6,7,13,0.46
SDst,0,1,1,0.0
SDtH,0,1,1,0.0
SDtL,0,1,1,0.0
SDtM,0,1,1,0.0
SDtP,0,1,1,0.0
SDtS,0,0,0,
SDtm,1,0,1,1.0
SDtn,1,2,3,0.33
SDts,0,0,0,
SHBB,9,12,21,0.43
SHBD,3,1,4,0.75
SHBL,0,1,1,0.0
SHBM,7,10,17,0.41
SHBN,4,9,13,0.31
SHBP,8,7,15,0.53
SHBS,3,5,8,0.38
SHBb,6,4,10,0.6
SHBh,0,1,1,0.0
SHBj,2,2,4,0.5
SHBl,4,2,6,0.67
SHBm,10,5,15,0.67
SHBn,8,9,17,0.47
SHBs,2,3,5,0.4
SHBt,0,2,2,0.0
SHDB,2,2,4,0.5
SHDD,2,0,2,1.0
SHDH,2,1,3,0.67
SHDI,0,0,0,
SHDK,1,0,1,1.0
SHDL,0,1,1,0.0
SHDM,4,4,8,0.5
SHDN,0,3,3,0.0
SHDP,1,3,4,0.25
SHDS,2,5,7,0.29
SHDb,1,4,5,0.2
SHDh,0,1,1,0.0
SHDl,0,1,1,0.0
SHDm,0,4,4,0.0
SHDn,2,2,4,0.5
SHDs,3,3,6,0.5
SHDt,0,0,0,
SHHB,2,1,3,0.67
SHHD,1,1,2,0.5
SHHH,0,1,1,0.0
SHHK,0,0,0,
SHHL,2,0,2,1.0
SHHM,2,1,3,0.67
SHHN,5,2,7,0.71
SHHP,1,5,6,0.17
SHHS,12,3,15,0.8
SHHb,1,2,3,0.33
SHHh,0,1,1,0.0
SHHl,3,0,3,1.0
SHHm,3,4,7,0.43
SHHn,1,0,1,1.0
SHHs,7,5,12,0.58
SHIB,2,3,5,0.4
SHID,1,1,2,0.5
SHIH,1,2,3,0.33
SHIL,1,1,2,0.5
SHIM,0,3,3,0.0
SHIN,3,1,4,0.75
SHIP,3,3,6,0.5
SHIS,2,2,4,0.5
SHIb,2,1,3,0.67
SHIm,2,2,4,0.5
SHIn,2,3,5,0.4
SHIs,1,1,2,0.5
SHKB,1,0,1,1.0
SHKK,0,1,1,0.0
SHKM,1,3,4,0.25
SHKN,1,0,1,1.0
SHKP,1,1,2,0.5
SHKS,0,2,2,0.0
SHKb,1,2,3,0.33
SHKh,1,1,2,0.5
SHKl,2,0,2,1.0
SHKm,1,1,2,0.5
SHKn,0,1,1,0.0
SHKs,2,0,2,1.0
SHKt,0,0,0,
SHLB,5,3,8,0.62
SHLD,2,1,3,0.67
SHLK,1,0,1,1.0
SHLL,1,1,2,0.5
SHLM,2,1,3,0.67
SHLN,3,4,7,0.43
SHLP,1,3,4,0.25
SHLS,2,3,5,0.4
SHLb,3,5,8,0.38
SHLh,0,2,2,0.0
SHLj,0,2,2,0.0
SHLl,5,1,6,0.83
SHLm,3,2,5,0.6
SHLn,4,3,7,0.57
SHLs,6,1,7,0.86
SHMB,12,15,27,0.44
SHMD,0,2,2,0.0
SHMH,1,1,2,0.5
SHMK,0,0,0,
SHML,1,3,4,0.25
SHMM,12,14,26,0.46
SHMN,7,8,15,0.47
SHMP,9,16,25,0.36
SHMS,14,13,27,0.52
SHMb,7,4,11,0.64
SHMh,12,8,20,0.6
SHMj,1,1,2,0.5
SHMl,3,3,6,0.5
SHMm,14,13,27,0.52
SHMn,10,13,23,0.43
SHMs,5,6,11,0.45
SHMt,1,1,2,0.5
SHNB,4,6,10,0.4
SHND,4,0,4,1.0
SHNH,1,2,3,0.33
SHNI,0,0,0,
SHNK,1,0,1,1.0
SHNL,4,1,5,0.8
SHNM,10,7,17,0.59
SHNN,9,12,21,0.43
SHNP,9,14,23,0.39
SHNS,7,11,18,0.39
SHNb,8,6,14,0.57
SHNh,3,4,7,0.43
SHNl,0,4,4,0.0
SHNm,11,8,19,0.58
SHNn,6,11,17,0.35
SHNs,11,7,18,0.61
SHNt,1,0,1,1.0
SHPB,12,11,23,0.52
SHPD,1,1,2,0.5
SHPH,3,4,7,0.43
SHPI,3,0,3,1.0
SHPK,1,2,3,0.33
SHPL,2,4,6,0.33
SHPM,13,15,28,0.46
SHPN,10,14,24,0.42
SHPP,12,16,28,0.43
SHPS,12,10,22,0.55
SHPb,7,2,9,0.78
SHPh,0,0,0,
SHPl,4,4,8,0.5
SHPm,8,13,21,0.38
SHPn,5,6,11,0.45
SHPs,16,8,24,0.67
SHSB,13,11,24,0.54
SHSD,3,6,9,0.33
SHSH,8,11,19,0.42
SHSI,0,1,1,0.0
SHSK,2,0,2,1.0
SHSL,3,5,8,0.38
SHSM,6,20,26,0.23
SHSN,15,5,20,0.75
SHSP,7,3,10,0.7
SHSS,17,37,54,0.31
SHSb,8,8,16,0.5
SHSh,9,8,17,0.53
SHSl,5,7,12,0.42
SHSm,22,8,30,0.73
SHSn,6,7,13,0.46
SHSs,16,12,28,0.57
SHSt,1,1,2,0.5
SHbB,6,6,12,0.5
SHbD,4,2,6,0.67
SHbH,0,2,2,0.0
SHbI,1,0,1,1.0
SHbJ,5,2,7,0.71
SHbK,1,4,5,0.2
SHbL,4,3,7,0.57
SHbM,7,8,15,0.47
SHbN,13,6,19,0.68
SHbP,4,7,11,0.36
SHbS,7,5,12,0.58
SHbb,7,6,13,0.54
SHbl,3,1,4,0.75
SHbm,13,11,24,0.54
SHbn,9,3,12,0.75
SHbs,2,3,5,0.4
SHhB,4,3,7,0.57
SHhD,1,1,2,0.5
SHhH,1,2,3,0.33
SHhI,0,0,0,
SHhL,2,2,4,0.5
SHhM,5,8,13,0.38
SHhN,1,3,4,0.25
SHhP,5,5,10,0.5
SHhS,10,6,16,0.62
SHhb,6,3,9,0.67
SHhh,2,4,6,0.33
SHhl,1,0,1,1.0
SHhm,5,14,19,0.26
SHhn,2,5,7,0.29
SHhs,9,3,12,0.75
SHlB,3,6,9,0.33
SHlD,1,1,2,0.5
SHlH,2,2,4,0.5
SHlL,3,3,6,0.5
SHlM,6,4,10,0.6
SHlN,1,4,5,0.2
SHlP,3,5,8,0.38
SHlS,3,3,6,0.5
SHlb,4,5,9,0.44
SHll,1,1,2,0.5
SHlm,10,4,14,0.71
SHln,1,4,5,0.2
SHls,1,4,5,0.2
SHmB,13,10,23,0.57
SHmD,7,6,13,0.54
SHmH,9,12,21,0.43
SHmJ,0,3,3,0.0
SHmK,0,1,1,0.0
SHmL,2,1,3,0.67
SHmM,22,17,39,0.56
SHmN,7,9,16,0.44
SHmP,12,5,17,0.71
SHmS,15,14,29,0.52
SHmb,15,5,20,0.75
SHml,8,3,11,0.73
SHmm,23,16,39,0.59
SHmn,17,9,26,0.65
SHms,7,9,16,0.44
SHnB,6,7,13,0.46
SHnD,4,2,6,0.67
SHnH,4,6,10,0.4
SHnI,4,2,6,0.67
SHnK,0,1,1,0.0
SHnL,0,3,3,0.0
SHnM,16,5,21,0.76
SHnN,9,10,19,0.47
SHnP,12,7,19,0.63
SHnS,7,8,15,0.47
SHnb,9,9,18,0.5
SHnh,2,1,3,0.67
SHnl,2,1,3,0.67
SHnm,5,5,10,0.5
SHnn,6,4,10,0.6
SHns,8,5,13,0.62
SHsB,5,9,14,0.36
SHsD,0,1,1,0.0
SHsH,10,19,29,0.34
SHsL,4,1,5,0.8
SHsM,6,12,18,0.33
SHsN,8,7,15,0.53
SHsP,7,5,12,0.58
SHsS,12,19,31,0.39
SHsb,15,9,24,0.62
SHsh,0,3,3,0.0
SHsl,8,1,9,0.89
SHsm,15,12,27,0.56
SHsn,8,6,14,0.57
SHss,10,18,28,0.36
SHst,1,0,1,1.0
SHtB,0,2,2,0.0
SHtL,1,0,1,1.0
SHtM,0,1,1,0.0
SHtP,0,2,2,0.0
SHtS,1,1,2,0.5
SHtb,1,1,2,0.5
SHtm,1,0,1,1.0
SHts,2,0,2,1.0
SIBB,1,0,1,1.0
SIBD,1,2,3,0.33
SIBM,1,1,2,0.5
SIBN,3,0,3,1.0
SIBP,0,0,0,
SIBS,0,1,1,0.0
SIBb,2,1,3,0.67
SIBm,1,2,3,0.33
SIBn,1,0,1,1.0
SIBs,0,1,1,0.0
SIDD,2,1,3,0.67
SIDP,0,1,1,0.0
SIDS,0,1,1,0.0
SIDl,1,0,1,1.0
SIDm,0,1,1,0.0
SIDn,0,1,1,0.0
SIDs,1,1,2,0.5
SIHB,1,0,1,1.0
SIHN,0,1,1,0.0
SIHP,1,1,2,0.5
SIHS,1,0,1,1.0
SIHb,0,2,2,0.0
SIHh,1,1,2,0.5
SIHl,0,2,2,0.0
SIHm,1,1,2,0.5
SIHn,1,0,1,1.0
SIHs,3,1,4,0.75
SIIS,0,1,1,0.0
SIIm,2,0,2,1.0
SIIn,0,1,1,0.0
SILB,0,2,2,0.0
SILM,0,0,0,
SILP,1,1,2,0.5
SILb,0,1,1,0.0
SILm,2,0,2,1.0
SILs,0,1,1,0.0
SIMB,2,4,6,0.33
SIMD,3,0,3,1.0
SIML,1,0,1,1.0
SIMM,2,8,10,0.2
SIMN,0,1,1,0.0
SIMP,1,1,2,0.5
SIMS,2,3,5,0.4
SIMb,2,1,3,0.67
SIMj,0,1,1,0.0
SIMl,0,0,0,
SIMm,1,0,1,1.0
SIMn,0,1,1,0.0
SIMs,0,0,0,
SIND,1,0,1,1.0
SINK,0,0,0,
SINM,4,1,5,0.8
SINN,0,1,1,0.0
SINP,1,2,3,0.33
SINm,1,2,3,0.33
SINn,4,0,4,1.0
SINs,0,1,1,0.0
SIPB,2,0,2,1.0
SIPH,0,0,0,
SIPK,1,0,1,1.0
SIPM,0,1,1,0.0
SIPN,2,3,5,0.4
SIPP,1,1,2,0.5
SIPS,4,2,6,0.67
SIPb,1,2,3,0.33
SIPm,2,0,2,1.0
SIPn,0,0,0,
SIPs,2,1,3,0.67
SISB,4,0,4,1.0
SISD,1,0,1,1.0
SISI,1,1,2,0.5
SISM,1,3,4,0.25
SISN,0,0,0,
SISP,2,1,3,0.67
SISS,0,4,4,0.0
SISb,2,1,3,0.67
SISh,0,1,1,0.0
SISl,1,1,2,0.5
SISm,3,3,6,0.5
SISs,0,1,1,0.0
SISt,1,0,1,1.0
SIbB,1,3,4,0.25
SIbH,1,0,1,1.0
SIbJ,2,1,3,0.67
SIbM,0,1,1,0.0
SIbN,0,1,1,0.0
SIbP,1,1,2,0.5
SIbb,0,1,1,0.0
SIbl,1,1,2,0.5
SIbm,0,2,2,0.0
SIbn,0,3,3,0.0
SIbs,0,2,2,0.0
SIhN,0,1,1,0.0
SIhS,0,1,1,0.0
SIlB,0,1,1,0.0
SIlI,0,0,0,
SIlM,1,0,1,1.0
SIlN,0,1,1,0.0
SIlS,0,1,1,0.0
SIlb,0,0,0,
SIll,1,0,1,1.0
SIln,0,0,0,
SImB,2,3,5,0.4
SImD,0,2,2,0.0
SImH,1,1,2,0.5
SImJ,0,1,1,0.0
SImK,1,0,1,1.0
SImL,0,1,1,0.0
SImM,1,4,5,0.2
SImN,4,1,5,0.8
SImP,2,0,2,1.0
SImS,1,1,2,0.5
SImb,3,1,4,0.75
SImm,1,1,2,0.5
SIms,1,0,1,1.0
SImt,0,1,1,0.0
SInB,1,0,1,1.0
SInH,1,0,1,1.0
SInM,2,1,3,0.67
SInP,1,1,2,0.5
SInb,1,1,2,0.5
SInl,0,0,0,
SInm,0,1,1,0.0
SInn,2,2,4,0.5
SIsL,0,0,0,
SIsM,3,2,5,0.6
SIsN,0,1,1,0.0
SIsP,2,2,4,0.5
SIsS,3,0,3,1.0
SIsb,0,1,1,0.0
SIsh,1,0,1,1.0
SIsl,0,1,1,0.0
SIsm,1,1,2,0.5
SIsn,2,0,2,1.0
SIss,1,0,1,1.0
SItL,2,0,2,1.0
SItM,0,1,1,0.0
SItP,1,0,1,1.0
SItm,1,0,1,1.0
SItn,1,0,1,1.0
SKBB,0,1,1,0.0
SKBK,1,0,1,1.0
SKBL,0,1,1,0.0
SKBM,0,1,1,0.0
SKBN,2,1,3,0.67
SKBP,1,0,1,1.0
SKBS,0,1,1,0.0
SKBj,0,1,1,0.0
SKBm,2,1,3,0.67
SKBn,1,2,3,0.33
SKBs,0,0,0,
SKDM,0,0,0,
SKIM,0,1,1,0.0
SKIS,0,1,1,0.0
SKIn,0,1,1,0.0
SKKP,0,0,0,
SKLL,0,2,2,0.0
SKLM,1,1,2,0.5
SKLP,1,2,3,0.33
SKLS,1,0,1,1.0
SKLb,1,0,1,1.0
SKLj,1,0,1,1.0
SKLn,0,1,1,0.0
SKLt,1,0,1,1.0
SKMB,2,1,3,0.67
SKMM,1,2,3,0.33
SKMN,1,0,1,1.0
SKMP,4,3,7,0.57
SKMS,4,1,5,0.8
SKMb,2,1,3,0.67
SKMj,0,1,1,0.0
SKMl,0,1,1,0.0
SKMn,1,0,1,1.0
SKNB,0,1,1,0.0
SKNK,1,0,1,1.0
SKNL,0,1,1,0.0
SKNM,1,0,1,1.0
SKNN,2,0,2,1.0
SKNP,1,1,2,0.5
SKNl,1,0,1,1.0
SKNm,0,1,1,0.0
SKNs,0,0,0,
SKPB,1,0,1,1.0
SKPM,0,0,0,
SKPN,2,1,3,0.67
SKPP,1,1,2,0.5
SKPS,0,1,1,0.0
SKPb,1,0,1,1.0
SKPh,0,0,0,
SKPl,3,0,3,1.0
SKPm,1,0,1,1.0
SKPn,0,0,0,
SKPt,0,1,1,0.0
SKSL,1,0,1,1.0
SKSM,0,3,3,0.0
SKSN,0,0,0,
SKSS,1,0,1,1.0
SKSh,1,0,1,1.0
SKSn,0,2,2,0.0
SKSs,0,0,0,
SKbL,1,0,1,1.0
SKbM,2,1,3,0.67
SKbN,2,0,2,1.0
SKbP,1,0,1,1.0
SKbS,1,0,1,1.0
SKbb,1,1,2,0.5
SKbm,2,1,3,0.67
SKbn,0,3,3,0.0
SKbs,0,1,1,0.0
SKhB,1,0,1,1.0
SKhH,1,0,1,1.0
SKhL,2,0,2,1.0
SKhM,2,1,3,0.67
SKhN,0,1,1,0.0
SKhP,1,2,3,0.33
SKhS,1,0,1,1.0
SKhb,0,1,1,0.0
SKhh,0,0,0,
SKhs,0,2,2,0.0
SKlH,1,0,1,1.0
SKlI,1,0,1,1.0
SKlK,0,1,1,0.0
SKlM,0,2,2,0.0
SKlN,0,1,1,0.0
SKlS,0,1,1,0.0
SKlb,1,0,1,1.0
SKll,1,1,2,0.5
SKlm,1,0,1,1.0
SKls,1,0,1,1.0
SKmH,0,0,0,
SKmJ,1,0,1,1.0
SKmL,0,1,1,0.0
SKmM,2,1,3,0.67
SKmN,1,0,1,1.0
SKmP,3,2,5,0.6
SKmb,0,3,3,0.0
SKml,0,1,1,0.0
SKmm,1,2,3,0.33
SKmn,0,2,2,0.0
SKms,0,1,1,0.0
SKnH,0,1,1,0.0
SKnL,1,0,1,1.0
SKnM,0,1,1,0.0
SKnN,1,1,2,0.5
SKnP,0,1,1,0.0
SKnl,2,0,2,1.0
SKnm,1,0,1,1.0
SKns,0,2,2,0.0
SKsD,2,0,2,1.0
SKsH,1,0,1,1.0
SKsL,1,0,1,1.0
SKsM,3,1,4,0.75
SKsN,0,2,2,0.0
SKsP,2,0,2,1.0
SKsS,1,0,1,1.0
SKsb,0,3,3,0.0
SKsl,1,0,1,1.0
SKsm,2,2,4,0.5
SKsn,1,0,1,1.0
SKss,0,1,1,0.0
SKtM,0,1,1,0.0
SLBB,11,6,17,0.65
SLBD,1,3,4,0.25
SLBH,1,0,1,1.0
SLBK,0,1,1,0.0
SLBL,2,4,6,0.33
SLBM,5,9,14,0.36
SLBN,10,13,23,0.43
SLBP,8,10,18,0.44
SLBS,3,5,8,0.38
SLBb,8,6,14,0.57
SLBh,2,0,2,1.0
SLBj,3,1,4,0.75
SLBl,3,3,6,0.5
SLBm,9,8,17,0.53
SLBn,11,10,21,0.52
SLBs,4,4,8,0.5
SLBt,0,1,1,0.0
SLDB,1,0,1,1.0
SLDD,1,0,1,1.0
SLDH,1,5,6,0.17
SLDL,2,0,2,1.0
SLDM,3,7,10,0.3
SLDN,1,1,2,0.5
SLDP,0,1,1,0.0
SLDS,0,0,0,
SLDb,0,4,4,0.0
SLDl,0,2,2,0.0
SLDm,3,1,4,0.75
SLDn,0,1,1,0.0
SLDs,0,2,2,0.0
SLHP,0,1,1,0.0
SLHl,1,0,1,1.0
SLKM,1,0,1,1.0
SLKN,0,2,2,0.0
SLKP,0,1,1,0.0
SLKS,1,0,1,1.0
SLKb,0,1,1,0.0
SLKh,0,1,1,0.0
SLKl,1,1,2,0.5
SLKm,1,1,2,0.5
SLLB,2,1,3,0.67
SLLD,0,1,1,0.0
SLLK,2,0,2,1.0
SLLL,0,3,3,0.0
SLLM,1,1,2,0.5
SLLN,2,2,4,0.5
SLLP,5,4,9,0.56
SLLS,2,1,3,0.67
SLLb,5,4,9,0.56
SLLh,1,2,3,0.33
SLLj,1,2,3,0.33
SLLl,2,1,3,0.67
SLLm,4,0,4,1.0
SLLn,3,5,8,0.38
SLLs,1,2,3,0.33
SLMB,12,7,19,0.63
SLMD,2,0,2,1.0
SLMK,1,0,1,1.0
SLML,1,2,3,0.33
SLMM,5,8,13,0.38
SLMN,3,8,11,0.27
SLMP,9,11,20,0.45
SLMS,2,7,9,0.22
SLMb,7,5,12,0.58
SLMh,5,5,10,0.5
SLMj,0,3,3,0.0
SLMl,4,1,5,0.8
SLMm,8,9,17,0.47
SLMn,17,15,32,0.53
SLMs,4,2,6,0.67
SLNB,9,11,20,0.45
SLND,1,0,1,1.0
SLNH,2,1,3,0.67
SLNK,1,0,1,1.0
SLNL,7,3,10,0.7
SLNM,6,9,15,0.4
SLNN,6,11,17,0.35
SLNP,7,11,18,0.39
SLNS,8,6,14,0.57
SLNb,4,5,9,0.44
SLNh,4,1,5,0.8
SLNl,2,3,5,0.4
SLNm,8,11,19,0.42
SLNn,8,8,16,0.5
SLNs,7,10,17,0.41
SLNt,1,0,1,1.0
SLPB,5,14,19,0.26
SLPD,2,2,4,0.5
SLPH,2,2,4,0.5
SLPI,1,2,3,0.33
SLPK,0,1,1,0.0
SLPL,9,4,13,0.69
SLPM,11,12,23,0.48
SLPN,14,10,24,0.58
SLPP,15,15,30,0.5
SLPS,4,11,15,0.27
SLPb,7,8,15,0.47
SLPh,0,3,3,0.0
SLPl,8,3,11,0.73
SLPm,15,9,24,0.62
SLPn,8,8,16,0.5
SLPs,6,5,11,0.55
SLSB,7,10,17,0.41
SLSD,0,4,4,0.0
SLSH,2,1,3,0.67
SLSI,2,0,2,1.0
SLSL,2,5,7,0.29
SLSM,5,5,10,0.5
SLSN,6,3,9,0.67
SLSP,8,5,13,0.62
SLSS,5,8,13,0.38
SLSb,3,2,5,0.6
SLSh,3,3,6,0.5
SLSl,4,5,9,0.44
SLSm,6,5,11,0.55
SLSn,7,6,13,0.54
SLSs,7,7,14,0.5
SLSt,1,1,2,0.5
SLbB,7,6,13,0.54
SLbD,1,0,1,1.0
SLbH,2,0,2,1.0
SLbI,1,1,2,0.5
SLbJ,2,0,2,1.0
SLbK,0,0,0,
SLbL,5,2,7,0.71
SLbM,5,5,10,0.5
SLbN,5,5,10,0.5
SLbP,7,11,18,0.39
SLbS,3,4,7,0.43
SLbb,10,5,15,0.67
SLbl,7,2,9,0.78
SLbm,8,2,10,0.8
SLbn,7,4,11,0.64
SLbs,1,6,7,0.14
SLhB,0,4,4,0.0
SLhD,0,0,0,
SLhH,1,1,2,0.5
SLhK,0,0,0,
SLhL,1,2,3,0.33
SLhM,4,2,6,0.67
SLhN,1,1,2,0.5
SLhP,8,4,12,0.67
SLhS,1,3,4,0.25
SLhb,2,1,3,0.67
SLhh,4,6,10,0.4
SLhl,3,0,3,1.0
SLhm,4,3,7,0.57
SLhn,0,2,2,0.0
SLhs,3,1,4,0.75
SLht,0,1,1,0.0
SLjB,1,0,1,1.0
SLjD,1,0,1,1.0
SLjH,1,3,4,0.25
SLjL,3,1,4,0.75
SLjM,1,1,2,0.5
SLjN,2,0,2,1.0
SLjP,4,0,4,1.0
SLjS,3,0,3,1.0
SLjb,3,2,5,0.6
SLjh,2,0,2,1.0
SLjl,0,1,1,0.0
SLjm,1,2,3,0.33
SLjn,0,1,1,0.0
SLjs,1,2,3,0.33
SLjt,1,0,1,1.0
SLlB,3,4,7,0.43
SLlD,1,1,2,0.5
SLlH,1,2,3,0.33
SLlI,0,1,1,0.0
SLlJ,2,1,3,0.67
SLlK,0,1,1,0.0
SLlL,4,2,6,0.67
SLlM,5,4,9,0.56
SLlN,6,4,10,0.6
SLlP,2,4,6,0.33
SLlS,3,6,9,0.33
SLlb,1,2,3,0.33
SLll,1,0,1,1.0
SLlm,3,5,8,0.38
SLln,4,6,10,0.4
SLls,2,2,4,0.5
SLmB,11,7,18,0.61
SLmD,2,2,4,0.5
SLmH,5,5,10,0.5
SLmI,1,1,2,0.5
SLmJ,0,6,6,0.0
SLmL,1,3,4,0.25
SLmM,13,21,34,0.38
SLmN,7,11,18,0.39
SLmP,8,6,14,0.57
SLmS,7,12,19,0.37
SLmb,8,8,16,0.5
SLmh,0,1,1,0.0
SLml,4,0,4,1.0
SLmm,13,9,22,0.59
SLmn,18,7,25,0.72
SLms,7,7,14,0.5
SLmt,0,1,1,0.0
SLnB,7,4,11,0.64
SLnD,8,1,9,0.89
SLnH,3,3,6,0.5
SLnI,0,1,1,0.0
SLnK,2,1,3,0.67
SLnL,4,7,11,0.36
SLnM,8,8,16,0.5
SLnN,14,8,22,0.64
SLnP,9,11,20,0.45
SLnS,5,7,12,0.42
SLnb,8,4,12,0.67
SLnh,2,1,3,0.67
SLnl,3,5,8,0.38
SLnm,7,5,12,0.58
SLnn,12,12,24,0.5
SLns,6,3,9,0.67
SLsB,4,6,10,0.4
SLsD,2,1,3,0.67
SLsH,7,4,11,0.64
SLsL,4,0,4,1.0
SLsM,3,5,8,0.38
SLsN,2,6,8,0.25
SLsP,8,6,14,0.57
SLsS,7,11,18,0.39
SLsb,5,3,8,0.62
SLsh,0,1,1,0.0
SLsl,4,1,5,0.8
SLsm,9,5,14,0.64
SLsn,6,5,11,0.55
SLss,7,6,13,0.54
SLtB,1,4,5,0.2
SLtH,1,2,3,0.33
SLtL,2,1,3,0.67
SLtM,0,3,3,0.0
SLtN,3,1,4,0.75
SLtP,0,2,2,0.0
SLtS,1,0,1,1.0
SLtb,2,0,2,1.0
SLth,0,1,1,0.0
SLtl,0,2,2,0.0
SLtm,4,5,9,0.44
SLtn,0,1,1,0.0
SLts,1,0,1,1.0
SMBB,32,35,67,0.48
SMBD,10,5,15,0.67
SMBH,0,1,1,0.0
SMBK,4,1,5,0.8
SMBL,8,4,12,0.67
SMBM,27,24,51,0.53
SMBN,25,24,49,0.51
SMBP,26,30,56,0.46
SMBS,6,20,26,0.23
SMBb,39,23,62,0.63
SMBh,2,5,7,0.29
SMBj,2,2,4,0.5
SMBl,9,9,18,0.5
SMBm,23,24,47,0.49
SMBn,32,37,69,0.46
SMBs,13,5,18,0.72
SMBt,7,0,7,1.0
SMDB,4,4,8,0.5
SMDD,4,7,11,0.36
SMDH,2,7,9,0.22
SMDI,0,3,3,0.0
SMDL,1,1,2,0.5
SMDM,14,9,23,0.61
SMDN,2,5,7,0.29
SMDP,6,6,12,0.5
SMDS,11,7,18,0.61
SMDb,8,7,15,0.53
SMDh,0,1,1,0.0
SMDl,1,0,1,1.0
SMDm,10,5,15,0.67
SMDn,4,7,11,0.36
SMDs,6,2,8,0.75
SMDt,0,1,1,0.0
SMHB,0,1,1,0.0
SMHL,1,0,1,1.0
SMHN,0,1,1,0.0
SMHS,2,2,4,0.5
SMHb,0,1,1,0.0
SMHm,1,0,1,1.0
SMHn,1,0,1,1.0
SMHs,0,1,1,0.0
SMIS,0,0,0,
SMKB,0,1,1,0.0
SMKM,0,3,3,0.0
SMKN,0,2,2,0.0
SMKP,2,1,3,0.67
SMKS,1,1,2,0.5
SMKb,0,0,0,
SMKh,0,0,0,
SMKl,1,0,1,1.0
SMKm,2,0,2,1.0
SMKn,2,2,4,0.5
SMKs,0,3,3,0.0
SMLB,6,7,13,0.46
SMLD,3,1,4,0.75
SMLH,0,0,0,
SMLK,0,1,1,0.0
SMLL,0,2,2,0.0
SMLM,14,10,24,0.58
SMLN,7,11,18,0.39
SMLP,8,3,11,0.73
SMLS,5,4,9,0.56
SMLb,6,3,9,0.67
SMLh,5,1,6,0.83
SMLj,5,1,6,0.83
SMLl,1,1,2,0.5
SMLm,12,10,22,0.55
SMLn,5,7,12,0.42
SMLs,1,2,3,0.33
SMLt,1,1,2,0.5
SMMB,36,28,64,0.56
SMMD,6,8,14,0.43
SMMH,1,0,1,1.0
SMMI,0,0,0,
SMMK,0,1,1,0.0
SMML,5,3,8,0.62
SMMM,36,30,66,0.55
SMMN,16,26,42,0.38
SMMP,40,41,81,0.49
SMMS,23,17,40,0.57
SMMb,30,25,55,0.55
SMMh,22,25,47,0.47
SMMj,4,2,6,0.67
SMMl,10,11,21,0.48
SMMm,43,45,88,0.49
SMMn,34,31,65,0.52
SMMs,22,11,33,0.67
SMMt,3,2,5,0.6
SMNB,19,26,45,0.42
SMND,8,9,17,0.47
SMNH,1,6,7,0.14
SMNI,0,1,1,0.0
SMNK,2,3,5,0.4
SMNL,9,7,16,0.56
SMNM,18,24,42,0.43
SMNN,26,32,58,0.45
SMNP,45,38,83,0.54
SMNS,13,19,32,0.41
SMNb,20,21,41,0.49
SMNh,6,8,14,0.43
SMNl,5,9,14,0.36
SMNm,32,26,58,0.55
SMNn,24,26,50,0.48
SMNs,21,20,41,0.51
SMNt,6,6,12,0.5
SMPB,22,27,49,0.45
SMPD,7,10,17,0.41
SMPH,8,4,12,0.67
SMPI,6,4,10,0.6
SMPK,8,3,11,0.73
SMPL,15,12,27,0.56
SMPM,29,45,74,0.39
SMPN,25,35,60,0.42
SMPP,46,41,87,0.53
SMPS,25,20,45,0.56
SMPb,19,24,43,0.44
SMPh,6,4,10,0.6
SMPl,13,15,28,0.46
SMPm,44,35,79,0.56
SMPn,33,40,73,0.45
SMPs,19,11,30,0.63
SMPt,4,2,6,0.67
SMSB,22,22,44,0.5
SMSD,10,5,15,0.67
SMSH,4,5,9,0.44
SMSI,2,1,3,0.67
SMSK,0,1,1,0.0
SMSL,5,5,10,0.5
SMSM,28,38,66,0.42
SMSN,26,16,42,0.62
SMSP,13,23,36,0.36
SMSS,15,32,47,0.32
SMSb,19,17,36,0.53
SMSh,14,11,25,0.56
SMSl,8,6,14,0.57
SMSm,42,19,61,0.69
SMSn,19,23,42,0.45
SMSs,24,14,38,0.63
SMSt,4,5,9,0.44
SMbB,19,19,38,0.5
SMbD,3,5,8,0.38
SMbH,8,3,11,0.73
SMbI,1,4,5,0.2
SMbJ,5,4,9,0.56
SMbK,3,4,7,0.43
SMbL,11,4,15,0.73
SMbM,22,30,52,0.42
SMbN,33,19,52,0.63
SMbP,20,22,42,0.48
SMbS,19,19,38,0.5
SMbb,22,20,42,0.52
SMbh,0,1,1,0.0
SMbl,3,2,5,0.6
SMbm,27,20,47,0.57
SMbn,20,31,51,0.39
SMbs,16,10,26,0.62
SMhB,20,14,34,0.59
SMhD,4,3,7,0.57
SMhH,1,5,6,0.17
SMhI,5,1,6,0.83
SMhK,0,1,1,0.0
SMhL,5,4,9,0.56
SMhM,19,24,43,0.44
SMhN,12,21,33,0.36
SMhP,25,20,45,0.56
SMhS,20,20,40,0.5
SMhb,14,17,31,0.45
SMhh,21,16,37,0.57
SMhl,7,5,12,0.58
SMhm,40,20,60,0.67
SMhn,15,22,37,0.41
SMhs,26,13,39,0.67
SMht,2,2,4,0.5
SMjB,2,2,4,0.5
SMjD,1,1,2,0.5
SMjH,1,1,2,0.5
SMjI,0,0,0,
SMjK,0,1,1,0.0
SMjL,2,0,2,1.0
SMjM,2,4,6,0.33
SMjN,0,3,3,0.0
SMjP,2,5,7,0.29
SMjS,2,4,6,0.33
SMjb,6,3,9,0.67
SMjl,2,1,3,0.67
SMjm,1,4,5,0.2
SMjn,4,2,6,0.67
SMjs,3,5,8,0.38
SMlB,6,13,19,0.32
SMlD,1,3,4,0.25
SMlH,2,4,6,0.33
SMlI,2,0,2,1.0
SMlJ,1,6,7,0.14
SMlK,1,0,1,1.0
SMlL,1,3,4,0.25
SMlM,11,12,23,0.48
SMlN,6,10,16,0.38
SMlP,10,10,20,0.5
SMlS,9,13,22,0.41
SMlb,6,5,11,0.55
SMlh,0,1,1,0.0
SMll,4,3,7,0.57
SMlm,7,6,13,0.54
SMln,7,11,18,0.39
SMls,6,7,13,0.46
SMmB,32,31,63,0.51
SMmD,15,13,28,0.54
SMmH,26,26,52,0.5
SMmI,2,1,3,0.67
SMmJ,9,4,13,0.69
SMmK,1,0,1,1.0
SMmL,14,7,21,0.67
SMmM,30,56,86,0.35
SMmN,38,36,74,0.51
SMmP,46,33,79,0.58
SMmS,24,46,70,0.34
SMmb,20,40,60,0.33
SMmh,1,2,3,0.33
SMml,5,3,8,0.62
SMmm,43,45,88,0.49
SMmn,40,36,76,0.53
SMms,28,20,48,0.58
SMnB,30,24,54,0.56
SMnD,8,9,17,0.47
SMnH,20,16,36,0.56
SMnI,8,6,14,0.57
SMnK,5,6,11,0.45
SMnL,8,8,16,0.5
SMnM,32,40,72,0.44
SMnN,41,35,76,0.54
SMnP,40,56,96,0.42
SMnS,33,33,66,0.5
SMnb,23,28,51,0.45
SMnh,2,3,5,0.4
SMnl,7,9,16,0.44
SMnm,39,34,73,0.53
SMnn,46,33,79,0.58
SMns,26,26,52,0.5
SMsB,17,18,35,0.49
SMsD,7,9,16,0.44
SMsH,21,28,49,0.43
SMsI,2,5,7,0.29
SMsL,3,8,11,0.27
SMsM,18,21,39,0.46
SMsN,19,13,32,0.59
SMsP,25,34,59,0.42
SMsS,26,32,58,0.45
SMsb,13,13,26,0.5
SMsh,1,1,2,0.5
SMsl,6,8,14,0.43
SMsm,30,14,44,0.68
SMsn,21,14,35,0.6
SMss,15,20,35,0.43
SMst,0,1,1,0.0
SMtB,5,2,7,0.71
SMtD,2,1,3,0.67
SMtH,0,2,2,0.0
SMtI,0,0,0,
SMtM,2,1,3,0.67
SMtN,2,2,4,0.5
SMtP,1,6,7,0.14
SMtS,2,0,2,1.0
SMtb,2,3,5,0.4
SMtl,1,2,3,0.33
SMtm,5,4,9,0.56
SMtn,2,3,5,0.4
SMts,1,2,3,0.33
SMtt,0,0,0,
SNBB,18,22,40,0.45
SNBD,7,4,11,0.64
SNBK,2,1,3,0.67
SNBL,6,4,10,0.6
SNBM,17,21,38,0.45
SNBN,21,19,40,0.52
SNBP,15,26,41,0.37
SNBS,12,13,25,0.48
SNBb,20,17,37,0.54
SNBh,3,0,3,1.0
SNBj,2,4,6,0.33
SNBl,3,6,9,0.33
SNBm,23,18,41,0.56
SNBn,33,19,52,0.63
SNBs,4,16,20,0.2
SNBt,2,2,4,0.5
SNDB,3,3,6,0.5
SNDD,6,2,8,0.75
SNDH,5,5,10,0.5
SNDI,1,0,1,1.0
SNDL,2,1,3,0.67
SNDM,6,3,9,0.67
SNDN,7,4,11,0.64
SNDP,7,3,10,0.7
SNDS,6,7,13,0.46
SNDb,3,3,6,0.5
SNDh,0,0,0,
SNDl,0,1,1,0.0
SNDm,11,3,14,0.79
SNDn,6,4,10,0.6
SNDs,2,6,8,0.25
SNDt,0,1,1,0.0
SNHB,3,4,7,0.43
SNHD,1,0,1,1.0
SNHH,1,1,2,0.5
SNHI,1,0,1,1.0
SNHK,0,1,1,0.0
SNHL,3,4,7,0.43
SNHM,6,9,15,0.4
SNHN,6,7,13,0.46
SNHP,7,5,12,0.58
SNHS,9,5,14,0.64
SNHb,4,4,8,0.5
SNHh,1,5,6,0.17
SNHl,2,1,3,0.67
SNHm,8,6,14,0.57
SNHn,2,6,8,0.25
SNHs,2,1,3,0.67
SNHt,0,1,1,0.0
SNIH,0,1,1,0.0
SNIM,1,2,3,0.33
SNIS,0,2,2,0.0
SNIb,1,1,2,0.5
SNIm,0,1,1,0.0
SNKB,2,1,3,0.67
SNKD,1,1,2,0.5
SNKK,0,1,1,0.0
SNKL,1,1,2,0.5
SNKM,3,8,11,0.27
SNKN,3,3,6,0.5
SNKP,6,2,8,0.75
SNKS,2,3,5,0.4
SNKb,1,5,6,0.17
SNKh,3,1,4,0.75
SNKm,4,6,10,0.4
SNKn,4,1,5,0.8
SNKs,1,2,3,0.33
SNKt,0,1,1,0.0
SNLB,5,7,12,0.42
SNLD,2,2,4,0.5
SNLK,0,1,1,0.0
SNLL,4,4,8,0.5
SNLM,1,6,7,0.14
SNLN,8,10,18,0.44
SNLP,8,10,18,0.44
SNLS,7,4,11,0.64
SNLb,8,0,8,1.0
SNLh,1,2,3,0.33
SNLj,1,5,6,0.17
SNLl,2,2,4,0.5
SNLm,6,4,10,0.6
SNLn,12,8,20,0.6
SNLs,8,7,15,0.53
SNMB,22,19,41,0.54
SNMD,7,3,10,0.7
SNMH,0,0,0,
SNML,8,12,20,0.4
SNMM,15,27,42,0.36
SNMN,35,31,66,0.53
SNMP,28,30,58,0.48
SNMS,12,16,28,0.43
SNMb,24,11,35,0.69
SNMh,10,12,22,0.45
SNMj,5,3,8,0.62
SNMl,9,5,14,0.64
SNMm,37,22,59,0.63
SNMn,25,42,67,0.37
SNMs,17,18,35,0.49
SNMt,3,0,3,1.0
SNNB,21,29,50,0.42
SNND,6,9,15,0.4
SNNH,5,3,8,0.62
SNNI,2,1,3,0.67
SNNK,4,2,6,0.67
SNNL,10,9,19,0.53
SNNM,31,23,54,0.57
SNNN,42,44,86,0.49
SNNP,40,37,77,0.52
SNNS,27,21,48,0.56
SNNb,20,14,34,0.59
SNNh,9,7,16,0.56
SNNl,5,9,14,0.36
SNNm,37,20,57,0.65
SNNn,49,46,95,0.52
SNNs,34,18,52,0.65
SNNt,6,5,11,0.55
SNPB,21,22,43,0.49
SNPD,5,9,14,0.36
SNPH,6,11,17,0.35
SNPI,4,3,7,0.57
SNPK,3,7,10,0.3
SNPL,9,20,29,0.31
SNPM,31,40,71,0.44
SNPN,49,39,88,0.56
SNPP,37,24,61,0.61
SNPS,38,34,72,0.53
SNPb,30,29,59,0.51
SNPh,2,8,10,0.2
SNPl,16,4,20,0.8
SNPm,35,34,69,0.51
SNPn,32,28,60,0.53
SNPs,24,16,40,0.6
SNPt,1,2,3,0.33
SNSB,19,20,39,0.49
SNSD,6,3,9,0.67
SNSH,6,14,20,0.3
SNSI,2,1,3,0.67
SNSK,1,1,2,0.5
SNSL,10,5,15,0.67
SNSM,27,23,50,0.54
SNSN,26,23,49,0.53
SNSP,25,18,43,0.58
SNSS,27,26,53,0.51
SNSb,15,20,35,0.43
SNSh,7,10,17,0.41
SNSl,6,8,14,0.43
SNSm,31,26,57,0.54
SNSn,34,26,60,0.57
SNSs,18,21,39,0.46
SNSt,2,4,6,0.33
SNbB,15,21,36,0.42
SNbD,0,3,3,0.0
SNbH,4,5,9,0.44
SNbI,0,4,4,0.0
SNbJ,9,4,13,0.69
SNbK,2,4,6,0.33
SNbL,4,3,7,0.57
SNbM,18,16,34,0.53
SNbN,13,17,30,0.43
SNbP,13,17,30,0.43
SNbS,8,11,19,0.42
SNbb,11,11,22,0.5
SNbl,10,2,12,0.83
SNbm,18,18,36,0.5
SNbn,15,15,30,0.5
SNbs,11,6,17,0.65
SNhB,6,6,12,0.5
SNhD,2,1,3,0.67
SNhH,1,3,4,0.25
SNhI,0,2,2,0.0
SNhK,0,1,1,0.0
SNhL,1,1,2,0.5
SNhM,2,6,8,0.25
SNhN,6,5,11,0.55
SNhP,7,12,19,0.37
SNhS,7,5,12,0.58
SNhb,1,4,5,0.2
SNhh,5,8,13,0.38
SNhl,2,2,4,0.5
SNhm,13,9,22,0.59
SNhn,9,9,18,0.5
SNhs,8,3,11,0.73
SNlB,7,5,12,0.58
SNlD,0,1,1,0.0
SNlH,5,7,12,0.42
SNlI,1,1,2,0.5
SNlJ,3,2,5,0.6
SNlL,1,1,2,0.5
SNlM,3,4,7,0.43
SNlN,7,5,12,0.58
SNlP,8,7,15,0.53
SNlS,6,7,13,0.46
SNlb,6,1,7,0.86
SNll,3,1,4,0.75
SNlm,9,7,16,0.56
SNln,6,4,10,0.6
SNls,3,2,5,0.6
SNmB,24,23,47,0.51
SNmD,11,9,20,0.55
SNmH,23,24,47,0.49
SNmI,3,0,3,1.0
SNmJ,7,4,11,0.64
SNmK,1,1,2,0.5
SNmL,7,6,13,0.54
SNmM,23,39,62,0.37
SNmN,32,29,61,0.52
SNmP,40,33,73,0.55
SNmS,14,23,37,0.38
SNmb,15,22,37,0.41
SNmh,0,1,1,0.0
SNml,2,3,5,0.4
SNmm,21,25,46,0.46
SNmn,25,26,51,0.49
SNms,22,14,36,0.61
SNnB,14,22,36,0.39
SNnD,6,7,13,0.46
SNnH,21,14,35,0.6
SNnI,10,9,19,0.53
SNnK,2,3,5,0.4
SNnL,12,10,22,0.55
SNnM,26,33,59,0.44
SNnN,43,42,85,0.51
SNnP,44,47,91,0.48
SNnS,32,18,50,0.64
SNnb,24,24,48,0.5
SNnh,1,0,1,1.0
SNnl,7,8,15,0.47
SNnm,32,30,62,0.52
SNnn,35,39,74,0.47
SNns,36,40,76,0.47
SNnt,0,0,0,
SNsB,12,10,22,0.55
SNsD,6,1,7,0.86
SNsH,18,15,33,0.55
SNsI,5,3,8,0.62
SNsK,2,1,3,0.67
SNsL,5,6,11,0.45
SNsM,23,19,42,0.55
SNsN,16,26,42,0.38
SNsP,27,27,54,0.5
SNsS,25,34,59,0.42
SNsb,11,17,28,0.39
SNsh,0,3,3,0.0
SNsl,6,6,12,0.5
SNsm,21,20,41,0.51
SNsn,25,23,48,0.52
SNss,21,19,40,0.52
SNst,0,0,0,
SNtB,4,4,8,0.5
SNtD,0,2,2,0.0
SNtH,2,1,3,0.67
SNtL,1,1,2,0.5
SNtM,1,3,4,0.25
SNtN,5,5,10,0.5
SNtP,6,2,8,0.75
SNtS,5,3,8,0.62
SNtb,1,2,3,0.33
SNtl,2,2,4,0.5
SNtm,3,4,7,0.43
SNtn,3,4,7,0.43
SNts,2,3,5,0.4
SPBB,17,25,42,0.4
SPBD,3,3,6,0.5
SPBH,2,1,3,0.67
SPBK,6,3,9,0.67
SPBL,8,20,28,0.29
SPBM,15,19,34,0.44
SPBN,28,22,50,0.56
SPBP,24,31,55,0.44
SPBS,16,13,29,0.55
SPBb,21,18,39,0.54
SPBh,0,4,4,0.0
SPBj,8,3,11,0.73
SPBl,9,3,12,0.75
SPBm,25,24,49,0.51
SPBn,31,31,62,0.5
SPBs,15,16,31,0.48
SPBt,3,0,3,1.0
SPDB,9,4,13,0.69
SPDD,3,1,4,0.75
SPDH,4,8,12,0.33
SPDI,1,0,1,1.0
SPDL,4,2,6,0.67
SPDM,5,12,17,0.29
SPDN,2,6,8,0.25
SPDP,6,7,13,0.46
SPDS,4,5,9,0.44
SPDb,2,1,3,0.67
SPDh,0,1,1,0.0
SPDl,2,5,7,0.29
SPDm,9,6,15,0.6
SPDn,5,3,8,0.62
SPDs,5,4,9,0.56
SPDt,3,0,3,1.0
SPHB,8,4,12,0.67
SPHD,2,0,2,1.0
SPHH,3,1,4,0.75
SPHI,2,0,2,1.0
SPHK,1,1,2,0.5
SPHL,2,0,2,1.0
SPHM,4,8,12,0.33
SPHN,10,11,21,0.48
SPHP,11,19,30,0.37
SPHS,5,12,17,0.29
SPHb,5,2,7,0.71
SPHh,5,5,10,0.5
SPHl,5,4,9,0.56
SPHm,16,6,22,0.73
SPHn,10,4,14,0.71
SPHs,8,9,17,0.47
SPIB,2,2,4,0.5
SPID,1,1,2,0.5
SPIH,0,2,2,0.0
SPIL,1,0,1,1.0
SPIM,3,5,8,0.38
SPIN,8,5,13,0.62
SPIP,1,5,6,0.17
SPIS,4,3,7,0.57
SPIb,1,0,1,1.0
SPIm,3,7,10,0.3
SPIn,5,3,8,0.62
SPIs,5,1,6,0.83
SPIt,0,1,1,0.0
SPKB,3,6,9,0.33
SPKD,3,2,5,0.6
SPKH,0,1,1,0.0
SPKI,0,1,1,0.0
SPKL,2,2,4,0.5
SPKM,3,4,7,0.43
SPKN,2,4,6,0.33
SPKP,4,3,7,0.57
SPKS,2,3,5,0.4
SPKb,9,5,14,0.64
SPKh,7,4,11,0.64
SPKl,6,2,8,0.75
SPKm,6,6,12,0.5
SPKn,4,3,7,0.57
SPKs,3,0,3,1.0
SPLB,7,10,17,0.41
SPLD,3,1,4,0.75
SPLK,0,1,1,0.0
SPLL,3,5,8,0.38
SPLM,14,13,27,0.52
SPLN,14,6,20,0.7
SPLP,9,13,22,0.41
SPLS,4,9,13,0.31
SPLb,13,6,19,0.68
SPLh,2,3,5,0.4
SPLj,4,3,7,0.57
SPLl,11,5,16,0.69
SPLm,25,18,43,0.58
SPLn,10,13,23,0.43
SPLs,5,5,10,0.5
SPLt,1,5,6,0.17
SPMB,31,25,56,0.55
SPMD,2,6,8,0.25
SPMK,1,2,3,0.33
SPML,10,7,17,0.59
SPMM,27,34,61,0.44
SPMN,29,29,58,0.5
SPMP,29,41,70,0.41
SPMS,22,22,44,0.5
SPMb,18,37,55,0.33
SPMh,25,23,48,0.52
SPMj,2,9,11,0.18
SPMl,14,14,28,0.5
SPMm,42,38,80,0.52
SPMn,33,34,67,0.49
SPMs,24,20,44,0.55
SPMt,3,10,13,0.23
SPNB,26,15,41,0.63
SPND,5,1,6,0.83
SPNH,4,3,7,0.57
SPNK,4,6,10,0.4
SPNL,14,11,25,0.56
SPNM,31,36,67,0.46
SPNN,35,30,65,0.54
SPNP,46,41,87,0.53
SPNS,25,28,53,0.47
SPNb,16,19,35,0.46
SPNh,6,7,13,0.46
SPNl,5,7,12,0.42
SPNm,39,30,69,0.57
SPNn,35,34,69,0.51
SPNs,24,16,40,0.6
SPNt,2,3,5,0.4
SPPB,41,33,74,0.55
SPPD,1,14,15,0.07
SPPH,9,12,21,0.43
SPPI,9,2,11,0.82
SPPK,5,4,9,0.56
SPPL,26,10,36,0.72
SPPM,37,51,88,0.42
SPPN,29,40,69,0.42
SPPP,46,45,91,0.51
SPPS,32,34,66,0.48
SPPb,35,41,76,0.46
SPPh,4,8,12,0.33
SPPl,21,25,46,0.46
SPPm,53,53,106,0.5
SPPn,36,41,77,0.47
SPPs,30,27,57,0.53
SPPt,4,5,9,0.44
SPSB,21,28,49,0.43
SPSD,7,5,12,0.58
SPSH,11,12,23,0.48
SPSI,1,2,3,0.33
SPSK,0,5,5,0.0
SPSL,14,9,23,0.61
SPSM,32,32,64,0.5
SPSN,18,22,40,0.45
SPSP,33,31,64,0.52
SPSS,28,35,63,0.44
SPSb,18,25,43,0.42
SPSh,7,15,22,0.32
SPSl,11,7,18,0.61
SPSm,22,29,51,0.43
SPSn,25,16,41,0.61
SPSs,37,31,68,0.54
SPSt,4,5,9,0.44
SPbB,24,20,44,0.55
SPbD,4,5,9,0.44
SPbH,3,7,10,0.3
SPbI,2,2,4,0.5
SPbJ,6,2,8,0.75
SPbK,4,3,7,0.57
SPbL,12,5,17,0.71
SPbM,25,26,51,0.49
SPbN,20,30,50,0.4
SPbP,27,24,51,0.53
SPbS,18,9,27,0.67
SPbb,23,28,51,0.45
SPbh,0,1,1,0.0
SPbl,16,6,22,0.73
SPbm,24,15,39,0.62
SPbn,24,12,36,0.67
SPbs,17,14,31,0.55
SPhB,2,4,6,0.33
SPhD,0,1,1,0.0
SPhH,1,0,1,1.0
SPhK,0,1,1,0.0
SPhL,1,1,2,0.5
SPhM,2,3,5,0.4
SPhN,4,2,6,0.67
SPhP,7,4,11,0.64
SPhS,3,7,10,0.3
SPhb,4,1,5,0.8
SPhh,0,4,4,0.0
SPhl,1,1,2,0.5
SPhm,3,2,5,0.6
SPhn,1,6,7,0.14
SPhs,4,2,6,0.67
SPht,0,1,1,0.0
SPlB,11,11,22,0.5
SPlD,0,1,1,0.0
SPlH,8,11,19,0.42
SPlI,3,1,4,0.75
SPlJ,3,1,4,0.75
SPlK,0,1,1,0.0
SPlL,5,3,8,0.62
SPlM,8,16,24,0.33
SPlN,11,14,25,0.44
SPlP,16,12,28,0.57
SPlS,7,7,14,0.5
SPlb,12,10,22,0.55
SPlh,2,0,2,1.0
SPll,4,5,9,0.44
SPlm,15,12,27,0.56
SPln,11,8,19,0.58
SPls,6,8,14,0.43
SPmB,31,26,57,0.54
SPmD,13,10,23,0.57
SPmH,20,25,45,0.44
SPmI,1,5,6,0.17
SPmJ,6,4,10,0.6
SPmL,13,14,27,0.48
SPmM,28,53,81,0.35
SPmN,45,30,75,0.6
SPmP,34,46,80,0.42
SPmS,22,24,46,0.48
SPmb,35,30,65,0.54
SPml,15,6,21,0.71
SPmm,47,32,79,0.59
SPmn,30,28,58,0.52
SPms,21,24,45,0.47
SPnB,21,25,46,0.46
SPnD,2,7,9,0.22
SPnH,14,15,29,0.48
SPnI,8,7,15,0.53
SPnK,2,3,5,0.4
SPnL,10,13,23,0.43
SPnM,20,21,41,0.49
SPnN,44,31,75,0.59
SPnP,36,35,71,0.51
SPnS,22,21,43,0.51
SPnb,18,19,37,0.49
SPnh,1,1,2,0.5
SPnl,8,9,17,0.47
SPnm,29,27,56,0.52
SPnn,29,27,56,0.52
SPns,21,24,45,0.47
SPsB,16,17,33,0.48
SPsD,5,4,9,0.56
SPsH,20,18,38,0.53
SPsI,5,0,5,1.0
SPsK,0,1,1,0.0
SPsL,9,5,14,0.64
SPsM,17,32,49,0.35
SPsN,25,22,47,0.53
SPsP,23,36,59,0.39
SPsS,27,39,66,0.41
SPsb,13,12,25,0.52
SPsh,2,2,4,0.5
SPsl,10,6,16,0.62
SPsm,32,21,53,0.6
SPsn,10,19,29,0.34
SPss,26,22,48,0.54
SPst,0,1,1,0.0
SPtB,2,1,3,0.67
SPtD,1,0,1,1.0
SPtH,0,4,4,0.0
SPtL,1,3,4,0.25
SPtM,2,5,7,0.29
SPtN,3,3,6,0.5
SPtP,2,3,5,0.4
SPtS,3,1,4,0.75
SPtb,3,1,4,0.75
SPtl,0,1,1,0.0
SPtm,1,2,3,0.33
SPtn,3,6,9,0.33
SPts,2,1,3,0.67
SPtt,0,1,1,0.0
SSBB,18,13,31,0.58
SSBD,6,7,13,0.46
SSBI,0,1,1,0.0
SSBK,2,4,6,0.33
SSBL,6,6,12,0.5
SSBM,16,28,44,0.36
SSBN,23,17,40,0.57
SSBP,28,28,56,0.5
SSBS,20,24,44,0.45
SSBb,11,24,35,0.31
SSBh,5,4,9,0.56
SSBj,4,3,7,0.57
SSBl,8,6,14,0.57
SSBm,23,22,45,0.51
SSBn,25,25,50,0.5
SSBs,5,13,18,0.28
SSBt,1,4,5,0.2
SSDB,5,5,10,0.5
SSDD,13,7,20,0.65
SSDH,4,7,11,0.36
SSDI,1,0,1,1.0
SSDL,3,1,4,0.75
SSDM,13,13,26,0.5
SSDN,8,7,15,0.53
SSDP,8,12,20,0.4
SSDS,10,13,23,0.43
SSDb,5,13,18,0.28
SSDh,3,0,3,1.0
SSDl,2,1,3,0.67
SSDm,10,10,20,0.5
SSDn,10,12,22,0.45
SSDs,7,5,12,0.58
SSHB,11,8,19,0.58
SSHD,4,3,7,0.57
SSHH,6,3,9,0.67
SSHI,4,4,8,0.5
SSHK,3,3,6,0.5
SSHL,1,5,6,0.17
SSHM,12,16,28,0.43
SSHN,13,14,27,0.48
SSHP,14,19,33,0.42
SSHS,25,21,46,0.54
SSHb,12,11,23,0.52
SSHh,9,8,17,0.53
SSHl,5,4,9,0.56
SSHm,26,16,42,0.62
SSHn,12,10,22,0.55
SSHs,25,16,41,0.61
SSHt,1,0,1,1.0
SSIB,3,3,6,0.5
SSID,0,1,1,0.0
SSIH,0,1,1,0.0
SSII,0,1,1,0.0
SSIL,1,1,2,0.5
SSIM,2,4,6,0.33
SSIN,2,3,5,0.4
SSIP,4,2,6,0.67
SSIS,2,1,3,0.67
SSIb,1,3,4,0.25
SSIh,0,1,1,0.0
SSIl,1,1,2,0.5
SSIm,6,0,6,1.0
SSIn,1,1,2,0.5
SSIs,3,0,3,1.0
SSKB,1,1,2,0.5
SSKK,0,0,0,
SSKM,0,1,1,0.0
SSKN,1,0,1,1.0
SSKP,2,2,4,0.5
SSKS,1,0,1,1.0
SSKb,2,2,4,0.5
SSKh,1,0,1,1.0
SSKl,0,2,2,0.0
SSKm,1,3,4,0.25
SSKs,3,2,5,0.6
SSLB,4,12,16,0.25
SSLD,6,3,9,0.67
SSLK,0,0,0,
SSLL,4,4,8,0.5
SSLM,4,7,11,0.36
SSLN,6,7,13,0.46
SSLP,9,11,20,0.45
SSLS,6,8,14,0.43
SSLb,7,14,21,0.33
SSLh,1,5,6,0.17
SSLj,2,1,3,0.67
SSLl,6,0,6,1.0
SSLm,4,8,12,0.33
SSLn,11,4,15,0.73
SSLs,6,5,11,0.55
SSLt,2,2,4,0.5
SSMB,32,35,67,0.48
SSMD,8,7,15,0.53
SSMH,3,1,4,0.75
SSMK,1,1,2,0.5
SSML,7,13,20,0.35
SSMM,29,46,75,0.39
SSMN,29,33,62,0.47
SSMP,33,29,62,0.53
SSMS,31,45,76,0.41
SSMb,17,25,42,0.4
SSMh,21,29,50,0.42
SSMj,3,5,8,0.38
SSMl,13,3,16,0.81
SSMm,58,36,94,0.62
SSMn,44,40,84,0.52
SSMs,28,27,55,0.51
SSMt,3,3,6,0.5
SSNB,18,22,40,0.45
SSND,2,2,4,0.5
SSNH,8,4,12,0.67
SSNK,2,3,5,0.4
SSNL,3,7,10,0.3
SSNM,18,41,59,0.31
SSNN,33,30,63,0.52
SSNP,34,32,66,0.52
SSNS,31,35,66,0.47
SSNb,21,23,44,0.48
SSNh,5,9,14,0.36
SSNl,5,4,9,0.56
SSNm,20,17,37,0.54
SSNn,46,24,70,0.66
SSNs,24,26,50,0.48
SSNt,4,5,9,0.44
SSPB,23,30,53,0.43
SSPD,6,4,10,0.6
SSPH,13,14,27,0.48
SSPI,2,2,4,0.5
SSPK,1,2,3,0.33
SSPL,10,8,18,0.56
SSPM,31,29,60,0.52
SSPN,27,31,58,0.47
SSPP,42,34,76,0.55
SSPS,25,32,57,0.44
SSPb,29,20,49,0.59
SSPh,2,6,8,0.25
SSPl,5,17,22,0.23
SSPm,36,30,66,0.55
SSPn,23,26,49,0.47
SSPs,29,24,53,0.55
SSPt,2,1,3,0.67
SSSB,25,32,57,0.44
SSSD,12,18,30,0.4
SSSH,32,33,65,0.49
SSSI,7,2,9,0.78
SSSK,3,2,5,0.6
SSSL,9,8,17,0.53
SSSM,69,50,119,0.58
SSSN,44,38,82,0.54
SSSP,46,46,92,0.5
SSSS,108,108,216,0.5
SSSb,35,26,61,0.57
SSSh,21,22,43,0.49
SSSl,8,8,16,0.5
SSSm,57,57,114,0.5
SSSn,34,31,65,0.52
SSSs,51,51,102,0.5
SSSt,7,6,13,0.54
SSbB,21,22,43,0.49
SSbD,1,2,3,0.33
SSbH,2,1,3,0.67
SSbI,3,2,5,0.6
SSbJ,5,3,8,0.62
SSbK,3,5,8,0.38
SSbL,5,6,11,0.45
SSbM,21,33,54,0.39
SSbN,23,15,38,0.61
SSbP,20,23,43,0.47
SSbS,13,19,32,0.41
SSbb,16,18,34,0.47
SSbh,1,1,2,0.5
SSbl,4,3,7,0.57
SSbm,23,18,41,0.56
SSbn,27,16,43,0.63
SSbs,8,7,15,0.53
SShB,7,7,14,0.5
SShD,4,1,5,0.8
SShH,4,4,8,0.5
SShI,2,1,3,0.67
SShK,0,1,1,0.0
SShL,5,5,10,0.5
SShM,11,17,28,0.39
SShN,13,17,30,0.43
SShP,14,11,25,0.56
SShS,13,24,37,0.35
SShb,6,13,19,0.32
SShh,9,13,22,0.41
SShl,3,2,5,0.6
SShm,18,10,28,0.64
SShn,14,12,26,0.54
SShs,20,18,38,0.53
SSht,1,1,2,0.5
SSlB,8,5,13,0.62
SSlD,1,1,2,0.5
SSlH,6,2,8,0.75
SSlI,1,0,1,1.0
SSlJ,3,7,10,0.3
SSlK,1,1,2,0.5
SSlL,2,4,6,0.33
SSlM,7,9,16,0.44
SSlN,6,11,17,0.35
SSlP,7,4,11,0.64
SSlS,7,4,11,0.64
SSlb,11,6,17,0.65
SSlh,1,0,1,1.0
SSll,2,0,2,1.0
SSlm,10,10,20,0.5
SSln,12,8,20,0.6
SSls,6,5,11,0.55
SSmB,29,30,59,0.49
SSmD,18,13,31,0.58
SSmH,32,19,51,0.63
SSmI,3,2,5,0.6
SSmJ,7,3,10,0.7
SSmK,0,0,0,
SSmL,15,8,23,0.65
SSmM,36,48,84,0.43
SSmN,30,32,62,0.48
SSmP,26,33,59,0.44
SSmS,44,34,78,0.56
SSmb,34,26,60,0.57
SSmh,1,0,1,1.0
SSml,8,11,19,0.42
SSmm,41,37,78,0.53
SSmn,28,25,53,0.53
SSms,23,25,48,0.48
SSnB,18,22,40,0.45
SSnD,8,8,16,0.5
SSnH,13,16,29,0.45
SSnI,3,4,7,0.43
SSnK,1,2,3,0.33
SSnL,5,8,13,0.38
SSnM,32,21,53,0.6
SSnN,31,32,63,0.49
SSnP,27,32,59,0.46
SSnS,35,39,74,0.47
SSnb,14,20,34,0.41
SSnh,0,3,3,0.0
SSnl,10,6,16,0.62
SSnm,26,29,55,0.47
SSnn,33,32,65,0.51
SSns,22,26,48,0.46
SSsB,14,16,30,0.47
SSsD,6,6,12,0.5
SSsH,30,37,67,0.45
SSsI,10,9,19,0.53
SSsK,1,3,4,0.25
SSsL,7,10,17,0.41
SSsM,32,44,76,0.42
SSsN,35,29,64,0.55
SSsP,30,32,62,0.48
SSsS,63,74,137,0.46
SSsb,18,22,40,0.45
SSsh,5,1,6,0.83
SSsl,11,13,24,0.46
SSsm,27,26,53,0.51
SSsn,16,23,39,0.41
SSss,41,41,82,0.5
SSst,3,0,3,1.0
SStB,2,5,7,0.29
SStD,1,0,1,1.0
SStH,5,3,8,0.62
SStL,2,0,2,1.0
SStM,8,2,10,0.8
SStN,4,4,8,0.5
SStP,3,4,7,0.43
SStS,6,8,14,0.43
SStb,4,5,9,0.44
SStl,2,2,4,0.5
SStm,3,3,6,0.5
SStn,1,2,3,0.33
SSts,4,2,6,0.67
SStt,1,1,2,0.5
SbBB,13,14,27,0.48
SbBD,4,3,7,0.57
SbBH,1,0,1,1.0
SbBK,3,1,4,0.75
SbBL,8,5,13,0.62
SbBM,18,21,39,0.46
SbBN,18,21,39,0.46
SbBP,17,19,36,0.47
SbBS,10,15,25,0.4
SbBb,18,18,36,0.5
SbBh,2,1,3,0.67
SbBj,2,0,2,1.0
SbBl,7,2,9,0.78
SbBm,16,13,29,0.55
SbBn,23,22,45,0.51
SbBs,6,14,20,0.3
SbBt,1,0,1,1.0
SbDB,0,3,3,0.0
SbDD,1,2,3,0.33
SbDH,1,2,3,0.33
SbDL,1,2,3,0.33
SbDM,9,4,13,0.69
SbDN,5,0,5,1.0
SbDP,4,3,7,0.57
SbDS,4,2,6,0.67
SbDb,5,1,6,0.83
SbDl,0,2,2,0.0
SbDm,4,2,6,0.67
SbDn,1,2,3,0.33
SbDs,1,2,3,0.33
SbDt,1,0,1,1.0
SbHB,4,1,5,0.8
SbHI,0,2,2,0.0
SbHK,1,1,2,0.5
SbHM,3,9,12,0.25
SbHN,5,8,13,0.38
SbHP,8,6,14,0.57
SbHS,2,2,4,0.5
SbHb,6,4,10,0.6
SbHh,0,1,1,0.0
SbHl,3,2,5,0.6
SbHm,8,2,10,0.8
SbHn,7,2,9,0.78
SbHs,1,2,3,0.33
SbHt,0,1,1,0.0
SbIB,0,1,1,0.0
SbID,0,1,1,0.0
SbIH,0,3,3,0.0
SbIK,1,0,1,1.0
SbIL,2,0,2,1.0
SbIM,3,2,5,0.6
SbIN,0,2,2,0.0
SbIP,2,3,5,0.4
SbIS,1,1,2,0.5
SbIb,0,1,1,0.0
SbIm,3,1,4,0.75
SbIn,1,0,1,1.0
SbIs,2,0,2,1.0
SbJB,6,5,11,0.55
SbJD,1,3,4,0.25
SbJH,4,2,6,0.67
SbJK,1,1,2,0.5
SbJL,3,1,4,0.75
SbJM,4,6,10,0.4
SbJN,8,2,10,0.8
SbJP,11,4,15,0.73
SbJS,9,4,13,0.69
SbJb,4,6,10,0.4
SbJh,2,0,2,1.0
SbJl,0,1,1,0.0
SbJm,4,5,9,0.44
SbJn,1,2,3,0.33
SbJs,1,3,4,0.25
SbJt,0,1,1,0.0
SbKB,2,1,3,0.67
SbKD,2,1,3,0.67
SbKL,1,2,3,0.33
SbKM,3,3,6,0.5
SbKN,1,1,2,0.5
SbKP,3,2,5,0.6
SbKS,3,5,8,0.38
SbKb,1,1,2,0.5
SbKh,1,4,5,0.2
SbKm,8,2,10,0.8
SbKn,2,4,6,0.33
SbKs,2,2,4,0.5
SbLB,1,4,5,0.2
SbLD,4,1,5,0.8
SbLK,0,1,1,0.0
SbLL,2,4,6,0.33
SbLM,2,6,8,0.25
SbLN,6,9,15,0.4
SbLP,3,6,9,0.33
SbLS,2,6,8,0.25
SbLb,10,8,18,0.56
SbLh,1,1,2,0.5
SbLj,0,2,2,0.0
SbLl,3,0,3,1.0
SbLm,10,11,21,0.48
SbLn,7,8,15,0.47
SbLs,5,5,10,0.5
SbLt,1,1,2,0.5
SbMB,15,19,34,0.44
SbMD,5,3,8,0.62
SbMH,0,1,1,0.0
SbMI,0,0,0,
SbMK,1,0,1,1.0
SbML,5,4,9,0.56
SbMM,14,27,41,0.34
SbMN,15,25,40,0.38
SbMP,21,22,43,0.49
SbMS,15,13,28,0.54
SbMb,19,25,44,0.43
SbMh,12,20,32,0.38
SbMj,3,3,6,0.5
SbMl,10,5,15,0.67
SbMm,39,18,57,0.68
SbMn,33,21,54,0.61
SbMs,9,7,16,0.56
SbMt,1,3,4,0.25
SbNB,20,14,34,0.59
SbND,4,5,9,0.44
SbNH,7,4,11,0.64
SbNK,3,2,5,0.6
SbNL,8,6,14,0.57
SbNM,18,27,45,0.4
SbNN,33,29,62,0.53
SbNP,28,21,49,0.57
SbNS,15,16,31,0.48
SbNb,14,17,31,0.45
SbNh,2,8,10,0.2
SbNl,8,3,11,0.73
SbNm,24,12,36,0.67
SbNn,35,24,59,0.59
SbNs,19,18,37,0.51
SbPB,25,12,37,0.68
SbPD,5,5,10,0.5
SbPH,5,5,10,0.5
SbPI,4,1,5,0.8
SbPK,4,5,9,0.44
SbPL,7,7,14,0.5
SbPM,23,27,50,0.46
SbPN,21,20,41,0.51
SbPP,30,33,63,0.48
SbPS,16,14,30,0.53
SbPb,19,18,37,0.51
SbPh,5,4,9,0.56
SbPl,3,8,11,0.27
SbPm,31,19,50,0.62
SbPn,17,27,44,0.39
SbPs,12,7,19,0.63
SbPt,4,1,5,0.8
SbSB,12,11,23,0.52
SbSD,4,3,7,0.57
SbSH,1,5,6,0.17
SbSI,1,0,1,1.0
SbSL,4,3,7,0.57
SbSM,11,15,26,0.42
SbSN,8,17,25,0.32
SbSP,18,13,31,0.58
SbSS,9,20,29,0.31
SbSb,11,12,23,0.48
SbSh,3,9,12,0.25
SbSl,5,1,6,0.83
SbSm,18,16,34,0.53
SbSn,11,14,25,0.44
SbSs,11,12,23,0.48
SbSt,2,5,7,0.29
SbbB,19,17,36,0.53
SbbD,3,0,3,1.0
SbbH,6,8,14,0.43
SbbI,4,2,6,0.67
SbbJ,3,5,8,0.38
SbbK,1,4,5,0.2
SbbL,9,8,17,0.53
SbbM,16,15,31,0.52
SbbN,18,18,36,0.5
SbbP,22,24,46,0.48
SbbS,5,11,16,0.31
Sbbb,27,12,39,0.69
Sbbh,1,0,1,1.0
Sbbl,6,7,13,0.46
Sbbm,21,17,38,0.55
Sbbn,17,6,23,0.74
Sbbs,7,7,14,0.5
SbhS,2,0,2,1.0
Sbhm,3,1,4,0.75
SblB,5,5,10,0.5
SblD,2,1,3,0.67
SblH,3,2,5,0.6
SblJ,1,2,3,0.33
SblL,2,5,7,0.29
SblM,1,4,5,0.2
SblN,3,12,15,0.2
SblP,8,3,11,0.73
SblS,4,5,9,0.44
Sblb,4,4,8,0.5
Sbll,1,2,3,0.33
Sblm,5,5,10,0.5
Sbln,2,2,4,0.5
Sbls,4,1,5,0.8
SbmB,13,24,37,0.35
SbmD,9,4,13,0.69
SbmH,15,17,32,0.47
SbmI,3,4,7,0.43
SbmJ,2,2,4,0.5
SbmK,1,0,1,1.0
SbmL,2,3,5,0.4
SbmM,10,23,33,0.3
SbmN,34,19,53,0.64
SbmP,16,13,29,0.55
SbmS,9,13,22,0.41
Sbmb,14,17,31,0.45
Sbml,5,6,11,0.45
Sbmm,24,17,41,0.59
Sbmn,18,12,30,0.6
Sbms,10,5,15,0.67
SbnB,16,18,34,0.47
SbnD,4,4,8,0.5
SbnH,10,7,17,0.59
SbnI,6,1,7,0.86
SbnK,2,1,3,0.67
SbnL,2,3,5,0.4
SbnM,19,25,44,0.43
SbnN,19,23,42,0.45
SbnP,24,24,48,0.5
SbnS,9,17,26,0.35
Sbnb,26,11,37,0.7
Sbnh,0,4,4,0.0
Sbnl,4,7,11,0.36
Sbnm,11,17,28,0.39
Sbnn,21,16,37,0.57
Sbns,13,9,22,0.59
SbsB,5,9,14,0.36
SbsD,0,1,1,0.0
SbsH,8,12,20,0.4
SbsI,2,2,4,0.5
SbsL,3,6,9,0.33
SbsM,3,10,13,0.23
SbsN,10,10,20,0.5
SbsP,9,10,19,0.47
SbsS,13,14,27,0.48
Sbsb,6,5,11,0.55
Sbsh,0,2,2,0.0
Sbsl,2,1,3,0.67
Sbsm,13,8,21,0.62
Sbsn,13,10,23,0.57
Sbss,6,10,16,0.38
ShBB,10,14,24,0.42
ShBD,2,1,3,0.67
ShBK,1,1,2,0.5
ShBL,4,4,8,0.5
ShBM,7,12,19,0.37
ShBN,17,10,27,0.63
ShBP,11,17,28,0.39
ShBS,5,9,14,0.36
ShBb,7,13,20,0.35
ShBh,0,2,2,0.0
ShBj,2,1,3,0.67
ShBl,5,0,5,1.0
ShBm,7,10,17,0.41
ShBn,9,10,19,0.47
ShBs,3,11,14,0.21
ShBt,0,1,1,0.0
ShDB,2,2,4,0.5
ShDH,1,3,4,0.25
ShDI,0,2,2,0.0
ShDL,0,1,1,0.0
ShDM,6,4,10,0.6
ShDN,1,1,2,0.5
ShDP,2,3,5,0.4
ShDS,6,5,11,0.55
ShDb,2,2,4,0.5
ShDh,0,0,0,
ShDl,2,1,3,0.67
ShDm,5,3,8,0.62
ShDn,1,0,1,1.0
ShDs,2,3,5,0.4
ShDt,1,0,1,1.0
ShHB,6,2,8,0.75
ShHH,0,1,1,0.0
ShHI,1,1,2,0.5
ShHK,0,2,2,0.0
ShHL,0,2,2,0.0
ShHM,5,7,12,0.42
ShHN,2,3,5,0.4
ShHP,3,3,6,0.5
ShHS,4,3,7,0.57
ShHb,0,4,4,0.0
ShHh,0,1,1,0.0
ShHl,3,1,4,0.75
ShHm,1,1,2,0.5
ShHn,2,5,7,0.29
ShHs,4,4,8,0.5
ShIB,1,1,2,0.5
ShIH,0,1,1,0.0
ShII,1,1,2,0.5
ShIL,2,1,3,0.67
ShIM,3,4,7,0.43
ShIN,3,0,3,1.0
ShIP,1,0,1,1.0
ShIS,2,1,3,0.67
ShIb,0,1,1,0.0
ShIh,1,0,1,1.0
ShIl,0,0,0,
ShIm,1,1,2,0.5
ShIn,0,2,2,0.0
ShIs,0,2,2,0.0
ShIt,0,1,1,0.0
ShKL,1,0,1,1.0
ShKN,0,1,1,0.0
ShKS,0,0,0,
ShKh,0,0,0,
ShKm,1,0,1,1.0
ShKn,0,1,1,0.0
ShKs,0,0,0,
ShLB,2,2,4,0.5
ShLD,1,0,1,1.0
ShLK,0,0,0,
ShLL,3,1,4,0.75
ShLM,2,3,5,0.4
ShLN,3,8,11,0.27
ShLP,4,6,10,0.4
ShLS,3,4,7,0.43
ShLb,5,3,8,0.62
ShLh,1,1,2,0.5
ShLj,1,1,2,0.5
ShLl,3,1,4,0.75
ShLm,8,5,13,0.62
ShLn,7,7,14,0.5
ShLs,0,3,3,0.0
ShLt,1,2,3,0.33
ShMB,13,16,29,0.45
ShMD,6,4,10,0.6
ShMH,0,2,2,0.0
ShMK,1,1,2,0.5
ShML,1,2,3,0.33
ShMM,13,21,34,0.38
ShMN,13,16,29,0.45
ShMP,21,27,48,0.44
ShMS,8,14,22,0.36
ShMb,10,12,22,0.45
ShMh,10,11,21,0.48
ShMj,2,2,4,0.5
ShMl,10,2,12,0.83
ShMm,19,17,36,0.53
ShMn,19,24,43,0.44
ShMs,7,13,20,0.35
ShMt,1,0,1,1.0
ShNB,11,8,19,0.58
ShND,2,1,3,0.67
ShNH,2,2,4,0.5
ShNI,0,1,1,0.0
ShNK,1,3,4,0.25
ShNL,6,6,12,0.5
ShNM,5,10,15,0.33
ShNN,10,17,27,0.37
ShNP,16,12,28,0.57
ShNS,11,14,25,0.44
ShNb,10,9,19,0.53
ShNh,0,4,4,0.0
ShNl,1,3,4,0.25
ShNm,25,12,37,0.68
ShNn,21,19,40,0.52
ShNs,15,14,29,0.52
ShNt,0,3,3,0.0
ShPB,13,13,26,0.5
ShPD,3,4,7,0.43
ShPH,2,4,6,0.33
ShPI,2,0,2,1.0
ShPK,0,2,2,0.0
ShPL,7,9,16,0.44
ShPM,17,19,36,0.47
ShPN,17,15,32,0.53
ShPP,19,23,42,0.45
ShPS,8,17,25,0.32
ShPb,15,6,21,0.71
ShPh,3,3,6,0.5
ShPl,4,9,13,0.31
ShPm,14,18,32,0.44
ShPn,15,10,25,0.6
ShPs,12,14,26,0.46
ShPt,2,1,3,0.67
ShSB,8,14,22,0.36
ShSD,5,3,8,0.62
ShSH,5,11,16,0.31
ShSI,1,0,1,1.0
ShSK,1,0,1,1.0
ShSL,4,3,7,0.57
ShSM,15,22,37,0.41
ShSN,10,14,24,0.42
ShSP,17,11,28,0.61
ShSS,27,26,53,0.51
ShSb,13,11,24,0.54
ShSh,11,11,22,0.5
ShSl,3,5,8,0.38
ShSm,20,8,28,0.71
ShSn,15,19,34,0.44
ShSs,17,18,35,0.49
ShSt,4,3,7,0.57
ShbB,4,7,11,0.36
ShbD,4,1,5,0.8
ShbH,1,0,1,1.0
ShbI,0,2,2,0.0
ShbJ,1,2,3,0.33
ShbK,3,1,4,0.75
ShbL,5,0,5,1.0
ShbM,7,10,17,0.41
ShbN,11,16,27,0.41
ShbP,15,12,27,0.56
ShbS,9,11,20,0.45
Shbb,8,10,18,0.44
Shbl,3,4,7,0.43
Shbm,11,8,19,0.58
Shbn,12,10,22,0.55
Shbs,3,5,8,0.38
ShhB,12,11,23,0.52
ShhD,2,3,5,0.4
ShhH,4,2,6,0.67
ShhI,2,3,5,0.4
ShhK,0,1,1,0.0
ShhL,2,1,3,0.67
ShhM,12,18,30,0.4
ShhN,13,10,23,0.57
ShhP,10,14,24,0.42
ShhS,17,10,27,0.63
Shhb,6,4,10,0.6
Shhh,15,17,32,0.47
Shhl,6,6,12,0.5
Shhm,21,12,33,0.64
Shhn,10,12,22,0.45
Shhs,4,10,14,0.29
Shht,2,0,2,1.0
ShlB,1,2,3,0.33
ShlH,2,2,4,0.5
ShlJ,4,1,5,0.8
ShlL,1,0,1,1.0
ShlM,5,6,11,0.45
ShlN,3,8,11,0.27
ShlP,5,2,7,0.71
ShlS,7,1,8,0.88
Shlb,2,5,7,0.29
Shll,2,2,4,0.5
Shlm,8,3,11,0.73
Shln,6,3,9,0.67
Shls,5,3,8,0.62
ShmB,19,9,28,0.68
ShmD,8,6,14,0.57
ShmH,14,17,31,0.45
ShmI,1,0,1,1.0
ShmJ,7,3,10,0.7
ShmK,0,0,0,
ShmL,5,7,12,0.42
ShmM,7,28,35,0.2
ShmN,10,18,28,0.36
ShmP,15,9,24,0.62
ShmS,12,13,25,0.48
Shmb,15,18,33,0.45
Shml,2,5,7,0.29
Shmm,14,14,28,0.5
Shmn,15,17,32,0.47
Shms,14,8,22,0.64
ShnB,15,6,21,0.71
ShnD,1,3,4,0.25
ShnH,8,4,12,0.67
ShnI,3,2,5,0.6
ShnK,1,1,2,0.5
ShnL,3,2,5,0.6
ShnM,13,6,19,0.68
ShnN,18,14,32,0.56
ShnP,16,12,28,0.57
ShnS,13,20,33,0.39
Shnb,15,12,27,0.56
Shnh,0,0,0,
Shnl,3,2,5,0.6
Shnm,18,11,29,0.62
Shnn,21,13,34,0.62
Shns,14,13,27,0.52
Shnt,1,0,1,1.0
ShsB,11,10,21,0.52
ShsD,3,4,7,0.43
ShsH,10,12,22,0.45
ShsI,2,2,4,0.5
ShsL,1,5,6,0.17
ShsM,13,13,26,0.5
ShsN,10,11,21,0.48
ShsP,19,15,34,0.56
ShsS,18,24,42,0.43
Shsb,12,12,24,0.5
Shsh,3,0,3,1.0
Shsl,8,2,10,0.8
Shsm,15,12,27,0.56
Shsn,10,10,20,0.5
Shss,21,20,41,0.51
Shst,0,1,1,0.0
ShtH,0,2,2,0.0
ShtL,1,0,1,1.0
ShtM,2,1,3,0.67
ShtN,1,0,1,1.0
ShtP,0,1,1,0.0
ShtS,1,0,1,1.0
Shtl,1,2,3,0.33
Shtm,2,2,4,0.5
Shtn,1,1,2,0.5
Shts,1,3,4,0.25
SlBB,8,4,12,0.67
SlBD,5,2,7,0.71
SlBH,0,1,1,0.0
SlBK,1,0,1,1.0
SlBL,3,1,4,0.75
SlBM,5,7,12,0.42
SlBN,8,9,17,0.47
SlBP,7,6,13,0.54
SlBS,6,3,9,0.67
SlBb,3,10,13,0.23
SlBh,0,0,0,
SlBj,1,0,1,1.0
SlBl,2,2,4,0.5
SlBm,6,8,14,0.43
SlBn,14,4,18,0.78
SlBs,9,2,11,0.82
SlBt,0,1,1,0.0
SlDB,1,1,2,0.5
SlDD,0,1,1,0.0
SlDH,3,1,4,0.75
SlDL,1,0,1,1.0
SlDM,1,1,2,0.5
SlDN,3,0,3,1.0
SlDP,2,1,3,0.67
SlDS,2,3,5,0.4
SlDb,1,0,1,1.0
SlDh,0,0,0,
SlDl,1,1,2,0.5
SlDm,2,2,4,0.5
SlDn,1,1,2,0.5
SlDs,3,2,5,0.6
SlHB,4,5,9,0.44
SlHH,0,1,1,0.0
SlHI,0,1,1,0.0
SlHK,0,3,3,0.0
SlHL,1,1,2,0.5
SlHM,1,8,9,0.11
SlHN,5,9,14,0.36
SlHP,11,11,22,0.5
SlHS,5,4,9,0.56
SlHb,4,5,9,0.44
SlHh,4,1,5,0.8
SlHl,1,0,1,1.0
SlHm,4,5,9,0.44
SlHn,1,1,2,0.5
SlHs,4,2,6,0.67
SlHt,0,1,1,0.0
SlIM,0,3,3,0.0
SlIN,1,0,1,1.0
SlIP,1,0,1,1.0
SlIS,2,3,5,0.4
SlIm,1,0,1,1.0
SlIn,0,1,1,0.0
SlIs,1,1,2,0.5
SlJB,2,3,5,0.4
SlJD,0,0,0,
SlJH,0,2,2,0.0
SlJI,0,0,0,
SlJL,1,3,4,0.25
SlJM,1,2,3,0.33
SlJN,3,0,3,1.0
SlJP,0,4,4,0.0
SlJS,3,1,4,0.75
SlJb,2,5,7,0.29
SlJh,2,0,2,1.0
SlJl,1,0,1,1.0
SlJm,2,4,6,0.33
SlJn,2,2,4,0.5
SlJs,1,2,3,0.33
SlJt,0,0,0,
SlKB,1,0,1,1.0
SlKI,0,1,1,0.0
SlKN,1,1,2,0.5
SlKP,1,0,1,1.0
SlKS,1,0,1,1.0
SlKb,0,2,2,0.0
SlKh,0,1,1,0.0
SlKm,0,0,0,
SlLB,3,0,3,1.0
SlLD,1,0,1,1.0
SlLK,0,1,1,0.0
SlLL,2,3,5,0.4
SlLM,2,3,5,0.4
SlLN,4,4,8,0.5
SlLP,1,6,7,0.14
SlLS,1,4,5,0.2
SlLb,2,5,7,0.29
SlLh,1,0,1,1.0
SlLj,1,1,2,0.5
SlLl,0,2,2,0.0
SlLm,1,6,7,0.14
SlLn,3,5,8,0.38
SlLs,2,1,3,0.67
SlLt,1,1,2,0.5
SlMB,4,5,9,0.44
SlMD,3,4,7,0.43
SlML,3,5,8,0.38
SlMM,5,9,14,0.36
SlMN,4,9,13,0.31
SlMP,7,10,17,0.41
SlMS,7,9,16,0.44
SlMb,11,5,16,0.69
SlMh,4,3,7,0.57
SlMj,1,2,3,0.33
SlMl,4,1,5,0.8
SlMm,13,7,20,0.65
SlMn,13,10,23,0.57
SlMs,7,8,15,0.47
SlMt,0,2,2,0.0
SlNB,9,6,15,0.6
SlND,0,2,2,0.0
SlNH,0,1,1,0.0
SlNI,1,0,1,1.0
SlNK,2,1,3,0.67
SlNL,5,3,8,0.62
SlNM,6,12,18,0.33
SlNN,6,9,15,0.4
SlNP,11,15,26,0.42
SlNS,10,4,14,0.71
SlNb,8,5,13,0.62
SlNh,2,3,5,0.4
SlNl,1,2,3,0.33
SlNm,12,15,27,0.44
SlNn,13,6,19,0.68
SlNs,4,10,14,0.29
SlNt,2,0,2,1.0
SlPB,4,9,13,0.31
SlPD,2,1,3,0.67
SlPH,3,3,6,0.5
SlPI,0,1,1,0.0
SlPK,0,3,3,0.0
SlPL,2,2,4,0.5
SlPM,12,16,28,0.43
SlPN,7,10,17,0.41
SlPP,13,7,20,0.65
SlPS,6,5,11,0.55
SlPb,5,7,12,0.42
SlPh,2,1,3,0.67
SlPl,3,5,8,0.38
SlPm,6,5,11,0.55
SlPn,8,7,15,0.53
SlPs,6,3,9,0.67
SlPt,2,1,3,0.67
SlSB,4,6,10,0.4
SlSD,1,3,4,0.25
SlSH,3,0,3,1.0
SlSI,1,0,1,1.0
SlSL,3,4,7,0.43
SlSM,11,10,21,0.52
SlSN,4,8,12,0.33
SlSP,12,5,17,0.71
SlSS,8,9,17,0.47
SlSb,8,9,17,0.47
SlSh,4,1,5,0.8
SlSl,3,5,8,0.38
SlSm,13,12,25,0.52
SlSn,12,4,16,0.75
SlSs,9,8,17,0.53
SlSt,1,0,1,1.0
SlbB,8,8,16,0.5
SlbD,1,0,1,1.0
SlbH,1,2,3,0.33
SlbI,1,0,1,1.0
SlbJ,3,0,3,1.0
SlbL,4,1,5,0.8
SlbM,3,3,6,0.5
SlbN,8,9,17,0.47
SlbP,10,17,27,0.37
SlbS,5,3,8,0.62
Slbb,11,13,24,0.46
Slbl,3,2,5,0.6
Slbm,6,7,13,0.46
Slbn,7,5,12,0.58
Slbs,4,2,6,0.67
SlhM,1,0,1,1.0
SlhP,0,0,0,
SllB,5,4,9,0.56
SllH,0,1,1,0.0
SllK,1,1,2,0.5
SllL,3,0,3,1.0
SllM,0,2,2,0.0
SllN,3,7,10,0.3
SllP,2,1,3,0.67
SllS,1,0,1,1.0
Sllb,1,3,4,0.25
Slll,2,0,2,1.0
Sllm,3,2,5,0.6
Slln,4,0,4,1.0
Slls,2,3,5,0.4
SlmB,7,5,12,0.58
SlmD,3,5,8,0.38
SlmH,9,5,14,0.64
SlmI,2,1,3,0.67
SlmJ,0,0,0,
SlmL,4,2,6,0.67
SlmM,7,11,18,0.39
SlmN,9,6,15,0.6
SlmP,10,9,19,0.53
SlmS,4,9,13,0.31
Slmb,10,4,14,0.71
Slml,5,3,8,0.62
Slmm,7,6,13,0.54
Slmn,12,8,20,0.6
Slms,6,6,12,0.5
SlnB,3,4,7,0.43
SlnD,2,2,4,0.5
SlnH,4,3,7,0.57
SlnI,1,2,3,0.33
SlnK,0,1,1,0.0
SlnL,1,4,5,0.2
SlnM,6,7,13,0.46
SlnN,9,14,23,0.39
SlnP,8,12,20,0.4
SlnS,6,7,13,0.46
Slnb,7,4,11,0.64
Slnl,4,2,6,0.67
Slnm,9,8,17,0.53
Slnn,1,5,6,0.17
Slns,4,4,8,0.5
SlsB,3,3,6,0.5
SlsD,1,5,6,0.17
SlsH,5,3,8,0.62
SlsI,1,2,3,0.33
SlsK,0,1,1,0.0
SlsL,0,6,6,0.0
SlsM,2,4,6,0.33
SlsN,6,4,10,0.6
SlsP,9,8,17,0.53
SlsS,5,3,8,0.62
Slsb,5,7,12,0.42
Slsh,0,1,1,0.0
Slsl,0,2,2,0.0
Slsm,13,10,23,0.57
Slsn,4,0,4,1.0
Slss,2,7,9,0.22
SmBB,19,30,49,0.39
SmBD,8,8,16,0.5
SmBH,1,0,1,1.0
SmBK,6,5,11,0.55
SmBL,8,5,13,0.62
SmBM,20,26,46,0.43
SmBN,33,26,59,0.56
SmBP,24,21,45,0.53
SmBS,19,22,41,0.46
SmBb,13,24,37,0.35
SmBh,6,3,9,0.67
SmBj,6,8,14,0.43
SmBl,5,10,15,0.33
SmBm,29,18,47,0.62
SmBn,24,38,62,0.39
SmBs,20,8,28,0.71
SmBt,2,6,8,0.25
SmDB,10,7,17,0.59
SmDD,9,5,14,0.64
SmDH,4,6,10,0.4
SmDI,1,2,3,0.33
SmDL,3,2,5,0.6
SmDM,16,19,35,0.46
SmDN,5,7,12,0.42
SmDP,6,5,11,0.55
SmDS,12,17,29,0.41
SmDb,8,4,12,0.67
SmDh,2,1,3,0.67
SmDl,3,4,7,0.43
SmDm,14,11,25,0.56
SmDn,7,6,13,0.54
SmDs,8,7,15,0.53
SmDt,0,2,2,0.0
SmHB,26,22,48,0.54
SmHD,5,3,8,0.62
SmHH,5,7,12,0.42
SmHI,1,1,2,0.5
SmHK,2,2,4,0.5
SmHL,8,8,16,0.5
SmHM,36,29,65,0.55
SmHN,19,28,47,0.4
SmHP,18,25,43,0.42
SmHS,22,18,40,0.55
SmHb,12,24,36,0.33
SmHh,14,17,31,0.45
SmHl,8,9,17,0.47
SmHm,34,32,66,0.52
SmHn,24,21,45,0.53
SmHs,21,15,36,0.58
SmHt,4,2,6,0.67
SmIB,2,1,3,0.67
SmID,1,0,1,1.0
SmIH,0,2,2,0.0
SmIL,0,1,1,0.0
SmIM,0,1,1,0.0
SmIN,2,1,3,0.67
SmIP,0,3,3,0.0
SmIS,0,2,2,0.0
SmIb,3,5,8,0.38
SmIl,1,0,1,1.0
SmIm,4,2,6,0.67
SmIn,2,3,5,0.4
SmIs,1,1,2,0.5
SmJB,5,6,11,0.45
SmJD,1,0,1,1.0
SmJH,2,5,7,0.29
SmJI,0,1,1,0.0
SmJL,2,2,4,0.5
SmJM,3,8,11,0.27
SmJN,3,5,8,0.38
SmJP,10,4,14,0.71
SmJS,4,7,11,0.36
SmJb,10,2,12,0.83
SmJh,1,3,4,0.25
SmJl,0,3,3,0.0
SmJm,3,15,18,0.17
SmJn,11,7,18,0.61
SmJs,6,6,12,0.5
SmJt,3,0,3,1.0
SmKL,1,1,2,0.5
SmKM,1,0,1,1.0
SmKP,1,0,1,1.0
SmKS,0,2,2,0.0
SmKb,0,1,1,0.0
SmKh,0,2,2,0.0
SmKl,0,1,1,0.0
SmKm,1,0,1,1.0
SmKn,2,1,3,0.67
SmKs,0,1,1,0.0
SmLB,11,9,20,0.55
SmLD,1,2,3,0.33
SmLK,1,2,3,0.33
SmLL,0,2,2,0.0
SmLM,9,11,20,0.45
SmLN,8,17,25,0.32
SmLP,5,8,13,0.38
SmLS,9,8,17,0.53
SmLb,6,6,12,0.5
SmLh,3,1,4,0.75
SmLj,3,0,3,1.0
SmLl,1,3,4,0.25
SmLm,10,9,19,0.53
SmLn,14,12,26,0.54
SmLs,6,8,14,0.43
SmLt,2,2,4,0.5
SmMB,25,24,49,0.51
SmMD,15,8,23,0.65
SmMH,0,0,0,
SmMI,0,1,1,0.0
SmMK,0,1,1,0.0
SmML,6,14,20,0.3
SmMM,25,43,68,0.37
SmMN,35,43,78,0.45
SmMP,29,40,69,0.42
SmMS,26,21,47,0.55
SmMb,35,32,67,0.52
SmMh,33,27,60,0.55
SmMj,4,1,5,0.8
SmMl,9,9,18,0.5
SmMm,46,39,85,0.54
SmMn,34,42,76,0.45
SmMs,32,22,54,0.59
SmMt,1,2,3,0.33
SmNB,16,29,45,0.36
SmND,7,6,13,0.54
SmNH,5,2,7,0.71
SmNI,1,0,1,1.0
SmNK,4,7,11,0.36
SmNL,6,10,16,0.38
SmNM,27,30,57,0.47
SmNN,42,51,93,0.45
SmNP,41,54,95,0.43
SmNS,31,26,57,0.54
SmNb,17,28,45,0.38
SmNh,11,7,18,0.61
SmNl,12,7,19,0.63
SmNm,38,35,73,0.52
SmNn,45,48,93,0.48
SmNs,32,29,61,0.52
SmNt,4,4,8,0.5
SmPB,20,33,53,0.38
SmPD,10,5,15,0.67
SmPH,4,8,12,0.33
SmPI,4,5,9,0.44
SmPK,5,6,11,0.45
SmPL,13,11,24,0.54
SmPM,27,49,76,0.36
SmPN,29,33,62,0.47
SmPP,48,29,77,0.62
SmPS,26,14,40,0.65
SmPb,20,30,50,0.4
SmPh,4,3,7,0.57
SmPl,3,8,11,0.27
SmPm,40,31,71,0.56
SmPn,42,38,80,0.52
SmPs,20,25,45,0.44
SmPt,3,4,7,0.43
SmSB,20,21,41,0.49
SmSD,12,6,18,0.67
SmSH,14,15,29,0.48
SmSI,2,1,3,0.67
SmSK,3,0,3,1.0
SmSL,5,5,10,0.5
SmSM,29,42,71,0.41
SmSN,23,34,57,0.4
SmSP,32,29,61,0.52
SmSS,25,40,65,0.38
SmSb,22,22,44,0.5
SmSh,15,18,33,0.45
SmSl,3,5,8,0.38
SmSm,36,33,69,0.52
SmSn,28,28,56,0.5
SmSs,31,18,49,0.63
SmSt,1,3,4,0.25
SmbB,32,29,61,0.52
SmbD,3,5,8,0.38
SmbH,4,2,6,0.67
SmbI,1,2,3,0.33
SmbJ,8,2,10,0.8
SmbK,3,5,8,0.38
SmbL,7,10,17,0.41
SmbM,20,38,58,0.34
SmbN,27,33,60,0.45
SmbP,46,29,75,0.61
SmbS,11,16,27,0.41
Smbb,28,20,48,0.58
Smbl,2,8,10,0.2
Smbm,23,21,44,0.52
Smbn,30,21,51,0.59
Smbs,9,12,21,0.43
SmhM,2,0,2,1.0
SmhN,0,1,1,0.0
SmhS,0,1,1,0.0
Smhm,1,1,2,0.5
Smhs,2,1,3,0.67
SmlB,9,10,19,0.47
SmlD,1,1,2,0.5
SmlH,2,6,8,0.25
SmlI,2,1,3,0.67
SmlJ,4,1,5,0.8
SmlL,2,4,6,0.33
SmlM,11,12,23,0.48
SmlN,8,10,18,0.44
SmlP,11,9,20,0.55
SmlS,7,3,10,0.7
Smlb,10,5,15,0.67
Smll,3,4,7,0.43
Smlm,9,6,15,0.6
Smln,3,6,9,0.33
Smls,10,2,12,0.83
SmmB,39,24,63,0.62
SmmD,9,4,13,0.69
SmmH,32,22,54,0.59
SmmI,0,5,5,0.0
SmmJ,3,7,10,0.3
SmmK,3,2,5,0.6
SmmL,7,8,15,0.47
SmmM,33,54,87,0.38
SmmN,31,32,63,0.49
SmmP,39,36,75,0.52
SmmS,31,19,50,0.62
Smmb,28,33,61,0.46
Smml,13,6,19,0.68
Smmm,35,36,71,0.49
Smmn,32,28,60,0.53
Smms,18,13,31,0.58
SmnB,23,23,46,0.5
SmnD,7,6,13,0.54
SmnH,18,19,37,0.49
SmnI,9,1,10,0.9
SmnK,1,2,3,0.33
SmnL,4,7,11,0.36
SmnM,25,24,49,0.51
SmnN,26,31,57,0.46
SmnP,34,30,64,0.53
SmnS,23,17,40,0.57
Smnb,20,27,47,0.43
Smnh,2,0,2,1.0
Smnl,6,5,11,0.55
Smnm,34,24,58,0.59
Smnn,27,20,47,0.57
Smns,19,11,30,0.63
SmsB,15,20,35,0.43
SmsD,7,7,14,0.5
SmsH,19,16,35,0.54
SmsI,3,3,6,0.5
SmsK,1,1,2,0.5
SmsL,5,7,12,0.42
SmsM,20,23,43,0.47
SmsN,15,25,40,0.38
SmsP,21,20,41,0.51
SmsS,18,21,39,0.46
Smsb,10,14,24,0.42
Smsh,0,0,0,
Smsl,3,6,9,0.33
Smsm,28,14,42,0.67
Smsn,15,16,31,0.48
Smss,18,10,28,0.64
Smst,1,1,2,0.5
SmtB,0,1,1,0.0
SmtD,0,1,1,0.0
SmtM,0,1,1,0.0
SmtN,1,0,1,1.0
SnBB,13,21,34,0.38
SnBD,6,4,10,0.6
SnBH,1,0,1,1.0
SnBK,4,2,6,0.67
SnBL,2,9,11,0.18
SnBM,11,11,22,0.5
SnBN,24,27,51,0.47
SnBP,18,27,45,0.4
SnBS,20,11,31,0.65
SnBb,16,11,27,0.59
SnBh,1,1,2,0.5
SnBj,4,5,9,0.44
SnBl,6,5,11,0.55
SnBm,20,19,39,0.51
SnBn,26,22,48,0.54
SnBs,11,8,19,0.58
SnBt,5,5,10,0.5
SnDB,5,6,11,0.45
SnDD,3,5,8,0.38
SnDH,7,5,12,0.58
SnDI,0,1,1,0.0
SnDL,2,1,3,0.67
SnDM,11,7,18,0.61
SnDN,4,8,12,0.33
SnDP,6,4,10,0.6
SnDS,7,8,15,0.47
SnDb,5,0,5,1.0
SnDh,0,0,0,
SnDl,0,2,2,0.0
SnDm,10,2,12,0.83
SnDn,3,9,12,0.25
SnDs,7,5,12,0.58
SnHB,12,13,25,0.48
SnHD,5,5,10,0.5
SnHH,1,4,5,0.2
SnHI,3,1,4,0.75
SnHK,2,0,2,1.0
SnHL,2,5,7,0.29
SnHM,9,16,25,0.36
SnHN,15,17,32,0.47
SnHP,21,19,40,0.52
SnHS,16,15,31,0.52
SnHb,12,12,24,0.5
SnHh,3,7,10,0.3
SnHl,7,7,14,0.5
SnHm,29,18,47,0.62
SnHn,15,10,25,0.6
SnHs,11,13,24,0.46
SnHt,0,2,2,0.0
SnIB,5,4,9,0.56
SnID,1,0,1,1.0
SnIH,5,3,8,0.62
SnII,1,0,1,1.0
SnIK,0,0,0,
SnIL,1,1,2,0.5
SnIM,3,6,9,0.33
SnIN,3,4,7,0.43
SnIP,2,1,3,0.67
SnIS,5,4,9,0.56
SnIb,4,6,10,0.4
SnIh,0,0,0,
SnIl,0,1,1,0.0
SnIm,5,6,11,0.45
SnIn,3,4,7,0.43
SnIs,4,3,7,0.57
SnIt,0,2,2,0.0
SnKB,1,2,3,0.33
SnKD,1,0,1,1.0
SnKH,1,0,1,1.0
SnKI,3,1,4,0.75
SnKL,1,0,1,1.0
SnKM,6,5,11,0.55
SnKN,0,6,6,0.0
SnKP,2,4,6,0.33
SnKS,2,2,4,0.5
SnKb,2,1,3,0.67
SnKh,3,6,9,0.33
SnKl,2,1,3,0.67
SnKm,4,3,7,0.57
SnKn,5,1,6,0.83
SnKs,0,2,2,0.0
SnKt,1,0,1,1.0
SnLB,2,5,7,0.29
SnLD,1,2,3,0.33
SnLH,0,0,0,
SnLK,3,1,4,0.75
SnLL,2,3,5,0.4
SnLM,6,7,13,0.46
SnLN,8,12,20,0.4
SnLP,7,13,20,0.35
SnLS,6,8,14,0.43
SnLb,5,4,9,0.56
SnLh,3,1,4,0.75
SnLj,1,2,3,0.33
SnLl,6,1,7,0.86
SnLm,9,6,15,0.6
SnLn,11,14,25,0.44
SnLs,6,2,8,0.75
SnLt,1,1,2,0.5
SnMB,24,28,52,0.46
SnMD,4,2,6,0.67
SnMH,0,1,1,0.0
SnMK,1,0,1,1.0
SnML,8,2,10,0.8
SnMM,12,34,46,0.26
SnMN,19,36,55,0.35
SnMP,29,35,64,0.45
SnMS,19,14,33,0.58
SnMb,29,23,52,0.56
SnMh,19,16,35,0.54
SnMj,2,5,7,0.29
SnMl,5,3,8,0.62
SnMm,32,23,55,0.58
SnMn,37,31,68,0.54
SnMs,8,24,32,0.25
SnMt,1,1,2,0.5
SnNB,31,26,57,0.54
SnND,14,7,21,0.67
SnNH,6,3,9,0.67
SnNI,1,1,2,0.5
SnNK,6,6,12,0.5
SnNL,13,14,27,0.48
SnNM,36,32,68,0.53
SnNN,43,39,82,0.52
SnNP,46,34,80,0.57
SnNS,26,25,51,0.51
SnNb,22,22,44,0.5
SnNh,14,4,18,0.78
SnNl,6,6,12,0.5
SnNm,36,22,58,0.62
SnNn,49,44,93,0.53
SnNs,33,29,62,0.53
SnNt,4,7,11,0.36
SnPB,27,31,58,0.47
SnPD,7,7,14,0.5
SnPH,8,5,13,0.62
SnPI,4,1,5,0.8
SnPK,6,5,11,0.55
SnPL,9,13,22,0.41
SnPM,33,36,69,0.48
SnPN,26,36,62,0.42
SnPP,38,52,90,0.42
SnPS,26,28,54,0.48
SnPb,35,25,60,0.58
SnPh,5,3,8,0.62
SnPl,14,10,24,0.58
SnPm,51,32,83,0.61
SnPn,48,32,80,0.6
SnPs,36,17,53,0.68
SnPt,2,2,4,0.5
SnSB,15,20,35,0.43
SnSD,8,9,17,0.47
SnSH,10,8,18,0.56
SnSI,1,0,1,1.0
SnSK,2,1,3,0.67
SnSL,4,6,10,0.4
SnSM,35,25,60,0.58
SnSN,28,19,47,0.6
SnSP,48,32,80,0.6
SnSS,21,24,45,0.47
SnSb,17,17,34,0.5
SnSh,17,11,28,0.61
SnSl,6,5,11,0.55
SnSm,29,21,50,0.58
SnSn,28,35,63,0.44
SnSs,31,28,59,0.53
SnSt,4,1,5,0.8
SnbB,9,15,24,0.38
SnbD,3,1,4,0.75
SnbH,3,4,7,0.43
SnbI,0,1,1,0.0
SnbJ,6,3,9,0.67
SnbK,4,2,6,0.67
SnbL,3,6,9,0.33
SnbM,17,14,31,0.55
SnbN,25,27,52,0.48
SnbP,26,33,59,0.44
SnbS,10,8,18,0.56
Snbb,17,18,35,0.49
Snbl,8,1,9,0.89
Snbm,21,15,36,0.58
Snbn,25,15,40,0.62
Snbs,9,10,19,0.47
SnhB,1,3,4,0.25
SnhI,0,2,2,0.0
SnhK,1,0,1,1.0
SnhL,1,0,1,1.0
SnhM,1,1,2,0.5
SnhN,0,2,2,0.0
SnhP,1,4,5,0.2
Snhb,2,1,3,0.67
Snhh,1,3,4,0.25
Snhl,0,1,1,0.0
Snhm,3,1,4,0.75
Snhn,0,0,0,
Snhs,2,1,3,0.67
SnlB,3,5,8,0.38
SnlD,1,1,2,0.5
SnlH,2,3,5,0.4
SnlI,1,0,1,1.0
SnlJ,4,1,5,0.8
SnlL,3,1,4,0.75
SnlM,7,7,14,0.5
SnlN,10,10,20,0.5
SnlP,11,11,22,0.5
SnlS,2,7,9,0.22
Snlb,11,13,24,0.46
Snll,1,3,4,0.25
Snlm,7,6,13,0.54
Snln,2,4,6,0.33
Snls,7,0,7,1.0
SnmB,13,21,34,0.38
SnmD,4,9,13,0.31
SnmH,15,18,33,0.45
SnmI,3,1,4,0.75
SnmJ,4,7,11,0.36
SnmK,0,2,2,0.0
SnmL,5,5,10,0.5
SnmM,32,31,63,0.51
SnmN,38,39,77,0.49
SnmP,29,24,53,0.55
SnmS,19,18,37,0.51
Snmb,31,30,61,0.51
Snmh,0,1,1,0.0
Snml,8,3,11,0.73
Snmm,25,24,49,0.51
Snmn,26,28,54,0.48
Snms,13,21,34,0.38
Snmt,0,0,0,
SnnB,13,15,28,0.46
SnnD,7,2,9,0.78
SnnH,17,16,33,0.52
SnnI,4,5,9,0.44
SnnK,4,7,11,0.36
SnnL,14,7,21,0.67
SnnM,29,34,63,0.46
SnnN,31,41,72,0.43
SnnP,39,36,75,0.52
SnnS,21,26,47,0.45
Snnb,22,15,37,0.59
Snnh,2,4,6,0.33
Snnl,4,5,9,0.44
Snnm,29,27,56,0.52
Snnn,38,39,77,0.49
Snns,18,16,34,0.53
Snnt,0,0,0,
SnsB,10,15,25,0.4
SnsD,3,5,8,0.38
SnsH,17,24,41,0.41
SnsI,6,4,10,0.6
SnsK,0,1,1,0.0
SnsL,5,6,11,0.45
SnsM,11,22,33,0.33
SnsN,20,25,45,0.44
SnsP,25,34,59,0.42
SnsS,25,24,49,0.51
Snsb,22,13,35,0.63
Snsh,2,3,5,0.4
Snsl,6,7,13,0.46
Snsm,20,12,32,0.62
Snsn,25,15,40,0.62
Snss,24,20,44,0.55
SntL,1,0,1,1.0
SntM,0,1,1,0.0
SntS,0,1,1,0.0
SsBB,19,18,37,0.51
SsBD,4,2,6,0.67
SsBK,2,1,3,0.67
SsBL,8,2,10,0.8
SsBM,11,16,27,0.41
SsBN,25,24,49,0.51
SsBP,16,18,34,0.47
SsBS,13,15,28,0.46
SsBb,7,10,17,0.41
SsBh,1,3,4,0.25
SsBj,3,5,8,0.38
SsBl,3,5,8,0.38
SsBm,24,14,38,0.63
SsBn,20,26,46,0.43
SsBs,13,8,21,0.62
SsBt,8,2,10,0.8
SsDB,2,8,10,0.2
SsDD,8,3,11,0.73
SsDH,9,7,16,0.56
SsDL,2,2,4,0.5
SsDM,9,13,22,0.41
SsDN,8,5,13,0.62
SsDP,12,3,15,0.8
SsDS,10,12,22,0.45
SsDb,11,5,16,0.69
SsDh,1,0,1,1.0
SsDl,2,2,4,0.5
SsDm,6,8,14,0.43
SsDn,8,7,15,0.53
SsDs,8,5,13,0.62
SsDt,3,3,6,0.5
SsHB,16,17,33,0.48
SsHD,7,7,14,0.5
SsHH,5,11,16,0.31
SsHI,5,8,13,0.38
SsHK,1,1,2,0.5
SsHL,4,3,7,0.57
SsHM,28,31,59,0.47
SsHN,25,36,61,0.41
SsHP,23,26,49,0.47
SsHS,44,39,83,0.53
SsHb,9,12,21,0.43
SsHh,11,11,22,0.5
SsHl,9,6,15,0.6
SsHm,29,12,41,0.71
SsHn,21,24,45,0.47
SsHs,27,29,56,0.48
SsHt,4,1,5,0.8
SsIB,3,4,7,0.43
SsID,1,1,2,0.5
SsIH,4,1,5,0.8
SsII,1,1,2,0.5
SsIK,1,0,1,1.0
SsIL,2,1,3,0.67
SsIM,7,3,10,0.7
SsIN,2,6,8,0.25
SsIP,9,3,12,0.75
SsIS,7,11,18,0.39
SsIb,5,5,10,0.5
SsIl,1,1,2,0.5
SsIm,5,1,6,0.83
SsIn,9,1,10,0.9
SsIs,2,5,7,0.29
SsKB,1,0,1,1.0
SsKH,0,1,1,0.0
SsKL,0,0,0,
SsKM,0,4,4,0.0
SsKS,2,1,3,0.67
SsKh,1,0,1,1.0
SsKl,1,1,2,0.5
SsKm,3,1,4,0.75
SsKn,1,0,1,1.0
SsKs,2,2,4,0.5
SsLB,10,8,18,0.56
SsLD,4,0,4,1.0
SsLK,1,1,2,0.5
SsLL,3,0,3,1.0
SsLM,2,12,14,0.14
SsLN,8,7,15,0.53
SsLP,15,11,26,0.58
SsLS,4,7,11,0.36
SsLb,6,4,10,0.6
SsLh,1,3,4,0.25
SsLj,0,1,1,0.0
SsLl,4,3,7,0.57
SsLm,6,9,15,0.4
SsLn,9,9,18,0.5
SsLs,9,6,15,0.6
SsLt,3,0,3,1.0
SsMB,17,28,45,0.38
SsMD,4,9,13,0.31
SsMH,0,1,1,0.0
SsMK,1,3,4,0.25
SsML,9,6,15,0.6
SsMM,32,34,66,0.48
SsMN,26,26,52,0.5
SsMP,28,38,66,0.42
SsMS,22,30,52,0.42
SsMb,25,17,42,0.6
SsMh,21,19,40,0.52
SsMj,2,3,5,0.4
SsMl,2,13,15,0.13
SsMm,33,36,69,0.48
SsMn,45,31,76,0.59
SsMs,16,19,35,0.46
SsMt,2,3,5,0.4
SsNB,20,18,38,0.53
SsND,9,4,13,0.69
SsNH,4,3,7,0.57
SsNI,0,0,0,
SsNK,0,1,1,0.0
SsNL,8,8,16,0.5
SsNM,26,34,60,0.43
SsNN,33,43,76,0.43
SsNP,35,24,59,0.59
SsNS,31,28,59,0.53
SsNb,18,16,34,0.53
SsNh,10,1,11,0.91
SsNl,7,3,10,0.7
SsNm,31,17,48,0.65
SsNn,41,31,72,0.57
SsNs,26,29,55,0.47
SsNt,3,3,6,0.5
SsPB,22,24,46,0.48
SsPD,7,5,12,0.58
SsPH,7,11,18,0.39
SsPI,8,2,10,0.8
SsPK,3,5,8,0.38
SsPL,8,12,20,0.4
SsPM,24,22,46,0.52
SsPN,35,31,66,0.53
SsPP,46,35,81,0.57
SsPS,39,31,70,0.56
SsPb,20,25,45,0.44
SsPh,4,5,9,0.44
SsPl,9,7,16,0.56
SsPm,33,31,64,0.52
SsPn,19,27,46,0.41
SsPs,23,30,53,0.43
SsPt,3,1,4,0.75
SsSB,16,26,42,0.38
SsSD,12,15,27,0.44
SsSH,11,24,35,0.31
SsSI,3,2,5,0.6
SsSK,2,0,2,1.0
SsSL,13,11,24,0.54
SsSM,37,28,65,0.57
SsSN,43,32,75,0.57
SsSP,26,46,72,0.36
SsSS,71,67,138,0.51
SsSb,22,18,40,0.55
SsSh,30,28,58,0.52
SsSl,14,11,25,0.56
SsSm,44,40,84,0.52
SsSn,29,24,53,0.55
SsSs,66,70,136,0.49
SsSt,8,7,15,0.53
SsbB,14,18,32,0.44
SsbD,4,1,5,0.8
SsbH,6,3,9,0.67
SsbI,1,2,3,0.33
SsbJ,3,2,5,0.6
SsbK,2,3,5,0.4
SsbL,5,5,10,0.5
SsbM,14,13,27,0.52
SsbN,19,24,43,0.44
SsbP,24,26,50,0.48
SsbS,9,8,17,0.53
Ssbb,26,20,46,0.57
Ssbl,5,2,7,0.71
Ssbm,19,22,41,0.46
Ssbn,26,13,39,0.67
Ssbs,14,10,24,0.58
SshB,1,3,4,0.25
SshH,1,0,1,1.0
SshI,0,0,0,
SshM,1,1,2,0.5
SshN,3,3,6,0.5
SshP,1,3,4,0.25
SshS,2,5,7,0.29
Sshb,1,2,3,0.33
Sshh,0,2,2,0.0
Sshl,2,1,3,0.67
Sshm,0,5,5,0.0
Sshn,0,3,3,0.0
Sshs,1,4,5,0.2
SslB,4,2,6,0.67
SslD,2,1,3,0.67
SslH,3,2,5,0.6
SslI,3,1,4,0.75
SslJ,1,1,2,0.5
SslK,1,0,1,1.0
SslL,3,3,6,0.5
SslM,2,8,10,0.2
SslN,9,10,19,0.47
SslP,9,7,16,0.56
SslS,7,7,14,0.5
Sslb,12,6,18,0.67
Ssll,3,1,4,0.75
Sslm,12,7,19,0.63
Ssln,8,5,13,0.62
Ssls,7,5,12,0.58
SsmB,26,20,46,0.57
SsmD,7,8,15,0.47
SsmH,27,23,50,0.54
SsmI,2,2,4,0.5
SsmJ,3,10,13,0.23
SsmK,1,0,1,1.0
SsmL,6,4,10,0.6
SsmM,32,47,79,0.41
SsmN,34,39,73,0.47
SsmP,30,29,59,0.51
SsmS,27,32,59,0.46
Ssmb,20,22,42,0.48
Ssmh,0,1,1,0.0
Ssml,4,5,9,0.44
Ssmm,34,29,63,0.54
Ssmn,35,19,54,0.65
Ssms,22,16,38,0.58
SsnB,10,14,24,0.42
SsnD,5,3,8,0.62
SsnH,13,20,33,0.39
SsnI,9,1,10,0.9
SsnK,3,3,6,0.5
SsnL,7,5,12,0.58
SsnM,21,21,42,0.5
SsnN,37,31,68,0.54
SsnP,27,30,57,0.47
SsnS,20,22,42,0.48
Ssnb,16,8,24,0.67
Ssnh,0,2,2,0.0
Ssnl,2,6,8,0.25
Ssnm,22,22,44,0.5
Ssnn,25,22,47,0.53
Ssns,16,21,37,0.43
Ssnt,0,0,0,
SssB,19,14,33,0.58
SssD,8,10,18,0.44
SssH,30,39,69,0.43
SssI,5,7,12,0.42
SssK,0,0,0,
SssL,6,4,10,0.6
SssM,25,31,56,0.45
SssN,30,31,61,0.49
SssP,19,27,46,0.41
SssS,42,56,98,0.43
Sssb,27,19,46,0.59
Sssh,1,2,3,0.33
Sssl,7,10,17,0.41
Sssm,34,22,56,0.61
Sssn,30,18,48,0.62
Ssss,43,44,87,0.49
Ssst,0,1,1,0.0
SstB,1,2,3,0.33
SstD,1,0,1,1.0
SstM,0,0,0,
SstS,1,1,2,0.5
Sstm,2,1,3,0.67
StBB,3,4,7,0.43
StBD,2,1,3,0.67
StBK,0,1,1,0.0
StBL,0,1,1,0.0
StBM,1,4,5,0.2
StBN,6,2,8,0.75
StBP,3,3,6,0.5
StBS,2,1,3,0.67
StBb,4,1,5,0.8
StBh,0,2,2,0.0
StBj,1,1,2,0.5
StBl,0,2,2,0.0
StBm,4,7,11,0.36
StBn,3,3,6,0.5
StBs,2,2,4,0.5
StDB,1,0,1,1.0
StDD,1,0,1,1.0
StDH,2,0,2,1.0
StDL,0,1,1,0.0
StDM,1,1,2,0.5
StDN,1,0,1,1.0
StDP,2,1,3,0.67
StDS,0,2,2,0.0
StDh,0,1,1,0.0
StDl,0,1,1,0.0
StDm,1,0,1,1.0
StDn,0,1,1,0.0
StDs,0,2,2,0.0
StHB,0,3,3,0.0
StHD,1,0,1,1.0
StHL,0,1,1,0.0
StHM,4,1,5,0.8
StHN,0,2,2,0.0
StHP,6,3,9,0.67
StHS,4,4,8,0.5
StHb,0,4,4,0.0
StHh,0,0,0,
StHl,2,0,2,1.0
StHm,3,4,7,0.43
StHn,5,1,6,0.83
StHs,0,3,3,0.0
StIm,1,1,2,0.5
StIt,1,0,1,1.0
StKM,1,0,1,1.0
StKP,0,2,2,0.0
StKS,1,0,1,1.0
StKh,1,0,1,1.0
StKm,1,1,2,0.5
StKn,0,1,1,0.0
StLB,1,1,2,0.5
StLK,1,0,1,1.0
StLM,1,2,3,0.33
StLN,2,1,3,0.67
StLP,2,2,4,0.5
StLS,2,1,3,0.67
StLb,2,0,2,1.0
StLh,2,1,3,0.67
StLj,1,0,1,1.0
StLl,1,0,1,1.0
StLm,2,1,3,0.67
StLn,1,2,3,0.33
StLs,2,1,3,0.67
StMB,3,3,6,0.5
StML,4,1,5,0.8
StMM,4,1,5,0.8
StMN,7,2,9,0.78
StMP,2,3,5,0.4
StMS,3,2,5,0.6
StMb,4,0,4,1.0
StMh,3,3,6,0.5
StMj,0,1,1,0.0
StMl,0,0,0,
StMm,3,8,11,0.27
StMn,4,1,5,0.8
StMs,4,3,7,0.57
StMt,0,1,1,0.0
StNB,4,2,6,0.67
StND,1,3,4,0.25
StNI,0,0,0,
StNL,2,1,3,0.67
StNM,2,6,8,0.25
StNN,3,9,12,0.25
StNP,4,3,7,0.57
StNS,3,3,6,0.5
StNb,1,2,3,0.33
StNl,1,3,4,0.25
StNm,3,2,5,0.6
StNn,4,5,9,0.44
StNs,4,6,10,0.4
StNt,0,1,1,0.0
StPB,3,6,9,0.33
StPD,2,1,3,0.67
StPH,2,1,3,0.67
StPI,2,0,2,1.0
StPK,1,2,3,0.33
StPL,0,3,3,0.0
StPM,7,10,17,0.41
StPN,3,7,10,0.3
StPP,5,9,14,0.36
StPS,5,3,8,0.62
StPb,1,6,7,0.14
StPh,1,1,2,0.5
StPl,3,2,5,0.6
StPm,6,2,8,0.75
StPn,7,3,10,0.7
StPs,2,3,5,0.4
StPt,2,0,2,1.0
StSB,4,3,7,0.57
StSH,0,0,0,
StSI,0,1,1,0.0
StSM,2,2,4,0.5
StSN,6,2,8,0.75
StSP,4,4,8,0.5
StSS,5,5,10,0.5
StSb,0,1,1,0.0
StSh,1,2,3,0.33
StSl,2,1,3,0.67
StSm,3,4,7,0.43
StSn,9,5,14,0.64
StSs,4,3,7,0.57
StSt,0,0,0,
StbB,1,4,5,0.2
StbD,2,1,3,0.67
StbH,1,1,2,0.5
StbJ,0,1,1,0.0
StbL,1,0,1,1.0
StbM,9,2,11,0.82
StbN,3,1,4,0.75
StbP,2,3,5,0.4
StbS,2,1,3,0.67
Stbb,5,5,10,0.5
Stbl,1,2,3,0.33
Stbm,6,1,7,0.86
Stbn,3,1,4,0.75
Stbs,2,1,3,0.67
Sthm,0,1,1,0.0
StlB,0,0,0,
StlH,1,0,1,1.0
StlM,2,1,3,0.67
StlN,1,2,3,0.33
StlP,2,1,3,0.67
StlS,1,0,1,1.0
Stlb,1,2,3,0.33
Stlh,1,0,1,1.0
Stll,2,0,2,1.0
Stlm,2,2,4,0.5
Stln,2,1,3,0.67
StmB,4,2,6,0.67
StmD,1,1,2,0.5
StmH,6,3,9,0.67
StmI,0,1,1,0.0
StmJ,1,1,2,0.5
StmK,1,0,1,1.0
StmL,0,0,0,
StmM,2,14,16,0.12
StmN,6,5,11,0.55
StmP,4,7,11,0.36
StmS,3,3,6,0.5
Stmb,4,3,7,0.57
Stml,0,1,1,0.0
Stmm,6,3,9,0.67
Stmn,3,5,8,0.38
Stms,2,3,5,0.4
StnB,2,2,4,0.5
StnD,0,1,1,0.0
StnH,4,1,5,0.8
StnL,1,1,2,0.5
StnM,2,5,7,0.29
StnN,3,5,8,0.38
StnP,2,7,9,0.22
StnS,4,0,4,1.0
Stnb,4,1,5,0.8
Stnm,2,3,5,0.4
Stnn,3,3,6,0.5
Stns,2,4,6,0.33
StsB,2,4,6,0.33
StsD,2,1,3,0.67
StsH,4,4,8,0.5
StsL,1,1,2,0.5
StsM,2,4,6,0.33
StsN,6,5,11,0.55
StsP,4,6,10,0.4
StsS,4,5,9,0.44
Stsb,1,0,1,1.0
Stsh,0,1,1,0.0
Stsl,0,1,1,0.0
Stsm,4,4,8,0.5
Stsn,3,2,5,0.6
Stss,7,2,9,0.78
SttL,1,0,1,1.0
SttM,0,1,1,0.0
SttP,1,2,3,0.33
Sttb,0,1,1,0.0
Sttm,3,0,3,1.0
Sttn,0,1,1,0.0
Sttt,0,1,1,0.0
bBBB,31,28,59,0.53
bBBD,4,3,7,0.57
bBBH,2,0,2,1.0
bBBK,5,1,6,0.83
bBBL,9,4,13,0.69
bBBM,22,30,52,0.42
bBBN,31,36,67,0.46
bBBP,30,23,53,0.57
bBBS,9,14,23,0.39
bBBb,29,29,58,0.5
bBBh,1,2,3,0.33
bBBj,4,3,7,0.57
bBBl,10,9,19,0.53
bBBm,33,29,62,0.53
bBBn,34,33,67,0.51
bBBs,8,12,20,0.4
bBBt,6,9,15,0.4
bBDB,2,3,5,0.4
bBDD,3,1,4,0.75
bBDH,4,6,10,0.4
bBDI,0,0,0,
bBDL,4,2,6,0.67
bBDM,12,4,16,0.75
bBDN,4,3,7,0.57
bBDP,5,5,10,0.5
bBDS,4,6,10,0.4
bBDb,2,6,8,0.25
bBDh,0,1,1,0.0
bBDl,1,0,1,1.0
bBDm,5,5,10,0.5
bBDn,5,1,6,0.83
bBDs,4,5,9,0.44
bBHB,1,0,1,1.0
bBHH,0,0,0,
bBHM,1,0,1,1.0
bBHN,1,0,1,1.0
bBHP,0,0,0,
bBHS,0,1,1,0.0
bBHs,0,0,0,
bBIB,1,0,1,1.0
bBKB,3,5,8,0.38
bBKD,1,1,2,0.5
bBKI,1,1,2,0.5
bBKL,1,0,1,1.0
bBKM,1,4,5,0.2
bBKN,2,2,4,0.5
bBKP,7,4,11,0.64
bBKS,2,3,5,0.4
bBKb,1,2,3,0.33
bBKh,3,1,4,0.75
bBKl,1,1,2,0.5
bBKm,6,7,13,0.46
bBKn,2,3,5,0.4
bBKs,1,1,2,0.5
bBKt,1,0,1,1.0
bBLB,6,7,13,0.46
bBLD,2,0,2,1.0
bBLK,1,1,2,0.5
bBLL,1,2,3,0.33
bBLM,7,7,14,0.5
bBLN,10,6,16,0.62
bBLP,14,4,18,0.78
bBLS,5,3,8,0.62
bBLb,6,5,11,0.55
bBLh,0,2,2,0.0
bBLj,0,3,3,0.0
bBLl,3,0,3,1.0
bBLm,7,13,20,0.35
bBLn,10,14,24,0.42
bBLs,4,4,8,0.5
bBLt,0,1,1,0.0
bBMB,21,28,49,0.43
bBMD,2,3,5,0.4
bBMH,1,0,1,1.0
bBML,5,4,9,0.56
bBMM,29,26,55,0.53
bBMN,27,29,56,0.48
bBMP,29,40,69,0.42
bBMS,13,15,28,0.46
bBMb,19,25,44,0.43
bBMh,24,21,45,0.53
bBMj,2,4,6,0.33
bBMl,5,6,11,0.45
bBMm,42,21,63,0.67
bBMn,43,28,71,0.61
bBMs,15,15,30,0.5
bBMt,8,3,11,0.73
bBNB,25,27,52,0.48
bBND,8,6,14,0.57
bBNH,1,7,8,0.12
bBNI,1,1,2,0.5
bBNK,2,3,5,0.4
bBNL,7,10,17,0.41
bBNM,26,40,66,0.39
bBNN,42,43,85,0.49
bBNP,52,46,98,0.53
bBNS,28,25,53,0.53
bBNb,20,30,50,0.4
bBNh,13,24,37,0.35
bBNl,12,8,20,0.6
bBNm,39,36,75,0.52
bBNn,46,38,84,0.55
bBNs,26,26,52,0.5
bBNt,6,7,13,0.46
bBPB,21,32,53,0.4
bBPD,5,3,8,0.62
bBPH,8,6,14,0.57
bBPI,2,5,7,0.29
bBPK,2,5,7,0.29
bBPL,10,17,27,0.37
bBPM,35,28,63,0.56
bBPN,36,38,74,0.49
bBPP,48,48,96,0.5
bBPS,20,25,45,0.44
bBPb,27,23,50,0.54
bBPh,3,6,9,0.33
bBPl,14,14,28,0.5
bBPm,39,35,74,0.53
bBPn,36,28,64,0.56
bBPs,22,29,51,0.43
bBPt,8,1,9,0.89
bBSB,16,11,27,0.59
bBSD,2,2,4,0.5
bBSH,10,8,18,0.56
bBSL,4,6,10,0.4
bBSM,13,21,34,0.38
bBSN,21,19,40,0.52
bBSP,18,19,37,0.49
bBSS,17,23,40,0.42
bBSb,8,12,20,0.4
bBSh,7,6,13,0.54
bBSl,6,5,11,0.55
bBSm,25,18,43,0.58
bBSn,11,18,29,0.38
bBSs,17,15,32,0.53
bBSt,4,5,9,0.44
bBbB,19,25,44,0.43
bBbD,4,4,8,0.5
bBbH,6,7,13,0.46
bBbI,5,1,6,0.83
bBbJ,5,2,7,0.71
bBbK,3,3,6,0.5
bBbL,8,8,16,0.5
bBbM,22,35,57,0.39
bBbN,32,31,63,0.51
bBbP,35,26,61,0.57
bBbS,12,15,27,0.44
bBbb,25,24,49,0.51
bBbl,6,10,16,0.38
bBbm,18,18,36,0.5
bBbn,23,23,46,0.5
bBbs,12,15,27,0.44
bBhB,5,2,7,0.71
bBhD,0,4,4,0.0
bBhL,1,0,1,1.0
bBhM,3,5,8,0.38
bBhN,5,3,8,0.62
bBhP,4,5,9,0.44
bBhS,4,1,5,0.8
bBhb,1,2,3,0.33
bBhh,2,3,5,0.4
bBhl,1,2,3,0.33
bBhm,2,2,4,0.5
bBhn,4,4,8,0.5
bBhs,2,5,7,0.29
bBjB,4,9,13,0.31
bBjD,0,0,0,
bBjH,0,1,1,0.0
bBjI,0,1,1,0.0
bBjK,1,1,2,0.5
bBjL,3,1,4,0.75
bBjM,9,16,25,0.36
bBjN,3,7,10,0.3
bBjP,2,7,9,0.22
bBjS,2,3,5,0.4
bBjb,7,9,16,0.44
bBjh,1,2,3,0.33
bBjl,2,2,4,0.5
bBjm,7,10,17,0.41
bBjn,7,11,18,0.39
bBjs,6,5,11,0.55
bBjt,0,5,5,0.0
bBlB,7,12,19,0.37
bBlD,0,1,1,0.0
bBlH,6,6,12,0.5
bBlI,1,1,2,0.5
bBlJ,2,1,3,0.67
bBlL,2,2,4,0.5
bBlM,8,7,15,0.53
bBlN,13,17,30,0.43
bBlP,12,9,21,0.57
bBlS,7,6,13,0.54
bBlb,3,5,8,0.38
bBll,2,3,5,0.4
bBlm,10,6,16,0.62
bBln,9,11,20,0.45
bBls,1,5,6,0.17
bBmB,13,19,32,0.41
bBmD,9,9,18,0.5
bBmH,21,33,54,0.39
bBmI,1,4,5,0.2
bBmJ,5,5,10,0.5
bBmK,1,1,2,0.5
bBmL,11,10,21,0.52
bBmM,25,31,56,0.45
bBmN,39,41,80,0.49
bBmP,41,30,71,0.58
bBmS,18,24,42,0.43
bBmb,28,22,50,0.56
bBml,5,3,8,0.62
bBmm,33,20,53,0.62
bBmn,36,26,62,0.58
bBms,14,19,33,0.42
bBnB,27,31,58,0.47
bBnD,12,5,17,0.71
bBnH,16,15,31,0.52
bBnI,6,6,12,0.5
bBnK,2,5,7,0.29
bBnL,13,9,22,0.59
bBnM,29,38,67,0.43
bBnN,54,54,108,0.5
bBnP,50,45,95,0.53
bBnS,21,22,43,0.49
bBnb,29,27,56,0.52
bBnh,0,1,1,0.0
bBnl,15,9,24,0.62
bBnm,36,35,71,0.51
bBnn,52,42,94,0.55
bBns,23,16,39,0.59
bBsB,10,11,21,0.48
bBsD,4,2,6,0.67
bBsH,17,13,30,0.57
bBsI,2,3,5,0.4
bBsL,1,6,7,0.14
bBsM,19,18,37,0.51
bBsN,21,15,36,0.58
bBsP,23,13,36,0.64
bBsS,12,15,27,0.44
bBsb,10,11,21,0.48
bBsh,3,1,4,0.75
bBsl,7,4,11,0.64
bBsm,14,7,21,0.67
bBsn,10,14,24,0.42
bBss,9,10,19,0.47
bBst,1,2,3,0.33
bBtB,7,2,9,0.78
bBtD,2,1,3,0.67
bBtH,1,2,3,0.33
bBtI,0,1,1,0.0
bBtK,1,0,1,1.0
bBtL,0,3,3,0.0
bBtM,2,4,6,0.33
bBtN,4,8,12,0.33
bBtP,6,7,13,0.46
bBtS,2,3,5,0.4
bBtb,4,3,7,0.57
bBth,1,1,2,0.5
bBtl,1,1,2,0.5
bBtm,1,6,7,0.14
bBtn,4,3,7,0.57
bBts,0,2,2,0.0
bBtt,1,1,2,0.5
bDBB,5,3,8,0.62
bDBD,3,0,3,1.0
bDBK,1,1,2,0.5
bDBL,2,1,3,0.67
bDBM,2,5,7,0.29
bDBN,4,6,10,0.4
bDBP,7,3,10,0.7
bDBS,2,3,5,0.4
bDBb,5,2,7,0.71
bDBj,0,0,0,
bDBl,2,1,3,0.67
bDBm,5,6,11,0.45
bDBn,3,1,4,0.75
bDBs,6,3,9,0.67
bDBt,0,1,1,0.0
bDDB,1,1,2,0.5
bDDD,1,3,4,0.25
bDDH,2,1,3,0.67
bDDL,1,1,2,0.5
bDDM,5,3,8,0.62
bDDN,0,1,1,0.0
bDDP,1,1,2,0.5
bDDS,2,2,4,0.5
bDDb,2,3,5,0.4
bDDm,3,4,7,0.43
bDDn,2,1,3,0.67
bDDs,1,3,4,0.25
bDDt,0,1,1,0.0
bDHB,1,6,7,0.14
bDHD,0,1,1,0.0
bDHH,0,3,3,0.0
bDHI,1,1,2,0.5
bDHL,0,0,0,
bDHM,10,2,12,0.83
bDHN,3,2,5,0.6
bDHP,3,3,6,0.5
bDHS,8,3,11,0.73
bDHb,5,3,8,0.62
bDHh,2,2,4,0.5
bDHl,1,1,2,0.5
bDHm,8,2,10,0.8
bDHn,7,0,7,1.0
bDHs,3,2,5,0.6
bDHt,1,1,2,0.5
bDIb,0,1,1,0.0
bDIm,0,1,1,0.0
bDIt,0,0,0,
bDKl,0,1,1,0.0
bDLB,2,1,3,0.67
bDLD,0,0,0,
bDLL,2,0,2,1.0
bDLM,1,0,1,1.0
bDLN,1,0,1,1.0
bDLP,1,1,2,0.5
bDLS,2,1,3,0.67
bDLb,1,0,1,1.0
bDLh,1,0,1,1.0
bDLl,0,2,2,0.0
bDLm,3,0,3,1.0
bDLn,3,2,5,0.6
bDLs,1,0,1,1.0
bDMB,6,6,12,0.5
bDMD,3,0,3,1.0
bDML,1,3,4,0.25
bDMM,6,2,8,0.75
bDMN,2,9,11,0.18
bDMP,5,4,9,0.56
bDMS,2,2,4,0.5
bDMb,5,5,10,0.5
bDMh,5,1,6,0.83
bDMl,4,2,6,0.67
bDMm,13,3,16,0.81
bDMn,6,9,15,0.4
bDMs,3,4,7,0.43
bDMt,0,1,1,0.0
bDNB,4,2,6,0.67
bDND,0,0,0,
bDNH,2,0,2,1.0
bDNK,0,0,0,
bDNL,0,2,2,0.0
bDNM,5,5,10,0.5
bDNN,4,3,7,0.57
bDNP,6,7,13,0.46
bDNS,11,4,15,0.73
bDNb,3,2,5,0.6
bDNh,0,1,1,0.0
bDNl,1,1,2,0.5
bDNm,0,1,1,0.0
bDNn,9,3,12,0.75
bDNs,6,6,12,0.5
bDPB,3,3,6,0.5
bDPD,2,0,2,1.0
bDPH,2,4,6,0.33
bDPI,1,0,1,1.0
bDPK,0,0,0,
bDPL,3,3,6,0.5
bDPM,6,7,13,0.46
bDPN,6,4,10,0.6
bDPP,5,4,9,0.56
bDPS,1,2,3,0.33
bDPb,4,4,8,0.5
bDPh,0,1,1,0.0
bDPl,1,4,5,0.2
bDPm,6,6,12,0.5
bDPn,1,3,4,0.25
bDPs,5,3,8,0.62
bDSB,3,4,7,0.43
bDSD,1,2,3,0.33
bDSH,2,2,4,0.5
bDSI,0,0,0,
bDSL,3,1,4,0.75
bDSM,7,6,13,0.54
bDSN,2,3,5,0.4
bDSP,8,5,13,0.62
bDSS,1,3,4,0.25
bDSb,1,0,1,1.0
bDSh,1,1,2,0.5
bDSl,1,1,2,0.5
bDSm,4,6,10,0.4
bDSn,4,1,5,0.8
bDSs,3,5,8,0.38
bDSt,1,2,3,0.33
bDbB,4,5,9,0.44
bDbD,1,2,3,0.33
bDbI,1,0,1,1.0
bDbJ,0,2,2,0.0
bDbL,3,2,5,0.6
bDbM,4,5,9,0.44
bDbN,3,6,9,0.33
bDbP,4,4,8,0.5
bDbS,2,3,5,0.4
bDbb,4,6,10,0.4
bDbl,1,0,1,1.0
bDbm,5,3,8,0.62
bDbn,4,2,6,0.67
bDbs,4,2,6,0.67
bDhL,0,0,0,
bDhM,1,0,1,1.0
bDhm,0,0,0,
bDlB,3,3,6,0.5
bDlD,2,0,2,1.0
bDlH,1,0,1,1.0
bDlJ,1,0,1,1.0
bDlK,0,0,0,
bDlM,0,1,1,0.0
bDlN,0,2,2,0.0
bDlP,1,0,1,1.0
bDlS,2,0,2,1.0
bDlb,0,2,2,0.0
bDll,2,1,3,0.67
bDlm,2,0,2,1.0
bDln,0,0,0,
bDmB,4,4,8,0.5
bDmD,0,1,1,0.0
bDmH,5,8,13,0.38
bDmJ,1,4,5,0.2
bDmK,0,2,2,0.0
bDmL,2,2,4,0.5
bDmM,6,8,14,0.43
bDmN,5,7,12,0.42
bDmP,2,5,7,0.29
bDmS,7,6,13,0.54
bDmb,8,8,16,0.5
bDmh,0,1,1,0.0
bDml,0,2,2,0.0
bDmm,6,7,13,0.46
bDmn,2,8,10,0.2
bDms,5,3,8,0.62
bDnB,2,1,3,0.67
bDnD,1,2,3,0.33
bDnH,0,2,2,0.0
bDnI,1,0,1,1.0
bDnK,1,0,1,1.0
bDnL,1,1,2,0.5
bDnM,5,5,10,0.5
bDnN,2,2,4,0.5
bDnP,2,6,8,0.25
bDnS,3,4,7,0.43
bDnb,2,3,5,0.4
bDnm,7,2,9,0.78
bDnn,4,2,6,0.67
bDns,4,1,5,0.8
bDsB,2,0,2,1.0
bDsD,1,0,1,1.0
bDsH,2,2,4,0.5
bDsI,1,0,1,1.0
bDsL,2,0,2,1.0
bDsM,3,3,6,0.5
bDsN,2,2,4,0.5
bDsP,4,5,9,0.44
bDsS,4,4,8,0.5
bDsb,1,1,2,0.5
bDsl,0,1,1,0.0
bDsm,3,1,4,0.75
bDsn,2,1,3,0.67
bDss,0,0,0,
bDtB,0,1,1,0.0
bDtD,0,1,1,0.0
bDtL,0,1,1,0.0
bDtM,2,1,3,0.67
bDtP,0,2,2,0.0
bDtS,0,1,1,0.0
bDtb,1,0,1,1.0
bDtl,1,0,1,1.0
bDtm,1,0,1,1.0
bDts,0,1,1,0.0
bHBB,2,7,9,0.22
bHBD,0,3,3,0.0
bHBK,1,0,1,1.0
bHBL,0,6,6,0.0
bHBM,1,4,5,0.2
bHBN,11,7,18,0.61
bHBP,8,9,17,0.47
bHBS,4,6,10,0.4
bHBb,2,5,7,0.29
bHBh,0,2,2,0.0
bHBj,0,1,1,0.0
bHBl,1,0,1,1.0
bHBm,2,7,9,0.22
bHBn,6,13,19,0.32
bHBs,2,2,4,0.5
bHBt,0,2,2,0.0
bHDB,0,2,2,0.0
bHDH,0,1,1,0.0
bHDL,1,0,1,1.0
bHDM,2,0,2,1.0
bHDN,0,1,1,0.0
bHDP,2,1,3,0.67
bHDS,3,0,3,1.0
bHDb,1,0,1,1.0
bHDl,4,0,4,1.0
bHDm,2,2,4,0.5
bHDn,1,1,2,0.5
bHDs,1,0,1,1.0
bHHB,2,0,2,1.0
bHHD,1,0,1,1.0
bHHH,1,0,1,1.0
bHHK,1,0,1,1.0
bHHL,0,1,1,0.0
bHHM,0,2,2,0.0
bHHN,1,2,3,0.33
bHHP,0,1,1,0.0
bHHS,0,3,3,0.0
bHHb,0,1,1,0.0
bHHh,2,0,2,1.0
bHHl,3,0,3,1.0
bHHm,2,1,3,0.67
bHHn,0,1,1,0.0
bHIB,0,1,1,0.0
bHII,0,0,0,
bHIL,0,3,3,0.0
bHIM,2,4,6,0.33
bHIN,1,0,1,1.0
bHIP,2,2,4,0.5
bHIS,1,1,2,0.5
bHIb,1,2,3,0.33
bHIl,0,0,0,
bHIm,0,1,1,0.0
bHIn,0,4,4,0.0
bHIs,1,0,1,1.0
bHKB,2,0,2,1.0
bHKD,1,0,1,1.0
bHKL,1,1,2,0.5
bHKM,1,2,3,0.33
bHKN,0,0,0,
bHKP,4,1,5,0.8
bHKb,3,1,4,0.75
bHKh,0,1,1,0.0
bHKm,0,1,1,0.0
bHKs,0,0,0,
bHKt,0,0,0,
bHLB,1,2,3,0.33
bHLD,0,3,3,0.0
bHLL,0,0,0,
bHLM,1,2,3,0.33
bHLN,2,1,3,0.67
bHLP,1,1,2,0.5
bHLS,0,1,1,0.0
bHLb,4,2,6,0.67
bHLh,1,1,2,0.5
bHLl,0,1,1,0.0
bHLm,0,2,2,0.0
bHLn,3,3,6,0.5
bHLs,2,1,3,0.67
bHLt,1,0,1,1.0
bHMB,8,3,11,0.73
bHMD,0,1,1,0.0
bHMK,0,1,1,0.0
bHML,2,0,2,1.0
bHMM,7,12,19,0.37
bHMN,11,7,18,0.61
bHMP,9,6,15,0.6
bHMS,4,7,11,0.36
bHMb,7,9,16,0.44
bHMh,7,6,13,0.54
bHMj,3,1,4,0.75
bHMl,1,2,3,0.33
bHMm,9,10,19,0.47
bHMn,8,7,15,0.53
bHMs,1,5,6,0.17
bHMt,2,0,2,1.0
bHNB,7,2,9,0.78
bHND,1,3,4,0.25
bHNH,1,1,2,0.5
bHNI,1,0,1,1.0
bHNK,0,1,1,0.0
bHNL,3,0,3,1.0
bHNM,10,5,15,0.67
bHNN,11,18,29,0.38
bHNP,8,12,20,0.4
bHNS,3,11,14,0.21
bHNb,7,10,17,0.41
bHNh,1,5,6,0.17
bHNl,3,0,3,1.0
bHNm,5,8,13,0.38
bHNn,12,10,22,0.55
bHNs,9,8,17,0.53
bHNt,1,2,3,0.33
bHPB,9,7,16,0.56
bHPD,4,1,5,0.8
bHPH,4,2,6,0.67
bHPK,1,4,5,0.2
bHPL,3,6,9,0.33
bHPM,9,10,19,0.47
bHPN,13,15,28,0.46
bHPP,19,8,27,0.7
bHPS,4,4,8,0.5
bHPb,6,4,10,0.6
bHPh,1,2,3,0.33
bHPl,3,4,7,0.43
bHPm,15,12,27,0.56
bHPn,8,5,13,0.62
bHPs,9,7,16,0.56
bHPt,1,0,1,1.0
bHSB,1,2,3,0.33
bHSD,2,2,4,0.5
bHSH,2,3,5,0.4
bHSL,3,0,3,1.0
bHSM,8,5,13,0.62
bHSN,5,3,8,0.62
bHSP,3,5,8,0.38
bHSS,4,7,11,0.36
bHSb,4,2,6,0.67
bHSh,3,2,5,0.6
bHSl,2,1,3,0.67
bHSm,5,6,11,0.45
bHSn,5,7,12,0.42
bHSs,7,6,13,0.54
bHSt,1,0,1,1.0
bHbB,7,5,12,0.58
bHbD,1,2,3,0.33
bHbH,3,4,7,0.43
bHbJ,4,3,7,0.57
bHbK,2,0,2,1.0
bHbL,2,2,4,0.5
bHbM,7,4,11,0.64
bHbN,12,7,19,0.63
bHbP,8,4,12,0.67
bHbS,3,5,8,0.38
bHbb,7,4,11,0.64
bHbl,0,1,1,0.0
bHbm,6,9,15,0.4
bHbn,8,9,17,0.47
bHbs,5,3,8,0.62
bHhB,0,0,0,
bHhD,1,0,1,1.0
bHhH,1,2,3,0.33
bHhI,1,0,1,1.0
bHhK,0,0,0,
bHhL,0,0,0,
bHhM,6,8,14,0.43
bHhN,6,3,9,0.67
bHhP,2,5,7,0.29
bHhS,1,3,4,0.25
bHhb,2,0,2,1.0
bHhh,3,1,4,0.75
bHhl,1,4,5,0.2
bHhm,1,3,4,0.25
bHhn,5,0,5,1.0
bHhs,3,1,4,0.75
bHlB,4,3,7,0.57
bHlH,1,1,2,0.5
bHlL,2,1,3,0.67
bHlM,1,1,2,0.5
bHlN,3,2,5,0.6
bHlP,4,3,7,0.57
bHlS,1,1,2,0.5
bHlb,1,1,2,0.5
bHll,0,1,1,0.0
bHlm,1,2,3,0.33
bHln,3,0,3,1.0
bHls,1,1,2,0.5
bHmB,7,7,14,0.5
bHmD,2,0,2,1.0
bHmH,0,6,6,0.0
bHmI,0,1,1,0.0
bHmJ,1,1,2,0.5
bHmL,3,1,4,0.75
bHmM,5,10,15,0.33
bHmN,7,11,18,0.39
bHmP,16,8,24,0.67
bHmS,1,5,6,0.17
bHmb,9,6,15,0.6
bHml,1,4,5,0.2
bHmm,4,5,9,0.44
bHmn,5,9,14,0.36
bHms,4,1,5,0.8
bHnB,9,4,13,0.69
bHnD,2,1,3,0.67
bHnH,5,2,7,0.71
bHnK,1,0,1,1.0
bHnL,2,1,3,0.67
bHnM,11,6,17,0.65
bHnN,15,14,29,0.52
bHnP,12,12,24,0.5
bHnS,7,5,12,0.58
bHnb,3,4,7,0.43
bHnh,0,2,2,0.0
bHnl,5,1,6,0.83
bHnm,8,7,15,0.53
bHnn,8,6,14,0.57
bHns,7,4,11,0.64
bHsB,3,2,5,0.6
bHsD,3,4,7,0.43
bHsH,4,3,7,0.57
bHsI,1,1,2,0.5
bHsL,1,1,2,0.5
bHsM,2,5,7,0.29
bHsN,1,6,7,0.14
bHsP,6,11,17,0.35
bHsS,8,6,14,0.57
bHsb,2,4,6,0.33
bHsh,1,0,1,1.0
bHsl,1,3,4,0.25
bHsm,2,5,7,0.29
bHsn,9,4,13,0.69
bHss,1,4,5,0.2
bHtB,1,0,1,1.0
bHtH,1,1,2,0.5
bHtM,0,1,1,0.0
bHtN,3,0,3,1.0
bHtP,2,1,3,0.67
bHtl,1,0,1,1.0
bHtm,0,1,1,0.0
bHtn,0,1,1,0.0
bHtt,1,0,1,1.0
bIBB,6,1,7,0.86
bIBD,1,0,1,1.0
bIBK,0,1,1,0.0
bIBL,0,1,1,0.0
bIBM,3,0,3,1.0
bIBN,4,3,7,0.57
bIBP,2,4,6,0.33
bIBS,1,3,4,0.25
bIBb,6,2,8,0.75
bIBj,1,1,2,0.5
bIBl,0,2,2,0.0
bIBm,1,0,1,1.0
bIBn,5,2,7,0.71
bIBs,0,1,1,0.0
bIBt,1,1,2,0.5
bIDB,0,1,1,0.0
bIDD,1,0,1,1.0
bIDI,1,0,1,1.0
bIDM,3,1,4,0.75
bIDN,0,0,0,
bIDb,1,1,2,0.5
bIDl,1,1,2,0.5
bIDm,1,0,1,1.0
bIDn,1,1,2,0.5
bIDs,1,1,2,0.5
bIHB,0,2,2,0.0
bIHH,1,0,1,1.0
bIHI,1,2,3,0.33
bIHK,0,1,1,0.0
bIHL,2,0,2,1.0
bIHM,2,4,6,0.33
bIHN,7,1,8,0.88
bIHP,1,2,3,0.33
bIHS,1,3,4,0.25
bIHb,1,2,3,0.33
bIHl,1,0,1,1.0
bIHm,1,1,2,0.5
bIHn,1,0,1,1.0
bIHs,2,1,3,0.67
bIHt,0,1,1,0.0
bIIL,1,0,1,1.0
bIIM,0,2,2,0.0
bIIN,0,1,1,0.0
bIIP,0,0,0,
bIIS,1,0,1,1.0
bIIb,1,0,1,1.0
bIIm,0,0,0,
bIKN,0,1,1,0.0
bILB,0,0,0,
bILD,1,0,1,1.0
bILL,2,0,2,1.0
bILM,0,1,1,0.0
bILN,0,1,1,0.0
bILP,0,2,2,0.0
bILS,0,1,1,0.0
bILb,0,1,1,0.0
bILl,0,1,1,0.0
bILm,2,1,3,0.67
bILt,1,0,1,1.0
bIMB,2,2,4,0.5
bIMD,1,1,2,0.5
bIML,0,2,2,0.0
bIMM,4,1,5,0.8
bIMN,9,3,12,0.75
bIMP,3,4,7,0.43
bIMS,5,4,9,0.56
bIMb,1,0,1,1.0
bIMh,1,7,8,0.12
bIMj,0,1,1,0.0
bIMl,1,1,2,0.5
bIMm,2,3,5,0.4
bIMn,0,0,0,
bIMs,2,3,5,0.4
bINB,1,5,6,0.17
bIND,1,0,1,1.0
bINH,0,1,1,0.0
bINL,0,1,1,0.0
bINM,3,6,9,0.33
bINN,3,8,11,0.27
bINP,7,0,7,1.0
bINS,3,1,4,0.75
bINb,4,2,6,0.67
bINh,1,1,2,0.5
bINl,0,0,0,
bINm,3,1,4,0.75
bINn,5,6,11,0.45
bINs,1,4,5,0.2
bIPB,2,5,7,0.29
bIPD,0,1,1,0.0
bIPH,0,1,1,0.0
bIPI,0,1,1,0.0
bIPK,1,0,1,1.0
bIPL,2,2,4,0.5
bIPM,1,9,10,0.1
bIPN,4,3,7,0.57
bIPP,4,4,8,0.5
bIPS,6,2,8,0.75
bIPb,4,4,8,0.5
bIPl,1,1,2,0.5
bIPm,3,2,5,0.6
bIPn,5,4,9,0.56
bIPs,6,3,9,0.67
bISB,1,2,3,0.33
bISD,0,1,1,0.0
bISH,1,0,1,1.0
bISI,0,1,1,0.0
bISL,0,1,1,0.0
bISM,3,3,6,0.5
bISN,2,1,3,0.67
bISP,2,2,4,0.5
bISS,2,2,4,0.5
bISb,1,2,3,0.33
bISh,1,1,2,0.5
bISl,1,0,1,1.0
bISm,6,1,7,0.86
bISn,1,0,1,1.0
bISs,2,2,4,0.5
bISt,0,1,1,0.0
bIbB,3,1,4,0.75
bIbD,1,0,1,1.0
bIbH,0,2,2,0.0
bIbK,0,1,1,0.0
bIbL,1,2,3,0.33
bIbM,2,3,5,0.4
bIbN,3,4,7,0.43
bIbP,4,6,10,0.4
bIbS,3,0,3,1.0
bIbb,6,3,9,0.67
bIbl,2,0,2,1.0
bIbm,1,2,3,0.33
bIbn,1,2,3,0.33
bIbs,1,1,2,0.5
bIhH,1,0,1,1.0
bIhP,1,0,1,1.0
bIhn,1,0,1,1.0
bIlB,0,2,2,0.0
bIlH,0,1,1,0.0
bIlK,0,1,1,0.0
bIlL,1,0,1,1.0
bIlM,2,0,2,1.0
bIlN,0,1,1,0.0
bIlP,0,0,0,
bIlS,0,0,0,
bIlb,0,1,1,0.0
bIlm,1,0,1,1.0
bIln,0,1,1,0.0
bIls,0,1,1,0.0
bImB,1,2,3,0.33
bImD,0,2,2,0.0
bImH,2,2,4,0.5
bImJ,0,2,2,0.0
bImL,0,0,0,
bImM,2,6,8,0.25
bImN,4,3,7,0.57
bImP,4,4,8,0.5
bImS,4,0,4,1.0
bImb,4,1,5,0.8
bIml,1,1,2,0.5
bImm,1,4,5,0.2
bImn,4,3,7,0.57
bIms,2,0,2,1.0
bInB,5,3,8,0.62
bInH,2,1,3,0.67
bInI,0,1,1,0.0
bInL,1,3,4,0.25
bInM,4,3,7,0.57
bInN,7,4,11,0.64
bInP,2,4,6,0.33
bInS,0,1,1,0.0
bInb,1,4,5,0.2
bInl,0,1,1,0.0
bInm,0,3,3,0.0
bInn,0,1,1,0.0
bIns,4,0,4,1.0
bIsB,2,0,2,1.0
bIsH,0,1,1,0.0
bIsL,0,0,0,
bIsM,3,1,4,0.75
bIsN,2,2,4,0.5
bIsP,1,0,1,1.0
bIsS,1,2,3,0.33
bIsb,0,1,1,0.0
bIsl,0,3,3,0.0
bIsm,4,3,7,0.57
bIsn,4,2,6,0.67
bIss,0,1,1,0.0
bItM,1,0,1,1.0
bItN,0,1,1,0.0
bItP,0,1,1,0.0
bItn,1,0,1,1.0
bJBB,3,5,8,0.38
bJBD,1,0,1,1.0
bJBK,1,2,3,0.33
bJBL,3,3,6,0.5
bJBM,12,9,21,0.57
bJBN,9,9,18,0.5
bJBP,10,6,16,0.62
bJBS,5,6,11,0.45
bJBb,5,5,10,0.5
bJBh,0,4,4,0.0
bJBj,1,5,6,0.17
bJBl,5,0,5,1.0
bJBm,9,6,15,0.6
bJBn,9,5,14,0.64
bJBs,4,8,12,0.33
bJDB,2,1,3,0.67
bJDD,0,2,2,0.0
bJDH,5,0,5,1.0
bJDL,0,1,1,0.0
bJDM,1,2,3,0.33
bJDN,2,1,3,0.67
bJDP,0,3,3,0.0
bJDS,2,0,2,1.0
bJDb,1,1,2,0.5
bJDn,0,1,1,0.0
bJDs,0,0,0,
bJDt,1,0,1,1.0
bJHB,0,4,4,0.0
bJHD,0,1,1,0.0
bJHH,0,2,2,0.0
bJHK,1,0,1,1.0
bJHL,2,0,2,1.0
bJHM,4,3,7,0.57
bJHN,6,5,11,0.55
bJHP,8,6,14,0.57
bJHS,3,2,5,0.6
bJHb,1,1,2,0.5
bJHh,1,0,1,1.0
bJHl,4,2,6,0.67
bJHm,7,3,10,0.7
bJHn,3,7,10,0.3
bJHs,5,3,8,0.62
bJHt,1,0,1,1.0
bJIB,1,1,2,0.5
bJID,3,0,3,1.0
bJIH,2,0,2,1.0
bJIL,0,1,1,0.0
bJIM,1,0,1,1.0
bJIN,1,4,5,0.2
bJIP,0,0,0,
bJIS,1,1,2,0.5
bJIb,1,1,2,0.5
bJIm,0,0,0,
bJIn,1,0,1,1.0
bJIs,1,0,1,1.0
bJKB,0,1,1,0.0
bJKL,1,1,2,0.5
bJKM,1,0,1,1.0
bJKN,1,0,1,1.0
bJKP,0,1,1,0.0
bJKS,0,0,0,
bJKb,2,0,2,1.0
bJKh,0,0,0,
bJKl,1,0,1,1.0
bJKm,0,1,1,0.0
bJKn,2,1,3,0.67
bJKs,1,0,1,1.0
bJLB,1,2,3,0.33
bJLD,1,1,2,0.5
bJLL,2,0,2,1.0
bJLM,3,2,5,0.6
bJLN,4,2,6,0.67
bJLP,3,0,3,1.0
bJLS,4,2,6,0.67
bJLb,2,2,4,0.5
bJLh,1,2,3,0.33
bJLj,0,1,1,0.0
bJLl,1,1,2,0.5
bJLm,3,4,7,0.43
bJLn,2,3,5,0.4
bJLs,3,3,6,0.5
bJLt,2,0,2,1.0
bJMB,8,6,14,0.57
bJMD,0,1,1,0.0
bJMI,1,0,1,1.0
bJMK,0,1,1,0.0
bJML,2,5,7,0.29
bJMM,9,6,15,0.6
bJMN,8,7,15,0.53
bJMP,9,11,20,0.45
bJMS,9,7,16,0.56
bJMb,4,9,13,0.31
bJMh,9,7,16,0.56
bJMj,2,1,3,0.67
bJMl,0,1,1,0.0
bJMm,12,11,23,0.52
bJMn,7,10,17,0.41
bJMs,11,9,20,0.55
bJMt,0,1,1,0.0
bJNB,9,8,17,0.53
bJND,1,1,2,0.5
bJNH,2,2,4,0.5
bJNK,4,1,5,0.8
bJNL,1,4,5,0.2
bJNM,6,9,15,0.4
bJNN,6,7,13,0.46
bJNP,8,7,15,0.53
bJNS,5,7,12,0.42
bJNb,4,8,12,0.33
bJNh,1,3,4,0.25
bJNl,3,3,6,0.5
bJNm,14,11,25,0.56
bJNn,6,5,11,0.55
bJNs,8,9,17,0.47
bJNt,1,2,3,0.33
bJPB,7,7,14,0.5
bJPD,1,0,1,1.0
bJPH,4,4,8,0.5
bJPI,1,0,1,1.0
bJPK,1,1,2,0.5
bJPL,5,5,10,0.5
bJPM,9,14,23,0.39
bJPN,12,7,19,0.63
bJPP,15,14,29,0.52
bJPS,6,7,13,0.46
bJPb,12,9,21,0.57
bJPh,1,2,3,0.33
bJPl,5,5,10,0.5
bJPm,14,14,28,0.5
bJPn,12,5,17,0.71
bJPs,8,5,13,0.62
bJPt,0,0,0,
bJSB,3,5,8,0.38
bJSD,2,2,4,0.5
bJSH,2,4,6,0.33
bJSK,1,0,1,1.0
bJSL,1,3,4,0.25
bJSM,8,10,18,0.44
bJSN,5,4,9,0.56
bJSP,7,4,11,0.64
bJSS,8,2,10,0.8
bJSb,3,2,5,0.6
bJSh,2,5,7,0.29
bJSl,1,0,1,1.0
bJSm,4,6,10,0.4
bJSn,6,3,9,0.67
bJSs,5,5,10,0.5
bJSt,1,0,1,1.0
bJbB,7,4,11,0.64
bJbD,2,1,3,0.67
bJbH,0,2,2,0.0
bJbI,2,1,3,0.67
bJbJ,3,0,3,1.0
bJbL,2,1,3,0.67
bJbM,8,7,15,0.53
bJbN,9,6,15,0.6
bJbP,8,10,18,0.44
bJbS,3,3,6,0.5
bJbb,9,9,18,0.5
bJbl,4,3,7,0.57
bJbm,13,11,24,0.54
bJbn,5,4,9,0.56
bJbs,1,1,2,0.5
bJhB,0,4,4,0.0
bJhD,1,0,1,1.0
bJhL,1,1,2,0.5
bJhM,3,2,5,0.6
bJhN,0,2,2,0.0
bJhP,2,2,4,0.5
bJhb,0,0,0,
bJhh,3,0,3,1.0
bJhm,3,3,6,0.5
bJhn,0,1,1,0.0
bJhs,1,0,1,1.0
bJlB,4,4,8,0.5
bJlD,1,0,1,1.0
bJlH,1,0,1,1.0
bJlJ,0,2,2,0.0
bJlL,1,3,4,0.25
bJlM,2,3,5,0.4
bJlN,4,3,7,0.57
bJlP,0,3,3,0.0
bJlS,1,2,3,0.33
bJlb,2,5,7,0.29
bJll,3,1,4,0.75
bJlm,6,2,8,0.75
bJln,0,1,1,0.0
bJls,1,1,2,0.5
bJmB,10,6,16,0.62
bJmD,4,1,5,0.8
bJmH,7,7,14,0.5
bJmI,0,1,1,0.0
bJmJ,3,0,3,1.0
bJmK,1,0,1,1.0
bJmL,3,2,5,0.6
bJmM,7,3,10,0.7
bJmN,8,11,19,0.42
bJmP,10,9,19,0.53
bJmS,3,4,7,0.43
bJmb,10,10,20,0.5
bJml,0,3,3,0.0
bJmm,15,10,25,0.6
bJmn,6,3,9,0.67
bJms,3,7,10,0.3
bJnB,3,6,9,0.33
bJnD,0,2,2,0.0
bJnH,6,3,9,0.67
bJnI,2,5,7,0.29
bJnK,0,0,0,
bJnL,0,1,1,0.0
bJnM,2,9,11,0.18
bJnN,7,12,19,0.37
bJnP,6,10,16,0.38
bJnS,5,3,8,0.62
bJnb,7,4,11,0.64
bJnh,0,1,1,0.0
bJnl,2,3,5,0.4
bJnm,7,5,12,0.58
bJnn,5,7,12,0.42
bJns,7,4,11,0.64
bJsB,5,4,9,0.56
bJsD,0,2,2,0.0
bJsH,3,4,7,0.43
bJsL,3,4,7,0.43
bJsM,7,5,12,0.58
bJsN,4,1,5,0.8
bJsP,5,5,10,0.5
bJsS,3,4,7,0.43
bJsb,4,3,7,0.57
bJsh,0,1,1,0.0
bJsl,2,1,3,0.67
bJsm,9,4,13,0.69
bJsn,4,1,5,0.8
bJss,2,2,4,0.5
bJst,1,0,1,1.0
bJtB,1,0,1,1.0
bJtH,1,1,2,0.5
bJtM,1,1,2,0.5
bJtN,1,0,1,1.0
bJtP,1,1,2,0.5
bJtS,1,1,2,0.5
bJtb,0,1,1,0.0
bJtm,0,1,1,0.0
bJtn,1,1,2,0.5
bKBB,5,2,7,0.71
bKBD,2,0,2,1.0
bKBH,0,1,1,0.0
bKBK,0,1,1,0.0
bKBL,2,0,2,1.0
bKBM,4,1,5,0.8
bKBN,6,2,8,0.75
bKBP,7,6,13,0.54
bKBS,0,1,1,0.0
bKBb,6,1,7,0.86
bKBh,0,1,1,0.0
bKBl,3,0,3,1.0
bKBm,3,5,8,0.38
bKBn,0,2,2,0.0
bKBs,2,4,6,0.33
bKDB,0,2,2,0.0
bKDD,0,1,1,0.0
bKDH,1,1,2,0.5
bKDK,0,0,0,
bKDL,0,0,0,
bKDM,1,1,2,0.5
bKDN,1,0,1,1.0
bKDP,3,1,4,0.75
bKDS,1,1,2,0.5
bKDb,0,4,4,0.0
bKDm,4,0,4,1.0
bKDn,1,0,1,1.0
bKDt,1,0,1,1.0
bKHI,0,1,1,0.0
bKHM,2,1,3,0.67
bKHN,2,0,2,1.0
bKHP,0,4,4,0.0
bKHS,0,1,1,0.0
bKHb,0,2,2,0.0
bKHh,0,1,1,0.0
bKHm,5,0,5,1.0
bKHn,0,1,1,0.0
bKHs,1,0,1,1.0
bKIB,0,1,1,0.0
bKID,0,1,1,0.0
bKIK,0,1,1,0.0
bKIL,0,0,0,
bKIM,2,3,5,0.4
bKIN,1,0,1,1.0
bKIP,1,0,1,1.0
bKIS,0,0,0,
bKIb,0,1,1,0.0
bKIn,0,2,2,0.0
bKIs,1,0,1,1.0
bKLB,2,1,3,0.67
bKLM,1,0,1,1.0
bKLN,3,2,5,0.6
bKLP,1,4,5,0.2
bKLS,1,0,1,1.0
bKLb,2,0,2,1.0
bKLh,1,0,1,1.0
bKLj,1,0,1,1.0
bKLl,0,1,1,0.0
bKLm,0,2,2,0.0
bKLn,2,2,4,0.5
bKLs,2,0,2,1.0
bKLt,1,0,1,1.0
bKMB,4,5,9,0.44
bKMD,0,1,1,0.0
bKMI,0,1,1,0.0
bKMK,0,1,1,0.0
bKML,1,2,3,0.33
bKMM,7,6,13,0.54
bKMN,5,10,15,0.33
bKMP,4,4,8,0.5
bKMS,3,1,4,0.75
bKMb,4,5,9,0.44
bKMh,4,6,10,0.4
bKMj,2,3,5,0.4
bKMl,3,1,4,0.75
bKMm,4,8,12,0.33
bKMn,6,4,10,0.6
bKMs,7,1,8,0.88
bKMt,2,2,4,0.5
bKNB,0,2,2,0.0
bKND,0,1,1,0.0
bKNH,2,0,2,1.0
bKNK,0,0,0,
bKNL,0,0,0,
bKNM,2,9,11,0.18
bKNN,2,2,4,0.5
bKNP,3,7,10,0.3
bKNS,3,1,4,0.75
bKNb,2,3,5,0.4
bKNh,2,0,2,1.0
bKNl,1,0,1,1.0
bKNm,4,3,7,0.57
bKNn,1,4,5,0.2
bKNs,3,1,4,0.75
bKNt,0,0,0,
bKPB,6,7,13,0.46
bKPD,2,0,2,1.0
bKPH,2,2,4,0.5
bKPI,2,0,2,1.0
bKPK,0,2,2,0.0
bKPL,2,1,3,0.67
bKPM,8,8,16,0.5
bKPN,4,5,9,0.44
bKPP,4,5,9,0.44
bKPS,3,8,11,0.27
bKPb,6,4,10,0.6
bKPh,0,0,0,
bKPl,4,1,5,0.8
bKPm,6,8,14,0.43
bKPn,4,6,10,0.4
bKPs,1,4,5,0.2
bKPt,2,0,2,1.0
bKSB,0,1,1,0.0
bKSD,1,1,2,0.5
bKSH,1,1,2,0.5
bKSI,0,1,1,0.0
bKSL,3,0,3,1.0
bKSM,2,4,6,0.33
bKSN,3,3,6,0.5
bKSP,3,2,5,0.6
bKSS,4,3,7,0.57
bKSb,2,1,3,0.67
bKSh,2,3,5,0.4
bKSl,4,1,5,0.8
bKSm,2,7,9,0.22
bKSn,1,1,2,0.5
bKSs,5,4,9,0.56
bKbB,4,2,6,0.67
bKbH,1,1,2,0.5
bKbI,1,0,1,1.0
bKbJ,1,2,3,0.33
bKbK,1,1,2,0.5
bKbL,0,2,2,0.0
bKbM,5,3,8,0.62
bKbN,8,6,14,0.57
bKbP,5,2,7,0.71
bKbS,2,2,4,0.5
bKbb,4,3,7,0.57
bKbh,0,0,0,
bKbl,0,0,0,
bKbm,8,2,10,0.8
bKbn,3,6,9,0.33
bKbs,4,3,7,0.57
bKhB,2,3,5,0.4
bKhD,3,0,3,1.0
bKhH,1,2,3,0.33
bKhI,0,1,1,0.0
bKhL,1,1,2,0.5
bKhM,5,2,7,0.71
bKhN,2,3,5,0.4
bKhP,3,5,8,0.38
bKhS,2,3,5,0.4
bKhb,3,2,5,0.6
bKhh,6,2,8,0.75
bKhl,1,1,2,0.5
bKhm,10,6,16,0.62
bKhn,1,4,5,0.2
bKhs,3,4,7,0.43
bKlB,2,2,4,0.5
bKlD,0,1,1,0.0
bKlH,1,0,1,1.0
bKlK,0,1,1,0.0
bKlL,1,3,4,0.25
bKlM,4,3,7,0.57
bKlN,3,1,4,0.75
bKlP,2,1,3,0.67
bKlS,0,2,2,0.0
bKlb,0,1,1,0.0
bKlh,0,1,1,0.0
bKlm,0,0,0,
bKln,1,1,2,0.5
bKls,1,2,3,0.33
bKmB,6,4,10,0.6
bKmD,3,4,7,0.43
bKmH,4,5,9,0.44
bKmK,0,1,1,0.0
bKmL,3,3,6,0.5
bKmM,12,11,23,0.52
bKmN,6,8,14,0.43
bKmP,5,4,9,0.56
bKmS,6,0,6,1.0
bKmb,6,1,7,0.86
bKml,0,0,0,
bKmm,12,7,19,0.63
bKmn,2,4,6,0.33
bKms,1,4,5,0.2
bKnB,1,4,5,0.2
bKnD,2,0,2,1.0
bKnH,1,0,1,1.0
bKnI,0,1,1,0.0
bKnK,2,1,3,0.67
bKnL,2,1,3,0.67
bKnM,5,6,11,0.45
bKnN,7,2,9,0.78
bKnP,3,2,5,0.6
bKnS,0,0,0,
bKnb,1,2,3,0.33
bKnl,3,1,4,0.75
bKnm,0,5,5,0.0
bKnn,3,4,7,0.43
bKns,6,1,7,0.86
bKsB,2,1,3,0.67
bKsD,0,1,1,0.0
bKsH,3,6,9,0.33
bKsI,0,0,0,
bKsL,0,1,1,0.0
bKsM,3,1,4,0.75
bKsN,3,4,7,0.43
bKsP,4,2,6,0.67
bKsS,4,5,9,0.44
bKsb,4,3,7,0.57
bKsl,1,1,2,0.5
bKsm,3,2,5,0.6
bKsn,0,4,4,0.0
bKss,3,2,5,0.6
bKtB,1,0,1,1.0
bKtL,0,1,1,0.0
bKtM,0,1,1,0.0
bKtN,1,0,1,1.0
bKtm,0,1,1,0.0
bKtn,0,1,1,0.0
bLBB,10,8,18,0.56
bLBD,0,2,2,0.0
bLBH,1,0,1,1.0
bLBL,1,4,5,0.2
bLBM,6,13,19,0.32
bLBN,8,5,13,0.62
bLBP,6,6,12,0.5
bLBS,4,2,6,0.67
bLBb,4,7,11,0.36
bLBh,1,1,2,0.5
bLBj,2,2,4,0.5
bLBl,4,4,8,0.5
bLBm,6,5,11,0.55
bLBn,13,16,29,0.45
bLBs,1,5,6,0.17
bLBt,2,3,5,0.4
bLDB,3,1,4,0.75
bLDH,1,0,1,1.0
bLDL,0,2,2,0.0
bLDM,1,1,2,0.5
bLDN,1,3,4,0.25
bLDP,0,0,0,
bLDS,2,1,3,0.67
bLDb,0,1,1,0.0
bLDl,0,1,1,0.0
bLDm,1,1,2,0.5
bLDn,2,1,3,0.67
bLDs,1,3,4,0.25
bLHM,1,1,2,0.5
bLHS,1,1,2,0.5
bLHb,1,2,3,0.33
bLIB,1,0,1,1.0
bLKB,0,1,1,0.0
bLKM,0,1,1,0.0
bLKN,0,1,1,0.0
bLKP,1,1,2,0.5
bLKS,1,0,1,1.0
bLKb,0,1,1,0.0
bLKl,0,1,1,0.0
bLKm,0,1,1,0.0
bLKn,0,0,0,
bLLB,2,2,4,0.5
bLLL,0,1,1,0.0
bLLM,4,5,9,0.44
bLLN,6,3,9,0.67
bLLP,4,4,8,0.5
bLLS,1,0,1,1.0
bLLb,4,0,4,1.0
bLLh,4,1,5,0.8
bLLj,1,1,2,0.5
bLLl,2,1,3,0.67
bLLm,5,5,10,0.5
bLLn,6,6,12,0.5
bLLs,4,4,8,0.5
bLMB,9,9,18,0.5
bLMD,1,2,3,0.33
bLMK,0,0,0,
bLML,0,5,5,0.0
bLMM,10,15,25,0.4
bLMN,8,9,17,0.47
bLMP,15,11,26,0.58
bLMS,6,8,14,0.43
bLMb,7,9,16,0.44
bLMh,7,9,16,0.44
bLMj,0,1,1,0.0
bLMl,4,1,5,0.8
bLMm,10,13,23,0.43
bLMn,6,9,15,0.4
bLMs,7,6,13,0.54
bLMt,1,1,2,0.5
bLNB,4,3,7,0.57
bLND,2,4,6,0.33
bLNH,2,3,5,0.4
bLNK,1,0,1,1.0
bLNL,3,2,5,0.6
bLNM,4,16,20,0.2
bLNN,15,12,27,0.56
bLNP,13,13,26,0.5
bLNS,7,5,12,0.58
bLNb,5,6,11,0.45
bLNh,1,5,6,0.17
bLNl,6,1,7,0.86
bLNm,11,7,18,0.61
bLNn,9,13,22,0.41
bLNs,8,7,15,0.53
bLNt,0,3,3,0.0
bLPB,12,13,25,0.48
bLPD,1,1,2,0.5
bLPH,5,4,9,0.56
bLPI,0,1,1,0.0
bLPK,0,1,1,0.0
bLPL,3,4,7,0.43
bLPM,5,24,29,0.17
bLPN,16,17,33,0.48
bLPP,17,14,31,0.55
bLPS,10,9,19,0.53
bLPb,6,8,14,0.43
bLPh,1,2,3,0.33
bLPl,9,3,12,0.75
bLPm,16,13,29,0.55
bLPn,10,19,29,0.34
bLPs,8,7,15,0.53
bLPt,1,1,2,0.5
bLSB,5,4,9,0.56
bLSD,0,2,2,0.0
bLSH,0,2,2,0.0
bLSK,1,1,2,0.5
bLSL,1,2,3,0.33
bLSM,3,8,11,0.27
bLSN,7,2,9,0.78
bLSP,6,7,13,0.46
bLSS,8,4,12,0.67
bLSb,7,2,9,0.78
bLSh,5,1,6,0.83
bLSl,1,0,1,1.0
bLSm,12,2,14,0.86
bLSn,4,4,8,0.5
bLSs,7,3,10,0.7
bLSt,1,2,3,0.33
bLbB,11,8,19,0.58
bLbD,1,0,1,1.0
bLbH,3,1,4,0.75
bLbI,1,0,1,1.0
bLbJ,2,4,6,0.33
bLbK,0,2,2,0.0
bLbL,1,5,6,0.17
bLbM,10,11,21,0.48
bLbN,12,8,20,0.6
bLbP,11,11,22,0.5
bLbS,7,2,9,0.78
bLbb,9,6,15,0.6
bLbl,2,0,2,1.0
bLbm,5,6,11,0.45
bLbn,16,8,24,0.67
bLbs,1,5,6,0.17
bLhB,5,1,6,0.83
bLhD,0,1,1,0.0
bLhH,0,2,2,0.0
bLhL,2,1,3,0.67
bLhM,2,7,9,0.22
bLhN,3,4,7,0.43
bLhP,7,5,12,0.58
bLhS,2,3,5,0.4
bLhb,4,3,7,0.57
bLhh,5,2,7,0.71
bLhl,0,1,1,0.0
bLhm,7,3,10,0.7
bLhn,5,4,9,0.56
bLhs,5,3,8,0.62
bLjB,1,2,3,0.33
bLjD,1,0,1,1.0
bLjH,0,2,2,0.0
bLjL,2,0,2,1.0
bLjM,1,2,3,0.33
bLjN,1,1,2,0.5
bLjP,2,2,4,0.5
bLjS,0,1,1,0.0
bLjb,1,0,1,1.0
bLjl,1,1,2,0.5
bLjm,4,1,5,0.8
bLjn,4,1,5,0.8
bLjs,2,1,3,0.67
bLlB,2,0,2,1.0
bLlD,2,0,2,1.0
bLlH,4,2,6,0.67
bLlI,2,0,2,1.0
bLlM,2,4,6,0.33
bLlN,3,6,9,0.33
bLlP,5,5,10,0.5
bLlS,4,2,6,0.67
bLlb,2,4,6,0.33
bLll,0,1,1,0.0
bLlm,2,3,5,0.4
bLln,2,3,5,0.4
bLls,1,0,1,1.0
bLmB,8,5,13,0.62
bLmD,4,1,5,0.8
bLmH,3,14,17,0.18
bLmI,1,0,1,1.0
bLmJ,2,3,5,0.4
bLmK,0,0,0,
bLmL,1,6,7,0.14
bLmM,2,12,14,0.14
bLmN,7,6,13,0.54
bLmP,12,4,16,0.75
bLmS,9,7,16,0.56
bLmb,10,16,26,0.38
bLml,4,3,7,0.57
bLmm,12,9,21,0.57
bLmn,14,14,28,0.5
bLms,5,5,10,0.5
bLnB,12,12,24,0.5
bLnD,2,2,4,0.5
bLnH,7,6,13,0.54
bLnI,3,0,3,1.0
bLnK,1,3,4,0.25
bLnL,1,4,5,0.2
bLnM,9,15,24,0.38
bLnN,27,24,51,0.53
bLnP,21,11,32,0.66
bLnS,9,12,21,0.43
bLnb,7,13,20,0.35
bLnh,1,0,1,1.0
bLnl,11,5,16,0.69
bLnm,13,11,24,0.54
bLnn,8,5,13,0.62
bLns,5,14,19,0.26
bLsB,2,5,7,0.29
bLsD,0,1,1,0.0
bLsH,6,5,11,0.55
bLsI,0,0,0,
bLsL,2,0,2,1.0
bLsM,7,10,17,0.41
bLsN,5,8,13,0.38
bLsP,9,8,17,0.53
bLsS,9,8,17,0.53
bLsb,4,5,9,0.44
bLsh,0,2,2,0.0
bLsl,2,3,5,0.4
bLsm,4,9,13,0.31
bLsn,7,3,10,0.7
bLss,4,3,7,0.57
bLtB,1,0,1,1.0
bLtH,0,0,0,
bLtL,0,0,0,
bLtM,2,1,3,0.67
bLtN,1,1,2,0.5
bLtP,1,3,4,0.25
bLtS,1,1,2,0.5
bLtb,2,0,2,1.0
bLtm,1,1,2,0.5
bLtn,1,1,2,0.5
bLts,1,4,5,0.2
bMBB,21,23,44,0.48
bMBD,4,6,10,0.4
bMBH,0,3,3,0.0
bMBK,3,4,7,0.43
bMBL,5,5,10,0.5
bMBM,23,27,50,0.46
bMBN,33,35,68,0.49
bMBP,33,25,58,0.57
bMBS,14,17,31,0.45
bMBb,21,18,39,0.54
bMBh,3,2,5,0.6
bMBj,3,6,9,0.33
bMBl,10,9,19,0.53
bMBm,26,22,48,0.54
bMBn,41,31,72,0.57
bMBs,18,11,29,0.62
bMBt,5,6,11,0.45
bMDB,6,6,12,0.5
bMDD,3,4,7,0.43
bMDH,4,7,11,0.36
bMDL,1,2,3,0.33
bMDM,9,7,16,0.56
bMDN,5,3,8,0.62
bMDP,11,3,14,0.79
bMDS,5,5,10,0.5
bMDb,4,5,9,0.44
bMDh,1,0,1,1.0
bMDl,1,0,1,1.0
bMDm,14,6,20,0.7
bMDn,6,5,11,0.55
bMDs,5,5,10,0.5
bMDt,1,0,1,1.0
bMHH,0,1,1,0.0
bMHM,1,1,2,0.5
bMHN,1,0,1,1.0
bMHP,0,0,0,
bMHS,0,1,1,0.0
bMHb,1,1,2,0.5
bMHl,0,1,1,0.0
bMHm,1,0,1,1.0
bMHs,0,1,1,0.0
bMID,0,0,0,
bMIH,0,1,1,0.0
bMIS,0,1,1,0.0
bMIh,0,1,1,0.0
bMKB,1,0,1,1.0
bMKL,1,0,1,1.0
bMKM,0,0,0,
bMKN,1,2,3,0.33
bMKS,0,1,1,0.0
bMKb,1,0,1,1.0
bMKh,0,0,0,
bMKm,1,0,1,1.0
bMKn,1,1,2,0.5
bMKs,1,0,1,1.0
bMLB,8,8,16,0.5
bMLD,3,0,3,1.0
bMLK,2,1,3,0.67
bMLL,1,1,2,0.5
bMLM,2,7,9,0.22
bMLN,5,8,13,0.38
bMLP,10,10,20,0.5
bMLS,5,5,10,0.5
bMLb,8,3,11,0.73
bMLh,6,5,11,0.55
bMLj,1,2,3,0.33
bMLl,1,4,5,0.2
bMLm,9,7,16,0.56
bMLn,7,12,19,0.37
bMLs,7,2,9,0.78
bMLt,1,2,3,0.33
bMMB,15,33,48,0.31
bMMD,5,7,12,0.42
bMMK,0,3,3,0.0
bMML,3,4,7,0.43
bMMM,18,33,51,0.35
bMMN,43,39,82,0.52
bMMP,33,46,79,0.42
bMMS,17,18,35,0.49
bMMb,19,25,44,0.43
bMMh,14,24,38,0.37
bMMj,2,2,4,0.5
bMMl,7,2,9,0.78
bMMm,26,33,59,0.44
bMMn,36,31,67,0.54
bMMs,21,16,37,0.57
bMMt,2,0,2,1.0
bMNB,25,25,50,0.5
bMND,9,7,16,0.56
bMNH,3,2,5,0.6
bMNI,0,2,2,0.0
bMNK,2,5,7,0.29
bMNL,9,6,15,0.6
bMNM,19,32,51,0.37
bMNN,41,56,97,0.42
bMNP,31,46,77,0.4
bMNS,15,28,43,0.35
bMNb,23,31,54,0.43
bMNh,12,15,27,0.44
bMNl,9,8,17,0.53
bMNm,41,24,65,0.63
bMNn,32,34,66,0.48
bMNs,16,23,39,0.41
bMNt,3,3,6,0.5
bMPB,26,25,51,0.51
bMPD,9,6,15,0.6
bMPH,13,13,26,0.5
bMPI,4,3,7,0.57
bMPK,6,3,9,0.67
bMPL,9,15,24,0.38
bMPM,34,39,73,0.47
bMPN,44,54,98,0.45
bMPP,55,44,99,0.56
bMPS,25,27,52,0.48
bMPb,38,29,67,0.57
bMPh,5,4,9,0.56
bMPl,13,12,25,0.52
bMPm,51,44,95,0.54
bMPn,35,38,73,0.48
bMPs,18,23,41,0.44
bMPt,1,7,8,0.12
bMSB,19,13,32,0.59
bMSD,4,5,9,0.44
bMSH,4,10,14,0.29
bMSI,0,1,1,0.0
bMSL,6,6,12,0.5
bMSM,19,15,34,0.56
bMSN,16,31,47,0.34
bMSP,24,19,43,0.56
bMSS,18,24,42,0.43
bMSb,7,6,13,0.54
bMSh,8,6,14,0.57
bMSl,5,4,9,0.56
bMSm,17,21,38,0.45
bMSn,28,22,50,0.56
bMSs,18,15,33,0.55
bMSt,3,0,3,1.0
bMbB,26,16,42,0.62
bMbD,10,2,12,0.83
bMbH,11,9,20,0.55
bMbI,1,5,6,0.17
bMbJ,6,4,10,0.6
bMbK,3,5,8,0.38
bMbL,7,6,13,0.54
bMbM,24,29,53,0.45
bMbN,52,39,91,0.57
bMbP,41,31,72,0.57
bMbS,18,13,31,0.58
bMbb,20,23,43,0.47
bMbh,0,1,1,0.0
bMbl,4,9,13,0.31
bMbm,27,17,44,0.61
bMbn,29,24,53,0.55
bMbs,14,16,30,0.47
bMhB,15,16,31,0.48
bMhD,6,2,8,0.75
bMhH,7,3,10,0.7
bMhI,0,4,4,0.0
bMhK,1,0,1,1.0
bMhL,4,5,9,0.44
bMhM,28,33,61,0.46
bMhN,25,20,45,0.56
bMhP,27,35,62,0.44
bMhS,28,18,46,0.61
bMhb,18,18,36,0.5
bMhh,18,26,44,0.41
bMhl,4,8,12,0.33
bMhm,26,29,55,0.47
bMhn,29,25,54,0.54
bMhs,20,15,35,0.57
bMht,2,4,6,0.33
bMjB,1,1,2,0.5
bMjD,1,1,2,0.5
bMjH,0,2,2,0.0
bMjI,0,0,0,
bMjK,1,0,1,1.0
bMjL,2,0,2,1.0
bMjM,5,6,11,0.45
bMjN,2,5,7,0.29
bMjP,2,5,7,0.29
bMjS,0,1,1,0.0
bMjb,4,2,6,0.67
bMjh,1,0,1,1.0
bMjl,5,1,6,0.83
bMjm,7,6,13,0.54
bMjn,2,3,5,0.4
bMjs,7,0,7,1.0
bMlB,8,8,16,0.5
bMlD,0,1,1,0.0
bMlH,8,7,15,0.53
bMlI,2,0,2,1.0
bMlJ,1,1,2,0.5
bMlL,8,4,12,0.67
bMlM,9,9,18,0.5
bMlN,10,13,23,0.43
bMlP,7,8,15,0.47
bMlS,4,11,15,0.27
bMlb,6,3,9,0.67
bMll,1,2,3,0.33
bMlm,10,7,17,0.59
bMln,9,6,15,0.6
bMls,4,7,11,0.36
bMmB,28,29,57,0.49
bMmD,16,11,27,0.59
bMmH,34,30,64,0.53
bMmI,8,3,11,0.73
bMmJ,5,11,16,0.31
bMmK,1,2,3,0.33
bMmL,17,9,26,0.65
bMmM,32,49,81,0.4
bMmN,41,43,84,0.49
bMmP,28,37,65,0.43
bMmS,39,25,64,0.61
bMmb,27,32,59,0.46
bMml,10,9,19,0.53
bMmm,39,26,65,0.6
bMmn,58,28,86,0.67
bMms,19,22,41,0.46
bMnB,31,37,68,0.46
bMnD,10,9,19,0.53
bMnH,23,25,48,0.48
bMnI,8,4,12,0.67
bMnK,8,3,11,0.73
bMnL,12,10,22,0.55
bMnM,40,39,79,0.51
bMnN,70,66,136,0.51
bMnP,54,62,116,0.47
bMnS,40,40,80,0.5
bMnb,38,22,60,0.63
bMnh,2,2,4,0.5
bMnl,9,6,15,0.6
bMnm,42,36,78,0.54
bMnn,59,33,92,0.64
bMns,33,25,58,0.57
bMnt,0,1,1,0.0
bMsB,12,11,23,0.52
bMsD,3,9,12,0.25
bMsH,34,13,47,0.72
bMsI,2,2,4,0.5
bMsK,1,0,1,1.0
bMsL,6,2,8,0.75
bMsM,9,20,29,0.31
bMsN,25,30,55,0.45
bMsP,23,11,34,0.68
bMsS,16,32,48,0.33
bMsb,14,12,26,0.54
bMsh,0,0,0,
bMsl,2,1,3,0.67
bMsm,17,17,34,0.5
bMsn,13,13,26,0.5
bMss,19,17,36,0.53
bMtB,1,3,4,0.25
bMtD,1,1,2,0.5
bMtH,3,2,5,0.6
bMtK,0,0,0,
bMtL,1,0,1,1.0
bMtM,0,3,3,0.0
bMtN,8,3,11,0.73
bMtP,6,4,10,0.6
bMtS,6,3,9,0.67
bMtb,3,1,4,0.75
bMtl,2,2,4,0.5
bMtm,8,4,12,0.67
bMtn,1,1,2,0.5
bMts,0,2,2,0.0
bMtt,0,1,1,0.0
bNBB,29,17,46,0.63
bNBD,3,4,7,0.43
bNBI,0,1,1,0.0
bNBK,2,2,4,0.5
bNBL,10,10,20,0.5
bNBM,24,28,52,0.46
bNBN,43,36,79,0.54
bNBP,36,53,89,0.4
bNBS,13,14,27,0.48
bNBb,24,21,45,0.53
bNBh,4,4,8,0.5
bNBj,8,5,13,0.62
bNBl,7,9,16,0.44
bNBm,27,37,64,0.42
bNBn,49,43,92,0.53
bNBs,17,19,36,0.47
bNBt,1,3,4,0.25
bNDB,7,4,11,0.64
bNDD,1,0,1,1.0
bNDH,3,8,11,0.27
bNDI,1,1,2,0.5
bNDL,0,2,2,0.0
bNDM,11,6,17,0.65
bNDN,5,6,11,0.45
bNDP,13,12,25,0.52
bNDS,8,6,14,0.57
bNDb,12,4,16,0.75
bNDl,2,0,2,1.0
bNDm,13,7,20,0.65
bNDn,9,7,16,0.56
bNDs,3,6,9,0.33
bNDt,0,1,1,0.0
bNHB,4,3,7,0.57
bNHD,1,2,3,0.33
bNHI,1,0,1,1.0
bNHK,1,0,1,1.0
bNHL,2,3,5,0.4
bNHM,7,7,14,0.5
bNHN,3,9,12,0.25
bNHP,7,7,14,0.5
bNHS,4,1,5,0.8
bNHb,4,4,8,0.5
bNHh,1,2,3,0.33
bNHl,3,4,7,0.43
bNHm,9,6,15,0.6
bNHn,7,4,11,0.64
bNHs,5,12,17,0.29
bNIB,1,1,2,0.5
bNIH,0,1,1,0.0
bNIM,0,1,1,0.0
bNIN,1,1,2,0.5
bNIP,0,1,1,0.0
bNIb,0,1,1,0.0
bNIl,0,1,1,0.0
bNIn,0,2,2,0.0
bNKB,0,5,5,0.0
bNKH,0,2,2,0.0
bNKI,1,0,1,1.0
bNKL,1,1,2,0.5
bNKM,3,4,7,0.43
bNKN,6,1,7,0.86
bNKP,3,1,4,0.75
bNKS,3,2,5,0.6
bNKb,5,3,8,0.62
bNKh,4,2,6,0.67
bNKl,2,0,2,1.0
bNKm,6,2,8,0.75
bNKn,5,7,12,0.42
bNKs,2,1,3,0.67
bNLB,11,11,22,0.5
bNLD,2,1,3,0.67
bNLK,1,0,1,1.0
bNLL,2,3,5,0.4
bNLM,8,9,17,0.47
bNLN,18,10,28,0.64
bNLP,17,17,34,0.5
bNLS,7,10,17,0.41
bNLb,11,9,20,0.55
bNLh,4,7,11,0.36
bNLj,3,1,4,0.75
bNLl,4,1,5,0.8
bNLm,4,8,12,0.33
bNLn,12,15,27,0.44
bNLs,7,8,15,0.47
bNLt,6,3,9,0.67
bNMB,26,27,53,0.49
bNMD,7,7,14,0.5
bNMH,0,1,1,0.0
bNML,12,7,19,0.63
bNMM,17,32,49,0.35
bNMN,33,35,68,0.49
bNMP,34,47,81,0.42
bNMS,24,27,51,0.47
bNMb,29,34,63,0.46
bNMh,30,32,62,0.48
bNMj,4,5,9,0.44
bNMl,11,10,21,0.52
bNMm,32,41,73,0.44
bNMn,63,37,100,0.63
bNMs,39,24,63,0.62
bNMt,3,2,5,0.6
bNNB,36,32,68,0.53
bNND,9,11,20,0.45
bNNH,6,6,12,0.5
bNNI,1,0,1,1.0
bNNK,5,3,8,0.62
bNNL,17,15,32,0.53
bNNM,42,37,79,0.53
bNNN,73,80,153,0.48
bNNP,57,67,124,0.46
bNNS,34,34,68,0.5
bNNb,42,30,72,0.58
bNNh,13,21,34,0.38
bNNl,11,12,23,0.48
bNNm,53,43,96,0.55
bNNn,62,49,111,0.56
bNNs,25,29,54,0.46
bNNt,9,7,16,0.56
bNPB,47,33,80,0.59
bNPD,11,5,16,0.69
bNPH,17,14,31,0.55
bNPI,8,6,14,0.57
bNPK,6,8,14,0.43
bNPL,16,22,38,0.42
bNPM,47,47,94,0.5
bNPN,57,54,111,0.51
bNPP,75,73,148,0.51
bNPS,27,46,73,0.37
bNPb,44,48,92,0.48
bNPh,13,9,22,0.59
bNPl,14,17,31,0.45
bNPm,59,47,106,0.56
bNPn,57,39,96,0.59
bNPs,31,40,71,0.44
bNPt,4,6,10,0.4
bNSB,13,15,28,0.46
bNSD,8,1,9,0.89
bNSH,11,11,22,0.5
bNSI,1,0,1,1.0
bNSK,0,0,0,
bNSL,6,11,17,0.35
bNSM,34,22,56,0.61
bNSN,31,30,61,0.51
bNSP,36,34,70,0.51
bNSS,32,35,67,0.48
bNSb,17,13,30,0.57
bNSh,11,17,28,0.39
bNSl,8,5,13,0.62
bNSm,36,22,58,0.62
bNSn,26,27,53,0.49
bNSs,41,30,71,0.58
bNSt,2,1,3,0.67
bNbB,26,33,59,0.44
bNbD,4,6,10,0.4
bNbH,5,8,13,0.38
bNbI,4,2,6,0.67
bNbJ,7,9,16,0.44
bNbK,3,8,11,0.27
bNbL,10,10,20,0.5
bNbM,25,30,55,0.45
bNbN,51,44,95,0.54
bNbP,46,32,78,0.59
bNbS,12,17,29,0.41
bNbb,23,20,43,0.53
bNbh,1,0,1,1.0
bNbl,5,6,11,0.45
bNbm,30,22,52,0.58
bNbn,33,36,69,0.48
bNbs,17,10,27,0.63
bNhB,3,12,15,0.2
bNhD,4,2,6,0.67
bNhH,2,3,5,0.4
bNhI,2,0,2,1.0
bNhK,1,0,1,1.0
bNhL,3,3,6,0.5
bNhM,12,12,24,0.5
bNhN,17,10,27,0.63
bNhP,12,14,26,0.46
bNhS,9,14,23,0.39
bNhb,11,9,20,0.55
bNhh,9,10,19,0.47
bNhl,1,7,8,0.12
bNhm,13,7,20,0.65
bNhn,17,10,27,0.63
bNhs,12,9,21,0.57
bNht,3,6,9,0.33
bNlB,9,9,18,0.5
bNlD,1,2,3,0.33
bNlH,5,7,12,0.42
bNlI,2,0,2,1.0
bNlJ,1,2,3,0.33
bNlL,7,3,10,0.7
bNlM,11,13,24,0.46
bNlN,10,11,21,0.48
bNlP,13,10,23,0.57
bNlS,4,7,11,0.36
bNlb,12,13,25,0.48
bNll,3,2,5,0.6
bNlm,7,2,9,0.78
bNln,4,6,10,0.4
bNls,5,0,5,1.0
bNmB,30,27,57,0.53
bNmD,10,7,17,0.59
bNmH,35,23,58,0.6
bNmI,5,1,6,0.83
bNmJ,6,10,16,0.38
bNmL,11,8,19,0.58
bNmM,31,52,83,0.37
bNmN,52,46,98,0.53
bNmP,35,40,75,0.47
bNmS,20,29,49,0.41
bNmb,45,34,79,0.57
bNmh,0,1,1,0.0
bNml,13,4,17,0.76
bNmm,35,27,62,0.56
bNmn,35,32,67,0.52
bNms,17,11,28,0.61
bNnB,33,29,62,0.53
bNnD,6,7,13,0.46
bNnH,30,36,66,0.45
bNnI,12,7,19,0.63
bNnK,8,4,12,0.67
bNnL,14,9,23,0.61
bNnM,38,49,87,0.44
bNnN,77,66,143,0.54
bNnP,86,73,159,0.54
bNnS,34,49,83,0.41
bNnb,33,29,62,0.53
bNnh,1,1,2,0.5
bNnl,15,12,27,0.56
bNnm,46,33,79,0.58
bNnn,56,65,121,0.46
bNns,22,23,45,0.49
bNnt,1,0,1,1.0
bNsB,20,17,37,0.54
bNsD,6,4,10,0.6
bNsH,18,21,39,0.46
bNsI,4,6,10,0.4
bNsK,0,1,1,0.0
bNsL,4,5,9,0.44
bNsM,21,26,47,0.45
bNsN,45,23,68,0.66
bNsP,23,30,53,0.43
bNsS,20,28,48,0.42
bNsb,20,12,32,0.62
bNsh,0,2,2,0.0
bNsl,7,6,13,0.54
bNsm,23,21,44,0.52
bNsn,31,22,53,0.58
bNss,28,17,45,0.62
bNst,0,1,1,0.0
bNtB,5,2,7,0.71
bNtH,4,3,7,0.57
bNtK,2,1,3,0.67
bNtL,2,2,4,0.5
bNtM,3,6,9,0.33
bNtN,4,5,9,0.44
bNtP,6,3,9,0.67
bNtS,3,4,7,0.43
bNtb,7,7,14,0.5
bNtl,2,1,3,0.67
bNtm,8,5,13,0.62
bNtn,5,7,12,0.42
bNts,6,2,8,0.75
bNtt,2,2,4,0.5
bPBB,31,33,64,0.48
bPBD,8,10,18,0.44
bPBH,1,1,2,0.5
bPBI,0,1,1,0.0
bPBK,3,7,10,0.3
bPBL,11,7,18,0.61
bPBM,28,47,75,0.37
bPBN,36,32,68,0.53
bPBP,47,29,76,0.62
bPBS,23,15,38,0.61
bPBb,37,29,66,0.56
bPBh,2,8,10,0.2
bPBj,3,8,11,0.27
bPBl,8,7,15,0.53
bPBm,38,24,62,0.61
bPBn,44,49,93,0.47
bPBs,14,14,28,0.5
bPBt,1,7,8,0.12
bPDB,6,6,12,0.5
bPDD,1,2,3,0.33
bPDH,4,3,7,0.57
bPDL,5,0,5,1.0
bPDM,7,4,11,0.64
bPDN,5,5,10,0.5
bPDP,11,7,18,0.61
bPDS,8,6,14,0.57
bPDb,2,9,11,0.18
bPDl,3,4,7,0.43
bPDm,10,2,12,0.83
bPDn,4,4,8,0.5
bPDs,7,3,10,0.7
bPDt,1,0,1,1.0
bPHB,6,10,16,0.38
bPHD,1,1,2,0.5
bPHH,2,1,3,0.67
bPHI,3,5,8,0.38
bPHK,1,3,4,0.25
bPHL,7,4,11,0.64
bPHM,6,10,16,0.38
bPHN,12,7,19,0.63
bPHP,6,10,16,0.38
bPHS,2,5,7,0.29
bPHb,5,7,12,0.42
bPHh,1,7,8,0.12
bPHl,4,3,7,0.57
bPHm,7,10,17,0.41
bPHn,9,5,14,0.64
bPHs,8,5,13,0.62
bPIB,6,4,10,0.6
bPID,1,0,1,1.0
bPIH,1,3,4,0.25
bPII,3,0,3,1.0
bPIL,3,1,4,0.75
bPIM,5,6,11,0.45
bPIN,2,5,7,0.29
bPIP,2,2,4,0.5
bPIS,0,2,2,0.0
bPIb,2,1,3,0.67
bPIl,0,1,1,0.0
bPIm,3,3,6,0.5
bPIn,1,0,1,1.0
bPIs,2,0,2,1.0
bPKB,2,7,9,0.22
bPKD,2,1,3,0.67
bPKH,0,2,2,0.0
bPKL,1,2,3,0.33
bPKM,6,3,9,0.67
bPKN,7,4,11,0.64
bPKP,7,3,10,0.7
bPKS,1,2,3,0.33
bPKb,4,5,9,0.44
bPKh,3,3,6,0.5
bPKl,4,2,6,0.67
bPKm,7,6,13,0.54
bPKn,5,4,9,0.56
bPKs,4,4,8,0.5
bPLB,12,11,23,0.52
bPLD,3,1,4,0.75
bPLK,1,1,2,0.5
bPLL,5,7,12,0.42
bPLM,10,11,21,0.48
bPLN,12,8,20,0.6
bPLP,12,19,31,0.39
bPLS,14,9,23,0.61
bPLb,11,7,18,0.61
bPLh,8,13,21,0.38
bPLj,5,2,7,0.71
bPLl,10,6,16,0.62
bPLm,14,13,27,0.52
bPLn,18,17,35,0.51
bPLs,9,9,18,0.5
bPLt,5,5,10,0.5
bPMB,41,36,77,0.53
bPMD,13,6,19,0.68
bPMH,0,0,0,
bPMI,1,1,2,0.5
bPMK,0,2,2,0.0
bPML,15,13,28,0.54
bPMM,33,32,65,0.51
bPMN,31,33,64,0.48
bPMP,39,41,80,0.49
bPMS,21,24,45,0.47
bPMb,36,44,80,0.45
bPMh,34,34,68,0.5
bPMj,5,7,12,0.42
bPMl,22,9,31,0.71
bPMm,57,50,107,0.53
bPMn,41,61,102,0.4
bPMs,28,27,55,0.51
bPMt,3,5,8,0.38
bPNB,30,36,66,0.45
bPND,10,6,16,0.62
bPNH,9,10,19,0.47
bPNI,0,1,1,0.0
bPNK,3,2,5,0.6
bPNL,12,16,28,0.43
bPNM,29,40,69,0.42
bPNN,42,43,85,0.49
bPNP,60,57,117,0.51
bPNS,25,28,53,0.47
bPNb,30,33,63,0.48
bPNh,11,13,24,0.46
bPNl,13,11,24,0.54
bPNm,41,35,76,0.54
bPNn,54,46,100,0.54
bPNs,28,27,55,0.51
bPNt,4,14,18,0.22
bPPB,39,46,85,0.46
bPPD,9,8,17,0.53
bPPH,10,24,34,0.29
bPPI,7,4,11,0.64
bPPK,6,11,17,0.35
bPPL,18,30,48,0.38
bPPM,65,68,133,0.49
bPPN,37,55,92,0.4
bPPP,61,54,115,0.53
bPPS,36,34,70,0.51
bPPb,54,36,90,0.6
bPPh,6,8,14,0.43
bPPl,22,25,47,0.47
bPPm,56,50,106,0.53
bPPn,41,41,82,0.5
bPPs,34,34,68,0.5
bPPt,3,4,7,0.43
bPSB,21,13,34,0.62
bPSD,4,5,9,0.44
bPSH,5,5,10,0.5
bPSI,0,3,3,0.0
bPSK,0,2,2,0.0
bPSL,11,10,21,0.52
bPSM,23,20,43,0.53
bPSN,16,17,33,0.48
bPSP,27,28,55,0.49
bPSS,21,25,46,0.46
bPSb,22,17,39,0.56
bPSh,11,20,31,0.35
bPSl,9,10,19,0.47
bPSm,21,24,45,0.47
bPSn,25,25,50,0.5
bPSs,26,24,50,0.52
bPSt,6,0,6,1.0
bPbB,37,28,65,0.57
bPbD,7,3,10,0.7
bPbH,9,11,20,0.45
bPbI,4,6,10,0.4
bPbJ,6,11,17,0.35
bPbK,3,2,5,0.6
bPbL,8,23,31,0.26
bPbM,24,48,72,0.33
bPbN,45,38,83,0.54
bPbP,38,46,84,0.45
bPbS,14,15,29,0.48
bPbb,49,25,74,0.66
bPbh,0,1,1,0.0
bPbl,14,8,22,0.64
bPbm,36,27,63,0.57
bPbn,28,19,47,0.6
bPbs,20,15,35,0.57
bPhB,2,7,9,0.22
bPhD,1,0,1,1.0
bPhI,0,0,0,
bPhK,1,0,1,1.0
bPhL,2,2,4,0.5
bPhM,4,4,8,0.5
bPhN,4,2,6,0.67
bPhP,7,10,17,0.41
bPhS,4,6,10,0.4
bPhb,4,3,7,0.57
bPhh,4,3,7,0.57
bPhl,3,3,6,0.5
bPhm,8,7,15,0.53
bPhn,4,2,6,0.67
bPhs,1,5,6,0.17
bPlB,14,9,23,0.61
bPlD,1,1,2,0.5
bPlH,13,6,19,0.68
bPlI,0,1,1,0.0
bPlJ,2,1,3,0.67
bPlK,0,1,1,0.0
bPlL,6,6,12,0.5
bPlM,11,17,28,0.39
bPlN,14,9,23,0.61
bPlP,13,11,24,0.54
bPlS,8,8,16,0.5
bPlb,6,17,23,0.26
bPll,3,3,6,0.5
bPlm,10,10,20,0.5
bPln,13,10,23,0.57
bPls,4,5,9,0.44
bPmB,41,39,80,0.51
bPmD,13,9,22,0.59
bPmH,31,42,73,0.42
bPmI,2,3,5,0.4
bPmJ,2,7,9,0.22
bPmK,0,1,1,0.0
bPmL,9,13,22,0.41
bPmM,43,40,83,0.52
bPmN,39,25,64,0.61
bPmP,53,46,99,0.54
bPmS,23,26,49,0.47
bPmb,35,35,70,0.5
bPmh,0,0,0,
bPml,14,13,27,0.52
bPmm,37,39,76,0.49
bPmn,42,31,73,0.58
bPms,20,10,30,0.67
bPnB,23,29,52,0.44
bPnD,5,11,16,0.31
bPnH,21,20,41,0.51
bPnI,6,4,10,0.6
bPnK,2,4,6,0.33
bPnL,18,12,30,0.6
bPnM,31,30,61,0.51
bPnN,43,42,85,0.51
bPnP,48,49,97,0.49
bPnS,34,32,66,0.52
bPnb,25,31,56,0.45
bPnh,4,4,8,0.5
bPnl,8,11,19,0.42
bPnm,33,21,54,0.61
bPnn,42,32,74,0.57
bPns,21,20,41,0.51
bPsB,14,18,32,0.44
bPsD,4,4,8,0.5
bPsH,23,13,36,0.64
bPsI,0,1,1,0.0
bPsK,1,0,1,1.0
bPsL,7,10,17,0.41
bPsM,17,23,40,0.42
bPsN,16,18,34,0.47
bPsP,24,28,52,0.46
bPsS,22,14,36,0.61
bPsb,21,13,34,0.62
bPsh,0,1,1,0.0
bPsl,8,6,14,0.57
bPsm,22,17,39,0.56
bPsn,18,16,34,0.53
bPss,22,16,38,0.58
bPtB,2,6,8,0.25
bPtD,0,1,1,0.0
bPtH,0,2,2,0.0
bPtI,1,0,1,1.0
bPtK,0,2,2,0.0
bPtL,0,2,2,0.0
bPtM,2,6,8,0.25
bPtN,5,5,10,0.5
bPtP,5,8,13,0.38
bPtS,2,3,5,0.4
bPtb,6,4,10,0.6
bPtl,4,2,6,0.67
bPtm,12,4,16,0.75
bPtn,0,1,1,0.0
bPts,4,2,6,0.67
bPtt,3,0,3,1.0
bSBB,14,14,28,0.5
bSBD,2,2,4,0.5
bSBK,2,3,5,0.4
bSBL,3,1,4,0.75
bSBM,8,11,19,0.42
bSBN,15,8,23,0.65
bSBP,19,12,31,0.61
bSBS,6,9,15,0.4
bSBb,10,10,20,0.5
bSBh,2,1,3,0.67
bSBj,3,1,4,0.75
bSBl,2,3,5,0.4
bSBm,12,12,24,0.5
bSBn,17,14,31,0.55
bSBs,6,4,10,0.6
bSBt,2,2,4,0.5
bSDB,1,3,4,0.25
bSDD,3,3,6,0.5
bSDH,4,3,7,0.57
bSDI,0,0,0,
bSDL,3,2,5,0.6
bSDM,2,9,11,0.18
bSDN,5,6,11,0.45
bSDP,3,4,7,0.43
bSDS,3,10,13,0.23
bSDb,4,1,5,0.8
bSDh,0,1,1,0.0
bSDl,0,2,2,0.0
bSDm,8,5,13,0.62
bSDn,3,2,5,0.6
bSDs,0,1,1,0.0
bSDt,2,0,2,1.0
bSHB,2,4,6,0.33
bSHD,1,1,2,0.5
bSHH,6,2,8,0.75
bSHI,2,0,2,1.0
bSHK,0,1,1,0.0
bSHL,1,1,2,0.5
bSHM,7,8,15,0.47
bSHN,5,6,11,0.45
bSHP,6,9,15,0.4
bSHS,5,4,9,0.56
bSHb,4,3,7,0.57
bSHh,3,1,4,0.75
bSHl,3,1,4,0.75
bSHm,10,7,17,0.59
bSHn,4,3,7,0.57
bSHs,5,3,8,0.62
bSHt,0,0,0,
bSID,0,1,1,0.0
bSIH,2,0,2,1.0
bSIL,0,2,2,0.0
bSIM,0,0,0,
bSIN,0,0,0,
bSIP,0,1,1,0.0
bSIS,0,3,3,0.0
bSIb,1,1,2,0.5
bSIl,0,1,1,0.0
bSIm,3,0,3,1.0
bSIn,1,3,4,0.25
bSKL,1,0,1,1.0
bSKM,2,0,2,1.0
bSKS,2,0,2,1.0
bSKb,2,0,2,1.0
bSKh,0,0,0,
bSKs,0,0,0,
bSLB,5,4,9,0.56
bSLD,4,1,5,0.8
bSLL,0,3,3,0.0
bSLM,4,7,11,0.36
bSLN,4,4,8,0.5
bSLP,5,3,8,0.62
bSLS,4,8,12,0.33
bSLb,4,6,10,0.4
bSLh,4,2,6,0.67
bSLj,1,3,4,0.25
bSLl,1,3,4,0.25
bSLm,5,7,12,0.42
bSLn,7,9,16,0.44
bSLs,2,6,8,0.25
bSLt,3,0,3,1.0
bSMB,7,15,22,0.32
bSMD,4,5,9,0.44
bSMH,0,0,0,
bSMK,0,0,0,
bSML,3,3,6,0.5
bSMM,20,17,37,0.54
bSMN,12,24,36,0.33
bSMP,21,11,32,0.66
bSMS,18,10,28,0.64
bSMb,23,15,38,0.61
bSMh,11,18,29,0.38
bSMj,4,2,6,0.67
bSMl,8,7,15,0.53
bSMm,27,20,47,0.57
bSMn,19,16,35,0.54
bSMs,8,13,21,0.38
bSMt,3,1,4,0.75
bSNB,8,17,25,0.32
bSND,5,4,9,0.56
bSNH,2,3,5,0.4
bSNI,0,1,1,0.0
bSNK,1,1,2,0.5
bSNL,3,1,4,0.75
bSNM,13,16,29,0.45
bSNN,21,22,43,0.49
bSNP,30,19,49,0.61
bSNS,16,19,35,0.46
bSNb,8,5,13,0.62
bSNh,4,6,10,0.4
bSNl,3,4,7,0.43
bSNm,17,8,25,0.68
bSNn,11,16,27,0.41
bSNs,15,13,28,0.54
bSNt,0,2,2,0.0
bSPB,10,17,27,0.37
bSPD,7,3,10,0.7
bSPH,8,7,15,0.53
bSPI,3,1,4,0.75
bSPK,6,2,8,0.75
bSPL,5,16,21,0.24
bSPM,20,19,39,0.51
bSPN,17,16,33,0.52
bSPP,29,30,59,0.49
bSPS,22,15,37,0.59
bSPb,18,22,40,0.45
bSPh,3,4,7,0.43
bSPl,13,3,16,0.81
bSPm,20,21,41,0.49
bSPn,17,14,31,0.55
bSPs,14,12,26,0.54
bSPt,1,0,1,1.0
bSSB,12,11,23,0.52
bSSD,3,5,8,0.38
bSSH,10,8,18,0.56
bSSI,3,1,4,0.75
bSSL,5,7,12,0.42
bSSM,13,16,29,0.45
bSSN,14,12,26,0.54
bSSP,9,14,23,0.39
bSSS,26,29,55,0.47
bSSb,15,5,20,0.75
bSSh,6,7,13,0.46
bSSl,3,4,7,0.43
bSSm,7,8,15,0.47
bSSn,13,18,31,0.42
bSSs,11,20,31,0.35
bSSt,1,1,2,0.5
bSbB,12,9,21,0.57
bSbD,2,1,3,0.67
bSbH,3,3,6,0.5
bSbI,1,2,3,0.33
bSbJ,1,1,2,0.5
bSbK,0,1,1,0.0
bSbL,4,5,9,0.44
bSbM,11,14,25,0.44
bSbN,10,11,21,0.48
bSbP,14,19,33,0.42
bSbS,8,5,13,0.62
bSbb,7,9,16,0.44
bSbh,0,1,1,0.0
bSbl,2,2,4,0.5
bSbm,9,3,12,0.75
bSbn,15,10,25,0.6
bSbs,7,6,13,0.54
bShB,9,3,12,0.75
bShD,2,1,3,0.67
bShH,1,3,4,0.25
bShI,1,0,1,1.0
bShL,3,2,5,0.6
bShM,7,13,20,0.35
bShN,14,8,22,0.64
bShP,10,9,19,0.53
bShS,10,12,22,0.45
bShb,6,13,19,0.32
bShh,6,7,13,0.46
bShl,2,2,4,0.5
bShm,8,6,14,0.57
bShn,7,10,17,0.41
bShs,6,7,13,0.46
bSht,0,1,1,0.0
bSlB,6,6,12,0.5
bSlD,3,0,3,1.0
bSlH,4,5,9,0.44
bSlJ,0,1,1,0.0
bSlL,0,2,2,0.0
bSlM,4,6,10,0.4
bSlN,3,5,8,0.38
bSlP,4,5,9,0.44
bSlS,2,4,6,0.33
bSlb,2,11,13,0.15
bSll,1,0,1,1.0
bSlm,5,6,11,0.45
bSln,8,4,12,0.67
bSls,6,2,8,0.75
bSmB,13,10,23,0.57
bSmD,4,5,9,0.44
bSmH,14,13,27,0.52
bSmI,0,1,1,0.0
bSmJ,2,4,6,0.33
bSmL,4,5,9,0.44
bSmM,17,22,39,0.44
bSmN,12,29,41,0.29
bSmP,16,18,34,0.47
bSmS,16,14,30,0.53
bSmb,17,12,29,0.59
bSmh,0,0,0,
bSml,4,5,9,0.44
bSmm,23,14,37,0.62
bSmn,17,8,25,0.68
bSms,8,10,18,0.44
bSmt,0,0,0,
bSnB,9,16,25,0.36
bSnD,4,1,5,0.8
bSnH,5,13,18,0.28
bSnI,5,2,7,0.71
bSnK,2,3,5,0.4
bSnL,5,4,9,0.56
bSnM,20,20,40,0.5
bSnN,25,20,45,0.56
bSnP,21,22,43,0.49
bSnS,8,18,26,0.31
bSnb,19,9,28,0.68
bSnh,0,1,1,0.0
bSnl,4,4,8,0.5
bSnm,21,16,37,0.57
bSnn,21,20,41,0.51
bSns,16,11,27,0.59
bSsB,14,11,25,0.56
bSsD,3,3,6,0.5
bSsH,17,14,31,0.55
bSsI,2,1,3,0.67
bSsK,1,0,1,1.0
bSsL,4,0,4,1.0
bSsM,12,18,30,0.4
bSsN,13,11,24,0.54
bSsP,15,12,27,0.56
bSsS,17,23,40,0.42
bSsb,14,16,30,0.47
bSsl,4,6,10,0.4
bSsm,14,9,23,0.61
bSsn,20,15,35,0.57
bSss,13,13,26,0.5
bSst,1,0,1,1.0
bStB,1,0,1,1.0
bStD,0,1,1,0.0
bStH,3,1,4,0.75
bStK,0,1,1,0.0
bStM,5,2,7,0.71
bStN,2,5,7,0.29
bStP,4,3,7,0.57
bStS,3,2,5,0.6
bStb,2,3,5,0.4
bStm,2,2,4,0.5
bStn,3,2,5,0.6
bSts,1,3,4,0.25
bbBB,33,26,59,0.56
bbBD,7,6,13,0.54
bbBH,1,0,1,1.0
bbBK,3,4,7,0.43
bbBL,8,8,16,0.5
bbBM,36,37,73,0.49
bbBN,44,52,96,0.46
bbBP,38,36,74,0.51
bbBS,27,23,50,0.54
bbBb,38,18,56,0.68
bbBh,2,3,5,0.4
bbBj,10,6,16,0.62
bbBl,8,8,16,0.5
bbBm,39,26,65,0.6
bbBn,43,36,79,0.54
bbBs,26,11,37,0.7
bbBt,5,1,6,0.83
bbDB,4,3,7,0.57
bbDD,1,0,1,1.0
bbDH,6,4,10,0.6
bbDI,1,0,1,1.0
bbDL,1,0,1,1.0
bbDM,3,3,6,0.5
bbDN,4,5,9,0.44
bbDP,2,3,5,0.4
bbDS,4,0,4,1.0
bbDb,6,3,9,0.67
bbDm,4,6,10,0.4
bbDn,2,3,5,0.4
bbDs,6,1,7,0.86
bbDt,2,0,2,1.0
bbHB,10,2,12,0.83
bbHD,1,2,3,0.33
bbHH,2,2,4,0.5
bbHI,0,0,0,
bbHK,3,0,3,1.0
bbHL,2,1,3,0.67
bbHM,1,13,14,0.07
bbHN,7,8,15,0.47
bbHP,15,7,22,0.68
bbHS,7,5,12,0.58
bbHb,11,7,18,0.61
bbHh,4,6,10,0.4
bbHl,1,0,1,1.0
bbHm,10,8,18,0.56
bbHn,7,6,13,0.54
bbHs,3,5,8,0.38
bbIB,1,4,5,0.2
bbID,1,0,1,1.0
bbIH,2,2,4,0.5
bbII,1,0,1,1.0
bbIM,6,4,10,0.6
bbIN,3,4,7,0.43
bbIP,3,7,10,0.3
bbIS,1,0,1,1.0
bbIb,2,4,6,0.33
bbIh,0,1,1,0.0
bbIl,0,0,0,
bbIm,3,2,5,0.6
bbIn,4,1,5,0.8
bbIs,1,0,1,1.0
bbIt,0,0,0,
bbJB,6,4,10,0.6
bbJD,0,0,0,
bbJH,1,4,5,0.2
bbJI,1,0,1,1.0
bbJK,0,1,1,0.0
bbJL,1,1,2,0.5
bbJM,11,8,19,0.58
bbJN,9,8,17,0.53
bbJP,8,8,16,0.5
bbJS,5,3,8,0.62
bbJb,5,9,14,0.36
bbJl,0,0,0,
bbJm,5,6,11,0.45
bbJn,6,8,14,0.43
bbJs,1,3,4,0.25
bbJt,1,0,1,1.0
bbKB,2,5,7,0.29
bbKD,1,0,1,1.0
bbKH,1,0,1,1.0
bbKI,0,1,1,0.0
bbKL,1,1,2,0.5
bbKM,5,2,7,0.71
bbKN,2,1,3,0.67
bbKP,9,4,13,0.69
bbKS,2,2,4,0.5
bbKb,4,6,10,0.4
bbKh,3,2,5,0.6
bbKl,1,2,3,0.33
bbKm,7,5,12,0.58
bbKn,1,6,7,0.14
bbKs,3,2,5,0.6
bbLB,8,11,19,0.42
bbLD,1,1,2,0.5
bbLH,1,1,2,0.5
bbLK,1,0,1,1.0
bbLL,5,3,8,0.62
bbLM,15,14,29,0.52
bbLN,10,9,19,0.53
bbLP,15,16,31,0.48
bbLS,8,5,13,0.62
bbLb,4,5,9,0.44
bbLh,2,5,7,0.29
bbLj,1,0,1,1.0
bbLl,2,1,3,0.67
bbLm,5,7,12,0.42
bbLn,22,9,31,0.71
bbLs,6,5,11,0.55
bbLt,0,1,1,0.0
bbMB,30,21,51,0.59
bbMD,10,8,18,0.56
bbMH,2,0,2,1.0
bbML,8,8,16,0.5
bbMM,24,35,59,0.41
bbMN,36,24,60,0.6
bbMP,38,33,71,0.54
bbMS,16,14,30,0.53
bbMb,29,30,59,0.49
bbMh,23,27,50,0.46
bbMj,6,1,7,0.86
bbMl,8,11,19,0.42
bbMm,25,35,60,0.42
bbMn,52,49,101,0.51
bbMs,19,17,36,0.53
bbMt,4,2,6,0.67
bbNB,27,28,55,0.49
bbND,11,6,17,0.65
bbNH,2,8,10,0.2
bbNI,1,0,1,1.0
bbNK,3,0,3,1.0
bbNL,19,12,31,0.61
bbNM,32,49,81,0.4
bbNN,63,47,110,0.57
bbNP,52,48,100,0.52
bbNS,36,28,64,0.56
bbNb,32,30,62,0.52
bbNh,18,13,31,0.58
bbNl,9,8,17,0.53
bbNm,40,19,59,0.68
bbNn,48,42,90,0.53
bbNs,17,24,41,0.41
bbNt,6,1,7,0.86
bbPB,37,48,85,0.44
bbPD,5,6,11,0.45
bbPH,8,10,18,0.44
bbPI,6,1,7,0.86
bbPK,6,5,11,0.55
bbPL,12,17,29,0.41
bbPM,38,55,93,0.41
bbPN,43,44,87,0.49
bbPP,39,58,97,0.4
bbPS,25,19,44,0.57
bbPb,41,46,87,0.47
bbPh,4,3,7,0.57
bbPl,7,11,18,0.39
bbPm,38,27,65,0.58
bbPn,50,36,86,0.58
bbPs,27,23,50,0.54
bbPt,3,7,10,0.3
bbSB,15,8,23,0.65
bbSD,3,2,5,0.6
bbSH,2,5,7,0.29
bbSI,2,0,2,1.0
bbSL,5,7,12,0.42
bbSM,20,16,36,0.56
bbSN,21,7,28,0.75
bbSP,16,14,30,0.53
bbSS,14,11,25,0.56
bbSb,9,6,15,0.6
bbSh,7,10,17,0.41
bbSl,3,3,6,0.5
bbSm,10,14,24,0.42
bbSn,19,19,38,0.5
bbSs,11,12,23,0.48
bbSt,1,1,2,0.5
bbbB,40,45,85,0.47
bbbD,3,6,9,0.33
bbbH,10,9,19,0.53
bbbI,5,5,10,0.5
bbbJ,11,5,16,0.69
bbbK,2,2,4,0.5
bbbL,10,12,22,0.45
bbbM,23,47,70,0.33
bbbN,47,37,84,0.56
bbbP,46,43,89,0.52
bbbS,15,16,31,0.48
bbbb,38,42,80,0.48
bbbl,10,5,15,0.67
bbbm,24,26,50,0.48
bbbn,32,28,60,0.53
bbbs,10,5,15,0.67
bbhI,0,0,0,
bbhM,0,1,1,0.0
bbhb,1,0,1,1.0
bbhm,1,0,1,1.0
bbhn,0,1,1,0.0
bblB,5,4,9,0.56
bblD,1,1,2,0.5
bblH,5,5,10,0.5
bblI,1,2,3,0.33
bblJ,3,0,3,1.0
bblK,0,1,1,0.0
bblL,3,4,7,0.43
bblM,14,11,25,0.56
bblN,11,10,21,0.52
bblP,8,6,14,0.57
bblS,2,3,5,0.4
bblb,9,15,24,0.38
bbll,2,1,3,0.67
bblm,12,3,15,0.8
bbln,8,2,10,0.8
bbls,2,1,3,0.67
bbmB,24,27,51,0.47
bbmD,6,9,15,0.4
bbmH,20,17,37,0.54
bbmI,2,1,3,0.67
bbmJ,4,6,10,0.4
bbmK,0,0,0,
bbmL,12,6,18,0.67
bbmM,31,30,61,0.51
bbmN,27,24,51,0.53
bbmP,40,38,78,0.51
bbmS,14,12,26,0.54
bbmb,34,23,57,0.6
bbml,8,10,18,0.44
bbmm,28,21,49,0.57
bbmn,28,15,43,0.65
bbms,7,6,13,0.54
bbnB,27,25,52,0.52
bbnD,3,6,9,0.33
bbnH,12,11,23,0.52
bbnI,1,4,5,0.2
bbnK,0,3,3,0.0
bbnL,9,4,13,0.69
bbnM,29,40,69,0.42
bbnN,31,45,76,0.41
bbnP,43,32,75,0.57
bbnS,12,26,38,0.32
bbnb,32,20,52,0.62
bbnh,0,3,3,0.0
bbnl,7,5,12,0.58
bbnm,26,20,46,0.57
bbnn,31,25,56,0.55
bbns,15,17,32,0.47
bbsB,13,8,21,0.62
bbsD,1,3,4,0.25
bbsH,8,11,19,0.42
bbsI,0,3,3,0.0
bbsL,3,4,7,0.43
bbsM,13,12,25,0.52
bbsN,17,10,27,0.63
bbsP,16,12,28,0.57
bbsS,8,14,22,0.36
bbsb,7,8,15,0.47
bbsh,0,2,2,0.0
bbsl,3,3,6,0.5
bbsm,13,10,23,0.57
bbsn,12,8,20,0.6
bbss,5,2,7,0.71
bhBP,0,0,0,
bhBm,0,1,1,0.0
bhDM,1,0,1,1.0
bhDn,0,1,1,0.0
bhIb,1,0,1,1.0
bhIm,0,1,1,0.0
bhLB,1,0,1,1.0
bhMB,0,0,0,
bhMb,0,0,0,
bhMl,1,0,1,1.0
bhMm,1,0,1,1.0
bhNP,1,0,1,1.0
bhNS,0,2,2,0.0
bhPM,1,0,1,1.0
bhPN,0,1,1,0.0
bhPP,0,2,2,0.0
bhPs,1,0,1,1.0
bhSM,0,1,1,0.0
bhSN,1,0,1,1.0
bhSP,1,0,1,1.0
bhSS,0,1,1,0.0
bhSb,1,0,1,1.0
bhSs,0,1,1,0.0
bhbD,0,0,0,
bhbH,1,0,1,1.0
bhbM,1,2,3,0.33
bhbN,1,0,1,1.0
bhhm,0,0,0,
bhlH,0,0,0,
bhlL,0,1,1,0.0
bhmB,1,0,1,1.0
bhmH,0,1,1,0.0
bhmL,0,1,1,0.0
bhmM,1,0,1,1.0
bhmN,0,1,1,0.0
bhmP,0,1,1,0.0
bhmS,2,0,2,1.0
bhmh,0,0,0,
bhmn,1,0,1,1.0
bhnb,0,1,1,0.0
blBB,2,3,5,0.4
blBD,3,0,3,1.0
blBK,2,2,4,0.5
blBL,3,7,10,0.3
blBM,8,6,14,0.57
blBN,7,9,16,0.44
blBP,19,17,36,0.53
blBS,4,4,8,0.5
blBb,5,5,10,0.5
blBh,0,1,1,0.0
blBj,1,4,5,0.2
blBl,3,3,6,0.5
blBm,8,4,12,0.67
blBn,11,7,18,0.61
blBs,5,4,9,0.56
blBt,1,1,2,0.5
blDB,1,1,2,0.5
blDD,1,0,1,1.0
blDL,1,3,4,0.25
blDM,2,1,3,0.67
blDN,0,1,1,0.0
blDP,2,0,2,1.0
blDb,0,1,1,0.0
blDm,3,1,4,0.75
blDn,1,0,1,1.0
blDt,1,0,1,1.0
blHB,2,3,5,0.4
blHH,2,2,4,0.5
blHI,0,0,0,
blHL,1,6,7,0.14
blHM,5,10,15,0.33
blHN,7,5,12,0.58
blHP,4,3,7,0.57
blHS,2,3,5,0.4
blHb,3,4,7,0.43
blHh,3,1,4,0.75
blHl,2,1,3,0.67
blHm,5,3,8,0.62
blHn,2,7,9,0.22
blHs,1,2,3,0.33
blHt,0,2,2,0.0
blIB,0,1,1,0.0
blIH,0,1,1,0.0
blIL,0,1,1,0.0
blIM,1,1,2,0.5
blIN,1,0,1,1.0
blIP,1,1,2,0.5
blIS,0,1,1,0.0
blIb,0,1,1,0.0
blIl,2,0,2,1.0
blIm,1,0,1,1.0
blIs,1,1,2,0.5
blJB,4,1,5,0.8
blJD,1,0,1,1.0
blJH,2,1,3,0.67
blJK,0,1,1,0.0
blJL,0,1,1,0.0
blJM,2,3,5,0.4
blJN,4,0,4,1.0
blJP,2,3,5,0.4
blJS,0,2,2,0.0
blJb,1,3,4,0.25
blJl,1,2,3,0.33
blJm,0,1,1,0.0
blJn,2,2,4,0.5
blJs,0,1,1,0.0
blJt,1,0,1,1.0
blKB,0,0,0,
blKK,1,0,1,1.0
blKP,1,0,1,1.0
blKb,0,1,1,0.0
blKh,1,0,1,1.0
blKm,1,0,1,1.0
blLB,5,2,7,0.71
blLL,0,3,3,0.0
blLM,3,1,4,0.75
blLN,1,1,2,0.5
blLP,6,5,11,0.55
blLS,4,2,6,0.67
blLb,2,2,4,0.5
blLh,1,2,3,0.33
blLj,1,0,1,1.0
blLl,1,0,1,1.0
blLm,3,3,6,0.5
blLn,5,3,8,0.62
blLs,2,2,4,0.5
blLt,0,2,2,0.0
blMB,3,10,13,0.23
blMD,3,2,5,0.6
blML,1,2,3,0.33
blMM,4,12,16,0.25
blMN,10,12,22,0.45
blMP,11,12,23,0.48
blMS,10,6,16,0.62
blMb,6,3,9,0.67
blMh,2,5,7,0.29
blMj,3,1,4,0.75
blMl,5,4,9,0.56
blMm,12,10,22,0.55
blMn,10,12,22,0.45
blMs,3,5,8,0.38
blNB,11,3,14,0.79
blND,1,0,1,1.0
blNH,1,3,4,0.25
blNK,0,1,1,0.0
blNL,1,5,6,0.17
blNM,12,11,23,0.52
blNN,6,7,13,0.46
blNP,16,18,34,0.47
blNS,9,4,13,0.69
blNb,10,14,24,0.42
blNh,3,3,6,0.5
blNl,6,1,7,0.86
blNm,11,9,20,0.55
blNn,12,10,22,0.55
blNs,7,8,15,0.47
blPB,9,6,15,0.6
blPD,1,2,3,0.33
blPH,4,2,6,0.67
blPI,1,2,3,0.33
blPL,7,5,12,0.58
blPM,9,7,16,0.56
blPN,18,11,29,0.62
blPP,15,19,34,0.44
blPS,7,10,17,0.41
blPb,5,7,12,0.42
blPh,0,1,1,0.0
blPl,4,4,8,0.5
blPm,15,14,29,0.52
blPn,10,10,20,0.5
blPs,3,5,8,0.38
blPt,2,1,3,0.67
blSB,7,0,7,1.0
blSD,1,0,1,1.0
blSH,1,3,4,0.25
blSL,1,0,1,1.0
blSM,7,8,15,0.47
blSN,5,5,10,0.5
blSP,7,5,12,0.58
blSS,2,6,8,0.25
blSb,5,1,6,0.83
blSh,3,2,5,0.6
blSl,3,3,6,0.5
blSm,3,8,11,0.27
blSn,6,4,10,0.6
blSs,7,6,13,0.54
blbB,14,17,31,0.45
blbD,2,0,2,1.0
blbH,1,0,1,1.0
blbI,1,0,1,1.0
blbJ,1,1,2,0.5
blbK,1,0,1,1.0
blbL,2,5,7,0.29
blbM,5,11,16,0.31
blbN,9,10,19,0.47
blbP,11,5,16,0.69
blbS,2,5,7,0.29
blbb,11,8,19,0.58
blbh,1,0,1,1.0
blbl,5,2,7,0.71
blbm,5,8,13,0.38
blbn,15,7,22,0.68
blbs,3,2,5,0.6
blhs,0,0,0,
bllB,2,2,4,0.5
bllH,3,0,3,1.0
bllI,1,0,1,1.0
bllJ,4,0,4,1.0
bllL,4,3,7,0.57
bllM,3,6,9,0.33
bllN,4,1,5,0.8
bllP,3,5,8,0.38
bllS,0,1,1,0.0
bllb,5,3,8,0.62
blll,0,1,1,0.0
bllm,2,1,3,0.67
blln,2,1,3,0.67
blls,1,1,2,0.5
blmB,9,8,17,0.53
blmD,0,2,2,0.0
blmH,7,7,14,0.5
blmI,2,0,2,1.0
blmJ,1,2,3,0.33
blmK,1,0,1,1.0
blmL,4,3,7,0.57
blmM,8,9,17,0.47
blmN,7,8,15,0.47
blmP,15,7,22,0.68
blmS,4,7,11,0.36
blmb,9,11,20,0.45
blmh,1,0,1,1.0
blml,2,1,3,0.67
blmm,5,5,10,0.5
blmn,8,7,15,0.53
blms,2,3,5,0.4
blnB,9,10,19,0.47
blnD,2,0,2,1.0
blnH,2,3,5,0.4
blnI,1,1,2,0.5
blnK,1,1,2,0.5
blnL,3,4,7,0.43
blnM,4,13,17,0.24
blnN,6,8,14,0.43
blnP,7,14,21,0.33
blnS,4,1,5,0.8
blnb,5,8,13,0.38
blnl,3,2,5,0.6
blnm,6,4,10,0.6
blnn,7,6,13,0.54
blns,3,4,7,0.43
blsB,2,3,5,0.4
blsD,1,3,4,0.25
blsH,2,0,2,1.0
blsI,0,0,0,
blsL,2,1,3,0.67
blsM,5,4,9,0.56
blsN,4,4,8,0.5
blsP,5,2,7,0.71
blsS,4,3,7,0.57
blsb,2,4,6,0.33
blsh,0,1,1,0.0
blsl,3,1,4,0.75
blsm,4,3,7,0.57
blsn,3,3,6,0.5
blss,4,4,8,0.5
bltm,1,0,1,1.0
bmBB,25,23,48,0.52
bmBD,4,4,8,0.5
bmBH,0,0,0,
bmBK,1,6,7,0.14
bmBL,7,6,13,0.54
bmBM,27,27,54,0.5
bmBN,37,53,90,0.41
bmBP,34,23,57,0.6
bmBS,20,16,36,0.56
bmBb,22,23,45,0.49
bmBh,5,4,9,0.56
bmBj,6,6,12,0.5
bmBl,12,8,20,0.6
bmBm,35,23,58,0.6
bmBn,40,40,80,0.5
bmBs,14,16,30,0.47
bmBt,2,4,6,0.33
bmDB,3,9,12,0.25
bmDD,6,1,7,0.86
bmDH,2,6,8,0.25
bmDL,2,3,5,0.4
bmDM,12,10,22,0.55
bmDN,9,8,17,0.53
bmDP,7,4,11,0.64
bmDS,3,7,10,0.3
bmDb,3,7,10,0.3
bmDh,0,0,0,
bmDl,2,0,2,1.0
bmDm,11,10,21,0.52
bmDn,4,5,9,0.44
bmDs,8,4,12,0.67
bmDt,3,0,3,1.0
bmHB,18,21,39,0.46
bmHD,3,5,8,0.38
bmHH,5,4,9,0.56
bmHI,4,3,7,0.57
bmHK,3,1,4,0.75
bmHL,3,10,13,0.23
bmHM,24,27,51,0.47
bmHN,22,18,40,0.55
bmHP,23,27,50,0.46
bmHS,19,11,30,0.63
bmHb,31,19,50,0.62
bmHh,8,4,12,0.67
bmHl,6,4,10,0.6
bmHm,25,15,40,0.62
bmHn,26,19,45,0.58
bmHs,21,12,33,0.64
bmHt,0,4,4,0.0
bmIB,1,1,2,0.5
bmIH,1,2,3,0.33
bmIL,1,0,1,1.0
bmIM,1,2,3,0.33
bmIN,3,1,4,0.75
bmIP,4,3,7,0.57
bmIS,1,1,2,0.5
bmIb,2,2,4,0.5
bmIl,1,0,1,1.0
bmIm,1,1,2,0.5
bmIn,1,1,2,0.5
bmIs,1,1,2,0.5
bmIt,0,0,0,
bmJB,7,3,10,0.7
bmJD,2,0,2,1.0
bmJH,2,0,2,1.0
bmJL,3,1,4,0.75
bmJM,4,5,9,0.44
bmJN,3,4,7,0.43
bmJP,5,6,11,0.45
bmJS,1,0,1,1.0
bmJb,8,5,13,0.62
bmJh,1,0,1,1.0
bmJl,2,1,3,0.67
bmJm,8,3,11,0.73
bmJn,5,5,10,0.5
bmJs,3,2,5,0.6
bmJt,1,0,1,1.0
bmKB,0,1,1,0.0
bmKD,0,1,1,0.0
bmKM,1,0,1,1.0
bmKP,1,1,2,0.5
bmKb,0,1,1,0.0
bmKh,0,2,2,0.0
bmKm,1,1,2,0.5
bmLB,10,6,16,0.62
bmLD,2,3,5,0.4
bmLI,1,0,1,1.0
bmLK,0,1,1,0.0
bmLL,3,2,5,0.6
bmLM,9,18,27,0.33
bmLN,7,10,17,0.41
bmLP,10,14,24,0.42
bmLS,5,3,8,0.62
bmLb,3,7,10,0.3
bmLh,4,3,7,0.57
bmLj,0,1,1,0.0
bmLl,3,1,4,0.75
bmLm,8,5,13,0.62
bmLn,9,10,19,0.47
bmLs,5,3,8,0.62
bmLt,2,0,2,1.0
bmMB,19,17,36,0.53
bmMD,15,7,22,0.68
bmML,5,7,12,0.42
bmMM,36,47,83,0.43
bmMN,35,29,64,0.55
bmMP,36,38,74,0.49
bmMS,20,17,37,0.54
bmMb,28,26,54,0.52
bmMh,18,28,46,0.39
bmMj,4,3,7,0.57
bmMl,6,12,18,0.33
bmMm,46,37,83,0.55
bmMn,45,42,87,0.52
bmMs,19,21,40,0.48
bmMt,3,4,7,0.43
bmNB,28,34,62,0.45
bmND,7,7,14,0.5
bmNH,8,2,10,0.8
bmNI,1,0,1,1.0
bmNK,3,2,5,0.6
bmNL,9,13,22,0.41
bmNM,30,43,73,0.41
bmNN,46,45,91,0.51
bmNP,50,41,91,0.55
bmNS,24,25,49,0.49
bmNb,24,25,49,0.49
bmNh,5,6,11,0.45
bmNl,12,12,24,0.5
bmNm,28,26,54,0.52
bmNn,47,41,88,0.53
bmNs,23,20,43,0.53
bmNt,5,5,10,0.5
bmPB,32,36,68,0.47
bmPD,4,6,10,0.4
bmPH,10,3,13,0.77
bmPI,0,4,4,0.0
bmPK,3,4,7,0.43
bmPL,12,11,23,0.52
bmPM,42,40,82,0.51
bmPN,41,41,82,0.5
bmPP,46,39,85,0.54
bmPS,30,32,62,0.48
bmPb,48,34,82,0.59
bmPh,4,5,9,0.44
bmPl,10,11,21,0.48
bmPm,41,24,65,0.63
bmPn,41,22,63,0.65
bmPs,15,19,34,0.44
bmPt,2,4,6,0.33
bmSB,17,13,30,0.57
bmSD,4,3,7,0.57
bmSH,5,10,15,0.33
bmSI,1,0,1,1.0
bmSK,0,0,0,
bmSL,3,3,6,0.5
bmSM,16,15,31,0.52
bmSN,10,16,26,0.38
bmSP,11,15,26,0.42
bmSS,21,16,37,0.57
bmSb,12,10,22,0.55
bmSh,12,11,23,0.52
bmSl,8,4,12,0.67
bmSm,18,23,41,0.44
bmSn,24,14,38,0.63
bmSs,26,7,33,0.79
bmSt,2,3,5,0.4
bmbB,27,31,58,0.47
bmbD,3,5,8,0.38
bmbH,5,4,9,0.56
bmbI,4,1,5,0.8
bmbJ,10,6,16,0.62
bmbK,3,4,7,0.43
bmbL,6,8,14,0.43
bmbM,33,22,55,0.6
bmbN,46,31,77,0.6
bmbP,49,28,77,0.64
bmbS,14,11,25,0.56
bmbb,42,34,76,0.55
bmbl,4,8,12,0.33
bmbm,26,20,46,0.57
bmbn,37,45,82,0.45
bmbs,9,9,18,0.5
bmhL,1,0,1,1.0
bmhS,0,1,1,0.0
bmhb,1,0,1,1.0
bmhm,2,0,2,1.0
bmlB,8,8,16,0.5
bmlD,1,1,2,0.5
bmlH,1,3,4,0.25
bmlI,1,2,3,0.33
bmlJ,2,1,3,0.67
bmlL,2,3,5,0.4
bmlM,7,8,15,0.47
bmlN,7,11,18,0.39
bmlP,7,7,14,0.5
bmlS,3,5,8,0.38
bmlb,11,4,15,0.73
bmll,1,3,4,0.25
bmlm,9,5,14,0.64
bmln,8,10,18,0.44
bmls,5,2,7,0.71
bmmB,36,39,75,0.48
bmmD,6,5,11,0.55
bmmH,18,16,34,0.53
bmmJ,6,5,11,0.55
bmmK,1,0,1,1.0
bmmL,7,14,21,0.33
bmmM,34,34,68,0.5
bmmN,35,28,63,0.56
bmmP,32,37,69,0.46
bmmS,19,14,33,0.58
bmmb,30,30,60,0.5
bmmh,0,1,1,0.0
bmml,7,2,9,0.78
bmmm,44,26,70,0.63
bmmn,14,24,38,0.37
bmms,15,6,21,0.71
bmnB,21,24,45,0.47
bmnD,4,4,8,0.5
bmnH,14,17,31,0.45
bmnI,3,4,7,0.43
bmnK,1,3,4,0.25
bmnL,4,5,9,0.44
bmnM,28,22,50,0.56
bmnN,32,40,72,0.44
bmnP,43,37,80,0.54
bmnS,17,19,36,0.47
bmnb,25,28,53,0.47
bmnh,1,3,4,0.25
bmnl,8,5,13,0.62
bmnm,21,21,42,0.5
bmnn,25,16,41,0.61
bmns,15,19,34,0.44
bmsB,9,10,19,0.47
bmsD,5,3,8,0.62
bmsH,6,4,10,0.6
bmsI,3,0,3,1.0
bmsL,1,1,2,0.5
bmsM,11,14,25,0.44
bmsN,12,22,34,0.35
bmsP,11,14,25,0.44
bmsS,6,12,18,0.33
bmsb,14,8,22,0.64
bmsh,0,2,2,0.0
bmsl,3,2,5,0.6
bmsm,14,16,30,0.47
bmsn,11,11,22,0.5
bmss,11,10,21,0.52
bnBB,16,22,38,0.42
bnBD,5,4,9,0.56
bnBK,4,2,6,0.67
bnBL,6,10,16,0.38
bnBM,25,24,49,0.51
bnBN,31,44,75,0.41
bnBP,31,33,64,0.48
bnBS,17,13,30,0.57
bnBb,27,18,45,0.6
bnBh,4,5,9,0.44
bnBj,4,4,8,0.5
bnBl,8,7,15,0.53
bnBm,30,17,47,0.64
bnBn,36,41,77,0.47
bnBs,19,12,31,0.61
bnBt,2,1,3,0.67
bnDB,2,8,10,0.2
bnDD,1,2,3,0.33
bnDH,9,6,15,0.6
bnDK,0,1,1,0.0
bnDL,3,3,6,0.5
bnDM,6,5,11,0.55
bnDN,6,5,11,0.55
bnDP,7,9,16,0.44
bnDS,2,5,7,0.29
bnDb,7,3,10,0.7
bnDl,0,2,2,0.0
bnDm,10,3,13,0.77
bnDn,8,3,11,0.73
bnDs,6,5,11,0.55
bnDt,1,0,1,1.0
bnHB,14,10,24,0.58
bnHD,2,2,4,0.5
bnHH,1,3,4,0.25
bnHI,1,0,1,1.0
bnHK,1,0,1,1.0
bnHL,7,2,9,0.78
bnHM,12,15,27,0.44
bnHN,20,19,39,0.51
bnHP,16,25,41,0.39
bnHS,7,9,16,0.44
bnHb,14,14,28,0.5
bnHh,7,8,15,0.47
bnHl,6,2,8,0.75
bnHm,19,13,32,0.59
bnHn,13,15,28,0.46
bnHs,16,7,23,0.7
bnHt,2,3,5,0.4
bnIB,3,4,7,0.43
bnID,1,1,2,0.5
bnIH,3,1,4,0.75
bnII,1,1,2,0.5
bnIL,2,4,6,0.33
bnIM,2,6,8,0.25
bnIN,3,4,7,0.43
bnIP,4,4,8,0.5
bnIS,3,3,6,0.5
bnIb,6,2,8,0.75
bnIl,4,0,4,1.0
bnIm,16,4,20,0.8
bnIn,3,1,4,0.75
bnIs,6,2,8,0.75
bnIt,0,0,0,
bnKB,0,1,1,0.0
bnKD,2,1,3,0.67
bnKL,1,0,1,1.0
bnKM,4,5,9,0.44
bnKN,2,6,8,0.25
bnKP,7,3,10,0.7
bnKS,0,2,2,0.0
bnKb,1,3,4,0.25
bnKh,2,3,5,0.4
bnKl,0,2,2,0.0
bnKm,4,0,4,1.0
bnKn,1,2,3,0.33
bnKs,3,4,7,0.43
bnLB,4,6,10,0.4
bnLD,3,2,5,0.6
bnLK,0,0,0,
bnLL,6,3,9,0.67
bnLM,9,5,14,0.64
bnLN,8,6,14,0.57
bnLP,11,12,23,0.48
bnLS,7,7,14,0.5
bnLb,7,4,11,0.64
bnLh,2,4,6,0.33
bnLj,1,2,3,0.33
bnLl,1,2,3,0.33
bnLm,5,4,9,0.56
bnLn,10,7,17,0.59
bnLs,2,3,5,0.4
bnLt,2,1,3,0.67
bnMB,24,27,51,0.47
bnMD,9,6,15,0.6
bnML,4,14,18,0.22
bnMM,25,29,54,0.46
bnMN,39,36,75,0.52
bnMP,32,35,67,0.48
bnMS,14,26,40,0.35
bnMb,20,25,45,0.44
bnMh,19,27,46,0.41
bnMj,3,2,5,0.6
bnMl,5,7,12,0.42
bnMm,46,29,75,0.61
bnMn,42,46,88,0.48
bnMs,20,24,44,0.45
bnMt,7,3,10,0.7
bnNB,34,33,67,0.51
bnND,2,9,11,0.18
bnNH,9,5,14,0.64
bnNI,1,0,1,1.0
bnNK,6,5,11,0.55
bnNL,11,9,20,0.55
bnNM,43,54,97,0.44
bnNN,51,46,97,0.53
bnNP,73,43,116,0.63
bnNS,37,30,67,0.55
bnNb,38,32,70,0.54
bnNh,12,14,26,0.46
bnNl,10,9,19,0.53
bnNm,40,32,72,0.56
bnNn,55,52,107,0.51
bnNs,39,27,66,0.59
bnNt,7,3,10,0.7
bnPB,29,33,62,0.47
bnPD,6,7,13,0.46
bnPH,20,19,39,0.51
bnPI,6,5,11,0.55
bnPK,5,7,12,0.42
bnPL,16,15,31,0.52
bnPM,28,44,72,0.39
bnPN,45,46,91,0.49
bnPP,62,44,106,0.58
bnPS,23,25,48,0.48
bnPb,37,28,65,0.57
bnPh,4,4,8,0.5
bnPl,16,14,30,0.53
bnPm,43,46,89,0.48
bnPn,33,26,59,0.56
bnPs,22,29,51,0.43
bnPt,7,6,13,0.54
bnSB,22,7,29,0.76
bnSD,5,3,8,0.62
bnSH,7,5,12,0.58
bnSK,0,1,1,0.0
bnSL,6,4,10,0.6
bnSM,11,16,27,0.41
bnSN,15,13,28,0.54
bnSP,23,20,43,0.53
bnSS,16,17,33,0.48
bnSb,7,18,25,0.28
bnSh,8,11,19,0.42
bnSl,0,6,6,0.0
bnSm,21,15,36,0.58
bnSn,23,27,50,0.46
bnSs,27,20,47,0.57
bnSt,6,6,12,0.5
bnbB,36,28,64,0.56
bnbD,3,3,6,0.5
bnbH,6,3,9,0.67
bnbI,0,2,2,0.0
bnbJ,6,9,15,0.4
bnbK,3,4,7,0.43
bnbL,7,17,24,0.29
bnbM,26,37,63,0.41
bnbN,43,41,84,0.51
bnbP,33,41,74,0.45
bnbS,10,18,28,0.36
bnbb,23,31,54,0.43
bnbl,4,7,11,0.36
bnbm,22,25,47,0.47
bnbn,33,24,57,0.58
bnbs,11,10,21,0.52
bnhB,0,1,1,0.0
bnhD,1,0,1,1.0
bnhH,1,0,1,1.0
bnhL,2,0,2,1.0
bnhM,1,1,2,0.5
bnhN,1,2,3,0.33
bnhP,0,3,3,0.0
bnhS,2,0,2,1.0
bnhb,3,1,4,0.75
bnhh,0,1,1,0.0
bnhl,0,0,0,
bnhm,1,2,3,0.33
bnhn,1,1,2,0.5
bnhs,3,1,4,0.75
bnlB,6,6,12,0.5
bnlH,2,6,8,0.25
bnlI,0,1,1,0.0
bnlJ,1,3,4,0.25
bnlK,0,0,0,
bnlL,2,8,10,0.2
bnlM,13,7,20,0.65
bnlN,12,7,19,0.63
bnlP,10,11,21,0.48
bnlS,8,2,10,0.8
bnlb,11,6,17,0.65
bnll,0,2,2,0.0
bnlm,14,8,22,0.64
bnln,9,3,12,0.75
bnls,2,2,4,0.5
bnmB,34,17,51,0.67
bnmD,10,5,15,0.67
bnmH,20,24,44,0.45
bnmI,2,3,5,0.4
bnmJ,7,3,10,0.7
bnmK,1,0,1,1.0
bnmL,5,8,13,0.38
bnmM,30,29,59,0.51
bnmN,36,39,75,0.48
bnmP,40,29,69,0.58
bnmS,14,16,30,0.47
bnmb,27,20,47,0.57
bnml,5,3,8,0.62
bnmm,25,23,48,0.52
bnmn,27,26,53,0.51
bnms,16,12,28,0.57
bnnB,19,28,47,0.4
bnnD,7,6,13,0.54
bnnH,12,22,34,0.35
bnnI,3,2,5,0.6
bnnK,3,2,5,0.6
bnnL,12,10,22,0.55
bnnM,25,32,57,0.44
bnnN,48,37,85,0.56
bnnP,52,40,92,0.57
bnnS,32,23,55,0.58
bnnb,21,21,42,0.5
bnnh,1,1,2,0.5
bnnl,3,11,14,0.21
bnnm,30,18,48,0.62
bnnn,39,34,73,0.53
bnns,22,22,44,0.5
bnnt,1,1,2,0.5
bnsB,11,12,23,0.48
bnsD,4,5,9,0.44
bnsH,14,19,33,0.42
bnsI,1,2,3,0.33
bnsK,0,0,0,
bnsL,2,2,4,0.5
bnsM,23,22,45,0.51
bnsN,20,14,34,0.59
bnsP,18,14,32,0.56
bnsS,13,17,30,0.43
bnsb,12,17,29,0.41
bnsh,0,5,5,0.0
bnsl,6,5,11,0.55
bnsm,28,20,48,0.58
bnsn,17,20,37,0.46
bnss,8,15,23,0.35
bntB,0,0,0,
bntm,1,0,1,1.0
bsBB,6,12,18,0.33
bsBD,0,1,1,0.0
bsBK,1,0,1,1.0
bsBL,3,6,9,0.33
bsBM,11,13,24,0.46
bsBN,10,17,27,0.37
bsBP,12,15,27,0.44
bsBS,7,6,13,0.54
bsBb,11,8,19,0.58
bsBh,4,2,6,0.67
bsBj,3,4,7,0.43
bsBl,3,3,6,0.5
bsBm,12,7,19,0.63
bsBn,14,16,30,0.47
bsBs,7,8,15,0.47
bsBt,2,0,2,1.0
bsDB,1,1,2,0.5
bsDD,2,2,4,0.5
bsDH,0,5,5,0.0
bsDI,0,0,0,
bsDL,0,1,1,0.0
bsDM,3,8,11,0.27
bsDN,3,4,7,0.43
bsDP,5,3,8,0.62
bsDS,1,5,6,0.17
bsDb,3,3,6,0.5
bsDl,1,0,1,1.0
bsDm,4,5,9,0.44
bsDn,5,2,7,0.71
bsDs,2,5,7,0.29
bsDt,1,0,1,1.0
bsHB,13,8,21,0.62
bsHD,1,3,4,0.25
bsHH,5,1,6,0.83
bsHI,2,0,2,1.0
bsHK,0,2,2,0.0
bsHL,3,3,6,0.5
bsHM,14,16,30,0.47
bsHN,9,10,19,0.47
bsHP,19,15,34,0.56
bsHS,16,10,26,0.62
bsHb,10,12,22,0.45
bsHh,4,4,8,0.5
bsHl,7,6,13,0.54
bsHm,19,13,32,0.59
bsHn,9,15,24,0.38
bsHs,16,8,24,0.67
bsHt,0,1,1,0.0
bsIB,1,2,3,0.33
bsID,3,1,4,0.75
bsIH,1,4,5,0.2
bsII,1,0,1,1.0
bsIL,0,1,1,0.0
bsIM,0,5,5,0.0
bsIN,2,1,3,0.67
bsIP,3,1,4,0.75
bsIS,1,0,1,1.0
bsIb,1,8,9,0.11
bsIh,0,1,1,0.0
bsIm,2,5,7,0.29
bsIn,0,6,6,0.0
bsIs,2,1,3,0.67
bsKP,0,1,1,0.0
bsKb,0,1,1,0.0
bsKl,0,1,1,0.0
bsKt,1,0,1,1.0
bsLB,3,2,5,0.6
bsLD,4,1,5,0.8
bsLH,0,1,1,0.0
bsLK,2,0,2,1.0
bsLL,1,1,2,0.5
bsLM,11,6,17,0.65
bsLN,7,3,10,0.7
bsLP,5,9,14,0.36
bsLS,6,2,8,0.75
bsLb,5,5,10,0.5
bsLh,1,4,5,0.2
bsLj,0,2,2,0.0
bsLl,2,5,7,0.29
bsLm,7,8,15,0.47
bsLn,4,3,7,0.57
bsLs,2,1,3,0.67
bsLt,0,1,1,0.0
bsMB,20,11,31,0.65
bsMD,4,4,8,0.5
bsMH,0,1,1,0.0
bsML,3,4,7,0.43
bsMM,17,19,36,0.47
bsMN,10,15,25,0.4
bsMP,15,14,29,0.52
bsMS,14,8,22,0.64
bsMb,10,10,20,0.5
bsMh,8,12,20,0.4
bsMj,5,3,8,0.62
bsMl,2,7,9,0.22
bsMm,20,14,34,0.59
bsMn,22,14,36,0.61
bsMs,12,9,21,0.57
bsMt,1,2,3,0.33
bsNB,19,14,33,0.58
bsND,2,3,5,0.4
bsNH,4,4,8,0.5
bsNK,1,2,3,0.33
bsNL,2,3,5,0.4
bsNM,14,12,26,0.54
bsNN,26,25,51,0.51
bsNP,26,20,46,0.57
bsNS,8,16,24,0.33
bsNb,5,8,13,0.38
bsNh,2,2,4,0.5
bsNl,2,4,6,0.33
bsNm,17,12,29,0.59
bsNn,23,16,39,0.59
bsNs,9,9,18,0.5
bsNt,3,4,7,0.43
bsPB,13,21,34,0.38
bsPD,6,4,10,0.6
bsPH,4,5,9,0.44
bsPI,4,2,6,0.67
bsPK,4,1,5,0.8
bsPL,9,9,18,0.5
bsPM,16,23,39,0.41
bsPN,13,20,33,0.39
bsPP,24,27,51,0.47
bsPS,6,15,21,0.29
bsPb,12,16,28,0.43
bsPh,1,1,2,0.5
bsPl,8,3,11,0.73
bsPm,23,19,42,0.55
bsPn,13,17,30,0.43
bsPs,13,12,25,0.52
bsPt,5,1,6,0.83
bsSB,13,7,20,0.65
bsSD,2,2,4,0.5
bsSH,7,9,16,0.44
bsSI,3,2,5,0.6
bsSK,0,0,0,
bsSL,8,4,12,0.67
bsSM,9,14,23,0.39
bsSN,10,15,25,0.4
bsSP,19,21,40,0.48
bsSS,18,17,35,0.51
bsSb,9,8,17,0.53
bsSh,9,11,20,0.45
bsSl,11,4,15,0.73
bsSm,17,12,29,0.59
bsSn,12,18,30,0.4
bsSs,13,17,30,0.43
bsSt,3,1,4,0.75
bsbB,14,10,24,0.58
bsbD,3,1,4,0.75
bsbH,1,2,3,0.33
bsbI,2,1,3,0.67
bsbJ,4,6,10,0.4
bsbK,1,5,6,0.17
bsbL,4,1,5,0.8
bsbM,14,12,26,0.54
bsbN,16,9,25,0.64
bsbP,16,14,30,0.53
bsbS,10,2,12,0.83
bsbb,12,3,15,0.8
bsbl,5,2,7,0.71
bsbm,10,9,19,0.53
bsbn,11,12,23,0.48
bsbs,3,3,6,0.5
bshB,0,1,1,0.0
bshH,0,2,2,0.0
bshL,0,1,1,0.0
bshM,2,0,2,1.0
bshN,1,0,1,1.0
bshP,0,1,1,0.0
bshS,1,1,2,0.5
bshb,1,0,1,1.0
bshh,0,3,3,0.0
bshl,1,0,1,1.0
bshm,6,1,7,0.86
bshs,0,1,1,0.0
bslB,1,3,4,0.25
bslD,0,0,0,
bslH,1,3,4,0.25
bslI,1,0,1,1.0
bslJ,2,3,5,0.4
bslL,1,1,2,0.5
bslM,4,5,9,0.44
bslN,1,3,4,0.25
bslP,4,5,9,0.44
bslS,2,1,3,0.67
bslb,4,6,10,0.4
bsll,4,1,5,0.8
bslm,0,2,2,0.0
bsln,3,2,5,0.6
bsls,2,4,6,0.33
bsmB,16,11,27,0.59
bsmD,1,3,4,0.25
bsmH,12,11,23,0.52
bsmI,3,0,3,1.0
bsmJ,1,1,2,0.5
bsmK,0,1,1,0.0
bsmL,7,3,10,0.7
bsmM,6,23,29,0.21
bsmN,14,18,32,0.44
bsmP,19,14,33,0.58
bsmS,10,11,21,0.48
bsmb,14,10,24,0.58
bsmh,1,0,1,1.0
bsml,4,5,9,0.44
bsmm,17,19,36,0.47
bsmn,14,14,28,0.5
bsms,4,13,17,0.24
bsnB,11,7,18,0.61
bsnD,4,1,5,0.8
bsnH,7,12,19,0.37
bsnI,2,2,4,0.5
bsnK,0,0,0,
bsnL,6,4,10,0.6
bsnM,15,17,32,0.47
bsnN,19,9,28,0.68
bsnP,27,14,41,0.66
bsnS,7,11,18,0.39
bsnb,9,8,17,0.53
bsnl,5,4,9,0.56
bsnm,6,10,16,0.38
bsnn,15,10,25,0.6
bsns,10,6,16,0.62
bssB,8,8,16,0.5
bssD,3,1,4,0.75
bssH,17,13,30,0.57
bssI,2,1,3,0.67
bssL,2,6,8,0.25
bssM,11,5,16,0.69
bssN,11,13,24,0.46
bssP,12,10,22,0.55
bssS,14,15,29,0.48
bssb,8,6,14,0.57
bssh,0,2,2,0.0
bssl,2,1,3,0.67
bssm,9,4,13,0.69
bssn,10,4,14,0.71
bsss,9,10,19,0.47
bstM,1,1,2,0.5
bstP,0,1,1,0.0
bstS,1,1,2,0.5
bstb,0,1,1,0.0
bstm,0,0,0,
bstn,0,1,1,0.0
bsts,0,0,0,
btBn,0,0,0,
btHM,0,2,2,0.0
btHb,1,0,1,1.0
btMS,0,1,1,0.0
btPn,0,1,1,0.0
btSS,1,0,1,1.0
btmB,0,0,0,
btsP,1,0,1,1.0
btss,1,0,1,1.0
bttM,0,1,1,0.0
hBBB,7,12,19,0.37
hBBD,2,3,5,0.4
hBBK,2,0,2,1.0
hBBL,3,1,4,0.75
hBBM,8,9,17,0.47
hBBN,10,5,15,0.67
hBBP,7,8,15,0.47
hBBS,0,4,4,0.0
hBBb,9,7,16,0.56
hBBh,1,0,1,1.0
hBBj,0,2,2,0.0
hBBl,2,2,4,0.5
hBBm,7,7,14,0.5
hBBn,7,13,20,0.35
hBBs,2,6,8,0.25
hBBt,2,0,2,1.0
hBDB,3,3,6,0.5
hBDD,2,0,2,1.0
hBDH,2,0,2,1.0
hBDM,1,1,2,0.5
hBDN,0,1,1,0.0
hBDP,0,1,1,0.0
hBDS,0,1,1,0.0
hBDb,2,0,2,1.0
hBDl,0,1,1,0.0
hBDm,3,0,3,1.0
hBDn,0,1,1,0.0
hBDs,3,2,5,0.6
hBDt,1,1,2,0.5
hBKB,0,1,1,0.0
hBKD,1,0,1,1.0
hBKI,0,1,1,0.0
hBKM,0,1,1,0.0
hBKN,1,2,3,0.33
hBKP,1,2,3,0.33
hBKb,4,1,5,0.8
hBKh,0,1,1,0.0
hBKl,0,1,1,0.0
hBKm,2,3,5,0.4
hBKn,0,1,1,0.0
hBLB,1,1,2,0.5
hBLK,1,1,2,0.5
hBLL,1,2,3,0.33
hBLM,1,3,4,0.25
hBLN,1,2,3,0.33
hBLP,3,6,9,0.33
hBLS,1,0,1,1.0
hBLb,0,2,2,0.0
hBLh,0,1,1,0.0
hBLj,1,2,3,0.33
hBLl,3,0,3,1.0
hBLm,1,0,1,1.0
hBLn,2,2,4,0.5
hBLs,0,2,2,0.0
hBMB,6,8,14,0.43
hBMD,2,0,2,1.0
hBML,3,1,4,0.75
hBMM,6,5,11,0.55
hBMN,7,8,15,0.47
hBMP,6,3,9,0.67
hBMS,2,2,4,0.5
hBMb,4,8,12,0.33
hBMh,5,7,12,0.42
hBMj,1,1,2,0.5
hBMl,4,1,5,0.8
hBMm,12,12,24,0.5
hBMn,6,9,15,0.4
hBMs,4,2,6,0.67
hBMt,0,1,1,0.0
hBNB,5,11,16,0.31
hBND,4,1,5,0.8
hBNH,1,2,3,0.33
hBNK,1,0,1,1.0
hBNL,2,2,4,0.5
hBNM,5,9,14,0.36
hBNN,3,7,10,0.3
hBNP,10,4,14,0.71
hBNS,4,4,8,0.5
hBNb,2,10,12,0.17
hBNh,3,1,4,0.75
hBNl,4,2,6,0.67
hBNm,12,13,25,0.48
hBNn,12,8,20,0.6
hBNs,3,5,8,0.38
hBNt,1,1,2,0.5
hBPB,4,10,14,0.29
hBPD,1,0,1,1.0
hBPH,4,3,7,0.57
hBPI,1,2,3,0.33
hBPK,0,1,1,0.0
hBPL,3,2,5,0.6
hBPM,7,9,16,0.44
hBPN,9,8,17,0.53
hBPP,17,18,35,0.49
hBPS,4,7,11,0.36
hBPb,7,9,16,0.44
hBPh,2,0,2,1.0
hBPl,4,1,5,0.8
hBPm,9,11,20,0.45
hBPn,6,9,15,0.4
hBPs,3,4,7,0.43
hBPt,0,2,2,0.0
hBSB,3,1,4,0.75
hBSH,2,3,5,0.4
hBSL,1,1,2,0.5
hBSM,5,5,10,0.5
hBSN,2,2,4,0.5
hBSP,3,9,12,0.25
hBSS,5,1,6,0.83
hBSb,5,6,11,0.45
hBSh,1,5,6,0.17
hBSl,1,2,3,0.33
hBSm,7,4,11,0.64
hBSn,5,2,7,0.71
hBSs,2,0,2,1.0
hBSt,1,1,2,0.5
hBbB,6,6,12,0.5
hBbD,0,0,0,
hBbH,3,1,4,0.75
hBbI,2,0,2,1.0
hBbJ,1,6,7,0.14
hBbK,0,1,1,0.0
hBbL,2,4,6,0.33
hBbM,6,7,13,0.46
hBbN,4,7,11,0.36
hBbP,8,11,19,0.42
hBbS,4,3,7,0.57
hBbb,5,5,10,0.5
hBbh,1,0,1,1.0
hBbl,3,3,6,0.5
hBbm,6,10,16,0.38
hBbn,3,4,7,0.43
hBbs,4,4,8,0.5
hBhB,1,1,2,0.5
hBhD,0,0,0,
hBhH,0,0,0,
hBhL,1,0,1,1.0
hBhM,0,1,1,0.0
hBhN,0,1,1,0.0
hBhP,1,2,3,0.33
hBhb,0,1,1,0.0
hBhl,0,0,0,
hBhm,2,2,4,0.5
hBhn,1,2,3,0.33
hBhs,0,2,2,0.0
hBjB,1,2,3,0.33
hBjH,0,0,0,
hBjI,1,0,1,1.0
hBjL,0,1,1,0.0
hBjM,3,0,3,1.0
hBjN,2,1,3,0.67
hBjP,1,4,5,0.2
hBjS,2,3,5,0.4
hBjb,1,1,2,0.5
hBjh,0,2,2,0.0
hBjl,2,0,2,1.0
hBjm,6,1,7,0.86
hBjn,1,1,2,0.5
hBjs,1,0,1,1.0
hBlB,1,1,2,0.5
hBlD,0,0,0,
hBlH,1,1,2,0.5
hBlJ,0,0,0,
hBlL,1,1,2,0.5
hBlM,3,0,3,1.0
hBlN,1,3,4,0.25
hBlP,1,1,2,0.5
hBlS,1,1,2,0.5
hBlb,1,4,5,0.2
hBll,1,2,3,0.33
hBlm,3,3,6,0.5
hBln,2,1,3,0.67
hBls,0,1,1,0.0
hBmB,4,12,16,0.25
hBmD,2,2,4,0.5
hBmH,6,13,19,0.32
hBmI,1,0,1,1.0
hBmJ,1,0,1,1.0
hBmK,0,1,1,0.0
hBmL,0,2,2,0.0
hBmM,5,8,13,0.38
hBmN,7,10,17,0.41
hBmP,6,12,18,0.33
hBmS,1,3,4,0.25
hBmb,8,4,12,0.67
hBml,2,1,3,0.67
hBmm,12,11,23,0.52
hBmn,13,4,17,0.76
hBms,4,3,7,0.57
hBnB,8,6,14,0.57
hBnD,2,0,2,1.0
hBnH,2,3,5,0.4
hBnI,1,0,1,1.0
hBnK,0,2,2,0.0
hBnL,2,4,6,0.33
hBnM,7,14,21,0.33
hBnN,14,11,25,0.56
hBnP,12,11,23,0.52
hBnS,2,10,12,0.17
hBnb,6,6,12,0.5
hBnh,1,1,2,0.5
hBnl,2,0,2,1.0
hBnm,9,4,13,0.69
hBnn,13,4,17,0.76
hBns,6,8,14,0.43
hBsB,2,1,3,0.67
hBsD,1,0,1,1.0
hBsH,2,1,3,0.67
hBsI,3,0,3,1.0
hBsL,2,0,2,1.0
hBsM,5,2,7,0.71
hBsN,7,5,12,0.58
hBsP,5,4,9,0.56
hBsS,4,1,5,0.8
hBsb,4,2,6,0.67
hBsh,1,0,1,1.0
hBsl,1,2,3,0.33
hBsm,10,1,11,0.91
hBsn,4,5,9,0.44
hBss,2,4,6,0.33
hBtH,1,3,4,0.25
hBtK,1,0,1,1.0
hBtM,1,0,1,1.0
hBtN,2,1,3,0.67
hBtS,1,1,2,0.5
hBtn,0,2,2,0.0
hBtt,1,0,1,1.0
hDBB,0,1,1,0.0
hDBD,0,0,0,
hDBL,0,1,1,0.0
hDBM,1,1,2,0.5
hDBN,0,2,2,0.0
hDBP,0,0,0,
hDBS,2,1,3,0.67
hDBb,0,0,0,
hDBl,1,0,1,1.0
hDBm,2,2,4,0.5
hDBn,1,2,3,0.33
hDBs,0,1,1,0.0
hDDB,0,0,0,
hDDD,0,1,1,0.0
hDDH,1,0,1,1.0
hDDM,0,1,1,0.0
hDDN,0,1,1,0.0
hDDP,1,0,1,1.0
hDDS,0,2,2,0.0
hDDm,1,1,2,0.5
hDDn,0,0,0,
hDDs,2,0,2,1.0
hDDt,0,0,0,
hDHB,2,3,5,0.4
hDHD,1,0,1,1.0
hDHL,0,2,2,0.0
hDHM,2,4,6,0.33
hDHN,0,1,1,0.0
hDHP,3,1,4,0.75
hDHS,1,2,3,0.33
hDHb,3,3,6,0.5
hDHh,3,0,3,1.0
hDHl,1,0,1,1.0
hDHm,4,1,5,0.8
hDHn,1,1,2,0.5
hDHs,1,1,2,0.5
hDIm,0,1,1,0.0
hDIn,0,1,1,0.0
hDKP,0,0,0,
hDLB,1,0,1,1.0
hDLM,1,0,1,1.0
hDLN,0,1,1,0.0
hDLS,1,1,2,0.5
hDLl,1,0,1,1.0
hDLm,1,0,1,1.0
hDLn,0,2,2,0.0
hDLs,1,0,1,1.0
hDMB,3,2,5,0.6
hDMD,1,1,2,0.5
hDML,0,1,1,0.0
hDMM,3,3,6,0.5
hDMN,3,2,5,0.6
hDMP,1,2,3,0.33
hDMS,2,2,4,0.5
hDMb,1,2,3,0.33
hDMh,2,2,4,0.5
hDMm,3,3,6,0.5
hDMn,3,3,6,0.5
hDMs,2,3,5,0.4
hDNB,2,1,3,0.67
hDNH,1,1,2,0.5
hDNL,0,2,2,0.0
hDNM,1,0,1,1.0
hDNP,1,4,5,0.2
hDNl,0,1,1,0.0
hDNm,3,2,5,0.6
hDNn,1,1,2,0.5
hDNs,1,1,2,0.5
hDPB,1,1,2,0.5
hDPH,0,1,1,0.0
hDPI,0,0,0,
hDPM,0,1,1,0.0
hDPN,1,1,2,0.5
hDPP,4,4,8,0.5
hDPS,1,0,1,1.0
hDPb,2,2,4,0.5
hDPl,0,4,4,0.0
hDPm,1,4,5,0.2
hDPn,1,0,1,1.0
hDPs,1,2,3,0.33
hDSB,2,2,4,0.5
hDSD,0,2,2,0.0
hDSH,2,1,3,0.67
hDSL,0,1,1,0.0
hDSM,4,3,7,0.57
hDSN,1,0,1,1.0
hDSP,0,0,0,
hDSS,2,2,4,0.5
hDSb,3,3,6,0.5
hDSh,1,0,1,1.0
hDSl,1,0,1,1.0
hDSm,0,2,2,0.0
hDSs,4,1,5,0.8
hDSt,1,0,1,1.0
hDbB,3,0,3,1.0
hDbD,0,1,1,0.0
hDbI,1,0,1,1.0
hDbK,0,1,1,0.0
hDbL,1,0,1,1.0
hDbM,1,0,1,1.0
hDbN,4,0,4,1.0
hDbb,3,1,4,0.75
hDbl,0,2,2,0.0
hDbm,0,1,1,0.0
hDbn,0,4,4,0.0
hDhH,1,0,1,1.0
hDhN,0,0,0,
hDhP,1,0,1,1.0
hDhm,1,0,1,1.0
hDhn,0,1,1,0.0
hDlB,1,0,1,1.0
hDlH,1,0,1,1.0
hDlM,0,1,1,0.0
hDlN,1,0,1,1.0
hDlP,0,1,1,0.0
hDlS,0,2,2,0.0
hDlb,0,1,1,0.0
hDlm,0,2,2,0.0
hDmB,1,4,5,0.2
hDmD,0,1,1,0.0
hDmH,3,2,5,0.6
hDmJ,0,0,0,
hDmM,3,2,5,0.6
hDmN,1,4,5,0.2
hDmP,1,0,1,1.0
hDmS,4,2,6,0.67
hDmb,2,1,3,0.67
hDml,0,0,0,
hDmm,0,5,5,0.0
hDmn,3,0,3,1.0
hDms,1,4,5,0.2
hDnB,0,1,1,0.0
hDnK,0,0,0,
hDnM,0,2,2,0.0
hDnN,0,2,2,0.0
hDnP,5,0,5,1.0
hDnS,2,1,3,0.67
hDnb,0,3,3,0.0
hDnl,1,0,1,1.0
hDnm,1,1,2,0.5
hDnn,1,1,2,0.5
hDns,1,0,1,1.0
hDsB,0,1,1,0.0
hDsD,1,2,3,0.33
hDsH,2,2,4,0.5
hDsL,0,1,1,0.0
hDsM,2,2,4,0.5
hDsN,1,1,2,0.5
hDsP,0,0,0,
hDsS,1,1,2,0.5
hDsb,0,1,1,0.0
hDsl,0,1,1,0.0
hDsm,4,1,5,0.8
hDsn,1,4,5,0.2
hDss,0,0,0,
hDtB,0,0,0,
hDtD,1,0,1,1.0
hDtM,0,1,1,0.0
hDtb,1,1,2,0.5
hDtm,1,0,1,1.0
hDts,0,0,0,
hHBB,2,3,5,0.4
hHBK,1,0,1,1.0
hHBM,1,2,3,0.33
hHBN,2,0,2,1.0
hHBP,2,2,4,0.5
hHBS,0,4,4,0.0
hHBb,1,0,1,1.0
hHBm,3,1,4,0.75
hHBn,2,0,2,1.0
hHDB,1,0,1,1.0
hHDD,2,0,2,1.0
hHDP,1,1,2,0.5
hHDS,1,0,1,1.0
hHHB,0,1,1,0.0
hHHH,0,1,1,0.0
hHHK,1,0,1,1.0
hHHM,0,2,2,0.0
hHHN,2,0,2,1.0
hHHP,0,0,0,
hHHS,0,2,2,0.0
hHHb,0,2,2,0.0
hHHh,0,1,1,0.0
hHHm,0,0,0,
hHHn,1,0,1,1.0
hHHs,0,0,0,
hHIH,1,1,2,0.5
hHIK,1,0,1,1.0
hHIM,0,1,1,0.0
hHIP,1,0,1,1.0
hHIS,0,0,0,
hHKB,1,0,1,1.0
hHKP,1,0,1,1.0
hHKS,1,0,1,1.0
hHKb,0,0,0,
hHKm,1,0,1,1.0
hHKn,0,1,1,0.0
hHLB,2,1,3,0.67
hHLL,0,1,1,0.0
hHLP,1,1,2,0.5
hHLS,2,0,2,1.0
hHLm,1,0,1,1.0
hHMB,2,3,5,0.4
hHML,1,3,4,0.25
hHMM,3,2,5,0.6
hHMN,3,2,5,0.6
hHMP,1,5,6,0.17
hHMS,1,5,6,0.17
hHMb,4,3,7,0.57
hHMh,2,0,2,1.0
hHMj,0,1,1,0.0
hHMl,1,1,2,0.5
hHMm,5,0,5,1.0
hHMn,5,4,9,0.56
hHMs,1,2,3,0.33
hHMt,1,2,3,0.33
hHNB,1,2,3,0.33
hHNM,1,1,2,0.5
hHNN,1,2,3,0.33
hHNP,1,1,2,0.5
hHNS,2,4,6,0.33
hHNb,2,1,3,0.67
hHNh,1,1,2,0.5
hHNl,0,2,2,0.0
hHNm,2,1,3,0.67
hHNn,2,2,4,0.5
hHNs,1,1,2,0.5
hHPB,1,2,3,0.33
hHPD,1,0,1,1.0
hHPH,0,1,1,0.0
hHPI,1,0,1,1.0
hHPK,0,1,1,0.0
hHPL,2,0,2,1.0
hHPM,0,4,4,0.0
hHPN,3,1,4,0.75
hHPP,2,2,4,0.5
hHPS,3,1,4,0.75
hHPb,1,0,1,1.0
hHPl,1,1,2,0.5
hHPm,0,1,1,0.0
hHPn,2,3,5,0.4
hHPs,0,3,3,0.0
hHSB,2,1,3,0.67
hHSK,1,0,1,1.0
hHSL,0,1,1,0.0
hHSM,2,1,3,0.67
hHSN,1,1,2,0.5
hHSP,2,1,3,0.67
hHSS,9,4,13,0.69
hHSb,3,1,4,0.75
hHSh,1,0,1,1.0
hHSl,1,1,2,0.5
hHSm,2,2,4,0.5
hHSs,3,1,4,0.75
hHSt,0,1,1,0.0
hHbB,1,2,3,0.33
hHbD,0,0,0,
hHbH,1,0,1,1.0
hHbK,1,0,1,1.0
hHbM,1,1,2,0.5
hHbN,1,2,3,0.33
hHbP,2,1,3,0.67
hHbS,0,3,3,0.0
hHbb,2,0,2,1.0
hHbl,0,1,1,0.0
hHbm,2,1,3,0.67
hHbn,2,0,2,1.0
hHbs,0,0,0,
hHhD,0,0,0,
hHhI,1,0,1,1.0
hHhM,2,0,2,1.0
hHhN,2,4,6,0.33
hHhP,0,0,0,
hHhS,0,0,0,
hHhb,1,2,3,0.33
hHhh,0,1,1,0.0
hHhl,0,1,1,0.0
hHhm,2,1,3,0.67
hHhn,1,0,1,1.0
hHhs,1,0,1,1.0
hHlB,1,1,2,0.5
hHlD,0,0,0,
hHlH,1,0,1,1.0
hHlL,0,1,1,0.0
hHlM,2,3,5,0.4
hHlN,1,2,3,0.33
hHlP,3,1,4,0.75
hHlS,1,0,1,1.0
hHlb,1,0,1,1.0
hHlm,0,1,1,0.0
hHln,1,0,1,1.0
hHmB,0,3,3,0.0
hHmD,1,0,1,1.0
hHmH,0,4,4,0.0
hHmJ,0,2,2,0.0
hHmL,0,0,0,
hHmM,4,3,7,0.57
hHmN,1,1,2,0.5
hHmP,2,1,3,0.67
hHmS,1,0,1,1.0
hHmb,1,0,1,1.0
hHml,1,1,2,0.5
hHmm,1,2,3,0.33
hHmn,2,0,2,1.0
hHms,1,1,2,0.5
hHnB,1,1,2,0.5
hHnH,3,1,4,0.75
hHnK,2,0,2,1.0
hHnM,1,0,1,1.0
hHnN,1,1,2,0.5
hHnP,0,1,1,0.0
hHnS,2,0,2,1.0
hHnb,2,3,5,0.4
hHnl,1,1,2,0.5
hHnm,2,6,8,0.25
hHnn,1,3,4,0.25
hHns,1,0,1,1.0
hHsB,2,0,2,1.0
hHsH,0,2,2,0.0
hHsI,1,0,1,1.0
hHsK,0,0,0,
hHsM,2,4,6,0.33
hHsN,3,0,3,1.0
hHsP,1,2,3,0.33
hHsS,2,1,3,0.67
hHsb,1,2,3,0.33
hHsl,0,1,1,0.0
hHsm,1,2,3,0.33
hHsn,3,2,5,0.6
hHss,1,2,3,0.33
hHtH,1,0,1,1.0
hIBB,0,1,1,0.0
hIBL,0,0,0,
hIBM,0,2,2,0.0
hIBN,2,0,2,1.0
hIBP,2,1,3,0.67
hIBS,1,1,2,0.5
hIBb,1,2,3,0.33
hIBj,2,0,2,1.0
hIBn,0,1,1,0.0
hIDH,1,0,1,1.0
hIDL,0,0,0,
hIDM,1,1,2,0.5
hIDN,1,0,1,1.0
hIDP,1,0,1,1.0
hIDS,1,0,1,1.0
hIDb,0,1,1,0.0
hIHB,0,1,1,0.0
hIHD,0,1,1,0.0
hIHH,1,0,1,1.0
hIHI,0,0,0,
hIHK,0,1,1,0.0
hIHL,0,1,1,0.0
hIHM,2,0,2,1.0
hIHN,0,0,0,
hIHP,1,2,3,0.33
hIHS,1,1,2,0.5
hIHb,1,0,1,1.0
hIHh,2,0,2,1.0
hIHm,1,1,2,0.5
hIHs,0,0,0,
hIIS,1,0,1,1.0
hIIn,1,1,2,0.5
hIKN,1,0,1,1.0
hILB,0,0,0,
hILL,0,0,0,
hILS,0,0,0,
hILb,1,0,1,1.0
hILh,0,0,0,
hILl,1,0,1,1.0
hILm,1,0,1,1.0
hIMB,1,0,1,1.0
hIML,0,1,1,0.0
hIMM,1,0,1,1.0
hIMN,0,3,3,0.0
hIMP,0,2,2,0.0
hIMS,2,1,3,0.67
hIMb,1,0,1,1.0
hIMh,1,0,1,1.0
hIMj,0,0,0,
hIMl,1,0,1,1.0
hIMm,4,0,4,1.0
hIMn,2,4,6,0.33
hIMs,1,0,1,1.0
hINB,0,1,1,0.0
hINH,0,1,1,0.0
hINL,1,0,1,1.0
hINM,0,1,1,0.0
hINN,1,0,1,1.0
hINP,1,2,3,0.33
hINS,1,0,1,1.0
hINh,2,0,2,1.0
hINm,0,0,0,
hINn,1,0,1,1.0
hIPB,2,1,3,0.67
hIPK,0,1,1,0.0
hIPL,0,1,1,0.0
hIPM,2,2,4,0.5
hIPN,2,1,3,0.67
hIPP,1,0,1,1.0
hIPS,1,0,1,1.0
hIPl,0,1,1,0.0
hIPm,2,2,4,0.5
hIPn,1,2,3,0.33
hIPs,1,1,2,0.5
hIPt,1,0,1,1.0
hISM,0,1,1,0.0
hISN,1,1,2,0.5
hISP,0,1,1,0.0
hISS,3,2,5,0.6
hISh,0,1,1,0.0
hISl,1,1,2,0.5
hISm,2,1,3,0.67
hISn,1,0,1,1.0
hISs,1,0,1,1.0
hIbB,0,1,1,0.0
hIbM,1,1,2,0.5
hIbN,1,1,2,0.5
hIbP,0,2,2,0.0
hIbS,1,0,1,1.0
hIbb,1,0,1,1.0
hIbl,0,1,1,0.0
hIbm,0,0,0,
hIbn,1,0,1,1.0
hIbs,0,1,1,0.0
hIhL,0,1,1,0.0
hIhM,0,1,1,0.0
hIhn,0,0,0,
hIlB,1,0,1,1.0
hIlD,1,1,2,0.5
hIlK,1,0,1,1.0
hIlM,1,1,2,0.5
hIlS,1,0,1,1.0
hIlb,0,1,1,0.0
hIlm,2,0,2,1.0
hIln,0,0,0,
hImB,1,0,1,1.0
hImD,1,0,1,1.0
hImH,0,1,1,0.0
hImM,4,2,6,0.67
hImN,1,0,1,1.0
hImS,0,0,0,
hImb,1,1,2,0.5
hImm,2,1,3,0.67
hImn,0,2,2,0.0
hIms,0,2,2,0.0
hInB,0,1,1,0.0
hInD,1,0,1,1.0
hInH,0,2,2,0.0
hInI,1,0,1,1.0
hInM,0,1,1,0.0
hInN,0,2,2,0.0
hInP,2,0,2,1.0
hInS,0,1,1,0.0
hInm,3,1,4,0.75
hInn,0,1,1,0.0
hIns,0,1,1,0.0
hIsB,2,0,2,1.0
hIsH,2,0,2,1.0
hIsL,0,1,1,0.0
hIsM,0,1,1,0.0
hIsN,1,2,3,0.33
hIsP,0,2,2,0.0
hIsS,1,1,2,0.5
hIsb,0,2,2,0.0
hIsl,1,0,1,1.0
hIsn,0,3,3,0.0
hIss,0,2,2,0.0
hItI,0,0,0,
hItS,0,0,0,
hItb,1,0,1,1.0
hItm,1,0,1,1.0
hKBB,1,0,1,1.0
hKBj,0,2,2,0.0
hKBn,1,0,1,1.0
hKLn,0,2,2,0.0
hKMB,1,0,1,1.0
hKMN,0,1,1,0.0
hKMP,2,0,2,1.0
hKMb,0,1,1,0.0
hKMm,1,0,1,1.0
hKMn,0,1,1,0.0
hKNB,1,0,1,1.0
hKNM,2,0,2,1.0
hKNN,0,1,1,0.0
hKNb,1,0,1,1.0
hKNl,0,1,1,0.0
hKNm,1,1,2,0.5
hKNn,0,1,1,0.0
hKNs,1,1,2,0.5
hKPB,0,0,0,
hKPI,0,0,0,
hKPm,0,0,0,
hKSB,1,0,1,1.0
hKSH,1,0,1,1.0
hKSP,2,0,2,1.0
hKSS,1,1,2,0.5
hKSb,0,0,0,
hKSh,0,0,0,
hKSm,0,1,1,0.0
hKbK,0,0,0,
hKbN,0,0,0,
hKbl,1,0,1,1.0
hKhB,0,1,1,0.0
hKhM,0,2,2,0.0
hKhS,1,1,2,0.5
hKhh,0,1,1,0.0
hKhn,0,0,0,
hKlB,1,0,1,1.0
hKmB,0,1,1,0.0
hKmN,0,0,0,
hKmP,0,1,1,0.0
hKmS,3,0,3,1.0
hKmb,1,0,1,1.0
hKmm,1,0,1,1.0
hKmn,0,0,0,
hKnL,1,0,1,1.0
hKnm,2,0,2,1.0
hKsN,0,1,1,0.0
hKsP,1,2,3,0.33
hKsS,1,1,2,0.5
hKsn,0,1,1,0.0
hKtt,1,0,1,1.0
hLBB,3,5,8,0.38
hLBD,0,1,1,0.0
hLBK,1,0,1,1.0
hLBL,1,0,1,1.0
hLBM,0,1,1,0.0
hLBN,2,5,7,0.29
hLBP,2,3,5,0.4
hLBS,0,0,0,
hLBb,1,2,3,0.33
hLBh,1,0,1,1.0
hLBj,0,1,1,0.0
hLBl,1,2,3,0.33
hLBm,2,3,5,0.4
hLBn,3,4,7,0.43
hLBs,0,2,2,0.0
hLDB,1,1,2,0.5
hLDH,0,1,1,0.0
hLDL,0,0,0,
hLDm,0,0,0,
hLDn,0,1,1,0.0
hLDs,0,1,1,0.0
hLKB,0,1,1,0.0
hLKI,0,1,1,0.0
hLKM,1,1,2,0.5
hLKP,1,0,1,1.0
hLKb,0,1,1,0.0
hLKh,0,0,0,
hLKm,1,1,2,0.5
hLKs,1,0,1,1.0
hLLB,0,1,1,0.0
hLLL,1,1,2,0.5
hLLN,0,1,1,0.0
hLLP,0,1,1,0.0
hLLS,0,1,1,0.0
hLLb,0,1,1,0.0
hLLj,0,0,0,
hLLl,2,0,2,1.0
hLLm,1,1,2,0.5
hLLn,0,3,3,0.0
hLLs,0,1,1,0.0
hLMB,1,2,3,0.33
hLMD,1,0,1,1.0
hLMK,2,0,2,1.0
hLML,1,2,3,0.33
hLMM,3,5,8,0.38
hLMN,1,1,2,0.5
hLMP,3,3,6,0.5
hLMS,2,1,3,0.67
hLMh,4,0,4,1.0
hLMl,1,0,1,1.0
hLMm,4,1,5,0.8
hLMn,3,3,6,0.5
hLMs,3,1,4,0.75
hLMt,2,1,3,0.67
hLNB,2,1,3,0.67
hLND,1,1,2,0.5
hLNH,0,1,1,0.0
hLNL,1,0,1,1.0
hLNM,2,1,3,0.67
hLNN,2,0,2,1.0
hLNP,2,3,5,0.4
hLNS,1,2,3,0.33
hLNb,4,2,6,0.67
hLNh,1,1,2,0.5
hLNl,1,1,2,0.5
hLNm,3,0,3,1.0
hLNn,2,2,4,0.5
hLNs,2,1,3,0.67
hLPB,5,1,6,0.83
hLPD,1,0,1,1.0
hLPH,0,0,0,
hLPL,1,1,2,0.5
hLPM,0,2,2,0.0
hLPN,3,2,5,0.6
hLPP,2,6,8,0.25
hLPS,1,1,2,0.5
hLPb,2,5,7,0.29
hLPh,1,1,2,0.5
hLPl,1,2,3,0.33
hLPm,6,1,7,0.86
hLPn,3,2,5,0.6
hLPs,1,1,2,0.5
hLPt,1,0,1,1.0
hLSB,1,1,2,0.5
hLSD,0,0,0,
hLSH,1,0,1,1.0
hLSM,2,1,3,0.67
hLSN,2,1,3,0.67
hLSP,2,1,3,0.67
hLSS,2,1,3,0.67
hLSh,0,1,1,0.0
hLSm,2,6,8,0.25
hLSn,1,4,5,0.2
hLSs,1,2,3,0.33
hLSt,1,2,3,0.33
hLbB,4,4,8,0.5
hLbH,1,0,1,1.0
hLbJ,0,1,1,0.0
hLbK,2,2,4,0.5
hLbM,3,4,7,0.43
hLbN,2,2,4,0.5
hLbP,2,0,2,1.0
hLbS,4,1,5,0.8
hLbb,1,2,3,0.33
hLbl,1,1,2,0.5
hLbm,0,1,1,0.0
hLbn,1,3,4,0.25
hLbs,1,2,3,0.33
hLhB,0,1,1,0.0
hLhD,0,1,1,0.0
hLhL,0,0,0,
hLhM,1,1,2,0.5
hLhN,1,0,1,1.0
hLhP,2,1,3,0.67
hLhb,3,0,3,1.0
hLhh,0,0,0,
hLhl,2,0,2,1.0
hLhs,0,0,0,
hLht,0,1,1,0.0
hLjM,1,2,3,0.33
hLjN,2,0,2,1.0
hLjP,1,0,1,1.0
hLjh,1,0,1,1.0
hLjn,1,0,1,1.0
hLjs,1,1,2,0.5
hLlB,1,0,1,1.0
hLlH,0,0,0,
hLlJ,1,1,2,0.5
hLlK,0,0,0,
hLlL,0,2,2,0.0
hLlM,1,2,3,0.33
hLlN,1,3,4,0.25
hLlP,2,0,2,1.0
hLlS,1,1,2,0.5
hLlb,2,1,3,0.67
hLll,0,1,1,0.0
hLlm,2,0,2,1.0
hLls,0,0,0,
hLmB,1,1,2,0.5
hLmH,0,1,1,0.0
hLmJ,0,2,2,0.0
hLmL,2,0,2,1.0
hLmM,4,6,10,0.4
hLmN,2,1,3,0.67
hLmP,3,7,10,0.3
hLmS,2,4,6,0.33
hLmb,5,5,10,0.5
hLml,1,1,2,0.5
hLmm,1,5,6,0.17
hLmn,1,2,3,0.33
hLms,2,2,4,0.5
hLnB,3,3,6,0.5
hLnH,1,1,2,0.5
hLnI,0,1,1,0.0
hLnL,1,0,1,1.0
hLnM,4,2,6,0.67
hLnN,6,6,12,0.5
hLnP,5,2,7,0.71
hLnS,1,3,4,0.25
hLnb,3,1,4,0.75
hLnl,0,1,1,0.0
hLnm,7,3,10,0.7
hLnn,2,2,4,0.5
hLns,4,3,7,0.57
hLsB,0,1,1,0.0
hLsD,0,1,1,0.0
hLsH,0,2,2,0.0
hLsI,1,1,2,0.5
hLsL,0,0,0,
hLsM,1,2,3,0.33
hLsN,1,6,7,0.14
hLsP,3,3,6,0.5
hLsS,3,0,3,1.0
hLsb,1,0,1,1.0
hLsm,3,1,4,0.75
hLsn,2,1,3,0.67
hLss,0,3,3,0.0
hLtL,0,1,1,0.0
hLtM,1,0,1,1.0
hLtP,1,0,1,1.0
hLtl,0,1,1,0.0
hLtm,1,0,1,1.0
hLts,0,1,1,0.0
hMBB,11,5,16,0.69
hMBD,4,1,5,0.8
hMBK,2,1,3,0.67
hMBL,2,1,3,0.67
hMBM,7,10,17,0.41
hMBN,7,12,19,0.37
hMBP,9,16,25,0.36
hMBS,4,6,10,0.4
hMBb,9,10,19,0.47
hMBh,0,1,1,0.0
hMBj,2,1,3,0.67
hMBl,2,1,3,0.67
hMBm,16,14,30,0.53
hMBn,13,14,27,0.48
hMBs,0,3,3,0.0
hMBt,0,1,1,0.0
hMDB,2,2,4,0.5
hMDD,0,0,0,
hMDH,2,0,2,1.0
hMDL,2,2,4,0.5
hMDM,4,3,7,0.57
hMDN,3,1,4,0.75
hMDP,1,1,2,0.5
hMDS,4,2,6,0.67
hMDb,2,5,7,0.29
hMDh,0,1,1,0.0
hMDl,3,1,4,0.75
hMDm,1,3,4,0.25
hMDn,1,1,2,0.5
hMDs,0,1,1,0.0
hMHB,1,0,1,1.0
hMHH,0,0,0,
hMHI,0,1,1,0.0
hMHL,0,1,1,0.0
hMHN,1,0,1,1.0
hMHP,1,0,1,1.0
hMHS,0,1,1,0.0
hMHl,1,0,1,1.0
hMHm,0,1,1,0.0
hMHs,0,0,0,
hMIP,0,0,0,
hMIl,1,0,1,1.0
hMKH,0,0,0,
hMKP,0,1,1,0.0
hMKS,0,0,0,
hMKm,1,1,2,0.5
hMKn,0,0,0,
hMLB,2,1,3,0.67
hMLK,0,1,1,0.0
hMLL,1,0,1,1.0
hMLM,2,2,4,0.5
hMLN,1,2,3,0.33
hMLP,1,2,3,0.33
hMLb,2,2,4,0.5
hMLh,1,1,2,0.5
hMLl,2,1,3,0.67
hMLm,0,3,3,0.0
hMLn,1,1,2,0.5
hMMB,12,11,23,0.52
hMMD,6,1,7,0.86
hMMH,0,1,1,0.0
hMML,2,3,5,0.4
hMMM,5,9,14,0.36
hMMN,7,9,16,0.44
hMMP,17,15,32,0.53
hMMS,2,1,3,0.67
hMMb,6,9,15,0.4
hMMh,7,11,18,0.39
hMMj,0,2,2,0.0
hMMl,2,1,3,0.67
hMMm,17,13,30,0.57
hMMn,14,14,28,0.5
hMMs,7,10,17,0.41
hMMt,0,1,1,0.0
hMNB,7,5,12,0.58
hMND,1,1,2,0.5
hMNH,1,3,4,0.25
hMNK,0,2,2,0.0
hMNL,2,4,6,0.33
hMNM,6,10,16,0.38
hMNN,5,13,18,0.28
hMNP,14,7,21,0.67
hMNS,6,1,7,0.86
hMNb,10,5,15,0.67
hMNh,5,4,9,0.56
hMNl,5,3,8,0.62
hMNm,8,14,22,0.36
hMNn,9,8,17,0.53
hMNs,6,7,13,0.46
hMNt,1,2,3,0.33
hMPB,9,13,22,0.41
hMPD,2,3,5,0.4
hMPH,0,1,1,0.0
hMPI,1,0,1,1.0
hMPK,1,2,3,0.33
hMPL,6,7,13,0.46
hMPM,11,16,27,0.41
hMPN,11,14,25,0.44
hMPP,10,22,32,0.31
hMPS,9,4,13,0.69
hMPb,14,10,24,0.58
hMPh,0,1,1,0.0
hMPl,3,2,5,0.6
hMPm,23,20,43,0.53
hMPn,9,9,18,0.5
hMPs,5,5,10,0.5
hMPt,0,1,1,0.0
hMSB,4,2,6,0.67
hMSD,2,2,4,0.5
hMSH,5,5,10,0.5
hMSL,2,2,4,0.5
hMSM,3,6,9,0.33
hMSN,2,6,8,0.25
hMSP,5,5,10,0.5
hMSS,6,8,14,0.43
hMSb,5,1,6,0.83
hMSh,1,2,3,0.33
hMSl,3,1,4,0.75
hMSm,11,2,13,0.85
hMSn,7,3,10,0.7
hMSs,5,7,12,0.42
hMSt,0,1,1,0.0
hMbB,5,4,9,0.56
hMbD,6,0,6,1.0
hMbH,1,4,5,0.2
hMbI,1,1,2,0.5
hMbJ,0,4,4,0.0
hMbK,0,4,4,0.0
hMbL,3,1,4,0.75
hMbM,6,7,13,0.46
hMbN,11,5,16,0.69
hMbP,5,9,14,0.36
hMbS,5,3,8,0.62
hMbb,8,8,16,0.5
hMbl,2,2,4,0.5
hMbm,8,12,20,0.4
hMbn,8,5,13,0.62
hMbs,4,3,7,0.57
hMhB,3,7,10,0.3
hMhD,1,1,2,0.5
hMhH,1,1,2,0.5
hMhI,1,1,2,0.5
hMhK,1,0,1,1.0
hMhL,2,5,7,0.29
hMhM,5,15,20,0.25
hMhN,5,10,15,0.33
hMhP,11,2,13,0.85
hMhS,7,2,9,0.78
hMhb,7,7,14,0.5
hMhh,9,10,19,0.47
hMhl,1,3,4,0.25
hMhm,12,6,18,0.67
hMhn,9,5,14,0.64
hMhs,6,4,10,0.6
hMht,0,1,1,0.0
hMjB,1,1,2,0.5
hMjD,1,1,2,0.5
hMjI,1,0,1,1.0
hMjM,2,1,3,0.67
hMjN,2,0,2,1.0
hMjP,0,4,4,0.0
hMjS,2,0,2,1.0
hMjb,1,1,2,0.5
hMjl,1,0,1,1.0
hMjm,1,1,2,0.5
hMjs,1,0,1,1.0
hMjt,0,0,0,
hMlB,7,3,10,0.7
hMlH,3,0,3,1.0
hMlI,0,1,1,0.0
hMlJ,1,1,2,0.5
hMlK,0,2,2,0.0
hMlL,2,3,5,0.4
hMlM,3,0,3,1.0
hMlN,6,5,11,0.55
hMlP,5,2,7,0.71
hMlS,1,2,3,0.33
hMlb,5,5,10,0.5
hMlm,6,4,10,0.6
hMln,2,0,2,1.0
hMls,3,1,4,0.75
hMmB,11,7,18,0.61
hMmD,4,3,7,0.57
hMmH,11,14,25,0.44
hMmI,0,1,1,0.0
hMmJ,1,4,5,0.2
hMmL,2,2,4,0.5
hMmM,20,19,39,0.51
hMmN,17,22,39,0.44
hMmP,8,12,20,0.4
hMmS,14,15,29,0.48
hMmb,11,10,21,0.52
hMml,3,0,3,1.0
hMmm,14,10,24,0.58
hMmn,11,11,22,0.5
hMms,8,5,13,0.62
hMnB,7,10,17,0.41
hMnD,3,2,5,0.6
hMnH,4,5,9,0.44
hMnI,2,2,4,0.5
hMnK,1,3,4,0.25
hMnL,4,4,8,0.5
hMnM,6,10,16,0.38
hMnN,13,10,23,0.57
hMnP,23,9,32,0.72
hMnS,7,10,17,0.41
hMnb,6,12,18,0.33
hMnh,1,1,2,0.5
hMnl,3,3,6,0.5
hMnm,16,15,31,0.52
hMnn,8,13,21,0.38
hMns,6,6,12,0.5
hMsB,6,3,9,0.67
hMsD,4,1,5,0.8
hMsH,6,4,10,0.6
hMsI,0,0,0,
hMsK,0,1,1,0.0
hMsL,3,0,3,1.0
hMsM,3,10,13,0.23
hMsN,9,6,15,0.6
hMsP,7,4,11,0.64
hMsS,5,6,11,0.45
hMsb,4,5,9,0.44
hMsh,0,0,0,
hMsl,1,2,3,0.33
hMsm,4,5,9,0.44
hMsn,3,5,8,0.38
hMss,3,5,8,0.38
hMst,0,1,1,0.0
hMtB,0,1,1,0.0
hMtK,1,0,1,1.0
hMtL,1,0,1,1.0
hMtM,0,0,0,
hMtP,4,0,4,1.0
hMtS,0,1,1,0.0
hMtb,0,0,0,
hMtm,1,0,1,1.0
hMtn,0,2,2,0.0
hMts,0,1,1,0.0
hNBB,8,9,17,0.47
hNBD,1,2,3,0.33
hNBL,0,2,2,0.0
hNBM,6,10,16,0.38
hNBN,7,10,17,0.41
hNBP,7,8,15,0.47
hNBS,2,7,9,0.22
hNBb,2,7,9,0.22
hNBh,1,0,1,1.0
hNBj,1,1,2,0.5
hNBl,2,0,2,1.0
hNBm,6,3,9,0.67
hNBn,7,9,16,0.44
hNBs,6,0,6,1.0
hNDB,1,1,2,0.5
hNDD,1,0,1,1.0
hNDH,1,0,1,1.0
hNDI,0,1,1,0.0
hNDM,0,1,1,0.0
hNDN,0,3,3,0.0
hNDP,2,2,4,0.5
hNDS,2,3,5,0.4
hNDb,0,0,0,
hNDh,0,0,0,
hNDm,3,2,5,0.6
hNDn,4,0,4,1.0
hNDs,0,0,0,
hNHB,1,0,1,1.0
hNHD,1,0,1,1.0
hNHL,1,1,2,0.5
hNHM,0,2,2,0.0
hNHN,0,1,1,0.0
hNHP,2,1,3,0.67
hNHS,4,1,5,0.8
hNHb,3,0,3,1.0
hNHh,1,0,1,1.0
hNHl,0,1,1,0.0
hNHm,2,4,6,0.33
hNHn,0,2,2,0.0
hNHs,3,0,3,1.0
hNID,0,1,1,0.0
hNIP,1,1,2,0.5
hNIm,0,1,1,0.0
hNIn,1,0,1,1.0
hNKB,2,1,3,0.67
hNKD,2,0,2,1.0
hNKH,0,0,0,
hNKM,2,2,4,0.5
hNKN,1,0,1,1.0
hNKP,2,0,2,1.0
hNKS,2,2,4,0.5
hNKb,0,0,0,
hNKh,2,1,3,0.67
hNKl,1,0,1,1.0
hNKm,4,2,6,0.67
hNKn,1,0,1,1.0
hNKs,1,0,1,1.0
hNLB,1,3,4,0.25
hNLD,1,0,1,1.0
hNLH,0,1,1,0.0
hNLL,0,2,2,0.0
hNLM,2,2,4,0.5
hNLN,1,5,6,0.17
hNLP,2,2,4,0.5
hNLS,3,1,4,0.75
hNLb,1,1,2,0.5
hNLh,2,1,3,0.67
hNLj,0,1,1,0.0
hNLm,0,1,1,0.0
hNLn,2,4,6,0.33
hNLs,4,1,5,0.8
hNMB,6,6,12,0.5
hNMD,2,1,3,0.67
hNML,2,4,6,0.33
hNMM,4,4,8,0.5
hNMN,4,9,13,0.31
hNMP,9,14,23,0.39
hNMS,6,4,10,0.6
hNMb,7,7,14,0.5
hNMh,6,7,13,0.46
hNMj,1,3,4,0.25
hNMl,3,1,4,0.75
hNMm,6,8,14,0.43
hNMn,14,7,21,0.67
hNMs,7,4,11,0.64
hNMt,2,2,4,0.5
hNNB,5,5,10,0.5
hNND,4,0,4,1.0
hNNH,2,3,5,0.4
hNNK,2,1,3,0.67
hNNL,2,4,6,0.33
hNNM,4,8,12,0.33
hNNN,9,8,17,0.53
hNNP,11,7,18,0.61
hNNS,9,3,12,0.75
hNNb,10,3,13,0.77
hNNh,2,3,5,0.4
hNNl,1,5,6,0.17
hNNm,5,6,11,0.45
hNNn,10,9,19,0.53
hNNs,9,6,15,0.6
hNNt,4,2,6,0.67
hNPB,9,10,19,0.47
hNPD,2,2,4,0.5
hNPH,2,1,3,0.67
hNPI,0,0,0,
hNPL,4,3,7,0.57
hNPM,11,10,21,0.52
hNPN,7,14,21,0.33
hNPP,22,19,41,0.54
hNPS,6,10,16,0.38
hNPb,7,7,14,0.5
hNPh,2,2,4,0.5
hNPl,4,4,8,0.5
hNPm,16,8,24,0.67
hNPn,11,15,26,0.42
hNPs,13,6,19,0.68
hNSB,2,6,8,0.25
hNSD,1,0,1,1.0
hNSH,1,7,8,0.12
hNSI,0,1,1,0.0
hNSK,0,1,1,0.0
hNSL,0,3,3,0.0
hNSM,9,7,16,0.56
hNSN,6,9,15,0.4
hNSP,8,5,13,0.62
hNSS,17,4,21,0.81
hNSb,5,7,12,0.42
hNSh,4,4,8,0.5
hNSl,0,0,0,
hNSm,5,5,10,0.5
hNSn,4,10,14,0.29
hNSs,12,5,17,0.71
hNSt,1,1,2,0.5
hNbB,3,5,8,0.38
hNbD,4,0,4,1.0
hNbH,5,0,5,1.0
hNbJ,3,1,4,0.75
hNbK,2,0,2,1.0
hNbL,0,2,2,0.0
hNbM,3,9,12,0.25
hNbN,4,7,11,0.36
hNbP,4,9,13,0.31
hNbS,5,3,8,0.62
hNbb,2,7,9,0.22
hNbl,0,1,1,0.0
hNbm,6,5,11,0.55
hNbn,8,7,15,0.53
hNbs,4,1,5,0.8
hNhB,0,1,1,0.0
hNhD,1,2,3,0.33
hNhH,1,1,2,0.5
hNhL,0,1,1,0.0
hNhM,3,3,6,0.5
hNhN,4,1,5,0.8
hNhP,1,2,3,0.33
hNhS,3,4,7,0.43
hNhb,3,1,4,0.75
hNhh,3,4,7,0.43
hNhl,3,0,3,1.0
hNhm,3,1,4,0.75
hNhn,3,0,3,1.0
hNhs,1,1,2,0.5
hNht,1,0,1,1.0
hNlH,1,0,1,1.0
hNlK,1,0,1,1.0
hNlL,2,0,2,1.0
hNlM,4,0,4,1.0
hNlN,4,4,8,0.5
hNlP,3,2,5,0.6
hNlS,3,0,3,1.0
hNlb,3,2,5,0.6
hNll,1,0,1,1.0
hNlm,3,0,3,1.0
hNln,4,1,5,0.8
hNls,2,2,4,0.5
hNmB,2,8,10,0.2
hNmD,3,6,9,0.33
hNmH,8,10,18,0.44
hNmI,0,1,1,0.0
hNmJ,1,2,3,0.33
hNmK,0,0,0,
hNmL,3,2,5,0.6
hNmM,15,13,28,0.54
hNmN,10,14,24,0.42
hNmP,7,8,15,0.47
hNmS,5,10,15,0.33
hNmb,9,5,14,0.64
hNml,2,2,4,0.5
hNmm,2,9,11,0.18
hNmn,6,11,17,0.35
hNms,7,4,11,0.64
hNnB,8,8,16,0.5
hNnD,0,1,1,0.0
hNnH,5,5,10,0.5
hNnI,2,1,3,0.67
hNnK,1,0,1,1.0
hNnL,2,1,3,0.67
hNnM,13,4,17,0.76
hNnN,11,14,25,0.44
hNnP,10,9,19,0.53
hNnS,9,8,17,0.53
hNnb,6,9,15,0.4
hNnl,2,0,2,1.0
hNnm,12,6,18,0.67
hNnn,14,9,23,0.61
hNns,9,7,16,0.56
hNnt,1,0,1,1.0
hNsB,3,4,7,0.43
hNsD,2,2,4,0.5
hNsH,3,7,10,0.3
hNsK,0,0,0,
hNsL,2,1,3,0.67
hNsM,4,0,4,1.0
hNsN,8,5,13,0.62
hNsP,6,5,11,0.55
hNsS,5,6,11,0.45
hNsb,7,6,13,0.54
hNsh,0,1,1,0.0
hNsl,2,3,5,0.4
hNsm,8,8,16,0.5
hNsn,3,5,8,0.38
hNss,5,7,12,0.42
hNtB,1,2,3,0.33
hNtK,0,1,1,0.0
hNtM,3,1,4,0.75
hNtN,1,6,7,0.14
hNtP,1,1,2,0.5
hNtb,1,0,1,1.0
hNtl,1,0,1,1.0
hNtm,2,0,2,1.0
hNtn,1,2,3,0.33
hNts,0,0,0,
hNtt,1,0,1,1.0
hPBB,11,8,19,0.58
hPBD,1,4,5,0.2
hPBH,0,1,1,0.0
hPBK,0,2,2,0.0
hPBL,2,3,5,0.4
hPBM,5,13,18,0.28
hPBN,5,8,13,0.38
hPBP,11,10,21,0.52
hPBS,7,5,12,0.58
hPBb,8,10,18,0.44
hPBh,0,1,1,0.0
hPBj,4,2,6,0.67
hPBl,1,6,7,0.14
hPBm,12,7,19,0.63
hPBn,5,6,11,0.45
hPBs,3,3,6,0.5
hPBt,1,1,2,0.5
hPDB,4,7,11,0.36
hPDD,0,1,1,0.0
hPDH,3,1,4,0.75
hPDM,3,4,7,0.43
hPDN,1,4,5,0.2
hPDP,5,4,9,0.56
hPDS,0,0,0,
hPDb,1,1,2,0.5
hPDl,0,1,1,0.0
hPDm,4,6,10,0.4
hPDn,0,4,4,0.0
hPDs,0,1,1,0.0
hPDt,0,0,0,
hPHB,2,2,4,0.5
hPHD,1,0,1,1.0
hPHH,1,1,2,0.5
hPHI,0,1,1,0.0
hPHL,0,0,0,
hPHM,1,5,6,0.17
hPHN,1,3,4,0.25
hPHP,6,0,6,1.0
hPHS,2,1,3,0.67
hPHb,1,2,3,0.33
hPHh,1,1,2,0.5
hPHl,2,4,6,0.33
hPHm,6,6,12,0.5
hPHn,3,2,5,0.6
hPHs,5,3,8,0.62
hPHt,1,0,1,1.0
hPIB,2,0,2,1.0
hPID,0,0,0,
hPIH,1,2,3,0.33
hPIL,0,1,1,0.0
hPIM,2,5,7,0.29
hPIN,0,1,1,0.0
hPIP,1,0,1,1.0
hPIS,0,1,1,0.0
hPIb,2,0,2,1.0
hPIm,2,2,4,0.5
hPIn,1,2,3,0.33
hPIs,0,0,0,
hPKB,0,1,1,0.0
hPKH,0,1,1,0.0
hPKI,0,1,1,0.0
hPKM,2,0,2,1.0
hPKN,2,2,4,0.5
hPKP,1,2,3,0.33
hPKS,0,0,0,
hPKb,1,2,3,0.33
hPKh,0,2,2,0.0
hPKl,1,0,1,1.0
hPKm,5,2,7,0.71
hPKn,1,2,3,0.33
hPKs,3,2,5,0.6
hPKt,0,0,0,
hPLB,2,1,3,0.67
hPLD,0,1,1,0.0
hPLL,3,3,6,0.5
hPLM,5,5,10,0.5
hPLN,2,2,4,0.5
hPLP,6,1,7,0.86
hPLS,2,3,5,0.4
hPLb,4,3,7,0.57
hPLh,0,1,1,0.0
hPLj,1,1,2,0.5
hPLl,5,2,7,0.71
hPLm,8,3,11,0.73
hPLn,1,1,2,0.5
hPLs,2,3,5,0.4
hPMB,7,9,16,0.44
hPMD,2,0,2,1.0
hPMK,0,1,1,0.0
hPML,3,5,8,0.38
hPMM,7,8,15,0.47
hPMN,9,10,19,0.47
hPMP,12,7,19,0.63
hPMS,12,10,22,0.55
hPMb,11,8,19,0.58
hPMh,5,14,19,0.26
hPMj,3,2,5,0.6
hPMl,5,2,7,0.71
hPMm,19,17,36,0.53
hPMn,13,7,20,0.65
hPMs,7,9,16,0.44
hPMt,0,1,1,0.0
hPNB,10,8,18,0.56
hPND,2,3,5,0.4
hPNH,1,2,3,0.33
hPNI,1,0,1,1.0
hPNK,0,3,3,0.0
hPNL,3,4,7,0.43
hPNM,10,12,22,0.45
hPNN,9,12,21,0.43
hPNP,8,15,23,0.35
hPNS,8,7,15,0.53
hPNb,6,11,17,0.35
hPNh,3,4,7,0.43
hPNl,4,4,8,0.5
hPNm,6,14,20,0.3
hPNn,9,13,22,0.41
hPNs,9,4,13,0.69
hPNt,2,1,3,0.67
hPPB,16,16,32,0.5
hPPD,0,4,4,0.0
hPPH,2,7,9,0.22
hPPI,1,1,2,0.5
hPPK,0,3,3,0.0
hPPL,3,4,7,0.43
hPPM,13,15,28,0.46
hPPN,11,5,16,0.69
hPPP,16,16,32,0.5
hPPS,16,12,28,0.57
hPPb,6,11,17,0.35
hPPh,2,2,4,0.5
hPPl,8,8,16,0.5
hPPm,16,11,27,0.59
hPPn,10,9,19,0.53
hPPs,4,11,15,0.27
hPPt,1,3,4,0.25
hPSB,2,7,9,0.22
hPSD,3,2,5,0.6
hPSH,3,4,7,0.43
hPSL,3,4,7,0.43
hPSM,8,11,19,0.42
hPSN,3,5,8,0.38
hPSP,10,5,15,0.67
hPSS,5,6,11,0.45
hPSb,9,7,16,0.56
hPSh,3,1,4,0.75
hPSl,2,3,5,0.4
hPSm,10,6,16,0.62
hPSn,3,5,8,0.38
hPSs,8,8,16,0.5
hPSt,1,1,2,0.5
hPbB,7,7,14,0.5
hPbD,0,1,1,0.0
hPbH,0,2,2,0.0
hPbI,1,1,2,0.5
hPbJ,0,1,1,0.0
hPbK,2,2,4,0.5
hPbL,1,3,4,0.25
hPbM,15,11,26,0.58
hPbN,12,11,23,0.52
hPbP,12,15,27,0.44
hPbS,4,3,7,0.57
hPbb,5,5,10,0.5
hPbl,3,1,4,0.75
hPbm,4,10,14,0.29
hPbn,7,5,12,0.58
hPbs,3,5,8,0.38
hPbt,0,1,1,0.0
hPhB,0,2,2,0.0
hPhH,1,0,1,1.0
hPhL,1,0,1,1.0
hPhM,2,1,3,0.67
hPhN,2,1,3,0.67
hPhP,1,0,1,1.0
hPhS,2,2,4,0.5
hPhb,0,3,3,0.0
hPhh,2,0,2,1.0
hPhl,1,0,1,1.0
hPhm,3,1,4,0.75
hPhs,4,0,4,1.0
hPht,0,0,0,
hPlB,3,6,9,0.33
hPlD,0,0,0,
hPlH,4,1,5,0.8
hPlK,0,0,0,
hPlL,1,1,2,0.5
hPlM,3,3,6,0.5
hPlN,5,5,10,0.5
hPlP,7,3,10,0.7
hPlS,2,3,5,0.4
hPlb,3,5,8,0.38
hPll,3,0,3,1.0
hPlm,3,2,5,0.6
hPln,4,1,5,0.8
hPls,3,7,10,0.3
hPmB,10,9,19,0.53
hPmD,6,3,9,0.67
hPmH,11,5,16,0.69
hPmI,2,1,3,0.67
hPmJ,3,3,6,0.5
hPmL,6,1,7,0.86
hPmM,17,16,33,0.52
hPmN,11,12,23,0.48
hPmP,13,10,23,0.57
hPmS,5,12,17,0.29
hPmb,6,11,17,0.35
hPmh,0,1,1,0.0
hPml,5,7,12,0.42
hPmm,18,13,31,0.58
hPmn,6,13,19,0.32
hPms,6,8,14,0.43
hPnB,8,5,13,0.62
hPnD,2,1,3,0.67
hPnH,4,4,8,0.5
hPnI,1,1,2,0.5
hPnK,3,2,5,0.6
hPnL,1,3,4,0.25
hPnM,4,9,13,0.31
hPnN,10,7,17,0.59
hPnP,7,13,20,0.35
hPnS,9,13,22,0.41
hPnb,5,9,14,0.36
hPnh,2,0,2,1.0
hPnl,3,5,8,0.38
hPnm,11,4,15,0.73
hPnn,6,4,10,0.6
hPns,4,12,16,0.25
hPsB,4,2,6,0.67
hPsD,2,0,2,1.0
hPsH,6,3,9,0.67
hPsI,0,1,1,0.0
hPsL,1,4,5,0.2
hPsM,13,10,23,0.57
hPsN,6,10,16,0.38
hPsP,10,5,15,0.67
hPsS,10,8,18,0.56
hPsb,5,4,9,0.56
hPsh,0,1,1,0.0
hPsl,1,2,3,0.33
hPsm,9,11,20,0.45
hPsn,6,5,11,0.55
hPss,9,5,14,0.64
hPtB,0,2,2,0.0
hPtD,1,0,1,1.0
hPtH,2,1,3,0.67
hPtL,0,1,1,0.0
hPtM,1,1,2,0.5
hPtN,1,3,4,0.25
hPtS,0,0,0,
hPtb,0,1,1,0.0
hPtl,0,1,1,0.0
hPtm,1,2,3,0.33
hPtn,3,2,5,0.6
hPts,2,0,2,1.0
hPtt,1,0,1,1.0
hSBB,3,8,11,0.27
hSBD,3,0,3,1.0
hSBK,1,0,1,1.0
hSBL,1,0,1,1.0
hSBM,8,10,18,0.44
hSBN,7,12,19,0.37
hSBP,10,9,19,0.53
hSBS,9,3,12,0.75
hSBb,11,5,16,0.69
hSBh,0,1,1,0.0
hSBj,2,1,3,0.67
hSBl,0,4,4,0.0
hSBm,2,6,8,0.25
hSBn,12,3,15,0.8
hSBs,4,3,7,0.57
hSBt,0,0,0,
hSDB,1,2,3,0.33
hSDD,1,0,1,1.0
hSDH,0,3,3,0.0
hSDL,0,1,1,0.0
hSDM,2,0,2,1.0
hSDN,1,1,2,0.5
hSDP,3,4,7,0.43
hSDS,3,0,3,1.0
hSDb,0,0,0,
hSDh,0,1,1,0.0
hSDl,2,0,2,1.0
hSDm,3,2,5,0.6
hSDn,1,1,2,0.5
hSDs,4,1,5,0.8
hSDt,0,1,1,0.0
hSHB,3,1,4,0.75
hSHD,0,1,1,0.0
hSHH,0,0,0,
hSHI,1,1,2,0.5
hSHK,1,0,1,1.0
hSHL,3,1,4,0.75
hSHM,5,3,8,0.62
hSHN,1,2,3,0.33
hSHP,2,3,5,0.4
hSHS,3,8,11,0.27
hSHb,1,5,6,0.17
hSHh,1,0,1,1.0
hSHl,2,1,3,0.67
hSHm,8,4,12,0.67
hSHn,4,2,6,0.67
hSHs,5,4,9,0.56
hSID,0,1,1,0.0
hSIH,0,3,3,0.0
hSIN,0,1,1,0.0
hSIP,0,1,1,0.0
hSIS,1,0,1,1.0
hSIm,0,1,1,0.0
hSKB,0,1,1,0.0
hSKM,0,1,1,0.0
hSKN,2,0,2,1.0
hSKP,0,1,1,0.0
hSKS,1,0,1,1.0
hSKm,0,1,1,0.0
hSKs,1,0,1,1.0
hSLB,1,2,3,0.33
hSLD,0,0,0,
hSLK,0,1,1,0.0
hSLM,2,2,4,0.5
hSLN,1,3,4,0.25
hSLP,4,4,8,0.5
hSLS,5,0,5,1.0
hSLb,1,3,4,0.25
hSLh,2,0,2,1.0
hSLj,1,1,2,0.5
hSLl,1,1,2,0.5
hSLm,3,2,5,0.6
hSLn,0,0,0,
hSLs,3,2,5,0.6
hSMB,10,7,17,0.59
hSMD,3,1,4,0.75
hSMH,0,1,1,0.0
hSMK,0,1,1,0.0
hSML,3,2,5,0.6
hSMM,8,9,17,0.47
hSMN,8,7,15,0.53
hSMP,7,16,23,0.3
hSMS,10,11,21,0.48
hSMb,12,6,18,0.67
hSMh,5,12,17,0.29
hSMj,0,2,2,0.0
hSMl,1,6,7,0.14
hSMm,13,22,35,0.37
hSMn,7,7,14,0.5
hSMs,9,10,19,0.47
hSMt,0,2,2,0.0
hSNB,4,6,10,0.4
hSNH,2,3,5,0.4
hSNK,2,1,3,0.67
hSNL,2,6,8,0.25
hSNM,5,5,10,0.5
hSNN,6,7,13,0.46
hSNP,9,5,14,0.64
hSNS,5,9,14,0.36
hSNb,6,7,13,0.46
hSNh,2,1,3,0.67
hSNl,2,1,3,0.67
hSNm,8,10,18,0.44
hSNn,7,3,10,0.7
hSNs,3,7,10,0.3
hSNt,0,1,1,0.0
hSPB,8,5,13,0.62
hSPD,1,3,4,0.25
hSPH,1,2,3,0.33
hSPI,2,0,2,1.0
hSPK,1,1,2,0.5
hSPL,1,5,6,0.17
hSPM,5,7,12,0.42
hSPN,8,7,15,0.53
hSPP,16,11,27,0.59
hSPS,10,7,17,0.59
hSPb,8,5,13,0.62
hSPh,1,1,2,0.5
hSPl,3,1,4,0.75
hSPm,11,3,14,0.79
hSPn,7,4,11,0.64
hSPs,8,6,14,0.57
hSPt,1,0,1,1.0
hSSB,12,14,26,0.46
hSSD,3,0,3,1.0
hSSH,6,4,10,0.6
hSSI,3,1,4,0.75
hSSK,2,0,2,1.0
hSSL,1,3,4,0.25
hSSM,6,16,22,0.27
hSSN,11,4,15,0.73
hSSP,6,11,17,0.35
hSSS,15,19,34,0.44
hSSb,9,6,15,0.6
hSSh,5,3,8,0.62
hSSl,2,5,7,0.29
hSSm,14,5,19,0.74
hSSn,15,1,16,0.94
hSSs,8,3,11,0.73
hSSt,1,1,2,0.5
hSbB,8,8,16,0.5
hSbD,1,2,3,0.33
hSbI,1,0,1,1.0
hSbJ,0,1,1,0.0
hSbK,1,1,2,0.5
hSbL,2,2,4,0.5
hSbM,5,9,14,0.36
hSbN,5,2,7,0.71
hSbP,4,3,7,0.57
hSbS,5,3,8,0.62
hSbb,5,4,9,0.56
hSbl,1,0,1,1.0
hSbm,4,9,13,0.31
hSbn,6,6,12,0.5
hSbs,6,2,8,0.75
hShB,4,2,6,0.67
hShD,0,2,2,0.0
hShH,1,1,2,0.5
hShI,3,1,4,0.75
hShK,1,0,1,1.0
hShL,1,1,2,0.5
hShM,4,11,15,0.27
hShN,2,3,5,0.4
hShP,3,6,9,0.33
hShS,7,4,11,0.64
hShb,3,3,6,0.5
hShh,2,8,10,0.2
hShl,2,4,6,0.33
hShm,6,3,9,0.67
hShn,6,3,9,0.67
hShs,7,5,12,0.58
hSlB,1,2,3,0.33
hSlD,0,2,2,0.0
hSlH,1,1,2,0.5
hSlJ,1,1,2,0.5
hSlM,3,2,5,0.6
hSlN,3,2,5,0.6
hSlP,3,0,3,1.0
hSlS,3,0,3,1.0
hSlb,1,2,3,0.33
hSll,1,0,1,1.0
hSlm,1,2,3,0.33
hSln,4,3,7,0.57
hSls,2,2,4,0.5
hSmB,10,6,16,0.62
hSmD,2,3,5,0.4
hSmH,7,11,18,0.39
hSmI,0,0,0,
hSmJ,0,4,4,0.0
hSmL,2,0,2,1.0
hSmM,8,12,20,0.4
hSmN,11,13,24,0.46
hSmP,3,8,11,0.27
hSmS,6,6,12,0.5
hSmb,6,3,9,0.67
hSml,0,3,3,0.0
hSmm,12,12,24,0.5
hSmn,3,7,10,0.3
hSms,4,3,7,0.57
hSnB,3,4,7,0.43
hSnD,3,2,5,0.6
hSnH,3,2,5,0.6
hSnI,1,1,2,0.5
hSnK,0,1,1,0.0
hSnL,1,0,1,1.0
hSnM,6,10,16,0.38
hSnN,9,8,17,0.53
hSnP,3,4,7,0.43
hSnS,2,7,9,0.22
hSnb,2,7,9,0.22
hSnh,1,0,1,1.0
hSnl,2,4,6,0.33
hSnm,10,6,16,0.62
hSnn,10,8,18,0.56
hSns,4,9,13,0.31
hSnt,1,0,1,1.0
hSsB,0,3,3,0.0
hSsD,5,0,5,1.0
hSsH,6,5,11,0.55
hSsI,0,0,0,
hSsK,1,1,2,0.5
hSsL,2,3,5,0.4
hSsM,7,10,17,0.41
hSsN,11,6,17,0.65
hSsP,6,11,17,0.35
hSsS,17,13,30,0.57
hSsb,0,5,5,0.0
hSsl,1,0,1,1.0
hSsm,10,6,16,0.62
hSsn,5,12,17,0.29
hSss,7,10,17,0.41
hSst,0,1,1,0.0
hStB,1,3,4,0.25
hStD,1,0,1,1.0
hStH,0,1,1,0.0
hStN,0,0,0,
hStP,2,0,2,1.0
hStS,1,1,2,0.5
hStb,1,1,2,0.5
hStm,2,1,3,0.67
hSts,1,0,1,1.0
hbBB,2,6,8,0.25
hbBK,0,0,0,
hbBL,2,2,4,0.5
hbBM,2,7,9,0.22
hbBN,8,9,17,0.47
hbBP,9,7,16,0.56
hbBS,2,5,7,0.29
hbBb,2,3,5,0.4
hbBh,1,0,1,1.0
hbBj,0,3,3,0.0
hbBl,2,1,3,0.67
hbBm,8,6,14,0.57
hbBn,4,4,8,0.5
hbBs,5,3,8,0.62
hbBt,4,1,5,0.8
hbDB,2,1,3,0.67
hbDD,0,2,2,0.0
hbDH,2,1,3,0.67
hbDM,1,0,1,1.0
hbDN,2,3,5,0.4
hbDP,0,1,1,0.0
hbDS,1,2,3,0.33
hbDh,1,0,1,1.0
hbDm,3,2,5,0.6
hbDn,1,0,1,1.0
hbDs,0,2,2,0.0
hbDt,0,1,1,0.0
hbHB,0,0,0,
hbHD,1,0,1,1.0
hbHM,5,4,9,0.56
hbHN,2,4,6,0.33
hbHP,3,0,3,1.0
hbHS,0,1,1,0.0
hbHb,0,1,1,0.0
hbHh,0,1,1,0.0
hbHl,1,0,1,1.0
hbHm,0,1,1,0.0
hbHn,1,3,4,0.25
hbHs,1,1,2,0.5
hbIB,1,0,1,1.0
hbIH,1,1,2,0.5
hbII,1,0,1,1.0
hbIM,1,0,1,1.0
hbIN,0,2,2,0.0
hbIS,2,0,2,1.0
hbIb,0,1,1,0.0
hbIm,0,1,1,0.0
hbIs,1,0,1,1.0
hbJB,3,2,5,0.6
hbJD,1,0,1,1.0
hbJH,0,1,1,0.0
hbJK,1,0,1,1.0
hbJM,1,3,4,0.25
hbJN,1,3,4,0.25
hbJP,5,3,8,0.62
hbJS,0,1,1,0.0
hbJb,2,3,5,0.4
hbJl,2,1,3,0.67
hbJm,1,2,3,0.33
hbJn,2,0,2,1.0
hbJs,1,3,4,0.25
hbJt,0,1,1,0.0
hbKB,1,1,2,0.5
hbKM,3,5,8,0.38
hbKP,0,4,4,0.0
hbKb,1,0,1,1.0
hbKh,1,3,4,0.25
hbKm,2,0,2,1.0
hbKn,0,1,1,0.0
hbKs,0,1,1,0.0
hbKt,0,1,1,0.0
hbLB,3,1,4,0.75
hbLL,1,2,3,0.33
hbLM,1,5,6,0.17
hbLN,2,0,2,1.0
hbLP,2,1,3,0.67
hbLS,1,1,2,0.5
hbLb,3,4,7,0.43
hbLj,0,0,0,
hbLl,1,1,2,0.5
hbLm,2,3,5,0.4
hbLn,4,2,6,0.67
hbLs,0,1,1,0.0
hbMB,5,5,10,0.5
hbMD,0,1,1,0.0
hbMK,0,2,2,0.0
hbML,3,3,6,0.5
hbMM,3,6,9,0.33
hbMN,5,4,9,0.56
hbMP,9,7,16,0.56
hbMS,8,4,12,0.67
hbMb,6,8,14,0.43
hbMh,11,7,18,0.61
hbMl,3,6,9,0.33
hbMm,8,6,14,0.57
hbMn,17,6,23,0.74
hbMs,3,1,4,0.75
hbMt,2,2,4,0.5
hbNB,3,5,8,0.38
hbND,2,2,4,0.5
hbNH,3,2,5,0.6
hbNI,0,1,1,0.0
hbNK,1,2,3,0.33
hbNL,3,1,4,0.75
hbNM,5,13,18,0.28
hbNN,9,8,17,0.53
hbNP,8,2,10,0.8
hbNS,6,11,17,0.35
hbNb,10,6,16,0.62
hbNh,3,3,6,0.5
hbNl,1,1,2,0.5
hbNm,10,7,17,0.59
hbNn,10,13,23,0.43
hbNs,6,9,15,0.4
hbNt,2,0,2,1.0
hbPB,6,5,11,0.55
hbPD,2,0,2,1.0
hbPH,0,1,1,0.0
hbPI,1,0,1,1.0
hbPK,1,0,1,1.0
hbPL,3,2,5,0.6
hbPM,11,11,22,0.5
hbPN,6,8,14,0.43
hbPP,16,8,24,0.67
hbPS,3,6,9,0.33
hbPb,6,4,10,0.6
hbPh,3,2,5,0.6
hbPl,6,0,6,1.0
hbPm,12,5,17,0.71
hbPn,3,8,11,0.27
hbPs,3,8,11,0.27
hbSB,1,3,4,0.25
hbSD,4,1,5,0.8
hbSH,4,1,5,0.8
hbSL,1,3,4,0.25
hbSM,3,17,20,0.15
hbSN,2,7,9,0.22
hbSP,4,5,9,0.44
hbSS,6,5,11,0.55
hbSb,2,2,4,0.5
hbSh,5,2,7,0.71
hbSl,1,6,7,0.14
hbSm,6,3,9,0.67
hbSn,5,5,10,0.5
hbSs,3,4,7,0.43
hbbB,4,6,10,0.4
hbbH,4,1,5,0.8
hbbI,0,2,2,0.0
hbbJ,1,1,2,0.5
hbbK,0,1,1,0.0
hbbL,0,2,2,0.0
hbbM,6,8,14,0.43
hbbN,9,7,16,0.56
hbbP,9,7,16,0.56
hbbS,5,1,6,0.83
hbbb,4,6,10,0.4
hbbl,2,0,2,1.0
hbbm,4,5,9,0.44
hbbn,8,8,16,0.5
hbbs,5,2,7,0.71
hblB,0,1,1,0.0
hblH,2,0,2,1.0
hblJ,1,0,1,1.0
hblL,0,1,1,0.0
hblM,1,5,6,0.17
hblN,1,1,2,0.5
hblP,1,1,2,0.5
hblb,0,1,1,0.0
hbll,1,3,4,0.25
hblm,1,2,3,0.33
hbln,1,4,5,0.2
hbls,1,2,3,0.33
hbmB,4,6,10,0.4
hbmD,0,2,2,0.0
hbmH,3,5,8,0.38
hbmI,1,0,1,1.0
hbmJ,1,1,2,0.5
hbmL,5,4,9,0.56
hbmM,8,5,13,0.62
hbmN,5,5,10,0.5
hbmP,6,3,9,0.67
hbmS,2,8,10,0.2
hbmb,5,8,13,0.38
hbmh,0,1,1,0.0
hbml,2,2,4,0.5
hbmm,9,7,16,0.56
hbmn,3,6,9,0.33
hbms,4,5,9,0.44
hbnB,4,2,6,0.67
hbnD,2,1,3,0.67
hbnH,3,4,7,0.43
hbnI,0,2,2,0.0
hbnK,1,0,1,1.0
hbnL,1,1,2,0.5
hbnM,8,7,15,0.53
hbnN,11,3,14,0.79
hbnP,10,9,19,0.53
hbnS,3,3,6,0.5
hbnb,5,4,9,0.56
hbnh,0,0,0,
hbnl,2,1,3,0.67
hbnm,9,7,16,0.56
hbnn,8,5,13,0.62
hbns,4,4,8,0.5
hbsB,1,1,2,0.5
hbsD,1,1,2,0.5
hbsH,4,2,6,0.67
hbsI,1,1,2,0.5
hbsK,0,0,0,
hbsL,2,0,2,1.0
hbsM,4,2,6,0.67
hbsN,0,1,1,0.0
hbsP,7,3,10,0.7
hbsS,3,2,5,0.6
hbsb,1,0,1,1.0
hbsh,1,0,1,1.0
hbsl,0,0,0,
hbsm,8,4,12,0.67
hbsn,4,2,6,0.67
hbss,2,2,4,0.5
hbst,0,0,0,
hbtS,0,0,0,
hhBB,8,8,16,0.5
hhBD,3,2,5,0.6
hhBK,0,1,1,0.0
hhBL,2,1,3,0.67
hhBM,5,7,12,0.42
hhBN,3,9,12,0.25
hhBP,4,5,9,0.44
hhBS,6,5,11,0.55
hhBb,6,3,9,0.67
hhBh,2,0,2,1.0
hhBj,2,5,7,0.29
hhBl,2,1,3,0.67
hhBm,4,9,13,0.31
hhBn,8,3,11,0.73
hhBs,4,4,8,0.5
hhBt,0,0,0,
hhDB,0,1,1,0.0
hhDD,0,1,1,0.0
hhDH,0,3,3,0.0
hhDL,0,2,2,0.0
hhDM,1,3,4,0.25
hhDN,1,0,1,1.0
hhDP,0,1,1,0.0
hhDS,4,2,6,0.67
hhDb,2,0,2,1.0
hhDl,0,1,1,0.0
hhDm,4,0,4,1.0
hhDn,0,1,1,0.0
hhDs,1,1,2,0.5
hhHB,1,0,1,1.0
hhHD,0,0,0,
hhHH,0,0,0,
hhHI,1,0,1,1.0
hhHK,0,1,1,0.0
hhHL,2,1,3,0.67
hhHM,2,3,5,0.4
hhHN,2,2,4,0.5
hhHP,4,4,8,0.5
hhHS,0,1,1,0.0
hhHb,1,0,1,1.0
hhHh,1,0,1,1.0
hhHl,2,0,2,1.0
hhHm,3,0,3,1.0
hhHn,1,2,3,0.33
hhHs,2,1,3,0.67
hhHt,0,1,1,0.0
hhIB,1,0,1,1.0
hhID,0,1,1,0.0
hhIH,2,1,3,0.67
hhIM,0,0,0,
hhIP,1,3,4,0.25
hhIS,0,3,3,0.0
hhIl,2,1,3,0.67
hhIm,1,1,2,0.5
hhIn,0,0,0,
hhIs,2,1,3,0.67
hhKh,1,0,1,1.0
hhKm,1,0,1,1.0
hhKs,1,0,1,1.0
hhLB,2,3,5,0.4
hhLD,1,0,1,1.0
hhLL,1,2,3,0.33
hhLM,4,3,7,0.57
hhLN,1,1,2,0.5
hhLP,2,1,3,0.67
hhLS,1,0,1,1.0
hhLb,4,0,4,1.0
hhLh,0,1,1,0.0
hhLj,2,0,2,1.0
hhLl,0,2,2,0.0
hhLm,0,2,2,0.0
hhLn,4,2,6,0.67
hhLs,2,3,5,0.4
hhLt,1,0,1,1.0
hhMB,7,5,12,0.58
hhMD,2,5,7,0.29
hhML,1,3,4,0.25
hhMM,7,18,25,0.28
hhMN,9,4,13,0.69
hhMP,14,10,24,0.58
hhMS,4,4,8,0.5
hhMb,8,1,9,0.89
hhMh,7,10,17,0.41
hhMj,0,2,2,0.0
hhMl,3,3,6,0.5
hhMm,25,12,37,0.68
hhMn,9,12,21,0.43
hhMs,7,4,11,0.64
hhMt,0,1,1,0.0
hhNB,5,3,8,0.62
hhND,3,2,5,0.6
hhNH,0,0,0,
hhNK,0,2,2,0.0
hhNL,1,1,2,0.5
hhNM,9,9,18,0.5
hhNN,5,7,12,0.42
hhNP,8,10,18,0.44
hhNS,3,4,7,0.43
hhNb,5,2,7,0.71
hhNh,2,0,2,1.0
hhNl,1,2,3,0.33
hhNm,9,2,11,0.82
hhNn,9,7,16,0.56
hhNs,3,1,4,0.75
hhNt,1,0,1,1.0
hhPB,9,4,13,0.69
hhPD,2,2,4,0.5
hhPH,0,5,5,0.0
hhPI,2,2,4,0.5
hhPK,1,3,4,0.25
hhPL,3,3,6,0.5
hhPM,8,7,15,0.53
hhPN,4,9,13,0.31
hhPP,10,6,16,0.62
hhPS,2,6,8,0.25
hhPb,8,7,15,0.53
hhPh,1,1,2,0.5
hhPl,4,3,7,0.57
hhPm,10,11,21,0.48
hhPn,7,8,15,0.47
hhPs,4,2,6,0.67
hhPt,1,3,4,0.25
hhSB,6,8,14,0.43
hhSD,2,1,3,0.67
hhSH,3,3,6,0.5
hhSK,0,0,0,
hhSL,0,4,4,0.0
hhSM,13,12,25,0.52
hhSN,10,3,13,0.77
hhSP,9,4,13,0.69
hhSS,6,14,20,0.3
hhSb,3,2,5,0.6
hhSh,0,5,5,0.0
hhSl,1,1,2,0.5
hhSm,10,9,19,0.53
hhSn,1,5,6,0.17
hhSs,8,6,14,0.57
hhbB,3,6,9,0.33
hhbD,2,0,2,1.0
hhbH,0,3,3,0.0
hhbI,1,0,1,1.0
hhbJ,4,1,5,0.8
hhbK,1,2,3,0.33
hhbL,0,2,2,0.0
hhbM,4,14,18,0.22
hhbN,5,7,12,0.42
hhbP,3,6,9,0.33
hhbS,3,5,8,0.38
hhbb,5,4,9,0.56
hhbl,1,2,3,0.33
hhbm,6,7,13,0.46
hhbn,3,4,7,0.43
hhbs,3,2,5,0.6
hhhB,4,5,9,0.44
hhhD,1,1,2,0.5
hhhH,1,2,3,0.33
hhhI,1,1,2,0.5
hhhL,2,1,3,0.67
hhhM,9,18,27,0.33
hhhN,6,8,14,0.43
hhhP,5,8,13,0.38
hhhS,6,5,11,0.55
hhhb,2,6,8,0.25
hhhh,6,5,11,0.55
hhhl,3,2,5,0.6
hhhm,9,11,20,0.45
hhhn,3,8,11,0.27
hhhs,8,6,14,0.57
hhht,0,1,1,0.0
hhlB,4,2,6,0.67
hhlH,1,0,1,1.0
hhlI,1,0,1,1.0
hhlJ,1,0,1,1.0
hhlK,1,0,1,1.0
hhlM,3,5,8,0.38
hhlN,2,3,5,0.4
hhlP,4,4,8,0.5
hhlS,2,3,5,0.4
hhlb,3,9,12,0.25
hhll,1,2,3,0.33
hhlm,2,1,3,0.67
hhln,1,2,3,0.33
hhls,2,0,2,1.0
hhmB,11,6,17,0.65
hhmD,6,3,9,0.67
hhmH,6,6,12,0.5
hhmJ,1,4,5,0.2
hhmK,1,1,2,0.5
hhmL,4,2,6,0.67
hhmM,12,18,30,0.4
hhmN,12,9,21,0.57
hhmP,11,6,17,0.65
hhmS,8,9,17,0.47
hhmb,4,8,12,0.33
hhml,5,3,8,0.62
hhmm,13,7,20,0.65
hhmn,7,3,10,0.7
hhms,2,3,5,0.4
hhnB,7,3,10,0.7
hhnD,1,1,2,0.5
hhnH,2,3,5,0.4
hhnI,1,0,1,1.0
hhnK,1,1,2,0.5
hhnL,2,1,3,0.67
hhnM,3,10,13,0.23
hhnN,10,5,15,0.67
hhnP,6,10,16,0.38
hhnS,6,7,13,0.46
hhnb,7,6,13,0.54
hhnh,1,1,2,0.5
hhnl,0,1,1,0.0
hhnm,10,5,15,0.67
hhnn,5,7,12,0.42
hhns,7,10,17,0.41
hhsB,4,3,7,0.57
hhsD,2,2,4,0.5
hhsH,5,6,11,0.45
hhsI,1,1,2,0.5
hhsL,3,2,5,0.6
hhsM,6,9,15,0.4
hhsN,6,5,11,0.55
hhsP,5,4,9,0.56
hhsS,4,8,12,0.33
hhsb,4,7,11,0.36
hhsh,0,1,1,0.0
hhsl,3,2,5,0.6
hhsm,7,5,12,0.58
hhsn,1,6,7,0.14
hhss,5,6,11,0.45
hhtB,0,0,0,
hhtD,0,1,1,0.0
hhtK,1,0,1,1.0
hhtN,0,2,2,0.0
hhtP,2,0,2,1.0
hhtb,2,0,2,1.0
hhtl,1,0,1,1.0
hhtm,1,0,1,1.0
hhtn,2,1,3,0.67
hhts,1,1,2,0.5
hhtt,0,0,0,
hlBB,0,2,2,0.0
hlBD,0,1,1,0.0
hlBK,0,1,1,0.0
hlBM,0,4,4,0.0
hlBN,1,3,4,0.25
hlBP,4,2,6,0.67
hlBS,0,2,2,0.0
hlBb,0,5,5,0.0
hlBh,1,0,1,1.0
hlBj,1,1,2,0.5
hlBl,2,1,3,0.67
hlBm,2,1,3,0.67
hlBn,2,3,5,0.4
hlBs,1,4,5,0.2
hlDB,1,0,1,1.0
hlDN,0,2,2,0.0
hlDP,1,0,1,1.0
hlDb,0,1,1,0.0
hlDl,1,0,1,1.0
hlDm,3,0,3,1.0
hlDn,0,1,1,0.0
hlHB,0,3,3,0.0
hlHD,0,1,1,0.0
hlHL,1,2,3,0.33
hlHM,1,1,2,0.5
hlHN,2,2,4,0.5
hlHP,5,4,9,0.56
hlHS,4,3,7,0.57
hlHb,1,1,2,0.5
hlHl,1,0,1,1.0
hlHm,4,2,6,0.67
hlHn,0,0,0,
hlHs,0,0,0,
hlIB,0,1,1,0.0
hlIM,1,0,1,1.0
hlIN,0,0,0,
hlIm,0,1,1,0.0
hlIn,0,1,1,0.0
hlJL,1,0,1,1.0
hlJM,1,3,4,0.25
hlJN,0,0,0,
hlJP,3,0,3,1.0
hlJS,1,2,3,0.33
hlJb,0,1,1,0.0
hlJl,2,0,2,1.0
hlJm,1,1,2,0.5
hlJn,1,0,1,1.0
hlKM,0,1,1,0.0
hlKN,1,0,1,1.0
hlKl,0,0,0,
hlKs,0,1,1,0.0
hlLD,0,0,0,
hlLK,1,0,1,1.0
hlLM,0,1,1,0.0
hlLN,0,1,1,0.0
hlLP,0,4,4,0.0
hlLS,0,1,1,0.0
hlLb,0,1,1,0.0
hlLh,0,1,1,0.0
hlLl,1,0,1,1.0
hlLm,1,0,1,1.0
hlLn,1,0,1,1.0
hlLs,2,0,2,1.0
hlMB,3,2,5,0.6
hlMK,1,0,1,1.0
hlML,0,1,1,0.0
hlMM,2,3,5,0.4
hlMN,3,3,6,0.5
hlMP,1,7,8,0.12
hlMS,2,2,4,0.5
hlMb,6,2,8,0.75
hlMh,1,3,4,0.25
hlMl,3,0,3,1.0
hlMm,4,3,7,0.57
hlMn,4,6,10,0.4
hlMs,6,4,10,0.6
hlMt,1,0,1,1.0
hlNB,2,5,7,0.29
hlND,3,1,4,0.75
hlNH,0,0,0,
hlNK,1,1,2,0.5
hlNL,1,1,2,0.5
hlNM,0,2,2,0.0
hlNN,4,3,7,0.57
hlNP,3,5,8,0.38
hlNS,2,5,7,0.29
hlNb,2,1,3,0.67
hlNh,2,3,5,0.4
hlNl,0,1,1,0.0
hlNm,2,2,4,0.5
hlNn,1,2,3,0.33
hlNs,4,0,4,1.0
hlNt,1,0,1,1.0
hlPB,4,2,6,0.67
hlPD,0,0,0,
hlPH,3,0,3,1.0
hlPI,1,0,1,1.0
hlPK,1,1,2,0.5
hlPL,1,2,3,0.33
hlPM,2,3,5,0.4
hlPN,3,2,5,0.6
hlPP,6,1,7,0.86
hlPS,1,2,3,0.33
hlPb,1,0,1,1.0
hlPh,1,0,1,1.0
hlPl,0,0,0,
hlPm,3,5,8,0.38
hlPn,1,2,3,0.33
hlPs,4,2,6,0.67
hlSH,0,0,0,
hlSI,1,0,1,1.0
hlSL,1,2,3,0.33
hlSM,2,2,4,0.5
hlSN,3,2,5,0.6
hlSP,2,2,4,0.5
hlSS,5,4,9,0.56
hlSb,2,0,2,1.0
hlSh,2,1,3,0.67
hlSl,2,0,2,1.0
hlSm,1,2,3,0.33
hlSn,4,3,7,0.57
hlSs,1,2,3,0.33
hlSt,0,1,1,0.0
hlbB,2,1,3,0.67
hlbD,1,0,1,1.0
hlbI,2,0,2,1.0
hlbJ,1,0,1,1.0
hlbK,0,1,1,0.0
hlbL,2,0,2,1.0
hlbM,1,3,4,0.25
hlbN,4,3,7,0.57
hlbP,1,3,4,0.25
hlbb,7,4,11,0.64
hlbl,1,2,3,0.33
hlbm,2,6,8,0.25
hlbn,3,2,5,0.6
hlbs,1,0,1,1.0
hlht,1,0,1,1.0
hllB,1,1,2,0.5
hllD,0,1,1,0.0
hllH,0,1,1,0.0
hllJ,3,0,3,1.0
hllL,1,1,2,0.5
hllM,3,0,3,1.0
hllN,0,2,2,0.0
hllP,2,1,3,0.67
hllS,2,0,2,1.0
hllb,0,1,1,0.0
hlll,1,2,3,0.33
hllm,0,1,1,0.0
hlln,1,0,1,1.0
hlls,2,0,2,1.0
hlmB,3,3,6,0.5
hlmD,0,1,1,0.0
hlmH,0,3,3,0.0
hlmJ,1,1,2,0.5
hlmL,2,2,4,0.5
hlmM,1,5,6,0.17
hlmN,5,4,9,0.56
hlmP,4,3,7,0.57
hlmS,6,3,9,0.67
hlmb,0,2,2,0.0
hlml,2,1,3,0.67
hlmm,2,4,6,0.33
hlmn,0,0,0,
hlms,3,2,5,0.6
hlnB,1,4,5,0.2
hlnD,0,1,1,0.0
hlnH,3,3,6,0.5
hlnL,0,1,1,0.0
hlnM,0,3,3,0.0
hlnN,6,1,7,0.86
hlnP,8,2,10,0.8
hlnS,0,1,1,0.0
hlnb,5,1,6,0.83
hlnl,1,0,1,1.0
hlnm,1,3,4,0.25
hlnn,3,0,3,1.0
hlns,3,3,6,0.5
hlsB,3,2,5,0.6
hlsD,0,0,0,
hlsH,1,1,2,0.5
hlsL,0,2,2,0.0
hlsM,3,3,6,0.5
hlsN,1,0,1,1.0
hlsP,2,1,3,0.67
hlsS,4,0,4,1.0
hlsb,2,1,3,0.67
hlsl,0,1,1,0.0
hlsm,5,1,6,0.83
hlsn,1,0,1,1.0
hlss,1,1,2,0.5
hmBB,15,10,25,0.6
hmBD,5,1,6,0.83
hmBK,0,1,1,0.0
hmBL,2,0,2,1.0
hmBM,16,12,28,0.57
hmBN,10,15,25,0.4
hmBP,8,10,18,0.44
hmBS,4,3,7,0.57
hmBb,8,5,13,0.62
hmBh,1,2,3,0.33
hmBj,2,3,5,0.4
hmBl,3,1,4,0.75
hmBm,5,17,22,0.23
hmBn,9,10,19,0.47
hmBs,6,4,10,0.6
hmDB,3,1,4,0.75
hmDD,3,2,5,0.6
hmDH,1,3,4,0.25
hmDL,0,1,1,0.0
hmDM,6,5,11,0.55
hmDN,6,4,10,0.6
hmDP,2,2,4,0.5
hmDS,4,1,5,0.8
hmDb,1,3,4,0.25
hmDl,1,0,1,1.0
hmDm,7,4,11,0.64
hmDn,0,2,2,0.0
hmDs,2,1,3,0.67
hmDt,0,1,1,0.0
hmHB,6,10,16,0.38
hmHD,2,2,4,0.5
hmHH,1,3,4,0.25
hmHI,0,1,1,0.0
hmHK,0,0,0,
hmHL,1,4,5,0.2
hmHM,8,12,20,0.4
hmHN,7,8,15,0.47
hmHP,8,13,21,0.38
hmHS,7,7,14,0.5
hmHb,10,6,16,0.62
hmHh,5,4,9,0.56
hmHl,6,2,8,0.75
hmHm,15,7,22,0.68
hmHn,10,3,13,0.77
hmHs,7,4,11,0.64
hmHt,0,2,2,0.0
hmID,0,2,2,0.0
hmIM,2,1,3,0.67
hmIN,0,1,1,0.0
hmIP,0,1,1,0.0
hmIS,1,3,4,0.25
hmIb,0,1,1,0.0
hmIm,1,0,1,1.0
hmIn,1,0,1,1.0
hmIs,2,0,2,1.0
hmJB,2,2,4,0.5
hmJD,0,1,1,0.0
hmJH,1,0,1,1.0
hmJK,0,1,1,0.0
hmJL,1,0,1,1.0
hmJM,4,4,8,0.5
hmJN,0,4,4,0.0
hmJP,4,1,5,0.8
hmJS,1,3,4,0.25
hmJb,1,0,1,1.0
hmJh,0,0,0,
hmJl,0,1,1,0.0
hmJm,8,5,13,0.62
hmJn,1,1,2,0.5
hmJs,2,1,3,0.67
hmKI,0,1,1,0.0
hmKM,2,0,2,1.0
hmKN,1,0,1,1.0
hmKP,1,0,1,1.0
hmKS,1,1,2,0.5
hmKb,0,0,0,
hmKh,0,1,1,0.0
hmKm,2,3,5,0.4
hmKn,1,0,1,1.0
hmKs,0,1,1,0.0
hmKt,0,0,0,
hmLB,3,6,9,0.33
hmLD,1,1,2,0.5
hmLK,0,0,0,
hmLL,2,1,3,0.67
hmLM,3,5,8,0.38
hmLN,3,3,6,0.5
hmLP,3,4,7,0.43
hmLS,6,2,8,0.75
hmLb,2,2,4,0.5
hmLh,0,3,3,0.0
hmLj,0,2,2,0.0
hmLl,0,0,0,
hmLm,4,5,9,0.44
hmLn,4,5,9,0.44
hmLs,5,3,8,0.62
hmMB,8,12,20,0.4
hmMD,8,1,9,0.89
hmMK,1,0,1,1.0
hmML,4,5,9,0.44
hmMM,14,12,26,0.54
hmMN,6,15,21,0.29
hmMP,10,18,28,0.36
hmMS,10,8,18,0.56
hmMb,12,14,26,0.46
hmMh,12,13,25,0.48
hmMj,1,0,1,1.0
hmMl,4,3,7,0.57
hmMm,23,24,47,0.49
hmMn,18,16,34,0.53
hmMs,13,7,20,0.65
hmMt,0,1,1,0.0
hmNB,5,8,13,0.38
hmND,3,2,5,0.6
hmNH,4,3,7,0.57
hmNK,0,2,2,0.0
hmNL,3,3,6,0.5
hmNM,12,9,21,0.57
hmNN,5,16,21,0.24
hmNP,10,16,26,0.38
hmNS,5,8,13,0.38
hmNb,9,7,16,0.56
hmNh,3,8,11,0.27
hmNl,5,3,8,0.62
hmNm,12,10,22,0.55
hmNn,16,17,33,0.48
hmNs,7,10,17,0.41
hmNt,2,3,5,0.4
hmPB,9,8,17,0.53
hmPD,1,1,2,0.5
hmPH,1,2,3,0.33
hmPK,2,0,2,1.0
hmPL,4,1,5,0.8
hmPM,19,14,33,0.58
hmPN,10,10,20,0.5
hmPP,13,9,22,0.59
hmPS,11,6,17,0.65
hmPb,15,8,23,0.65
hmPh,3,2,5,0.6
hmPl,0,3,3,0.0
hmPm,12,6,18,0.67
hmPn,5,3,8,0.62
hmPs,3,5,8,0.38
hmPt,1,3,4,0.25
hmSB,9,8,17,0.53
hmSD,2,1,3,0.67
hmSH,3,3,6,0.5
hmSL,1,2,3,0.33
hmSM,9,12,21,0.43
hmSN,2,8,10,0.2
hmSP,9,10,19,0.47
hmSS,7,19,26,0.27
hmSb,7,9,16,0.44
hmSh,4,4,8,0.5
hmSl,2,3,5,0.4
hmSm,11,12,23,0.48
hmSn,7,4,11,0.64
hmSs,10,11,21,0.48
hmSt,2,1,3,0.67
hmbB,7,11,18,0.39
hmbD,1,1,2,0.5
hmbH,1,0,1,1.0
hmbI,3,2,5,0.6
hmbJ,3,0,3,1.0
hmbK,2,0,2,1.0
hmbL,1,6,7,0.14
hmbM,14,9,23,0.61
hmbN,15,8,23,0.65
hmbP,13,15,28,0.46
hmbS,2,9,11,0.18
hmbb,10,9,19,0.53
hmbl,3,6,9,0.33
hmbm,12,8,20,0.6
hmbn,9,7,16,0.56
hmbs,4,8,12,0.33
hmhb,0,1,1,0.0
hmhh,1,0,1,1.0
hmhs,0,1,1,0.0
hmlB,0,3,3,0.0
hmlH,1,1,2,0.5
hmlJ,2,0,2,1.0
hmlL,2,2,4,0.5
hmlM,2,4,6,0.33
hmlN,4,4,8,0.5
hmlP,2,1,3,0.67
hmlS,4,0,4,1.0
hmlb,3,3,6,0.5
hmlm,5,2,7,0.71
hmln,3,3,6,0.5
hmls,1,0,1,1.0
hmmB,11,9,20,0.55
hmmD,5,4,9,0.56
hmmH,12,12,24,0.5
hmmJ,2,1,3,0.67
hmmL,2,1,3,0.67
hmmM,19,9,28,0.68
hmmN,13,14,27,0.48
hmmP,16,17,33,0.48
hmmS,7,6,13,0.54
hmmb,16,12,28,0.57
hmmh,1,0,1,1.0
hmml,4,1,5,0.8
hmmm,16,14,30,0.53
hmmn,13,15,28,0.46
hmms,6,6,12,0.5
hmnB,8,7,15,0.53
hmnD,3,3,6,0.5
hmnH,3,8,11,0.27
hmnI,5,0,5,1.0
hmnK,1,0,1,1.0
hmnL,1,1,2,0.5
hmnM,7,9,16,0.44
hmnN,10,16,26,0.38
hmnP,14,16,30,0.47
hmnS,4,9,13,0.31
hmnb,9,5,14,0.64
hmnh,2,0,2,1.0
hmnl,1,1,2,0.5
hmnm,12,12,24,0.5
hmnn,10,5,15,0.67
hmns,5,6,11,0.45
hmsB,6,3,9,0.67
hmsD,8,0,8,1.0
hmsH,9,6,15,0.6
hmsL,0,2,2,0.0
hmsM,5,12,17,0.29
hmsN,5,6,11,0.45
hmsP,3,8,11,0.27
hmsS,12,8,20,0.6
hmsb,1,1,2,0.5
hmsl,5,0,5,1.0
hmsm,12,5,17,0.71
hmsn,7,4,11,0.64
hmss,4,3,7,0.57
hnBB,8,7,15,0.53
hnBD,2,2,4,0.5
hnBK,2,2,4,0.5
hnBL,4,3,7,0.57
hnBM,7,6,13,0.54
hnBN,6,9,15,0.4
hnBP,4,5,9,0.44
hnBS,2,1,3,0.67
hnBb,7,5,12,0.58
hnBj,1,1,2,0.5
hnBl,1,2,3,0.33
hnBm,9,4,13,0.69
hnBn,5,4,9,0.56
hnBs,2,3,5,0.4
hnDB,0,1,1,0.0
hnDH,2,2,4,0.5
hnDL,1,0,1,1.0
hnDM,0,3,3,0.0
hnDN,0,1,1,0.0
hnDP,0,0,0,
hnDS,2,0,2,1.0
hnDb,0,2,2,0.0
hnDm,3,3,6,0.5
hnDn,2,2,4,0.5
hnDs,2,0,2,1.0
hnHB,3,3,6,0.5
hnHD,1,0,1,1.0
hnHI,1,2,3,0.33
hnHL,1,3,4,0.25
hnHM,4,4,8,0.5
hnHN,6,8,14,0.43
hnHP,2,8,10,0.2
hnHS,4,1,5,0.8
hnHb,4,2,6,0.67
hnHh,1,0,1,1.0
hnHl,0,2,2,0.0
hnHm,3,6,9,0.33
hnHn,1,1,2,0.5
hnHs,6,5,11,0.55
hnIB,0,0,0,
hnID,1,1,2,0.5
hnIH,2,3,5,0.4
hnII,0,1,1,0.0
hnIM,4,3,7,0.57
hnIN,3,2,5,0.6
hnIP,2,1,3,0.67
hnIb,2,0,2,1.0
hnIl,0,0,0,
hnIm,1,1,2,0.5
hnIs,0,2,2,0.0
hnIt,0,1,1,0.0
hnKB,1,1,2,0.5
hnKH,0,1,1,0.0
hnKI,0,2,2,0.0
hnKM,1,2,3,0.33
hnKN,2,0,2,1.0
hnKP,0,1,1,0.0
hnKS,0,0,0,
hnKb,2,0,2,1.0
hnKh,1,0,1,1.0
hnKl,2,0,2,1.0
hnKm,2,0,2,1.0
hnKn,1,0,1,1.0
hnKs,0,0,0,
hnLB,3,3,6,0.5
hnLD,1,0,1,1.0
hnLL,2,1,3,0.67
hnLM,2,3,5,0.4
hnLN,2,2,4,0.5
hnLP,2,4,6,0.33
hnLS,2,0,2,1.0
hnLb,1,1,2,0.5
hnLh,0,1,1,0.0
hnLl,1,3,4,0.25
hnLm,0,0,0,
hnLn,2,0,2,1.0
hnLs,1,0,1,1.0
hnLt,1,0,1,1.0
hnMB,4,3,7,0.57
hnMD,0,1,1,0.0
hnMH,1,0,1,1.0
hnMK,1,0,1,1.0
hnML,1,2,3,0.33
hnMM,3,5,8,0.38
hnMN,13,6,19,0.68
hnMP,3,3,6,0.5
hnMS,3,9,12,0.25
hnMb,4,9,13,0.31
hnMh,10,8,18,0.56
hnMj,1,0,1,1.0
hnMl,1,2,3,0.33
hnMm,12,7,19,0.63
hnMn,9,16,25,0.36
hnMs,2,7,9,0.22
hnMt,1,0,1,1.0
hnNB,9,12,21,0.43
hnND,2,1,3,0.67
hnNH,0,2,2,0.0
hnNI,0,1,1,0.0
hnNK,1,0,1,1.0
hnNL,2,1,3,0.67
hnNM,9,5,14,0.64
hnNN,11,8,19,0.58
hnNP,17,11,28,0.61
hnNS,4,7,11,0.36
hnNb,9,7,16,0.56
hnNh,1,3,4,0.25
hnNl,7,4,11,0.64
hnNm,8,8,16,0.5
hnNn,8,16,24,0.33
hnNs,7,3,10,0.7
hnNt,2,3,5,0.4
hnPB,7,9,16,0.44
hnPD,0,3,3,0.0
hnPH,1,4,5,0.2
hnPI,2,1,3,0.67
hnPK,2,1,3,0.67
hnPL,2,4,6,0.33
hnPM,10,11,21,0.48
hnPN,19,10,29,0.66
hnPP,14,22,36,0.39
hnPS,12,8,20,0.6
hnPb,9,13,22,0.41
hnPh,1,0,1,1.0
hnPl,2,3,5,0.4
hnPm,13,17,30,0.43
hnPn,4,18,22,0.18
hnPs,8,7,15,0.53
hnSB,2,2,4,0.5
hnSD,3,2,5,0.6
hnSH,2,2,4,0.5
hnSI,0,0,0,
hnSK,1,0,1,1.0
hnSL,5,1,6,0.83
hnSM,8,7,15,0.53
hnSN,9,8,17,0.53
hnSP,13,9,22,0.59
hnSS,11,9,20,0.55
hnSb,4,5,9,0.44
hnSh,3,2,5,0.6
hnSl,2,1,3,0.67
hnSm,13,2,15,0.87
hnSn,6,5,11,0.55
hnSs,6,11,17,0.35
hnSt,1,0,1,1.0
hnbB,6,7,13,0.46
hnbH,5,0,5,1.0
hnbI,0,0,0,
hnbJ,3,1,4,0.75
hnbK,0,1,1,0.0
hnbL,5,4,9,0.56
hnbM,4,13,17,0.24
hnbN,6,10,16,0.38
hnbP,4,10,14,0.29
hnbS,3,3,6,0.5
hnbb,10,7,17,0.59
hnbl,1,1,2,0.5
hnbm,6,4,10,0.6
hnbn,11,5,16,0.69
hnbs,5,6,11,0.45
hnhL,1,0,1,1.0
hnhM,1,0,1,1.0
hnhb,0,2,2,0.0
hnhh,1,1,2,0.5
hnhm,0,1,1,0.0
hnhs,0,1,1,0.0
hnlB,1,2,3,0.33
hnlD,0,1,1,0.0
hnlH,0,1,1,0.0
hnlJ,1,0,1,1.0
hnlM,2,4,6,0.33
hnlN,0,0,0,
hnlP,6,2,8,0.75
hnlS,2,1,3,0.67
hnlb,3,4,7,0.43
hnll,1,0,1,1.0
hnlm,3,2,5,0.6
hnln,3,0,3,1.0
hnmB,4,10,14,0.29
hnmD,2,2,4,0.5
hnmH,6,7,13,0.46
hnmI,1,1,2,0.5
hnmJ,3,1,4,0.75
hnmK,1,0,1,1.0
hnmL,3,6,9,0.33
hnmM,13,12,25,0.52
hnmN,15,12,27,0.56
hnmP,7,12,19,0.37
hnmS,4,10,14,0.29
hnmb,7,6,13,0.54
hnmh,1,0,1,1.0
hnml,2,2,4,0.5
hnmm,10,11,21,0.48
hnmn,11,4,15,0.73
hnms,2,9,11,0.18
hnnB,6,4,10,0.6
hnnD,2,2,4,0.5
hnnH,4,5,9,0.44
hnnI,1,1,2,0.5
hnnK,1,1,2,0.5
hnnL,0,6,6,0.0
hnnM,8,12,20,0.4
hnnN,14,12,26,0.54
hnnP,8,12,20,0.4
hnnS,3,7,10,0.3
hnnb,3,4,7,0.43
hnnl,1,1,2,0.5
hnnm,12,7,19,0.63
hnnn,5,6,11,0.45
hnns,2,6,8,0.25
hnsB,7,3,10,0.7
hnsD,2,0,2,1.0
hnsH,8,13,21,0.38
hnsI,1,1,2,0.5
hnsL,2,4,6,0.33
hnsM,11,7,18,0.61
hnsN,9,10,19,0.47
hnsP,6,10,16,0.38
hnsS,10,4,14,0.71
hnsb,4,2,6,0.67
hnsl,2,2,4,0.5
hnsm,9,4,13,0.69
hnsn,4,6,10,0.4
hnss,8,6,14,0.57
hntB,0,1,1,0.0
hsBB,4,8,12,0.33
hsBD,2,1,3,0.67
hsBK,1,1,2,0.5
hsBL,0,1,1,0.0
hsBM,3,6,9,0.33
hsBN,4,5,9,0.44
hsBP,8,7,15,0.53
hsBS,2,4,6,0.33
hsBb,0,3,3,0.0
hsBh,0,1,1,0.0
hsBj,2,3,5,0.4
hsBl,5,3,8,0.62
hsBm,5,3,8,0.62
hsBn,9,7,16,0.56
hsBs,5,5,10,0.5
hsBt,0,1,1,0.0
hsDB,3,3,6,0.5
hsDH,2,0,2,1.0
hsDL,0,1,1,0.0
hsDM,3,1,4,0.75
hsDN,1,2,3,0.33
hsDP,3,1,4,0.75
hsDS,2,1,3,0.67
hsDb,2,1,3,0.67
hsDl,0,1,1,0.0
hsDm,5,3,8,0.62
hsDn,1,1,2,0.5
hsDs,2,1,3,0.67
hsDt,1,0,1,1.0
hsHB,6,3,9,0.67
hsHD,1,2,3,0.33
hsHH,2,1,3,0.67
hsHI,0,1,1,0.0
hsHK,0,1,1,0.0
hsHL,0,2,2,0.0
hsHM,4,12,16,0.25
hsHN,4,4,8,0.5
hsHP,7,6,13,0.54
hsHS,7,12,19,0.37
hsHb,5,2,7,0.71
hsHh,5,8,13,0.38
hsHl,2,0,2,1.0
hsHm,11,7,18,0.61
hsHn,6,10,16,0.38
hsHs,8,6,14,0.57
hsHt,1,1,2,0.5
hsIB,1,0,1,1.0
hsID,0,1,1,0.0
hsIH,0,2,2,0.0
hsIL,0,1,1,0.0
hsIM,1,1,2,0.5
hsIN,3,1,4,0.75
hsIP,0,1,1,0.0
hsIS,0,3,3,0.0
hsIb,2,2,4,0.5
hsIm,2,3,5,0.4
hsIn,0,1,1,0.0
hsIs,0,2,2,0.0
hsKB,1,0,1,1.0
hsKM,1,0,1,1.0
hsLB,1,3,4,0.25
hsLD,0,2,2,0.0
hsLM,5,1,6,0.83
hsLN,1,0,1,1.0
hsLP,5,6,11,0.45
hsLS,1,1,2,0.5
hsLb,2,1,3,0.67
hsLh,0,0,0,
hsLj,0,2,2,0.0
hsLl,0,1,1,0.0
hsLm,4,2,6,0.67
hsLn,3,1,4,0.75
hsLs,0,1,1,0.0
hsLt,1,0,1,1.0
hsMB,11,2,13,0.85
hsMD,4,2,6,0.67
hsMK,1,0,1,1.0
hsML,1,0,1,1.0
hsMM,9,6,15,0.6
hsMN,4,8,12,0.33
hsMP,11,4,15,0.73
hsMS,10,5,15,0.67
hsMb,1,6,7,0.14
hsMh,4,7,11,0.36
hsMj,1,0,1,1.0
hsMl,5,0,5,1.0
hsMm,8,7,15,0.53
hsMn,5,8,13,0.38
hsMs,6,11,17,0.35
hsMt,0,1,1,0.0
hsNB,1,6,7,0.14
hsND,2,2,4,0.5
hsNH,2,0,2,1.0
hsNI,0,1,1,0.0
hsNK,0,0,0,
hsNL,1,3,4,0.25
hsNM,5,7,12,0.42
hsNN,10,7,17,0.59
hsNP,9,10,19,0.47
hsNS,3,11,14,0.21
hsNb,2,4,6,0.33
hsNh,3,0,3,1.0
hsNl,1,2,3,0.33
hsNm,9,8,17,0.53
hsNn,4,8,12,0.33
hsNs,5,7,12,0.42
hsPB,11,8,19,0.58
hsPD,1,1,2,0.5
hsPH,0,0,0,
hsPI,0,1,1,0.0
hsPK,2,0,2,1.0
hsPL,5,5,10,0.5
hsPM,8,7,15,0.53
hsPN,12,7,19,0.63
hsPP,6,7,13,0.46
hsPS,6,4,10,0.6
hsPb,9,10,19,0.47
hsPh,4,0,4,1.0
hsPl,2,3,5,0.4
hsPm,7,5,12,0.58
hsPn,9,10,19,0.47
hsPs,8,7,15,0.53
hsSB,4,11,15,0.27
hsSD,4,3,7,0.57
hsSH,3,2,5,0.6
hsSI,1,1,2,0.5
hsSK,1,1,2,0.5
hsSL,3,0,3,1.0
hsSM,5,13,18,0.28
hsSN,6,7,13,0.46
hsSP,12,9,21,0.57
hsSS,15,15,30,0.5
hsSb,8,2,10,0.8
hsSh,3,5,8,0.38
hsSl,3,1,4,0.75
hsSm,14,9,23,0.61
hsSn,5,7,12,0.42
hsSs,11,12,23,0.48
hsSt,1,1,2,0.5
hsbB,6,4,10,0.6
hsbD,0,3,3,0.0
hsbH,2,1,3,0.67
hsbJ,2,2,4,0.5
hsbK,1,0,1,1.0
hsbL,2,1,3,0.67
hsbM,4,8,12,0.33
hsbN,7,10,17,0.41
hsbP,5,8,13,0.38
hsbS,2,1,3,0.67
hsbb,4,8,12,0.33
hsbl,2,0,2,1.0
hsbm,5,2,7,0.71
hsbn,8,3,11,0.73
hsbs,3,2,5,0.6
hshB,1,1,2,0.5
hshD,0,0,0,
hshL,1,1,2,0.5
hshM,1,1,2,0.5
hshP,0,1,1,0.0
hshS,0,3,3,0.0
hshh,1,0,1,1.0
hshl,0,1,1,0.0
hshm,2,0,2,1.0
hshn,1,0,1,1.0
hsht,0,1,1,0.0
hslB,0,3,3,0.0
hslD,0,0,0,
hslH,0,3,3,0.0
hslK,0,2,2,0.0
hslL,0,2,2,0.0
hslM,3,2,5,0.6
hslN,3,1,4,0.75
hslP,1,2,3,0.33
hslS,4,1,5,0.8
hslb,4,2,6,0.67
hsll,2,3,5,0.4
hslm,1,2,3,0.33
hsln,1,1,2,0.5
hsls,2,2,4,0.5
hsmB,1,8,9,0.11
hsmD,1,5,6,0.17
hsmH,6,6,12,0.5
hsmI,1,0,1,1.0
hsmJ,0,1,1,0.0
hsmK,0,1,1,0.0
hsmL,3,2,5,0.6
hsmM,9,11,20,0.45
hsmN,13,9,22,0.59
hsmP,9,7,16,0.56
hsmS,5,1,6,0.83
hsmb,7,5,12,0.58
hsml,3,2,5,0.6
hsmm,11,9,20,0.55
hsmn,5,6,11,0.45
hsms,4,5,9,0.44
hsnB,5,1,6,0.83
hsnD,0,1,1,0.0
hsnH,2,1,3,0.67
hsnI,0,1,1,0.0
hsnK,1,0,1,1.0
hsnL,1,1,2,0.5
hsnM,2,9,11,0.18
hsnN,3,4,7,0.43
hsnP,10,12,22,0.45
hsnS,3,7,10,0.3
hsnb,1,1,2,0.5
hsnh,0,1,1,0.0
hsnl,2,2,4,0.5
hsnm,5,4,9,0.56
hsnn,6,7,13,0.46
hsns,7,8,15,0.47
hssB,1,3,4,0.25
hssD,2,2,4,0.5
hssH,5,4,9,0.56
hssI,4,0,4,1.0
hssL,5,0,5,1.0
hssM,7,10,17,0.41
hssN,3,9,12,0.25
hssP,5,10,15,0.33
hssS,9,13,22,0.41
hssb,1,3,4,0.25
hssl,1,1,2,0.5
hssm,12,2,14,0.86
hssn,4,6,10,0.4
hsss,13,7,20,0.65
hsst,0,1,1,0.0
hstB,1,0,1,1.0
hstP,0,1,1,0.0
hstn,1,0,1,1.0
htBB,2,0,2,1.0
htBK,1,0,1,1.0
htBM,0,1,1,0.0
htBP,1,0,1,1.0
htBS,0,1,1,0.0
htBm,3,3,6,0.5
htBn,0,3,3,0.0
htBs,0,1,1,0.0
htDH,0,1,1,0.0
htDm,0,0,0,
htDs,1,0,1,1.0
htHP,0,2,2,0.0
htHb,0,1,1,0.0
htHh,0,1,1,0.0
htHn,1,1,2,0.5
htHs,0,2,2,0.0
htKS,0,1,1,0.0
htLP,0,1,1,0.0
htLS,0,0,0,
htLh,0,1,1,0.0
htLl,1,0,1,1.0
htMB,0,2,2,0.0
htML,0,1,1,0.0
htMM,2,0,2,1.0
htMN,1,0,1,1.0
htMP,1,1,2,0.5
htMS,0,1,1,0.0
htMb,3,0,3,1.0
htMj,0,0,0,
htMm,1,1,2,0.5
htMn,1,0,1,1.0
htMs,0,0,0,
htNB,0,1,1,0.0
htNM,0,2,2,0.0
htNN,1,2,3,0.33
htNP,3,1,4,0.75
htNb,1,1,2,0.5
htNm,1,4,5,0.2
htNn,1,0,1,1.0
htPB,1,2,3,0.33
htPH,1,0,1,1.0
htPL,0,1,1,0.0
htPM,2,1,3,0.67
htPN,1,0,1,1.0
htPP,1,1,2,0.5
htPS,0,2,2,0.0
htPl,0,1,1,0.0
htPm,4,1,5,0.8
htPn,2,0,2,1.0
htPs,2,1,3,0.67
htSH,1,1,2,0.5
htSK,1,0,1,1.0
htSL,1,0,1,1.0
htSM,1,0,1,1.0
htSN,0,1,1,0.0
htSP,0,1,1,0.0
htSS,0,1,1,0.0
htSb,1,0,1,1.0
htSs,2,1,3,0.67
htbB,1,0,1,1.0
htbL,0,1,1,0.0
htbN,0,1,1,0.0
htbP,0,0,0,
htbS,0,1,1,0.0
htbb,1,0,1,1.0
htbl,1,0,1,1.0
htbm,0,1,1,0.0
htbn,1,1,2,0.5
htbs,1,0,1,1.0
htlB,0,1,1,0.0
htlM,1,1,2,0.5
htlP,0,0,0,
htlS,0,1,1,0.0
htlb,0,1,1,0.0
htlm,0,0,0,
htls,0,1,1,0.0
htmB,1,0,1,1.0
htmD,2,0,2,1.0
htmH,0,2,2,0.0
htmL,0,1,1,0.0
htmM,1,0,1,1.0
htmN,0,3,3,0.0
htmS,1,1,2,0.5
htmm,0,1,1,0.0
htmn,0,2,2,0.0
htms,1,0,1,1.0
htnD,0,0,0,
htnH,0,1,1,0.0
htnK,1,0,1,1.0
htnL,1,1,2,0.5
htnM,2,0,2,1.0
htnP,1,1,2,0.5
htnb,1,0,1,1.0
htnh,0,1,1,0.0
htnm,1,1,2,0.5
htnn,0,1,1,0.0
htns,3,2,5,0.6
htsB,0,1,1,0.0
htsH,1,0,1,1.0
htsI,1,0,1,1.0
htsL,0,1,1,0.0
htsM,1,0,1,1.0
htsN,1,1,2,0.5
htsP,1,0,1,1.0
htsS,1,3,4,0.25
htsb,0,1,1,0.0
htsn,1,2,3,0.33
httH,1,0,1,1.0
httN,1,0,1,1.0
httS,1,0,1,1.0
htts,0,0,0,
jBBB,1,0,1,1.0
jBBD,1,0,1,1.0
jBBM,0,2,2,0.0
jBBN,3,3,6,0.5
jBBP,2,2,4,0.5
jBBS,3,0,3,1.0
jBBb,4,1,5,0.8
jBBm,1,0,1,1.0
jBBn,0,0,0,
jBBs,0,1,1,0.0
jBBt,1,0,1,1.0
jBDH,0,1,1,0.0
jBDM,0,0,0,
jBDP,1,0,1,1.0
jBDb,0,1,1,0.0
jBDs,0,0,0,
jBKB,0,1,1,0.0
jBKI,1,0,1,1.0
jBKP,1,0,1,1.0
jBKn,1,0,1,1.0
jBLB,1,0,1,1.0
jBLN,1,0,1,1.0
jBLP,0,1,1,0.0
jBLS,0,0,0,
jBLb,1,1,2,0.5
jBLh,1,0,1,1.0
jBLj,1,0,1,1.0
jBLm,2,0,2,1.0
jBLn,1,0,1,1.0
jBLs,0,0,0,
jBMB,0,3,3,0.0
jBMD,1,1,2,0.5
jBMM,0,1,1,0.0
jBMN,0,1,1,0.0
jBMP,0,1,1,0.0
jBMb,2,1,3,0.67
jBMh,1,0,1,1.0
jBMm,2,1,3,0.67
jBMn,0,2,2,0.0
jBMt,1,0,1,1.0
jBNB,0,2,2,0.0
jBND,0,1,1,0.0
jBNH,1,0,1,1.0
jBNL,1,0,1,1.0
jBNM,0,1,1,0.0
jBNN,1,1,2,0.5
jBNP,1,0,1,1.0
jBNS,1,1,2,0.5
jBNb,1,4,5,0.2
jBNh,1,0,1,1.0
jBNl,0,2,2,0.0
jBNm,1,2,3,0.33
jBNn,0,1,1,0.0
jBNs,1,1,2,0.5
jBPB,1,4,5,0.2
jBPD,1,0,1,1.0
jBPI,1,0,1,1.0
jBPK,2,0,2,1.0
jBPM,2,1,3,0.67
jBPN,2,3,5,0.4
jBPP,2,3,5,0.4
jBPb,1,1,2,0.5
jBPl,2,2,4,0.5
jBPm,2,1,3,0.67
jBPn,3,2,5,0.6
jBPs,1,0,1,1.0
jBSB,1,0,1,1.0
jBSH,0,1,1,0.0
jBSL,1,0,1,1.0
jBSM,1,2,3,0.33
jBSN,0,1,1,0.0
jBSP,0,0,0,
jBSS,4,2,6,0.67
jBSl,1,1,2,0.5
jBSm,1,1,2,0.5
jBSs,1,0,1,1.0
jBbB,2,2,4,0.5
jBbL,0,2,2,0.0
jBbM,1,1,2,0.5
jBbN,1,1,2,0.5
jBbS,0,2,2,0.0
jBbb,3,4,7,0.43
jBbl,0,1,1,0.0
jBbn,0,0,0,
jBbs,1,0,1,1.0
jBhb,0,1,1,0.0
jBhs,1,0,1,1.0
jBjB,1,1,2,0.5
jBjH,1,0,1,1.0
jBjL,0,1,1,0.0
jBjM,1,0,1,1.0
jBjN,0,1,1,0.0
jBjP,0,0,0,
jBjb,2,0,2,1.0
jBjs,0,1,1,0.0
jBlB,1,0,1,1.0
jBlH,0,0,0,
jBlI,1,0,1,1.0
jBlP,2,0,2,1.0
jBln,1,0,1,1.0
jBls,1,0,1,1.0
jBmB,0,3,3,0.0
jBmH,1,2,3,0.33
jBmL,0,0,0,
jBmM,2,3,5,0.4
jBmN,1,1,2,0.5
jBmP,2,3,5,0.4
jBmS,0,1,1,0.0
jBmb,1,3,4,0.25
jBml,0,0,0,
jBmm,2,1,3,0.67
jBmn,1,0,1,1.0
jBms,0,1,1,0.0
jBnB,1,1,2,0.5
jBnH,1,0,1,1.0
jBnL,1,0,1,1.0
jBnM,2,2,4,0.5
jBnN,0,3,3,0.0
jBnP,5,1,6,0.83
jBnS,3,0,3,1.0
jBnb,4,1,5,0.8
jBnl,0,1,1,0.0
jBnm,4,0,4,1.0
jBnn,1,3,4,0.25
jBns,2,0,2,1.0
jBsD,1,0,1,1.0
jBsH,0,1,1,0.0
jBsK,0,1,1,0.0
jBsL,0,1,1,0.0
jBsM,0,1,1,0.0
jBsN,1,0,1,1.0
jBsP,3,1,4,0.75
jBsb,0,1,1,0.0
jBsl,1,0,1,1.0
jBsm,1,0,1,1.0
jBsn,0,1,1,0.0
jBss,0,0,0,
jBtS,0,1,1,0.0
jBtm,1,0,1,1.0
jDBM,0,0,0,
jDBm,1,1,2,0.5
jDBn,1,0,1,1.0
jDHI,0,1,1,0.0
jDHm,1,0,1,1.0
jDHn,0,1,1,0.0
jDLL,0,1,1,0.0
jDLb,0,1,1,0.0
jDMM,0,1,1,0.0
jDMP,1,1,2,0.5
jDMS,0,0,0,
jDMb,0,1,1,0.0
jDMl,1,0,1,1.0
jDMm,1,1,2,0.5
jDNB,0,1,1,0.0
jDNP,0,0,0,
jDNS,0,1,1,0.0
jDNm,0,0,0,
jDPB,0,1,1,0.0
jDPL,0,0,0,
jDPM,1,2,3,0.33
jDPN,0,1,1,0.0
jDPS,0,0,0,
jDSB,1,0,1,1.0
jDSL,1,0,1,1.0
jDSM,0,1,1,0.0
jDSh,1,0,1,1.0
jDSs,0,0,0,
jDbJ,1,0,1,1.0
jDbM,1,0,1,1.0
jDbl,1,0,1,1.0
jDhN,0,0,0,
jDmB,0,1,1,0.0
jDmH,1,1,2,0.5
jDmM,0,1,1,0.0
jDmN,1,1,2,0.5
jDmP,0,0,0,
jDmm,1,0,1,1.0
jDnK,0,1,1,0.0
jDnM,1,0,1,1.0
jDnP,0,1,1,0.0
jDnn,1,0,1,1.0
jDsb,1,0,1,1.0
jHBB,0,1,1,0.0
jHBM,1,0,1,1.0
jHBP,0,2,2,0.0
jHBj,0,0,0,
jHBl,0,1,1,0.0
jHBm,0,0,0,
jHHI,1,0,1,1.0
jHHs,0,0,0,
jHIH,1,0,1,1.0
jHIM,0,0,0,
jHLK,0,1,1,0.0
jHLP,0,1,1,0.0
jHLb,1,0,1,1.0
jHLt,0,1,1,0.0
jHMP,1,0,1,1.0
jHMj,1,0,1,1.0
jHMl,0,1,1,0.0
jHMn,0,2,2,0.0
jHNM,0,1,1,0.0
jHNN,0,0,0,
jHNP,1,0,1,1.0
jHNl,1,0,1,1.0
jHNm,0,1,1,0.0
jHPB,1,0,1,1.0
jHPD,0,1,1,0.0
jHPN,1,1,2,0.5
jHPP,0,1,1,0.0
jHPb,1,0,1,1.0
jHPm,1,0,1,1.0
jHPn,1,1,2,0.5
jHPs,0,1,1,0.0
jHPt,1,0,1,1.0
jHSB,0,1,1,0.0
jHSH,1,0,1,1.0
jHSM,1,0,1,1.0
jHSP,1,0,1,1.0
jHSS,1,0,1,1.0
jHSb,0,1,1,0.0
jHSs,0,1,1,0.0
jHbB,1,0,1,1.0
jHbM,1,1,2,0.5
jHbP,0,1,1,0.0
jHbb,0,1,1,0.0
jHbl,0,1,1,0.0
jHhM,0,1,1,0.0
jHhS,0,1,1,0.0
jHlB,1,0,1,1.0
jHlM,0,0,0,
jHln,1,0,1,1.0
jHmB,0,1,1,0.0
jHmS,0,1,1,0.0
jHmb,1,0,1,1.0
jHms,1,0,1,1.0
jHnI,0,1,1,0.0
jHnK,1,0,1,1.0
jHnN,1,1,2,0.5
jHnn,1,0,1,1.0
jHns,1,0,1,1.0
jHsN,1,1,2,0.5
jHsP,0,0,0,
jHsm,2,0,2,1.0
jHtP,1,0,1,1.0
jIBB,0,0,0,
jIBK,1,0,1,1.0
jIHS,0,1,1,0.0
jIHl,0,1,1,0.0
jILP,0,1,1,0.0
jILl,1,0,1,1.0
jIMB,1,1,2,0.5
jIMN,1,0,1,1.0
jIMS,0,1,1,0.0
jIMm,0,0,0,
jIMn,0,1,1,0.0
jIMs,0,0,0,
jINM,1,0,1,1.0
jINN,1,0,1,1.0
jINb,0,1,1,0.0
jIPB,0,1,1,0.0
jIPL,0,1,1,0.0
jIPM,1,0,1,1.0
jIPN,0,1,1,0.0
jIPP,0,0,0,
jIPb,2,0,2,1.0
jIPm,0,0,0,
jISb,0,1,1,0.0
jIbN,0,1,1,0.0
jIbm,1,0,1,1.0
jImB,1,0,1,1.0
jImL,0,1,1,0.0
jImM,0,2,2,0.0
jImN,1,0,1,1.0
jImb,2,0,2,1.0
jInI,0,1,1,0.0
jInS,1,0,1,1.0
jInh,0,1,1,0.0
jIsN,1,0,1,1.0
jItB,1,0,1,1.0
jItP,0,1,1,0.0
jKBb,0,1,1,0.0
jKBn,1,0,1,1.0
jKLn,0,1,1,0.0
jKMD,0,1,1,0.0
jKMN,0,1,1,0.0
jKMh,0,0,0,
jKNL,0,1,1,0.0
jKNN,1,0,1,1.0
jKNP,1,0,1,1.0
jKPt,0,1,1,0.0
jKSM,1,0,1,1.0
jKSS,1,0,1,1.0
jKSl,1,0,1,1.0
jKSm,0,1,1,0.0
jKbD,0,1,1,0.0
jKbN,1,0,1,1.0
jKbb,0,0,0,
jKbl,0,1,1,0.0
jKbm,1,0,1,1.0
jKhD,0,1,1,0.0
jKhM,0,1,1,0.0
jKhP,1,0,1,1.0
jKms,1,0,1,1.0
jKnN,0,1,1,0.0
jKnt,1,0,1,1.0
jKsM,0,0,0,
jKts,1,0,1,1.0
jLBB,0,1,1,0.0
jLBD,1,0,1,1.0
jLBM,2,0,2,1.0
jLBN,0,1,1,0.0
jLBP,1,3,4,0.25
jLBS,1,0,1,1.0
jLBb,0,0,0,
jLBm,1,1,2,0.5
jLBn,1,1,2,0.5
jLDb,0,1,1,0.0
jLKM,0,1,1,0.0
jLLB,1,0,1,1.0
jLLM,0,1,1,0.0
jLLN,1,1,2,0.5
jLLm,1,1,2,0.5
jLLn,1,0,1,1.0
jLMB,1,0,1,1.0
jLMb,1,1,2,0.5
jLMl,1,0,1,1.0
jLMm,1,0,1,1.0
jLMn,1,3,4,0.25
jLMs,1,0,1,1.0
jLNB,1,1,2,0.5
jLNM,1,1,2,0.5
jLNl,0,1,1,0.0
jLNm,0,1,1,0.0
jLNs,0,0,0,
jLNt,1,0,1,1.0
jLPB,1,1,2,0.5
jLPD,0,1,1,0.0
jLPL,0,1,1,0.0
jLPM,0,3,3,0.0
jLPN,1,0,1,1.0
jLPP,1,3,4,0.25
jLPS,0,2,2,0.0
jLPb,0,1,1,0.0
jLPl,0,0,0,
jLPm,1,1,2,0.5
jLPn,0,0,0,
jLPs,1,0,1,1.0
jLSH,0,1,1,0.0
jLSN,1,0,1,1.0
jLSP,0,1,1,0.0
jLSS,0,2,2,0.0
jLSb,0,1,1,0.0
jLSh,0,1,1,0.0
jLSl,1,0,1,1.0
jLbH,0,1,1,0.0
jLbJ,0,1,1,0.0
jLbN,1,1,2,0.5
jLbP,0,1,1,0.0
jLbS,2,0,2,1.0
jLbm,0,1,1,0.0
jLhB,1,1,2,0.5
jLhb,1,0,1,1.0
jLhh,1,1,2,0.5
jLhm,1,0,1,1.0
jLhs,0,1,1,0.0
jLjn,1,0,1,1.0
jLlJ,0,1,1,0.0
jLlM,0,0,0,
jLlS,1,0,1,1.0
jLlb,2,0,2,1.0
jLlm,0,1,1,0.0
jLmH,1,1,2,0.5
jLmJ,1,0,1,1.0
jLmM,0,2,2,0.0
jLmN,1,2,3,0.33
jLmP,0,1,1,0.0
jLmb,0,1,1,0.0
jLmm,0,1,1,0.0
jLmn,1,1,2,0.5
jLms,0,1,1,0.0
jLnB,2,1,3,0.67
jLnN,1,2,3,0.33
jLnP,1,0,1,1.0
jLnS,1,0,1,1.0
jLnm,0,3,3,0.0
jLnn,2,1,3,0.67
jLns,1,0,1,1.0
jLsB,0,1,1,0.0
jLsH,0,1,1,0.0
jLsM,1,0,1,1.0
jLsP,1,2,3,0.33
jLsS,0,1,1,0.0
jLsb,0,1,1,0.0
jLsn,0,1,1,0.0
jLss,0,2,2,0.0
jLtt,0,0,0,
jMBB,1,0,1,1.0
jMBD,1,0,1,1.0
jMBK,1,0,1,1.0
jMBM,0,2,2,0.0
jMBP,0,2,2,0.0
jMBS,0,1,1,0.0
jMBb,0,1,1,0.0
jMBh,0,1,1,0.0
jMBl,0,1,1,0.0
jMBm,0,2,2,0.0
jMBn,3,2,5,0.6
jMBs,1,0,1,1.0
jMDB,0,1,1,0.0
jMDD,0,0,0,
jMDH,0,0,0,
jMDL,1,0,1,1.0
jMDM,0,1,1,0.0
jMDN,1,0,1,1.0
jMDS,0,1,1,0.0
jMDl,1,0,1,1.0
jMDm,0,1,1,0.0
jMDs,0,2,2,0.0
jMLM,1,0,1,1.0
jMLb,1,0,1,1.0
jMLl,0,1,1,0.0
jMLm,1,1,2,0.5
jMMB,0,2,2,0.0
jMML,0,1,1,0.0
jMMM,0,1,1,0.0
jMMN,1,2,3,0.33
jMMP,0,1,1,0.0
jMMS,0,0,0,
jMMb,1,3,4,0.25
jMMh,1,0,1,1.0
jMMj,0,1,1,0.0
jMMl,1,0,1,1.0
jMMm,2,1,3,0.67
jMMn,2,2,4,0.5
jMMs,0,1,1,0.0
jMNB,2,0,2,1.0
jMNH,0,0,0,
jMNM,1,0,1,1.0
jMNN,1,1,2,0.5
jMNP,3,4,7,0.43
jMNb,1,0,1,1.0
jMNh,0,1,1,0.0
jMNl,0,1,1,0.0
jMNm,1,2,3,0.33
jMNn,2,2,4,0.5
jMNs,1,4,5,0.2
jMPB,4,1,5,0.8
jMPD,1,0,1,1.0
jMPH,0,0,0,
jMPI,0,1,1,0.0
jMPM,0,1,1,0.0
jMPN,1,1,2,0.5
jMPP,1,3,4,0.25
jMPS,0,0,0,
jMPb,1,0,1,1.0
jMPl,1,1,2,0.5
jMPm,3,4,7,0.43
jMPn,0,2,2,0.0
jMSB,1,0,1,1.0
jMSD,0,1,1,0.0
jMSH,0,1,1,0.0
jMSM,0,1,1,0.0
jMSN,1,0,1,1.0
jMSP,1,0,1,1.0
jMSb,1,1,2,0.5
jMSn,0,1,1,0.0
jMbB,0,1,1,0.0
jMbH,0,1,1,0.0
jMbI,1,0,1,1.0
jMbJ,0,2,2,0.0
jMbL,1,0,1,1.0
jMbM,2,2,4,0.5
jMbN,0,2,2,0.0
jMbP,1,2,3,0.33
jMbS,1,4,5,0.2
jMbb,1,1,2,0.5
jMbn,0,2,2,0.0
jMbs,0,3,3,0.0
jMhD,0,0,0,
jMhK,1,0,1,1.0
jMhM,0,1,1,0.0
jMhN,1,0,1,1.0
jMhP,1,0,1,1.0
jMhS,0,1,1,0.0
jMhb,0,1,1,0.0
jMhl,1,1,2,0.5
jMhm,1,0,1,1.0
jMhs,1,1,2,0.5
jMjL,1,0,1,1.0
jMjM,0,1,1,0.0
jMjN,0,1,1,0.0
jMjP,1,0,1,1.0
jMjS,1,0,1,1.0
jMjm,0,1,1,0.0
jMjn,0,3,3,0.0
jMlB,0,1,1,0.0
jMlH,1,0,1,1.0
jMlI,1,0,1,1.0
jMlM,0,1,1,0.0
jMlN,1,0,1,1.0
jMlP,0,1,1,0.0
jMlb,1,0,1,1.0
jMll,1,0,1,1.0
jMlm,0,1,1,0.0
jMls,1,1,2,0.5
jMmB,6,1,7,0.86
jMmD,1,0,1,1.0
jMmH,1,0,1,1.0
jMmJ,0,2,2,0.0
jMmL,1,0,1,1.0
jMmM,0,1,1,0.0
jMmN,3,1,4,0.75
jMmP,1,0,1,1.0
jMmS,4,2,6,0.67
jMmb,2,2,4,0.5
jMmm,3,2,5,0.6
jMmn,3,2,5,0.6
jMms,0,1,1,0.0
jMnB,1,0,1,1.0
jMnH,0,2,2,0.0
jMnL,0,0,0,
jMnM,3,1,4,0.75
jMnN,5,0,5,1.0
jMnP,2,3,5,0.4
jMnS,1,3,4,0.25
jMnb,1,0,1,1.0
jMnh,1,0,1,1.0
jMnl,0,1,1,0.0
jMnm,0,1,1,0.0
jMnn,2,3,5,0.4
jMns,1,1,2,0.5
jMsB,1,1,2,0.5
jMsD,0,1,1,0.0
jMsH,0,1,1,0.0
jMsL,0,1,1,0.0
jMsM,0,1,1,0.0
jMsN,1,2,3,0.33
jMsP,3,1,4,0.75
jMsS,2,1,3,0.67
jMsb,0,1,1,0.0
jMsl,1,0,1,1.0
jMsm,1,1,2,0.5
jMsn,2,0,2,1.0
jMss,1,1,2,0.5
jMtL,0,1,1,0.0
jNBB,1,2,3,0.33
jNBH,1,0,1,1.0
jNBK,1,0,1,1.0
jNBL,0,0,0,
jNBM,1,0,1,1.0
jNBN,1,3,4,0.25
jNBP,1,3,4,0.25
jNBS,0,3,3,0.0
jNBj,0,0,0,
jNBl,0,0,0,
jNBm,2,0,2,1.0
jNBn,1,2,3,0.33
jNDB,0,1,1,0.0
jNDL,1,0,1,1.0
jNDN,2,1,3,0.67
jNDS,1,0,1,1.0
jNDs,0,0,0,
jNHD,1,0,1,1.0
jNHH,1,0,1,1.0
jNHI,1,0,1,1.0
jNHM,0,1,1,0.0
jNHN,1,0,1,1.0
jNHP,0,0,0,
jNKM,0,1,1,0.0
jNKs,0,1,1,0.0
jNLB,0,3,3,0.0
jNLM,1,0,1,1.0
jNLP,2,0,2,1.0
jNLb,0,2,2,0.0
jNLj,1,0,1,1.0
jNLl,1,1,2,0.5
jNMB,0,1,1,0.0
jNMD,0,0,0,
jNML,0,0,0,
jNMM,0,1,1,0.0
jNMN,1,2,3,0.33
jNMP,1,1,2,0.5
jNMb,2,1,3,0.67
jNMh,0,2,2,0.0
jNMj,0,1,1,0.0
jNMl,2,2,4,0.5
jNMm,0,3,3,0.0
jNMn,3,2,5,0.6
jNMs,0,1,1,0.0
jNNB,1,3,4,0.25
jNNM,0,2,2,0.0
jNNN,1,2,3,0.33
jNNP,3,0,3,1.0
jNNS,1,0,1,1.0
jNNb,2,1,3,0.67
jNNm,2,1,3,0.67
jNNn,2,4,6,0.33
jNNt,0,0,0,
jNPB,3,3,6,0.5
jNPD,0,0,0,
jNPH,0,2,2,0.0
jNPM,0,1,1,0.0
jNPN,2,3,5,0.4
jNPP,1,3,4,0.25
jNPS,4,1,5,0.8
jNPl,2,0,2,1.0
jNPm,4,2,6,0.67
jNPn,4,1,5,0.8
jNPs,1,3,4,0.25
jNSB,1,1,2,0.5
jNSD,1,0,1,1.0
jNSH,0,0,0,
jNSK,1,0,1,1.0
jNSN,1,0,1,1.0
jNSP,1,1,2,0.5
jNSS,0,1,1,0.0
jNSb,0,2,2,0.0
jNSm,1,0,1,1.0
jNSn,1,0,1,1.0
jNSs,3,0,3,1.0
jNSt,0,1,1,0.0
jNbB,1,0,1,1.0
jNbM,0,2,2,0.0
jNbN,2,1,3,0.67
jNbP,1,5,6,0.17
jNbS,0,2,2,0.0
jNbb,1,0,1,1.0
jNbm,1,2,3,0.33
jNbn,0,1,1,0.0
jNhB,1,0,1,1.0
jNhD,0,1,1,0.0
jNhL,0,1,1,0.0
jNhM,1,0,1,1.0
jNhN,0,1,1,0.0
jNhP,0,1,1,0.0
jNhS,0,0,0,
jNhb,0,2,2,0.0
jNhh,0,1,1,0.0
jNhn,0,1,1,0.0
jNlB,1,1,2,0.5
jNlD,1,0,1,1.0
jNlI,0,1,1,0.0
jNlL,1,0,1,1.0
jNlS,1,0,1,1.0
jNlb,1,1,2,0.5
jNlm,0,1,1,0.0
jNln,1,0,1,1.0
jNls,1,1,2,0.5
jNmB,1,1,2,0.5
jNmJ,1,0,1,1.0
jNmM,0,2,2,0.0
jNmN,0,2,2,0.0
jNmP,1,1,2,0.5
jNmS,0,1,1,0.0
jNmb,2,0,2,1.0
jNmm,0,0,0,
jNmn,1,1,2,0.5
jNms,0,1,1,0.0
jNnB,0,2,2,0.0
jNnD,0,1,1,0.0
jNnH,2,1,3,0.67
jNnL,0,2,2,0.0
jNnM,2,0,2,1.0
jNnN,4,0,4,1.0
jNnP,1,0,1,1.0
jNnS,1,1,2,0.5
jNnb,0,1,1,0.0
jNnl,1,0,1,1.0
jNnm,4,0,4,1.0
jNnn,1,5,6,0.17
jNsB,2,1,3,0.67
jNsH,1,0,1,1.0
jNsL,0,1,1,0.0
jNsM,1,1,2,0.5
jNsN,0,0,0,
jNsP,1,2,3,0.33
jNsS,0,1,1,0.0
jNsb,2,2,4,0.5
jNsl,1,0,1,1.0
jNsm,1,0,1,1.0
jNsn,0,0,0,
jNss,0,1,1,0.0
jNtB,1,0,1,1.0
jNtP,1,0,1,1.0
jNtb,1,0,1,1.0
jNth,0,1,1,0.0
jNtm,0,1,1,0.0
jNtn,2,0,2,1.0
jNts,0,1,1,0.0
jPBB,2,3,5,0.4
jPBK,1,0,1,1.0
jPBL,1,0,1,1.0
jPBM,0,2,2,0.0
jPBN,1,2,3,0.33
jPBP,3,2,5,0.6
jPBS,1,0,1,1.0
jPBb,2,0,2,1.0
jPBh,0,1,1,0.0
jPBl,1,0,1,1.0
jPBm,3,0,3,1.0
jPBn,4,2,6,0.67
jPBs,0,1,1,0.0
jPBt,0,1,1,0.0
jPDD,0,0,0,
jPDI,0,1,1,0.0
jPDM,1,0,1,1.0
jPDN,0,1,1,0.0
jPDl,0,1,1,0.0
jPDm,1,0,1,1.0
jPDs,1,0,1,1.0
jPHB,0,1,1,0.0
jPHD,0,1,1,0.0
jPHI,0,0,0,
jPHM,0,0,0,
jPHN,0,0,0,
jPHP,0,0,0,
jPHb,1,0,1,1.0
jPHl,0,1,1,0.0
jPHn,1,0,1,1.0
jPHs,0,1,1,0.0
jPIB,1,0,1,1.0
jPIL,1,0,1,1.0
jPIn,1,0,1,1.0
jPKM,0,1,1,0.0
jPKS,0,1,1,0.0
jPKb,1,1,2,0.5
jPLB,0,3,3,0.0
jPLD,1,0,1,1.0
jPLM,2,0,2,1.0
jPLN,2,2,4,0.5
jPLP,2,2,4,0.5
jPLS,1,1,2,0.5
jPLb,0,1,1,0.0
jPLj,0,1,1,0.0
jPLm,0,0,0,
jPLn,1,0,1,1.0
jPLs,0,2,2,0.0
jPLt,0,1,1,0.0
jPMB,0,3,3,0.0
jPMD,1,0,1,1.0
jPMH,0,0,0,
jPML,2,0,2,1.0
jPMM,1,1,2,0.5
jPMN,1,1,2,0.5
jPMP,3,2,5,0.6
jPMS,1,2,3,0.33
jPMb,1,2,3,0.33
jPMh,0,2,2,0.0
jPMm,3,1,4,0.75
jPMn,2,4,6,0.33
jPMs,1,0,1,1.0
jPMt,0,1,1,0.0
jPNB,1,0,1,1.0
jPND,1,0,1,1.0
jPNH,0,1,1,0.0
jPNL,3,3,6,0.5
jPNM,1,1,2,0.5
jPNN,1,0,1,1.0
jPNP,3,4,7,0.43
jPNb,0,1,1,0.0
jPNl,0,1,1,0.0
jPNm,0,1,1,0.0
jPNn,2,1,3,0.67
jPNs,1,2,3,0.33
jPPB,2,3,5,0.4
jPPD,2,0,2,1.0
jPPH,0,1,1,0.0
jPPI,1,1,2,0.5
jPPL,0,1,1,0.0
jPPM,1,4,5,0.2
jPPN,1,3,4,0.25
jPPP,4,1,5,0.8
jPPS,2,1,3,0.67
jPPb,2,2,4,0.5
jPPh,0,1,1,0.0
jPPl,6,0,6,1.0
jPPm,0,3,3,0.0
jPPn,1,0,1,1.0
jPPs,1,0,1,1.0
jPPt,1,1,2,0.5
jPSB,1,0,1,1.0
jPSH,1,0,1,1.0
jPSL,3,2,5,0.6
jPSM,1,1,2,0.5
jPSN,1,1,2,0.5
jPSP,0,3,3,0.0
jPSS,3,2,5,0.6
jPSb,1,0,1,1.0
jPSh,2,1,3,0.67
jPSl,0,0,0,
jPSm,0,1,1,0.0
jPSn,0,1,1,0.0
jPSs,2,0,2,1.0
jPbB,1,2,3,0.33
jPbK,1,1,2,0.5
jPbL,1,1,2,0.5
jPbM,0,3,3,0.0
jPbN,2,1,3,0.67
jPbP,0,0,0,
jPbS,0,1,1,0.0
jPbb,1,0,1,1.0
jPbl,0,1,1,0.0
jPbm,2,2,4,0.5
jPbn,2,1,3,0.67
jPbs,0,0,0,
jPhB,1,0,1,1.0
jPhP,0,0,0,
jPhb,0,1,1,0.0
jPhm,1,0,1,1.0
jPlB,1,2,3,0.33
jPlD,0,0,0,
jPlJ,1,1,2,0.5
jPlL,0,2,2,0.0
jPlM,3,0,3,1.0
jPlN,0,1,1,0.0
jPlP,0,1,1,0.0
jPlS,1,0,1,1.0
jPlb,1,0,1,1.0
jPlm,1,1,2,0.5
jPls,0,1,1,0.0
jPmB,3,3,6,0.5
jPmD,0,0,0,
jPmH,2,0,2,1.0
jPmJ,1,0,1,1.0
jPmL,0,1,1,0.0
jPmM,1,1,2,0.5
jPmN,1,0,1,1.0
jPmP,1,1,2,0.5
jPmS,3,4,7,0.43
jPmb,3,1,4,0.75
jPml,1,1,2,0.5
jPmm,0,2,2,0.0
jPmn,1,1,2,0.5
jPms,1,0,1,1.0
jPnB,2,2,4,0.5
jPnH,1,1,2,0.5
jPnM,3,4,7,0.43
jPnN,1,4,5,0.2
jPnP,3,0,3,1.0
jPnS,0,1,1,0.0
jPnb,3,0,3,1.0
jPnm,1,2,3,0.33
jPnn,2,0,2,1.0
jPsB,0,0,0,
jPsD,0,1,1,0.0
jPsI,0,0,0,
jPsL,1,2,3,0.33
jPsM,1,1,2,0.5
jPsP,0,3,3,0.0
jPsb,1,0,1,1.0
jPsl,0,1,1,0.0
jPsm,1,2,3,0.33
jPsn,1,0,1,1.0
jPtl,1,0,1,1.0
jPts,1,0,1,1.0
jSBB,2,3,5,0.4
jSBL,0,1,1,0.0
jSBM,1,0,1,1.0
jSBN,2,0,2,1.0
jSBP,0,1,1,0.0
jSBl,0,1,1,0.0
jSBm,1,1,2,0.5
jSBn,1,1,2,0.5
jSBs,0,2,2,0.0
jSBt,1,1,2,0.5
jSDL,1,0,1,1.0
jSHB,1,0,1,1.0
jSHL,0,1,1,0.0
jSHN,0,1,1,0.0
jSHP,2,0,2,1.0
jSHb,1,0,1,1.0
jSHm,0,1,1,0.0
jSHn,0,0,0,
jSHs,0,1,1,0.0
jSIb,0,0,0,
jSLB,2,0,2,1.0
jSLD,0,1,1,0.0
jSLK,0,1,1,0.0
jSLL,1,0,1,1.0
jSLN,0,1,1,0.0
jSLS,2,0,2,1.0
jSLh,0,0,0,
jSLj,0,1,1,0.0
jSMB,1,0,1,1.0
jSML,0,1,1,0.0
jSMP,2,2,4,0.5
jSMS,3,0,3,1.0
jSMb,3,0,3,1.0
jSMl,1,1,2,0.5
jSMm,2,1,3,0.67
jSMn,1,0,1,1.0
jSMs,0,0,0,
jSMt,1,0,1,1.0
jSNM,2,0,2,1.0
jSNP,3,2,5,0.6
jSNh,1,0,1,1.0
jSNm,0,1,1,0.0
jSNn,1,2,3,0.33
jSNs,0,1,1,0.0
jSPB,1,0,1,1.0
jSPD,1,0,1,1.0
jSPM,3,0,3,1.0
jSPN,2,1,3,0.67
jSPP,1,1,2,0.5
jSPS,0,0,0,
jSPb,2,1,3,0.67
jSPh,1,0,1,1.0
jSPm,2,1,3,0.67
jSPn,0,0,0,
jSPs,0,1,1,0.0
jSSB,1,2,3,0.33
jSSH,0,2,2,0.0
jSSM,1,0,1,1.0
jSSN,0,2,2,0.0
jSSP,2,1,3,0.67
jSSS,2,3,5,0.4
jSSb,1,0,1,1.0
jSSm,5,0,5,1.0
jSSs,0,2,2,0.0
jSbB,0,1,1,0.0
jSbD,0,0,0,
jSbH,0,1,1,0.0
jSbJ,0,1,1,0.0
jSbL,0,1,1,0.0
jSbN,2,1,3,0.67
jSbP,1,0,1,1.0
jSbb,0,2,2,0.0
jSbl,1,0,1,1.0
jSbm,1,0,1,1.0
jSbn,3,0,3,1.0
jSbs,0,2,2,0.0
jShB,0,2,2,0.0
jShM,1,0,1,1.0
jShN,0,1,1,0.0
jShP,0,1,1,0.0
jShb,1,0,1,1.0
jShh,0,1,1,0.0
jShl,1,0,1,1.0
jShm,1,0,1,1.0
jShn,1,1,2,0.5
jShs,0,1,1,0.0
jSlH,1,0,1,1.0
jSlL,1,0,1,1.0
jSlM,1,1,2,0.5
jSlN,0,2,2,0.0
jSlb,0,0,0,
jSmB,0,1,1,0.0
jSmD,2,0,2,1.0
jSmH,1,1,2,0.5
jSmL,1,0,1,1.0
jSmM,2,0,2,1.0
jSmP,1,2,3,0.33
jSmS,0,1,1,0.0
jSmb,0,2,2,0.0
jSml,0,1,1,0.0
jSmm,6,3,9,0.67
jSmn,0,2,2,0.0
jSms,1,0,1,1.0
jSnB,1,1,2,0.5
jSnH,1,0,1,1.0
jSnI,1,0,1,1.0
jSnM,1,1,2,0.5
jSnP,0,1,1,0.0
jSnS,2,3,5,0.4
jSnb,1,0,1,1.0
jSnl,1,0,1,1.0
jSnm,1,1,2,0.5
jSnn,2,1,3,0.67
jSns,0,1,1,0.0
jSsH,1,0,1,1.0
jSsM,2,0,2,1.0
jSsN,1,1,2,0.5
jSsP,0,1,1,0.0
jSsS,2,0,2,1.0
jSsb,0,0,0,
jSsl,0,1,1,0.0
jSsm,2,0,2,1.0
jSsn,1,0,1,1.0
jSss,2,0,2,1.0
jbBB,5,1,6,0.83
jbBL,0,1,1,0.0
jbBM,1,1,2,0.5
jbBN,0,0,0,
jbBP,3,2,5,0.6
jbBb,2,1,3,0.67
jbBh,1,0,1,1.0
jbBj,1,0,1,1.0
jbBl,1,1,2,0.5
jbBm,0,1,1,0.0
jbBn,0,1,1,0.0
jbBs,1,0,1,1.0
jbDI,0,1,1,0.0
jbDN,0,1,1,0.0
jbDm,1,1,2,0.5
jbHD,1,0,1,1.0
jbHI,1,0,1,1.0
jbHM,1,0,1,1.0
jbHh,0,0,0,
jbHl,0,2,2,0.0
jbHm,0,0,0,
jbHn,1,2,3,0.33
jbIs,1,0,1,1.0
jbJM,0,1,1,0.0
jbJP,2,0,2,1.0
jbJS,0,1,1,0.0
jbJb,1,0,1,1.0
jbJl,1,0,1,1.0
jbJs,0,0,0,
jbKb,2,0,2,1.0
jbKh,1,0,1,1.0
jbLB,2,1,3,0.67
jbLD,0,1,1,0.0
jbLL,1,1,2,0.5
jbLM,0,2,2,0.0
jbLP,1,0,1,1.0
jbLS,1,0,1,1.0
jbLb,2,0,2,1.0
jbLl,1,0,1,1.0
jbLn,1,1,2,0.5
jbMB,2,0,2,1.0
jbML,0,1,1,0.0
jbMM,0,1,1,0.0
jbMN,2,1,3,0.67
jbMP,4,2,6,0.67
jbMS,2,0,2,1.0
jbMb,0,2,2,0.0
jbMh,0,3,3,0.0
jbMl,1,0,1,1.0
jbMm,2,1,3,0.67
jbMn,0,1,1,0.0
jbMs,1,2,3,0.33
jbMt,1,0,1,1.0
jbNB,2,1,3,0.67
jbND,1,1,2,0.5
jbNM,0,3,3,0.0
jbNN,1,1,2,0.5
jbNS,3,3,6,0.5
jbNh,1,0,1,1.0
jbNl,1,0,1,1.0
jbNm,2,0,2,1.0
jbNn,2,1,3,0.67
jbPI,1,0,1,1.0
jbPL,1,0,1,1.0
jbPM,0,2,2,0.0
jbPN,1,3,4,0.25
jbPP,0,1,1,0.0
jbPS,1,3,4,0.25
jbPb,0,3,3,0.0
jbPh,1,0,1,1.0
jbPl,0,2,2,0.0
jbPm,1,5,6,0.17
jbPn,2,0,2,1.0
jbPs,0,1,1,0.0
jbSH,0,0,0,
jbSK,0,0,0,
jbSL,1,0,1,1.0
jbSM,1,0,1,1.0
jbSN,2,2,4,0.5
jbSP,1,0,1,1.0
jbSS,1,0,1,1.0
jbSb,1,0,1,1.0
jbSl,0,1,1,0.0
jbSm,0,2,2,0.0
jbSn,1,3,4,0.25
jbSs,0,2,2,0.0
jbbB,2,0,2,1.0
jbbM,2,2,4,0.5
jbbN,0,1,1,0.0
jbbP,2,1,3,0.67
jbbS,0,1,1,0.0
jbbb,2,2,4,0.5
jbbm,3,1,4,0.75
jbbn,2,1,3,0.67
jblB,1,0,1,1.0
jblH,1,0,1,1.0
jblJ,1,0,1,1.0
jblK,1,0,1,1.0
jblM,1,0,1,1.0
jblN,1,1,2,0.5
jblP,1,0,1,1.0
jbln,0,3,3,0.0
jbmB,1,0,1,1.0
jbmD,0,0,0,
jbmH,0,2,2,0.0
jbmL,0,1,1,0.0
jbmM,3,2,5,0.6
jbmN,2,2,4,0.5
jbmP,0,0,0,
jbmb,2,1,3,0.67
jbml,0,1,1,0.0
jbmm,2,1,3,0.67
jbmn,0,1,1,0.0
jbms,0,0,0,
jbnB,0,1,1,0.0
jbnD,0,1,1,0.0
jbnH,1,0,1,1.0
jbnM,0,1,1,0.0
jbnN,3,2,5,0.6
jbnP,1,0,1,1.0
jbnS,0,1,1,0.0
jbnb,1,0,1,1.0
jbnl,1,0,1,1.0
jbnm,1,1,2,0.5
jbnn,0,2,2,0.0
jbsB,0,0,0,
jbsL,0,0,0,
jbsM,1,2,3,0.33
jbsN,0,1,1,0.0
jbsP,0,1,1,0.0
jbsS,1,1,2,0.5
jbsb,1,0,1,1.0
jbsn,1,0,1,1.0
jbss,2,0,2,1.0
jhBM,1,0,1,1.0
jhBl,0,1,1,0.0
jhDl,1,0,1,1.0
jhKS,1,0,1,1.0
jhLm,1,0,1,1.0
jhMB,0,1,1,0.0
jhMM,1,0,1,1.0
jhMs,0,1,1,0.0
jhNN,1,1,2,0.5
jhNP,2,0,2,1.0
jhNS,0,1,1,0.0
jhNb,0,1,1,0.0
jhNn,0,1,1,0.0
jhNs,0,1,1,0.0
jhPL,0,2,2,0.0
jhPM,1,0,1,1.0
jhPP,1,0,1,1.0
jhPS,0,0,0,
jhSH,0,0,0,
jhSL,0,1,1,0.0
jhbB,0,1,1,0.0
jhbJ,0,1,1,0.0
jhbN,0,1,1,0.0
jhbl,1,1,2,0.5
jhhh,1,0,1,1.0
jhhm,0,1,1,0.0
jhmK,0,1,1,0.0
jhmM,0,1,1,0.0
jhmN,0,0,0,
jhmn,1,1,2,0.5
jhnP,0,1,1,0.0
jhnm,0,2,2,0.0
jhsI,1,0,1,1.0
jhsL,0,1,1,0.0
jhsm,1,1,2,0.5
jhsn,0,1,1,0.0
jhtB,0,1,1,0.0
jhtP,1,0,1,1.0
jlBM,1,0,1,1.0
jlBP,1,0,1,1.0
jlBb,2,0,2,1.0
jlBh,0,1,1,0.0
jlBm,0,1,1,0.0
jlBn,0,1,1,0.0
jlHB,0,1,1,0.0
jlHD,0,1,1,0.0
jlHL,1,0,1,1.0
jlHN,1,1,2,0.5
jlHh,0,0,0,
jlIH,0,1,1,0.0
jlIS,1,0,1,1.0
jlJL,0,1,1,0.0
jlJN,2,0,2,1.0
jlJm,1,0,1,1.0
jlJn,1,0,1,1.0
jlLj,0,1,1,0.0
jlLl,1,0,1,1.0
jlMB,0,1,1,0.0
jlMM,0,1,1,0.0
jlMN,1,1,2,0.5
jlMj,0,1,1,0.0
jlMm,1,0,1,1.0
jlMn,0,0,0,
jlMs,0,1,1,0.0
jlNB,0,2,2,0.0
jlNN,2,1,3,0.67
jlNP,1,2,3,0.33
jlNS,1,0,1,1.0
jlNb,0,1,1,0.0
jlNm,0,0,0,
jlNn,1,2,3,0.33
jlPB,1,1,2,0.5
jlPN,1,1,2,0.5
jlPP,0,1,1,0.0
jlPb,1,0,1,1.0
jlPm,1,0,1,1.0
jlPn,1,0,1,1.0
jlSB,1,1,2,0.5
jlSD,1,0,1,1.0
jlSH,1,0,1,1.0
jlSM,0,1,1,0.0
jlSP,2,1,3,0.67
jlSS,0,0,0,
jlSb,1,0,1,1.0
jlSm,1,0,1,1.0
jlbB,1,0,1,1.0
jlbM,0,0,0,
jlbN,2,0,2,1.0
jlbP,0,2,2,0.0
jllB,1,1,2,0.5
jllP,0,0,0,
jlls,1,1,2,0.5
jlmH,0,1,1,0.0
jlmM,2,0,2,1.0
jlmP,1,0,1,1.0
jlmS,0,2,2,0.0
jlmb,2,0,2,1.0
jlnP,1,4,5,0.2
jlnb,0,1,1,0.0
jlnm,1,0,1,1.0
jlsH,1,0,1,1.0
jlsN,0,1,1,0.0
jmBB,1,1,2,0.5
jmBL,0,1,1,0.0
jmBM,0,1,1,0.0
jmBN,1,2,3,0.33
jmBP,0,1,1,0.0
jmBS,2,1,3,0.67
jmBb,0,0,0,
jmBl,0,1,1,0.0
jmBm,0,1,1,0.0
jmBn,3,3,6,0.5
jmBt,1,0,1,1.0
jmDB,0,2,2,0.0
jmDH,0,2,2,0.0
jmDM,0,1,1,0.0
jmDb,1,0,1,1.0
jmDh,0,1,1,0.0
jmDn,2,0,2,1.0
jmHB,5,1,6,0.83
jmHD,0,1,1,0.0
jmHH,1,0,1,1.0
jmHL,0,1,1,0.0
jmHM,0,0,0,
jmHN,3,3,6,0.5
jmHP,0,3,3,0.0
jmHS,2,0,2,1.0
jmHb,3,1,4,0.75
jmHh,2,1,3,0.67
jmHl,0,1,1,0.0
jmHm,1,1,2,0.5
jmHn,1,1,2,0.5
jmHs,1,0,1,1.0
jmIN,1,0,1,1.0
jmIb,1,0,1,1.0
jmJB,0,1,1,0.0
jmJL,0,1,1,0.0
jmJN,1,0,1,1.0
jmJP,0,1,1,0.0
jmJb,1,1,2,0.5
jmJl,0,0,0,
jmJm,1,0,1,1.0
jmKl,1,0,1,1.0
jmLB,1,0,1,1.0
jmLL,0,1,1,0.0
jmLM,0,1,1,0.0
jmLN,2,0,2,1.0
jmLb,0,1,1,0.0
jmLh,0,1,1,0.0
jmLl,0,1,1,0.0
jmLm,2,0,2,1.0
jmLn,1,0,1,1.0
jmMB,1,3,4,0.25
jmMD,1,0,1,1.0
jmMM,0,1,1,0.0
jmMN,0,3,3,0.0
jmMP,1,1,2,0.5
jmMS,0,1,1,0.0
jmMb,2,1,3,0.67
jmMh,0,3,3,0.0
jmMj,1,0,1,1.0
jmMl,0,1,1,0.0
jmMm,2,0,2,1.0
jmMn,1,3,4,0.25
jmMs,0,2,2,0.0
jmNB,0,1,1,0.0
jmND,1,0,1,1.0
jmNH,2,1,3,0.67
jmNL,1,0,1,1.0
jmNM,0,1,1,0.0
jmNN,1,3,4,0.25
jmNP,2,1,3,0.67
jmNS,2,2,4,0.5
jmNh,1,0,1,1.0
jmNl,1,2,3,0.33
jmNm,2,2,4,0.5
jmNn,0,1,1,0.0
jmNs,2,2,4,0.5
jmPB,0,3,3,0.0
jmPH,0,1,1,0.0
jmPL,1,2,3,0.33
jmPM,4,1,5,0.8
jmPN,0,0,0,
jmPP,4,2,6,0.67
jmPS,0,2,2,0.0
jmPb,3,2,5,0.6
jmPl,2,0,2,1.0
jmPm,2,2,4,0.5
jmPn,2,2,4,0.5
jmPs,1,0,1,1.0
jmSB,0,3,3,0.0
jmSL,0,1,1,0.0
jmSM,1,2,3,0.33
jmSN,0,2,2,0.0
jmSP,2,1,3,0.67
jmSS,0,4,4,0.0
jmSb,1,0,1,1.0
jmSh,0,1,1,0.0
jmSn,1,0,1,1.0
jmSs,1,2,3,0.33
jmSt,0,1,1,0.0
jmbB,1,1,2,0.5
jmbD,1,0,1,1.0
jmbI,0,1,1,0.0
jmbJ,2,1,3,0.67
jmbK,0,1,1,0.0
jmbL,1,0,1,1.0
jmbM,2,2,4,0.5
jmbN,1,0,1,1.0
jmbP,1,1,2,0.5
jmbS,3,1,4,0.75
jmbb,3,0,3,1.0
jmbm,1,1,2,0.5
jmbn,3,1,4,0.75
jmhB,0,1,1,0.0
jmhn,1,0,1,1.0
jmlH,0,1,1,0.0
jmlM,2,0,2,1.0
jmlN,0,2,2,0.0
jmlm,0,0,0,
jmls,1,0,1,1.0
jmmB,2,2,4,0.5
jmmD,1,0,1,1.0
jmmH,2,2,4,0.5
jmmJ,1,1,2,0.5
jmmM,2,4,6,0.33
jmmN,0,3,3,0.0
jmmP,4,4,8,0.5
jmmS,1,0,1,1.0
jmmb,2,2,4,0.5
jmmm,3,1,4,0.75
jmmn,2,0,2,1.0
jmms,1,0,1,1.0
jmnB,3,1,4,0.75
jmnD,0,0,0,
jmnH,0,2,2,0.0
jmnI,1,0,1,1.0
jmnL,0,1,1,0.0
jmnM,1,1,2,0.5
jmnN,2,3,5,0.4
jmnP,0,2,2,0.0
jmnS,3,1,4,0.75
jmnb,0,0,0,
jmnm,0,2,2,0.0
jmnn,6,2,8,0.75
jmns,1,0,1,1.0
jmsB,0,1,1,0.0
jmsM,1,2,3,0.33
jmsN,1,1,2,0.5
jmsP,0,1,1,0.0
jmsS,1,1,2,0.5
jmsb,1,2,3,0.33
jmsl,0,1,1,0.0
jmsm,0,0,0,
jmsn,0,1,1,0.0
jmss,0,1,1,0.0
jnBD,1,0,1,1.0
jnBM,0,1,1,0.0
jnBN,0,2,2,0.0
jnBP,4,1,5,0.8
jnBS,1,0,1,1.0
jnBb,0,3,3,0.0
jnBj,0,1,1,0.0
jnBl,2,0,2,1.0
jnBm,3,0,3,1.0
jnBn,2,4,6,0.33
jnBs,0,1,1,0.0
jnDH,0,1,1,0.0
jnDM,0,1,1,0.0
jnDN,1,0,1,1.0
jnDP,1,0,1,1.0
jnDS,0,1,1,0.0
jnDl,0,1,1,0.0
jnDn,1,0,1,1.0
jnHI,0,0,0,
jnHL,0,1,1,0.0
jnHM,0,1,1,0.0
jnHN,1,1,2,0.5
jnHP,1,2,3,0.33
jnHS,1,0,1,1.0
jnHb,0,1,1,0.0
jnHh,1,1,2,0.5
jnHm,2,0,2,1.0
jnHn,0,1,1,0.0
jnHs,0,0,0,
jnIL,0,1,1,0.0
jnIM,0,0,0,
jnIP,2,1,3,0.67
jnIm,0,1,1,0.0
jnIs,0,1,1,0.0
jnKB,0,1,1,0.0
jnKs,0,0,0,
jnLL,0,1,1,0.0
jnLP,0,1,1,0.0
jnLn,0,1,1,0.0
jnMB,1,2,3,0.33
jnMM,2,1,3,0.67
jnMN,0,2,2,0.0
jnMP,2,3,5,0.4
jnMS,0,1,1,0.0
jnMb,1,1,2,0.5
jnMh,0,1,1,0.0
jnMj,1,0,1,1.0
jnMm,3,0,3,1.0
jnMn,2,0,2,1.0
jnMs,1,0,1,1.0
jnMt,0,1,1,0.0
jnNB,0,0,0,
jnNL,4,0,4,1.0
jnNM,1,1,2,0.5
jnNN,1,7,8,0.12
jnNP,0,2,2,0.0
jnNS,2,2,4,0.5
jnNb,1,1,2,0.5
jnNh,1,0,1,1.0
jnNl,1,0,1,1.0
jnNm,0,1,1,0.0
jnNn,2,3,5,0.4
jnNs,0,1,1,0.0
jnPB,1,2,3,0.33
jnPD,1,0,1,1.0
jnPL,3,0,3,1.0
jnPM,3,3,6,0.5
jnPN,0,1,1,0.0
jnPP,6,3,9,0.67
jnPS,2,3,5,0.4
jnPb,0,1,1,0.0
jnPl,0,0,0,
jnPm,1,0,1,1.0
jnPn,3,2,5,0.6
jnPs,1,3,4,0.25
jnPt,0,1,1,0.0
jnSB,0,0,0,
jnSD,1,0,1,1.0
jnSH,0,0,0,
jnSL,0,0,0,
jnSM,0,1,1,0.0
jnSN,2,1,3,0.67
jnSP,2,2,4,0.5
jnSS,2,1,3,0.67
jnSb,0,1,1,0.0
jnSh,1,1,2,0.5
jnSn,2,2,4,0.5
jnSs,1,2,3,0.33
jnbB,0,1,1,0.0
jnbH,0,2,2,0.0
jnbL,2,0,2,1.0
jnbM,3,1,4,0.75
jnbN,0,2,2,0.0
jnbP,1,3,4,0.25
jnbS,1,0,1,1.0
jnbb,1,1,2,0.5
jnbl,0,1,1,0.0
jnbm,2,0,2,1.0
jnbs,2,0,2,1.0
jnlB,1,0,1,1.0
jnlD,0,0,0,
jnlH,2,0,2,1.0
jnlJ,0,0,0,
jnlM,2,0,2,1.0
jnlN,0,1,1,0.0
jnlP,3,0,3,1.0
jnlb,1,0,1,1.0
jnll,0,1,1,0.0
jnmB,1,2,3,0.33
jnmH,1,0,1,1.0
jnmL,0,1,1,0.0
jnmM,1,2,3,0.33
jnmN,5,2,7,0.71
jnmP,2,1,3,0.67
jnmS,1,1,2,0.5
jnmb,1,2,3,0.33
jnmm,0,4,4,0.0
jnmn,0,0,0,
jnms,3,0,3,1.0
jnnB,1,2,3,0.33
jnnH,0,1,1,0.0
jnnI,2,2,4,0.5
jnnL,0,1,1,0.0
jnnN,0,1,1,0.0
jnnP,4,1,5,0.8
jnnS,0,1,1,0.0
jnnb,1,1,2,0.5
jnnl,1,0,1,1.0
jnnn,2,1,3,0.67
jnns,0,1,1,0.0
jnsB,0,1,1,0.0
jnsH,0,1,1,0.0
jnsL,0,0,0,
jnsM,0,3,3,0.0
jnsN,1,0,1,1.0
jnsP,1,1,2,0.5
jnsS,1,1,2,0.5
jnsb,0,2,2,0.0
jnsl,3,0,3,1.0
jnsm,0,2,2,0.0
jnsn,1,0,1,1.0
jnss,1,1,2,0.5
jsBB,0,1,1,0.0
jsBD,0,1,1,0.0
jsBK,1,0,1,1.0
jsBM,1,0,1,1.0
jsBN,0,1,1,0.0
jsBS,0,2,2,0.0
jsBm,1,1,2,0.5
jsBn,1,0,1,1.0
jsBs,0,1,1,0.0
jsBt,0,0,0,
jsDD,0,0,0,
jsDb,0,0,0,
jsDm,1,1,2,0.5
jsHB,1,0,1,1.0
jsHM,3,1,4,0.75
jsHN,1,1,2,0.5
jsHP,1,2,3,0.33
jsHS,0,2,2,0.0
jsHh,0,2,2,0.0
jsHl,0,1,1,0.0
jsHm,1,2,3,0.33
jsHn,0,2,2,0.0
jsHs,1,0,1,1.0
jsIL,0,1,1,0.0
jsIS,0,0,0,
jsIl,0,1,1,0.0
jsLL,1,0,1,1.0
jsLS,0,1,1,0.0
jsLb,1,1,2,0.5
jsLl,1,0,1,1.0
jsLm,1,1,2,0.5
jsLn,0,1,1,0.0
jsLs,2,2,4,0.5
jsMB,1,1,2,0.5
jsMD,0,1,1,0.0
jsML,0,1,1,0.0
jsMM,0,1,1,0.0
jsMN,2,0,2,1.0
jsMP,0,3,3,0.0
jsMb,0,2,2,0.0
jsMh,1,1,2,0.5
jsMm,2,0,2,1.0
jsMn,0,0,0,
jsMs,0,1,1,0.0
jsNB,2,3,5,0.4
jsNH,1,0,1,1.0
jsNL,0,0,0,
jsNN,1,1,2,0.5
jsNP,1,0,1,1.0
jsNS,3,1,4,0.75
jsNb,0,1,1,0.0
jsNm,1,1,2,0.5
jsNn,1,2,3,0.33
jsPB,2,0,2,1.0
jsPD,0,1,1,0.0
jsPH,1,0,1,1.0
jsPK,0,0,0,
jsPN,1,2,3,0.33
jsPP,1,1,2,0.5
jsPS,3,0,3,1.0
jsPb,2,2,4,0.5
jsPh,0,1,1,0.0
jsPl,1,0,1,1.0
jsPm,0,4,4,0.0
jsPs,1,0,1,1.0
jsSB,0,1,1,0.0
jsSL,0,2,2,0.0
jsSM,0,3,3,0.0
jsSN,1,1,2,0.5
jsSP,0,2,2,0.0
jsSS,2,1,3,0.67
jsSb,1,1,2,0.5
jsSh,1,0,1,1.0
jsSm,1,2,3,0.33
jsSn,0,1,1,0.0
jsSs,3,0,3,1.0
jsSt,1,0,1,1.0
jsbD,1,0,1,1.0
jsbN,0,2,2,0.0
jsbS,1,0,1,1.0
jsbb,0,4,4,0.0
jsbm,1,0,1,1.0
jsbn,1,0,1,1.0
jsbs,2,0,2,1.0
jshl,1,0,1,1.0
jshm,0,0,0,
jshn,1,1,2,0.5
jslH,2,0,2,1.0
jslJ,0,0,0,
jslM,0,3,3,0.0
jslb,2,0,2,1.0
jslm,1,0,1,1.0
jsln,0,1,1,0.0
jsmB,2,0,2,1.0
jsmD,1,0,1,1.0
jsmH,1,1,2,0.5
jsmL,2,0,2,1.0
jsmM,0,1,1,0.0
jsmN,1,0,1,1.0
jsmP,1,0,1,1.0
jsmS,0,0,0,
jsmb,1,1,2,0.5
jsmm,3,0,3,1.0
jsmn,0,2,2,0.0
jsms,1,0,1,1.0
jsnD,0,0,0,
jsnK,0,0,0,
jsnL,0,1,1,0.0
jsnM,0,1,1,0.0
jsnN,2,0,2,1.0
jsnb,1,0,1,1.0
jsnl,0,1,1,0.0
jsnm,1,1,2,0.5
jsns,1,2,3,0.33
jssB,1,0,1,1.0
jssD,1,0,1,1.0
jssH,1,0,1,1.0
jssI,0,0,0,
jssN,2,1,3,0.67
jssP,1,2,3,0.33
jssS,0,1,1,0.0
jssb,1,1,2,0.5
jssl,0,0,0,
jssm,0,0,0,
jssn,2,0,2,1.0
jsss,1,1,2,0.5
jstH,1,0,1,1.0
jtBM,0,0,0,
jtBN,1,1,2,0.5
jtBb,0,1,1,0.0
jtBl,0,1,1,0.0
jtBn,1,0,1,1.0
jtDm,0,1,1,0.0
jtHM,0,0,0,
jtHh,0,0,0,
jtIB,0,0,0,
jtLM,0,1,1,0.0
jtLs,1,0,1,1.0
jtNP,0,1,1,0.0
jtNm,1,0,1,1.0
jtPI,1,0,1,1.0
jtPL,0,1,1,0.0
jtPM,1,1,2,0.5
jtPP,1,0,1,1.0
jtPS,0,0,0,
jtPl,0,1,1,0.0
jtPs,1,0,1,1.0
jtSB,1,0,1,1.0
jtSN,1,0,1,1.0
jtbM,1,0,1,1.0
jtbP,0,1,1,0.0
jtlP,0,0,0,
jtmH,1,0,1,1.0
jtnB,0,1,1,0.0
jtnb,0,1,1,0.0
jtsN,2,0,2,1.0
jtsP,0,1,1,0.0
jtsS,1,0,1,1.0
lBBB,3,8,11,0.27
lBBD,2,1,3,0.67
lBBK,2,1,3,0.67
lBBL,3,2,5,0.6
lBBM,10,5,15,0.67
lBBN,9,4,13,0.69
lBBP,9,11,20,0.45
lBBS,3,7,10,0.3
lBBb,4,12,16,0.25
lBBh,0,1,1,0.0
lBBj,2,1,3,0.67
lBBl,5,0,5,1.0
lBBm,9,8,17,0.53
lBBn,15,7,22,0.68
lBBs,3,4,7,0.43
lBBt,1,0,1,1.0
lBDB,1,0,1,1.0
lBDD,0,0,0,
lBDH,0,2,2,0.0
lBDI,1,0,1,1.0
lBDL,1,2,3,0.33
lBDM,1,3,4,0.25
lBDN,3,1,4,0.75
lBDP,0,2,2,0.0
lBDS,0,0,0,
lBDb,1,0,1,1.0
lBDl,1,0,1,1.0
lBDm,3,1,4,0.75
lBDn,3,1,4,0.75
lBDs,3,0,3,1.0
lBHm,1,0,1,1.0
lBKB,3,0,3,1.0
lBKL,1,3,4,0.25
lBKM,0,3,3,0.0
lBKN,3,0,3,1.0
lBKP,1,1,2,0.5
lBKS,2,1,3,0.67
lBKb,1,1,2,0.5
lBKh,1,1,2,0.5
lBKl,0,0,0,
lBKm,4,0,4,1.0
lBKn,2,0,2,1.0
lBKs,2,2,4,0.5
lBLB,4,2,6,0.67
lBLD,0,0,0,
lBLL,2,0,2,1.0
lBLM,2,3,5,0.4
lBLN,5,1,6,0.83
lBLP,5,3,8,0.62
lBLS,3,2,5,0.6
lBLb,3,0,3,1.0
lBLh,0,2,2,0.0
lBLj,0,3,3,0.0
lBLl,0,1,1,0.0
lBLm,7,4,11,0.64
lBLn,4,4,8,0.5
lBLs,2,2,4,0.5
lBLt,1,2,3,0.33
lBMB,8,15,23,0.35
lBMD,1,2,3,0.33
lBMH,0,1,1,0.0
lBML,2,2,4,0.5
lBMM,9,10,19,0.47
lBMN,14,14,28,0.5
lBMP,13,13,26,0.5
lBMS,5,4,9,0.56
lBMb,9,5,14,0.64
lBMh,6,7,13,0.46
lBMj,0,6,6,0.0
lBMl,3,4,7,0.43
lBMm,13,9,22,0.59
lBMn,14,16,30,0.47
lBMs,5,5,10,0.5
lBMt,1,0,1,1.0
lBNB,7,11,18,0.39
lBND,0,1,1,0.0
lBNH,2,0,2,1.0
lBNK,1,0,1,1.0
lBNL,3,3,6,0.5
lBNM,5,13,18,0.28
lBNN,5,11,16,0.31
lBNP,13,12,25,0.52
lBNS,12,16,28,0.43
lBNb,7,2,9,0.78
lBNh,4,3,7,0.57
lBNl,5,1,6,0.83
lBNm,18,9,27,0.67
lBNn,13,13,26,0.5
lBNs,7,3,10,0.7
lBNt,2,2,4,0.5
lBPB,6,11,17,0.35
lBPD,3,0,3,1.0
lBPH,2,0,2,1.0
lBPI,1,1,2,0.5
lBPK,1,1,2,0.5
lBPL,0,4,4,0.0
lBPM,11,14,25,0.44
lBPN,20,15,35,0.57
lBPP,23,20,43,0.53
lBPS,6,16,22,0.27
lBPb,14,4,18,0.78
lBPh,0,1,1,0.0
lBPl,13,5,18,0.72
lBPm,17,11,28,0.61
lBPn,16,11,27,0.59
lBPs,10,5,15,0.67
lBPt,1,1,2,0.5
lBSB,3,3,6,0.5
lBSD,1,1,2,0.5
lBSH,1,2,3,0.33
lBSL,2,1,3,0.67
lBSM,6,6,12,0.5
lBSN,6,7,13,0.46
lBSP,9,5,14,0.64
lBSS,2,6,8,0.25
lBSb,7,3,10,0.7
lBSh,3,3,6,0.5
lBSl,1,1,2,0.5
lBSm,8,0,8,1.0
lBSn,12,4,16,0.75
lBSs,6,6,12,0.5
lBSt,1,1,2,0.5
lBbB,9,6,15,0.6
lBbD,3,1,4,0.75
lBbH,2,3,5,0.4
lBbI,2,2,4,0.5
lBbJ,2,2,4,0.5
lBbL,1,4,5,0.2
lBbM,6,12,18,0.33
lBbN,12,7,19,0.63
lBbP,12,10,22,0.55
lBbS,2,6,8,0.25
lBbb,8,9,17,0.47
lBbl,3,3,6,0.5
lBbm,6,5,11,0.55
lBbn,13,10,23,0.57
lBbs,5,1,6,0.83
lBhB,1,0,1,1.0
lBhL,1,0,1,1.0
lBhM,3,2,5,0.6
lBhN,1,2,3,0.33
lBhP,2,1,3,0.67
lBhS,0,2,2,0.0
lBhb,1,2,3,0.33
lBhh,3,0,3,1.0
lBhl,0,1,1,0.0
lBhm,1,0,1,1.0
lBhn,0,0,0,
lBhs,1,1,2,0.5
lBjB,1,2,3,0.33
lBjD,0,1,1,0.0
lBjK,1,0,1,1.0
lBjL,1,0,1,1.0
lBjM,1,2,3,0.33
lBjN,2,1,3,0.67
lBjP,3,5,8,0.38
lBjS,4,0,4,1.0
lBjb,1,2,3,0.33
lBjl,1,1,2,0.5
lBjm,0,4,4,0.0
lBjn,0,0,0,
lBjs,1,0,1,1.0
lBlB,1,2,3,0.33
lBlD,0,2,2,0.0
lBlH,1,3,4,0.25
lBlI,2,1,3,0.67
lBlJ,0,1,1,0.0
lBlK,1,0,1,1.0
lBlL,1,2,3,0.33
lBlM,3,8,11,0.27
lBlN,3,2,5,0.6
lBlP,7,3,10,0.7
lBlS,1,1,2,0.5
lBlb,5,2,7,0.71
lBll,2,1,3,0.67
lBlm,3,2,5,0.6
lBln,4,6,10,0.4
lBls,3,3,6,0.5
lBmB,8,7,15,0.53
lBmD,2,2,4,0.5
lBmH,5,12,17,0.29
lBmI,1,0,1,1.0
lBmJ,1,1,2,0.5
lBmK,1,1,2,0.5
lBmL,5,1,6,0.83
lBmM,6,13,19,0.32
lBmN,10,13,23,0.43
lBmP,13,13,26,0.5
lBmS,8,8,16,0.5
lBmb,13,6,19,0.68
lBml,2,2,4,0.5
lBmm,6,6,12,0.5
lBmn,8,18,26,0.31
lBms,6,4,10,0.6
lBnB,10,8,18,0.56
lBnD,1,4,5,0.2
lBnH,6,5,11,0.55
lBnI,0,3,3,0.0
lBnK,0,4,4,0.0
lBnL,2,6,8,0.25
lBnM,16,7,23,0.7
lBnN,19,18,37,0.51
lBnP,16,23,39,0.41
lBnS,10,13,23,0.43
lBnb,9,7,16,0.56
lBnh,0,0,0,
lBnl,3,1,4,0.75
lBnm,13,15,28,0.46
lBnn,16,15,31,0.52
lBns,11,6,17,0.65
lBsB,3,4,7,0.43
lBsD,3,1,4,0.75
lBsH,5,8,13,0.38
lBsI,2,5,7,0.29
lBsL,1,0,1,1.0
lBsM,5,9,14,0.36
lBsN,10,6,16,0.62
lBsP,7,5,12,0.58
lBsS,2,4,6,0.33
lBsb,6,4,10,0.6
lBsh,0,1,1,0.0
lBsl,3,2,5,0.6
lBsm,6,2,8,0.75
lBsn,4,5,9,0.44
lBss,7,3,10,0.7
lBtB,1,2,3,0.33
lBtD,1,1,2,0.5
lBtH,1,0,1,1.0
lBtK,0,0,0,
lBtL,0,1,1,0.0
lBtM,0,0,0,
lBtN,0,1,1,0.0
lBtP,2,6,8,0.25
lBtS,2,2,4,0.5
lBtb,1,0,1,1.0
lBtm,2,1,3,0.67
lBtn,0,1,1,0.0
lBts,0,1,1,0.0
lDBB,0,1,1,0.0
lDBK,1,0,1,1.0
lDBM,5,0,5,1.0
lDBN,2,4,6,0.33
lDBP,0,3,3,0.0
lDBS,2,1,3,0.67
lDBb,3,0,3,1.0
lDBj,1,1,2,0.5
lDBl,0,0,0,
lDBm,3,1,4,0.75
lDBn,2,1,3,0.67
lDBs,0,0,0,
lDDB,2,0,2,1.0
lDDD,1,0,1,1.0
lDDM,0,0,0,
lDDP,2,0,2,1.0
lDDS,1,0,1,1.0
lDDm,1,1,2,0.5
lDDn,0,1,1,0.0
lDDs,2,0,2,1.0
lDDt,0,0,0,
lDHB,0,2,2,0.0
lDHL,1,0,1,1.0
lDHM,2,0,2,1.0
lDHN,0,1,1,0.0
lDHP,2,0,2,1.0
lDHb,0,1,1,0.0
lDHh,0,1,1,0.0
lDHl,1,2,3,0.33
lDHm,0,2,2,0.0
lDHn,1,1,2,0.5
lDHs,2,1,3,0.67
lDIH,1,0,1,1.0
lDIb,1,0,1,1.0
lDIm,0,1,1,0.0
lDLB,0,2,2,0.0
lDLK,0,1,1,0.0
lDLL,1,0,1,1.0
lDLM,1,1,2,0.5
lDLS,0,1,1,0.0
lDLb,0,0,0,
lDLm,3,2,5,0.6
lDLn,0,1,1,0.0
lDLs,1,0,1,1.0
lDMB,2,1,3,0.67
lDMH,0,1,1,0.0
lDML,1,2,3,0.33
lDMM,2,5,7,0.29
lDMN,1,1,2,0.5
lDMP,4,2,6,0.67
lDMS,0,0,0,
lDMb,2,1,3,0.67
lDMh,1,3,4,0.25
lDMj,1,2,3,0.33
lDMl,0,0,0,
lDMm,2,3,5,0.4
lDMn,2,0,2,1.0
lDMs,0,4,4,0.0
lDNB,3,0,3,1.0
lDNH,0,1,1,0.0
lDNL,2,1,3,0.67
lDNM,3,0,3,1.0
lDNN,2,0,2,1.0
lDNP,0,2,2,0.0
lDNS,1,1,2,0.5
lDNb,2,0,2,1.0
lDNl,2,0,2,1.0
lDNm,2,1,3,0.67
lDNn,3,0,3,1.0
lDNs,1,0,1,1.0
lDPB,2,0,2,1.0
lDPD,2,1,3,0.67
lDPH,0,2,2,0.0
lDPK,0,2,2,0.0
lDPL,0,2,2,0.0
lDPM,1,2,3,0.33
lDPN,1,1,2,0.5
lDPP,3,4,7,0.43
lDPS,1,1,2,0.5
lDPb,1,1,2,0.5
lDPl,1,0,1,1.0
lDPm,4,2,6,0.67
lDPn,2,2,4,0.5
lDPs,1,2,3,0.33
lDSB,0,3,3,0.0
lDSD,1,1,2,0.5
lDSH,1,1,2,0.5
lDSI,0,1,1,0.0
lDSM,0,1,1,0.0
lDSN,0,1,1,0.0
lDSP,0,1,1,0.0
lDSS,1,0,1,1.0
lDSh,1,1,2,0.5
lDSm,1,2,3,0.33
lDSn,0,1,1,0.0
lDSs,0,2,2,0.0
lDSt,0,1,1,0.0
lDbB,3,0,3,1.0
lDbH,0,1,1,0.0
lDbJ,0,1,1,0.0
lDbL,0,1,1,0.0
lDbM,2,2,4,0.5
lDbN,0,2,2,0.0
lDbP,4,1,5,0.8
lDbb,3,1,4,0.75
lDbl,0,1,1,0.0
lDbm,1,2,3,0.33
lDbn,0,3,3,0.0
lDbs,0,2,2,0.0
lDhh,1,0,1,1.0
lDhs,0,1,1,0.0
lDlB,0,1,1,0.0
lDlD,1,0,1,1.0
lDlJ,0,1,1,0.0
lDlM,0,1,1,0.0
lDlN,1,0,1,1.0
lDlP,3,1,4,0.75
lDlS,0,1,1,0.0
lDlb,1,0,1,1.0
lDlm,0,1,1,0.0
lDmB,4,2,6,0.67
lDmD,1,0,1,1.0
lDmH,0,1,1,0.0
lDmI,1,0,1,1.0
lDmJ,0,0,0,
lDmL,1,1,2,0.5
lDmM,3,1,4,0.75
lDmN,4,1,5,0.8
lDmP,2,7,9,0.22
lDmS,1,4,5,0.2
lDmb,0,2,2,0.0
lDmm,5,1,6,0.83
lDmn,3,3,6,0.5
lDms,1,0,1,1.0
lDnB,0,1,1,0.0
lDnD,0,0,0,
lDnH,0,1,1,0.0
lDnL,1,0,1,1.0
lDnM,2,2,4,0.5
lDnN,0,2,2,0.0
lDnP,2,2,4,0.5
lDnb,2,1,3,0.67
lDnl,2,0,2,1.0
lDnm,2,1,3,0.67
lDnn,1,1,2,0.5
lDns,0,0,0,
lDsB,2,1,3,0.67
lDsH,2,1,3,0.67
lDsI,0,1,1,0.0
lDsL,0,1,1,0.0
lDsM,0,2,2,0.0
lDsN,4,0,4,1.0
lDsP,4,2,6,0.67
lDsS,0,1,1,0.0
lDsb,2,1,3,0.67
lDsl,1,0,1,1.0
lDsm,1,1,2,0.5
lDss,0,2,2,0.0
lDtB,0,0,0,
lDtD,1,0,1,1.0
lDtL,0,1,1,0.0
lDtM,0,0,0,
lDtN,1,0,1,1.0
lDtP,0,1,1,0.0
lDtS,2,1,3,0.67
lDtb,1,0,1,1.0
lDtn,0,1,1,0.0
lHBB,4,7,11,0.36
lHBD,1,0,1,1.0
lHBK,0,3,3,0.0
lHBL,4,1,5,0.8
lHBM,3,7,10,0.3
lHBN,7,9,16,0.44
lHBP,8,4,12,0.67
lHBS,3,4,7,0.43
lHBb,3,7,10,0.3
lHBj,1,2,3,0.33
lHBl,3,1,4,0.75
lHBm,4,8,12,0.33
lHBn,6,10,16,0.38
lHBs,4,1,5,0.8
lHBt,2,0,2,1.0
lHDB,0,2,2,0.0
lHDD,0,1,1,0.0
lHDH,2,1,3,0.67
lHDL,1,0,1,1.0
lHDM,1,2,3,0.33
lHDN,0,4,4,0.0
lHDP,2,1,3,0.67
lHDS,1,1,2,0.5
lHDb,1,1,2,0.5
lHDn,1,2,3,0.33
lHDs,1,2,3,0.33
lHDt,1,0,1,1.0
lHHB,0,3,3,0.0
lHHH,1,1,2,0.5
lHHK,0,1,1,0.0
lHHM,2,0,2,1.0
lHHN,1,2,3,0.33
lHHP,3,1,4,0.75
lHHS,1,1,2,0.5
lHHb,1,0,1,1.0
lHHh,0,0,0,
lHHl,0,0,0,
lHHm,0,0,0,
lHHn,0,1,1,0.0
lHHs,2,0,2,1.0
lHIH,1,0,1,1.0
lHII,1,0,1,1.0
lHIM,1,1,2,0.5
lHIN,3,0,3,1.0
lHIP,1,0,1,1.0
lHIb,2,0,2,1.0
lHIn,3,0,3,1.0
lHIs,1,1,2,0.5
lHKB,0,1,1,0.0
lHKI,1,0,1,1.0
lHKM,0,2,2,0.0
lHKP,1,0,1,1.0
lHKS,1,1,2,0.5
lHKh,0,0,0,
lHKl,1,1,2,0.5
lHKm,0,2,2,0.0
lHKn,1,0,1,1.0
lHKs,1,1,2,0.5
lHLB,0,2,2,0.0
lHLL,1,0,1,1.0
lHLM,5,3,8,0.62
lHLN,3,4,7,0.43
lHLP,2,4,6,0.33
lHLS,1,4,5,0.2
lHLb,1,3,4,0.25
lHLh,0,2,2,0.0
lHLj,1,0,1,1.0
lHLl,1,4,5,0.2
lHLm,4,3,7,0.57
lHLn,1,5,6,0.17
lHLs,0,1,1,0.0
lHLt,0,1,1,0.0
lHMB,2,6,8,0.25
lHMD,2,1,3,0.67
lHML,1,3,4,0.25
lHMM,3,3,6,0.5
lHMN,4,8,12,0.33
lHMP,5,10,15,0.33
lHMS,3,2,5,0.6
lHMb,9,6,15,0.6
lHMh,1,5,6,0.17
lHMj,2,0,2,1.0
lHMl,6,3,9,0.67
lHMm,7,3,10,0.7
lHMn,6,7,13,0.46
lHMs,2,4,6,0.33
lHNB,8,6,14,0.57
lHND,0,2,2,0.0
lHNH,1,0,1,1.0
lHNL,2,4,6,0.33
lHNM,6,10,16,0.38
lHNN,5,13,18,0.28
lHNP,8,9,17,0.47
lHNS,6,4,10,0.6
lHNb,4,6,10,0.4
lHNh,3,4,7,0.43
lHNl,4,2,6,0.67
lHNm,3,5,8,0.38
lHNn,8,6,14,0.57
lHNs,9,3,12,0.75
lHNt,1,0,1,1.0
lHPB,10,11,21,0.48
lHPD,0,0,0,
lHPH,6,3,9,0.67
lHPI,1,2,3,0.33
lHPK,1,0,1,1.0
lHPL,1,4,5,0.2
lHPM,8,12,20,0.4
lHPN,8,5,13,0.62
lHPP,11,10,21,0.52
lHPS,7,8,15,0.47
lHPb,9,12,21,0.43
lHPh,2,1,3,0.67
lHPl,3,2,5,0.6
lHPm,12,8,20,0.6
lHPn,8,5,13,0.62
lHPs,7,5,12,0.58
lHPt,2,0,2,1.0
lHSB,3,7,10,0.3
lHSD,1,1,2,0.5
lHSH,2,2,4,0.5
lHSI,1,0,1,1.0
lHSK,1,0,1,1.0
lHSL,2,0,2,1.0
lHSM,6,3,9,0.67
lHSN,4,3,7,0.57
lHSP,2,7,9,0.22
lHSS,0,3,3,0.0
lHSb,6,2,8,0.75
lHSh,3,2,5,0.6
lHSl,2,1,3,0.67
lHSm,5,6,11,0.45
lHSn,5,7,12,0.42
lHSs,3,4,7,0.43
lHbB,5,4,9,0.56
lHbD,1,2,3,0.33
lHbH,2,0,2,1.0
lHbI,1,0,1,1.0
lHbJ,1,1,2,0.5
lHbK,1,1,2,0.5
lHbL,4,2,6,0.67
lHbM,5,4,9,0.56
lHbN,5,7,12,0.42
lHbP,8,10,18,0.44
lHbS,2,3,5,0.4
lHbb,4,4,8,0.5
lHbl,2,3,5,0.4
lHbm,3,7,10,0.3
lHbn,3,5,8,0.38
lHbs,1,2,3,0.33
lHhB,1,3,4,0.25
lHhH,2,3,5,0.4
lHhK,0,2,2,0.0
lHhL,1,3,4,0.25
lHhM,1,2,3,0.33
lHhN,1,3,4,0.25
lHhP,9,4,13,0.69
lHhS,3,2,5,0.6
lHhb,1,3,4,0.25
lHhh,2,5,7,0.29
lHhl,1,1,2,0.5
lHhm,1,3,4,0.25
lHhn,3,3,6,0.5
lHhs,0,7,7,0.0
lHht,1,1,2,0.5
lHlB,1,4,5,0.2
lHlH,3,1,4,0.75
lHlJ,1,1,2,0.5
lHlL,1,1,2,0.5
lHlM,3,1,4,0.75
lHlN,1,1,2,0.5
lHlP,3,1,4,0.75
lHlS,3,0,3,1.0
lHlb,3,4,7,0.43
lHll,1,2,3,0.33
lHlm,1,0,1,1.0
lHln,1,3,4,0.25
lHls,2,1,3,0.67
lHmB,8,4,12,0.67
lHmD,3,6,9,0.33
lHmH,8,5,13,0.62
lHmJ,5,1,6,0.83
lHmL,3,1,4,0.75
lHmM,6,5,11,0.55
lHmN,3,5,8,0.38
lHmP,12,16,28,0.43
lHmS,7,2,9,0.78
lHmb,9,7,16,0.56
lHmh,1,0,1,1.0
lHml,1,1,2,0.5
lHmm,7,7,14,0.5
lHmn,7,4,11,0.64
lHms,1,2,3,0.33
lHnB,2,5,7,0.29
lHnD,1,2,3,0.33
lHnH,3,3,6,0.5
lHnI,2,2,4,0.5
lHnK,2,2,4,0.5
lHnL,5,5,10,0.5
lHnM,4,7,11,0.36
lHnN,4,9,13,0.31
lHnP,4,4,8,0.5
lHnS,10,7,17,0.59
lHnb,9,2,11,0.82
lHnh,0,0,0,
lHnl,1,5,6,0.17
lHnm,8,1,9,0.89
lHnn,11,5,16,0.69
lHns,3,0,3,1.0
lHsB,4,2,6,0.67
lHsD,1,0,1,1.0
lHsH,1,5,6,0.17
lHsI,1,1,2,0.5
lHsK,1,0,1,1.0
lHsL,2,0,2,1.0
lHsM,5,4,9,0.56
lHsN,4,3,7,0.57
lHsP,4,4,8,0.5
lHsS,5,7,12,0.42
lHsb,5,1,6,0.83
lHsh,0,1,1,0.0
lHsl,2,2,4,0.5
lHsm,6,1,7,0.86
lHsn,4,7,11,0.36
lHss,4,3,7,0.57
lHst,1,0,1,1.0
lHtB,0,1,1,0.0
lHtH,0,1,1,0.0
lHtK,0,0,0,
lHtM,0,0,0,
lHtN,0,1,1,0.0
lHtS,1,0,1,1.0
lHtb,2,0,2,1.0
lHtl,1,0,1,1.0
lHtm,4,3,7,0.57
lHtn,0,1,1,0.0
lHts,1,1,2,0.5
lHtt,1,0,1,1.0
lIBB,1,0,1,1.0
lIBK,1,0,1,1.0
lIBL,0,1,1,0.0
lIBS,2,1,3,0.67
lIBn,2,1,3,0.67
lIBs,0,2,2,0.0
lIDB,0,1,1,0.0
lIDH,2,0,2,1.0
lIDP,1,0,1,1.0
lIDb,0,1,1,0.0
lIDs,1,0,1,1.0
lIHL,0,1,1,0.0
lIHN,2,0,2,1.0
lIHP,2,1,3,0.67
lIHS,2,0,2,1.0
lIHb,0,2,2,0.0
lIHl,0,1,1,0.0
lIHm,0,0,0,
lIHn,0,2,2,0.0
lIHs,0,1,1,0.0
lIIM,0,0,0,
lIIb,1,0,1,1.0
lIIm,1,0,1,1.0
lIIn,0,0,0,
lILB,0,1,1,0.0
lILM,0,1,1,0.0
lILN,0,1,1,0.0
lILP,2,0,2,1.0
lILj,1,0,1,1.0
lILl,0,1,1,0.0
lILm,0,2,2,0.0
lILn,0,1,1,0.0
lIMB,0,1,1,0.0
lIMD,0,1,1,0.0
lIML,0,1,1,0.0
lIMM,1,4,5,0.2
lIMN,0,3,3,0.0
lIMP,1,2,3,0.33
lIMS,0,1,1,0.0
lIMb,0,0,0,
lIMh,1,1,2,0.5
lIMl,0,2,2,0.0
lIMm,2,3,5,0.4
lIMn,1,3,4,0.25
lIMs,0,1,1,0.0
lIMt,0,1,1,0.0
lINB,1,3,4,0.25
lINK,0,0,0,
lINL,1,0,1,1.0
lINM,1,1,2,0.5
lINN,0,2,2,0.0
lINP,1,1,2,0.5
lINS,1,0,1,1.0
lINb,0,0,0,
lINh,0,1,1,0.0
lINl,1,0,1,1.0
lINm,1,0,1,1.0
lINn,1,2,3,0.33
lINs,1,2,3,0.33
lINt,1,1,2,0.5
lIPB,1,0,1,1.0
lIPD,0,2,2,0.0
lIPH,0,1,1,0.0
lIPI,0,1,1,0.0
lIPL,1,0,1,1.0
lIPM,1,1,2,0.5
lIPN,1,1,2,0.5
lIPP,2,2,4,0.5
lIPS,1,2,3,0.33
lIPb,2,0,2,1.0
lIPh,0,1,1,0.0
lIPl,0,1,1,0.0
lIPm,2,1,3,0.67
lIPn,0,1,1,0.0
lIPs,1,0,1,1.0
lISB,3,1,4,0.75
lISM,0,1,1,0.0
lISP,3,2,5,0.6
lISS,0,0,0,
lISb,0,0,0,
lISh,0,1,1,0.0
lISl,2,1,3,0.67
lISm,0,1,1,0.0
lISs,0,3,3,0.0
lISt,3,0,3,1.0
lIbB,1,1,2,0.5
lIbH,1,0,1,1.0
lIbJ,1,0,1,1.0
lIbK,0,0,0,
lIbN,2,1,3,0.67
lIbP,2,2,4,0.5
lIbS,1,0,1,1.0
lIbb,1,3,4,0.25
lIbn,0,1,1,0.0
lIhS,0,1,1,0.0
lIlB,1,1,2,0.5
lIlH,0,0,0,
lIlM,0,1,1,0.0
lIlN,1,0,1,1.0
lIlP,0,3,3,0.0
lIlS,0,1,1,0.0
lIlb,1,0,1,1.0
lIlm,1,0,1,1.0
lIln,1,0,1,1.0
lImB,2,0,2,1.0
lImH,1,1,2,0.5
lImL,0,2,2,0.0
lImM,0,2,2,0.0
lImN,1,4,5,0.2
lImS,0,1,1,0.0
lImb,2,1,3,0.67
lImm,2,0,2,1.0
lImn,1,0,1,1.0
lInB,0,0,0,
lInM,1,0,1,1.0
lInN,1,0,1,1.0
lInP,3,2,5,0.6
lInl,0,1,1,0.0
lInm,1,1,2,0.5
lIsB,2,0,2,1.0
lIsL,1,0,1,1.0
lIsN,0,1,1,0.0
lIsP,2,2,4,0.5
lIsS,0,0,0,
lIsb,1,1,2,0.5
lIsn,0,0,0,
lIss,2,1,3,0.67
lIts,0,0,0,
lJBB,1,4,5,0.2
lJBD,0,1,1,0.0
lJBH,0,1,1,0.0
lJBL,3,1,4,0.75
lJBM,4,4,8,0.5
lJBN,1,3,4,0.25
lJBP,2,3,5,0.4
lJBS,4,2,6,0.67
lJBb,1,3,4,0.25
lJBm,4,3,7,0.57
lJBn,2,2,4,0.5
lJBs,0,1,1,0.0
lJBt,0,1,1,0.0
lJDB,0,1,1,0.0
lJDH,2,0,2,1.0
lJDI,0,2,2,0.0
lJDK,1,0,1,1.0
lJDM,2,1,3,0.67
lJDN,0,2,2,0.0
lJDP,0,2,2,0.0
lJDS,1,1,2,0.5
lJDl,1,0,1,1.0
lJDm,1,0,1,1.0
lJHB,2,2,4,0.5
lJHH,1,0,1,1.0
lJHL,1,0,1,1.0
lJHM,1,4,5,0.2
lJHN,1,2,3,0.33
lJHP,2,3,5,0.4
lJHb,0,4,4,0.0
lJHh,0,1,1,0.0
lJHl,1,0,1,1.0
lJHm,3,2,5,0.6
lJHn,1,1,2,0.5
lJHt,1,0,1,1.0
lJIH,1,0,1,1.0
lJIM,0,1,1,0.0
lJIP,0,0,0,
lJIS,0,1,1,0.0
lJIb,0,1,1,0.0
lJIm,1,0,1,1.0
lJIn,1,0,1,1.0
lJKI,1,0,1,1.0
lJKM,1,0,1,1.0
lJKP,0,1,1,0.0
lJKb,0,2,2,0.0
lJKh,0,1,1,0.0
lJLB,1,1,2,0.5
lJLL,0,1,1,0.0
lJLM,2,2,4,0.5
lJLN,2,1,3,0.67
lJLP,3,1,4,0.75
lJLS,3,1,4,0.75
lJLb,1,0,1,1.0
lJLh,2,0,2,1.0
lJLl,1,1,2,0.5
lJLm,1,0,1,1.0
lJLn,1,1,2,0.5
lJLs,0,2,2,0.0
lJMB,3,2,5,0.6
lJMD,0,2,2,0.0
lJMK,1,0,1,1.0
lJML,2,1,3,0.67
lJMM,4,7,11,0.36
lJMN,2,4,6,0.33
lJMP,2,6,8,0.25
lJMS,1,3,4,0.25
lJMb,2,5,7,0.29
lJMh,2,1,3,0.67
lJMj,0,1,1,0.0
lJMl,1,0,1,1.0
lJMm,5,5,10,0.5
lJMn,8,4,12,0.67
lJMs,4,0,4,1.0
lJMt,0,1,1,0.0
lJNB,2,1,3,0.67
lJND,1,0,1,1.0
lJNH,0,1,1,0.0
lJNI,0,1,1,0.0
lJNK,0,1,1,0.0
lJNL,0,1,1,0.0
lJNM,2,5,7,0.29
lJNN,5,3,8,0.62
lJNP,1,4,5,0.2
lJNS,3,2,5,0.6
lJNb,3,0,3,1.0
lJNh,2,1,3,0.67
lJNl,0,2,2,0.0
lJNm,2,4,6,0.33
lJNn,3,1,4,0.75
lJNs,2,1,3,0.67
lJNt,1,0,1,1.0
lJPB,3,2,5,0.6
lJPD,0,0,0,
lJPH,0,1,1,0.0
lJPI,0,1,1,0.0
lJPK,1,3,4,0.25
lJPL,0,5,5,0.0
lJPM,3,4,7,0.43
lJPN,6,5,11,0.55
lJPP,7,7,14,0.5
lJPS,4,1,5,0.8
lJPb,6,4,10,0.6
lJPl,1,2,3,0.33
lJPm,6,6,12,0.5
lJPn,3,4,7,0.43
lJPs,4,7,11,0.36
lJPt,0,0,0,
lJSB,2,2,4,0.5
lJSD,1,0,1,1.0
lJSH,2,1,3,0.67
lJSI,1,0,1,1.0
lJSL,2,1,3,0.67
lJSM,3,3,6,0.5
lJSN,1,0,1,1.0
lJSP,4,2,6,0.67
lJSS,1,1,2,0.5
lJSb,2,2,4,0.5
lJSh,1,0,1,1.0
lJSl,0,1,1,0.0
lJSm,5,1,6,0.83
lJSn,4,3,7,0.57
lJSs,2,3,5,0.4
lJSt,1,2,3,0.33
lJbB,0,4,4,0.0
lJbD,1,0,1,1.0
lJbH,0,2,2,0.0
lJbI,1,0,1,1.0
lJbL,1,1,2,0.5
lJbM,5,3,8,0.62
lJbN,5,1,6,0.83
lJbP,4,2,6,0.67
lJbS,1,2,3,0.33
lJbb,7,4,11,0.64
lJbl,2,1,3,0.67
lJbm,1,2,3,0.33
lJbn,2,3,5,0.4
lJbs,1,0,1,1.0
lJhB,0,1,1,0.0
lJhI,0,1,1,0.0
lJhM,0,0,0,
lJhb,1,0,1,1.0
lJhh,0,1,1,0.0
lJhl,0,1,1,0.0
lJhn,0,1,1,0.0
lJlB,1,2,3,0.33
lJlH,0,1,1,0.0
lJlL,0,0,0,
lJlM,1,4,5,0.2
lJlN,0,2,2,0.0
lJlP,1,0,1,1.0
lJlS,2,1,3,0.67
lJlb,1,0,1,1.0
lJll,1,0,1,1.0
lJlm,1,3,4,0.25
lJln,2,1,3,0.67
lJls,0,1,1,0.0
lJmB,3,3,6,0.5
lJmD,1,1,2,0.5
lJmH,4,1,5,0.8
lJmJ,0,1,1,0.0
lJmM,2,6,8,0.25
lJmN,3,2,5,0.6
lJmP,2,7,9,0.22
lJmS,0,5,5,0.0
lJmb,5,3,8,0.62
lJml,2,1,3,0.67
lJmm,5,1,6,0.83
lJmn,3,1,4,0.75
lJms,3,1,4,0.75
lJnB,2,1,3,0.67
lJnD,0,2,2,0.0
lJnH,1,1,2,0.5
lJnL,2,3,5,0.4
lJnM,2,7,9,0.22
lJnN,2,2,4,0.5
lJnP,4,4,8,0.5
lJnS,1,2,3,0.33
lJnb,2,0,2,1.0
lJnm,2,1,3,0.67
lJnn,1,4,5,0.2
lJns,1,2,3,0.33
lJsB,3,3,6,0.5
lJsD,0,0,0,
lJsH,0,0,0,
lJsM,3,2,5,0.6
lJsN,1,2,3,0.33
lJsP,5,3,8,0.62
lJsS,0,2,2,0.0
lJsb,2,1,3,0.67
lJsh,0,1,1,0.0
lJsl,1,2,3,0.33
lJsm,3,1,4,0.75
lJsn,2,3,5,0.4
lJss,1,2,3,0.33
lJtB,1,0,1,1.0
lJtH,1,0,1,1.0
lJtK,0,1,1,0.0
lJtN,2,1,3,0.67
lJtP,0,1,1,0.0
lJtS,1,0,1,1.0
lJtb,0,1,1,0.0
lJtl,2,0,2,1.0
lJtm,0,1,1,0.0
lJts,0,1,1,0.0
lKBB,1,0,1,1.0
lKBK,0,1,1,0.0
lKBL,1,1,2,0.5
lKBN,0,2,2,0.0
lKBP,3,1,4,0.75
lKBb,0,0,0,
lKBj,0,0,0,
lKBm,1,0,1,1.0
lKBn,1,1,2,0.5
lKBs,0,1,1,0.0
lKDH,0,0,0,
lKDM,0,1,1,0.0
lKDb,0,1,1,0.0
lKDl,1,0,1,1.0
lKHN,0,1,1,0.0
lKIH,0,1,1,0.0
lKIm,1,0,1,1.0
lKKM,0,1,1,0.0
lKLS,0,1,1,0.0
lKLb,1,0,1,1.0
lKLj,0,1,1,0.0
lKML,0,1,1,0.0
lKMP,1,0,1,1.0
lKMb,1,0,1,1.0
lKMl,0,0,0,
lKMm,0,1,1,0.0
lKMn,0,1,1,0.0
lKNM,1,1,2,0.5
lKNN,0,1,1,0.0
lKNP,1,0,1,1.0
lKNb,0,0,0,
lKNm,0,1,1,0.0
lKNn,1,1,2,0.5
lKNt,0,1,1,0.0
lKPB,1,1,2,0.5
lKPH,0,0,0,
lKPL,1,0,1,1.0
lKPM,1,4,5,0.2
lKPN,0,0,0,
lKPS,1,2,3,0.33
lKPh,1,0,1,1.0
lKPl,1,0,1,1.0
lKPm,0,1,1,0.0
lKPn,1,0,1,1.0
lKPs,0,1,1,0.0
lKSB,0,1,1,0.0
lKSH,1,0,1,1.0
lKSM,1,1,2,0.5
lKSP,1,1,2,0.5
lKSb,1,0,1,1.0
lKSh,0,1,1,0.0
lKbS,1,1,2,0.5
lKbb,2,2,4,0.5
lKbm,0,2,2,0.0
lKbn,0,1,1,0.0
lKbs,0,1,1,0.0
lKhB,2,0,2,1.0
lKhD,0,0,0,
lKhL,1,0,1,1.0
lKhM,1,2,3,0.33
lKhN,0,0,0,
lKhP,0,1,1,0.0
lKhS,1,2,3,0.33
lKhb,0,1,1,0.0
lKhm,1,1,2,0.5
lKhn,1,0,1,1.0
lKht,1,0,1,1.0
lKlH,0,0,0,
lKlb,1,0,1,1.0
lKlm,0,1,1,0.0
lKmH,1,0,1,1.0
lKmL,1,0,1,1.0
lKmM,0,0,0,
lKmN,0,4,4,0.0
lKmP,1,0,1,1.0
lKmS,1,1,2,0.5
lKmb,3,1,4,0.75
lKml,1,0,1,1.0
lKmm,0,0,0,
lKmn,0,1,1,0.0
lKnM,3,2,5,0.6
lKnN,0,0,0,
lKnP,1,1,2,0.5
lKnS,0,2,2,0.0
lKnm,0,0,0,
lKnn,0,1,1,0.0
lKsB,1,0,1,1.0
lKsH,1,0,1,1.0
lKsL,1,0,1,1.0
lKsM,0,0,0,
lKsN,0,1,1,0.0
lKsS,0,1,1,0.0
lKsb,1,0,1,1.0
lKsm,0,1,1,0.0
lKsn,0,1,1,0.0
lKss,0,1,1,0.0
lLBB,5,8,13,0.38
lLBD,1,0,1,1.0
lLBK,1,0,1,1.0
lLBL,1,0,1,1.0
lLBM,0,3,3,0.0
lLBN,3,4,7,0.43
lLBP,6,6,12,0.5
lLBS,1,1,2,0.5
lLBb,4,4,8,0.5
lLBj,1,2,3,0.33
lLBl,1,0,1,1.0
lLBm,2,7,9,0.22
lLBn,4,5,9,0.44
lLBs,6,2,8,0.75
lLBt,1,1,2,0.5
lLDH,1,1,2,0.5
lLDP,0,1,1,0.0
lLDS,1,0,1,1.0
lLDm,1,0,1,1.0
lLDn,0,1,1,0.0
lLDs,2,0,2,1.0
lLHM,0,1,1,0.0
lLHN,0,1,1,0.0
lLHS,0,0,0,
lLKB,1,0,1,1.0
lLKH,0,1,1,0.0
lLKL,1,1,2,0.5
lLKN,0,1,1,0.0
lLKP,1,1,2,0.5
lLKn,0,1,1,0.0
lLLB,3,3,6,0.5
lLLL,0,1,1,0.0
lLLM,2,2,4,0.5
lLLN,3,1,4,0.75
lLLP,3,0,3,1.0
lLLS,1,1,2,0.5
lLLb,1,1,2,0.5
lLLh,0,1,1,0.0
lLLm,6,1,7,0.86
lLLn,5,1,6,0.83
lLLs,3,3,6,0.5
lLMB,5,5,10,0.5
lLMD,1,0,1,1.0
lLMK,1,0,1,1.0
lLML,3,0,3,1.0
lLMM,1,4,5,0.2
lLMN,2,4,6,0.33
lLMP,5,1,6,0.83
lLMS,2,0,2,1.0
lLMb,5,3,8,0.62
lLMh,2,1,3,0.67
lLMj,1,0,1,1.0
lLMl,2,2,4,0.5
lLMm,4,5,9,0.44
lLMn,5,5,10,0.5
lLMs,5,3,8,0.62
lLNB,0,1,1,0.0
lLND,0,1,1,0.0
lLNH,0,1,1,0.0
lLNK,0,1,1,0.0
lLNL,1,2,3,0.33
lLNM,0,7,7,0.0
lLNN,5,5,10,0.5
lLNP,6,7,13,0.46
lLNS,3,5,8,0.38
lLNb,2,4,6,0.33
lLNl,4,2,6,0.67
lLNm,6,4,10,0.6
lLNn,4,2,6,0.67
lLNs,1,2,3,0.33
lLNt,1,1,2,0.5
lLPB,5,6,11,0.45
lLPD,2,1,3,0.67
lLPH,2,1,3,0.67
lLPI,0,1,1,0.0
lLPK,1,0,1,1.0
lLPL,1,2,3,0.33
lLPM,7,4,11,0.64
lLPN,9,6,15,0.6
lLPP,12,5,17,0.71
lLPS,4,2,6,0.67
lLPb,6,6,12,0.5
lLPh,1,0,1,1.0
lLPl,2,4,6,0.33
lLPm,9,3,12,0.75
lLPn,6,3,9,0.67
lLPs,4,4,8,0.5
lLPt,0,2,2,0.0
lLSB,1,4,5,0.2
lLSH,3,1,4,0.75
lLSI,1,0,1,1.0
lLSL,1,0,1,1.0
lLSM,0,3,3,0.0
lLSN,3,5,8,0.38
lLSP,5,4,9,0.56
lLSS,6,4,10,0.6
lLSb,1,0,1,1.0
lLSh,2,2,4,0.5
lLSl,2,3,5,0.4
lLSm,0,5,5,0.0
lLSn,5,2,7,0.71
lLSs,1,5,6,0.17
lLSt,0,2,2,0.0
lLbB,3,0,3,1.0
lLbD,0,2,2,0.0
lLbH,2,2,4,0.5
lLbJ,2,1,3,0.67
lLbK,2,1,3,0.67
lLbM,3,3,6,0.5
lLbN,4,4,8,0.5
lLbP,6,4,10,0.6
lLbS,0,0,0,
lLbb,3,4,7,0.43
lLbl,0,0,0,
lLbm,7,3,10,0.7
lLbn,4,4,8,0.5
lLbs,0,2,2,0.0
lLhB,0,2,2,0.0
lLhD,1,0,1,1.0
lLhH,0,0,0,
lLhL,0,1,1,0.0
lLhM,0,2,2,0.0
lLhN,1,0,1,1.0
lLhP,3,3,6,0.5
lLhS,2,1,3,0.67
lLhb,2,1,3,0.67
lLhh,2,3,5,0.4
lLhm,2,0,2,1.0
lLhn,2,1,3,0.67
lLhs,0,1,1,0.0
lLht,2,0,2,1.0
lLjB,1,1,2,0.5
lLjK,1,0,1,1.0
lLjL,2,0,2,1.0
lLjM,1,1,2,0.5
lLjN,1,1,2,0.5
lLjP,0,1,1,0.0
lLjS,1,3,4,0.25
lLjb,1,2,3,0.33
lLjl,0,1,1,0.0
lLjm,0,0,0,
lLjn,0,2,2,0.0
lLlB,2,0,2,1.0
lLlH,1,2,3,0.33
lLlJ,2,1,3,0.67
lLlK,0,1,1,0.0
lLlL,1,2,3,0.33
lLlM,3,1,4,0.75
lLlN,6,2,8,0.75
lLlP,3,4,7,0.43
lLlS,1,3,4,0.25
lLlb,1,2,3,0.33
lLll,0,3,3,0.0
lLlm,1,1,2,0.5
lLln,2,4,6,0.33
lLls,1,2,3,0.33
lLmB,0,8,8,0.0
lLmD,1,1,2,0.5
lLmH,4,3,7,0.57
lLmI,1,0,1,1.0
lLmJ,3,1,4,0.75
lLmL,1,2,3,0.33
lLmM,2,4,6,0.33
lLmN,7,6,13,0.54
lLmP,9,8,17,0.53
lLmS,2,0,2,1.0
lLmb,4,2,6,0.67
lLml,2,2,4,0.5
lLmm,3,5,8,0.38
lLmn,5,0,5,1.0
lLms,2,2,4,0.5
lLnB,2,5,7,0.29
lLnD,2,2,4,0.5
lLnH,4,4,8,0.5
lLnI,1,0,1,1.0
lLnK,0,3,3,0.0
lLnL,3,7,10,0.3
lLnM,3,7,10,0.3
lLnN,6,4,10,0.6
lLnP,8,7,15,0.53
lLnS,5,5,10,0.5
lLnb,9,2,11,0.82
lLnh,0,1,1,0.0
lLnl,7,3,10,0.7
lLnm,5,5,10,0.5
lLnn,6,5,11,0.55
lLns,3,7,10,0.3
lLsB,0,1,1,0.0
lLsD,1,0,1,1.0
lLsH,1,3,4,0.25
lLsI,1,1,2,0.5
lLsL,1,2,3,0.33
lLsM,1,6,7,0.14
lLsN,3,0,3,1.0
lLsP,2,2,4,0.5
lLsS,3,0,3,1.0
lLsb,2,0,2,1.0
lLsm,4,3,7,0.57
lLsn,1,2,3,0.33
lLss,5,4,9,0.56
lLtD,1,1,2,0.5
lLtH,1,1,2,0.5
lLtM,2,2,4,0.5
lLtN,0,0,0,
lLtP,0,2,2,0.0
lLtS,1,1,2,0.5
lLtl,2,1,3,0.67
lLtm,0,1,1,0.0
lLts,1,0,1,1.0
lMBB,9,9,18,0.5
lMBD,1,2,3,0.33
lMBK,0,0,0,
lMBL,1,3,4,0.25
lMBM,4,11,15,0.27
lMBN,11,6,17,0.65
lMBP,10,13,23,0.43
lMBS,3,6,9,0.33
lMBb,13,8,21,0.62
lMBh,2,0,2,1.0
lMBj,3,3,6,0.5
lMBl,4,2,6,0.67
lMBm,11,11,22,0.5
lMBn,13,13,26,0.5
lMBs,1,4,5,0.2
lMBt,0,2,2,0.0
lMDB,3,0,3,1.0
lMDD,1,1,2,0.5
lMDH,3,2,5,0.6
lMDL,1,2,3,0.33
lMDM,3,3,6,0.5
lMDN,0,4,4,0.0
lMDP,4,3,7,0.57
lMDS,3,1,4,0.75
lMDb,0,3,3,0.0
lMDl,1,2,3,0.33
lMDm,3,1,4,0.75
lMDn,2,2,4,0.5
lMDs,1,1,2,0.5
lMDt,0,0,0,
lMHB,1,0,1,1.0
lMHS,1,0,1,1.0
lMHb,0,1,1,0.0
lMHs,1,0,1,1.0
lMIS,1,0,1,1.0
lMKB,1,0,1,1.0
lMKD,1,0,1,1.0
lMKI,1,0,1,1.0
lMKP,0,1,1,0.0
lMKS,0,1,1,0.0
lMKs,1,0,1,1.0
lMLB,2,1,3,0.67
lMLK,1,0,1,1.0
lMLL,1,1,2,0.5
lMLM,6,4,10,0.6
lMLN,5,1,6,0.83
lMLP,3,8,11,0.27
lMLS,1,1,2,0.5
lMLb,1,3,4,0.25
lMLh,1,3,4,0.25
lMLj,2,0,2,1.0
lMLl,2,2,4,0.5
lMLm,8,5,13,0.62
lMLn,7,3,10,0.7
lMLs,2,3,5,0.4
lMLt,1,0,1,1.0
lMMB,8,7,15,0.53
lMMD,2,5,7,0.29
lMMK,1,0,1,1.0
lMML,0,1,1,0.0
lMMM,9,8,17,0.53
lMMN,8,8,16,0.5
lMMP,12,12,24,0.5
lMMS,6,7,13,0.46
lMMb,3,13,16,0.19
lMMh,11,9,20,0.55
lMMj,0,3,3,0.0
lMMl,1,0,1,1.0
lMMm,20,9,29,0.69
lMMn,19,19,38,0.5
lMMs,9,7,16,0.56
lMMt,0,4,4,0.0
lMNB,8,7,15,0.53
lMND,2,1,3,0.67
lMNH,5,1,6,0.83
lMNK,2,4,6,0.33
lMNL,4,3,7,0.57
lMNM,10,11,21,0.48
lMNN,9,12,21,0.43
lMNP,22,18,40,0.55
lMNS,4,3,7,0.57
lMNb,7,9,16,0.44
lMNh,3,0,3,1.0
lMNl,6,1,7,0.86
lMNm,10,9,19,0.53
lMNn,9,15,24,0.38
lMNs,11,9,20,0.55
lMNt,3,0,3,1.0
lMPB,11,6,17,0.65
lMPD,2,0,2,1.0
lMPH,6,1,7,0.86
lMPI,1,2,3,0.33
lMPK,2,2,4,0.5
lMPL,9,4,13,0.69
lMPM,9,16,25,0.36
lMPN,14,23,37,0.38
lMPP,23,21,44,0.52
lMPS,10,7,17,0.59
lMPb,19,11,30,0.63
lMPh,1,5,6,0.17
lMPl,3,5,8,0.38
lMPm,15,16,31,0.48
lMPn,19,9,28,0.68
lMPs,10,12,22,0.45
lMPt,1,3,4,0.25
lMSB,11,5,16,0.69
lMSD,3,1,4,0.75
lMSH,4,5,9,0.44
lMSK,1,0,1,1.0
lMSL,1,1,2,0.5
lMSM,4,7,11,0.36
lMSN,8,10,18,0.44
lMSP,11,12,23,0.48
lMSS,11,10,21,0.52
lMSb,6,3,9,0.67
lMSh,4,2,6,0.67
lMSl,5,4,9,0.56
lMSm,11,5,16,0.69
lMSn,8,13,21,0.38
lMSs,10,4,14,0.71
lMSt,2,2,4,0.5
lMbB,10,7,17,0.59
lMbH,4,2,6,0.67
lMbI,0,2,2,0.0
lMbJ,2,4,6,0.33
lMbL,8,2,10,0.8
lMbM,14,10,24,0.58
lMbN,15,13,28,0.54
lMbP,12,9,21,0.57
lMbS,5,3,8,0.62
lMbb,5,3,8,0.62
lMbl,4,5,9,0.44
lMbm,7,6,13,0.54
lMbn,10,4,14,0.71
lMbs,1,5,6,0.17
lMhB,4,7,11,0.36
lMhD,0,4,4,0.0
lMhH,1,3,4,0.25
lMhI,0,0,0,
lMhL,1,1,2,0.5
lMhM,8,12,20,0.4
lMhN,6,6,12,0.5
lMhP,8,11,19,0.42
lMhS,6,8,14,0.43
lMhb,10,7,17,0.59
lMhh,11,6,17,0.65
lMhl,2,4,6,0.33
lMhm,13,7,20,0.65
lMhn,2,7,9,0.22
lMhs,11,13,24,0.46
lMjB,2,1,3,0.67
lMjD,1,0,1,1.0
lMjM,3,2,5,0.6
lMjN,1,3,4,0.25
lMjP,2,2,4,0.5
lMjS,1,2,3,0.33
lMjb,1,1,2,0.5
lMjl,1,0,1,1.0
lMjm,4,1,5,0.8
lMjn,3,2,5,0.6
lMjs,1,1,2,0.5
lMlB,8,5,13,0.62
lMlD,0,1,1,0.0
lMlH,1,1,2,0.5
lMlI,0,1,1,0.0
lMlJ,0,0,0,
lMlK,0,1,1,0.0
lMlL,1,0,1,1.0
lMlM,2,8,10,0.2
lMlN,5,5,10,0.5
lMlP,4,3,7,0.57
lMlS,6,5,11,0.55
lMlb,2,2,4,0.5
lMll,2,1,3,0.67
lMlm,4,1,5,0.8
lMln,2,1,3,0.67
lMls,2,2,4,0.5
lMmB,8,14,22,0.36
lMmD,4,4,8,0.5
lMmH,8,8,16,0.5
lMmI,1,2,3,0.33
lMmJ,3,2,5,0.6
lMmK,1,0,1,1.0
lMmL,1,7,8,0.12
lMmM,12,18,30,0.4
lMmN,15,19,34,0.44
lMmP,12,16,28,0.43
lMmS,9,11,20,0.45
lMmb,14,17,31,0.45
lMmh,1,1,2,0.5
lMml,5,3,8,0.62
lMmm,17,13,30,0.57
lMmn,15,19,34,0.44
lMms,5,7,12,0.42
lMnB,11,16,27,0.41
lMnD,4,4,8,0.5
lMnH,9,5,14,0.64
lMnI,4,4,8,0.5
lMnK,0,1,1,0.0
lMnL,4,1,5,0.8
lMnM,9,18,27,0.33
lMnN,17,19,36,0.47
lMnP,19,21,40,0.48
lMnS,10,12,22,0.45
lMnb,7,5,12,0.58
lMnh,1,2,3,0.33
lMnl,5,1,6,0.83
lMnm,22,15,37,0.59
lMnn,29,11,40,0.72
lMns,11,6,17,0.65
lMsB,6,5,11,0.55
lMsD,3,5,8,0.38
lMsH,4,5,9,0.44
lMsI,0,1,1,0.0
lMsK,0,1,1,0.0
lMsL,2,5,7,0.29
lMsM,9,9,18,0.5
lMsN,10,4,14,0.71
lMsP,17,13,30,0.57
lMsS,7,17,24,0.29
lMsb,6,2,8,0.75
lMsh,0,1,1,0.0
lMsl,3,0,3,1.0
lMsm,10,6,16,0.62
lMsn,7,11,18,0.39
lMss,6,5,11,0.55
lMtB,1,1,2,0.5
lMtH,2,2,4,0.5
lMtM,0,1,1,0.0
lMtN,0,0,0,
lMtP,2,3,5,0.4
lMtS,0,1,1,0.0
lMtb,2,0,2,1.0
lMtl,0,0,0,
lMtm,1,1,2,0.5
lMtn,0,1,1,0.0
lMts,1,1,2,0.5
lNBB,4,7,11,0.36
lNBD,2,0,2,1.0
lNBK,0,0,0,
lNBL,2,1,3,0.67
lNBM,3,14,17,0.18
lNBN,10,12,22,0.45
lNBP,9,12,21,0.43
lNBS,2,5,7,0.29
lNBb,8,8,16,0.5
lNBh,1,1,2,0.5
lNBj,1,4,5,0.2
lNBl,1,2,3,0.33
lNBm,5,9,14,0.36
lNBn,12,9,21,0.57
lNBs,5,4,9,0.56
lNDB,2,0,2,1.0
lNDD,0,0,0,
lNDH,0,2,2,0.0
lNDL,4,0,4,1.0
lNDM,2,1,3,0.67
lNDN,4,3,7,0.57
lNDP,2,2,4,0.5
lNDS,1,6,7,0.14
lNDb,0,3,3,0.0
lNDl,1,0,1,1.0
lNDm,5,4,9,0.56
lNDn,0,3,3,0.0
lNDs,3,1,4,0.75
lNHB,3,1,4,0.75
lNHH,1,0,1,1.0
lNHK,1,0,1,1.0
lNHM,2,0,2,1.0
lNHN,2,4,6,0.33
lNHP,4,4,8,0.5
lNHS,1,3,4,0.25
lNHb,0,1,1,0.0
lNHl,0,1,1,0.0
lNHm,5,1,6,0.83
lNHn,2,4,6,0.33
lNHs,2,0,2,1.0
lNIM,1,0,1,1.0
lNIP,0,0,0,
lNIm,1,0,1,1.0
lNIs,1,0,1,1.0
lNKB,1,0,1,1.0
lNKL,1,0,1,1.0
lNKM,1,4,5,0.2
lNKN,2,1,3,0.67
lNKP,1,0,1,1.0
lNKS,0,1,1,0.0
lNKb,1,2,3,0.33
lNKh,2,0,2,1.0
lNKl,0,0,0,
lNKm,0,0,0,
lNKn,1,3,4,0.25
lNLB,2,6,8,0.25
lNLH,1,0,1,1.0
lNLK,0,1,1,0.0
lNLL,1,0,1,1.0
lNLM,6,4,10,0.6
lNLN,5,4,9,0.56
lNLP,6,7,13,0.46
lNLS,0,1,1,0.0
lNLb,3,5,8,0.38
lNLh,0,1,1,0.0
lNLj,1,0,1,1.0
lNLl,1,2,3,0.33
lNLm,3,6,9,0.33
lNLn,2,5,7,0.29
lNLs,6,6,12,0.5
lNLt,1,0,1,1.0
lNMB,9,11,20,0.45
lNMD,1,2,3,0.33
lNMK,0,0,0,
lNML,3,4,7,0.43
lNMM,7,10,17,0.41
lNMN,18,12,30,0.6
lNMP,8,18,26,0.31
lNMS,2,6,8,0.25
lNMb,7,10,17,0.41
lNMh,12,6,18,0.67
lNMj,2,1,3,0.67
lNMl,5,2,7,0.71
lNMm,16,16,32,0.5
lNMn,21,16,37,0.57
lNMs,8,9,17,0.47
lNMt,1,1,2,0.5
lNNB,10,11,21,0.48
lNND,2,4,6,0.33
lNNH,0,2,2,0.0
lNNI,0,1,1,0.0
lNNK,2,2,4,0.5
lNNL,4,3,7,0.57
lNNM,11,12,23,0.48
lNNN,21,25,46,0.46
lNNP,25,21,46,0.54
lNNS,9,9,18,0.5
lNNb,13,8,21,0.62
lNNh,3,9,12,0.25
lNNl,4,4,8,0.5
lNNm,15,10,25,0.6
lNNn,14,28,42,0.33
lNNs,8,5,13,0.62
lNNt,1,3,4,0.25
lNPB,15,14,29,0.52
lNPD,3,4,7,0.43
lNPH,5,6,11,0.45
lNPI,3,4,7,0.43
lNPK,2,1,3,0.67
lNPL,5,5,10,0.5
lNPM,17,16,33,0.52
lNPN,27,26,53,0.51
lNPP,22,26,48,0.46
lNPS,20,14,34,0.59
lNPb,12,9,21,0.57
lNPh,3,2,5,0.6
lNPl,12,3,15,0.8
lNPm,23,14,37,0.62
lNPn,22,12,34,0.65
lNPs,15,16,31,0.48
lNPt,1,0,1,1.0
lNSB,10,7,17,0.59
lNSD,0,2,2,0.0
lNSH,3,11,14,0.21
lNSI,0,0,0,
lNSL,3,3,6,0.5
lNSM,12,6,18,0.67
lNSN,5,10,15,0.33
lNSP,11,8,19,0.58
lNSS,10,18,28,0.36
lNSb,5,5,10,0.5
lNSh,1,2,3,0.33
lNSl,2,1,3,0.67
lNSm,15,7,22,0.68
lNSn,11,9,20,0.55
lNSs,14,7,21,0.67
lNSt,0,1,1,0.0
lNbB,13,10,23,0.57
lNbD,3,0,3,1.0
lNbH,3,3,6,0.5
lNbI,1,4,5,0.2
lNbJ,1,3,4,0.25
lNbK,0,1,1,0.0
lNbL,3,3,6,0.5
lNbM,13,12,25,0.52
lNbN,13,17,30,0.43
lNbP,12,9,21,0.57
lNbS,7,6,13,0.54
lNbb,15,8,23,0.65
lNbl,3,3,6,0.5
lNbm,16,6,22,0.73
lNbn,18,8,26,0.69
lNbs,3,5,8,0.38
lNhB,3,1,4,0.75
lNhD,2,0,2,1.0
lNhH,1,1,2,0.5
lNhI,0,3,3,0.0
lNhL,0,3,3,0.0
lNhM,3,3,6,0.5
lNhN,3,3,6,0.5
lNhP,3,6,9,0.33
lNhS,2,2,4,0.5
lNhb,7,2,9,0.78
lNhh,4,1,5,0.8
lNhl,3,1,4,0.75
lNhm,2,6,8,0.25
lNhn,2,3,5,0.4
lNhs,3,3,6,0.5
lNlB,8,8,16,0.5
lNlD,0,1,1,0.0
lNlH,2,6,8,0.25
lNlJ,5,2,7,0.71
lNlM,4,6,10,0.4
lNlN,6,2,8,0.75
lNlP,6,3,9,0.67
lNlS,3,3,6,0.5
lNlb,3,1,4,0.75
lNll,2,0,2,1.0
lNlm,6,4,10,0.6
lNln,4,1,5,0.8
lNls,1,2,3,0.33
lNmB,7,14,21,0.33
lNmD,2,4,6,0.33
lNmH,7,15,22,0.32
lNmI,1,1,2,0.5
lNmJ,3,3,6,0.5
lNmK,1,0,1,1.0
lNmL,5,7,12,0.42
lNmM,12,23,35,0.34
lNmN,14,14,28,0.5
lNmP,20,11,31,0.65
lNmS,7,6,13,0.54
lNmb,12,13,25,0.48
lNml,0,6,6,0.0
lNmm,13,10,23,0.57
lNmn,12,11,23,0.52
lNms,5,8,13,0.38
lNnB,12,14,26,0.46
lNnD,2,2,4,0.5
lNnH,10,9,19,0.53
lNnI,2,2,4,0.5
lNnK,2,0,2,1.0
lNnL,3,3,6,0.5
lNnM,16,10,26,0.62
lNnN,22,22,44,0.5
lNnP,19,31,50,0.38
lNnS,7,8,15,0.47
lNnb,13,15,28,0.46
lNnh,1,0,1,1.0
lNnl,3,0,3,1.0
lNnm,15,11,26,0.58
lNnn,15,18,33,0.45
lNns,16,6,22,0.73
lNsB,4,7,11,0.36
lNsD,3,0,3,1.0
lNsH,11,6,17,0.65
lNsI,3,2,5,0.6
lNsL,3,3,6,0.5
lNsM,9,8,17,0.53
lNsN,10,10,20,0.5
lNsP,10,15,25,0.4
lNsS,7,8,15,0.47
lNsb,7,7,14,0.5
lNsh,1,1,2,0.5
lNsl,2,1,3,0.67
lNsm,11,8,19,0.58
lNsn,9,10,19,0.47
lNss,8,11,19,0.42
lNtB,1,2,3,0.33
lNtH,1,0,1,1.0
lNtL,4,1,5,0.8
lNtM,3,0,3,1.0
lNtN,0,0,0,
lNtP,1,2,3,0.33
lNtS,1,0,1,1.0
lNtb,2,2,4,0.5
lNth,0,1,1,0.0
lNtl,1,0,1,1.0
lNtm,2,0,2,1.0
lNtn,0,3,3,0.0
lNts,0,3,3,0.0
lPBB,11,9,20,0.55
lPBD,7,0,7,1.0
lPBK,7,2,9,0.78
lPBL,10,9,19,0.53
lPBM,7,11,18,0.39
lPBN,13,11,24,0.54
lPBP,9,18,27,0.33
lPBS,8,8,16,0.5
lPBb,12,4,16,0.75
lPBh,2,2,4,0.5
lPBj,0,3,3,0.0
lPBl,3,5,8,0.38
lPBm,18,16,34,0.53
lPBn,13,10,23,0.57
lPBs,6,7,13,0.46
lPBt,1,1,2,0.5
lPDB,1,4,5,0.2
lPDD,0,0,0,
lPDH,1,1,2,0.5
lPDL,2,0,2,1.0
lPDM,1,2,3,0.33
lPDN,3,2,5,0.6
lPDP,1,2,3,0.33
lPDS,2,1,3,0.67
lPDb,1,2,3,0.33
lPDh,0,0,0,
lPDm,4,0,4,1.0
lPDn,2,3,5,0.4
lPDs,1,1,2,0.5
lPDt,1,0,1,1.0
lPHB,2,1,3,0.67
lPHD,2,0,2,1.0
lPHH,0,1,1,0.0
lPHI,1,1,2,0.5
lPHL,2,2,4,0.5
lPHM,6,7,13,0.46
lPHN,8,5,13,0.62
lPHP,6,4,10,0.6
lPHS,3,4,7,0.43
lPHb,4,1,5,0.8
lPHl,2,0,2,1.0
lPHm,5,1,6,0.83
lPHn,6,5,11,0.55
lPHs,4,3,7,0.57
lPHt,1,0,1,1.0
lPIB,0,1,1,0.0
lPID,0,1,1,0.0
lPIH,1,1,2,0.5
lPII,0,1,1,0.0
lPIL,3,0,3,1.0
lPIM,2,2,4,0.5
lPIN,3,1,4,0.75
lPIP,4,0,4,1.0
lPIS,2,0,2,1.0
lPIb,1,2,3,0.33
lPIl,1,2,3,0.33
lPIm,0,2,2,0.0
lPIs,1,1,2,0.5
lPKB,1,1,2,0.5
lPKD,1,0,1,1.0
lPKL,1,0,1,1.0
lPKM,3,5,8,0.38
lPKN,1,1,2,0.5
lPKP,0,3,3,0.0
lPKS,1,1,2,0.5
lPKb,1,1,2,0.5
lPKh,2,1,3,0.67
lPKl,2,1,3,0.67
lPKm,2,2,4,0.5
lPKn,0,2,2,0.0
lPKs,1,1,2,0.5
lPKt,1,0,1,1.0
lPLB,2,4,6,0.33
lPLD,1,1,2,0.5
lPLK,1,0,1,1.0
lPLL,1,4,5,0.2
lPLM,4,3,7,0.57
lPLN,5,5,10,0.5
lPLP,8,5,13,0.62
lPLS,4,3,7,0.57
lPLb,4,6,10,0.4
lPLh,2,9,11,0.18
lPLl,3,2,5,0.6
lPLm,10,3,13,0.77
lPLn,6,11,17,0.35
lPLs,2,4,6,0.33
lPLt,1,2,3,0.33
lPMB,18,10,28,0.64
lPMD,0,2,2,0.0
lPMK,0,1,1,0.0
lPML,7,5,12,0.58
lPMM,11,17,28,0.39
lPMN,12,14,26,0.46
lPMP,12,10,22,0.55
lPMS,9,6,15,0.6
lPMb,11,12,23,0.48
lPMh,16,13,29,0.55
lPMj,1,2,3,0.33
lPMl,7,4,11,0.64
lPMm,19,15,34,0.56
lPMn,11,16,27,0.41
lPMs,6,9,15,0.4
lPMt,4,0,4,1.0
lPNB,20,10,30,0.67
lPND,5,2,7,0.71
lPNH,2,2,4,0.5
lPNI,0,1,1,0.0
lPNK,1,0,1,1.0
lPNL,5,10,15,0.33
lPNM,7,20,27,0.26
lPNN,11,12,23,0.48
lPNP,18,22,40,0.45
lPNS,10,11,21,0.48
lPNb,10,11,21,0.48
lPNh,2,6,8,0.25
lPNl,6,2,8,0.75
lPNm,20,11,31,0.65
lPNn,25,15,40,0.62
lPNs,9,10,19,0.47
lPNt,2,2,4,0.5
lPPB,16,15,31,0.52
lPPD,3,4,7,0.43
lPPH,3,5,8,0.38
lPPI,4,0,4,1.0
lPPK,3,1,4,0.75
lPPL,5,8,13,0.38
lPPM,15,21,36,0.42
lPPN,19,16,35,0.54
lPPP,29,27,56,0.52
lPPS,12,10,22,0.55
lPPb,12,14,26,0.46
lPPh,1,6,7,0.14
lPPl,11,6,17,0.65
lPPm,21,20,41,0.51
lPPn,18,16,34,0.53
lPPs,11,7,18,0.61
lPPt,2,1,3,0.67
lPSB,6,4,10,0.6
lPSD,4,0,4,1.0
lPSH,4,4,8,0.5
lPSL,6,3,9,0.67
lPSM,4,10,14,0.29
lPSN,4,10,14,0.29
lPSP,11,9,20,0.55
lPSS,6,4,10,0.6
lPSb,4,8,12,0.33
lPSh,1,4,5,0.2
lPSl,2,1,3,0.67
lPSm,10,9,19,0.53
lPSn,8,2,10,0.8
lPSs,10,5,15,0.67
lPSt,1,3,4,0.25
lPbB,6,10,16,0.38
lPbD,1,1,2,0.5
lPbH,5,5,10,0.5
lPbI,0,1,1,0.0
lPbJ,1,3,4,0.25
lPbK,1,1,2,0.5
lPbL,4,6,10,0.4
lPbM,15,13,28,0.54
lPbN,9,13,22,0.41
lPbP,21,11,32,0.66
lPbS,5,4,9,0.56
lPbb,12,5,17,0.71
lPbl,6,2,8,0.75
lPbm,14,4,18,0.78
lPbn,15,8,23,0.65
lPbs,8,4,12,0.67
lPhB,0,2,2,0.0
lPhD,0,0,0,
lPhH,0,0,0,
lPhI,0,0,0,
lPhM,6,1,7,0.86
lPhN,0,1,1,0.0
lPhP,1,2,3,0.33
lPhS,1,2,3,0.33
lPhb,1,0,1,1.0
lPhl,0,1,1,0.0
lPhm,1,0,1,1.0
lPhs,2,0,2,1.0
lPht,1,0,1,1.0
lPlB,2,7,9,0.22
lPlD,1,0,1,1.0
lPlH,1,5,6,0.17
lPlJ,0,0,0,
lPlK,0,1,1,0.0
lPlL,3,2,5,0.6
lPlM,5,4,9,0.56
lPlN,1,6,7,0.14
lPlP,8,10,18,0.44
lPlS,5,4,9,0.56
lPlb,6,7,13,0.46
lPll,2,3,5,0.4
lPlm,6,2,8,0.75
lPln,0,2,2,0.0
lPls,3,1,4,0.75
lPmB,13,12,25,0.52
lPmD,0,2,2,0.0
lPmH,3,13,16,0.19
lPmI,3,0,3,1.0
lPmJ,3,2,5,0.6
lPmL,4,5,9,0.44
lPmM,18,23,41,0.44
lPmN,18,11,29,0.62
lPmP,15,14,29,0.52
lPmS,6,8,14,0.43
lPmb,11,9,20,0.55
lPml,3,8,11,0.27
lPmm,8,11,19,0.42
lPmn,14,9,23,0.61
lPms,2,2,4,0.5
lPnB,10,3,13,0.77
lPnD,1,0,1,1.0
lPnH,5,6,11,0.45
lPnI,3,5,8,0.38
lPnK,4,0,4,1.0
lPnL,2,1,3,0.67
lPnM,6,18,24,0.25
lPnN,13,15,28,0.46
lPnP,14,14,28,0.5
lPnS,7,10,17,0.41
lPnb,7,8,15,0.47
lPnh,0,1,1,0.0
lPnl,5,6,11,0.45
lPnm,9,8,17,0.53
lPnn,9,12,21,0.43
lPns,5,8,13,0.38
lPsB,9,3,12,0.75
lPsD,1,1,2,0.5
lPsH,9,7,16,0.56
lPsI,1,1,2,0.5
lPsL,1,2,3,0.33
lPsM,12,8,20,0.6
lPsN,8,17,25,0.32
lPsP,5,8,13,0.38
lPsS,9,10,19,0.47
lPsb,5,5,10,0.5
lPsh,0,1,1,0.0
lPsl,4,5,9,0.44
lPsm,8,7,15,0.53
lPsn,4,7,11,0.36
lPss,8,5,13,0.62
lPtB,1,0,1,1.0
lPtH,1,3,4,0.25
lPtL,1,0,1,1.0
lPtM,0,5,5,0.0
lPtN,2,2,4,0.5
lPtS,3,2,5,0.6
lPtb,2,2,4,0.5
lPtm,0,2,2,0.0
lPtn,1,3,4,0.25
lPts,1,0,1,1.0
lSBB,4,7,11,0.36
lSBD,0,0,0,
lSBL,3,5,8,0.38
lSBM,3,8,11,0.27
lSBN,8,4,12,0.67
lSBP,4,6,10,0.4
lSBS,3,1,4,0.75
lSBb,8,1,9,0.89
lSBh,4,1,5,0.8
lSBj,1,2,3,0.33
lSBl,0,1,1,0.0
lSBm,3,3,6,0.5
lSBn,12,5,17,0.71
lSBs,1,5,6,0.17
lSBt,1,1,2,0.5
lSDB,1,1,2,0.5
lSDD,0,1,1,0.0
lSDH,1,1,2,0.5
lSDM,1,2,3,0.33
lSDN,4,1,5,0.8
lSDP,1,0,1,1.0
lSDS,2,3,5,0.4
lSDb,1,2,3,0.33
lSDl,0,1,1,0.0
lSDm,0,1,1,0.0
lSDn,1,1,2,0.5
lSDs,1,2,3,0.33
lSHB,2,1,3,0.67
lSHD,0,0,0,
lSHH,0,0,0,
lSHI,0,0,0,
lSHL,3,0,3,1.0
lSHM,3,3,6,0.5
lSHN,3,0,3,1.0
lSHP,5,4,9,0.56
lSHS,3,3,6,0.5
lSHb,3,2,5,0.6
lSHh,1,0,1,1.0
lSHl,1,1,2,0.5
lSHm,2,3,5,0.4
lSHn,2,4,6,0.33
lSHs,2,0,2,1.0
lSIB,0,1,1,0.0
lSIL,0,1,1,0.0
lSIM,1,0,1,1.0
lSIS,0,1,1,0.0
lSIm,1,0,1,1.0
lSKM,1,0,1,1.0
lSKh,0,1,1,0.0
lSKl,0,1,1,0.0
lSKm,0,1,1,0.0
lSKn,1,0,1,1.0
lSLB,1,2,3,0.33
lSLD,0,1,1,0.0
lSLK,1,0,1,1.0
lSLL,0,0,0,
lSLM,2,3,5,0.4
lSLN,4,3,7,0.57
lSLP,5,5,10,0.5
lSLS,1,4,5,0.2
lSLb,2,2,4,0.5
lSLh,1,4,5,0.2
lSLj,1,0,1,1.0
lSLl,3,2,5,0.6
lSLm,8,6,14,0.57
lSLn,3,1,4,0.75
lSLs,5,1,6,0.83
lSLt,1,0,1,1.0
lSMB,10,7,17,0.59
lSMD,1,3,4,0.25
lSMK,1,1,2,0.5
lSML,4,1,5,0.8
lSMM,11,9,20,0.55
lSMN,2,11,13,0.15
lSMP,8,3,11,0.73
lSMS,5,11,16,0.31
lSMb,3,10,13,0.23
lSMh,3,6,9,0.33
lSMj,0,1,1,0.0
lSMl,2,3,5,0.4
lSMm,11,6,17,0.65
lSMn,15,13,28,0.54
lSMs,9,5,14,0.64
lSMt,1,0,1,1.0
lSNB,10,3,13,0.77
lSND,1,0,1,1.0
lSNH,5,0,5,1.0
lSNK,1,1,2,0.5
lSNL,4,2,6,0.67
lSNM,5,5,10,0.5
lSNN,8,10,18,0.44
lSNP,10,7,17,0.59
lSNS,4,11,15,0.27
lSNb,5,5,10,0.5
lSNh,2,3,5,0.4
lSNl,2,1,3,0.67
lSNm,8,4,12,0.67
lSNn,13,19,32,0.41
lSNs,8,4,12,0.67
lSNt,1,2,3,0.33
lSPB,7,12,19,0.37
lSPD,1,1,2,0.5
lSPH,0,3,3,0.0
lSPI,1,2,3,0.33
lSPK,0,2,2,0.0
lSPL,9,6,15,0.6
lSPM,5,14,19,0.26
lSPN,9,8,17,0.53
lSPP,11,18,29,0.38
lSPS,7,11,18,0.39
lSPb,7,5,12,0.58
lSPh,1,3,4,0.25
lSPl,8,2,10,0.8
lSPm,6,8,14,0.43
lSPn,6,6,12,0.5
lSPs,3,2,5,0.6
lSPt,1,2,3,0.33
lSSB,7,4,11,0.64
lSSD,1,2,3,0.33
lSSH,4,4,8,0.5
lSSL,3,2,5,0.6
lSSM,10,11,21,0.48
lSSN,4,7,11,0.36
lSSP,12,2,14,0.86
lSSS,14,12,26,0.54
lSSb,2,2,4,0.5
lSSh,3,6,9,0.33
lSSl,4,2,6,0.67
lSSm,12,7,19,0.63
lSSn,5,8,13,0.38
lSSs,13,14,27,0.48
lSSt,1,0,1,1.0
lSbB,7,3,10,0.7
lSbD,2,1,3,0.67
lSbH,4,2,6,0.67
lSbJ,5,1,6,0.83
lSbL,1,2,3,0.33
lSbM,9,5,14,0.64
lSbN,2,9,11,0.18
lSbP,8,5,13,0.62
lSbS,5,3,8,0.62
lSbb,9,10,19,0.47
lSbl,0,1,1,0.0
lSbm,3,4,7,0.43
lSbn,4,4,8,0.5
lSbs,4,3,7,0.57
lShB,4,3,7,0.57
lShH,0,1,1,0.0
lShL,1,2,3,0.33
lShM,4,2,6,0.67
lShN,2,3,5,0.4
lShP,1,4,5,0.2
lShS,4,4,8,0.5
lShb,3,3,6,0.5
lShh,6,3,9,0.67
lShl,1,3,4,0.25
lShm,3,2,5,0.6
lShn,0,5,5,0.0
lShs,3,6,9,0.33
lSht,0,1,1,0.0
lSlB,1,2,3,0.33
lSlD,1,0,1,1.0
lSlH,0,1,1,0.0
lSlJ,1,0,1,1.0
lSlK,0,0,0,
lSlL,1,0,1,1.0
lSlM,1,2,3,0.33
lSlN,3,1,4,0.75
lSlP,4,4,8,0.5
lSlS,0,5,5,0.0
lSlb,5,2,7,0.71
lSll,1,2,3,0.33
lSlm,6,3,9,0.67
lSln,3,1,4,0.75
lSls,0,3,3,0.0
lSmB,4,8,12,0.33
lSmD,2,0,2,1.0
lSmH,5,6,11,0.45
lSmI,0,3,3,0.0
lSmJ,1,4,5,0.2
lSmL,3,3,6,0.5
lSmM,8,11,19,0.42
lSmN,7,2,9,0.78
lSmP,11,13,24,0.46
lSmS,6,10,16,0.38
lSmb,10,5,15,0.67
lSml,3,4,7,0.43
lSmm,9,2,11,0.82
lSmn,9,8,17,0.53
lSms,8,5,13,0.62
lSnB,7,6,13,0.54
lSnD,3,5,8,0.38
lSnH,6,3,9,0.67
lSnI,2,2,4,0.5
lSnK,0,2,2,0.0
lSnL,0,1,1,0.0
lSnM,6,11,17,0.35
lSnN,7,5,12,0.58
lSnP,12,14,26,0.46
lSnS,3,13,16,0.19
lSnb,3,3,6,0.5
lSnl,4,3,7,0.57
lSnm,10,5,15,0.67
lSnn,8,10,18,0.44
lSns,2,4,6,0.33
lSsB,2,7,9,0.22
lSsD,1,1,2,0.5
lSsH,11,4,15,0.73
lSsK,1,1,2,0.5
lSsL,3,4,7,0.43
lSsM,5,5,10,0.5
lSsN,7,9,16,0.44
lSsP,15,13,28,0.54
lSsS,7,12,19,0.37
lSsb,7,5,12,0.58
lSsl,3,3,6,0.5
lSsm,10,11,21,0.48
lSsn,7,3,10,0.7
lSss,11,5,16,0.69
lStB,0,1,1,0.0
lStH,1,0,1,1.0
lStK,0,1,1,0.0
lStL,1,0,1,1.0
lStM,0,3,3,0.0
lStN,0,1,1,0.0
lStP,1,2,3,0.33
lStS,0,0,0,
lStb,0,1,1,0.0
lStl,1,0,1,1.0
lStm,0,1,1,0.0
lStn,2,0,2,1.0
lSts,2,0,2,1.0
lStt,1,0,1,1.0
lbBB,12,9,21,0.57
lbBD,2,0,2,1.0
lbBK,0,0,0,
lbBL,6,1,7,0.86
lbBM,14,10,24,0.58
lbBN,14,12,26,0.54
lbBP,11,12,23,0.48
lbBS,10,9,19,0.53
lbBb,8,5,13,0.62
lbBh,1,1,2,0.5
lbBj,1,2,3,0.33
lbBl,2,0,2,1.0
lbBm,10,4,14,0.71
lbBn,16,15,31,0.52
lbBs,10,3,13,0.77
lbBt,0,1,1,0.0
lbDB,0,1,1,0.0
lbDH,1,0,1,1.0
lbDL,0,0,0,
lbDM,0,1,1,0.0
lbDN,0,5,5,0.0
lbDP,2,1,3,0.67
lbDS,0,1,1,0.0
lbDb,1,2,3,0.33
lbDm,2,0,2,1.0
lbDn,1,1,2,0.5
lbDt,0,1,1,0.0
lbHB,1,4,5,0.2
lbHH,1,0,1,1.0
lbHM,2,1,3,0.67
lbHN,0,1,1,0.0
lbHP,3,5,8,0.38
lbHS,3,2,5,0.6
lbHb,3,3,6,0.5
lbHl,0,0,0,
lbHm,0,3,3,0.0
lbHn,4,1,5,0.8
lbHs,0,0,0,
lbIB,1,0,1,1.0
lbIL,1,1,2,0.5
lbIM,0,0,0,
lbIN,0,2,2,0.0
lbIP,0,0,0,
lbIb,1,0,1,1.0
lbIl,1,1,2,0.5
lbIm,3,0,3,1.0
lbJB,2,1,3,0.67
lbJD,0,1,1,0.0
lbJH,1,0,1,1.0
lbJL,1,0,1,1.0
lbJM,3,1,4,0.75
lbJN,1,3,4,0.25
lbJP,5,3,8,0.62
lbJS,0,2,2,0.0
lbJb,2,1,3,0.67
lbJh,0,1,1,0.0
lbJl,2,1,3,0.67
lbJm,1,1,2,0.5
lbJn,1,2,3,0.33
lbJs,3,0,3,1.0
lbJt,1,0,1,1.0
lbKB,1,0,1,1.0
lbKD,0,0,0,
lbKH,1,1,2,0.5
lbKM,1,1,2,0.5
lbKN,1,0,1,1.0
lbKP,1,4,5,0.2
lbKS,0,1,1,0.0
lbKb,0,4,4,0.0
lbKh,0,1,1,0.0
lbKl,1,0,1,1.0
lbKm,3,0,3,1.0
lbKn,2,0,2,1.0
lbKs,2,1,3,0.67
lbLB,3,3,6,0.5
lbLD,0,2,2,0.0
lbLK,0,1,1,0.0
lbLL,2,4,6,0.33
lbLM,6,4,10,0.6
lbLN,5,8,13,0.38
lbLP,3,7,10,0.3
lbLS,2,4,6,0.33
lbLb,4,4,8,0.5
lbLh,0,2,2,0.0
lbLl,1,1,2,0.5
lbLm,2,4,6,0.33
lbLn,8,9,17,0.47
lbLs,3,4,7,0.43
lbMB,9,8,17,0.53
lbMD,0,1,1,0.0
lbML,1,2,3,0.33
lbMM,13,6,19,0.68
lbMN,9,13,22,0.41
lbMP,8,13,21,0.38
lbMS,5,5,10,0.5
lbMb,4,6,10,0.4
lbMh,9,5,14,0.64
lbMj,1,0,1,1.0
lbMl,4,1,5,0.8
lbMm,9,6,15,0.6
lbMn,15,11,26,0.58
lbMs,6,3,9,0.67
lbMt,1,1,2,0.5
lbNB,9,10,19,0.47
lbND,0,2,2,0.0
lbNH,2,1,3,0.67
lbNI,0,1,1,0.0
lbNL,1,7,8,0.12
lbNM,8,16,24,0.33
lbNN,14,13,27,0.52
lbNP,18,23,41,0.44
lbNS,5,9,14,0.36
lbNb,11,6,17,0.65
lbNh,4,1,5,0.8
lbNl,6,1,7,0.86
lbNm,10,11,21,0.48
lbNn,16,16,32,0.5
lbNs,5,6,11,0.45
lbNt,1,4,5,0.2
lbPB,9,15,24,0.38
lbPD,4,1,5,0.8
lbPH,4,4,8,0.5
lbPI,1,1,2,0.5
lbPK,1,0,1,1.0
lbPL,6,4,10,0.6
lbPM,16,19,35,0.46
lbPN,15,16,31,0.48
lbPP,15,15,30,0.5
lbPS,9,5,14,0.64
lbPb,16,10,26,0.62
lbPh,2,4,6,0.33
lbPl,4,3,7,0.57
lbPm,12,17,29,0.41
lbPn,10,10,20,0.5
lbPs,7,6,13,0.54
lbPt,1,1,2,0.5
lbSB,2,2,4,0.5
lbSD,2,1,3,0.67
lbSH,5,2,7,0.71
lbSL,1,3,4,0.25
lbSM,1,7,8,0.12
lbSN,3,2,5,0.6
lbSP,4,9,13,0.31
lbSS,2,1,3,0.67
lbSb,4,4,8,0.5
lbSh,4,1,5,0.8
lbSl,4,1,5,0.8
lbSm,7,2,9,0.78
lbSn,1,3,4,0.25
lbSs,3,4,7,0.43
lbSt,2,1,3,0.67
lbbB,20,11,31,0.65
lbbD,1,1,2,0.5
lbbH,4,2,6,0.67
lbbI,1,0,1,1.0
lbbK,0,1,1,0.0
lbbL,6,2,8,0.75
lbbM,14,11,25,0.56
lbbN,9,17,26,0.35
lbbP,13,11,24,0.54
lbbS,7,8,15,0.47
lbbb,13,7,20,0.65
lbbl,3,2,5,0.6
lbbm,15,16,31,0.48
lbbn,18,11,29,0.62
lbbs,6,2,8,0.75
lbhB,0,0,0,
lbhm,0,1,1,0.0
lblB,1,5,6,0.17
lblD,1,1,2,0.5
lblH,1,3,4,0.25
lblJ,1,1,2,0.5
lblL,1,0,1,1.0
lblM,1,4,5,0.2
lblN,4,2,6,0.67
lblP,6,6,12,0.5
lblS,0,4,4,0.0
lblb,2,3,5,0.4
lbll,3,1,4,0.75
lblm,1,2,3,0.33
lbln,2,2,4,0.5
lbls,4,2,6,0.67
lbmB,18,6,24,0.75
lbmD,3,3,6,0.5
lbmH,4,8,12,0.33
lbmI,1,0,1,1.0
lbmJ,2,1,3,0.67
lbmL,1,4,5,0.2
lbmM,10,9,19,0.53
lbmN,7,11,18,0.39
lbmP,9,11,20,0.45
lbmS,2,5,7,0.29
lbmb,10,13,23,0.43
lbml,0,2,2,0.0
lbmm,4,6,10,0.4
lbmn,12,11,23,0.52
lbms,1,2,3,0.33
lbnB,8,10,18,0.44
lbnD,2,0,2,1.0
lbnH,2,4,6,0.33
lbnI,3,0,3,1.0
lbnK,0,1,1,0.0
lbnL,5,2,7,0.71
lbnM,11,10,21,0.52
lbnN,16,9,25,0.64
lbnP,19,19,38,0.5
lbnS,4,5,9,0.44
lbnb,16,5,21,0.76
lbnh,0,1,1,0.0
lbnl,5,3,8,0.62
lbnm,6,7,13,0.46
lbnn,13,8,21,0.62
lbns,3,6,9,0.33
lbsB,6,1,7,0.86
lbsD,1,0,1,1.0
lbsH,4,2,6,0.67
lbsL,3,0,3,1.0
lbsM,7,5,12,0.58
lbsN,4,7,11,0.36
lbsP,4,2,6,0.67
lbsS,7,7,14,0.5
lbsb,6,4,10,0.6
lbsl,2,0,2,1.0
lbsm,3,4,7,0.43
lbsn,4,2,6,0.67
lbss,2,4,6,0.33
lbtB,0,1,1,0.0
lhBb,1,0,1,1.0
lhIb,0,1,1,0.0
lhMB,0,1,1,0.0
lhMM,1,1,2,0.5
lhMP,1,0,1,1.0
lhMb,0,0,0,
lhMm,1,0,1,1.0
lhNM,1,0,1,1.0
lhPK,0,0,0,
lhPP,0,1,1,0.0
lhSM,1,1,2,0.5
lhSP,0,1,1,0.0
lhSl,0,0,0,
lhbL,1,0,1,1.0
lhhM,0,0,0,
lhhh,0,0,0,
lhlP,1,0,1,1.0
lhmS,0,0,0,
lhms,0,1,1,0.0
lhnP,0,0,0,
lhnS,1,0,1,1.0
lhss,0,0,0,
lhtN,1,0,1,1.0
lhtt,1,0,1,1.0
llBB,3,7,10,0.3
llBD,1,1,2,0.5
llBK,1,1,2,0.5
llBL,1,0,1,1.0
llBM,6,7,13,0.46
llBN,2,5,7,0.29
llBP,1,4,5,0.2
llBS,2,3,5,0.4
llBb,4,1,5,0.8
llBh,1,0,1,1.0
llBj,1,0,1,1.0
llBl,0,2,2,0.0
llBm,4,6,10,0.4
llBn,4,3,7,0.57
llBs,0,4,4,0.0
llBt,0,2,2,0.0
llDB,3,0,3,1.0
llDN,0,1,1,0.0
llDP,1,0,1,1.0
llDS,1,0,1,1.0
llDb,1,1,2,0.5
llDs,1,0,1,1.0
llHB,2,2,4,0.5
llHK,1,0,1,1.0
llHL,2,0,2,1.0
llHM,1,3,4,0.25
llHN,5,1,6,0.83
llHP,2,1,3,0.67
llHS,0,1,1,0.0
llHb,2,1,3,0.67
llHh,2,1,3,0.67
llHm,1,5,6,0.17
llHn,4,4,8,0.5
llHs,2,1,3,0.67
llIB,0,1,1,0.0
llIM,1,0,1,1.0
llIN,1,0,1,1.0
llIb,1,0,1,1.0
llJB,0,1,1,0.0
llJD,2,0,2,1.0
llJK,0,0,0,
llJM,3,1,4,0.75
llJN,1,3,4,0.25
llJP,4,2,6,0.67
llJS,1,1,2,0.5
llJm,1,1,2,0.5
llJs,1,0,1,1.0
llJt,1,0,1,1.0
llKB,0,1,1,0.0
llKM,0,1,1,0.0
llKP,2,1,3,0.67
llKb,1,0,1,1.0
llKl,0,1,1,0.0
llKn,0,0,0,
llKs,0,1,1,0.0
llLB,0,1,1,0.0
llLL,0,1,1,0.0
llLM,0,1,1,0.0
llLN,2,2,4,0.5
llLP,0,2,2,0.0
llLS,1,1,2,0.5
llLb,1,3,4,0.25
llLh,2,0,2,1.0
llLj,1,0,1,1.0
llLl,0,1,1,0.0
llLm,1,2,3,0.33
llLn,3,2,5,0.6
llLs,2,0,2,1.0
llLt,1,0,1,1.0
llMB,4,6,10,0.4
llML,0,2,2,0.0
llMM,5,3,8,0.62
llMN,2,1,3,0.67
llMP,3,4,7,0.43
llMS,7,2,9,0.78
llMb,1,1,2,0.5
llMh,1,3,4,0.25
llMj,0,0,0,
llMl,2,1,3,0.67
llMm,6,5,11,0.55
llMn,3,4,7,0.43
llMs,3,3,6,0.5
llMt,1,0,1,1.0
llNB,3,1,4,0.75
llND,1,1,2,0.5
llNH,1,0,1,1.0
llNK,1,0,1,1.0
llNL,0,1,1,0.0
llNM,5,5,10,0.5
llNN,4,4,8,0.5
llNP,5,3,8,0.62
llNS,3,3,6,0.5
llNb,4,4,8,0.5
llNh,5,1,6,0.83
llNl,0,2,2,0.0
llNm,3,5,8,0.38
llNn,4,4,8,0.5
llNs,3,3,6,0.5
llPB,5,4,9,0.56
llPD,1,1,2,0.5
llPH,1,1,2,0.5
llPI,2,0,2,1.0
llPL,3,2,5,0.6
llPM,5,5,10,0.5
llPN,6,1,7,0.86
llPP,4,5,9,0.44
llPS,1,1,2,0.5
llPb,7,7,14,0.5
llPl,1,1,2,0.5
llPm,3,6,9,0.33
llPn,4,6,10,0.4
llPs,3,0,3,1.0
llPt,0,2,2,0.0
llSB,4,1,5,0.8
llSH,0,1,1,0.0
llSL,1,2,3,0.33
llSM,4,5,9,0.44
llSN,2,2,4,0.5
llSP,2,2,4,0.5
llSS,2,3,5,0.4
llSb,0,0,0,
llSh,0,0,0,
llSl,1,2,3,0.33
llSm,1,3,4,0.25
llSn,2,0,2,1.0
llSs,2,1,3,0.67
llSt,0,1,1,0.0
llbB,2,1,3,0.67
llbH,1,0,1,1.0
llbJ,0,1,1,0.0
llbK,0,1,1,0.0
llbL,2,0,2,1.0
llbM,3,1,4,0.75
llbN,3,7,10,0.3
llbP,6,10,16,0.38
llbS,2,2,4,0.5
llbb,4,8,12,0.33
llbl,1,0,1,1.0
llbm,3,1,4,0.75
llbn,3,3,6,0.5
llbs,4,3,7,0.57
lllB,1,1,2,0.5
lllD,0,1,1,0.0
lllH,2,0,2,1.0
lllJ,0,0,0,
lllL,1,0,1,1.0
lllM,2,1,3,0.67
lllN,2,0,2,1.0
lllP,1,2,3,0.33
lllS,1,0,1,1.0
lllb,0,0,0,
lllm,1,0,1,1.0
llln,1,1,2,0.5
llls,0,1,1,0.0
llmB,3,3,6,0.5
llmD,0,1,1,0.0
llmH,0,1,1,0.0
llmM,4,7,11,0.36
llmN,5,4,9,0.56
llmP,5,5,10,0.5
llmS,3,2,5,0.6
llmb,6,4,10,0.6
llml,2,0,2,1.0
llmm,3,2,5,0.6
llmn,3,4,7,0.43
llms,2,1,3,0.67
llnB,4,2,6,0.67
llnH,2,4,6,0.33
llnI,2,0,2,1.0
llnK,1,0,1,1.0
llnL,0,1,1,0.0
llnM,9,1,10,0.9
llnN,5,5,10,0.5
llnP,0,6,6,0.0
llnS,4,1,5,0.8
llnb,3,1,4,0.75
llnl,1,1,2,0.5
llnn,3,0,3,1.0
llns,4,0,4,1.0
llsB,1,1,2,0.5
llsH,2,2,4,0.5
llsM,0,3,3,0.0
llsN,2,1,3,0.67
llsP,3,2,5,0.6
llsS,3,0,3,1.0
llsb,1,3,4,0.25
llsl,1,2,3,0.33
llsm,0,2,2,0.0
llsn,1,0,1,1.0
llss,1,1,2,0.5
lmBB,10,11,21,0.48
lmBD,2,3,5,0.4
lmBK,1,1,2,0.5
lmBL,3,2,5,0.6
lmBM,17,11,28,0.61
lmBN,14,8,22,0.64
lmBP,14,10,24,0.58
lmBS,7,3,10,0.7
lmBb,6,5,11,0.55
lmBh,1,1,2,0.5
lmBj,1,5,6,0.17
lmBl,1,2,3,0.33
lmBm,13,15,28,0.46
lmBn,19,10,29,0.66
lmBs,5,7,12,0.42
lmBt,2,2,4,0.5
lmDB,2,1,3,0.67
lmDD,0,1,1,0.0
lmDH,3,1,4,0.75
lmDI,1,0,1,1.0
lmDM,2,3,5,0.4
lmDN,1,2,3,0.33
lmDP,1,5,6,0.17
lmDS,2,1,3,0.67
lmDb,5,1,6,0.83
lmDh,0,1,1,0.0
lmDl,1,1,2,0.5
lmDm,3,6,9,0.33
lmDn,2,2,4,0.5
lmDs,3,1,4,0.75
lmDt,0,2,2,0.0
lmHB,10,4,14,0.71
lmHD,1,2,3,0.33
lmHI,0,1,1,0.0
lmHK,0,1,1,0.0
lmHL,6,2,8,0.75
lmHM,6,9,15,0.4
lmHN,11,3,14,0.79
lmHP,11,12,23,0.48
lmHS,1,5,6,0.17
lmHb,6,6,12,0.5
lmHh,4,6,10,0.4
lmHl,5,2,7,0.71
lmHm,7,10,17,0.41
lmHn,9,5,14,0.64
lmHs,6,2,8,0.75
lmIB,1,0,1,1.0
lmID,0,1,1,0.0
lmIH,2,0,2,1.0
lmIM,1,2,3,0.33
lmIN,4,1,5,0.8
lmIP,2,0,2,1.0
lmIS,1,1,2,0.5
lmIb,1,1,2,0.5
lmIm,1,1,2,0.5
lmIt,1,0,1,1.0
lmJD,1,0,1,1.0
lmJH,0,3,3,0.0
lmJL,2,1,3,0.67
lmJM,1,0,1,1.0
lmJN,4,0,4,1.0
lmJP,3,3,6,0.5
lmJS,3,0,3,1.0
lmJb,0,3,3,0.0
lmJl,0,0,0,
lmJm,1,2,3,0.33
lmJn,2,0,2,1.0
lmJs,0,2,2,0.0
lmJt,1,0,1,1.0
lmKB,0,1,1,0.0
lmKL,1,0,1,1.0
lmKM,1,0,1,1.0
lmKm,0,2,2,0.0
lmKn,0,1,1,0.0
lmLB,4,2,6,0.67
lmLD,2,0,2,1.0
lmLL,2,3,5,0.4
lmLM,5,5,10,0.5
lmLN,5,3,8,0.62
lmLP,6,6,12,0.5
lmLS,1,4,5,0.2
lmLb,3,3,6,0.5
lmLh,0,2,2,0.0
lmLj,0,1,1,0.0
lmLl,0,1,1,0.0
lmLm,3,2,5,0.6
lmLn,4,2,6,0.67
lmLs,3,3,6,0.5
lmLt,1,0,1,1.0
lmMB,7,11,18,0.39
lmMD,9,2,11,0.82
lmMH,0,1,1,0.0
lmMK,0,1,1,0.0
lmML,1,2,3,0.33
lmMM,15,11,26,0.58
lmMN,14,16,30,0.47
lmMP,16,22,38,0.42
lmMS,4,5,9,0.44
lmMb,12,5,17,0.71
lmMh,5,10,15,0.33
lmMj,1,1,2,0.5
lmMl,2,1,3,0.67
lmMm,15,14,29,0.52
lmMn,11,21,32,0.34
lmMs,8,6,14,0.57
lmMt,3,3,6,0.5
lmNB,9,9,18,0.5
lmND,0,0,0,
lmNH,3,1,4,0.75
lmNI,1,0,1,1.0
lmNK,2,3,5,0.4
lmNL,3,8,11,0.27
lmNM,13,10,23,0.57
lmNN,14,11,25,0.56
lmNP,16,17,33,0.48
lmNS,8,10,18,0.44
lmNb,13,14,27,0.48
lmNh,3,4,7,0.43
lmNl,5,3,8,0.62
lmNm,19,13,32,0.59
lmNn,19,8,27,0.7
lmNs,7,9,16,0.44
lmNt,4,1,5,0.8
lmPB,19,13,32,0.59
lmPD,2,2,4,0.5
lmPH,1,2,3,0.33
lmPK,3,1,4,0.75
lmPL,9,2,11,0.82
lmPM,15,15,30,0.5
lmPN,14,15,29,0.48
lmPP,12,24,36,0.33
lmPS,10,6,16,0.62
lmPb,14,10,24,0.58
lmPh,1,4,5,0.2
lmPl,6,3,9,0.67
lmPm,17,10,27,0.63
lmPn,19,15,34,0.56
lmPs,5,3,8,0.62
lmPt,1,3,4,0.25
lmSB,5,4,9,0.56
lmSD,2,4,6,0.33
lmSH,2,1,3,0.67
lmSL,0,3,3,0.0
lmSM,6,10,16,0.38
lmSN,0,6,6,0.0
lmSP,12,10,22,0.55
lmSS,4,4,8,0.5
lmSb,8,6,14,0.57
lmSh,1,2,3,0.33
lmSl,2,2,4,0.5
lmSm,9,8,17,0.53
lmSn,5,7,12,0.42
lmSs,5,11,16,0.31
lmSt,0,2,2,0.0
lmbB,12,17,29,0.41
lmbD,1,0,1,1.0
lmbH,1,2,3,0.33
lmbI,2,1,3,0.67
lmbJ,1,3,4,0.25
lmbL,2,4,6,0.33
lmbM,11,8,19,0.58
lmbN,11,20,31,0.35
lmbP,14,15,29,0.48
lmbS,3,8,11,0.27
lmbb,11,14,25,0.44
lmbl,1,3,4,0.25
lmbm,15,11,26,0.58
lmbn,10,8,18,0.56
lmbs,0,0,0,
lmhB,0,0,0,
lmhb,0,0,0,
lmhm,0,1,1,0.0
lmlB,3,5,8,0.38
lmlD,2,0,2,1.0
lmlH,4,1,5,0.8
lmlI,2,0,2,1.0
lmlJ,0,1,1,0.0
lmlK,0,0,0,
lmlL,0,1,1,0.0
lmlM,4,4,8,0.5
lmlN,4,8,12,0.33
lmlP,7,3,10,0.7
lmlS,2,0,2,1.0
lmlb,3,2,5,0.6
lmll,0,1,1,0.0
lmlm,1,1,2,0.5
lmln,2,4,6,0.33
lmls,1,2,3,0.33
lmlt,0,0,0,
lmmB,9,11,20,0.45
lmmD,3,0,3,1.0
lmmH,5,7,12,0.42
lmmI,2,0,2,1.0
lmmJ,3,1,4,0.75
lmmK,0,0,0,
lmmL,3,7,10,0.3
lmmM,6,8,14,0.43
lmmN,10,10,20,0.5
lmmP,11,19,30,0.37
lmmS,6,5,11,0.55
lmmb,16,10,26,0.62
lmmh,0,0,0,
lmml,8,1,9,0.89
lmmm,16,6,22,0.73
lmmn,9,9,18,0.5
lmms,5,1,6,0.83
lmnB,7,11,18,0.39
lmnD,0,2,2,0.0
lmnH,4,1,5,0.8
lmnI,0,1,1,0.0
lmnK,1,0,1,1.0
lmnL,3,5,8,0.38
lmnM,9,12,21,0.43
lmnN,16,12,28,0.57
lmnP,12,13,25,0.48
lmnS,4,8,12,0.33
lmnb,7,6,13,0.54
lmnh,0,1,1,0.0
lmnl,2,3,5,0.4
lmnm,5,5,10,0.5
lmnn,18,6,24,0.75
lmns,2,6,8,0.25
lmsB,5,6,11,0.45
lmsD,2,0,2,1.0
lmsH,3,3,6,0.5
lmsI,1,1,2,0.5
lmsL,1,2,3,0.33
lmsM,8,6,14,0.57
lmsN,5,2,7,0.71
lmsP,5,3,8,0.62
lmsS,4,2,6,0.67
lmsb,7,3,10,0.7
lmsh,0,2,2,0.0
lmsl,0,0,0,
lmsm,7,5,12,0.58
lmsn,6,2,8,0.75
lmss,1,2,3,0.33
lnBB,2,8,10,0.2
lnBD,1,0,1,1.0
lnBH,0,0,0,
lnBK,0,1,1,0.0
lnBL,3,3,6,0.5
lnBM,4,10,14,0.29
lnBN,6,8,14,0.43
lnBP,8,7,15,0.53
lnBS,1,2,3,0.33
lnBb,8,9,17,0.47
lnBh,0,0,0,
lnBj,1,2,3,0.33
lnBl,5,5,10,0.5
lnBm,15,12,27,0.56
lnBn,11,9,20,0.55
lnBs,6,4,10,0.6
lnBt,0,1,1,0.0
lnDB,0,1,1,0.0
lnDH,3,1,4,0.75
lnDI,0,1,1,0.0
lnDL,0,2,2,0.0
lnDM,6,0,6,1.0
lnDN,2,1,3,0.67
lnDP,3,1,4,0.75
lnDS,0,0,0,
lnDb,1,2,3,0.33
lnDl,1,1,2,0.5
lnDm,1,0,1,1.0
lnDn,6,2,8,0.75
lnDs,4,4,8,0.5
lnHB,4,4,8,0.5
lnHD,0,1,1,0.0
lnHH,3,0,3,1.0
lnHI,1,1,2,0.5
lnHK,1,0,1,1.0
lnHM,4,6,10,0.4
lnHN,6,7,13,0.46
lnHP,3,6,9,0.33
lnHS,5,4,9,0.56
lnHb,8,4,12,0.67
lnHh,1,2,3,0.33
lnHl,3,2,5,0.6
lnHm,6,5,11,0.55
lnHn,6,9,15,0.4
lnHs,1,3,4,0.25
lnIB,0,1,1,0.0
lnID,1,0,1,1.0
lnII,2,1,3,0.67
lnIL,0,1,1,0.0
lnIM,2,1,3,0.67
lnIN,2,1,3,0.67
lnIP,5,2,7,0.71
lnIb,1,0,1,1.0
lnIl,1,0,1,1.0
lnIm,1,2,3,0.33
lnIn,2,0,2,1.0
lnIs,1,0,1,1.0
lnKB,1,1,2,0.5
lnKH,2,0,2,1.0
lnKM,0,1,1,0.0
lnKN,2,1,3,0.67
lnKP,0,1,1,0.0
lnKS,0,1,1,0.0
lnKb,0,1,1,0.0
lnKh,0,1,1,0.0
lnKl,1,1,2,0.5
lnKm,1,0,1,1.0
lnKn,1,0,1,1.0
lnKs,1,0,1,1.0
lnLB,1,0,1,1.0
lnLD,1,2,3,0.33
lnLL,1,2,3,0.33
lnLM,5,1,6,0.83
lnLN,1,3,4,0.25
lnLP,1,2,3,0.33
lnLS,2,1,3,0.67
lnLb,2,4,6,0.33
lnLh,2,1,3,0.67
lnLj,1,2,3,0.33
lnLl,0,3,3,0.0
lnLm,4,3,7,0.57
lnLn,4,7,11,0.36
lnLs,2,3,5,0.4
lnLt,1,0,1,1.0
lnMB,3,10,13,0.23
lnMD,2,1,3,0.67
lnMK,2,0,2,1.0
lnML,6,3,9,0.67
lnMM,11,10,21,0.52
lnMN,8,8,16,0.5
lnMP,13,16,29,0.45
lnMS,4,10,14,0.29
lnMb,3,8,11,0.27
lnMh,3,12,15,0.2
lnMj,0,1,1,0.0
lnMl,1,3,4,0.25
lnMm,10,12,22,0.45
lnMn,13,18,31,0.42
lnMs,2,1,3,0.67
lnMt,1,0,1,1.0
lnNB,11,4,15,0.73
lnND,2,5,7,0.29
lnNH,2,0,2,1.0
lnNI,0,1,1,0.0
lnNK,1,2,3,0.33
lnNL,5,4,9,0.56
lnNM,7,16,23,0.3
lnNN,13,11,24,0.54
lnNP,21,11,32,0.66
lnNS,9,9,18,0.5
lnNb,4,8,12,0.33
lnNh,4,3,7,0.57
lnNl,2,3,5,0.4
lnNm,15,11,26,0.58
lnNn,17,16,33,0.52
lnNs,7,8,15,0.47
lnNt,1,5,6,0.17
lnPB,15,12,27,0.56
lnPD,0,1,1,0.0
lnPH,2,4,6,0.33
lnPI,2,2,4,0.5
lnPK,2,3,5,0.4
lnPL,5,7,12,0.42
lnPM,9,15,24,0.38
lnPN,15,10,25,0.6
lnPP,10,18,28,0.36
lnPS,10,6,16,0.62
lnPb,16,13,29,0.55
lnPh,3,3,6,0.5
lnPl,6,6,12,0.5
lnPm,20,10,30,0.67
lnPn,15,15,30,0.5
lnPs,13,8,21,0.62
lnPt,3,2,5,0.6
lnSB,2,7,9,0.22
lnSD,0,2,2,0.0
lnSH,4,4,8,0.5
lnSL,4,2,6,0.67
lnSM,5,9,14,0.36
lnSN,5,8,13,0.38
lnSP,7,10,17,0.41
lnSS,2,6,8,0.25
lnSb,6,4,10,0.6
lnSh,6,6,12,0.5
lnSl,0,6,6,0.0
lnSm,9,10,19,0.47
lnSn,9,5,14,0.64
lnSs,4,5,9,0.44
lnSt,2,0,2,1.0
lnbB,10,9,19,0.53
lnbD,1,2,3,0.33
lnbH,1,2,3,0.33
lnbJ,1,3,4,0.25
lnbK,2,1,3,0.67
lnbL,2,4,6,0.33
lnbM,11,12,23,0.48
lnbN,17,12,29,0.59
lnbP,14,15,29,0.48
lnbS,2,3,5,0.4
lnbb,11,7,18,0.61
lnbl,3,3,6,0.5
lnbm,5,8,13,0.38
lnbn,3,8,11,0.27
lnbs,1,3,4,0.25
lnhP,0,0,0,
lnhb,0,0,0,
lnhn,0,1,1,0.0
lnlB,2,2,4,0.5
lnlD,1,1,2,0.5
lnlI,0,2,2,0.0
lnlJ,1,1,2,0.5
lnlL,2,3,5,0.4
lnlM,2,4,6,0.33
lnlN,5,5,10,0.5
lnlP,2,4,6,0.33
lnlS,1,1,2,0.5
lnlb,5,3,8,0.62
lnlh,0,1,1,0.0
lnll,0,2,2,0.0
lnlm,2,3,5,0.4
lnln,2,1,3,0.67
lnls,1,0,1,1.0
lnmB,12,8,20,0.6
lnmD,6,1,7,0.86
lnmH,4,5,9,0.44
lnmJ,1,4,5,0.2
lnmK,1,0,1,1.0
lnmL,0,3,3,0.0
lnmM,5,13,18,0.28
lnmN,15,6,21,0.71
lnmP,10,11,21,0.48
lnmS,6,3,9,0.67
lnmb,7,6,13,0.54
lnml,1,1,2,0.5
lnmm,12,5,17,0.71
lnmn,9,7,16,0.56
lnms,4,5,9,0.44
lnnB,9,11,20,0.45
lnnD,2,1,3,0.67
lnnH,2,5,7,0.29
lnnI,0,1,1,0.0
lnnK,1,0,1,1.0
lnnL,2,2,4,0.5
lnnM,11,13,24,0.46
lnnN,8,9,17,0.47
lnnP,13,16,29,0.45
lnnS,4,3,7,0.57
lnnb,10,7,17,0.59
lnnl,1,4,5,0.2
lnnm,4,7,11,0.36
lnnn,12,6,18,0.67
lnns,4,10,14,0.29
lnsB,6,6,12,0.5
lnsD,0,2,2,0.0
lnsH,4,5,9,0.44
lnsI,1,1,2,0.5
lnsK,1,0,1,1.0
lnsL,3,2,5,0.6
lnsM,6,11,17,0.35
lnsN,5,6,11,0.45
lnsP,5,2,7,0.71
lnsS,2,2,4,0.5
lnsb,2,4,6,0.33
lnsh,2,1,3,0.67
lnsl,2,2,4,0.5
lnsm,5,3,8,0.62
lnsn,5,2,7,0.71
lnss,2,2,4,0.5
lntM,0,0,0,
lnts,0,1,1,0.0
lsBB,4,8,12,0.33
lsBD,0,1,1,0.0
lsBK,2,0,2,1.0
lsBL,2,4,6,0.33
lsBM,4,5,9,0.44
lsBN,3,4,7,0.43
lsBP,4,3,7,0.57
lsBS,3,1,4,0.75
lsBb,3,3,6,0.5
lsBh,1,1,2,0.5
lsBj,1,0,1,1.0
lsBl,1,1,2,0.5
lsBm,8,10,18,0.44
lsBn,3,8,11,0.27
lsBs,2,3,5,0.4
lsBt,2,0,2,1.0
lsDB,0,1,1,0.0
lsDD,1,0,1,1.0
lsDH,1,2,3,0.33
lsDL,1,0,1,1.0
lsDM,1,5,6,0.17
lsDN,4,2,6,0.67
lsDP,1,0,1,1.0
lsDS,0,1,1,0.0
lsDb,2,2,4,0.5
lsDl,1,2,3,0.33
lsDm,2,2,4,0.5
lsDs,0,0,0,
lsHB,3,4,7,0.43
lsHD,1,1,2,0.5
lsHI,1,1,2,0.5
lsHK,0,0,0,
lsHL,0,3,3,0.0
lsHM,5,6,11,0.45
lsHN,7,4,11,0.64
lsHP,5,3,8,0.62
lsHS,5,6,11,0.45
lsHb,8,2,10,0.8
lsHh,1,2,3,0.33
lsHl,2,1,3,0.67
lsHm,6,6,12,0.5
lsHn,2,7,9,0.22
lsHs,4,2,6,0.67
lsIB,0,1,1,0.0
lsIH,1,0,1,1.0
lsIL,0,0,0,
lsIP,3,4,7,0.43
lsIS,0,1,1,0.0
lsIb,2,0,2,1.0
lsIh,1,0,1,1.0
lsIl,0,2,2,0.0
lsIm,1,0,1,1.0
lsIs,0,1,1,0.0
lsKB,0,1,1,0.0
lsKS,1,0,1,1.0
lsKb,0,1,1,0.0
lsKl,1,0,1,1.0
lsKm,1,0,1,1.0
lsKn,1,0,1,1.0
lsLD,1,0,1,1.0
lsLL,1,0,1,1.0
lsLM,3,3,6,0.5
lsLN,4,4,8,0.5
lsLP,3,3,6,0.5
lsLS,3,2,5,0.6
lsLb,3,2,5,0.6
lsLj,2,1,3,0.67
lsLl,2,2,4,0.5
lsLm,8,1,9,0.89
lsLn,2,5,7,0.29
lsLs,1,1,2,0.5
lsMB,6,7,13,0.46
lsMD,1,2,3,0.33
lsMK,0,1,1,0.0
lsML,1,3,4,0.25
lsMM,6,4,10,0.6
lsMN,11,11,22,0.5
lsMP,7,5,12,0.58
lsMS,3,5,8,0.38
lsMb,9,13,22,0.41
lsMh,2,5,7,0.29
lsMj,0,1,1,0.0
lsMl,2,2,4,0.5
lsMm,8,13,21,0.38
lsMn,4,5,9,0.44
lsMs,2,10,12,0.17
lsMt,0,2,2,0.0
lsNB,4,5,9,0.44
lsNH,1,3,4,0.25
lsNK,2,1,3,0.67
lsNL,1,5,6,0.17
lsNM,6,6,12,0.5
lsNN,7,9,16,0.44
lsNP,7,7,14,0.5
lsNS,2,5,7,0.29
lsNb,8,2,10,0.8
lsNh,5,1,6,0.83
lsNl,3,3,6,0.5
lsNm,7,3,10,0.7
lsNn,2,8,10,0.2
lsNs,7,3,10,0.7
lsNt,1,1,2,0.5
lsPB,6,5,11,0.55
lsPD,2,1,3,0.67
lsPH,1,1,2,0.5
lsPI,0,1,1,0.0
lsPK,1,1,2,0.5
lsPL,4,4,8,0.5
lsPM,8,10,18,0.44
lsPN,14,6,20,0.7
lsPP,11,11,22,0.5
lsPS,5,3,8,0.62
lsPb,8,4,12,0.67
lsPh,1,0,1,1.0
lsPl,8,2,10,0.8
lsPm,6,3,9,0.67
lsPn,10,7,17,0.59
lsPs,7,11,18,0.39
lsPt,0,0,0,
lsSB,4,2,6,0.67
lsSD,2,1,3,0.67
lsSH,2,3,5,0.4
lsSI,0,1,1,0.0
lsSL,3,1,4,0.75
lsSM,7,6,13,0.54
lsSN,7,8,15,0.47
lsSP,5,9,14,0.36
lsSS,5,15,20,0.25
lsSb,4,5,9,0.44
lsSh,7,8,15,0.47
lsSl,0,2,2,0.0
lsSm,8,3,11,0.73
lsSn,4,7,11,0.36
lsSs,10,3,13,0.77
lsSt,4,1,5,0.8
lsbB,5,3,8,0.62
lsbD,1,1,2,0.5
lsbH,2,0,2,1.0
lsbI,0,1,1,0.0
lsbJ,3,0,3,1.0
lsbK,0,0,0,
lsbL,2,1,3,0.67
lsbM,7,5,12,0.58
lsbN,5,3,8,0.62
lsbP,7,5,12,0.58
lsbS,2,6,8,0.25
lsbb,6,11,17,0.35
lsbl,3,1,4,0.75
lsbm,5,3,8,0.62
lsbn,4,8,12,0.33
lsbs,5,1,6,0.83
lshB,1,1,2,0.5
lshH,1,1,2,0.5
lshN,0,1,1,0.0
lshP,0,3,3,0.0
lshh,0,1,1,0.0
lshl,0,1,1,0.0
lshm,2,1,3,0.67
lshn,0,1,1,0.0
lsht,1,0,1,1.0
lslB,1,4,5,0.2
lslD,0,2,2,0.0
lslH,1,0,1,1.0
lslJ,2,0,2,1.0
lslL,1,3,4,0.25
lslM,1,2,3,0.33
lslN,3,4,7,0.43
lslP,3,3,6,0.5
lslS,1,5,6,0.17
lslb,3,1,4,0.75
lslm,3,0,3,1.0
lsln,5,2,7,0.71
lsls,2,1,3,0.67
lsmB,9,8,17,0.53
lsmD,2,4,6,0.33
lsmH,5,6,11,0.45
lsmI,0,1,1,0.0
lsmJ,1,3,4,0.25
lsmL,6,5,11,0.55
lsmM,7,12,19,0.37
lsmN,7,11,18,0.39
lsmP,7,7,14,0.5
lsmS,9,8,17,0.53
lsmb,10,4,14,0.71
lsml,0,4,4,0.0
lsmm,4,6,10,0.4
lsmn,1,6,7,0.14
lsms,4,3,7,0.57
lsnB,4,1,5,0.8
lsnD,0,0,0,
lsnH,2,3,5,0.4
lsnI,1,0,1,1.0
lsnK,1,0,1,1.0
lsnL,0,1,1,0.0
lsnM,8,7,15,0.53
lsnN,8,5,13,0.62
lsnP,6,4,10,0.6
lsnS,4,3,7,0.57
lsnb,5,6,11,0.45
lsnl,3,3,6,0.5
lsnm,6,4,10,0.6
lsnn,2,4,6,0.33
lsns,4,0,4,1.0
lsnt,0,1,1,0.0
lssB,2,3,5,0.4
lssD,3,2,5,0.6
lssH,1,4,5,0.2
lssI,0,3,3,0.0
lssL,1,0,1,1.0
lssM,2,7,9,0.22
lssN,7,3,10,0.7
lssP,8,4,12,0.67
lssS,7,9,16,0.44
lssb,3,1,4,0.75
lssl,2,3,5,0.4
lssm,10,3,13,0.77
lssn,4,3,7,0.57
lsss,6,4,10,0.6
lsst,0,1,1,0.0
ltHB,0,1,1,0.0
ltMS,1,0,1,1.0
ltmM,1,0,1,1.0
mBBB,26,36,62,0.42
mBBD,10,6,16,0.62
mBBK,3,2,5,0.6
mBBL,5,9,14,0.36
mBBM,23,29,52,0.44
mBBN,42,43,85,0.49
mBBP,44,31,75,0.59
mBBS,17,11,28,0.61
mBBb,29,20,49,0.59
mBBh,3,5,8,0.38
mBBj,8,3,11,0.73
mBBl,8,5,13,0.62
mBBm,43,30,73,0.59
mBBn,39,32,71,0.55
mBBs,20,16,36,0.56
mBBt,5,1,6,0.83
mBDB,7,8,15,0.47
mBDD,4,6,10,0.4
mBDH,8,7,15,0.53
mBDI,2,0,2,1.0
mBDL,3,3,6,0.5
mBDM,4,10,14,0.29
mBDN,8,6,14,0.57
mBDP,9,9,18,0.5
mBDS,10,7,17,0.59
mBDb,8,6,14,0.57
mBDh,1,1,2,0.5
mBDl,2,1,3,0.67
mBDm,6,14,20,0.3
mBDn,5,7,12,0.42
mBDs,3,7,10,0.3
mBDt,2,2,4,0.5
mBHD,1,0,1,1.0
mBHL,0,1,1,0.0
mBHM,1,0,1,1.0
mBHP,1,2,3,0.33
mBHS,0,0,0,
mBHb,1,0,1,1.0
mBHh,1,0,1,1.0
mBIB,2,0,2,1.0
mBIM,1,0,1,1.0
mBKB,1,1,2,0.5
mBKD,3,0,3,1.0
mBKH,3,0,3,1.0
mBKL,3,2,5,0.6
mBKM,7,6,13,0.54
mBKN,3,3,6,0.5
mBKP,5,9,14,0.36
mBKS,0,4,4,0.0
mBKb,3,3,6,0.5
mBKh,5,5,10,0.5
mBKl,2,4,6,0.33
mBKm,9,10,19,0.47
mBKn,5,4,9,0.56
mBKs,4,6,10,0.4
mBKt,1,0,1,1.0
mBLB,7,9,16,0.44
mBLD,1,2,3,0.33
mBLK,0,1,1,0.0
mBLL,1,6,7,0.14
mBLM,10,11,21,0.48
mBLN,9,7,16,0.56
mBLP,16,13,29,0.55
mBLS,5,7,12,0.42
mBLb,12,6,18,0.67
mBLh,4,3,7,0.57
mBLj,1,1,2,0.5
mBLl,2,0,2,1.0
mBLm,11,11,22,0.5
mBLn,14,17,31,0.45
mBLs,6,3,9,0.67
mBLt,0,2,2,0.0
mBMB,25,32,57,0.44
mBMD,10,6,16,0.62
mBMH,1,0,1,1.0
mBML,9,5,14,0.64
mBMM,31,42,73,0.42
mBMN,31,37,68,0.46
mBMP,31,36,67,0.46
mBMS,10,22,32,0.31
mBMb,23,32,55,0.42
mBMh,32,30,62,0.52
mBMj,6,6,12,0.5
mBMl,11,10,21,0.52
mBMm,57,34,91,0.63
mBMn,43,37,80,0.54
mBMs,17,22,39,0.44
mBMt,0,1,1,0.0
mBNB,35,47,82,0.43
mBND,15,10,25,0.6
mBNH,4,4,8,0.5
mBNI,3,1,4,0.75
mBNK,3,2,5,0.6
mBNL,3,5,8,0.38
mBNM,25,45,70,0.36
mBNN,50,61,111,0.45
mBNP,65,53,118,0.55
mBNS,29,37,66,0.44
mBNb,35,28,63,0.56
mBNh,17,11,28,0.61
mBNl,6,9,15,0.4
mBNm,37,43,80,0.46
mBNn,78,56,134,0.58
mBNs,28,32,60,0.47
mBNt,6,3,9,0.67
mBPB,21,27,48,0.44
mBPD,12,13,25,0.48
mBPH,14,14,28,0.5
mBPI,5,2,7,0.71
mBPK,9,5,14,0.64
mBPL,13,10,23,0.57
mBPM,40,48,88,0.45
mBPN,40,50,90,0.44
mBPP,62,66,128,0.48
mBPS,34,27,61,0.56
mBPb,34,43,77,0.44
mBPh,2,8,10,0.2
mBPl,12,11,23,0.52
mBPm,50,44,94,0.53
mBPn,35,24,59,0.59
mBPs,23,31,54,0.43
mBPt,3,4,7,0.43
mBSB,19,16,35,0.54
mBSD,5,4,9,0.56
mBSH,10,12,22,0.45
mBSI,3,0,3,1.0
mBSK,0,2,2,0.0
mBSL,5,11,16,0.31
mBSM,24,33,57,0.42
mBSN,28,30,58,0.48
mBSP,29,22,51,0.57
mBSS,17,21,38,0.45
mBSb,16,15,31,0.52
mBSh,13,9,22,0.59
mBSl,7,6,13,0.54
mBSm,31,15,46,0.67
mBSn,19,22,41,0.46
mBSs,22,26,48,0.46
mBSt,3,1,4,0.75
mBbB,28,22,50,0.56
mBbD,6,8,14,0.43
mBbH,5,12,17,0.29
mBbI,3,4,7,0.43
mBbJ,3,6,9,0.33
mBbK,1,6,7,0.14
mBbL,7,3,10,0.7
mBbM,20,33,53,0.38
mBbN,30,41,71,0.42
mBbP,40,31,71,0.56
mBbS,8,24,32,0.25
mBbb,30,25,55,0.55
mBbh,0,1,1,0.0
mBbl,9,10,19,0.47
mBbm,24,23,47,0.51
mBbn,40,27,67,0.6
mBbs,11,10,21,0.52
mBhB,5,4,9,0.56
mBhD,0,0,0,
mBhH,0,1,1,0.0
mBhI,0,2,2,0.0
mBhL,2,1,3,0.67
mBhM,6,8,14,0.43
mBhN,7,5,12,0.58
mBhP,4,5,9,0.44
mBhS,2,1,3,0.67
mBhb,3,1,4,0.75
mBhh,3,3,6,0.5
mBhm,4,5,9,0.44
mBhn,6,6,12,0.5
mBhs,3,5,8,0.38
mBjB,1,8,9,0.11
mBjD,1,0,1,1.0
mBjH,3,4,7,0.43
mBjI,1,0,1,1.0
mBjK,0,1,1,0.0
mBjL,2,2,4,0.5
mBjM,7,6,13,0.54
mBjN,13,5,18,0.72
mBjP,7,6,13,0.54
mBjS,4,6,10,0.4
mBjb,6,7,13,0.46
mBjh,2,1,3,0.67
mBjl,1,3,4,0.25
mBjm,9,10,19,0.47
mBjn,6,6,12,0.5
mBjs,7,6,13,0.54
mBjt,0,0,0,
mBlB,8,8,16,0.5
mBlD,1,1,2,0.5
mBlH,3,8,11,0.27
mBlI,0,1,1,0.0
mBlJ,7,3,10,0.7
mBlK,1,0,1,1.0
mBlL,3,1,4,0.75
mBlM,7,9,16,0.44
mBlN,13,12,25,0.52
mBlP,12,6,18,0.67
mBlS,4,6,10,0.4
mBlb,7,4,11,0.64
mBlh,0,1,1,0.0
mBll,2,2,4,0.5
mBlm,14,7,21,0.67
mBln,8,10,18,0.44
mBls,5,3,8,0.62
mBmB,19,43,62,0.31
mBmD,18,9,27,0.67
mBmH,34,26,60,0.57
mBmI,3,2,5,0.6
mBmJ,8,6,14,0.57
mBmK,0,1,1,0.0
mBmL,6,5,11,0.55
mBmM,45,45,90,0.5
mBmN,48,45,93,0.52
mBmP,47,45,92,0.51
mBmS,23,27,50,0.46
mBmb,35,39,74,0.47
mBml,6,6,12,0.5
mBmm,45,45,90,0.5
mBmn,43,33,76,0.57
mBms,26,26,52,0.5
mBnB,34,32,66,0.52
mBnD,5,7,12,0.42
mBnH,25,18,43,0.58
mBnI,11,9,20,0.55
mBnK,4,7,11,0.36
mBnL,10,9,19,0.53
mBnM,52,47,99,0.53
mBnN,66,62,128,0.52
mBnP,59,62,121,0.49
mBnS,24,32,56,0.43
mBnb,34,35,69,0.49
mBnh,1,3,4,0.25
mBnl,14,8,22,0.64
mBnm,42,45,87,0.48
mBnn,56,42,98,0.57
mBns,32,23,55,0.58
mBsB,11,12,23,0.48
mBsD,6,3,9,0.67
mBsH,16,19,35,0.46
mBsI,2,2,4,0.5
mBsK,1,0,1,1.0
mBsL,4,3,7,0.57
mBsM,18,15,33,0.55
mBsN,24,33,57,0.42
mBsP,16,34,50,0.32
mBsS,23,25,48,0.48
mBsb,11,14,25,0.44
mBsl,2,7,9,0.22
mBsm,18,24,42,0.43
mBsn,30,16,46,0.65
mBss,23,22,45,0.51
mBtB,3,5,8,0.38
mBtD,1,0,1,1.0
mBtH,2,2,4,0.5
mBtL,3,1,4,0.75
mBtM,7,9,16,0.44
mBtN,4,3,7,0.57
mBtP,6,6,12,0.5
mBtS,3,3,6,0.5
mBtb,5,4,9,0.56
mBtl,1,2,3,0.33
mBtm,4,6,10,0.4
mBtn,6,2,8,0.75
mBts,4,5,9,0.44
mBtt,0,2,2,0.0
mDBB,11,10,21,0.52
mDBD,2,8,10,0.2
mDBK,5,1,6,0.83
mDBL,1,4,5,0.2
mDBM,15,16,31,0.48
mDBN,13,6,19,0.68
mDBP,10,13,23,0.43
mDBS,8,3,11,0.73
mDBb,8,7,15,0.53
mDBh,1,2,3,0.33
mDBj,1,0,1,1.0
mDBl,4,2,6,0.67
mDBm,14,10,24,0.58
mDBn,12,11,23,0.52
mDBs,3,8,11,0.27
mDBt,0,0,0,
mDDB,7,6,13,0.54
mDDD,6,3,9,0.67
mDDH,5,4,9,0.56
mDDI,1,1,2,0.5
mDDL,5,3,8,0.62
mDDM,5,8,13,0.38
mDDN,3,5,8,0.38
mDDP,6,9,15,0.4
mDDS,10,6,16,0.62
mDDb,3,5,8,0.38
mDDl,0,4,4,0.0
mDDm,10,11,21,0.48
mDDn,5,1,6,0.83
mDDs,3,8,11,0.27
mDDt,1,0,1,1.0
mDHB,6,6,12,0.5
mDHD,4,3,7,0.57
mDHH,1,3,4,0.25
mDHI,0,2,2,0.0
mDHK,1,0,1,1.0
mDHL,1,2,3,0.33
mDHM,7,13,20,0.35
mDHN,6,7,13,0.46
mDHP,8,6,14,0.57
mDHS,9,10,19,0.47
mDHb,8,2,10,0.8
mDHh,1,8,9,0.11
mDHl,3,1,4,0.75
mDHm,14,15,29,0.48
mDHn,9,8,17,0.53
mDHs,8,6,14,0.57
mDHt,3,1,4,0.75
mDIB,1,0,1,1.0
mDID,0,1,1,0.0
mDIH,1,2,3,0.33
mDIL,0,1,1,0.0
mDIM,2,1,3,0.67
mDIN,1,0,1,1.0
mDIP,1,0,1,1.0
mDIS,1,1,2,0.5
mDIb,1,0,1,1.0
mDIl,1,0,1,1.0
mDIm,1,0,1,1.0
mDIn,2,0,2,1.0
mDKB,1,0,1,1.0
mDKP,1,0,1,1.0
mDKn,0,0,0,
mDLB,1,2,3,0.33
mDLD,0,4,4,0.0
mDLL,0,3,3,0.0
mDLM,1,6,7,0.14
mDLN,1,2,3,0.33
mDLP,9,3,12,0.75
mDLS,4,0,4,1.0
mDLb,2,2,4,0.5
mDLj,0,1,1,0.0
mDLm,3,3,6,0.5
mDLn,1,4,5,0.2
mDLs,2,5,7,0.29
mDLt,3,0,3,1.0
mDMB,12,9,21,0.57
mDMD,9,3,12,0.75
mDMH,0,1,1,0.0
mDML,0,1,1,0.0
mDMM,20,19,39,0.51
mDMN,13,6,19,0.68
mDMP,13,8,21,0.62
mDMS,12,18,30,0.4
mDMb,7,15,22,0.32
mDMh,11,20,31,0.35
mDMj,0,3,3,0.0
mDMl,3,2,5,0.6
mDMm,24,23,47,0.51
mDMn,12,18,30,0.4
mDMs,12,11,23,0.52
mDMt,0,3,3,0.0
mDNB,9,11,20,0.45
mDND,5,1,6,0.83
mDNH,4,2,6,0.67
mDNK,2,1,3,0.67
mDNL,2,1,3,0.67
mDNM,8,14,22,0.36
mDNN,15,13,28,0.54
mDNP,11,18,29,0.38
mDNS,10,5,15,0.67
mDNb,6,9,15,0.4
mDNh,2,2,4,0.5
mDNl,3,5,8,0.38
mDNm,12,11,23,0.52
mDNn,11,13,24,0.46
mDNs,7,5,12,0.58
mDNt,2,1,3,0.67
mDPB,9,18,27,0.33
mDPD,7,3,10,0.7
mDPH,3,2,5,0.6
mDPI,1,0,1,1.0
mDPK,3,1,4,0.75
mDPL,3,5,8,0.38
mDPM,16,19,35,0.46
mDPN,8,7,15,0.53
mDPP,22,16,38,0.58
mDPS,10,9,19,0.53
mDPb,8,11,19,0.42
mDPh,3,1,4,0.75
mDPl,4,1,5,0.8
mDPm,14,11,25,0.56
mDPn,13,8,21,0.62
mDPs,5,4,9,0.56
mDPt,1,0,1,1.0
mDSB,5,11,16,0.31
mDSD,4,2,6,0.67
mDSH,3,4,7,0.43
mDSI,2,0,2,1.0
mDSK,1,2,3,0.33
mDSL,2,3,5,0.4
mDSM,14,8,22,0.64
mDSN,14,8,22,0.64
mDSP,12,12,24,0.5
mDSS,8,17,25,0.32
mDSb,6,10,16,0.38
mDSh,6,2,8,0.75
mDSl,5,1,6,0.83
mDSm,11,10,21,0.52
mDSn,12,6,18,0.67
mDSs,12,11,23,0.52
mDbB,7,6,13,0.54
mDbD,2,1,3,0.67
mDbH,1,1,2,0.5
mDbI,1,2,3,0.33
mDbJ,2,2,4,0.5
mDbK,1,2,3,0.33
mDbL,1,2,3,0.33
mDbM,7,12,19,0.37
mDbN,12,8,20,0.6
mDbP,9,5,14,0.64
mDbS,6,7,13,0.46
mDbb,8,5,13,0.62
mDbl,4,4,8,0.5
mDbm,15,10,25,0.6
mDbn,8,7,15,0.53
mDbs,2,0,2,1.0
mDhB,1,0,1,1.0
mDhK,0,1,1,0.0
mDhN,0,0,0,
mDhP,1,4,5,0.2
mDhS,0,2,2,0.0
mDhm,1,0,1,1.0
mDhn,0,0,0,
mDhs,0,1,1,0.0
mDlB,2,3,5,0.4
mDlH,2,2,4,0.5
mDlJ,2,0,2,1.0
mDlL,5,1,6,0.83
mDlM,0,2,2,0.0
mDlN,4,2,6,0.67
mDlP,4,3,7,0.57
mDlS,1,1,2,0.5
mDlb,3,5,8,0.38
mDll,2,1,3,0.67
mDlm,2,3,5,0.4
mDln,2,2,4,0.5
mDls,3,2,5,0.6
mDmB,10,24,34,0.29
mDmD,8,10,18,0.44
mDmH,19,11,30,0.63
mDmI,0,0,0,
mDmJ,0,1,1,0.0
mDmL,2,2,4,0.5
mDmM,15,18,33,0.45
mDmN,23,11,34,0.68
mDmP,8,10,18,0.44
mDmS,13,12,25,0.52
mDmb,12,22,34,0.35
mDmh,0,2,2,0.0
mDml,4,1,5,0.8
mDmm,28,17,45,0.62
mDmn,17,8,25,0.68
mDms,17,5,22,0.77
mDnB,4,9,13,0.31
mDnD,4,3,7,0.57
mDnH,8,6,14,0.57
mDnI,0,1,1,0.0
mDnK,0,1,1,0.0
mDnL,4,5,9,0.44
mDnM,14,7,21,0.67
mDnN,12,15,27,0.44
mDnP,14,18,32,0.44
mDnS,15,3,18,0.83
mDnb,7,7,14,0.5
mDnl,3,1,4,0.75
mDnm,10,10,20,0.5
mDnn,10,10,20,0.5
mDns,1,7,8,0.12
mDsB,3,7,10,0.3
mDsD,5,4,9,0.56
mDsH,9,2,11,0.82
mDsI,0,2,2,0.0
mDsL,0,2,2,0.0
mDsM,13,7,20,0.65
mDsN,8,13,21,0.38
mDsP,8,7,15,0.53
mDsS,9,7,16,0.56
mDsb,9,8,17,0.53
mDsh,1,0,1,1.0
mDsl,3,2,5,0.6
mDsm,9,3,12,0.75
mDsn,8,6,14,0.57
mDss,7,8,15,0.47
mDtB,1,1,2,0.5
mDtH,1,1,2,0.5
mDtL,0,0,0,
mDtM,0,2,2,0.0
mDtN,2,1,3,0.67
mDtP,2,2,4,0.5
mDtS,1,1,2,0.5
mDtb,1,1,2,0.5
mDtl,0,2,2,0.0
mDtm,3,1,4,0.75
mDtn,2,1,3,0.67
mDts,1,0,1,1.0
mDtt,2,1,3,0.67
mHBB,34,16,50,0.68
mHBD,5,3,8,0.62
mHBH,1,1,2,0.5
mHBK,2,4,6,0.33
mHBL,6,17,23,0.26
mHBM,27,32,59,0.46
mHBN,26,38,64,0.41
mHBP,37,23,60,0.62
mHBS,20,12,32,0.62
mHBb,26,11,37,0.7
mHBh,1,4,5,0.2
mHBj,2,8,10,0.2
mHBl,10,6,16,0.62
mHBm,37,30,67,0.55
mHBn,25,29,54,0.46
mHBs,18,8,26,0.69
mHBt,1,4,5,0.2
mHDB,9,5,14,0.64
mHDD,1,2,3,0.33
mHDH,7,4,11,0.64
mHDI,0,1,1,0.0
mHDL,3,2,5,0.6
mHDM,5,10,15,0.33
mHDN,4,7,11,0.36
mHDP,8,9,17,0.47
mHDS,4,12,16,0.25
mHDb,5,8,13,0.38
mHDh,1,1,2,0.5
mHDl,1,2,3,0.33
mHDm,16,7,23,0.7
mHDn,3,9,12,0.25
mHDs,1,3,4,0.25
mHHB,9,3,12,0.75
mHHD,2,3,5,0.4
mHHH,1,3,4,0.25
mHHK,2,1,3,0.67
mHHL,0,2,2,0.0
mHHM,6,8,14,0.43
mHHN,4,3,7,0.57
mHHP,7,3,10,0.7
mHHS,4,4,8,0.5
mHHb,9,7,16,0.56
mHHh,0,2,2,0.0
mHHl,1,1,2,0.5
mHHm,5,8,13,0.38
mHHn,3,8,11,0.27
mHHs,4,3,7,0.57
mHIB,0,2,2,0.0
mHID,1,0,1,1.0
mHIH,0,5,5,0.0
mHII,1,0,1,1.0
mHIM,2,6,8,0.25
mHIN,6,6,12,0.5
mHIP,3,3,6,0.5
mHIS,0,4,4,0.0
mHIb,3,2,5,0.6
mHIl,1,0,1,1.0
mHIm,9,6,15,0.6
mHIn,1,4,5,0.2
mHIs,1,1,2,0.5
mHIt,0,2,2,0.0
mHKB,4,2,6,0.67
mHKD,0,1,1,0.0
mHKI,1,0,1,1.0
mHKL,2,0,2,1.0
mHKM,0,3,3,0.0
mHKN,4,3,7,0.57
mHKP,1,2,3,0.33
mHKS,0,1,1,0.0
mHKb,1,0,1,1.0
mHKh,0,2,2,0.0
mHKl,0,1,1,0.0
mHKm,5,5,10,0.5
mHKn,1,0,1,1.0
mHKs,3,1,4,0.75
mHLB,4,7,11,0.36
mHLD,2,4,6,0.33
mHLH,1,0,1,1.0
mHLK,1,1,2,0.5
mHLL,2,2,4,0.5
mHLM,8,9,17,0.47
mHLN,5,10,15,0.33
mHLP,10,17,27,0.37
mHLS,4,5,9,0.44
mHLb,3,9,12,0.25
mHLh,2,3,5,0.4
mHLj,1,1,2,0.5
mHLl,4,3,7,0.57
mHLm,15,12,27,0.56
mHLn,10,11,21,0.48
mHLs,3,5,8,0.38
mHLt,2,0,2,1.0
mHMB,29,27,56,0.52
mHMD,4,10,14,0.29
mHMH,1,0,1,1.0
mHMK,0,0,0,
mHML,6,7,13,0.46
mHMM,26,40,66,0.39
mHMN,21,35,56,0.38
mHMP,36,36,72,0.5
mHMS,22,26,48,0.46
mHMb,22,21,43,0.51
mHMh,25,26,51,0.49
mHMj,5,4,9,0.56
mHMl,8,11,19,0.42
mHMm,53,32,85,0.62
mHMn,44,42,86,0.51
mHMs,31,18,49,0.63
mHMt,4,2,6,0.67
mHNB,19,19,38,0.5
mHND,6,7,13,0.46
mHNH,11,9,20,0.55
mHNI,1,0,1,1.0
mHNK,5,5,10,0.5
mHNL,10,10,20,0.5
mHNM,33,37,70,0.47
mHNN,32,31,63,0.51
mHNP,47,37,84,0.56
mHNS,23,20,43,0.53
mHNb,24,20,44,0.55
mHNh,5,14,19,0.26
mHNl,7,3,10,0.7
mHNm,44,18,62,0.71
mHNn,41,52,93,0.44
mHNs,31,15,46,0.67
mHNt,5,4,9,0.56
mHPB,38,30,68,0.56
mHPD,13,5,18,0.72
mHPH,9,11,20,0.45
mHPI,4,4,8,0.5
mHPK,7,4,11,0.64
mHPL,15,5,20,0.75
mHPM,38,52,90,0.42
mHPN,31,32,63,0.49
mHPP,43,48,91,0.47
mHPS,25,16,41,0.61
mHPb,32,33,65,0.49
mHPh,4,11,15,0.27
mHPl,16,14,30,0.53
mHPm,48,46,94,0.51
mHPn,48,37,85,0.56
mHPs,31,22,53,0.58
mHPt,4,7,11,0.36
mHSB,14,22,36,0.39
mHSD,6,6,12,0.5
mHSH,8,13,21,0.38
mHSI,2,1,3,0.67
mHSK,1,0,1,1.0
mHSL,5,11,16,0.31
mHSM,26,38,64,0.41
mHSN,18,20,38,0.47
mHSP,21,27,48,0.44
mHSS,25,32,57,0.44
mHSb,18,9,27,0.67
mHSh,13,16,29,0.45
mHSl,3,3,6,0.5
mHSm,19,23,42,0.45
mHSn,21,22,43,0.49
mHSs,17,14,31,0.55
mHSt,2,1,3,0.67
mHbB,15,18,33,0.45
mHbD,8,4,12,0.67
mHbH,5,10,15,0.33
mHbI,0,2,2,0.0
mHbJ,9,5,14,0.64
mHbK,2,8,10,0.2
mHbL,5,8,13,0.38
mHbM,14,25,39,0.36
mHbN,44,26,70,0.63
mHbP,31,28,59,0.53
mHbS,20,14,34,0.59
mHbb,31,30,61,0.51
mHbh,0,1,1,0.0
mHbl,3,8,11,0.27
mHbm,24,18,42,0.57
mHbn,31,23,54,0.57
mHbs,17,5,22,0.77
mHhB,6,11,17,0.35
mHhD,3,4,7,0.43
mHhH,7,2,9,0.78
mHhI,1,0,1,1.0
mHhL,6,10,16,0.38
mHhM,20,20,40,0.5
mHhN,18,14,32,0.56
mHhP,18,19,37,0.49
mHhS,15,13,28,0.54
mHhb,15,14,29,0.52
mHhh,8,15,23,0.35
mHhl,4,7,11,0.36
mHhm,28,18,46,0.61
mHhn,11,22,33,0.33
mHhs,14,6,20,0.7
mHht,3,1,4,0.75
mHlB,4,11,15,0.27
mHlD,3,2,5,0.6
mHlH,7,4,11,0.64
mHlI,2,0,2,1.0
mHlJ,2,4,6,0.33
mHlL,4,4,8,0.5
mHlM,11,10,21,0.52
mHlN,20,13,33,0.61
mHlP,13,8,21,0.62
mHlS,7,6,13,0.54
mHlb,6,5,11,0.55
mHll,0,1,1,0.0
mHlm,11,3,14,0.79
mHln,6,5,11,0.55
mHls,6,6,12,0.5
mHmB,28,38,66,0.42
mHmD,10,7,17,0.59
mHmH,26,27,53,0.49
mHmI,5,2,7,0.71
mHmJ,9,14,23,0.39
mHmK,2,2,4,0.5
mHmL,14,8,22,0.64
mHmM,45,54,99,0.45
mHmN,40,43,83,0.48
mHmP,32,36,68,0.47
mHmS,26,15,41,0.63
mHmb,33,26,59,0.56
mHmh,1,1,2,0.5
mHml,6,7,13,0.46
mHmm,48,41,89,0.54
mHmn,31,35,66,0.47
mHms,27,13,40,0.68
mHnB,27,28,55,0.49
mHnD,10,3,13,0.77
mHnH,14,7,21,0.67
mHnI,6,6,12,0.5
mHnK,5,3,8,0.62
mHnL,10,6,16,0.62
mHnM,35,37,72,0.49
mHnN,46,46,92,0.5
mHnP,48,40,88,0.55
mHnS,24,21,45,0.53
mHnb,30,27,57,0.53
mHnh,3,2,5,0.6
mHnl,2,4,6,0.33
mHnm,43,24,67,0.64
mHnn,40,29,69,0.58
mHns,33,17,50,0.66
mHnt,1,1,2,0.5
mHsB,13,16,29,0.45
mHsD,4,7,11,0.36
mHsH,22,18,40,0.55
mHsI,1,2,3,0.33
mHsK,0,1,1,0.0
mHsL,9,5,14,0.64
mHsM,22,24,46,0.48
mHsN,23,20,43,0.53
mHsP,23,28,51,0.45
mHsS,28,29,57,0.49
mHsb,10,16,26,0.38
mHsh,2,0,2,1.0
mHsl,2,3,5,0.4
mHsm,31,15,46,0.67
mHsn,29,22,51,0.57
mHss,26,18,44,0.59
mHst,0,1,1,0.0
mHtB,1,2,3,0.33
mHtH,0,2,2,0.0
mHtK,1,0,1,1.0
mHtL,2,0,2,1.0
mHtM,3,3,6,0.5
mHtN,4,2,6,0.67
mHtP,3,3,6,0.5
mHtS,1,2,3,0.33
mHtb,0,1,1,0.0
mHth,1,0,1,1.0
mHtl,0,2,2,0.0
mHtm,6,2,8,0.75
mHtn,4,1,5,0.8
mHts,1,1,2,0.5
mIBB,2,4,6,0.33
mIBK,1,1,2,0.5
mIBM,2,4,6,0.33
mIBN,3,3,6,0.5
mIBP,3,1,4,0.75
mIBS,2,1,3,0.67
mIBb,2,3,5,0.4
mIBj,2,0,2,1.0
mIBm,2,1,3,0.67
mIBn,3,3,6,0.5
mIBs,0,0,0,
mIDB,1,1,2,0.5
mIDM,1,3,4,0.25
mIDN,1,2,3,0.33
mIDP,0,1,1,0.0
mIDS,0,2,2,0.0
mIDb,0,1,1,0.0
mIDm,1,2,3,0.33
mIDn,1,0,1,1.0
mIDs,1,0,1,1.0
mIHB,1,2,3,0.33
mIHM,3,3,6,0.5
mIHN,3,1,4,0.75
mIHP,3,1,4,0.75
mIHS,0,3,3,0.0
mIHb,2,1,3,0.67
mIHh,1,3,4,0.25
mIHm,4,0,4,1.0
mIHn,4,2,6,0.67
mIHs,1,1,2,0.5
mIIH,1,0,1,1.0
mIIL,1,0,1,1.0
mIIN,1,0,1,1.0
mIIm,0,1,1,0.0
mIKB,0,1,1,0.0
mIKS,0,1,1,0.0
mIKb,1,0,1,1.0
mIKh,1,0,1,1.0
mILB,1,2,3,0.33
mILD,1,1,2,0.5
mILM,2,1,3,0.67
mILN,1,0,1,1.0
mILP,0,1,1,0.0
mILS,0,0,0,
mILl,0,1,1,0.0
mILm,1,0,1,1.0
mILn,2,1,3,0.67
mILt,0,1,1,0.0
mIMB,0,1,1,0.0
mIMD,1,0,1,1.0
mIML,0,2,2,0.0
mIMM,0,4,4,0.0
mIMN,2,2,4,0.5
mIMP,2,1,3,0.67
mIMS,1,1,2,0.5
mIMb,5,2,7,0.71
mIMh,1,2,3,0.33
mIMj,2,0,2,1.0
mIMl,1,0,1,1.0
mIMm,0,3,3,0.0
mIMn,4,6,10,0.4
mIMs,1,6,7,0.14
mIMt,1,0,1,1.0
mINB,4,3,7,0.57
mIND,1,1,2,0.5
mINH,0,1,1,0.0
mINI,0,1,1,0.0
mINL,1,0,1,1.0
mINM,4,3,7,0.57
mINN,5,7,12,0.42
mINP,3,4,7,0.43
mINS,3,3,6,0.5
mINb,2,2,4,0.5
mINh,0,2,2,0.0
mINm,7,1,8,0.88
mINn,5,5,10,0.5
mINs,5,0,5,1.0
mINt,1,1,2,0.5
mIPB,4,3,7,0.57
mIPH,0,0,0,
mIPI,2,0,2,1.0
mIPK,1,0,1,1.0
mIPL,1,1,2,0.5
mIPM,6,1,7,0.86
mIPN,5,2,7,0.71
mIPP,6,3,9,0.67
mIPS,4,1,5,0.8
mIPb,4,1,5,0.8
mIPh,1,2,3,0.33
mIPl,3,0,3,1.0
mIPm,3,1,4,0.75
mIPn,5,1,6,0.83
mIPs,1,5,6,0.17
mIPt,0,2,2,0.0
mISB,2,2,4,0.5
mISD,1,2,3,0.33
mISH,0,3,3,0.0
mISI,0,1,1,0.0
mISM,3,5,8,0.38
mISN,3,3,6,0.5
mISP,3,4,7,0.43
mISS,0,1,1,0.0
mISb,3,1,4,0.75
mISh,1,0,1,1.0
mISm,2,1,3,0.67
mISn,4,2,6,0.67
mISs,2,0,2,1.0
mISt,1,1,2,0.5
mIbB,4,2,6,0.67
mIbD,1,0,1,1.0
mIbH,0,1,1,0.0
mIbJ,1,0,1,1.0
mIbL,0,1,1,0.0
mIbM,2,4,6,0.33
mIbN,3,4,7,0.43
mIbP,5,3,8,0.62
mIbS,2,1,3,0.67
mIbb,1,4,5,0.2
mIbl,1,2,3,0.33
mIbm,4,1,5,0.8
mIbn,3,2,5,0.6
mIbs,5,1,6,0.83
mIhb,0,0,0,
mIlB,1,1,2,0.5
mIlH,1,1,2,0.5
mIlM,0,0,0,
mIlN,1,1,2,0.5
mIlP,0,2,2,0.0
mIlS,0,0,0,
mIlb,0,3,3,0.0
mIlm,1,0,1,1.0
mIln,1,0,1,1.0
mImB,4,0,4,1.0
mImD,2,0,2,1.0
mImH,0,1,1,0.0
mImI,2,0,2,1.0
mImJ,1,1,2,0.5
mImL,1,1,2,0.5
mImM,2,2,4,0.5
mImN,6,5,11,0.55
mImP,2,6,8,0.25
mImS,3,3,6,0.5
mImb,3,2,5,0.6
mImm,3,1,4,0.75
mImn,1,1,2,0.5
mIms,1,1,2,0.5
mInB,2,2,4,0.5
mInD,0,1,1,0.0
mInH,1,2,3,0.33
mInI,0,2,2,0.0
mInK,0,1,1,0.0
mInL,0,1,1,0.0
mInM,5,1,6,0.83
mInN,6,4,10,0.6
mInP,4,2,6,0.67
mInS,4,3,7,0.57
mInb,4,1,5,0.8
mInl,0,1,1,0.0
mInm,3,3,6,0.5
mInn,2,4,6,0.33
mIns,1,0,1,1.0
mIsH,0,2,2,0.0
mIsI,2,0,2,1.0
mIsL,0,1,1,0.0
mIsM,3,3,6,0.5
mIsN,1,2,3,0.33
mIsP,1,4,5,0.2
mIsS,0,1,1,0.0
mIsb,1,1,2,0.5
mIsl,0,3,3,0.0
mIsm,1,0,1,1.0
mIsn,4,2,6,0.67
mIss,1,2,3,0.33
mItB,0,1,1,0.0
mItN,0,1,1,0.0
mItn,1,0,1,1.0
mIts,1,0,1,1.0
mJBB,6,6,12,0.5
mJBD,1,2,3,0.33
mJBK,1,0,1,1.0
mJBL,1,2,3,0.33
mJBM,7,8,15,0.47
mJBN,6,8,14,0.43
mJBP,4,10,14,0.29
mJBS,3,6,9,0.33
mJBb,3,6,9,0.33
mJBj,1,3,4,0.25
mJBl,2,0,2,1.0
mJBm,4,6,10,0.4
mJBn,4,7,11,0.36
mJBs,4,5,9,0.44
mJBt,1,1,2,0.5
mJDB,1,6,7,0.14
mJDH,1,3,4,0.25
mJDM,1,2,3,0.33
mJDN,1,2,3,0.33
mJDP,1,2,3,0.33
mJDS,1,1,2,0.5
mJDb,3,2,5,0.6
mJDm,1,2,3,0.33
mJDn,1,0,1,1.0
mJDs,0,1,1,0.0
mJDt,1,0,1,1.0
mJHB,3,4,7,0.43
mJHD,0,2,2,0.0
mJHH,1,1,2,0.5
mJHL,1,0,1,1.0
mJHM,4,5,9,0.44
mJHN,2,4,6,0.33
mJHP,6,2,8,0.75
mJHS,4,4,8,0.5
mJHb,4,2,6,0.67
mJHh,2,1,3,0.67
mJHm,7,6,13,0.54
mJHn,4,2,6,0.67
mJHs,4,3,7,0.57
mJIB,1,1,2,0.5
mJID,0,1,1,0.0
mJIH,2,0,2,1.0
mJII,0,1,1,0.0
mJIL,0,1,1,0.0
mJIM,0,3,3,0.0
mJIN,2,0,2,1.0
mJIP,1,0,1,1.0
mJIb,4,1,5,0.8
mJIn,0,2,2,0.0
mJIs,0,2,2,0.0
mJKH,1,0,1,1.0
mJKM,3,0,3,1.0
mJKN,1,0,1,1.0
mJKP,2,1,3,0.67
mJKS,1,1,2,0.5
mJKb,0,0,0,
mJKm,1,1,2,0.5
mJKn,1,0,1,1.0
mJKs,2,0,2,1.0
mJLB,2,4,6,0.33
mJLD,0,1,1,0.0
mJLK,0,1,1,0.0
mJLL,1,2,3,0.33
mJLM,2,2,4,0.5
mJLN,0,4,4,0.0
mJLP,3,4,7,0.43
mJLS,3,1,4,0.75
mJLb,1,2,3,0.33
mJLh,0,2,2,0.0
mJLl,0,1,1,0.0
mJLm,5,3,8,0.62
mJLn,4,5,9,0.44
mJLs,3,1,4,0.75
mJLt,0,1,1,0.0
mJMB,3,5,8,0.38
mJMD,4,4,8,0.5
mJML,2,1,3,0.67
mJMM,4,13,17,0.24
mJMN,4,9,13,0.31
mJMP,6,10,16,0.38
mJMS,4,9,13,0.31
mJMb,5,6,11,0.45
mJMh,6,5,11,0.55
mJMj,1,0,1,1.0
mJMl,1,1,2,0.5
mJMm,18,14,32,0.56
mJMn,11,12,23,0.48
mJMs,1,6,7,0.14
mJMt,0,1,1,0.0
mJNB,9,1,10,0.9
mJND,2,2,4,0.5
mJNH,1,1,2,0.5
mJNI,0,0,0,
mJNK,1,1,2,0.5
mJNL,3,1,4,0.75
mJNM,6,8,14,0.43
mJNN,7,7,14,0.5
mJNP,5,12,17,0.29
mJNS,6,3,9,0.67
mJNb,6,11,17,0.35
mJNh,4,4,8,0.5
mJNl,2,2,4,0.5
mJNm,6,9,15,0.4
mJNn,16,8,24,0.67
mJNs,6,5,11,0.55
mJNt,2,0,2,1.0
mJPB,9,3,12,0.75
mJPD,3,3,6,0.5
mJPH,4,1,5,0.8
mJPI,1,2,3,0.33
mJPK,1,2,3,0.33
mJPL,3,5,8,0.38
mJPM,14,8,22,0.64
mJPN,7,13,20,0.35
mJPP,11,11,22,0.5
mJPS,7,5,12,0.58
mJPb,8,6,14,0.57
mJPh,3,3,6,0.5
mJPl,5,2,7,0.71
mJPm,10,5,15,0.67
mJPn,8,10,18,0.44
mJPs,10,3,13,0.77
mJPt,2,1,3,0.67
mJSB,0,7,7,0.0
mJSD,0,0,0,
mJSH,2,3,5,0.4
mJSI,1,1,2,0.5
mJSL,4,2,6,0.67
mJSM,6,6,12,0.5
mJSN,3,6,9,0.33
mJSP,3,6,9,0.33
mJSS,4,4,8,0.5
mJSb,2,4,6,0.33
mJSh,1,3,4,0.25
mJSl,0,2,2,0.0
mJSm,11,3,14,0.79
mJSn,2,4,6,0.33
mJSs,6,3,9,0.67
mJSt,1,2,3,0.33
mJbB,11,12,23,0.48
mJbD,0,0,0,
mJbH,1,2,3,0.33
mJbI,1,1,2,0.5
mJbJ,4,1,5,0.8
mJbK,1,0,1,1.0
mJbL,2,1,3,0.67
mJbM,5,5,10,0.5
mJbN,9,8,17,0.53
mJbP,7,6,13,0.54
mJbS,5,3,8,0.62
mJbb,8,7,15,0.53
mJbl,2,3,5,0.4
mJbm,8,4,12,0.67
mJbn,10,7,17,0.59
mJbs,3,3,6,0.5
mJhI,1,0,1,1.0
mJhM,1,3,4,0.25
mJhP,2,2,4,0.5
mJhm,3,2,5,0.6
mJhs,1,0,1,1.0
mJlB,3,0,3,1.0
mJlH,1,0,1,1.0
mJlI,1,0,1,1.0
mJlK,1,1,2,0.5
mJlL,0,1,1,0.0
mJlM,3,1,4,0.75
mJlN,3,5,8,0.38
mJlP,4,2,6,0.67
mJlS,0,1,1,0.0
mJlb,2,2,4,0.5
mJll,2,0,2,1.0
mJlm,3,4,7,0.43
mJln,2,2,4,0.5
mJls,0,1,1,0.0
mJmB,13,10,23,0.57
mJmD,2,1,3,0.67
mJmH,1,4,5,0.2
mJmI,0,0,0,
mJmJ,3,2,5,0.6
mJmL,2,5,7,0.29
mJmM,16,16,32,0.5
mJmN,10,13,23,0.43
mJmP,5,8,13,0.38
mJmS,7,3,10,0.7
mJmb,11,6,17,0.65
mJmh,1,0,1,1.0
mJml,4,1,5,0.8
mJmm,12,13,25,0.48
mJmn,12,5,17,0.71
mJms,4,8,12,0.33
mJnB,6,5,11,0.55
mJnD,3,2,5,0.6
mJnH,2,2,4,0.5
mJnI,1,3,4,0.25
mJnL,1,4,5,0.2
mJnM,3,6,9,0.33
mJnN,10,4,14,0.71
mJnP,12,8,20,0.6
mJnS,5,5,10,0.5
mJnb,6,4,10,0.6
mJnl,3,1,4,0.75
mJnm,5,5,10,0.5
mJnn,7,6,13,0.54
mJns,6,4,10,0.6
mJnt,0,0,0,
mJsB,3,5,8,0.38
mJsD,3,1,4,0.75
mJsH,3,1,4,0.75
mJsI,1,0,1,1.0
mJsK,1,0,1,1.0
mJsL,2,2,4,0.5
mJsM,6,10,16,0.38
mJsN,2,9,11,0.18
mJsP,5,5,10,0.5
mJsS,5,8,13,0.38
mJsb,4,4,8,0.5
mJsh,0,1,1,0.0
mJsl,1,2,3,0.33
mJsm,11,2,13,0.85
mJsn,7,6,13,0.54
mJss,3,5,8,0.38
mJst,1,0,1,1.0
mJtB,2,1,3,0.67
mJtD,1,0,1,1.0
mJtH,1,1,2,0.5
mJtL,0,1,1,0.0
mJtM,1,1,2,0.5
mJtN,3,1,4,0.75
mJtP,2,0,2,1.0
mJtb,0,1,1,0.0
mJtl,0,1,1,0.0
mJtm,1,1,2,0.5
mJtn,1,1,2,0.5
mJts,2,1,3,0.67
mKBM,0,1,1,0.0
mKBN,2,0,2,1.0
mKBP,2,0,2,1.0
mKBS,0,2,2,0.0
mKBb,1,0,1,1.0
mKBm,1,1,2,0.5
mKBn,0,1,1,0.0
mKBt,0,1,1,0.0
mKDB,1,0,1,1.0
mKDD,1,0,1,1.0
mKDN,1,0,1,1.0
mKDP,1,0,1,1.0
mKDS,0,1,1,0.0
mKDh,1,0,1,1.0
mKDs,0,2,2,0.0
mKHK,1,0,1,1.0
mKHS,1,0,1,1.0
mKHh,0,1,1,0.0
mKIB,1,0,1,1.0
mKID,0,0,0,
mKIH,0,1,1,0.0
mKIM,1,0,1,1.0
mKIP,0,1,1,0.0
mKIS,0,2,2,0.0
mKIn,1,0,1,1.0
mKIs,1,0,1,1.0
mKLB,0,1,1,0.0
mKLD,0,1,1,0.0
mKLM,1,0,1,1.0
mKLh,0,1,1,0.0
mKLl,0,1,1,0.0
mKLs,0,1,1,0.0
mKMB,0,1,1,0.0
mKMM,2,2,4,0.5
mKMN,4,0,4,1.0
mKMP,0,2,2,0.0
mKMS,3,1,4,0.75
mKMh,0,1,1,0.0
mKMj,1,0,1,1.0
mKMl,0,0,0,
mKMm,1,1,2,0.5
mKMn,1,1,2,0.5
mKMs,0,1,1,0.0
mKMt,1,0,1,1.0
mKNB,1,0,1,1.0
mKND,0,0,0,
mKNI,0,1,1,0.0
mKNL,0,1,1,0.0
mKNM,0,4,4,0.0
mKNN,2,0,2,1.0
mKNP,1,2,3,0.33
mKNS,0,1,1,0.0
mKNm,0,1,1,0.0
mKNn,0,0,0,
mKNs,1,0,1,1.0
mKNt,0,0,0,
mKPB,0,3,3,0.0
mKPD,1,0,1,1.0
mKPH,0,1,1,0.0
mKPK,0,1,1,0.0
mKPL,1,1,2,0.5
mKPM,1,2,3,0.33
mKPP,0,1,1,0.0
mKPS,0,2,2,0.0
mKPb,2,1,3,0.67
mKPh,1,0,1,1.0
mKPm,1,1,2,0.5
mKPs,0,1,1,0.0
mKSB,0,1,1,0.0
mKSD,0,0,0,
mKSH,0,0,0,
mKSM,0,3,3,0.0
mKSN,0,1,1,0.0
mKSP,0,0,0,
mKSS,0,0,0,
mKSb,0,0,0,
mKSl,1,0,1,1.0
mKSm,1,1,2,0.5
mKSn,1,0,1,1.0
mKSs,0,0,0,
mKbB,0,1,1,0.0
mKbD,0,2,2,0.0
mKbJ,0,2,2,0.0
mKbK,1,0,1,1.0
mKbM,0,3,3,0.0
mKbN,1,0,1,1.0
mKbP,2,1,3,0.67
mKbS,0,1,1,0.0
mKbb,0,2,2,0.0
mKbm,1,0,1,1.0
mKbn,0,3,3,0.0
mKbs,0,1,1,0.0
mKhB,2,0,2,1.0
mKhI,1,0,1,1.0
mKhM,0,2,2,0.0
mKhP,0,1,1,0.0
mKhb,1,1,2,0.5
mKhl,1,1,2,0.5
mKhm,1,0,1,1.0
mKhn,1,1,2,0.5
mKhs,0,0,0,
mKlJ,0,1,1,0.0
mKlL,1,0,1,1.0
mKlN,2,1,3,0.67
mKlS,0,0,0,
mKlb,0,1,1,0.0
mKmB,3,0,3,1.0
mKmD,0,0,0,
mKmH,1,0,1,1.0
mKmL,0,0,0,
mKmM,1,1,2,0.5
mKmN,1,0,1,1.0
mKmP,1,1,2,0.5
mKmS,0,2,2,0.0
mKmb,0,1,1,0.0
mKmh,0,0,0,
mKml,1,1,2,0.5
mKmm,3,3,6,0.5
mKmn,8,1,9,0.89
mKms,0,1,1,0.0
mKnB,0,1,1,0.0
mKnH,1,0,1,1.0
mKnM,1,2,3,0.33
mKnP,0,1,1,0.0
mKnS,0,1,1,0.0
mKnb,0,0,0,
mKnl,0,2,2,0.0
mKnm,0,1,1,0.0
mKnn,0,1,1,0.0
mKsB,0,0,0,
mKsH,1,1,2,0.5
mKsM,0,2,2,0.0
mKsN,0,1,1,0.0
mKsP,1,1,2,0.5
mKsS,0,1,1,0.0
mKsm,1,1,2,0.5
mKsn,0,1,1,0.0
mKtB,1,0,1,1.0
mKtS,0,1,1,0.0
mKtm,1,0,1,1.0
mLBB,16,9,25,0.64
mLBD,1,3,4,0.25
mLBH,0,1,1,0.0
mLBK,0,2,2,0.0
mLBL,3,5,8,0.38
mLBM,10,7,17,0.59
mLBN,10,8,18,0.56
mLBP,11,12,23,0.48
mLBS,1,9,10,0.1
mLBb,7,6,13,0.54
mLBh,2,1,3,0.67
mLBj,2,4,6,0.33
mLBl,4,4,8,0.5
mLBm,14,12,26,0.54
mLBn,10,6,16,0.62
mLBs,6,4,10,0.6
mLBt,2,1,3,0.67
mLDB,2,2,4,0.5
mLDD,3,0,3,1.0
mLDH,2,4,6,0.33
mLDL,0,2,2,0.0
mLDM,0,1,1,0.0
mLDN,2,2,4,0.5
mLDP,4,3,7,0.57
mLDS,3,4,7,0.43
mLDb,1,2,3,0.33
mLDl,0,1,1,0.0
mLDm,0,4,4,0.0
mLDn,4,4,8,0.5
mLDs,1,2,3,0.33
mLDt,0,1,1,0.0
mLHL,0,1,1,0.0
mLHS,0,0,0,
mLHn,0,1,1,0.0
mLHs,0,0,0,
mLIM,1,0,1,1.0
mLKB,1,0,1,1.0
mLKD,1,0,1,1.0
mLKM,0,0,0,
mLKN,1,1,2,0.5
mLKP,0,1,1,0.0
mLKS,0,1,1,0.0
mLKb,1,0,1,1.0
mLKh,0,1,1,0.0
mLKm,2,3,5,0.4
mLKn,1,2,3,0.33
mLLB,3,2,5,0.6
mLLD,1,0,1,1.0
mLLL,0,1,1,0.0
mLLM,3,2,5,0.6
mLLN,3,1,4,0.75
mLLP,5,3,8,0.62
mLLS,1,2,3,0.33
mLLb,1,4,5,0.2
mLLh,2,1,3,0.67
mLLj,0,2,2,0.0
mLLl,2,0,2,1.0
mLLm,11,5,16,0.69
mLLn,5,3,8,0.62
mLLs,1,1,2,0.5
mLLt,1,0,1,1.0
mLMB,16,9,25,0.64
mLMD,2,2,4,0.5
mLML,4,4,8,0.5
mLMM,8,11,19,0.42
mLMN,11,12,23,0.48
mLMP,16,10,26,0.62
mLMS,6,5,11,0.55
mLMb,9,13,22,0.41
mLMh,9,9,18,0.5
mLMj,2,3,5,0.4
mLMl,2,2,4,0.5
mLMm,18,11,29,0.62
mLMn,18,23,41,0.44
mLMs,10,10,20,0.5
mLMt,1,2,3,0.33
mLNB,11,14,25,0.44
mLND,0,4,4,0.0
mLNH,2,2,4,0.5
mLNK,2,0,2,1.0
mLNL,2,2,4,0.5
mLNM,8,15,23,0.35
mLNN,12,16,28,0.43
mLNP,19,16,35,0.54
mLNS,9,7,16,0.56
mLNb,15,11,26,0.58
mLNh,1,11,12,0.08
mLNl,3,3,6,0.5
mLNm,14,7,21,0.67
mLNn,13,13,26,0.5
mLNs,13,7,20,0.65
mLNt,1,2,3,0.33
mLPB,11,6,17,0.65
mLPD,1,1,2,0.5
mLPH,0,4,4,0.0
mLPI,1,0,1,1.0
mLPK,4,2,6,0.67
mLPL,11,2,13,0.85
mLPM,7,16,23,0.3
mLPN,14,17,31,0.45
mLPP,25,22,47,0.53
mLPS,9,9,18,0.5
mLPb,10,18,28,0.36
mLPh,2,3,5,0.4
mLPl,5,5,10,0.5
mLPm,19,10,29,0.66
mLPn,14,8,22,0.64
mLPs,19,3,22,0.86
mLPt,2,0,2,1.0
mLSB,3,4,7,0.43
mLSD,7,4,11,0.64
mLSH,5,1,6,0.83
mLSI,1,0,1,1.0
mLSL,2,4,6,0.33
mLSM,7,6,13,0.54
mLSN,6,9,15,0.4
mLSP,11,13,24,0.46
mLSS,3,5,8,0.38
mLSb,8,9,17,0.47
mLSh,3,3,6,0.5
mLSl,3,1,4,0.75
mLSm,7,6,13,0.54
mLSn,8,11,19,0.42
mLSs,10,4,14,0.71
mLbB,5,9,14,0.36
mLbD,2,0,2,1.0
mLbH,2,2,4,0.5
mLbI,1,0,1,1.0
mLbJ,3,5,8,0.38
mLbK,1,0,1,1.0
mLbL,0,7,7,0.0
mLbM,4,14,18,0.22
mLbN,10,12,22,0.45
mLbP,13,15,28,0.46
mLbS,5,7,12,0.42
mLbb,15,12,27,0.56
mLbl,5,0,5,1.0
mLbm,7,7,14,0.5
mLbn,11,11,22,0.5
mLbs,5,6,11,0.45
mLhB,2,4,6,0.33
mLhD,3,0,3,1.0
mLhH,1,2,3,0.33
mLhI,0,0,0,
mLhL,1,2,3,0.33
mLhM,4,2,6,0.67
mLhN,2,6,8,0.25
mLhP,6,10,16,0.38
mLhS,9,6,15,0.6
mLhb,6,4,10,0.6
mLhh,3,4,7,0.43
mLhl,2,1,3,0.67
mLhm,1,8,9,0.11
mLhn,4,5,9,0.44
mLhs,7,5,12,0.58
mLht,2,1,3,0.67
mLjB,2,0,2,1.0
mLjD,1,1,2,0.5
mLjH,0,1,1,0.0
mLjI,0,1,1,0.0
mLjK,1,0,1,1.0
mLjL,1,0,1,1.0
mLjM,1,0,1,1.0
mLjN,4,4,8,0.5
mLjP,4,3,7,0.57
mLjS,2,2,4,0.5
mLjb,0,1,1,0.0
mLjl,2,1,3,0.67
mLjm,1,4,5,0.2
mLjn,2,0,2,1.0
mLjs,1,1,2,0.5
mLlB,2,3,5,0.4
mLlD,0,1,1,0.0
mLlH,5,3,8,0.62
mLlJ,1,2,3,0.33
mLlL,0,1,1,0.0
mLlM,7,6,13,0.54
mLlN,3,4,7,0.43
mLlP,5,4,9,0.56
mLlS,5,1,6,0.83
mLlb,0,1,1,0.0
mLll,1,0,1,1.0
mLlm,1,4,5,0.2
mLln,4,4,8,0.5
mLls,4,5,9,0.44
mLmB,10,3,13,0.77
mLmD,9,1,10,0.9
mLmH,11,8,19,0.58
mLmI,0,1,1,0.0
mLmJ,3,4,7,0.43
mLmL,2,7,9,0.22
mLmM,17,14,31,0.55
mLmN,16,19,35,0.46
mLmP,8,19,27,0.3
mLmS,12,10,22,0.55
mLmb,6,8,14,0.43
mLmh,1,0,1,1.0
mLml,8,6,14,0.57
mLmm,6,13,19,0.32
mLmn,18,15,33,0.55
mLms,7,7,14,0.5
mLnB,13,9,22,0.59
mLnD,3,5,8,0.38
mLnH,12,10,22,0.55
mLnI,1,0,1,1.0
mLnK,1,1,2,0.5
mLnL,2,2,4,0.5
mLnM,14,12,26,0.54
mLnN,26,16,42,0.62
mLnP,18,27,45,0.4
mLnS,13,20,33,0.39
mLnb,14,8,22,0.64
mLnh,0,2,2,0.0
mLnl,4,2,6,0.67
mLnm,25,9,34,0.74
mLnn,23,15,38,0.61
mLns,14,13,27,0.52
mLsB,4,5,9,0.44
mLsD,3,4,7,0.43
mLsH,13,8,21,0.62
mLsI,2,3,5,0.4
mLsK,1,0,1,1.0
mLsL,4,3,7,0.57
mLsM,8,10,18,0.44
mLsN,7,9,16,0.44
mLsP,4,10,14,0.29
mLsS,7,9,16,0.44
mLsb,11,3,14,0.79
mLsh,0,0,0,
mLsl,3,2,5,0.6
mLsm,9,13,22,0.41
mLsn,7,9,16,0.44
mLss,6,7,13,0.46
mLtB,1,2,3,0.33
mLtD,1,1,2,0.5
mLtH,1,1,2,0.5
mLtL,1,1,2,0.5
mLtM,2,1,3,0.67
mLtN,1,3,4,0.25
mLtP,2,0,2,1.0
mLtS,1,0,1,1.0
mLtb,2,1,3,0.67
mLtm,0,1,1,0.0
mLtn,0,2,2,0.0
mLts,0,0,0,
mLtt,0,1,1,0.0
mMBB,29,38,67,0.43
mMBD,9,6,15,0.6
mMBK,5,6,11,0.45
mMBL,3,9,12,0.25
mMBM,27,39,66,0.41
mMBN,39,39,78,0.5
mMBP,40,41,81,0.49
mMBS,12,14,26,0.46
mMBb,29,33,62,0.47
mMBh,1,3,4,0.25
mMBj,8,4,12,0.67
mMBl,10,11,21,0.48
mMBm,36,40,76,0.47
mMBn,55,51,106,0.52
mMBs,17,25,42,0.4
mMBt,3,3,6,0.5
mMDB,12,13,25,0.48
mMDD,3,7,10,0.3
mMDH,10,16,26,0.38
mMDI,2,1,3,0.67
mMDL,3,2,5,0.6
mMDM,15,14,29,0.52
mMDN,9,10,19,0.47
mMDP,12,10,22,0.55
mMDS,10,19,29,0.34
mMDb,8,4,12,0.67
mMDh,0,1,1,0.0
mMDl,4,1,5,0.8
mMDm,12,19,31,0.39
mMDn,13,12,25,0.52
mMDs,5,8,13,0.38
mMDt,1,1,2,0.5
mMHB,1,0,1,1.0
mMHD,1,0,1,1.0
mMHK,0,0,0,
mMHM,0,2,2,0.0
mMHP,1,0,1,1.0
mMHS,0,1,1,0.0
mMHb,0,1,1,0.0
mMHm,1,0,1,1.0
mMHn,1,0,1,1.0
mMIB,1,0,1,1.0
mMIN,1,0,1,1.0
mMIm,3,0,3,1.0
mMIs,2,0,2,1.0
mMKB,0,2,2,0.0
mMKH,0,1,1,0.0
mMKI,0,1,1,0.0
mMKL,0,2,2,0.0
mMKM,0,0,0,
mMKN,1,0,1,1.0
mMKP,2,0,2,1.0
mMKS,0,2,2,0.0
mMKb,1,0,1,1.0
mMKh,0,2,2,0.0
mMKl,0,1,1,0.0
mMKm,1,0,1,1.0
mMKn,1,2,3,0.33
mMKs,1,2,3,0.33
mMLB,9,7,16,0.56
mMLD,0,1,1,0.0
mMLL,5,0,5,1.0
mMLM,9,7,16,0.56
mMLN,7,10,17,0.41
mMLP,7,15,22,0.32
mMLS,3,8,11,0.27
mMLb,12,12,24,0.5
mMLh,4,4,8,0.5
mMLj,1,3,4,0.25
mMLl,4,1,5,0.8
mMLm,16,10,26,0.62
mMLn,12,10,22,0.55
mMLs,12,7,19,0.63
mMLt,0,0,0,
mMMB,52,40,92,0.57
mMMD,17,9,26,0.65
mMMH,3,3,6,0.5
mMMK,2,2,4,0.5
mMML,6,5,11,0.55
mMMM,43,47,90,0.48
mMMN,47,51,98,0.48
mMMP,60,46,106,0.57
mMMS,19,33,52,0.37
mMMb,37,34,71,0.52
mMMh,34,46,80,0.42
mMMj,8,5,13,0.62
mMMl,12,4,16,0.75
mMMm,75,51,126,0.6
mMMn,66,52,118,0.56
mMMs,20,30,50,0.4
mMMt,7,4,11,0.64
mMNB,25,36,61,0.41
mMND,11,20,31,0.35
mMNH,11,12,23,0.48
mMNI,2,3,5,0.4
mMNK,7,4,11,0.64
mMNL,8,8,16,0.5
mMNM,30,45,75,0.4
mMNN,61,48,109,0.56
mMNP,50,49,99,0.51
mMNS,39,32,71,0.55
mMNb,26,39,65,0.4
mMNh,20,20,40,0.5
mMNl,10,6,16,0.62
mMNm,50,41,91,0.55
mMNn,75,55,130,0.58
mMNs,29,37,66,0.44
mMNt,7,6,13,0.54
mMPB,43,49,92,0.47
mMPD,9,11,20,0.45
mMPH,13,16,29,0.45
mMPI,4,7,11,0.36
mMPK,7,13,20,0.35
mMPL,10,14,24,0.42
mMPM,45,62,107,0.42
mMPN,50,66,116,0.43
mMPP,67,79,146,0.46
mMPS,34,44,78,0.44
mMPb,46,42,88,0.52
mMPh,6,5,11,0.55
mMPl,16,15,31,0.52
mMPm,73,56,129,0.57
mMPn,53,50,103,0.51
mMPs,39,29,68,0.57
mMPt,5,2,7,0.71
mMSB,24,21,45,0.53
mMSD,8,6,14,0.57
mMSH,16,12,28,0.57
mMSI,0,2,2,0.0
mMSK,1,1,2,0.5
mMSL,6,11,17,0.35
mMSM,29,32,61,0.48
mMSN,28,30,58,0.48
mMSP,35,24,59,0.59
mMSS,24,33,57,0.42
mMSb,23,21,44,0.52
mMSh,15,15,30,0.5
mMSl,10,7,17,0.59
mMSm,52,19,71,0.73
mMSn,32,26,58,0.55
mMSs,30,34,64,0.47
mMSt,3,4,7,0.43
mMbB,34,40,74,0.46
mMbD,2,2,4,0.5
mMbH,7,11,18,0.39
mMbI,4,4,8,0.5
mMbJ,7,9,16,0.44
mMbK,9,8,17,0.53
mMbL,5,11,16,0.31
mMbM,42,45,87,0.48
mMbN,39,41,80,0.49
mMbP,50,39,89,0.56
mMbS,17,38,55,0.31
mMbb,33,32,65,0.51
mMbl,12,5,17,0.71
mMbm,27,20,47,0.57
mMbn,44,49,93,0.47
mMbs,21,15,36,0.58
mMhB,24,29,53,0.45
mMhD,11,7,18,0.61
mMhH,9,11,20,0.45
mMhI,5,5,10,0.5
mMhK,2,0,2,1.0
mMhL,9,7,16,0.56
mMhM,38,51,89,0.43
mMhN,44,27,71,0.62
mMhP,35,55,90,0.39
mMhS,40,28,68,0.59
mMhb,26,24,50,0.52
mMhh,30,31,61,0.49
mMhl,11,7,18,0.61
mMhm,56,37,93,0.6
mMhn,44,34,78,0.56
mMhs,26,33,59,0.44
mMht,2,6,8,0.25
mMjB,4,3,7,0.57
mMjD,1,1,2,0.5
mMjH,1,2,3,0.33
mMjK,1,2,3,0.33
mMjL,2,1,3,0.67
mMjM,5,4,9,0.56
mMjN,9,6,15,0.6
mMjP,11,6,17,0.65
mMjS,4,7,11,0.36
mMjb,3,3,6,0.5
mMjh,0,0,0,
mMjl,2,1,3,0.67
mMjm,7,8,15,0.47
mMjn,10,7,17,0.59
mMjs,5,1,6,0.83
mMjt,0,1,1,0.0
mMlB,9,9,18,0.5
mMlD,2,2,4,0.5
mMlH,5,10,15,0.33
mMlI,0,1,1,0.0
mMlJ,3,3,6,0.5
mMlK,0,1,1,0.0
mMlL,3,4,7,0.43
mMlM,7,17,24,0.29
mMlN,15,12,27,0.56
mMlP,9,14,23,0.39
mMlS,5,6,11,0.45
mMlb,5,4,9,0.56
mMlh,0,1,1,0.0
mMll,3,5,8,0.38
mMlm,13,13,26,0.5
mMln,12,11,23,0.52
mMls,9,6,15,0.6
mMmB,31,51,82,0.38
mMmD,23,20,43,0.53
mMmH,43,45,88,0.49
mMmI,3,5,8,0.38
mMmJ,6,14,20,0.3
mMmK,2,0,2,1.0
mMmL,13,10,23,0.57
mMmM,50,68,118,0.42
mMmN,70,70,140,0.5
mMmP,65,69,134,0.49
mMmS,34,44,78,0.44
mMmb,33,34,67,0.49
mMmh,0,2,2,0.0
mMml,9,9,18,0.5
mMmm,61,56,117,0.52
mMmn,69,56,125,0.55
mMms,34,23,57,0.6
mMnB,44,42,86,0.51
mMnD,16,15,31,0.52
mMnH,40,41,81,0.49
mMnI,7,11,18,0.39
mMnK,3,7,10,0.3
mMnL,9,8,17,0.53
mMnM,56,61,117,0.48
mMnN,104,81,185,0.56
mMnP,69,102,171,0.4
mMnS,42,54,96,0.44
mMnb,55,32,87,0.63
mMnh,2,3,5,0.4
mMnl,13,13,26,0.5
mMnm,74,51,125,0.59
mMnn,85,93,178,0.48
mMns,41,49,90,0.46
mMsB,22,24,46,0.48
mMsD,10,11,21,0.48
mMsH,29,45,74,0.39
mMsI,2,6,8,0.25
mMsK,1,0,1,1.0
mMsL,4,10,14,0.29
mMsM,28,30,58,0.48
mMsN,43,35,78,0.55
mMsP,30,48,78,0.38
mMsS,34,45,79,0.43
mMsb,18,20,38,0.47
mMsh,1,2,3,0.33
mMsl,7,5,12,0.58
mMsm,32,27,59,0.54
mMsn,37,33,70,0.53
mMss,28,25,53,0.53
mMst,2,1,3,0.67
mMtB,3,6,9,0.33
mMtD,0,1,1,0.0
mMtH,5,3,8,0.62
mMtI,0,1,1,0.0
mMtL,2,3,5,0.4
mMtM,4,1,5,0.8
mMtN,2,12,14,0.14
mMtP,7,7,14,0.5
mMtS,3,4,7,0.43
mMtb,1,2,3,0.33
mMtl,2,0,2,1.0
mMtm,7,7,14,0.5
mMtn,5,8,13,0.38
mMts,5,3,8,0.62
mMtt,0,0,0,
mNBB,28,32,60,0.47
mNBD,6,9,15,0.4
mNBH,1,2,3,0.33
mNBK,7,7,14,0.5
mNBL,7,7,14,0.5
mNBM,23,31,54,0.43
mNBN,33,46,79,0.42
mNBP,33,45,78,0.42
mNBS,12,23,35,0.34
mNBb,30,23,53,0.57
mNBh,7,4,11,0.64
mNBj,2,5,7,0.29
mNBl,8,9,17,0.47
mNBm,31,38,69,0.45
mNBn,45,45,90,0.5
mNBs,17,21,38,0.45
mNBt,8,2,10,0.8
mNDB,7,6,13,0.54
mNDD,3,4,7,0.43
mNDH,7,7,14,0.5
mNDI,2,4,6,0.33
mNDK,0,1,1,0.0
mNDL,2,2,4,0.5
mNDM,13,18,31,0.42
mNDN,11,11,22,0.5
mNDP,10,12,22,0.45
mNDS,4,8,12,0.33
mNDb,3,6,9,0.33
mNDh,1,0,1,1.0
mNDl,3,4,7,0.43
mNDm,10,14,24,0.42
mNDn,8,10,18,0.44
mNDs,9,6,15,0.6
mNDt,2,2,4,0.5
mNHB,7,3,10,0.7
mNHD,2,1,3,0.67
mNHH,4,3,7,0.57
mNHI,2,2,4,0.5
mNHK,1,1,2,0.5
mNHL,4,3,7,0.57
mNHM,8,5,13,0.62
mNHN,16,14,30,0.53
mNHP,7,15,22,0.32
mNHS,10,16,26,0.38
mNHb,5,1,6,0.83
mNHh,2,1,3,0.67
mNHl,1,1,2,0.5
mNHm,13,4,17,0.76
mNHn,13,7,20,0.65
mNHs,8,5,13,0.62
mNIB,0,1,1,0.0
mNII,0,2,2,0.0
mNIL,1,0,1,1.0
mNIM,0,0,0,
mNIN,2,1,3,0.67
mNIS,0,1,1,0.0
mNIb,0,2,2,0.0
mNIl,1,0,1,1.0
mNIm,0,1,1,0.0
mNKB,5,5,10,0.5
mNKD,0,1,1,0.0
mNKI,0,0,0,
mNKL,2,2,4,0.5
mNKM,2,6,8,0.25
mNKN,6,9,15,0.4
mNKP,4,9,13,0.31
mNKS,3,2,5,0.6
mNKb,6,4,10,0.6
mNKh,5,6,11,0.45
mNKl,2,1,3,0.67
mNKm,10,4,14,0.71
mNKn,6,0,6,1.0
mNKs,4,6,10,0.4
mNKt,1,0,1,1.0
mNLB,12,12,24,0.5
mNLD,1,0,1,1.0
mNLL,4,6,10,0.4
mNLM,9,8,17,0.53
mNLN,10,11,21,0.48
mNLP,14,13,27,0.52
mNLS,7,7,14,0.5
mNLb,9,11,20,0.45
mNLh,7,2,9,0.78
mNLj,1,1,2,0.5
mNLl,4,4,8,0.5
mNLm,9,12,21,0.43
mNLn,18,11,29,0.62
mNLs,8,6,14,0.57
mNLt,1,1,2,0.5
mNMB,28,31,59,0.47
mNMD,11,6,17,0.65
mNMK,3,2,5,0.6
mNML,6,13,19,0.32
mNMM,33,44,77,0.43
mNMN,42,54,96,0.44
mNMP,62,68,130,0.48
mNMS,25,38,63,0.4
mNMb,47,22,69,0.68
mNMh,28,33,61,0.46
mNMj,4,5,9,0.44
mNMl,13,9,22,0.59
mNMm,51,48,99,0.52
mNMn,80,60,140,0.57
mNMs,24,28,52,0.46
mNMt,6,1,7,0.86
mNNB,42,39,81,0.52
mNND,13,13,26,0.5
mNNH,12,10,22,0.55
mNNI,1,1,2,0.5
mNNK,3,8,11,0.27
mNNL,11,18,29,0.38
mNNM,49,64,113,0.43
mNNN,74,76,150,0.49
mNNP,75,98,173,0.43
mNNS,41,37,78,0.53
mNNb,44,35,79,0.56
mNNh,17,27,44,0.39
mNNl,9,8,17,0.53
mNNm,72,51,123,0.59
mNNn,86,86,172,0.5
mNNs,38,34,72,0.53
mNNt,10,11,21,0.48
mNPB,45,40,85,0.53
mNPD,11,10,21,0.52
mNPH,21,23,44,0.48
mNPI,6,6,12,0.5
mNPK,3,6,9,0.33
mNPL,26,24,50,0.52
mNPM,50,70,120,0.42
mNPN,78,68,146,0.53
mNPP,92,94,186,0.49
mNPS,38,40,78,0.49
mNPb,50,50,100,0.5
mNPh,11,9,20,0.55
mNPl,20,20,40,0.5
mNPm,82,66,148,0.55
mNPn,72,69,141,0.51
mNPs,37,51,88,0.42
mNPt,6,4,10,0.6
mNSB,32,25,57,0.56
mNSD,11,11,22,0.5
mNSH,12,9,21,0.57
mNSI,2,0,2,1.0
mNSK,1,1,2,0.5
mNSL,10,8,18,0.56
mNSM,26,34,60,0.43
mNSN,28,35,63,0.44
mNSP,30,36,66,0.45
mNSS,47,36,83,0.57
mNSb,30,18,48,0.62
mNSh,24,15,39,0.62
mNSl,8,9,17,0.47
mNSm,41,32,73,0.56
mNSn,38,37,75,0.51
mNSs,31,33,64,0.48
mNSt,8,7,15,0.53
mNbB,26,26,52,0.5
mNbD,6,5,11,0.55
mNbH,9,15,24,0.38
mNbI,1,4,5,0.2
mNbJ,14,14,28,0.5
mNbK,3,4,7,0.43
mNbL,10,3,13,0.77
mNbM,27,25,52,0.52
mNbN,48,35,83,0.58
mNbP,47,43,90,0.52
mNbS,19,26,45,0.42
mNbb,36,39,75,0.48
mNbh,0,0,0,
mNbl,8,7,15,0.53
mNbm,38,24,62,0.61
mNbn,42,37,79,0.53
mNbs,16,14,30,0.53
mNhB,10,9,19,0.53
mNhD,1,3,4,0.25
mNhH,5,1,6,0.83
mNhI,2,1,3,0.67
mNhK,0,1,1,0.0
mNhL,2,3,5,0.4
mNhM,14,16,30,0.47
mNhN,14,16,30,0.47
mNhP,17,7,24,0.71
mNhS,15,9,24,0.62
mNhb,9,5,14,0.64
mNhh,11,15,26,0.42
mNhl,0,1,1,0.0
mNhm,16,17,33,0.48
mNhn,12,12,24,0.5
mNhs,14,13,27,0.52
mNht,2,0,2,1.0
mNlB,7,12,19,0.37
mNlD,0,3,3,0.0
mNlH,3,6,9,0.33
mNlI,0,1,1,0.0
mNlJ,1,5,6,0.17
mNlK,0,1,1,0.0
mNlL,4,3,7,0.57
mNlM,9,6,15,0.6
mNlN,16,9,25,0.64
mNlP,13,5,18,0.72
mNlS,8,8,16,0.5
mNlb,15,14,29,0.52
mNll,3,8,11,0.27
mNlm,4,11,15,0.27
mNln,13,14,27,0.48
mNls,8,3,11,0.73
mNmB,42,40,82,0.51
mNmD,14,13,27,0.52
mNmH,27,35,62,0.44
mNmI,2,4,6,0.33
mNmJ,9,9,18,0.5
mNmK,1,2,3,0.33
mNmL,13,13,26,0.5
mNmM,46,50,96,0.48
mNmN,51,55,106,0.48
mNmP,48,36,84,0.57
mNmS,33,33,66,0.5
mNmb,37,35,72,0.51
mNml,8,11,19,0.42
mNmm,33,41,74,0.45
mNmn,45,39,84,0.54
mNms,19,17,36,0.53
mNmt,0,0,0,
mNnB,48,34,82,0.59
mNnD,15,11,26,0.58
mNnH,51,30,81,0.63
mNnI,9,8,17,0.53
mNnK,6,7,13,0.46
mNnL,13,16,29,0.45
mNnM,53,70,123,0.43
mNnN,83,107,190,0.44
mNnP,83,77,160,0.52
mNnS,41,56,97,0.42
mNnb,40,49,89,0.45
mNnh,3,3,6,0.5
mNnl,9,7,16,0.56
mNnm,58,65,123,0.47
mNnn,67,66,133,0.5
mNns,55,35,90,0.61
mNnt,0,2,2,0.0
mNsB,32,31,63,0.51
mNsD,8,10,18,0.44
mNsH,25,41,66,0.38
mNsI,8,7,15,0.53
mNsK,1,0,1,1.0
mNsL,9,7,16,0.56
mNsM,29,38,67,0.43
mNsN,44,37,81,0.54
mNsP,31,37,68,0.46
mNsS,35,46,81,0.43
mNsb,22,14,36,0.61
mNsh,0,3,3,0.0
mNsl,9,5,14,0.64
mNsm,25,31,56,0.45
mNsn,30,35,65,0.46
mNss,38,24,62,0.61
mNtB,8,6,14,0.57
mNtD,1,1,2,0.5
mNtH,4,8,12,0.33
mNtI,1,0,1,1.0
mNtK,1,0,1,1.0
mNtL,1,2,3,0.33
mNtM,9,13,22,0.41
mNtN,4,6,10,0.4
mNtP,9,6,15,0.6
mNtS,5,4,9,0.56
mNtb,6,5,11,0.55
mNth,1,0,1,1.0
mNtl,3,0,3,1.0
mNtm,9,12,21,0.43
mNtn,6,7,13,0.46
mNts,2,9,11,0.18
mNtt,0,2,2,0.0
mPBB,34,38,72,0.47
mPBD,4,10,14,0.29
mPBH,1,0,1,1.0
mPBK,6,7,13,0.46
mPBL,14,21,35,0.4
mPBM,42,33,75,0.56
mPBN,36,50,86,0.42
mPBP,41,40,81,0.51
mPBS,22,22,44,0.5
mPBb,33,30,63,0.52
mPBh,4,10,14,0.29
mPBj,4,4,8,0.5
mPBl,10,7,17,0.59
mPBm,50,45,95,0.53
mPBn,44,38,82,0.54
mPBs,36,23,59,0.61
mPBt,5,1,6,0.83
mPDB,6,2,8,0.75
mPDD,2,6,8,0.25
mPDH,7,9,16,0.44
mPDI,1,0,1,1.0
mPDL,4,2,6,0.67
mPDM,9,11,20,0.45
mPDN,12,11,23,0.52
mPDP,10,13,23,0.43
mPDS,7,10,17,0.41
mPDb,8,8,16,0.5
mPDh,1,1,2,0.5
mPDl,5,1,6,0.83
mPDm,14,12,26,0.54
mPDn,7,5,12,0.58
mPDs,5,11,16,0.31
mPDt,2,0,2,1.0
mPHB,6,3,9,0.67
mPHD,0,3,3,0.0
mPHH,1,0,1,1.0
mPHI,1,0,1,1.0
mPHK,1,4,5,0.2
mPHL,6,3,9,0.67
mPHM,9,12,21,0.43
mPHN,16,16,32,0.5
mPHP,17,14,31,0.55
mPHS,8,6,14,0.57
mPHb,6,5,11,0.55
mPHh,4,7,11,0.36
mPHl,7,6,13,0.54
mPHm,14,14,28,0.5
mPHn,16,9,25,0.64
mPHs,11,2,13,0.85
mPHt,0,1,1,0.0
mPIB,8,5,13,0.62
mPID,1,3,4,0.25
mPIH,5,5,10,0.5
mPIL,2,0,2,1.0
mPIM,7,3,10,0.7
mPIN,2,5,7,0.29
mPIP,4,7,11,0.36
mPIS,6,5,11,0.55
mPIb,4,4,8,0.5
mPIh,0,1,1,0.0
mPIl,1,1,2,0.5
mPIm,7,4,11,0.64
mPIn,3,6,9,0.33
mPIs,0,1,1,0.0
mPIt,0,0,0,
mPKB,9,3,12,0.75
mPKD,2,1,3,0.67
mPKH,2,1,3,0.67
mPKI,2,1,3,0.67
mPKL,1,2,3,0.33
mPKM,8,8,16,0.5
mPKN,5,5,10,0.5
mPKP,6,8,14,0.43
mPKS,6,3,9,0.67
mPKb,1,6,7,0.14
mPKh,6,7,13,0.46
mPKl,1,2,3,0.33
mPKm,5,10,15,0.33
mPKn,10,3,13,0.77
mPKs,9,2,11,0.82
mPKt,1,1,2,0.5
mPLB,16,12,28,0.57
mPLD,3,3,6,0.5
mPLH,0,0,0,
mPLK,1,1,2,0.5
mPLL,11,8,19,0.58
mPLM,19,14,33,0.58
mPLN,13,20,33,0.39
mPLP,17,22,39,0.44
mPLS,13,14,27,0.48
mPLb,14,12,26,0.54
mPLh,7,5,12,0.58
mPLj,3,4,7,0.43
mPLl,6,1,7,0.86
mPLm,22,16,38,0.58
mPLn,19,17,36,0.53
mPLs,6,6,12,0.5
mPLt,5,3,8,0.62
mPMB,43,47,90,0.48
mPMD,14,9,23,0.61
mPMH,0,0,0,
mPMK,0,0,0,
mPML,13,7,20,0.65
mPMM,44,52,96,0.46
mPMN,40,56,96,0.42
mPMP,54,60,114,0.47
mPMS,25,22,47,0.53
mPMb,33,51,84,0.39
mPMh,49,42,91,0.54
mPMj,9,8,17,0.53
mPMl,14,18,32,0.44
mPMm,59,59,118,0.5
mPMn,50,63,113,0.44
mPMs,27,28,55,0.49
mPMt,2,7,9,0.22
mPNB,37,40,77,0.48
mPND,12,5,17,0.71
mPNH,7,9,16,0.44
mPNI,2,0,2,1.0
mPNK,4,1,5,0.8
mPNL,15,17,32,0.47
mPNM,49,46,95,0.52
mPNN,54,57,111,0.49
mPNP,67,68,135,0.5
mPNS,45,36,81,0.56
mPNb,35,32,67,0.52
mPNh,15,13,28,0.54
mPNl,16,15,31,0.52
mPNm,47,38,85,0.55
mPNn,55,60,115,0.48
mPNs,34,24,58,0.59
mPNt,13,10,23,0.57
mPPB,52,60,112,0.46
mPPD,19,12,31,0.61
mPPH,17,16,33,0.52
mPPI,6,4,10,0.6
mPPK,8,13,21,0.38
mPPL,28,34,62,0.45
mPPM,71,59,130,0.55
mPPN,55,58,113,0.49
mPPP,94,93,187,0.5
mPPS,48,39,87,0.55
mPPb,44,52,96,0.46
mPPh,9,9,18,0.5
mPPl,26,32,58,0.45
mPPm,82,74,156,0.53
mPPn,52,45,97,0.54
mPPs,52,29,81,0.64
mPPt,7,6,13,0.54
mPSB,23,31,54,0.43
mPSD,5,9,14,0.36
mPSH,10,12,22,0.45
mPSI,1,4,5,0.2
mPSK,1,2,3,0.33
mPSL,14,8,22,0.64
mPSM,30,39,69,0.43
mPSN,34,33,67,0.51
mPSP,37,27,64,0.58
mPSS,28,36,64,0.44
mPSb,25,15,40,0.62
mPSh,13,14,27,0.48
mPSl,11,7,18,0.61
mPSm,34,31,65,0.52
mPSn,35,28,63,0.56
mPSs,26,31,57,0.46
mPSt,8,3,11,0.73
mPbB,43,33,76,0.57
mPbD,7,4,11,0.64
mPbH,8,10,18,0.44
mPbI,4,2,6,0.67
mPbJ,7,14,21,0.33
mPbK,6,7,13,0.46
mPbL,13,17,30,0.43
mPbM,40,47,87,0.46
mPbN,49,40,89,0.55
mPbP,53,40,93,0.57
mPbS,15,20,35,0.43
mPbb,53,36,89,0.6
mPbh,0,0,0,
mPbl,16,16,32,0.5
mPbm,43,30,73,0.59
mPbn,41,30,71,0.58
mPbs,21,17,38,0.55
mPbt,0,1,1,0.0
mPhB,5,5,10,0.5
mPhD,2,1,3,0.67
mPhH,0,1,1,0.0
mPhI,1,1,2,0.5
mPhK,0,1,1,0.0
mPhL,1,2,3,0.33
mPhM,5,7,12,0.42
mPhN,4,4,8,0.5
mPhP,3,4,7,0.43
mPhS,5,3,8,0.62
mPhb,3,3,6,0.5
mPhh,4,3,7,0.57
mPhl,0,2,2,0.0
mPhm,8,7,15,0.53
mPhn,6,5,11,0.55
mPhs,2,2,4,0.5
mPht,1,1,2,0.5
mPlB,12,13,25,0.48
mPlD,0,2,2,0.0
mPlH,7,9,16,0.44
mPlI,2,0,2,1.0
mPlJ,4,2,6,0.67
mPlK,1,1,2,0.5
mPlL,7,2,9,0.78
mPlM,13,13,26,0.5
mPlN,10,15,25,0.4
mPlP,17,21,38,0.45
mPlS,12,13,25,0.48
mPlb,16,14,30,0.53
mPll,8,8,16,0.5
mPlm,16,8,24,0.67
mPln,11,10,21,0.52
mPls,9,5,14,0.64
mPlt,1,0,1,1.0
mPmB,52,40,92,0.57
mPmD,17,17,34,0.5
mPmH,35,36,71,0.49
mPmI,5,1,6,0.83
mPmJ,11,6,17,0.65
mPmK,0,2,2,0.0
mPmL,16,14,30,0.53
mPmM,48,68,116,0.41
mPmN,56,52,108,0.52
mPmP,54,46,100,0.54
mPmS,28,28,56,0.5
mPmb,51,47,98,0.52
mPmh,1,1,2,0.5
mPml,13,7,20,0.65
mPmm,60,39,99,0.61
mPmn,43,36,79,0.54
mPms,14,22,36,0.39
mPnB,26,26,52,0.5
mPnD,4,10,14,0.29
mPnH,27,23,50,0.54
mPnI,4,1,5,0.8
mPnK,2,7,9,0.22
mPnL,15,22,37,0.41
mPnM,56,55,111,0.5
mPnN,60,51,111,0.54
mPnP,83,50,133,0.62
mPnS,27,36,63,0.43
mPnb,45,35,80,0.56
mPnh,4,2,6,0.67
mPnl,9,10,19,0.47
mPnm,51,35,86,0.59
mPnn,43,51,94,0.46
mPns,42,27,69,0.61
mPnt,3,0,3,1.0
mPsB,18,15,33,0.55
mPsD,8,9,17,0.47
mPsH,20,29,49,0.41
mPsI,4,3,7,0.57
mPsL,11,7,18,0.61
mPsM,24,32,56,0.43
mPsN,33,25,58,0.57
mPsP,37,37,74,0.5
mPsS,24,34,58,0.41
mPsb,24,24,48,0.5
mPsh,0,2,2,0.0
mPsl,6,9,15,0.4
mPsm,37,21,58,0.64
mPsn,20,24,44,0.45
mPss,21,15,36,0.58
mPtB,2,2,4,0.5
mPtD,0,1,1,0.0
mPtH,6,2,8,0.75
mPtI,0,1,1,0.0
mPtK,1,1,2,0.5
mPtL,0,2,2,0.0
mPtM,3,6,9,0.33
mPtN,1,3,4,0.25
mPtP,10,6,16,0.62
mPtS,6,1,7,0.86
mPtb,2,4,6,0.33
mPtl,2,2,4,0.5
mPtm,2,4,6,0.33
mPtn,2,3,5,0.4
mPts,8,3,11,0.73
mPtt,1,2,3,0.33
mSBB,23,23,46,0.5
mSBD,4,1,5,0.8
mSBK,5,4,9,0.56
mSBL,4,7,11,0.36
mSBM,16,19,35,0.46
mSBN,21,23,44,0.48
mSBP,18,25,43,0.42
mSBS,18,20,38,0.47
mSBb,21,19,40,0.52
mSBh,3,3,6,0.5
mSBj,3,5,8,0.38
mSBl,12,3,15,0.8
mSBm,28,27,55,0.51
mSBn,31,42,73,0.42
mSBs,13,11,24,0.54
mSBt,2,5,7,0.29
mSDB,6,4,10,0.6
mSDD,3,3,6,0.5
mSDH,7,6,13,0.54
mSDL,4,1,5,0.8
mSDM,10,12,22,0.45
mSDN,4,9,13,0.31
mSDP,6,6,12,0.5
mSDS,18,20,38,0.47
mSDb,4,8,12,0.33
mSDl,2,1,3,0.67
mSDm,14,5,19,0.74
mSDn,10,9,19,0.53
mSDs,10,5,15,0.67
mSDt,0,1,1,0.0
mSHB,5,4,9,0.56
mSHD,3,1,4,0.75
mSHH,3,4,7,0.43
mSHI,0,1,1,0.0
mSHK,0,2,2,0.0
mSHL,4,2,6,0.67
mSHM,12,17,29,0.41
mSHN,6,9,15,0.4
mSHP,13,8,21,0.62
mSHS,7,9,16,0.44
mSHb,5,6,11,0.45
mSHh,6,11,17,0.35
mSHl,9,2,11,0.82
mSHm,14,12,26,0.54
mSHn,9,8,17,0.53
mSHs,8,8,16,0.5
mSHt,1,1,2,0.5
mSIB,0,2,2,0.0
mSIH,0,3,3,0.0
mSII,0,1,1,0.0
mSIL,1,0,1,1.0
mSIM,1,0,1,1.0
mSIP,0,2,2,0.0
mSIS,0,2,2,0.0
mSIb,0,3,3,0.0
mSIm,1,0,1,1.0
mSIn,0,0,0,
mSIs,2,0,2,1.0
mSKB,1,0,1,1.0
mSKD,1,0,1,1.0
mSKL,1,0,1,1.0
mSKM,2,0,2,1.0
mSKb,1,1,2,0.5
mSKl,0,2,2,0.0
mSKm,1,1,2,0.5
mSKn,1,1,2,0.5
mSLB,4,4,8,0.5
mSLD,2,1,3,0.67
mSLL,1,3,4,0.25
mSLM,6,6,12,0.5
mSLN,7,3,10,0.7
mSLP,5,5,10,0.5
mSLS,8,5,13,0.62
mSLb,1,6,7,0.14
mSLh,2,1,3,0.67
mSLj,1,1,2,0.5
mSLl,4,4,8,0.5
mSLm,11,4,15,0.73
mSLn,8,9,17,0.47
mSLs,3,5,8,0.38
mSLt,3,2,5,0.6
mSMB,19,25,44,0.43
mSMD,13,9,22,0.59
mSMH,0,0,0,
mSMK,0,1,1,0.0
mSML,9,3,12,0.75
mSMM,24,33,57,0.42
mSMN,27,29,56,0.48
mSMP,32,28,60,0.53
mSMS,23,20,43,0.53
mSMb,17,23,40,0.42
mSMh,21,19,40,0.52
mSMj,2,4,6,0.33
mSMl,13,4,17,0.76
mSMm,42,35,77,0.55
mSMn,42,36,78,0.54
mSMs,15,29,44,0.34
mSMt,2,5,7,0.29
mSNB,25,16,41,0.61
mSND,6,8,14,0.43
mSNH,12,3,15,0.8
mSNK,6,2,8,0.75
mSNL,5,8,13,0.38
mSNM,27,25,52,0.52
mSNN,30,36,66,0.45
mSNP,39,21,60,0.65
mSNS,19,31,50,0.38
mSNb,15,18,33,0.45
mSNh,9,7,16,0.56
mSNl,6,10,16,0.38
mSNm,30,22,52,0.58
mSNn,39,34,73,0.53
mSNs,22,18,40,0.55
mSNt,5,2,7,0.71
mSPB,20,24,44,0.45
mSPD,5,6,11,0.45
mSPH,10,9,19,0.53
mSPI,4,1,5,0.8
mSPK,5,6,11,0.45
mSPL,8,12,20,0.4
mSPM,31,30,61,0.51
mSPN,26,30,56,0.46
mSPP,30,41,71,0.42
mSPS,26,29,55,0.47
mSPb,17,16,33,0.52
mSPh,2,4,6,0.33
mSPl,15,10,25,0.6
mSPm,32,34,66,0.48
mSPn,27,37,64,0.42
mSPs,24,20,44,0.55
mSPt,4,2,6,0.67
mSSB,18,23,41,0.44
mSSD,12,6,18,0.67
mSSH,10,16,26,0.38
mSSI,4,3,7,0.57
mSSK,0,1,1,0.0
mSSL,7,5,12,0.58
mSSM,28,31,59,0.47
mSSN,25,37,62,0.4
mSSP,27,28,55,0.49
mSSS,38,37,75,0.51
mSSb,24,20,44,0.55
mSSh,13,10,23,0.57
mSSl,2,11,13,0.15
mSSm,31,32,63,0.49
mSSn,32,25,57,0.56
mSSs,40,32,72,0.56
mSSt,6,4,10,0.6
mSbB,12,21,33,0.36
mSbD,3,0,3,1.0
mSbH,5,9,14,0.36
mSbI,3,1,4,0.75
mSbJ,8,3,11,0.73
mSbK,2,2,4,0.5
mSbL,5,6,11,0.45
mSbM,13,29,42,0.31
mSbN,28,19,47,0.6
mSbP,29,25,54,0.54
mSbS,12,16,28,0.43
mSbb,22,19,41,0.54
mSbl,6,4,10,0.6
mSbm,20,13,33,0.61
mSbn,22,18,40,0.55
mSbs,11,12,23,0.48
mShB,10,9,19,0.53
mShD,3,1,4,0.75
mShH,5,2,7,0.71
mShI,2,2,4,0.5
mShL,4,3,7,0.57
mShM,16,17,33,0.48
mShN,8,20,28,0.29
mShP,14,22,36,0.39
mShS,18,10,28,0.64
mShb,16,10,26,0.62
mShh,17,15,32,0.53
mShl,6,3,9,0.67
mShm,15,27,42,0.36
mShn,12,20,32,0.38
mShs,14,10,24,0.58
mSht,0,1,1,0.0
mSlB,6,6,12,0.5
mSlD,2,2,4,0.5
mSlH,3,3,6,0.5
mSlI,0,1,1,0.0
mSlJ,1,1,2,0.5
mSlK,0,1,1,0.0
mSlL,5,1,6,0.83
mSlM,5,7,12,0.42
mSlN,12,5,17,0.71
mSlP,3,9,12,0.25
mSlS,8,6,14,0.57
mSlb,5,8,13,0.38
mSll,3,1,4,0.75
mSlm,3,5,8,0.38
mSln,4,7,11,0.36
mSls,2,4,6,0.33
mSmB,19,23,42,0.45
mSmD,9,10,19,0.47
mSmH,34,21,55,0.62
mSmI,2,3,5,0.4
mSmJ,5,6,11,0.45
mSmK,1,0,1,1.0
mSmL,12,11,23,0.52
mSmM,36,37,73,0.49
mSmN,37,38,75,0.49
mSmP,34,27,61,0.56
mSmS,24,32,56,0.43
mSmb,38,23,61,0.62
mSmh,1,0,1,1.0
mSml,7,10,17,0.41
mSmm,25,38,63,0.4
mSmn,32,24,56,0.57
mSms,24,11,35,0.69
mSmt,1,0,1,1.0
mSnB,15,26,41,0.37
mSnD,9,6,15,0.6
mSnH,16,15,31,0.52
mSnI,3,6,9,0.33
mSnK,4,2,6,0.67
mSnL,14,3,17,0.82
mSnM,20,36,56,0.36
mSnN,43,41,84,0.51
mSnP,42,33,75,0.56
mSnS,25,19,44,0.57
mSnb,22,16,38,0.58
mSnh,1,2,3,0.33
mSnl,5,5,10,0.5
mSnm,34,29,63,0.54
mSnn,24,31,55,0.44
mSns,29,19,48,0.6
mSsB,17,18,35,0.49
mSsD,9,8,17,0.53
mSsH,20,19,39,0.51
mSsI,7,3,10,0.7
mSsK,0,1,1,0.0
mSsL,7,7,14,0.5
mSsM,15,35,50,0.3
mSsN,30,30,60,0.5
mSsP,32,21,53,0.6
mSsS,33,43,76,0.43
mSsb,17,16,33,0.52
mSsh,0,4,4,0.0
mSsl,5,8,13,0.38
mSsm,28,24,52,0.54
mSsn,27,15,42,0.64
mSss,26,30,56,0.46
mStB,5,5,10,0.5
mStD,1,1,2,0.5
mStH,1,3,4,0.25
mStI,0,1,1,0.0
mStK,0,1,1,0.0
mStL,2,1,3,0.67
mStM,1,2,3,0.33
mStN,3,6,9,0.33
mStP,3,2,5,0.6
mStS,3,3,6,0.5
mStb,1,3,4,0.25
mStl,1,2,3,0.33
mStm,9,6,15,0.6
mStn,4,4,8,0.5
mSts,3,1,4,0.75
mbBB,20,36,56,0.36
mbBD,5,9,14,0.36
mbBH,0,0,0,
mbBK,4,4,8,0.5
mbBL,5,12,17,0.29
mbBM,25,37,62,0.4
mbBN,49,50,99,0.49
mbBP,46,38,84,0.55
mbBS,20,20,40,0.5
mbBb,32,30,62,0.52
mbBh,2,12,14,0.14
mbBj,11,9,20,0.55
mbBl,18,4,22,0.82
mbBm,41,31,72,0.57
mbBn,52,37,89,0.58
mbBs,29,11,40,0.72
mbBt,4,5,9,0.44
mbDB,8,6,14,0.57
mbDD,1,3,4,0.25
mbDH,5,4,9,0.56
mbDI,0,1,1,0.0
mbDK,0,1,1,0.0
mbDL,3,7,10,0.3
mbDM,7,11,18,0.39
mbDN,6,2,8,0.75
mbDP,5,3,8,0.62
mbDS,3,4,7,0.43
mbDb,4,8,12,0.33
mbDl,1,1,2,0.5
mbDm,5,11,16,0.31
mbDn,6,5,11,0.55
mbDs,6,3,9,0.67
mbDt,0,0,0,
mbHB,6,5,11,0.55
mbHD,0,2,2,0.0
mbHI,4,1,5,0.8
mbHL,2,1,3,0.67
mbHM,10,5,15,0.67
mbHN,14,11,25,0.56
mbHP,11,4,15,0.73
mbHS,5,6,11,0.45
mbHb,11,3,14,0.79
mbHh,3,2,5,0.6
mbHm,8,3,11,0.73
mbHn,4,12,16,0.25
mbHs,7,3,10,0.7
mbHt,3,2,5,0.6
mbIB,2,7,9,0.22
mbID,1,4,5,0.2
mbIH,4,1,5,0.8
mbIL,3,2,5,0.6
mbIM,5,4,9,0.56
mbIN,6,4,10,0.6
mbIP,7,2,9,0.78
mbIS,2,3,5,0.4
mbIb,6,1,7,0.86
mbIh,0,1,1,0.0
mbIl,1,2,3,0.33
mbIm,4,6,10,0.4
mbIn,2,2,4,0.5
mbIs,3,3,6,0.5
mbJB,15,15,30,0.5
mbJD,3,1,4,0.75
mbJH,5,2,7,0.71
mbJI,1,0,1,1.0
mbJK,2,2,4,0.5
mbJL,3,1,4,0.75
mbJM,14,12,26,0.54
mbJN,12,8,20,0.6
mbJP,7,13,20,0.35
mbJS,4,14,18,0.22
mbJb,11,7,18,0.61
mbJh,3,3,6,0.5
mbJl,5,2,7,0.71
mbJm,13,10,23,0.57
mbJn,5,11,16,0.31
mbJs,4,2,6,0.67
mbJt,0,1,1,0.0
mbKB,3,2,5,0.6
mbKD,2,1,3,0.67
mbKH,0,6,6,0.0
mbKI,2,0,2,1.0
mbKL,2,1,3,0.67
mbKM,8,8,16,0.5
mbKN,1,6,7,0.14
mbKP,4,4,8,0.5
mbKS,4,3,7,0.57
mbKb,5,4,9,0.56
mbKh,6,4,10,0.6
mbKl,2,0,2,1.0
mbKm,7,6,13,0.54
mbKn,4,4,8,0.5
mbKs,3,4,7,0.43
mbLB,6,8,14,0.43
mbLD,0,1,1,0.0
mbLH,0,0,0,
mbLK,0,0,0,
mbLL,4,2,6,0.67
mbLM,16,11,27,0.59
mbLN,7,8,15,0.47
mbLP,12,24,36,0.33
mbLS,7,2,9,0.78
mbLb,9,9,18,0.5
mbLh,6,12,18,0.33
mbLj,4,2,6,0.67
mbLl,2,1,3,0.67
mbLm,9,14,23,0.39
mbLn,12,17,29,0.41
mbLs,11,2,13,0.85
mbLt,1,2,3,0.33
mbMB,30,33,63,0.48
mbMD,6,12,18,0.33
mbMK,1,0,1,1.0
mbML,11,8,19,0.58
mbMM,34,35,69,0.49
mbMN,53,42,95,0.56
mbMP,52,48,100,0.52
mbMS,18,25,43,0.42
mbMb,52,36,88,0.59
mbMh,24,19,43,0.56
mbMj,2,5,7,0.29
mbMl,9,7,16,0.56
mbMm,45,33,78,0.58
mbMn,60,47,107,0.56
mbMs,25,14,39,0.64
mbMt,8,4,12,0.67
mbNB,34,37,71,0.48
mbND,12,9,21,0.57
mbNH,8,8,16,0.5
mbNI,1,0,1,1.0
mbNK,5,5,10,0.5
mbNL,14,8,22,0.64
mbNM,43,47,90,0.48
mbNN,75,55,130,0.58
mbNP,57,59,116,0.49
mbNS,35,36,71,0.49
mbNb,50,34,84,0.6
mbNh,18,16,34,0.53
mbNl,11,6,17,0.65
mbNm,48,38,86,0.56
mbNn,63,40,103,0.61
mbNs,38,18,56,0.68
mbNt,5,7,12,0.42
mbPB,47,36,83,0.57
mbPD,9,8,17,0.53
mbPH,14,13,27,0.52
mbPI,2,3,5,0.4
mbPK,3,6,9,0.33
mbPL,18,11,29,0.62
mbPM,41,61,102,0.4
mbPN,52,49,101,0.51
mbPP,63,49,112,0.56
mbPS,20,29,49,0.41
mbPb,37,41,78,0.47
mbPh,7,4,11,0.64
mbPl,11,8,19,0.58
mbPm,51,37,88,0.58
mbPn,48,51,99,0.48
mbPs,33,12,45,0.73
mbPt,7,4,11,0.64
mbSB,14,9,23,0.61
mbSD,2,1,3,0.67
mbSH,6,6,12,0.5
mbSI,1,0,1,1.0
mbSL,1,6,7,0.14
mbSM,8,18,26,0.31
mbSN,15,12,27,0.56
mbSP,25,17,42,0.6
mbSS,19,13,32,0.59
mbSb,12,11,23,0.52
mbSh,8,8,16,0.5
mbSl,4,1,5,0.8
mbSm,19,17,36,0.53
mbSn,15,17,32,0.47
mbSs,15,22,37,0.41
mbSt,3,4,7,0.43
mbbB,47,41,88,0.53
mbbD,9,5,14,0.64
mbbH,7,8,15,0.47
mbbI,7,1,8,0.88
mbbJ,10,8,18,0.56
mbbK,5,6,11,0.45
mbbL,7,9,16,0.44
mbbM,31,52,83,0.37
mbbN,57,51,108,0.53
mbbP,56,44,100,0.56
mbbS,14,13,27,0.52
mbbb,52,40,92,0.57
mbbl,11,3,14,0.79
mbbm,38,26,64,0.59
mbbn,38,35,73,0.52
mbbs,7,14,21,0.33
mbhN,0,0,0,
mbhS,0,1,1,0.0
mblB,12,11,23,0.52
mblD,1,1,2,0.5
mblH,7,3,10,0.7
mblI,2,1,3,0.67
mblJ,4,1,5,0.8
mblK,0,1,1,0.0
mblL,4,2,6,0.67
mblM,13,2,15,0.87
mblN,4,8,12,0.33
mblP,10,8,18,0.56
mblS,5,6,11,0.45
mblb,3,9,12,0.25
mbll,2,3,5,0.4
mblm,10,9,19,0.53
mbln,3,9,12,0.25
mbls,5,2,7,0.71
mbmB,55,31,86,0.64
mbmD,11,4,15,0.73
mbmH,26,27,53,0.49
mbmI,3,3,6,0.5
mbmJ,6,6,12,0.5
mbmL,9,9,18,0.5
mbmM,36,48,84,0.43
mbmN,37,40,77,0.48
mbmP,38,33,71,0.54
mbmS,21,9,30,0.7
mbmb,37,39,76,0.49
mbml,1,7,8,0.12
mbmm,30,32,62,0.48
mbmn,29,29,58,0.5
mbms,10,9,19,0.53
mbnB,25,21,46,0.54
mbnD,9,5,14,0.64
mbnH,16,14,30,0.53
mbnI,9,7,16,0.56
mbnK,6,5,11,0.55
mbnL,12,9,21,0.57
mbnM,42,47,89,0.47
mbnN,70,49,119,0.59
mbnP,55,50,105,0.52
mbnS,17,15,32,0.53
mbnb,44,29,73,0.6
mbnh,0,1,1,0.0
mbnl,9,7,16,0.56
mbnm,32,27,59,0.54
mbnn,38,34,72,0.53
mbns,25,19,44,0.57
mbnt,0,1,1,0.0
mbsB,8,12,20,0.4
mbsD,2,4,6,0.33
mbsH,12,10,22,0.55
mbsI,3,3,6,0.5
mbsL,4,4,8,0.5
mbsM,15,18,33,0.45
mbsN,17,16,33,0.52
mbsP,19,13,32,0.59
mbsS,11,15,26,0.42
mbsb,16,14,30,0.53
mbsh,3,0,3,1.0
mbsl,2,6,8,0.25
mbsm,9,9,18,0.5
mbsn,10,14,24,0.42
mbss,8,9,17,0.47
mbtH,0,1,1,0.0
mhBM,0,0,0,
mhBN,0,1,1,0.0
mhBS,0,3,3,0.0
mhBb,1,0,1,1.0
mhBl,0,1,1,0.0
mhBm,1,1,2,0.5
mhBn,0,1,1,0.0
mhDH,1,0,1,1.0
mhDM,1,0,1,1.0
mhHS,1,0,1,1.0
mhIL,1,0,1,1.0
mhIM,0,1,1,0.0
mhIn,1,0,1,1.0
mhLK,0,1,1,0.0
mhLM,1,0,1,1.0
mhLP,1,0,1,1.0
mhML,0,0,0,
mhMM,4,0,4,1.0
mhMN,1,0,1,1.0
mhMP,1,0,1,1.0
mhMS,0,1,1,0.0
mhMb,1,0,1,1.0
mhMm,1,1,2,0.5
mhMn,0,1,1,0.0
mhNI,1,0,1,1.0
mhNM,0,1,1,0.0
mhNN,1,0,1,1.0
mhNP,1,0,1,1.0
mhNS,1,0,1,1.0
mhPP,0,0,0,
mhPS,1,0,1,1.0
mhPb,0,2,2,0.0
mhPm,1,1,2,0.5
mhSB,0,0,0,
mhSD,0,0,0,
mhSM,0,0,0,
mhSS,1,0,1,1.0
mhSl,1,0,1,1.0
mhSm,0,0,0,
mhSn,1,0,1,1.0
mhbB,1,1,2,0.5
mhbK,0,1,1,0.0
mhbM,1,2,3,0.33
mhbN,1,0,1,1.0
mhbS,0,1,1,0.0
mhbb,1,2,3,0.33
mhbn,0,1,1,0.0
mhhB,0,1,1,0.0
mhhL,0,1,1,0.0
mhhM,0,1,1,0.0
mhhP,0,0,0,
mhhb,0,1,1,0.0
mhhh,0,0,0,
mhhm,0,1,1,0.0
mhlB,0,1,1,0.0
mhlJ,0,0,0,
mhlM,0,1,1,0.0
mhlP,0,1,1,0.0
mhlS,0,1,1,0.0
mhlb,0,1,1,0.0
mhmB,0,1,1,0.0
mhmH,1,0,1,1.0
mhmL,0,1,1,0.0
mhmM,2,0,2,1.0
mhmN,1,1,2,0.5
mhmP,1,0,1,1.0
mhmS,0,2,2,0.0
mhmb,1,1,2,0.5
mhmm,1,1,2,0.5
mhmn,0,1,1,0.0
mhms,0,0,0,
mhnB,1,1,2,0.5
mhnH,1,0,1,1.0
mhnN,1,0,1,1.0
mhnP,1,1,2,0.5
mhnb,1,0,1,1.0
mhnn,0,1,1,0.0
mhns,1,0,1,1.0
mhsB,1,0,1,1.0
mhsH,1,1,2,0.5
mhsI,1,0,1,1.0
mhsP,1,0,1,1.0
mhsh,0,0,0,
mhsl,0,1,1,0.0
mhsm,1,1,2,0.5
mhtM,0,2,2,0.0
mlBB,3,6,9,0.33
mlBK,3,0,3,1.0
mlBL,3,5,8,0.38
mlBM,2,12,14,0.14
mlBN,17,12,29,0.59
mlBP,12,11,23,0.52
mlBS,5,10,15,0.33
mlBb,6,11,17,0.35
mlBh,1,2,3,0.33
mlBj,0,1,1,0.0
mlBl,3,5,8,0.38
mlBm,9,8,17,0.53
mlBn,10,11,21,0.48
mlBs,7,8,15,0.47
mlBt,0,0,0,
mlDB,1,2,3,0.33
mlDD,1,0,1,1.0
mlDL,0,2,2,0.0
mlDM,7,4,11,0.64
mlDN,1,2,3,0.33
mlDP,0,2,2,0.0
mlDS,1,0,1,1.0
mlDb,1,1,2,0.5
mlDl,1,0,1,1.0
mlDm,2,1,3,0.67
mlDn,3,0,3,1.0
mlDs,1,1,2,0.5
mlDt,1,0,1,1.0
mlHB,3,7,10,0.3
mlHD,1,2,3,0.33
mlHI,0,1,1,0.0
mlHL,1,0,1,1.0
mlHM,2,6,8,0.25
mlHN,8,5,13,0.62
mlHP,10,18,28,0.36
mlHS,2,3,5,0.4
mlHb,7,4,11,0.64
mlHh,4,4,8,0.5
mlHl,2,2,4,0.5
mlHm,2,3,5,0.4
mlHn,6,7,13,0.46
mlHs,1,5,6,0.17
mlHt,0,1,1,0.0
mlID,0,1,1,0.0
mlIH,1,0,1,1.0
mlII,0,0,0,
mlIL,0,1,1,0.0
mlIM,2,1,3,0.67
mlIN,2,1,3,0.67
mlIP,1,2,3,0.33
mlIS,1,0,1,1.0
mlIb,1,0,1,1.0
mlIl,0,3,3,0.0
mlIm,2,2,4,0.5
mlIs,1,2,3,0.33
mlJB,3,3,6,0.5
mlJD,3,1,4,0.75
mlJH,0,1,1,0.0
mlJI,1,1,2,0.5
mlJK,1,0,1,1.0
mlJL,1,0,1,1.0
mlJM,4,5,9,0.44
mlJN,2,1,3,0.67
mlJP,5,7,12,0.42
mlJS,3,3,6,0.5
mlJb,2,2,4,0.5
mlJl,1,0,1,1.0
mlJm,3,1,4,0.75
mlJn,7,0,7,1.0
mlJs,3,0,3,1.0
mlJt,0,1,1,0.0
mlKM,1,0,1,1.0
mlKS,0,1,1,0.0
mlKh,0,1,1,0.0
mlKm,0,0,0,
mlKn,1,0,1,1.0
mlLB,0,3,3,0.0
mlLD,0,0,0,
mlLL,2,0,2,1.0
mlLM,3,9,12,0.25
mlLN,6,7,13,0.46
mlLP,3,9,12,0.25
mlLS,1,2,3,0.33
mlLb,1,2,3,0.33
mlLh,0,1,1,0.0
mlLl,5,4,9,0.56
mlLm,5,4,9,0.56
mlLn,6,6,12,0.5
mlLs,3,2,5,0.6
mlLt,0,0,0,
mlMB,8,9,17,0.47
mlMD,2,2,4,0.5
mlMH,0,1,1,0.0
mlML,0,4,4,0.0
mlMM,7,15,22,0.32
mlMN,10,13,23,0.43
mlMP,13,11,24,0.54
mlMS,6,6,12,0.5
mlMb,13,4,17,0.76
mlMh,5,8,13,0.38
mlMj,1,2,3,0.33
mlMl,6,1,7,0.86
mlMm,17,15,32,0.53
mlMn,19,7,26,0.73
mlMs,6,11,17,0.35
mlMt,1,3,4,0.25
mlNB,3,3,6,0.5
mlND,1,4,5,0.2
mlNH,1,1,2,0.5
mlNK,2,0,2,1.0
mlNL,4,3,7,0.57
mlNM,17,14,31,0.55
mlNN,19,9,28,0.68
mlNP,13,14,27,0.48
mlNS,8,8,16,0.5
mlNb,15,13,28,0.54
mlNh,1,5,6,0.17
mlNl,5,1,6,0.83
mlNm,11,14,25,0.44
mlNn,13,16,29,0.45
mlNs,8,7,15,0.53
mlNt,2,1,3,0.67
mlPB,14,12,26,0.54
mlPD,2,2,4,0.5
mlPH,3,2,5,0.6
mlPI,1,0,1,1.0
mlPK,1,1,2,0.5
mlPL,1,2,3,0.33
mlPM,11,15,26,0.42
mlPN,17,12,29,0.59
mlPP,24,14,38,0.63
mlPS,11,1,12,0.92
mlPb,5,5,10,0.5
mlPh,2,0,2,1.0
mlPl,2,3,5,0.4
mlPm,10,7,17,0.59
mlPn,11,12,23,0.48
mlPs,10,5,15,0.67
mlPt,2,1,3,0.67
mlSB,3,6,9,0.33
mlSD,1,0,1,1.0
mlSH,1,2,3,0.33
mlSI,0,1,1,0.0
mlSL,1,5,6,0.17
mlSM,8,6,14,0.57
mlSN,6,12,18,0.33
mlSP,5,8,13,0.38
mlSS,1,5,6,0.17
mlSb,5,2,7,0.71
mlSh,1,2,3,0.33
mlSl,2,2,4,0.5
mlSm,9,4,13,0.69
mlSn,5,1,6,0.83
mlSs,1,7,8,0.12
mlSt,0,1,1,0.0
mlbB,10,4,14,0.71
mlbD,1,1,2,0.5
mlbH,1,2,3,0.33
mlbI,0,2,2,0.0
mlbJ,2,0,2,1.0
mlbK,1,0,1,1.0
mlbL,4,5,9,0.44
mlbM,9,7,16,0.56
mlbN,13,11,24,0.54
mlbP,17,11,28,0.61
mlbS,4,5,9,0.44
mlbb,9,12,21,0.43
mlbl,2,3,5,0.4
mlbm,3,6,9,0.33
mlbn,10,15,25,0.4
mlbs,1,2,3,0.33
mlbt,1,0,1,1.0
mlhB,0,1,1,0.0
mlhM,0,0,0,
mlhh,0,0,0,
mllB,5,4,9,0.56
mllD,0,0,0,
mllH,3,0,3,1.0
mllI,1,0,1,1.0
mllJ,1,0,1,1.0
mllK,1,0,1,1.0
mllL,1,4,5,0.2
mllM,3,2,5,0.6
mllN,0,3,3,0.0
mllP,1,3,4,0.25
mllS,3,2,5,0.6
mllb,1,5,6,0.17
mlll,1,0,1,1.0
mllm,5,1,6,0.83
mlln,3,4,7,0.43
mlls,0,2,2,0.0
mlmB,14,12,26,0.54
mlmD,1,3,4,0.25
mlmH,7,8,15,0.47
mlmI,2,0,2,1.0
mlmJ,0,2,2,0.0
mlmL,1,2,3,0.33
mlmM,7,18,25,0.28
mlmN,10,6,16,0.62
mlmP,15,7,22,0.68
mlmS,4,2,6,0.67
mlmb,12,5,17,0.71
mlmh,0,1,1,0.0
mlml,3,1,4,0.75
mlmm,8,10,18,0.44
mlmn,14,6,20,0.7
mlms,8,2,10,0.8
mlnB,6,5,11,0.55
mlnD,2,1,3,0.67
mlnH,1,1,2,0.5
mlnI,1,1,2,0.5
mlnK,0,1,1,0.0
mlnL,2,0,2,1.0
mlnM,10,7,17,0.59
mlnN,10,11,21,0.48
mlnP,12,12,24,0.5
mlnS,8,7,15,0.53
mlnb,8,7,15,0.53
mlnl,1,0,1,1.0
mlnm,10,9,19,0.53
mlnn,10,10,20,0.5
mlns,3,2,5,0.6
mlnt,0,0,0,
mlsB,3,2,5,0.6
mlsD,2,0,2,1.0
mlsH,0,2,2,0.0
mlsL,4,3,7,0.57
mlsM,5,7,12,0.42
mlsN,6,9,15,0.4
mlsP,6,7,13,0.46
mlsS,3,2,5,0.6
mlsb,3,3,6,0.5
mlsh,0,1,1,0.0
mlsl,3,3,6,0.5
mlsm,8,3,11,0.73
mlsn,4,4,8,0.5
mlss,2,2,4,0.5
mltH,1,0,1,1.0
mmBB,43,36,79,0.54
mmBD,13,13,26,0.5
mmBH,1,1,2,0.5
mmBI,1,0,1,1.0
mmBK,5,11,16,0.31
mmBL,5,15,20,0.25
mmBM,35,41,76,0.46
mmBN,50,54,104,0.48
mmBP,38,43,81,0.47
mmBS,30,24,54,0.56
mmBb,40,30,70,0.57
mmBh,7,4,11,0.64
mmBj,8,7,15,0.53
mmBl,8,13,21,0.38
mmBm,36,50,86,0.42
mmBn,48,53,101,0.48
mmBs,15,22,37,0.41
mmBt,6,2,8,0.75
mmDB,7,9,16,0.44
mmDD,10,10,20,0.5
mmDH,7,15,22,0.32
mmDI,1,1,2,0.5
mmDK,1,0,1,1.0
mmDL,3,2,5,0.6
mmDM,15,17,32,0.47
mmDN,15,11,26,0.58
mmDP,12,10,22,0.55
mmDS,13,12,25,0.52
mmDb,9,12,21,0.43
mmDh,0,1,1,0.0
mmDl,3,4,7,0.43
mmDm,16,12,28,0.57
mmDn,10,7,17,0.59
mmDs,9,4,13,0.69
mmDt,3,1,4,0.75
mmHB,27,34,61,0.44
mmHD,8,7,15,0.53
mmHH,3,4,7,0.43
mmHI,4,4,8,0.5
mmHK,1,1,2,0.5
mmHL,6,10,16,0.38
mmHM,26,45,71,0.37
mmHN,33,32,65,0.51
mmHP,37,35,72,0.51
mmHS,20,20,40,0.5
mmHb,24,34,58,0.41
mmHh,13,15,28,0.46
mmHl,11,5,16,0.69
mmHm,33,32,65,0.51
mmHn,43,35,78,0.55
mmHs,17,17,34,0.5
mmHt,3,2,5,0.6
mmIB,2,0,2,1.0
mmID,1,0,1,1.0
mmIH,1,0,1,1.0
mmIL,1,0,1,1.0
mmIM,0,3,3,0.0
mmIN,3,4,7,0.43
mmIP,1,1,2,0.5
mmIS,3,0,3,1.0
mmIb,3,4,7,0.43
mmIl,2,0,2,1.0
mmIm,2,0,2,1.0
mmIn,4,5,9,0.44
mmIs,4,3,7,0.57
mmJB,6,1,7,0.86
mmJD,1,1,2,0.5
mmJH,4,1,5,0.8
mmJI,4,1,5,0.8
mmJK,0,1,1,0.0
mmJL,1,1,2,0.5
mmJM,10,10,20,0.5
mmJN,8,10,18,0.44
mmJP,6,10,16,0.38
mmJS,6,4,10,0.6
mmJb,10,6,16,0.62
mmJl,3,1,4,0.75
mmJm,14,8,22,0.64
mmJn,1,10,11,0.09
mmJs,8,4,12,0.67
mmJt,1,1,2,0.5
mmKD,1,0,1,1.0
mmKH,0,0,0,
mmKI,0,0,0,
mmKM,1,3,4,0.25
mmKN,2,1,3,0.67
mmKP,2,2,4,0.5
mmKS,0,2,2,0.0
mmKb,0,1,1,0.0
mmKh,1,2,3,0.33
mmKm,1,3,4,0.25
mmKn,1,1,2,0.5
mmKs,1,0,1,1.0
mmKt,1,1,2,0.5
mmLB,3,9,12,0.25
mmLD,5,4,9,0.56
mmLH,0,1,1,0.0
mmLK,0,4,4,0.0
mmLL,2,1,3,0.67
mmLM,9,9,18,0.5
mmLN,8,11,19,0.42
mmLP,15,12,27,0.56
mmLS,6,13,19,0.32
mmLb,16,9,25,0.64
mmLh,5,6,11,0.45
mmLj,0,2,2,0.0
mmLl,3,5,8,0.38
mmLm,14,20,34,0.41
mmLn,14,16,30,0.47
mmLs,7,9,16,0.44
mmLt,0,4,4,0.0
mmMB,32,26,58,0.55
mmMD,18,16,34,0.53
mmMI,0,1,1,0.0
mmMK,2,1,3,0.67
mmML,2,7,9,0.22
mmMM,41,68,109,0.38
mmMN,46,54,100,0.46
mmMP,49,38,87,0.56
mmMS,24,41,65,0.37
mmMb,35,46,81,0.43
mmMh,43,37,80,0.54
mmMj,8,10,18,0.44
mmMl,8,7,15,0.53
mmMm,49,47,96,0.51
mmMn,72,70,142,0.51
mmMs,38,27,65,0.58
mmMt,3,8,11,0.27
mmNB,38,46,84,0.45
mmND,18,12,30,0.6
mmNH,6,6,12,0.5
mmNI,0,3,3,0.0
mmNK,9,6,15,0.6
mmNL,11,9,20,0.55
mmNM,37,59,96,0.39
mmNN,51,63,114,0.45
mmNP,60,72,132,0.45
mmNS,39,41,80,0.49
mmNb,43,28,71,0.61
mmNh,8,11,19,0.42
mmNl,8,4,12,0.67
mmNm,51,41,92,0.55
mmNn,73,58,131,0.56
mmNs,40,26,66,0.61
mmNt,5,8,13,0.38
mmPB,44,46,90,0.49
mmPD,10,15,25,0.4
mmPH,17,12,29,0.59
mmPI,7,5,12,0.58
mmPK,9,7,16,0.56
mmPL,18,17,35,0.51
mmPM,48,68,116,0.41
mmPN,59,57,116,0.51
mmPP,59,73,132,0.45
mmPS,38,27,65,0.58
mmPb,33,46,79,0.42
mmPh,5,11,16,0.31
mmPl,19,13,32,0.59
mmPm,51,53,104,0.49
mmPn,50,53,103,0.49
mmPs,28,17,45,0.62
mmPt,2,4,6,0.33
mmSB,22,29,51,0.43
mmSD,9,6,15,0.6
mmSH,9,10,19,0.47
mmSI,2,3,5,0.4
mmSK,0,1,1,0.0
mmSL,7,7,14,0.5
mmSM,23,33,56,0.41
mmSN,23,20,43,0.53
mmSP,24,26,50,0.48
mmSS,20,32,52,0.38
mmSb,17,17,34,0.5
mmSh,14,16,30,0.47
mmSl,5,2,7,0.71
mmSm,29,28,57,0.51
mmSn,20,22,42,0.48
mmSs,30,16,46,0.65
mmSt,4,7,11,0.36
mmbB,39,37,76,0.51
mmbD,15,2,17,0.88
mmbH,13,5,18,0.72
mmbI,3,3,6,0.5
mmbJ,8,10,18,0.44
mmbK,4,9,13,0.31
mmbL,10,5,15,0.67
mmbM,48,52,100,0.48
mmbN,60,61,121,0.5
mmbP,52,48,100,0.52
mmbS,6,19,25,0.24
mmbb,58,35,93,0.62
mmbh,0,0,0,
mmbl,9,7,16,0.56
mmbm,40,35,75,0.53
mmbn,42,45,87,0.48
mmbs,10,10,20,0.5
mmhB,1,0,1,1.0
mmhD,0,0,0,
mmhM,2,1,3,0.67
mmhP,0,1,1,0.0
mmhS,0,1,1,0.0
mmhb,2,1,3,0.67
mmhh,0,2,2,0.0
mmhm,0,4,4,0.0
mmhs,0,1,1,0.0
mmlB,8,11,19,0.42
mmlD,1,1,2,0.5
mmlH,4,8,12,0.33
mmlI,1,0,1,1.0
mmlJ,1,2,3,0.33
mmlL,3,3,6,0.5
mmlM,8,13,21,0.38
mmlN,9,8,17,0.53
mmlP,14,10,24,0.58
mmlS,4,5,9,0.44
mmlb,7,8,15,0.47
mmll,3,0,3,1.0
mmlm,5,8,13,0.38
mmln,10,5,15,0.67
mmls,0,2,2,0.0
mmmB,47,56,103,0.46
mmmD,16,10,26,0.62
mmmH,35,35,70,0.5
mmmI,2,6,8,0.25
mmmJ,9,10,19,0.47
mmmK,3,0,3,1.0
mmmL,10,4,14,0.71
mmmM,44,62,106,0.42
mmmN,58,47,105,0.55
mmmP,62,48,110,0.56
mmmS,33,20,53,0.62
mmmb,52,38,90,0.58
mmmh,0,1,1,0.0
mmml,9,7,16,0.56
mmmm,58,44,102,0.57
mmmn,46,37,83,0.55
mmms,33,12,45,0.73
mmmt,0,1,1,0.0
mmnB,44,30,74,0.59
mmnD,10,8,18,0.56
mmnH,12,22,34,0.35
mmnI,2,3,5,0.4
mmnK,5,2,7,0.71
mmnL,13,15,28,0.46
mmnM,41,49,90,0.46
mmnN,55,47,102,0.54
mmnP,60,52,112,0.54
mmnS,26,20,46,0.57
mmnb,41,33,74,0.55
mmnh,3,1,4,0.75
mmnl,16,6,22,0.73
mmnm,43,26,69,0.62
mmnn,56,38,94,0.6
mmns,23,19,42,0.55
mmnt,0,1,1,0.0
mmsB,13,12,25,0.52
mmsD,4,4,8,0.5
mmsH,19,21,40,0.48
mmsI,3,4,7,0.43
mmsK,0,1,1,0.0
mmsL,7,11,18,0.39
mmsM,19,22,41,0.46
mmsN,16,17,33,0.48
mmsP,16,19,35,0.46
mmsS,22,29,51,0.43
mmsb,15,21,36,0.42
mmsh,2,1,3,0.67
mmsl,4,2,6,0.67
mmsm,23,12,35,0.66
mmsn,18,14,32,0.56
mmss,11,7,18,0.61
mmst,1,1,2,0.5
mmtM,1,0,1,1.0
mmtb,1,0,1,1.0
mnBB,31,21,52,0.6
mnBD,9,13,22,0.41
mnBK,4,2,6,0.67
mnBL,5,7,12,0.42
mnBM,22,34,56,0.39
mnBN,32,44,76,0.42
mnBP,31,38,69,0.45
mnBS,20,14,34,0.59
mnBb,26,25,51,0.51
mnBh,2,6,8,0.25
mnBj,11,6,17,0.65
mnBl,13,5,18,0.72
mnBm,36,30,66,0.55
mnBn,42,43,85,0.49
mnBs,16,21,37,0.43
mnBt,5,1,6,0.83
mnDB,5,8,13,0.38
mnDD,2,9,11,0.18
mnDH,9,4,13,0.69
mnDL,5,3,8,0.62
mnDM,10,10,20,0.5
mnDN,9,5,14,0.64
mnDP,14,10,24,0.58
mnDS,12,10,22,0.55
mnDb,4,5,9,0.44
mnDl,3,2,5,0.6
mnDm,7,10,17,0.41
mnDn,7,12,19,0.37
mnDs,4,7,11,0.36
mnDt,1,1,2,0.5
mnHB,18,16,34,0.53
mnHD,5,8,13,0.38
mnHH,9,5,14,0.64
mnHI,2,2,4,0.5
mnHK,3,1,4,0.75
mnHL,9,3,12,0.75
mnHM,18,21,39,0.46
mnHN,26,25,51,0.51
mnHP,30,17,47,0.64
mnHS,18,12,30,0.6
mnHb,13,17,30,0.43
mnHh,11,6,17,0.65
mnHl,4,7,11,0.36
mnHm,29,20,49,0.59
mnHn,29,15,44,0.66
mnHs,15,13,28,0.54
mnHt,1,3,4,0.25
mnIB,7,7,14,0.5
mnID,2,1,3,0.67
mnIH,5,3,8,0.62
mnII,1,0,1,1.0
mnIL,1,1,2,0.5
mnIM,2,6,8,0.25
mnIN,4,4,8,0.5
mnIP,9,5,14,0.64
mnIS,5,5,10,0.5
mnIb,1,8,9,0.11
mnIl,0,1,1,0.0
mnIm,6,4,10,0.6
mnIn,7,5,12,0.58
mnIs,2,1,3,0.67
mnIt,2,0,2,1.0
mnKB,2,4,6,0.33
mnKD,1,2,3,0.33
mnKH,0,1,1,0.0
mnKI,1,0,1,1.0
mnKL,1,0,1,1.0
mnKM,5,3,8,0.62
mnKN,3,1,4,0.75
mnKP,5,3,8,0.62
mnKS,1,2,3,0.33
mnKb,1,1,2,0.5
mnKh,4,2,6,0.67
mnKl,1,1,2,0.5
mnKm,4,4,8,0.5
mnKn,6,2,8,0.75
mnKs,3,1,4,0.75
mnLB,6,9,15,0.4
mnLD,0,1,1,0.0
mnLK,0,1,1,0.0
mnLL,2,4,6,0.33
mnLM,9,2,11,0.82
mnLN,12,14,26,0.46
mnLP,10,10,20,0.5
mnLS,5,7,12,0.42
mnLb,9,9,18,0.5
mnLh,4,9,13,0.31
mnLj,1,2,3,0.33
mnLl,7,1,8,0.88
mnLm,10,9,19,0.53
mnLn,13,14,27,0.48
mnLs,8,3,11,0.73
mnLt,1,1,2,0.5
mnMB,28,35,63,0.44
mnMD,4,10,14,0.29
mnMH,0,1,1,0.0
mnML,6,8,14,0.43
mnMM,30,34,64,0.47
mnMN,45,54,99,0.45
mnMP,52,39,91,0.57
mnMS,32,20,52,0.62
mnMb,22,31,53,0.42
mnMh,26,36,62,0.42
mnMj,4,5,9,0.44
mnMl,12,13,25,0.48
mnMm,44,29,73,0.6
mnMn,58,60,118,0.49
mnMs,40,24,64,0.62
mnMt,8,5,13,0.62
mnNB,33,42,75,0.44
mnND,10,19,29,0.34
mnNH,10,14,24,0.42
mnNI,2,1,3,0.67
mnNK,2,4,6,0.33
mnNL,12,10,22,0.55
mnNM,40,51,91,0.44
mnNN,62,61,123,0.5
mnNP,65,75,140,0.46
mnNS,30,27,57,0.53
mnNb,23,27,50,0.46
mnNh,13,22,35,0.37
mnNl,9,12,21,0.43
mnNm,44,60,104,0.42
mnNn,71,67,138,0.51
mnNs,29,47,76,0.38
mnNt,3,9,12,0.25
mnPB,39,32,71,0.55
mnPD,12,9,21,0.57
mnPH,11,22,33,0.33
mnPI,7,7,14,0.5
mnPK,8,12,20,0.4
mnPL,21,16,37,0.57
mnPM,50,64,114,0.44
mnPN,65,61,126,0.52
mnPP,70,68,138,0.51
mnPS,44,40,84,0.52
mnPb,38,52,90,0.42
mnPh,9,7,16,0.56
mnPl,14,15,29,0.48
mnPm,57,42,99,0.58
mnPn,55,43,98,0.56
mnPs,44,32,76,0.58
mnPt,4,3,7,0.57
mnSB,21,22,43,0.49
mnSD,3,4,7,0.43
mnSH,8,9,17,0.47
mnSI,2,1,3,0.67
mnSL,9,11,20,0.45
mnSM,18,34,52,0.35
mnSN,33,29,62,0.53
mnSP,30,25,55,0.55
mnSS,28,25,53,0.53
mnSb,18,8,26,0.69
mnSh,16,22,38,0.42
mnSl,7,6,13,0.54
mnSm,36,17,53,0.68
mnSn,32,23,55,0.58
mnSs,29,25,54,0.54
mnSt,5,3,8,0.62
mnbB,33,36,69,0.48
mnbD,3,5,8,0.38
mnbH,6,7,13,0.46
mnbI,4,0,4,1.0
mnbJ,8,5,13,0.62
mnbK,7,5,12,0.58
mnbL,10,7,17,0.59
mnbM,33,33,66,0.5
mnbN,33,34,67,0.49
mnbP,38,36,74,0.51
mnbS,19,20,39,0.49
mnbb,52,34,86,0.6
mnbh,0,1,1,0.0
mnbl,11,2,13,0.85
mnbm,35,22,57,0.61
mnbn,29,29,58,0.5
mnbs,11,12,23,0.48
mnhB,1,2,3,0.33
mnhD,0,1,1,0.0
mnhH,1,0,1,1.0
mnhM,2,2,4,0.5
mnhN,1,3,4,0.25
mnhP,2,1,3,0.67
mnhS,4,0,4,1.0
mnhb,0,2,2,0.0
mnhh,1,2,3,0.33
mnhm,2,3,5,0.4
mnhn,2,1,3,0.67
mnhs,0,0,0,
mnht,1,0,1,1.0
mnlB,9,10,19,0.47
mnlD,0,3,3,0.0
mnlH,6,5,11,0.55
mnlI,1,1,2,0.5
mnlJ,1,2,3,0.33
mnlL,3,3,6,0.5
mnlM,10,5,15,0.67
mnlN,4,11,15,0.27
mnlP,9,6,15,0.6
mnlS,5,5,10,0.5
mnlb,11,8,19,0.58
mnll,0,0,0,
mnlm,9,0,9,1.0
mnln,9,6,15,0.6
mnls,7,3,10,0.7
mnmB,43,31,74,0.58
mnmD,10,10,20,0.5
mnmH,20,23,43,0.47
mnmI,1,4,5,0.2
mnmJ,5,6,11,0.45
mnmL,8,8,16,0.5
mnmM,39,48,87,0.45
mnmN,59,36,95,0.62
mnmP,42,33,75,0.56
mnmS,17,15,32,0.53
mnmb,30,46,76,0.39
mnmh,0,1,1,0.0
mnml,7,5,12,0.58
mnmm,32,30,62,0.52
mnmn,46,36,82,0.56
mnms,10,13,23,0.43
mnnB,29,36,65,0.45
mnnD,13,12,25,0.52
mnnH,22,20,42,0.52
mnnI,4,5,9,0.44
mnnK,5,3,8,0.62
mnnL,8,11,19,0.42
mnnM,31,44,75,0.41
mnnN,71,55,126,0.56
mnnP,50,48,98,0.51
mnnS,31,30,61,0.51
mnnb,30,30,60,0.5
mnnh,2,1,3,0.67
mnnl,7,4,11,0.64
mnnm,38,26,64,0.59
mnnn,54,39,93,0.58
mnns,22,17,39,0.56
mnnt,0,1,1,0.0
mnsB,18,17,35,0.51
mnsD,5,5,10,0.5
mnsH,17,17,34,0.5
mnsI,4,4,8,0.5
mnsL,8,7,15,0.53
mnsM,18,26,44,0.41
mnsN,25,32,57,0.44
mnsP,37,21,58,0.64
mnsS,16,32,48,0.33
mnsb,14,22,36,0.39
mnsh,0,3,3,0.0
mnsl,5,5,10,0.5
mnsm,26,17,43,0.6
mnsn,24,23,47,0.51
mnss,25,17,42,0.6
mntB,0,1,1,0.0
mntN,0,1,1,0.0
mntP,0,0,0,
mntb,1,0,1,1.0
mntl,0,1,1,0.0
mntm,0,1,1,0.0
mntn,1,0,1,1.0
msBB,8,18,26,0.31
msBD,1,3,4,0.25
msBK,3,2,5,0.6
msBL,2,4,6,0.33
msBM,11,17,28,0.39
msBN,19,23,42,0.45
msBP,14,24,38,0.37
msBS,6,7,13,0.46
msBb,12,13,25,0.48
msBh,2,0,2,1.0
msBj,3,1,4,0.75
msBl,4,3,7,0.57
msBm,21,22,43,0.49
msBn,18,23,41,0.44
msBs,8,12,20,0.4
msBt,3,3,6,0.5
msDB,3,9,12,0.25
msDD,3,7,10,0.3
msDH,2,3,5,0.4
msDI,1,0,1,1.0
msDL,2,3,5,0.4
msDM,10,11,21,0.48
msDN,8,6,14,0.57
msDP,4,5,9,0.44
msDS,11,6,17,0.65
msDb,2,5,7,0.29
msDh,1,0,1,1.0
msDl,3,2,5,0.6
msDm,12,12,24,0.5
msDn,8,8,16,0.5
msDs,5,4,9,0.56
msDt,0,1,1,0.0
msHB,16,15,31,0.52
msHD,6,7,13,0.46
msHH,2,5,7,0.29
msHI,2,4,6,0.33
msHK,2,2,4,0.5
msHL,6,7,13,0.46
msHM,23,21,44,0.52
msHN,30,23,53,0.57
msHP,22,20,42,0.52
msHS,19,18,37,0.51
msHb,13,16,29,0.45
msHh,5,14,19,0.26
msHl,4,4,8,0.5
msHm,23,20,43,0.53
msHn,17,12,29,0.59
msHs,22,16,38,0.58
msHt,2,2,4,0.5
msIB,4,4,8,0.5
msIH,1,2,3,0.33
msII,2,1,3,0.67
msIL,1,0,1,1.0
msIM,3,4,7,0.43
msIN,1,2,3,0.33
msIP,3,6,9,0.33
msIS,6,4,10,0.6
msIb,0,4,4,0.0
msIh,1,0,1,1.0
msIm,6,0,6,1.0
msIn,2,3,5,0.4
msIs,2,4,6,0.33
msIt,0,0,0,
msKB,1,0,1,1.0
msKP,0,1,1,0.0
msKb,1,2,3,0.33
msKh,1,1,2,0.5
msKl,0,1,1,0.0
msKm,0,1,1,0.0
msKn,0,1,1,0.0
msKs,0,2,2,0.0
msLB,6,3,9,0.67
msLD,0,0,0,
msLH,1,0,1,1.0
msLK,2,0,2,1.0
msLL,0,3,3,0.0
msLM,3,11,14,0.21
msLN,3,5,8,0.38
msLP,5,4,9,0.56
msLS,8,8,16,0.5
msLb,3,4,7,0.43
msLh,0,0,0,
msLj,2,1,3,0.67
msLl,2,1,3,0.67
msLm,11,9,20,0.55
msLn,4,8,12,0.33
msLs,7,2,9,0.78
msLt,0,1,1,0.0
msMB,22,17,39,0.56
msMD,5,5,10,0.5
msMK,0,1,1,0.0
msML,6,4,10,0.6
msMM,22,24,46,0.48
msMN,30,19,49,0.61
msMP,21,23,44,0.48
msMS,12,13,25,0.48
msMb,15,16,31,0.48
msMh,16,23,39,0.41
msMj,2,6,8,0.25
msMl,3,6,9,0.33
msMm,35,23,58,0.6
msMn,30,27,57,0.53
msMs,15,27,42,0.36
msMt,4,3,7,0.57
msNB,17,16,33,0.52
msND,8,3,11,0.73
msNH,5,6,11,0.45
msNI,0,0,0,
msNK,1,4,5,0.2
msNL,7,9,16,0.44
msNM,20,24,44,0.45
msNN,25,25,50,0.5
msNP,31,28,59,0.53
msNS,16,15,31,0.52
msNb,13,10,23,0.57
msNh,6,4,10,0.6
msNl,7,5,12,0.58
msNm,31,21,52,0.6
msNn,37,27,64,0.58
msNs,20,25,45,0.44
msNt,3,4,7,0.43
msPB,23,17,40,0.57
msPD,8,4,12,0.67
msPH,4,12,16,0.25
msPI,4,2,6,0.67
msPK,3,7,10,0.3
msPL,7,10,17,0.41
msPM,17,18,35,0.49
msPN,18,28,46,0.39
msPP,33,24,57,0.58
msPS,20,25,45,0.44
msPb,15,22,37,0.41
msPh,4,3,7,0.57
msPl,9,6,15,0.6
msPm,33,22,55,0.6
msPn,21,24,45,0.47
msPs,20,14,34,0.59
msPt,3,4,7,0.43
msSB,14,14,28,0.5
msSD,5,9,14,0.36
msSH,9,4,13,0.69
msSI,1,2,3,0.33
msSK,0,1,1,0.0
msSL,3,7,10,0.3
msSM,21,23,44,0.48
msSN,21,23,44,0.48
msSP,19,27,46,0.41
msSS,27,26,53,0.51
msSb,15,15,30,0.5
msSh,15,17,32,0.47
msSl,5,3,8,0.62
msSm,16,22,38,0.42
msSn,16,22,38,0.42
msSs,33,19,52,0.63
msSt,8,3,11,0.73
msbB,19,18,37,0.51
msbD,3,6,9,0.33
msbH,3,6,9,0.33
msbI,0,0,0,
msbJ,6,4,10,0.6
msbK,3,2,5,0.6
msbL,4,1,5,0.8
msbM,17,22,39,0.44
msbN,17,16,33,0.52
msbP,20,16,36,0.56
msbS,9,8,17,0.53
msbb,18,14,32,0.56
msbl,7,2,9,0.78
msbm,21,10,31,0.68
msbn,14,15,29,0.48
msbs,4,7,11,0.36
mshB,0,2,2,0.0
mshH,0,1,1,0.0
mshI,1,0,1,1.0
mshM,0,2,2,0.0
mshN,0,0,0,
mshP,0,3,3,0.0
mshS,1,2,3,0.33
mshb,1,0,1,1.0
mshh,1,0,1,1.0
mshl,1,1,2,0.5
mshm,4,3,7,0.57
mshn,1,1,2,0.5
mshs,1,0,1,1.0
mslB,8,3,11,0.73
mslD,0,0,0,
mslH,0,4,4,0.0
mslJ,1,0,1,1.0
mslK,1,0,1,1.0
mslL,1,3,4,0.25
mslM,3,3,6,0.5
mslN,6,5,11,0.55
mslP,10,6,16,0.62
mslS,4,4,8,0.5
mslb,1,1,2,0.5
msll,1,1,2,0.5
mslm,9,0,9,1.0
msln,2,3,5,0.4
msls,5,5,10,0.5
msmB,29,20,49,0.59
msmD,16,6,22,0.73
msmH,14,26,40,0.35
msmI,2,4,6,0.33
msmJ,5,2,7,0.71
msmL,4,7,11,0.36
msmM,22,27,49,0.45
msmN,21,32,53,0.4
msmP,24,24,48,0.5
msmS,19,15,34,0.56
msmb,22,19,41,0.54
msml,1,2,3,0.33
msmm,39,22,61,0.64
msmn,29,25,54,0.54
msms,15,12,27,0.56
msnB,10,20,30,0.33
msnD,7,9,16,0.44
msnH,7,13,20,0.35
msnI,2,1,3,0.67
msnK,3,0,3,1.0
msnL,7,7,14,0.5
msnM,20,29,49,0.41
msnN,33,25,58,0.57
msnP,19,26,45,0.42
msnS,19,12,31,0.61
msnb,11,16,27,0.41
msnh,1,0,1,1.0
msnl,5,1,6,0.83
msnm,20,23,43,0.47
msnn,21,18,39,0.54
msns,19,12,31,0.61
mssB,15,8,23,0.65
mssD,7,8,15,0.47
mssH,11,14,25,0.44
mssI,1,2,3,0.33
mssK,0,0,0,
mssL,6,3,9,0.67
mssM,14,13,27,0.52
mssN,22,19,41,0.54
mssP,21,16,37,0.57
mssS,20,22,42,0.48
mssb,12,9,21,0.57
mssh,1,4,5,0.2
mssl,6,4,10,0.6
mssm,14,17,31,0.45
mssn,14,14,28,0.5
msss,21,12,33,0.64
msst,0,0,0,
mstB,0,1,1,0.0
mstD,0,1,1,0.0
mstH,1,1,2,0.5
mstM,1,1,2,0.5
mstS,2,1,3,0.67
mstb,1,1,2,0.5
mstm,1,0,1,1.0
msts,0,0,0,
mtBP,1,0,1,1.0
mtDn,0,0,0,
mtIM,0,0,0,
mtMM,1,0,1,1.0
mtMn,1,0,1,1.0
mtNM,0,0,0,
mtPl,0,0,0,
mtSM,0,0,0,
mtSm,0,0,0,
mtbB,0,1,1,0.0
mtbN,0,1,1,0.0
mtml,0,1,1,0.0
mtnM,1,0,1,1.0
mtsn,0,1,1,0.0
mttM,0,1,1,0.0
nBBB,23,30,53,0.43
nBBD,5,7,12,0.42
nBBH,0,0,0,
nBBI,0,1,1,0.0
nBBK,2,2,4,0.5
nBBL,7,10,17,0.41
nBBM,21,21,42,0.5
nBBN,26,29,55,0.47
nBBP,36,47,83,0.43
nBBS,15,13,28,0.54
nBBb,23,26,49,0.47
nBBh,0,2,2,0.0
nBBj,4,8,12,0.33
nBBl,7,9,16,0.44
nBBm,31,41,72,0.43
nBBn,42,30,72,0.58
nBBs,19,13,32,0.59
nBBt,2,5,7,0.29
nBDB,2,6,8,0.25
nBDD,2,0,2,1.0
nBDH,3,6,9,0.33
nBDI,0,0,0,
nBDL,2,3,5,0.4
nBDM,6,6,12,0.5
nBDN,2,7,9,0.22
nBDP,7,5,12,0.58
nBDS,8,6,14,0.57
nBDb,5,4,9,0.56
nBDh,1,0,1,1.0
nBDl,2,4,6,0.33
nBDm,8,8,16,0.5
nBDn,6,7,13,0.46
nBDs,4,7,11,0.36
nBHH,0,0,0,
nBHK,0,0,0,
nBHL,1,0,1,1.0
nBHM,1,1,2,0.5
nBHP,1,0,1,1.0
nBHn,1,0,1,1.0
nBHs,1,0,1,1.0
nBIB,0,1,1,0.0
nBKB,6,3,9,0.67
nBKD,0,1,1,0.0
nBKI,0,1,1,0.0
nBKK,1,0,1,1.0
nBKL,0,1,1,0.0
nBKM,6,6,12,0.5
nBKN,3,2,5,0.6
nBKP,3,8,11,0.27
nBKS,4,4,8,0.5
nBKb,1,3,4,0.25
nBKh,0,2,2,0.0
nBKl,1,2,3,0.33
nBKm,3,0,3,1.0
nBKn,3,2,5,0.6
nBKs,5,4,9,0.56
nBKt,2,0,2,1.0
nBLB,11,5,16,0.69
nBLD,1,1,2,0.5
nBLL,0,2,2,0.0
nBLM,6,7,13,0.46
nBLN,10,13,23,0.43
nBLP,17,12,29,0.59
nBLS,3,2,5,0.6
nBLb,9,9,18,0.5
nBLh,3,3,6,0.5
nBLj,2,1,3,0.67
nBLl,3,5,8,0.38
nBLm,10,12,22,0.45
nBLn,12,12,24,0.5
nBLs,8,4,12,0.67
nBLt,1,1,2,0.5
nBMB,26,27,53,0.49
nBMD,8,4,12,0.67
nBMK,0,1,1,0.0
nBML,6,7,13,0.46
nBMM,19,16,35,0.54
nBMN,21,29,50,0.42
nBMP,32,24,56,0.57
nBMS,9,10,19,0.47
nBMb,20,24,44,0.45
nBMh,24,27,51,0.47
nBMj,3,3,6,0.5
nBMl,10,8,18,0.56
nBMm,34,30,64,0.53
nBMn,31,30,61,0.51
nBMs,10,13,23,0.43
nBMt,5,2,7,0.71
nBNB,32,29,61,0.52
nBND,6,4,10,0.6
nBNH,8,4,12,0.67
nBNI,0,2,2,0.0
nBNK,1,3,4,0.25
nBNL,9,10,19,0.47
nBNM,20,47,67,0.3
nBNN,39,42,81,0.48
nBNP,39,66,105,0.37
nBNS,19,26,45,0.42
nBNb,25,32,57,0.44
nBNh,10,17,27,0.37
nBNl,10,10,20,0.5
nBNm,37,33,70,0.53
nBNn,58,58,116,0.5
nBNs,31,35,66,0.47
nBNt,3,3,6,0.5
nBPB,28,29,57,0.49
nBPD,7,5,12,0.58
nBPH,11,10,21,0.52
nBPI,7,3,10,0.7
nBPK,3,10,13,0.23
nBPL,12,12,24,0.5
nBPM,36,36,72,0.5
nBPN,39,45,84,0.46
nBPP,41,57,98,0.42
nBPS,28,22,50,0.56
nBPb,29,36,65,0.45
nBPh,8,5,13,0.62
nBPl,8,8,16,0.5
nBPm,47,45,92,0.51
nBPn,37,39,76,0.49
nBPs,21,16,37,0.57
nBPt,1,1,2,0.5
nBSB,12,12,24,0.5
nBSD,3,5,8,0.38
nBSH,6,5,11,0.55
nBSI,2,0,2,1.0
nBSL,4,7,11,0.36
nBSM,21,19,40,0.52
nBSN,23,25,48,0.48
nBSP,19,20,39,0.49
nBSS,22,19,41,0.54
nBSb,15,11,26,0.58
nBSh,4,10,14,0.29
nBSl,7,9,16,0.44
nBSm,8,14,22,0.36
nBSn,21,20,41,0.51
nBSs,20,13,33,0.61
nBSt,0,2,2,0.0
nBbB,22,27,49,0.45
nBbD,5,2,7,0.71
nBbH,6,6,12,0.5
nBbI,4,5,9,0.44
nBbJ,8,14,22,0.36
nBbK,4,5,9,0.44
nBbL,5,13,18,0.28
nBbM,17,22,39,0.44
nBbN,28,34,62,0.45
nBbP,34,37,71,0.48
nBbS,10,15,25,0.4
nBbb,21,22,43,0.49
nBbl,1,10,11,0.09
nBbm,23,20,43,0.53
nBbn,27,28,55,0.49
nBbs,12,11,23,0.52
nBhB,2,1,3,0.67
nBhD,1,1,2,0.5
nBhH,0,1,1,0.0
nBhI,0,0,0,
nBhL,1,3,4,0.25
nBhM,1,0,1,1.0
nBhN,0,4,4,0.0
nBhP,4,3,7,0.57
nBhS,3,2,5,0.6
nBhb,4,6,10,0.4
nBhh,0,4,4,0.0
nBhl,3,1,4,0.75
nBhm,2,0,2,1.0
nBhn,5,7,12,0.42
nBhs,0,1,1,0.0
nBht,2,0,2,1.0
nBjB,6,9,15,0.4
nBjD,1,1,2,0.5
nBjH,2,0,2,1.0
nBjI,1,0,1,1.0
nBjL,1,3,4,0.25
nBjM,5,6,11,0.45
nBjN,8,5,13,0.62
nBjP,8,8,16,0.5
nBjS,9,2,11,0.82
nBjb,3,3,6,0.5
nBjh,2,0,2,1.0
nBjl,0,1,1,0.0
nBjm,8,4,12,0.67
nBjn,8,6,14,0.57
nBjs,3,2,5,0.6
nBjt,0,2,2,0.0
nBlB,10,4,14,0.71
nBlD,3,0,3,1.0
nBlH,5,6,11,0.45
nBlI,1,1,2,0.5
nBlJ,2,5,7,0.29
nBlK,1,1,2,0.5
nBlL,3,2,5,0.6
nBlM,8,7,15,0.53
nBlN,4,16,20,0.2
nBlP,10,10,20,0.5
nBlS,10,8,18,0.56
nBlb,8,12,20,0.4
nBll,6,2,8,0.75
nBlm,11,7,18,0.61
nBln,9,5,14,0.64
nBls,11,6,17,0.65
nBmB,28,19,47,0.6
nBmD,6,7,13,0.46
nBmH,17,28,45,0.38
nBmI,2,0,2,1.0
nBmJ,7,0,7,1.0
nBmK,1,1,2,0.5
nBmL,8,13,21,0.38
nBmM,30,39,69,0.43
nBmN,37,49,86,0.43
nBmP,40,42,82,0.49
nBmS,19,19,38,0.5
nBmb,30,25,55,0.55
nBml,11,8,19,0.58
nBmm,31,25,56,0.55
nBmn,28,21,49,0.57
nBms,19,22,41,0.46
nBnB,28,31,59,0.47
nBnD,8,3,11,0.73
nBnH,36,24,60,0.6
nBnI,11,9,20,0.55
nBnK,4,4,8,0.5
nBnL,15,8,23,0.65
nBnM,31,40,71,0.44
nBnN,57,63,120,0.48
nBnP,57,73,130,0.44
nBnS,22,27,49,0.45
nBnb,34,22,56,0.61
nBnh,3,2,5,0.6
nBnl,11,16,27,0.41
nBnm,48,25,73,0.66
nBnn,39,46,85,0.46
nBns,30,31,61,0.49
nBnt,1,0,1,1.0
nBsB,11,9,20,0.55
nBsD,2,3,5,0.4
nBsH,8,18,26,0.31
nBsI,3,4,7,0.43
nBsK,1,0,1,1.0
nBsL,2,4,6,0.33
nBsM,11,15,26,0.42
nBsN,21,22,43,0.49
nBsP,30,14,44,0.68
nBsS,14,14,28,0.5
nBsb,17,9,26,0.65
nBsh,1,0,1,1.0
nBsl,8,5,13,0.62
nBsm,14,14,28,0.5
nBsn,20,19,39,0.51
nBss,12,9,21,0.57
nBtB,2,4,6,0.33
nBtD,1,0,1,1.0
nBtH,0,3,3,0.0
nBtL,1,2,3,0.33
nBtM,4,6,10,0.4
nBtN,4,5,9,0.44
nBtP,7,5,12,0.58
nBtS,8,3,11,0.73
nBtb,2,0,2,1.0
nBtl,1,1,2,0.5
nBtm,3,5,8,0.38
nBtn,4,4,8,0.5
nBts,4,1,5,0.8
nBtt,3,1,4,0.75
nDBB,7,5,12,0.58
nDBD,2,0,2,1.0
nDBK,1,0,1,1.0
nDBL,1,1,2,0.5
nDBM,3,8,11,0.27
nDBN,4,5,9,0.44
nDBP,8,5,13,0.62
nDBS,5,6,11,0.45
nDBb,1,1,2,0.5
nDBj,2,0,2,1.0
nDBl,4,3,7,0.57
nDBm,18,4,22,0.82
nDBn,12,7,19,0.63
nDBs,1,1,2,0.5
nDBt,1,1,2,0.5
nDDB,5,2,7,0.71
nDDD,2,1,3,0.67
nDDH,0,1,1,0.0
nDDI,1,0,1,1.0
nDDL,2,0,2,1.0
nDDM,4,5,9,0.44
nDDN,5,2,7,0.71
nDDP,3,4,7,0.43
nDDS,2,2,4,0.5
nDDb,1,2,3,0.33
nDDl,1,1,2,0.5
nDDm,8,5,13,0.62
nDDn,1,3,4,0.25
nDDs,3,1,4,0.75
nDDt,0,0,0,
nDHB,4,2,6,0.67
nDHD,2,1,3,0.67
nDHH,2,2,4,0.5
nDHI,0,1,1,0.0
nDHK,0,1,1,0.0
nDHL,3,0,3,1.0
nDHM,8,8,16,0.5
nDHN,9,4,13,0.69
nDHP,8,5,13,0.62
nDHS,11,8,19,0.58
nDHb,5,5,10,0.5
nDHh,10,5,15,0.67
nDHl,2,3,5,0.4
nDHm,9,3,12,0.75
nDHn,12,5,17,0.71
nDHs,2,2,4,0.5
nDIB,0,1,1,0.0
nDID,1,0,1,1.0
nDIL,0,1,1,0.0
nDIM,0,1,1,0.0
nDIP,0,1,1,0.0
nDIS,0,1,1,0.0
nDIs,2,0,2,1.0
nDKP,1,0,1,1.0
nDKm,0,1,1,0.0
nDKs,0,0,0,
nDLB,5,6,11,0.45
nDLK,0,1,1,0.0
nDLL,1,4,5,0.2
nDLM,1,4,5,0.2
nDLN,4,2,6,0.67
nDLP,0,2,2,0.0
nDLS,3,1,4,0.75
nDLb,0,5,5,0.0
nDLh,0,1,1,0.0
nDLj,0,0,0,
nDLl,1,1,2,0.5
nDLm,4,2,6,0.67
nDLn,4,2,6,0.67
nDLs,1,3,4,0.25
nDLt,0,1,1,0.0
nDMB,9,15,24,0.38
nDMD,2,3,5,0.4
nDML,3,2,5,0.6
nDMM,6,13,19,0.32
nDMN,9,13,22,0.41
nDMP,9,5,14,0.64
nDMS,13,8,21,0.62
nDMb,9,5,14,0.64
nDMh,10,7,17,0.59
nDMj,1,0,1,1.0
nDMl,4,4,8,0.5
nDMm,10,9,19,0.53
nDMn,14,11,25,0.56
nDMs,6,8,14,0.43
nDMt,1,0,1,1.0
nDNB,3,11,14,0.21
nDND,1,2,3,0.33
nDNH,0,3,3,0.0
nDNK,0,2,2,0.0
nDNL,0,0,0,
nDNM,5,10,15,0.33
nDNN,7,7,14,0.5
nDNP,15,12,27,0.56
nDNS,6,5,11,0.55
nDNb,3,1,4,0.75
nDNh,2,1,3,0.67
nDNl,2,4,6,0.33
nDNm,8,3,11,0.73
nDNn,15,9,24,0.62
nDNs,4,3,7,0.57
nDNt,0,1,1,0.0
nDPB,0,14,14,0.0
nDPD,2,0,2,1.0
nDPH,2,3,5,0.4
nDPI,0,3,3,0.0
nDPK,3,1,4,0.75
nDPL,3,8,11,0.27
nDPM,5,14,19,0.26
nDPN,9,8,17,0.53
nDPP,10,13,23,0.43
nDPS,7,10,17,0.41
nDPb,6,9,15,0.4
nDPh,1,3,4,0.25
nDPl,4,3,7,0.57
nDPm,15,14,29,0.52
nDPn,12,9,21,0.57
nDPs,7,9,16,0.44
nDPt,1,0,1,1.0
nDSB,4,9,13,0.31
nDSD,1,1,2,0.5
nDSH,4,3,7,0.57
nDSI,0,1,1,0.0
nDSL,3,0,3,1.0
nDSM,9,8,17,0.53
nDSN,6,10,16,0.38
nDSP,6,12,18,0.33
nDSS,15,5,20,0.75
nDSb,8,9,17,0.47
nDSh,3,4,7,0.43
nDSl,2,2,4,0.5
nDSm,3,10,13,0.23
nDSn,5,9,14,0.36
nDSs,8,7,15,0.53
nDSt,0,3,3,0.0
nDbB,7,7,14,0.5
nDbD,1,1,2,0.5
nDbH,2,0,2,1.0
nDbI,1,1,2,0.5
nDbJ,1,2,3,0.33
nDbK,1,3,4,0.25
nDbL,3,1,4,0.75
nDbM,4,5,9,0.44
nDbN,6,7,13,0.46
nDbP,11,5,16,0.69
nDbS,3,3,6,0.5
nDbb,3,3,6,0.5
nDbl,1,2,3,0.33
nDbm,6,4,10,0.6
nDbn,10,5,15,0.67
nDbs,2,7,9,0.22
nDhI,1,0,1,1.0
nDhM,1,0,1,1.0
nDhN,0,1,1,0.0
nDhP,0,1,1,0.0
nDhS,0,1,1,0.0
nDhb,1,0,1,1.0
nDhn,1,1,2,0.5
nDlB,2,1,3,0.67
nDlD,2,2,4,0.5
nDlH,2,3,5,0.4
nDlI,0,0,0,
nDlJ,1,2,3,0.33
nDlK,1,0,1,1.0
nDlL,1,1,2,0.5
nDlM,1,3,4,0.25
nDlN,2,0,2,1.0
nDlP,2,0,2,1.0
nDlS,1,0,1,1.0
nDlb,6,3,9,0.67
nDll,0,1,1,0.0
nDlm,3,1,4,0.75
nDln,2,2,4,0.5
nDls,1,2,3,0.33
nDmB,7,8,15,0.47
nDmD,5,3,8,0.62
nDmH,6,9,15,0.4
nDmI,1,0,1,1.0
nDmJ,1,2,3,0.33
nDmL,4,1,5,0.8
nDmM,9,12,21,0.43
nDmN,10,4,14,0.71
nDmP,9,9,18,0.5
nDmS,7,5,12,0.58
nDmb,7,9,16,0.44
nDml,1,3,4,0.25
nDmm,9,11,20,0.45
nDmn,5,5,10,0.5
nDms,8,4,12,0.67
nDnB,3,7,10,0.3
nDnD,5,3,8,0.62
nDnH,6,3,9,0.67
nDnI,1,2,3,0.33
nDnK,1,0,1,1.0
nDnL,3,1,4,0.75
nDnM,2,11,13,0.15
nDnN,12,13,25,0.48
nDnP,11,10,21,0.52
nDnS,7,8,15,0.47
nDnb,7,5,12,0.58
nDnl,2,2,4,0.5
nDnm,9,8,17,0.53
nDnn,7,8,15,0.47
nDns,7,5,12,0.58
nDsB,1,5,6,0.17
nDsD,4,3,7,0.57
nDsH,6,7,13,0.46
nDsL,1,4,5,0.2
nDsM,3,11,14,0.21
nDsN,7,9,16,0.44
nDsP,4,10,14,0.29
nDsS,6,9,15,0.4
nDsb,6,4,10,0.6
nDsh,0,1,1,0.0
nDsl,1,2,3,0.33
nDsm,3,10,13,0.23
nDsn,9,6,15,0.6
nDss,7,8,15,0.47
nDtB,0,2,2,0.0
nDtH,0,0,0,
nDtM,0,1,1,0.0
nDtN,1,1,2,0.5
nDtP,1,0,1,1.0
nDtS,1,0,1,1.0
nDtl,0,1,1,0.0
nDtm,4,0,4,1.0
nDtn,0,1,1,0.0
nDts,1,0,1,1.0
nDtt,1,0,1,1.0
nHBB,20,10,30,0.67
nHBD,3,3,6,0.5
nHBK,1,1,2,0.5
nHBL,2,5,7,0.29
nHBM,12,17,29,0.41
nHBN,12,21,33,0.36
nHBP,16,19,35,0.46
nHBS,11,10,21,0.52
nHBb,18,17,35,0.51
nHBh,2,1,3,0.67
nHBj,6,1,7,0.86
nHBl,11,4,15,0.73
nHBm,19,10,29,0.66
nHBn,15,22,37,0.41
nHBs,7,12,19,0.37
nHBt,1,3,4,0.25
nHDB,3,0,3,1.0
nHDD,0,1,1,0.0
nHDH,8,6,14,0.57
nHDI,1,0,1,1.0
nHDL,1,0,1,1.0
nHDM,5,6,11,0.45
nHDN,4,3,7,0.57
nHDP,3,6,9,0.33
nHDS,9,3,12,0.75
nHDb,2,3,5,0.4
nHDl,0,0,0,
nHDm,5,7,12,0.42
nHDn,9,2,11,0.82
nHDs,4,7,11,0.36
nHHB,4,2,6,0.67
nHHD,1,0,1,1.0
nHHH,1,2,3,0.33
nHHI,2,0,2,1.0
nHHK,2,0,2,1.0
nHHL,1,0,1,1.0
nHHM,5,5,10,0.5
nHHN,7,2,9,0.78
nHHP,4,2,6,0.67
nHHS,3,6,9,0.33
nHHb,5,2,7,0.71
nHHh,2,2,4,0.5
nHHl,2,0,2,1.0
nHHm,2,5,7,0.29
nHHn,3,4,7,0.43
nHHs,3,9,12,0.25
nHIB,0,1,1,0.0
nHID,3,1,4,0.75
nHIH,0,1,1,0.0
nHIL,2,1,3,0.67
nHIM,4,3,7,0.57
nHIN,4,3,7,0.57
nHIP,3,3,6,0.5
nHIS,3,2,5,0.6
nHIb,2,2,4,0.5
nHIm,4,4,8,0.5
nHIn,4,0,4,1.0
nHIs,1,5,6,0.17
nHKB,2,1,3,0.67
nHKL,1,1,2,0.5
nHKM,1,2,3,0.33
nHKN,3,2,5,0.6
nHKP,3,4,7,0.43
nHKS,2,0,2,1.0
nHKb,1,1,2,0.5
nHKh,2,0,2,1.0
nHKm,1,1,2,0.5
nHKn,2,0,2,1.0
nHKs,2,0,2,1.0
nHKt,1,0,1,1.0
nHLB,4,2,6,0.67
nHLD,1,3,4,0.25
nHLK,1,1,2,0.5
nHLL,1,2,3,0.33
nHLM,5,13,18,0.28
nHLN,1,8,9,0.11
nHLP,7,5,12,0.58
nHLS,2,6,8,0.25
nHLb,3,3,6,0.5
nHLh,1,6,7,0.14
nHLj,2,1,3,0.67
nHLl,1,3,4,0.25
nHLm,6,4,10,0.6
nHLn,6,7,13,0.46
nHLs,8,1,9,0.89
nHLt,0,2,2,0.0
nHMB,13,10,23,0.57
nHMD,4,4,8,0.5
nHMK,0,1,1,0.0
nHML,5,3,8,0.62
nHMM,18,18,36,0.5
nHMN,17,22,39,0.44
nHMP,19,26,45,0.42
nHMS,15,15,30,0.5
nHMb,15,17,32,0.47
nHMh,17,17,34,0.5
nHMj,7,6,13,0.54
nHMl,5,10,15,0.33
nHMm,22,13,35,0.63
nHMn,41,30,71,0.58
nHMs,16,18,34,0.47
nHMt,3,4,7,0.43
nHNB,18,22,40,0.45
nHND,4,7,11,0.36
nHNH,6,7,13,0.46
nHNK,0,3,3,0.0
nHNL,6,8,14,0.43
nHNM,23,26,49,0.47
nHNN,25,28,53,0.47
nHNP,34,33,67,0.51
nHNS,15,26,41,0.37
nHNb,17,20,37,0.46
nHNh,15,8,23,0.65
nHNl,8,4,12,0.67
nHNm,31,25,56,0.55
nHNn,46,31,77,0.6
nHNs,20,22,42,0.48
nHNt,5,2,7,0.71
nHPB,20,24,44,0.45
nHPD,8,3,11,0.73
nHPH,8,12,20,0.4
nHPI,3,2,5,0.6
nHPK,4,2,6,0.67
nHPL,13,10,23,0.57
nHPM,26,38,64,0.41
nHPN,24,28,52,0.46
nHPP,53,32,85,0.62
nHPS,27,19,46,0.59
nHPb,29,24,53,0.55
nHPh,2,1,3,0.67
nHPl,9,6,15,0.6
nHPm,31,27,58,0.53
nHPn,30,20,50,0.6
nHPs,22,17,39,0.56
nHPt,2,3,5,0.4
nHSB,14,13,27,0.52
nHSD,5,5,10,0.5
nHSH,4,7,11,0.36
nHSI,0,1,1,0.0
nHSL,4,3,7,0.57
nHSM,11,18,29,0.38
nHSN,14,19,33,0.42
nHSP,18,24,42,0.43
nHSS,16,23,39,0.41
nHSb,8,9,17,0.47
nHSh,4,9,13,0.31
nHSl,1,3,4,0.25
nHSm,16,23,39,0.41
nHSn,19,13,32,0.59
nHSs,17,13,30,0.57
nHSt,1,4,5,0.2
nHbB,13,15,28,0.46
nHbD,4,1,5,0.8
nHbH,4,6,10,0.4
nHbI,1,2,3,0.33
nHbJ,3,5,8,0.38
nHbK,1,3,4,0.25
nHbL,4,11,15,0.27
nHbM,20,19,39,0.51
nHbN,22,16,38,0.58
nHbP,25,18,43,0.58
nHbS,8,11,19,0.42
nHbb,16,16,32,0.5
nHbh,0,1,1,0.0
nHbl,7,4,11,0.64
nHbm,18,10,28,0.64
nHbn,12,19,31,0.39
nHbs,7,13,20,0.35
nHhB,10,7,17,0.59
nHhD,0,1,1,0.0
nHhH,3,3,6,0.5
nHhI,0,1,1,0.0
nHhK,1,1,2,0.5
nHhL,0,2,2,0.0
nHhM,17,15,32,0.53
nHhN,8,8,16,0.5
nHhP,11,14,25,0.44
nHhS,13,12,25,0.52
nHhb,7,10,17,0.41
nHhh,12,5,17,0.71
nHhl,4,3,7,0.57
nHhm,13,6,19,0.68
nHhn,14,10,24,0.58
nHhs,6,5,11,0.55
nHlB,6,4,10,0.6
nHlD,1,1,2,0.5
nHlH,2,3,5,0.4
nHlJ,2,3,5,0.4
nHlK,1,0,1,1.0
nHlL,0,4,4,0.0
nHlM,9,6,15,0.6
nHlN,3,11,14,0.21
nHlP,8,8,16,0.5
nHlS,7,3,10,0.7
nHlb,4,4,8,0.5
nHlh,2,0,2,1.0
nHll,1,4,5,0.2
nHlm,9,8,17,0.53
nHln,5,3,8,0.62
nHls,5,4,9,0.56
nHmB,14,13,27,0.52
nHmD,7,5,12,0.58
nHmH,25,19,44,0.57
nHmI,5,0,5,1.0
nHmJ,2,7,9,0.22
nHmL,9,9,18,0.5
nHmM,20,35,55,0.36
nHmN,34,37,71,0.48
nHmP,29,29,58,0.5
nHmS,24,25,49,0.49
nHmb,16,17,33,0.48
nHml,8,4,12,0.67
nHmm,22,23,45,0.49
nHmn,19,19,38,0.5
nHms,13,10,23,0.57
nHnB,16,18,34,0.47
nHnD,5,7,12,0.42
nHnH,17,13,30,0.57
nHnI,2,4,6,0.33
nHnK,0,0,0,
nHnL,5,12,17,0.29
nHnM,21,22,43,0.49
nHnN,34,28,62,0.55
nHnP,38,38,76,0.5
nHnS,17,18,35,0.49
nHnb,16,10,26,0.62
nHnl,10,7,17,0.59
nHnm,21,15,36,0.58
nHnn,24,22,46,0.52
nHns,19,15,34,0.56
nHsB,5,10,15,0.33
nHsD,4,4,8,0.5
nHsH,19,11,30,0.63
nHsI,2,5,7,0.29
nHsK,0,1,1,0.0
nHsL,7,6,13,0.54
nHsM,10,21,31,0.32
nHsN,18,16,34,0.53
nHsP,19,14,33,0.58
nHsS,12,20,32,0.38
nHsb,12,13,25,0.48
nHsh,2,1,3,0.67
nHsl,4,1,5,0.8
nHsm,19,12,31,0.61
nHsn,12,20,32,0.38
nHss,19,13,32,0.59
nHtB,1,1,2,0.5
nHtH,1,0,1,1.0
nHtM,0,1,1,0.0
nHtN,3,3,6,0.5
nHtP,0,3,3,0.0
nHtS,1,0,1,1.0
nHtb,0,2,2,0.0
nHtl,1,0,1,1.0
nHtm,2,2,4,0.5
nHtn,2,1,3,0.67
nHts,2,3,5,0.4
nIBB,4,3,7,0.57
nIBD,1,1,2,0.5
nIBK,0,2,2,0.0
nIBL,2,1,3,0.67
nIBM,3,4,7,0.43
nIBN,5,3,8,0.62
nIBP,7,10,17,0.41
nIBS,4,3,7,0.57
nIBb,2,1,3,0.67
nIBh,1,2,3,0.33
nIBj,2,0,2,1.0
nIBl,2,2,4,0.5
nIBm,7,5,12,0.58
nIBn,11,14,25,0.44
nIBs,3,3,6,0.5
nIBt,1,0,1,1.0
nIDB,4,3,7,0.57
nIDD,2,2,4,0.5
nIDH,1,0,1,1.0
nIDI,1,0,1,1.0
nIDL,2,0,2,1.0
nIDM,0,3,3,0.0
nIDN,2,5,7,0.29
nIDP,4,2,6,0.67
nIDS,1,2,3,0.33
nIDb,3,1,4,0.75
nIDh,0,1,1,0.0
nIDm,2,1,3,0.67
nIDn,0,1,1,0.0
nIDs,1,1,2,0.5
nIHB,7,6,13,0.54
nIHH,1,2,3,0.33
nIHI,1,0,1,1.0
nIHK,2,0,2,1.0
nIHL,1,1,2,0.5
nIHM,8,9,17,0.47
nIHN,3,4,7,0.43
nIHP,1,7,8,0.12
nIHS,2,5,7,0.29
nIHb,4,4,8,0.5
nIHh,2,1,3,0.67
nIHl,1,2,3,0.33
nIHm,10,4,14,0.71
nIHn,5,2,7,0.71
nIHs,5,6,11,0.45
nIHt,1,2,3,0.33
nIIB,1,2,3,0.33
nIIH,2,1,3,0.67
nIIL,0,0,0,
nIIM,0,2,2,0.0
nIIN,0,1,1,0.0
nIIP,0,1,1,0.0
nIIS,1,3,4,0.25
nIIb,2,1,3,0.67
nIIl,0,1,1,0.0
nIIm,2,1,3,0.67
nIIs,0,1,1,0.0
nIKM,0,1,1,0.0
nIKm,0,1,1,0.0
nILB,1,0,1,1.0
nILK,2,0,2,1.0
nILL,1,1,2,0.5
nILM,1,0,1,1.0
nILN,3,1,4,0.75
nILP,1,1,2,0.5
nILS,1,1,2,0.5
nILb,1,0,1,1.0
nILh,0,1,1,0.0
nILl,1,0,1,1.0
nILm,5,3,8,0.62
nILn,5,1,6,0.83
nILs,1,0,1,1.0
nILt,1,0,1,1.0
nIMB,3,5,8,0.38
nIMD,0,2,2,0.0
nIML,1,4,5,0.2
nIMM,3,13,16,0.19
nIMN,10,5,15,0.67
nIMP,11,9,20,0.55
nIMS,2,2,4,0.5
nIMb,8,5,13,0.62
nIMh,5,6,11,0.45
nIMj,0,2,2,0.0
nIMl,2,2,4,0.5
nIMm,8,5,13,0.62
nIMn,6,11,17,0.35
nIMs,8,2,10,0.8
nIMt,2,1,3,0.67
nINB,1,3,4,0.25
nIND,1,0,1,1.0
nINH,2,2,4,0.5
nINL,0,5,5,0.0
nINM,4,10,14,0.29
nINN,8,9,17,0.47
nINP,7,15,22,0.32
nINS,3,6,9,0.33
nINb,6,7,13,0.46
nINh,2,3,5,0.4
nINl,2,5,7,0.29
nINm,6,6,12,0.5
nINn,8,10,18,0.44
nINs,1,3,4,0.25
nINt,3,0,3,1.0
nIPB,5,4,9,0.56
nIPD,1,3,4,0.25
nIPH,1,3,4,0.25
nIPI,1,0,1,1.0
nIPK,2,1,3,0.67
nIPL,1,4,5,0.2
nIPM,13,11,24,0.54
nIPN,7,13,20,0.35
nIPP,6,9,15,0.4
nIPS,4,5,9,0.44
nIPb,4,5,9,0.44
nIPh,1,0,1,1.0
nIPl,1,3,4,0.25
nIPm,11,8,19,0.58
nIPn,5,4,9,0.56
nIPs,5,3,8,0.62
nIPt,1,2,3,0.33
nISB,2,1,3,0.67
nISD,2,1,3,0.67
nISH,1,2,3,0.33
nISK,1,0,1,1.0
nISL,2,1,3,0.67
nISM,6,5,11,0.55
nISN,8,4,12,0.67
nISP,3,5,8,0.38
nISS,4,2,6,0.67
nISb,6,5,11,0.55
nISh,0,1,1,0.0
nISl,0,1,1,0.0
nISm,4,5,9,0.44
nISn,5,4,9,0.56
nISs,4,6,10,0.4
nISt,0,2,2,0.0
nIbB,4,3,7,0.57
nIbD,0,0,0,
nIbH,1,0,1,1.0
nIbJ,1,4,5,0.2
nIbK,1,0,1,1.0
nIbL,4,4,8,0.5
nIbM,5,5,10,0.5
nIbN,6,8,14,0.43
nIbP,7,9,16,0.44
nIbS,3,1,4,0.75
nIbb,4,6,10,0.4
nIbl,3,0,3,1.0
nIbm,7,3,10,0.7
nIbn,4,2,6,0.67
nIbs,5,4,9,0.56
nIhh,1,0,1,1.0
nIhl,0,1,1,0.0
nIhm,0,1,1,0.0
nIhs,0,0,0,
nIlB,3,0,3,1.0
nIlD,2,0,2,1.0
nIlH,0,2,2,0.0
nIlJ,1,0,1,1.0
nIlM,0,0,0,
nIlN,1,3,4,0.25
nIlP,3,2,5,0.6
nIlS,1,3,4,0.25
nIlb,0,1,1,0.0
nIll,1,0,1,1.0
nIlm,2,0,2,1.0
nIln,1,0,1,1.0
nIls,1,1,2,0.5
nImB,10,10,20,0.5
nImD,3,0,3,1.0
nImH,5,7,12,0.42
nImJ,1,1,2,0.5
nImL,2,3,5,0.4
nImM,9,6,15,0.6
nImN,10,9,19,0.53
nImP,9,13,22,0.41
nImS,2,3,5,0.4
nImb,5,5,10,0.5
nImm,9,6,15,0.6
nImn,7,5,12,0.58
nIms,3,8,11,0.27
nInB,3,3,6,0.5
nInD,0,2,2,0.0
nInH,7,4,11,0.64
nInI,0,1,1,0.0
nInK,0,2,2,0.0
nInL,2,2,4,0.5
nInM,5,12,17,0.29
nInN,8,7,15,0.53
nInP,10,11,21,0.48
nInS,2,7,9,0.22
nInb,2,3,5,0.4
nInl,1,1,2,0.5
nInm,8,7,15,0.53
nInn,7,2,9,0.78
nIns,3,2,5,0.6
nIsB,6,5,11,0.55
nIsD,0,1,1,0.0
nIsH,2,4,6,0.33
nIsI,0,1,1,0.0
nIsL,3,1,4,0.75
nIsM,3,5,8,0.38
nIsN,7,4,11,0.64
nIsP,7,4,11,0.64
nIsS,5,3,8,0.62
nIsb,1,1,2,0.5
nIsh,2,0,2,1.0
nIsl,0,1,1,0.0
nIsm,4,3,7,0.57
nIsn,4,2,6,0.67
nIss,5,3,8,0.62
nIst,0,1,1,0.0
nItB,0,0,0,
nItM,1,1,2,0.5
nItN,0,1,1,0.0
nItP,1,3,4,0.25
nItS,1,2,3,0.33
nItb,1,0,1,1.0
nItm,0,1,1,0.0
nItn,1,0,1,1.0
nKBB,0,2,2,0.0
nKBK,2,1,3,0.67
nKBL,0,1,1,0.0
nKBM,2,3,5,0.4
nKBN,2,1,3,0.67
nKBP,2,5,7,0.29
nKBS,1,0,1,1.0
nKBb,2,1,3,0.67
nKBh,0,2,2,0.0
nKBj,0,0,0,
nKBl,0,1,1,0.0
nKBm,6,4,10,0.6
nKBn,4,5,9,0.44
nKBs,3,4,7,0.43
nKBt,1,0,1,1.0
nKDB,1,2,3,0.33
nKDH,1,1,2,0.5
nKDM,2,3,5,0.4
nKDN,1,1,2,0.5
nKDP,1,0,1,1.0
nKDS,2,0,2,1.0
nKDb,1,0,1,1.0
nKDl,0,1,1,0.0
nKDm,3,2,5,0.6
nKDn,2,0,2,1.0
nKDs,1,0,1,1.0
nKDt,1,0,1,1.0
nKHB,0,1,1,0.0
nKHD,0,1,1,0.0
nKHI,0,0,0,
nKHM,0,2,2,0.0
nKHN,1,1,2,0.5
nKHP,2,0,2,1.0
nKHS,1,1,2,0.5
nKHb,1,1,2,0.5
nKHh,1,0,1,1.0
nKHm,0,1,1,0.0
nKHn,0,2,2,0.0
nKHs,1,0,1,1.0
nKIB,0,1,1,0.0
nKIH,1,0,1,1.0
nKIK,0,1,1,0.0
nKIL,0,0,0,
nKIN,2,1,3,0.67
nKIP,0,1,1,0.0
nKIS,0,0,0,
nKIb,1,0,1,1.0
nKIn,0,1,1,0.0
nKKn,1,0,1,1.0
nKLB,2,2,4,0.5
nKLD,1,0,1,1.0
nKLL,0,1,1,0.0
nKLM,0,2,2,0.0
nKLN,1,2,3,0.33
nKLP,1,0,1,1.0
nKLS,1,0,1,1.0
nKLb,0,2,2,0.0
nKLh,1,0,1,1.0
nKLj,1,0,1,1.0
nKLm,1,1,2,0.5
nKLn,0,1,1,0.0
nKMB,7,2,9,0.78
nKMD,0,2,2,0.0
nKML,0,2,2,0.0
nKMM,5,4,9,0.56
nKMN,6,5,11,0.55
nKMP,6,5,11,0.55
nKMS,0,2,2,0.0
nKMb,1,6,7,0.14
nKMh,5,0,5,1.0
nKMj,2,3,5,0.4
nKMl,4,1,5,0.8
nKMm,5,9,14,0.36
nKMn,6,8,14,0.43
nKMs,5,2,7,0.71
nKMt,0,1,1,0.0
nKNB,4,1,5,0.8
nKND,0,2,2,0.0
nKNH,1,1,2,0.5
nKNK,1,1,2,0.5
nKNL,1,0,1,1.0
nKNM,2,4,6,0.33
nKNN,8,1,9,0.89
nKNP,4,4,8,0.5
nKNS,3,1,4,0.75
nKNb,3,1,4,0.75
nKNh,1,0,1,1.0
nKNl,2,0,2,1.0
nKNm,7,1,8,0.88
nKNn,2,4,6,0.33
nKNs,6,5,11,0.55
nKNt,1,0,1,1.0
nKPB,3,6,9,0.33
nKPD,0,1,1,0.0
nKPH,0,1,1,0.0
nKPI,1,1,2,0.5
nKPK,0,0,0,
nKPL,2,3,5,0.4
nKPM,5,6,11,0.45
nKPN,4,1,5,0.8
nKPP,5,7,12,0.42
nKPS,7,3,10,0.7
nKPb,3,4,7,0.43
nKPh,1,1,2,0.5
nKPl,3,3,6,0.5
nKPm,8,5,13,0.62
nKPn,2,6,8,0.25
nKPs,5,2,7,0.71
nKPt,0,1,1,0.0
nKSB,1,3,4,0.25
nKSD,1,0,1,1.0
nKSH,0,1,1,0.0
nKSK,0,1,1,0.0
nKSL,0,0,0,
nKSM,1,1,2,0.5
nKSN,2,1,3,0.67
nKSP,2,3,5,0.4
nKSS,3,1,4,0.75
nKSb,1,1,2,0.5
nKSh,2,3,5,0.4
nKSl,0,1,1,0.0
nKSm,4,2,6,0.67
nKSn,0,1,1,0.0
nKSs,1,2,3,0.33
nKSt,1,1,2,0.5
nKbB,1,2,3,0.33
nKbD,0,1,1,0.0
nKbH,0,2,2,0.0
nKbJ,1,2,3,0.33
nKbK,1,1,2,0.5
nKbL,1,1,2,0.5
nKbM,3,2,5,0.6
nKbN,0,5,5,0.0
nKbP,5,2,7,0.71
nKbS,0,2,2,0.0
nKbb,1,0,1,1.0
nKbl,3,0,3,1.0
nKbm,4,0,4,1.0
nKbn,2,6,8,0.25
nKbs,0,1,1,0.0
nKhB,2,0,2,1.0
nKhD,1,0,1,1.0
nKhH,2,1,3,0.67
nKhI,1,0,1,1.0
nKhL,1,0,1,1.0
nKhM,3,6,9,0.33
nKhN,4,3,7,0.57
nKhP,1,4,5,0.2
nKhS,4,5,9,0.44
nKhb,6,3,9,0.67
nKhh,4,2,6,0.67
nKhl,2,3,5,0.4
nKhm,6,12,18,0.33
nKhn,7,2,9,0.78
nKhs,3,5,8,0.38
nKht,0,1,1,0.0
nKlB,3,0,3,1.0
nKlD,1,0,1,1.0
nKlH,1,2,3,0.33
nKlL,1,0,1,1.0
nKlM,1,2,3,0.33
nKlN,2,1,3,0.67
nKlP,2,1,3,0.67
nKlS,0,1,1,0.0
nKlb,1,1,2,0.5
nKlm,3,0,3,1.0
nKln,2,0,2,1.0
nKls,1,1,2,0.5
nKmB,7,4,11,0.64
nKmD,1,2,3,0.33
nKmH,5,0,5,1.0
nKmJ,1,2,3,0.33
nKmL,2,2,4,0.5
nKmM,5,7,12,0.42
nKmN,4,2,6,0.67
nKmP,7,4,11,0.64
nKmS,2,1,3,0.67
nKmb,1,5,6,0.17
nKmh,0,0,0,
nKmm,2,7,9,0.22
nKmn,2,5,7,0.29
nKms,2,0,2,1.0
nKnB,1,4,5,0.2
nKnD,1,1,2,0.5
nKnH,1,4,5,0.2
nKnL,1,0,1,1.0
nKnM,5,6,11,0.45
nKnN,5,1,6,0.83
nKnP,7,5,12,0.58
nKnS,3,3,6,0.5
nKnb,2,2,4,0.5
nKnl,0,3,3,0.0
nKnm,6,3,9,0.67
nKnn,5,1,6,0.83
nKns,1,4,5,0.2
nKsB,3,1,4,0.75
nKsH,8,5,13,0.62
nKsI,1,0,1,1.0
nKsK,0,1,1,0.0
nKsL,1,0,1,1.0
nKsM,0,4,4,0.0
nKsN,2,4,6,0.33
nKsP,4,4,8,0.5
nKsS,8,8,16,0.5
nKsb,1,2,3,0.33
nKsh,1,0,1,1.0
nKsl,1,0,1,1.0
nKsm,2,2,4,0.5
nKsn,4,1,5,0.8
nKss,6,5,11,0.55
nKtB,1,0,1,1.0
nKtH,0,0,0,
nKtK,0,1,1,0.0
nKtL,1,0,1,1.0
nKtP,0,2,2,0.0
nKtS,1,0,1,1.0
nKts,1,0,1,1.0
nLBB,6,8,14,0.43
nLBD,1,2,3,0.33
nLBK,0,3,3,0.0
nLBL,1,2,3,0.33
nLBM,6,10,16,0.38
nLBN,8,11,19,0.42
nLBP,19,11,30,0.63
nLBS,1,5,6,0.17
nLBb,10,6,16,0.62
nLBh,2,1,3,0.67
nLBj,3,1,4,0.75
nLBl,1,4,5,0.2
nLBm,13,7,20,0.65
nLBn,9,16,25,0.36
nLBs,4,2,6,0.67
nLBt,3,0,3,1.0
nLDB,1,2,3,0.33
nLDD,1,2,3,0.33
nLDH,1,2,3,0.33
nLDL,0,1,1,0.0
nLDM,2,1,3,0.67
nLDN,1,1,2,0.5
nLDP,3,1,4,0.75
nLDS,1,3,4,0.25
nLDb,3,0,3,1.0
nLDm,4,0,4,1.0
nLDn,1,4,5,0.2
nLDs,2,3,5,0.4
nLDt,1,0,1,1.0
nLHL,0,1,1,0.0
nLHS,1,1,2,0.5
nLHm,1,0,1,1.0
nLIP,0,1,1,0.0
nLKB,0,1,1,0.0
nLKL,0,0,0,
nLKM,0,0,0,
nLKN,2,1,3,0.67
nLKP,2,2,4,0.5
nLKS,0,0,0,
nLKb,0,1,1,0.0
nLKh,0,1,1,0.0
nLKn,1,1,2,0.5
nLKs,2,1,3,0.67
nLLB,4,5,9,0.44
nLLL,2,0,2,1.0
nLLM,7,4,11,0.64
nLLN,2,4,6,0.33
nLLP,2,4,6,0.33
nLLS,4,2,6,0.67
nLLb,2,3,5,0.4
nLLh,2,3,5,0.4
nLLj,2,0,2,1.0
nLLl,1,0,1,1.0
nLLm,8,0,8,1.0
nLLn,6,5,11,0.55
nLLs,5,3,8,0.62
nLLt,1,0,1,1.0
nLMB,8,16,24,0.33
nLMD,2,3,5,0.4
nLMH,0,1,1,0.0
nLML,0,1,1,0.0
nLMM,8,12,20,0.4
nLMN,7,9,16,0.44
nLMP,14,9,23,0.61
nLMS,3,3,6,0.5
nLMb,12,4,16,0.75
nLMh,7,14,21,0.33
nLMj,4,1,5,0.8
nLMl,4,3,7,0.57
nLMm,9,3,12,0.75
nLMn,10,9,19,0.53
nLMs,5,4,9,0.56
nLNB,10,10,20,0.5
nLND,2,1,3,0.67
nLNH,3,2,5,0.6
nLNK,1,1,2,0.5
nLNL,6,5,11,0.55
nLNM,13,14,27,0.48
nLNN,15,16,31,0.48
nLNP,17,18,35,0.49
nLNS,10,12,22,0.45
nLNb,14,9,23,0.61
nLNh,4,2,6,0.67
nLNl,5,0,5,1.0
nLNm,11,9,20,0.55
nLNn,17,13,30,0.57
nLNs,10,8,18,0.56
nLNt,4,1,5,0.8
nLPB,11,7,18,0.61
nLPD,4,2,6,0.67
nLPH,3,2,5,0.6
nLPI,2,1,3,0.67
nLPK,1,3,4,0.25
nLPL,10,6,16,0.62
nLPM,8,16,24,0.33
nLPN,16,21,37,0.43
nLPP,20,20,40,0.5
nLPS,8,10,18,0.44
nLPb,17,9,26,0.65
nLPh,1,3,4,0.25
nLPl,7,8,15,0.47
nLPm,20,14,34,0.59
nLPn,16,12,28,0.57
nLPs,15,8,23,0.65
nLPt,3,3,6,0.5
nLSB,5,5,10,0.5
nLSD,2,1,3,0.67
nLSH,4,1,5,0.8
nLSI,0,1,1,0.0
nLSK,1,0,1,1.0
nLSL,5,4,9,0.56
nLSM,3,9,12,0.25
nLSN,5,8,13,0.38
nLSP,11,14,25,0.44
nLSS,10,5,15,0.67
nLSb,4,4,8,0.5
nLSh,4,4,8,0.5
nLSl,1,2,3,0.33
nLSm,9,4,13,0.69
nLSn,9,8,17,0.53
nLSs,8,7,15,0.53
nLSt,3,0,3,1.0
nLbB,10,13,23,0.43
nLbH,4,0,4,1.0
nLbI,1,2,3,0.33
nLbJ,1,3,4,0.25
nLbK,2,2,4,0.5
nLbL,2,2,4,0.5
nLbM,3,8,11,0.27
nLbN,11,12,23,0.48
nLbP,10,4,14,0.71
nLbS,3,2,5,0.6
nLbb,6,7,13,0.46
nLbl,4,4,8,0.5
nLbm,9,9,18,0.5
nLbn,11,12,23,0.48
nLbs,4,4,8,0.5
nLhB,2,3,5,0.4
nLhD,1,0,1,1.0
nLhH,2,0,2,1.0
nLhI,1,0,1,1.0
nLhL,0,1,1,0.0
nLhM,3,5,8,0.38
nLhN,7,3,10,0.7
nLhP,6,2,8,0.75
nLhS,3,1,4,0.75
nLhb,9,4,13,0.69
nLhh,8,4,12,0.67
nLhl,0,2,2,0.0
nLhm,7,3,10,0.7
nLhn,2,7,9,0.22
nLhs,5,1,6,0.83
nLht,2,1,3,0.67
nLjB,2,0,2,1.0
nLjH,1,2,3,0.33
nLjI,0,1,1,0.0
nLjL,1,1,2,0.5
nLjM,3,1,4,0.75
nLjN,1,1,2,0.5
nLjP,3,0,3,1.0
nLjS,1,1,2,0.5
nLjb,1,2,3,0.33
nLjl,2,2,4,0.5
nLjm,2,2,4,0.5
nLjn,0,0,0,
nLjs,3,1,4,0.75
nLlB,6,4,10,0.6
nLlH,5,2,7,0.71
nLlI,0,1,1,0.0
nLlJ,1,3,4,0.25
nLlK,1,0,1,1.0
nLlL,1,2,3,0.33
nLlM,7,5,12,0.58
nLlN,4,8,12,0.33
nLlP,3,5,8,0.38
nLlS,5,5,10,0.5
nLlb,3,3,6,0.5
nLll,0,2,2,0.0
nLlm,5,2,7,0.71
nLln,6,3,9,0.67
nLls,4,0,4,1.0
nLmB,7,12,19,0.37
nLmD,2,3,5,0.4
nLmH,8,12,20,0.4
nLmI,1,2,3,0.33
nLmJ,2,6,8,0.25
nLmL,0,2,2,0.0
nLmM,6,14,20,0.3
nLmN,15,12,27,0.56
nLmP,13,14,27,0.48
nLmS,5,12,17,0.29
nLmb,7,9,16,0.44
nLml,3,3,6,0.5
nLmm,8,5,13,0.62
nLmn,12,10,22,0.55
nLms,10,8,18,0.56
nLnB,12,12,24,0.5
nLnD,0,4,4,0.0
nLnH,7,11,18,0.39
nLnI,3,3,6,0.5
nLnK,2,2,4,0.5
nLnL,11,6,17,0.65
nLnM,11,18,29,0.38
nLnN,18,19,37,0.49
nLnP,30,15,45,0.67
nLnS,5,15,20,0.25
nLnb,10,8,18,0.56
nLnh,1,0,1,1.0
nLnl,5,6,11,0.45
nLnm,11,18,29,0.38
nLnn,11,14,25,0.44
nLns,9,15,24,0.38
nLnt,0,1,1,0.0
nLsB,5,9,14,0.36
nLsD,3,2,5,0.6
nLsH,3,6,9,0.33
nLsI,2,0,2,1.0
nLsL,0,5,5,0.0
nLsM,6,9,15,0.4
nLsN,4,8,12,0.33
nLsP,5,10,15,0.33
nLsS,4,8,12,0.33
nLsb,4,2,6,0.67
nLsl,3,1,4,0.75
nLsm,7,4,11,0.64
nLsn,9,3,12,0.75
nLss,9,10,19,0.47
nLtB,0,2,2,0.0
nLtD,0,1,1,0.0
nLtH,1,3,4,0.25
nLtL,2,2,4,0.5
nLtM,0,2,2,0.0
nLtN,0,1,1,0.0
nLtP,2,4,6,0.33
nLtS,0,2,2,0.0
nLtb,2,3,5,0.4
nLtl,1,1,2,0.5
nLtm,2,2,4,0.5
nLtn,3,1,4,0.75
nLts,0,1,1,0.0
nMBB,39,42,81,0.48
nMBD,9,8,17,0.53
nMBK,2,5,7,0.29
nMBL,6,9,15,0.4
nMBM,19,34,53,0.36
nMBN,34,39,73,0.47
nMBP,42,52,94,0.45
nMBS,12,19,31,0.39
nMBb,34,26,60,0.57
nMBh,4,2,6,0.67
nMBj,3,13,16,0.19
nMBl,6,6,12,0.5
nMBm,33,30,63,0.52
nMBn,45,59,104,0.43
nMBs,16,15,31,0.52
nMBt,6,7,13,0.46
nMDB,8,4,12,0.67
nMDD,5,4,9,0.56
nMDH,6,6,12,0.5
nMDI,1,3,4,0.25
nMDL,2,2,4,0.5
nMDM,9,15,24,0.38
nMDN,14,6,20,0.7
nMDP,9,11,20,0.45
nMDS,5,7,12,0.42
nMDb,4,7,11,0.36
nMDh,1,1,2,0.5
nMDl,0,1,1,0.0
nMDm,7,11,18,0.39
nMDn,9,5,14,0.64
nMDs,7,5,12,0.58
nMDt,1,0,1,1.0
nMHN,0,0,0,
nMHS,1,0,1,1.0
nMHl,0,1,1,0.0
nMHm,2,0,2,1.0
nMHn,1,0,1,1.0
nMIN,0,1,1,0.0
nMKB,1,0,1,1.0
nMKD,0,1,1,0.0
nMKM,0,2,2,0.0
nMKN,0,0,0,
nMKP,2,1,3,0.67
nMKS,0,1,1,0.0
nMKh,0,0,0,
nMKm,1,0,1,1.0
nMKn,0,2,2,0.0
nMKs,1,0,1,1.0
nMLB,10,8,18,0.56
nMLD,4,1,5,0.8
nMLL,1,4,5,0.2
nMLM,9,11,20,0.45
nMLN,9,9,18,0.5
nMLP,11,9,20,0.55
nMLS,5,1,6,0.83
nMLb,4,4,8,0.5
nMLh,0,5,5,0.0
nMLj,2,1,3,0.67
nMLl,3,1,4,0.75
nMLm,20,8,28,0.71
nMLn,14,14,28,0.5
nMLs,6,5,11,0.55
nMMB,37,43,80,0.46
nMMD,8,3,11,0.73
nMML,2,9,11,0.18
nMMM,26,36,62,0.42
nMMN,37,38,75,0.49
nMMP,28,40,68,0.41
nMMS,18,24,42,0.43
nMMb,37,24,61,0.61
nMMh,24,28,52,0.46
nMMj,0,3,3,0.0
nMMl,9,6,15,0.6
nMMm,43,29,72,0.6
nMMn,51,48,99,0.52
nMMs,28,20,48,0.58
nMMt,2,2,4,0.5
nMNB,23,39,62,0.37
nMND,10,12,22,0.45
nMNH,10,11,21,0.48
nMNK,3,11,14,0.21
nMNL,9,10,19,0.47
nMNM,28,43,71,0.39
nMNN,48,60,108,0.44
nMNP,65,48,113,0.58
nMNS,28,22,50,0.56
nMNb,25,27,52,0.48
nMNh,17,9,26,0.65
nMNl,9,14,23,0.39
nMNm,54,42,96,0.56
nMNn,65,56,121,0.54
nMNs,29,29,58,0.5
nMNt,2,6,8,0.25
nMPB,35,44,79,0.44
nMPD,8,5,13,0.62
nMPH,18,11,29,0.62
nMPI,7,3,10,0.7
nMPK,8,6,14,0.57
nMPL,16,13,29,0.55
nMPM,39,45,84,0.46
nMPN,62,44,106,0.58
nMPP,60,66,126,0.48
nMPS,37,30,67,0.55
nMPb,26,40,66,0.39
nMPh,4,7,11,0.36
nMPl,13,11,24,0.54
nMPm,56,46,102,0.55
nMPn,50,57,107,0.47
nMPs,36,24,60,0.6
nMPt,3,1,4,0.75
nMSB,19,19,38,0.5
nMSD,6,4,10,0.6
nMSH,11,7,18,0.61
nMSI,2,2,4,0.5
nMSL,3,6,9,0.33
nMSM,18,19,37,0.49
nMSN,26,26,52,0.5
nMSP,23,24,47,0.49
nMSS,26,25,51,0.51
nMSb,21,18,39,0.54
nMSh,13,14,27,0.48
nMSl,7,6,13,0.54
nMSm,34,26,60,0.57
nMSn,24,22,46,0.52
nMSs,28,33,61,0.46
nMSt,9,3,12,0.75
nMbB,20,18,38,0.53
nMbD,4,5,9,0.44
nMbH,14,10,24,0.58
nMbI,2,2,4,0.5
nMbJ,9,9,18,0.5
nMbK,8,7,15,0.53
nMbL,9,8,17,0.53
nMbM,29,33,62,0.47
nMbN,39,28,67,0.58
nMbP,45,34,79,0.57
nMbS,7,19,26,0.27
nMbb,31,23,54,0.57
nMbl,4,3,7,0.57
nMbm,24,33,57,0.42
nMbn,34,40,74,0.46
nMbs,17,13,30,0.57
nMbt,1,0,1,1.0
nMhB,24,31,55,0.44
nMhD,6,5,11,0.55
nMhH,5,5,10,0.5
nMhI,5,3,8,0.62
nMhK,1,1,2,0.5
nMhL,6,8,14,0.43
nMhM,33,37,70,0.47
nMhN,30,31,61,0.49
nMhP,34,36,70,0.49
nMhS,19,21,40,0.48
nMhb,30,19,49,0.61
nMhh,20,26,46,0.43
nMhl,11,11,22,0.5
nMhm,38,35,73,0.52
nMhn,35,35,70,0.5
nMhs,22,23,45,0.49
nMht,4,0,4,1.0
nMjB,7,5,12,0.58
nMjD,1,1,2,0.5
nMjH,1,0,1,1.0
nMjI,0,2,2,0.0
nMjL,1,5,6,0.17
nMjM,7,2,9,0.78
nMjN,1,2,3,0.33
nMjP,7,5,12,0.58
nMjS,1,3,4,0.25
nMjb,5,2,7,0.71
nMjh,0,0,0,
nMjl,3,2,5,0.6
nMjm,2,4,6,0.33
nMjn,10,4,14,0.71
nMjs,2,1,3,0.67
nMjt,3,0,3,1.0
nMlB,3,2,5,0.6
nMlD,1,4,5,0.2
nMlH,3,10,13,0.23
nMlI,3,1,4,0.75
nMlJ,3,4,7,0.43
nMlK,1,0,1,1.0
nMlL,4,0,4,1.0
nMlM,9,9,18,0.5
nMlN,12,9,21,0.57
nMlP,10,14,24,0.42
nMlS,11,4,15,0.73
nMlb,6,10,16,0.38
nMlh,0,1,1,0.0
nMll,5,1,6,0.83
nMlm,11,7,18,0.61
nMln,8,11,19,0.42
nMls,5,7,12,0.42
nMmB,36,41,77,0.47
nMmD,16,12,28,0.57
nMmH,37,37,74,0.5
nMmI,8,2,10,0.8
nMmJ,11,5,16,0.69
nMmK,0,0,0,
nMmL,6,7,13,0.46
nMmM,44,56,100,0.44
nMmN,62,60,122,0.51
nMmP,46,42,88,0.52
nMmS,23,33,56,0.41
nMmb,34,29,63,0.54
nMmh,1,1,2,0.5
nMml,7,10,17,0.41
nMmm,50,40,90,0.56
nMmn,56,42,98,0.57
nMms,26,28,54,0.48
nMnB,28,41,69,0.41
nMnD,12,14,26,0.46
nMnH,29,22,51,0.57
nMnI,13,5,18,0.72
nMnK,8,4,12,0.67
nMnL,18,12,30,0.6
nMnM,40,47,87,0.46
nMnN,63,84,147,0.43
nMnP,79,76,155,0.51
nMnS,29,49,78,0.37
nMnb,34,48,82,0.41
nMnh,2,3,5,0.4
nMnl,14,8,22,0.64
nMnm,64,53,117,0.55
nMnn,61,65,126,0.48
nMns,47,48,95,0.49
nMsB,18,15,33,0.55
nMsD,7,5,12,0.58
nMsH,18,24,42,0.43
nMsI,6,4,10,0.6
nMsK,1,0,1,1.0
nMsL,7,10,17,0.41
nMsM,21,38,59,0.36
nMsN,29,26,55,0.53
nMsP,38,31,69,0.55
nMsS,19,32,51,0.37
nMsb,19,21,40,0.48
nMsh,2,2,4,0.5
nMsl,9,8,17,0.53
nMsm,25,33,58,0.43
nMsn,26,28,54,0.48
nMss,26,27,53,0.49
nMst,0,1,1,0.0
nMtB,3,5,8,0.38
nMtD,0,3,3,0.0
nMtH,3,4,7,0.43
nMtI,0,3,3,0.0
nMtK,0,1,1,0.0
nMtL,3,2,5,0.6
nMtM,8,5,13,0.62
nMtN,9,6,15,0.6
nMtP,7,5,12,0.58
nMtS,5,1,6,0.83
nMtb,1,4,5,0.2
nMtl,1,2,3,0.33
nMtm,3,9,12,0.25
nMtn,6,4,10,0.6
nMts,1,1,2,0.5
nNBB,41,45,86,0.48
nNBD,6,6,12,0.5
nNBK,6,5,11,0.55
nNBL,8,11,19,0.42
nNBM,29,43,72,0.4
nNBN,43,51,94,0.46
nNBP,52,44,96,0.54
nNBS,18,22,40,0.45
nNBb,24,33,57,0.42
nNBh,5,7,12,0.42
nNBj,8,15,23,0.35
nNBl,7,12,19,0.37
nNBm,44,32,76,0.58
nNBn,69,66,135,0.51
nNBs,24,18,42,0.57
nNBt,6,5,11,0.55
nNDB,4,16,20,0.2
nNDD,5,6,11,0.45
nNDH,8,9,17,0.47
nNDI,2,3,5,0.4
nNDL,6,5,11,0.55
nNDM,10,12,22,0.45
nNDN,3,16,19,0.16
nNDP,8,7,15,0.53
nNDS,7,15,22,0.32
nNDb,8,8,16,0.5
nNDl,4,5,9,0.44
nNDm,20,13,33,0.61
nNDn,10,7,17,0.59
nNDs,8,5,13,0.62
nNDt,1,0,1,1.0
nNHB,4,3,7,0.57
nNHD,2,2,4,0.5
nNHH,2,0,2,1.0
nNHI,2,2,4,0.5
nNHK,2,3,5,0.4
nNHL,1,3,4,0.25
nNHM,8,11,19,0.42
nNHN,8,22,30,0.27
nNHP,7,7,14,0.5
nNHS,6,6,12,0.5
nNHb,3,9,12,0.25
nNHh,3,3,6,0.5
nNHl,4,3,7,0.57
nNHm,11,8,19,0.58
nNHn,16,10,26,0.62
nNHs,3,4,7,0.43
nNIB,3,1,4,0.75
nNID,0,1,1,0.0
nNIH,0,1,1,0.0
nNIM,1,2,3,0.33
nNIN,1,0,1,1.0
nNIS,0,1,1,0.0
nNIb,1,0,1,1.0
nNIl,0,0,0,
nNIm,3,0,3,1.0
nNIn,0,2,2,0.0
nNIs,1,0,1,1.0
nNKB,5,3,8,0.62
nNKD,0,0,0,
nNKH,1,1,2,0.5
nNKI,1,4,5,0.2
nNKK,0,1,1,0.0
nNKL,2,1,3,0.67
nNKM,3,4,7,0.43
nNKN,8,5,13,0.62
nNKP,6,7,13,0.46
nNKS,4,6,10,0.4
nNKb,5,6,11,0.45
nNKh,1,6,7,0.14
nNKl,2,0,2,1.0
nNKm,4,4,8,0.5
nNKn,5,10,15,0.33
nNKs,4,5,9,0.44
nNKt,0,1,1,0.0
nNLB,22,23,45,0.49
nNLD,4,2,6,0.67
nNLK,1,3,4,0.25
nNLL,3,3,6,0.5
nNLM,11,14,25,0.44
nNLN,19,13,32,0.59
nNLP,15,15,30,0.5
nNLS,8,10,18,0.44
nNLb,8,19,27,0.3
nNLh,2,5,7,0.29
nNLj,3,7,10,0.3
nNLl,10,6,16,0.62
nNLm,13,12,25,0.52
nNLn,16,22,38,0.42
nNLs,7,15,22,0.32
nNLt,3,1,4,0.75
nNMB,49,47,96,0.51
nNMD,9,10,19,0.47
nNMH,2,0,2,1.0
nNMK,2,2,4,0.5
nNML,5,7,12,0.42
nNMM,37,46,83,0.45
nNMN,40,68,108,0.37
nNMP,52,48,100,0.52
nNMS,20,28,48,0.42
nNMb,32,45,77,0.42
nNMh,34,50,84,0.4
nNMj,6,10,16,0.38
nNMl,7,10,17,0.41
nNMm,58,62,120,0.48
nNMn,62,77,139,0.45
nNMs,34,46,80,0.42
nNMt,3,6,9,0.33
nNNB,46,56,102,0.45
nNND,16,14,30,0.53
nNNH,6,7,13,0.46
nNNK,6,7,13,0.46
nNNL,15,15,30,0.5
nNNM,39,60,99,0.39
nNNN,85,82,167,0.51
nNNP,94,77,171,0.55
nNNS,43,48,91,0.47
nNNb,51,42,93,0.55
nNNh,22,20,42,0.52
nNNl,18,12,30,0.6
nNNm,61,61,122,0.5
nNNn,89,93,182,0.49
nNNs,56,44,100,0.56
nNNt,10,15,25,0.4
nNPB,60,50,110,0.55
nNPD,19,9,28,0.68
nNPH,19,19,38,0.5
nNPI,6,9,15,0.4
nNPK,8,17,25,0.32
nNPL,29,26,55,0.53
nNPM,61,87,148,0.41
nNPN,86,81,167,0.51
nNPP,85,104,189,0.45
nNPS,51,53,104,0.49
nNPb,46,45,91,0.51
nNPh,12,11,23,0.52
nNPl,24,20,44,0.55
nNPm,78,65,143,0.55
nNPn,72,80,152,0.47
nNPs,57,45,102,0.56
nNPt,3,10,13,0.23
nNSB,29,19,48,0.6
nNSD,7,13,20,0.35
nNSH,15,18,33,0.45
nNSI,0,0,0,
nNSK,1,1,2,0.5
nNSL,9,6,15,0.6
nNSM,33,36,69,0.48
nNSN,37,45,82,0.45
nNSP,41,58,99,0.41
nNSS,34,33,67,0.51
nNSb,21,21,42,0.5
nNSh,23,18,41,0.56
nNSl,8,7,15,0.53
nNSm,38,29,67,0.57
nNSn,49,40,89,0.55
nNSs,38,34,72,0.53
nNSt,6,8,14,0.43
nNbB,21,32,53,0.4
nNbD,3,7,10,0.3
nNbH,7,11,18,0.39
nNbI,5,3,8,0.62
nNbJ,5,11,16,0.31
nNbK,6,3,9,0.67
nNbL,13,17,30,0.43
nNbM,32,38,70,0.46
nNbN,47,49,96,0.49
nNbP,33,38,71,0.46
nNbS,21,20,41,0.51
nNbb,38,26,64,0.59
nNbl,7,8,15,0.47
nNbm,36,18,54,0.67
nNbn,35,47,82,0.43
nNbs,22,16,38,0.58
nNbt,0,0,0,
nNhB,18,4,22,0.82
nNhD,2,4,6,0.33
nNhH,6,3,9,0.67
nNhI,1,2,3,0.33
nNhK,1,0,1,1.0
nNhL,3,6,9,0.33
nNhM,15,13,28,0.54
nNhN,16,17,33,0.48
nNhP,17,15,32,0.53
nNhS,10,17,27,0.37
nNhb,12,8,20,0.6
nNhh,16,15,31,0.52
nNhl,5,3,8,0.62
nNhm,12,15,27,0.44
nNhn,11,23,34,0.32
nNhs,13,13,26,0.5
nNht,1,3,4,0.25
nNlB,6,9,15,0.4
nNlD,0,3,3,0.0
nNlH,13,11,24,0.54
nNlI,0,1,1,0.0
nNlJ,4,4,8,0.5
nNlK,1,1,2,0.5
nNlL,8,4,12,0.67
nNlM,13,14,27,0.48
nNlN,18,5,23,0.78
nNlP,16,18,34,0.47
nNlS,11,5,16,0.69
nNlb,8,14,22,0.36
nNll,6,4,10,0.6
nNlm,12,6,18,0.67
nNln,8,7,15,0.53
nNls,10,6,16,0.62
nNmB,40,45,85,0.47
nNmD,14,8,22,0.64
nNmH,31,30,61,0.51
nNmI,4,3,7,0.57
nNmJ,15,8,23,0.65
nNmK,0,5,5,0.0
nNmL,10,20,30,0.33
nNmM,43,53,96,0.45
nNmN,52,67,119,0.44
nNmP,65,49,114,0.57
nNmS,29,40,69,0.42
nNmb,46,36,82,0.56
nNml,12,14,26,0.46
nNmm,57,52,109,0.52
nNmn,58,47,105,0.55
nNms,34,31,65,0.52
nNnB,48,35,83,0.58
nNnD,20,12,32,0.62
nNnH,44,43,87,0.51
nNnI,8,11,19,0.42
nNnK,4,9,13,0.31
nNnL,21,27,48,0.44
nNnM,64,71,135,0.47
nNnN,93,92,185,0.5
nNnP,93,95,188,0.49
nNnS,43,62,105,0.41
nNnb,61,42,103,0.59
nNnh,0,2,2,0.0
nNnl,14,16,30,0.47
nNnm,74,44,118,0.63
nNnn,91,82,173,0.53
nNns,67,54,121,0.55
nNnt,1,1,2,0.5
nNsB,22,33,55,0.4
nNsD,8,9,17,0.47
nNsH,29,39,68,0.43
nNsI,11,5,16,0.69
nNsK,0,3,3,0.0
nNsL,11,5,16,0.69
nNsM,35,40,75,0.47
nNsN,44,47,91,0.48
nNsP,42,43,85,0.49
nNsS,49,38,87,0.56
nNsb,21,30,51,0.41
nNsh,1,1,2,0.5
nNsl,14,8,22,0.64
nNsm,36,34,70,0.51
nNsn,43,34,77,0.56
nNss,41,44,85,0.48
nNst,1,0,1,1.0
nNtB,8,3,11,0.73
nNtD,1,5,6,0.17
nNtH,7,4,11,0.64
nNtI,0,0,0,
nNtL,1,3,4,0.25
nNtM,7,7,14,0.5
nNtN,13,6,19,0.68
nNtP,12,9,21,0.57
nNtS,7,10,17,0.41
nNtb,7,7,14,0.5
nNth,0,1,1,0.0
nNtl,4,2,6,0.67
nNtm,5,8,13,0.38
nNtn,12,8,20,0.6
nNts,2,4,6,0.33
nPBB,50,46,96,0.52
nPBD,3,8,11,0.27
nPBH,1,0,1,1.0
nPBK,5,6,11,0.45
nPBL,13,12,25,0.52
nPBM,38,40,78,0.49
nPBN,49,45,94,0.52
nPBP,41,42,83,0.49
nPBS,28,21,49,0.57
nPBb,50,40,90,0.56
nPBh,1,5,6,0.17
nPBj,8,11,19,0.42
nPBl,24,13,37,0.65
nPBm,37,57,94,0.39
nPBn,56,46,102,0.55
nPBs,29,22,51,0.57
nPBt,9,11,20,0.45
nPDB,2,7,9,0.22
nPDD,3,5,8,0.38
nPDH,7,7,14,0.5
nPDI,0,1,1,0.0
nPDL,1,4,5,0.2
nPDM,12,7,19,0.63
nPDN,5,9,14,0.36
nPDP,14,11,25,0.56
nPDS,10,12,22,0.45
nPDb,8,7,15,0.53
nPDh,1,1,2,0.5
nPDl,0,4,4,0.0
nPDm,16,10,26,0.62
nPDn,7,5,12,0.58
nPDs,10,6,16,0.62
nPHB,13,13,26,0.5
nPHD,3,3,6,0.5
nPHH,5,5,10,0.5
nPHI,2,0,2,1.0
nPHK,4,0,4,1.0
nPHL,5,5,10,0.5
nPHM,15,12,27,0.56
nPHN,17,18,35,0.49
nPHP,24,28,52,0.46
nPHS,11,12,23,0.48
nPHb,12,6,18,0.67
nPHh,2,4,6,0.33
nPHl,10,6,16,0.62
nPHm,12,15,27,0.44
nPHn,21,16,37,0.57
nPHs,27,12,39,0.69
nPHt,1,1,2,0.5
nPIB,5,5,10,0.5
nPID,2,2,4,0.5
nPIH,6,1,7,0.86
nPII,1,0,1,1.0
nPIK,1,0,1,1.0
nPIL,3,3,6,0.5
nPIM,8,7,15,0.53
nPIN,11,12,23,0.48
nPIP,13,3,16,0.81
nPIS,8,8,16,0.5
nPIb,7,3,10,0.7
nPIl,1,0,1,1.0
nPIm,7,7,14,0.5
nPIn,5,3,8,0.62
nPIs,1,4,5,0.2
nPIt,0,1,1,0.0
nPKB,4,6,10,0.4
nPKD,0,1,1,0.0
nPKH,2,2,4,0.5
nPKI,2,2,4,0.5
nPKL,6,3,9,0.67
nPKM,5,9,14,0.36
nPKN,6,4,10,0.6
nPKP,9,13,22,0.41
nPKS,12,4,16,0.75
nPKb,8,5,13,0.62
nPKh,5,4,9,0.56
nPKl,3,2,5,0.6
nPKm,6,12,18,0.33
nPKn,7,9,16,0.44
nPKs,2,4,6,0.33
nPKt,0,1,1,0.0
nPLB,12,18,30,0.4
nPLD,0,7,7,0.0
nPLK,4,0,4,1.0
nPLL,11,9,20,0.55
nPLM,18,25,43,0.42
nPLN,16,18,34,0.47
nPLP,29,32,61,0.48
nPLS,12,18,30,0.4
nPLb,18,11,29,0.62
nPLh,10,8,18,0.56
nPLj,7,1,8,0.88
nPLl,8,8,16,0.5
nPLm,25,21,46,0.54
nPLn,31,18,49,0.63
nPLs,11,10,21,0.52
nPLt,2,5,7,0.29
nPMB,46,43,89,0.52
nPMD,6,17,23,0.26
nPMK,1,0,1,1.0
nPML,12,13,25,0.48
nPMM,39,62,101,0.39
nPMN,54,48,102,0.53
nPMP,58,52,110,0.53
nPMS,31,42,73,0.42
nPMb,52,51,103,0.5
nPMh,37,49,86,0.43
nPMj,7,6,13,0.54
nPMl,12,15,27,0.44
nPMm,79,50,129,0.61
nPMn,60,47,107,0.56
nPMs,29,38,67,0.43
nPMt,9,5,14,0.64
nPNB,43,33,76,0.57
nPND,13,12,25,0.52
nPNH,12,6,18,0.67
nPNK,7,3,10,0.7
nPNL,14,20,34,0.41
nPNM,56,66,122,0.46
nPNN,43,68,111,0.39
nPNP,90,72,162,0.56
nPNS,52,42,94,0.55
nPNb,50,46,96,0.52
nPNh,20,22,42,0.48
nPNl,24,19,43,0.56
nPNm,58,55,113,0.51
nPNn,72,73,145,0.5
nPNs,38,37,75,0.51
nPNt,8,7,15,0.53
nPPB,48,78,126,0.38
nPPD,12,10,22,0.55
nPPH,26,25,51,0.51
nPPI,4,11,15,0.27
nPPK,4,4,8,0.5
nPPL,39,30,69,0.57
nPPM,71,86,157,0.45
nPPN,71,63,134,0.53
nPPP,92,94,186,0.49
nPPS,65,57,122,0.53
nPPb,54,54,108,0.5
nPPh,5,7,12,0.42
nPPl,28,22,50,0.56
nPPm,83,72,155,0.54
nPPn,81,58,139,0.58
nPPs,52,43,95,0.55
nPPt,3,8,11,0.27
nPSB,33,26,59,0.56
nPSD,15,7,22,0.68
nPSH,15,18,33,0.45
nPSI,1,2,3,0.33
nPSK,2,3,5,0.4
nPSL,12,8,20,0.6
nPSM,42,44,86,0.49
nPSN,34,44,78,0.44
nPSP,50,43,93,0.54
nPSS,45,44,89,0.51
nPSb,26,21,47,0.55
nPSh,19,29,48,0.4
nPSl,21,14,35,0.6
nPSm,42,37,79,0.53
nPSn,44,43,87,0.51
nPSs,33,40,73,0.45
nPSt,6,8,14,0.43
nPbB,34,46,80,0.42
nPbD,5,5,10,0.5
nPbH,10,14,24,0.42
nPbI,7,4,11,0.64
nPbJ,11,7,18,0.61
nPbK,4,5,9,0.44
nPbL,10,18,28,0.36
nPbM,44,55,99,0.44
nPbN,56,51,107,0.52
nPbP,55,56,111,0.5
nPbS,27,22,49,0.55
nPbb,53,36,89,0.6
nPbl,8,21,29,0.28
nPbm,38,35,73,0.52
nPbn,35,34,69,0.51
nPbs,19,28,47,0.4
nPhB,4,10,14,0.29
nPhD,3,1,4,0.75
nPhH,0,2,2,0.0
nPhI,1,0,1,1.0
nPhK,0,0,0,
nPhL,3,3,6,0.5
nPhM,7,5,12,0.58
nPhN,5,7,12,0.42
nPhP,6,11,17,0.35
nPhS,6,3,9,0.67
nPhb,1,3,4,0.25
nPhh,5,6,11,0.45
nPhl,4,5,9,0.44
nPhm,8,5,13,0.62
nPhn,5,10,15,0.33
nPhs,4,3,7,0.57
nPht,1,0,1,1.0
nPlB,16,15,31,0.52
nPlD,2,4,6,0.33
nPlH,11,9,20,0.55
nPlI,1,2,3,0.33
nPlJ,7,1,8,0.88
nPlK,0,1,1,0.0
nPlL,4,11,15,0.27
nPlM,15,21,36,0.42
nPlN,23,18,41,0.56
nPlP,24,25,49,0.49
nPlS,17,11,28,0.61
nPlb,22,21,43,0.51
nPlh,0,0,0,
nPll,6,3,9,0.67
nPlm,30,13,43,0.7
nPln,16,13,29,0.55
nPls,15,10,25,0.6
nPmB,54,39,93,0.58
nPmD,17,9,26,0.65
nPmH,47,47,94,0.5
nPmI,1,6,7,0.14
nPmJ,14,11,25,0.56
nPmK,1,1,2,0.5
nPmL,23,29,52,0.44
nPmM,75,64,139,0.54
nPmN,61,63,124,0.49
nPmP,57,79,136,0.42
nPmS,30,49,79,0.38
nPmb,56,50,106,0.53
nPml,23,13,36,0.64
nPmm,76,56,132,0.58
nPmn,46,43,89,0.52
nPms,28,24,52,0.54
nPnB,46,36,82,0.56
nPnD,11,6,17,0.65
nPnH,30,43,73,0.41
nPnI,7,8,15,0.47
nPnK,3,3,6,0.5
nPnL,13,20,33,0.39
nPnM,52,55,107,0.49
nPnN,61,70,131,0.47
nPnP,65,72,137,0.47
nPnS,42,47,89,0.47
nPnb,44,40,84,0.52
nPnh,2,3,5,0.4
nPnl,15,14,29,0.52
nPnm,54,52,106,0.51
nPnn,45,58,103,0.44
nPns,37,39,76,0.49
nPnt,1,0,1,1.0
nPsB,26,26,52,0.5
nPsD,16,9,25,0.64
nPsH,30,39,69,0.43
nPsI,6,10,16,0.38
nPsK,0,1,1,0.0
nPsL,25,15,40,0.62
nPsM,35,54,89,0.39
nPsN,41,44,85,0.48
nPsP,48,53,101,0.48
nPsS,32,39,71,0.45
nPsb,26,27,53,0.49
nPsh,1,4,5,0.2
nPsl,13,11,24,0.54
nPsm,44,40,84,0.52
nPsn,32,25,57,0.56
nPss,31,27,58,0.53
nPst,0,1,1,0.0
nPtB,1,5,6,0.17
nPtD,0,3,3,0.0
nPtH,1,4,5,0.2
nPtI,0,1,1,0.0
nPtK,0,0,0,
nPtL,2,4,6,0.33
nPtM,5,9,14,0.36
nPtN,5,4,9,0.56
nPtP,6,6,12,0.5
nPtS,5,6,11,0.45
nPtb,4,4,8,0.5
nPtl,1,3,4,0.25
nPtm,12,5,17,0.71
nPtn,8,7,15,0.53
nPts,2,5,7,0.29
nSBB,17,24,41,0.41
nSBD,1,6,7,0.14
nSBK,3,3,6,0.5
nSBL,2,6,8,0.25
nSBM,21,32,53,0.4
nSBN,25,23,48,0.52
nSBP,26,27,53,0.49
nSBS,8,11,19,0.42
nSBb,17,13,30,0.57
nSBh,1,4,5,0.2
nSBj,10,4,14,0.71
nSBl,4,5,9,0.44
nSBm,30,15,45,0.67
nSBn,34,21,55,0.62
nSBs,6,10,16,0.38
nSBt,3,2,5,0.6
nSDB,5,2,7,0.71
nSDD,4,3,7,0.57
nSDH,6,10,16,0.38
nSDI,2,1,3,0.67
nSDL,2,5,7,0.29
nSDM,8,11,19,0.42
nSDN,9,2,11,0.82
nSDP,7,5,12,0.58
nSDS,9,10,19,0.47
nSDb,8,6,14,0.57
nSDh,0,1,1,0.0
nSDl,1,5,6,0.17
nSDm,13,6,19,0.68
nSDn,7,8,15,0.47
nSDs,3,6,9,0.33
nSDt,0,1,1,0.0
nSHB,6,7,13,0.46
nSHD,4,0,4,1.0
nSHH,3,0,3,1.0
nSHI,2,2,4,0.5
nSHK,1,3,4,0.25
nSHL,1,6,7,0.14
nSHM,12,12,24,0.5
nSHN,9,15,24,0.38
nSHP,14,8,22,0.64
nSHS,9,12,21,0.43
nSHb,4,7,11,0.36
nSHh,5,7,12,0.42
nSHl,3,5,8,0.38
nSHm,7,9,16,0.44
nSHn,12,6,18,0.67
nSHs,11,6,17,0.65
nSHt,0,0,0,
nSIB,0,0,0,
nSIH,1,0,1,1.0
nSIM,2,1,3,0.67
nSIN,2,2,4,0.5
nSIP,3,0,3,1.0
nSIS,1,1,2,0.5
nSIb,1,2,3,0.33
nSIm,3,1,4,0.75
nSIn,0,1,1,0.0
nSIs,1,0,1,1.0
nSKB,1,0,1,1.0
nSKL,1,2,3,0.33
nSKM,0,1,1,0.0
nSKN,0,1,1,0.0
nSKP,2,0,2,1.0
nSKh,1,0,1,1.0
nSKl,1,1,2,0.5
nSKm,0,1,1,0.0
nSKs,1,1,2,0.5
nSLB,8,7,15,0.53
nSLD,2,1,3,0.67
nSLK,1,0,1,1.0
nSLL,2,4,6,0.33
nSLM,6,10,16,0.38
nSLN,12,12,24,0.5
nSLP,7,8,15,0.47
nSLS,2,4,6,0.33
nSLb,5,10,15,0.33
nSLh,4,5,9,0.44
nSLj,3,0,3,1.0
nSLl,6,3,9,0.67
nSLm,10,9,19,0.53
nSLn,4,14,18,0.22
nSLs,11,3,14,0.79
nSLt,1,2,3,0.33
nSMB,24,19,43,0.56
nSMD,4,1,5,0.8
nSMI,1,0,1,1.0
nSMK,0,1,1,0.0
nSML,6,3,9,0.67
nSMM,24,34,58,0.41
nSMN,27,25,52,0.52
nSMP,34,39,73,0.47
nSMS,25,29,54,0.46
nSMb,24,15,39,0.62
nSMh,12,22,34,0.35
nSMj,3,7,10,0.3
nSMl,11,10,21,0.52
nSMm,37,29,66,0.56
nSMn,39,39,78,0.5
nSMs,29,15,44,0.66
nSMt,2,3,5,0.4
nSNB,21,17,38,0.55
nSND,9,8,17,0.53
nSNH,5,4,9,0.56
nSNI,1,0,1,1.0
nSNK,3,3,6,0.5
nSNL,6,8,14,0.43
nSNM,25,32,57,0.44
nSNN,41,48,89,0.46
nSNP,38,38,76,0.5
nSNS,19,30,49,0.39
nSNb,17,18,35,0.49
nSNh,8,11,19,0.42
nSNl,7,5,12,0.58
nSNm,33,39,72,0.46
nSNn,25,40,65,0.38
nSNs,27,28,55,0.49
nSNt,4,2,6,0.67
nSPB,17,22,39,0.44
nSPD,8,5,13,0.62
nSPH,6,14,20,0.3
nSPI,3,3,6,0.5
nSPK,4,5,9,0.44
nSPL,6,18,24,0.25
nSPM,37,52,89,0.42
nSPN,41,41,82,0.5
nSPP,44,49,93,0.47
nSPS,39,35,74,0.53
nSPb,20,26,46,0.43
nSPh,4,6,10,0.4
nSPl,13,10,23,0.57
nSPm,49,32,81,0.6
nSPn,44,35,79,0.56
nSPs,18,26,44,0.41
nSPt,5,2,7,0.71
nSSB,16,16,32,0.5
nSSD,3,7,10,0.3
nSSH,12,12,24,0.5
nSSI,2,0,2,1.0
nSSK,1,1,2,0.5
nSSL,4,8,12,0.33
nSSM,26,42,68,0.38
nSSN,34,34,68,0.5
nSSP,35,36,71,0.49
nSSS,32,40,72,0.44
nSSb,19,24,43,0.44
nSSh,13,20,33,0.39
nSSl,8,9,17,0.47
nSSm,36,31,67,0.54
nSSn,29,34,63,0.46
nSSs,28,23,51,0.55
nSSt,2,4,6,0.33
nSbB,20,16,36,0.56
nSbD,3,2,5,0.6
nSbH,6,6,12,0.5
nSbI,1,0,1,1.0
nSbJ,3,5,8,0.38
nSbK,1,5,6,0.17
nSbL,7,7,14,0.5
nSbM,10,24,34,0.29
nSbN,29,19,48,0.6
nSbP,28,19,47,0.6
nSbS,18,10,28,0.64
nSbb,16,17,33,0.48
nSbl,3,2,5,0.6
nSbm,17,17,34,0.5
nSbn,19,21,40,0.48
nSbs,13,3,16,0.81
nShB,18,14,32,0.56
nShD,4,3,7,0.57
nShH,4,5,9,0.44
nShI,3,1,4,0.75
nShL,6,9,15,0.4
nShM,11,18,29,0.38
nShN,14,17,31,0.45
nShP,25,20,45,0.56
nShS,10,21,31,0.32
nShb,13,11,24,0.54
nShh,18,11,29,0.62
nShl,2,5,7,0.29
nShm,13,17,30,0.43
nShn,18,22,40,0.45
nShs,19,18,37,0.51
nSht,2,3,5,0.4
nSlB,5,8,13,0.38
nSlD,1,0,1,1.0
nSlH,1,8,9,0.11
nSlJ,0,4,4,0.0
nSlL,1,4,5,0.2
nSlM,5,12,17,0.29
nSlN,7,14,21,0.33
nSlP,9,5,14,0.64
nSlS,9,11,20,0.45
nSlb,3,9,12,0.25
nSll,6,5,11,0.55
nSlm,5,5,10,0.5
nSln,16,7,23,0.7
nSls,6,7,13,0.46
nSmB,16,27,43,0.37
nSmD,12,9,21,0.57
nSmH,20,27,47,0.43
nSmI,3,2,5,0.6
nSmJ,8,5,13,0.62
nSmK,0,1,1,0.0
nSmL,11,14,25,0.44
nSmM,29,47,76,0.38
nSmN,44,39,83,0.53
nSmP,36,42,78,0.46
nSmS,36,35,71,0.51
nSmb,27,25,52,0.52
nSml,6,5,11,0.55
nSmm,39,27,66,0.59
nSmn,26,21,47,0.55
nSms,17,16,33,0.52
nSnB,18,23,41,0.44
nSnD,5,1,6,0.83
nSnH,23,13,36,0.64
nSnI,9,4,13,0.69
nSnK,2,3,5,0.4
nSnL,11,11,22,0.5
nSnM,21,22,43,0.49
nSnN,50,40,90,0.56
nSnP,29,63,92,0.32
nSnS,31,22,53,0.58
nSnb,21,23,44,0.48
nSnh,0,2,2,0.0
nSnl,8,4,12,0.67
nSnm,23,34,57,0.4
nSnn,35,33,68,0.51
nSns,27,26,53,0.51
nSsB,21,21,42,0.5
nSsD,5,10,15,0.33
nSsH,35,29,64,0.55
nSsI,7,5,12,0.58
nSsK,0,2,2,0.0
nSsL,6,7,13,0.46
nSsM,27,34,61,0.44
nSsN,37,29,66,0.56
nSsP,30,26,56,0.54
nSsS,36,36,72,0.5
nSsb,18,22,40,0.45
nSsh,2,2,4,0.5
nSsl,9,7,16,0.56
nSsm,33,28,61,0.54
nSsn,39,18,57,0.68
nSss,37,26,63,0.59
nSst,1,1,2,0.5
nStB,7,3,10,0.7
nStD,0,1,1,0.0
nStH,3,3,6,0.5
nStK,0,1,1,0.0
nStL,1,3,4,0.25
nStM,3,1,4,0.75
nStN,7,4,11,0.64
nStP,4,5,9,0.44
nStS,3,3,6,0.5
nStb,3,3,6,0.5
nStl,1,0,1,1.0
nStm,6,4,10,0.6
nStn,4,5,9,0.44
nSts,2,3,5,0.4
nStt,0,1,1,0.0
nbBB,15,17,32,0.47
nbBD,4,1,5,0.8
nbBK,4,1,5,0.8
nbBL,6,5,11,0.55
nbBM,29,34,63,0.46
nbBN,33,43,76,0.43
nbBP,30,36,66,0.45
nbBS,15,18,33,0.45
nbBb,23,14,37,0.62
nbBh,4,1,5,0.8
nbBj,9,7,16,0.56
nbBl,13,8,21,0.62
nbBm,28,20,48,0.58
nbBn,43,38,81,0.53
nbBs,16,16,32,0.5
nbBt,4,3,7,0.57
nbDB,4,3,7,0.57
nbDD,2,4,6,0.33
nbDH,3,2,5,0.6
nbDL,0,1,1,0.0
nbDM,2,5,7,0.29
nbDN,4,2,6,0.67
nbDP,2,6,8,0.25
nbDS,5,3,8,0.62
nbDb,4,5,9,0.44
nbDl,0,2,2,0.0
nbDm,3,3,6,0.5
nbDn,4,4,8,0.5
nbDs,4,2,6,0.67
nbHB,3,3,6,0.5
nbHD,2,1,3,0.67
nbHH,0,0,0,
nbHI,1,0,1,1.0
nbHK,2,1,3,0.67
nbHL,1,3,4,0.25
nbHM,8,8,16,0.5
nbHN,15,6,21,0.71
nbHP,14,8,22,0.64
nbHS,3,7,10,0.3
nbHb,3,3,6,0.5
nbHh,3,1,4,0.75
nbHl,3,1,4,0.75
nbHm,7,4,11,0.64
nbHn,10,8,18,0.56
nbHs,7,4,11,0.64
nbHt,1,2,3,0.33
nbIB,2,3,5,0.4
nbID,0,1,1,0.0
nbIH,3,3,6,0.5
nbII,1,1,2,0.5
nbIM,2,2,4,0.5
nbIN,5,5,10,0.5
nbIP,4,3,7,0.57
nbIS,2,2,4,0.5
nbIb,2,4,6,0.33
nbIl,1,0,1,1.0
nbIm,4,3,7,0.57
nbIn,2,3,5,0.4
nbIt,0,1,1,0.0
nbJB,9,8,17,0.53
nbJD,1,2,3,0.33
nbJH,3,4,7,0.43
nbJI,0,0,0,
nbJL,3,3,6,0.5
nbJM,5,10,15,0.33
nbJN,7,8,15,0.47
nbJP,9,9,18,0.5
nbJS,4,4,8,0.5
nbJb,3,8,11,0.27
nbJh,0,2,2,0.0
nbJl,5,3,8,0.62
nbJm,9,2,11,0.82
nbJn,3,7,10,0.3
nbJs,4,4,8,0.5
nbJt,1,1,2,0.5
nbKB,3,5,8,0.38
nbKH,2,0,2,1.0
nbKL,0,1,1,0.0
nbKM,8,5,13,0.62
nbKN,2,6,8,0.25
nbKP,5,5,10,0.5
nbKS,1,2,3,0.33
nbKb,8,7,15,0.53
nbKh,2,3,5,0.4
nbKl,1,0,1,1.0
nbKm,5,6,11,0.45
nbKn,6,3,9,0.67
nbKs,5,4,9,0.56
nbKt,0,1,1,0.0
nbLB,11,7,18,0.61
nbLD,2,0,2,1.0
nbLH,1,1,2,0.5
nbLK,0,1,1,0.0
nbLL,3,6,9,0.33
nbLM,11,11,22,0.5
nbLN,16,11,27,0.59
nbLP,15,7,22,0.68
nbLS,10,2,12,0.83
nbLb,7,5,12,0.58
nbLh,7,3,10,0.7
nbLj,0,0,0,
nbLl,4,1,5,0.8
nbLm,18,9,27,0.67
nbLn,15,13,28,0.54
nbLs,8,7,15,0.53
nbMB,28,20,48,0.58
nbMD,12,7,19,0.63
nbMH,0,1,1,0.0
nbMK,0,1,1,0.0
nbML,3,9,12,0.25
nbMM,28,24,52,0.54
nbMN,39,23,62,0.63
nbMP,41,31,72,0.57
nbMS,23,14,37,0.62
nbMb,32,22,54,0.59
nbMh,20,25,45,0.44
nbMj,4,5,9,0.44
nbMl,6,4,10,0.6
nbMm,36,32,68,0.53
nbMn,51,46,97,0.53
nbMs,31,17,48,0.65
nbMt,5,4,9,0.56
nbNB,28,39,67,0.42
nbND,13,9,22,0.59
nbNH,3,7,10,0.3
nbNI,0,1,1,0.0
nbNK,2,6,8,0.25
nbNL,10,21,31,0.32
nbNM,18,44,62,0.29
nbNN,50,44,94,0.53
nbNP,64,56,120,0.53
nbNS,36,31,67,0.54
nbNb,34,16,50,0.68
nbNh,10,19,29,0.34
nbNl,9,10,19,0.47
nbNm,40,33,73,0.55
nbNn,73,56,129,0.57
nbNs,27,25,52,0.52
nbNt,7,4,11,0.64
nbPB,22,33,55,0.4
nbPD,9,4,13,0.69
nbPH,16,9,25,0.64
nbPI,7,4,11,0.64
nbPK,1,4,5,0.2
nbPL,16,13,29,0.55
nbPM,31,46,77,0.4
nbPN,44,40,84,0.52
nbPP,49,50,99,0.49
nbPS,24,27,51,0.47
nbPb,39,44,83,0.47
nbPh,4,3,7,0.57
nbPl,19,12,31,0.61
nbPm,43,28,71,0.61
nbPn,41,35,76,0.54
nbPs,21,21,42,0.5
nbPt,5,3,8,0.62
nbSB,11,9,20,0.55
nbSD,5,4,9,0.56
nbSH,5,6,11,0.45
nbSI,0,1,1,0.0
nbSK,1,0,1,1.0
nbSL,7,6,13,0.54
nbSM,19,23,42,0.45
nbSN,16,10,26,0.62
nbSP,17,20,37,0.46
nbSS,14,9,23,0.61
nbSb,10,9,19,0.53
nbSh,8,10,18,0.44
nbSl,5,2,7,0.71
nbSm,21,19,40,0.52
nbSn,29,22,51,0.57
nbSs,17,16,33,0.52
nbSt,1,3,4,0.25
nbbB,29,39,68,0.43
nbbD,3,1,4,0.75
nbbH,8,5,13,0.62
nbbI,5,2,7,0.71
nbbJ,7,8,15,0.47
nbbK,5,3,8,0.62
nbbL,10,7,17,0.59
nbbM,30,30,60,0.5
nbbN,52,34,86,0.6
nbbP,49,31,80,0.61
nbbS,6,8,14,0.43
nbbb,48,30,78,0.62
nbbl,7,5,12,0.58
nbbm,30,19,49,0.61
nbbn,23,25,48,0.48
nbbs,8,8,16,0.5
nbhD,1,0,1,1.0
nbhS,0,0,0,
nbhb,1,0,1,1.0
nbhh,0,1,1,0.0
nbhl,0,0,0,
nblB,4,8,12,0.33
nblD,0,2,2,0.0
nblH,2,4,6,0.33
nblI,1,1,2,0.5
nblJ,1,1,2,0.5
nblL,3,4,7,0.43
nblM,8,8,16,0.5
nblN,6,10,16,0.38
nblP,11,8,19,0.58
nblS,6,5,11,0.55
nblb,11,5,16,0.69
nbll,3,0,3,1.0
nblm,5,12,17,0.29
nbln,6,5,11,0.55
nbls,1,2,3,0.33
nbmB,22,32,54,0.41
nbmD,7,7,14,0.5
nbmH,23,12,35,0.66
nbmI,1,0,1,1.0
nbmJ,4,6,10,0.4
nbmK,2,0,2,1.0
nbmL,6,4,10,0.6
nbmM,32,45,77,0.42
nbmN,37,38,75,0.49
nbmP,37,31,68,0.54
nbmS,15,16,31,0.48
nbmb,26,28,54,0.48
nbml,4,3,7,0.57
nbmm,25,24,49,0.51
nbmn,26,23,49,0.53
nbms,11,10,21,0.52
nbnB,25,37,62,0.4
nbnD,7,4,11,0.64
nbnH,16,20,36,0.44
nbnI,3,6,9,0.33
nbnK,3,1,4,0.75
nbnL,8,6,14,0.57
nbnM,18,27,45,0.4
nbnN,52,49,101,0.51
nbnP,42,45,87,0.48
nbnS,19,17,36,0.53
nbnb,33,28,61,0.54
nbnh,0,1,1,0.0
nbnl,10,9,19,0.53
nbnm,25,17,42,0.6
nbnn,37,26,63,0.59
nbns,23,20,43,0.53
nbsB,11,9,20,0.55
nbsD,2,5,7,0.29
nbsH,7,12,19,0.37
nbsI,4,1,5,0.8
nbsL,5,3,8,0.62
nbsM,10,16,26,0.38
nbsN,17,12,29,0.59
nbsP,17,15,32,0.53
nbsS,13,13,26,0.5
nbsb,14,8,22,0.64
nbsh,1,2,3,0.33
nbsl,5,4,9,0.56
nbsm,9,17,26,0.35
nbsn,11,8,19,0.58
nbss,10,9,19,0.53
nhBB,5,0,5,1.0
nhBD,1,1,2,0.5
nhBK,0,0,0,
nhBL,0,1,1,0.0
nhBM,1,2,3,0.33
nhBP,1,1,2,0.5
nhBS,2,0,2,1.0
nhBb,0,4,4,0.0
nhBj,0,0,0,
nhBl,0,3,3,0.0
nhBm,1,1,2,0.5
nhBn,1,0,1,1.0
nhBt,1,0,1,1.0
nhDB,1,0,1,1.0
nhDH,0,1,1,0.0
nhDP,0,2,2,0.0
nhDS,1,0,1,1.0
nhDb,0,1,1,0.0
nhDh,0,1,1,0.0
nhHB,0,0,0,
nhHL,1,0,1,1.0
nhHM,0,1,1,0.0
nhHN,0,1,1,0.0
nhHP,0,1,1,0.0
nhHh,0,0,0,
nhHs,0,1,1,0.0
nhIH,0,0,0,
nhIM,0,2,2,0.0
nhIP,1,0,1,1.0
nhIS,1,1,2,0.5
nhIb,1,0,1,1.0
nhIl,0,1,1,0.0
nhIn,1,0,1,1.0
nhKM,0,1,1,0.0
nhLB,1,1,2,0.5
nhLL,0,1,1,0.0
nhLM,0,2,2,0.0
nhLN,0,2,2,0.0
nhLP,1,0,1,1.0
nhLh,0,1,1,0.0
nhLm,0,1,1,0.0
nhLs,0,0,0,
nhMB,0,4,4,0.0
nhMD,1,1,2,0.5
nhMI,0,1,1,0.0
nhMM,0,3,3,0.0
nhMN,0,1,1,0.0
nhMP,2,3,5,0.4
nhMS,1,1,2,0.5
nhMb,3,0,3,1.0
nhMh,1,1,2,0.5
nhMj,0,2,2,0.0
nhMl,0,1,1,0.0
nhMm,3,2,5,0.6
nhMn,4,2,6,0.67
nhMs,0,1,1,0.0
nhNB,2,0,2,1.0
nhND,1,0,1,1.0
nhNL,0,0,0,
nhNM,1,2,3,0.33
nhNN,0,3,3,0.0
nhNP,3,1,4,0.75
nhNS,0,2,2,0.0
nhNb,1,1,2,0.5
nhNh,0,0,0,
nhNl,1,0,1,1.0
nhNm,2,6,8,0.25
nhNn,1,0,1,1.0
nhNs,2,2,4,0.5
nhNt,2,0,2,1.0
nhPB,2,3,5,0.4
nhPD,0,1,1,0.0
nhPH,1,0,1,1.0
nhPI,1,0,1,1.0
nhPL,0,1,1,0.0
nhPM,1,2,3,0.33
nhPN,2,3,5,0.4
nhPP,1,4,5,0.2
nhPS,2,2,4,0.5
nhPb,1,0,1,1.0
nhPh,0,2,2,0.0
nhPl,0,1,1,0.0
nhPm,7,3,10,0.7
nhPn,3,0,3,1.0
nhPs,3,1,4,0.75
nhSB,3,2,5,0.6
nhSD,0,1,1,0.0
nhSH,0,1,1,0.0
nhSI,1,0,1,1.0
nhSL,0,2,2,0.0
nhSM,0,2,2,0.0
nhSN,1,0,1,1.0
nhSP,1,4,5,0.2
nhSS,3,0,3,1.0
nhSb,2,0,2,1.0
nhSh,1,1,2,0.5
nhSm,2,0,2,1.0
nhSn,1,2,3,0.33
nhSs,0,1,1,0.0
nhbB,0,0,0,
nhbD,0,1,1,0.0
nhbJ,0,1,1,0.0
nhbK,0,0,0,
nhbL,1,2,3,0.33
nhbM,3,2,5,0.6
nhbN,1,0,1,1.0
nhbP,1,0,1,1.0
nhbS,1,1,2,0.5
nhbb,4,2,6,0.67
nhbm,3,2,5,0.6
nhbn,1,0,1,1.0
nhbs,1,1,2,0.5
nhhB,2,0,2,1.0
nhhH,0,1,1,0.0
nhhI,1,0,1,1.0
nhhL,1,0,1,1.0
nhhM,0,1,1,0.0
nhhN,3,2,5,0.6
nhhP,2,0,2,1.0
nhhS,2,0,2,1.0
nhhb,2,1,3,0.67
nhhh,3,1,4,0.75
nhhl,0,1,1,0.0
nhhm,0,1,1,0.0
nhhn,4,2,6,0.67
nhhs,1,2,3,0.33
nhht,0,1,1,0.0
nhlD,0,1,1,0.0
nhlH,1,1,2,0.5
nhlJ,0,1,1,0.0
nhlM,2,1,3,0.67
nhlN,1,0,1,1.0
nhlb,0,1,1,0.0
nhll,0,1,1,0.0
nhlm,0,3,3,0.0
nhln,1,1,2,0.5
nhmB,2,4,6,0.33
nhmD,2,0,2,1.0
nhmH,1,1,2,0.5
nhmJ,0,1,1,0.0
nhmL,0,2,2,0.0
nhmM,2,4,6,0.33
nhmN,2,3,5,0.4
nhmP,3,2,5,0.6
nhmS,0,2,2,0.0
nhmb,2,3,5,0.4
nhml,1,0,1,1.0
nhmm,0,3,3,0.0
nhmn,1,2,3,0.33
nhms,2,2,4,0.5
nhnB,0,2,2,0.0
nhnD,0,1,1,0.0
nhnH,2,0,2,1.0
nhnI,1,0,1,1.0
nhnM,0,1,1,0.0
nhnN,1,2,3,0.33
nhnP,3,1,4,0.75
nhnb,1,1,2,0.5
nhnl,1,1,2,0.5
nhnm,2,3,5,0.4
nhnn,1,1,2,0.5
nhns,2,3,5,0.4
nhsB,1,2,3,0.33
nhsD,2,1,3,0.67
nhsH,1,4,5,0.2
nhsI,0,1,1,0.0
nhsL,0,1,1,0.0
nhsM,1,2,3,0.33
nhsN,3,3,6,0.5
nhsP,4,0,4,1.0
nhsS,1,1,2,0.5
nhsb,1,0,1,1.0
nhsh,0,0,0,
nhsl,1,0,1,1.0
nhsm,1,0,1,1.0
nhsn,1,0,1,1.0
nhss,1,0,1,1.0
nhst,1,0,1,1.0
nhtS,0,0,0,
nlBB,5,6,11,0.45
nlBD,0,1,1,0.0
nlBK,3,2,5,0.6
nlBL,5,2,7,0.71
nlBM,12,6,18,0.67
nlBN,15,10,25,0.6
nlBP,13,15,28,0.46
nlBS,5,6,11,0.45
nlBb,5,9,14,0.36
nlBh,1,1,2,0.5
nlBj,1,0,1,1.0
nlBl,3,2,5,0.6
nlBm,6,7,13,0.46
nlBn,19,16,35,0.54
nlBs,5,1,6,0.83
nlBt,2,1,3,0.67
nlDB,2,0,2,1.0
nlDD,0,2,2,0.0
nlDH,0,1,1,0.0
nlDM,2,7,9,0.22
nlDN,1,2,3,0.33
nlDP,0,3,3,0.0
nlDS,1,1,2,0.5
nlDb,2,1,3,0.67
nlDh,0,1,1,0.0
nlDl,0,1,1,0.0
nlDm,3,2,5,0.6
nlDn,1,2,3,0.33
nlDs,0,0,0,
nlDt,1,0,1,1.0
nlHB,3,8,11,0.27
nlHD,4,2,6,0.67
nlHH,0,2,2,0.0
nlHI,1,1,2,0.5
nlHK,0,1,1,0.0
nlHL,3,2,5,0.6
nlHM,3,6,9,0.33
nlHN,6,2,8,0.75
nlHP,8,6,14,0.57
nlHS,3,1,4,0.75
nlHb,6,6,12,0.5
nlHh,1,1,2,0.5
nlHl,1,1,2,0.5
nlHm,5,2,7,0.71
nlHn,6,7,13,0.46
nlHs,1,6,7,0.14
nlHt,0,2,2,0.0
nlIB,1,1,2,0.5
nlIH,0,1,1,0.0
nlIM,1,0,1,1.0
nlIN,1,0,1,1.0
nlIP,1,2,3,0.33
nlIS,1,0,1,1.0
nlIb,2,1,3,0.67
nlIl,1,0,1,1.0
nlIm,3,0,3,1.0
nlIn,1,0,1,1.0
nlIs,1,0,1,1.0
nlJB,2,1,3,0.67
nlJD,0,1,1,0.0
nlJH,1,0,1,1.0
nlJK,0,1,1,0.0
nlJL,0,4,4,0.0
nlJM,3,9,12,0.25
nlJN,4,3,7,0.57
nlJP,7,5,12,0.58
nlJS,2,1,3,0.67
nlJb,4,1,5,0.8
nlJl,2,3,5,0.4
nlJm,3,2,5,0.6
nlJn,1,3,4,0.25
nlJs,5,5,10,0.5
nlJt,1,2,3,0.33
nlKB,1,0,1,1.0
nlKD,0,0,0,
nlKL,0,0,0,
nlKP,0,1,1,0.0
nlKb,0,1,1,0.0
nlKh,2,0,2,1.0
nlKm,1,1,2,0.5
nlKn,1,0,1,1.0
nlKs,0,1,1,0.0
nlLB,1,3,4,0.25
nlLK,1,0,1,1.0
nlLL,4,2,6,0.67
nlLM,5,3,8,0.62
nlLN,3,4,7,0.43
nlLP,5,6,11,0.45
nlLS,0,3,3,0.0
nlLb,3,7,10,0.3
nlLh,0,2,2,0.0
nlLj,0,1,1,0.0
nlLl,5,1,6,0.83
nlLm,3,2,5,0.6
nlLn,11,9,20,0.55
nlLs,1,2,3,0.33
nlLt,1,1,2,0.5
nlMB,9,12,21,0.43
nlMD,5,2,7,0.71
nlMK,1,0,1,1.0
nlML,6,5,11,0.55
nlMM,10,7,17,0.59
nlMN,9,10,19,0.47
nlMP,8,12,20,0.4
nlMS,9,10,19,0.47
nlMb,10,9,19,0.53
nlMh,12,7,19,0.63
nlMj,2,2,4,0.5
nlMl,2,1,3,0.67
nlMm,15,15,30,0.5
nlMn,10,12,22,0.45
nlMs,6,8,14,0.43
nlMt,0,2,2,0.0
nlNB,5,9,14,0.36
nlND,2,1,3,0.67
nlNH,2,1,3,0.67
nlNK,3,2,5,0.6
nlNL,4,3,7,0.57
nlNM,5,12,17,0.29
nlNN,12,16,28,0.43
nlNP,18,18,36,0.5
nlNS,13,12,25,0.52
nlNb,12,11,23,0.52
nlNh,2,3,5,0.4
nlNl,8,1,9,0.89
nlNm,15,5,20,0.75
nlNn,19,18,37,0.51
nlNs,10,12,22,0.45
nlNt,1,1,2,0.5
nlPB,10,13,23,0.43
nlPD,1,1,2,0.5
nlPH,4,4,8,0.5
nlPI,1,1,2,0.5
nlPK,2,1,3,0.67
nlPL,7,9,16,0.44
nlPM,10,17,27,0.37
nlPN,21,12,33,0.64
nlPP,24,15,39,0.62
nlPS,8,12,20,0.4
nlPb,9,7,16,0.56
nlPh,1,1,2,0.5
nlPl,5,3,8,0.62
nlPm,6,8,14,0.43
nlPn,9,12,21,0.43
nlPs,4,8,12,0.33
nlPt,2,4,6,0.33
nlSB,4,5,9,0.44
nlSD,0,1,1,0.0
nlSH,1,2,3,0.33
nlSL,3,0,3,1.0
nlSM,3,9,12,0.25
nlSN,5,6,11,0.45
nlSP,7,8,15,0.47
nlSS,13,10,23,0.57
nlSb,4,3,7,0.57
nlSh,3,3,6,0.5
nlSl,2,2,4,0.5
nlSm,8,7,15,0.53
nlSn,7,10,17,0.41
nlSs,4,2,6,0.67
nlSt,1,1,2,0.5
nlbB,16,12,28,0.57
nlbD,0,2,2,0.0
nlbH,2,2,4,0.5
nlbI,1,2,3,0.33
nlbJ,1,1,2,0.5
nlbK,1,2,3,0.33
nlbL,5,5,10,0.5
nlbM,7,10,17,0.41
nlbN,21,16,37,0.57
nlbP,16,12,28,0.57
nlbS,1,4,5,0.2
nlbb,9,10,19,0.47
nlbl,2,3,5,0.4
nlbm,13,5,18,0.72
nlbn,10,10,20,0.5
nlbs,8,5,13,0.62
nlhI,0,1,1,0.0
nllB,3,2,5,0.6
nllD,1,0,1,1.0
nllH,0,2,2,0.0
nllI,0,1,1,0.0
nllJ,1,0,1,1.0
nllK,0,1,1,0.0
nllL,0,1,1,0.0
nllM,1,1,2,0.5
nllN,4,6,10,0.4
nllP,1,6,7,0.14
nllS,5,0,5,1.0
nllb,1,3,4,0.25
nlll,1,0,1,1.0
nllm,3,4,7,0.43
nlln,1,2,3,0.33
nlls,2,1,3,0.67
nlmB,9,9,18,0.5
nlmD,1,1,2,0.5
nlmH,7,4,11,0.64
nlmI,1,1,2,0.5
nlmJ,0,0,0,
nlmL,2,2,4,0.5
nlmM,10,4,14,0.71
nlmN,12,12,24,0.5
nlmP,16,13,29,0.55
nlmS,4,8,12,0.33
nlmb,9,8,17,0.53
nlml,4,1,5,0.8
nlmm,16,8,24,0.67
nlmn,10,5,15,0.67
nlms,1,1,2,0.5
nlnB,7,11,18,0.39
nlnD,2,5,7,0.29
nlnH,2,4,6,0.33
nlnI,0,2,2,0.0
nlnK,3,1,4,0.75
nlnL,4,4,8,0.5
nlnM,10,7,17,0.59
nlnN,10,12,22,0.45
nlnP,10,12,22,0.45
nlnS,7,8,15,0.47
nlnb,16,6,22,0.73
nlnl,5,3,8,0.62
nlnm,8,7,15,0.53
nlnn,12,9,21,0.57
nlns,4,3,7,0.57
nlsB,6,6,12,0.5
nlsD,1,1,2,0.5
nlsH,4,9,13,0.31
nlsI,0,1,1,0.0
nlsL,4,2,6,0.67
nlsM,7,10,17,0.41
nlsN,5,0,5,1.0
nlsP,7,9,16,0.44
nlsS,7,3,10,0.7
nlsb,3,1,4,0.75
nlsh,1,0,1,1.0
nlsl,0,2,2,0.0
nlsm,6,6,12,0.5
nlsn,3,4,7,0.43
nlss,5,4,9,0.56
nmBB,33,32,65,0.51
nmBD,7,6,13,0.54
nmBK,3,10,13,0.23
nmBL,9,13,22,0.41
nmBM,25,39,64,0.39
nmBN,36,46,82,0.44
nmBP,47,38,85,0.55
nmBS,20,26,46,0.43
nmBb,20,19,39,0.51
nmBh,2,5,7,0.29
nmBj,4,1,5,0.8
nmBl,3,10,13,0.23
nmBm,35,29,64,0.55
nmBn,50,43,93,0.54
nmBs,30,15,45,0.67
nmBt,5,2,7,0.71
nmDB,6,6,12,0.5
nmDD,4,6,10,0.4
nmDH,4,8,12,0.33
nmDL,3,6,9,0.33
nmDM,9,12,21,0.43
nmDN,15,7,22,0.68
nmDP,12,11,23,0.52
nmDS,5,11,16,0.31
nmDb,6,7,13,0.46
nmDh,1,0,1,1.0
nmDl,0,5,5,0.0
nmDm,17,14,31,0.55
nmDn,13,14,27,0.48
nmDs,10,5,15,0.67
nmDt,2,0,2,1.0
nmHB,26,23,49,0.53
nmHD,3,7,10,0.3
nmHH,3,7,10,0.3
nmHI,6,7,13,0.46
nmHL,5,3,8,0.62
nmHM,28,28,56,0.5
nmHN,29,35,64,0.45
nmHP,36,34,70,0.51
nmHS,24,17,41,0.59
nmHb,19,23,42,0.45
nmHh,14,13,27,0.52
nmHl,7,7,14,0.5
nmHm,33,29,62,0.53
nmHn,34,38,72,0.47
nmHs,21,13,34,0.62
nmHt,0,1,1,0.0
nmIB,1,2,3,0.33
nmID,1,0,1,1.0
nmIH,4,2,6,0.67
nmII,1,0,1,1.0
nmIL,1,3,4,0.25
nmIM,1,3,4,0.25
nmIN,4,5,9,0.44
nmIP,1,5,6,0.17
nmIS,2,2,4,0.5
nmIb,1,2,3,0.33
nmIl,1,1,2,0.5
nmIm,3,3,6,0.5
nmIn,5,2,7,0.71
nmIs,1,0,1,1.0
nmIt,1,0,1,1.0
nmJB,5,9,14,0.36
nmJD,0,0,0,
nmJH,6,4,10,0.6
nmJI,1,1,2,0.5
nmJK,0,0,0,
nmJL,6,2,8,0.75
nmJM,3,11,14,0.21
nmJN,10,10,20,0.5
nmJP,14,9,23,0.61
nmJS,4,3,7,0.57
nmJb,3,5,8,0.38
nmJl,3,4,7,0.43
nmJm,11,3,14,0.79
nmJn,6,2,8,0.75
nmJs,5,3,8,0.62
nmJt,2,1,3,0.67
nmKL,1,0,1,1.0
nmKM,1,3,4,0.25
nmKN,1,0,1,1.0
nmKP,1,1,2,0.5
nmKS,0,1,1,0.0
nmKb,0,0,0,
nmKh,1,1,2,0.5
nmKm,1,1,2,0.5
nmKs,0,2,2,0.0
nmLB,6,3,9,0.67
nmLD,2,4,6,0.33
nmLH,0,0,0,
nmLL,1,5,6,0.17
nmLM,8,9,17,0.47
nmLN,7,12,19,0.37
nmLP,17,10,27,0.63
nmLS,3,7,10,0.3
nmLb,10,5,15,0.67
nmLh,2,4,6,0.33
nmLj,4,2,6,0.67
nmLl,3,3,6,0.5
nmLm,13,9,22,0.59
nmLn,14,20,34,0.41
nmLs,4,9,13,0.31
nmLt,0,1,1,0.0
nmMB,27,36,63,0.43
nmMD,11,8,19,0.58
nmMK,1,1,2,0.5
nmML,10,13,23,0.43
nmMM,40,46,86,0.47
nmMN,45,51,96,0.47
nmMP,54,53,107,0.5
nmMS,24,32,56,0.43
nmMb,33,35,68,0.49
nmMh,30,36,66,0.45
nmMj,2,5,7,0.29
nmMl,9,12,21,0.43
nmMm,41,38,79,0.52
nmMn,57,61,118,0.48
nmMs,27,27,54,0.5
nmMt,3,6,9,0.33
nmNB,37,39,76,0.49
nmND,7,12,19,0.37
nmNH,8,6,14,0.57
nmNI,0,1,1,0.0
nmNK,5,5,10,0.5
nmNL,15,11,26,0.58
nmNM,42,66,108,0.39
nmNN,48,61,109,0.44
nmNP,61,67,128,0.48
nmNS,39,29,68,0.57
nmNb,38,31,69,0.55
nmNh,13,19,32,0.41
nmNl,16,15,31,0.52
nmNm,48,37,85,0.56
nmNn,70,68,138,0.51
nmNs,25,33,58,0.43
nmNt,5,9,14,0.36
nmPB,41,39,80,0.51
nmPD,14,7,21,0.67
nmPH,6,11,17,0.35
nmPI,4,2,6,0.67
nmPK,6,7,13,0.46
nmPL,24,21,45,0.53
nmPM,43,54,97,0.44
nmPN,53,53,106,0.5
nmPP,67,67,134,0.5
nmPS,29,39,68,0.43
nmPb,39,25,64,0.61
nmPh,6,4,10,0.6
nmPl,11,9,20,0.55
nmPm,50,42,92,0.54
nmPn,40,49,89,0.45
nmPs,25,30,55,0.45
nmPt,5,3,8,0.62
nmSB,21,28,49,0.43
nmSD,11,4,15,0.73
nmSH,9,10,19,0.47
nmSI,2,1,3,0.67
nmSL,5,4,9,0.56
nmSM,17,29,46,0.37
nmSN,18,29,47,0.38
nmSP,31,30,61,0.51
nmSS,22,33,55,0.4
nmSb,18,16,34,0.53
nmSh,20,17,37,0.54
nmSl,3,8,11,0.27
nmSm,30,15,45,0.67
nmSn,30,23,53,0.57
nmSs,16,24,40,0.4
nmSt,4,4,8,0.5
nmbB,32,31,63,0.51
nmbD,7,4,11,0.64
nmbH,8,9,17,0.47
nmbI,4,3,7,0.57
nmbJ,9,9,18,0.5
nmbK,4,2,6,0.67
nmbL,8,14,22,0.36
nmbM,30,31,61,0.49
nmbN,50,57,107,0.47
nmbP,43,40,83,0.52
nmbS,19,17,36,0.53
nmbb,35,39,74,0.47
nmbl,9,5,14,0.64
nmbm,36,23,59,0.61
nmbn,50,38,88,0.57
nmbs,15,14,29,0.52
nmhI,1,0,1,1.0
nmhM,1,0,1,1.0
nmhm,1,1,2,0.5
nmhn,1,0,1,1.0
nmlB,12,5,17,0.71
nmlD,3,1,4,0.75
nmlH,5,5,10,0.5
nmlI,0,1,1,0.0
nmlJ,0,3,3,0.0
nmlL,7,3,10,0.7
nmlM,6,10,16,0.38
nmlN,10,6,16,0.62
nmlP,15,4,19,0.79
nmlS,5,3,8,0.62
nmlb,7,9,16,0.44
nmll,0,3,3,0.0
nmlm,11,5,16,0.69
nmln,5,5,10,0.5
nmls,4,2,6,0.67
nmmB,33,48,81,0.41
nmmD,11,9,20,0.55
nmmH,20,19,39,0.51
nmmI,4,3,7,0.57
nmmJ,8,3,11,0.73
nmmK,1,0,1,1.0
nmmL,5,10,15,0.33
nmmM,36,35,71,0.51
nmmN,47,47,94,0.5
nmmP,59,47,106,0.56
nmmS,14,30,44,0.32
nmmb,38,35,73,0.52
nmmh,0,0,0,
nmml,6,4,10,0.6
nmmm,37,43,80,0.46
nmmn,48,36,84,0.57
nmms,20,15,35,0.57
nmnB,27,34,61,0.44
nmnD,6,6,12,0.5
nmnH,33,15,48,0.69
nmnI,5,4,9,0.56
nmnK,2,2,4,0.5
nmnL,14,12,26,0.54
nmnM,29,48,77,0.38
nmnN,52,53,105,0.5
nmnP,62,52,114,0.54
nmnS,22,22,44,0.5
nmnb,33,27,60,0.55
nmnh,0,2,2,0.0
nmnl,6,4,10,0.6
nmnm,41,26,67,0.61
nmnn,51,34,85,0.6
nmns,26,19,45,0.58
nmnt,2,0,2,1.0
nmsB,6,13,19,0.32
nmsD,5,2,7,0.71
nmsH,24,16,40,0.6
nmsI,2,2,4,0.5
nmsK,0,2,2,0.0
nmsL,6,8,14,0.43
nmsM,15,20,35,0.43
nmsN,19,26,45,0.42
nmsP,20,24,44,0.45
nmsS,21,16,37,0.57
nmsb,13,16,29,0.45
nmsh,0,2,2,0.0
nmsl,4,1,5,0.8
nmsm,20,27,47,0.43
nmsn,27,18,45,0.6
nmss,13,9,22,0.59
nmst,0,1,1,0.0
nmtS,0,1,1,0.0
nmtb,1,0,1,1.0
nnBB,21,24,45,0.47
nnBD,4,8,12,0.33
nnBH,1,0,1,1.0
nnBK,4,6,10,0.4
nnBL,11,13,24,0.46
nnBM,15,34,49,0.31
nnBN,45,33,78,0.58
nnBP,41,28,69,0.59
nnBS,24,19,43,0.56
nnBb,26,26,52,0.5
nnBh,1,2,3,0.33
nnBj,8,5,13,0.62
nnBl,5,10,15,0.33
nnBm,34,26,60,0.57
nnBn,41,50,91,0.45
nnBs,22,20,42,0.52
nnBt,6,5,11,0.55
nnDB,8,11,19,0.42
nnDD,4,3,7,0.57
nnDH,7,12,19,0.37
nnDI,1,0,1,1.0
nnDL,4,3,7,0.57
nnDM,10,3,13,0.77
nnDN,9,7,16,0.56
nnDP,7,14,21,0.33
nnDS,5,9,14,0.36
nnDb,6,6,12,0.5
nnDl,2,1,3,0.67
nnDm,11,12,23,0.48
nnDn,10,15,25,0.4
nnDs,5,8,13,0.38
nnDt,3,0,3,1.0
nnHB,17,18,35,0.49
nnHD,4,5,9,0.44
nnHH,5,6,11,0.45
nnHI,2,2,4,0.5
nnHK,1,1,2,0.5
nnHL,11,4,15,0.73
nnHM,18,18,36,0.5
nnHN,23,32,55,0.42
nnHP,27,40,67,0.4
nnHS,14,13,27,0.52
nnHb,21,18,39,0.54
nnHh,11,14,25,0.44
nnHl,12,1,13,0.92
nnHm,28,21,49,0.57
nnHn,30,28,58,0.52
nnHs,22,15,37,0.59
nnHt,2,2,4,0.5
nnIB,5,3,8,0.62
nnID,2,3,5,0.4
nnIH,3,5,8,0.38
nnII,1,3,4,0.25
nnIL,0,2,2,0.0
nnIM,6,11,17,0.35
nnIN,7,5,12,0.58
nnIP,8,15,23,0.35
nnIS,4,4,8,0.5
nnIb,3,5,8,0.38
nnIh,0,1,1,0.0
nnIl,3,0,3,1.0
nnIm,5,5,10,0.5
nnIn,6,6,12,0.5
nnIs,8,6,14,0.57
nnIt,1,0,1,1.0
nnKB,1,6,7,0.14
nnKD,1,1,2,0.5
nnKH,0,1,1,0.0
nnKI,0,0,0,
nnKL,1,0,1,1.0
nnKM,5,8,13,0.38
nnKN,7,3,10,0.7
nnKP,5,5,10,0.5
nnKS,3,1,4,0.75
nnKb,5,0,5,1.0
nnKh,4,6,10,0.4
nnKl,1,0,1,1.0
nnKm,3,2,5,0.6
nnKn,1,3,4,0.25
nnKs,1,3,4,0.25
nnKt,0,0,0,
nnLB,4,9,13,0.31
nnLD,1,3,4,0.25
nnLL,5,2,7,0.71
nnLM,10,11,21,0.48
nnLN,19,12,31,0.61
nnLP,14,26,40,0.35
nnLS,7,13,20,0.35
nnLb,10,7,17,0.59
nnLh,8,2,10,0.8
nnLj,4,0,4,1.0
nnLl,3,2,5,0.6
nnLm,12,12,24,0.5
nnLn,15,12,27,0.56
nnLs,7,5,12,0.58
nnLt,3,2,5,0.6
nnMB,28,29,57,0.49
nnMD,7,4,11,0.64
nnMK,0,2,2,0.0
nnML,5,14,19,0.26
nnMM,26,26,52,0.5
nnMN,40,63,103,0.39
nnMP,50,47,97,0.52
nnMS,24,31,55,0.44
nnMb,32,25,57,0.56
nnMh,35,34,69,0.51
nnMj,4,3,7,0.57
nnMl,8,10,18,0.44
nnMm,57,49,106,0.54
nnMn,55,57,112,0.49
nnMs,30,35,65,0.46
nnMt,3,2,5,0.6
nnNB,36,39,75,0.48
nnND,18,11,29,0.62
nnNH,7,10,17,0.41
nnNI,0,2,2,0.0
nnNK,9,6,15,0.6
nnNL,12,20,32,0.38
nnNM,53,54,107,0.5
nnNN,77,75,152,0.51
nnNP,66,62,128,0.52
nnNS,38,44,82,0.46
nnNb,51,39,90,0.57
nnNh,17,13,30,0.57
nnNl,11,6,17,0.65
nnNm,52,43,95,0.55
nnNn,90,99,189,0.48
nnNs,42,47,89,0.47
nnNt,12,14,26,0.46
nnPB,60,53,113,0.53
nnPD,5,9,14,0.36
nnPH,22,15,37,0.59
nnPI,12,3,15,0.8
nnPK,8,4,12,0.67
nnPL,15,21,36,0.42
nnPM,55,53,108,0.51
nnPN,74,59,133,0.56
nnPP,69,89,158,0.44
nnPS,49,40,89,0.55
nnPb,39,48,87,0.45
nnPh,5,8,13,0.38
nnPl,20,21,41,0.49
nnPm,70,55,125,0.56
nnPn,60,62,122,0.49
nnPs,55,38,93,0.59
nnPt,4,6,10,0.4
nnSB,27,22,49,0.55
nnSD,7,8,15,0.47
nnSH,7,12,19,0.37
nnSI,1,2,3,0.33
nnSK,1,2,3,0.33
nnSL,3,9,12,0.25
nnSM,31,29,60,0.52
nnSN,40,44,84,0.48
nnSP,45,38,83,0.54
nnSS,31,35,66,0.47
nnSb,24,19,43,0.56
nnSh,18,15,33,0.55
nnSl,5,9,14,0.36
nnSm,27,30,57,0.47
nnSn,33,26,59,0.56
nnSs,36,27,63,0.57
nnSt,2,2,4,0.5
nnbB,31,29,60,0.52
nnbD,2,7,9,0.22
nnbH,7,6,13,0.54
nnbI,2,4,6,0.33
nnbJ,7,8,15,0.47
nnbK,7,5,12,0.58
nnbL,11,6,17,0.65
nnbM,18,38,56,0.32
nnbN,45,53,98,0.46
nnbP,51,35,86,0.59
nnbS,24,17,41,0.59
nnbb,28,22,50,0.56
nnbl,12,8,20,0.6
nnbm,26,22,48,0.54
nnbn,41,45,86,0.48
nnbs,13,11,24,0.54
nnhB,3,1,4,0.75
nnhH,0,1,1,0.0
nnhI,3,0,3,1.0
nnhM,2,3,5,0.4
nnhN,0,2,2,0.0
nnhP,3,2,5,0.6
nnhS,3,1,4,0.75
nnhb,0,0,0,
nnhh,4,0,4,1.0
nnhm,2,1,3,0.67
nnhn,1,1,2,0.5
nnhs,1,2,3,0.33
nnlB,6,4,10,0.6
nnlD,3,1,4,0.75
nnlH,2,7,9,0.22
nnlI,0,0,0,
nnlJ,3,6,9,0.33
nnlK,1,0,1,1.0
nnlL,3,7,10,0.3
nnlM,12,9,21,0.57
nnlN,10,15,25,0.4
nnlP,12,6,18,0.67
nnlS,8,3,11,0.73
nnlb,14,8,22,0.64
nnll,2,5,7,0.29
nnlm,16,10,26,0.62
nnln,7,7,14,0.5
nnls,6,2,8,0.75
nnmB,43,31,74,0.58
nnmD,10,10,20,0.5
nnmH,19,32,51,0.37
nnmI,3,4,7,0.43
nnmJ,10,3,13,0.77
nnmK,1,0,1,1.0
nnmL,15,8,23,0.65
nnmM,41,36,77,0.53
nnmN,48,49,97,0.49
nnmP,56,37,93,0.6
nnmS,33,23,56,0.59
nnmb,30,30,60,0.5
nnmh,0,1,1,0.0
nnml,8,7,15,0.53
nnmm,37,26,63,0.59
nnmn,34,25,59,0.58
nnms,12,15,27,0.44
nnnB,39,33,72,0.54
nnnD,7,11,18,0.39
nnnH,23,28,51,0.45
nnnI,14,7,21,0.67
nnnK,5,4,9,0.56
nnnL,6,9,15,0.4
nnnM,42,55,97,0.43
nnnN,66,68,134,0.49
nnnP,67,83,150,0.45
nnnS,34,39,73,0.47
nnnb,51,39,90,0.57
nnnh,3,1,4,0.75
nnnl,12,10,22,0.55
nnnm,48,37,85,0.56
nnnn,69,52,121,0.57
nnns,35,34,69,0.51
nnsB,15,24,39,0.38
nnsD,6,8,14,0.43
nnsH,25,33,58,0.43
nnsI,4,8,12,0.33
nnsL,9,7,16,0.56
nnsM,23,18,41,0.56
nnsN,38,33,71,0.54
nnsP,25,26,51,0.49
nnsS,31,34,65,0.48
nnsb,19,18,37,0.51
nnsh,1,2,3,0.33
nnsl,6,5,11,0.55
nnsm,38,19,57,0.67
nnsn,27,32,59,0.46
nnss,27,22,49,0.55
nnst,0,1,1,0.0
nntH,1,1,2,0.5
nntM,0,0,0,
nntN,1,0,1,1.0
nntP,1,0,1,1.0
nntS,1,0,1,1.0
nntb,0,1,1,0.0
nntm,1,0,1,1.0
nntt,0,1,1,0.0
nsBB,13,19,32,0.41
nsBD,3,7,10,0.3
nsBK,3,5,8,0.38
nsBL,2,5,7,0.29
nsBM,10,14,24,0.42
nsBN,28,23,51,0.55
nsBP,28,19,47,0.6
nsBS,13,13,26,0.5
nsBb,12,23,35,0.34
nsBh,6,1,7,0.86
nsBj,5,3,8,0.62
nsBl,3,4,7,0.43
nsBm,14,18,32,0.44
nsBn,26,19,45,0.58
nsBs,11,10,21,0.52
nsBt,4,4,8,0.5
nsDB,7,2,9,0.78
nsDD,1,5,6,0.17
nsDH,5,4,9,0.56
nsDL,0,3,3,0.0
nsDM,8,10,18,0.44
nsDN,5,2,7,0.71
nsDP,11,7,18,0.61
nsDS,5,5,10,0.5
nsDb,3,3,6,0.5
nsDh,0,1,1,0.0
nsDl,4,4,8,0.5
nsDm,9,4,13,0.69
nsDn,9,6,15,0.6
nsDs,8,6,14,0.57
nsDt,2,0,2,1.0
nsHB,14,16,30,0.47
nsHD,2,3,5,0.4
nsHH,8,3,11,0.73
nsHI,3,4,7,0.43
nsHK,3,1,4,0.75
nsHL,6,5,11,0.55
nsHM,21,16,37,0.57
nsHN,28,26,54,0.52
nsHP,30,29,59,0.51
nsHS,21,33,54,0.39
nsHb,26,20,46,0.57
nsHh,12,8,20,0.6
nsHl,3,11,14,0.21
nsHm,23,14,37,0.62
nsHn,26,21,47,0.55
nsHs,20,25,45,0.44
nsHt,5,3,8,0.62
nsIB,2,4,6,0.33
nsID,3,1,4,0.75
nsIH,4,3,7,0.57
nsII,1,1,2,0.5
nsIL,1,3,4,0.25
nsIM,2,4,6,0.33
nsIN,6,5,11,0.55
nsIP,4,7,11,0.36
nsIS,4,4,8,0.5
nsIb,6,2,8,0.75
nsIl,0,0,0,
nsIm,5,3,8,0.62
nsIn,5,3,8,0.62
nsIs,0,2,2,0.0
nsIt,4,0,4,1.0
nsKB,0,0,0,
nsKM,0,1,1,0.0
nsKN,0,0,0,
nsKP,2,0,2,1.0
nsKS,1,1,2,0.5
nsKb,0,1,1,0.0
nsKh,1,0,1,1.0
nsKn,1,0,1,1.0
nsKs,0,1,1,0.0
nsLB,5,8,13,0.38
nsLD,0,0,0,
nsLK,1,1,2,0.5
nsLL,1,1,2,0.5
nsLM,5,5,10,0.5
nsLN,6,6,12,0.5
nsLP,9,9,18,0.5
nsLS,3,7,10,0.3
nsLb,3,2,5,0.6
nsLh,2,1,3,0.67
nsLj,4,2,6,0.67
nsLl,3,4,7,0.43
nsLm,11,9,20,0.55
nsLn,13,8,21,0.62
nsLs,5,7,12,0.42
nsLt,1,0,1,1.0
nsMB,23,22,45,0.51
nsMD,3,1,4,0.75
nsMI,2,0,2,1.0
nsMK,0,2,2,0.0
nsML,6,5,11,0.55
nsMM,9,25,34,0.26
nsMN,30,33,63,0.48
nsMP,29,27,56,0.52
nsMS,13,26,39,0.33
nsMb,21,21,42,0.5
nsMh,19,21,40,0.48
nsMj,4,4,8,0.5
nsMl,5,8,13,0.38
nsMm,38,26,64,0.59
nsMn,45,31,76,0.59
nsMs,23,20,43,0.53
nsMt,3,6,9,0.33
nsNB,25,27,52,0.48
nsND,7,8,15,0.47
nsNH,5,4,9,0.56
nsNI,1,0,1,1.0
nsNK,3,5,8,0.38
nsNL,3,7,10,0.3
nsNM,32,26,58,0.55
nsNN,41,56,97,0.42
nsNP,44,42,86,0.51
nsNS,34,17,51,0.67
nsNb,16,17,33,0.48
nsNh,8,7,15,0.53
nsNl,9,9,18,0.5
nsNm,20,35,55,0.36
nsNn,50,44,94,0.53
nsNs,33,20,53,0.62
nsNt,5,7,12,0.42
nsPB,18,21,39,0.46
nsPD,7,7,14,0.5
nsPH,11,15,26,0.42
nsPI,6,2,8,0.75
nsPK,0,1,1,0.0
nsPL,9,7,16,0.56
nsPM,24,39,63,0.38
nsPN,35,34,69,0.51
nsPP,41,42,83,0.49
nsPS,23,20,43,0.53
nsPb,30,17,47,0.64
nsPh,7,5,12,0.58
nsPl,11,6,17,0.65
nsPm,30,33,63,0.48
nsPn,31,31,62,0.5
nsPs,21,23,44,0.48
nsPt,4,2,6,0.67
nsSB,19,19,38,0.5
nsSD,10,9,19,0.53
nsSH,5,8,13,0.38
nsSI,3,0,3,1.0
nsSK,0,0,0,
nsSL,11,8,19,0.58
nsSM,28,40,68,0.41
nsSN,36,18,54,0.67
nsSP,31,26,57,0.54
nsSS,31,33,64,0.48
nsSb,23,6,29,0.79
nsSh,18,17,35,0.51
nsSl,8,7,15,0.53
nsSm,37,27,64,0.58
nsSn,27,26,53,0.51
nsSs,32,29,61,0.52
nsSt,1,2,3,0.33
nsbB,13,7,20,0.65
nsbD,1,2,3,0.33
nsbH,3,8,11,0.27
nsbI,4,1,5,0.8
nsbJ,6,3,9,0.67
nsbK,6,4,10,0.6
nsbL,8,1,9,0.89
nsbM,23,17,40,0.57
nsbN,28,32,60,0.47
nsbP,27,20,47,0.57
nsbS,7,7,14,0.5
nsbb,23,13,36,0.64
nsbl,7,5,12,0.58
nsbm,25,16,41,0.61
nsbn,25,15,40,0.62
nsbs,14,11,25,0.56
nshB,1,3,4,0.25
nshD,1,0,1,1.0
nshH,1,0,1,1.0
nshI,1,0,1,1.0
nshK,1,0,1,1.0
nshM,2,0,2,1.0
nshN,2,2,4,0.5
nshP,4,2,6,0.67
nshS,3,2,5,0.6
nshb,1,1,2,0.5
nshh,0,1,1,0.0
nshl,1,1,2,0.5
nshm,1,3,4,0.25
nshn,0,3,3,0.0
nshs,5,1,6,0.83
nslB,7,8,15,0.47
nslD,1,1,2,0.5
nslH,7,7,14,0.5
nslI,1,0,1,1.0
nslJ,5,2,7,0.71
nslK,0,0,0,
nslL,1,3,4,0.25
nslM,7,10,17,0.41
nslN,13,14,27,0.48
nslP,4,10,14,0.29
nslS,6,8,14,0.43
nslb,7,7,14,0.5
nsll,1,3,4,0.25
nslm,6,9,15,0.4
nsln,8,2,10,0.8
nsls,6,5,11,0.55
nsmB,20,23,43,0.47
nsmD,6,9,15,0.4
nsmH,17,29,46,0.37
nsmI,1,1,2,0.5
nsmJ,5,8,13,0.38
nsmK,1,1,2,0.5
nsmL,8,11,19,0.42
nsmM,21,34,55,0.38
nsmN,27,38,65,0.42
nsmP,19,27,46,0.41
nsmS,22,25,47,0.47
nsmb,26,22,48,0.54
nsmh,0,0,0,
nsml,5,5,10,0.5
nsmm,30,27,57,0.53
nsmn,29,33,62,0.47
nsms,14,12,26,0.54
nsnB,20,11,31,0.65
nsnD,5,3,8,0.62
nsnH,16,19,35,0.46
nsnI,2,9,11,0.18
nsnK,3,4,7,0.43
nsnL,7,7,14,0.5
nsnM,16,22,38,0.42
nsnN,41,48,89,0.46
nsnP,47,43,90,0.52
nsnS,23,27,50,0.46
nsnb,22,11,33,0.67
nsnl,8,4,12,0.67
nsnm,28,17,45,0.62
nsnn,29,24,53,0.55
nsns,21,22,43,0.49
nsnt,0,0,0,
nssB,17,17,34,0.5
nssD,4,5,9,0.44
nssH,23,19,42,0.55
nssI,5,2,7,0.71
nssL,6,2,8,0.75
nssM,27,14,41,0.66
nssN,32,35,67,0.48
nssP,28,28,56,0.5
nssS,34,28,62,0.55
nssb,11,16,27,0.41
nssh,4,2,6,0.67
nssl,9,5,14,0.64
nssm,25,20,45,0.56
nssn,24,19,43,0.56
nsss,27,22,49,0.55
nstK,0,1,1,0.0
nstL,1,0,1,1.0
nstb,1,0,1,1.0
nstn,1,0,1,1.0
ntBD,0,0,0,
ntBH,1,0,1,1.0
ntBM,0,2,2,0.0
ntBP,1,0,1,1.0
ntBb,0,1,1,0.0
ntBh,0,1,1,0.0
ntBn,2,0,2,1.0
ntDM,1,0,1,1.0
ntHB,1,0,1,1.0
ntHI,0,1,1,0.0
ntHM,1,1,2,0.5
ntHS,0,1,1,0.0
ntHh,0,1,1,0.0
ntHs,3,0,3,1.0
ntKS,1,0,1,1.0
ntLM,0,0,0,
ntMM,1,0,1,1.0
ntMP,0,1,1,0.0
ntMh,0,0,0,
ntMl,0,1,1,0.0
ntMm,2,1,3,0.67
ntMs,2,0,2,1.0
ntNP,0,1,1,0.0
ntNS,0,1,1,0.0
ntNb,0,0,0,
ntNm,0,1,1,0.0
ntNn,1,0,1,1.0
ntNt,0,1,1,0.0
ntPL,1,0,1,1.0
ntPN,0,1,1,0.0
ntPP,1,0,1,1.0
ntPt,0,1,1,0.0
ntSD,1,0,1,1.0
ntSM,0,0,0,
ntSl,0,1,1,0.0
ntSm,1,0,1,1.0
ntSs,0,1,1,0.0
ntbM,0,1,1,0.0
ntbN,1,0,1,1.0
ntbn,0,1,1,0.0
ntbs,1,0,1,1.0
nthM,1,0,1,1.0
ntlm,1,0,1,1.0
ntmD,1,0,1,1.0
ntmH,1,0,1,1.0
ntmI,0,1,1,0.0
ntmL,0,1,1,0.0
ntmM,0,2,2,0.0
ntmb,0,1,1,0.0
ntml,0,1,1,0.0
ntmm,1,0,1,1.0
ntms,1,1,2,0.5
ntnB,1,0,1,1.0
ntnD,0,0,0,
ntnH,1,0,1,1.0
ntnN,1,0,1,1.0
ntnm,1,0,1,1.0
ntsh,0,1,1,0.0
ntsm,0,1,1,0.0
nttb,0,1,1,0.0
s,0,1,1,0.0
sBBB,23,23,46,0.5
sBBD,2,2,4,0.5
sBBH,1,0,1,1.0
sBBK,3,2,5,0.6
sBBL,3,1,4,0.75
sBBM,8,11,19,0.42
sBBN,14,15,29,0.48
sBBP,20,17,37,0.54
sBBS,5,2,7,0.71
sBBb,17,16,33,0.52
sBBh,1,1,2,0.5
sBBj,3,5,8,0.38
sBBl,4,3,7,0.57
sBBm,22,9,31,0.71
sBBn,18,24,42,0.43
sBBs,7,6,13,0.54
sBBt,1,6,7,0.14
sBDB,5,2,7,0.71
sBDD,2,1,3,0.67
sBDH,1,5,6,0.17
sBDK,0,1,1,0.0
sBDL,2,0,2,1.0
sBDM,2,3,5,0.4
sBDN,1,5,6,0.17
sBDP,1,11,12,0.08
sBDS,4,4,8,0.5
sBDb,4,2,6,0.67
sBDh,0,2,2,0.0
sBDl,1,0,1,1.0
sBDm,10,8,18,0.56
sBDn,2,3,5,0.4
sBDs,4,2,6,0.67
sBHN,0,1,1,0.0
sBKB,2,2,4,0.5
sBKD,0,1,1,0.0
sBKI,0,1,1,0.0
sBKM,0,5,5,0.0
sBKN,2,3,5,0.4
sBKP,3,3,6,0.5
sBKS,0,1,1,0.0
sBKb,1,2,3,0.33
sBKh,2,0,2,1.0
sBKl,0,1,1,0.0
sBKm,1,4,5,0.2
sBKn,2,1,3,0.67
sBKs,2,3,5,0.4
sBLB,3,9,12,0.25
sBLD,1,0,1,1.0
sBLL,2,3,5,0.4
sBLM,1,10,11,0.09
sBLN,4,7,11,0.36
sBLP,9,8,17,0.53
sBLS,2,1,3,0.67
sBLb,7,2,9,0.78
sBLh,1,3,4,0.25
sBLj,1,1,2,0.5
sBLl,2,4,6,0.33
sBLm,5,4,9,0.56
sBLn,2,7,9,0.22
sBLs,2,4,6,0.33
sBLt,2,0,2,1.0
sBMB,11,15,26,0.42
sBMD,5,3,8,0.62
sBMH,0,0,0,
sBMI,0,1,1,0.0
sBML,5,2,7,0.71
sBMM,8,11,19,0.42
sBMN,17,17,34,0.5
sBMP,24,21,45,0.53
sBMS,11,8,19,0.58
sBMb,17,14,31,0.55
sBMh,9,9,18,0.5
sBMj,2,2,4,0.5
sBMl,3,6,9,0.33
sBMm,18,14,32,0.56
sBMn,25,27,52,0.48
sBMs,8,13,21,0.38
sBMt,0,2,2,0.0
sBNB,12,17,29,0.41
sBND,4,4,8,0.5
sBNH,3,3,6,0.5
sBNI,0,1,1,0.0
sBNK,3,2,5,0.6
sBNL,4,6,10,0.4
sBNM,18,26,44,0.41
sBNN,28,17,45,0.62
sBNP,31,29,60,0.52
sBNS,10,17,27,0.37
sBNb,15,14,29,0.52
sBNh,5,4,9,0.56
sBNl,7,5,12,0.58
sBNm,29,26,55,0.53
sBNn,26,27,53,0.49
sBNs,9,11,20,0.45
sBNt,1,3,4,0.25
sBPB,20,14,34,0.59
sBPD,4,5,9,0.44
sBPH,2,8,10,0.2
sBPI,3,1,4,0.75
sBPK,0,3,3,0.0
sBPL,3,10,13,0.23
sBPM,15,19,34,0.44
sBPN,18,23,41,0.44
sBPP,34,22,56,0.61
sBPS,18,10,28,0.64
sBPb,17,10,27,0.63
sBPh,3,1,4,0.75
sBPl,11,7,18,0.61
sBPm,20,20,40,0.5
sBPn,20,27,47,0.43
sBPs,11,12,23,0.48
sBPt,3,2,5,0.6
sBSB,7,6,13,0.54
sBSD,2,4,6,0.33
sBSH,2,4,6,0.33
sBSK,1,0,1,1.0
sBSL,2,0,2,1.0
sBSM,9,12,21,0.43
sBSN,8,4,12,0.67
sBSP,15,10,25,0.6
sBSS,9,9,18,0.5
sBSb,5,14,19,0.26
sBSh,2,4,6,0.33
sBSl,2,4,6,0.33
sBSm,12,7,19,0.63
sBSn,17,12,29,0.59
sBSs,6,19,25,0.24
sBSt,0,0,0,
sBbB,18,17,35,0.51
sBbD,2,0,2,1.0
sBbH,5,4,9,0.56
sBbI,5,1,6,0.83
sBbJ,4,6,10,0.4
sBbK,0,2,2,0.0
sBbL,2,5,7,0.29
sBbM,10,11,21,0.48
sBbN,14,17,31,0.45
sBbP,8,11,19,0.42
sBbS,11,8,19,0.58
sBbb,8,14,22,0.36
sBbl,4,3,7,0.57
sBbm,19,13,32,0.59
sBbn,12,20,32,0.38
sBbs,6,8,14,0.43
sBhB,3,2,5,0.6
sBhD,1,2,3,0.33
sBhH,1,0,1,1.0
sBhL,2,1,3,0.67
sBhM,1,1,2,0.5
sBhN,2,2,4,0.5
sBhP,0,4,4,0.0
sBhS,2,2,4,0.5
sBhb,1,1,2,0.5
sBhh,0,1,1,0.0
sBhm,1,1,2,0.5
sBhn,1,2,3,0.33
sBhs,4,3,7,0.57
sBjB,1,4,5,0.2
sBjD,1,0,1,1.0
sBjH,0,1,1,0.0
sBjI,0,1,1,0.0
sBjK,0,1,1,0.0
sBjL,0,2,2,0.0
sBjM,3,6,9,0.33
sBjN,4,3,7,0.57
sBjP,7,8,15,0.47
sBjS,3,3,6,0.5
sBjb,3,1,4,0.75
sBjh,1,0,1,1.0
sBjl,0,1,1,0.0
sBjm,1,4,5,0.2
sBjn,2,5,7,0.29
sBjs,3,2,5,0.6
sBlB,4,5,9,0.44
sBlD,0,0,0,
sBlH,5,2,7,0.71
sBlI,1,0,1,1.0
sBlJ,2,3,5,0.4
sBlK,0,1,1,0.0
sBlL,0,1,1,0.0
sBlM,7,4,11,0.64
sBlN,4,6,10,0.4
sBlP,8,10,18,0.44
sBlS,5,1,6,0.83
sBlb,2,1,3,0.67
sBll,3,2,5,0.6
sBlm,3,6,9,0.33
sBln,4,6,10,0.4
sBls,4,4,8,0.5
sBmB,14,20,34,0.41
sBmD,6,6,12,0.5
sBmH,11,16,27,0.41
sBmI,2,1,3,0.67
sBmJ,6,5,11,0.55
sBmL,5,4,9,0.56
sBmM,15,23,38,0.39
sBmN,26,19,45,0.58
sBmP,20,24,44,0.45
sBmS,15,13,28,0.54
sBmb,19,16,35,0.54
sBml,2,4,6,0.33
sBmm,22,14,36,0.61
sBmn,18,13,31,0.58
sBms,17,12,29,0.59
sBnB,18,19,37,0.49
sBnD,6,6,12,0.5
sBnH,13,12,25,0.52
sBnI,2,7,9,0.22
sBnK,1,1,2,0.5
sBnL,6,4,10,0.6
sBnM,17,28,45,0.38
sBnN,30,24,54,0.56
sBnP,21,27,48,0.44
sBnS,16,14,30,0.53
sBnb,11,11,22,0.5
sBnh,2,3,5,0.4
sBnl,7,8,15,0.47
sBnm,27,25,52,0.52
sBnn,17,34,51,0.33
sBns,19,16,35,0.54
sBsB,6,4,10,0.6
sBsD,3,2,5,0.6
sBsH,10,10,20,0.5
sBsI,0,1,1,0.0
sBsK,0,2,2,0.0
sBsL,3,5,8,0.38
sBsM,13,7,20,0.65
sBsN,14,9,23,0.61
sBsP,7,13,20,0.35
sBsS,10,17,27,0.37
sBsb,6,7,13,0.46
sBsh,0,1,1,0.0
sBsl,1,1,2,0.5
sBsm,7,11,18,0.39
sBsn,15,12,27,0.56
sBss,8,10,18,0.44
sBtB,2,4,6,0.33
sBtH,1,2,3,0.33
sBtI,1,1,2,0.5
sBtK,0,0,0,
sBtL,1,1,2,0.5
sBtM,5,5,10,0.5
sBtN,3,6,9,0.33
sBtP,5,3,8,0.62
sBtS,2,3,5,0.4
sBtb,0,1,1,0.0
sBtl,0,2,2,0.0
sBtm,2,0,2,1.0
sBtn,1,6,7,0.14
sBts,2,0,2,1.0
sBtt,2,0,2,1.0
sDBB,4,1,5,0.8
sDBD,3,1,4,0.75
sDBK,2,2,4,0.5
sDBL,1,0,1,1.0
sDBM,7,4,11,0.64
sDBN,3,3,6,0.5
sDBP,5,5,10,0.5
sDBS,3,2,5,0.6
sDBb,4,5,9,0.44
sDBh,0,1,1,0.0
sDBj,2,0,2,1.0
sDBl,0,2,2,0.0
sDBm,4,6,10,0.4
sDBn,5,10,15,0.33
sDBs,3,1,4,0.75
sDBt,1,0,1,1.0
sDDB,2,1,3,0.67
sDDD,2,0,2,1.0
sDDH,6,2,8,0.75
sDDI,2,0,2,1.0
sDDL,1,2,3,0.33
sDDM,7,3,10,0.7
sDDN,4,5,9,0.44
sDDP,2,8,10,0.2
sDDS,2,3,5,0.4
sDDb,2,5,7,0.29
sDDh,1,0,1,1.0
sDDl,2,0,2,1.0
sDDm,4,6,10,0.4
sDDn,2,1,3,0.67
sDDs,1,7,8,0.12
sDDt,0,0,0,
sDHB,2,4,6,0.33
sDHD,0,1,1,0.0
sDHH,2,1,3,0.67
sDHK,0,0,0,
sDHL,4,4,8,0.5
sDHM,4,4,8,0.5
sDHN,3,3,6,0.5
sDHP,5,2,7,0.71
sDHS,7,6,13,0.54
sDHb,2,3,5,0.4
sDHh,2,2,4,0.5
sDHl,4,1,5,0.8
sDHm,10,10,20,0.5
sDHn,5,5,10,0.5
sDHs,6,6,12,0.5
sDHt,0,0,0,
sDIB,1,0,1,1.0
sDIH,1,2,3,0.33
sDIN,2,0,2,1.0
sDIP,1,1,2,0.5
sDIS,1,0,1,1.0
sDIb,0,1,1,0.0
sDIn,1,0,1,1.0
sDIs,0,0,0,
sDKI,0,0,0,
sDKM,0,1,1,0.0
sDLB,2,0,2,1.0
sDLD,1,0,1,1.0
sDLM,1,2,3,0.33
sDLN,0,1,1,0.0
sDLP,5,4,9,0.56
sDLS,0,1,1,0.0
sDLb,2,0,2,1.0
sDLh,0,0,0,
sDLl,1,0,1,1.0
sDLm,7,3,10,0.7
sDLn,3,4,7,0.43
sDLs,0,0,0,
sDLt,0,2,2,0.0
sDMB,9,4,13,0.69
sDMD,2,2,4,0.5
sDML,2,3,5,0.4
sDMM,7,11,18,0.39
sDMN,0,8,8,0.0
sDMP,8,6,14,0.57
sDMS,2,3,5,0.4
sDMb,4,9,13,0.31
sDMh,9,7,16,0.56
sDMj,1,1,2,0.5
sDMl,2,2,4,0.5
sDMm,14,9,23,0.61
sDMn,10,10,20,0.5
sDMs,5,4,9,0.56
sDMt,1,0,1,1.0
sDNB,6,6,12,0.5
sDND,2,2,4,0.5
sDNH,1,1,2,0.5
sDNK,0,2,2,0.0
sDNL,3,0,3,1.0
sDNM,7,9,16,0.44
sDNN,11,4,15,0.73
sDNP,3,7,10,0.3
sDNS,8,3,11,0.73
sDNb,3,2,5,0.6
sDNh,1,1,2,0.5
sDNl,2,1,3,0.67
sDNm,7,5,12,0.58
sDNn,10,7,17,0.59
sDNs,9,6,15,0.6
sDNt,3,0,3,1.0
sDPB,6,9,15,0.4
sDPD,1,2,3,0.33
sDPH,3,1,4,0.75
sDPK,5,1,6,0.83
sDPL,3,3,6,0.5
sDPM,6,7,13,0.46
sDPN,4,14,18,0.22
sDPP,6,12,18,0.33
sDPS,9,7,16,0.56
sDPb,5,5,10,0.5
sDPh,0,1,1,0.0
sDPl,4,2,6,0.67
sDPm,9,9,18,0.5
sDPn,7,7,14,0.5
sDPs,4,6,10,0.4
sDPt,1,0,1,1.0
sDSB,8,5,13,0.62
sDSD,7,1,8,0.88
sDSH,1,2,3,0.33
sDSK,0,0,0,
sDSL,5,2,7,0.71
sDSM,3,9,12,0.25
sDSN,5,5,10,0.5
sDSP,8,3,11,0.73
sDSS,7,11,18,0.39
sDSb,7,4,11,0.64
sDSh,9,7,16,0.56
sDSl,1,2,3,0.33
sDSm,10,6,16,0.62
sDSn,8,8,16,0.5
sDSs,10,11,21,0.48
sDSt,1,0,1,1.0
sDbB,3,10,13,0.23
sDbD,0,2,2,0.0
sDbH,1,4,5,0.2
sDbI,1,0,1,1.0
sDbJ,1,0,1,1.0
sDbK,2,2,4,0.5
sDbL,3,1,4,0.75
sDbM,8,6,14,0.57
sDbN,3,2,5,0.6
sDbP,7,7,14,0.5
sDbS,3,4,7,0.43
sDbb,6,7,13,0.46
sDbl,2,0,2,1.0
sDbm,2,6,8,0.25
sDbn,5,6,11,0.45
sDbs,3,3,6,0.5
sDhB,1,2,3,0.33
sDhN,0,1,1,0.0
sDhS,0,0,0,
sDhl,1,0,1,1.0
sDhn,1,0,1,1.0
sDlB,0,2,2,0.0
sDlJ,0,3,3,0.0
sDlL,1,2,3,0.33
sDlM,4,1,5,0.8
sDlN,2,1,3,0.67
sDlP,2,3,5,0.4
sDlS,1,1,2,0.5
sDlb,3,0,3,1.0
sDll,2,2,4,0.5
sDlm,2,5,7,0.29
sDln,6,0,6,1.0
sDls,2,2,4,0.5
sDmB,9,9,18,0.5
sDmD,2,5,7,0.29
sDmH,4,7,11,0.36
sDmI,0,1,1,0.0
sDmJ,2,1,3,0.67
sDmK,0,1,1,0.0
sDmL,1,2,3,0.33
sDmM,6,9,15,0.4
sDmN,10,8,18,0.56
sDmP,9,6,15,0.6
sDmS,2,6,8,0.25
sDmb,11,4,15,0.73
sDml,3,1,4,0.75
sDmm,11,7,18,0.61
sDmn,11,8,19,0.58
sDms,2,5,7,0.29
sDnB,3,8,11,0.27
sDnD,4,1,5,0.8
sDnH,2,2,4,0.5
sDnI,0,0,0,
sDnL,3,1,4,0.75
sDnM,5,11,16,0.31
sDnN,10,1,11,0.91
sDnP,6,9,15,0.4
sDnS,5,8,13,0.38
sDnb,8,8,16,0.5
sDnl,2,0,2,1.0
sDnm,7,5,12,0.58
sDnn,3,6,9,0.33
sDns,8,4,12,0.67
sDsB,6,7,13,0.46
sDsD,2,2,4,0.5
sDsH,7,12,19,0.37
sDsL,1,1,2,0.5
sDsM,6,5,11,0.55
sDsN,6,4,10,0.6
sDsP,5,9,14,0.36
sDsS,10,11,21,0.48
sDsb,3,6,9,0.33
sDsh,1,0,1,1.0
sDsl,1,1,2,0.5
sDsm,7,8,15,0.47
sDsn,6,7,13,0.46
sDss,7,3,10,0.7
sDtB,1,1,2,0.5
sDtD,0,0,0,
sDtH,1,1,2,0.5
sDtM,2,1,3,0.67
sDtN,1,2,3,0.33
sDtP,0,1,1,0.0
sDtS,1,2,3,0.33
sDtm,1,1,2,0.5
sDtn,0,2,2,0.0
sDts,0,0,0,
sHBB,22,18,40,0.55
sHBD,4,5,9,0.44
sHBI,0,1,1,0.0
sHBK,2,3,5,0.4
sHBL,5,4,9,0.56
sHBM,18,15,33,0.55
sHBN,20,12,32,0.62
sHBP,19,17,36,0.53
sHBS,9,10,19,0.47
sHBb,15,15,30,0.5
sHBh,2,2,4,0.5
sHBj,2,3,5,0.4
sHBl,4,3,7,0.57
sHBm,16,14,30,0.53
sHBn,27,17,44,0.61
sHBs,9,7,16,0.56
sHBt,0,3,3,0.0
sHDB,4,3,7,0.57
sHDD,3,1,4,0.75
sHDH,4,8,12,0.33
sHDI,1,1,2,0.5
sHDL,2,2,4,0.5
sHDM,2,6,8,0.25
sHDN,9,6,15,0.6
sHDP,5,4,9,0.56
sHDS,6,5,11,0.55
sHDb,2,1,3,0.67
sHDh,0,1,1,0.0
sHDl,1,1,2,0.5
sHDm,12,3,15,0.8
sHDn,8,3,11,0.73
sHDs,4,4,8,0.5
sHDt,1,0,1,1.0
sHHB,3,7,10,0.3
sHHD,0,3,3,0.0
sHHH,1,3,4,0.25
sHHI,0,2,2,0.0
sHHK,3,1,4,0.75
sHHM,4,4,8,0.5
sHHN,9,4,13,0.69
sHHP,5,7,12,0.42
sHHS,10,7,17,0.59
sHHb,3,2,5,0.6
sHHh,3,1,4,0.75
sHHl,1,0,1,1.0
sHHm,8,0,8,1.0
sHHn,2,5,7,0.29
sHHs,8,7,15,0.53
sHIB,3,1,4,0.75
sHIH,2,5,7,0.29
sHII,0,1,1,0.0
sHIL,2,2,4,0.5
sHIM,3,3,6,0.5
sHIN,0,4,4,0.0
sHIP,2,5,7,0.29
sHIS,2,1,3,0.67
sHIb,3,2,5,0.6
sHIl,1,2,3,0.33
sHIm,5,3,8,0.62
sHIn,3,2,5,0.6
sHIs,3,4,7,0.43
sHKB,1,2,3,0.33
sHKH,1,1,2,0.5
sHKI,1,0,1,1.0
sHKL,1,0,1,1.0
sHKM,3,1,4,0.75
sHKN,1,1,2,0.5
sHKP,1,2,3,0.33
sHKS,3,2,5,0.6
sHKb,1,2,3,0.33
sHKh,2,0,2,1.0
sHKl,0,0,0,
sHKm,2,2,4,0.5
sHKs,0,3,3,0.0
sHKt,1,0,1,1.0
sHLB,7,4,11,0.64
sHLD,0,0,0,
sHLK,2,1,3,0.67
sHLL,1,2,3,0.33
sHLM,6,7,13,0.46
sHLN,4,9,13,0.31
sHLP,3,6,9,0.33
sHLS,4,3,7,0.57
sHLb,6,4,10,0.6
sHLh,1,2,3,0.33
sHLj,1,3,4,0.25
sHLl,3,4,7,0.43
sHLm,5,8,13,0.38
sHLn,3,7,10,0.3
sHLs,2,10,12,0.17
sHMB,19,18,37,0.51
sHMD,8,4,12,0.67
sHMK,1,1,2,0.5
sHML,5,5,10,0.5
sHMM,19,27,46,0.41
sHMN,24,26,50,0.48
sHMP,22,22,44,0.5
sHMS,14,21,35,0.4
sHMb,19,23,42,0.45
sHMh,15,28,43,0.35
sHMj,6,4,10,0.6
sHMl,5,6,11,0.45
sHMm,26,28,54,0.48
sHMn,28,28,56,0.5
sHMs,25,21,46,0.54
sHMt,2,4,6,0.33
sHNB,12,15,27,0.44
sHND,8,5,13,0.62
sHNH,5,4,9,0.56
sHNI,2,1,3,0.67
sHNK,3,5,8,0.38
sHNL,4,4,8,0.5
sHNM,28,23,51,0.55
sHNN,30,36,66,0.45
sHNP,23,27,50,0.46
sHNS,19,19,38,0.5
sHNb,9,16,25,0.36
sHNh,5,16,21,0.24
sHNl,4,12,16,0.25
sHNm,24,16,40,0.6
sHNn,38,35,73,0.52
sHNs,14,16,30,0.47
sHNt,2,2,4,0.5
sHPB,13,15,28,0.46
sHPD,3,8,11,0.27
sHPH,14,6,20,0.7
sHPI,4,0,4,1.0
sHPK,2,8,10,0.2
sHPL,8,11,19,0.42
sHPM,28,27,55,0.51
sHPN,35,34,69,0.51
sHPP,33,22,55,0.6
sHPS,19,34,53,0.36
sHPb,28,22,50,0.56
sHPh,2,5,7,0.29
sHPl,8,10,18,0.44
sHPm,42,21,63,0.67
sHPn,21,15,36,0.58
sHPs,17,14,31,0.55
sHPt,0,4,4,0.0
sHSB,15,13,28,0.54
sHSD,5,6,11,0.45
sHSH,13,8,21,0.62
sHSK,0,3,3,0.0
sHSL,5,11,16,0.31
sHSM,20,31,51,0.39
sHSN,19,18,37,0.51
sHSP,20,27,47,0.43
sHSS,34,41,75,0.45
sHSb,17,20,37,0.46
sHSh,15,25,40,0.38
sHSl,9,7,16,0.56
sHSm,32,26,58,0.55
sHSn,17,22,39,0.44
sHSs,25,33,58,0.43
sHSt,11,2,13,0.85
sHbB,15,13,28,0.54
sHbD,4,2,6,0.67
sHbH,4,2,6,0.67
sHbI,2,1,3,0.67
sHbJ,4,5,9,0.44
sHbK,4,7,11,0.36
sHbL,7,5,12,0.58
sHbM,21,25,46,0.46
sHbN,20,18,38,0.53
sHbP,22,21,43,0.51
sHbS,10,10,20,0.5
sHbb,18,15,33,0.55
sHbl,5,4,9,0.56
sHbm,16,16,32,0.5
sHbn,17,13,30,0.57
sHbs,10,8,18,0.56
sHhB,12,11,23,0.52
sHhD,2,3,5,0.4
sHhH,2,1,3,0.67
sHhI,1,1,2,0.5
sHhL,3,6,9,0.33
sHhM,14,15,29,0.48
sHhN,8,13,21,0.38
sHhP,11,11,22,0.5
sHhS,15,12,27,0.56
sHhb,14,4,18,0.78
sHhh,13,13,26,0.5
sHhl,4,10,14,0.29
sHhm,17,19,36,0.47
sHhn,13,7,20,0.65
sHhs,9,11,20,0.45
sHlB,5,11,16,0.31
sHlD,5,0,5,1.0
sHlH,3,0,3,1.0
sHlI,1,2,3,0.33
sHlJ,2,2,4,0.5
sHlK,1,0,1,1.0
sHlL,3,0,3,1.0
sHlM,8,4,12,0.67
sHlN,7,6,13,0.54
sHlP,6,13,19,0.32
sHlS,2,8,10,0.2
sHlb,5,6,11,0.45
sHll,0,0,0,
sHlm,6,11,17,0.35
sHln,8,7,15,0.53
sHls,2,3,5,0.4
sHmB,13,14,27,0.48
sHmD,11,3,14,0.79
sHmH,21,16,37,0.57
sHmI,1,0,1,1.0
sHmJ,8,1,9,0.89
sHmK,0,0,0,
sHmL,8,5,13,0.62
sHmM,32,38,70,0.46
sHmN,23,22,45,0.51
sHmP,28,27,55,0.51
sHmS,15,16,31,0.48
sHmb,29,17,46,0.63
sHmh,0,0,0,
sHml,6,4,10,0.6
sHmm,25,16,41,0.61
sHmn,22,14,36,0.61
sHms,16,14,30,0.53
sHnB,7,17,24,0.29
sHnD,8,1,9,0.89
sHnH,14,12,26,0.54
sHnI,2,5,7,0.29
sHnK,3,0,3,1.0
sHnL,10,4,14,0.71
sHnM,19,34,53,0.36
sHnN,22,24,46,0.48
sHnP,27,25,52,0.52
sHnS,13,18,31,0.42
sHnb,17,22,39,0.44
sHnh,0,4,4,0.0
sHnl,9,7,16,0.56
sHnm,23,12,35,0.66
sHnn,18,18,36,0.5
sHns,20,16,36,0.56
sHnt,1,0,1,1.0
sHsB,12,11,23,0.52
sHsD,4,4,8,0.5
sHsH,31,21,52,0.6
sHsI,3,2,5,0.6
sHsK,0,1,1,0.0
sHsL,8,8,16,0.5
sHsM,21,29,50,0.42
sHsN,23,23,46,0.5
sHsP,23,24,47,0.49
sHsS,31,22,53,0.58
sHsb,15,18,33,0.45
sHsh,5,2,7,0.71
sHsl,8,5,13,0.62
sHsm,23,20,43,0.53
sHsn,17,23,40,0.42
sHss,17,27,44,0.39
sHst,0,1,1,0.0
sHtB,1,1,2,0.5
sHtD,1,0,1,1.0
sHtH,2,3,5,0.4
sHtK,0,1,1,0.0
sHtL,0,1,1,0.0
sHtM,2,3,5,0.4
sHtN,3,1,4,0.75
sHtP,2,0,2,1.0
sHtS,3,3,6,0.5
sHtb,2,2,4,0.5
sHtl,2,2,4,0.5
sHtm,2,2,4,0.5
sHtn,2,2,4,0.5
sHts,5,2,7,0.71
sIBB,0,2,2,0.0
sIBD,1,0,1,1.0
sIBK,0,2,2,0.0
sIBL,1,0,1,1.0
sIBM,3,6,9,0.33
sIBN,1,4,5,0.2
sIBP,2,1,3,0.67
sIBS,3,3,6,0.5
sIBb,2,4,6,0.33
sIBh,1,0,1,1.0
sIBl,0,1,1,0.0
sIBm,4,5,9,0.44
sIBn,4,4,8,0.5
sIBs,3,3,6,0.5
sIDB,0,1,1,0.0
sIDH,2,1,3,0.67
sIDL,1,0,1,1.0
sIDM,1,2,3,0.33
sIDN,0,0,0,
sIDP,0,1,1,0.0
sIDS,1,0,1,1.0
sIDm,1,2,3,0.33
sIDn,1,1,2,0.5
sIDs,5,1,6,0.83
sIDt,0,0,0,
sIHB,7,2,9,0.78
sIHD,1,0,1,1.0
sIHH,2,1,3,0.67
sIHI,1,0,1,1.0
sIHL,1,1,2,0.5
sIHM,3,5,8,0.38
sIHN,2,5,7,0.29
sIHP,4,7,11,0.36
sIHS,2,1,3,0.67
sIHb,2,3,5,0.4
sIHh,2,2,4,0.5
sIHl,2,1,3,0.67
sIHm,4,1,5,0.8
sIHn,2,2,4,0.5
sIHs,3,2,5,0.6
sIHt,1,0,1,1.0
sIIB,0,1,1,0.0
sIIM,0,1,1,0.0
sIIN,1,0,1,1.0
sIIP,1,1,2,0.5
sIIS,1,2,3,0.33
sIIb,1,0,1,1.0
sIIm,0,2,2,0.0
sIIn,0,2,2,0.0
sIKN,1,0,1,1.0
sIKh,1,0,1,1.0
sILB,2,1,3,0.67
sILD,0,0,0,
sILL,1,1,2,0.5
sILM,3,1,4,0.75
sILN,2,0,2,1.0
sILP,1,2,3,0.33
sILS,2,2,4,0.5
sILb,0,3,3,0.0
sILh,1,0,1,1.0
sILl,0,1,1,0.0
sILm,1,0,1,1.0
sILn,2,4,6,0.33
sILs,1,0,1,1.0
sILt,1,1,2,0.5
sIMB,5,1,6,0.83
sIMD,1,0,1,1.0
sIML,1,1,2,0.5
sIMM,0,5,5,0.0
sIMN,5,7,12,0.42
sIMP,4,8,12,0.33
sIMS,2,4,6,0.33
sIMb,1,0,1,1.0
sIMh,1,2,3,0.33
sIMj,0,0,0,
sIMl,1,1,2,0.5
sIMm,6,1,7,0.86
sIMn,6,3,9,0.67
sIMs,2,5,7,0.29
sIMt,1,0,1,1.0
sINB,5,4,9,0.56
sIND,0,0,0,
sINH,1,0,1,1.0
sINK,1,1,2,0.5
sINL,1,2,3,0.33
sINM,5,9,14,0.36
sINN,6,7,13,0.46
sINP,8,5,13,0.62
sINS,6,2,8,0.75
sINb,1,2,3,0.33
sINh,1,0,1,1.0
sINl,0,1,1,0.0
sINm,5,3,8,0.62
sINn,2,4,6,0.33
sINs,2,2,4,0.5
sIPB,3,1,4,0.75
sIPD,2,1,3,0.67
sIPH,0,2,2,0.0
sIPI,1,0,1,1.0
sIPK,2,0,2,1.0
sIPL,1,1,2,0.5
sIPM,4,8,12,0.33
sIPN,3,4,7,0.43
sIPP,3,4,7,0.43
sIPS,3,10,13,0.23
sIPb,4,5,9,0.44
sIPh,1,0,1,1.0
sIPl,3,2,5,0.6
sIPm,11,2,13,0.85
sIPn,5,1,6,0.83
sIPs,2,4,6,0.33
sISB,5,2,7,0.71
sISD,1,2,3,0.33
sISH,6,4,10,0.6
sISI,1,0,1,1.0
sISL,2,1,3,0.67
sISM,2,4,6,0.33
sISN,3,4,7,0.43
sISP,5,4,9,0.56
sISS,4,6,10,0.4
sISb,2,2,4,0.5
sISh,1,2,3,0.33
sISl,2,1,3,0.67
sISm,4,2,6,0.67
sISn,5,4,9,0.56
sISs,3,1,4,0.75
sISt,2,2,4,0.5
sIbB,3,2,5,0.6
sIbD,1,0,1,1.0
sIbI,2,0,2,1.0
sIbJ,0,2,2,0.0
sIbK,1,0,1,1.0
sIbL,0,0,0,
sIbM,3,3,6,0.5
sIbN,0,5,5,0.0
sIbP,7,3,10,0.7
sIbS,3,3,6,0.5
sIbb,4,3,7,0.57
sIbl,2,0,2,1.0
sIbm,5,5,10,0.5
sIbn,0,4,4,0.0
sIbs,4,2,6,0.67
sIhM,0,1,1,0.0
sIhN,0,1,1,0.0
sIhP,0,1,1,0.0
sIhm,1,0,1,1.0
sIlB,0,1,1,0.0
sIlJ,1,1,2,0.5
sIlL,2,0,2,1.0
sIlM,2,1,3,0.67
sIlN,3,2,5,0.6
sIlP,0,1,1,0.0
sIlS,2,0,2,1.0
sIlb,0,2,2,0.0
sIlm,2,1,3,0.67
sIls,1,0,1,1.0
sImB,5,2,7,0.71
sImD,2,0,2,1.0
sImH,3,3,6,0.5
sImJ,1,2,3,0.33
sImL,1,0,1,1.0
sImM,4,10,14,0.29
sImN,5,7,12,0.42
sImP,5,8,13,0.38
sImS,3,4,7,0.43
sImb,5,2,7,0.71
sIml,1,1,2,0.5
sImm,7,5,12,0.58
sImn,5,3,8,0.62
sIms,3,1,4,0.75
sInB,3,2,5,0.6
sInD,0,2,2,0.0
sInH,2,2,4,0.5
sInI,0,2,2,0.0
sInL,2,0,2,1.0
sInM,2,6,8,0.25
sInN,4,4,8,0.5
sInP,4,8,12,0.33
sInS,1,2,3,0.33
sInb,1,4,5,0.2
sInl,1,3,4,0.25
sInm,3,4,7,0.43
sInn,3,2,5,0.6
sIns,3,2,5,0.6
sIsB,1,3,4,0.25
sIsD,2,0,2,1.0
sIsH,3,1,4,0.75
sIsI,2,0,2,1.0
sIsL,1,0,1,1.0
sIsM,2,6,8,0.25
sIsN,6,6,12,0.5
sIsP,4,2,6,0.67
sIsS,2,4,6,0.33
sIsb,4,4,8,0.5
sIsm,1,4,5,0.2
sIsn,1,1,2,0.5
sIss,5,5,10,0.5
sIst,0,1,1,0.0
sItL,0,1,1,0.0
sItM,0,0,0,
sItN,2,0,2,1.0
sItP,1,1,2,0.5
sItn,0,1,1,0.0
sIts,1,0,1,1.0
sItt,1,0,1,1.0
sKBB,1,0,1,1.0
sKBM,2,0,2,1.0
sKBN,1,0,1,1.0
sKBP,1,1,2,0.5
sKBS,0,1,1,0.0
sKBj,1,0,1,1.0
sKBm,1,1,2,0.5
sKHP,1,0,1,1.0
sKHn,1,0,1,1.0
sKIH,0,1,1,0.0
sKIP,0,1,1,0.0
sKIh,0,1,1,0.0
sKLL,0,1,1,0.0
sKLM,1,0,1,1.0
sKLP,0,1,1,0.0
sKLb,0,0,0,
sKLh,0,0,0,
sKLj,1,0,1,1.0
sKMB,0,1,1,0.0
sKMD,0,0,0,
sKMK,1,0,1,1.0
sKML,1,1,2,0.5
sKMM,1,0,1,1.0
sKMP,1,0,1,1.0
sKMb,2,0,2,1.0
sKMm,0,1,1,0.0
sKMn,1,1,2,0.5
sKMs,1,0,1,1.0
sKNB,0,1,1,0.0
sKNM,1,1,2,0.5
sKNN,0,1,1,0.0
sKNP,0,0,0,
sKNS,1,1,2,0.5
sKPD,0,1,1,0.0
sKPM,0,0,0,
sKPN,1,1,2,0.5
sKPP,0,3,3,0.0
sKPl,1,0,1,1.0
sKPm,0,1,1,0.0
sKPn,1,0,1,1.0
sKPs,1,0,1,1.0
sKSB,0,1,1,0.0
sKSD,1,0,1,1.0
sKSL,0,1,1,0.0
sKSM,0,1,1,0.0
sKSN,0,1,1,0.0
sKSP,0,1,1,0.0
sKSS,1,0,1,1.0
sKSb,0,3,3,0.0
sKSm,0,1,1,0.0
sKSn,1,0,1,1.0
sKSs,0,1,1,0.0
sKbH,0,1,1,0.0
sKbM,0,1,1,0.0
sKbN,1,0,1,1.0
sKbP,1,3,4,0.25
sKbS,0,0,0,
sKbn,2,1,3,0.67
sKhB,0,0,0,
sKhH,0,1,1,0.0
sKhI,0,0,0,
sKhL,0,1,1,0.0
sKhN,0,0,0,
sKhS,0,1,1,0.0
sKhh,0,0,0,
sKhm,0,2,2,0.0
sKlB,0,0,0,
sKlI,0,1,1,0.0
sKlM,0,0,0,
sKlb,0,1,1,0.0
sKlm,1,0,1,1.0
sKln,1,0,1,1.0
sKmB,2,0,2,1.0
sKmL,0,1,1,0.0
sKmM,2,1,3,0.67
sKmN,2,2,4,0.5
sKml,1,0,1,1.0
sKmm,2,0,2,1.0
sKms,1,0,1,1.0
sKnB,0,1,1,0.0
sKnI,1,0,1,1.0
sKnL,1,0,1,1.0
sKnM,2,0,2,1.0
sKnN,0,1,1,0.0
sKnP,0,1,1,0.0
sKnS,1,0,1,1.0
sKnm,0,1,1,0.0
sKns,1,0,1,1.0
sKsB,1,0,1,1.0
sKsD,1,0,1,1.0
sKsH,2,1,3,0.67
sKsM,0,2,2,0.0
sKsP,2,0,2,1.0
sKsS,1,0,1,1.0
sKsb,1,0,1,1.0
sKsm,0,1,1,0.0
sKsn,1,0,1,1.0
sKss,1,0,1,1.0
sKtM,1,0,1,1.0
sKtN,0,1,1,0.0
sKtb,1,0,1,1.0
sLBB,16,6,22,0.73
sLBD,2,1,3,0.67
sLBK,1,1,2,0.5
sLBL,2,1,3,0.67
sLBM,10,5,15,0.67
sLBN,7,7,14,0.5
sLBP,6,4,10,0.6
sLBS,2,1,3,0.67
sLBb,7,6,13,0.54
sLBh,0,1,1,0.0
sLBj,2,3,5,0.4
sLBl,2,1,3,0.67
sLBm,7,4,11,0.64
sLBn,8,12,20,0.4
sLBs,4,2,6,0.67
sLDB,0,1,1,0.0
sLDD,0,1,1,0.0
sLDH,1,1,2,0.5
sLDL,0,1,1,0.0
sLDM,1,2,3,0.33
sLDN,4,1,5,0.8
sLDP,1,0,1,1.0
sLDS,2,2,4,0.5
sLDb,2,0,2,1.0
sLDl,1,1,2,0.5
sLDm,0,0,0,
sLDn,0,0,0,
sLDs,2,0,2,1.0
sLDt,0,1,1,0.0
sLHM,0,1,1,0.0
sLHP,1,0,1,1.0
sLHm,1,0,1,1.0
sLHs,0,1,1,0.0
sLIH,0,1,1,0.0
sLKB,2,2,4,0.5
sLKM,1,0,1,1.0
sLKN,1,1,2,0.5
sLKP,1,1,2,0.5
sLKS,1,1,2,0.5
sLKh,0,2,2,0.0
sLKl,0,1,1,0.0
sLKm,1,1,2,0.5
sLKn,0,0,0,
sLKs,0,1,1,0.0
sLKt,0,0,0,
sLLB,3,1,4,0.75
sLLD,2,1,3,0.67
sLLH,1,0,1,1.0
sLLK,0,1,1,0.0
sLLM,2,3,5,0.4
sLLN,1,1,2,0.5
sLLP,6,6,12,0.5
sLLS,3,3,6,0.5
sLLb,2,1,3,0.67
sLLh,1,2,3,0.33
sLLj,0,0,0,
sLLl,2,0,2,1.0
sLLm,4,1,5,0.8
sLLn,5,2,7,0.71
sLLs,0,3,3,0.0
sLMB,4,9,13,0.31
sLMD,2,1,3,0.67
sLMK,0,1,1,0.0
sLML,1,1,2,0.5
sLMM,6,8,14,0.43
sLMN,5,6,11,0.45
sLMP,11,12,23,0.48
sLMS,0,8,8,0.0
sLMb,8,8,16,0.5
sLMh,4,7,11,0.36
sLMj,1,1,2,0.5
sLMl,2,1,3,0.67
sLMm,7,5,12,0.58
sLMn,15,11,26,0.58
sLMs,2,3,5,0.4
sLMt,1,0,1,1.0
sLNB,3,9,12,0.25
sLND,2,1,3,0.67
sLNH,0,3,3,0.0
sLNK,1,1,2,0.5
sLNL,1,2,3,0.33
sLNM,3,6,9,0.33
sLNN,16,7,23,0.7
sLNP,7,11,18,0.39
sLNS,8,2,10,0.8
sLNb,1,3,4,0.25
sLNh,1,1,2,0.5
sLNl,2,4,6,0.33
sLNm,8,10,18,0.44
sLNn,11,4,15,0.73
sLNs,9,5,14,0.64
sLNt,1,3,4,0.25
sLPB,7,3,10,0.7
sLPD,0,1,1,0.0
sLPH,0,3,3,0.0
sLPI,1,1,2,0.5
sLPK,4,0,4,1.0
sLPL,2,1,3,0.67
sLPM,5,13,18,0.28
sLPN,7,9,16,0.44
sLPP,14,8,22,0.64
sLPS,7,7,14,0.5
sLPb,9,7,16,0.56
sLPh,1,0,1,1.0
sLPl,1,8,9,0.11
sLPm,13,7,20,0.65
sLPn,9,6,15,0.6
sLPs,9,2,11,0.82
sLPt,2,0,2,1.0
sLSB,1,3,4,0.25
sLSD,2,3,5,0.4
sLSH,1,1,2,0.5
sLSI,0,1,1,0.0
sLSK,0,1,1,0.0
sLSL,1,5,6,0.17
sLSM,10,9,19,0.53
sLSN,7,6,13,0.54
sLSP,7,5,12,0.58
sLSS,8,6,14,0.57
sLSb,1,6,7,0.14
sLSh,2,0,2,1.0
sLSl,3,1,4,0.75
sLSm,14,6,20,0.7
sLSn,11,8,19,0.58
sLSs,4,6,10,0.4
sLSt,2,2,4,0.5
sLbB,6,4,10,0.6
sLbH,0,1,1,0.0
sLbI,1,0,1,1.0
sLbJ,2,1,3,0.67
sLbK,1,0,1,1.0
sLbL,1,2,3,0.33
sLbM,2,4,6,0.33
sLbN,9,4,13,0.69
sLbP,7,12,19,0.37
sLbS,2,1,3,0.67
sLbb,7,6,13,0.54
sLbl,1,1,2,0.5
sLbm,5,3,8,0.62
sLbn,4,4,8,0.5
sLbs,3,4,7,0.43
sLhB,4,0,4,1.0
sLhI,0,0,0,
sLhL,1,0,1,1.0
sLhM,2,5,7,0.29
sLhN,4,5,9,0.44
sLhP,5,3,8,0.62
sLhS,2,1,3,0.67
sLhb,4,0,4,1.0
sLhh,2,2,4,0.5
sLhl,0,2,2,0.0
sLhm,4,2,6,0.67
sLhn,2,5,7,0.29
sLhs,3,1,4,0.75
sLht,0,1,1,0.0
sLjB,4,0,4,1.0
sLjD,3,0,3,1.0
sLjI,1,0,1,1.0
sLjM,1,5,6,0.17
sLjN,2,3,5,0.4
sLjP,3,0,3,1.0
sLjS,1,3,4,0.25
sLjb,0,0,0,
sLjh,0,1,1,0.0
sLjl,1,1,2,0.5
sLjm,1,3,4,0.25
sLjn,2,1,3,0.67
sLjs,3,2,5,0.6
sLjt,0,1,1,0.0
sLlB,3,2,5,0.6
sLlD,1,0,1,1.0
sLlH,3,7,10,0.3
sLlI,1,0,1,1.0
sLlJ,0,3,3,0.0
sLlL,0,2,2,0.0
sLlM,2,4,6,0.33
sLlN,1,7,8,0.12
sLlP,2,1,3,0.67
sLlS,1,1,2,0.5
sLlb,1,5,6,0.17
sLll,1,2,3,0.33
sLlm,5,5,10,0.5
sLln,0,1,1,0.0
sLls,4,3,7,0.57
sLmB,5,7,12,0.42
sLmD,1,1,2,0.5
sLmH,4,6,10,0.4
sLmI,0,1,1,0.0
sLmJ,1,3,4,0.25
sLmK,1,0,1,1.0
sLmL,4,4,8,0.5
sLmM,15,18,33,0.45
sLmN,12,9,21,0.57
sLmP,7,8,15,0.47
sLmS,5,8,13,0.38
sLmb,5,2,7,0.71
sLmh,0,1,1,0.0
sLml,0,2,2,0.0
sLmm,11,7,18,0.61
sLmn,10,10,20,0.5
sLms,8,6,14,0.57
sLnB,2,8,10,0.2
sLnD,5,3,8,0.62
sLnH,5,1,6,0.83
sLnI,3,1,4,0.75
sLnK,0,2,2,0.0
sLnL,4,7,11,0.36
sLnM,6,12,18,0.33
sLnN,8,12,20,0.4
sLnP,15,12,27,0.56
sLnS,3,11,14,0.21
sLnb,8,5,13,0.62
sLnh,0,2,2,0.0
sLnl,1,6,7,0.14
sLnm,3,12,15,0.2
sLnn,12,9,21,0.57
sLns,8,8,16,0.5
sLsB,2,2,4,0.5
sLsD,2,2,4,0.5
sLsH,3,3,6,0.5
sLsI,3,1,4,0.75
sLsL,2,1,3,0.67
sLsM,4,2,6,0.67
sLsN,6,5,11,0.55
sLsP,9,9,18,0.5
sLsS,3,8,11,0.27
sLsb,1,3,4,0.25
sLsh,0,1,1,0.0
sLsl,3,6,9,0.33
sLsm,9,5,14,0.64
sLsn,5,9,14,0.36
sLss,11,4,15,0.73
sLst,1,0,1,1.0
sLtB,0,3,3,0.0
sLtD,0,0,0,
sLtL,1,2,3,0.33
sLtN,0,4,4,0.0
sLtP,1,1,2,0.5
sLtS,1,1,2,0.5
sLtb,1,0,1,1.0
sLtl,0,1,1,0.0
sLtm,0,2,2,0.0
sLts,0,1,1,0.0
sMBB,13,31,44,0.3
sMBD,3,6,9,0.33
sMBK,0,7,7,0.0
sMBL,3,7,10,0.3
sMBM,14,30,44,0.32
sMBN,18,31,49,0.37
sMBP,40,16,56,0.71
sMBS,5,12,17,0.29
sMBb,15,25,40,0.38
sMBh,1,2,3,0.33
sMBj,3,8,11,0.27
sMBl,5,6,11,0.45
sMBm,30,20,50,0.6
sMBn,27,26,53,0.51
sMBs,13,10,23,0.57
sMBt,2,3,5,0.4
sMDB,5,0,5,1.0
sMDD,3,0,3,1.0
sMDH,5,3,8,0.62
sMDI,2,0,2,1.0
sMDL,2,1,3,0.67
sMDM,7,6,13,0.54
sMDN,7,6,13,0.54
sMDP,7,8,15,0.47
sMDS,9,7,16,0.56
sMDb,9,1,10,0.9
sMDh,0,1,1,0.0
sMDl,2,0,2,1.0
sMDm,12,6,18,0.67
sMDn,5,6,11,0.45
sMDs,4,3,7,0.57
sMDt,1,0,1,1.0
sMHH,0,0,0,
sMHK,0,0,0,
sMHP,1,0,1,1.0
sMHh,0,0,0,
sMHl,0,0,0,
sMHm,1,0,1,1.0
sMHn,0,1,1,0.0
sMIP,2,0,2,1.0
sMIS,1,0,1,1.0
sMIn,1,0,1,1.0
sMKH,0,1,1,0.0
sMKM,3,0,3,1.0
sMKN,1,1,2,0.5
sMKP,2,0,2,1.0
sMKS,1,0,1,1.0
sMKb,1,0,1,1.0
sMKh,0,0,0,
sMKl,0,2,2,0.0
sMKm,1,0,1,1.0
sMKn,1,0,1,1.0
sMKs,0,3,3,0.0
sMLB,7,5,12,0.58
sMLD,2,1,3,0.67
sMLK,1,0,1,1.0
sMLM,6,9,15,0.4
sMLN,5,8,13,0.38
sMLP,8,12,20,0.4
sMLS,1,3,4,0.25
sMLb,5,5,10,0.5
sMLh,0,3,3,0.0
sMLj,2,1,3,0.67
sMLl,2,5,7,0.29
sMLm,10,6,16,0.62
sMLn,7,7,14,0.5
sMLs,1,9,10,0.1
sMLt,0,1,1,0.0
sMMB,27,39,66,0.41
sMMD,2,1,3,0.67
sMMH,1,1,2,0.5
sMML,5,4,9,0.56
sMMM,22,30,52,0.42
sMMN,21,15,36,0.58
sMMP,23,30,53,0.43
sMMS,8,13,21,0.38
sMMb,20,18,38,0.53
sMMh,19,16,35,0.54
sMMj,1,1,2,0.5
sMMl,7,5,12,0.58
sMMm,33,28,61,0.54
sMMn,39,35,74,0.53
sMMs,12,13,25,0.48
sMMt,4,4,8,0.5
sMNB,28,21,49,0.57
sMND,4,6,10,0.4
sMNH,2,4,6,0.33
sMNI,0,1,1,0.0
sMNK,2,4,6,0.33
sMNL,10,5,15,0.67
sMNM,20,34,54,0.37
sMNN,23,31,54,0.43
sMNP,44,30,74,0.59
sMNS,16,18,34,0.47
sMNb,12,16,28,0.43
sMNh,5,8,13,0.38
sMNl,4,7,11,0.36
sMNm,32,19,51,0.63
sMNn,33,34,67,0.49
sMNs,15,30,45,0.33
sMNt,1,1,2,0.5
sMPB,16,29,45,0.36
sMPD,10,7,17,0.59
sMPH,8,8,16,0.5
sMPI,4,1,5,0.8
sMPK,3,2,5,0.6
sMPL,10,14,24,0.42
sMPM,26,30,56,0.46
sMPN,39,23,62,0.63
sMPP,33,35,68,0.49
sMPS,20,17,37,0.54
sMPb,26,22,48,0.54
sMPh,2,2,4,0.5
sMPl,13,9,22,0.59
sMPm,35,26,61,0.57
sMPn,27,33,60,0.45
sMPs,20,26,46,0.43
sMPt,0,3,3,0.0
sMSB,10,13,23,0.43
sMSD,7,7,14,0.5
sMSH,15,7,22,0.68
sMSI,2,1,3,0.67
sMSK,0,0,0,
sMSL,9,3,12,0.75
sMSM,17,20,37,0.46
sMSN,17,21,38,0.45
sMSP,27,16,43,0.63
sMSS,11,25,36,0.31
sMSb,7,15,22,0.32
sMSh,8,10,18,0.44
sMSl,7,3,10,0.7
sMSm,22,15,37,0.59
sMSn,12,20,32,0.38
sMSs,17,16,33,0.52
sMSt,5,6,11,0.45
sMbB,14,19,33,0.42
sMbD,10,4,14,0.71
sMbH,4,8,12,0.33
sMbI,2,2,4,0.5
sMbJ,7,3,10,0.7
sMbK,4,5,9,0.44
sMbL,2,3,5,0.4
sMbM,12,16,28,0.43
sMbN,30,33,63,0.48
sMbP,16,20,36,0.44
sMbS,10,8,18,0.56
sMbb,15,19,34,0.44
sMbh,0,0,0,
sMbl,6,5,11,0.55
sMbm,18,20,38,0.47
sMbn,24,31,55,0.44
sMbs,11,14,25,0.44
sMhB,15,17,32,0.47
sMhD,3,4,7,0.43
sMhH,5,2,7,0.71
sMhI,0,1,1,0.0
sMhK,1,2,3,0.33
sMhL,3,4,7,0.43
sMhM,23,13,36,0.64
sMhN,21,14,35,0.6
sMhP,28,22,50,0.56
sMhS,19,10,29,0.66
sMhb,15,6,21,0.71
sMhh,15,10,25,0.6
sMhl,9,7,16,0.56
sMhm,35,19,54,0.65
sMhn,15,18,33,0.45
sMhs,16,12,28,0.57
sMht,0,4,4,0.0
sMjB,2,3,5,0.4
sMjH,2,1,3,0.67
sMjI,1,0,1,1.0
sMjK,1,0,1,1.0
sMjL,1,1,2,0.5
sMjM,1,4,5,0.2
sMjN,5,5,10,0.5
sMjP,9,3,12,0.75
sMjS,1,7,8,0.12
sMjb,2,1,3,0.67
sMjh,1,0,1,1.0
sMjl,1,0,1,1.0
sMjm,7,2,9,0.78
sMjn,1,6,7,0.14
sMjs,4,5,9,0.44
sMlB,3,6,9,0.33
sMlD,0,1,1,0.0
sMlH,3,3,6,0.5
sMlI,1,0,1,1.0
sMlJ,3,0,3,1.0
sMlL,2,3,5,0.4
sMlM,7,7,14,0.5
sMlN,9,10,19,0.47
sMlP,3,8,11,0.27
sMlS,2,9,11,0.18
sMlb,4,5,9,0.44
sMll,4,4,8,0.5
sMlm,7,5,12,0.58
sMln,5,10,15,0.33
sMls,9,8,17,0.53
sMmB,26,25,51,0.51
sMmD,7,13,20,0.35
sMmH,24,28,52,0.46
sMmI,5,4,9,0.56
sMmJ,3,3,6,0.5
sMmK,2,1,3,0.67
sMmL,4,10,14,0.29
sMmM,40,35,75,0.53
sMmN,34,43,77,0.44
sMmP,27,37,64,0.42
sMmS,14,32,46,0.3
sMmb,29,25,54,0.54
sMmh,0,2,2,0.0
sMml,8,8,16,0.5
sMmm,36,19,55,0.65
sMmn,31,24,55,0.56
sMms,23,26,49,0.47
sMnB,20,24,44,0.45
sMnD,6,3,9,0.67
sMnH,13,11,24,0.54
sMnI,1,8,9,0.11
sMnK,3,3,6,0.5
sMnL,3,8,11,0.27
sMnM,24,28,52,0.46
sMnN,59,37,96,0.61
sMnP,37,44,81,0.46
sMnS,31,19,50,0.62
sMnb,23,14,37,0.62
sMnh,3,4,7,0.43
sMnl,11,6,17,0.65
sMnm,40,32,72,0.56
sMnn,27,33,60,0.45
sMns,24,19,43,0.56
sMsB,10,14,24,0.42
sMsD,4,1,5,0.8
sMsH,19,13,32,0.59
sMsI,4,4,8,0.5
sMsK,1,0,1,1.0
sMsL,5,3,8,0.62
sMsM,15,28,43,0.35
sMsN,22,21,43,0.51
sMsP,21,17,38,0.55
sMsS,18,22,40,0.45
sMsb,9,18,27,0.33
sMsh,0,2,2,0.0
sMsl,4,7,11,0.36
sMsm,25,14,39,0.64
sMsn,21,14,35,0.6
sMss,26,19,45,0.58
sMtB,1,6,7,0.14
sMtH,2,1,3,0.67
sMtL,2,0,2,1.0
sMtM,3,1,4,0.75
sMtN,4,7,11,0.36
sMtP,3,7,10,0.3
sMtS,3,5,8,0.38
sMtb,3,2,5,0.6
sMth,0,0,0,
sMtl,1,0,1,1.0
sMtm,2,4,6,0.33
sMtn,2,1,3,0.67
sMts,2,1,3,0.67
sMtt,0,1,1,0.0
sNBB,18,19,37,0.49
sNBD,5,3,8,0.62
sNBK,1,3,4,0.25
sNBL,5,10,15,0.33
sNBM,17,24,41,0.41
sNBN,27,22,49,0.55
sNBP,26,21,47,0.55
sNBS,16,10,26,0.62
sNBb,16,17,33,0.48
sNBh,3,4,7,0.43
sNBj,3,4,7,0.43
sNBl,3,5,8,0.38
sNBm,24,24,48,0.5
sNBn,31,19,50,0.62
sNBs,14,15,29,0.48
sNBt,7,6,13,0.54
sNDB,5,7,12,0.42
sNDD,4,1,5,0.8
sNDH,8,5,13,0.62
sNDI,0,1,1,0.0
sNDL,1,3,4,0.25
sNDM,8,8,16,0.5
sNDN,7,8,15,0.47
sNDP,7,10,17,0.41
sNDS,7,7,14,0.5
sNDb,5,5,10,0.5
sNDh,0,1,1,0.0
sNDm,6,8,14,0.43
sNDn,7,6,13,0.54
sNDs,8,4,12,0.67
sNDt,0,1,1,0.0
sNHB,7,1,8,0.88
sNHD,1,0,1,1.0
sNHH,1,1,2,0.5
sNHI,0,1,1,0.0
sNHK,0,1,1,0.0
sNHL,1,2,3,0.33
sNHM,5,6,11,0.45
sNHN,6,2,8,0.75
sNHP,6,2,8,0.75
sNHS,2,5,7,0.29
sNHb,3,5,8,0.38
sNHh,2,0,2,1.0
sNHl,0,2,2,0.0
sNHm,2,7,9,0.22
sNHn,6,2,8,0.75
sNHs,6,5,11,0.55
sNHt,0,0,0,
sNIB,0,2,2,0.0
sNIH,0,1,1,0.0
sNIM,1,0,1,1.0
sNIN,1,0,1,1.0
sNIS,1,1,2,0.5
sNIm,0,1,1,0.0
sNIn,2,0,2,1.0
sNKB,2,2,4,0.5
sNKD,0,4,4,0.0
sNKI,0,2,2,0.0
sNKL,0,1,1,0.0
sNKM,2,7,9,0.22
sNKN,1,1,2,0.5
sNKP,3,4,7,0.43
sNKS,3,2,5,0.6
sNKb,1,0,1,1.0
sNKh,4,2,6,0.67
sNKm,7,3,10,0.7
sNKn,3,2,5,0.6
sNKs,1,3,4,0.25
sNLB,4,7,11,0.36
sNLD,3,0,3,1.0
sNLH,0,1,1,0.0
sNLK,1,2,3,0.33
sNLL,3,1,4,0.75
sNLM,8,6,14,0.57
sNLN,6,12,18,0.33
sNLP,13,7,20,0.65
sNLS,2,4,6,0.33
sNLb,5,11,16,0.31
sNLh,1,5,6,0.17
sNLj,3,0,3,1.0
sNLl,7,2,9,0.78
sNLm,5,4,9,0.56
sNLn,12,11,23,0.52
sNLs,4,7,11,0.36
sNMB,20,28,48,0.42
sNMD,8,10,18,0.44
sNMK,0,1,1,0.0
sNML,8,7,15,0.53
sNMM,16,28,44,0.36
sNMN,25,26,51,0.49
sNMP,24,23,47,0.51
sNMS,11,17,28,0.39
sNMb,17,24,41,0.41
sNMh,18,13,31,0.58
sNMj,9,1,10,0.9
sNMl,7,4,11,0.64
sNMm,26,29,55,0.47
sNMn,27,29,56,0.48
sNMs,19,17,36,0.53
sNMt,1,2,3,0.33
sNNB,26,27,53,0.49
sNND,7,6,13,0.54
sNNH,4,6,10,0.4
sNNI,2,1,3,0.67
sNNK,3,3,6,0.5
sNNL,7,7,14,0.5
sNNM,17,45,62,0.27
sNNN,46,35,81,0.57
sNNP,40,54,94,0.43
sNNS,19,21,40,0.48
sNNb,17,21,38,0.45
sNNh,8,10,18,0.44
sNNl,8,9,17,0.47
sNNm,32,36,68,0.47
sNNn,42,53,95,0.44
sNNs,26,28,54,0.48
sNNt,6,4,10,0.6
sNPB,22,31,53,0.42
sNPD,4,7,11,0.36
sNPH,7,14,21,0.33
sNPI,2,4,6,0.33
sNPK,6,3,9,0.67
sNPL,12,18,30,0.4
sNPM,27,39,66,0.41
sNPN,41,51,92,0.45
sNPP,45,52,97,0.46
sNPS,31,35,66,0.47
sNPb,27,23,50,0.54
sNPh,2,5,7,0.29
sNPl,12,9,21,0.57
sNPm,37,22,59,0.63
sNPn,40,36,76,0.53
sNPs,23,29,52,0.44
sNPt,5,2,7,0.71
sNSB,24,16,40,0.6
sNSD,5,5,10,0.5
sNSH,4,3,7,0.57
sNSI,1,0,1,1.0
sNSK,1,0,1,1.0
sNSL,3,9,12,0.25
sNSM,23,24,47,0.49
sNSN,26,30,56,0.46
sNSP,24,32,56,0.43
sNSS,16,22,38,0.42
sNSb,16,14,30,0.53
sNSh,16,10,26,0.62
sNSl,4,12,16,0.25
sNSm,22,30,52,0.42
sNSn,34,22,56,0.61
sNSs,25,24,49,0.51
sNSt,6,2,8,0.75
sNbB,9,10,19,0.47
sNbD,1,4,5,0.2
sNbH,2,5,7,0.29
sNbI,0,2,2,0.0
sNbJ,4,3,7,0.57
sNbK,7,6,13,0.54
sNbL,3,8,11,0.27
sNbM,16,11,27,0.59
sNbN,24,28,52,0.46
sNbP,17,20,37,0.46
sNbS,12,7,19,0.63
sNbb,17,12,29,0.59
sNbl,7,3,10,0.7
sNbm,14,13,27,0.52
sNbn,18,15,33,0.55
sNbs,10,8,18,0.56
sNhB,6,4,10,0.6
sNhD,1,0,1,1.0
sNhH,2,0,2,1.0
sNhI,0,0,0,
sNhK,0,0,0,
sNhL,2,2,4,0.5
sNhM,6,3,9,0.67
sNhN,9,12,21,0.43
sNhP,2,10,12,0.17
sNhS,11,6,17,0.65
sNhb,6,5,11,0.55
sNhh,6,10,16,0.38
sNhl,3,0,3,1.0
sNhm,7,7,14,0.5
sNhn,5,6,11,0.45
sNhs,7,2,9,0.78
sNht,2,0,2,1.0
sNlB,6,7,13,0.46
sNlH,4,5,9,0.44
sNlI,0,0,0,
sNlJ,0,4,4,0.0
sNlL,3,3,6,0.5
sNlM,6,4,10,0.6
sNlN,6,13,19,0.32
sNlP,6,10,16,0.38
sNlS,6,2,8,0.75
sNlb,7,7,14,0.5
sNll,2,2,4,0.5
sNlm,11,3,14,0.79
sNln,4,6,10,0.4
sNls,10,4,14,0.71
sNmB,23,18,41,0.56
sNmD,8,8,16,0.5
sNmH,26,19,45,0.58
sNmI,2,1,3,0.67
sNmJ,4,3,7,0.57
sNmK,0,0,0,
sNmL,6,16,22,0.27
sNmM,25,38,63,0.4
sNmN,31,30,61,0.51
sNmP,42,27,69,0.61
sNmS,17,22,39,0.44
sNmb,20,22,42,0.48
sNml,8,4,12,0.67
sNmm,27,13,40,0.68
sNmn,30,22,52,0.58
sNms,22,22,44,0.5
sNnB,26,18,44,0.59
sNnD,11,2,13,0.85
sNnH,17,22,39,0.44
sNnI,4,4,8,0.5
sNnK,4,2,6,0.67
sNnL,12,10,22,0.55
sNnM,41,35,76,0.54
sNnN,41,53,94,0.44
sNnP,57,49,106,0.54
sNnS,30,31,61,0.49
sNnb,21,13,34,0.62
sNnh,0,2,2,0.0
sNnl,13,9,22,0.59
sNnm,31,28,59,0.53
sNnn,40,33,73,0.55
sNns,26,19,45,0.58
sNsB,16,16,32,0.5
sNsD,12,5,17,0.71
sNsH,23,19,42,0.55
sNsI,6,4,10,0.6
sNsK,0,1,1,0.0
sNsL,5,5,10,0.5
sNsM,31,21,52,0.6
sNsN,26,28,54,0.48
sNsP,22,24,46,0.48
sNsS,20,36,56,0.36
sNsb,15,15,30,0.5
sNsh,1,2,3,0.33
sNsl,8,4,12,0.67
sNsm,31,18,49,0.63
sNsn,30,21,51,0.59
sNss,23,24,47,0.49
sNst,0,1,1,0.0
sNtB,2,3,5,0.4
sNtD,1,0,1,1.0
sNtH,3,4,7,0.43
sNtK,0,2,2,0.0
sNtL,1,0,1,1.0
sNtM,3,5,8,0.38
sNtN,6,3,9,0.67
sNtP,5,5,10,0.5
sNtS,5,0,5,1.0
sNtb,4,1,5,0.8
sNtl,0,1,1,0.0
sNtm,6,6,12,0.5
sNtn,5,6,11,0.45
sNts,3,2,5,0.6
sPBB,19,33,52,0.37
sPBD,2,3,5,0.4
sPBK,3,2,5,0.6
sPBL,10,8,18,0.56
sPBM,12,27,39,0.31
sPBN,17,29,46,0.37
sPBP,28,27,55,0.51
sPBS,14,11,25,0.56
sPBb,13,13,26,0.5
sPBh,2,4,6,0.33
sPBj,4,6,10,0.4
sPBl,7,5,12,0.58
sPBm,24,27,51,0.47
sPBn,21,41,62,0.34
sPBs,20,16,36,0.56
sPBt,3,1,4,0.75
sPDB,4,2,6,0.67
sPDD,4,3,7,0.57
sPDH,1,4,5,0.2
sPDI,0,1,1,0.0
sPDL,2,5,7,0.29
sPDM,6,10,16,0.38
sPDN,4,6,10,0.4
sPDP,6,3,9,0.67
sPDS,5,6,11,0.45
sPDb,3,3,6,0.5
sPDh,0,1,1,0.0
sPDl,2,0,2,1.0
sPDm,10,7,17,0.59
sPDn,4,3,7,0.57
sPDs,3,7,10,0.3
sPDt,0,0,0,
sPHB,7,6,13,0.54
sPHD,4,2,6,0.67
sPHH,2,0,2,1.0
sPHI,1,0,1,1.0
sPHK,2,0,2,1.0
sPHL,3,4,7,0.43
sPHM,9,9,18,0.5
sPHN,13,7,20,0.65
sPHP,11,9,20,0.55
sPHS,4,10,14,0.29
sPHb,6,7,13,0.46
sPHh,5,0,5,1.0
sPHl,1,2,3,0.33
sPHm,12,9,21,0.57
sPHn,10,9,19,0.53
sPHs,10,12,22,0.45
sPHt,0,3,3,0.0
sPIB,5,1,6,0.83
sPID,4,0,4,1.0
sPIH,4,2,6,0.67
sPII,0,1,1,0.0
sPIL,0,1,1,0.0
sPIM,4,7,11,0.36
sPIN,2,1,3,0.67
sPIP,0,6,6,0.0
sPIS,2,7,9,0.22
sPIb,2,5,7,0.29
sPIh,0,0,0,
sPIl,0,1,1,0.0
sPIm,1,4,5,0.2
sPIn,1,2,3,0.33
sPIs,1,2,3,0.33
sPKB,1,5,6,0.17
sPKI,0,1,1,0.0
sPKK,0,1,1,0.0
sPKM,6,2,8,0.75
sPKN,1,0,1,1.0
sPKP,8,6,14,0.57
sPKS,1,1,2,0.5
sPKb,3,2,5,0.6
sPKh,0,8,8,0.0
sPKl,0,2,2,0.0
sPKm,7,3,10,0.7
sPKn,2,3,5,0.4
sPKs,3,3,6,0.5
sPLB,7,11,18,0.39
sPLD,2,3,5,0.4
sPLK,1,0,1,1.0
sPLL,6,5,11,0.55
sPLM,14,7,21,0.67
sPLN,9,11,20,0.45
sPLP,11,9,20,0.55
sPLS,5,7,12,0.42
sPLb,11,9,20,0.55
sPLh,1,3,4,0.25
sPLj,3,2,5,0.6
sPLl,7,3,10,0.7
sPLm,14,15,29,0.48
sPLn,11,17,28,0.39
sPLs,8,5,13,0.62
sPLt,1,2,3,0.33
sPMB,24,19,43,0.56
sPMD,9,4,13,0.69
sPMH,0,0,0,
sPMK,2,1,3,0.67
sPML,4,8,12,0.33
sPMM,18,40,58,0.31
sPMN,25,19,44,0.57
sPMP,30,42,72,0.42
sPMS,26,12,38,0.68
sPMb,22,22,44,0.5
sPMh,20,20,40,0.5
sPMj,4,1,5,0.8
sPMl,15,7,22,0.68
sPMm,39,34,73,0.53
sPMn,38,29,67,0.57
sPMs,15,26,41,0.37
sPMt,3,2,5,0.6
sPNB,20,27,47,0.43
sPND,6,4,10,0.6
sPNH,6,4,10,0.6
sPNK,2,1,3,0.67
sPNL,12,12,24,0.5
sPNM,17,26,43,0.4
sPNN,35,27,62,0.56
sPNP,42,38,80,0.52
sPNS,26,26,52,0.5
sPNb,16,17,33,0.48
sPNh,11,9,20,0.55
sPNl,10,12,22,0.45
sPNm,39,36,75,0.52
sPNn,32,37,69,0.46
sPNs,22,26,48,0.46
sPNt,6,2,8,0.75
sPPB,33,29,62,0.53
sPPD,5,6,11,0.45
sPPH,6,12,18,0.33
sPPI,5,7,12,0.42
sPPK,6,1,7,0.86
sPPL,18,19,37,0.49
sPPM,30,47,77,0.39
sPPN,33,29,62,0.53
sPPP,57,50,107,0.53
sPPS,33,27,60,0.55
sPPb,31,28,59,0.53
sPPh,2,5,7,0.29
sPPl,22,19,41,0.54
sPPm,50,30,80,0.62
sPPn,31,29,60,0.52
sPPs,25,31,56,0.45
sPPt,3,5,8,0.38
sPSB,16,24,40,0.4
sPSD,2,8,10,0.2
sPSH,7,12,19,0.37
sPSI,1,0,1,1.0
sPSK,0,1,1,0.0
sPSL,8,3,11,0.73
sPSM,21,24,45,0.47
sPSN,13,24,37,0.35
sPSP,22,25,47,0.47
sPSS,34,29,63,0.54
sPSb,11,13,24,0.46
sPSh,14,22,36,0.39
sPSl,12,4,16,0.75
sPSm,21,35,56,0.38
sPSn,32,14,46,0.7
sPSs,29,30,59,0.49
sPSt,3,4,7,0.43
sPbB,24,21,45,0.53
sPbD,1,2,3,0.33
sPbH,2,3,5,0.4
sPbI,3,1,4,0.75
sPbJ,8,5,13,0.62
sPbK,3,3,6,0.5
sPbL,16,9,25,0.64
sPbM,26,31,57,0.46
sPbN,26,20,46,0.57
sPbP,26,31,57,0.46
sPbS,14,9,23,0.61
sPbb,24,27,51,0.47
sPbl,8,5,13,0.62
sPbm,15,21,36,0.42
sPbn,20,15,35,0.57
sPbs,11,10,21,0.52
sPhB,4,1,5,0.8
sPhD,0,1,1,0.0
sPhI,1,0,1,1.0
sPhM,4,4,8,0.5
sPhN,4,1,5,0.8
sPhP,2,3,5,0.4
sPhS,3,3,6,0.5
sPhb,2,1,3,0.67
sPhh,2,4,6,0.33
sPhl,5,2,7,0.71
sPhm,1,6,7,0.14
sPhn,3,1,4,0.75
sPhs,6,6,12,0.5
sPht,1,0,1,1.0
sPlB,10,10,20,0.5
sPlD,2,3,5,0.4
sPlH,4,6,10,0.4
sPlI,2,1,3,0.67
sPlJ,3,2,5,0.6
sPlK,0,2,2,0.0
sPlL,5,2,7,0.71
sPlM,15,11,26,0.58
sPlN,8,12,20,0.4
sPlP,13,8,21,0.62
sPlS,12,6,18,0.67
sPlb,10,8,18,0.56
sPll,6,4,10,0.6
sPlm,9,6,15,0.6
sPln,8,10,18,0.44
sPls,6,6,12,0.5
sPmB,21,30,51,0.41
sPmD,11,12,23,0.48
sPmH,18,29,47,0.38
sPmI,0,2,2,0.0
sPmJ,2,8,10,0.2
sPmK,1,4,5,0.2
sPmL,16,17,33,0.48
sPmM,34,52,86,0.4
sPmN,28,28,56,0.5
sPmP,39,29,68,0.57
sPmS,19,15,34,0.56
sPmb,32,30,62,0.52
sPmh,1,1,2,0.5
sPml,15,15,30,0.5
sPmm,35,27,62,0.56
sPmn,26,29,55,0.47
sPms,26,15,41,0.63
sPmt,0,1,1,0.0
sPnB,19,18,37,0.51
sPnD,8,2,10,0.8
sPnH,14,10,24,0.58
sPnI,3,6,9,0.33
sPnK,2,5,7,0.29
sPnL,11,9,20,0.55
sPnM,34,27,61,0.56
sPnN,31,29,60,0.52
sPnP,33,41,74,0.45
sPnS,25,13,38,0.66
sPnb,18,19,37,0.49
sPnh,0,3,3,0.0
sPnl,10,12,22,0.45
sPnm,45,24,69,0.65
sPnn,31,15,46,0.67
sPns,27,20,47,0.57
sPnt,1,0,1,1.0
sPsB,15,14,29,0.52
sPsD,5,4,9,0.56
sPsH,16,19,35,0.46
sPsI,6,2,8,0.75
sPsK,1,0,1,1.0
sPsL,8,6,14,0.57
sPsM,27,25,52,0.52
sPsN,26,31,57,0.46
sPsP,26,42,68,0.38
sPsS,21,25,46,0.46
sPsb,22,14,36,0.61
sPsh,1,2,3,0.33
sPsl,9,9,18,0.5
sPsm,20,20,40,0.5
sPsn,16,25,41,0.39
sPss,21,16,37,0.57
sPtB,3,3,6,0.5
sPtD,1,2,3,0.33
sPtH,1,1,2,0.5
sPtL,1,1,2,0.5
sPtM,3,6,9,0.33
sPtN,5,1,6,0.83
sPtP,4,8,12,0.33
sPtS,1,3,4,0.25
sPtb,2,3,5,0.4
sPth,0,1,1,0.0
sPtm,5,4,9,0.56
sPtn,1,1,2,0.5
sPts,4,1,5,0.8
sPtt,1,0,1,1.0
sSBB,19,15,34,0.56
sSBD,2,5,7,0.29
sSBK,5,6,11,0.45
sSBL,7,7,14,0.5
sSBM,10,18,28,0.36
sSBN,17,16,33,0.52
sSBP,18,24,42,0.43
sSBS,18,18,36,0.5
sSBb,20,7,27,0.74
sSBh,3,2,5,0.6
sSBj,3,4,7,0.43
sSBl,2,8,10,0.2
sSBm,19,24,43,0.44
sSBn,16,17,33,0.48
sSBs,13,8,21,0.62
sSBt,6,0,6,1.0
sSDB,4,5,9,0.44
sSDD,4,2,6,0.67
sSDH,7,3,10,0.7
sSDK,0,0,0,
sSDL,1,1,2,0.5
sSDM,4,11,15,0.27
sSDN,9,5,14,0.64
sSDP,10,7,17,0.59
sSDS,16,14,30,0.53
sSDb,5,7,12,0.42
sSDh,1,1,2,0.5
sSDl,2,4,6,0.33
sSDm,10,10,20,0.5
sSDn,7,5,12,0.58
sSDs,5,4,9,0.56
sSDt,0,1,1,0.0
sSHB,6,7,13,0.46
sSHD,1,1,2,0.5
sSHH,2,5,7,0.29
sSHI,2,4,6,0.33
sSHK,1,2,3,0.33
sSHL,4,4,8,0.5
sSHM,8,6,14,0.57
sSHN,9,8,17,0.53
sSHP,9,3,12,0.75
sSHS,14,18,32,0.44
sSHb,6,9,15,0.4
sSHh,3,7,10,0.3
sSHl,3,2,5,0.6
sSHm,11,14,25,0.44
sSHn,8,12,20,0.4
sSHs,13,20,33,0.39
sSIB,0,1,1,0.0
sSID,0,0,0,
sSIH,1,0,1,1.0
sSII,0,1,1,0.0
sSIL,1,0,1,1.0
sSIM,2,1,3,0.67
sSIN,0,2,2,0.0
sSIP,1,1,2,0.5
sSIS,3,1,4,0.75
sSIb,1,0,1,1.0
sSIm,4,1,5,0.8
sSIn,2,0,2,1.0
sSIs,1,1,2,0.5
sSIt,1,1,2,0.5
sSKB,0,2,2,0.0
sSKI,1,0,1,1.0
sSKL,0,1,1,0.0
sSKM,2,2,4,0.5
sSKN,1,0,1,1.0
sSKP,0,2,2,0.0
sSKS,0,0,0,
sSKb,1,0,1,1.0
sSKh,1,1,2,0.5
sSKl,0,0,0,
sSKs,0,1,1,0.0
sSLB,13,6,19,0.68
sSLD,2,4,6,0.33
sSLK,0,2,2,0.0
sSLL,2,6,8,0.25
sSLM,6,15,21,0.29
sSLN,11,12,23,0.48
sSLP,13,8,21,0.62
sSLS,4,11,15,0.27
sSLb,9,7,16,0.56
sSLh,1,2,3,0.33
sSLj,3,0,3,1.0
sSLl,7,4,11,0.64
sSLm,9,11,20,0.45
sSLn,9,6,15,0.6
sSLs,10,5,15,0.67
sSLt,1,1,2,0.5
sSMB,22,27,49,0.45
sSMD,3,3,6,0.5
sSMK,1,1,2,0.5
sSML,7,8,15,0.47
sSMM,15,26,41,0.37
sSMN,29,28,57,0.51
sSMP,28,29,57,0.49
sSMS,22,23,45,0.49
sSMb,23,23,46,0.5
sSMh,27,18,45,0.6
sSMj,0,4,4,0.0
sSMl,7,9,16,0.44
sSMm,39,27,66,0.59
sSMn,32,36,68,0.47
sSMs,29,21,50,0.58
sSMt,1,4,5,0.2
sSNB,13,21,34,0.38
sSND,6,8,14,0.43
sSNH,4,2,6,0.67
sSNI,1,0,1,1.0
sSNK,3,4,7,0.43
sSNL,8,5,13,0.62
sSNM,14,31,45,0.31
sSNN,27,31,58,0.47
sSNP,30,26,56,0.54
sSNS,28,27,55,0.51
sSNb,10,17,27,0.37
sSNh,8,8,16,0.5
sSNl,4,8,12,0.33
sSNm,22,17,39,0.56
sSNn,29,37,66,0.44
sSNs,30,27,57,0.53
sSNt,3,3,6,0.5
sSPB,19,20,39,0.49
sSPD,5,5,10,0.5
sSPH,7,10,17,0.41
sSPI,2,2,4,0.5
sSPK,1,6,7,0.14
sSPL,8,15,23,0.35
sSPM,24,31,55,0.44
sSPN,29,21,50,0.58
sSPP,34,38,72,0.47
sSPS,26,37,63,0.41
sSPb,24,20,44,0.55
sSPh,3,0,3,1.0
sSPl,10,12,22,0.45
sSPm,40,35,75,0.53
sSPn,26,23,49,0.53
sSPs,35,31,66,0.53
sSPt,2,3,5,0.4
sSSB,30,31,61,0.49
sSSD,9,15,24,0.38
sSSH,17,23,40,0.42
sSSI,2,2,4,0.5
sSSK,0,3,3,0.0
sSSL,9,12,21,0.43
sSSM,37,43,80,0.46
sSSN,29,33,62,0.47
sSSP,29,31,60,0.48
sSSS,54,74,128,0.42
sSSb,26,22,48,0.54
sSSh,14,22,36,0.39
sSSl,12,11,23,0.52
sSSm,50,33,83,0.6
sSSn,37,26,63,0.59
sSSs,49,34,83,0.59
sSSt,4,0,4,1.0
sSbB,15,20,35,0.43
sSbD,3,1,4,0.75
sSbH,3,1,4,0.75
sSbI,2,0,2,1.0
sSbJ,10,2,12,0.83
sSbK,6,2,8,0.75
sSbL,2,6,8,0.25
sSbM,18,18,36,0.5
sSbN,23,18,41,0.56
sSbP,16,14,30,0.53
sSbS,11,20,31,0.35
sSbb,13,12,25,0.52
sSbl,9,3,12,0.75
sSbm,16,9,25,0.64
sSbn,17,17,34,0.5
sSbs,11,9,20,0.55
sShB,11,13,24,0.46
sShD,3,4,7,0.43
sShH,4,5,9,0.44
sShI,1,2,3,0.33
sShK,2,0,2,1.0
sShL,5,7,12,0.42
sShM,18,16,34,0.53
sShN,8,19,27,0.3
sShP,19,12,31,0.61
sShS,19,27,46,0.41
sShb,10,8,18,0.56
sShh,7,13,20,0.35
sShl,2,4,6,0.33
sShm,22,15,37,0.59
sShn,13,22,35,0.37
sShs,22,22,44,0.5
sSht,0,3,3,0.0
sSlB,10,8,18,0.56
sSlD,0,3,3,0.0
sSlH,4,2,6,0.67
sSlI,0,0,0,
sSlJ,2,3,5,0.4
sSlK,0,1,1,0.0
sSlL,2,3,5,0.4
sSlM,9,7,16,0.56
sSlN,9,11,20,0.45
sSlP,14,4,18,0.78
sSlS,10,9,19,0.53
sSlb,3,7,10,0.3
sSll,2,2,4,0.5
sSlm,4,5,9,0.44
sSln,5,12,17,0.29
sSls,4,5,9,0.44
sSmB,27,29,56,0.48
sSmD,6,7,13,0.46
sSmH,18,28,46,0.39
sSmI,0,5,5,0.0
sSmJ,7,5,12,0.58
sSmK,0,2,2,0.0
sSmL,7,6,13,0.54
sSmM,33,28,61,0.54
sSmN,36,32,68,0.53
sSmP,37,22,59,0.63
sSmS,26,28,54,0.48
sSmb,21,26,47,0.45
sSmh,0,2,2,0.0
sSml,9,13,22,0.41
sSmm,40,29,69,0.58
sSmn,24,21,45,0.53
sSms,20,22,42,0.48
sSmt,1,0,1,1.0
sSnB,16,13,29,0.55
sSnD,7,6,13,0.54
sSnH,14,24,38,0.37
sSnI,5,8,13,0.38
sSnK,2,3,5,0.4
sSnL,3,6,9,0.33
sSnM,26,31,57,0.46
sSnN,34,42,76,0.45
sSnP,18,27,45,0.4
sSnS,29,36,65,0.45
sSnb,16,21,37,0.43
sSnh,1,0,1,1.0
sSnl,5,9,14,0.36
sSnm,22,24,46,0.48
sSnn,21,20,41,0.51
sSns,21,31,52,0.4
sSsB,20,23,43,0.47
sSsD,12,17,29,0.41
sSsH,33,30,63,0.52
sSsI,4,5,9,0.44
sSsK,0,2,2,0.0
sSsL,11,6,17,0.65
sSsM,36,35,71,0.51
sSsN,33,43,76,0.43
sSsP,35,29,64,0.55
sSsS,58,65,123,0.47
sSsb,21,22,43,0.49
sSsh,1,4,5,0.2
sSsl,12,7,19,0.63
sSsm,42,33,75,0.56
sSsn,32,32,64,0.5
sSss,45,37,82,0.55
sSst,2,1,3,0.67
sStB,3,4,7,0.43
sStD,0,1,1,0.0
sStH,1,5,6,0.17
sStK,1,0,1,1.0
sStL,1,3,4,0.25
sStM,1,5,6,0.17
sStN,5,2,7,0.71
sStP,3,5,8,0.38
sStS,5,6,11,0.45
sStb,1,5,6,0.17
sSth,0,1,1,0.0
sStl,1,0,1,1.0
sStm,5,4,9,0.56
sStn,6,5,11,0.55
sSts,7,3,10,0.7
sStt,0,4,4,0.0
sbBB,23,19,42,0.55
sbBD,3,0,3,1.0
sbBI,1,0,1,1.0
sbBK,3,3,6,0.5
sbBL,3,2,5,0.6
sbBM,14,14,28,0.5
sbBN,18,16,34,0.53
sbBP,16,16,32,0.5
sbBS,16,8,24,0.67
sbBb,15,10,25,0.6
sbBh,3,1,4,0.75
sbBj,1,6,7,0.14
sbBl,6,3,9,0.67
sbBm,14,19,33,0.42
sbBn,29,21,50,0.58
sbBs,13,6,19,0.68
sbBt,6,0,6,1.0
sbDB,2,3,5,0.4
sbDD,1,1,2,0.5
sbDH,2,2,4,0.5
sbDL,2,1,3,0.67
sbDM,4,3,7,0.57
sbDN,3,0,3,1.0
sbDP,1,5,6,0.17
sbDS,0,4,4,0.0
sbDb,3,2,5,0.6
sbDl,2,0,2,1.0
sbDm,5,4,9,0.56
sbDn,3,3,6,0.5
sbDs,2,1,3,0.67
sbDt,2,0,2,1.0
sbHB,5,3,8,0.62
sbHD,0,0,0,
sbHH,1,0,1,1.0
sbHI,1,3,4,0.25
sbHK,1,2,3,0.33
sbHL,2,3,5,0.4
sbHM,5,3,8,0.62
sbHN,3,5,8,0.38
sbHP,1,6,7,0.14
sbHS,2,6,8,0.25
sbHb,5,3,8,0.62
sbHh,1,1,2,0.5
sbHl,1,1,2,0.5
sbHm,2,2,4,0.5
sbHn,7,3,10,0.7
sbHs,4,2,6,0.67
sbHt,0,1,1,0.0
sbIB,2,2,4,0.5
sbIH,2,0,2,1.0
sbII,0,1,1,0.0
sbIL,0,1,1,0.0
sbIM,1,0,1,1.0
sbIN,4,0,4,1.0
sbIP,2,1,3,0.67
sbIS,2,1,3,0.67
sbIb,2,0,2,1.0
sbIl,2,0,2,1.0
sbIm,1,2,3,0.33
sbIn,2,1,3,0.67
sbJB,2,5,7,0.29
sbJD,2,1,3,0.67
sbJH,0,2,2,0.0
sbJI,0,0,0,
sbJL,1,2,3,0.33
sbJM,6,2,8,0.75
sbJN,5,2,7,0.71
sbJP,6,11,17,0.35
sbJS,5,3,8,0.62
sbJb,2,4,6,0.33
sbJh,1,1,2,0.5
sbJl,0,2,2,0.0
sbJm,9,4,13,0.69
sbJn,4,1,5,0.8
sbJs,4,3,7,0.57
sbJt,0,0,0,
sbKB,1,3,4,0.25
sbKD,0,1,1,0.0
sbKH,0,1,1,0.0
sbKI,2,0,2,1.0
sbKL,2,1,3,0.67
sbKM,4,5,9,0.44
sbKN,4,4,8,0.5
sbKP,5,2,7,0.71
sbKS,1,2,3,0.33
sbKb,1,4,5,0.2
sbKh,1,1,2,0.5
sbKl,3,0,3,1.0
sbKm,3,3,6,0.5
sbKn,1,3,4,0.25
sbKs,3,0,3,1.0
sbLB,1,4,5,0.2
sbLD,1,2,3,0.33
sbLH,1,0,1,1.0
sbLL,0,1,1,0.0
sbLM,6,7,13,0.46
sbLN,6,2,8,0.75
sbLP,3,4,7,0.43
sbLS,7,3,10,0.7
sbLb,4,5,9,0.44
sbLh,3,2,5,0.6
sbLj,0,2,2,0.0
sbLl,2,2,4,0.5
sbLm,3,4,7,0.43
sbLn,6,10,16,0.38
sbLs,4,2,6,0.67
sbMB,20,20,40,0.5
sbMD,2,2,4,0.5
sbMK,1,1,2,0.5
sbML,3,5,8,0.38
sbMM,17,17,34,0.5
sbMN,24,17,41,0.59
sbMP,26,17,43,0.6
sbMS,11,15,26,0.42
sbMb,13,20,33,0.39
sbMh,13,16,29,0.45
sbMj,1,4,5,0.2
sbMl,5,1,6,0.83
sbMm,19,20,39,0.49
sbMn,22,23,45,0.49
sbMs,12,16,28,0.43
sbMt,1,3,4,0.25
sbNB,26,14,40,0.65
sbND,3,5,8,0.38
sbNH,5,4,9,0.56
sbNK,3,4,7,0.43
sbNL,8,2,10,0.8
sbNM,15,25,40,0.38
sbNN,21,29,50,0.42
sbNP,36,30,66,0.55
sbNS,23,14,37,0.62
sbNb,17,22,39,0.44
sbNh,7,11,18,0.39
sbNl,8,7,15,0.53
sbNm,20,20,40,0.5
sbNn,35,28,63,0.56
sbNs,9,11,20,0.45
sbNt,3,5,8,0.38
sbPB,29,20,49,0.59
sbPD,4,2,6,0.67
sbPH,4,3,7,0.57
sbPI,4,0,4,1.0
sbPK,3,5,8,0.38
sbPL,9,10,19,0.47
sbPM,23,25,48,0.48
sbPN,23,22,45,0.51
sbPP,39,22,61,0.64
sbPS,9,17,26,0.35
sbPb,19,13,32,0.59
sbPh,3,2,5,0.6
sbPl,8,5,13,0.62
sbPm,21,26,47,0.45
sbPn,18,19,37,0.49
sbPs,12,18,30,0.4
sbPt,4,1,5,0.8
sbSB,3,5,8,0.38
sbSD,2,3,5,0.4
sbSH,3,0,3,1.0
sbSI,1,0,1,1.0
sbSK,1,1,2,0.5
sbSL,3,2,5,0.6
sbSM,9,15,24,0.38
sbSN,11,6,17,0.65
sbSP,16,12,28,0.57
sbSS,10,14,24,0.42
sbSb,4,4,8,0.5
sbSh,9,5,14,0.64
sbSl,2,2,4,0.5
sbSm,10,8,18,0.56
sbSn,10,13,23,0.43
sbSs,15,4,19,0.79
sbSt,1,1,2,0.5
sbbB,19,23,42,0.45
sbbD,1,3,4,0.25
sbbH,1,3,4,0.25
sbbI,2,1,3,0.67
sbbJ,7,2,9,0.78
sbbK,1,3,4,0.25
sbbL,5,9,14,0.36
sbbM,23,19,42,0.55
sbbN,24,28,52,0.46
sbbP,19,22,41,0.46
sbbS,8,7,15,0.53
sbbb,24,23,47,0.51
sbbh,0,1,1,0.0
sbbl,5,3,8,0.62
sbbm,18,10,28,0.64
sbbn,15,19,34,0.44
sbbs,6,10,16,0.38
sbhM,1,0,1,1.0
sblB,5,5,10,0.5
sblH,4,3,7,0.57
sblI,1,0,1,1.0
sblJ,2,1,3,0.67
sblL,0,1,1,0.0
sblM,4,9,13,0.31
sblN,11,2,13,0.85
sblP,4,7,11,0.36
sblS,4,4,8,0.5
sblb,5,6,11,0.45
sbll,1,1,2,0.5
sblm,6,2,8,0.75
sbln,3,2,5,0.6
sbls,3,3,6,0.5
sbmB,20,21,41,0.49
sbmD,3,1,4,0.75
sbmH,12,14,26,0.46
sbmI,1,2,3,0.33
sbmJ,1,1,2,0.5
sbmL,3,6,9,0.33
sbmM,26,23,49,0.53
sbmN,27,18,45,0.6
sbmP,26,19,45,0.58
sbmS,13,11,24,0.54
sbmb,13,16,29,0.45
sbmh,0,1,1,0.0
sbml,4,2,6,0.67
sbmm,22,16,38,0.58
sbmn,14,10,24,0.58
sbms,10,4,14,0.71
sbnB,17,14,31,0.55
sbnD,2,2,4,0.5
sbnH,12,12,24,0.5
sbnI,6,5,11,0.55
sbnK,1,1,2,0.5
sbnL,13,2,15,0.87
sbnM,20,20,40,0.5
sbnN,28,27,55,0.51
sbnP,20,22,42,0.48
sbnS,14,13,27,0.52
sbnb,15,11,26,0.58
sbnh,2,2,4,0.5
sbnl,5,4,9,0.56
sbnm,16,13,29,0.55
sbnn,18,14,32,0.56
sbns,6,11,17,0.35
sbsB,9,8,17,0.53
sbsD,2,1,3,0.67
sbsH,5,11,16,0.31
sbsI,1,1,2,0.5
sbsL,4,3,7,0.57
sbsM,14,9,23,0.61
sbsN,8,14,22,0.36
sbsP,8,11,19,0.42
sbsS,7,4,11,0.64
sbsb,9,5,14,0.64
sbsh,1,0,1,1.0
sbsl,0,2,2,0.0
sbsm,9,9,18,0.5
sbsn,5,9,14,0.36
sbss,11,1,12,0.92
shBB,2,1,3,0.67
shBD,0,0,0,
shBL,1,1,2,0.5
shBM,1,1,2,0.5
shBN,1,1,2,0.5
shBP,2,1,3,0.67
shBS,1,0,1,1.0
shBb,4,1,5,0.8
shBm,1,4,5,0.2
shBn,2,3,5,0.4
shBs,0,0,0,
shBt,0,1,1,0.0
shDB,0,0,0,
shDM,1,1,2,0.5
shDm,0,0,0,
shDs,1,1,2,0.5
shHB,0,1,1,0.0
shHD,1,0,1,1.0
shHI,1,0,1,1.0
shHN,0,1,1,0.0
shHS,2,1,3,0.67
shHb,1,1,2,0.5
shHm,1,0,1,1.0
shHs,1,0,1,1.0
shIB,0,1,1,0.0
shID,0,0,0,
shIP,0,1,1,0.0
shIb,0,1,1,0.0
shIt,0,1,1,0.0
shKM,1,0,1,1.0
shLB,0,2,2,0.0
shLM,1,1,2,0.5
shLN,1,0,1,1.0
shLS,1,0,1,1.0
shLb,1,1,2,0.5
shLl,1,0,1,1.0
shLn,2,0,2,1.0
shLs,2,1,3,0.67
shMB,5,1,6,0.83
shMM,2,1,3,0.67
shMN,2,1,3,0.67
shMP,1,1,2,0.5
shMS,1,1,2,0.5
shMb,1,3,4,0.25
shMh,0,2,2,0.0
shMl,1,1,2,0.5
shMm,0,3,3,0.0
shMn,2,1,3,0.67
shMs,2,1,3,0.67
shMt,0,1,1,0.0
shNB,0,3,3,0.0
shND,0,0,0,
shNH,2,0,2,1.0
shNK,1,0,1,1.0
shNM,0,3,3,0.0
shNN,2,1,3,0.67
shNP,1,2,3,0.33
shNb,1,1,2,0.5
shNh,0,3,3,0.0
shNm,4,4,8,0.5
shNn,3,3,6,0.5
shNs,2,0,2,1.0
shNt,1,0,1,1.0
shPB,1,0,1,1.0
shPD,1,0,1,1.0
shPH,1,0,1,1.0
shPI,0,1,1,0.0
shPK,1,1,2,0.5
shPM,1,1,2,0.5
shPN,2,0,2,1.0
shPP,4,2,6,0.67
shPS,0,3,3,0.0
shPb,4,2,6,0.67
shPl,1,0,1,1.0
shPm,2,3,5,0.4
shPn,1,1,2,0.5
shPs,3,2,5,0.6
shSB,2,1,3,0.67
shSD,1,1,2,0.5
shSH,0,4,4,0.0
shSI,0,0,0,
shSM,1,3,4,0.25
shSP,3,2,5,0.6
shSS,2,1,3,0.67
shSb,1,0,1,1.0
shSh,1,0,1,1.0
shSl,2,1,3,0.67
shSm,0,1,1,0.0
shSn,0,2,2,0.0
shSs,3,1,4,0.75
shSt,0,1,1,0.0
shbB,1,0,1,1.0
shbD,0,0,0,
shbH,1,0,1,1.0
shbJ,0,0,0,
shbM,2,0,2,1.0
shbN,2,0,2,1.0
shbP,2,0,2,1.0
shbS,0,2,2,0.0
shbb,0,2,2,0.0
shbl,0,1,1,0.0
shbm,1,1,2,0.5
shbn,2,1,3,0.67
shbs,0,0,0,
shhB,1,0,1,1.0
shhH,1,0,1,1.0
shhI,0,0,0,
shhM,0,3,3,0.0
shhN,0,2,2,0.0
shhP,1,2,3,0.33
shhS,1,1,2,0.5
shhb,0,3,3,0.0
shhh,1,1,2,0.5
shhl,1,0,1,1.0
shhm,2,1,3,0.67
shhn,2,1,3,0.67
shhs,2,2,4,0.5
shht,0,1,1,0.0
shlB,0,0,0,
shlD,1,0,1,1.0
shlH,1,0,1,1.0
shlL,1,1,2,0.5
shlM,1,1,2,0.5
shlN,3,0,3,1.0
shlP,1,0,1,1.0
shlb,0,3,3,0.0
shlm,0,3,3,0.0
shls,2,0,2,1.0
shmB,2,3,5,0.4
shmD,1,0,1,1.0
shmH,2,3,5,0.4
shmK,0,0,0,
shmL,3,0,3,1.0
shmM,8,4,12,0.67
shmN,3,4,7,0.43
shmP,2,1,3,0.67
shmS,2,1,3,0.67
shmb,4,2,6,0.67
shml,1,1,2,0.5
shmm,1,2,3,0.33
shmn,1,6,7,0.14
shms,1,2,3,0.33
shnB,0,1,1,0.0
shnD,1,0,1,1.0
shnH,1,0,1,1.0
shnI,0,1,1,0.0
shnK,0,0,0,
shnM,0,1,1,0.0
shnN,1,1,2,0.5
shnP,0,1,1,0.0
shnS,1,0,1,1.0
shnb,1,3,4,0.25
shnl,0,1,1,0.0
shnm,0,1,1,0.0
shnn,1,0,1,1.0
shns,1,1,2,0.5
shsB,1,1,2,0.5
shsD,1,0,1,1.0
shsH,1,3,4,0.25
shsI,1,0,1,1.0
shsL,1,0,1,1.0
shsM,1,2,3,0.33
shsN,0,3,3,0.0
shsP,3,2,5,0.6
shsS,1,2,3,0.33
shsl,0,1,1,0.0
shsm,1,2,3,0.33
shsn,2,0,2,1.0
shss,1,0,1,1.0
shtM,0,2,2,0.0
shtN,0,1,1,0.0
shtS,0,1,1,0.0
shts,0,0,0,
slBB,6,3,9,0.67
slBD,1,0,1,1.0
slBK,0,1,1,0.0
slBL,2,0,2,1.0
slBM,8,11,19,0.42
slBN,8,5,13,0.62
slBP,10,9,19,0.53
slBS,1,1,2,0.5
slBb,4,7,11,0.36
slBh,1,0,1,1.0
slBj,1,1,2,0.5
slBl,2,0,2,1.0
slBm,8,3,11,0.73
slBn,14,6,20,0.7
slBs,8,2,10,0.8
slDB,1,2,3,0.33
slDD,0,1,1,0.0
slDH,0,1,1,0.0
slDL,0,1,1,0.0
slDM,1,0,1,1.0
slDP,0,4,4,0.0
slDS,0,1,1,0.0
slDb,1,1,2,0.5
slDm,0,1,1,0.0
slDn,1,1,2,0.5
slDs,3,0,3,1.0
slHB,2,2,4,0.5
slHD,0,1,1,0.0
slHH,3,2,5,0.6
slHL,0,4,4,0.0
slHM,3,4,7,0.43
slHN,8,2,10,0.8
slHP,7,9,16,0.44
slHS,1,4,5,0.2
slHb,4,2,6,0.67
slHh,2,4,6,0.33
slHl,0,2,2,0.0
slHm,6,7,13,0.46
slHn,2,1,3,0.67
slHs,4,0,4,1.0
slHt,0,1,1,0.0
slIB,0,0,0,
slIH,0,1,1,0.0
slIL,0,1,1,0.0
slIM,1,0,1,1.0
slIN,2,0,2,1.0
slIS,0,0,0,
slIb,1,2,3,0.33
slIm,1,0,1,1.0
slIn,1,1,2,0.5
slIs,0,1,1,0.0
slJB,2,2,4,0.5
slJD,0,1,1,0.0
slJL,4,0,4,1.0
slJM,4,4,8,0.5
slJN,2,1,3,0.67
slJP,1,5,6,0.17
slJS,1,3,4,0.25
slJh,0,1,1,0.0
slJl,0,1,1,0.0
slJm,4,4,8,0.5
slJn,3,2,5,0.6
slJs,1,0,1,1.0
slJt,1,1,2,0.5
slKB,1,0,1,1.0
slKD,1,0,1,1.0
slKM,1,0,1,1.0
slKP,0,1,1,0.0
slKS,0,1,1,0.0
slKh,0,1,1,0.0
slKm,1,2,3,0.33
slKn,0,1,1,0.0
slKs,1,0,1,1.0
slLB,1,2,3,0.33
slLH,1,0,1,1.0
slLK,0,1,1,0.0
slLL,0,2,2,0.0
slLM,0,4,4,0.0
slLN,2,2,4,0.5
slLP,2,1,3,0.67
slLS,2,5,7,0.29
slLb,2,0,2,1.0
slLh,0,1,1,0.0
slLj,3,0,3,1.0
slLl,2,5,7,0.29
slLm,5,1,6,0.83
slLn,5,3,8,0.62
slLs,9,4,13,0.69
slMB,7,6,13,0.54
slMD,1,3,4,0.25
slML,0,0,0,
slMM,6,1,7,0.86
slMN,6,6,12,0.5
slMP,10,8,18,0.56
slMS,5,7,12,0.42
slMb,9,8,17,0.53
slMh,7,11,18,0.39
slMj,1,0,1,1.0
slMl,5,0,5,1.0
slMm,6,10,16,0.38
slMn,8,8,16,0.5
slMs,9,7,16,0.56
slMt,0,1,1,0.0
slNB,4,9,13,0.31
slND,3,2,5,0.6
slNH,4,1,5,0.8
slNI,0,1,1,0.0
slNK,0,2,2,0.0
slNL,4,4,8,0.5
slNM,6,5,11,0.55
slNN,9,17,26,0.35
slNP,11,11,22,0.5
slNS,10,12,22,0.45
slNb,5,5,10,0.5
slNh,0,4,4,0.0
slNl,5,2,7,0.71
slNm,8,7,15,0.53
slNn,18,13,31,0.58
slNs,5,9,14,0.36
slNt,1,1,2,0.5
slPB,8,6,14,0.57
slPD,1,1,2,0.5
slPH,1,3,4,0.25
slPI,1,0,1,1.0
slPK,2,2,4,0.5
slPL,4,3,7,0.57
slPM,12,14,26,0.46
slPN,3,8,11,0.27
slPP,19,11,30,0.63
slPS,3,4,7,0.43
slPb,7,6,13,0.54
slPh,1,1,2,0.5
slPl,2,4,6,0.33
slPm,9,10,19,0.47
slPn,8,1,9,0.89
slPs,10,2,12,0.83
slPt,1,0,1,1.0
slSB,4,3,7,0.57
slSD,0,1,1,0.0
slSH,1,4,5,0.2
slSK,1,2,3,0.33
slSL,2,3,5,0.4
slSM,6,8,14,0.43
slSN,4,9,13,0.31
slSP,6,4,10,0.6
slSS,4,4,8,0.5
slSb,4,5,9,0.44
slSh,1,1,2,0.5
slSl,1,3,4,0.25
slSm,3,5,8,0.38
slSn,6,4,10,0.6
slSs,12,6,18,0.67
slSt,0,1,1,0.0
slbB,7,7,14,0.5
slbD,1,0,1,1.0
slbH,1,0,1,1.0
slbJ,2,6,8,0.25
slbK,2,4,6,0.33
slbL,4,3,7,0.57
slbM,9,11,20,0.45
slbN,8,10,18,0.44
slbP,9,7,16,0.56
slbS,3,3,6,0.5
slbb,8,6,14,0.57
slbl,3,0,3,1.0
slbm,9,1,10,0.9
slbn,8,6,14,0.57
slbs,3,1,4,0.75
slhS,0,1,1,0.0
sllB,4,3,7,0.57
sllH,0,1,1,0.0
sllJ,1,0,1,1.0
sllL,1,0,1,1.0
sllM,5,3,8,0.62
sllN,5,4,9,0.56
sllP,3,3,6,0.5
sllS,0,1,1,0.0
sllb,2,2,4,0.5
slll,1,0,1,1.0
sllm,6,1,7,0.86
slln,4,1,5,0.8
slls,0,0,0,
slmB,10,9,19,0.53
slmD,2,4,6,0.33
slmH,5,8,13,0.38
slmI,0,1,1,0.0
slmJ,0,2,2,0.0
slmK,1,2,3,0.33
slmL,5,5,10,0.5
slmM,2,8,10,0.2
slmN,6,11,17,0.35
slmP,12,3,15,0.8
slmS,2,6,8,0.25
slmb,8,4,12,0.67
slml,0,1,1,0.0
slmm,4,5,9,0.44
slmn,4,3,7,0.57
slms,5,3,8,0.62
slnB,5,5,10,0.5
slnD,1,0,1,1.0
slnH,6,5,11,0.55
slnI,1,2,3,0.33
slnK,1,1,2,0.5
slnL,5,1,6,0.83
slnM,4,6,10,0.4
slnN,10,4,14,0.71
slnP,8,7,15,0.53
slnS,3,4,7,0.43
slnb,6,2,8,0.75
slnl,2,5,7,0.29
slnm,7,2,9,0.78
slnn,5,3,8,0.62
slns,1,0,1,1.0
slsB,6,7,13,0.46
slsD,2,0,2,1.0
slsH,2,4,6,0.33
slsI,1,1,2,0.5
slsK,0,0,0,
slsL,4,5,9,0.44
slsM,8,4,12,0.67
slsN,4,1,5,0.8
slsP,8,9,17,0.47
slsS,9,5,14,0.64
slsb,3,5,8,0.38
slsh,0,1,1,0.0
slsl,6,2,8,0.75
slsm,10,2,12,0.83
slsn,5,6,11,0.45
slss,2,4,6,0.33
smBB,20,19,39,0.51
smBD,4,3,7,0.57
smBI,1,0,1,1.0
smBK,0,3,3,0.0
smBL,5,1,6,0.83
smBM,28,31,59,0.47
smBN,18,30,48,0.38
smBP,24,27,51,0.47
smBS,22,19,41,0.54
smBb,21,15,36,0.58
smBh,2,0,2,1.0
smBj,7,2,9,0.78
smBl,4,4,8,0.5
smBm,24,21,45,0.53
smBn,36,32,68,0.53
smBs,9,7,16,0.56
smBt,3,4,7,0.43
smDB,10,6,16,0.62
smDD,3,5,8,0.38
smDH,8,5,13,0.62
smDI,0,0,0,
smDL,0,1,1,0.0
smDM,8,11,19,0.42
smDN,10,9,19,0.53
smDP,8,12,20,0.4
smDS,3,6,9,0.33
smDb,8,4,12,0.67
smDl,5,2,7,0.71
smDm,12,13,25,0.48
smDn,11,4,15,0.73
smDs,7,4,11,0.64
smDt,2,0,2,1.0
smHB,21,15,36,0.58
smHD,8,3,11,0.73
smHH,10,6,16,0.62
smHI,2,2,4,0.5
smHK,4,4,8,0.5
smHL,6,5,11,0.55
smHM,18,18,36,0.5
smHN,20,25,45,0.44
smHP,23,20,43,0.53
smHS,13,6,19,0.68
smHb,22,16,38,0.58
smHh,8,16,24,0.33
smHl,7,1,8,0.88
smHm,27,25,52,0.52
smHn,32,26,58,0.55
smHs,17,19,36,0.47
smHt,2,2,4,0.5
smIB,1,2,3,0.33
smID,1,0,1,1.0
smIH,2,1,3,0.67
smIM,2,1,3,0.67
smIN,2,8,10,0.2
smIP,4,2,6,0.67
smIS,2,1,3,0.67
smIb,4,4,8,0.5
smIm,1,3,4,0.25
smIn,4,3,7,0.57
smIs,0,1,1,0.0
smJB,5,3,8,0.62
smJD,1,1,2,0.5
smJH,4,4,8,0.5
smJK,0,1,1,0.0
smJL,2,2,4,0.5
smJM,4,3,7,0.57
smJN,8,1,9,0.89
smJP,5,9,14,0.36
smJS,5,1,6,0.83
smJb,9,8,17,0.53
smJl,0,4,4,0.0
smJm,5,3,8,0.62
smJn,8,2,10,0.8
smJs,5,4,9,0.56
smJt,0,3,3,0.0
smKB,1,0,1,1.0
smKI,1,0,1,1.0
smKL,1,1,2,0.5
smKM,0,2,2,0.0
smKN,1,1,2,0.5
smKS,0,1,1,0.0
smKb,0,1,1,0.0
smKh,1,0,1,1.0
smKl,1,0,1,1.0
smKm,2,0,2,1.0
smKs,0,1,1,0.0
smLB,9,2,11,0.82
smLD,2,0,2,1.0
smLK,1,0,1,1.0
smLL,3,2,5,0.6
smLM,7,13,20,0.35
smLN,12,9,21,0.57
smLP,6,10,16,0.38
smLS,3,11,14,0.21
smLb,4,8,12,0.33
smLh,10,2,12,0.83
smLj,3,0,3,1.0
smLl,2,0,2,1.0
smLm,10,13,23,0.43
smLn,9,9,18,0.5
smLs,7,6,13,0.54
smMB,20,35,55,0.36
smMD,4,8,12,0.33
smMK,0,1,1,0.0
smML,4,9,13,0.31
smMM,17,34,51,0.33
smMN,30,39,69,0.43
smMP,32,31,63,0.51
smMS,16,16,32,0.5
smMb,31,16,47,0.66
smMh,19,27,46,0.41
smMj,2,1,3,0.67
smMl,5,9,14,0.36
smMm,27,29,56,0.48
smMn,44,54,98,0.45
smMs,35,16,51,0.69
smMt,2,5,7,0.29
smNB,28,14,42,0.67
smND,7,6,13,0.54
smNH,3,4,7,0.43
smNK,3,3,6,0.5
smNL,6,7,13,0.46
smNM,22,36,58,0.38
smNN,42,29,71,0.59
smNP,38,46,84,0.45
smNS,29,17,46,0.63
smNb,15,34,49,0.31
smNh,9,6,15,0.6
smNl,7,8,15,0.47
smNm,31,27,58,0.53
smNn,44,36,80,0.55
smNs,30,26,56,0.54
smNt,5,3,8,0.62
smPB,23,33,56,0.41
smPD,2,5,7,0.29
smPH,6,4,10,0.6
smPI,5,0,5,1.0
smPK,4,6,10,0.4
smPL,3,12,15,0.2
smPM,26,30,56,0.46
smPN,23,31,54,0.43
smPP,36,32,68,0.53
smPS,21,23,44,0.48
smPb,27,33,60,0.45
smPh,1,2,3,0.33
smPl,10,14,24,0.42
smPm,31,26,57,0.54
smPn,39,18,57,0.68
smPs,19,17,36,0.53
smPt,2,5,7,0.29
smSB,9,25,34,0.26
smSD,10,4,14,0.71
smSH,2,8,10,0.2
smSI,0,1,1,0.0
smSL,6,7,13,0.46
smSM,23,25,48,0.48
smSN,19,17,36,0.53
smSP,18,27,45,0.4
smSS,30,27,57,0.53
smSb,21,11,32,0.66
smSh,10,14,24,0.42
smSl,6,4,10,0.6
smSm,21,17,38,0.55
smSn,22,28,50,0.44
smSs,18,14,32,0.56
smSt,3,5,8,0.38
smbB,28,25,53,0.53
smbD,6,7,13,0.46
smbH,5,3,8,0.62
smbI,5,0,5,1.0
smbJ,9,6,15,0.6
smbK,5,1,6,0.83
smbL,3,8,11,0.27
smbM,14,35,49,0.29
smbN,29,34,63,0.46
smbP,25,23,48,0.52
smbS,9,5,14,0.64
smbb,22,20,42,0.52
smbl,4,2,6,0.67
smbm,25,14,39,0.64
smbn,22,24,46,0.48
smbs,8,6,14,0.57
smhH,0,1,1,0.0
smhI,0,1,1,0.0
smhM,1,0,1,1.0
smhb,1,0,1,1.0
smhn,1,0,1,1.0
smht,1,0,1,1.0
smlB,4,1,5,0.8
smlD,1,0,1,1.0
smlH,3,7,10,0.3
smlI,1,0,1,1.0
smlJ,5,0,5,1.0
smlK,0,1,1,0.0
smlL,3,3,6,0.5
smlM,2,9,11,0.18
smlN,5,4,9,0.56
smlP,9,5,14,0.64
smlS,4,1,5,0.8
smlb,7,2,9,0.78
smll,3,1,4,0.75
smlm,2,9,11,0.18
smln,4,3,7,0.57
smls,5,3,8,0.62
smmB,28,26,54,0.52
smmD,8,10,18,0.44
smmH,16,17,33,0.48
smmI,1,2,3,0.33
smmJ,5,2,7,0.71
smmK,0,0,0,
smmL,7,13,20,0.35
smmM,21,31,52,0.4
smmN,42,36,78,0.54
smmP,34,32,66,0.52
smmS,18,12,30,0.6
smmb,23,24,47,0.49
smmh,0,1,1,0.0
smml,5,6,11,0.45
smmm,41,23,64,0.64
smmn,29,32,61,0.48
smms,14,7,21,0.67
smnB,22,19,41,0.54
smnD,7,9,16,0.44
smnH,20,11,31,0.65
smnI,7,5,12,0.58
smnK,3,0,3,1.0
smnL,2,4,6,0.33
smnM,16,32,48,0.33
smnN,26,32,58,0.45
smnP,32,25,57,0.56
smnS,19,19,38,0.5
smnb,27,20,47,0.57
smnh,2,2,4,0.5
smnl,7,8,15,0.47
smnm,39,19,58,0.67
smnn,28,20,48,0.58
smns,15,14,29,0.52
smsB,7,15,22,0.32
smsD,11,7,18,0.61
smsH,11,13,24,0.46
smsI,2,0,2,1.0
smsL,2,4,6,0.33
smsM,19,16,35,0.54
smsN,18,24,42,0.43
smsP,15,14,29,0.52
smsS,12,13,25,0.48
smsb,18,10,28,0.64
smsh,0,2,2,0.0
smsl,5,1,6,0.83
smsm,17,21,38,0.45
smsn,16,14,30,0.53
smss,12,20,32,0.38
smst,0,0,0,
snBB,15,19,34,0.44
snBD,5,6,11,0.45
snBH,1,0,1,1.0
snBK,0,2,2,0.0
snBL,3,8,11,0.27
snBM,11,15,26,0.42
snBN,20,27,47,0.43
snBP,13,20,33,0.39
snBS,6,10,16,0.38
snBb,11,15,26,0.42
snBh,1,1,2,0.5
snBj,2,0,2,1.0
snBl,6,3,9,0.67
snBm,9,18,27,0.33
snBn,23,20,43,0.53
snBs,8,8,16,0.5
snBt,0,2,2,0.0
snDB,1,2,3,0.33
snDD,5,0,5,1.0
snDH,3,3,6,0.5
snDL,1,4,5,0.2
snDM,6,7,13,0.46
snDN,2,3,5,0.4
snDP,7,11,18,0.39
snDS,5,13,18,0.28
snDb,5,4,9,0.56
snDh,2,1,3,0.67
snDl,0,2,2,0.0
snDm,3,3,6,0.5
snDn,4,5,9,0.44
snDs,4,2,6,0.67
snDt,1,1,2,0.5
snHB,11,6,17,0.65
snHD,3,2,5,0.6
snHH,2,3,5,0.4
snHI,3,2,5,0.6
snHK,2,1,3,0.67
snHL,2,2,4,0.5
snHM,17,14,31,0.55
snHN,10,15,25,0.4
snHP,19,13,32,0.59
snHS,11,11,22,0.5
snHb,22,8,30,0.73
snHh,8,4,12,0.67
snHl,5,1,6,0.83
snHm,16,18,34,0.47
snHn,14,17,31,0.45
snHs,14,9,23,0.61
snHt,0,1,1,0.0
snIB,2,3,5,0.4
snID,8,2,10,0.8
snIH,0,2,2,0.0
snIL,2,1,3,0.67
snIM,3,7,10,0.3
snIN,3,5,8,0.38
snIP,4,2,6,0.67
snIS,1,4,5,0.2
snIb,3,1,4,0.75
snIl,1,1,2,0.5
snIm,1,5,6,0.17
snIn,7,4,11,0.64
snIs,2,2,4,0.5
snIt,1,0,1,1.0
snKB,1,2,3,0.33
snKD,0,1,1,0.0
snKH,2,3,5,0.4
snKL,1,0,1,1.0
snKM,3,4,7,0.43
snKN,2,3,5,0.4
snKP,3,2,5,0.6
snKS,0,0,0,
snKb,2,2,4,0.5
snKh,2,3,5,0.4
snKl,0,1,1,0.0
snKm,2,1,3,0.67
snKn,1,2,3,0.33
snKs,1,2,3,0.33
snLB,3,4,7,0.43
snLD,1,1,2,0.5
snLK,1,0,1,1.0
snLL,3,3,6,0.5
snLM,6,6,12,0.5
snLN,11,9,20,0.55
snLP,11,6,17,0.65
snLS,4,2,6,0.67
snLb,2,5,7,0.29
snLh,1,4,5,0.2
snLl,3,2,5,0.6
snLm,4,6,10,0.4
snLn,15,9,24,0.62
snLs,6,2,8,0.75
snLt,0,1,1,0.0
snMB,22,13,35,0.63
snMD,5,3,8,0.62
snMK,3,0,3,1.0
snML,7,6,13,0.54
snMM,15,24,39,0.38
snMN,21,24,45,0.47
snMP,26,30,56,0.46
snMS,15,14,29,0.52
snMb,12,22,34,0.35
snMh,28,21,49,0.57
snMj,2,2,4,0.5
snMl,4,4,8,0.5
snMm,30,20,50,0.6
snMn,25,34,59,0.42
snMs,19,20,39,0.49
snMt,5,0,5,1.0
snNB,17,23,40,0.42
snND,10,12,22,0.45
snNH,3,10,13,0.23
snNK,2,6,8,0.25
snNL,3,6,9,0.33
snNM,28,21,49,0.57
snNN,32,48,80,0.4
snNP,37,38,75,0.49
snNS,35,27,62,0.56
snNb,24,16,40,0.6
snNh,12,6,18,0.67
snNl,4,4,8,0.5
snNm,38,29,67,0.57
snNn,42,38,80,0.52
snNs,24,21,45,0.53
snNt,4,6,10,0.4
snPB,23,21,44,0.52
snPD,9,7,16,0.56
snPH,10,8,18,0.56
snPI,5,1,6,0.83
snPK,4,4,8,0.5
snPL,11,15,26,0.42
snPM,28,30,58,0.48
snPN,34,31,65,0.52
snPP,37,51,88,0.42
snPS,23,21,44,0.52
snPb,25,25,50,0.5
snPh,3,7,10,0.3
snPl,13,13,26,0.5
snPm,25,34,59,0.42
snPn,36,23,59,0.61
snPs,25,35,60,0.42
snPt,2,3,5,0.4
snSB,14,10,24,0.58
snSD,8,4,12,0.67
snSH,8,10,18,0.44
snSI,0,1,1,0.0
snSK,1,0,1,1.0
snSL,7,5,12,0.58
snSM,16,18,34,0.47
snSN,19,17,36,0.53
snSP,23,23,46,0.5
snSS,27,30,57,0.47
snSb,11,13,24,0.46
snSh,9,12,21,0.43
snSl,9,4,13,0.69
snSm,27,15,42,0.64
snSn,9,24,33,0.27
snSs,31,21,52,0.6
snSt,2,5,7,0.29
snbB,9,13,22,0.41
snbD,1,0,1,1.0
snbH,2,2,4,0.5
snbI,3,1,4,0.75
snbJ,3,3,6,0.5
snbK,2,1,3,0.67
snbL,5,1,6,0.83
snbM,15,20,35,0.43
snbN,24,21,45,0.53
snbP,21,11,32,0.66
snbS,5,17,22,0.23
snbb,12,12,24,0.5
snbh,0,0,0,
snbl,2,0,2,1.0
snbm,17,7,24,0.71
snbn,15,11,26,0.58
snbs,11,9,20,0.55
snhI,1,0,1,1.0
snhM,1,1,2,0.5
snhN,1,1,2,0.5
snhP,2,1,3,0.67
snhS,0,1,1,0.0
snhb,0,2,2,0.0
snhh,1,2,3,0.33
snhn,1,1,2,0.5
snlB,5,5,10,0.5
snlD,0,1,1,0.0
snlH,2,2,4,0.5
snlI,0,2,2,0.0
snlJ,2,3,5,0.4
snlK,1,0,1,1.0
snlL,0,2,2,0.0
snlM,7,6,13,0.54
snlN,4,8,12,0.33
snlP,9,2,11,0.82
snlS,8,4,12,0.67
snlb,6,6,12,0.5
snll,4,0,4,1.0
snlm,8,2,10,0.8
snln,1,9,10,0.1
snls,3,7,10,0.3
snmB,21,13,34,0.62
snmD,9,10,19,0.47
snmH,18,13,31,0.58
snmI,2,5,7,0.29
snmJ,2,3,5,0.4
snmL,1,3,4,0.25
snmM,25,22,47,0.53
snmN,30,29,59,0.51
snmP,28,21,49,0.57
snmS,18,13,31,0.58
snmb,27,24,51,0.53
snml,5,2,7,0.71
snmm,21,23,44,0.48
snmn,30,21,51,0.59
snms,10,11,21,0.48
snnB,16,23,39,0.41
snnD,10,3,13,0.77
snnH,13,9,22,0.59
snnI,3,5,8,0.38
snnK,2,1,3,0.67
snnL,10,3,13,0.77
snnM,24,24,48,0.5
snnN,39,36,75,0.52
snnP,31,34,65,0.48
snnS,18,15,33,0.55
snnb,17,12,29,0.59
snnh,2,1,3,0.67
snnl,7,1,8,0.88
snnm,18,19,37,0.49
snnn,24,30,54,0.44
snns,24,17,41,0.59
snsB,7,12,19,0.37
snsD,3,6,9,0.33
snsH,11,10,21,0.52
snsI,3,3,6,0.5
snsK,1,1,2,0.5
snsL,4,4,8,0.5
snsM,19,15,34,0.56
snsN,19,23,42,0.45
snsP,21,21,42,0.5
snsS,21,15,36,0.58
snsb,13,11,24,0.54
snsh,2,2,4,0.5
snsl,6,3,9,0.67
snsm,13,12,25,0.52
snsn,16,11,27,0.59
snss,20,16,36,0.56
sntB,0,0,0,
sntH,0,1,1,0.0
sntS,0,1,1,0.0
sntm,0,0,0,
sntn,1,1,2,0.5
ss,0,1,1,0.0
ssBB,15,12,27,0.56
ssBD,5,2,7,0.71
ssBK,2,4,6,0.33
ssBL,9,4,13,0.69
ssBM,14,14,28,0.5
ssBN,15,20,35,0.43
ssBP,13,15,28,0.46
ssBS,5,9,14,0.36
ssBb,14,12,26,0.54
ssBh,0,2,2,0.0
ssBj,2,3,5,0.4
ssBl,3,6,9,0.33
ssBm,13,13,26,0.5
ssBn,17,21,38,0.45
ssBs,6,12,18,0.33
ssBt,4,3,7,0.57
ssDB,2,2,4,0.5
ssDD,2,6,8,0.25
ssDH,7,10,17,0.41
ssDI,0,0,0,
ssDL,3,1,4,0.75
ssDM,1,7,8,0.12
ssDN,5,5,10,0.5
ssDP,8,11,19,0.42
ssDS,7,7,14,0.5
ssDb,8,3,11,0.73
ssDl,1,3,4,0.25
ssDm,6,3,9,0.67
ssDn,11,8,19,0.58
ssDs,5,3,8,0.62
ssDt,2,1,3,0.67
ssHB,12,18,30,0.4
ssHD,7,4,11,0.64
ssHH,7,3,10,0.7
ssHI,1,2,3,0.33
ssHK,1,2,3,0.33
ssHL,4,1,5,0.8
ssHM,24,23,47,0.51
ssHN,20,17,37,0.54
ssHP,22,26,48,0.46
ssHS,31,26,57,0.54
ssHb,20,14,34,0.59
ssHh,15,15,30,0.5
ssHl,3,2,5,0.6
ssHm,26,19,45,0.58
ssHn,21,16,37,0.57
ssHs,18,33,51,0.35
ssHt,5,1,6,0.83
ssIB,6,2,8,0.75
ssID,1,0,1,1.0
ssIH,6,1,7,0.86
ssII,0,1,1,0.0
ssIL,0,2,2,0.0
ssIM,2,2,4,0.5
ssIN,7,4,11,0.64
ssIP,2,5,7,0.29
ssIS,5,5,10,0.5
ssIb,4,1,5,0.8
ssIh,0,0,0,
ssIl,1,0,1,1.0
ssIm,4,3,7,0.57
ssIn,3,6,9,0.33
ssIs,5,3,8,0.62
ssIt,0,1,1,0.0
ssKM,0,0,0,
ssKN,1,0,1,1.0
ssKP,2,1,3,0.67
ssKS,0,0,0,
ssKh,0,1,1,0.0
ssKm,2,1,3,0.67
ssKs,1,1,2,0.5
ssLB,4,6,10,0.4
ssLK,1,0,1,1.0
ssLL,1,3,4,0.25
ssLM,2,8,10,0.2
ssLN,8,5,13,0.62
ssLP,8,6,14,0.57
ssLS,5,6,11,0.45
ssLb,2,5,7,0.29
ssLh,1,3,4,0.25
ssLj,1,2,3,0.33
ssLl,1,3,4,0.25
ssLm,5,2,7,0.71
ssLn,7,8,15,0.47
ssLs,4,6,10,0.4
ssLt,2,0,2,1.0
ssMB,15,14,29,0.52
ssMD,6,5,11,0.55
ssMI,0,0,0,
ssMK,1,0,1,1.0
ssML,3,5,8,0.38
ssMM,27,30,57,0.47
ssMN,22,24,46,0.48
ssMP,17,28,45,0.38
ssMS,14,15,29,0.48
ssMb,13,15,28,0.46
ssMh,20,15,35,0.57
ssMj,5,4,9,0.56
ssMl,5,2,7,0.71
ssMm,34,12,46,0.74
ssMn,16,25,41,0.39
ssMs,17,21,38,0.45
ssMt,5,0,5,1.0
ssNB,15,18,33,0.45
ssND,5,4,9,0.56
ssNH,3,4,7,0.43
ssNK,3,3,6,0.5
ssNL,9,8,17,0.53
ssNM,13,30,43,0.3
ssNN,24,25,49,0.49
ssNP,34,29,63,0.54
ssNS,23,17,40,0.57
ssNb,14,13,27,0.52
ssNh,7,3,10,0.7
ssNl,3,12,15,0.2
ssNm,25,18,43,0.58
ssNn,36,18,54,0.67
ssNs,31,18,49,0.63
ssNt,4,3,7,0.57
ssPB,16,16,32,0.5
ssPD,5,1,6,0.83
ssPH,6,8,14,0.43
ssPI,2,3,5,0.4
ssPK,1,5,6,0.17
ssPL,8,8,16,0.5
ssPM,20,28,48,0.42
ssPN,24,26,50,0.48
ssPP,19,36,55,0.35
ssPS,27,27,54,0.5
ssPb,26,15,41,0.63
ssPh,3,1,4,0.75
ssPl,11,3,14,0.79
ssPm,28,31,59,0.47
ssPn,14,14,28,0.5
ssPs,27,20,47,0.57
ssPt,1,6,7,0.14
ssSB,12,19,31,0.39
ssSD,10,6,16,0.62
ssSH,11,14,25,0.44
ssSI,3,0,3,1.0
ssSK,1,0,1,1.0
ssSL,17,14,31,0.55
ssSM,25,27,52,0.48
ssSN,21,18,39,0.54
ssSP,30,30,60,0.5
ssSS,51,47,98,0.52
ssSb,21,15,36,0.58
ssSh,18,27,45,0.4
ssSl,8,6,14,0.57
ssSm,30,33,63,0.48
ssSn,37,24,61,0.61
ssSs,44,47,91,0.48
ssSt,4,7,11,0.36
ssbB,16,23,39,0.41
ssbD,0,3,3,0.0
ssbH,4,1,5,0.8
ssbI,2,2,4,0.5
ssbJ,1,3,4,0.25
ssbK,2,3,5,0.4
ssbL,3,2,5,0.6
ssbM,21,26,47,0.45
ssbN,19,8,27,0.7
ssbP,20,12,32,0.62
ssbS,6,6,12,0.5
ssbb,17,11,28,0.61
ssbl,4,1,5,0.8
ssbm,17,13,30,0.57
ssbn,19,13,32,0.59
ssbs,12,7,19,0.63
sshH,1,0,1,1.0
sshI,0,1,1,0.0
sshL,1,0,1,1.0
sshM,3,4,7,0.43
sshN,1,3,4,0.25
sshP,1,0,1,1.0
sshS,1,1,2,0.5
sshb,1,0,1,1.0
sshh,1,2,3,0.33
sshl,1,1,2,0.5
sshm,4,4,8,0.5
sshn,1,2,3,0.33
sshs,2,2,4,0.5
sslB,6,5,11,0.55
sslH,4,4,8,0.5
sslI,0,1,1,0.0
sslJ,1,1,2,0.5
sslK,1,1,2,0.5
sslL,1,1,2,0.5
sslM,6,6,12,0.5
sslN,8,11,19,0.42
sslP,4,6,10,0.4
sslS,8,1,9,0.89
sslb,8,3,11,0.73
ssll,4,1,5,0.8
sslm,7,5,12,0.58
ssln,6,5,11,0.55
ssls,9,5,14,0.64
ssmB,20,17,37,0.54
ssmD,5,3,8,0.62
ssmH,14,17,31,0.45
ssmI,2,2,4,0.5
ssmJ,7,10,17,0.41
ssmL,5,8,13,0.38
ssmM,27,20,47,0.57
ssmN,27,27,54,0.5
ssmP,23,28,51,0.45
ssmS,15,19,34,0.44
ssmb,15,19,34,0.44
ssmh,0,1,1,0.0
ssml,5,7,12,0.42
ssmm,18,17,35,0.51
ssmn,22,27,49,0.45
ssms,14,13,27,0.52
ssnB,14,20,34,0.41
ssnD,6,1,7,0.86
ssnH,13,14,27,0.48
ssnI,7,2,9,0.78
ssnK,1,1,2,0.5
ssnL,1,5,6,0.17
ssnM,12,24,36,0.33
ssnN,26,28,54,0.48
ssnP,24,26,50,0.48
ssnS,12,20,32,0.38
ssnb,10,8,18,0.56
ssnh,1,0,1,1.0
ssnl,4,4,8,0.5
ssnm,21,21,42,0.5
ssnn,19,26,45,0.42
ssns,13,9,22,0.59
sss,0,1,1,0.0
sssB,11,16,27,0.41
sssD,4,6,10,0.4
sssH,22,26,48,0.46
sssI,5,3,8,0.62
sssK,2,2,4,0.5
sssL,4,5,9,0.44
sssM,25,21,46,0.54
sssN,22,18,40,0.55
sssP,30,24,54,0.56
sssS,34,39,73,0.47
sssb,23,8,31,0.74
sssh,2,2,4,0.5
sssl,7,8,15,0.47
sssm,26,21,47,0.55
sssn,28,19,47,0.6
ssss,34,23,57,0.6
sstD,1,0,1,1.0
sstH,1,0,1,1.0
sstN,0,1,1,0.0
sstP,0,1,1,0.0
sstb,0,0,0,
ssts,0,1,1,0.0
stBB,1,0,1,1.0
stBN,1,1,2,0.5
stBP,1,1,2,0.5
stBb,1,1,2,0.5
stBm,1,0,1,1.0
stBs,0,1,1,0.0
stDB,0,1,1,0.0
stDM,1,1,2,0.5
stDP,0,0,0,
stDS,1,0,1,1.0
stDm,0,0,0,
stHB,1,0,1,1.0
stHN,1,1,2,0.5
stHS,1,0,1,1.0
stHl,0,1,1,0.0
stHm,0,1,1,0.0
stIm,0,0,0,
stKH,0,1,1,0.0
stLK,0,0,0,
stLM,0,0,0,
stLm,1,0,1,1.0
stMB,0,1,1,0.0
stMM,0,1,1,0.0
stMN,0,1,1,0.0
stMS,0,0,0,
stMh,1,0,1,1.0
stMm,2,0,2,1.0
stND,0,1,1,0.0
stNL,1,0,1,1.0
stNn,1,0,1,1.0
stPM,0,1,1,0.0
stPN,0,0,0,
stPP,1,0,1,1.0
stPb,1,1,2,0.5
stPm,1,1,2,0.5
stSB,1,1,2,0.5
stSM,0,1,1,0.0
stSP,0,1,1,0.0
stSS,2,0,2,1.0
stSb,1,0,1,1.0
stSl,1,0,1,1.0
stSm,0,0,0,
stSn,1,1,2,0.5
stSs,0,1,1,0.0
stbK,0,1,1,0.0
stbM,0,1,1,0.0
stbP,0,0,0,
stbS,1,0,1,1.0
stbb,2,1,3,0.67
stbm,0,1,1,0.0
stbn,0,1,1,0.0
stlB,0,1,1,0.0
stlD,0,0,0,
stlL,0,1,1,0.0
stlM,1,0,1,1.0
stln,0,1,1,0.0
stmB,1,1,2,0.5
stmH,0,1,1,0.0
stmL,0,0,0,
stmN,0,0,0,
stmP,1,0,1,1.0
stmS,0,1,1,0.0
stmb,0,1,1,0.0
stml,1,0,1,1.0
stmn,0,1,1,0.0
stms,0,0,0,
stnD,0,0,0,
stnL,0,1,1,0.0
stnM,1,1,2,0.5
stnP,0,2,2,0.0
stnS,0,0,0,
stnl,1,0,1,1.0
stsP,1,0,1,1.0
stsS,0,0,0,
stsm,2,0,2,1.0
stsn,1,1,2,0.5
sttm,1,0,1,1.0
tBBB,4,5,9,0.44
tBBL,1,2,3,0.33
tBBM,6,3,9,0.67
tBBN,1,0,1,1.0
tBBP,3,3,6,0.5
tBBS,0,2,2,0.0
tBBb,3,3,6,0.5
tBBj,0,1,1,0.0
tBBl,0,1,1,0.0
tBBm,2,4,6,0.33
tBBn,2,4,6,0.33
tBBs,2,1,3,0.67
tBBt,1,0,1,1.0
tBDB,0,1,1,0.0
tBDH,0,0,0,
tBDL,0,1,1,0.0
tBDM,1,0,1,1.0
tBDP,0,1,1,0.0
tBDS,1,0,1,1.0
tBDm,0,3,3,0.0
tBDn,0,2,2,0.0
tBDs,0,1,1,0.0
tBHB,1,0,1,1.0
tBHS,0,1,1,0.0
tBKL,0,1,1,0.0
tBKM,0,0,0,
tBKN,0,1,1,0.0
tBKP,0,1,1,0.0
tBKS,0,0,0,
tBKb,0,1,1,0.0
tBKm,1,0,1,1.0
tBLB,0,1,1,0.0
tBLH,0,1,1,0.0
tBLN,1,0,1,1.0
tBLb,0,1,1,0.0
tBLl,0,2,2,0.0
tBLm,0,1,1,0.0
tBLn,2,0,2,1.0
tBMB,1,6,7,0.14
tBMH,0,0,0,
tBML,0,1,1,0.0
tBMM,4,3,7,0.57
tBMN,4,2,6,0.67
tBMP,5,1,6,0.83
tBMS,0,1,1,0.0
tBMb,1,3,4,0.25
tBMh,3,1,4,0.75
tBMl,0,0,0,
tBMm,4,2,6,0.67
tBMn,2,2,4,0.5
tBMs,2,1,3,0.67
tBNB,2,0,2,1.0
tBND,1,1,2,0.5
tBNK,1,0,1,1.0
tBNL,1,0,1,1.0
tBNM,1,3,4,0.25
tBNN,2,1,3,0.67
tBNP,1,1,2,0.5
tBNS,0,5,5,0.0
tBNb,2,2,4,0.5
tBNh,2,1,3,0.67
tBNl,0,0,0,
tBNm,3,1,4,0.75
tBNn,1,1,2,0.5
tBNs,5,5,10,0.5
tBPB,6,4,10,0.6
tBPD,1,0,1,1.0
tBPH,1,1,2,0.5
tBPL,1,3,4,0.25
tBPM,2,1,3,0.67
tBPN,1,3,4,0.25
tBPP,4,5,9,0.44
tBPS,2,2,4,0.5
tBPb,3,1,4,0.75
tBPh,1,0,1,1.0
tBPl,1,1,2,0.5
tBPm,3,4,7,0.43
tBPn,0,1,1,0.0
tBPs,2,1,3,0.67
tBPt,2,0,2,1.0
tBSB,1,0,1,1.0
tBSD,0,0,0,
tBSH,1,1,2,0.5
tBSL,0,0,0,
tBSM,1,0,1,1.0
tBSN,0,1,1,0.0
tBSP,0,1,1,0.0
tBSS,1,3,4,0.25
tBSb,3,1,4,0.75
tBSh,2,0,2,1.0
tBSm,0,0,0,
tBSn,0,1,1,0.0
tBSs,0,0,0,
tBSt,1,0,1,1.0
tBbB,0,2,2,0.0
tBbD,0,1,1,0.0
tBbJ,0,0,0,
tBbK,1,0,1,1.0
tBbL,0,2,2,0.0
tBbM,2,2,4,0.5
tBbN,0,6,6,0.0
tBbP,3,3,6,0.5
tBbS,1,2,3,0.33
tBbb,0,1,1,0.0
tBbl,1,0,1,1.0
tBbm,5,3,8,0.62
tBbn,3,2,5,0.6
tBbs,0,2,2,0.0
tBhL,1,0,1,1.0
tBhN,0,1,1,0.0
tBhh,1,0,1,1.0
tBhm,0,1,1,0.0
tBhn,1,0,1,1.0
tBhs,1,0,1,1.0
tBht,1,1,2,0.5
tBjB,1,1,2,0.5
tBjN,0,0,0,
tBjP,1,1,2,0.5
tBjb,0,1,1,0.0
tBjl,0,1,1,0.0
tBjm,1,1,2,0.5
tBjs,1,2,3,0.33
tBlB,1,1,2,0.5
tBlH,0,1,1,0.0
tBlJ,0,0,0,
tBlL,0,1,1,0.0
tBlM,0,1,1,0.0
tBlN,0,1,1,0.0
tBlP,3,0,3,1.0
tBlb,0,1,1,0.0
tBlm,1,0,1,1.0
tBln,1,0,1,1.0
tBls,0,0,0,
tBmB,2,2,4,0.5
tBmH,4,6,10,0.4
tBmI,1,0,1,1.0
tBmL,1,1,2,0.5
tBmM,3,3,6,0.5
tBmN,2,4,6,0.33
tBmP,9,3,12,0.75
tBmS,1,4,5,0.2
tBmb,1,1,2,0.5
tBmm,4,4,8,0.5
tBmn,2,4,6,0.33
tBms,0,1,1,0.0
tBnB,1,4,5,0.2
tBnH,1,1,2,0.5
tBnI,1,0,1,1.0
tBnK,1,1,2,0.5
tBnM,4,3,7,0.57
tBnN,3,6,9,0.33
tBnP,3,5,8,0.38
tBnS,1,1,2,0.5
tBnb,0,2,2,0.0
tBnh,1,0,1,1.0
tBnl,0,3,3,0.0
tBnm,1,4,5,0.2
tBnn,3,1,4,0.75
tBns,2,1,3,0.67
tBsB,0,2,2,0.0
tBsD,0,1,1,0.0
tBsH,1,2,3,0.33
tBsL,1,0,1,1.0
tBsM,1,2,3,0.33
tBsN,0,2,2,0.0
tBsP,3,0,3,1.0
tBsS,1,1,2,0.5
tBsb,1,1,2,0.5
tBsl,1,0,1,1.0
tBsm,1,1,2,0.5
tBsn,2,0,2,1.0
tBss,1,2,3,0.33
tBtM,0,1,1,0.0
tBtN,1,1,2,0.5
tBtP,1,0,1,1.0
tBtm,1,1,2,0.5
tBtn,0,1,1,0.0
tDBB,1,0,1,1.0
tDBD,1,0,1,1.0
tDBL,0,0,0,
tDBN,0,2,2,0.0
tDBj,0,0,0,
tDBl,1,1,2,0.5
tDBm,1,1,2,0.5
tDBn,1,0,1,1.0
tDDP,1,0,1,1.0
tDDS,0,1,1,0.0
tDHB,1,0,1,1.0
tDHM,0,1,1,0.0
tDHN,2,1,3,0.67
tDHb,1,1,2,0.5
tDHh,0,0,0,
tDHl,0,0,0,
tDHm,1,1,2,0.5
tDHn,0,0,0,
tDHs,1,1,2,0.5
tDIb,0,1,1,0.0
tDIs,0,1,1,0.0
tDLM,1,0,1,1.0
tDLN,1,0,1,1.0
tDLS,1,1,2,0.5
tDLm,1,1,2,0.5
tDLn,0,1,1,0.0
tDMB,2,2,4,0.5
tDML,0,1,1,0.0
tDMM,1,0,1,1.0
tDMP,0,1,1,0.0
tDMb,2,0,2,1.0
tDMh,0,1,1,0.0
tDMl,0,1,1,0.0
tDMm,2,0,2,1.0
tDNM,1,0,1,1.0
tDNN,1,0,1,1.0
tDNP,1,0,1,1.0
tDNb,0,1,1,0.0
tDNl,1,0,1,1.0
tDNs,0,1,1,0.0
tDPH,1,1,2,0.5
tDPL,0,1,1,0.0
tDPM,0,2,2,0.0
tDPP,0,3,3,0.0
tDPS,0,1,1,0.0
tDPb,2,0,2,1.0
tDPl,1,0,1,1.0
tDPm,1,0,1,1.0
tDPs,1,0,1,1.0
tDSB,0,1,1,0.0
tDSH,0,1,1,0.0
tDSM,0,2,2,0.0
tDSN,0,1,1,0.0
tDSP,1,1,2,0.5
tDSS,1,1,2,0.5
tDSl,1,0,1,1.0
tDSm,0,2,2,0.0
tDbM,0,1,1,0.0
tDbN,2,0,2,1.0
tDbP,0,1,1,0.0
tDbS,1,0,1,1.0
tDbm,0,2,2,0.0
tDbn,0,0,0,
tDbs,1,0,1,1.0
tDhm,0,1,1,0.0
tDlS,0,1,1,0.0
tDlb,1,0,1,1.0
tDll,1,1,2,0.5
tDls,0,1,1,0.0
tDmB,3,0,3,1.0
tDmD,1,0,1,1.0
tDmH,0,1,1,0.0
tDmJ,0,0,0,
tDmM,0,1,1,0.0
tDmN,0,1,1,0.0
tDmP,3,0,3,1.0
tDmS,1,0,1,1.0
tDmb,0,1,1,0.0
tDml,0,1,1,0.0
tDmm,1,3,4,0.25
tDmn,1,0,1,1.0
tDms,3,0,3,1.0
tDnH,1,0,1,1.0
tDnM,1,0,1,1.0
tDnN,0,2,2,0.0
tDnS,1,1,2,0.5
tDnm,0,2,2,0.0
tDnn,0,1,1,0.0
tDsB,1,0,1,1.0
tDsL,1,0,1,1.0
tDsM,0,1,1,0.0
tDsN,0,1,1,0.0
tDsP,0,0,0,
tDsS,1,2,3,0.33
tDsb,2,0,2,1.0
tDsl,1,0,1,1.0
tDsm,0,0,0,
tDss,2,1,3,0.67
tDtn,0,0,0,
tHBK,1,0,1,1.0
tHBL,1,0,1,1.0
tHBM,0,4,4,0.0
tHBN,1,1,2,0.5
tHBP,1,3,4,0.25
tHBS,0,1,1,0.0
tHBb,4,1,5,0.8
tHBl,1,0,1,1.0
tHBm,1,2,3,0.33
tHBn,2,0,2,1.0
tHBs,0,1,1,0.0
tHDB,1,0,1,1.0
tHDH,1,0,1,1.0
tHDM,0,2,2,0.0
tHDS,1,1,2,0.5
tHDb,1,0,1,1.0
tHDl,0,1,1,0.0
tHDn,0,0,0,
tHDs,1,0,1,1.0
tHHB,0,1,1,0.0
tHHN,0,1,1,0.0
tHHb,1,0,1,1.0
tHHn,1,1,2,0.5
tHIM,0,2,2,0.0
tHIS,2,1,3,0.67
tHIb,0,1,1,0.0
tHIn,1,0,1,1.0
tHIs,1,0,1,1.0
tHKD,0,1,1,0.0
tHKP,0,1,1,0.0
tHKm,0,1,1,0.0
tHLB,1,0,1,1.0
tHLM,1,1,2,0.5
tHLP,3,0,3,1.0
tHLS,0,1,1,0.0
tHLm,1,0,1,1.0
tHLn,1,2,3,0.33
tHLs,1,0,1,1.0
tHMB,2,1,3,0.67
tHMI,1,0,1,1.0
tHML,1,1,2,0.5
tHMM,1,3,4,0.25
tHMN,1,1,2,0.5
tHMP,3,2,5,0.6
tHMS,0,0,0,
tHMb,0,1,1,0.0
tHMh,0,0,0,
tHMl,1,0,1,1.0
tHMm,1,6,7,0.14
tHMn,3,0,3,1.0
tHMs,1,3,4,0.25
tHMt,0,0,0,
tHNB,0,1,1,0.0
tHNI,1,0,1,1.0
tHNK,1,0,1,1.0
tHNL,1,0,1,1.0
tHNM,1,3,4,0.25
tHNN,0,1,1,0.0
tHNP,0,2,2,0.0
tHNS,3,0,3,1.0
tHNb,1,1,2,0.5
tHNh,0,0,0,
tHNl,0,4,4,0.0
tHNm,3,3,6,0.5
tHNn,4,4,8,0.5
tHNs,1,2,3,0.33
tHPB,2,0,2,1.0
tHPH,0,0,0,
tHPM,2,7,9,0.22
tHPN,2,3,5,0.4
tHPP,1,3,4,0.25
tHPS,2,3,5,0.4
tHPb,1,1,2,0.5
tHPl,1,2,3,0.33
tHPm,2,3,5,0.4
tHPn,0,2,2,0.0
tHPs,1,1,2,0.5
tHPt,1,0,1,1.0
tHSB,1,0,1,1.0
tHSD,1,1,2,0.5
tHSK,0,1,1,0.0
tHSL,1,2,3,0.33
tHSM,0,2,2,0.0
tHSN,1,0,1,1.0
tHSP,1,1,2,0.5
tHSS,4,1,5,0.8
tHSb,1,0,1,1.0
tHSh,1,1,2,0.5
tHSl,1,1,2,0.5
tHSm,1,2,3,0.33
tHSn,3,1,4,0.75
tHSs,0,2,2,0.0
tHbB,3,1,4,0.75
tHbI,1,0,1,1.0
tHbM,0,1,1,0.0
tHbN,1,0,1,1.0
tHbP,1,0,1,1.0
tHbS,1,1,2,0.5
tHbb,1,2,3,0.33
tHbl,0,1,1,0.0
tHbm,1,2,3,0.33
tHbn,2,0,2,1.0
tHhB,2,0,2,1.0
tHhM,0,0,0,
tHhN,1,1,2,0.5
tHhP,2,1,3,0.67
tHhS,0,1,1,0.0
tHhb,1,0,1,1.0
tHhh,2,0,2,1.0
tHhm,1,0,1,1.0
tHhn,1,1,2,0.5
tHhs,2,1,3,0.67
tHht,1,0,1,1.0
tHlB,1,1,2,0.5
tHlH,0,1,1,0.0
tHlL,0,1,1,0.0
tHlM,1,1,2,0.5
tHlN,1,2,3,0.33
tHlS,1,0,1,1.0
tHll,1,0,1,1.0
tHln,1,0,1,1.0
tHls,2,0,2,1.0
tHmB,3,1,4,0.75
tHmD,0,0,0,
tHmH,0,4,4,0.0
tHmL,0,0,0,
tHmM,1,1,2,0.5
tHmN,3,2,5,0.6
tHmP,2,7,9,0.22
tHmS,0,1,1,0.0
tHmb,3,3,6,0.5
tHml,1,0,1,1.0
tHmm,5,2,7,0.71
tHmn,2,4,6,0.33
tHms,0,2,2,0.0
tHnD,1,0,1,1.0
tHnH,1,2,3,0.33
tHnI,1,1,2,0.5
tHnL,3,1,4,0.75
tHnM,0,4,4,0.0
tHnN,2,1,3,0.67
tHnP,0,1,1,0.0
tHnS,0,2,2,0.0
tHnb,0,3,3,0.0
tHnh,0,0,0,
tHnm,1,1,2,0.5
tHnn,0,3,3,0.0
tHns,1,2,3,0.33
tHsB,1,1,2,0.5
tHsH,0,2,2,0.0
tHsL,0,1,1,0.0
tHsM,3,2,5,0.6
tHsN,1,2,3,0.33
tHsP,1,1,2,0.5
tHsS,1,0,1,1.0
tHsb,1,0,1,1.0
tHsl,1,0,1,1.0
tHsm,2,1,3,0.67
tHsn,0,0,0,
tHss,1,2,3,0.33
tHtb,0,1,1,0.0
tHtm,1,0,1,1.0
tIBm,0,0,0,
tIBn,0,1,1,0.0
tIDB,0,1,1,0.0
tIHL,1,0,1,1.0
tIHm,1,0,1,1.0
tIIb,1,0,1,1.0
tIIn,1,0,1,1.0
tIMN,0,1,1,0.0
tIMS,1,0,1,1.0
tIMs,1,0,1,1.0
tINB,1,0,1,1.0
tINM,0,1,1,0.0
tINm,0,1,1,0.0
tIPB,1,0,1,1.0
tIPM,1,1,2,0.5
tIPs,0,0,0,
tISP,0,0,0,
tISS,0,1,1,0.0
tISm,0,0,0,
tIbB,0,0,0,
tIbM,1,2,3,0.33
tIbN,1,0,1,1.0
tIbn,1,0,1,1.0
tIbs,0,1,1,0.0
tIlb,1,0,1,1.0
tIls,0,1,1,0.0
tImM,1,0,1,1.0
tImP,1,1,2,0.5
tImS,1,0,1,1.0
tImm,1,0,1,1.0
tInM,0,0,0,
tInm,0,1,1,0.0
tIsH,0,1,1,0.0
tIsS,1,0,1,1.0
tIsm,1,0,1,1.0
tItN,1,0,1,1.0
tKBm,1,0,1,1.0
tKBt,1,0,1,1.0
tKDS,1,0,1,1.0
tKHb,0,1,1,0.0
tKLm,1,0,1,1.0
tKLn,0,0,0,
tKMM,0,1,1,0.0
tKMN,0,1,1,0.0
tKMS,1,0,1,1.0
tKMb,1,0,1,1.0
tKMn,0,1,1,0.0
tKNB,1,0,1,1.0
tKNM,0,1,1,0.0
tKNP,0,1,1,0.0
tKPL,0,1,1,0.0
tKPM,1,0,1,1.0
tKPN,1,0,1,1.0
tKPP,1,0,1,1.0
tKPS,1,0,1,1.0
tKPm,0,0,0,
tKPn,0,1,1,0.0
tKPs,1,0,1,1.0
tKSL,1,0,1,1.0
tKSM,0,0,0,
tKSP,1,0,1,1.0
tKSS,0,0,0,
tKSb,0,1,1,0.0
tKSh,1,0,1,1.0
tKSm,1,0,1,1.0
tKSs,1,0,1,1.0
tKbB,0,1,1,0.0
tKbs,0,0,0,
tKhL,0,1,1,0.0
tKhP,1,0,1,1.0
tKhS,0,1,1,0.0
tKlB,0,1,1,0.0
tKlb,0,0,0,
tKmB,0,1,1,0.0
tKmH,0,0,0,
tKmJ,0,0,0,
tKmL,1,0,1,1.0
tKmM,1,1,2,0.5
tKmb,0,2,2,0.0
tKms,0,2,2,0.0
tKnl,0,1,1,0.0
tKnm,0,1,1,0.0
tKns,0,1,1,0.0
tKsM,0,1,1,0.0
tKsN,2,0,2,1.0
tLBB,2,1,3,0.67
tLBK,1,0,1,1.0
tLBL,0,1,1,0.0
tLBM,0,0,0,
tLBN,1,1,2,0.5
tLBP,0,1,1,0.0
tLBj,1,1,2,0.5
tLBl,0,0,0,
tLBm,1,0,1,1.0
tLBn,1,1,2,0.5
tLBs,1,0,1,1.0
tLKB,0,1,1,0.0
tLKN,0,1,1,0.0
tLKh,0,0,0,
tLLB,0,1,1,0.0
tLLP,1,0,1,1.0
tLLS,1,0,1,1.0
tLLn,1,0,1,1.0
tLMB,0,2,2,0.0
tLML,1,0,1,1.0
tLMM,0,3,3,0.0
tLMN,0,1,1,0.0
tLMP,1,2,3,0.33
tLMS,2,1,3,0.67
tLMb,1,1,2,0.5
tLMh,2,0,2,1.0
tLMl,0,1,1,0.0
tLMm,1,0,1,1.0
tLMn,0,1,1,0.0
tLND,0,1,1,0.0
tLNH,1,0,1,1.0
tLNK,0,1,1,0.0
tLNN,0,2,2,0.0
tLNP,1,1,2,0.5
tLNb,1,1,2,0.5
tLNh,0,1,1,0.0
tLNl,2,0,2,1.0
tLNm,1,0,1,1.0
tLNn,2,2,4,0.5
tLNs,0,0,0,
tLPB,2,1,3,0.67
tLPL,1,0,1,1.0
tLPM,0,2,2,0.0
tLPN,0,3,3,0.0
tLPP,3,1,4,0.75
tLPS,1,0,1,1.0
tLPb,2,3,5,0.4
tLPl,0,0,0,
tLPm,2,1,3,0.67
tLPn,3,3,6,0.5
tLPs,1,0,1,1.0
tLSB,1,1,2,0.5
tLSM,0,1,1,0.0
tLSN,1,0,1,1.0
tLSS,0,0,0,
tLSb,1,0,1,1.0
tLSn,1,0,1,1.0
tLSs,0,1,1,0.0
tLSt,1,0,1,1.0
tLbB,2,2,4,0.5
tLbK,0,0,0,
tLbL,0,1,1,0.0
tLbN,2,1,3,0.67
tLbP,1,2,3,0.33
tLbS,1,1,2,0.5
tLbb,2,0,2,1.0
tLbl,0,1,1,0.0
tLbm,1,1,2,0.5
tLhB,0,1,1,0.0
tLhM,1,1,2,0.5
tLhN,2,0,2,1.0
tLhP,0,1,1,0.0
tLhS,1,0,1,1.0
tLhb,1,0,1,1.0
tLhh,0,1,1,0.0
tLhl,1,0,1,1.0
tLhn,0,1,1,0.0
tLhs,1,0,1,1.0
tLjS,0,1,1,0.0
tLjb,0,1,1,0.0
tLjs,0,1,1,0.0
tLlB,2,0,2,1.0
tLlH,2,1,3,0.67
tLlL,0,1,1,0.0
tLlM,0,1,1,0.0
tLlN,1,2,3,0.33
tLlb,0,1,1,0.0
tLlm,0,0,0,
tLls,1,0,1,1.0
tLmB,2,0,2,1.0
tLmH,1,2,3,0.33
tLmJ,0,0,0,
tLmL,0,3,3,0.0
tLmM,2,2,4,0.5
tLmN,1,2,3,0.33
tLmS,1,0,1,1.0
tLmm,1,2,3,0.33
tLmn,0,1,1,0.0
tLnB,1,1,2,0.5
tLnD,0,0,0,
tLnH,0,1,1,0.0
tLnK,0,0,0,
tLnL,0,1,1,0.0
tLnM,1,2,3,0.33
tLnP,3,0,3,1.0
tLnS,0,2,2,0.0
tLnb,0,1,1,0.0
tLnl,1,2,3,0.33
tLnm,0,1,1,0.0
tLnn,0,1,1,0.0
tLns,2,2,4,0.5
tLsB,0,2,2,0.0
tLsD,0,1,1,0.0
tLsH,1,1,2,0.5
tLsL,2,0,2,1.0
tLsM,0,1,1,0.0
tLsN,1,1,2,0.5
tLsP,1,1,2,0.5
tLsS,0,1,1,0.0
tLsm,1,0,1,1.0
tLss,0,0,0,
tLtN,0,1,1,0.0
tLtb,0,1,1,0.0
tMBB,0,4,4,0.0
tMBD,0,1,1,0.0
tMBK,0,1,1,0.0
tMBM,1,2,3,0.33
tMBN,2,4,6,0.33
tMBP,3,4,7,0.43
tMBS,1,2,3,0.33
tMBb,1,0,1,1.0
tMBj,1,0,1,1.0
tMBl,3,0,3,1.0
tMBm,3,3,6,0.5
tMBn,2,4,6,0.33
tMBs,2,0,2,1.0
tMBt,0,0,0,
tMDB,2,0,2,1.0
tMDH,0,1,1,0.0
tMDL,2,0,2,1.0
tMDM,1,2,3,0.33
tMDS,1,0,1,1.0
tMDb,0,1,1,0.0
tMHI,0,1,1,0.0
tMHb,0,1,1,0.0
tMKS,0,1,1,0.0
tMLB,1,1,2,0.5
tMLD,1,0,1,1.0
tMLM,0,0,0,
tMLN,3,1,4,0.75
tMLP,0,2,2,0.0
tMLS,0,3,3,0.0
tMLm,1,1,2,0.5
tMLn,1,0,1,1.0
tMMB,3,3,6,0.5
tMMD,2,0,2,1.0
tMMM,7,1,8,0.88
tMMN,3,4,7,0.43
tMMP,2,2,4,0.5
tMMS,4,4,8,0.5
tMMb,0,0,0,
tMMh,2,2,4,0.5
tMMj,2,0,2,1.0
tMMl,0,1,1,0.0
tMMm,4,1,5,0.8
tMMn,2,1,3,0.67
tMMs,4,2,6,0.67
tMMt,0,1,1,0.0
tMNB,3,5,8,0.38
tMNH,0,1,1,0.0
tMNL,1,1,2,0.5
tMNM,2,2,4,0.5
tMNN,6,3,9,0.67
tMNP,4,5,9,0.44
tMNS,1,2,3,0.33
tMNb,7,4,11,0.64
tMNh,1,0,1,1.0
tMNl,0,1,1,0.0
tMNm,3,0,3,1.0
tMNn,2,0,2,1.0
tMNs,2,3,5,0.4
tMNt,0,2,2,0.0
tMPB,2,5,7,0.29
tMPD,0,0,0,
tMPH,0,1,1,0.0
tMPI,0,2,2,0.0
tMPK,0,1,1,0.0
tMPM,1,1,2,0.5
tMPN,1,4,5,0.2
tMPP,1,6,7,0.14
tMPS,2,3,5,0.4
tMPb,3,3,6,0.5
tMPh,0,1,1,0.0
tMPl,1,1,2,0.5
tMPm,3,3,6,0.5
tMPn,6,0,6,1.0
tMPs,1,2,3,0.33
tMSB,0,1,1,0.0
tMSD,0,0,0,
tMSM,2,4,6,0.33
tMSN,4,2,6,0.67
tMSP,3,1,4,0.75
tMSS,1,1,2,0.5
tMSb,2,0,2,1.0
tMSh,0,1,1,0.0
tMSm,4,1,5,0.8
tMSn,5,3,8,0.62
tMSs,0,3,3,0.0
tMSt,1,0,1,1.0
tMbB,2,0,2,1.0
tMbD,1,1,2,0.5
tMbI,1,0,1,1.0
tMbJ,1,1,2,0.5
tMbK,1,0,1,1.0
tMbL,1,1,2,0.5
tMbM,3,5,8,0.38
tMbN,0,6,6,0.0
tMbP,4,4,8,0.5
tMbS,1,3,4,0.25
tMbb,1,1,2,0.5
tMbl,2,0,2,1.0
tMbm,0,1,1,0.0
tMbn,0,1,1,0.0
tMhB,0,3,3,0.0
tMhD,1,0,1,1.0
tMhH,1,1,2,0.5
tMhI,2,1,3,0.67
tMhK,0,1,1,0.0
tMhL,1,0,1,1.0
tMhM,3,3,6,0.5
tMhN,0,4,4,0.0
tMhP,9,0,9,1.0
tMhS,1,2,3,0.33
tMhb,3,0,3,1.0
tMhh,0,1,1,0.0
tMhl,1,2,3,0.33
tMhm,2,2,4,0.5
tMhn,0,1,1,0.0
tMhs,2,2,4,0.5
tMht,0,1,1,0.0
tMjL,0,1,1,0.0
tMjN,1,0,1,1.0
tMjP,1,0,1,1.0
tMjS,1,0,1,1.0
tMjb,0,1,1,0.0
tMjm,0,1,1,0.0
tMlH,1,1,2,0.5
tMlJ,0,0,0,
tMlL,0,1,1,0.0
tMlM,1,2,3,0.33
tMlN,1,0,1,1.0
tMlP,1,1,2,0.5
tMlb,3,0,3,1.0
tMll,0,1,1,0.0
tMlm,2,0,2,1.0
tMln,2,1,3,0.67
tMls,0,1,1,0.0
tMmB,3,3,6,0.5
tMmD,1,1,2,0.5
tMmH,2,6,8,0.25
tMmI,1,1,2,0.5
tMmL,0,3,3,0.0
tMmM,5,5,10,0.5
tMmN,4,11,15,0.27
tMmP,7,4,11,0.64
tMmS,2,2,4,0.5
tMmb,4,4,8,0.5
tMml,1,2,3,0.33
tMmm,2,2,4,0.5
tMmn,3,3,6,0.5
tMms,0,1,1,0.0
tMnB,3,1,4,0.75
tMnD,1,0,1,1.0
tMnH,1,7,8,0.12
tMnK,0,1,1,0.0
tMnL,3,0,3,1.0
tMnM,2,5,7,0.29
tMnN,7,0,7,1.0
tMnP,1,5,6,0.17
tMnS,3,4,7,0.43
tMnb,2,2,4,0.5
tMnl,2,1,3,0.67
tMnm,7,2,9,0.78
tMnn,7,1,8,0.88
tMns,0,2,2,0.0
tMnt,1,0,1,1.0
tMsB,1,2,3,0.33
tMsD,0,1,1,0.0
tMsH,1,1,2,0.5
tMsI,0,1,1,0.0
tMsL,1,0,1,1.0
tMsM,2,2,4,0.5
tMsN,3,6,9,0.33
tMsP,4,1,5,0.8
tMsS,1,2,3,0.33
tMsh,0,0,0,
tMsl,1,0,1,1.0
tMsm,2,1,3,0.67
tMsn,1,4,5,0.2
tMss,1,0,1,1.0
tMtD,1,0,1,1.0
tMtL,1,0,1,1.0
tMtM,1,0,1,1.0
tMtl,1,0,1,1.0
tMtm,1,0,1,1.0
tMts,0,1,1,0.0
tNBB,1,3,4,0.25
tNBK,0,1,1,0.0
tNBL,0,3,3,0.0
tNBM,3,1,4,0.75
tNBN,2,2,4,0.5
tNBP,2,2,4,0.5
tNBS,1,0,1,1.0
tNBb,2,1,3,0.67
tNBj,1,1,2,0.5
tNBl,1,0,1,1.0
tNBm,3,5,8,0.38
tNBn,1,6,7,0.14
tNBs,1,1,2,0.5
tNBt,1,0,1,1.0
tNDB,1,0,1,1.0
tNDD,1,1,2,0.5
tNDH,0,0,0,
tNDM,0,1,1,0.0
tNDN,1,0,1,1.0
tNDP,1,1,2,0.5
tNDS,1,2,3,0.33
tNDb,0,0,0,
tNDm,1,2,3,0.33
tNDn,1,1,2,0.5
tNDs,0,1,1,0.0
tNHB,0,1,1,0.0
tNHN,0,1,1,0.0
tNHS,0,0,0,
tNHb,0,1,1,0.0
tNHl,0,1,1,0.0
tNHn,1,0,1,1.0
tNHs,0,0,0,
tNIH,0,0,0,
tNII,1,0,1,1.0
tNIS,0,0,0,
tNIn,1,0,1,1.0
tNKP,0,0,0,
tNKb,1,0,1,1.0
tNKl,0,1,1,0.0
tNKm,0,2,2,0.0
tNKn,1,0,1,1.0
tNKs,1,0,1,1.0
tNLB,2,0,2,1.0
tNLM,1,3,4,0.25
tNLN,0,1,1,0.0
tNLS,0,1,1,0.0
tNLb,1,0,1,1.0
tNLh,1,0,1,1.0
tNLm,1,0,1,1.0
tNLn,0,0,0,
tNLt,0,0,0,
tNMB,1,6,7,0.14
tNMD,2,0,2,1.0
tNMM,2,3,5,0.4
tNMN,3,0,3,1.0
tNMP,2,8,10,0.2
tNMS,2,0,2,1.0
tNMb,4,3,7,0.57
tNMh,2,3,5,0.4
tNMl,0,3,3,0.0
tNMm,4,4,8,0.5
tNMn,7,8,15,0.47
tNMs,5,1,6,0.83
tNMt,0,2,2,0.0
tNNB,3,1,4,0.75
tNND,1,0,1,1.0
tNNH,0,1,1,0.0
tNNK,1,0,1,1.0
tNNL,1,1,2,0.5
tNNM,4,3,7,0.57
tNNN,5,4,9,0.56
tNNP,3,3,6,0.5
tNNS,2,1,3,0.67
tNNb,1,2,3,0.33
tNNh,0,1,1,0.0
tNNl,1,1,2,0.5
tNNm,4,3,7,0.57
tNNn,4,2,6,0.67
tNNs,4,7,11,0.36
tNNt,1,0,1,1.0
tNPB,2,5,7,0.29
tNPH,0,1,1,0.0
tNPI,2,0,2,1.0
tNPK,0,1,1,0.0
tNPL,0,3,3,0.0
tNPM,3,2,5,0.6
tNPN,6,4,10,0.6
tNPP,5,3,8,0.62
tNPS,1,2,3,0.33
tNPb,3,3,6,0.5
tNPh,2,0,2,1.0
tNPl,2,1,3,0.67
tNPm,2,5,7,0.29
tNPn,4,2,6,0.67
tNPs,3,2,5,0.6
tNPt,1,0,1,1.0
tNSB,0,1,1,0.0
tNSD,1,0,1,1.0
tNSH,1,0,1,1.0
tNSL,0,0,0,
tNSM,2,5,7,0.29
tNSN,1,0,1,1.0
tNSP,3,3,6,0.5
tNSS,0,5,5,0.0
tNSb,2,0,2,1.0
tNSh,1,1,2,0.5
tNSm,4,3,7,0.57
tNSn,4,1,5,0.8
tNSs,3,3,6,0.5
tNSt,0,0,0,
tNbB,2,1,3,0.67
tNbJ,1,1,2,0.5
tNbL,1,0,1,1.0
tNbM,3,0,3,1.0
tNbN,1,0,1,1.0
tNbP,2,2,4,0.5
tNbS,0,1,1,0.0
tNbb,2,2,4,0.5
tNbl,1,1,2,0.5
tNbm,2,2,4,0.5
tNbn,3,0,3,1.0
tNbs,1,1,2,0.5
tNhB,2,0,2,1.0
tNhD,0,0,0,
tNhH,0,0,0,
tNhL,1,0,1,1.0
tNhM,0,1,1,0.0
tNhN,0,2,2,0.0
tNhP,1,0,1,1.0
tNhh,1,0,1,1.0
tNhm,2,1,3,0.67
tNhn,0,1,1,0.0
tNhs,1,0,1,1.0
tNlB,1,0,1,1.0
tNlH,0,1,1,0.0
tNlI,0,1,1,0.0
tNlJ,0,1,1,0.0
tNlM,1,1,2,0.5
tNlN,3,0,3,1.0
tNlP,0,4,4,0.0
tNlS,0,2,2,0.0
tNlb,0,0,0,
tNll,1,0,1,1.0
tNlm,0,0,0,
tNln,2,0,2,1.0
tNls,1,1,2,0.5
tNmB,2,2,4,0.5
tNmD,2,1,3,0.67
tNmH,2,4,6,0.33
tNmI,1,0,1,1.0
tNmJ,0,1,1,0.0
tNmL,1,4,5,0.2
tNmM,3,3,6,0.5
tNmN,3,2,5,0.6
tNmP,2,7,9,0.22
tNmS,0,1,1,0.0
tNmb,3,5,8,0.38
tNml,1,1,2,0.5
tNmm,4,3,7,0.57
tNmn,3,6,9,0.33
tNms,0,3,3,0.0
tNnB,8,2,10,0.8
tNnD,1,0,1,1.0
tNnH,4,3,7,0.57
tNnI,1,1,2,0.5
tNnK,0,1,1,0.0
tNnM,4,4,8,0.5
tNnN,2,5,7,0.29
tNnP,6,11,17,0.35
tNnS,0,5,5,0.0
tNnb,0,2,2,0.0
tNnl,1,0,1,1.0
tNnm,4,3,7,0.57
tNnn,5,2,7,0.71
tNns,4,4,8,0.5
tNsB,1,0,1,1.0
tNsD,0,1,1,0.0
tNsH,1,1,2,0.5
tNsI,0,0,0,
tNsL,0,1,1,0.0
tNsM,1,2,3,0.33
tNsN,1,0,1,1.0
tNsP,4,6,10,0.4
tNsS,2,5,7,0.29
tNsb,1,2,3,0.33
tNsm,1,0,1,1.0
tNsn,3,4,7,0.43
tNss,2,3,5,0.4
tNtB,1,1,2,0.5
tNtH,0,1,1,0.0
tNtM,1,1,2,0.5
tNtP,0,2,2,0.0
tNtS,0,1,1,0.0
tNtm,1,1,2,0.5
tNtn,1,0,1,1.0
tPBB,1,4,5,0.2
tPBD,1,1,2,0.5
tPBL,0,0,0,
tPBM,1,4,5,0.2
tPBN,3,0,3,1.0
tPBP,4,2,6,0.67
tPBb,0,1,1,0.0
tPBj,1,1,2,0.5
tPBl,0,1,1,0.0
tPBm,3,3,6,0.5
tPBn,3,1,4,0.75
tPBs,1,1,2,0.5
tPBt,1,0,1,1.0
tPDD,0,0,0,
tPDH,1,1,2,0.5
tPDM,0,1,1,0.0
tPDS,1,0,1,1.0
tPDb,0,2,2,0.0
tPDm,0,1,1,0.0
tPDn,3,0,3,1.0
tPDs,1,0,1,1.0
tPDt,2,0,2,1.0
tPHB,1,3,4,0.25
tPHH,1,0,1,1.0
tPHL,0,0,0,
tPHM,3,0,3,1.0
tPHN,3,1,4,0.75
tPHP,2,1,3,0.67
tPHS,2,2,4,0.5
tPHb,2,1,3,0.67
tPHh,0,1,1,0.0
tPHl,0,1,1,0.0
tPHm,0,1,1,0.0
tPHn,2,1,3,0.67
tPID,0,0,0,
tPIH,2,0,2,1.0
tPII,0,1,1,0.0
tPIM,0,2,2,0.0
tPIP,0,1,1,0.0
tPIS,0,1,1,0.0
tPIb,0,1,1,0.0
tPIl,1,0,1,1.0
tPIm,2,0,2,1.0
tPKB,1,0,1,1.0
tPKH,1,0,1,1.0
tPKM,1,1,2,0.5
tPKP,1,0,1,1.0
tPKS,0,2,2,0.0
tPKh,1,1,2,0.5
tPKm,1,0,1,1.0
tPKn,1,0,1,1.0
tPKs,0,0,0,
tPLB,3,1,4,0.75
tPLD,0,0,0,
tPLK,1,0,1,1.0
tPLL,1,1,2,0.5
tPLM,1,1,2,0.5
tPLP,0,2,2,0.0
tPLS,2,0,2,1.0
tPLb,3,1,4,0.75
tPLh,1,0,1,1.0
tPLl,0,2,2,0.0
tPLm,0,5,5,0.0
tPLn,3,2,5,0.6
tPLs,0,2,2,0.0
tPLt,1,0,1,1.0
tPMB,3,4,7,0.43
tPMD,1,0,1,1.0
tPML,3,2,5,0.6
tPMM,3,6,9,0.33
tPMN,4,2,6,0.67
tPMP,4,6,10,0.4
tPMS,1,1,2,0.5
tPMb,4,8,12,0.33
tPMh,2,3,5,0.4
tPMj,0,1,1,0.0
tPMl,1,1,2,0.5
tPMm,7,3,10,0.7
tPMn,5,5,10,0.5
tPMs,6,3,9,0.67
tPNB,1,0,1,1.0
tPND,0,1,1,0.0
tPNH,0,0,0,
tPNL,3,1,4,0.75
tPNM,2,3,5,0.4
tPNN,3,3,6,0.5
tPNP,6,1,7,0.86
tPNS,1,3,4,0.25
tPNb,4,0,4,1.0
tPNh,0,1,1,0.0
tPNl,2,0,2,1.0
tPNm,5,6,11,0.45
tPNn,6,4,10,0.6
tPNs,0,5,5,0.0
tPNt,1,0,1,1.0
tPPB,4,4,8,0.5
tPPD,1,0,1,1.0
tPPH,2,2,4,0.5
tPPI,2,1,3,0.67
tPPL,2,3,5,0.4
tPPM,2,6,8,0.25
tPPN,5,7,12,0.42
tPPP,9,10,19,0.47
tPPS,5,2,7,0.71
tPPb,5,3,8,0.62
tPPl,0,2,2,0.0
tPPm,4,6,10,0.4
tPPn,3,6,9,0.33
tPPs,1,3,4,0.25
tPPt,1,1,2,0.5
tPSB,2,5,7,0.29
tPSD,0,2,2,0.0
tPSH,0,1,1,0.0
tPSL,1,1,2,0.5
tPSM,3,1,4,0.75
tPSN,1,3,4,0.25
tPSP,2,3,5,0.4
tPSS,5,2,7,0.71
tPSb,0,0,0,
tPSh,0,0,0,
tPSl,2,0,2,1.0
tPSm,4,3,7,0.57
tPSn,1,2,3,0.33
tPSs,4,1,5,0.8
tPSt,0,1,1,0.0
tPbB,3,4,7,0.43
tPbD,0,1,1,0.0
tPbH,1,2,3,0.33
tPbJ,1,0,1,1.0
tPbL,1,1,2,0.5
tPbM,3,6,9,0.33
tPbN,3,3,6,0.5
tPbP,2,2,4,0.5
tPbS,3,2,5,0.6
tPbb,2,3,5,0.4
tPbh,0,1,1,0.0
tPbl,1,2,3,0.33
tPbm,2,5,7,0.29
tPbn,6,0,6,1.0
tPbs,1,2,3,0.33
tPhB,1,0,1,1.0
tPhM,1,2,3,0.33
tPhP,1,1,2,0.5
tPhS,0,1,1,0.0
tPhb,2,0,2,1.0
tPhh,0,1,1,0.0
tPhm,1,1,2,0.5
tPhn,1,2,3,0.33
tPhs,0,1,1,0.0
tPlB,2,0,2,1.0
tPlH,1,1,2,0.5
tPlJ,0,0,0,
tPlL,1,2,3,0.33
tPlM,1,2,3,0.33
tPlN,0,1,1,0.0
tPlP,3,0,3,1.0
tPlS,1,1,2,0.5
tPlb,1,2,3,0.33
tPll,1,2,3,0.33
tPlm,2,1,3,0.67
tPln,3,0,3,1.0
tPmB,3,4,7,0.43
tPmD,1,3,4,0.25
tPmH,2,4,6,0.33
tPmI,2,0,2,1.0
tPmJ,1,2,3,0.33
tPmL,1,1,2,0.5
tPmM,3,2,5,0.6
tPmN,4,6,10,0.4
tPmP,3,3,6,0.5
tPmS,2,5,7,0.29
tPmb,9,8,17,0.53
tPml,1,1,2,0.5
tPmm,6,2,8,0.75
tPmn,6,3,9,0.67
tPms,3,1,4,0.75
tPnB,2,3,5,0.4
tPnD,0,0,0,
tPnH,0,0,0,
tPnI,2,1,3,0.67
tPnK,1,1,2,0.5
tPnL,2,1,3,0.67
tPnM,2,5,7,0.29
tPnN,2,3,5,0.4
tPnP,2,5,7,0.29
tPnS,3,5,8,0.38
tPnb,0,1,1,0.0
tPnl,2,3,5,0.4
tPnm,1,6,7,0.14
tPnn,1,4,5,0.2
tPns,3,3,6,0.5
tPsB,0,2,2,0.0
tPsD,0,1,1,0.0
tPsH,3,4,7,0.43
tPsI,1,0,1,1.0
tPsL,2,0,2,1.0
tPsM,4,1,5,0.8
tPsN,1,1,2,0.5
tPsP,4,2,6,0.67
tPsS,4,2,6,0.67
tPsb,2,0,2,1.0
tPsl,1,1,2,0.5
tPsm,3,2,5,0.6
tPsn,3,1,4,0.75
tPss,1,2,3,0.33
tPtB,1,0,1,1.0
tPtI,1,0,1,1.0
tPtM,2,0,2,1.0
tPtN,1,0,1,1.0
tPtP,1,1,2,0.5
tSBB,1,0,1,1.0
tSBD,0,0,0,
tSBL,1,0,1,1.0
tSBM,0,3,3,0.0
tSBN,2,3,5,0.4
tSBP,2,3,5,0.4
tSBS,0,0,0,
tSBb,1,6,7,0.14
tSBh,0,0,0,
tSBj,0,0,0,
tSBl,1,0,1,1.0
tSBm,0,1,1,0.0
tSBn,1,2,3,0.33
tSBs,0,1,1,0.0
tSDB,0,1,1,0.0
tSDD,0,1,1,0.0
tSDM,2,0,2,1.0
tSDN,1,0,1,1.0
tSDS,2,0,2,1.0
tSDm,0,1,1,0.0
tSDn,0,1,1,0.0
tSHB,1,1,2,0.5
tSHD,1,0,1,1.0
tSHM,2,0,2,1.0
tSHP,2,1,3,0.67
tSHS,2,1,3,0.67
tSHb,1,2,3,0.33
tSHh,2,0,2,1.0
tSHm,1,0,1,1.0
tSHt,0,1,1,0.0
tSID,1,0,1,1.0
tSIm,1,0,1,1.0
tSKM,1,0,1,1.0
tSKn,0,1,1,0.0
tSLB,1,3,4,0.25
tSLM,0,1,1,0.0
tSLP,1,2,3,0.33
tSLS,1,0,1,1.0
tSLb,1,0,1,1.0
tSLj,0,1,1,0.0
tSLl,0,1,1,0.0
tSLn,1,0,1,1.0
tSLs,0,1,1,0.0
tSMB,4,4,8,0.5
tSMD,2,0,2,1.0
tSMM,4,4,8,0.5
tSMN,0,2,2,0.0
tSMP,1,3,4,0.25
tSMS,2,3,5,0.4
tSMb,3,1,4,0.75
tSMh,2,1,3,0.67
tSMl,1,0,1,1.0
tSMm,1,1,2,0.5
tSMn,3,1,4,0.75
tSMs,1,4,5,0.2
tSMt,1,0,1,1.0
tSNB,1,1,2,0.5
tSND,0,0,0,
tSNK,1,0,1,1.0
tSNM,2,0,2,1.0
tSNN,3,4,7,0.43
tSNP,3,3,6,0.5
tSNS,2,2,4,0.5
tSNb,1,1,2,0.5
tSNh,1,1,2,0.5
tSNm,2,2,4,0.5
tSNn,2,5,7,0.29
tSNs,1,3,4,0.25
tSPB,1,2,3,0.33
tSPD,1,0,1,1.0
tSPH,0,0,0,
tSPI,1,0,1,1.0
tSPL,0,1,1,0.0
tSPM,1,1,2,0.5
tSPN,2,1,3,0.67
tSPP,3,4,7,0.43
tSPS,1,1,2,0.5
tSPb,0,2,2,0.0
tSPl,0,1,1,0.0
tSPm,1,0,1,1.0
tSPn,4,4,8,0.5
tSPs,3,2,5,0.6
tSSB,1,2,3,0.33
tSSD,0,0,0,
tSSH,2,0,2,1.0
tSSL,0,2,2,0.0
tSSM,3,6,9,0.33
tSSN,2,2,4,0.5
tSSP,3,4,7,0.43
tSSS,6,1,7,0.86
tSSb,3,2,5,0.6
tSSh,1,4,5,0.2
tSSl,1,0,1,1.0
tSSm,7,1,8,0.88
tSSn,0,5,5,0.0
tSSs,2,5,7,0.29
tSSt,1,0,1,1.0
tSbB,1,0,1,1.0
tSbD,1,0,1,1.0
tSbJ,2,0,2,1.0
tSbL,1,0,1,1.0
tSbM,2,0,2,1.0
tSbN,3,3,6,0.5
tSbP,0,2,2,0.0
tSbS,4,4,8,0.5
tSbb,0,2,2,0.0
tSbm,2,0,2,1.0
tSbn,0,3,3,0.0
tSbs,1,0,1,1.0
tShB,2,0,2,1.0
tShD,0,1,1,0.0
tShL,0,2,2,0.0
tShM,1,2,3,0.33
tShN,0,1,1,0.0
tShP,2,0,2,1.0
tShS,2,0,2,1.0
tShb,0,1,1,0.0
tShh,0,0,0,
tShm,2,0,2,1.0
tShn,0,0,0,
tShs,0,1,1,0.0
tSlB,0,0,0,
tSlH,0,1,1,0.0
tSlL,0,1,1,0.0
tSlN,0,2,2,0.0
tSlP,0,3,3,0.0
tSlS,2,0,2,1.0
tSll,1,0,1,1.0
tSln,1,1,2,0.5
tSls,0,0,0,
tSmB,2,4,6,0.33
tSmD,1,1,2,0.5
tSmH,0,3,3,0.0
tSmI,0,0,0,
tSmJ,2,1,3,0.67
tSmL,0,1,1,0.0
tSmM,1,2,3,0.33
tSmN,0,1,1,0.0
tSmP,2,2,4,0.5
tSmS,2,6,8,0.25
tSmb,3,2,5,0.6
tSml,1,1,2,0.5
tSmm,3,1,4,0.75
tSmn,0,0,0,
tSms,2,2,4,0.5
tSnB,0,0,0,
tSnD,1,1,2,0.5
tSnH,1,3,4,0.25
tSnL,1,3,4,0.25
tSnM,2,3,5,0.4
tSnN,2,3,5,0.4
tSnP,5,6,11,0.45
tSnS,0,6,6,0.0
tSnb,2,1,3,0.67
tSnl,0,1,1,0.0
tSnm,3,2,5,0.6
tSnn,1,3,4,0.25
tSns,3,1,4,0.75
tSsB,1,0,1,1.0
tSsD,3,0,3,1.0
tSsH,2,0,2,1.0
tSsI,1,0,1,1.0
tSsL,1,0,1,1.0
tSsM,2,0,2,1.0
tSsN,3,3,6,0.5
tSsP,1,3,4,0.25
tSsS,4,3,7,0.57
tSsb,0,0,0,
tSsl,0,2,2,0.0
tSsm,4,2,6,0.67
tSsn,1,4,5,0.2
tSss,0,2,2,0.0
tStH,1,0,1,1.0
tStL,0,1,1,0.0
tStN,1,1,2,0.5
tStP,4,0,4,1.0
tStS,0,1,1,0.0
tStb,0,1,1,0.0
tStn,0,1,1,0.0
tSts,1,0,1,1.0
tbBB,1,4,5,0.2
tbBD,0,1,1,0.0
tbBL,1,1,2,0.5
tbBM,1,3,4,0.25
tbBN,2,6,8,0.25
tbBP,4,1,5,0.8
tbBS,1,0,1,1.0
tbBb,4,2,6,0.67
tbBj,0,1,1,0.0
tbBl,2,0,2,1.0
tbBm,4,2,6,0.67
tbBn,2,5,7,0.29
tbBs,0,1,1,0.0
tbBt,0,2,2,0.0
tbDH,2,0,2,1.0
tbDM,1,0,1,1.0
tbDN,0,0,0,
tbDP,1,0,1,1.0
tbDl,0,1,1,0.0
tbDm,0,2,2,0.0
tbHL,0,1,1,0.0
tbHM,2,0,2,1.0
tbHN,1,0,1,1.0
tbHP,1,2,3,0.33
tbHS,1,2,3,0.33
tbHb,1,0,1,1.0
tbHl,0,1,1,0.0
tbHn,1,1,2,0.5
tbHs,0,1,1,0.0
tbIB,0,2,2,0.0
tbID,0,1,1,0.0
tbIM,1,0,1,1.0
tbIS,0,1,1,0.0
tbIb,1,1,2,0.5
tbIs,2,0,2,1.0
tbJH,1,1,2,0.5
tbJK,1,0,1,1.0
tbJM,0,0,0,
tbJN,0,3,3,0.0
tbJP,2,2,4,0.5
tbJb,0,0,0,
tbJm,1,3,4,0.25
tbJs,1,0,1,1.0
tbKS,0,1,1,0.0
tbKb,0,1,1,0.0
tbKm,1,1,2,0.5
tbKs,0,1,1,0.0
tbLB,0,3,3,0.0
tbLL,0,1,1,0.0
tbLM,1,0,1,1.0
tbLP,1,3,4,0.25
tbLh,1,0,1,1.0
tbLl,1,0,1,1.0
tbLm,0,0,0,
tbLn,2,0,2,1.0
tbLs,2,0,2,1.0
tbMB,4,5,9,0.44
tbMD,1,0,1,1.0
tbML,1,1,2,0.5
tbMM,2,0,2,1.0
tbMN,1,3,4,0.25
tbMP,4,1,5,0.8
tbMS,5,2,7,0.71
tbMb,2,0,2,1.0
tbMh,2,2,4,0.5
tbMl,1,0,1,1.0
tbMm,3,0,3,1.0
tbMn,4,6,10,0.4
tbMs,3,0,3,1.0
tbNB,3,5,8,0.38
tbNL,1,1,2,0.5
tbNM,4,3,7,0.57
tbNN,4,2,6,0.67
tbNP,2,4,6,0.33
tbNS,3,2,5,0.6
tbNb,2,0,2,1.0
tbNh,1,1,2,0.5
tbNl,1,0,1,1.0
tbNm,2,3,5,0.4
tbNn,0,5,5,0.0
tbNs,2,0,2,1.0
tbNt,0,2,2,0.0
tbPB,2,4,6,0.33
tbPI,1,0,1,1.0
tbPK,0,0,0,
tbPL,0,1,1,0.0
tbPM,2,5,7,0.29
tbPN,2,0,2,1.0
tbPP,7,8,15,0.47
tbPS,2,1,3,0.67
tbPb,2,1,3,0.67
tbPl,2,1,3,0.67
tbPm,1,2,3,0.33
tbPn,2,1,3,0.67
tbPs,1,5,6,0.17
tbSB,0,1,1,0.0
tbSD,1,0,1,1.0
tbSL,4,2,6,0.67
tbSN,2,0,2,1.0
tbSP,1,2,3,0.33
tbSS,1,2,3,0.33
tbSb,2,1,3,0.67
tbSh,1,1,2,0.5
tbSl,1,0,1,1.0
tbSm,2,0,2,1.0
tbSn,2,2,4,0.5
tbSs,0,2,2,0.0
tbbB,3,2,5,0.6
tbbD,0,2,2,0.0
tbbH,1,2,3,0.33
tbbI,0,1,1,0.0
tbbJ,0,1,1,0.0
tbbL,0,1,1,0.0
tbbM,2,6,8,0.25
tbbN,4,3,7,0.57
tbbP,2,3,5,0.4
tbbS,0,0,0,
tbbb,2,1,3,0.67
tbbl,1,0,1,1.0
tbbm,2,1,3,0.67
tbbn,2,3,5,0.4
tbbs,1,1,2,0.5
tblB,1,1,2,0.5
tblH,0,1,1,0.0
tblM,2,1,3,0.67
tblN,1,1,2,0.5
tblP,1,0,1,1.0
tblb,1,0,1,1.0
tbln,1,0,1,1.0
tbls,0,0,0,
tbmB,1,1,2,0.5
tbmH,2,3,5,0.4
tbmJ,1,2,3,0.33
tbmK,0,1,1,0.0
tbmL,0,0,0,
tbmM,2,2,4,0.5
tbmN,1,1,2,0.5
tbmP,2,4,6,0.33
tbmS,2,0,2,1.0
tbmb,0,3,3,0.0
tbml,1,0,1,1.0
tbmm,3,0,3,1.0
tbmn,1,1,2,0.5
tbms,0,1,1,0.0
tbnB,1,1,2,0.5
tbnH,0,1,1,0.0
tbnI,1,0,1,1.0
tbnK,1,0,1,1.0
tbnL,0,2,2,0.0
tbnM,2,2,4,0.5
tbnN,2,1,3,0.67
tbnP,1,3,4,0.25
tbnS,1,3,4,0.25
tbnb,2,1,3,0.67
tbnl,1,0,1,1.0
tbnm,2,3,5,0.4
tbnn,1,3,4,0.25
tbns,1,1,2,0.5
tbsB,0,2,2,0.0
tbsH,2,2,4,0.5
tbsI,0,0,0,
tbsL,1,0,1,1.0
tbsM,1,1,2,0.5
tbsN,3,0,3,1.0
tbsP,3,1,4,0.75
tbsS,1,0,1,1.0
tbsb,2,0,2,1.0
tbsh,0,0,0,
tbsl,0,1,1,0.0
tbsm,1,3,4,0.25
tbsn,1,0,1,1.0
thBj,0,1,1,0.0
thLm,0,1,1,0.0
thMM,0,1,1,0.0
thMl,0,1,1,0.0
thMm,0,1,1,0.0
thNB,1,0,1,1.0
thNP,0,1,1,0.0
thNn,0,1,1,0.0
thPB,1,0,1,1.0
thPP,0,0,0,
thPS,0,1,1,0.0
thPm,0,1,1,0.0
thbS,1,0,1,1.0
thbm,0,1,1,0.0
thhI,0,1,1,0.0
thhM,1,0,1,1.0
thlm,0,1,1,0.0
thln,0,1,1,0.0
thmP,0,1,1,0.0
thmS,1,0,1,1.0
thmb,0,1,1,0.0
thmm,1,0,1,1.0
thsS,0,0,0,
thsn,0,0,0,
thss,0,1,1,0.0
tlBN,2,0,2,1.0
tlBP,1,0,1,1.0
tlBS,0,1,1,0.0
tlBb,1,0,1,1.0
tlBl,0,0,0,
tlBm,2,1,3,0.67
tlBn,0,0,0,
tlDb,0,1,1,0.0
tlDm,0,1,1,0.0
tlDs,0,1,1,0.0
tlHK,0,0,0,
tlHL,1,1,2,0.5
tlHN,0,2,2,0.0
tlHP,1,2,3,0.33
tlHS,0,1,1,0.0
tlHh,0,1,1,0.0
tlHm,1,0,1,1.0
tlHn,1,0,1,1.0
tlHs,1,0,1,1.0
tlIB,1,0,1,1.0
tlIN,0,1,1,0.0
tlJP,1,0,1,1.0
tlJs,1,0,1,1.0
tlKB,0,1,1,0.0
tlKh,1,0,1,1.0
tlKs,1,0,1,1.0
tlLB,0,1,1,0.0
tlLP,0,1,1,0.0
tlLb,2,0,2,1.0
tlLh,0,1,1,0.0
tlLm,0,2,2,0.0
tlLn,0,2,2,0.0
tlMB,1,0,1,1.0
tlML,1,0,1,1.0
tlMM,0,1,1,0.0
tlMN,0,1,1,0.0
tlMP,0,2,2,0.0
tlMS,0,1,1,0.0
tlMb,0,1,1,0.0
tlMh,1,1,2,0.5
tlMm,1,1,2,0.5
tlMn,1,1,2,0.5
tlNL,0,1,1,0.0
tlNM,1,0,1,1.0
tlNN,1,1,2,0.5
tlNP,2,1,3,0.67
tlNS,2,0,2,1.0
tlNb,0,2,2,0.0
tlNm,1,0,1,1.0
tlNn,0,0,0,
tlPB,2,1,3,0.67
tlPD,1,0,1,1.0
tlPH,0,1,1,0.0
tlPK,1,0,1,1.0
tlPL,0,1,1,0.0
tlPM,1,0,1,1.0
tlPN,2,3,5,0.4
tlPP,0,1,1,0.0
tlPS,2,3,5,0.4
tlPb,2,0,2,1.0
tlPm,0,1,1,0.0
tlPn,1,2,3,0.33
tlPs,1,1,2,0.5
tlSB,1,0,1,1.0
tlSL,0,1,1,0.0
tlSM,0,1,1,0.0
tlSN,0,1,1,0.0
tlSP,0,0,0,
tlSS,1,1,2,0.5
tlSb,0,1,1,0.0
tlSh,0,0,0,
tlSm,1,1,2,0.5
tlSn,1,0,1,1.0
tlSs,1,1,2,0.5
tlbB,0,1,1,0.0
tlbM,0,2,2,0.0
tlbN,1,0,1,1.0
tlbP,0,1,1,0.0
tlbS,1,0,1,1.0
tlbb,1,1,2,0.5
tlbm,3,1,4,0.75
tlbn,0,1,1,0.0
tlhS,1,0,1,1.0
tllB,2,0,2,1.0
tllH,0,0,0,
tllS,2,1,3,0.67
tllb,0,0,0,
tllm,0,1,1,0.0
tlmB,1,3,4,0.25
tlmD,0,1,1,0.0
tlmJ,1,0,1,1.0
tlmM,0,1,1,0.0
tlmN,0,3,3,0.0
tlmP,3,2,5,0.6
tlmS,4,1,5,0.8
tlmb,1,1,2,0.5
tlmm,1,3,4,0.25
tlmn,1,1,2,0.5
tlms,0,1,1,0.0
tlnB,1,0,1,1.0
tlnH,0,1,1,0.0
tlnL,0,1,1,0.0
tlnM,1,0,1,1.0
tlnN,0,1,1,0.0
tlnP,1,1,2,0.5
tlnS,0,2,2,0.0
tlnb,1,0,1,1.0
tlnl,1,0,1,1.0
tlnm,0,2,2,0.0
tlsB,0,1,1,0.0
tlsD,2,0,2,1.0
tlsM,0,1,1,0.0
tlsN,0,1,1,0.0
tlsP,1,2,3,0.33
tlsS,1,0,1,1.0
tlsb,0,1,1,0.0
tlsm,1,1,2,0.5
tlss,0,0,0,
tmBB,2,3,5,0.4
tmBK,1,3,4,0.25
tmBM,1,3,4,0.25
tmBN,2,5,7,0.29
tmBP,3,4,7,0.43
tmBS,0,3,3,0.0
tmBb,2,1,3,0.67
tmBh,0,0,0,
tmBj,0,2,2,0.0
tmBl,2,0,2,1.0
tmBm,3,3,6,0.5
tmBn,2,3,5,0.4
tmBs,1,2,3,0.33
tmDB,1,2,3,0.33
tmDH,1,0,1,1.0
tmDL,0,0,0,
tmDM,1,3,4,0.25
tmDN,1,0,1,1.0
tmDP,0,1,1,0.0
tmDS,1,1,2,0.5
tmDb,1,0,1,1.0
tmDm,1,1,2,0.5
tmDn,1,0,1,1.0
tmDs,1,2,3,0.33
tmDt,0,1,1,0.0
tmHB,2,3,5,0.4
tmHD,1,1,2,0.5
tmHH,0,1,1,0.0
tmHI,1,2,3,0.33
tmHL,1,1,2,0.5
tmHM,4,3,7,0.57
tmHN,2,2,4,0.5
tmHP,5,3,8,0.62
tmHS,2,2,4,0.5
tmHb,2,3,5,0.4
tmHh,0,1,1,0.0
tmHl,2,0,2,1.0
tmHm,6,0,6,1.0
tmHn,1,4,5,0.2
tmHs,2,1,3,0.67
tmIH,0,0,0,
tmIb,0,1,1,0.0
tmIm,1,1,2,0.5
tmIn,0,0,0,
tmJB,3,2,5,0.6
tmJH,2,1,3,0.67
tmJL,1,1,2,0.5
tmJM,1,2,3,0.33
tmJP,0,1,1,0.0
tmJb,1,0,1,1.0
tmJl,0,1,1,0.0
tmJm,1,0,1,1.0
tmJn,0,1,1,0.0
tmJs,1,0,1,1.0
tmKL,0,1,1,0.0
tmKM,1,0,1,1.0
tmKN,1,0,1,1.0
tmKb,0,0,0,
tmKl,1,0,1,1.0
tmKm,1,1,2,0.5
tmLB,1,1,2,0.5
tmLD,0,0,0,
tmLM,1,1,2,0.5
tmLN,0,2,2,0.0
tmLP,1,2,3,0.33
tmLS,1,0,1,1.0
tmLb,2,0,2,1.0
tmLh,0,1,1,0.0
tmLl,3,1,4,0.75
tmLm,0,1,1,0.0
tmLn,2,1,3,0.67
tmLs,0,0,0,
tmMB,2,3,5,0.4
tmMD,0,3,3,0.0
tmML,1,1,2,0.5
tmMM,5,2,7,0.71
tmMN,0,2,2,0.0
tmMP,7,4,11,0.64
tmMS,4,1,5,0.8
tmMb,2,3,5,0.4
tmMh,1,6,7,0.14
tmMj,1,2,3,0.33
tmMl,3,1,4,0.75
tmMm,5,4,9,0.56
tmMn,11,4,15,0.73
tmMs,3,4,7,0.43
tmNB,3,4,7,0.43
tmND,1,1,2,0.5
tmNI,0,1,1,0.0
tmNK,1,0,1,1.0
tmNL,1,0,1,1.0
tmNM,0,2,2,0.0
tmNN,5,3,8,0.62
tmNP,6,3,9,0.67
tmNS,3,6,9,0.33
tmNb,3,4,7,0.43
tmNh,1,0,1,1.0
tmNl,0,1,1,0.0
tmNm,4,0,4,1.0
tmNn,5,8,13,0.38
tmNs,2,2,4,0.5
tmPB,0,5,5,0.0
tmPD,0,1,1,0.0
tmPI,1,1,2,0.5
tmPL,1,1,2,0.5
tmPM,2,5,7,0.29
tmPN,3,4,7,0.43
tmPP,7,6,13,0.54
tmPS,2,4,6,0.33
tmPb,6,5,11,0.55
tmPl,3,0,3,1.0
tmPm,6,2,8,0.75
tmPn,3,1,4,0.75
tmPs,3,3,6,0.5
tmSB,0,5,5,0.0
tmSD,0,0,0,
tmSH,2,1,3,0.67
tmSM,3,2,5,0.6
tmSN,1,0,1,1.0
tmSP,1,3,4,0.25
tmSS,2,2,4,0.5
tmSb,2,4,6,0.33
tmSh,1,2,3,0.33
tmSl,1,0,1,1.0
tmSm,2,3,5,0.4
tmSn,7,4,11,0.64
tmSs,2,3,5,0.4
tmSt,1,0,1,1.0
tmbB,2,1,3,0.67
tmbH,0,1,1,0.0
tmbI,0,1,1,0.0
tmbJ,1,1,2,0.5
tmbK,1,0,1,1.0
tmbL,0,3,3,0.0
tmbM,3,4,7,0.43
tmbN,3,4,7,0.43
tmbP,6,2,8,0.75
tmbS,2,1,3,0.67
tmbb,3,2,5,0.6
tmbl,1,2,3,0.33
tmbm,4,0,4,1.0
tmbn,2,1,3,0.67
tmbs,2,2,4,0.5
tmhP,0,1,1,0.0
tmlB,0,2,2,0.0
tmlH,1,1,2,0.5
tmlJ,1,2,3,0.33
tmlK,0,0,0,
tmlM,0,1,1,0.0
tmlN,1,2,3,0.33
tmlP,0,2,2,0.0
tmlb,2,1,3,0.67
tmll,1,0,1,1.0
tmln,2,1,3,0.67
tmmB,2,6,8,0.25
tmmD,1,1,2,0.5
tmmH,3,4,7,0.43
tmmI,1,0,1,1.0
tmmJ,2,0,2,1.0
tmmL,2,0,2,1.0
tmmM,3,8,11,0.27
tmmN,3,4,7,0.43
tmmP,1,4,5,0.2
tmmS,1,6,7,0.14
tmmb,0,0,0,
tmml,1,3,4,0.25
tmmm,4,2,6,0.67
tmmn,2,1,3,0.67
tmms,0,1,1,0.0
tmnB,0,2,2,0.0
tmnD,1,0,1,1.0
tmnH,1,2,3,0.33
tmnI,1,0,1,1.0
tmnK,0,0,0,
tmnL,1,0,1,1.0
tmnM,2,1,3,0.67
tmnN,1,3,4,0.25
tmnP,1,5,6,0.17
tmnS,1,4,5,0.2
tmnb,1,2,3,0.33
tmnh,1,0,1,1.0
tmnm,2,3,5,0.4
tmnn,4,3,7,0.57
tmns,1,2,3,0.33
tmsB,0,2,2,0.0
tmsD,1,1,2,0.5
tmsH,1,1,2,0.5
tmsI,0,0,0,
tmsL,1,0,1,1.0
tmsM,3,3,6,0.5
tmsN,0,3,3,0.0
tmsP,2,1,3,0.67
tmsS,1,1,2,0.5
tmsb,2,1,3,0.67
tmsm,4,4,8,0.5
tmsn,0,2,2,0.0
tmss,2,3,5,0.4
tnBB,1,2,3,0.33
tnBL,0,0,0,
tnBM,1,3,4,0.25
tnBN,3,4,7,0.43
tnBP,2,1,3,0.67
tnBS,0,3,3,0.0
tnBb,1,2,3,0.33
tnBj,1,1,2,0.5
tnBm,1,1,2,0.5
tnBn,2,3,5,0.4
tnBs,2,1,3,0.67
tnBt,1,0,1,1.0
tnDD,1,0,1,1.0
tnDH,0,1,1,0.0
tnDM,1,0,1,1.0
tnDN,0,2,2,0.0
tnDP,0,2,2,0.0
tnDS,3,1,4,0.75
tnDb,0,1,1,0.0
tnDm,0,1,1,0.0
tnDn,1,1,2,0.5
tnHB,0,1,1,0.0
tnHD,0,1,1,0.0
tnHH,2,0,2,1.0
tnHL,1,0,1,1.0
tnHM,1,2,3,0.33
tnHN,1,2,3,0.33
tnHP,2,1,3,0.67
tnHS,4,2,6,0.67
tnHb,1,0,1,1.0
tnHh,1,0,1,1.0
tnHm,3,1,4,0.75
tnHn,1,1,2,0.5
tnHs,1,2,3,0.33
tnIB,1,1,2,0.5
tnII,0,1,1,0.0
tnIL,0,1,1,0.0
tnIM,0,1,1,0.0
tnIN,0,1,1,0.0
tnIP,1,0,1,1.0
tnIs,1,1,2,0.5
tnKB,0,0,0,
tnKN,0,1,1,0.0
tnKP,1,1,2,0.5
tnKh,0,1,1,0.0
tnKn,0,1,1,0.0
tnKs,2,0,2,1.0
tnLB,0,2,2,0.0
tnLD,1,0,1,1.0
tnLK,0,1,1,0.0
tnLN,0,1,1,0.0
tnLP,3,1,4,0.75
tnLS,1,0,1,1.0
tnLh,0,1,1,0.0
tnLm,2,0,2,1.0
tnLn,3,1,4,0.75
tnLt,0,1,1,0.0
tnMB,2,4,6,0.33
tnMD,0,0,0,
tnML,0,1,1,0.0
tnMM,2,4,6,0.33
tnMN,2,0,2,1.0
tnMP,4,3,7,0.57
tnMS,3,2,5,0.6
tnMb,2,0,2,1.0
tnMh,2,3,5,0.4
tnMj,0,1,1,0.0
tnMm,3,1,4,0.75
tnMn,4,3,7,0.57
tnMs,0,1,1,0.0
tnNB,3,4,7,0.43
tnND,1,2,3,0.33
tnNH,2,0,2,1.0
tnNL,1,2,3,0.33
tnNM,1,4,5,0.2
tnNP,2,5,7,0.29
tnNS,5,4,9,0.56
tnNb,4,1,5,0.8
tnNh,2,1,3,0.67
tnNm,2,3,5,0.4
tnNn,4,2,6,0.67
tnNs,0,1,1,0.0
tnPB,3,3,6,0.5
tnPD,0,1,1,0.0
tnPH,0,1,1,0.0
tnPK,0,1,1,0.0
tnPL,2,1,3,0.67
tnPM,5,4,9,0.56
tnPN,1,7,8,0.12
tnPP,4,6,10,0.4
tnPS,1,2,3,0.33
tnPb,3,2,5,0.6
tnPh,1,0,1,1.0
tnPl,0,2,2,0.0
tnPm,4,3,7,0.57
tnPn,6,2,8,0.75
tnPs,1,4,5,0.2
tnPt,1,2,3,0.33
tnSB,0,3,3,0.0
tnSD,0,1,1,0.0
tnSH,1,0,1,1.0
tnSL,0,1,1,0.0
tnSM,0,2,2,0.0
tnSN,2,1,3,0.67
tnSP,0,5,5,0.0
tnSS,3,2,5,0.6
tnSb,4,0,4,1.0
tnSh,1,0,1,1.0
tnSl,1,1,2,0.5
tnSm,1,1,2,0.5
tnSn,1,3,4,0.25
tnSs,2,2,4,0.5
tnbB,0,2,2,0.0
tnbD,0,2,2,0.0
tnbH,0,0,0,
tnbJ,0,2,2,0.0
tnbM,1,4,5,0.2
tnbN,3,3,6,0.5
tnbP,1,5,6,0.17
tnbS,2,2,4,0.5
tnbb,2,1,3,0.67
tnbl,2,0,2,1.0
tnbm,4,1,5,0.8
tnbn,5,3,8,0.62
tnhM,1,0,1,1.0
tnhP,0,1,1,0.0
tnhm,0,1,1,0.0
tnhn,0,1,1,0.0
tnlB,1,1,2,0.5
tnlH,2,0,2,1.0
tnlL,0,1,1,0.0
tnlM,1,0,1,1.0
tnlN,0,1,1,0.0
tnlP,1,0,1,1.0
tnlS,0,1,1,0.0
tnll,0,0,0,
tnls,0,1,1,0.0
tnmB,5,0,5,1.0
tnmD,0,2,2,0.0
tnmH,2,0,2,1.0
tnmI,2,0,2,1.0
tnmJ,1,0,1,1.0
tnmL,1,1,2,0.5
tnmM,3,0,3,1.0
tnmN,1,5,6,0.17
tnmP,3,5,8,0.38
tnmS,0,1,1,0.0
tnmb,2,2,4,0.5
tnml,1,2,3,0.33
tnmm,1,2,3,0.33
tnmn,3,3,6,0.5
tnms,3,0,3,1.0
tnnB,7,1,8,0.88
tnnD,1,0,1,1.0
tnnH,4,0,4,1.0
tnnI,2,0,2,1.0
tnnL,1,3,4,0.25
tnnM,1,3,4,0.25
tnnN,1,3,4,0.25
tnnP,1,5,6,0.17
tnnS,1,1,2,0.5
tnnb,2,4,6,0.33
tnnl,0,0,0,
tnnm,4,2,6,0.67
tnnn,1,2,3,0.33
tnns,2,1,3,0.67
tnsB,1,0,1,1.0
tnsD,1,0,1,1.0
tnsH,2,1,3,0.67
tnsL,1,1,2,0.5
tnsM,1,5,6,0.17
tnsN,2,3,5,0.4
tnsP,0,2,2,0.0
tnsS,5,2,7,0.71
tnsb,3,2,5,0.6
tnsl,1,1,2,0.5
tnsm,2,2,4,0.5
tnsn,3,6,9,0.33
tnss,5,1,6,0.83
tnst,1,0,1,1.0
tsBB,1,2,3,0.33
tsBD,0,0,0,
tsBL,1,0,1,1.0
tsBM,0,2,2,0.0
tsBN,0,4,4,0.0
tsBP,0,2,2,0.0
tsBb,0,0,0,
tsBh,0,0,0,
tsBj,0,1,1,0.0
tsBl,1,0,1,1.0
tsBm,0,1,1,0.0
tsBn,1,1,2,0.5
tsBs,1,1,2,0.5
tsBt,1,0,1,1.0
tsDB,1,0,1,1.0
tsDM,3,0,3,1.0
tsDP,1,1,2,0.5
tsDS,0,1,1,0.0
tsDb,2,2,4,0.5
tsDm,2,0,2,1.0
tsDs,2,1,3,0.67
tsHB,0,0,0,
tsHH,1,0,1,1.0
tsHL,0,1,1,0.0
tsHM,2,1,3,0.67
tsHN,2,1,3,0.67
tsHP,1,1,2,0.5
tsHS,1,3,4,0.25
tsHb,1,2,3,0.33
tsHh,0,3,3,0.0
tsHl,1,2,3,0.33
tsHm,5,4,9,0.56
tsHn,1,1,2,0.5
tsHs,4,2,6,0.67
tsHt,0,2,2,0.0
tsIN,1,0,1,1.0
tsIS,0,2,2,0.0
tsIl,0,0,0,
tsIn,0,0,0,
tsLD,0,0,0,
tsLN,1,1,2,0.5
tsLP,2,0,2,1.0
tsLb,0,3,3,0.0
tsLh,1,0,1,1.0
tsLl,0,0,0,
tsLm,0,1,1,0.0
tsLn,1,1,2,0.5
tsMB,1,3,4,0.25
tsML,1,0,1,1.0
tsMM,3,1,4,0.75
tsMN,1,0,1,1.0
tsMP,2,1,3,0.67
tsMS,2,0,2,1.0
tsMb,1,1,2,0.5
tsMh,3,4,7,0.43
tsMj,0,1,1,0.0
tsMl,0,0,0,
tsMm,2,4,6,0.33
tsMn,0,8,8,0.0
tsMs,3,2,5,0.6
tsNB,0,0,0,
tsNI,0,1,1,0.0
tsNL,1,0,1,1.0
tsNM,1,2,3,0.33
tsNN,2,2,4,0.5
tsNP,3,3,6,0.5
tsNS,4,3,7,0.57
tsNb,1,1,2,0.5
tsNl,1,0,1,1.0
tsNm,0,1,1,0.0
tsNn,2,0,2,1.0
tsNs,2,3,5,0.4
tsPB,3,3,6,0.5
tsPH,0,1,1,0.0
tsPL,2,1,3,0.67
tsPM,1,4,5,0.2
tsPN,2,2,4,0.5
tsPP,6,5,11,0.55
tsPS,5,0,5,1.0
tsPb,1,4,5,0.2
tsPl,0,3,3,0.0
tsPm,2,3,5,0.4
tsPn,6,1,7,0.86
tsPs,1,2,3,0.33
tsSB,0,1,1,0.0
tsSH,1,2,3,0.33
tsSL,1,1,2,0.5
tsSM,0,1,1,0.0
tsSN,6,2,8,0.75
tsSP,1,1,2,0.5
tsSS,2,4,6,0.33
tsSb,0,3,3,0.0
tsSl,1,1,2,0.5
tsSm,3,2,5,0.6
tsSn,1,2,3,0.33
tsSs,3,2,5,0.6
tsSt,0,1,1,0.0
tsbB,0,1,1,0.0
tsbH,1,1,2,0.5
tsbJ,0,1,1,0.0
tsbL,0,1,1,0.0
tsbM,1,2,3,0.33
tsbN,4,2,6,0.67
tsbP,2,2,4,0.5
tsbS,1,0,1,1.0
tsbb,2,1,3,0.67
tsbm,3,0,3,1.0
tsbs,0,1,1,0.0
tshN,0,1,1,0.0
tshP,0,1,1,0.0
tshl,0,1,1,0.0
tshs,0,1,1,0.0
tslB,0,1,1,0.0
tslH,1,0,1,1.0
tslK,0,0,0,
tslM,2,0,2,1.0
tslS,1,0,1,1.0
tslb,1,0,1,1.0
tsln,1,0,1,1.0
tsls,0,0,0,
tsmB,1,2,3,0.33
tsmD,1,0,1,1.0
tsmH,2,0,2,1.0
tsmI,0,0,0,
tsmL,0,2,2,0.0
tsmM,1,4,5,0.2
tsmN,2,2,4,0.5
tsmP,2,2,4,0.5
tsmS,0,3,3,0.0
tsmb,4,1,5,0.8
tsml,0,1,1,0.0
tsmm,5,3,8,0.62
tsmn,1,1,2,0.5
tsms,1,0,1,1.0
tsnB,0,2,2,0.0
tsnD,0,0,0,
tsnH,2,1,3,0.67
tsnK,0,1,1,0.0
tsnM,4,1,5,0.8
tsnN,1,2,3,0.33
tsnP,2,4,6,0.33
tsnS,1,1,2,0.5
tsnb,0,0,0,
tsnl,1,0,1,1.0
tsnm,3,0,3,1.0
tsnn,2,0,2,1.0
tsns,1,3,4,0.25
tssB,1,2,3,0.33
tssD,0,1,1,0.0
tssH,0,1,1,0.0
tssL,2,0,2,1.0
tssM,0,4,4,0.0
tssN,3,1,4,0.75
tssP,3,3,6,0.5
tssS,1,2,3,0.33
tssb,0,1,1,0.0
tssh,0,1,1,0.0
tssl,1,0,1,1.0
tssm,0,0,0,
tssn,1,2,3,0.33
tsss,2,0,2,1.0
tstn,1,0,1,1.0
ttBB,1,0,1,1.0
ttBP,1,1,2,0.5
ttBj,1,0,1,1.0
ttBm,1,0,1,1.0
ttBn,0,1,1,0.0
ttDH,0,1,1,0.0
ttDm,0,1,1,0.0
ttDt,0,1,1,0.0
ttHB,0,1,1,0.0
ttHN,0,0,0,
ttHS,0,1,1,0.0
ttIP,1,0,1,1.0
ttLB,0,1,1,0.0
ttLM,1,0,1,1.0
ttLb,1,0,1,1.0
ttLh,0,1,1,0.0
ttLl,1,0,1,1.0
ttLs,1,0,1,1.0
ttMM,1,0,1,1.0
ttMN,0,0,0,
ttMP,0,1,1,0.0
ttMS,1,2,3,0.33
ttMh,0,1,1,0.0
ttMl,0,1,1,0.0
ttMm,0,1,1,0.0
ttMn,0,1,1,0.0
ttNM,0,1,1,0.0
ttNN,1,0,1,1.0
ttNP,0,1,1,0.0
ttNS,1,0,1,1.0
ttNm,0,2,2,0.0
ttNn,1,0,1,1.0
ttNt,1,0,1,1.0
ttPB,1,0,1,1.0
ttPK,0,1,1,0.0
ttPL,0,1,1,0.0
ttPM,1,0,1,1.0
ttPN,1,1,2,0.5
ttPP,0,0,0,
ttPb,0,0,0,
ttPm,3,1,4,0.75
ttPn,0,0,0,
ttSH,0,1,1,0.0
ttSK,0,1,1,0.0
ttSM,0,0,0,
ttSN,1,0,1,1.0
ttSP,0,1,1,0.0
ttSS,3,1,4,0.75
ttSh,1,0,1,1.0
ttSn,0,1,1,0.0
ttbB,1,1,2,0.5
ttbN,1,0,1,1.0
ttbb,3,1,4,0.75
ttbm,0,1,1,0.0
ttbn,1,0,1,1.0
tths,1,1,2,0.5
ttlH,0,0,0,
ttlP,0,1,1,0.0
ttlm,1,1,2,0.5
ttmB,1,0,1,1.0
ttmM,1,0,1,1.0
ttmN,0,2,2,0.0
ttmP,1,1,2,0.5
ttmS,1,0,1,1.0
ttml,0,0,0,
ttmm,1,0,1,1.0
ttmn,2,0,2,1.0
ttnB,1,0,1,1.0
ttnD,0,1,1,0.0
ttnH,0,1,1,0.0
ttnM,0,1,1,0.0
ttnN,1,1,2,0.5
ttnS,0,1,1,0.0
ttnb,1,0,1,1.0
ttnm,0,2,2,0.0
ttnn,0,1,1,0.0
ttsH,0,0,0,
ttsL,0,1,1,0.0
ttsM,0,1,1,0.0
ttsP,0,1,1,0.0
ttsS,0,0,0,
ttsm,0,1,1,0.0
ttss,1,0,1,1.0
tttB,0,1,1,0.0
tttN,0,1,1,0.0
tttb,1,0,1,1.0
tttm,0,1,1,0.0
