candlestick_code4,label_increase,label_decrease,occurrence,percentage
BBBB,43,32,75,0.57
BBBD,3,2,5,0.6
BBBK,0,1,1,0.0
BBBL,12,7,19,0.63
BBBM,33,21,54,0.61
BBBN,34,39,73,0.47
BBBP,37,37,74,0.5
BBBS,5,10,15,0.33
BBBb,38,37,75,0.51
BBBh,2,1,3,0.67
BBBj,6,8,14,0.43
BBBl,8,13,21,0.38
BBBm,25,23,48,0.52
BBBn,35,40,75,0.47
BBBs,10,8,18,0.56
BBBt,3,6,9,0.33
BBDB,1,0,1,1.0
BBDH,0,2,2,0.0
BBDL,2,2,4,0.5
BBDM,0,2,2,0.0
BBDN,0,4,4,0.0
BBDP,4,2,6,0.67
BBDS,0,1,1,0.0
BBDb,1,1,2,0.5
BBDl,0,1,1,0.0
BBDm,4,1,5,0.8
BBDn,1,1,2,0.5
BBDs,1,0,1,1.0
BBDt,2,0,2,1.0
BBHL,0,1,1,0.0
BBHM,1,0,1,1.0
BBHN,0,1,1,0.0
BBHP,1,0,1,1.0
BBHh,1,0,1,1.0
BBKB,3,0,3,1.0
BBKI,2,0,2,1.0
BBKL,0,1,1,0.0
BBKM,3,1,4,0.75
BBKN,1,0,1,1.0
BBKP,0,1,1,0.0
BBKS,1,1,2,0.5
BBKb,3,0,3,1.0
BBKh,0,1,1,0.0
BBKl,0,2,2,0.0
BBKm,2,2,4,0.5
BBKn,4,1,5,0.8
BBKs,1,1,2,0.5
BBLB,10,8,18,0.56
BBLL,2,5,7,0.29
BBLM,4,9,13,0.31
BBLN,4,10,14,0.29
BBLP,15,15,30,0.5
BBLS,3,4,7,0.43
BBLb,8,13,21,0.38
BBLh,3,2,5,0.6
BBLj,4,6,10,0.4
BBLl,5,2,7,0.71
BBLm,10,6,16,0.62
BBLn,12,14,26,0.46
BBLs,1,2,3,0.33
BBLt,2,0,2,1.0
BBMB,15,27,42,0.36
BBMD,1,1,2,0.5
BBMI,0,0,0,
BBML,7,5,12,0.58
BBMM,19,26,45,0.42
BBMN,23,24,47,0.49
BBMP,25,31,56,0.45
BBMS,7,7,14,0.5
BBMb,21,22,43,0.49
BBMh,16,17,33,0.48
BBMj,9,1,10,0.9
BBMl,9,4,13,0.69
BBMm,21,10,31,0.68
BBMn,42,24,66,0.64
BBMs,8,5,13,0.62
BBMt,4,1,5,0.8
BBNB,21,24,45,0.47
BBND,2,0,2,1.0
BBNH,4,4,8,0.5
BBNK,0,2,2,0.0
BBNL,12,10,22,0.55
BBNM,17,39,56,0.3
BBNN,38,41,79,0.48
BBNP,57,58,115,0.5
BBNS,14,8,22,0.64
BBNb,29,25,54,0.54
BBNh,10,13,23,0.43
BBNl,20,20,40,0.5
BBNm,16,25,41,0.39
BBNn,37,53,90,0.41
BBNs,24,10,34,0.71
BBNt,4,5,9,0.44
BBPB,39,32,71,0.55
BBPD,0,2,2,0.0
BBPH,5,9,14,0.36
BBPI,1,1,2,0.5
BBPK,3,1,4,0.75
BBPL,17,15,32,0.53
BBPM,42,41,83,0.51
BBPN,32,37,69,0.46
BBPP,68,66,134,0.51
BBPS,14,31,45,0.31
BBPb,39,38,77,0.51
BBPh,1,1,2,0.5
BBPl,26,18,44,0.59
BBPm,33,27,60,0.55
BBPn,32,41,73,0.44
BBPs,25,20,45,0.56
BBPt,4,3,7,0.57
BBSB,6,9,15,0.4
BBSD,0,4,4,0.0
BBSH,3,5,8,0.38
BBSL,3,4,7,0.43
BBSM,8,6,14,0.57
BBSN,9,10,19,0.47
BBSP,13,15,28,0.46
BBSS,13,8,21,0.62
BBSb,11,11,22,0.5
BBSh,3,13,16,0.19
BBSl,8,3,11,0.73
BBSm,6,5,11,0.55
BBSn,8,17,25,0.32
BBSs,9,10,19,0.47
BBSt,0,1,1,0.0
BBbB,22,27,49,0.45
BBbD,1,1,2,0.5
BBbH,11,8,19,0.58
BBbI,3,2,5,0.6
BBbJ,12,11,23,0.52
BBbK,3,2,5,0.6
BBbL,11,15,26,0.42
BBbM,29,32,61,0.48
BBbN,34,46,80,0.42
BBbP,44,36,80,0.55
BBbS,12,18,30,0.4
BBbb,31,45,76,0.41
BBbl,19,11,30,0.63
BBbm,28,23,51,0.55
BBbn,32,40,72,0.44
BBbs,18,15,33,0.55
BBhB,1,3,4,0.25
BBhH,1,0,1,1.0
BBhL,4,0,4,1.0
BBhM,1,1,2,0.5
BBhN,5,2,7,0.71
BBhP,5,5,10,0.5
BBhS,1,3,4,0.25
BBhb,6,3,9,0.67
BBhh,1,3,4,0.25
BBhl,0,0,0,
BBhm,1,2,3,0.33
BBhn,4,3,7,0.57
BBhs,1,5,6,0.17
BBjB,11,9,20,0.55
BBjH,2,1,3,0.67
BBjI,0,0,0,
BBjL,3,4,7,0.43
BBjM,6,6,12,0.5
BBjN,5,11,16,0.31
BBjP,16,13,29,0.55
BBjS,4,6,10,0.4
BBjb,9,12,21,0.43
BBjh,3,5,8,0.38
BBjl,7,6,13,0.54
BBjm,9,7,16,0.56
BBjn,14,8,22,0.64
BBjs,4,5,9,0.44
BBjt,1,1,2,0.5
BBlB,4,12,16,0.25
BBlD,1,2,3,0.33
BBlH,5,10,15,0.33
BBlI,2,1,3,0.67
BBlJ,1,2,3,0.33
BBlL,4,1,5,0.8
BBlM,10,7,17,0.59
BBlN,11,17,28,0.39
BBlP,12,8,20,0.6
BBlS,3,6,9,0.33
BBlb,16,17,33,0.48
BBll,3,6,9,0.33
BBlm,11,11,22,0.5
BBln,13,10,23,0.57
BBls,3,8,11,0.27
BBmB,18,24,42,0.43
BBmD,1,2,3,0.33
BBmH,18,11,29,0.62
BBmI,1,2,3,0.33
BBmJ,6,7,13,0.46
BBmL,8,7,15,0.53
BBmM,18,28,46,0.39
BBmN,27,28,55,0.49
BBmP,40,26,66,0.61
BBmS,15,13,28,0.54
BBmb,26,20,46,0.57
BBml,4,5,9,0.44
BBmm,15,17,32,0.47
BBmn,34,21,55,0.62
BBms,9,9,18,0.5
BBnB,23,32,55,0.42
BBnD,1,4,5,0.2
BBnH,11,17,28,0.39
BBnI,6,1,7,0.86
BBnK,2,3,5,0.4
BBnL,15,15,30,0.5
BBnM,26,29,55,0.47
BBnN,53,59,112,0.47
BBnP,54,48,102,0.53
BBnS,20,21,41,0.49
BBnb,29,34,63,0.46
BBnh,1,5,6,0.17
BBnl,8,13,21,0.38
BBnm,39,22,61,0.64
BBnn,38,56,94,0.4
BBns,16,16,32,0.5
BBsB,7,8,15,0.47
BBsD,5,0,5,1.0
BBsH,14,10,24,0.58
BBsI,0,2,2,0.0
BBsL,6,2,8,0.75
BBsM,11,11,22,0.5
BBsN,10,11,21,0.48
BBsP,20,22,42,0.48
BBsS,8,11,19,0.42
BBsb,10,9,19,0.53
BBsl,6,6,12,0.5
BBsm,13,8,21,0.62
BBsn,7,5,12,0.58
BBss,7,11,18,0.39
BBtB,4,2,6,0.67
BBtD,2,0,2,1.0
BBtH,2,1,3,0.67
BBtL,2,2,4,0.5
BBtM,2,7,9,0.22
BBtN,4,2,6,0.67
BBtP,12,12,24,0.5
BBtS,1,4,5,0.2
BBtb,2,9,11,0.18
BBtl,4,2,6,0.67
BBtm,4,1,5,0.8
BBtn,6,6,12,0.5
BBts,2,1,3,0.67
BBtt,0,1,1,0.0
BDBB,2,1,3,0.67
BDBL,1,0,1,1.0
BDBM,2,1,3,0.67
BDBN,0,3,3,0.0
BDBP,0,3,3,0.0
BDBb,1,2,3,0.33
BDBj,0,1,1,0.0
BDBm,1,0,1,1.0
BDBs,2,0,2,1.0
BDBt,1,0,1,1.0
BDDH,0,2,2,0.0
BDDN,1,0,1,1.0
BDDS,0,1,1,0.0
BDDb,1,0,1,1.0
BDDl,0,1,1,0.0
BDDm,0,1,1,0.0
BDHB,2,0,2,1.0
BDHH,0,1,1,0.0
BDHM,2,2,4,0.5
BDHN,0,3,3,0.0
BDHP,1,0,1,1.0
BDHS,2,0,2,1.0
BDHb,1,0,1,1.0
BDHh,1,1,2,0.5
BDHl,1,0,1,1.0
BDHm,4,1,5,0.8
BDHn,1,2,3,0.33
BDHs,2,0,2,1.0
BDIN,0,1,1,0.0
BDIP,0,1,1,0.0
BDLB,1,0,1,1.0
BDLD,1,0,1,1.0
BDLM,0,1,1,0.0
BDLP,1,4,5,0.2
BDLS,1,2,3,0.33
BDLb,1,2,3,0.33
BDLj,1,0,1,1.0
BDLl,1,0,1,1.0
BDLn,2,1,3,0.67
BDMB,1,1,2,0.5
BDMD,0,1,1,0.0
BDML,0,1,1,0.0
BDMM,1,2,3,0.33
BDMN,0,0,0,
BDMP,0,1,1,0.0
BDMS,1,2,3,0.33
BDMb,2,0,2,1.0
BDMh,0,2,2,0.0
BDMj,0,1,1,0.0
BDMl,1,0,1,1.0
BDMm,3,1,4,0.75
BDMn,2,2,4,0.5
BDMs,1,1,2,0.5
BDNB,1,1,2,0.5
BDND,0,1,1,0.0
BDNH,0,0,0,
BDNL,0,1,1,0.0
BDNM,1,2,3,0.33
BDNN,1,2,3,0.33
BDNP,3,5,8,0.38
BDNS,1,2,3,0.33
BDNb,0,4,4,0.0
BDNh,0,1,1,0.0
BDNl,0,2,2,0.0
BDNm,1,2,3,0.33
BDNn,0,3,3,0.0
BDNs,1,4,5,0.2
BDNt,1,0,1,1.0
BDPB,2,2,4,0.5
BDPH,0,1,1,0.0
BDPL,0,0,0,
BDPM,2,4,6,0.33
BDPN,1,4,5,0.2
BDPP,7,6,13,0.54
BDPS,0,4,4,0.0
BDPb,1,0,1,1.0
BDPh,2,2,4,0.5
BDPl,2,2,4,0.5
BDPm,1,3,4,0.25
BDPn,0,1,1,0.0
BDPs,1,1,2,0.5
BDPt,0,0,0,
BDSB,3,1,4,0.75
BDSL,1,0,1,1.0
BDSN,1,1,2,0.5
BDSP,0,3,3,0.0
BDSS,1,2,3,0.33
BDSb,4,1,5,0.8
BDSh,3,1,4,0.75
BDSl,1,1,2,0.5
BDSm,0,1,1,0.0
BDSn,0,1,1,0.0
BDSs,1,1,2,0.5
BDSt,0,0,0,
BDbB,0,2,2,0.0
BDbL,0,0,0,
BDbM,5,1,6,0.83
BDbN,2,0,2,1.0
BDbP,2,3,5,0.4
BDbS,2,2,4,0.5
BDbb,5,1,6,0.83
BDbl,0,1,1,0.0
BDbm,1,0,1,1.0
BDbn,1,2,3,0.33
BDbs,3,1,4,0.75
BDhb,0,1,1,0.0
BDlH,1,1,2,0.5
BDlP,1,0,1,1.0
BDlS,1,1,2,0.5
BDlb,2,1,3,0.67
BDlm,0,3,3,0.0
BDln,1,0,1,1.0
BDls,1,1,2,0.5
BDmB,2,1,3,0.67
BDmH,0,1,1,0.0
BDmL,0,2,2,0.0
BDmM,0,1,1,0.0
BDmN,2,2,4,0.5
BDmP,2,2,4,0.5
BDmS,1,1,2,0.5
BDmb,2,1,3,0.67
BDml,1,0,1,1.0
BDmm,0,2,2,0.0
BDmn,0,2,2,0.0
BDms,0,4,4,0.0
BDnB,1,1,2,0.5
BDnH,0,0,0,
BDnK,1,0,1,1.0
BDnM,2,3,5,0.4
BDnN,3,1,4,0.75
BDnP,2,3,5,0.4
BDnS,1,0,1,1.0
BDnb,1,2,3,0.33
BDnl,1,1,2,0.5
BDnm,1,2,3,0.33
BDnn,1,1,2,0.5
BDns,0,1,1,0.0
BDsB,2,0,2,1.0
BDsD,0,1,1,0.0
BDsH,0,4,4,0.0
BDsI,1,0,1,1.0
BDsK,0,1,1,0.0
BDsL,0,1,1,0.0
BDsN,0,3,3,0.0
BDsP,0,1,1,0.0
BDsS,2,0,2,1.0
BDsb,1,0,1,1.0
BDsh,0,1,1,0.0
BDsl,1,1,2,0.5
BDsm,1,0,1,1.0
BDsn,1,1,2,0.5
BDss,1,1,2,0.5
BDtB,1,1,2,0.5
BDtH,1,0,1,1.0
BDtM,1,0,1,1.0
BDtS,0,1,1,0.0
BDtb,1,1,2,0.5
BHBL,0,1,1,0.0
BHBN,0,1,1,0.0
BHBs,1,0,1,1.0
BHIH,0,1,1,0.0
BHIM,0,1,1,0.0
BHLD,1,0,1,1.0
BHLP,0,0,0,
BHLb,1,0,1,1.0
BHLj,0,1,1,0.0
BHMB,1,0,1,1.0
BHML,0,1,1,0.0
BHMN,2,0,2,1.0
BHMP,0,1,1,0.0
BHMb,1,2,3,0.33
BHMh,0,1,1,0.0
BHMs,0,0,0,
BHMt,1,0,1,1.0
BHNM,1,0,1,1.0
BHNP,0,2,2,0.0
BHNS,0,1,1,0.0
BHNb,0,1,1,0.0
BHNl,1,0,1,1.0
BHNn,1,0,1,1.0
BHPD,0,0,0,
BHPH,0,1,1,0.0
BHPK,0,1,1,0.0
BHPP,1,0,1,1.0
BHPS,1,0,1,1.0
BHPb,0,1,1,0.0
BHPs,0,1,1,0.0
BHSN,1,0,1,1.0
BHSb,0,0,0,
BHSh,0,1,1,0.0
BHSs,1,1,2,0.5
BHbB,0,1,1,0.0
BHbH,0,0,0,
BHbL,0,2,2,0.0
BHbP,1,0,1,1.0
BHbb,0,0,0,
BHhB,0,1,1,0.0
BHlP,0,1,1,0.0
BHlm,0,1,1,0.0
BHmH,1,0,1,1.0
BHmJ,1,0,1,1.0
BHmL,0,1,1,0.0
BHmM,1,0,1,1.0
BHmn,0,1,1,0.0
BHms,1,0,1,1.0
BHnM,0,1,1,0.0
BHnP,0,1,1,0.0
BHnm,1,0,1,1.0
BHsn,1,0,1,1.0
BHss,1,0,1,1.0
BIHP,1,0,1,1.0
BIMP,1,0,1,1.0
BINK,0,1,1,0.0
BIns,0,0,0,
BKBB,2,0,2,1.0
BKBK,1,0,1,1.0
BKBL,1,1,2,0.5
BKBM,2,4,6,0.33
BKBN,1,4,5,0.2
BKBP,2,4,6,0.33
BKBb,1,0,1,1.0
BKBl,0,2,2,0.0
BKBm,4,0,4,1.0
BKBn,2,3,5,0.4
BKBs,1,0,1,1.0
BKHB,1,1,2,0.5
BKHM,0,1,1,0.0
BKHb,1,0,1,1.0
BKHm,0,0,0,
BKIM,0,1,1,0.0
BKIN,1,0,1,1.0
BKIS,0,1,1,0.0
BKIn,0,1,1,0.0
BKLM,1,2,3,0.33
BKLP,1,1,2,0.5
BKLS,1,0,1,1.0
BKLb,1,0,1,1.0
BKLh,0,1,1,0.0
BKLm,0,0,0,
BKMB,3,2,5,0.6
BKML,1,1,2,0.5
BKMM,2,0,2,1.0
BKMN,1,3,4,0.25
BKMP,4,1,5,0.8
BKMS,2,1,3,0.67
BKMb,1,3,4,0.25
BKMh,3,2,5,0.6
BKMj,0,1,1,0.0
BKMl,0,1,1,0.0
BKMm,3,0,3,1.0
BKMn,0,1,1,0.0
BKMs,1,0,1,1.0
BKNB,0,1,1,0.0
BKND,0,0,0,
BKNH,0,1,1,0.0
BKNM,0,2,2,0.0
BKNN,2,0,2,1.0
BKNP,1,4,5,0.2
BKNS,0,1,1,0.0
BKNb,1,4,5,0.2
BKNh,1,0,1,1.0
BKNl,1,1,2,0.5
BKNn,3,0,3,1.0
BKNs,1,2,3,0.33
BKPB,2,1,3,0.67
BKPH,0,1,1,0.0
BKPL,1,1,2,0.5
BKPM,2,2,4,0.5
BKPN,3,5,8,0.38
BKPP,2,3,5,0.4
BKPS,1,2,3,0.33
BKPb,1,3,4,0.25
BKPh,0,1,1,0.0
BKPl,3,1,4,0.75
BKPm,1,1,2,0.5
BKPn,3,1,4,0.75
BKPs,2,3,5,0.4
BKSH,1,0,1,1.0
BKSL,2,1,3,0.67
BKSM,0,0,0,
BKSN,1,1,2,0.5
BKSP,3,3,6,0.5
BKSS,1,1,2,0.5
BKSb,1,0,1,1.0
BKSh,2,1,3,0.67
BKSl,1,2,3,0.33
BKSn,3,2,5,0.6
BKbB,3,2,5,0.6
BKbH,2,1,3,0.67
BKbI,0,0,0,
BKbL,1,2,3,0.33
BKbM,1,2,3,0.33
BKbN,2,6,8,0.25
BKbP,2,0,2,1.0
BKbS,0,2,2,0.0
BKbb,2,3,5,0.4
BKbl,1,1,2,0.5
BKbm,3,1,4,0.75
BKbn,4,2,6,0.67
BKbs,1,0,1,1.0
BKhB,2,0,2,1.0
BKhH,1,1,2,0.5
BKhL,1,0,1,1.0
BKhM,0,2,2,0.0
BKhN,0,2,2,0.0
BKhP,1,3,4,0.25
BKhS,0,1,1,0.0
BKhb,1,2,3,0.33
BKhh,0,0,0,
BKhl,1,0,1,1.0
BKhm,2,2,4,0.5
BKhs,1,0,1,1.0
BKlB,1,2,3,0.33
BKlH,0,1,1,0.0
BKlM,0,3,3,0.0
BKlN,1,1,2,0.5
BKlP,1,0,1,1.0
BKlS,0,1,1,0.0
BKlb,0,1,1,0.0
BKln,1,3,4,0.25
BKls,2,1,3,0.67
BKmB,0,1,1,0.0
BKmD,1,1,2,0.5
BKmH,0,0,0,
BKmJ,2,0,2,1.0
BKmL,1,0,1,1.0
BKmM,2,0,2,1.0
BKmN,1,4,5,0.2
BKmP,4,2,6,0.67
BKmS,1,1,2,0.5
BKmb,3,4,7,0.43
BKml,1,2,3,0.33
BKmm,1,1,2,0.5
BKmn,3,1,4,0.75
BKms,2,1,3,0.67
BKnB,4,3,7,0.57
BKnD,0,1,1,0.0
BKnH,0,1,1,0.0
BKnI,0,1,1,0.0
BKnK,0,1,1,0.0
BKnL,1,1,2,0.5
BKnM,2,1,3,0.67
BKnN,0,6,6,0.0
BKnP,3,6,9,0.33
BKnS,2,2,4,0.5
BKnb,2,2,4,0.5
BKnm,1,2,3,0.33
BKnn,1,1,2,0.5
BKns,1,1,2,0.5
BKsB,0,0,0,
BKsH,0,1,1,0.0
BKsK,1,0,1,1.0
BKsL,2,1,3,0.67
BKsN,0,2,2,0.0
BKsP,0,3,3,0.0
BKsS,1,2,3,0.33
BKsb,1,2,3,0.33
BKsl,2,2,4,0.5
BKsm,1,2,3,0.33
BKsn,3,0,3,1.0
BKss,3,0,3,1.0
BKtN,0,1,1,0.0
BKtb,1,0,1,1.0
BKtl,1,0,1,1.0
BLBB,11,11,22,0.5
BLBD,0,1,1,0.0
BLBL,3,3,6,0.5
BLBM,11,5,16,0.69
BLBN,6,14,20,0.3
BLBP,15,14,29,0.52
BLBS,3,0,3,1.0
BLBb,9,3,12,0.75
BLBh,1,3,4,0.25
BLBj,2,4,6,0.33
BLBl,5,5,10,0.5
BLBm,5,10,15,0.33
BLBn,15,18,33,0.45
BLBs,2,1,3,0.67
BLBt,2,1,3,0.67
BLDH,3,0,3,1.0
BLDL,1,0,1,1.0
BLDM,1,0,1,1.0
BLDb,0,2,2,0.0
BLDm,0,2,2,0.0
BLDn,2,2,4,0.5
BLDs,0,0,0,
BLHM,1,1,2,0.5
BLHN,0,1,1,0.0
BLHP,2,1,3,0.67
BLHl,1,0,1,1.0
BLHm,1,0,1,1.0
BLHs,1,0,1,1.0
BLKB,0,1,1,0.0
BLKL,0,1,1,0.0
BLKN,0,1,1,0.0
BLKP,1,0,1,1.0
BLKS,0,1,1,0.0
BLKb,0,1,1,0.0
BLKh,0,0,0,
BLKl,0,1,1,0.0
BLKm,1,0,1,1.0
BLKn,0,2,2,0.0
BLLB,2,4,6,0.33
BLLK,0,0,0,
BLLL,1,0,1,1.0
BLLM,6,4,10,0.6
BLLN,1,3,4,0.25
BLLP,2,5,7,0.29
BLLS,2,2,4,0.5
BLLb,3,6,9,0.33
BLLh,0,2,2,0.0
BLLj,2,3,5,0.4
BLLl,4,2,6,0.67
BLLm,4,8,12,0.33
BLLn,10,3,13,0.77
BLLs,4,0,4,1.0
BLLt,2,0,2,1.0
BLMB,12,5,17,0.71
BLMD,1,0,1,1.0
BLML,0,2,2,0.0
BLMM,6,6,12,0.5
BLMN,10,9,19,0.53
BLMP,13,12,25,0.52
BLMS,3,5,8,0.38
BLMb,12,10,22,0.55
BLMh,5,7,12,0.42
BLMj,0,1,1,0.0
BLMl,2,4,6,0.33
BLMm,8,10,18,0.44
BLMn,18,10,28,0.64
BLMs,5,4,9,0.56
BLMt,2,0,2,1.0
BLNB,10,5,15,0.67
BLND,3,1,4,0.75
BLNH,3,1,4,0.75
BLNL,5,4,9,0.56
BLNM,9,4,13,0.69
BLNN,7,4,11,0.64
BLNP,18,9,27,0.67
BLNS,6,7,13,0.46
BLNb,18,10,28,0.64
BLNh,4,4,8,0.5
BLNl,6,4,10,0.6
BLNm,11,6,17,0.65
BLNn,10,11,21,0.48
BLNs,4,2,6,0.67
BLNt,2,2,4,0.5
BLPB,7,13,20,0.35
BLPD,1,0,1,1.0
BLPH,2,2,4,0.5
BLPI,1,1,2,0.5
BLPK,1,1,2,0.5
BLPL,5,10,15,0.33
BLPM,12,15,27,0.44
BLPN,16,20,36,0.44
BLPP,31,19,50,0.62
BLPS,9,8,17,0.53
BLPb,16,18,34,0.47
BLPh,1,0,1,1.0
BLPl,7,8,15,0.47
BLPm,17,11,28,0.61
BLPn,13,19,32,0.41
BLPs,8,11,19,0.42
BLPt,1,2,3,0.33
BLSB,3,3,6,0.5
BLSD,0,1,1,0.0
BLSH,1,1,2,0.5
BLSK,1,0,1,1.0
BLSL,2,4,6,0.33
BLSM,7,7,14,0.5
BLSN,1,5,6,0.17
BLSP,12,12,24,0.5
BLSS,3,7,10,0.3
BLSb,10,5,15,0.67
BLSh,4,4,8,0.5
BLSl,2,4,6,0.33
BLSm,5,0,5,1.0
BLSn,10,7,17,0.59
BLSs,7,3,10,0.7
BLSt,0,0,0,
BLbB,7,11,18,0.39
BLbD,1,1,2,0.5
BLbH,3,1,4,0.75
BLbI,2,2,4,0.5
BLbJ,4,3,7,0.57
BLbK,3,1,4,0.75
BLbL,8,8,16,0.5
BLbM,11,10,21,0.52
BLbN,14,14,28,0.5
BLbP,18,18,36,0.5
BLbS,2,6,8,0.25
BLbb,10,10,20,0.5
BLbl,3,8,11,0.27
BLbm,8,5,13,0.62
BLbn,15,7,22,0.68
BLbs,6,4,10,0.6
BLhB,5,3,8,0.62
BLhL,1,2,3,0.33
BLhM,5,3,8,0.62
BLhN,5,5,10,0.5
BLhP,9,8,17,0.53
BLhS,1,1,2,0.5
BLhb,8,6,14,0.57
BLhh,7,6,13,0.54
BLhl,1,3,4,0.25
BLhm,6,0,6,1.0
BLhn,9,6,15,0.6
BLhs,4,0,4,1.0
BLht,1,1,2,0.5
BLjB,3,3,6,0.5
BLjH,1,1,2,0.5
BLjI,1,1,2,0.5
BLjL,0,4,4,0.0
BLjM,1,3,4,0.25
BLjN,2,7,9,0.22
BLjP,7,11,18,0.39
BLjS,4,3,7,0.57
BLjb,5,5,10,0.5
BLjh,1,2,3,0.33
BLjl,3,2,5,0.6
BLjm,8,3,11,0.73
BLjn,4,4,8,0.5
BLjs,1,0,1,1.0
BLjt,1,1,2,0.5
BLlB,3,5,8,0.38
BLlH,5,7,12,0.42
BLlI,0,1,1,0.0
BLlJ,3,2,5,0.6
BLlL,3,2,5,0.6
BLlM,8,4,12,0.67
BLlN,4,11,15,0.27
BLlP,10,6,16,0.62
BLlS,2,7,9,0.22
BLlb,4,8,12,0.33
BLll,6,5,11,0.55
BLlm,3,5,8,0.38
BLln,6,3,9,0.67
BLls,5,2,7,0.71
BLmB,16,8,24,0.67
BLmD,2,0,2,1.0
BLmH,16,10,26,0.62
BLmI,1,1,2,0.5
BLmJ,1,0,1,1.0
BLmL,6,5,11,0.55
BLmM,6,9,15,0.4
BLmN,10,13,23,0.43
BLmP,11,12,23,0.48
BLmS,8,6,14,0.57
BLmb,4,7,11,0.36
BLml,1,1,2,0.5
BLmm,4,5,9,0.44
BLmn,13,9,22,0.59
BLms,5,7,12,0.42
BLnB,12,11,23,0.52
BLnD,0,2,2,0.0
BLnH,6,6,12,0.5
BLnI,2,2,4,0.5
BLnK,1,4,5,0.2
BLnL,2,8,10,0.2
BLnM,14,10,24,0.58
BLnN,18,12,30,0.6
BLnP,22,23,45,0.49
BLnS,11,11,22,0.5
BLnb,16,16,32,0.5
BLnh,0,1,1,0.0
BLnl,4,6,10,0.4
BLnm,7,11,18,0.39
BLnn,18,16,34,0.53
BLns,9,14,23,0.39
BLsB,1,4,5,0.2
BLsD,1,0,1,1.0
BLsH,5,3,8,0.62
BLsI,1,1,2,0.5
BLsK,1,2,3,0.33
BLsL,6,3,9,0.67
BLsM,7,5,12,0.58
BLsN,6,9,15,0.4
BLsP,10,11,21,0.48
BLsS,6,1,7,0.86
BLsb,4,2,6,0.67
BLsh,0,1,1,0.0
BLsl,3,7,10,0.3
BLsm,3,4,7,0.43
BLsn,6,3,9,0.67
BLss,1,6,7,0.14
BLtB,1,2,3,0.33
BLtH,1,3,4,0.25
BLtL,1,1,2,0.5
BLtM,4,1,5,0.8
BLtN,1,3,4,0.25
BLtP,5,3,8,0.62
BLtS,0,4,4,0.0
BLtb,1,1,2,0.5
BLtl,1,0,1,1.0
BLtm,1,3,4,0.25
BLtn,3,0,3,1.0
BLts,1,2,3,0.33
BMBB,23,30,53,0.43
BMBD,0,0,0,
BMBH,0,0,0,
BMBK,1,0,1,1.0
BMBL,8,6,14,0.57
BMBM,16,27,43,0.37
BMBN,24,25,49,0.49
BMBP,25,29,54,0.46
BMBS,7,11,18,0.39
BMBb,28,30,58,0.48
BMBh,3,6,9,0.33
BMBj,5,5,10,0.5
BMBl,17,11,28,0.61
BMBm,19,13,32,0.59
BMBn,26,33,59,0.44
BMBs,13,11,24,0.54
BMBt,3,1,4,0.75
BMDB,0,1,1,0.0
BMDH,0,1,1,0.0
BMDM,0,1,1,0.0
BMDN,0,3,3,0.0
BMDP,5,1,6,0.83
BMDS,0,1,1,0.0
BMDb,0,1,1,0.0
BMDl,1,1,2,0.5
BMDm,2,1,3,0.67
BMDn,1,2,3,0.33
BMDs,1,0,1,1.0
BMHM,1,0,1,1.0
BMHl,0,1,1,0.0
BMHm,1,0,1,1.0
BMHs,1,0,1,1.0
BMIP,1,0,1,1.0
BMKL,0,1,1,0.0
BMKM,1,0,1,1.0
BMKP,1,1,2,0.5
BMKm,0,1,1,0.0
BMLB,6,12,18,0.33
BMLD,3,1,4,0.75
BMLL,6,3,9,0.67
BMLM,8,14,22,0.36
BMLN,5,13,18,0.28
BMLP,10,8,18,0.56
BMLS,6,2,8,0.75
BMLb,10,4,14,0.71
BMLh,7,6,13,0.54
BMLj,3,3,6,0.5
BMLl,2,3,5,0.4
BMLm,10,8,18,0.56
BMLn,9,15,24,0.38
BMLs,3,9,12,0.25
BMLt,0,2,2,0.0
BMMB,25,14,39,0.64
BMMD,1,0,1,1.0
BMML,5,6,11,0.45
BMMM,21,18,39,0.54
BMMN,18,28,46,0.39
BMMP,34,35,69,0.49
BMMS,6,17,23,0.26
BMMb,35,26,61,0.57
BMMh,15,18,33,0.45
BMMj,7,8,15,0.47
BMMl,15,10,25,0.6
BMMm,23,18,41,0.56
BMMn,33,32,65,0.51
BMMs,10,11,21,0.48
BMMt,0,5,5,0.0
BMNB,16,25,41,0.39
BMND,3,2,5,0.6
BMNH,6,3,9,0.67
BMNK,2,3,5,0.4
BMNL,12,5,17,0.71
BMNM,32,31,63,0.51
BMNN,26,31,57,0.46
BMNP,42,37,79,0.53
BMNS,9,15,24,0.38
BMNb,25,32,57,0.44
BMNh,5,10,15,0.33
BMNl,13,8,21,0.62
BMNm,26,15,41,0.63
BMNn,41,40,81,0.51
BMNs,13,17,30,0.43
BMNt,5,4,9,0.56
BMPB,29,26,55,0.53
BMPD,1,3,4,0.25
BMPH,10,14,24,0.42
BMPI,2,1,3,0.67
BMPK,1,3,4,0.25
BMPL,10,7,17,0.59
BMPM,40,35,75,0.53
BMPN,32,47,79,0.41
BMPP,41,49,90,0.46
BMPS,30,15,45,0.67
BMPb,41,37,78,0.53
BMPh,5,3,8,0.62
BMPl,18,17,35,0.51
BMPm,34,37,71,0.48
BMPn,40,36,76,0.53
BMPs,21,19,40,0.52
BMPt,4,3,7,0.57
BMSB,9,9,18,0.5
BMSD,1,1,2,0.5
BMSH,2,6,8,0.25
BMSL,3,3,6,0.5
BMSM,17,9,26,0.65
BMSN,11,8,19,0.58
BMSP,24,20,44,0.55
BMSS,10,9,19,0.53
BMSb,13,13,26,0.5
BMSh,5,14,19,0.26
BMSl,5,3,8,0.62
BMSm,16,10,26,0.62
BMSn,13,19,32,0.41
BMSs,13,11,24,0.54
BMSt,1,4,5,0.2
BMbB,22,21,43,0.51
BMbD,0,3,3,0.0
BMbH,14,10,24,0.58
BMbI,4,3,7,0.57
BMbJ,8,9,17,0.47
BMbK,1,3,4,0.25
BMbL,13,5,18,0.72
BMbM,21,33,54,0.39
BMbN,43,44,87,0.49
BMbP,35,50,85,0.41
BMbS,22,15,37,0.59
BMbb,38,44,82,0.46
BMbh,0,0,0,
BMbl,11,11,22,0.5
BMbm,22,17,39,0.56
BMbn,38,37,75,0.51
BMbs,20,17,37,0.54
BMhB,17,21,38,0.45
BMhD,1,2,3,0.33
BMhH,3,6,9,0.33
BMhI,1,0,1,1.0
BMhK,0,0,0,
BMhL,3,8,11,0.27
BMhM,21,20,41,0.51
BMhN,19,18,37,0.51
BMhP,24,39,63,0.38
BMhS,18,13,31,0.58
BMhb,18,15,33,0.55
BMhh,21,12,33,0.64
BMhl,10,8,18,0.56
BMhm,13,15,28,0.46
BMhn,20,24,44,0.45
BMhs,12,11,23,0.52
BMht,0,1,1,0.0
BMjB,2,4,6,0.33
BMjH,1,4,5,0.2
BMjK,2,1,3,0.67
BMjL,0,3,3,0.0
BMjM,9,6,15,0.6
BMjN,10,9,19,0.53
BMjP,6,12,18,0.33
BMjS,4,4,8,0.5
BMjb,15,6,21,0.71
BMjh,0,1,1,0.0
BMjl,6,3,9,0.67
BMjm,7,8,15,0.47
BMjn,3,6,9,0.33
BMjs,4,3,7,0.57
BMjt,1,1,2,0.5
BMlB,6,14,20,0.3
BMlD,1,3,4,0.25
BMlH,8,12,20,0.4
BMlI,1,1,2,0.5
BMlJ,4,2,6,0.67
BMlL,5,5,10,0.5
BMlM,14,6,20,0.7
BMlN,3,13,16,0.19
BMlP,16,16,32,0.5
BMlS,9,10,19,0.47
BMlb,18,13,31,0.58
BMll,5,3,8,0.62
BMlm,6,16,22,0.27
BMln,17,13,30,0.57
BMls,6,4,10,0.6
BMmB,14,17,31,0.45
BMmD,3,5,8,0.38
BMmH,11,22,33,0.33
BMmI,2,2,4,0.5
BMmJ,5,6,11,0.45
BMmL,3,10,13,0.23
BMmM,19,28,47,0.4
BMmN,28,26,54,0.52
BMmP,28,36,64,0.44
BMmS,19,12,31,0.61
BMmb,20,25,45,0.44
BMml,7,6,13,0.54
BMmm,13,10,23,0.57
BMmn,28,29,57,0.49
BMms,10,14,24,0.42
BMnB,35,21,56,0.62
BMnD,3,4,7,0.43
BMnH,15,19,34,0.44
BMnI,4,2,6,0.67
BMnK,2,5,7,0.29
BMnL,10,17,27,0.37
BMnM,38,46,84,0.45
BMnN,61,48,109,0.56
BMnP,50,75,125,0.4
BMnS,30,31,61,0.49
BMnb,38,38,76,0.5
BMnh,4,0,4,1.0
BMnl,8,11,19,0.42
BMnm,40,21,61,0.66
BMnn,43,38,81,0.53
BMns,19,16,35,0.54
BMsB,8,6,14,0.57
BMsD,0,0,0,
BMsH,15,9,24,0.62
BMsK,1,1,2,0.5
BMsL,1,4,5,0.2
BMsM,16,9,25,0.64
BMsN,10,15,25,0.4
BMsP,15,18,33,0.45
BMsS,17,19,36,0.47
BMsb,15,11,26,0.58
BMsl,6,5,11,0.55
BMsm,7,10,17,0.41
BMsn,13,15,28,0.46
BMss,11,5,16,0.69
BMtB,2,3,5,0.4
BMtD,0,1,1,0.0
BMtH,0,1,1,0.0
BMtK,1,0,1,1.0
BMtL,1,1,2,0.5
BMtM,4,6,10,0.4
BMtN,6,5,11,0.55
BMtP,6,3,9,0.67
BMtS,2,3,5,0.4
BMtb,3,4,7,0.43
BMtl,2,2,4,0.5
BMtm,5,2,7,0.71
BMtn,5,6,11,0.45
BMts,1,2,3,0.33
BMtt,2,2,4,0.5
BNBB,18,29,47,0.38
BNBD,1,1,2,0.5
BNBH,1,0,1,1.0
BNBK,1,2,3,0.33
BNBL,10,14,24,0.42
BNBM,17,26,43,0.4
BNBN,29,28,57,0.51
BNBP,37,31,68,0.54
BNBS,12,19,31,0.39
BNBb,30,34,64,0.47
BNBh,4,5,9,0.44
BNBj,7,8,15,0.47
BNBl,12,14,26,0.46
BNBm,16,24,40,0.4
BNBn,24,35,59,0.41
BNBs,8,17,25,0.32
BNBt,6,7,13,0.46
BNDB,1,3,4,0.25
BNDD,1,0,1,1.0
BNDH,3,2,5,0.6
BNDL,0,1,1,0.0
BNDM,1,1,2,0.5
BNDN,2,2,4,0.5
BNDP,3,3,6,0.5
BNDS,4,2,6,0.67
BNDb,0,1,1,0.0
BNDl,0,2,2,0.0
BNDm,1,1,2,0.5
BNDn,1,6,7,0.14
BNDs,2,0,2,1.0
BNDt,1,0,1,1.0
BNHB,5,5,10,0.5
BNHH,1,2,3,0.33
BNHI,1,0,1,1.0
BNHK,1,1,2,0.5
BNHL,2,1,3,0.67
BNHM,4,3,7,0.57
BNHN,3,7,10,0.3
BNHP,8,2,10,0.8
BNHS,2,0,2,1.0
BNHb,4,4,8,0.5
BNHh,2,2,4,0.5
BNHl,2,1,3,0.67
BNHm,5,2,7,0.71
BNHn,6,3,9,0.67
BNHs,2,4,6,0.33
BNHt,1,0,1,1.0
BNIS,1,0,1,1.0
BNKB,2,0,2,1.0
BNKL,1,0,1,1.0
BNKM,1,0,1,1.0
BNKP,2,6,8,0.25
BNKS,2,0,2,1.0
BNKb,0,1,1,0.0
BNKl,1,1,2,0.5
BNKn,3,5,8,0.38
BNKs,2,2,4,0.5
BNLB,12,6,18,0.67
BNLD,0,1,1,0.0
BNLK,1,0,1,1.0
BNLL,4,3,7,0.57
BNLM,10,13,23,0.43
BNLN,13,8,21,0.62
BNLP,14,18,32,0.44
BNLS,7,3,10,0.7
BNLb,13,9,22,0.59
BNLh,7,5,12,0.58
BNLj,3,4,7,0.43
BNLl,9,1,10,0.9
BNLm,5,10,15,0.33
BNLn,11,12,23,0.48
BNLs,3,9,12,0.25
BNLt,2,0,2,1.0
BNMB,20,26,46,0.43
BNMD,0,3,3,0.0
BNMK,1,0,1,1.0
BNML,6,17,23,0.26
BNMM,22,19,41,0.54
BNMN,34,29,63,0.54
BNMP,23,39,62,0.37
BNMS,11,11,22,0.5
BNMb,40,32,72,0.56
BNMh,23,20,43,0.53
BNMj,6,1,7,0.86
BNMl,15,10,25,0.6
BNMm,28,28,56,0.5
BNMn,32,31,63,0.51
BNMs,12,16,28,0.43
BNMt,5,2,7,0.71
BNNB,23,34,57,0.4
BNND,7,1,8,0.88
BNNH,9,6,15,0.6
BNNK,3,3,6,0.5
BNNL,22,14,36,0.61
BNNM,29,32,61,0.48
BNNN,48,47,95,0.51
BNNP,44,71,115,0.38
BNNS,20,22,42,0.48
BNNb,40,39,79,0.51
BNNh,10,11,21,0.48
BNNl,13,14,27,0.48
BNNm,42,27,69,0.61
BNNn,50,52,102,0.49
BNNs,20,15,35,0.57
BNNt,11,12,23,0.48
BNPB,38,34,72,0.53
BNPD,2,0,2,1.0
BNPH,16,13,29,0.55
BNPI,2,1,3,0.67
BNPK,0,3,3,0.0
BNPL,17,21,38,0.45
BNPM,50,57,107,0.47
BNPN,51,76,127,0.4
BNPP,94,70,164,0.57
BNPS,37,38,75,0.49
BNPb,68,47,115,0.59
BNPh,5,11,16,0.31
BNPl,29,25,54,0.54
BNPm,49,42,91,0.54
BNPn,68,70,138,0.49
BNPs,30,31,61,0.49
BNPt,5,8,13,0.38
BNSB,12,14,26,0.46
BNSD,2,1,3,0.67
BNSH,2,4,6,0.33
BNSI,1,0,1,1.0
BNSL,4,8,12,0.33
BNSM,25,18,43,0.58
BNSN,11,19,30,0.37
BNSP,31,24,55,0.56
BNSS,12,16,28,0.43
BNSb,11,14,25,0.44
BNSh,13,13,26,0.5
BNSl,7,10,17,0.41
BNSm,14,14,28,0.5
BNSn,17,12,29,0.59
BNSs,18,16,34,0.53
BNSt,2,3,5,0.4
BNbB,28,20,48,0.58
BNbD,1,0,1,1.0
BNbH,15,14,29,0.52
BNbI,1,2,3,0.33
BNbJ,10,7,17,0.59
BNbK,1,3,4,0.25
BNbL,14,11,25,0.56
BNbM,24,19,43,0.56
BNbN,45,43,88,0.51
BNbP,43,47,90,0.48
BNbS,25,23,48,0.52
BNbb,30,24,54,0.56
BNbl,9,14,23,0.39
BNbm,28,22,50,0.56
BNbn,31,44,75,0.41
BNbs,24,17,41,0.59
BNhB,9,11,20,0.45
BNhD,0,0,0,
BNhH,1,2,3,0.33
BNhK,1,0,1,1.0
BNhL,6,4,10,0.6
BNhM,6,13,19,0.32
BNhN,5,17,22,0.23
BNhP,18,21,39,0.46
BNhS,9,9,18,0.5
BNhb,17,17,34,0.5
BNhh,9,8,17,0.53
BNhl,8,7,15,0.53
BNhm,13,12,25,0.52
BNhn,19,12,31,0.61
BNhs,15,11,26,0.58
BNht,0,1,1,0.0
BNlB,15,16,31,0.48
BNlD,1,1,2,0.5
BNlH,10,12,22,0.45
BNlI,1,3,4,0.25
BNlJ,1,5,6,0.17
BNlK,2,1,3,0.67
BNlL,7,4,11,0.64
BNlM,11,18,29,0.38
BNlN,12,19,31,0.39
BNlP,24,24,48,0.5
BNlS,12,11,23,0.52
BNlb,14,10,24,0.58
BNll,9,6,15,0.6
BNlm,18,8,26,0.69
BNln,10,19,29,0.34
BNls,6,8,14,0.43
BNmB,18,20,38,0.47
BNmD,3,0,3,1.0
BNmH,19,23,42,0.45
BNmI,3,6,9,0.33
BNmJ,4,3,7,0.57
BNmL,8,7,15,0.53
BNmM,19,23,42,0.45
BNmN,26,33,59,0.44
BNmP,37,34,71,0.52
BNmS,9,28,37,0.24
BNmb,27,25,52,0.52
BNml,7,8,15,0.47
BNmm,24,20,44,0.55
BNmn,31,22,53,0.58
BNms,11,7,18,0.61
BNnB,28,20,48,0.58
BNnD,5,2,7,0.71
BNnH,20,22,42,0.48
BNnI,4,2,6,0.67
BNnK,2,3,5,0.4
BNnL,13,20,33,0.39
BNnM,46,40,86,0.53
BNnN,65,76,141,0.46
BNnP,69,67,136,0.51
BNnS,35,26,61,0.57
BNnb,35,45,80,0.44
BNnh,0,2,2,0.0
BNnl,21,15,36,0.58
BNnm,50,40,90,0.56
BNnn,49,68,117,0.42
BNns,36,26,62,0.58
BNsB,12,12,24,0.5
BNsD,3,5,8,0.38
BNsH,18,25,43,0.42
BNsI,3,1,4,0.75
BNsK,0,1,1,0.0
BNsL,7,9,16,0.44
BNsM,19,21,40,0.48
BNsN,25,13,38,0.66
BNsP,34,31,65,0.52
BNsS,19,20,39,0.49
BNsb,26,18,44,0.59
BNsh,0,0,0,
BNsl,9,8,17,0.53
BNsm,20,11,31,0.65
BNsn,15,20,35,0.43
BNss,15,13,28,0.54
BNst,1,0,1,1.0
BNtB,7,5,12,0.58
BNtD,0,1,1,0.0
BNtH,5,4,9,0.56
BNtK,1,0,1,1.0
BNtL,4,1,5,0.8
BNtM,6,6,12,0.5
BNtN,5,7,12,0.42
BNtP,12,13,25,0.48
BNtS,3,2,5,0.6
BNtb,7,4,11,0.64
BNtl,3,3,6,0.5
BNtm,3,2,5,0.6
BNtn,7,3,10,0.7
BNts,5,5,10,0.5
BNtt,0,4,4,0.0
BPBB,32,32,64,0.5
BPBD,0,1,1,0.0
BPBH,1,0,1,1.0
BPBI,1,0,1,1.0
BPBK,1,1,2,0.5
BPBL,14,13,27,0.52
BPBM,16,32,48,0.33
BPBN,30,28,58,0.52
BPBP,40,51,91,0.44
BPBS,18,13,31,0.58
BPBb,35,34,69,0.51
BPBh,3,7,10,0.3
BPBj,7,15,22,0.32
BPBl,16,20,36,0.44
BPBm,33,25,58,0.57
BPBn,35,51,86,0.41
BPBs,4,12,16,0.25
BPBt,10,3,13,0.77
BPDB,3,1,4,0.75
BPDD,0,1,1,0.0
BPDH,2,2,4,0.5
BPDI,1,0,1,1.0
BPDL,0,0,0,
BPDN,1,3,4,0.25
BPDP,3,4,7,0.43
BPDS,1,1,2,0.5
BPDb,0,3,3,0.0
BPDl,1,1,2,0.5
BPDm,2,1,3,0.67
BPDn,2,0,2,1.0
BPDs,1,6,7,0.14
BPHB,4,4,8,0.5
BPHD,1,0,1,1.0
BPHH,3,2,5,0.6
BPHI,1,0,1,1.0
BPHK,1,0,1,1.0
BPHL,3,4,7,0.43
BPHM,11,5,16,0.69
BPHN,18,9,27,0.67
BPHP,19,17,36,0.53
BPHS,12,9,21,0.57
BPHb,8,8,16,0.5
BPHh,3,6,9,0.33
BPHl,5,9,14,0.36
BPHm,10,4,14,0.71
BPHn,17,16,33,0.52
BPHs,8,4,12,0.67
BPIB,3,0,3,1.0
BPID,0,1,1,0.0
BPIH,2,3,5,0.4
BPIL,3,1,4,0.75
BPIM,1,4,5,0.2
BPIN,2,2,4,0.5
BPIP,4,4,8,0.5
BPIS,1,0,1,1.0
BPIb,0,2,2,0.0
BPIl,0,1,1,0.0
BPIm,5,2,7,0.71
BPIn,4,1,5,0.8
BPIs,0,1,1,0.0
BPIt,0,0,0,
BPKB,0,1,1,0.0
BPKH,0,2,2,0.0
BPKL,3,2,5,0.6
BPKM,1,2,3,0.33
BPKN,3,2,5,0.6
BPKP,4,1,5,0.8
BPKS,3,3,6,0.5
BPKb,5,1,6,0.83
BPKh,5,2,7,0.71
BPKl,3,2,5,0.6
BPKm,3,3,6,0.5
BPKn,2,2,4,0.5
BPKs,2,3,5,0.4
BPKt,0,1,1,0.0
BPLB,14,10,24,0.58
BPLH,0,1,1,0.0
BPLK,0,3,3,0.0
BPLL,11,5,16,0.69
BPLM,13,19,32,0.41
BPLN,8,20,28,0.29
BPLP,24,20,44,0.55
BPLS,10,4,14,0.71
BPLb,18,17,35,0.51
BPLh,5,8,13,0.38
BPLj,5,8,13,0.38
BPLl,13,10,23,0.57
BPLm,15,15,30,0.5
BPLn,23,23,46,0.5
BPLs,13,12,25,0.52
BPLt,1,0,1,1.0
BPMB,43,39,82,0.52
BPMD,0,2,2,0.0
BPMH,1,1,2,0.5
BPML,7,12,19,0.37
BPMM,26,45,71,0.37
BPMN,19,25,44,0.43
BPMP,41,62,103,0.4
BPMS,18,25,43,0.42
BPMb,41,34,75,0.55
BPMh,25,27,52,0.48
BPMj,10,8,18,0.56
BPMl,28,22,50,0.56
BPMm,39,37,76,0.51
BPMn,58,44,102,0.57
BPMs,17,32,49,0.35
BPMt,2,4,6,0.33
BPNB,32,32,64,0.5
BPND,1,3,4,0.25
BPNH,5,13,18,0.28
BPNK,4,2,6,0.67
BPNL,21,22,43,0.49
BPNM,41,44,85,0.48
BPNN,46,49,95,0.48
BPNP,70,67,137,0.51
BPNS,25,34,59,0.42
BPNb,47,40,87,0.54
BPNh,16,16,32,0.5
BPNl,27,23,50,0.54
BPNm,36,34,70,0.51
BPNn,48,42,90,0.53
BPNs,30,22,52,0.58
BPNt,9,3,12,0.75
BPPB,57,53,110,0.52
BPPD,3,2,5,0.6
BPPH,13,18,31,0.42
BPPI,6,4,10,0.6
BPPK,7,10,17,0.41
BPPL,40,36,76,0.53
BPPM,64,69,133,0.48
BPPN,65,58,123,0.53
BPPP,97,101,198,0.49
BPPS,39,54,93,0.42
BPPb,60,66,126,0.48
BPPh,5,5,10,0.5
BPPl,41,38,79,0.52
BPPm,64,45,109,0.59
BPPn,66,49,115,0.57
BPPs,47,44,91,0.52
BPPt,5,3,8,0.62
BPSB,21,15,36,0.58
BPSD,2,2,4,0.5
BPSH,9,13,22,0.41
BPSI,1,0,1,1.0
BPSK,0,0,0,
BPSL,9,12,21,0.43
BPSM,20,30,50,0.4
BPSN,16,24,40,0.4
BPSP,38,32,70,0.54
BPSS,12,26,38,0.32
BPSb,18,24,42,0.43
BPSh,13,13,26,0.5
BPSl,19,8,27,0.7
BPSm,22,17,39,0.56
BPSn,26,22,48,0.54
BPSs,25,22,47,0.53
BPSt,3,4,7,0.43
BPbB,39,39,78,0.5
BPbD,4,2,6,0.67
BPbH,11,12,23,0.48
BPbI,4,2,6,0.67
BPbJ,10,10,20,0.5
BPbK,2,4,6,0.33
BPbL,18,16,34,0.53
BPbM,42,50,92,0.46
BPbN,48,53,101,0.48
BPbP,61,59,120,0.51
BPbS,28,22,50,0.56
BPbb,41,45,86,0.48
BPbl,25,20,45,0.56
BPbm,32,24,56,0.57
BPbn,50,41,91,0.55
BPbs,26,24,50,0.52
BPhB,4,0,4,1.0
BPhL,0,2,2,0.0
BPhM,3,1,4,0.75
BPhN,5,3,8,0.62
BPhP,9,11,20,0.45
BPhS,3,4,7,0.43
BPhb,1,4,5,0.2
BPhh,2,3,5,0.4
BPhl,2,4,6,0.33
BPhm,7,1,8,0.88
BPhn,9,0,9,1.0
BPhs,3,4,7,0.43
BPht,1,0,1,1.0
BPlB,13,18,31,0.42
BPlD,2,3,5,0.4
BPlH,13,13,26,0.5
BPlI,1,2,3,0.33
BPlJ,6,8,14,0.43
BPlK,2,0,2,1.0
BPlL,13,11,24,0.54
BPlM,36,28,64,0.56
BPlN,23,17,40,0.57
BPlP,30,24,54,0.56
BPlS,13,8,21,0.62
BPlb,21,25,46,0.46
BPll,10,18,28,0.36
BPlm,23,14,37,0.62
BPln,21,17,38,0.55
BPls,15,10,25,0.6
BPmB,31,32,63,0.49
BPmD,1,1,2,0.5
BPmH,23,19,42,0.55
BPmI,3,3,6,0.5
BPmJ,10,7,17,0.59
BPmL,14,17,31,0.45
BPmM,29,31,60,0.48
BPmN,44,40,84,0.52
BPmP,51,45,96,0.53
BPmS,14,28,42,0.33
BPmb,27,24,51,0.53
BPmh,0,1,1,0.0
BPml,14,17,31,0.45
BPmm,21,17,38,0.55
BPmn,33,24,57,0.58
BPms,14,11,25,0.56
BPnB,37,22,59,0.63
BPnD,1,4,5,0.2
BPnH,18,25,43,0.42
BPnI,2,1,3,0.67
BPnK,4,6,10,0.4
BPnL,21,17,38,0.55
BPnM,37,51,88,0.42
BPnN,56,51,107,0.52
BPnP,62,63,125,0.5
BPnS,25,25,50,0.5
BPnb,40,39,79,0.51
BPnh,3,2,5,0.6
BPnl,23,22,45,0.51
BPnm,33,29,62,0.53
BPnn,37,46,83,0.45
BPns,30,35,65,0.46
BPsB,14,20,34,0.41
BPsD,1,2,3,0.33
BPsH,25,18,43,0.58
BPsI,1,0,1,1.0
BPsL,7,8,15,0.47
BPsM,18,22,40,0.45
BPsN,23,19,42,0.55
BPsP,30,37,67,0.45
BPsS,20,15,35,0.57
BPsb,25,19,44,0.57
BPsl,15,12,27,0.56
BPsm,24,24,48,0.5
BPsn,14,23,37,0.38
BPss,18,17,35,0.51
BPtB,3,1,4,0.75
BPtH,0,4,4,0.0
BPtL,2,0,2,1.0
BPtM,2,6,8,0.25
BPtN,5,4,9,0.56
BPtP,2,4,6,0.33
BPtS,2,4,6,0.33
BPtb,1,2,3,0.33
BPtl,2,0,2,1.0
BPtm,2,5,7,0.29
BPtn,4,2,6,0.67
BPts,2,3,5,0.4
BPtt,1,0,1,1.0
BSBB,9,13,22,0.41
BSBD,3,0,3,1.0
BSBK,3,0,3,1.0
BSBL,4,5,9,0.44
BSBM,8,8,16,0.5
BSBN,11,18,29,0.38
BSBP,10,11,21,0.48
BSBS,12,10,22,0.55
BSBb,13,7,20,0.65
BSBh,0,5,5,0.0
BSBj,4,2,6,0.67
BSBl,3,5,8,0.38
BSBm,7,3,10,0.7
BSBn,19,9,28,0.68
BSBs,9,1,10,0.9
BSBt,2,0,2,1.0
BSDB,0,1,1,0.0
BSDH,1,1,2,0.5
BSDM,0,1,1,0.0
BSDN,0,1,1,0.0
BSDP,6,1,7,0.86
BSDS,3,1,4,0.75
BSDb,1,1,2,0.5
BSDl,1,1,2,0.5
BSDm,3,2,5,0.6
BSDn,0,5,5,0.0
BSDs,1,2,3,0.33
BSHB,2,3,5,0.4
BSHD,1,0,1,1.0
BSHH,1,2,3,0.33
BSHI,0,0,0,
BSHK,0,2,2,0.0
BSHL,2,0,2,1.0
BSHM,7,4,11,0.64
BSHN,4,7,11,0.36
BSHP,5,6,11,0.45
BSHS,6,3,9,0.67
BSHb,10,10,20,0.5
BSHh,1,2,3,0.33
BSHl,1,3,4,0.25
BSHm,3,2,5,0.6
BSHn,7,5,12,0.58
BSHs,6,5,11,0.55
BSIB,0,1,1,0.0
BSIL,0,1,1,0.0
BSIM,0,0,0,
BSIN,1,0,1,1.0
BSKB,0,1,1,0.0
BSKN,1,0,1,1.0
BSKb,0,1,1,0.0
BSKm,1,0,1,1.0
BSKn,1,0,1,1.0
BSLB,5,3,8,0.62
BSLL,1,4,5,0.2
BSLM,5,11,16,0.31
BSLN,2,6,8,0.25
BSLP,10,4,14,0.71
BSLS,1,5,6,0.17
BSLb,9,5,14,0.64
BSLh,4,2,6,0.67
BSLj,3,2,5,0.6
BSLl,4,3,7,0.57
BSLm,7,4,11,0.64
BSLn,8,5,13,0.62
BSLs,2,4,6,0.33
BSLt,1,0,1,1.0
BSMB,9,6,15,0.6
BSMD,0,0,0,
BSMH,0,1,1,0.0
BSMK,1,0,1,1.0
BSML,2,8,10,0.2
BSMM,16,24,40,0.4
BSMN,13,10,23,0.57
BSMP,11,19,30,0.37
BSMS,5,6,11,0.45
BSMb,12,20,32,0.38
BSMh,13,14,27,0.48
BSMj,3,5,8,0.38
BSMl,6,4,10,0.6
BSMm,14,10,24,0.58
BSMn,17,25,42,0.4
BSMs,13,10,23,0.57
BSMt,4,1,5,0.8
BSNB,11,5,16,0.69
BSND,0,3,3,0.0
BSNH,2,2,4,0.5
BSNK,3,2,5,0.6
BSNL,6,6,12,0.5
BSNM,10,12,22,0.45
BSNN,19,21,40,0.48
BSNP,27,14,41,0.66
BSNS,8,11,19,0.42
BSNb,16,14,30,0.53
BSNh,8,3,11,0.73
BSNl,6,8,14,0.43
BSNm,13,13,26,0.5
BSNn,14,18,32,0.44
BSNs,16,5,21,0.76
BSNt,4,3,7,0.57
BSPB,18,20,38,0.47
BSPD,1,1,2,0.5
BSPH,6,3,9,0.67
BSPI,4,1,5,0.8
BSPK,1,3,4,0.25
BSPL,7,16,23,0.3
BSPM,15,26,41,0.37
BSPN,29,25,54,0.54
BSPP,42,40,82,0.51
BSPS,18,15,33,0.55
BSPb,26,19,45,0.58
BSPh,1,5,6,0.17
BSPl,15,14,29,0.52
BSPm,20,11,31,0.65
BSPn,17,24,41,0.41
BSPs,23,18,41,0.56
BSPt,0,3,3,0.0
BSSB,8,10,18,0.44
BSSD,4,1,5,0.8
BSSH,7,7,14,0.5
BSSL,2,7,9,0.22
BSSM,9,6,15,0.6
BSSN,14,5,19,0.74
BSSP,17,23,40,0.42
BSSS,9,14,23,0.39
BSSb,6,7,13,0.46
BSSh,8,12,20,0.4
BSSl,5,2,7,0.71
BSSm,16,11,27,0.59
BSSn,13,16,29,0.45
BSSs,13,17,30,0.43
BSSt,3,0,3,1.0
BSbB,13,10,23,0.57
BSbD,1,1,2,0.5
BSbH,6,0,6,1.0
BSbI,3,0,3,1.0
BSbJ,4,1,5,0.8
BSbK,1,1,2,0.5
BSbL,5,9,14,0.36
BSbM,12,10,22,0.55
BSbN,26,23,49,0.53
BSbP,26,19,45,0.58
BSbS,9,11,20,0.45
BSbb,18,11,29,0.62
BSbl,7,7,14,0.5
BSbm,7,6,13,0.54
BSbn,20,26,46,0.43
BSbs,9,9,18,0.5
BShB,1,8,9,0.11
BShD,2,1,3,0.67
BShH,3,2,5,0.6
BShI,1,1,2,0.5
BShK,0,1,1,0.0
BShL,5,5,10,0.5
BShM,11,14,25,0.44
BShN,7,12,19,0.37
BShP,13,16,29,0.45
BShS,7,7,14,0.5
BShb,9,10,19,0.47
BShh,9,8,17,0.53
BShl,4,3,7,0.57
BShm,7,7,14,0.5
BShn,17,15,32,0.53
BShs,6,9,15,0.4
BSlB,8,8,16,0.5
BSlH,7,7,14,0.5
BSlI,1,1,2,0.5
BSlJ,2,2,4,0.5
BSlL,1,5,6,0.17
BSlM,7,10,17,0.41
BSlN,10,10,20,0.5
BSlP,11,12,23,0.48
BSlS,6,8,14,0.43
BSlb,6,4,10,0.6
BSll,6,1,7,0.86
BSlm,7,7,14,0.5
BSln,6,7,13,0.46
BSls,6,4,10,0.6
BSmB,10,8,18,0.56
BSmD,1,2,3,0.33
BSmH,5,16,21,0.24
BSmI,0,1,1,0.0
BSmJ,1,2,3,0.33
BSmL,5,5,10,0.5
BSmM,13,16,29,0.45
BSmN,12,15,27,0.44
BSmP,17,19,36,0.47
BSmS,7,6,13,0.54
BSmb,11,13,24,0.46
BSmh,0,1,1,0.0
BSml,3,3,6,0.5
BSmm,4,3,7,0.57
BSmn,16,18,34,0.47
BSms,7,6,13,0.54
BSnB,12,11,23,0.52
BSnD,2,0,2,1.0
BSnH,13,6,19,0.68
BSnI,2,4,6,0.33
BSnK,3,2,5,0.6
BSnL,3,6,9,0.33
BSnM,20,21,41,0.49
BSnN,34,29,63,0.54
BSnP,30,50,80,0.38
BSnS,7,18,25,0.28
BSnb,19,14,33,0.58
BSnl,7,9,16,0.44
BSnm,26,16,42,0.62
BSnn,19,11,30,0.63
BSns,17,15,32,0.53
BSsB,8,11,19,0.42
BSsD,1,2,3,0.33
BSsH,14,11,25,0.56
BSsI,0,0,0,
BSsK,1,1,2,0.5
BSsL,4,8,12,0.33
BSsM,9,5,14,0.64
BSsN,15,12,27,0.56
BSsP,18,19,37,0.49
BSsS,16,18,34,0.47
BSsb,9,11,20,0.45
BSsl,3,6,9,0.33
BSsm,11,12,23,0.48
BSsn,14,13,27,0.52
BSss,12,5,17,0.71
BSst,0,0,0,
BStB,0,3,3,0.0
BStD,0,1,1,0.0
BStH,1,1,2,0.5
BStL,0,1,1,0.0
BStM,2,4,6,0.33
BStN,0,2,2,0.0
BStP,3,3,6,0.5
BStS,1,2,3,0.33
BStb,2,3,5,0.4
BStl,2,1,3,0.67
BStm,0,1,1,0.0
BStn,1,2,3,0.33
BSts,2,2,4,0.5
BStt,0,1,1,0.0
BbBB,31,20,51,0.61
BbBD,2,3,5,0.4
BbBK,1,4,5,0.2
BbBL,3,15,18,0.17
BbBM,15,24,39,0.38
BbBN,40,26,66,0.61
BbBP,30,39,69,0.43
BbBS,12,9,21,0.57
BbBb,32,25,57,0.56
BbBh,4,6,10,0.4
BbBj,4,21,25,0.16
BbBl,8,11,19,0.42
BbBm,20,21,41,0.49
BbBn,43,38,81,0.53
BbBs,11,17,28,0.39
BbBt,6,8,14,0.43
BbDB,4,2,6,0.67
BbDH,3,0,3,1.0
BbDL,1,0,1,1.0
BbDN,0,1,1,0.0
BbDP,5,6,11,0.45
BbDS,0,3,3,0.0
BbDb,1,4,5,0.2
BbDl,1,0,1,1.0
BbDm,3,1,4,0.75
BbDn,1,1,2,0.5
BbDs,1,2,3,0.33
BbHB,9,5,14,0.64
BbHD,1,1,2,0.5
BbHH,1,1,2,0.5
BbHI,0,1,1,0.0
BbHK,1,1,2,0.5
BbHL,8,3,11,0.73
BbHM,13,14,27,0.48
BbHN,16,11,27,0.59
BbHP,15,13,28,0.54
BbHS,5,7,12,0.42
BbHb,7,5,12,0.58
BbHh,5,4,9,0.56
BbHl,3,2,5,0.6
BbHm,11,14,25,0.44
BbHn,14,12,26,0.54
BbHs,8,6,14,0.57
BbHt,1,0,1,1.0
BbIB,1,4,5,0.2
BbID,1,0,1,1.0
BbIH,3,1,4,0.75
BbIL,3,0,3,1.0
BbIM,4,2,6,0.67
BbIN,5,4,9,0.56
BbIP,6,3,9,0.67
BbIS,1,5,6,0.17
BbIb,1,4,5,0.2
BbIl,1,3,4,0.25
BbIm,2,3,5,0.4
BbIn,3,2,5,0.6
BbIs,0,3,3,0.0
BbIt,1,1,2,0.5
BbJB,8,16,24,0.33
BbJH,3,4,7,0.43
BbJI,0,1,1,0.0
BbJK,1,2,3,0.33
BbJL,2,5,7,0.29
BbJM,3,11,14,0.21
BbJN,8,11,19,0.42
BbJP,18,17,35,0.51
BbJS,5,7,12,0.42
BbJb,11,6,17,0.65
BbJh,3,1,4,0.75
BbJl,5,4,9,0.56
BbJm,11,3,14,0.79
BbJn,9,8,17,0.53
BbJs,3,5,8,0.38
BbJt,1,0,1,1.0
BbKB,2,3,5,0.4
BbKL,0,2,2,0.0
BbKM,1,3,4,0.25
BbKN,1,4,5,0.2
BbKP,2,2,4,0.5
BbKS,1,2,3,0.33
BbKb,3,4,7,0.43
BbKh,3,1,4,0.75
BbKl,2,0,2,1.0
BbKm,3,1,4,0.75
BbKn,4,4,8,0.5
BbKs,3,3,6,0.5
BbLB,9,9,18,0.5
BbLD,0,1,1,0.0
BbLH,0,2,2,0.0
BbLK,0,2,2,0.0
BbLL,3,7,10,0.3
BbLM,7,10,17,0.41
BbLN,10,17,27,0.37
BbLP,19,17,36,0.53
BbLS,11,8,19,0.58
BbLb,6,17,23,0.26
BbLh,8,5,13,0.62
BbLj,2,6,8,0.25
BbLl,10,7,17,0.59
BbLm,10,10,20,0.5
BbLn,20,16,36,0.56
BbLs,7,10,17,0.41
BbLt,3,1,4,0.75
BbMB,19,29,48,0.4
BbMD,2,3,5,0.4
BbML,5,10,15,0.33
BbMM,26,29,55,0.47
BbMN,25,38,63,0.4
BbMP,40,50,90,0.44
BbMS,13,14,27,0.48
BbMb,37,42,79,0.47
BbMh,22,34,56,0.39
BbMj,10,8,18,0.56
BbMl,16,13,29,0.55
BbMm,34,24,58,0.59
BbMn,37,47,84,0.44
BbMs,21,18,39,0.54
BbMt,3,6,9,0.33
BbNB,26,27,53,0.49
BbND,4,3,7,0.57
BbNH,8,9,17,0.47
BbNI,1,0,1,1.0
BbNK,3,1,4,0.75
BbNL,13,15,28,0.46
BbNM,31,40,71,0.44
BbNN,46,55,101,0.46
BbNP,76,62,138,0.55
BbNS,25,27,52,0.48
BbNb,40,44,84,0.48
BbNh,13,13,26,0.5
BbNl,19,18,37,0.51
BbNm,34,19,53,0.64
BbNn,62,59,121,0.51
BbNs,32,28,60,0.53
BbNt,8,6,14,0.57
BbPB,34,35,69,0.49
BbPD,6,2,8,0.75
BbPH,13,13,26,0.5
BbPI,6,4,10,0.6
BbPK,4,2,6,0.67
BbPL,14,16,30,0.47
BbPM,44,51,95,0.46
BbPN,48,45,93,0.52
BbPP,77,75,152,0.51
BbPS,20,31,51,0.39
BbPb,47,40,87,0.54
BbPh,5,8,13,0.38
BbPl,33,19,52,0.63
BbPm,37,27,64,0.58
BbPn,37,48,85,0.44
BbPs,33,23,56,0.59
BbPt,1,5,6,0.17
BbSB,6,9,15,0.4
BbSD,1,3,4,0.25
BbSH,6,8,14,0.43
BbSI,1,0,1,1.0
BbSL,1,5,6,0.17
BbSM,14,14,28,0.5
BbSN,20,13,33,0.61
BbSP,30,19,49,0.61
BbSS,12,11,23,0.52
BbSb,20,14,34,0.59
BbSh,12,16,28,0.43
BbSl,10,10,20,0.5
BbSm,13,12,25,0.52
BbSn,23,14,37,0.62
BbSs,17,15,32,0.53
BbSt,3,2,5,0.6
BbbB,40,21,61,0.66
BbbD,1,2,3,0.33
BbbH,11,11,22,0.5
BbbI,4,2,6,0.67
BbbJ,5,15,20,0.25
BbbK,1,2,3,0.33
BbbL,12,16,28,0.43
BbbM,37,40,77,0.48
BbbN,43,38,81,0.53
BbbP,43,51,94,0.46
BbbS,14,15,29,0.48
Bbbb,41,38,79,0.52
Bbbl,14,7,21,0.67
Bbbm,26,21,47,0.55
Bbbn,40,35,75,0.53
Bbbs,13,17,30,0.43
BblB,20,12,32,0.62
BblD,1,0,1,1.0
BblH,10,7,17,0.59
BblI,1,3,4,0.25
BblJ,3,1,4,0.75
BblK,1,2,3,0.33
BblL,7,10,17,0.41
BblM,8,13,21,0.38
BblN,22,23,45,0.49
BblP,19,18,37,0.51
BblS,7,11,18,0.39
Bblb,11,12,23,0.48
Bbll,6,2,8,0.75
Bblm,3,11,14,0.21
Bbln,10,11,21,0.48
Bbls,7,8,15,0.47
BbmB,20,20,40,0.5
BbmD,3,1,4,0.75
BbmH,19,16,35,0.54
BbmI,1,1,2,0.5
BbmJ,4,4,8,0.5
BbmL,7,8,15,0.47
BbmM,30,19,49,0.61
BbmN,25,37,62,0.4
BbmP,41,30,71,0.58
BbmS,14,16,30,0.47
Bbmb,26,24,50,0.52
Bbml,6,5,11,0.55
Bbmm,16,13,29,0.55
Bbmn,23,18,41,0.56
Bbms,7,4,11,0.64
BbnB,25,36,61,0.41
BbnD,3,5,8,0.38
BbnH,32,11,43,0.74
BbnI,3,5,8,0.38
BbnK,3,3,6,0.5
BbnL,10,10,20,0.5
BbnM,25,38,63,0.4
BbnN,46,48,94,0.49
BbnP,58,42,100,0.58
BbnS,15,25,40,0.38
Bbnb,34,30,64,0.53
Bbnh,1,1,2,0.5
Bbnl,19,10,29,0.66
Bbnm,30,24,54,0.56
Bbnn,39,33,72,0.54
Bbns,32,23,55,0.58
BbsB,11,6,17,0.65
BbsD,2,2,4,0.5
BbsH,15,21,36,0.42
BbsI,4,1,5,0.8
BbsL,8,3,11,0.73
BbsM,16,19,35,0.46
BbsN,15,18,33,0.45
BbsP,22,22,44,0.5
BbsS,16,16,32,0.5
Bbsb,11,14,25,0.44
Bbsl,4,3,7,0.57
Bbsm,21,4,25,0.84
Bbsn,10,11,21,0.48
Bbss,12,11,23,0.52
BhBB,2,2,4,0.5
BhBL,0,3,3,0.0
BhBM,1,2,3,0.33
BhBN,4,4,8,0.5
BhBP,2,5,7,0.29
BhBS,2,0,2,1.0
BhBb,3,3,6,0.5
BhBh,0,1,1,0.0
BhBl,3,1,4,0.75
BhBm,3,3,6,0.5
BhBn,2,3,5,0.4
BhBs,1,1,2,0.5
BhBt,0,1,1,0.0
BhDN,0,1,1,0.0
BhHD,0,1,1,0.0
BhHH,1,0,1,1.0
BhHI,0,0,0,
BhHM,1,1,2,0.5
BhHP,1,0,1,1.0
BhHS,1,1,2,0.5
BhHb,1,0,1,1.0
BhHm,1,0,1,1.0
BhHn,1,1,2,0.5
BhIH,1,0,1,1.0
BhIP,1,0,1,1.0
BhKL,0,1,1,0.0
BhKP,1,0,1,1.0
BhLB,5,1,6,0.83
BhLM,2,0,2,1.0
BhLN,0,1,1,0.0
BhLP,3,2,5,0.6
BhLS,1,2,3,0.33
BhLb,4,0,4,1.0
BhLh,1,2,3,0.33
BhLj,1,0,1,1.0
BhLl,1,0,1,1.0
BhLm,1,0,1,1.0
BhLn,1,0,1,1.0
BhLs,1,0,1,1.0
BhLt,1,0,1,1.0
BhMB,1,2,3,0.33
BhMD,2,0,2,1.0
BhML,0,2,2,0.0
BhMM,4,4,8,0.5
BhMN,4,2,6,0.67
BhMP,4,1,5,0.8
BhMS,1,1,2,0.5
BhMb,5,3,8,0.62
BhMh,3,5,8,0.38
BhMj,1,0,1,1.0
BhMl,3,0,3,1.0
BhMm,3,2,5,0.6
BhMn,2,4,6,0.33
BhMs,2,3,5,0.4
BhNB,3,3,6,0.5
BhNH,2,0,2,1.0
BhNK,1,1,2,0.5
BhNL,3,1,4,0.75
BhNM,3,7,10,0.3
BhNN,4,3,7,0.57
BhNP,6,6,12,0.5
BhNS,6,2,8,0.75
BhNb,5,3,8,0.62
BhNh,1,0,1,1.0
BhNl,1,0,1,1.0
BhNm,3,4,7,0.43
BhNn,2,7,9,0.22
BhNs,5,1,6,0.83
BhNt,2,0,2,1.0
BhPB,6,5,11,0.55
BhPD,1,1,2,0.5
BhPH,2,1,3,0.67
BhPK,0,1,1,0.0
BhPL,4,3,7,0.57
BhPM,3,3,6,0.5
BhPN,5,6,11,0.45
BhPP,0,13,13,0.0
BhPS,2,3,5,0.4
BhPb,3,5,8,0.38
BhPh,0,1,1,0.0
BhPl,1,0,1,1.0
BhPm,3,7,10,0.3
BhPn,12,2,14,0.86
BhPs,8,5,13,0.62
BhSB,1,2,3,0.33
BhSH,3,1,4,0.75
BhSL,1,2,3,0.33
BhSM,1,2,3,0.33
BhSN,1,2,3,0.33
BhSP,3,4,7,0.43
BhSS,1,3,4,0.25
BhSb,2,3,5,0.4
BhSh,1,1,2,0.5
BhSl,2,2,4,0.5
BhSm,0,4,4,0.0
BhSn,4,3,7,0.57
BhSs,4,3,7,0.57
BhSt,0,1,1,0.0
BhbB,2,4,6,0.33
BhbD,1,0,1,1.0
BhbH,1,7,8,0.12
BhbJ,1,2,3,0.33
BhbK,0,1,1,0.0
BhbL,2,4,6,0.33
BhbM,3,6,9,0.33
BhbN,3,4,7,0.43
BhbP,3,9,12,0.25
BhbS,3,1,4,0.75
Bhbb,1,7,8,0.12
Bhbl,1,2,3,0.33
Bhbm,3,1,4,0.75
Bhbn,4,3,7,0.57
Bhbs,1,1,2,0.5
BhhB,2,0,2,1.0
BhhH,0,2,2,0.0
BhhM,2,2,4,0.5
BhhN,3,2,5,0.6
BhhP,7,3,10,0.7
BhhS,5,3,8,0.62
Bhhb,2,1,3,0.67
Bhhh,2,2,4,0.5
Bhhl,1,0,1,1.0
Bhhm,3,2,5,0.6
Bhhn,1,5,6,0.17
Bhhs,3,3,6,0.5
BhlB,1,5,6,0.17
BhlH,0,2,2,0.0
BhlJ,1,0,1,1.0
BhlL,2,2,4,0.5
BhlM,2,3,5,0.4
BhlN,5,1,6,0.83
BhlP,1,4,5,0.2
BhlS,2,1,3,0.67
Bhlb,4,4,8,0.5
Bhll,2,2,4,0.5
Bhlm,3,1,4,0.75
Bhln,4,3,7,0.57
Bhls,0,1,1,0.0
BhmB,0,3,3,0.0
BhmD,2,2,4,0.5
BhmH,5,5,10,0.5
BhmJ,0,1,1,0.0
BhmL,0,2,2,0.0
BhmM,4,3,7,0.57
BhmN,4,2,6,0.67
BhmP,2,3,5,0.4
BhmS,0,2,2,0.0
Bhmb,5,4,9,0.56
Bhmh,0,1,1,0.0
Bhmm,2,1,3,0.67
Bhmn,4,5,9,0.44
Bhms,1,0,1,1.0
BhnB,3,2,5,0.6
BhnD,0,0,0,
BhnH,4,5,9,0.44
BhnI,1,0,1,1.0
BhnK,0,3,3,0.0
BhnL,3,1,4,0.75
BhnM,5,5,10,0.5
BhnN,10,14,24,0.42
BhnP,2,9,11,0.18
BhnS,4,6,10,0.4
Bhnb,3,10,13,0.23
Bhnh,1,0,1,1.0
Bhnl,1,2,3,0.33
Bhnm,4,3,7,0.57
Bhnn,5,3,8,0.62
Bhns,1,5,6,0.17
BhsB,4,1,5,0.8
BhsD,0,0,0,
BhsH,1,6,7,0.14
BhsL,2,1,3,0.67
BhsM,5,3,8,0.62
BhsN,1,2,3,0.33
BhsP,4,2,6,0.67
BhsS,2,2,4,0.5
Bhsb,1,3,4,0.25
Bhsl,1,2,3,0.33
Bhsm,3,1,4,0.75
Bhsn,1,3,4,0.25
Bhss,4,2,6,0.67
BhtP,1,0,1,1.0
Bhtb,2,0,2,1.0
Bhtl,0,0,0,
Bhtm,1,0,1,1.0
BjBB,8,11,19,0.42
BjBD,0,0,0,
BjBK,0,1,1,0.0
BjBL,3,8,11,0.27
BjBM,10,8,18,0.56
BjBN,4,15,19,0.21
BjBP,7,13,20,0.35
BjBS,5,8,13,0.38
BjBb,7,12,19,0.37
BjBh,1,2,3,0.33
BjBj,1,1,2,0.5
BjBl,5,6,11,0.45
BjBm,7,7,14,0.5
BjBn,13,10,23,0.57
BjBs,6,5,11,0.55
BjBt,1,1,2,0.5
BjDH,0,1,1,0.0
BjDL,1,0,1,1.0
BjDM,0,0,0,
BjDN,0,0,0,
BjDP,0,1,1,0.0
BjDS,2,1,3,0.67
BjDb,1,0,1,1.0
BjDm,1,1,2,0.5
BjDn,1,1,2,0.5
BjHB,1,3,4,0.25
BjHH,0,1,1,0.0
BjHL,1,2,3,0.33
BjHM,1,2,3,0.33
BjHN,3,5,8,0.38
BjHP,6,5,11,0.55
BjHS,2,2,4,0.5
BjHb,2,1,3,0.67
BjHh,3,1,4,0.75
BjHl,1,3,4,0.25
BjHm,4,1,5,0.8
BjHn,0,4,4,0.0
BjHs,1,2,3,0.33
BjID,1,0,1,1.0
BjIH,1,0,1,1.0
BjIM,1,1,2,0.5
BjIN,0,0,0,
BjIP,0,3,3,0.0
BjIS,0,2,2,0.0
BjIb,0,2,2,0.0
BjIl,1,0,1,1.0
BjIs,1,3,4,0.25
BjKB,1,2,3,0.33
BjKH,0,0,0,
BjKL,0,1,1,0.0
BjKM,1,0,1,1.0
BjKN,0,1,1,0.0
BjKP,1,1,2,0.5
BjKS,1,0,1,1.0
BjKb,0,1,1,0.0
BjKh,1,0,1,1.0
BjKl,0,0,0,
BjKm,0,2,2,0.0
BjLB,4,3,7,0.57
BjLD,1,0,1,1.0
BjLK,1,0,1,1.0
BjLL,1,1,2,0.5
BjLM,3,3,6,0.5
BjLN,4,6,10,0.4
BjLP,3,8,11,0.27
BjLS,0,3,3,0.0
BjLb,6,2,8,0.75
BjLh,2,3,5,0.4
BjLj,2,0,2,1.0
BjLl,1,3,4,0.25
BjLm,5,3,8,0.62
BjLn,4,7,11,0.36
BjLs,3,3,6,0.5
BjMB,9,7,16,0.56
BjML,2,4,6,0.33
BjMM,6,3,9,0.67
BjMN,10,14,24,0.42
BjMP,12,10,22,0.55
BjMS,8,4,12,0.67
BjMb,17,6,23,0.74
BjMh,8,7,15,0.53
BjMj,0,3,3,0.0
BjMl,4,5,9,0.44
BjMm,11,10,21,0.52
BjMn,12,17,29,0.41
BjMs,7,5,12,0.58
BjMt,0,1,1,0.0
BjNB,7,4,11,0.64
BjND,1,0,1,1.0
BjNK,0,2,2,0.0
BjNL,3,5,8,0.38
BjNM,8,8,16,0.5
BjNN,7,5,12,0.58
BjNP,19,20,39,0.49
BjNS,4,11,15,0.27
BjNb,9,5,14,0.64
BjNh,2,6,8,0.25
BjNl,4,4,8,0.5
BjNm,9,12,21,0.43
BjNn,19,10,29,0.66
BjNs,8,5,13,0.62
BjNt,0,0,0,
BjPB,7,9,16,0.44
BjPD,2,0,2,1.0
BjPH,3,2,5,0.6
BjPI,2,0,2,1.0
BjPK,3,0,3,1.0
BjPL,10,10,20,0.5
BjPM,7,20,27,0.26
BjPN,17,13,30,0.57
BjPP,21,24,45,0.47
BjPS,13,18,31,0.42
BjPb,19,16,35,0.54
BjPh,3,4,7,0.43
BjPl,9,9,18,0.5
BjPm,13,9,22,0.59
BjPn,19,10,29,0.66
BjPs,12,12,24,0.5
BjPt,2,1,3,0.67
BjSB,5,2,7,0.71
BjSD,1,0,1,1.0
BjSH,2,1,3,0.67
BjSL,1,2,3,0.33
BjSM,3,4,7,0.43
BjSN,6,4,10,0.6
BjSP,11,11,22,0.5
BjSS,5,6,11,0.45
BjSb,5,8,13,0.38
BjSh,4,8,12,0.33
BjSl,2,5,7,0.29
BjSm,4,7,11,0.36
BjSn,7,7,14,0.5
BjSs,8,2,10,0.8
BjSt,0,1,1,0.0
BjbB,13,9,22,0.59
BjbD,1,1,2,0.5
BjbH,4,3,7,0.57
BjbI,1,0,1,1.0
BjbJ,3,1,4,0.75
BjbK,0,1,1,0.0
BjbL,6,7,13,0.46
BjbM,11,16,27,0.41
BjbN,14,13,27,0.52
BjbP,17,20,37,0.46
BjbS,8,6,14,0.57
Bjbb,16,11,27,0.59
Bjbl,4,3,7,0.57
Bjbm,11,8,19,0.58
Bjbn,13,8,21,0.62
Bjbs,5,3,8,0.62
BjhB,2,1,3,0.67
BjhH,0,2,2,0.0
BjhL,2,0,2,1.0
BjhM,0,2,2,0.0
BjhN,3,2,5,0.6
BjhP,4,4,8,0.5
BjhS,2,2,4,0.5
Bjhb,4,3,7,0.57
Bjhh,3,1,4,0.75
Bjhl,1,5,6,0.17
Bjhm,0,2,2,0.0
Bjhn,0,2,2,0.0
Bjhs,3,1,4,0.75
BjlB,3,6,9,0.33
BjlD,0,1,1,0.0
BjlH,6,6,12,0.5
BjlI,0,2,2,0.0
BjlJ,3,1,4,0.75
BjlK,1,0,1,1.0
BjlL,4,1,5,0.8
BjlM,3,7,10,0.3
BjlN,9,4,13,0.69
BjlP,3,7,10,0.3
BjlS,7,2,9,0.78
Bjlb,5,8,13,0.38
Bjll,2,2,4,0.5
Bjlm,5,4,9,0.56
Bjln,7,7,14,0.5
Bjls,6,4,10,0.6
BjmB,2,9,11,0.18
BjmD,1,2,3,0.33
BjmH,5,6,11,0.45
BjmI,2,0,2,1.0
BjmJ,2,4,6,0.33
BjmL,2,2,4,0.5
BjmM,7,5,12,0.58
BjmN,9,6,15,0.6
BjmP,15,11,26,0.58
BjmS,2,6,8,0.25
Bjmb,7,3,10,0.7
Bjml,3,4,7,0.43
Bjmm,6,6,12,0.5
Bjmn,5,5,10,0.5
Bjms,3,4,7,0.43
BjnB,8,13,21,0.38
BjnD,0,1,1,0.0
BjnH,5,8,13,0.38
BjnI,1,1,2,0.5
BjnK,2,2,4,0.5
BjnL,12,4,16,0.75
BjnM,8,18,26,0.31
BjnN,14,10,24,0.58
BjnP,24,15,39,0.62
BjnS,8,10,18,0.44
Bjnb,12,6,18,0.67
Bjnh,0,2,2,0.0
Bjnl,8,4,12,0.67
Bjnm,7,9,16,0.44
Bjnn,14,12,26,0.54
Bjns,5,8,13,0.38
BjsB,3,0,3,1.0
BjsD,0,1,1,0.0
BjsH,3,5,8,0.38
BjsI,0,0,0,
BjsL,3,3,6,0.5
BjsM,6,1,7,0.86
BjsN,5,10,15,0.33
BjsP,6,12,18,0.33
BjsS,7,5,12,0.58
Bjsb,3,4,7,0.43
Bjsl,3,3,6,0.5
Bjsm,6,2,8,0.75
Bjsn,5,6,11,0.45
Bjss,7,5,12,0.58
BjtB,0,2,2,0.0
BjtH,0,0,0,
BjtK,0,1,1,0.0
BjtL,2,0,2,1.0
BjtM,0,1,1,0.0
BjtN,1,3,4,0.25
BjtP,4,3,7,0.57
BjtS,1,1,2,0.5
Bjtb,1,1,2,0.5
Bjtl,0,2,2,0.0
Bjtm,0,3,3,0.0
Bjtn,3,3,6,0.5
Bjts,2,0,2,1.0
BlBB,10,9,19,0.53
BlBK,1,3,4,0.25
BlBL,4,5,9,0.44
BlBM,12,7,19,0.63
BlBN,13,16,29,0.45
BlBP,10,29,39,0.26
BlBS,5,1,6,0.83
BlBb,11,10,21,0.52
BlBj,4,2,6,0.67
BlBl,6,3,9,0.67
BlBm,10,8,18,0.56
BlBn,13,13,26,0.5
BlBs,3,6,9,0.33
BlBt,3,3,6,0.5
BlDB,1,1,2,0.5
BlDH,2,1,3,0.67
BlDM,2,0,2,1.0
BlDN,1,4,5,0.2
BlDS,0,2,2,0.0
BlDb,1,1,2,0.5
BlDl,1,0,1,1.0
BlDm,1,0,1,1.0
BlDn,1,1,2,0.5
BlDs,3,1,4,0.75
BlHB,6,7,13,0.46
BlHD,1,0,1,1.0
BlHH,3,1,4,0.75
BlHI,1,0,1,1.0
BlHK,0,1,1,0.0
BlHL,2,3,5,0.4
BlHM,6,8,14,0.43
BlHN,8,15,23,0.35
BlHP,9,18,27,0.33
BlHS,3,7,10,0.3
BlHb,13,8,21,0.62
BlHh,4,10,14,0.29
BlHl,3,4,7,0.43
BlHm,4,7,11,0.36
BlHn,13,14,27,0.48
BlHs,9,7,16,0.56
BlIB,3,2,5,0.6
BlID,0,0,0,
BlIN,1,5,6,0.17
BlIP,0,2,2,0.0
BlIS,0,1,1,0.0
BlIb,1,1,2,0.5
BlIl,0,1,1,0.0
BlIm,1,1,2,0.5
BlIn,1,3,4,0.25
BlIs,0,1,1,0.0
BlJB,1,3,4,0.25
BlJD,0,1,1,0.0
BlJH,3,1,4,0.75
BlJK,0,0,0,
BlJL,1,0,1,1.0
BlJM,1,4,5,0.2
BlJN,2,3,5,0.4
BlJP,1,5,6,0.17
BlJS,2,1,3,0.67
BlJb,5,2,7,0.71
BlJl,2,4,6,0.33
BlJm,5,1,6,0.83
BlJn,1,8,9,0.11
BlJs,2,3,5,0.4
BlJt,1,0,1,1.0
BlKM,2,1,3,0.67
BlKP,1,0,1,1.0
BlKS,0,1,1,0.0
BlKb,1,0,1,1.0
BlKm,1,0,1,1.0
BlKn,1,1,2,0.5
BlLB,3,4,7,0.43
BlLD,1,0,1,1.0
BlLL,1,1,2,0.5
BlLM,3,1,4,0.75
BlLN,11,6,17,0.65
BlLP,9,10,19,0.47
BlLS,7,2,9,0.78
BlLb,8,7,15,0.53
BlLh,2,0,2,1.0
BlLj,0,2,2,0.0
BlLl,4,3,7,0.57
BlLm,3,7,10,0.3
BlLn,9,4,13,0.69
BlLs,3,4,7,0.43
BlLt,2,0,2,1.0
BlMB,17,5,22,0.77
BlMD,1,0,1,1.0
BlML,5,4,9,0.56
BlMM,13,10,23,0.57
BlMN,13,20,33,0.39
BlMP,20,19,39,0.51
BlMS,5,6,11,0.45
BlMb,13,18,31,0.42
BlMh,6,9,15,0.4
BlMj,5,6,11,0.45
BlMl,10,5,15,0.67
BlMm,7,7,14,0.5
BlMn,18,16,34,0.53
BlMs,4,8,12,0.33
BlMt,2,0,2,1.0
BlNB,7,10,17,0.41
BlND,3,1,4,0.75
BlNH,1,3,4,0.25
BlNK,1,1,2,0.5
BlNL,10,10,20,0.5
BlNM,15,10,25,0.6
BlNN,19,11,30,0.63
BlNP,24,26,50,0.48
BlNS,6,8,14,0.43
BlNb,10,15,25,0.4
BlNh,2,3,5,0.4
BlNl,5,8,13,0.38
BlNm,11,9,20,0.55
BlNn,20,26,46,0.43
BlNs,14,7,21,0.67
BlNt,3,2,5,0.6
BlPB,14,12,26,0.54
BlPD,2,1,3,0.67
BlPH,6,5,11,0.55
BlPI,1,0,1,1.0
BlPK,1,1,2,0.5
BlPL,10,2,12,0.83
BlPM,15,15,30,0.5
BlPN,15,15,30,0.5
BlPP,33,25,58,0.57
BlPS,19,15,34,0.56
BlPb,22,15,37,0.59
BlPh,2,2,4,0.5
BlPl,5,7,12,0.42
BlPm,15,6,21,0.71
BlPn,18,11,29,0.62
BlPs,14,11,25,0.56
BlPt,0,0,0,
BlSB,6,9,15,0.4
BlSD,2,1,3,0.67
BlSH,4,1,5,0.8
BlSL,4,3,7,0.57
BlSM,6,9,15,0.4
BlSN,14,5,19,0.74
BlSP,8,13,21,0.38
BlSS,8,13,21,0.38
BlSb,13,9,22,0.59
BlSh,3,5,8,0.38
BlSl,1,2,3,0.33
BlSm,6,3,9,0.67
BlSn,10,7,17,0.59
BlSs,10,11,21,0.48
BlSt,1,1,2,0.5
BlbB,13,10,23,0.57
BlbD,1,0,1,1.0
BlbH,5,3,8,0.62
BlbI,1,0,1,1.0
BlbJ,3,3,6,0.5
BlbK,0,1,1,0.0
BlbL,3,7,10,0.3
BlbM,20,12,32,0.62
BlbN,15,18,33,0.45
BlbP,26,14,40,0.65
BlbS,6,8,14,0.43
Blbb,11,13,24,0.46
Blbl,6,4,10,0.6
Blbm,9,6,15,0.6
Blbn,11,16,27,0.41
Blbs,6,6,12,0.5
BllB,4,4,8,0.5
BllD,0,0,0,
BllH,7,5,12,0.58
BllI,0,1,1,0.0
BllJ,3,0,3,1.0
BllL,1,8,9,0.11
BllM,1,5,6,0.17
BllN,6,1,7,0.86
BllP,11,10,21,0.52
BllS,3,3,6,0.5
Bllb,6,4,10,0.6
Blll,4,5,9,0.44
Bllm,4,4,8,0.5
Blln,7,9,16,0.44
Blls,3,2,5,0.6
BlmB,8,10,18,0.44
BlmD,0,1,1,0.0
BlmH,5,12,17,0.29
BlmI,2,0,2,1.0
BlmJ,3,2,5,0.6
BlmL,3,2,5,0.6
BlmM,8,9,17,0.47
BlmN,20,10,30,0.67
BlmP,13,7,20,0.65
BlmS,7,8,15,0.47
Blmb,8,11,19,0.42
Blml,7,1,8,0.88
Blmm,4,10,14,0.29
Blmn,14,8,22,0.64
Blms,3,3,6,0.5
BlnB,6,5,11,0.55
BlnD,1,3,4,0.25
BlnH,6,6,12,0.5
BlnI,0,0,0,
BlnK,1,2,3,0.33
BlnL,7,3,10,0.7
BlnM,12,10,22,0.55
BlnN,15,8,23,0.65
BlnP,17,19,36,0.47
BlnS,8,7,15,0.53
Blnb,16,11,27,0.59
Blnl,4,4,8,0.5
Blnm,14,13,27,0.52
Blnn,14,18,32,0.44
Blns,7,6,13,0.54
BlsB,5,7,12,0.42
BlsH,10,8,18,0.56
BlsI,1,0,1,1.0
BlsL,3,6,9,0.33
BlsM,5,9,14,0.36
BlsN,6,4,10,0.6
BlsP,6,15,21,0.29
BlsS,9,5,14,0.64
Blsb,11,6,17,0.65
Blsl,3,6,9,0.33
Blsm,5,8,13,0.38
Blsn,5,7,12,0.42
Blss,12,7,19,0.63
BmBB,17,14,31,0.55
BmBD,1,1,2,0.5
BmBK,4,0,4,1.0
BmBL,2,4,6,0.33
BmBM,13,16,29,0.45
BmBN,26,26,52,0.5
BmBP,27,16,43,0.63
BmBS,17,17,34,0.5
BmBb,15,21,36,0.42
BmBh,3,4,7,0.43
BmBj,4,6,10,0.4
BmBl,6,8,14,0.43
BmBm,21,17,38,0.55
BmBn,28,28,56,0.5
BmBs,7,9,16,0.44
BmBt,3,4,7,0.43
BmDB,2,1,3,0.67
BmDH,1,2,3,0.33
BmDI,0,1,1,0.0
BmDL,2,2,4,0.5
BmDM,5,3,8,0.62
BmDN,4,1,5,0.8
BmDP,4,4,8,0.5
BmDS,4,3,7,0.57
BmDb,0,1,1,0.0
BmDl,0,1,1,0.0
BmDm,1,2,3,0.33
BmDn,0,3,3,0.0
BmDs,1,1,2,0.5
BmDt,1,1,2,0.5
BmHB,11,15,26,0.42
BmHD,1,0,1,1.0
BmHH,3,5,8,0.38
BmHI,0,3,3,0.0
BmHK,2,0,2,1.0
BmHL,6,6,12,0.5
BmHM,28,14,42,0.67
BmHN,13,15,28,0.46
BmHP,22,24,46,0.48
BmHS,11,13,24,0.46
BmHb,5,12,17,0.29
BmHh,10,16,26,0.38
BmHl,8,7,15,0.53
BmHm,11,13,24,0.46
BmHn,21,23,44,0.48
BmHs,5,19,24,0.21
BmHt,2,2,4,0.5
BmIB,2,2,4,0.5
BmID,1,0,1,1.0
BmIH,2,2,4,0.5
BmIM,1,1,2,0.5
BmIN,2,2,4,0.5
BmIP,5,2,7,0.71
BmIS,2,2,4,0.5
BmIb,1,1,2,0.5
BmIl,0,1,1,0.0
BmIm,3,2,5,0.6
BmIn,0,5,5,0.0
BmIs,2,2,4,0.5
BmJB,2,5,7,0.29
BmJD,1,0,1,1.0
BmJH,3,2,5,0.6
BmJI,1,0,1,1.0
BmJL,2,1,3,0.67
BmJM,5,3,8,0.62
BmJN,10,8,18,0.56
BmJP,8,3,11,0.73
BmJS,4,5,9,0.44
BmJb,3,5,8,0.38
BmJh,2,1,3,0.67
BmJl,4,2,6,0.67
BmJm,2,4,6,0.33
BmJn,5,9,14,0.36
BmJs,7,4,11,0.64
BmJt,1,0,1,1.0
BmKb,0,0,0,
BmKn,0,1,1,0.0
BmKs,1,0,1,1.0
BmLB,5,4,9,0.56
BmLL,3,1,4,0.75
BmLM,6,9,15,0.4
BmLN,11,9,20,0.55
BmLP,14,12,26,0.54
BmLS,3,8,11,0.27
BmLb,6,9,15,0.4
BmLh,4,8,12,0.33
BmLj,3,3,6,0.5
BmLl,2,1,3,0.67
BmLm,6,9,15,0.4
BmLn,10,10,20,0.5
BmLs,3,6,9,0.33
BmLt,0,2,2,0.0
BmMB,21,17,38,0.55
BmMD,1,0,1,1.0
BmMH,1,0,1,1.0
BmML,7,7,14,0.5
BmMM,21,22,43,0.49
BmMN,26,28,54,0.48
BmMP,29,38,67,0.43
BmMS,15,12,27,0.56
BmMb,24,25,49,0.49
BmMh,17,21,38,0.45
BmMj,10,6,16,0.62
BmMl,6,4,10,0.6
BmMm,21,17,38,0.55
BmMn,43,48,91,0.47
BmMs,15,20,35,0.43
BmMt,5,4,9,0.56
BmNB,10,20,30,0.33
BmND,2,1,3,0.67
BmNH,9,6,15,0.6
BmNK,0,3,3,0.0
BmNL,8,10,18,0.44
BmNM,28,27,55,0.51
BmNN,35,39,74,0.47
BmNP,59,47,106,0.56
BmNS,28,25,53,0.53
BmNb,26,25,51,0.51
BmNh,12,10,22,0.55
BmNl,13,18,31,0.42
BmNm,17,17,34,0.5
BmNn,56,50,106,0.53
BmNs,11,16,27,0.41
BmNt,4,6,10,0.4
BmPB,22,25,47,0.47
BmPD,0,0,0,
BmPH,11,12,23,0.48
BmPI,1,1,2,0.5
BmPK,3,2,5,0.6
BmPL,11,18,29,0.38
BmPM,37,37,74,0.5
BmPN,31,31,62,0.5
BmPP,58,46,104,0.56
BmPS,19,18,37,0.51
BmPb,31,26,57,0.54
BmPh,2,5,7,0.29
BmPl,18,16,34,0.53
BmPm,35,13,48,0.73
BmPn,27,36,63,0.43
BmPs,26,25,51,0.51
BmPt,7,7,14,0.5
BmSB,11,11,22,0.5
BmSH,1,5,6,0.17
BmSL,3,2,5,0.6
BmSM,9,15,24,0.38
BmSN,18,13,31,0.58
BmSP,17,18,35,0.49
BmSS,10,14,24,0.42
BmSb,11,10,21,0.52
BmSh,7,8,15,0.47
BmSl,5,3,8,0.62
BmSm,11,8,19,0.58
BmSn,26,18,44,0.59
BmSs,21,19,40,0.52
BmSt,2,0,2,1.0
BmbB,24,21,45,0.53
BmbD,1,1,2,0.5
BmbH,7,7,14,0.5
BmbI,4,1,5,0.8
BmbJ,7,3,10,0.7
BmbK,1,0,1,1.0
BmbL,12,9,21,0.57
BmbM,19,33,52,0.37
BmbN,32,31,63,0.51
BmbP,31,27,58,0.53
BmbS,15,12,27,0.56
Bmbb,28,17,45,0.62
Bmbl,10,9,19,0.53
Bmbm,28,12,40,0.7
Bmbn,33,38,71,0.46
Bmbs,7,6,13,0.54
BmlB,13,11,24,0.54
BmlH,6,10,16,0.38
BmlI,0,2,2,0.0
BmlJ,5,2,7,0.71
BmlL,5,5,10,0.5
BmlM,6,8,14,0.43
BmlN,9,7,16,0.56
BmlP,11,8,19,0.58
BmlS,6,3,9,0.67
Bmlb,8,4,12,0.67
Bmll,1,6,7,0.14
Bmlm,4,3,7,0.57
Bmln,7,9,16,0.44
Bmls,3,2,5,0.6
BmmB,18,18,36,0.5
BmmD,3,2,5,0.6
BmmH,14,11,25,0.56
BmmI,0,2,2,0.0
BmmJ,4,4,8,0.5
BmmL,4,5,9,0.44
BmmM,23,17,40,0.57
BmmN,21,29,50,0.42
BmmP,20,23,43,0.47
BmmS,11,11,22,0.5
Bmmb,19,29,48,0.4
Bmml,3,5,8,0.38
Bmmm,10,10,20,0.5
Bmmn,19,21,40,0.48
Bmms,6,8,14,0.43
BmnB,11,22,33,0.33
BmnD,3,1,4,0.75
BmnH,21,16,37,0.57
BmnI,5,6,11,0.45
BmnK,2,2,4,0.5
BmnL,7,8,15,0.47
BmnM,25,23,48,0.52
BmnN,31,29,60,0.52
BmnP,25,36,61,0.41
BmnS,15,16,31,0.48
Bmnb,23,18,41,0.56
Bmnh,0,0,0,
Bmnl,3,16,19,0.16
Bmnm,16,16,32,0.5
Bmnn,35,41,76,0.46
Bmns,11,11,22,0.5
BmsB,4,5,9,0.44
BmsH,5,7,12,0.42
BmsI,2,2,4,0.5
BmsL,3,4,7,0.43
BmsM,10,12,22,0.45
BmsN,12,11,23,0.52
BmsP,19,16,35,0.54
BmsS,6,11,17,0.35
Bmsb,9,11,20,0.45
Bmsl,7,3,10,0.7
Bmsm,9,9,18,0.5
Bmsn,10,12,22,0.45
Bmss,3,10,13,0.23
BmtB,0,0,0,
BnBB,27,28,55,0.49
BnBD,2,1,3,0.67
BnBH,0,1,1,0.0
BnBK,0,2,2,0.0
BnBL,9,13,22,0.41
BnBM,21,32,53,0.4
BnBN,27,38,65,0.42
BnBP,36,44,80,0.45
BnBS,17,15,32,0.53
BnBb,32,23,55,0.58
BnBh,4,8,12,0.33
BnBj,8,7,15,0.53
BnBl,8,13,21,0.38
BnBm,25,20,45,0.56
BnBn,34,39,73,0.47
BnBs,8,20,28,0.29
BnBt,3,5,8,0.38
BnDB,5,2,7,0.71
BnDH,3,1,4,0.75
BnDI,0,1,1,0.0
BnDL,1,1,2,0.5
BnDM,3,4,7,0.43
BnDN,4,3,7,0.57
BnDP,5,3,8,0.62
BnDS,2,4,6,0.33
BnDb,0,5,5,0.0
BnDm,7,3,10,0.7
BnDn,3,4,7,0.43
BnDs,1,2,3,0.33
BnDt,0,2,2,0.0
BnHB,15,13,28,0.54
BnHD,3,1,4,0.75
BnHH,4,2,6,0.67
BnHI,1,3,4,0.25
BnHK,1,0,1,1.0
BnHL,6,3,9,0.67
BnHM,19,16,35,0.54
BnHN,24,29,53,0.45
BnHP,37,35,72,0.51
BnHS,10,15,25,0.4
BnHb,10,12,22,0.45
BnHh,5,13,18,0.28
BnHl,8,8,16,0.5
BnHm,18,12,30,0.6
BnHn,34,19,53,0.64
BnHs,14,14,28,0.5
BnHt,2,2,4,0.5
BnIB,2,7,9,0.22
BnID,0,3,3,0.0
BnIH,3,4,7,0.43
BnII,0,1,1,0.0
BnIL,1,4,5,0.2
BnIM,4,3,7,0.57
BnIN,5,8,13,0.38
BnIP,9,10,19,0.47
BnIS,3,6,9,0.33
BnIb,7,9,16,0.44
BnIl,0,1,1,0.0
BnIm,6,9,15,0.4
BnIn,5,7,12,0.42
BnIs,3,0,3,1.0
BnIt,1,0,1,1.0
BnKB,2,2,4,0.5
BnKI,0,1,1,0.0
BnKL,0,3,3,0.0
BnKM,4,3,7,0.57
BnKN,3,1,4,0.75
BnKP,8,5,13,0.62
BnKS,1,2,3,0.33
BnKb,5,7,12,0.42
BnKh,3,2,5,0.6
BnKl,0,0,0,
BnKm,4,4,8,0.5
BnKn,5,2,7,0.71
BnKs,0,3,3,0.0
BnKt,1,0,1,1.0
BnLB,10,14,24,0.42
BnLD,1,1,2,0.5
BnLK,2,0,2,1.0
BnLL,6,4,10,0.6
BnLM,11,15,26,0.42
BnLN,11,15,26,0.42
BnLP,17,21,38,0.45
BnLS,11,9,20,0.55
BnLb,11,13,24,0.46
BnLh,5,7,12,0.42
BnLj,2,6,8,0.25
BnLl,4,3,7,0.57
BnLm,12,14,26,0.46
BnLn,17,22,39,0.44
BnLs,10,8,18,0.56
BnLt,1,2,3,0.33
BnMB,35,34,69,0.51
BnMD,4,1,5,0.8
BnML,7,19,26,0.27
BnMM,32,44,76,0.42
BnMN,38,34,72,0.53
BnMP,40,30,70,0.57
BnMS,20,29,49,0.41
BnMb,41,29,70,0.59
BnMh,27,35,62,0.44
BnMj,10,11,21,0.48
BnMl,20,18,38,0.53
BnMm,38,26,64,0.59
BnMn,54,57,111,0.49
BnMs,20,14,34,0.59
BnMt,8,4,12,0.67
BnNB,48,27,75,0.64
BnND,6,3,9,0.67
BnNH,12,8,20,0.6
BnNK,1,1,2,0.5
BnNL,15,16,31,0.48
BnNM,47,53,100,0.47
BnNN,63,69,132,0.48
BnNP,92,101,193,0.48
BnNS,32,54,86,0.37
BnNb,52,35,87,0.6
BnNh,15,19,34,0.44
BnNl,20,24,44,0.45
BnNm,46,47,93,0.49
BnNn,89,73,162,0.55
BnNs,20,42,62,0.32
BnNt,4,10,14,0.29
BnPB,41,33,74,0.55
BnPD,1,7,8,0.12
BnPH,22,21,43,0.51
BnPI,2,3,5,0.4
BnPK,7,3,10,0.7
BnPL,30,27,57,0.53
BnPM,56,63,119,0.47
BnPN,68,81,149,0.46
BnPP,107,94,201,0.53
BnPS,47,40,87,0.54
BnPb,53,61,114,0.46
BnPh,4,8,12,0.33
BnPl,31,35,66,0.47
BnPm,60,46,106,0.57
BnPn,76,71,147,0.52
BnPs,44,28,72,0.61
BnPt,10,6,16,0.62
BnSB,21,24,45,0.47
BnSD,0,3,3,0.0
BnSH,8,10,18,0.44
BnSK,3,0,3,1.0
BnSL,6,12,18,0.33
BnSM,25,23,48,0.52
BnSN,23,39,62,0.37
BnSP,36,61,97,0.37
BnSS,18,21,39,0.46
BnSb,24,24,48,0.5
BnSh,20,20,40,0.5
BnSl,14,9,23,0.61
BnSm,25,21,46,0.54
BnSn,35,37,72,0.49
BnSs,32,24,56,0.57
BnSt,6,2,8,0.75
BnbB,43,30,73,0.59
BnbD,3,2,5,0.6
BnbH,9,13,22,0.41
BnbI,3,5,8,0.38
BnbJ,14,16,30,0.47
BnbK,3,3,6,0.5
BnbL,7,22,29,0.24
BnbM,35,43,78,0.45
BnbN,50,58,108,0.46
BnbP,45,36,81,0.56
BnbS,21,20,41,0.51
Bnbb,42,34,76,0.55
Bnbl,12,8,20,0.6
Bnbm,36,24,60,0.6
Bnbn,41,37,78,0.53
Bnbs,15,16,31,0.48
BnhB,2,1,3,0.67
BnhD,0,0,0,
BnhH,1,0,1,1.0
BnhL,0,1,1,0.0
BnhM,1,3,4,0.25
BnhN,1,2,3,0.33
BnhP,3,3,6,0.5
BnhS,2,0,2,1.0
Bnhb,3,3,6,0.5
Bnhh,1,2,3,0.33
Bnhm,1,0,1,1.0
Bnhn,4,3,7,0.57
Bnhs,3,3,6,0.5
Bnht,1,0,1,1.0
BnlB,6,12,18,0.33
BnlD,0,1,1,0.0
BnlH,13,12,25,0.52
BnlI,1,2,3,0.33
BnlJ,5,3,8,0.62
BnlK,0,0,0,
BnlL,11,4,15,0.73
BnlM,15,20,35,0.43
BnlN,18,16,34,0.53
BnlP,19,28,47,0.4
BnlS,10,14,24,0.42
Bnlb,17,12,29,0.59
Bnll,6,6,12,0.5
Bnlm,16,10,26,0.62
Bnln,28,10,38,0.74
Bnls,11,12,23,0.48
BnmB,15,23,38,0.39
BnmD,2,2,4,0.5
BnmH,22,17,39,0.56
BnmI,1,3,4,0.25
BnmJ,8,13,21,0.38
BnmL,15,5,20,0.75
BnmM,38,32,70,0.54
BnmN,49,43,92,0.53
BnmP,54,48,102,0.53
BnmS,19,18,37,0.51
Bnmb,28,30,58,0.48
Bnml,14,11,25,0.56
Bnmm,24,15,39,0.62
Bnmn,44,28,72,0.61
Bnms,12,18,30,0.4
BnnB,37,43,80,0.46
BnnD,3,4,7,0.43
BnnH,25,23,48,0.52
BnnI,3,4,7,0.43
BnnK,1,3,4,0.25
BnnL,12,18,30,0.4
BnnM,34,51,85,0.4
BnnN,46,74,120,0.38
BnnP,67,76,143,0.47
BnnS,36,35,71,0.51
Bnnb,52,44,96,0.54
Bnnh,1,1,2,0.5
Bnnl,16,23,39,0.41
Bnnm,42,32,74,0.57
Bnnn,64,53,117,0.55
Bnns,35,43,78,0.45
BnsB,12,14,26,0.46
BnsD,3,5,8,0.38
BnsH,24,21,45,0.53
BnsI,5,1,6,0.83
BnsK,1,0,1,1.0
BnsL,9,13,22,0.41
BnsM,30,26,56,0.54
BnsN,19,34,53,0.36
BnsP,32,30,62,0.52
BnsS,27,22,49,0.55
Bnsb,18,14,32,0.56
Bnsh,1,2,3,0.33
Bnsl,7,12,19,0.37
Bnsm,15,16,31,0.48
Bnsn,26,17,43,0.6
Bnss,22,24,46,0.48
BntP,0,1,1,0.0
Bntn,1,1,2,0.5
BsBB,4,8,12,0.33
BsBD,0,1,1,0.0
BsBK,0,1,1,0.0
BsBL,0,4,4,0.0
BsBM,7,8,15,0.47
BsBN,12,9,21,0.57
BsBP,15,13,28,0.54
BsBS,3,11,14,0.21
BsBb,7,7,14,0.5
BsBh,1,0,1,1.0
BsBj,5,6,11,0.45
BsBl,6,7,13,0.46
BsBm,8,8,16,0.5
BsBn,12,6,18,0.67
BsBs,6,2,8,0.75
BsBt,2,3,5,0.4
BsDB,3,0,3,1.0
BsDI,0,1,1,0.0
BsDL,0,1,1,0.0
BsDM,0,2,2,0.0
BsDN,4,3,7,0.57
BsDP,0,2,2,0.0
BsDS,1,0,1,1.0
BsDb,1,2,3,0.33
BsDh,1,0,1,1.0
BsDm,1,2,3,0.33
BsDn,0,2,2,0.0
BsDs,1,1,2,0.5
BsHB,7,9,16,0.44
BsHD,2,1,3,0.67
BsHH,5,1,6,0.83
BsHI,0,0,0,
BsHK,0,3,3,0.0
BsHL,4,10,14,0.29
BsHM,10,14,24,0.42
BsHN,12,15,27,0.44
BsHP,26,17,43,0.6
BsHS,16,9,25,0.64
BsHb,10,10,20,0.5
BsHh,7,8,15,0.47
BsHl,6,2,8,0.75
BsHm,10,10,20,0.5
BsHn,11,13,24,0.46
BsHs,9,9,18,0.5
BsHt,1,1,2,0.5
BsIB,0,1,1,0.0
BsIH,1,2,3,0.33
BsIL,0,1,1,0.0
BsIM,2,1,3,0.67
BsIN,3,3,6,0.5
BsIP,1,3,4,0.25
BsIS,1,3,4,0.25
BsIb,3,0,3,1.0
BsIl,0,2,2,0.0
BsIm,1,4,5,0.2
BsIn,0,1,1,0.0
BsIs,2,3,5,0.4
BsKP,3,0,3,1.0
BsKh,0,1,1,0.0
BsKm,0,1,1,0.0
BsLB,4,5,9,0.44
BsLK,1,0,1,1.0
BsLL,1,2,3,0.33
BsLM,6,5,11,0.55
BsLN,3,5,8,0.38
BsLP,5,2,7,0.71
BsLS,1,5,6,0.17
BsLb,4,6,10,0.4
BsLh,5,3,8,0.62
BsLj,2,2,4,0.5
BsLl,3,4,7,0.43
BsLm,5,7,12,0.42
BsLn,5,10,15,0.33
BsLs,3,4,7,0.43
BsLt,2,0,2,1.0
BsMB,8,15,23,0.35
BsML,6,1,7,0.86
BsMM,7,14,21,0.33
BsMN,9,15,24,0.38
BsMP,16,21,37,0.43
BsMS,11,10,21,0.52
BsMb,7,9,16,0.44
BsMh,5,8,13,0.38
BsMj,3,6,9,0.33
BsMl,7,5,12,0.58
BsMm,15,9,24,0.62
BsMn,16,26,42,0.38
BsMs,4,11,15,0.27
BsMt,1,0,1,1.0
BsNB,10,9,19,0.53
BsND,4,1,5,0.8
BsNH,2,2,4,0.5
BsNK,0,2,2,0.0
BsNL,11,2,13,0.85
BsNM,10,17,27,0.37
BsNN,18,16,34,0.53
BsNP,31,21,52,0.6
BsNS,11,10,21,0.52
BsNb,18,16,34,0.53
BsNh,4,8,12,0.33
BsNl,5,5,10,0.5
BsNm,12,9,21,0.57
BsNn,19,24,43,0.44
BsNs,5,13,18,0.28
BsNt,5,4,9,0.56
BsPB,15,15,30,0.5
BsPD,1,0,1,1.0
BsPH,9,9,18,0.5
BsPI,3,3,6,0.5
BsPK,1,3,4,0.25
BsPL,9,14,23,0.39
BsPM,17,21,38,0.45
BsPN,20,25,45,0.44
BsPP,26,41,67,0.39
BsPS,12,16,28,0.43
BsPb,30,20,50,0.6
BsPh,3,2,5,0.6
BsPl,9,10,19,0.47
BsPm,19,14,33,0.58
BsPn,18,17,35,0.51
BsPs,9,18,27,0.33
BsPt,4,1,5,0.8
BsSB,7,7,14,0.5
BsSD,1,3,4,0.25
BsSH,7,7,14,0.5
BsSL,8,5,13,0.62
BsSM,6,14,20,0.3
BsSN,9,14,23,0.39
BsSP,12,18,30,0.4
BsSS,12,12,24,0.5
BsSb,8,10,18,0.44
BsSh,10,7,17,0.59
BsSl,5,5,10,0.5
BsSm,17,15,32,0.53
BsSn,17,14,31,0.55
BsSs,18,17,35,0.51
BsSt,2,2,4,0.5
BsbB,13,11,24,0.54
BsbD,1,1,2,0.5
BsbH,2,5,7,0.29
BsbI,0,1,1,0.0
BsbJ,4,4,8,0.5
BsbK,1,1,2,0.5
BsbL,7,10,17,0.41
BsbM,14,7,21,0.67
BsbN,18,15,33,0.55
BsbP,18,13,31,0.58
BsbS,7,11,18,0.39
Bsbb,21,17,38,0.55
Bsbl,6,5,11,0.55
Bsbm,9,10,19,0.47
Bsbn,17,9,26,0.65
Bsbs,9,8,17,0.53
BshM,1,0,1,1.0
BshN,1,0,1,1.0
BshP,0,1,1,0.0
Bshb,2,2,4,0.5
Bshh,2,0,2,1.0
Bshl,1,0,1,1.0
Bshm,1,0,1,1.0
Bshn,0,1,1,0.0
Bshs,2,1,3,0.67
Bsht,0,1,1,0.0
BslB,6,7,13,0.46
BslD,1,1,2,0.5
BslH,1,6,7,0.14
BslJ,2,1,3,0.67
BslK,2,1,3,0.67
BslL,2,5,7,0.29
BslM,5,6,11,0.45
BslN,6,5,11,0.55
BslP,7,10,17,0.41
BslS,5,6,11,0.45
Bslb,7,4,11,0.64
Bsll,5,3,8,0.62
Bslm,3,1,4,0.75
Bsln,9,6,15,0.6
Bsls,5,5,10,0.5
BsmB,9,6,15,0.6
BsmD,2,0,2,1.0
BsmH,9,7,16,0.56
BsmI,1,2,3,0.33
BsmJ,1,3,4,0.25
BsmL,3,3,6,0.5
BsmM,10,13,23,0.43
BsmN,14,22,36,0.39
BsmP,14,13,27,0.52
BsmS,12,8,20,0.6
Bsmb,18,12,30,0.6
Bsml,5,6,11,0.45
Bsmm,15,7,22,0.68
Bsmn,8,14,22,0.36
Bsms,7,5,12,0.58
BsnB,10,6,16,0.62
BsnD,2,0,2,1.0
BsnH,8,12,20,0.4
BsnI,2,2,4,0.5
BsnK,3,0,3,1.0
BsnL,6,4,10,0.6
BsnM,11,11,22,0.5
BsnN,14,20,34,0.41
BsnP,11,31,42,0.26
BsnS,8,9,17,0.47
Bsnb,12,9,21,0.57
Bsnl,4,4,8,0.5
Bsnm,11,9,20,0.55
Bsnn,16,14,30,0.53
Bsns,9,7,16,0.56
BssB,2,7,9,0.22
BssD,0,1,1,0.0
BssH,15,11,26,0.58
BssI,2,1,3,0.67
BssL,3,2,5,0.6
BssM,8,15,23,0.35
BssN,10,8,18,0.56
BssP,21,16,37,0.57
BssS,10,12,22,0.45
Bssb,9,9,18,0.5
Bssl,6,5,11,0.55
Bssm,9,7,16,0.56
Bssn,7,5,12,0.58
Bsss,8,9,17,0.47
BtBB,5,1,6,0.83
BtBD,0,1,1,0.0
BtBL,1,0,1,1.0
BtBM,3,8,11,0.27
BtBN,0,2,2,0.0
BtBP,4,2,6,0.67
BtBS,2,2,4,0.5
BtBb,7,3,10,0.7
BtBh,0,1,1,0.0
BtBj,4,2,6,0.67
BtBl,4,2,6,0.67
BtBm,2,5,7,0.29
BtBn,8,10,18,0.44
BtBs,2,3,5,0.4
BtBt,1,1,2,0.5
BtDD,1,0,1,1.0
BtDH,1,0,1,1.0
BtDM,0,1,1,0.0
BtDP,0,1,1,0.0
BtDS,0,1,1,0.0
BtDn,0,2,2,0.0
BtDs,1,0,1,1.0
BtHB,1,2,3,0.33
BtHH,0,3,3,0.0
BtHL,4,1,5,0.8
BtHM,4,2,6,0.67
BtHN,4,4,8,0.5
BtHP,5,0,5,1.0
BtHS,2,2,4,0.5
BtHb,0,7,7,0.0
BtHh,1,0,1,1.0
BtHl,1,0,1,1.0
BtHm,5,1,6,0.83
BtHn,7,9,16,0.44
BtHs,0,0,0,
BtHt,0,1,1,0.0
BtIS,0,1,1,0.0
BtKb,2,0,2,1.0
BtKm,0,1,1,0.0
BtKs,0,1,1,0.0
BtLB,3,1,4,0.75
BtLD,0,1,1,0.0
BtLL,1,2,3,0.33
BtLM,2,3,5,0.4
BtLN,2,3,5,0.4
BtLP,4,3,7,0.57
BtLS,1,1,2,0.5
BtLb,3,2,5,0.6
BtLh,1,1,2,0.5
BtLj,1,1,2,0.5
BtLl,0,1,1,0.0
BtLm,4,1,5,0.8
BtLn,2,0,2,1.0
BtLs,1,1,2,0.5
BtMB,6,7,13,0.46
BtMD,0,2,2,0.0
BtMH,0,1,1,0.0
BtML,1,2,3,0.33
BtMM,1,1,2,0.5
BtMN,4,4,8,0.5
BtMP,5,6,11,0.45
BtMS,2,1,3,0.67
BtMb,5,2,7,0.71
BtMh,1,6,7,0.14
BtMj,1,1,2,0.5
BtMl,3,4,7,0.43
BtMm,5,3,8,0.62
BtMn,6,4,10,0.6
BtMs,5,2,7,0.71
BtMt,1,2,3,0.33
BtNB,6,2,8,0.75
BtNH,0,1,1,0.0
BtNK,1,0,1,1.0
BtNL,4,4,8,0.5
BtNM,8,7,15,0.53
BtNN,5,7,12,0.42
BtNP,4,9,13,0.31
BtNS,5,6,11,0.45
BtNb,5,3,8,0.62
BtNh,3,3,6,0.5
BtNl,2,3,5,0.4
BtNm,3,7,10,0.3
BtNn,6,9,15,0.4
BtNs,7,6,13,0.54
BtNt,2,0,2,1.0
BtPB,5,6,11,0.45
BtPD,0,2,2,0.0
BtPH,1,3,4,0.25
BtPI,1,1,2,0.5
BtPL,5,7,12,0.42
BtPM,7,8,15,0.47
BtPN,11,13,24,0.46
BtPP,12,22,34,0.35
BtPS,7,5,12,0.58
BtPb,12,11,23,0.52
BtPh,1,1,2,0.5
BtPl,5,8,13,0.38
BtPm,10,9,19,0.53
BtPn,10,6,16,0.62
BtPs,6,4,10,0.6
BtPt,0,1,1,0.0
BtSB,2,4,6,0.33
BtSD,0,1,1,0.0
BtSH,3,0,3,1.0
BtSL,0,4,4,0.0
BtSM,2,4,6,0.33
BtSN,4,3,7,0.57
BtSP,9,5,14,0.64
BtSS,3,1,4,0.75
BtSb,2,6,8,0.25
BtSh,1,3,4,0.25
BtSl,5,2,7,0.71
BtSm,5,7,12,0.42
BtSn,3,3,6,0.5
BtSs,6,0,6,1.0
BtSt,1,1,2,0.5
BtbB,9,3,12,0.75
BtbD,0,2,2,0.0
BtbH,1,2,3,0.33
BtbI,0,1,1,0.0
BtbJ,0,1,1,0.0
BtbK,0,1,1,0.0
BtbL,1,5,6,0.17
BtbM,7,4,11,0.64
BtbN,6,8,14,0.43
BtbP,4,5,9,0.44
BtbS,3,0,3,1.0
Btbb,8,10,18,0.44
Btbl,5,2,7,0.71
Btbm,8,6,14,0.57
Btbn,9,5,14,0.64
Btbs,3,2,5,0.6
BthS,0,0,0,
BtlB,0,1,1,0.0
BtlH,3,1,4,0.75
BtlJ,0,1,1,0.0
BtlL,3,1,4,0.75
BtlM,1,3,4,0.25
BtlN,2,2,4,0.5
BtlP,3,2,5,0.6
BtlS,3,1,4,0.75
Btlb,1,2,3,0.33
Btll,4,2,6,0.67
Btlm,3,0,3,1.0
Btln,0,1,1,0.0
Btls,2,0,2,1.0
BtmB,3,4,7,0.43
BtmD,0,4,4,0.0
BtmH,0,2,2,0.0
BtmJ,0,1,1,0.0
BtmL,2,4,6,0.33
BtmM,3,9,12,0.25
BtmN,5,6,11,0.45
BtmP,8,6,14,0.57
BtmS,4,5,9,0.44
Btmb,3,6,9,0.33
Btml,3,0,3,1.0
Btmm,4,2,6,0.67
Btmn,1,0,1,1.0
Btms,2,2,4,0.5
BtnB,3,3,6,0.5
BtnH,2,4,6,0.33
BtnI,1,1,2,0.5
BtnK,0,0,0,
BtnL,3,3,6,0.5
BtnM,2,4,6,0.33
BtnN,12,9,21,0.57
BtnP,8,3,11,0.73
BtnS,6,5,11,0.55
Btnb,6,5,11,0.55
Btnh,0,1,1,0.0
Btnl,2,5,7,0.29
Btnm,6,4,10,0.6
Btnn,4,4,8,0.5
Btns,5,2,7,0.71
Btnt,1,0,1,1.0
BtsB,1,1,2,0.5
BtsD,0,1,1,0.0
BtsH,5,2,7,0.71
BtsI,1,2,3,0.33
BtsL,0,1,1,0.0
BtsM,4,2,6,0.67
BtsN,3,3,6,0.5
BtsP,8,5,13,0.62
BtsS,1,4,5,0.2
Btsb,2,2,4,0.5
Btsl,1,1,2,0.5
Btsm,3,2,5,0.6
Btsn,4,1,5,0.8
Btss,1,5,6,0.17
BttL,3,1,4,0.75
BttM,2,1,3,0.67
BttN,2,2,4,0.5
BttP,6,0,6,1.0
BttS,2,0,2,1.0
Bttb,2,2,4,0.5
Bttl,1,0,1,1.0
Bttm,1,1,2,0.5
Bttn,2,1,3,0.67
Bttt,1,0,1,1.0
DBBB,3,1,4,0.75
DBBL,1,0,1,1.0
DBBM,1,4,5,0.2
DBBN,2,1,3,0.67
DBBP,2,2,4,0.5
DBBS,0,3,3,0.0
DBBb,1,0,1,1.0
DBBm,2,3,5,0.4
DBBn,0,4,4,0.0
DBBs,1,1,2,0.5
DBDB,0,1,1,0.0
DBDN,0,1,1,0.0
DBDP,1,0,1,1.0
DBDs,0,2,2,0.0
DBKP,0,0,0,
DBKb,0,1,1,0.0
DBKm,0,1,1,0.0
DBKn,1,0,1,1.0
DBLB,0,1,1,0.0
DBLM,1,0,1,1.0
DBLN,0,2,2,0.0
DBLP,2,0,2,1.0
DBLb,2,1,3,0.67
DBLl,2,0,2,1.0
DBLm,1,0,1,1.0
DBLn,0,2,2,0.0
DBMB,0,0,0,
DBML,2,0,2,1.0
DBMM,2,1,3,0.67
DBMN,0,2,2,0.0
DBMP,2,4,6,0.33
DBMS,1,2,3,0.33
DBMb,2,0,2,1.0
DBMh,1,0,1,1.0
DBMj,1,2,3,0.33
DBMm,0,1,1,0.0
DBMn,2,3,5,0.4
DBMs,3,3,6,0.5
DBMt,1,0,1,1.0
DBNB,2,1,3,0.67
DBNL,0,1,1,0.0
DBNM,1,0,1,1.0
DBNN,3,3,6,0.5
DBNP,3,7,10,0.3
DBNS,3,2,5,0.6
DBNb,3,2,5,0.6
DBNh,0,0,0,
DBNl,1,0,1,1.0
DBNm,1,1,2,0.5
DBNn,4,3,7,0.57
DBNs,1,2,3,0.33
DBNt,1,0,1,1.0
DBPB,2,1,3,0.67
DBPH,1,0,1,1.0
DBPL,1,1,2,0.5
DBPM,2,5,7,0.29
DBPN,3,0,3,1.0
DBPP,2,2,4,0.5
DBPS,2,1,3,0.67
DBPb,2,3,5,0.4
DBPl,2,2,4,0.5
DBPm,0,1,1,0.0
DBPn,2,2,4,0.5
DBPs,3,2,5,0.6
DBSB,0,0,0,
DBSD,0,1,1,0.0
DBSH,0,1,1,0.0
DBSL,1,1,2,0.5
DBSM,2,1,3,0.67
DBSN,2,2,4,0.5
DBSP,1,1,2,0.5
DBSS,1,0,1,1.0
DBSb,0,1,1,0.0
DBSh,0,2,2,0.0
DBSm,3,2,5,0.6
DBSn,2,2,4,0.5
DBSs,2,1,3,0.67
DBbB,1,3,4,0.25
DBbH,2,1,3,0.67
DBbI,0,2,2,0.0
DBbJ,1,0,1,1.0
DBbL,2,0,2,1.0
DBbM,3,4,7,0.43
DBbN,1,2,3,0.33
DBbP,3,3,6,0.5
DBbS,1,0,1,1.0
DBbb,3,3,6,0.5
DBbl,2,1,3,0.67
DBbm,2,0,2,1.0
DBbn,0,2,2,0.0
DBbs,2,1,3,0.67
DBhB,1,0,1,1.0
DBhN,0,1,1,0.0
DBhP,0,1,1,0.0
DBhS,1,1,2,0.5
DBhm,1,0,1,1.0
DBjB,2,0,2,1.0
DBjD,1,0,1,1.0
DBjI,0,0,0,
DBjN,0,2,2,0.0
DBjb,1,1,2,0.5
DBjh,0,1,1,0.0
DBjl,0,1,1,0.0
DBjs,1,0,1,1.0
DBlD,0,0,0,
DBlH,1,0,1,1.0
DBlL,1,1,2,0.5
DBlM,3,2,5,0.6
DBlN,1,1,2,0.5
DBlP,1,1,2,0.5
DBlS,1,0,1,1.0
DBlb,1,0,1,1.0
DBll,0,1,1,0.0
DBlm,1,0,1,1.0
DBls,2,0,2,1.0
DBmB,1,2,3,0.33
DBmH,2,1,3,0.67
DBmL,1,1,2,0.5
DBmN,0,2,2,0.0
DBmP,4,4,8,0.5
DBmS,2,1,3,0.67
DBmb,1,0,1,1.0
DBmm,1,0,1,1.0
DBmn,1,2,3,0.33
DBms,0,1,1,0.0
DBnB,1,3,4,0.25
DBnD,0,1,1,0.0
DBnH,2,0,2,1.0
DBnL,1,1,2,0.5
DBnM,2,2,4,0.5
DBnN,2,3,5,0.4
DBnP,2,3,5,0.4
DBnS,2,2,4,0.5
DBnb,1,1,2,0.5
DBnm,3,2,5,0.6
DBnn,3,2,5,0.6
DBsB,0,1,1,0.0
DBsH,2,1,3,0.67
DBsI,2,0,2,1.0
DBsL,1,0,1,1.0
DBsN,1,3,4,0.25
DBsP,1,0,1,1.0
DBsS,2,0,2,1.0
DBsb,2,1,3,0.67
DBsm,1,1,2,0.5
DBsn,0,0,0,
DBss,1,1,2,0.5
DBtB,0,1,1,0.0
DBtL,1,0,1,1.0
DBtN,0,0,0,
DBtP,0,1,1,0.0
DBtm,2,0,2,1.0
DBtn,1,1,2,0.5
DBts,0,1,1,0.0
DDBB,1,0,1,1.0
DDBL,0,1,1,0.0
DDBP,0,1,1,0.0
DDBm,0,1,1,0.0
DDHD,1,0,1,1.0
DDHM,0,0,0,
DDHP,1,1,2,0.5
DDHS,0,1,1,0.0
DDHb,1,0,1,1.0
DDHl,0,1,1,0.0
DDHm,1,0,1,1.0
DDHn,1,0,1,1.0
DDHs,0,1,1,0.0
DDLP,1,0,1,1.0
DDLb,0,2,2,0.0
DDLm,1,0,1,1.0
DDLs,1,0,1,1.0
DDMb,1,0,1,1.0
DDMn,1,0,1,1.0
DDMs,0,0,0,
DDNB,0,1,1,0.0
DDNL,1,0,1,1.0
DDNN,2,0,2,1.0
DDNm,1,0,1,1.0
DDPM,0,0,0,
DDPN,1,0,1,1.0
DDPP,1,0,1,1.0
DDPS,0,2,2,0.0
DDPb,0,1,1,0.0
DDPs,1,1,2,0.5
DDSD,0,0,0,
DDSL,1,0,1,1.0
DDSM,1,1,2,0.5
DDSN,0,1,1,0.0
DDSP,1,0,1,1.0
DDSS,0,0,0,
DDSb,0,2,2,0.0
DDSl,0,1,1,0.0
DDSn,1,1,2,0.5
DDbM,0,1,1,0.0
DDbS,0,1,1,0.0
DDbb,0,1,1,0.0
DDbm,1,0,1,1.0
DDlJ,0,1,1,0.0
DDlP,1,0,1,1.0
DDmJ,0,1,1,0.0
DDmM,0,2,2,0.0
DDmP,0,0,0,
DDmm,1,1,2,0.5
DDms,0,1,1,0.0
DDnB,0,1,1,0.0
DDnM,0,1,1,0.0
DDnN,0,2,2,0.0
DDnP,0,2,2,0.0
DDnm,1,0,1,1.0
DDnn,0,2,2,0.0
DDsB,0,1,1,0.0
DDsN,1,0,1,1.0
DDsP,0,1,1,0.0
DDsb,0,1,1,0.0
DDsl,1,1,2,0.5
DDsm,1,0,1,1.0
DDss,0,0,0,
DHBB,1,1,2,0.5
DHBL,2,0,2,1.0
DHBM,0,3,3,0.0
DHBN,1,1,2,0.5
DHBP,1,0,1,1.0
DHBS,2,0,2,1.0
DHBb,2,0,2,1.0
DHBj,0,2,2,0.0
DHBl,1,1,2,0.5
DHBm,1,3,4,0.25
DHBn,2,2,4,0.5
DHBs,1,1,2,0.5
DHDM,0,1,1,0.0
DHDN,1,0,1,1.0
DHDS,0,2,2,0.0
DHDm,0,0,0,
DHDt,0,1,1,0.0
DHHB,0,1,1,0.0
DHHD,0,1,1,0.0
DHHH,1,1,2,0.5
DHHM,0,1,1,0.0
DHHS,0,2,2,0.0
DHHb,0,1,1,0.0
DHHm,2,0,2,1.0
DHHn,1,0,1,1.0
DHHs,0,0,0,
DHIL,1,0,1,1.0
DHIM,1,0,1,1.0
DHIN,0,1,1,0.0
DHIS,0,1,1,0.0
DHIn,1,0,1,1.0
DHKP,1,0,1,1.0
DHKS,1,1,2,0.5
DHKb,1,0,1,1.0
DHLL,1,0,1,1.0
DHLM,1,0,1,1.0
DHLP,1,0,1,1.0
DHLS,0,1,1,0.0
DHLb,1,2,3,0.33
DHLh,0,0,0,
DHLj,0,1,1,0.0
DHLl,2,0,2,1.0
DHLn,2,1,3,0.67
DHLs,1,0,1,1.0
DHLt,0,0,0,
DHMB,3,2,5,0.6
DHMD,0,1,1,0.0
DHML,1,1,2,0.5
DHMM,2,4,6,0.33
DHMN,3,4,7,0.43
DHMP,5,0,5,1.0
DHMS,2,2,4,0.5
DHMb,2,3,5,0.4
DHMh,0,3,3,0.0
DHMj,1,1,2,0.5
DHMl,4,2,6,0.67
DHMm,2,0,2,1.0
DHMn,2,5,7,0.29
DHMs,2,2,4,0.5
DHMt,0,1,1,0.0
DHNB,1,1,2,0.5
DHNH,1,1,2,0.5
DHNL,0,1,1,0.0
DHNM,1,1,2,0.5
DHNN,2,2,4,0.5
DHNP,4,4,8,0.5
DHNS,2,6,8,0.25
DHNb,0,2,2,0.0
DHNh,3,1,4,0.75
DHNl,2,0,2,1.0
DHNm,5,0,5,1.0
DHNn,2,4,6,0.33
DHNs,0,3,3,0.0
DHPB,4,3,7,0.57
DHPH,2,1,3,0.67
DHPL,1,4,5,0.2
DHPM,5,4,9,0.56
DHPN,6,5,11,0.55
DHPP,7,4,11,0.64
DHPS,8,6,14,0.57
DHPb,1,5,6,0.17
DHPl,3,4,7,0.43
DHPm,6,3,9,0.67
DHPn,5,7,12,0.42
DHPs,3,3,6,0.5
DHSB,3,1,4,0.75
DHSD,1,0,1,1.0
DHSH,0,1,1,0.0
DHSK,0,1,1,0.0
DHSL,2,1,3,0.67
DHSM,0,1,1,0.0
DHSN,3,1,4,0.75
DHSP,3,1,4,0.75
DHSS,1,1,2,0.5
DHSb,1,0,1,1.0
DHSh,1,3,4,0.25
DHSl,1,0,1,1.0
DHSm,0,0,0,
DHSn,0,2,2,0.0
DHSs,3,4,7,0.43
DHbB,2,2,4,0.5
DHbD,1,1,2,0.5
DHbH,1,1,2,0.5
DHbJ,0,1,1,0.0
DHbL,3,1,4,0.75
DHbM,0,1,1,0.0
DHbN,4,0,4,1.0
DHbP,4,6,10,0.4
DHbS,2,2,4,0.5
DHbb,1,1,2,0.5
DHbl,1,0,1,1.0
DHbm,4,2,6,0.67
DHbn,4,3,7,0.57
DHbs,0,2,2,0.0
DHhB,1,0,1,1.0
DHhH,1,0,1,1.0
DHhL,1,0,1,1.0
DHhM,4,2,6,0.67
DHhN,1,3,4,0.25
DHhP,1,1,2,0.5
DHhS,1,3,4,0.25
DHhb,0,1,1,0.0
DHhh,3,1,4,0.75
DHhl,0,1,1,0.0
DHhn,2,1,3,0.67
DHhs,0,1,1,0.0
DHlB,1,1,2,0.5
DHlD,0,0,0,
DHlH,0,1,1,0.0
DHlJ,0,1,1,0.0
DHlL,0,0,0,
DHlM,2,3,5,0.4
DHlN,0,1,1,0.0
DHlP,2,2,4,0.5
DHlb,2,2,4,0.5
DHll,0,1,1,0.0
DHlm,1,2,3,0.33
DHln,0,1,1,0.0
DHls,3,1,4,0.75
DHmB,2,1,3,0.67
DHmD,0,1,1,0.0
DHmH,2,1,3,0.67
DHmL,4,2,6,0.67
DHmM,4,2,6,0.67
DHmN,4,3,7,0.57
DHmP,3,2,5,0.6
DHmS,0,1,1,0.0
DHmb,3,3,6,0.5
DHml,0,0,0,
DHmm,3,4,7,0.43
DHmn,3,3,6,0.5
DHms,1,0,1,1.0
DHnB,0,3,3,0.0
DHnH,1,0,1,1.0
DHnL,2,0,2,1.0
DHnM,5,4,9,0.56
DHnN,2,3,5,0.4
DHnP,5,3,8,0.62
DHnS,4,3,7,0.57
DHnb,0,3,3,0.0
DHnl,4,0,4,1.0
DHnm,4,3,7,0.57
DHnn,2,2,4,0.5
DHns,1,3,4,0.25
DHsB,1,1,2,0.5
DHsD,0,1,1,0.0
DHsH,4,2,6,0.67
DHsI,1,0,1,1.0
DHsL,0,1,1,0.0
DHsM,4,1,5,0.8
DHsN,8,2,10,0.8
DHsP,2,1,3,0.67
DHsS,1,7,8,0.12
DHsb,0,1,1,0.0
DHsl,1,0,1,1.0
DHsm,2,3,5,0.4
DHsn,1,0,1,1.0
DHss,2,1,3,0.67
DHtH,0,0,0,
DHtM,0,1,1,0.0
DHtN,1,1,2,0.5
DHtP,2,0,2,1.0
DHtS,1,0,1,1.0
DHtb,1,0,1,1.0
DHtn,0,1,1,0.0
DHts,1,0,1,1.0
DIBB,1,0,1,1.0
DIBN,1,0,1,1.0
DIBb,1,0,1,1.0
DIBl,0,0,0,
DIDb,1,0,1,1.0
DIHP,1,0,1,1.0
DIHh,0,1,1,0.0
DIHs,0,0,0,
DILl,1,0,1,1.0
DILm,0,1,1,0.0
DIMM,0,1,1,0.0
DIMN,0,2,2,0.0
DIMP,0,1,1,0.0
DIMh,0,1,1,0.0
DIMn,0,0,0,
DINS,1,0,1,1.0
DINm,1,0,1,1.0
DIPM,1,1,2,0.5
DIPP,0,1,1,0.0
DIPb,1,1,2,0.5
DIPm,1,0,1,1.0
DISH,0,0,0,
DISs,0,0,0,
DIbL,0,0,0,
DIbM,2,1,3,0.67
DIbm,1,1,2,0.5
DIlb,0,1,1,0.0
DImB,1,0,1,1.0
DImL,1,0,1,1.0
DImM,0,0,0,
DImn,1,0,1,1.0
DInN,0,1,1,0.0
DInP,0,1,1,0.0
DIsS,1,1,2,0.5
DIsm,0,1,1,0.0
DKMN,0,0,0,
DKMb,0,1,1,0.0
DKNP,0,1,1,0.0
DKNn,1,0,1,1.0
DKPm,0,1,1,0.0
DKSM,0,1,1,0.0
DKSn,1,0,1,1.0
DKbS,0,1,1,0.0
DKbb,1,0,1,1.0
DKmB,0,1,1,0.0
DKmM,0,1,1,0.0
DKsP,0,1,1,0.0
DKsS,1,0,1,1.0
DKsn,0,0,0,
DLBB,2,0,2,1.0
DLBD,0,1,1,0.0
DLBL,2,0,2,1.0
DLBM,0,0,0,
DLBN,5,1,6,0.83
DLBP,1,0,1,1.0
DLBj,2,0,2,1.0
DLBl,2,0,2,1.0
DLBm,1,1,2,0.5
DLBn,0,1,1,0.0
DLBs,2,0,2,1.0
DLBt,1,0,1,1.0
DLDH,0,1,1,0.0
DLDM,1,0,1,1.0
DLDS,1,0,1,1.0
DLDs,0,1,1,0.0
DLHn,0,1,1,0.0
DLKP,0,1,1,0.0
DLLB,0,1,1,0.0
DLLL,1,0,1,1.0
DLLM,2,1,3,0.67
DLLP,1,1,2,0.5
DLLS,0,2,2,0.0
DLLb,2,0,2,1.0
DLLm,0,1,1,0.0
DLMB,0,1,1,0.0
DLMN,1,4,5,0.2
DLMb,2,2,4,0.5
DLMh,0,1,1,0.0
DLMj,0,0,0,
DLMl,1,1,2,0.5
DLMm,0,1,1,0.0
DLMn,2,3,5,0.4
DLNB,0,2,2,0.0
DLNM,0,2,2,0.0
DLNN,0,4,4,0.0
DLNP,1,2,3,0.33
DLNS,2,0,2,1.0
DLNb,0,0,0,
DLNh,0,1,1,0.0
DLNn,0,0,0,
DLNs,0,2,2,0.0
DLPB,1,1,2,0.5
DLPH,0,0,0,
DLPI,1,0,1,1.0
DLPL,1,0,1,1.0
DLPM,1,2,3,0.33
DLPP,4,3,7,0.57
DLPS,0,1,1,0.0
DLPb,1,1,2,0.5
DLPh,0,1,1,0.0
DLPl,0,2,2,0.0
DLPm,2,2,4,0.5
DLPn,0,2,2,0.0
DLPs,1,0,1,1.0
DLSH,0,1,1,0.0
DLSL,1,2,3,0.33
DLSM,1,1,2,0.5
DLSN,1,0,1,1.0
DLSP,1,1,2,0.5
DLSS,0,1,1,0.0
DLSb,2,1,3,0.67
DLSh,0,1,1,0.0
DLSl,1,0,1,1.0
DLSm,1,1,2,0.5
DLSn,0,1,1,0.0
DLSs,1,0,1,1.0
DLbB,2,0,2,1.0
DLbD,1,0,1,1.0
DLbH,1,0,1,1.0
DLbJ,0,2,2,0.0
DLbL,0,1,1,0.0
DLbM,1,0,1,1.0
DLbN,2,0,2,1.0
DLbP,6,1,7,0.86
DLbS,0,2,2,0.0
DLbb,3,0,3,1.0
DLbl,1,0,1,1.0
DLbm,1,2,3,0.33
DLbn,3,2,5,0.6
DLbs,1,0,1,1.0
DLhB,1,0,1,1.0
DLhH,0,1,1,0.0
DLhL,1,1,2,0.5
DLhP,1,1,2,0.5
DLhh,1,0,1,1.0
DLhm,0,2,2,0.0
DLhn,1,0,1,1.0
DLhs,1,1,2,0.5
DLjB,0,0,0,
DLjL,1,0,1,1.0
DLjM,0,0,0,
DLjN,3,0,3,1.0
DLjP,1,0,1,1.0
DLjS,2,0,2,1.0
DLjb,1,0,1,1.0
DLjn,0,1,1,0.0
DLjs,0,1,1,0.0
DLlH,0,1,1,0.0
DLlM,2,0,2,1.0
DLlN,1,0,1,1.0
DLlb,1,1,2,0.5
DLlm,2,0,2,1.0
DLln,1,0,1,1.0
DLls,0,0,0,
DLmB,1,2,3,0.33
DLmH,0,0,0,
DLmL,0,0,0,
DLmM,1,0,1,1.0
DLmN,0,2,2,0.0
DLmP,1,0,1,1.0
DLmS,3,1,4,0.75
DLmb,1,2,3,0.33
DLmm,0,2,2,0.0
DLmn,1,1,2,0.5
DLnB,2,2,4,0.5
DLnH,1,4,5,0.2
DLnI,0,0,0,
DLnL,0,2,2,0.0
DLnM,4,1,5,0.8
DLnN,3,1,4,0.75
DLnP,2,2,4,0.5
DLnS,1,1,2,0.5
DLnb,1,1,2,0.5
DLnh,0,0,0,
DLnl,2,1,3,0.67
DLnm,1,1,2,0.5
DLnn,0,1,1,0.0
DLns,1,0,1,1.0
DLsB,0,1,1,0.0
DLsM,0,1,1,0.0
DLsN,0,1,1,0.0
DLsP,1,3,4,0.25
DLsS,2,1,3,0.67
DLsb,1,0,1,1.0
DLsh,1,0,1,1.0
DLsm,0,3,3,0.0
DLsn,1,1,2,0.5
DLtB,1,0,1,1.0
DLtM,0,1,1,0.0
DLtm,1,0,1,1.0
DLts,0,1,1,0.0
DMBB,3,2,5,0.6
DMBL,1,2,3,0.33
DMBM,3,3,6,0.5
DMBN,0,4,4,0.0
DMBP,5,6,11,0.45
DMBS,1,0,1,1.0
DMBb,1,5,6,0.17
DMBj,1,0,1,1.0
DMBl,0,1,1,0.0
DMBm,2,3,5,0.4
DMBn,2,6,8,0.25
DMBs,1,0,1,1.0
DMBt,0,1,1,0.0
DMDH,0,0,0,
DMDS,0,0,0,
DMDb,0,1,1,0.0
DMDm,0,1,1,0.0
DMLB,0,3,3,0.0
DMLL,1,0,1,1.0
DMLM,0,1,1,0.0
DMLN,0,0,0,
DMLP,0,2,2,0.0
DMLS,0,1,1,0.0
DMLb,1,0,1,1.0
DMLl,0,0,0,
DMLn,1,1,2,0.5
DMLs,1,1,2,0.5
DMMB,3,1,4,0.75
DMMM,1,3,4,0.25
DMMN,1,2,3,0.33
DMMP,5,5,10,0.5
DMMS,1,1,2,0.5
DMMb,5,2,7,0.71
DMMh,2,2,4,0.5
DMMj,0,2,2,0.0
DMMl,2,1,3,0.67
DMMm,1,2,3,0.33
DMMn,2,2,4,0.5
DMNB,1,2,3,0.33
DMND,1,1,2,0.5
DMNH,1,3,4,0.25
DMNL,0,1,1,0.0
DMNM,0,5,5,0.0
DMNN,1,2,3,0.33
DMNP,3,3,6,0.5
DMNS,1,2,3,0.33
DMNb,2,3,5,0.4
DMNh,0,1,1,0.0
DMNl,0,2,2,0.0
DMNm,1,2,3,0.33
DMNn,2,3,5,0.4
DMNs,2,0,2,1.0
DMNt,1,0,1,1.0
DMPB,0,2,2,0.0
DMPH,2,2,4,0.5
DMPK,0,1,1,0.0
DMPL,0,2,2,0.0
DMPM,1,4,5,0.2
DMPN,2,2,4,0.5
DMPP,4,4,8,0.5
DMPS,2,2,4,0.5
DMPb,2,1,3,0.67
DMPh,0,0,0,
DMPl,3,3,6,0.5
DMPm,2,3,5,0.4
DMPn,4,4,8,0.5
DMPs,2,3,5,0.4
DMPt,2,1,3,0.67
DMSB,1,0,1,1.0
DMSH,1,1,2,0.5
DMSM,1,4,5,0.2
DMSN,1,1,2,0.5
DMSP,5,2,7,0.71
DMSS,2,3,5,0.4
DMSb,1,0,1,1.0
DMSh,0,2,2,0.0
DMSl,1,0,1,1.0
DMSm,4,1,5,0.8
DMSn,5,3,8,0.62
DMSs,2,1,3,0.67
DMSt,0,1,1,0.0
DMbB,5,1,6,0.83
DMbD,0,1,1,0.0
DMbI,1,0,1,1.0
DMbJ,1,0,1,1.0
DMbK,0,1,1,0.0
DMbL,0,0,0,
DMbM,2,2,4,0.5
DMbN,3,2,5,0.6
DMbP,5,3,8,0.62
DMbS,3,3,6,0.5
DMbb,3,2,5,0.6
DMbl,3,1,4,0.75
DMbm,2,3,5,0.4
DMbn,2,1,3,0.67
DMbs,3,0,3,1.0
DMhB,2,2,4,0.5
DMhD,0,0,0,
DMhI,0,0,0,
DMhL,1,2,3,0.33
DMhM,3,2,5,0.6
DMhN,2,2,4,0.5
DMhP,5,3,8,0.62
DMhb,0,3,3,0.0
DMhh,2,4,6,0.33
DMhm,4,3,7,0.57
DMhn,5,3,8,0.62
DMhs,1,0,1,1.0
DMjB,1,1,2,0.5
DMjK,0,1,1,0.0
DMjM,2,0,2,1.0
DMjN,1,0,1,1.0
DMjP,0,1,1,0.0
DMjS,0,1,1,0.0
DMjb,1,0,1,1.0
DMjm,0,1,1,0.0
DMjn,1,1,2,0.5
DMlB,1,0,1,1.0
DMlD,2,0,2,1.0
DMlH,0,2,2,0.0
DMlL,0,1,1,0.0
DMlM,0,1,1,0.0
DMlN,3,1,4,0.75
DMlP,4,0,4,1.0
DMlS,1,1,2,0.5
DMlb,2,1,3,0.67
DMll,1,1,2,0.5
DMlm,0,1,1,0.0
DMln,0,1,1,0.0
DMls,0,1,1,0.0
DMmB,2,4,6,0.33
DMmH,0,1,1,0.0
DMmL,1,0,1,1.0
DMmM,3,2,5,0.6
DMmN,1,4,5,0.2
DMmP,4,0,4,1.0
DMmS,3,2,5,0.6
DMmb,1,3,4,0.25
DMml,2,1,3,0.67
DMmm,2,2,4,0.5
DMmn,3,3,6,0.5
DMms,1,0,1,1.0
DMnB,2,6,8,0.25
DMnD,0,0,0,
DMnH,2,4,6,0.33
DMnI,1,2,3,0.33
DMnL,3,0,3,1.0
DMnM,2,6,8,0.25
DMnN,5,3,8,0.62
DMnP,7,7,14,0.5
DMnS,2,4,6,0.33
DMnb,2,1,3,0.67
DMnl,1,2,3,0.33
DMnm,1,2,3,0.33
DMnn,7,7,14,0.5
DMns,4,3,7,0.57
DMsB,2,0,2,1.0
DMsD,0,1,1,0.0
DMsH,1,2,3,0.33
DMsL,1,0,1,1.0
DMsM,1,2,3,0.33
DMsN,2,3,5,0.4
DMsP,4,3,7,0.57
DMsS,1,1,2,0.5
DMsb,1,1,2,0.5
DMsl,0,1,1,0.0
DMsm,0,1,1,0.0
DMsn,1,4,5,0.2
DMss,3,4,7,0.43
DMtB,1,0,1,1.0
DMtH,1,0,1,1.0
DMtM,0,0,0,
DMtm,0,1,1,0.0
DMtn,1,1,2,0.5
DNBB,2,2,4,0.5
DNBL,1,3,4,0.25
DNBM,2,2,4,0.5
DNBN,9,2,11,0.82
DNBP,2,2,4,0.5
DNBS,1,0,1,1.0
DNBb,2,3,5,0.4
DNBh,0,1,1,0.0
DNBj,0,3,3,0.0
DNBl,1,0,1,1.0
DNBm,2,4,6,0.33
DNBn,1,3,4,0.25
DNBs,1,0,1,1.0
DNBt,0,0,0,
DNDB,0,1,1,0.0
DNDH,0,1,1,0.0
DNDN,1,0,1,1.0
DNDS,1,1,2,0.5
DNDb,1,0,1,1.0
DNDl,1,1,2,0.5
DNDm,0,1,1,0.0
DNDn,1,0,1,1.0
DNDs,0,0,0,
DNHB,1,0,1,1.0
DNHN,0,1,1,0.0
DNHP,0,0,0,
DNHb,0,1,1,0.0
DNHl,1,0,1,1.0
DNHm,1,0,1,1.0
DNHn,1,0,1,1.0
DNHs,0,0,0,
DNKB,0,1,1,0.0
DNKP,1,0,1,1.0
DNKS,1,2,3,0.33
DNKh,0,1,1,0.0
DNKl,0,1,1,0.0
DNKm,0,1,1,0.0
DNKn,1,0,1,1.0
DNLB,1,0,1,1.0
DNLL,1,1,2,0.5
DNLM,1,1,2,0.5
DNLN,1,1,2,0.5
DNLP,2,2,4,0.5
DNLb,1,2,3,0.33
DNLj,1,0,1,1.0
DNLm,1,0,1,1.0
DNLn,0,1,1,0.0
DNLs,0,1,1,0.0
DNMB,3,2,5,0.6
DNMD,1,0,1,1.0
DNML,2,0,2,1.0
DNMM,3,1,4,0.75
DNMN,1,2,3,0.33
DNMP,3,5,8,0.38
DNMS,4,0,4,1.0
DNMb,4,2,6,0.67
DNMh,1,4,5,0.2
DNMj,1,0,1,1.0
DNMl,2,2,4,0.5
DNMm,1,1,2,0.5
DNMn,2,3,5,0.4
DNMs,0,1,1,0.0
DNNB,0,1,1,0.0
DNNH,1,1,2,0.5
DNNL,2,1,3,0.67
DNNM,1,4,5,0.2
DNNN,3,3,6,0.5
DNNP,4,1,5,0.8
DNNS,3,2,5,0.6
DNNb,2,0,2,1.0
DNNh,0,0,0,
DNNl,0,2,2,0.0
DNNm,2,1,3,0.67
DNNn,7,5,12,0.58
DNNs,2,3,5,0.4
DNNt,1,0,1,1.0
DNPB,5,4,9,0.56
DNPH,1,0,1,1.0
DNPI,1,0,1,1.0
DNPK,1,0,1,1.0
DNPL,1,1,2,0.5
DNPM,2,3,5,0.4
DNPN,3,5,8,0.38
DNPP,8,3,11,0.73
DNPS,2,4,6,0.33
DNPb,4,6,10,0.4
DNPh,3,1,4,0.75
DNPl,3,4,7,0.43
DNPm,3,3,6,0.5
DNPn,6,3,9,0.67
DNPs,4,3,7,0.57
DNPt,2,0,2,1.0
DNSB,1,0,1,1.0
DNSD,1,0,1,1.0
DNSH,2,0,2,1.0
DNSL,1,3,4,0.25
DNSM,3,2,5,0.6
DNSN,2,1,3,0.67
DNSP,2,4,6,0.33
DNSS,2,4,6,0.33
DNSb,0,2,2,0.0
DNSh,3,2,5,0.6
DNSl,1,0,1,1.0
DNSm,1,2,3,0.33
DNSn,4,1,5,0.8
DNSs,2,1,3,0.67
DNSt,0,1,1,0.0
DNbB,0,4,4,0.0
DNbH,1,1,2,0.5
DNbJ,1,0,1,1.0
DNbK,1,0,1,1.0
DNbL,2,1,3,0.67
DNbM,4,2,6,0.67
DNbN,1,1,2,0.5
DNbP,2,7,9,0.22
DNbS,1,2,3,0.33
DNbb,2,3,5,0.4
DNbl,1,0,1,1.0
DNbm,1,2,3,0.33
DNbn,7,2,9,0.78
DNhB,1,1,2,0.5
DNhM,1,3,4,0.25
DNhN,0,1,1,0.0
DNhP,1,1,2,0.5
DNhS,1,0,1,1.0
DNhb,1,0,1,1.0
DNhl,0,1,1,0.0
DNhn,1,1,2,0.5
DNhs,4,0,4,1.0
DNlB,0,2,2,0.0
DNlH,1,1,2,0.5
DNlK,0,1,1,0.0
DNlL,2,0,2,1.0
DNlN,1,4,5,0.2
DNlS,1,0,1,1.0
DNlb,0,3,3,0.0
DNll,1,1,2,0.5
DNln,1,2,3,0.33
DNls,1,1,2,0.5
DNmB,0,3,3,0.0
DNmH,0,1,1,0.0
DNmI,0,1,1,0.0
DNmJ,0,3,3,0.0
DNmK,1,0,1,1.0
DNmL,0,3,3,0.0
DNmM,5,1,6,0.83
DNmN,1,4,5,0.2
DNmP,1,3,4,0.25
DNmS,2,1,3,0.67
DNmb,1,1,2,0.5
DNml,0,1,1,0.0
DNmm,1,2,3,0.33
DNmn,8,1,9,0.89
DNms,0,1,1,0.0
DNnB,2,2,4,0.5
DNnH,2,2,4,0.5
DNnK,2,0,2,1.0
DNnL,1,1,2,0.5
DNnM,5,2,7,0.71
DNnN,2,6,8,0.25
DNnP,3,6,9,0.33
DNnS,5,3,8,0.62
DNnb,0,3,3,0.0
DNnh,0,1,1,0.0
DNnl,0,2,2,0.0
DNnm,2,2,4,0.5
DNnn,2,4,6,0.33
DNns,1,2,3,0.33
DNsB,1,1,2,0.5
DNsD,2,0,2,1.0
DNsH,2,0,2,1.0
DNsM,2,0,2,1.0
DNsN,1,3,4,0.25
DNsP,1,1,2,0.5
DNsS,4,4,8,0.5
DNsb,0,2,2,0.0
DNsl,3,1,4,0.75
DNsm,1,2,3,0.33
DNsn,3,2,5,0.6
DNss,1,3,4,0.25
DNtH,1,0,1,1.0
DNtL,0,2,2,0.0
DNtM,0,1,1,0.0
DNtN,2,0,2,1.0
DNtP,0,1,1,0.0
DNtS,0,1,1,0.0
DNtb,3,1,4,0.75
DNts,0,2,2,0.0
DPBB,3,4,7,0.43
DPBD,1,0,1,1.0
DPBK,1,0,1,1.0
DPBM,2,3,5,0.4
DPBN,5,3,8,0.62
DPBP,1,6,7,0.14
DPBS,1,1,2,0.5
DPBb,3,2,5,0.6
DPBj,0,1,1,0.0
DPBl,0,2,2,0.0
DPBm,3,3,6,0.5
DPBn,2,4,6,0.33
DPBs,1,0,1,1.0
DPBt,0,1,1,0.0
DPDL,1,0,1,1.0
DPDN,0,1,1,0.0
DPDP,0,1,1,0.0
DPDS,0,1,1,0.0
DPDl,0,0,0,
DPHB,1,1,2,0.5
DPHM,1,1,2,0.5
DPHN,0,1,1,0.0
DPHP,2,0,2,1.0
DPHS,1,1,2,0.5
DPHb,2,0,2,1.0
DPHh,0,1,1,0.0
DPHm,2,0,2,1.0
DPHn,2,1,3,0.67
DPHs,1,0,1,1.0
DPIB,1,0,1,1.0
DPIH,1,0,1,1.0
DPIL,1,0,1,1.0
DPIP,2,0,2,1.0
DPIm,3,0,3,1.0
DPKB,0,1,1,0.0
DPKP,1,0,1,1.0
DPKS,1,0,1,1.0
DPKb,0,0,0,
DPKh,1,1,2,0.5
DPKm,1,1,2,0.5
DPLB,1,3,4,0.25
DPLD,1,0,1,1.0
DPLH,1,0,1,1.0
DPLL,2,1,3,0.67
DPLM,7,3,10,0.7
DPLN,1,3,4,0.25
DPLP,1,2,3,0.33
DPLS,1,0,1,1.0
DPLb,1,0,1,1.0
DPLh,1,1,2,0.5
DPLl,1,0,1,1.0
DPLm,3,1,4,0.75
DPLn,1,4,5,0.2
DPLs,5,1,6,0.83
DPLt,0,1,1,0.0
DPMB,1,4,5,0.2
DPML,3,3,6,0.5
DPMM,3,5,8,0.38
DPMN,2,3,5,0.4
DPMP,2,8,10,0.2
DPMS,2,1,3,0.67
DPMb,9,2,11,0.82
DPMh,4,2,6,0.67
DPMj,0,1,1,0.0
DPMl,4,2,6,0.67
DPMm,3,4,7,0.43
DPMn,5,4,9,0.56
DPMs,1,3,4,0.25
DPMt,2,1,3,0.67
DPNB,6,3,9,0.67
DPND,1,0,1,1.0
DPNH,1,0,1,1.0
DPNK,1,0,1,1.0
DPNL,1,1,2,0.5
DPNM,4,4,8,0.5
DPNN,6,4,10,0.6
DPNP,4,2,6,0.67
DPNS,2,2,4,0.5
DPNb,3,4,7,0.43
DPNl,2,2,4,0.5
DPNm,5,1,6,0.83
DPNn,3,4,7,0.43
DPNs,2,2,4,0.5
DPNt,0,2,2,0.0
DPPB,5,3,8,0.62
DPPD,1,0,1,1.0
DPPH,2,1,3,0.67
DPPK,2,1,3,0.67
DPPL,6,3,9,0.67
DPPM,11,10,21,0.52
DPPN,5,8,13,0.38
DPPP,11,12,23,0.48
DPPS,3,4,7,0.43
DPPb,10,4,14,0.71
DPPh,0,1,1,0.0
DPPl,6,5,11,0.55
DPPm,5,7,12,0.42
DPPn,5,3,8,0.62
DPPs,5,4,9,0.56
DPSB,2,3,5,0.4
DPSD,1,0,1,1.0
DPSH,0,3,3,0.0
DPSL,1,3,4,0.25
DPSM,4,4,8,0.5
DPSN,1,4,5,0.2
DPSP,2,8,10,0.2
DPSS,3,4,7,0.43
DPSb,3,1,4,0.75
DPSh,2,5,7,0.29
DPSl,1,5,6,0.17
DPSm,5,3,8,0.62
DPSn,4,4,8,0.5
DPSs,4,7,11,0.36
DPSt,1,0,1,1.0
DPbB,3,3,6,0.5
DPbD,0,0,0,
DPbH,0,2,2,0.0
DPbI,1,0,1,1.0
DPbJ,0,2,2,0.0
DPbL,2,1,3,0.67
DPbM,4,6,10,0.4
DPbN,3,3,6,0.5
DPbP,5,3,8,0.62
DPbS,0,3,3,0.0
DPbb,3,5,8,0.38
DPbl,1,4,5,0.2
DPbm,4,2,6,0.67
DPbn,6,2,8,0.75
DPbs,1,1,2,0.5
DPhB,0,1,1,0.0
DPhN,1,1,2,0.5
DPhP,1,0,1,1.0
DPhS,0,0,0,
DPhb,1,1,2,0.5
DPhh,1,0,1,1.0
DPhn,0,2,2,0.0
DPlB,1,1,2,0.5
DPlH,0,1,1,0.0
DPlL,1,2,3,0.33
DPlM,3,1,4,0.75
DPlN,1,2,3,0.33
DPlP,5,2,7,0.71
DPlS,1,2,3,0.33
DPlb,3,6,9,0.33
DPll,0,2,2,0.0
DPlm,1,2,3,0.33
DPln,2,1,3,0.67
DPls,0,2,2,0.0
DPmB,2,2,4,0.5
DPmD,0,2,2,0.0
DPmH,2,1,3,0.67
DPmJ,0,1,1,0.0
DPmL,3,3,6,0.5
DPmM,3,3,6,0.5
DPmN,3,6,9,0.33
DPmP,3,6,9,0.33
DPmS,2,3,5,0.4
DPmb,2,6,8,0.25
DPml,0,1,1,0.0
DPmm,4,3,7,0.57
DPmn,2,4,6,0.33
DPms,2,0,2,1.0
DPnB,2,3,5,0.4
DPnD,0,1,1,0.0
DPnH,1,1,2,0.5
DPnL,2,1,3,0.67
DPnM,6,1,7,0.86
DPnN,2,3,5,0.4
DPnP,5,10,15,0.33
DPnS,5,2,7,0.71
DPnb,0,5,5,0.0
DPnl,1,4,5,0.2
DPnm,5,4,9,0.56
DPnn,3,3,6,0.5
DPns,1,6,7,0.14
DPsB,1,0,1,1.0
DPsD,1,0,1,1.0
DPsH,1,4,5,0.2
DPsI,2,2,4,0.5
DPsL,2,0,2,1.0
DPsM,9,1,10,0.9
DPsN,1,4,5,0.2
DPsP,5,3,8,0.62
DPsS,2,5,7,0.29
DPsb,1,3,4,0.25
DPsl,2,0,2,1.0
DPsm,2,4,6,0.33
DPsn,2,2,4,0.5
DPss,1,3,4,0.25
DPtB,2,0,2,1.0
DPtH,1,0,1,1.0
DPtL,0,1,1,0.0
DPtM,1,1,2,0.5
DPtP,0,1,1,0.0
DPtS,0,1,1,0.0
DPtn,2,0,2,1.0
DSBB,2,2,4,0.5
DSBL,0,1,1,0.0
DSBM,0,1,1,0.0
DSBN,1,2,3,0.33
DSBP,1,2,3,0.33
DSBS,1,0,1,1.0
DSBb,1,1,2,0.5
DSBh,0,1,1,0.0
DSBl,0,0,0,
DSBm,1,3,4,0.25
DSBn,3,4,7,0.43
DSBs,1,1,2,0.5
DSDB,1,0,1,1.0
DSDD,1,0,1,1.0
DSDM,0,1,1,0.0
DSDP,1,1,2,0.5
DSDm,0,1,1,0.0
DSDs,1,1,2,0.5
DSHL,0,0,0,
DSHM,1,0,1,1.0
DSHN,1,2,3,0.33
DSHS,1,1,2,0.5
DSHb,1,0,1,1.0
DSHn,2,0,2,1.0
DSHs,3,1,4,0.75
DSIB,0,1,1,0.0
DSKS,1,0,1,1.0
DSLB,2,1,3,0.67
DSLD,0,1,1,0.0
DSLM,1,0,1,1.0
DSLN,2,0,2,1.0
DSLP,0,1,1,0.0
DSLS,0,1,1,0.0
DSLb,0,0,0,
DSLh,0,1,1,0.0
DSLj,1,0,1,1.0
DSLn,0,1,1,0.0
DSLs,3,0,3,1.0
DSMB,2,2,4,0.5
DSMD,1,0,1,1.0
DSML,5,1,6,0.83
DSMM,3,5,8,0.38
DSMN,3,2,5,0.6
DSMP,3,1,4,0.75
DSMS,1,1,2,0.5
DSMb,1,7,8,0.12
DSMh,0,4,4,0.0
DSMj,1,0,1,1.0
DSMl,0,3,3,0.0
DSMm,1,1,2,0.5
DSMn,3,3,6,0.5
DSMs,2,1,3,0.67
DSMt,0,1,1,0.0
DSNB,0,1,1,0.0
DSNL,1,1,2,0.5
DSNM,4,1,5,0.8
DSNN,3,4,7,0.43
DSNP,2,2,4,0.5
DSNS,1,3,4,0.25
DSNb,1,2,3,0.33
DSNh,0,1,1,0.0
DSNl,1,2,3,0.33
DSNm,3,1,4,0.75
DSNn,6,4,10,0.6
DSNs,2,1,3,0.67
DSPB,2,5,7,0.29
DSPD,0,0,0,
DSPH,1,1,2,0.5
DSPI,0,1,1,0.0
DSPK,0,1,1,0.0
DSPL,0,2,2,0.0
DSPM,4,1,5,0.8
DSPN,5,1,6,0.83
DSPP,3,8,11,0.27
DSPS,1,3,4,0.25
DSPb,6,3,9,0.67
DSPh,0,0,0,
DSPl,2,2,4,0.5
DSPm,4,0,4,1.0
DSPn,7,2,9,0.78
DSPs,4,3,7,0.57
DSPt,1,1,2,0.5
DSSB,2,3,5,0.4
DSSH,0,0,0,
DSSL,0,3,3,0.0
DSSM,5,1,6,0.83
DSSN,3,4,7,0.43
DSSP,3,6,9,0.33
DSSS,1,3,4,0.25
DSSb,2,2,4,0.5
DSSh,3,4,7,0.43
DSSl,3,1,4,0.75
DSSm,3,2,5,0.6
DSSn,3,1,4,0.75
DSSs,4,1,5,0.8
DSSt,1,0,1,1.0
DSbB,2,1,3,0.67
DSbH,0,1,1,0.0
DSbJ,0,1,1,0.0
DSbL,1,1,2,0.5
DSbM,0,1,1,0.0
DSbN,2,0,2,1.0
DSbP,2,5,7,0.29
DSbS,2,4,6,0.33
DSbb,4,2,6,0.67
DSbl,0,2,2,0.0
DSbm,1,1,2,0.5
DSbn,2,1,3,0.67
DSbs,0,2,2,0.0
DShB,0,2,2,0.0
DShL,1,1,2,0.5
DShM,6,1,7,0.86
DShN,1,3,4,0.25
DShP,1,0,1,1.0
DShS,3,1,4,0.75
DShb,0,1,1,0.0
DShh,2,2,4,0.5
DShm,1,1,2,0.5
DShn,1,2,3,0.33
DShs,6,1,7,0.86
DSht,0,1,1,0.0
DSlB,1,1,2,0.5
DSlH,0,1,1,0.0
DSlJ,0,2,2,0.0
DSlL,0,1,1,0.0
DSlM,0,0,0,
DSlN,1,0,1,1.0
DSlP,2,0,2,1.0
DSlS,2,1,3,0.67
DSlb,1,1,2,0.5
DSll,1,3,4,0.25
DSlm,1,0,1,1.0
DSln,0,3,3,0.0
DSls,1,2,3,0.33
DSmB,3,2,5,0.6
DSmH,1,3,4,0.25
DSmL,0,2,2,0.0
DSmM,0,1,1,0.0
DSmN,5,4,9,0.56
DSmP,0,2,2,0.0
DSmS,3,1,4,0.75
DSmb,1,3,4,0.25
DSmm,4,3,7,0.57
DSmn,3,2,5,0.6
DSms,0,3,3,0.0
DSnB,4,3,7,0.57
DSnH,3,2,5,0.6
DSnI,1,0,1,1.0
DSnL,1,0,1,1.0
DSnM,1,2,3,0.33
DSnN,4,9,13,0.31
DSnP,11,6,17,0.65
DSnS,4,7,11,0.36
DSnb,3,4,7,0.43
DSnm,6,3,9,0.67
DSnn,3,3,6,0.5
DSns,1,1,2,0.5
DSsB,2,1,3,0.67
DSsD,1,1,2,0.5
DSsH,0,1,1,0.0
DSsI,0,0,0,
DSsL,1,0,1,1.0
DSsM,4,6,10,0.4
DSsN,2,1,3,0.67
DSsP,1,0,1,1.0
DSsb,1,3,4,0.25
DSsh,0,1,1,0.0
DSsl,1,0,1,1.0
DSsm,3,0,3,1.0
DSsn,3,0,3,1.0
DSss,6,3,9,0.67
DStB,2,0,2,1.0
DStH,0,0,0,
DStM,0,1,1,0.0
DStN,0,1,1,0.0
DStP,0,2,2,0.0
DStS,2,0,2,1.0
DStm,1,0,1,1.0
DStn,0,2,2,0.0
DSts,0,1,1,0.0
DbBB,2,2,4,0.5
DbBL,1,2,3,0.33
DbBM,2,1,3,0.67
DbBN,1,1,2,0.5
DbBP,4,2,6,0.67
DbBS,1,0,1,1.0
DbBb,2,2,4,0.5
DbBj,0,2,2,0.0
DbBl,1,0,1,1.0
DbBm,1,1,2,0.5
DbBn,3,3,6,0.5
DbBs,3,2,5,0.6
DbBt,0,2,2,0.0
DbDN,1,0,1,1.0
DbDb,0,1,1,0.0
DbDm,1,0,1,1.0
DbDs,0,1,1,0.0
DbHB,1,0,1,1.0
DbHI,0,2,2,0.0
DbHL,1,0,1,1.0
DbHM,1,1,2,0.5
DbHP,1,0,1,1.0
DbHS,0,1,1,0.0
DbHb,0,1,1,0.0
DbHh,1,0,1,1.0
DbHl,1,0,1,1.0
DbHm,0,1,1,0.0
DbHn,0,0,0,
DbHs,1,0,1,1.0
DbID,0,1,1,0.0
DbIH,1,2,3,0.33
DbIN,1,0,1,1.0
DbIS,0,1,1,0.0
DbIm,1,0,1,1.0
DbJB,0,2,2,0.0
DbJH,0,0,0,
DbJI,0,1,1,0.0
DbJK,0,1,1,0.0
DbJL,0,1,1,0.0
DbJM,1,2,3,0.33
DbJN,1,0,1,1.0
DbJP,0,3,3,0.0
DbJS,0,1,1,0.0
DbJm,1,2,3,0.33
DbJs,0,0,0,
DbKM,1,0,1,1.0
DbKh,0,1,1,0.0
DbKm,0,1,1,0.0
DbLB,1,0,1,1.0
DbLL,0,0,0,
DbLM,1,1,2,0.5
DbLP,2,2,4,0.5
DbLS,3,1,4,0.75
DbLj,1,0,1,1.0
DbLl,0,1,1,0.0
DbLn,2,0,2,1.0
DbLs,0,1,1,0.0
DbMB,3,1,4,0.75
DbMD,1,0,1,1.0
DbML,0,2,2,0.0
DbMM,2,6,8,0.25
DbMN,6,1,7,0.86
DbMP,6,5,11,0.55
DbMS,4,1,5,0.8
DbMb,2,0,2,1.0
DbMh,3,3,6,0.5
DbMj,1,0,1,1.0
DbMl,1,0,1,1.0
DbMm,2,0,2,1.0
DbMn,4,9,13,0.31
DbMs,1,1,2,0.5
DbMt,1,0,1,1.0
DbNB,3,2,5,0.6
DbNH,0,1,1,0.0
DbNK,0,1,1,0.0
DbNL,1,1,2,0.5
DbNM,2,2,4,0.5
DbNN,1,4,5,0.2
DbNP,0,2,2,0.0
DbNS,2,2,4,0.5
DbNb,1,3,4,0.25
DbNh,3,0,3,1.0
DbNl,1,0,1,1.0
DbNm,2,1,3,0.67
DbNn,5,0,5,1.0
DbNs,2,2,4,0.5
DbPB,2,6,8,0.25
DbPD,1,0,1,1.0
DbPH,0,1,1,0.0
DbPL,0,3,3,0.0
DbPM,5,3,8,0.62
DbPN,4,4,8,0.5
DbPP,6,9,15,0.4
DbPS,3,2,5,0.6
DbPb,1,3,4,0.25
DbPl,1,2,3,0.33
DbPm,3,4,7,0.43
DbPn,5,4,9,0.56
DbPs,0,2,2,0.0
DbPt,0,2,2,0.0
DbSB,3,1,4,0.75
DbSH,0,0,0,
DbSL,1,1,2,0.5
DbSM,1,2,3,0.33
DbSN,0,1,1,0.0
DbSP,2,0,2,1.0
DbSS,2,1,3,0.67
DbSb,2,1,3,0.67
DbSh,0,2,2,0.0
DbSl,0,1,1,0.0
DbSm,1,2,3,0.33
DbSn,1,2,3,0.33
DbSs,1,0,1,1.0
DbbB,5,2,7,0.71
DbbH,2,0,2,1.0
DbbI,1,0,1,1.0
DbbJ,1,0,1,1.0
DbbK,0,1,1,0.0
DbbL,0,1,1,0.0
DbbM,2,3,5,0.4
DbbN,2,5,7,0.29
DbbP,1,5,6,0.17
DbbS,2,0,2,1.0
Dbbb,2,1,3,0.67
Dbbl,4,0,4,1.0
Dbbm,1,0,1,1.0
Dbbn,7,4,11,0.64
Dbbs,0,1,1,0.0
DblB,0,1,1,0.0
DblH,0,1,1,0.0
DblM,2,2,4,0.5
DblN,0,4,4,0.0
DblP,2,2,4,0.5
DblS,1,0,1,1.0
Dbll,1,0,1,1.0
Dblm,1,0,1,1.0
Dbln,2,5,7,0.29
Dbls,0,1,1,0.0
DbmB,1,1,2,0.5
DbmH,2,1,3,0.67
DbmI,0,1,1,0.0
DbmJ,1,1,2,0.5
DbmL,1,0,1,1.0
DbmM,0,2,2,0.0
DbmN,2,2,4,0.5
DbmP,3,1,4,0.75
DbmS,0,3,3,0.0
Dbmb,3,1,4,0.75
Dbml,1,0,1,1.0
Dbmm,0,4,4,0.0
Dbmn,0,1,1,0.0
DbnB,1,2,3,0.33
DbnH,0,1,1,0.0
DbnL,1,3,4,0.25
DbnM,3,5,8,0.38
DbnN,5,0,5,1.0
DbnP,7,3,10,0.7
DbnS,2,0,2,1.0
Dbnb,3,4,7,0.43
Dbnl,0,2,2,0.0
Dbnm,1,0,1,1.0
Dbnn,2,3,5,0.4
Dbns,4,2,6,0.67
DbsB,1,2,3,0.33
DbsD,1,0,1,1.0
DbsH,1,1,2,0.5
DbsI,3,0,3,1.0
DbsL,2,0,2,1.0
DbsM,1,2,3,0.33
DbsN,3,2,5,0.6
DbsP,4,3,7,0.57
DbsS,0,2,2,0.0
Dbsb,1,1,2,0.5
Dbsh,0,0,0,
Dbsl,1,0,1,1.0
Dbsm,0,2,2,0.0
Dbsn,1,3,4,0.25
DhBm,0,1,1,0.0
DhMl,1,0,1,1.0
DhNM,1,0,1,1.0
DhPN,1,0,1,1.0
DhPP,0,1,1,0.0
DhPS,0,0,0,
DhPn,1,0,1,1.0
DhSS,0,1,1,0.0
DhSb,0,0,0,
DhbH,1,0,1,1.0
DhbM,0,0,0,
Dhbb,1,0,1,1.0
Dhms,0,1,1,0.0
DhnS,0,1,1,0.0
Dhnn,0,1,1,0.0
DlBL,0,0,0,
DlBM,0,1,1,0.0
DlBN,1,1,2,0.5
DlBP,1,1,2,0.5
DlBS,0,4,4,0.0
DlBb,0,0,0,
DlBj,0,0,0,
DlBm,2,1,3,0.67
DlBn,0,1,1,0.0
DlBs,0,0,0,
DlDb,1,0,1,1.0
DlDs,1,0,1,1.0
DlHB,1,0,1,1.0
DlHL,0,1,1,0.0
DlHM,1,2,3,0.33
DlHN,0,1,1,0.0
DlHP,3,1,4,0.75
DlHb,2,1,3,0.67
DlHl,1,1,2,0.5
DlHs,0,1,1,0.0
DlID,0,1,1,0.0
DlIM,1,0,1,1.0
DlIN,0,0,0,
DlIS,1,1,2,0.5
DlJB,0,2,2,0.0
DlJI,1,0,1,1.0
DlJN,1,0,1,1.0
DlJP,1,0,1,1.0
DlJb,1,0,1,1.0
DlJn,1,0,1,1.0
DlJs,1,0,1,1.0
DlKM,1,0,1,1.0
DlKl,0,1,1,0.0
DlLM,1,0,1,1.0
DlLN,1,0,1,1.0
DlLS,2,1,3,0.67
DlLh,0,1,1,0.0
DlLj,1,0,1,1.0
DlLm,1,0,1,1.0
DlLn,1,1,2,0.5
DlLs,0,0,0,
DlMB,1,0,1,1.0
DlML,1,0,1,1.0
DlMM,2,1,3,0.67
DlMN,3,0,3,1.0
DlMP,2,3,5,0.4
DlMS,3,0,3,1.0
DlMh,0,0,0,
DlMj,0,0,0,
DlMl,3,0,3,1.0
DlMm,1,0,1,1.0
DlMn,0,4,4,0.0
DlMs,0,0,0,
DlMt,0,1,1,0.0
DlNK,0,1,1,0.0
DlNL,1,1,2,0.5
DlNM,0,2,2,0.0
DlNN,0,1,1,0.0
DlNP,4,6,10,0.4
DlNS,3,0,3,1.0
DlNb,0,3,3,0.0
DlNl,1,0,1,1.0
DlNn,2,1,3,0.67
DlNs,0,1,1,0.0
DlPB,3,1,4,0.75
DlPH,2,1,3,0.67
DlPL,0,2,2,0.0
DlPM,5,3,8,0.62
DlPN,2,0,2,1.0
DlPP,2,2,4,0.5
DlPS,2,2,4,0.5
DlPb,1,2,3,0.33
DlPh,0,2,2,0.0
DlPl,1,1,2,0.5
DlPm,0,1,1,0.0
DlPn,1,2,3,0.33
DlPs,0,1,1,0.0
DlSB,3,0,3,1.0
DlSH,1,0,1,1.0
DlSL,1,1,2,0.5
DlSN,0,1,1,0.0
DlSP,0,3,3,0.0
DlSS,1,2,3,0.33
DlSn,1,1,2,0.5
DlSs,0,1,1,0.0
DlSt,0,1,1,0.0
DlbB,2,2,4,0.5
DlbI,0,0,0,
DlbJ,2,0,2,1.0
DlbL,1,0,1,1.0
DlbM,2,0,2,1.0
DlbN,2,1,3,0.67
DlbP,4,2,6,0.67
DlbS,1,0,1,1.0
Dlbb,1,1,2,0.5
Dlbl,0,1,1,0.0
Dlbm,2,1,3,0.67
Dlbs,1,0,1,1.0
DllB,1,0,1,1.0
DllH,0,1,1,0.0
DllK,0,1,1,0.0
DllS,0,0,0,
Dllb,1,0,1,1.0
Dlll,2,0,2,1.0
Dllm,2,0,2,1.0
Dlls,0,1,1,0.0
DlmB,2,3,5,0.4
DlmH,0,0,0,
DlmL,1,0,1,1.0
DlmM,1,0,1,1.0
DlmN,1,1,2,0.5
DlmS,1,1,2,0.5
Dlmb,1,0,1,1.0
Dlml,1,0,1,1.0
Dlmm,0,1,1,0.0
Dlmn,1,1,2,0.5
Dlms,1,0,1,1.0
DlnB,0,2,2,0.0
DlnH,1,2,3,0.33
DlnI,1,0,1,1.0
DlnK,0,1,1,0.0
DlnM,1,1,2,0.5
DlnN,2,0,2,1.0
DlnP,3,9,12,0.25
DlnS,2,1,3,0.67
Dlnm,1,1,2,0.5
DlsB,0,1,1,0.0
DlsD,1,1,2,0.5
DlsH,1,1,2,0.5
DlsL,1,0,1,1.0
DlsM,1,2,3,0.33
DlsN,0,1,1,0.0
DlsP,1,2,3,0.33
DlsS,1,1,2,0.5
Dlsb,1,0,1,1.0
Dlsl,1,0,1,1.0
Dlsn,1,0,1,1.0
Dlss,2,0,2,1.0
DmBB,0,3,3,0.0
DmBD,0,1,1,0.0
DmBL,1,0,1,1.0
DmBM,2,2,4,0.5
DmBN,1,2,3,0.33
DmBP,3,8,11,0.27
DmBS,1,3,4,0.25
DmBb,0,1,1,0.0
DmBj,0,0,0,
DmBl,1,1,2,0.5
DmBm,1,1,2,0.5
DmBn,0,1,1,0.0
DmBs,0,1,1,0.0
DmBt,1,0,1,1.0
DmDH,0,2,2,0.0
DmDM,0,0,0,
DmDP,0,0,0,
DmDS,0,1,1,0.0
DmHB,4,1,5,0.8
DmHD,0,0,0,
DmHM,2,2,4,0.5
DmHN,2,4,6,0.33
DmHP,2,3,5,0.4
DmHS,1,2,3,0.33
DmHb,3,2,5,0.6
DmHh,0,3,3,0.0
DmHl,1,2,3,0.33
DmHm,2,2,4,0.5
DmHn,1,4,5,0.2
DmIN,1,0,1,1.0
DmIS,1,0,1,1.0
DmJL,1,0,1,1.0
DmJM,0,2,2,0.0
DmJP,2,0,2,1.0
DmJS,1,1,2,0.5
DmJb,2,1,3,0.67
DmJl,0,0,0,
DmJm,1,0,1,1.0
DmJn,0,0,0,
DmJt,1,0,1,1.0
DmLL,0,0,0,
DmLM,0,2,2,0.0
DmLN,0,5,5,0.0
DmLP,2,2,4,0.5
DmLS,0,1,1,0.0
DmLb,1,1,2,0.5
DmLh,1,0,1,1.0
DmLj,0,2,2,0.0
DmLl,0,1,1,0.0
DmLm,0,0,0,
DmLn,2,2,4,0.5
DmLs,2,0,2,1.0
DmLt,0,1,1,0.0
DmMB,2,1,3,0.67
DmML,1,0,1,1.0
DmMM,2,1,3,0.67
DmMN,3,2,5,0.6
DmMP,2,2,4,0.5
DmMS,2,1,3,0.67
DmMb,3,3,6,0.5
DmMh,1,1,2,0.5
DmMl,1,2,3,0.33
DmMm,1,0,1,1.0
DmMn,6,6,12,0.5
DmMs,1,2,3,0.33
DmNB,3,2,5,0.6
DmNH,0,3,3,0.0
DmNK,1,0,1,1.0
DmNL,1,2,3,0.33
DmNM,1,1,2,0.5
DmNN,5,3,8,0.62
DmNP,5,5,10,0.5
DmNS,3,5,8,0.38
DmNb,2,1,3,0.67
DmNl,1,1,2,0.5
DmNm,1,2,3,0.33
DmNn,3,6,9,0.33
DmNs,4,3,7,0.57
DmNt,0,1,1,0.0
DmPB,2,1,3,0.67
DmPH,2,3,5,0.4
DmPI,0,2,2,0.0
DmPL,0,1,1,0.0
DmPM,3,4,7,0.43
DmPN,3,4,7,0.43
DmPP,5,9,14,0.36
DmPS,5,2,7,0.71
DmPb,6,2,8,0.75
DmPl,2,0,2,1.0
DmPm,0,5,5,0.0
DmPn,4,3,7,0.57
DmPs,1,5,6,0.17
DmSB,4,0,4,1.0
DmSD,1,0,1,1.0
DmSH,0,0,0,
DmSK,1,0,1,1.0
DmSL,2,0,2,1.0
DmSM,1,1,2,0.5
DmSN,0,2,2,0.0
DmSP,5,0,5,1.0
DmSS,3,0,3,1.0
DmSb,0,2,2,0.0
DmSh,1,0,1,1.0
DmSl,1,2,3,0.33
DmSm,1,3,4,0.25
DmSn,4,0,4,1.0
DmSs,1,5,6,0.17
DmbB,2,2,4,0.5
DmbH,1,0,1,1.0
DmbJ,0,2,2,0.0
DmbL,1,1,2,0.5
DmbM,3,4,7,0.43
DmbN,3,5,8,0.38
DmbP,4,2,6,0.67
DmbS,3,1,4,0.75
Dmbb,2,3,5,0.4
Dmbl,0,1,1,0.0
Dmbm,4,3,7,0.57
Dmbn,2,2,4,0.5
Dmbs,1,0,1,1.0
DmlB,2,1,3,0.67
DmlJ,1,1,2,0.5
DmlL,0,0,0,
DmlN,2,0,2,1.0
DmlP,2,1,3,0.67
DmlS,0,1,1,0.0
Dmlb,2,0,2,1.0
Dmll,2,0,2,1.0
Dmln,0,1,1,0.0
Dmls,0,0,0,
DmmB,0,1,1,0.0
DmmD,0,1,1,0.0
DmmH,2,2,4,0.5
DmmI,1,0,1,1.0
DmmL,1,0,1,1.0
DmmM,5,1,6,0.83
DmmN,3,2,5,0.6
DmmP,2,2,4,0.5
DmmS,2,3,5,0.4
Dmmb,3,2,5,0.6
Dmmm,2,1,3,0.67
Dmmn,6,3,9,0.67
Dmms,1,1,2,0.5
DmnB,2,1,3,0.67
DmnD,0,0,0,
DmnH,0,1,1,0.0
DmnI,0,1,1,0.0
DmnK,1,0,1,1.0
DmnL,0,3,3,0.0
DmnM,4,3,7,0.57
DmnN,2,4,6,0.33
DmnP,4,7,11,0.36
DmnS,3,0,3,1.0
Dmnb,2,1,3,0.67
Dmnl,1,1,2,0.5
Dmnm,1,1,2,0.5
Dmnn,1,7,8,0.12
Dmns,2,0,2,1.0
DmsM,0,0,0,
DmsN,1,1,2,0.5
DmsP,0,3,3,0.0
DmsS,2,1,3,0.67
Dmsb,1,1,2,0.5
Dmsh,1,0,1,1.0
Dmsl,1,0,1,1.0
Dmsm,2,3,5,0.4
Dmsn,1,0,1,1.0
Dmss,3,3,6,0.5
DnBB,1,3,4,0.25
DnBK,1,0,1,1.0
DnBM,1,3,4,0.25
DnBN,1,0,1,1.0
DnBP,4,2,6,0.67
DnBS,1,2,3,0.33
DnBb,2,0,2,1.0
DnBj,0,3,3,0.0
DnBl,2,3,5,0.4
DnBm,1,1,2,0.5
DnBn,0,5,5,0.0
DnBs,0,1,1,0.0
DnBt,1,0,1,1.0
DnDS,0,1,1,0.0
DnDm,0,1,1,0.0
DnDn,1,0,1,1.0
DnDs,1,0,1,1.0
DnHB,0,2,2,0.0
DnHL,0,0,0,
DnHM,3,1,4,0.75
DnHN,5,1,6,0.83
DnHP,2,1,3,0.67
DnHS,1,0,1,1.0
DnHb,2,3,5,0.4
DnHl,1,2,3,0.33
DnHm,1,1,2,0.5
DnHn,1,0,1,1.0
DnHs,0,2,2,0.0
DnIB,0,1,1,0.0
DnIH,1,0,1,1.0
DnII,0,1,1,0.0
DnIM,0,1,1,0.0
DnIN,1,0,1,1.0
DnIP,2,0,2,1.0
DnIS,0,1,1,0.0
DnIb,0,1,1,0.0
DnIl,1,0,1,1.0
DnIm,0,0,0,
DnIt,0,1,1,0.0
DnKM,1,0,1,1.0
DnKN,1,0,1,1.0
DnKP,0,2,2,0.0
DnKb,1,0,1,1.0
DnKn,1,0,1,1.0
DnLL,0,1,1,0.0
DnLM,0,1,1,0.0
DnLN,2,2,4,0.5
DnLP,1,2,3,0.33
DnLb,1,1,2,0.5
DnLh,1,0,1,1.0
DnLl,1,0,1,1.0
DnLm,0,3,3,0.0
DnLn,0,3,3,0.0
DnLs,0,1,1,0.0
DnMB,1,2,3,0.33
DnMD,0,0,0,
DnML,0,1,1,0.0
DnMM,5,3,8,0.62
DnMN,1,1,2,0.5
DnMP,3,0,3,1.0
DnMS,1,4,5,0.2
DnMb,1,3,4,0.25
DnMh,3,2,5,0.6
DnMj,2,0,2,1.0
DnMl,4,0,4,1.0
DnMm,2,2,4,0.5
DnMn,4,9,13,0.31
DnMs,2,3,5,0.4
DnMt,0,0,0,
DnNB,1,3,4,0.25
DnNK,0,2,2,0.0
DnNL,2,0,2,1.0
DnNM,3,2,5,0.6
DnNN,6,2,8,0.75
DnNP,4,6,10,0.4
DnNS,3,4,7,0.43
DnNb,3,6,9,0.33
DnNh,2,2,4,0.5
DnNl,3,0,3,1.0
DnNm,5,1,6,0.83
DnNn,3,6,9,0.33
DnNs,4,3,7,0.57
DnNt,1,0,1,1.0
DnPB,2,3,5,0.4
DnPD,0,1,1,0.0
DnPH,1,1,2,0.5
DnPL,1,2,3,0.33
DnPM,1,6,7,0.14
DnPN,5,3,8,0.62
DnPP,3,8,11,0.27
DnPS,5,1,6,0.83
DnPb,4,5,9,0.44
DnPl,4,3,7,0.57
DnPm,3,2,5,0.6
DnPn,6,1,7,0.86
DnPs,3,3,6,0.5
DnPt,1,3,4,0.25
DnSB,0,4,4,0.0
DnSH,3,1,4,0.75
DnSL,0,2,2,0.0
DnSM,2,0,2,1.0
DnSN,3,3,6,0.5
DnSP,2,4,6,0.33
DnSS,2,2,4,0.5
DnSb,0,0,0,
DnSh,2,3,5,0.4
DnSl,1,0,1,1.0
DnSm,1,0,1,1.0
DnSn,4,2,6,0.67
DnSs,1,1,2,0.5
DnSt,1,0,1,1.0
DnbB,3,0,3,1.0
DnbH,0,0,0,
DnbL,1,0,1,1.0
DnbM,5,2,7,0.71
DnbN,4,0,4,1.0
DnbP,6,3,9,0.67
DnbS,0,1,1,0.0
Dnbb,3,2,5,0.6
Dnbl,2,0,2,1.0
Dnbm,2,1,3,0.67
Dnbn,1,4,5,0.2
Dnbs,2,1,3,0.67
DnhN,0,1,1,0.0
DnlB,0,1,1,0.0
DnlH,1,0,1,1.0
DnlL,0,1,1,0.0
DnlM,1,0,1,1.0
DnlN,2,3,5,0.4
DnlP,2,3,5,0.4
DnlS,1,1,2,0.5
Dnlm,1,0,1,1.0
Dnln,1,1,2,0.5
Dnls,1,2,3,0.33
DnmB,1,1,2,0.5
DnmD,1,0,1,1.0
DnmH,2,0,2,1.0
DnmL,3,0,3,1.0
DnmM,1,2,3,0.33
DnmN,3,1,4,0.75
DnmP,4,3,7,0.57
DnmS,1,0,1,1.0
Dnmb,5,2,7,0.71
Dnml,0,1,1,0.0
Dnmm,2,3,5,0.4
Dnmn,0,3,3,0.0
Dnms,0,1,1,0.0
DnnB,2,1,3,0.67
DnnD,0,1,1,0.0
DnnH,2,0,2,1.0
DnnK,1,0,1,1.0
DnnL,1,1,2,0.5
DnnM,6,1,7,0.86
DnnN,5,5,10,0.5
DnnP,4,6,10,0.4
DnnS,2,1,3,0.67
Dnnb,5,1,6,0.83
Dnnl,2,1,3,0.67
Dnnm,3,0,3,1.0
Dnnn,3,3,6,0.5
Dnns,3,4,7,0.43
DnsB,0,0,0,
DnsH,1,1,2,0.5
DnsM,1,1,2,0.5
DnsN,1,2,3,0.33
DnsP,1,3,4,0.25
DnsS,3,3,6,0.5
Dnsb,1,1,2,0.5
Dnsm,3,0,3,1.0
Dnsn,2,2,4,0.5
Dnss,1,3,4,0.25
DsBB,2,1,3,0.67
DsBH,1,0,1,1.0
DsBL,1,1,2,0.5
DsBM,2,1,3,0.67
DsBN,3,1,4,0.75
DsBP,2,0,2,1.0
DsBS,2,1,3,0.67
DsBb,0,2,2,0.0
DsBh,0,1,1,0.0
DsBj,1,0,1,1.0
DsBl,0,0,0,
DsBm,0,1,1,0.0
DsBn,2,0,2,1.0
DsBs,1,1,2,0.5
DsBt,0,1,1,0.0
DsDB,0,1,1,0.0
DsDH,0,1,1,0.0
DsDP,1,0,1,1.0
DsDS,0,1,1,0.0
DsDm,0,1,1,0.0
DsHL,2,0,2,1.0
DsHM,2,3,5,0.4
DsHN,4,3,7,0.57
DsHP,1,3,4,0.25
DsHS,2,1,3,0.67
DsHb,2,2,4,0.5
DsHh,1,0,1,1.0
DsHm,5,1,6,0.83
DsHn,2,4,6,0.33
DsHs,4,3,7,0.57
DsIB,2,0,2,1.0
DsIH,1,0,1,1.0
DsIL,0,1,1,0.0
DsIN,0,2,2,0.0
DsIb,1,0,1,1.0
DsIh,0,0,0,
DsIn,1,0,1,1.0
DsKP,0,0,0,
DsKs,0,1,1,0.0
DsLK,0,1,1,0.0
DsLM,1,0,1,1.0
DsLP,2,0,2,1.0
DsLS,1,3,4,0.25
DsLb,0,0,0,
DsLm,1,1,2,0.5
DsLn,0,2,2,0.0
DsLs,2,1,3,0.67
DsMB,1,0,1,1.0
DsML,1,0,1,1.0
DsMM,1,1,2,0.5
DsMN,2,0,2,1.0
DsMP,2,1,3,0.67
DsMS,1,2,3,0.33
DsMb,1,3,4,0.25
DsMh,0,3,3,0.0
DsMl,1,1,2,0.5
DsMm,7,4,11,0.64
DsMn,3,1,4,0.75
DsMs,0,1,1,0.0
DsNB,1,0,1,1.0
DsNH,1,0,1,1.0
DsNL,1,0,1,1.0
DsNM,3,4,7,0.43
DsNN,3,2,5,0.6
DsNP,7,2,9,0.78
DsNS,1,3,4,0.25
DsNb,1,1,2,0.5
DsNh,1,0,1,1.0
DsNl,0,1,1,0.0
DsNm,1,1,2,0.5
DsNn,1,1,2,0.5
DsNs,4,3,7,0.57
DsNt,1,1,2,0.5
DsPB,1,2,3,0.33
DsPH,0,1,1,0.0
DsPM,4,0,4,1.0
DsPN,4,1,5,0.8
DsPP,5,6,11,0.45
DsPS,1,4,5,0.2
DsPb,4,0,4,1.0
DsPh,0,1,1,0.0
DsPl,0,1,1,0.0
DsPm,1,1,2,0.5
DsPn,1,1,2,0.5
DsPs,4,1,5,0.8
DsPt,0,0,0,
DsSB,2,2,4,0.5
DsSH,2,1,3,0.67
DsSK,1,0,1,1.0
DsSL,0,1,1,0.0
DsSM,1,4,5,0.2
DsSN,3,4,7,0.43
DsSP,3,2,5,0.6
DsSS,0,4,4,0.0
DsSb,0,3,3,0.0
DsSh,2,0,2,1.0
DsSl,2,2,4,0.5
DsSm,5,1,6,0.83
DsSn,2,3,5,0.4
DsSs,5,2,7,0.71
DsSt,1,0,1,1.0
DsbB,6,1,7,0.86
DsbD,1,0,1,1.0
DsbH,1,1,2,0.5
DsbJ,1,0,1,1.0
DsbL,1,2,3,0.33
DsbM,3,1,4,0.75
DsbN,2,7,9,0.22
DsbP,3,2,5,0.6
DsbS,0,2,2,0.0
Dsbb,1,1,2,0.5
Dsbm,1,1,2,0.5
Dsbn,2,3,5,0.4
Dsbs,1,0,1,1.0
Dshb,1,0,1,1.0
Dshm,0,1,1,0.0
Dshs,1,0,1,1.0
DslB,1,0,1,1.0
DslH,2,0,2,1.0
DslI,1,1,2,0.5
DslL,0,0,0,
DslM,2,1,3,0.67
DslN,4,1,5,0.8
DslP,0,1,1,0.0
Dslb,1,1,2,0.5
Dsll,1,1,2,0.5
Dslm,1,1,2,0.5
Dsln,1,2,3,0.33
Dsls,2,2,4,0.5
DsmB,1,4,5,0.2
DsmH,0,0,0,
DsmI,0,1,1,0.0
DsmL,0,2,2,0.0
DsmM,3,3,6,0.5
DsmN,1,3,4,0.25
DsmP,3,2,5,0.6
DsmS,1,1,2,0.5
Dsmb,3,1,4,0.75
Dsmm,5,0,5,1.0
Dsmn,1,0,1,1.0
Dsms,2,0,2,1.0
DsnB,1,4,5,0.2
DsnH,0,4,4,0.0
DsnI,0,4,4,0.0
DsnK,0,1,1,0.0
DsnM,5,1,6,0.83
DsnN,2,2,4,0.5
DsnP,2,0,2,1.0
DsnS,1,1,2,0.5
Dsnb,1,2,3,0.33
Dsnm,1,1,2,0.5
Dsnn,4,0,4,1.0
Dsns,1,2,3,0.33
DssD,1,2,3,0.33
DssH,4,1,5,0.8
DssM,2,2,4,0.5
DssN,3,5,8,0.38
DssP,2,2,4,0.5
DssS,1,2,3,0.33
Dssb,1,2,3,0.33
Dssl,0,2,2,0.0
Dssm,2,2,4,0.5
Dssn,2,0,2,1.0
Dsss,0,2,2,0.0
DtBL,0,1,1,0.0
DtBM,1,2,3,0.33
DtBS,0,0,0,
DtBn,0,1,1,0.0
DtDM,1,1,2,0.5
DtDP,0,0,0,
DtHB,1,0,1,1.0
DtHM,1,0,1,1.0
DtHN,1,0,1,1.0
DtHs,0,1,1,0.0
DtKM,0,0,0,
DtLS,1,1,2,0.5
DtLm,1,0,1,1.0
DtLn,0,0,0,
DtML,1,0,1,1.0
DtMM,0,1,1,0.0
DtMN,0,1,1,0.0
DtMP,0,1,1,0.0
DtMS,1,1,2,0.5
DtMh,0,0,0,
DtMl,0,1,1,0.0
DtMm,1,1,2,0.5
DtMn,0,0,0,
DtNN,2,0,2,1.0
DtNP,1,1,2,0.5
DtNb,0,1,1,0.0
DtNm,0,0,0,
DtNn,0,1,1,0.0
DtPB,0,2,2,0.0
DtPL,1,0,1,1.0
DtPM,2,0,2,1.0
DtPN,0,1,1,0.0
DtPP,0,0,0,
DtPb,1,0,1,1.0
DtPl,1,0,1,1.0
DtPm,1,0,1,1.0
DtPn,1,1,2,0.5
DtPs,2,0,2,1.0
DtSB,1,0,1,1.0
DtSH,0,1,1,0.0
DtSM,2,0,2,1.0
DtSS,0,0,0,
DtSm,1,0,1,1.0
DtSn,1,0,1,1.0
DtbJ,0,0,0,
DtbL,0,0,0,
DtbM,0,1,1,0.0
DtbN,0,1,1,0.0
DtbP,1,1,2,0.5
Dtbb,1,1,2,0.5
Dtbs,0,1,1,0.0
DtlB,0,0,0,
DtlP,1,0,1,1.0
Dtlm,0,0,0,
DtmH,0,1,1,0.0
DtmM,3,1,4,0.75
DtmN,1,0,1,1.0
Dtms,1,0,1,1.0
DtnB,0,0,0,
DtnH,1,0,1,1.0
DtnL,0,1,1,0.0
DtnN,0,1,1,0.0
DtnS,1,0,1,1.0
Dtnb,1,0,1,1.0
Dtnm,1,0,1,1.0
Dtns,1,1,2,0.5
DtsB,1,0,1,1.0
DtsD,1,0,1,1.0
DtsN,0,1,1,0.0
DtsS,0,2,2,0.0
Dtsm,1,0,1,1.0
Dtsn,0,2,2,0.0
Dtss,1,1,2,0.5
DttS,1,1,2,0.5
Dttb,0,1,1,0.0
HBBB,11,5,16,0.69
HBBD,1,1,2,0.5
HBBL,1,0,1,1.0
HBBM,4,5,9,0.44
HBBN,6,7,13,0.46
HBBP,7,7,14,0.5
HBBS,2,3,5,0.4
HBBb,6,12,18,0.33
HBBh,2,0,2,1.0
HBBj,2,3,5,0.4
HBBl,2,2,4,0.5
HBBm,4,7,11,0.36
HBBn,14,8,22,0.64
HBBs,7,0,7,1.0
HBBt,1,1,2,0.5
HBDB,0,0,0,
HBDH,2,0,2,1.0
HBDL,0,1,1,0.0
HBDN,0,2,2,0.0
HBDP,1,1,2,0.5
HBDS,1,0,1,1.0
HBDb,1,0,1,1.0
HBDl,0,1,1,0.0
HBDm,0,0,0,
HBDn,2,0,2,1.0
HBHI,1,0,1,1.0
HBHS,0,1,1,0.0
HBKB,0,1,1,0.0
HBKM,0,1,1,0.0
HBKN,0,1,1,0.0
HBKP,1,0,1,1.0
HBKS,1,1,2,0.5
HBKb,0,2,2,0.0
HBKh,1,1,2,0.5
HBKl,0,1,1,0.0
HBKm,0,1,1,0.0
HBKn,0,0,0,
HBKs,0,1,1,0.0
HBLB,4,4,8,0.5
HBLD,0,2,2,0.0
HBLK,1,0,1,1.0
HBLM,2,3,5,0.4
HBLN,1,2,3,0.33
HBLP,3,1,4,0.75
HBLS,1,2,3,0.33
HBLb,5,0,5,1.0
HBLh,3,0,3,1.0
HBLj,2,2,4,0.5
HBLl,2,2,4,0.5
HBLm,6,0,6,1.0
HBLn,8,5,13,0.62
HBLs,1,2,3,0.33
HBLt,1,0,1,1.0
HBMB,7,4,11,0.64
HBMD,0,3,3,0.0
HBML,2,0,2,1.0
HBMM,3,11,14,0.21
HBMN,7,5,12,0.58
HBMP,8,8,16,0.5
HBMS,6,2,8,0.75
HBMb,10,14,24,0.42
HBMh,9,11,20,0.45
HBMj,3,0,3,1.0
HBMl,4,3,7,0.57
HBMm,11,6,17,0.65
HBMn,11,15,26,0.42
HBMs,4,5,9,0.44
HBMt,0,1,1,0.0
HBNB,8,8,16,0.5
HBND,1,1,2,0.5
HBNH,0,2,2,0.0
HBNK,0,1,1,0.0
HBNL,6,2,8,0.75
HBNM,3,7,10,0.3
HBNN,8,15,23,0.35
HBNP,13,10,23,0.57
HBNS,7,6,13,0.54
HBNb,6,7,13,0.46
HBNh,3,4,7,0.43
HBNl,3,6,9,0.33
HBNm,11,8,19,0.58
HBNn,12,13,25,0.48
HBNs,7,9,16,0.44
HBNt,5,3,8,0.62
HBPB,10,8,18,0.56
HBPD,1,1,2,0.5
HBPH,4,5,9,0.44
HBPI,0,1,1,0.0
HBPL,5,8,13,0.38
HBPM,8,12,20,0.4
HBPN,6,9,15,0.4
HBPP,17,18,35,0.49
HBPS,10,7,17,0.59
HBPb,9,12,21,0.43
HBPh,0,1,1,0.0
HBPl,10,3,13,0.77
HBPm,13,9,22,0.59
HBPn,14,13,27,0.52
HBPs,2,7,9,0.22
HBPt,1,1,2,0.5
HBSB,2,2,4,0.5
HBSD,0,1,1,0.0
HBSH,0,2,2,0.0
HBSL,0,3,3,0.0
HBSM,4,8,12,0.33
HBSN,4,1,5,0.8
HBSP,10,8,18,0.56
HBSS,5,2,7,0.71
HBSb,1,6,7,0.14
HBSh,3,4,7,0.43
HBSl,5,1,6,0.83
HBSm,5,5,10,0.5
HBSn,2,8,10,0.2
HBSs,2,9,11,0.18
HBSt,1,0,1,1.0
HBbB,7,13,20,0.35
HBbD,0,0,0,
HBbH,3,3,6,0.5
HBbI,1,1,2,0.5
HBbJ,0,2,2,0.0
HBbK,1,1,2,0.5
HBbL,4,7,11,0.36
HBbM,6,12,18,0.33
HBbN,11,18,29,0.38
HBbP,12,8,20,0.6
HBbS,7,5,12,0.58
HBbb,10,6,16,0.62
HBbl,6,4,10,0.6
HBbm,9,10,19,0.47
HBbn,8,7,15,0.53
HBbs,4,4,8,0.5
HBhB,0,2,2,0.0
HBhM,2,1,3,0.67
HBhN,1,2,3,0.33
HBhP,0,3,3,0.0
HBhS,1,0,1,1.0
HBhb,2,1,3,0.67
HBhh,1,0,1,1.0
HBhl,1,2,3,0.33
HBhm,1,1,2,0.5
HBhn,5,0,5,1.0
HBhs,0,2,2,0.0
HBjB,5,0,5,1.0
HBjH,0,2,2,0.0
HBjL,0,2,2,0.0
HBjM,4,3,7,0.57
HBjN,4,1,5,0.8
HBjP,5,6,11,0.45
HBjS,2,2,4,0.5
HBjb,4,3,7,0.57
HBjh,1,2,3,0.33
HBjl,2,2,4,0.5
HBjm,2,2,4,0.5
HBjn,5,0,5,1.0
HBjs,2,1,3,0.67
HBjt,0,1,1,0.0
HBlB,2,5,7,0.29
HBlH,4,4,8,0.5
HBlI,1,0,1,1.0
HBlJ,1,2,3,0.33
HBlL,3,1,4,0.75
HBlM,4,9,13,0.31
HBlN,1,2,3,0.33
HBlP,8,5,13,0.62
HBlS,2,3,5,0.4
HBlb,9,2,11,0.82
HBll,0,1,1,0.0
HBlm,6,3,9,0.67
HBln,3,3,6,0.5
HBls,2,5,7,0.29
HBmB,3,1,4,0.75
HBmH,7,5,12,0.58
HBmI,1,1,2,0.5
HBmJ,1,2,3,0.33
HBmL,2,3,5,0.4
HBmM,4,10,14,0.29
HBmN,10,13,23,0.43
HBmP,11,15,26,0.42
HBmS,2,3,5,0.4
HBmb,6,11,17,0.35
HBml,3,3,6,0.5
HBmm,7,7,14,0.5
HBmn,10,6,16,0.62
HBms,5,1,6,0.83
HBnB,4,7,11,0.36
HBnD,1,0,1,1.0
HBnH,7,4,11,0.64
HBnI,2,0,2,1.0
HBnK,2,0,2,1.0
HBnL,4,1,5,0.8
HBnM,17,12,29,0.59
HBnN,12,8,20,0.6
HBnP,17,20,37,0.46
HBnS,7,15,22,0.32
HBnb,16,11,27,0.59
HBnh,0,1,1,0.0
HBnl,5,4,9,0.56
HBnm,16,10,26,0.62
HBnn,16,16,32,0.5
HBns,10,9,19,0.53
HBsB,2,9,11,0.18
HBsH,6,4,10,0.6
HBsI,0,1,1,0.0
HBsK,0,1,1,0.0
HBsL,3,2,5,0.6
HBsM,4,3,7,0.57
HBsN,5,7,12,0.42
HBsP,8,1,9,0.89
HBsS,5,8,13,0.38
HBsb,8,5,13,0.62
HBsh,0,2,2,0.0
HBsl,3,3,6,0.5
HBsm,8,3,11,0.73
HBsn,2,4,6,0.33
HBss,6,6,12,0.5
HBtB,0,1,1,0.0
HBtH,0,2,2,0.0
HBtK,0,1,1,0.0
HBtL,2,0,2,1.0
HBtM,0,2,2,0.0
HBtN,2,3,5,0.4
HBtP,3,3,6,0.5
HBtS,3,4,7,0.43
HBtb,2,4,6,0.33
HBtl,1,0,1,1.0
HBtm,1,2,3,0.33
HBtn,2,3,5,0.4
HBts,2,2,4,0.5
HBtt,0,0,0,
HDBB,1,2,3,0.33
HDBL,1,0,1,1.0
HDBN,1,1,2,0.5
HDBP,1,0,1,1.0
HDBS,0,1,1,0.0
HDBj,0,1,1,0.0
HDBn,1,0,1,1.0
HDDM,0,1,1,0.0
HDDs,1,0,1,1.0
HDHH,0,2,2,0.0
HDHK,0,1,1,0.0
HDHL,1,1,2,0.5
HDHM,1,2,3,0.33
HDHN,1,1,2,0.5
HDHP,2,0,2,1.0
HDHS,1,0,1,1.0
HDHb,1,0,1,1.0
HDHh,1,2,3,0.33
HDHl,1,0,1,1.0
HDHm,1,2,3,0.33
HDHn,1,0,1,1.0
HDHs,1,1,2,0.5
HDHt,0,1,1,0.0
HDIM,1,0,1,1.0
HDKP,0,1,1,0.0
HDLB,0,0,0,
HDLN,1,0,1,1.0
HDLP,0,1,1,0.0
HDLh,1,0,1,1.0
HDLj,0,1,1,0.0
HDLs,1,0,1,1.0
HDMB,1,0,1,1.0
HDML,0,1,1,0.0
HDMM,1,2,3,0.33
HDMN,1,1,2,0.5
HDMP,2,1,3,0.67
HDMb,1,0,1,1.0
HDMh,3,2,5,0.6
HDMl,0,0,0,
HDMm,2,1,3,0.67
HDMn,0,1,1,0.0
HDMs,1,1,2,0.5
HDMt,0,1,1,0.0
HDNB,2,0,2,1.0
HDNK,1,0,1,1.0
HDNM,0,1,1,0.0
HDNN,2,1,3,0.67
HDNP,3,2,5,0.6
HDNS,3,2,5,0.6
HDNb,1,0,1,1.0
HDNl,0,1,1,0.0
HDNn,1,0,1,1.0
HDNs,1,0,1,1.0
HDNt,0,1,1,0.0
HDPB,2,1,3,0.67
HDPD,1,0,1,1.0
HDPH,0,1,1,0.0
HDPL,1,1,2,0.5
HDPM,2,1,3,0.67
HDPN,0,1,1,0.0
HDPP,3,3,6,0.5
HDPS,2,0,2,1.0
HDPb,2,0,2,1.0
HDPm,0,1,1,0.0
HDPn,0,2,2,0.0
HDPs,2,0,2,1.0
HDPt,1,0,1,1.0
HDSB,0,1,1,0.0
HDSH,2,0,2,1.0
HDSM,2,0,2,1.0
HDSN,1,2,3,0.33
HDSP,4,4,8,0.5
HDSS,5,1,6,0.83
HDSb,0,2,2,0.0
HDSh,2,1,3,0.67
HDSm,1,1,2,0.5
HDSn,3,3,6,0.5
HDSs,0,3,3,0.0
HDSt,0,0,0,
HDbB,3,1,4,0.75
HDbL,0,0,0,
HDbM,4,1,5,0.8
HDbN,1,0,1,1.0
HDbP,1,3,4,0.25
HDbS,1,1,2,0.5
HDbb,0,1,1,0.0
HDbl,0,0,0,
HDbn,1,2,3,0.33
HDbs,2,0,2,1.0
HDlM,0,1,1,0.0
HDlN,1,1,2,0.5
HDlP,1,1,2,0.5
HDlb,3,0,3,1.0
HDln,0,1,1,0.0
HDls,0,0,0,
HDmB,1,0,1,1.0
HDmD,2,0,2,1.0
HDmH,2,1,3,0.67
HDmL,1,0,1,1.0
HDmM,0,2,2,0.0
HDmP,0,1,1,0.0
HDmb,1,1,2,0.5
HDml,0,1,1,0.0
HDmm,1,1,2,0.5
HDmn,0,2,2,0.0
HDms,0,1,1,0.0
HDnB,0,2,2,0.0
HDnD,1,1,2,0.5
HDnH,1,0,1,1.0
HDnM,1,1,2,0.5
HDnN,4,0,4,1.0
HDnP,4,3,7,0.57
HDnS,0,1,1,0.0
HDnb,1,1,2,0.5
HDnh,1,0,1,1.0
HDnl,1,0,1,1.0
HDnm,0,1,1,0.0
HDnn,2,0,2,1.0
HDns,0,0,0,
HDsB,0,1,1,0.0
HDsD,1,0,1,1.0
HDsH,1,0,1,1.0
HDsL,0,1,1,0.0
HDsM,1,1,2,0.5
HDsN,2,1,3,0.67
HDsP,0,3,3,0.0
HDsb,2,1,3,0.67
HDsl,0,2,2,0.0
HDsm,0,2,2,0.0
HDsn,2,0,2,1.0
HDss,0,0,0,
HDtM,0,1,1,0.0
HDtP,1,2,3,0.33
HDtS,1,0,1,1.0
HDtb,1,0,1,1.0
HDts,0,1,1,0.0
HHBB,1,1,2,0.5
HHBL,1,1,2,0.5
HHBM,1,2,3,0.33
HHBN,2,2,4,0.5
HHBP,1,2,3,0.33
HHBS,1,3,4,0.25
HHBb,1,0,1,1.0
HHBh,1,0,1,1.0
HHBj,0,2,2,0.0
HHBm,3,1,4,0.75
HHBn,1,1,2,0.5
HHBs,1,2,3,0.33
HHDD,1,0,1,1.0
HHDP,1,1,2,0.5
HHDS,1,0,1,1.0
HHDb,2,0,2,1.0
HHDm,0,1,1,0.0
HHDn,0,0,0,
HHDs,1,0,1,1.0
HHDt,1,1,2,0.5
HHHB,3,0,3,1.0
HHHH,1,0,1,1.0
HHHL,0,1,1,0.0
HHHN,2,1,3,0.67
HHHP,1,3,4,0.25
HHHS,2,2,4,0.5
HHHb,0,1,1,0.0
HHHh,0,0,0,
HHHl,1,0,1,1.0
HHHm,1,0,1,1.0
HHHn,0,1,1,0.0
HHHs,2,0,2,1.0
HHHt,0,0,0,
HHIH,1,0,1,1.0
HHIP,1,1,2,0.5
HHIs,1,0,1,1.0
HHKL,1,0,1,1.0
HHKN,1,1,2,0.5
HHKb,1,1,2,0.5
HHKh,1,0,1,1.0
HHKn,1,2,3,0.33
HHKs,1,0,1,1.0
HHLB,2,0,2,1.0
HHLK,1,0,1,1.0
HHLM,2,0,2,1.0
HHLN,1,2,3,0.33
HHLP,4,1,5,0.8
HHLS,0,1,1,0.0
HHLb,0,0,0,
HHLj,0,1,1,0.0
HHLm,1,0,1,1.0
HHLn,2,1,3,0.67
HHLs,0,0,0,
HHMB,3,1,4,0.75
HHMD,1,0,1,1.0
HHMM,1,3,4,0.25
HHMN,4,2,6,0.67
HHMP,4,3,7,0.57
HHMS,4,3,7,0.57
HHMb,2,4,6,0.33
HHMh,0,2,2,0.0
HHMj,1,1,2,0.5
HHMl,2,0,2,1.0
HHMm,0,0,0,
HHMn,2,2,4,0.5
HHMs,2,3,5,0.4
HHMt,2,0,2,1.0
HHNB,0,4,4,0.0
HHNH,1,0,1,1.0
HHNK,1,0,1,1.0
HHNL,3,0,3,1.0
HHNM,4,5,9,0.44
HHNN,2,4,6,0.33
HHNP,4,2,6,0.67
HHNS,2,3,5,0.4
HHNb,1,1,2,0.5
HHNh,1,1,2,0.5
HHNl,1,2,3,0.33
HHNm,1,2,3,0.33
HHNn,5,5,10,0.5
HHNs,2,2,4,0.5
HHNt,0,2,2,0.0
HHPB,2,3,5,0.4
HHPD,3,0,3,1.0
HHPH,2,2,4,0.5
HHPI,0,1,1,0.0
HHPK,1,2,3,0.33
HHPL,0,4,4,0.0
HHPM,3,2,5,0.6
HHPN,4,4,8,0.5
HHPP,5,5,10,0.5
HHPS,4,1,5,0.8
HHPb,3,3,6,0.5
HHPh,1,0,1,1.0
HHPl,2,3,5,0.4
HHPm,0,0,0,
HHPn,4,5,9,0.44
HHPs,2,4,6,0.33
HHPt,1,0,1,1.0
HHSB,3,2,5,0.6
HHSD,1,0,1,1.0
HHSH,1,0,1,1.0
HHSL,2,1,3,0.67
HHSM,0,5,5,0.0
HHSN,5,1,6,0.83
HHSP,3,1,4,0.75
HHSS,5,2,7,0.71
HHSb,2,3,5,0.4
HHSh,1,2,3,0.33
HHSl,2,2,4,0.5
HHSm,0,2,2,0.0
HHSn,4,6,10,0.4
HHSs,6,2,8,0.75
HHSt,0,1,1,0.0
HHbB,4,0,4,1.0
HHbH,0,3,3,0.0
HHbJ,0,0,0,
HHbK,0,1,1,0.0
HHbL,2,0,2,1.0
HHbM,1,2,3,0.33
HHbN,3,2,5,0.6
HHbP,2,0,2,1.0
HHbS,3,5,8,0.38
HHbb,1,1,2,0.5
HHbl,1,0,1,1.0
HHbm,1,2,3,0.33
HHbn,2,2,4,0.5
HHbs,1,1,2,0.5
HHhD,0,0,0,
HHhP,1,1,2,0.5
HHhS,3,1,4,0.75
HHhb,1,0,1,1.0
HHhh,0,0,0,
HHhm,1,0,1,1.0
HHhn,0,1,1,0.0
HHhs,2,2,4,0.5
HHlH,0,1,1,0.0
HHlJ,0,1,1,0.0
HHlL,1,1,2,0.5
HHlM,2,0,2,1.0
HHlN,1,2,3,0.33
HHlP,2,1,3,0.67
HHlS,1,1,2,0.5
HHlb,2,2,4,0.5
HHll,1,0,1,1.0
HHlm,0,2,2,0.0
HHln,2,1,3,0.67
HHls,2,0,2,1.0
HHmB,2,2,4,0.5
HHmH,2,2,4,0.5
HHmJ,0,1,1,0.0
HHmL,1,0,1,1.0
HHmM,1,3,4,0.25
HHmN,1,2,3,0.33
HHmP,1,3,4,0.25
HHmS,0,1,1,0.0
HHmb,1,1,2,0.5
HHml,1,2,3,0.33
HHmm,1,0,1,1.0
HHmn,1,2,3,0.33
HHms,2,3,5,0.4
HHnB,3,1,4,0.75
HHnD,0,1,1,0.0
HHnH,2,2,4,0.5
HHnI,1,0,1,1.0
HHnL,0,1,1,0.0
HHnM,3,6,9,0.33
HHnN,1,2,3,0.33
HHnP,5,3,8,0.62
HHnS,0,2,2,0.0
HHnb,2,1,3,0.67
HHnl,0,3,3,0.0
HHnm,0,3,3,0.0
HHnn,3,4,7,0.43
HHns,1,3,4,0.25
HHsB,0,1,1,0.0
HHsD,1,1,2,0.5
HHsH,1,4,5,0.2
HHsI,1,0,1,1.0
HHsK,1,0,1,1.0
HHsL,1,1,2,0.5
HHsM,3,2,5,0.6
HHsN,4,2,6,0.67
HHsP,3,5,8,0.38
HHsS,2,3,5,0.4
HHsb,1,2,3,0.33
HHsh,0,0,0,
HHsl,1,1,2,0.5
HHsm,3,1,4,0.75
HHsn,0,2,2,0.0
HHss,1,1,2,0.5
HHtN,0,1,1,0.0
HHtP,0,0,0,
HHtn,0,2,2,0.0
HIBB,1,3,4,0.25
HIBL,0,1,1,0.0
HIBM,0,1,1,0.0
HIBN,1,0,1,1.0
HIBP,0,1,1,0.0
HIBS,1,1,2,0.5
HIBh,0,1,1,0.0
HIBl,1,0,1,1.0
HIBm,1,1,2,0.5
HIBn,2,0,2,1.0
HIDB,1,0,1,1.0
HIDN,1,0,1,1.0
HIDn,0,0,0,
HIHB,2,0,2,1.0
HIHI,0,0,0,
HIHL,0,2,2,0.0
HIHM,1,2,3,0.33
HIHN,2,1,3,0.67
HIHP,1,1,2,0.5
HIHS,1,1,2,0.5
HIHb,0,1,1,0.0
HIHm,2,1,3,0.67
HIHn,1,0,1,1.0
HIHs,1,0,1,1.0
HIHt,1,1,2,0.5
HIIB,1,0,1,1.0
HIIH,1,0,1,1.0
HIIb,1,0,1,1.0
HIIs,0,1,1,0.0
HILL,0,1,1,0.0
HILP,1,1,2,0.5
HILb,2,0,2,1.0
HILl,1,0,1,1.0
HILn,2,2,4,0.5
HIMB,0,0,0,
HIMD,0,0,0,
HIML,0,0,0,
HIMM,1,0,1,1.0
HIMN,0,1,1,0.0
HIMP,1,3,4,0.25
HIMS,0,2,2,0.0
HIMb,1,0,1,1.0
HIMh,4,2,6,0.67
HIMm,2,0,2,1.0
HIMn,2,3,5,0.4
HIMs,1,2,3,0.33
HIMt,0,1,1,0.0
HINB,2,1,3,0.67
HINL,1,2,3,0.33
HINM,0,0,0,
HINN,1,1,2,0.5
HINP,0,1,1,0.0
HINS,1,2,3,0.33
HINb,0,2,2,0.0
HINh,1,0,1,1.0
HINl,1,0,1,1.0
HINm,1,1,2,0.5
HINn,3,0,3,1.0
HINs,2,1,3,0.67
HINt,1,0,1,1.0
HIPB,4,1,5,0.8
HIPD,1,0,1,1.0
HIPH,1,1,2,0.5
HIPL,1,1,2,0.5
HIPM,3,2,5,0.6
HIPN,2,3,5,0.4
HIPP,2,1,3,0.67
HIPS,1,0,1,1.0
HIPb,2,2,4,0.5
HIPl,2,1,3,0.67
HIPm,2,3,5,0.4
HIPn,2,4,6,0.33
HIPs,1,0,1,1.0
HISB,2,0,2,1.0
HISM,0,1,1,0.0
HISN,1,1,2,0.5
HISP,0,1,1,0.0
HISS,1,3,4,0.25
HISb,0,0,0,
HISh,0,2,2,0.0
HISl,0,1,1,0.0
HISn,0,1,1,0.0
HISs,3,3,6,0.5
HIbB,1,2,3,0.33
HIbD,0,0,0,
HIbH,1,0,1,1.0
HIbJ,1,0,1,1.0
HIbL,1,0,1,1.0
HIbM,1,1,2,0.5
HIbN,0,1,1,0.0
HIbP,1,1,2,0.5
HIbS,0,3,3,0.0
HIbb,1,1,2,0.5
HIbn,0,0,0,
HIbs,0,1,1,0.0
HIlB,0,2,2,0.0
HIlM,1,1,2,0.5
HIlP,1,0,1,1.0
HIlb,1,0,1,1.0
HIlm,1,0,1,1.0
HImB,1,0,1,1.0
HImL,1,0,1,1.0
HImM,1,2,3,0.33
HImN,0,1,1,0.0
HImP,1,2,3,0.33
HImS,1,1,2,0.5
HImb,1,1,2,0.5
HImm,0,1,1,0.0
HImn,1,1,2,0.5
HIms,1,1,2,0.5
HInB,0,1,1,0.0
HInD,2,0,2,1.0
HInH,0,1,1,0.0
HInL,0,2,2,0.0
HInM,0,2,2,0.0
HInN,1,2,3,0.33
HInP,1,2,3,0.33
HInS,0,0,0,
HInb,1,2,3,0.33
HInm,1,1,2,0.5
HInn,1,0,1,1.0
HIns,0,1,1,0.0
HIsB,1,0,1,1.0
HIsD,0,1,1,0.0
HIsH,2,1,3,0.67
HIsL,0,1,1,0.0
HIsM,3,0,3,1.0
HIsN,1,0,1,1.0
HIsP,0,1,1,0.0
HIsS,0,0,0,
HIsb,0,2,2,0.0
HIsm,0,1,1,0.0
HIsn,2,0,2,1.0
HIss,0,1,1,0.0
HItD,1,0,1,1.0
HKBB,1,0,1,1.0
HKBP,1,0,1,1.0
HKBS,2,1,3,0.67
HKBb,2,1,3,0.67
HKBl,1,0,1,1.0
HKBm,0,0,0,
HKBn,1,0,1,1.0
HKBs,0,1,1,0.0
HKDD,0,1,1,0.0
HKDN,0,1,1,0.0
HKDl,0,1,1,0.0
HKHB,1,0,1,1.0
HKHN,0,1,1,0.0
HKHs,1,0,1,1.0
HKLL,1,0,1,1.0
HKLM,2,1,3,0.67
HKLN,0,1,1,0.0
HKLj,0,1,1,0.0
HKLl,0,2,2,0.0
HKLm,1,1,2,0.5
HKLn,1,1,2,0.5
HKLs,1,0,1,1.0
HKMB,1,1,2,0.5
HKMN,5,0,5,1.0
HKMP,1,1,2,0.5
HKMS,0,0,0,
HKMb,2,0,2,1.0
HKMh,0,1,1,0.0
HKMl,0,1,1,0.0
HKMm,0,1,1,0.0
HKMn,0,1,1,0.0
HKMs,1,0,1,1.0
HKNB,1,0,1,1.0
HKNH,0,0,0,
HKNL,1,0,1,1.0
HKNM,1,3,4,0.25
HKNN,1,0,1,1.0
HKNP,0,1,1,0.0
HKNS,2,0,2,1.0
HKNb,0,2,2,0.0
HKNh,0,1,1,0.0
HKNl,1,0,1,1.0
HKNm,2,0,2,1.0
HKNn,2,2,4,0.5
HKNs,1,0,1,1.0
HKPB,2,3,5,0.4
HKPK,0,1,1,0.0
HKPL,1,2,3,0.33
HKPM,4,1,5,0.8
HKPN,1,0,1,1.0
HKPP,4,3,7,0.57
HKPS,2,0,2,1.0
HKPb,3,1,4,0.75
HKPl,1,0,1,1.0
HKPm,1,1,2,0.5
HKPn,0,1,1,0.0
HKPs,3,0,3,1.0
HKSH,0,2,2,0.0
HKSL,1,0,1,1.0
HKSN,1,1,2,0.5
HKSP,1,0,1,1.0
HKSS,1,2,3,0.33
HKSb,2,0,2,1.0
HKSm,1,0,1,1.0
HKSn,0,1,1,0.0
HKSs,2,1,3,0.67
HKSt,2,0,2,1.0
HKbB,3,0,3,1.0
HKbD,0,0,0,
HKbH,1,0,1,1.0
HKbI,2,0,2,1.0
HKbJ,0,1,1,0.0
HKbL,0,2,2,0.0
HKbM,0,2,2,0.0
HKbN,0,3,3,0.0
HKbP,2,2,4,0.5
HKbS,1,1,2,0.5
HKbb,1,1,2,0.5
HKbl,0,2,2,0.0
HKbn,2,0,2,1.0
HKbs,1,1,2,0.5
HKhK,0,1,1,0.0
HKhL,0,1,1,0.0
HKhM,1,1,2,0.5
HKhP,1,2,3,0.33
HKhS,2,2,4,0.5
HKhb,5,2,7,0.71
HKhh,1,1,2,0.5
HKhm,2,0,2,1.0
HKhn,0,1,1,0.0
HKht,0,0,0,
HKlH,1,1,2,0.5
HKlN,1,0,1,1.0
HKlP,0,1,1,0.0
HKlS,0,1,1,0.0
HKlm,1,1,2,0.5
HKln,0,1,1,0.0
HKmB,1,0,1,1.0
HKmH,1,0,1,1.0
HKmL,1,0,1,1.0
HKmM,2,1,3,0.67
HKmN,2,2,4,0.5
HKmP,1,1,2,0.5
HKmb,2,0,2,1.0
HKml,2,0,2,1.0
HKmm,2,0,2,1.0
HKmn,0,1,1,0.0
HKnB,1,0,1,1.0
HKnH,2,1,3,0.67
HKnI,0,1,1,0.0
HKnM,1,0,1,1.0
HKnN,2,5,7,0.29
HKnP,1,2,3,0.33
HKnS,2,3,5,0.4
HKnb,0,0,0,
HKnl,1,1,2,0.5
HKnm,0,1,1,0.0
HKnn,1,0,1,1.0
HKns,1,3,4,0.25
HKsB,0,1,1,0.0
HKsH,0,1,1,0.0
HKsK,1,0,1,1.0
HKsM,1,0,1,1.0
HKsN,0,2,2,0.0
HKsP,3,1,4,0.75
HKsS,1,0,1,1.0
HKsb,0,1,1,0.0
HKsl,1,0,1,1.0
HKsm,1,0,1,1.0
HKsn,2,0,2,1.0
HKss,1,1,2,0.5
HKtM,0,2,2,0.0
HKtN,0,1,1,0.0
HKtP,0,1,1,0.0
HLBB,1,5,6,0.17
HLBK,1,0,1,1.0
HLBL,5,0,5,1.0
HLBM,5,0,5,1.0
HLBN,5,3,8,0.62
HLBP,6,5,11,0.55
HLBS,2,1,3,0.67
HLBb,6,2,8,0.75
HLBh,0,2,2,0.0
HLBj,1,0,1,1.0
HLBl,3,1,4,0.75
HLBm,2,4,6,0.33
HLBn,5,4,9,0.56
HLBt,1,0,1,1.0
HLDH,1,2,3,0.33
HLDN,0,2,2,0.0
HLDP,0,1,1,0.0
HLDS,1,1,2,0.5
HLDl,1,0,1,1.0
HLDm,1,0,1,1.0
HLDn,1,0,1,1.0
HLHN,0,1,1,0.0
HLKL,1,0,1,1.0
HLKM,0,0,0,
HLKS,1,1,2,0.5
HLKb,0,2,2,0.0
HLKm,0,1,1,0.0
HLKn,0,1,1,0.0
HLKs,2,0,2,1.0
HLLB,1,0,1,1.0
HLLL,0,1,1,0.0
HLLM,1,1,2,0.5
HLLN,0,0,0,
HLLP,1,1,2,0.5
HLLS,5,2,7,0.71
HLLb,0,0,0,
HLLh,1,0,1,1.0
HLLj,1,0,1,1.0
HLLl,1,0,1,1.0
HLLm,4,3,7,0.57
HLLn,3,3,6,0.5
HLLs,2,3,5,0.4
HLLt,0,1,1,0.0
HLMB,8,5,13,0.62
HLMD,1,0,1,1.0
HLML,1,2,3,0.33
HLMM,5,6,11,0.45
HLMN,7,6,13,0.54
HLMP,5,7,12,0.42
HLMS,0,2,2,0.0
HLMb,8,9,17,0.47
HLMh,4,4,8,0.5
HLMj,2,1,3,0.67
HLMl,0,1,1,0.0
HLMm,3,4,7,0.43
HLMn,6,4,10,0.6
HLMs,3,3,6,0.5
HLMt,0,1,1,0.0
HLNB,7,4,11,0.64
HLNH,0,0,0,
HLNL,3,0,3,1.0
HLNM,5,3,8,0.62
HLNN,7,0,7,1.0
HLNP,5,10,15,0.33
HLNS,2,1,3,0.67
HLNb,4,1,5,0.8
HLNh,2,5,7,0.29
HLNm,4,7,11,0.36
HLNn,6,7,13,0.46
HLNs,3,4,7,0.43
HLNt,2,1,3,0.67
HLPB,4,4,8,0.5
HLPD,1,1,2,0.5
HLPH,1,2,3,0.33
HLPK,1,0,1,1.0
HLPL,1,5,6,0.17
HLPM,4,4,8,0.5
HLPN,7,5,12,0.58
HLPP,8,12,20,0.4
HLPS,2,7,9,0.22
HLPb,7,3,10,0.7
HLPl,2,5,7,0.29
HLPm,4,4,8,0.5
HLPn,1,10,11,0.09
HLPs,9,3,12,0.75
HLPt,0,2,2,0.0
HLSB,1,4,5,0.2
HLSH,0,1,1,0.0
HLSL,2,0,2,1.0
HLSM,0,6,6,0.0
HLSN,3,1,4,0.75
HLSP,4,2,6,0.67
HLSS,6,2,8,0.75
HLSb,6,2,8,0.75
HLSh,3,3,6,0.5
HLSl,3,3,6,0.5
HLSm,0,1,1,0.0
HLSn,7,2,9,0.78
HLSs,2,10,12,0.17
HLSt,1,0,1,1.0
HLbB,5,5,10,0.5
HLbD,0,1,1,0.0
HLbH,1,4,5,0.2
HLbJ,0,0,0,
HLbK,1,0,1,1.0
HLbL,2,0,2,1.0
HLbM,6,4,10,0.6
HLbN,4,7,11,0.36
HLbP,6,7,13,0.46
HLbS,0,2,2,0.0
HLbb,4,5,9,0.44
HLbl,4,2,6,0.67
HLbm,1,4,5,0.2
HLbn,9,6,15,0.6
HLbs,1,4,5,0.2
HLhB,2,2,4,0.5
HLhD,1,0,1,1.0
HLhK,1,0,1,1.0
HLhL,0,1,1,0.0
HLhM,1,1,2,0.5
HLhN,4,1,5,0.8
HLhP,5,5,10,0.5
HLhS,2,3,5,0.4
HLhb,4,5,9,0.44
HLhh,3,3,6,0.5
HLhm,1,1,2,0.5
HLhn,5,3,8,0.62
HLhs,2,0,2,1.0
HLht,2,0,2,1.0
HLjB,1,1,2,0.5
HLjH,2,0,2,1.0
HLjK,1,0,1,1.0
HLjL,1,2,3,0.33
HLjM,1,3,4,0.25
HLjN,2,3,5,0.4
HLjP,4,4,8,0.5
HLjS,0,2,2,0.0
HLjb,3,0,3,1.0
HLjl,3,0,3,1.0
HLjm,1,1,2,0.5
HLjn,0,0,0,
HLjs,0,1,1,0.0
HLlB,1,1,2,0.5
HLlH,1,1,2,0.5
HLlI,1,0,1,1.0
HLlJ,0,1,1,0.0
HLlL,0,0,0,
HLlM,3,5,8,0.38
HLlN,3,5,8,0.38
HLlP,3,5,8,0.38
HLlS,4,3,7,0.57
HLlb,2,4,6,0.33
HLlm,2,0,2,1.0
HLln,2,2,4,0.5
HLls,1,2,3,0.33
HLmB,7,3,10,0.7
HLmH,3,4,7,0.43
HLmI,2,1,3,0.67
HLmJ,0,1,1,0.0
HLmL,2,1,3,0.67
HLmM,7,1,8,0.88
HLmN,2,1,3,0.67
HLmP,9,5,14,0.64
HLmS,3,6,9,0.33
HLmb,2,2,4,0.5
HLml,0,3,3,0.0
HLmm,6,4,10,0.6
HLmn,4,0,4,1.0
HLms,3,4,7,0.43
HLnB,9,5,14,0.64
HLnD,0,1,1,0.0
HLnH,4,8,12,0.33
HLnI,0,1,1,0.0
HLnL,2,4,6,0.33
HLnM,3,6,9,0.33
HLnN,5,10,15,0.33
HLnP,12,15,27,0.44
HLnS,2,5,7,0.29
HLnb,10,4,14,0.71
HLnl,6,3,9,0.67
HLnm,5,4,9,0.56
HLnn,12,7,19,0.63
HLns,6,4,10,0.6
HLsB,1,2,3,0.33
HLsD,1,1,2,0.5
HLsH,3,1,4,0.75
HLsI,0,1,1,0.0
HLsL,0,1,1,0.0
HLsM,5,6,11,0.45
HLsN,3,1,4,0.75
HLsP,10,2,12,0.83
HLsS,5,3,8,0.62
HLsb,2,2,4,0.5
HLsl,5,0,5,1.0
HLsm,0,1,1,0.0
HLsn,4,2,6,0.67
HLss,3,1,4,0.75
HLtH,0,0,0,
HLtM,0,1,1,0.0
HLtN,1,0,1,1.0
HLtP,1,5,6,0.17
HLtS,0,1,1,0.0
HLtb,1,3,4,0.25
HLtm,0,1,1,0.0
HLtn,1,1,2,0.5
HLtt,1,0,1,1.0
HMBB,15,13,28,0.54
HMBD,0,2,2,0.0
HMBI,1,0,1,1.0
HMBK,0,1,1,0.0
HMBL,1,3,4,0.25
HMBM,11,10,21,0.52
HMBN,8,12,20,0.4
HMBP,17,17,34,0.5
HMBS,9,7,16,0.56
HMBb,10,13,23,0.43
HMBh,0,1,1,0.0
HMBj,0,6,6,0.0
HMBl,3,5,8,0.38
HMBm,6,7,13,0.46
HMBn,10,21,31,0.32
HMBs,5,6,11,0.45
HMBt,1,0,1,1.0
HMDH,2,3,5,0.4
HMDL,0,0,0,
HMDM,0,4,4,0.0
HMDN,2,0,2,1.0
HMDP,1,0,1,1.0
HMDS,0,3,3,0.0
HMDb,1,0,1,1.0
HMDl,1,0,1,1.0
HMDm,1,3,4,0.25
HMDn,0,2,2,0.0
HMDt,1,0,1,1.0
HMHb,0,0,0,
HMHm,1,0,1,1.0
HMKM,0,1,1,0.0
HMKN,0,1,1,0.0
HMKS,0,1,1,0.0
HMLB,2,5,7,0.29
HMLD,1,0,1,1.0
HMLK,0,0,0,
HMLL,3,0,3,1.0
HMLM,3,4,7,0.43
HMLN,9,2,11,0.82
HMLP,6,4,10,0.6
HMLS,2,5,7,0.29
HMLb,4,6,10,0.4
HMLh,0,0,0,
HMLj,3,3,6,0.5
HMLl,1,2,3,0.33
HMLm,5,2,7,0.71
HMLn,7,12,19,0.37
HMLs,5,4,9,0.56
HMLt,3,0,3,1.0
HMMB,10,6,16,0.62
HMMD,0,1,1,0.0
HMMH,0,1,1,0.0
HMML,4,6,10,0.4
HMMM,11,10,21,0.52
HMMN,9,13,22,0.41
HMMP,20,16,36,0.56
HMMS,2,7,9,0.22
HMMb,20,14,34,0.59
HMMh,6,9,15,0.4
HMMj,4,3,7,0.57
HMMl,4,6,10,0.4
HMMm,12,3,15,0.8
HMMn,19,25,44,0.43
HMMs,7,11,18,0.39
HMMt,3,0,3,1.0
HMNB,8,9,17,0.47
HMND,1,0,1,1.0
HMNH,2,0,2,1.0
HMNK,1,2,3,0.33
HMNL,5,5,10,0.5
HMNM,8,14,22,0.36
HMNN,22,25,47,0.47
HMNP,21,28,49,0.43
HMNS,10,9,19,0.53
HMNb,6,10,16,0.38
HMNh,4,7,11,0.36
HMNl,7,4,11,0.64
HMNm,7,7,14,0.5
HMNn,21,22,43,0.49
HMNs,7,5,12,0.58
HMNt,2,1,3,0.67
HMPB,14,6,20,0.7
HMPD,0,2,2,0.0
HMPH,5,5,10,0.5
HMPI,0,1,1,0.0
HMPK,2,1,3,0.67
HMPL,4,4,8,0.5
HMPM,20,16,36,0.56
HMPN,17,22,39,0.44
HMPP,26,21,47,0.55
HMPS,12,10,22,0.55
HMPb,14,16,30,0.47
HMPh,4,1,5,0.8
HMPl,6,9,15,0.4
HMPm,28,16,44,0.64
HMPn,14,18,32,0.44
HMPs,11,9,20,0.55
HMPt,3,3,6,0.5
HMSB,6,8,14,0.43
HMSD,0,1,1,0.0
HMSH,5,0,5,1.0
HMSL,1,7,8,0.12
HMSM,6,9,15,0.4
HMSN,10,5,15,0.67
HMSP,10,3,13,0.77
HMSS,4,11,15,0.27
HMSb,9,6,15,0.6
HMSh,3,6,9,0.33
HMSl,4,1,5,0.8
HMSm,13,6,19,0.68
HMSn,12,13,25,0.48
HMSs,6,12,18,0.33
HMSt,3,1,4,0.75
HMbB,10,8,18,0.56
HMbH,3,2,5,0.6
HMbI,1,1,2,0.5
HMbJ,7,4,11,0.64
HMbK,1,2,3,0.33
HMbL,3,2,5,0.6
HMbM,9,18,27,0.33
HMbN,17,22,39,0.44
HMbP,14,28,42,0.33
HMbS,9,8,17,0.53
HMbb,12,16,28,0.43
HMbl,10,3,13,0.77
HMbm,13,7,20,0.65
HMbn,12,21,33,0.36
HMbs,11,3,14,0.79
HMhB,6,4,10,0.6
HMhD,1,1,2,0.5
HMhH,2,2,4,0.5
HMhI,1,0,1,1.0
HMhL,6,4,10,0.6
HMhM,16,10,26,0.62
HMhN,13,14,27,0.48
HMhP,10,24,34,0.29
HMhS,7,6,13,0.54
HMhb,10,10,20,0.5
HMhh,11,10,21,0.52
HMhl,7,8,15,0.47
HMhm,10,10,20,0.5
HMhn,11,8,19,0.58
HMhs,8,10,18,0.44
HMht,2,0,2,1.0
HMjB,0,1,1,0.0
HMjD,0,0,0,
HMjH,2,0,2,1.0
HMjK,1,0,1,1.0
HMjL,0,1,1,0.0
HMjM,4,4,8,0.5
HMjN,3,3,6,0.5
HMjP,5,7,12,0.42
HMjS,4,5,9,0.44
HMjb,3,3,6,0.5
HMjh,0,0,0,
HMjl,3,0,3,1.0
HMjm,3,2,5,0.6
HMjn,4,3,7,0.57
HMjs,3,4,7,0.43
HMjt,2,0,2,1.0
HMlB,3,5,8,0.38
HMlD,2,0,2,1.0
HMlH,5,6,11,0.45
HMlI,1,0,1,1.0
HMlJ,2,1,3,0.67
HMlK,0,1,1,0.0
HMlL,4,2,6,0.67
HMlM,10,0,10,1.0
HMlN,4,13,17,0.24
HMlP,8,12,20,0.4
HMlS,4,7,11,0.36
HMlb,5,1,6,0.83
HMll,3,3,6,0.5
HMlm,8,3,11,0.73
HMln,7,9,16,0.44
HMls,4,4,8,0.5
HMmB,11,8,19,0.58
HMmD,0,2,2,0.0
HMmH,10,7,17,0.59
HMmI,0,1,1,0.0
HMmJ,1,1,2,0.5
HMmL,5,4,9,0.56
HMmM,15,10,25,0.6
HMmN,17,7,24,0.71
HMmP,23,13,36,0.64
HMmS,7,13,20,0.35
HMmb,8,14,22,0.36
HMml,3,4,7,0.43
HMmm,11,7,18,0.61
HMmn,11,10,21,0.52
HMms,9,6,15,0.6
HMnB,13,13,26,0.5
HMnD,0,3,3,0.0
HMnH,14,9,23,0.61
HMnI,3,1,4,0.75
HMnK,2,1,3,0.67
HMnL,7,3,10,0.7
HMnM,17,29,46,0.37
HMnN,25,29,54,0.46
HMnP,23,28,51,0.45
HMnS,10,17,27,0.37
HMnb,15,18,33,0.45
HMnh,1,3,4,0.25
HMnl,12,10,22,0.55
HMnm,22,22,44,0.5
HMnn,28,18,46,0.61
HMns,19,8,27,0.7
HMsB,3,6,9,0.33
HMsD,0,2,2,0.0
HMsH,8,10,18,0.44
HMsI,1,0,1,1.0
HMsL,0,3,3,0.0
HMsM,4,5,9,0.44
HMsN,11,11,22,0.5
HMsP,10,6,16,0.62
HMsS,12,13,25,0.48
HMsb,6,9,15,0.4
HMsl,6,5,11,0.55
HMsm,8,5,13,0.62
HMsn,5,4,9,0.56
HMss,6,6,12,0.5
HMtB,3,2,5,0.6
HMtD,1,0,1,1.0
HMtK,1,1,2,0.5
HMtL,1,0,1,1.0
HMtM,1,5,6,0.17
HMtN,0,3,3,0.0
HMtP,5,6,11,0.45
HMtS,0,1,1,0.0
HMtb,1,2,3,0.33
HMtl,0,1,1,0.0
HMtm,6,1,7,0.86
HMtn,4,3,7,0.57
HMts,2,1,3,0.67
HNBB,5,4,9,0.56
HNBD,1,1,2,0.5
HNBH,1,0,1,1.0
HNBK,0,1,1,0.0
HNBL,2,4,6,0.33
HNBM,4,12,16,0.25
HNBN,6,11,17,0.35
HNBP,9,10,19,0.47
HNBS,5,6,11,0.45
HNBb,6,12,18,0.33
HNBh,1,1,2,0.5
HNBj,3,2,5,0.6
HNBl,3,4,7,0.43
HNBm,12,11,23,0.52
HNBn,10,18,28,0.36
HNBs,6,4,10,0.6
HNBt,4,4,8,0.5
HNDB,2,1,3,0.67
HNDH,0,0,0,
HNDK,0,1,1,0.0
HNDM,1,2,3,0.33
HNDN,1,1,2,0.5
HNDP,2,0,2,1.0
HNDS,2,0,2,1.0
HNDl,1,0,1,1.0
HNDm,3,0,3,1.0
HNDn,1,1,2,0.5
HNDs,2,0,2,1.0
HNHB,1,2,3,0.33
HNHH,0,1,1,0.0
HNHI,0,1,1,0.0
HNHL,1,1,2,0.5
HNHM,1,3,4,0.25
HNHN,2,0,2,1.0
HNHP,4,1,5,0.8
HNHS,2,1,3,0.67
HNHb,0,2,2,0.0
HNHh,1,0,1,1.0
HNHl,1,1,2,0.5
HNHm,1,0,1,1.0
HNHn,3,1,4,0.75
HNHs,2,2,4,0.5
HNIM,1,0,1,1.0
HNIP,1,0,1,1.0
HNIS,1,0,1,1.0
HNKB,2,0,2,1.0
HNKH,0,1,1,0.0
HNKL,1,0,1,1.0
HNKM,1,2,3,0.33
HNKN,0,0,0,
HNKP,3,1,4,0.75
HNKS,1,1,2,0.5
HNKl,2,2,4,0.5
HNKm,2,4,6,0.33
HNKn,1,0,1,1.0
HNKs,2,0,2,1.0
HNLB,1,4,5,0.2
HNLD,1,0,1,1.0
HNLL,2,3,5,0.4
HNLM,1,7,8,0.12
HNLN,9,3,12,0.75
HNLP,4,5,9,0.44
HNLS,2,5,7,0.29
HNLb,5,6,11,0.45
HNLh,1,6,7,0.14
HNLj,2,0,2,1.0
HNLl,4,2,6,0.67
HNLm,6,3,9,0.67
HNLn,5,6,11,0.45
HNLs,1,3,4,0.25
HNLt,1,0,1,1.0
HNMB,5,11,16,0.31
HNMD,0,0,0,
HNML,4,9,13,0.31
HNMM,9,15,24,0.38
HNMN,11,18,29,0.38
HNMP,12,15,27,0.44
HNMS,0,8,8,0.0
HNMb,11,13,24,0.46
HNMh,13,11,24,0.54
HNMj,7,4,11,0.64
HNMl,12,3,15,0.8
HNMm,17,14,31,0.55
HNMn,19,19,38,0.5
HNMs,6,11,17,0.35
HNMt,7,2,9,0.78
HNNB,6,10,16,0.38
HNND,1,0,1,1.0
HNNH,4,0,4,1.0
HNNK,2,0,2,1.0
HNNL,5,5,10,0.5
HNNM,16,13,29,0.55
HNNN,19,24,43,0.44
HNNP,22,36,58,0.38
HNNS,13,18,31,0.42
HNNb,17,13,30,0.57
HNNh,6,6,12,0.5
HNNl,10,2,12,0.83
HNNm,13,12,25,0.52
HNNn,17,24,41,0.41
HNNs,10,9,19,0.53
HNNt,4,0,4,1.0
HNPB,11,16,27,0.41
HNPD,0,2,2,0.0
HNPH,7,9,16,0.44
HNPI,1,0,1,1.0
HNPK,1,4,5,0.2
HNPL,8,10,18,0.44
HNPM,21,19,40,0.52
HNPN,26,18,44,0.59
HNPP,29,34,63,0.46
HNPS,15,15,30,0.5
HNPb,16,22,38,0.42
HNPh,1,5,6,0.17
HNPl,10,17,27,0.37
HNPm,22,20,42,0.52
HNPn,21,22,43,0.49
HNPs,13,16,29,0.45
HNPt,6,2,8,0.75
HNSB,5,10,15,0.33
HNSD,1,0,1,1.0
HNSH,1,5,6,0.17
HNSL,3,5,8,0.38
HNSM,9,9,18,0.5
HNSN,6,14,20,0.3
HNSP,8,9,17,0.47
HNSS,11,5,16,0.69
HNSb,9,9,18,0.5
HNSh,7,3,10,0.7
HNSl,4,3,7,0.57
HNSm,13,9,22,0.59
HNSn,17,14,31,0.55
HNSs,9,14,23,0.39
HNSt,1,0,1,1.0
HNbB,10,10,20,0.5
HNbD,3,2,5,0.6
HNbH,1,1,2,0.5
HNbI,0,1,1,0.0
HNbJ,5,0,5,1.0
HNbK,1,3,4,0.25
HNbL,7,4,11,0.64
HNbM,6,21,27,0.22
HNbN,19,17,36,0.53
HNbP,21,20,41,0.51
HNbS,7,10,17,0.41
HNbb,17,11,28,0.61
HNbl,8,3,11,0.73
HNbm,4,5,9,0.44
HNbn,18,10,28,0.64
HNbs,5,8,13,0.38
HNhB,1,5,6,0.17
HNhD,0,1,1,0.0
HNhH,0,2,2,0.0
HNhL,1,2,3,0.33
HNhM,2,5,7,0.29
HNhN,3,5,8,0.38
HNhP,8,2,10,0.8
HNhS,6,2,8,0.75
HNhb,7,8,15,0.47
HNhh,4,7,11,0.36
HNhl,2,1,3,0.67
HNhm,7,5,12,0.58
HNhn,9,10,19,0.47
HNhs,5,3,8,0.62
HNht,2,0,2,1.0
HNlB,6,8,14,0.43
HNlD,0,0,0,
HNlH,6,5,11,0.55
HNlJ,2,4,6,0.33
HNlL,2,3,5,0.4
HNlM,5,5,10,0.5
HNlN,10,12,22,0.45
HNlP,13,10,23,0.57
HNlS,6,8,14,0.43
HNlb,7,7,14,0.5
HNll,3,2,5,0.6
HNlm,4,6,10,0.4
HNln,1,7,8,0.12
HNls,4,4,8,0.5
HNmB,6,7,13,0.46
HNmD,1,0,1,1.0
HNmH,13,15,28,0.46
HNmI,3,1,4,0.75
HNmJ,1,3,4,0.25
HNmL,1,5,6,0.17
HNmM,13,21,34,0.38
HNmN,14,15,29,0.48
HNmP,11,14,25,0.44
HNmS,9,7,16,0.56
HNmb,18,11,29,0.62
HNml,6,6,12,0.5
HNmm,10,10,20,0.5
HNmn,8,13,21,0.38
HNms,3,4,7,0.43
HNnB,12,6,18,0.67
HNnD,1,2,3,0.33
HNnH,12,13,25,0.48
HNnI,8,2,10,0.8
HNnK,0,4,4,0.0
HNnL,6,8,14,0.43
HNnM,21,23,44,0.48
HNnN,36,29,65,0.55
HNnP,28,23,51,0.55
HNnS,10,13,23,0.43
HNnb,15,16,31,0.48
HNnh,1,1,2,0.5
HNnl,9,13,22,0.41
HNnm,14,14,28,0.5
HNnn,16,15,31,0.52
HNns,23,12,35,0.66
HNnt,0,1,1,0.0
HNsB,7,5,12,0.58
HNsD,1,1,2,0.5
HNsH,7,5,12,0.58
HNsI,1,2,3,0.33
HNsK,1,0,1,1.0
HNsL,5,7,12,0.42
HNsM,9,15,24,0.38
HNsN,12,9,21,0.57
HNsP,9,16,25,0.36
HNsS,8,11,19,0.42
HNsb,9,4,13,0.69
HNsh,1,0,1,1.0
HNsl,6,5,11,0.55
HNsm,8,7,15,0.53
HNsn,11,10,21,0.52
HNss,10,8,18,0.56
HNst,1,0,1,1.0
HNtB,1,1,2,0.5
HNtH,1,2,3,0.33
HNtL,1,0,1,1.0
HNtM,5,3,8,0.62
HNtN,4,2,6,0.67
HNtP,3,4,7,0.43
HNtS,4,4,8,0.5
HNtb,1,3,4,0.25
HNtl,2,3,5,0.4
HNtm,5,1,6,0.83
HNtn,2,4,6,0.33
HNts,2,1,3,0.67
HPBB,9,10,19,0.47
HPBD,0,1,1,0.0
HPBH,1,0,1,1.0
HPBK,0,3,3,0.0
HPBL,5,8,13,0.38
HPBM,8,9,17,0.47
HPBN,14,5,19,0.74
HPBP,18,20,38,0.47
HPBS,9,9,18,0.5
HPBb,18,16,34,0.53
HPBh,2,2,4,0.5
HPBj,3,9,12,0.25
HPBl,8,11,19,0.42
HPBm,12,16,28,0.43
HPBn,16,13,29,0.55
HPBs,8,11,19,0.42
HPBt,0,1,1,0.0
HPDB,0,0,0,
HPDH,0,1,1,0.0
HPDL,0,3,3,0.0
HPDM,1,0,1,1.0
HPDN,1,0,1,1.0
HPDP,3,2,5,0.6
HPDS,3,1,4,0.75
HPDb,1,1,2,0.5
HPDm,2,1,3,0.67
HPDn,0,0,0,
HPDs,1,5,6,0.17
HPDt,1,0,1,1.0
HPHB,8,4,12,0.67
HPHH,3,1,4,0.75
HPHK,2,0,2,1.0
HPHL,1,1,2,0.5
HPHM,4,7,11,0.36
HPHN,6,4,10,0.6
HPHP,7,4,11,0.64
HPHS,3,6,9,0.33
HPHb,6,5,11,0.55
HPHh,2,1,3,0.67
HPHl,2,2,4,0.5
HPHm,3,5,8,0.38
HPHn,3,6,9,0.33
HPHs,11,4,15,0.73
HPHt,0,1,1,0.0
HPIB,1,1,2,0.5
HPID,0,1,1,0.0
HPIH,1,0,1,1.0
HPIL,1,0,1,1.0
HPIM,3,3,6,0.5
HPIN,2,0,2,1.0
HPIP,4,4,8,0.5
HPIS,0,1,1,0.0
HPIb,1,2,3,0.33
HPIm,0,3,3,0.0
HPIn,3,1,4,0.75
HPIs,2,1,3,0.67
HPKB,2,1,3,0.67
HPKI,1,0,1,1.0
HPKK,0,1,1,0.0
HPKM,7,0,7,1.0
HPKN,0,1,1,0.0
HPKP,1,5,6,0.17
HPKS,4,1,5,0.8
HPKb,3,3,6,0.5
HPKh,2,5,7,0.29
HPKl,1,2,3,0.33
HPKm,4,3,7,0.57
HPKs,1,0,1,1.0
HPKt,0,1,1,0.0
HPLB,3,9,12,0.25
HPLD,1,0,1,1.0
HPLH,1,0,1,1.0
HPLK,2,1,3,0.67
HPLL,3,5,8,0.38
HPLM,10,14,24,0.42
HPLN,5,8,13,0.38
HPLP,5,14,19,0.26
HPLS,5,7,12,0.42
HPLb,6,13,19,0.32
HPLh,1,4,5,0.2
HPLj,3,2,5,0.6
HPLl,8,7,15,0.53
HPLm,10,4,14,0.71
HPLn,19,15,34,0.56
HPLs,4,3,7,0.57
HPLt,1,1,2,0.5
HPMB,17,15,32,0.53
HPMD,1,1,2,0.5
HPML,11,9,20,0.55
HPMM,32,22,54,0.59
HPMN,21,15,36,0.58
HPMP,27,23,50,0.54
HPMS,19,19,38,0.5
HPMb,20,24,44,0.45
HPMh,12,16,28,0.43
HPMj,5,5,10,0.5
HPMl,8,12,20,0.4
HPMm,21,14,35,0.6
HPMn,23,28,51,0.45
HPMs,11,16,27,0.41
HPMt,4,1,5,0.8
HPNB,15,11,26,0.58
HPND,3,0,3,1.0
HPNH,2,0,2,1.0
HPNK,1,2,3,0.33
HPNL,8,5,13,0.62
HPNM,14,17,31,0.45
HPNN,25,18,43,0.58
HPNP,35,28,63,0.56
HPNS,7,19,26,0.27
HPNb,15,24,39,0.38
HPNh,6,5,11,0.55
HPNl,16,7,23,0.7
HPNm,18,12,30,0.6
HPNn,26,33,59,0.44
HPNs,12,13,25,0.48
HPNt,5,4,9,0.56
HPPB,23,23,46,0.5
HPPD,4,2,6,0.67
HPPH,13,10,23,0.57
HPPI,2,1,3,0.67
HPPK,1,3,4,0.25
HPPL,19,11,30,0.63
HPPM,31,36,67,0.46
HPPN,28,16,44,0.64
HPPP,43,41,84,0.51
HPPS,29,29,58,0.5
HPPb,33,33,66,0.5
HPPh,4,6,10,0.4
HPPl,25,26,51,0.49
HPPm,25,23,48,0.52
HPPn,28,27,55,0.51
HPPs,25,12,37,0.68
HPPt,6,4,10,0.6
HPSB,7,6,13,0.54
HPSD,1,0,1,1.0
HPSH,2,4,6,0.33
HPSI,0,1,1,0.0
HPSK,0,3,3,0.0
HPSL,9,12,21,0.43
HPSM,20,11,31,0.65
HPSN,9,16,25,0.36
HPSP,23,23,46,0.5
HPSS,10,14,24,0.42
HPSb,11,10,21,0.52
HPSh,14,8,22,0.64
HPSl,11,5,16,0.69
HPSm,13,16,29,0.45
HPSn,24,19,43,0.56
HPSs,19,14,33,0.58
HPSt,4,3,7,0.57
HPbB,17,17,34,0.5
HPbD,3,2,5,0.6
HPbH,3,3,6,0.5
HPbI,1,1,2,0.5
HPbJ,5,5,10,0.5
HPbK,2,1,3,0.67
HPbL,9,7,16,0.56
HPbM,28,25,53,0.53
HPbN,25,24,49,0.51
HPbP,19,24,43,0.44
HPbS,12,14,26,0.46
HPbb,19,23,42,0.45
HPbl,7,12,19,0.37
HPbm,13,11,24,0.54
HPbn,21,15,36,0.58
HPbs,9,13,22,0.41
HPhB,2,2,4,0.5
HPhD,1,2,3,0.33
HPhH,0,0,0,
HPhL,2,1,3,0.67
HPhM,5,3,8,0.62
HPhN,4,1,5,0.8
HPhP,5,5,10,0.5
HPhS,3,2,5,0.6
HPhb,2,3,5,0.4
HPhh,2,2,4,0.5
HPhl,0,4,4,0.0
HPhm,0,4,4,0.0
HPhn,0,2,2,0.0
HPhs,2,5,7,0.29
HPht,2,0,2,1.0
HPlB,9,5,14,0.64
HPlH,5,8,13,0.38
HPlI,4,1,5,0.8
HPlJ,0,6,6,0.0
HPlK,2,1,3,0.67
HPlL,5,8,13,0.38
HPlM,12,7,19,0.63
HPlN,16,10,26,0.62
HPlP,9,15,24,0.38
HPlS,6,7,13,0.46
HPlb,11,11,22,0.5
HPll,6,5,11,0.55
HPlm,12,5,17,0.71
HPln,10,7,17,0.59
HPls,8,4,12,0.67
HPmB,10,14,24,0.42
HPmD,2,2,4,0.5
HPmH,10,12,22,0.45
HPmI,0,0,0,
HPmJ,6,1,7,0.86
HPmK,0,1,1,0.0
HPmL,7,8,15,0.47
HPmM,19,25,44,0.43
HPmN,22,16,38,0.58
HPmP,24,11,35,0.69
HPmS,12,9,21,0.57
HPmb,30,20,50,0.6
HPml,8,7,15,0.53
HPmm,16,11,27,0.59
HPmn,16,10,26,0.62
HPms,4,4,8,0.5
HPnB,13,12,25,0.52
HPnD,2,1,3,0.67
HPnH,10,7,17,0.59
HPnI,1,1,2,0.5
HPnK,0,1,1,0.0
HPnL,10,12,22,0.45
HPnM,15,29,44,0.34
HPnN,17,22,39,0.44
HPnP,20,25,45,0.44
HPnS,23,11,34,0.68
HPnb,23,18,41,0.56
HPnh,1,0,1,1.0
HPnl,16,18,34,0.47
HPnm,17,14,31,0.55
HPnn,16,16,32,0.5
HPns,17,13,30,0.57
HPsB,9,9,18,0.5
HPsD,1,2,3,0.33
HPsH,15,10,25,0.6
HPsI,5,2,7,0.71
HPsK,1,2,3,0.33
HPsL,6,11,17,0.35
HPsM,19,12,31,0.61
HPsN,11,19,30,0.37
HPsP,18,13,31,0.58
HPsS,9,18,27,0.33
HPsb,13,9,22,0.59
HPsh,1,2,3,0.33
HPsl,5,6,11,0.45
HPsm,16,18,34,0.47
HPsn,10,8,18,0.56
HPss,7,10,17,0.41
HPst,1,1,2,0.5
HPtB,4,0,4,1.0
HPtD,1,0,1,1.0
HPtH,3,0,3,1.0
HPtL,0,0,0,
HPtM,2,2,4,0.5
HPtN,2,2,4,0.5
HPtP,4,2,6,0.67
HPtS,0,2,2,0.0
HPtb,3,1,4,0.75
HPth,0,0,0,
HPtm,2,1,3,0.67
HPtn,1,0,1,1.0
HPts,1,0,1,1.0
HPtt,1,1,2,0.5
HSBB,5,2,7,0.71
HSBD,1,0,1,1.0
HSBL,1,3,4,0.25
HSBM,8,7,15,0.53
HSBN,6,1,7,0.86
HSBP,7,11,18,0.39
HSBS,3,4,7,0.43
HSBb,13,7,20,0.65
HSBj,3,1,4,0.75
HSBl,4,6,10,0.4
HSBm,6,7,13,0.46
HSBn,6,5,11,0.55
HSBs,2,11,13,0.15
HSBt,1,1,2,0.5
HSDH,1,0,1,1.0
HSDM,4,0,4,1.0
HSDN,1,0,1,1.0
HSDS,1,0,1,1.0
HSDl,1,2,3,0.33
HSDm,1,0,1,1.0
HSDs,0,1,1,0.0
HSHB,5,1,6,0.83
HSHD,0,0,0,
HSHH,0,2,2,0.0
HSHI,0,0,0,
HSHK,0,1,1,0.0
HSHL,1,2,3,0.33
HSHM,0,5,5,0.0
HSHN,2,6,8,0.25
HSHP,2,4,6,0.33
HSHS,4,4,8,0.5
HSHb,4,2,6,0.67
HSHh,1,1,2,0.5
HSHl,1,1,2,0.5
HSHm,2,2,4,0.5
HSHn,5,5,10,0.5
HSHs,1,6,7,0.14
HSIH,1,0,1,1.0
HSIP,0,1,1,0.0
HSIl,0,1,1,0.0
HSKI,1,0,1,1.0
HSKN,1,0,1,1.0
HSKS,0,2,2,0.0
HSKh,1,0,1,1.0
HSKl,0,1,1,0.0
HSKm,0,2,2,0.0
HSKn,0,2,2,0.0
HSKs,0,1,1,0.0
HSLB,4,8,12,0.33
HSLK,1,0,1,1.0
HSLL,1,2,3,0.33
HSLM,1,3,4,0.25
HSLN,6,5,11,0.55
HSLP,4,4,8,0.5
HSLS,1,5,6,0.17
HSLb,2,1,3,0.67
HSLh,5,1,6,0.83
HSLj,2,1,3,0.67
HSLl,2,2,4,0.5
HSLm,3,2,5,0.6
HSLn,7,6,13,0.54
HSLs,0,5,5,0.0
HSLt,3,0,3,1.0
HSMB,2,9,11,0.18
HSMK,0,1,1,0.0
HSML,3,4,7,0.43
HSMM,10,9,19,0.53
HSMN,10,11,21,0.48
HSMP,15,11,26,0.58
HSMS,10,10,20,0.5
HSMb,14,14,28,0.5
HSMh,6,9,15,0.4
HSMj,5,3,8,0.62
HSMl,2,2,4,0.5
HSMm,7,11,18,0.39
HSMn,14,13,27,0.52
HSMs,8,4,12,0.67
HSMt,1,1,2,0.5
HSNB,2,6,8,0.25
HSND,0,1,1,0.0
HSNH,1,1,2,0.5
HSNK,2,2,4,0.5
HSNL,4,3,7,0.57
HSNM,4,14,18,0.22
HSNN,6,8,14,0.43
HSNP,19,20,39,0.49
HSNS,8,11,19,0.42
HSNb,6,7,13,0.46
HSNh,4,1,5,0.8
HSNl,4,4,8,0.5
HSNm,3,3,6,0.5
HSNn,15,15,30,0.5
HSNs,9,5,14,0.64
HSNt,1,0,1,1.0
HSPB,6,9,15,0.4
HSPD,1,0,1,1.0
HSPH,3,5,8,0.38
HSPK,2,5,7,0.29
HSPL,7,6,13,0.54
HSPM,12,12,24,0.5
HSPN,17,10,27,0.63
HSPP,16,13,29,0.55
HSPS,9,17,26,0.35
HSPb,10,12,22,0.45
HSPh,2,1,3,0.67
HSPl,8,4,12,0.67
HSPm,17,6,23,0.74
HSPn,9,16,25,0.36
HSPs,6,10,16,0.38
HSPt,1,4,5,0.2
HSSB,3,7,10,0.3
HSSD,1,0,1,1.0
HSSH,6,2,8,0.75
HSSK,0,1,1,0.0
HSSL,6,3,9,0.67
HSSM,8,11,19,0.42
HSSN,6,8,14,0.43
HSSP,11,19,30,0.37
HSSS,24,8,32,0.75
HSSb,8,8,16,0.5
HSSh,8,11,19,0.42
HSSl,4,1,5,0.8
HSSm,16,5,21,0.76
HSSn,12,13,25,0.48
HSSs,12,11,23,0.52
HSSt,0,1,1,0.0
HSbB,4,5,9,0.44
HSbD,1,0,1,1.0
HSbH,3,1,4,0.75
HSbI,1,0,1,1.0
HSbJ,2,4,6,0.33
HSbK,2,2,4,0.5
HSbL,2,3,5,0.4
HSbM,11,8,19,0.58
HSbN,10,10,20,0.5
HSbP,12,10,22,0.55
HSbS,2,6,8,0.25
HSbb,12,4,16,0.75
HSbl,4,4,8,0.5
HSbm,8,6,14,0.57
HSbn,10,13,23,0.43
HSbs,4,4,8,0.5
HShB,3,1,4,0.75
HShD,0,1,1,0.0
HShH,1,3,4,0.25
HShI,1,2,3,0.33
HShK,1,1,2,0.5
HShL,5,4,9,0.56
HShM,7,6,13,0.54
HShN,8,4,12,0.67
HShP,9,4,13,0.69
HShS,8,7,15,0.53
HShb,5,11,16,0.31
HShh,10,8,18,0.56
HShl,4,5,9,0.44
HShm,6,3,9,0.67
HShn,6,12,18,0.33
HShs,5,4,9,0.56
HSht,1,1,2,0.5
HSlB,4,3,7,0.57
HSlH,3,4,7,0.43
HSlJ,2,1,3,0.67
HSlK,0,3,3,0.0
HSlL,5,3,8,0.62
HSlM,6,5,11,0.55
HSlN,8,8,16,0.5
HSlP,9,6,15,0.6
HSlS,6,3,9,0.67
HSlb,8,4,12,0.67
HSll,3,5,8,0.38
HSlm,3,5,8,0.38
HSln,2,6,8,0.25
HSls,2,1,3,0.67
HSmB,0,7,7,0.0
HSmD,1,1,2,0.5
HSmH,8,9,17,0.47
HSmI,3,1,4,0.75
HSmJ,1,2,3,0.33
HSmL,2,4,6,0.33
HSmM,8,9,17,0.47
HSmN,5,8,13,0.38
HSmP,8,9,17,0.47
HSmS,6,7,13,0.46
HSmb,5,8,13,0.38
HSml,3,1,4,0.75
HSmm,5,4,9,0.56
HSmn,7,5,12,0.58
HSms,3,4,7,0.43
HSnB,7,8,15,0.47
HSnD,0,1,1,0.0
HSnH,7,5,12,0.58
HSnI,0,1,1,0.0
HSnK,1,1,2,0.5
HSnL,6,4,10,0.6
HSnM,5,16,21,0.24
HSnN,13,9,22,0.59
HSnP,21,20,41,0.51
HSnS,11,13,24,0.46
HSnb,11,9,20,0.55
HSnh,1,0,1,1.0
HSnl,6,4,10,0.6
HSnm,8,8,16,0.5
HSnn,13,13,26,0.5
HSns,9,7,16,0.56
HSsB,7,8,15,0.47
HSsD,2,0,2,1.0
HSsH,8,9,17,0.47
HSsI,1,0,1,1.0
HSsK,0,0,0,
HSsL,5,5,10,0.5
HSsM,16,18,34,0.47
HSsN,10,11,21,0.48
HSsP,11,18,29,0.38
HSsS,22,18,40,0.55
HSsb,10,8,18,0.56
HSsh,0,2,2,0.0
HSsl,6,1,7,0.86
HSsm,11,10,21,0.52
HSsn,11,8,19,0.58
HSss,17,13,30,0.57
HSst,2,0,2,1.0
HStB,1,0,1,1.0
HStL,0,1,1,0.0
HStM,1,4,5,0.2
HStN,5,5,10,0.5
HStP,1,1,2,0.5
HStS,1,2,3,0.33
HStb,1,1,2,0.5
HStm,3,2,5,0.6
HStn,1,0,1,1.0
HSts,1,2,3,0.33
HbBB,9,13,22,0.41
HbBL,3,3,6,0.5
HbBM,14,11,25,0.56
HbBN,6,14,20,0.3
HbBP,17,18,35,0.49
HbBS,11,6,17,0.65
HbBb,13,9,22,0.59
HbBh,0,3,3,0.0
HbBj,2,4,6,0.33
HbBl,4,3,7,0.57
HbBm,9,7,16,0.56
HbBn,14,13,27,0.52
HbBs,3,3,6,0.5
HbBt,2,2,4,0.5
HbDB,2,1,3,0.67
HbDH,1,1,2,0.5
HbDL,0,1,1,0.0
HbDM,1,1,2,0.5
HbDN,1,1,2,0.5
HbDP,0,1,1,0.0
HbDS,0,2,2,0.0
HbDb,1,1,2,0.5
HbDh,0,0,0,
HbDl,1,0,1,1.0
HbDm,1,2,3,0.33
HbDn,1,1,2,0.5
HbDs,1,0,1,1.0
HbHB,3,1,4,0.75
HbHI,1,0,1,1.0
HbHK,1,1,2,0.5
HbHL,0,2,2,0.0
HbHM,9,7,16,0.56
HbHN,4,5,9,0.44
HbHP,5,9,14,0.36
HbHS,2,1,3,0.67
HbHb,4,4,8,0.5
HbHh,0,3,3,0.0
HbHl,0,2,2,0.0
HbHm,5,2,7,0.71
HbHn,4,4,8,0.5
HbHs,1,0,1,1.0
HbIB,0,1,1,0.0
HbIH,2,3,5,0.4
HbIL,2,1,3,0.67
HbIM,2,0,2,1.0
HbIN,1,1,2,0.5
HbIP,3,1,4,0.75
HbIS,1,0,1,1.0
HbIb,1,0,1,1.0
HbIm,1,0,1,1.0
HbIn,2,2,4,0.5
HbIs,2,0,2,1.0
HbJB,1,1,2,0.5
HbJH,2,2,4,0.5
HbJK,4,0,4,1.0
HbJL,4,1,5,0.8
HbJM,5,8,13,0.38
HbJN,7,2,9,0.78
HbJP,3,4,7,0.43
HbJS,5,2,7,0.71
HbJb,6,4,10,0.6
HbJh,1,1,2,0.5
HbJl,4,1,5,0.8
HbJm,1,3,4,0.25
HbJn,4,1,5,0.8
HbJs,2,1,3,0.67
HbKB,0,1,1,0.0
HbKH,1,0,1,1.0
HbKL,2,1,3,0.67
HbKM,0,2,2,0.0
HbKN,2,0,2,1.0
HbKP,0,3,3,0.0
HbKS,1,3,4,0.25
HbKb,2,1,3,0.67
HbKh,0,1,1,0.0
HbKn,2,1,3,0.67
HbKs,1,0,1,1.0
HbKt,0,1,1,0.0
HbLB,2,5,7,0.29
HbLK,1,0,1,1.0
HbLL,2,4,6,0.33
HbLM,8,3,11,0.73
HbLN,4,5,9,0.44
HbLP,12,4,16,0.75
HbLS,1,0,1,1.0
HbLb,6,5,11,0.55
HbLh,2,4,6,0.33
HbLj,0,1,1,0.0
HbLl,2,0,2,1.0
HbLm,6,4,10,0.6
HbLn,7,9,16,0.44
HbLs,3,6,9,0.33
HbLt,1,0,1,1.0
HbMB,9,7,16,0.56
HbMD,2,0,2,1.0
HbML,3,3,6,0.5
HbMM,9,14,23,0.39
HbMN,18,15,33,0.55
HbMP,20,11,31,0.65
HbMS,12,8,20,0.6
HbMb,15,10,25,0.6
HbMh,9,12,21,0.43
HbMj,5,3,8,0.62
HbMl,3,9,12,0.25
HbMm,16,9,25,0.64
HbMn,8,14,22,0.36
HbMs,9,7,16,0.56
HbMt,2,4,6,0.33
HbNB,15,9,24,0.62
HbND,2,0,2,1.0
HbNH,6,1,7,0.86
HbNK,3,0,3,1.0
HbNL,5,6,11,0.45
HbNM,15,16,31,0.48
HbNN,18,14,32,0.56
HbNP,24,28,52,0.46
HbNS,12,12,24,0.5
HbNb,15,14,29,0.52
HbNh,7,6,13,0.54
HbNl,0,11,11,0.0
HbNm,13,10,23,0.57
HbNn,25,25,50,0.5
HbNs,5,6,11,0.45
HbNt,6,5,11,0.55
HbPB,20,15,35,0.57
HbPD,1,3,4,0.25
HbPH,2,3,5,0.4
HbPI,0,1,1,0.0
HbPK,0,1,1,0.0
HbPL,13,6,19,0.68
HbPM,21,15,36,0.58
HbPN,12,21,33,0.36
HbPP,35,27,62,0.56
HbPS,7,11,18,0.39
HbPb,19,17,36,0.53
HbPh,3,1,4,0.75
HbPl,12,4,16,0.75
HbPm,10,12,22,0.45
HbPn,15,17,32,0.47
HbPs,10,13,23,0.43
HbPt,0,4,4,0.0
HbSB,5,5,10,0.5
HbSD,0,1,1,0.0
HbSH,5,2,7,0.71
HbSL,3,3,6,0.5
HbSM,7,9,16,0.44
HbSN,3,5,8,0.38
HbSP,14,14,28,0.5
HbSS,8,6,14,0.57
HbSb,7,9,16,0.44
HbSh,7,8,15,0.47
HbSl,3,1,4,0.75
HbSm,4,3,7,0.57
HbSn,15,9,24,0.62
HbSs,3,5,8,0.38
HbSt,0,5,5,0.0
HbbB,12,20,32,0.38
HbbH,5,3,8,0.62
HbbI,5,1,6,0.83
HbbJ,6,0,6,1.0
HbbK,0,1,1,0.0
HbbL,3,3,6,0.5
HbbM,17,16,33,0.52
HbbN,17,19,36,0.47
HbbP,20,12,32,0.62
HbbS,4,7,11,0.36
Hbbb,21,22,43,0.49
Hbbl,3,6,9,0.33
Hbbm,7,8,15,0.47
Hbbn,11,12,23,0.48
Hbbs,3,3,6,0.5
HblB,5,4,9,0.56
HblD,1,0,1,1.0
HblH,4,0,4,1.0
HblJ,1,0,1,1.0
HblL,1,2,3,0.33
HblM,6,6,12,0.5
HblN,5,5,10,0.5
HblP,7,6,13,0.54
HblS,5,3,8,0.62
Hblb,4,5,9,0.44
Hbll,1,3,4,0.25
Hblm,2,3,5,0.4
Hbln,3,7,10,0.3
Hbls,3,0,3,1.0
HbmB,10,10,20,0.5
HbmD,2,0,2,1.0
HbmH,8,7,15,0.53
HbmJ,4,1,5,0.8
HbmK,0,1,1,0.0
HbmL,2,3,5,0.4
HbmM,12,11,23,0.52
HbmN,7,13,20,0.35
HbmP,13,8,21,0.62
HbmS,4,6,10,0.4
Hbmb,8,10,18,0.44
Hbml,2,1,3,0.67
Hbmm,5,5,10,0.5
Hbmn,11,8,19,0.58
Hbms,4,1,5,0.8
Hbmt,0,1,1,0.0
HbnB,7,11,18,0.39
HbnH,2,3,5,0.4
HbnI,2,2,4,0.5
HbnK,1,0,1,1.0
HbnL,5,3,8,0.62
HbnM,10,16,26,0.38
HbnN,11,15,26,0.42
HbnP,29,17,46,0.63
HbnS,10,10,20,0.5
Hbnb,22,15,37,0.59
Hbnh,1,0,1,1.0
Hbnl,8,3,11,0.73
Hbnm,16,5,21,0.76
Hbnn,11,16,27,0.41
Hbns,8,4,12,0.67
HbsB,6,4,10,0.6
HbsD,1,1,2,0.5
HbsH,6,7,13,0.46
HbsI,1,2,3,0.33
HbsK,0,3,3,0.0
HbsL,9,1,10,0.9
HbsM,7,13,20,0.35
HbsN,7,10,17,0.41
HbsP,8,9,17,0.47
HbsS,5,8,13,0.38
Hbsb,6,6,12,0.5
Hbsl,2,3,5,0.4
Hbsm,9,3,12,0.75
Hbsn,7,7,14,0.5
Hbss,5,1,6,0.83
HhBB,4,4,8,0.5
HhBD,1,0,1,1.0
HhBK,1,0,1,1.0
HhBM,3,2,5,0.6
HhBN,1,4,5,0.2
HhBP,4,3,7,0.57
HhBS,1,0,1,1.0
HhBb,7,2,9,0.78
HhBj,0,2,2,0.0
HhBl,0,1,1,0.0
HhBm,1,3,4,0.25
HhBn,4,3,7,0.57
HhBs,1,0,1,1.0
HhDM,0,1,1,0.0
HhDP,1,1,2,0.5
HhDb,1,1,2,0.5
HhDm,1,1,2,0.5
HhDs,1,0,1,1.0
HhHB,0,1,1,0.0
HhHD,1,0,1,1.0
HhHH,0,0,0,
HhHL,0,1,1,0.0
HhHM,3,0,3,1.0
HhHN,0,2,2,0.0
HhHP,0,1,1,0.0
HhHS,0,1,1,0.0
HhHb,3,1,4,0.75
HhHh,2,1,3,0.67
HhHl,0,0,0,
HhHm,3,0,3,1.0
HhHn,1,2,3,0.33
HhHs,2,4,6,0.33
HhIH,2,0,2,1.0
HhIM,0,1,1,0.0
HhIN,1,0,1,1.0
HhIP,1,0,1,1.0
HhIm,1,0,1,1.0
HhIn,1,0,1,1.0
HhKM,0,1,1,0.0
HhKN,2,0,2,1.0
HhKP,0,0,0,
HhKs,0,1,1,0.0
HhLB,1,1,2,0.5
HhLL,0,3,3,0.0
HhLM,2,4,6,0.33
HhLN,2,3,5,0.4
HhLP,3,1,4,0.75
HhLS,1,5,6,0.17
HhLb,1,0,1,1.0
HhLl,1,2,3,0.33
HhLm,2,3,5,0.4
HhLn,3,2,5,0.6
HhLs,2,2,4,0.5
HhMB,3,3,6,0.5
HhML,5,1,6,0.83
HhMM,6,4,10,0.6
HhMN,4,3,7,0.57
HhMP,5,4,9,0.56
HhMS,1,5,6,0.17
HhMb,5,8,13,0.38
HhMh,4,7,11,0.36
HhMl,5,6,11,0.45
HhMm,1,5,6,0.17
HhMn,3,9,12,0.25
HhMs,2,4,6,0.33
HhNB,1,2,3,0.33
HhNH,0,1,1,0.0
HhNK,0,1,1,0.0
HhNL,0,2,2,0.0
HhNM,5,2,7,0.71
HhNN,4,8,12,0.33
HhNP,6,10,16,0.38
HhNS,1,4,5,0.2
HhNb,5,2,7,0.71
HhNl,1,4,5,0.2
HhNm,5,3,8,0.62
HhNn,4,8,12,0.33
HhNs,4,5,9,0.44
HhNt,1,1,2,0.5
HhPB,5,6,11,0.45
HhPD,0,0,0,
HhPH,3,4,7,0.43
HhPI,1,1,2,0.5
HhPK,0,1,1,0.0
HhPL,1,3,4,0.25
HhPM,8,10,18,0.44
HhPN,8,12,20,0.4
HhPP,9,18,27,0.33
HhPS,8,1,9,0.89
HhPb,11,6,17,0.65
HhPh,2,0,2,1.0
HhPl,2,4,6,0.33
HhPm,10,7,17,0.59
HhPn,4,10,14,0.29
HhPs,11,7,18,0.61
HhPt,1,1,2,0.5
HhSB,2,2,4,0.5
HhSH,2,1,3,0.67
HhSK,1,1,2,0.5
HhSL,1,1,2,0.5
HhSM,3,4,7,0.43
HhSN,6,3,9,0.67
HhSP,7,0,7,1.0
HhSS,4,11,15,0.27
HhSb,8,4,12,0.67
HhSh,2,3,5,0.4
HhSl,3,3,6,0.5
HhSm,6,5,11,0.55
HhSn,3,9,12,0.25
HhSs,5,7,12,0.42
HhSt,1,3,4,0.25
HhbB,6,6,12,0.5
HhbD,0,1,1,0.0
HhbH,3,1,4,0.75
HhbI,1,0,1,1.0
HhbJ,0,2,2,0.0
HhbK,1,0,1,1.0
HhbL,4,5,9,0.44
HhbM,6,2,8,0.75
HhbN,7,4,11,0.64
HhbP,7,8,15,0.47
HhbS,7,2,9,0.78
Hhbb,7,4,11,0.64
Hhbh,1,0,1,1.0
Hhbl,2,1,3,0.67
Hhbm,2,3,5,0.4
Hhbn,5,11,16,0.31
Hhbs,4,2,6,0.67
HhhB,3,2,5,0.6
HhhD,0,1,1,0.0
HhhH,1,3,4,0.25
HhhL,0,2,2,0.0
HhhM,1,3,4,0.25
HhhN,4,4,8,0.5
HhhP,7,3,10,0.7
HhhS,3,7,10,0.3
Hhhb,4,6,10,0.4
Hhhh,4,2,6,0.67
Hhhl,4,4,8,0.5
Hhhm,4,1,5,0.8
Hhhn,4,3,7,0.57
Hhhs,4,4,8,0.5
HhlB,0,2,2,0.0
HhlH,3,1,4,0.75
HhlJ,1,1,2,0.5
HhlK,0,1,1,0.0
HhlL,0,1,1,0.0
HhlM,3,6,9,0.33
HhlN,3,4,7,0.43
HhlP,5,4,9,0.56
HhlS,4,5,9,0.44
Hhlb,1,4,5,0.2
Hhll,3,0,3,1.0
Hhlm,4,1,5,0.8
Hhln,1,1,2,0.5
Hhls,1,3,4,0.25
HhmB,2,3,5,0.4
HhmD,1,0,1,1.0
HhmH,2,2,4,0.5
HhmL,1,4,5,0.2
HhmM,5,7,12,0.42
HhmN,4,4,8,0.5
HhmP,11,6,17,0.65
HhmS,1,2,3,0.33
Hhmb,4,1,5,0.8
Hhmh,0,1,1,0.0
Hhml,3,2,5,0.6
Hhmm,5,1,6,0.83
Hhmn,4,1,5,0.8
Hhms,3,0,3,1.0
HhnB,8,4,12,0.67
HhnH,4,0,4,1.0
HhnI,1,0,1,1.0
HhnL,3,1,4,0.75
HhnM,1,4,5,0.2
HhnN,7,5,12,0.58
HhnP,8,11,19,0.42
HhnS,8,7,15,0.53
Hhnb,3,2,5,0.6
Hhnl,1,3,4,0.25
Hhnm,4,9,13,0.31
Hhnn,5,9,14,0.36
Hhns,4,4,8,0.5
HhsB,3,2,5,0.6
HhsD,1,0,1,1.0
HhsH,6,9,15,0.4
HhsI,0,2,2,0.0
HhsK,0,1,1,0.0
HhsL,2,3,5,0.4
HhsM,10,10,20,0.5
HhsN,3,0,3,1.0
HhsP,3,7,10,0.3
HhsS,4,11,15,0.27
Hhsb,2,3,5,0.4
Hhsl,1,2,3,0.33
Hhsm,4,1,5,0.8
Hhsn,8,2,10,0.8
Hhss,7,6,13,0.54
HhtB,0,0,0,
HhtH,1,0,1,1.0
HhtL,0,1,1,0.0
HhtM,1,2,3,0.33
HhtN,1,0,1,1.0
HhtP,1,0,1,1.0
HhtS,1,1,2,0.5
Hhtb,1,1,2,0.5
Hhtl,1,0,1,1.0
Hhtn,1,1,2,0.5
Hhts,1,1,2,0.5
HlBB,5,4,9,0.56
HlBK,1,0,1,1.0
HlBL,1,2,3,0.33
HlBM,4,5,9,0.44
HlBN,4,5,9,0.44
HlBP,2,5,7,0.29
HlBS,2,7,9,0.22
HlBb,8,4,12,0.67
HlBh,1,2,3,0.33
HlBj,2,0,2,1.0
HlBl,5,2,7,0.71
HlBm,1,6,7,0.14
HlBn,7,6,13,0.54
HlBs,4,4,8,0.5
HlBt,1,2,3,0.33
HlDB,0,1,1,0.0
HlDH,0,1,1,0.0
HlDL,0,1,1,0.0
HlDN,1,1,2,0.5
HlDP,1,1,2,0.5
HlDb,0,0,0,
HlDl,0,0,0,
HlDs,1,1,2,0.5
HlDt,0,1,1,0.0
HlHB,4,3,7,0.57
HlHH,1,0,1,1.0
HlHK,0,1,1,0.0
HlHL,1,2,3,0.33
HlHM,4,1,5,0.8
HlHN,4,4,8,0.5
HlHP,2,7,9,0.22
HlHS,3,3,6,0.5
HlHb,4,7,11,0.36
HlHh,2,2,4,0.5
HlHl,0,2,2,0.0
HlHm,8,4,12,0.67
HlHn,2,3,5,0.4
HlHs,3,1,4,0.75
HlIM,0,1,1,0.0
HlIN,1,1,2,0.5
HlIP,0,1,1,0.0
HlIb,0,1,1,0.0
HlIm,1,0,1,1.0
HlIn,1,0,1,1.0
HlIs,1,0,1,1.0
HlJD,1,0,1,1.0
HlJL,0,0,0,
HlJM,0,2,2,0.0
HlJN,3,1,4,0.75
HlJP,1,2,3,0.33
HlJS,0,1,1,0.0
HlJb,2,2,4,0.5
HlJm,2,3,5,0.4
HlJn,2,2,4,0.5
HlJs,1,1,2,0.5
HlJt,1,0,1,1.0
HlKB,0,1,1,0.0
HlKM,1,0,1,1.0
HlKP,1,1,2,0.5
HlKh,1,0,1,1.0
HlKl,1,2,3,0.33
HlKn,2,1,3,0.67
HlLB,0,3,3,0.0
HlLL,2,1,3,0.67
HlLM,6,3,9,0.67
HlLN,2,2,4,0.5
HlLP,0,2,2,0.0
HlLS,0,1,1,0.0
HlLb,0,3,3,0.0
HlLh,2,0,2,1.0
HlLj,1,2,3,0.33
HlLl,0,2,2,0.0
HlLm,4,1,5,0.8
HlLn,4,3,7,0.57
HlLs,5,0,5,1.0
HlLt,1,0,1,1.0
HlMB,2,3,5,0.4
HlML,1,1,2,0.5
HlMM,6,11,17,0.35
HlMN,11,8,19,0.58
HlMP,2,7,9,0.22
HlMS,7,9,16,0.44
HlMb,9,5,14,0.64
HlMh,3,4,7,0.43
HlMj,2,3,5,0.4
HlMl,6,2,8,0.75
HlMm,7,7,14,0.5
HlMn,9,13,22,0.41
HlMs,5,6,11,0.45
HlMt,2,1,3,0.67
HlNB,4,7,11,0.36
HlND,1,0,1,1.0
HlNH,1,0,1,1.0
HlNK,3,0,3,1.0
HlNL,2,1,3,0.67
HlNM,6,5,11,0.55
HlNN,6,7,13,0.46
HlNP,14,13,27,0.52
HlNS,1,6,7,0.14
HlNb,4,14,18,0.22
HlNh,2,3,5,0.4
HlNl,2,3,5,0.4
HlNm,10,5,15,0.67
HlNn,8,8,16,0.5
HlNs,7,5,12,0.58
HlNt,1,2,3,0.33
HlPB,8,6,14,0.57
HlPH,3,2,5,0.6
HlPI,0,1,1,0.0
HlPK,0,1,1,0.0
HlPL,2,0,2,1.0
HlPM,7,6,13,0.54
HlPN,6,9,15,0.4
HlPP,12,12,24,0.5
HlPS,5,7,12,0.42
HlPb,11,8,19,0.58
HlPh,1,0,1,1.0
HlPl,11,7,18,0.61
HlPm,6,6,12,0.5
HlPn,8,7,15,0.53
HlPs,7,5,12,0.58
HlPt,2,3,5,0.4
HlSB,0,1,1,0.0
HlSH,3,2,5,0.6
HlSL,0,3,3,0.0
HlSM,4,6,10,0.4
HlSN,0,8,8,0.0
HlSP,2,7,9,0.22
HlSS,6,1,7,0.86
HlSb,3,3,6,0.5
HlSh,4,4,8,0.5
HlSl,3,2,5,0.6
HlSm,3,2,5,0.6
HlSn,6,7,13,0.46
HlSs,3,2,5,0.6
HlSt,0,3,3,0.0
HlbB,9,9,18,0.5
HlbH,0,1,1,0.0
HlbJ,1,0,1,1.0
HlbL,5,1,6,0.83
HlbM,4,3,7,0.57
HlbN,14,12,26,0.54
HlbP,4,13,17,0.24
HlbS,2,8,10,0.2
Hlbb,13,13,26,0.5
Hlbl,3,1,4,0.75
Hlbm,11,8,19,0.58
Hlbn,5,7,12,0.42
Hlbs,1,3,4,0.25
HllB,0,2,2,0.0
HllH,3,3,6,0.5
HllI,0,1,1,0.0
HllJ,0,1,1,0.0
HllL,1,1,2,0.5
HllM,6,5,11,0.55
HllN,6,8,14,0.43
HllP,6,2,8,0.75
HllS,0,4,4,0.0
Hllb,2,4,6,0.33
Hlll,2,0,2,1.0
Hllm,1,0,1,1.0
Hlln,3,4,7,0.43
Hlls,4,0,4,1.0
HlmB,6,2,8,0.75
HlmD,2,1,3,0.67
HlmH,1,4,5,0.2
HlmJ,1,1,2,0.5
HlmK,0,1,1,0.0
HlmL,1,0,1,1.0
HlmM,6,12,18,0.33
HlmN,3,5,8,0.38
HlmP,3,9,12,0.25
HlmS,3,4,7,0.43
Hlmb,6,3,9,0.67
Hlml,5,2,7,0.71
Hlmm,0,2,2,0.0
Hlmn,3,3,6,0.5
Hlms,4,1,5,0.8
HlnB,2,1,3,0.67
HlnH,3,4,7,0.43
HlnI,1,0,1,1.0
HlnL,2,3,5,0.4
HlnM,4,5,9,0.44
HlnN,5,6,11,0.45
HlnP,7,7,14,0.5
HlnS,2,2,4,0.5
Hlnb,4,5,9,0.44
Hlnl,1,2,3,0.33
Hlnm,2,5,7,0.29
Hlnn,9,4,13,0.69
Hlns,6,8,14,0.43
HlsB,5,2,7,0.71
HlsH,2,4,6,0.33
HlsL,1,0,1,1.0
HlsM,3,4,7,0.43
HlsN,8,3,11,0.73
HlsP,7,6,13,0.54
HlsS,5,1,6,0.83
Hlsb,8,2,10,0.8
Hlsl,6,1,7,0.86
Hlsm,3,3,6,0.5
Hlsn,6,4,10,0.6
Hlss,3,2,5,0.6
HmBB,6,10,16,0.38
HmBD,0,0,0,
HmBH,1,0,1,1.0
HmBK,0,1,1,0.0
HmBL,3,2,5,0.6
HmBM,6,6,12,0.5
HmBN,11,13,24,0.46
HmBP,11,9,20,0.55
HmBS,7,4,11,0.64
HmBb,9,8,17,0.53
HmBj,1,0,1,1.0
HmBl,8,3,11,0.73
HmBm,11,4,15,0.73
HmBn,14,9,23,0.61
HmBs,7,3,10,0.7
HmBt,0,1,1,0.0
HmDB,3,0,3,1.0
HmDL,2,3,5,0.4
HmDM,1,1,2,0.5
HmDN,0,2,2,0.0
HmDP,0,1,1,0.0
HmDS,2,0,2,1.0
HmDb,0,3,3,0.0
HmDl,0,0,0,
HmDm,4,1,5,0.8
HmDn,4,1,5,0.8
HmDs,0,0,0,
HmDt,0,1,1,0.0
HmHB,5,5,10,0.5
HmHH,2,0,2,1.0
HmHK,1,0,1,1.0
HmHL,2,4,6,0.33
HmHM,9,5,14,0.64
HmHN,3,13,16,0.19
HmHP,7,12,19,0.37
HmHS,2,1,3,0.67
HmHb,5,7,12,0.42
HmHh,3,5,8,0.38
HmHl,1,6,7,0.14
HmHm,8,4,12,0.67
HmHn,10,9,19,0.53
HmHs,7,6,13,0.54
HmHt,0,1,1,0.0
HmIB,2,0,2,1.0
HmIH,0,1,1,0.0
HmIM,1,2,3,0.33
HmIP,2,1,3,0.67
HmIb,0,1,1,0.0
HmIl,0,1,1,0.0
HmIn,1,1,2,0.5
HmJB,6,0,6,1.0
HmJD,1,0,1,1.0
HmJH,0,0,0,
HmJL,1,2,3,0.33
HmJM,3,4,7,0.43
HmJN,5,2,7,0.71
HmJP,2,0,2,1.0
HmJS,1,3,4,0.25
HmJb,2,4,6,0.33
HmJl,0,0,0,
HmJm,2,0,2,1.0
HmJn,3,1,4,0.75
HmJs,1,2,3,0.33
HmKb,0,1,1,0.0
HmLB,5,3,8,0.62
HmLD,0,1,1,0.0
HmLL,2,2,4,0.5
HmLM,6,5,11,0.55
HmLN,6,2,8,0.75
HmLP,5,4,9,0.56
HmLS,2,5,7,0.29
HmLb,2,5,7,0.29
HmLh,3,6,9,0.33
HmLj,0,1,1,0.0
HmLl,3,1,4,0.75
HmLm,5,3,8,0.62
HmLn,5,4,9,0.56
HmLs,2,4,6,0.33
HmMB,7,8,15,0.47
HmMD,2,1,3,0.67
HmML,5,1,6,0.83
HmMM,9,6,15,0.6
HmMN,10,11,21,0.48
HmMP,8,10,18,0.44
HmMS,15,7,22,0.68
HmMb,10,6,16,0.62
HmMh,10,15,25,0.4
HmMj,5,6,11,0.45
HmMl,3,5,8,0.38
HmMm,11,13,24,0.46
HmMn,14,28,42,0.33
HmMs,8,7,15,0.53
HmMt,4,0,4,1.0
HmNB,8,7,15,0.53
HmND,0,1,1,0.0
HmNH,3,0,3,1.0
HmNK,1,1,2,0.5
HmNL,3,4,7,0.43
HmNM,10,19,29,0.34
HmNN,16,12,28,0.57
HmNP,15,28,43,0.35
HmNS,10,12,22,0.45
HmNb,8,7,15,0.53
HmNh,5,5,10,0.5
HmNl,6,5,11,0.55
HmNm,8,11,19,0.42
HmNn,22,14,36,0.61
HmNs,10,10,20,0.5
HmNt,2,2,4,0.5
HmPB,14,13,27,0.52
HmPD,2,2,4,0.5
HmPH,0,4,4,0.0
HmPK,2,1,3,0.67
HmPL,4,2,6,0.67
HmPM,7,19,26,0.27
HmPN,13,12,25,0.52
HmPP,23,26,49,0.47
HmPS,4,11,15,0.27
HmPb,12,13,25,0.48
HmPh,1,0,1,1.0
HmPl,6,12,18,0.33
HmPm,8,8,16,0.5
HmPn,14,13,27,0.52
HmPs,14,8,22,0.64
HmPt,2,2,4,0.5
HmSB,1,3,4,0.25
HmSD,0,1,1,0.0
HmSH,1,2,3,0.33
HmSL,1,2,3,0.33
HmSM,7,4,11,0.64
HmSN,3,10,13,0.23
HmSP,16,11,27,0.59
HmSS,9,7,16,0.56
HmSb,6,5,11,0.55
HmSh,3,5,8,0.38
HmSl,1,3,4,0.25
HmSm,7,3,10,0.7
HmSn,9,6,15,0.6
HmSs,8,8,16,0.5
HmSt,1,0,1,1.0
HmbB,12,12,24,0.5
HmbH,2,2,4,0.5
HmbI,1,0,1,1.0
HmbJ,6,3,9,0.67
HmbL,5,4,9,0.56
HmbM,10,18,28,0.36
HmbN,15,11,26,0.58
HmbP,14,11,25,0.56
HmbS,4,1,5,0.8
Hmbb,13,9,22,0.59
Hmbl,3,1,4,0.75
Hmbm,10,5,15,0.67
Hmbn,16,14,30,0.53
Hmbs,1,2,3,0.33
HmhS,0,0,0,
HmlB,2,2,4,0.5
HmlD,0,1,1,0.0
HmlH,7,0,7,1.0
HmlI,1,0,1,1.0
HmlJ,1,1,2,0.5
HmlL,1,1,2,0.5
HmlM,4,6,10,0.4
HmlN,4,5,9,0.44
HmlP,4,6,10,0.4
HmlS,4,2,6,0.67
Hmlb,7,5,12,0.58
Hmll,5,2,7,0.71
Hmlm,2,4,6,0.33
Hmln,3,5,8,0.38
Hmls,1,4,5,0.2
HmmB,7,7,14,0.5
HmmH,8,8,16,0.5
HmmI,1,0,1,1.0
HmmJ,2,2,4,0.5
HmmL,2,3,5,0.4
HmmM,9,11,20,0.45
HmmN,7,5,12,0.58
HmmP,5,7,12,0.42
HmmS,3,4,7,0.43
Hmmb,14,8,22,0.64
Hmml,3,1,4,0.75
Hmmm,4,4,8,0.5
Hmmn,10,6,16,0.62
Hmms,5,2,7,0.71
HmnB,7,10,17,0.41
HmnD,1,1,2,0.5
HmnH,8,2,10,0.8
HmnK,1,0,1,1.0
HmnL,5,2,7,0.71
HmnM,7,12,19,0.37
HmnN,17,16,33,0.52
HmnP,14,11,25,0.56
HmnS,6,8,14,0.43
Hmnb,11,6,17,0.65
Hmnl,3,6,9,0.33
Hmnm,6,8,14,0.43
Hmnn,12,18,30,0.4
Hmns,9,6,15,0.6
HmsB,4,1,5,0.8
HmsH,3,5,8,0.38
HmsI,1,0,1,1.0
HmsL,2,2,4,0.5
HmsM,5,8,13,0.38
HmsN,7,2,9,0.78
HmsP,5,4,9,0.56
HmsS,9,7,16,0.56
Hmsb,6,3,9,0.67
Hmsl,1,2,3,0.33
Hmsm,1,5,6,0.17
Hmsn,8,3,11,0.73
Hmss,4,7,11,0.36
HnBB,7,4,11,0.64
HnBK,1,1,2,0.5
HnBL,3,5,8,0.38
HnBM,6,12,18,0.33
HnBN,11,10,21,0.52
HnBP,12,12,24,0.5
HnBS,3,11,14,0.21
HnBb,13,12,25,0.52
HnBj,1,2,3,0.33
HnBl,7,6,13,0.54
HnBm,4,5,9,0.44
HnBn,21,14,35,0.6
HnBs,2,5,7,0.29
HnBt,0,2,2,0.0
HnDI,0,1,1,0.0
HnDM,2,1,3,0.67
HnDN,1,1,2,0.5
HnDP,2,1,3,0.67
HnDS,0,1,1,0.0
HnDb,1,0,1,1.0
HnDh,0,1,1,0.0
HnDm,1,1,2,0.5
HnDn,1,1,2,0.5
HnDs,2,0,2,1.0
HnHB,6,2,8,0.75
HnHD,0,1,1,0.0
HnHH,1,1,2,0.5
HnHI,2,2,4,0.5
HnHK,1,1,2,0.5
HnHL,4,5,9,0.44
HnHM,9,10,19,0.47
HnHN,2,11,13,0.15
HnHP,10,9,19,0.53
HnHS,5,9,14,0.36
HnHb,4,5,9,0.44
HnHh,6,5,11,0.55
HnHl,3,3,6,0.5
HnHm,4,4,8,0.5
HnHn,7,10,17,0.41
HnHs,10,7,17,0.59
HnHt,2,1,3,0.67
HnIB,1,3,4,0.25
HnIH,0,2,2,0.0
HnIL,0,1,1,0.0
HnIM,2,6,8,0.25
HnIN,2,3,5,0.4
HnIP,1,1,2,0.5
HnIS,1,1,2,0.5
HnIb,2,2,4,0.5
HnIl,0,1,1,0.0
HnIm,2,0,2,1.0
HnIn,0,4,4,0.0
HnIs,1,0,1,1.0
HnKB,2,0,2,1.0
HnKD,1,0,1,1.0
HnKI,1,0,1,1.0
HnKL,0,0,0,
HnKM,0,3,3,0.0
HnKN,1,0,1,1.0
HnKP,2,3,5,0.4
HnKS,1,1,2,0.5
HnKb,0,1,1,0.0
HnKh,1,2,3,0.33
HnKl,1,0,1,1.0
HnKm,2,2,4,0.5
HnKn,2,4,6,0.33
HnKs,2,2,4,0.5
HnKt,1,0,1,1.0
HnLB,6,5,11,0.55
HnLK,0,1,1,0.0
HnLL,2,3,5,0.4
HnLM,10,6,16,0.62
HnLN,4,7,11,0.36
HnLP,12,9,21,0.57
HnLS,4,1,5,0.8
HnLb,4,3,7,0.57
HnLh,0,1,1,0.0
HnLj,3,0,3,1.0
HnLl,3,4,7,0.43
HnLm,5,7,12,0.42
HnLn,6,6,12,0.5
HnLs,2,3,5,0.4
HnLt,1,1,2,0.5
HnMB,15,9,24,0.62
HnMK,1,0,1,1.0
HnML,6,2,8,0.75
HnMM,18,19,37,0.49
HnMN,21,19,40,0.52
HnMP,15,24,39,0.38
HnMS,9,7,16,0.56
HnMb,16,16,32,0.5
HnMh,18,16,34,0.53
HnMj,5,5,10,0.5
HnMl,10,11,21,0.48
HnMm,19,8,27,0.7
HnMn,36,18,54,0.67
HnMs,7,7,14,0.5
HnMt,2,3,5,0.4
HnNB,15,23,38,0.39
HnND,2,2,4,0.5
HnNH,3,2,5,0.6
HnNK,1,0,1,1.0
HnNL,3,7,10,0.3
HnNM,14,16,30,0.47
HnNN,26,14,40,0.65
HnNP,44,31,75,0.59
HnNS,8,12,20,0.4
HnNb,13,16,29,0.45
HnNh,8,8,16,0.5
HnNl,7,8,15,0.47
HnNm,16,17,33,0.48
HnNn,23,28,51,0.45
HnNs,15,14,29,0.52
HnNt,4,4,8,0.5
HnPB,13,16,29,0.45
HnPD,1,5,6,0.17
HnPH,8,7,15,0.53
HnPI,3,2,5,0.6
HnPK,3,1,4,0.75
HnPL,19,10,29,0.66
HnPM,20,21,41,0.49
HnPN,29,25,54,0.54
HnPP,38,42,80,0.48
HnPS,19,23,42,0.45
HnPb,28,23,51,0.55
HnPh,6,4,10,0.6
HnPl,15,13,28,0.54
HnPm,19,21,40,0.48
HnPn,20,33,53,0.38
HnPs,21,22,43,0.49
HnPt,0,2,2,0.0
HnSB,9,9,18,0.5
HnSD,3,1,4,0.75
HnSH,7,5,12,0.58
HnSK,0,1,1,0.0
HnSL,4,10,14,0.29
HnSM,16,13,29,0.55
HnSN,14,9,23,0.61
HnSP,18,20,38,0.47
HnSS,9,15,24,0.38
HnSb,10,8,18,0.56
HnSh,12,9,21,0.57
HnSl,3,5,8,0.38
HnSm,17,12,29,0.59
HnSn,12,11,23,0.52
HnSs,7,10,17,0.41
HnSt,1,3,4,0.25
HnbB,7,14,21,0.33
HnbD,1,0,1,1.0
HnbH,5,3,8,0.62
HnbI,1,1,2,0.5
HnbJ,6,2,8,0.75
HnbK,1,4,5,0.2
HnbL,5,6,11,0.45
HnbM,23,24,47,0.49
HnbN,17,22,39,0.44
HnbP,23,17,40,0.57
HnbS,11,6,17,0.65
Hnbb,16,10,26,0.62
Hnbl,5,4,9,0.56
Hnbm,13,9,22,0.59
Hnbn,11,16,27,0.41
Hnbs,6,5,11,0.55
HnhB,0,2,2,0.0
HnhH,0,1,1,0.0
HnhM,1,0,1,1.0
HnhN,1,0,1,1.0
HnhP,1,2,3,0.33
HnhS,2,1,3,0.67
Hnhb,0,1,1,0.0
Hnhl,0,1,1,0.0
Hnhm,1,0,1,1.0
Hnhn,0,0,0,
Hnhs,0,4,4,0.0
Hnht,0,0,0,
HnlB,3,5,8,0.38
HnlD,0,4,4,0.0
HnlH,8,4,12,0.67
HnlI,0,1,1,0.0
HnlJ,0,3,3,0.0
HnlL,6,2,8,0.75
HnlM,5,8,13,0.38
HnlN,11,11,22,0.5
HnlP,4,10,14,0.29
HnlS,6,10,16,0.38
Hnlb,11,5,16,0.69
Hnll,1,8,9,0.11
Hnlm,7,7,14,0.5
Hnln,6,4,10,0.6
Hnls,3,2,5,0.6
HnmB,10,16,26,0.38
HnmD,0,0,0,
HnmH,8,1,9,0.89
HnmI,2,2,4,0.5
HnmJ,3,3,6,0.5
HnmL,5,4,9,0.56
HnmM,7,9,16,0.44
HnmN,9,14,23,0.39
HnmP,11,16,27,0.41
HnmS,4,6,10,0.4
Hnmb,20,12,32,0.62
Hnml,5,6,11,0.45
Hnmm,7,18,25,0.28
Hnmn,13,11,24,0.54
Hnms,4,5,9,0.44
HnnB,14,20,34,0.41
HnnH,7,9,16,0.44
HnnI,0,3,3,0.0
HnnK,1,3,4,0.25
HnnL,8,5,13,0.62
HnnM,16,17,33,0.48
HnnN,19,23,42,0.45
HnnP,30,33,63,0.48
HnnS,12,18,30,0.4
Hnnb,17,19,36,0.47
Hnnh,0,1,1,0.0
Hnnl,10,7,17,0.59
Hnnm,10,10,20,0.5
Hnnn,20,17,37,0.54
Hnns,9,9,18,0.5
Hnnt,0,1,1,0.0
HnsB,8,4,12,0.67
HnsD,0,1,1,0.0
HnsH,18,8,26,0.69
HnsI,1,1,2,0.5
HnsL,3,5,8,0.38
HnsM,6,9,15,0.4
HnsN,14,26,40,0.35
HnsP,22,15,37,0.59
HnsS,12,7,19,0.63
Hnsb,15,7,22,0.68
Hnsh,0,2,2,0.0
Hnsl,2,6,8,0.25
Hnsm,7,6,13,0.54
Hnsn,13,11,24,0.54
Hnss,6,11,17,0.35
HntM,0,1,1,0.0
Hntm,1,0,1,1.0
HsBB,7,5,12,0.58
HsBK,1,0,1,1.0
HsBL,4,2,6,0.67
HsBM,5,5,10,0.5
HsBN,10,7,17,0.59
HsBP,3,6,9,0.33
HsBS,3,1,4,0.75
HsBb,4,9,13,0.31
HsBh,1,1,2,0.5
HsBj,1,1,2,0.5
HsBl,1,1,2,0.5
HsBm,5,8,13,0.38
HsBn,5,8,13,0.38
HsBs,6,5,11,0.55
HsBt,1,1,2,0.5
HsDH,1,1,2,0.5
HsDK,0,1,1,0.0
HsDL,0,1,1,0.0
HsDM,0,1,1,0.0
HsDN,3,0,3,1.0
HsDP,2,1,3,0.67
HsDS,2,2,4,0.5
HsDb,2,0,2,1.0
HsDl,0,1,1,0.0
HsDm,2,0,2,1.0
HsDn,1,2,3,0.33
HsDs,1,1,2,0.5
HsHB,5,7,12,0.42
HsHD,1,0,1,1.0
HsHH,1,3,4,0.25
HsHI,1,2,3,0.33
HsHK,1,2,3,0.33
HsHL,2,2,4,0.5
HsHM,7,18,25,0.28
HsHN,7,8,15,0.47
HsHP,12,16,28,0.43
HsHS,14,10,24,0.58
HsHb,10,12,22,0.45
HsHh,4,3,7,0.57
HsHl,5,5,10,0.5
HsHm,7,5,12,0.58
HsHn,17,5,22,0.77
HsHs,9,8,17,0.53
HsHt,0,2,2,0.0
HsIH,1,0,1,1.0
HsIM,1,2,3,0.33
HsIN,1,2,3,0.33
HsIP,1,2,3,0.33
HsIS,0,1,1,0.0
HsIb,1,0,1,1.0
HsIl,0,1,1,0.0
HsIs,3,4,7,0.43
HsKL,1,1,2,0.5
HsKP,1,1,2,0.5
HsKb,3,0,3,1.0
HsKh,0,1,1,0.0
HsKl,1,0,1,1.0
HsLB,3,2,5,0.6
HsLK,0,1,1,0.0
HsLL,1,2,3,0.33
HsLM,7,3,10,0.7
HsLN,6,2,8,0.75
HsLP,5,8,13,0.38
HsLS,2,3,5,0.4
HsLb,1,4,5,0.2
HsLh,0,1,1,0.0
HsLl,2,1,3,0.67
HsLm,3,1,4,0.75
HsLn,3,6,9,0.33
HsLs,1,4,5,0.2
HsMB,8,9,17,0.47
HsMD,0,1,1,0.0
HsML,1,2,3,0.33
HsMM,10,10,20,0.5
HsMN,9,7,16,0.56
HsMP,9,16,25,0.36
HsMS,4,6,10,0.4
HsMb,6,6,12,0.5
HsMh,12,10,22,0.55
HsMj,3,3,6,0.5
HsMl,0,3,3,0.0
HsMm,11,4,15,0.73
HsMn,20,13,33,0.61
HsMs,14,4,18,0.78
HsMt,1,3,4,0.25
HsNB,8,8,16,0.5
HsNH,4,5,9,0.44
HsNK,1,0,1,1.0
HsNL,4,2,6,0.67
HsNM,10,16,26,0.38
HsNN,6,9,15,0.4
HsNP,17,10,27,0.63
HsNS,7,9,16,0.44
HsNb,10,6,16,0.62
HsNh,4,4,8,0.5
HsNl,5,3,8,0.62
HsNm,9,9,18,0.5
HsNn,16,15,31,0.52
HsNs,14,11,25,0.56
HsNt,1,3,4,0.25
HsPB,15,15,30,0.5
HsPD,2,1,3,0.67
HsPH,2,8,10,0.2
HsPI,1,0,1,1.0
HsPK,1,0,1,1.0
HsPL,8,8,16,0.5
HsPM,12,15,27,0.44
HsPN,15,17,32,0.47
HsPP,15,30,45,0.33
HsPS,12,11,23,0.52
HsPb,11,11,22,0.5
HsPh,2,1,3,0.67
HsPl,8,7,15,0.53
HsPm,15,10,25,0.6
HsPn,15,14,29,0.52
HsPs,18,13,31,0.58
HsPt,2,2,4,0.5
HsSB,3,11,14,0.21
HsSD,0,1,1,0.0
HsSH,3,5,8,0.38
HsSI,1,1,2,0.5
HsSK,2,0,2,1.0
HsSL,7,2,9,0.78
HsSM,9,19,28,0.32
HsSN,12,8,20,0.6
HsSP,16,14,30,0.53
HsSS,16,7,23,0.7
HsSb,11,5,16,0.69
HsSh,5,6,11,0.45
HsSl,6,4,10,0.6
HsSm,8,13,21,0.38
HsSn,18,15,33,0.55
HsSs,14,14,28,0.5
HsSt,4,0,4,1.0
HsbB,7,5,12,0.58
HsbH,4,3,7,0.57
HsbI,0,2,2,0.0
HsbJ,2,3,5,0.4
HsbL,2,4,6,0.33
HsbM,8,15,23,0.35
HsbN,12,9,21,0.57
HsbP,13,8,21,0.62
HsbS,6,5,11,0.55
Hsbb,11,10,21,0.52
Hsbl,5,6,11,0.45
Hsbm,9,4,13,0.69
Hsbn,9,8,17,0.53
Hsbs,6,7,13,0.46
HshH,1,0,1,1.0
HshL,0,1,1,0.0
HshM,1,0,1,1.0
HshP,1,1,2,0.5
HshS,1,1,2,0.5
Hshl,0,3,3,0.0
Hshn,1,1,2,0.5
Hshs,0,1,1,0.0
HslB,5,6,11,0.45
HslH,1,3,4,0.25
HslJ,0,2,2,0.0
HslL,3,2,5,0.6
HslM,8,3,11,0.73
HslN,4,2,6,0.67
HslP,5,7,12,0.42
HslS,4,3,7,0.57
Hslb,6,7,13,0.46
Hsll,2,4,6,0.33
Hslm,4,5,9,0.44
Hsln,6,2,8,0.75
Hsls,2,0,2,1.0
HsmB,4,6,10,0.4
HsmD,4,0,4,1.0
HsmH,8,7,15,0.53
HsmI,1,0,1,1.0
HsmJ,0,2,2,0.0
HsmK,0,1,1,0.0
HsmL,4,3,7,0.57
HsmM,5,8,13,0.38
HsmN,11,7,18,0.61
HsmP,9,12,21,0.43
HsmS,5,5,10,0.5
Hsmb,5,10,15,0.33
Hsml,3,2,5,0.6
Hsmm,9,9,18,0.5
Hsmn,6,9,15,0.4
Hsms,7,4,11,0.64
HsnB,7,6,13,0.54
HsnD,3,0,3,1.0
HsnH,3,4,7,0.43
HsnI,2,0,2,1.0
HsnL,1,2,3,0.33
HsnM,6,8,14,0.43
HsnN,13,14,27,0.48
HsnP,14,10,24,0.58
HsnS,10,8,18,0.56
Hsnb,5,10,15,0.33
Hsnh,0,0,0,
Hsnl,6,1,7,0.86
Hsnm,6,7,13,0.46
Hsnn,10,5,15,0.67
Hsns,9,8,17,0.53
HssB,2,7,9,0.22
HssD,3,3,6,0.5
HssH,9,9,18,0.5
HssI,1,1,2,0.5
HssL,5,3,8,0.62
HssM,11,10,21,0.52
HssN,10,14,24,0.42
HssP,12,9,21,0.57
HssS,16,15,31,0.52
Hssb,9,11,20,0.45
Hssh,1,0,1,1.0
Hssl,2,4,6,0.33
Hssm,5,8,13,0.38
Hssn,3,6,9,0.33
Hsss,13,9,22,0.59
HtBL,1,0,1,1.0
HtBM,1,1,2,0.5
HtBN,1,0,1,1.0
HtBP,2,0,2,1.0
HtBb,3,1,4,0.75
HtBj,1,0,1,1.0
HtBl,0,1,1,0.0
HtBm,0,1,1,0.0
HtBn,0,1,1,0.0
HtBt,1,0,1,1.0
HtDL,1,0,1,1.0
HtHB,1,0,1,1.0
HtHH,0,0,0,
HtHP,1,0,1,1.0
HtHb,1,1,2,0.5
HtHl,0,1,1,0.0
HtHm,1,0,1,1.0
HtHs,0,1,1,0.0
HtIM,1,0,1,1.0
HtLB,1,1,2,0.5
HtLL,0,0,0,
HtLP,0,1,1,0.0
HtLh,0,1,1,0.0
HtLl,1,0,1,1.0
HtMB,3,0,3,1.0
HtML,0,1,1,0.0
HtMM,1,2,3,0.33
HtMN,1,1,2,0.5
HtMP,0,0,0,
HtMS,0,2,2,0.0
HtMb,1,1,2,0.5
HtMj,0,1,1,0.0
HtMl,1,0,1,1.0
HtMm,2,0,2,1.0
HtMn,2,2,4,0.5
HtNB,1,0,1,1.0
HtNM,1,1,2,0.5
HtNN,0,1,1,0.0
HtNP,2,1,3,0.67
HtNS,1,0,1,1.0
HtNb,2,1,3,0.67
HtNh,1,0,1,1.0
HtNl,1,1,2,0.5
HtNm,0,1,1,0.0
HtNn,1,1,2,0.5
HtPB,1,2,3,0.33
HtPI,1,0,1,1.0
HtPM,5,1,6,0.83
HtPN,2,3,5,0.4
HtPP,4,3,7,0.57
HtPS,1,4,5,0.2
HtPb,1,2,3,0.33
HtPl,1,2,3,0.33
HtPm,1,2,3,0.33
HtPn,1,0,1,1.0
HtPs,2,0,2,1.0
HtSB,1,1,2,0.5
HtSD,1,0,1,1.0
HtSM,1,1,2,0.5
HtSN,1,0,1,1.0
HtSP,2,1,3,0.67
HtSS,1,0,1,1.0
HtSh,1,0,1,1.0
HtSl,1,0,1,1.0
HtSm,0,3,3,0.0
HtbB,1,0,1,1.0
HtbH,1,0,1,1.0
HtbL,1,0,1,1.0
HtbM,0,1,1,0.0
HtbN,1,1,2,0.5
HtbP,3,1,4,0.75
HtbS,2,0,2,1.0
Htbb,2,1,3,0.67
Htbl,2,1,3,0.67
Htbm,1,2,3,0.33
Htbs,0,1,1,0.0
HthP,0,0,0,
HtlB,1,1,2,0.5
HtlM,0,0,0,
HtlN,1,1,2,0.5
HtlP,1,0,1,1.0
HtlS,1,0,1,1.0
Htll,1,0,1,1.0
HtmB,1,0,1,1.0
HtmD,0,0,0,
HtmH,0,1,1,0.0
HtmL,0,1,1,0.0
HtmM,1,1,2,0.5
HtmN,2,0,2,1.0
HtmP,0,0,0,
Htmb,1,2,3,0.33
Htms,0,1,1,0.0
HtnB,1,0,1,1.0
HtnH,2,1,3,0.67
HtnM,4,0,4,1.0
HtnP,0,3,3,0.0
HtnS,0,1,1,0.0
Htnb,1,1,2,0.5
Htnl,0,1,1,0.0
Htnm,1,1,2,0.5
Htnn,2,2,4,0.5
HtsH,0,1,1,0.0
HtsM,3,0,3,1.0
HtsN,0,0,0,
HtsP,2,2,4,0.5
HtsS,0,1,1,0.0
Htsb,0,1,1,0.0
Htsm,0,1,1,0.0
Htss,1,0,1,1.0
HttS,0,1,1,0.0
Httl,0,1,1,0.0
Httm,0,1,1,0.0
IBBB,4,2,6,0.67
IBBD,0,1,1,0.0
IBBK,0,1,1,0.0
IBBM,0,3,3,0.0
IBBN,1,1,2,0.5
IBBP,5,5,10,0.5
IBBS,0,1,1,0.0
IBBb,3,0,3,1.0
IBBl,0,1,1,0.0
IBBm,0,0,0,
IBBn,2,1,3,0.67
IBBs,1,1,2,0.5
IBBt,0,1,1,0.0
IBKB,0,2,2,0.0
IBKb,0,0,0,
IBKm,1,0,1,1.0
IBKn,1,0,1,1.0
IBLN,0,1,1,0.0
IBLP,0,0,0,
IBLS,0,1,1,0.0
IBLl,0,2,2,0.0
IBLn,2,0,2,1.0
IBLs,1,0,1,1.0
IBLt,1,0,1,1.0
IBMB,2,2,4,0.5
IBML,1,0,1,1.0
IBMM,2,4,6,0.33
IBMN,1,0,1,1.0
IBMP,4,1,5,0.8
IBMS,2,1,3,0.67
IBMb,4,0,4,1.0
IBMh,0,1,1,0.0
IBMj,1,1,2,0.5
IBMl,1,1,2,0.5
IBMm,1,1,2,0.5
IBMn,0,1,1,0.0
IBMt,0,2,2,0.0
IBNB,0,1,1,0.0
IBNH,0,1,1,0.0
IBNI,1,0,1,1.0
IBNL,0,2,2,0.0
IBNM,3,2,5,0.6
IBNN,0,1,1,0.0
IBNP,5,3,8,0.62
IBNS,1,1,2,0.5
IBNb,3,2,5,0.6
IBNh,1,1,2,0.5
IBNl,1,2,3,0.33
IBNm,2,1,3,0.67
IBNn,3,0,3,1.0
IBNs,1,0,1,1.0
IBNt,1,0,1,1.0
IBPB,2,1,3,0.67
IBPD,0,1,1,0.0
IBPI,1,0,1,1.0
IBPL,1,0,1,1.0
IBPM,2,3,5,0.4
IBPN,1,4,5,0.2
IBPP,3,1,4,0.75
IBPS,0,1,1,0.0
IBPb,1,2,3,0.33
IBPh,0,0,0,
IBPl,2,1,3,0.67
IBPm,4,0,4,1.0
IBPn,5,2,7,0.71
IBPs,2,1,3,0.67
IBSB,0,1,1,0.0
IBSD,1,0,1,1.0
IBSH,0,1,1,0.0
IBSL,0,0,0,
IBSM,0,2,2,0.0
IBSP,0,1,1,0.0
IBSS,0,1,1,0.0
IBSb,1,0,1,1.0
IBSh,3,0,3,1.0
IBSl,1,1,2,0.5
IBSn,1,1,2,0.5
IBSs,0,1,1,0.0
IBbB,1,1,2,0.5
IBbH,0,2,2,0.0
IBbJ,1,0,1,1.0
IBbK,0,1,1,0.0
IBbM,0,1,1,0.0
IBbN,1,2,3,0.33
IBbP,3,4,7,0.43
IBbS,0,0,0,
IBbb,2,1,3,0.67
IBbm,3,0,3,1.0
IBbn,0,1,1,0.0
IBbs,2,0,2,1.0
IBhl,1,0,1,1.0
IBhm,0,1,1,0.0
IBhs,0,1,1,0.0
IBjB,1,0,1,1.0
IBjD,0,1,1,0.0
IBjN,0,2,2,0.0
IBjP,1,1,2,0.5
IBjS,1,1,2,0.5
IBjb,1,0,1,1.0
IBjs,1,0,1,1.0
IBlB,2,0,2,1.0
IBlH,0,1,1,0.0
IBlI,0,1,1,0.0
IBlJ,0,0,0,
IBlL,1,0,1,1.0
IBlM,0,1,1,0.0
IBlN,1,1,2,0.5
IBlP,3,0,3,1.0
IBlS,0,2,2,0.0
IBlb,1,0,1,1.0
IBlm,0,1,1,0.0
IBln,0,1,1,0.0
IBmB,1,0,1,1.0
IBmH,0,2,2,0.0
IBmJ,1,0,1,1.0
IBmL,2,0,2,1.0
IBmM,3,2,5,0.6
IBmN,5,1,6,0.83
IBmP,3,3,6,0.5
IBmS,1,2,3,0.33
IBmb,4,1,5,0.8
IBml,1,0,1,1.0
IBmm,3,1,4,0.75
IBmn,0,1,1,0.0
IBms,2,0,2,1.0
IBnB,2,1,3,0.67
IBnH,0,0,0,
IBnI,1,0,1,1.0
IBnK,1,0,1,1.0
IBnL,3,1,4,0.75
IBnM,1,3,4,0.25
IBnN,2,3,5,0.4
IBnP,3,6,9,0.33
IBnS,1,1,2,0.5
IBnb,1,0,1,1.0
IBnl,2,0,2,1.0
IBnm,1,2,3,0.33
IBnn,5,1,6,0.83
IBns,1,1,2,0.5
IBnt,0,1,1,0.0
IBsB,0,1,1,0.0
IBsH,2,0,2,1.0
IBsL,1,0,1,1.0
IBsM,1,1,2,0.5
IBsN,1,0,1,1.0
IBsP,2,2,4,0.5
IBsb,0,1,1,0.0
IBsl,1,0,1,1.0
IBsm,1,3,4,0.25
IBsn,1,1,2,0.5
IBss,1,0,1,1.0
IBtB,0,1,1,0.0
IBtL,0,1,1,0.0
IBtP,1,0,1,1.0
IBtb,1,1,2,0.5
IBtm,0,0,0,
IBtn,1,0,1,1.0
IDBM,1,2,3,0.33
IDBN,1,1,2,0.5
IDDL,0,0,0,
IDDN,1,0,1,1.0
IDHM,0,2,2,0.0
IDHb,0,1,1,0.0
IDHh,0,0,0,
IDHl,1,0,1,1.0
IDIP,0,1,1,0.0
IDLn,0,0,0,
IDMB,1,0,1,1.0
IDMM,0,1,1,0.0
IDMh,1,0,1,1.0
IDNB,0,1,1,0.0
IDNl,1,0,1,1.0
IDNn,1,0,1,1.0
IDNs,0,1,1,0.0
IDNt,0,1,1,0.0
IDPB,1,0,1,1.0
IDPL,1,1,2,0.5
IDPP,1,1,2,0.5
IDPb,0,1,1,0.0
IDPl,1,0,1,1.0
IDPm,1,0,1,1.0
IDPn,0,0,0,
IDPs,1,1,2,0.5
IDSP,0,0,0,
IDSb,0,1,1,0.0
IDSm,2,0,2,1.0
IDSt,0,0,0,
IDbB,0,1,1,0.0
IDbM,0,0,0,
IDbN,0,1,1,0.0
IDbb,1,0,1,1.0
IDbn,1,0,1,1.0
IDbs,1,0,1,1.0
IDlB,1,0,1,1.0
IDlH,1,0,1,1.0
IDlJ,1,0,1,1.0
IDlM,1,0,1,1.0
IDlb,0,0,0,
IDmN,0,1,1,0.0
IDnP,2,0,2,1.0
IDnS,1,0,1,1.0
IDsB,0,1,1,0.0
IDsH,0,1,1,0.0
IDsN,1,0,1,1.0
IDsn,0,1,1,0.0
IHBB,1,1,2,0.5
IHBL,0,1,1,0.0
IHBN,1,6,7,0.14
IHBP,0,3,3,0.0
IHBb,4,0,4,1.0
IHBm,2,1,3,0.67
IHBn,1,0,1,1.0
IHBs,1,0,1,1.0
IHBt,1,2,3,0.33
IHDH,0,1,1,0.0
IHDS,0,1,1,0.0
IHDl,0,1,1,0.0
IHHD,0,1,1,0.0
IHHM,1,0,1,1.0
IHHN,2,0,2,1.0
IHHb,0,0,0,
IHIP,2,0,2,1.0
IHIm,1,0,1,1.0
IHIt,0,1,1,0.0
IHKP,1,0,1,1.0
IHKS,0,1,1,0.0
IHKm,0,1,1,0.0
IHLB,0,0,0,
IHLM,0,1,1,0.0
IHLP,2,0,2,1.0
IHLS,0,3,3,0.0
IHLb,0,0,0,
IHLh,0,1,1,0.0
IHLm,2,0,2,1.0
IHLn,1,1,2,0.5
IHLs,0,0,0,
IHMB,1,1,2,0.5
IHMM,1,0,1,1.0
IHMN,1,1,2,0.5
IHMP,0,2,2,0.0
IHMS,0,3,3,0.0
IHMb,1,0,1,1.0
IHMh,2,0,2,1.0
IHMj,1,0,1,1.0
IHMl,1,0,1,1.0
IHMm,1,2,3,0.33
IHMn,1,4,5,0.2
IHMs,0,0,0,
IHNB,1,2,3,0.33
IHNL,0,1,1,0.0
IHNM,0,1,1,0.0
IHNN,2,1,3,0.67
IHNP,2,1,3,0.67
IHNS,6,1,7,0.86
IHNb,0,2,2,0.0
IHNh,0,1,1,0.0
IHNm,2,2,4,0.5
IHNn,2,3,5,0.4
IHNs,3,3,6,0.5
IHNt,1,1,2,0.5
IHPB,0,1,1,0.0
IHPH,0,0,0,
IHPL,0,2,2,0.0
IHPM,5,4,9,0.56
IHPN,5,1,6,0.83
IHPP,2,6,8,0.25
IHPS,2,1,3,0.67
IHPb,5,3,8,0.62
IHPh,0,1,1,0.0
IHPl,1,0,1,1.0
IHPm,1,0,1,1.0
IHPn,1,1,2,0.5
IHPs,3,3,6,0.5
IHPt,0,1,1,0.0
IHSB,1,1,2,0.5
IHSD,0,1,1,0.0
IHSH,1,0,1,1.0
IHSL,1,1,2,0.5
IHSM,0,2,2,0.0
IHSN,2,0,2,1.0
IHSP,3,2,5,0.6
IHSS,3,2,5,0.6
IHSb,2,1,3,0.67
IHSh,1,1,2,0.5
IHSl,1,1,2,0.5
IHSm,0,2,2,0.0
IHSn,0,1,1,0.0
IHSs,1,2,3,0.33
IHSt,1,0,1,1.0
IHbB,0,2,2,0.0
IHbD,1,0,1,1.0
IHbI,0,1,1,0.0
IHbK,0,1,1,0.0
IHbL,0,1,1,0.0
IHbM,1,2,3,0.33
IHbN,2,1,3,0.67
IHbP,3,2,5,0.6
IHbb,4,4,8,0.5
IHbl,1,2,3,0.33
IHbm,0,2,2,0.0
IHbn,1,0,1,1.0
IHbs,0,1,1,0.0
IHhH,0,1,1,0.0
IHhN,0,2,2,0.0
IHhP,4,3,7,0.57
IHhS,0,1,1,0.0
IHhb,0,1,1,0.0
IHhh,0,1,1,0.0
IHhl,0,1,1,0.0
IHhn,0,2,2,0.0
IHhs,0,1,1,0.0
IHlJ,0,1,1,0.0
IHlL,1,0,1,1.0
IHlM,2,1,3,0.67
IHlN,0,3,3,0.0
IHlP,0,1,1,0.0
IHlS,1,0,1,1.0
IHll,1,0,1,1.0
IHlm,1,0,1,1.0
IHln,2,0,2,1.0
IHls,1,1,2,0.5
IHmB,1,1,2,0.5
IHmH,1,6,7,0.14
IHmI,1,1,2,0.5
IHmJ,1,0,1,1.0
IHmL,1,1,2,0.5
IHmM,3,5,8,0.38
IHmN,0,0,0,
IHmP,0,1,1,0.0
IHmb,0,4,4,0.0
IHml,0,2,2,0.0
IHmm,3,2,5,0.6
IHms,1,0,1,1.0
IHnB,1,1,2,0.5
IHnH,1,1,2,0.5
IHnI,1,0,1,1.0
IHnK,0,0,0,
IHnL,0,3,3,0.0
IHnM,4,3,7,0.57
IHnN,1,1,2,0.5
IHnP,2,1,3,0.67
IHnS,1,2,3,0.33
IHnb,0,2,2,0.0
IHnl,0,2,2,0.0
IHnm,0,0,0,
IHnn,4,3,7,0.57
IHns,2,1,3,0.67
IHsB,0,0,0,
IHsH,1,1,2,0.5
IHsI,0,1,1,0.0
IHsL,0,1,1,0.0
IHsM,0,2,2,0.0
IHsN,1,1,2,0.5
IHsP,2,2,4,0.5
IHsS,2,2,4,0.5
IHsb,2,0,2,1.0
IHsl,1,0,1,1.0
IHsm,1,1,2,0.5
IHsn,0,3,3,0.0
IHss,1,1,2,0.5
IHtI,1,0,1,1.0
IHtL,2,0,2,1.0
IHtN,0,1,1,0.0
IHtS,1,0,1,1.0
IIBN,1,0,1,1.0
IIBP,2,0,2,1.0
IIBb,2,1,3,0.67
IIBn,0,1,1,0.0
IIHI,0,1,1,0.0
IIHL,1,0,1,1.0
IIHN,0,2,2,0.0
IIHS,1,0,1,1.0
IIHb,1,0,1,1.0
IIHn,1,0,1,1.0
IIIM,1,0,1,1.0
IILb,1,0,1,1.0
IIML,1,0,1,1.0
IIMn,1,1,2,0.5
IINN,1,0,1,1.0
IINP,0,1,1,0.0
IINS,1,0,1,1.0
IINb,1,0,1,1.0
IINn,0,1,1,0.0
IIPN,0,2,2,0.0
IIPP,1,0,1,1.0
IISH,0,0,0,
IISN,1,0,1,1.0
IISP,0,0,0,
IISs,0,0,0,
IIbB,2,0,2,1.0
IIlL,1,0,1,1.0
IIlS,0,0,0,
IImB,1,0,1,1.0
IImH,1,0,1,1.0
IImS,2,0,2,1.0
IInN,1,0,1,1.0
IInb,0,1,1,0.0
IInm,1,0,1,1.0
IIsB,0,1,1,0.0
IIsb,1,0,1,1.0
IIss,0,0,0,
IKLt,1,0,1,1.0
IKMB,1,0,1,1.0
IKML,0,1,1,0.0
IKPB,1,0,1,1.0
IKPs,0,0,0,
IKSb,0,1,1,0.0
IKhP,1,0,1,1.0
IKnL,1,0,1,1.0
ILBB,0,1,1,0.0
ILBL,0,1,1,0.0
ILBM,1,0,1,1.0
ILBN,0,0,0,
ILBP,0,2,2,0.0
ILBS,1,1,2,0.5
ILBb,1,1,2,0.5
ILBj,0,1,1,0.0
ILBm,0,2,2,0.0
ILBn,1,0,1,1.0
ILBs,1,1,2,0.5
ILDH,1,0,1,1.0
ILKM,0,1,1,0.0
ILKN,0,1,1,0.0
ILKP,0,0,0,
ILKb,0,0,0,
ILKh,1,0,1,1.0
ILKl,0,1,1,0.0
ILLB,1,0,1,1.0
ILLM,0,1,1,0.0
ILLN,1,0,1,1.0
ILLP,0,1,1,0.0
ILLm,1,1,2,0.5
ILLn,3,0,3,1.0
ILLs,0,1,1,0.0
ILMD,1,0,1,1.0
ILMM,1,1,2,0.5
ILMN,1,1,2,0.5
ILMP,3,0,3,1.0
ILMb,0,2,2,0.0
ILMh,0,1,1,0.0
ILMj,0,0,0,
ILMl,1,1,2,0.5
ILMn,1,4,5,0.2
ILMs,2,0,2,1.0
ILNB,1,1,2,0.5
ILNK,0,1,1,0.0
ILNL,0,0,0,
ILNM,2,2,4,0.5
ILNN,1,2,3,0.33
ILNP,3,2,5,0.6
ILNS,1,1,2,0.5
ILNb,1,0,1,1.0
ILNh,1,0,1,1.0
ILNl,1,0,1,1.0
ILNm,0,0,0,
ILNn,1,1,2,0.5
ILNs,0,2,2,0.0
ILNt,0,1,1,0.0
ILPB,1,2,3,0.33
ILPD,0,1,1,0.0
ILPH,1,0,1,1.0
ILPL,1,1,2,0.5
ILPM,2,1,3,0.67
ILPN,1,2,3,0.33
ILPP,1,3,4,0.25
ILPS,0,1,1,0.0
ILPb,0,1,1,0.0
ILPl,1,0,1,1.0
ILPm,3,1,4,0.75
ILPn,0,0,0,
ILPs,1,2,3,0.33
ILPt,1,0,1,1.0
ILSM,1,0,1,1.0
ILSP,0,0,0,
ILSS,2,0,2,1.0
ILSb,1,0,1,1.0
ILSm,0,0,0,
ILSs,3,2,5,0.6
ILbB,1,1,2,0.5
ILbD,0,0,0,
ILbH,1,1,2,0.5
ILbI,1,0,1,1.0
ILbJ,2,0,2,1.0
ILbK,0,0,0,
ILbM,2,1,3,0.67
ILbN,1,1,2,0.5
ILbP,0,1,1,0.0
ILbb,2,1,3,0.67
ILbl,0,0,0,
ILbm,1,0,1,1.0
ILbn,1,1,2,0.5
ILhM,0,0,0,
ILhS,0,1,1,0.0
ILhh,1,1,2,0.5
ILjH,0,1,1,0.0
ILjN,0,2,2,0.0
ILjP,0,1,1,0.0
ILjb,0,1,1,0.0
ILjm,1,0,1,1.0
ILlL,0,3,3,0.0
ILlM,1,0,1,1.0
ILlN,1,1,2,0.5
ILlP,2,0,2,1.0
ILlb,0,2,2,0.0
ILln,0,2,2,0.0
ILls,0,0,0,
ILmB,2,1,3,0.67
ILmH,2,1,3,0.67
ILmM,0,1,1,0.0
ILmP,2,0,2,1.0
ILmS,0,1,1,0.0
ILml,0,0,0,
ILmm,1,1,2,0.5
ILmn,1,0,1,1.0
ILms,1,0,1,1.0
ILnH,0,2,2,0.0
ILnM,1,0,1,1.0
ILnN,3,1,4,0.75
ILnP,2,1,3,0.67
ILnS,3,1,4,0.75
ILnb,2,1,3,0.67
ILnm,1,2,3,0.33
ILnn,0,2,2,0.0
ILns,1,2,3,0.33
ILsB,0,2,2,0.0
ILsH,3,1,4,0.75
ILsM,0,0,0,
ILsN,1,3,4,0.25
ILsP,3,1,4,0.75
ILsS,0,0,0,
ILsb,0,1,1,0.0
ILsm,1,1,2,0.5
ILsn,1,0,1,1.0
ILss,1,0,1,1.0
ILtB,1,0,1,1.0
ILtH,1,0,1,1.0
ILtN,1,0,1,1.0
ILtb,1,1,2,0.5
ILtt,0,1,1,0.0
IMBB,0,1,1,0.0
IMBL,1,1,2,0.5
IMBM,1,0,1,1.0
IMBN,0,3,3,0.0
IMBP,3,2,5,0.6
IMBS,2,1,3,0.67
IMBb,1,0,1,1.0
IMBj,0,0,0,
IMBl,0,2,2,0.0
IMBm,4,2,6,0.67
IMBn,3,1,4,0.75
IMBs,0,1,1,0.0
IMBt,0,1,1,0.0
IMDH,0,0,0,
IMDP,0,1,1,0.0
IMDS,1,0,1,1.0
IMDh,1,0,1,1.0
IMDm,0,0,0,
IMDs,0,1,1,0.0
IMHM,1,0,1,1.0
IMKh,0,1,1,0.0
IMKn,0,1,1,0.0
IMLB,1,1,2,0.5
IMLL,1,0,1,1.0
IMLM,0,1,1,0.0
IMLN,2,1,3,0.67
IMLP,5,1,6,0.83
IMLb,1,0,1,1.0
IMLm,1,1,2,0.5
IMLs,0,1,1,0.0
IMMB,2,3,5,0.4
IMMD,0,1,1,0.0
IMML,1,0,1,1.0
IMMM,3,3,6,0.5
IMMN,1,5,6,0.17
IMMP,4,0,4,1.0
IMMb,5,1,6,0.83
IMMh,0,1,1,0.0
IMMl,1,0,1,1.0
IMMm,2,0,2,1.0
IMMn,1,5,6,0.17
IMMs,1,3,4,0.25
IMMt,0,1,1,0.0
IMNB,2,3,5,0.4
IMNK,1,0,1,1.0
IMNL,0,1,1,0.0
IMNM,1,4,5,0.2
IMNN,3,2,5,0.6
IMNP,0,0,0,
IMNS,2,1,3,0.67
IMNb,3,1,4,0.75
IMNh,1,0,1,1.0
IMNl,1,0,1,1.0
IMNm,1,2,3,0.33
IMNn,2,5,7,0.29
IMNs,3,4,7,0.43
IMNt,0,1,1,0.0
IMPB,4,1,5,0.8
IMPH,1,1,2,0.5
IMPI,0,2,2,0.0
IMPL,3,2,5,0.6
IMPM,2,1,3,0.67
IMPN,4,5,9,0.44
IMPP,3,3,6,0.5
IMPS,1,3,4,0.25
IMPb,4,2,6,0.67
IMPl,1,0,1,1.0
IMPm,0,1,1,0.0
IMPn,4,1,5,0.8
IMPs,3,3,6,0.5
IMPt,0,1,1,0.0
IMSB,1,3,4,0.25
IMSH,1,1,2,0.5
IMSM,1,1,2,0.5
IMSN,1,1,2,0.5
IMSP,3,1,4,0.75
IMSS,0,0,0,
IMSb,1,1,2,0.5
IMSm,0,1,1,0.0
IMSn,4,1,5,0.8
IMSs,1,1,2,0.5
IMbB,0,3,3,0.0
IMbH,0,0,0,
IMbJ,0,1,1,0.0
IMbK,0,1,1,0.0
IMbL,2,1,3,0.67
IMbM,0,1,1,0.0
IMbN,2,1,3,0.67
IMbP,3,1,4,0.75
IMbS,0,1,1,0.0
IMbb,2,0,2,1.0
IMbm,1,0,1,1.0
IMbn,4,2,6,0.67
IMbs,2,0,2,1.0
IMhB,0,2,2,0.0
IMhD,2,0,2,1.0
IMhH,0,1,1,0.0
IMhM,2,5,7,0.29
IMhN,2,4,6,0.33
IMhP,3,1,4,0.75
IMhS,0,6,6,0.0
IMhb,3,0,3,1.0
IMhh,1,3,4,0.25
IMhl,1,2,3,0.33
IMhm,2,2,4,0.5
IMhn,3,1,4,0.75
IMhs,2,2,4,0.5
IMjB,1,0,1,1.0
IMjH,0,1,1,0.0
IMjM,1,1,2,0.5
IMjN,0,1,1,0.0
IMjP,1,1,2,0.5
IMjb,2,1,3,0.67
IMjh,0,0,0,
IMjm,0,0,0,
IMjn,1,0,1,1.0
IMjs,1,0,1,1.0
IMlB,0,1,1,0.0
IMlH,4,1,5,0.8
IMlI,2,0,2,1.0
IMlM,2,0,2,1.0
IMlN,4,4,8,0.5
IMlP,1,0,1,1.0
IMlb,1,1,2,0.5
IMll,0,0,0,
IMlm,0,2,2,0.0
IMln,2,0,2,1.0
IMls,0,1,1,0.0
IMmB,2,5,7,0.29
IMmD,1,0,1,1.0
IMmH,3,1,4,0.75
IMmJ,1,0,1,1.0
IMmL,3,2,5,0.6
IMmM,3,1,4,0.75
IMmN,5,3,8,0.62
IMmP,2,1,3,0.67
IMmS,3,3,6,0.5
IMmb,1,2,3,0.33
IMml,0,2,2,0.0
IMmm,2,2,4,0.5
IMmn,0,3,3,0.0
IMms,1,1,2,0.5
IMnB,1,8,9,0.11
IMnH,2,1,3,0.67
IMnI,1,0,1,1.0
IMnK,1,1,2,0.5
IMnL,1,0,1,1.0
IMnM,1,1,2,0.5
IMnN,3,5,8,0.38
IMnP,6,2,8,0.75
IMnS,2,2,4,0.5
IMnb,2,3,5,0.4
IMnh,0,1,1,0.0
IMnl,1,2,3,0.33
IMnm,4,1,5,0.8
IMnn,5,3,8,0.62
IMns,5,1,6,0.83
IMsB,0,1,1,0.0
IMsH,2,1,3,0.67
IMsI,1,0,1,1.0
IMsL,1,0,1,1.0
IMsM,2,2,4,0.5
IMsN,0,0,0,
IMsP,2,0,2,1.0
IMsS,1,4,5,0.2
IMsb,3,1,4,0.75
IMsl,1,1,2,0.5
IMsm,1,1,2,0.5
IMsn,0,2,2,0.0
IMtB,2,0,2,1.0
IMtM,0,1,1,0.0
IMtN,1,0,1,1.0
IMtP,2,0,2,1.0
IMtS,2,1,3,0.67
IMtb,1,0,1,1.0
IMtn,2,2,4,0.5
IMtt,1,0,1,1.0
INBB,1,3,4,0.25
INBL,1,2,3,0.33
INBM,2,0,2,1.0
INBN,2,5,7,0.29
INBP,1,5,6,0.17
INBS,1,1,2,0.5
INBb,0,0,0,
INBh,1,0,1,1.0
INBj,1,0,1,1.0
INBl,1,0,1,1.0
INBm,2,4,6,0.33
INBn,2,3,5,0.4
INBs,1,2,3,0.33
INDH,1,0,1,1.0
INDP,0,1,1,0.0
INDm,1,1,2,0.5
INHB,0,1,1,0.0
INHD,0,1,1,0.0
INHM,0,1,1,0.0
INHN,1,1,2,0.5
INHS,0,1,1,0.0
INHb,1,2,3,0.33
INHh,0,1,1,0.0
INHn,0,1,1,0.0
INHs,0,0,0,
INKD,1,0,1,1.0
INKL,0,1,1,0.0
INKP,0,1,1,0.0
INKb,0,1,1,0.0
INKm,2,1,3,0.67
INKn,0,1,1,0.0
INLB,0,3,3,0.0
INLM,0,2,2,0.0
INLN,0,2,2,0.0
INLP,1,0,1,1.0
INLS,0,0,0,
INLb,0,0,0,
INLh,3,0,3,1.0
INLj,0,0,0,
INLl,1,2,3,0.33
INLm,1,1,2,0.5
INLn,3,3,6,0.5
INLs,1,1,2,0.5
INML,2,2,4,0.5
INMM,1,2,3,0.33
INMN,0,4,4,0.0
INMP,0,3,3,0.0
INMS,1,2,3,0.33
INMb,3,1,4,0.75
INMh,0,3,3,0.0
INMj,1,0,1,1.0
INMl,1,0,1,1.0
INMm,1,1,2,0.5
INMn,4,1,5,0.8
INMs,2,1,3,0.67
INNB,1,4,5,0.2
INNL,1,3,4,0.25
INNM,6,2,8,0.75
INNN,1,2,3,0.33
INNP,8,3,11,0.73
INNS,1,3,4,0.25
INNb,0,1,1,0.0
INNh,1,1,2,0.5
INNl,0,1,1,0.0
INNm,6,3,9,0.67
INNn,3,2,5,0.6
INNs,3,1,4,0.75
INNt,0,1,1,0.0
INPB,1,2,3,0.33
INPD,3,0,3,1.0
INPH,2,0,2,1.0
INPI,0,1,1,0.0
INPL,5,2,7,0.71
INPM,4,7,11,0.36
INPN,3,4,7,0.43
INPP,5,5,10,0.5
INPS,3,1,4,0.75
INPb,7,3,10,0.7
INPh,0,1,1,0.0
INPl,3,0,3,1.0
INPm,3,1,4,0.75
INPn,1,4,5,0.2
INPs,1,3,4,0.25
INSB,3,1,4,0.75
INSH,2,0,2,1.0
INSL,0,2,2,0.0
INSM,3,3,6,0.5
INSN,2,2,4,0.5
INSP,3,3,6,0.5
INSS,1,3,4,0.25
INSb,0,0,0,
INSh,0,1,1,0.0
INSl,2,1,3,0.67
INSm,1,3,4,0.25
INSn,2,1,3,0.67
INSs,1,3,4,0.25
INbB,2,2,4,0.5
INbD,1,0,1,1.0
INbI,0,0,0,
INbJ,1,0,1,1.0
INbL,3,0,3,1.0
INbM,1,2,3,0.33
INbN,1,2,3,0.33
INbP,2,3,5,0.4
INbS,0,1,1,0.0
INbb,0,1,1,0.0
INbl,0,1,1,0.0
INbm,3,2,5,0.6
INbn,0,4,4,0.0
INbs,4,1,5,0.8
INhB,0,2,2,0.0
INhI,0,0,0,
INhM,1,1,2,0.5
INhN,2,0,2,1.0
INhP,1,0,1,1.0
INhS,0,1,1,0.0
INhh,0,1,1,0.0
INhn,0,1,1,0.0
INlB,2,2,4,0.5
INlH,1,0,1,1.0
INlI,1,0,1,1.0
INlJ,0,1,1,0.0
INlK,1,0,1,1.0
INlL,1,1,2,0.5
INlM,1,3,4,0.25
INlN,2,0,2,1.0
INlP,0,3,3,0.0
INlS,1,3,4,0.25
INlb,2,1,3,0.67
INln,0,1,1,0.0
INmB,2,0,2,1.0
INmH,1,2,3,0.33
INmJ,2,0,2,1.0
INmL,0,1,1,0.0
INmM,2,1,3,0.67
INmN,3,6,9,0.33
INmP,4,3,7,0.57
INmS,1,0,1,1.0
INmb,2,2,4,0.5
INml,2,0,2,1.0
INmm,2,0,2,1.0
INmn,4,1,5,0.8
INms,1,0,1,1.0
INnB,2,0,2,1.0
INnD,1,1,2,0.5
INnH,3,2,5,0.6
INnI,1,0,1,1.0
INnL,0,1,1,0.0
INnM,2,4,6,0.33
INnN,10,3,13,0.77
INnP,2,2,4,0.5
INnS,4,2,6,0.67
INnb,4,4,8,0.5
INnl,1,2,3,0.33
INnm,1,2,3,0.33
INnn,4,2,6,0.67
INns,4,1,5,0.8
INsB,1,2,3,0.33
INsD,2,1,3,0.67
INsH,2,0,2,1.0
INsL,1,0,1,1.0
INsM,1,1,2,0.5
INsN,2,3,5,0.4
INsP,1,2,3,0.33
INsS,1,1,2,0.5
INsb,1,1,2,0.5
INsl,0,0,0,
INsm,3,0,3,1.0
INsn,0,1,1,0.0
INss,3,2,5,0.6
INtB,0,2,2,0.0
INtL,1,1,2,0.5
INtM,0,1,1,0.0
INtP,1,0,1,1.0
INtS,0,1,1,0.0
INtn,0,0,0,
INts,0,1,1,0.0
IPBB,4,3,7,0.57
IPBK,0,0,0,
IPBL,2,2,4,0.5
IPBM,3,4,7,0.43
IPBN,4,2,6,0.67
IPBP,6,5,11,0.55
IPBS,1,1,2,0.5
IPBb,2,1,3,0.67
IPBh,2,0,2,1.0
IPBl,3,1,4,0.75
IPBm,2,6,8,0.25
IPBn,1,4,5,0.2
IPBs,2,0,2,1.0
IPBt,1,1,2,0.5
IPDB,0,1,1,0.0
IPDP,0,1,1,0.0
IPDm,2,0,2,1.0
IPHB,2,0,2,1.0
IPHK,0,1,1,0.0
IPHL,0,1,1,0.0
IPHM,0,0,0,
IPHN,2,0,2,1.0
IPHP,0,2,2,0.0
IPHS,0,1,1,0.0
IPHb,1,0,1,1.0
IPHl,1,1,2,0.5
IPHm,2,1,3,0.67
IPHn,1,1,2,0.5
IPHs,3,1,4,0.75
IPIL,0,0,0,
IPIS,0,0,0,
IPIb,0,1,1,0.0
IPIl,1,0,1,1.0
IPIn,2,2,4,0.5
IPIs,1,0,1,1.0
IPKM,1,0,1,1.0
IPKn,1,0,1,1.0
IPKs,1,0,1,1.0
IPLB,1,0,1,1.0
IPLD,1,0,1,1.0
IPLL,0,2,2,0.0
IPLM,1,3,4,0.25
IPLN,5,1,6,0.83
IPLP,2,1,3,0.67
IPLS,2,0,2,1.0
IPLb,2,1,3,0.67
IPLj,1,1,2,0.5
IPLl,2,1,3,0.67
IPLm,0,6,6,0.0
IPLn,2,4,6,0.33
IPLt,0,0,0,
IPMB,4,0,4,1.0
IPML,0,0,0,
IPMM,4,2,6,0.67
IPMN,2,3,5,0.4
IPMP,2,4,6,0.33
IPMS,5,3,8,0.62
IPMb,6,7,13,0.46
IPMh,2,1,3,0.67
IPMj,0,1,1,0.0
IPMl,4,0,4,1.0
IPMm,3,3,6,0.5
IPMn,8,7,15,0.53
IPMs,2,2,4,0.5
IPMt,2,0,2,1.0
IPNB,2,2,4,0.5
IPNH,1,0,1,1.0
IPNL,1,1,2,0.5
IPNM,3,3,6,0.5
IPNN,4,1,5,0.8
IPNP,8,2,10,0.8
IPNS,3,1,4,0.75
IPNb,1,6,7,0.14
IPNh,1,2,3,0.33
IPNl,0,3,3,0.0
IPNm,2,4,6,0.33
IPNn,3,4,7,0.43
IPNs,2,2,4,0.5
IPNt,2,0,2,1.0
IPPB,2,5,7,0.29
IPPH,1,2,3,0.33
IPPK,2,1,3,0.67
IPPL,2,5,7,0.29
IPPM,3,10,13,0.23
IPPN,7,5,12,0.58
IPPP,5,5,10,0.5
IPPS,5,5,10,0.5
IPPb,6,5,11,0.55
IPPl,3,7,10,0.3
IPPm,7,10,17,0.41
IPPn,1,7,8,0.12
IPPs,3,4,7,0.43
IPPt,1,2,3,0.33
IPSB,2,1,3,0.67
IPSH,1,0,1,1.0
IPSL,1,1,2,0.5
IPSM,2,3,5,0.4
IPSN,0,2,2,0.0
IPSP,2,5,7,0.29
IPSS,2,1,3,0.67
IPSb,2,1,3,0.67
IPSh,1,1,2,0.5
IPSl,2,1,3,0.67
IPSm,1,2,3,0.33
IPSn,1,1,2,0.5
IPSs,1,3,4,0.25
IPSt,0,1,1,0.0
IPbB,3,6,9,0.33
IPbH,1,1,2,0.5
IPbI,1,0,1,1.0
IPbK,0,1,1,0.0
IPbL,2,1,3,0.67
IPbM,2,2,4,0.5
IPbN,5,2,7,0.71
IPbP,5,4,9,0.56
IPbS,1,0,1,1.0
IPbb,2,1,3,0.67
IPbl,3,4,7,0.43
IPbm,7,3,10,0.7
IPbn,3,3,6,0.5
IPbs,2,3,5,0.4
IPhB,1,0,1,1.0
IPhH,0,1,1,0.0
IPhL,0,1,1,0.0
IPhM,1,0,1,1.0
IPhS,1,0,1,1.0
IPhh,1,0,1,1.0
IPhm,1,0,1,1.0
IPhs,0,0,0,
IPlB,1,4,5,0.2
IPlH,3,1,4,0.75
IPlI,1,0,1,1.0
IPlM,0,1,1,0.0
IPlN,2,1,3,0.67
IPlP,3,1,4,0.75
IPlS,1,0,1,1.0
IPlb,3,3,6,0.5
IPll,0,3,3,0.0
IPlm,0,2,2,0.0
IPln,2,1,3,0.67
IPls,0,2,2,0.0
IPmB,4,2,6,0.67
IPmH,0,2,2,0.0
IPmJ,0,2,2,0.0
IPmL,0,3,3,0.0
IPmM,4,2,6,0.67
IPmN,0,2,2,0.0
IPmP,3,5,8,0.38
IPmS,3,4,7,0.43
IPmb,0,3,3,0.0
IPml,1,3,4,0.25
IPmm,3,2,5,0.6
IPmn,3,2,5,0.6
IPms,1,0,1,1.0
IPnB,4,0,4,1.0
IPnI,1,0,1,1.0
IPnK,0,1,1,0.0
IPnL,0,1,1,0.0
IPnM,2,2,4,0.5
IPnN,3,4,7,0.43
IPnP,4,4,8,0.5
IPnS,0,1,1,0.0
IPnb,4,2,6,0.67
IPnl,2,3,5,0.4
IPnm,7,0,7,1.0
IPnn,2,2,4,0.5
IPns,3,3,6,0.5
IPsB,1,0,1,1.0
IPsD,0,1,1,0.0
IPsH,3,2,5,0.6
IPsI,1,1,2,0.5
IPsL,1,2,3,0.33
IPsM,0,0,0,
IPsN,5,3,8,0.62
IPsP,3,3,6,0.5
IPsS,1,3,4,0.25
IPsb,2,2,4,0.5
IPsl,3,0,3,1.0
IPsm,4,0,4,1.0
IPsn,2,1,3,0.67
IPss,1,3,4,0.25
IPtM,0,1,1,0.0
IPtN,0,1,1,0.0
IPtP,1,2,3,0.33
IPtb,1,0,1,1.0
IPtl,0,1,1,0.0
IPtm,1,1,2,0.5
IPtn,0,1,1,0.0
IPtt,0,1,1,0.0
ISBB,2,1,3,0.67
ISBD,1,0,1,1.0
ISBL,1,1,2,0.5
ISBM,2,1,3,0.67
ISBN,0,1,1,0.0
ISBP,1,1,2,0.5
ISBS,1,0,1,1.0
ISBb,4,1,5,0.8
ISBj,0,2,2,0.0
ISBm,1,0,1,1.0
ISBn,1,1,2,0.5
ISBs,1,1,2,0.5
ISDB,0,1,1,0.0
ISHB,1,1,2,0.5
ISHH,0,1,1,0.0
ISHL,1,0,1,1.0
ISHM,2,2,4,0.5
ISHN,0,1,1,0.0
ISHP,2,0,2,1.0
ISHS,2,2,4,0.5
ISHb,2,1,3,0.67
ISHh,0,1,1,0.0
ISHn,2,2,4,0.5
ISHs,0,2,2,0.0
ISIP,0,1,1,0.0
ISIS,1,0,1,1.0
ISIm,0,1,1,0.0
ISKL,1,0,1,1.0
ISLB,3,1,4,0.75
ISLL,0,1,1,0.0
ISLN,1,1,2,0.5
ISLP,1,1,2,0.5
ISLb,0,1,1,0.0
ISLh,1,0,1,1.0
ISLl,0,1,1,0.0
ISLm,4,1,5,0.8
ISLn,0,2,2,0.0
ISMB,1,1,2,0.5
ISML,1,1,2,0.5
ISMM,2,1,3,0.67
ISMN,2,0,2,1.0
ISMP,3,1,4,0.75
ISMS,0,1,1,0.0
ISMb,3,2,5,0.6
ISMh,0,2,2,0.0
ISMj,1,0,1,1.0
ISMl,1,1,2,0.5
ISMm,0,1,1,0.0
ISMn,1,0,1,1.0
ISMs,2,3,5,0.4
ISMt,1,0,1,1.0
ISNL,0,1,1,0.0
ISNM,1,0,1,1.0
ISNN,1,0,1,1.0
ISNP,2,3,5,0.4
ISNS,4,0,4,1.0
ISNb,0,2,2,0.0
ISNh,1,0,1,1.0
ISNl,0,1,1,0.0
ISNm,4,1,5,0.8
ISNn,1,4,5,0.2
ISNs,1,0,1,1.0
ISNt,0,1,1,0.0
ISPB,3,0,3,1.0
ISPH,3,0,3,1.0
ISPL,1,0,1,1.0
ISPM,3,3,6,0.5
ISPN,2,4,6,0.33
ISPP,5,2,7,0.71
ISPS,1,0,1,1.0
ISPb,3,1,4,0.75
ISPl,0,2,2,0.0
ISPm,1,2,3,0.33
ISPn,2,1,3,0.67
ISPs,1,5,6,0.17
ISPt,0,1,1,0.0
ISSB,0,1,1,0.0
ISSH,0,1,1,0.0
ISSL,1,0,1,1.0
ISSM,1,1,2,0.5
ISSN,2,0,2,1.0
ISSP,1,1,2,0.5
ISSS,3,4,7,0.43
ISSb,2,2,4,0.5
ISSh,2,2,4,0.5
ISSl,1,0,1,1.0
ISSm,0,1,1,0.0
ISSn,2,3,5,0.4
ISSs,2,4,6,0.33
ISSt,1,0,1,1.0
ISbB,1,1,2,0.5
ISbK,0,1,1,0.0
ISbL,0,1,1,0.0
ISbM,1,0,1,1.0
ISbN,2,0,2,1.0
ISbP,1,2,3,0.33
ISbS,0,1,1,0.0
ISbb,2,2,4,0.5
ISbm,0,1,1,0.0
ISbn,0,1,1,0.0
ISbs,0,2,2,0.0
IShB,1,1,2,0.5
IShH,1,0,1,1.0
IShL,1,1,2,0.5
IShM,1,1,2,0.5
IShN,1,1,2,0.5
IShP,1,1,2,0.5
IShb,1,0,1,1.0
IShh,0,1,1,0.0
IShl,0,1,1,0.0
IShm,1,0,1,1.0
IShn,1,0,1,1.0
IShs,2,1,3,0.67
ISht,1,0,1,1.0
ISlI,0,0,0,
ISlL,0,0,0,
ISlM,0,2,2,0.0
ISlN,1,1,2,0.5
ISlb,0,0,0,
ISlm,1,1,2,0.5
ISln,0,1,1,0.0
ISmB,1,0,1,1.0
ISmH,0,2,2,0.0
ISmJ,1,0,1,1.0
ISmL,1,0,1,1.0
ISmM,1,0,1,1.0
ISmN,2,0,2,1.0
ISmP,1,7,8,0.12
ISmS,0,2,2,0.0
ISmb,1,1,2,0.5
ISml,1,0,1,1.0
ISmm,2,1,3,0.67
ISmn,2,2,4,0.5
ISms,2,0,2,1.0
ISnB,1,1,2,0.5
ISnH,1,0,1,1.0
ISnL,1,1,2,0.5
ISnM,2,0,2,1.0
ISnN,1,2,3,0.33
ISnP,3,4,7,0.43
ISnS,4,2,6,0.67
ISnb,2,3,5,0.4
ISnl,1,0,1,1.0
ISnm,0,1,1,0.0
ISnn,3,1,4,0.75
ISns,2,2,4,0.5
ISsB,1,0,1,1.0
ISsD,0,1,1,0.0
ISsH,1,2,3,0.33
ISsL,0,1,1,0.0
ISsM,2,4,6,0.33
ISsN,0,3,3,0.0
ISsP,3,3,6,0.5
ISsS,1,6,7,0.14
ISsl,2,1,3,0.67
ISsm,1,1,2,0.5
ISsn,2,1,3,0.67
ISst,1,0,1,1.0
IStM,0,1,1,0.0
IStN,1,0,1,1.0
IStP,0,1,1,0.0
IStS,2,0,2,1.0
IStl,1,0,1,1.0
IStn,2,0,2,1.0
IbBB,2,3,5,0.4
IbBL,2,3,5,0.4
IbBM,2,0,2,1.0
IbBN,2,3,5,0.4
IbBP,2,1,3,0.67
IbBS,0,5,5,0.0
IbBb,3,2,5,0.6
IbBh,3,1,4,0.75
IbBj,1,1,2,0.5
IbBl,0,3,3,0.0
IbBm,0,1,1,0.0
IbBn,3,1,4,0.75
IbBs,0,1,1,0.0
IbDH,0,1,1,0.0
IbHH,0,1,1,0.0
IbHL,0,0,0,
IbHM,1,1,2,0.5
IbHN,1,0,1,1.0
IbHP,1,0,1,1.0
IbHb,0,1,1,0.0
IbHh,0,1,1,0.0
IbHl,1,0,1,1.0
IbHn,1,2,3,0.33
IbHs,3,1,4,0.75
IbID,1,0,1,1.0
IbIM,0,1,1,0.0
IbIm,1,0,1,1.0
IbJB,1,0,1,1.0
IbJH,0,1,1,0.0
IbJM,2,0,2,1.0
IbJN,2,0,2,1.0
IbJP,0,3,3,0.0
IbJb,2,1,3,0.67
IbJh,0,1,1,0.0
IbJm,0,1,1,0.0
IbJs,1,0,1,1.0
IbJt,1,0,1,1.0
IbKL,0,1,1,0.0
IbKP,2,0,2,1.0
IbKS,0,1,1,0.0
IbKs,2,0,2,1.0
IbLM,2,2,4,0.5
IbLN,2,2,4,0.5
IbLP,0,1,1,0.0
IbLS,2,1,3,0.67
IbLh,0,0,0,
IbLm,1,0,1,1.0
IbLn,2,1,3,0.67
IbLt,1,0,1,1.0
IbMB,1,1,2,0.5
IbML,2,1,3,0.67
IbMM,4,1,5,0.8
IbMN,2,3,5,0.4
IbMP,4,3,7,0.57
IbMS,0,2,2,0.0
IbMb,3,3,6,0.5
IbMh,1,1,2,0.5
IbMj,3,0,3,1.0
IbMl,0,2,2,0.0
IbMm,2,2,4,0.5
IbMn,2,4,6,0.33
IbMt,0,2,2,0.0
IbNB,3,3,6,0.5
IbNH,1,2,3,0.33
IbNL,0,1,1,0.0
IbNM,3,1,4,0.75
IbNN,3,3,6,0.5
IbNP,3,5,8,0.38
IbNS,0,2,2,0.0
IbNb,4,1,5,0.8
IbNh,0,1,1,0.0
IbNm,2,1,3,0.67
IbNn,1,1,2,0.5
IbNs,2,1,3,0.67
IbNt,1,0,1,1.0
IbPB,5,1,6,0.83
IbPD,0,1,1,0.0
IbPH,0,1,1,0.0
IbPI,2,1,3,0.67
IbPL,3,0,3,1.0
IbPM,6,7,13,0.46
IbPN,4,2,6,0.67
IbPP,4,5,9,0.44
IbPS,2,4,6,0.33
IbPb,7,1,8,0.88
IbPh,0,1,1,0.0
IbPl,2,1,3,0.67
IbPm,5,1,6,0.83
IbPn,3,1,4,0.75
IbPs,0,3,3,0.0
IbPt,0,1,1,0.0
IbSB,0,1,1,0.0
IbSL,2,0,2,1.0
IbSM,3,1,4,0.75
IbSN,1,2,3,0.33
IbSP,6,1,7,0.86
IbSb,1,1,2,0.5
IbSh,1,1,2,0.5
IbSl,0,0,0,
IbSm,2,1,3,0.67
IbSn,1,2,3,0.33
IbSs,0,1,1,0.0
IbSt,0,1,1,0.0
IbbB,1,4,5,0.2
IbbH,0,1,1,0.0
IbbK,1,0,1,1.0
IbbL,1,1,2,0.5
IbbM,2,3,5,0.4
IbbN,3,3,6,0.5
IbbP,3,3,6,0.5
IbbS,1,1,2,0.5
Ibbb,4,5,9,0.44
Ibbl,1,0,1,1.0
Ibbm,1,4,5,0.2
Ibbn,2,2,4,0.5
Ibbs,3,1,4,0.75
IblB,2,0,2,1.0
IblL,1,0,1,1.0
IblM,0,0,0,
IblN,1,2,3,0.33
IblP,0,0,0,
IblS,0,1,1,0.0
Iblb,2,1,3,0.67
Ibll,1,0,1,1.0
Iblm,0,0,0,
Ibln,1,1,2,0.5
IbmB,3,2,5,0.6
IbmH,0,1,1,0.0
IbmI,0,1,1,0.0
IbmJ,0,1,1,0.0
IbmL,0,1,1,0.0
IbmN,0,0,0,
IbmP,4,3,7,0.57
IbmS,3,1,4,0.75
Ibmb,2,1,3,0.67
Ibml,1,0,1,1.0
Ibmm,1,1,2,0.5
Ibmn,2,2,4,0.5
Ibms,0,1,1,0.0
IbnB,1,0,1,1.0
IbnH,0,1,1,0.0
IbnI,0,1,1,0.0
IbnL,0,2,2,0.0
IbnM,3,0,3,1.0
IbnN,2,4,6,0.33
IbnP,2,4,6,0.33
IbnS,2,1,3,0.67
Ibnb,3,3,6,0.5
Ibnl,0,1,1,0.0
Ibnm,6,0,6,1.0
Ibnn,2,2,4,0.5
Ibns,2,2,4,0.5
IbsB,1,2,3,0.33
IbsM,1,1,2,0.5
IbsN,0,1,1,0.0
IbsP,1,0,1,1.0
IbsS,2,1,3,0.67
Ibsb,2,1,3,0.67
Ibsh,1,0,1,1.0
Ibsl,0,0,0,
Ibsm,0,1,1,0.0
Ibsn,0,0,0,
Ibss,0,0,0,
IhSL,1,0,1,1.0
Ihhs,0,0,0,
IhtP,0,1,1,0.0
IlBB,2,0,2,1.0
IlBK,0,1,1,0.0
IlBM,1,0,1,1.0
IlBN,0,0,0,
IlBP,0,2,2,0.0
IlBS,1,3,4,0.25
IlBb,2,1,3,0.67
IlBl,0,1,1,0.0
IlBm,1,1,2,0.5
IlBn,4,1,5,0.8
IlBs,2,1,3,0.67
IlDs,1,0,1,1.0
IlHI,0,1,1,0.0
IlHL,0,1,1,0.0
IlHM,0,1,1,0.0
IlHN,0,2,2,0.0
IlHP,2,1,3,0.67
IlHS,1,0,1,1.0
IlHb,1,0,1,1.0
IlHn,1,0,1,1.0
IlHs,0,1,1,0.0
IlIH,1,0,1,1.0
IlIP,0,0,0,
IlIm,1,0,1,1.0
IlJP,1,0,1,1.0
IlJS,1,0,1,1.0
IlJm,0,0,0,
IlJn,0,0,0,
IlKP,1,0,1,1.0
IlLL,0,1,1,0.0
IlLN,1,0,1,1.0
IlLb,0,1,1,0.0
IlLj,1,0,1,1.0
IlLm,1,0,1,1.0
IlLn,1,0,1,1.0
IlMB,0,1,1,0.0
IlML,1,1,2,0.5
IlMM,0,3,3,0.0
IlMl,0,2,2,0.0
IlMm,0,0,0,
IlMn,0,2,2,0.0
IlMs,1,0,1,1.0
IlMt,1,0,1,1.0
IlND,0,1,1,0.0
IlNL,1,0,1,1.0
IlNM,1,1,2,0.5
IlNN,0,1,1,0.0
IlNP,0,1,1,0.0
IlNS,0,1,1,0.0
IlNb,4,2,6,0.67
IlNm,0,1,1,0.0
IlNn,0,0,0,
IlNs,0,1,1,0.0
IlPB,0,2,2,0.0
IlPH,0,1,1,0.0
IlPL,3,0,3,1.0
IlPM,1,0,1,1.0
IlPN,0,2,2,0.0
IlPP,2,1,3,0.67
IlPb,2,0,2,1.0
IlPm,1,0,1,1.0
IlPn,3,1,4,0.75
IlPs,1,0,1,1.0
IlPt,0,0,0,
IlSB,0,1,1,0.0
IlSL,0,1,1,0.0
IlSN,0,1,1,0.0
IlSP,0,3,3,0.0
IlSS,2,0,2,1.0
IlSh,0,1,1,0.0
IlSm,0,1,1,0.0
IlSn,3,0,3,1.0
IlSs,1,3,4,0.25
IlSt,0,1,1,0.0
IlbB,1,1,2,0.5
IlbD,1,0,1,1.0
IlbH,0,0,0,
IlbL,1,1,2,0.5
IlbM,0,3,3,0.0
IlbN,1,3,4,0.25
IlbP,2,0,2,1.0
Ilbb,3,1,4,0.75
Ilbs,1,0,1,1.0
IllB,3,2,5,0.6
IllJ,0,1,1,0.0
IllL,1,0,1,1.0
IllM,1,0,1,1.0
IllN,1,0,1,1.0
IllP,0,1,1,0.0
IllS,1,0,1,1.0
Illb,0,1,1,0.0
Ills,0,0,0,
IlmB,3,0,3,1.0
IlmD,0,1,1,0.0
IlmM,2,0,2,1.0
IlmN,0,1,1,0.0
IlmP,1,2,3,0.33
Ilmb,2,0,2,1.0
Ilmm,1,0,1,1.0
Ilmn,1,2,3,0.33
IlnH,0,1,1,0.0
IlnM,1,0,1,1.0
IlnN,1,0,1,1.0
IlnP,0,2,2,0.0
Ilnb,2,0,2,1.0
Ilnl,0,0,0,
Ilnm,1,0,1,1.0
Ilnn,1,0,1,1.0
IlsM,2,0,2,1.0
IlsN,0,1,1,0.0
IlsP,1,0,1,1.0
IlsS,0,0,0,
Ilsb,0,1,1,0.0
Ilss,1,2,3,0.33
ImBB,1,1,2,0.5
ImBK,0,0,0,
ImBL,1,0,1,1.0
ImBM,2,3,5,0.4
ImBN,2,0,2,1.0
ImBP,3,2,5,0.6
ImBS,0,2,2,0.0
ImBb,1,3,4,0.25
ImBj,1,1,2,0.5
ImBl,0,1,1,0.0
ImBm,2,1,3,0.67
ImBn,0,1,1,0.0
ImBs,1,0,1,1.0
ImBt,0,1,1,0.0
ImDB,0,1,1,0.0
ImDH,0,1,1,0.0
ImDm,1,0,1,1.0
ImHB,1,0,1,1.0
ImHD,1,0,1,1.0
ImHI,1,0,1,1.0
ImHL,1,0,1,1.0
ImHM,1,1,2,0.5
ImHN,1,1,2,0.5
ImHP,2,1,3,0.67
ImHS,1,1,2,0.5
ImHb,0,1,1,0.0
ImHh,1,0,1,1.0
ImHm,0,3,3,0.0
ImHn,3,1,4,0.75
ImHs,0,2,2,0.0
ImHt,0,1,1,0.0
ImIN,2,0,2,1.0
ImIl,0,1,1,0.0
ImIn,2,0,2,1.0
ImJB,1,0,1,1.0
ImJM,0,1,1,0.0
ImJN,1,0,1,1.0
ImJP,0,1,1,0.0
ImJm,0,0,0,
ImLB,2,1,3,0.67
ImLM,0,3,3,0.0
ImLN,0,2,2,0.0
ImLP,1,0,1,1.0
ImLS,1,0,1,1.0
ImLl,1,0,1,1.0
ImLm,1,1,2,0.5
ImLn,1,1,2,0.5
ImLs,0,1,1,0.0
ImLt,1,0,1,1.0
ImMB,3,2,5,0.6
ImML,2,1,3,0.67
ImMM,4,2,6,0.67
ImMN,3,6,9,0.33
ImMP,3,3,6,0.5
ImMS,2,2,4,0.5
ImMb,3,1,4,0.75
ImMh,0,0,0,
ImMj,0,1,1,0.0
ImMl,1,0,1,1.0
ImMn,3,2,5,0.6
ImMs,0,2,2,0.0
ImMt,1,1,2,0.5
ImNB,2,1,3,0.67
ImNL,0,1,1,0.0
ImNM,2,0,2,1.0
ImNN,1,3,4,0.25
ImNP,3,2,5,0.6
ImNS,3,1,4,0.75
ImNb,3,2,5,0.6
ImNh,1,0,1,1.0
ImNl,1,0,1,1.0
ImNm,3,1,4,0.75
ImNn,3,2,5,0.6
ImNs,1,2,3,0.33
ImNt,1,0,1,1.0
ImPB,2,0,2,1.0
ImPD,1,0,1,1.0
ImPH,0,1,1,0.0
ImPK,0,1,1,0.0
ImPL,1,1,2,0.5
ImPM,1,1,2,0.5
ImPN,2,3,5,0.4
ImPP,4,5,9,0.44
ImPS,3,2,5,0.6
ImPb,1,1,2,0.5
ImPh,1,0,1,1.0
ImPl,0,1,1,0.0
ImPm,2,1,3,0.67
ImPn,0,1,1,0.0
ImPs,2,2,4,0.5
ImSB,0,1,1,0.0
ImSD,2,0,2,1.0
ImSH,0,1,1,0.0
ImSK,0,1,1,0.0
ImSL,1,0,1,1.0
ImSM,2,1,3,0.67
ImSN,0,1,1,0.0
ImSP,1,0,1,1.0
ImSS,0,2,2,0.0
ImSh,2,0,2,1.0
ImSm,0,1,1,0.0
ImSn,2,2,4,0.5
ImSs,2,2,4,0.5
ImbB,3,1,4,0.75
ImbH,1,0,1,1.0
ImbJ,2,1,3,0.67
ImbK,1,0,1,1.0
ImbL,1,0,1,1.0
ImbM,4,2,6,0.67
ImbN,2,2,4,0.5
ImbP,4,2,6,0.67
ImbS,0,1,1,0.0
Imbb,5,2,7,0.71
Imbl,0,1,1,0.0
Imbm,1,2,3,0.33
Imbn,3,2,5,0.6
Imbs,1,1,2,0.5
ImhS,0,0,0,
ImlM,0,1,1,0.0
ImlN,1,0,1,1.0
ImlP,1,0,1,1.0
ImlS,1,1,2,0.5
Imlb,2,0,2,1.0
Imln,0,1,1,0.0
ImmH,2,1,3,0.67
ImmJ,0,1,1,0.0
ImmL,0,0,0,
ImmM,2,0,2,1.0
ImmN,3,1,4,0.75
ImmP,2,0,2,1.0
Immb,3,0,3,1.0
Immm,2,0,2,1.0
Immn,3,2,5,0.6
Imms,0,0,0,
ImnH,1,0,1,1.0
ImnM,2,4,6,0.33
ImnN,2,3,5,0.4
ImnP,3,4,7,0.43
ImnS,3,1,4,0.75
Imnb,1,0,1,1.0
Imnl,2,0,2,1.0
Imnm,1,1,2,0.5
Imnn,3,0,3,1.0
Imns,1,1,2,0.5
ImsB,1,0,1,1.0
ImsH,1,0,1,1.0
ImsM,0,2,2,0.0
ImsP,0,0,0,
ImsS,1,0,1,1.0
Imsb,0,1,1,0.0
Imsl,2,1,3,0.67
Imsm,1,1,2,0.5
Imsn,1,1,2,0.5
Imss,0,1,1,0.0
InBB,1,3,4,0.25
InBM,2,3,5,0.4
InBN,3,0,3,1.0
InBP,1,1,2,0.5
InBS,0,0,0,
InBb,0,1,1,0.0
InBj,2,1,3,0.67
InBl,1,1,2,0.5
InBm,0,0,0,
InBn,1,0,1,1.0
InBs,1,0,1,1.0
InBt,1,0,1,1.0
InDM,0,1,1,0.0
InDN,0,2,2,0.0
InDS,0,1,1,0.0
InDb,1,1,2,0.5
InDh,0,1,1,0.0
InDn,0,0,0,
InHB,1,1,2,0.5
InHH,1,0,1,1.0
InHL,0,1,1,0.0
InHN,3,1,4,0.75
InHP,1,1,2,0.5
InHS,1,0,1,1.0
InHb,0,2,2,0.0
InHh,1,0,1,1.0
InHl,1,0,1,1.0
InHm,1,2,3,0.33
InHn,1,1,2,0.5
InHs,2,1,3,0.67
InIS,1,1,2,0.5
InIl,2,0,2,1.0
InIm,0,1,1,0.0
InKh,0,1,1,0.0
InKn,0,1,1,0.0
InLB,1,1,2,0.5
InLL,1,0,1,1.0
InLN,1,1,2,0.5
InLP,1,0,1,1.0
InLl,0,0,0,
InLm,1,0,1,1.0
InLn,2,0,2,1.0
InLs,1,1,2,0.5
InMB,1,1,2,0.5
InMM,3,2,5,0.6
InMN,1,3,4,0.25
InMP,2,1,3,0.67
InMS,0,5,5,0.0
InMb,1,0,1,1.0
InMh,2,1,3,0.67
InMj,1,0,1,1.0
InMl,1,0,1,1.0
InMm,3,1,4,0.75
InMn,1,2,3,0.33
InMs,1,0,1,1.0
InMt,1,2,3,0.33
InNB,2,2,4,0.5
InNL,0,1,1,0.0
InNM,2,5,7,0.29
InNN,2,4,6,0.33
InNP,3,4,7,0.43
InNS,2,2,4,0.5
InNb,0,0,0,
InNh,2,0,2,1.0
InNl,1,2,3,0.33
InNm,3,0,3,1.0
InNn,5,4,9,0.56
InNs,0,3,3,0.0
InNt,2,1,3,0.67
InPB,1,2,3,0.33
InPH,0,0,0,
InPI,1,0,1,1.0
InPK,1,0,1,1.0
InPL,1,0,1,1.0
InPM,4,3,7,0.57
InPN,1,3,4,0.25
InPP,5,2,7,0.71
InPS,1,2,3,0.33
InPb,4,5,9,0.44
InPl,0,1,1,0.0
InPm,4,2,6,0.67
InPn,1,5,6,0.17
InPs,6,1,7,0.86
InSB,2,0,2,1.0
InSD,1,0,1,1.0
InSH,0,1,1,0.0
InSL,2,1,3,0.67
InSN,2,2,4,0.5
InSP,3,1,4,0.75
InSS,4,2,6,0.67
InSb,2,0,2,1.0
InSh,1,0,1,1.0
InSl,0,1,1,0.0
InSn,0,1,1,0.0
InSs,2,0,2,1.0
InSt,0,1,1,0.0
InbB,2,5,7,0.29
InbH,1,0,1,1.0
InbL,0,1,1,0.0
InbM,2,3,5,0.4
InbN,3,2,5,0.6
InbP,2,2,4,0.5
InbS,1,3,4,0.25
Inbb,3,4,7,0.43
Inbl,4,1,5,0.8
Inbm,2,2,4,0.5
Inbn,0,3,3,0.0
Inbs,1,2,3,0.33
Inhm,1,0,1,1.0
InlB,0,1,1,0.0
InlH,2,1,3,0.67
InlL,1,0,1,1.0
InlM,3,0,3,1.0
InlN,1,0,1,1.0
InlP,2,1,3,0.67
InlS,0,1,1,0.0
Inlb,1,1,2,0.5
Inll,0,1,1,0.0
Inln,1,0,1,1.0
Inls,0,1,1,0.0
InmB,3,1,4,0.75
InmH,3,0,3,1.0
InmL,0,1,1,0.0
InmM,2,1,3,0.67
InmN,3,2,5,0.6
InmP,3,2,5,0.6
InmS,2,1,3,0.67
Inmb,2,0,2,1.0
Inml,1,0,1,1.0
Inmm,0,2,2,0.0
Inmn,1,1,2,0.5
Inms,1,1,2,0.5
InnB,0,0,0,
InnH,1,0,1,1.0
InnL,2,0,2,1.0
InnM,3,2,5,0.6
InnN,1,2,3,0.33
InnP,1,3,4,0.25
InnS,1,1,2,0.5
Innb,0,1,1,0.0
Innl,1,0,1,1.0
Innm,0,1,1,0.0
Innn,5,3,8,0.62
Inns,1,2,3,0.33
InsB,0,0,0,
InsH,2,1,3,0.67
InsL,0,1,1,0.0
InsM,3,2,5,0.6
InsN,2,0,2,1.0
InsP,1,3,4,0.25
InsS,1,0,1,1.0
Insb,3,0,3,1.0
Insl,1,0,1,1.0
Insm,1,2,3,0.33
Insn,4,3,7,0.57
Inss,0,0,0,
IsBB,1,2,3,0.33
IsBM,0,2,2,0.0
IsBN,0,2,2,0.0
IsBP,1,1,2,0.5
IsBS,0,1,1,0.0
IsBb,1,0,1,1.0
IsBh,1,0,1,1.0
IsBm,1,0,1,1.0
IsBn,0,0,0,
IsBs,1,0,1,1.0
IsDH,1,0,1,1.0
IsDM,0,0,0,
IsDN,1,0,1,1.0
IsDb,0,1,1,0.0
IsDn,0,1,1,0.0
IsDs,0,0,0,
IsHB,0,2,2,0.0
IsHI,0,0,0,
IsHM,2,1,3,0.67
IsHN,2,1,3,0.67
IsHP,0,1,1,0.0
IsHS,0,1,1,0.0
IsHb,2,2,4,0.5
IsHh,1,1,2,0.5
IsHm,0,2,2,0.0
IsHn,3,2,5,0.6
IsHs,1,1,2,0.5
IsHt,1,0,1,1.0
IsIP,0,0,0,
IsIS,0,1,1,0.0
IsIm,0,1,1,0.0
IsKm,0,1,1,0.0
IsLB,2,1,3,0.67
IsLM,0,1,1,0.0
IsLN,1,0,1,1.0
IsLP,1,1,2,0.5
IsLl,0,0,0,
IsLm,0,0,0,
IsLn,3,1,4,0.75
IsLs,2,1,3,0.67
IsMB,0,3,3,0.0
IsML,1,0,1,1.0
IsMM,2,1,3,0.67
IsMN,1,3,4,0.25
IsMP,1,2,3,0.33
IsMS,1,1,2,0.5
IsMh,2,1,3,0.67
IsMm,1,1,2,0.5
IsMn,3,1,4,0.75
IsMs,1,2,3,0.33
IsMt,0,1,1,0.0
IsNB,2,2,4,0.5
IsNH,1,1,2,0.5
IsNL,1,1,2,0.5
IsNM,3,1,4,0.75
IsNN,3,0,3,1.0
IsNb,1,0,1,1.0
IsNm,2,0,2,1.0
IsNn,1,0,1,1.0
IsNs,2,0,2,1.0
IsNt,1,1,2,0.5
IsPB,2,2,4,0.5
IsPI,0,0,0,
IsPL,1,1,2,0.5
IsPM,2,4,6,0.33
IsPN,1,2,3,0.33
IsPP,1,3,4,0.25
IsPS,1,2,3,0.33
IsPb,0,1,1,0.0
IsPl,1,0,1,1.0
IsPn,3,1,4,0.75
IsPs,1,1,2,0.5
IsPt,0,0,0,
IsSB,1,0,1,1.0
IsSH,1,1,2,0.5
IsSL,2,0,2,1.0
IsSM,1,1,2,0.5
IsSN,4,3,7,0.57
IsSP,0,0,0,
IsSS,0,1,1,0.0
IsSb,1,2,3,0.33
IsSh,0,1,1,0.0
IsSl,1,1,2,0.5
IsSm,1,2,3,0.33
IsSn,2,0,2,1.0
IsSs,2,1,3,0.67
IsbB,2,0,2,1.0
IsbH,1,1,2,0.5
IsbI,1,0,1,1.0
IsbL,2,1,3,0.67
IsbM,1,0,1,1.0
IsbN,0,1,1,0.0
IsbP,2,1,3,0.67
IsbS,1,1,2,0.5
Isbb,2,0,2,1.0
Isbl,0,1,1,0.0
Isbm,0,0,0,
Isbn,0,2,2,0.0
Isbs,0,0,0,
IslB,1,0,1,1.0
IslH,1,2,3,0.33
IslJ,0,2,2,0.0
IslM,1,1,2,0.5
IslP,1,1,2,0.5
IslS,0,1,1,0.0
Islb,0,0,0,
Isll,0,1,1,0.0
Isln,0,1,1,0.0
IsmB,2,2,4,0.5
IsmD,0,1,1,0.0
IsmJ,0,1,1,0.0
IsmM,3,2,5,0.6
IsmN,0,2,2,0.0
IsmP,1,3,4,0.25
IsmS,1,1,2,0.5
Ismb,2,2,4,0.5
Ismm,1,1,2,0.5
Ismn,0,0,0,
Isms,1,0,1,1.0
IsnB,2,0,2,1.0
IsnH,0,1,1,0.0
IsnL,1,1,2,0.5
IsnM,0,1,1,0.0
IsnN,0,0,0,
IsnP,2,1,3,0.67
IsnS,0,2,2,0.0
Isnb,0,1,1,0.0
Isnm,0,1,1,0.0
Isnn,1,0,1,1.0
Isns,0,1,1,0.0
IssB,0,2,2,0.0
IssD,0,1,1,0.0
IssH,0,2,2,0.0
IssK,0,0,0,
IssM,1,3,4,0.25
IssN,1,0,1,1.0
IssP,0,2,2,0.0
IssS,2,3,5,0.4
Issb,0,2,2,0.0
Issh,0,1,1,0.0
Issm,1,1,2,0.5
Issn,0,1,1,0.0
Isss,1,4,5,0.2
ItBD,0,0,0,
ItBb,0,1,1,0.0
ItDK,0,0,0,
ItDs,1,0,1,1.0
ItHN,1,1,2,0.5
ItHb,0,1,1,0.0
ItMP,1,0,1,1.0
ItNS,1,1,2,0.5
ItNn,0,1,1,0.0
ItPH,0,1,1,0.0
ItPL,0,0,0,
ItPh,1,0,1,1.0
ItPm,1,0,1,1.0
ItSM,1,0,1,1.0
ItSN,1,0,1,1.0
ItSs,1,0,1,1.0
ItmH,0,0,0,
ItmL,1,0,1,1.0
Itmm,0,1,1,0.0
ItnI,0,0,0,
ItnP,0,1,1,0.0
ItnS,0,0,0,
Itnt,1,0,1,1.0
ItsS,1,0,1,1.0
Itsn,0,0,0,
JBBB,1,2,3,0.33
JBBL,3,2,5,0.6
JBBM,0,2,2,0.0
JBBN,2,5,7,0.29
JBBP,1,1,2,0.5
JBBb,2,0,2,1.0
JBBh,0,1,1,0.0
JBBj,0,0,0,
JBBl,1,2,3,0.33
JBBm,0,3,3,0.0
JBBn,5,4,9,0.56
JBBs,0,0,0,
JBBt,0,0,0,
JBDs,1,0,1,1.0
JBIn,0,0,0,
JBKH,1,0,1,1.0
JBKM,1,0,1,1.0
JBKP,0,1,1,0.0
JBKs,1,0,1,1.0
JBLB,0,0,0,
JBLD,0,1,1,0.0
JBLM,1,1,2,0.5
JBLP,0,1,1,0.0
JBLb,0,1,1,0.0
JBLh,1,0,1,1.0
JBLj,2,0,2,1.0
JBLl,2,0,2,1.0
JBLm,2,0,2,1.0
JBLs,1,0,1,1.0
JBLt,1,0,1,1.0
JBMB,1,1,2,0.5
JBML,1,1,2,0.5
JBMN,0,1,1,0.0
JBMP,1,0,1,1.0
JBMS,1,3,4,0.25
JBMb,0,4,4,0.0
JBMh,1,2,3,0.33
JBMj,1,0,1,1.0
JBMl,0,2,2,0.0
JBMm,2,4,6,0.33
JBMn,1,3,4,0.25
JBMs,0,2,2,0.0
JBMt,0,0,0,
JBNB,2,1,3,0.67
JBND,0,1,1,0.0
JBNH,1,0,1,1.0
JBNL,0,2,2,0.0
JBNM,0,2,2,0.0
JBNN,3,3,6,0.5
JBNP,0,2,2,0.0
JBNS,4,1,5,0.8
JBNb,0,1,1,0.0
JBNl,2,1,3,0.67
JBNm,1,1,2,0.5
JBNn,4,2,6,0.67
JBNs,1,2,3,0.33
JBNt,0,1,1,0.0
JBPB,3,3,6,0.5
JBPD,0,1,1,0.0
JBPH,0,1,1,0.0
JBPL,0,0,0,
JBPM,2,2,4,0.5
JBPN,2,0,2,1.0
JBPP,2,1,3,0.67
JBPS,1,2,3,0.33
JBPb,2,1,3,0.67
JBPl,1,1,2,0.5
JBPm,2,2,4,0.5
JBPn,2,4,6,0.33
JBPs,0,2,2,0.0
JBSB,0,1,1,0.0
JBSH,1,1,2,0.5
JBSL,0,0,0,
JBSM,1,1,2,0.5
JBSN,0,1,1,0.0
JBSP,1,1,2,0.5
JBSb,0,4,4,0.0
JBSh,1,0,1,1.0
JBSl,1,0,1,1.0
JBSm,0,2,2,0.0
JBSn,3,2,5,0.6
JBbB,2,0,2,1.0
JBbI,1,0,1,1.0
JBbL,0,2,2,0.0
JBbM,1,2,3,0.33
JBbN,2,1,3,0.67
JBbP,5,3,8,0.62
JBbS,1,2,3,0.33
JBbb,4,2,6,0.67
JBbl,0,1,1,0.0
JBbn,2,1,3,0.67
JBhH,0,0,0,
JBhb,0,2,2,0.0
JBhn,1,0,1,1.0
JBjB,1,0,1,1.0
JBjK,0,1,1,0.0
JBjN,0,1,1,0.0
JBjP,1,0,1,1.0
JBjS,0,1,1,0.0
JBjb,1,1,2,0.5
JBjh,1,1,2,0.5
JBjl,0,1,1,0.0
JBjm,1,0,1,1.0
JBjs,0,1,1,0.0
JBjt,1,1,2,0.5
JBlB,0,0,0,
JBlH,0,2,2,0.0
JBlI,0,1,1,0.0
JBlM,1,1,2,0.5
JBlN,1,1,2,0.5
JBlP,1,0,1,1.0
JBlS,1,0,1,1.0
JBlb,1,1,2,0.5
JBlm,2,0,2,1.0
JBls,0,1,1,0.0
JBmB,2,2,4,0.5
JBmH,2,3,5,0.4
JBmJ,0,1,1,0.0
JBmL,0,0,0,
JBmN,1,1,2,0.5
JBmP,2,1,3,0.67
JBmS,0,1,1,0.0
JBml,3,0,3,1.0
JBmm,1,0,1,1.0
JBmn,3,0,3,1.0
JBnB,3,0,3,1.0
JBnH,1,2,3,0.33
JBnK,0,1,1,0.0
JBnL,2,2,4,0.5
JBnM,2,2,4,0.5
JBnN,2,6,8,0.25
JBnP,1,6,7,0.14
JBnS,0,3,3,0.0
JBnb,2,2,4,0.5
JBnl,1,2,3,0.33
JBnm,2,1,3,0.67
JBnn,4,1,5,0.8
JBns,2,0,2,1.0
JBsB,0,1,1,0.0
JBsH,1,1,2,0.5
JBsM,1,1,2,0.5
JBsN,0,2,2,0.0
JBsP,1,2,3,0.33
JBsS,0,1,1,0.0
JBsb,2,0,2,1.0
JBsl,0,0,0,
JBsm,2,2,4,0.5
JBsn,2,2,4,0.5
JBtH,1,0,1,1.0
JBtL,0,2,2,0.0
JBtM,0,1,1,0.0
JBtN,0,1,1,0.0
JBtP,2,0,2,1.0
JDBm,0,1,1,0.0
JDHL,0,1,1,0.0
JDHM,1,0,1,1.0
JDHP,0,1,1,0.0
JDHh,1,0,1,1.0
JDLN,1,0,1,1.0
JDLj,1,0,1,1.0
JDMN,0,1,1,0.0
JDMP,0,1,1,0.0
JDMb,0,0,0,
JDMl,1,0,1,1.0
JDNh,0,1,1,0.0
JDPM,1,0,1,1.0
JDSB,0,1,1,0.0
JDSL,0,1,1,0.0
JDSh,0,1,1,0.0
JDSs,1,1,2,0.5
JDbM,0,0,0,
JDbP,1,0,1,1.0
JDhn,1,0,1,1.0
JDlH,0,1,1,0.0
JDls,0,0,0,
JDmM,0,1,1,0.0
JDsS,1,0,1,1.0
JHBM,1,1,2,0.5
JHBP,4,1,5,0.8
JHBb,1,0,1,1.0
JHBm,0,1,1,0.0
JHBs,1,1,2,0.5
JHBt,1,0,1,1.0
JHDP,1,0,1,1.0
JHDm,1,0,1,1.0
JHHB,0,1,1,0.0
JHHL,1,0,1,1.0
JHHh,0,0,0,
JHHt,0,1,1,0.0
JHII,0,1,1,0.0
JHIP,1,0,1,1.0
JHKm,0,1,1,0.0
JHKn,1,1,2,0.5
JHLB,0,1,1,0.0
JHLM,0,2,2,0.0
JHLP,0,1,1,0.0
JHLb,0,1,1,0.0
JHLm,1,0,1,1.0
JHLn,1,1,2,0.5
JHLs,1,1,2,0.5
JHMB,0,1,1,0.0
JHMM,1,1,2,0.5
JHMN,2,1,3,0.67
JHMP,1,1,2,0.5
JHMS,1,1,2,0.5
JHMb,1,1,2,0.5
JHMh,1,0,1,1.0
JHMj,2,1,3,0.67
JHMl,1,1,2,0.5
JHMm,2,1,3,0.67
JHMn,1,0,1,1.0
JHNB,1,1,2,0.5
JHNN,2,1,3,0.67
JHNP,1,1,2,0.5
JHNh,1,1,2,0.5
JHNl,1,1,2,0.5
JHNm,2,0,2,1.0
JHNs,1,0,1,1.0
JHNt,0,1,1,0.0
JHPB,1,1,2,0.5
JHPH,1,0,1,1.0
JHPK,0,0,0,
JHPL,1,0,1,1.0
JHPM,2,0,2,1.0
JHPN,4,0,4,1.0
JHPP,3,1,4,0.75
JHPS,0,1,1,0.0
JHPb,0,2,2,0.0
JHPh,1,0,1,1.0
JHPl,1,0,1,1.0
JHPm,3,1,4,0.75
JHPn,1,2,3,0.33
JHPs,1,0,1,1.0
JHSB,1,1,2,0.5
JHSM,1,0,1,1.0
JHSS,1,3,4,0.25
JHSb,1,2,3,0.33
JHSl,2,1,3,0.67
JHSm,0,1,1,0.0
JHSn,1,0,1,1.0
JHSs,0,3,3,0.0
JHbB,1,0,1,1.0
JHbH,1,0,1,1.0
JHbK,0,1,1,0.0
JHbM,1,1,2,0.5
JHbN,1,2,3,0.33
JHbP,1,0,1,1.0
JHbS,0,1,1,0.0
JHbb,1,3,4,0.25
JHbm,3,1,4,0.75
JHbn,1,0,1,1.0
JHbs,2,0,2,1.0
JHhB,1,0,1,1.0
JHhM,1,1,2,0.5
JHhP,0,2,2,0.0
JHhb,0,1,1,0.0
JHhh,1,0,1,1.0
JHhl,0,1,1,0.0
JHlH,0,0,0,
JHlJ,0,1,1,0.0
JHlM,0,1,1,0.0
JHlN,0,3,3,0.0
JHlb,1,0,1,1.0
JHln,0,1,1,0.0
JHls,0,1,1,0.0
JHmB,3,0,3,1.0
JHmD,0,1,1,0.0
JHmH,0,1,1,0.0
JHmM,1,3,4,0.25
JHmN,0,1,1,0.0
JHmm,1,1,2,0.5
JHms,0,1,1,0.0
JHnB,0,4,4,0.0
JHnD,0,1,1,0.0
JHnH,0,1,1,0.0
JHnI,0,1,1,0.0
JHnL,0,1,1,0.0
JHnM,2,1,3,0.67
JHnN,0,1,1,0.0
JHnP,1,1,2,0.5
JHnS,0,1,1,0.0
JHnb,3,1,4,0.75
JHnh,0,1,1,0.0
JHnm,1,2,3,0.33
JHnn,4,0,4,1.0
JHns,1,0,1,1.0
JHsB,1,1,2,0.5
JHsH,1,0,1,1.0
JHsN,0,1,1,0.0
JHsP,1,0,1,1.0
JHsS,0,2,2,0.0
JHsb,2,0,2,1.0
JHsm,0,2,2,0.0
JHsn,0,0,0,
JHss,1,0,1,1.0
JHtB,1,0,1,1.0
JIBB,0,1,1,0.0
JIBN,0,1,1,0.0
JIBm,0,1,1,0.0
JIBn,1,0,1,1.0
JIDH,1,0,1,1.0
JIHM,0,1,1,0.0
JIHh,0,1,1,0.0
JIHm,0,1,1,0.0
JIHs,0,1,1,0.0
JILP,0,1,1,0.0
JILS,1,0,1,1.0
JILb,0,1,1,0.0
JILs,1,0,1,1.0
JIMM,1,0,1,1.0
JIMP,0,1,1,0.0
JIMh,0,1,1,0.0
JIMl,1,0,1,1.0
JINS,0,0,0,
JINh,0,1,1,0.0
JINm,1,0,1,1.0
JINn,0,0,0,
JIPB,0,0,0,
JIPL,1,0,1,1.0
JIPM,1,1,2,0.5
JIPP,0,1,1,0.0
JIPb,0,1,1,0.0
JIPt,0,0,0,
JISL,0,1,1,0.0
JISS,1,0,1,1.0
JISh,1,0,1,1.0
JISm,0,1,1,0.0
JIbI,0,1,1,0.0
JIbM,0,1,1,0.0
JIbP,1,0,1,1.0
JIbb,0,1,1,0.0
JIbn,0,2,2,0.0
JIlI,0,1,1,0.0
JIlM,0,1,1,0.0
JImL,0,1,1,0.0
JImM,1,0,1,1.0
JInP,1,0,1,1.0
JInb,1,0,1,1.0
JIsm,0,0,0,
JIsn,1,0,1,1.0
JKBb,1,2,3,0.33
JKHm,0,1,1,0.0
JKMB,1,0,1,1.0
JKMP,0,1,1,0.0
JKMS,0,1,1,0.0
JKMl,1,0,1,1.0
JKMs,1,0,1,1.0
JKNP,1,0,1,1.0
JKNl,1,0,1,1.0
JKNm,1,0,1,1.0
JKPH,1,0,1,1.0
JKPL,0,2,2,0.0
JKPM,2,0,2,1.0
JKPS,0,1,1,0.0
JKPb,1,0,1,1.0
JKPn,2,0,2,1.0
JKSH,0,1,1,0.0
JKSL,0,1,1,0.0
JKSl,0,1,1,0.0
JKbM,0,1,1,0.0
JKbn,0,1,1,0.0
JKhS,0,0,0,
JKhl,0,1,1,0.0
JKhn,0,1,1,0.0
JKht,0,1,1,0.0
JKll,0,1,1,0.0
JKmM,0,0,0,
JKmN,0,1,1,0.0
JKml,1,0,1,1.0
JKmm,0,1,1,0.0
JKnM,1,0,1,1.0
JKnN,0,1,1,0.0
JKnS,1,1,2,0.5
JKnb,1,0,1,1.0
JKnm,1,0,1,1.0
JKsB,0,0,0,
JLBL,0,0,0,
JLBM,1,1,2,0.5
JLBN,0,5,5,0.0
JLBP,0,1,1,0.0
JLBb,1,0,1,1.0
JLBj,1,0,1,1.0
JLBm,1,0,1,1.0
JLBn,2,2,4,0.5
JLDB,0,1,1,0.0
JLDN,1,0,1,1.0
JLDP,0,1,1,0.0
JLDb,0,1,1,0.0
JLLB,0,1,1,0.0
JLLL,0,1,1,0.0
JLLM,0,3,3,0.0
JLLN,1,1,2,0.5
JLLS,1,1,2,0.5
JLLb,0,1,1,0.0
JLLh,0,1,1,0.0
JLLj,1,0,1,1.0
JLLm,1,2,3,0.33
JLLn,0,0,0,
JLMB,0,2,2,0.0
JLML,1,1,2,0.5
JLMM,1,1,2,0.5
JLMN,1,0,1,1.0
JLMP,0,2,2,0.0
JLMS,0,2,2,0.0
JLMb,0,3,3,0.0
JLMh,0,3,3,0.0
JLMj,1,0,1,1.0
JLMl,1,0,1,1.0
JLMm,0,1,1,0.0
JLMn,1,3,4,0.25
JLMs,0,3,3,0.0
JLMt,0,1,1,0.0
JLNB,0,2,2,0.0
JLNL,1,1,2,0.5
JLNM,2,1,3,0.67
JLNN,1,2,3,0.33
JLNP,0,0,0,
JLNh,0,1,1,0.0
JLNm,1,2,3,0.33
JLNn,0,2,2,0.0
JLPB,0,1,1,0.0
JLPK,0,0,0,
JLPM,0,1,1,0.0
JLPN,1,0,1,1.0
JLPP,2,1,3,0.67
JLPS,3,1,4,0.75
JLPb,3,0,3,1.0
JLPl,1,1,2,0.5
JLPm,1,0,1,1.0
JLPn,2,0,2,1.0
JLPs,2,3,5,0.4
JLSB,0,1,1,0.0
JLSH,1,0,1,1.0
JLSL,0,1,1,0.0
JLSM,0,1,1,0.0
JLSN,0,1,1,0.0
JLSP,2,3,5,0.4
JLSS,0,1,1,0.0
JLSh,1,0,1,1.0
JLSl,0,1,1,0.0
JLSm,3,4,7,0.43
JLSt,1,0,1,1.0
JLbB,1,2,3,0.33
JLbD,1,0,1,1.0
JLbH,1,0,1,1.0
JLbJ,0,1,1,0.0
JLbL,1,0,1,1.0
JLbM,2,1,3,0.67
JLbN,0,2,2,0.0
JLbP,0,4,4,0.0
JLbS,0,2,2,0.0
JLbb,1,2,3,0.33
JLbm,0,1,1,0.0
JLbn,0,2,2,0.0
JLbs,0,1,1,0.0
JLhP,0,1,1,0.0
JLhS,1,1,2,0.5
JLhh,0,1,1,0.0
JLhm,1,2,3,0.33
JLhs,1,0,1,1.0
JLjB,1,0,1,1.0
JLjL,1,1,2,0.5
JLjb,1,0,1,1.0
JLjl,0,1,1,0.0
JLlB,1,0,1,1.0
JLlH,0,1,1,0.0
JLlM,0,3,3,0.0
JLlN,1,2,3,0.33
JLlP,0,1,1,0.0
JLlS,0,0,0,
JLlb,0,1,1,0.0
JLll,0,1,1,0.0
JLln,0,1,1,0.0
JLls,1,0,1,1.0
JLmB,1,0,1,1.0
JLmI,0,1,1,0.0
JLmL,1,0,1,1.0
JLmM,2,0,2,1.0
JLmN,1,1,2,0.5
JLmP,1,1,2,0.5
JLmS,0,1,1,0.0
JLmm,2,0,2,1.0
JLmn,0,1,1,0.0
JLms,1,0,1,1.0
JLnB,1,0,1,1.0
JLnH,0,0,0,
JLnL,0,1,1,0.0
JLnN,3,1,4,0.75
JLnP,0,0,0,
JLnS,0,1,1,0.0
JLnb,1,3,4,0.25
JLnm,2,2,4,0.5
JLnn,0,2,2,0.0
JLns,1,1,2,0.5
JLsB,1,0,1,1.0
JLsH,1,0,1,1.0
JLsI,1,0,1,1.0
JLsM,0,1,1,0.0
JLsN,0,0,0,
JLsP,0,1,1,0.0
JLsS,0,0,0,
JLsb,0,1,1,0.0
JLsl,1,1,2,0.5
JLsn,1,1,2,0.5
JLss,0,1,1,0.0
JLtM,1,1,2,0.5
JLtP,0,1,1,0.0
JMBK,0,1,1,0.0
JMBM,3,3,6,0.5
JMBN,1,0,1,1.0
JMBP,1,3,4,0.25
JMBS,4,0,4,1.0
JMBb,2,2,4,0.5
JMBl,3,2,5,0.6
JMBm,1,1,2,0.5
JMBn,4,2,6,0.67
JMBs,1,1,2,0.5
JMDP,1,0,1,1.0
JMDS,2,0,2,1.0
JMDb,0,1,1,0.0
JMDs,1,0,1,1.0
JMLB,0,0,0,
JMLL,1,0,1,1.0
JMLM,2,2,4,0.5
JMLN,0,1,1,0.0
JMLP,2,1,3,0.67
JMLS,2,1,3,0.67
JMLb,2,1,3,0.67
JMLl,1,2,3,0.33
JMLm,3,1,4,0.75
JMLn,2,1,3,0.67
JMLs,2,0,2,1.0
JMLt,1,0,1,1.0
JMMB,2,0,2,1.0
JMMD,0,1,1,0.0
JMML,0,0,0,
JMMM,0,4,4,0.0
JMMN,1,2,3,0.33
JMMP,3,2,5,0.6
JMMS,1,3,4,0.25
JMMb,0,1,1,0.0
JMMh,1,1,2,0.5
JMMl,1,0,1,1.0
JMMm,0,5,5,0.0
JMMn,2,2,4,0.5
JMMs,2,2,4,0.5
JMMt,0,0,0,
JMNB,1,0,1,1.0
JMNH,0,0,0,
JMNL,0,1,1,0.0
JMNM,2,3,5,0.4
JMNN,2,2,4,0.5
JMNP,3,3,6,0.5
JMNS,2,0,2,1.0
JMNb,4,2,6,0.67
JMNh,0,2,2,0.0
JMNl,0,0,0,
JMNm,1,1,2,0.5
JMNn,4,4,8,0.5
JMNs,1,1,2,0.5
JMNt,1,0,1,1.0
JMPB,1,1,2,0.5
JMPH,1,0,1,1.0
JMPK,1,1,2,0.5
JMPL,3,3,6,0.5
JMPM,5,3,8,0.62
JMPN,0,2,2,0.0
JMPP,4,4,8,0.5
JMPS,2,4,6,0.33
JMPb,3,5,8,0.38
JMPl,2,1,3,0.67
JMPm,0,2,2,0.0
JMPn,4,3,7,0.57
JMPs,1,1,2,0.5
JMSB,2,1,3,0.67
JMSH,0,2,2,0.0
JMSL,1,1,2,0.5
JMSM,0,2,2,0.0
JMSN,0,4,4,0.0
JMSP,4,4,8,0.5
JMSS,1,2,3,0.33
JMSb,3,3,6,0.5
JMSh,1,2,3,0.33
JMSl,0,0,0,
JMSm,1,1,2,0.5
JMSn,1,2,3,0.33
JMSs,1,0,1,1.0
JMSt,0,1,1,0.0
JMbB,1,0,1,1.0
JMbD,0,1,1,0.0
JMbI,0,0,0,
JMbK,0,0,0,
JMbL,1,1,2,0.5
JMbM,3,3,6,0.5
JMbN,3,3,6,0.5
JMbP,3,1,4,0.75
JMbS,1,0,1,1.0
JMbb,2,2,4,0.5
JMbl,1,2,3,0.33
JMbm,0,2,2,0.0
JMbn,0,2,2,0.0
JMbs,0,1,1,0.0
JMhB,1,2,3,0.33
JMhD,0,0,0,
JMhH,0,1,1,0.0
JMhK,0,1,1,0.0
JMhL,2,0,2,1.0
JMhM,1,2,3,0.33
JMhN,2,2,4,0.5
JMhP,3,1,4,0.75
JMhS,1,1,2,0.5
JMhb,1,0,1,1.0
JMhh,0,2,2,0.0
JMhl,0,1,1,0.0
JMhm,0,2,2,0.0
JMhn,1,3,4,0.25
JMhs,0,2,2,0.0
JMjB,0,1,1,0.0
JMjN,2,2,4,0.5
JMjP,0,1,1,0.0
JMjh,0,1,1,0.0
JMjm,1,0,1,1.0
JMjn,1,1,2,0.5
JMjt,0,1,1,0.0
JMlB,2,0,2,1.0
JMlH,0,1,1,0.0
JMlI,0,0,0,
JMlL,1,0,1,1.0
JMlM,0,2,2,0.0
JMlN,1,2,3,0.33
JMlP,1,3,4,0.25
JMlS,2,1,3,0.67
JMlb,1,2,3,0.33
JMll,0,0,0,
JMlm,2,0,2,1.0
JMln,0,1,1,0.0
JMmB,2,0,2,1.0
JMmH,3,1,4,0.75
JMmL,0,0,0,
JMmM,2,2,4,0.5
JMmN,5,7,12,0.42
JMmP,5,4,9,0.56
JMmS,2,3,5,0.4
JMmb,1,1,2,0.5
JMml,1,0,1,1.0
JMmm,4,1,5,0.8
JMmn,2,2,4,0.5
JMnB,3,4,7,0.43
JMnD,1,0,1,1.0
JMnH,2,1,3,0.67
JMnI,1,1,2,0.5
JMnL,0,3,3,0.0
JMnM,3,2,5,0.6
JMnN,4,6,10,0.4
JMnP,3,4,7,0.43
JMnS,2,3,5,0.4
JMnb,4,2,6,0.67
JMnh,1,0,1,1.0
JMnl,0,2,2,0.0
JMnm,2,0,2,1.0
JMnn,3,1,4,0.75
JMns,1,0,1,1.0
JMsD,0,1,1,0.0
JMsH,5,2,7,0.71
JMsM,0,3,3,0.0
JMsN,1,2,3,0.33
JMsP,5,2,7,0.71
JMsS,0,3,3,0.0
JMsl,2,1,3,0.67
JMsm,1,1,2,0.5
JMsn,0,1,1,0.0
JMss,1,1,2,0.5
JMtH,0,1,1,0.0
JMtL,0,0,0,
JMtN,1,0,1,1.0
JMtP,0,1,1,0.0
JMtS,1,0,1,1.0
JMtb,1,0,1,1.0
JMtn,2,0,2,1.0
JNBK,1,0,1,1.0
JNBM,1,1,2,0.5
JNBN,3,4,7,0.43
JNBP,0,4,4,0.0
JNBS,2,1,3,0.67
JNBb,1,3,4,0.25
JNBj,1,1,2,0.5
JNBl,2,0,2,1.0
JNBm,1,2,3,0.33
JNBn,2,2,4,0.5
JNBs,0,1,1,0.0
JNDN,0,1,1,0.0
JNDm,1,0,1,1.0
JNDs,1,0,1,1.0
JNHM,1,0,1,1.0
JNHN,0,1,1,0.0
JNHP,0,1,1,0.0
JNHS,1,0,1,1.0
JNHb,0,1,1,0.0
JNHl,0,1,1,0.0
JNHn,1,0,1,1.0
JNHs,2,0,2,1.0
JNKB,0,1,1,0.0
JNKM,0,1,1,0.0
JNKn,0,2,2,0.0
JNKs,0,0,0,
JNLB,1,2,3,0.33
JNLL,0,1,1,0.0
JNLM,1,0,1,1.0
JNLN,0,1,1,0.0
JNLP,2,1,3,0.67
JNLS,0,1,1,0.0
JNLb,1,1,2,0.5
JNLh,2,0,2,1.0
JNLj,0,1,1,0.0
JNLl,1,0,1,1.0
JNLn,0,3,3,0.0
JNLs,2,1,3,0.67
JNMB,0,2,2,0.0
JNML,0,1,1,0.0
JNMM,1,3,4,0.25
JNMN,1,2,3,0.33
JNMP,6,1,7,0.86
JNMS,2,3,5,0.4
JNMb,1,5,6,0.17
JNMh,0,1,1,0.0
JNMj,2,0,2,1.0
JNMl,1,0,1,1.0
JNMm,1,5,6,0.17
JNMn,6,4,10,0.6
JNMs,1,1,2,0.5
JNMt,1,0,1,1.0
JNNB,7,2,9,0.78
JNNH,1,0,1,1.0
JNNK,0,0,0,
JNNL,0,1,1,0.0
JNNM,5,5,10,0.5
JNNN,3,2,5,0.6
JNNP,4,3,7,0.57
JNNS,4,0,4,1.0
JNNb,1,1,2,0.5
JNNh,0,1,1,0.0
JNNl,3,0,3,1.0
JNNm,1,4,5,0.2
JNNn,1,3,4,0.25
JNNs,1,2,3,0.33
JNPB,2,2,4,0.5
JNPD,0,1,1,0.0
JNPH,0,2,2,0.0
JNPK,0,1,1,0.0
JNPL,3,3,6,0.5
JNPM,1,1,2,0.5
JNPN,5,5,10,0.5
JNPP,6,3,9,0.67
JNPS,4,4,8,0.5
JNPb,2,5,7,0.29
JNPh,0,1,1,0.0
JNPl,1,2,3,0.33
JNPm,2,3,5,0.4
JNPn,6,3,9,0.67
JNPs,2,2,4,0.5
JNSB,1,2,3,0.33
JNSH,0,0,0,
JNSL,1,1,2,0.5
JNSM,1,2,3,0.33
JNSN,1,1,2,0.5
JNSP,0,2,2,0.0
JNSS,1,1,2,0.5
JNSb,0,0,0,
JNSh,1,3,4,0.25
JNSl,1,0,1,1.0
JNSm,0,2,2,0.0
JNSn,0,1,1,0.0
JNSs,1,2,3,0.33
JNSt,0,1,1,0.0
JNbB,0,1,1,0.0
JNbD,0,1,1,0.0
JNbJ,0,1,1,0.0
JNbL,1,0,1,1.0
JNbM,1,5,6,0.17
JNbN,3,7,10,0.3
JNbP,3,3,6,0.5
JNbS,1,0,1,1.0
JNbb,2,1,3,0.67
JNbl,1,2,3,0.33
JNbm,1,0,1,1.0
JNbn,3,3,6,0.5
JNbs,0,1,1,0.0
JNhB,1,2,3,0.33
JNhM,1,1,2,0.5
JNhN,0,1,1,0.0
JNhP,1,1,2,0.5
JNhS,0,1,1,0.0
JNhb,1,1,2,0.5
JNhh,2,1,3,0.67
JNhn,2,2,4,0.5
JNhs,0,1,1,0.0
JNlB,1,2,3,0.33
JNlH,0,1,1,0.0
JNlI,0,1,1,0.0
JNlJ,1,1,2,0.5
JNlL,1,0,1,1.0
JNlM,3,1,4,0.75
JNlN,3,3,6,0.5
JNlP,1,3,4,0.25
JNlS,2,0,2,1.0
JNlb,1,0,1,1.0
JNlm,1,0,1,1.0
JNln,0,2,2,0.0
JNls,2,0,2,1.0
JNmB,2,1,3,0.67
JNmD,0,1,1,0.0
JNmH,1,0,1,1.0
JNmJ,0,1,1,0.0
JNmL,1,0,1,1.0
JNmM,0,1,1,0.0
JNmN,4,1,5,0.8
JNmP,1,2,3,0.33
JNmS,0,0,0,
JNmb,2,3,5,0.4
JNml,0,0,0,
JNmm,0,1,1,0.0
JNmn,1,2,3,0.33
JNms,0,1,1,0.0
JNnB,3,3,6,0.5
JNnD,1,0,1,1.0
JNnH,0,2,2,0.0
JNnL,1,3,4,0.25
JNnM,4,1,5,0.8
JNnN,8,2,10,0.8
JNnP,3,10,13,0.23
JNnS,1,1,2,0.5
JNnb,2,6,8,0.25
JNnl,2,0,2,1.0
JNnm,4,1,5,0.8
JNnn,3,2,5,0.6
JNns,2,1,3,0.67
JNsB,1,1,2,0.5
JNsH,3,2,5,0.6
JNsL,0,1,1,0.0
JNsM,2,1,3,0.67
JNsN,1,0,1,1.0
JNsP,2,3,5,0.4
JNsS,1,1,2,0.5
JNsb,1,2,3,0.33
JNsl,0,1,1,0.0
JNsm,1,1,2,0.5
JNsn,1,0,1,1.0
JNtL,0,1,1,0.0
JNtM,0,2,2,0.0
JNtN,1,0,1,1.0
JNtP,0,1,1,0.0
JNtS,0,1,1,0.0
JNtb,1,1,2,0.5
JNth,0,1,1,0.0
JNtm,0,0,0,
JNtn,1,0,1,1.0
JNtt,0,1,1,0.0
JPBB,1,6,7,0.14
JPBK,0,1,1,0.0
JPBL,1,3,4,0.25
JPBM,4,7,11,0.36
JPBN,4,0,4,1.0
JPBP,2,4,6,0.33
JPBS,1,2,3,0.33
JPBb,1,3,4,0.25
JPBj,1,1,2,0.5
JPBm,7,1,8,0.88
JPBn,5,3,8,0.62
JPBs,2,0,2,1.0
JPBt,1,0,1,1.0
JPDB,0,1,1,0.0
JPDM,0,1,1,0.0
JPHK,0,1,1,0.0
JPHM,3,2,5,0.6
JPHN,0,1,1,0.0
JPHP,0,1,1,0.0
JPHS,1,0,1,1.0
JPHh,0,2,2,0.0
JPHm,0,0,0,
JPHn,1,2,3,0.33
JPHs,0,2,2,0.0
JPIS,0,1,1,0.0
JPIm,0,1,1,0.0
JPKM,0,1,1,0.0
JPKN,0,1,1,0.0
JPKP,0,0,0,
JPKS,1,0,1,1.0
JPKh,1,0,1,1.0
JPKm,1,0,1,1.0
JPKs,1,0,1,1.0
JPLB,1,2,3,0.33
JPLK,1,0,1,1.0
JPLL,1,0,1,1.0
JPLM,1,2,3,0.33
JPLN,1,0,1,1.0
JPLP,3,3,6,0.5
JPLS,2,0,2,1.0
JPLb,0,2,2,0.0
JPLh,0,2,2,0.0
JPLl,0,3,3,0.0
JPLm,2,0,2,1.0
JPLn,1,3,4,0.25
JPLs,1,0,1,1.0
JPMB,3,2,5,0.6
JPMD,0,2,2,0.0
JPML,1,1,2,0.5
JPMM,3,4,7,0.43
JPMN,0,1,1,0.0
JPMP,2,6,8,0.25
JPMS,2,1,3,0.67
JPMb,5,3,8,0.62
JPMh,6,2,8,0.75
JPMl,0,1,1,0.0
JPMm,3,5,8,0.38
JPMn,1,2,3,0.33
JPMs,2,3,5,0.4
JPMt,0,2,2,0.0
JPNB,3,1,4,0.75
JPNK,1,1,2,0.5
JPNL,1,4,5,0.2
JPNM,2,6,8,0.25
JPNN,2,3,5,0.4
JPNP,8,5,13,0.62
JPNS,1,1,2,0.5
JPNb,2,4,6,0.33
JPNh,3,0,3,1.0
JPNl,1,0,1,1.0
JPNm,3,3,6,0.5
JPNn,2,2,4,0.5
JPNs,3,1,4,0.75
JPNt,2,0,2,1.0
JPPB,2,3,5,0.4
JPPH,1,0,1,1.0
JPPI,2,1,3,0.67
JPPK,1,0,1,1.0
JPPL,3,1,4,0.75
JPPM,7,7,14,0.5
JPPN,5,9,14,0.36
JPPP,13,9,22,0.59
JPPS,3,7,10,0.3
JPPb,8,6,14,0.57
JPPh,0,1,1,0.0
JPPl,4,7,11,0.36
JPPm,4,4,8,0.5
JPPn,2,6,8,0.25
JPPs,2,1,3,0.67
JPSB,1,1,2,0.5
JPSH,2,0,2,1.0
JPSL,0,3,3,0.0
JPSM,3,3,6,0.5
JPSN,2,1,3,0.67
JPSP,1,5,6,0.17
JPSS,4,0,4,1.0
JPSb,1,2,3,0.33
JPSh,0,1,1,0.0
JPSl,2,0,2,1.0
JPSm,2,2,4,0.5
JPSn,2,2,4,0.5
JPSs,3,4,7,0.43
JPSt,1,0,1,1.0
JPbB,6,5,11,0.55
JPbH,1,2,3,0.33
JPbI,1,0,1,1.0
JPbJ,2,0,2,1.0
JPbL,3,1,4,0.75
JPbM,3,6,9,0.33
JPbN,4,3,7,0.57
JPbP,6,5,11,0.55
JPbS,1,1,2,0.5
JPbb,3,2,5,0.6
JPbl,3,4,7,0.43
JPbm,7,0,7,1.0
JPbn,2,2,4,0.5
JPbs,0,2,2,0.0
JPhB,0,1,1,0.0
JPhP,1,1,2,0.5
JPhb,1,0,1,1.0
JPhh,1,0,1,1.0
JPhl,0,1,1,0.0
JPhm,1,0,1,1.0
JPlB,4,1,5,0.8
JPlH,1,3,4,0.25
JPlI,0,1,1,0.0
JPlJ,0,0,0,
JPlL,0,1,1,0.0
JPlM,1,2,3,0.33
JPlN,0,1,1,0.0
JPlP,3,4,7,0.43
JPlS,1,0,1,1.0
JPlb,2,4,6,0.33
JPll,2,0,2,1.0
JPlm,1,1,2,0.5
JPln,0,2,2,0.0
JPls,2,1,3,0.67
JPmB,2,1,3,0.67
JPmH,2,4,6,0.33
JPmJ,1,1,2,0.5
JPmL,2,1,3,0.67
JPmM,1,1,2,0.5
JPmN,2,4,6,0.33
JPmP,6,7,13,0.46
JPmS,1,0,1,1.0
JPmb,1,5,6,0.17
JPml,3,2,5,0.6
JPmm,1,1,2,0.5
JPmn,2,2,4,0.5
JPms,1,0,1,1.0
JPnB,2,1,3,0.67
JPnH,0,1,1,0.0
JPnL,1,0,1,1.0
JPnM,4,5,9,0.44
JPnN,4,4,8,0.5
JPnP,2,9,11,0.18
JPnS,1,0,1,1.0
JPnb,4,2,6,0.67
JPnl,1,0,1,1.0
JPnm,1,1,2,0.5
JPnn,3,1,4,0.75
JPns,2,3,5,0.4
JPsB,1,3,4,0.25
JPsD,0,0,0,
JPsH,2,2,4,0.5
JPsI,0,1,1,0.0
JPsK,0,1,1,0.0
JPsL,0,2,2,0.0
JPsM,2,4,6,0.33
JPsN,3,0,3,1.0
JPsP,2,2,4,0.5
JPsS,1,2,3,0.33
JPsb,2,1,3,0.67
JPsl,2,0,2,1.0
JPsm,3,0,3,1.0
JPsn,2,2,4,0.5
JPss,1,3,4,0.25
JPtB,0,1,1,0.0
JPtM,0,1,1,0.0
JPtP,2,2,4,0.5
JPtb,1,0,1,1.0
JSBB,0,1,1,0.0
JSBL,1,0,1,1.0
JSBM,1,1,2,0.5
JSBN,0,2,2,0.0
JSBP,0,1,1,0.0
JSBS,1,0,1,1.0
JSBb,2,1,3,0.67
JSBj,1,0,1,1.0
JSBl,1,1,2,0.5
JSBm,1,3,4,0.25
JSBn,1,0,1,1.0
JSDB,0,1,1,0.0
JSDH,1,0,1,1.0
JSDS,0,2,2,0.0
JSDb,0,1,1,0.0
JSDm,0,1,1,0.0
JSHM,0,1,1,0.0
JSHN,1,0,1,1.0
JSHP,1,0,1,1.0
JSHS,0,1,1,0.0
JSHb,1,1,2,0.5
JSHl,0,1,1,0.0
JSHm,0,1,1,0.0
JSHn,1,0,1,1.0
JSHs,1,0,1,1.0
JSKM,0,1,1,0.0
JSKs,1,0,1,1.0
JSLL,0,2,2,0.0
JSLM,3,0,3,1.0
JSLN,1,0,1,1.0
JSLP,0,1,1,0.0
JSLS,0,1,1,0.0
JSLb,0,1,1,0.0
JSLj,1,0,1,1.0
JSLl,0,0,0,
JSLm,1,0,1,1.0
JSMB,2,1,3,0.67
JSML,0,2,2,0.0
JSMM,1,5,6,0.17
JSMP,1,1,2,0.5
JSMS,1,2,3,0.33
JSMb,1,2,3,0.33
JSMh,2,0,2,1.0
JSMj,1,0,1,1.0
JSMl,0,2,2,0.0
JSMm,4,0,4,1.0
JSMn,3,1,4,0.75
JSMs,1,2,3,0.33
JSNB,1,1,2,0.5
JSNH,0,1,1,0.0
JSNM,1,1,2,0.5
JSNN,1,1,2,0.5
JSNP,4,1,5,0.8
JSNS,1,0,1,1.0
JSNb,0,4,4,0.0
JSNh,1,1,2,0.5
JSNl,1,1,2,0.5
JSNm,5,1,6,0.83
JSNn,1,2,3,0.33
JSNs,1,0,1,1.0
JSPB,2,1,3,0.67
JSPD,1,0,1,1.0
JSPH,0,0,0,
JSPI,1,0,1,1.0
JSPK,0,1,1,0.0
JSPL,2,0,2,1.0
JSPM,3,3,6,0.5
JSPN,3,0,3,1.0
JSPP,4,2,6,0.67
JSPS,2,1,3,0.67
JSPb,2,1,3,0.67
JSPl,3,0,3,1.0
JSPm,2,1,3,0.67
JSPn,2,2,4,0.5
JSPs,0,1,1,0.0
JSSB,2,0,2,1.0
JSSH,0,2,2,0.0
JSSL,1,0,1,1.0
JSSM,2,2,4,0.5
JSSN,1,2,3,0.33
JSSP,1,0,1,1.0
JSSS,2,0,2,1.0
JSSb,0,1,1,0.0
JSSh,0,1,1,0.0
JSSl,0,2,2,0.0
JSSn,1,1,2,0.5
JSSs,0,3,3,0.0
JSSt,0,1,1,0.0
JSbB,1,2,3,0.33
JSbJ,0,0,0,
JSbL,0,2,2,0.0
JSbM,1,0,1,1.0
JSbN,1,2,3,0.33
JSbP,1,0,1,1.0
JSbS,2,2,4,0.5
JSbb,1,0,1,1.0
JSbl,1,1,2,0.5
JSbn,1,2,3,0.33
JSbs,0,2,2,0.0
JShM,0,1,1,0.0
JShN,2,0,2,1.0
JShP,0,0,0,
JShl,0,0,0,
JShn,0,1,1,0.0
JShs,1,0,1,1.0
JSlB,1,1,2,0.5
JSlL,0,2,2,0.0
JSlM,1,0,1,1.0
JSlN,1,0,1,1.0
JSlP,1,1,2,0.5
JSlb,1,1,2,0.5
JSlm,2,0,2,1.0
JSln,1,1,2,0.5
JSls,0,1,1,0.0
JSmB,2,0,2,1.0
JSmD,0,3,3,0.0
JSmH,0,1,1,0.0
JSmL,2,2,4,0.5
JSmM,2,3,5,0.4
JSmP,3,1,4,0.75
JSmS,0,1,1,0.0
JSmb,0,0,0,
JSmm,0,1,1,0.0
JSmn,1,3,4,0.25
JSnB,1,2,3,0.33
JSnH,0,3,3,0.0
JSnL,1,1,2,0.5
JSnM,1,3,4,0.25
JSnN,0,2,2,0.0
JSnP,1,0,1,1.0
JSnS,1,1,2,0.5
JSnb,1,2,3,0.33
JSnl,3,0,3,1.0
JSnm,0,0,0,
JSnn,0,4,4,0.0
JSns,1,5,6,0.17
JSsB,0,0,0,
JSsH,1,1,2,0.5
JSsI,0,1,1,0.0
JSsL,1,3,4,0.25
JSsM,1,1,2,0.5
JSsN,2,2,4,0.5
JSsP,1,1,2,0.5
JSsS,3,2,5,0.6
JSsb,1,0,1,1.0
JSsh,0,1,1,0.0
JSsl,1,1,2,0.5
JSsm,3,1,4,0.75
JSsn,1,1,2,0.5
JSss,3,1,4,0.75
JStD,0,2,2,0.0
JStM,0,2,2,0.0
JStS,0,1,1,0.0
JStb,0,2,2,0.0
JStt,0,1,1,0.0
JbBB,2,4,6,0.33
JbBL,0,2,2,0.0
JbBM,3,3,6,0.5
JbBN,6,3,9,0.67
JbBP,5,4,9,0.56
JbBb,0,4,4,0.0
JbBh,0,1,1,0.0
JbBj,1,1,2,0.5
JbBl,3,3,6,0.5
JbBm,3,1,4,0.75
JbBn,5,2,7,0.71
JbBs,1,1,2,0.5
JbDP,0,1,1,0.0
JbHB,0,1,1,0.0
JbHN,1,3,4,0.25
JbHP,1,0,1,1.0
JbHS,1,0,1,1.0
JbHb,1,0,1,1.0
JbHl,0,1,1,0.0
JbII,1,0,1,1.0
JbIM,1,0,1,1.0
JbIS,0,1,1,0.0
JbJB,0,1,1,0.0
JbJH,1,0,1,1.0
JbJI,1,0,1,1.0
JbJM,1,0,1,1.0
JbJN,1,0,1,1.0
JbJP,1,0,1,1.0
JbJb,0,2,2,0.0
JbJh,0,0,0,
JbJl,1,1,2,0.5
JbJm,0,2,2,0.0
JbJn,0,1,1,0.0
JbKM,1,0,1,1.0
JbKm,2,0,2,1.0
JbKn,0,0,0,
JbLB,0,1,1,0.0
JbLM,2,1,3,0.67
JbLN,2,1,3,0.67
JbLP,0,1,1,0.0
JbLS,1,3,4,0.25
JbLb,3,2,5,0.6
JbLh,0,0,0,
JbLj,0,1,1,0.0
JbLl,1,1,2,0.5
JbLm,1,1,2,0.5
JbLn,3,1,4,0.75
JbLs,1,0,1,1.0
JbMB,3,3,6,0.5
JbML,0,2,2,0.0
JbMM,1,2,3,0.33
JbMN,3,0,3,1.0
JbMP,2,2,4,0.5
JbMS,3,1,4,0.75
JbMb,3,3,6,0.5
JbMh,2,1,3,0.67
JbMl,1,1,2,0.5
JbMm,3,2,5,0.6
JbMn,3,4,7,0.43
JbMs,4,1,5,0.8
JbNB,5,3,8,0.62
JbND,0,1,1,0.0
JbNK,0,0,0,
JbNL,1,4,5,0.2
JbNM,4,3,7,0.57
JbNN,1,3,4,0.25
JbNP,4,3,7,0.57
JbNS,0,4,4,0.0
JbNb,4,2,6,0.67
JbNh,4,0,4,1.0
JbNl,3,2,5,0.6
JbNm,2,4,6,0.33
JbNn,3,0,3,1.0
JbNs,2,3,5,0.4
JbNt,0,0,0,
JbPB,0,3,3,0.0
JbPH,2,0,2,1.0
JbPL,1,5,6,0.17
JbPM,3,2,5,0.6
JbPN,2,4,6,0.33
JbPP,3,8,11,0.27
JbPS,3,3,6,0.5
JbPb,4,2,6,0.67
JbPl,2,2,4,0.5
JbPm,3,2,5,0.6
JbPn,4,3,7,0.57
JbPs,1,0,1,1.0
JbPt,1,0,1,1.0
JbSB,2,2,4,0.5
JbSL,0,2,2,0.0
JbSM,1,1,2,0.5
JbSN,0,1,1,0.0
JbSP,1,2,3,0.33
JbSS,0,1,1,0.0
JbSb,1,2,3,0.33
JbSh,1,0,1,1.0
JbSl,0,1,1,0.0
JbSs,0,3,3,0.0
JbbB,3,3,6,0.5
JbbL,2,1,3,0.67
JbbM,4,5,9,0.44
JbbN,5,4,9,0.56
JbbP,4,2,6,0.67
JbbS,1,0,1,1.0
Jbbb,6,5,11,0.55
Jbbm,4,2,6,0.67
Jbbn,3,3,6,0.5
Jbbs,1,2,3,0.33
JblH,2,0,2,1.0
JblK,1,0,1,1.0
JblL,1,0,1,1.0
JblM,2,3,5,0.4
JblN,2,1,3,0.67
JblP,5,1,6,0.83
JblS,1,2,3,0.33
Jblb,1,0,1,1.0
Jblm,1,0,1,1.0
JbmB,2,3,5,0.4
JbmD,1,0,1,1.0
JbmH,0,1,1,0.0
JbmL,1,2,3,0.33
JbmM,2,4,6,0.33
JbmN,4,0,4,1.0
JbmP,2,6,8,0.25
JbmS,1,0,1,1.0
Jbmb,2,3,5,0.4
Jbml,2,0,2,1.0
Jbmm,3,2,5,0.6
Jbmn,1,1,2,0.5
Jbms,0,1,1,0.0
JbnB,0,2,2,0.0
JbnH,2,1,3,0.67
JbnL,3,4,7,0.43
JbnM,3,1,4,0.75
JbnN,3,1,4,0.75
JbnP,0,5,5,0.0
JbnS,3,1,4,0.75
Jbnb,3,0,3,1.0
Jbnm,2,1,3,0.67
Jbnn,1,2,3,0.33
Jbns,3,0,3,1.0
JbsB,0,1,1,0.0
JbsM,2,1,3,0.67
JbsN,2,0,2,1.0
JbsP,2,2,4,0.5
JbsS,1,0,1,1.0
Jbsl,0,1,1,0.0
Jbss,0,1,1,0.0
JhBK,1,0,1,1.0
JhBM,0,0,0,
JhBb,0,1,1,0.0
JhBm,1,0,1,1.0
JhBn,1,0,1,1.0
JhDH,1,0,1,1.0
JhDs,1,0,1,1.0
JhHB,1,0,1,1.0
JhHN,1,0,1,1.0
JhHP,0,1,1,0.0
JhIP,0,0,0,
JhLB,0,1,1,0.0
JhLL,0,0,0,
JhLj,0,1,1,0.0
JhLm,0,1,1,0.0
JhMS,0,1,1,0.0
JhMh,0,1,1,0.0
JhMm,2,1,3,0.67
JhMs,0,1,1,0.0
JhMt,0,1,1,0.0
JhNM,1,0,1,1.0
JhNb,0,0,0,
JhNh,1,0,1,1.0
JhNn,1,0,1,1.0
JhPL,2,1,3,0.67
JhPP,1,0,1,1.0
JhPb,0,1,1,0.0
JhPh,1,0,1,1.0
JhPl,1,0,1,1.0
JhPs,0,1,1,0.0
JhSH,0,1,1,0.0
JhSP,0,1,1,0.0
JhSb,1,0,1,1.0
JhSn,1,0,1,1.0
JhSt,0,1,1,0.0
JhbL,1,1,2,0.5
JhbM,0,0,0,
JhbN,0,1,1,0.0
JhbS,0,1,1,0.0
Jhbb,0,1,1,0.0
Jhbm,0,0,0,
Jhbs,0,1,1,0.0
JhhP,0,2,2,0.0
JhhS,0,1,1,0.0
Jhhl,1,0,1,1.0
JhlN,0,1,1,0.0
JhmB,0,1,1,0.0
JhmN,0,1,1,0.0
JhmS,0,1,1,0.0
JhnS,1,0,1,1.0
Jhnb,0,1,1,0.0
Jhnh,0,0,0,
Jhnl,1,0,1,1.0
Jhnm,1,1,2,0.5
Jhnn,0,1,1,0.0
Jhns,1,0,1,1.0
JhsM,1,0,1,1.0
JhsP,1,1,2,0.5
JhsS,1,0,1,1.0
Jhsb,1,0,1,1.0
Jhsl,0,1,1,0.0
Jhss,1,0,1,1.0
Jhtb,0,0,0,
JlBB,1,0,1,1.0
JlBL,0,1,1,0.0
JlBM,1,2,3,0.33
JlBN,0,1,1,0.0
JlBP,0,2,2,0.0
JlBS,0,1,1,0.0
JlBb,0,2,2,0.0
JlBl,1,0,1,1.0
JlBm,1,1,2,0.5
JlBn,3,0,3,1.0
JlBs,1,2,3,0.33
JlBt,0,1,1,0.0
JlDD,0,1,1,0.0
JlDM,0,1,1,0.0
JlDn,1,0,1,1.0
JlHM,1,0,1,1.0
JlHP,2,3,5,0.4
JlHS,1,1,2,0.5
JlHb,1,0,1,1.0
JlHh,1,0,1,1.0
JlHl,0,1,1,0.0
JlHm,1,0,1,1.0
JlHn,1,1,2,0.5
JlHs,1,0,1,1.0
JlHt,1,0,1,1.0
JlJB,1,1,2,0.5
JlJN,0,2,2,0.0
JlJP,1,0,1,1.0
JlJb,1,0,1,1.0
JlLB,1,0,1,1.0
JlLM,2,0,2,1.0
JlLN,1,0,1,1.0
JlLP,0,2,2,0.0
JlLb,1,1,2,0.5
JlLj,1,0,1,1.0
JlLm,0,0,0,
JlLn,1,0,1,1.0
JlLs,2,1,3,0.67
JlMB,1,1,2,0.5
JlML,1,0,1,1.0
JlMM,0,4,4,0.0
JlMN,1,1,2,0.5
JlMP,1,1,2,0.5
JlMS,0,2,2,0.0
JlMb,1,2,3,0.33
JlMh,2,2,4,0.5
JlMj,0,0,0,
JlMl,0,1,1,0.0
JlMm,0,0,0,
JlMs,2,0,2,1.0
JlMt,1,0,1,1.0
JlNB,0,1,1,0.0
JlNM,0,1,1,0.0
JlNN,0,1,1,0.0
JlNP,5,1,6,0.83
JlNb,1,0,1,1.0
JlNn,4,1,5,0.8
JlNs,1,1,2,0.5
JlPB,0,1,1,0.0
JlPH,2,0,2,1.0
JlPL,2,1,3,0.67
JlPM,1,0,1,1.0
JlPN,1,0,1,1.0
JlPP,2,4,6,0.33
JlPb,0,1,1,0.0
JlPl,2,0,2,1.0
JlPm,2,0,2,1.0
JlPn,1,3,4,0.25
JlPs,0,0,0,
JlSH,1,1,2,0.5
JlSM,1,0,1,1.0
JlSN,0,2,2,0.0
JlSP,1,1,2,0.5
JlSS,1,0,1,1.0
JlSh,0,1,1,0.0
JlSl,1,2,3,0.33
JlSm,0,0,0,
JlSn,1,0,1,1.0
JlSs,1,0,1,1.0
JlbB,2,2,4,0.5
JlbD,1,0,1,1.0
JlbK,1,0,1,1.0
JlbL,0,1,1,0.0
JlbM,1,1,2,0.5
JlbN,3,3,6,0.5
JlbP,1,2,3,0.33
Jlbb,4,3,7,0.57
Jlbl,1,0,1,1.0
Jlbm,1,1,2,0.5
Jlbn,1,1,2,0.5
Jlbs,0,1,1,0.0
JllB,1,0,1,1.0
JllI,0,1,1,0.0
JllJ,0,1,1,0.0
JllL,2,0,2,1.0
JllM,1,4,5,0.2
JllN,0,1,1,0.0
JllP,1,1,2,0.5
Jlls,0,0,0,
JlmB,0,1,1,0.0
JlmH,0,1,1,0.0
JlmN,3,1,4,0.75
JlmP,3,1,4,0.75
JlmS,1,1,2,0.5
Jlmb,1,0,1,1.0
Jlmm,0,1,1,0.0
Jlmn,0,0,0,
JlnB,2,2,4,0.5
JlnD,1,0,1,1.0
JlnL,0,1,1,0.0
JlnM,1,2,3,0.33
JlnN,3,1,4,0.75
JlnP,0,1,1,0.0
JlnS,0,1,1,0.0
Jlnb,1,0,1,1.0
Jlnl,0,0,0,
Jlnm,1,0,1,1.0
Jlnn,0,1,1,0.0
JlsH,2,0,2,1.0
JlsM,0,1,1,0.0
JlsP,1,0,1,1.0
JlsS,0,1,1,0.0
Jlsm,0,1,1,0.0
Jlsn,1,0,1,1.0
Jlss,1,1,2,0.5
JmBB,1,4,5,0.2
JmBL,2,0,2,1.0
JmBM,1,0,1,1.0
JmBN,0,2,2,0.0
JmBP,2,2,4,0.5
JmBS,1,1,2,0.5
JmBb,2,2,4,0.5
JmBh,0,0,0,
JmBj,2,0,2,1.0
JmBl,0,1,1,0.0
JmBm,1,4,5,0.2
JmBn,1,2,3,0.33
JmBs,1,0,1,1.0
JmBt,1,0,1,1.0
JmDL,0,1,1,0.0
JmDM,0,1,1,0.0
JmDm,0,1,1,0.0
JmDn,0,0,0,
JmHB,1,1,2,0.5
JmHI,1,0,1,1.0
JmHL,0,2,2,0.0
JmHM,2,2,4,0.5
JmHN,1,1,2,0.5
JmHP,3,1,4,0.75
JmHb,1,0,1,1.0
JmHh,0,1,1,0.0
JmHl,0,1,1,0.0
JmHm,1,0,1,1.0
JmHn,3,2,5,0.6
JmHs,2,0,2,1.0
JmIl,0,0,0,
JmIn,0,1,1,0.0
JmJB,1,0,1,1.0
JmJL,2,0,2,1.0
JmJN,1,0,1,1.0
JmJP,1,1,2,0.5
JmJn,0,1,1,0.0
JmJs,1,1,2,0.5
JmKS,0,0,0,
JmLB,2,2,4,0.5
JmLN,1,0,1,1.0
JmLP,0,3,3,0.0
JmLS,4,1,5,0.8
JmLb,2,0,2,1.0
JmLj,0,1,1,0.0
JmLl,1,1,2,0.5
JmLm,1,0,1,1.0
JmLn,2,2,4,0.5
JmLs,1,0,1,1.0
JmMB,0,1,1,0.0
JmML,3,0,3,1.0
JmMM,3,1,4,0.75
JmMN,0,2,2,0.0
JmMP,4,2,6,0.67
JmMS,1,0,1,1.0
JmMb,2,0,2,1.0
JmMh,2,2,4,0.5
JmMj,0,1,1,0.0
JmMm,4,0,4,1.0
JmMn,3,4,7,0.43
JmMs,0,2,2,0.0
JmMt,1,0,1,1.0
JmNB,1,0,1,1.0
JmNM,1,2,3,0.33
JmNN,3,2,5,0.6
JmNP,6,2,8,0.75
JmNS,0,2,2,0.0
JmNb,1,3,4,0.25
JmNm,0,1,1,0.0
JmNn,1,3,4,0.25
JmNs,0,1,1,0.0
JmNt,1,0,1,1.0
JmPB,2,2,4,0.5
JmPK,0,1,1,0.0
JmPL,2,1,3,0.67
JmPM,2,6,8,0.25
JmPN,3,1,4,0.75
JmPP,4,4,8,0.5
JmPS,3,0,3,1.0
JmPb,3,1,4,0.75
JmPh,1,0,1,1.0
JmPl,1,1,2,0.5
JmPm,2,1,3,0.67
JmPn,2,1,3,0.67
JmPs,0,1,1,0.0
JmPt,1,0,1,1.0
JmSB,1,3,4,0.25
JmSL,0,0,0,
JmSM,1,1,2,0.5
JmSP,1,3,4,0.25
JmSS,1,1,2,0.5
JmSb,1,0,1,1.0
JmSh,1,0,1,1.0
JmSm,0,2,2,0.0
JmSn,0,1,1,0.0
JmSs,2,1,3,0.67
JmSt,2,0,2,1.0
JmbB,1,1,2,0.5
JmbD,1,0,1,1.0
JmbJ,1,0,1,1.0
JmbL,1,0,1,1.0
JmbM,1,2,3,0.33
JmbN,4,3,7,0.57
JmbP,2,2,4,0.5
JmbS,1,3,4,0.25
Jmbb,5,2,7,0.71
Jmbm,3,1,4,0.75
Jmbn,1,0,1,1.0
Jmbs,1,1,2,0.5
Jmhh,0,0,0,
JmlB,2,0,2,1.0
JmlH,0,0,0,
JmlN,1,0,1,1.0
JmlS,1,0,1,1.0
Jmlb,0,1,1,0.0
Jmll,1,0,1,1.0
Jmlm,1,1,2,0.5
JmmB,2,1,3,0.67
JmmD,1,0,1,1.0
JmmH,1,1,2,0.5
JmmI,0,0,0,
JmmJ,0,0,0,
JmmL,0,2,2,0.0
JmmM,0,3,3,0.0
JmmN,0,1,1,0.0
JmmP,1,1,2,0.5
JmmS,1,1,2,0.5
Jmmb,1,2,3,0.33
Jmmn,0,1,1,0.0
JmnB,3,0,3,1.0
JmnH,0,2,2,0.0
JmnL,0,0,0,
JmnM,2,1,3,0.67
JmnN,1,3,4,0.25
JmnP,2,3,5,0.4
JmnS,0,2,2,0.0
Jmnb,1,0,1,1.0
Jmnl,1,0,1,1.0
Jmnm,2,0,2,1.0
Jmnn,0,1,1,0.0
JmsB,0,1,1,0.0
JmsH,1,0,1,1.0
JmsI,0,0,0,
JmsL,1,0,1,1.0
JmsM,0,0,0,
JmsN,3,1,4,0.75
JmsS,2,1,3,0.67
Jmsn,1,1,2,0.5
Jmss,0,1,1,0.0
JnBB,0,1,1,0.0
JnBL,0,3,3,0.0
JnBM,2,2,4,0.5
JnBN,1,1,2,0.5
JnBP,3,1,4,0.75
JnBb,1,1,2,0.5
JnBh,0,0,0,
JnBj,1,1,2,0.5
JnBl,0,3,3,0.0
JnBm,2,2,4,0.5
JnBn,1,1,2,0.5
JnBs,1,3,4,0.25
JnDB,1,1,2,0.5
JnDM,0,1,1,0.0
JnDb,0,1,1,0.0
JnDl,1,1,2,0.5
JnHH,2,0,2,1.0
JnHI,1,0,1,1.0
JnHL,0,1,1,0.0
JnHM,0,2,2,0.0
JnHN,1,0,1,1.0
JnHP,0,1,1,0.0
JnHb,1,0,1,1.0
JnHh,0,1,1,0.0
JnHm,1,4,5,0.2
JnHn,4,1,5,0.8
JnHs,1,1,2,0.5
JnIH,1,0,1,1.0
JnIl,1,0,1,1.0
JnIm,1,0,1,1.0
JnKL,1,0,1,1.0
JnKP,0,0,0,
JnLB,1,4,5,0.2
JnLL,2,0,2,1.0
JnLM,0,0,0,
JnLN,0,1,1,0.0
JnLP,2,2,4,0.5
JnLm,1,1,2,0.5
JnLn,0,2,2,0.0
JnLs,2,1,3,0.67
JnMB,2,0,2,1.0
JnMD,0,0,0,
JnML,1,1,2,0.5
JnMM,1,1,2,0.5
JnMN,2,2,4,0.5
JnMP,4,3,7,0.57
JnMS,2,1,3,0.67
JnMb,5,3,8,0.62
JnMh,2,1,3,0.67
JnMj,0,1,1,0.0
JnMl,1,1,2,0.5
JnMm,0,1,1,0.0
JnMn,3,3,6,0.5
JnMs,1,1,2,0.5
JnMt,0,1,1,0.0
JnNB,0,2,2,0.0
JnND,0,1,1,0.0
JnNH,0,0,0,
JnNL,1,0,1,1.0
JnNM,4,1,5,0.8
JnNN,5,2,7,0.71
JnNP,2,3,5,0.4
JnNS,5,1,6,0.83
JnNb,2,2,4,0.5
JnNl,1,0,1,1.0
JnNm,2,4,6,0.33
JnNn,3,2,5,0.6
JnNs,0,1,1,0.0
JnNt,1,0,1,1.0
JnPB,2,1,3,0.67
JnPH,0,2,2,0.0
JnPK,0,1,1,0.0
JnPL,1,1,2,0.5
JnPM,0,2,2,0.0
JnPN,5,5,10,0.5
JnPP,5,2,7,0.71
JnPS,4,2,6,0.67
JnPb,3,4,7,0.43
JnPl,2,1,3,0.67
JnPm,5,1,6,0.83
JnPn,4,1,5,0.8
JnPs,0,2,2,0.0
JnPt,0,1,1,0.0
JnSB,1,1,2,0.5
JnSH,0,0,0,
JnSL,1,0,1,1.0
JnSM,2,3,5,0.4
JnSN,2,1,3,0.67
JnSP,1,3,4,0.25
JnSS,1,1,2,0.5
JnSb,2,2,4,0.5
JnSh,1,0,1,1.0
JnSm,0,1,1,0.0
JnSn,1,0,1,1.0
JnSs,0,3,3,0.0
JnSt,0,2,2,0.0
JnbB,4,1,5,0.8
JnbH,1,0,1,1.0
JnbL,1,0,1,1.0
JnbM,0,1,1,0.0
JnbN,4,4,8,0.5
JnbP,3,1,4,0.75
JnbS,0,1,1,0.0
Jnbb,3,4,7,0.43
Jnbl,1,1,2,0.5
Jnbm,1,0,1,1.0
Jnbn,5,0,5,1.0
JnlH,1,0,1,1.0
JnlI,0,0,0,
JnlJ,0,1,1,0.0
JnlM,1,1,2,0.5
JnlN,1,0,1,1.0
JnlP,1,0,1,1.0
JnlS,1,1,2,0.5
Jnlb,0,1,1,0.0
Jnll,1,1,2,0.5
Jnlm,1,1,2,0.5
Jnls,0,1,1,0.0
JnmB,0,1,1,0.0
JnmH,0,0,0,
JnmI,1,0,1,1.0
JnmL,1,4,5,0.2
JnmM,3,2,5,0.6
JnmN,1,1,2,0.5
JnmP,2,2,4,0.5
JnmS,1,1,2,0.5
Jnmb,4,3,7,0.57
Jnmm,0,0,0,
Jnmn,0,2,2,0.0
Jnms,0,2,2,0.0
JnnB,3,1,4,0.75
JnnD,1,1,2,0.5
JnnH,0,2,2,0.0
JnnI,0,2,2,0.0
JnnL,0,1,1,0.0
JnnM,0,1,1,0.0
JnnN,2,1,3,0.67
JnnP,4,3,7,0.57
JnnS,0,3,3,0.0
Jnnb,3,2,5,0.6
Jnnh,0,1,1,0.0
Jnnl,0,1,1,0.0
Jnnm,1,2,3,0.33
Jnnn,0,2,2,0.0
Jnns,1,2,3,0.33
JnsB,1,1,2,0.5
JnsH,0,0,0,
JnsI,0,1,1,0.0
JnsM,2,1,3,0.67
JnsN,4,0,4,1.0
JnsS,2,3,5,0.4
Jnsb,2,0,2,1.0
Jnsm,1,1,2,0.5
Jnsn,0,5,5,0.0
Jnss,1,1,2,0.5
JsBB,0,2,2,0.0
JsBM,1,1,2,0.5
JsBN,1,2,3,0.33
JsBP,1,2,3,0.33
JsBS,1,1,2,0.5
JsBb,1,0,1,1.0
JsBj,0,1,1,0.0
JsBl,1,0,1,1.0
JsBm,1,1,2,0.5
JsBn,3,0,3,1.0
JsBs,1,0,1,1.0
JsDH,1,0,1,1.0
JsDM,1,0,1,1.0
JsDN,0,1,1,0.0
JsDS,1,0,1,1.0
JsDn,1,0,1,1.0
JsDs,0,1,1,0.0
JsHB,1,1,2,0.5
JsHK,1,0,1,1.0
JsHM,0,1,1,0.0
JsHP,3,3,6,0.5
JsHS,0,0,0,
JsHb,2,1,3,0.67
JsHh,0,1,1,0.0
JsHl,0,2,2,0.0
JsHm,3,0,3,1.0
JsHn,1,2,3,0.33
JsHs,1,0,1,1.0
JsIH,1,0,1,1.0
JsIm,2,0,2,1.0
JsKm,0,1,1,0.0
JsLM,2,1,3,0.67
JsLN,0,1,1,0.0
JsLP,0,1,1,0.0
JsLS,0,0,0,
JsLh,2,1,3,0.67
JsLj,1,0,1,1.0
JsLl,0,1,1,0.0
JsLm,2,0,2,1.0
JsLn,0,1,1,0.0
JsLs,0,0,0,
JsML,2,2,4,0.5
JsMM,0,0,0,
JsMN,3,1,4,0.75
JsMP,2,2,4,0.5
JsMS,1,1,2,0.5
JsMb,0,2,2,0.0
JsMh,0,1,1,0.0
JsMl,2,1,3,0.67
JsMn,3,2,5,0.6
JsMs,0,2,2,0.0
JsMt,1,0,1,1.0
JsNB,0,1,1,0.0
JsNL,2,1,3,0.67
JsNM,3,0,3,1.0
JsNN,0,2,2,0.0
JsNP,0,2,2,0.0
JsNS,0,1,1,0.0
JsNb,2,2,4,0.5
JsNh,0,1,1,0.0
JsNl,0,1,1,0.0
JsNm,2,0,2,1.0
JsNn,1,1,2,0.5
JsNs,2,0,2,1.0
JsPB,2,3,5,0.4
JsPH,2,0,2,1.0
JsPK,1,1,2,0.5
JsPL,0,1,1,0.0
JsPM,4,2,6,0.67
JsPN,4,2,6,0.67
JsPP,5,3,8,0.62
JsPS,0,1,1,0.0
JsPb,0,1,1,0.0
JsPh,0,1,1,0.0
JsPl,1,0,1,1.0
JsPm,0,3,3,0.0
JsPn,1,1,2,0.5
JsPs,1,0,1,1.0
JsPt,1,1,2,0.5
JsSB,1,0,1,1.0
JsSH,3,1,4,0.75
JsSL,1,0,1,1.0
JsSM,1,1,2,0.5
JsSN,0,2,2,0.0
JsSP,3,1,4,0.75
JsSS,1,2,3,0.33
JsSb,0,2,2,0.0
JsSh,0,0,0,
JsSl,1,0,1,1.0
JsSm,2,0,2,1.0
JsSn,2,1,3,0.67
JsSs,1,3,4,0.25
JsSt,1,0,1,1.0
JsbB,0,2,2,0.0
JsbM,4,0,4,1.0
JsbN,1,1,2,0.5
JsbP,5,1,6,0.83
JsbS,0,2,2,0.0
Jsbb,3,3,6,0.5
Jsbl,1,0,1,1.0
Jsbm,2,1,3,0.67
Jsbn,2,0,2,1.0
JshB,0,0,0,
JshL,0,1,1,0.0
Jshb,1,0,1,1.0
Jshn,0,1,1,0.0
JslB,0,0,0,
JslH,1,1,2,0.5
JslL,1,0,1,1.0
JslM,0,1,1,0.0
JslP,0,1,1,0.0
JslS,2,2,4,0.5
Jslb,1,1,2,0.5
Jslm,1,0,1,1.0
Jsln,0,1,1,0.0
JsmH,2,0,2,1.0
JsmL,0,1,1,0.0
JsmM,1,0,1,1.0
JsmN,2,2,4,0.5
JsmP,3,1,4,0.75
JsmS,3,1,4,0.75
Jsmb,0,1,1,0.0
Jsml,1,0,1,1.0
Jsmm,2,1,3,0.67
Jsmn,0,3,3,0.0
Jsms,0,1,1,0.0
JsnB,0,3,3,0.0
JsnD,0,1,1,0.0
JsnH,0,1,1,0.0
JsnI,0,1,1,0.0
JsnM,3,0,3,1.0
JsnN,1,2,3,0.33
JsnP,1,1,2,0.5
JsnS,0,3,3,0.0
Jsnb,0,2,2,0.0
Jsnm,2,0,2,1.0
Jsnn,2,3,5,0.4
Jsns,1,0,1,1.0
JssB,1,0,1,1.0
JssH,1,1,2,0.5
JssM,1,1,2,0.5
JssP,1,3,4,0.25
JssS,3,1,4,0.75
Jssb,0,2,2,0.0
Jssl,3,1,4,0.75
Jssn,2,0,2,1.0
Jsss,1,1,2,0.5
JtBK,0,1,1,0.0
JtBM,1,0,1,1.0
JtBb,1,0,1,1.0
JtBn,0,1,1,0.0
JtBt,1,0,1,1.0
JtHP,0,1,1,0.0
JtLP,1,0,1,1.0
JtLS,1,0,1,1.0
JtLb,0,1,1,0.0
JtMB,0,0,0,
JtML,0,1,1,0.0
JtMN,1,0,1,1.0
JtMl,1,0,1,1.0
JtMm,0,1,1,0.0
JtMn,0,1,1,0.0
JtNL,0,0,0,
JtNM,2,2,4,0.5
JtNN,1,1,2,0.5
JtNP,0,0,0,
JtNS,0,2,2,0.0
JtNm,1,0,1,1.0
JtPM,0,1,1,0.0
JtPN,0,1,1,0.0
JtPP,0,1,1,0.0
JtPb,2,0,2,1.0
JtSB,1,0,1,1.0
JtSN,1,0,1,1.0
JtSm,1,0,1,1.0
JtSn,0,0,0,
JtSs,0,1,1,0.0
JtlJ,0,0,0,
JtlN,1,0,1,1.0
Jtlm,0,1,1,0.0
JtmM,1,0,1,1.0
JtmN,1,0,1,1.0
JtnH,0,1,1,0.0
JtnN,0,1,1,0.0
Jtnb,0,1,1,0.0
Jtnm,1,0,1,1.0
Jtnn,0,1,1,0.0
JtsM,0,1,1,0.0
JtsN,1,1,2,0.5
Jtsn,1,0,1,1.0
JttH,1,0,1,1.0
KBBB,0,4,4,0.0
KBBL,1,1,2,0.5
KBBM,0,1,1,0.0
KBBN,0,1,1,0.0
KBBP,1,0,1,1.0
KBBb,1,1,2,0.5
KBBj,0,3,3,0.0
KBBn,1,2,3,0.33
KBBs,1,0,1,1.0
KBBt,1,0,1,1.0
KBDB,0,1,1,0.0
KBDP,0,0,0,
KBKP,1,0,1,1.0
KBKS,0,1,1,0.0
KBKb,0,1,1,0.0
KBKn,0,1,1,0.0
KBLB,4,0,4,1.0
KBLL,0,1,1,0.0
KBLM,0,2,2,0.0
KBLP,1,1,2,0.5
KBLS,1,2,3,0.33
KBLb,0,1,1,0.0
KBLh,0,1,1,0.0
KBLl,0,1,1,0.0
KBLm,1,0,1,1.0
KBLn,1,1,2,0.5
KBLs,1,0,1,1.0
KBMB,2,1,3,0.67
KBMM,1,1,2,0.5
KBMN,1,2,3,0.33
KBMP,2,2,4,0.5
KBMS,1,3,4,0.25
KBMb,3,4,7,0.43
KBMh,2,2,4,0.5
KBMl,0,1,1,0.0
KBMm,2,3,5,0.4
KBMn,3,0,3,1.0
KBMs,1,0,1,1.0
KBNB,1,3,4,0.25
KBNL,1,0,1,1.0
KBNM,0,1,1,0.0
KBNN,1,1,2,0.5
KBNP,2,3,5,0.4
KBNS,2,0,2,1.0
KBNb,0,2,2,0.0
KBNh,0,0,0,
KBNl,3,1,4,0.75
KBNm,4,1,5,0.8
KBNn,0,2,2,0.0
KBPB,1,0,1,1.0
KBPD,0,1,1,0.0
KBPI,1,0,1,1.0
KBPK,0,1,1,0.0
KBPL,1,0,1,1.0
KBPM,2,0,2,1.0
KBPN,2,3,5,0.4
KBPP,0,1,1,0.0
KBPS,1,1,2,0.5
KBPb,0,4,4,0.0
KBPl,1,2,3,0.33
KBPm,0,2,2,0.0
KBPn,2,1,3,0.67
KBPs,3,2,5,0.6
KBSH,1,0,1,1.0
KBSL,1,0,1,1.0
KBSM,1,2,3,0.33
KBSN,1,0,1,1.0
KBSP,0,2,2,0.0
KBSb,1,1,2,0.5
KBSl,1,2,3,0.33
KBSn,2,1,3,0.67
KBSs,2,0,2,1.0
KBSt,1,0,1,1.0
KBbB,3,4,7,0.43
KBbH,0,1,1,0.0
KBbL,0,2,2,0.0
KBbM,2,4,6,0.33
KBbN,3,2,5,0.6
KBbP,3,4,7,0.43
KBbS,1,1,2,0.5
KBbb,5,3,8,0.62
KBbm,2,1,3,0.67
KBbn,1,1,2,0.5
KBhL,1,0,1,1.0
KBhM,0,0,0,
KBhS,0,0,0,
KBhn,0,0,0,
KBjL,0,1,1,0.0
KBjM,1,1,2,0.5
KBjN,0,0,0,
KBjP,1,0,1,1.0
KBjS,0,1,1,0.0
KBjb,1,0,1,1.0
KBjl,0,1,1,0.0
KBjn,1,0,1,1.0
KBjs,1,1,2,0.5
KBlB,2,0,2,1.0
KBlK,0,1,1,0.0
KBlL,0,1,1,0.0
KBlM,0,2,2,0.0
KBlN,1,0,1,1.0
KBlP,0,1,1,0.0
KBlS,0,1,1,0.0
KBlb,0,2,2,0.0
KBll,2,3,5,0.4
KBlm,1,0,1,1.0
KBln,2,0,2,1.0
KBls,0,1,1,0.0
KBmB,2,0,2,1.0
KBmH,1,1,2,0.5
KBmJ,0,2,2,0.0
KBmL,1,0,1,1.0
KBmM,2,0,2,1.0
KBmN,1,3,4,0.25
KBmP,2,1,3,0.67
KBmS,2,2,4,0.5
KBmb,2,2,4,0.5
KBml,1,0,1,1.0
KBmm,2,1,3,0.67
KBmn,1,0,1,1.0
KBms,0,0,0,
KBnB,0,1,1,0.0
KBnH,2,0,2,1.0
KBnL,1,3,4,0.25
KBnM,3,1,4,0.75
KBnN,2,1,3,0.67
KBnP,1,4,5,0.2
KBnS,1,1,2,0.5
KBnb,2,2,4,0.5
KBnl,1,1,2,0.5
KBnm,3,1,4,0.75
KBnn,2,0,2,1.0
KBns,0,2,2,0.0
KBsL,3,0,3,1.0
KBsM,1,0,1,1.0
KBsN,2,2,4,0.5
KBsP,2,3,5,0.4
KBsS,0,1,1,0.0
KBsb,3,0,3,1.0
KBsl,1,1,2,0.5
KBsn,0,2,2,0.0
KBss,2,2,4,0.5
KBtH,1,0,1,1.0
KBtL,0,1,1,0.0
KBtP,0,2,2,0.0
KBtl,0,0,0,
KDBb,0,0,0,
KDBm,1,0,1,1.0
KDBn,1,0,1,1.0
KDDm,0,1,1,0.0
KDHB,0,1,1,0.0
KDHD,1,0,1,1.0
KDHM,1,0,1,1.0
KDHP,0,1,1,0.0
KDHs,0,1,1,0.0
KDMP,1,0,1,1.0
KDMn,0,1,1,0.0
KDNM,0,1,1,0.0
KDNb,1,1,2,0.5
KDNs,0,1,1,0.0
KDPB,1,0,1,1.0
KDPM,1,0,1,1.0
KDSS,1,0,1,1.0
KDbM,0,0,0,
KDbP,0,0,0,
KDbb,1,0,1,1.0
KDlL,1,0,1,1.0
KDlM,1,0,1,1.0
KDlP,1,0,1,1.0
KDlb,0,0,0,
KDmm,0,1,1,0.0
KDmn,1,0,1,1.0
KDnM,1,0,1,1.0
KDsB,0,1,1,0.0
KDsH,0,1,1,0.0
KDsN,0,1,1,0.0
KHBB,0,1,1,0.0
KHBM,1,0,1,1.0
KHBN,0,1,1,0.0
KHBj,0,1,1,0.0
KHBl,0,1,1,0.0
KHBn,0,1,1,0.0
KHBs,1,0,1,1.0
KHDK,0,0,0,
KHDs,0,1,1,0.0
KHHn,1,0,1,1.0
KHIN,1,0,1,1.0
KHIS,1,0,1,1.0
KHKN,0,1,1,0.0
KHKb,0,1,1,0.0
KHLN,0,0,0,
KHLS,1,0,1,1.0
KHMS,0,1,1,0.0
KHMb,0,1,1,0.0
KHMn,0,0,0,
KHNS,1,1,2,0.5
KHNb,1,0,1,1.0
KHNl,0,1,1,0.0
KHNn,1,0,1,1.0
KHNs,0,1,1,0.0
KHPB,0,1,1,0.0
KHPL,0,1,1,0.0
KHPM,0,2,2,0.0
KHPP,0,0,0,
KHPS,1,1,2,0.5
KHPl,0,1,1,0.0
KHPm,1,0,1,1.0
KHPn,1,0,1,1.0
KHSB,1,0,1,1.0
KHSM,0,1,1,0.0
KHSP,1,0,1,1.0
KHSS,0,2,2,0.0
KHSh,0,1,1,0.0
KHSs,1,0,1,1.0
KHbB,1,0,1,1.0
KHbN,1,1,2,0.5
KHbP,1,0,1,1.0
KHbS,1,0,1,1.0
KHbl,0,0,0,
KHbn,1,0,1,1.0
KHlD,1,0,1,1.0
KHmH,1,0,1,1.0
KHmM,0,1,1,0.0
KHmP,2,0,2,1.0
KHmm,0,1,1,0.0
KHnB,1,0,1,1.0
KHnM,0,0,0,
KHnN,2,0,2,1.0
KHnP,0,1,1,0.0
KHnS,0,0,0,
KHnl,1,0,1,1.0
KHnn,2,0,2,1.0
KHns,1,1,2,0.5
KHsH,0,0,0,
KHsL,0,1,1,0.0
KHsN,0,1,1,0.0
KHsS,0,2,2,0.0
KHsb,1,0,1,1.0
KHsn,1,0,1,1.0
KIBN,1,0,1,1.0
KIBP,0,1,1,0.0
KIHP,0,1,1,0.0
KIHS,0,0,0,
KIHl,1,0,1,1.0
KILB,0,1,1,0.0
KIMM,0,2,2,0.0
KIMb,1,0,1,1.0
KINL,1,0,1,1.0
KINN,0,1,1,0.0
KINs,0,1,1,0.0
KIPL,2,0,2,1.0
KIPM,1,0,1,1.0
KIPP,1,0,1,1.0
KIPm,1,0,1,1.0
KISP,1,0,1,1.0
KISm,0,1,1,0.0
KISs,2,0,2,1.0
KIbB,0,1,1,0.0
KIbN,1,0,1,1.0
KIbl,0,1,1,0.0
KIbs,1,0,1,1.0
KIll,0,1,1,0.0
KImS,0,0,0,
KInP,0,0,0,
KInb,1,1,2,0.5
KIns,0,2,2,0.0
KIsb,1,0,1,1.0
KKBB,1,0,1,1.0
KKMS,0,1,1,0.0
KKMs,0,1,1,0.0
KKNL,1,0,1,1.0
KKNN,0,1,1,0.0
KKSM,0,0,0,
KKbH,0,1,1,0.0
KKbb,1,0,1,1.0
KKhS,1,0,1,1.0
KKhn,1,0,1,1.0
KKls,0,1,1,0.0
KKnb,1,0,1,1.0
KKns,0,0,0,
KKsM,0,1,1,0.0
KKsb,0,1,1,0.0
KKsm,0,0,0,
KLBB,2,1,3,0.67
KLBM,0,1,1,0.0
KLBN,1,1,2,0.5
KLBP,1,1,2,0.5
KLBb,0,0,0,
KLBl,1,0,1,1.0
KLBm,1,0,1,1.0
KLBn,0,3,3,0.0
KLBs,1,0,1,1.0
KLBt,0,1,1,0.0
KLLB,3,0,3,1.0
KLLM,1,1,2,0.5
KLLP,1,2,3,0.33
KLLS,1,1,2,0.5
KLLb,2,0,2,1.0
KLLl,0,3,3,0.0
KLLm,0,2,2,0.0
KLLs,1,0,1,1.0
KLLt,0,2,2,0.0
KLMB,1,1,2,0.5
KLMM,3,0,3,1.0
KLMN,0,1,1,0.0
KLMP,0,1,1,0.0
KLMS,1,1,2,0.5
KLMb,2,2,4,0.5
KLMh,3,1,4,0.75
KLMl,0,1,1,0.0
KLMm,1,1,2,0.5
KLMn,2,1,3,0.67
KLMs,0,1,1,0.0
KLNB,1,1,2,0.5
KLNL,1,0,1,1.0
KLNM,1,0,1,1.0
KLNN,1,0,1,1.0
KLNP,0,1,1,0.0
KLNS,0,0,0,
KLNb,1,1,2,0.5
KLNm,1,0,1,1.0
KLNn,1,0,1,1.0
KLNs,1,0,1,1.0
KLPB,2,0,2,1.0
KLPH,0,0,0,
KLPM,1,3,4,0.25
KLPN,2,0,2,1.0
KLPP,3,1,4,0.75
KLPS,2,4,6,0.33
KLPb,1,1,2,0.5
KLPh,0,2,2,0.0
KLPl,1,0,1,1.0
KLPm,0,2,2,0.0
KLPn,1,0,1,1.0
KLPs,0,2,2,0.0
KLSB,0,1,1,0.0
KLSH,0,1,1,0.0
KLSN,0,1,1,0.0
KLSP,1,0,1,1.0
KLSS,3,1,4,0.75
KLSb,1,1,2,0.5
KLSh,0,2,2,0.0
KLSm,1,0,1,1.0
KLSn,1,0,1,1.0
KLSs,1,1,2,0.5
KLbB,1,1,2,0.5
KLbL,1,0,1,1.0
KLbM,0,0,0,
KLbN,2,1,3,0.67
KLbP,2,2,4,0.5
KLbS,1,1,2,0.5
KLbb,1,1,2,0.5
KLbl,0,0,0,
KLbm,1,0,1,1.0
KLbn,1,2,3,0.33
KLbs,1,0,1,1.0
KLhL,1,0,1,1.0
KLhN,1,0,1,1.0
KLhP,1,0,1,1.0
KLhS,1,0,1,1.0
KLhb,2,1,3,0.67
KLhm,1,0,1,1.0
KLjL,0,1,1,0.0
KLjP,1,0,1,1.0
KLjb,1,1,2,0.5
KLlB,1,0,1,1.0
KLlM,1,1,2,0.5
KLlN,1,2,3,0.33
KLlP,1,1,2,0.5
KLlS,1,2,3,0.33
KLlb,0,2,2,0.0
KLlm,0,1,1,0.0
KLln,2,0,2,1.0
KLls,1,0,1,1.0
KLmB,0,1,1,0.0
KLmL,0,1,1,0.0
KLmN,1,0,1,1.0
KLmP,3,2,5,0.6
KLmS,0,1,1,0.0
KLmb,1,2,3,0.33
KLml,0,1,1,0.0
KLmm,0,2,2,0.0
KLmn,0,1,1,0.0
KLnB,1,0,1,1.0
KLnD,1,0,1,1.0
KLnH,0,1,1,0.0
KLnL,0,2,2,0.0
KLnM,2,1,3,0.67
KLnN,1,2,3,0.33
KLnP,0,1,1,0.0
KLnb,2,2,4,0.5
KLnl,1,0,1,1.0
KLnm,0,1,1,0.0
KLnn,2,0,2,1.0
KLns,1,0,1,1.0
KLsB,1,0,1,1.0
KLsH,1,2,3,0.33
KLsL,1,0,1,1.0
KLsM,2,0,2,1.0
KLsN,1,1,2,0.5
KLsP,0,1,1,0.0
KLsS,2,0,2,1.0
KLsb,1,1,2,0.5
KLsl,3,0,3,1.0
KLsm,1,1,2,0.5
KLss,1,0,1,1.0
KLtP,0,2,2,0.0
KMBB,3,3,6,0.5
KMBL,1,0,1,1.0
KMBM,4,1,5,0.8
KMBN,2,4,6,0.33
KMBP,0,1,1,0.0
KMBb,1,4,5,0.2
KMBh,0,1,1,0.0
KMBj,1,0,1,1.0
KMBl,0,1,1,0.0
KMBm,2,0,2,1.0
KMBn,1,3,4,0.25
KMBs,0,1,1,0.0
KMBt,1,0,1,1.0
KMDB,0,1,1,0.0
KMDK,0,0,0,
KMDS,0,1,1,0.0
KMDm,0,1,1,0.0
KMDn,0,1,1,0.0
KMDs,1,0,1,1.0
KMKH,0,0,0,
KMLB,2,1,3,0.67
KMLL,0,1,1,0.0
KMLM,0,2,2,0.0
KMLN,0,2,2,0.0
KMLP,2,1,3,0.67
KMLS,0,0,0,
KMLb,1,2,3,0.33
KMLh,0,1,1,0.0
KMLj,0,1,1,0.0
KMLl,0,1,1,0.0
KMLn,1,1,2,0.5
KMMB,2,4,6,0.33
KMMD,1,0,1,1.0
KMMM,1,5,6,0.17
KMMN,0,1,1,0.0
KMMP,5,2,7,0.71
KMMS,1,3,4,0.25
KMMb,2,1,3,0.67
KMMh,3,1,4,0.75
KMMj,2,0,2,1.0
KMMm,3,2,5,0.6
KMMn,4,3,7,0.57
KMMs,1,0,1,1.0
KMNB,2,3,5,0.4
KMND,0,1,1,0.0
KMNH,1,1,2,0.5
KMNL,0,1,1,0.0
KMNM,4,1,5,0.8
KMNP,4,1,5,0.8
KMNS,0,0,0,
KMNb,1,0,1,1.0
KMNh,1,0,1,1.0
KMNl,0,1,1,0.0
KMNm,0,2,2,0.0
KMNn,1,1,2,0.5
KMNs,0,2,2,0.0
KMNt,1,1,2,0.5
KMPB,2,1,3,0.67
KMPH,0,1,1,0.0
KMPI,0,1,1,0.0
KMPK,0,1,1,0.0
KMPL,2,3,5,0.4
KMPM,3,7,10,0.3
KMPN,3,3,6,0.5
KMPP,7,3,10,0.7
KMPS,2,2,4,0.5
KMPb,2,4,6,0.33
KMPl,2,0,2,1.0
KMPm,1,1,2,0.5
KMPn,4,3,7,0.57
KMPs,3,1,4,0.75
KMSB,2,0,2,1.0
KMSH,0,2,2,0.0
KMSL,0,2,2,0.0
KMSM,1,2,3,0.33
KMSN,4,0,4,1.0
KMSP,1,1,2,0.5
KMSS,0,0,0,
KMSb,3,3,6,0.5
KMSh,1,1,2,0.5
KMSl,0,1,1,0.0
KMSm,0,2,2,0.0
KMSn,0,1,1,0.0
KMSs,2,0,2,1.0
KMSt,0,1,1,0.0
KMbB,1,2,3,0.33
KMbH,1,0,1,1.0
KMbJ,0,2,2,0.0
KMbM,1,2,3,0.33
KMbN,2,6,8,0.25
KMbP,7,4,11,0.64
KMbS,3,1,4,0.75
KMbb,2,3,5,0.4
KMbl,1,2,3,0.33
KMbm,1,5,6,0.17
KMbn,4,2,6,0.67
KMbs,3,4,7,0.43
KMhB,0,2,2,0.0
KMhH,0,1,1,0.0
KMhL,1,1,2,0.5
KMhM,1,0,1,1.0
KMhN,2,3,5,0.4
KMhP,2,4,6,0.33
KMhS,0,2,2,0.0
KMhb,1,0,1,1.0
KMhh,2,1,3,0.67
KMhl,4,0,4,1.0
KMhm,3,3,6,0.5
KMhn,3,1,4,0.75
KMhs,4,0,4,1.0
KMht,1,0,1,1.0
KMjB,0,1,1,0.0
KMjL,0,1,1,0.0
KMjM,0,0,0,
KMjP,1,0,1,1.0
KMjb,3,0,3,1.0
KMjn,1,1,2,0.5
KMlB,1,0,1,1.0
KMlH,1,0,1,1.0
KMlJ,1,1,2,0.5
KMlL,0,2,2,0.0
KMlM,2,0,2,1.0
KMlN,1,2,3,0.33
KMlP,2,1,3,0.67
KMlS,1,3,4,0.25
KMlb,0,1,1,0.0
KMll,2,0,2,1.0
KMlm,0,1,1,0.0
KMln,2,1,3,0.67
KMls,3,1,4,0.75
KMmB,0,1,1,0.0
KMmH,1,4,5,0.2
KMmJ,0,0,0,
KMmL,0,1,1,0.0
KMmM,1,2,3,0.33
KMmN,1,3,4,0.25
KMmP,3,2,5,0.6
KMmS,4,1,5,0.8
KMmb,1,1,2,0.5
KMml,0,1,1,0.0
KMmm,0,1,1,0.0
KMmn,3,3,6,0.5
KMms,3,1,4,0.75
KMnB,1,2,3,0.33
KMnD,1,0,1,1.0
KMnH,1,1,2,0.5
KMnK,0,1,1,0.0
KMnL,0,1,1,0.0
KMnM,6,1,7,0.86
KMnN,5,4,9,0.56
KMnP,7,4,11,0.64
KMnS,1,2,3,0.33
KMnb,4,2,6,0.67
KMnl,1,1,2,0.5
KMnm,6,3,9,0.67
KMnn,3,3,6,0.5
KMns,1,2,3,0.33
KMsH,0,3,3,0.0
KMsM,2,0,2,1.0
KMsN,3,1,4,0.75
KMsP,1,2,3,0.33
KMsS,1,1,2,0.5
KMsb,1,0,1,1.0
KMsl,0,3,3,0.0
KMsm,3,2,5,0.6
KMsn,1,0,1,1.0
KMss,0,1,1,0.0
KMtL,1,0,1,1.0
KMtM,1,0,1,1.0
KMtN,1,0,1,1.0
KMtP,2,1,3,0.67
KMtb,1,0,1,1.0
KMtm,1,1,2,0.5
KMtn,0,1,1,0.0
KNBB,1,1,2,0.5
KNBL,1,0,1,1.0
KNBN,3,2,5,0.6
KNBP,2,2,4,0.5
KNBS,2,0,2,1.0
KNBb,1,1,2,0.5
KNBl,1,2,3,0.33
KNBm,0,1,1,0.0
KNBn,2,2,4,0.5
KNDH,0,0,0,
KNDb,0,1,1,0.0
KNDs,0,1,1,0.0
KNHK,0,1,1,0.0
KNHP,0,1,1,0.0
KNHn,1,0,1,1.0
KNHs,0,0,0,
KNKL,1,0,1,1.0
KNKm,1,0,1,1.0
KNKs,0,0,0,
KNLL,2,1,3,0.67
KNLM,1,2,3,0.33
KNLN,1,0,1,1.0
KNLP,0,1,1,0.0
KNLb,1,1,2,0.5
KNLl,1,1,2,0.5
KNLm,0,1,1,0.0
KNLn,1,1,2,0.5
KNMB,2,0,2,1.0
KNMM,4,2,6,0.67
KNMN,2,0,2,1.0
KNMP,1,1,2,0.5
KNMS,1,0,1,1.0
KNMb,1,2,3,0.33
KNMh,1,1,2,0.5
KNMj,0,1,1,0.0
KNMm,3,1,4,0.75
KNMn,2,6,8,0.25
KNMs,2,0,2,1.0
KNNB,2,0,2,1.0
KNND,0,1,1,0.0
KNNK,1,1,2,0.5
KNNL,0,4,4,0.0
KNNM,2,2,4,0.5
KNNN,2,1,3,0.67
KNNP,2,0,2,1.0
KNNS,0,1,1,0.0
KNNb,0,0,0,
KNNh,0,0,0,
KNNl,2,0,2,1.0
KNNm,0,1,1,0.0
KNNn,3,3,6,0.5
KNNs,1,1,2,0.5
KNNt,1,0,1,1.0
KNPB,1,1,2,0.5
KNPH,0,2,2,0.0
KNPI,0,1,1,0.0
KNPL,1,1,2,0.5
KNPM,2,2,4,0.5
KNPN,3,3,6,0.5
KNPP,7,7,14,0.5
KNPS,3,3,6,0.5
KNPb,3,3,6,0.5
KNPh,0,1,1,0.0
KNPl,1,1,2,0.5
KNPm,7,1,8,0.88
KNPn,3,4,7,0.43
KNPs,3,2,5,0.6
KNSB,1,1,2,0.5
KNSH,1,0,1,1.0
KNSM,1,3,4,0.25
KNSN,1,0,1,1.0
KNSP,1,1,2,0.5
KNSS,1,1,2,0.5
KNSb,3,0,3,1.0
KNSh,1,0,1,1.0
KNSl,0,1,1,0.0
KNSm,1,1,2,0.5
KNSn,0,3,3,0.0
KNSs,1,1,2,0.5
KNbB,3,0,3,1.0
KNbH,2,0,2,1.0
KNbJ,1,1,2,0.5
KNbL,1,0,1,1.0
KNbM,1,2,3,0.33
KNbN,1,0,1,1.0
KNbP,6,1,7,0.86
KNbS,0,1,1,0.0
KNbb,2,2,4,0.5
KNbl,0,1,1,0.0
KNbm,1,2,3,0.33
KNbn,0,3,3,0.0
KNbs,3,0,3,1.0
KNhB,2,0,2,1.0
KNhL,1,0,1,1.0
KNhM,1,0,1,1.0
KNhN,1,0,1,1.0
KNhP,0,1,1,0.0
KNhS,1,0,1,1.0
KNhb,1,1,2,0.5
KNhl,2,0,2,1.0
KNhn,0,1,1,0.0
KNht,1,0,1,1.0
KNlB,0,1,1,0.0
KNlH,3,0,3,1.0
KNlL,1,0,1,1.0
KNlM,1,0,1,1.0
KNlP,5,5,10,0.5
KNlS,1,1,2,0.5
KNlb,0,1,1,0.0
KNll,1,0,1,1.0
KNlm,2,1,3,0.67
KNln,1,2,3,0.33
KNls,1,0,1,1.0
KNmH,1,1,2,0.5
KNmI,0,1,1,0.0
KNmJ,0,0,0,
KNmL,0,1,1,0.0
KNmM,2,1,3,0.67
KNmP,1,2,3,0.33
KNmS,6,0,6,1.0
KNmb,2,1,3,0.67
KNmm,1,3,4,0.25
KNmn,0,0,0,
KNms,0,0,0,
KNnB,2,1,3,0.67
KNnI,0,1,1,0.0
KNnL,1,1,2,0.5
KNnM,2,1,3,0.67
KNnN,1,2,3,0.33
KNnP,7,1,8,0.88
KNnS,0,3,3,0.0
KNnb,2,2,4,0.5
KNnl,0,1,1,0.0
KNnm,0,4,4,0.0
KNnn,4,1,5,0.8
KNns,2,0,2,1.0
KNsB,0,1,1,0.0
KNsL,0,1,1,0.0
KNsM,3,2,5,0.6
KNsN,1,0,1,1.0
KNsP,2,4,6,0.33
KNsS,2,1,3,0.67
KNsb,0,1,1,0.0
KNsl,1,2,3,0.33
KNsm,0,2,2,0.0
KNsn,1,1,2,0.5
KNss,1,2,3,0.33
KNtH,0,1,1,0.0
KNtL,1,0,1,1.0
KNtP,0,1,1,0.0
KNtb,0,1,1,0.0
KNts,0,1,1,0.0
KPBB,2,5,7,0.29
KPBK,0,1,1,0.0
KPBL,2,3,5,0.4
KPBM,1,3,4,0.25
KPBN,6,1,7,0.86
KPBP,6,4,10,0.6
KPBS,1,2,3,0.33
KPBb,2,3,5,0.4
KPBh,0,0,0,
KPBj,1,1,2,0.5
KPBm,0,2,2,0.0
KPBn,4,5,9,0.44
KPBs,2,0,2,1.0
KPBt,1,2,3,0.33
KPDN,0,1,1,0.0
KPDS,0,0,0,
KPDb,1,0,1,1.0
KPDl,0,1,1,0.0
KPDs,0,1,1,0.0
KPHL,0,1,1,0.0
KPHN,2,0,2,1.0
KPHP,4,1,5,0.8
KPHS,0,1,1,0.0
KPHb,0,0,0,
KPHl,2,0,2,1.0
KPHs,1,0,1,1.0
KPHt,0,1,1,0.0
KPIL,0,0,0,
KPIs,0,1,1,0.0
KPKL,1,0,1,1.0
KPKN,0,1,1,0.0
KPKS,2,0,2,1.0
KPKb,0,1,1,0.0
KPKm,1,0,1,1.0
KPKs,1,0,1,1.0
KPLB,0,1,1,0.0
KPLL,1,2,3,0.33
KPLM,2,1,3,0.67
KPLN,2,3,5,0.4
KPLP,2,2,4,0.5
KPLS,3,0,3,1.0
KPLb,2,3,5,0.4
KPLj,0,0,0,
KPLl,2,3,5,0.4
KPLm,1,0,1,1.0
KPLn,0,2,2,0.0
KPLs,0,0,0,
KPLt,1,1,2,0.5
KPMB,2,5,7,0.29
KPMD,1,0,1,1.0
KPML,4,0,4,1.0
KPMM,2,2,4,0.5
KPMN,2,10,12,0.17
KPMP,3,6,9,0.33
KPMS,1,2,3,0.33
KPMb,4,3,7,0.57
KPMh,4,2,6,0.67
KPMl,3,4,7,0.43
KPMm,1,4,5,0.2
KPMn,4,1,5,0.8
KPMs,1,0,1,1.0
KPMt,1,0,1,1.0
KPNB,3,0,3,1.0
KPND,0,0,0,
KPNH,1,1,2,0.5
KPNK,1,0,1,1.0
KPNL,1,2,3,0.33
KPNM,0,9,9,0.0
KPNN,3,1,4,0.75
KPNP,1,3,4,0.25
KPNS,1,2,3,0.33
KPNb,5,3,8,0.62
KPNh,0,1,1,0.0
KPNl,2,1,3,0.67
KPNm,3,1,4,0.75
KPNn,3,3,6,0.5
KPNs,3,1,4,0.75
KPNt,1,0,1,1.0
KPPB,7,3,10,0.7
KPPH,1,1,2,0.5
KPPL,1,6,7,0.14
KPPM,4,8,12,0.33
KPPN,3,4,7,0.43
KPPP,10,5,15,0.67
KPPS,1,1,2,0.5
KPPb,8,10,18,0.44
KPPh,1,0,1,1.0
KPPl,3,4,7,0.43
KPPm,7,3,10,0.7
KPPn,3,6,9,0.33
KPPs,2,1,3,0.67
KPPt,0,1,1,0.0
KPSB,3,0,3,1.0
KPSL,1,0,1,1.0
KPSM,5,1,6,0.83
KPSN,1,0,1,1.0
KPSP,3,1,4,0.75
KPSS,2,4,6,0.33
KPSb,3,1,4,0.75
KPSh,1,2,3,0.33
KPSl,2,1,3,0.67
KPSm,4,2,6,0.67
KPSn,0,1,1,0.0
KPSs,2,2,4,0.5
KPSt,1,0,1,1.0
KPbB,1,4,5,0.2
KPbH,0,1,1,0.0
KPbJ,0,1,1,0.0
KPbK,0,1,1,0.0
KPbL,2,1,3,0.67
KPbM,4,2,6,0.67
KPbN,5,7,12,0.42
KPbP,4,5,9,0.44
KPbS,3,1,4,0.75
KPbb,10,4,14,0.71
KPbl,4,2,6,0.67
KPbm,2,2,4,0.5
KPbn,1,2,3,0.33
KPbs,3,0,3,1.0
KPhK,1,0,1,1.0
KPhL,0,1,1,0.0
KPhM,0,2,2,0.0
KPhP,1,1,2,0.5
KPhb,1,1,2,0.5
KPhh,0,1,1,0.0
KPhs,0,1,1,0.0
KPlB,0,0,0,
KPlH,1,1,2,0.5
KPlL,1,2,3,0.33
KPlM,1,2,3,0.33
KPlN,2,2,4,0.5
KPlP,2,1,3,0.67
KPlS,3,1,4,0.75
KPlb,1,1,2,0.5
KPll,0,3,3,0.0
KPlm,0,1,1,0.0
KPln,3,0,3,1.0
KPls,1,0,1,1.0
KPmB,3,0,3,1.0
KPmD,0,1,1,0.0
KPmH,4,2,6,0.67
KPmJ,0,1,1,0.0
KPmL,1,1,2,0.5
KPmM,3,3,6,0.5
KPmN,2,6,8,0.25
KPmP,3,6,9,0.33
KPmS,1,0,1,1.0
KPmb,4,1,5,0.8
KPml,3,2,5,0.6
KPmm,0,1,1,0.0
KPmn,0,3,3,0.0
KPms,1,1,2,0.5
KPnB,1,1,2,0.5
KPnH,0,2,2,0.0
KPnI,1,0,1,1.0
KPnK,0,1,1,0.0
KPnL,2,3,5,0.4
KPnM,1,1,2,0.5
KPnN,2,2,4,0.5
KPnP,5,5,10,0.5
KPnS,2,2,4,0.5
KPnb,4,1,5,0.8
KPnl,1,0,1,1.0
KPnm,1,1,2,0.5
KPnn,0,1,1,0.0
KPns,2,2,4,0.5
KPsB,1,3,4,0.25
KPsD,0,1,1,0.0
KPsH,1,4,5,0.2
KPsL,2,1,3,0.67
KPsM,3,3,6,0.5
KPsN,3,1,4,0.75
KPsP,8,2,10,0.8
KPsS,4,0,4,1.0
KPsb,1,0,1,1.0
KPsl,3,1,4,0.75
KPsm,3,1,4,0.75
KPsn,2,1,3,0.67
KPss,1,2,3,0.33
KPtB,0,1,1,0.0
KPtM,2,0,2,1.0
KPtN,1,0,1,1.0
KPtP,2,1,3,0.67
KPtb,1,1,2,0.5
KPtm,0,1,1,0.0
KPtn,0,0,0,
KPts,0,1,1,0.0
KSBL,1,0,1,1.0
KSBM,0,2,2,0.0
KSBN,2,1,3,0.67
KSBP,1,0,1,1.0
KSBS,1,0,1,1.0
KSBb,1,2,3,0.33
KSBh,0,1,1,0.0
KSBl,1,0,1,1.0
KSBm,1,0,1,1.0
KSBn,0,1,1,0.0
KSDH,1,0,1,1.0
KSDP,1,0,1,1.0
KSDm,0,1,1,0.0
KSDn,0,1,1,0.0
KSHL,1,0,1,1.0
KSHM,0,1,1,0.0
KSHP,2,2,4,0.5
KSHS,0,1,1,0.0
KSHb,0,1,1,0.0
KSHm,0,1,1,0.0
KSHn,0,2,2,0.0
KSHs,2,1,3,0.67
KSKL,0,1,1,0.0
KSLM,1,2,3,0.33
KSLN,2,1,3,0.67
KSLP,1,0,1,1.0
KSLS,0,1,1,0.0
KSLb,2,0,2,1.0
KSLh,0,1,1,0.0
KSLj,1,0,1,1.0
KSLl,0,1,1,0.0
KSLm,2,1,3,0.67
KSLn,1,1,2,0.5
KSLs,0,1,1,0.0
KSMB,3,0,3,1.0
KSMD,0,1,1,0.0
KSML,1,0,1,1.0
KSMM,1,1,2,0.5
KSMN,1,1,2,0.5
KSMP,1,2,3,0.33
KSMS,3,0,3,1.0
KSMb,3,2,5,0.6
KSMh,4,1,5,0.8
KSMj,0,1,1,0.0
KSMl,0,1,1,0.0
KSMm,0,0,0,
KSMn,1,1,2,0.5
KSMs,3,1,4,0.75
KSMt,0,1,1,0.0
KSND,1,0,1,1.0
KSNM,0,2,2,0.0
KSNN,0,0,0,
KSNP,1,1,2,0.5
KSNS,0,1,1,0.0
KSNb,1,2,3,0.33
KSNl,1,0,1,1.0
KSNm,2,1,3,0.67
KSNs,0,3,3,0.0
KSPB,2,2,4,0.5
KSPH,1,1,2,0.5
KSPK,0,1,1,0.0
KSPL,0,3,3,0.0
KSPM,3,2,5,0.6
KSPN,2,1,3,0.67
KSPP,4,2,6,0.67
KSPS,2,2,4,0.5
KSPb,6,4,10,0.6
KSPl,4,0,4,1.0
KSPm,0,1,1,0.0
KSPn,1,3,4,0.25
KSPs,2,3,5,0.4
KSSB,1,0,1,1.0
KSSH,1,1,2,0.5
KSSM,1,3,4,0.25
KSSN,0,5,5,0.0
KSSP,2,4,6,0.33
KSSS,1,1,2,0.5
KSSb,2,0,2,1.0
KSSh,0,2,2,0.0
KSSl,1,0,1,1.0
KSSm,1,2,3,0.33
KSSn,0,3,3,0.0
KSSs,4,1,5,0.8
KSbB,4,1,5,0.8
KSbH,1,0,1,1.0
KSbJ,1,1,2,0.5
KSbL,2,0,2,1.0
KSbM,1,2,3,0.33
KSbN,2,2,4,0.5
KSbP,2,5,7,0.29
KSbS,1,1,2,0.5
KSbb,2,3,5,0.4
KSbl,2,1,3,0.67
KSbm,1,2,3,0.33
KSbn,4,0,4,1.0
KShB,1,0,1,1.0
KShL,0,1,1,0.0
KShM,2,1,3,0.67
KShN,0,2,2,0.0
KShP,2,1,3,0.67
KShS,0,1,1,0.0
KShb,2,1,3,0.67
KShh,1,4,5,0.2
KShm,1,0,1,1.0
KShn,1,0,1,1.0
KShs,0,2,2,0.0
KSht,1,0,1,1.0
KSlB,1,1,2,0.5
KSlH,1,1,2,0.5
KSlI,1,0,1,1.0
KSlJ,0,0,0,
KSlL,1,0,1,1.0
KSlN,1,0,1,1.0
KSlP,2,0,2,1.0
KSlS,1,2,3,0.33
KSlb,1,0,1,1.0
KSll,0,1,1,0.0
KSln,1,0,1,1.0
KSls,1,1,2,0.5
KSmB,3,0,3,1.0
KSmH,2,1,3,0.67
KSmI,1,0,1,1.0
KSmM,0,1,1,0.0
KSmN,0,1,1,0.0
KSmP,2,4,6,0.33
KSmS,0,1,1,0.0
KSmb,1,3,4,0.25
KSml,2,0,2,1.0
KSmm,1,1,2,0.5
KSmn,2,0,2,1.0
KSms,1,0,1,1.0
KSnB,1,0,1,1.0
KSnD,0,1,1,0.0
KSnH,0,0,0,
KSnI,0,1,1,0.0
KSnL,0,1,1,0.0
KSnM,5,4,9,0.56
KSnN,1,1,2,0.5
KSnP,6,1,7,0.86
KSnS,0,2,2,0.0
KSnb,4,0,4,1.0
KSnl,2,1,3,0.67
KSnm,0,2,2,0.0
KSnn,7,2,9,0.78
KSns,2,0,2,1.0
KSsB,1,1,2,0.5
KSsH,2,1,3,0.67
KSsL,1,1,2,0.5
KSsM,1,1,2,0.5
KSsN,0,0,0,
KSsP,2,3,5,0.4
KSsS,1,1,2,0.5
KSsb,1,2,3,0.33
KSsl,0,1,1,0.0
KSsm,2,1,3,0.67
KSsn,2,3,5,0.4
KSss,4,3,7,0.57
KStN,0,1,1,0.0
KStS,2,0,2,1.0
KStl,0,0,0,
KStn,0,0,0,
KSts,0,0,0,
KbBB,0,1,1,0.0
KbBM,5,2,7,0.71
KbBN,1,0,1,1.0
KbBP,4,2,6,0.67
KbBS,2,2,4,0.5
KbBb,4,7,11,0.36
KbBj,1,0,1,1.0
KbBm,2,1,3,0.67
KbBn,1,4,5,0.2
KbBs,1,0,1,1.0
KbDN,0,0,0,
KbDP,0,1,1,0.0
KbDm,1,0,1,1.0
KbHB,1,0,1,1.0
KbHM,1,0,1,1.0
KbHN,0,2,2,0.0
KbHP,0,1,1,0.0
KbHS,0,1,1,0.0
KbHb,1,2,3,0.33
KbHl,1,0,1,1.0
KbHm,0,2,2,0.0
KbHn,1,2,3,0.33
KbHs,1,0,1,1.0
KbIH,0,0,0,
KbIM,0,1,1,0.0
KbIS,0,1,1,0.0
KbJB,1,0,1,1.0
KbJH,0,1,1,0.0
KbJM,0,1,1,0.0
KbJN,0,1,1,0.0
KbJP,0,2,2,0.0
KbJb,1,1,2,0.5
KbJm,0,1,1,0.0
KbJs,0,1,1,0.0
KbJt,1,0,1,1.0
KbKM,0,1,1,0.0
KbKS,0,1,1,0.0
KbKb,0,1,1,0.0
KbLB,0,1,1,0.0
KbLL,0,1,1,0.0
KbLM,0,1,1,0.0
KbLN,2,0,2,1.0
KbLP,0,1,1,0.0
KbLS,0,0,0,
KbLb,1,2,3,0.33
KbLh,0,1,1,0.0
KbLj,0,0,0,
KbLm,1,0,1,1.0
KbLn,1,2,3,0.33
KbLs,1,0,1,1.0
KbMB,4,2,6,0.67
KbMM,2,3,5,0.4
KbMN,0,2,2,0.0
KbMP,4,4,8,0.5
KbMS,0,1,1,0.0
KbMb,6,4,10,0.6
KbMh,3,1,4,0.75
KbMj,2,1,3,0.67
KbMl,0,2,2,0.0
KbMm,2,1,3,0.67
KbMn,1,3,4,0.25
KbMs,3,3,6,0.5
KbNB,2,1,3,0.67
KbNL,0,1,1,0.0
KbNM,4,3,7,0.57
KbNN,4,3,7,0.57
KbNP,6,6,12,0.5
KbNS,1,3,4,0.25
KbNb,3,1,4,0.75
KbNh,3,1,4,0.75
KbNl,2,1,3,0.67
KbNm,3,0,3,1.0
KbNn,4,1,5,0.8
KbNs,4,1,5,0.8
KbNt,2,0,2,1.0
KbPB,4,3,7,0.57
KbPH,1,0,1,1.0
KbPK,1,1,2,0.5
KbPL,1,2,3,0.33
KbPM,9,5,14,0.64
KbPN,2,1,3,0.67
KbPP,1,6,7,0.14
KbPS,1,0,1,1.0
KbPb,6,1,7,0.86
KbPh,1,0,1,1.0
KbPl,2,2,4,0.5
KbPm,4,1,5,0.8
KbPn,1,3,4,0.25
KbPs,1,1,2,0.5
KbSB,1,0,1,1.0
KbSD,0,1,1,0.0
KbSL,1,2,3,0.33
KbSM,2,3,5,0.4
KbSP,4,1,5,0.8
KbSS,1,2,3,0.33
KbSb,1,3,4,0.25
KbSh,3,1,4,0.75
KbSl,0,3,3,0.0
KbSm,2,0,2,1.0
KbSn,2,1,3,0.67
KbSs,1,3,4,0.25
KbbB,4,2,6,0.67
KbbH,1,0,1,1.0
KbbL,1,2,3,0.33
KbbM,6,3,9,0.67
KbbN,2,1,3,0.67
KbbP,2,4,6,0.33
KbbS,3,2,5,0.6
Kbbb,4,3,7,0.57
Kbbl,2,1,3,0.67
Kbbm,4,0,4,1.0
Kbbn,2,1,3,0.67
Kbbs,1,1,2,0.5
KblB,0,1,1,0.0
KblH,2,1,3,0.67
KblJ,0,1,1,0.0
KblL,1,1,2,0.5
KblM,1,0,1,1.0
KblN,2,1,3,0.67
KblP,1,5,6,0.17
KblS,0,1,1,0.0
Kblb,2,0,2,1.0
Kbll,1,1,2,0.5
Kblm,1,0,1,1.0
Kbln,0,1,1,0.0
Kbls,2,1,3,0.67
KbmB,2,1,3,0.67
KbmH,1,1,2,0.5
KbmJ,0,1,1,0.0
KbmL,0,1,1,0.0
KbmM,1,2,3,0.33
KbmN,0,1,1,0.0
KbmP,3,2,5,0.6
KbmS,1,1,2,0.5
Kbmb,4,2,6,0.67
Kbmm,1,0,1,1.0
Kbmn,0,1,1,0.0
Kbms,1,0,1,1.0
KbnB,2,0,2,1.0
KbnH,1,1,2,0.5
KbnK,0,1,1,0.0
KbnM,3,1,4,0.75
KbnN,2,1,3,0.67
KbnP,5,3,8,0.62
KbnS,4,0,4,1.0
Kbnb,2,2,4,0.5
Kbnl,2,1,3,0.67
Kbnm,2,1,3,0.67
Kbnn,2,2,4,0.5
Kbns,1,3,4,0.25
KbsB,0,0,0,
KbsH,0,1,1,0.0
KbsL,1,0,1,1.0
KbsN,1,0,1,1.0
KbsP,2,0,2,1.0
KbsS,3,3,6,0.5
Kbsb,0,1,1,0.0
Kbsl,1,0,1,1.0
Kbsm,2,1,3,0.67
KhBB,0,1,1,0.0
KhBD,0,1,1,0.0
KhBL,2,1,3,0.67
KhBM,0,5,5,0.0
KhBN,0,1,1,0.0
KhBP,1,1,2,0.5
KhBS,1,1,2,0.5
KhBb,1,1,2,0.5
KhBj,1,1,2,0.5
KhBl,3,0,3,1.0
KhBm,0,3,3,0.0
KhBn,1,4,5,0.2
KhBs,0,1,1,0.0
KhBt,0,0,0,
KhDL,1,0,1,1.0
KhHB,0,1,1,0.0
KhHM,0,2,2,0.0
KhHN,1,1,2,0.5
KhHP,0,1,1,0.0
KhHl,0,1,1,0.0
KhHm,1,0,1,1.0
KhHn,1,0,1,1.0
KhIM,0,0,0,
KhKL,0,1,1,0.0
KhKm,0,0,0,
KhLB,1,0,1,1.0
KhLM,3,1,4,0.75
KhLN,1,1,2,0.5
KhLP,2,1,3,0.67
KhLb,2,2,4,0.5
KhLh,1,1,2,0.5
KhLj,1,0,1,1.0
KhLm,3,0,3,1.0
KhLn,1,1,2,0.5
KhMB,2,2,4,0.5
KhML,3,2,5,0.6
KhMM,3,2,5,0.6
KhMP,0,2,2,0.0
KhMS,1,2,3,0.33
KhMb,2,2,4,0.5
KhMh,1,2,3,0.33
KhMj,1,0,1,1.0
KhMl,0,3,3,0.0
KhMm,0,2,2,0.0
KhMn,1,0,1,1.0
KhMs,1,2,3,0.33
KhMt,0,2,2,0.0
KhNB,3,1,4,0.75
KhNL,1,0,1,1.0
KhNM,2,2,4,0.5
KhNN,0,1,1,0.0
KhNP,1,0,1,1.0
KhNS,1,0,1,1.0
KhNb,1,1,2,0.5
KhNl,1,0,1,1.0
KhNm,1,1,2,0.5
KhNn,2,2,4,0.5
KhNs,1,0,1,1.0
KhPB,1,3,4,0.25
KhPH,1,2,3,0.33
KhPI,0,2,2,0.0
KhPK,1,0,1,1.0
KhPL,1,1,2,0.5
KhPM,3,2,5,0.6
KhPN,1,1,2,0.5
KhPP,5,4,9,0.56
KhPS,2,2,4,0.5
KhPb,3,6,9,0.33
KhPl,1,1,2,0.5
KhPm,2,0,2,1.0
KhPn,3,2,5,0.6
KhPs,6,1,7,0.86
KhSB,1,1,2,0.5
KhSD,1,0,1,1.0
KhSH,1,0,1,1.0
KhSL,1,0,1,1.0
KhSM,1,1,2,0.5
KhSN,1,1,2,0.5
KhSP,2,2,4,0.5
KhSS,1,0,1,1.0
KhSb,0,1,1,0.0
KhSh,3,0,3,1.0
KhSl,0,2,2,0.0
KhSm,1,0,1,1.0
KhSn,2,3,5,0.4
KhSs,2,3,5,0.4
KhbB,3,1,4,0.75
KhbH,0,1,1,0.0
KhbJ,0,1,1,0.0
KhbL,1,3,4,0.25
KhbM,1,3,4,0.25
KhbN,0,2,2,0.0
KhbP,3,4,7,0.43
KhbS,1,3,4,0.25
Khbb,7,5,12,0.58
Khbl,2,0,2,1.0
Khbm,2,3,5,0.4
Khbn,1,2,3,0.33
Khbs,3,0,3,1.0
KhhB,1,1,2,0.5
KhhK,1,0,1,1.0
KhhL,0,0,0,
KhhM,2,3,5,0.4
KhhN,0,2,2,0.0
KhhP,5,1,6,0.83
KhhS,0,3,3,0.0
Khhb,1,3,4,0.25
Khhh,1,0,1,1.0
Khhl,3,0,3,1.0
Khhn,1,1,2,0.5
Khht,1,0,1,1.0
KhlB,0,1,1,0.0
KhlH,3,0,3,1.0
KhlJ,2,0,2,1.0
KhlL,2,0,2,1.0
KhlM,1,2,3,0.33
KhlN,0,3,3,0.0
KhlP,1,3,4,0.25
KhlS,0,1,1,0.0
Khlb,2,1,3,0.67
Khll,1,2,3,0.33
Khlm,0,1,1,0.0
Khln,2,1,3,0.67
Khls,2,0,2,1.0
KhmB,1,1,2,0.5
KhmH,1,2,3,0.33
KhmJ,1,0,1,1.0
KhmL,0,2,2,0.0
KhmM,2,1,3,0.67
KhmN,1,2,3,0.33
KhmP,1,2,3,0.33
KhmS,2,2,4,0.5
Khmb,2,1,3,0.67
Khml,1,0,1,1.0
Khmm,1,0,1,1.0
Khmn,1,1,2,0.5
Khms,0,1,1,0.0
KhnB,2,0,2,1.0
KhnK,0,3,3,0.0
KhnL,1,3,4,0.25
KhnM,1,1,2,0.5
KhnN,0,3,3,0.0
KhnP,1,1,2,0.5
KhnS,0,2,2,0.0
Khnb,3,2,5,0.6
Khnl,2,0,2,1.0
Khnm,1,1,2,0.5
Khnn,1,1,2,0.5
Khns,1,2,3,0.33
KhsB,0,2,2,0.0
KhsD,0,0,0,
KhsH,1,1,2,0.5
KhsL,1,1,2,0.5
KhsM,0,2,2,0.0
KhsN,1,1,2,0.5
KhsP,2,3,5,0.4
Khsb,1,1,2,0.5
Khsl,1,1,2,0.5
Khsm,1,0,1,1.0
Khsn,0,1,1,0.0
Khss,1,1,2,0.5
KhtD,1,0,1,1.0
KhtL,0,0,0,
Khts,1,0,1,1.0
KlBB,0,0,0,
KlBL,1,0,1,1.0
KlBM,1,1,2,0.5
KlBN,2,2,4,0.5
KlBP,1,1,2,0.5
KlBb,1,0,1,1.0
KlBl,0,1,1,0.0
KlBm,2,0,2,1.0
KlBn,0,2,2,0.0
KlBs,1,0,1,1.0
KlDB,0,1,1,0.0
KlDH,1,0,1,1.0
KlDL,1,1,2,0.5
KlDM,1,0,1,1.0
KlHB,1,0,1,1.0
KlHM,1,0,1,1.0
KlHN,2,1,3,0.67
KlHP,2,0,2,1.0
KlHS,0,1,1,0.0
KlHb,1,0,1,1.0
KlHl,0,0,0,
KlHm,0,1,1,0.0
KlHn,0,0,0,
KlHs,2,0,2,1.0
KlIB,0,0,0,
KlIH,0,0,0,
KlIM,0,1,1,0.0
KlIn,1,0,1,1.0
KlJB,0,2,2,0.0
KlJM,0,1,1,0.0
KlJP,0,1,1,0.0
KlJh,1,0,1,1.0
KlJl,0,0,0,
KlJn,0,2,2,0.0
KlJs,0,0,0,
KlKn,1,0,1,1.0
KlKs,0,1,1,0.0
KlLB,1,1,2,0.5
KlLD,1,0,1,1.0
KlLM,1,2,3,0.33
KlLN,1,2,3,0.33
KlLS,1,1,2,0.5
KlLb,1,1,2,0.5
KlLm,2,0,2,1.0
KlLn,1,1,2,0.5
KlMB,0,2,2,0.0
KlML,1,1,2,0.5
KlMM,1,2,3,0.33
KlMN,2,1,3,0.67
KlMP,2,2,4,0.5
KlMS,0,1,1,0.0
KlMb,4,1,5,0.8
KlMh,2,0,2,1.0
KlMj,1,0,1,1.0
KlMl,1,2,3,0.33
KlMm,1,2,3,0.33
KlMn,3,3,6,0.5
KlMs,1,1,2,0.5
KlNB,1,2,3,0.33
KlND,0,1,1,0.0
KlNH,0,1,1,0.0
KlNK,0,2,2,0.0
KlNL,1,0,1,1.0
KlNM,2,3,5,0.4
KlNN,4,1,5,0.8
KlNP,3,4,7,0.43
KlNS,1,2,3,0.33
KlNb,1,4,5,0.2
KlNl,1,2,3,0.33
KlNn,1,1,2,0.5
KlNs,2,0,2,1.0
KlNt,0,1,1,0.0
KlPB,1,3,4,0.25
KlPH,0,1,1,0.0
KlPK,1,0,1,1.0
KlPL,0,1,1,0.0
KlPM,2,1,3,0.67
KlPN,3,2,5,0.6
KlPP,1,2,3,0.33
KlPS,1,2,3,0.33
KlPb,2,2,4,0.5
KlPl,2,2,4,0.5
KlPm,3,2,5,0.6
KlPn,2,2,4,0.5
KlPt,1,0,1,1.0
KlSB,0,1,1,0.0
KlSH,1,0,1,1.0
KlSN,1,2,3,0.33
KlSb,1,3,4,0.25
KlSh,1,1,2,0.5
KlSl,0,1,1,0.0
KlSn,0,1,1,0.0
KlSs,2,1,3,0.67
KlSt,0,0,0,
KlbB,1,0,1,1.0
KlbI,0,0,0,
KlbK,0,0,0,
KlbM,3,3,6,0.5
KlbN,4,1,5,0.8
KlbP,3,3,6,0.5
Klbb,2,2,4,0.5
Klbl,1,0,1,1.0
Klbm,2,1,3,0.67
Klbn,3,0,3,1.0
KllB,1,1,2,0.5
KllM,1,2,3,0.33
KllN,1,1,2,0.5
KllP,0,2,2,0.0
Kllb,1,0,1,1.0
Kllm,1,0,1,1.0
Klls,0,1,1,0.0
KlmB,2,0,2,1.0
KlmL,0,1,1,0.0
KlmM,1,2,3,0.33
KlmN,1,1,2,0.5
KlmP,3,3,6,0.5
KlmS,1,1,2,0.5
Klmb,1,0,1,1.0
Klml,2,0,2,1.0
Klmm,0,1,1,0.0
Klmn,1,1,2,0.5
Klms,1,0,1,1.0
KlnH,0,1,1,0.0
KlnI,0,0,0,
KlnK,0,1,1,0.0
KlnL,1,1,2,0.5
KlnM,2,0,2,1.0
KlnN,4,0,4,1.0
KlnP,1,2,3,0.33
KlnS,0,1,1,0.0
Klnb,0,3,3,0.0
Klnl,0,1,1,0.0
Klnn,2,1,3,0.67
Klns,1,0,1,1.0
KlsB,3,1,4,0.75
KlsH,1,1,2,0.5
KlsN,2,2,4,0.5
KlsP,2,1,3,0.67
Klsb,3,2,5,0.6
Klsm,0,0,0,
Klsn,2,0,2,1.0
Klss,0,1,1,0.0
KmBB,1,0,1,1.0
KmBL,0,0,0,
KmBM,2,2,4,0.5
KmBN,1,2,3,0.33
KmBP,1,1,2,0.5
KmBS,1,2,3,0.33
KmBb,2,2,4,0.5
KmBj,1,3,4,0.25
KmBl,1,0,1,1.0
KmBn,2,4,6,0.33
KmBs,1,0,1,1.0
KmDS,0,0,0,
KmDs,2,1,3,0.67
KmHB,3,0,3,1.0
KmHD,0,1,1,0.0
KmHK,0,1,1,0.0
KmHL,1,0,1,1.0
KmHM,2,2,4,0.5
KmHN,0,0,0,
KmHP,8,1,9,0.89
KmHS,2,1,3,0.67
KmHb,1,3,4,0.25
KmHh,1,2,3,0.33
KmHl,0,0,0,
KmHm,0,1,1,0.0
KmHn,2,1,3,0.67
KmHs,2,3,5,0.4
KmIP,0,1,1,0.0
KmIl,1,0,1,1.0
KmIn,0,0,0,
KmJB,0,2,2,0.0
KmJL,1,0,1,1.0
KmJM,1,0,1,1.0
KmJN,0,1,1,0.0
KmJS,0,0,0,
KmLB,3,0,3,1.0
KmLL,1,0,1,1.0
KmLM,0,1,1,0.0
KmLP,2,1,3,0.67
KmLb,1,1,2,0.5
KmLj,1,0,1,1.0
KmLm,1,0,1,1.0
KmLn,1,1,2,0.5
KmLs,1,0,1,1.0
KmLt,0,1,1,0.0
KmML,0,1,1,0.0
KmMM,4,7,11,0.36
KmMN,1,2,3,0.33
KmMP,4,3,7,0.57
KmMS,0,3,3,0.0
KmMb,2,2,4,0.5
KmMh,5,1,6,0.83
KmMj,1,1,2,0.5
KmMl,1,0,1,1.0
KmMm,1,3,4,0.25
KmMn,4,6,10,0.4
KmMs,1,1,2,0.5
KmNB,3,3,6,0.5
KmNH,0,1,1,0.0
KmNK,0,1,1,0.0
KmNL,3,1,4,0.75
KmNM,3,2,5,0.6
KmNN,1,2,3,0.33
KmNP,2,6,8,0.25
KmNS,3,0,3,1.0
KmNb,0,1,1,0.0
KmNl,1,2,3,0.33
KmNm,0,1,1,0.0
KmNn,1,4,5,0.2
KmNs,1,1,2,0.5
KmPB,3,2,5,0.6
KmPK,0,1,1,0.0
KmPL,1,1,2,0.5
KmPM,1,3,4,0.25
KmPN,8,5,13,0.62
KmPP,4,5,9,0.44
KmPS,0,1,1,0.0
KmPb,2,4,6,0.33
KmPh,1,0,1,1.0
KmPl,1,4,5,0.2
KmPm,2,0,2,1.0
KmPn,2,0,2,1.0
KmPs,1,0,1,1.0
KmSB,1,0,1,1.0
KmSH,1,1,2,0.5
KmSL,1,0,1,1.0
KmSM,2,4,6,0.33
KmSN,0,1,1,0.0
KmSP,2,5,7,0.29
KmSS,0,3,3,0.0
KmSb,1,0,1,1.0
KmSh,1,1,2,0.5
KmSl,0,2,2,0.0
KmSm,3,0,3,1.0
KmSn,2,0,2,1.0
KmSs,0,0,0,
KmbB,1,4,5,0.2
KmbD,0,0,0,
KmbH,1,1,2,0.5
KmbL,2,1,3,0.67
KmbM,2,1,3,0.67
KmbN,1,3,4,0.25
KmbP,3,7,10,0.3
KmbS,0,3,3,0.0
Kmbb,3,5,8,0.38
Kmbl,2,2,4,0.5
Kmbm,3,3,6,0.5
Kmbn,3,3,6,0.5
KmlB,0,1,1,0.0
KmlH,1,0,1,1.0
KmlL,0,5,5,0.0
KmlM,0,2,2,0.0
KmlN,1,0,1,1.0
KmlP,0,1,1,0.0
KmlS,1,0,1,1.0
Kmlb,1,1,2,0.5
Kmll,1,0,1,1.0
Kmln,3,0,3,1.0
Kmls,1,0,1,1.0
KmmB,3,4,7,0.43
KmmD,0,1,1,0.0
KmmH,2,2,4,0.5
KmmL,2,0,2,1.0
KmmM,2,2,4,0.5
KmmN,2,0,2,1.0
KmmP,1,3,4,0.25
KmmS,1,1,2,0.5
Kmmb,1,1,2,0.5
Kmml,1,1,2,0.5
Kmmm,0,2,2,0.0
Kmmn,1,2,3,0.33
Kmms,1,1,2,0.5
KmnB,2,1,3,0.67
KmnD,1,0,1,1.0
KmnH,1,1,2,0.5
KmnL,0,1,1,0.0
KmnM,1,1,2,0.5
KmnN,2,2,4,0.5
KmnP,4,4,8,0.5
KmnS,1,1,2,0.5
Kmnb,2,1,3,0.67
Kmnl,2,0,2,1.0
Kmnm,1,1,2,0.5
Kmnn,1,0,1,1.0
KmsB,1,0,1,1.0
KmsH,0,1,1,0.0
KmsI,0,1,1,0.0
KmsM,2,5,7,0.29
KmsN,0,0,0,
KmsP,1,3,4,0.25
KmsS,2,1,3,0.67
Kmsb,0,1,1,0.0
Kmsm,2,1,3,0.67
Kmsn,0,2,2,0.0
Kmss,0,1,1,0.0
KnBB,2,2,4,0.5
KnBK,0,2,2,0.0
KnBL,1,0,1,1.0
KnBM,3,2,5,0.6
KnBN,1,1,2,0.5
KnBP,1,3,4,0.25
KnBS,1,1,2,0.5
KnBb,0,3,3,0.0
KnBm,1,1,2,0.5
KnBn,1,3,4,0.25
KnBs,0,1,1,0.0
KnBt,0,1,1,0.0
KnDD,1,0,1,1.0
KnDP,0,1,1,0.0
KnDS,1,0,1,1.0
KnDm,0,0,0,
KnDn,0,1,1,0.0
KnHB,4,2,6,0.67
KnHM,1,1,2,0.5
KnHN,0,2,2,0.0
KnHP,2,4,6,0.33
KnHS,1,1,2,0.5
KnHh,0,0,0,
KnHm,3,4,7,0.43
KnHn,3,2,5,0.6
KnHs,1,0,1,1.0
KnIM,0,1,1,0.0
KnIN,0,1,1,0.0
KnIP,1,0,1,1.0
KnIS,2,0,2,1.0
KnIb,0,2,2,0.0
KnIn,0,1,1,0.0
KnKN,0,1,1,0.0
KnKS,1,0,1,1.0
KnKh,0,1,1,0.0
KnKm,2,1,3,0.67
KnKn,0,1,1,0.0
KnLB,3,1,4,0.75
KnLL,1,1,2,0.5
KnLM,1,1,2,0.5
KnLP,2,2,4,0.5
KnLS,0,0,0,
KnLb,0,3,3,0.0
KnLl,1,0,1,1.0
KnLm,1,1,2,0.5
KnLn,3,0,3,1.0
KnLs,0,1,1,0.0
KnMB,2,1,3,0.67
KnML,0,2,2,0.0
KnMM,1,1,2,0.5
KnMN,1,3,4,0.25
KnMP,5,3,8,0.62
KnMS,3,5,8,0.38
KnMb,4,2,6,0.67
KnMh,2,5,7,0.29
KnMj,0,1,1,0.0
KnMl,3,0,3,1.0
KnMm,1,1,2,0.5
KnMn,3,1,4,0.75
KnMt,1,1,2,0.5
KnNB,2,0,2,1.0
KnNH,0,1,1,0.0
KnNL,1,0,1,1.0
KnNM,2,4,6,0.33
KnNN,3,2,5,0.6
KnNP,6,3,9,0.67
KnNS,1,2,3,0.33
KnNb,1,5,6,0.17
KnNh,0,2,2,0.0
KnNl,3,0,3,1.0
KnNm,2,0,2,1.0
KnNn,7,2,9,0.78
KnNs,0,2,2,0.0
KnNt,1,1,2,0.5
KnPB,3,2,5,0.6
KnPD,1,0,1,1.0
KnPH,0,1,1,0.0
KnPK,2,0,2,1.0
KnPL,2,1,3,0.67
KnPM,2,4,6,0.33
KnPN,3,3,6,0.5
KnPP,9,5,14,0.64
KnPS,2,2,4,0.5
KnPb,3,2,5,0.6
KnPh,1,0,1,1.0
KnPl,4,0,4,1.0
KnPm,5,4,9,0.56
KnPn,1,1,2,0.5
KnPs,2,0,2,1.0
KnPt,1,0,1,1.0
KnSB,1,1,2,0.5
KnSH,0,0,0,
KnSL,0,1,1,0.0
KnSM,3,5,8,0.38
KnSN,3,0,3,1.0
KnSP,2,2,4,0.5
KnSS,1,5,6,0.17
KnSb,1,2,3,0.33
KnSh,2,2,4,0.5
KnSl,1,0,1,1.0
KnSm,0,2,2,0.0
KnSn,5,6,11,0.45
KnSs,0,4,4,0.0
KnSt,1,0,1,1.0
KnbB,3,0,3,1.0
KnbD,1,0,1,1.0
KnbH,1,0,1,1.0
KnbI,0,1,1,0.0
KnbJ,3,0,3,1.0
KnbL,1,0,1,1.0
KnbM,2,2,4,0.5
KnbN,4,3,7,0.57
KnbP,4,6,10,0.4
KnbS,2,2,4,0.5
Knbb,3,7,10,0.3
Knbl,1,1,2,0.5
Knbm,3,1,4,0.75
Knbn,0,3,3,0.0
Knbs,1,2,3,0.33
Knhl,1,0,1,1.0
KnlB,1,0,1,1.0
KnlH,0,1,1,0.0
KnlL,1,2,3,0.33
KnlM,1,3,4,0.25
KnlN,2,1,3,0.67
KnlP,2,1,3,0.67
KnlS,1,0,1,1.0
Knlb,1,2,3,0.33
Knll,1,0,1,1.0
Knlm,1,0,1,1.0
Knls,1,0,1,1.0
KnmB,2,1,3,0.67
KnmD,1,0,1,1.0
KnmH,2,0,2,1.0
KnmL,2,0,2,1.0
KnmM,1,2,3,0.33
KnmN,4,2,6,0.67
KnmP,2,2,4,0.5
KnmS,0,1,1,0.0
Knmb,3,4,7,0.43
Knml,2,0,2,1.0
Knmm,1,0,1,1.0
Knmn,2,1,3,0.67
Knms,1,0,1,1.0
KnnB,1,0,1,1.0
KnnH,1,1,2,0.5
KnnK,0,1,1,0.0
KnnL,0,1,1,0.0
KnnM,2,4,6,0.33
KnnN,2,4,6,0.33
KnnP,3,3,6,0.5
KnnS,3,1,4,0.75
Knnb,1,1,2,0.5
Knnl,1,0,1,1.0
Knnm,3,0,3,1.0
Knnn,4,2,6,0.67
KnsD,1,0,1,1.0
KnsH,2,2,4,0.5
KnsL,2,2,4,0.5
KnsM,0,1,1,0.0
KnsN,3,2,5,0.6
KnsP,2,4,6,0.33
KnsS,2,2,4,0.5
Knsb,1,2,3,0.33
Knsl,3,2,5,0.6
Knsm,1,3,4,0.25
Knsn,2,0,2,1.0
Knss,2,2,4,0.5
KsBB,1,2,3,0.33
KsBL,0,1,1,0.0
KsBM,0,1,1,0.0
KsBN,0,1,1,0.0
KsBP,3,2,5,0.6
KsBS,1,2,3,0.33
KsBb,1,0,1,1.0
KsBj,0,1,1,0.0
KsBl,1,0,1,1.0
KsBm,1,1,2,0.5
KsBn,1,2,3,0.33
KsBs,0,0,0,
KsBt,1,0,1,1.0
KsDB,1,0,1,1.0
KsDM,0,1,1,0.0
KsDP,1,0,1,1.0
KsDS,0,0,0,
KsDs,0,1,1,0.0
KsHB,0,1,1,0.0
KsHD,0,1,1,0.0
KsHH,1,0,1,1.0
KsHI,0,1,1,0.0
KsHL,1,0,1,1.0
KsHM,0,0,0,
KsHN,2,2,4,0.5
KsHP,3,2,5,0.6
KsHb,2,3,5,0.4
KsHh,1,1,2,0.5
KsHl,0,2,2,0.0
KsHm,2,0,2,1.0
KsHn,2,2,4,0.5
KsHs,0,1,1,0.0
KsIB,1,0,1,1.0
KsIN,1,0,1,1.0
KsIP,1,1,2,0.5
KsIS,0,1,1,0.0
KsIm,0,1,1,0.0
KsKM,1,0,1,1.0
KsKN,0,1,1,0.0
KsKP,0,1,1,0.0
KsKb,1,0,1,1.0
KsLL,0,1,1,0.0
KsLM,1,2,3,0.33
KsLN,0,2,2,0.0
KsLP,1,0,1,1.0
KsLS,3,0,3,1.0
KsLb,0,2,2,0.0
KsLm,1,1,2,0.5
KsLn,1,1,2,0.5
KsMB,1,0,1,1.0
KsMK,0,1,1,0.0
KsMM,1,2,3,0.33
KsMN,2,1,3,0.67
KsMP,1,0,1,1.0
KsMS,3,0,3,1.0
KsMb,0,3,3,0.0
KsMh,1,3,4,0.25
KsMj,2,0,2,1.0
KsMl,1,0,1,1.0
KsMm,4,0,4,1.0
KsMn,2,4,6,0.33
KsMs,2,1,3,0.67
KsMt,0,1,1,0.0
KsNB,0,0,0,
KsNM,1,3,4,0.25
KsNN,1,0,1,1.0
KsNP,3,1,4,0.75
KsNS,3,1,4,0.75
KsNb,1,2,3,0.33
KsNh,0,1,1,0.0
KsNl,0,0,0,
KsNm,1,1,2,0.5
KsNn,5,0,5,1.0
KsNs,2,3,5,0.4
KsNt,0,2,2,0.0
KsPB,2,1,3,0.67
KsPH,1,0,1,1.0
KsPK,0,1,1,0.0
KsPL,1,2,3,0.33
KsPM,2,2,4,0.5
KsPN,4,3,7,0.57
KsPP,5,5,10,0.5
KsPS,2,5,7,0.29
KsPb,4,3,7,0.57
KsPh,1,0,1,1.0
KsPl,1,0,1,1.0
KsPm,3,1,4,0.75
KsPn,2,4,6,0.33
KsPs,0,2,2,0.0
KsSB,1,3,4,0.25
KsSD,1,0,1,1.0
KsSH,1,1,2,0.5
KsSL,2,0,2,1.0
KsSM,1,0,1,1.0
KsSN,2,1,3,0.67
KsSP,3,3,6,0.5
KsSS,3,3,6,0.5
KsSb,1,0,1,1.0
KsSh,2,2,4,0.5
KsSl,1,1,2,0.5
KsSm,3,2,5,0.6
KsSn,3,0,3,1.0
KsSs,3,0,3,1.0
KsbB,0,3,3,0.0
KsbI,0,1,1,0.0
KsbJ,0,1,1,0.0
KsbM,2,1,3,0.67
KsbN,6,1,7,0.86
KsbP,1,1,2,0.5
KsbS,1,1,2,0.5
Ksbb,2,0,2,1.0
Ksbn,3,3,6,0.5
Ksbs,1,1,2,0.5
KshB,0,1,1,0.0
KshS,0,1,1,0.0
KslH,2,1,3,0.67
KslK,1,0,1,1.0
KslL,0,1,1,0.0
KslM,0,1,1,0.0
KslN,0,2,2,0.0
KslP,0,2,2,0.0
KslS,0,1,1,0.0
Kslb,0,4,4,0.0
Ksll,0,0,0,
Kslm,0,3,3,0.0
Ksln,3,0,3,1.0
KsmB,1,1,2,0.5
KsmD,0,1,1,0.0
KsmH,1,1,2,0.5
KsmJ,0,1,1,0.0
KsmM,0,1,1,0.0
KsmN,1,3,4,0.25
KsmP,0,1,1,0.0
KsmS,2,4,6,0.33
Ksmb,1,1,2,0.5
Ksmn,0,3,3,0.0
KsnB,2,1,3,0.67
KsnD,0,0,0,
KsnI,0,1,1,0.0
KsnM,2,2,4,0.5
KsnN,5,1,6,0.83
KsnP,3,1,4,0.75
KsnS,3,2,5,0.6
Ksnb,1,0,1,1.0
Ksnm,2,1,3,0.67
Ksnn,1,1,2,0.5
Ksns,1,1,2,0.5
KssB,1,2,3,0.33
KssH,1,1,2,0.5
KssL,1,1,2,0.5
KssM,0,1,1,0.0
KssN,1,2,3,0.33
KssP,1,1,2,0.5
KssS,2,0,2,1.0
Kssb,2,0,2,1.0
Kssl,0,1,1,0.0
Kssm,2,1,3,0.67
Kssn,2,0,2,1.0
Ksss,1,1,2,0.5
KtBN,0,1,1,0.0
KtBS,0,1,1,0.0
KtBb,1,0,1,1.0
KtHK,1,0,1,1.0
KtHM,1,0,1,1.0
KtHP,0,0,0,
KtLN,0,1,1,0.0
KtLS,0,0,0,
KtLb,2,0,2,1.0
KtMP,0,1,1,0.0
KtMb,1,0,1,1.0
KtMn,1,2,3,0.33
KtMs,0,1,1,0.0
KtNB,2,1,3,0.67
KtNP,0,1,1,0.0
KtNn,0,1,1,0.0
KtNs,0,1,1,0.0
KtPM,1,2,3,0.33
KtPP,3,0,3,1.0
KtPb,0,1,1,0.0
KtPm,0,1,1,0.0
KtSH,1,0,1,1.0
KtbB,0,1,1,0.0
KtbN,0,0,0,
KtbP,0,1,1,0.0
Ktbb,1,0,1,1.0
KtlS,1,0,1,1.0
Ktlb,0,1,1,0.0
KtmB,1,0,1,1.0
KtmN,1,0,1,1.0
KtmP,0,1,1,0.0
Ktml,0,0,0,
Ktms,0,1,1,0.0
KtnM,0,1,1,0.0
KtnS,1,0,1,1.0
Ktnb,0,1,1,0.0
KtsH,1,2,3,0.33
Ktsm,0,1,1,0.0
Ktss,0,0,0,
KttP,1,0,1,1.0
LBBB,11,15,26,0.42
LBBD,1,0,1,1.0
LBBK,1,1,2,0.5
LBBL,4,5,9,0.44
LBBM,11,6,17,0.65
LBBN,15,15,30,0.5
LBBP,18,16,34,0.53
LBBS,4,3,7,0.57
LBBb,17,10,27,0.63
LBBh,3,1,4,0.75
LBBj,2,3,5,0.4
LBBl,2,4,6,0.33
LBBm,15,10,25,0.6
LBBn,13,17,30,0.43
LBBs,6,6,12,0.5
LBBt,4,3,7,0.57
LBDB,0,1,1,0.0
LBDH,1,0,1,1.0
LBDM,1,1,2,0.5
LBDP,1,1,2,0.5
LBDS,0,1,1,0.0
LBDb,2,1,3,0.67
LBDm,1,0,1,1.0
LBDs,0,2,2,0.0
LBHM,1,0,1,1.0
LBHP,0,0,0,
LBKL,1,1,2,0.5
LBKM,1,1,2,0.5
LBKN,0,2,2,0.0
LBKP,0,3,3,0.0
LBKS,1,0,1,1.0
LBKm,0,2,2,0.0
LBKn,2,1,3,0.67
LBLB,2,4,6,0.33
LBLK,1,0,1,1.0
LBLL,0,3,3,0.0
LBLM,1,2,3,0.33
LBLN,1,3,4,0.25
LBLP,5,11,16,0.31
LBLS,2,1,3,0.67
LBLb,5,5,10,0.5
LBLh,1,2,3,0.33
LBLj,2,2,4,0.5
LBLl,5,3,8,0.62
LBLm,1,7,8,0.12
LBLn,4,11,15,0.27
LBLs,2,1,3,0.67
LBLt,0,1,1,0.0
LBMB,12,8,20,0.6
LBMK,1,0,1,1.0
LBML,4,3,7,0.57
LBMM,7,10,17,0.41
LBMN,11,13,24,0.46
LBMP,10,20,30,0.33
LBMS,5,3,8,0.62
LBMb,9,10,19,0.47
LBMh,10,7,17,0.59
LBMj,1,1,2,0.5
LBMl,4,5,9,0.44
LBMm,10,8,18,0.56
LBMn,13,17,30,0.43
LBMs,9,5,14,0.64
LBMt,1,5,6,0.17
LBNB,12,10,22,0.55
LBNH,1,0,1,1.0
LBNK,1,3,4,0.25
LBNL,6,4,10,0.6
LBNM,11,10,21,0.52
LBNN,15,16,31,0.48
LBNP,24,26,50,0.48
LBNS,6,10,16,0.38
LBNb,17,14,31,0.55
LBNh,2,7,9,0.22
LBNl,4,8,12,0.33
LBNm,7,12,19,0.37
LBNn,22,17,39,0.56
LBNs,5,8,13,0.38
LBNt,4,3,7,0.57
LBPB,9,10,19,0.47
LBPD,0,3,3,0.0
LBPH,1,4,5,0.2
LBPK,1,0,1,1.0
LBPL,5,12,17,0.29
LBPM,12,21,33,0.36
LBPN,21,18,39,0.54
LBPP,39,28,67,0.58
LBPS,10,8,18,0.56
LBPb,26,19,45,0.58
LBPh,3,4,7,0.43
LBPl,17,18,35,0.49
LBPm,22,13,35,0.63
LBPn,18,18,36,0.5
LBPs,4,9,13,0.31
LBPt,3,2,5,0.6
LBSB,3,4,7,0.43
LBSD,0,1,1,0.0
LBSH,1,0,1,1.0
LBSL,3,2,5,0.6
LBSM,3,3,6,0.5
LBSN,6,8,14,0.43
LBSP,12,7,19,0.63
LBSS,3,3,6,0.5
LBSb,4,5,9,0.44
LBSh,4,3,7,0.57
LBSl,2,1,3,0.67
LBSm,3,5,8,0.38
LBSn,4,7,11,0.36
LBSs,6,3,9,0.67
LBbB,14,17,31,0.45
LBbH,5,2,7,0.71
LBbI,3,1,4,0.75
LBbJ,0,2,2,0.0
LBbK,1,1,2,0.5
LBbL,8,5,13,0.62
LBbM,15,14,29,0.52
LBbN,17,24,41,0.41
LBbP,15,24,39,0.38
LBbS,8,10,18,0.44
LBbb,20,12,32,0.62
LBbl,5,5,10,0.5
LBbm,12,10,22,0.55
LBbn,14,14,28,0.5
LBbs,5,4,9,0.56
LBhB,1,0,1,1.0
LBhL,0,0,0,
LBhM,1,2,3,0.33
LBhN,0,2,2,0.0
LBhP,2,1,3,0.67
LBhb,2,5,7,0.29
LBhh,0,2,2,0.0
LBhl,1,4,5,0.2
LBhm,0,2,2,0.0
LBhn,2,1,3,0.67
LBhs,3,2,5,0.6
LBjB,4,5,9,0.44
LBjH,0,1,1,0.0
LBjI,0,0,0,
LBjK,1,0,1,1.0
LBjL,3,1,4,0.75
LBjM,6,8,14,0.43
LBjN,2,3,5,0.4
LBjP,8,3,11,0.73
LBjS,2,1,3,0.67
LBjb,7,2,9,0.78
LBjh,0,0,0,
LBjl,7,3,10,0.7
LBjm,2,1,3,0.67
LBjn,2,6,8,0.25
LBjs,2,1,3,0.67
LBjt,0,3,3,0.0
LBlB,3,7,10,0.3
LBlH,3,7,10,0.3
LBlI,1,0,1,1.0
LBlJ,2,0,2,1.0
LBlL,3,5,8,0.38
LBlM,3,8,11,0.27
LBlN,8,8,16,0.5
LBlP,7,3,10,0.7
LBlS,4,3,7,0.57
LBlb,6,6,12,0.5
LBll,1,3,4,0.25
LBlm,3,6,9,0.33
LBln,9,6,15,0.6
LBls,4,5,9,0.44
LBmB,7,9,16,0.44
LBmD,0,1,1,0.0
LBmH,6,7,13,0.46
LBmI,0,0,0,
LBmJ,5,3,8,0.62
LBmL,3,4,7,0.43
LBmM,10,12,22,0.45
LBmN,15,15,30,0.5
LBmP,18,15,33,0.55
LBmS,3,4,7,0.43
LBmb,16,10,26,0.62
LBml,7,2,9,0.78
LBmm,8,5,13,0.62
LBmn,13,12,25,0.52
LBms,5,1,6,0.83
LBnB,11,13,24,0.46
LBnD,1,1,2,0.5
LBnH,7,3,10,0.7
LBnI,2,1,3,0.67
LBnK,1,3,4,0.25
LBnL,5,5,10,0.5
LBnM,14,15,29,0.48
LBnN,27,15,42,0.64
LBnP,28,32,60,0.47
LBnS,7,10,17,0.41
LBnb,17,17,34,0.5
LBnh,1,1,2,0.5
LBnl,5,9,14,0.36
LBnm,10,5,15,0.67
LBnn,25,25,50,0.5
LBns,8,10,18,0.44
LBsB,4,1,5,0.8
LBsD,1,1,2,0.5
LBsH,7,5,12,0.58
LBsI,0,2,2,0.0
LBsL,3,3,6,0.5
LBsM,2,4,6,0.33
LBsN,6,10,16,0.38
LBsP,6,9,15,0.4
LBsS,7,9,16,0.44
LBsb,7,4,11,0.64
LBsh,0,1,1,0.0
LBsl,1,4,5,0.2
LBsm,4,3,7,0.57
LBsn,2,6,8,0.25
LBss,3,3,6,0.5
LBtB,1,1,2,0.5
LBtH,3,1,4,0.75
LBtL,3,0,3,1.0
LBtM,3,1,4,0.75
LBtN,4,1,5,0.8
LBtP,4,6,10,0.4
LBtS,0,1,1,0.0
LBtb,4,1,5,0.8
LBtl,0,2,2,0.0
LBtm,2,2,4,0.5
LBtn,1,3,4,0.25
LBts,0,0,0,
LBtt,0,0,0,
LDBB,0,2,2,0.0
LDBM,0,3,3,0.0
LDBN,2,1,3,0.67
LDBS,1,1,2,0.5
LDBj,1,0,1,1.0
LDBm,1,0,1,1.0
LDBn,0,2,2,0.0
LDBs,0,1,1,0.0
LDDP,0,0,0,
LDHB,1,1,2,0.5
LDHH,1,0,1,1.0
LDHL,0,1,1,0.0
LDHM,2,2,4,0.5
LDHN,0,0,0,
LDHP,1,5,6,0.17
LDHb,2,1,3,0.67
LDHh,1,1,2,0.5
LDHl,1,1,2,0.5
LDHm,2,3,5,0.4
LDHn,1,1,2,0.5
LDHs,1,1,2,0.5
LDIM,0,1,1,0.0
LDLB,2,0,2,1.0
LDLL,2,1,3,0.67
LDLM,1,1,2,0.5
LDLN,0,1,1,0.0
LDLj,1,0,1,1.0
LDLn,2,0,2,1.0
LDMB,0,1,1,0.0
LDML,1,0,1,1.0
LDMM,2,0,2,1.0
LDMP,1,2,3,0.33
LDMb,2,1,3,0.67
LDMh,0,1,1,0.0
LDMn,2,0,2,1.0
LDNM,1,0,1,1.0
LDNP,1,1,2,0.5
LDNS,0,0,0,
LDNb,0,3,3,0.0
LDNl,0,1,1,0.0
LDNs,1,1,2,0.5
LDNt,1,0,1,1.0
LDPB,3,0,3,1.0
LDPL,0,1,1,0.0
LDPM,2,0,2,1.0
LDPN,4,1,5,0.8
LDPP,3,1,4,0.75
LDPS,1,0,1,1.0
LDPb,2,0,2,1.0
LDPl,1,0,1,1.0
LDPm,1,1,2,0.5
LDPn,1,1,2,0.5
LDPt,2,0,2,1.0
LDSI,1,0,1,1.0
LDSK,0,0,0,
LDSL,0,1,1,0.0
LDSM,0,1,1,0.0
LDSN,1,0,1,1.0
LDSP,0,1,1,0.0
LDSS,0,1,1,0.0
LDSb,1,0,1,1.0
LDSl,0,1,1,0.0
LDSm,0,1,1,0.0
LDSn,3,0,3,1.0
LDSs,1,1,2,0.5
LDSt,1,0,1,1.0
LDbB,1,0,1,1.0
LDbJ,1,0,1,1.0
LDbP,2,1,3,0.67
LDbS,0,1,1,0.0
LDbb,1,1,2,0.5
LDbl,0,1,1,0.0
LDbm,0,1,1,0.0
LDbs,1,0,1,1.0
LDhM,0,1,1,0.0
LDlL,1,0,1,1.0
LDlM,3,1,4,0.75
LDls,1,2,3,0.33
LDmB,0,1,1,0.0
LDmJ,1,0,1,1.0
LDmL,1,0,1,1.0
LDmM,1,0,1,1.0
LDmP,1,0,1,1.0
LDmS,2,3,5,0.4
LDmb,1,0,1,1.0
LDml,1,0,1,1.0
LDmm,1,0,1,1.0
LDmn,0,3,3,0.0
LDms,1,0,1,1.0
LDnB,0,0,0,
LDnM,0,1,1,0.0
LDnP,1,0,1,1.0
LDnS,0,2,2,0.0
LDnl,0,1,1,0.0
LDnm,0,0,0,
LDnn,2,2,4,0.5
LDsB,1,0,1,1.0
LDsL,1,0,1,1.0
LDsN,0,0,0,
LDsP,1,0,1,1.0
LDsS,0,1,1,0.0
LDsl,0,1,1,0.0
LDsn,1,0,1,1.0
LDtP,1,0,1,1.0
LDtt,1,0,1,1.0
LHBM,1,1,2,0.5
LHBN,1,0,1,1.0
LHBl,0,1,1,0.0
LHKM,0,1,1,0.0
LHKS,0,1,1,0.0
LHLM,0,0,0,
LHMN,1,1,2,0.5
LHMP,0,1,1,0.0
LHMj,0,1,1,0.0
LHMn,0,2,2,0.0
LHMs,1,0,1,1.0
LHNP,0,1,1,0.0
LHNS,1,0,1,1.0
LHNm,2,0,2,1.0
LHPM,2,1,3,0.67
LHPN,1,0,1,1.0
LHPP,1,1,2,0.5
LHPS,1,0,1,1.0
LHPb,0,1,1,0.0
LHPl,0,1,1,0.0
LHPn,0,2,2,0.0
LHSL,1,0,1,1.0
LHSh,1,0,1,1.0
LHSl,1,0,1,1.0
LHSm,1,0,1,1.0
LHSs,0,0,0,
LHbD,1,0,1,1.0
LHbM,0,0,0,
LHbS,0,1,1,0.0
LHlB,0,1,1,0.0
LHmB,0,1,1,0.0
LHmJ,0,0,0,
LHmM,1,0,1,1.0
LHmN,2,0,2,1.0
LHmS,1,1,2,0.5
LHmb,0,1,1,0.0
LHmm,0,1,1,0.0
LHmn,1,0,1,1.0
LHnP,0,2,2,0.0
LHnb,0,1,1,0.0
LHnm,1,0,1,1.0
LHsN,1,0,1,1.0
LHsP,0,1,1,0.0
LHsS,1,0,1,1.0
LHsm,0,2,2,0.0
LHsn,0,1,1,0.0
LIBn,1,0,1,1.0
LIDl,0,1,1,0.0
LKBB,1,0,1,1.0
LKBK,1,0,1,1.0
LKBL,0,1,1,0.0
LKBM,1,1,2,0.5
LKBP,1,1,2,0.5
LKBb,1,2,3,0.33
LKBm,0,2,2,0.0
LKBn,1,1,2,0.5
LKBs,1,2,3,0.33
LKDB,0,1,1,0.0
LKHb,0,0,0,
LKHn,1,0,1,1.0
LKIb,1,0,1,1.0
LKLB,0,1,1,0.0
LKLL,0,1,1,0.0
LKLP,1,2,3,0.33
LKLS,0,2,2,0.0
LKLb,2,1,3,0.67
LKLh,1,0,1,1.0
LKLs,0,1,1,0.0
LKMB,1,1,2,0.5
LKMD,0,1,1,0.0
LKMM,1,0,1,1.0
LKMS,1,2,3,0.33
LKMb,1,1,2,0.5
LKMh,0,1,1,0.0
LKMm,1,0,1,1.0
LKMn,3,0,3,1.0
LKNL,0,1,1,0.0
LKNN,1,0,1,1.0
LKNP,1,2,3,0.33
LKNS,0,1,1,0.0
LKNb,0,0,0,
LKNl,0,1,1,0.0
LKNm,1,0,1,1.0
LKNt,1,0,1,1.0
LKPL,1,0,1,1.0
LKPM,0,0,0,
LKPN,1,1,2,0.5
LKPP,5,2,7,0.71
LKPS,1,1,2,0.5
LKPl,1,0,1,1.0
LKPm,4,0,4,1.0
LKPs,2,0,2,1.0
LKSB,1,1,2,0.5
LKSM,2,0,2,1.0
LKSb,0,2,2,0.0
LKSl,1,0,1,1.0
LKSm,0,3,3,0.0
LKSn,1,2,3,0.33
LKSs,0,1,1,0.0
LKbB,0,1,1,0.0
LKbL,0,1,1,0.0
LKbM,0,1,1,0.0
LKbN,1,1,2,0.5
LKbP,2,2,4,0.5
LKbS,1,0,1,1.0
LKbl,1,1,2,0.5
LKbn,1,0,1,1.0
LKbs,2,1,3,0.67
LKhB,0,2,2,0.0
LKhL,1,0,1,1.0
LKhM,1,0,1,1.0
LKhN,2,1,3,0.67
LKhP,2,0,2,1.0
LKhS,0,0,0,
LKhb,0,1,1,0.0
LKhh,1,0,1,1.0
LKhl,0,1,1,0.0
LKhm,0,1,1,0.0
LKhs,1,1,2,0.5
LKlH,0,1,1,0.0
LKlL,0,1,1,0.0
LKlM,1,0,1,1.0
LKlN,1,0,1,1.0
LKlP,0,1,1,0.0
LKlS,0,1,1,0.0
LKlb,2,0,2,1.0
LKlm,0,0,0,
LKln,0,1,1,0.0
LKls,0,1,1,0.0
LKmB,2,1,3,0.67
LKmL,0,1,1,0.0
LKmM,0,2,2,0.0
LKmN,1,0,1,1.0
LKmP,1,1,2,0.5
LKmb,0,2,2,0.0
LKmm,2,0,2,1.0
LKmn,1,0,1,1.0
LKms,1,1,2,0.5
LKnB,3,1,4,0.75
LKnD,1,0,1,1.0
LKnK,0,0,0,
LKnL,0,2,2,0.0
LKnM,0,2,2,0.0
LKnN,2,0,2,1.0
LKnP,0,3,3,0.0
LKnS,1,1,2,0.5
LKnb,2,1,3,0.67
LKnl,1,0,1,1.0
LKnm,1,0,1,1.0
LKnn,0,0,0,
LKns,2,0,2,1.0
LKsB,0,1,1,0.0
LKsH,1,0,1,1.0
LKsI,0,0,0,
LKsL,0,1,1,0.0
LKsM,1,1,2,0.5
LKsN,0,2,2,0.0
LKsP,1,2,3,0.33
LKsS,0,0,0,
LKsm,2,1,3,0.67
LKsn,0,1,1,0.0
LKts,0,1,1,0.0
LLBB,4,7,11,0.36
LLBL,1,1,2,0.5
LLBM,10,5,15,0.67
LLBN,0,5,5,0.0
LLBP,7,11,18,0.39
LLBS,4,1,5,0.8
LLBb,10,7,17,0.59
LLBj,2,2,4,0.5
LLBl,3,2,5,0.6
LLBm,1,6,7,0.14
LLBn,8,7,15,0.53
LLBs,2,5,7,0.29
LLBt,1,0,1,1.0
LLDH,0,0,0,
LLDM,0,1,1,0.0
LLDP,0,1,1,0.0
LLDb,0,1,1,0.0
LLDn,0,1,1,0.0
LLHK,1,0,1,1.0
LLHM,0,0,0,
LLHS,0,1,1,0.0
LLHs,0,1,1,0.0
LLKB,0,1,1,0.0
LLKL,1,0,1,1.0
LLKb,0,1,1,0.0
LLKh,1,0,1,1.0
LLKm,0,1,1,0.0
LLLB,0,3,3,0.0
LLLL,0,1,1,0.0
LLLM,3,2,5,0.6
LLLN,2,1,3,0.67
LLLP,2,0,2,1.0
LLLb,3,6,9,0.33
LLLh,0,1,1,0.0
LLLj,1,1,2,0.5
LLLl,0,2,2,0.0
LLLm,1,3,4,0.25
LLLn,1,2,3,0.33
LLLs,1,1,2,0.5
LLMB,4,5,9,0.44
LLML,5,1,6,0.83
LLMM,3,5,8,0.38
LLMN,7,9,16,0.44
LLMP,7,4,11,0.64
LLMS,3,2,5,0.6
LLMb,4,6,10,0.4
LLMh,6,6,12,0.5
LLMj,1,2,3,0.33
LLMl,2,5,7,0.29
LLMm,3,6,9,0.33
LLMn,5,7,12,0.42
LLMs,4,1,5,0.8
LLMt,1,1,2,0.5
LLNB,7,4,11,0.64
LLNH,0,1,1,0.0
LLNL,2,2,4,0.5
LLNM,3,2,5,0.6
LLNN,7,12,19,0.37
LLNP,4,7,11,0.36
LLNS,2,5,7,0.29
LLNb,4,3,7,0.57
LLNh,3,2,5,0.6
LLNl,3,1,4,0.75
LLNm,5,3,8,0.62
LLNn,1,4,5,0.2
LLNs,1,6,7,0.14
LLNt,0,1,1,0.0
LLPB,5,4,9,0.56
LLPD,0,0,0,
LLPH,3,1,4,0.75
LLPK,0,0,0,
LLPL,5,3,8,0.62
LLPM,10,6,16,0.62
LLPN,9,9,18,0.5
LLPP,17,8,25,0.68
LLPS,5,4,9,0.56
LLPb,5,11,16,0.31
LLPh,0,2,2,0.0
LLPl,4,4,8,0.5
LLPm,4,5,9,0.44
LLPn,5,3,8,0.62
LLPs,5,5,10,0.5
LLPt,0,1,1,0.0
LLSB,6,1,7,0.86
LLSH,2,1,3,0.67
LLSL,2,0,2,1.0
LLSM,4,2,6,0.67
LLSN,5,4,9,0.56
LLSP,1,3,4,0.25
LLSS,2,2,4,0.5
LLSb,2,5,7,0.29
LLSh,5,3,8,0.62
LLSl,3,3,6,0.5
LLSm,6,2,8,0.75
LLSn,5,3,8,0.62
LLSs,3,4,7,0.43
LLSt,0,2,2,0.0
LLbB,2,7,9,0.22
LLbD,1,0,1,1.0
LLbH,2,4,6,0.33
LLbI,0,3,3,0.0
LLbJ,2,3,5,0.4
LLbK,2,1,3,0.67
LLbL,4,2,6,0.67
LLbM,3,7,10,0.3
LLbN,10,3,13,0.77
LLbP,10,11,21,0.48
LLbS,5,3,8,0.62
LLbb,5,3,8,0.62
LLbl,1,1,2,0.5
LLbm,5,4,9,0.56
LLbn,8,10,18,0.44
LLbs,4,4,8,0.5
LLhB,1,2,3,0.33
LLhH,2,2,4,0.5
LLhL,1,0,1,1.0
LLhM,1,2,3,0.33
LLhN,1,1,2,0.5
LLhP,2,6,8,0.25
LLhS,0,1,1,0.0
LLhb,3,2,5,0.6
LLhh,0,2,2,0.0
LLhl,3,1,4,0.75
LLhm,1,2,3,0.33
LLhn,2,3,5,0.4
LLhs,1,2,3,0.33
LLjB,2,2,4,0.5
LLjL,1,0,1,1.0
LLjM,3,2,5,0.6
LLjN,2,2,4,0.5
LLjP,3,5,8,0.38
LLjS,2,5,7,0.29
LLjb,1,6,7,0.14
LLjh,0,1,1,0.0
LLjl,0,1,1,0.0
LLjm,1,1,2,0.5
LLjn,4,1,5,0.8
LLjs,0,1,1,0.0
LLjt,0,2,2,0.0
LLlB,0,1,1,0.0
LLlH,4,1,5,0.8
LLlI,2,0,2,1.0
LLlJ,2,0,2,1.0
LLlL,4,4,8,0.5
LLlN,6,2,8,0.75
LLlP,5,7,12,0.42
LLlS,1,1,2,0.5
LLlb,1,4,5,0.2
LLll,0,1,1,0.0
LLlm,1,3,4,0.25
LLln,1,5,6,0.17
LLls,3,1,4,0.75
LLmB,4,6,10,0.4
LLmH,5,8,13,0.38
LLmI,1,1,2,0.5
LLmJ,1,2,3,0.33
LLmL,2,2,4,0.5
LLmM,5,4,9,0.56
LLmN,7,7,14,0.5
LLmP,5,8,13,0.38
LLmS,1,4,5,0.2
LLmb,8,2,10,0.8
LLml,3,1,4,0.75
LLmm,3,2,5,0.6
LLmn,6,3,9,0.67
LLms,2,4,6,0.33
LLnB,4,5,9,0.44
LLnH,1,0,1,1.0
LLnI,0,3,3,0.0
LLnL,2,3,5,0.4
LLnM,5,14,19,0.26
LLnN,12,13,25,0.48
LLnP,15,13,28,0.54
LLnS,5,8,13,0.38
LLnb,2,2,4,0.5
LLnh,0,1,1,0.0
LLnl,4,5,9,0.44
LLnm,6,4,10,0.6
LLnn,10,12,22,0.45
LLns,5,3,8,0.62
LLsB,2,5,7,0.29
LLsH,2,3,5,0.4
LLsL,3,1,4,0.75
LLsM,4,3,7,0.57
LLsN,5,4,9,0.56
LLsP,9,6,15,0.6
LLsS,4,2,6,0.67
LLsb,1,3,4,0.25
LLsl,4,2,6,0.67
LLsm,1,4,5,0.2
LLsn,3,6,9,0.33
LLss,3,1,4,0.75
LLtB,1,1,2,0.5
LLtH,0,2,2,0.0
LLtI,0,1,1,0.0
LLtL,3,0,3,1.0
LLtM,4,0,4,1.0
LLtN,0,2,2,0.0
LLtP,0,2,2,0.0
LLtS,1,0,1,1.0
LLtb,0,1,1,0.0
LLtm,1,1,2,0.5
LLtn,2,1,3,0.67
LLts,1,2,3,0.33
LLtt,0,1,1,0.0
LMBB,21,15,36,0.58
LMBD,0,1,1,0.0
LMBL,6,5,11,0.55
LMBM,6,12,18,0.33
LMBN,16,21,37,0.43
LMBP,25,26,51,0.49
LMBS,4,7,11,0.36
LMBb,13,15,28,0.46
LMBh,0,1,1,0.0
LMBj,4,6,10,0.4
LMBl,2,6,8,0.25
LMBm,12,12,24,0.5
LMBn,11,19,30,0.37
LMBs,2,3,5,0.4
LMBt,1,5,6,0.17
LMDB,0,1,1,0.0
LMDL,0,2,2,0.0
LMDM,2,1,3,0.67
LMDN,2,1,3,0.67
LMDP,0,0,0,
LMDb,1,0,1,1.0
LMDl,0,0,0,
LMDm,1,0,1,1.0
LMDn,1,2,3,0.33
LMDs,1,1,2,0.5
LMKS,0,1,1,0.0
LMKs,0,0,0,
LMLB,3,4,7,0.43
LMLD,1,0,1,1.0
LMLH,0,0,0,
LMLL,1,1,2,0.5
LMLM,9,5,14,0.64
LMLN,7,4,11,0.64
LMLP,5,2,7,0.71
LMLS,6,2,8,0.75
LMLb,5,11,16,0.31
LMLh,0,2,2,0.0
LMLj,2,2,4,0.5
LMLl,4,1,5,0.8
LMLm,7,5,12,0.58
LMLn,7,5,12,0.58
LMLs,4,4,8,0.5
LMLt,1,0,1,1.0
LMMB,14,5,19,0.74
LMMD,0,2,2,0.0
LMMK,1,0,1,1.0
LMML,6,3,9,0.67
LMMM,8,18,26,0.31
LMMN,13,18,31,0.42
LMMP,16,18,34,0.47
LMMS,4,9,13,0.31
LMMb,13,19,32,0.41
LMMh,3,14,17,0.18
LMMj,3,3,6,0.5
LMMl,5,6,11,0.45
LMMm,12,7,19,0.63
LMMn,15,23,38,0.39
LMMs,2,9,11,0.18
LMMt,1,2,3,0.33
LMNB,5,9,14,0.36
LMND,2,1,3,0.67
LMNH,1,0,1,1.0
LMNK,1,1,2,0.5
LMNL,3,8,11,0.27
LMNM,16,14,30,0.53
LMNN,15,17,32,0.47
LMNP,18,17,35,0.51
LMNS,12,6,18,0.67
LMNb,16,13,29,0.55
LMNh,3,1,4,0.75
LMNl,2,11,13,0.15
LMNm,11,8,19,0.58
LMNn,21,25,46,0.46
LMNs,8,6,14,0.57
LMNt,2,6,8,0.25
LMPB,20,11,31,0.65
LMPD,0,1,1,0.0
LMPH,5,6,11,0.45
LMPI,1,0,1,1.0
LMPK,0,1,1,0.0
LMPL,9,8,17,0.53
LMPM,25,11,36,0.69
LMPN,23,19,42,0.55
LMPP,34,30,64,0.53
LMPS,9,10,19,0.47
LMPb,20,26,46,0.43
LMPh,1,3,4,0.25
LMPl,6,5,11,0.55
LMPm,20,12,32,0.62
LMPn,18,18,36,0.5
LMPs,22,11,33,0.67
LMPt,3,1,4,0.75
LMSB,4,9,13,0.31
LMSH,1,2,3,0.33
LMSK,0,1,1,0.0
LMSL,2,2,4,0.5
LMSM,7,6,13,0.54
LMSN,8,6,14,0.57
LMSP,12,8,20,0.6
LMSS,4,3,7,0.57
LMSb,2,5,7,0.29
LMSh,2,2,4,0.5
LMSl,4,1,5,0.8
LMSm,4,4,8,0.5
LMSn,10,6,16,0.62
LMSs,10,8,18,0.56
LMSt,2,0,2,1.0
LMbB,10,19,29,0.34
LMbD,0,2,2,0.0
LMbH,5,10,15,0.33
LMbI,5,2,7,0.71
LMbJ,5,3,8,0.62
LMbK,0,1,1,0.0
LMbL,6,5,11,0.55
LMbM,14,24,38,0.37
LMbN,30,22,52,0.58
LMbP,19,18,37,0.51
LMbS,11,9,20,0.55
LMbb,25,14,39,0.64
LMbl,5,2,7,0.71
LMbm,18,8,26,0.69
LMbn,10,22,32,0.31
LMbs,6,11,17,0.35
LMhB,9,8,17,0.53
LMhD,0,3,3,0.0
LMhH,1,0,1,1.0
LMhI,0,1,1,0.0
LMhK,0,1,1,0.0
LMhL,1,5,6,0.17
LMhM,8,10,18,0.44
LMhN,6,12,18,0.33
LMhP,16,20,36,0.44
LMhS,5,9,14,0.36
LMhb,11,9,20,0.55
LMhh,10,7,17,0.59
LMhl,7,10,17,0.41
LMhm,9,5,14,0.64
LMhn,20,12,32,0.62
LMhs,8,9,17,0.47
LMht,2,0,2,1.0
LMjB,5,3,8,0.62
LMjD,0,1,1,0.0
LMjH,2,1,3,0.67
LMjK,1,0,1,1.0
LMjL,0,1,1,0.0
LMjM,4,3,7,0.57
LMjN,3,3,6,0.5
LMjP,6,5,11,0.55
LMjS,4,1,5,0.8
LMjb,8,4,12,0.67
LMjh,0,0,0,
LMjl,4,1,5,0.8
LMjm,2,5,7,0.29
LMjn,3,3,6,0.5
LMjs,2,2,4,0.5
LMjt,3,1,4,0.75
LMlB,5,3,8,0.62
LMlD,0,1,1,0.0
LMlH,9,5,14,0.64
LMlJ,0,0,0,
LMlL,1,3,4,0.25
LMlM,6,2,8,0.75
LMlN,5,8,13,0.38
LMlP,8,11,19,0.42
LMlS,8,8,16,0.5
LMlb,5,4,9,0.56
LMll,6,3,9,0.67
LMlm,7,9,16,0.44
LMln,3,6,9,0.33
LMls,4,3,7,0.57
LMmB,9,12,21,0.43
LMmD,2,0,2,1.0
LMmH,6,9,15,0.4
LMmI,1,1,2,0.5
LMmJ,2,4,6,0.33
LMmL,3,4,7,0.43
LMmM,9,16,25,0.36
LMmN,6,13,19,0.32
LMmP,15,19,34,0.44
LMmS,8,4,12,0.67
LMmb,5,8,13,0.38
LMml,5,3,8,0.62
LMmm,16,5,21,0.76
LMmn,14,17,31,0.45
LMms,2,4,6,0.33
LMnB,16,17,33,0.48
LMnD,1,1,2,0.5
LMnH,9,6,15,0.6
LMnI,8,2,10,0.8
LMnK,1,4,5,0.2
LMnL,9,4,13,0.69
LMnM,18,28,46,0.39
LMnN,41,28,69,0.59
LMnP,28,27,55,0.51
LMnS,10,16,26,0.38
LMnb,26,20,46,0.57
LMnh,1,0,1,1.0
LMnl,6,12,18,0.33
LMnm,14,12,26,0.54
LMnn,18,18,36,0.5
LMns,16,11,27,0.59
LMsB,6,4,10,0.6
LMsH,10,8,18,0.56
LMsI,3,1,4,0.75
LMsL,2,1,3,0.67
LMsM,6,7,13,0.46
LMsN,6,12,18,0.33
LMsP,15,15,30,0.5
LMsS,3,12,15,0.2
LMsb,7,5,12,0.58
LMsl,3,1,4,0.75
LMsm,11,9,20,0.55
LMsn,6,7,13,0.46
LMss,6,7,13,0.46
LMtB,2,1,3,0.67
LMtH,0,2,2,0.0
LMtL,1,0,1,1.0
LMtM,2,1,3,0.67
LMtN,4,0,4,1.0
LMtP,6,8,14,0.43
LMtS,2,1,3,0.67
LMtb,4,3,7,0.57
LMtm,0,0,0,
LMtn,3,5,8,0.38
LMts,1,2,3,0.33
LMtt,0,2,2,0.0
LNBB,11,16,27,0.41
LNBK,1,0,1,1.0
LNBL,1,5,6,0.17
LNBM,12,12,24,0.5
LNBN,20,21,41,0.49
LNBP,17,23,40,0.42
LNBS,9,2,11,0.82
LNBb,14,5,19,0.74
LNBh,2,0,2,1.0
LNBj,6,4,10,0.6
LNBl,3,1,4,0.75
LNBm,14,3,17,0.82
LNBn,12,20,32,0.38
LNBs,5,7,12,0.42
LNBt,0,1,1,0.0
LNDB,0,4,4,0.0
LNDH,2,2,4,0.5
LNDM,3,1,4,0.75
LNDN,1,1,2,0.5
LNDP,1,1,2,0.5
LNDS,0,1,1,0.0
LNDb,1,0,1,1.0
LNDl,1,0,1,1.0
LNDm,1,1,2,0.5
LNDn,1,1,2,0.5
LNDs,0,1,1,0.0
LNHB,0,1,1,0.0
LNHH,0,1,1,0.0
LNHI,0,0,0,
LNHL,0,0,0,
LNHM,3,2,5,0.6
LNHN,4,2,6,0.67
LNHP,3,4,7,0.43
LNHS,0,0,0,
LNHb,2,2,4,0.5
LNHh,1,0,1,1.0
LNHl,1,1,2,0.5
LNHm,0,1,1,0.0
LNHn,1,3,4,0.25
LNHs,1,3,4,0.25
LNIM,1,0,1,1.0
LNKB,0,1,1,0.0
LNKH,1,0,1,1.0
LNKN,1,0,1,1.0
LNKP,0,1,1,0.0
LNKb,2,1,3,0.67
LNKh,0,1,1,0.0
LNKl,2,1,3,0.67
LNKm,2,0,2,1.0
LNKn,0,1,1,0.0
LNLB,4,8,12,0.33
LNLD,0,1,1,0.0
LNLK,1,0,1,1.0
LNLL,1,1,2,0.5
LNLM,1,5,6,0.17
LNLN,4,5,9,0.44
LNLP,11,9,20,0.55
LNLS,4,2,6,0.67
LNLb,2,5,7,0.29
LNLh,3,1,4,0.75
LNLj,1,1,2,0.5
LNLl,3,2,5,0.6
LNLm,4,5,9,0.44
LNLn,7,9,16,0.44
LNLs,2,1,3,0.67
LNLt,0,3,3,0.0
LNMB,12,12,24,0.5
LNMD,2,1,3,0.67
LNML,5,6,11,0.45
LNMM,11,11,22,0.5
LNMN,12,12,24,0.5
LNMP,21,15,36,0.58
LNMS,4,5,9,0.44
LNMb,14,18,32,0.44
LNMh,7,6,13,0.54
LNMj,3,3,6,0.5
LNMl,5,3,8,0.62
LNMm,9,7,16,0.56
LNMn,19,21,40,0.48
LNMs,6,7,13,0.46
LNMt,1,1,2,0.5
LNNB,10,11,21,0.48
LNND,1,0,1,1.0
LNNH,2,5,7,0.29
LNNK,1,1,2,0.5
LNNL,4,3,7,0.57
LNNM,7,13,20,0.35
LNNN,25,24,49,0.51
LNNP,22,25,47,0.47
LNNS,10,15,25,0.4
LNNb,21,16,37,0.57
LNNh,5,8,13,0.38
LNNl,6,10,16,0.38
LNNm,12,10,22,0.55
LNNn,18,20,38,0.47
LNNs,9,19,28,0.32
LNNt,1,1,2,0.5
LNPB,15,17,32,0.47
LNPD,0,1,1,0.0
LNPH,6,6,12,0.5
LNPI,1,1,2,0.5
LNPK,0,2,2,0.0
LNPL,8,9,17,0.47
LNPM,19,27,46,0.41
LNPN,22,20,42,0.52
LNPP,31,43,74,0.42
LNPS,18,11,29,0.62
LNPb,19,15,34,0.56
LNPh,3,4,7,0.43
LNPl,15,7,22,0.68
LNPm,14,17,31,0.45
LNPn,30,33,63,0.48
LNPs,13,16,29,0.45
LNPt,0,2,2,0.0
LNSB,4,4,8,0.5
LNSD,2,0,2,1.0
LNSH,1,2,3,0.33
LNSK,1,1,2,0.5
LNSL,3,5,8,0.38
LNSM,8,8,16,0.5
LNSN,9,10,19,0.47
LNSP,23,13,36,0.64
LNSS,9,5,14,0.64
LNSb,9,11,20,0.45
LNSh,8,4,12,0.67
LNSl,2,4,6,0.33
LNSm,8,8,16,0.5
LNSn,13,17,30,0.43
LNSs,5,9,14,0.36
LNSt,2,1,3,0.67
LNbB,9,12,21,0.43
LNbH,3,5,8,0.38
LNbI,0,0,0,
LNbJ,2,4,6,0.33
LNbK,2,0,2,1.0
LNbL,3,5,8,0.38
LNbM,17,10,27,0.63
LNbN,20,21,41,0.49
LNbP,23,21,44,0.52
LNbS,10,11,21,0.48
LNbb,11,13,24,0.46
LNbl,5,8,13,0.38
LNbm,7,9,16,0.44
LNbn,17,16,33,0.52
LNbs,5,8,13,0.38
LNhB,4,1,5,0.8
LNhD,1,0,1,1.0
LNhH,0,2,2,0.0
LNhL,0,5,5,0.0
LNhM,2,6,8,0.25
LNhN,4,9,13,0.31
LNhP,7,7,14,0.5
LNhS,5,3,8,0.62
LNhb,4,5,9,0.44
LNhh,4,5,9,0.44
LNhl,3,2,5,0.6
LNhm,7,3,10,0.7
LNhn,8,6,14,0.57
LNhs,5,5,10,0.5
LNht,1,0,1,1.0
LNlB,9,3,12,0.75
LNlD,1,0,1,1.0
LNlH,5,5,10,0.5
LNlI,1,0,1,1.0
LNlJ,3,1,4,0.75
LNlK,0,1,1,0.0
LNlL,2,4,6,0.33
LNlM,5,5,10,0.5
LNlN,7,6,13,0.54
LNlP,10,8,18,0.56
LNlS,8,3,11,0.73
LNlb,6,3,9,0.67
LNll,3,5,8,0.38
LNlm,2,4,6,0.33
LNln,5,4,9,0.56
LNls,0,2,2,0.0
LNmB,8,10,18,0.44
LNmD,1,1,2,0.5
LNmH,14,12,26,0.54
LNmJ,4,6,10,0.4
LNmL,9,7,16,0.56
LNmM,6,10,16,0.38
LNmN,19,18,37,0.51
LNmP,15,7,22,0.68
LNmS,9,4,13,0.69
LNmb,16,11,27,0.59
LNml,6,1,7,0.86
LNmm,9,4,13,0.69
LNmn,14,6,20,0.7
LNms,11,8,19,0.58
LNnB,7,9,16,0.44
LNnD,1,4,5,0.2
LNnH,11,13,24,0.46
LNnI,2,2,4,0.5
LNnK,1,1,2,0.5
LNnL,6,4,10,0.6
LNnM,18,18,36,0.5
LNnN,26,32,58,0.45
LNnP,22,44,66,0.33
LNnS,13,17,30,0.43
LNnb,16,14,30,0.53
LNnh,1,0,1,1.0
LNnl,9,9,18,0.5
LNnm,18,15,33,0.55
LNnn,21,23,44,0.48
LNns,9,7,16,0.56
LNnt,1,0,1,1.0
LNsB,6,5,11,0.55
LNsH,8,9,17,0.47
LNsI,3,1,4,0.75
LNsK,1,0,1,1.0
LNsL,4,3,7,0.57
LNsM,7,7,14,0.5
LNsN,9,8,17,0.53
LNsP,16,16,32,0.5
LNsS,4,10,14,0.29
LNsb,2,5,7,0.29
LNsl,4,3,7,0.57
LNsm,8,7,15,0.53
LNsn,16,7,23,0.7
LNss,4,4,8,0.5
LNtB,2,0,2,1.0
LNtH,0,0,0,
LNtK,1,0,1,1.0
LNtL,3,1,4,0.75
LNtM,6,1,7,0.86
LNtN,3,3,6,0.5
LNtP,5,7,12,0.42
LNtS,0,3,3,0.0
LNtb,5,4,9,0.56
LNtl,2,1,3,0.67
LNtm,2,1,3,0.67
LNtn,4,4,8,0.5
LNts,2,0,2,1.0
LNtt,1,0,1,1.0
LPBB,17,15,32,0.53
LPBL,2,8,10,0.2
LPBM,18,16,34,0.53
LPBN,8,13,21,0.38
LPBP,22,20,42,0.52
LPBS,6,12,18,0.33
LPBb,16,17,33,0.48
LPBh,0,1,1,0.0
LPBj,3,2,5,0.6
LPBl,8,6,14,0.57
LPBm,14,6,20,0.7
LPBn,18,20,38,0.47
LPBs,5,7,12,0.42
LPBt,4,5,9,0.44
LPDB,1,1,2,0.5
LPDH,0,0,0,
LPDL,1,0,1,1.0
LPDM,0,1,1,0.0
LPDN,0,0,0,
LPDP,2,0,2,1.0
LPDS,0,1,1,0.0
LPDb,3,3,6,0.5
LPDh,0,1,1,0.0
LPDn,0,0,0,
LPDs,2,1,3,0.67
LPHB,3,6,9,0.33
LPHD,0,1,1,0.0
LPHH,1,1,2,0.5
LPHI,1,0,1,1.0
LPHK,3,0,3,1.0
LPHL,4,2,6,0.67
LPHM,4,6,10,0.4
LPHN,5,8,13,0.38
LPHP,8,7,15,0.53
LPHS,2,2,4,0.5
LPHb,2,5,7,0.29
LPHh,0,1,1,0.0
LPHl,6,0,6,1.0
LPHm,3,1,4,0.75
LPHn,5,10,15,0.33
LPHs,6,5,11,0.55
LPHt,0,0,0,
LPIB,1,1,2,0.5
LPIH,2,0,2,1.0
LPIM,2,0,2,1.0
LPIN,1,1,2,0.5
LPIP,0,2,2,0.0
LPIS,1,1,2,0.5
LPIb,1,1,2,0.5
LPIl,0,1,1,0.0
LPIm,2,1,3,0.67
LPIs,0,1,1,0.0
LPIt,0,0,0,
LPKB,0,1,1,0.0
LPKL,1,2,3,0.33
LPKN,1,1,2,0.5
LPKP,3,2,5,0.6
LPKS,1,4,5,0.2
LPKb,2,2,4,0.5
LPKh,3,1,4,0.75
LPKl,2,0,2,1.0
LPKm,2,1,3,0.67
LPKn,0,1,1,0.0
LPKs,2,3,5,0.4
LPLB,10,6,16,0.62
LPLD,0,2,2,0.0
LPLK,1,0,1,1.0
LPLL,4,7,11,0.36
LPLM,16,8,24,0.67
LPLN,2,7,9,0.22
LPLP,12,11,23,0.52
LPLS,7,10,17,0.41
LPLb,16,7,23,0.7
LPLh,2,4,6,0.33
LPLj,1,7,8,0.12
LPLl,7,5,12,0.58
LPLm,10,7,17,0.59
LPLn,12,18,30,0.4
LPLs,6,6,12,0.5
LPLt,3,4,7,0.43
LPMB,7,25,32,0.22
LPMD,0,1,1,0.0
LPMH,1,1,2,0.5
LPML,9,4,13,0.69
LPMM,14,29,43,0.33
LPMN,16,13,29,0.55
LPMP,22,26,48,0.46
LPMS,5,10,15,0.33
LPMb,18,14,32,0.56
LPMh,14,23,37,0.38
LPMj,7,8,15,0.47
LPMl,7,10,17,0.41
LPMm,12,9,21,0.57
LPMn,28,30,58,0.48
LPMs,13,9,22,0.59
LPMt,1,1,2,0.5
LPNB,16,17,33,0.48
LPND,2,3,5,0.4
LPNH,1,4,5,0.2
LPNK,1,0,1,1.0
LPNL,4,13,17,0.24
LPNM,13,29,42,0.31
LPNN,18,21,39,0.46
LPNP,31,37,68,0.46
LPNS,14,14,28,0.5
LPNb,18,23,41,0.44
LPNh,4,12,16,0.25
LPNl,11,5,16,0.69
LPNm,23,18,41,0.56
LPNn,24,28,52,0.46
LPNs,13,14,27,0.48
LPNt,5,3,8,0.62
LPPB,17,28,45,0.38
LPPD,5,1,6,0.83
LPPH,2,6,8,0.25
LPPI,4,0,4,1.0
LPPK,3,2,5,0.6
LPPL,28,31,59,0.47
LPPM,23,37,60,0.38
LPPN,28,23,51,0.55
LPPP,54,56,110,0.49
LPPS,24,17,41,0.59
LPPb,30,35,65,0.46
LPPh,6,3,9,0.67
LPPl,24,17,41,0.59
LPPm,35,38,73,0.48
LPPn,21,28,49,0.43
LPPs,17,27,44,0.39
LPPt,4,1,5,0.8
LPSB,9,4,13,0.69
LPSD,2,1,3,0.67
LPSH,1,4,5,0.2
LPSL,7,4,11,0.64
LPSM,7,11,18,0.39
LPSN,5,13,18,0.28
LPSP,25,14,39,0.64
LPSS,12,17,29,0.41
LPSb,12,12,24,0.5
LPSh,8,10,18,0.44
LPSl,10,8,18,0.56
LPSm,12,10,22,0.55
LPSn,19,12,31,0.61
LPSs,14,10,24,0.58
LPSt,5,3,8,0.62
LPbB,18,20,38,0.47
LPbD,0,1,1,0.0
LPbH,8,6,14,0.57
LPbI,3,1,4,0.75
LPbJ,7,5,12,0.58
LPbK,0,2,2,0.0
LPbL,15,6,21,0.71
LPbM,21,25,46,0.46
LPbN,14,22,36,0.39
LPbP,37,30,67,0.55
LPbS,11,13,24,0.46
LPbb,28,17,45,0.62
LPbl,10,11,21,0.48
LPbm,11,11,22,0.5
LPbn,13,13,26,0.5
LPbs,9,9,18,0.5
LPhB,2,1,3,0.67
LPhH,1,2,3,0.33
LPhL,2,0,2,1.0
LPhM,0,1,1,0.0
LPhN,2,0,2,1.0
LPhP,1,2,3,0.33
LPhS,0,2,2,0.0
LPhb,3,2,5,0.6
LPhh,2,1,3,0.67
LPhl,2,0,2,1.0
LPhm,0,1,1,0.0
LPhn,0,3,3,0.0
LPhs,1,1,2,0.5
LPht,0,1,1,0.0
LPlB,9,9,18,0.5
LPlH,11,11,22,0.5
LPlI,1,2,3,0.33
LPlJ,7,4,11,0.64
LPlL,10,7,17,0.59
LPlM,10,9,19,0.53
LPlN,8,13,21,0.38
LPlP,14,26,40,0.35
LPlS,5,5,10,0.5
LPlb,10,6,16,0.62
LPll,13,5,18,0.72
LPlm,11,6,17,0.65
LPln,5,7,12,0.42
LPls,10,7,17,0.59
LPmB,12,13,25,0.48
LPmD,1,0,1,1.0
LPmH,14,8,22,0.64
LPmI,1,2,3,0.33
LPmJ,3,6,9,0.33
LPmL,3,15,18,0.17
LPmM,18,14,32,0.56
LPmN,22,19,41,0.54
LPmP,17,24,41,0.41
LPmS,13,12,25,0.52
LPmb,11,15,26,0.42
LPml,10,8,18,0.56
LPmm,11,14,25,0.44
LPmn,12,11,23,0.52
LPms,6,12,18,0.33
LPnB,16,7,23,0.7
LPnD,1,1,2,0.5
LPnH,10,9,19,0.53
LPnI,1,0,1,1.0
LPnK,0,0,0,
LPnL,8,15,23,0.35
LPnM,27,17,44,0.61
LPnN,19,19,38,0.5
LPnP,25,30,55,0.45
LPnS,12,14,26,0.46
LPnb,16,19,35,0.46
LPnh,2,2,4,0.5
LPnl,8,14,22,0.36
LPnm,20,14,34,0.59
LPnn,15,19,34,0.44
LPns,12,17,29,0.41
LPsB,9,9,18,0.5
LPsD,1,0,1,1.0
LPsH,7,7,14,0.5
LPsI,3,2,5,0.6
LPsL,5,6,11,0.45
LPsM,7,16,23,0.3
LPsN,12,12,24,0.5
LPsP,13,22,35,0.37
LPsS,18,14,32,0.56
LPsb,15,7,22,0.68
LPsh,1,0,1,1.0
LPsl,6,7,13,0.46
LPsm,11,15,26,0.42
LPsn,6,11,17,0.35
LPss,14,8,22,0.64
LPtB,1,1,2,0.5
LPtH,0,0,0,
LPtL,1,0,1,1.0
LPtM,4,1,5,0.8
LPtN,3,3,6,0.5
LPtP,5,5,10,0.5
LPtS,1,2,3,0.33
LPtb,3,3,6,0.5
LPtl,1,0,1,1.0
LPtm,0,2,2,0.0
LPtn,2,4,6,0.33
LPts,1,0,1,1.0
LPtt,1,0,1,1.0
LSBB,4,5,9,0.44
LSBK,0,1,1,0.0
LSBL,3,2,5,0.6
LSBM,9,6,15,0.6
LSBN,9,8,17,0.53
LSBP,10,7,17,0.59
LSBS,2,3,5,0.4
LSBb,7,8,15,0.47
LSBh,0,2,2,0.0
LSBj,0,4,4,0.0
LSBl,3,5,8,0.38
LSBm,6,3,9,0.67
LSBn,6,5,11,0.55
LSBs,4,0,4,1.0
LSBt,1,2,3,0.33
LSDB,2,0,2,1.0
LSDL,0,1,1,0.0
LSDN,0,1,1,0.0
LSDP,2,0,2,1.0
LSDb,1,0,1,1.0
LSDl,0,1,1,0.0
LSDn,2,1,3,0.67
LSDs,1,0,1,1.0
LSHB,0,1,1,0.0
LSHH,0,2,2,0.0
LSHL,0,3,3,0.0
LSHM,1,2,3,0.33
LSHN,2,6,8,0.25
LSHP,4,5,9,0.44
LSHS,1,1,2,0.5
LSHb,4,1,5,0.8
LSHh,2,2,4,0.5
LSHl,3,3,6,0.5
LSHm,1,2,3,0.33
LSHn,5,3,8,0.62
LSHs,4,2,6,0.67
LSIP,1,0,1,1.0
LSKL,0,2,2,0.0
LSKM,1,0,1,1.0
LSKN,0,2,2,0.0
LSKS,0,1,1,0.0
LSKl,1,1,2,0.5
LSKn,0,2,2,0.0
LSKs,2,0,2,1.0
LSLB,2,4,6,0.33
LSLD,1,0,1,1.0
LSLK,0,1,1,0.0
LSLL,1,2,3,0.33
LSLM,4,4,8,0.5
LSLN,5,6,11,0.45
LSLP,7,1,8,0.88
LSLS,3,2,5,0.6
LSLb,7,5,12,0.58
LSLh,3,1,4,0.75
LSLj,1,0,1,1.0
LSLl,1,1,2,0.5
LSLm,5,7,12,0.42
LSLn,7,5,12,0.58
LSLs,4,1,5,0.8
LSLt,0,0,0,
LSMB,9,9,18,0.5
LSML,6,2,8,0.75
LSMM,12,5,17,0.71
LSMN,8,6,14,0.57
LSMP,18,14,32,0.56
LSMS,5,5,10,0.5
LSMb,10,11,21,0.48
LSMh,3,9,12,0.25
LSMj,2,1,3,0.67
LSMl,3,6,9,0.33
LSMm,9,5,14,0.64
LSMn,7,7,14,0.5
LSMs,5,6,11,0.45
LSMt,2,2,4,0.5
LSNB,6,5,11,0.55
LSND,0,1,1,0.0
LSNH,2,4,6,0.33
LSNK,1,1,2,0.5
LSNL,2,4,6,0.33
LSNM,9,8,17,0.53
LSNN,9,15,24,0.38
LSNP,12,13,25,0.48
LSNS,8,6,14,0.57
LSNb,10,6,16,0.62
LSNh,1,1,2,0.5
LSNl,5,3,8,0.62
LSNm,10,6,16,0.62
LSNn,7,8,15,0.47
LSNs,1,4,5,0.2
LSNt,2,3,5,0.4
LSPB,7,11,18,0.39
LSPD,0,2,2,0.0
LSPH,4,9,13,0.31
LSPI,1,1,2,0.5
LSPK,1,1,2,0.5
LSPL,5,10,15,0.33
LSPM,8,16,24,0.33
LSPN,12,19,31,0.39
LSPP,22,21,43,0.51
LSPS,17,11,28,0.61
LSPb,11,17,28,0.39
LSPh,1,1,2,0.5
LSPl,5,6,11,0.45
LSPm,11,9,20,0.55
LSPn,20,14,34,0.59
LSPs,12,14,26,0.46
LSPt,3,2,5,0.6
LSSB,3,6,9,0.33
LSSD,1,0,1,1.0
LSSH,3,5,8,0.38
LSSI,1,0,1,1.0
LSSL,9,4,13,0.69
LSSM,6,9,15,0.4
LSSN,12,4,16,0.75
LSSP,12,10,22,0.55
LSSS,11,14,25,0.44
LSSb,12,14,26,0.46
LSSh,2,4,6,0.33
LSSl,6,5,11,0.55
LSSm,7,8,15,0.47
LSSn,6,11,17,0.35
LSSs,8,9,17,0.47
LSSt,1,2,3,0.33
LSbB,10,10,20,0.5
LSbD,0,1,1,0.0
LSbH,2,2,4,0.5
LSbI,3,1,4,0.75
LSbJ,3,1,4,0.75
LSbK,0,1,1,0.0
LSbL,2,4,6,0.33
LSbM,8,10,18,0.44
LSbN,16,5,21,0.76
LSbP,13,7,20,0.65
LSbS,7,4,11,0.64
LSbb,11,11,22,0.5
LSbl,6,4,10,0.6
LSbm,4,9,13,0.31
LSbn,4,8,12,0.33
LSbs,3,2,5,0.6
LShB,4,5,9,0.44
LShD,0,1,1,0.0
LShH,0,2,2,0.0
LShI,2,1,3,0.67
LShL,7,2,9,0.78
LShM,6,4,10,0.6
LShN,12,3,15,0.8
LShP,8,12,20,0.4
LShS,4,10,14,0.29
LShb,7,6,13,0.54
LShh,6,2,8,0.75
LShl,3,4,7,0.43
LShm,5,6,11,0.45
LShn,8,6,14,0.57
LShs,8,5,13,0.62
LSht,0,1,1,0.0
LSlB,4,5,9,0.44
LSlD,1,0,1,1.0
LSlH,2,2,4,0.5
LSlJ,1,1,2,0.5
LSlK,0,1,1,0.0
LSlL,3,4,7,0.43
LSlM,7,8,15,0.47
LSlN,9,13,22,0.41
LSlP,7,5,12,0.58
LSlS,5,4,9,0.56
LSlb,4,1,5,0.8
LSll,4,1,5,0.8
LSlm,5,4,9,0.56
LSln,5,4,9,0.56
LSls,4,3,7,0.57
LSmB,4,3,7,0.57
LSmD,1,0,1,1.0
LSmH,6,6,12,0.5
LSmI,4,0,4,1.0
LSmJ,0,1,1,0.0
LSmK,0,1,1,0.0
LSmL,2,6,8,0.25
LSmM,9,9,18,0.5
LSmN,12,9,21,0.57
LSmP,15,8,23,0.65
LSmS,3,7,10,0.3
LSmb,5,8,13,0.38
LSml,2,3,5,0.4
LSmm,8,5,13,0.62
LSmn,5,9,14,0.36
LSms,9,4,13,0.69
LSnB,4,9,13,0.31
LSnD,2,2,4,0.5
LSnH,1,5,6,0.17
LSnI,2,2,4,0.5
LSnK,2,0,2,1.0
LSnL,2,5,7,0.29
LSnM,5,5,10,0.5
LSnN,17,14,31,0.55
LSnP,23,20,43,0.53
LSnS,12,12,24,0.5
LSnb,6,8,14,0.43
LSnl,5,2,7,0.71
LSnm,14,11,25,0.56
LSnn,15,7,22,0.68
LSns,10,11,21,0.48
LSsB,8,4,12,0.67
LSsD,1,4,5,0.2
LSsH,11,6,17,0.65
LSsI,1,1,2,0.5
LSsL,2,3,5,0.4
LSsM,7,10,17,0.41
LSsN,13,7,20,0.65
LSsP,13,12,25,0.52
LSsS,14,15,29,0.48
LSsb,6,9,15,0.4
LSsh,0,3,3,0.0
LSsl,5,0,5,1.0
LSsm,14,7,21,0.67
LSsn,4,7,11,0.36
LSss,6,13,19,0.32
LStB,1,0,1,1.0
LStD,0,1,1,0.0
LStH,1,1,2,0.5
LStL,1,0,1,1.0
LStM,1,0,1,1.0
LStP,6,2,8,0.75
LStS,0,0,0,
LStb,1,2,3,0.33
LSth,0,1,1,0.0
LStl,1,1,2,0.5
LStm,1,1,2,0.5
LStn,3,0,3,1.0
LSts,0,1,1,0.0
LbBB,15,11,26,0.58
LbBD,1,1,2,0.5
LbBL,6,3,9,0.67
LbBM,6,12,18,0.33
LbBN,14,16,30,0.47
LbBP,17,16,33,0.52
LbBS,7,4,11,0.64
LbBb,12,11,23,0.52
LbBh,3,3,6,0.5
LbBj,5,7,12,0.42
LbBl,4,3,7,0.57
LbBm,6,11,17,0.35
LbBn,18,17,35,0.51
LbBs,4,8,12,0.33
LbBt,4,2,6,0.67
LbDB,0,3,3,0.0
LbDH,0,1,1,0.0
LbDL,1,0,1,1.0
LbDN,1,2,3,0.33
LbDP,2,1,3,0.67
LbDb,1,0,1,1.0
LbDl,1,1,2,0.5
LbDm,0,3,3,0.0
LbDn,4,3,7,0.57
LbDs,0,1,1,0.0
LbDt,0,1,1,0.0
LbHB,5,4,9,0.56
LbHH,2,0,2,1.0
LbHI,0,0,0,
LbHK,0,1,1,0.0
LbHL,3,2,5,0.6
LbHM,3,4,7,0.43
LbHN,4,5,9,0.44
LbHP,2,10,12,0.17
LbHS,3,3,6,0.5
LbHb,3,5,8,0.38
LbHh,1,2,3,0.33
LbHl,1,1,2,0.5
LbHm,5,0,5,1.0
LbHn,5,8,13,0.38
LbHs,1,5,6,0.17
LbIB,2,0,2,1.0
LbII,0,1,1,0.0
LbIL,1,1,2,0.5
LbIM,0,3,3,0.0
LbIN,1,2,3,0.33
LbIP,4,2,6,0.67
LbIS,0,1,1,0.0
LbIb,3,1,4,0.75
LbIl,1,1,2,0.5
LbIn,1,3,4,0.25
LbIs,0,0,0,
LbJB,4,2,6,0.67
LbJD,0,1,1,0.0
LbJH,1,2,3,0.33
LbJI,1,1,2,0.5
LbJL,2,4,6,0.33
LbJM,6,5,11,0.55
LbJN,4,2,6,0.67
LbJP,6,10,16,0.38
LbJS,4,3,7,0.57
LbJb,3,5,8,0.38
LbJh,1,0,1,1.0
LbJl,1,2,3,0.33
LbJm,5,2,7,0.71
LbJn,7,2,9,0.78
LbJs,2,2,4,0.5
LbKB,2,1,3,0.67
LbKL,2,0,2,1.0
LbKM,0,4,4,0.0
LbKN,2,1,3,0.67
LbKP,1,2,3,0.33
LbKS,0,1,1,0.0
LbKb,3,2,5,0.6
LbKh,0,2,2,0.0
LbKl,2,0,2,1.0
LbKm,3,4,7,0.43
LbKs,1,0,1,1.0
LbKt,1,0,1,1.0
LbLB,7,7,14,0.5
LbLL,2,2,4,0.5
LbLM,6,6,12,0.5
LbLN,8,10,18,0.44
LbLP,6,7,13,0.46
LbLS,2,3,5,0.4
LbLb,6,2,8,0.75
LbLh,5,1,6,0.83
LbLj,0,1,1,0.0
LbLl,2,3,5,0.4
LbLm,5,6,11,0.45
LbLn,11,6,17,0.65
LbLs,2,3,5,0.4
LbLt,0,1,1,0.0
LbMB,11,10,21,0.52
LbMD,0,1,1,0.0
LbMK,0,0,0,
LbML,2,7,9,0.22
LbMM,8,6,14,0.57
LbMN,16,14,30,0.53
LbMP,22,24,46,0.48
LbMS,6,6,12,0.5
LbMb,9,15,24,0.38
LbMh,12,17,29,0.41
LbMj,8,6,14,0.57
LbMl,4,6,10,0.4
LbMm,12,10,22,0.55
LbMn,14,20,34,0.41
LbMs,13,6,19,0.68
LbMt,4,2,6,0.67
LbNB,19,19,38,0.5
LbND,0,1,1,0.0
LbNH,3,2,5,0.6
LbNK,1,0,1,1.0
LbNL,11,13,24,0.46
LbNM,11,11,22,0.5
LbNN,17,25,42,0.4
LbNP,27,27,54,0.5
LbNS,12,16,28,0.43
LbNb,16,15,31,0.52
LbNh,8,7,15,0.53
LbNl,9,11,20,0.45
LbNm,15,13,28,0.54
LbNn,27,33,60,0.45
LbNs,11,7,18,0.61
LbNt,3,7,10,0.3
LbPB,14,19,33,0.42
LbPD,2,1,3,0.67
LbPH,6,7,13,0.46
LbPI,3,1,4,0.75
LbPK,2,0,2,1.0
LbPL,12,12,24,0.5
LbPM,28,18,46,0.61
LbPN,23,33,56,0.41
LbPP,35,41,76,0.46
LbPS,16,9,25,0.64
LbPb,24,26,50,0.48
LbPh,3,3,6,0.5
LbPl,14,6,20,0.7
LbPm,15,23,38,0.39
LbPn,16,25,41,0.39
LbPs,9,11,20,0.45
LbPt,1,3,4,0.25
LbSB,6,7,13,0.46
LbSH,4,2,6,0.67
LbSL,4,6,10,0.4
LbSM,8,8,16,0.5
LbSN,13,8,21,0.62
LbSP,16,13,29,0.55
LbSS,5,10,15,0.33
LbSb,8,10,18,0.44
LbSh,7,5,12,0.58
LbSl,1,7,8,0.12
LbSm,10,2,12,0.83
LbSn,9,9,18,0.5
LbSs,10,9,19,0.53
LbSt,1,2,3,0.33
LbbB,14,17,31,0.45
LbbD,1,0,1,1.0
LbbH,7,4,11,0.64
LbbI,0,1,1,0.0
LbbJ,4,3,7,0.57
LbbK,1,2,3,0.33
LbbL,6,5,11,0.55
LbbM,17,18,35,0.49
LbbN,18,25,43,0.42
LbbP,18,27,45,0.4
LbbS,11,12,23,0.48
Lbbb,21,14,35,0.6
Lbbl,9,5,14,0.64
Lbbm,8,9,17,0.47
Lbbn,21,22,43,0.49
Lbbs,7,3,10,0.7
LblB,5,10,15,0.33
LblD,0,0,0,
LblH,6,3,9,0.67
LblJ,3,2,5,0.6
LblL,5,3,8,0.62
LblM,7,7,14,0.5
LblN,16,13,29,0.55
LblP,6,10,16,0.38
LblS,10,4,14,0.71
Lblb,3,9,12,0.25
Lbll,2,1,3,0.67
Lblm,4,1,5,0.8
Lbln,6,8,14,0.43
Lbls,4,4,8,0.5
LbmB,8,15,23,0.35
LbmD,1,0,1,1.0
LbmH,9,8,17,0.53
LbmI,2,1,3,0.67
LbmJ,2,1,3,0.67
LbmL,3,2,5,0.6
LbmM,15,11,26,0.58
LbmN,9,9,18,0.5
LbmP,21,20,41,0.51
LbmS,2,7,9,0.22
Lbmb,13,7,20,0.65
Lbml,4,3,7,0.57
Lbmm,4,9,13,0.31
Lbmn,11,10,21,0.52
Lbms,3,3,6,0.5
LbnB,10,14,24,0.42
LbnD,2,2,4,0.5
LbnH,7,4,11,0.64
LbnI,1,0,1,1.0
LbnK,1,1,2,0.5
LbnL,9,3,12,0.75
LbnM,20,18,38,0.53
LbnN,24,21,45,0.53
LbnP,29,25,54,0.54
LbnS,12,12,24,0.5
Lbnb,18,16,34,0.53
Lbnh,3,1,4,0.75
Lbnl,6,8,14,0.43
Lbnm,15,8,23,0.65
Lbnn,14,17,31,0.45
Lbns,6,8,14,0.43
LbsB,3,8,11,0.27
LbsD,3,1,4,0.75
LbsH,7,10,17,0.41
LbsI,1,1,2,0.5
LbsL,4,4,8,0.5
LbsM,7,6,13,0.54
LbsN,10,14,24,0.42
LbsP,18,9,27,0.67
LbsS,12,9,21,0.57
Lbsb,8,9,17,0.47
Lbsh,0,2,2,0.0
Lbsl,5,2,7,0.71
Lbsm,1,4,5,0.2
Lbsn,6,7,13,0.46
Lbss,7,5,12,0.58
LhBB,5,6,11,0.45
LhBD,0,2,2,0.0
LhBL,1,2,3,0.33
LhBM,8,4,12,0.67
LhBN,4,2,6,0.67
LhBP,3,8,11,0.27
LhBS,4,4,8,0.5
LhBb,5,7,12,0.42
LhBh,0,1,1,0.0
LhBj,2,1,3,0.67
LhBl,1,3,4,0.25
LhBm,6,3,9,0.67
LhBn,8,7,15,0.53
LhBs,8,4,12,0.67
LhBt,1,1,2,0.5
LhDD,0,1,1,0.0
LhDM,1,0,1,1.0
LhDN,1,0,1,1.0
LhDP,1,0,1,1.0
LhDl,1,0,1,1.0
LhDm,1,0,1,1.0
LhDn,1,1,2,0.5
LhHB,1,0,1,1.0
LhHH,0,1,1,0.0
LhHI,1,0,1,1.0
LhHK,0,1,1,0.0
LhHM,1,2,3,0.33
LhHN,2,1,3,0.67
LhHP,3,0,3,1.0
LhHS,1,0,1,1.0
LhHb,2,0,2,1.0
LhHn,3,3,6,0.5
LhHs,3,0,3,1.0
LhIl,1,1,2,0.5
LhIs,0,0,0,
LhKM,0,1,1,0.0
LhKh,0,0,0,
LhKs,1,0,1,1.0
LhLB,1,0,1,1.0
LhLL,1,2,3,0.33
LhLM,1,3,4,0.25
LhLN,5,3,8,0.62
LhLP,2,5,7,0.29
LhLS,3,1,4,0.75
LhLb,5,2,7,0.71
LhLh,4,2,6,0.67
LhLl,1,1,2,0.5
LhLm,3,1,4,0.75
LhLn,5,3,8,0.62
LhLs,3,0,3,1.0
LhLt,0,1,1,0.0
LhMB,4,3,7,0.57
LhML,4,1,5,0.8
LhMM,7,12,19,0.37
LhMN,1,7,8,0.12
LhMP,9,12,21,0.43
LhMS,1,4,5,0.2
LhMb,4,5,9,0.44
LhMh,8,7,15,0.53
LhMj,5,0,5,1.0
LhMl,6,2,8,0.75
LhMm,4,4,8,0.5
LhMn,4,5,9,0.44
LhMs,3,6,9,0.33
LhMt,2,0,2,1.0
LhNB,6,6,12,0.5
LhNH,3,2,5,0.6
LhNK,1,0,1,1.0
LhNL,1,2,3,0.33
LhNM,5,7,12,0.42
LhNN,8,7,15,0.53
LhNP,9,13,22,0.41
LhNS,3,5,8,0.38
LhNb,1,7,8,0.12
LhNh,1,2,3,0.33
LhNl,1,4,5,0.2
LhNm,5,5,10,0.5
LhNn,6,5,11,0.55
LhNs,3,8,11,0.27
LhNt,2,2,4,0.5
LhPB,6,8,14,0.43
LhPH,1,4,5,0.2
LhPK,0,1,1,0.0
LhPL,5,3,8,0.62
LhPM,4,12,16,0.25
LhPN,9,5,14,0.64
LhPP,25,20,45,0.56
LhPS,6,9,15,0.4
LhPb,6,11,17,0.35
LhPh,2,1,3,0.67
LhPl,3,6,9,0.33
LhPm,5,8,13,0.38
LhPn,11,14,25,0.44
LhPs,5,10,15,0.33
LhPt,1,0,1,1.0
LhSB,5,4,9,0.56
LhSH,1,1,2,0.5
LhSL,2,0,2,1.0
LhSM,2,3,5,0.4
LhSN,5,2,7,0.71
LhSP,7,3,10,0.7
LhSS,3,5,8,0.38
LhSb,6,2,8,0.75
LhSh,1,5,6,0.17
LhSl,2,2,4,0.5
LhSm,4,2,6,0.67
LhSn,7,5,12,0.58
LhSs,7,3,10,0.7
LhSt,2,0,2,1.0
LhbB,6,5,11,0.55
LhbD,1,0,1,1.0
LhbH,2,0,2,1.0
LhbI,0,0,0,
LhbJ,1,2,3,0.33
LhbK,0,0,0,
LhbL,2,4,6,0.33
LhbM,8,10,18,0.44
LhbN,9,6,15,0.6
LhbP,15,8,23,0.65
LhbS,6,9,15,0.4
Lhbb,8,4,12,0.67
Lhbl,7,2,9,0.78
Lhbm,6,5,11,0.55
Lhbn,4,12,16,0.25
Lhbs,8,2,10,0.8
LhhB,2,3,5,0.4
LhhH,0,2,2,0.0
LhhL,2,4,6,0.33
LhhM,5,5,10,0.5
LhhN,7,7,14,0.5
LhhP,5,6,11,0.45
LhhS,9,8,17,0.53
Lhhb,4,4,8,0.5
Lhhh,5,5,10,0.5
Lhhl,1,1,2,0.5
Lhhm,11,5,16,0.69
Lhhn,4,6,10,0.4
Lhhs,5,5,10,0.5
Lhht,1,0,1,1.0
LhlB,2,4,6,0.33
LhlD,1,0,1,1.0
LhlH,3,2,5,0.6
LhlJ,2,1,3,0.67
LhlK,0,0,0,
LhlL,4,3,7,0.57
LhlM,3,2,5,0.6
LhlN,5,1,6,0.83
LhlP,5,4,9,0.56
LhlS,4,2,6,0.67
Lhlb,5,0,5,1.0
Lhll,2,0,2,1.0
Lhlm,4,1,5,0.8
Lhln,1,3,4,0.25
Lhls,3,0,3,1.0
LhmB,4,3,7,0.57
LhmH,1,5,6,0.17
LhmJ,1,1,2,0.5
LhmL,1,6,7,0.14
LhmM,13,4,17,0.76
LhmN,8,5,13,0.62
LhmP,5,5,10,0.5
LhmS,5,1,6,0.83
Lhmb,6,5,11,0.55
Lhml,3,2,5,0.6
Lhmm,2,5,7,0.29
Lhmn,4,3,7,0.57
Lhms,3,1,4,0.75
LhnB,8,8,16,0.5
LhnD,1,0,1,1.0
LhnH,3,2,5,0.6
LhnI,1,2,3,0.33
LhnK,1,1,2,0.5
LhnL,4,2,6,0.67
LhnM,13,7,20,0.65
LhnN,13,8,21,0.62
LhnP,18,10,28,0.64
LhnS,2,10,12,0.17
Lhnb,4,7,11,0.36
Lhnl,7,3,10,0.7
Lhnm,6,2,8,0.75
Lhnn,6,13,19,0.32
Lhns,4,6,10,0.4
LhsB,2,4,6,0.33
LhsD,2,1,3,0.67
LhsH,6,4,10,0.6
LhsI,1,0,1,1.0
LhsK,1,0,1,1.0
LhsL,4,1,5,0.8
LhsM,2,4,6,0.33
LhsN,7,4,11,0.64
LhsP,11,8,19,0.58
LhsS,11,5,16,0.69
Lhsb,7,4,11,0.64
Lhsh,0,1,1,0.0
Lhsl,5,0,5,1.0
Lhsm,4,5,9,0.44
Lhsn,4,3,7,0.57
Lhss,6,0,6,1.0
LhtM,1,0,1,1.0
LhtN,0,2,2,0.0
LhtP,3,3,6,0.5
LhtS,0,1,1,0.0
Lhtb,4,2,6,0.67
Lhtm,0,1,1,0.0
LjBB,2,3,5,0.4
LjBD,0,1,1,0.0
LjBK,0,1,1,0.0
LjBL,0,1,1,0.0
LjBM,4,6,10,0.4
LjBN,5,4,9,0.56
LjBP,5,3,8,0.62
LjBS,1,0,1,1.0
LjBb,4,5,9,0.44
LjBj,0,1,1,0.0
LjBl,3,2,5,0.6
LjBm,1,4,5,0.2
LjBn,4,5,9,0.44
LjBs,1,0,1,1.0
LjBt,1,2,3,0.33
LjDs,0,1,1,0.0
LjHB,2,0,2,1.0
LjHH,0,1,1,0.0
LjHI,0,1,1,0.0
LjHM,1,2,3,0.33
LjHN,0,1,1,0.0
LjHP,1,1,2,0.5
LjHS,2,2,4,0.5
LjHb,2,2,4,0.5
LjHh,1,1,2,0.5
LjHl,0,1,1,0.0
LjHm,0,2,2,0.0
LjHn,2,0,2,1.0
LjHs,0,0,0,
LjIL,1,1,2,0.5
LjIM,0,1,1,0.0
LjIb,1,0,1,1.0
LjIm,0,0,0,
LjKL,0,1,1,0.0
LjKM,0,1,1,0.0
LjKP,1,0,1,1.0
LjKS,1,0,1,1.0
LjKl,0,1,1,0.0
LjLB,2,2,4,0.5
LjLL,2,4,6,0.33
LjLM,5,2,7,0.71
LjLN,6,2,8,0.75
LjLP,2,2,4,0.5
LjLS,5,0,5,1.0
LjLb,2,1,3,0.67
LjLh,0,1,1,0.0
LjLj,0,2,2,0.0
LjLl,2,0,2,1.0
LjLm,1,1,2,0.5
LjLn,1,7,8,0.12
LjLs,2,4,6,0.33
LjLt,0,0,0,
LjMB,2,5,7,0.29
LjMD,0,1,1,0.0
LjML,0,2,2,0.0
LjMM,2,3,5,0.4
LjMN,5,0,5,1.0
LjMP,7,6,13,0.54
LjMS,1,4,5,0.2
LjMb,4,5,9,0.44
LjMh,1,5,6,0.17
LjMj,2,0,2,1.0
LjMl,3,4,7,0.43
LjMm,3,4,7,0.43
LjMn,4,6,10,0.4
LjMs,4,3,7,0.57
LjMt,1,0,1,1.0
LjNB,4,1,5,0.8
LjND,1,0,1,1.0
LjNH,1,2,3,0.33
LjNL,3,3,6,0.5
LjNM,2,3,5,0.4
LjNN,4,4,8,0.5
LjNP,11,5,16,0.69
LjNS,4,2,6,0.67
LjNb,9,4,13,0.69
LjNh,2,3,5,0.4
LjNl,2,4,6,0.33
LjNm,1,1,2,0.5
LjNn,6,5,11,0.55
LjNs,0,8,8,0.0
LjNt,0,1,1,0.0
LjPB,5,6,11,0.45
LjPH,1,2,3,0.33
LjPK,1,2,3,0.33
LjPL,2,5,7,0.29
LjPM,7,7,14,0.5
LjPN,5,9,14,0.36
LjPP,14,10,24,0.58
LjPS,6,4,10,0.6
LjPb,13,8,21,0.62
LjPh,2,1,3,0.67
LjPl,5,6,11,0.45
LjPm,11,7,18,0.61
LjPn,5,7,12,0.42
LjPs,6,7,13,0.46
LjPt,1,1,2,0.5
LjSB,2,5,7,0.29
LjSD,0,1,1,0.0
LjSH,2,2,4,0.5
LjSL,2,3,5,0.4
LjSM,4,4,8,0.5
LjSN,4,2,6,0.67
LjSP,4,2,6,0.67
LjSS,2,2,4,0.5
LjSb,2,1,3,0.67
LjSh,5,2,7,0.71
LjSl,1,5,6,0.17
LjSm,5,3,8,0.62
LjSn,4,6,10,0.4
LjSs,3,2,5,0.6
LjSt,1,0,1,1.0
LjbB,5,6,11,0.45
LjbH,1,0,1,1.0
LjbI,2,1,3,0.67
LjbJ,1,2,3,0.33
LjbK,0,0,0,
LjbL,4,1,5,0.8
LjbM,7,5,12,0.58
LjbN,2,3,5,0.4
LjbP,9,10,19,0.47
LjbS,5,1,6,0.83
Ljbb,4,3,7,0.57
Ljbl,4,3,7,0.57
Ljbm,5,8,13,0.38
Ljbn,3,2,5,0.6
Ljbs,2,0,2,1.0
LjhB,1,0,1,1.0
LjhH,1,0,1,1.0
LjhI,0,0,0,
LjhL,0,1,1,0.0
LjhM,2,0,2,1.0
LjhN,1,1,2,0.5
LjhP,2,1,3,0.67
LjhS,2,0,2,1.0
Ljhb,0,2,2,0.0
Ljhh,2,1,3,0.67
Ljhl,0,1,1,0.0
Ljhm,1,1,2,0.5
Ljhn,2,1,3,0.67
Ljhs,1,0,1,1.0
LjlB,0,0,0,
LjlH,2,1,3,0.67
LjlJ,1,1,2,0.5
LjlL,2,1,3,0.67
LjlM,0,4,4,0.0
LjlN,2,3,5,0.4
LjlP,3,4,7,0.43
LjlS,3,4,7,0.43
Ljlb,1,1,2,0.5
Ljll,2,1,3,0.67
Ljlm,2,1,3,0.67
Ljln,1,2,3,0.33
Ljls,2,0,2,1.0
LjmB,2,3,5,0.4
LjmD,0,2,2,0.0
LjmH,4,3,7,0.57
LjmI,1,0,1,1.0
LjmJ,0,1,1,0.0
LjmK,0,0,0,
LjmL,7,3,10,0.7
LjmM,2,9,11,0.18
LjmN,4,8,12,0.33
LjmP,2,6,8,0.25
LjmS,4,6,10,0.4
Ljmb,3,5,8,0.38
Ljml,2,2,4,0.5
Ljmm,7,6,13,0.54
Ljmn,2,2,4,0.5
Ljms,2,4,6,0.33
LjnB,4,6,10,0.4
LjnD,0,0,0,
LjnH,4,1,5,0.8
LjnI,1,0,1,1.0
LjnL,2,3,5,0.4
LjnM,3,4,7,0.43
LjnN,5,7,12,0.42
LjnP,7,4,11,0.64
LjnS,3,6,9,0.33
Ljnb,4,4,8,0.5
Ljnl,4,7,11,0.36
Ljnm,4,3,7,0.57
Ljnn,7,9,16,0.44
Ljns,1,2,3,0.33
LjsB,1,2,3,0.33
LjsH,1,1,2,0.5
LjsK,0,1,1,0.0
LjsL,1,1,2,0.5
LjsM,3,3,6,0.5
LjsN,1,3,4,0.25
LjsP,5,6,11,0.45
LjsS,2,1,3,0.67
Ljsb,3,8,11,0.27
Ljsh,2,1,3,0.67
Ljsl,2,2,4,0.5
Ljsm,4,1,5,0.8
Ljsn,0,1,1,0.0
Ljss,1,3,4,0.25
LjtB,1,1,2,0.5
LjtH,0,3,3,0.0
LjtN,0,2,2,0.0
LjtS,0,0,0,
Ljtb,1,1,2,0.5
Ljtm,0,1,1,0.0
Ljts,1,0,1,1.0
LlBB,5,6,11,0.45
LlBD,0,1,1,0.0
LlBL,1,4,5,0.2
LlBM,3,7,10,0.3
LlBN,8,9,17,0.47
LlBP,10,9,19,0.53
LlBS,3,5,8,0.38
LlBb,3,8,11,0.27
LlBh,1,1,2,0.5
LlBj,0,0,0,
LlBl,2,1,3,0.67
LlBm,3,3,6,0.5
LlBn,8,6,14,0.57
LlBs,1,2,3,0.33
LlBt,2,0,2,1.0
LlDB,0,1,1,0.0
LlDH,3,1,4,0.75
LlDI,0,1,1,0.0
LlDL,0,1,1,0.0
LlDN,0,2,2,0.0
LlDb,1,0,1,1.0
LlDn,0,2,2,0.0
LlHB,3,3,6,0.5
LlHD,2,0,2,1.0
LlHH,0,0,0,
LlHK,0,0,0,
LlHL,1,3,4,0.25
LlHM,9,7,16,0.56
LlHN,9,10,19,0.47
LlHP,9,11,20,0.45
LlHS,4,5,9,0.44
LlHb,5,11,16,0.31
LlHh,1,8,9,0.11
LlHl,4,2,6,0.67
LlHm,1,5,6,0.17
LlHn,5,9,14,0.36
LlHs,1,2,3,0.33
LlIB,0,2,2,0.0
LlIM,1,2,3,0.33
LlIP,1,3,4,0.25
LlIS,1,2,3,0.33
LlIb,1,1,2,0.5
LlJB,3,1,4,0.75
LlJD,1,0,1,1.0
LlJH,0,0,0,
LlJI,0,1,1,0.0
LlJL,3,1,4,0.75
LlJM,5,2,7,0.71
LlJN,2,2,4,0.5
LlJP,6,4,10,0.6
LlJS,0,1,1,0.0
LlJb,1,2,3,0.33
LlJl,1,0,1,1.0
LlJm,4,0,4,1.0
LlJn,1,0,1,1.0
LlJs,0,2,2,0.0
LlKL,0,1,1,0.0
LlKM,1,0,1,1.0
LlKN,0,1,1,0.0
LlKP,1,2,3,0.33
LlKb,1,0,1,1.0
LlKh,0,0,0,
LlKm,0,1,1,0.0
LlKs,0,0,0,
LlLB,3,2,5,0.6
LlLL,0,1,1,0.0
LlLM,4,2,6,0.67
LlLN,6,3,9,0.67
LlLP,5,4,9,0.56
LlLS,1,2,3,0.33
LlLb,5,1,6,0.83
LlLh,4,2,6,0.67
LlLj,2,2,4,0.5
LlLl,5,2,7,0.71
LlLm,2,2,4,0.5
LlLn,3,6,9,0.33
LlLs,5,1,6,0.83
LlLt,1,0,1,1.0
LlMB,3,7,10,0.3
LlMK,0,1,1,0.0
LlML,4,2,6,0.67
LlMM,9,5,14,0.64
LlMN,3,10,13,0.23
LlMP,6,8,14,0.43
LlMS,6,1,7,0.86
LlMb,9,8,17,0.53
LlMh,5,9,14,0.36
LlMj,2,2,4,0.5
LlMl,3,3,6,0.5
LlMm,5,4,9,0.56
LlMn,8,16,24,0.33
LlMs,6,7,13,0.46
LlNB,9,7,16,0.56
LlNH,4,3,7,0.57
LlNL,4,3,7,0.57
LlNM,5,15,20,0.25
LlNN,15,2,17,0.88
LlNP,10,26,36,0.28
LlNS,5,8,13,0.38
LlNb,7,6,13,0.54
LlNh,4,4,8,0.5
LlNl,4,5,9,0.44
LlNm,9,2,11,0.82
LlNn,13,17,30,0.43
LlNs,6,5,11,0.55
LlNt,3,1,4,0.75
LlPB,10,10,20,0.5
LlPD,1,0,1,1.0
LlPH,2,2,4,0.5
LlPI,2,0,2,1.0
LlPK,1,0,1,1.0
LlPL,3,5,8,0.38
LlPM,6,8,14,0.43
LlPN,8,19,27,0.3
LlPP,19,17,36,0.53
LlPS,5,9,14,0.36
LlPb,5,14,19,0.26
LlPh,0,1,1,0.0
LlPl,6,3,9,0.67
LlPm,10,5,15,0.67
LlPn,13,4,17,0.76
LlPs,10,6,16,0.62
LlPt,4,1,5,0.8
LlSB,1,5,6,0.17
LlSD,1,0,1,1.0
LlSH,2,2,4,0.5
LlSI,0,0,0,
LlSL,1,0,1,1.0
LlSM,6,3,9,0.67
LlSN,8,7,15,0.53
LlSP,10,11,21,0.48
LlSS,4,2,6,0.67
LlSb,8,3,11,0.73
LlSh,3,5,8,0.38
LlSl,2,3,5,0.4
LlSm,9,5,14,0.64
LlSn,11,4,15,0.73
LlSs,7,7,14,0.5
LlSt,3,0,3,1.0
LlbB,3,10,13,0.23
LlbH,3,4,7,0.43
LlbI,1,1,2,0.5
LlbJ,0,2,2,0.0
LlbK,0,1,1,0.0
LlbL,4,2,6,0.67
LlbM,8,7,15,0.53
LlbN,16,10,26,0.62
LlbP,14,14,28,0.5
LlbS,1,1,2,0.5
Llbb,7,8,15,0.47
Llbl,6,6,12,0.5
Llbm,7,7,14,0.5
Llbn,7,16,23,0.3
Llbs,4,1,5,0.8
LllB,3,1,4,0.75
LllD,2,0,2,1.0
LllH,1,2,3,0.33
LllL,5,3,8,0.62
LllM,1,2,3,0.33
LllN,5,3,8,0.62
LllP,4,5,9,0.44
LllS,3,2,5,0.6
Lllb,7,2,9,0.78
Llll,5,3,8,0.62
Lllm,2,3,5,0.4
Llln,3,4,7,0.43
Llls,2,3,5,0.4
LlmB,4,5,9,0.44
LlmD,1,0,1,1.0
LlmH,5,10,15,0.33
LlmJ,2,3,5,0.4
LlmL,0,2,2,0.0
LlmM,4,9,13,0.31
LlmN,6,13,19,0.32
LlmP,10,6,16,0.62
LlmS,1,3,4,0.25
Llmb,7,2,9,0.78
Llml,3,3,6,0.5
Llmm,3,2,5,0.6
Llmn,6,4,10,0.6
Llms,2,1,3,0.67
LlnB,2,6,8,0.25
LlnD,4,1,5,0.8
LlnH,2,3,5,0.4
LlnI,1,2,3,0.33
LlnK,0,1,1,0.0
LlnL,1,5,6,0.17
LlnM,8,11,19,0.42
LlnN,9,6,15,0.6
LlnP,13,13,26,0.5
LlnS,7,3,10,0.7
Llnb,8,6,14,0.57
Llnl,5,2,7,0.71
Llnm,6,5,11,0.55
Llnn,7,1,8,0.88
Llns,4,3,7,0.57
LlsB,4,4,8,0.5
LlsD,1,2,3,0.33
LlsH,4,2,6,0.67
LlsI,1,2,3,0.33
LlsK,0,0,0,
LlsL,2,1,3,0.67
LlsM,6,7,13,0.46
LlsN,5,6,11,0.45
LlsP,5,10,15,0.33
LlsS,5,5,10,0.5
Llsb,0,2,2,0.0
Llsh,1,0,1,1.0
Llsl,3,6,9,0.33
Llsm,12,5,17,0.71
Llsn,3,5,8,0.38
Llss,5,4,9,0.56
Llst,0,1,1,0.0
LmBB,10,15,25,0.4
LmBD,0,1,1,0.0
LmBH,0,0,0,
LmBK,0,1,1,0.0
LmBL,6,3,9,0.67
LmBM,9,5,14,0.64
LmBN,10,13,23,0.43
LmBP,15,9,24,0.62
LmBS,4,9,13,0.31
LmBb,15,7,22,0.68
LmBh,1,2,3,0.33
LmBj,3,5,8,0.38
LmBl,2,2,4,0.5
LmBm,19,5,24,0.79
LmBn,15,18,33,0.45
LmBs,9,5,14,0.64
LmBt,2,2,4,0.5
LmDB,1,0,1,1.0
LmDH,0,1,1,0.0
LmDL,1,1,2,0.5
LmDM,1,1,2,0.5
LmDP,4,1,5,0.8
LmDS,1,0,1,1.0
LmDb,1,2,3,0.33
LmDl,0,2,2,0.0
LmDm,1,4,5,0.2
LmDn,1,2,3,0.33
LmDs,3,0,3,1.0
LmHB,3,9,12,0.25
LmHD,1,0,1,1.0
LmHH,0,1,1,0.0
LmHI,0,1,1,0.0
LmHK,1,0,1,1.0
LmHL,1,6,7,0.14
LmHM,9,11,20,0.45
LmHN,10,11,21,0.48
LmHP,16,14,30,0.53
LmHS,5,3,8,0.62
LmHb,8,4,12,0.67
LmHh,8,7,15,0.53
LmHl,5,1,6,0.83
LmHm,10,10,20,0.5
LmHn,6,14,20,0.3
LmHs,9,7,16,0.56
LmHt,2,0,2,1.0
LmIB,2,1,3,0.67
LmID,0,1,1,0.0
LmIH,1,2,3,0.33
LmII,0,1,1,0.0
LmIL,1,0,1,1.0
LmIN,0,2,2,0.0
LmIP,0,1,1,0.0
LmIb,4,4,8,0.5
LmIm,1,1,2,0.5
LmIn,0,3,3,0.0
LmJB,2,3,5,0.4
LmJH,0,1,1,0.0
LmJL,0,1,1,0.0
LmJM,2,5,7,0.29
LmJN,1,1,2,0.5
LmJP,6,2,8,0.75
LmJS,5,3,8,0.62
LmJb,2,2,4,0.5
LmJl,1,0,1,1.0
LmJm,2,1,3,0.67
LmJn,5,2,7,0.71
LmJs,2,2,4,0.5
LmJt,1,0,1,1.0
LmKM,1,0,1,1.0
LmKb,0,1,1,0.0
LmKl,0,0,0,
LmLB,8,4,12,0.67
LmLD,1,1,2,0.5
LmLL,1,1,2,0.5
LmLM,4,4,8,0.5
LmLN,4,10,14,0.29
LmLP,7,7,14,0.5
LmLS,3,6,9,0.33
LmLb,5,1,6,0.83
LmLh,5,1,6,0.83
LmLj,3,3,6,0.5
LmLl,1,1,2,0.5
LmLm,1,4,5,0.2
LmLn,6,6,12,0.5
LmLs,1,3,4,0.25
LmLt,2,2,4,0.5
LmMB,8,9,17,0.47
LmML,3,3,6,0.5
LmMM,13,13,26,0.5
LmMN,7,16,23,0.3
LmMP,14,23,37,0.38
LmMS,6,5,11,0.55
LmMb,15,11,26,0.58
LmMh,11,10,21,0.52
LmMj,7,4,11,0.64
LmMl,2,7,9,0.22
LmMm,13,9,22,0.59
LmMn,22,14,36,0.61
LmMs,7,5,12,0.58
LmMt,3,3,6,0.5
LmNB,9,9,18,0.5
LmND,3,0,3,1.0
LmNH,4,1,5,0.8
LmNK,0,2,2,0.0
LmNL,6,2,8,0.75
LmNM,9,8,17,0.53
LmNN,17,17,34,0.5
LmNP,11,21,32,0.34
LmNS,11,7,18,0.61
LmNb,11,10,21,0.52
LmNh,1,1,2,0.5
LmNl,4,5,9,0.44
LmNm,9,9,18,0.5
LmNn,29,19,48,0.6
LmNs,8,15,23,0.35
LmNt,6,2,8,0.75
LmPB,13,9,22,0.59
LmPD,1,2,3,0.33
LmPH,9,2,11,0.82
LmPK,1,4,5,0.2
LmPL,17,10,27,0.63
LmPM,12,17,29,0.41
LmPN,18,16,34,0.53
LmPP,32,37,69,0.46
LmPS,14,11,25,0.56
LmPb,15,18,33,0.45
LmPh,2,1,3,0.67
LmPl,6,6,12,0.5
LmPm,14,13,27,0.52
LmPn,12,18,30,0.4
LmPs,8,18,26,0.31
LmPt,0,2,2,0.0
LmSB,8,9,17,0.47
LmSD,1,1,2,0.5
LmSH,0,3,3,0.0
LmSL,1,2,3,0.33
LmSM,9,6,15,0.6
LmSN,8,12,20,0.4
LmSP,11,14,25,0.44
LmSS,6,8,14,0.43
LmSb,7,5,12,0.58
LmSh,4,6,10,0.4
LmSl,5,6,11,0.45
LmSm,5,6,11,0.45
LmSn,9,16,25,0.36
LmSs,13,17,30,0.43
LmSt,5,2,7,0.71
LmbB,5,16,21,0.24
LmbD,0,0,0,
LmbH,7,2,9,0.78
LmbI,1,2,3,0.33
LmbJ,4,3,7,0.57
LmbK,0,1,1,0.0
LmbL,6,4,10,0.6
LmbM,15,13,28,0.54
LmbN,11,19,30,0.37
LmbP,19,13,32,0.59
LmbS,5,6,11,0.45
Lmbb,13,13,26,0.5
Lmbl,3,5,8,0.38
Lmbm,13,9,22,0.59
Lmbn,12,14,26,0.46
Lmbs,4,3,7,0.57
LmlB,4,3,7,0.57
LmlD,1,1,2,0.5
LmlH,0,2,2,0.0
LmlI,0,1,1,0.0
LmlJ,2,1,3,0.67
LmlL,2,4,6,0.33
LmlM,3,3,6,0.5
LmlN,6,1,7,0.86
LmlP,9,3,12,0.75
LmlS,8,2,10,0.8
Lmlb,5,8,13,0.38
Lmll,2,2,4,0.5
Lmlm,4,2,6,0.67
Lmln,3,6,9,0.33
Lmls,2,2,4,0.5
LmmB,8,6,14,0.57
LmmD,1,0,1,1.0
LmmH,7,5,12,0.58
LmmI,0,2,2,0.0
LmmJ,0,2,2,0.0
LmmL,7,3,10,0.7
LmmM,5,9,14,0.36
LmmN,13,9,22,0.59
LmmP,15,12,27,0.56
LmmS,1,6,7,0.14
Lmmb,8,7,15,0.53
Lmml,1,2,3,0.33
Lmmm,5,7,12,0.42
Lmmn,12,5,17,0.71
Lmms,3,4,7,0.43
Lmmt,1,0,1,1.0
LmnB,10,11,21,0.48
LmnD,1,1,2,0.5
LmnH,2,9,11,0.18
LmnI,1,0,1,1.0
LmnK,1,0,1,1.0
LmnL,7,8,15,0.47
LmnM,10,10,20,0.5
LmnN,19,23,42,0.45
LmnP,18,17,35,0.51
LmnS,9,13,22,0.41
Lmnb,14,12,26,0.54
Lmnl,5,1,6,0.83
Lmnm,13,5,18,0.72
Lmnn,15,12,27,0.56
Lmns,8,11,19,0.42
LmsB,4,2,6,0.67
LmsD,0,2,2,0.0
LmsH,5,4,9,0.56
LmsI,1,0,1,1.0
LmsL,2,3,5,0.4
LmsM,6,2,8,0.75
LmsN,7,9,16,0.44
LmsP,15,6,21,0.71
LmsS,5,7,12,0.42
Lmsb,5,9,14,0.36
Lmsl,2,2,4,0.5
Lmsm,6,11,17,0.35
Lmsn,7,12,19,0.37
Lmss,4,5,9,0.44
LnBB,12,12,24,0.5
LnBD,1,1,2,0.5
LnBK,2,2,4,0.5
LnBL,5,4,9,0.56
LnBM,11,19,30,0.37
LnBN,21,16,37,0.57
LnBP,19,22,41,0.46
LnBS,5,5,10,0.5
LnBb,10,11,21,0.48
LnBh,2,2,4,0.5
LnBj,1,3,4,0.25
LnBl,9,4,13,0.69
LnBm,8,8,16,0.5
LnBn,25,25,50,0.5
LnBs,8,8,16,0.5
LnBt,0,2,2,0.0
LnDB,1,0,1,1.0
LnDD,0,1,1,0.0
LnDL,0,2,2,0.0
LnDM,2,1,3,0.67
LnDN,0,4,4,0.0
LnDP,2,2,4,0.5
LnDS,2,1,3,0.67
LnDb,2,2,4,0.5
LnDl,2,0,2,1.0
LnDm,1,1,2,0.5
LnDn,3,1,4,0.75
LnHB,6,2,8,0.75
LnHD,0,2,2,0.0
LnHH,1,3,4,0.25
LnHK,3,1,4,0.75
LnHL,3,3,6,0.5
LnHM,11,14,25,0.44
LnHN,12,12,24,0.5
LnHP,18,6,24,0.75
LnHS,8,8,16,0.5
LnHb,8,9,17,0.47
LnHh,3,0,3,1.0
LnHl,8,7,15,0.53
LnHm,13,15,28,0.46
LnHn,18,17,35,0.51
LnHs,9,7,16,0.56
LnHt,0,2,2,0.0
LnIB,4,0,4,1.0
LnIH,3,2,5,0.6
LnIL,0,0,0,
LnIM,3,1,4,0.75
LnIN,3,2,5,0.6
LnIP,6,6,12,0.5
LnIS,2,1,3,0.67
LnIb,1,4,5,0.2
LnIl,1,1,2,0.5
LnIm,3,1,4,0.75
LnIn,2,4,6,0.33
LnIs,1,2,3,0.33
LnIt,0,0,0,
LnKB,2,0,2,1.0
LnKD,1,1,2,0.5
LnKH,0,1,1,0.0
LnKI,0,1,1,0.0
LnKK,0,1,1,0.0
LnKL,2,1,3,0.67
LnKM,0,3,3,0.0
LnKN,2,0,2,1.0
LnKP,3,2,5,0.6
LnKS,4,1,5,0.8
LnKb,0,1,1,0.0
LnKl,1,0,1,1.0
LnKm,3,0,3,1.0
LnKn,0,1,1,0.0
LnKs,1,1,2,0.5
LnLB,4,5,9,0.44
LnLD,1,0,1,1.0
LnLL,2,5,7,0.29
LnLM,4,7,11,0.36
LnLN,10,11,21,0.48
LnLP,10,9,19,0.53
LnLS,0,6,6,0.0
LnLb,6,8,14,0.43
LnLh,2,2,4,0.5
LnLj,7,5,12,0.58
LnLl,6,3,9,0.67
LnLm,5,6,11,0.45
LnLn,16,9,25,0.64
LnLs,7,5,12,0.58
LnLt,1,3,4,0.25
LnMB,18,23,41,0.44
LnMD,0,1,1,0.0
LnML,9,4,13,0.69
LnMM,14,21,35,0.4
LnMN,13,21,34,0.38
LnMP,27,24,51,0.53
LnMS,11,10,21,0.52
LnMb,19,19,38,0.5
LnMh,18,10,28,0.64
LnMj,6,4,10,0.6
LnMl,12,6,18,0.67
LnMm,11,16,27,0.41
LnMn,27,37,64,0.42
LnMs,7,11,18,0.39
LnMt,3,3,6,0.5
LnNB,23,18,41,0.56
LnND,1,1,2,0.5
LnNH,2,3,5,0.4
LnNK,1,0,1,1.0
LnNL,8,10,18,0.44
LnNM,20,20,40,0.5
LnNN,39,43,82,0.48
LnNP,40,49,89,0.45
LnNS,16,20,36,0.44
LnNb,21,20,41,0.51
LnNh,12,9,21,0.57
LnNl,8,11,19,0.42
LnNm,23,13,36,0.64
LnNn,26,34,60,0.43
LnNs,12,19,31,0.39
LnNt,5,4,9,0.56
LnPB,26,21,47,0.55
LnPD,0,3,3,0.0
LnPH,10,13,23,0.43
LnPI,2,0,2,1.0
LnPK,5,3,8,0.62
LnPL,14,13,27,0.52
LnPM,29,32,61,0.48
LnPN,45,38,83,0.54
LnPP,39,45,84,0.46
LnPS,28,21,49,0.57
LnPb,34,17,51,0.67
LnPh,4,5,9,0.44
LnPl,16,19,35,0.46
LnPm,29,20,49,0.59
LnPn,48,25,73,0.66
LnPs,23,25,48,0.48
LnPt,3,5,8,0.38
LnSB,8,15,23,0.35
LnSD,0,1,1,0.0
LnSH,2,5,7,0.29
LnSK,1,1,2,0.5
LnSL,8,4,12,0.67
LnSM,14,15,29,0.48
LnSN,19,20,39,0.49
LnSP,18,21,39,0.46
LnSS,16,17,33,0.48
LnSb,13,18,31,0.42
LnSh,11,9,20,0.55
LnSl,3,6,9,0.33
LnSm,13,14,27,0.48
LnSn,13,21,34,0.38
LnSs,13,13,26,0.5
LnSt,5,5,10,0.5
LnbB,13,15,28,0.46
LnbD,2,1,3,0.67
LnbH,1,9,10,0.1
LnbI,1,2,3,0.33
LnbJ,7,6,13,0.54
LnbK,1,2,3,0.33
LnbL,7,9,16,0.44
LnbM,11,20,31,0.35
LnbN,25,24,49,0.51
LnbP,13,26,39,0.33
LnbS,8,14,22,0.36
Lnbb,22,19,41,0.54
Lnbl,9,5,14,0.64
Lnbm,20,10,30,0.67
Lnbn,29,19,48,0.6
Lnbs,9,9,18,0.5
LnhB,0,2,2,0.0
LnhL,2,0,2,1.0
LnhM,1,1,2,0.5
LnhN,1,0,1,1.0
LnhP,1,0,1,1.0
LnhS,0,0,0,
Lnhb,0,2,2,0.0
Lnhh,2,2,4,0.5
Lnhl,1,1,2,0.5
Lnhm,1,2,3,0.33
Lnhn,4,2,6,0.67
Lnhs,3,1,4,0.75
LnlB,6,8,14,0.43
LnlD,1,1,2,0.5
LnlH,9,12,21,0.43
LnlI,0,1,1,0.0
LnlJ,3,2,5,0.6
LnlK,0,1,1,0.0
LnlL,1,2,3,0.33
LnlM,9,10,19,0.47
LnlN,17,12,29,0.59
LnlP,7,9,16,0.44
LnlS,6,4,10,0.6
Lnlb,9,7,16,0.56
Lnll,4,6,10,0.4
Lnlm,8,3,11,0.73
Lnln,15,16,31,0.48
Lnls,1,3,4,0.25
LnmB,11,13,24,0.46
LnmD,1,0,1,1.0
LnmH,17,14,31,0.55
LnmI,1,0,1,1.0
LnmJ,4,5,9,0.44
LnmK,0,1,1,0.0
LnmL,7,4,11,0.64
LnmM,12,17,29,0.41
LnmN,22,24,46,0.48
LnmP,18,22,40,0.45
LnmS,4,8,12,0.33
Lnmb,10,11,21,0.48
Lnml,5,3,8,0.62
Lnmm,16,9,25,0.64
Lnmn,11,14,25,0.44
Lnms,8,9,17,0.47
LnnB,15,16,31,0.48
LnnD,1,4,5,0.2
LnnH,12,10,22,0.55
LnnI,3,3,6,0.5
LnnK,3,1,4,0.75
LnnL,8,10,18,0.44
LnnM,21,20,41,0.51
LnnN,36,42,78,0.46
LnnP,33,37,70,0.47
LnnS,21,27,48,0.44
Lnnb,18,18,36,0.5
Lnnh,1,3,4,0.25
Lnnl,14,7,21,0.67
Lnnm,17,17,34,0.5
Lnnn,35,24,59,0.59
Lnns,15,11,26,0.58
LnsB,6,5,11,0.55
LnsD,4,2,6,0.67
LnsH,15,12,27,0.56
LnsI,1,1,2,0.5
LnsL,2,4,6,0.33
LnsM,21,13,34,0.62
LnsN,12,9,21,0.57
LnsP,18,18,36,0.5
LnsS,20,19,39,0.51
Lnsb,15,5,20,0.75
Lnsh,1,1,2,0.5
Lnsl,3,4,7,0.43
Lnsm,14,19,33,0.42
Lnsn,13,13,26,0.5
Lnss,16,13,29,0.55
Lntm,1,0,1,1.0
LsBB,5,4,9,0.56
LsBM,4,7,11,0.36
LsBN,4,9,13,0.31
LsBP,8,9,17,0.47
LsBS,3,4,7,0.43
LsBb,10,4,14,0.71
LsBh,2,1,3,0.67
LsBj,2,3,5,0.4
LsBl,0,3,3,0.0
LsBm,5,1,6,0.83
LsBn,11,13,24,0.46
LsBs,3,4,7,0.43
LsBt,2,0,2,1.0
LsDB,2,1,3,0.67
LsDH,0,0,0,
LsDL,0,1,1,0.0
LsDM,1,0,1,1.0
LsDN,0,1,1,0.0
LsDP,2,3,5,0.4
LsDS,1,0,1,1.0
LsDb,1,0,1,1.0
LsDl,0,2,2,0.0
LsDm,2,1,3,0.67
LsDn,0,1,1,0.0
LsDs,1,1,2,0.5
LsHB,3,5,8,0.38
LsHD,1,0,1,1.0
LsHH,1,0,1,1.0
LsHI,2,1,3,0.67
LsHK,0,0,0,
LsHL,3,3,6,0.5
LsHM,8,14,22,0.36
LsHN,10,13,23,0.43
LsHP,10,9,19,0.53
LsHS,1,11,12,0.08
LsHb,11,7,18,0.61
LsHh,6,5,11,0.55
LsHl,5,2,7,0.71
LsHm,4,2,6,0.67
LsHn,9,8,17,0.53
LsHs,8,14,22,0.36
LsHt,2,0,2,1.0
LsIB,0,1,1,0.0
LsID,1,0,1,1.0
LsIH,0,0,0,
LsIM,2,2,4,0.5
LsIN,4,3,7,0.57
LsIP,3,0,3,1.0
LsIS,1,0,1,1.0
LsIb,3,0,3,1.0
LsIl,1,0,1,1.0
LsIn,3,0,3,1.0
LsIs,1,0,1,1.0
LsKN,0,1,1,0.0
LsKb,1,0,1,1.0
LsKn,0,0,0,
LsKs,0,2,2,0.0
LsLB,5,6,11,0.45
LsLL,1,1,2,0.5
LsLM,4,3,7,0.57
LsLN,2,2,4,0.5
LsLP,5,2,7,0.71
LsLS,5,6,11,0.45
LsLb,2,5,7,0.29
LsLh,1,1,2,0.5
LsLj,2,1,3,0.67
LsLl,3,5,8,0.38
LsLm,4,4,8,0.5
LsLn,5,6,11,0.45
LsLs,4,2,6,0.67
LsMB,13,11,24,0.54
LsMD,1,0,1,1.0
LsMH,1,0,1,1.0
LsMK,0,1,1,0.0
LsML,4,2,6,0.67
LsMM,6,7,13,0.46
LsMN,6,7,13,0.46
LsMP,8,8,16,0.5
LsMS,5,7,12,0.42
LsMb,10,10,20,0.5
LsMh,8,6,14,0.57
LsMj,2,3,5,0.4
LsMl,10,3,13,0.77
LsMm,4,14,18,0.22
LsMn,11,7,18,0.61
LsMs,12,6,18,0.67
LsMt,2,0,2,1.0
LsNB,3,4,7,0.43
LsND,2,1,3,0.67
LsNH,2,0,2,1.0
LsNK,0,1,1,0.0
LsNL,8,3,11,0.73
LsNM,6,8,14,0.43
LsNN,13,9,22,0.59
LsNP,16,13,29,0.55
LsNS,11,8,19,0.58
LsNb,10,4,14,0.71
LsNh,1,2,3,0.33
LsNl,5,4,9,0.56
LsNm,5,13,18,0.28
LsNn,13,12,25,0.52
LsNs,4,10,14,0.29
LsNt,2,4,6,0.33
LsPB,8,9,17,0.47
LsPD,0,4,4,0.0
LsPH,7,7,14,0.5
LsPI,1,1,2,0.5
LsPK,1,0,1,1.0
LsPL,9,3,12,0.75
LsPM,11,10,21,0.52
LsPN,15,13,28,0.54
LsPP,24,23,47,0.51
LsPS,12,13,25,0.48
LsPb,12,10,22,0.55
LsPh,3,3,6,0.5
LsPl,9,9,18,0.5
LsPm,12,14,26,0.46
LsPn,15,9,24,0.62
LsPs,11,7,18,0.61
LsPt,1,0,1,1.0
LsSB,5,3,8,0.62
LsSD,3,1,4,0.75
LsSH,4,0,4,1.0
LsSK,1,0,1,1.0
LsSL,3,8,11,0.27
LsSM,6,6,12,0.5
LsSN,5,8,13,0.38
LsSP,18,13,31,0.58
LsSS,12,16,28,0.43
LsSb,11,7,18,0.61
LsSh,6,7,13,0.46
LsSl,2,2,4,0.5
LsSm,5,4,9,0.56
LsSn,8,8,16,0.5
LsSs,15,9,24,0.62
LsSt,2,0,2,1.0
LsbB,8,7,15,0.53
LsbD,1,0,1,1.0
LsbH,6,3,9,0.67
LsbJ,5,1,6,0.83
LsbK,1,1,2,0.5
LsbL,4,0,4,1.0
LsbM,8,8,16,0.5
LsbN,9,9,18,0.5
LsbP,14,11,25,0.56
LsbS,3,2,5,0.6
Lsbb,12,8,20,0.6
Lsbl,5,2,7,0.71
Lsbm,6,2,8,0.75
Lsbn,8,12,20,0.4
Lsbs,5,3,8,0.62
LshB,1,0,1,1.0
LshK,0,0,0,
LshP,1,0,1,1.0
Lshl,0,0,0,
Lshn,2,0,2,1.0
Lshs,1,1,2,0.5
LslB,5,3,8,0.62
LslH,5,4,9,0.56
LslI,0,1,1,0.0
LslJ,3,0,3,1.0
LslL,3,2,5,0.6
LslM,4,5,9,0.44
LslN,6,10,16,0.38
LslP,4,5,9,0.44
LslS,2,4,6,0.33
Lslb,4,2,6,0.67
Lsll,2,2,4,0.5
Lslm,5,6,11,0.45
Lsln,5,4,9,0.56
Lsls,4,3,7,0.57
LsmB,7,6,13,0.54
LsmD,2,0,2,1.0
LsmH,6,2,8,0.75
LsmI,2,0,2,1.0
LsmJ,3,0,3,1.0
LsmL,4,2,6,0.67
LsmM,9,7,16,0.56
LsmN,11,9,20,0.55
LsmP,12,3,15,0.8
LsmS,6,8,14,0.43
Lsmb,9,7,16,0.56
Lsml,2,2,4,0.5
Lsmm,8,7,15,0.53
Lsmn,4,5,9,0.44
Lsms,6,4,10,0.6
LsnB,1,7,8,0.12
LsnD,1,3,4,0.25
LsnH,3,7,10,0.3
LsnI,1,0,1,1.0
LsnK,1,0,1,1.0
LsnL,2,4,6,0.33
LsnM,6,5,11,0.55
LsnN,6,10,16,0.38
LsnP,10,13,23,0.43
LsnS,6,9,15,0.4
Lsnb,14,12,26,0.54
Lsnh,1,0,1,1.0
Lsnl,2,4,6,0.33
Lsnm,5,10,15,0.33
Lsnn,11,10,21,0.52
Lsns,8,2,10,0.8
LssB,3,3,6,0.5
LssD,0,1,1,0.0
LssH,3,9,12,0.25
LssI,0,0,0,
LssK,0,0,0,
LssL,5,3,8,0.62
LssM,5,6,11,0.45
LssN,5,8,13,0.38
LssP,7,10,17,0.41
LssS,6,8,14,0.43
Lssb,5,10,15,0.33
Lssl,5,3,8,0.62
Lssm,5,7,12,0.42
Lssn,5,7,12,0.42
Lsss,7,6,13,0.54
LtBB,1,0,1,1.0
LtBK,1,0,1,1.0
LtBL,2,2,4,0.5
LtBM,1,1,2,0.5
LtBN,4,3,7,0.57
LtBP,1,1,2,0.5
LtBS,1,3,4,0.25
LtBb,4,1,5,0.8
LtBh,1,0,1,1.0
LtBj,0,1,1,0.0
LtBm,2,0,2,1.0
LtBn,6,2,8,0.75
LtBs,1,1,2,0.5
LtBt,0,0,0,
LtDH,0,0,0,
LtDP,0,1,1,0.0
LtDn,1,0,1,1.0
LtDs,1,0,1,1.0
LtHB,1,5,6,0.17
LtHD,1,0,1,1.0
LtHL,1,1,2,0.5
LtHM,1,0,1,1.0
LtHN,4,2,6,0.67
LtHP,1,2,3,0.33
LtHS,0,2,2,0.0
LtHb,2,0,2,1.0
LtHh,0,0,0,
LtHl,3,1,4,0.75
LtHm,1,1,2,0.5
LtHn,3,1,4,0.75
LtHs,1,0,1,1.0
LtID,0,0,0,
LtIb,1,0,1,1.0
LtIl,0,0,0,
LtKB,0,1,1,0.0
LtKM,0,0,0,
LtKm,0,1,1,0.0
LtLB,1,1,2,0.5
LtLK,1,0,1,1.0
LtLL,1,0,1,1.0
LtLM,0,3,3,0.0
LtLN,0,1,1,0.0
LtLP,1,0,1,1.0
LtLS,0,1,1,0.0
LtLb,0,1,1,0.0
LtLh,2,0,2,1.0
LtLl,0,1,1,0.0
LtLm,0,0,0,
LtLn,4,0,4,1.0
LtLs,1,0,1,1.0
LtLt,0,1,1,0.0
LtMB,4,2,6,0.67
LtML,1,0,1,1.0
LtMM,4,5,9,0.44
LtMN,3,0,3,1.0
LtMP,7,4,11,0.64
LtMS,5,0,5,1.0
LtMb,2,0,2,1.0
LtMh,4,4,8,0.5
LtMj,1,0,1,1.0
LtMl,1,1,2,0.5
LtMm,2,2,4,0.5
LtMn,4,5,9,0.44
LtMs,0,1,1,0.0
LtMt,0,1,1,0.0
LtNB,0,1,1,0.0
LtNH,1,0,1,1.0
LtNI,0,0,0,
LtNL,4,2,6,0.67
LtNM,0,1,1,0.0
LtNN,6,1,7,0.86
LtNP,6,4,10,0.6
LtNS,2,5,7,0.29
LtNb,2,1,3,0.67
LtNh,1,0,1,1.0
LtNl,1,0,1,1.0
LtNm,1,3,4,0.25
LtNn,4,7,11,0.36
LtNs,2,1,3,0.67
LtNt,0,1,1,0.0
LtPB,1,4,5,0.2
LtPH,0,4,4,0.0
LtPI,0,1,1,0.0
LtPK,0,0,0,
LtPL,2,0,2,1.0
LtPM,6,4,10,0.6
LtPN,2,9,11,0.18
LtPP,9,5,14,0.64
LtPS,0,2,2,0.0
LtPb,4,4,8,0.5
LtPl,1,5,6,0.17
LtPm,5,2,7,0.71
LtPn,7,1,8,0.88
LtPs,4,3,7,0.57
LtSB,0,0,0,
LtSL,1,0,1,1.0
LtSM,3,3,6,0.5
LtSN,0,2,2,0.0
LtSP,4,1,5,0.8
LtSS,0,2,2,0.0
LtSb,0,1,1,0.0
LtSh,1,2,3,0.33
LtSl,1,1,2,0.5
LtSm,2,2,4,0.5
LtSn,1,3,4,0.25
LtSs,2,1,3,0.67
LtSt,0,0,0,
LtbB,4,0,4,1.0
LtbH,3,0,3,1.0
LtbJ,1,0,1,1.0
LtbL,1,1,2,0.5
LtbM,3,3,6,0.5
LtbN,0,1,1,0.0
LtbP,3,5,8,0.38
LtbS,1,0,1,1.0
Ltbb,2,4,6,0.33
Ltbl,3,3,6,0.5
Ltbm,2,0,2,1.0
Ltbn,2,5,7,0.29
Ltbs,1,2,3,0.33
LthP,1,0,1,1.0
LtlB,1,2,3,0.33
LtlH,1,0,1,1.0
LtlI,1,1,2,0.5
LtlJ,1,1,2,0.5
LtlK,1,0,1,1.0
LtlM,0,1,1,0.0
LtlN,4,1,5,0.8
LtlP,4,1,5,0.8
Ltlb,1,1,2,0.5
Ltll,3,0,3,1.0
Ltlm,2,0,2,1.0
Ltln,0,1,1,0.0
Ltls,1,1,2,0.5
LtmB,1,2,3,0.33
LtmD,1,1,2,0.5
LtmH,1,1,2,0.5
LtmL,0,1,1,0.0
LtmM,4,3,7,0.57
LtmN,7,1,8,0.88
LtmP,4,3,7,0.57
LtmS,0,1,1,0.0
Ltmb,5,0,5,1.0
Ltmm,5,2,7,0.71
Ltmn,1,0,1,1.0
LtnB,3,3,6,0.5
LtnH,0,2,2,0.0
LtnK,1,0,1,1.0
LtnL,1,1,2,0.5
LtnM,4,4,8,0.5
LtnN,10,2,12,0.83
LtnP,5,3,8,0.62
LtnS,3,5,8,0.38
Ltnb,3,2,5,0.6
Ltnl,3,1,4,0.75
Ltnm,3,0,3,1.0
Ltnn,2,2,4,0.5
Ltns,2,1,3,0.67
LtsB,0,0,0,
LtsH,1,1,2,0.5
LtsL,0,1,1,0.0
LtsM,3,2,5,0.6
LtsN,1,3,4,0.25
LtsP,2,3,5,0.4
LtsS,1,0,1,1.0
Ltsb,2,2,4,0.5
Ltsl,1,0,1,1.0
Ltsm,2,2,4,0.5
Ltsn,2,0,2,1.0
Ltss,1,2,3,0.33
LttL,1,0,1,1.0
LttN,0,1,1,0.0
LttS,0,1,1,0.0
Lttb,1,0,1,1.0
Lttl,0,1,1,0.0
Lttn,1,0,1,1.0
Ltts,2,1,3,0.67
MBBB,31,42,73,0.42
MBBD,2,0,2,1.0
MBBH,1,0,1,1.0
MBBK,2,1,3,0.67
MBBL,5,11,16,0.31
MBBM,21,26,47,0.45
MBBN,37,38,75,0.49
MBBP,48,38,86,0.56
MBBS,13,8,21,0.62
MBBb,28,47,75,0.37
MBBh,6,5,11,0.55
MBBj,12,10,22,0.55
MBBl,9,15,24,0.38
MBBm,24,26,50,0.48
MBBn,40,38,78,0.51
MBBs,9,18,27,0.33
MBBt,1,5,6,0.17
MBDB,1,0,1,1.0
MBDD,0,1,1,0.0
MBDH,2,2,4,0.5
MBDL,0,3,3,0.0
MBDM,3,3,6,0.5
MBDN,1,2,3,0.33
MBDP,3,0,3,1.0
MBDS,0,2,2,0.0
MBDb,2,1,3,0.67
MBDh,0,1,1,0.0
MBDl,0,4,4,0.0
MBDm,2,0,2,1.0
MBDn,0,3,3,0.0
MBDs,2,2,4,0.5
MBHM,2,0,2,1.0
MBHP,0,1,1,0.0
MBHS,0,1,1,0.0
MBHb,1,0,1,1.0
MBHs,0,1,1,0.0
MBIN,0,1,1,0.0
MBKB,0,1,1,0.0
MBKH,1,0,1,1.0
MBKI,1,0,1,1.0
MBKM,2,2,4,0.5
MBKN,2,2,4,0.5
MBKP,3,1,4,0.75
MBKS,0,2,2,0.0
MBKb,2,2,4,0.5
MBKh,2,2,4,0.5
MBKl,2,1,3,0.67
MBKm,0,2,2,0.0
MBKn,1,3,4,0.25
MBKs,3,3,6,0.5
MBLB,4,12,16,0.25
MBLD,0,1,1,0.0
MBLH,1,0,1,1.0
MBLK,1,1,2,0.5
MBLL,0,5,5,0.0
MBLM,3,7,10,0.3
MBLN,10,13,23,0.43
MBLP,21,11,32,0.66
MBLS,5,5,10,0.5
MBLb,17,10,27,0.63
MBLh,4,6,10,0.4
MBLj,7,3,10,0.7
MBLl,6,5,11,0.55
MBLm,6,6,12,0.5
MBLn,13,16,29,0.45
MBLs,6,6,12,0.5
MBLt,0,4,4,0.0
MBMB,24,25,49,0.49
MBMD,1,1,2,0.5
MBMH,0,0,0,
MBMK,1,0,1,1.0
MBML,8,4,12,0.67
MBMM,21,26,47,0.45
MBMN,28,34,62,0.45
MBMP,39,46,85,0.46
MBMS,11,13,24,0.46
MBMb,38,33,71,0.54
MBMh,21,21,42,0.5
MBMj,6,4,10,0.6
MBMl,9,11,20,0.45
MBMm,28,24,52,0.54
MBMn,45,28,73,0.62
MBMs,4,10,14,0.29
MBMt,7,5,12,0.58
MBNB,27,32,59,0.46
MBND,2,2,4,0.5
MBNH,4,6,10,0.4
MBNK,2,2,4,0.5
MBNL,12,2,14,0.86
MBNM,25,31,56,0.45
MBNN,45,40,85,0.53
MBNP,64,65,129,0.5
MBNS,17,19,36,0.47
MBNb,41,36,77,0.53
MBNh,7,10,17,0.41
MBNl,13,14,27,0.48
MBNm,28,33,61,0.46
MBNn,47,64,111,0.42
MBNs,14,26,40,0.35
MBNt,7,5,12,0.58
MBPB,33,34,67,0.49
MBPD,1,3,4,0.25
MBPH,14,13,27,0.52
MBPI,4,1,5,0.8
MBPK,3,3,6,0.5
MBPL,19,20,39,0.49
MBPM,27,44,71,0.38
MBPN,36,46,82,0.44
MBPP,74,62,136,0.54
MBPS,26,19,45,0.58
MBPb,48,41,89,0.54
MBPh,2,7,9,0.22
MBPl,18,29,47,0.38
MBPm,45,31,76,0.59
MBPn,49,44,93,0.53
MBPs,21,26,47,0.45
MBPt,5,1,6,0.83
MBSB,12,10,22,0.55
MBSD,3,0,3,1.0
MBSH,5,2,7,0.71
MBSI,1,0,1,1.0
MBSL,8,6,14,0.57
MBSM,11,9,20,0.55
MBSN,12,9,21,0.57
MBSP,27,22,49,0.55
MBSS,11,13,24,0.46
MBSb,15,11,26,0.58
MBSh,10,6,16,0.62
MBSl,7,3,10,0.7
MBSm,10,11,21,0.48
MBSn,27,14,41,0.66
MBSs,14,14,28,0.5
MBSt,3,3,6,0.5
MBbB,33,31,64,0.52
MBbD,2,3,5,0.4
MBbH,18,11,29,0.62
MBbI,3,2,5,0.6
MBbJ,12,13,25,0.48
MBbK,3,4,7,0.43
MBbL,9,12,21,0.43
MBbM,30,41,71,0.42
MBbN,45,51,96,0.47
MBbP,47,48,95,0.49
MBbS,11,17,28,0.39
MBbb,37,42,79,0.47
MBbl,16,13,29,0.55
MBbm,31,26,57,0.54
MBbn,42,51,93,0.45
MBbs,12,13,25,0.48
MBhB,1,0,1,1.0
MBhD,1,0,1,1.0
MBhL,1,1,2,0.5
MBhM,1,5,6,0.17
MBhN,6,4,10,0.6
MBhP,1,3,4,0.25
MBhS,1,4,5,0.2
MBhb,2,4,6,0.33
MBhh,4,1,5,0.8
MBhl,2,2,4,0.5
MBhm,1,2,3,0.33
MBhn,4,8,12,0.33
MBhs,4,0,4,1.0
MBjB,12,4,16,0.75
MBjH,2,5,7,0.29
MBjI,0,2,2,0.0
MBjK,1,0,1,1.0
MBjL,3,5,8,0.38
MBjM,8,11,19,0.42
MBjN,11,10,21,0.52
MBjP,17,18,35,0.49
MBjS,3,12,15,0.2
MBjb,20,8,28,0.71
MBjh,2,1,3,0.67
MBjl,6,4,10,0.6
MBjm,5,7,12,0.42
MBjn,14,13,27,0.52
MBjs,6,5,11,0.55
MBjt,2,2,4,0.5
MBlB,16,7,23,0.7
MBlD,1,1,2,0.5
MBlH,5,10,15,0.33
MBlJ,3,3,6,0.5
MBlK,1,2,3,0.33
MBlL,3,1,4,0.75
MBlM,9,12,21,0.43
MBlN,13,12,25,0.52
MBlP,16,14,30,0.53
MBlS,5,9,14,0.36
MBlb,14,17,31,0.45
MBll,3,14,17,0.18
MBlm,15,12,27,0.56
MBln,10,15,25,0.4
MBls,9,10,19,0.47
MBmB,26,13,39,0.67
MBmD,2,0,2,1.0
MBmH,19,18,37,0.51
MBmI,1,2,3,0.33
MBmJ,3,9,12,0.25
MBmL,7,4,11,0.64
MBmM,38,28,66,0.58
MBmN,29,40,69,0.42
MBmP,35,23,58,0.6
MBmS,8,15,23,0.35
MBmb,25,24,49,0.51
MBml,8,7,15,0.53
MBmm,14,15,29,0.48
MBmn,23,25,48,0.48
MBms,12,10,22,0.55
MBnB,32,25,57,0.56
MBnD,3,4,7,0.43
MBnH,21,19,40,0.52
MBnI,4,11,15,0.27
MBnK,7,7,14,0.5
MBnL,11,9,20,0.55
MBnM,33,46,79,0.42
MBnN,62,64,126,0.49
MBnP,63,71,134,0.47
MBnS,26,33,59,0.44
MBnb,45,44,89,0.51
MBnh,5,6,11,0.45
MBnl,15,16,31,0.48
MBnm,38,20,58,0.66
MBnn,64,43,107,0.6
MBns,29,24,53,0.55
MBsB,8,5,13,0.62
MBsH,8,9,17,0.47
MBsI,3,0,3,1.0
MBsL,4,2,6,0.67
MBsM,14,9,23,0.61
MBsN,13,10,23,0.57
MBsP,22,16,38,0.58
MBsS,11,9,20,0.55
MBsb,16,9,25,0.64
MBsh,1,0,1,1.0
MBsl,2,5,7,0.29
MBsm,7,13,20,0.35
MBsn,11,14,25,0.44
MBss,7,6,13,0.54
MBtB,4,4,8,0.5
MBtD,0,0,0,
MBtH,3,6,9,0.33
MBtI,1,0,1,1.0
MBtK,0,1,1,0.0
MBtL,1,1,2,0.5
MBtM,5,2,7,0.71
MBtN,7,4,11,0.64
MBtP,9,8,17,0.53
MBtS,2,5,7,0.29
MBtb,6,8,14,0.43
MBtl,4,1,5,0.8
MBtm,7,3,10,0.7
MBtn,6,4,10,0.6
MBts,4,2,6,0.67
MBtt,0,1,1,0.0
MDBB,1,0,1,1.0
MDBD,1,0,1,1.0
MDBM,1,0,1,1.0
MDBN,3,0,3,1.0
MDBP,1,4,5,0.2
MDBS,0,1,1,0.0
MDBb,2,1,3,0.67
MDBh,1,0,1,1.0
MDBl,1,0,1,1.0
MDBm,1,0,1,1.0
MDBn,1,2,3,0.33
MDBs,0,1,1,0.0
MDDP,1,0,1,1.0
MDDS,0,1,1,0.0
MDHB,1,0,1,1.0
MDHD,0,0,0,
MDHL,1,0,1,1.0
MDHM,1,0,1,1.0
MDHN,3,2,5,0.6
MDHP,2,5,7,0.29
MDHS,0,2,2,0.0
MDHb,1,1,2,0.5
MDHh,2,0,2,1.0
MDHm,6,0,6,1.0
MDHn,2,1,3,0.67
MDHs,0,0,0,
MDIb,1,0,1,1.0
MDKb,1,0,1,1.0
MDLB,1,2,3,0.33
MDLD,1,0,1,1.0
MDLP,2,1,3,0.67
MDLS,0,1,1,0.0
MDLb,1,1,2,0.5
MDLm,0,1,1,0.0
MDLn,0,1,1,0.0
MDMB,1,0,1,1.0
MDML,1,0,1,1.0
MDMM,1,1,2,0.5
MDMN,1,1,2,0.5
MDMP,2,2,4,0.5
MDMS,0,2,2,0.0
MDMb,3,0,3,1.0
MDMh,2,4,6,0.33
MDMj,1,0,1,1.0
MDMl,1,1,2,0.5
MDMm,2,2,4,0.5
MDMn,3,4,7,0.43
MDMs,2,1,3,0.67
MDNB,1,4,5,0.2
MDND,1,3,4,0.25
MDNL,1,2,3,0.33
MDNM,2,2,4,0.5
MDNN,4,1,5,0.8
MDNP,1,2,3,0.33
MDNS,0,2,2,0.0
MDNb,3,1,4,0.75
MDNm,1,0,1,1.0
MDNn,3,3,6,0.5
MDNs,1,2,3,0.33
MDNt,0,2,2,0.0
MDPB,2,5,7,0.29
MDPD,1,0,1,1.0
MDPH,0,0,0,
MDPK,1,0,1,1.0
MDPL,4,2,6,0.67
MDPM,3,3,6,0.5
MDPN,3,5,8,0.38
MDPP,8,4,12,0.67
MDPS,3,2,5,0.6
MDPb,1,3,4,0.25
MDPh,1,0,1,1.0
MDPl,0,2,2,0.0
MDPm,5,0,5,1.0
MDPn,3,5,8,0.38
MDPs,5,1,6,0.83
MDPt,0,1,1,0.0
MDSB,0,3,3,0.0
MDSD,0,1,1,0.0
MDSH,0,1,1,0.0
MDSL,1,0,1,1.0
MDSM,2,3,5,0.4
MDSN,2,3,5,0.4
MDSP,3,2,5,0.6
MDSS,3,1,4,0.75
MDSb,3,0,3,1.0
MDSh,2,2,4,0.5
MDSl,1,0,1,1.0
MDSm,1,1,2,0.5
MDSn,2,5,7,0.29
MDSs,2,4,6,0.33
MDbH,1,1,2,0.5
MDbI,1,0,1,1.0
MDbJ,0,1,1,0.0
MDbL,1,1,2,0.5
MDbM,2,2,4,0.5
MDbN,5,2,7,0.71
MDbP,3,1,4,0.75
MDbS,1,1,2,0.5
MDbb,0,1,1,0.0
MDbl,3,0,3,1.0
MDbm,2,2,4,0.5
MDbn,7,1,8,0.88
MDbs,1,1,2,0.5
MDhP,1,0,1,1.0
MDhS,1,0,1,1.0
MDlB,1,0,1,1.0
MDlH,1,1,2,0.5
MDlI,1,0,1,1.0
MDlJ,1,1,2,0.5
MDlK,0,1,1,0.0
MDlL,1,0,1,1.0
MDlM,1,0,1,1.0
MDlN,1,0,1,1.0
MDlP,4,0,4,1.0
MDlS,2,0,2,1.0
MDlb,1,1,2,0.5
MDlm,1,0,1,1.0
MDln,2,2,4,0.5
MDls,1,0,1,1.0
MDmB,1,2,3,0.33
MDmH,3,3,6,0.5
MDmJ,2,0,2,1.0
MDmL,2,1,3,0.67
MDmM,3,2,5,0.6
MDmN,0,4,4,0.0
MDmP,2,3,5,0.4
MDmS,0,4,4,0.0
MDmb,0,1,1,0.0
MDml,2,0,2,1.0
MDmm,5,2,7,0.71
MDmn,1,2,3,0.33
MDms,1,0,1,1.0
MDnB,0,1,1,0.0
MDnH,3,0,3,1.0
MDnI,1,0,1,1.0
MDnK,1,0,1,1.0
MDnL,1,1,2,0.5
MDnM,1,3,4,0.25
MDnN,4,3,7,0.57
MDnP,4,5,9,0.44
MDnS,1,2,3,0.33
MDnb,3,1,4,0.75
MDnl,1,1,2,0.5
MDnm,3,1,4,0.75
MDnn,1,1,2,0.5
MDns,1,3,4,0.25
MDsB,2,1,3,0.67
MDsD,0,0,0,
MDsH,3,2,5,0.6
MDsL,1,0,1,1.0
MDsM,0,3,3,0.0
MDsN,3,1,4,0.75
MDsP,0,0,0,
MDsS,2,2,4,0.5
MDsb,0,1,1,0.0
MDsl,1,3,4,0.25
MDsm,1,0,1,1.0
MDsn,2,0,2,1.0
MDss,0,1,1,0.0
MDtL,1,0,1,1.0
MDtM,0,1,1,0.0
MDtb,0,1,1,0.0
MHBM,1,0,1,1.0
MHBS,0,1,1,0.0
MHBb,1,0,1,1.0
MHBm,1,0,1,1.0
MHBs,1,0,1,1.0
MHHL,1,0,1,1.0
MHLm,2,0,2,1.0
MHMB,0,1,1,0.0
MHMM,0,1,1,0.0
MHMh,0,2,2,0.0
MHMs,0,2,2,0.0
MHNP,0,0,0,
MHNb,0,1,1,0.0
MHPM,0,1,1,0.0
MHPN,0,1,1,0.0
MHPl,1,1,2,0.5
MHPm,1,2,3,0.33
MHSH,0,1,1,0.0
MHSb,1,0,1,1.0
MHSm,0,1,1,0.0
MHbJ,0,0,0,
MHbS,0,0,0,
MHlH,0,0,0,
MHlb,0,1,1,0.0
MHmB,1,0,1,1.0
MHmM,0,1,1,0.0
MHmN,2,0,2,1.0
MHmP,0,0,0,
MHmm,1,0,1,1.0
MHnH,1,0,1,1.0
MHnM,0,1,1,0.0
MHnN,0,0,0,
MHnh,0,0,0,
MHsS,2,0,2,1.0
MHsb,0,0,0,
MIBm,1,0,1,1.0
MIMD,1,0,1,1.0
MIMS,1,0,1,1.0
MINP,0,1,1,0.0
MIPM,1,0,1,1.0
MISM,1,0,1,1.0
MInP,1,0,1,1.0
MInS,1,0,1,1.0
MKBD,2,0,2,1.0
MKHP,0,1,1,0.0
MKLm,0,1,1,0.0
MKMB,1,0,1,1.0
MKMM,0,0,0,
MKMb,0,1,1,0.0
MKMh,0,1,1,0.0
MKMn,1,0,1,1.0
MKMs,1,0,1,1.0
MKNP,1,0,1,1.0
MKNb,1,1,2,0.5
MKNn,1,1,2,0.5
MKPM,1,0,1,1.0
MKPN,1,2,3,0.33
MKPP,0,1,1,0.0
MKPb,0,2,2,0.0
MKPn,1,1,2,0.5
MKSP,0,0,0,
MKSS,0,0,0,
MKSb,1,0,1,1.0
MKSs,0,2,2,0.0
MKbH,1,0,1,1.0
MKbL,1,0,1,1.0
MKbN,1,0,1,1.0
MKhP,0,1,1,0.0
MKhb,0,1,1,0.0
MKhh,1,1,2,0.5
MKhl,0,1,1,0.0
MKhm,1,1,2,0.5
MKhn,0,0,0,
MKhs,0,1,1,0.0
MKlJ,0,1,1,0.0
MKlN,2,0,2,1.0
MKmM,0,1,1,0.0
MKmP,0,0,0,
MKmS,0,0,0,
MKmn,3,0,3,1.0
MKms,0,1,1,0.0
MKnH,0,2,2,0.0
MKnP,0,0,0,
MKnS,0,1,1,0.0
MKnb,0,1,1,0.0
MKnm,0,1,1,0.0
MKnn,1,0,1,1.0
MKsB,1,0,1,1.0
MKsH,1,0,1,1.0
MKsM,0,1,1,0.0
MKsN,1,0,1,1.0
MLBB,8,10,18,0.44
MLBL,2,3,5,0.4
MLBM,11,11,22,0.5
MLBN,8,11,19,0.42
MLBP,12,21,33,0.36
MLBS,3,7,10,0.3
MLBb,21,19,40,0.52
MLBh,0,5,5,0.0
MLBj,2,3,5,0.4
MLBl,8,3,11,0.73
MLBm,8,6,14,0.57
MLBn,15,12,27,0.56
MLBs,5,4,9,0.56
MLBt,5,3,8,0.62
MLDB,4,0,4,1.0
MLDH,0,4,4,0.0
MLDM,1,2,3,0.33
MLDP,0,0,0,
MLDS,0,2,2,0.0
MLDm,2,1,3,0.67
MLDn,0,2,2,0.0
MLDs,2,0,2,1.0
MLDt,0,1,1,0.0
MLHP,1,1,2,0.5
MLHS,0,1,1,0.0
MLHm,1,0,1,1.0
MLHs,0,1,1,0.0
MLKB,0,1,1,0.0
MLKH,0,1,1,0.0
MLKL,1,2,3,0.33
MLKM,0,2,2,0.0
MLKS,1,3,4,0.25
MLKh,2,0,2,1.0
MLKs,0,2,2,0.0
MLLB,2,7,9,0.22
MLLM,5,5,10,0.5
MLLN,0,5,5,0.0
MLLP,8,7,15,0.53
MLLS,1,3,4,0.25
MLLb,8,3,11,0.73
MLLh,2,1,3,0.67
MLLj,4,5,9,0.44
MLLl,1,3,4,0.25
MLLm,4,3,7,0.57
MLLn,2,3,5,0.4
MLLs,5,2,7,0.71
MLLt,2,2,4,0.5
MLMB,12,15,27,0.44
MLMD,1,0,1,1.0
MLML,5,6,11,0.45
MLMM,12,11,23,0.52
MLMN,15,12,27,0.56
MLMP,20,13,33,0.61
MLMS,5,5,10,0.5
MLMb,17,19,36,0.47
MLMh,7,14,21,0.33
MLMj,3,3,6,0.5
MLMl,3,4,7,0.43
MLMm,12,7,19,0.63
MLMn,25,16,41,0.61
MLMs,8,6,14,0.57
MLMt,2,0,2,1.0
MLNB,7,7,14,0.5
MLND,1,0,1,1.0
MLNH,3,2,5,0.6
MLNK,1,1,2,0.5
MLNL,3,4,7,0.43
MLNM,10,14,24,0.42
MLNN,28,12,40,0.7
MLNP,27,20,47,0.57
MLNS,13,8,21,0.62
MLNb,15,22,37,0.41
MLNh,4,11,15,0.27
MLNl,5,4,9,0.56
MLNm,11,7,18,0.61
MLNn,25,15,40,0.62
MLNs,6,6,12,0.5
MLNt,3,2,5,0.6
MLPB,13,14,27,0.48
MLPH,4,7,11,0.36
MLPI,0,1,1,0.0
MLPK,3,2,5,0.6
MLPL,8,6,14,0.57
MLPM,16,21,37,0.43
MLPN,17,19,36,0.47
MLPP,27,26,53,0.51
MLPS,15,16,31,0.48
MLPb,18,17,35,0.51
MLPh,1,1,2,0.5
MLPl,11,10,21,0.52
MLPm,17,18,35,0.49
MLPn,18,16,34,0.53
MLPs,5,13,18,0.28
MLPt,1,1,2,0.5
MLSB,6,6,12,0.5
MLSH,4,1,5,0.8
MLSK,1,1,2,0.5
MLSL,2,2,4,0.5
MLSM,3,11,14,0.21
MLSN,11,9,20,0.55
MLSP,10,13,23,0.43
MLSS,5,6,11,0.45
MLSb,7,6,13,0.54
MLSh,7,4,11,0.64
MLSl,6,2,8,0.75
MLSm,4,5,9,0.44
MLSn,6,8,14,0.43
MLSs,7,5,12,0.58
MLSt,1,1,2,0.5
MLbB,8,12,20,0.4
MLbD,0,1,1,0.0
MLbH,1,10,11,0.09
MLbI,0,3,3,0.0
MLbJ,10,3,13,0.77
MLbK,2,0,2,1.0
MLbL,3,4,7,0.43
MLbM,11,11,22,0.5
MLbN,23,20,43,0.53
MLbP,20,20,40,0.5
MLbS,11,10,21,0.52
MLbb,11,16,27,0.41
MLbl,7,2,9,0.78
MLbm,10,5,15,0.67
MLbn,16,15,31,0.52
MLbs,10,6,16,0.62
MLhB,2,1,3,0.67
MLhD,1,1,2,0.5
MLhH,0,1,1,0.0
MLhL,1,5,6,0.17
MLhM,7,4,11,0.64
MLhN,8,6,14,0.57
MLhP,9,9,18,0.5
MLhS,6,5,11,0.55
MLhb,7,3,10,0.7
MLhh,8,5,13,0.62
MLhl,4,1,5,0.8
MLhm,6,3,9,0.67
MLhn,8,8,16,0.5
MLhs,2,5,7,0.29
MLjB,4,3,7,0.57
MLjH,3,0,3,1.0
MLjL,1,2,3,0.33
MLjM,4,7,11,0.36
MLjN,3,6,9,0.33
MLjP,7,5,12,0.58
MLjS,0,3,3,0.0
MLjb,5,5,10,0.5
MLjh,0,1,1,0.0
MLjl,1,1,2,0.5
MLjm,9,5,14,0.64
MLjn,6,3,9,0.67
MLjs,3,1,4,0.75
MLjt,0,1,1,0.0
MLlB,3,5,8,0.38
MLlH,5,8,13,0.38
MLlJ,2,1,3,0.67
MLlK,1,0,1,1.0
MLlL,4,2,6,0.67
MLlM,4,6,10,0.4
MLlN,5,6,11,0.45
MLlP,5,3,8,0.62
MLlS,4,3,7,0.57
MLlb,8,1,9,0.89
MLll,4,2,6,0.67
MLlm,6,6,12,0.5
MLln,7,6,13,0.54
MLls,2,5,7,0.29
MLmB,10,13,23,0.43
MLmD,0,2,2,0.0
MLmH,7,8,15,0.47
MLmJ,2,1,3,0.67
MLmL,3,4,7,0.43
MLmM,7,9,16,0.44
MLmN,11,10,21,0.52
MLmP,12,19,31,0.39
MLmS,9,7,16,0.56
MLmb,11,9,20,0.55
MLml,5,1,6,0.83
MLmm,12,8,20,0.6
MLmn,12,10,22,0.55
MLms,5,6,11,0.45
MLnB,15,13,28,0.54
MLnD,2,1,3,0.67
MLnH,6,7,13,0.46
MLnI,3,4,7,0.43
MLnK,2,0,2,1.0
MLnL,6,6,12,0.5
MLnM,25,13,38,0.66
MLnN,40,18,58,0.69
MLnP,26,33,59,0.44
MLnS,10,10,20,0.5
MLnb,13,23,36,0.36
MLnh,1,1,2,0.5
MLnl,6,7,13,0.46
MLnm,19,11,30,0.63
MLnn,29,19,48,0.6
MLns,13,13,26,0.5
MLsB,1,3,4,0.25
MLsD,1,0,1,1.0
MLsH,6,6,12,0.5
MLsI,1,1,2,0.5
MLsL,1,2,3,0.33
MLsM,6,8,14,0.43
MLsN,9,16,25,0.36
MLsP,12,12,24,0.5
MLsS,7,6,13,0.54
MLsb,11,10,21,0.52
MLsl,3,3,6,0.5
MLsm,4,7,11,0.36
MLsn,4,8,12,0.33
MLss,2,4,6,0.33
MLtB,2,1,3,0.67
MLtH,1,0,1,1.0
MLtI,0,1,1,0.0
MLtL,0,1,1,0.0
MLtM,4,3,7,0.57
MLtN,0,3,3,0.0
MLtP,3,4,7,0.43
MLtS,0,2,2,0.0
MLtb,1,2,3,0.33
MLtl,1,2,3,0.33
MLtm,2,2,4,0.5
MLtn,5,3,8,0.62
MLts,1,0,1,1.0
MMBB,29,35,64,0.45
MMBD,1,3,4,0.25
MMBK,2,2,4,0.5
MMBL,6,8,14,0.43
MMBM,24,24,48,0.5
MMBN,39,38,77,0.51
MMBP,30,35,65,0.46
MMBS,12,10,22,0.55
MMBb,31,43,74,0.42
MMBh,2,3,5,0.4
MMBj,13,11,24,0.54
MMBl,8,15,23,0.35
MMBm,30,21,51,0.59
MMBn,48,45,93,0.52
MMBs,11,10,21,0.52
MMBt,8,6,14,0.57
MMDB,1,2,3,0.33
MMDH,0,3,3,0.0
MMDL,0,1,1,0.0
MMDM,1,1,2,0.5
MMDN,1,2,3,0.33
MMDP,4,6,10,0.4
MMDS,2,1,3,0.67
MMDb,2,1,3,0.67
MMDl,1,2,3,0.33
MMDm,3,1,4,0.75
MMDn,1,1,2,0.5
MMDs,0,0,0,
MMHP,0,2,2,0.0
MMHS,0,1,1,0.0
MMHb,1,0,1,1.0
MMHm,1,0,1,1.0
MMKP,0,1,1,0.0
MMKh,0,2,2,0.0
MMKn,0,1,1,0.0
MMLB,7,10,17,0.41
MMLK,4,0,4,1.0
MMLL,1,1,2,0.5
MMLM,13,9,22,0.59
MMLN,18,8,26,0.69
MMLP,9,19,28,0.32
MMLS,9,3,12,0.75
MMLb,12,11,23,0.52
MMLh,3,2,5,0.6
MMLj,4,4,8,0.5
MMLl,2,5,7,0.29
MMLm,4,8,12,0.33
MMLn,11,25,36,0.31
MMLs,6,4,10,0.6
MMLt,2,1,3,0.67
MMMB,34,34,68,0.5
MMMD,3,1,4,0.75
MMMH,1,0,1,1.0
MMML,5,9,14,0.36
MMMM,27,44,71,0.38
MMMN,21,34,55,0.38
MMMP,42,35,77,0.55
MMMS,24,23,47,0.51
MMMb,45,51,96,0.47
MMMh,17,25,42,0.4
MMMj,10,9,19,0.53
MMMl,11,8,19,0.58
MMMm,27,35,62,0.44
MMMn,47,53,100,0.47
MMMs,10,7,17,0.59
MMMt,1,7,8,0.12
MMNB,25,28,53,0.47
MMND,1,0,1,1.0
MMNH,5,4,9,0.56
MMNI,1,0,1,1.0
MMNK,2,2,4,0.5
MMNL,6,10,16,0.38
MMNM,25,31,56,0.45
MMNN,37,33,70,0.53
MMNP,66,74,140,0.47
MMNS,20,25,45,0.44
MMNb,29,55,84,0.35
MMNh,14,12,26,0.54
MMNl,12,19,31,0.39
MMNm,24,24,48,0.5
MMNn,54,59,113,0.48
MMNs,28,14,42,0.67
MMNt,4,13,17,0.24
MMPB,50,34,84,0.6
MMPD,5,1,6,0.83
MMPH,11,11,22,0.5
MMPI,3,3,6,0.5
MMPK,4,7,11,0.36
MMPL,18,14,32,0.56
MMPM,31,60,91,0.34
MMPN,48,60,108,0.44
MMPP,59,64,123,0.48
MMPS,29,23,52,0.56
MMPb,55,39,94,0.59
MMPh,5,9,14,0.36
MMPl,19,24,43,0.44
MMPm,43,30,73,0.59
MMPn,46,66,112,0.41
MMPs,23,20,43,0.53
MMPt,5,2,7,0.71
MMSB,6,11,17,0.35
MMSD,1,0,1,1.0
MMSH,9,7,16,0.56
MMSK,0,1,1,0.0
MMSL,3,7,10,0.3
MMSM,21,20,41,0.51
MMSN,21,19,40,0.52
MMSP,25,17,42,0.6
MMSS,17,16,33,0.52
MMSb,18,19,37,0.49
MMSh,9,15,24,0.38
MMSl,4,8,12,0.33
MMSm,17,23,40,0.42
MMSn,18,26,44,0.41
MMSs,18,8,26,0.69
MMSt,2,1,3,0.67
MMbB,40,25,65,0.62
MMbD,3,3,6,0.5
MMbH,10,17,27,0.37
MMbI,3,2,5,0.6
MMbJ,12,13,25,0.48
MMbK,1,3,4,0.25
MMbL,12,7,19,0.63
MMbM,32,46,78,0.41
MMbN,75,65,140,0.54
MMbP,56,56,112,0.5
MMbS,23,40,63,0.37
MMbb,43,40,83,0.52
MMbl,26,18,44,0.59
MMbm,36,22,58,0.62
MMbn,55,48,103,0.53
MMbs,31,15,46,0.67
MMhB,24,13,37,0.65
MMhD,3,1,4,0.75
MMhH,6,9,15,0.4
MMhI,0,1,1,0.0
MMhK,2,0,2,1.0
MMhL,8,11,19,0.42
MMhM,30,23,53,0.57
MMhN,23,27,50,0.46
MMhP,31,47,78,0.4
MMhS,21,16,37,0.57
MMhb,34,20,54,0.63
MMhh,21,26,47,0.45
MMhl,14,11,25,0.56
MMhm,15,22,37,0.41
MMhn,21,29,50,0.42
MMhs,32,21,53,0.6
MMht,4,5,9,0.44
MMjB,8,8,16,0.5
MMjD,0,2,2,0.0
MMjH,3,5,8,0.38
MMjI,1,1,2,0.5
MMjK,1,1,2,0.5
MMjL,2,3,5,0.4
MMjM,11,7,18,0.61
MMjN,11,14,25,0.44
MMjP,18,12,30,0.6
MMjS,6,3,9,0.67
MMjb,9,9,18,0.5
MMjh,3,4,7,0.43
MMjl,2,1,3,0.67
MMjm,4,7,11,0.36
MMjn,18,18,36,0.5
MMjs,6,4,10,0.6
MMjt,1,0,1,1.0
MMlB,7,13,20,0.35
MMlD,0,0,0,
MMlH,11,9,20,0.55
MMlI,1,0,1,1.0
MMlJ,7,2,9,0.78
MMlK,0,1,1,0.0
MMlL,3,4,7,0.43
MMlM,12,18,30,0.4
MMlN,19,28,47,0.4
MMlP,16,13,29,0.55
MMlS,6,8,14,0.43
MMlb,12,17,29,0.41
MMll,3,11,14,0.21
MMlm,15,7,22,0.68
MMln,13,16,29,0.45
MMls,8,9,17,0.47
MMmB,21,17,38,0.55
MMmD,9,2,11,0.82
MMmH,21,29,50,0.42
MMmI,1,2,3,0.33
MMmJ,7,5,12,0.58
MMmL,5,14,19,0.26
MMmM,24,32,56,0.43
MMmN,31,26,57,0.54
MMmP,40,44,84,0.48
MMmS,12,17,29,0.41
MMmb,26,25,51,0.51
MMml,9,6,15,0.6
MMmm,19,20,39,0.49
MMmn,35,36,71,0.49
MMms,20,11,31,0.65
MMnB,33,28,61,0.54
MMnD,4,3,7,0.57
MMnH,29,21,50,0.58
MMnI,3,4,7,0.43
MMnK,1,6,7,0.14
MMnL,11,17,28,0.39
MMnM,50,38,88,0.57
MMnN,73,84,157,0.46
MMnP,80,88,168,0.48
MMnS,48,39,87,0.55
MMnb,48,65,113,0.42
MMnh,1,0,1,1.0
MMnl,15,13,28,0.54
MMnm,39,37,76,0.51
MMnn,69,71,140,0.49
MMns,23,34,57,0.4
MMsB,7,9,16,0.44
MMsD,1,2,3,0.33
MMsH,25,21,46,0.54
MMsI,1,0,1,1.0
MMsK,1,1,2,0.5
MMsL,5,7,12,0.42
MMsM,23,20,43,0.53
MMsN,29,21,50,0.58
MMsP,35,26,61,0.57
MMsS,20,18,38,0.53
MMsb,14,17,31,0.45
MMsh,1,1,2,0.5
MMsl,5,11,16,0.31
MMsm,20,14,34,0.59
MMsn,16,17,33,0.48
MMss,12,8,20,0.6
MMtB,3,0,3,1.0
MMtH,2,4,6,0.33
MMtK,1,0,1,1.0
MMtL,4,2,6,0.67
MMtM,3,9,12,0.25
MMtN,5,4,9,0.56
MMtP,9,12,21,0.43
MMtS,0,4,4,0.0
MMtb,11,3,14,0.79
MMtl,4,3,7,0.57
MMtm,2,3,5,0.4
MMtn,3,9,12,0.25
MMts,3,2,5,0.6
MMtt,1,2,3,0.33
MNBB,19,22,41,0.46
MNBD,2,1,3,0.67
MNBK,2,3,5,0.4
MNBL,3,5,8,0.38
MNBM,28,17,45,0.62
MNBN,37,37,74,0.5
MNBP,29,36,65,0.45
MNBS,9,11,20,0.45
MNBb,24,24,48,0.5
MNBh,3,3,6,0.5
MNBj,10,6,16,0.62
MNBl,7,12,19,0.37
MNBm,21,22,43,0.49
MNBn,46,49,95,0.48
MNBs,8,8,16,0.5
MNBt,8,5,13,0.62
MNDB,2,1,3,0.67
MNDD,0,2,2,0.0
MNDH,1,1,2,0.5
MNDI,1,0,1,1.0
MNDL,1,2,3,0.33
MNDM,0,6,6,0.0
MNDN,3,2,5,0.6
MNDP,8,3,11,0.73
MNDS,3,2,5,0.6
MNDb,2,4,6,0.33
MNDl,0,0,0,
MNDm,0,1,1,0.0
MNDn,3,3,6,0.5
MNDs,0,1,1,0.0
MNHB,4,3,7,0.57
MNHH,1,2,3,0.33
MNHL,1,1,2,0.5
MNHM,8,4,12,0.67
MNHN,5,8,13,0.38
MNHP,7,10,17,0.41
MNHS,5,10,15,0.33
MNHb,1,2,3,0.33
MNHh,1,2,3,0.33
MNHl,0,1,1,0.0
MNHm,7,1,8,0.88
MNHn,7,15,22,0.32
MNHs,2,2,4,0.5
MNIM,1,1,2,0.5
MNIN,0,1,1,0.0
MNIP,0,0,0,
MNKB,1,1,2,0.5
MNKH,2,0,2,1.0
MNKI,0,1,1,0.0
MNKL,1,2,3,0.33
MNKM,2,2,4,0.5
MNKN,4,3,7,0.57
MNKP,7,3,10,0.7
MNKS,5,2,7,0.71
MNKb,1,2,3,0.33
MNKh,1,3,4,0.25
MNKl,1,3,4,0.25
MNKm,1,1,2,0.5
MNKn,6,3,9,0.67
MNKs,1,2,3,0.33
MNLB,13,8,21,0.62
MNLK,2,0,2,1.0
MNLL,4,5,9,0.44
MNLM,9,7,16,0.56
MNLN,17,8,25,0.68
MNLP,28,13,41,0.68
MNLS,4,8,12,0.33
MNLb,14,10,24,0.58
MNLh,6,5,11,0.55
MNLj,1,2,3,0.33
MNLl,5,5,10,0.5
MNLm,7,6,13,0.54
MNLn,15,23,38,0.39
MNLs,6,2,8,0.75
MNLt,0,3,3,0.0
MNMB,23,32,55,0.42
MNMD,2,2,4,0.5
MNML,7,11,18,0.39
MNMM,17,24,41,0.41
MNMN,32,37,69,0.46
MNMP,48,33,81,0.59
MNMS,13,16,29,0.45
MNMb,35,36,71,0.49
MNMh,21,18,39,0.54
MNMj,7,3,10,0.7
MNMl,11,7,18,0.61
MNMm,27,30,57,0.47
MNMn,70,48,118,0.59
MNMs,16,12,28,0.57
MNMt,3,6,9,0.33
MNNB,21,38,59,0.36
MNND,6,1,7,0.86
MNNH,5,6,11,0.45
MNNK,2,3,5,0.4
MNNL,11,12,23,0.48
MNNM,40,38,78,0.51
MNNN,56,56,112,0.5
MNNP,62,81,143,0.43
MNNS,27,25,52,0.52
MNNb,50,35,85,0.59
MNNh,15,22,37,0.41
MNNl,10,13,23,0.43
MNNm,38,21,59,0.64
MNNn,68,67,135,0.5
MNNs,28,25,53,0.53
MNNt,9,6,15,0.6
MNPB,50,47,97,0.52
MNPD,6,6,12,0.5
MNPH,17,15,32,0.53
MNPI,5,2,7,0.71
MNPK,5,4,9,0.56
MNPL,22,25,47,0.47
MNPM,50,57,107,0.47
MNPN,70,74,144,0.49
MNPP,89,92,181,0.49
MNPS,46,45,91,0.51
MNPb,57,69,126,0.45
MNPh,6,7,13,0.46
MNPl,23,29,52,0.44
MNPm,43,60,103,0.42
MNPn,77,86,163,0.47
MNPs,49,38,87,0.56
MNPt,6,7,13,0.46
MNSB,14,11,25,0.56
MNSD,2,2,4,0.5
MNSH,10,5,15,0.67
MNSK,1,0,1,1.0
MNSL,8,5,13,0.62
MNSM,19,28,47,0.4
MNSN,22,30,52,0.42
MNSP,23,31,54,0.43
MNSS,17,24,41,0.41
MNSb,26,24,50,0.52
MNSh,23,15,38,0.61
MNSl,15,10,25,0.6
MNSm,19,15,34,0.56
MNSn,31,26,57,0.54
MNSs,12,22,34,0.35
MNSt,2,6,8,0.25
MNbB,22,19,41,0.54
MNbD,5,3,8,0.62
MNbH,17,9,26,0.65
MNbI,5,1,6,0.83
MNbJ,16,14,30,0.53
MNbK,4,1,5,0.8
MNbL,11,20,31,0.35
MNbM,26,32,58,0.45
MNbN,57,51,108,0.53
MNbP,55,54,109,0.5
MNbS,27,16,43,0.63
MNbb,41,33,74,0.55
MNbl,10,17,27,0.37
MNbm,22,22,44,0.5
MNbn,40,43,83,0.48
MNbs,22,18,40,0.55
MNhB,12,7,19,0.63
MNhD,2,0,2,1.0
MNhH,3,3,6,0.5
MNhI,1,1,2,0.5
MNhL,4,3,7,0.57
MNhM,17,7,24,0.71
MNhN,10,13,23,0.43
MNhP,18,20,38,0.47
MNhS,6,6,12,0.5
MNhb,10,10,20,0.5
MNhh,9,14,23,0.39
MNhl,3,5,8,0.38
MNhm,17,8,25,0.68
MNhn,13,19,32,0.41
MNhs,14,13,27,0.52
MNht,1,0,1,1.0
MNlB,14,11,25,0.56
MNlD,3,3,6,0.5
MNlH,13,10,23,0.57
MNlI,2,1,3,0.67
MNlJ,1,3,4,0.25
MNlK,1,2,3,0.33
MNlL,5,3,8,0.62
MNlM,18,19,37,0.49
MNlN,18,13,31,0.58
MNlP,24,19,43,0.56
MNlS,6,14,20,0.3
MNlb,8,20,28,0.29
MNll,9,5,14,0.64
MNlm,7,6,13,0.54
MNln,15,17,32,0.47
MNls,7,8,15,0.47
MNmB,16,20,36,0.44
MNmD,2,1,3,0.67
MNmH,14,34,48,0.29
MNmI,1,4,5,0.2
MNmJ,8,3,11,0.73
MNmL,9,9,18,0.5
MNmM,23,34,57,0.4
MNmN,42,34,76,0.55
MNmP,46,26,72,0.64
MNmS,14,19,33,0.42
MNmb,15,24,39,0.38
MNml,4,10,14,0.29
MNmm,21,19,40,0.52
MNmn,31,44,75,0.41
MNms,13,12,25,0.52
MNnB,40,30,70,0.57
MNnD,5,1,6,0.83
MNnH,35,41,76,0.46
MNnI,6,10,16,0.38
MNnK,4,7,11,0.36
MNnL,11,23,34,0.32
MNnM,62,35,97,0.64
MNnN,76,74,150,0.51
MNnP,89,95,184,0.48
MNnS,44,29,73,0.6
MNnb,53,52,105,0.5
MNnh,4,2,6,0.67
MNnl,19,18,37,0.51
MNnm,43,36,79,0.54
MNnn,84,68,152,0.55
MNns,35,39,74,0.47
MNsB,13,12,25,0.52
MNsD,2,1,3,0.67
MNsH,18,33,51,0.35
MNsI,1,0,1,1.0
MNsL,7,11,18,0.39
MNsM,20,24,44,0.45
MNsN,24,21,45,0.53
MNsP,24,27,51,0.47
MNsS,19,19,38,0.5
MNsb,23,17,40,0.57
MNsh,0,1,1,0.0
MNsl,7,9,16,0.44
MNsm,18,9,27,0.67
MNsn,28,19,47,0.6
MNss,15,18,33,0.45
MNtB,6,3,9,0.67
MNtD,0,0,0,
MNtH,0,6,6,0.0
MNtI,1,0,1,1.0
MNtL,2,2,4,0.5
MNtM,6,10,16,0.38
MNtN,13,8,21,0.62
MNtP,10,17,27,0.37
MNtS,5,5,10,0.5
MNtb,8,8,16,0.5
MNth,0,1,1,0.0
MNtl,4,2,6,0.67
MNtm,6,6,12,0.5
MNtn,13,12,25,0.52
MNts,4,4,8,0.5
MPBB,31,48,79,0.39
MPBD,1,4,5,0.2
MPBK,0,3,3,0.0
MPBL,15,13,28,0.54
MPBM,29,40,69,0.42
MPBN,46,39,85,0.54
MPBP,51,44,95,0.54
MPBS,23,23,46,0.5
MPBb,31,39,70,0.44
MPBh,7,8,15,0.47
MPBj,15,8,23,0.65
MPBl,12,12,24,0.5
MPBm,26,23,49,0.53
MPBn,50,56,106,0.47
MPBs,9,17,26,0.35
MPBt,8,10,18,0.44
MPDB,1,0,1,1.0
MPDH,2,2,4,0.5
MPDL,2,0,2,1.0
MPDM,4,2,6,0.67
MPDN,3,1,4,0.75
MPDP,4,6,10,0.4
MPDS,1,4,5,0.2
MPDb,2,2,4,0.5
MPDl,1,1,2,0.5
MPDm,0,2,2,0.0
MPDn,2,3,5,0.4
MPDs,2,3,5,0.4
MPHB,5,9,14,0.36
MPHD,2,1,3,0.67
MPHH,2,1,3,0.67
MPHI,1,0,1,1.0
MPHK,0,1,1,0.0
MPHL,3,4,7,0.43
MPHM,16,15,31,0.52
MPHN,9,13,22,0.41
MPHP,25,26,51,0.49
MPHS,16,14,30,0.53
MPHb,17,15,32,0.53
MPHh,8,3,11,0.73
MPHl,11,6,17,0.65
MPHm,7,7,14,0.5
MPHn,17,21,38,0.45
MPHs,14,11,25,0.56
MPHt,1,0,1,1.0
MPIB,3,2,5,0.6
MPIH,4,4,8,0.5
MPII,1,0,1,1.0
MPIL,1,0,1,1.0
MPIM,3,4,7,0.43
MPIN,3,3,6,0.5
MPIP,6,6,12,0.5
MPIS,3,1,4,0.75
MPIb,1,3,4,0.25
MPIl,0,2,2,0.0
MPIm,6,5,11,0.55
MPIn,3,1,4,0.75
MPIs,1,1,2,0.5
MPIt,0,1,1,0.0
MPKB,5,4,9,0.56
MPKH,1,0,1,1.0
MPKI,1,0,1,1.0
MPKL,1,3,4,0.25
MPKM,3,7,10,0.3
MPKN,1,1,2,0.5
MPKP,7,6,13,0.54
MPKS,4,4,8,0.5
MPKb,9,5,14,0.64
MPKh,4,3,7,0.57
MPKl,3,2,5,0.6
MPKm,5,2,7,0.71
MPKn,4,3,7,0.57
MPKs,2,3,5,0.4
MPKt,0,1,1,0.0
MPLB,13,17,30,0.43
MPLD,2,0,2,1.0
MPLH,0,1,1,0.0
MPLK,1,4,5,0.2
MPLL,4,5,9,0.44
MPLM,12,12,24,0.5
MPLN,15,14,29,0.52
MPLP,26,31,57,0.46
MPLS,5,12,17,0.29
MPLb,26,22,48,0.54
MPLh,12,10,22,0.55
MPLj,5,10,15,0.33
MPLl,11,8,19,0.58
MPLm,13,14,27,0.48
MPLn,27,25,52,0.52
MPLs,13,10,23,0.57
MPLt,3,2,5,0.6
MPMB,34,45,79,0.43
MPMD,2,4,6,0.33
MPMK,0,1,1,0.0
MPML,9,13,22,0.41
MPMM,58,49,107,0.54
MPMN,39,44,83,0.47
MPMP,64,63,127,0.5
MPMS,25,30,55,0.45
MPMb,57,51,108,0.53
MPMh,26,38,64,0.41
MPMj,9,9,18,0.5
MPMl,29,27,56,0.52
MPMm,42,37,79,0.53
MPMn,60,56,116,0.52
MPMs,27,27,54,0.5
MPMt,8,4,12,0.67
MPNB,35,47,82,0.43
MPND,3,4,7,0.43
MPNH,7,8,15,0.47
MPNK,4,4,8,0.5
MPNL,14,13,27,0.52
MPNM,51,56,107,0.48
MPNN,53,53,106,0.5
MPNP,87,85,172,0.51
MPNS,28,38,66,0.42
MPNb,58,54,112,0.52
MPNh,25,22,47,0.53
MPNl,24,31,55,0.44
MPNm,49,44,93,0.53
MPNn,76,79,155,0.49
MPNs,27,40,67,0.4
MPNt,13,7,20,0.65
MPPB,68,42,110,0.62
MPPD,11,5,16,0.69
MPPH,33,23,56,0.59
MPPI,7,3,10,0.7
MPPK,6,8,14,0.43
MPPL,26,39,65,0.4
MPPM,70,75,145,0.48
MPPN,72,80,152,0.47
MPPP,109,98,207,0.53
MPPS,46,57,103,0.45
MPPb,83,92,175,0.47
MPPh,6,11,17,0.35
MPPl,46,43,89,0.52
MPPm,72,54,126,0.57
MPPn,75,76,151,0.5
MPPs,48,39,87,0.55
MPPt,8,11,19,0.42
MPSB,21,27,48,0.44
MPSD,1,2,3,0.33
MPSH,16,22,38,0.42
MPSK,1,1,2,0.5
MPSL,14,11,25,0.56
MPSM,37,30,67,0.55
MPSN,23,19,42,0.55
MPSP,37,53,90,0.41
MPSS,26,32,58,0.45
MPSb,33,28,61,0.54
MPSh,13,27,40,0.32
MPSl,22,16,38,0.58
MPSm,27,25,52,0.52
MPSn,42,43,85,0.49
MPSs,28,23,51,0.55
MPSt,9,4,13,0.69
MPbB,32,35,67,0.48
MPbD,2,6,8,0.25
MPbH,16,8,24,0.67
MPbI,3,1,4,0.75
MPbJ,13,13,26,0.5
MPbK,4,2,6,0.67
MPbL,16,17,33,0.48
MPbM,50,62,112,0.45
MPbN,88,60,148,0.59
MPbP,63,55,118,0.53
MPbS,17,26,43,0.4
MPbb,68,49,117,0.58
MPbl,29,24,53,0.55
MPbm,48,31,79,0.61
MPbn,59,44,103,0.57
MPbs,24,27,51,0.47
MPhB,4,3,7,0.57
MPhH,0,1,1,0.0
MPhI,1,0,1,1.0
MPhL,1,1,2,0.5
MPhM,6,7,13,0.46
MPhN,2,7,9,0.22
MPhP,8,13,21,0.38
MPhS,5,3,8,0.62
MPhb,5,4,9,0.56
MPhh,5,12,17,0.29
MPhl,0,2,2,0.0
MPhm,4,9,13,0.31
MPhn,6,5,11,0.55
MPhs,5,3,8,0.62
MPht,2,1,3,0.67
MPlB,15,12,27,0.56
MPlD,3,2,5,0.6
MPlH,17,17,34,0.5
MPlI,3,1,4,0.75
MPlJ,5,5,10,0.5
MPlK,1,2,3,0.33
MPlL,16,14,30,0.53
MPlM,28,33,61,0.46
MPlN,23,28,51,0.45
MPlP,37,34,71,0.52
MPlS,24,14,38,0.63
MPlb,20,25,45,0.44
MPll,15,7,22,0.68
MPlm,23,12,35,0.66
MPln,15,20,35,0.43
MPls,16,11,27,0.59
MPmB,25,38,63,0.4
MPmD,5,5,10,0.5
MPmH,38,36,74,0.51
MPmI,3,4,7,0.43
MPmJ,8,13,21,0.38
MPmK,1,0,1,1.0
MPmL,10,11,21,0.48
MPmM,42,53,95,0.44
MPmN,47,51,98,0.48
MPmP,62,73,135,0.46
MPmS,24,18,42,0.57
MPmb,44,33,77,0.57
MPml,13,20,33,0.39
MPmm,39,23,62,0.63
MPmn,39,35,74,0.53
MPms,15,22,37,0.41
MPnB,28,45,73,0.38
MPnD,3,3,6,0.5
MPnH,36,26,62,0.58
MPnI,11,11,22,0.5
MPnK,5,1,6,0.83
MPnL,15,18,33,0.45
MPnM,50,47,97,0.52
MPnN,70,82,152,0.46
MPnP,88,85,173,0.51
MPnS,35,52,87,0.4
MPnb,60,41,101,0.59
MPnh,3,0,3,1.0
MPnl,23,26,49,0.47
MPnm,43,37,80,0.54
MPnn,60,54,114,0.53
MPns,49,38,87,0.56
MPsB,14,12,26,0.54
MPsD,2,2,4,0.5
MPsH,27,28,55,0.49
MPsI,4,1,5,0.8
MPsK,1,0,1,1.0
MPsL,11,15,26,0.42
MPsM,36,25,61,0.59
MPsN,35,31,66,0.53
MPsP,43,51,94,0.46
MPsS,27,28,55,0.49
MPsb,24,26,50,0.48
MPsh,2,1,3,0.67
MPsl,12,11,23,0.52
MPsm,29,25,54,0.54
MPsn,27,29,56,0.48
MPss,25,19,44,0.57
MPst,0,1,1,0.0
MPtB,2,2,4,0.5
MPtD,0,1,1,0.0
MPtH,4,4,8,0.5
MPtL,5,2,7,0.71
MPtM,4,4,8,0.5
MPtN,2,1,3,0.67
MPtP,14,8,22,0.64
MPtS,2,6,8,0.25
MPtb,5,6,11,0.45
MPtl,3,3,6,0.5
MPtm,6,2,8,0.75
MPtn,4,5,9,0.44
MPts,1,1,2,0.5
MPtt,2,0,2,1.0
MSBB,9,7,16,0.56
MSBD,4,1,5,0.8
MSBK,1,0,1,1.0
MSBL,3,6,9,0.33
MSBM,10,18,28,0.36
MSBN,19,13,32,0.59
MSBP,18,21,39,0.46
MSBS,8,7,15,0.53
MSBb,18,11,29,0.62
MSBh,0,0,0,
MSBj,5,3,8,0.62
MSBl,7,8,15,0.47
MSBm,9,11,20,0.45
MSBn,19,20,39,0.49
MSBs,8,9,17,0.47
MSBt,5,3,8,0.62
MSDB,2,0,2,1.0
MSDD,0,1,1,0.0
MSDH,2,0,2,1.0
MSDL,0,1,1,0.0
MSDM,1,1,2,0.5
MSDN,1,1,2,0.5
MSDP,0,2,2,0.0
MSDS,1,3,4,0.25
MSDb,0,1,1,0.0
MSDl,0,0,0,
MSDm,2,1,3,0.67
MSDn,2,1,3,0.67
MSDs,1,1,2,0.5
MSDt,1,0,1,1.0
MSHB,2,4,6,0.33
MSHH,3,1,4,0.75
MSHI,3,1,4,0.75
MSHK,3,2,5,0.6
MSHL,2,2,4,0.5
MSHM,8,9,17,0.47
MSHN,10,10,20,0.5
MSHP,11,7,18,0.61
MSHS,14,7,21,0.67
MSHb,6,14,20,0.3
MSHh,1,6,7,0.14
MSHl,5,8,13,0.38
MSHm,12,6,18,0.67
MSHn,13,9,22,0.59
MSHs,6,6,12,0.5
MSIb,0,1,1,0.0
MSIn,1,0,1,1.0
MSKM,1,2,3,0.33
MSKS,1,0,1,1.0
MSKb,0,0,0,
MSKh,1,0,1,1.0
MSKm,1,1,2,0.5
MSKn,1,1,2,0.5
MSKs,0,1,1,0.0
MSLB,1,5,6,0.17
MSLD,0,1,1,0.0
MSLK,1,0,1,1.0
MSLL,1,0,1,1.0
MSLM,6,6,12,0.5
MSLN,5,5,10,0.5
MSLP,14,6,20,0.7
MSLS,4,2,6,0.67
MSLb,9,12,21,0.43
MSLh,3,0,3,1.0
MSLj,2,1,3,0.67
MSLl,3,3,6,0.5
MSLm,4,6,10,0.4
MSLn,10,13,23,0.43
MSLs,7,10,17,0.41
MSLt,2,0,2,1.0
MSMB,17,22,39,0.44
MSMI,1,0,1,1.0
MSML,10,8,18,0.56
MSMM,12,19,31,0.39
MSMN,21,20,41,0.51
MSMP,24,21,45,0.53
MSMS,13,11,24,0.54
MSMb,18,27,45,0.4
MSMh,21,20,41,0.51
MSMj,5,7,12,0.42
MSMl,12,8,20,0.6
MSMm,21,12,33,0.64
MSMn,32,34,66,0.48
MSMs,17,3,20,0.85
MSMt,6,1,7,0.86
MSNB,10,12,22,0.45
MSND,0,0,0,
MSNH,2,5,7,0.29
MSNK,4,2,6,0.67
MSNL,7,13,20,0.35
MSNM,20,18,38,0.53
MSNN,27,26,53,0.51
MSNP,23,28,51,0.45
MSNS,14,9,23,0.61
MSNb,24,19,43,0.56
MSNh,6,7,13,0.46
MSNl,5,4,9,0.56
MSNm,10,10,20,0.5
MSNn,31,41,72,0.43
MSNs,12,9,21,0.57
MSNt,4,8,12,0.33
MSPB,21,12,33,0.64
MSPD,3,1,4,0.75
MSPH,11,7,18,0.61
MSPI,4,2,6,0.67
MSPK,4,3,7,0.57
MSPL,10,11,21,0.48
MSPM,20,39,59,0.34
MSPN,44,48,92,0.48
MSPP,62,37,99,0.63
MSPS,24,26,50,0.48
MSPb,28,32,60,0.47
MSPh,5,3,8,0.62
MSPl,19,15,34,0.56
MSPm,19,17,36,0.53
MSPn,28,45,73,0.38
MSPs,22,18,40,0.55
MSPt,3,6,9,0.33
MSSB,11,10,21,0.52
MSSD,3,2,5,0.6
MSSH,8,12,20,0.4
MSSK,2,2,4,0.5
MSSL,4,7,11,0.36
MSSM,22,17,39,0.56
MSSN,22,21,43,0.51
MSSP,20,24,44,0.45
MSSS,25,30,55,0.45
MSSb,20,16,36,0.56
MSSh,18,12,30,0.6
MSSl,5,6,11,0.45
MSSm,13,10,23,0.57
MSSn,29,28,57,0.51
MSSs,25,24,49,0.51
MSSt,5,1,6,0.83
MSbB,17,18,35,0.49
MSbD,5,3,8,0.62
MSbH,4,6,10,0.4
MSbI,2,1,3,0.67
MSbJ,2,8,10,0.2
MSbK,2,1,3,0.67
MSbL,7,9,16,0.44
MSbM,21,19,40,0.52
MSbN,22,38,60,0.37
MSbP,29,32,61,0.48
MSbS,14,9,23,0.61
MSbb,29,18,47,0.62
MSbl,7,9,16,0.44
MSbm,13,10,23,0.57
MSbn,31,28,59,0.53
MSbs,14,10,24,0.58
MShB,8,9,17,0.47
MShD,1,0,1,1.0
MShH,4,8,12,0.33
MShK,1,0,1,1.0
MShL,2,4,6,0.33
MShM,11,19,30,0.37
MShN,11,18,29,0.38
MShP,23,13,36,0.64
MShS,14,11,25,0.56
MShb,13,10,23,0.57
MShh,10,16,26,0.38
MShl,4,6,10,0.4
MShm,13,10,23,0.57
MShn,21,26,47,0.45
MShs,18,12,30,0.6
MSht,2,2,4,0.5
MSlB,7,6,13,0.54
MSlH,5,12,17,0.29
MSlI,1,0,1,1.0
MSlJ,4,1,5,0.8
MSlK,1,0,1,1.0
MSlL,6,2,8,0.75
MSlM,13,14,27,0.48
MSlN,12,7,19,0.63
MSlP,11,12,23,0.48
MSlS,4,2,6,0.67
MSlb,9,16,25,0.36
MSlh,0,0,0,
MSll,7,5,12,0.58
MSlm,11,3,14,0.79
MSln,10,10,20,0.5
MSls,4,7,11,0.36
MSmB,13,4,17,0.76
MSmD,1,1,2,0.5
MSmH,18,15,33,0.55
MSmI,3,0,3,1.0
MSmJ,2,2,4,0.5
MSmL,4,5,9,0.44
MSmM,21,15,36,0.58
MSmN,28,23,51,0.55
MSmP,26,23,49,0.53
MSmS,17,18,35,0.49
MSmb,24,20,44,0.55
MSml,4,9,13,0.31
MSmm,14,14,28,0.5
MSmn,18,23,41,0.44
MSms,13,7,20,0.65
MSnB,15,18,33,0.45
MSnD,3,1,4,0.75
MSnH,20,16,36,0.56
MSnI,3,3,6,0.5
MSnK,2,3,5,0.4
MSnL,6,10,16,0.38
MSnM,27,20,47,0.57
MSnN,54,42,96,0.56
MSnP,35,42,77,0.45
MSnS,25,20,45,0.56
MSnb,25,29,54,0.46
MSnh,2,1,3,0.67
MSnl,6,8,14,0.43
MSnm,27,18,45,0.6
MSnn,37,36,73,0.51
MSns,26,11,37,0.7
MSnt,0,1,1,0.0
MSsB,6,11,17,0.35
MSsD,2,2,4,0.5
MSsH,21,18,39,0.54
MSsI,3,1,4,0.75
MSsK,1,0,1,1.0
MSsL,6,11,17,0.35
MSsM,17,19,36,0.47
MSsN,21,16,37,0.57
MSsP,18,25,43,0.42
MSsS,27,21,48,0.56
MSsb,13,14,27,0.48
MSsh,1,1,2,0.5
MSsl,18,3,21,0.86
MSsm,22,8,30,0.73
MSsn,17,15,32,0.53
MSss,16,13,29,0.55
MSst,1,0,1,1.0
MStB,1,3,4,0.25
MStH,3,2,5,0.6
MStL,0,2,2,0.0
MStM,2,9,11,0.18
MStN,2,5,7,0.29
MStP,8,7,15,0.53
MStS,2,6,8,0.25
MStb,3,4,7,0.43
MStl,2,4,6,0.33
MStm,1,4,5,0.2
MStn,3,7,10,0.3
MSts,1,2,3,0.33
MStt,0,1,1,0.0
MbBB,33,16,49,0.67
MbBD,4,3,7,0.57
MbBI,0,1,1,0.0
MbBK,1,4,5,0.2
MbBL,10,9,19,0.53
MbBM,31,41,72,0.43
MbBN,23,36,59,0.39
MbBP,37,37,74,0.5
MbBS,7,16,23,0.3
MbBb,32,35,67,0.48
MbBh,7,5,12,0.58
MbBj,13,16,29,0.45
MbBl,5,10,15,0.33
MbBm,28,17,45,0.62
MbBn,46,45,91,0.51
MbBs,18,12,30,0.6
MbBt,5,5,10,0.5
MbDB,1,1,2,0.5
MbDH,2,3,5,0.4
MbDL,0,1,1,0.0
MbDM,2,3,5,0.4
MbDN,5,0,5,1.0
MbDP,6,5,11,0.55
MbDS,2,0,2,1.0
MbDb,1,2,3,0.33
MbDl,0,2,2,0.0
MbDm,4,0,4,1.0
MbDn,5,4,9,0.56
MbDs,2,1,3,0.67
MbHB,10,10,20,0.5
MbHD,0,1,1,0.0
MbHH,3,4,7,0.43
MbHI,1,1,2,0.5
MbHK,1,3,4,0.25
MbHL,5,5,10,0.5
MbHM,11,13,24,0.46
MbHN,14,14,28,0.5
MbHP,18,23,41,0.44
MbHS,10,5,15,0.67
MbHb,21,18,39,0.54
MbHh,3,3,6,0.5
MbHl,6,4,10,0.6
MbHm,12,11,23,0.52
MbHn,21,19,40,0.52
MbHs,4,7,11,0.36
MbHt,0,1,1,0.0
MbIB,3,3,6,0.5
MbID,0,1,1,0.0
MbIH,4,6,10,0.4
MbII,1,1,2,0.5
MbIL,1,4,5,0.2
MbIM,4,5,9,0.44
MbIN,5,3,8,0.62
MbIP,7,3,10,0.7
MbIS,2,3,5,0.4
MbIb,4,6,10,0.4
MbIl,3,0,3,1.0
MbIm,3,3,6,0.5
MbIn,2,2,4,0.5
MbIs,0,2,2,0.0
MbJB,7,3,10,0.7
MbJD,1,1,2,0.5
MbJH,3,4,7,0.43
MbJI,2,1,3,0.67
MbJK,1,1,2,0.5
MbJL,8,6,14,0.57
MbJM,11,17,28,0.39
MbJN,18,9,27,0.67
MbJP,16,20,36,0.44
MbJS,10,7,17,0.59
MbJb,14,10,24,0.58
MbJh,2,1,3,0.67
MbJl,6,3,9,0.67
MbJm,10,3,13,0.77
MbJn,12,10,22,0.55
MbJs,5,5,10,0.5
MbJt,1,0,1,1.0
MbKB,2,1,3,0.67
MbKH,0,1,1,0.0
MbKL,3,1,4,0.75
MbKM,4,4,8,0.5
MbKN,3,4,7,0.43
MbKP,8,5,13,0.62
MbKS,3,6,9,0.33
MbKb,1,4,5,0.2
MbKh,6,4,10,0.6
MbKl,2,3,5,0.4
MbKm,2,1,3,0.67
MbKn,6,7,13,0.46
MbKs,6,2,8,0.75
MbKt,1,1,2,0.5
MbLB,12,11,23,0.52
MbLD,1,0,1,1.0
MbLH,1,0,1,1.0
MbLK,0,1,1,0.0
MbLL,6,1,7,0.86
MbLM,12,14,26,0.46
MbLN,10,11,21,0.48
MbLP,19,18,37,0.51
MbLS,5,12,17,0.29
MbLb,5,9,14,0.36
MbLh,5,7,12,0.42
MbLj,2,5,7,0.29
MbLl,6,7,13,0.46
MbLm,8,11,19,0.42
MbLn,11,15,26,0.42
MbLs,11,10,21,0.52
MbLt,5,2,7,0.71
MbMB,25,29,54,0.46
MbMD,5,3,8,0.62
MbML,9,10,19,0.47
MbMM,34,34,68,0.5
MbMN,35,39,74,0.47
MbMP,48,51,99,0.48
MbMS,21,30,51,0.41
MbMb,41,29,70,0.59
MbMh,30,33,63,0.48
MbMj,13,8,21,0.62
MbMl,21,12,33,0.64
MbMm,37,39,76,0.49
MbMn,60,70,130,0.46
MbMs,24,27,51,0.47
MbMt,3,4,7,0.43
MbNB,39,29,68,0.57
MbND,8,2,10,0.8
MbNH,14,9,23,0.61
MbNK,2,1,3,0.67
MbNL,13,28,41,0.32
MbNM,47,44,91,0.52
MbNN,74,70,144,0.51
MbNP,102,79,181,0.56
MbNS,43,56,99,0.43
MbNb,59,52,111,0.53
MbNh,21,37,58,0.36
MbNl,23,13,36,0.64
MbNm,51,27,78,0.65
MbNn,87,86,173,0.5
MbNs,34,48,82,0.41
MbNt,21,6,27,0.78
MbPB,54,35,89,0.61
MbPD,3,3,6,0.5
MbPH,15,18,33,0.45
MbPI,4,2,6,0.67
MbPK,6,3,9,0.67
MbPL,22,29,51,0.43
MbPM,48,53,101,0.48
MbPN,46,67,113,0.41
MbPP,90,83,173,0.52
MbPS,37,36,73,0.51
MbPb,64,56,120,0.53
MbPh,13,9,22,0.59
MbPl,27,29,56,0.48
MbPm,37,28,65,0.57
MbPn,71,66,137,0.52
MbPs,44,32,76,0.58
MbPt,5,5,10,0.5
MbSB,12,18,30,0.4
MbSD,0,0,0,
MbSH,9,11,20,0.45
MbSI,1,1,2,0.5
MbSL,10,10,20,0.5
MbSM,22,27,49,0.45
MbSN,21,27,48,0.44
MbSP,28,34,62,0.45
MbSS,19,16,35,0.54
MbSb,17,23,40,0.42
MbSh,23,16,39,0.59
MbSl,9,13,22,0.41
MbSm,21,15,36,0.58
MbSn,30,28,58,0.52
MbSs,24,20,44,0.55
MbSt,1,5,6,0.17
MbbB,44,39,83,0.53
MbbD,3,2,5,0.6
MbbH,15,14,29,0.52
MbbI,3,2,5,0.6
MbbJ,12,14,26,0.46
MbbK,7,2,9,0.78
MbbL,15,11,26,0.58
MbbM,49,56,105,0.47
MbbN,63,68,131,0.48
MbbP,65,68,133,0.49
MbbS,10,24,34,0.29
Mbbb,48,37,85,0.56
Mbbl,17,16,33,0.52
Mbbm,32,21,53,0.6
Mbbn,75,57,132,0.57
Mbbs,24,15,39,0.62
MbhP,1,0,1,1.0
MblB,6,17,23,0.26
MblD,0,0,0,
MblH,9,9,18,0.5
MblI,0,2,2,0.0
MblJ,5,2,7,0.71
MblK,2,0,2,1.0
MblL,2,7,9,0.22
MblM,17,16,33,0.52
MblN,17,18,35,0.49
MblP,33,19,52,0.63
MblS,10,8,18,0.56
Mblb,18,27,45,0.4
Mbll,2,5,7,0.29
Mblm,14,11,25,0.56
Mbln,15,12,27,0.56
Mbls,12,7,19,0.63
MbmB,16,23,39,0.41
MbmD,2,3,5,0.4
MbmH,31,16,47,0.66
MbmI,2,3,5,0.4
MbmJ,8,7,15,0.53
MbmK,0,1,1,0.0
MbmL,8,15,23,0.35
MbmM,38,38,76,0.5
MbmN,39,39,78,0.5
MbmP,44,43,87,0.51
MbmS,17,16,33,0.52
Mbmb,38,21,59,0.64
Mbml,7,10,17,0.41
Mbmm,22,7,29,0.76
Mbmn,26,25,51,0.51
Mbms,10,15,25,0.4
MbnB,31,31,62,0.5
MbnD,5,3,8,0.62
MbnH,27,23,50,0.54
MbnI,9,4,13,0.69
MbnK,4,2,6,0.67
MbnL,13,13,26,0.5
MbnM,52,42,94,0.55
MbnN,70,83,153,0.46
MbnP,93,83,176,0.53
MbnS,35,25,60,0.58
Mbnb,51,53,104,0.49
Mbnh,5,5,10,0.5
Mbnl,19,14,33,0.58
Mbnm,35,29,64,0.55
Mbnn,62,64,126,0.49
Mbns,28,20,48,0.58
MbsB,17,7,24,0.71
MbsD,2,2,4,0.5
MbsH,24,25,49,0.49
MbsI,4,2,6,0.67
MbsK,0,1,1,0.0
MbsL,5,11,16,0.31
MbsM,24,22,46,0.52
MbsN,25,25,50,0.5
MbsP,32,26,58,0.55
MbsS,22,17,39,0.56
Mbsb,19,18,37,0.51
Mbsh,1,0,1,1.0
Mbsl,7,5,12,0.58
Mbsm,21,7,28,0.75
Mbsn,15,21,36,0.42
Mbss,21,7,28,0.75
MhBB,22,21,43,0.51
MhBD,1,1,2,0.5
MhBK,0,2,2,0.0
MhBL,5,6,11,0.45
MhBM,19,21,40,0.48
MhBN,26,20,46,0.57
MhBP,23,29,52,0.44
MhBS,6,10,16,0.38
MhBb,19,20,39,0.49
MhBh,1,1,2,0.5
MhBj,7,6,13,0.54
MhBl,8,8,16,0.5
MhBm,14,14,28,0.5
MhBn,37,30,67,0.55
MhBs,9,8,17,0.53
MhBt,5,3,8,0.62
MhDB,0,3,3,0.0
MhDH,1,1,2,0.5
MhDL,1,1,2,0.5
MhDM,0,1,1,0.0
MhDN,1,1,2,0.5
MhDP,0,5,5,0.0
MhDS,2,3,5,0.4
MhDb,3,3,6,0.5
MhDl,1,1,2,0.5
MhDm,2,1,3,0.67
MhDn,4,2,6,0.67
MhDs,4,0,4,1.0
MhHB,8,5,13,0.62
MhHD,1,0,1,1.0
MhHH,1,0,1,1.0
MhHI,0,1,1,0.0
MhHK,0,1,1,0.0
MhHL,2,0,2,1.0
MhHM,5,5,10,0.5
MhHN,6,4,10,0.6
MhHP,8,11,19,0.42
MhHS,6,7,13,0.46
MhHb,7,6,13,0.54
MhHh,3,3,6,0.5
MhHl,1,3,4,0.25
MhHm,4,4,8,0.5
MhHn,6,6,12,0.5
MhHs,5,4,9,0.56
MhHt,1,0,1,1.0
MhIH,1,3,4,0.25
MhII,0,1,1,0.0
MhIM,0,2,2,0.0
MhIN,3,3,6,0.5
MhIP,4,1,5,0.8
MhIS,2,0,2,1.0
MhIl,0,2,2,0.0
MhIm,0,1,1,0.0
MhIn,4,0,4,1.0
MhIs,1,0,1,1.0
MhKD,0,1,1,0.0
MhKL,1,0,1,1.0
MhKM,1,1,2,0.5
MhKN,0,1,1,0.0
MhKP,0,0,0,
MhKb,0,0,0,
MhKh,0,0,0,
MhKl,1,0,1,1.0
MhKn,0,2,2,0.0
MhKs,1,0,1,1.0
MhKt,1,0,1,1.0
MhLB,9,7,16,0.56
MhLD,1,0,1,1.0
MhLK,1,1,2,0.5
MhLL,3,4,7,0.43
MhLM,12,5,17,0.71
MhLN,9,10,19,0.47
MhLP,17,16,33,0.52
MhLS,4,3,7,0.57
MhLb,7,8,15,0.47
MhLh,8,8,16,0.5
MhLj,3,4,7,0.43
MhLl,2,9,11,0.18
MhLm,7,8,15,0.47
MhLn,16,11,27,0.59
MhLs,3,4,7,0.43
MhLt,3,1,4,0.75
MhMB,25,26,51,0.49
MhMD,1,2,3,0.33
MhML,16,13,29,0.55
MhMM,29,35,64,0.45
MhMN,30,27,57,0.53
MhMP,37,42,79,0.47
MhMS,16,20,36,0.44
MhMb,20,38,58,0.34
MhMh,22,21,43,0.51
MhMj,4,6,10,0.4
MhMl,15,10,25,0.6
MhMm,26,15,41,0.63
MhMn,41,44,85,0.48
MhMs,18,20,38,0.47
MhMt,2,5,7,0.29
MhNB,26,27,53,0.49
MhND,1,1,2,0.5
MhNH,3,4,7,0.43
MhNK,5,5,10,0.5
MhNL,10,9,19,0.53
MhNM,23,31,54,0.43
MhNN,32,31,63,0.51
MhNP,51,38,89,0.57
MhNS,25,19,44,0.57
MhNb,22,26,48,0.46
MhNh,12,18,30,0.4
MhNl,11,9,20,0.55
MhNm,22,17,39,0.56
MhNn,41,35,76,0.54
MhNs,17,21,38,0.45
MhNt,4,4,8,0.5
MhPB,19,27,46,0.41
MhPD,2,1,3,0.67
MhPH,10,16,26,0.38
MhPI,3,1,4,0.75
MhPK,1,7,8,0.12
MhPL,23,15,38,0.61
MhPM,43,34,77,0.56
MhPN,41,44,85,0.48
MhPP,67,71,138,0.49
MhPS,39,36,75,0.52
MhPb,44,46,90,0.49
MhPh,3,8,11,0.27
MhPl,21,19,40,0.52
MhPm,33,40,73,0.45
MhPn,42,59,101,0.42
MhPs,23,34,57,0.4
MhPt,12,6,18,0.67
MhSB,18,10,28,0.64
MhSD,1,1,2,0.5
MhSH,6,7,13,0.46
MhSI,1,0,1,1.0
MhSK,1,2,3,0.33
MhSL,11,5,16,0.69
MhSM,22,20,42,0.52
MhSN,32,20,52,0.62
MhSP,24,25,49,0.49
MhSS,30,34,64,0.47
MhSb,13,24,37,0.35
MhSh,19,15,34,0.56
MhSl,10,10,20,0.5
MhSm,22,12,34,0.65
MhSn,26,19,45,0.58
MhSs,18,20,38,0.47
MhSt,3,5,8,0.38
MhbB,16,9,25,0.64
MhbD,1,4,5,0.2
MhbH,8,8,16,0.5
MhbI,1,1,2,0.5
MhbJ,9,9,18,0.5
MhbK,5,1,6,0.83
MhbL,11,11,22,0.5
MhbM,39,27,66,0.59
MhbN,32,43,75,0.43
MhbP,36,44,80,0.45
MhbS,15,20,35,0.43
Mhbb,28,34,62,0.45
Mhbl,12,7,19,0.63
Mhbm,21,22,43,0.49
Mhbn,45,23,68,0.66
Mhbs,14,17,31,0.45
MhhB,14,16,30,0.47
MhhD,0,2,2,0.0
MhhH,9,3,12,0.75
MhhI,2,0,2,1.0
MhhK,0,0,0,
MhhL,6,8,14,0.43
MhhM,20,31,51,0.39
MhhN,20,15,35,0.57
MhhP,25,36,61,0.41
MhhS,28,27,55,0.51
Mhhb,27,14,41,0.66
Mhhh,22,23,45,0.49
Mhhl,13,11,24,0.54
Mhhm,19,18,37,0.51
Mhhn,26,34,60,0.43
Mhhs,20,27,47,0.43
Mhht,3,4,7,0.43
MhlB,12,10,22,0.55
MhlH,11,14,25,0.44
MhlI,2,3,5,0.4
MhlJ,7,3,10,0.7
MhlK,1,1,2,0.5
MhlL,4,7,11,0.36
MhlM,16,20,36,0.44
MhlN,12,25,37,0.32
MhlP,31,22,53,0.58
MhlS,12,20,32,0.38
Mhlb,9,21,30,0.3
Mhll,15,4,19,0.79
Mhlm,15,8,23,0.65
Mhln,12,10,22,0.55
Mhls,19,9,28,0.68
MhmB,15,14,29,0.52
MhmD,4,3,7,0.57
MhmH,18,22,40,0.45
MhmI,1,4,5,0.2
MhmJ,4,4,8,0.5
MhmL,10,6,16,0.62
MhmM,27,28,55,0.49
MhmN,22,24,46,0.48
MhmP,28,26,54,0.52
MhmS,22,21,43,0.51
Mhmb,26,26,52,0.5
Mhml,3,5,8,0.38
Mhmm,24,12,36,0.67
Mhmn,27,21,48,0.56
Mhms,13,15,28,0.46
MhnB,23,20,43,0.53
MhnD,3,2,5,0.6
MhnH,16,20,36,0.44
MhnI,6,1,7,0.86
MhnK,3,6,9,0.33
MhnL,25,14,39,0.64
MhnM,30,36,66,0.45
MhnN,47,49,96,0.49
MhnP,56,54,110,0.51
MhnS,36,31,67,0.54
Mhnb,31,34,65,0.48
Mhnh,2,2,4,0.5
Mhnl,17,4,21,0.81
Mhnm,25,21,46,0.54
Mhnn,39,34,73,0.53
Mhns,22,24,46,0.48
MhsB,8,14,22,0.36
MhsD,2,3,5,0.4
MhsH,24,25,49,0.49
MhsI,1,0,1,1.0
MhsK,1,2,3,0.33
MhsL,9,10,19,0.47
MhsM,20,22,42,0.48
MhsN,21,27,48,0.44
MhsP,38,29,67,0.57
MhsS,29,27,56,0.52
Mhsb,20,16,36,0.56
Mhsh,1,0,1,1.0
Mhsl,8,10,18,0.44
Mhsm,26,22,48,0.54
Mhsn,25,26,51,0.49
Mhss,15,19,34,0.44
Mhst,1,0,1,1.0
MhtB,2,2,4,0.5
MhtD,1,0,1,1.0
MhtH,1,0,1,1.0
MhtL,0,2,2,0.0
MhtM,4,2,6,0.67
MhtN,2,5,7,0.29
MhtP,5,7,12,0.42
MhtS,4,2,6,0.67
Mhtb,3,2,5,0.6
Mhth,0,0,0,
Mhtl,3,2,5,0.6
Mhtm,3,2,5,0.6
Mhtn,1,1,2,0.5
Mhts,4,2,6,0.67
Mhtt,1,2,3,0.33
MjBB,7,5,12,0.58
MjBK,1,1,2,0.5
MjBL,3,5,8,0.38
MjBM,7,12,19,0.37
MjBN,10,12,22,0.45
MjBP,11,9,20,0.55
MjBS,2,8,10,0.2
MjBb,8,6,14,0.57
MjBh,1,6,7,0.14
MjBj,4,1,5,0.8
MjBl,6,3,9,0.67
MjBm,10,11,21,0.48
MjBn,6,9,15,0.4
MjBs,3,2,5,0.6
MjBt,0,0,0,
MjDH,1,1,2,0.5
MjDM,1,0,1,1.0
MjDN,2,0,2,1.0
MjDP,1,1,2,0.5
MjDS,0,0,0,
MjDb,1,1,2,0.5
MjDm,1,1,2,0.5
MjDn,1,0,1,1.0
MjDs,0,1,1,0.0
MjHB,2,5,7,0.29
MjHI,1,0,1,1.0
MjHL,0,1,1,0.0
MjHM,3,5,8,0.38
MjHN,5,2,7,0.71
MjHP,6,8,14,0.43
MjHS,2,5,7,0.29
MjHb,4,5,9,0.44
MjHh,2,0,2,1.0
MjHl,2,0,2,1.0
MjHm,4,3,7,0.57
MjHn,6,5,11,0.55
MjHs,6,3,9,0.67
MjHt,0,1,1,0.0
MjIB,0,1,1,0.0
MjIM,1,0,1,1.0
MjIP,1,1,2,0.5
MjIb,2,0,2,1.0
MjIm,0,1,1,0.0
MjIn,1,0,1,1.0
MjKB,1,0,1,1.0
MjKL,1,2,3,0.33
MjKM,0,2,2,0.0
MjKN,0,1,1,0.0
MjKP,0,2,2,0.0
MjKS,1,0,1,1.0
MjKb,0,1,1,0.0
MjKh,2,1,3,0.67
MjKl,2,0,2,1.0
MjKm,1,2,3,0.33
MjKn,1,2,3,0.33
MjKs,0,0,0,
MjLB,0,4,4,0.0
MjLK,1,0,1,1.0
MjLM,2,4,6,0.33
MjLN,1,3,4,0.25
MjLP,4,8,12,0.33
MjLS,4,1,5,0.8
MjLb,4,3,7,0.57
MjLh,0,2,2,0.0
MjLj,4,1,5,0.8
MjLl,4,3,7,0.57
MjLm,3,4,7,0.43
MjLn,7,5,12,0.58
MjLs,2,2,4,0.5
MjMB,9,12,21,0.43
MjMD,0,1,1,0.0
MjML,3,4,7,0.43
MjMM,7,7,14,0.5
MjMN,14,10,24,0.58
MjMP,9,12,21,0.43
MjMS,8,7,15,0.53
MjMb,10,16,26,0.38
MjMh,7,5,12,0.58
MjMj,5,2,7,0.71
MjMl,4,1,5,0.8
MjMm,5,7,12,0.42
MjMn,12,21,33,0.36
MjMs,10,4,14,0.71
MjMt,4,0,4,1.0
MjNB,10,6,16,0.62
MjND,0,3,3,0.0
MjNH,0,1,1,0.0
MjNL,6,6,12,0.5
MjNM,8,9,17,0.47
MjNN,12,17,29,0.41
MjNP,19,22,41,0.46
MjNS,9,11,20,0.45
MjNb,5,9,14,0.36
MjNh,6,8,14,0.43
MjNl,4,5,9,0.44
MjNm,9,8,17,0.53
MjNn,18,11,29,0.62
MjNs,4,5,9,0.44
MjNt,0,2,2,0.0
MjPB,12,12,24,0.5
MjPD,2,1,3,0.67
MjPH,4,4,8,0.5
MjPI,2,1,3,0.67
MjPK,4,1,5,0.8
MjPL,7,10,17,0.41
MjPM,14,13,27,0.52
MjPN,17,11,28,0.61
MjPP,25,31,56,0.45
MjPS,8,13,21,0.38
MjPb,16,12,28,0.57
MjPh,2,1,3,0.67
MjPl,13,6,19,0.68
MjPm,16,16,32,0.5
MjPn,21,25,46,0.46
MjPs,6,8,14,0.43
MjPt,1,5,6,0.17
MjSB,4,9,13,0.31
MjSH,4,4,8,0.5
MjSK,0,1,1,0.0
MjSL,3,2,5,0.6
MjSM,9,6,15,0.6
MjSN,6,4,10,0.6
MjSP,15,14,29,0.52
MjSS,4,11,15,0.27
MjSb,6,8,14,0.43
MjSh,4,3,7,0.57
MjSl,7,2,9,0.78
MjSm,6,6,12,0.5
MjSn,10,10,20,0.5
MjSs,4,5,9,0.44
MjSt,0,1,1,0.0
MjbB,11,11,22,0.5
MjbH,4,1,5,0.8
MjbI,0,1,1,0.0
MjbJ,0,4,4,0.0
MjbK,1,1,2,0.5
MjbL,4,5,9,0.44
MjbM,14,16,30,0.47
MjbN,20,12,32,0.62
MjbP,21,25,46,0.46
MjbS,6,9,15,0.4
Mjbb,14,9,23,0.61
Mjbl,6,9,15,0.4
Mjbm,5,7,12,0.42
Mjbn,4,8,12,0.33
Mjbs,4,5,9,0.44
MjhB,2,0,2,1.0
MjhL,2,0,2,1.0
MjhM,0,2,2,0.0
MjhN,2,2,4,0.5
MjhP,1,2,3,0.33
MjhS,1,0,1,1.0
Mjhb,2,1,3,0.67
Mjhh,3,7,10,0.3
Mjhl,2,1,3,0.67
Mjhm,2,1,3,0.67
Mjhn,1,3,4,0.25
Mjhs,1,2,3,0.33
MjlB,1,6,7,0.14
MjlD,0,1,1,0.0
MjlH,5,7,12,0.42
MjlJ,1,1,2,0.5
MjlL,2,3,5,0.4
MjlM,7,5,12,0.58
MjlN,4,6,10,0.4
MjlP,14,5,19,0.74
MjlS,4,4,8,0.5
Mjlb,7,7,14,0.5
Mjll,7,1,8,0.88
Mjlm,3,4,7,0.43
Mjln,5,2,7,0.71
Mjls,4,4,8,0.5
MjmB,6,4,10,0.6
MjmH,5,8,13,0.38
MjmI,0,0,0,
MjmJ,2,2,4,0.5
MjmL,3,4,7,0.43
MjmM,2,4,6,0.33
MjmN,15,12,27,0.56
MjmP,9,8,17,0.53
MjmS,3,13,16,0.19
Mjmb,5,9,14,0.36
Mjml,3,4,7,0.43
Mjmm,8,5,13,0.62
Mjmn,7,9,16,0.44
Mjms,3,1,4,0.75
MjnB,12,4,16,0.75
MjnD,1,0,1,1.0
MjnH,7,5,12,0.58
MjnI,0,1,1,0.0
MjnK,1,1,2,0.5
MjnL,6,5,11,0.55
MjnM,6,12,18,0.33
MjnN,13,15,28,0.46
MjnP,13,20,33,0.39
MjnS,10,14,24,0.42
Mjnb,10,14,24,0.42
Mjnh,2,0,2,1.0
Mjnl,7,4,11,0.64
Mjnm,10,7,17,0.59
Mjnn,12,12,24,0.5
Mjns,6,6,12,0.5
MjsB,6,3,9,0.67
MjsD,2,1,3,0.67
MjsH,9,7,16,0.56
MjsI,3,1,4,0.75
MjsK,0,1,1,0.0
MjsL,2,5,7,0.29
MjsM,11,4,15,0.73
MjsN,6,4,10,0.6
MjsP,9,7,16,0.56
MjsS,6,4,10,0.6
Mjsb,7,2,9,0.78
Mjsh,0,1,1,0.0
Mjsl,4,2,6,0.67
Mjsm,8,2,10,0.8
Mjsn,9,5,14,0.64
Mjss,8,3,11,0.73
Mjst,1,0,1,1.0
MjtB,0,1,1,0.0
MjtD,1,0,1,1.0
MjtH,3,0,3,1.0
MjtK,1,1,2,0.5
MjtL,2,1,3,0.67
MjtM,1,1,2,0.5
MjtN,3,3,6,0.5
MjtP,1,4,5,0.2
MjtS,1,1,2,0.5
Mjtb,1,1,2,0.5
Mjtl,0,1,1,0.0
Mjtm,1,0,1,1.0
Mjtn,4,1,5,0.8
Mjts,1,2,3,0.33
Mjtt,0,1,1,0.0
MlBB,6,8,14,0.43
MlBD,1,1,2,0.5
MlBK,0,1,1,0.0
MlBL,3,6,9,0.33
MlBM,7,12,19,0.37
MlBN,9,19,28,0.32
MlBP,20,16,36,0.56
MlBS,5,10,15,0.33
MlBb,9,14,23,0.39
MlBh,2,1,3,0.67
MlBj,4,5,9,0.44
MlBl,3,9,12,0.25
MlBm,10,12,22,0.45
MlBn,18,18,36,0.5
MlBs,3,9,12,0.25
MlBt,1,3,4,0.25
MlDB,1,1,2,0.5
MlDH,3,1,4,0.75
MlDL,0,1,1,0.0
MlDM,2,2,4,0.5
MlDN,0,2,2,0.0
MlDP,2,2,4,0.5
MlDS,2,1,3,0.67
MlDb,1,1,2,0.5
MlDl,1,0,1,1.0
MlDm,1,0,1,1.0
MlDn,3,0,3,1.0
MlHB,5,10,15,0.33
MlHD,1,0,1,1.0
MlHH,2,0,2,1.0
MlHI,1,0,1,1.0
MlHK,0,0,0,
MlHL,4,4,8,0.5
MlHM,11,11,22,0.5
MlHN,16,14,30,0.53
MlHP,21,16,37,0.57
MlHS,14,15,29,0.48
MlHb,14,11,25,0.56
MlHh,5,9,14,0.36
MlHl,6,5,11,0.55
MlHm,12,6,18,0.67
MlHn,20,20,40,0.5
MlHs,14,14,28,0.5
MlHt,1,0,1,1.0
MlIB,0,2,2,0.0
MlID,0,0,0,
MlIH,0,2,2,0.0
MlIM,0,3,3,0.0
MlIN,1,3,4,0.25
MlIP,2,2,4,0.5
MlIS,1,0,1,1.0
MlIb,1,3,4,0.25
MlIm,0,2,2,0.0
MlIn,1,0,1,1.0
MlIs,0,0,0,
MlJB,5,4,9,0.56
MlJH,2,1,3,0.67
MlJI,1,0,1,1.0
MlJL,1,2,3,0.33
MlJM,5,4,9,0.56
MlJN,10,6,16,0.62
MlJP,7,3,10,0.7
MlJS,3,6,9,0.33
MlJb,4,5,9,0.44
MlJh,1,0,1,1.0
MlJl,3,2,5,0.6
MlJm,4,4,8,0.5
MlJn,1,3,4,0.25
MlJs,3,1,4,0.75
MlJt,2,0,2,1.0
MlKB,0,0,0,
MlKM,1,1,2,0.5
MlKN,1,1,2,0.5
MlKP,0,1,1,0.0
MlKb,1,0,1,1.0
MlKh,1,1,2,0.5
MlKl,1,0,1,1.0
MlKm,1,1,2,0.5
MlKn,2,1,3,0.67
MlKs,1,0,1,1.0
MlLB,7,5,12,0.58
MlLD,1,0,1,1.0
MlLH,1,0,1,1.0
MlLL,5,4,9,0.56
MlLM,8,7,15,0.53
MlLN,5,3,8,0.62
MlLP,12,9,21,0.57
MlLS,7,2,9,0.78
MlLb,4,4,8,0.5
MlLh,5,2,7,0.71
MlLj,3,4,7,0.43
MlLl,4,7,11,0.36
MlLm,2,5,7,0.29
MlLn,14,9,23,0.61
MlLs,2,5,7,0.29
MlLt,0,0,0,
MlMB,18,11,29,0.62
MlMD,1,1,2,0.5
MlML,6,8,14,0.43
MlMM,19,10,29,0.66
MlMN,14,24,38,0.37
MlMP,19,24,43,0.44
MlMS,9,10,19,0.47
MlMb,15,19,34,0.44
MlMh,14,11,25,0.56
MlMj,5,3,8,0.62
MlMl,7,2,9,0.78
MlMm,10,12,22,0.45
MlMn,36,32,68,0.53
MlMs,13,11,24,0.54
MlMt,4,4,8,0.5
MlNB,16,12,28,0.57
MlND,0,1,1,0.0
MlNH,3,4,7,0.43
MlNK,1,0,1,1.0
MlNL,5,7,12,0.42
MlNM,13,18,31,0.42
MlNN,30,24,54,0.56
MlNP,28,29,57,0.49
MlNS,20,21,41,0.49
MlNb,19,22,41,0.46
MlNh,9,11,20,0.45
MlNl,12,13,25,0.48
MlNm,19,18,37,0.51
MlNn,29,29,58,0.5
MlNs,21,17,38,0.55
MlNt,7,7,14,0.5
MlPB,16,15,31,0.52
MlPD,1,0,1,1.0
MlPH,6,8,14,0.43
MlPI,5,1,6,0.83
MlPK,3,1,4,0.75
MlPL,12,10,22,0.55
MlPM,21,19,40,0.52
MlPN,22,20,42,0.52
MlPP,40,34,74,0.54
MlPS,13,15,28,0.46
MlPb,20,24,44,0.45
MlPh,5,3,8,0.62
MlPl,11,5,16,0.69
MlPm,14,13,27,0.52
MlPn,24,23,47,0.51
MlPs,10,14,24,0.42
MlPt,2,1,3,0.67
MlSB,3,10,13,0.23
MlSH,3,5,8,0.38
MlSI,0,1,1,0.0
MlSK,0,0,0,
MlSL,6,4,10,0.6
MlSM,12,15,27,0.44
MlSN,14,10,24,0.58
MlSP,15,31,46,0.33
MlSS,9,13,22,0.41
MlSb,15,13,28,0.54
MlSh,7,10,17,0.41
MlSl,8,6,14,0.57
MlSm,10,5,15,0.67
MlSn,19,17,36,0.53
MlSs,14,20,34,0.41
MlSt,1,0,1,1.0
MlbB,15,12,27,0.56
MlbD,1,2,3,0.33
MlbH,6,6,12,0.5
MlbI,3,1,4,0.75
MlbJ,3,7,10,0.3
MlbK,3,2,5,0.6
MlbL,6,4,10,0.6
MlbM,13,27,40,0.32
MlbN,22,27,49,0.45
MlbP,16,22,38,0.42
MlbS,11,11,22,0.5
Mlbb,20,17,37,0.54
Mlbl,8,7,15,0.53
Mlbm,13,17,30,0.43
Mlbn,19,13,32,0.59
Mlbs,2,7,9,0.22
MllB,9,2,11,0.82
MllD,0,2,2,0.0
MllH,4,4,8,0.5
MllI,1,0,1,1.0
MllJ,4,3,7,0.57
MllL,2,8,10,0.2
MllM,7,10,17,0.41
MllN,6,9,15,0.4
MllP,10,10,20,0.5
MllS,3,4,7,0.43
Mllb,8,8,16,0.5
Mlll,2,1,3,0.67
Mllm,4,3,7,0.57
Mlln,10,6,16,0.62
Mlls,2,2,4,0.5
MlmB,14,6,20,0.7
MlmD,2,1,3,0.67
MlmH,8,8,16,0.5
MlmI,2,1,3,0.67
MlmJ,3,2,5,0.6
MlmL,2,1,3,0.67
MlmM,12,13,25,0.48
MlmN,17,22,39,0.44
MlmP,12,20,32,0.38
MlmS,7,9,16,0.44
Mlmb,12,12,24,0.5
Mlml,4,4,8,0.5
Mlmm,13,4,17,0.76
Mlmn,21,7,28,0.75
Mlms,10,4,14,0.71
MlnB,9,17,26,0.35
MlnD,1,0,1,1.0
MlnH,11,12,23,0.48
MlnI,1,2,3,0.33
MlnK,1,2,3,0.33
MlnL,8,5,13,0.62
MlnM,21,29,50,0.42
MlnN,23,25,48,0.48
MlnP,28,24,52,0.54
MlnS,12,13,25,0.48
Mlnb,21,20,41,0.51
Mlnh,0,0,0,
Mlnl,6,4,10,0.6
Mlnm,15,16,31,0.48
Mlnn,22,13,35,0.63
Mlns,13,8,21,0.62
MlsB,4,5,9,0.44
MlsD,0,1,1,0.0
MlsH,8,7,15,0.53
MlsI,1,1,2,0.5
MlsL,3,3,6,0.5
MlsM,13,9,22,0.59
MlsN,9,13,22,0.41
MlsP,11,13,24,0.46
MlsS,8,12,20,0.4
Mlsb,8,10,18,0.44
Mlsh,0,1,1,0.0
Mlsl,2,2,4,0.5
Mlsm,11,8,19,0.58
Mlsn,12,4,16,0.75
Mlss,9,7,16,0.56
MmBB,12,15,27,0.44
MmBD,0,3,3,0.0
MmBH,0,2,2,0.0
MmBK,4,3,7,0.57
MmBL,8,10,18,0.44
MmBM,18,18,36,0.5
MmBN,22,33,55,0.4
MmBP,38,32,70,0.54
MmBS,24,9,33,0.73
MmBb,26,25,51,0.51
MmBh,3,4,7,0.43
MmBj,11,5,16,0.69
MmBl,5,10,15,0.33
MmBm,19,19,38,0.5
MmBn,42,30,72,0.58
MmBs,15,13,28,0.54
MmBt,5,5,10,0.5
MmDB,2,4,6,0.33
MmDH,3,0,3,1.0
MmDL,1,0,1,1.0
MmDM,4,5,9,0.44
MmDN,7,5,12,0.58
MmDP,3,7,10,0.3
MmDS,1,3,4,0.25
MmDb,2,3,5,0.4
MmDh,0,1,1,0.0
MmDl,0,3,3,0.0
MmDm,1,5,6,0.17
MmDn,6,4,10,0.6
MmDs,2,2,4,0.5
MmDt,0,2,2,0.0
MmHB,12,17,29,0.41
MmHD,3,2,5,0.6
MmHH,4,4,8,0.5
MmHI,1,0,1,1.0
MmHK,1,4,5,0.2
MmHL,7,5,12,0.58
MmHM,24,29,53,0.45
MmHN,28,25,53,0.53
MmHP,38,49,87,0.44
MmHS,27,21,48,0.56
MmHb,26,31,57,0.46
MmHh,15,8,23,0.65
MmHl,9,11,20,0.45
MmHm,16,20,36,0.44
MmHn,36,37,73,0.49
MmHs,22,18,40,0.55
MmHt,1,3,4,0.25
MmIB,1,1,2,0.5
MmID,1,0,1,1.0
MmIH,1,1,2,0.5
MmIL,2,0,2,1.0
MmIM,3,3,6,0.5
MmIN,2,0,2,1.0
MmIP,4,4,8,0.5
MmIS,3,2,5,0.6
MmIb,2,2,4,0.5
MmIl,2,1,3,0.67
MmIm,3,2,5,0.6
MmIn,5,5,10,0.5
MmIs,1,2,3,0.33
MmIt,0,1,1,0.0
MmJB,6,5,11,0.55
MmJH,3,5,8,0.38
MmJK,1,1,2,0.5
MmJL,1,3,4,0.25
MmJM,5,9,14,0.36
MmJN,9,5,14,0.64
MmJP,10,6,16,0.62
MmJS,4,3,7,0.57
MmJb,4,2,6,0.67
MmJl,1,2,3,0.33
MmJm,5,6,11,0.45
MmJn,5,13,18,0.28
MmJs,4,4,8,0.5
MmJt,2,1,3,0.67
MmKB,0,2,2,0.0
MmKH,0,0,0,
MmKL,0,1,1,0.0
MmKM,1,0,1,1.0
MmKN,2,0,2,1.0
MmKP,2,0,2,1.0
MmKS,0,1,1,0.0
MmKb,0,1,1,0.0
MmKm,2,0,2,1.0
MmKn,1,0,1,1.0
MmKs,0,1,1,0.0
MmLB,7,6,13,0.54
MmLD,1,0,1,1.0
MmLH,0,1,1,0.0
MmLL,4,3,7,0.57
MmLM,3,7,10,0.3
MmLN,9,15,24,0.38
MmLP,13,13,26,0.5
MmLS,6,7,13,0.46
MmLb,9,6,15,0.6
MmLh,8,8,16,0.5
MmLj,3,3,6,0.5
MmLl,6,7,13,0.46
MmLm,12,4,16,0.75
MmLn,11,22,33,0.33
MmLs,5,8,13,0.38
MmLt,1,2,3,0.33
MmMB,22,20,42,0.52
MmMD,1,2,3,0.33
MmMI,2,0,2,1.0
MmMK,1,0,1,1.0
MmML,8,8,16,0.5
MmMM,29,18,47,0.62
MmMN,34,42,76,0.45
MmMP,33,38,71,0.46
MmMS,17,23,40,0.42
MmMb,30,27,57,0.53
MmMh,15,27,42,0.36
MmMj,9,10,19,0.47
MmMl,11,10,21,0.52
MmMm,27,21,48,0.56
MmMn,59,38,97,0.61
MmMs,16,25,41,0.39
MmMt,12,5,17,0.71
MmNB,25,21,46,0.54
MmND,4,2,6,0.67
MmNH,5,12,17,0.29
MmNK,5,5,10,0.5
MmNL,11,10,21,0.52
MmNM,25,37,62,0.4
MmNN,51,49,100,0.51
MmNP,70,70,140,0.5
MmNS,32,25,57,0.56
MmNb,34,31,65,0.52
MmNh,10,10,20,0.5
MmNl,9,12,21,0.43
MmNm,28,23,51,0.55
MmNn,70,51,121,0.58
MmNs,21,29,50,0.42
MmNt,10,9,19,0.53
MmPB,20,32,52,0.38
MmPD,3,1,4,0.75
MmPH,13,17,30,0.43
MmPI,4,5,9,0.44
MmPK,0,1,1,0.0
MmPL,11,12,23,0.48
MmPM,43,55,98,0.44
MmPN,49,55,104,0.47
MmPP,71,66,137,0.52
MmPS,29,29,58,0.5
MmPb,40,49,89,0.45
MmPh,4,7,11,0.36
MmPl,17,16,33,0.52
MmPm,23,36,59,0.39
MmPn,61,43,104,0.59
MmPs,28,19,47,0.6
MmPt,6,5,11,0.55
MmSB,11,17,28,0.39
MmSD,2,1,3,0.67
MmSH,4,4,8,0.5
MmSK,0,0,0,
MmSL,3,5,8,0.38
MmSM,14,18,32,0.44
MmSN,18,24,42,0.43
MmSP,32,29,61,0.52
MmSS,11,28,39,0.28
MmSb,27,11,38,0.71
MmSh,24,19,43,0.56
MmSl,4,7,11,0.36
MmSm,14,10,24,0.58
MmSn,32,29,61,0.52
MmSs,20,21,41,0.49
MmSt,8,2,10,0.8
MmbB,19,25,44,0.43
MmbD,6,2,8,0.75
MmbH,10,7,17,0.59
MmbI,3,2,5,0.6
MmbJ,13,6,19,0.68
MmbK,3,4,7,0.43
MmbL,5,8,13,0.38
MmbM,24,30,54,0.44
MmbN,45,45,90,0.5
MmbP,57,34,91,0.63
MmbS,16,16,32,0.5
Mmbb,26,29,55,0.47
Mmbl,11,5,16,0.69
Mmbm,17,6,23,0.74
Mmbn,32,41,73,0.44
Mmbs,16,13,29,0.55
Mmhb,0,1,1,0.0
Mmhs,0,0,0,
MmlB,6,4,10,0.6
MmlD,1,0,1,1.0
MmlH,7,5,12,0.58
MmlI,0,1,1,0.0
MmlJ,2,2,4,0.5
MmlL,2,4,6,0.33
MmlM,5,11,16,0.31
MmlN,12,13,25,0.48
MmlP,9,18,27,0.33
MmlS,7,11,18,0.39
Mmlb,11,10,21,0.52
Mmll,3,5,8,0.38
Mmlm,5,3,8,0.62
Mmln,11,7,18,0.61
Mmls,4,4,8,0.5
MmmB,15,20,35,0.43
MmmD,1,0,1,1.0
MmmH,14,17,31,0.45
MmmI,3,2,5,0.6
MmmJ,4,4,8,0.5
MmmL,4,4,8,0.5
MmmM,21,16,37,0.57
MmmN,23,32,55,0.42
MmmP,28,27,55,0.51
MmmS,9,11,20,0.45
Mmmb,26,22,48,0.54
Mmmh,0,0,0,
Mmml,8,5,13,0.62
Mmmm,15,18,33,0.45
Mmmn,29,24,53,0.55
Mmms,9,4,13,0.69
MmnB,17,25,42,0.4
MmnD,5,2,7,0.71
MmnH,25,23,48,0.52
MmnI,7,3,10,0.7
MmnK,4,3,7,0.57
MmnL,12,8,20,0.6
MmnM,26,29,55,0.47
MmnN,42,50,92,0.46
MmnP,57,65,122,0.47
MmnS,35,23,58,0.6
Mmnb,34,29,63,0.54
Mmnh,0,2,2,0.0
Mmnl,13,9,22,0.59
Mmnm,22,27,49,0.45
Mmnn,46,41,87,0.53
Mmns,25,20,45,0.56
MmsB,10,8,18,0.56
MmsD,1,1,2,0.5
MmsH,18,13,31,0.58
MmsI,2,2,4,0.5
MmsL,6,3,9,0.67
MmsM,10,19,29,0.34
MmsN,18,20,38,0.47
MmsP,23,19,42,0.55
MmsS,13,12,25,0.52
Mmsb,15,14,29,0.52
Mmsh,2,0,2,1.0
Mmsl,3,4,7,0.43
Mmsm,14,11,25,0.56
Mmsn,18,17,35,0.51
Mmss,12,13,25,0.48
MnBB,41,24,65,0.63
MnBD,1,1,2,0.5
MnBH,1,0,1,1.0
MnBK,3,2,5,0.6
MnBL,13,7,20,0.65
MnBM,20,33,53,0.38
MnBN,46,47,93,0.49
MnBP,51,49,100,0.51
MnBS,18,17,35,0.51
MnBb,35,39,74,0.47
MnBh,2,4,6,0.33
MnBj,15,8,23,0.65
MnBl,20,13,33,0.61
MnBm,34,24,58,0.59
MnBn,56,54,110,0.51
MnBs,12,17,29,0.41
MnBt,6,10,16,0.38
MnDB,5,1,6,0.83
MnDD,0,1,1,0.0
MnDH,2,5,7,0.29
MnDI,1,0,1,1.0
MnDL,0,2,2,0.0
MnDM,2,5,7,0.29
MnDN,3,4,7,0.43
MnDP,3,10,13,0.23
MnDS,3,3,6,0.5
MnDb,4,1,5,0.8
MnDh,1,0,1,1.0
MnDl,2,3,5,0.4
MnDm,2,1,3,0.67
MnDn,6,5,11,0.55
MnDs,3,2,5,0.6
MnDt,1,1,2,0.5
MnHB,10,13,23,0.43
MnHD,2,3,5,0.4
MnHH,4,7,11,0.36
MnHI,1,2,3,0.33
MnHK,4,3,7,0.57
MnHL,10,10,20,0.5
MnHM,27,31,58,0.47
MnHN,38,41,79,0.48
MnHP,35,50,85,0.41
MnHS,27,17,44,0.61
MnHb,28,27,55,0.51
MnHh,8,12,20,0.4
MnHl,15,12,27,0.56
MnHm,31,15,46,0.67
MnHn,38,49,87,0.44
MnHs,15,24,39,0.38
MnHt,2,2,4,0.5
MnIB,2,7,9,0.22
MnIH,4,5,9,0.44
MnII,2,1,3,0.67
MnIL,2,2,4,0.5
MnIM,6,5,11,0.55
MnIN,3,9,12,0.25
MnIP,13,7,20,0.65
MnIS,5,7,12,0.42
MnIb,3,8,11,0.27
MnIl,2,2,4,0.5
MnIm,8,5,13,0.62
MnIn,4,11,15,0.27
MnIs,4,5,9,0.44
MnIt,0,1,1,0.0
MnKB,0,1,1,0.0
MnKD,2,0,2,1.0
MnKI,0,0,0,
MnKK,0,0,0,
MnKL,0,1,1,0.0
MnKM,4,4,8,0.5
MnKN,0,2,2,0.0
MnKP,9,9,18,0.5
MnKS,7,3,10,0.7
MnKb,6,3,9,0.67
MnKh,1,4,5,0.2
MnKl,1,3,4,0.25
MnKm,7,4,11,0.64
MnKn,10,5,15,0.67
MnKs,1,3,4,0.25
MnKt,1,1,2,0.5
MnLB,19,13,32,0.59
MnLD,0,3,3,0.0
MnLK,1,2,3,0.33
MnLL,2,3,5,0.4
MnLM,17,17,34,0.5
MnLN,9,13,22,0.41
MnLP,25,19,44,0.57
MnLS,10,9,19,0.53
MnLb,17,15,32,0.53
MnLh,9,7,16,0.56
MnLj,4,5,9,0.44
MnLl,3,11,14,0.21
MnLm,17,10,27,0.63
MnLn,24,23,47,0.51
MnLs,9,13,22,0.41
MnLt,3,3,6,0.5
MnMB,37,35,72,0.51
MnMD,5,5,10,0.5
MnML,16,19,35,0.46
MnMM,36,56,92,0.39
MnMN,55,59,114,0.48
MnMP,56,67,123,0.46
MnMS,26,34,60,0.43
MnMb,37,47,84,0.44
MnMh,39,44,83,0.47
MnMj,25,12,37,0.68
MnMl,14,19,33,0.42
MnMm,38,39,77,0.49
MnMn,83,76,159,0.52
MnMs,29,23,52,0.56
MnMt,10,7,17,0.59
MnNB,42,52,94,0.45
MnND,8,2,10,0.8
MnNH,13,15,28,0.46
MnNI,1,0,1,1.0
MnNK,3,8,11,0.27
MnNL,28,26,54,0.52
MnNM,63,72,135,0.47
MnNN,109,83,192,0.57
MnNP,123,128,251,0.49
MnNS,46,61,107,0.43
MnNb,63,74,137,0.46
MnNh,31,41,72,0.43
MnNl,34,24,58,0.59
MnNm,59,50,109,0.54
MnNn,113,117,230,0.49
MnNs,44,55,99,0.44
MnNt,22,14,36,0.61
MnPB,61,55,116,0.53
MnPD,5,1,6,0.83
MnPH,34,28,62,0.55
MnPI,10,7,17,0.59
MnPK,8,6,14,0.57
MnPL,33,32,65,0.51
MnPM,66,96,162,0.41
MnPN,117,101,218,0.54
MnPP,148,137,285,0.52
MnPS,54,70,124,0.44
MnPb,93,80,173,0.54
MnPh,20,11,31,0.65
MnPl,49,32,81,0.6
MnPm,65,45,110,0.59
MnPn,105,119,224,0.47
MnPs,67,68,135,0.5
MnPt,14,3,17,0.82
MnSB,13,32,45,0.29
MnSD,3,6,9,0.33
MnSH,10,17,27,0.37
MnSI,1,0,1,1.0
MnSK,3,1,4,0.75
MnSL,10,13,23,0.43
MnSM,36,34,70,0.51
MnSN,48,33,81,0.59
MnSP,54,58,112,0.48
MnSS,42,39,81,0.52
MnSb,43,28,71,0.61
MnSh,39,32,71,0.55
MnSl,19,16,35,0.54
MnSm,33,30,63,0.52
MnSn,55,57,112,0.49
MnSs,36,43,79,0.46
MnSt,8,7,15,0.53
MnbB,28,34,62,0.45
MnbD,1,0,1,1.0
MnbH,25,27,52,0.48
MnbI,4,5,9,0.44
MnbJ,9,23,32,0.28
MnbK,6,3,9,0.67
MnbL,18,18,36,0.5
MnbM,44,68,112,0.39
MnbN,80,73,153,0.52
MnbP,58,64,122,0.48
MnbS,40,31,71,0.56
Mnbb,45,48,93,0.48
Mnbl,15,32,47,0.32
Mnbm,48,31,79,0.61
Mnbn,71,55,126,0.56
Mnbs,26,19,45,0.58
Mnbt,1,0,1,1.0
MnhB,0,1,1,0.0
MnhD,1,0,1,1.0
MnhH,2,1,3,0.67
MnhL,0,1,1,0.0
MnhM,2,1,3,0.67
MnhN,5,2,7,0.71
MnhP,3,1,4,0.75
MnhS,0,2,2,0.0
Mnhb,3,1,4,0.75
Mnhh,4,1,5,0.8
Mnhl,1,1,2,0.5
Mnhm,4,3,7,0.57
Mnhn,2,1,3,0.67
Mnhs,1,4,5,0.2
MnlB,15,11,26,0.58
MnlD,0,1,1,0.0
MnlH,24,26,50,0.48
MnlI,0,1,1,0.0
MnlJ,2,3,5,0.4
MnlK,1,0,1,1.0
MnlL,4,8,12,0.33
MnlM,18,25,43,0.42
MnlN,35,30,65,0.54
MnlP,28,26,54,0.52
MnlS,14,19,33,0.42
Mnlb,10,22,32,0.31
Mnll,11,5,16,0.69
Mnlm,16,10,26,0.62
Mnln,21,10,31,0.68
Mnls,7,7,14,0.5
MnmB,43,31,74,0.58
MnmD,9,6,15,0.6
MnmH,34,35,69,0.49
MnmI,7,3,10,0.7
MnmJ,7,13,20,0.35
MnmK,2,0,2,1.0
MnmL,12,10,22,0.55
MnmM,44,42,86,0.51
MnmN,56,54,110,0.51
MnmP,55,51,106,0.52
MnmS,28,25,53,0.53
Mnmb,40,26,66,0.61
Mnml,13,14,27,0.48
Mnmm,32,35,67,0.48
Mnmn,42,37,79,0.53
Mnms,10,14,24,0.42
MnnB,42,27,69,0.61
MnnD,10,10,20,0.5
MnnH,36,42,78,0.46
MnnI,10,4,14,0.71
MnnK,9,7,16,0.56
MnnL,22,19,41,0.54
MnnM,62,50,112,0.55
MnnN,80,102,182,0.44
MnnP,116,123,239,0.49
MnnS,67,55,122,0.55
Mnnb,65,63,128,0.51
Mnnh,2,2,4,0.5
Mnnl,20,31,51,0.39
Mnnm,45,42,87,0.52
Mnnn,92,85,177,0.52
Mnns,39,36,75,0.52
Mnnt,0,1,1,0.0
MnsB,17,15,32,0.53
MnsD,4,5,9,0.44
MnsH,36,34,70,0.51
MnsI,3,3,6,0.5
MnsK,1,0,1,1.0
MnsL,13,11,24,0.54
MnsM,29,31,60,0.48
MnsN,44,40,84,0.52
MnsP,59,46,105,0.56
MnsS,29,36,65,0.45
Mnsb,30,25,55,0.55
Mnsh,1,0,1,1.0
Mnsl,12,14,26,0.46
Mnsm,30,26,56,0.54
Mnsn,40,42,82,0.49
Mnss,24,23,47,0.51
MntN,1,0,1,1.0
MsBB,9,6,15,0.6
MsBD,2,0,2,1.0
MsBH,0,1,1,0.0
MsBK,3,2,5,0.6
MsBL,5,9,14,0.36
MsBM,14,13,27,0.52
MsBN,14,16,30,0.47
MsBP,15,11,26,0.58
MsBS,5,11,16,0.31
MsBb,14,17,31,0.45
MsBh,1,1,2,0.5
MsBj,3,4,7,0.43
MsBl,7,4,11,0.64
MsBm,11,10,21,0.52
MsBn,17,18,35,0.49
MsBs,10,5,15,0.67
MsBt,1,2,3,0.33
MsDB,1,1,2,0.5
MsDH,1,4,5,0.2
MsDM,0,0,0,
MsDN,1,3,4,0.25
MsDP,5,3,8,0.62
MsDS,3,3,6,0.5
MsDl,1,1,2,0.5
MsDm,2,1,3,0.67
MsDn,2,2,4,0.5
MsDs,0,2,2,0.0
MsHB,7,10,17,0.41
MsHD,2,1,3,0.67
MsHH,1,3,4,0.25
MsHI,3,3,6,0.5
MsHK,0,3,3,0.0
MsHL,4,9,13,0.31
MsHM,23,28,51,0.45
MsHN,21,24,45,0.47
MsHP,31,18,49,0.63
MsHS,14,19,33,0.42
MsHb,23,23,46,0.5
MsHh,16,16,32,0.5
MsHl,15,13,28,0.54
MsHm,20,17,37,0.54
MsHn,16,32,48,0.33
MsHs,17,22,39,0.44
MsHt,1,0,1,1.0
MsIB,0,2,2,0.0
MsID,1,1,2,0.5
MsIH,3,1,4,0.75
MsIL,0,1,1,0.0
MsIM,3,2,5,0.6
MsIP,2,4,6,0.33
MsIS,1,5,6,0.17
MsIb,2,1,3,0.67
MsIl,1,0,1,1.0
MsIm,2,0,2,1.0
MsIn,3,1,4,0.75
MsIs,1,5,6,0.17
MsIt,0,1,1,0.0
MsKB,1,2,3,0.33
MsKL,0,1,1,0.0
MsKN,1,0,1,1.0
MsKP,0,0,0,
MsKS,0,0,0,
MsKb,0,1,1,0.0
MsKh,0,2,2,0.0
MsKn,1,0,1,1.0
MsKs,2,0,2,1.0
MsLB,6,4,10,0.6
MsLD,1,0,1,1.0
MsLL,1,3,4,0.25
MsLM,5,4,9,0.56
MsLN,12,8,20,0.6
MsLP,10,6,16,0.62
MsLS,1,5,6,0.17
MsLb,6,9,15,0.4
MsLh,6,5,11,0.55
MsLj,1,3,4,0.25
MsLl,3,5,8,0.38
MsLm,5,6,11,0.45
MsLn,9,7,16,0.56
MsLs,8,3,11,0.73
MsLt,1,1,2,0.5
MsMB,5,22,27,0.19
MsMD,2,1,3,0.67
MsML,8,3,11,0.73
MsMM,23,18,41,0.56
MsMN,12,14,26,0.46
MsMP,23,21,44,0.52
MsMS,13,16,29,0.45
MsMb,21,22,43,0.49
MsMh,21,12,33,0.64
MsMj,2,7,9,0.22
MsMl,4,9,13,0.31
MsMm,17,10,27,0.63
MsMn,31,34,65,0.48
MsMs,14,10,24,0.58
MsMt,3,6,9,0.33
MsNB,15,14,29,0.52
MsND,2,0,2,1.0
MsNH,2,5,7,0.29
MsNK,0,0,0,
MsNL,8,9,17,0.47
MsNM,21,22,43,0.49
MsNN,35,32,67,0.52
MsNP,47,42,89,0.53
MsNS,24,16,40,0.6
MsNb,20,28,48,0.42
MsNh,5,7,12,0.42
MsNl,6,9,15,0.4
MsNm,19,19,38,0.5
MsNn,30,36,66,0.45
MsNs,16,19,35,0.46
MsNt,3,7,10,0.3
MsPB,19,26,45,0.42
MsPD,2,3,5,0.4
MsPH,13,9,22,0.59
MsPI,0,4,4,0.0
MsPK,2,3,5,0.4
MsPL,9,6,15,0.6
MsPM,40,29,69,0.58
MsPN,27,41,68,0.4
MsPP,55,48,103,0.53
MsPS,23,26,49,0.47
MsPb,31,33,64,0.48
MsPh,4,7,11,0.36
MsPl,17,25,42,0.4
MsPm,29,24,53,0.55
MsPn,33,33,66,0.5
MsPs,21,34,55,0.38
MsPt,6,2,8,0.75
MsSB,12,18,30,0.4
MsSD,5,4,9,0.56
MsSH,5,10,15,0.33
MsSK,1,0,1,1.0
MsSL,9,5,14,0.64
MsSM,23,17,40,0.57
MsSN,22,28,50,0.44
MsSP,22,32,54,0.41
MsSS,23,30,53,0.43
MsSb,19,21,40,0.48
MsSh,15,18,33,0.45
MsSl,7,9,16,0.44
MsSm,21,16,37,0.57
MsSn,32,31,63,0.51
MsSs,22,18,40,0.55
MsSt,5,3,8,0.62
MsbB,16,11,27,0.59
MsbD,0,2,2,0.0
MsbH,12,4,16,0.75
MsbI,1,2,3,0.33
MsbJ,2,6,8,0.25
MsbK,1,5,6,0.17
MsbL,8,5,13,0.62
MsbM,29,24,53,0.55
MsbN,29,26,55,0.53
MsbP,25,22,47,0.53
MsbS,16,11,27,0.59
Msbb,29,22,51,0.57
Msbl,6,6,12,0.5
Msbm,22,11,33,0.67
Msbn,19,15,34,0.56
Msbs,10,11,21,0.48
MshB,1,1,2,0.5
MshD,0,1,1,0.0
MshH,0,1,1,0.0
MshN,1,0,1,1.0
MshP,1,0,1,1.0
MshS,1,2,3,0.33
Mshh,0,1,1,0.0
Mshl,2,0,2,1.0
Mshs,2,0,2,1.0
MslB,6,4,10,0.6
MslD,2,1,3,0.67
MslH,4,4,8,0.5
MslI,2,2,4,0.5
MslJ,4,2,6,0.67
MslK,1,2,3,0.33
MslL,3,6,9,0.33
MslM,12,8,20,0.6
MslN,18,13,31,0.58
MslP,17,15,32,0.53
MslS,12,5,17,0.71
Mslb,9,8,17,0.53
Msll,5,4,9,0.56
Mslm,8,7,15,0.53
Msln,12,10,22,0.55
Msls,9,8,17,0.53
MsmB,14,10,24,0.58
MsmD,4,3,7,0.57
MsmH,17,11,28,0.61
MsmI,1,3,4,0.25
MsmJ,2,3,5,0.4
MsmK,1,0,1,1.0
MsmL,7,12,19,0.37
MsmM,19,19,38,0.5
MsmN,17,24,41,0.41
MsmP,21,16,37,0.57
MsmS,17,9,26,0.65
Msmb,13,14,27,0.48
Msml,7,3,10,0.7
Msmm,18,17,35,0.51
Msmn,22,19,41,0.54
Msms,16,7,23,0.7
MsnB,10,18,28,0.36
MsnD,4,4,8,0.5
MsnH,12,10,22,0.55
MsnI,3,1,4,0.75
MsnK,1,3,4,0.25
MsnL,5,9,14,0.36
MsnM,19,18,37,0.51
MsnN,23,35,58,0.4
MsnP,29,28,57,0.51
MsnS,18,13,31,0.58
Msnb,11,13,24,0.46
Msnl,12,11,23,0.52
Msnm,19,12,31,0.61
Msnn,30,25,55,0.55
Msns,16,14,30,0.53
Msnt,0,0,0,
MssB,12,12,24,0.5
MssD,1,1,2,0.5
MssH,21,19,40,0.52
MssI,4,2,6,0.67
MssL,10,4,14,0.71
MssM,20,19,39,0.51
MssN,13,19,32,0.41
MssP,15,26,41,0.37
MssS,19,12,31,0.61
Mssb,11,13,24,0.46
Mssh,1,1,2,0.5
Mssl,7,7,14,0.5
Mssm,17,16,33,0.52
Mssn,12,12,24,0.5
Msss,19,18,37,0.51
MstB,0,1,1,0.0
MstM,1,0,1,1.0
MstN,0,1,1,0.0
Mstn,1,0,1,1.0
MtBB,4,6,10,0.4
MtBK,0,0,0,
MtBL,4,0,4,1.0
MtBM,7,3,10,0.7
MtBN,3,1,4,0.75
MtBP,8,3,11,0.73
MtBS,1,1,2,0.5
MtBb,3,1,4,0.75
MtBj,3,0,3,1.0
MtBl,3,1,4,0.75
MtBm,4,4,8,0.5
MtBn,3,6,9,0.33
MtBs,1,3,4,0.25
MtBt,2,0,2,1.0
MtDB,0,0,0,
MtDM,1,2,3,0.33
MtDN,0,1,1,0.0
MtDb,0,1,1,0.0
MtDn,0,1,1,0.0
MtDs,2,0,2,1.0
MtHB,2,3,5,0.4
MtHH,2,1,3,0.67
MtHL,1,1,2,0.5
MtHM,5,1,6,0.83
MtHN,2,6,8,0.25
MtHP,4,5,9,0.44
MtHS,2,0,2,1.0
MtHb,3,3,6,0.5
MtHh,3,2,5,0.6
MtHl,2,3,5,0.4
MtHm,5,2,7,0.71
MtHn,7,6,13,0.54
MtHs,2,4,6,0.33
MtIM,0,1,1,0.0
MtIn,0,1,1,0.0
MtKB,2,0,2,1.0
MtKH,0,1,1,0.0
MtKM,0,2,2,0.0
MtKP,1,0,1,1.0
MtKS,0,1,1,0.0
MtKb,0,1,1,0.0
MtKh,1,0,1,1.0
MtKn,0,0,0,
MtLB,1,3,4,0.25
MtLL,0,2,2,0.0
MtLM,6,2,8,0.75
MtLN,1,4,5,0.2
MtLP,2,6,8,0.25
MtLS,1,2,3,0.33
MtLb,3,3,6,0.5
MtLh,1,0,1,1.0
MtLj,3,1,4,0.75
MtLl,1,0,1,1.0
MtLm,4,1,5,0.8
MtLn,1,0,1,1.0
MtLs,0,1,1,0.0
MtLt,1,0,1,1.0
MtMB,4,8,12,0.33
MtML,1,1,2,0.5
MtMM,2,6,8,0.25
MtMN,5,10,15,0.33
MtMP,6,10,16,0.38
MtMS,7,3,10,0.7
MtMb,14,4,18,0.78
MtMh,7,4,11,0.64
MtMj,2,1,3,0.67
MtMl,0,1,1,0.0
MtMm,4,8,12,0.33
MtMn,15,12,27,0.56
MtMs,6,1,7,0.86
MtMt,1,0,1,1.0
MtNB,3,4,7,0.43
MtNL,2,1,3,0.67
MtNM,5,11,16,0.31
MtNN,8,10,18,0.44
MtNP,11,12,23,0.48
MtNS,6,6,12,0.5
MtNb,7,4,11,0.64
MtNh,2,7,9,0.22
MtNl,3,2,5,0.6
MtNm,4,4,8,0.5
MtNn,14,7,21,0.67
MtNs,2,5,7,0.29
MtNt,3,3,6,0.5
MtPB,8,8,16,0.5
MtPD,0,1,1,0.0
MtPH,3,1,4,0.75
MtPI,2,0,2,1.0
MtPL,4,6,10,0.4
MtPM,9,15,24,0.38
MtPN,14,11,25,0.56
MtPP,12,14,26,0.46
MtPS,9,5,14,0.64
MtPb,10,14,24,0.42
MtPh,0,0,0,
MtPl,9,3,12,0.75
MtPm,13,10,23,0.57
MtPn,14,19,33,0.42
MtPs,6,2,8,0.75
MtPt,2,1,3,0.67
MtSB,1,4,5,0.2
MtSD,0,1,1,0.0
MtSH,9,2,11,0.82
MtSI,1,0,1,1.0
MtSL,1,1,2,0.5
MtSM,5,4,9,0.56
MtSN,3,7,10,0.3
MtSP,4,5,9,0.44
MtSS,7,5,12,0.58
MtSb,4,3,7,0.57
MtSh,3,3,6,0.5
MtSl,4,1,5,0.8
MtSm,3,2,5,0.6
MtSn,5,9,14,0.36
MtSs,5,4,9,0.56
MtbB,8,1,9,0.89
MtbH,2,4,6,0.33
MtbI,1,0,1,1.0
MtbJ,2,1,3,0.67
MtbK,1,1,2,0.5
MtbL,5,3,8,0.62
MtbM,10,9,19,0.53
MtbN,8,12,20,0.4
MtbP,4,7,11,0.36
MtbS,3,1,4,0.75
Mtbb,6,10,16,0.38
Mtbl,5,3,8,0.62
Mtbm,1,4,5,0.2
Mtbn,5,7,12,0.42
Mtbs,2,5,7,0.29
MthM,0,1,1,0.0
Mthh,0,1,1,0.0
MtlB,0,1,1,0.0
MtlH,2,0,2,1.0
MtlJ,0,1,1,0.0
MtlK,0,0,0,
MtlL,1,0,1,1.0
MtlM,1,2,3,0.33
MtlN,1,2,3,0.33
MtlP,3,2,5,0.6
MtlS,0,2,2,0.0
Mtlb,1,3,4,0.25
Mtll,2,1,3,0.67
Mtlm,2,2,4,0.5
Mtln,4,1,5,0.8
Mtls,0,1,1,0.0
MtmB,5,1,6,0.83
MtmD,1,3,4,0.25
MtmH,4,3,7,0.57
MtmJ,0,1,1,0.0
MtmL,3,2,5,0.6
MtmM,7,5,12,0.58
MtmN,10,5,15,0.67
MtmP,7,8,15,0.47
MtmS,1,6,7,0.14
Mtmb,5,1,6,0.83
Mtml,6,0,6,1.0
Mtmm,3,2,5,0.6
Mtmn,9,4,13,0.69
Mtms,0,4,4,0.0
MtnB,9,2,11,0.82
MtnD,0,1,1,0.0
MtnH,10,5,15,0.67
MtnI,1,0,1,1.0
MtnK,1,0,1,1.0
MtnL,2,6,8,0.25
MtnM,6,3,9,0.67
MtnN,8,8,16,0.5
MtnP,16,14,30,0.53
MtnS,4,8,12,0.33
Mtnb,12,11,23,0.52
Mtnh,1,1,2,0.5
Mtnl,3,2,5,0.6
Mtnm,1,4,5,0.2
Mtnn,10,6,16,0.62
Mtns,4,6,10,0.4
MtsB,1,3,4,0.25
MtsH,5,2,7,0.71
MtsL,0,1,1,0.0
MtsM,2,3,5,0.4
MtsN,1,4,5,0.2
MtsP,6,4,10,0.6
MtsS,1,3,4,0.25
Mtsb,3,1,4,0.75
Mtsl,1,0,1,1.0
Mtsm,4,3,7,0.57
Mtsn,2,0,2,1.0
Mtss,3,6,9,0.33
MttB,2,0,2,1.0
MttD,0,1,1,0.0
MttH,1,1,2,0.5
MttM,1,2,3,0.33
MttN,2,2,4,0.5
MttP,0,1,1,0.0
MttS,1,0,1,1.0
Mttb,2,2,4,0.5
Mttl,1,1,2,0.5
Mttm,2,0,2,1.0
Mttn,0,5,5,0.0
Mtts,0,2,2,0.0
NBBB,27,29,56,0.48
NBBD,1,3,4,0.25
NBBH,0,1,1,0.0
NBBK,0,2,2,0.0
NBBL,8,8,16,0.5
NBBM,17,18,35,0.49
NBBN,30,35,65,0.46
NBBP,40,44,84,0.48
NBBS,10,11,21,0.48
NBBb,29,39,68,0.43
NBBh,1,1,2,0.5
NBBj,17,16,33,0.52
NBBl,11,15,26,0.42
NBBm,23,24,47,0.49
NBBn,28,33,61,0.46
NBBs,13,7,20,0.65
NBBt,4,7,11,0.36
NBDB,1,1,2,0.5
NBDH,1,3,4,0.25
NBDM,2,2,4,0.5
NBDN,1,2,3,0.33
NBDP,1,0,1,1.0
NBDS,4,0,4,1.0
NBDb,2,2,4,0.5
NBDl,0,1,1,0.0
NBDm,3,1,4,0.75
NBDn,3,1,4,0.75
NBDs,2,0,2,1.0
NBHB,1,0,1,1.0
NBHL,0,1,1,0.0
NBHM,2,0,2,1.0
NBHN,0,1,1,0.0
NBHP,0,1,1,0.0
NBHl,0,1,1,0.0
NBKB,3,3,6,0.5
NBKL,1,1,2,0.5
NBKM,2,0,2,1.0
NBKN,1,1,2,0.5
NBKP,4,4,8,0.5
NBKS,1,2,3,0.33
NBKb,4,4,8,0.5
NBKh,1,1,2,0.5
NBKl,2,0,2,1.0
NBKm,3,2,5,0.6
NBKn,1,2,3,0.33
NBKs,0,1,1,0.0
NBLB,5,13,18,0.28
NBLD,1,1,2,0.5
NBLK,1,1,2,0.5
NBLL,6,5,11,0.55
NBLM,10,9,19,0.53
NBLN,11,10,21,0.52
NBLP,16,17,33,0.48
NBLS,6,7,13,0.46
NBLb,9,16,25,0.36
NBLh,6,7,13,0.46
NBLj,2,3,5,0.4
NBLl,3,7,10,0.3
NBLm,11,6,17,0.65
NBLn,13,26,39,0.33
NBLs,6,5,11,0.55
NBLt,1,2,3,0.33
NBMB,25,31,56,0.45
NBMD,0,1,1,0.0
NBMH,0,1,1,0.0
NBML,6,12,18,0.33
NBMM,24,32,56,0.43
NBMN,28,18,46,0.61
NBMP,38,38,76,0.5
NBMS,10,19,29,0.34
NBMb,21,36,57,0.37
NBMh,28,18,46,0.61
NBMj,5,5,10,0.5
NBMl,12,17,29,0.41
NBMm,26,27,53,0.49
NBMn,44,34,78,0.56
NBMs,14,15,29,0.48
NBMt,3,2,5,0.6
NBNB,24,34,58,0.41
NBND,1,3,4,0.25
NBNH,6,7,13,0.46
NBNK,0,5,5,0.0
NBNL,11,12,23,0.48
NBNM,28,37,65,0.43
NBNN,41,42,83,0.49
NBNP,47,61,108,0.44
NBNS,15,23,38,0.39
NBNb,52,32,84,0.62
NBNh,19,20,39,0.49
NBNl,19,10,29,0.66
NBNm,29,26,55,0.53
NBNn,47,46,93,0.51
NBNs,27,22,49,0.55
NBNt,9,10,19,0.47
NBPB,28,34,62,0.45
NBPD,2,2,4,0.5
NBPH,10,11,21,0.48
NBPI,3,4,7,0.43
NBPK,1,2,3,0.33
NBPL,14,12,26,0.54
NBPM,38,63,101,0.38
NBPN,62,55,117,0.53
NBPP,74,83,157,0.47
NBPS,20,17,37,0.54
NBPb,33,50,83,0.4
NBPh,3,4,7,0.43
NBPl,19,16,35,0.54
NBPm,30,28,58,0.52
NBPn,45,55,100,0.45
NBPs,24,25,49,0.49
NBPt,5,3,8,0.62
NBSB,14,7,21,0.67
NBSD,1,0,1,1.0
NBSH,5,7,12,0.42
NBSI,1,0,1,1.0
NBSL,7,7,14,0.5
NBSM,14,12,26,0.54
NBSN,13,14,27,0.48
NBSP,24,28,52,0.46
NBSS,13,18,31,0.42
NBSb,17,19,36,0.47
NBSh,6,8,14,0.43
NBSl,7,14,21,0.33
NBSm,13,5,18,0.72
NBSn,17,20,37,0.46
NBSs,16,8,24,0.67
NBSt,0,4,4,0.0
NBbB,15,21,36,0.42
NBbD,4,1,5,0.8
NBbH,10,5,15,0.67
NBbI,6,5,11,0.55
NBbJ,12,9,21,0.57
NBbK,2,3,5,0.4
NBbL,8,11,19,0.42
NBbM,26,38,64,0.41
NBbN,43,50,93,0.46
NBbP,45,40,85,0.53
NBbS,12,19,31,0.39
NBbb,25,28,53,0.47
NBbl,17,8,25,0.68
NBbm,36,14,50,0.72
NBbn,37,29,66,0.56
NBbs,19,17,36,0.53
NBhB,1,2,3,0.33
NBhH,0,2,2,0.0
NBhK,1,0,1,1.0
NBhL,3,2,5,0.6
NBhM,2,6,8,0.25
NBhN,4,7,11,0.36
NBhP,2,5,7,0.29
NBhS,3,3,6,0.5
NBhb,3,4,7,0.43
NBhh,3,4,7,0.43
NBhl,4,0,4,1.0
NBhm,7,3,10,0.7
NBhn,5,6,11,0.45
NBhs,0,3,3,0.0
NBjB,13,9,22,0.59
NBjD,0,3,3,0.0
NBjH,1,1,2,0.5
NBjI,1,1,2,0.5
NBjK,1,0,1,1.0
NBjL,3,0,3,1.0
NBjM,8,12,20,0.4
NBjN,10,15,25,0.4
NBjP,16,28,44,0.36
NBjS,3,8,11,0.27
NBjb,13,8,21,0.62
NBjh,2,2,4,0.5
NBjl,3,9,12,0.25
NBjm,6,5,11,0.55
NBjn,11,13,24,0.46
NBjs,4,5,9,0.44
NBjt,1,1,2,0.5
NBlB,11,7,18,0.61
NBlD,3,1,4,0.75
NBlH,4,12,16,0.25
NBlI,2,1,3,0.67
NBlJ,2,4,6,0.33
NBlL,2,6,8,0.25
NBlM,11,14,25,0.44
NBlN,22,13,35,0.63
NBlP,21,13,34,0.62
NBlS,12,5,17,0.71
NBlb,11,6,17,0.65
NBll,7,11,18,0.39
NBlm,14,10,24,0.58
NBln,11,16,27,0.41
NBls,11,7,18,0.61
NBmB,19,17,36,0.53
NBmD,3,2,5,0.6
NBmH,12,16,28,0.43
NBmI,2,4,6,0.33
NBmJ,2,4,6,0.33
NBmL,11,7,18,0.61
NBmM,22,24,46,0.48
NBmN,24,31,55,0.44
NBmP,44,34,78,0.56
NBmS,11,16,27,0.41
NBmb,28,27,55,0.51
NBml,11,8,19,0.58
NBmm,21,20,41,0.51
NBmn,18,27,45,0.4
NBms,10,13,23,0.43
NBnB,31,23,54,0.57
NBnD,3,2,5,0.6
NBnH,19,22,41,0.46
NBnI,10,6,16,0.62
NBnK,1,5,6,0.17
NBnL,11,14,25,0.44
NBnM,26,51,77,0.34
NBnN,64,49,113,0.57
NBnP,65,64,129,0.5
NBnS,39,24,63,0.62
NBnb,52,40,92,0.57
NBnh,2,2,4,0.5
NBnl,20,22,42,0.48
NBnm,45,32,77,0.58
NBnn,60,72,132,0.45
NBns,15,19,34,0.44
NBsB,16,6,22,0.73
NBsD,2,2,4,0.5
NBsH,14,10,24,0.58
NBsI,1,2,3,0.33
NBsL,5,8,13,0.38
NBsM,13,15,28,0.46
NBsN,21,14,35,0.6
NBsP,22,30,52,0.42
NBsS,11,13,24,0.46
NBsb,12,16,28,0.43
NBsh,1,1,2,0.5
NBsl,11,7,18,0.61
NBsm,14,10,24,0.58
NBsn,14,17,31,0.45
NBss,9,13,22,0.41
NBtB,3,12,15,0.2
NBtH,3,3,6,0.5
NBtK,0,1,1,0.0
NBtL,2,2,4,0.5
NBtM,6,5,11,0.55
NBtN,5,9,14,0.36
NBtP,13,11,24,0.54
NBtS,5,7,12,0.42
NBtb,6,10,16,0.38
NBth,1,0,1,1.0
NBtl,0,4,4,0.0
NBtm,6,4,10,0.6
NBtn,7,5,12,0.58
NBts,3,3,6,0.5
NBtt,5,0,5,1.0
NDBB,4,3,7,0.57
NDBL,0,0,0,
NDBM,3,1,4,0.75
NDBN,3,3,6,0.5
NDBP,1,0,1,1.0
NDBS,2,0,2,1.0
NDBb,3,4,7,0.43
NDBh,0,0,0,
NDBj,1,0,1,1.0
NDBl,2,0,2,1.0
NDBm,3,1,4,0.75
NDBn,7,2,9,0.78
NDBs,1,0,1,1.0
NDBt,2,1,3,0.67
NDDH,0,1,1,0.0
NDDN,1,0,1,1.0
NDDP,1,0,1,1.0
NDDS,0,1,1,0.0
NDDn,1,0,1,1.0
NDDs,0,1,1,0.0
NDHB,2,1,3,0.67
NDHH,1,2,3,0.33
NDHI,1,0,1,1.0
NDHL,1,0,1,1.0
NDHM,2,2,4,0.5
NDHN,1,1,2,0.5
NDHP,13,7,20,0.65
NDHS,4,2,6,0.67
NDHb,2,2,4,0.5
NDHh,1,0,1,1.0
NDHl,1,1,2,0.5
NDHm,1,6,7,0.14
NDHn,3,4,7,0.43
NDHs,4,3,7,0.57
NDHt,2,0,2,1.0
NDIB,1,1,2,0.5
NDIH,0,0,0,
NDIP,0,1,1,0.0
NDIS,0,1,1,0.0
NDIb,0,1,1,0.0
NDIm,0,1,1,0.0
NDKM,1,1,2,0.5
NDKN,0,1,1,0.0
NDKs,1,0,1,1.0
NDLB,3,1,4,0.75
NDLH,0,0,0,
NDLP,1,3,4,0.25
NDLS,2,2,4,0.5
NDLb,0,2,2,0.0
NDLh,1,2,3,0.33
NDLj,1,0,1,1.0
NDLm,0,1,1,0.0
NDLn,2,1,3,0.67
NDLs,0,0,0,
NDMB,1,3,4,0.25
NDMD,1,0,1,1.0
NDML,1,0,1,1.0
NDMM,2,0,2,1.0
NDMN,2,1,3,0.67
NDMP,3,3,6,0.5
NDMS,3,2,5,0.6
NDMb,2,3,5,0.4
NDMh,2,2,4,0.5
NDMl,0,1,1,0.0
NDMm,3,5,8,0.38
NDMn,3,6,9,0.33
NDMs,1,3,4,0.25
NDNB,6,2,8,0.75
NDNH,0,1,1,0.0
NDNK,0,1,1,0.0
NDNL,2,1,3,0.67
NDNM,7,5,12,0.58
NDNN,1,4,5,0.2
NDNP,3,4,7,0.43
NDNS,3,3,6,0.5
NDNb,1,1,2,0.5
NDNh,0,2,2,0.0
NDNl,2,1,3,0.67
NDNm,7,4,11,0.64
NDNn,5,3,8,0.62
NDNs,2,2,4,0.5
NDNt,1,0,1,1.0
NDPB,2,2,4,0.5
NDPH,0,1,1,0.0
NDPI,1,0,1,1.0
NDPL,4,0,4,1.0
NDPM,4,6,10,0.4
NDPN,5,4,9,0.56
NDPP,4,6,10,0.4
NDPS,3,7,10,0.3
NDPb,5,5,10,0.5
NDPl,2,5,7,0.29
NDPm,4,3,7,0.57
NDPn,4,2,6,0.67
NDPs,2,3,5,0.4
NDPt,1,0,1,1.0
NDSB,2,2,4,0.5
NDSD,0,1,1,0.0
NDSL,3,1,4,0.75
NDSM,6,3,9,0.67
NDSN,3,1,4,0.75
NDSP,3,5,8,0.38
NDSS,2,1,3,0.67
NDSb,0,4,4,0.0
NDSh,1,1,2,0.5
NDSl,1,1,2,0.5
NDSm,4,2,6,0.67
NDSn,3,4,7,0.43
NDSs,2,1,3,0.67
NDSt,1,1,2,0.5
NDbB,0,2,2,0.0
NDbD,0,1,1,0.0
NDbH,0,1,1,0.0
NDbK,0,1,1,0.0
NDbL,0,1,1,0.0
NDbM,2,2,4,0.5
NDbN,1,5,6,0.17
NDbP,2,1,3,0.67
NDbS,2,2,4,0.5
NDbb,2,2,4,0.5
NDbl,0,0,0,
NDbm,0,1,1,0.0
NDbn,1,6,7,0.14
NDbs,0,3,3,0.0
NDhS,0,1,1,0.0
NDlB,2,0,2,1.0
NDlH,1,1,2,0.5
NDlI,1,0,1,1.0
NDlL,0,0,0,
NDlM,3,3,6,0.5
NDlN,2,1,3,0.67
NDlP,2,3,5,0.4
NDlS,2,1,3,0.67
NDlb,2,0,2,1.0
NDll,0,1,1,0.0
NDlm,0,1,1,0.0
NDln,1,1,2,0.5
NDls,0,1,1,0.0
NDmB,0,0,0,
NDmD,0,0,0,
NDmH,4,2,6,0.67
NDmJ,1,0,1,1.0
NDmL,0,2,2,0.0
NDmM,3,4,7,0.43
NDmN,3,3,6,0.5
NDmP,2,0,2,1.0
NDmS,2,5,7,0.29
NDmb,4,3,7,0.57
NDml,0,1,1,0.0
NDmm,3,0,3,1.0
NDmn,2,2,4,0.5
NDms,2,0,2,1.0
NDnB,2,2,4,0.5
NDnD,0,1,1,0.0
NDnH,1,0,1,1.0
NDnI,0,1,1,0.0
NDnK,0,1,1,0.0
NDnL,0,1,1,0.0
NDnM,3,2,5,0.6
NDnN,4,7,11,0.36
NDnP,1,5,6,0.17
NDnS,2,3,5,0.4
NDnb,4,1,5,0.8
NDnl,3,2,5,0.6
NDnm,5,1,6,0.83
NDnn,4,6,10,0.4
NDns,4,2,6,0.67
NDsB,1,0,1,1.0
NDsD,0,1,1,0.0
NDsH,4,3,7,0.57
NDsI,2,1,3,0.67
NDsM,1,1,2,0.5
NDsN,9,1,10,0.9
NDsP,2,4,6,0.33
NDsS,3,5,8,0.38
NDsb,5,1,6,0.83
NDsl,0,1,1,0.0
NDsm,3,1,4,0.75
NDsn,2,1,3,0.67
NDss,2,0,2,1.0
NDtM,0,1,1,0.0
NDtP,1,1,2,0.5
NDtt,0,1,1,0.0
NHBB,4,2,6,0.67
NHBD,1,0,1,1.0
NHBK,0,1,1,0.0
NHBL,3,1,4,0.75
NHBM,4,10,14,0.29
NHBN,7,6,13,0.54
NHBP,1,8,9,0.11
NHBS,1,2,3,0.33
NHBb,6,6,12,0.5
NHBh,1,2,3,0.33
NHBj,0,0,0,
NHBl,2,4,6,0.33
NHBm,3,6,9,0.33
NHBn,3,6,9,0.33
NHBs,1,2,3,0.33
NHBt,0,2,2,0.0
NHDM,1,0,1,1.0
NHDP,0,0,0,
NHDS,2,0,2,1.0
NHDn,1,0,1,1.0
NHDs,3,0,3,1.0
NHHB,2,1,3,0.67
NHHD,0,1,1,0.0
NHHH,0,0,0,
NHHI,0,1,1,0.0
NHHM,4,0,4,1.0
NHHN,1,0,1,1.0
NHHP,1,4,5,0.2
NHHS,0,1,1,0.0
NHHb,2,1,3,0.67
NHHl,1,0,1,1.0
NHHm,2,2,4,0.5
NHHn,3,2,5,0.6
NHHs,4,0,4,1.0
NHIB,1,0,1,1.0
NHID,0,1,1,0.0
NHIH,1,0,1,1.0
NHII,2,1,3,0.67
NHIM,2,0,2,1.0
NHIN,1,0,1,1.0
NHIP,1,2,3,0.33
NHIS,0,1,1,0.0
NHIm,1,0,1,1.0
NHIs,0,1,1,0.0
NHKB,1,0,1,1.0
NHKM,1,2,3,0.33
NHKN,2,0,2,1.0
NHKP,1,0,1,1.0
NHKS,1,1,2,0.5
NHKb,0,2,2,0.0
NHKl,0,1,1,0.0
NHKn,1,2,3,0.33
NHKs,1,1,2,0.5
NHLB,1,0,1,1.0
NHLL,2,2,4,0.5
NHLM,5,4,9,0.56
NHLN,3,5,8,0.38
NHLP,3,3,6,0.5
NHLS,2,2,4,0.5
NHLb,2,3,5,0.4
NHLh,0,2,2,0.0
NHLj,0,1,1,0.0
NHLl,1,0,1,1.0
NHLm,0,3,3,0.0
NHLn,2,4,6,0.33
NHLs,2,0,2,1.0
NHLt,0,0,0,
NHMB,7,5,12,0.58
NHMD,0,1,1,0.0
NHML,2,1,3,0.67
NHMM,7,3,10,0.7
NHMN,12,11,23,0.52
NHMP,8,6,14,0.57
NHMS,3,4,7,0.43
NHMb,3,5,8,0.38
NHMh,3,5,8,0.38
NHMj,2,6,8,0.25
NHMl,3,1,4,0.75
NHMm,8,4,12,0.67
NHMn,13,10,23,0.57
NHMs,3,6,9,0.33
NHMt,0,1,1,0.0
NHNB,4,8,12,0.33
NHND,0,0,0,
NHNH,0,0,0,
NHNK,1,0,1,1.0
NHNL,0,5,5,0.0
NHNM,8,8,16,0.5
NHNN,12,9,21,0.57
NHNP,9,12,21,0.43
NHNS,7,5,12,0.58
NHNb,7,15,22,0.32
NHNh,6,2,8,0.75
NHNl,4,4,8,0.5
NHNm,3,5,8,0.38
NHNn,9,8,17,0.53
NHNs,7,11,18,0.39
NHNt,1,1,2,0.5
NHPB,5,4,9,0.56
NHPD,1,1,2,0.5
NHPH,6,0,6,1.0
NHPI,2,1,3,0.67
NHPK,2,0,2,1.0
NHPL,6,5,11,0.55
NHPM,13,13,26,0.5
NHPN,10,12,22,0.45
NHPP,13,20,33,0.39
NHPS,4,5,9,0.44
NHPb,12,10,22,0.55
NHPh,4,2,6,0.67
NHPl,5,6,11,0.45
NHPm,12,7,19,0.63
NHPn,9,8,17,0.53
NHPs,7,3,10,0.7
NHPt,1,1,2,0.5
NHSB,3,1,4,0.75
NHSH,4,2,6,0.67
NHSL,0,3,3,0.0
NHSM,5,4,9,0.56
NHSN,2,3,5,0.4
NHSP,4,9,13,0.31
NHSS,6,1,7,0.86
NHSb,7,3,10,0.7
NHSh,3,4,7,0.43
NHSl,1,0,1,1.0
NHSm,2,3,5,0.4
NHSn,12,7,19,0.63
NHSs,4,4,8,0.5
NHSt,0,0,0,
NHbB,7,2,9,0.78
NHbD,0,2,2,0.0
NHbH,1,0,1,1.0
NHbI,1,1,2,0.5
NHbJ,2,4,6,0.33
NHbK,1,0,1,1.0
NHbL,1,3,4,0.25
NHbM,3,9,12,0.25
NHbN,6,5,11,0.55
NHbP,11,11,22,0.5
NHbS,2,3,5,0.4
NHbb,2,3,5,0.4
NHbl,1,1,2,0.5
NHbm,7,2,9,0.78
NHbn,11,5,16,0.69
NHbs,7,4,11,0.64
NHhH,1,1,2,0.5
NHhL,3,1,4,0.75
NHhM,0,2,2,0.0
NHhN,0,1,1,0.0
NHhP,2,1,3,0.67
NHhS,1,0,1,1.0
NHhb,2,1,3,0.67
NHhh,1,0,1,1.0
NHhl,1,0,1,1.0
NHhm,1,2,3,0.33
NHhn,0,1,1,0.0
NHhs,2,2,4,0.5
NHlB,4,1,5,0.8
NHlD,0,0,0,
NHlH,1,2,3,0.33
NHlJ,1,0,1,1.0
NHlL,2,1,3,0.67
NHlM,2,3,5,0.4
NHlN,2,0,2,1.0
NHlP,7,5,12,0.58
NHlS,5,1,6,0.83
NHlb,7,0,7,1.0
NHll,1,2,3,0.33
NHlm,1,0,1,1.0
NHln,0,3,3,0.0
NHls,1,4,5,0.2
NHmB,5,3,8,0.62
NHmH,4,2,6,0.67
NHmJ,3,0,3,1.0
NHmL,4,3,7,0.57
NHmM,5,7,12,0.42
NHmN,6,5,11,0.55
NHmP,2,9,11,0.18
NHmS,4,4,8,0.5
NHmb,8,3,11,0.73
NHml,4,1,5,0.8
NHmm,3,1,4,0.75
NHmn,3,7,10,0.3
NHms,5,5,10,0.5
NHnB,4,5,9,0.44
NHnD,0,0,0,
NHnH,2,2,4,0.5
NHnI,1,0,1,1.0
NHnK,0,2,2,0.0
NHnL,1,3,4,0.25
NHnM,11,9,20,0.55
NHnN,10,14,24,0.42
NHnP,11,17,28,0.39
NHnS,4,6,10,0.4
NHnb,10,7,17,0.59
NHnh,1,1,2,0.5
NHnl,2,5,7,0.29
NHnm,8,6,14,0.57
NHnn,12,9,21,0.57
NHns,4,5,9,0.44
NHsB,2,1,3,0.67
NHsD,0,2,2,0.0
NHsH,4,5,9,0.44
NHsI,0,0,0,
NHsL,0,0,0,
NHsM,4,6,10,0.4
NHsN,6,9,15,0.4
NHsP,6,10,16,0.38
NHsS,5,5,10,0.5
NHsb,3,6,9,0.33
NHsh,0,1,1,0.0
NHsl,1,1,2,0.5
NHsm,2,1,3,0.67
NHsn,3,3,6,0.5
NHss,6,5,11,0.55
NHtB,1,1,2,0.5
NHtM,1,1,2,0.5
NHtS,0,0,0,
NHtm,0,0,0,
NHts,0,0,0,
NIBB,0,1,1,0.0
NIBm,0,0,0,
NIDP,0,1,1,0.0
NIHm,0,2,2,0.0
NILL,0,0,0,
NILb,0,1,1,0.0
NIMB,1,0,1,1.0
NIMN,1,0,1,1.0
NIMP,1,1,2,0.5
NIMb,1,0,1,1.0
NIMj,1,0,1,1.0
NIMm,0,1,1,0.0
NIMn,1,0,1,1.0
NINP,0,1,1,0.0
NINb,0,1,1,0.0
NINm,1,0,1,1.0
NIPB,1,1,2,0.5
NIPI,0,1,1,0.0
NIPN,0,1,1,0.0
NIPP,0,0,0,
NIPb,2,1,3,0.67
NIPs,0,1,1,0.0
NISN,0,1,1,0.0
NISS,0,2,2,0.0
NISm,1,0,1,1.0
NIbP,2,0,2,1.0
NIbl,1,0,1,1.0
NImL,1,0,1,1.0
NImn,1,0,1,1.0
NInP,0,1,1,0.0
NIsP,1,0,1,1.0
NKBB,0,0,0,
NKBK,0,1,1,0.0
NKBL,1,0,1,1.0
NKBM,2,2,4,0.5
NKBN,4,4,8,0.5
NKBP,2,4,6,0.33
NKBS,0,1,1,0.0
NKBb,3,1,4,0.75
NKBj,0,1,1,0.0
NKBl,1,3,4,0.25
NKBm,2,1,3,0.67
NKBn,3,3,6,0.5
NKBs,1,1,2,0.5
NKBt,0,2,2,0.0
NKDH,0,1,1,0.0
NKDN,0,1,1,0.0
NKHB,0,0,0,
NKHK,0,1,1,0.0
NKHM,1,0,1,1.0
NKHP,1,1,2,0.5
NKHS,0,1,1,0.0
NKHb,1,0,1,1.0
NKHl,0,0,0,
NKHn,2,0,2,1.0
NKHs,0,1,1,0.0
NKIH,1,1,2,0.5
NKIN,1,0,1,1.0
NKIP,1,1,2,0.5
NKIn,0,1,1,0.0
NKLB,2,1,3,0.67
NKLL,1,1,2,0.5
NKLM,1,1,2,0.5
NKLP,2,1,3,0.67
NKLS,1,1,2,0.5
NKLb,1,2,3,0.33
NKLh,1,2,3,0.33
NKLj,0,0,0,
NKLl,2,1,3,0.67
NKLm,1,1,2,0.5
NKLn,0,2,2,0.0
NKLs,4,2,6,0.67
NKMB,3,3,6,0.5
NKML,2,1,3,0.67
NKMM,2,7,9,0.22
NKMN,2,1,3,0.67
NKMP,5,5,10,0.5
NKMS,4,0,4,1.0
NKMb,5,3,8,0.62
NKMh,2,1,3,0.67
NKMj,1,1,2,0.5
NKMl,1,1,2,0.5
NKMm,3,3,6,0.5
NKMn,4,8,12,0.33
NKMs,1,2,3,0.33
NKMt,0,0,0,
NKNB,3,2,5,0.6
NKNL,1,2,3,0.33
NKNM,5,2,7,0.71
NKNN,4,5,9,0.44
NKNP,4,4,8,0.5
NKNS,0,2,2,0.0
NKNb,1,2,3,0.33
NKNh,0,1,1,0.0
NKNl,0,3,3,0.0
NKNm,1,5,6,0.17
NKNn,4,3,7,0.57
NKNs,0,2,2,0.0
NKNt,0,1,1,0.0
NKPB,8,2,10,0.8
NKPH,1,1,2,0.5
NKPK,1,0,1,1.0
NKPL,2,1,3,0.67
NKPM,5,4,9,0.56
NKPN,6,2,8,0.75
NKPP,8,12,20,0.4
NKPS,1,2,3,0.33
NKPb,4,4,8,0.5
NKPh,2,0,2,1.0
NKPl,2,0,2,1.0
NKPm,5,5,10,0.5
NKPn,7,3,10,0.7
NKPs,4,2,6,0.67
NKPt,3,1,4,0.75
NKSB,4,1,5,0.8
NKSD,0,1,1,0.0
NKSH,1,0,1,1.0
NKSL,0,3,3,0.0
NKSM,0,5,5,0.0
NKSN,1,1,2,0.5
NKSP,1,1,2,0.5
NKSS,2,1,3,0.67
NKSb,3,3,6,0.5
NKSh,0,1,1,0.0
NKSl,0,0,0,
NKSm,1,1,2,0.5
NKSn,3,4,7,0.43
NKSs,1,1,2,0.5
NKSt,1,0,1,1.0
NKbB,1,2,3,0.33
NKbH,0,1,1,0.0
NKbJ,1,1,2,0.5
NKbL,1,1,2,0.5
NKbM,2,2,4,0.5
NKbN,0,1,1,0.0
NKbP,5,5,10,0.5
NKbS,1,3,4,0.25
NKbb,1,2,3,0.33
NKbl,3,4,7,0.43
NKbm,1,1,2,0.5
NKbn,1,3,4,0.25
NKbs,1,1,2,0.5
NKhB,1,5,6,0.17
NKhH,0,1,1,0.0
NKhL,2,1,3,0.67
NKhM,1,0,1,1.0
NKhN,3,1,4,0.75
NKhP,1,5,6,0.17
NKhS,3,2,5,0.6
NKhb,0,4,4,0.0
NKhh,1,0,1,1.0
NKhl,3,1,4,0.75
NKhm,2,0,2,1.0
NKhn,1,1,2,0.5
NKlB,1,1,2,0.5
NKlH,0,1,1,0.0
NKlI,1,0,1,1.0
NKlL,2,1,3,0.67
NKlM,1,4,5,0.2
NKlN,5,3,8,0.62
NKlP,2,4,6,0.33
NKlS,2,1,3,0.67
NKlb,3,1,4,0.75
NKll,0,1,1,0.0
NKlm,4,1,5,0.8
NKln,1,1,2,0.5
NKls,2,1,3,0.67
NKmB,0,0,0,
NKmD,0,1,1,0.0
NKmH,3,0,3,1.0
NKmL,0,2,2,0.0
NKmM,7,3,10,0.7
NKmN,3,1,4,0.75
NKmP,3,1,4,0.75
NKmS,4,1,5,0.8
NKmb,3,4,7,0.43
NKml,1,0,1,1.0
NKmm,2,2,4,0.5
NKmn,1,2,3,0.33
NKms,2,3,5,0.4
NKnB,0,1,1,0.0
NKnD,0,1,1,0.0
NKnH,1,4,5,0.2
NKnK,0,0,0,
NKnL,3,3,6,0.5
NKnM,4,1,5,0.8
NKnN,4,7,11,0.36
NKnP,7,3,10,0.7
NKnS,2,2,4,0.5
NKnb,3,8,11,0.27
NKnl,0,1,1,0.0
NKnm,4,3,7,0.57
NKnn,5,3,8,0.62
NKns,0,4,4,0.0
NKsB,0,2,2,0.0
NKsD,1,1,2,0.5
NKsH,3,3,6,0.5
NKsI,1,0,1,1.0
NKsM,3,4,7,0.43
NKsN,1,4,5,0.2
NKsP,5,4,9,0.56
NKsS,3,4,7,0.43
NKsb,2,0,2,1.0
NKsh,1,0,1,1.0
NKsl,2,2,4,0.5
NKsm,4,0,4,1.0
NKsn,3,3,6,0.5
NKss,4,0,4,1.0
NKtB,1,0,1,1.0
NKtM,0,1,1,0.0
NKtN,2,0,2,1.0
NKtm,1,0,1,1.0
NKtn,1,0,1,1.0
NKts,0,2,2,0.0
NLBB,12,14,26,0.46
NLBD,1,1,2,0.5
NLBH,1,0,1,1.0
NLBK,2,1,3,0.67
NLBL,1,3,4,0.25
NLBM,7,9,16,0.44
NLBN,14,21,35,0.4
NLBP,21,14,35,0.6
NLBS,4,2,6,0.67
NLBb,14,15,29,0.48
NLBh,1,4,5,0.2
NLBj,5,3,8,0.62
NLBl,6,10,16,0.38
NLBm,14,14,28,0.5
NLBn,19,18,37,0.51
NLBs,8,5,13,0.62
NLBt,1,2,3,0.33
NLDH,2,2,4,0.5
NLDL,0,0,0,
NLDP,2,1,3,0.67
NLDS,0,1,1,0.0
NLDb,0,0,0,
NLDl,0,1,1,0.0
NLDn,0,1,1,0.0
NLDs,0,1,1,0.0
NLHB,1,0,1,1.0
NLHb,1,0,1,1.0
NLHn,0,1,1,0.0
NLHs,1,0,1,1.0
NLKB,1,2,3,0.33
NLKH,0,1,1,0.0
NLKL,1,1,2,0.5
NLKM,0,1,1,0.0
NLKN,1,1,2,0.5
NLKP,2,0,2,1.0
NLKS,1,2,3,0.33
NLKh,2,0,2,1.0
NLKl,2,0,2,1.0
NLKm,2,0,2,1.0
NLKn,1,0,1,1.0
NLKt,0,1,1,0.0
NLLB,8,5,13,0.62
NLLK,0,1,1,0.0
NLLL,1,3,4,0.25
NLLM,3,4,7,0.43
NLLN,7,4,11,0.64
NLLP,8,2,10,0.8
NLLS,4,7,11,0.36
NLLb,3,6,9,0.33
NLLh,1,4,5,0.2
NLLj,5,1,6,0.83
NLLl,4,4,8,0.5
NLLm,7,4,11,0.64
NLLn,15,6,21,0.71
NLLs,3,4,7,0.43
NLLt,3,1,4,0.75
NLMB,11,10,21,0.52
NLMD,0,1,1,0.0
NLMK,0,1,1,0.0
NLML,1,4,5,0.2
NLMM,11,8,19,0.58
NLMN,10,12,22,0.45
NLMP,14,22,36,0.39
NLMS,9,8,17,0.53
NLMb,18,15,33,0.55
NLMh,6,9,15,0.4
NLMj,8,7,15,0.53
NLMl,8,5,13,0.62
NLMm,11,6,17,0.65
NLMn,23,19,42,0.55
NLMs,4,6,10,0.4
NLMt,2,3,5,0.4
NLNB,22,17,39,0.56
NLND,2,0,2,1.0
NLNH,1,2,3,0.33
NLNK,0,1,1,0.0
NLNL,5,7,12,0.42
NLNM,13,14,27,0.48
NLNN,17,17,34,0.5
NLNP,20,21,41,0.49
NLNS,10,10,20,0.5
NLNb,12,8,20,0.6
NLNh,6,4,10,0.6
NLNl,6,4,10,0.6
NLNm,13,14,27,0.48
NLNn,20,25,45,0.44
NLNs,10,12,22,0.45
NLNt,8,2,10,0.8
NLPB,13,12,25,0.52
NLPD,1,2,3,0.33
NLPH,4,1,5,0.8
NLPI,1,3,4,0.25
NLPK,1,4,5,0.2
NLPL,10,16,26,0.38
NLPM,19,19,38,0.5
NLPN,26,29,55,0.47
NLPP,30,41,71,0.42
NLPS,8,14,22,0.36
NLPb,25,20,45,0.56
NLPh,2,3,5,0.4
NLPl,12,10,22,0.55
NLPm,24,16,40,0.6
NLPn,31,23,54,0.57
NLPs,16,9,25,0.64
NLPt,3,0,3,1.0
NLSB,7,6,13,0.54
NLSD,1,1,2,0.5
NLSH,1,5,6,0.17
NLSL,1,2,3,0.33
NLSM,11,9,20,0.55
NLSN,5,6,11,0.45
NLSP,13,18,31,0.42
NLSS,9,7,16,0.56
NLSb,9,4,13,0.69
NLSh,6,6,12,0.5
NLSl,7,3,10,0.7
NLSm,8,4,12,0.67
NLSn,11,10,21,0.52
NLSs,12,6,18,0.67
NLSt,1,1,2,0.5
NLbB,9,6,15,0.6
NLbD,1,0,1,1.0
NLbH,3,4,7,0.43
NLbI,1,2,3,0.33
NLbJ,5,1,6,0.83
NLbK,0,1,1,0.0
NLbL,7,4,11,0.64
NLbM,12,13,25,0.48
NLbN,22,23,45,0.49
NLbP,22,18,40,0.55
NLbS,13,10,23,0.57
NLbb,17,15,32,0.53
NLbl,17,4,21,0.81
NLbm,9,11,20,0.45
NLbn,20,17,37,0.54
NLbs,8,6,14,0.57
NLhB,3,8,11,0.27
NLhD,0,2,2,0.0
NLhH,1,2,3,0.33
NLhK,0,0,0,
NLhL,7,2,9,0.78
NLhM,8,5,13,0.62
NLhN,5,4,9,0.56
NLhP,5,17,22,0.23
NLhS,6,5,11,0.55
NLhb,6,9,15,0.4
NLhh,4,7,11,0.36
NLhl,3,3,6,0.5
NLhm,6,4,10,0.6
NLhn,3,5,8,0.38
NLhs,5,5,10,0.5
NLht,0,2,2,0.0
NLjB,4,4,8,0.5
NLjH,0,3,3,0.0
NLjI,1,1,2,0.5
NLjL,3,1,4,0.75
NLjM,3,4,7,0.43
NLjN,1,5,6,0.17
NLjP,6,5,11,0.55
NLjS,3,2,5,0.6
NLjb,4,12,16,0.25
NLjh,2,1,3,0.67
NLjl,5,2,7,0.71
NLjm,6,3,9,0.67
NLjn,3,7,10,0.3
NLjs,1,2,3,0.33
NLlB,7,4,11,0.64
NLlD,0,2,2,0.0
NLlH,5,5,10,0.5
NLlI,1,1,2,0.5
NLlJ,2,2,4,0.5
NLlK,0,2,2,0.0
NLlL,4,3,7,0.57
NLlM,7,8,15,0.47
NLlN,8,11,19,0.42
NLlP,6,7,13,0.46
NLlS,4,4,8,0.5
NLlb,6,12,18,0.33
NLll,2,3,5,0.4
NLlm,6,4,10,0.6
NLln,9,5,14,0.64
NLls,6,4,10,0.6
NLmB,6,9,15,0.4
NLmD,0,0,0,
NLmH,6,13,19,0.32
NLmI,1,1,2,0.5
NLmJ,2,1,3,0.67
NLmL,5,1,6,0.83
NLmM,13,11,24,0.54
NLmN,16,13,29,0.55
NLmP,15,19,34,0.44
NLmS,14,6,20,0.7
NLmb,9,12,21,0.43
NLml,2,4,6,0.33
NLmm,9,5,14,0.64
NLmn,10,11,21,0.48
NLms,7,5,12,0.58
NLnB,14,16,30,0.47
NLnD,1,0,1,1.0
NLnH,10,8,18,0.56
NLnI,2,2,4,0.5
NLnK,2,0,2,1.0
NLnL,7,8,15,0.47
NLnM,16,20,36,0.44
NLnN,31,26,57,0.54
NLnP,44,36,80,0.55
NLnS,21,14,35,0.6
NLnb,17,22,39,0.44
NLnh,2,2,4,0.5
NLnl,9,16,25,0.36
NLnm,18,15,33,0.55
NLnn,28,26,54,0.52
NLns,23,13,36,0.64
NLsB,6,5,11,0.55
NLsD,1,1,2,0.5
NLsH,8,11,19,0.42
NLsI,4,0,4,1.0
NLsL,2,2,4,0.5
NLsM,9,6,15,0.6
NLsN,8,8,16,0.5
NLsP,18,11,29,0.62
NLsS,6,10,16,0.38
NLsb,12,6,18,0.67
NLsh,0,2,2,0.0
NLsl,4,2,6,0.67
NLsm,5,3,8,0.62
NLsn,8,7,15,0.53
NLss,8,10,18,0.44
NLtB,1,2,3,0.33
NLtH,2,2,4,0.5
NLtI,0,0,0,
NLtK,0,1,1,0.0
NLtL,1,0,1,1.0
NLtM,7,0,7,1.0
NLtN,3,2,5,0.6
NLtP,2,4,6,0.33
NLtS,1,2,3,0.33
NLtb,3,5,8,0.38
NLtl,0,2,2,0.0
NLtm,4,0,4,1.0
NLtn,4,3,7,0.57
NLts,1,2,3,0.33
NLtt,0,0,0,
NMBB,28,32,60,0.47
NMBD,1,1,2,0.5
NMBH,1,0,1,1.0
NMBK,1,1,2,0.5
NMBL,10,9,19,0.53
NMBM,33,29,62,0.53
NMBN,29,46,75,0.39
NMBP,42,48,90,0.47
NMBS,5,21,26,0.19
NMBb,38,36,74,0.51
NMBh,3,1,4,0.75
NMBj,14,14,28,0.5
NMBl,11,15,26,0.42
NMBm,26,22,48,0.54
NMBn,31,62,93,0.33
NMBs,12,9,21,0.57
NMBt,6,9,15,0.4
NMDB,1,1,2,0.5
NMDH,2,2,4,0.5
NMDI,0,1,1,0.0
NMDL,1,0,1,1.0
NMDM,1,4,5,0.2
NMDN,2,3,5,0.4
NMDP,1,2,3,0.33
NMDS,1,3,4,0.25
NMDb,2,4,6,0.33
NMDh,1,0,1,1.0
NMDl,0,1,1,0.0
NMDm,1,2,3,0.33
NMDn,0,1,1,0.0
NMDs,1,2,3,0.33
NMHH,1,0,1,1.0
NMHP,0,1,1,0.0
NMKM,0,1,1,0.0
NMKh,1,0,1,1.0
NMKl,0,0,0,
NMKm,0,0,0,
NMLB,12,15,27,0.44
NMLD,4,1,5,0.8
NMLK,1,0,1,1.0
NMLL,1,8,9,0.11
NMLM,8,12,20,0.4
NMLN,12,18,30,0.4
NMLP,20,24,44,0.45
NMLS,5,6,11,0.45
NMLb,14,10,24,0.58
NMLh,5,12,17,0.29
NMLj,2,6,8,0.25
NMLl,9,4,13,0.69
NMLm,12,11,23,0.52
NMLn,18,19,37,0.49
NMLs,4,3,7,0.57
NMLt,1,5,6,0.17
NMMB,35,40,75,0.47
NMMD,2,3,5,0.4
NMMH,0,1,1,0.0
NMMK,0,0,0,
NMML,11,15,26,0.42
NMMM,27,28,55,0.49
NMMN,42,39,81,0.52
NMMP,43,37,80,0.54
NMMS,12,10,22,0.55
NMMb,36,41,77,0.47
NMMh,21,24,45,0.47
NMMj,14,8,22,0.64
NMMl,9,15,24,0.38
NMMm,32,22,54,0.59
NMMn,57,59,116,0.49
NMMs,20,14,34,0.59
NMMt,4,4,8,0.5
NMNB,26,18,44,0.59
NMND,1,6,7,0.14
NMNH,9,2,11,0.82
NMNK,6,2,8,0.75
NMNL,5,11,16,0.31
NMNM,34,36,70,0.49
NMNN,51,46,97,0.53
NMNP,74,77,151,0.49
NMNS,26,22,48,0.54
NMNb,38,34,72,0.53
NMNh,8,17,25,0.32
NMNl,13,15,28,0.46
NMNm,28,29,57,0.49
NMNn,72,62,134,0.54
NMNs,19,23,42,0.45
NMNt,7,10,17,0.41
NMPB,38,48,86,0.44
NMPD,3,2,5,0.6
NMPH,12,13,25,0.48
NMPI,2,3,5,0.4
NMPK,4,6,10,0.4
NMPL,7,36,43,0.16
NMPM,49,34,83,0.59
NMPN,46,71,117,0.39
NMPP,100,102,202,0.5
NMPS,32,45,77,0.42
NMPb,47,65,112,0.42
NMPh,5,6,11,0.45
NMPl,29,23,52,0.56
NMPm,40,33,73,0.55
NMPn,64,62,126,0.51
NMPs,37,32,69,0.54
NMPt,3,7,10,0.3
NMSB,12,14,26,0.46
NMSD,0,1,1,0.0
NMSH,6,11,17,0.35
NMSL,6,9,15,0.4
NMSM,18,22,40,0.45
NMSN,15,21,36,0.42
NMSP,36,31,67,0.54
NMSS,23,15,38,0.61
NMSb,31,21,52,0.6
NMSh,12,15,27,0.44
NMSl,3,12,15,0.2
NMSm,14,14,28,0.5
NMSn,32,28,60,0.53
NMSs,15,21,36,0.42
NMSt,1,3,4,0.25
NMbB,30,31,61,0.49
NMbD,7,3,10,0.7
NMbH,19,22,41,0.46
NMbI,3,4,7,0.43
NMbJ,16,4,20,0.8
NMbK,4,2,6,0.67
NMbL,17,14,31,0.55
NMbM,31,35,66,0.47
NMbN,71,59,130,0.55
NMbP,51,45,96,0.53
NMbS,30,29,59,0.51
NMbb,42,38,80,0.52
NMbl,11,16,27,0.41
NMbm,33,25,58,0.57
NMbn,50,67,117,0.43
NMbs,23,22,45,0.51
NMhB,27,25,52,0.52
NMhD,2,2,4,0.5
NMhH,9,6,15,0.6
NMhI,1,0,1,1.0
NMhL,8,6,14,0.57
NMhM,32,33,65,0.49
NMhN,29,25,54,0.54
NMhP,50,46,96,0.52
NMhS,27,22,49,0.55
NMhb,34,20,54,0.63
NMhh,19,27,46,0.41
NMhl,7,15,22,0.32
NMhm,23,19,42,0.55
NMhn,35,38,73,0.48
NMhs,22,23,45,0.49
NMht,3,4,7,0.43
NMjB,10,10,20,0.5
NMjD,2,0,2,1.0
NMjH,5,6,11,0.45
NMjK,2,3,5,0.4
NMjL,6,1,7,0.86
NMjM,7,12,19,0.37
NMjN,11,10,21,0.52
NMjP,15,19,34,0.44
NMjS,6,9,15,0.4
NMjb,15,14,29,0.52
NMjh,1,0,1,1.0
NMjl,5,2,7,0.71
NMjm,12,7,19,0.63
NMjn,10,13,23,0.43
NMjs,5,6,11,0.45
NMjt,3,2,5,0.6
NMlB,13,15,28,0.46
NMlH,11,10,21,0.52
NMlI,0,1,1,0.0
NMlJ,5,2,7,0.71
NMlL,8,5,13,0.62
NMlM,18,24,42,0.43
NMlN,21,31,52,0.4
NMlP,22,26,48,0.46
NMlS,9,11,20,0.45
NMlb,17,10,27,0.63
NMll,6,7,13,0.46
NMlm,13,7,20,0.65
NMln,19,20,39,0.49
NMls,8,6,14,0.57
NMmB,23,34,57,0.4
NMmD,1,3,4,0.25
NMmH,24,34,58,0.41
NMmI,0,3,3,0.0
NMmJ,5,7,12,0.42
NMmK,2,1,3,0.67
NMmL,9,9,18,0.5
NMmM,25,36,61,0.41
NMmN,48,41,89,0.54
NMmP,53,34,87,0.61
NMmS,20,12,32,0.62
NMmb,33,39,72,0.46
NMml,8,8,16,0.5
NMmm,26,31,57,0.46
NMmn,47,34,81,0.58
NMms,17,22,39,0.44
NMnB,43,36,79,0.54
NMnD,3,2,5,0.6
NMnH,35,34,69,0.51
NMnI,7,3,10,0.7
NMnK,10,7,17,0.59
NMnL,17,20,37,0.46
NMnM,55,49,104,0.53
NMnN,81,101,182,0.45
NMnP,106,105,211,0.5
NMnS,41,61,102,0.4
NMnb,56,59,115,0.49
NMnh,1,3,4,0.25
NMnl,26,15,41,0.63
NMnm,56,32,88,0.64
NMnn,89,68,157,0.57
NMns,36,33,69,0.52
NMsB,21,13,34,0.62
NMsD,1,0,1,1.0
NMsH,19,22,41,0.46
NMsI,2,1,3,0.67
NMsL,3,6,9,0.33
NMsM,24,17,41,0.59
NMsN,26,25,51,0.51
NMsP,25,36,61,0.41
NMsS,18,29,47,0.38
NMsb,13,16,29,0.45
NMsl,12,10,22,0.55
NMsm,23,15,38,0.61
NMsn,24,26,50,0.48
NMss,14,21,35,0.4
NMtB,2,4,6,0.33
NMtD,0,1,1,0.0
NMtH,1,6,7,0.14
NMtK,1,0,1,1.0
NMtL,5,1,6,0.83
NMtM,10,5,15,0.67
NMtN,9,7,16,0.56
NMtP,10,15,25,0.4
NMtS,4,3,7,0.57
NMtb,12,6,18,0.67
NMtl,2,1,3,0.67
NMtm,7,4,11,0.64
NMtn,8,9,17,0.47
NMts,3,1,4,0.75
NMtt,0,3,3,0.0
NNBB,23,30,53,0.43
NNBD,1,2,3,0.33
NNBH,0,1,1,0.0
NNBK,2,4,6,0.33
NNBL,15,14,29,0.52
NNBM,18,34,52,0.35
NNBN,36,43,79,0.46
NNBP,41,49,90,0.46
NNBS,12,17,29,0.41
NNBb,40,41,81,0.49
NNBh,2,3,5,0.4
NNBj,18,17,35,0.51
NNBl,13,12,25,0.52
NNBm,29,25,54,0.54
NNBn,49,55,104,0.47
NNBs,18,16,34,0.53
NNBt,11,3,14,0.79
NNDB,3,2,5,0.6
NNDD,2,0,2,1.0
NNDH,3,9,12,0.25
NNDL,1,0,1,1.0
NNDM,4,3,7,0.57
NNDN,7,3,10,0.7
NNDP,5,9,14,0.36
NNDS,3,2,5,0.6
NNDb,4,3,7,0.57
NNDl,2,0,2,1.0
NNDm,4,2,6,0.67
NNDn,2,1,3,0.67
NNDs,1,4,5,0.2
NNHB,5,5,10,0.5
NNHH,3,1,4,0.75
NNHI,1,0,1,1.0
NNHK,0,2,2,0.0
NNHL,5,4,9,0.56
NNHM,8,10,18,0.44
NNHN,4,7,11,0.36
NNHP,9,8,17,0.53
NNHS,5,9,14,0.36
NNHb,4,7,11,0.36
NNHh,2,0,2,1.0
NNHl,4,3,7,0.57
NNHm,5,4,9,0.56
NNHn,9,11,20,0.45
NNHs,1,2,3,0.33
NNHt,0,1,1,0.0
NNIM,0,1,1,0.0
NNIP,1,0,1,1.0
NNIn,0,1,1,0.0
NNIs,1,0,1,1.0
NNKB,3,0,3,1.0
NNKH,0,0,0,
NNKI,0,0,0,
NNKL,2,1,3,0.67
NNKM,4,4,8,0.5
NNKN,1,2,3,0.33
NNKP,2,8,10,0.2
NNKS,1,3,4,0.25
NNKb,3,5,8,0.38
NNKh,3,4,7,0.43
NNKl,3,1,4,0.75
NNKm,0,2,2,0.0
NNKn,6,2,8,0.75
NNKs,5,3,8,0.62
NNKt,1,1,2,0.5
NNLB,17,22,39,0.44
NNLK,1,3,4,0.25
NNLL,4,6,10,0.4
NNLM,8,17,25,0.32
NNLN,18,19,37,0.49
NNLP,16,22,38,0.42
NNLS,5,11,16,0.31
NNLb,19,16,35,0.54
NNLh,6,4,10,0.6
NNLj,3,8,11,0.27
NNLl,6,6,12,0.5
NNLm,15,8,23,0.65
NNLn,31,23,54,0.57
NNLs,17,5,22,0.77
NNLt,3,4,7,0.43
NNMB,28,37,65,0.43
NNMD,3,5,8,0.38
NNMH,0,0,0,
NNMK,0,1,1,0.0
NNML,17,10,27,0.63
NNMM,39,42,81,0.48
NNMN,49,47,96,0.51
NNMP,56,53,109,0.51
NNMS,20,27,47,0.43
NNMb,27,45,72,0.38
NNMh,35,29,64,0.55
NNMj,7,12,19,0.37
NNMl,13,13,26,0.5
NNMm,35,34,69,0.51
NNMn,70,70,140,0.5
NNMs,22,17,39,0.56
NNMt,9,12,21,0.43
NNNB,37,35,72,0.51
NNND,3,3,6,0.5
NNNH,7,10,17,0.41
NNNK,3,8,11,0.27
NNNL,20,19,39,0.51
NNNM,51,51,102,0.5
NNNN,90,80,170,0.53
NNNP,118,113,231,0.51
NNNS,37,42,79,0.47
NNNb,54,50,104,0.52
NNNh,30,26,56,0.54
NNNl,13,24,37,0.35
NNNm,39,40,79,0.49
NNNn,102,97,199,0.51
NNNs,43,40,83,0.52
NNNt,9,8,17,0.53
NNPB,55,46,101,0.54
NNPD,3,3,6,0.5
NNPH,17,25,42,0.4
NNPI,6,5,11,0.55
NNPK,8,14,22,0.36
NNPL,27,35,62,0.44
NNPM,70,72,142,0.49
NNPN,80,83,163,0.49
NNPP,120,129,249,0.48
NNPS,61,72,133,0.46
NNPb,83,85,168,0.49
NNPh,8,9,17,0.47
NNPl,57,46,103,0.55
NNPm,79,66,145,0.54
NNPn,101,67,168,0.6
NNPs,59,58,117,0.5
NNPt,7,14,21,0.33
NNSB,18,21,39,0.46
NNSD,1,3,4,0.25
NNSH,10,13,23,0.43
NNSI,0,1,1,0.0
NNSK,3,2,5,0.6
NNSL,14,7,21,0.67
NNSM,21,33,54,0.39
NNSN,33,40,73,0.45
NNSP,56,47,103,0.54
NNSS,19,37,56,0.34
NNSb,35,23,58,0.6
NNSh,18,24,42,0.43
NNSl,12,10,22,0.55
NNSm,28,26,54,0.52
NNSn,56,35,91,0.62
NNSs,30,32,62,0.48
NNSt,9,3,12,0.75
NNbB,30,30,60,0.5
NNbD,4,4,8,0.5
NNbH,16,18,34,0.47
NNbI,7,2,9,0.78
NNbJ,15,7,22,0.68
NNbK,4,6,10,0.4
NNbL,20,21,41,0.49
NNbM,40,55,95,0.42
NNbN,50,66,116,0.43
NNbP,69,70,139,0.5
NNbS,27,21,48,0.56
NNbb,52,25,77,0.68
NNbl,19,16,35,0.54
NNbm,26,29,55,0.47
NNbn,66,37,103,0.64
NNbs,21,22,43,0.49
NNhB,14,11,25,0.56
NNhD,1,1,2,0.5
NNhH,4,5,9,0.44
NNhI,3,1,4,0.75
NNhL,5,8,13,0.38
NNhM,28,15,43,0.65
NNhN,22,12,34,0.65
NNhP,23,23,46,0.5
NNhS,26,12,38,0.68
NNhb,20,20,40,0.5
NNhh,7,18,25,0.28
NNhl,14,7,21,0.67
NNhm,19,12,31,0.61
NNhn,22,28,50,0.44
NNhs,17,17,34,0.5
NNht,4,1,5,0.8
NNlB,13,13,26,0.5
NNlD,1,1,2,0.5
NNlH,18,11,29,0.62
NNlI,1,5,6,0.17
NNlJ,2,10,12,0.17
NNlK,2,3,5,0.4
NNlL,6,5,11,0.55
NNlM,19,13,32,0.59
NNlN,22,21,43,0.51
NNlP,25,29,54,0.46
NNlS,13,15,28,0.46
NNlb,20,22,42,0.48
NNll,11,9,20,0.55
NNlm,16,13,29,0.55
NNln,20,17,37,0.54
NNls,14,19,33,0.42
NNmB,26,23,49,0.53
NNmD,2,5,7,0.29
NNmH,28,35,63,0.44
NNmI,5,2,7,0.71
NNmJ,14,7,21,0.67
NNmL,16,10,26,0.62
NNmM,40,46,86,0.47
NNmN,52,44,96,0.54
NNmP,55,45,100,0.55
NNmS,15,25,40,0.38
NNmb,29,29,58,0.5
NNml,15,12,27,0.56
NNmm,26,25,51,0.51
NNmn,30,43,73,0.41
NNms,26,20,46,0.57
NNnB,49,52,101,0.49
NNnD,7,3,10,0.7
NNnH,41,45,86,0.48
NNnI,8,9,17,0.47
NNnK,3,4,7,0.43
NNnL,23,26,49,0.47
NNnM,46,67,113,0.41
NNnN,114,96,210,0.54
NNnP,113,131,244,0.46
NNnS,50,56,106,0.47
NNnb,82,59,141,0.58
NNnh,0,2,2,0.0
NNnl,23,23,46,0.5
NNnm,61,53,114,0.54
NNnn,88,87,175,0.5
NNns,50,38,88,0.57
NNnt,1,0,1,1.0
NNsB,19,15,34,0.56
NNsD,6,5,11,0.55
NNsH,30,36,66,0.45
NNsI,7,4,11,0.64
NNsK,1,4,5,0.2
NNsL,10,11,21,0.48
NNsM,28,31,59,0.47
NNsN,43,40,83,0.52
NNsP,44,46,90,0.49
NNsS,40,28,68,0.59
NNsb,29,34,63,0.46
NNsh,1,1,2,0.5
NNsl,13,13,26,0.5
NNsm,27,23,50,0.54
NNsn,37,35,72,0.51
NNss,18,25,43,0.42
NNst,0,1,1,0.0
NNtB,11,6,17,0.65
NNtD,0,2,2,0.0
NNtH,8,4,12,0.67
NNtK,1,0,1,1.0
NNtL,5,2,7,0.71
NNtM,11,13,24,0.46
NNtN,11,12,23,0.48
NNtP,10,24,34,0.29
NNtS,10,7,17,0.59
NNtb,9,5,14,0.64
NNth,0,1,1,0.0
NNtl,4,1,5,0.8
NNtm,10,10,20,0.5
NNtn,16,11,27,0.59
NNts,5,1,6,0.83
NNtt,2,2,4,0.5
NPBB,35,50,85,0.41
NPBD,2,2,4,0.5
NPBH,1,0,1,1.0
NPBK,1,4,5,0.2
NPBL,17,23,40,0.42
NPBM,36,53,89,0.4
NPBN,52,47,99,0.53
NPBP,71,80,151,0.47
NPBS,35,25,60,0.58
NPBb,49,51,100,0.49
NPBh,8,5,13,0.62
NPBj,22,17,39,0.56
NPBl,32,19,51,0.63
NPBm,39,33,72,0.54
NPBn,57,54,111,0.51
NPBs,25,20,45,0.56
NPBt,10,10,20,0.5
NPDB,0,1,1,0.0
NPDD,0,0,0,
NPDH,5,4,9,0.56
NPDL,2,1,3,0.67
NPDM,4,3,7,0.57
NPDN,2,3,5,0.4
NPDP,7,9,16,0.44
NPDS,4,7,11,0.36
NPDb,2,0,2,1.0
NPDl,2,2,4,0.5
NPDm,4,3,7,0.57
NPDn,4,3,7,0.57
NPDs,1,2,3,0.33
NPDt,1,1,2,0.5
NPHB,20,18,38,0.53
NPHD,1,1,2,0.5
NPHH,2,2,4,0.5
NPHI,2,1,3,0.67
NPHK,1,3,4,0.25
NPHL,7,11,18,0.39
NPHM,19,22,41,0.46
NPHN,24,23,47,0.51
NPHP,30,34,64,0.47
NPHS,15,18,33,0.45
NPHb,17,16,33,0.52
NPHh,6,6,12,0.5
NPHl,9,10,19,0.47
NPHm,15,10,25,0.6
NPHn,29,15,44,0.66
NPHs,13,21,34,0.38
NPHt,0,1,1,0.0
NPIB,5,6,11,0.45
NPID,1,0,1,1.0
NPIH,3,5,8,0.38
NPII,1,0,1,1.0
NPIK,0,1,1,0.0
NPIL,1,3,4,0.25
NPIM,6,2,8,0.75
NPIN,6,5,11,0.55
NPIP,5,9,14,0.36
NPIS,1,1,2,0.5
NPIb,7,6,13,0.54
NPIl,3,3,6,0.5
NPIm,3,6,9,0.33
NPIn,2,3,5,0.4
NPIs,4,3,7,0.57
NPKB,6,4,10,0.6
NPKD,0,1,1,0.0
NPKH,1,0,1,1.0
NPKL,3,3,6,0.5
NPKM,9,10,19,0.47
NPKN,4,5,9,0.44
NPKP,10,11,21,0.48
NPKS,4,3,7,0.57
NPKb,4,5,9,0.44
NPKh,2,5,7,0.29
NPKl,8,3,11,0.73
NPKm,7,9,16,0.44
NPKn,4,14,18,0.22
NPKs,4,9,13,0.31
NPLB,29,23,52,0.56
NPLD,0,1,1,0.0
NPLH,3,0,3,1.0
NPLK,3,1,4,0.75
NPLL,9,10,19,0.47
NPLM,23,31,54,0.43
NPLN,24,32,56,0.43
NPLP,38,39,77,0.49
NPLS,23,14,37,0.62
NPLb,37,33,70,0.53
NPLh,12,12,24,0.5
NPLj,9,8,17,0.53
NPLl,9,18,27,0.33
NPLm,30,21,51,0.59
NPLn,36,38,74,0.49
NPLs,16,15,31,0.52
NPLt,8,5,13,0.62
NPMB,57,49,106,0.54
NPMD,3,4,7,0.43
NPML,25,16,41,0.61
NPMM,52,71,123,0.42
NPMN,54,60,114,0.47
NPMP,87,93,180,0.48
NPMS,31,49,80,0.39
NPMb,68,76,144,0.47
NPMh,50,49,99,0.51
NPMj,14,19,33,0.42
NPMl,40,33,73,0.55
NPMm,59,48,107,0.55
NPMn,92,101,193,0.48
NPMs,45,52,97,0.46
NPMt,9,12,21,0.43
NPNB,43,61,104,0.41
NPND,5,10,15,0.33
NPNH,13,13,26,0.5
NPNI,0,1,1,0.0
NPNK,10,5,15,0.67
NPNL,21,26,47,0.45
NPNM,61,80,141,0.43
NPNN,88,92,180,0.49
NPNP,137,123,260,0.53
NPNS,67,43,110,0.61
NPNb,67,64,131,0.51
NPNh,31,31,62,0.5
NPNl,51,34,85,0.6
NPNm,64,52,116,0.55
NPNn,96,105,201,0.48
NPNs,53,64,117,0.45
NPNt,5,13,18,0.28
NPPB,77,67,144,0.53
NPPD,6,10,16,0.38
NPPH,24,33,57,0.42
NPPI,11,7,18,0.61
NPPK,6,13,19,0.32
NPPL,56,48,104,0.54
NPPM,114,104,218,0.52
NPPN,117,97,214,0.55
NPPP,195,172,367,0.53
NPPS,81,81,162,0.5
NPPb,103,98,201,0.51
NPPh,17,11,28,0.61
NPPl,78,63,141,0.55
NPPm,105,67,172,0.61
NPPn,103,106,209,0.49
NPPs,82,78,160,0.51
NPPt,21,7,28,0.75
NPSB,34,33,67,0.51
NPSD,2,2,4,0.5
NPSH,13,11,24,0.54
NPSI,0,1,1,0.0
NPSK,0,1,1,0.0
NPSL,21,30,51,0.41
NPSM,56,53,109,0.51
NPSN,54,60,114,0.47
NPSP,74,90,164,0.45
NPSS,35,52,87,0.4
NPSb,58,48,106,0.55
NPSh,31,30,61,0.51
NPSl,28,22,50,0.56
NPSm,54,36,90,0.6
NPSn,71,68,139,0.51
NPSs,40,48,88,0.45
NPSt,6,9,15,0.4
NPbB,59,50,109,0.54
NPbD,6,3,9,0.67
NPbH,15,23,38,0.39
NPbI,6,11,17,0.35
NPbJ,19,19,38,0.5
NPbK,8,8,16,0.5
NPbL,26,25,51,0.51
NPbM,78,79,157,0.5
NPbN,82,71,153,0.54
NPbP,94,111,205,0.46
NPbS,41,48,89,0.46
NPbb,94,74,168,0.56
NPbh,1,0,1,1.0
NPbl,35,39,74,0.47
NPbm,69,39,108,0.64
NPbn,57,73,130,0.44
NPbs,33,42,75,0.44
NPhB,5,8,13,0.38
NPhD,2,0,2,1.0
NPhH,3,0,3,1.0
NPhL,4,6,10,0.4
NPhM,4,8,12,0.33
NPhN,5,3,8,0.62
NPhP,16,15,31,0.52
NPhS,10,3,13,0.77
NPhb,7,5,12,0.58
NPhh,7,7,14,0.5
NPhl,5,6,11,0.45
NPhm,13,8,21,0.62
NPhn,8,10,18,0.44
NPhs,9,11,20,0.45
NPht,2,2,4,0.5
NPlB,24,30,54,0.44
NPlD,3,1,4,0.75
NPlH,17,16,33,0.52
NPlI,7,4,11,0.64
NPlJ,12,10,22,0.55
NPlK,5,0,5,1.0
NPlL,22,23,45,0.49
NPlM,34,43,77,0.44
NPlN,44,42,86,0.51
NPlP,41,51,92,0.45
NPlS,26,31,57,0.46
NPlb,42,29,71,0.59
NPll,16,15,31,0.52
NPlm,26,26,52,0.5
NPln,34,33,67,0.51
NPls,16,24,40,0.4
NPmB,41,37,78,0.53
NPmD,3,5,8,0.38
NPmH,31,41,72,0.43
NPmI,4,2,6,0.67
NPmJ,15,12,27,0.56
NPmK,1,0,1,1.0
NPmL,30,23,53,0.57
NPmM,66,64,130,0.51
NPmN,77,77,154,0.5
NPmP,74,67,141,0.52
NPmS,33,43,76,0.43
NPmb,58,64,122,0.48
NPml,28,32,60,0.47
NPmm,47,32,79,0.59
NPmn,46,42,88,0.52
NPms,18,38,56,0.32
NPmt,1,0,1,1.0
NPnB,52,54,106,0.49
NPnD,5,6,11,0.45
NPnH,31,37,68,0.46
NPnI,9,14,23,0.39
NPnK,7,9,16,0.44
NPnL,31,26,57,0.54
NPnM,67,72,139,0.48
NPnN,81,105,186,0.44
NPnP,124,115,239,0.52
NPnS,49,60,109,0.45
NPnb,85,69,154,0.55
NPnh,9,5,14,0.64
NPnl,35,32,67,0.52
NPnm,75,51,126,0.6
NPnn,66,77,143,0.46
NPns,73,47,120,0.61
NPnt,0,1,1,0.0
NPsB,30,27,57,0.53
NPsD,6,4,10,0.6
NPsH,39,41,80,0.49
NPsI,10,3,13,0.77
NPsK,2,1,3,0.67
NPsL,31,21,52,0.6
NPsM,35,54,89,0.39
NPsN,59,42,101,0.58
NPsP,79,70,149,0.53
NPsS,45,61,106,0.42
NPsb,48,33,81,0.59
NPsh,3,1,4,0.75
NPsl,22,17,39,0.56
NPsm,43,40,83,0.52
NPsn,38,49,87,0.44
NPss,40,49,89,0.45
NPtB,11,7,18,0.61
NPtH,1,5,6,0.17
NPtI,0,1,1,0.0
NPtK,0,1,1,0.0
NPtL,7,2,9,0.78
NPtM,6,9,15,0.4
NPtN,7,6,13,0.54
NPtP,10,11,21,0.48
NPtS,4,7,11,0.36
NPtb,10,8,18,0.56
NPtl,1,5,6,0.17
NPtm,16,4,20,0.8
NPtn,6,4,10,0.6
NPts,4,4,8,0.5
NPtt,2,0,2,1.0
NSBB,9,16,25,0.36
NSBK,2,2,4,0.5
NSBL,6,10,16,0.38
NSBM,15,17,32,0.47
NSBN,19,28,47,0.4
NSBP,26,33,59,0.44
NSBS,8,11,19,0.42
NSBb,31,18,49,0.63
NSBh,4,8,12,0.33
NSBj,6,9,15,0.4
NSBl,6,4,10,0.6
NSBm,12,13,25,0.48
NSBn,27,25,52,0.52
NSBs,11,13,24,0.46
NSBt,4,3,7,0.57
NSDB,3,3,6,0.5
NSDH,1,1,2,0.5
NSDI,0,0,0,
NSDL,1,2,3,0.33
NSDM,2,3,5,0.4
NSDN,5,0,5,1.0
NSDP,4,2,6,0.67
NSDS,3,2,5,0.6
NSDb,3,1,4,0.75
NSDm,0,3,3,0.0
NSDn,6,4,10,0.6
NSDs,2,1,3,0.67
NSDt,0,1,1,0.0
NSHB,4,5,9,0.44
NSHD,2,1,3,0.67
NSHH,2,2,4,0.5
NSHI,1,0,1,1.0
NSHK,1,0,1,1.0
NSHL,3,4,7,0.43
NSHM,6,7,13,0.46
NSHN,13,12,25,0.52
NSHP,7,11,18,0.39
NSHS,14,9,23,0.61
NSHb,9,11,20,0.45
NSHh,3,7,10,0.3
NSHl,6,4,10,0.6
NSHm,14,5,19,0.74
NSHn,12,4,16,0.75
NSHs,6,12,18,0.33
NSHt,1,1,2,0.5
NSIB,0,0,0,
NSIH,0,1,1,0.0
NSIK,1,0,1,1.0
NSIM,0,1,1,0.0
NSIb,0,0,0,
NSKB,3,1,4,0.75
NSKN,1,0,1,1.0
NSKP,3,1,4,0.75
NSKS,1,0,1,1.0
NSKb,1,0,1,1.0
NSKh,1,0,1,1.0
NSKl,0,1,1,0.0
NSKm,0,1,1,0.0
NSKs,0,1,1,0.0
NSLB,5,8,13,0.38
NSLD,1,1,2,0.5
NSLL,1,10,11,0.09
NSLM,11,8,19,0.58
NSLN,10,14,24,0.42
NSLP,12,16,28,0.43
NSLS,6,7,13,0.46
NSLb,8,15,23,0.35
NSLh,4,5,9,0.44
NSLj,2,3,5,0.4
NSLl,5,8,13,0.38
NSLm,9,9,18,0.5
NSLn,15,12,27,0.56
NSLs,13,6,19,0.68
NSLt,3,2,5,0.6
NSMB,30,18,48,0.62
NSMD,4,3,7,0.57
NSMK,0,1,1,0.0
NSML,12,11,23,0.52
NSMM,23,27,50,0.46
NSMN,28,23,51,0.55
NSMP,35,39,74,0.47
NSMS,19,21,40,0.48
NSMb,30,37,67,0.45
NSMh,21,21,42,0.5
NSMj,11,5,16,0.69
NSMl,11,14,25,0.44
NSMm,28,17,45,0.62
NSMn,47,34,81,0.58
NSMs,16,11,27,0.59
NSMt,2,7,9,0.22
NSNB,11,14,25,0.44
NSND,1,3,4,0.25
NSNH,2,11,13,0.15
NSNI,1,0,1,1.0
NSNK,2,3,5,0.4
NSNL,7,4,11,0.64
NSNM,22,31,53,0.42
NSNN,45,28,73,0.62
NSNP,58,59,117,0.5
NSNS,29,25,54,0.54
NSNb,27,24,51,0.53
NSNh,12,15,27,0.44
NSNl,11,8,19,0.58
NSNm,19,21,40,0.48
NSNn,41,39,80,0.51
NSNs,22,25,47,0.47
NSNt,8,6,14,0.57
NSPB,38,28,66,0.58
NSPD,3,2,5,0.6
NSPH,12,13,25,0.48
NSPI,2,4,6,0.33
NSPK,3,3,6,0.5
NSPL,14,10,24,0.58
NSPM,39,55,94,0.41
NSPN,44,49,93,0.47
NSPP,73,61,134,0.54
NSPS,31,43,74,0.42
NSPb,41,52,93,0.44
NSPh,4,4,8,0.5
NSPl,21,19,40,0.52
NSPm,41,24,65,0.63
NSPn,55,52,107,0.51
NSPs,38,27,65,0.58
NSPt,6,3,9,0.67
NSSB,19,15,34,0.56
NSSD,0,1,1,0.0
NSSH,9,7,16,0.56
NSSK,0,2,2,0.0
NSSL,13,12,25,0.52
NSSM,20,30,50,0.4
NSSN,18,26,44,0.41
NSSP,34,34,68,0.5
NSSS,30,20,50,0.6
NSSb,16,17,33,0.48
NSSh,20,11,31,0.65
NSSl,11,14,25,0.44
NSSm,23,16,39,0.59
NSSn,35,24,59,0.59
NSSs,24,33,57,0.42
NSSt,2,2,4,0.5
NSbB,17,17,34,0.5
NSbD,1,2,3,0.33
NSbH,5,7,12,0.42
NSbI,1,0,1,1.0
NSbJ,9,6,15,0.6
NSbK,2,2,4,0.5
NSbL,6,6,12,0.5
NSbM,34,26,60,0.57
NSbN,32,33,65,0.49
NSbP,39,36,75,0.52
NSbS,25,16,41,0.61
NSbb,34,32,66,0.52
NSbl,14,8,22,0.64
NSbm,21,12,33,0.64
NSbn,33,32,65,0.51
NSbs,17,13,30,0.57
NShB,22,6,28,0.79
NShD,4,2,6,0.67
NShH,6,6,12,0.5
NShI,1,1,2,0.5
NShK,1,0,1,1.0
NShL,1,8,9,0.11
NShM,20,23,43,0.47
NShN,15,20,35,0.43
NShP,23,31,54,0.43
NShS,16,22,38,0.42
NShb,17,17,34,0.5
NShh,20,12,32,0.62
NShl,9,8,17,0.53
NShm,20,11,31,0.65
NShn,22,20,42,0.52
NShs,26,25,51,0.51
NSht,2,2,4,0.5
NSlB,8,10,18,0.44
NSlD,1,0,1,1.0
NSlH,9,7,16,0.56
NSlI,0,1,1,0.0
NSlJ,4,3,7,0.57
NSlL,5,3,8,0.62
NSlM,12,11,23,0.52
NSlN,18,18,36,0.5
NSlP,23,4,27,0.85
NSlS,13,8,21,0.62
NSlb,11,10,21,0.52
NSll,3,5,8,0.38
NSlm,7,11,18,0.39
NSln,10,11,21,0.48
NSls,9,9,18,0.5
NSmB,17,16,33,0.52
NSmD,1,2,3,0.33
NSmH,20,21,41,0.49
NSmI,3,2,5,0.6
NSmJ,7,5,12,0.58
NSmK,1,1,2,0.5
NSmL,12,11,23,0.52
NSmM,17,25,42,0.4
NSmN,31,32,63,0.49
NSmP,46,37,83,0.55
NSmS,21,18,39,0.54
NSmb,23,22,45,0.51
NSml,6,5,11,0.55
NSmm,18,16,34,0.53
NSmn,27,22,49,0.55
NSms,13,14,27,0.48
NSnB,13,35,48,0.27
NSnD,4,4,8,0.5
NSnH,29,14,43,0.67
NSnI,4,6,10,0.4
NSnK,6,5,11,0.55
NSnL,10,14,24,0.42
NSnM,30,44,74,0.41
NSnN,55,56,111,0.5
NSnP,77,51,128,0.6
NSnS,38,28,66,0.58
NSnb,38,20,58,0.66
NSnh,2,1,3,0.67
NSnl,17,9,26,0.65
NSnm,30,23,53,0.57
NSnn,37,38,75,0.49
NSns,29,22,51,0.57
NSsB,9,14,23,0.39
NSsD,7,1,8,0.88
NSsH,30,32,62,0.48
NSsI,1,2,3,0.33
NSsK,1,1,2,0.5
NSsL,6,11,17,0.35
NSsM,23,24,47,0.49
NSsN,35,33,68,0.51
NSsP,29,47,76,0.38
NSsS,35,39,74,0.47
NSsb,33,22,55,0.6
NSsh,1,1,2,0.5
NSsl,13,16,29,0.45
NSsm,25,26,51,0.49
NSsn,29,27,56,0.52
NSss,23,27,50,0.46
NStB,1,4,5,0.2
NStD,0,2,2,0.0
NStH,8,2,10,0.8
NStK,2,1,3,0.67
NStL,2,0,2,1.0
NStM,7,1,8,0.88
NStN,7,7,14,0.5
NStP,6,8,14,0.43
NStS,3,5,8,0.38
NStb,1,10,11,0.09
NStl,2,6,8,0.25
NStm,3,3,6,0.5
NStn,1,10,11,0.09
NSts,5,4,9,0.56
NStt,1,1,2,0.5
NbBB,21,33,54,0.39
NbBD,3,0,3,1.0
NbBK,1,2,3,0.33
NbBL,9,14,23,0.39
NbBM,37,28,65,0.57
NbBN,35,28,63,0.56
NbBP,40,37,77,0.52
NbBS,8,20,28,0.29
NbBb,37,35,72,0.51
NbBh,5,2,7,0.71
NbBj,10,11,21,0.48
NbBl,16,15,31,0.52
NbBm,31,29,60,0.52
NbBn,39,48,87,0.45
NbBs,21,19,40,0.52
NbBt,5,4,9,0.56
NbDB,2,2,4,0.5
NbDD,0,0,0,
NbDH,0,1,1,0.0
NbDL,1,1,2,0.5
NbDM,4,3,7,0.57
NbDN,1,6,7,0.14
NbDP,7,7,14,0.5
NbDS,3,0,3,1.0
NbDb,5,2,7,0.71
NbDl,2,0,2,1.0
NbDm,4,2,6,0.67
NbDn,0,6,6,0.0
NbDs,2,1,3,0.67
NbDt,2,0,2,1.0
NbHB,6,11,17,0.35
NbHD,1,2,3,0.33
NbHH,0,5,5,0.0
NbHI,0,2,2,0.0
NbHK,0,0,0,
NbHL,8,8,16,0.5
NbHM,8,10,18,0.44
NbHN,12,12,24,0.5
NbHP,39,15,54,0.72
NbHS,4,12,16,0.25
NbHb,11,14,25,0.44
NbHh,3,2,5,0.6
NbHl,8,4,12,0.67
NbHm,11,6,17,0.65
NbHn,11,12,23,0.48
NbHs,9,9,18,0.5
NbHt,1,0,1,1.0
NbIB,4,2,6,0.67
NbIH,2,4,6,0.33
NbIL,0,1,1,0.0
NbIM,2,2,4,0.5
NbIN,0,4,4,0.0
NbIP,3,6,9,0.33
NbIS,2,3,5,0.4
NbIb,7,3,10,0.7
NbIl,2,2,4,0.5
NbIm,3,2,5,0.6
NbIn,2,2,4,0.5
NbIs,1,0,1,1.0
NbJB,13,4,17,0.76
NbJD,1,0,1,1.0
NbJH,3,9,12,0.25
NbJI,2,2,4,0.5
NbJL,10,5,15,0.67
NbJM,17,13,30,0.57
NbJN,13,15,28,0.46
NbJP,23,16,39,0.59
NbJS,7,7,14,0.5
NbJb,9,7,16,0.56
NbJh,3,2,5,0.6
NbJl,5,4,9,0.56
NbJm,9,6,15,0.6
NbJn,7,11,18,0.39
NbJs,9,8,17,0.53
NbKB,2,1,3,0.67
NbKD,0,1,1,0.0
NbKH,1,2,3,0.33
NbKK,0,1,1,0.0
NbKL,3,3,6,0.5
NbKM,2,2,4,0.5
NbKN,4,3,7,0.57
NbKP,6,3,9,0.67
NbKS,3,2,5,0.6
NbKb,6,1,7,0.86
NbKh,4,3,7,0.57
NbKl,2,3,5,0.4
NbKm,6,3,9,0.67
NbKn,4,1,5,0.8
NbKs,2,6,8,0.25
NbKt,1,0,1,1.0
NbLB,10,9,19,0.53
NbLD,0,1,1,0.0
NbLK,1,0,1,1.0
NbLL,5,6,11,0.45
NbLM,20,14,34,0.59
NbLN,13,5,18,0.72
NbLP,14,14,28,0.5
NbLS,21,15,36,0.58
NbLb,14,18,32,0.44
NbLh,5,7,12,0.42
NbLj,8,4,12,0.67
NbLl,8,8,16,0.5
NbLm,13,8,21,0.62
NbLn,16,19,35,0.46
NbLs,12,7,19,0.63
NbLt,5,3,8,0.62
NbMB,31,26,57,0.54
NbMD,4,1,5,0.8
NbMK,0,1,1,0.0
NbML,13,11,24,0.54
NbMM,35,36,71,0.49
NbMN,41,37,78,0.53
NbMP,55,47,102,0.54
NbMS,16,24,40,0.4
NbMb,45,40,85,0.53
NbMh,48,43,91,0.53
NbMj,15,16,31,0.48
NbMl,16,16,32,0.5
NbMm,39,25,64,0.61
NbMn,70,52,122,0.57
NbMs,26,17,43,0.6
NbMt,5,11,16,0.31
NbNB,36,38,74,0.49
NbND,5,4,9,0.56
NbNH,12,8,20,0.6
NbNK,3,5,8,0.38
NbNL,23,19,42,0.55
NbNM,62,54,116,0.53
NbNN,58,52,110,0.53
NbNP,74,101,175,0.42
NbNS,44,37,81,0.54
NbNb,54,47,101,0.53
NbNh,23,16,39,0.59
NbNl,20,15,35,0.57
NbNm,34,51,85,0.4
NbNn,78,66,144,0.54
NbNs,35,38,73,0.48
NbNt,12,9,21,0.57
NbPB,40,54,94,0.43
NbPD,3,2,5,0.6
NbPH,5,12,17,0.29
NbPI,4,3,7,0.57
NbPK,7,4,11,0.64
NbPL,24,40,64,0.38
NbPM,63,63,126,0.5
NbPN,76,56,132,0.58
NbPP,106,89,195,0.54
NbPS,39,33,72,0.54
NbPb,61,59,120,0.51
NbPh,6,4,10,0.6
NbPl,22,34,56,0.39
NbPm,44,38,82,0.54
NbPn,62,55,117,0.53
NbPs,40,27,67,0.6
NbPt,4,10,14,0.29
NbSB,17,14,31,0.55
NbSD,1,0,1,1.0
NbSH,10,8,18,0.56
NbSI,2,0,2,1.0
NbSK,0,1,1,0.0
NbSL,16,5,21,0.76
NbSM,22,23,45,0.49
NbSN,28,26,54,0.52
NbSP,44,26,70,0.63
NbSS,19,19,38,0.5
NbSb,18,20,38,0.47
NbSh,16,21,37,0.43
NbSl,9,9,18,0.5
NbSm,22,14,36,0.61
NbSn,25,21,46,0.54
NbSs,18,23,41,0.44
NbSt,8,5,13,0.62
NbbB,31,53,84,0.37
NbbD,2,1,3,0.67
NbbH,14,13,27,0.52
NbbI,1,4,5,0.2
NbbJ,11,16,27,0.41
NbbK,8,6,14,0.57
NbbL,18,21,39,0.46
NbbM,49,37,86,0.57
NbbN,70,62,132,0.53
NbbP,53,67,120,0.44
NbbS,15,12,27,0.56
Nbbb,49,44,93,0.53
Nbbl,19,15,34,0.56
Nbbm,22,18,40,0.55
Nbbn,51,35,86,0.59
Nbbs,19,18,37,0.51
Nbhb,1,1,2,0.5
Nbhm,1,0,1,1.0
NblB,7,15,22,0.32
NblH,7,9,16,0.44
NblI,2,1,3,0.67
NblJ,3,4,7,0.43
NblK,2,0,2,1.0
NblL,8,7,15,0.53
NblM,13,23,36,0.36
NblN,19,19,38,0.5
NblP,22,22,44,0.5
NblS,11,7,18,0.61
Nblb,20,20,40,0.5
Nbll,8,4,12,0.67
Nblm,14,11,25,0.56
Nbln,21,10,31,0.68
Nbls,8,11,19,0.42
NbmB,34,20,54,0.63
NbmD,2,2,4,0.5
NbmH,19,17,36,0.53
NbmI,3,1,4,0.75
NbmJ,6,6,12,0.5
NbmL,11,17,28,0.39
NbmM,26,31,57,0.46
NbmN,36,34,70,0.51
NbmP,48,36,84,0.57
NbmS,9,15,24,0.38
Nbmb,31,32,63,0.49
Nbml,9,6,15,0.6
Nbmm,20,20,40,0.5
Nbmn,32,32,64,0.5
Nbms,16,9,25,0.64
NbnB,21,24,45,0.47
NbnD,6,4,10,0.6
NbnH,20,12,32,0.62
NbnI,8,3,11,0.73
NbnK,2,3,5,0.4
NbnL,12,13,25,0.48
NbnM,43,41,84,0.51
NbnN,55,78,133,0.41
NbnP,76,71,147,0.52
NbnS,34,32,66,0.52
Nbnb,45,28,73,0.62
Nbnh,5,7,12,0.42
Nbnl,16,21,37,0.43
Nbnm,38,22,60,0.63
Nbnn,54,45,99,0.55
Nbns,27,21,48,0.56
Nbnt,1,0,1,1.0
NbsB,8,11,19,0.42
NbsD,2,1,3,0.67
NbsH,15,21,36,0.42
NbsI,3,1,4,0.75
NbsK,0,2,2,0.0
NbsL,4,8,12,0.33
NbsM,26,25,51,0.51
NbsN,31,26,57,0.54
NbsP,31,31,62,0.5
NbsS,20,10,30,0.67
Nbsb,18,26,44,0.41
Nbsl,11,9,20,0.55
Nbsm,11,7,18,0.61
Nbsn,16,25,41,0.39
Nbss,18,18,36,0.5
Nbst,0,0,0,
NbtM,0,1,1,0.0
Nbtb,1,0,1,1.0
NhBB,6,8,14,0.43
NhBD,1,0,1,1.0
NhBK,2,3,5,0.4
NhBL,1,5,6,0.17
NhBM,8,8,16,0.5
NhBN,15,11,26,0.58
NhBP,14,16,30,0.47
NhBS,3,7,10,0.3
NhBb,20,12,32,0.62
NhBh,0,4,4,0.0
NhBj,4,3,7,0.57
NhBl,6,4,10,0.6
NhBm,7,11,18,0.39
NhBn,12,13,25,0.48
NhBs,7,5,12,0.58
NhBt,1,2,3,0.33
NhDB,1,0,1,1.0
NhDH,1,2,3,0.33
NhDL,1,0,1,1.0
NhDM,0,1,1,0.0
NhDN,1,0,1,1.0
NhDP,1,0,1,1.0
NhDb,1,1,2,0.5
NhDm,2,0,2,1.0
NhDs,0,2,2,0.0
NhHB,1,1,2,0.5
NhHH,1,0,1,1.0
NhHL,2,0,2,1.0
NhHM,1,5,6,0.17
NhHN,6,6,12,0.5
NhHP,6,5,11,0.55
NhHS,0,2,2,0.0
NhHb,6,0,6,1.0
NhHh,2,0,2,1.0
NhHl,2,1,3,0.67
NhHm,3,0,3,1.0
NhHn,5,7,12,0.42
NhHs,1,1,2,0.5
NhIB,0,1,1,0.0
NhIH,0,1,1,0.0
NhIM,2,2,4,0.5
NhIN,1,2,3,0.33
NhIP,1,1,2,0.5
NhIS,0,0,0,
NhIb,0,0,0,
NhIm,0,1,1,0.0
NhIn,1,0,1,1.0
NhIs,1,2,3,0.33
NhKN,0,1,1,0.0
NhKb,0,1,1,0.0
NhKh,0,0,0,
NhKm,0,1,1,0.0
NhKs,0,0,0,
NhLB,6,2,8,0.75
NhLK,0,1,1,0.0
NhLL,2,3,5,0.4
NhLM,7,10,17,0.41
NhLN,4,3,7,0.57
NhLP,9,6,15,0.6
NhLS,1,1,2,0.5
NhLb,10,3,13,0.77
NhLh,2,2,4,0.5
NhLj,1,2,3,0.33
NhLl,4,2,6,0.67
NhLm,2,5,7,0.29
NhLn,9,8,17,0.53
NhLs,5,1,6,0.83
NhLt,1,2,3,0.33
NhMB,6,10,16,0.38
NhMD,0,0,0,
NhML,4,5,9,0.44
NhMM,17,18,35,0.49
NhMN,9,12,21,0.43
NhMP,25,20,45,0.56
NhMS,13,10,23,0.57
NhMb,17,23,40,0.42
NhMh,15,13,28,0.54
NhMj,7,3,10,0.7
NhMl,5,5,10,0.5
NhMm,7,9,16,0.44
NhMn,20,20,40,0.5
NhMs,4,7,11,0.36
NhMt,3,2,5,0.6
NhNB,9,7,16,0.56
NhND,1,1,2,0.5
NhNH,3,2,5,0.6
NhNK,1,0,1,1.0
NhNL,4,4,8,0.5
NhNM,12,14,26,0.46
NhNN,13,21,34,0.38
NhNP,33,27,60,0.55
NhNS,8,9,17,0.47
NhNb,17,11,28,0.61
NhNh,8,3,11,0.73
NhNl,7,3,10,0.7
NhNm,13,9,22,0.59
NhNn,25,20,45,0.56
NhNs,5,11,16,0.31
NhNt,1,1,2,0.5
NhPB,19,12,31,0.61
NhPD,0,0,0,
NhPH,5,3,8,0.62
NhPI,2,1,3,0.67
NhPK,1,5,6,0.17
NhPL,8,7,15,0.53
NhPM,25,25,50,0.5
NhPN,31,20,51,0.61
NhPP,36,42,78,0.46
NhPS,21,23,44,0.48
NhPb,20,18,38,0.53
NhPh,1,3,4,0.25
NhPl,14,9,23,0.61
NhPm,17,15,32,0.53
NhPn,24,28,52,0.46
NhPs,15,7,22,0.68
NhPt,3,1,4,0.75
NhSB,9,8,17,0.53
NhSD,1,1,2,0.5
NhSH,6,8,14,0.43
NhSL,3,2,5,0.6
NhSM,13,13,26,0.5
NhSN,9,14,23,0.39
NhSP,16,15,31,0.52
NhSS,9,14,23,0.39
NhSb,7,14,21,0.33
NhSh,7,11,18,0.39
NhSl,5,8,13,0.38
NhSm,8,8,16,0.5
NhSn,8,17,25,0.32
NhSs,11,12,23,0.48
NhSt,0,4,4,0.0
NhbB,8,10,18,0.44
NhbD,1,1,2,0.5
NhbH,7,8,15,0.47
NhbI,3,1,4,0.75
NhbJ,6,5,11,0.55
NhbK,2,0,2,1.0
NhbL,8,3,11,0.73
NhbM,16,14,30,0.53
NhbN,21,20,41,0.51
NhbP,24,14,38,0.63
NhbS,14,7,21,0.67
Nhbb,17,18,35,0.49
Nhbl,10,9,19,0.53
Nhbm,14,8,22,0.64
Nhbn,12,20,32,0.38
Nhbs,10,6,16,0.62
NhhB,10,9,19,0.53
NhhD,2,0,2,1.0
NhhH,4,4,8,0.5
NhhI,0,1,1,0.0
NhhK,0,1,1,0.0
NhhL,6,5,11,0.55
NhhM,17,11,28,0.61
NhhN,8,10,18,0.44
NhhP,26,12,38,0.68
NhhS,4,14,18,0.22
Nhhb,13,15,28,0.46
Nhhh,10,9,19,0.53
Nhhl,3,8,11,0.27
Nhhm,11,16,27,0.41
Nhhn,12,10,22,0.55
Nhhs,12,11,23,0.52
Nhht,2,1,3,0.67
NhlB,6,7,13,0.46
NhlH,7,9,16,0.44
NhlJ,1,1,2,0.5
NhlK,0,2,2,0.0
NhlL,3,5,8,0.38
NhlM,8,12,20,0.4
NhlN,9,7,16,0.56
NhlP,9,10,19,0.47
NhlS,4,5,9,0.44
Nhlb,5,6,11,0.45
Nhll,5,4,9,0.56
Nhlm,4,6,10,0.4
Nhln,4,2,6,0.67
Nhls,4,8,12,0.33
NhmB,9,10,19,0.47
NhmD,1,1,2,0.5
NhmH,11,9,20,0.55
NhmI,1,2,3,0.33
NhmJ,4,0,4,1.0
NhmK,0,1,1,0.0
NhmL,4,2,6,0.67
NhmM,17,19,36,0.47
NhmN,18,13,31,0.58
NhmP,13,17,30,0.43
NhmS,8,10,18,0.44
Nhmb,9,8,17,0.53
Nhml,4,2,6,0.67
Nhmm,8,10,18,0.44
Nhmn,13,12,25,0.52
Nhms,4,8,12,0.33
NhnB,13,13,26,0.5
NhnD,3,2,5,0.6
NhnH,7,7,14,0.5
NhnI,3,1,4,0.75
NhnK,2,0,2,1.0
NhnL,6,8,14,0.43
NhnM,19,21,40,0.48
NhnN,24,26,50,0.48
NhnP,38,27,65,0.58
NhnS,18,20,38,0.47
Nhnb,19,15,34,0.56
Nhnh,0,1,1,0.0
Nhnl,10,6,16,0.62
Nhnm,25,19,44,0.57
Nhnn,21,21,42,0.5
Nhns,14,16,30,0.47
NhsB,5,6,11,0.45
NhsD,1,1,2,0.5
NhsH,17,14,31,0.55
NhsI,4,0,4,1.0
NhsL,8,10,18,0.44
NhsM,13,16,29,0.45
NhsN,14,9,23,0.61
NhsP,19,16,35,0.54
NhsS,10,21,31,0.32
Nhsb,13,12,25,0.52
Nhsh,1,0,1,1.0
Nhsl,6,3,9,0.67
Nhsm,16,3,19,0.84
Nhsn,9,7,16,0.56
Nhss,13,11,24,0.54
NhtB,2,2,4,0.5
NhtD,0,1,1,0.0
NhtK,1,1,2,0.5
NhtL,1,1,2,0.5
NhtM,1,2,3,0.33
NhtN,3,2,5,0.6
NhtP,1,5,6,0.17
NhtS,3,1,4,0.75
Nhtb,1,0,1,1.0
Nhtl,2,2,4,0.5
Nhtm,0,1,1,0.0
Nhtn,2,1,3,0.67
Nhts,1,2,3,0.33
NlBB,5,12,17,0.29
NlBD,1,0,1,1.0
NlBK,1,0,1,1.0
NlBL,5,4,9,0.56
NlBM,17,8,25,0.68
NlBN,15,28,43,0.35
NlBP,15,25,40,0.38
NlBS,9,11,20,0.45
NlBb,23,12,35,0.66
NlBh,2,2,4,0.5
NlBj,6,6,12,0.5
NlBl,3,4,7,0.43
NlBm,17,6,23,0.74
NlBn,15,18,33,0.45
NlBs,8,3,11,0.73
NlBt,1,2,3,0.33
NlDB,2,0,2,1.0
NlDD,2,0,2,1.0
NlDH,1,4,5,0.2
NlDL,3,0,3,1.0
NlDM,2,3,5,0.4
NlDN,3,0,3,1.0
NlDP,4,2,6,0.67
NlDb,0,2,2,0.0
NlDl,1,0,1,1.0
NlDm,1,1,2,0.5
NlDn,1,2,3,0.33
NlDs,1,5,6,0.17
NlHB,5,13,18,0.28
NlHD,1,0,1,1.0
NlHH,5,1,6,0.83
NlHI,2,3,5,0.4
NlHK,0,1,1,0.0
NlHL,5,4,9,0.56
NlHM,21,16,37,0.57
NlHN,13,18,31,0.42
NlHP,25,18,43,0.58
NlHS,12,9,21,0.57
NlHb,12,12,24,0.5
NlHh,5,7,12,0.42
NlHl,5,3,8,0.62
NlHm,9,6,15,0.6
NlHn,8,17,25,0.32
NlHs,13,6,19,0.68
NlHt,2,1,3,0.67
NlIB,2,0,2,1.0
NlIH,5,0,5,1.0
NlIL,0,3,3,0.0
NlIM,0,2,2,0.0
NlIN,1,2,3,0.33
NlIP,1,2,3,0.33
NlIS,1,0,1,1.0
NlIb,1,1,2,0.5
NlIl,0,1,1,0.0
NlIm,3,2,5,0.6
NlIn,3,2,5,0.6
NlIs,4,1,5,0.8
NlJB,2,3,5,0.4
NlJH,2,1,3,0.67
NlJL,1,2,3,0.33
NlJM,5,3,8,0.62
NlJN,4,6,10,0.4
NlJP,11,5,16,0.69
NlJS,6,4,10,0.6
NlJb,7,4,11,0.64
NlJh,1,0,1,1.0
NlJl,2,3,5,0.4
NlJm,8,5,13,0.62
NlJn,7,6,13,0.54
NlJs,4,3,7,0.57
NlJt,1,0,1,1.0
NlKB,2,0,2,1.0
NlKL,1,0,1,1.0
NlKM,0,4,4,0.0
NlKP,1,0,1,1.0
NlKS,0,0,0,
NlKb,2,3,5,0.4
NlKh,2,3,5,0.4
NlKm,0,1,1,0.0
NlKn,4,1,5,0.8
NlKs,0,1,1,0.0
NlKt,2,0,2,1.0
NlLB,3,1,4,0.75
NlLH,0,2,2,0.0
NlLK,1,1,2,0.5
NlLL,3,2,5,0.6
NlLM,7,11,18,0.39
NlLN,5,8,13,0.38
NlLP,9,6,15,0.6
NlLS,5,10,15,0.33
NlLb,3,7,10,0.3
NlLh,1,3,4,0.25
NlLj,1,4,5,0.2
NlLl,5,4,9,0.56
NlLm,6,7,13,0.46
NlLn,6,8,14,0.43
NlLs,8,4,12,0.67
NlLt,1,3,4,0.25
NlMB,13,15,28,0.46
NlMD,2,4,6,0.33
NlML,3,7,10,0.3
NlMM,16,22,38,0.42
NlMN,19,14,33,0.58
NlMP,21,26,47,0.45
NlMS,6,18,24,0.25
NlMb,13,14,27,0.48
NlMh,14,12,26,0.54
NlMj,7,5,12,0.58
NlMl,10,10,20,0.5
NlMm,14,13,27,0.52
NlMn,28,32,60,0.47
NlMs,12,18,30,0.4
NlMt,3,1,4,0.75
NlNB,17,11,28,0.61
NlND,3,1,4,0.75
NlNH,5,0,5,1.0
NlNK,0,1,1,0.0
NlNL,16,13,29,0.55
NlNM,22,19,41,0.54
NlNN,23,15,38,0.61
NlNP,33,33,66,0.5
NlNS,27,12,39,0.69
NlNb,19,19,38,0.5
NlNh,5,10,15,0.33
NlNl,16,12,28,0.57
NlNm,33,11,44,0.75
NlNn,36,27,63,0.57
NlNs,18,14,32,0.56
NlNt,4,6,10,0.4
NlPB,17,23,40,0.42
NlPD,2,4,6,0.33
NlPH,7,3,10,0.7
NlPI,1,1,2,0.5
NlPK,4,1,5,0.8
NlPL,11,12,23,0.48
NlPM,28,30,58,0.48
NlPN,31,38,69,0.45
NlPP,41,45,86,0.48
NlPS,19,19,38,0.5
NlPb,20,35,55,0.36
NlPh,5,3,8,0.62
NlPl,10,13,23,0.43
NlPm,22,26,48,0.46
NlPn,21,32,53,0.4
NlPs,13,17,30,0.43
NlPt,5,0,5,1.0
NlSB,9,9,18,0.5
NlSD,0,1,1,0.0
NlSH,6,2,8,0.75
NlSL,4,5,9,0.44
NlSM,13,17,30,0.43
NlSN,9,14,23,0.39
NlSP,21,18,39,0.54
NlSS,6,15,21,0.29
NlSb,15,23,38,0.39
NlSh,4,9,13,0.31
NlSl,8,6,14,0.57
NlSm,12,8,20,0.6
NlSn,14,15,29,0.48
NlSs,12,9,21,0.57
NlSt,2,3,5,0.4
NlbB,14,19,33,0.42
NlbD,2,4,6,0.33
NlbH,6,5,11,0.55
NlbI,0,1,1,0.0
NlbJ,5,3,8,0.62
NlbK,1,0,1,1.0
NlbL,11,10,21,0.52
NlbM,20,22,42,0.48
NlbN,19,31,50,0.38
NlbP,35,25,60,0.58
NlbS,10,5,15,0.67
Nlbb,18,18,36,0.5
Nlbl,7,10,17,0.41
Nlbm,15,7,22,0.68
Nlbn,26,13,39,0.67
Nlbs,13,7,20,0.65
NllB,10,7,17,0.59
NllD,1,1,2,0.5
NllH,4,8,12,0.33
NllJ,2,1,3,0.67
NllL,2,3,5,0.4
NllM,15,10,25,0.6
NllN,8,15,23,0.35
NllP,8,10,18,0.44
NllS,5,3,8,0.62
Nllb,7,7,14,0.5
Nlll,3,5,8,0.38
Nllm,9,4,13,0.69
Nlln,12,7,19,0.63
Nlls,3,3,6,0.5
NlmB,11,13,24,0.46
NlmD,1,1,2,0.5
NlmH,7,8,15,0.47
NlmI,1,2,3,0.33
NlmJ,0,2,2,0.0
NlmL,4,7,11,0.36
NlmM,11,14,25,0.44
NlmN,21,15,36,0.58
NlmP,17,15,32,0.53
NlmS,9,8,17,0.53
Nlmb,12,18,30,0.4
Nlml,2,4,6,0.33
Nlmm,10,8,18,0.56
Nlmn,15,15,30,0.5
Nlms,6,6,12,0.5
NlnB,17,9,26,0.65
NlnD,1,0,1,1.0
NlnH,9,13,22,0.41
NlnI,2,2,4,0.5
NlnK,0,2,2,0.0
NlnL,9,7,16,0.56
NlnM,18,24,42,0.43
NlnN,26,23,49,0.53
NlnP,29,29,58,0.5
NlnS,15,9,24,0.62
Nlnb,20,14,34,0.59
Nlnh,0,0,0,
Nlnl,9,5,14,0.64
Nlnm,21,14,35,0.6
Nlnn,24,21,45,0.53
Nlns,13,10,23,0.57
NlsB,8,5,13,0.62
NlsD,1,1,2,0.5
NlsH,8,11,19,0.42
NlsI,1,2,3,0.33
NlsK,1,0,1,1.0
NlsL,4,6,10,0.4
NlsM,7,9,16,0.44
NlsN,10,8,18,0.56
NlsP,17,13,30,0.57
NlsS,7,10,17,0.41
Nlsb,9,8,17,0.53
Nlsh,0,1,1,0.0
Nlsl,6,3,9,0.67
Nlsm,14,12,26,0.54
Nlsn,14,10,24,0.58
Nlss,10,8,18,0.56
NmBB,17,22,39,0.44
NmBD,3,3,6,0.5
NmBK,1,1,2,0.5
NmBL,9,4,13,0.69
NmBM,21,31,52,0.4
NmBN,32,24,56,0.57
NmBP,24,33,57,0.42
NmBS,15,20,35,0.43
NmBb,20,23,43,0.47
NmBh,2,6,8,0.25
NmBj,9,12,21,0.43
NmBl,10,6,16,0.62
NmBm,19,18,37,0.51
NmBn,41,34,75,0.55
NmBs,12,16,28,0.43
NmBt,9,4,13,0.69
NmDB,2,2,4,0.5
NmDD,1,0,1,1.0
NmDH,3,1,4,0.75
NmDL,2,5,7,0.29
NmDM,4,7,11,0.36
NmDN,3,2,5,0.6
NmDP,2,4,6,0.33
NmDS,3,1,4,0.75
NmDb,2,3,5,0.4
NmDl,1,2,3,0.33
NmDm,0,2,2,0.0
NmDn,6,4,10,0.6
NmDs,4,0,4,1.0
NmDt,1,0,1,1.0
NmHB,12,15,27,0.44
NmHD,0,7,7,0.0
NmHH,4,3,7,0.57
NmHI,1,2,3,0.33
NmHK,2,0,2,1.0
NmHL,11,5,16,0.69
NmHM,25,26,51,0.49
NmHN,37,30,67,0.55
NmHP,34,33,67,0.51
NmHS,22,14,36,0.61
NmHb,22,27,49,0.45
NmHh,20,14,34,0.59
NmHl,12,19,31,0.39
NmHm,22,19,41,0.54
NmHn,40,38,78,0.51
NmHs,19,23,42,0.45
NmHt,5,5,10,0.5
NmIB,2,2,4,0.5
NmIH,2,2,4,0.5
NmII,1,0,1,1.0
NmIL,1,2,3,0.33
NmIM,0,2,2,0.0
NmIN,6,2,8,0.75
NmIP,2,6,8,0.25
NmIS,2,1,3,0.67
NmIb,3,1,4,0.75
NmIl,0,2,2,0.0
NmIm,4,2,6,0.67
NmIn,2,4,6,0.33
NmIs,6,3,9,0.67
NmJB,5,4,9,0.56
NmJH,6,3,9,0.67
NmJI,1,1,2,0.5
NmJK,1,2,3,0.33
NmJL,3,6,9,0.33
NmJM,11,13,24,0.46
NmJN,13,5,18,0.72
NmJP,13,12,25,0.52
NmJS,7,6,13,0.54
NmJb,9,3,12,0.75
NmJl,4,1,5,0.8
NmJm,5,5,10,0.5
NmJn,8,4,12,0.67
NmJs,8,5,13,0.62
NmJt,2,0,2,1.0
NmKB,1,1,2,0.5
NmKN,0,1,1,0.0
NmKb,1,0,1,1.0
NmKl,1,1,2,0.5
NmLB,4,9,13,0.31
NmLD,1,0,1,1.0
NmLK,1,2,3,0.33
NmLL,4,1,5,0.8
NmLM,13,12,25,0.52
NmLN,16,15,31,0.52
NmLP,11,12,23,0.48
NmLS,14,7,21,0.67
NmLb,2,9,11,0.18
NmLh,7,9,16,0.44
NmLj,2,6,8,0.25
NmLl,5,8,13,0.38
NmLm,7,4,11,0.64
NmLn,27,21,48,0.56
NmLs,15,5,20,0.75
NmLt,4,0,4,1.0
NmMB,22,17,39,0.56
NmMD,1,3,4,0.25
NmMK,1,0,1,1.0
NmML,7,9,16,0.44
NmMM,27,24,51,0.53
NmMN,31,37,68,0.46
NmMP,38,46,84,0.45
NmMS,14,21,35,0.4
NmMb,31,30,61,0.51
NmMh,41,26,67,0.61
NmMj,15,10,25,0.6
NmMl,9,12,21,0.43
NmMm,26,26,52,0.5
NmMn,62,53,115,0.54
NmMs,29,20,49,0.59
NmMt,7,7,14,0.5
NmNB,33,34,67,0.49
NmND,7,6,13,0.54
NmNH,9,6,15,0.6
NmNK,1,1,2,0.5
NmNL,14,14,28,0.5
NmNM,41,37,78,0.53
NmNN,58,59,117,0.5
NmNP,71,65,136,0.52
NmNS,33,37,70,0.47
NmNb,38,31,69,0.55
NmNh,13,15,28,0.46
NmNl,14,16,30,0.47
NmNm,32,27,59,0.54
NmNn,64,72,136,0.47
NmNs,28,27,55,0.51
NmNt,12,5,17,0.71
NmPB,27,43,70,0.39
NmPD,5,3,8,0.62
NmPH,17,15,32,0.53
NmPI,3,1,4,0.75
NmPK,0,8,8,0.0
NmPL,22,17,39,0.56
NmPM,56,58,114,0.49
NmPN,45,53,98,0.46
NmPP,75,59,134,0.56
NmPS,30,36,66,0.45
NmPb,37,35,72,0.51
NmPh,7,5,12,0.58
NmPl,18,24,42,0.43
NmPm,39,23,62,0.63
NmPn,55,62,117,0.47
NmPs,32,22,54,0.59
NmPt,7,6,13,0.54
NmSB,10,18,28,0.36
NmSD,2,1,3,0.67
NmSH,4,8,12,0.33
NmSL,4,7,11,0.36
NmSM,21,25,46,0.46
NmSN,15,16,31,0.48
NmSP,28,35,63,0.44
NmSS,15,31,46,0.33
NmSb,13,19,32,0.41
NmSh,21,6,27,0.78
NmSl,7,8,15,0.47
NmSm,12,13,25,0.48
NmSn,37,31,68,0.54
NmSs,23,22,45,0.51
NmSt,9,0,9,1.0
NmbB,32,25,57,0.56
NmbD,2,2,4,0.5
NmbH,9,11,20,0.45
NmbI,4,1,5,0.8
NmbJ,15,7,22,0.68
NmbK,3,4,7,0.43
NmbL,6,8,14,0.43
NmbM,33,25,58,0.57
NmbN,45,44,89,0.51
NmbP,58,37,95,0.61
NmbS,18,16,34,0.53
Nmbb,23,39,62,0.37
Nmbl,20,10,30,0.67
Nmbm,24,25,49,0.49
Nmbn,33,35,68,0.49
Nmbs,10,6,16,0.62
NmhI,0,1,1,0.0
Nmhn,0,1,1,0.0
Nmhs,1,0,1,1.0
NmlB,13,13,26,0.5
NmlD,0,1,1,0.0
NmlH,9,5,14,0.64
NmlI,0,1,1,0.0
NmlJ,3,1,4,0.75
NmlL,3,1,4,0.75
NmlM,12,10,22,0.55
NmlN,12,14,26,0.46
NmlP,9,12,21,0.43
NmlS,8,8,16,0.5
Nmlb,14,13,27,0.52
Nmll,3,2,5,0.6
Nmlm,6,8,14,0.43
Nmln,12,7,19,0.63
Nmls,6,3,9,0.67
NmmB,21,27,48,0.44
NmmD,5,1,6,0.83
NmmH,14,17,31,0.45
NmmI,3,3,6,0.5
NmmJ,6,3,9,0.67
NmmK,1,0,1,1.0
NmmL,7,6,13,0.54
NmmM,16,28,44,0.36
NmmN,36,32,68,0.53
NmmP,32,26,58,0.55
NmmS,12,10,22,0.55
Nmmb,31,21,52,0.6
Nmml,8,11,19,0.42
Nmmm,23,6,29,0.79
Nmmn,28,20,48,0.58
Nmms,7,9,16,0.44
NmnB,30,26,56,0.54
NmnD,1,4,5,0.2
NmnH,25,15,40,0.62
NmnI,9,4,13,0.69
NmnK,1,0,1,1.0
NmnL,13,13,26,0.5
NmnM,30,38,68,0.44
NmnN,53,58,111,0.48
NmnP,60,70,130,0.46
NmnS,32,25,57,0.56
Nmnb,44,29,73,0.6
Nmnl,12,12,24,0.5
Nmnm,37,18,55,0.67
Nmnn,52,43,95,0.55
Nmns,12,23,35,0.34
NmsB,7,12,19,0.37
NmsD,2,0,2,1.0
NmsH,10,15,25,0.4
NmsI,1,0,1,1.0
NmsL,5,6,11,0.45
NmsM,13,13,26,0.5
NmsN,22,19,41,0.54
NmsP,22,25,47,0.47
NmsS,16,20,36,0.44
Nmsb,13,9,22,0.59
Nmsh,0,1,1,0.0
Nmsl,2,7,9,0.22
Nmsm,14,4,18,0.78
Nmsn,23,19,42,0.55
Nmss,11,8,19,0.58
NnBB,50,31,81,0.62
NnBD,2,2,4,0.5
NnBH,1,1,2,0.5
NnBK,2,4,6,0.33
NnBL,12,11,23,0.52
NnBM,34,38,72,0.47
NnBN,39,52,91,0.43
NnBP,51,49,100,0.51
NnBS,16,34,50,0.32
NnBb,37,43,80,0.46
NnBh,2,7,9,0.22
NnBj,14,14,28,0.5
NnBl,13,8,21,0.62
NnBm,30,24,54,0.56
NnBn,58,62,120,0.48
NnBs,12,14,26,0.46
NnBt,10,8,18,0.56
NnDB,2,2,4,0.5
NnDD,1,0,1,1.0
NnDH,7,1,8,0.88
NnDI,0,0,0,
NnDL,5,2,7,0.71
NnDM,2,6,8,0.25
NnDN,5,12,17,0.29
NnDP,4,5,9,0.44
NnDS,6,1,7,0.86
NnDb,5,2,7,0.71
NnDl,3,3,6,0.5
NnDm,4,4,8,0.5
NnDn,3,6,9,0.33
NnDs,6,5,11,0.55
NnDt,1,2,3,0.33
NnHB,22,23,45,0.49
NnHD,2,5,7,0.29
NnHH,9,6,15,0.6
NnHI,4,2,6,0.67
NnHK,2,4,6,0.33
NnHL,12,10,22,0.55
NnHM,30,26,56,0.54
NnHN,46,34,80,0.57
NnHP,46,59,105,0.44
NnHS,24,29,53,0.45
NnHb,27,29,56,0.48
NnHh,9,13,22,0.41
NnHl,12,19,31,0.39
NnHm,25,19,44,0.57
NnHn,39,41,80,0.49
NnHs,21,33,54,0.39
NnHt,0,0,0,
NnIB,10,4,14,0.71
NnID,2,0,2,1.0
NnIH,8,3,11,0.73
NnII,0,1,1,0.0
NnIK,1,0,1,1.0
NnIL,4,5,9,0.44
NnIM,9,5,14,0.64
NnIN,12,3,15,0.8
NnIP,10,8,18,0.56
NnIS,8,6,14,0.57
NnIb,7,10,17,0.41
NnIl,4,1,5,0.8
NnIm,5,5,10,0.5
NnIn,4,11,15,0.27
NnIs,4,5,9,0.44
NnKB,4,2,6,0.67
NnKD,1,1,2,0.5
NnKH,0,1,1,0.0
NnKI,1,0,1,1.0
NnKL,2,2,4,0.5
NnKM,4,3,7,0.57
NnKN,4,4,8,0.5
NnKP,4,6,10,0.4
NnKS,1,6,7,0.14
NnKb,7,3,10,0.7
NnKh,1,1,2,0.5
NnKl,7,3,10,0.7
NnKm,3,2,5,0.6
NnKn,9,6,15,0.6
NnKs,7,5,12,0.58
NnKt,1,0,1,1.0
NnLB,13,14,27,0.48
NnLD,2,2,4,0.5
NnLH,1,0,1,1.0
NnLK,3,2,5,0.6
NnLL,6,13,19,0.32
NnLM,22,23,45,0.49
NnLN,25,23,48,0.52
NnLP,37,22,59,0.63
NnLS,16,19,35,0.46
NnLb,14,21,35,0.4
NnLh,7,9,16,0.44
NnLj,5,1,6,0.83
NnLl,8,10,18,0.44
NnLm,14,12,26,0.54
NnLn,34,35,69,0.49
NnLs,21,18,39,0.54
NnLt,4,6,10,0.4
NnMB,46,41,87,0.53
NnMD,1,7,8,0.12
NnMK,1,0,1,1.0
NnML,18,24,42,0.43
NnMM,52,56,108,0.48
NnMN,48,58,106,0.45
NnMP,61,76,137,0.45
NnMS,37,31,68,0.54
NnMb,70,63,133,0.53
NnMh,46,56,102,0.45
NnMj,17,17,34,0.5
NnMl,16,29,45,0.36
NnMm,49,36,85,0.58
NnMn,93,77,170,0.55
NnMs,34,28,62,0.55
NnMt,12,11,23,0.52
NnNB,58,55,113,0.51
NnND,9,5,14,0.64
NnNH,12,16,28,0.43
NnNK,10,13,23,0.43
NnNL,33,32,65,0.51
NnNM,84,85,169,0.5
NnNN,102,101,203,0.5
NnNP,141,111,252,0.56
NnNS,59,67,126,0.47
NnNb,63,56,119,0.53
NnNh,22,30,52,0.42
NnNl,46,30,76,0.61
NnNm,70,50,120,0.58
NnNn,123,115,238,0.52
NnNs,53,55,108,0.49
NnNt,24,14,38,0.63
NnPB,71,63,134,0.53
NnPD,4,4,8,0.5
NnPH,41,28,69,0.59
NnPI,8,8,16,0.5
NnPK,6,6,12,0.5
NnPL,31,39,70,0.44
NnPM,70,100,170,0.41
NnPN,109,102,211,0.52
NnPP,193,164,357,0.54
NnPS,67,75,142,0.47
NnPb,99,95,194,0.51
NnPh,16,12,28,0.57
NnPl,41,54,95,0.43
NnPm,84,60,144,0.58
NnPn,110,105,215,0.51
NnPs,62,71,133,0.47
NnPt,13,5,18,0.72
NnSB,20,31,51,0.39
NnSD,8,3,11,0.73
NnSH,5,23,28,0.18
NnSK,0,1,1,0.0
NnSL,12,19,31,0.39
NnSM,45,42,87,0.52
NnSN,39,51,90,0.43
NnSP,62,68,130,0.48
NnSS,42,51,93,0.45
NnSb,42,23,65,0.65
NnSh,32,32,64,0.5
NnSl,15,21,36,0.42
NnSm,45,35,80,0.56
NnSn,56,68,124,0.45
NnSs,38,38,76,0.5
NnSt,15,8,23,0.65
NnbB,33,42,75,0.44
NnbD,4,7,11,0.36
NnbH,18,11,29,0.62
NnbI,5,3,8,0.62
NnbJ,14,19,33,0.42
NnbK,4,2,6,0.67
NnbL,17,28,45,0.38
NnbM,54,57,111,0.49
NnbN,67,91,158,0.42
NnbP,90,68,158,0.57
NnbS,42,38,80,0.52
Nnbb,65,55,120,0.54
Nnbl,15,20,35,0.43
Nnbm,46,21,67,0.69
Nnbn,78,62,140,0.56
Nnbs,27,24,51,0.53
NnhB,1,0,1,1.0
NnhH,0,1,1,0.0
NnhL,3,0,3,1.0
NnhM,4,0,4,1.0
NnhN,2,1,3,0.67
NnhP,6,3,9,0.67
NnhS,1,3,4,0.25
Nnhb,2,3,5,0.4
Nnhh,1,1,2,0.5
Nnhm,1,3,4,0.25
Nnhn,2,1,3,0.67
Nnhs,2,1,3,0.67
NnlB,15,18,33,0.45
NnlD,0,2,2,0.0
NnlH,17,19,36,0.47
NnlI,2,2,4,0.5
NnlJ,10,9,19,0.53
NnlK,0,1,1,0.0
NnlL,9,7,16,0.56
NnlM,26,22,48,0.54
NnlN,21,32,53,0.4
NnlP,36,30,66,0.55
NnlS,15,17,32,0.47
Nnlb,36,26,62,0.58
Nnll,7,10,17,0.41
Nnlm,18,11,29,0.62
Nnln,14,24,38,0.37
Nnls,18,12,30,0.6
NnmB,30,31,61,0.49
NnmD,4,8,12,0.33
NnmH,36,35,71,0.51
NnmI,2,3,5,0.4
NnmJ,8,10,18,0.44
NnmL,13,13,26,0.5
NnmM,43,54,97,0.44
NnmN,56,68,124,0.45
NnmP,71,66,137,0.52
NnmS,39,21,60,0.65
Nnmb,54,28,82,0.66
Nnml,15,17,32,0.47
Nnmm,35,17,52,0.67
Nnmn,50,40,90,0.56
Nnms,20,26,46,0.43
NnnB,37,42,79,0.47
NnnD,6,11,17,0.35
NnnH,36,44,80,0.45
NnnI,7,7,14,0.5
NnnK,5,7,12,0.42
NnnL,34,25,59,0.58
NnnM,61,71,132,0.46
NnnN,105,99,204,0.51
NnnP,122,109,231,0.53
NnnS,44,51,95,0.46
Nnnb,83,61,144,0.58
Nnnh,3,8,11,0.27
Nnnl,22,29,51,0.43
Nnnm,67,54,121,0.55
Nnnn,72,87,159,0.45
Nnns,57,45,102,0.56
Nnnt,1,0,1,1.0
NnsB,18,27,45,0.4
NnsD,8,5,13,0.62
NnsH,33,34,67,0.49
NnsI,4,3,7,0.57
NnsK,2,1,3,0.67
NnsL,18,12,30,0.6
NnsM,38,37,75,0.51
NnsN,53,57,110,0.48
NnsP,74,53,127,0.58
NnsS,47,37,84,0.56
Nnsb,39,36,75,0.52
Nnsh,2,1,3,0.67
Nnsl,28,13,41,0.68
Nnsm,32,26,58,0.55
Nnsn,32,41,73,0.44
Nnss,33,39,72,0.46
NntM,0,1,1,0.0
NntN,1,0,1,1.0
NntP,0,0,0,
Nntb,2,0,2,1.0
Nntt,1,0,1,1.0
NsBB,13,18,31,0.42
NsBD,2,2,4,0.5
NsBK,1,1,2,0.5
NsBL,7,3,10,0.7
NsBM,17,21,38,0.45
NsBN,14,16,30,0.47
NsBP,15,26,41,0.37
NsBS,9,11,20,0.45
NsBb,12,18,30,0.4
NsBh,2,2,4,0.5
NsBj,8,5,13,0.62
NsBl,3,3,6,0.5
NsBm,12,7,19,0.63
NsBn,17,12,29,0.59
NsBs,10,10,20,0.5
NsBt,2,0,2,1.0
NsDB,1,3,4,0.25
NsDD,0,0,0,
NsDH,3,3,6,0.5
NsDL,3,4,7,0.43
NsDM,3,4,7,0.43
NsDN,3,2,5,0.6
NsDP,1,2,3,0.33
NsDS,1,3,4,0.25
NsDb,5,2,7,0.71
NsDl,1,3,4,0.25
NsDm,1,0,1,1.0
NsDn,6,1,7,0.86
NsDs,1,2,3,0.33
NsHB,14,16,30,0.47
NsHD,4,5,9,0.44
NsHH,6,3,9,0.67
NsHI,4,3,7,0.57
NsHK,0,3,3,0.0
NsHL,9,10,19,0.47
NsHM,27,29,56,0.48
NsHN,21,22,43,0.49
NsHP,35,30,65,0.54
NsHS,16,26,42,0.38
NsHb,21,22,43,0.49
NsHh,16,12,28,0.57
NsHl,12,14,26,0.46
NsHm,28,14,42,0.67
NsHn,47,41,88,0.53
NsHs,24,24,48,0.5
NsHt,1,2,3,0.33
NsIB,1,3,4,0.25
NsID,0,1,1,0.0
NsIH,5,5,10,0.5
NsII,1,0,1,1.0
NsIL,1,0,1,1.0
NsIM,4,1,5,0.8
NsIN,8,2,10,0.8
NsIP,7,6,13,0.54
NsIS,5,1,6,0.83
NsIb,4,0,4,1.0
NsIl,1,0,1,1.0
NsIm,3,1,4,0.75
NsIn,2,4,6,0.33
NsIs,3,2,5,0.6
NsKB,0,2,2,0.0
NsKD,0,1,1,0.0
NsKH,1,0,1,1.0
NsKL,1,0,1,1.0
NsKM,1,0,1,1.0
NsKN,0,1,1,0.0
NsKP,1,0,1,1.0
NsKS,1,1,2,0.5
NsKb,1,2,3,0.33
NsKh,1,1,2,0.5
NsKl,0,1,1,0.0
NsKm,0,1,1,0.0
NsKn,3,1,4,0.75
NsKs,1,0,1,1.0
NsLB,4,12,16,0.25
NsLD,1,0,1,1.0
NsLK,1,2,3,0.33
NsLL,3,1,4,0.75
NsLM,8,9,17,0.47
NsLN,5,5,10,0.5
NsLP,14,17,31,0.45
NsLS,6,8,14,0.43
NsLb,14,12,26,0.54
NsLh,5,3,8,0.62
NsLj,3,6,9,0.33
NsLl,8,7,15,0.53
NsLm,9,6,15,0.6
NsLn,13,16,29,0.45
NsLs,14,8,22,0.64
NsLt,2,5,7,0.29
NsMB,21,14,35,0.6
NsMD,0,3,3,0.0
NsML,7,4,11,0.64
NsMM,16,35,51,0.31
NsMN,23,25,48,0.48
NsMP,23,23,46,0.5
NsMS,21,27,48,0.44
NsMb,17,27,44,0.39
NsMh,20,24,44,0.45
NsMj,5,9,14,0.36
NsMl,20,10,30,0.67
NsMm,25,14,39,0.64
NsMn,46,48,94,0.49
NsMs,21,22,43,0.49
NsMt,1,5,6,0.17
NsNB,18,30,48,0.38
NsND,3,2,5,0.6
NsNH,10,4,14,0.71
NsNI,0,1,1,0.0
NsNK,3,3,6,0.5
NsNL,12,12,24,0.5
NsNM,30,25,55,0.55
NsNN,36,28,64,0.56
NsNP,52,67,119,0.44
NsNS,24,25,49,0.49
NsNb,25,23,48,0.52
NsNh,10,15,25,0.4
NsNl,10,7,17,0.59
NsNm,26,20,46,0.57
NsNn,48,49,97,0.49
NsNs,24,25,49,0.49
NsNt,3,3,6,0.5
NsPB,28,26,54,0.52
NsPD,4,3,7,0.57
NsPH,12,14,26,0.46
NsPI,3,5,8,0.38
NsPK,3,6,9,0.33
NsPL,19,21,40,0.48
NsPM,43,37,80,0.54
NsPN,40,40,80,0.5
NsPP,65,68,133,0.49
NsPS,34,36,70,0.49
NsPb,39,37,76,0.51
NsPh,4,2,6,0.67
NsPl,22,21,43,0.51
NsPm,43,23,66,0.65
NsPn,41,45,86,0.48
NsPs,25,45,70,0.36
NsPt,12,6,18,0.67
NsSB,10,15,25,0.4
NsSD,3,5,8,0.38
NsSH,6,9,15,0.4
NsSK,1,3,4,0.25
NsSL,10,11,21,0.48
NsSM,19,32,51,0.37
NsSN,40,34,74,0.54
NsSP,35,39,74,0.47
NsSS,33,34,67,0.49
NsSb,20,19,39,0.51
NsSh,24,15,39,0.62
NsSl,14,6,20,0.7
NsSm,19,19,38,0.5
NsSn,39,51,90,0.43
NsSs,26,29,55,0.47
NsSt,6,3,9,0.67
NsbB,17,19,36,0.47
NsbD,5,2,7,0.71
NsbH,11,5,16,0.69
NsbI,3,0,3,1.0
NsbJ,11,7,18,0.61
NsbK,4,2,6,0.67
NsbL,8,11,19,0.42
NsbM,27,23,50,0.54
NsbN,36,40,76,0.47
NsbP,32,30,62,0.52
NsbS,16,14,30,0.53
Nsbb,20,25,45,0.44
Nsbl,8,10,18,0.44
Nsbm,19,15,34,0.56
Nsbn,25,21,46,0.54
Nsbs,10,13,23,0.43
NshB,0,1,1,0.0
NshM,2,2,4,0.5
NshN,1,1,2,0.5
NshP,5,1,6,0.83
NshS,4,1,5,0.8
Nshh,2,1,3,0.67
Nshm,2,1,3,0.67
Nshn,0,3,3,0.0
Nshs,1,1,2,0.5
NslB,7,14,21,0.33
NslH,6,9,15,0.4
NslI,1,1,2,0.5
NslJ,9,1,10,0.9
NslK,0,0,0,
NslL,3,9,12,0.25
NslM,7,11,18,0.39
NslN,20,9,29,0.69
NslP,15,23,38,0.39
NslS,7,10,17,0.41
Nslb,11,11,22,0.5
Nsll,4,7,11,0.36
Nslm,13,10,23,0.57
Nsln,21,10,31,0.68
Nsls,5,10,15,0.33
NsmB,14,18,32,0.44
NsmD,6,3,9,0.67
NsmH,15,12,27,0.56
NsmI,1,1,2,0.5
NsmJ,5,6,11,0.45
NsmL,11,6,17,0.65
NsmM,19,23,42,0.45
NsmN,30,30,60,0.5
NsmP,33,42,75,0.44
NsmS,22,15,37,0.59
Nsmb,14,22,36,0.39
Nsml,11,13,24,0.46
Nsmm,24,14,38,0.63
Nsmn,33,26,59,0.56
Nsms,13,8,21,0.62
NsnB,21,19,40,0.52
NsnD,5,0,5,1.0
NsnH,18,13,31,0.58
NsnI,6,3,9,0.67
NsnK,3,3,6,0.5
NsnL,11,13,24,0.46
NsnM,28,29,57,0.49
NsnN,36,44,80,0.45
NsnP,41,44,85,0.48
NsnS,25,24,49,0.51
Nsnb,33,30,63,0.52
Nsnh,0,1,1,0.0
Nsnl,18,8,26,0.69
Nsnm,21,14,35,0.6
Nsnn,41,30,71,0.58
Nsns,21,21,42,0.5
Nsnt,0,1,1,0.0
NssB,15,7,22,0.68
NssD,3,2,5,0.6
NssH,22,32,54,0.41
NssI,4,1,5,0.8
NssK,0,1,1,0.0
NssL,9,6,15,0.6
NssM,14,22,36,0.39
NssN,26,24,50,0.52
NssP,30,38,68,0.44
NssS,30,29,59,0.51
Nssb,20,19,39,0.51
Nssl,14,5,19,0.74
Nssm,21,17,38,0.55
Nssn,20,24,44,0.45
Nsss,21,30,51,0.41
Nsst,0,1,1,0.0
NstL,0,1,1,0.0
NstM,0,0,0,
NstN,1,0,1,1.0
Nstb,1,0,1,1.0
NtBB,6,6,12,0.5
NtBD,1,0,1,1.0
NtBK,1,0,1,1.0
NtBL,2,2,4,0.5
NtBM,6,9,15,0.4
NtBN,3,10,13,0.23
NtBP,3,7,10,0.3
NtBS,0,3,3,0.0
NtBb,7,3,10,0.7
NtBh,0,2,2,0.0
NtBj,4,0,4,1.0
NtBl,2,2,4,0.5
NtBm,5,6,11,0.45
NtBn,5,8,13,0.38
NtBs,4,2,6,0.67
NtBt,1,1,2,0.5
NtDB,0,2,2,0.0
NtDH,1,1,2,0.5
NtDN,1,0,1,1.0
NtDP,1,1,2,0.5
NtDS,1,0,1,1.0
NtDb,3,0,3,1.0
NtDm,2,1,3,0.67
NtDn,1,1,2,0.5
NtHB,1,2,3,0.33
NtHD,0,1,1,0.0
NtHH,0,1,1,0.0
NtHI,0,1,1,0.0
NtHK,0,1,1,0.0
NtHL,4,3,7,0.57
NtHM,5,3,8,0.62
NtHN,6,5,11,0.55
NtHP,4,7,11,0.36
NtHS,2,3,5,0.4
NtHb,5,5,10,0.5
NtHh,2,4,6,0.33
NtHl,2,0,2,1.0
NtHm,4,4,8,0.5
NtHn,6,4,10,0.6
NtHs,5,2,7,0.71
NtHt,0,1,1,0.0
NtIN,1,0,1,1.0
NtIP,0,1,1,0.0
NtIm,1,0,1,1.0
NtKL,1,0,1,1.0
NtKM,1,0,1,1.0
NtKN,1,0,1,1.0
NtKP,0,1,1,0.0
NtKS,1,3,4,0.25
NtKb,1,0,1,1.0
NtKh,1,0,1,1.0
NtKl,2,0,2,1.0
NtLB,1,4,5,0.2
NtLD,1,0,1,1.0
NtLM,2,3,5,0.4
NtLN,5,2,7,0.71
NtLP,6,2,8,0.75
NtLS,3,2,5,0.6
NtLb,8,2,10,0.8
NtLh,1,0,1,1.0
NtLj,2,0,2,1.0
NtLl,2,3,5,0.4
NtLm,1,3,4,0.25
NtLn,5,4,9,0.56
NtLs,1,4,5,0.2
NtLt,1,1,2,0.5
NtMB,5,7,12,0.42
NtMD,0,1,1,0.0
NtML,4,2,6,0.67
NtMM,8,8,16,0.5
NtMN,5,11,16,0.31
NtMP,15,13,28,0.54
NtMS,5,9,14,0.36
NtMb,9,9,18,0.5
NtMh,3,6,9,0.33
NtMj,1,2,3,0.33
NtMl,5,1,6,0.83
NtMm,8,5,13,0.62
NtMn,7,20,27,0.26
NtMs,3,4,7,0.43
NtMt,2,1,3,0.67
NtNB,11,12,23,0.48
NtND,1,0,1,1.0
NtNH,1,1,2,0.5
NtNL,8,0,8,1.0
NtNM,12,16,28,0.43
NtNN,11,12,23,0.48
NtNP,18,17,35,0.51
NtNS,5,9,14,0.36
NtNb,4,6,10,0.4
NtNh,0,4,4,0.0
NtNl,5,3,8,0.62
NtNm,11,7,18,0.61
NtNn,14,11,25,0.56
NtNs,7,8,15,0.47
NtNt,2,2,4,0.5
NtPB,13,7,20,0.65
NtPD,0,1,1,0.0
NtPH,6,2,8,0.75
NtPI,1,2,3,0.33
NtPK,0,1,1,0.0
NtPL,3,5,8,0.38
NtPM,9,16,25,0.36
NtPN,13,7,20,0.65
NtPP,20,32,52,0.38
NtPS,8,11,19,0.42
NtPb,13,16,29,0.45
NtPh,1,0,1,1.0
NtPl,10,8,18,0.56
NtPm,15,8,23,0.65
NtPn,20,14,34,0.59
NtPs,11,14,25,0.44
NtPt,0,4,4,0.0
NtSB,4,3,7,0.57
NtSD,1,0,1,1.0
NtSH,1,2,3,0.33
NtSK,0,1,1,0.0
NtSL,5,1,6,0.83
NtSM,8,5,13,0.62
NtSN,5,7,12,0.42
NtSP,12,7,19,0.63
NtSS,6,6,12,0.5
NtSb,7,6,13,0.54
NtSh,4,5,9,0.44
NtSl,2,4,6,0.33
NtSm,6,3,9,0.67
NtSn,16,10,26,0.62
NtSs,8,8,16,0.5
NtSt,1,4,5,0.2
NtbB,11,10,21,0.52
NtbD,2,0,2,1.0
NtbH,2,1,3,0.67
NtbJ,2,4,6,0.33
NtbK,0,0,0,
NtbL,3,5,8,0.38
NtbM,7,6,13,0.54
NtbN,15,10,25,0.6
NtbP,10,8,18,0.56
NtbS,6,4,10,0.6
Ntbb,7,5,12,0.58
Ntbl,3,3,6,0.5
Ntbm,8,3,11,0.73
Ntbn,17,13,30,0.57
Ntbs,4,5,9,0.44
NthB,1,0,1,1.0
Nthn,2,1,3,0.67
Nths,1,0,1,1.0
NtlB,2,4,6,0.33
NtlD,1,0,1,1.0
NtlH,1,6,7,0.14
NtlI,1,1,2,0.5
NtlJ,2,1,3,0.67
NtlL,1,3,4,0.25
NtlM,1,4,5,0.2
NtlN,4,6,10,0.4
NtlP,1,9,10,0.1
NtlS,6,2,8,0.75
Ntlb,4,0,4,1.0
Ntll,3,2,5,0.6
Ntlm,5,1,6,0.83
Ntln,2,2,4,0.5
Ntls,1,1,2,0.5
NtmB,3,7,10,0.3
NtmD,1,2,3,0.33
NtmH,10,3,13,0.77
NtmI,0,2,2,0.0
NtmJ,3,3,6,0.5
NtmL,3,1,4,0.75
NtmM,7,12,19,0.37
NtmN,9,10,19,0.47
NtmP,10,8,18,0.56
NtmS,3,1,4,0.75
Ntmb,5,10,15,0.33
Ntml,4,5,9,0.44
Ntmm,5,4,9,0.56
Ntmn,2,3,5,0.4
Ntms,2,4,6,0.33
NtnB,6,5,11,0.55
NtnD,0,1,1,0.0
NtnH,4,6,10,0.4
NtnI,1,0,1,1.0
NtnK,1,0,1,1.0
NtnL,2,3,5,0.4
NtnM,10,8,18,0.56
NtnN,16,13,29,0.55
NtnP,13,10,23,0.57
NtnS,7,4,11,0.64
Ntnb,15,9,24,0.62
Ntnh,0,2,2,0.0
Ntnl,4,5,9,0.44
Ntnm,6,6,12,0.5
Ntnn,7,13,20,0.35
Ntns,5,4,9,0.56
NtsB,4,4,8,0.5
NtsD,1,1,2,0.5
NtsH,4,2,6,0.67
NtsI,1,0,1,1.0
NtsL,0,0,0,
NtsM,6,4,10,0.6
NtsN,3,5,8,0.38
NtsP,6,8,14,0.43
NtsS,9,4,13,0.69
Ntsb,2,6,8,0.25
Ntsl,1,1,2,0.5
Ntsm,7,3,10,0.7
Ntsn,5,2,7,0.71
Ntss,3,4,7,0.43
NttB,1,0,1,1.0
NttH,1,3,4,0.25
NttL,0,1,1,0.0
NttM,4,1,5,0.8
NttN,4,4,8,0.5
NttP,0,6,6,0.0
NttS,0,1,1,0.0
Nttb,1,1,2,0.5
Ntth,1,0,1,1.0
Nttl,0,1,1,0.0
Nttm,2,4,6,0.33
Nttn,1,1,2,0.5
Ntts,2,1,3,0.67
Nttt,1,0,1,1.0
PBBB,35,47,82,0.43
PBBD,4,1,5,0.8
PBBH,1,0,1,1.0
PBBK,0,6,6,0.0
PBBL,15,17,32,0.47
PBBM,36,37,73,0.49
PBBN,35,48,83,0.42
PBBP,62,75,137,0.45
PBBS,13,22,35,0.37
PBBb,47,54,101,0.47
PBBh,1,3,4,0.25
PBBj,13,14,27,0.48
PBBl,18,32,50,0.36
PBBm,38,31,69,0.55
PBBn,62,48,110,0.56
PBBs,9,17,26,0.35
PBBt,8,5,13,0.62
PBDB,1,0,1,1.0
PBDD,0,1,1,0.0
PBDH,2,1,3,0.67
PBDI,1,0,1,1.0
PBDL,1,0,1,1.0
PBDM,1,1,2,0.5
PBDN,4,2,6,0.67
PBDP,1,2,3,0.33
PBDS,2,1,3,0.67
PBDb,2,4,6,0.33
PBDl,0,2,2,0.0
PBDm,4,1,5,0.8
PBDn,0,3,3,0.0
PBDs,1,3,4,0.25
PBHB,1,0,1,1.0
PBHL,0,0,0,
PBHP,1,0,1,1.0
PBHS,1,0,1,1.0
PBHb,0,1,1,0.0
PBHm,1,0,1,1.0
PBHn,1,0,1,1.0
PBIM,1,0,1,1.0
PBKB,3,1,4,0.75
PBKH,0,1,1,0.0
PBKL,1,0,1,1.0
PBKM,1,1,2,0.5
PBKN,1,1,2,0.5
PBKP,4,4,8,0.5
PBKS,0,0,0,
PBKb,3,5,8,0.38
PBKh,3,2,5,0.6
PBKl,2,1,3,0.67
PBKm,4,4,8,0.5
PBKn,2,4,6,0.33
PBKs,1,2,3,0.33
PBLB,14,13,27,0.52
PBLH,0,1,1,0.0
PBLK,0,1,1,0.0
PBLL,9,7,16,0.56
PBLM,12,23,35,0.34
PBLN,12,17,29,0.41
PBLP,27,24,51,0.53
PBLS,8,11,19,0.42
PBLb,20,22,42,0.48
PBLh,4,10,14,0.29
PBLj,5,10,15,0.33
PBLl,12,11,23,0.52
PBLm,22,24,46,0.48
PBLn,13,17,30,0.43
PBLs,7,10,17,0.41
PBLt,4,3,7,0.57
PBMB,25,32,57,0.44
PBMD,1,2,3,0.33
PBML,16,23,39,0.41
PBMM,41,36,77,0.53
PBMN,23,46,69,0.33
PBMP,51,55,106,0.48
PBMS,15,27,42,0.36
PBMb,39,51,90,0.43
PBMh,26,28,54,0.48
PBMj,8,14,22,0.36
PBMl,20,22,42,0.48
PBMm,29,37,66,0.44
PBMn,60,60,120,0.5
PBMs,26,13,39,0.67
PBMt,3,4,7,0.43
PBNB,43,27,70,0.61
PBND,3,0,3,1.0
PBNH,3,5,8,0.38
PBNK,2,2,4,0.5
PBNL,20,22,42,0.48
PBNM,39,38,77,0.51
PBNN,37,53,90,0.41
PBNP,64,69,133,0.48
PBNS,29,19,48,0.6
PBNb,43,49,92,0.47
PBNh,16,11,27,0.59
PBNl,22,23,45,0.49
PBNm,36,24,60,0.6
PBNn,51,53,104,0.49
PBNs,27,22,49,0.55
PBNt,7,6,13,0.54
PBPB,40,60,100,0.4
PBPD,2,3,5,0.4
PBPH,21,19,40,0.52
PBPI,2,4,6,0.33
PBPK,2,6,8,0.25
PBPL,29,40,69,0.42
PBPM,54,54,108,0.5
PBPN,66,56,122,0.54
PBPP,94,106,200,0.47
PBPS,37,32,69,0.54
PBPb,77,56,133,0.58
PBPh,1,5,6,0.17
PBPl,34,26,60,0.57
PBPm,57,34,91,0.63
PBPn,55,44,99,0.56
PBPs,32,42,74,0.43
PBPt,4,3,7,0.57
PBSB,15,12,27,0.56
PBSD,0,2,2,0.0
PBSH,2,6,8,0.25
PBSI,1,0,1,1.0
PBSL,9,14,23,0.39
PBSM,26,23,49,0.53
PBSN,23,17,40,0.57
PBSP,33,36,69,0.48
PBSS,10,18,28,0.36
PBSb,27,22,49,0.55
PBSh,10,23,33,0.3
PBSl,15,20,35,0.43
PBSm,25,15,40,0.62
PBSn,22,21,43,0.51
PBSs,23,17,40,0.57
PBSt,4,4,8,0.5
PBbB,50,37,87,0.57
PBbD,2,3,5,0.4
PBbH,8,15,23,0.35
PBbI,7,2,9,0.78
PBbJ,12,13,25,0.48
PBbK,1,5,6,0.17
PBbL,26,25,51,0.51
PBbM,36,51,87,0.41
PBbN,52,51,103,0.5
PBbP,57,73,130,0.44
PBbS,21,31,52,0.4
PBbb,60,41,101,0.59
PBbl,34,22,56,0.61
PBbm,36,29,65,0.55
PBbn,50,40,90,0.56
PBbs,16,21,37,0.43
PBhB,8,6,14,0.57
PBhH,0,0,0,
PBhI,0,1,1,0.0
PBhL,2,3,5,0.4
PBhM,6,2,8,0.75
PBhN,5,1,6,0.83
PBhP,7,15,22,0.32
PBhS,3,7,10,0.3
PBhb,7,1,8,0.88
PBhh,5,7,12,0.42
PBhl,5,7,12,0.42
PBhm,4,4,8,0.5
PBhn,5,4,9,0.56
PBhs,3,2,5,0.6
PBjB,12,20,32,0.38
PBjD,0,0,0,
PBjH,3,2,5,0.6
PBjI,3,1,4,0.75
PBjK,1,1,2,0.5
PBjL,8,11,19,0.42
PBjM,13,10,23,0.57
PBjN,9,10,19,0.47
PBjP,20,17,37,0.54
PBjS,9,13,22,0.41
PBjb,18,17,35,0.51
PBjh,0,2,2,0.0
PBjl,11,14,25,0.44
PBjm,10,8,18,0.56
PBjn,23,12,35,0.66
PBjs,9,7,16,0.56
PBjt,2,5,7,0.29
PBlB,17,19,36,0.47
PBlD,3,3,6,0.5
PBlH,8,12,20,0.4
PBlI,4,4,8,0.5
PBlJ,5,6,11,0.45
PBlK,2,0,2,1.0
PBlL,5,10,15,0.33
PBlM,28,23,51,0.55
PBlN,20,25,45,0.44
PBlP,23,28,51,0.45
PBlS,23,21,44,0.52
PBlb,19,16,35,0.54
PBll,11,7,18,0.61
PBlm,17,10,27,0.63
PBln,17,15,32,0.53
PBls,15,13,28,0.54
PBmB,26,31,57,0.46
PBmD,8,2,10,0.8
PBmH,32,18,50,0.64
PBmI,2,2,4,0.5
PBmJ,12,11,23,0.52
PBmK,0,2,2,0.0
PBmL,17,18,35,0.49
PBmM,38,40,78,0.49
PBmN,40,32,72,0.56
PBmP,43,53,96,0.45
PBmS,27,27,54,0.5
PBmb,46,42,88,0.52
PBml,18,13,31,0.58
PBmm,30,20,50,0.6
PBmn,30,29,59,0.51
PBms,14,20,34,0.41
PBnB,51,38,89,0.57
PBnD,6,4,10,0.6
PBnH,25,25,50,0.5
PBnI,11,8,19,0.58
PBnK,1,3,4,0.25
PBnL,14,18,32,0.44
PBnM,55,39,94,0.59
PBnN,68,67,135,0.5
PBnP,85,82,167,0.51
PBnS,30,33,63,0.48
PBnb,49,51,100,0.49
PBnh,2,1,3,0.67
PBnl,27,25,52,0.52
PBnm,34,38,72,0.47
PBnn,55,58,113,0.49
PBns,40,39,79,0.51
PBsB,15,12,27,0.56
PBsD,0,1,1,0.0
PBsH,22,13,35,0.63
PBsI,2,3,5,0.4
PBsL,7,7,14,0.5
PBsM,20,23,43,0.47
PBsN,20,17,37,0.54
PBsP,26,26,52,0.5
PBsS,19,23,42,0.45
PBsb,14,19,33,0.42
PBsh,1,3,4,0.25
PBsl,8,18,26,0.31
PBsm,19,21,40,0.48
PBsn,15,14,29,0.52
PBss,15,10,25,0.6
PBtB,3,7,10,0.3
PBtD,0,2,2,0.0
PBtH,5,7,12,0.42
PBtK,0,1,1,0.0
PBtL,3,3,6,0.5
PBtM,8,7,15,0.53
PBtN,14,10,24,0.58
PBtP,15,11,26,0.58
PBtS,4,3,7,0.57
PBtb,18,5,23,0.78
PBtl,1,2,3,0.33
PBtm,2,5,7,0.29
PBtn,9,4,13,0.69
PBts,10,4,14,0.71
PBtt,3,1,4,0.75
PDBB,1,2,3,0.33
PDBD,1,1,2,0.5
PDBL,0,1,1,0.0
PDBM,0,1,1,0.0
PDBN,0,4,4,0.0
PDBP,4,2,6,0.67
PDBS,1,1,2,0.5
PDBb,2,3,5,0.4
PDBj,1,0,1,1.0
PDBl,3,2,5,0.6
PDBm,4,1,5,0.8
PDBn,4,0,4,1.0
PDBs,1,2,3,0.33
PDBt,0,1,1,0.0
PDDL,0,2,2,0.0
PDDN,0,1,1,0.0
PDDb,1,0,1,1.0
PDDm,0,1,1,0.0
PDDn,1,1,2,0.5
PDHB,0,2,2,0.0
PDHD,0,1,1,0.0
PDHI,1,0,1,1.0
PDHL,1,3,4,0.25
PDHM,2,5,7,0.29
PDHN,0,1,1,0.0
PDHP,5,4,9,0.56
PDHS,4,3,7,0.57
PDHb,2,2,4,0.5
PDHh,3,2,5,0.6
PDHl,0,1,1,0.0
PDHm,2,1,3,0.67
PDHn,5,3,8,0.62
PDHs,2,1,3,0.67
PDIB,1,0,1,1.0
PDIH,0,0,0,
PDIL,0,1,1,0.0
PDIM,1,0,1,1.0
PDIP,1,0,1,1.0
PDIs,0,1,1,0.0
PDLB,3,2,5,0.6
PDLD,1,0,1,1.0
PDLL,0,2,2,0.0
PDLM,0,4,4,0.0
PDLN,1,0,1,1.0
PDLP,2,6,8,0.25
PDLS,2,0,2,1.0
PDLb,3,1,4,0.75
PDLh,1,1,2,0.5
PDLj,1,0,1,1.0
PDLm,1,1,2,0.5
PDLn,4,2,6,0.67
PDLs,1,1,2,0.5
PDLt,1,0,1,1.0
PDMB,3,5,8,0.38
PDML,2,1,3,0.67
PDMM,7,2,9,0.78
PDMN,3,0,3,1.0
PDMP,2,1,3,0.67
PDMS,1,3,4,0.25
PDMb,4,5,9,0.44
PDMh,4,2,6,0.67
PDMj,1,1,2,0.5
PDMl,3,3,6,0.5
PDMm,2,3,5,0.4
PDMn,7,5,12,0.58
PDMs,2,1,3,0.67
PDMt,1,1,2,0.5
PDNB,3,2,5,0.6
PDNK,1,1,2,0.5
PDNL,1,0,1,1.0
PDNM,0,1,1,0.0
PDNN,5,4,9,0.56
PDNP,5,6,11,0.45
PDNS,4,1,5,0.8
PDNb,4,5,9,0.44
PDNh,1,1,2,0.5
PDNl,3,4,7,0.43
PDNm,0,2,2,0.0
PDNn,5,2,7,0.71
PDNs,1,2,3,0.33
PDNt,0,1,1,0.0
PDPB,2,4,6,0.33
PDPH,0,1,1,0.0
PDPI,0,2,2,0.0
PDPK,1,0,1,1.0
PDPL,4,3,7,0.57
PDPM,9,7,16,0.56
PDPN,6,2,8,0.75
PDPP,6,10,16,0.38
PDPS,3,6,9,0.33
PDPb,3,5,8,0.38
PDPh,0,0,0,
PDPl,4,5,9,0.44
PDPm,7,3,10,0.7
PDPn,6,6,12,0.5
PDPs,4,7,11,0.36
PDPt,1,0,1,1.0
PDSB,0,2,2,0.0
PDSD,1,0,1,1.0
PDSH,0,1,1,0.0
PDSL,2,1,3,0.67
PDSM,3,2,5,0.6
PDSN,3,3,6,0.5
PDSP,6,8,14,0.43
PDSS,3,0,3,1.0
PDSb,2,1,3,0.67
PDSh,1,0,1,1.0
PDSl,1,2,3,0.33
PDSm,3,5,8,0.38
PDSn,8,6,14,0.57
PDSs,1,0,1,1.0
PDSt,1,0,1,1.0
PDbB,4,0,4,1.0
PDbD,0,1,1,0.0
PDbH,0,1,1,0.0
PDbJ,3,1,4,0.75
PDbK,1,0,1,1.0
PDbL,2,1,3,0.67
PDbM,4,6,10,0.4
PDbN,3,2,5,0.6
PDbP,3,4,7,0.43
PDbS,2,1,3,0.67
PDbb,3,5,8,0.38
PDbl,3,3,6,0.5
PDbm,4,1,5,0.8
PDbn,4,4,8,0.5
PDbs,1,3,4,0.25
PDhb,0,1,1,0.0
PDlB,4,1,5,0.8
PDlH,0,2,2,0.0
PDlJ,0,0,0,
PDlL,0,1,1,0.0
PDlM,3,0,3,1.0
PDlN,0,1,1,0.0
PDlP,1,2,3,0.33
PDlS,0,0,0,
PDlb,3,1,4,0.75
PDll,1,2,3,0.33
PDlm,5,0,5,1.0
PDln,1,1,2,0.5
PDls,1,1,2,0.5
PDmB,6,0,6,1.0
PDmH,0,4,4,0.0
PDmJ,2,2,4,0.5
PDmL,1,4,5,0.2
PDmM,2,2,4,0.5
PDmN,4,3,7,0.57
PDmP,7,7,14,0.5
PDmS,2,2,4,0.5
PDmb,5,3,8,0.62
PDml,2,1,3,0.67
PDmm,0,4,4,0.0
PDmn,2,1,3,0.67
PDms,4,1,5,0.8
PDnB,1,4,5,0.2
PDnD,0,0,0,
PDnH,0,2,2,0.0
PDnI,0,1,1,0.0
PDnL,1,0,1,1.0
PDnM,2,3,5,0.4
PDnN,3,4,7,0.43
PDnP,3,3,6,0.5
PDnS,5,3,8,0.62
PDnb,1,3,4,0.25
PDnl,2,2,4,0.5
PDnm,0,1,1,0.0
PDnn,2,4,6,0.33
PDns,2,5,7,0.29
PDsB,2,2,4,0.5
PDsD,0,1,1,0.0
PDsH,2,2,4,0.5
PDsI,0,1,1,0.0
PDsL,1,0,1,1.0
PDsM,3,2,5,0.6
PDsN,3,1,4,0.75
PDsP,3,1,4,0.75
PDsS,4,4,8,0.5
PDsb,3,1,4,0.75
PDsl,1,4,5,0.2
PDsm,4,3,7,0.57
PDsn,2,4,6,0.33
PDss,2,5,7,0.29
PDtB,1,1,2,0.5
PDtM,1,0,1,1.0
PDtN,1,0,1,1.0
PDtP,0,1,1,0.0
PDtb,0,0,0,
PDtn,0,1,1,0.0
PDts,1,0,1,1.0
PHBB,4,10,14,0.29
PHBK,0,1,1,0.0
PHBL,2,6,8,0.25
PHBM,9,13,22,0.41
PHBN,13,9,22,0.59
PHBP,13,15,28,0.46
PHBS,5,8,13,0.38
PHBb,9,12,21,0.43
PHBh,3,1,4,0.75
PHBj,4,5,9,0.44
PHBl,11,13,24,0.46
PHBm,9,9,18,0.5
PHBn,11,16,27,0.41
PHBs,1,9,10,0.1
PHBt,0,2,2,0.0
PHDB,1,1,2,0.5
PHDD,0,1,1,0.0
PHDH,1,1,2,0.5
PHDM,1,2,3,0.33
PHDN,2,1,3,0.67
PHDP,0,2,2,0.0
PHDS,1,2,3,0.33
PHDb,3,0,3,1.0
PHDl,0,2,2,0.0
PHDm,0,1,1,0.0
PHDn,0,1,1,0.0
PHDs,1,1,2,0.5
PHHB,1,1,2,0.5
PHHD,1,1,2,0.5
PHHH,2,0,2,1.0
PHHI,0,1,1,0.0
PHHK,0,1,1,0.0
PHHL,2,1,3,0.67
PHHM,2,3,5,0.4
PHHN,7,2,9,0.78
PHHP,4,7,11,0.36
PHHS,4,4,8,0.5
PHHb,2,3,5,0.4
PHHh,0,2,2,0.0
PHHl,2,0,2,1.0
PHHm,2,5,7,0.29
PHHn,2,1,3,0.67
PHHs,3,3,6,0.5
PHIB,2,2,4,0.5
PHID,1,0,1,1.0
PHIH,0,1,1,0.0
PHIL,1,0,1,1.0
PHIM,1,2,3,0.33
PHIN,1,2,3,0.33
PHIP,3,5,8,0.38
PHIS,2,0,2,1.0
PHIb,1,2,3,0.33
PHIm,2,0,2,1.0
PHIn,0,1,1,0.0
PHIs,3,0,3,1.0
PHKB,0,3,3,0.0
PHKD,0,0,0,
PHKL,1,2,3,0.33
PHKM,2,1,3,0.67
PHKN,0,2,2,0.0
PHKP,1,2,3,0.33
PHKS,0,2,2,0.0
PHKb,1,0,1,1.0
PHKh,1,2,3,0.33
PHKm,4,0,4,1.0
PHKn,3,1,4,0.75
PHKs,2,0,2,1.0
PHKt,0,0,0,
PHLB,5,7,12,0.42
PHLK,0,1,1,0.0
PHLL,1,3,4,0.25
PHLM,7,6,13,0.54
PHLN,5,6,11,0.45
PHLP,7,7,14,0.5
PHLS,5,6,11,0.45
PHLb,3,7,10,0.3
PHLh,5,3,8,0.62
PHLj,3,1,4,0.75
PHLl,4,2,6,0.67
PHLm,6,5,11,0.55
PHLn,6,17,23,0.26
PHLs,4,8,12,0.33
PHLt,0,3,3,0.0
PHMB,14,11,25,0.56
PHMD,0,0,0,
PHMH,0,1,1,0.0
PHMK,1,0,1,1.0
PHML,11,4,15,0.73
PHMM,10,22,32,0.31
PHMN,13,14,27,0.48
PHMP,18,19,37,0.49
PHMS,12,14,26,0.46
PHMb,15,17,32,0.47
PHMh,19,12,31,0.61
PHMj,5,1,6,0.83
PHMl,12,8,20,0.6
PHMm,17,14,31,0.55
PHMn,29,19,48,0.6
PHMs,10,10,20,0.5
PHMt,2,1,3,0.67
PHNB,12,12,24,0.5
PHND,1,1,2,0.5
PHNH,5,1,6,0.83
PHNI,1,1,2,0.5
PHNK,0,2,2,0.0
PHNL,10,3,13,0.77
PHNM,21,25,46,0.46
PHNN,17,15,32,0.53
PHNP,23,28,51,0.45
PHNS,6,13,19,0.32
PHNb,18,15,33,0.55
PHNh,5,10,15,0.33
PHNl,10,10,20,0.5
PHNm,17,12,29,0.59
PHNn,16,18,34,0.47
PHNs,15,4,19,0.79
PHNt,5,4,9,0.56
PHPB,15,19,34,0.44
PHPD,2,0,2,1.0
PHPH,4,11,15,0.27
PHPI,1,3,4,0.25
PHPK,4,2,6,0.67
PHPL,7,15,22,0.32
PHPM,27,21,48,0.56
PHPN,22,26,48,0.46
PHPP,33,48,81,0.41
PHPS,16,16,32,0.5
PHPb,28,17,45,0.62
PHPh,5,5,10,0.5
PHPl,17,15,32,0.53
PHPm,21,15,36,0.58
PHPn,31,21,52,0.6
PHPs,22,15,37,0.59
PHPt,2,1,3,0.67
PHSB,3,7,10,0.3
PHSD,0,1,1,0.0
PHSH,5,3,8,0.62
PHSK,1,2,3,0.33
PHSL,11,5,16,0.69
PHSM,16,14,30,0.53
PHSN,9,11,20,0.45
PHSP,13,16,29,0.45
PHSS,10,10,20,0.5
PHSb,12,10,22,0.55
PHSh,14,9,23,0.61
PHSl,9,8,17,0.53
PHSm,8,9,17,0.47
PHSn,12,12,24,0.5
PHSs,21,15,36,0.58
PHSt,4,3,7,0.57
PHbB,15,15,30,0.5
PHbD,0,2,2,0.0
PHbH,6,3,9,0.67
PHbI,1,1,2,0.5
PHbJ,5,1,6,0.83
PHbK,1,0,1,1.0
PHbL,6,7,13,0.46
PHbM,13,13,26,0.5
PHbN,19,20,39,0.49
PHbP,32,14,46,0.7
PHbS,9,10,19,0.47
PHbb,14,12,26,0.54
PHbl,9,7,16,0.56
PHbm,17,6,23,0.74
PHbn,11,6,17,0.65
PHbs,10,9,19,0.53
PHhB,4,4,8,0.5
PHhH,1,0,1,1.0
PHhL,0,4,4,0.0
PHhM,3,1,4,0.75
PHhN,1,6,7,0.14
PHhP,7,7,14,0.5
PHhS,1,6,7,0.14
PHhb,7,4,11,0.64
PHhh,2,3,5,0.4
PHhl,6,1,7,0.86
PHhm,3,3,6,0.5
PHhn,9,6,15,0.6
PHhs,5,5,10,0.5
PHht,1,0,1,1.0
PHlB,3,5,8,0.38
PHlD,3,0,3,1.0
PHlH,6,3,9,0.67
PHlI,0,0,0,
PHlJ,1,1,2,0.5
PHlK,1,0,1,1.0
PHlL,5,4,9,0.56
PHlM,17,9,26,0.65
PHlN,10,12,22,0.45
PHlP,8,20,28,0.29
PHlS,4,5,9,0.44
PHlb,7,11,18,0.39
PHll,6,7,13,0.46
PHlm,9,2,11,0.82
PHln,2,9,11,0.18
PHls,3,6,9,0.33
PHmB,7,12,19,0.37
PHmD,2,4,6,0.33
PHmH,2,13,15,0.13
PHmI,0,1,1,0.0
PHmJ,2,0,2,1.0
PHmL,6,4,10,0.6
PHmM,6,12,18,0.33
PHmN,11,14,25,0.44
PHmP,12,14,26,0.46
PHmS,9,7,16,0.56
PHmb,15,11,26,0.58
PHml,4,3,7,0.57
PHmm,8,7,15,0.53
PHmn,14,17,31,0.45
PHms,6,4,10,0.6
PHnB,8,11,19,0.42
PHnD,2,0,2,1.0
PHnH,6,13,19,0.32
PHnI,3,1,4,0.75
PHnK,1,2,3,0.33
PHnL,7,5,12,0.58
PHnM,23,14,37,0.62
PHnN,17,29,46,0.37
PHnP,36,31,67,0.54
PHnS,16,16,32,0.5
PHnb,19,13,32,0.59
PHnh,0,2,2,0.0
PHnl,10,8,18,0.56
PHnm,10,15,25,0.4
PHnn,19,21,40,0.48
PHns,15,14,29,0.52
PHsB,12,6,18,0.67
PHsD,2,1,3,0.67
PHsH,7,10,17,0.41
PHsI,2,1,3,0.67
PHsK,2,0,2,1.0
PHsL,4,4,8,0.5
PHsM,17,10,27,0.63
PHsN,14,12,26,0.54
PHsP,21,22,43,0.49
PHsS,20,16,36,0.56
PHsb,10,11,21,0.48
PHsh,1,2,3,0.33
PHsl,4,11,15,0.27
PHsm,16,11,27,0.59
PHsn,10,8,18,0.56
PHss,6,8,14,0.43
PHtB,0,1,1,0.0
PHtL,0,1,1,0.0
PHtM,1,2,3,0.33
PHtN,1,0,1,1.0
PHtP,1,2,3,0.33
PHtS,2,1,3,0.67
PHtb,0,1,1,0.0
PHth,1,0,1,1.0
PHtm,1,1,2,0.5
PHts,1,0,1,1.0
PIBB,4,5,9,0.44
PIBK,1,0,1,1.0
PIBL,1,1,2,0.5
PIBM,3,1,4,0.75
PIBN,3,2,5,0.6
PIBP,2,6,8,0.25
PIBS,2,1,3,0.67
PIBb,2,4,6,0.33
PIBj,1,0,1,1.0
PIBl,4,1,5,0.8
PIBm,5,8,13,0.38
PIBn,6,2,8,0.75
PIBs,0,2,2,0.0
PIDH,0,1,1,0.0
PIDN,0,2,2,0.0
PIDb,0,0,0,
PIDl,2,1,3,0.67
PIDm,1,0,1,1.0
PIHB,3,2,5,0.6
PIHD,0,1,1,0.0
PIHH,1,0,1,1.0
PIHL,1,1,2,0.5
PIHM,3,2,5,0.6
PIHN,1,3,4,0.25
PIHP,4,3,7,0.57
PIHS,2,4,6,0.33
PIHb,0,5,5,0.0
PIHh,1,1,2,0.5
PIHl,2,1,3,0.67
PIHm,3,2,5,0.6
PIHn,1,5,6,0.17
PIHs,0,5,5,0.0
PIHt,1,0,1,1.0
PIIB,0,1,1,0.0
PIIH,1,1,2,0.5
PIIM,0,1,1,0.0
PIIN,0,1,1,0.0
PIIS,0,0,0,
PIIn,0,1,1,0.0
PIKL,1,0,1,1.0
PIKn,1,0,1,1.0
PILB,5,1,6,0.83
PILD,0,1,1,0.0
PILK,1,1,2,0.5
PILL,3,0,3,1.0
PILM,2,7,9,0.22
PILN,6,2,8,0.75
PILP,2,2,4,0.5
PILS,1,2,3,0.33
PILb,3,1,4,0.75
PILh,0,0,0,
PILj,0,2,2,0.0
PILl,1,0,1,1.0
PILm,2,3,5,0.4
PILn,2,0,2,1.0
PILs,2,1,3,0.67
PILt,1,1,2,0.5
PIMB,3,5,8,0.38
PIML,1,2,3,0.33
PIMM,4,2,6,0.67
PIMN,1,2,3,0.33
PIMP,6,3,9,0.67
PIMS,2,1,3,0.67
PIMb,0,2,2,0.0
PIMh,4,4,8,0.5
PIMj,0,1,1,0.0
PIMl,2,3,5,0.4
PIMm,4,2,6,0.67
PIMn,5,7,12,0.42
PIMs,2,2,4,0.5
PIMt,2,1,3,0.67
PINB,4,5,9,0.44
PINH,1,0,1,1.0
PINK,1,1,2,0.5
PINL,4,2,6,0.67
PINM,3,5,8,0.38
PINN,5,6,11,0.45
PINP,5,5,10,0.5
PINS,4,3,7,0.57
PINb,5,3,8,0.62
PINl,4,2,6,0.67
PINm,6,2,8,0.75
PINn,0,6,6,0.0
PINs,2,1,3,0.67
PINt,1,0,1,1.0
PIPB,7,7,14,0.5
PIPD,0,1,1,0.0
PIPH,3,2,5,0.6
PIPI,1,2,3,0.33
PIPK,0,0,0,
PIPL,3,9,12,0.25
PIPM,6,8,14,0.43
PIPN,2,5,7,0.29
PIPP,8,14,22,0.36
PIPS,1,4,5,0.2
PIPb,4,7,11,0.36
PIPh,2,1,3,0.67
PIPl,2,7,9,0.22
PIPm,6,1,7,0.86
PIPn,4,2,6,0.67
PIPs,4,7,11,0.36
PIPt,2,0,2,1.0
PISB,2,2,4,0.5
PISH,2,3,5,0.4
PISL,5,1,6,0.83
PISM,1,3,4,0.25
PISN,3,1,4,0.75
PISP,3,2,5,0.6
PISS,2,5,7,0.29
PISb,3,4,7,0.43
PISh,3,1,4,0.75
PISl,0,1,1,0.0
PISm,0,2,2,0.0
PISn,3,3,6,0.5
PISs,6,0,6,1.0
PISt,1,1,2,0.5
PIbB,5,3,8,0.62
PIbH,1,2,3,0.33
PIbI,1,0,1,1.0
PIbJ,5,1,6,0.83
PIbK,0,1,1,0.0
PIbL,2,2,4,0.5
PIbM,3,4,7,0.43
PIbN,2,1,3,0.67
PIbP,11,7,18,0.61
PIbS,1,4,5,0.2
PIbb,3,6,9,0.33
PIbl,2,2,4,0.5
PIbm,5,2,7,0.71
PIbn,3,1,4,0.75
PIbs,1,0,1,1.0
PIhS,1,0,1,1.0
PIlB,2,4,6,0.33
PIlD,0,1,1,0.0
PIlH,2,1,3,0.67
PIlJ,1,0,1,1.0
PIlL,1,1,2,0.5
PIlM,1,2,3,0.33
PIlN,1,1,2,0.5
PIlP,3,1,4,0.75
PIlS,0,1,1,0.0
PIlb,4,2,6,0.67
PIll,2,1,3,0.67
PIlm,0,2,2,0.0
PIln,0,2,2,0.0
PIls,0,1,1,0.0
PImB,3,3,6,0.5
PImH,2,2,4,0.5
PImI,1,0,1,1.0
PImL,1,3,4,0.25
PImM,6,6,12,0.5
PImN,4,1,5,0.8
PImP,7,5,12,0.58
PImS,3,3,6,0.5
PImb,6,7,13,0.46
PIml,1,0,1,1.0
PImm,0,1,1,0.0
PImn,2,2,4,0.5
PIms,1,3,4,0.25
PInB,0,4,4,0.0
PInH,1,2,3,0.33
PInL,0,2,2,0.0
PInM,5,4,9,0.56
PInN,4,4,8,0.5
PInP,5,3,8,0.62
PInS,2,2,4,0.5
PInb,3,3,6,0.5
PInl,1,0,1,1.0
PInm,3,1,4,0.75
PInn,1,3,4,0.25
PIns,1,1,2,0.5
PIsB,3,0,3,1.0
PIsD,0,0,0,
PIsH,2,2,4,0.5
PIsK,0,1,1,0.0
PIsL,2,1,3,0.67
PIsM,1,0,1,1.0
PIsN,0,2,2,0.0
PIsP,3,1,4,0.75
PIsS,2,3,5,0.4
PIsb,1,3,4,0.25
PIsl,2,1,3,0.67
PIsm,6,0,6,1.0
PIsn,1,0,1,1.0
PIss,2,1,3,0.67
PItD,0,1,1,0.0
PItH,1,0,1,1.0
PItS,0,0,0,
PItm,1,0,1,1.0
PItn,0,0,0,
PKBB,4,1,5,0.8
PKBK,0,1,1,0.0
PKBL,3,2,5,0.6
PKBM,6,6,12,0.5
PKBN,2,0,2,1.0
PKBP,1,6,7,0.14
PKBS,0,6,6,0.0
PKBb,8,4,12,0.67
PKBh,2,0,2,1.0
PKBj,0,2,2,0.0
PKBl,4,3,7,0.57
PKBm,3,3,6,0.5
PKBn,2,4,6,0.33
PKBs,4,2,6,0.67
PKBt,1,0,1,1.0
PKDB,0,1,1,0.0
PKDH,0,1,1,0.0
PKDb,1,0,1,1.0
PKDn,1,0,1,1.0
PKHI,1,0,1,1.0
PKHN,1,1,2,0.5
PKHP,2,1,3,0.67
PKHS,1,0,1,1.0
PKHb,1,0,1,1.0
PKHn,0,2,2,0.0
PKHs,1,1,2,0.5
PKIB,1,0,1,1.0
PKIL,1,0,1,1.0
PKIP,1,0,1,1.0
PKIb,1,1,2,0.5
PKIm,1,0,1,1.0
PKIn,0,1,1,0.0
PKKh,0,1,1,0.0
PKKn,0,1,1,0.0
PKLB,6,1,7,0.86
PKLL,3,2,5,0.6
PKLM,4,5,9,0.44
PKLN,1,1,2,0.5
PKLP,7,3,10,0.7
PKLS,3,2,5,0.6
PKLb,4,0,4,1.0
PKLj,1,0,1,1.0
PKLl,6,2,8,0.75
PKLm,1,1,2,0.5
PKLn,2,1,3,0.67
PKLs,2,3,5,0.4
PKMB,3,5,8,0.38
PKMD,1,1,2,0.5
PKMK,0,1,1,0.0
PKML,5,1,6,0.83
PKMM,7,6,13,0.54
PKMN,2,3,5,0.4
PKMP,8,6,14,0.57
PKMS,4,4,8,0.5
PKMb,4,8,12,0.33
PKMh,3,5,8,0.38
PKMj,0,2,2,0.0
PKMl,7,5,12,0.58
PKMm,4,1,5,0.8
PKMn,6,4,10,0.6
PKMs,1,4,5,0.2
PKMt,2,2,4,0.5
PKNB,1,0,1,1.0
PKNH,0,1,1,0.0
PKNK,0,1,1,0.0
PKNL,1,0,1,1.0
PKNM,2,4,6,0.33
PKNN,2,4,6,0.33
PKNP,3,8,11,0.27
PKNS,4,4,8,0.5
PKNb,3,5,8,0.38
PKNh,2,1,3,0.67
PKNl,2,3,5,0.4
PKNm,5,2,7,0.71
PKNn,3,3,6,0.5
PKNs,4,5,9,0.44
PKNt,0,2,2,0.0
PKPB,5,5,10,0.5
PKPD,1,1,2,0.5
PKPK,1,0,1,1.0
PKPL,5,5,10,0.5
PKPM,10,8,18,0.56
PKPN,3,9,12,0.25
PKPP,15,6,21,0.71
PKPS,8,9,17,0.47
PKPb,10,9,19,0.53
PKPh,2,2,4,0.5
PKPl,3,5,8,0.38
PKPm,6,5,11,0.55
PKPn,2,2,4,0.5
PKPs,5,4,9,0.56
PKPt,0,2,2,0.0
PKSB,0,2,2,0.0
PKSD,0,1,1,0.0
PKSH,1,2,3,0.33
PKSL,1,0,1,1.0
PKSM,4,5,9,0.44
PKSN,2,2,4,0.5
PKSP,3,4,7,0.43
PKSS,3,6,9,0.33
PKSb,5,3,8,0.62
PKSh,1,2,3,0.33
PKSl,3,4,7,0.43
PKSm,3,4,7,0.43
PKSn,3,3,6,0.5
PKSs,2,3,5,0.4
PKbB,5,4,9,0.56
PKbH,0,2,2,0.0
PKbJ,1,2,3,0.33
PKbK,1,0,1,1.0
PKbL,2,3,5,0.4
PKbM,6,5,11,0.55
PKbN,6,8,14,0.43
PKbP,8,9,17,0.47
PKbS,4,1,5,0.8
PKbb,6,5,11,0.55
PKbl,1,2,3,0.33
PKbm,5,2,7,0.71
PKbn,4,6,10,0.4
PKbs,4,2,6,0.67
PKhB,7,2,9,0.78
PKhD,1,0,1,1.0
PKhH,1,0,1,1.0
PKhL,2,5,7,0.29
PKhM,9,3,12,0.75
PKhN,1,2,3,0.33
PKhP,8,8,16,0.5
PKhS,2,2,4,0.5
PKhb,6,7,13,0.46
PKhh,4,4,8,0.5
PKhl,2,4,6,0.33
PKhm,5,3,8,0.62
PKhn,4,3,7,0.57
PKhs,0,0,0,
PKlB,4,3,7,0.57
PKlD,3,0,3,1.0
PKlH,1,1,2,0.5
PKlI,1,1,2,0.5
PKlJ,1,1,2,0.5
PKlL,1,2,3,0.33
PKlM,4,1,5,0.8
PKlN,6,3,9,0.67
PKlP,8,3,11,0.73
PKlS,3,2,5,0.6
PKlb,2,5,7,0.29
PKll,4,0,4,1.0
PKlm,5,2,7,0.71
PKln,4,2,6,0.67
PKls,2,4,6,0.33
PKmB,5,3,8,0.62
PKmH,2,3,5,0.4
PKmI,0,1,1,0.0
PKmJ,3,0,3,1.0
PKmL,2,2,4,0.5
PKmM,8,3,11,0.73
PKmN,4,0,4,1.0
PKmP,7,1,8,0.88
PKmS,4,5,9,0.44
PKmb,8,5,13,0.62
PKml,5,2,7,0.71
PKmm,7,7,14,0.5
PKmn,2,1,3,0.67
PKms,5,3,8,0.62
PKnB,3,4,7,0.43
PKnD,0,0,0,
PKnH,4,4,8,0.5
PKnI,1,0,1,1.0
PKnK,0,1,1,0.0
PKnL,3,1,4,0.75
PKnM,7,4,11,0.64
PKnN,6,7,13,0.46
PKnP,10,7,17,0.59
PKnS,3,2,5,0.6
PKnb,6,2,8,0.75
PKnl,8,2,10,0.8
PKnm,3,8,11,0.27
PKnn,3,4,7,0.43
PKns,1,8,9,0.11
PKsB,5,2,7,0.71
PKsD,0,0,0,
PKsH,2,3,5,0.4
PKsI,2,0,2,1.0
PKsK,0,2,2,0.0
PKsL,5,2,7,0.71
PKsM,3,1,4,0.75
PKsN,2,1,3,0.67
PKsP,6,7,13,0.46
PKsS,4,3,7,0.57
PKsb,8,3,11,0.73
PKsh,1,0,1,1.0
PKsl,1,6,7,0.14
PKsm,6,1,7,0.86
PKsn,2,2,4,0.5
PKss,3,4,7,0.43
PKtB,0,0,0,
PKtH,1,0,1,1.0
PKtL,0,1,1,0.0
PKtM,0,1,1,0.0
PKtP,1,0,1,1.0
PKtS,0,1,1,0.0
PKtb,1,0,1,1.0
PKtm,1,1,2,0.5
PKts,0,1,1,0.0
PLBB,17,16,33,0.52
PLBD,1,2,3,0.33
PLBH,0,1,1,0.0
PLBK,1,2,3,0.33
PLBL,3,15,18,0.17
PLBM,18,22,40,0.45
PLBN,26,18,44,0.59
PLBP,24,39,63,0.38
PLBS,7,9,16,0.44
PLBb,26,19,45,0.58
PLBh,4,3,7,0.57
PLBj,7,8,15,0.47
PLBl,16,14,30,0.53
PLBm,13,12,25,0.52
PLBn,22,28,50,0.44
PLBs,7,12,19,0.37
PLBt,2,4,6,0.33
PLDB,2,1,3,0.67
PLDH,1,1,2,0.5
PLDL,2,1,3,0.67
PLDM,1,1,2,0.5
PLDN,0,2,2,0.0
PLDP,4,1,5,0.8
PLDS,1,0,1,1.0
PLDb,0,2,2,0.0
PLDh,1,0,1,1.0
PLDl,1,1,2,0.5
PLDm,0,3,3,0.0
PLDn,1,0,1,1.0
PLHB,2,1,3,0.67
PLHM,1,2,3,0.33
PLHN,0,1,1,0.0
PLHP,1,0,1,1.0
PLHS,1,0,1,1.0
PLHb,1,0,1,1.0
PLHm,1,1,2,0.5
PLHs,0,1,1,0.0
PLIB,0,1,1,0.0
PLKB,2,1,3,0.67
PLKL,0,1,1,0.0
PLKM,2,2,4,0.5
PLKN,0,2,2,0.0
PLKP,2,1,3,0.67
PLKS,0,1,1,0.0
PLKb,2,2,4,0.5
PLKh,1,1,2,0.5
PLKl,1,1,2,0.5
PLKm,2,2,4,0.5
PLKn,2,1,3,0.67
PLKs,2,1,3,0.67
PLLB,6,12,18,0.33
PLLD,1,0,1,1.0
PLLH,1,0,1,1.0
PLLL,3,5,8,0.38
PLLM,15,9,24,0.62
PLLN,13,2,15,0.87
PLLP,25,17,42,0.6
PLLS,8,7,15,0.53
PLLb,8,14,22,0.36
PLLh,4,4,8,0.5
PLLj,5,3,8,0.62
PLLl,4,6,10,0.4
PLLm,11,6,17,0.65
PLLn,10,11,21,0.48
PLLs,7,5,12,0.58
PLLt,2,1,3,0.67
PLMB,30,18,48,0.62
PLMD,1,2,3,0.33
PLML,16,14,30,0.53
PLMM,30,21,51,0.59
PLMN,19,24,43,0.44
PLMP,32,27,59,0.54
PLMS,12,14,26,0.46
PLMb,27,30,57,0.47
PLMh,23,22,45,0.51
PLMj,9,4,13,0.69
PLMl,3,20,23,0.13
PLMm,19,20,39,0.49
PLMn,40,33,73,0.55
PLMs,13,10,23,0.57
PLMt,2,7,9,0.22
PLNB,19,14,33,0.58
PLND,0,1,1,0.0
PLNH,3,5,8,0.38
PLNI,1,0,1,1.0
PLNK,0,2,2,0.0
PLNL,10,7,17,0.59
PLNM,15,18,33,0.45
PLNN,18,24,42,0.43
PLNP,33,35,68,0.49
PLNS,17,12,29,0.59
PLNb,29,17,46,0.63
PLNh,6,6,12,0.5
PLNl,14,9,23,0.61
PLNm,19,18,37,0.51
PLNn,26,21,47,0.55
PLNs,15,8,23,0.65
PLNt,5,1,6,0.83
PLPB,26,22,48,0.54
PLPD,3,0,3,1.0
PLPH,9,9,18,0.5
PLPI,0,1,1,0.0
PLPK,1,3,4,0.25
PLPL,25,23,48,0.52
PLPM,44,35,79,0.56
PLPN,28,28,56,0.5
PLPP,65,62,127,0.51
PLPS,22,17,39,0.56
PLPb,38,36,74,0.51
PLPh,2,2,4,0.5
PLPl,25,19,44,0.57
PLPm,31,23,54,0.57
PLPn,19,22,41,0.46
PLPs,26,21,47,0.55
PLPt,3,3,6,0.5
PLSB,16,8,24,0.67
PLSD,3,0,3,1.0
PLSH,4,7,11,0.36
PLSK,3,0,3,1.0
PLSL,10,11,21,0.48
PLSM,20,12,32,0.62
PLSN,19,17,36,0.53
PLSP,24,23,47,0.51
PLSS,19,11,30,0.63
PLSb,19,9,28,0.68
PLSh,9,11,20,0.45
PLSl,17,9,26,0.65
PLSm,22,15,37,0.59
PLSn,11,11,22,0.5
PLSs,11,13,24,0.46
PLSt,1,5,6,0.17
PLbB,31,20,51,0.61
PLbD,1,2,3,0.33
PLbH,8,6,14,0.57
PLbI,5,4,9,0.56
PLbJ,3,4,7,0.43
PLbK,1,2,3,0.33
PLbL,8,12,20,0.4
PLbM,26,26,52,0.5
PLbN,41,28,69,0.59
PLbP,41,39,80,0.51
PLbS,19,13,32,0.59
PLbb,31,24,55,0.56
PLbl,22,6,28,0.79
PLbm,25,13,38,0.66
PLbn,32,22,54,0.59
PLbs,21,17,38,0.55
PLhB,13,10,23,0.57
PLhD,0,1,1,0.0
PLhH,3,1,4,0.75
PLhL,2,3,5,0.4
PLhM,14,14,28,0.5
PLhN,4,4,8,0.5
PLhP,16,14,30,0.53
PLhS,8,5,13,0.62
PLhb,12,13,25,0.48
PLhh,8,5,13,0.62
PLhl,7,6,13,0.54
PLhm,17,5,22,0.77
PLhn,4,15,19,0.21
PLhs,12,15,27,0.44
PLht,2,1,3,0.67
PLjB,10,5,15,0.67
PLjH,0,2,2,0.0
PLjI,1,0,1,1.0
PLjL,7,6,13,0.54
PLjM,3,9,12,0.25
PLjN,5,7,12,0.42
PLjP,11,18,29,0.38
PLjS,5,7,12,0.42
PLjb,12,6,18,0.67
PLjh,4,7,11,0.36
PLjl,4,5,9,0.44
PLjm,7,8,15,0.47
PLjn,6,13,19,0.32
PLjs,4,4,8,0.5
PLjt,1,0,1,1.0
PLlB,15,12,27,0.56
PLlD,0,1,1,0.0
PLlH,12,7,19,0.63
PLlJ,5,4,9,0.56
PLlK,1,0,1,1.0
PLlL,9,12,21,0.43
PLlM,22,22,44,0.5
PLlN,20,14,34,0.59
PLlP,22,25,47,0.47
PLlS,9,9,18,0.5
PLlb,24,15,39,0.62
PLll,9,12,21,0.43
PLlm,13,12,25,0.52
PLln,9,14,23,0.39
PLls,12,11,23,0.52
PLmB,17,20,37,0.46
PLmD,4,5,9,0.44
PLmH,14,21,35,0.4
PLmI,0,5,5,0.0
PLmJ,5,5,10,0.5
PLmK,0,1,1,0.0
PLmL,6,8,14,0.43
PLmM,24,22,46,0.52
PLmN,27,20,47,0.57
PLmP,35,24,59,0.59
PLmS,21,25,46,0.46
PLmb,18,29,47,0.38
PLml,12,12,24,0.5
PLmm,17,6,23,0.74
PLmn,24,15,39,0.62
PLms,12,11,23,0.52
PLnB,26,19,45,0.58
PLnD,4,2,6,0.67
PLnH,11,13,24,0.46
PLnI,4,1,5,0.8
PLnK,5,1,6,0.83
PLnL,14,16,30,0.47
PLnM,32,36,68,0.47
PLnN,35,30,65,0.54
PLnP,61,45,106,0.58
PLnS,28,25,53,0.53
PLnb,32,35,67,0.48
PLnh,0,1,1,0.0
PLnl,24,16,40,0.6
PLnm,26,26,52,0.5
PLnn,39,31,70,0.56
PLns,20,27,47,0.43
PLsB,14,7,21,0.67
PLsD,2,2,4,0.5
PLsH,10,11,21,0.48
PLsI,2,1,3,0.67
PLsK,0,1,1,0.0
PLsL,9,7,16,0.56
PLsM,17,14,31,0.55
PLsN,10,14,24,0.42
PLsP,27,20,47,0.57
PLsS,17,17,34,0.5
PLsb,14,16,30,0.47
PLsh,0,1,1,0.0
PLsl,6,9,15,0.4
PLsm,13,11,24,0.54
PLsn,14,10,24,0.58
PLss,10,14,24,0.42
PLtB,6,4,10,0.6
PLtD,0,0,0,
PLtH,1,1,2,0.5
PLtL,1,1,2,0.5
PLtM,5,5,10,0.5
PLtN,8,7,15,0.53
PLtP,4,6,10,0.4
PLtS,1,2,3,0.33
PLtb,4,2,6,0.67
PLtl,3,2,5,0.6
PLtm,3,2,5,0.6
PLtn,6,3,9,0.67
PLts,3,4,7,0.43
PLtt,2,1,3,0.67
PMBB,55,46,101,0.54
PMBD,1,1,2,0.5
PMBH,0,0,0,
PMBK,2,2,4,0.5
PMBL,21,20,41,0.51
PMBM,45,52,97,0.46
PMBN,50,50,100,0.5
PMBP,60,81,141,0.43
PMBS,21,28,49,0.43
PMBb,57,63,120,0.48
PMBh,7,7,14,0.5
PMBj,12,16,28,0.43
PMBl,19,30,49,0.39
PMBm,50,29,79,0.63
PMBn,59,47,106,0.56
PMBs,18,28,46,0.39
PMBt,2,8,10,0.2
PMDB,4,2,6,0.67
PMDD,0,0,0,
PMDH,3,1,4,0.75
PMDL,1,0,1,1.0
PMDM,1,4,5,0.2
PMDN,2,3,5,0.4
PMDP,6,4,10,0.6
PMDS,4,3,7,0.57
PMDb,2,4,6,0.33
PMDl,1,1,2,0.5
PMDm,3,3,6,0.5
PMDn,5,5,10,0.5
PMDs,3,4,7,0.43
PMHB,1,0,1,1.0
PMHL,0,1,1,0.0
PMHM,1,0,1,1.0
PMHP,0,1,1,0.0
PMHS,0,0,0,
PMHn,1,0,1,1.0
PMHs,0,0,0,
PMIn,0,0,0,
PMKP,0,2,2,0.0
PMKm,0,0,0,
PMKn,2,1,3,0.67
PMLB,18,17,35,0.51
PMLD,1,0,1,1.0
PMLH,1,0,1,1.0
PMLL,7,7,14,0.5
PMLM,12,26,38,0.32
PMLN,19,20,39,0.49
PMLP,26,30,56,0.46
PMLS,13,18,31,0.42
PMLb,23,26,49,0.47
PMLh,8,12,20,0.4
PMLj,9,6,15,0.6
PMLl,12,7,19,0.63
PMLm,13,19,32,0.41
PMLn,26,32,58,0.45
PMLs,8,11,19,0.42
PMLt,0,4,4,0.0
PMMB,41,50,91,0.45
PMMD,3,2,5,0.6
PMMK,0,1,1,0.0
PMML,19,19,38,0.5
PMMM,60,50,110,0.55
PMMN,44,64,108,0.41
PMMP,70,89,159,0.44
PMMS,34,28,62,0.55
PMMb,74,55,129,0.57
PMMh,35,51,86,0.41
PMMj,18,17,35,0.51
PMMl,29,24,53,0.55
PMMm,42,46,88,0.48
PMMn,71,71,142,0.5
PMMs,38,35,73,0.52
PMMt,9,11,20,0.45
PMNB,35,33,68,0.51
PMND,2,2,4,0.5
PMNH,8,8,16,0.5
PMNK,6,2,8,0.75
PMNL,17,19,36,0.47
PMNM,34,52,86,0.4
PMNN,54,48,102,0.53
PMNP,83,90,173,0.48
PMNS,26,34,60,0.43
PMNb,45,38,83,0.54
PMNh,17,18,35,0.49
PMNl,33,21,54,0.61
PMNm,38,26,64,0.59
PMNn,72,72,144,0.5
PMNs,20,28,48,0.42
PMNt,11,13,24,0.46
PMPB,62,53,115,0.54
PMPD,3,2,5,0.6
PMPH,14,25,39,0.36
PMPI,3,2,5,0.6
PMPK,6,11,17,0.35
PMPL,33,37,70,0.47
PMPM,62,83,145,0.43
PMPN,77,80,157,0.49
PMPP,95,125,220,0.43
PMPS,39,62,101,0.39
PMPb,75,67,142,0.53
PMPh,5,6,11,0.45
PMPl,43,40,83,0.52
PMPm,73,68,141,0.52
PMPn,80,68,148,0.54
PMPs,48,45,93,0.52
PMPt,7,4,11,0.64
PMSB,23,27,50,0.46
PMSD,3,0,3,1.0
PMSH,10,11,21,0.48
PMSI,0,2,2,0.0
PMSK,0,1,1,0.0
PMSL,6,8,14,0.43
PMSM,24,34,58,0.41
PMSN,28,30,58,0.48
PMSP,39,50,89,0.44
PMSS,20,32,52,0.38
PMSb,21,38,59,0.36
PMSh,16,24,40,0.4
PMSl,18,23,41,0.44
PMSm,29,24,53,0.55
PMSn,39,35,74,0.53
PMSs,38,36,74,0.51
PMSt,8,5,13,0.62
PMbB,54,32,86,0.63
PMbD,3,2,5,0.6
PMbH,21,31,52,0.4
PMbI,3,3,6,0.5
PMbJ,18,12,30,0.6
PMbK,8,13,21,0.38
PMbL,24,18,42,0.57
PMbM,61,75,136,0.45
PMbN,74,74,148,0.5
PMbP,95,82,177,0.54
PMbS,27,43,70,0.39
PMbb,97,71,168,0.58
PMbl,26,27,53,0.49
PMbm,48,37,85,0.56
PMbn,63,84,147,0.43
PMbs,34,26,60,0.57
PMhB,24,39,63,0.38
PMhD,0,2,2,0.0
PMhH,8,7,15,0.53
PMhI,2,1,3,0.67
PMhK,3,0,3,1.0
PMhL,17,14,31,0.55
PMhM,45,41,86,0.52
PMhN,28,36,64,0.44
PMhP,67,61,128,0.52
PMhS,33,24,57,0.58
PMhb,47,46,93,0.51
PMhh,35,42,77,0.45
PMhl,46,28,74,0.62
PMhm,43,36,79,0.54
PMhn,53,44,97,0.55
PMhs,29,31,60,0.48
PMht,6,7,13,0.46
PMjB,14,9,23,0.61
PMjD,1,0,1,1.0
PMjH,2,7,9,0.22
PMjI,0,2,2,0.0
PMjK,2,2,4,0.5
PMjL,6,8,14,0.43
PMjM,12,6,18,0.67
PMjN,10,11,21,0.48
PMjP,21,22,43,0.49
PMjS,11,10,21,0.52
PMjb,25,13,38,0.66
PMjh,4,2,6,0.67
PMjl,13,13,26,0.5
PMjm,13,17,30,0.43
PMjn,10,9,19,0.53
PMjs,11,12,23,0.48
PMjt,6,2,8,0.75
PMlB,29,14,43,0.67
PMlD,3,1,4,0.75
PMlH,16,24,40,0.4
PMlI,2,3,5,0.4
PMlJ,3,8,11,0.27
PMlK,1,1,2,0.5
PMlL,16,12,28,0.57
PMlM,26,39,65,0.4
PMlN,42,40,82,0.51
PMlP,40,41,81,0.49
PMlS,20,23,43,0.47
PMlb,31,22,53,0.58
PMll,21,19,40,0.52
PMlm,28,18,46,0.61
PMln,27,27,54,0.5
PMls,21,15,36,0.58
PMmB,28,42,70,0.4
PMmD,3,4,7,0.43
PMmH,40,34,74,0.54
PMmI,3,4,7,0.43
PMmJ,7,8,15,0.47
PMmK,2,1,3,0.67
PMmL,20,24,44,0.45
PMmM,48,51,99,0.48
PMmN,56,57,113,0.5
PMmP,78,67,145,0.54
PMmS,34,39,73,0.47
PMmb,41,38,79,0.52
PMml,13,14,27,0.48
PMmm,37,37,74,0.5
PMmn,35,59,94,0.37
PMms,20,22,42,0.48
PMnB,42,58,100,0.42
PMnD,8,3,11,0.73
PMnH,35,35,70,0.5
PMnI,8,11,19,0.42
PMnK,3,4,7,0.43
PMnL,26,25,51,0.51
PMnM,69,78,147,0.47
PMnN,80,98,178,0.45
PMnP,114,120,234,0.49
PMnS,56,54,110,0.51
PMnb,61,86,147,0.41
PMnh,3,6,9,0.33
PMnl,30,30,60,0.5
PMnm,60,58,118,0.51
PMnn,75,90,165,0.45
PMns,52,49,101,0.51
PMsB,20,11,31,0.65
PMsD,4,2,6,0.67
PMsH,34,47,81,0.42
PMsI,3,2,5,0.6
PMsK,2,1,3,0.67
PMsL,11,11,22,0.5
PMsM,33,31,64,0.52
PMsN,34,34,68,0.5
PMsP,49,59,108,0.45
PMsS,31,40,71,0.44
PMsb,30,34,64,0.47
PMsh,1,2,3,0.33
PMsl,20,20,40,0.5
PMsm,33,28,61,0.54
PMsn,26,37,63,0.41
PMss,39,21,60,0.65
PMtB,7,9,16,0.44
PMtD,1,0,1,1.0
PMtH,1,9,10,0.1
PMtL,4,3,7,0.57
PMtM,7,8,15,0.47
PMtN,13,8,21,0.62
PMtP,11,13,24,0.46
PMtS,7,9,16,0.44
PMtb,9,8,17,0.53
PMth,1,0,1,1.0
PMtl,3,6,9,0.33
PMtm,6,5,11,0.55
PMtn,11,10,21,0.52
PMts,3,5,8,0.38
PMtt,0,3,3,0.0
PNBB,38,45,83,0.46
PNBD,2,4,6,0.33
PNBH,2,0,2,1.0
PNBK,2,2,4,0.5
PNBL,14,21,35,0.4
PNBM,37,45,82,0.45
PNBN,41,51,92,0.45
PNBP,62,71,133,0.47
PNBS,17,24,41,0.41
PNBb,40,46,86,0.47
PNBh,4,2,6,0.67
PNBj,10,14,24,0.42
PNBl,32,27,59,0.54
PNBm,40,31,71,0.56
PNBn,56,55,111,0.5
PNBs,17,20,37,0.46
PNBt,6,9,15,0.4
PNDB,1,1,2,0.5
PNDH,0,2,2,0.0
PNDI,1,0,1,1.0
PNDK,1,0,1,1.0
PNDL,1,2,3,0.33
PNDM,2,9,11,0.18
PNDN,1,4,5,0.2
PNDP,6,7,13,0.46
PNDS,3,3,6,0.5
PNDb,3,3,6,0.5
PNDl,2,3,5,0.4
PNDm,4,5,9,0.44
PNDn,3,5,8,0.38
PNDs,4,4,8,0.5
PNHB,8,4,12,0.67
PNHD,0,1,1,0.0
PNHH,1,0,1,1.0
PNHI,0,3,3,0.0
PNHK,1,0,1,1.0
PNHL,1,6,7,0.14
PNHM,8,7,15,0.53
PNHN,12,6,18,0.67
PNHP,14,14,28,0.5
PNHS,1,5,6,0.17
PNHb,3,7,10,0.3
PNHh,2,1,3,0.67
PNHl,4,4,8,0.5
PNHm,7,8,15,0.47
PNHn,10,10,20,0.5
PNHs,3,10,13,0.23
PNIb,0,0,0,
PNKB,3,4,7,0.43
PNKD,1,0,1,1.0
PNKH,0,2,2,0.0
PNKI,0,1,1,0.0
PNKL,3,2,5,0.6
PNKM,5,5,10,0.5
PNKN,5,4,9,0.56
PNKP,7,9,16,0.44
PNKS,5,1,6,0.83
PNKb,3,0,3,1.0
PNKh,4,2,6,0.67
PNKl,1,4,5,0.2
PNKm,4,3,7,0.57
PNKn,4,5,9,0.44
PNKs,4,1,5,0.8
PNKt,1,2,3,0.33
PNLB,12,32,44,0.27
PNLD,0,0,0,
PNLH,1,3,4,0.25
PNLK,1,1,2,0.5
PNLL,9,9,18,0.5
PNLM,15,16,31,0.48
PNLN,30,21,51,0.59
PNLP,29,43,72,0.4
PNLS,16,17,33,0.48
PNLb,24,26,50,0.48
PNLh,8,12,20,0.4
PNLj,4,10,14,0.29
PNLl,14,16,30,0.47
PNLm,26,14,40,0.65
PNLn,28,27,55,0.51
PNLs,13,16,29,0.45
PNLt,3,1,4,0.75
PNMB,55,52,107,0.51
PNMD,6,3,9,0.67
PNML,26,12,38,0.68
PNMM,53,67,120,0.44
PNMN,47,52,99,0.47
PNMP,79,78,157,0.5
PNMS,24,36,60,0.4
PNMb,67,68,135,0.5
PNMh,38,57,95,0.4
PNMj,18,21,39,0.46
PNMl,31,18,49,0.63
PNMm,46,32,78,0.59
PNMn,79,94,173,0.46
PNMs,33,35,68,0.49
PNMt,7,7,14,0.5
PNNB,31,42,73,0.42
PNND,3,6,9,0.33
PNNH,10,7,17,0.59
PNNK,4,5,9,0.44
PNNL,27,35,62,0.44
PNNM,55,56,111,0.5
PNNN,67,56,123,0.54
PNNP,73,93,166,0.44
PNNS,35,35,70,0.5
PNNb,60,40,100,0.6
PNNh,23,19,42,0.55
PNNl,30,34,64,0.47
PNNm,55,38,93,0.59
PNNn,73,68,141,0.52
PNNs,57,37,94,0.61
PNNt,15,12,27,0.56
PNPB,62,63,125,0.5
PNPD,3,5,8,0.38
PNPH,30,27,57,0.53
PNPI,7,8,15,0.47
PNPK,7,8,15,0.47
PNPL,47,50,97,0.48
PNPM,105,94,199,0.53
PNPN,87,99,186,0.47
PNPP,124,148,272,0.46
PNPS,72,63,135,0.53
PNPb,89,106,195,0.46
PNPh,18,12,30,0.6
PNPl,69,62,131,0.53
PNPm,79,71,150,0.53
PNPn,96,93,189,0.51
PNPs,78,60,138,0.57
PNPt,10,11,21,0.48
PNSB,29,25,54,0.54
PNSD,7,1,8,0.88
PNSH,9,15,24,0.38
PNSI,1,0,1,1.0
PNSL,20,17,37,0.54
PNSM,33,46,79,0.42
PNSN,35,35,70,0.5
PNSP,41,71,112,0.37
PNSS,35,33,68,0.51
PNSb,38,35,73,0.52
PNSh,28,42,70,0.4
PNSl,16,26,42,0.38
PNSm,46,29,75,0.61
PNSn,45,31,76,0.59
PNSs,48,42,90,0.53
PNSt,6,9,15,0.4
PNbB,39,56,95,0.41
PNbD,2,5,7,0.29
PNbH,6,18,24,0.25
PNbI,5,3,8,0.62
PNbJ,12,12,24,0.5
PNbK,5,7,12,0.42
PNbL,24,20,44,0.55
PNbM,60,69,129,0.47
PNbN,71,59,130,0.55
PNbP,82,80,162,0.51
PNbS,39,43,82,0.48
PNbb,72,49,121,0.6
PNbh,0,1,1,0.0
PNbl,34,27,61,0.56
PNbm,52,46,98,0.53
PNbn,50,56,106,0.47
PNbs,25,33,58,0.43
PNbt,0,1,1,0.0
PNhB,15,16,31,0.48
PNhD,0,1,1,0.0
PNhH,3,3,6,0.5
PNhI,1,2,3,0.33
PNhK,0,1,1,0.0
PNhL,13,6,19,0.68
PNhM,30,27,57,0.53
PNhN,15,20,35,0.43
PNhP,39,27,66,0.59
PNhS,24,24,48,0.5
PNhb,19,22,41,0.46
PNhh,19,19,38,0.5
PNhl,16,14,30,0.53
PNhm,23,14,37,0.62
PNhn,25,29,54,0.46
PNhs,24,13,37,0.65
PNht,3,1,4,0.75
PNlB,25,17,42,0.6
PNlD,1,1,2,0.5
PNlH,23,20,43,0.53
PNlI,2,2,4,0.5
PNlJ,6,5,11,0.55
PNlK,1,0,1,1.0
PNlL,12,18,30,0.4
PNlM,29,40,69,0.42
PNlN,38,30,68,0.56
PNlP,45,46,91,0.49
PNlS,22,28,50,0.44
PNlb,29,29,58,0.5
PNll,21,17,38,0.55
PNlm,30,23,53,0.57
PNln,28,33,61,0.46
PNls,12,20,32,0.38
PNmB,46,32,78,0.59
PNmD,6,7,13,0.46
PNmH,25,44,69,0.36
PNmI,3,5,8,0.38
PNmJ,9,11,20,0.45
PNmL,21,17,38,0.55
PNmM,43,45,88,0.49
PNmN,67,51,118,0.57
PNmP,58,57,115,0.5
PNmS,35,36,71,0.49
PNmb,45,44,89,0.51
PNml,13,10,23,0.57
PNmm,36,36,72,0.5
PNmn,57,52,109,0.52
PNms,21,15,36,0.58
PNnB,47,49,96,0.49
PNnD,5,3,8,0.62
PNnH,26,41,67,0.39
PNnI,6,9,15,0.4
PNnK,6,8,14,0.43
PNnL,32,36,68,0.47
PNnM,75,92,167,0.45
PNnN,98,79,177,0.55
PNnP,127,124,251,0.51
PNnS,55,63,118,0.47
PNnb,50,63,113,0.44
PNnh,2,4,6,0.33
PNnl,33,39,72,0.46
PNnm,67,40,107,0.63
PNnn,90,71,161,0.56
PNns,56,52,108,0.52
PNsB,22,17,39,0.56
PNsD,2,1,3,0.67
PNsH,39,44,83,0.47
PNsI,4,4,8,0.5
PNsK,1,2,3,0.33
PNsL,11,23,34,0.32
PNsM,36,57,93,0.39
PNsN,48,45,93,0.52
PNsP,58,64,122,0.48
PNsS,38,37,75,0.51
PNsb,32,31,63,0.51
PNsh,0,2,2,0.0
PNsl,12,15,27,0.44
PNsm,32,33,65,0.49
PNsn,28,41,69,0.41
PNss,53,47,100,0.53
PNtB,10,9,19,0.53
PNtD,0,1,1,0.0
PNtH,2,8,10,0.2
PNtK,0,1,1,0.0
PNtL,1,4,5,0.2
PNtM,15,13,28,0.54
PNtN,11,6,17,0.65
PNtP,20,21,41,0.49
PNtS,10,9,19,0.53
PNtb,9,15,24,0.38
PNtl,5,6,11,0.45
PNtm,8,6,14,0.57
PNtn,11,15,26,0.42
PNts,5,4,9,0.56
PNtt,2,2,4,0.5
PPBB,60,73,133,0.45
PPBD,2,0,2,1.0
PPBH,0,1,1,0.0
PPBK,5,4,9,0.56
PPBL,41,44,85,0.48
PPBM,66,72,138,0.48
PPBN,53,67,120,0.44
PPBP,86,99,185,0.46
PPBS,31,44,75,0.41
PPBb,70,91,161,0.43
PPBh,12,8,20,0.6
PPBj,29,28,57,0.51
PPBl,46,44,90,0.51
PPBm,56,57,113,0.5
PPBn,73,70,143,0.51
PPBs,31,39,70,0.44
PPBt,17,16,33,0.52
PPDB,6,3,9,0.67
PPDD,0,1,1,0.0
PPDH,3,5,8,0.38
PPDL,5,3,8,0.62
PPDM,7,10,17,0.41
PPDN,6,5,11,0.55
PPDP,7,5,12,0.58
PPDS,4,5,9,0.44
PPDb,5,6,11,0.45
PPDl,1,4,5,0.2
PPDm,6,5,11,0.55
PPDn,4,4,8,0.5
PPDs,6,4,10,0.6
PPDt,1,0,1,1.0
PPHB,11,18,29,0.38
PPHD,1,2,3,0.33
PPHH,7,5,12,0.58
PPHI,1,2,3,0.33
PPHK,2,2,4,0.5
PPHL,12,8,20,0.6
PPHM,27,33,60,0.45
PPHN,29,22,51,0.57
PPHP,28,29,57,0.49
PPHS,16,28,44,0.36
PPHb,26,12,38,0.68
PPHh,4,9,13,0.31
PPHl,18,20,38,0.47
PPHm,17,10,27,0.63
PPHn,22,23,45,0.49
PPHs,18,13,31,0.58
PPHt,2,2,4,0.5
PPIB,5,7,12,0.42
PPIH,4,3,7,0.57
PPII,2,1,3,0.67
PPIL,8,0,8,1.0
PPIM,3,7,10,0.3
PPIN,4,4,8,0.5
PPIP,14,11,25,0.56
PPIS,5,10,15,0.33
PPIb,8,8,16,0.5
PPIl,4,3,7,0.57
PPIm,6,3,9,0.67
PPIn,3,5,8,0.38
PPIs,1,1,2,0.5
PPIt,0,1,1,0.0
PPKB,4,5,9,0.44
PPKH,1,1,2,0.5
PPKI,1,1,2,0.5
PPKK,1,0,1,1.0
PPKL,4,5,9,0.44
PPKM,12,13,25,0.48
PPKN,3,6,9,0.33
PPKP,18,9,27,0.67
PPKS,5,3,8,0.62
PPKb,8,10,18,0.44
PPKh,6,9,15,0.4
PPKl,7,4,11,0.64
PPKm,7,5,12,0.58
PPKn,9,11,20,0.45
PPKs,5,5,10,0.5
PPKt,3,1,4,0.75
PPLB,38,44,82,0.46
PPLD,4,1,5,0.8
PPLH,1,0,1,1.0
PPLK,0,5,5,0.0
PPLL,22,22,44,0.5
PPLM,51,65,116,0.44
PPLN,37,42,79,0.47
PPLP,71,65,136,0.52
PPLS,28,43,71,0.39
PPLb,56,51,107,0.52
PPLh,12,20,32,0.38
PPLj,19,12,31,0.61
PPLl,28,35,63,0.44
PPLm,57,39,96,0.59
PPLn,60,54,114,0.53
PPLs,33,39,72,0.46
PPLt,5,9,14,0.36
PPMB,84,83,167,0.5
PPMD,3,3,6,0.5
PPML,46,46,92,0.5
PPMM,114,80,194,0.59
PPMN,87,53,140,0.62
PPMP,122,121,243,0.5
PPMS,49,55,104,0.47
PPMb,128,110,238,0.54
PPMh,52,82,134,0.39
PPMj,20,24,44,0.45
PPMl,65,44,109,0.6
PPMm,87,65,152,0.57
PPMn,111,101,212,0.52
PPMs,60,65,125,0.48
PPMt,13,18,31,0.42
PPNB,63,71,134,0.47
PPND,6,4,10,0.6
PPNH,4,11,15,0.27
PPNK,4,2,6,0.67
PPNL,48,43,91,0.53
PPNM,99,106,205,0.48
PPNN,68,70,138,0.49
PPNP,137,168,305,0.45
PPNS,54,68,122,0.44
PPNb,78,80,158,0.49
PPNh,33,33,66,0.5
PPNl,46,56,102,0.45
PPNm,69,61,130,0.53
PPNn,79,80,159,0.5
PPNs,55,56,111,0.5
PPNt,15,19,34,0.44
PPPB,102,126,228,0.45
PPPD,8,5,13,0.62
PPPH,32,36,68,0.47
PPPI,7,4,11,0.64
PPPK,16,9,25,0.64
PPPL,86,98,184,0.47
PPPM,154,192,346,0.45
PPPN,132,105,237,0.56
PPPP,210,225,435,0.48
PPPS,101,115,216,0.47
PPPb,155,151,306,0.51
PPPh,11,23,34,0.32
PPPl,111,92,203,0.55
PPPm,134,100,234,0.57
PPPn,134,136,270,0.5
PPPs,80,85,165,0.48
PPPt,15,14,29,0.52
PPSB,41,44,85,0.48
PPSD,3,5,8,0.38
PPSH,24,21,45,0.53
PPSI,2,0,2,1.0
PPSK,5,3,8,0.62
PPSL,25,40,65,0.38
PPSM,59,77,136,0.43
PPSN,51,53,104,0.49
PPSP,78,97,175,0.45
PPSS,53,60,113,0.47
PPSb,92,64,156,0.59
PPSh,31,36,67,0.46
PPSl,51,49,100,0.51
PPSm,53,51,104,0.51
PPSn,71,51,122,0.58
PPSs,68,62,130,0.52
PPSt,10,7,17,0.59
PPbB,91,90,181,0.5
PPbD,6,4,10,0.6
PPbH,32,25,57,0.56
PPbI,6,3,9,0.67
PPbJ,22,21,43,0.51
PPbK,5,8,13,0.38
PPbL,50,47,97,0.52
PPbM,110,118,228,0.48
PPbN,91,93,184,0.49
PPbP,138,134,272,0.51
PPbS,56,66,122,0.46
PPbb,112,122,234,0.48
PPbh,1,0,1,1.0
PPbl,57,55,112,0.51
PPbm,95,75,170,0.56
PPbn,81,76,157,0.52
PPbs,41,38,79,0.52
PPhB,5,8,13,0.38
PPhD,1,0,1,1.0
PPhH,0,1,1,0.0
PPhI,0,1,1,0.0
PPhK,1,0,1,1.0
PPhL,5,5,10,0.5
PPhM,14,9,23,0.61
PPhN,7,8,15,0.47
PPhP,12,15,27,0.44
PPhS,6,6,12,0.5
PPhb,13,9,22,0.59
PPhh,16,6,22,0.73
PPhl,11,10,21,0.52
PPhm,15,11,26,0.58
PPhn,14,7,21,0.67
PPhs,8,10,18,0.44
PPht,2,0,2,1.0
PPlB,50,43,93,0.54
PPlD,3,1,4,0.75
PPlH,39,25,64,0.61
PPlI,4,3,7,0.57
PPlJ,17,17,34,0.5
PPlK,2,4,6,0.33
PPlL,39,29,68,0.57
PPlM,67,57,124,0.54
PPlN,56,53,109,0.51
PPlP,86,79,165,0.52
PPlS,50,38,88,0.57
PPlb,60,68,128,0.47
PPlh,0,1,1,0.0
PPll,44,29,73,0.6
PPlm,50,29,79,0.63
PPln,41,35,76,0.54
PPls,28,32,60,0.47
PPmB,58,70,128,0.45
PPmD,6,8,14,0.43
PPmH,64,52,116,0.55
PPmI,9,3,12,0.75
PPmJ,15,14,29,0.52
PPmL,42,39,81,0.52
PPmM,83,99,182,0.46
PPmN,70,65,135,0.52
PPmP,102,107,209,0.49
PPmS,46,59,105,0.44
PPmb,82,79,161,0.51
PPml,43,29,72,0.6
PPmm,69,45,114,0.61
PPmn,53,56,109,0.49
PPms,46,35,81,0.57
PPmt,1,0,1,1.0
PPnB,57,58,115,0.5
PPnD,7,7,14,0.5
PPnH,28,29,57,0.49
PPnI,6,10,16,0.38
PPnK,4,9,13,0.31
PPnL,35,40,75,0.47
PPnM,86,80,166,0.52
PPnN,101,84,185,0.55
PPnP,129,128,257,0.5
PPnS,78,71,149,0.52
PPnb,89,81,170,0.52
PPnh,4,4,8,0.5
PPnl,62,40,102,0.61
PPnm,66,59,125,0.53
PPnn,69,75,144,0.48
PPns,55,61,116,0.47
PPnt,0,1,1,0.0
PPsB,40,38,78,0.51
PPsD,4,3,7,0.57
PPsH,42,44,86,0.49
PPsI,6,6,12,0.5
PPsK,4,1,5,0.8
PPsL,24,36,60,0.4
PPsM,60,65,125,0.48
PPsN,52,35,87,0.6
PPsP,103,89,192,0.54
PPsS,75,67,142,0.53
PPsb,62,68,130,0.48
PPsh,5,4,9,0.56
PPsl,40,31,71,0.56
PPsm,45,31,76,0.59
PPsn,35,50,85,0.41
PPss,43,43,86,0.5
PPst,1,0,1,1.0
PPtB,7,5,12,0.58
PPtH,7,2,9,0.78
PPtL,2,8,10,0.2
PPtM,15,15,30,0.5
PPtN,3,13,16,0.19
PPtP,9,15,24,0.38
PPtS,17,11,28,0.61
PPtb,11,14,25,0.44
PPtl,7,7,14,0.5
PPtm,6,6,12,0.5
PPtn,9,7,16,0.56
PPts,10,4,14,0.71
PPtt,3,1,4,0.75
PSBB,22,19,41,0.54
PSBD,3,0,3,1.0
PSBK,0,2,2,0.0
PSBL,11,15,26,0.42
PSBM,19,29,48,0.4
PSBN,25,27,52,0.48
PSBP,30,23,53,0.57
PSBS,15,22,37,0.41
PSBb,41,19,60,0.68
PSBh,4,0,4,1.0
PSBj,12,15,27,0.44
PSBl,17,12,29,0.59
PSBm,33,7,40,0.82
PSBn,36,45,81,0.44
PSBs,12,17,29,0.41
PSBt,5,3,8,0.62
PSDB,2,2,4,0.5
PSDH,1,3,4,0.25
PSDL,1,1,2,0.5
PSDM,1,1,2,0.5
PSDN,2,3,5,0.4
PSDP,1,7,8,0.12
PSDS,2,4,6,0.33
PSDb,5,1,6,0.83
PSDl,0,2,2,0.0
PSDm,3,0,3,1.0
PSDn,4,2,6,0.67
PSDs,3,1,4,0.75
PSDt,0,1,1,0.0
PSHB,3,5,8,0.38
PSHD,1,0,1,1.0
PSHH,2,6,8,0.25
PSHI,3,3,6,0.5
PSHK,1,1,2,0.5
PSHL,5,11,16,0.31
PSHM,18,18,36,0.5
PSHN,13,12,25,0.52
PSHP,17,16,33,0.52
PSHS,10,16,26,0.38
PSHb,6,15,21,0.29
PSHh,5,5,10,0.5
PSHl,9,5,14,0.64
PSHm,19,12,31,0.61
PSHn,18,8,26,0.69
PSHs,19,11,30,0.63
PSHt,0,1,1,0.0
PSIH,0,1,1,0.0
PSIL,0,1,1,0.0
PSIM,0,1,1,0.0
PSIS,1,1,2,0.5
PSIb,0,0,0,
PSIm,1,0,1,1.0
PSIn,0,1,1,0.0
PSIs,2,0,2,1.0
PSKB,1,1,2,0.5
PSKD,1,0,1,1.0
PSKH,2,0,2,1.0
PSKK,0,1,1,0.0
PSKL,0,1,1,0.0
PSKM,0,0,0,
PSKN,2,2,4,0.5
PSKP,0,1,1,0.0
PSKb,0,1,1,0.0
PSKh,3,2,5,0.6
PSKl,1,3,4,0.25
PSKm,0,4,4,0.0
PSKn,1,1,2,0.5
PSKs,1,0,1,1.0
PSLB,17,17,34,0.5
PSLD,0,0,0,
PSLK,1,1,2,0.5
PSLL,6,2,8,0.75
PSLM,14,20,34,0.41
PSLN,12,20,32,0.38
PSLP,25,30,55,0.45
PSLS,14,5,19,0.74
PSLb,22,26,48,0.46
PSLh,3,7,10,0.3
PSLj,5,6,11,0.45
PSLl,8,10,18,0.44
PSLm,20,18,38,0.53
PSLn,12,22,34,0.35
PSLs,16,15,31,0.52
PSLt,4,3,7,0.57
PSMB,30,31,61,0.49
PSMD,1,4,5,0.2
PSMH,2,1,3,0.67
PSMK,0,1,1,0.0
PSML,11,25,36,0.31
PSMM,35,46,81,0.43
PSMN,35,28,63,0.56
PSMP,58,41,99,0.59
PSMS,23,26,49,0.47
PSMb,49,44,93,0.53
PSMh,33,37,70,0.47
PSMj,14,14,28,0.5
PSMl,30,24,54,0.56
PSMm,36,27,63,0.57
PSMn,52,60,112,0.46
PSMs,24,29,53,0.45
PSMt,6,7,13,0.46
PSNB,24,17,41,0.59
PSND,3,2,5,0.6
PSNH,5,8,13,0.38
PSNK,0,7,7,0.0
PSNL,12,15,27,0.44
PSNM,38,35,73,0.52
PSNN,27,36,63,0.43
PSNP,49,55,104,0.47
PSNS,15,15,30,0.5
PSNb,34,39,73,0.47
PSNh,13,9,22,0.59
PSNl,14,23,37,0.38
PSNm,24,25,49,0.49
PSNn,47,49,96,0.49
PSNs,14,26,40,0.35
PSNt,6,2,8,0.75
PSPB,49,42,91,0.54
PSPD,5,0,5,1.0
PSPH,16,16,32,0.5
PSPI,3,8,11,0.27
PSPK,2,4,6,0.33
PSPL,29,31,60,0.48
PSPM,60,65,125,0.48
PSPN,49,50,99,0.49
PSPP,92,71,163,0.56
PSPS,39,53,92,0.42
PSPb,54,55,109,0.5
PSPh,7,8,15,0.47
PSPl,46,28,74,0.62
PSPm,49,48,97,0.51
PSPn,50,53,103,0.49
PSPs,41,52,93,0.44
PSPt,7,6,13,0.54
PSSB,22,16,38,0.58
PSSD,3,0,3,1.0
PSSH,9,16,25,0.36
PSSI,0,1,1,0.0
PSSK,1,4,5,0.2
PSSL,24,19,43,0.56
PSSM,28,35,63,0.44
PSSN,32,18,50,0.64
PSSP,44,46,90,0.49
PSSS,43,38,81,0.53
PSSb,35,21,56,0.62
PSSh,17,26,43,0.4
PSSl,23,23,46,0.5
PSSm,29,30,59,0.49
PSSn,44,34,78,0.56
PSSs,37,40,77,0.48
PSSt,7,6,13,0.54
PSbB,38,30,68,0.56
PSbD,3,7,10,0.3
PSbH,8,14,22,0.36
PSbI,2,0,2,1.0
PSbJ,13,11,24,0.54
PSbK,6,6,12,0.5
PSbL,22,16,38,0.58
PSbM,44,40,84,0.52
PSbN,45,45,90,0.5
PSbP,46,56,102,0.45
PSbS,25,39,64,0.39
PSbb,49,47,96,0.51
PSbh,0,2,2,0.0
PSbl,14,16,30,0.47
PSbm,37,12,49,0.76
PSbn,27,33,60,0.45
PSbs,29,14,43,0.67
PShB,15,19,34,0.44
PShD,2,1,3,0.67
PShH,6,8,14,0.43
PShI,1,2,3,0.33
PShK,1,0,1,1.0
PShL,6,9,15,0.4
PShM,25,21,46,0.54
PShN,12,25,37,0.32
PShP,31,36,67,0.46
PShS,25,25,50,0.5
PShb,28,26,54,0.52
PShh,22,23,45,0.49
PShl,13,17,30,0.43
PShm,22,13,35,0.63
PShn,30,23,53,0.57
PShs,21,26,47,0.45
PSht,2,3,5,0.4
PSlB,12,20,32,0.38
PSlD,3,2,5,0.6
PSlH,15,26,41,0.37
PSlI,1,1,2,0.5
PSlJ,8,5,13,0.62
PSlK,3,0,3,1.0
PSlL,11,14,25,0.44
PSlM,25,36,61,0.41
PSlN,27,16,43,0.63
PSlP,31,33,64,0.48
PSlS,25,28,53,0.47
PSlb,26,25,51,0.51
PSlh,1,0,1,1.0
PSll,12,10,22,0.55
PSlm,17,16,33,0.52
PSln,18,11,29,0.62
PSls,12,17,29,0.41
PSmB,29,17,46,0.63
PSmD,1,3,4,0.25
PSmH,19,31,50,0.38
PSmI,4,2,6,0.67
PSmJ,11,6,17,0.65
PSmL,14,16,30,0.47
PSmM,36,40,76,0.47
PSmN,46,31,77,0.6
PSmP,52,42,94,0.55
PSmS,21,22,43,0.49
PSmb,40,32,72,0.56
PSml,20,13,33,0.61
PSmm,34,18,52,0.65
PSmn,27,20,47,0.57
PSms,23,18,41,0.56
PSnB,29,19,48,0.6
PSnD,5,6,11,0.45
PSnH,24,25,49,0.49
PSnI,1,2,3,0.33
PSnK,3,4,7,0.43
PSnL,6,21,27,0.22
PSnM,44,55,99,0.44
PSnN,50,46,96,0.52
PSnP,70,72,142,0.49
PSnS,48,45,93,0.52
PSnb,57,35,92,0.62
PSnh,1,2,3,0.33
PSnl,19,21,40,0.48
PSnm,29,29,58,0.5
PSnn,50,60,110,0.45
PSns,38,19,57,0.67
PSsB,15,18,33,0.45
PSsD,4,2,6,0.67
PSsH,27,32,59,0.46
PSsI,9,3,12,0.75
PSsK,2,4,6,0.33
PSsL,16,20,36,0.44
PSsM,31,36,67,0.46
PSsN,31,34,65,0.48
PSsP,43,43,86,0.5
PSsS,49,45,94,0.52
PSsb,38,45,83,0.46
PSsh,0,1,1,0.0
PSsl,20,24,44,0.45
PSsm,28,22,50,0.56
PSsn,30,29,59,0.51
PSss,25,29,54,0.46
PSst,0,0,0,
PStB,0,6,6,0.0
PStD,0,1,1,0.0
PStH,3,11,14,0.21
PStL,7,5,12,0.58
PStM,5,9,14,0.36
PStN,7,6,13,0.54
PStP,10,7,17,0.59
PStS,8,5,13,0.62
PStb,4,8,12,0.33
PSth,0,1,1,0.0
PStl,4,3,7,0.57
PStm,6,5,11,0.55
PStn,4,10,14,0.29
PSts,4,5,9,0.44
PStt,2,3,5,0.4
PbBB,43,54,97,0.44
PbBD,3,1,4,0.75
PbBH,3,0,3,1.0
PbBK,4,4,8,0.5
PbBL,26,17,43,0.6
PbBM,50,57,107,0.47
PbBN,45,49,94,0.48
PbBP,79,65,144,0.55
PbBS,29,34,63,0.46
PbBb,57,54,111,0.51
PbBh,3,10,13,0.23
PbBj,25,19,44,0.57
PbBl,34,29,63,0.54
PbBm,52,35,87,0.6
PbBn,73,65,138,0.53
PbBs,19,22,41,0.46
PbBt,10,6,16,0.62
PbDB,3,4,7,0.43
PbDH,6,3,9,0.67
PbDL,2,2,4,0.5
PbDM,1,5,6,0.17
PbDN,3,1,4,0.75
PbDP,8,3,11,0.73
PbDS,2,3,5,0.4
PbDb,3,3,6,0.5
PbDl,5,3,8,0.62
PbDm,0,1,1,0.0
PbDn,4,1,5,0.8
PbDs,2,3,5,0.4
PbDt,2,1,3,0.67
PbHB,14,10,24,0.58
PbHD,1,2,3,0.33
PbHH,5,5,10,0.5
PbHI,2,2,4,0.5
PbHK,0,1,1,0.0
PbHL,8,8,16,0.5
PbHM,13,16,29,0.45
PbHN,9,22,31,0.29
PbHP,20,23,43,0.47
PbHS,13,8,21,0.62
PbHb,15,11,26,0.58
PbHh,3,4,7,0.43
PbHl,12,8,20,0.6
PbHm,15,7,22,0.68
PbHn,23,14,37,0.62
PbHs,11,8,19,0.58
PbIB,4,7,11,0.36
PbIH,2,0,2,1.0
PbIL,5,4,9,0.56
PbIM,3,3,6,0.5
PbIN,4,5,9,0.44
PbIP,7,6,13,0.54
PbIS,4,5,9,0.44
PbIb,6,1,7,0.86
PbIl,0,2,2,0.0
PbIm,7,3,10,0.7
PbIn,4,5,9,0.44
PbIs,6,2,8,0.75
PbJB,9,14,23,0.39
PbJD,2,0,2,1.0
PbJH,7,6,13,0.54
PbJI,0,0,0,
PbJK,0,1,1,0.0
PbJL,12,9,21,0.57
PbJM,17,22,39,0.44
PbJN,15,16,31,0.48
PbJP,20,17,37,0.54
PbJS,15,7,22,0.68
PbJb,13,20,33,0.39
PbJh,1,5,6,0.17
PbJl,7,10,17,0.41
PbJm,12,8,20,0.6
PbJn,19,5,24,0.79
PbJs,17,12,29,0.59
PbJt,2,2,4,0.5
PbKB,2,2,4,0.5
PbKD,0,0,0,
PbKL,4,2,6,0.67
PbKM,5,7,12,0.42
PbKN,4,5,9,0.44
PbKP,4,7,11,0.36
PbKS,2,5,7,0.29
PbKb,9,2,11,0.82
PbKh,1,4,5,0.2
PbKl,6,7,13,0.46
PbKm,5,4,9,0.56
PbKn,1,2,3,0.33
PbKs,4,2,6,0.67
PbLB,20,25,45,0.44
PbLD,1,0,1,1.0
PbLK,1,3,4,0.25
PbLL,16,7,23,0.7
PbLM,19,32,51,0.37
PbLN,23,14,37,0.62
PbLP,26,27,53,0.49
PbLS,20,18,38,0.53
PbLb,35,29,64,0.55
PbLh,13,10,23,0.57
PbLj,7,4,11,0.64
PbLl,10,9,19,0.53
PbLm,21,11,32,0.66
PbLn,31,33,64,0.48
PbLs,10,14,24,0.42
PbLt,4,5,9,0.44
PbMB,52,52,104,0.5
PbMD,3,7,10,0.3
PbMH,2,0,2,1.0
PbML,21,28,49,0.43
PbMM,71,88,159,0.45
PbMN,54,59,113,0.48
PbMP,72,72,144,0.5
PbMS,36,29,65,0.55
PbMb,83,75,158,0.53
PbMh,55,58,113,0.49
PbMj,14,17,31,0.45
PbMl,37,29,66,0.56
PbMm,55,41,96,0.57
PbMn,87,75,162,0.54
PbMs,37,43,80,0.46
PbMt,12,10,22,0.55
PbNB,53,46,99,0.54
PbND,4,2,6,0.67
PbNH,7,12,19,0.37
PbNI,1,0,1,1.0
PbNK,6,1,7,0.86
PbNL,32,20,52,0.62
PbNM,73,90,163,0.45
PbNN,58,74,132,0.44
PbNP,100,106,206,0.49
PbNS,42,45,87,0.48
PbNb,66,68,134,0.49
PbNh,29,35,64,0.45
PbNl,29,25,54,0.54
PbNm,65,48,113,0.58
PbNn,89,69,158,0.56
PbNs,35,34,69,0.51
PbNt,9,8,17,0.53
PbPB,66,55,121,0.55
PbPD,4,3,7,0.57
PbPH,31,22,53,0.58
PbPI,5,1,6,0.83
PbPK,7,2,9,0.78
PbPL,50,52,102,0.49
PbPM,97,103,200,0.48
PbPN,71,72,143,0.5
PbPP,124,142,266,0.47
PbPS,53,44,97,0.55
PbPb,114,97,211,0.54
PbPh,9,10,19,0.47
PbPl,54,53,107,0.5
PbPm,66,52,118,0.56
PbPn,98,49,147,0.67
PbPs,46,41,87,0.53
PbPt,9,3,12,0.75
PbSB,18,24,42,0.43
PbSD,3,1,4,0.75
PbSH,12,10,22,0.55
PbSK,0,1,1,0.0
PbSL,21,16,37,0.57
PbSM,23,30,53,0.43
PbSN,25,25,50,0.5
PbSP,55,44,99,0.56
PbSS,14,29,43,0.33
PbSb,30,30,60,0.5
PbSh,20,25,45,0.44
PbSl,17,22,39,0.44
PbSm,27,21,48,0.56
PbSn,34,37,71,0.48
PbSs,25,22,47,0.53
PbSt,8,6,14,0.57
PbbB,64,71,135,0.47
PbbD,6,6,12,0.5
PbbH,16,19,35,0.46
PbbI,8,4,12,0.67
PbbJ,14,16,30,0.47
PbbK,7,6,13,0.54
PbbL,32,27,59,0.54
PbbM,78,79,157,0.5
PbbN,73,64,137,0.53
PbbP,112,105,217,0.52
PbbS,34,33,67,0.51
Pbbb,92,84,176,0.52
Pbbl,29,26,55,0.53
Pbbm,57,37,94,0.61
Pbbn,70,66,136,0.51
Pbbs,27,20,47,0.57
PbhB,0,1,1,0.0
PbhM,1,0,1,1.0
PbhP,1,1,2,0.5
Pbhh,1,0,1,1.0
PblB,27,26,53,0.51
PblD,2,4,6,0.33
PblH,16,15,31,0.52
PblI,4,2,6,0.67
PblJ,10,5,15,0.67
PblL,13,16,29,0.45
PblM,40,41,81,0.49
PblN,30,33,63,0.48
PblP,47,43,90,0.52
PblS,20,12,32,0.62
Pblb,28,36,64,0.44
Pblh,0,1,1,0.0
Pbll,20,7,27,0.74
Pblm,24,20,44,0.55
Pbln,28,24,52,0.54
Pbls,18,9,27,0.67
PbmB,39,41,80,0.49
PbmD,7,4,11,0.64
PbmH,27,23,50,0.54
PbmI,4,2,6,0.67
PbmJ,7,11,18,0.39
PbmK,1,1,2,0.5
PbmL,17,21,38,0.45
PbmM,45,55,100,0.45
PbmN,55,49,104,0.53
PbmP,56,50,106,0.53
PbmS,30,32,62,0.48
Pbmb,63,42,105,0.6
Pbml,20,17,37,0.54
Pbmm,29,31,60,0.48
Pbmn,49,34,83,0.59
Pbms,18,14,32,0.56
Pbmt,0,1,1,0.0
PbnB,24,45,69,0.35
PbnD,2,5,7,0.29
PbnH,24,20,44,0.55
PbnI,5,3,8,0.62
PbnK,6,5,11,0.55
PbnL,26,25,51,0.51
PbnM,52,63,115,0.45
PbnN,55,73,128,0.43
PbnP,76,75,151,0.5
PbnS,30,33,63,0.48
Pbnb,77,55,132,0.58
Pbnh,4,5,9,0.44
Pbnl,32,17,49,0.65
Pbnm,42,33,75,0.56
Pbnn,55,49,104,0.53
Pbns,35,31,66,0.53
PbsB,16,18,34,0.47
PbsD,5,3,8,0.62
PbsH,22,18,40,0.55
PbsI,3,5,8,0.38
PbsK,0,1,1,0.0
PbsL,12,11,23,0.52
PbsM,28,31,59,0.47
PbsN,29,27,56,0.52
PbsP,40,40,80,0.5
PbsS,22,24,46,0.48
Pbsb,24,31,55,0.44
Pbsl,15,19,34,0.44
Pbsm,31,27,58,0.53
Pbsn,29,19,48,0.6
Pbss,22,19,41,0.54
PhBB,1,3,4,0.25
PhBL,1,6,7,0.14
PhBM,6,6,12,0.5
PhBN,4,6,10,0.4
PhBP,3,4,7,0.43
PhBS,4,3,7,0.57
PhBb,8,7,15,0.53
PhBh,2,1,3,0.67
PhBj,0,1,1,0.0
PhBl,3,3,6,0.5
PhBm,5,3,8,0.62
PhBn,5,7,12,0.42
PhBs,4,2,6,0.67
PhBt,0,2,2,0.0
PhDB,0,0,0,
PhDL,0,1,1,0.0
PhDN,1,1,2,0.5
PhDP,1,2,3,0.33
PhDS,1,0,1,1.0
PhDb,0,1,1,0.0
PhDl,1,1,2,0.5
PhDn,0,1,1,0.0
PhHB,0,1,1,0.0
PhHH,0,1,1,0.0
PhHL,1,0,1,1.0
PhHM,2,0,2,1.0
PhHN,0,1,1,0.0
PhHP,2,0,2,1.0
PhHS,1,2,3,0.33
PhHb,0,2,2,0.0
PhHh,0,1,1,0.0
PhHl,2,1,3,0.67
PhHm,2,3,5,0.4
PhHn,1,0,1,1.0
PhHs,1,2,3,0.33
PhIL,0,1,1,0.0
PhIN,1,0,1,1.0
PhIb,0,1,1,0.0
PhIl,0,0,0,
PhKB,0,0,0,
PhKh,0,2,2,0.0
PhLB,4,2,6,0.67
PhLD,0,2,2,0.0
PhLH,0,1,1,0.0
PhLL,2,4,6,0.33
PhLM,2,4,6,0.33
PhLN,0,2,2,0.0
PhLP,3,1,4,0.75
PhLS,0,1,1,0.0
PhLb,2,5,7,0.29
PhLh,0,2,2,0.0
PhLl,0,0,0,
PhLm,4,2,6,0.67
PhLn,3,2,5,0.6
PhLs,3,2,5,0.6
PhMB,4,11,15,0.27
PhMD,1,0,1,1.0
PhMH,0,1,1,0.0
PhML,4,2,6,0.67
PhMM,9,6,15,0.6
PhMN,5,2,7,0.71
PhMP,5,9,14,0.36
PhMS,4,4,8,0.5
PhMb,11,4,15,0.73
PhMh,5,6,11,0.45
PhMj,0,1,1,0.0
PhMl,2,0,2,1.0
PhMm,5,5,10,0.5
PhMn,11,10,21,0.52
PhMs,3,1,4,0.75
PhMt,1,0,1,1.0
PhNB,2,2,4,0.5
PhNK,0,0,0,
PhNL,1,4,5,0.2
PhNM,5,4,9,0.56
PhNN,8,4,12,0.67
PhNP,4,7,11,0.36
PhNS,5,4,9,0.56
PhNb,5,4,9,0.56
PhNh,2,3,5,0.4
PhNl,2,1,3,0.67
PhNm,9,3,12,0.75
PhNn,9,4,13,0.69
PhNs,3,3,6,0.5
PhNt,0,2,2,0.0
PhPB,8,8,16,0.5
PhPD,0,0,0,
PhPH,4,3,7,0.57
PhPI,0,2,2,0.0
PhPK,0,1,1,0.0
PhPL,3,7,10,0.3
PhPM,7,13,20,0.35
PhPN,11,4,15,0.73
PhPP,14,10,24,0.58
PhPS,9,11,20,0.45
PhPb,18,7,25,0.72
PhPh,2,1,3,0.67
PhPl,9,9,18,0.5
PhPm,7,9,16,0.44
PhPn,9,9,18,0.5
PhPs,13,8,21,0.62
PhSB,3,4,7,0.43
PhSH,2,2,4,0.5
PhSL,2,1,3,0.67
PhSM,0,7,7,0.0
PhSN,8,3,11,0.73
PhSP,3,2,5,0.6
PhSS,2,8,10,0.2
PhSb,3,5,8,0.38
PhSh,2,4,6,0.33
PhSl,1,4,5,0.2
PhSm,3,4,7,0.43
PhSn,6,7,13,0.46
PhSs,3,4,7,0.43
PhSt,1,1,2,0.5
PhbB,7,4,11,0.64
PhbH,2,1,3,0.67
PhbI,0,2,2,0.0
PhbJ,1,3,4,0.25
PhbK,1,0,1,1.0
PhbL,3,3,6,0.5
PhbM,5,9,14,0.36
PhbN,4,7,11,0.36
PhbP,4,8,12,0.33
PhbS,6,6,12,0.5
Phbb,7,4,11,0.64
Phbl,5,2,7,0.71
Phbm,4,4,8,0.5
Phbn,5,7,12,0.42
Phbs,3,1,4,0.75
PhhB,5,6,11,0.45
PhhD,2,0,2,1.0
PhhH,0,2,2,0.0
PhhL,4,6,10,0.4
PhhM,5,5,10,0.5
PhhN,5,4,9,0.56
PhhP,18,5,23,0.78
PhhS,6,5,11,0.55
Phhb,5,7,12,0.42
Phhh,4,8,12,0.33
Phhl,5,2,7,0.71
Phhm,9,8,17,0.53
Phhn,6,8,14,0.43
Phhs,8,6,14,0.57
Phht,0,1,1,0.0
PhlB,1,2,3,0.33
PhlH,4,4,8,0.5
PhlJ,1,1,2,0.5
PhlL,0,3,3,0.0
PhlM,5,5,10,0.5
PhlN,5,3,8,0.62
PhlP,6,4,10,0.6
PhlS,5,1,6,0.83
Phlb,5,4,9,0.56
Phll,2,5,7,0.29
Phlm,5,4,9,0.56
Phln,3,3,6,0.5
Phls,1,1,2,0.5
PhmB,4,3,7,0.57
PhmD,3,1,4,0.75
PhmH,7,5,12,0.58
PhmJ,1,2,3,0.33
PhmL,7,4,11,0.64
PhmM,4,2,6,0.67
PhmN,4,6,10,0.4
PhmP,8,6,14,0.57
PhmS,4,3,7,0.57
Phmb,5,3,8,0.62
Phml,3,2,5,0.6
Phmm,8,3,11,0.73
Phmn,6,3,9,0.67
Phms,1,5,6,0.17
PhnB,7,3,10,0.7
PhnD,1,0,1,1.0
PhnH,1,7,8,0.12
PhnI,2,0,2,1.0
PhnK,1,0,1,1.0
PhnL,1,1,2,0.5
PhnM,8,10,18,0.44
PhnN,9,4,13,0.69
PhnP,11,14,25,0.44
PhnS,7,6,13,0.54
Phnb,4,4,8,0.5
Phnl,3,0,3,1.0
Phnm,7,3,10,0.7
Phnn,7,5,12,0.58
Phns,7,8,15,0.47
PhsB,3,1,4,0.75
PhsH,6,8,14,0.43
PhsI,2,0,2,1.0
PhsL,3,3,6,0.5
PhsM,6,4,10,0.6
PhsN,4,6,10,0.4
PhsP,11,7,18,0.61
PhsS,5,4,9,0.56
Phsb,8,2,10,0.8
Phsh,0,0,0,
Phsl,2,5,7,0.29
Phsm,7,3,10,0.7
Phsn,5,6,11,0.45
Phss,5,4,9,0.56
PhtB,0,1,1,0.0
PhtH,0,0,0,
PhtL,0,1,1,0.0
PhtM,1,1,2,0.5
PhtN,0,1,1,0.0
PhtP,1,2,3,0.33
PhtS,2,3,5,0.4
Phtb,1,1,2,0.5
Phtn,0,3,3,0.0
PlBB,22,14,36,0.61
PlBD,0,2,2,0.0
PlBH,1,0,1,1.0
PlBL,7,9,16,0.44
PlBM,31,18,49,0.63
PlBN,20,24,44,0.45
PlBP,30,29,59,0.51
PlBS,15,20,35,0.43
PlBb,34,22,56,0.61
PlBh,3,2,5,0.6
PlBj,4,6,10,0.4
PlBl,13,16,29,0.45
PlBm,19,21,40,0.48
PlBn,34,20,54,0.63
PlBs,7,10,17,0.41
PlBt,4,5,9,0.44
PlDB,2,0,2,1.0
PlDH,0,2,2,0.0
PlDL,2,1,3,0.67
PlDM,1,4,5,0.2
PlDN,3,0,3,1.0
PlDP,2,2,4,0.5
PlDS,1,3,4,0.25
PlDb,2,0,2,1.0
PlDl,2,0,2,1.0
PlDm,1,0,1,1.0
PlDn,2,2,4,0.5
PlDs,1,1,2,0.5
PlHB,9,16,25,0.36
PlHD,1,2,3,0.33
PlHI,4,2,6,0.67
PlHK,2,0,2,1.0
PlHL,9,8,17,0.53
PlHM,29,26,55,0.53
PlHN,18,17,35,0.51
PlHP,29,36,65,0.45
PlHS,11,13,24,0.46
PlHb,22,15,37,0.59
PlHh,8,6,14,0.57
PlHl,16,12,28,0.57
PlHm,16,16,32,0.5
PlHn,16,16,32,0.5
PlHs,9,15,24,0.38
PlHt,0,1,1,0.0
PlIB,3,1,4,0.75
PlID,1,0,1,1.0
PlIH,0,0,0,
PlIL,2,2,4,0.5
PlIM,1,3,4,0.25
PlIN,6,3,9,0.67
PlIP,5,6,11,0.45
PlIS,0,2,2,0.0
PlIb,3,4,7,0.43
PlIl,0,0,0,
PlIm,2,1,3,0.67
PlIn,2,1,3,0.67
PlIs,1,0,1,1.0
PlJB,3,7,10,0.3
PlJH,2,6,8,0.25
PlJI,1,1,2,0.5
PlJK,1,0,1,1.0
PlJL,5,4,9,0.56
PlJM,9,6,15,0.6
PlJN,7,6,13,0.54
PlJP,9,9,18,0.5
PlJS,5,9,14,0.36
PlJb,11,11,22,0.5
PlJh,1,1,2,0.5
PlJl,7,6,13,0.54
PlJm,5,9,14,0.36
PlJn,5,8,13,0.38
PlJs,8,5,13,0.62
PlKB,1,2,3,0.33
PlKL,1,2,3,0.33
PlKM,0,6,6,0.0
PlKN,0,2,2,0.0
PlKP,1,4,5,0.2
PlKS,1,0,1,1.0
PlKb,1,3,4,0.25
PlKh,0,1,1,0.0
PlKl,0,0,0,
PlKm,4,1,5,0.8
PlKn,0,1,1,0.0
PlKs,1,0,1,1.0
PlLB,11,15,26,0.42
PlLD,0,1,1,0.0
PlLK,0,1,1,0.0
PlLL,10,11,21,0.48
PlLM,15,20,35,0.43
PlLN,9,12,21,0.43
PlLP,15,26,41,0.37
PlLS,9,10,19,0.47
PlLb,22,11,33,0.67
PlLh,11,11,22,0.5
PlLj,7,4,11,0.64
PlLl,11,7,18,0.61
PlLm,9,5,14,0.64
PlLn,26,20,46,0.57
PlLs,14,13,27,0.52
PlLt,5,5,10,0.5
PlMB,22,21,43,0.51
PlMD,0,3,3,0.0
PlML,18,18,36,0.5
PlMM,39,27,66,0.59
PlMN,30,27,57,0.53
PlMP,39,36,75,0.52
PlMS,17,26,43,0.4
PlMb,35,34,69,0.51
PlMh,19,25,44,0.43
PlMj,6,5,11,0.55
PlMl,23,11,34,0.68
PlMm,32,22,54,0.59
PlMn,47,29,76,0.62
PlMs,22,19,41,0.54
PlMt,4,10,14,0.29
PlNB,22,26,48,0.46
PlND,1,7,8,0.12
PlNH,7,4,11,0.64
PlNK,3,3,6,0.5
PlNL,20,15,35,0.57
PlNM,31,34,65,0.48
PlNN,29,32,61,0.48
PlNP,54,53,107,0.5
PlNS,27,15,42,0.64
PlNb,37,23,60,0.62
PlNh,10,14,24,0.42
PlNl,17,11,28,0.61
PlNm,23,27,50,0.46
PlNn,42,42,84,0.5
PlNs,26,18,44,0.59
PlNt,7,3,10,0.7
PlPB,30,41,71,0.42
PlPD,0,1,1,0.0
PlPH,10,10,20,0.5
PlPI,6,4,10,0.6
PlPK,5,3,8,0.62
PlPL,22,24,46,0.48
PlPM,49,38,87,0.56
PlPN,29,46,75,0.39
PlPP,65,73,138,0.47
PlPS,22,19,41,0.54
PlPb,44,37,81,0.54
PlPh,5,6,11,0.45
PlPl,30,34,64,0.47
PlPm,43,34,77,0.56
PlPn,33,34,67,0.49
PlPs,35,23,58,0.6
PlPt,2,5,7,0.29
PlSB,16,17,33,0.48
PlSD,1,2,3,0.33
PlSH,9,7,16,0.56
PlSK,1,0,1,1.0
PlSL,3,10,13,0.23
PlSM,24,28,52,0.46
PlSN,21,20,41,0.51
PlSP,38,19,57,0.67
PlSS,21,30,51,0.41
PlSb,23,14,37,0.62
PlSh,11,11,22,0.5
PlSl,14,9,23,0.61
PlSm,18,13,31,0.58
PlSn,23,22,45,0.51
PlSs,18,30,48,0.38
PlSt,3,3,6,0.5
PlbB,36,31,67,0.54
PlbD,1,1,2,0.5
PlbH,12,7,19,0.63
PlbI,5,2,7,0.71
PlbJ,8,12,20,0.4
PlbK,1,2,3,0.33
PlbL,21,20,41,0.51
PlbM,33,40,73,0.45
PlbN,39,38,77,0.51
PlbP,41,45,86,0.48
PlbS,16,20,36,0.44
Plbb,34,42,76,0.45
Plbl,20,20,40,0.5
Plbm,28,23,51,0.55
Plbn,28,26,54,0.52
Plbs,21,15,36,0.58
PlhH,1,0,1,1.0
PllB,17,15,32,0.53
PllD,0,3,3,0.0
PllH,9,6,15,0.6
PllI,1,0,1,1.0
PllJ,2,6,8,0.25
PllK,1,0,1,1.0
PllL,8,10,18,0.44
PllM,19,16,35,0.54
PllN,16,23,39,0.41
PllP,17,19,36,0.47
PllS,6,10,16,0.38
Pllb,30,19,49,0.61
Plll,9,6,15,0.6
Pllm,6,10,16,0.38
Plln,11,14,25,0.44
Plls,7,9,16,0.44
PlmB,22,25,47,0.47
PlmD,1,1,2,0.5
PlmH,13,18,31,0.42
PlmI,0,3,3,0.0
PlmJ,3,7,10,0.3
PlmL,12,10,22,0.55
PlmM,27,28,55,0.49
PlmN,33,27,60,0.55
PlmP,30,30,60,0.5
PlmS,12,11,23,0.52
Plmb,28,32,60,0.47
Plmh,0,1,1,0.0
Plml,7,7,14,0.5
Plmm,24,11,35,0.69
Plmn,19,11,30,0.63
Plms,7,5,12,0.58
PlnB,17,20,37,0.46
PlnD,1,2,3,0.33
PlnH,7,13,20,0.35
PlnI,2,1,3,0.67
PlnK,1,2,3,0.33
PlnL,9,13,22,0.41
PlnM,26,27,53,0.49
PlnN,32,28,60,0.53
PlnP,42,32,74,0.57
PlnS,12,17,29,0.41
Plnb,22,22,44,0.5
Plnh,0,0,0,
Plnl,9,7,16,0.56
Plnm,19,20,39,0.49
Plnn,27,21,48,0.56
Plns,14,20,34,0.41
PlsB,9,12,21,0.43
PlsD,4,3,7,0.57
PlsH,15,14,29,0.52
PlsI,2,4,6,0.33
PlsK,0,1,1,0.0
PlsL,7,7,14,0.5
PlsM,24,18,42,0.57
PlsN,15,15,30,0.5
PlsP,22,20,42,0.52
PlsS,16,9,25,0.64
Plsb,19,15,34,0.56
Plsh,0,3,3,0.0
Plsl,10,10,20,0.5
Plsm,14,5,19,0.74
Plsn,19,11,30,0.63
Plss,9,16,25,0.36
PmBB,21,21,42,0.5
PmBD,4,2,6,0.67
PmBK,5,1,6,0.83
PmBL,13,18,31,0.42
PmBM,30,47,77,0.39
PmBN,39,45,84,0.46
PmBP,62,53,115,0.54
PmBS,31,19,50,0.62
PmBb,36,36,72,0.5
PmBh,4,3,7,0.57
PmBj,12,18,30,0.4
PmBl,26,20,46,0.57
PmBm,27,22,49,0.55
PmBn,47,62,109,0.43
PmBs,16,25,41,0.39
PmBt,10,9,19,0.53
PmDB,1,4,5,0.2
PmDD,1,0,1,1.0
PmDH,3,4,7,0.43
PmDI,1,1,2,0.5
PmDL,1,1,2,0.5
PmDM,7,2,9,0.78
PmDN,5,2,7,0.71
PmDP,6,5,11,0.55
PmDS,5,2,7,0.71
PmDb,3,3,6,0.5
PmDl,2,4,6,0.33
PmDm,0,7,7,0.0
PmDn,2,5,7,0.29
PmDs,4,2,6,0.67
PmDt,2,0,2,1.0
PmHB,24,23,47,0.51
PmHD,2,4,6,0.33
PmHH,5,3,8,0.62
PmHI,2,1,3,0.67
PmHK,3,1,4,0.75
PmHL,16,19,35,0.46
PmHM,29,46,75,0.39
PmHN,31,33,64,0.48
PmHP,48,35,83,0.58
PmHS,24,17,41,0.59
PmHb,35,41,76,0.46
PmHh,14,8,22,0.64
PmHl,17,11,28,0.61
PmHm,16,29,45,0.36
PmHn,37,24,61,0.61
PmHs,18,23,41,0.44
PmHt,1,6,7,0.14
PmIB,0,2,2,0.0
PmID,1,1,2,0.5
PmIH,3,2,5,0.6
PmII,1,0,1,1.0
PmIL,4,1,5,0.8
PmIM,1,5,6,0.17
PmIN,6,2,8,0.75
PmIP,4,5,9,0.44
PmIS,3,1,4,0.75
PmIb,7,3,10,0.7
PmIl,3,1,4,0.75
PmIm,3,0,3,1.0
PmIn,4,1,5,0.8
PmIs,1,4,5,0.2
PmJB,8,7,15,0.53
PmJH,4,5,9,0.44
PmJI,1,1,2,0.5
PmJK,3,1,4,0.75
PmJL,1,4,5,0.2
PmJM,15,10,25,0.6
PmJN,18,8,26,0.69
PmJP,18,18,36,0.5
PmJS,7,6,13,0.54
PmJb,14,10,24,0.58
PmJh,1,2,3,0.33
PmJl,3,5,8,0.38
PmJm,11,8,19,0.58
PmJn,13,14,27,0.48
PmJs,9,7,16,0.56
PmJt,1,2,3,0.33
PmKL,1,0,1,1.0
PmKN,0,1,1,0.0
PmKb,1,0,1,1.0
PmKh,1,0,1,1.0
PmKm,1,0,1,1.0
PmKn,1,0,1,1.0
PmLB,17,19,36,0.47
PmLD,0,1,1,0.0
PmLH,0,1,1,0.0
PmLK,1,0,1,1.0
PmLL,6,10,16,0.38
PmLM,26,26,52,0.5
PmLN,19,23,42,0.45
PmLP,24,27,51,0.47
PmLS,10,17,27,0.37
PmLb,21,23,44,0.48
PmLh,10,13,23,0.43
PmLj,5,5,10,0.5
PmLl,12,10,22,0.55
PmLm,13,12,25,0.52
PmLn,29,26,55,0.53
PmLs,11,10,21,0.52
PmLt,1,4,5,0.2
PmMB,31,41,72,0.43
PmMD,4,3,7,0.57
PmML,12,18,30,0.4
PmMM,57,51,108,0.53
PmMN,51,51,102,0.5
PmMP,57,72,129,0.44
PmMS,40,32,72,0.56
PmMb,54,66,120,0.45
PmMh,38,39,77,0.49
PmMj,14,7,21,0.67
PmMl,33,21,54,0.61
PmMm,54,40,94,0.57
PmMn,82,55,137,0.6
PmMs,29,27,56,0.52
PmMt,6,9,15,0.4
PmNB,42,30,72,0.58
PmND,9,4,13,0.69
PmNH,6,9,15,0.4
PmNI,0,0,0,
PmNK,4,3,7,0.57
PmNL,24,21,45,0.53
PmNM,42,50,92,0.46
PmNN,51,64,115,0.44
PmNP,71,86,157,0.45
PmNS,43,41,84,0.51
PmNb,51,37,88,0.58
PmNh,10,18,28,0.36
PmNl,26,27,53,0.49
PmNm,45,39,84,0.54
PmNn,76,57,133,0.57
PmNs,41,39,80,0.51
PmNt,9,8,17,0.53
PmPB,57,49,106,0.54
PmPD,8,5,13,0.62
PmPH,20,10,30,0.67
PmPI,4,5,9,0.44
PmPK,7,4,11,0.64
PmPL,27,28,55,0.49
PmPM,66,72,138,0.48
PmPN,66,45,111,0.59
PmPP,83,112,195,0.43
PmPS,41,42,83,0.49
PmPb,81,62,143,0.57
PmPh,4,3,7,0.57
PmPl,31,36,67,0.46
PmPm,50,45,95,0.53
PmPn,63,77,140,0.45
PmPs,38,39,77,0.49
PmPt,8,8,16,0.5
PmSB,18,21,39,0.46
PmSD,3,1,4,0.75
PmSH,10,14,24,0.42
PmSI,1,0,1,1.0
PmSK,0,2,2,0.0
PmSL,8,16,24,0.33
PmSM,29,32,61,0.48
PmSN,28,28,56,0.5
PmSP,47,31,78,0.6
PmSS,28,24,52,0.54
PmSb,28,20,48,0.58
PmSh,11,19,30,0.37
PmSl,15,13,28,0.54
PmSm,28,27,55,0.51
PmSn,33,35,68,0.49
PmSs,28,25,53,0.53
PmSt,9,7,16,0.56
PmbB,43,31,74,0.58
PmbD,1,6,7,0.14
PmbH,16,11,27,0.59
PmbI,8,3,11,0.73
PmbJ,17,11,28,0.61
PmbK,3,1,4,0.75
PmbL,19,20,39,0.49
PmbM,48,57,105,0.46
PmbN,65,70,135,0.48
PmbP,65,69,134,0.49
PmbS,24,24,48,0.5
Pmbb,60,54,114,0.53
Pmbl,16,22,38,0.42
Pmbm,38,43,81,0.47
Pmbn,56,37,93,0.6
Pmbs,23,16,39,0.59
Pmhs,0,0,0,
PmlB,15,14,29,0.52
PmlD,0,1,1,0.0
PmlH,16,8,24,0.67
PmlI,3,1,4,0.75
PmlJ,2,3,5,0.4
PmlK,0,1,1,0.0
PmlL,11,8,19,0.58
PmlM,19,20,39,0.49
PmlN,21,28,49,0.43
PmlP,37,17,54,0.69
PmlS,6,6,12,0.5
Pmlb,21,22,43,0.49
Pmll,11,8,19,0.58
Pmlm,19,16,35,0.54
Pmln,15,15,30,0.5
Pmls,5,7,12,0.42
PmmB,27,32,59,0.46
PmmD,0,6,6,0.0
PmmH,19,19,38,0.5
PmmI,0,4,4,0.0
PmmJ,5,8,13,0.38
PmmL,11,17,28,0.39
PmmM,27,32,59,0.46
PmmN,43,44,87,0.49
PmmP,53,51,104,0.51
PmmS,16,26,42,0.38
Pmmb,50,35,85,0.59
Pmmh,0,1,1,0.0
Pmml,11,8,19,0.58
Pmmm,24,24,48,0.5
Pmmn,38,27,65,0.58
Pmms,8,15,23,0.35
PmnB,28,21,49,0.57
PmnD,0,5,5,0.0
PmnH,20,19,39,0.51
PmnI,8,1,9,0.89
PmnK,6,1,7,0.86
PmnL,16,12,28,0.57
PmnM,42,39,81,0.52
PmnN,47,47,94,0.5
PmnP,55,52,107,0.51
PmnS,27,26,53,0.51
Pmnb,47,39,86,0.55
Pmnl,15,12,27,0.56
Pmnm,38,25,63,0.6
Pmnn,47,53,100,0.47
Pmns,25,28,53,0.47
PmsB,11,8,19,0.58
PmsD,4,2,6,0.67
PmsH,26,11,37,0.7
PmsI,6,2,8,0.75
PmsK,0,0,0,
PmsL,9,7,16,0.56
PmsM,21,16,37,0.57
PmsN,18,20,38,0.47
PmsP,38,30,68,0.56
PmsS,16,22,38,0.42
Pmsb,22,14,36,0.61
Pmsh,1,2,3,0.33
Pmsl,9,11,20,0.45
Pmsm,19,13,32,0.59
Pmsn,25,18,43,0.58
Pmss,18,12,30,0.6
PmtP,0,1,1,0.0
Pmtb,0,1,1,0.0
PnBB,34,34,68,0.5
PnBD,0,4,4,0.0
PnBH,0,1,1,0.0
PnBK,0,1,1,0.0
PnBL,20,24,44,0.45
PnBM,35,58,93,0.38
PnBN,43,47,90,0.48
PnBP,63,53,116,0.54
PnBS,22,19,41,0.54
PnBb,40,39,79,0.51
PnBh,2,6,8,0.25
PnBj,23,16,39,0.59
PnBl,21,18,39,0.54
PnBm,36,33,69,0.52
PnBn,49,58,107,0.46
PnBs,24,27,51,0.47
PnBt,6,5,11,0.55
PnDB,5,2,7,0.71
PnDD,2,1,3,0.67
PnDH,5,5,10,0.5
PnDL,3,6,9,0.33
PnDM,1,4,5,0.2
PnDN,3,0,3,1.0
PnDP,16,4,20,0.8
PnDS,5,3,8,0.62
PnDb,5,3,8,0.62
PnDl,0,2,2,0.0
PnDm,2,8,10,0.2
PnDn,5,1,6,0.83
PnDs,5,0,5,1.0
PnDt,2,2,4,0.5
PnHB,21,17,38,0.55
PnHD,2,1,3,0.67
PnHH,3,6,9,0.33
PnHI,2,2,4,0.5
PnHK,1,1,2,0.5
PnHL,16,14,30,0.53
PnHM,25,28,53,0.47
PnHN,30,28,58,0.52
PnHP,40,47,87,0.46
PnHS,25,20,45,0.56
PnHb,37,28,65,0.57
PnHh,12,5,17,0.71
PnHl,19,10,29,0.66
PnHm,21,12,33,0.64
PnHn,37,29,66,0.56
PnHs,22,18,40,0.55
PnHt,2,3,5,0.4
PnIB,6,2,8,0.75
PnIH,4,4,8,0.5
PnIL,1,4,5,0.2
PnIM,5,7,12,0.42
PnIN,4,9,13,0.31
PnIP,9,12,21,0.43
PnIS,6,1,7,0.86
PnIb,12,6,18,0.67
PnIl,3,3,6,0.5
PnIm,12,3,15,0.8
PnIn,8,8,16,0.5
PnIs,5,2,7,0.71
PnIt,1,0,1,1.0
PnKB,4,2,6,0.67
PnKI,2,1,3,0.67
PnKK,2,0,2,1.0
PnKL,2,0,2,1.0
PnKM,5,3,8,0.62
PnKN,5,3,8,0.62
PnKP,7,8,15,0.47
PnKS,4,2,6,0.67
PnKb,5,5,10,0.5
PnKh,6,6,12,0.5
PnKl,3,3,6,0.5
PnKm,6,6,12,0.5
PnKn,5,4,9,0.56
PnKs,5,2,7,0.71
PnLB,18,26,44,0.41
PnLD,2,1,3,0.67
PnLK,2,1,3,0.67
PnLL,10,12,22,0.45
PnLM,24,18,42,0.57
PnLN,21,22,43,0.49
PnLP,26,27,53,0.49
PnLS,18,27,45,0.4
PnLb,18,26,44,0.41
PnLh,10,8,18,0.56
PnLj,10,11,21,0.48
PnLl,12,16,28,0.43
PnLm,22,16,38,0.58
PnLn,33,29,62,0.53
PnLs,16,13,29,0.55
PnLt,4,7,11,0.36
PnMB,53,51,104,0.51
PnMK,0,1,1,0.0
PnML,26,24,50,0.52
PnMM,45,60,105,0.43
PnMN,74,55,129,0.57
PnMP,74,71,145,0.51
PnMS,36,40,76,0.47
PnMb,56,66,122,0.46
PnMh,29,44,73,0.4
PnMj,17,21,38,0.45
PnMl,40,30,70,0.57
PnMm,52,46,98,0.53
PnMn,83,86,169,0.49
PnMs,28,26,54,0.52
PnMt,13,5,18,0.72
PnNB,43,41,84,0.51
PnND,6,4,10,0.6
PnNH,7,14,21,0.33
PnNI,0,0,0,
PnNK,4,6,10,0.4
PnNL,28,27,55,0.51
PnNM,55,65,120,0.46
PnNN,66,84,150,0.44
PnNP,116,100,216,0.54
PnNS,57,54,111,0.51
PnNb,73,67,140,0.52
PnNh,29,25,54,0.54
PnNl,37,34,71,0.52
PnNm,50,43,93,0.54
PnNn,93,79,172,0.54
PnNs,48,40,88,0.55
PnNt,12,9,21,0.57
PnPB,65,62,127,0.51
PnPD,6,4,10,0.6
PnPH,24,28,52,0.46
PnPI,10,7,17,0.59
PnPK,8,9,17,0.47
PnPL,47,56,103,0.46
PnPM,108,104,212,0.51
PnPN,84,91,175,0.48
PnPP,165,152,317,0.52
PnPS,73,71,144,0.51
PnPb,94,82,176,0.53
PnPh,8,3,11,0.73
PnPl,64,56,120,0.53
PnPm,87,42,129,0.67
PnPn,92,73,165,0.56
PnPs,67,68,135,0.5
PnPt,12,16,28,0.43
PnSB,21,31,52,0.4
PnSD,3,2,5,0.6
PnSH,20,15,35,0.57
PnSI,1,0,1,1.0
PnSK,0,2,2,0.0
PnSL,15,19,34,0.44
PnSM,51,44,95,0.54
PnSN,32,40,72,0.44
PnSP,57,57,114,0.5
PnSS,46,52,98,0.47
PnSb,41,45,86,0.48
PnSh,21,25,46,0.46
PnSl,28,27,55,0.51
PnSm,33,37,70,0.47
PnSn,54,49,103,0.52
PnSs,32,41,73,0.44
PnSt,5,8,13,0.38
PnbB,49,39,88,0.56
PnbD,3,2,5,0.6
PnbH,13,14,27,0.48
PnbI,5,3,8,0.62
PnbJ,21,14,35,0.6
PnbK,7,8,15,0.47
PnbL,25,27,52,0.48
PnbM,55,64,119,0.46
PnbN,79,74,153,0.52
PnbP,86,77,163,0.53
PnbS,29,36,65,0.45
Pnbb,58,57,115,0.5
Pnbh,1,0,1,1.0
Pnbl,30,27,57,0.53
Pnbm,50,42,92,0.54
Pnbn,54,46,100,0.54
Pnbs,31,25,56,0.55
PnhB,6,0,6,1.0
PnhL,2,4,6,0.33
PnhM,5,7,12,0.42
PnhN,0,3,3,0.0
PnhP,4,3,7,0.57
PnhS,1,1,2,0.5
Pnhb,3,2,5,0.6
Pnhh,3,3,6,0.5
Pnhl,4,2,6,0.67
Pnhm,3,3,6,0.5
Pnhn,2,4,6,0.33
Pnhs,0,0,0,
Pnht,1,0,1,1.0
PnlB,18,19,37,0.49
PnlD,0,1,1,0.0
PnlH,29,19,48,0.6
PnlI,2,3,5,0.4
PnlJ,7,13,20,0.35
PnlK,1,0,1,1.0
PnlL,16,17,33,0.48
PnlM,28,23,51,0.55
PnlN,34,34,68,0.5
PnlP,48,39,87,0.55
PnlS,25,21,46,0.54
Pnlb,38,28,66,0.58
Pnll,15,8,23,0.65
Pnlm,16,18,34,0.47
Pnln,26,26,52,0.5
Pnls,18,21,39,0.46
PnmB,50,48,98,0.51
PnmD,4,4,8,0.5
PnmH,27,34,61,0.44
PnmI,3,4,7,0.43
PnmJ,11,4,15,0.73
PnmK,1,0,1,1.0
PnmL,24,14,38,0.63
PnmM,44,44,88,0.5
PnmN,40,49,89,0.45
PnmP,63,54,117,0.54
PnmS,31,28,59,0.53
Pnmb,57,47,104,0.55
Pnml,21,12,33,0.64
Pnmm,32,19,51,0.63
Pnmn,42,55,97,0.43
Pnms,33,21,54,0.61
PnnB,37,40,77,0.48
PnnD,10,4,14,0.71
PnnH,29,21,50,0.58
PnnI,7,1,8,0.88
PnnK,4,7,11,0.36
PnnL,17,21,38,0.45
PnnM,58,56,114,0.51
PnnN,68,68,136,0.5
PnnP,100,91,191,0.52
PnnS,30,48,78,0.38
Pnnb,67,50,117,0.57
Pnnh,1,2,3,0.33
Pnnl,30,32,62,0.48
Pnnm,51,28,79,0.65
Pnnn,61,57,118,0.52
Pnns,45,34,79,0.57
PnsB,30,15,45,0.67
PnsD,6,2,8,0.75
PnsH,31,39,70,0.44
PnsI,5,3,8,0.62
PnsK,1,2,3,0.33
PnsL,25,19,44,0.57
PnsM,45,35,80,0.56
PnsN,53,36,89,0.6
PnsP,66,58,124,0.53
PnsS,43,36,79,0.54
Pnsb,36,36,72,0.5
Pnsh,2,1,3,0.67
Pnsl,22,18,40,0.55
Pnsm,38,29,67,0.57
Pnsn,47,32,79,0.59
Pnss,24,20,44,0.55
Pnst,0,1,1,0.0
PntM,0,1,1,0.0
Pntm,1,0,1,1.0
Pnts,0,1,1,0.0
PsBB,24,13,37,0.65
PsBD,1,0,1,1.0
PsBH,1,0,1,1.0
PsBK,1,2,3,0.33
PsBL,12,14,26,0.46
PsBM,16,35,51,0.31
PsBN,27,25,52,0.52
PsBP,29,29,58,0.5
PsBS,14,10,24,0.58
PsBb,25,26,51,0.49
PsBh,5,3,8,0.62
PsBj,7,6,13,0.54
PsBl,7,17,24,0.29
PsBm,23,15,38,0.61
PsBn,23,36,59,0.39
PsBs,8,13,21,0.38
PsBt,2,3,5,0.4
PsDB,3,1,4,0.75
PsDD,1,1,2,0.5
PsDH,0,4,4,0.0
PsDL,1,0,1,1.0
PsDM,6,2,8,0.75
PsDN,3,5,8,0.38
PsDP,2,5,7,0.29
PsDS,3,3,6,0.5
PsDb,1,2,3,0.33
PsDl,1,0,1,1.0
PsDm,5,5,10,0.5
PsDn,3,1,4,0.75
PsDs,0,2,2,0.0
PsDt,1,1,2,0.5
PsHB,21,15,36,0.58
PsHD,3,2,5,0.6
PsHH,10,8,18,0.56
PsHI,3,1,4,0.75
PsHK,0,3,3,0.0
PsHL,10,20,30,0.33
PsHM,30,41,71,0.42
PsHN,28,24,52,0.54
PsHP,53,43,96,0.55
PsHS,27,16,43,0.63
PsHb,34,29,63,0.54
PsHh,20,21,41,0.49
PsHl,15,15,30,0.5
PsHm,25,22,47,0.53
PsHn,37,26,63,0.59
PsHs,28,21,49,0.57
PsHt,1,3,4,0.25
PsIB,5,6,11,0.45
PsIH,4,2,6,0.67
PsII,0,0,0,
PsIL,2,3,5,0.4
PsIM,6,8,14,0.43
PsIN,5,5,10,0.5
PsIP,5,11,16,0.31
PsIS,3,3,6,0.5
PsIb,3,6,9,0.33
PsIl,3,5,8,0.38
PsIm,5,6,11,0.45
PsIn,3,1,4,0.75
PsIs,1,0,1,1.0
PsIt,1,0,1,1.0
PsKL,2,0,2,1.0
PsKM,2,1,3,0.67
PsKN,0,1,1,0.0
PsKP,2,2,4,0.5
PsKS,1,2,3,0.33
PsKh,1,1,2,0.5
PsKl,0,0,0,
PsKm,4,1,5,0.8
PsKn,0,1,1,0.0
PsKs,1,0,1,1.0
PsKt,0,1,1,0.0
PsLB,9,15,24,0.38
PsLD,1,2,3,0.33
PsLK,1,2,3,0.33
PsLL,4,9,13,0.31
PsLM,20,17,37,0.54
PsLN,16,10,26,0.62
PsLP,18,19,37,0.49
PsLS,14,15,29,0.48
PsLb,16,12,28,0.57
PsLh,6,9,15,0.4
PsLj,4,6,10,0.4
PsLl,13,11,24,0.54
PsLm,18,14,32,0.56
PsLn,25,22,47,0.53
PsLs,11,10,21,0.52
PsLt,5,4,9,0.56
PsMB,33,19,52,0.63
PsMD,1,2,3,0.33
PsMH,1,1,2,0.5
PsMI,0,0,0,
PsMK,0,2,2,0.0
PsML,22,18,40,0.55
PsMM,39,29,68,0.57
PsMN,31,34,65,0.48
PsMP,32,37,69,0.46
PsMS,26,20,46,0.57
PsMb,39,24,63,0.62
PsMh,30,28,58,0.52
PsMj,12,16,28,0.43
PsMl,15,15,30,0.5
PsMm,35,37,72,0.49
PsMn,37,46,83,0.45
PsMs,21,18,39,0.54
PsMt,4,7,11,0.36
PsNB,26,23,49,0.53
PsND,2,2,4,0.5
PsNH,1,4,5,0.2
PsNK,2,2,4,0.5
PsNL,15,19,34,0.44
PsNM,28,39,67,0.42
PsNN,42,32,74,0.57
PsNP,53,72,125,0.42
PsNS,31,35,66,0.47
PsNb,45,34,79,0.57
PsNh,13,18,31,0.42
PsNl,10,23,33,0.3
PsNm,18,18,36,0.5
PsNn,39,41,80,0.49
PsNs,31,32,63,0.49
PsNt,7,6,13,0.54
PsPB,40,53,93,0.43
PsPD,2,3,5,0.4
PsPH,12,19,31,0.39
PsPI,5,2,7,0.71
PsPK,2,8,10,0.2
PsPL,32,29,61,0.52
PsPM,40,57,97,0.41
PsPN,49,46,95,0.52
PsPP,101,110,211,0.48
PsPS,47,47,94,0.5
PsPb,48,68,116,0.41
PsPh,5,3,8,0.62
PsPl,30,39,69,0.43
PsPm,47,42,89,0.53
PsPn,59,50,109,0.54
PsPs,43,38,81,0.53
PsPt,5,2,7,0.71
PsSB,28,22,50,0.56
PsSD,1,4,5,0.2
PsSH,21,10,31,0.68
PsSI,1,0,1,1.0
PsSK,2,2,4,0.5
PsSL,16,15,31,0.52
PsSM,33,47,80,0.41
PsSN,15,43,58,0.26
PsSP,67,63,130,0.52
PsSS,23,41,64,0.36
PsSb,29,23,52,0.56
PsSh,19,32,51,0.37
PsSl,24,29,53,0.45
PsSm,34,24,58,0.59
PsSn,35,41,76,0.46
PsSs,44,49,93,0.47
PsSt,6,8,14,0.43
PsbB,22,26,48,0.46
PsbD,4,2,6,0.67
PsbH,7,5,12,0.58
PsbI,8,4,12,0.67
PsbJ,22,13,35,0.63
PsbK,5,1,6,0.83
PsbL,22,16,38,0.58
PsbM,53,39,92,0.58
PsbN,46,32,78,0.59
PsbP,57,42,99,0.58
PsbS,20,23,43,0.47
Psbb,51,34,85,0.6
Psbh,0,0,0,
Psbl,17,10,27,0.63
Psbm,24,19,43,0.56
Psbn,33,32,65,0.51
Psbs,13,17,30,0.43
PshB,2,1,3,0.67
PshK,0,1,1,0.0
PshL,1,2,3,0.33
PshM,2,2,4,0.5
PshN,1,2,3,0.33
PshP,3,3,6,0.5
PshS,0,2,2,0.0
Pshb,1,0,1,1.0
Pshh,3,0,3,1.0
Pshm,1,2,3,0.33
Pshn,2,2,4,0.5
Pshs,2,2,4,0.5
PslB,11,19,30,0.37
PslD,2,0,2,1.0
PslH,10,9,19,0.53
PslI,1,4,5,0.2
PslJ,4,12,16,0.25
PslK,2,0,2,1.0
PslL,14,8,22,0.64
PslM,26,17,43,0.6
PslN,17,30,47,0.36
PslP,27,21,48,0.56
PslS,14,14,28,0.5
Pslb,18,17,35,0.51
Psll,12,13,25,0.48
Pslm,15,18,33,0.45
Psln,17,20,37,0.46
Psls,14,13,27,0.52
PsmB,34,23,57,0.6
PsmD,4,2,6,0.67
PsmH,30,29,59,0.51
PsmI,3,1,4,0.75
PsmJ,4,7,11,0.36
PsmK,1,2,3,0.33
PsmL,16,18,34,0.47
PsmM,33,36,69,0.48
PsmN,43,35,78,0.55
PsmP,37,30,67,0.55
PsmS,13,20,33,0.39
Psmb,43,35,78,0.55
Psml,18,17,35,0.51
Psmm,27,19,46,0.59
Psmn,28,35,63,0.44
Psms,19,11,30,0.63
PsnB,16,29,45,0.36
PsnD,1,6,7,0.14
PsnH,19,15,34,0.56
PsnI,0,4,4,0.0
PsnK,1,4,5,0.2
PsnL,12,14,26,0.46
PsnM,25,32,57,0.44
PsnN,32,42,74,0.43
PsnP,44,50,94,0.47
PsnS,12,27,39,0.31
Psnb,39,29,68,0.57
Psnh,1,0,1,1.0
Psnl,17,19,36,0.47
Psnm,21,20,41,0.51
Psnn,22,37,59,0.37
Psns,18,28,46,0.39
PssB,13,16,29,0.45
PssD,5,4,9,0.56
PssH,27,33,60,0.45
PssI,3,5,8,0.38
PssK,1,0,1,1.0
PssL,9,13,22,0.41
PssM,22,24,46,0.48
PssN,37,30,67,0.55
PssP,43,34,77,0.56
PssS,31,40,71,0.44
Pssb,35,24,59,0.59
Pssh,3,0,3,1.0
Pssl,19,13,32,0.59
Pssm,27,14,41,0.66
Pssn,29,14,43,0.67
Psss,42,30,72,0.58
PstL,0,1,1,0.0
PstM,1,1,2,0.5
PstN,1,0,1,1.0
Pstb,0,1,1,0.0
Pstl,1,1,2,0.5
Pstm,0,0,0,
Pstn,0,1,1,0.0
PtBB,6,4,10,0.6
PtBD,2,0,2,1.0
PtBL,5,3,8,0.62
PtBM,7,4,11,0.64
PtBN,7,3,10,0.7
PtBP,5,9,14,0.36
PtBS,1,3,4,0.25
PtBb,1,4,5,0.2
PtBh,0,0,0,
PtBj,1,2,3,0.33
PtBl,2,2,4,0.5
PtBm,5,3,8,0.62
PtBn,4,3,7,0.57
PtBs,2,1,3,0.67
PtBt,1,0,1,1.0
PtDB,0,1,1,0.0
PtDI,0,0,0,
PtDN,1,1,2,0.5
PtDP,1,0,1,1.0
PtDS,1,0,1,1.0
PtDl,0,2,2,0.0
PtDm,1,1,2,0.5
PtDs,1,1,2,0.5
PtHB,3,3,6,0.5
PtHD,0,1,1,0.0
PtHH,1,2,3,0.33
PtHK,0,0,0,
PtHL,2,1,3,0.67
PtHM,1,2,3,0.33
PtHN,4,3,7,0.57
PtHP,4,2,6,0.67
PtHS,1,1,2,0.5
PtHb,2,3,5,0.4
PtHh,1,1,2,0.5
PtHl,4,5,9,0.44
PtHm,3,2,5,0.6
PtHn,3,2,5,0.6
PtHs,3,2,5,0.6
PtHt,1,0,1,1.0
PtIP,0,0,0,
PtIS,0,1,1,0.0
PtIm,1,0,1,1.0
PtKM,1,1,2,0.5
PtKN,1,0,1,1.0
PtKS,0,2,2,0.0
PtKb,1,0,1,1.0
PtKh,0,1,1,0.0
PtKm,0,1,1,0.0
PtLB,5,2,7,0.71
PtLL,2,1,3,0.67
PtLM,4,3,7,0.57
PtLN,3,3,6,0.5
PtLP,6,3,9,0.67
PtLS,0,3,3,0.0
PtLb,5,6,11,0.45
PtLh,2,2,4,0.5
PtLj,1,1,2,0.5
PtLl,0,1,1,0.0
PtLm,1,1,2,0.5
PtLn,5,0,5,1.0
PtLs,3,3,6,0.5
PtLt,0,1,1,0.0
PtMB,4,7,11,0.36
PtMK,0,0,0,
PtML,3,5,8,0.38
PtMM,9,6,15,0.6
PtMN,3,6,9,0.33
PtMP,9,12,21,0.43
PtMS,2,7,9,0.22
PtMb,14,8,22,0.64
PtMh,2,6,8,0.25
PtMj,2,2,4,0.5
PtMl,5,3,8,0.62
PtMm,4,8,12,0.33
PtMn,11,8,19,0.58
PtMs,8,4,12,0.67
PtNB,6,4,10,0.6
PtND,1,0,1,1.0
PtNH,1,0,1,1.0
PtNL,2,1,3,0.67
PtNM,6,5,11,0.55
PtNN,7,6,13,0.54
PtNP,11,6,17,0.65
PtNS,3,2,5,0.6
PtNb,6,6,12,0.5
PtNh,2,3,5,0.4
PtNl,3,2,5,0.6
PtNm,5,5,10,0.5
PtNn,8,6,14,0.57
PtNs,3,6,9,0.33
PtPB,7,2,9,0.78
PtPD,1,2,3,0.33
PtPH,3,3,6,0.5
PtPI,0,1,1,0.0
PtPK,0,1,1,0.0
PtPL,6,7,13,0.46
PtPM,11,7,18,0.61
PtPN,8,8,16,0.5
PtPP,21,6,27,0.78
PtPS,11,11,22,0.5
PtPb,5,6,11,0.45
PtPh,1,1,2,0.5
PtPl,8,9,17,0.47
PtPm,20,6,26,0.77
PtPn,5,7,12,0.42
PtPs,6,9,15,0.4
PtPt,1,2,3,0.33
PtSB,4,5,9,0.44
PtSH,3,3,6,0.5
PtSK,1,0,1,1.0
PtSL,2,3,5,0.4
PtSM,4,5,9,0.44
PtSN,5,3,8,0.62
PtSP,10,2,12,0.83
PtSS,10,6,16,0.62
PtSb,0,4,4,0.0
PtSh,3,2,5,0.6
PtSl,3,3,6,0.5
PtSm,8,7,15,0.53
PtSn,7,9,16,0.44
PtSs,5,6,11,0.45
PtSt,1,0,1,1.0
PtbB,5,6,11,0.45
PtbD,1,0,1,1.0
PtbH,0,1,1,0.0
PtbI,0,0,0,
PtbJ,4,3,7,0.57
PtbL,3,4,7,0.43
PtbM,6,5,11,0.55
PtbN,5,16,21,0.24
PtbP,8,10,18,0.44
PtbS,4,4,8,0.5
Ptbb,7,8,15,0.47
Ptbl,5,7,12,0.42
Ptbm,3,7,10,0.3
Ptbn,5,6,11,0.45
Ptbs,1,4,5,0.2
PthL,1,0,1,1.0
PthP,1,0,1,1.0
Pthb,0,1,1,0.0
Pthh,1,0,1,1.0
Pthm,1,0,1,1.0
PtlB,4,3,7,0.57
PtlH,1,1,2,0.5
PtlI,1,0,1,1.0
PtlJ,0,1,1,0.0
PtlK,1,0,1,1.0
PtlL,4,2,6,0.67
PtlM,5,3,8,0.62
PtlN,3,1,4,0.75
PtlP,6,6,12,0.5
PtlS,2,3,5,0.4
Ptlb,6,8,14,0.43
Ptll,3,3,6,0.5
Ptlm,4,3,7,0.57
Ptln,4,0,4,1.0
Ptls,1,0,1,1.0
PtmB,3,3,6,0.5
PtmD,1,0,1,1.0
PtmH,2,3,5,0.4
PtmI,1,1,2,0.5
PtmJ,1,2,3,0.33
PtmL,1,3,4,0.25
PtmM,10,4,14,0.71
PtmN,4,7,11,0.36
PtmP,5,6,11,0.45
PtmS,7,6,13,0.54
Ptmb,3,5,8,0.38
Ptml,4,4,8,0.5
Ptmm,4,5,9,0.44
Ptmn,4,5,9,0.44
Ptms,3,1,4,0.75
PtnB,5,5,10,0.5
PtnD,2,2,4,0.5
PtnH,2,3,5,0.4
PtnL,0,1,1,0.0
PtnM,6,7,13,0.46
PtnN,9,6,15,0.6
PtnP,11,10,21,0.52
PtnS,5,3,8,0.62
Ptnb,3,5,8,0.38
Ptnl,0,3,3,0.0
Ptnm,7,3,10,0.7
Ptnn,3,4,7,0.43
Ptns,5,2,7,0.71
PtsB,3,4,7,0.43
PtsD,0,1,1,0.0
PtsH,0,2,2,0.0
PtsL,0,3,3,0.0
PtsM,3,3,6,0.5
PtsN,1,5,6,0.17
PtsP,8,8,16,0.5
PtsS,5,9,14,0.36
Ptsb,0,2,2,0.0
Ptsl,0,3,3,0.0
Ptsm,5,4,9,0.56
Ptsn,0,6,6,0.0
Ptss,3,3,6,0.5
PttB,0,1,1,0.0
PttD,0,0,0,
PttH,2,0,2,1.0
PttL,2,2,4,0.5
PttM,3,1,4,0.75
PttN,3,0,3,1.0
PttP,1,1,2,0.5
PttS,3,2,5,0.6
Pttb,1,1,2,0.5
Ptth,0,1,1,0.0
Pttl,0,2,2,0.0
Pttm,0,1,1,0.0
Pttn,1,0,1,1.0
S,1,0,1,1.0
SBBB,7,20,27,0.26
SBBD,0,0,0,
SBBK,2,0,2,1.0
SBBL,3,6,9,0.33
SBBM,9,6,15,0.6
SBBN,15,17,32,0.47
SBBP,11,23,34,0.32
SBBS,7,7,14,0.5
SBBb,16,20,36,0.44
SBBh,3,2,5,0.6
SBBj,5,3,8,0.62
SBBl,1,8,9,0.11
SBBm,15,14,29,0.52
SBBn,24,23,47,0.51
SBBs,5,3,8,0.62
SBBt,1,2,3,0.33
SBDB,2,1,3,0.67
SBDH,0,0,0,
SBDL,0,2,2,0.0
SBDM,2,2,4,0.5
SBDN,1,2,3,0.33
SBDP,2,3,5,0.4
SBDS,0,0,0,
SBDm,0,0,0,
SBDn,0,2,2,0.0
SBDs,1,0,1,1.0
SBDt,1,0,1,1.0
SBHN,1,0,1,1.0
SBHm,1,0,1,1.0
SBKB,2,1,3,0.67
SBKL,1,0,1,1.0
SBKM,1,2,3,0.33
SBKN,0,2,2,0.0
SBKP,1,1,2,0.5
SBKb,1,1,2,0.5
SBKh,0,1,1,0.0
SBKl,0,1,1,0.0
SBKm,2,2,4,0.5
SBKn,0,1,1,0.0
SBKs,2,0,2,1.0
SBLB,5,5,10,0.5
SBLD,0,1,1,0.0
SBLH,1,1,2,0.5
SBLL,3,10,13,0.23
SBLM,5,4,9,0.56
SBLN,5,3,8,0.62
SBLP,6,6,12,0.5
SBLS,2,4,6,0.33
SBLb,11,12,23,0.48
SBLh,1,8,9,0.11
SBLj,4,3,7,0.57
SBLl,1,2,3,0.33
SBLm,8,6,14,0.57
SBLn,10,9,19,0.53
SBLs,8,5,13,0.62
SBLt,4,2,6,0.67
SBMB,16,12,28,0.57
SBMD,0,2,2,0.0
SBMH,0,1,1,0.0
SBML,4,4,8,0.5
SBMM,14,9,23,0.61
SBMN,7,13,20,0.35
SBMP,15,23,38,0.39
SBMS,7,5,12,0.58
SBMb,19,20,39,0.49
SBMh,10,6,16,0.62
SBMj,1,4,5,0.2
SBMl,7,12,19,0.37
SBMm,14,12,26,0.54
SBMn,25,20,45,0.56
SBMs,7,3,10,0.7
SBMt,3,3,6,0.5
SBNB,17,23,40,0.42
SBND,2,0,2,1.0
SBNH,2,3,5,0.4
SBNK,0,1,1,0.0
SBNL,12,6,18,0.67
SBNM,17,14,31,0.55
SBNN,27,22,49,0.55
SBNP,38,27,65,0.58
SBNS,10,9,19,0.53
SBNb,20,13,33,0.61
SBNh,5,8,13,0.38
SBNl,6,10,16,0.38
SBNm,19,11,30,0.63
SBNn,23,25,48,0.48
SBNs,13,7,20,0.65
SBNt,4,4,8,0.5
SBPB,20,18,38,0.53
SBPD,4,0,4,1.0
SBPH,2,5,7,0.29
SBPI,1,2,3,0.33
SBPK,4,3,7,0.57
SBPL,14,13,27,0.52
SBPM,24,29,53,0.45
SBPN,25,23,48,0.52
SBPP,39,42,81,0.48
SBPS,10,14,24,0.42
SBPb,17,21,38,0.45
SBPh,7,2,9,0.78
SBPl,9,10,19,0.47
SBPm,23,19,42,0.55
SBPn,24,19,43,0.56
SBPs,12,8,20,0.6
SBPt,2,5,7,0.29
SBSB,6,9,15,0.4
SBSD,0,1,1,0.0
SBSH,4,3,7,0.57
SBSK,1,2,3,0.33
SBSL,1,4,5,0.2
SBSM,10,18,28,0.36
SBSN,11,11,22,0.5
SBSP,14,15,29,0.48
SBSS,7,7,14,0.5
SBSb,16,10,26,0.62
SBSh,9,4,13,0.69
SBSl,7,5,12,0.58
SBSm,14,9,23,0.61
SBSn,9,8,17,0.53
SBSs,10,8,18,0.56
SBSt,1,1,2,0.5
SBbB,17,18,35,0.49
SBbD,1,2,3,0.33
SBbH,2,8,10,0.2
SBbI,1,1,2,0.5
SBbJ,9,5,14,0.64
SBbK,3,0,3,1.0
SBbL,9,7,16,0.56
SBbM,15,21,36,0.42
SBbN,31,28,59,0.53
SBbP,24,41,65,0.37
SBbS,9,16,25,0.36
SBbb,21,15,36,0.58
SBbl,7,6,13,0.54
SBbm,15,5,20,0.75
SBbn,22,15,37,0.59
SBbs,9,7,16,0.56
SBhB,0,1,1,0.0
SBhL,0,0,0,
SBhM,1,0,1,1.0
SBhN,2,4,6,0.33
SBhP,7,7,14,0.5
SBhS,2,2,4,0.5
SBhb,5,2,7,0.71
SBhh,0,3,3,0.0
SBhl,3,3,6,0.5
SBhm,4,2,6,0.67
SBhn,4,2,6,0.67
SBhs,2,3,5,0.4
SBht,0,2,2,0.0
SBjB,8,7,15,0.53
SBjD,2,0,2,1.0
SBjH,3,1,4,0.75
SBjI,0,1,1,0.0
SBjK,0,2,2,0.0
SBjL,2,2,4,0.5
SBjM,3,9,12,0.25
SBjN,5,4,9,0.56
SBjP,13,8,21,0.62
SBjS,3,3,6,0.5
SBjb,4,5,9,0.44
SBjh,0,1,1,0.0
SBjl,0,4,4,0.0
SBjm,9,4,13,0.69
SBjn,6,13,19,0.32
SBjs,2,0,2,1.0
SBjt,1,1,2,0.5
SBlB,9,3,12,0.75
SBlD,0,1,1,0.0
SBlH,3,4,7,0.43
SBlJ,1,2,3,0.33
SBlL,2,2,4,0.5
SBlM,7,9,16,0.44
SBlN,7,19,26,0.27
SBlP,8,12,20,0.4
SBlS,13,7,20,0.65
SBlb,12,9,21,0.57
SBll,2,3,5,0.4
SBlm,7,4,11,0.64
SBln,8,11,19,0.42
SBls,3,3,6,0.5
SBmB,10,11,21,0.48
SBmD,4,3,7,0.57
SBmH,10,8,18,0.56
SBmI,0,1,1,0.0
SBmJ,0,5,5,0.0
SBmL,4,5,9,0.44
SBmM,19,16,35,0.54
SBmN,22,25,47,0.47
SBmP,24,16,40,0.6
SBmS,7,13,20,0.35
SBmb,4,12,16,0.25
SBml,9,1,10,0.9
SBmm,12,10,22,0.55
SBmn,15,6,21,0.71
SBms,4,5,9,0.44
SBnB,21,17,38,0.55
SBnD,4,1,5,0.8
SBnH,10,6,16,0.62
SBnI,4,4,8,0.5
SBnK,1,2,3,0.33
SBnL,7,9,16,0.44
SBnM,25,24,49,0.51
SBnN,37,35,72,0.51
SBnP,35,36,71,0.49
SBnS,11,16,27,0.41
SBnb,18,15,33,0.55
SBnh,0,1,1,0.0
SBnl,13,4,17,0.76
SBnm,15,27,42,0.36
SBnn,31,28,59,0.53
SBns,15,11,26,0.58
SBsB,4,4,8,0.5
SBsD,2,1,3,0.67
SBsH,11,8,19,0.58
SBsI,1,1,2,0.5
SBsL,4,7,11,0.36
SBsM,13,6,19,0.68
SBsN,15,9,24,0.62
SBsP,12,15,27,0.44
SBsS,8,14,22,0.36
SBsb,5,12,17,0.29
SBsl,8,3,11,0.73
SBsm,10,10,20,0.5
SBsn,12,9,21,0.57
SBss,7,8,15,0.47
SBtB,4,0,4,1.0
SBtD,0,1,1,0.0
SBtH,2,0,2,1.0
SBtL,1,0,1,1.0
SBtM,2,4,6,0.33
SBtN,4,1,5,0.8
SBtP,5,7,12,0.42
SBtS,3,2,5,0.6
SBtb,1,2,3,0.33
SBtl,2,0,2,1.0
SBtm,9,3,12,0.75
SBtn,4,2,6,0.67
SBts,1,2,3,0.33
SBtt,1,1,2,0.5
SDBB,2,0,2,1.0
SDBL,0,2,2,0.0
SDBM,1,1,2,0.5
SDBN,3,1,4,0.75
SDBS,1,1,2,0.5
SDBb,2,4,6,0.33
SDBh,0,1,1,0.0
SDBj,0,2,2,0.0
SDBl,1,0,1,1.0
SDBm,1,2,3,0.33
SDBn,1,2,3,0.33
SDBt,0,2,2,0.0
SDDH,1,0,1,1.0
SDDN,1,0,1,1.0
SDDS,2,0,2,1.0
SDDm,1,0,1,1.0
SDHB,1,1,2,0.5
SDHH,0,2,2,0.0
SDHI,1,0,1,1.0
SDHM,5,1,6,0.83
SDHN,1,2,3,0.33
SDHP,1,4,5,0.2
SDHS,1,2,3,0.33
SDHb,1,5,6,0.17
SDHh,1,0,1,1.0
SDHl,1,2,3,0.33
SDHm,4,2,6,0.67
SDHn,1,1,2,0.5
SDHs,3,1,4,0.75
SDHt,0,1,1,0.0
SDIB,1,0,1,1.0
SDIS,1,0,1,1.0
SDIb,1,0,1,1.0
SDIm,1,0,1,1.0
SDIn,0,0,0,
SDKs,0,1,1,0.0
SDLN,0,0,0,
SDLP,0,4,4,0.0
SDLS,0,2,2,0.0
SDLb,1,1,2,0.5
SDLh,1,0,1,1.0
SDLm,1,1,2,0.5
SDLn,1,1,2,0.5
SDLs,1,0,1,1.0
SDMB,5,1,6,0.83
SDMD,1,0,1,1.0
SDMM,0,3,3,0.0
SDMN,3,0,3,1.0
SDMP,4,2,6,0.67
SDMS,0,2,2,0.0
SDMb,3,3,6,0.5
SDMh,2,2,4,0.5
SDMl,1,0,1,1.0
SDMm,2,2,4,0.5
SDMn,3,0,3,1.0
SDMs,2,2,4,0.5
SDNL,1,0,1,1.0
SDNM,2,1,3,0.67
SDNN,0,2,2,0.0
SDNP,2,4,6,0.33
SDNS,2,1,3,0.67
SDNb,2,1,3,0.67
SDNh,0,0,0,
SDNl,1,0,1,1.0
SDNm,2,1,3,0.67
SDNn,1,2,3,0.33
SDNs,0,2,2,0.0
SDNt,0,0,0,
SDPB,1,2,3,0.33
SDPH,1,0,1,1.0
SDPL,2,4,6,0.33
SDPM,3,7,10,0.3
SDPN,5,1,6,0.83
SDPP,6,2,8,0.75
SDPS,2,5,7,0.29
SDPb,1,3,4,0.25
SDPh,1,0,1,1.0
SDPl,2,1,3,0.67
SDPm,1,2,3,0.33
SDPn,0,1,1,0.0
SDPs,1,3,4,0.25
SDSB,2,3,5,0.4
SDSH,1,1,2,0.5
SDSL,0,1,1,0.0
SDSM,6,1,7,0.86
SDSN,1,5,6,0.17
SDSP,1,1,2,0.5
SDSS,3,2,5,0.6
SDSb,1,0,1,1.0
SDSh,5,3,8,0.62
SDSl,0,2,2,0.0
SDSm,2,3,5,0.4
SDSn,3,3,6,0.5
SDSs,2,1,3,0.67
SDSt,1,0,1,1.0
SDbB,0,0,0,
SDbH,1,0,1,1.0
SDbL,1,0,1,1.0
SDbM,2,2,4,0.5
SDbN,1,1,2,0.5
SDbP,5,2,7,0.71
SDbS,1,0,1,1.0
SDbb,4,0,4,1.0
SDbm,2,2,4,0.5
SDbs,1,0,1,1.0
SDlB,1,0,1,1.0
SDlD,0,1,1,0.0
SDlH,1,0,1,1.0
SDlK,1,0,1,1.0
SDlM,0,1,1,0.0
SDlN,0,0,0,
SDlP,0,0,0,
SDlS,0,1,1,0.0
SDlb,2,2,4,0.5
SDll,0,1,1,0.0
SDlm,0,1,1,0.0
SDls,0,0,0,
SDmB,2,1,3,0.67
SDmH,1,0,1,1.0
SDmI,1,0,1,1.0
SDmJ,0,1,1,0.0
SDmL,1,0,1,1.0
SDmM,0,3,3,0.0
SDmN,1,3,4,0.25
SDmP,3,1,4,0.75
SDmS,1,1,2,0.5
SDmb,3,0,3,1.0
SDmm,0,1,1,0.0
SDmn,3,3,6,0.5
SDnB,2,2,4,0.5
SDnI,2,0,2,1.0
SDnK,1,1,2,0.5
SDnL,0,1,1,0.0
SDnM,1,2,3,0.33
SDnN,4,5,9,0.44
SDnP,6,5,11,0.55
SDnS,2,5,7,0.29
SDnb,1,3,4,0.25
SDnl,1,1,2,0.5
SDnm,4,1,5,0.8
SDnn,2,2,4,0.5
SDns,2,0,2,1.0
SDsB,3,1,4,0.75
SDsH,1,1,2,0.5
SDsI,0,0,0,
SDsK,0,1,1,0.0
SDsL,0,1,1,0.0
SDsM,0,3,3,0.0
SDsN,0,0,0,
SDsP,2,0,2,1.0
SDsS,2,6,8,0.25
SDsb,3,3,6,0.5
SDsh,0,1,1,0.0
SDsl,1,1,2,0.5
SDsm,1,2,3,0.33
SDsn,1,1,2,0.5
SDss,2,2,4,0.5
SDtD,1,0,1,1.0
SDtM,0,0,0,
SDtP,0,1,1,0.0
SDtS,2,1,3,0.67
SDtl,0,1,1,0.0
SDtm,1,0,1,1.0
SDts,1,0,1,1.0
SHBB,4,4,8,0.5
SHBL,1,2,3,0.33
SHBM,2,5,7,0.29
SHBN,8,2,10,0.8
SHBP,5,9,14,0.36
SHBS,4,3,7,0.57
SHBb,14,6,20,0.7
SHBj,2,1,3,0.67
SHBl,1,4,5,0.2
SHBm,4,3,7,0.57
SHBn,4,6,10,0.4
SHBs,5,7,12,0.42
SHBt,0,2,2,0.0
SHDH,1,0,1,1.0
SHDL,0,0,0,
SHDM,1,0,1,1.0
SHDN,0,0,0,
SHDP,0,1,1,0.0
SHDS,1,1,2,0.5
SHDm,1,1,2,0.5
SHDn,0,3,3,0.0
SHHB,3,2,5,0.6
SHHH,2,0,2,1.0
SHHI,1,0,1,1.0
SHHK,1,0,1,1.0
SHHL,1,1,2,0.5
SHHM,1,3,4,0.25
SHHN,3,3,6,0.5
SHHP,5,2,7,0.71
SHHS,2,3,5,0.4
SHHb,3,3,6,0.5
SHHh,0,0,0,
SHHl,1,4,5,0.2
SHHm,1,3,4,0.25
SHHn,1,1,2,0.5
SHHs,2,3,5,0.4
SHIB,3,2,5,0.6
SHIH,1,0,1,1.0
SHIL,1,0,1,1.0
SHIM,0,1,1,0.0
SHIN,1,3,4,0.25
SHIP,1,0,1,1.0
SHIS,0,2,2,0.0
SHIb,2,2,4,0.5
SHIm,0,1,1,0.0
SHIn,1,0,1,1.0
SHIs,0,0,0,
SHKB,0,1,1,0.0
SHKH,1,0,1,1.0
SHKL,0,1,1,0.0
SHKN,0,1,1,0.0
SHKP,4,0,4,1.0
SHKS,1,1,2,0.5
SHKb,0,2,2,0.0
SHKh,2,1,3,0.67
SHKm,1,1,2,0.5
SHKn,2,0,2,1.0
SHKs,0,0,0,
SHLB,1,2,3,0.33
SHLD,1,0,1,1.0
SHLK,1,0,1,1.0
SHLL,1,1,2,0.5
SHLM,5,4,9,0.56
SHLN,6,1,7,0.86
SHLP,1,2,3,0.33
SHLS,2,1,3,0.67
SHLb,4,3,7,0.57
SHLh,3,3,6,0.5
SHLj,3,0,3,1.0
SHLl,3,2,5,0.6
SHLm,2,3,5,0.4
SHLn,6,7,13,0.46
SHLs,4,0,4,1.0
SHMB,4,8,12,0.33
SHMD,0,1,1,0.0
SHML,5,7,12,0.42
SHMM,9,13,22,0.41
SHMN,7,11,18,0.39
SHMP,8,10,18,0.44
SHMS,4,6,10,0.4
SHMb,13,12,25,0.52
SHMh,6,8,14,0.43
SHMj,0,4,4,0.0
SHMl,2,5,7,0.29
SHMm,6,3,9,0.67
SHMn,15,15,30,0.5
SHMs,6,3,9,0.67
SHMt,2,2,4,0.5
SHNB,4,6,10,0.4
SHND,1,2,3,0.33
SHNH,0,4,4,0.0
SHNL,1,6,7,0.14
SHNM,11,7,18,0.61
SHNN,11,5,16,0.69
SHNP,13,12,25,0.52
SHNS,3,6,9,0.33
SHNb,10,4,14,0.71
SHNh,4,2,6,0.67
SHNl,5,5,10,0.5
SHNm,11,7,18,0.61
SHNn,9,10,19,0.47
SHNs,9,3,12,0.75
SHNt,1,1,2,0.5
SHPB,8,6,14,0.57
SHPD,0,1,1,0.0
SHPH,3,6,9,0.33
SHPK,1,2,3,0.33
SHPL,5,9,14,0.36
SHPM,15,14,29,0.52
SHPN,10,8,18,0.56
SHPP,19,14,33,0.58
SHPS,8,8,16,0.5
SHPb,13,17,30,0.43
SHPh,2,2,4,0.5
SHPl,4,6,10,0.4
SHPm,8,11,19,0.42
SHPn,7,12,19,0.37
SHPs,13,11,24,0.54
SHPt,2,0,2,1.0
SHSB,8,5,13,0.62
SHSD,1,0,1,1.0
SHSH,2,10,12,0.17
SHSI,1,0,1,1.0
SHSK,0,1,1,0.0
SHSL,3,5,8,0.38
SHSM,11,14,25,0.44
SHSN,6,8,14,0.43
SHSP,13,8,21,0.62
SHSS,16,12,28,0.57
SHSb,5,11,16,0.31
SHSh,11,4,15,0.73
SHSl,2,4,6,0.33
SHSm,3,8,11,0.27
SHSn,11,2,13,0.85
SHSs,15,18,33,0.45
SHSt,0,1,1,0.0
SHbB,12,6,18,0.67
SHbD,1,0,1,1.0
SHbH,4,2,6,0.67
SHbI,3,0,3,1.0
SHbJ,3,1,4,0.75
SHbK,1,2,3,0.33
SHbL,1,4,5,0.2
SHbM,10,7,17,0.59
SHbN,9,12,21,0.43
SHbP,16,11,27,0.59
SHbS,7,3,10,0.7
SHbb,17,8,25,0.68
SHbl,3,2,5,0.6
SHbm,11,3,14,0.79
SHbn,13,9,22,0.59
SHbs,5,10,15,0.33
SHhB,2,2,4,0.5
SHhD,0,1,1,0.0
SHhH,0,2,2,0.0
SHhI,0,1,1,0.0
SHhL,0,1,1,0.0
SHhM,1,1,2,0.5
SHhN,2,4,6,0.33
SHhP,4,4,8,0.5
SHhS,1,4,5,0.2
SHhb,7,5,12,0.58
SHhh,3,2,5,0.6
SHhl,3,2,5,0.6
SHhm,6,1,7,0.86
SHhn,1,4,5,0.2
SHhs,6,1,7,0.86
SHht,0,1,1,0.0
SHlB,2,2,4,0.5
SHlD,1,0,1,1.0
SHlH,4,0,4,1.0
SHlI,1,0,1,1.0
SHlJ,0,2,2,0.0
SHlL,3,1,4,0.75
SHlM,8,5,13,0.62
SHlN,5,6,11,0.45
SHlP,7,6,13,0.54
SHlS,5,4,9,0.56
SHlb,6,6,12,0.5
SHll,3,2,5,0.6
SHlm,3,2,5,0.6
SHln,2,4,6,0.33
SHls,2,6,8,0.25
SHmB,3,6,9,0.33
SHmD,0,3,3,0.0
SHmH,6,2,8,0.75
SHmJ,3,2,5,0.6
SHmL,5,5,10,0.5
SHmM,9,12,21,0.43
SHmN,15,11,26,0.58
SHmP,14,6,20,0.7
SHmS,5,5,10,0.5
SHmb,9,6,15,0.6
SHml,2,4,6,0.33
SHmm,5,6,11,0.45
SHmn,9,6,15,0.6
SHms,9,5,14,0.64
SHnB,6,9,15,0.4
SHnD,1,2,3,0.33
SHnH,2,3,5,0.4
SHnI,1,1,2,0.5
SHnK,1,1,2,0.5
SHnL,2,5,7,0.29
SHnM,12,7,19,0.63
SHnN,19,16,35,0.54
SHnP,13,6,19,0.68
SHnS,9,9,18,0.5
SHnb,9,5,14,0.64
SHnh,1,1,2,0.5
SHnl,5,3,8,0.62
SHnm,11,11,22,0.5
SHnn,10,10,20,0.5
SHns,10,14,24,0.42
SHsB,7,4,11,0.64
SHsD,3,2,5,0.6
SHsH,6,12,18,0.33
SHsK,1,2,3,0.33
SHsL,4,2,6,0.67
SHsM,7,9,16,0.44
SHsN,7,10,17,0.41
SHsP,12,17,29,0.41
SHsS,9,13,22,0.41
SHsb,12,11,23,0.52
SHsh,2,2,4,0.5
SHsl,7,0,7,1.0
SHsm,6,4,10,0.6
SHsn,6,8,14,0.43
SHss,12,7,19,0.63
SHtM,0,2,2,0.0
SHtN,0,1,1,0.0
SHtP,1,0,1,1.0
SHtb,3,1,4,0.75
SHtm,1,0,1,1.0
SHtn,0,1,1,0.0
SHts,2,0,2,1.0
SIBM,1,0,1,1.0
SIBN,0,1,1,0.0
SIBP,1,1,2,0.5
SIBb,0,1,1,0.0
SIBn,0,0,0,
SIBs,1,0,1,1.0
SIHN,1,0,1,1.0
SIHS,0,1,1,0.0
SIHb,1,0,1,1.0
SIHm,2,0,2,1.0
SIKh,0,0,0,
SILP,1,0,1,1.0
SILb,1,0,1,1.0
SILm,1,0,1,1.0
SIMB,0,1,1,0.0
SIML,1,0,1,1.0
SIMS,1,0,1,1.0
SIMh,0,1,1,0.0
SIMm,1,0,1,1.0
SIMn,0,1,1,0.0
SINB,0,1,1,0.0
SINN,1,0,1,1.0
SINm,1,0,1,1.0
SIPM,0,1,1,0.0
SIPP,0,0,0,
SIPS,1,0,1,1.0
SIPb,1,0,1,1.0
SIPl,1,0,1,1.0
SIPm,1,0,1,1.0
SIPs,0,1,1,0.0
SISL,0,1,1,0.0
SISM,1,1,2,0.5
SISS,0,2,2,0.0
SISh,0,2,2,0.0
SISn,1,0,1,1.0
SISs,0,1,1,0.0
SIbN,0,1,1,0.0
SIbP,2,0,2,1.0
SIbl,0,1,1,0.0
SIbn,1,0,1,1.0
SIlI,0,1,1,0.0
SIll,1,0,1,1.0
SImD,1,0,1,1.0
SImH,0,1,1,0.0
SImM,0,0,0,
SImP,0,1,1,0.0
SImb,0,0,0,
SImh,0,1,1,0.0
SIms,0,0,0,
SInK,1,0,1,1.0
SInL,1,0,1,1.0
SInM,1,0,1,1.0
SIns,0,1,1,0.0
SIsL,0,1,1,0.0
SIsN,1,0,1,1.0
SIsP,1,0,1,1.0
SIsS,1,0,1,1.0
SIsn,0,1,1,0.0
SIss,0,1,1,0.0
SKBL,2,1,3,0.67
SKBM,0,1,1,0.0
SKBN,1,2,3,0.33
SKBP,1,1,2,0.5
SKBb,0,1,1,0.0
SKBm,1,0,1,1.0
SKBn,1,3,4,0.25
SKBs,0,1,1,0.0
SKDP,1,0,1,1.0
SKHB,0,1,1,0.0
SKHL,2,0,2,1.0
SKHN,0,1,1,0.0
SKHP,1,0,1,1.0
SKIN,0,1,1,0.0
SKIn,0,1,1,0.0
SKKB,1,0,1,1.0
SKKs,0,1,1,0.0
SKLN,1,0,1,1.0
SKLP,0,1,1,0.0
SKLb,0,1,1,0.0
SKLh,0,0,0,
SKLl,1,0,1,1.0
SKLm,2,0,2,1.0
SKLs,0,1,1,0.0
SKMB,1,0,1,1.0
SKMM,1,0,1,1.0
SKMN,1,0,1,1.0
SKMP,1,0,1,1.0
SKMb,0,0,0,
SKMh,0,2,2,0.0
SKMm,1,0,1,1.0
SKMn,0,2,2,0.0
SKNB,0,1,1,0.0
SKNL,1,1,2,0.5
SKNM,0,2,2,0.0
SKNP,2,0,2,1.0
SKNS,0,1,1,0.0
SKNb,0,1,1,0.0
SKNl,0,2,2,0.0
SKNm,1,0,1,1.0
SKNn,2,3,5,0.4
SKPB,5,1,6,0.83
SKPH,1,0,1,1.0
SKPK,1,0,1,1.0
SKPM,1,1,2,0.5
SKPP,0,0,0,
SKPb,1,2,3,0.33
SKPl,0,1,1,0.0
SKPm,1,0,1,1.0
SKPn,1,2,3,0.33
SKPs,0,1,1,0.0
SKPt,0,1,1,0.0
SKSL,1,0,1,1.0
SKSM,1,0,1,1.0
SKSN,0,0,0,
SKSP,2,2,4,0.5
SKSS,1,1,2,0.5
SKSh,1,0,1,1.0
SKSm,1,0,1,1.0
SKSn,1,0,1,1.0
SKSs,0,3,3,0.0
SKbB,0,1,1,0.0
SKbJ,0,1,1,0.0
SKbM,1,1,2,0.5
SKbN,1,0,1,1.0
SKbP,1,1,2,0.5
SKbl,2,0,2,1.0
SKbm,0,1,1,0.0
SKbn,2,0,2,1.0
SKhL,1,0,1,1.0
SKhM,1,2,3,0.33
SKhN,1,1,2,0.5
SKhP,0,2,2,0.0
SKhS,0,0,0,
SKhb,1,0,1,1.0
SKhh,2,1,3,0.67
SKhl,0,1,1,0.0
SKlB,1,0,1,1.0
SKlH,1,0,1,1.0
SKlL,1,0,1,1.0
SKlN,0,1,1,0.0
SKlP,1,1,2,0.5
SKlb,1,2,3,0.33
SKll,1,0,1,1.0
SKlm,0,1,1,0.0
SKls,0,1,1,0.0
SKmH,0,0,0,
SKmI,0,1,1,0.0
SKmM,0,2,2,0.0
SKmN,0,2,2,0.0
SKmP,1,1,2,0.5
SKmb,2,1,3,0.67
SKml,0,0,0,
SKmm,1,1,2,0.5
SKmn,0,3,3,0.0
SKms,0,1,1,0.0
SKnB,1,0,1,1.0
SKnI,1,0,1,1.0
SKnM,1,3,4,0.25
SKnN,1,0,1,1.0
SKnP,0,1,1,0.0
SKnS,3,1,4,0.75
SKnb,2,4,6,0.33
SKnn,3,0,3,1.0
SKns,2,1,3,0.67
SKsB,0,1,1,0.0
SKsH,0,1,1,0.0
SKsK,0,0,0,
SKsL,0,0,0,
SKsM,1,1,2,0.5
SKsN,2,0,2,1.0
SKsP,1,1,2,0.5
SKsl,1,1,2,0.5
SKsn,1,0,1,1.0
SKss,1,0,1,1.0
SKtB,0,1,1,0.0
SLBB,9,14,23,0.39
SLBL,3,6,9,0.33
SLBM,7,13,20,0.35
SLBN,6,5,11,0.55
SLBP,12,18,30,0.4
SLBS,3,5,8,0.38
SLBb,12,10,22,0.55
SLBj,2,5,7,0.29
SLBl,3,3,6,0.5
SLBm,11,8,19,0.58
SLBn,15,9,24,0.62
SLBs,8,3,11,0.73
SLBt,2,0,2,1.0
SLDB,1,0,1,1.0
SLDH,0,2,2,0.0
SLDL,1,0,1,1.0
SLDP,3,0,3,1.0
SLDb,1,0,1,1.0
SLDm,0,1,1,0.0
SLDs,0,0,0,
SLHP,0,1,1,0.0
SLHm,0,1,1,0.0
SLKB,0,1,1,0.0
SLKL,1,0,1,1.0
SLKb,2,2,4,0.5
SLKh,0,1,1,0.0
SLKl,1,1,2,0.5
SLKn,2,2,4,0.5
SLLB,5,2,7,0.71
SLLH,1,0,1,1.0
SLLL,2,0,2,1.0
SLLM,4,2,6,0.67
SLLN,3,1,4,0.75
SLLP,6,6,12,0.5
SLLS,2,4,6,0.33
SLLb,7,4,11,0.64
SLLh,0,2,2,0.0
SLLj,0,2,2,0.0
SLLl,2,4,6,0.33
SLLm,2,3,5,0.4
SLLn,4,4,8,0.5
SLLs,2,1,3,0.67
SLLt,0,1,1,0.0
SLMB,10,7,17,0.59
SLML,3,0,3,1.0
SLMM,7,11,18,0.39
SLMN,7,9,16,0.44
SLMP,13,15,28,0.46
SLMS,5,5,10,0.5
SLMb,13,9,22,0.59
SLMh,6,6,12,0.5
SLMj,1,5,6,0.17
SLMl,11,2,13,0.85
SLMm,7,6,13,0.54
SLMn,15,9,24,0.62
SLMs,8,5,13,0.62
SLMt,0,2,2,0.0
SLNB,7,8,15,0.47
SLND,3,1,4,0.75
SLNH,1,0,1,1.0
SLNK,0,2,2,0.0
SLNL,1,6,7,0.14
SLNM,8,12,20,0.4
SLNN,10,15,25,0.4
SLNP,11,16,27,0.41
SLNS,6,7,13,0.46
SLNb,11,7,18,0.61
SLNh,4,1,5,0.8
SLNl,5,4,9,0.56
SLNm,11,5,16,0.69
SLNn,11,13,24,0.46
SLNs,5,7,12,0.42
SLNt,1,4,5,0.2
SLPB,10,11,21,0.48
SLPD,0,1,1,0.0
SLPH,6,4,10,0.6
SLPI,0,1,1,0.0
SLPK,0,3,3,0.0
SLPL,9,9,18,0.5
SLPM,17,4,21,0.81
SLPN,9,6,15,0.6
SLPP,24,25,49,0.49
SLPS,10,11,21,0.48
SLPb,17,10,27,0.63
SLPh,1,0,1,1.0
SLPl,8,6,14,0.57
SLPm,12,9,21,0.57
SLPn,15,13,28,0.54
SLPs,9,3,12,0.75
SLPt,0,1,1,0.0
SLSB,6,5,11,0.55
SLSD,0,1,1,0.0
SLSH,0,1,1,0.0
SLSK,0,1,1,0.0
SLSL,2,4,6,0.33
SLSM,5,7,12,0.42
SLSN,7,4,11,0.64
SLSP,6,7,13,0.46
SLSS,6,12,18,0.33
SLSb,3,9,12,0.25
SLSh,6,9,15,0.4
SLSl,4,3,7,0.57
SLSm,9,9,18,0.5
SLSn,6,3,9,0.67
SLSs,5,6,11,0.45
SLSt,1,0,1,1.0
SLbB,8,13,21,0.38
SLbD,2,1,3,0.67
SLbH,4,1,5,0.8
SLbJ,1,6,7,0.14
SLbK,1,3,4,0.25
SLbL,5,2,7,0.71
SLbM,6,9,15,0.4
SLbN,11,15,26,0.42
SLbP,22,14,36,0.61
SLbS,11,8,19,0.58
SLbb,15,8,23,0.65
SLbl,8,9,17,0.47
SLbm,6,10,16,0.38
SLbn,7,15,22,0.32
SLbs,5,6,11,0.45
SLhB,3,2,5,0.6
SLhD,0,1,1,0.0
SLhH,2,0,2,1.0
SLhL,2,2,4,0.5
SLhM,3,6,9,0.33
SLhN,6,5,11,0.55
SLhP,6,5,11,0.55
SLhS,1,4,5,0.2
SLhb,8,6,14,0.57
SLhh,3,5,8,0.38
SLhl,3,0,3,1.0
SLhm,2,4,6,0.33
SLhn,1,3,4,0.25
SLhs,1,0,1,1.0
SLht,0,1,1,0.0
SLjB,1,3,4,0.25
SLjH,1,0,1,1.0
SLjK,1,0,1,1.0
SLjL,6,1,7,0.86
SLjM,4,3,7,0.57
SLjN,4,1,5,0.8
SLjP,6,4,10,0.6
SLjS,6,2,8,0.75
SLjb,0,4,4,0.0
SLjh,0,1,1,0.0
SLjl,3,3,6,0.5
SLjm,2,2,4,0.5
SLjn,2,0,2,1.0
SLjs,2,2,4,0.5
SLjt,0,1,1,0.0
SLlB,3,3,6,0.5
SLlD,1,1,2,0.5
SLlH,4,2,6,0.67
SLlI,2,0,2,1.0
SLlJ,3,1,4,0.75
SLlK,1,0,1,1.0
SLlL,3,0,3,1.0
SLlM,3,6,9,0.33
SLlN,15,7,22,0.68
SLlP,12,4,16,0.75
SLlS,5,7,12,0.42
SLlb,5,0,5,1.0
SLll,1,3,4,0.25
SLlm,6,3,9,0.67
SLln,5,3,8,0.62
SLls,3,4,7,0.43
SLmB,6,7,13,0.46
SLmH,6,5,11,0.55
SLmI,0,1,1,0.0
SLmJ,5,1,6,0.83
SLmL,6,4,10,0.6
SLmM,6,13,19,0.32
SLmN,10,9,19,0.53
SLmP,14,11,25,0.56
SLmS,9,5,14,0.64
SLmb,6,8,14,0.43
SLml,1,3,4,0.25
SLmm,8,3,11,0.73
SLmn,15,7,22,0.68
SLms,4,6,10,0.4
SLnB,8,13,21,0.38
SLnD,1,1,2,0.5
SLnH,6,8,14,0.43
SLnK,1,2,3,0.33
SLnL,4,6,10,0.4
SLnM,12,13,25,0.48
SLnN,14,20,34,0.41
SLnP,24,19,43,0.56
SLnS,13,10,23,0.57
SLnb,9,9,18,0.5
SLnh,1,1,2,0.5
SLnl,11,6,17,0.65
SLnm,17,7,24,0.71
SLnn,18,15,33,0.55
SLns,7,14,21,0.33
SLsB,5,4,9,0.56
SLsD,1,0,1,1.0
SLsH,10,7,17,0.59
SLsI,0,3,3,0.0
SLsL,5,4,9,0.56
SLsM,6,5,11,0.55
SLsN,11,8,19,0.58
SLsP,8,14,22,0.36
SLsS,7,9,16,0.44
SLsb,6,6,12,0.5
SLsh,0,0,0,
SLsl,1,3,4,0.25
SLsm,9,1,10,0.9
SLsn,7,8,15,0.47
SLss,9,6,15,0.6
SLtB,1,0,1,1.0
SLtD,0,2,2,0.0
SLtH,0,2,2,0.0
SLtK,2,0,2,1.0
SLtM,2,2,4,0.5
SLtN,2,3,5,0.4
SLtP,3,1,4,0.75
SLtS,1,1,2,0.5
SLtb,1,2,3,0.33
SLtl,0,1,1,0.0
SLtm,2,0,2,1.0
SLtn,3,2,5,0.6
SLts,1,1,2,0.5
SLtt,0,1,1,0.0
SM,1,0,1,1.0
SMBB,14,21,35,0.4
SMBD,2,1,3,0.67
SMBK,1,4,5,0.2
SMBL,8,10,18,0.44
SMBM,12,18,30,0.4
SMBN,33,24,57,0.58
SMBP,25,25,50,0.5
SMBS,13,14,27,0.48
SMBb,27,24,51,0.53
SMBh,3,3,6,0.5
SMBj,12,6,18,0.67
SMBl,10,9,19,0.53
SMBm,19,15,34,0.56
SMBn,31,26,57,0.54
SMBs,2,1,3,0.67
SMBt,5,2,7,0.71
SMDB,0,1,1,0.0
SMDH,0,2,2,0.0
SMDM,0,4,4,0.0
SMDN,1,1,2,0.5
SMDP,4,2,6,0.67
SMDS,1,2,3,0.33
SMDb,1,2,3,0.33
SMDm,4,1,5,0.8
SMDn,3,2,5,0.6
SMDs,4,0,4,1.0
SMHM,0,0,0,
SMHP,1,0,1,1.0
SMHn,0,1,1,0.0
SMHs,0,1,1,0.0
SMIM,1,1,2,0.5
SMIN,1,0,1,1.0
SMKB,0,0,0,
SMKM,0,1,1,0.0
SMKP,1,0,1,1.0
SMKS,0,1,1,0.0
SMKb,1,0,1,1.0
SMKm,1,0,1,1.0
SMKs,1,0,1,1.0
SMLB,3,8,11,0.27
SMLD,1,1,2,0.5
SMLK,3,1,4,0.75
SMLL,1,1,2,0.5
SMLM,10,9,19,0.53
SMLN,10,11,21,0.48
SMLP,12,16,28,0.43
SMLS,10,4,14,0.71
SMLb,12,7,19,0.63
SMLh,4,6,10,0.4
SMLj,3,3,6,0.5
SMLl,7,5,12,0.58
SMLm,8,8,16,0.5
SMLn,19,16,35,0.54
SMLs,7,7,14,0.5
SMLt,1,4,5,0.2
SMMB,21,25,46,0.46
SMMD,2,1,3,0.67
SMMK,1,0,1,1.0
SMML,6,7,13,0.46
SMMM,24,21,45,0.53
SMMN,20,24,44,0.45
SMMP,30,29,59,0.51
SMMS,11,14,25,0.44
SMMb,35,27,62,0.56
SMMh,24,16,40,0.6
SMMj,8,5,13,0.62
SMMl,11,8,19,0.58
SMMm,18,17,35,0.51
SMMn,44,36,80,0.55
SMMs,20,8,28,0.71
SMMt,4,4,8,0.5
SMNB,11,18,29,0.38
SMND,0,2,2,0.0
SMNH,3,4,7,0.43
SMNI,1,0,1,1.0
SMNK,1,2,3,0.33
SMNL,8,5,13,0.62
SMNM,22,27,49,0.45
SMNN,30,21,51,0.59
SMNP,38,40,78,0.49
SMNS,16,14,30,0.53
SMNb,29,20,49,0.59
SMNh,5,12,17,0.29
SMNl,9,11,20,0.45
SMNm,12,14,26,0.46
SMNn,29,27,56,0.52
SMNs,12,17,29,0.41
SMNt,4,7,11,0.36
SMPB,29,24,53,0.55
SMPD,4,1,5,0.8
SMPH,11,9,20,0.55
SMPI,2,5,7,0.29
SMPK,3,1,4,0.75
SMPL,15,14,29,0.52
SMPM,28,36,64,0.44
SMPN,34,47,81,0.42
SMPP,54,64,118,0.46
SMPS,28,25,53,0.53
SMPb,31,23,54,0.57
SMPh,1,2,3,0.33
SMPl,18,17,35,0.51
SMPm,27,17,44,0.61
SMPn,41,36,77,0.53
SMPs,16,28,44,0.36
SMPt,4,2,6,0.67
SMSB,8,11,19,0.42
SMSD,1,2,3,0.33
SMSH,7,8,15,0.47
SMSK,0,1,1,0.0
SMSL,5,6,11,0.45
SMSM,9,19,28,0.32
SMSN,17,14,31,0.55
SMSP,18,24,42,0.43
SMSS,21,27,48,0.44
SMSb,16,14,30,0.53
SMSh,7,18,25,0.28
SMSl,5,5,10,0.5
SMSm,9,13,22,0.41
SMSn,26,15,41,0.63
SMSs,17,17,34,0.5
SMSt,0,0,0,
SMbB,24,19,43,0.56
SMbD,1,2,3,0.33
SMbH,7,9,16,0.44
SMbI,5,2,7,0.71
SMbJ,5,4,9,0.56
SMbK,3,8,11,0.27
SMbL,12,11,23,0.52
SMbM,33,29,62,0.53
SMbN,35,48,83,0.42
SMbP,37,39,76,0.49
SMbS,18,21,39,0.46
SMbb,33,29,62,0.53
SMbl,9,9,18,0.5
SMbm,24,23,47,0.51
SMbn,44,32,76,0.58
SMbs,22,18,40,0.55
SMh,0,1,1,0.0
SMhB,12,14,26,0.46
SMhD,1,1,2,0.5
SMhH,2,2,4,0.5
SMhK,0,1,1,0.0
SMhL,9,8,17,0.53
SMhM,21,21,42,0.5
SMhN,18,16,34,0.53
SMhP,26,33,59,0.44
SMhS,19,12,31,0.61
SMhb,16,23,39,0.41
SMhh,23,19,42,0.55
SMhl,8,11,19,0.42
SMhm,22,17,39,0.56
SMhn,28,26,54,0.52
SMhs,15,19,34,0.44
SMht,3,5,8,0.38
SMjB,5,3,8,0.62
SMjH,4,5,9,0.44
SMjI,0,1,1,0.0
SMjK,2,0,2,1.0
SMjL,2,8,10,0.2
SMjM,11,10,21,0.52
SMjN,12,5,17,0.71
SMjP,14,10,24,0.58
SMjS,0,4,4,0.0
SMjb,7,5,12,0.58
SMjh,1,1,2,0.5
SMjl,3,4,7,0.43
SMjm,7,3,10,0.7
SMjn,8,10,18,0.44
SMjs,3,5,8,0.38
SMjt,1,0,1,1.0
SMlB,6,10,16,0.38
SMlH,12,7,19,0.63
SMlI,2,1,3,0.67
SMlJ,2,3,5,0.4
SMlK,0,2,2,0.0
SMlL,1,3,4,0.25
SMlM,14,15,29,0.48
SMlN,15,8,23,0.65
SMlP,13,13,26,0.5
SMlS,11,10,21,0.52
SMlb,15,11,26,0.58
SMll,3,6,9,0.33
SMlm,10,13,23,0.43
SMln,11,5,16,0.69
SMls,5,3,8,0.62
SMmB,16,13,29,0.55
SMmD,4,1,5,0.8
SMmH,22,14,36,0.61
SMmI,3,3,6,0.5
SMmJ,5,4,9,0.56
SMmK,0,3,3,0.0
SMmL,12,10,22,0.55
SMmM,24,27,51,0.47
SMmN,24,29,53,0.45
SMmP,27,29,56,0.48
SMmS,13,16,29,0.45
SMmb,25,13,38,0.66
SMml,6,5,11,0.55
SMmm,12,14,26,0.46
SMmn,19,24,43,0.44
SMms,19,11,30,0.63
SMnB,24,27,51,0.47
SMnD,3,3,6,0.5
SMnH,15,15,30,0.5
SMnI,7,8,15,0.47
SMnK,2,2,4,0.5
SMnL,8,11,19,0.42
SMnM,32,29,61,0.52
SMnN,56,55,111,0.5
SMnP,56,52,108,0.52
SMnS,23,24,47,0.49
SMnb,39,46,85,0.46
SMnl,22,5,27,0.81
SMnm,24,24,48,0.5
SMnn,37,56,93,0.4
SMns,26,20,46,0.57
SMsB,10,10,20,0.5
SMsD,3,0,3,1.0
SMsH,15,15,30,0.5
SMsI,1,0,1,1.0
SMsK,1,0,1,1.0
SMsL,4,5,9,0.44
SMsM,21,16,37,0.57
SMsN,18,14,32,0.56
SMsP,28,28,56,0.5
SMsS,19,23,42,0.45
SMsb,19,22,41,0.46
SMsh,1,0,1,1.0
SMsl,12,5,17,0.71
SMsm,8,12,20,0.4
SMsn,16,10,26,0.62
SMss,15,16,31,0.48
SMst,1,0,1,1.0
SMtB,2,1,3,0.67
SMtH,2,3,5,0.4
SMtL,4,0,4,1.0
SMtM,3,6,9,0.33
SMtN,3,4,7,0.43
SMtP,7,5,12,0.58
SMtS,6,7,13,0.46
SMtb,4,3,7,0.57
SMtl,1,3,4,0.25
SMtm,5,2,7,0.71
SMtn,7,6,13,0.54
SMts,1,1,2,0.5
SMtt,1,2,3,0.33
SNBB,14,17,31,0.45
SNBD,0,0,0,
SNBK,2,1,3,0.67
SNBL,5,5,10,0.5
SNBM,11,18,29,0.38
SNBN,16,16,32,0.5
SNBP,20,21,41,0.49
SNBS,7,7,14,0.5
SNBb,13,12,25,0.52
SNBh,1,1,2,0.5
SNBj,8,5,13,0.62
SNBl,7,5,12,0.58
SNBm,12,11,23,0.52
SNBn,19,19,38,0.5
SNBs,8,9,17,0.47
SNBt,2,3,5,0.4
SNDH,1,1,2,0.5
SNDI,0,1,1,0.0
SNDL,0,1,1,0.0
SNDM,1,1,2,0.5
SNDN,3,1,4,0.75
SNDP,2,1,3,0.67
SNDS,2,1,3,0.67
SNDb,0,1,1,0.0
SNDl,1,2,3,0.33
SNDm,4,1,5,0.8
SNDn,1,3,4,0.25
SNDs,0,2,2,0.0
SNDt,0,0,0,
SNHB,2,1,3,0.67
SNHI,1,1,2,0.5
SNHL,3,0,3,1.0
SNHM,3,3,6,0.5
SNHN,9,4,13,0.69
SNHP,3,7,10,0.3
SNHS,2,4,6,0.33
SNHb,2,1,3,0.67
SNHh,0,2,2,0.0
SNHl,1,3,4,0.25
SNHm,7,5,12,0.58
SNHn,5,7,12,0.42
SNHs,5,2,7,0.71
SNHt,1,1,2,0.5
SNIH,0,2,2,0.0
SNIM,1,0,1,1.0
SNIP,0,1,1,0.0
SNKB,0,1,1,0.0
SNKH,0,1,1,0.0
SNKL,1,3,4,0.25
SNKM,2,3,5,0.4
SNKN,3,2,5,0.6
SNKP,6,5,11,0.55
SNKS,1,2,3,0.33
SNKb,2,3,5,0.4
SNKh,1,0,1,1.0
SNKl,3,4,7,0.43
SNKm,3,4,7,0.43
SNKn,2,5,7,0.29
SNKs,2,1,3,0.67
SNLB,7,7,14,0.5
SNLK,2,0,2,1.0
SNLL,4,7,11,0.36
SNLM,8,5,13,0.62
SNLN,7,6,13,0.54
SNLP,9,12,21,0.43
SNLS,10,5,15,0.67
SNLb,6,6,12,0.5
SNLh,2,2,4,0.5
SNLj,3,3,6,0.5
SNLl,6,6,12,0.5
SNLm,6,6,12,0.5
SNLn,11,11,22,0.5
SNLs,2,5,7,0.29
SNLt,1,0,1,1.0
SNMB,18,25,43,0.42
SNMD,1,2,3,0.33
SNML,5,6,11,0.45
SNMM,29,24,53,0.55
SNMN,19,23,42,0.45
SNMP,31,25,56,0.55
SNMS,18,16,34,0.53
SNMb,29,23,52,0.56
SNMh,17,18,35,0.49
SNMj,5,9,14,0.36
SNMl,9,5,14,0.64
SNMm,22,23,45,0.49
SNMn,43,35,78,0.55
SNMs,10,10,20,0.5
SNMt,2,2,4,0.5
SNNB,19,19,38,0.5
SNND,2,0,2,1.0
SNNH,2,5,7,0.29
SNNK,1,1,2,0.5
SNNL,6,6,12,0.5
SNNM,26,27,53,0.49
SNNN,46,33,79,0.58
SNNP,35,48,83,0.42
SNNS,16,25,41,0.39
SNNb,34,28,62,0.55
SNNh,14,16,30,0.47
SNNl,12,10,22,0.55
SNNm,21,13,34,0.62
SNNn,44,43,87,0.51
SNNs,27,19,46,0.59
SNNt,12,3,15,0.8
SNPB,27,31,58,0.47
SNPD,3,2,5,0.6
SNPH,15,7,22,0.68
SNPI,7,3,10,0.7
SNPK,5,2,7,0.71
SNPL,11,17,28,0.39
SNPM,42,38,80,0.52
SNPN,44,38,82,0.54
SNPP,74,70,144,0.51
SNPS,25,34,59,0.42
SNPb,41,35,76,0.54
SNPh,4,2,6,0.67
SNPl,20,16,36,0.56
SNPm,35,33,68,0.51
SNPn,38,41,79,0.48
SNPs,22,34,56,0.39
SNPt,1,5,6,0.17
SNSB,17,16,33,0.52
SNSD,4,2,6,0.67
SNSH,10,8,18,0.56
SNSK,3,0,3,1.0
SNSL,8,11,19,0.42
SNSM,15,12,27,0.56
SNSN,20,13,33,0.61
SNSP,30,31,61,0.49
SNSS,12,22,34,0.35
SNSb,18,11,29,0.62
SNSh,7,14,21,0.33
SNSl,9,8,17,0.53
SNSm,23,15,38,0.61
SNSn,23,23,46,0.5
SNSs,22,22,44,0.5
SNSt,3,4,7,0.43
SNbB,20,18,38,0.53
SNbD,0,1,1,0.0
SNbH,4,10,14,0.29
SNbI,4,5,9,0.44
SNbJ,10,7,17,0.59
SNbK,3,3,6,0.5
SNbL,4,9,13,0.31
SNbM,19,29,48,0.4
SNbN,29,30,59,0.49
SNbP,27,28,55,0.49
SNbS,17,12,29,0.59
SNbb,26,19,45,0.58
SNbl,7,13,20,0.35
SNbm,21,17,38,0.55
SNbn,27,18,45,0.6
SNbs,10,8,18,0.56
SNhB,5,8,13,0.38
SNhH,2,1,3,0.67
SNhL,1,2,3,0.33
SNhM,9,7,16,0.56
SNhN,8,6,14,0.57
SNhP,12,10,22,0.55
SNhS,9,8,17,0.53
SNhb,7,9,16,0.44
SNhh,5,6,11,0.45
SNhl,5,3,8,0.62
SNhm,8,4,12,0.67
SNhn,14,12,26,0.54
SNhs,12,2,14,0.86
SNht,2,2,4,0.5
SNlB,3,10,13,0.23
SNlD,1,0,1,1.0
SNlH,4,8,12,0.33
SNlI,3,2,5,0.6
SNlJ,7,7,14,0.5
SNlK,1,1,2,0.5
SNlL,2,1,3,0.67
SNlM,6,15,21,0.29
SNlN,19,18,37,0.51
SNlP,22,13,35,0.63
SNlS,5,9,14,0.36
SNlb,17,7,24,0.71
SNll,3,4,7,0.43
SNlm,5,5,10,0.5
SNln,12,6,18,0.67
SNls,9,7,16,0.56
SNmB,14,14,28,0.5
SNmD,2,1,3,0.67
SNmH,22,14,36,0.61
SNmI,0,2,2,0.0
SNmJ,6,6,12,0.5
SNmK,0,1,1,0.0
SNmL,8,6,14,0.57
SNmM,10,23,33,0.3
SNmN,38,30,68,0.56
SNmP,24,19,43,0.56
SNmS,23,15,38,0.61
SNmb,16,13,29,0.55
SNml,13,3,16,0.81
SNmm,15,12,27,0.56
SNmn,20,23,43,0.47
SNms,13,8,21,0.62
SNnB,24,18,42,0.57
SNnD,3,2,5,0.6
SNnH,20,17,37,0.54
SNnI,3,4,7,0.43
SNnK,2,2,4,0.5
SNnL,18,7,25,0.72
SNnM,30,26,56,0.54
SNnN,47,43,90,0.52
SNnP,62,56,118,0.53
SNnS,43,28,71,0.61
SNnb,28,32,60,0.47
SNnh,3,1,4,0.75
SNnl,19,13,32,0.59
SNnm,29,22,51,0.57
SNnn,52,49,101,0.51
SNns,26,28,54,0.48
SNsB,10,7,17,0.59
SNsD,1,1,2,0.5
SNsH,12,11,23,0.52
SNsI,1,2,3,0.33
SNsK,0,2,2,0.0
SNsL,4,5,9,0.44
SNsM,14,18,32,0.44
SNsN,19,22,41,0.46
SNsP,29,19,48,0.6
SNsS,17,17,34,0.5
SNsb,11,10,21,0.52
SNsl,11,8,19,0.58
SNsm,16,12,28,0.57
SNsn,22,14,36,0.61
SNss,14,11,25,0.56
SNtB,3,4,7,0.43
SNtD,1,1,2,0.5
SNtH,2,2,4,0.5
SNtK,0,1,1,0.0
SNtL,1,7,8,0.12
SNtM,1,5,6,0.17
SNtN,8,2,10,0.8
SNtP,9,6,15,0.6
SNtS,3,4,7,0.43
SNtb,6,2,8,0.75
SNtl,3,0,3,1.0
SNtm,2,5,7,0.29
SNtn,5,3,8,0.62
SNts,4,3,7,0.57
SNtt,1,0,1,1.0
SPBB,28,26,54,0.52
SPBD,3,4,7,0.43
SPBK,4,2,6,0.67
SPBL,12,6,18,0.67
SPBM,32,24,56,0.57
SPBN,19,36,55,0.35
SPBP,34,35,69,0.49
SPBS,8,20,28,0.29
SPBb,38,24,62,0.61
SPBh,2,8,10,0.2
SPBj,3,12,15,0.2
SPBl,14,11,25,0.56
SPBm,28,23,51,0.55
SPBn,27,29,56,0.48
SPBs,12,12,24,0.5
SPBt,5,5,10,0.5
SPDB,0,1,1,0.0
SPDD,1,1,2,0.5
SPDH,3,3,6,0.5
SPDI,0,1,1,0.0
SPDL,0,2,2,0.0
SPDM,2,6,8,0.25
SPDN,2,4,6,0.33
SPDP,4,3,7,0.57
SPDS,2,3,5,0.4
SPDb,2,2,4,0.5
SPDl,1,3,4,0.25
SPDm,5,2,7,0.71
SPDn,2,2,4,0.5
SPDs,1,1,2,0.5
SPHB,6,7,13,0.46
SPHD,2,3,5,0.4
SPHH,2,0,2,1.0
SPHI,0,2,2,0.0
SPHK,2,1,3,0.67
SPHL,3,3,6,0.5
SPHM,10,11,21,0.48
SPHN,10,12,22,0.45
SPHP,16,26,42,0.38
SPHS,12,13,25,0.48
SPHb,11,7,18,0.61
SPHh,3,7,10,0.3
SPHl,5,4,9,0.56
SPHm,15,7,22,0.68
SPHn,5,15,20,0.25
SPHs,15,14,29,0.52
SPIB,1,3,4,0.25
SPID,0,1,1,0.0
SPIH,1,2,3,0.33
SPIL,0,1,1,0.0
SPIM,2,2,4,0.5
SPIN,3,3,6,0.5
SPIP,7,3,10,0.7
SPIS,5,2,7,0.71
SPIb,3,2,5,0.6
SPIl,4,1,5,0.8
SPIm,3,0,3,1.0
SPIn,1,0,1,1.0
SPIs,1,1,2,0.5
SPKB,2,4,6,0.33
SPKD,1,1,2,0.5
SPKL,3,3,6,0.5
SPKM,5,7,12,0.42
SPKN,1,4,5,0.2
SPKP,6,4,10,0.6
SPKS,2,5,7,0.29
SPKb,7,4,11,0.64
SPKh,3,2,5,0.6
SPKl,1,4,5,0.2
SPKm,2,6,8,0.25
SPKn,5,8,13,0.38
SPKs,2,3,5,0.4
SPLB,13,11,24,0.54
SPLK,2,1,3,0.67
SPLL,8,3,11,0.73
SPLM,14,20,34,0.41
SPLN,18,17,35,0.51
SPLP,14,24,38,0.37
SPLS,10,12,22,0.45
SPLb,20,20,40,0.5
SPLh,9,3,12,0.75
SPLj,3,9,12,0.25
SPLl,13,6,19,0.68
SPLm,8,17,25,0.32
SPLn,27,19,46,0.59
SPLs,12,12,24,0.5
SPLt,0,4,4,0.0
SPMB,33,29,62,0.53
SPMD,2,1,3,0.67
SPMK,0,1,1,0.0
SPML,12,14,26,0.46
SPMM,37,42,79,0.47
SPMN,27,33,60,0.45
SPMP,53,54,107,0.5
SPMS,18,21,39,0.46
SPMb,47,49,96,0.49
SPMh,36,34,70,0.51
SPMj,7,12,19,0.37
SPMl,26,20,46,0.57
SPMm,47,19,66,0.71
SPMn,43,61,104,0.41
SPMs,23,17,40,0.57
SPMt,6,3,9,0.67
SPNB,30,25,55,0.55
SPND,2,1,3,0.67
SPNH,1,5,6,0.17
SPNK,3,6,9,0.33
SPNL,19,13,32,0.59
SPNM,47,40,87,0.54
SPNN,33,44,77,0.43
SPNP,83,45,128,0.65
SPNS,36,33,69,0.52
SPNb,36,57,93,0.39
SPNh,15,19,34,0.44
SPNl,24,17,41,0.59
SPNm,42,22,64,0.66
SPNn,42,49,91,0.46
SPNs,33,22,55,0.6
SPNt,5,5,10,0.5
SPPB,47,49,96,0.49
SPPD,5,3,8,0.62
SPPH,15,10,25,0.6
SPPI,4,7,11,0.36
SPPK,6,6,12,0.5
SPPL,31,38,69,0.45
SPPM,50,59,109,0.46
SPPN,56,70,126,0.44
SPPP,99,102,201,0.49
SPPS,37,66,103,0.36
SPPb,66,43,109,0.61
SPPh,4,11,15,0.27
SPPl,30,32,62,0.48
SPPm,55,32,87,0.63
SPPn,53,48,101,0.52
SPPs,48,46,94,0.51
SPPt,11,8,19,0.58
SPSB,18,29,47,0.38
SPSD,3,1,4,0.75
SPSH,8,14,22,0.36
SPSI,1,1,2,0.5
SPSK,0,1,1,0.0
SPSL,10,12,22,0.45
SPSM,39,33,72,0.54
SPSN,21,24,45,0.47
SPSP,51,34,85,0.6
SPSS,35,38,73,0.48
SPSb,38,37,75,0.51
SPSh,29,18,47,0.62
SPSl,13,9,22,0.59
SPSm,29,21,50,0.58
SPSn,36,39,75,0.48
SPSs,33,27,60,0.55
SPSt,9,5,14,0.64
SPbB,29,32,61,0.48
SPbD,4,2,6,0.67
SPbH,9,15,24,0.38
SPbI,4,4,8,0.5
SPbJ,12,9,21,0.57
SPbK,3,5,8,0.38
SPbL,11,11,22,0.5
SPbM,41,47,88,0.47
SPbN,41,54,95,0.43
SPbP,66,51,117,0.56
SPbS,21,29,50,0.42
SPbb,44,50,94,0.47
SPbl,23,19,42,0.55
SPbm,27,18,45,0.6
SPbn,34,39,73,0.47
SPbs,27,20,47,0.57
SPhB,1,2,3,0.33
SPhD,1,0,1,1.0
SPhH,0,1,1,0.0
SPhI,0,0,0,
SPhL,1,3,4,0.25
SPhM,6,7,13,0.46
SPhN,0,2,2,0.0
SPhP,3,11,14,0.21
SPhS,1,4,5,0.2
SPhb,3,2,5,0.6
SPhh,1,7,8,0.12
SPhl,3,2,5,0.6
SPhm,2,2,4,0.5
SPhn,6,5,11,0.55
SPhs,6,4,10,0.6
SPht,1,1,2,0.5
SPlB,11,19,30,0.37
SPlD,2,1,3,0.67
SPlH,8,18,26,0.31
SPlI,2,0,2,1.0
SPlJ,5,4,9,0.56
SPlL,11,10,21,0.52
SPlM,21,17,38,0.55
SPlN,32,19,51,0.63
SPlP,32,20,52,0.62
SPlS,21,21,42,0.5
SPlb,24,25,49,0.49
SPll,8,9,17,0.47
SPlm,14,12,26,0.54
SPln,11,11,22,0.5
SPls,10,9,19,0.53
SPmB,28,27,55,0.51
SPmD,2,5,7,0.29
SPmH,21,24,45,0.47
SPmI,2,1,3,0.67
SPmJ,8,8,16,0.5
SPmL,16,9,25,0.64
SPmM,28,33,61,0.46
SPmN,25,29,54,0.46
SPmP,33,45,78,0.42
SPmS,22,25,47,0.47
SPmb,29,33,62,0.47
SPml,15,8,23,0.65
SPmm,15,24,39,0.38
SPmn,29,24,53,0.55
SPms,9,14,23,0.39
SPnB,19,34,53,0.36
SPnD,3,5,8,0.38
SPnH,17,19,36,0.47
SPnI,4,2,6,0.67
SPnK,3,6,9,0.33
SPnL,14,11,25,0.56
SPnM,37,38,75,0.49
SPnN,40,46,86,0.47
SPnP,74,56,130,0.57
SPnS,39,41,80,0.49
SPnb,43,39,82,0.52
SPnh,2,3,5,0.4
SPnl,19,21,40,0.48
SPnm,30,29,59,0.51
SPnn,47,25,72,0.65
SPns,24,42,66,0.36
SPsB,19,20,39,0.49
SPsD,3,0,3,1.0
SPsH,23,29,52,0.44
SPsI,3,4,7,0.43
SPsK,1,1,2,0.5
SPsL,20,11,31,0.65
SPsM,37,31,68,0.54
SPsN,35,31,66,0.53
SPsP,26,43,69,0.38
SPsS,30,33,63,0.48
SPsb,29,31,60,0.48
SPsh,0,3,3,0.0
SPsl,20,22,42,0.48
SPsm,26,29,55,0.47
SPsn,38,26,64,0.59
SPss,29,33,62,0.47
SPst,1,0,1,1.0
SPtB,3,2,5,0.6
SPtD,2,2,4,0.5
SPtH,5,5,10,0.5
SPtK,1,1,2,0.5
SPtM,6,5,11,0.55
SPtN,3,6,9,0.33
SPtP,11,4,15,0.73
SPtS,3,5,8,0.38
SPtb,6,4,10,0.6
SPth,0,1,1,0.0
SPtl,3,3,6,0.5
SPtm,3,2,5,0.6
SPtn,8,2,10,0.8
SPts,4,4,8,0.5
SPtt,1,2,3,0.33
SSBB,17,14,31,0.55
SSBK,0,1,1,0.0
SSBL,6,5,11,0.55
SSBM,16,16,32,0.5
SSBN,14,10,24,0.58
SSBP,19,20,39,0.49
SSBS,6,11,17,0.35
SSBb,22,13,35,0.63
SSBh,2,2,4,0.5
SSBj,6,5,11,0.55
SSBl,8,4,12,0.67
SSBm,21,8,29,0.72
SSBn,21,18,39,0.54
SSBs,7,7,14,0.5
SSBt,5,2,7,0.71
SSDB,2,2,4,0.5
SSDH,2,3,5,0.4
SSDL,0,1,1,0.0
SSDM,2,3,5,0.4
SSDN,1,2,3,0.33
SSDP,2,4,6,0.33
SSDS,5,1,6,0.83
SSDb,1,0,1,1.0
SSDm,2,0,2,1.0
SSDn,3,2,5,0.6
SSDs,1,3,4,0.25
SSDt,1,0,1,1.0
SSHB,4,6,10,0.4
SSHD,1,2,3,0.33
SSHH,2,1,3,0.67
SSHI,0,1,1,0.0
SSHK,1,0,1,1.0
SSHL,3,5,8,0.38
SSHM,13,13,26,0.5
SSHN,8,8,16,0.5
SSHP,12,7,19,0.63
SSHS,10,13,23,0.43
SSHb,11,15,26,0.42
SSHh,1,6,7,0.14
SSHl,5,0,5,1.0
SSHm,9,6,15,0.6
SSHn,18,12,30,0.6
SSHs,13,6,19,0.68
SSHt,0,0,0,
SSIB,0,1,1,0.0
SSIL,0,0,0,
SSIN,1,0,1,1.0
SSIP,0,0,0,
SSIS,0,1,1,0.0
SSIb,1,0,1,1.0
SSIl,0,1,1,0.0
SSIm,0,0,0,
SSIs,1,0,1,1.0
SSKB,1,1,2,0.5
SSKH,1,0,1,1.0
SSKM,0,2,2,0.0
SSKN,0,2,2,0.0
SSKP,4,2,6,0.67
SSKS,0,0,0,
SSKb,2,1,3,0.67
SSKh,0,0,0,
SSKl,2,0,2,1.0
SSKm,2,1,3,0.67
SSKn,2,2,4,0.5
SSKs,1,0,1,1.0
SSLB,12,7,19,0.63
SSLL,3,5,8,0.38
SSLM,8,4,12,0.67
SSLN,6,15,21,0.29
SSLP,13,13,26,0.5
SSLS,10,9,19,0.53
SSLb,12,12,24,0.5
SSLh,7,3,10,0.7
SSLj,4,1,5,0.8
SSLl,9,3,12,0.75
SSLm,9,8,17,0.53
SSLn,19,11,30,0.63
SSLs,4,4,8,0.5
SSLt,2,2,4,0.5
SSMB,26,14,40,0.65
SSMD,2,1,3,0.67
SSML,7,12,19,0.37
SSMM,31,22,53,0.58
SSMN,16,26,42,0.38
SSMP,35,26,61,0.57
SSMS,17,18,35,0.49
SSMb,24,19,43,0.56
SSMh,16,15,31,0.52
SSMj,5,4,9,0.56
SSMl,9,13,22,0.41
SSMm,18,16,34,0.53
SSMn,33,36,69,0.48
SSMs,20,16,36,0.56
SSMt,3,3,6,0.5
SSNB,11,13,24,0.46
SSND,4,1,5,0.8
SSNH,4,3,7,0.57
SSNK,1,0,1,1.0
SSNL,8,2,10,0.8
SSNM,30,16,46,0.65
SSNN,30,22,52,0.58
SSNP,30,28,58,0.52
SSNS,20,21,41,0.49
SSNb,20,11,31,0.65
SSNh,7,9,16,0.44
SSNl,11,4,15,0.73
SSNm,28,9,37,0.76
SSNn,38,25,63,0.6
SSNs,18,17,35,0.51
SSNt,3,5,8,0.38
SSPB,18,25,43,0.42
SSPD,2,4,6,0.33
SSPH,8,19,27,0.3
SSPI,6,1,7,0.86
SSPK,3,6,9,0.33
SSPL,18,14,32,0.56
SSPM,32,31,63,0.51
SSPN,32,40,72,0.44
SSPP,49,47,96,0.51
SSPS,46,31,77,0.6
SSPb,38,25,63,0.6
SSPh,4,3,7,0.57
SSPl,16,12,28,0.57
SSPm,31,22,53,0.58
SSPn,30,35,65,0.46
SSPs,30,38,68,0.44
SSPt,2,2,4,0.5
SSSB,14,19,33,0.42
SSSD,0,1,1,0.0
SSSH,15,12,27,0.56
SSSK,1,2,3,0.33
SSSL,11,14,25,0.44
SSSM,25,34,59,0.42
SSSN,25,26,51,0.49
SSSP,36,46,82,0.44
SSSS,43,41,84,0.51
SSSb,35,22,57,0.61
SSSh,19,23,42,0.45
SSSl,13,8,21,0.62
SSSm,25,22,47,0.53
SSSn,28,35,63,0.44
SSSs,42,38,80,0.52
SSSt,7,6,13,0.54
SSbB,22,19,41,0.54
SSbD,1,0,1,1.0
SSbH,6,5,11,0.55
SSbI,1,0,1,1.0
SSbJ,9,4,13,0.69
SSbK,2,4,6,0.33
SSbL,9,14,23,0.39
SSbM,27,16,43,0.63
SSbN,29,33,62,0.47
SSbP,35,24,59,0.59
SSbS,11,18,29,0.38
SSbb,34,25,59,0.58
SSbl,7,9,16,0.44
SSbm,18,9,27,0.67
SSbn,15,28,43,0.35
SSbs,13,8,21,0.62
SShB,13,5,18,0.72
SShD,0,0,0,
SShH,1,3,4,0.25
SShI,1,1,2,0.5
SShK,1,1,2,0.5
SShL,6,6,12,0.5
SShM,16,13,29,0.55
SShN,21,13,34,0.62
SShP,20,22,42,0.48
SShS,22,24,46,0.48
SShb,12,17,29,0.41
SShh,13,14,27,0.48
SShl,9,5,14,0.64
SShm,12,13,25,0.48
SShn,24,22,46,0.52
SShs,17,18,35,0.49
SSht,2,1,3,0.67
SSlB,9,0,9,1.0
SSlD,0,0,0,
SSlH,8,7,15,0.53
SSlI,1,0,1,1.0
SSlJ,5,1,6,0.83
SSlK,1,1,2,0.5
SSlL,2,6,8,0.25
SSlM,10,14,24,0.42
SSlN,18,18,36,0.5
SSlP,15,13,28,0.54
SSlS,17,13,30,0.57
SSlb,9,16,25,0.36
SSll,5,8,13,0.38
SSlm,8,5,13,0.62
SSln,11,9,20,0.55
SSls,6,4,10,0.6
SSmB,21,12,33,0.64
SSmD,3,3,6,0.5
SSmH,17,10,27,0.63
SSmI,2,2,4,0.5
SSmJ,2,1,3,0.67
SSmL,9,8,17,0.53
SSmM,16,18,34,0.47
SSmN,33,9,42,0.79
SSmP,29,26,55,0.53
SSmS,15,21,36,0.42
SSmb,25,15,40,0.62
SSml,7,12,19,0.37
SSmm,12,13,25,0.48
SSmn,18,22,40,0.45
SSms,10,11,21,0.48
SSnB,14,24,38,0.37
SSnD,4,3,7,0.57
SSnH,16,15,31,0.52
SSnI,2,3,5,0.4
SSnK,4,3,7,0.57
SSnL,8,6,14,0.57
SSnM,30,23,53,0.57
SSnN,35,43,78,0.45
SSnP,51,38,89,0.57
SSnS,33,23,56,0.59
SSnb,31,17,48,0.65
SSnh,0,1,1,0.0
SSnl,7,12,19,0.37
SSnm,34,24,58,0.59
SSnn,37,33,70,0.53
SSns,22,24,46,0.48
SSsB,12,15,27,0.44
SSsD,4,3,7,0.57
SSsH,32,29,61,0.52
SSsI,5,4,9,0.56
SSsK,2,2,4,0.5
SSsL,5,15,20,0.25
SSsM,29,32,61,0.48
SSsN,27,33,60,0.45
SSsP,37,37,74,0.5
SSsS,50,46,96,0.52
SSsb,21,25,46,0.46
SSsh,2,2,4,0.5
SSsl,11,15,26,0.42
SSsm,23,23,46,0.5
SSsn,34,27,61,0.56
SSss,29,43,72,0.4
SStB,4,1,5,0.8
SStD,1,0,1,1.0
SStH,5,5,10,0.5
SStL,3,3,6,0.5
SStM,4,2,6,0.67
SStN,2,6,8,0.25
SStP,6,7,13,0.46
SStS,3,10,13,0.23
SStb,6,1,7,0.86
SStl,1,0,1,1.0
SStm,6,3,9,0.67
SStn,5,3,8,0.62
SSts,4,4,8,0.5
SStt,0,1,1,0.0
SbBB,15,23,38,0.39
SbBD,1,3,4,0.25
SbBH,0,1,1,0.0
SbBK,2,1,3,0.67
SbBL,7,8,15,0.47
SbBM,22,15,37,0.59
SbBN,23,26,49,0.47
SbBP,20,24,44,0.45
SbBS,9,21,30,0.3
SbBb,19,23,42,0.45
SbBh,6,4,10,0.6
SbBj,3,7,10,0.3
SbBl,8,8,16,0.5
SbBm,25,12,37,0.68
SbBn,29,26,55,0.53
SbBs,10,11,21,0.48
SbBt,1,2,3,0.33
SbDB,2,1,3,0.67
SbDH,2,0,2,1.0
SbDI,0,1,1,0.0
SbDL,0,0,0,
SbDM,1,1,2,0.5
SbDN,1,0,1,1.0
SbDP,3,5,8,0.38
SbDS,1,3,4,0.25
SbDb,1,0,1,1.0
SbDl,1,1,2,0.5
SbDm,4,2,6,0.67
SbDn,0,1,1,0.0
SbDs,2,0,2,1.0
SbDt,0,1,1,0.0
SbHB,5,5,10,0.5
SbHD,0,1,1,0.0
SbHH,0,3,3,0.0
SbHK,2,0,2,1.0
SbHL,5,1,6,0.83
SbHM,12,4,16,0.75
SbHN,13,8,21,0.62
SbHP,10,8,18,0.56
SbHS,4,2,6,0.67
SbHb,15,8,23,0.65
SbHh,2,0,2,1.0
SbHl,3,2,5,0.6
SbHm,6,3,9,0.67
SbHn,11,12,23,0.48
SbHs,4,6,10,0.4
SbIB,1,0,1,1.0
SbID,0,0,0,
SbIH,1,1,2,0.5
SbIL,1,1,2,0.5
SbIM,3,2,5,0.6
SbIN,2,5,7,0.29
SbIP,3,3,6,0.5
SbIS,3,2,5,0.6
SbIb,1,1,2,0.5
SbIl,0,0,0,
SbIn,2,1,3,0.67
SbIs,0,1,1,0.0
SbJB,5,1,6,0.83
SbJD,0,0,0,
SbJH,2,6,8,0.25
SbJK,0,2,2,0.0
SbJL,2,6,8,0.25
SbJM,7,12,19,0.37
SbJN,9,5,14,0.64
SbJP,10,9,19,0.53
SbJS,4,5,9,0.44
SbJb,10,5,15,0.67
SbJh,1,1,2,0.5
SbJl,8,5,13,0.62
SbJm,4,5,9,0.44
SbJn,0,4,4,0.0
SbJs,8,5,13,0.62
SbJt,0,1,1,0.0
SbKB,2,2,4,0.5
SbKD,0,1,1,0.0
SbKH,1,1,2,0.5
SbKL,0,1,1,0.0
SbKM,3,3,6,0.5
SbKN,3,2,5,0.6
SbKP,4,4,8,0.5
SbKS,0,2,2,0.0
SbKb,2,1,3,0.67
SbKh,1,4,5,0.2
SbKl,1,1,2,0.5
SbKm,3,1,4,0.75
SbKn,4,3,7,0.57
SbKs,4,0,4,1.0
SbLB,7,4,11,0.64
SbLL,5,3,8,0.62
SbLM,6,10,16,0.38
SbLN,7,14,21,0.33
SbLP,14,13,27,0.52
SbLS,10,5,15,0.67
SbLb,6,13,19,0.32
SbLh,4,8,12,0.33
SbLj,2,2,4,0.5
SbLl,6,14,20,0.3
SbLm,4,4,8,0.5
SbLn,16,8,24,0.67
SbLs,8,7,15,0.53
SbLt,1,1,2,0.5
SbMB,23,17,40,0.57
SbMD,0,2,2,0.0
SbML,13,7,20,0.65
SbMM,19,25,44,0.43
SbMN,24,26,50,0.48
SbMP,31,31,62,0.5
SbMS,19,23,42,0.45
SbMb,31,18,49,0.63
SbMh,17,23,40,0.42
SbMj,8,5,13,0.62
SbMl,11,8,19,0.58
SbMm,10,9,19,0.53
SbMn,33,34,67,0.49
SbMs,15,12,27,0.56
SbMt,3,4,7,0.43
SbNB,27,16,43,0.63
SbND,1,2,3,0.33
SbNH,1,5,6,0.17
SbNI,1,0,1,1.0
SbNK,4,3,7,0.57
SbNL,12,9,21,0.57
SbNM,35,26,61,0.57
SbNN,43,47,90,0.48
SbNP,40,51,91,0.44
SbNS,28,19,47,0.6
SbNb,36,28,64,0.56
SbNh,16,19,35,0.46
SbNl,15,11,26,0.58
SbNm,30,20,50,0.6
SbNn,41,40,81,0.51
SbNs,30,18,48,0.62
SbNt,4,5,9,0.44
SbPB,20,19,39,0.51
SbPD,3,2,5,0.6
SbPH,12,6,18,0.67
SbPI,2,0,2,1.0
SbPK,1,8,9,0.11
SbPL,15,13,28,0.54
SbPM,36,35,71,0.51
SbPN,29,45,74,0.39
SbPP,61,50,111,0.55
SbPS,32,16,48,0.67
SbPb,39,34,73,0.53
SbPh,5,5,10,0.5
SbPl,19,17,36,0.53
SbPm,30,21,51,0.59
SbPn,23,34,57,0.4
SbPs,20,18,38,0.53
SbPt,8,5,13,0.62
SbSB,4,9,13,0.31
SbSD,0,1,1,0.0
SbSH,4,8,12,0.33
SbSI,0,1,1,0.0
SbSL,1,4,5,0.2
SbSM,16,23,39,0.41
SbSN,17,15,32,0.53
SbSP,19,24,43,0.44
SbSS,23,21,44,0.52
SbSb,18,17,35,0.51
SbSh,14,4,18,0.78
SbSl,6,2,8,0.75
SbSm,11,16,27,0.41
SbSn,18,24,42,0.43
SbSs,11,16,27,0.41
SbSt,3,4,7,0.43
SbbB,40,24,64,0.62
SbbD,2,1,3,0.67
SbbH,9,9,18,0.5
SbbI,1,4,5,0.2
SbbJ,7,14,21,0.33
SbbK,0,3,3,0.0
SbbL,12,9,21,0.57
SbbM,27,37,64,0.42
SbbN,34,35,69,0.49
SbbP,39,40,79,0.49
SbbS,16,21,37,0.43
Sbbb,44,32,76,0.58
Sbbl,9,14,23,0.39
Sbbm,21,14,35,0.6
Sbbn,33,23,56,0.59
Sbbs,15,14,29,0.52
Sbhb,0,1,1,0.0
Sbhl,0,1,1,0.0
SblB,10,8,18,0.56
SblD,0,1,1,0.0
SblH,5,9,14,0.36
SblI,1,1,2,0.5
SblJ,2,0,2,1.0
SblK,0,0,0,
SblL,6,5,11,0.55
SblM,8,11,19,0.42
SblN,8,9,17,0.47
SblP,17,18,35,0.49
SblS,13,6,19,0.68
Sblb,12,12,24,0.5
Sbll,4,2,6,0.67
Sblm,8,4,12,0.67
Sbln,7,10,17,0.41
Sbls,11,3,14,0.79
SbmB,18,17,35,0.51
SbmD,1,0,1,1.0
SbmH,14,15,29,0.48
SbmI,3,1,4,0.75
SbmJ,3,1,4,0.75
SbmK,0,1,1,0.0
SbmL,8,2,10,0.8
SbmM,20,20,40,0.5
SbmN,25,11,36,0.69
SbmP,27,28,55,0.49
SbmS,10,10,20,0.5
Sbmb,16,14,30,0.53
Sbml,2,3,5,0.4
Sbmm,15,5,20,0.75
Sbmn,16,19,35,0.46
Sbms,5,9,14,0.36
SbnB,18,16,34,0.53
SbnD,3,0,3,1.0
SbnH,12,11,23,0.52
SbnI,6,2,8,0.75
SbnK,2,1,3,0.67
SbnL,7,14,21,0.33
SbnM,23,27,50,0.46
SbnN,30,35,65,0.46
SbnP,55,44,99,0.56
SbnS,10,16,26,0.38
Sbnb,33,29,62,0.53
Sbnl,11,8,19,0.58
Sbnm,30,12,42,0.71
Sbnn,32,34,66,0.48
Sbns,21,10,31,0.68
SbsB,7,7,14,0.5
SbsD,1,4,5,0.2
SbsH,20,15,35,0.57
SbsI,0,0,0,
SbsL,4,5,9,0.44
SbsM,12,9,21,0.57
SbsN,18,14,32,0.56
SbsP,27,18,45,0.6
SbsS,12,18,30,0.4
Sbsb,17,9,26,0.65
Sbsh,1,0,1,1.0
Sbsl,7,2,9,0.78
Sbsm,9,5,14,0.64
Sbsn,11,11,22,0.5
Sbss,10,14,24,0.42
ShBB,9,9,18,0.5
ShBL,4,1,5,0.8
ShBM,12,16,28,0.43
ShBN,9,12,21,0.43
ShBP,16,9,25,0.64
ShBS,5,11,16,0.31
ShBb,12,11,23,0.52
ShBh,1,4,5,0.2
ShBj,3,4,7,0.43
ShBl,8,4,12,0.67
ShBm,17,9,26,0.65
ShBn,10,12,22,0.45
ShBs,9,3,12,0.75
ShBt,2,0,2,1.0
ShDB,3,0,3,1.0
ShDD,0,1,1,0.0
ShDH,0,3,3,0.0
ShDL,0,1,1,0.0
ShDM,1,0,1,1.0
ShDN,3,2,5,0.6
ShDP,1,2,3,0.33
ShDS,0,2,2,0.0
ShDb,1,0,1,1.0
ShDm,1,0,1,1.0
ShDn,0,2,2,0.0
ShDs,2,4,6,0.33
ShHB,2,1,3,0.67
ShHH,1,1,2,0.5
ShHI,1,0,1,1.0
ShHK,0,1,1,0.0
ShHL,0,0,0,
ShHM,3,3,6,0.5
ShHN,6,5,11,0.55
ShHP,6,4,10,0.6
ShHS,6,4,10,0.6
ShHb,4,1,5,0.8
ShHh,3,3,6,0.5
ShHl,5,1,6,0.83
ShHm,2,3,5,0.4
ShHn,6,7,13,0.46
ShHs,4,7,11,0.36
ShIH,1,3,4,0.25
ShIL,1,1,2,0.5
ShIM,1,0,1,1.0
ShIN,1,0,1,1.0
ShIP,1,2,3,0.33
ShIS,2,0,2,1.0
ShIb,0,1,1,0.0
ShIm,1,1,2,0.5
ShIn,2,2,4,0.5
ShIs,0,1,1,0.0
ShIt,1,0,1,1.0
ShKB,0,1,1,0.0
ShKI,0,0,0,
ShKL,1,1,2,0.5
ShKS,1,1,2,0.5
ShKb,1,0,1,1.0
ShKh,0,1,1,0.0
ShKs,0,1,1,0.0
ShLB,6,3,9,0.67
ShLH,1,0,1,1.0
ShLL,0,4,4,0.0
ShLM,2,8,10,0.2
ShLN,4,6,10,0.4
ShLP,10,12,22,0.45
ShLS,2,5,7,0.29
ShLb,6,7,13,0.46
ShLh,5,7,12,0.42
ShLj,2,2,4,0.5
ShLl,3,1,4,0.75
ShLm,6,4,10,0.6
ShLn,3,12,15,0.2
ShLs,6,1,7,0.86
ShLt,0,1,1,0.0
ShMB,13,8,21,0.62
ShMD,1,1,2,0.5
ShMK,1,1,2,0.5
ShML,6,4,10,0.6
ShMM,15,21,36,0.42
ShMN,18,17,35,0.51
ShMP,18,27,45,0.4
ShMS,8,11,19,0.42
ShMb,22,17,39,0.56
ShMh,18,15,33,0.55
ShMj,6,2,8,0.75
ShMl,10,6,16,0.62
ShMm,11,11,22,0.5
ShMn,25,19,44,0.57
ShMs,17,12,29,0.59
ShMt,4,1,5,0.8
ShNB,10,10,20,0.5
ShND,1,0,1,1.0
ShNH,4,1,5,0.8
ShNK,1,5,6,0.17
ShNL,4,2,6,0.67
ShNM,8,17,25,0.32
ShNN,14,19,33,0.42
ShNP,17,31,48,0.35
ShNS,15,11,26,0.58
ShNb,16,14,30,0.53
ShNh,4,6,10,0.4
ShNl,6,5,11,0.55
ShNm,25,8,33,0.76
ShNn,27,29,56,0.48
ShNs,12,15,27,0.44
ShNt,0,5,5,0.0
ShPB,20,29,49,0.41
ShPD,1,0,1,1.0
ShPH,6,7,13,0.46
ShPI,1,1,2,0.5
ShPK,1,1,2,0.5
ShPL,8,4,12,0.67
ShPM,13,27,40,0.32
ShPN,22,30,52,0.42
ShPP,32,35,67,0.48
ShPS,18,24,42,0.43
ShPb,31,27,58,0.53
ShPh,4,3,7,0.57
ShPl,10,12,22,0.45
ShPm,25,13,38,0.66
ShPn,23,17,40,0.57
ShPs,21,15,36,0.58
ShPt,1,3,4,0.25
ShSB,12,10,22,0.55
ShSD,0,2,2,0.0
ShSH,2,7,9,0.22
ShSI,1,0,1,1.0
ShSK,0,1,1,0.0
ShSL,6,6,12,0.5
ShSM,14,10,24,0.58
ShSN,15,18,33,0.45
ShSP,19,26,45,0.42
ShSS,20,29,49,0.41
ShSb,14,18,32,0.44
ShSh,13,16,29,0.45
ShSl,9,9,18,0.5
ShSm,13,15,28,0.46
ShSn,19,12,31,0.61
ShSs,25,25,50,0.5
ShSt,4,2,6,0.67
ShbB,14,9,23,0.61
ShbD,1,0,1,1.0
ShbH,7,8,15,0.47
ShbI,2,1,3,0.67
ShbJ,4,3,7,0.57
ShbK,3,5,8,0.38
ShbL,7,6,13,0.54
ShbM,16,16,32,0.5
ShbN,20,19,39,0.51
ShbP,17,17,34,0.5
ShbS,13,18,31,0.42
Shbb,18,20,38,0.47
Shbl,7,7,14,0.5
Shbm,15,5,20,0.75
Shbn,20,27,47,0.43
Shbs,9,10,19,0.47
ShhB,11,15,26,0.42
ShhD,1,1,2,0.5
ShhH,8,1,9,0.89
ShhL,2,5,7,0.29
ShhM,12,14,26,0.46
ShhN,16,12,28,0.57
ShhP,22,16,38,0.58
ShhS,14,12,26,0.54
Shhb,15,9,24,0.62
Shhh,17,14,31,0.55
Shhl,9,6,15,0.6
Shhm,18,12,30,0.6
Shhn,21,13,34,0.62
Shhs,18,15,33,0.55
Shht,2,4,6,0.33
ShlB,4,5,9,0.44
ShlD,1,0,1,1.0
ShlH,11,4,15,0.73
ShlI,1,0,1,1.0
ShlJ,2,1,3,0.67
ShlK,0,2,2,0.0
ShlL,4,1,5,0.8
ShlM,7,7,14,0.5
ShlN,5,10,15,0.33
ShlP,10,12,22,0.45
ShlS,10,8,18,0.56
Shlb,7,7,14,0.5
Shll,4,1,5,0.8
Shlm,8,3,11,0.73
Shln,4,5,9,0.44
Shls,4,6,10,0.4
ShmB,10,11,21,0.48
ShmD,3,0,3,1.0
ShmH,9,6,15,0.6
ShmI,1,0,1,1.0
ShmJ,1,5,6,0.17
ShmK,1,0,1,1.0
ShmL,4,4,8,0.5
ShmM,8,18,26,0.31
ShmN,23,19,42,0.55
ShmP,14,14,28,0.5
ShmS,24,13,37,0.65
Shmb,14,11,25,0.56
Shml,7,0,7,1.0
Shmm,10,6,16,0.62
Shmn,19,12,31,0.61
Shms,9,7,16,0.56
ShnB,7,12,19,0.37
ShnH,14,12,26,0.54
ShnI,2,6,8,0.25
ShnK,2,4,6,0.33
ShnL,11,4,15,0.73
ShnM,21,25,46,0.46
ShnN,31,21,52,0.6
ShnP,26,41,67,0.39
ShnS,10,20,30,0.33
Shnb,26,17,43,0.6
Shnh,3,0,3,1.0
Shnl,8,6,14,0.57
Shnm,15,11,26,0.58
Shnn,22,24,46,0.48
Shns,17,20,37,0.46
ShsB,12,9,21,0.57
ShsD,2,2,4,0.5
ShsH,13,23,36,0.36
ShsI,2,1,3,0.67
ShsK,1,2,3,0.33
ShsL,5,7,12,0.42
ShsM,12,17,29,0.41
ShsN,20,14,34,0.59
ShsP,19,26,45,0.42
ShsS,15,26,41,0.37
Shsb,16,19,35,0.46
Shsh,1,4,5,0.2
Shsl,8,6,14,0.57
Shsm,17,18,35,0.49
Shsn,17,15,32,0.53
Shss,16,18,34,0.47
Shst,0,0,0,
ShtB,1,2,3,0.33
ShtH,3,1,4,0.75
ShtK,1,1,2,0.5
ShtL,2,0,2,1.0
ShtM,1,3,4,0.25
ShtN,4,4,8,0.5
ShtP,1,2,3,0.33
ShtS,4,2,6,0.67
Shtb,1,3,4,0.25
Shtl,1,2,3,0.33
Shtm,2,0,2,1.0
Shtn,2,3,5,0.4
Shts,2,3,5,0.4
Shtt,1,0,1,1.0
SlBB,7,16,23,0.3
SlBK,1,0,1,1.0
SlBL,3,3,6,0.5
SlBM,6,10,16,0.38
SlBN,12,7,19,0.63
SlBP,15,13,28,0.54
SlBS,2,7,9,0.22
SlBb,9,4,13,0.69
SlBh,3,1,4,0.75
SlBj,1,1,2,0.5
SlBl,4,1,5,0.8
SlBm,7,5,12,0.58
SlBn,11,9,20,0.55
SlBs,11,10,21,0.52
SlBt,0,1,1,0.0
SlDH,2,0,2,1.0
SlDL,2,0,2,1.0
SlDM,3,0,3,1.0
SlDP,2,0,2,1.0
SlDS,1,2,3,0.33
SlDb,2,0,2,1.0
SlDn,0,1,1,0.0
SlDs,0,2,2,0.0
SlHB,2,7,9,0.22
SlHH,1,3,4,0.25
SlHI,1,0,1,1.0
SlHK,0,1,1,0.0
SlHL,5,4,9,0.56
SlHM,9,10,19,0.47
SlHN,11,7,18,0.61
SlHP,14,17,31,0.45
SlHS,7,8,15,0.47
SlHb,11,7,18,0.61
SlHh,2,3,5,0.4
SlHl,3,7,10,0.3
SlHm,6,11,17,0.35
SlHn,8,11,19,0.42
SlHs,8,9,17,0.47
SlHt,2,0,2,1.0
SlIB,2,0,2,1.0
SlIH,0,1,1,0.0
SlII,0,1,1,0.0
SlIL,1,0,1,1.0
SlIM,2,0,2,1.0
SlIN,1,0,1,1.0
SlIP,2,1,3,0.67
SlIS,0,1,1,0.0
SlIb,1,0,1,1.0
SlIm,0,1,1,0.0
SlIn,1,0,1,1.0
SlIs,1,2,3,0.33
SlJB,1,2,3,0.33
SlJD,2,0,2,1.0
SlJH,1,1,2,0.5
SlJI,1,0,1,1.0
SlJL,2,2,4,0.5
SlJM,2,2,4,0.5
SlJN,5,9,14,0.36
SlJP,7,5,12,0.58
SlJS,4,5,9,0.44
SlJb,5,5,10,0.5
SlJl,0,1,1,0.0
SlJm,0,1,1,0.0
SlJn,0,0,0,
SlJs,6,3,9,0.67
SlKB,0,2,2,0.0
SlKK,1,0,1,1.0
SlKM,1,1,2,0.5
SlKN,1,0,1,1.0
SlKP,0,0,0,
SlKb,0,1,1,0.0
SlKh,0,4,4,0.0
SlKl,1,0,1,1.0
SlKm,2,1,3,0.67
SlKn,0,1,1,0.0
SlLB,6,4,10,0.6
SlLL,0,1,1,0.0
SlLM,3,9,12,0.25
SlLN,9,5,14,0.64
SlLP,5,4,9,0.56
SlLS,4,3,7,0.57
SlLb,5,7,12,0.42
SlLh,4,1,5,0.8
SlLj,1,2,3,0.33
SlLl,2,1,3,0.67
SlLm,5,3,8,0.62
SlLn,7,11,18,0.39
SlLs,5,2,7,0.71
SlLt,1,1,2,0.5
SlMB,11,11,22,0.5
SlMD,1,0,1,1.0
SlML,6,6,12,0.5
SlMM,11,12,23,0.48
SlMN,8,15,23,0.35
SlMP,19,19,38,0.5
SlMS,7,15,22,0.32
SlMb,20,9,29,0.69
SlMh,8,9,17,0.47
SlMj,6,6,12,0.5
SlMl,6,5,11,0.55
SlMm,12,10,22,0.55
SlMn,32,22,54,0.59
SlMs,6,10,16,0.38
SlMt,4,0,4,1.0
SlNB,6,12,18,0.33
SlND,1,1,2,0.5
SlNH,2,0,2,1.0
SlNK,0,0,0,
SlNL,6,3,9,0.67
SlNM,13,16,29,0.45
SlNN,19,26,45,0.42
SlNP,17,13,30,0.57
SlNS,11,8,19,0.58
SlNb,11,17,28,0.39
SlNh,5,6,11,0.45
SlNl,6,10,16,0.38
SlNm,10,11,21,0.48
SlNn,29,13,42,0.69
SlNs,10,8,18,0.56
SlNt,2,2,4,0.5
SlPB,8,10,18,0.44
SlPD,3,2,5,0.6
SlPH,5,3,8,0.62
SlPI,0,3,3,0.0
SlPK,1,4,5,0.2
SlPL,8,9,17,0.47
SlPM,16,18,34,0.47
SlPN,25,21,46,0.54
SlPP,40,26,66,0.61
SlPS,9,14,23,0.39
SlPb,14,13,27,0.52
SlPh,0,1,1,0.0
SlPl,7,9,16,0.44
SlPm,15,9,24,0.62
SlPn,15,19,34,0.44
SlPs,17,12,29,0.59
SlPt,4,4,8,0.5
SlSB,7,2,9,0.78
SlSD,1,2,3,0.33
SlSH,1,1,2,0.5
SlSK,1,0,1,1.0
SlSL,6,9,15,0.4
SlSM,10,17,27,0.37
SlSN,13,6,19,0.68
SlSP,16,16,32,0.5
SlSS,19,16,35,0.54
SlSb,11,10,21,0.52
SlSh,6,7,13,0.46
SlSl,7,8,15,0.47
SlSm,11,7,18,0.61
SlSn,13,7,20,0.65
SlSs,14,13,27,0.52
SlSt,2,5,7,0.29
SlbB,14,13,27,0.52
SlbH,4,3,7,0.57
SlbI,2,1,3,0.67
SlbJ,2,2,4,0.5
SlbK,0,3,3,0.0
SlbL,5,6,11,0.45
SlbM,17,10,27,0.63
SlbN,24,17,41,0.59
SlbP,12,26,38,0.32
SlbS,5,5,10,0.5
Slbb,14,13,27,0.52
Slbl,7,7,14,0.5
Slbm,11,11,22,0.5
Slbn,20,14,34,0.59
Slbs,7,9,16,0.44
SlhP,1,0,1,1.0
SlhS,1,0,1,1.0
SllB,10,7,17,0.59
SllD,2,0,2,1.0
SllH,3,6,9,0.33
SllI,3,0,3,1.0
SllJ,2,1,3,0.67
SllL,3,4,7,0.43
SllM,8,8,16,0.5
SllN,4,8,12,0.33
SllP,11,9,20,0.55
SllS,11,9,20,0.55
Sllb,9,3,12,0.75
Slll,7,4,11,0.64
Sllm,5,1,6,0.83
Slln,4,5,9,0.44
Slls,1,5,6,0.17
SlmB,11,9,20,0.55
SlmD,1,1,2,0.5
SlmH,6,8,14,0.43
SlmJ,4,3,7,0.57
SlmK,0,1,1,0.0
SlmL,2,7,9,0.22
SlmM,11,10,21,0.52
SlmN,15,6,21,0.71
SlmP,14,14,28,0.5
SlmS,7,10,17,0.41
Slmb,18,9,27,0.67
Slml,5,0,5,1.0
Slmm,10,11,21,0.48
Slmn,8,9,17,0.47
Slms,5,1,6,0.83
SlnB,7,8,15,0.47
SlnH,9,2,11,0.82
SlnI,2,1,3,0.67
SlnK,0,1,1,0.0
SlnL,3,4,7,0.43
SlnM,5,17,22,0.23
SlnN,19,11,30,0.63
SlnP,20,22,42,0.48
SlnS,6,10,16,0.38
Slnb,18,6,24,0.75
Slnl,3,7,10,0.3
Slnm,6,4,10,0.6
Slnn,13,9,22,0.59
Slns,6,7,13,0.46
Slnt,1,1,2,0.5
SlsB,5,4,9,0.56
SlsD,2,4,6,0.33
SlsH,9,10,19,0.47
SlsI,1,1,2,0.5
SlsL,8,1,9,0.89
SlsM,7,6,13,0.54
SlsN,5,5,10,0.5
SlsP,21,14,35,0.6
SlsS,12,8,20,0.6
Slsb,3,11,14,0.21
Slsl,5,4,9,0.56
Slsm,8,7,15,0.53
Slsn,10,3,13,0.77
Slss,6,4,10,0.6
SmBB,13,14,27,0.48
SmBK,1,1,2,0.5
SmBL,7,2,9,0.78
SmBM,18,16,34,0.53
SmBN,21,25,46,0.46
SmBP,23,27,50,0.46
SmBS,11,13,24,0.46
SmBb,17,15,32,0.53
SmBh,3,8,11,0.27
SmBj,6,7,13,0.46
SmBl,4,7,11,0.36
SmBm,12,9,21,0.57
SmBn,21,19,40,0.52
SmBs,6,8,14,0.43
SmBt,2,5,7,0.29
SmDB,1,0,1,1.0
SmDH,2,0,2,1.0
SmDI,1,0,1,1.0
SmDK,1,0,1,1.0
SmDL,1,1,2,0.5
SmDM,0,2,2,0.0
SmDN,1,2,3,0.33
SmDP,0,1,1,0.0
SmDS,1,3,4,0.25
SmDb,3,2,5,0.6
SmDl,2,2,4,0.5
SmDm,2,1,3,0.67
SmDn,0,3,3,0.0
SmDs,7,0,7,1.0
SmDt,0,2,2,0.0
SmHB,15,14,29,0.52
SmHD,1,1,2,0.5
SmHH,2,0,2,1.0
SmHI,4,1,5,0.8
SmHK,2,1,3,0.67
SmHL,5,6,11,0.45
SmHM,25,14,39,0.64
SmHN,16,16,32,0.5
SmHP,28,24,52,0.54
SmHS,7,12,19,0.37
SmHb,17,16,33,0.52
SmHh,12,7,19,0.63
SmHl,12,9,21,0.57
SmHm,14,9,23,0.61
SmHn,23,20,43,0.53
SmHs,15,13,28,0.54
SmHt,1,2,3,0.33
SmIB,2,1,3,0.67
SmID,1,1,2,0.5
SmIH,1,1,2,0.5
SmIK,1,0,1,1.0
SmIL,1,3,4,0.25
SmIM,3,4,7,0.43
SmIN,4,3,7,0.57
SmIP,2,3,5,0.4
SmIS,0,2,2,0.0
SmIb,0,2,2,0.0
SmIl,0,1,1,0.0
SmIm,0,1,1,0.0
SmIn,3,2,5,0.6
SmIs,3,2,5,0.6
SmJB,4,2,6,0.67
SmJH,5,3,8,0.62
SmJI,1,0,1,1.0
SmJK,1,0,1,1.0
SmJL,1,2,3,0.33
SmJM,6,6,12,0.5
SmJN,7,5,12,0.58
SmJP,7,9,16,0.44
SmJS,2,3,5,0.4
SmJb,1,1,2,0.5
SmJl,1,1,2,0.5
SmJm,2,4,6,0.33
SmJn,3,3,6,0.5
SmJs,4,3,7,0.57
SmJt,2,0,2,1.0
SmKB,0,0,0,
SmKP,0,2,2,0.0
SmKh,0,1,1,0.0
SmKn,1,1,2,0.5
SmKs,2,0,2,1.0
SmLB,6,6,12,0.5
SmLD,1,0,1,1.0
SmLH,1,1,2,0.5
SmLK,0,1,1,0.0
SmLL,3,4,7,0.43
SmLM,4,11,15,0.27
SmLN,6,10,16,0.38
SmLP,11,13,24,0.46
SmLS,4,10,14,0.29
SmLb,8,12,20,0.4
SmLh,1,5,6,0.17
SmLj,0,4,4,0.0
SmLl,7,1,8,0.88
SmLm,10,6,16,0.62
SmLn,11,6,17,0.65
SmLs,3,13,16,0.19
SmLt,1,1,2,0.5
SmMB,15,15,30,0.5
SmMD,1,1,2,0.5
SmML,3,4,7,0.43
SmMM,13,28,41,0.32
SmMN,25,28,53,0.47
SmMP,31,24,55,0.56
SmMS,19,12,31,0.61
SmMb,21,13,34,0.62
SmMh,15,15,30,0.5
SmMj,9,3,12,0.75
SmMl,11,6,17,0.65
SmMm,23,14,37,0.62
SmMn,35,39,74,0.47
SmMs,17,11,28,0.61
SmMt,2,3,5,0.4
SmNB,29,22,51,0.57
SmND,7,1,8,0.88
SmNH,4,9,13,0.31
SmNK,1,4,5,0.2
SmNL,9,8,17,0.53
SmNM,28,30,58,0.48
SmNN,33,30,63,0.52
SmNP,40,41,81,0.49
SmNS,21,29,50,0.42
SmNb,31,17,48,0.65
SmNh,5,4,9,0.56
SmNl,13,9,22,0.59
SmNm,17,14,31,0.55
SmNn,26,34,60,0.43
SmNs,11,13,24,0.46
SmNt,11,6,17,0.65
SmPB,14,29,43,0.33
SmPD,2,3,5,0.4
SmPH,12,8,20,0.6
SmPI,1,1,2,0.5
SmPK,3,1,4,0.75
SmPL,15,18,33,0.45
SmPM,26,37,63,0.41
SmPN,48,36,84,0.57
SmPP,50,46,96,0.52
SmPS,33,18,51,0.65
SmPb,41,33,74,0.55
SmPh,2,1,3,0.67
SmPl,12,15,27,0.44
SmPm,24,13,37,0.65
SmPn,28,28,56,0.5
SmPs,22,13,35,0.63
SmPt,4,6,10,0.4
SmSB,7,12,19,0.37
SmSD,0,0,0,
SmSH,5,4,9,0.56
SmSK,1,0,1,1.0
SmSL,5,3,8,0.62
SmSM,11,16,27,0.41
SmSN,21,14,35,0.6
SmSP,28,19,47,0.6
SmSS,14,20,34,0.41
SmSb,16,18,34,0.47
SmSh,11,16,27,0.41
SmSl,5,3,8,0.62
SmSm,14,14,28,0.5
SmSn,19,21,40,0.48
SmSs,13,18,31,0.42
SmSt,7,3,10,0.7
SmbB,21,16,37,0.57
SmbD,0,0,0,
SmbH,6,7,13,0.46
SmbI,2,5,7,0.29
SmbJ,7,8,15,0.47
SmbK,0,2,2,0.0
SmbL,4,8,12,0.33
SmbM,24,18,42,0.57
SmbN,36,36,72,0.5
SmbP,27,36,63,0.43
SmbS,14,16,30,0.47
Smbb,34,26,60,0.57
Smbl,11,10,21,0.52
Smbm,17,14,31,0.55
Smbn,27,21,48,0.56
Smbs,7,12,19,0.37
Smhn,0,2,2,0.0
SmlB,6,9,15,0.4
SmlD,2,0,2,1.0
SmlH,6,4,10,0.6
SmlI,1,1,2,0.5
SmlJ,0,2,2,0.0
SmlK,0,1,1,0.0
SmlL,4,4,8,0.5
SmlM,10,5,15,0.67
SmlN,10,14,24,0.42
SmlP,13,10,23,0.57
SmlS,2,5,7,0.29
Smlb,10,13,23,0.43
Smll,4,3,7,0.57
Smlm,10,4,14,0.71
Smln,9,8,17,0.53
Smls,7,1,8,0.88
SmmB,15,15,30,0.5
SmmD,2,2,4,0.5
SmmH,12,8,20,0.6
SmmJ,11,3,14,0.79
SmmL,8,5,13,0.62
SmmM,15,13,28,0.54
SmmN,23,28,51,0.45
SmmP,17,11,28,0.61
SmmS,10,13,23,0.43
Smmb,17,16,33,0.52
Smml,3,2,5,0.6
Smmm,18,6,24,0.75
Smmn,10,22,32,0.31
Smms,4,8,12,0.33
SmnB,24,11,35,0.69
SmnD,1,2,3,0.33
SmnH,8,13,21,0.38
SmnI,3,3,6,0.5
SmnK,2,1,3,0.67
SmnL,5,8,13,0.38
SmnM,18,27,45,0.4
SmnN,24,39,63,0.38
SmnP,34,35,69,0.49
SmnS,18,13,31,0.58
Smnb,14,19,33,0.42
Smnl,5,6,11,0.45
Smnm,18,10,28,0.64
Smnn,35,30,65,0.54
Smns,12,14,26,0.46
SmsB,6,8,14,0.43
SmsD,1,1,2,0.5
SmsH,13,12,25,0.52
SmsI,3,1,4,0.75
SmsL,6,3,9,0.67
SmsM,14,8,22,0.64
SmsN,13,11,24,0.54
SmsP,15,15,30,0.5
SmsS,19,18,37,0.51
Smsb,11,5,16,0.69
Smsl,4,3,7,0.57
Smsm,10,7,17,0.59
Smsn,11,11,22,0.5
Smss,11,13,24,0.46
SnBB,18,8,26,0.69
SnBD,1,2,3,0.33
SnBK,4,2,6,0.67
SnBL,6,4,10,0.6
SnBM,14,14,28,0.5
SnBN,21,26,47,0.45
SnBP,23,35,58,0.4
SnBS,10,16,26,0.38
SnBb,14,13,27,0.52
SnBh,1,2,3,0.33
SnBj,4,13,17,0.24
SnBl,7,7,14,0.5
SnBm,17,17,34,0.5
SnBn,38,33,71,0.54
SnBs,10,13,23,0.43
SnBt,2,4,6,0.33
SnDB,0,2,2,0.0
SnDH,4,3,7,0.57
SnDI,1,0,1,1.0
SnDK,0,0,0,
SnDL,2,1,3,0.67
SnDM,3,8,11,0.27
SnDN,0,3,3,0.0
SnDP,2,3,5,0.4
SnDS,2,4,6,0.33
SnDb,1,3,4,0.25
SnDm,3,3,6,0.5
SnDn,8,2,10,0.8
SnDs,2,5,7,0.29
SnDt,2,2,4,0.5
SnHB,11,6,17,0.65
SnHD,0,0,0,
SnHH,6,4,10,0.6
SnHI,1,3,4,0.25
SnHK,1,2,3,0.33
SnHL,6,5,11,0.55
SnHM,16,22,38,0.42
SnHN,25,18,43,0.58
SnHP,27,29,56,0.48
SnHS,11,20,31,0.35
SnHb,13,19,32,0.41
SnHh,9,6,15,0.6
SnHl,9,7,16,0.56
SnHm,8,14,22,0.36
SnHn,25,15,40,0.62
SnHs,17,16,33,0.52
SnHt,3,2,5,0.6
SnIB,2,5,7,0.29
SnID,0,0,0,
SnIH,1,5,6,0.17
SnIL,1,2,3,0.33
SnIM,0,3,3,0.0
SnIN,3,4,7,0.43
SnIP,9,1,10,0.9
SnIS,2,3,5,0.4
SnIb,3,9,12,0.25
SnIl,4,1,5,0.8
SnIm,6,1,7,0.86
SnIn,4,3,7,0.57
SnIs,1,1,2,0.5
SnKB,3,4,7,0.43
SnKL,1,0,1,1.0
SnKM,4,4,8,0.5
SnKN,2,5,7,0.29
SnKP,3,2,5,0.6
SnKS,2,2,4,0.5
SnKb,1,3,4,0.25
SnKh,3,7,10,0.3
SnKl,4,3,7,0.57
SnKm,3,1,4,0.75
SnKn,3,5,8,0.38
SnKs,3,1,4,0.75
SnLB,5,10,15,0.33
SnLD,0,1,1,0.0
SnLK,0,2,2,0.0
SnLL,3,3,6,0.5
SnLM,8,10,18,0.44
SnLN,12,5,17,0.71
SnLP,12,10,22,0.55
SnLS,5,11,16,0.31
SnLb,13,9,22,0.59
SnLh,3,5,8,0.38
SnLj,2,2,4,0.5
SnLl,5,8,13,0.38
SnLm,13,8,21,0.62
SnLn,27,12,39,0.69
SnLs,7,3,10,0.7
SnLt,3,2,5,0.6
SnMB,24,18,42,0.57
SnMD,1,1,2,0.5
SnML,8,10,18,0.44
SnMM,23,39,62,0.37
SnMN,24,24,48,0.5
SnMP,39,29,68,0.57
SnMS,28,21,49,0.57
SnMb,24,43,67,0.36
SnMh,17,37,54,0.31
SnMj,6,8,14,0.43
SnMl,11,16,27,0.41
SnMm,25,29,54,0.46
SnMn,38,46,84,0.45
SnMs,17,28,45,0.38
SnMt,5,6,11,0.45
SnNB,27,38,65,0.42
SnND,4,4,8,0.5
SnNH,10,5,15,0.67
SnNK,5,3,8,0.62
SnNL,12,14,26,0.46
SnNM,33,55,88,0.38
SnNN,52,43,95,0.55
SnNP,72,61,133,0.54
SnNS,33,34,67,0.49
SnNb,41,36,77,0.53
SnNh,14,13,27,0.52
SnNl,18,11,29,0.62
SnNm,35,31,66,0.53
SnNn,66,77,143,0.46
SnNs,35,21,56,0.62
SnNt,10,9,19,0.53
SnPB,27,37,64,0.42
SnPD,3,7,10,0.3
SnPH,14,25,39,0.36
SnPI,6,4,10,0.6
SnPK,5,7,12,0.42
SnPL,25,28,53,0.47
SnPM,42,50,92,0.46
SnPN,57,62,119,0.48
SnPP,83,91,174,0.48
SnPS,43,40,83,0.52
SnPb,49,43,92,0.53
SnPh,6,9,15,0.4
SnPl,24,20,44,0.55
SnPm,44,40,84,0.52
SnPn,60,47,107,0.56
SnPs,34,35,69,0.49
SnPt,6,2,8,0.75
SnSB,17,21,38,0.45
SnSD,3,0,3,1.0
SnSH,11,9,20,0.55
SnSI,0,1,1,0.0
SnSK,1,0,1,1.0
SnSL,10,16,26,0.38
SnSM,25,36,61,0.41
SnSN,26,30,56,0.46
SnSP,39,52,91,0.43
SnSS,31,36,67,0.46
SnSb,26,18,44,0.59
SnSh,21,20,41,0.51
SnSl,10,14,24,0.42
SnSm,20,19,39,0.51
SnSn,31,42,73,0.42
SnSs,39,18,57,0.68
SnSt,7,2,9,0.78
SnbB,26,23,49,0.53
SnbD,0,4,4,0.0
SnbH,11,10,21,0.52
SnbI,4,2,6,0.67
SnbJ,6,2,8,0.75
SnbK,3,4,7,0.43
SnbL,15,11,26,0.58
SnbM,33,32,65,0.51
SnbN,48,38,86,0.56
SnbP,44,45,89,0.49
SnbS,24,19,43,0.56
Snbb,31,33,64,0.48
Snbl,15,11,26,0.58
Snbm,24,19,43,0.56
Snbn,46,29,75,0.61
Snbs,13,18,31,0.42
SnhB,1,1,2,0.5
SnhH,1,0,1,1.0
SnhL,2,0,2,1.0
SnhM,0,1,1,0.0
SnhN,2,3,5,0.4
SnhP,3,1,4,0.75
Snhb,1,1,2,0.5
Snhm,0,1,1,0.0
Snhn,1,1,2,0.5
Snhs,0,2,2,0.0
Snht,1,0,1,1.0
SnlB,11,9,20,0.55
SnlD,2,0,2,1.0
SnlH,7,13,20,0.35
SnlJ,5,3,8,0.62
SnlK,0,1,1,0.0
SnlL,3,7,10,0.3
SnlM,15,8,23,0.65
SnlN,27,14,41,0.66
SnlP,18,22,40,0.45
SnlS,7,5,12,0.58
Snlb,9,15,24,0.38
Snll,6,5,11,0.55
Snlm,4,8,12,0.33
Snln,12,15,27,0.44
Snls,7,5,12,0.58
SnmB,18,20,38,0.47
SnmD,1,5,6,0.17
SnmH,15,26,41,0.37
SnmI,2,3,5,0.4
SnmJ,3,5,8,0.38
SnmL,7,5,12,0.58
SnmM,25,35,60,0.42
SnmN,29,33,62,0.47
SnmP,38,26,64,0.59
SnmS,19,20,39,0.49
Snmb,31,35,66,0.47
Snml,10,8,18,0.56
Snmm,18,19,37,0.49
Snmn,29,24,53,0.55
Snms,12,5,17,0.71
SnnB,14,16,30,0.47
SnnD,4,5,9,0.44
SnnH,22,13,35,0.63
SnnI,6,5,11,0.55
SnnK,2,2,4,0.5
SnnL,11,15,26,0.42
SnnM,28,46,74,0.38
SnnN,50,61,111,0.45
SnnP,75,45,120,0.62
SnnS,32,30,62,0.52
Snnb,37,28,65,0.57
Snnl,20,13,33,0.61
Snnm,32,23,55,0.58
Snnn,39,41,80,0.49
Snns,28,27,55,0.51
SnsB,13,15,28,0.46
SnsD,3,3,6,0.5
SnsH,19,18,37,0.51
SnsI,2,4,6,0.33
SnsK,0,0,0,
SnsL,6,13,19,0.32
SnsM,24,27,51,0.47
SnsN,19,28,47,0.4
SnsP,30,33,63,0.48
SnsS,28,23,51,0.55
Snsb,18,16,34,0.53
Snsh,1,0,1,1.0
Snsl,11,9,20,0.55
Snsm,23,19,42,0.55
Snsn,29,23,52,0.56
Snss,25,32,57,0.44
Snst,0,1,1,0.0
SntB,0,0,0,
Sntm,1,0,1,1.0
SsBB,9,10,19,0.47
SsBH,0,1,1,0.0
SsBK,3,1,4,0.75
SsBL,6,4,10,0.6
SsBM,13,8,21,0.62
SsBN,14,8,22,0.64
SsBP,20,9,29,0.69
SsBS,14,10,24,0.58
SsBb,11,22,33,0.33
SsBj,3,7,10,0.3
SsBl,7,5,12,0.58
SsBm,6,12,18,0.33
SsBn,16,26,42,0.38
SsBs,8,6,14,0.57
SsBt,2,0,2,1.0
SsDB,1,2,3,0.33
SsDD,3,0,3,1.0
SsDH,5,3,8,0.62
SsDL,1,1,2,0.5
SsDM,5,4,9,0.56
SsDN,5,1,6,0.83
SsDP,3,8,11,0.27
SsDS,2,3,5,0.4
SsDb,4,5,9,0.44
SsDm,1,2,3,0.33
SsDn,2,2,4,0.5
SsDs,1,4,5,0.2
SsDt,0,0,0,
SsHB,18,24,42,0.43
SsHD,2,2,4,0.5
SsHH,3,9,12,0.25
SsHI,5,5,10,0.5
SsHK,3,3,6,0.5
SsHL,6,10,16,0.38
SsHM,22,22,44,0.5
SsHN,25,31,56,0.45
SsHP,36,22,58,0.62
SsHS,25,25,50,0.5
SsHb,25,13,38,0.66
SsHh,9,11,20,0.45
SsHl,11,14,25,0.44
SsHm,21,16,37,0.57
SsHn,31,30,61,0.51
SsHs,24,27,51,0.47
SsHt,0,2,2,0.0
SsIB,3,2,5,0.6
SsID,0,0,0,
SsIH,4,3,7,0.57
SsIL,2,1,3,0.67
SsIM,5,4,9,0.56
SsIN,2,4,6,0.33
SsIP,4,4,8,0.5
SsIS,4,4,8,0.5
SsIb,2,2,4,0.5
SsIl,3,2,5,0.6
SsIm,0,2,2,0.0
SsIn,1,0,1,1.0
SsIs,4,4,8,0.5
SsKB,0,4,4,0.0
SsKK,0,0,0,
SsKL,1,0,1,1.0
SsKM,0,2,2,0.0
SsKN,0,1,1,0.0
SsKP,1,1,2,0.5
SsKS,1,2,3,0.33
SsKb,2,0,2,1.0
SsKh,0,2,2,0.0
SsKl,2,1,3,0.67
SsKm,2,0,2,1.0
SsKn,1,2,3,0.33
SsKs,1,0,1,1.0
SsLB,11,7,18,0.61
SsLK,1,0,1,1.0
SsLL,3,3,6,0.5
SsLM,11,10,21,0.52
SsLN,8,8,16,0.5
SsLP,14,14,28,0.5
SsLS,5,5,10,0.5
SsLb,15,10,25,0.6
SsLh,3,1,4,0.75
SsLj,4,3,7,0.57
SsLl,7,6,13,0.54
SsLm,8,7,15,0.53
SsLn,10,9,19,0.53
SsLs,11,9,20,0.55
SsLt,3,2,5,0.6
SsMB,17,24,41,0.41
SsMD,0,0,0,
SsML,11,14,25,0.44
SsMM,18,21,39,0.46
SsMN,26,24,50,0.52
SsMP,27,27,54,0.5
SsMS,19,14,33,0.58
SsMb,18,21,39,0.46
SsMh,24,13,37,0.65
SsMj,4,10,14,0.29
SsMl,14,10,24,0.58
SsMm,27,24,51,0.53
SsMn,24,42,66,0.36
SsMs,26,21,47,0.55
SsMt,3,7,10,0.3
SsNB,21,12,33,0.64
SsND,2,1,3,0.67
SsNH,6,2,8,0.75
SsNK,3,7,10,0.3
SsNL,4,13,17,0.24
SsNM,26,27,53,0.49
SsNN,29,26,55,0.53
SsNP,38,43,81,0.47
SsNS,25,25,50,0.5
SsNb,20,24,44,0.45
SsNh,8,8,16,0.5
SsNl,8,12,20,0.4
SsNm,22,19,41,0.54
SsNn,50,48,98,0.51
SsNs,24,28,52,0.46
SsNt,8,8,16,0.5
SsPB,25,20,45,0.56
SsPD,2,4,6,0.33
SsPH,12,11,23,0.52
SsPI,3,0,3,1.0
SsPK,5,9,14,0.36
SsPL,17,10,27,0.63
SsPM,29,34,63,0.46
SsPN,28,31,59,0.47
SsPP,54,49,103,0.52
SsPS,40,27,67,0.6
SsPb,33,38,71,0.46
SsPh,3,4,7,0.43
SsPl,20,16,36,0.56
SsPm,34,24,58,0.59
SsPn,27,37,64,0.42
SsPs,30,31,61,0.49
SsPt,6,3,9,0.67
SsSB,19,22,41,0.46
SsSD,3,1,4,0.75
SsSH,11,15,26,0.42
SsSI,1,0,1,1.0
SsSK,0,3,3,0.0
SsSL,14,11,25,0.56
SsSM,34,35,69,0.49
SsSN,24,28,52,0.46
SsSP,40,45,85,0.47
SsSS,50,61,111,0.45
SsSb,21,18,39,0.54
SsSh,19,31,50,0.38
SsSl,26,13,39,0.67
SsSm,30,21,51,0.59
SsSn,42,43,85,0.49
SsSs,54,41,95,0.57
SsSt,6,7,13,0.46
SsbB,21,12,33,0.64
SsbD,3,0,3,1.0
SsbH,3,1,4,0.75
SsbI,2,1,3,0.67
SsbJ,8,5,13,0.62
SsbK,7,3,10,0.7
SsbL,10,12,22,0.45
SsbM,22,26,48,0.46
SsbN,33,26,59,0.56
SsbP,33,24,57,0.58
SsbS,11,17,28,0.39
Ssbb,33,20,53,0.62
Ssbh,0,1,1,0.0
Ssbl,18,16,34,0.53
Ssbm,26,15,41,0.63
Ssbn,24,28,52,0.46
Ssbs,9,9,18,0.5
SshB,0,1,1,0.0
SshN,2,0,2,1.0
SshP,1,3,4,0.25
SshS,0,3,3,0.0
Sshb,5,3,8,0.62
Sshh,1,1,2,0.5
Sshm,2,1,3,0.67
Sshn,0,1,1,0.0
Sshs,0,1,1,0.0
Ssht,0,1,1,0.0
SslB,8,12,20,0.4
SslD,0,1,1,0.0
SslH,11,9,20,0.55
SslI,1,0,1,1.0
SslJ,2,0,2,1.0
SslK,1,0,1,1.0
SslL,9,5,14,0.64
SslM,11,14,25,0.44
SslN,11,17,28,0.39
SslP,14,18,32,0.44
SslS,7,6,13,0.54
Sslb,13,10,23,0.57
Ssll,8,8,16,0.5
Sslm,9,5,14,0.64
Ssln,14,5,19,0.74
Ssls,7,13,20,0.35
SsmB,14,16,30,0.47
SsmD,2,1,3,0.67
SsmH,23,10,33,0.7
SsmI,2,1,3,0.67
SsmJ,3,6,9,0.33
SsmL,8,11,19,0.42
SsmM,31,18,49,0.63
SsmN,24,21,45,0.53
SsmP,27,26,53,0.51
SsmS,15,21,36,0.42
Ssmb,22,24,46,0.48
Ssml,9,7,16,0.56
Ssmm,26,9,35,0.74
Ssmn,25,18,43,0.58
Ssms,7,15,22,0.32
SsnB,10,12,22,0.45
SsnD,4,1,5,0.8
SsnH,14,21,35,0.4
SsnI,6,1,7,0.86
SsnK,1,5,6,0.17
SsnL,5,5,10,0.5
SsnM,24,24,48,0.5
SsnN,36,26,62,0.58
SsnP,41,35,76,0.54
SsnS,20,18,38,0.53
Ssnb,19,23,42,0.45
Ssnh,0,1,1,0.0
Ssnl,10,6,16,0.62
Ssnm,19,19,38,0.5
Ssnn,26,21,47,0.55
Ssns,21,18,39,0.54
SssB,13,12,25,0.52
SssD,4,2,6,0.67
SssH,24,38,62,0.39
SssI,7,2,9,0.78
SssK,2,1,3,0.67
SssL,7,9,16,0.44
SssM,27,25,52,0.52
SssN,23,26,49,0.47
SssP,34,38,72,0.47
SssS,38,38,76,0.5
Sssb,32,13,45,0.71
Sssh,2,1,3,0.67
Sssl,17,6,23,0.74
Sssm,19,19,38,0.5
Sssn,27,23,50,0.54
Ssss,27,39,66,0.41
SstB,1,0,1,1.0
SstM,1,3,4,0.25
SstN,0,1,1,0.0
SstP,3,0,3,1.0
Sstm,0,0,0,
Ssts,0,0,0,
StBB,2,6,8,0.25
StBD,0,1,1,0.0
StBL,1,1,2,0.5
StBM,2,2,4,0.5
StBN,2,2,4,0.5
StBP,4,3,7,0.57
StBS,3,0,3,1.0
StBb,0,3,3,0.0
StBh,1,1,2,0.5
StBl,2,0,2,1.0
StBm,0,1,1,0.0
StBn,2,7,9,0.22
StBs,1,5,6,0.17
StBt,1,0,1,1.0
StDB,0,0,0,
StDD,0,1,1,0.0
StDH,0,0,0,
StDM,0,0,0,
StDN,1,0,1,1.0
StDP,0,0,0,
StDb,0,1,1,0.0
StDl,1,0,1,1.0
StDm,1,2,3,0.33
StDn,1,0,1,1.0
StDs,0,0,0,
StHB,1,0,1,1.0
StHD,0,1,1,0.0
StHH,1,0,1,1.0
StHL,1,1,2,0.5
StHM,5,4,9,0.56
StHN,1,1,2,0.5
StHP,3,4,7,0.43
StHS,3,2,5,0.6
StHb,2,6,8,0.25
StHh,2,4,6,0.33
StHl,3,2,5,0.6
StHm,1,2,3,0.33
StHn,5,3,8,0.62
StHs,4,2,6,0.67
StIP,0,1,1,0.0
StIb,1,0,1,1.0
StKB,1,0,1,1.0
StKD,1,0,1,1.0
StKL,1,0,1,1.0
StKM,2,0,2,1.0
StKP,0,1,1,0.0
StKS,1,0,1,1.0
StKl,0,1,1,0.0
StLB,1,1,2,0.5
StLL,0,1,1,0.0
StLM,1,2,3,0.33
StLN,4,1,5,0.8
StLP,2,1,3,0.67
StLS,1,1,2,0.5
StLb,0,2,2,0.0
StLh,0,1,1,0.0
StLj,2,0,2,1.0
StLl,0,2,2,0.0
StLm,3,0,3,1.0
StLn,4,5,9,0.44
StLs,1,0,1,1.0
StLt,0,1,1,0.0
StMB,2,5,7,0.29
StMD,0,1,1,0.0
StML,3,1,4,0.75
StMM,2,1,3,0.67
StMN,2,6,8,0.25
StMP,3,9,12,0.25
StMS,2,4,6,0.33
StMb,3,5,8,0.38
StMh,4,4,8,0.5
StMj,0,1,1,0.0
StMl,4,3,7,0.57
StMm,5,5,10,0.5
StMn,11,5,16,0.69
StMs,5,2,7,0.71
StNB,5,1,6,0.83
StND,0,0,0,
StNH,2,0,2,1.0
StNL,2,2,4,0.5
StNM,5,4,9,0.56
StNN,4,6,10,0.4
StNP,1,9,10,0.1
StNS,4,6,10,0.4
StNb,4,9,13,0.31
StNh,2,1,3,0.67
StNl,3,3,6,0.5
StNm,3,2,5,0.6
StNn,5,14,19,0.26
StNs,4,3,7,0.57
StPB,6,6,12,0.5
StPD,1,0,1,1.0
StPH,3,2,5,0.6
StPI,1,0,1,1.0
StPK,1,1,2,0.5
StPL,5,2,7,0.71
StPM,4,9,13,0.31
StPN,9,7,16,0.56
StPP,6,15,21,0.29
StPS,7,2,9,0.78
StPb,7,6,13,0.54
StPh,3,1,4,0.75
StPl,3,1,4,0.75
StPm,10,5,15,0.67
StPn,4,6,10,0.4
StPs,10,7,17,0.59
StPt,0,1,1,0.0
StSB,3,3,6,0.5
StSD,1,0,1,1.0
StSH,2,1,3,0.67
StSL,2,0,2,1.0
StSM,5,4,9,0.56
StSN,4,4,8,0.5
StSP,6,3,9,0.67
StSS,8,8,16,0.5
StSb,9,7,16,0.56
StSh,2,1,3,0.67
StSl,0,1,1,0.0
StSm,5,10,15,0.33
StSn,6,8,14,0.43
StSs,3,7,10,0.3
StSt,0,3,3,0.0
StbB,3,2,5,0.6
StbH,1,0,1,1.0
StbJ,2,1,3,0.67
StbK,3,0,3,1.0
StbL,1,2,3,0.33
StbM,3,5,8,0.38
StbN,8,5,13,0.62
StbP,6,6,12,0.5
StbS,3,1,4,0.75
Stbb,3,6,9,0.33
Stbl,2,3,5,0.4
Stbm,5,5,10,0.5
Stbn,5,5,10,0.5
Stbs,3,4,7,0.43
SthP,0,1,1,0.0
Sthb,1,1,2,0.5
Sthm,1,0,1,1.0
StlB,2,1,3,0.67
StlH,1,1,2,0.5
StlL,2,2,4,0.5
StlM,2,2,4,0.5
StlN,4,4,8,0.5
StlP,5,5,10,0.5
StlS,0,0,0,
Stlb,5,3,8,0.62
Stll,1,0,1,1.0
Stlm,2,0,2,1.0
Stln,3,4,7,0.43
Stls,2,0,2,1.0
StmB,4,3,7,0.57
StmD,0,1,1,0.0
StmH,4,2,6,0.67
StmL,1,1,2,0.5
StmM,5,5,10,0.5
StmN,7,2,9,0.78
StmP,5,2,7,0.71
StmS,2,6,8,0.25
Stmb,2,6,8,0.25
Stml,0,2,2,0.0
Stmm,3,5,8,0.38
Stmn,2,2,4,0.5
Stms,0,3,3,0.0
StnB,5,2,7,0.71
StnD,2,0,2,1.0
StnH,4,6,10,0.4
StnI,2,1,3,0.67
StnK,0,1,1,0.0
StnL,1,0,1,1.0
StnM,5,4,9,0.56
StnN,3,10,13,0.23
StnP,7,6,13,0.54
StnS,3,5,8,0.38
Stnb,0,5,5,0.0
Stnl,2,5,7,0.29
Stnm,3,6,9,0.33
Stnn,3,6,9,0.33
Stns,4,4,8,0.5
StsB,1,0,1,1.0
StsD,0,0,0,
StsH,6,5,11,0.55
StsI,0,0,0,
StsL,1,0,1,1.0
StsM,4,4,8,0.5
StsN,5,3,8,0.62
StsP,3,4,7,0.43
StsS,6,4,10,0.6
Stsb,0,4,4,0.0
Stsl,5,2,7,0.71
Stsm,2,3,5,0.4
Stsn,1,5,6,0.17
Stss,7,1,8,0.88
SttB,1,0,1,1.0
SttD,0,1,1,0.0
SttH,0,0,0,
SttL,0,1,1,0.0
SttM,1,0,1,1.0
SttN,3,1,4,0.75
SttP,2,1,3,0.67
SttS,1,1,2,0.5
Sttb,0,3,3,0.0
Sttl,1,1,2,0.5
Sttm,1,0,1,1.0
Sttn,3,2,5,0.6
Stts,2,0,2,1.0
bBBB,38,21,59,0.64
bBBD,0,3,3,0.0
bBBK,0,3,3,0.0
bBBL,15,8,23,0.65
bBBM,26,19,45,0.58
bBBN,37,40,77,0.48
bBBP,35,38,73,0.48
bBBS,18,17,35,0.51
bBBb,40,45,85,0.47
bBBh,2,8,10,0.2
bBBj,8,6,14,0.57
bBBl,11,9,20,0.55
bBBm,15,23,38,0.39
bBBn,39,41,80,0.49
bBBs,16,13,29,0.55
bBBt,5,4,9,0.56
bBDD,1,0,1,1.0
bBDH,0,5,5,0.0
bBDL,2,0,2,1.0
bBDM,0,1,1,0.0
bBDN,2,1,3,0.67
bBDP,5,1,6,0.83
bBDS,3,4,7,0.43
bBDb,2,2,4,0.5
bBDm,4,2,6,0.67
bBDn,2,1,3,0.67
bBDs,2,0,2,1.0
bBDt,0,0,0,
bBHM,1,3,4,0.25
bBHN,0,1,1,0.0
bBHl,0,1,1,0.0
bBHm,0,0,0,
bBIH,0,1,1,0.0
bBKB,0,1,1,0.0
bBKM,1,1,2,0.5
bBKN,0,1,1,0.0
bBKP,3,3,6,0.5
bBKS,0,3,3,0.0
bBKb,2,8,10,0.2
bBKh,0,4,4,0.0
bBKl,2,0,2,1.0
bBKm,1,2,3,0.33
bBKn,2,0,2,1.0
bBKs,0,2,2,0.0
bBLB,12,10,22,0.55
bBLD,2,1,3,0.67
bBLK,0,4,4,0.0
bBLL,4,2,6,0.67
bBLM,10,10,20,0.5
bBLN,9,11,20,0.45
bBLP,12,17,29,0.41
bBLS,16,12,28,0.57
bBLb,9,10,19,0.47
bBLh,6,7,13,0.46
bBLj,4,4,8,0.5
bBLl,8,9,17,0.47
bBLm,16,7,23,0.7
bBLn,15,15,30,0.5
bBLs,8,11,19,0.42
bBLt,0,2,2,0.0
bBMB,25,28,53,0.47
bBMD,2,1,3,0.67
bBML,9,13,22,0.41
bBMM,29,33,62,0.47
bBMN,28,33,61,0.46
bBMP,48,36,84,0.57
bBMS,18,22,40,0.45
bBMb,40,38,78,0.51
bBMh,17,25,42,0.4
bBMj,9,8,17,0.53
bBMl,8,16,24,0.33
bBMm,26,28,54,0.48
bBMn,41,32,73,0.56
bBMs,19,20,39,0.49
bBMt,5,8,13,0.38
bBNB,26,27,53,0.49
bBND,5,1,6,0.83
bBNH,7,2,9,0.78
bBNK,2,0,2,1.0
bBNL,5,8,13,0.38
bBNM,38,36,74,0.51
bBNN,35,37,72,0.49
bBNP,56,67,123,0.46
bBNS,25,27,52,0.48
bBNb,29,35,64,0.45
bBNh,11,24,35,0.31
bBNl,13,17,30,0.43
bBNm,32,19,51,0.63
bBNn,62,55,117,0.53
bBNs,14,16,30,0.47
bBNt,5,5,10,0.5
bBPB,39,36,75,0.52
bBPD,1,2,3,0.33
bBPH,19,11,30,0.63
bBPI,5,2,7,0.71
bBPK,7,5,12,0.58
bBPL,14,25,39,0.36
bBPM,37,46,83,0.45
bBPN,48,56,104,0.46
bBPP,59,64,123,0.48
bBPS,32,29,61,0.52
bBPb,47,40,87,0.54
bBPh,9,7,16,0.56
bBPl,26,18,44,0.59
bBPm,38,26,64,0.59
bBPn,51,52,103,0.5
bBPs,31,30,61,0.51
bBPt,4,5,9,0.44
bBSB,16,9,25,0.64
bBSD,4,1,5,0.8
bBSH,7,7,14,0.5
bBSL,5,7,12,0.42
bBSM,10,14,24,0.42
bBSN,17,15,32,0.53
bBSP,27,28,55,0.49
bBSS,13,12,25,0.52
bBSb,22,13,35,0.63
bBSh,17,13,30,0.57
bBSl,6,11,17,0.35
bBSm,21,16,37,0.57
bBSn,23,32,55,0.42
bBSs,14,13,27,0.52
bBSt,1,3,4,0.25
bBbB,30,29,59,0.51
bBbD,3,2,5,0.6
bBbH,17,16,33,0.52
bBbI,6,4,10,0.6
bBbJ,10,10,20,0.5
bBbK,3,5,8,0.38
bBbL,13,16,29,0.45
bBbM,38,42,80,0.48
bBbN,48,45,93,0.52
bBbP,55,55,110,0.5
bBbS,17,16,33,0.52
bBbb,47,41,88,0.53
bBbl,22,12,34,0.65
bBbm,23,20,43,0.53
bBbn,51,42,93,0.55
bBbs,13,24,37,0.35
bBhB,4,2,6,0.67
bBhH,1,1,2,0.5
bBhK,0,0,0,
bBhL,1,1,2,0.5
bBhM,7,8,15,0.47
bBhN,9,4,13,0.69
bBhP,7,6,13,0.54
bBhS,2,3,5,0.4
bBhb,6,5,11,0.55
bBhh,4,7,11,0.36
bBhl,3,3,6,0.5
bBhm,4,5,9,0.44
bBhn,17,10,27,0.63
bBhs,4,1,5,0.8
bBjB,11,9,20,0.55
bBjD,1,1,2,0.5
bBjH,6,2,8,0.75
bBjI,0,1,1,0.0
bBjK,2,1,3,0.67
bBjL,5,3,8,0.62
bBjM,8,17,25,0.32
bBjN,11,13,24,0.46
bBjP,16,20,36,0.44
bBjS,6,5,11,0.55
bBjb,12,16,28,0.43
bBjh,3,4,7,0.43
bBjl,10,6,16,0.62
bBjm,13,6,19,0.68
bBjn,20,14,34,0.59
bBjs,6,4,10,0.6
bBjt,2,1,3,0.67
bBlB,9,11,20,0.45
bBlD,0,1,1,0.0
bBlH,10,9,19,0.53
bBlI,0,2,2,0.0
bBlJ,2,4,6,0.33
bBlK,1,1,2,0.5
bBlL,4,8,12,0.33
bBlM,17,17,34,0.5
bBlN,14,17,31,0.45
bBlP,17,22,39,0.44
bBlS,11,7,18,0.61
bBlb,17,13,30,0.57
bBll,7,8,15,0.47
bBlm,17,8,25,0.68
bBln,7,17,24,0.29
bBls,1,7,8,0.12
bBmB,33,19,52,0.63
bBmD,7,3,10,0.7
bBmH,22,14,36,0.61
bBmI,1,2,3,0.33
bBmJ,7,7,14,0.5
bBmL,8,7,15,0.53
bBmM,23,31,54,0.43
bBmN,30,36,66,0.45
bBmP,35,41,76,0.46
bBmS,10,14,24,0.42
bBmb,29,30,59,0.49
bBml,5,8,13,0.38
bBmm,17,17,34,0.5
bBmn,28,31,59,0.47
bBms,8,9,17,0.47
bBnB,31,25,56,0.55
bBnD,6,3,9,0.67
bBnH,25,19,44,0.57
bBnI,5,6,11,0.45
bBnK,2,2,4,0.5
bBnL,19,19,38,0.5
bBnM,41,48,89,0.46
bBnN,68,71,139,0.49
bBnP,72,74,146,0.49
bBnS,37,38,75,0.49
bBnb,42,35,77,0.55
bBnh,4,3,7,0.57
bBnl,22,21,43,0.51
bBnm,42,26,68,0.62
bBnn,50,56,106,0.47
bBns,31,28,59,0.53
bBsB,8,11,19,0.42
bBsD,0,2,2,0.0
bBsH,15,17,32,0.47
bBsI,1,1,2,0.5
bBsL,3,2,5,0.6
bBsM,16,12,28,0.57
bBsN,14,19,33,0.42
bBsP,27,33,60,0.45
bBsS,22,12,34,0.65
bBsb,11,19,30,0.37
bBsh,2,0,2,1.0
bBsl,10,5,15,0.67
bBsm,9,8,17,0.53
bBsn,19,11,30,0.63
bBss,10,8,18,0.56
bBtB,1,7,8,0.12
bBtH,3,5,8,0.38
bBtL,3,4,7,0.43
bBtM,8,3,11,0.73
bBtN,7,8,15,0.47
bBtP,8,8,16,0.5
bBtS,4,7,11,0.36
bBtb,6,7,13,0.46
bBtl,5,2,7,0.71
bBtm,2,5,7,0.29
bBtn,6,9,15,0.4
bBts,2,2,4,0.5
bBtt,1,0,1,1.0
bDBB,2,1,3,0.67
bDBK,0,0,0,
bDBL,1,1,2,0.5
bDBM,3,2,5,0.6
bDBN,2,6,8,0.25
bDBP,3,1,4,0.75
bDBS,4,0,4,1.0
bDBb,3,3,6,0.5
bDBl,1,0,1,1.0
bDBm,1,3,4,0.25
bDBn,3,2,5,0.6
bDBs,3,0,3,1.0
bDDH,1,0,1,1.0
bDDb,0,1,1,0.0
bDHB,0,4,4,0.0
bDHI,0,1,1,0.0
bDHK,0,1,1,0.0
bDHL,0,2,2,0.0
bDHM,6,5,11,0.55
bDHN,3,3,6,0.5
bDHP,7,5,12,0.58
bDHS,2,1,3,0.67
bDHb,0,1,1,0.0
bDHh,2,0,2,1.0
bDHl,0,1,1,0.0
bDHm,2,2,4,0.5
bDHn,3,2,5,0.6
bDHs,4,0,4,1.0
bDIB,0,1,1,0.0
bDIb,2,0,2,1.0
bDKm,1,0,1,1.0
bDLB,2,1,3,0.67
bDLL,1,0,1,1.0
bDLM,1,2,3,0.33
bDLN,1,1,2,0.5
bDLP,0,2,2,0.0
bDLS,1,1,2,0.5
bDLb,1,2,3,0.33
bDLj,1,0,1,1.0
bDLl,1,0,1,1.0
bDLm,2,2,4,0.5
bDLn,0,2,2,0.0
bDMB,5,2,7,0.71
bDML,1,1,2,0.5
bDMM,1,1,2,0.5
bDMN,1,4,5,0.2
bDMP,3,2,5,0.6
bDMS,1,4,5,0.2
bDMb,1,1,2,0.5
bDMh,1,0,1,1.0
bDMj,0,1,1,0.0
bDMl,1,2,3,0.33
bDMm,1,1,2,0.5
bDMn,0,5,5,0.0
bDMs,1,1,2,0.5
bDNB,3,3,6,0.5
bDND,1,1,2,0.5
bDNH,1,0,1,1.0
bDNK,1,0,1,1.0
bDNM,3,1,4,0.75
bDNN,3,3,6,0.5
bDNP,3,3,6,0.5
bDNS,2,3,5,0.4
bDNb,2,2,4,0.5
bDNl,1,0,1,1.0
bDNm,1,2,3,0.33
bDNn,5,3,8,0.62
bDNs,0,2,2,0.0
bDNt,2,0,2,1.0
bDPB,1,4,5,0.2
bDPH,0,3,3,0.0
bDPI,1,0,1,1.0
bDPL,3,3,6,0.5
bDPM,6,4,10,0.6
bDPN,2,3,5,0.4
bDPP,7,6,13,0.54
bDPS,7,1,8,0.88
bDPb,4,3,7,0.57
bDPh,0,0,0,
bDPl,3,1,4,0.75
bDPm,3,1,4,0.75
bDPn,7,5,12,0.58
bDPs,2,4,6,0.33
bDSB,3,0,3,1.0
bDSD,1,0,1,1.0
bDSH,1,0,1,1.0
bDSL,1,0,1,1.0
bDSM,2,1,3,0.67
bDSN,1,0,1,1.0
bDSP,2,2,4,0.5
bDSS,1,1,2,0.5
bDSb,2,3,5,0.4
bDSh,0,1,1,0.0
bDSl,0,2,2,0.0
bDSm,1,1,2,0.5
bDSn,2,3,5,0.4
bDSs,1,2,3,0.33
bDSt,1,0,1,1.0
bDbB,3,3,6,0.5
bDbH,2,2,4,0.5
bDbJ,1,1,2,0.5
bDbK,1,0,1,1.0
bDbL,1,1,2,0.5
bDbM,2,2,4,0.5
bDbN,3,0,3,1.0
bDbP,4,7,11,0.36
bDbS,2,2,4,0.5
bDbb,2,5,7,0.29
bDbl,2,0,2,1.0
bDbm,1,3,4,0.25
bDbn,1,0,1,1.0
bDbs,1,0,1,1.0
bDhP,0,0,0,
bDlB,2,2,4,0.5
bDlH,2,0,2,1.0
bDlL,2,0,2,1.0
bDlM,3,3,6,0.5
bDlN,2,0,2,1.0
bDlP,3,1,4,0.75
bDll,0,1,1,0.0
bDlm,1,1,2,0.5
bDln,0,2,2,0.0
bDls,1,0,1,1.0
bDmB,2,2,4,0.5
bDmH,1,3,4,0.25
bDmL,1,0,1,1.0
bDmM,2,1,3,0.67
bDmN,3,2,5,0.6
bDmP,5,1,6,0.83
bDmS,1,1,2,0.5
bDmb,1,4,5,0.2
bDml,1,1,2,0.5
bDmm,2,2,4,0.5
bDmn,3,1,4,0.75
bDms,0,0,0,
bDnB,1,0,1,1.0
bDnH,0,1,1,0.0
bDnI,2,2,4,0.5
bDnL,1,0,1,1.0
bDnM,3,4,7,0.43
bDnN,2,2,4,0.5
bDnP,2,2,4,0.5
bDnS,4,2,6,0.67
bDnb,3,1,4,0.75
bDnm,0,2,2,0.0
bDnn,2,2,4,0.5
bDns,2,2,4,0.5
bDsB,0,1,1,0.0
bDsH,1,2,3,0.33
bDsL,0,1,1,0.0
bDsM,2,5,7,0.29
bDsP,2,1,3,0.67
bDsS,3,1,4,0.75
bDsb,1,3,4,0.25
bDsh,0,1,1,0.0
bDsl,0,2,2,0.0
bDsm,3,0,3,1.0
bDsn,2,0,2,1.0
bDss,1,1,2,0.5
bDtK,1,0,1,1.0
bDtL,0,1,1,0.0
bDtM,1,0,1,1.0
bDtN,2,0,2,1.0
bDtP,2,2,4,0.5
bDtS,1,0,1,1.0
bDtb,0,1,1,0.0
bDtl,1,1,2,0.5
bDtn,1,0,1,1.0
bDts,0,1,1,0.0
bHBB,5,8,13,0.38
bHBD,0,1,1,0.0
bHBH,1,0,1,1.0
bHBK,1,0,1,1.0
bHBL,4,4,8,0.5
bHBM,7,13,20,0.35
bHBN,7,7,14,0.5
bHBP,10,18,28,0.36
bHBS,3,3,6,0.5
bHBb,11,4,15,0.73
bHBh,0,3,3,0.0
bHBj,3,4,7,0.43
bHBl,5,5,10,0.5
bHBm,7,5,12,0.58
bHBn,18,15,33,0.55
bHBs,4,6,10,0.4
bHBt,2,4,6,0.33
bHDB,0,0,0,
bHDH,1,1,2,0.5
bHDM,0,2,2,0.0
bHDP,1,1,2,0.5
bHDS,2,1,3,0.67
bHDb,1,1,2,0.5
bHDl,0,1,1,0.0
bHDm,0,1,1,0.0
bHDn,0,1,1,0.0
bHDs,1,1,2,0.5
bHDt,0,1,1,0.0
bHHB,1,0,1,1.0
bHHD,0,1,1,0.0
bHHH,0,1,1,0.0
bHHI,0,1,1,0.0
bHHK,0,2,2,0.0
bHHL,1,0,1,1.0
bHHM,2,2,4,0.5
bHHN,2,5,7,0.29
bHHP,5,1,6,0.83
bHHS,3,0,3,1.0
bHHb,6,3,9,0.67
bHHl,2,1,3,0.67
bHHm,2,0,2,1.0
bHHn,0,3,3,0.0
bHHs,2,1,3,0.67
bHIB,0,1,1,0.0
bHIH,1,3,4,0.25
bHIM,0,1,1,0.0
bHIP,3,4,7,0.43
bHIS,0,1,1,0.0
bHIb,0,1,1,0.0
bHIl,1,0,1,1.0
bHIm,1,0,1,1.0
bHIn,1,1,2,0.5
bHIs,1,1,2,0.5
bHKL,0,2,2,0.0
bHKM,2,1,3,0.67
bHKN,1,0,1,1.0
bHKP,3,0,3,1.0
bHKb,6,0,6,1.0
bHKh,1,1,2,0.5
bHKm,1,2,3,0.33
bHKn,1,0,1,1.0
bHKs,1,2,3,0.33
bHKt,1,0,1,1.0
bHLB,4,2,6,0.67
bHLD,1,2,3,0.33
bHLK,0,1,1,0.0
bHLL,2,4,6,0.33
bHLM,7,5,12,0.58
bHLN,5,4,9,0.56
bHLP,5,7,12,0.42
bHLS,4,6,10,0.4
bHLb,5,4,9,0.56
bHLh,2,1,3,0.67
bHLj,1,2,3,0.33
bHLl,3,2,5,0.6
bHLm,2,5,7,0.29
bHLn,5,9,14,0.36
bHLs,4,0,4,1.0
bHLt,3,1,4,0.75
bHMB,14,9,23,0.61
bHMD,5,1,6,0.83
bHML,2,3,5,0.4
bHMM,7,18,25,0.28
bHMN,18,6,24,0.75
bHMP,16,12,28,0.57
bHMS,8,5,13,0.62
bHMb,12,7,19,0.63
bHMh,14,10,24,0.58
bHMj,3,3,6,0.5
bHMl,10,5,15,0.67
bHMm,13,7,20,0.65
bHMn,15,22,37,0.41
bHMs,4,4,8,0.5
bHMt,1,1,2,0.5
bHNB,6,11,17,0.35
bHND,3,0,3,1.0
bHNH,2,1,3,0.67
bHNK,3,1,4,0.75
bHNL,3,5,8,0.38
bHNM,11,11,22,0.5
bHNN,16,15,31,0.52
bHNP,20,22,42,0.48
bHNS,5,11,16,0.31
bHNb,10,14,24,0.42
bHNh,7,8,15,0.47
bHNl,10,6,16,0.62
bHNm,10,15,25,0.4
bHNn,12,23,35,0.34
bHNs,9,6,15,0.6
bHNt,2,2,4,0.5
bHPB,10,16,26,0.38
bHPD,2,3,5,0.4
bHPH,4,7,11,0.36
bHPI,2,2,4,0.5
bHPK,2,0,2,1.0
bHPL,12,7,19,0.63
bHPM,20,22,42,0.48
bHPN,16,21,37,0.43
bHPP,35,38,73,0.48
bHPS,15,17,32,0.47
bHPb,14,19,33,0.42
bHPh,2,0,2,1.0
bHPl,5,7,12,0.42
bHPm,15,12,27,0.56
bHPn,20,28,48,0.42
bHPs,13,9,22,0.59
bHPt,2,2,4,0.5
bHSB,5,2,7,0.71
bHSH,2,2,4,0.5
bHSL,2,3,5,0.4
bHSM,6,11,17,0.35
bHSN,7,8,15,0.47
bHSP,8,8,16,0.5
bHSS,6,6,12,0.5
bHSb,4,3,7,0.57
bHSh,5,7,12,0.42
bHSl,6,1,7,0.86
bHSm,9,4,13,0.69
bHSn,4,11,15,0.27
bHSs,11,9,20,0.55
bHSt,2,0,2,1.0
bHbB,7,5,12,0.58
bHbD,2,0,2,1.0
bHbH,1,8,9,0.11
bHbI,2,1,3,0.67
bHbJ,11,2,13,0.85
bHbK,2,0,2,1.0
bHbL,7,5,12,0.58
bHbM,9,16,25,0.36
bHbN,17,19,36,0.47
bHbP,16,15,31,0.52
bHbS,8,4,12,0.67
bHbb,12,11,23,0.52
bHbl,6,4,10,0.6
bHbm,5,5,10,0.5
bHbn,15,20,35,0.43
bHbs,10,4,14,0.71
bHhB,1,1,2,0.5
bHhH,0,1,1,0.0
bHhI,1,1,2,0.5
bHhK,1,0,1,1.0
bHhL,2,3,5,0.4
bHhM,6,2,8,0.75
bHhN,0,4,4,0.0
bHhP,9,4,13,0.69
bHhS,2,4,6,0.33
bHhb,8,4,12,0.67
bHhh,3,5,8,0.38
bHhm,2,0,2,1.0
bHhn,4,2,6,0.67
bHhs,3,4,7,0.43
bHlB,4,11,15,0.27
bHlH,0,6,6,0.0
bHlJ,1,1,2,0.5
bHlK,0,1,1,0.0
bHlL,2,5,7,0.29
bHlM,4,6,10,0.4
bHlN,2,14,16,0.12
bHlP,5,5,10,0.5
bHlS,2,4,6,0.33
bHlb,5,3,8,0.62
bHll,4,2,6,0.67
bHlm,1,3,4,0.25
bHln,5,5,10,0.5
bHls,1,4,5,0.2
bHmB,6,5,11,0.55
bHmD,0,2,2,0.0
bHmH,6,4,10,0.6
bHmI,0,1,1,0.0
bHmJ,3,4,7,0.43
bHmL,2,4,6,0.33
bHmM,11,6,17,0.65
bHmN,18,10,28,0.64
bHmP,13,12,25,0.52
bHmS,3,7,10,0.3
bHmb,8,6,14,0.57
bHmh,1,0,1,1.0
bHml,4,2,6,0.67
bHmm,6,6,12,0.5
bHmn,15,9,24,0.62
bHms,6,6,12,0.5
bHnB,9,9,18,0.5
bHnD,0,1,1,0.0
bHnH,13,2,15,0.87
bHnI,1,2,3,0.33
bHnK,2,1,3,0.67
bHnL,2,2,4,0.5
bHnM,11,16,27,0.41
bHnN,15,20,35,0.43
bHnP,23,15,38,0.61
bHnS,10,16,26,0.38
bHnb,15,18,33,0.45
bHnh,2,1,3,0.67
bHnl,5,6,11,0.45
bHnm,8,9,17,0.47
bHnn,18,14,32,0.56
bHns,15,4,19,0.79
bHsB,3,2,5,0.6
bHsD,1,1,2,0.5
bHsH,8,5,13,0.62
bHsL,4,2,6,0.67
bHsM,5,5,10,0.5
bHsN,6,10,16,0.38
bHsP,12,7,19,0.63
bHsS,6,6,12,0.5
bHsb,5,3,8,0.62
bHsl,4,1,5,0.8
bHsm,6,4,10,0.6
bHsn,8,6,14,0.57
bHss,12,4,16,0.75
bHtM,1,0,1,1.0
bHtN,1,1,2,0.5
bHtP,1,2,3,0.33
bHtS,1,0,1,1.0
bHtb,0,1,1,0.0
bHtl,1,0,1,1.0
bIBK,0,2,2,0.0
bIBL,1,2,3,0.33
bIBM,6,2,8,0.75
bIBN,2,4,6,0.33
bIBP,2,2,4,0.5
bIBS,1,4,5,0.2
bIBb,4,3,7,0.57
bIBj,1,0,1,1.0
bIBl,2,1,3,0.67
bIBm,1,0,1,1.0
bIBn,3,3,6,0.5
bIBs,4,1,5,0.8
bIBt,2,1,3,0.67
bIDB,2,0,2,1.0
bIDD,1,0,1,1.0
bIDH,1,0,1,1.0
bIDI,0,0,0,
bIDN,1,0,1,1.0
bIDP,1,1,2,0.5
bIDS,1,0,1,1.0
bIDb,1,0,1,1.0
bIDs,1,0,1,1.0
bIHB,2,3,5,0.4
bIHH,2,0,2,1.0
bIHL,0,2,2,0.0
bIHM,1,1,2,0.5
bIHN,3,4,7,0.43
bIHP,5,2,7,0.71
bIHS,3,2,5,0.6
bIHb,1,2,3,0.33
bIHh,1,1,2,0.5
bIHl,4,0,4,1.0
bIHm,2,0,2,1.0
bIHn,4,3,7,0.57
bIHs,5,2,7,0.71
bIIH,1,1,2,0.5
bIIN,2,0,2,1.0
bIIb,1,0,1,1.0
bIIn,1,0,1,1.0
bIKP,1,0,1,1.0
bILB,0,2,2,0.0
bILL,1,1,2,0.5
bILM,1,2,3,0.33
bILN,3,0,3,1.0
bILP,4,2,6,0.67
bILS,1,1,2,0.5
bILb,3,2,5,0.6
bILh,1,0,1,1.0
bILj,2,0,2,1.0
bILl,1,0,1,1.0
bILm,1,1,2,0.5
bILn,1,1,2,0.5
bILs,4,1,5,0.8
bILt,1,1,2,0.5
bIMB,3,1,4,0.75
bIMD,0,2,2,0.0
bIML,0,0,0,
bIMM,2,6,8,0.25
bIMN,3,6,9,0.33
bIMP,4,6,10,0.4
bIMS,4,3,7,0.57
bIMb,1,6,7,0.14
bIMh,4,5,9,0.44
bIMj,0,2,2,0.0
bIMl,2,2,4,0.5
bIMm,1,2,3,0.33
bIMn,8,4,12,0.67
bIMs,3,6,9,0.33
bIMt,3,1,4,0.75
bINB,2,4,6,0.33
bIND,0,1,1,0.0
bINH,1,1,2,0.5
bINL,2,0,2,1.0
bINM,1,2,3,0.33
bINN,6,2,8,0.75
bINP,8,3,11,0.73
bINS,4,1,5,0.8
bINb,2,2,4,0.5
bINh,1,0,1,1.0
bINl,4,1,5,0.8
bINm,2,5,7,0.29
bINn,5,5,10,0.5
bINs,2,2,4,0.5
bINt,1,0,1,1.0
bIPB,6,3,9,0.67
bIPH,0,2,2,0.0
bIPI,0,1,1,0.0
bIPL,3,1,4,0.75
bIPM,5,6,11,0.45
bIPN,6,5,11,0.55
bIPP,8,10,18,0.44
bIPS,1,3,4,0.25
bIPb,7,5,12,0.58
bIPl,2,4,6,0.33
bIPm,4,4,8,0.5
bIPn,4,5,9,0.44
bIPs,4,3,7,0.57
bIPt,0,2,2,0.0
bISB,2,4,6,0.33
bISH,3,0,3,1.0
bISL,1,1,2,0.5
bISM,1,3,4,0.25
bISN,1,3,4,0.25
bISP,4,4,8,0.5
bISS,3,1,4,0.75
bISb,4,3,7,0.57
bISh,2,1,3,0.67
bISl,2,0,2,1.0
bISm,1,4,5,0.2
bISn,6,2,8,0.75
bISs,4,0,4,1.0
bISt,0,2,2,0.0
bIbB,2,3,5,0.4
bIbH,1,1,2,0.5
bIbJ,0,2,2,0.0
bIbL,3,1,4,0.75
bIbM,10,3,13,0.77
bIbN,5,2,7,0.71
bIbP,5,3,8,0.62
bIbS,2,0,2,1.0
bIbb,5,3,8,0.62
bIbl,1,1,2,0.5
bIbm,0,1,1,0.0
bIbn,4,4,8,0.5
bIbs,2,1,3,0.67
bIlB,1,3,4,0.25
bIlH,1,2,3,0.33
bIlI,0,0,0,
bIlJ,1,0,1,1.0
bIlM,3,1,4,0.75
bIlN,0,2,2,0.0
bIlP,1,1,2,0.5
bIlS,3,1,4,0.75
bIlb,1,1,2,0.5
bIll,1,1,2,0.5
bIlm,0,0,0,
bIln,3,0,3,1.0
bIls,2,0,2,1.0
bImB,0,4,4,0.0
bImH,2,4,6,0.33
bImJ,1,0,1,1.0
bImL,3,0,3,1.0
bImM,4,1,5,0.8
bImN,3,4,7,0.43
bImP,2,1,3,0.67
bImS,1,1,2,0.5
bImb,2,3,5,0.4
bIml,1,0,1,1.0
bImm,0,0,0,
bImn,2,2,4,0.5
bIms,1,0,1,1.0
bInB,4,0,4,1.0
bInD,1,0,1,1.0
bInH,3,1,4,0.75
bInI,1,0,1,1.0
bInL,0,2,2,0.0
bInM,4,1,5,0.8
bInN,3,3,6,0.5
bInP,2,7,9,0.22
bInS,2,2,4,0.5
bInb,2,5,7,0.29
bInh,0,1,1,0.0
bInl,1,2,3,0.33
bInm,1,0,1,1.0
bInn,1,3,4,0.25
bIns,5,1,6,0.83
bIsB,1,0,1,1.0
bIsD,1,0,1,1.0
bIsH,1,2,3,0.33
bIsL,0,2,2,0.0
bIsM,3,1,4,0.75
bIsP,2,4,6,0.33
bIsS,1,3,4,0.25
bIsb,1,3,4,0.25
bIsl,1,1,2,0.5
bIsm,3,2,5,0.6
bIsn,1,0,1,1.0
bIss,3,3,6,0.5
bItP,0,1,1,0.0
bItS,1,0,1,1.0
bItn,1,0,1,1.0
bJBB,9,10,19,0.47
bJBD,0,0,0,
bJBK,1,2,3,0.33
bJBL,2,4,6,0.33
bJBM,8,7,15,0.53
bJBN,10,9,19,0.53
bJBP,11,10,21,0.52
bJBS,2,13,15,0.13
bJBb,10,4,14,0.71
bJBh,0,1,1,0.0
bJBj,2,4,6,0.33
bJBl,5,5,10,0.5
bJBm,8,3,11,0.73
bJBn,19,9,28,0.68
bJBs,4,6,10,0.4
bJBt,5,0,5,1.0
bJDH,2,0,2,1.0
bJDM,1,1,2,0.5
bJDP,1,0,1,1.0
bJDS,2,0,2,1.0
bJDb,1,0,1,1.0
bJDh,0,1,1,0.0
bJDl,0,2,2,0.0
bJDm,1,0,1,1.0
bJHB,3,2,5,0.6
bJHD,0,0,0,
bJHH,2,0,2,1.0
bJHI,0,2,2,0.0
bJHL,3,3,6,0.5
bJHM,7,3,10,0.7
bJHN,2,2,4,0.5
bJHP,6,3,9,0.67
bJHS,2,3,5,0.4
bJHb,3,5,8,0.38
bJHh,2,1,3,0.67
bJHl,2,2,4,0.5
bJHm,2,0,2,1.0
bJHn,8,9,17,0.47
bJHs,3,3,6,0.5
bJHt,1,0,1,1.0
bJIB,1,2,3,0.33
bJIH,2,0,2,1.0
bJIL,0,1,1,0.0
bJIM,1,0,1,1.0
bJIN,0,1,1,0.0
bJIP,2,1,3,0.67
bJIS,1,2,3,0.33
bJIb,0,2,2,0.0
bJIl,1,0,1,1.0
bJIm,2,0,2,1.0
bJIn,0,1,1,0.0
bJIs,0,1,1,0.0
bJKB,0,3,3,0.0
bJKM,0,0,0,
bJKN,0,2,2,0.0
bJKP,2,2,4,0.5
bJKS,0,1,1,0.0
bJKb,1,0,1,1.0
bJKh,0,0,0,
bJKl,0,1,1,0.0
bJKm,1,0,1,1.0
bJKn,3,2,5,0.6
bJKs,1,0,1,1.0
bJLB,3,4,7,0.43
bJLD,1,0,1,1.0
bJLL,6,0,6,1.0
bJLM,8,9,17,0.47
bJLN,5,3,8,0.62
bJLP,6,11,17,0.35
bJLS,1,7,8,0.12
bJLb,10,5,15,0.67
bJLh,0,2,2,0.0
bJLj,2,1,3,0.67
bJLl,7,4,11,0.64
bJLm,4,3,7,0.57
bJLn,7,5,12,0.58
bJLs,3,3,6,0.5
bJLt,1,0,1,1.0
bJMB,8,11,19,0.42
bJMD,2,1,3,0.67
bJML,7,11,18,0.39
bJMM,9,13,22,0.41
bJMN,3,10,13,0.23
bJMP,16,12,28,0.57
bJMS,9,11,20,0.45
bJMb,8,11,19,0.42
bJMh,9,5,14,0.64
bJMj,3,2,5,0.6
bJMl,5,6,11,0.45
bJMm,14,10,24,0.58
bJMn,22,21,43,0.51
bJMs,10,4,14,0.71
bJMt,3,3,6,0.5
bJNB,6,8,14,0.43
bJND,1,2,3,0.33
bJNH,1,2,3,0.33
bJNK,1,1,2,0.5
bJNL,5,4,9,0.56
bJNM,8,14,22,0.36
bJNN,16,12,28,0.57
bJNP,17,19,36,0.47
bJNS,6,6,12,0.5
bJNb,11,11,22,0.5
bJNh,6,5,11,0.55
bJNl,10,3,13,0.77
bJNm,8,9,17,0.47
bJNn,17,12,29,0.59
bJNs,5,7,12,0.42
bJNt,3,1,4,0.75
bJPB,15,15,30,0.5
bJPD,1,0,1,1.0
bJPH,6,4,10,0.6
bJPI,1,0,1,1.0
bJPK,1,2,3,0.33
bJPL,7,10,17,0.41
bJPM,12,10,22,0.55
bJPN,14,15,29,0.48
bJPP,28,38,66,0.42
bJPS,10,12,22,0.45
bJPb,22,22,44,0.5
bJPh,3,2,5,0.6
bJPl,4,12,16,0.25
bJPm,16,9,25,0.64
bJPn,10,17,27,0.37
bJPs,8,6,14,0.57
bJPt,2,1,3,0.67
bJSB,3,1,4,0.75
bJSD,2,1,3,0.67
bJSH,3,1,4,0.75
bJSK,1,1,2,0.5
bJSL,5,3,8,0.62
bJSM,7,13,20,0.35
bJSN,2,8,10,0.2
bJSP,9,10,19,0.47
bJSS,9,5,14,0.64
bJSb,7,1,8,0.88
bJSh,1,2,3,0.33
bJSl,4,6,10,0.4
bJSm,8,3,11,0.73
bJSn,7,6,13,0.54
bJSs,8,9,17,0.47
bJSt,2,1,3,0.67
bJbB,9,11,20,0.45
bJbH,4,2,6,0.67
bJbI,1,1,2,0.5
bJbJ,4,4,8,0.5
bJbK,1,1,2,0.5
bJbL,10,5,15,0.67
bJbM,9,10,19,0.47
bJbN,23,17,40,0.57
bJbP,16,18,34,0.47
bJbS,6,6,12,0.5
bJbb,14,15,29,0.48
bJbl,10,2,12,0.83
bJbm,12,7,19,0.63
bJbn,14,8,22,0.64
bJbs,8,1,9,0.89
bJhB,1,4,5,0.2
bJhD,0,2,2,0.0
bJhH,1,0,1,1.0
bJhI,1,0,1,1.0
bJhM,1,2,3,0.33
bJhN,2,1,3,0.67
bJhP,2,2,4,0.5
bJhS,1,2,3,0.33
bJhb,5,2,7,0.71
bJhh,1,0,1,1.0
bJhm,3,0,3,1.0
bJhn,0,5,5,0.0
bJhs,1,3,4,0.25
bJht,0,1,1,0.0
bJlB,7,6,13,0.54
bJlH,2,5,7,0.29
bJlJ,1,1,2,0.5
bJlL,4,6,10,0.4
bJlM,9,6,15,0.6
bJlN,4,4,8,0.5
bJlP,2,5,7,0.29
bJlS,2,7,9,0.22
bJlb,8,10,18,0.44
bJll,3,2,5,0.6
bJlm,5,1,6,0.83
bJln,8,2,10,0.8
bJls,4,1,5,0.8
bJmB,11,6,17,0.65
bJmD,2,1,3,0.67
bJmH,6,7,13,0.46
bJmI,0,1,1,0.0
bJmJ,1,1,2,0.5
bJmL,4,8,12,0.33
bJmM,4,10,14,0.29
bJmN,7,6,13,0.54
bJmP,16,8,24,0.67
bJmS,6,4,10,0.6
bJmb,12,7,19,0.63
bJmh,0,1,1,0.0
bJml,2,2,4,0.5
bJmm,6,3,9,0.67
bJmn,8,4,12,0.67
bJms,4,2,6,0.67
bJnB,7,9,16,0.44
bJnD,3,2,5,0.6
bJnH,3,8,11,0.27
bJnL,6,2,8,0.75
bJnM,10,14,24,0.42
bJnN,13,9,22,0.59
bJnP,13,17,30,0.43
bJnS,10,8,18,0.56
bJnb,8,12,20,0.4
bJnl,4,5,9,0.44
bJnm,9,4,13,0.69
bJnn,3,8,11,0.27
bJns,5,6,11,0.45
bJsB,8,4,12,0.67
bJsD,3,1,4,0.75
bJsH,2,8,10,0.2
bJsI,0,1,1,0.0
bJsL,3,2,5,0.6
bJsM,7,1,8,0.88
bJsN,4,4,8,0.5
bJsP,15,10,25,0.6
bJsS,7,7,14,0.5
bJsb,7,6,13,0.54
bJsh,1,2,3,0.33
bJsl,3,5,8,0.38
bJsm,5,4,9,0.56
bJsn,7,4,11,0.64
bJss,2,3,5,0.4
bJtB,1,0,1,1.0
bJtH,1,0,1,1.0
bJtL,1,0,1,1.0
bJtM,1,1,2,0.5
bJtN,4,0,4,1.0
bJtP,0,0,0,
bJtS,1,1,2,0.5
bJtl,0,1,1,0.0
bJtn,0,1,1,0.0
bJts,2,1,3,0.67
bJtt,0,1,1,0.0
bKBB,1,3,4,0.25
bKBL,1,2,3,0.33
bKBM,1,3,4,0.25
bKBN,1,2,3,0.33
bKBP,1,1,2,0.5
bKBS,1,0,1,1.0
bKBb,1,1,2,0.5
bKBh,0,1,1,0.0
bKBj,2,0,2,1.0
bKBl,2,0,2,1.0
bKBm,3,3,6,0.5
bKBn,5,3,8,0.62
bKBs,3,2,5,0.6
bKBt,0,1,1,0.0
bKDP,1,0,1,1.0
bKDl,1,0,1,1.0
bKDm,0,1,1,0.0
bKDs,2,0,2,1.0
bKHB,0,1,1,0.0
bKHD,1,1,2,0.5
bKHK,1,0,1,1.0
bKHM,0,1,1,0.0
bKHN,1,1,2,0.5
bKHP,0,0,0,
bKHb,2,0,2,1.0
bKHm,1,1,2,0.5
bKHn,1,0,1,1.0
bKHs,1,0,1,1.0
bKKN,1,0,1,1.0
bKKs,0,1,1,0.0
bKLB,0,3,3,0.0
bKLL,4,2,6,0.67
bKLM,2,1,3,0.67
bKLN,2,1,3,0.67
bKLP,4,2,6,0.67
bKLS,1,1,2,0.5
bKLb,3,1,4,0.75
bKLh,1,1,2,0.5
bKLj,1,0,1,1.0
bKLl,0,1,1,0.0
bKLm,4,1,5,0.8
bKLn,2,4,6,0.33
bKLs,0,2,2,0.0
bKLt,0,0,0,
bKMB,1,0,1,1.0
bKMD,1,0,1,1.0
bKML,1,0,1,1.0
bKMM,6,3,9,0.67
bKMN,0,2,2,0.0
bKMP,4,4,8,0.5
bKMS,1,2,3,0.33
bKMb,2,8,10,0.2
bKMh,4,6,10,0.4
bKMl,3,1,4,0.75
bKMm,4,6,10,0.4
bKMn,4,9,13,0.31
bKMs,2,4,6,0.33
bKMt,2,0,2,1.0
bKNB,3,3,6,0.5
bKND,0,0,0,
bKNH,0,0,0,
bKNK,1,0,1,1.0
bKNL,1,0,1,1.0
bKNM,3,3,6,0.5
bKNN,4,1,5,0.8
bKNP,4,6,10,0.4
bKNS,2,3,5,0.4
bKNb,4,3,7,0.57
bKNh,3,2,5,0.6
bKNl,1,1,2,0.5
bKNm,1,3,4,0.25
bKNn,3,3,6,0.5
bKNs,3,1,4,0.75
bKPB,5,3,8,0.62
bKPH,1,1,2,0.5
bKPI,1,0,1,1.0
bKPK,1,0,1,1.0
bKPL,2,5,7,0.29
bKPM,4,5,9,0.44
bKPN,7,5,12,0.58
bKPP,8,7,15,0.53
bKPS,2,2,4,0.5
bKPb,6,4,10,0.6
bKPl,3,0,3,1.0
bKPm,3,1,4,0.75
bKPn,3,3,6,0.5
bKPs,2,4,6,0.33
bKPt,0,0,0,
bKSB,0,1,1,0.0
bKSH,1,0,1,1.0
bKSL,1,2,3,0.33
bKSM,0,6,6,0.0
bKSN,0,1,1,0.0
bKSP,5,3,8,0.62
bKSS,1,0,1,1.0
bKSb,3,5,8,0.38
bKSh,2,2,4,0.5
bKSl,2,0,2,1.0
bKSm,1,1,2,0.5
bKSn,3,3,6,0.5
bKSs,4,3,7,0.57
bKSt,1,0,1,1.0
bKbB,2,2,4,0.5
bKbH,0,1,1,0.0
bKbJ,2,0,2,1.0
bKbL,2,1,3,0.67
bKbM,3,7,10,0.3
bKbN,10,1,11,0.91
bKbP,4,3,7,0.57
bKbS,2,6,8,0.25
bKbb,5,5,10,0.5
bKbl,1,1,2,0.5
bKbm,1,4,5,0.2
bKbn,0,3,3,0.0
bKbs,2,1,3,0.67
bKhB,1,3,4,0.25
bKhH,2,1,3,0.67
bKhI,1,0,1,1.0
bKhK,1,0,1,1.0
bKhL,3,0,3,1.0
bKhM,4,2,6,0.67
bKhN,2,4,6,0.33
bKhP,0,8,8,0.0
bKhS,1,2,3,0.33
bKhb,8,4,12,0.67
bKhh,2,2,4,0.5
bKhl,3,3,6,0.5
bKhm,1,1,2,0.5
bKhn,2,0,2,1.0
bKhs,8,2,10,0.8
bKht,1,0,1,1.0
bKlB,1,2,3,0.33
bKlD,1,0,1,1.0
bKlH,1,1,2,0.5
bKlI,1,0,1,1.0
bKlJ,1,1,2,0.5
bKlK,0,0,0,
bKlL,1,2,3,0.33
bKlM,3,3,6,0.5
bKlN,1,1,2,0.5
bKlP,1,2,3,0.33
bKlS,1,4,5,0.2
bKlb,4,2,6,0.67
bKll,1,0,1,1.0
bKlm,2,0,2,1.0
bKln,3,1,4,0.75
bKls,1,0,1,1.0
bKmB,3,1,4,0.75
bKmH,1,2,3,0.33
bKmJ,2,0,2,1.0
bKmL,2,1,3,0.67
bKmM,2,6,8,0.25
bKmN,6,3,9,0.67
bKmP,5,4,9,0.56
bKmS,1,0,1,1.0
bKmb,1,6,7,0.14
bKml,1,1,2,0.5
bKmm,4,3,7,0.57
bKmn,1,2,3,0.33
bKms,4,1,5,0.8
bKnB,3,0,3,1.0
bKnD,0,0,0,
bKnH,2,6,8,0.25
bKnI,1,0,1,1.0
bKnL,2,4,6,0.33
bKnM,4,2,6,0.67
bKnN,5,3,8,0.62
bKnP,6,3,9,0.67
bKnS,1,3,4,0.25
bKnb,4,2,6,0.67
bKnh,0,1,1,0.0
bKnl,2,2,4,0.5
bKnm,3,2,5,0.6
bKnn,1,3,4,0.25
bKns,3,2,5,0.6
bKsB,1,2,3,0.33
bKsD,1,0,1,1.0
bKsH,0,3,3,0.0
bKsI,0,1,1,0.0
bKsL,2,0,2,1.0
bKsM,0,5,5,0.0
bKsN,4,5,9,0.44
bKsP,6,3,9,0.67
bKsS,3,1,4,0.75
bKsb,3,2,5,0.6
bKsl,1,0,1,1.0
bKsm,2,2,4,0.5
bKsn,3,1,4,0.75
bKss,1,4,5,0.2
bKtL,0,1,1,0.0
bKtM,0,0,0,
bKtN,1,0,1,1.0
bKtP,0,2,2,0.0
bKtb,0,1,1,0.0
bKtm,0,1,1,0.0
bKts,1,0,1,1.0
bLBB,12,2,14,0.86
bLBD,0,1,1,0.0
bLBK,3,1,4,0.75
bLBL,2,6,8,0.25
bLBM,10,8,18,0.56
bLBN,13,14,27,0.48
bLBP,15,14,29,0.52
bLBS,3,2,5,0.6
bLBb,26,10,36,0.72
bLBh,2,1,3,0.67
bLBj,4,7,11,0.36
bLBl,3,4,7,0.43
bLBm,11,9,20,0.55
bLBn,17,17,34,0.5
bLBs,8,6,14,0.57
bLBt,1,3,4,0.25
bLDB,0,1,1,0.0
bLDH,1,1,2,0.5
bLDL,1,0,1,1.0
bLDM,1,0,1,1.0
bLDP,1,0,1,1.0
bLDS,0,3,3,0.0
bLDb,0,0,0,
bLDm,1,0,1,1.0
bLDn,0,0,0,
bLDs,1,0,1,1.0
bLDt,1,0,1,1.0
bLHN,1,0,1,1.0
bLHP,1,0,1,1.0
bLHm,0,1,1,0.0
bLHs,1,0,1,1.0
bLKI,0,1,1,0.0
bLKM,1,0,1,1.0
bLKN,1,0,1,1.0
bLKP,0,4,4,0.0
bLKS,0,2,2,0.0
bLKl,0,1,1,0.0
bLKm,1,1,2,0.5
bLKn,3,0,3,1.0
bLKs,1,0,1,1.0
bLLB,5,7,12,0.42
bLLD,0,1,1,0.0
bLLH,0,0,0,
bLLK,1,1,2,0.5
bLLL,2,3,5,0.4
bLLM,6,6,12,0.5
bLLN,6,7,13,0.46
bLLP,4,6,10,0.4
bLLS,4,5,9,0.44
bLLb,4,2,6,0.67
bLLh,1,4,5,0.2
bLLj,3,2,5,0.6
bLLl,7,2,9,0.78
bLLm,8,3,11,0.73
bLLn,6,8,14,0.43
bLLs,3,3,6,0.5
bLLt,2,0,2,1.0
bLMB,14,13,27,0.52
bLML,5,6,11,0.45
bLMM,18,18,36,0.5
bLMN,15,18,33,0.45
bLMP,17,20,37,0.46
bLMS,6,5,11,0.55
bLMb,20,18,38,0.53
bLMh,15,16,31,0.48
bLMj,1,3,4,0.25
bLMl,5,4,9,0.56
bLMm,13,7,20,0.65
bLMn,19,20,39,0.49
bLMs,4,11,15,0.27
bLMt,3,3,6,0.5
bLNB,11,11,22,0.5
bLND,0,2,2,0.0
bLNH,0,3,3,0.0
bLNK,1,1,2,0.5
bLNL,3,2,5,0.6
bLNM,8,9,17,0.47
bLNN,15,24,39,0.38
bLNP,16,15,31,0.52
bLNS,8,17,25,0.32
bLNb,11,10,21,0.52
bLNh,3,4,7,0.43
bLNl,9,8,17,0.53
bLNm,12,11,23,0.52
bLNn,19,16,35,0.54
bLNs,11,6,17,0.65
bLNt,2,4,6,0.33
bLPB,17,14,31,0.55
bLPD,0,1,1,0.0
bLPH,6,5,11,0.55
bLPI,2,1,3,0.67
bLPK,3,1,4,0.75
bLPL,7,10,17,0.41
bLPM,11,18,29,0.38
bLPN,15,25,40,0.38
bLPP,24,30,54,0.44
bLPS,18,18,36,0.5
bLPb,19,22,41,0.46
bLPh,0,1,1,0.0
bLPl,16,13,29,0.55
bLPm,27,13,40,0.68
bLPn,19,14,33,0.58
bLPs,14,13,27,0.52
bLPt,3,1,4,0.75
bLSB,8,5,13,0.62
bLSD,1,1,2,0.5
bLSH,2,1,3,0.67
bLSK,0,1,1,0.0
bLSL,2,7,9,0.22
bLSM,13,7,20,0.65
bLSN,11,9,20,0.55
bLSP,19,19,38,0.5
bLSS,15,13,28,0.54
bLSb,9,10,19,0.47
bLSh,7,14,21,0.33
bLSl,7,4,11,0.64
bLSm,8,5,13,0.62
bLSn,5,10,15,0.33
bLSs,12,12,24,0.5
bLSt,0,1,1,0.0
bLbB,13,5,18,0.72
bLbD,0,4,4,0.0
bLbH,4,4,8,0.5
bLbI,3,0,3,1.0
bLbJ,3,10,13,0.23
bLbK,2,3,5,0.4
bLbL,5,11,16,0.31
bLbM,9,15,24,0.38
bLbN,20,16,36,0.56
bLbP,20,13,33,0.61
bLbS,11,10,21,0.52
bLbb,21,11,32,0.66
bLbl,9,5,14,0.64
bLbm,8,6,14,0.57
bLbn,16,15,31,0.52
bLbs,14,6,20,0.7
bLhB,4,5,9,0.44
bLhD,1,0,1,1.0
bLhH,0,1,1,0.0
bLhI,1,0,1,1.0
bLhK,0,1,1,0.0
bLhL,4,1,5,0.8
bLhM,12,6,18,0.67
bLhN,11,3,14,0.79
bLhP,6,10,16,0.38
bLhS,4,5,9,0.44
bLhb,10,11,21,0.48
bLhh,7,2,9,0.78
bLhl,3,1,4,0.75
bLhm,5,2,7,0.71
bLhn,17,8,25,0.68
bLhs,5,4,9,0.56
bLht,0,0,0,
bLjB,1,1,2,0.5
bLjH,1,4,5,0.2
bLjL,2,2,4,0.5
bLjM,5,6,11,0.45
bLjN,4,6,10,0.4
bLjP,8,9,17,0.47
bLjS,7,3,10,0.7
bLjb,6,0,6,1.0
bLjh,0,1,1,0.0
bLjl,2,2,4,0.5
bLjm,2,2,4,0.5
bLjn,7,7,14,0.5
bLjs,2,3,5,0.4
bLjt,2,0,2,1.0
bLlB,4,2,6,0.67
bLlD,1,0,1,1.0
bLlH,5,7,12,0.42
bLlI,1,0,1,1.0
bLlJ,3,3,6,0.5
bLlK,2,0,2,1.0
bLlL,3,7,10,0.3
bLlM,5,7,12,0.42
bLlN,13,13,26,0.5
bLlP,9,14,23,0.39
bLlS,5,4,9,0.56
bLlb,9,9,18,0.5
bLll,1,2,3,0.33
bLlm,6,8,14,0.43
bLln,8,10,18,0.44
bLls,9,6,15,0.6
bLmB,16,10,26,0.62
bLmD,2,1,3,0.67
bLmH,10,4,14,0.71
bLmI,1,1,2,0.5
bLmJ,4,3,7,0.57
bLmL,7,2,9,0.78
bLmM,8,15,23,0.35
bLmN,10,16,26,0.38
bLmP,18,14,32,0.56
bLmS,7,10,17,0.41
bLmb,12,14,26,0.46
bLml,1,2,3,0.33
bLmm,4,6,10,0.4
bLmn,12,18,30,0.4
bLms,6,7,13,0.46
bLnB,13,19,32,0.41
bLnD,1,0,1,1.0
bLnH,14,17,31,0.45
bLnI,3,4,7,0.43
bLnK,0,3,3,0.0
bLnL,8,5,13,0.62
bLnM,19,22,41,0.46
bLnN,22,21,43,0.51
bLnP,31,30,61,0.51
bLnS,24,14,38,0.63
bLnb,21,12,33,0.64
bLnh,1,2,3,0.33
bLnl,7,14,21,0.33
bLnm,10,8,18,0.56
bLnn,32,25,57,0.56
bLns,11,15,26,0.42
bLsB,7,7,14,0.5
bLsD,1,1,2,0.5
bLsH,8,16,24,0.33
bLsI,1,0,1,1.0
bLsL,4,9,13,0.31
bLsM,9,8,17,0.53
bLsN,5,5,10,0.5
bLsP,14,10,24,0.58
bLsS,8,10,18,0.44
bLsb,10,12,22,0.45
bLsl,3,3,6,0.5
bLsm,10,8,18,0.56
bLsn,8,8,16,0.5
bLss,7,7,14,0.5
bLtB,2,3,5,0.4
bLtH,1,1,2,0.5
bLtL,3,2,5,0.6
bLtM,1,3,4,0.25
bLtN,1,1,2,0.5
bLtP,7,5,12,0.58
bLtS,3,4,7,0.43
bLtb,2,3,5,0.4
bLtl,1,1,2,0.5
bLtm,1,0,1,1.0
bLtn,2,2,4,0.5
bLts,0,1,1,0.0
bMBB,29,21,50,0.58
bMBD,3,2,5,0.6
bMBH,1,1,2,0.5
bMBK,2,3,5,0.4
bMBL,5,15,20,0.25
bMBM,35,26,61,0.57
bMBN,26,38,64,0.41
bMBP,47,49,96,0.49
bMBS,10,17,27,0.37
bMBb,44,29,73,0.6
bMBh,6,2,8,0.75
bMBj,12,12,24,0.5
bMBl,17,14,31,0.55
bMBm,26,21,47,0.55
bMBn,47,57,104,0.45
bMBs,8,11,19,0.42
bMBt,4,5,9,0.44
bMDB,1,1,2,0.5
bMDH,2,1,3,0.67
bMDL,1,1,2,0.5
bMDM,0,2,2,0.0
bMDN,1,1,2,0.5
bMDP,6,1,7,0.86
bMDS,6,4,10,0.6
bMDb,4,5,9,0.44
bMDl,2,3,5,0.4
bMDm,1,2,3,0.33
bMDn,4,1,5,0.8
bMDs,2,0,2,1.0
bMDt,1,1,2,0.5
bMHM,1,1,2,0.5
bMHN,0,1,1,0.0
bMHP,1,0,1,1.0
bMHn,1,0,1,1.0
bMKN,0,0,0,
bMKP,1,0,1,1.0
bMKS,0,1,1,0.0
bMKh,0,1,1,0.0
bMKs,0,1,1,0.0
bMLB,9,8,17,0.53
bMLD,2,1,3,0.67
bMLL,3,8,11,0.27
bMLM,14,15,29,0.48
bMLN,9,19,28,0.32
bMLP,14,15,29,0.48
bMLS,11,8,19,0.58
bMLb,16,12,28,0.57
bMLh,7,7,14,0.5
bMLj,7,5,12,0.58
bMLl,8,2,10,0.8
bMLm,15,9,24,0.62
bMLn,19,17,36,0.53
bMLs,9,5,14,0.64
bMLt,0,5,5,0.0
bMMB,29,24,53,0.55
bMMD,0,1,1,0.0
bMML,11,10,21,0.52
bMMM,37,40,77,0.48
bMMN,48,46,94,0.51
bMMP,56,61,117,0.48
bMMS,25,25,50,0.5
bMMb,36,44,80,0.45
bMMh,34,38,72,0.47
bMMj,4,10,14,0.29
bMMl,15,13,28,0.54
bMMm,19,22,41,0.46
bMMn,61,56,117,0.52
bMMs,37,25,62,0.6
bMMt,9,3,12,0.75
bMNB,21,28,49,0.43
bMND,5,2,7,0.71
bMNH,5,10,15,0.33
bMNI,0,1,1,0.0
bMNK,2,5,7,0.29
bMNL,17,10,27,0.63
bMNM,35,37,72,0.49
bMNN,41,49,90,0.46
bMNP,62,68,130,0.48
bMNS,27,23,50,0.54
bMNb,35,31,66,0.53
bMNh,15,20,35,0.43
bMNl,11,12,23,0.48
bMNm,33,26,59,0.56
bMNn,67,58,125,0.54
bMNs,22,27,49,0.45
bMNt,13,11,24,0.54
bMPB,41,28,69,0.59
bMPD,2,2,4,0.5
bMPH,17,24,41,0.41
bMPI,1,4,5,0.2
bMPK,4,7,11,0.36
bMPL,20,22,42,0.48
bMPM,39,54,93,0.42
bMPN,62,65,127,0.49
bMPP,85,91,176,0.48
bMPS,37,32,69,0.54
bMPb,58,56,114,0.51
bMPh,11,6,17,0.65
bMPl,32,24,56,0.57
bMPm,45,33,78,0.58
bMPn,53,71,124,0.43
bMPs,35,37,72,0.49
bMPt,7,4,11,0.64
bMSB,12,15,27,0.44
bMSD,1,2,3,0.33
bMSH,10,14,24,0.42
bMSK,0,2,2,0.0
bMSL,11,11,22,0.5
bMSM,21,21,42,0.5
bMSN,16,17,33,0.48
bMSP,30,37,67,0.45
bMSS,25,31,56,0.45
bMSb,20,23,43,0.47
bMSh,20,21,41,0.49
bMSl,11,10,21,0.52
bMSm,23,15,38,0.61
bMSn,32,25,57,0.56
bMSs,10,24,34,0.29
bMSt,4,8,12,0.33
bMbB,33,31,64,0.52
bMbD,7,2,9,0.78
bMbH,16,11,27,0.59
bMbI,4,4,8,0.5
bMbJ,12,12,24,0.5
bMbK,6,2,8,0.75
bMbL,7,11,18,0.39
bMbM,55,54,109,0.5
bMbN,65,66,131,0.5
bMbP,63,62,125,0.5
bMbS,19,21,40,0.48
bMbb,55,50,105,0.52
bMbl,14,14,28,0.5
bMbm,34,21,55,0.62
bMbn,68,54,122,0.56
bMbs,22,15,37,0.59
bMhB,22,20,42,0.52
bMhD,1,4,5,0.2
bMhH,7,10,17,0.41
bMhI,3,5,8,0.38
bMhL,19,8,27,0.7
bMhM,31,37,68,0.46
bMhN,34,27,61,0.56
bMhP,49,48,97,0.51
bMhS,40,25,65,0.62
bMhb,26,31,57,0.46
bMhh,25,37,62,0.4
bMhl,22,20,42,0.52
bMhm,23,25,48,0.48
bMhn,35,48,83,0.42
bMhs,21,20,41,0.51
bMht,4,2,6,0.67
bMjB,13,15,28,0.46
bMjD,0,1,1,0.0
bMjH,4,3,7,0.57
bMjI,2,0,2,1.0
bMjK,2,1,3,0.67
bMjL,2,3,5,0.4
bMjM,16,7,23,0.7
bMjN,12,16,28,0.43
bMjP,19,22,41,0.46
bMjS,6,10,16,0.38
bMjb,20,6,26,0.77
bMjh,1,3,4,0.25
bMjl,7,6,13,0.54
bMjm,7,8,15,0.47
bMjn,13,10,23,0.57
bMjs,10,4,14,0.71
bMjt,2,3,5,0.4
bMlB,13,13,26,0.5
bMlD,3,1,4,0.75
bMlH,15,17,32,0.47
bMlJ,6,4,10,0.6
bMlK,0,2,2,0.0
bMlL,7,3,10,0.7
bMlM,17,22,39,0.44
bMlN,19,25,44,0.43
bMlP,25,22,47,0.53
bMlS,10,16,26,0.38
bMlb,17,22,39,0.44
bMll,5,3,8,0.62
bMlm,12,8,20,0.6
bMln,19,17,36,0.53
bMls,7,12,19,0.37
bMmB,25,25,50,0.5
bMmD,3,3,6,0.5
bMmH,29,21,50,0.58
bMmI,4,4,8,0.5
bMmJ,5,7,12,0.42
bMmK,0,1,1,0.0
bMmL,10,8,18,0.56
bMmM,30,27,57,0.53
bMmN,54,48,102,0.53
bMmP,38,45,83,0.46
bMmS,16,29,45,0.36
bMmb,31,23,54,0.57
bMml,7,7,14,0.5
bMmm,20,14,34,0.59
bMmn,29,31,60,0.48
bMms,12,13,25,0.48
bMnB,26,36,62,0.42
bMnD,5,5,10,0.5
bMnH,24,31,55,0.44
bMnI,6,8,14,0.43
bMnK,3,7,10,0.3
bMnL,10,13,23,0.43
bMnM,52,53,105,0.5
bMnN,81,76,157,0.52
bMnP,100,100,200,0.5
bMnS,46,50,96,0.48
bMnb,64,47,111,0.58
bMnh,2,3,5,0.4
bMnl,22,18,40,0.55
bMnm,43,36,79,0.54
bMnn,71,70,141,0.5
bMns,38,31,69,0.55
bMsB,13,17,30,0.43
bMsD,5,1,6,0.83
bMsH,25,25,50,0.5
bMsI,2,2,4,0.5
bMsL,6,8,14,0.43
bMsM,14,24,38,0.37
bMsN,26,31,57,0.46
bMsP,38,28,66,0.58
bMsS,32,18,50,0.64
bMsb,26,17,43,0.6
bMsh,0,1,1,0.0
bMsl,6,6,12,0.5
bMsm,18,9,27,0.67
bMsn,21,25,46,0.46
bMss,19,23,42,0.45
bMst,1,0,1,1.0
bMtB,6,3,9,0.67
bMtD,1,0,1,1.0
bMtH,5,3,8,0.62
bMtI,0,1,1,0.0
bMtK,0,1,1,0.0
bMtL,3,1,4,0.75
bMtM,3,7,10,0.3
bMtN,5,7,12,0.42
bMtP,6,6,12,0.5
bMtS,2,2,4,0.5
bMtb,5,9,14,0.36
bMtl,1,2,3,0.33
bMtm,5,6,11,0.45
bMtn,9,14,23,0.39
bMts,1,1,2,0.5
bMtt,1,1,2,0.5
bNBB,39,28,67,0.58
bNBD,2,1,3,0.67
bNBH,1,0,1,1.0
bNBK,1,2,3,0.33
bNBL,12,13,25,0.48
bNBM,35,34,69,0.51
bNBN,40,56,96,0.42
bNBP,47,54,101,0.47
bNBS,23,26,49,0.47
bNBb,36,38,74,0.49
bNBh,9,8,17,0.53
bNBj,12,18,30,0.4
bNBl,14,12,26,0.54
bNBm,36,27,63,0.57
bNBn,39,60,99,0.39
bNBs,18,18,36,0.5
bNBt,6,4,10,0.6
bNDB,2,1,3,0.67
bNDH,2,4,6,0.33
bNDI,1,1,2,0.5
bNDL,2,2,4,0.5
bNDM,2,7,9,0.22
bNDN,6,5,11,0.55
bNDP,5,3,8,0.62
bNDS,4,4,8,0.5
bNDb,2,3,5,0.4
bNDl,2,1,3,0.67
bNDm,0,1,1,0.0
bNDn,3,3,6,0.5
bNDs,2,2,4,0.5
bNDt,0,1,1,0.0
bNHB,6,8,14,0.43
bNHD,1,0,1,1.0
bNHH,1,5,6,0.17
bNHI,3,1,4,0.75
bNHK,0,3,3,0.0
bNHL,5,2,7,0.71
bNHM,9,7,16,0.56
bNHN,13,14,27,0.48
bNHP,8,9,17,0.47
bNHS,5,5,10,0.5
bNHb,8,6,14,0.57
bNHh,1,3,4,0.25
bNHl,3,2,5,0.6
bNHm,9,6,15,0.6
bNHn,10,11,21,0.48
bNHs,4,4,8,0.5
bNIB,1,0,1,1.0
bNIM,0,1,1,0.0
bNIN,0,0,0,
bNKB,3,2,5,0.6
bNKI,1,0,1,1.0
bNKL,2,0,2,1.0
bNKM,3,4,7,0.43
bNKN,3,8,11,0.27
bNKP,2,2,4,0.5
bNKS,2,1,3,0.67
bNKb,2,3,5,0.4
bNKh,4,1,5,0.8
bNKl,2,0,2,1.0
bNKm,2,2,4,0.5
bNKn,2,1,3,0.67
bNKs,1,3,4,0.25
bNLB,12,9,21,0.57
bNLD,3,0,3,1.0
bNLK,6,3,9,0.67
bNLL,4,8,12,0.33
bNLM,20,16,36,0.56
bNLN,15,20,35,0.43
bNLP,22,28,50,0.44
bNLS,10,12,22,0.45
bNLb,16,20,36,0.44
bNLh,11,9,20,0.55
bNLj,4,5,9,0.44
bNLl,11,13,24,0.46
bNLm,15,13,28,0.54
bNLn,24,29,53,0.45
bNLs,12,7,19,0.63
bNLt,3,5,8,0.38
bNMB,49,38,87,0.56
bNMD,3,1,4,0.75
bNML,23,13,36,0.64
bNMM,43,47,90,0.48
bNMN,52,41,93,0.56
bNMP,66,67,133,0.5
bNMS,24,44,68,0.35
bNMb,46,49,95,0.48
bNMh,52,43,95,0.55
bNMj,13,15,28,0.46
bNMl,17,22,39,0.44
bNMm,37,33,70,0.53
bNMn,86,101,187,0.46
bNMs,35,29,64,0.55
bNMt,11,11,22,0.5
bNNB,40,48,88,0.45
bNND,5,2,7,0.71
bNNH,4,5,9,0.44
bNNK,5,0,5,1.0
bNNL,18,22,40,0.45
bNNM,52,48,100,0.52
bNNN,72,55,127,0.57
bNNP,95,112,207,0.46
bNNS,35,34,69,0.51
bNNb,55,43,98,0.56
bNNh,29,26,55,0.53
bNNl,24,32,56,0.43
bNNm,40,31,71,0.56
bNNn,92,94,186,0.49
bNNs,37,42,79,0.47
bNNt,14,14,28,0.5
bNPB,52,47,99,0.53
bNPD,5,2,7,0.71
bNPH,29,30,59,0.49
bNPI,9,9,18,0.5
bNPK,14,8,22,0.64
bNPL,34,36,70,0.49
bNPM,64,94,158,0.41
bNPN,100,99,199,0.5
bNPP,133,113,246,0.54
bNPS,60,63,123,0.49
bNPb,80,87,167,0.48
bNPh,10,14,24,0.42
bNPl,43,35,78,0.55
bNPm,77,45,122,0.63
bNPn,99,78,177,0.56
bNPs,51,46,97,0.53
bNPt,11,10,21,0.52
bNSB,26,15,41,0.63
bNSD,3,2,5,0.6
bNSH,15,17,32,0.47
bNSL,12,11,23,0.52
bNSM,34,30,64,0.53
bNSN,48,28,76,0.63
bNSP,43,58,101,0.43
bNSS,32,25,57,0.56
bNSb,36,36,72,0.5
bNSh,35,22,57,0.61
bNSl,13,10,23,0.57
bNSm,40,20,60,0.67
bNSn,52,36,88,0.59
bNSs,32,33,65,0.49
bNSt,9,6,15,0.6
bNbB,44,41,85,0.52
bNbD,5,4,9,0.56
bNbH,22,18,40,0.55
bNbI,3,4,7,0.43
bNbJ,13,11,24,0.54
bNbK,2,2,4,0.5
bNbL,17,14,31,0.55
bNbM,48,52,100,0.48
bNbN,75,75,150,0.5
bNbP,78,46,124,0.63
bNbS,25,32,57,0.44
bNbb,58,64,122,0.48
bNbh,0,1,1,0.0
bNbl,19,18,37,0.51
bNbm,34,33,67,0.51
bNbn,43,56,99,0.43
bNbs,35,22,57,0.61
bNhB,16,14,30,0.53
bNhD,1,0,1,1.0
bNhH,5,8,13,0.38
bNhI,1,0,1,1.0
bNhK,0,1,1,0.0
bNhL,5,8,13,0.38
bNhM,21,20,41,0.51
bNhN,25,19,44,0.57
bNhP,39,28,67,0.58
bNhS,17,17,34,0.5
bNhb,19,19,38,0.5
bNhh,14,17,31,0.45
bNhl,14,7,21,0.67
bNhm,24,16,40,0.6
bNhn,29,25,54,0.54
bNhs,10,10,20,0.5
bNht,3,2,5,0.6
bNlB,19,14,33,0.58
bNlD,2,6,8,0.25
bNlH,17,9,26,0.65
bNlI,2,3,5,0.4
bNlJ,4,7,11,0.36
bNlK,2,1,3,0.67
bNlL,7,6,13,0.54
bNlM,14,22,36,0.39
bNlN,21,42,63,0.33
bNlP,35,30,65,0.54
bNlS,11,16,27,0.41
bNlb,24,14,38,0.63
bNll,9,6,15,0.6
bNlm,12,14,26,0.46
bNln,30,15,45,0.67
bNls,12,10,22,0.55
bNmB,35,30,65,0.54
bNmD,3,3,6,0.5
bNmH,32,32,64,0.5
bNmI,5,4,9,0.56
bNmJ,12,10,22,0.55
bNmK,0,1,1,0.0
bNmL,23,10,33,0.7
bNmM,40,49,89,0.45
bNmN,63,60,123,0.51
bNmP,48,56,104,0.46
bNmS,28,17,45,0.62
bNmb,31,31,62,0.5
bNml,16,8,24,0.67
bNmm,33,32,65,0.51
bNmn,49,40,89,0.55
bNms,19,16,35,0.54
bNnB,47,38,85,0.55
bNnD,5,5,10,0.5
bNnH,34,37,71,0.48
bNnI,11,9,20,0.55
bNnK,4,9,13,0.31
bNnL,23,25,48,0.48
bNnM,57,60,117,0.49
bNnN,101,95,196,0.52
bNnP,110,113,223,0.49
bNnS,70,61,131,0.53
bNnb,68,53,121,0.56
bNnh,4,4,8,0.5
bNnl,25,27,52,0.48
bNnm,50,37,87,0.57
bNnn,72,78,150,0.48
bNns,47,47,94,0.5
bNsB,16,17,33,0.48
bNsD,5,2,7,0.71
bNsH,15,27,42,0.36
bNsI,3,5,8,0.38
bNsK,1,1,2,0.5
bNsL,7,14,21,0.33
bNsM,21,23,44,0.48
bNsN,33,32,65,0.51
bNsP,52,40,92,0.57
bNsS,31,27,58,0.53
bNsb,26,27,53,0.49
bNsh,1,2,3,0.33
bNsl,16,20,36,0.44
bNsm,30,21,51,0.59
bNsn,34,31,65,0.52
bNss,22,26,48,0.46
bNtB,7,6,13,0.54
bNtD,1,1,2,0.5
bNtH,8,3,11,0.73
bNtK,1,0,1,1.0
bNtL,1,3,4,0.25
bNtM,16,10,26,0.62
bNtN,22,14,36,0.61
bNtP,14,23,37,0.38
bNtS,5,13,18,0.28
bNtb,9,11,20,0.45
bNth,1,1,2,0.5
bNtl,3,8,11,0.27
bNtm,7,4,11,0.64
bNtn,13,10,23,0.57
bNts,7,8,15,0.47
bNtt,4,1,5,0.8
bPBB,43,36,79,0.54
bPBD,4,3,7,0.57
bPBH,1,0,1,1.0
bPBK,2,4,6,0.33
bPBL,16,24,40,0.4
bPBM,38,50,88,0.43
bPBN,46,47,93,0.49
bPBP,61,57,118,0.52
bPBS,30,23,53,0.57
bPBb,44,45,89,0.49
bPBh,6,3,9,0.67
bPBj,13,12,25,0.52
bPBl,16,25,41,0.39
bPBm,41,35,76,0.54
bPBn,59,59,118,0.5
bPBs,28,20,48,0.58
bPBt,9,10,19,0.47
bPDB,1,2,3,0.33
bPDH,3,1,4,0.75
bPDI,1,0,1,1.0
bPDL,4,5,9,0.44
bPDM,3,5,8,0.38
bPDN,3,2,5,0.6
bPDP,3,10,13,0.23
bPDS,3,3,6,0.5
bPDb,4,1,5,0.8
bPDl,1,2,3,0.33
bPDm,6,2,8,0.75
bPDn,5,0,5,1.0
bPDs,2,2,4,0.5
bPHB,9,17,26,0.35
bPHD,1,1,2,0.5
bPHH,2,2,4,0.5
bPHI,0,5,5,0.0
bPHK,0,1,1,0.0
bPHL,6,9,15,0.4
bPHM,14,17,31,0.45
bPHN,14,13,27,0.52
bPHP,22,20,42,0.52
bPHS,11,6,17,0.65
bPHb,13,8,21,0.62
bPHh,1,5,6,0.17
bPHl,8,12,20,0.4
bPHm,15,10,25,0.6
bPHn,21,14,35,0.6
bPHs,14,11,25,0.56
bPHt,1,0,1,1.0
bPIB,1,3,4,0.25
bPIH,2,1,3,0.67
bPII,1,0,1,1.0
bPIL,5,2,7,0.71
bPIM,3,7,10,0.3
bPIN,5,2,7,0.71
bPIP,9,1,10,0.9
bPIS,4,2,6,0.67
bPIb,9,4,13,0.69
bPIl,1,0,1,1.0
bPIm,2,3,5,0.4
bPIn,1,2,3,0.33
bPKB,4,6,10,0.4
bPKD,0,1,1,0.0
bPKH,1,2,3,0.33
bPKL,1,3,4,0.25
bPKM,4,5,9,0.44
bPKN,5,5,10,0.5
bPKP,8,5,13,0.62
bPKS,1,7,8,0.12
bPKb,3,1,4,0.75
bPKh,5,2,7,0.71
bPKl,3,4,7,0.43
bPKm,0,3,3,0.0
bPKn,5,4,9,0.56
bPKs,6,2,8,0.75
bPKt,0,2,2,0.0
bPLB,16,19,35,0.46
bPLD,1,2,3,0.33
bPLH,1,2,3,0.33
bPLK,1,2,3,0.33
bPLL,13,7,20,0.65
bPLM,29,25,54,0.54
bPLN,25,24,49,0.51
bPLP,26,32,58,0.45
bPLS,16,16,32,0.5
bPLb,23,25,48,0.48
bPLh,13,10,23,0.57
bPLj,6,8,14,0.43
bPLl,20,17,37,0.54
bPLm,27,21,48,0.56
bPLn,33,31,64,0.52
bPLs,15,16,31,0.48
bPLt,9,8,17,0.53
bPMB,44,53,97,0.45
bPMD,3,6,9,0.33
bPMH,0,0,0,
bPML,23,27,50,0.46
bPMM,60,53,113,0.53
bPMN,49,66,115,0.43
bPMP,79,73,152,0.52
bPMS,37,41,78,0.47
bPMb,59,58,117,0.5
bPMh,40,49,89,0.45
bPMj,16,20,36,0.44
bPMl,25,26,51,0.49
bPMm,46,40,86,0.53
bPMn,79,76,155,0.51
bPMs,33,31,64,0.52
bPMt,16,9,25,0.64
bPNB,40,37,77,0.52
bPND,1,1,2,0.5
bPNH,11,7,18,0.61
bPNK,3,3,6,0.5
bPNL,27,27,54,0.5
bPNM,47,61,108,0.44
bPNN,49,57,106,0.46
bPNP,82,86,168,0.49
bPNS,44,37,81,0.54
bPNb,60,49,109,0.55
bPNh,18,18,36,0.5
bPNl,30,34,64,0.47
bPNm,42,40,82,0.51
bPNn,91,67,158,0.58
bPNs,36,43,79,0.46
bPNt,9,10,19,0.47
bPPB,75,78,153,0.49
bPPD,7,1,8,0.88
bPPH,30,28,58,0.52
bPPI,6,3,9,0.67
bPPK,6,10,16,0.38
bPPL,42,52,94,0.45
bPPM,99,91,190,0.52
bPPN,94,82,176,0.53
bPPP,143,151,294,0.49
bPPS,68,68,136,0.5
bPPb,102,93,195,0.52
bPPh,15,17,32,0.47
bPPl,54,42,96,0.56
bPPm,61,74,135,0.45
bPPn,86,75,161,0.53
bPPs,49,54,103,0.48
bPPt,11,12,23,0.48
bPSB,27,14,41,0.66
bPSD,2,0,2,1.0
bPSH,14,11,25,0.56
bPSI,0,1,1,0.0
bPSK,1,1,2,0.5
bPSL,13,16,29,0.45
bPSM,40,28,68,0.59
bPSN,16,23,39,0.41
bPSP,44,47,91,0.48
bPSS,26,32,58,0.45
bPSb,40,28,68,0.59
bPSh,15,33,48,0.31
bPSl,18,23,41,0.44
bPSm,23,28,51,0.45
bPSn,25,31,56,0.45
bPSs,27,26,53,0.51
bPSt,4,2,6,0.67
bPbB,60,50,110,0.55
bPbD,1,3,4,0.25
bPbH,12,12,24,0.5
bPbI,4,4,8,0.5
bPbJ,21,20,41,0.51
bPbK,5,4,9,0.56
bPbL,29,25,54,0.54
bPbM,75,76,151,0.5
bPbN,87,67,154,0.56
bPbP,77,62,139,0.55
bPbS,36,28,64,0.56
bPbb,82,67,149,0.55
bPbh,1,0,1,1.0
bPbl,36,23,59,0.61
bPbm,41,30,71,0.58
bPbn,53,50,103,0.51
bPbs,19,38,57,0.33
bPhB,6,14,20,0.3
bPhD,1,0,1,1.0
bPhH,1,1,2,0.5
bPhI,0,1,1,0.0
bPhL,1,5,6,0.17
bPhM,7,6,13,0.54
bPhN,5,8,13,0.38
bPhP,12,15,27,0.44
bPhS,5,8,13,0.38
bPhb,6,8,14,0.43
bPhh,5,11,16,0.31
bPhl,4,3,7,0.57
bPhm,2,4,6,0.33
bPhn,10,12,22,0.45
bPhs,4,5,9,0.44
bPlB,21,24,45,0.47
bPlD,0,1,1,0.0
bPlH,21,19,40,0.52
bPlI,2,2,4,0.5
bPlJ,5,4,9,0.56
bPlK,2,3,5,0.4
bPlL,13,11,24,0.54
bPlM,25,37,62,0.4
bPlN,30,37,67,0.45
bPlP,35,52,87,0.4
bPlS,21,23,44,0.48
bPlb,46,28,74,0.62
bPll,17,18,35,0.49
bPlm,28,18,46,0.61
bPln,19,24,43,0.44
bPls,15,16,31,0.48
bPmB,42,28,70,0.6
bPmD,6,0,6,1.0
bPmH,29,36,65,0.45
bPmI,3,2,5,0.6
bPmJ,3,5,8,0.38
bPmL,19,16,35,0.54
bPmM,45,48,93,0.48
bPmN,49,34,83,0.59
bPmP,46,68,114,0.4
bPmS,32,26,58,0.55
bPmb,48,47,95,0.51
bPml,15,14,29,0.52
bPmm,33,23,56,0.59
bPmn,26,40,66,0.39
bPms,13,15,28,0.46
bPnB,48,38,86,0.56
bPnD,5,6,11,0.45
bPnH,36,42,78,0.46
bPnI,7,5,12,0.58
bPnK,3,1,4,0.75
bPnL,29,22,51,0.57
bPnM,48,50,98,0.49
bPnN,56,61,117,0.48
bPnP,93,76,169,0.55
bPnS,41,36,77,0.53
bPnb,50,59,109,0.46
bPnh,3,1,4,0.75
bPnl,20,26,46,0.43
bPnm,35,45,80,0.44
bPnn,38,60,98,0.39
bPns,45,27,72,0.62
bPsB,22,10,32,0.69
bPsD,3,1,4,0.75
bPsH,29,18,47,0.62
bPsI,7,2,9,0.78
bPsK,0,1,1,0.0
bPsL,9,20,29,0.31
bPsM,37,27,64,0.58
bPsN,31,31,62,0.5
bPsP,41,38,79,0.52
bPsS,32,30,62,0.52
bPsb,37,22,59,0.63
bPsh,2,0,2,1.0
bPsl,14,12,26,0.54
bPsm,33,22,55,0.6
bPsn,19,22,41,0.46
bPss,20,22,42,0.48
bPst,0,2,2,0.0
bPtB,5,2,7,0.71
bPtH,3,1,4,0.75
bPtL,2,0,2,1.0
bPtM,9,6,15,0.6
bPtN,4,3,7,0.57
bPtP,6,10,16,0.38
bPtS,5,3,8,0.62
bPtb,3,6,9,0.33
bPth,1,0,1,1.0
bPtl,4,2,6,0.67
bPtm,3,4,7,0.43
bPtn,7,7,14,0.5
bPts,2,2,4,0.5
bPtt,2,3,5,0.4
bSBB,9,11,20,0.45
bSBD,0,2,2,0.0
bSBK,1,0,1,1.0
bSBL,6,7,13,0.46
bSBM,3,8,11,0.27
bSBN,18,20,38,0.47
bSBP,17,11,28,0.61
bSBS,5,9,14,0.36
bSBb,18,19,37,0.49
bSBh,1,5,6,0.17
bSBj,5,4,9,0.56
bSBl,8,7,15,0.53
bSBm,20,9,29,0.69
bSBn,23,21,44,0.52
bSBs,7,8,15,0.47
bSBt,2,2,4,0.5
bSDB,1,0,1,1.0
bSDH,2,1,3,0.67
bSDI,0,1,1,0.0
bSDM,0,1,1,0.0
bSDN,1,1,2,0.5
bSDP,5,1,6,0.83
bSDS,2,1,3,0.67
bSDb,0,2,2,0.0
bSDl,2,1,3,0.67
bSDm,1,0,1,1.0
bSDn,0,1,1,0.0
bSDs,0,1,1,0.0
bSHB,4,6,10,0.4
bSHD,3,1,4,0.75
bSHH,2,1,3,0.67
bSHI,2,1,3,0.67
bSHK,0,2,2,0.0
bSHL,1,6,7,0.14
bSHM,8,6,14,0.57
bSHN,9,7,16,0.56
bSHP,10,17,27,0.37
bSHS,14,7,21,0.67
bSHb,6,5,11,0.55
bSHh,1,2,3,0.33
bSHl,5,3,8,0.62
bSHm,10,5,15,0.67
bSHn,8,8,16,0.5
bSHs,9,7,16,0.56
bSHt,0,1,1,0.0
bSIH,0,1,1,0.0
bSIM,1,0,1,1.0
bSIS,0,0,0,
bSIm,0,1,1,0.0
bSIn,0,0,0,
bSIs,0,1,1,0.0
bSKP,1,1,2,0.5
bSKn,1,1,2,0.5
bSKs,0,0,0,
bSLB,2,9,11,0.18
bSLD,1,0,1,1.0
bSLK,0,3,3,0.0
bSLL,1,7,8,0.12
bSLM,3,11,14,0.21
bSLN,14,5,19,0.74
bSLP,10,9,19,0.53
bSLS,11,8,19,0.58
bSLb,7,7,14,0.5
bSLh,7,0,7,1.0
bSLj,3,5,8,0.38
bSLl,4,5,9,0.44
bSLm,3,9,12,0.25
bSLn,11,14,25,0.44
bSLs,4,3,7,0.57
bSLt,0,1,1,0.0
bSMB,12,15,27,0.44
bSMD,2,3,5,0.4
bSMI,0,0,0,
bSMK,1,0,1,1.0
bSML,8,10,18,0.44
bSMM,21,10,31,0.68
bSMN,23,21,44,0.52
bSMP,24,31,55,0.44
bSMS,18,9,27,0.67
bSMb,25,25,50,0.5
bSMh,22,18,40,0.55
bSMj,8,5,13,0.62
bSMl,8,7,15,0.53
bSMm,27,15,42,0.64
bSMn,32,23,55,0.58
bSMs,9,13,22,0.41
bSMt,2,6,8,0.25
bSNB,13,19,32,0.41
bSND,1,1,2,0.5
bSNH,3,3,6,0.5
bSNK,2,1,3,0.67
bSNL,11,7,18,0.61
bSNM,22,19,41,0.54
bSNN,21,20,41,0.51
bSNP,25,29,54,0.46
bSNS,23,19,42,0.55
bSNb,24,20,44,0.55
bSNh,7,9,16,0.44
bSNl,9,7,16,0.56
bSNm,22,13,35,0.63
bSNn,25,28,53,0.47
bSNs,7,12,19,0.37
bSNt,5,2,7,0.71
bSPB,19,25,44,0.43
bSPD,0,5,5,0.0
bSPH,5,12,17,0.29
bSPI,2,2,4,0.5
bSPK,4,5,9,0.44
bSPL,14,16,30,0.47
bSPM,41,38,79,0.52
bSPN,41,38,79,0.52
bSPP,49,49,98,0.5
bSPS,31,29,60,0.52
bSPb,31,37,68,0.46
bSPh,4,4,8,0.5
bSPl,17,10,27,0.63
bSPm,29,20,49,0.59
bSPn,31,23,54,0.57
bSPs,22,30,52,0.42
bSPt,5,2,7,0.71
bSSB,8,14,22,0.36
bSSD,1,3,4,0.25
bSSH,8,8,16,0.5
bSSI,0,0,0,
bSSK,0,2,2,0.0
bSSL,5,6,11,0.45
bSSM,18,15,33,0.55
bSSN,18,13,31,0.58
bSSP,32,26,58,0.55
bSSS,24,15,39,0.62
bSSb,14,12,26,0.54
bSSh,12,15,27,0.44
bSSl,9,3,12,0.75
bSSm,17,15,32,0.53
bSSn,31,18,49,0.63
bSSs,15,18,33,0.45
bSSt,5,7,12,0.42
bSbB,13,18,31,0.42
bSbH,9,9,18,0.5
bSbI,0,1,1,0.0
bSbJ,3,5,8,0.38
bSbK,3,3,6,0.5
bSbL,6,5,11,0.55
bSbM,15,14,29,0.52
bSbN,22,32,54,0.41
bSbP,29,28,57,0.51
bSbS,17,11,28,0.61
bSbb,27,22,49,0.55
bSbl,12,5,17,0.71
bSbm,13,15,28,0.46
bSbn,19,24,43,0.44
bSbs,16,11,27,0.59
bShB,8,7,15,0.53
bShD,3,2,5,0.6
bShH,2,3,5,0.4
bShI,2,1,3,0.67
bShL,9,5,14,0.64
bShM,14,16,30,0.47
bShN,13,9,22,0.59
bShP,26,16,42,0.62
bShS,12,12,24,0.5
bShb,18,21,39,0.46
bShh,14,15,29,0.48
bShl,8,1,9,0.89
bShm,9,14,23,0.39
bShn,19,24,43,0.44
bShs,8,9,17,0.47
bSht,3,1,4,0.75
bSlB,8,4,12,0.67
bSlD,1,1,2,0.5
bSlH,4,11,15,0.27
bSlI,2,1,3,0.67
bSlJ,1,1,2,0.5
bSlL,4,2,6,0.67
bSlM,8,14,22,0.36
bSlN,8,6,14,0.57
bSlP,19,18,37,0.51
bSlS,8,8,16,0.5
bSlb,15,6,21,0.71
bSll,10,6,16,0.62
bSlm,8,7,15,0.53
bSln,11,9,20,0.55
bSls,9,11,20,0.45
bSmB,21,12,33,0.64
bSmD,2,2,4,0.5
bSmH,11,15,26,0.42
bSmI,2,1,3,0.67
bSmJ,8,4,12,0.67
bSmL,4,4,8,0.5
bSmM,16,18,34,0.47
bSmN,26,14,40,0.65
bSmP,21,18,39,0.54
bSmS,17,8,25,0.68
bSmb,21,22,43,0.49
bSml,4,1,5,0.8
bSmm,11,7,18,0.61
bSmn,27,14,41,0.66
bSms,9,7,16,0.56
bSnB,12,12,24,0.5
bSnD,2,3,5,0.4
bSnH,13,15,28,0.46
bSnI,4,3,7,0.57
bSnK,1,0,1,1.0
bSnL,9,9,18,0.5
bSnM,24,23,47,0.51
bSnN,39,40,79,0.49
bSnP,39,39,78,0.5
bSnS,35,16,51,0.69
bSnb,22,30,52,0.42
bSnh,2,1,3,0.67
bSnl,11,6,17,0.65
bSnm,16,17,33,0.48
bSnn,27,27,54,0.5
bSns,20,22,42,0.48
bSsB,10,11,21,0.48
bSsD,1,2,3,0.33
bSsH,15,12,27,0.56
bSsI,2,1,3,0.67
bSsK,2,2,4,0.5
bSsL,7,5,12,0.58
bSsM,11,17,28,0.39
bSsN,19,18,37,0.51
bSsP,23,23,46,0.5
bSsS,16,21,37,0.43
bSsb,27,25,52,0.52
bSsh,1,1,2,0.5
bSsl,7,4,11,0.64
bSsm,16,10,26,0.62
bSsn,16,15,31,0.52
bSss,16,10,26,0.62
bSst,0,1,1,0.0
bStB,3,1,4,0.75
bStD,1,0,1,1.0
bStH,2,1,3,0.67
bStK,1,0,1,1.0
bStL,4,2,6,0.67
bStM,2,4,6,0.33
bStN,4,4,8,0.5
bStP,2,7,9,0.22
bStS,5,9,14,0.36
bStb,3,5,8,0.38
bSth,0,0,0,
bStl,2,3,5,0.4
bStm,1,2,3,0.33
bStn,1,4,5,0.2
bSts,3,5,8,0.38
bStt,0,0,0,
bbBB,32,28,60,0.53
bbBD,3,1,4,0.75
bbBH,1,0,1,1.0
bbBK,1,2,3,0.33
bbBL,15,12,27,0.56
bbBM,47,35,82,0.57
bbBN,59,52,111,0.53
bbBP,70,52,122,0.57
bbBS,23,21,44,0.52
bbBb,55,69,124,0.44
bbBh,12,10,22,0.55
bbBj,15,12,27,0.56
bbBl,13,19,32,0.41
bbBm,41,36,77,0.53
bbBn,69,53,122,0.57
bbBs,25,20,45,0.56
bbBt,6,5,11,0.55
bbDB,2,1,3,0.67
bbDH,7,0,7,1.0
bbDL,3,1,4,0.75
bbDM,3,3,6,0.5
bbDN,4,1,5,0.8
bbDP,3,7,10,0.3
bbDS,4,1,5,0.8
bbDb,2,2,4,0.5
bbDm,2,1,3,0.67
bbDn,4,1,5,0.8
bbDs,1,3,4,0.25
bbDt,3,0,3,1.0
bbHB,5,12,17,0.29
bbHD,1,1,2,0.5
bbHH,2,0,2,1.0
bbHK,1,0,1,1.0
bbHL,4,3,7,0.57
bbHM,11,12,23,0.48
bbHN,19,22,41,0.46
bbHP,17,23,40,0.42
bbHS,12,10,22,0.55
bbHb,11,17,28,0.39
bbHh,2,3,5,0.4
bbHl,8,4,12,0.67
bbHm,8,8,16,0.5
bbHn,13,14,27,0.48
bbHs,7,3,10,0.7
bbHt,0,1,1,0.0
bbIB,3,3,6,0.5
bbIH,1,1,2,0.5
bbIL,2,1,3,0.67
bbIM,8,5,13,0.62
bbIN,6,1,7,0.86
bbIP,7,7,14,0.5
bbIS,4,1,5,0.8
bbIb,3,4,7,0.43
bbIl,3,0,3,1.0
bbIm,0,3,3,0.0
bbIn,3,4,7,0.43
bbIs,1,5,6,0.17
bbJB,6,8,14,0.43
bbJD,0,1,1,0.0
bbJH,5,4,9,0.56
bbJI,1,0,1,1.0
bbJK,1,0,1,1.0
bbJL,7,4,11,0.64
bbJM,15,11,26,0.58
bbJN,11,8,19,0.58
bbJP,18,23,41,0.44
bbJS,9,10,19,0.47
bbJb,8,18,26,0.31
bbJh,1,1,2,0.5
bbJl,4,7,11,0.36
bbJm,9,9,18,0.5
bbJn,13,9,22,0.59
bbJs,7,7,14,0.5
bbJt,2,2,4,0.5
bbKB,4,2,6,0.67
bbKH,1,1,2,0.5
bbKL,1,1,2,0.5
bbKM,2,7,9,0.22
bbKN,4,2,6,0.67
bbKP,3,3,6,0.5
bbKS,1,4,5,0.2
bbKb,6,4,10,0.6
bbKh,4,3,7,0.57
bbKl,3,2,5,0.6
bbKm,1,2,3,0.33
bbKn,3,5,8,0.38
bbKs,0,3,3,0.0
bbLB,11,10,21,0.52
bbLD,3,1,4,0.75
bbLK,0,1,1,0.0
bbLL,7,9,16,0.44
bbLM,22,17,39,0.56
bbLN,18,24,42,0.43
bbLP,21,22,43,0.49
bbLS,9,8,17,0.53
bbLb,14,14,28,0.5
bbLh,5,8,13,0.38
bbLj,6,4,10,0.6
bbLl,8,9,17,0.47
bbLm,11,12,23,0.48
bbLn,30,17,47,0.64
bbLs,10,11,21,0.48
bbLt,3,0,3,1.0
bbMB,44,35,79,0.56
bbMD,1,2,3,0.33
bbMH,0,1,1,0.0
bbML,20,19,39,0.51
bbMM,61,42,103,0.59
bbMN,45,48,93,0.48
bbMP,71,69,140,0.51
bbMS,31,35,66,0.47
bbMb,62,60,122,0.51
bbMh,48,41,89,0.54
bbMj,10,16,26,0.38
bbMl,15,28,43,0.35
bbMm,35,23,58,0.6
bbMn,67,56,123,0.54
bbMs,26,24,50,0.52
bbMt,4,8,12,0.33
bbNB,58,42,100,0.58
bbND,0,3,3,0.0
bbNH,11,7,18,0.61
bbNK,2,3,5,0.4
bbNL,14,22,36,0.39
bbNM,84,58,142,0.59
bbNN,60,57,117,0.51
bbNP,87,85,172,0.51
bbNS,41,49,90,0.46
bbNb,60,50,110,0.55
bbNh,26,22,48,0.54
bbNl,25,19,44,0.57
bbNm,43,37,80,0.54
bbNn,67,74,141,0.48
bbNs,38,29,67,0.57
bbNt,22,11,33,0.67
bbPB,52,58,110,0.47
bbPD,2,2,4,0.5
bbPH,11,15,26,0.42
bbPI,5,4,9,0.56
bbPK,7,1,8,0.88
bbPL,32,24,56,0.57
bbPM,76,71,147,0.52
bbPN,64,58,122,0.52
bbPP,99,76,175,0.57
bbPS,31,30,61,0.51
bbPb,71,58,129,0.55
bbPh,11,11,22,0.5
bbPl,40,25,65,0.62
bbPm,53,40,93,0.57
bbPn,78,80,158,0.49
bbPs,28,28,56,0.5
bbPt,9,5,14,0.64
bbSB,19,12,31,0.61
bbSD,3,0,3,1.0
bbSH,7,6,13,0.54
bbSL,7,7,14,0.5
bbSM,26,21,47,0.55
bbSN,18,15,33,0.55
bbSP,27,37,64,0.42
bbSS,17,14,31,0.55
bbSb,19,19,38,0.5
bbSh,8,12,20,0.4
bbSl,5,9,14,0.36
bbSm,17,17,34,0.5
bbSn,26,25,51,0.51
bbSs,14,19,33,0.42
bbSt,5,3,8,0.62
bbbB,48,85,133,0.36
bbbD,7,4,11,0.64
bbbH,18,12,30,0.6
bbbI,6,3,9,0.67
bbbJ,14,10,24,0.58
bbbK,2,1,3,0.67
bbbL,22,18,40,0.55
bbbM,64,70,134,0.48
bbbN,81,65,146,0.55
bbbP,90,81,171,0.53
bbbS,21,16,37,0.57
bbbb,79,73,152,0.52
bbbl,28,15,43,0.65
bbbm,37,26,63,0.59
bbbn,56,41,97,0.58
bbbs,17,21,38,0.45
bblB,14,16,30,0.47
bblD,3,0,3,1.0
bblH,9,7,16,0.56
bblI,2,2,4,0.5
bblJ,5,0,5,1.0
bblK,2,1,3,0.67
bblL,10,6,16,0.62
bblM,15,17,32,0.47
bblN,23,30,53,0.43
bblP,23,17,40,0.57
bblS,8,9,17,0.47
bblb,21,27,48,0.44
bbll,12,10,22,0.55
bblm,11,7,18,0.61
bbln,9,19,28,0.32
bbls,6,11,17,0.35
bbmB,28,25,53,0.53
bbmD,1,1,2,0.5
bbmH,18,21,39,0.46
bbmI,2,4,6,0.33
bbmJ,7,7,14,0.5
bbmK,0,1,1,0.0
bbmL,11,15,26,0.42
bbmM,34,28,62,0.55
bbmN,42,33,75,0.56
bbmP,42,35,77,0.55
bbmS,18,15,33,0.55
bbmb,38,31,69,0.55
bbml,4,6,10,0.4
bbmm,21,11,32,0.66
bbmn,28,30,58,0.48
bbms,12,5,17,0.71
bbnB,35,38,73,0.48
bbnD,5,1,6,0.83
bbnH,28,15,43,0.65
bbnI,5,3,8,0.62
bbnK,0,3,3,0.0
bbnL,19,12,31,0.61
bbnM,64,53,117,0.55
bbnN,78,61,139,0.56
bbnP,80,70,150,0.53
bbnS,21,34,55,0.38
bbnb,56,59,115,0.49
bbnh,3,2,5,0.6
bbnl,13,17,30,0.43
bbnm,32,23,55,0.58
bbnn,60,53,113,0.53
bbns,22,26,48,0.46
bbsB,10,10,20,0.5
bbsD,1,0,1,1.0
bbsH,16,21,37,0.43
bbsI,1,1,2,0.5
bbsK,0,1,1,0.0
bbsL,12,8,20,0.6
bbsM,16,26,42,0.38
bbsN,16,18,34,0.47
bbsP,25,15,40,0.62
bbsS,13,13,26,0.5
bbsb,15,17,32,0.47
bbsh,0,2,2,0.0
bbsl,8,3,11,0.73
bbsm,20,12,32,0.62
bbsn,12,18,30,0.4
bbss,18,8,26,0.69
bbtb,0,1,1,0.0
bhBn,0,1,1,0.0
bhBs,1,0,1,1.0
bhML,1,1,2,0.5
bhPB,0,1,1,0.0
bhPM,0,1,1,0.0
bhPP,0,0,0,
bhPb,0,0,0,
bhPs,1,0,1,1.0
bhbN,1,0,1,1.0
bhbS,1,0,1,1.0
bhbb,2,0,2,1.0
bhbm,1,0,1,1.0
bhhM,1,0,1,1.0
bhhs,0,1,1,0.0
bhll,0,0,0,
bhmN,0,1,1,0.0
blBB,15,15,30,0.5
blBD,1,0,1,1.0
blBK,0,1,1,0.0
blBL,2,2,4,0.5
blBM,11,8,19,0.58
blBN,16,10,26,0.62
blBP,23,23,46,0.5
blBS,5,16,21,0.24
blBb,20,22,42,0.48
blBh,0,2,2,0.0
blBj,4,5,9,0.44
blBl,8,6,14,0.57
blBm,12,13,25,0.48
blBn,25,27,52,0.48
blBs,10,5,15,0.67
blBt,6,4,10,0.6
blDB,1,1,2,0.5
blDL,0,1,1,0.0
blDM,2,0,2,1.0
blDN,1,1,2,0.5
blDP,3,1,4,0.75
blDS,1,1,2,0.5
blDb,1,2,3,0.33
blDm,1,0,1,1.0
blDn,0,1,1,0.0
blDs,2,0,2,1.0
blDt,0,1,1,0.0
blHB,15,8,23,0.65
blHD,3,0,3,1.0
blHH,5,1,6,0.83
blHI,2,0,2,1.0
blHK,0,0,0,
blHL,3,2,5,0.6
blHM,16,11,27,0.59
blHN,10,7,17,0.59
blHP,12,11,23,0.52
blHS,4,5,9,0.44
blHb,9,6,15,0.6
blHh,5,6,11,0.45
blHl,5,3,8,0.62
blHm,7,8,15,0.47
blHn,13,7,20,0.65
blHs,6,8,14,0.43
blHt,0,1,1,0.0
blIB,1,2,3,0.33
blIH,1,0,1,1.0
blIL,1,0,1,1.0
blIM,4,3,7,0.57
blIN,2,2,4,0.5
blIP,3,1,4,0.75
blIS,1,0,1,1.0
blIb,6,2,8,0.75
blIl,1,0,1,1.0
blIm,3,2,5,0.6
blIn,0,0,0,
blJB,3,1,4,0.75
blJH,1,0,1,1.0
blJI,1,0,1,1.0
blJL,4,4,8,0.5
blJM,9,4,13,0.69
blJN,3,2,5,0.6
blJP,6,3,9,0.67
blJS,2,1,3,0.67
blJb,3,4,7,0.43
blJh,3,0,3,1.0
blJl,2,5,7,0.29
blJm,4,0,4,1.0
blJn,2,1,3,0.67
blJs,2,2,4,0.5
blJt,2,0,2,1.0
blKB,1,1,2,0.5
blKK,0,1,1,0.0
blKM,4,0,4,1.0
blKN,0,1,1,0.0
blKP,2,1,3,0.67
blKb,0,1,1,0.0
blKh,0,2,2,0.0
blKm,0,1,1,0.0
blKn,1,1,2,0.5
blLB,3,7,10,0.3
blLD,1,0,1,1.0
blLK,0,1,1,0.0
blLL,4,4,8,0.5
blLM,8,9,17,0.47
blLN,8,9,17,0.47
blLP,13,8,21,0.62
blLS,8,4,12,0.67
blLb,8,6,14,0.57
blLh,3,2,5,0.6
blLj,3,1,4,0.75
blLl,2,1,3,0.67
blLm,7,6,13,0.54
blLn,13,8,21,0.62
blLs,7,3,10,0.7
blLt,0,1,1,0.0
blMB,18,6,24,0.75
blML,10,5,15,0.67
blMM,16,13,29,0.55
blMN,16,14,30,0.53
blMP,14,27,41,0.34
blMS,11,11,22,0.5
blMb,15,19,34,0.44
blMh,18,14,32,0.56
blMj,2,5,7,0.29
blMl,10,10,20,0.5
blMm,14,10,24,0.58
blMn,23,24,47,0.49
blMs,6,10,16,0.38
blMt,7,3,10,0.7
blNB,19,19,38,0.5
blND,2,1,3,0.67
blNH,1,4,5,0.2
blNK,0,1,1,0.0
blNL,7,10,17,0.41
blNM,19,18,37,0.51
blNN,22,26,48,0.46
blNP,37,25,62,0.6
blNS,7,14,21,0.33
blNb,23,21,44,0.52
blNh,10,5,15,0.67
blNl,13,9,22,0.59
blNm,17,18,35,0.49
blNn,34,30,64,0.53
blNs,5,12,17,0.29
blNt,4,3,7,0.57
blPB,23,24,47,0.49
blPD,0,1,1,0.0
blPH,7,5,12,0.58
blPI,4,2,6,0.67
blPK,0,3,3,0.0
blPL,15,11,26,0.58
blPM,32,31,63,0.51
blPN,19,28,47,0.4
blPP,37,39,76,0.49
blPS,13,22,35,0.37
blPb,30,26,56,0.54
blPh,3,0,3,1.0
blPl,15,5,20,0.75
blPm,14,12,26,0.54
blPn,24,21,45,0.53
blPs,12,15,27,0.44
blPt,3,3,6,0.5
blSB,5,8,13,0.38
blSD,1,0,1,1.0
blSH,4,1,5,0.8
blSI,0,0,0,
blSL,4,6,10,0.4
blSM,14,8,22,0.64
blSN,15,8,23,0.65
blSP,17,12,29,0.59
blSS,8,10,18,0.44
blSb,5,13,18,0.28
blSh,3,10,13,0.23
blSl,4,5,9,0.44
blSm,7,6,13,0.54
blSn,12,10,22,0.55
blSs,9,7,16,0.56
blSt,5,2,7,0.71
blbB,19,14,33,0.58
blbH,4,6,10,0.4
blbI,2,2,4,0.5
blbJ,8,4,12,0.67
blbK,1,3,4,0.25
blbL,6,14,20,0.3
blbM,17,15,32,0.53
blbN,24,29,53,0.45
blbP,32,21,53,0.6
blbS,4,7,11,0.36
blbb,36,21,57,0.63
blbl,8,10,18,0.44
blbm,14,12,26,0.54
blbn,28,21,49,0.57
blbs,11,7,18,0.61
blhP,0,0,0,
bllB,9,8,17,0.53
bllD,1,1,2,0.5
bllH,1,6,7,0.14
bllI,1,1,2,0.5
bllJ,1,1,2,0.5
bllK,0,1,1,0.0
bllL,3,3,6,0.5
bllM,5,7,12,0.42
bllN,13,3,16,0.81
bllP,9,7,16,0.56
bllS,9,1,10,0.9
bllb,10,7,17,0.59
blll,0,3,3,0.0
bllm,5,4,9,0.56
blln,2,1,3,0.67
blls,3,5,8,0.38
blmB,18,13,31,0.58
blmD,0,1,1,0.0
blmH,7,8,15,0.47
blmI,1,0,1,1.0
blmJ,3,0,3,1.0
blmL,4,7,11,0.36
blmM,11,12,23,0.48
blmN,10,12,22,0.45
blmP,14,17,31,0.45
blmS,6,6,12,0.5
blmb,14,13,27,0.52
blml,4,4,8,0.5
blmm,5,4,9,0.56
blmn,12,15,27,0.44
blms,4,2,6,0.67
blnB,6,10,16,0.38
blnD,2,0,2,1.0
blnH,7,4,11,0.64
blnI,3,2,5,0.6
blnK,2,0,2,1.0
blnL,6,7,13,0.46
blnM,15,8,23,0.65
blnN,20,12,32,0.62
blnP,29,27,56,0.52
blnS,8,9,17,0.47
blnb,20,12,32,0.62
blnh,0,1,1,0.0
blnl,6,4,10,0.6
blnm,11,18,29,0.38
blnn,12,16,28,0.43
blns,8,9,17,0.47
blsB,9,7,16,0.56
blsD,1,1,2,0.5
blsH,6,5,11,0.55
blsL,5,4,9,0.56
blsM,9,7,16,0.56
blsN,11,9,20,0.55
blsP,14,14,28,0.5
blsS,9,12,21,0.43
blsb,6,8,14,0.43
blsl,8,1,9,0.89
blsm,5,4,9,0.56
blsn,9,5,14,0.64
blss,5,6,11,0.45
bmBB,18,19,37,0.49
bmBD,4,1,5,0.8
bmBK,2,1,3,0.67
bmBL,12,8,20,0.6
bmBM,23,27,50,0.46
bmBN,23,39,62,0.37
bmBP,42,28,70,0.6
bmBS,14,11,25,0.56
bmBb,23,22,45,0.51
bmBh,2,6,8,0.25
bmBj,8,13,21,0.38
bmBl,15,14,29,0.52
bmBm,19,14,33,0.58
bmBn,50,40,90,0.56
bmBs,15,9,24,0.62
bmBt,6,4,10,0.6
bmDB,2,4,6,0.33
bmDH,0,2,2,0.0
bmDL,0,1,1,0.0
bmDM,3,4,7,0.43
bmDN,2,5,7,0.29
bmDP,4,5,9,0.44
bmDS,2,0,2,1.0
bmDb,1,3,4,0.25
bmDm,2,1,3,0.67
bmDn,3,2,5,0.6
bmDs,2,1,3,0.67
bmHB,19,18,37,0.51
bmHD,1,1,2,0.5
bmHH,3,1,4,0.75
bmHK,1,0,1,1.0
bmHL,12,7,19,0.63
bmHM,18,20,38,0.47
bmHN,21,22,43,0.49
bmHP,32,30,62,0.52
bmHS,11,12,23,0.48
bmHb,15,16,31,0.48
bmHh,5,13,18,0.28
bmHl,11,8,19,0.58
bmHm,20,9,29,0.69
bmHn,27,21,48,0.56
bmHs,14,10,24,0.58
bmHt,3,1,4,0.75
bmIB,5,1,6,0.83
bmIH,0,2,2,0.0
bmIL,1,1,2,0.5
bmIM,0,3,3,0.0
bmIN,5,3,8,0.62
bmIP,3,4,7,0.43
bmIS,2,2,4,0.5
bmIb,5,5,10,0.5
bmIm,0,1,1,0.0
bmIn,2,2,4,0.5
bmIs,1,0,1,1.0
bmJB,0,3,3,0.0
bmJH,1,4,5,0.2
bmJK,1,1,2,0.5
bmJL,2,3,5,0.4
bmJM,2,6,8,0.25
bmJN,6,9,15,0.4
bmJP,13,7,20,0.65
bmJS,4,4,8,0.5
bmJb,10,6,16,0.62
bmJh,0,2,2,0.0
bmJl,3,3,6,0.5
bmJm,4,5,9,0.44
bmJn,7,5,12,0.58
bmJs,4,3,7,0.57
bmJt,3,0,3,1.0
bmKH,0,1,1,0.0
bmKS,0,1,1,0.0
bmKb,2,0,2,1.0
bmKh,1,0,1,1.0
bmKm,0,1,1,0.0
bmKs,1,0,1,1.0
bmKt,1,0,1,1.0
bmLB,10,7,17,0.59
bmLD,0,1,1,0.0
bmLL,2,1,3,0.67
bmLM,5,10,15,0.33
bmLN,11,15,26,0.42
bmLP,17,9,26,0.65
bmLS,5,4,9,0.56
bmLb,13,8,21,0.62
bmLh,4,7,11,0.36
bmLj,1,2,3,0.33
bmLl,7,3,10,0.7
bmLm,6,7,13,0.46
bmLn,18,19,37,0.49
bmLs,7,7,14,0.5
bmLt,2,2,4,0.5
bmMB,18,19,37,0.49
bmMD,2,0,2,1.0
bmMH,1,0,1,1.0
bmMK,0,0,0,
bmML,6,9,15,0.4
bmMM,34,30,64,0.53
bmMN,36,30,66,0.55
bmMP,37,40,77,0.48
bmMS,15,23,38,0.39
bmMb,28,23,51,0.55
bmMh,23,29,52,0.44
bmMj,15,7,22,0.68
bmMl,13,7,20,0.65
bmMm,25,30,55,0.45
bmMn,46,54,100,0.46
bmMs,22,10,32,0.69
bmMt,4,10,14,0.29
bmNB,32,20,52,0.62
bmND,0,0,0,
bmNH,12,9,21,0.57
bmNK,1,1,2,0.5
bmNL,10,8,18,0.56
bmNM,35,22,57,0.61
bmNN,54,46,100,0.54
bmNP,52,46,98,0.53
bmNS,28,24,52,0.54
bmNb,37,27,64,0.58
bmNh,7,9,16,0.44
bmNl,14,11,25,0.56
bmNm,33,28,61,0.54
bmNn,56,44,100,0.56
bmNs,26,17,43,0.6
bmNt,11,1,12,0.92
bmPB,31,28,59,0.53
bmPD,3,3,6,0.5
bmPH,8,15,23,0.35
bmPI,4,6,10,0.4
bmPK,2,1,3,0.67
bmPL,18,17,35,0.51
bmPM,36,54,90,0.4
bmPN,41,55,96,0.43
bmPP,68,57,125,0.54
bmPS,25,22,47,0.53
bmPb,38,41,79,0.48
bmPh,6,2,8,0.75
bmPl,16,16,32,0.5
bmPm,22,24,46,0.48
bmPn,37,44,81,0.46
bmPs,22,28,50,0.44
bmPt,3,4,7,0.43
bmSB,11,13,24,0.46
bmSD,1,1,2,0.5
bmSH,1,7,8,0.12
bmSK,1,0,1,1.0
bmSL,6,3,9,0.67
bmSM,9,8,17,0.53
bmSN,23,17,40,0.57
bmSP,25,19,44,0.57
bmSS,21,12,33,0.64
bmSb,14,20,34,0.41
bmSh,12,7,19,0.63
bmSl,8,8,16,0.5
bmSm,14,11,25,0.56
bmSn,24,27,51,0.47
bmSs,14,16,30,0.47
bmSt,3,5,8,0.38
bmbB,38,40,78,0.49
bmbD,0,1,1,0.0
bmbH,3,5,8,0.38
bmbI,2,1,3,0.67
bmbJ,12,11,23,0.52
bmbK,3,4,7,0.43
bmbL,19,18,37,0.51
bmbM,32,38,70,0.46
bmbN,41,45,86,0.48
bmbP,48,47,95,0.51
bmbS,20,19,39,0.51
bmbb,38,28,66,0.58
bmbl,9,8,17,0.53
bmbm,26,15,41,0.63
bmbn,32,26,58,0.55
bmbs,11,9,20,0.55
bmlB,7,11,18,0.39
bmlD,1,0,1,1.0
bmlH,5,6,11,0.45
bmlI,1,2,3,0.33
bmlJ,0,4,4,0.0
bmlK,0,0,0,
bmlL,3,3,6,0.5
bmlM,8,13,21,0.38
bmlN,12,12,24,0.5
bmlP,13,8,21,0.62
bmlS,2,5,7,0.29
bmlb,14,7,21,0.67
bmll,1,3,4,0.25
bmlm,8,5,13,0.62
bmln,6,6,12,0.5
bmls,1,2,3,0.33
bmmB,23,18,41,0.56
bmmD,0,1,1,0.0
bmmH,7,8,15,0.47
bmmI,3,1,4,0.75
bmmJ,3,3,6,0.5
bmmK,1,0,1,1.0
bmmL,5,6,11,0.45
bmmM,14,16,30,0.47
bmmN,30,27,57,0.53
bmmP,23,16,39,0.59
bmmS,7,6,13,0.54
bmmb,24,24,48,0.5
bmml,7,2,9,0.78
bmmm,13,6,19,0.68
bmmn,15,19,34,0.44
bmms,4,3,7,0.57
bmnB,20,17,37,0.54
bmnD,3,2,5,0.6
bmnH,15,9,24,0.62
bmnI,5,3,8,0.62
bmnK,1,1,2,0.5
bmnL,8,13,21,0.38
bmnM,26,23,49,0.53
bmnN,45,44,89,0.51
bmnP,37,47,84,0.44
bmnS,16,18,34,0.47
bmnb,33,28,61,0.54
bmnl,9,7,16,0.56
bmnm,18,20,38,0.47
bmnn,37,29,66,0.56
bmns,19,17,36,0.53
bmsB,4,4,8,0.5
bmsD,1,1,2,0.5
bmsH,7,8,15,0.47
bmsI,1,1,2,0.5
bmsL,3,4,7,0.43
bmsM,9,12,21,0.43
bmsN,7,16,23,0.3
bmsP,10,10,20,0.5
bmsS,14,8,22,0.64
bmsb,10,10,20,0.5
bmsl,5,4,9,0.56
bmsm,14,6,20,0.7
bmsn,8,12,20,0.4
bmss,5,9,14,0.36
bmtN,1,0,1,1.0
bmtb,1,1,2,0.5
bnBB,27,26,53,0.51
bnBD,2,0,2,1.0
bnBH,0,1,1,0.0
bnBK,0,3,3,0.0
bnBL,6,20,26,0.23
bnBM,26,32,58,0.45
bnBN,28,29,57,0.49
bnBP,46,37,83,0.55
bnBS,19,17,36,0.53
bnBb,28,30,58,0.48
bnBh,4,3,7,0.57
bnBj,12,14,26,0.46
bnBl,14,7,21,0.67
bnBm,26,19,45,0.58
bnBn,49,41,90,0.54
bnBs,15,19,34,0.44
bnBt,8,3,11,0.73
bnDB,1,0,1,1.0
bnDD,1,0,1,1.0
bnDH,5,2,7,0.71
bnDI,0,0,0,
bnDM,5,2,7,0.71
bnDN,3,6,9,0.33
bnDP,6,4,10,0.6
bnDS,4,4,8,0.5
bnDb,1,1,2,0.5
bnDl,0,0,0,
bnDm,5,2,7,0.71
bnDn,2,2,4,0.5
bnDs,4,2,6,0.67
bnDt,2,0,2,1.0
bnHB,13,17,30,0.43
bnHD,4,1,5,0.8
bnHH,2,6,8,0.25
bnHI,1,0,1,1.0
bnHK,0,1,1,0.0
bnHL,7,8,15,0.47
bnHM,20,20,40,0.5
bnHN,34,30,64,0.53
bnHP,34,34,68,0.5
bnHS,12,18,30,0.4
bnHb,21,15,36,0.58
bnHh,8,7,15,0.53
bnHl,8,6,14,0.57
bnHm,16,12,28,0.57
bnHn,26,26,52,0.5
bnHs,11,9,20,0.55
bnHt,4,4,8,0.5
bnIB,4,4,8,0.5
bnID,0,1,1,0.0
bnIH,1,6,7,0.14
bnIL,3,3,6,0.5
bnIM,5,2,7,0.71
bnIN,9,3,12,0.75
bnIP,9,0,9,1.0
bnIS,2,5,7,0.29
bnIb,5,6,11,0.45
bnIl,1,0,1,1.0
bnIm,2,5,7,0.29
bnIn,3,8,11,0.27
bnIs,2,2,4,0.5
bnIt,1,0,1,1.0
bnKB,1,0,1,1.0
bnKD,1,0,1,1.0
bnKH,1,1,2,0.5
bnKI,1,0,1,1.0
bnKK,1,1,2,0.5
bnKL,2,1,3,0.67
bnKM,2,3,5,0.4
bnKN,3,2,5,0.6
bnKP,4,8,12,0.33
bnKS,1,1,2,0.5
bnKb,2,2,4,0.5
bnKh,1,2,3,0.33
bnKl,4,1,5,0.8
bnKm,1,1,2,0.5
bnKn,3,2,5,0.6
bnKs,1,1,2,0.5
bnLB,9,7,16,0.56
bnLD,1,0,1,1.0
bnLK,0,2,2,0.0
bnLL,4,2,6,0.67
bnLM,12,19,31,0.39
bnLN,11,17,28,0.39
bnLP,14,14,28,0.5
bnLS,12,15,27,0.44
bnLb,14,17,31,0.45
bnLh,11,7,18,0.61
bnLj,7,2,9,0.78
bnLl,11,9,20,0.55
bnLm,11,12,23,0.48
bnLn,16,18,34,0.47
bnLs,12,11,23,0.52
bnLt,2,3,5,0.4
bnMB,32,25,57,0.56
bnMD,1,2,3,0.33
bnML,10,6,16,0.62
bnMM,40,38,78,0.51
bnMN,49,45,94,0.52
bnMP,52,52,104,0.5
bnMS,22,22,44,0.5
bnMb,38,41,79,0.48
bnMh,32,33,65,0.49
bnMj,19,16,35,0.54
bnMl,25,16,41,0.61
bnMm,45,24,69,0.65
bnMn,72,55,127,0.57
bnMs,23,33,56,0.41
bnMt,5,4,9,0.56
bnNB,35,36,71,0.49
bnND,3,5,8,0.38
bnNH,8,9,17,0.47
bnNI,1,1,2,0.5
bnNK,7,5,12,0.58
bnNL,18,16,34,0.53
bnNM,42,58,100,0.42
bnNN,57,57,114,0.5
bnNP,93,74,167,0.56
bnNS,50,45,95,0.53
bnNb,55,57,112,0.49
bnNh,15,24,39,0.38
bnNl,25,24,49,0.51
bnNm,42,28,70,0.6
bnNn,84,77,161,0.52
bnNs,49,39,88,0.56
bnNt,9,15,24,0.38
bnPB,56,49,105,0.53
bnPD,6,6,12,0.5
bnPH,25,21,46,0.54
bnPI,4,1,5,0.8
bnPK,7,5,12,0.58
bnPL,26,35,61,0.43
bnPM,75,78,153,0.49
bnPN,83,73,156,0.53
bnPP,124,114,238,0.52
bnPS,47,49,96,0.49
bnPb,62,68,130,0.48
bnPh,6,9,15,0.4
bnPl,26,27,53,0.49
bnPm,61,40,101,0.6
bnPn,70,61,131,0.53
bnPs,38,37,75,0.51
bnPt,9,13,22,0.41
bnSB,18,16,34,0.53
bnSD,2,1,3,0.67
bnSH,8,14,22,0.36
bnSK,2,0,2,1.0
bnSL,12,10,22,0.55
bnSM,21,34,55,0.38
bnSN,28,21,49,0.57
bnSP,30,36,66,0.45
bnSS,24,25,49,0.49
bnSb,21,30,51,0.41
bnSh,17,20,37,0.46
bnSl,6,9,15,0.4
bnSm,20,15,35,0.57
bnSn,28,39,67,0.42
bnSs,28,19,47,0.6
bnSt,4,10,14,0.29
bnbB,42,39,81,0.52
bnbD,7,3,10,0.7
bnbH,18,5,23,0.78
bnbI,4,1,5,0.8
bnbJ,13,13,26,0.5
bnbK,4,4,8,0.5
bnbL,13,15,28,0.46
bnbM,46,43,89,0.52
bnbN,76,66,142,0.54
bnbP,68,69,137,0.5
bnbS,26,22,48,0.54
bnbb,62,61,123,0.5
bnbh,1,0,1,1.0
bnbl,19,11,30,0.63
bnbm,32,31,63,0.51
bnbn,55,43,98,0.56
bnbs,21,19,40,0.52
bnhB,3,2,5,0.6
bnhH,0,0,0,
bnhL,2,1,3,0.67
bnhM,4,3,7,0.57
bnhN,2,1,3,0.67
bnhP,4,2,6,0.67
bnhS,1,0,1,1.0
bnhb,7,2,9,0.78
bnhh,2,0,2,1.0
bnhl,1,3,4,0.25
bnhm,1,0,1,1.0
bnhn,2,2,4,0.5
bnhs,1,0,1,1.0
bnlB,12,11,23,0.52
bnlD,1,0,1,1.0
bnlH,5,13,18,0.28
bnlI,1,1,2,0.5
bnlJ,2,4,6,0.33
bnlK,0,1,1,0.0
bnlL,4,7,11,0.36
bnlM,17,15,32,0.53
bnlN,30,13,43,0.7
bnlP,23,21,44,0.52
bnlS,16,12,28,0.57
bnlb,23,16,39,0.59
bnlh,1,0,1,1.0
bnll,6,9,15,0.4
bnlm,11,8,19,0.58
bnln,11,16,27,0.41
bnls,6,3,9,0.67
bnmB,22,28,50,0.44
bnmD,4,6,10,0.4
bnmH,21,17,38,0.55
bnmI,2,3,5,0.4
bnmJ,8,2,10,0.8
bnmL,12,12,24,0.5
bnmM,32,35,67,0.48
bnmN,39,31,70,0.56
bnmP,41,32,73,0.56
bnmS,15,23,38,0.39
bnmb,23,26,49,0.47
bnml,11,8,19,0.58
bnmm,27,14,41,0.66
bnmn,39,20,59,0.66
bnms,9,5,14,0.64
bnmt,1,0,1,1.0
bnnB,31,29,60,0.52
bnnD,2,2,4,0.5
bnnH,22,29,51,0.43
bnnI,8,3,11,0.73
bnnK,4,5,9,0.44
bnnL,12,7,19,0.63
bnnM,53,55,108,0.49
bnnN,64,66,130,0.49
bnnP,92,80,172,0.53
bnnS,23,35,58,0.4
bnnb,58,45,103,0.56
bnnh,2,3,5,0.4
bnnl,20,15,35,0.57
bnnm,41,23,64,0.64
bnnn,62,52,114,0.54
bnns,30,23,53,0.57
bnsB,13,11,24,0.54
bnsD,4,4,8,0.5
bnsH,31,26,57,0.54
bnsI,2,2,4,0.5
bnsK,1,1,2,0.5
bnsL,9,3,12,0.75
bnsM,16,23,39,0.41
bnsN,32,25,57,0.56
bnsP,36,41,77,0.47
bnsS,30,18,48,0.62
bnsb,23,16,39,0.59
bnsh,1,1,2,0.5
bnsl,7,10,17,0.41
bnsm,20,14,34,0.59
bnsn,20,26,46,0.43
bnss,14,18,32,0.44
bntH,0,1,1,0.0
bsBB,8,7,15,0.53
bsBD,0,1,1,0.0
bsBH,0,0,0,
bsBL,5,6,11,0.45
bsBM,10,12,22,0.45
bsBN,10,9,19,0.53
bsBP,18,15,33,0.55
bsBS,8,8,16,0.5
bsBb,15,13,28,0.54
bsBh,1,2,3,0.33
bsBj,3,7,10,0.3
bsBl,5,3,8,0.62
bsBm,15,8,23,0.65
bsBn,18,13,31,0.58
bsBs,4,2,6,0.67
bsBt,2,1,3,0.67
bsDB,0,1,1,0.0
bsDH,2,2,4,0.5
bsDL,3,1,4,0.75
bsDM,2,3,5,0.4
bsDN,2,3,5,0.4
bsDP,3,2,5,0.6
bsDS,3,0,3,1.0
bsDb,2,1,3,0.67
bsDl,1,0,1,1.0
bsDm,1,2,3,0.33
bsDn,1,1,2,0.5
bsDs,3,2,5,0.6
bsHB,10,16,26,0.38
bsHD,1,3,4,0.25
bsHH,4,4,8,0.5
bsHI,0,2,2,0.0
bsHK,0,1,1,0.0
bsHL,5,7,12,0.42
bsHM,23,30,53,0.43
bsHN,20,18,38,0.53
bsHP,33,19,52,0.63
bsHS,13,18,31,0.42
bsHb,15,18,33,0.45
bsHh,8,5,13,0.62
bsHl,12,7,19,0.63
bsHm,16,5,21,0.76
bsHn,29,16,45,0.64
bsHs,15,10,25,0.6
bsHt,2,2,4,0.5
bsIB,1,2,3,0.33
bsIH,0,2,2,0.0
bsII,1,0,1,1.0
bsIL,2,2,4,0.5
bsIM,1,7,8,0.12
bsIN,2,1,3,0.67
bsIP,2,3,5,0.4
bsIS,4,2,6,0.67
bsIb,1,2,3,0.33
bsIl,1,2,3,0.33
bsIm,1,2,3,0.33
bsIn,3,1,4,0.75
bsIs,2,1,3,0.67
bsKK,0,1,1,0.0
bsKP,0,1,1,0.0
bsKS,1,0,1,1.0
bsKb,1,0,1,1.0
bsKh,1,1,2,0.5
bsKl,0,1,1,0.0
bsKm,1,2,3,0.33
bsKn,1,1,2,0.5
bsKs,1,0,1,1.0
bsLB,9,7,16,0.56
bsLD,0,2,2,0.0
bsLH,0,1,1,0.0
bsLK,1,0,1,1.0
bsLL,0,5,5,0.0
bsLM,5,10,15,0.33
bsLN,12,14,26,0.46
bsLP,10,11,21,0.48
bsLS,4,3,7,0.57
bsLb,7,6,13,0.54
bsLh,8,5,13,0.62
bsLj,2,1,3,0.67
bsLl,4,4,8,0.5
bsLm,5,2,7,0.71
bsLn,13,10,23,0.57
bsLs,3,3,6,0.5
bsLt,0,1,1,0.0
bsMB,19,17,36,0.53
bsMD,1,1,2,0.5
bsML,8,7,15,0.53
bsMM,19,22,41,0.46
bsMN,7,16,23,0.3
bsMP,23,24,47,0.49
bsMS,12,11,23,0.52
bsMb,22,22,44,0.5
bsMh,17,14,31,0.55
bsMj,4,5,9,0.44
bsMl,9,13,22,0.41
bsMm,23,10,33,0.7
bsMn,35,15,50,0.7
bsMs,18,12,30,0.6
bsMt,2,3,5,0.4
bsNB,21,9,30,0.7
bsND,1,3,4,0.25
bsNH,5,4,9,0.56
bsNK,2,4,6,0.33
bsNL,3,7,10,0.3
bsNM,20,24,44,0.45
bsNN,41,23,64,0.64
bsNP,27,32,59,0.46
bsNS,17,17,34,0.5
bsNb,16,10,26,0.62
bsNh,6,9,15,0.4
bsNl,12,7,19,0.63
bsNm,22,16,38,0.58
bsNn,36,26,62,0.58
bsNs,17,11,28,0.61
bsNt,2,2,4,0.5
bsPB,14,23,37,0.38
bsPD,2,3,5,0.4
bsPH,6,5,11,0.55
bsPI,4,1,5,0.8
bsPK,1,1,2,0.5
bsPL,15,16,31,0.48
bsPM,23,24,47,0.49
bsPN,29,38,67,0.43
bsPP,44,31,75,0.59
bsPS,21,21,42,0.5
bsPb,31,19,50,0.62
bsPh,5,3,8,0.62
bsPl,17,11,28,0.61
bsPm,29,18,47,0.62
bsPn,29,16,45,0.64
bsPs,15,15,30,0.5
bsPt,4,8,12,0.33
bsSB,14,7,21,0.67
bsSD,0,3,3,0.0
bsSH,8,8,16,0.5
bsSI,2,0,2,1.0
bsSL,5,15,20,0.25
bsSM,12,14,26,0.46
bsSN,18,13,31,0.58
bsSP,21,26,47,0.45
bsSS,13,13,26,0.5
bsSb,16,16,32,0.5
bsSh,12,16,28,0.43
bsSl,5,7,12,0.42
bsSm,15,9,24,0.62
bsSn,14,17,31,0.45
bsSs,16,17,33,0.48
bsSt,3,6,9,0.33
bsbB,11,15,26,0.42
bsbD,5,0,5,1.0
bsbH,6,8,14,0.43
bsbI,2,0,2,1.0
bsbJ,6,5,11,0.55
bsbK,2,2,4,0.5
bsbL,11,6,17,0.65
bsbM,13,15,28,0.46
bsbN,23,23,46,0.5
bsbP,23,25,48,0.48
bsbS,12,10,22,0.55
bsbb,22,28,50,0.44
bsbl,5,12,17,0.29
bsbm,25,10,35,0.71
bsbn,22,14,36,0.61
bsbs,8,13,21,0.38
bshH,0,0,0,
bshM,1,1,2,0.5
bshN,0,1,1,0.0
bshP,0,2,2,0.0
bshb,1,0,1,1.0
bshh,1,2,3,0.33
bshl,1,0,1,1.0
bshm,1,1,2,0.5
bshn,1,2,3,0.33
bshs,0,1,1,0.0
bslB,13,8,21,0.62
bslD,0,1,1,0.0
bslH,2,4,6,0.33
bslJ,2,3,5,0.4
bslK,1,0,1,1.0
bslL,3,2,5,0.6
bslM,4,8,12,0.33
bslN,13,10,23,0.57
bslP,19,10,29,0.66
bslS,5,4,9,0.56
bslb,6,10,16,0.38
bsll,5,3,8,0.62
bslm,7,4,11,0.64
bsln,9,3,12,0.75
bsls,4,5,9,0.44
bsmB,14,16,30,0.47
bsmD,0,2,2,0.0
bsmH,13,13,26,0.5
bsmI,0,1,1,0.0
bsmJ,4,4,8,0.5
bsmL,8,5,13,0.62
bsmM,14,8,22,0.64
bsmN,12,15,27,0.44
bsmP,17,21,38,0.45
bsmS,7,16,23,0.3
bsmb,10,19,29,0.34
bsml,5,3,8,0.62
bsmm,7,8,15,0.47
bsmn,16,15,31,0.52
bsms,3,4,7,0.43
bsnB,9,14,23,0.39
bsnD,2,1,3,0.67
bsnH,7,6,13,0.54
bsnI,4,1,5,0.8
bsnK,2,0,2,1.0
bsnL,3,8,11,0.27
bsnM,12,9,21,0.57
bsnN,29,29,58,0.5
bsnP,31,21,52,0.6
bsnS,6,7,13,0.46
bsnb,19,11,30,0.63
bsnl,7,8,15,0.47
bsnm,11,9,20,0.55
bsnn,23,20,43,0.53
bsns,15,8,23,0.65
bssB,10,14,24,0.42
bssD,3,0,3,1.0
bssH,8,14,22,0.36
bssI,3,1,4,0.75
bssK,0,1,1,0.0
bssL,5,6,11,0.45
bssM,11,16,27,0.41
bssN,14,8,22,0.64
bssP,14,19,33,0.42
bssS,14,14,28,0.5
bssb,9,13,22,0.41
bssh,1,0,1,1.0
bssl,9,5,14,0.64
bssm,14,1,15,0.93
bssn,10,11,21,0.48
bsss,15,8,23,0.65
bstD,0,0,0,
btBb,1,0,1,1.0
btMl,1,0,1,1.0
btbN,0,1,1,0.0
btbm,1,0,1,1.0
hBBB,4,6,10,0.4
hBBL,1,0,1,1.0
hBBM,6,7,13,0.46
hBBN,3,3,6,0.5
hBBP,13,5,18,0.72
hBBS,0,3,3,0.0
hBBb,5,11,16,0.31
hBBh,1,1,2,0.5
hBBj,3,1,4,0.75
hBBl,2,4,6,0.33
hBBm,3,3,6,0.5
hBBn,3,9,12,0.25
hBBs,6,1,7,0.86
hBBt,2,1,3,0.67
hBDM,0,0,0,
hBDN,2,1,3,0.67
hBDS,0,1,1,0.0
hBDb,0,1,1,0.0
hBDm,1,1,2,0.5
hBDn,1,0,1,1.0
hBKL,0,1,1,0.0
hBKM,0,1,1,0.0
hBKN,0,1,1,0.0
hBKP,1,1,2,0.5
hBKS,0,1,1,0.0
hBKm,1,0,1,1.0
hBKn,2,0,2,1.0
hBKs,0,1,1,0.0
hBKt,0,1,1,0.0
hBLB,2,5,7,0.29
hBLH,1,0,1,1.0
hBLL,2,0,2,1.0
hBLM,3,1,4,0.75
hBLN,1,2,3,0.33
hBLP,1,4,5,0.2
hBLS,0,1,1,0.0
hBLb,5,1,6,0.83
hBLh,1,0,1,1.0
hBLj,0,1,1,0.0
hBLl,3,2,5,0.6
hBLm,5,1,6,0.83
hBLn,4,3,7,0.57
hBLs,1,1,2,0.5
hBLt,1,0,1,1.0
hBMB,8,7,15,0.53
hBMD,2,0,2,1.0
hBMH,0,0,0,
hBML,1,2,3,0.33
hBMM,5,9,14,0.36
hBMN,6,8,14,0.43
hBMP,5,11,16,0.31
hBMS,4,3,7,0.57
hBMb,7,6,13,0.54
hBMh,7,3,10,0.7
hBMj,1,1,2,0.5
hBMl,2,4,6,0.33
hBMm,9,4,13,0.69
hBMn,10,8,18,0.56
hBMs,2,3,5,0.4
hBMt,1,0,1,1.0
hBNB,3,11,14,0.21
hBND,1,0,1,1.0
hBNK,1,1,2,0.5
hBNL,1,4,5,0.2
hBNM,5,6,11,0.45
hBNN,3,11,14,0.21
hBNP,4,5,9,0.44
hBNS,6,4,10,0.6
hBNb,7,8,15,0.47
hBNh,3,2,5,0.6
hBNl,2,4,6,0.33
hBNm,0,7,7,0.0
hBNn,12,8,20,0.6
hBNs,6,3,9,0.67
hBNt,4,1,5,0.8
hBPB,4,6,10,0.4
hBPD,1,2,3,0.33
hBPH,1,1,2,0.5
hBPI,1,1,2,0.5
hBPK,0,1,1,0.0
hBPL,2,4,6,0.33
hBPM,6,11,17,0.35
hBPN,9,8,17,0.53
hBPP,10,8,18,0.56
hBPS,4,8,12,0.33
hBPb,12,9,21,0.57
hBPh,1,0,1,1.0
hBPl,5,2,7,0.71
hBPm,8,6,14,0.57
hBPn,7,10,17,0.41
hBPs,8,5,13,0.62
hBSB,2,1,3,0.67
hBSD,0,0,0,
hBSH,1,3,4,0.25
hBSL,0,1,1,0.0
hBSM,4,2,6,0.67
hBSN,6,2,8,0.75
hBSP,9,6,15,0.6
hBSS,3,4,7,0.43
hBSb,1,6,7,0.14
hBSh,3,1,4,0.75
hBSl,1,2,3,0.33
hBSm,1,1,2,0.5
hBSn,6,6,12,0.5
hBSs,2,1,3,0.67
hBSt,0,0,0,
hBbB,5,9,14,0.36
hBbD,0,1,1,0.0
hBbH,0,1,1,0.0
hBbJ,2,0,2,1.0
hBbK,0,1,1,0.0
hBbL,6,2,8,0.75
hBbM,9,8,17,0.53
hBbN,10,12,22,0.45
hBbP,15,10,25,0.6
hBbS,4,4,8,0.5
hBbb,6,4,10,0.6
hBbl,3,3,6,0.5
hBbm,3,4,7,0.43
hBbn,7,13,20,0.35
hBbs,3,8,11,0.27
hBhB,1,1,2,0.5
hBhM,1,0,1,1.0
hBhN,0,2,2,0.0
hBhP,1,2,3,0.33
hBhS,0,1,1,0.0
hBhb,2,2,4,0.5
hBhl,1,1,2,0.5
hBhm,0,1,1,0.0
hBhn,1,2,3,0.33
hBhs,0,1,1,0.0
hBjB,2,1,3,0.67
hBjD,1,0,1,1.0
hBjH,1,1,2,0.5
hBjK,1,0,1,1.0
hBjL,0,4,4,0.0
hBjM,2,4,6,0.33
hBjN,0,1,1,0.0
hBjP,3,1,4,0.75
hBjS,0,1,1,0.0
hBjb,4,2,6,0.67
hBjh,1,2,3,0.33
hBjl,2,1,3,0.67
hBjm,0,1,1,0.0
hBjn,2,3,5,0.4
hBjs,1,4,5,0.2
hBjt,1,1,2,0.5
hBlB,2,1,3,0.67
hBlD,1,0,1,1.0
hBlH,1,6,7,0.14
hBlJ,1,2,3,0.33
hBlL,1,2,3,0.33
hBlM,1,4,5,0.2
hBlN,2,7,9,0.22
hBlP,4,2,6,0.67
hBlS,5,2,7,0.71
hBlb,3,2,5,0.6
hBll,1,1,2,0.5
hBlm,1,1,2,0.5
hBln,2,4,6,0.33
hBls,1,1,2,0.5
hBmB,4,1,5,0.8
hBmD,1,0,1,1.0
hBmH,9,2,11,0.82
hBmJ,3,2,5,0.6
hBmL,1,2,3,0.33
hBmM,8,6,14,0.57
hBmN,14,3,17,0.82
hBmP,8,11,19,0.42
hBmS,3,2,5,0.6
hBmb,6,5,11,0.55
hBml,6,3,9,0.67
hBmm,7,4,11,0.64
hBmn,7,4,11,0.64
hBms,0,3,3,0.0
hBnB,4,5,9,0.44
hBnD,0,1,1,0.0
hBnH,3,5,8,0.38
hBnI,0,2,2,0.0
hBnK,2,2,4,0.5
hBnL,5,3,8,0.62
hBnM,8,9,17,0.47
hBnN,7,11,18,0.39
hBnP,15,14,29,0.52
hBnS,5,6,11,0.45
hBnb,14,3,17,0.82
hBnh,1,0,1,1.0
hBnl,4,5,9,0.44
hBnm,7,7,14,0.5
hBnn,5,10,15,0.33
hBns,10,5,15,0.67
hBsB,3,4,7,0.43
hBsH,1,5,6,0.17
hBsI,0,1,1,0.0
hBsL,1,5,6,0.17
hBsM,0,4,4,0.0
hBsN,5,1,6,0.83
hBsP,6,4,10,0.6
hBsS,3,7,10,0.3
hBsb,4,1,5,0.8
hBsh,0,1,1,0.0
hBsl,1,0,1,1.0
hBsm,2,2,4,0.5
hBsn,3,3,6,0.5
hBss,1,5,6,0.17
hBtB,1,0,1,1.0
hBtH,1,1,2,0.5
hBtM,0,2,2,0.0
hBtN,2,1,3,0.67
hBtP,3,1,4,0.75
hBtS,1,1,2,0.5
hBtb,3,2,5,0.6
hBtl,0,1,1,0.0
hBtn,1,1,2,0.5
hBts,0,1,1,0.0
hDBM,1,0,1,1.0
hDBN,0,1,1,0.0
hDBP,1,0,1,1.0
hDBb,1,0,1,1.0
hDBh,1,0,1,1.0
hDBn,1,1,2,0.5
hDDn,1,0,1,1.0
hDDs,0,0,0,
hDHL,0,1,1,0.0
hDHM,1,0,1,1.0
hDHN,1,0,1,1.0
hDHP,1,0,1,1.0
hDHb,2,1,3,0.67
hDHh,0,0,0,
hDHn,2,1,3,0.67
hDHt,1,0,1,1.0
hDIL,0,1,1,0.0
hDLB,1,0,1,1.0
hDLD,0,1,1,0.0
hDLM,1,0,1,1.0
hDLP,1,0,1,1.0
hDLS,0,1,1,0.0
hDLb,0,1,1,0.0
hDLh,0,1,1,0.0
hDLn,0,0,0,
hDLs,1,0,1,1.0
hDMB,1,0,1,1.0
hDMN,0,0,0,
hDMS,0,1,1,0.0
hDMb,1,0,1,1.0
hDMj,1,0,1,1.0
hDMl,0,1,1,0.0
hDMn,0,2,2,0.0
hDMs,0,1,1,0.0
hDNB,2,0,2,1.0
hDNL,0,1,1,0.0
hDNN,1,0,1,1.0
hDNP,0,2,2,0.0
hDNS,2,0,2,1.0
hDNb,1,0,1,1.0
hDNm,2,0,2,1.0
hDNn,1,2,3,0.33
hDPH,1,0,1,1.0
hDPK,0,1,1,0.0
hDPL,1,0,1,1.0
hDPM,0,1,1,0.0
hDPN,0,2,2,0.0
hDPP,1,0,1,1.0
hDPS,0,1,1,0.0
hDPb,1,1,2,0.5
hDPl,1,0,1,1.0
hDPm,1,0,1,1.0
hDPn,1,0,1,1.0
hDPs,0,2,2,0.0
hDPt,0,0,0,
hDSD,0,1,1,0.0
hDSH,1,0,1,1.0
hDSS,2,0,2,1.0
hDSb,0,0,0,
hDSh,0,1,1,0.0
hDSm,1,0,1,1.0
hDSn,0,1,1,0.0
hDSs,2,0,2,1.0
hDbB,1,1,2,0.5
hDbL,1,0,1,1.0
hDbM,2,0,2,1.0
hDbP,1,2,3,0.33
hDbS,1,0,1,1.0
hDbb,1,0,1,1.0
hDbl,0,1,1,0.0
hDbm,1,0,1,1.0
hDbn,0,2,2,0.0
hDlJ,0,1,1,0.0
hDlL,1,0,1,1.0
hDlM,0,1,1,0.0
hDlS,0,1,1,0.0
hDlb,0,1,1,0.0
hDln,0,0,0,
hDmB,0,1,1,0.0
hDmD,0,1,1,0.0
hDmL,0,1,1,0.0
hDmM,1,1,2,0.5
hDmN,0,0,0,
hDmP,0,0,0,
hDmb,1,0,1,1.0
hDml,0,1,1,0.0
hDnB,1,0,1,1.0
hDnH,0,1,1,0.0
hDnL,1,0,1,1.0
hDnM,0,1,1,0.0
hDnN,0,1,1,0.0
hDnS,1,0,1,1.0
hDnl,0,0,0,
hDnm,0,3,3,0.0
hDnn,1,0,1,1.0
hDsB,1,0,1,1.0
hDsH,0,1,1,0.0
hDsI,1,0,1,1.0
hDsL,1,0,1,1.0
hDsM,0,2,2,0.0
hDsN,1,0,1,1.0
hDsP,0,1,1,0.0
hDsS,1,0,1,1.0
hDsl,0,1,1,0.0
hDsm,0,1,1,0.0
hDsn,1,2,3,0.33
hHBB,0,1,1,0.0
hHBL,0,1,1,0.0
hHBM,1,0,1,1.0
hHBN,2,1,3,0.67
hHBP,3,2,5,0.6
hHBS,1,0,1,1.0
hHBb,3,2,5,0.6
hHBj,3,0,3,1.0
hHBl,0,1,1,0.0
hHBm,1,1,2,0.5
hHBn,3,1,4,0.75
hHBt,3,0,3,1.0
hHDH,1,0,1,1.0
hHDS,1,0,1,1.0
hHDb,1,0,1,1.0
hHHD,0,1,1,0.0
hHHH,1,0,1,1.0
hHHM,2,0,2,1.0
hHHN,0,1,1,0.0
hHHP,1,0,1,1.0
hHHS,1,1,2,0.5
hHHb,0,1,1,0.0
hHHh,0,0,0,
hHHn,1,1,2,0.5
hHHs,0,1,1,0.0
hHIL,0,0,0,
hHIS,1,0,1,1.0
hHIb,0,1,1,0.0
hHIn,0,1,1,0.0
hHKb,1,0,1,1.0
hHKn,0,1,1,0.0
hHKs,0,2,2,0.0
hHLB,1,2,3,0.33
hHLM,0,1,1,0.0
hHLP,0,0,0,
hHLS,1,0,1,1.0
hHLb,0,0,0,
hHLj,1,0,1,1.0
hHLm,0,1,1,0.0
hHLn,0,1,1,0.0
hHMB,1,1,2,0.5
hHML,0,1,1,0.0
hHMM,3,1,4,0.75
hHMN,2,1,3,0.67
hHMP,0,1,1,0.0
hHMS,0,1,1,0.0
hHMb,2,1,3,0.67
hHMh,2,2,4,0.5
hHMj,0,0,0,
hHMl,0,1,1,0.0
hHMm,1,1,2,0.5
hHMn,2,6,8,0.25
hHMs,2,1,3,0.67
hHMt,1,1,2,0.5
hHNB,3,4,7,0.43
hHNH,0,1,1,0.0
hHNM,2,2,4,0.5
hHNN,3,3,6,0.5
hHNP,1,4,5,0.2
hHNS,1,2,3,0.33
hHNb,0,3,3,0.0
hHNh,1,3,4,0.25
hHNl,2,0,2,1.0
hHNm,2,1,3,0.67
hHNn,3,1,4,0.75
hHNs,3,3,6,0.5
hHPB,2,2,4,0.5
hHPH,1,0,1,1.0
hHPI,1,0,1,1.0
hHPK,1,2,3,0.33
hHPL,2,1,3,0.67
hHPM,5,0,5,1.0
hHPN,2,7,9,0.22
hHPP,3,6,9,0.33
hHPS,4,3,7,0.57
hHPb,2,1,3,0.67
hHPh,1,0,1,1.0
hHPl,1,1,2,0.5
hHPm,2,2,4,0.5
hHPn,2,4,6,0.33
hHPs,5,3,8,0.62
hHPt,0,0,0,
hHSB,1,2,3,0.33
hHSD,0,0,0,
hHSH,0,0,0,
hHSM,3,1,4,0.75
hHSN,1,1,2,0.5
hHSP,0,5,5,0.0
hHSS,2,3,5,0.4
hHSb,1,4,5,0.2
hHSh,0,5,5,0.0
hHSl,1,1,2,0.5
hHSm,5,3,8,0.62
hHSn,1,1,2,0.5
hHSs,2,2,4,0.5
hHSt,1,0,1,1.0
hHbB,3,1,4,0.75
hHbH,1,0,1,1.0
hHbJ,0,1,1,0.0
hHbK,1,0,1,1.0
hHbL,2,1,3,0.67
hHbM,3,0,3,1.0
hHbN,3,1,4,0.75
hHbP,3,2,5,0.6
hHbS,2,2,4,0.5
hHbb,1,1,2,0.5
hHbm,2,3,5,0.4
hHbn,0,2,2,0.0
hHbs,2,0,2,1.0
hHhH,1,0,1,1.0
hHhL,0,0,0,
hHhM,2,0,2,1.0
hHhN,3,0,3,1.0
hHhP,0,2,2,0.0
hHhS,1,2,3,0.33
hHhb,1,1,2,0.5
hHhh,1,1,2,0.5
hHhm,0,1,1,0.0
hHhn,0,1,1,0.0
hHhs,0,1,1,0.0
hHlB,1,2,3,0.33
hHlD,0,1,1,0.0
hHlH,0,0,0,
hHlK,0,2,2,0.0
hHlM,2,0,2,1.0
hHlN,2,2,4,0.5
hHlP,0,1,1,0.0
hHlb,0,2,2,0.0
hHll,2,0,2,1.0
hHlm,0,1,1,0.0
hHln,1,0,1,1.0
hHls,0,1,1,0.0
hHmB,1,0,1,1.0
hHmH,2,0,2,1.0
hHmL,0,0,0,
hHmM,3,1,4,0.75
hHmN,4,0,4,1.0
hHmP,0,2,2,0.0
hHmS,2,3,5,0.4
hHmb,1,2,3,0.33
hHmm,2,2,4,0.5
hHmn,0,1,1,0.0
hHms,1,1,2,0.5
hHnB,2,2,4,0.5
hHnH,1,0,1,1.0
hHnI,2,0,2,1.0
hHnM,2,4,6,0.33
hHnN,1,1,2,0.5
hHnP,2,5,7,0.29
hHnS,6,4,10,0.6
hHnb,6,4,10,0.6
hHnh,0,1,1,0.0
hHnl,1,0,1,1.0
hHnm,1,3,4,0.25
hHnn,1,3,4,0.25
hHns,3,1,4,0.75
hHsB,3,1,4,0.75
hHsH,0,2,2,0.0
hHsI,1,1,2,0.5
hHsL,0,1,1,0.0
hHsM,0,2,2,0.0
hHsN,3,1,4,0.75
hHsP,4,2,6,0.67
hHsS,0,3,3,0.0
hHsb,1,4,5,0.2
hHsl,2,1,3,0.67
hHsm,1,0,1,1.0
hHsn,3,2,5,0.6
hHss,2,1,3,0.67
hHtM,0,1,1,0.0
hIBs,1,0,1,1.0
hIHK,1,0,1,1.0
hIHL,0,1,1,0.0
hIHN,0,1,1,0.0
hIHP,2,0,2,1.0
hIHS,2,0,2,1.0
hIHb,1,1,2,0.5
hIHm,1,0,1,1.0
hIHn,0,0,0,
hIHs,0,0,0,
hIIm,1,0,1,1.0
hILB,0,1,1,0.0
hILn,1,0,1,1.0
hILs,0,1,1,0.0
hIMB,0,1,1,0.0
hIML,1,0,1,1.0
hIMN,0,1,1,0.0
hIMh,0,0,0,
hIMl,1,0,1,1.0
hIMm,1,1,2,0.5
hIMn,2,0,2,1.0
hIMs,1,0,1,1.0
hINB,0,1,1,0.0
hINK,0,1,1,0.0
hINM,1,0,1,1.0
hINN,0,1,1,0.0
hINP,0,0,0,
hINS,1,0,1,1.0
hINb,1,2,3,0.33
hINh,1,0,1,1.0
hINn,1,1,2,0.5
hINs,0,1,1,0.0
hIPB,0,1,1,0.0
hIPH,1,0,1,1.0
hIPM,0,1,1,0.0
hIPN,1,1,2,0.5
hIPP,1,1,2,0.5
hIPS,0,0,0,
hIPb,2,0,2,1.0
hIPh,0,1,1,0.0
hIPl,0,0,0,
hIPm,0,0,0,
hIPn,1,0,1,1.0
hIPs,0,0,0,
hIPt,1,0,1,1.0
hISB,0,1,1,0.0
hISH,1,0,1,1.0
hISL,0,1,1,0.0
hISM,2,0,2,1.0
hISN,0,0,0,
hISP,0,1,1,0.0
hISS,1,0,1,1.0
hISh,1,0,1,1.0
hIbl,0,1,1,0.0
hIbn,0,1,1,0.0
hIbs,1,0,1,1.0
hIlH,0,1,1,0.0
hIlL,1,0,1,1.0
hIlb,1,1,2,0.5
hIlm,1,0,1,1.0
hImB,0,1,1,0.0
hImH,0,1,1,0.0
hImb,1,0,1,1.0
hImn,1,1,2,0.5
hInB,1,0,1,1.0
hInH,0,1,1,0.0
hInM,1,0,1,1.0
hInN,1,1,2,0.5
hInP,1,0,1,1.0
hInS,1,0,1,1.0
hInb,1,0,1,1.0
hInm,2,0,2,1.0
hInn,1,0,1,1.0
hIsM,1,0,1,1.0
hIsN,1,0,1,1.0
hIsS,0,0,0,
hIsb,1,0,1,1.0
hIsl,1,0,1,1.0
hIsm,0,0,0,
hItN,1,0,1,1.0
hItP,0,0,0,
hKBj,0,1,1,0.0
hKBs,1,0,1,1.0
hKDB,0,1,1,0.0
hKDb,0,1,1,0.0
hKIH,0,1,1,0.0
hKLB,0,1,1,0.0
hKLS,0,1,1,0.0
hKLb,1,1,2,0.5
hKLs,0,0,0,
hKMP,1,0,1,1.0
hKMb,1,2,3,0.33
hKMh,1,0,1,1.0
hKMn,0,1,1,0.0
hKNB,1,0,1,1.0
hKNS,0,1,1,0.0
hKNl,1,0,1,1.0
hKNn,0,0,0,
hKPB,0,1,1,0.0
hKPL,1,0,1,1.0
hKPP,1,0,1,1.0
hKSP,1,0,1,1.0
hKSn,0,0,0,
hKSs,0,0,0,
hKbH,1,0,1,1.0
hKbM,1,0,1,1.0
hKbm,0,1,1,0.0
hKbn,1,0,1,1.0
hKhP,0,1,1,0.0
hKhh,1,0,1,1.0
hKhl,1,0,1,1.0
hKhn,0,2,2,0.0
hKhs,0,1,1,0.0
hKlJ,0,1,1,0.0
hKlK,0,1,1,0.0
hKlL,1,0,1,1.0
hKlM,1,0,1,1.0
hKmb,0,1,1,0.0
hKms,1,0,1,1.0
hKnP,0,1,1,0.0
hKnb,1,0,1,1.0
hKnm,1,0,1,1.0
hKsH,1,1,2,0.5
hKsM,1,0,1,1.0
hKsP,1,0,1,1.0
hKsb,1,0,1,1.0
hKss,0,1,1,0.0
hKtN,0,1,1,0.0
hLBB,6,7,13,0.46
hLBL,1,1,2,0.5
hLBM,1,2,3,0.33
hLBN,5,2,7,0.71
hLBP,4,2,6,0.67
hLBS,0,2,2,0.0
hLBb,3,1,4,0.75
hLBh,0,1,1,0.0
hLBj,0,2,2,0.0
hLBm,2,1,3,0.67
hLBn,3,2,5,0.6
hLBs,2,2,4,0.5
hLBt,0,1,1,0.0
hLDL,1,0,1,1.0
hLDm,1,1,2,0.5
hLHP,0,1,1,0.0
hLHS,0,1,1,0.0
hLID,0,0,0,
hLKB,0,1,1,0.0
hLKM,0,0,0,
hLKb,1,0,1,1.0
hLKh,0,1,1,0.0
hLKs,1,0,1,1.0
hLLD,1,1,2,0.5
hLLL,2,0,2,1.0
hLLM,2,1,3,0.67
hLLN,1,2,3,0.33
hLLP,3,1,4,0.75
hLLS,0,1,1,0.0
hLLb,4,4,8,0.5
hLLj,0,1,1,0.0
hLLl,0,2,2,0.0
hLLm,1,0,1,1.0
hLLn,6,2,8,0.75
hLLs,0,1,1,0.0
hLMB,3,1,4,0.75
hLMD,0,1,1,0.0
hLML,3,3,6,0.5
hLMM,3,3,6,0.5
hLMN,1,2,3,0.33
hLMP,4,6,10,0.4
hLMS,1,2,3,0.33
hLMb,7,5,12,0.58
hLMh,2,7,9,0.22
hLMj,1,0,1,1.0
hLMl,1,1,2,0.5
hLMm,3,3,6,0.5
hLMn,4,3,7,0.57
hLMs,2,4,6,0.33
hLMt,1,0,1,1.0
hLNB,3,3,6,0.5
hLNH,1,0,1,1.0
hLNL,2,0,2,1.0
hLNM,1,6,7,0.14
hLNN,0,3,3,0.0
hLNP,4,5,9,0.44
hLNS,1,2,3,0.33
hLNb,3,3,6,0.5
hLNh,3,0,3,1.0
hLNl,4,0,4,1.0
hLNm,2,0,2,1.0
hLNn,5,5,10,0.5
hLNs,1,0,1,1.0
hLNt,2,1,3,0.67
hLPB,6,2,8,0.75
hLPD,1,0,1,1.0
hLPH,2,0,2,1.0
hLPK,0,2,2,0.0
hLPL,5,1,6,0.83
hLPM,4,7,11,0.36
hLPN,9,8,17,0.53
hLPP,5,5,10,0.5
hLPS,2,4,6,0.33
hLPb,4,4,8,0.5
hLPl,1,5,6,0.17
hLPm,4,4,8,0.5
hLPn,3,5,8,0.38
hLPs,3,6,9,0.33
hLPt,3,0,3,1.0
hLSB,2,1,3,0.67
hLSD,0,0,0,
hLSM,0,4,4,0.0
hLSN,0,1,1,0.0
hLSP,3,2,5,0.6
hLSS,2,3,5,0.4
hLSb,2,3,5,0.4
hLSh,1,2,3,0.33
hLSl,1,2,3,0.33
hLSm,2,0,2,1.0
hLSn,2,0,2,1.0
hLSs,3,0,3,1.0
hLSt,0,1,1,0.0
hLbB,6,3,9,0.67
hLbJ,1,2,3,0.33
hLbK,1,0,1,1.0
hLbL,2,0,2,1.0
hLbM,5,2,7,0.71
hLbN,4,6,10,0.4
hLbP,4,4,8,0.5
hLbS,2,4,6,0.33
hLbb,2,6,8,0.25
hLbl,3,1,4,0.75
hLbm,4,2,6,0.67
hLbn,3,2,5,0.6
hLbs,3,1,4,0.75
hLhB,1,2,3,0.33
hLhH,0,1,1,0.0
hLhI,0,1,1,0.0
hLhL,0,1,1,0.0
hLhM,1,0,1,1.0
hLhN,4,1,5,0.8
hLhP,3,2,5,0.6
hLhS,2,1,3,0.67
hLhb,2,1,3,0.67
hLhh,3,2,5,0.6
hLhl,1,1,2,0.5
hLhm,2,1,3,0.67
hLhn,2,4,6,0.33
hLhs,1,5,6,0.17
hLht,0,1,1,0.0
hLjB,0,1,1,0.0
hLjH,1,0,1,1.0
hLjL,0,2,2,0.0
hLjM,1,1,2,0.5
hLjN,2,0,2,1.0
hLjP,4,3,7,0.57
hLjb,2,0,2,1.0
hLjl,0,1,1,0.0
hLjm,0,2,2,0.0
hLjn,2,1,3,0.67
hLjs,1,1,2,0.5
hLlB,4,1,5,0.8
hLlH,2,1,3,0.67
hLlI,1,0,1,1.0
hLlJ,2,0,2,1.0
hLlL,0,1,1,0.0
hLlM,0,1,1,0.0
hLlN,1,2,3,0.33
hLlP,1,1,2,0.5
hLlS,0,1,1,0.0
hLlb,3,3,6,0.5
hLll,1,1,2,0.5
hLln,0,1,1,0.0
hLls,0,2,2,0.0
hLmB,1,4,5,0.2
hLmD,0,1,1,0.0
hLmH,2,2,4,0.5
hLmI,0,1,1,0.0
hLmK,1,1,2,0.5
hLmL,0,0,0,
hLmM,2,3,5,0.4
hLmN,2,4,6,0.33
hLmP,3,2,5,0.6
hLmS,2,1,3,0.67
hLmb,2,4,6,0.33
hLml,1,1,2,0.5
hLmm,5,2,7,0.71
hLmn,3,2,5,0.6
hLms,1,3,4,0.25
hLnB,1,4,5,0.2
hLnH,4,1,5,0.8
hLnI,1,0,1,1.0
hLnK,1,0,1,1.0
hLnL,3,1,4,0.75
hLnM,6,3,9,0.67
hLnN,8,2,10,0.8
hLnP,5,4,9,0.56
hLnS,1,5,6,0.17
hLnb,5,3,8,0.62
hLnh,1,0,1,1.0
hLnl,0,4,4,0.0
hLnm,4,4,8,0.5
hLnn,3,4,7,0.43
hLns,1,4,5,0.2
hLsB,0,4,4,0.0
hLsH,4,3,7,0.57
hLsL,1,0,1,1.0
hLsM,3,1,4,0.75
hLsN,3,1,4,0.75
hLsP,2,3,5,0.4
hLsS,5,3,8,0.62
hLsb,0,2,2,0.0
hLsl,2,1,3,0.67
hLsm,1,0,1,1.0
hLsn,1,2,3,0.33
hLss,3,1,4,0.75
hLtB,0,3,3,0.0
hLtH,1,1,2,0.5
hLtL,2,0,2,1.0
hLtS,0,1,1,0.0
hLtm,1,0,1,1.0
hLtn,1,0,1,1.0
hLts,0,1,1,0.0
hMBB,3,5,8,0.38
hMBK,1,0,1,1.0
hMBL,1,4,5,0.2
hMBM,4,8,12,0.33
hMBN,7,9,16,0.44
hMBP,14,14,28,0.5
hMBS,3,4,7,0.43
hMBb,9,10,19,0.47
hMBh,1,0,1,1.0
hMBj,3,2,5,0.6
hMBl,2,3,5,0.4
hMBm,4,4,8,0.5
hMBn,5,8,13,0.38
hMBs,1,3,4,0.25
hMBt,1,3,4,0.25
hMDH,1,1,2,0.5
hMDL,1,0,1,1.0
hMDN,1,0,1,1.0
hMDP,2,1,3,0.67
hMDS,2,0,2,1.0
hMDm,1,1,2,0.5
hMHn,0,0,0,
hMKM,0,1,1,0.0
hMKn,0,1,1,0.0
hMLB,6,4,10,0.6
hMLD,0,1,1,0.0
hMLK,3,0,3,1.0
hMLL,1,0,1,1.0
hMLM,6,6,12,0.5
hMLN,2,3,5,0.4
hMLP,5,2,7,0.71
hMLS,1,3,4,0.25
hMLb,1,2,3,0.33
hMLh,3,2,5,0.6
hMLj,0,1,1,0.0
hMLl,3,2,5,0.6
hMLm,4,3,7,0.57
hMLn,6,2,8,0.75
hMLs,1,2,3,0.33
hMLt,1,0,1,1.0
hMMB,8,14,22,0.36
hMMD,1,1,2,0.5
hMML,4,3,7,0.57
hMMM,10,11,21,0.48
hMMN,14,6,20,0.7
hMMP,11,9,20,0.55
hMMS,5,6,11,0.45
hMMb,12,18,30,0.4
hMMh,8,5,13,0.62
hMMj,1,3,4,0.25
hMMl,7,5,12,0.58
hMMm,10,8,18,0.56
hMMn,9,14,23,0.39
hMMs,7,4,11,0.64
hMMt,1,2,3,0.33
hMNB,3,2,5,0.6
hMND,1,0,1,1.0
hMNH,0,1,1,0.0
hMNL,2,2,4,0.5
hMNM,5,11,16,0.31
hMNN,11,9,20,0.55
hMNP,8,19,27,0.3
hMNS,5,6,11,0.45
hMNb,9,10,19,0.47
hMNh,2,3,5,0.4
hMNl,1,2,3,0.33
hMNm,7,3,10,0.7
hMNn,11,7,18,0.61
hMNs,3,10,13,0.23
hMNt,1,0,1,1.0
hMPB,9,7,16,0.56
hMPH,2,2,4,0.5
hMPI,1,1,2,0.5
hMPK,0,2,2,0.0
hMPL,4,3,7,0.57
hMPM,13,14,27,0.48
hMPN,9,19,28,0.32
hMPP,19,16,35,0.54
hMPS,8,8,16,0.5
hMPb,16,16,32,0.5
hMPl,5,9,14,0.36
hMPm,9,10,19,0.47
hMPn,17,15,32,0.53
hMPs,9,5,14,0.64
hMPt,1,1,2,0.5
hMSB,3,2,5,0.6
hMSH,0,2,2,0.0
hMSL,0,0,0,
hMSM,4,5,9,0.44
hMSN,7,3,10,0.7
hMSP,6,6,12,0.5
hMSS,6,7,13,0.46
hMSb,9,8,17,0.53
hMSh,3,1,4,0.75
hMSl,2,7,9,0.22
hMSm,4,4,8,0.5
hMSn,9,9,18,0.5
hMSs,5,2,7,0.71
hMSt,0,3,3,0.0
hMbB,5,10,15,0.33
hMbH,2,7,9,0.22
hMbI,0,1,1,0.0
hMbJ,6,4,10,0.6
hMbK,3,1,4,0.75
hMbL,4,1,5,0.8
hMbM,7,17,24,0.29
hMbN,10,13,23,0.43
hMbP,14,18,32,0.44
hMbS,8,5,13,0.62
hMbb,7,9,16,0.44
hMbl,4,3,7,0.57
hMbm,11,15,26,0.42
hMbn,17,13,30,0.57
hMbs,7,1,8,0.88
hMhB,5,2,7,0.71
hMhD,1,0,1,1.0
hMhH,0,1,1,0.0
hMhI,1,0,1,1.0
hMhL,2,1,3,0.67
hMhM,11,9,20,0.55
hMhN,12,7,19,0.63
hMhP,9,16,25,0.36
hMhS,6,10,16,0.38
hMhb,6,6,12,0.5
hMhh,15,5,20,0.75
hMhl,3,5,8,0.38
hMhm,12,4,16,0.75
hMhn,10,9,19,0.53
hMhs,5,6,11,0.45
hMht,1,0,1,1.0
hMjB,1,1,2,0.5
hMjH,0,1,1,0.0
hMjL,0,2,2,0.0
hMjM,7,3,10,0.7
hMjN,5,2,7,0.71
hMjP,2,2,4,0.5
hMjS,0,1,1,0.0
hMjb,2,0,2,1.0
hMjh,1,1,2,0.5
hMjl,1,1,2,0.5
hMjm,1,0,1,1.0
hMjn,3,4,7,0.43
hMjs,0,1,1,0.0
hMlB,5,3,8,0.62
hMlH,6,3,9,0.67
hMlI,0,1,1,0.0
hMlJ,1,0,1,1.0
hMlL,1,0,1,1.0
hMlM,6,6,12,0.5
hMlN,5,8,13,0.38
hMlP,7,2,9,0.78
hMlS,6,8,14,0.43
hMlb,2,6,8,0.25
hMll,0,1,1,0.0
hMlm,3,2,5,0.6
hMln,7,3,10,0.7
hMls,2,1,3,0.67
hMmB,2,3,5,0.4
hMmD,0,1,1,0.0
hMmH,3,8,11,0.27
hMmI,1,2,3,0.33
hMmJ,0,1,1,0.0
hMmK,1,0,1,1.0
hMmL,1,1,2,0.5
hMmM,6,9,15,0.4
hMmN,7,10,17,0.41
hMmP,9,10,19,0.47
hMmS,6,4,10,0.6
hMmb,7,12,19,0.37
hMml,3,3,6,0.5
hMmm,1,7,8,0.12
hMmn,10,6,16,0.62
hMms,0,3,3,0.0
hMnB,3,8,11,0.27
hMnD,0,1,1,0.0
hMnH,3,12,15,0.2
hMnI,0,2,2,0.0
hMnK,0,2,2,0.0
hMnL,4,8,12,0.33
hMnM,11,9,20,0.55
hMnN,18,14,32,0.56
hMnP,10,23,33,0.3
hMnS,9,10,19,0.47
hMnb,15,8,23,0.65
hMnl,11,6,17,0.65
hMnm,6,9,15,0.4
hMnn,9,19,28,0.32
hMns,6,7,13,0.46
hMsB,6,4,10,0.6
hMsH,7,4,11,0.64
hMsI,0,2,2,0.0
hMsK,1,0,1,1.0
hMsL,3,1,4,0.75
hMsM,4,5,9,0.44
hMsN,6,7,13,0.46
hMsP,8,11,19,0.42
hMsS,8,4,12,0.67
hMsb,10,5,15,0.67
hMsl,1,6,7,0.14
hMsm,6,7,13,0.46
hMsn,4,5,9,0.44
hMss,6,4,10,0.6
hMtD,1,0,1,1.0
hMtH,1,2,3,0.33
hMtK,0,0,0,
hMtM,2,4,6,0.33
hMtN,3,2,5,0.6
hMtP,2,2,4,0.5
hMtS,2,1,3,0.67
hMtb,2,5,7,0.29
hMtm,1,0,1,1.0
hMtn,1,1,2,0.5
hNBB,4,2,6,0.67
hNBD,1,1,2,0.5
hNBK,1,0,1,1.0
hNBL,2,1,3,0.67
hNBM,8,7,15,0.53
hNBN,9,7,16,0.56
hNBP,7,5,12,0.58
hNBS,4,6,10,0.4
hNBb,2,6,8,0.25
hNBj,3,3,6,0.5
hNBl,0,5,5,0.0
hNBm,5,5,10,0.5
hNBn,7,7,14,0.5
hNBs,4,6,10,0.4
hNBt,0,1,1,0.0
hNDH,0,1,1,0.0
hNDM,1,0,1,1.0
hNDN,1,1,2,0.5
hNDP,0,1,1,0.0
hNDl,1,0,1,1.0
hNDn,0,1,1,0.0
hNHB,0,1,1,0.0
hNHK,1,0,1,1.0
hNHL,1,2,3,0.33
hNHM,2,3,5,0.4
hNHN,1,1,2,0.5
hNHP,2,2,4,0.5
hNHS,0,1,1,0.0
hNHb,0,2,2,0.0
hNHl,0,1,1,0.0
hNHm,1,0,1,1.0
hNHn,2,0,2,1.0
hNHs,2,1,3,0.67
hNKB,0,1,1,0.0
hNKL,0,1,1,0.0
hNKM,0,1,1,0.0
hNKN,2,0,2,1.0
hNKP,2,0,2,1.0
hNKb,2,1,3,0.67
hNKh,2,2,4,0.5
hNKl,2,1,3,0.67
hNKm,2,0,2,1.0
hNKn,0,1,1,0.0
hNKs,1,1,2,0.5
hNKt,1,0,1,1.0
hNLB,1,2,3,0.33
hNLL,2,3,5,0.4
hNLM,2,1,3,0.67
hNLN,1,3,4,0.25
hNLP,3,1,4,0.75
hNLS,1,1,2,0.5
hNLb,1,3,4,0.25
hNLh,2,1,3,0.67
hNLj,0,2,2,0.0
hNLl,2,2,4,0.5
hNLm,2,1,3,0.67
hNLn,5,4,9,0.56
hNLs,3,0,3,1.0
hNLt,0,1,1,0.0
hNMB,4,6,10,0.4
hNMD,1,0,1,1.0
hNML,4,2,6,0.67
hNMM,3,3,6,0.5
hNMN,5,11,16,0.31
hNMP,11,9,20,0.55
hNMS,5,4,9,0.56
hNMb,8,11,19,0.42
hNMh,6,6,12,0.5
hNMj,4,0,4,1.0
hNMl,4,2,6,0.67
hNMm,8,11,19,0.42
hNMn,12,15,27,0.44
hNMs,1,8,9,0.11
hNMt,1,2,3,0.33
hNNB,5,6,11,0.45
hNND,1,1,2,0.5
hNNH,1,2,3,0.33
hNNI,0,1,1,0.0
hNNK,1,0,1,1.0
hNNL,4,3,7,0.57
hNNM,7,8,15,0.47
hNNN,8,8,16,0.5
hNNP,14,12,26,0.54
hNNS,8,9,17,0.47
hNNb,7,7,14,0.5
hNNh,4,11,15,0.27
hNNl,1,4,5,0.2
hNNm,10,10,20,0.5
hNNn,8,13,21,0.38
hNNs,9,8,17,0.53
hNNt,2,1,3,0.67
hNPB,15,3,18,0.83
hNPH,1,3,4,0.25
hNPI,0,1,1,0.0
hNPK,1,3,4,0.25
hNPL,5,3,8,0.62
hNPM,11,17,28,0.39
hNPN,13,22,35,0.37
hNPP,21,17,38,0.55
hNPS,10,11,21,0.48
hNPb,14,15,29,0.48
hNPh,0,2,2,0.0
hNPl,7,8,15,0.47
hNPm,9,7,16,0.56
hNPn,15,17,32,0.47
hNPs,9,12,21,0.43
hNPt,0,1,1,0.0
hNSB,5,4,9,0.56
hNSH,0,1,1,0.0
hNSL,3,4,7,0.43
hNSM,8,5,13,0.62
hNSN,4,7,11,0.36
hNSP,11,11,22,0.5
hNSS,7,6,13,0.54
hNSb,6,4,10,0.6
hNSh,6,2,8,0.75
hNSl,0,4,4,0.0
hNSm,4,4,8,0.5
hNSn,9,9,18,0.5
hNSs,6,7,13,0.46
hNSt,2,0,2,1.0
hNbB,6,6,12,0.5
hNbH,2,2,4,0.5
hNbI,0,2,2,0.0
hNbJ,2,3,5,0.4
hNbK,1,2,3,0.33
hNbL,6,2,8,0.75
hNbM,8,3,11,0.73
hNbN,9,9,18,0.5
hNbP,17,16,33,0.52
hNbS,13,5,18,0.72
hNbb,10,7,17,0.59
hNbl,5,3,8,0.62
hNbm,9,4,13,0.69
hNbn,6,6,12,0.5
hNbs,3,2,5,0.6
hNhB,3,3,6,0.5
hNhL,1,0,1,1.0
hNhM,1,4,5,0.2
hNhN,1,2,3,0.33
hNhP,4,4,8,0.5
hNhS,2,2,4,0.5
hNhb,3,2,5,0.6
hNhh,1,1,2,0.5
hNhl,3,1,4,0.75
hNhm,2,1,3,0.67
hNhn,1,3,4,0.25
hNhs,4,4,8,0.5
hNht,0,1,1,0.0
hNlB,0,4,4,0.0
hNlD,0,1,1,0.0
hNlH,4,3,7,0.57
hNlJ,1,3,4,0.25
hNlK,0,1,1,0.0
hNlL,2,1,3,0.67
hNlM,2,2,4,0.5
hNlN,5,4,9,0.56
hNlP,5,2,7,0.71
hNlS,4,4,8,0.5
hNlb,3,3,6,0.5
hNll,1,0,1,1.0
hNlm,4,3,7,0.57
hNln,2,3,5,0.4
hNls,3,3,6,0.5
hNmB,5,4,9,0.56
hNmD,1,0,1,1.0
hNmH,6,10,16,0.38
hNmI,0,0,0,
hNmJ,1,2,3,0.33
hNmL,2,4,6,0.33
hNmM,8,9,17,0.47
hNmN,12,8,20,0.6
hNmP,9,16,25,0.36
hNmS,4,8,12,0.33
hNmb,5,8,13,0.38
hNml,1,0,1,1.0
hNmm,4,3,7,0.57
hNmn,8,4,12,0.67
hNms,4,4,8,0.5
hNnB,7,10,17,0.41
hNnD,2,0,2,1.0
hNnH,5,4,9,0.56
hNnI,1,1,2,0.5
hNnK,2,2,4,0.5
hNnL,4,5,9,0.44
hNnM,11,14,25,0.44
hNnN,21,13,34,0.62
hNnP,18,14,32,0.56
hNnS,11,7,18,0.61
hNnb,15,11,26,0.58
hNnl,1,5,6,0.17
hNnm,8,5,13,0.62
hNnn,14,20,34,0.41
hNns,10,6,16,0.62
hNsB,1,2,3,0.33
hNsD,0,1,1,0.0
hNsH,8,4,12,0.67
hNsL,0,2,2,0.0
hNsM,5,10,15,0.33
hNsN,3,9,12,0.25
hNsP,10,9,19,0.53
hNsS,8,3,11,0.73
hNsb,8,2,10,0.8
hNsh,1,0,1,1.0
hNsl,6,1,7,0.86
hNsm,4,3,7,0.57
hNsn,6,6,12,0.5
hNss,6,6,12,0.5
hNtB,3,0,3,1.0
hNtH,1,1,2,0.5
hNtK,1,0,1,1.0
hNtM,1,1,2,0.5
hNtN,1,2,3,0.33
hNtP,2,5,7,0.29
hNtS,1,0,1,1.0
hNtb,1,4,5,0.2
hNtl,3,0,3,1.0
hNtm,1,2,3,0.33
hNtn,0,2,2,0.0
hNts,1,0,1,1.0
hNtt,1,0,1,1.0
hPBB,10,9,19,0.53
hPBK,0,3,3,0.0
hPBL,3,8,11,0.27
hPBM,7,7,14,0.5
hPBN,8,8,16,0.5
hPBP,17,9,26,0.65
hPBS,3,4,7,0.43
hPBb,14,13,27,0.52
hPBh,3,0,3,1.0
hPBj,3,4,7,0.43
hPBl,6,3,9,0.67
hPBm,5,8,13,0.38
hPBn,16,14,30,0.53
hPBs,11,0,11,1.0
hPBt,0,1,1,0.0
hPDM,3,1,4,0.75
hPDN,0,0,0,
hPDP,2,1,3,0.67
hPDS,0,1,1,0.0
hPDm,0,0,0,
hPDs,0,0,0,
hPHB,3,0,3,1.0
hPHD,2,1,3,0.67
hPHH,0,3,3,0.0
hPHI,0,1,1,0.0
hPHK,0,1,1,0.0
hPHL,1,1,2,0.5
hPHM,3,1,4,0.75
hPHN,3,5,8,0.38
hPHP,6,7,13,0.46
hPHS,4,2,6,0.67
hPHb,2,4,6,0.33
hPHh,1,3,4,0.25
hPHl,2,2,4,0.5
hPHm,1,9,10,0.1
hPHn,3,3,6,0.5
hPHs,5,3,8,0.62
hPIB,1,0,1,1.0
hPIH,1,2,3,0.33
hPIL,0,1,1,0.0
hPIN,2,0,2,1.0
hPIP,1,1,2,0.5
hPIS,1,0,1,1.0
hPIb,3,0,3,1.0
hPIl,1,0,1,1.0
hPIm,1,0,1,1.0
hPIn,0,2,2,0.0
hPKB,2,1,3,0.67
hPKL,0,1,1,0.0
hPKN,1,0,1,1.0
hPKP,3,0,3,1.0
hPKS,0,2,2,0.0
hPKb,3,1,4,0.75
hPKh,0,1,1,0.0
hPKl,2,0,2,1.0
hPKm,0,1,1,0.0
hPKn,2,0,2,1.0
hPKs,1,4,5,0.2
hPLB,9,7,16,0.56
hPLD,0,1,1,0.0
hPLL,4,3,7,0.57
hPLM,5,5,10,0.5
hPLN,6,2,8,0.75
hPLP,8,9,17,0.47
hPLS,7,4,11,0.64
hPLb,6,5,11,0.55
hPLh,1,2,3,0.33
hPLj,0,1,1,0.0
hPLl,3,2,5,0.6
hPLm,5,7,12,0.42
hPLn,6,8,14,0.43
hPLs,3,3,6,0.5
hPLt,1,0,1,1.0
hPMB,10,12,22,0.45
hPMD,0,0,0,
hPMK,0,1,1,0.0
hPML,4,4,8,0.5
hPMM,11,9,20,0.55
hPMN,15,6,21,0.71
hPMP,24,16,40,0.6
hPMS,12,5,17,0.71
hPMb,11,18,29,0.38
hPMh,10,4,14,0.71
hPMj,5,6,11,0.45
hPMl,4,8,12,0.33
hPMm,15,13,28,0.54
hPMn,19,12,31,0.61
hPMs,13,8,21,0.62
hPMt,1,3,4,0.25
hPNB,11,14,25,0.44
hPND,0,2,2,0.0
hPNH,2,5,7,0.29
hPNK,1,2,3,0.33
hPNL,4,5,9,0.44
hPNM,18,13,31,0.58
hPNN,12,15,27,0.44
hPNP,17,12,29,0.59
hPNS,9,11,20,0.45
hPNb,16,16,32,0.5
hPNh,6,6,12,0.5
hPNl,5,10,15,0.33
hPNm,6,7,13,0.46
hPNn,20,11,31,0.65
hPNs,10,12,22,0.45
hPNt,2,2,4,0.5
hPPB,13,5,18,0.72
hPPD,1,4,5,0.2
hPPH,8,1,9,0.89
hPPI,1,2,3,0.33
hPPK,1,3,4,0.25
hPPL,10,10,20,0.5
hPPM,27,25,52,0.52
hPPN,29,21,50,0.58
hPPP,28,43,71,0.39
hPPS,15,12,27,0.56
hPPb,27,22,49,0.55
hPPh,1,3,4,0.25
hPPl,22,14,36,0.61
hPPm,20,20,40,0.5
hPPn,20,10,30,0.67
hPPs,16,16,32,0.5
hPPt,0,2,2,0.0
hPSB,5,8,13,0.38
hPSD,0,2,2,0.0
hPSH,5,4,9,0.56
hPSK,1,0,1,1.0
hPSL,7,10,17,0.41
hPSM,13,15,28,0.46
hPSN,10,9,19,0.53
hPSP,15,15,30,0.5
hPSS,10,5,15,0.67
hPSb,9,10,19,0.47
hPSh,6,6,12,0.5
hPSl,10,7,17,0.59
hPSm,12,9,21,0.57
hPSn,10,9,19,0.53
hPSs,10,14,24,0.42
hPSt,2,2,4,0.5
hPbB,10,13,23,0.43
hPbD,0,2,2,0.0
hPbH,4,5,9,0.44
hPbI,1,1,2,0.5
hPbJ,3,2,5,0.6
hPbK,4,0,4,1.0
hPbL,6,6,12,0.5
hPbM,17,18,35,0.49
hPbN,15,15,30,0.5
hPbP,15,25,40,0.38
hPbS,8,10,18,0.44
hPbb,16,19,35,0.46
hPbl,9,6,15,0.6
hPbm,8,13,21,0.38
hPbn,17,13,30,0.57
hPbs,5,5,10,0.5
hPhB,2,1,3,0.67
hPhD,0,0,0,
hPhK,1,0,1,1.0
hPhL,2,0,2,1.0
hPhM,1,3,4,0.25
hPhN,2,1,3,0.67
hPhP,2,1,3,0.67
hPhS,1,3,4,0.25
hPhb,3,2,5,0.6
hPhh,2,3,5,0.4
hPhl,2,2,4,0.5
hPhm,3,1,4,0.75
hPhn,1,0,1,1.0
hPhs,0,3,3,0.0
hPlB,5,4,9,0.56
hPlH,11,5,16,0.69
hPlI,1,0,1,1.0
hPlJ,1,3,4,0.25
hPlL,1,2,3,0.33
hPlM,7,9,16,0.44
hPlN,8,9,17,0.47
hPlP,11,11,22,0.5
hPlS,7,2,9,0.78
hPlb,12,5,17,0.71
hPll,2,2,4,0.5
hPlm,6,5,11,0.55
hPln,7,5,12,0.58
hPls,5,2,7,0.71
hPmB,9,3,12,0.75
hPmD,3,1,4,0.75
hPmH,5,5,10,0.5
hPmI,1,2,3,0.33
hPmJ,3,2,5,0.6
hPmL,3,2,5,0.6
hPmM,13,17,30,0.43
hPmN,10,11,21,0.48
hPmP,12,23,35,0.34
hPmS,15,7,22,0.68
hPmb,12,13,25,0.48
hPml,1,5,6,0.17
hPmm,14,8,22,0.64
hPmn,11,11,22,0.5
hPms,4,3,7,0.57
hPnB,9,8,17,0.53
hPnD,2,2,4,0.5
hPnH,7,9,16,0.44
hPnI,3,1,4,0.75
hPnK,0,3,3,0.0
hPnL,2,4,6,0.33
hPnM,14,19,33,0.42
hPnN,13,15,28,0.46
hPnP,14,28,42,0.33
hPnS,8,10,18,0.44
hPnb,11,15,26,0.42
hPnh,0,1,1,0.0
hPnl,10,9,19,0.53
hPnm,22,9,31,0.71
hPnn,17,15,32,0.53
hPns,4,11,15,0.27
hPsB,5,4,9,0.56
hPsD,1,0,1,1.0
hPsH,11,14,25,0.44
hPsI,0,1,1,0.0
hPsK,2,1,3,0.67
hPsL,4,4,8,0.5
hPsM,6,8,14,0.43
hPsN,7,10,17,0.41
hPsP,17,12,29,0.59
hPsS,14,15,29,0.48
hPsb,12,5,17,0.71
hPsl,7,7,14,0.5
hPsm,12,7,19,0.63
hPsn,7,8,15,0.47
hPss,6,7,13,0.46
hPtB,2,1,3,0.67
hPtH,1,1,2,0.5
hPtL,4,0,4,1.0
hPtM,3,3,6,0.5
hPtN,2,2,4,0.5
hPtP,2,1,3,0.67
hPtS,1,2,3,0.33
hPtb,0,2,2,0.0
hPtl,1,1,2,0.5
hPtm,0,1,1,0.0
hPtn,1,1,2,0.5
hPts,2,1,3,0.67
hSBB,2,3,5,0.4
hSBL,1,3,4,0.25
hSBM,6,5,11,0.55
hSBN,6,11,17,0.35
hSBP,7,3,10,0.7
hSBS,3,2,5,0.6
hSBb,3,9,12,0.25
hSBh,0,1,1,0.0
hSBj,1,0,1,1.0
hSBl,1,2,3,0.33
hSBm,3,1,4,0.75
hSBn,9,3,12,0.75
hSBs,3,3,6,0.5
hSBt,1,0,1,1.0
hSDK,0,1,1,0.0
hSDM,1,1,2,0.5
hSDS,1,0,1,1.0
hSDb,1,0,1,1.0
hSDl,0,1,1,0.0
hSDm,1,0,1,1.0
hSDn,1,0,1,1.0
hSDs,1,0,1,1.0
hSHB,1,0,1,1.0
hSHH,1,1,2,0.5
hSHL,0,1,1,0.0
hSHM,4,2,6,0.67
hSHN,4,2,6,0.67
hSHP,4,2,6,0.67
hSHS,3,2,5,0.6
hSHb,3,1,4,0.75
hSHh,0,1,1,0.0
hSHl,2,1,3,0.67
hSHm,3,4,7,0.43
hSHn,4,3,7,0.57
hSHs,2,2,4,0.5
hSIH,0,0,0,
hSIM,0,1,1,0.0
hSKB,0,1,1,0.0
hSKP,0,1,1,0.0
hSKm,0,1,1,0.0
hSKn,0,1,1,0.0
hSKs,0,1,1,0.0
hSKt,1,0,1,1.0
hSLB,6,0,6,1.0
hSLD,0,1,1,0.0
hSLL,1,1,2,0.5
hSLM,1,3,4,0.25
hSLN,2,3,5,0.4
hSLP,3,6,9,0.33
hSLS,2,4,6,0.33
hSLb,3,2,5,0.6
hSLh,0,1,1,0.0
hSLl,3,0,3,1.0
hSLm,0,1,1,0.0
hSLn,1,4,5,0.2
hSLs,0,2,2,0.0
hSMB,3,4,7,0.43
hSMD,1,1,2,0.5
hSMI,1,0,1,1.0
hSML,1,4,5,0.2
hSMM,7,9,16,0.44
hSMN,8,4,12,0.67
hSMP,13,12,25,0.52
hSMS,6,3,9,0.67
hSMb,8,3,11,0.73
hSMh,4,11,15,0.27
hSMj,1,0,1,1.0
hSMl,1,7,8,0.12
hSMm,6,6,12,0.5
hSMn,5,11,16,0.31
hSMs,6,4,10,0.6
hSMt,2,1,3,0.67
hSNB,5,4,9,0.56
hSNH,2,0,2,1.0
hSNK,0,1,1,0.0
hSNL,4,3,7,0.57
hSNM,3,6,9,0.33
hSNN,9,12,21,0.43
hSNP,8,17,25,0.32
hSNS,10,5,15,0.67
hSNb,1,8,9,0.11
hSNh,1,7,8,0.12
hSNl,0,3,3,0.0
hSNm,7,10,17,0.41
hSNn,10,10,20,0.5
hSNs,3,2,5,0.6
hSNt,3,0,3,1.0
hSPB,6,4,10,0.6
hSPD,1,1,2,0.5
hSPH,6,4,10,0.6
hSPI,0,1,1,0.0
hSPK,3,1,4,0.75
hSPL,3,2,5,0.6
hSPM,13,10,23,0.57
hSPN,10,12,22,0.45
hSPP,9,14,23,0.39
hSPS,5,17,22,0.23
hSPb,15,9,24,0.62
hSPh,2,3,5,0.4
hSPl,2,5,7,0.29
hSPm,7,3,10,0.7
hSPn,9,9,18,0.5
hSPs,11,5,16,0.69
hSPt,1,0,1,1.0
hSSB,3,6,9,0.33
hSSD,1,2,3,0.33
hSSH,11,5,16,0.69
hSSK,0,1,1,0.0
hSSL,3,1,4,0.75
hSSM,5,7,12,0.42
hSSN,10,6,16,0.62
hSSP,10,11,21,0.48
hSSS,9,13,22,0.41
hSSb,8,11,19,0.42
hSSh,6,3,9,0.67
hSSl,2,4,6,0.33
hSSm,9,3,12,0.75
hSSn,6,10,16,0.38
hSSs,11,16,27,0.41
hSSt,0,0,0,
hSbB,2,7,9,0.22
hSbD,2,0,2,1.0
hSbH,3,2,5,0.6
hSbJ,3,1,4,0.75
hSbK,0,1,1,0.0
hSbL,1,2,3,0.33
hSbM,7,3,10,0.7
hSbN,9,10,19,0.47
hSbP,11,6,17,0.65
hSbS,4,8,12,0.33
hSbb,10,7,17,0.59
hSbl,7,1,8,0.88
hSbm,3,2,5,0.6
hSbn,10,11,21,0.48
hSbs,1,3,4,0.25
hShB,5,3,8,0.62
hShD,1,0,1,1.0
hShH,1,0,1,1.0
hShK,1,0,1,1.0
hShL,3,2,5,0.6
hShM,3,4,7,0.43
hShN,6,5,11,0.55
hShP,6,6,12,0.5
hShS,7,6,13,0.54
hShb,4,5,9,0.44
hShh,4,7,11,0.36
hShl,2,4,6,0.33
hShm,4,1,5,0.8
hShn,7,7,14,0.5
hShs,12,4,16,0.75
hSlB,1,6,7,0.14
hSlH,1,7,8,0.12
hSlI,1,0,1,1.0
hSlJ,0,0,0,
hSlK,0,1,1,0.0
hSlL,1,1,2,0.5
hSlM,5,5,10,0.5
hSlN,2,6,8,0.25
hSlP,2,4,6,0.33
hSlS,2,6,8,0.25
hSlb,2,8,10,0.2
hSll,3,0,3,1.0
hSlm,4,8,12,0.33
hSln,7,2,9,0.78
hSls,4,3,7,0.57
hSmB,5,1,6,0.83
hSmH,7,8,15,0.47
hSmJ,3,0,3,1.0
hSmK,0,0,0,
hSmL,3,3,6,0.5
hSmM,7,8,15,0.47
hSmN,13,5,18,0.72
hSmP,7,2,9,0.78
hSmS,3,9,12,0.25
hSmb,5,7,12,0.42
hSmh,0,1,1,0.0
hSml,3,1,4,0.75
hSmm,7,2,9,0.78
hSmn,4,5,9,0.44
hSms,4,6,10,0.4
hSnB,5,3,8,0.62
hSnD,0,1,1,0.0
hSnH,9,6,15,0.6
hSnI,1,0,1,1.0
hSnL,2,1,3,0.67
hSnM,11,13,24,0.46
hSnN,10,6,16,0.62
hSnP,11,13,24,0.46
hSnS,5,10,15,0.33
hSnb,8,5,13,0.62
hSnh,0,0,0,
hSnl,6,5,11,0.55
hSnm,9,6,15,0.6
hSnn,6,9,15,0.4
hSns,4,6,10,0.4
hSnt,1,0,1,1.0
hSsB,2,2,4,0.5
hSsD,1,0,1,1.0
hSsH,6,9,15,0.4
hSsI,1,0,1,1.0
hSsK,0,1,1,0.0
hSsL,3,1,4,0.75
hSsM,8,6,14,0.57
hSsN,13,8,21,0.62
hSsP,7,11,18,0.39
hSsS,10,11,21,0.48
hSsb,5,6,11,0.45
hSsh,0,1,1,0.0
hSsl,3,8,11,0.27
hSsm,7,11,18,0.39
hSsn,4,8,12,0.33
hSss,7,11,18,0.39
hStD,1,0,1,1.0
hStH,0,4,4,0.0
hStM,3,2,5,0.6
hStN,2,1,3,0.67
hStP,0,2,2,0.0
hStS,2,3,5,0.4
hStb,1,3,4,0.25
hStl,0,2,2,0.0
hStm,0,1,1,0.0
hStn,1,2,3,0.33
hSts,3,0,3,1.0
hStt,1,0,1,1.0
hbBB,6,3,9,0.67
hbBD,0,0,0,
hbBL,1,2,3,0.33
hbBM,10,6,16,0.62
hbBN,4,7,11,0.36
hbBP,9,3,12,0.75
hbBS,5,9,14,0.36
hbBb,7,9,16,0.44
hbBh,2,2,4,0.5
hbBj,5,4,9,0.56
hbBl,6,1,7,0.86
hbBm,2,2,4,0.5
hbBn,9,7,16,0.56
hbBs,2,2,4,0.5
hbBt,2,2,4,0.5
hbDB,1,0,1,1.0
hbDL,0,1,1,0.0
hbDN,0,2,2,0.0
hbDP,2,0,2,1.0
hbDS,1,0,1,1.0
hbDb,1,0,1,1.0
hbDl,1,0,1,1.0
hbDm,1,0,1,1.0
hbDn,1,0,1,1.0
hbDs,1,0,1,1.0
hbHB,0,4,4,0.0
hbHH,1,0,1,1.0
hbHL,1,2,3,0.33
hbHM,1,7,8,0.12
hbHN,4,1,5,0.8
hbHP,6,9,15,0.4
hbHS,2,4,6,0.33
hbHb,1,5,6,0.17
hbHh,1,0,1,1.0
hbHl,1,2,3,0.33
hbHm,5,2,7,0.71
hbHn,4,3,7,0.57
hbHs,0,5,5,0.0
hbIB,0,3,3,0.0
hbIM,1,1,2,0.5
hbIP,1,2,3,0.33
hbIS,2,1,3,0.67
hbIb,0,1,1,0.0
hbIl,0,1,1,0.0
hbIs,0,2,2,0.0
hbJB,1,2,3,0.33
hbJH,2,0,2,1.0
hbJI,1,0,1,1.0
hbJL,3,1,4,0.75
hbJM,2,4,6,0.33
hbJN,1,1,2,0.5
hbJP,2,3,5,0.4
hbJS,0,2,2,0.0
hbJb,8,2,10,0.8
hbJl,1,4,5,0.2
hbJm,3,1,4,0.75
hbJn,3,2,5,0.6
hbJs,1,2,3,0.33
hbKB,2,2,4,0.5
hbKL,1,1,2,0.5
hbKM,1,2,3,0.33
hbKN,1,1,2,0.5
hbKP,2,0,2,1.0
hbKS,1,1,2,0.5
hbKb,0,1,1,0.0
hbKh,1,1,2,0.5
hbKl,0,0,0,
hbKm,0,1,1,0.0
hbKn,0,1,1,0.0
hbKs,0,1,1,0.0
hbKt,1,0,1,1.0
hbLB,7,7,14,0.5
hbLD,1,0,1,1.0
hbLL,1,2,3,0.33
hbLM,3,5,8,0.38
hbLN,2,4,6,0.33
hbLP,3,6,9,0.33
hbLS,3,3,6,0.5
hbLb,7,4,11,0.64
hbLh,2,1,3,0.67
hbLj,2,0,2,1.0
hbLl,2,1,3,0.67
hbLm,4,3,7,0.57
hbLn,6,5,11,0.55
hbLs,2,4,6,0.33
hbLt,2,0,2,1.0
hbMB,10,11,21,0.48
hbML,3,2,5,0.6
hbMM,14,12,26,0.54
hbMN,13,7,20,0.65
hbMP,14,16,30,0.47
hbMS,3,5,8,0.38
hbMb,5,14,19,0.26
hbMh,4,12,16,0.25
hbMj,5,3,8,0.62
hbMl,4,2,6,0.67
hbMm,8,8,16,0.5
hbMn,11,14,25,0.44
hbMs,6,8,14,0.43
hbMt,2,4,6,0.33
hbNB,8,10,18,0.44
hbND,1,1,2,0.5
hbNH,1,2,3,0.33
hbNK,0,1,1,0.0
hbNL,5,3,8,0.62
hbNM,14,10,24,0.58
hbNN,12,10,22,0.55
hbNP,23,11,34,0.68
hbNS,2,6,8,0.25
hbNb,11,10,21,0.52
hbNh,2,4,6,0.33
hbNl,11,1,12,0.92
hbNm,9,9,18,0.5
hbNn,15,12,27,0.56
hbNs,7,11,18,0.39
hbNt,3,2,5,0.6
hbPB,8,4,12,0.67
hbPD,3,1,4,0.75
hbPH,1,7,8,0.12
hbPI,0,0,0,
hbPK,1,4,5,0.2
hbPL,7,7,14,0.5
hbPM,19,9,28,0.68
hbPN,11,9,20,0.55
hbPP,22,19,41,0.54
hbPS,6,14,20,0.3
hbPb,13,14,27,0.48
hbPh,2,4,6,0.33
hbPl,3,9,12,0.25
hbPm,11,8,19,0.58
hbPn,8,10,18,0.44
hbPs,7,7,14,0.5
hbSB,4,2,6,0.67
hbSH,0,3,3,0.0
hbSL,1,6,7,0.14
hbSM,6,7,13,0.46
hbSN,6,6,12,0.5
hbSP,9,11,20,0.45
hbSS,9,7,16,0.56
hbSb,4,7,11,0.36
hbSh,1,6,7,0.14
hbSl,3,3,6,0.5
hbSm,3,9,12,0.25
hbSn,7,11,18,0.39
hbSs,7,7,14,0.5
hbSt,2,1,3,0.67
hbbB,7,10,17,0.41
hbbD,0,1,1,0.0
hbbH,3,4,7,0.43
hbbI,4,1,5,0.8
hbbJ,2,2,4,0.5
hbbK,1,0,1,1.0
hbbL,6,3,9,0.67
hbbM,11,15,26,0.42
hbbN,16,10,26,0.62
hbbP,11,15,26,0.42
hbbS,5,5,10,0.5
hbbb,14,7,21,0.67
hbbl,4,6,10,0.4
hbbm,11,8,19,0.58
hbbn,5,17,22,0.23
hbbs,8,2,10,0.8
hbhB,0,1,1,0.0
hblB,3,4,7,0.43
hblH,2,6,8,0.25
hblJ,4,1,5,0.8
hblK,1,1,2,0.5
hblL,1,1,2,0.5
hblM,3,4,7,0.43
hblN,13,8,21,0.62
hblP,6,7,13,0.46
hblS,6,1,7,0.86
hblb,5,4,9,0.56
hbll,4,1,5,0.8
hblm,2,1,3,0.67
hbln,3,3,6,0.5
hbls,2,1,3,0.67
hbmB,3,6,9,0.33
hbmD,1,1,2,0.5
hbmH,2,4,6,0.33
hbmJ,2,1,3,0.67
hbmL,4,2,6,0.67
hbmM,9,5,14,0.64
hbmN,8,3,11,0.73
hbmP,8,9,17,0.47
hbmS,1,7,8,0.12
hbmb,12,5,17,0.71
hbml,2,3,5,0.4
hbmm,1,3,4,0.25
hbmn,8,4,12,0.67
hbms,3,4,7,0.43
hbnB,5,5,10,0.5
hbnH,6,11,17,0.35
hbnI,3,1,4,0.75
hbnK,2,1,3,0.67
hbnL,2,3,5,0.4
hbnM,5,8,13,0.38
hbnN,12,16,28,0.43
hbnP,24,11,35,0.69
hbnS,9,10,19,0.47
hbnb,10,14,24,0.42
hbnh,0,1,1,0.0
hbnl,5,5,10,0.5
hbnm,6,3,9,0.67
hbnn,7,16,23,0.3
hbns,9,5,14,0.64
hbsB,3,5,8,0.38
hbsD,2,0,2,1.0
hbsH,8,5,13,0.62
hbsI,0,1,1,0.0
hbsK,1,0,1,1.0
hbsL,3,3,6,0.5
hbsM,6,5,11,0.55
hbsN,7,7,14,0.5
hbsP,4,7,11,0.36
hbsS,4,9,13,0.31
hbsb,2,1,3,0.67
hbsl,3,2,5,0.6
hbsm,3,2,5,0.6
hbsn,7,7,14,0.5
hbss,4,3,7,0.57
hhBB,4,0,4,1.0
hhBD,2,0,2,1.0
hhBK,1,0,1,1.0
hhBL,5,5,10,0.5
hhBM,5,3,8,0.62
hhBN,7,9,16,0.44
hhBP,8,6,14,0.57
hhBS,5,2,7,0.71
hhBb,13,5,18,0.72
hhBh,1,1,2,0.5
hhBj,1,2,3,0.33
hhBl,1,0,1,1.0
hhBm,8,6,14,0.57
hhBn,4,12,16,0.25
hhBs,2,2,4,0.5
hhBt,2,2,4,0.5
hhDH,0,1,1,0.0
hhDI,1,0,1,1.0
hhDM,0,2,2,0.0
hhDN,0,1,1,0.0
hhDP,1,1,2,0.5
hhDS,1,0,1,1.0
hhDb,1,0,1,1.0
hhDl,1,0,1,1.0
hhDn,0,1,1,0.0
hhDs,1,0,1,1.0
hhHB,2,1,3,0.67
hhHH,0,0,0,
hhHI,0,1,1,0.0
hhHL,1,1,2,0.5
hhHM,4,0,4,1.0
hhHN,3,0,3,1.0
hhHP,4,5,9,0.44
hhHS,3,4,7,0.43
hhHb,2,2,4,0.5
hhHh,0,1,1,0.0
hhHl,0,1,1,0.0
hhHm,1,0,1,1.0
hhHn,2,2,4,0.5
hhHs,0,4,4,0.0
hhIB,0,1,1,0.0
hhIN,0,1,1,0.0
hhIP,0,1,1,0.0
hhIs,0,1,1,0.0
hhKM,0,1,1,0.0
hhKP,1,0,1,1.0
hhKS,0,0,0,
hhKl,0,0,0,
hhKs,1,0,1,1.0
hhLB,2,1,3,0.67
hhLI,0,0,0,
hhLK,1,0,1,1.0
hhLL,2,1,3,0.67
hhLM,3,2,5,0.6
hhLN,2,1,3,0.67
hhLP,6,4,10,0.6
hhLS,3,1,4,0.75
hhLb,1,4,5,0.2
hhLh,1,1,2,0.5
hhLj,1,2,3,0.33
hhLl,2,0,2,1.0
hhLm,2,1,3,0.67
hhLn,6,8,14,0.43
hhLs,2,4,6,0.33
hhLt,1,0,1,1.0
hhMB,7,3,10,0.7
hhML,1,4,5,0.2
hhMM,7,5,12,0.58
hhMN,1,6,7,0.14
hhMP,10,9,19,0.53
hhMS,5,3,8,0.62
hhMb,13,9,22,0.59
hhMh,7,10,17,0.41
hhMj,2,1,3,0.67
hhMl,5,2,7,0.71
hhMm,3,9,12,0.25
hhMn,11,9,20,0.55
hhMs,6,5,11,0.55
hhMt,2,1,3,0.67
hhNB,6,3,9,0.67
hhND,0,2,2,0.0
hhNH,0,0,0,
hhNL,1,2,3,0.33
hhNM,6,7,13,0.46
hhNN,5,5,10,0.5
hhNP,11,7,18,0.61
hhNS,7,12,19,0.37
hhNb,6,6,12,0.5
hhNh,2,2,4,0.5
hhNl,0,3,3,0.0
hhNm,6,4,10,0.6
hhNn,10,13,23,0.43
hhNs,8,4,12,0.67
hhNt,0,2,2,0.0
hhPB,9,13,22,0.41
hhPD,0,0,0,
hhPH,3,2,5,0.6
hhPI,0,2,2,0.0
hhPK,2,2,4,0.5
hhPL,8,5,13,0.62
hhPM,17,15,32,0.53
hhPN,11,12,23,0.48
hhPP,19,20,39,0.49
hhPS,8,11,19,0.42
hhPb,10,14,24,0.42
hhPh,4,2,6,0.67
hhPl,7,7,14,0.5
hhPm,5,7,12,0.42
hhPn,9,9,18,0.5
hhPs,4,3,7,0.57
hhPt,1,0,1,1.0
hhSB,4,2,6,0.67
hhSD,0,0,0,
hhSH,2,5,7,0.29
hhSL,3,4,7,0.43
hhSM,10,6,16,0.62
hhSN,6,4,10,0.6
hhSP,10,12,22,0.45
hhSS,1,11,12,0.08
hhSb,7,9,16,0.44
hhSh,4,8,12,0.33
hhSl,5,7,12,0.42
hhSm,8,7,15,0.53
hhSn,8,7,15,0.53
hhSs,9,9,18,0.5
hhSt,1,1,2,0.5
hhbB,5,3,8,0.62
hhbD,0,1,1,0.0
hhbH,2,3,5,0.4
hhbI,1,1,2,0.5
hhbK,1,0,1,1.0
hhbL,5,2,7,0.71
hhbM,10,7,17,0.59
hhbN,9,7,16,0.56
hhbP,7,6,13,0.54
hhbS,4,7,11,0.36
hhbb,5,9,14,0.36
hhbl,3,9,12,0.25
hhbm,8,3,11,0.73
hhbn,10,2,12,0.83
hhbs,7,3,10,0.7
hhhB,5,4,9,0.56
hhhD,0,1,1,0.0
hhhH,3,2,5,0.6
hhhK,0,2,2,0.0
hhhL,5,2,7,0.71
hhhM,7,9,16,0.44
hhhN,7,5,12,0.58
hhhP,15,13,28,0.54
hhhS,9,5,14,0.64
hhhb,9,7,16,0.56
hhhh,8,11,19,0.42
hhhl,3,3,6,0.5
hhhm,7,6,13,0.54
hhhn,10,3,13,0.77
hhhs,5,7,12,0.42
hhht,0,1,1,0.0
hhlB,1,3,4,0.25
hhlH,3,4,7,0.43
hhlJ,1,2,3,0.33
hhlK,0,0,0,
hhlL,3,1,4,0.75
hhlM,7,4,11,0.64
hhlN,3,8,11,0.27
hhlP,6,5,11,0.55
hhlS,3,3,6,0.5
hhlb,2,4,6,0.33
hhll,3,3,6,0.5
hhlm,5,1,6,0.83
hhln,2,4,6,0.33
hhls,4,4,8,0.5
hhmB,3,5,8,0.38
hhmD,2,1,3,0.67
hhmH,4,6,10,0.4
hhmI,0,1,1,0.0
hhmJ,1,3,4,0.25
hhmL,6,1,7,0.86
hhmM,7,10,17,0.41
hhmN,13,8,21,0.62
hhmP,9,6,15,0.6
hhmS,7,8,15,0.47
hhmb,7,9,16,0.44
hhml,3,3,6,0.5
hhmm,8,1,9,0.89
hhmn,9,8,17,0.53
hhms,2,5,7,0.29
hhnB,4,9,13,0.31
hhnD,1,0,1,1.0
hhnH,2,1,3,0.67
hhnI,2,0,2,1.0
hhnK,1,1,2,0.5
hhnL,1,4,5,0.2
hhnM,9,12,21,0.43
hhnN,6,7,13,0.46
hhnP,15,10,25,0.6
hhnS,6,9,15,0.4
hhnb,12,3,15,0.8
hhnh,1,1,2,0.5
hhnl,6,5,11,0.55
hhnm,3,7,10,0.3
hhnn,9,12,21,0.43
hhns,7,4,11,0.64
hhsB,7,6,13,0.54
hhsD,1,1,2,0.5
hhsH,5,7,12,0.42
hhsI,1,0,1,1.0
hhsK,1,0,1,1.0
hhsL,4,0,4,1.0
hhsM,6,5,11,0.55
hhsN,9,4,13,0.69
hhsP,4,20,24,0.17
hhsS,8,9,17,0.47
hhsb,7,7,14,0.5
hhsl,4,0,4,1.0
hhsm,10,6,16,0.62
hhsn,7,8,15,0.47
hhss,4,7,11,0.36
hhtB,1,1,2,0.5
hhtH,0,1,1,0.0
hhtM,1,1,2,0.5
hhtN,1,0,1,1.0
hhtP,2,1,3,0.67
hhtS,0,0,0,
hhtb,0,0,0,
hhtl,1,2,3,0.33
hhtm,0,1,1,0.0
hhtn,1,1,2,0.5
hlBB,0,4,4,0.0
hlBD,1,0,1,1.0
hlBL,2,3,5,0.4
hlBM,2,3,5,0.4
hlBN,4,3,7,0.57
hlBP,1,3,4,0.25
hlBS,2,1,3,0.67
hlBb,5,5,10,0.5
hlBh,1,0,1,1.0
hlBj,1,0,1,1.0
hlBl,4,1,5,0.8
hlBm,4,1,5,0.8
hlBn,6,4,10,0.6
hlBs,0,1,1,0.0
hlDN,0,1,1,0.0
hlDt,0,1,1,0.0
hlHB,5,2,7,0.71
hlHK,0,1,1,0.0
hlHL,0,1,1,0.0
hlHM,9,5,14,0.64
hlHN,1,9,10,0.1
hlHP,5,4,9,0.56
hlHS,3,4,7,0.43
hlHb,4,4,8,0.5
hlHh,1,1,2,0.5
hlHl,2,4,6,0.33
hlHm,1,4,5,0.2
hlHn,4,6,10,0.4
hlHs,3,2,5,0.6
hlHt,1,0,1,1.0
hlIM,1,0,1,1.0
hlIN,0,1,1,0.0
hlIb,1,1,2,0.5
hlIn,1,0,1,1.0
hlIs,1,0,1,1.0
hlJB,1,2,3,0.33
hlJH,0,1,1,0.0
hlJI,0,0,0,
hlJK,0,1,1,0.0
hlJM,2,1,3,0.67
hlJN,0,3,3,0.0
hlJP,1,4,5,0.2
hlJS,2,2,4,0.5
hlJb,1,1,2,0.5
hlJh,1,0,1,1.0
hlJl,1,0,1,1.0
hlJm,0,1,1,0.0
hlJn,0,0,0,
hlJs,1,1,2,0.5
hlJt,1,0,1,1.0
hlKP,1,1,2,0.5
hlKS,0,1,1,0.0
hlKb,1,0,1,1.0
hlKh,1,1,2,0.5
hlKl,1,0,1,1.0
hlKm,1,1,2,0.5
hlKn,0,0,0,
hlLB,0,1,1,0.0
hlLD,1,0,1,1.0
hlLL,1,0,1,1.0
hlLM,1,3,4,0.25
hlLN,3,3,6,0.5
hlLP,2,3,5,0.4
hlLS,0,3,3,0.0
hlLb,2,3,5,0.4
hlLh,2,3,5,0.4
hlLj,0,1,1,0.0
hlLl,0,0,0,
hlLm,0,1,1,0.0
hlLn,5,1,6,0.83
hlLs,1,1,2,0.5
hlLt,2,0,2,1.0
hlMB,4,4,8,0.5
hlMD,0,0,0,
hlMK,1,0,1,1.0
hlML,2,4,6,0.33
hlMM,5,5,10,0.5
hlMN,7,4,11,0.64
hlMP,7,8,15,0.47
hlMS,3,5,8,0.38
hlMb,8,5,13,0.62
hlMh,5,9,14,0.36
hlMj,1,3,4,0.25
hlMl,1,3,4,0.25
hlMm,5,3,8,0.62
hlMn,10,4,14,0.71
hlMs,3,6,9,0.33
hlMt,1,1,2,0.5
hlNB,1,2,3,0.33
hlND,1,0,1,1.0
hlNH,0,2,2,0.0
hlNK,1,1,2,0.5
hlNL,3,0,3,1.0
hlNM,1,5,6,0.17
hlNN,7,6,13,0.54
hlNP,10,4,14,0.71
hlNS,2,11,13,0.15
hlNb,5,7,12,0.42
hlNh,1,3,4,0.25
hlNl,3,4,7,0.43
hlNm,8,3,11,0.73
hlNn,6,11,17,0.35
hlNs,8,3,11,0.73
hlPB,6,6,12,0.5
hlPD,0,1,1,0.0
hlPH,1,2,3,0.33
hlPK,0,2,2,0.0
hlPL,4,3,7,0.57
hlPM,7,6,13,0.54
hlPN,5,7,12,0.42
hlPP,10,12,22,0.45
hlPS,8,3,11,0.73
hlPb,4,5,9,0.44
hlPl,8,4,12,0.67
hlPm,9,4,13,0.69
hlPn,4,6,10,0.4
hlPs,7,5,12,0.58
hlPt,2,2,4,0.5
hlSB,3,3,6,0.5
hlSD,1,0,1,1.0
hlSH,0,1,1,0.0
hlSK,0,1,1,0.0
hlSL,1,3,4,0.25
hlSM,5,7,12,0.42
hlSN,1,5,6,0.17
hlSP,6,6,12,0.5
hlSS,4,4,8,0.5
hlSb,4,1,5,0.8
hlSh,3,5,8,0.38
hlSl,1,3,4,0.25
hlSm,2,3,5,0.4
hlSn,6,6,12,0.5
hlSs,5,7,12,0.42
hlSt,2,2,4,0.5
hlbB,1,2,3,0.33
hlbH,0,2,2,0.0
hlbI,2,0,2,1.0
hlbJ,3,0,3,1.0
hlbK,2,0,2,1.0
hlbL,2,1,3,0.67
hlbM,5,8,13,0.38
hlbN,3,4,7,0.43
hlbP,3,5,8,0.38
hlbS,0,5,5,0.0
hlbb,11,8,19,0.58
hlbl,2,2,4,0.5
hlbm,7,3,10,0.7
hlbn,1,7,8,0.12
hlbs,3,2,5,0.6
hllB,3,3,6,0.5
hllH,0,4,4,0.0
hllJ,1,1,2,0.5
hllL,1,2,3,0.33
hllM,2,4,6,0.33
hllN,9,5,14,0.64
hllP,3,4,7,0.43
hllS,6,0,6,1.0
hllb,1,2,3,0.33
hlll,0,3,3,0.0
hllm,2,5,7,0.29
hlln,5,3,8,0.62
hlls,0,0,0,
hlmB,3,3,6,0.5
hlmH,3,3,6,0.5
hlmJ,1,0,1,1.0
hlmL,5,3,8,0.62
hlmM,4,8,12,0.33
hlmN,5,7,12,0.42
hlmP,3,2,5,0.6
hlmS,1,2,3,0.33
hlmb,2,2,4,0.5
hlml,1,0,1,1.0
hlmm,2,0,2,1.0
hlmn,1,6,7,0.14
hlms,3,1,4,0.75
hlnB,2,0,2,1.0
hlnD,1,0,1,1.0
hlnH,0,2,2,0.0
hlnI,0,1,1,0.0
hlnL,2,3,5,0.4
hlnM,3,5,8,0.38
hlnN,4,3,7,0.57
hlnP,5,7,12,0.42
hlnS,2,2,4,0.5
hlnb,5,8,13,0.38
hlnl,1,1,2,0.5
hlnm,3,0,3,1.0
hlnn,3,5,8,0.38
hlns,3,1,4,0.75
hlsB,2,0,2,1.0
hlsD,1,0,1,1.0
hlsH,3,6,9,0.33
hlsI,0,1,1,0.0
hlsL,0,2,2,0.0
hlsM,6,4,10,0.6
hlsN,3,3,6,0.5
hlsP,8,3,11,0.73
hlsS,3,3,6,0.5
hlsb,4,5,9,0.44
hlsl,0,2,2,0.0
hlsm,2,1,3,0.67
hlsn,2,2,4,0.5
hlss,1,0,1,1.0
hmBB,3,4,7,0.43
hmBD,1,0,1,1.0
hmBL,0,2,2,0.0
hmBM,5,6,11,0.45
hmBN,6,4,10,0.6
hmBP,7,7,14,0.5
hmBS,4,3,7,0.57
hmBb,8,7,15,0.53
hmBh,2,2,4,0.5
hmBj,3,2,5,0.6
hmBl,3,2,5,0.6
hmBm,7,1,8,0.88
hmBn,9,5,14,0.64
hmBs,2,2,4,0.5
hmBt,0,1,1,0.0
hmDB,2,2,4,0.5
hmDD,1,1,2,0.5
hmDH,2,1,3,0.67
hmDK,0,0,0,
hmDL,0,2,2,0.0
hmDN,1,0,1,1.0
hmDP,0,1,1,0.0
hmDS,3,1,4,0.75
hmDb,0,1,1,0.0
hmDl,0,2,2,0.0
hmDm,2,0,2,1.0
hmDn,1,0,1,1.0
hmDs,1,1,2,0.5
hmHB,1,8,9,0.11
hmHD,0,2,2,0.0
hmHH,1,0,1,1.0
hmHI,1,0,1,1.0
hmHK,1,0,1,1.0
hmHL,2,2,4,0.5
hmHM,5,5,10,0.5
hmHN,5,6,11,0.45
hmHP,12,10,22,0.55
hmHS,6,3,9,0.67
hmHb,10,5,15,0.67
hmHh,0,6,6,0.0
hmHl,0,5,5,0.0
hmHm,3,5,8,0.38
hmHn,12,4,16,0.75
hmHs,5,7,12,0.42
hmIM,0,1,1,0.0
hmIN,0,1,1,0.0
hmIP,1,1,2,0.5
hmIb,1,0,1,1.0
hmIl,1,0,1,1.0
hmIm,1,0,1,1.0
hmIn,0,2,2,0.0
hmIs,0,1,1,0.0
hmJB,1,2,3,0.33
hmJH,0,1,1,0.0
hmJL,0,1,1,0.0
hmJM,0,1,1,0.0
hmJN,1,2,3,0.33
hmJP,3,4,7,0.43
hmJS,0,2,2,0.0
hmJb,1,4,5,0.2
hmJl,0,1,1,0.0
hmJm,2,2,4,0.5
hmJn,1,1,2,0.5
hmJs,0,2,2,0.0
hmKS,1,0,1,1.0
hmKs,1,0,1,1.0
hmLB,3,1,4,0.75
hmLD,0,1,1,0.0
hmLK,0,1,1,0.0
hmLL,1,0,1,1.0
hmLM,5,2,7,0.71
hmLN,4,1,5,0.8
hmLP,5,3,8,0.62
hmLS,2,2,4,0.5
hmLb,2,3,5,0.4
hmLh,2,2,4,0.5
hmLj,1,2,3,0.33
hmLm,5,2,7,0.71
hmLn,8,6,14,0.57
hmLs,2,0,2,1.0
hmLt,1,0,1,1.0
hmMB,6,6,12,0.5
hmML,5,5,10,0.5
hmMM,6,10,16,0.38
hmMN,12,5,17,0.71
hmMP,12,3,15,0.8
hmMS,5,8,13,0.38
hmMb,9,8,17,0.53
hmMh,6,8,14,0.43
hmMj,1,2,3,0.33
hmMl,2,2,4,0.5
hmMm,5,8,13,0.38
hmMn,14,10,24,0.58
hmMs,6,4,10,0.6
hmMt,2,1,3,0.67
hmNB,4,4,8,0.5
hmNH,1,1,2,0.5
hmNL,4,4,8,0.5
hmNM,13,11,24,0.54
hmNN,12,13,25,0.48
hmNP,13,18,31,0.42
hmNS,2,9,11,0.18
hmNb,6,10,16,0.38
hmNh,0,1,1,0.0
hmNl,6,0,6,1.0
hmNm,6,9,15,0.4
hmNn,13,11,24,0.54
hmNs,11,7,18,0.61
hmNt,0,2,2,0.0
hmPB,5,12,17,0.29
hmPD,1,0,1,1.0
hmPH,3,4,7,0.43
hmPK,0,1,1,0.0
hmPL,3,5,8,0.38
hmPM,9,5,14,0.64
hmPN,10,7,17,0.59
hmPP,13,18,31,0.42
hmPS,2,3,5,0.4
hmPb,9,6,15,0.6
hmPh,0,1,1,0.0
hmPl,3,2,5,0.6
hmPm,12,1,13,0.92
hmPn,14,12,26,0.54
hmPs,6,3,9,0.67
hmPt,1,0,1,1.0
hmSB,4,3,7,0.57
hmSL,1,1,2,0.5
hmSM,12,6,18,0.67
hmSN,6,8,14,0.43
hmSP,10,10,20,0.5
hmSS,7,4,11,0.64
hmSb,5,9,14,0.36
hmSh,2,4,6,0.33
hmSl,1,2,3,0.33
hmSm,4,5,9,0.44
hmSn,8,7,15,0.53
hmSs,10,8,18,0.56
hmSt,3,3,6,0.5
hmbB,8,8,16,0.5
hmbD,1,0,1,1.0
hmbH,4,2,6,0.67
hmbI,0,1,1,0.0
hmbJ,3,3,6,0.5
hmbK,1,1,2,0.5
hmbL,2,2,4,0.5
hmbM,5,7,12,0.42
hmbN,7,11,18,0.39
hmbP,7,11,18,0.39
hmbS,6,5,11,0.55
hmbb,5,9,14,0.36
hmbl,5,4,9,0.56
hmbm,6,5,11,0.55
hmbn,9,12,21,0.43
hmbs,2,3,5,0.4
hmhm,1,0,1,1.0
hmhs,0,1,1,0.0
hmlB,2,2,4,0.5
hmlH,0,1,1,0.0
hmlJ,3,0,3,1.0
hmlL,3,2,5,0.6
hmlM,3,1,4,0.75
hmlN,3,2,5,0.6
hmlP,3,4,7,0.43
hmlS,0,3,3,0.0
hmlb,1,3,4,0.25
hmll,0,3,3,0.0
hmlm,4,0,4,1.0
hmln,1,0,1,1.0
hmls,2,1,3,0.67
hmmB,6,5,11,0.55
hmmH,5,2,7,0.71
hmmJ,1,2,3,0.33
hmmK,0,1,1,0.0
hmmL,3,4,7,0.43
hmmM,9,5,14,0.64
hmmN,6,7,13,0.46
hmmP,12,8,20,0.6
hmmS,2,3,5,0.4
hmmb,4,5,9,0.44
hmmh,1,0,1,1.0
hmml,2,2,4,0.5
hmmm,1,0,1,1.0
hmmn,4,5,9,0.44
hmms,3,2,5,0.6
hmnB,4,4,8,0.5
hmnH,2,7,9,0.22
hmnI,3,3,6,0.5
hmnK,2,1,3,0.67
hmnL,6,3,9,0.67
hmnM,12,8,20,0.6
hmnN,10,9,19,0.53
hmnP,6,11,17,0.35
hmnS,7,6,13,0.54
hmnb,7,3,10,0.7
hmnl,1,3,4,0.25
hmnm,5,3,8,0.62
hmnn,8,8,16,0.5
hmns,3,4,7,0.43
hmsB,1,2,3,0.33
hmsD,1,1,2,0.5
hmsH,0,6,6,0.0
hmsL,1,1,2,0.5
hmsM,3,2,5,0.6
hmsN,3,3,6,0.5
hmsP,6,6,12,0.5
hmsS,4,2,6,0.67
hmsb,2,5,7,0.29
hmsl,4,1,5,0.8
hmsm,5,5,10,0.5
hmsn,6,3,9,0.67
hmss,5,2,7,0.71
hnBB,8,6,14,0.57
hnBH,0,1,1,0.0
hnBL,2,1,3,0.67
hnBM,9,8,17,0.53
hnBN,7,14,21,0.33
hnBP,9,6,15,0.6
hnBS,2,1,3,0.67
hnBb,11,3,14,0.79
hnBh,1,1,2,0.5
hnBj,1,1,2,0.5
hnBl,1,2,3,0.33
hnBm,11,6,17,0.65
hnBn,10,11,21,0.48
hnBs,2,2,4,0.5
hnBt,0,1,1,0.0
hnDL,1,1,2,0.5
hnDM,1,0,1,1.0
hnDN,2,0,2,1.0
hnDP,3,1,4,0.75
hnDS,2,2,4,0.5
hnDm,0,0,0,
hnDn,1,0,1,1.0
hnDs,0,2,2,0.0
hnDt,0,1,1,0.0
hnHB,2,0,2,1.0
hnHD,1,0,1,1.0
hnHH,1,2,3,0.33
hnHI,0,2,2,0.0
hnHK,0,1,1,0.0
hnHL,2,1,3,0.67
hnHM,4,4,8,0.5
hnHN,5,6,11,0.45
hnHP,8,10,18,0.44
hnHS,5,10,15,0.33
hnHb,4,5,9,0.44
hnHh,1,4,5,0.2
hnHl,4,1,5,0.8
hnHm,4,4,8,0.5
hnHn,9,4,13,0.69
hnHs,6,6,12,0.5
hnHt,1,1,2,0.5
hnIB,2,1,3,0.67
hnIH,1,0,1,1.0
hnIL,1,1,2,0.5
hnIM,4,1,5,0.8
hnIN,1,2,3,0.33
hnIP,2,1,3,0.67
hnIS,1,2,3,0.33
hnIb,0,0,0,
hnIl,0,0,0,
hnIm,0,3,3,0.0
hnIn,0,3,3,0.0
hnIs,1,0,1,1.0
hnKB,1,0,1,1.0
hnKH,0,2,2,0.0
hnKI,0,0,0,
hnKL,0,1,1,0.0
hnKM,1,1,2,0.5
hnKN,0,2,2,0.0
hnKP,0,2,2,0.0
hnKS,2,0,2,1.0
hnKh,2,0,2,1.0
hnKl,1,0,1,1.0
hnKm,1,3,4,0.25
hnKn,3,2,5,0.6
hnKs,1,3,4,0.25
hnLB,3,5,8,0.38
hnLL,1,1,2,0.5
hnLM,5,6,11,0.45
hnLN,3,4,7,0.43
hnLP,5,6,11,0.45
hnLS,5,3,8,0.62
hnLb,4,7,11,0.36
hnLh,0,1,1,0.0
hnLj,3,3,6,0.5
hnLl,1,2,3,0.33
hnLm,3,5,8,0.38
hnLn,3,2,5,0.6
hnLs,1,1,2,0.5
hnLt,3,1,4,0.75
hnMB,6,8,14,0.43
hnML,6,8,14,0.43
hnMM,11,10,21,0.52
hnMN,7,12,19,0.37
hnMP,13,8,21,0.62
hnMS,6,5,11,0.55
hnMb,11,8,19,0.58
hnMh,7,14,21,0.33
hnMj,2,4,6,0.33
hnMl,8,9,17,0.47
hnMm,9,9,18,0.5
hnMn,15,21,36,0.42
hnMs,11,8,19,0.58
hnMt,2,2,4,0.5
hnNB,8,9,17,0.47
hnND,2,4,6,0.33
hnNH,3,2,5,0.6
hnNI,0,1,1,0.0
hnNK,1,0,1,1.0
hnNL,8,4,12,0.67
hnNM,15,22,37,0.41
hnNN,20,9,29,0.69
hnNP,33,25,58,0.57
hnNS,10,11,21,0.48
hnNb,10,8,18,0.56
hnNh,4,4,8,0.5
hnNl,5,4,9,0.56
hnNm,13,7,20,0.65
hnNn,18,21,39,0.46
hnNs,7,10,17,0.41
hnNt,1,2,3,0.33
hnPB,8,11,19,0.42
hnPD,0,2,2,0.0
hnPH,9,6,15,0.6
hnPI,1,2,3,0.33
hnPK,3,2,5,0.6
hnPL,3,10,13,0.23
hnPM,15,19,34,0.44
hnPN,19,22,41,0.46
hnPP,31,29,60,0.52
hnPS,14,12,26,0.54
hnPb,17,20,37,0.46
hnPh,3,3,6,0.5
hnPl,8,4,12,0.67
hnPm,21,10,31,0.68
hnPn,17,22,39,0.44
hnPs,15,9,24,0.62
hnPt,0,2,2,0.0
hnSB,8,7,15,0.53
hnSD,0,1,1,0.0
hnSH,8,7,15,0.53
hnSL,2,3,5,0.4
hnSM,9,12,21,0.43
hnSN,10,6,16,0.62
hnSP,16,14,30,0.53
hnSS,6,9,15,0.4
hnSb,11,11,22,0.5
hnSh,7,7,14,0.5
hnSl,6,2,8,0.75
hnSm,9,5,14,0.64
hnSn,19,13,32,0.59
hnSs,8,5,13,0.62
hnSt,1,2,3,0.33
hnbB,10,5,15,0.67
hnbD,2,1,3,0.67
hnbH,5,3,8,0.62
hnbI,0,2,2,0.0
hnbJ,1,1,2,0.5
hnbK,0,0,0,
hnbL,2,9,11,0.18
hnbM,9,18,27,0.33
hnbN,11,15,26,0.42
hnbP,14,14,28,0.5
hnbS,5,9,14,0.36
hnbb,11,10,21,0.52
hnbl,5,6,11,0.45
hnbm,5,7,12,0.42
hnbn,8,8,16,0.5
hnbs,9,5,14,0.64
hnhB,2,0,2,1.0
hnhH,0,1,1,0.0
hnhL,0,1,1,0.0
hnhM,0,0,0,
hnhP,1,1,2,0.5
hnhS,2,0,2,1.0
hnhb,0,2,2,0.0
hnhl,1,0,1,1.0
hnhn,1,0,1,1.0
hnlB,3,3,6,0.5
hnlD,1,0,1,1.0
hnlH,1,4,5,0.2
hnlI,0,1,1,0.0
hnlJ,1,2,3,0.33
hnlK,0,1,1,0.0
hnlL,2,3,5,0.4
hnlM,3,3,6,0.5
hnlN,6,8,14,0.43
hnlP,12,8,20,0.6
hnlS,3,4,7,0.43
hnlb,6,3,9,0.67
hnll,0,3,3,0.0
hnlm,2,2,4,0.5
hnln,3,3,6,0.5
hnls,4,2,6,0.67
hnmB,6,5,11,0.55
hnmD,1,0,1,1.0
hnmH,4,9,13,0.31
hnmI,0,1,1,0.0
hnmJ,2,3,5,0.4
hnmL,5,5,10,0.5
hnmM,7,11,18,0.39
hnmN,9,11,20,0.45
hnmP,13,15,28,0.46
hnmS,6,4,10,0.6
hnmb,11,8,19,0.58
hnml,2,3,5,0.4
hnmm,6,3,9,0.67
hnmn,9,14,23,0.39
hnms,1,5,6,0.17
hnnB,6,7,13,0.46
hnnD,0,0,0,
hnnH,8,6,14,0.57
hnnI,1,1,2,0.5
hnnK,1,3,4,0.25
hnnL,10,5,15,0.67
hnnM,9,8,17,0.53
hnnN,10,14,24,0.42
hnnP,30,23,53,0.57
hnnS,6,10,16,0.38
hnnb,12,18,30,0.4
hnnh,2,3,5,0.4
hnnl,2,7,9,0.22
hnnm,6,4,10,0.6
hnnn,17,16,33,0.52
hnns,7,9,16,0.44
hnsB,8,6,14,0.57
hnsD,0,2,2,0.0
hnsH,6,13,19,0.32
hnsL,4,1,5,0.8
hnsM,5,6,11,0.45
hnsN,11,8,19,0.58
hnsP,14,9,23,0.61
hnsS,6,8,14,0.43
hnsb,16,6,22,0.73
hnsl,6,0,6,1.0
hnsm,1,5,6,0.17
hnsn,15,6,21,0.71
hnss,6,7,13,0.46
hsBB,3,6,9,0.33
hsBL,2,1,3,0.67
hsBM,5,4,9,0.56
hsBN,6,6,12,0.5
hsBP,7,7,14,0.5
hsBS,1,2,3,0.33
hsBb,9,7,16,0.56
hsBj,2,2,4,0.5
hsBl,2,5,7,0.29
hsBm,5,1,6,0.83
hsBn,3,3,6,0.5
hsBs,3,4,7,0.43
hsBt,1,0,1,1.0
hsDD,1,0,1,1.0
hsDH,0,1,1,0.0
hsDL,0,1,1,0.0
hsDM,1,0,1,1.0
hsDN,1,0,1,1.0
hsDP,0,3,3,0.0
hsDS,0,3,3,0.0
hsDb,1,1,2,0.5
hsDm,1,0,1,1.0
hsDn,1,0,1,1.0
hsDs,1,2,3,0.33
hsDt,0,0,0,
hsHB,4,6,10,0.4
hsHH,2,1,3,0.67
hsHK,0,1,1,0.0
hsHL,0,4,4,0.0
hsHM,5,14,19,0.26
hsHN,6,8,14,0.43
hsHP,9,9,18,0.5
hsHS,8,7,15,0.53
hsHb,7,5,12,0.58
hsHh,5,4,9,0.56
hsHl,7,10,17,0.41
hsHm,10,6,16,0.62
hsHn,16,10,26,0.62
hsHs,7,9,16,0.44
hsHt,0,0,0,
hsIB,1,0,1,1.0
hsIH,1,1,2,0.5
hsIM,0,2,2,0.0
hsIN,1,0,1,1.0
hsIP,1,1,2,0.5
hsIS,2,1,3,0.67
hsIm,0,1,1,0.0
hsIs,0,2,2,0.0
hsKB,0,1,1,0.0
hsKL,1,0,1,1.0
hsKS,0,0,0,
hsKb,0,1,1,0.0
hsKh,0,0,0,
hsKm,2,0,2,1.0
hsKn,1,0,1,1.0
hsKs,1,0,1,1.0
hsKt,0,0,0,
hsLB,6,2,8,0.75
hsLL,1,0,1,1.0
hsLM,3,1,4,0.75
hsLN,4,2,6,0.67
hsLP,4,1,5,0.8
hsLS,3,4,7,0.43
hsLb,5,3,8,0.62
hsLh,2,3,5,0.4
hsLj,1,1,2,0.5
hsLl,0,4,4,0.0
hsLm,4,1,5,0.8
hsLn,5,8,13,0.38
hsLs,3,2,5,0.6
hsLt,1,0,1,1.0
hsMB,2,8,10,0.2
hsML,5,4,9,0.56
hsMM,7,8,15,0.47
hsMN,6,5,11,0.55
hsMP,6,7,13,0.46
hsMS,7,4,11,0.64
hsMb,9,6,15,0.6
hsMh,10,11,21,0.48
hsMj,3,1,4,0.75
hsMl,3,2,5,0.6
hsMm,6,8,14,0.43
hsMn,5,9,14,0.36
hsMs,4,2,6,0.67
hsMt,2,1,3,0.67
hsNB,2,8,10,0.2
hsND,0,1,1,0.0
hsNH,4,1,5,0.8
hsNI,1,1,2,0.5
hsNK,2,0,2,1.0
hsNL,4,6,10,0.4
hsNM,11,6,17,0.65
hsNN,6,7,13,0.46
hsNP,12,14,26,0.46
hsNS,3,8,11,0.27
hsNb,7,5,12,0.58
hsNh,1,3,4,0.25
hsNl,3,3,6,0.5
hsNm,5,7,12,0.42
hsNn,10,4,14,0.71
hsNs,6,6,12,0.5
hsNt,1,1,2,0.5
hsPB,6,7,13,0.46
hsPD,0,2,2,0.0
hsPH,6,3,9,0.67
hsPI,1,3,4,0.25
hsPK,0,2,2,0.0
hsPL,8,2,10,0.8
hsPM,9,10,19,0.47
hsPN,9,12,21,0.43
hsPP,23,18,41,0.56
hsPS,8,11,19,0.42
hsPb,9,11,20,0.45
hsPh,1,1,2,0.5
hsPl,3,7,10,0.3
hsPm,10,7,17,0.59
hsPn,9,14,23,0.39
hsPs,8,12,20,0.4
hsPt,2,1,3,0.67
hsSB,4,3,7,0.57
hsSD,1,1,2,0.5
hsSH,1,5,6,0.17
hsSK,0,1,1,0.0
hsSL,5,0,5,1.0
hsSM,6,11,17,0.35
hsSN,9,10,19,0.47
hsSP,13,14,27,0.48
hsSS,15,14,29,0.52
hsSb,6,8,14,0.43
hsSh,6,7,13,0.46
hsSl,9,7,16,0.56
hsSm,9,4,13,0.69
hsSn,6,14,20,0.3
hsSs,12,12,24,0.5
hsSt,1,3,4,0.25
hsbB,3,9,12,0.25
hsbH,3,3,6,0.5
hsbI,1,1,2,0.5
hsbJ,0,1,1,0.0
hsbK,2,0,2,1.0
hsbL,2,2,4,0.5
hsbM,9,5,14,0.64
hsbN,11,16,27,0.41
hsbP,9,9,18,0.5
hsbS,4,6,10,0.4
hsbb,8,5,13,0.62
hsbl,3,4,7,0.43
hsbm,11,7,18,0.61
hsbn,10,6,16,0.62
hsbs,1,2,3,0.33
hshM,1,0,1,1.0
hshP,2,0,2,1.0
hshb,0,1,1,0.0
hshh,1,0,1,1.0
hshl,0,0,0,
hshm,1,0,1,1.0
hshs,2,0,2,1.0
hslB,0,3,3,0.0
hslD,0,2,2,0.0
hslH,3,3,6,0.5
hslJ,1,1,2,0.5
hslL,3,3,6,0.5
hslM,7,6,13,0.54
hslN,3,4,7,0.43
hslP,5,4,9,0.56
hslS,5,2,7,0.71
hslb,6,4,10,0.6
hsll,1,6,7,0.14
hslm,1,2,3,0.33
hsln,0,2,2,0.0
hsls,2,2,4,0.5
hsmB,3,3,6,0.5
hsmD,2,0,2,1.0
hsmH,7,8,15,0.47
hsmJ,1,1,2,0.5
hsmL,2,5,7,0.29
hsmM,8,6,14,0.57
hsmN,11,11,22,0.5
hsmP,7,14,21,0.33
hsmS,6,7,13,0.46
hsmb,8,10,18,0.44
hsml,0,3,3,0.0
hsmm,5,4,9,0.56
hsmn,6,1,7,0.86
hsms,8,2,10,0.8
hsnB,5,4,9,0.56
hsnD,1,0,1,1.0
hsnH,2,4,6,0.33
hsnI,1,1,2,0.5
hsnK,1,0,1,1.0
hsnL,0,1,1,0.0
hsnM,8,7,15,0.53
hsnN,11,6,17,0.65
hsnP,7,8,15,0.47
hsnS,9,9,18,0.5
hsnb,9,6,15,0.6
hsnh,1,0,1,1.0
hsnl,1,4,5,0.2
hsnm,2,2,4,0.5
hsnn,9,4,13,0.69
hsns,8,10,18,0.44
hsnt,0,1,1,0.0
hssB,4,3,7,0.57
hssD,1,2,3,0.33
hssH,5,4,9,0.56
hssI,1,0,1,1.0
hssL,0,4,4,0.0
hssM,6,8,14,0.43
hssN,6,10,16,0.38
hssP,9,7,16,0.56
hssS,13,8,21,0.62
hssb,4,9,13,0.31
hssh,0,1,1,0.0
hssl,4,3,7,0.57
hssm,8,3,11,0.73
hssn,8,3,11,0.73
hsss,5,10,15,0.33
hstM,0,1,1,0.0
hstP,1,0,1,1.0
htBM,1,1,2,0.5
htBN,1,0,1,1.0
htBP,1,1,2,0.5
htBS,0,0,0,
htBb,3,0,3,1.0
htBj,1,2,3,0.33
htBl,0,0,0,
htBm,1,1,2,0.5
htBn,2,0,2,1.0
htBs,1,0,1,1.0
htDB,0,1,1,0.0
htDm,1,0,1,1.0
htDs,0,0,0,
htHM,1,1,2,0.5
htHN,0,1,1,0.0
htHP,2,1,3,0.67
htHS,0,0,0,
htHh,1,0,1,1.0
htHm,1,0,1,1.0
htHn,1,0,1,1.0
htHs,0,1,1,0.0
htKM,1,0,1,1.0
htKS,0,1,1,0.0
htKn,0,1,1,0.0
htKs,0,0,0,
htLL,1,0,1,1.0
htLN,1,0,1,1.0
htLP,0,0,0,
htLb,3,0,3,1.0
htLh,1,0,1,1.0
htLl,1,0,1,1.0
htLm,0,1,1,0.0
htLn,2,0,2,1.0
htMB,1,2,3,0.33
htMM,0,1,1,0.0
htMN,2,1,3,0.67
htMP,0,2,2,0.0
htMS,0,1,1,0.0
htMh,0,1,1,0.0
htMj,0,1,1,0.0
htMl,0,2,2,0.0
htMm,1,0,1,1.0
htMn,2,1,3,0.67
htMs,0,1,1,0.0
htMt,0,1,1,0.0
htNB,0,1,1,0.0
htNH,0,1,1,0.0
htNL,1,0,1,1.0
htNN,0,2,2,0.0
htNP,2,1,3,0.67
htNS,3,1,4,0.75
htNb,0,1,1,0.0
htNh,1,1,2,0.5
htNl,2,0,2,1.0
htNm,2,2,4,0.5
htNn,3,2,5,0.6
htNs,1,0,1,1.0
htPB,1,2,3,0.33
htPL,1,1,2,0.5
htPM,1,2,3,0.33
htPN,1,0,1,1.0
htPP,6,4,10,0.6
htPS,1,2,3,0.33
htPb,2,2,4,0.5
htPh,1,0,1,1.0
htPl,2,1,3,0.67
htPm,0,1,1,0.0
htPn,1,3,4,0.25
htPs,4,2,6,0.67
htSB,4,1,5,0.8
htSH,0,1,1,0.0
htSM,1,0,1,1.0
htSN,1,1,2,0.5
htSP,1,1,2,0.5
htSS,3,1,4,0.75
htSb,0,1,1,0.0
htSh,0,1,1,0.0
htSl,1,0,1,1.0
htSm,1,2,3,0.33
htSn,0,1,1,0.0
htSs,1,0,1,1.0
htbB,2,1,3,0.67
htbD,0,1,1,0.0
htbI,0,0,0,
htbL,1,1,2,0.5
htbM,1,1,2,0.5
htbN,3,1,4,0.75
htbP,2,2,4,0.5
htbb,0,1,1,0.0
htbl,1,0,1,1.0
htbm,3,0,3,1.0
htbn,1,2,3,0.33
hthP,0,0,0,
htlH,0,2,2,0.0
htlL,2,0,2,1.0
htlN,1,2,3,0.33
htlP,0,0,0,
htlS,0,2,2,0.0
htlb,0,3,3,0.0
htll,1,0,1,1.0
htlm,0,1,1,0.0
htln,0,2,2,0.0
htmH,1,0,1,1.0
htmJ,0,2,2,0.0
htmL,1,0,1,1.0
htmM,0,2,2,0.0
htmN,2,0,2,1.0
htmP,1,0,1,1.0
htmS,0,0,0,
htmb,1,0,1,1.0
html,1,0,1,1.0
htmm,0,1,1,0.0
htms,1,0,1,1.0
htnB,0,0,0,
htnD,0,0,0,
htnH,1,0,1,1.0
htnL,0,1,1,0.0
htnM,1,0,1,1.0
htnN,0,3,3,0.0
htnP,3,3,6,0.5
htnS,0,1,1,0.0
htnb,2,0,2,1.0
htnm,0,2,2,0.0
htnn,1,2,3,0.33
htns,0,3,3,0.0
htsB,1,2,3,0.33
htsD,0,1,1,0.0
htsH,2,0,2,1.0
htsM,0,2,2,0.0
htsN,0,0,0,
htsP,0,2,2,0.0
htsS,1,2,3,0.33
htsb,1,0,1,1.0
htsm,0,0,0,
htsn,1,0,1,1.0
htss,1,1,2,0.5
httM,0,1,1,0.0
httN,0,1,1,0.0
httm,1,1,2,0.5
jBBB,0,4,4,0.0
jBBM,0,5,5,0.0
jBBN,0,1,1,0.0
jBBP,3,3,6,0.5
jBBS,1,0,1,1.0
jBBb,1,3,4,0.25
jBBj,1,1,2,0.5
jBBl,2,1,3,0.67
jBBm,2,1,3,0.67
jBBn,2,2,4,0.5
jBBt,0,0,0,
jBDP,1,0,1,1.0
jBDb,1,0,1,1.0
jBKM,0,0,0,
jBKl,0,1,1,0.0
jBKn,1,0,1,1.0
jBKs,0,0,0,
jBLB,1,1,2,0.5
jBLD,1,0,1,1.0
jBLL,0,1,1,0.0
jBLM,1,1,2,0.5
jBLN,0,1,1,0.0
jBLP,0,3,3,0.0
jBLb,1,3,4,0.25
jBLl,1,2,3,0.33
jBLm,0,1,1,0.0
jBLn,1,2,3,0.33
jBLs,1,0,1,1.0
jBMB,1,2,3,0.33
jBML,5,0,5,1.0
jBMM,2,1,3,0.67
jBMN,2,3,5,0.4
jBMP,4,2,6,0.67
jBMS,0,1,1,0.0
jBMb,3,4,7,0.43
jBMj,0,2,2,0.0
jBMl,2,1,3,0.67
jBMm,6,0,6,1.0
jBMn,2,3,5,0.4
jBMt,1,0,1,1.0
jBNB,1,2,3,0.33
jBNH,1,0,1,1.0
jBNM,2,3,5,0.4
jBNN,4,2,6,0.67
jBNP,4,3,7,0.57
jBNS,1,0,1,1.0
jBNb,5,4,9,0.56
jBNh,1,0,1,1.0
jBNl,0,1,1,0.0
jBNm,3,1,4,0.75
jBNn,3,2,5,0.6
jBNs,1,0,1,1.0
jBNt,1,1,2,0.5
jBPB,2,0,2,1.0
jBPH,1,1,2,0.5
jBPL,1,2,3,0.33
jBPM,1,2,3,0.33
jBPN,3,2,5,0.6
jBPP,3,5,8,0.38
jBPS,1,2,3,0.33
jBPb,3,5,8,0.38
jBPl,2,2,4,0.5
jBPm,0,3,3,0.0
jBPn,3,1,4,0.75
jBPs,1,1,2,0.5
jBPt,1,0,1,1.0
jBSB,1,0,1,1.0
jBSD,0,1,1,0.0
jBSH,1,1,2,0.5
jBSL,0,0,0,
jBSM,1,0,1,1.0
jBSN,0,2,2,0.0
jBSP,2,2,4,0.5
jBSS,0,1,1,0.0
jBSb,3,1,4,0.75
jBSh,2,1,3,0.67
jBSl,0,1,1,0.0
jBSn,2,1,3,0.67
jBSs,4,0,4,1.0
jBSt,1,0,1,1.0
jBbB,0,2,2,0.0
jBbD,1,0,1,1.0
jBbH,1,1,2,0.5
jBbI,1,1,2,0.5
jBbJ,2,0,2,1.0
jBbK,0,1,1,0.0
jBbL,1,1,2,0.5
jBbM,1,3,4,0.25
jBbN,3,1,4,0.75
jBbP,4,1,5,0.8
jBbS,0,2,2,0.0
jBbb,2,3,5,0.4
jBbl,0,1,1,0.0
jBbm,2,3,5,0.4
jBbn,3,1,4,0.75
jBbs,0,0,0,
jBhH,1,0,1,1.0
jBhP,2,0,2,1.0
jBhb,1,0,1,1.0
jBhl,0,1,1,0.0
jBhn,2,0,2,1.0
jBhs,1,2,3,0.33
jBjB,0,1,1,0.0
jBjL,1,1,2,0.5
jBjN,0,1,1,0.0
jBjP,0,0,0,
jBjb,0,0,0,
jBjh,0,1,1,0.0
jBjm,1,0,1,1.0
jBlB,1,4,5,0.2
jBlD,0,1,1,0.0
jBlH,1,0,1,1.0
jBlJ,1,0,1,1.0
jBlL,0,0,0,
jBlM,1,2,3,0.33
jBlN,2,2,4,0.5
jBlS,1,0,1,1.0
jBlb,3,1,4,0.75
jBll,0,1,1,0.0
jBlm,1,1,2,0.5
jBmB,0,2,2,0.0
jBmH,1,1,2,0.5
jBmI,1,1,2,0.5
jBmL,1,0,1,1.0
jBmM,0,2,2,0.0
jBmN,1,4,5,0.2
jBmP,1,2,3,0.33
jBmS,1,1,2,0.5
jBmb,1,4,5,0.2
jBml,2,1,3,0.67
jBmm,1,1,2,0.5
jBmn,1,2,3,0.33
jBms,0,3,3,0.0
jBnB,1,1,2,0.5
jBnD,0,1,1,0.0
jBnH,0,3,3,0.0
jBnL,1,0,1,1.0
jBnM,2,3,5,0.4
jBnN,1,3,4,0.25
jBnP,5,9,14,0.36
jBnS,2,1,3,0.67
jBnb,4,1,5,0.8
jBnl,2,0,2,1.0
jBnm,2,1,3,0.67
jBnn,3,3,6,0.5
jBns,0,0,0,
jBsB,1,0,1,1.0
jBsD,1,0,1,1.0
jBsH,1,0,1,1.0
jBsL,1,1,2,0.5
jBsM,0,2,2,0.0
jBsN,0,1,1,0.0
jBsP,1,2,3,0.33
jBsS,1,0,1,1.0
jBsl,0,1,1,0.0
jBsn,3,0,3,1.0
jBss,1,0,1,1.0
jBtD,0,1,1,0.0
jBtN,0,1,1,0.0
jBtP,1,0,1,1.0
jBtS,1,0,1,1.0
jBtb,1,0,1,1.0
jBtn,0,1,1,0.0
jBts,1,0,1,1.0
jDHP,1,0,1,1.0
jDHh,1,0,1,1.0
jDHl,1,0,1,1.0
jDHm,0,0,0,
jDLN,0,0,0,
jDMB,1,0,1,1.0
jDMP,0,1,1,0.0
jDMh,1,0,1,1.0
jDNN,0,2,2,0.0
jDNP,0,1,1,0.0
jDPL,1,0,1,1.0
jDPN,0,1,1,0.0
jDPP,1,1,2,0.5
jDPl,0,1,1,0.0
jDSH,1,0,1,1.0
jDSM,0,0,0,
jDSP,0,1,1,0.0
jDSS,0,1,1,0.0
jDbN,0,1,1,0.0
jDbS,0,1,1,0.0
jDbb,1,0,1,1.0
jDmH,1,0,1,1.0
jDmN,0,1,1,0.0
jDmP,0,1,1,0.0
jDmb,1,0,1,1.0
jDmn,1,0,1,1.0
jDnL,0,1,1,0.0
jDnM,0,1,1,0.0
jDnn,0,1,1,0.0
jDsP,0,0,0,
jDsb,1,0,1,1.0
jHBL,0,1,1,0.0
jHBM,1,0,1,1.0
jHBN,0,1,1,0.0
jHBP,1,1,2,0.5
jHBb,1,1,2,0.5
jHBh,0,1,1,0.0
jHBm,1,2,3,0.33
jHBn,1,1,2,0.5
jHHH,1,0,1,1.0
jHHI,0,0,0,
jHHh,0,0,0,
jHIM,0,0,0,
jHIs,0,1,1,0.0
jHLM,1,0,1,1.0
jHLb,0,1,1,0.0
jHLn,0,1,1,0.0
jHLs,1,0,1,1.0
jHMB,1,0,1,1.0
jHML,1,0,1,1.0
jHMN,2,0,2,1.0
jHMP,0,1,1,0.0
jHMS,0,1,1,0.0
jHMm,1,1,2,0.5
jHMn,2,0,2,1.0
jHMs,1,1,2,0.5
jHNL,0,1,1,0.0
jHNM,0,2,2,0.0
jHNN,0,1,1,0.0
jHNP,0,2,2,0.0
jHNS,0,1,1,0.0
jHNh,0,1,1,0.0
jHNl,1,2,3,0.33
jHNm,2,0,2,1.0
jHNn,1,1,2,0.5
jHNs,0,1,1,0.0
jHNt,0,0,0,
jHPB,0,1,1,0.0
jHPH,0,2,2,0.0
jHPK,1,0,1,1.0
jHPL,2,1,3,0.67
jHPM,2,0,2,1.0
jHPN,0,1,1,0.0
jHPP,2,3,5,0.4
jHPS,1,0,1,1.0
jHPb,1,0,1,1.0
jHPh,0,2,2,0.0
jHPl,0,2,2,0.0
jHPm,1,1,2,0.5
jHPn,2,2,4,0.5
jHPs,1,0,1,1.0
jHSB,0,1,1,0.0
jHSN,1,2,3,0.33
jHSP,0,2,2,0.0
jHSS,1,0,1,1.0
jHSb,0,2,2,0.0
jHSl,1,1,2,0.5
jHSm,0,1,1,0.0
jHSn,0,0,0,
jHSs,1,1,2,0.5
jHbB,0,1,1,0.0
jHbD,0,1,1,0.0
jHbJ,1,0,1,1.0
jHbL,0,2,2,0.0
jHbN,2,1,3,0.67
jHbP,2,0,2,1.0
jHbS,1,0,1,1.0
jHbl,1,0,1,1.0
jHbm,1,2,3,0.33
jHbn,1,1,2,0.5
jHhM,1,1,2,0.5
jHhN,1,0,1,1.0
jHhP,2,0,2,1.0
jHhS,2,1,3,0.67
jHhm,1,0,1,1.0
jHhs,1,0,1,1.0
jHlJ,0,1,1,0.0
jHlN,0,1,1,0.0
jHlP,1,0,1,1.0
jHlS,1,0,1,1.0
jHlb,2,0,2,1.0
jHln,0,1,1,0.0
jHmH,1,0,1,1.0
jHmJ,1,0,1,1.0
jHmK,0,1,1,0.0
jHmM,0,3,3,0.0
jHmN,0,0,0,
jHmP,3,3,6,0.5
jHmb,1,0,1,1.0
jHmm,0,2,2,0.0
jHnB,0,0,0,
jHnH,0,0,0,
jHnM,0,2,2,0.0
jHnN,1,1,2,0.5
jHnP,1,0,1,1.0
jHnS,0,2,2,0.0
jHnb,2,0,2,1.0
jHnm,1,2,3,0.33
jHnn,1,0,1,1.0
jHns,0,0,0,
jHsH,1,0,1,1.0
jHsM,1,1,2,0.5
jHsN,1,1,2,0.5
jHsP,2,0,2,1.0
jHsl,0,1,1,0.0
jHsm,0,0,0,
jHsn,0,1,1,0.0
jHss,0,1,1,0.0
jHtn,1,0,1,1.0
jIBl,0,0,0,
jIDM,1,0,1,1.0
jIHP,1,0,1,1.0
jIHh,0,1,1,0.0
jILB,0,0,0,
jILn,1,0,1,1.0
jIML,1,0,1,1.0
jIMM,1,0,1,1.0
jIMb,1,0,1,1.0
jIMl,0,1,1,0.0
jINP,0,0,0,
jIPN,1,0,1,1.0
jIPP,0,1,1,0.0
jIPb,0,1,1,0.0
jIPh,0,0,0,
jIPl,0,1,1,0.0
jIPn,0,0,0,
jIPs,0,1,1,0.0
jISH,0,0,0,
jISm,0,1,1,0.0
jIbM,0,2,2,0.0
jIbN,0,1,1,0.0
jIbP,0,0,0,
jIbb,0,1,1,0.0
jIbm,0,1,1,0.0
jIbn,1,0,1,1.0
jIlM,1,0,1,1.0
jIlP,0,1,1,0.0
jImJ,1,0,1,1.0
jImb,0,1,1,0.0
jInD,0,1,1,0.0
jInP,1,0,1,1.0
jIsM,0,1,1,0.0
jIsm,0,0,0,
jIsn,0,1,1,0.0
jIss,0,0,0,
jKBS,2,0,2,1.0
jKBb,0,1,1,0.0
jKBl,0,0,0,
jKHP,1,0,1,1.0
jKLb,0,1,1,0.0
jKLh,1,0,1,1.0
jKLm,0,1,1,0.0
jKLn,1,0,1,1.0
jKLs,0,1,1,0.0
jKMB,1,0,1,1.0
jKMP,2,0,2,1.0
jKMb,0,1,1,0.0
jKMm,1,1,2,0.5
jKNN,1,0,1,1.0
jKNl,0,1,1,0.0
jKNm,0,1,1,0.0
jKPS,0,2,2,0.0
jKPb,2,1,3,0.67
jKSL,1,1,2,0.5
jKSt,0,1,1,0.0
jKbH,0,1,1,0.0
jKbb,1,0,1,1.0
jKhM,1,2,3,0.33
jKhl,0,1,1,0.0
jKlH,1,0,1,1.0
jKlM,1,1,2,0.5
jKlP,1,0,1,1.0
jKmB,1,0,1,1.0
jKmb,1,0,1,1.0
jKmm,1,1,2,0.5
jKms,1,0,1,1.0
jKnH,1,0,1,1.0
jKnL,1,0,1,1.0
jKnS,0,1,1,0.0
jKnm,1,0,1,1.0
jKsH,0,1,1,0.0
jLBL,1,1,2,0.5
jLBM,0,1,1,0.0
jLBN,0,0,0,
jLBP,1,4,5,0.2
jLBS,1,0,1,1.0
jLBh,0,1,1,0.0
jLBj,1,0,1,1.0
jLBm,1,1,2,0.5
jLBn,0,2,2,0.0
jLBs,1,0,1,1.0
jLDL,1,0,1,1.0
jLKB,0,1,1,0.0
jLKM,1,0,1,1.0
jLLM,1,1,2,0.5
jLLS,1,0,1,1.0
jLLh,0,0,0,
jLLm,0,0,0,
jLLn,1,0,1,1.0
jLLs,0,1,1,0.0
jLMB,1,1,2,0.5
jLML,2,0,2,1.0
jLMM,0,1,1,0.0
jLMN,0,1,1,0.0
jLMP,2,1,3,0.67
jLMS,1,0,1,1.0
jLMb,2,1,3,0.67
jLMh,0,1,1,0.0
jLMl,0,1,1,0.0
jLMm,2,0,2,1.0
jLMn,2,0,2,1.0
jLNB,2,0,2,1.0
jLND,1,0,1,1.0
jLNH,0,0,0,
jLNL,0,1,1,0.0
jLNM,1,1,2,0.5
jLNN,0,2,2,0.0
jLNP,4,1,5,0.8
jLNS,0,1,1,0.0
jLNb,2,0,2,1.0
jLNm,2,1,3,0.67
jLNn,1,0,1,1.0
jLNs,0,1,1,0.0
jLNt,0,2,2,0.0
jLPH,0,1,1,0.0
jLPL,0,1,1,0.0
jLPM,1,0,1,1.0
jLPN,2,2,4,0.5
jLPP,1,3,4,0.25
jLPS,1,1,2,0.5
jLPb,1,0,1,1.0
jLPl,0,2,2,0.0
jLPm,1,1,2,0.5
jLPn,2,3,5,0.4
jLPs,2,0,2,1.0
jLSB,2,0,2,1.0
jLSL,2,0,2,1.0
jLSM,0,1,1,0.0
jLSN,1,0,1,1.0
jLSP,0,1,1,0.0
jLSS,2,1,3,0.67
jLSl,1,0,1,1.0
jLSm,0,1,1,0.0
jLSn,0,1,1,0.0
jLSs,0,1,1,0.0
jLbB,1,2,3,0.33
jLbH,0,1,1,0.0
jLbI,0,1,1,0.0
jLbJ,1,1,2,0.5
jLbK,0,1,1,0.0
jLbM,1,2,3,0.33
jLbN,1,1,2,0.5
jLbP,2,3,5,0.4
jLbS,0,1,1,0.0
jLbl,1,0,1,1.0
jLbm,2,1,3,0.67
jLbn,0,0,0,
jLhB,0,1,1,0.0
jLhL,1,0,1,1.0
jLhP,1,1,2,0.5
jLhh,0,1,1,0.0
jLhm,0,1,1,0.0
jLhn,2,1,3,0.67
jLhs,0,1,1,0.0
jLjB,1,0,1,1.0
jLjL,1,0,1,1.0
jLjM,0,0,0,
jLjN,1,0,1,1.0
jLjP,1,2,3,0.33
jLjS,0,0,0,
jLjh,0,1,1,0.0
jLjm,0,0,0,
jLjn,0,0,0,
jLjs,0,1,1,0.0
jLlB,3,0,3,1.0
jLlH,1,1,2,0.5
jLlM,1,1,2,0.5
jLlP,3,0,3,1.0
jLlb,0,2,2,0.0
jLln,1,0,1,1.0
jLls,0,0,0,
jLmB,0,1,1,0.0
jLmL,0,1,1,0.0
jLmM,3,1,4,0.75
jLmN,0,1,1,0.0
jLmP,1,2,3,0.33
jLmb,1,0,1,1.0
jLml,0,1,1,0.0
jLmm,0,1,1,0.0
jLmn,1,1,2,0.5
jLms,0,1,1,0.0
jLnB,0,0,0,
jLnH,1,1,2,0.5
jLnL,2,0,2,1.0
jLnM,2,2,4,0.5
jLnN,1,3,4,0.25
jLnP,3,4,7,0.43
jLnS,0,1,1,0.0
jLnb,2,2,4,0.5
jLnl,1,1,2,0.5
jLnm,2,3,5,0.4
jLnn,1,1,2,0.5
jLns,1,0,1,1.0
jLsD,1,0,1,1.0
jLsH,0,1,1,0.0
jLsM,2,0,2,1.0
jLsN,1,0,1,1.0
jLsP,1,2,3,0.33
jLsS,1,1,2,0.5
jLsb,0,1,1,0.0
jLsl,1,1,2,0.5
jLsm,2,0,2,1.0
jLtS,1,0,1,1.0
jMBB,3,1,4,0.75
jMBK,1,0,1,1.0
jMBL,0,2,2,0.0
jMBM,2,1,3,0.67
jMBN,1,2,3,0.33
jMBP,3,1,4,0.75
jMBS,1,1,2,0.5
jMBb,4,3,7,0.57
jMBj,2,0,2,1.0
jMBl,3,0,3,1.0
jMBm,0,3,3,0.0
jMBn,3,2,5,0.6
jMBs,1,1,2,0.5
jMBt,1,2,3,0.33
jMDP,1,0,1,1.0
jMDs,1,0,1,1.0
jMLL,0,2,2,0.0
jMLM,0,1,1,0.0
jMLN,2,0,2,1.0
jMLP,3,0,3,1.0
jMLb,1,1,2,0.5
jMLl,0,0,0,
jMLm,0,1,1,0.0
jMLn,4,2,6,0.67
jMLs,0,1,1,0.0
jMMB,2,0,2,1.0
jMML,1,0,1,1.0
jMMM,1,3,4,0.25
jMMN,2,0,2,1.0
jMMP,2,2,4,0.5
jMMS,1,0,1,1.0
jMMb,2,1,3,0.67
jMMh,0,2,2,0.0
jMMj,0,1,1,0.0
jMMl,0,1,1,0.0
jMMm,1,0,1,1.0
jMMn,2,2,4,0.5
jMMs,0,0,0,
jMNB,1,3,4,0.25
jMND,1,0,1,1.0
jMNH,0,1,1,0.0
jMNK,0,1,1,0.0
jMNL,0,1,1,0.0
jMNM,3,2,5,0.6
jMNN,4,3,7,0.57
jMNP,5,8,13,0.38
jMNS,2,1,3,0.67
jMNb,3,2,5,0.6
jMNh,2,0,2,1.0
jMNl,1,0,1,1.0
jMNm,1,1,2,0.5
jMNn,3,1,4,0.75
jMNt,1,0,1,1.0
jMPB,8,3,11,0.73
jMPD,1,0,1,1.0
jMPH,0,1,1,0.0
jMPI,1,0,1,1.0
jMPL,1,3,4,0.25
jMPM,1,1,2,0.5
jMPN,1,3,4,0.25
jMPP,3,3,6,0.5
jMPS,1,1,2,0.5
jMPb,2,6,8,0.25
jMPh,0,1,1,0.0
jMPl,0,1,1,0.0
jMPm,4,2,6,0.67
jMPn,4,0,4,1.0
jMPs,3,1,4,0.75
jMSB,2,0,2,1.0
jMSD,0,1,1,0.0
jMSH,0,1,1,0.0
jMSM,1,1,2,0.5
jMSN,2,4,6,0.33
jMSP,1,4,5,0.2
jMSS,1,2,3,0.33
jMSb,0,1,1,0.0
jMSh,1,2,3,0.33
jMSl,4,1,5,0.8
jMSm,0,0,0,
jMSn,2,1,3,0.67
jMSs,1,0,1,1.0
jMSt,1,0,1,1.0
jMbB,1,3,4,0.25
jMbD,1,0,1,1.0
jMbH,0,3,3,0.0
jMbI,0,0,0,
jMbJ,0,1,1,0.0
jMbK,1,0,1,1.0
jMbL,1,0,1,1.0
jMbM,3,7,10,0.3
jMbN,1,6,7,0.14
jMbP,4,9,13,0.31
jMbS,1,2,3,0.33
jMbb,3,3,6,0.5
jMbl,1,1,2,0.5
jMbm,1,3,4,0.25
jMbn,2,4,6,0.33
jMbs,1,1,2,0.5
jMhD,0,0,0,
jMhH,0,0,0,
jMhL,0,2,2,0.0
jMhM,2,2,4,0.5
jMhN,2,0,2,1.0
jMhP,0,1,1,0.0
jMhS,2,3,5,0.4
jMhb,2,1,3,0.67
jMhh,1,2,3,0.33
jMhn,4,2,6,0.67
jMhs,2,0,2,1.0
jMjB,1,1,2,0.5
jMjM,0,0,0,
jMjN,1,2,3,0.33
jMjP,1,0,1,1.0
jMjS,0,1,1,0.0
jMjb,0,2,2,0.0
jMjl,0,1,1,0.0
jMjm,1,0,1,1.0
jMjs,1,1,2,0.5
jMlB,1,2,3,0.33
jMlH,1,0,1,1.0
jMlI,0,1,1,0.0
jMlL,1,0,1,1.0
jMlM,2,1,3,0.67
jMlN,1,1,2,0.5
jMlP,1,2,3,0.33
jMlb,1,1,2,0.5
jMlm,0,2,2,0.0
jMln,1,0,1,1.0
jMmB,3,1,4,0.75
jMmH,1,2,3,0.33
jMmI,1,0,1,1.0
jMmJ,3,0,3,1.0
jMmM,2,2,4,0.5
jMmN,0,2,2,0.0
jMmP,4,3,7,0.57
jMmS,1,2,3,0.33
jMmb,5,0,5,1.0
jMml,0,0,0,
jMmm,3,1,4,0.75
jMmn,1,0,1,1.0
jMms,1,2,3,0.33
jMnB,3,1,4,0.75
jMnH,2,2,4,0.5
jMnI,1,1,2,0.5
jMnK,0,1,1,0.0
jMnL,1,1,2,0.5
jMnM,6,3,9,0.67
jMnN,4,1,5,0.8
jMnP,4,5,9,0.44
jMnS,1,2,3,0.33
jMnb,2,3,5,0.4
jMnl,3,3,6,0.5
jMnm,6,2,8,0.75
jMnn,4,8,12,0.33
jMns,2,1,3,0.67
jMsB,2,3,5,0.4
jMsH,2,0,2,1.0
jMsL,1,0,1,1.0
jMsM,2,2,4,0.5
jMsN,3,5,8,0.38
jMsP,2,2,4,0.5
jMsS,0,1,1,0.0
jMsb,2,1,3,0.67
jMsl,2,1,3,0.67
jMsm,1,1,2,0.5
jMsn,0,1,1,0.0
jMss,1,1,2,0.5
jMtB,0,0,0,
jMtM,0,1,1,0.0
jMtN,2,1,3,0.67
jMtS,1,0,1,1.0
jMtb,1,0,1,1.0
jNBB,2,2,4,0.5
jNBM,1,2,3,0.33
jNBN,2,3,5,0.4
jNBP,5,1,6,0.83
jNBS,3,2,5,0.6
jNBb,0,1,1,0.0
jNBj,2,0,2,1.0
jNBm,3,0,3,1.0
jNBn,4,0,4,1.0
jNBs,1,0,1,1.0
jNBt,1,0,1,1.0
jNDH,0,0,0,
jNDN,0,0,0,
jNDP,1,1,2,0.5
jNDm,0,0,0,
jNDs,1,0,1,1.0
jNHN,1,0,1,1.0
jNHP,1,1,2,0.5
jNHl,0,1,1,0.0
jNHs,1,0,1,1.0
jNKn,1,0,1,1.0
jNKs,0,0,0,
jNLB,1,0,1,1.0
jNLM,4,0,4,1.0
jNLN,0,2,2,0.0
jNLP,1,0,1,1.0
jNLS,2,2,4,0.5
jNLb,0,1,1,0.0
jNLh,1,0,1,1.0
jNLl,0,1,1,0.0
jNLm,1,4,5,0.2
jNLn,1,3,4,0.25
jNLs,1,2,3,0.33
jNMB,2,1,3,0.67
jNML,1,1,2,0.5
jNMM,1,3,4,0.25
jNMN,2,2,4,0.5
jNMP,0,1,1,0.0
jNMS,0,2,2,0.0
jNMb,3,2,5,0.6
jNMh,0,1,1,0.0
jNMl,1,1,2,0.5
jNMm,1,2,3,0.33
jNMn,4,4,8,0.5
jNMs,1,1,2,0.5
jNMt,1,0,1,1.0
jNNB,1,2,3,0.33
jNNK,0,1,1,0.0
jNNL,1,0,1,1.0
jNNM,2,2,4,0.5
jNNN,4,4,8,0.5
jNNP,4,4,8,0.5
jNNS,3,0,3,1.0
jNNb,3,3,6,0.5
jNNh,2,2,4,0.5
jNNl,0,1,1,0.0
jNNm,2,2,4,0.5
jNNn,3,1,4,0.75
jNNs,1,3,4,0.25
jNNt,1,0,1,1.0
jNPB,2,1,3,0.67
jNPH,1,1,2,0.5
jNPL,1,3,4,0.25
jNPM,7,5,12,0.58
jNPN,5,6,11,0.45
jNPP,4,9,13,0.31
jNPS,8,3,11,0.73
jNPb,3,2,5,0.6
jNPh,0,1,1,0.0
jNPl,5,3,8,0.62
jNPm,7,7,14,0.5
jNPn,3,5,8,0.38
jNPs,4,2,6,0.67
jNSB,1,1,2,0.5
jNSH,0,1,1,0.0
jNSL,0,2,2,0.0
jNSM,1,4,5,0.2
jNSN,2,1,3,0.67
jNSP,2,2,4,0.5
jNSS,0,0,0,
jNSb,7,2,9,0.78
jNSh,1,0,1,1.0
jNSm,0,1,1,0.0
jNSn,1,4,5,0.2
jNSs,0,2,2,0.0
jNbB,3,3,6,0.5
jNbK,0,0,0,
jNbL,0,1,1,0.0
jNbM,1,3,4,0.25
jNbN,1,4,5,0.2
jNbP,4,7,11,0.36
jNbS,1,1,2,0.5
jNbb,4,0,4,1.0
jNbl,0,1,1,0.0
jNbm,2,2,4,0.5
jNbn,2,2,4,0.5
jNbs,3,1,4,0.75
jNhH,0,1,1,0.0
jNhL,2,0,2,1.0
jNhM,1,0,1,1.0
jNhN,2,0,2,1.0
jNhP,3,3,6,0.5
jNhS,1,1,2,0.5
jNhb,1,3,4,0.25
jNhh,1,2,3,0.33
jNhl,0,2,2,0.0
jNhm,0,1,1,0.0
jNhn,2,1,3,0.67
jNhs,0,2,2,0.0
jNlB,2,1,3,0.67
jNlH,1,1,2,0.5
jNlI,0,1,1,0.0
jNlJ,0,1,1,0.0
jNlL,0,1,1,0.0
jNlN,2,0,2,1.0
jNlP,3,3,6,0.5
jNlS,1,2,3,0.33
jNlb,1,1,2,0.5
jNll,0,2,2,0.0
jNls,0,1,1,0.0
jNmB,1,3,4,0.25
jNmD,0,2,2,0.0
jNmH,0,5,5,0.0
jNmI,1,0,1,1.0
jNmJ,1,0,1,1.0
jNmL,0,3,3,0.0
jNmM,2,0,2,1.0
jNmN,0,4,4,0.0
jNmP,2,4,6,0.33
jNmS,3,0,3,1.0
jNmb,4,1,5,0.8
jNmm,1,1,2,0.5
jNmn,2,1,3,0.67
jNms,1,0,1,1.0
jNnB,6,3,9,0.67
jNnH,2,0,2,1.0
jNnI,0,1,1,0.0
jNnK,1,0,1,1.0
jNnL,2,2,4,0.5
jNnM,4,6,10,0.4
jNnN,2,2,4,0.5
jNnP,4,6,10,0.4
jNnS,5,1,6,0.83
jNnb,2,3,5,0.4
jNnh,1,0,1,1.0
jNnl,0,0,0,
jNnm,5,2,7,0.71
jNnn,4,4,8,0.5
jNns,3,2,5,0.6
jNsD,0,1,1,0.0
jNsH,3,2,5,0.6
jNsM,2,1,3,0.67
jNsN,2,2,4,0.5
jNsP,2,3,5,0.4
jNsS,2,2,4,0.5
jNsb,2,0,2,1.0
jNsl,0,1,1,0.0
jNsm,1,2,3,0.33
jNsn,0,1,1,0.0
jNss,2,3,5,0.4
jNtD,0,1,1,0.0
jNtN,0,1,1,0.0
jNtm,0,1,1,0.0
jNtn,0,1,1,0.0
jNts,1,0,1,1.0
jPBB,4,0,4,1.0
jPBD,0,1,1,0.0
jPBL,0,1,1,0.0
jPBM,3,5,8,0.38
jPBN,2,5,7,0.29
jPBP,7,4,11,0.64
jPBS,0,2,2,0.0
jPBb,2,0,2,1.0
jPBl,2,1,3,0.67
jPBm,6,1,7,0.86
jPBn,3,3,6,0.5
jPBs,1,1,2,0.5
jPDB,0,1,1,0.0
jPDM,0,1,1,0.0
jPDS,1,0,1,1.0
jPDb,0,0,0,
jPHB,0,1,1,0.0
jPHL,1,1,2,0.5
jPHM,1,1,2,0.5
jPHN,1,0,1,1.0
jPHP,1,1,2,0.5
jPHS,0,1,1,0.0
jPHh,1,0,1,1.0
jPHl,2,2,4,0.5
jPHm,0,1,1,0.0
jPHn,2,0,2,1.0
jPIB,1,0,1,1.0
jPIM,1,1,2,0.5
jPIN,1,0,1,1.0
jPIP,1,0,1,1.0
jPKL,2,0,2,1.0
jPKM,1,1,2,0.5
jPKN,1,0,1,1.0
jPKP,1,3,4,0.25
jPKb,1,0,1,1.0
jPKh,0,0,0,
jPKs,0,1,1,0.0
jPLB,2,2,4,0.5
jPLL,1,0,1,1.0
jPLM,3,2,5,0.6
jPLN,0,3,3,0.0
jPLP,2,3,5,0.4
jPLS,1,1,2,0.5
jPLb,4,4,8,0.5
jPLh,0,1,1,0.0
jPLl,1,0,1,1.0
jPLm,2,1,3,0.67
jPLn,3,3,6,0.5
jPLs,1,0,1,1.0
jPLt,1,0,1,1.0
jPMB,5,3,8,0.62
jPML,1,2,3,0.33
jPMM,2,1,3,0.67
jPMN,2,7,9,0.22
jPMP,3,3,6,0.5
jPMS,0,1,1,0.0
jPMb,5,2,7,0.71
jPMh,4,2,6,0.67
jPMj,0,1,1,0.0
jPMl,1,2,3,0.33
jPMm,5,6,11,0.45
jPMn,3,3,6,0.5
jPMs,4,2,6,0.67
jPNB,4,2,6,0.67
jPNM,1,4,5,0.2
jPNN,6,5,11,0.55
jPNP,11,5,16,0.69
jPNS,2,1,3,0.67
jPNb,4,2,6,0.67
jPNh,3,3,6,0.5
jPNl,1,3,4,0.25
jPNm,3,2,5,0.6
jPNn,5,4,9,0.56
jPNs,1,1,2,0.5
jPPB,1,6,7,0.14
jPPH,1,2,3,0.33
jPPI,2,0,2,1.0
jPPK,0,1,1,0.0
jPPL,2,2,4,0.5
jPPM,6,8,14,0.43
jPPN,4,6,10,0.4
jPPP,8,14,22,0.36
jPPS,8,1,9,0.89
jPPb,8,8,16,0.5
jPPh,0,1,1,0.0
jPPl,5,2,7,0.71
jPPm,3,3,6,0.5
jPPn,8,3,11,0.73
jPPs,4,5,9,0.44
jPPt,1,1,2,0.5
jPSB,4,0,4,1.0
jPSH,0,1,1,0.0
jPSL,0,1,1,0.0
jPSM,4,4,8,0.5
jPSN,1,1,2,0.5
jPSP,2,7,9,0.22
jPSS,1,4,5,0.2
jPSb,1,2,3,0.33
jPSh,3,1,4,0.75
jPSl,1,4,5,0.2
jPSm,3,3,6,0.5
jPSn,6,1,7,0.86
jPSs,3,4,7,0.43
jPSt,3,0,3,1.0
jPbB,1,2,3,0.33
jPbD,0,0,0,
jPbH,1,1,2,0.5
jPbJ,1,0,1,1.0
jPbL,2,3,5,0.4
jPbM,8,11,19,0.42
jPbN,7,4,11,0.64
jPbP,8,11,19,0.42
jPbS,0,0,0,
jPbb,4,3,7,0.57
jPbl,1,1,2,0.5
jPbm,5,4,9,0.56
jPbn,5,0,5,1.0
jPbs,2,0,2,1.0
jPhB,0,1,1,0.0
jPhD,1,0,1,1.0
jPhM,1,2,3,0.33
jPhP,1,1,2,0.5
jPhS,2,0,2,1.0
jPhb,0,1,1,0.0
jPhm,1,0,1,1.0
jPhn,1,1,2,0.5
jPhs,0,1,1,0.0
jPlB,2,1,3,0.67
jPlH,0,2,2,0.0
jPlI,1,0,1,1.0
jPlK,1,0,1,1.0
jPlL,2,4,6,0.33
jPlM,2,2,4,0.5
jPlN,0,1,1,0.0
jPlP,4,4,8,0.5
jPlS,2,2,4,0.5
jPlb,3,2,5,0.6
jPll,1,1,2,0.5
jPlm,2,0,2,1.0
jPln,0,2,2,0.0
jPls,3,2,5,0.6
jPmB,5,6,11,0.45
jPmH,4,5,9,0.44
jPmJ,2,3,5,0.4
jPmL,2,3,5,0.4
jPmM,3,2,5,0.6
jPmN,1,4,5,0.2
jPmP,3,7,10,0.3
jPmS,0,0,0,
jPmb,2,5,7,0.29
jPml,1,2,3,0.33
jPmm,2,0,2,1.0
jPmn,4,4,8,0.5
jPms,2,2,4,0.5
jPnB,4,2,6,0.67
jPnD,0,1,1,0.0
jPnH,1,1,2,0.5
jPnI,0,1,1,0.0
jPnK,0,1,1,0.0
jPnL,4,1,5,0.8
jPnM,2,3,5,0.4
jPnN,7,4,11,0.64
jPnP,11,4,15,0.73
jPnS,1,6,7,0.14
jPnb,4,5,9,0.44
jPnl,2,5,7,0.29
jPnm,0,4,4,0.0
jPnn,6,4,10,0.6
jPns,3,0,3,1.0
jPsB,2,1,3,0.67
jPsH,2,0,2,1.0
jPsK,0,1,1,0.0
jPsL,2,1,3,0.67
jPsM,3,2,5,0.6
jPsN,1,1,2,0.5
jPsP,3,3,6,0.5
jPsS,1,3,4,0.25
jPsb,5,1,6,0.83
jPsm,2,4,6,0.33
jPsn,2,3,5,0.4
jPss,2,1,3,0.67
jPtM,1,1,2,0.5
jPtP,0,1,1,0.0
jPtS,0,0,0,
jPtb,0,1,1,0.0
jPtl,1,1,2,0.5
jPtm,1,1,2,0.5
jPts,1,0,1,1.0
jSBM,1,3,4,0.25
jSBN,1,0,1,1.0
jSBP,7,2,9,0.78
jSBS,2,1,3,0.67
jSBb,1,2,3,0.33
jSBl,1,0,1,1.0
jSBm,0,1,1,0.0
jSBn,2,4,6,0.33
jSBs,1,1,2,0.5
jSBt,0,1,1,0.0
jSDP,1,0,1,1.0
jSDn,0,1,1,0.0
jSHM,2,0,2,1.0
jSHN,1,1,2,0.5
jSHP,1,2,3,0.33
jSHS,1,2,3,0.33
jSHb,1,1,2,0.5
jSHl,1,0,1,1.0
jSHm,1,0,1,1.0
jSHn,0,1,1,0.0
jSKS,0,1,1,0.0
jSKb,1,0,1,1.0
jSLM,0,1,1,0.0
jSLN,0,2,2,0.0
jSLS,1,0,1,1.0
jSLb,0,0,0,
jSLm,1,0,1,1.0
jSLn,1,0,1,1.0
jSLs,0,0,0,
jSLt,1,0,1,1.0
jSMB,1,1,2,0.5
jSML,0,0,0,
jSMM,2,3,5,0.4
jSMN,1,1,2,0.5
jSMP,5,2,7,0.71
jSMS,2,2,4,0.5
jSMb,3,0,3,1.0
jSMh,0,1,1,0.0
jSMj,1,0,1,1.0
jSMl,0,0,0,
jSMm,0,2,2,0.0
jSMn,3,2,5,0.6
jSMs,1,1,2,0.5
jSNB,0,1,1,0.0
jSNH,0,0,0,
jSNL,0,1,1,0.0
jSNM,2,2,4,0.5
jSNN,0,1,1,0.0
jSNP,1,3,4,0.25
jSNS,2,1,3,0.67
jSNb,0,4,4,0.0
jSNh,0,2,2,0.0
jSNl,1,0,1,1.0
jSNm,1,0,1,1.0
jSNs,1,2,3,0.33
jSNt,0,2,2,0.0
jSPB,2,4,6,0.33
jSPH,1,0,1,1.0
jSPI,0,1,1,0.0
jSPK,1,0,1,1.0
jSPL,2,0,2,1.0
jSPM,1,2,3,0.33
jSPN,7,3,10,0.7
jSPP,5,4,9,0.56
jSPS,2,3,5,0.4
jSPb,4,2,6,0.67
jSPh,0,2,2,0.0
jSPl,3,3,6,0.5
jSPm,2,1,3,0.67
jSPn,1,3,4,0.25
jSPs,1,1,2,0.5
jSSB,1,1,2,0.5
jSSD,3,0,3,1.0
jSSK,0,1,1,0.0
jSSL,0,1,1,0.0
jSSM,1,0,1,1.0
jSSN,1,2,3,0.33
jSSP,1,1,2,0.5
jSSS,0,2,2,0.0
jSSb,2,1,3,0.67
jSSh,0,0,0,
jSSl,0,1,1,0.0
jSSm,1,1,2,0.5
jSSn,1,2,3,0.33
jSSs,1,3,4,0.25
jSbB,4,1,5,0.8
jSbD,0,2,2,0.0
jSbI,1,0,1,1.0
jSbJ,0,1,1,0.0
jSbL,0,0,0,
jSbN,2,2,4,0.5
jSbP,1,1,2,0.5
jSbS,1,0,1,1.0
jSbb,1,0,1,1.0
jSbl,0,1,1,0.0
jSbm,3,2,5,0.6
jSbn,2,1,3,0.67
jSbs,2,3,5,0.4
jShL,1,1,2,0.5
jShM,2,3,5,0.4
jShN,1,2,3,0.33
jShP,1,0,1,1.0
jShS,1,1,2,0.5
jShb,0,1,1,0.0
jShh,1,1,2,0.5
jShl,0,1,1,0.0
jShm,1,0,1,1.0
jShn,1,3,4,0.25
jShs,1,5,6,0.17
jSht,1,0,1,1.0
jSlB,1,0,1,1.0
jSlH,0,2,2,0.0
jSlJ,2,0,2,1.0
jSlM,3,1,4,0.75
jSlN,1,3,4,0.25
jSlP,1,1,2,0.5
jSlS,0,1,1,0.0
jSlb,1,2,3,0.33
jSll,0,0,0,
jSlm,3,0,3,1.0
jSln,2,0,2,1.0
jSmB,1,2,3,0.33
jSmL,1,0,1,1.0
jSmM,2,1,3,0.67
jSmN,2,2,4,0.5
jSmP,2,1,3,0.67
jSmS,0,3,3,0.0
jSmb,2,2,4,0.5
jSml,1,1,2,0.5
jSmm,1,1,2,0.5
jSmn,4,0,4,1.0
jSms,1,3,4,0.25
jSnB,0,1,1,0.0
jSnI,0,1,1,0.0
jSnL,1,1,2,0.5
jSnM,1,3,4,0.25
jSnN,2,5,7,0.29
jSnP,2,1,3,0.67
jSnS,1,2,3,0.33
jSnb,3,1,4,0.75
jSnl,3,0,3,1.0
jSnm,6,1,7,0.86
jSnn,1,3,4,0.25
jSns,0,3,3,0.0
jSsB,0,1,1,0.0
jSsH,2,0,2,1.0
jSsK,0,0,0,
jSsL,0,1,1,0.0
jSsM,3,0,3,1.0
jSsN,1,1,2,0.5
jSsP,7,4,11,0.64
jSsS,0,1,1,0.0
jSsh,0,1,1,0.0
jSsm,0,1,1,0.0
jSsn,1,0,1,1.0
jSss,2,1,3,0.67
jStH,1,0,1,1.0
jStN,1,0,1,1.0
jStP,1,0,1,1.0
jSts,0,1,1,0.0
jbBB,5,4,9,0.56
jbBH,1,0,1,1.0
jbBL,1,1,2,0.5
jbBM,3,0,3,1.0
jbBN,3,0,3,1.0
jbBP,7,7,14,0.5
jbBS,2,3,5,0.4
jbBb,5,2,7,0.71
jbBh,1,0,1,1.0
jbBj,1,0,1,1.0
jbBl,1,0,1,1.0
jbBm,1,3,4,0.25
jbBn,1,7,8,0.12
jbBt,1,0,1,1.0
jbDK,0,1,1,0.0
jbDs,0,0,0,
jbHB,0,0,0,
jbHD,1,0,1,1.0
jbHM,0,3,3,0.0
jbHN,1,2,3,0.33
jbHP,2,0,2,1.0
jbHS,1,0,1,1.0
jbHb,0,1,1,0.0
jbHh,0,1,1,0.0
jbHn,1,0,1,1.0
jbHs,1,1,2,0.5
jbID,0,1,1,0.0
jbIK,1,0,1,1.0
jbIM,0,1,1,0.0
jbIS,1,0,1,1.0
jbIl,0,1,1,0.0
jbIn,0,1,1,0.0
jbJB,1,0,1,1.0
jbJH,1,0,1,1.0
jbJN,1,0,1,1.0
jbJP,0,2,2,0.0
jbJS,1,1,2,0.5
jbJb,0,2,2,0.0
jbJl,0,1,1,0.0
jbJn,1,1,2,0.5
jbJs,0,1,1,0.0
jbKN,0,1,1,0.0
jbKP,2,0,2,1.0
jbKh,1,0,1,1.0
jbKl,1,0,1,1.0
jbKn,0,1,1,0.0
jbLB,0,1,1,0.0
jbLL,1,1,2,0.5
jbLM,0,0,0,
jbLN,0,2,2,0.0
jbLP,2,4,6,0.33
jbLS,2,1,3,0.67
jbLb,2,0,2,1.0
jbLh,0,2,2,0.0
jbLj,1,0,1,1.0
jbLl,1,2,3,0.33
jbLm,1,1,2,0.5
jbLn,1,0,1,1.0
jbMB,2,1,3,0.67
jbML,0,2,2,0.0
jbMM,3,6,9,0.33
jbMN,3,2,5,0.6
jbMP,3,5,8,0.38
jbMS,3,3,6,0.5
jbMb,2,5,7,0.29
jbMh,2,3,5,0.4
jbMj,2,4,6,0.33
jbMl,1,2,3,0.33
jbMm,3,1,4,0.75
jbMn,3,4,7,0.43
jbMs,2,2,4,0.5
jbMt,0,1,1,0.0
jbNB,4,1,5,0.8
jbNL,2,0,2,1.0
jbNM,2,7,9,0.22
jbNN,2,6,8,0.25
jbNP,4,4,8,0.5
jbNS,1,5,6,0.17
jbNb,1,1,2,0.5
jbNh,1,1,2,0.5
jbNl,2,0,2,1.0
jbNm,4,0,4,1.0
jbNn,5,5,10,0.5
jbNs,1,1,2,0.5
jbPB,4,2,6,0.67
jbPH,3,1,4,0.75
jbPI,0,1,1,0.0
jbPK,0,0,0,
jbPL,2,3,5,0.4
jbPM,2,4,6,0.33
jbPN,3,6,9,0.33
jbPP,9,5,14,0.64
jbPS,4,4,8,0.5
jbPb,7,7,14,0.5
jbPl,2,1,3,0.67
jbPm,5,5,10,0.5
jbPn,2,3,5,0.4
jbPs,3,7,10,0.3
jbPt,0,0,0,
jbSH,0,2,2,0.0
jbSK,1,0,1,1.0
jbSL,0,1,1,0.0
jbSM,1,1,2,0.5
jbSN,1,3,4,0.25
jbSP,0,1,1,0.0
jbSS,2,2,4,0.5
jbSb,1,1,2,0.5
jbSh,2,2,4,0.5
jbSl,0,1,1,0.0
jbSm,0,1,1,0.0
jbSn,1,1,2,0.5
jbSs,2,3,5,0.4
jbSt,1,0,1,1.0
jbbB,1,5,6,0.17
jbbH,1,1,2,0.5
jbbI,0,1,1,0.0
jbbJ,1,1,2,0.5
jbbL,1,1,2,0.5
jbbM,4,2,6,0.67
jbbN,7,2,9,0.78
jbbP,4,7,11,0.36
jbbS,2,4,6,0.33
jbbb,7,0,7,1.0
jbbl,0,1,1,0.0
jbbm,1,5,6,0.17
jbbn,0,2,2,0.0
jblB,1,1,2,0.5
jblH,1,2,3,0.33
jblI,1,0,1,1.0
jblM,1,1,2,0.5
jblN,2,1,3,0.67
jblP,1,2,3,0.33
jblS,0,1,1,0.0
jblb,1,2,3,0.33
jbll,2,2,4,0.5
jblm,0,1,1,0.0
jbln,2,1,3,0.67
jbls,1,0,1,1.0
jbmB,3,3,6,0.5
jbmH,1,1,2,0.5
jbmJ,0,0,0,
jbmL,0,1,1,0.0
jbmM,4,1,5,0.8
jbmN,0,1,1,0.0
jbmP,5,2,7,0.71
jbmS,1,1,2,0.5
jbmb,5,3,8,0.62
jbml,0,1,1,0.0
jbmm,3,0,3,1.0
jbmn,4,1,5,0.8
jbms,0,2,2,0.0
jbnB,2,1,3,0.67
jbnD,0,1,1,0.0
jbnH,2,4,6,0.33
jbnI,0,1,1,0.0
jbnK,0,1,1,0.0
jbnL,0,0,0,
jbnM,1,0,1,1.0
jbnN,3,2,5,0.6
jbnP,6,1,7,0.86
jbnS,1,1,2,0.5
jbnb,0,2,2,0.0
jbnh,1,0,1,1.0
jbnl,1,1,2,0.5
jbnm,1,1,2,0.5
jbnn,0,3,3,0.0
jbns,0,2,2,0.0
jbsD,0,1,1,0.0
jbsH,0,2,2,0.0
jbsI,0,1,1,0.0
jbsL,1,0,1,1.0
jbsM,1,3,4,0.25
jbsS,1,0,1,1.0
jbsb,0,1,1,0.0
jbsh,0,1,1,0.0
jbsl,1,0,1,1.0
jbsm,0,1,1,0.0
jbsn,2,3,5,0.4
jhBB,1,0,1,1.0
jhBM,1,1,2,0.5
jhBS,0,1,1,0.0
jhBl,0,1,1,0.0
jhHP,1,0,1,1.0
jhHs,1,0,1,1.0
jhIS,1,0,1,1.0
jhLB,0,2,2,0.0
jhLL,0,1,1,0.0
jhLM,0,1,1,0.0
jhLP,1,0,1,1.0
jhMM,1,0,1,1.0
jhMN,0,1,1,0.0
jhMP,0,0,0,
jhMm,1,0,1,1.0
jhMn,1,1,2,0.5
jhNL,0,1,1,0.0
jhNM,0,2,2,0.0
jhNN,0,0,0,
jhNS,1,0,1,1.0
jhNb,0,0,0,
jhNh,1,0,1,1.0
jhNl,0,0,0,
jhNm,1,0,1,1.0
jhNn,1,0,1,1.0
jhNs,0,2,2,0.0
jhPB,0,1,1,0.0
jhPD,1,0,1,1.0
jhPH,0,1,1,0.0
jhPL,0,1,1,0.0
jhPM,0,1,1,0.0
jhPP,0,2,2,0.0
jhPS,1,1,2,0.5
jhPb,1,0,1,1.0
jhPl,0,2,2,0.0
jhPm,0,1,1,0.0
jhPs,0,1,1,0.0
jhSB,1,0,1,1.0
jhSM,1,0,1,1.0
jhSN,0,1,1,0.0
jhSP,1,1,2,0.5
jhSS,0,1,1,0.0
jhSb,1,0,1,1.0
jhSs,1,1,2,0.5
jhbB,0,2,2,0.0
jhbP,2,2,4,0.5
jhbS,1,0,1,1.0
jhbb,0,2,2,0.0
jhbn,1,0,1,1.0
jhbs,1,0,1,1.0
jhhB,1,1,2,0.5
jhhH,1,1,2,0.5
jhhM,0,0,0,
jhhN,0,2,2,0.0
jhhP,1,1,2,0.5
jhhS,0,1,1,0.0
jhhb,1,0,1,1.0
jhhh,2,0,2,1.0
jhhl,1,0,1,1.0
jhhm,1,1,2,0.5
jhhn,0,1,1,0.0
jhhs,1,0,1,1.0
jhlH,0,0,0,
jhlM,1,0,1,1.0
jhlN,0,0,0,
jhlP,0,1,1,0.0
jhlS,1,0,1,1.0
jhlb,1,2,3,0.33
jhll,0,1,1,0.0
jhlm,1,0,1,1.0
jhmB,1,0,1,1.0
jhmM,1,0,1,1.0
jhmN,0,1,1,0.0
jhmP,0,1,1,0.0
jhmb,1,0,1,1.0
jhml,0,0,0,
jhmn,1,0,1,1.0
jhms,0,1,1,0.0
jhnH,1,0,1,1.0
jhnN,1,1,2,0.5
jhnP,3,1,4,0.75
jhnb,1,0,1,1.0
jhns,0,0,0,
jhsB,1,0,1,1.0
jhsH,0,3,3,0.0
jhsM,0,1,1,0.0
jhsN,1,0,1,1.0
jhsS,0,0,0,
jhsm,0,1,1,0.0
jhss,1,0,1,1.0
jlBB,1,0,1,1.0
jlBM,0,0,0,
jlBP,1,2,3,0.33
jlBb,2,2,4,0.5
jlBj,2,0,2,1.0
jlBl,1,1,2,0.5
jlBn,3,1,4,0.75
jlDP,1,0,1,1.0
jlDm,0,1,1,0.0
jlDn,1,0,1,1.0
jlHB,0,2,2,0.0
jlHH,1,0,1,1.0
jlHM,2,2,4,0.5
jlHN,1,1,2,0.5
jlHP,3,0,3,1.0
jlHS,0,0,0,
jlHb,1,2,3,0.33
jlHh,1,3,4,0.25
jlHl,1,1,2,0.5
jlHn,2,2,4,0.5
jlIP,1,0,1,1.0
jlIm,0,1,1,0.0
jlIn,0,0,0,
jlJL,1,0,1,1.0
jlJM,0,1,1,0.0
jlJP,4,0,4,1.0
jlJS,0,1,1,0.0
jlJm,0,1,1,0.0
jlJs,1,0,1,1.0
jlKM,0,1,1,0.0
jlLL,1,0,1,1.0
jlLM,0,2,2,0.0
jlLN,1,1,2,0.5
jlLP,0,1,1,0.0
jlLS,0,0,0,
jlLb,0,1,1,0.0
jlLh,1,0,1,1.0
jlLm,0,1,1,0.0
jlLn,2,0,2,1.0
jlLs,0,1,1,0.0
jlMB,1,0,1,1.0
jlML,1,0,1,1.0
jlMM,3,0,3,1.0
jlMN,0,1,1,0.0
jlMP,3,2,5,0.6
jlMS,3,0,3,1.0
jlMb,2,4,6,0.33
jlMh,0,1,1,0.0
jlMj,1,1,2,0.5
jlMl,0,2,2,0.0
jlMm,3,1,4,0.75
jlMn,2,0,2,1.0
jlMs,1,0,1,1.0
jlNB,1,1,2,0.5
jlND,0,2,2,0.0
jlNH,0,0,0,
jlNL,2,0,2,1.0
jlNM,1,2,3,0.33
jlNN,0,2,2,0.0
jlNP,4,3,7,0.57
jlNS,2,1,3,0.67
jlNb,1,2,3,0.33
jlNl,1,0,1,1.0
jlNn,1,2,3,0.33
jlNs,2,1,3,0.67
jlNt,0,1,1,0.0
jlPB,4,0,4,1.0
jlPH,0,1,1,0.0
jlPM,1,3,4,0.25
jlPN,2,0,2,1.0
jlPP,3,3,6,0.5
jlPS,1,2,3,0.33
jlPb,2,2,4,0.5
jlPl,2,1,3,0.67
jlPn,3,0,3,1.0
jlPs,2,1,3,0.67
jlSB,3,0,3,1.0
jlSH,1,0,1,1.0
jlSL,0,1,1,0.0
jlSM,1,1,2,0.5
jlSN,1,1,2,0.5
jlSP,0,2,2,0.0
jlSS,1,1,2,0.5
jlSb,3,1,4,0.75
jlSl,1,0,1,1.0
jlSn,0,1,1,0.0
jlSs,0,2,2,0.0
jlbB,2,0,2,1.0
jlbJ,0,1,1,0.0
jlbL,1,0,1,1.0
jlbM,3,0,3,1.0
jlbN,1,4,5,0.2
jlbP,1,2,3,0.33
jlbb,2,6,8,0.25
jlbl,0,0,0,
jlbm,3,0,3,1.0
jlbn,1,1,2,0.5
jlbs,0,1,1,0.0
jllB,2,1,3,0.67
jllH,1,1,2,0.5
jllM,1,1,2,0.5
jllN,1,1,2,0.5
jllP,0,0,0,
jllS,0,1,1,0.0
jllb,1,1,2,0.5
jlln,0,1,1,0.0
jlmB,0,0,0,
jlmH,0,2,2,0.0
jlmI,1,0,1,1.0
jlmJ,0,1,1,0.0
jlmL,1,0,1,1.0
jlmM,2,1,3,0.67
jlmN,1,1,2,0.5
jlmP,1,1,2,0.5
jlmb,0,0,0,
jlml,2,1,3,0.67
jlmm,1,0,1,1.0
jlnB,0,1,1,0.0
jlnH,0,2,2,0.0
jlnK,1,0,1,1.0
jlnL,1,0,1,1.0
jlnM,2,2,4,0.5
jlnN,1,0,1,1.0
jlnP,0,1,1,0.0
jlnS,1,1,2,0.5
jlnb,3,2,5,0.6
jlnl,0,1,1,0.0
jlnm,1,0,1,1.0
jlnn,0,2,2,0.0
jlns,0,1,1,0.0
jlsB,3,0,3,1.0
jlsH,0,1,1,0.0
jlsM,1,0,1,1.0
jlsN,2,0,2,1.0
jlsP,3,3,6,0.5
jlsS,0,2,2,0.0
jlsb,1,2,3,0.33
jlsl,0,1,1,0.0
jlsn,2,1,3,0.67
jmBB,0,1,1,0.0
jmBL,1,0,1,1.0
jmBN,0,1,1,0.0
jmBP,2,2,4,0.5
jmBS,2,1,3,0.67
jmBb,4,2,6,0.67
jmBh,0,1,1,0.0
jmBj,1,3,4,0.25
jmBl,0,1,1,0.0
jmBm,0,1,1,0.0
jmBn,4,1,5,0.8
jmBs,2,1,3,0.67
jmBt,1,0,1,1.0
jmDP,1,1,2,0.5
jmDS,0,0,0,
jmDb,0,1,1,0.0
jmDl,1,0,1,1.0
jmDn,0,1,1,0.0
jmDs,0,1,1,0.0
jmHB,1,1,2,0.5
jmHL,0,1,1,0.0
jmHM,2,2,4,0.5
jmHN,0,1,1,0.0
jmHP,5,3,8,0.62
jmHS,0,2,2,0.0
jmHb,2,3,5,0.4
jmHh,0,0,0,
jmHl,0,0,0,
jmHm,1,1,2,0.5
jmHn,6,0,6,1.0
jmHs,1,1,2,0.5
jmIH,1,1,2,0.5
jmIL,1,0,1,1.0
jmIN,1,0,1,1.0
jmIP,1,1,2,0.5
jmJL,0,1,1,0.0
jmJM,2,1,3,0.67
jmJb,3,0,3,1.0
jmJl,0,0,0,
jmJm,0,1,1,0.0
jmJn,0,1,1,0.0
jmJs,0,1,1,0.0
jmKS,0,0,0,
jmLD,1,0,1,1.0
jmLL,0,1,1,0.0
jmLM,0,2,2,0.0
jmLN,3,1,4,0.75
jmLP,0,2,2,0.0
jmLS,0,1,1,0.0
jmLb,0,4,4,0.0
jmLh,0,1,1,0.0
jmLj,1,0,1,1.0
jmLm,0,1,1,0.0
jmLn,1,0,1,1.0
jmLs,0,0,0,
jmMB,2,1,3,0.67
jmMM,1,1,2,0.5
jmMN,4,0,4,1.0
jmMP,3,1,4,0.75
jmMS,1,0,1,1.0
jmMb,2,3,5,0.4
jmMh,1,1,2,0.5
jmMj,1,0,1,1.0
jmMl,1,2,3,0.33
jmMm,2,1,3,0.67
jmMn,0,3,3,0.0
jmMs,1,1,2,0.5
jmNB,0,1,1,0.0
jmNK,0,1,1,0.0
jmNL,1,2,3,0.33
jmNM,2,3,5,0.4
jmNN,5,3,8,0.62
jmNP,5,2,7,0.71
jmNS,1,4,5,0.2
jmNb,2,5,7,0.29
jmNh,0,2,2,0.0
jmNm,2,1,3,0.67
jmNn,3,5,8,0.38
jmNs,1,1,2,0.5
jmNt,1,0,1,1.0
jmPB,2,1,3,0.67
jmPD,1,1,2,0.5
jmPH,1,1,2,0.5
jmPK,0,2,2,0.0
jmPL,0,1,1,0.0
jmPM,3,3,6,0.5
jmPN,2,4,6,0.33
jmPP,3,3,6,0.5
jmPS,1,0,1,1.0
jmPb,1,1,2,0.5
jmPl,4,1,5,0.8
jmPm,2,3,5,0.4
jmPn,2,5,7,0.29
jmPs,1,0,1,1.0
jmPt,1,1,2,0.5
jmSB,0,0,0,
jmSD,1,0,1,1.0
jmSH,0,2,2,0.0
jmSL,0,0,0,
jmSM,0,3,3,0.0
jmSN,1,2,3,0.33
jmSP,0,0,0,
jmSS,0,1,1,0.0
jmSb,0,2,2,0.0
jmSl,1,0,1,1.0
jmSm,3,3,6,0.5
jmSn,1,3,4,0.25
jmSs,5,3,8,0.62
jmSt,1,0,1,1.0
jmbB,4,3,7,0.57
jmbH,1,1,2,0.5
jmbI,1,0,1,1.0
jmbJ,0,0,0,
jmbM,1,1,2,0.5
jmbN,1,0,1,1.0
jmbP,2,4,6,0.33
jmbS,1,1,2,0.5
jmbb,5,0,5,1.0
jmbl,0,2,2,0.0
jmbn,3,3,6,0.5
jmbs,0,1,1,0.0
jmlH,1,0,1,1.0
jmlM,0,1,1,0.0
jmlN,1,1,2,0.5
jmlP,3,2,5,0.6
jmlS,0,1,1,0.0
jmlb,3,0,3,1.0
jmlm,2,1,3,0.67
jmmB,0,3,3,0.0
jmmH,0,1,1,0.0
jmmJ,1,0,1,1.0
jmmL,1,0,1,1.0
jmmM,1,0,1,1.0
jmmN,3,6,9,0.33
jmmP,1,2,3,0.33
jmmS,0,3,3,0.0
jmmb,2,1,3,0.67
jmmm,0,1,1,0.0
jmmn,3,4,7,0.43
jmms,2,1,3,0.67
jmnB,0,3,3,0.0
jmnL,0,1,1,0.0
jmnM,2,1,3,0.67
jmnN,2,1,3,0.67
jmnP,3,2,5,0.6
jmnS,1,2,3,0.33
jmnb,1,0,1,1.0
jmnl,1,0,1,1.0
jmnm,1,2,3,0.33
jmnn,2,4,6,0.33
jmns,1,1,2,0.5
jmsB,1,0,1,1.0
jmsD,0,1,1,0.0
jmsM,1,0,1,1.0
jmsP,1,0,1,1.0
jmsS,2,0,2,1.0
jmsb,1,0,1,1.0
jmsl,2,0,2,1.0
jmsm,1,0,1,1.0
jmsn,0,0,0,
jmss,1,2,3,0.33
jmst,0,1,1,0.0
jnBB,1,1,2,0.5
jnBK,0,1,1,0.0
jnBL,7,1,8,0.88
jnBM,4,2,6,0.67
jnBN,4,3,7,0.57
jnBP,4,0,4,1.0
jnBS,0,1,1,0.0
jnBb,3,1,4,0.75
jnBl,2,1,3,0.67
jnBm,1,3,4,0.25
jnBn,3,1,4,0.75
jnBs,1,2,3,0.33
jnDH,0,1,1,0.0
jnDP,0,1,1,0.0
jnDs,1,1,2,0.5
jnHB,2,1,3,0.67
jnHK,0,3,3,0.0
jnHM,2,3,5,0.4
jnHN,2,1,3,0.67
jnHP,2,3,5,0.4
jnHS,0,2,2,0.0
jnHb,0,3,3,0.0
jnHh,1,0,1,1.0
jnHl,3,0,3,1.0
jnHm,2,1,3,0.67
jnHn,2,0,2,1.0
jnHs,1,1,2,0.5
jnIH,1,0,1,1.0
jnIN,0,1,1,0.0
jnIP,0,1,1,0.0
jnIS,0,0,0,
jnKM,1,1,2,0.5
jnKN,0,1,1,0.0
jnKl,0,2,2,0.0
jnKm,0,1,1,0.0
jnLB,2,0,2,1.0
jnLM,2,4,6,0.33
jnLN,3,2,5,0.6
jnLP,1,1,2,0.5
jnLS,0,2,2,0.0
jnLb,1,1,2,0.5
jnLj,2,0,2,1.0
jnLl,1,1,2,0.5
jnLm,3,0,3,1.0
jnLn,1,1,2,0.5
jnLs,1,1,2,0.5
jnLt,1,0,1,1.0
jnMB,2,0,2,1.0
jnMD,0,2,2,0.0
jnML,2,0,2,1.0
jnMM,2,1,3,0.67
jnMN,0,1,1,0.0
jnMP,5,1,6,0.83
jnMS,2,2,4,0.5
jnMb,1,2,3,0.33
jnMh,1,3,4,0.25
jnMj,1,1,2,0.5
jnMl,1,1,2,0.5
jnMm,4,3,7,0.57
jnMn,4,7,11,0.36
jnMs,4,1,5,0.8
jnNB,3,3,6,0.5
jnNH,0,1,1,0.0
jnNK,0,0,0,
jnNL,0,1,1,0.0
jnNM,3,5,8,0.38
jnNN,1,5,6,0.17
jnNP,4,2,6,0.67
jnNS,2,2,4,0.5
jnNb,0,2,2,0.0
jnNh,0,1,1,0.0
jnNl,1,1,2,0.5
jnNm,2,2,4,0.5
jnNn,6,6,12,0.5
jnNs,2,4,6,0.33
jnNt,0,0,0,
jnPB,6,3,9,0.67
jnPH,1,0,1,1.0
jnPK,2,0,2,1.0
jnPL,1,0,1,1.0
jnPM,5,5,10,0.5
jnPN,3,3,6,0.5
jnPP,6,8,14,0.43
jnPS,4,1,5,0.8
jnPb,3,4,7,0.43
jnPh,0,2,2,0.0
jnPl,1,2,3,0.33
jnPm,2,0,2,1.0
jnPn,0,4,4,0.0
jnPs,6,2,8,0.75
jnPt,1,0,1,1.0
jnSB,4,1,5,0.8
jnSH,0,1,1,0.0
jnSM,2,0,2,1.0
jnSN,1,0,1,1.0
jnSP,3,3,6,0.5
jnSS,1,4,5,0.2
jnSb,3,0,3,1.0
jnSh,3,2,5,0.6
jnSl,1,0,1,1.0
jnSm,1,3,4,0.25
jnSn,3,3,6,0.5
jnSs,1,1,2,0.5
jnSt,1,0,1,1.0
jnbB,3,0,3,1.0
jnbH,1,0,1,1.0
jnbJ,1,1,2,0.5
jnbK,2,0,2,1.0
jnbL,0,2,2,0.0
jnbM,1,2,3,0.33
jnbN,2,4,6,0.33
jnbP,4,3,7,0.57
jnbS,0,2,2,0.0
jnbb,5,0,5,1.0
jnbl,0,2,2,0.0
jnbm,2,3,5,0.4
jnbn,5,2,7,0.71
jnbs,0,1,1,0.0
jnhL,1,0,1,1.0
jnhP,1,2,3,0.33
jnhn,0,1,1,0.0
jnlB,1,3,4,0.25
jnlH,1,1,2,0.5
jnlL,0,1,1,0.0
jnlM,1,2,3,0.33
jnlN,3,3,6,0.5
jnlP,2,1,3,0.67
jnlS,1,0,1,1.0
jnlb,3,1,4,0.75
jnll,2,1,3,0.67
jnlm,0,1,1,0.0
jnln,2,1,3,0.67
jnls,0,1,1,0.0
jnmB,7,1,8,0.88
jnmH,2,1,3,0.67
jnmL,0,1,1,0.0
jnmM,2,0,2,1.0
jnmN,1,4,5,0.2
jnmP,5,1,6,0.83
jnmS,0,1,1,0.0
jnml,0,1,1,0.0
jnmm,2,1,3,0.67
jnmn,6,2,8,0.75
jnms,2,2,4,0.5
jnnB,3,0,3,1.0
jnnD,0,0,0,
jnnI,1,0,1,1.0
jnnK,0,1,1,0.0
jnnL,1,2,3,0.33
jnnM,3,3,6,0.5
jnnN,2,9,11,0.18
jnnP,6,4,10,0.6
jnnS,4,3,7,0.57
jnnb,5,1,6,0.83
jnnh,1,0,1,1.0
jnnl,1,2,3,0.33
jnnm,2,3,5,0.4
jnnn,0,5,5,0.0
jnns,4,0,4,1.0
jnsB,1,0,1,1.0
jnsH,2,1,3,0.67
jnsI,0,0,0,
jnsL,1,0,1,1.0
jnsM,2,5,7,0.29
jnsN,1,0,1,1.0
jnsP,8,3,11,0.73
jnsS,0,1,1,0.0
jnsb,2,0,2,1.0
jnsm,2,2,4,0.5
jnsn,1,2,3,0.33
jnss,0,2,2,0.0
jsBB,0,2,2,0.0
jsBM,1,1,2,0.5
jsBN,1,2,3,0.33
jsBP,1,0,1,1.0
jsBS,0,1,1,0.0
jsBb,1,0,1,1.0
jsBj,1,0,1,1.0
jsBm,0,1,1,0.0
jsBn,1,1,2,0.5
jsBs,1,1,2,0.5
jsBt,1,0,1,1.0
jsDM,1,0,1,1.0
jsDN,0,1,1,0.0
jsDb,1,1,2,0.5
jsHB,0,0,0,
jsHM,3,0,3,1.0
jsHN,1,4,5,0.2
jsHP,1,1,2,0.5
jsHS,0,3,3,0.0
jsHb,2,1,3,0.67
jsHh,1,0,1,1.0
jsHl,1,0,1,1.0
jsHm,1,0,1,1.0
jsHn,4,1,5,0.8
jsHs,1,3,4,0.25
jsIM,0,0,0,
jsIN,2,0,2,1.0
jsIP,1,0,1,1.0
jsIS,1,0,1,1.0
jsIs,0,1,1,0.0
jsKl,0,0,0,
jsKn,0,1,1,0.0
jsLB,2,1,3,0.67
jsLD,0,2,2,0.0
jsLL,0,0,0,
jsLN,0,0,0,
jsLP,0,1,1,0.0
jsLb,1,0,1,1.0
jsLl,1,0,1,1.0
jsLm,0,2,2,0.0
jsLn,0,1,1,0.0
jsLs,2,0,2,1.0
jsMB,4,2,6,0.67
jsMM,1,1,2,0.5
jsMP,1,0,1,1.0
jsMS,3,2,5,0.6
jsMh,4,0,4,1.0
jsMj,0,1,1,0.0
jsMm,1,2,3,0.33
jsMn,1,2,3,0.33
jsNB,1,1,2,0.5
jsNH,0,1,1,0.0
jsNL,1,0,1,1.0
jsNM,3,2,5,0.6
jsNN,1,0,1,1.0
jsNP,3,1,4,0.75
jsNS,1,1,2,0.5
jsNb,2,4,6,0.33
jsNl,0,1,1,0.0
jsNm,0,1,1,0.0
jsNn,1,1,2,0.5
jsNs,3,0,3,1.0
jsPB,1,2,3,0.33
jsPH,1,1,2,0.5
jsPI,1,0,1,1.0
jsPL,0,0,0,
jsPM,3,2,5,0.6
jsPN,3,1,4,0.75
jsPP,1,3,4,0.25
jsPS,3,3,6,0.5
jsPb,0,2,2,0.0
jsPl,2,2,4,0.5
jsPm,5,1,6,0.83
jsPn,5,2,7,0.71
jsPs,1,0,1,1.0
jsSB,0,1,1,0.0
jsSD,0,1,1,0.0
jsSH,0,1,1,0.0
jsSL,2,0,2,1.0
jsSM,1,3,4,0.25
jsSN,0,2,2,0.0
jsSP,1,6,7,0.14
jsSS,1,1,2,0.5
jsSb,0,2,2,0.0
jsSh,1,0,1,1.0
jsSm,2,0,2,1.0
jsSs,1,2,3,0.33
jsbB,0,1,1,0.0
jsbH,1,0,1,1.0
jsbJ,1,0,1,1.0
jsbL,1,0,1,1.0
jsbM,1,3,4,0.25
jsbN,1,3,4,0.25
jsbP,1,0,1,1.0
jsbS,0,1,1,0.0
jsbb,4,2,6,0.67
jsbl,0,3,3,0.0
jsbm,0,0,0,
jsbn,2,0,2,1.0
jsbs,0,1,1,0.0
jshB,0,1,1,0.0
jshN,0,1,1,0.0
jshP,0,1,1,0.0
jshb,0,1,1,0.0
jslB,1,1,2,0.5
jslH,1,0,1,1.0
jslM,1,0,1,1.0
jslN,2,2,4,0.5
jslP,0,1,1,0.0
jslS,2,1,3,0.67
jslb,0,1,1,0.0
jsll,1,1,2,0.5
jslm,1,1,2,0.5
jsln,0,0,0,
jsmB,2,1,3,0.67
jsmJ,0,1,1,0.0
jsmL,1,1,2,0.5
jsmM,3,1,4,0.75
jsmN,3,1,4,0.75
jsmP,0,2,2,0.0
jsmS,0,1,1,0.0
jsmb,0,0,0,
jsml,0,1,1,0.0
jsmm,0,1,1,0.0
jsnB,0,1,1,0.0
jsnD,1,0,1,1.0
jsnH,0,1,1,0.0
jsnI,0,0,0,
jsnL,1,0,1,1.0
jsnM,0,2,2,0.0
jsnN,3,2,5,0.6
jsnP,2,2,4,0.5
jsnS,1,0,1,1.0
jsnb,2,0,2,1.0
jsnh,1,0,1,1.0
jsnl,1,1,2,0.5
jsnm,0,1,1,0.0
jsnn,2,0,2,1.0
jssH,2,1,3,0.67
jssL,1,2,3,0.33
jssM,2,1,3,0.67
jssN,0,1,1,0.0
jssP,1,4,5,0.2
jssS,0,3,3,0.0
jssb,0,1,1,0.0
jssl,2,1,3,0.67
jssm,1,2,3,0.33
jssn,0,2,2,0.0
jsss,4,1,5,0.8
jstP,1,0,1,1.0
jtBM,0,1,1,0.0
jtBb,1,0,1,1.0
jtBm,0,2,2,0.0
jtBn,1,1,2,0.5
jtDS,1,0,1,1.0
jtHH,0,1,1,0.0
jtHM,0,1,1,0.0
jtHN,0,1,1,0.0
jtHP,1,0,1,1.0
jtHh,0,0,0,
jtHl,0,1,1,0.0
jtHm,1,0,1,1.0
jtKM,0,1,1,0.0
jtKP,1,1,2,0.5
jtKl,1,0,1,1.0
jtLM,0,1,1,0.0
jtLN,1,0,1,1.0
jtLh,1,0,1,1.0
jtLs,1,0,1,1.0
jtLt,0,1,1,0.0
jtMN,1,0,1,1.0
jtMm,1,0,1,1.0
jtMn,0,1,1,0.0
jtNB,1,0,1,1.0
jtNP,1,1,2,0.5
jtNS,0,1,1,0.0
jtNb,1,1,2,0.5
jtNh,0,1,1,0.0
jtNl,1,0,1,1.0
jtNn,0,0,0,
jtNs,2,1,3,0.67
jtPB,2,0,2,1.0
jtPM,1,0,1,1.0
jtPN,0,0,0,
jtPP,0,2,2,0.0
jtPb,2,0,2,1.0
jtPm,0,2,2,0.0
jtPn,0,0,0,
jtPs,0,1,1,0.0
jtSM,0,1,1,0.0
jtSN,0,1,1,0.0
jtSS,1,0,1,1.0
jtSh,0,1,1,0.0
jtSl,0,1,1,0.0
jtSn,1,0,1,1.0
jtbM,1,1,2,0.5
jtbS,0,0,0,
jtbb,1,0,1,1.0
jtbl,1,0,1,1.0
jtbn,1,0,1,1.0
jtlJ,0,0,0,
jtlb,0,1,1,0.0
jtls,1,1,2,0.5
jtmP,1,1,2,0.5
jtmb,1,0,1,1.0
jtml,0,1,1,0.0
jtmm,0,0,0,
jtmn,1,0,1,1.0
jtnB,0,1,1,0.0
jtnL,0,1,1,0.0
jtnM,1,0,1,1.0
jtnN,0,1,1,0.0
jtnP,1,0,1,1.0
jtnS,0,1,1,0.0
jtnm,0,1,1,0.0
jtnn,0,1,1,0.0
jtns,0,1,1,0.0
jtsL,0,1,1,0.0
jtsN,2,0,2,1.0
jtsS,0,1,1,0.0
jtss,3,0,3,1.0
jttl,0,0,0,
lBBB,7,9,16,0.44
lBBD,2,1,3,0.67
lBBL,3,3,6,0.5
lBBM,6,11,17,0.35
lBBN,15,14,29,0.52
lBBP,18,16,34,0.53
lBBS,9,7,16,0.56
lBBb,7,12,19,0.37
lBBh,0,2,2,0.0
lBBj,6,9,15,0.4
lBBl,6,9,15,0.4
lBBm,11,8,19,0.58
lBBn,12,16,28,0.43
lBBs,8,2,10,0.8
lBBt,2,3,5,0.4
lBDB,1,0,1,1.0
lBDH,1,0,1,1.0
lBDL,0,1,1,0.0
lBDM,0,2,2,0.0
lBDN,0,0,0,
lBDP,2,1,3,0.67
lBDS,1,0,1,1.0
lBDm,2,0,2,1.0
lBDn,1,0,1,1.0
lBDs,0,0,0,
lBHM,0,0,0,
lBHP,0,1,1,0.0
lBKM,1,1,2,0.5
lBKP,0,1,1,0.0
lBKS,0,2,2,0.0
lBKb,2,0,2,1.0
lBKh,2,1,3,0.67
lBKl,0,0,0,
lBKm,0,2,2,0.0
lBKn,1,0,1,1.0
lBKs,0,2,2,0.0
lBLB,1,3,4,0.25
lBLL,0,3,3,0.0
lBLM,5,8,13,0.38
lBLN,5,5,10,0.5
lBLP,5,5,10,0.5
lBLS,0,1,1,0.0
lBLb,2,6,8,0.25
lBLh,5,3,8,0.62
lBLj,3,2,5,0.6
lBLl,7,4,11,0.64
lBLm,4,3,7,0.57
lBLn,13,7,20,0.65
lBLs,6,3,9,0.67
lBLt,0,3,3,0.0
lBMB,8,18,26,0.31
lBMD,1,0,1,1.0
lBML,6,4,10,0.6
lBMM,9,20,29,0.31
lBMN,9,19,28,0.32
lBMP,15,14,29,0.52
lBMS,7,3,10,0.7
lBMb,10,15,25,0.4
lBMh,8,10,18,0.44
lBMj,8,2,10,0.8
lBMl,6,4,10,0.6
lBMm,9,10,19,0.47
lBMn,14,16,30,0.47
lBMs,6,10,16,0.38
lBMt,2,3,5,0.4
lBNB,11,10,21,0.52
lBND,1,3,4,0.25
lBNH,3,2,5,0.6
lBNK,0,0,0,
lBNL,5,3,8,0.62
lBNM,14,9,23,0.61
lBNN,22,22,44,0.5
lBNP,29,28,57,0.51
lBNS,6,7,13,0.46
lBNb,14,17,31,0.45
lBNh,6,9,15,0.4
lBNl,12,9,21,0.57
lBNm,16,7,23,0.7
lBNn,23,18,41,0.56
lBNs,7,9,16,0.44
lBNt,5,4,9,0.56
lBPB,11,14,25,0.44
lBPD,0,1,1,0.0
lBPH,3,5,8,0.38
lBPK,1,1,2,0.5
lBPL,9,3,12,0.75
lBPM,24,13,37,0.65
lBPN,19,23,42,0.45
lBPP,38,33,71,0.54
lBPS,13,17,30,0.43
lBPb,29,19,48,0.6
lBPh,5,3,8,0.62
lBPl,15,14,29,0.52
lBPm,15,18,33,0.45
lBPn,28,16,44,0.64
lBPs,11,15,26,0.42
lBPt,1,0,1,1.0
lBSB,4,2,6,0.67
lBSD,0,1,1,0.0
lBSH,5,4,9,0.56
lBSL,2,3,5,0.4
lBSM,5,12,17,0.29
lBSN,6,9,15,0.4
lBSP,9,13,22,0.41
lBSS,5,4,9,0.56
lBSb,9,10,19,0.47
lBSh,3,7,10,0.3
lBSl,8,3,11,0.73
lBSm,8,4,12,0.67
lBSn,20,15,35,0.57
lBSs,9,5,14,0.64
lBSt,0,1,1,0.0
lBbB,15,13,28,0.54
lBbD,0,2,2,0.0
lBbH,6,6,12,0.5
lBbI,3,1,4,0.75
lBbJ,2,2,4,0.5
lBbK,0,2,2,0.0
lBbL,5,5,10,0.5
lBbM,18,22,40,0.45
lBbN,17,18,35,0.49
lBbP,23,27,50,0.46
lBbS,4,10,14,0.29
lBbb,18,12,30,0.6
lBbl,7,4,11,0.64
lBbm,8,6,14,0.57
lBbn,14,14,28,0.5
lBbs,9,6,15,0.6
lBhB,0,2,2,0.0
lBhH,0,1,1,0.0
lBhL,0,1,1,0.0
lBhM,0,4,4,0.0
lBhN,0,1,1,0.0
lBhP,3,4,7,0.43
lBhS,2,4,6,0.33
lBhb,2,0,2,1.0
lBhh,2,0,2,1.0
lBhl,1,1,2,0.5
lBhm,0,2,2,0.0
lBhn,4,0,4,1.0
lBhs,1,1,2,0.5
lBht,0,0,0,
lBjB,3,2,5,0.6
lBjH,3,3,6,0.5
lBjL,0,2,2,0.0
lBjM,3,6,9,0.33
lBjN,4,7,11,0.36
lBjP,9,4,13,0.69
lBjS,1,2,3,0.33
lBjb,5,0,5,1.0
lBjh,0,1,1,0.0
lBjl,5,2,7,0.71
lBjm,3,2,5,0.6
lBjn,2,3,5,0.4
lBjs,3,4,7,0.43
lBjt,0,0,0,
lBlB,10,4,14,0.71
lBlH,3,5,8,0.38
lBlI,1,0,1,1.0
lBlJ,0,5,5,0.0
lBlL,3,7,10,0.3
lBlM,10,11,21,0.48
lBlN,4,5,9,0.44
lBlP,8,11,19,0.42
lBlS,4,4,8,0.5
lBlb,10,6,16,0.62
lBll,3,4,7,0.43
lBlm,5,4,9,0.56
lBln,6,2,8,0.75
lBls,2,1,3,0.67
lBmB,5,16,21,0.24
lBmH,8,4,12,0.67
lBmI,0,0,0,
lBmJ,4,2,6,0.67
lBmL,7,1,8,0.88
lBmM,11,10,21,0.52
lBmN,18,13,31,0.58
lBmP,15,14,29,0.52
lBmS,10,2,12,0.83
lBmb,9,9,18,0.5
lBml,6,5,11,0.55
lBmm,12,11,23,0.52
lBmn,9,14,23,0.39
lBms,10,7,17,0.59
lBnB,12,12,24,0.5
lBnD,2,4,6,0.33
lBnH,16,17,33,0.48
lBnI,1,2,3,0.33
lBnK,0,1,1,0.0
lBnL,6,8,14,0.43
lBnM,19,21,40,0.48
lBnN,26,30,56,0.46
lBnP,22,25,47,0.47
lBnS,10,20,30,0.33
lBnb,9,14,23,0.39
lBnh,1,1,2,0.5
lBnl,9,4,13,0.69
lBnm,10,17,27,0.37
lBnn,23,24,47,0.49
lBns,15,7,22,0.68
lBsB,5,2,7,0.71
lBsD,0,2,2,0.0
lBsH,4,6,10,0.4
lBsI,1,0,1,1.0
lBsK,1,1,2,0.5
lBsL,1,4,5,0.2
lBsM,3,9,12,0.25
lBsN,5,9,14,0.36
lBsP,15,12,27,0.56
lBsS,2,10,12,0.17
lBsb,2,7,9,0.22
lBsh,0,1,1,0.0
lBsl,5,1,6,0.83
lBsm,7,6,13,0.54
lBsn,10,7,17,0.59
lBss,5,5,10,0.5
lBtB,1,0,1,1.0
lBtH,2,2,4,0.5
lBtL,1,0,1,1.0
lBtM,2,5,7,0.29
lBtN,3,3,6,0.5
lBtP,1,6,7,0.14
lBtS,1,2,3,0.33
lBtb,3,2,5,0.6
lBtl,1,0,1,1.0
lBtm,2,7,9,0.22
lBtn,3,2,5,0.6
lBts,1,4,5,0.2
lBtt,0,2,2,0.0
lDBB,1,1,2,0.5
lDBM,0,1,1,0.0
lDBN,1,0,1,1.0
lDBP,0,1,1,0.0
lDBS,1,3,4,0.25
lDBb,1,0,1,1.0
lDBl,1,0,1,1.0
lDBm,2,2,4,0.5
lDBn,0,1,1,0.0
lDDH,0,0,0,
lDDL,0,1,1,0.0
lDDn,1,0,1,1.0
lDHD,2,0,2,1.0
lDHM,3,0,3,1.0
lDHN,1,3,4,0.25
lDHP,3,0,3,1.0
lDHS,1,0,1,1.0
lDHb,0,1,1,0.0
lDHl,1,4,5,0.2
lDHm,2,2,4,0.5
lDHn,3,0,3,1.0
lDIl,0,1,1,0.0
lDLB,2,0,2,1.0
lDLL,1,0,1,1.0
lDLM,2,1,3,0.67
lDLP,0,1,1,0.0
lDLS,1,0,1,1.0
lDLh,0,2,2,0.0
lDLj,0,0,0,
lDLl,1,2,3,0.33
lDLm,1,1,2,0.5
lDLn,1,1,2,0.5
lDLs,0,1,1,0.0
lDLt,0,1,1,0.0
lDMB,1,4,5,0.2
lDML,1,1,2,0.5
lDMM,1,1,2,0.5
lDMN,0,1,1,0.0
lDMP,0,1,1,0.0
lDMS,2,0,2,1.0
lDMb,2,1,3,0.67
lDMh,1,2,3,0.33
lDMl,1,0,1,1.0
lDMm,3,0,3,1.0
lDMn,1,2,3,0.33
lDMs,1,0,1,1.0
lDNB,3,0,3,1.0
lDNK,0,0,0,
lDNL,0,1,1,0.0
lDNM,1,0,1,1.0
lDNN,1,1,2,0.5
lDNP,4,3,7,0.57
lDNS,0,1,1,0.0
lDNb,2,1,3,0.67
lDNh,0,1,1,0.0
lDNm,1,0,1,1.0
lDNn,3,2,5,0.6
lDNs,2,0,2,1.0
lDNt,0,1,1,0.0
lDPB,3,1,4,0.75
lDPH,0,1,1,0.0
lDPL,0,0,0,
lDPM,3,1,4,0.75
lDPN,4,1,5,0.8
lDPP,2,1,3,0.67
lDPS,3,4,7,0.43
lDPb,1,1,2,0.5
lDPl,1,0,1,1.0
lDPm,2,1,3,0.67
lDPn,1,1,2,0.5
lDPs,3,0,3,1.0
lDSL,1,0,1,1.0
lDSM,0,0,0,
lDSN,1,0,1,1.0
lDSP,0,2,2,0.0
lDSS,0,1,1,0.0
lDSb,1,1,2,0.5
lDSl,1,1,2,0.5
lDSm,3,1,4,0.75
lDSn,3,0,3,1.0
lDSs,2,0,2,1.0
lDbB,0,2,2,0.0
lDbD,0,1,1,0.0
lDbH,0,1,1,0.0
lDbI,0,0,0,
lDbJ,0,1,1,0.0
lDbL,1,0,1,1.0
lDbM,2,0,2,1.0
lDbN,1,1,2,0.5
lDbP,5,1,6,0.83
lDbS,1,0,1,1.0
lDbb,0,2,2,0.0
lDbl,0,1,1,0.0
lDbm,1,0,1,1.0
lDbn,0,2,2,0.0
lDbs,0,0,0,
lDlJ,1,0,1,1.0
lDlM,0,1,1,0.0
lDlN,2,0,2,1.0
lDlP,2,0,2,1.0
lDln,2,0,2,1.0
lDmH,1,1,2,0.5
lDmJ,0,1,1,0.0
lDmL,1,0,1,1.0
lDmN,3,1,4,0.75
lDmP,1,2,3,0.33
lDmS,0,0,0,
lDmb,0,1,1,0.0
lDmm,0,1,1,0.0
lDmn,1,0,1,1.0
lDnB,1,1,2,0.5
lDnH,1,1,2,0.5
lDnI,0,0,0,
lDnL,1,3,4,0.25
lDnM,0,1,1,0.0
lDnN,0,3,3,0.0
lDnP,0,1,1,0.0
lDnb,1,0,1,1.0
lDnl,1,1,2,0.5
lDnm,0,1,1,0.0
lDnn,1,0,1,1.0
lDns,0,1,1,0.0
lDsH,3,2,5,0.6
lDsL,0,1,1,0.0
lDsM,0,2,2,0.0
lDsN,1,2,3,0.33
lDsP,1,0,1,1.0
lDsS,1,2,3,0.33
lDsl,1,0,1,1.0
lDsm,1,0,1,1.0
lDsn,2,2,4,0.5
lDss,0,2,2,0.0
lDtB,1,0,1,1.0
lDtM,1,0,1,1.0
lDtb,0,1,1,0.0
lDtn,1,1,2,0.5
lDts,0,2,2,0.0
lHBB,8,4,12,0.67
lHBD,1,2,3,0.33
lHBK,1,2,3,0.33
lHBL,1,6,7,0.14
lHBM,8,9,17,0.47
lHBN,10,8,18,0.56
lHBP,11,11,22,0.5
lHBS,7,3,10,0.7
lHBb,15,5,20,0.75
lHBh,1,1,2,0.5
lHBj,2,2,4,0.5
lHBl,3,2,5,0.6
lHBm,6,12,18,0.33
lHBn,11,13,24,0.46
lHBs,4,3,7,0.57
lHBt,4,0,4,1.0
lHDB,1,0,1,1.0
lHDH,1,0,1,1.0
lHDI,1,0,1,1.0
lHDL,1,0,1,1.0
lHDM,3,1,4,0.75
lHDP,1,0,1,1.0
lHDS,1,2,3,0.33
lHDl,1,0,1,1.0
lHDm,1,0,1,1.0
lHDn,2,0,2,1.0
lHDs,0,1,1,0.0
lHHB,1,1,2,0.5
lHHH,1,0,1,1.0
lHHL,2,1,3,0.67
lHHM,2,3,5,0.4
lHHN,4,2,6,0.67
lHHP,3,3,6,0.5
lHHS,3,2,5,0.6
lHHb,2,0,2,1.0
lHHh,0,0,0,
lHHm,2,0,2,1.0
lHHn,1,3,4,0.25
lHHs,1,0,1,1.0
lHHt,1,0,1,1.0
lHIL,0,1,1,0.0
lHIM,1,1,2,0.5
lHIN,2,2,4,0.5
lHIP,0,5,5,0.0
lHIS,3,2,5,0.6
lHIl,0,1,1,0.0
lHIm,2,2,4,0.5
lHIn,1,1,2,0.5
lHIs,1,0,1,1.0
lHKD,1,0,1,1.0
lHKL,1,0,1,1.0
lHKM,0,1,1,0.0
lHKN,1,0,1,1.0
lHKP,3,1,4,0.75
lHKb,1,3,4,0.25
lHKh,0,3,3,0.0
lHKm,0,3,3,0.0
lHKs,0,0,0,
lHLB,5,2,7,0.71
lHLL,2,2,4,0.5
lHLM,7,2,9,0.78
lHLN,5,5,10,0.5
lHLP,5,5,10,0.5
lHLS,0,3,3,0.0
lHLb,5,4,9,0.56
lHLh,0,4,4,0.0
lHLj,2,0,2,1.0
lHLl,6,3,9,0.67
lHLm,2,1,3,0.67
lHLn,4,8,12,0.33
lHLs,3,3,6,0.5
lHLt,1,0,1,1.0
lHMB,9,11,20,0.45
lHMD,0,1,1,0.0
lHMH,0,1,1,0.0
lHML,5,7,12,0.42
lHMM,12,16,28,0.43
lHMN,14,10,24,0.58
lHMP,11,19,30,0.37
lHMS,10,12,22,0.45
lHMb,10,10,20,0.5
lHMh,8,8,16,0.5
lHMj,4,1,5,0.8
lHMl,9,6,15,0.6
lHMm,9,12,21,0.43
lHMn,28,14,42,0.67
lHMs,7,3,10,0.7
lHMt,1,3,4,0.25
lHNB,6,7,13,0.46
lHND,1,0,1,1.0
lHNK,1,2,3,0.33
lHNL,4,4,8,0.5
lHNM,16,21,37,0.43
lHNN,13,12,25,0.52
lHNP,17,15,32,0.53
lHNS,4,6,10,0.4
lHNb,11,10,21,0.52
lHNh,3,6,9,0.33
lHNl,8,5,13,0.62
lHNm,8,8,16,0.5
lHNn,18,17,35,0.51
lHNs,8,11,19,0.42
lHNt,3,7,10,0.3
lHPB,7,18,25,0.28
lHPD,1,3,4,0.25
lHPH,6,4,10,0.6
lHPI,5,1,6,0.83
lHPK,1,0,1,1.0
lHPL,10,12,22,0.45
lHPM,15,16,31,0.48
lHPN,14,11,25,0.56
lHPP,27,32,59,0.46
lHPS,15,23,38,0.39
lHPb,18,15,33,0.55
lHPh,3,3,6,0.5
lHPl,10,8,18,0.56
lHPm,17,15,32,0.53
lHPn,20,25,45,0.44
lHPs,13,14,27,0.48
lHPt,5,0,5,1.0
lHSB,4,10,14,0.29
lHSD,1,1,2,0.5
lHSH,2,4,6,0.33
lHSK,1,0,1,1.0
lHSL,6,5,11,0.55
lHSM,7,7,14,0.5
lHSN,2,11,13,0.15
lHSP,8,6,14,0.57
lHSS,6,5,11,0.55
lHSb,7,5,12,0.58
lHSh,1,8,9,0.11
lHSl,7,6,13,0.54
lHSm,6,9,15,0.4
lHSn,10,7,17,0.59
lHSs,14,10,24,0.58
lHSt,4,1,5,0.8
lHbB,12,10,22,0.55
lHbD,0,0,0,
lHbH,9,3,12,0.75
lHbI,3,0,3,1.0
lHbJ,4,3,7,0.57
lHbK,1,0,1,1.0
lHbL,5,10,15,0.33
lHbM,20,8,28,0.71
lHbN,17,15,32,0.53
lHbP,20,18,38,0.53
lHbS,5,5,10,0.5
lHbb,11,13,24,0.46
lHbl,2,4,6,0.33
lHbm,14,6,20,0.7
lHbn,10,12,22,0.45
lHbs,7,9,16,0.44
lHhB,1,4,5,0.2
lHhD,0,2,2,0.0
lHhH,1,1,2,0.5
lHhL,1,0,1,1.0
lHhM,4,3,7,0.57
lHhN,2,4,6,0.33
lHhP,2,10,12,0.17
lHhS,4,3,7,0.57
lHhb,3,7,10,0.3
lHhh,4,6,10,0.4
lHhl,4,3,7,0.57
lHhm,2,7,9,0.22
lHhn,7,9,16,0.44
lHhs,5,6,11,0.45
lHht,1,1,2,0.5
lHlB,2,5,7,0.29
lHlH,5,2,7,0.71
lHlJ,1,0,1,1.0
lHlK,0,0,0,
lHlL,1,2,3,0.33
lHlM,5,10,15,0.33
lHlN,11,6,17,0.65
lHlP,6,11,17,0.35
lHlS,2,4,6,0.33
lHlb,1,8,9,0.11
lHll,2,0,2,1.0
lHlm,8,5,13,0.62
lHln,4,9,13,0.31
lHls,3,6,9,0.33
lHmB,6,10,16,0.38
lHmD,3,2,5,0.6
lHmH,7,5,12,0.58
lHmJ,1,1,2,0.5
lHmL,2,2,4,0.5
lHmM,11,14,25,0.44
lHmN,9,16,25,0.36
lHmP,16,9,25,0.64
lHmS,0,8,8,0.0
lHmb,9,9,18,0.5
lHml,7,4,11,0.64
lHmm,8,4,12,0.67
lHmn,16,5,21,0.76
lHms,6,6,12,0.5
lHnB,6,7,13,0.46
lHnD,0,1,1,0.0
lHnH,7,8,15,0.47
lHnI,1,0,1,1.0
lHnK,1,1,2,0.5
lHnL,4,7,11,0.36
lHnM,17,19,36,0.47
lHnN,16,20,36,0.44
lHnP,26,28,54,0.48
lHnS,7,5,12,0.58
lHnb,18,14,32,0.56
lHnh,0,1,1,0.0
lHnl,11,7,18,0.61
lHnm,7,13,20,0.35
lHnn,19,15,34,0.56
lHns,11,6,17,0.65
lHsB,2,7,9,0.22
lHsD,0,0,0,
lHsH,10,11,21,0.48
lHsI,1,0,1,1.0
lHsK,0,1,1,0.0
lHsL,3,4,7,0.43
lHsM,6,8,14,0.43
lHsN,7,13,20,0.35
lHsP,13,8,21,0.62
lHsS,13,10,23,0.57
lHsb,3,3,6,0.5
lHsh,0,1,1,0.0
lHsl,7,4,11,0.64
lHsm,8,10,18,0.44
lHsn,9,9,18,0.5
lHss,7,12,19,0.37
lHtB,1,0,1,1.0
lHtH,0,2,2,0.0
lHtM,2,1,3,0.67
lHtN,1,0,1,1.0
lHtP,2,1,3,0.67
lHtS,2,1,3,0.67
lHtb,1,0,1,1.0
lHtl,1,0,1,1.0
lHtm,1,0,1,1.0
lIBB,1,1,2,0.5
lIBL,0,1,1,0.0
lIBM,3,4,7,0.43
lIBP,0,2,2,0.0
lIBS,0,1,1,0.0
lIBb,1,0,1,1.0
lIBh,0,1,1,0.0
lIBj,1,0,1,1.0
lIBl,1,0,1,1.0
lIBm,1,3,4,0.25
lIBn,2,2,4,0.5
lIDH,0,1,1,0.0
lIDP,0,2,2,0.0
lIDS,0,1,1,0.0
lIHB,2,2,4,0.5
lIHD,0,1,1,0.0
lIHH,0,1,1,0.0
lIHL,1,0,1,1.0
lIHN,2,0,2,1.0
lIHP,5,1,6,0.83
lIHS,2,0,2,1.0
lIHb,0,2,2,0.0
lIHh,1,0,1,1.0
lIHl,0,1,1,0.0
lIHm,0,1,1,0.0
lIHn,0,1,1,0.0
lIHt,1,0,1,1.0
lIII,1,0,1,1.0
lIIP,1,0,1,1.0
lIIl,1,0,1,1.0
lILN,3,0,3,1.0
lILP,0,0,0,
lILb,0,1,1,0.0
lILl,1,0,1,1.0
lILm,1,0,1,1.0
lILn,0,1,1,0.0
lILs,0,2,2,0.0
lIMB,1,0,1,1.0
lIML,2,0,2,1.0
lIMM,2,1,3,0.67
lIMN,2,0,2,1.0
lIMP,3,3,6,0.5
lIMS,0,1,1,0.0
lIMb,4,0,4,1.0
lIMh,0,1,1,0.0
lIMj,0,1,1,0.0
lIMl,0,2,2,0.0
lIMm,4,1,5,0.8
lIMn,1,2,3,0.33
lINH,0,1,1,0.0
lINK,0,1,1,0.0
lINL,0,1,1,0.0
lINM,1,1,2,0.5
lINN,2,3,5,0.4
lINP,5,3,8,0.62
lINS,2,1,3,0.67
lINb,3,2,5,0.6
lINl,2,0,2,1.0
lINm,2,2,4,0.5
lINn,0,1,1,0.0
lINs,1,0,1,1.0
lINt,1,1,2,0.5
lIPB,2,2,4,0.5
lIPD,0,1,1,0.0
lIPH,2,0,2,1.0
lIPL,1,1,2,0.5
lIPM,1,2,3,0.33
lIPN,1,3,4,0.25
lIPP,5,4,9,0.56
lIPS,2,0,2,1.0
lIPb,3,1,4,0.75
lIPh,1,0,1,1.0
lIPl,2,3,5,0.4
lIPm,1,0,1,1.0
lIPn,0,4,4,0.0
lIPs,1,1,2,0.5
lISB,1,1,2,0.5
lISH,0,1,1,0.0
lISM,2,0,2,1.0
lISN,1,1,2,0.5
lISP,1,1,2,0.5
lISS,2,0,2,1.0
lISl,1,0,1,1.0
lISn,0,0,0,
lISs,3,0,3,1.0
lIbB,3,1,4,0.75
lIbH,0,1,1,0.0
lIbJ,1,0,1,1.0
lIbK,0,1,1,0.0
lIbL,1,1,2,0.5
lIbM,1,2,3,0.33
lIbN,1,3,4,0.25
lIbP,2,2,4,0.5
lIbS,3,0,3,1.0
lIbb,3,0,3,1.0
lIbl,1,1,2,0.5
lIbm,1,2,3,0.33
lIbn,2,3,5,0.4
lIlB,1,0,1,1.0
lIlM,1,0,1,1.0
lIlP,3,1,4,0.75
lIln,0,1,1,0.0
lIls,0,0,0,
lImB,0,1,1,0.0
lImH,0,2,2,0.0
lImI,1,0,1,1.0
lImL,2,1,3,0.67
lImM,2,2,4,0.5
lImN,1,3,4,0.25
lImP,0,2,2,0.0
lImS,0,2,2,0.0
lImb,0,1,1,0.0
lIml,1,0,1,1.0
lImm,2,1,3,0.67
lImn,1,1,2,0.5
lIms,0,1,1,0.0
lInB,2,0,2,1.0
lInD,1,1,2,0.5
lInM,3,1,4,0.75
lInN,1,2,3,0.33
lInP,1,4,5,0.2
lInS,2,0,2,1.0
lInb,2,2,4,0.5
lInm,1,0,1,1.0
lInn,0,1,1,0.0
lIns,2,1,3,0.67
lIsB,1,0,1,1.0
lIsH,1,1,2,0.5
lIsI,0,0,0,
lIsM,3,0,3,1.0
lIsN,2,0,2,1.0
lIsP,1,3,4,0.25
lIsS,0,2,2,0.0
lIsl,2,0,2,1.0
lIsn,0,0,0,
lIss,0,1,1,0.0
lJBB,5,5,10,0.5
lJBK,0,1,1,0.0
lJBL,1,2,3,0.33
lJBM,1,6,7,0.14
lJBN,3,4,7,0.43
lJBP,4,6,10,0.4
lJBS,0,1,1,0.0
lJBb,2,4,6,0.33
lJBj,3,4,7,0.43
lJBl,1,3,4,0.25
lJBm,3,2,5,0.6
lJBn,3,4,7,0.43
lJBs,5,5,10,0.5
lJDH,1,1,2,0.5
lJDL,0,0,0,
lJDM,0,1,1,0.0
lJDN,1,0,1,1.0
lJDS,0,2,2,0.0
lJDb,2,0,2,1.0
lJHB,1,1,2,0.5
lJHL,0,2,2,0.0
lJHM,3,2,5,0.6
lJHN,0,1,1,0.0
lJHP,1,4,5,0.2
lJHS,3,0,3,1.0
lJHb,2,1,3,0.67
lJHh,1,0,1,1.0
lJHl,0,0,0,
lJHm,4,2,6,0.67
lJHn,4,1,5,0.8
lJHs,1,2,3,0.33
lJID,1,0,1,1.0
lJIH,0,1,1,0.0
lJIL,1,1,2,0.5
lJIM,0,1,1,0.0
lJIN,1,3,4,0.25
lJIP,1,0,1,1.0
lJIS,0,1,1,0.0
lJIb,1,0,1,1.0
lJIm,1,0,1,1.0
lJKM,1,0,1,1.0
lJKS,0,1,1,0.0
lJKb,0,1,1,0.0
lJKm,0,1,1,0.0
lJLB,2,2,4,0.5
lJLD,1,1,2,0.5
lJLL,3,3,6,0.5
lJLM,0,1,1,0.0
lJLN,1,0,1,1.0
lJLP,0,5,5,0.0
lJLS,2,1,3,0.67
lJLb,2,3,5,0.4
lJLh,0,1,1,0.0
lJLl,1,0,1,1.0
lJLm,3,1,4,0.75
lJLn,1,4,5,0.2
lJLs,1,2,3,0.33
lJLt,1,0,1,1.0
lJMB,4,5,9,0.44
lJMD,0,1,1,0.0
lJML,3,2,5,0.6
lJMM,3,2,5,0.6
lJMN,6,3,9,0.67
lJMP,5,5,10,0.5
lJMS,5,4,9,0.56
lJMb,5,1,6,0.83
lJMh,6,0,6,1.0
lJMj,2,1,3,0.67
lJMl,4,2,6,0.67
lJMm,3,4,7,0.43
lJMn,8,4,12,0.67
lJMs,1,4,5,0.2
lJMt,0,1,1,0.0
lJNB,3,6,9,0.33
lJNH,0,1,1,0.0
lJNK,1,1,2,0.5
lJNL,5,4,9,0.56
lJNM,3,2,5,0.6
lJNN,5,0,5,1.0
lJNP,3,5,8,0.38
lJNS,6,1,7,0.86
lJNb,7,3,10,0.7
lJNh,2,0,2,1.0
lJNl,5,2,7,0.71
lJNm,1,3,4,0.25
lJNn,9,9,18,0.5
lJNs,7,0,7,1.0
lJNt,1,1,2,0.5
lJPB,9,6,15,0.6
lJPD,1,0,1,1.0
lJPH,2,2,4,0.5
lJPK,1,0,1,1.0
lJPL,1,3,4,0.25
lJPM,5,9,14,0.36
lJPN,9,5,14,0.64
lJPP,15,12,27,0.56
lJPS,6,4,10,0.6
lJPb,8,7,15,0.53
lJPh,0,1,1,0.0
lJPl,4,3,7,0.57
lJPm,2,3,5,0.4
lJPn,5,2,7,0.71
lJPs,5,4,9,0.56
lJPt,1,0,1,1.0
lJSB,2,5,7,0.29
lJSH,0,1,1,0.0
lJSL,1,1,2,0.5
lJSM,4,6,10,0.4
lJSN,3,5,8,0.38
lJSP,8,4,12,0.67
lJSS,2,1,3,0.67
lJSb,1,4,5,0.2
lJSl,3,1,4,0.75
lJSm,8,1,9,0.89
lJSn,3,2,5,0.6
lJSs,6,5,11,0.55
lJbB,10,12,22,0.45
lJbH,1,0,1,1.0
lJbI,1,0,1,1.0
lJbL,3,5,8,0.38
lJbM,6,5,11,0.55
lJbN,5,6,11,0.45
lJbP,7,6,13,0.54
lJbS,1,1,2,0.5
lJbb,10,6,16,0.62
lJbl,2,0,2,1.0
lJbm,7,5,12,0.58
lJbn,6,6,12,0.5
lJbs,0,2,2,0.0
lJhL,1,1,2,0.5
lJhM,1,2,3,0.33
lJhS,0,0,0,
lJhh,0,2,2,0.0
lJhn,0,1,1,0.0
lJhs,0,1,1,0.0
lJlB,3,2,5,0.6
lJlD,1,0,1,1.0
lJlH,3,1,4,0.75
lJlJ,3,0,3,1.0
lJlL,2,0,2,1.0
lJlM,2,4,6,0.33
lJlN,0,5,5,0.0
lJlP,3,1,4,0.75
lJlS,1,1,2,0.5
lJlb,4,0,4,1.0
lJll,7,0,7,1.0
lJlm,2,2,4,0.5
lJln,3,0,3,1.0
lJls,0,1,1,0.0
lJmB,2,4,6,0.33
lJmH,2,2,4,0.5
lJmJ,4,0,4,1.0
lJmL,4,2,6,0.67
lJmM,7,7,14,0.5
lJmN,3,2,5,0.6
lJmP,9,2,11,0.82
lJmS,3,3,6,0.5
lJmb,1,4,5,0.2
lJml,2,1,3,0.67
lJmm,4,1,5,0.8
lJmn,6,1,7,0.86
lJms,2,1,3,0.67
lJnB,3,3,6,0.5
lJnD,0,1,1,0.0
lJnH,2,3,5,0.4
lJnI,1,1,2,0.5
lJnK,1,1,2,0.5
lJnL,2,2,4,0.5
lJnM,2,5,7,0.29
lJnN,2,1,3,0.67
lJnP,4,5,9,0.44
lJnS,3,1,4,0.75
lJnb,2,1,3,0.67
lJnl,1,2,3,0.33
lJnm,3,2,5,0.6
lJnn,5,7,12,0.42
lJns,2,3,5,0.4
lJsB,2,1,3,0.67
lJsH,0,5,5,0.0
lJsI,0,1,1,0.0
lJsL,1,2,3,0.33
lJsM,2,3,5,0.4
lJsN,2,4,6,0.33
lJsP,7,3,10,0.7
lJsS,3,2,5,0.6
lJsb,4,3,7,0.57
lJsh,1,0,1,1.0
lJsl,2,1,3,0.67
lJsm,2,4,6,0.33
lJsn,3,2,5,0.6
lJss,2,3,5,0.4
lJtB,0,1,1,0.0
lJtL,0,1,1,0.0
lJtM,1,0,1,1.0
lJtN,1,0,1,1.0
lJtP,1,1,2,0.5
lJtS,0,2,2,0.0
lKBB,0,1,1,0.0
lKBL,1,0,1,1.0
lKBP,0,2,2,0.0
lKBS,0,0,0,
lKBb,1,2,3,0.33
lKBl,1,1,2,0.5
lKBs,1,1,2,0.5
lKKM,0,1,1,0.0
lKKb,0,1,1,0.0
lKLB,1,0,1,1.0
lKLL,0,1,1,0.0
lKLS,0,0,0,
lKLl,1,0,1,1.0
lKLm,0,1,1,0.0
lKLn,2,0,2,1.0
lKLs,0,1,1,0.0
lKMB,0,3,3,0.0
lKML,1,0,1,1.0
lKMM,0,0,0,
lKMN,1,0,1,1.0
lKMP,3,1,4,0.75
lKMS,1,1,2,0.5
lKMb,1,0,1,1.0
lKMh,0,2,2,0.0
lKMj,1,1,2,0.5
lKMl,0,1,1,0.0
lKMm,0,1,1,0.0
lKMn,2,4,6,0.33
lKMs,2,3,5,0.4
lKMt,0,1,1,0.0
lKNL,0,1,1,0.0
lKNM,0,1,1,0.0
lKNN,0,1,1,0.0
lKNP,0,1,1,0.0
lKNS,0,1,1,0.0
lKNb,3,0,3,1.0
lKNh,1,0,1,1.0
lKNl,1,0,1,1.0
lKNm,0,1,1,0.0
lKPB,0,1,1,0.0
lKPH,0,0,0,
lKPL,1,1,2,0.5
lKPM,0,1,1,0.0
lKPN,0,1,1,0.0
lKPP,4,4,8,0.5
lKPS,0,1,1,0.0
lKPb,1,2,3,0.33
lKPl,0,1,1,0.0
lKPm,0,2,2,0.0
lKPn,1,0,1,1.0
lKPs,0,1,1,0.0
lKPt,1,0,1,1.0
lKSB,0,1,1,0.0
lKSD,1,0,1,1.0
lKSN,0,1,1,0.0
lKSP,0,1,1,0.0
lKSS,1,0,1,1.0
lKSb,1,0,1,1.0
lKSh,1,0,1,1.0
lKSm,0,1,1,0.0
lKSn,0,1,1,0.0
lKbB,1,3,4,0.25
lKbM,1,0,1,1.0
lKbN,2,0,2,1.0
lKbP,1,0,1,1.0
lKbS,0,0,0,
lKbb,1,3,4,0.25
lKbl,1,0,1,1.0
lKbm,1,0,1,1.0
lKbn,0,0,0,
lKhB,0,1,1,0.0
lKhH,1,0,1,1.0
lKhM,0,1,1,0.0
lKhN,1,0,1,1.0
lKhP,1,2,3,0.33
lKhS,0,1,1,0.0
lKhb,0,1,1,0.0
lKhh,0,1,1,0.0
lKhl,3,2,5,0.6
lKhm,1,0,1,1.0
lKhn,0,2,2,0.0
lKhs,1,1,2,0.5
lKht,0,1,1,0.0
lKlH,0,1,1,0.0
lKlJ,0,1,1,0.0
lKlM,1,0,1,1.0
lKlN,1,0,1,1.0
lKlP,2,1,3,0.67
lKlS,1,1,2,0.5
lKlb,1,1,2,0.5
lKln,0,1,1,0.0
lKmB,0,1,1,0.0
lKmH,1,2,3,0.33
lKmL,1,1,2,0.5
lKmM,0,1,1,0.0
lKmN,2,0,2,1.0
lKmP,1,2,3,0.33
lKmS,0,1,1,0.0
lKmb,0,4,4,0.0
lKmn,0,0,0,
lKms,1,1,2,0.5
lKnB,1,0,1,1.0
lKnH,0,0,0,
lKnL,3,0,3,1.0
lKnM,1,1,2,0.5
lKnN,1,0,1,1.0
lKnP,1,1,2,0.5
lKnS,0,2,2,0.0
lKnb,0,1,1,0.0
lKnm,0,1,1,0.0
lKnn,1,3,4,0.25
lKns,1,0,1,1.0
lKsB,0,1,1,0.0
lKsM,0,1,1,0.0
lKsP,1,0,1,1.0
lKsS,1,1,2,0.5
lKsb,1,0,1,1.0
lKsl,1,1,2,0.5
lKss,0,1,1,0.0
lKtL,1,0,1,1.0
lKtM,0,1,1,0.0
lLBB,5,4,9,0.56
lLBD,0,1,1,0.0
lLBL,2,1,3,0.67
lLBM,3,2,5,0.6
lLBN,5,4,9,0.56
lLBP,13,5,18,0.72
lLBS,4,1,5,0.8
lLBb,5,10,15,0.33
lLBh,1,2,3,0.33
lLBj,3,2,5,0.6
lLBl,4,3,7,0.57
lLBm,8,1,9,0.89
lLBn,5,4,9,0.56
lLBs,3,7,10,0.3
lLBt,1,2,3,0.33
lLDL,1,0,1,1.0
lLDM,0,1,1,0.0
lLDP,1,1,2,0.5
lLDm,1,1,2,0.5
lLHS,0,0,0,
lLHm,1,0,1,1.0
lLHn,1,0,1,1.0
lLKD,1,0,1,1.0
lLKL,1,0,1,1.0
lLKM,1,0,1,1.0
lLKm,1,1,2,0.5
lLKn,1,1,2,0.5
lLLB,4,6,10,0.4
lLLD,0,1,1,0.0
lLLK,1,0,1,1.0
lLLL,0,1,1,0.0
lLLM,3,3,6,0.5
lLLN,7,3,10,0.7
lLLP,5,3,8,0.62
lLLS,2,2,4,0.5
lLLb,0,6,6,0.0
lLLh,2,4,6,0.33
lLLj,1,0,1,1.0
lLLl,0,2,2,0.0
lLLm,2,2,4,0.5
lLLn,3,4,7,0.43
lLLs,1,2,3,0.33
lLLt,2,1,3,0.67
lLMB,8,5,13,0.62
lLMD,0,1,1,0.0
lLMK,0,0,0,
lLML,7,1,8,0.88
lLMM,7,9,16,0.44
lLMN,8,9,17,0.47
lLMP,11,8,19,0.58
lLMS,2,3,5,0.4
lLMb,6,8,14,0.43
lLMh,5,5,10,0.5
lLMj,2,3,5,0.4
lLMl,5,3,8,0.62
lLMm,12,8,20,0.6
lLMn,6,16,22,0.27
lLMs,9,6,15,0.6
lLMt,0,0,0,
lLNB,6,7,13,0.46
lLND,0,1,1,0.0
lLNH,4,1,5,0.8
lLNL,3,1,4,0.75
lLNM,6,7,13,0.46
lLNN,13,9,22,0.59
lLNP,9,9,18,0.5
lLNS,3,5,8,0.38
lLNb,7,8,15,0.47
lLNh,5,2,7,0.71
lLNl,1,3,4,0.25
lLNm,1,4,5,0.2
lLNn,9,10,19,0.47
lLNs,6,5,11,0.55
lLNt,3,1,4,0.75
lLPB,8,8,16,0.5
lLPD,0,1,1,0.0
lLPH,4,4,8,0.5
lLPI,2,1,3,0.67
lLPK,1,1,2,0.5
lLPL,3,4,7,0.43
lLPM,10,4,14,0.71
lLPN,9,15,24,0.38
lLPP,15,13,28,0.54
lLPS,6,8,14,0.43
lLPb,10,3,13,0.77
lLPh,1,2,3,0.33
lLPl,5,7,12,0.42
lLPm,5,11,16,0.31
lLPn,8,6,14,0.57
lLPs,6,8,14,0.43
lLPt,1,3,4,0.25
lLSB,2,5,7,0.29
lLSH,1,1,2,0.5
lLSK,0,0,0,
lLSL,1,4,5,0.2
lLSM,7,6,13,0.54
lLSN,5,2,7,0.71
lLSP,9,4,13,0.69
lLSS,6,10,16,0.38
lLSb,4,4,8,0.5
lLSh,3,3,6,0.5
lLSl,6,2,8,0.75
lLSm,5,7,12,0.42
lLSn,4,8,12,0.33
lLSs,5,5,10,0.5
lLSt,0,2,2,0.0
lLbB,8,5,13,0.62
lLbD,1,1,2,0.5
lLbH,4,2,6,0.67
lLbJ,1,1,2,0.5
lLbK,2,0,2,1.0
lLbL,3,0,3,1.0
lLbM,5,12,17,0.29
lLbN,8,7,15,0.53
lLbP,17,12,29,0.59
lLbS,4,5,9,0.44
lLbb,6,12,18,0.33
lLbl,3,3,6,0.5
lLbm,9,4,13,0.69
lLbn,8,5,13,0.62
lLbs,6,3,9,0.67
lLhB,4,7,11,0.36
lLhH,0,1,1,0.0
lLhL,0,1,1,0.0
lLhM,6,2,8,0.75
lLhN,4,7,11,0.36
lLhP,4,4,8,0.5
lLhS,2,2,4,0.5
lLhb,2,1,3,0.67
lLhh,2,4,6,0.33
lLhl,1,1,2,0.5
lLhm,4,3,7,0.57
lLhn,7,0,7,1.0
lLhs,3,1,4,0.75
lLht,1,0,1,1.0
lLjB,2,3,5,0.4
lLjH,0,2,2,0.0
lLjK,0,0,0,
lLjL,2,0,2,1.0
lLjM,2,2,4,0.5
lLjN,2,5,7,0.29
lLjP,3,3,6,0.5
lLjS,2,1,3,0.67
lLjb,0,0,0,
lLjh,0,0,0,
lLjl,1,0,1,1.0
lLjm,7,3,10,0.7
lLjn,4,2,6,0.67
lLjs,2,2,4,0.5
lLjt,1,0,1,1.0
lLlB,2,7,9,0.22
lLlH,5,5,10,0.5
lLlI,2,0,2,1.0
lLlJ,1,0,1,1.0
lLlK,0,1,1,0.0
lLlL,1,2,3,0.33
lLlM,2,2,4,0.5
lLlN,5,5,10,0.5
lLlP,5,3,8,0.62
lLlS,3,5,8,0.38
lLlb,6,5,11,0.55
lLll,1,0,1,1.0
lLlm,2,2,4,0.5
lLln,5,3,8,0.62
lLls,4,1,5,0.8
lLmB,4,4,8,0.5
lLmD,0,2,2,0.0
lLmH,0,5,5,0.0
lLmI,0,1,1,0.0
lLmJ,2,0,2,1.0
lLmL,2,2,4,0.5
lLmM,4,7,11,0.36
lLmN,4,9,13,0.31
lLmP,5,8,13,0.38
lLmS,2,6,8,0.25
lLmb,9,6,15,0.6
lLml,2,2,4,0.5
lLmm,1,4,5,0.2
lLmn,9,2,11,0.82
lLms,5,2,7,0.71
lLnB,8,7,15,0.53
lLnD,0,3,3,0.0
lLnH,4,9,13,0.31
lLnI,0,1,1,0.0
lLnK,0,1,1,0.0
lLnL,4,6,10,0.4
lLnM,15,10,25,0.6
lLnN,12,13,25,0.48
lLnP,14,14,28,0.5
lLnS,9,11,20,0.45
lLnb,7,12,19,0.37
lLnh,0,2,2,0.0
lLnl,3,3,6,0.5
lLnm,12,8,20,0.6
lLnn,17,10,27,0.63
lLns,8,3,11,0.73
lLsB,3,4,7,0.43
lLsH,5,5,10,0.5
lLsI,0,1,1,0.0
lLsL,1,7,8,0.12
lLsM,4,8,12,0.33
lLsN,3,5,8,0.38
lLsP,6,9,15,0.4
lLsS,4,6,10,0.4
lLsb,5,1,6,0.83
lLsl,2,9,11,0.18
lLsm,7,2,9,0.78
lLsn,5,5,10,0.5
lLss,4,1,5,0.8
lLtB,3,1,4,0.75
lLtH,1,1,2,0.5
lLtL,0,1,1,0.0
lLtM,2,1,3,0.67
lLtN,2,2,4,0.5
lLtP,3,5,8,0.38
lLtS,1,0,1,1.0
lLtb,1,0,1,1.0
lLtl,1,2,3,0.33
lLtm,2,2,4,0.5
lLtn,2,2,4,0.5
lLts,1,2,3,0.33
lMBB,6,22,28,0.21
lMBD,2,1,3,0.67
lMBK,0,0,0,
lMBL,3,1,4,0.75
lMBM,13,17,30,0.43
lMBN,24,14,38,0.63
lMBP,15,15,30,0.5
lMBS,11,3,14,0.79
lMBb,17,12,29,0.59
lMBh,1,3,4,0.25
lMBj,6,11,17,0.35
lMBl,5,7,12,0.42
lMBm,6,9,15,0.4
lMBn,22,15,37,0.59
lMBs,2,4,6,0.33
lMBt,1,4,5,0.2
lMDB,1,2,3,0.33
lMDM,1,0,1,1.0
lMDN,0,1,1,0.0
lMDP,1,3,4,0.25
lMDS,3,0,3,1.0
lMDb,1,2,3,0.33
lMDl,1,0,1,1.0
lMDm,2,0,2,1.0
lMDn,1,0,1,1.0
lMDs,1,0,1,1.0
lMKM,0,1,1,0.0
lMKP,1,0,1,1.0
lMKm,1,1,2,0.5
lMLB,7,10,17,0.41
lMLK,0,1,1,0.0
lMLL,5,1,6,0.83
lMLM,7,8,15,0.47
lMLN,7,4,11,0.64
lMLP,12,5,17,0.71
lMLS,2,5,7,0.29
lMLb,5,6,11,0.45
lMLh,4,1,5,0.8
lMLj,1,6,7,0.14
lMLl,1,1,2,0.5
lMLm,6,8,14,0.43
lMLn,15,9,24,0.62
lMLs,4,3,7,0.57
lMLt,3,0,3,1.0
lMMB,10,10,20,0.5
lMMD,1,1,2,0.5
lMML,6,3,9,0.67
lMMM,19,23,42,0.45
lMMN,13,13,26,0.5
lMMP,22,20,42,0.52
lMMS,9,10,19,0.47
lMMb,22,13,35,0.63
lMMh,13,16,29,0.45
lMMj,4,5,9,0.44
lMMl,7,9,16,0.44
lMMm,9,13,22,0.41
lMMn,20,24,44,0.45
lMMs,12,14,26,0.46
lMMt,5,3,8,0.62
lMNB,18,9,27,0.67
lMND,1,1,2,0.5
lMNH,2,0,2,1.0
lMNK,2,2,4,0.5
lMNL,3,7,10,0.3
lMNM,10,15,25,0.4
lMNN,20,28,48,0.42
lMNP,28,28,56,0.5
lMNS,9,14,23,0.39
lMNb,16,20,36,0.44
lMNh,6,6,12,0.5
lMNl,12,7,19,0.63
lMNm,16,13,29,0.55
lMNn,23,22,45,0.51
lMNs,5,6,11,0.45
lMNt,2,4,6,0.33
lMPB,18,17,35,0.51
lMPD,1,3,4,0.25
lMPH,7,4,11,0.64
lMPI,2,2,4,0.5
lMPK,3,1,4,0.75
lMPL,6,8,14,0.43
lMPM,21,27,48,0.44
lMPN,15,27,42,0.36
lMPP,35,37,72,0.49
lMPS,10,18,28,0.36
lMPb,29,27,56,0.52
lMPh,6,3,9,0.67
lMPl,13,13,26,0.5
lMPm,15,23,38,0.39
lMPn,18,32,50,0.36
lMPs,10,10,20,0.5
lMPt,0,5,5,0.0
lMSB,6,6,12,0.5
lMSD,1,1,2,0.5
lMSH,6,3,9,0.67
lMSK,1,0,1,1.0
lMSL,1,4,5,0.2
lMSM,13,10,23,0.57
lMSN,13,12,25,0.52
lMSP,11,16,27,0.41
lMSS,11,6,17,0.65
lMSb,12,9,21,0.57
lMSh,6,11,17,0.35
lMSl,4,8,12,0.33
lMSm,15,9,24,0.62
lMSn,19,16,35,0.54
lMSs,16,6,22,0.73
lMSt,1,1,2,0.5
lMbB,7,17,24,0.29
lMbD,1,1,2,0.5
lMbH,5,1,6,0.83
lMbI,1,5,6,0.17
lMbJ,10,6,16,0.62
lMbK,1,4,5,0.2
lMbL,6,8,14,0.43
lMbM,22,16,38,0.58
lMbN,37,26,63,0.59
lMbP,24,34,58,0.41
lMbS,9,9,18,0.5
lMbb,13,13,26,0.5
lMbl,4,10,14,0.29
lMbm,21,11,32,0.66
lMbn,26,25,51,0.51
lMbs,6,10,16,0.38
lMhB,11,6,17,0.65
lMhD,3,1,4,0.75
lMhH,3,3,6,0.5
lMhI,0,1,1,0.0
lMhL,5,2,7,0.71
lMhM,17,16,33,0.52
lMhN,10,12,22,0.45
lMhP,18,22,40,0.45
lMhS,17,9,26,0.65
lMhb,10,15,25,0.4
lMhh,6,12,18,0.33
lMhl,12,6,18,0.67
lMhm,9,13,22,0.41
lMhn,18,13,31,0.58
lMhs,6,8,14,0.43
lMht,1,2,3,0.33
lMjB,4,1,5,0.8
lMjD,1,0,1,1.0
lMjH,4,2,6,0.67
lMjK,0,2,2,0.0
lMjL,3,5,8,0.38
lMjM,4,6,10,0.4
lMjN,7,7,14,0.5
lMjP,13,3,16,0.81
lMjS,5,3,8,0.62
lMjb,3,4,7,0.43
lMjh,0,3,3,0.0
lMjl,3,4,7,0.43
lMjm,6,2,8,0.75
lMjn,4,5,9,0.44
lMjs,3,6,9,0.33
lMjt,0,1,1,0.0
lMlB,3,3,6,0.5
lMlD,0,0,0,
lMlH,4,6,10,0.4
lMlI,0,2,2,0.0
lMlJ,5,2,7,0.71
lMlK,2,0,2,1.0
lMlL,4,5,9,0.44
lMlM,12,10,22,0.55
lMlN,26,11,37,0.7
lMlP,10,8,18,0.56
lMlS,6,6,12,0.5
lMlb,15,5,20,0.75
lMll,1,0,1,1.0
lMlm,7,5,12,0.58
lMln,11,11,22,0.5
lMls,6,9,15,0.4
lMmB,9,12,21,0.43
lMmD,0,1,1,0.0
lMmH,14,14,28,0.5
lMmI,1,1,2,0.5
lMmJ,1,3,4,0.25
lMmK,2,1,3,0.67
lMmL,6,3,9,0.67
lMmM,16,15,31,0.52
lMmN,18,13,31,0.58
lMmP,16,18,34,0.47
lMmS,6,10,16,0.38
lMmb,12,12,24,0.5
lMml,4,3,7,0.57
lMmm,7,11,18,0.39
lMmn,19,18,37,0.51
lMms,11,7,18,0.61
lMnB,12,21,33,0.36
lMnD,3,2,5,0.6
lMnH,16,13,29,0.55
lMnI,4,2,6,0.67
lMnK,2,2,4,0.5
lMnL,7,9,16,0.44
lMnM,25,24,49,0.51
lMnN,51,33,84,0.61
lMnP,51,39,90,0.57
lMnS,23,19,42,0.55
lMnb,16,15,31,0.52
lMnh,0,1,1,0.0
lMnl,8,9,17,0.47
lMnm,15,15,30,0.5
lMnn,44,29,73,0.6
lMns,13,23,36,0.36
lMsB,6,6,12,0.5
lMsD,0,0,0,
lMsH,7,17,24,0.29
lMsI,0,2,2,0.0
lMsK,0,1,1,0.0
lMsL,6,5,11,0.55
lMsM,4,13,17,0.24
lMsN,9,12,21,0.43
lMsP,11,22,33,0.33
lMsS,9,12,21,0.43
lMsb,13,7,20,0.65
lMsh,2,1,3,0.67
lMsl,6,7,13,0.46
lMsm,12,6,18,0.67
lMsn,17,3,20,0.85
lMss,12,11,23,0.52
lMtB,0,2,2,0.0
lMtH,0,1,1,0.0
lMtI,1,0,1,1.0
lMtK,0,1,1,0.0
lMtL,2,0,2,1.0
lMtM,6,7,13,0.46
lMtN,9,2,11,0.82
lMtP,10,3,13,0.77
lMtS,2,1,3,0.67
lMtb,3,3,6,0.5
lMtl,0,2,2,0.0
lMtm,1,2,3,0.33
lMtn,6,2,8,0.75
lMts,2,2,4,0.5
lNBB,11,9,20,0.55
lNBD,1,0,1,1.0
lNBH,0,0,0,
lNBK,0,1,1,0.0
lNBL,10,2,12,0.83
lNBM,14,17,31,0.45
lNBN,16,11,27,0.59
lNBP,19,20,39,0.49
lNBS,11,12,23,0.48
lNBb,13,21,34,0.38
lNBh,3,2,5,0.6
lNBj,5,3,8,0.62
lNBl,3,6,9,0.33
lNBm,11,10,21,0.52
lNBn,24,20,44,0.55
lNBs,11,8,19,0.58
lNBt,5,3,8,0.62
lNDH,1,5,6,0.17
lNDL,0,1,1,0.0
lNDM,1,1,2,0.5
lNDN,5,2,7,0.71
lNDP,0,2,2,0.0
lNDS,3,0,3,1.0
lNDb,1,1,2,0.5
lNDl,1,0,1,1.0
lNDm,0,1,1,0.0
lNDn,4,1,5,0.8
lNDs,1,0,1,1.0
lNHB,5,0,5,1.0
lNHH,0,1,1,0.0
lNHK,0,1,1,0.0
lNHL,1,0,1,1.0
lNHM,3,4,7,0.43
lNHN,2,4,6,0.33
lNHP,4,9,13,0.31
lNHS,3,3,6,0.5
lNHb,5,2,7,0.71
lNHh,0,2,2,0.0
lNHl,1,1,2,0.5
lNHm,2,2,4,0.5
lNHn,4,5,9,0.44
lNHs,4,0,4,1.0
lNHt,1,0,1,1.0
lNIL,0,1,1,0.0
lNKB,1,2,3,0.33
lNKH,1,0,1,1.0
lNKM,1,3,4,0.25
lNKN,1,2,3,0.33
lNKP,2,1,3,0.67
lNKS,1,0,1,1.0
lNKb,1,1,2,0.5
lNKh,4,0,4,1.0
lNKl,1,1,2,0.5
lNKn,0,2,2,0.0
lNKs,1,0,1,1.0
lNLB,8,7,15,0.53
lNLK,1,0,1,1.0
lNLL,7,3,10,0.7
lNLM,10,12,22,0.45
lNLN,9,15,24,0.38
lNLP,15,14,29,0.52
lNLS,7,2,9,0.78
lNLb,8,9,17,0.47
lNLh,5,3,8,0.62
lNLj,5,2,7,0.71
lNLl,4,4,8,0.5
lNLm,8,7,15,0.53
lNLn,13,13,26,0.5
lNLs,3,4,7,0.43
lNLt,1,2,3,0.33
lNMB,19,11,30,0.63
lNMD,1,0,1,1.0
lNMK,0,1,1,0.0
lNML,7,5,12,0.58
lNMM,18,25,43,0.42
lNMN,13,23,36,0.36
lNMP,22,30,52,0.42
lNMS,11,11,22,0.5
lNMb,20,21,41,0.49
lNMh,18,9,27,0.67
lNMj,9,4,13,0.69
lNMl,7,9,16,0.44
lNMm,15,17,32,0.47
lNMn,32,26,58,0.55
lNMs,13,13,26,0.5
lNMt,2,4,6,0.33
lNNB,19,13,32,0.59
lNND,3,3,6,0.5
lNNH,3,3,6,0.5
lNNK,0,3,3,0.0
lNNL,11,9,20,0.55
lNNM,25,28,53,0.47
lNNN,29,24,53,0.55
lNNP,32,46,78,0.41
lNNS,13,22,35,0.37
lNNb,12,22,34,0.35
lNNh,13,11,24,0.54
lNNl,11,6,17,0.65
lNNm,14,17,31,0.45
lNNn,28,32,60,0.47
lNNs,15,14,29,0.52
lNNt,6,9,15,0.4
lNPB,24,26,50,0.48
lNPD,1,0,1,1.0
lNPH,10,8,18,0.56
lNPI,0,1,1,0.0
lNPK,3,5,8,0.38
lNPL,16,15,31,0.52
lNPM,36,40,76,0.47
lNPN,38,34,72,0.53
lNPP,55,56,111,0.5
lNPS,25,24,49,0.51
lNPb,35,28,63,0.56
lNPh,2,9,11,0.18
lNPl,19,16,35,0.54
lNPm,29,20,49,0.59
lNPn,27,41,68,0.4
lNPs,26,21,47,0.55
lNPt,9,4,13,0.69
lNSB,5,11,16,0.31
lNSD,1,1,2,0.5
lNSH,3,5,8,0.38
lNSL,6,3,9,0.67
lNSM,17,15,32,0.53
lNSN,9,11,20,0.45
lNSP,10,20,30,0.33
lNSS,12,10,22,0.55
lNSb,16,15,31,0.52
lNSh,6,13,19,0.32
lNSl,4,2,6,0.67
lNSm,10,12,22,0.45
lNSn,17,21,38,0.45
lNSs,16,12,28,0.57
lNSt,3,3,6,0.5
lNbB,17,21,38,0.45
lNbD,1,2,3,0.33
lNbH,7,5,12,0.58
lNbI,1,1,2,0.5
lNbJ,6,9,15,0.4
lNbK,1,3,4,0.25
lNbL,8,4,12,0.67
lNbM,21,19,40,0.52
lNbN,20,22,42,0.48
lNbP,44,32,76,0.58
lNbS,6,10,16,0.38
lNbb,20,19,39,0.51
lNbh,0,1,1,0.0
lNbl,10,6,16,0.62
lNbm,18,17,35,0.51
lNbn,19,24,43,0.44
lNbs,10,9,19,0.53
lNhB,3,1,4,0.75
lNhD,0,1,1,0.0
lNhH,2,2,4,0.5
lNhI,1,0,1,1.0
lNhL,2,1,3,0.67
lNhM,5,9,14,0.36
lNhN,9,7,16,0.56
lNhP,6,13,19,0.32
lNhS,3,5,8,0.38
lNhb,4,12,16,0.25
lNhh,9,8,17,0.53
lNhl,4,1,5,0.8
lNhm,5,4,9,0.56
lNhn,10,7,17,0.59
lNhs,1,6,7,0.14
lNht,1,2,3,0.33
lNlB,8,8,16,0.5
lNlD,1,1,2,0.5
lNlH,3,4,7,0.43
lNlI,0,1,1,0.0
lNlJ,1,0,1,1.0
lNlK,0,1,1,0.0
lNlL,4,5,9,0.44
lNlM,11,9,20,0.55
lNlN,11,10,21,0.52
lNlP,14,8,22,0.64
lNlS,5,7,12,0.42
lNlb,12,8,20,0.6
lNll,9,0,9,1.0
lNlm,10,5,15,0.67
lNln,11,13,24,0.46
lNls,4,4,8,0.5
lNmB,15,12,27,0.56
lNmD,1,0,1,1.0
lNmH,11,15,26,0.42
lNmI,1,3,4,0.25
lNmJ,3,2,5,0.6
lNmL,3,8,11,0.27
lNmM,13,18,31,0.42
lNmN,23,27,50,0.46
lNmP,34,26,60,0.57
lNmS,9,7,16,0.56
lNmb,17,16,33,0.52
lNml,4,4,8,0.5
lNmm,7,6,13,0.54
lNmn,13,16,29,0.45
lNms,7,10,17,0.41
lNnB,22,11,33,0.67
lNnD,2,3,5,0.4
lNnH,20,25,45,0.44
lNnI,5,0,5,1.0
lNnK,2,4,6,0.33
lNnL,17,8,25,0.68
lNnM,34,28,62,0.55
lNnN,46,35,81,0.57
lNnP,46,36,82,0.56
lNnS,19,25,44,0.43
lNnb,32,29,61,0.52
lNnh,1,0,1,1.0
lNnl,12,6,18,0.67
lNnm,15,20,35,0.43
lNnn,38,29,67,0.57
lNns,19,14,33,0.58
lNsB,5,8,13,0.38
lNsD,1,0,1,1.0
lNsH,9,12,21,0.43
lNsI,3,2,5,0.6
lNsK,1,0,1,1.0
lNsL,8,6,14,0.57
lNsM,13,11,24,0.54
lNsN,12,14,26,0.46
lNsP,21,16,37,0.57
lNsS,20,17,37,0.54
lNsb,17,9,26,0.65
lNsh,0,1,1,0.0
lNsl,5,4,9,0.56
lNsm,14,13,27,0.52
lNsn,10,13,23,0.43
lNss,11,11,22,0.5
lNst,1,0,1,1.0
lNtB,6,0,6,1.0
lNtD,0,1,1,0.0
lNtH,2,2,4,0.5
lNtL,3,1,4,0.75
lNtM,7,2,9,0.78
lNtN,3,4,7,0.43
lNtP,5,3,8,0.62
lNtS,3,6,9,0.33
lNtb,4,8,12,0.33
lNtl,2,1,3,0.67
lNtm,3,1,4,0.75
lNtn,5,2,7,0.71
lNts,4,4,8,0.5
lNtt,1,1,2,0.5
lPBB,13,17,30,0.43
lPBD,0,3,3,0.0
lPBK,1,0,1,1.0
lPBL,9,8,17,0.53
lPBM,26,24,50,0.52
lPBN,14,17,31,0.45
lPBP,25,23,48,0.52
lPBS,11,13,24,0.46
lPBb,38,19,57,0.67
lPBh,3,0,3,1.0
lPBj,3,9,12,0.25
lPBl,14,7,21,0.67
lPBm,13,16,29,0.45
lPBn,28,24,52,0.54
lPBs,14,15,29,0.48
lPBt,4,2,6,0.67
lPDB,0,2,2,0.0
lPDH,1,1,2,0.5
lPDL,0,3,3,0.0
lPDM,2,0,2,1.0
lPDP,2,4,6,0.33
lPDS,0,1,1,0.0
lPDb,2,1,3,0.67
lPDm,2,1,3,0.67
lPDn,4,1,5,0.8
lPDs,2,2,4,0.5
lPDt,1,1,2,0.5
lPHB,6,4,10,0.6
lPHD,1,0,1,1.0
lPHH,1,5,6,0.17
lPHI,0,0,0,
lPHK,0,1,1,0.0
lPHL,2,2,4,0.5
lPHM,10,6,16,0.62
lPHN,7,7,14,0.5
lPHP,10,11,21,0.48
lPHS,4,6,10,0.4
lPHb,10,8,18,0.56
lPHh,3,0,3,1.0
lPHl,4,0,4,1.0
lPHm,2,5,7,0.29
lPHn,3,10,13,0.23
lPHs,1,9,10,0.1
lPHt,2,0,2,1.0
lPIB,1,1,2,0.5
lPID,1,0,1,1.0
lPIH,0,1,1,0.0
lPIL,0,1,1,0.0
lPIM,1,4,5,0.2
lPIN,4,4,8,0.5
lPIP,2,2,4,0.5
lPIS,1,3,4,0.25
lPIb,2,2,4,0.5
lPIh,0,0,0,
lPIl,2,2,4,0.5
lPIm,1,1,2,0.5
lPIn,1,0,1,1.0
lPKB,2,2,4,0.5
lPKH,1,0,1,1.0
lPKL,2,0,2,1.0
lPKM,2,3,5,0.4
lPKN,1,2,3,0.33
lPKP,6,4,10,0.6
lPKS,0,1,1,0.0
lPKb,0,2,2,0.0
lPKh,1,2,3,0.33
lPKl,0,2,2,0.0
lPKm,2,1,3,0.67
lPKn,3,3,6,0.5
lPKs,0,1,1,0.0
lPKt,0,0,0,
lPLB,11,8,19,0.58
lPLD,2,0,2,1.0
lPLL,3,4,7,0.43
lPLM,10,19,29,0.34
lPLN,10,13,23,0.43
lPLP,15,13,28,0.54
lPLS,7,11,18,0.39
lPLb,7,11,18,0.39
lPLh,4,7,11,0.36
lPLj,3,2,5,0.6
lPLl,8,6,14,0.57
lPLm,15,10,25,0.6
lPLn,12,10,22,0.55
lPLs,4,11,15,0.27
lPLt,3,0,3,1.0
lPMB,23,16,39,0.59
lPMD,0,1,1,0.0
lPML,15,9,24,0.62
lPMM,28,20,48,0.58
lPMN,25,25,50,0.5
lPMP,37,31,68,0.54
lPMS,16,20,36,0.44
lPMb,27,35,62,0.44
lPMh,18,19,37,0.49
lPMj,8,15,23,0.35
lPMl,11,12,23,0.48
lPMm,20,14,34,0.59
lPMn,31,38,69,0.45
lPMs,12,7,19,0.63
lPMt,4,4,8,0.5
lPNB,23,12,35,0.66
lPND,3,6,9,0.33
lPNH,2,4,6,0.33
lPNK,1,2,3,0.33
lPNL,12,17,29,0.41
lPNM,20,28,48,0.42
lPNN,21,21,42,0.5
lPNP,30,46,76,0.39
lPNS,16,14,30,0.53
lPNb,21,26,47,0.45
lPNh,10,10,20,0.5
lPNl,13,13,26,0.5
lPNm,28,18,46,0.61
lPNn,26,37,63,0.41
lPNs,15,24,39,0.38
lPNt,7,6,13,0.54
lPPB,44,33,77,0.57
lPPD,3,3,6,0.5
lPPH,14,7,21,0.67
lPPI,5,3,8,0.62
lPPK,8,3,11,0.73
lPPL,29,20,49,0.59
lPPM,45,43,88,0.51
lPPN,40,24,64,0.62
lPPP,80,53,133,0.6
lPPS,27,31,58,0.47
lPPb,37,42,79,0.47
lPPh,3,5,8,0.38
lPPl,26,30,56,0.46
lPPm,29,16,45,0.64
lPPn,32,32,64,0.5
lPPs,28,24,52,0.54
lPPt,3,3,6,0.5
lPSB,4,12,16,0.25
lPSD,1,2,3,0.33
lPSH,7,9,16,0.44
lPSI,0,1,1,0.0
lPSK,1,1,2,0.5
lPSL,7,3,10,0.7
lPSM,13,19,32,0.41
lPSN,17,10,27,0.63
lPSP,27,29,56,0.48
lPSS,13,15,28,0.46
lPSb,16,10,26,0.62
lPSh,4,12,16,0.25
lPSl,14,11,25,0.56
lPSm,19,11,30,0.63
lPSn,21,18,39,0.54
lPSs,19,6,25,0.76
lPSt,3,1,4,0.75
lPbB,28,17,45,0.62
lPbD,0,0,0,
lPbH,6,9,15,0.4
lPbI,1,4,5,0.2
lPbJ,9,7,16,0.56
lPbK,2,2,4,0.5
lPbL,18,11,29,0.62
lPbM,31,25,56,0.55
lPbN,18,24,42,0.43
lPbP,38,23,61,0.62
lPbS,8,14,22,0.36
lPbb,37,16,53,0.7
lPbh,0,1,1,0.0
lPbl,18,14,32,0.56
lPbm,15,15,30,0.5
lPbn,27,30,57,0.47
lPbs,8,9,17,0.47
lPhB,5,3,8,0.62
lPhH,1,1,2,0.5
lPhL,2,0,2,1.0
lPhM,0,0,0,
lPhN,1,3,4,0.25
lPhP,1,3,4,0.25
lPhS,1,1,2,0.5
lPhb,3,2,5,0.6
lPhh,3,5,8,0.38
lPhl,3,4,7,0.43
lPhm,1,0,1,1.0
lPhn,2,1,3,0.67
lPhs,2,3,5,0.4
lPlB,5,12,17,0.29
lPlD,1,0,1,1.0
lPlH,7,9,16,0.44
lPlI,3,0,3,1.0
lPlJ,5,3,8,0.62
lPlK,0,0,0,
lPlL,9,2,11,0.82
lPlM,19,18,37,0.51
lPlN,19,13,32,0.59
lPlP,18,18,36,0.5
lPlS,12,6,18,0.67
lPlb,18,13,31,0.58
lPll,7,7,14,0.5
lPlm,6,10,16,0.38
lPln,4,9,13,0.31
lPls,8,8,16,0.5
lPmB,9,12,21,0.43
lPmD,2,1,3,0.67
lPmH,11,16,27,0.41
lPmI,3,0,3,1.0
lPmJ,6,5,11,0.55
lPmL,13,7,20,0.65
lPmM,22,29,51,0.43
lPmN,20,22,42,0.48
lPmP,27,26,53,0.51
lPmS,12,13,25,0.48
lPmb,21,12,33,0.64
lPml,11,8,19,0.58
lPmm,18,7,25,0.72
lPmn,17,22,39,0.44
lPms,4,5,9,0.44
lPnB,18,14,32,0.56
lPnD,2,1,3,0.67
lPnH,14,13,27,0.52
lPnI,1,3,4,0.25
lPnK,3,2,5,0.6
lPnL,8,9,17,0.47
lPnM,33,22,55,0.6
lPnN,31,25,56,0.55
lPnP,42,39,81,0.52
lPnS,14,15,29,0.48
lPnb,28,15,43,0.65
lPnh,3,0,3,1.0
lPnl,14,10,24,0.58
lPnm,23,16,39,0.59
lPnn,31,20,51,0.61
lPns,16,19,35,0.46
lPsB,15,12,27,0.56
lPsD,0,1,1,0.0
lPsH,12,8,20,0.6
lPsI,3,2,5,0.6
lPsK,0,0,0,
lPsL,6,4,10,0.6
lPsM,11,15,26,0.42
lPsN,22,10,32,0.69
lPsP,21,31,52,0.4
lPsS,16,18,34,0.47
lPsb,9,10,19,0.47
lPsh,0,1,1,0.0
lPsl,14,8,22,0.64
lPsm,17,15,32,0.53
lPsn,10,14,24,0.42
lPss,6,4,10,0.6
lPtB,3,3,6,0.5
lPtD,0,2,2,0.0
lPtH,0,2,2,0.0
lPtL,1,1,2,0.5
lPtM,4,6,10,0.4
lPtN,3,2,5,0.6
lPtP,3,5,8,0.38
lPtS,4,3,7,0.57
lPtb,0,4,4,0.0
lPtl,2,3,5,0.4
lPtm,1,2,3,0.33
lPtn,4,3,7,0.57
lPts,2,2,4,0.5
lPtt,0,1,1,0.0
lSBB,14,10,24,0.58
lSBD,3,0,3,1.0
lSBK,0,1,1,0.0
lSBL,3,3,6,0.5
lSBM,4,6,10,0.4
lSBN,7,10,17,0.41
lSBP,8,13,21,0.38
lSBS,3,5,8,0.38
lSBb,7,10,17,0.41
lSBh,2,1,3,0.67
lSBj,4,3,7,0.57
lSBl,7,3,10,0.7
lSBm,3,4,7,0.43
lSBn,13,13,26,0.5
lSBs,3,5,8,0.38
lSBt,0,1,1,0.0
lSDH,1,3,4,0.25
lSDI,1,1,2,0.5
lSDL,1,1,2,0.5
lSDM,0,1,1,0.0
lSDN,1,0,1,1.0
lSDP,3,0,3,1.0
lSDS,1,1,2,0.5
lSDn,0,2,2,0.0
lSDs,2,0,2,1.0
lSHB,2,2,4,0.5
lSHD,0,1,1,0.0
lSHH,0,2,2,0.0
lSHI,1,0,1,1.0
lSHL,1,3,4,0.25
lSHM,6,8,14,0.43
lSHN,1,5,6,0.17
lSHP,4,6,10,0.4
lSHS,5,3,8,0.62
lSHb,7,1,8,0.88
lSHh,0,1,1,0.0
lSHl,0,1,1,0.0
lSHm,1,2,3,0.33
lSHn,3,3,6,0.5
lSHs,0,3,3,0.0
lSIP,0,1,1,0.0
lSIb,1,0,1,1.0
lSIn,1,0,1,1.0
lSIs,0,1,1,0.0
lSKP,1,4,5,0.2
lSKS,0,1,1,0.0
lSKn,1,0,1,1.0
lSLB,0,7,7,0.0
lSLD,1,0,1,1.0
lSLH,0,0,0,
lSLL,4,1,5,0.8
lSLM,4,7,11,0.36
lSLN,5,5,10,0.5
lSLP,10,6,16,0.62
lSLS,4,1,5,0.8
lSLb,5,5,10,0.5
lSLh,0,1,1,0.0
lSLj,0,1,1,0.0
lSLl,5,1,6,0.83
lSLm,6,5,11,0.55
lSLn,8,6,14,0.57
lSLs,3,1,4,0.75
lSLt,0,1,1,0.0
lSMB,9,8,17,0.53
lSMD,1,0,1,1.0
lSMK,0,1,1,0.0
lSML,5,6,11,0.45
lSMM,9,16,25,0.36
lSMN,13,10,23,0.57
lSMP,14,17,31,0.45
lSMS,6,11,17,0.35
lSMb,14,15,29,0.48
lSMh,11,5,16,0.69
lSMj,4,3,7,0.57
lSMl,3,5,8,0.38
lSMm,16,9,25,0.64
lSMn,12,23,35,0.34
lSMs,7,11,18,0.39
lSMt,3,0,3,1.0
lSNB,9,6,15,0.6
lSND,0,1,1,0.0
lSNH,1,1,2,0.5
lSNI,0,0,0,
lSNK,2,0,2,1.0
lSNL,4,3,7,0.57
lSNM,9,19,28,0.32
lSNN,13,16,29,0.45
lSNP,14,27,41,0.34
lSNS,9,12,21,0.43
lSNb,7,6,13,0.54
lSNh,5,3,8,0.62
lSNl,4,5,9,0.44
lSNm,15,9,24,0.62
lSNn,17,19,36,0.47
lSNs,8,10,18,0.44
lSNt,2,3,5,0.4
lSPB,21,11,32,0.66
lSPD,2,1,3,0.67
lSPH,6,6,12,0.5
lSPI,1,0,1,1.0
lSPK,4,2,6,0.67
lSPL,5,16,21,0.24
lSPM,16,23,39,0.41
lSPN,14,16,30,0.47
lSPP,24,25,49,0.49
lSPS,11,13,24,0.46
lSPb,18,20,38,0.47
lSPh,4,1,5,0.8
lSPl,9,8,17,0.53
lSPm,14,14,28,0.5
lSPn,25,19,44,0.57
lSPs,20,14,34,0.59
lSPt,0,3,3,0.0
lSSB,9,9,18,0.5
lSSD,0,1,1,0.0
lSSH,5,4,9,0.56
lSSK,1,0,1,1.0
lSSL,6,8,14,0.43
lSSM,12,10,22,0.55
lSSN,14,6,20,0.7
lSSP,14,14,28,0.5
lSSS,17,12,29,0.59
lSSb,9,13,22,0.41
lSSh,12,7,19,0.63
lSSl,8,1,9,0.89
lSSm,8,9,17,0.47
lSSn,12,17,29,0.41
lSSs,13,14,27,0.48
lSSt,2,2,4,0.5
lSbB,12,10,22,0.55
lSbD,0,2,2,0.0
lSbH,7,5,12,0.58
lSbI,1,0,1,1.0
lSbJ,3,0,3,1.0
lSbK,0,1,1,0.0
lSbL,4,8,12,0.33
lSbM,6,8,14,0.43
lSbN,20,20,40,0.5
lSbP,12,9,21,0.57
lSbS,9,7,16,0.56
lSbb,12,12,24,0.5
lSbl,3,2,5,0.6
lSbm,11,13,24,0.46
lSbn,18,16,34,0.53
lSbs,5,5,10,0.5
lShB,5,6,11,0.45
lShH,1,2,3,0.33
lShL,1,2,3,0.33
lShM,4,8,12,0.33
lShN,7,3,10,0.7
lShP,7,19,26,0.27
lShS,7,4,11,0.64
lShb,8,7,15,0.53
lShh,5,9,14,0.36
lShl,1,2,3,0.33
lShm,11,6,17,0.65
lShn,12,10,22,0.55
lShs,13,7,20,0.65
lSht,1,0,1,1.0
lSlB,5,5,10,0.5
lSlD,0,0,0,
lSlH,7,1,8,0.88
lSlI,0,1,1,0.0
lSlJ,2,0,2,1.0
lSlL,3,4,7,0.43
lSlM,5,10,15,0.33
lSlN,5,5,10,0.5
lSlP,8,9,17,0.47
lSlS,6,5,11,0.55
lSlb,7,5,12,0.58
lSll,8,1,9,0.89
lSlm,5,5,10,0.5
lSln,3,2,5,0.6
lSls,6,6,12,0.5
lSmB,10,6,16,0.62
lSmD,1,1,2,0.5
lSmH,9,2,11,0.82
lSmI,0,0,0,
lSmJ,4,0,4,1.0
lSmK,0,1,1,0.0
lSmL,6,7,13,0.46
lSmM,8,11,19,0.42
lSmN,5,11,16,0.31
lSmP,9,13,22,0.41
lSmS,7,6,13,0.54
lSmb,6,11,17,0.35
lSml,3,4,7,0.43
lSmm,7,3,10,0.7
lSmn,12,7,19,0.63
lSms,4,2,6,0.67
lSnB,11,14,25,0.44
lSnD,2,0,2,1.0
lSnH,6,6,12,0.5
lSnI,4,1,5,0.8
lSnK,2,1,3,0.67
lSnL,3,5,8,0.38
lSnM,10,21,31,0.32
lSnN,16,19,35,0.46
lSnP,26,16,42,0.62
lSnS,14,11,25,0.56
lSnb,15,16,31,0.48
lSnh,0,1,1,0.0
lSnl,8,9,17,0.47
lSnm,10,10,20,0.5
lSnn,11,9,20,0.55
lSns,5,11,16,0.31
lSsB,3,9,12,0.25
lSsD,1,1,2,0.5
lSsH,8,11,19,0.42
lSsI,1,1,2,0.5
lSsL,5,6,11,0.45
lSsM,14,13,27,0.52
lSsN,14,14,28,0.5
lSsP,15,15,30,0.5
lSsS,9,17,26,0.35
lSsb,10,11,21,0.48
lSsh,1,0,1,1.0
lSsl,8,7,15,0.53
lSsm,15,8,23,0.65
lSsn,13,10,23,0.57
lSss,19,13,32,0.59
lStB,4,2,6,0.67
lStD,1,0,1,1.0
lStH,1,0,1,1.0
lStK,0,0,0,
lStL,4,1,5,0.8
lStM,0,3,3,0.0
lStN,2,2,4,0.5
lStP,1,3,4,0.25
lStS,2,1,3,0.67
lStb,4,1,5,0.8
lStl,3,2,5,0.6
lStm,5,2,7,0.71
lStn,5,2,7,0.71
lSts,1,4,5,0.2
lStt,2,0,2,1.0
lbBB,12,12,24,0.5
lbBK,0,2,2,0.0
lbBL,6,4,10,0.6
lbBM,13,17,30,0.43
lbBN,13,23,36,0.36
lbBP,33,17,50,0.66
lbBS,9,11,20,0.45
lbBb,25,18,43,0.58
lbBh,5,3,8,0.62
lbBj,5,5,10,0.5
lbBl,8,2,10,0.8
lbBm,18,13,31,0.58
lbBn,27,19,46,0.59
lbBs,10,8,18,0.56
lbBt,6,3,9,0.67
lbDB,1,1,2,0.5
lbDH,2,2,4,0.5
lbDL,0,2,2,0.0
lbDM,0,1,1,0.0
lbDN,2,0,2,1.0
lbDP,1,0,1,1.0
lbDb,1,0,1,1.0
lbDl,2,0,2,1.0
lbDm,1,1,2,0.5
lbDs,1,0,1,1.0
lbHB,4,1,5,0.8
lbHD,0,0,0,
lbHH,1,2,3,0.33
lbHK,1,1,2,0.5
lbHL,3,1,4,0.75
lbHM,11,6,17,0.65
lbHN,4,7,11,0.36
lbHP,10,3,13,0.77
lbHS,4,3,7,0.57
lbHb,5,5,10,0.5
lbHh,2,0,2,1.0
lbHl,3,2,5,0.6
lbHm,2,5,7,0.29
lbHn,10,4,14,0.71
lbHs,2,2,4,0.5
lbHt,1,0,1,1.0
lbIB,1,2,3,0.33
lbID,2,0,2,1.0
lbIH,2,0,2,1.0
lbII,1,0,1,1.0
lbIL,0,1,1,0.0
lbIM,2,5,7,0.29
lbIN,1,3,4,0.25
lbIP,3,1,4,0.75
lbIS,2,0,2,1.0
lbIb,1,0,1,1.0
lbIl,0,1,1,0.0
lbIm,2,0,2,1.0
lbIn,3,0,3,1.0
lbIs,1,0,1,1.0
lbJB,6,8,14,0.43
lbJH,2,3,5,0.4
lbJL,4,3,7,0.57
lbJM,3,6,9,0.33
lbJN,4,5,9,0.44
lbJP,8,7,15,0.53
lbJS,2,3,5,0.4
lbJb,4,6,10,0.4
lbJh,0,1,1,0.0
lbJl,1,2,3,0.33
lbJm,4,5,9,0.44
lbJn,5,1,6,0.83
lbJs,3,3,6,0.5
lbKB,0,1,1,0.0
lbKD,0,0,0,
lbKM,3,1,4,0.75
lbKN,3,0,3,1.0
lbKP,1,3,4,0.25
lbKS,1,0,1,1.0
lbKb,2,2,4,0.5
lbKh,0,2,2,0.0
lbKl,2,1,3,0.67
lbKm,0,2,2,0.0
lbKn,1,0,1,1.0
lbKs,0,2,2,0.0
lbKt,1,0,1,1.0
lbLB,5,8,13,0.38
lbLL,3,2,5,0.6
lbLM,14,6,20,0.7
lbLN,4,7,11,0.36
lbLP,8,12,20,0.4
lbLS,8,7,15,0.53
lbLb,11,4,15,0.73
lbLh,6,3,9,0.67
lbLj,1,4,5,0.2
lbLl,7,2,9,0.78
lbLm,7,3,10,0.7
lbLn,10,9,19,0.53
lbLs,9,2,11,0.82
lbLt,1,1,2,0.5
lbMB,8,13,21,0.38
lbMD,2,1,3,0.67
lbML,7,4,11,0.64
lbMM,24,29,53,0.45
lbMN,19,20,39,0.49
lbMP,31,32,63,0.49
lbMS,15,10,25,0.6
lbMb,25,15,40,0.62
lbMh,16,20,36,0.44
lbMj,6,5,11,0.55
lbMl,13,12,25,0.52
lbMm,18,7,25,0.72
lbMn,26,35,61,0.43
lbMs,15,9,24,0.62
lbMt,4,2,6,0.67
lbNB,24,18,42,0.57
lbND,4,0,4,1.0
lbNH,4,4,8,0.5
lbNK,2,1,3,0.67
lbNL,12,5,17,0.71
lbNM,15,35,50,0.3
lbNN,19,23,42,0.45
lbNP,45,51,96,0.47
lbNS,15,17,32,0.47
lbNb,31,25,56,0.55
lbNh,15,10,25,0.6
lbNl,14,8,22,0.64
lbNm,23,23,46,0.5
lbNn,29,31,60,0.48
lbNs,8,16,24,0.33
lbNt,7,7,14,0.5
lbPB,22,29,51,0.43
lbPD,1,1,2,0.5
lbPH,5,4,9,0.56
lbPI,2,2,4,0.5
lbPK,2,3,5,0.4
lbPL,15,9,24,0.62
lbPM,31,23,54,0.57
lbPN,24,28,52,0.46
lbPP,57,52,109,0.52
lbPS,11,17,28,0.39
lbPb,46,31,77,0.6
lbPh,1,0,1,1.0
lbPl,19,15,34,0.56
lbPm,24,15,39,0.62
lbPn,23,28,51,0.45
lbPs,11,15,26,0.42
lbPt,4,0,4,1.0
lbSB,6,7,13,0.46
lbSD,2,2,4,0.5
lbSH,2,5,7,0.29
lbSL,4,3,7,0.57
lbSM,6,10,16,0.38
lbSN,6,5,11,0.55
lbSP,14,19,33,0.42
lbSS,6,8,14,0.43
lbSb,8,10,18,0.44
lbSh,4,8,12,0.33
lbSl,4,8,12,0.33
lbSm,7,7,14,0.5
lbSn,12,11,23,0.52
lbSs,10,6,16,0.62
lbSt,2,0,2,1.0
lbbB,25,34,59,0.42
lbbD,3,1,4,0.75
lbbH,11,9,20,0.55
lbbI,2,1,3,0.67
lbbJ,11,3,14,0.79
lbbK,1,4,5,0.2
lbbL,10,10,20,0.5
lbbM,23,14,37,0.62
lbbN,35,26,61,0.57
lbbP,47,27,74,0.64
lbbS,5,7,12,0.42
lbbb,35,22,57,0.61
lbbl,9,10,19,0.47
lbbm,18,7,25,0.72
lbbn,29,27,56,0.52
lbbs,17,8,25,0.68
lblB,10,8,18,0.56
lblH,1,3,4,0.25
lblI,1,2,3,0.33
lblJ,1,1,2,0.5
lblL,2,1,3,0.67
lblM,10,17,27,0.37
lblN,8,16,24,0.33
lblP,17,9,26,0.65
lblS,5,4,9,0.56
lblb,9,6,15,0.6
lbll,2,5,7,0.29
lblm,11,8,19,0.58
lbln,6,7,13,0.46
lbls,10,5,15,0.67
lbmB,16,17,33,0.48
lbmH,7,15,22,0.32
lbmI,1,0,1,1.0
lbmJ,1,3,4,0.25
lbmL,3,2,5,0.6
lbmM,12,10,22,0.55
lbmN,24,21,45,0.53
lbmP,23,19,42,0.55
lbmS,8,7,15,0.53
lbmb,19,10,29,0.66
lbml,6,2,8,0.75
lbmm,10,12,22,0.45
lbmn,18,10,28,0.64
lbms,1,6,7,0.14
lbnB,19,13,32,0.59
lbnD,2,1,3,0.67
lbnH,8,8,16,0.5
lbnI,2,2,4,0.5
lbnK,1,0,1,1.0
lbnL,8,8,16,0.5
lbnM,11,21,32,0.34
lbnN,26,28,54,0.48
lbnP,30,27,57,0.53
lbnS,17,9,26,0.65
lbnb,24,24,48,0.5
lbnl,4,6,10,0.4
lbnm,9,13,22,0.41
lbnn,21,22,43,0.49
lbns,4,10,14,0.29
lbsB,5,4,9,0.56
lbsH,12,4,16,0.75
lbsI,2,1,3,0.67
lbsK,0,1,1,0.0
lbsL,4,7,11,0.36
lbsM,7,9,16,0.44
lbsN,14,9,23,0.61
lbsP,18,13,31,0.58
lbsS,4,8,12,0.33
lbsb,10,14,24,0.42
lbsh,2,0,2,1.0
lbsl,5,3,8,0.62
lbsm,4,5,9,0.44
lbsn,5,4,9,0.56
lbss,7,6,13,0.54
lhBb,0,1,1,0.0
lhHB,0,1,1,0.0
lhPM,1,0,1,1.0
lhPP,0,1,1,0.0
lhSS,0,1,1,0.0
llBB,7,9,16,0.44
llBD,1,1,2,0.5
llBK,1,0,1,1.0
llBL,5,3,8,0.62
llBM,5,6,11,0.45
llBN,6,11,17,0.35
llBP,11,9,20,0.55
llBS,4,6,10,0.4
llBb,8,8,16,0.5
llBh,3,2,5,0.6
llBj,2,6,8,0.25
llBl,5,2,7,0.71
llBm,7,7,14,0.5
llBn,14,10,24,0.58
llBs,1,5,6,0.17
llBt,2,0,2,1.0
llDB,1,0,1,1.0
llDH,1,2,3,0.33
llDL,2,1,3,0.67
llDM,2,1,3,0.67
llDN,0,0,0,
llDP,1,1,2,0.5
llDS,0,1,1,0.0
llDb,0,1,1,0.0
llDm,2,0,2,1.0
llDn,1,1,2,0.5
llDs,1,1,2,0.5
llHB,5,5,10,0.5
llHD,1,2,3,0.33
llHH,2,0,2,1.0
llHK,1,1,2,0.5
llHL,3,4,7,0.43
llHM,4,1,5,0.8
llHN,2,5,7,0.29
llHP,11,11,22,0.5
llHS,1,2,3,0.33
llHb,4,3,7,0.57
llHh,1,1,2,0.5
llHl,4,4,8,0.5
llHm,12,6,18,0.67
llHn,8,10,18,0.44
llHs,2,2,4,0.5
llIB,0,2,2,0.0
llIH,2,0,2,1.0
llIN,1,0,1,1.0
llIP,0,2,2,0.0
llIl,0,0,0,
llIm,1,0,1,1.0
llIn,1,0,1,1.0
llJB,2,1,3,0.67
llJH,1,2,3,0.33
llJI,0,1,1,0.0
llJM,2,2,4,0.5
llJN,1,4,5,0.2
llJP,2,5,7,0.29
llJS,1,1,2,0.5
llJb,2,7,9,0.22
llJl,1,0,1,1.0
llJm,1,2,3,0.33
llJn,1,1,2,0.5
llKN,1,0,1,1.0
llKP,2,0,2,1.0
llKb,1,0,1,1.0
llKl,0,1,1,0.0
llKn,0,1,1,0.0
llKs,1,0,1,1.0
llLB,3,2,5,0.6
llLK,0,1,1,0.0
llLL,3,1,4,0.75
llLM,5,5,10,0.5
llLN,4,3,7,0.57
llLP,4,3,7,0.57
llLS,2,1,3,0.67
llLb,5,3,8,0.62
llLh,0,2,2,0.0
llLj,0,0,0,
llLl,2,2,4,0.5
llLm,4,4,8,0.5
llLn,5,8,13,0.38
llLs,2,5,7,0.29
llLt,1,1,2,0.5
llMB,12,8,20,0.6
llMD,1,1,2,0.5
llML,3,3,6,0.5
llMM,9,9,18,0.5
llMN,10,9,19,0.53
llMP,10,9,19,0.53
llMS,5,6,11,0.45
llMb,12,11,23,0.52
llMh,6,4,10,0.6
llMj,4,3,7,0.57
llMl,2,7,9,0.22
llMm,7,6,13,0.54
llMn,11,15,26,0.42
llMs,5,7,12,0.42
llMt,1,1,2,0.5
llNB,8,7,15,0.53
llND,1,0,1,1.0
llNH,3,4,7,0.43
llNK,1,1,2,0.5
llNL,7,4,11,0.64
llNM,12,9,21,0.57
llNN,8,9,17,0.47
llNP,15,7,22,0.68
llNS,3,11,14,0.21
llNb,4,11,15,0.27
llNh,2,4,6,0.33
llNl,6,6,12,0.5
llNm,8,4,12,0.67
llNn,17,14,31,0.55
llNs,8,4,12,0.67
llNt,3,1,4,0.75
llPB,8,15,23,0.35
llPD,2,0,2,1.0
llPH,2,3,5,0.4
llPI,1,1,2,0.5
llPK,2,2,4,0.5
llPL,5,3,8,0.62
llPM,17,10,27,0.63
llPN,7,11,18,0.39
llPP,12,18,30,0.4
llPS,3,9,12,0.25
llPb,10,15,25,0.4
llPh,0,3,3,0.0
llPl,8,4,12,0.67
llPm,14,8,22,0.64
llPn,10,13,23,0.43
llPs,11,7,18,0.61
llPt,0,3,3,0.0
llSB,3,1,4,0.75
llSH,2,2,4,0.5
llSL,6,2,8,0.75
llSM,5,7,12,0.42
llSN,5,1,6,0.83
llSP,14,9,23,0.61
llSS,7,3,10,0.7
llSb,5,2,7,0.71
llSh,4,2,6,0.67
llSl,3,5,8,0.38
llSm,5,2,7,0.71
llSn,8,7,15,0.53
llSs,2,5,7,0.29
llSt,0,2,2,0.0
llbB,6,9,15,0.4
llbH,4,1,5,0.8
llbI,2,0,2,1.0
llbJ,6,2,8,0.75
llbK,0,1,1,0.0
llbL,5,3,8,0.62
llbM,13,14,27,0.48
llbN,18,17,35,0.51
llbP,22,15,37,0.59
llbS,6,3,9,0.67
llbb,8,8,16,0.5
llbl,4,6,10,0.4
llbm,4,6,10,0.4
llbn,11,3,14,0.79
llbs,6,1,7,0.86
lllB,0,2,2,0.0
lllD,1,1,2,0.5
lllH,2,2,4,0.5
lllJ,1,1,2,0.5
lllM,11,8,19,0.58
lllN,2,7,9,0.22
lllP,8,3,11,0.73
lllS,3,3,6,0.5
lllb,6,4,10,0.6
llll,4,1,5,0.8
lllm,2,1,3,0.67
llln,6,4,10,0.6
llls,2,1,3,0.67
llmB,3,6,9,0.33
llmH,3,3,6,0.5
llmJ,0,3,3,0.0
llmL,1,2,3,0.33
llmM,4,3,7,0.57
llmN,11,7,18,0.61
llmP,9,7,16,0.56
llmS,1,1,2,0.5
llmb,3,6,9,0.33
llml,1,3,4,0.25
llmm,6,4,10,0.6
llmn,7,4,11,0.64
llms,4,4,8,0.5
llnB,6,5,11,0.55
llnD,1,0,1,1.0
llnH,6,7,13,0.46
llnI,3,1,4,0.75
llnK,1,2,3,0.33
llnL,2,4,6,0.33
llnM,5,7,12,0.42
llnN,6,11,17,0.35
llnP,14,10,24,0.58
llnS,5,2,7,0.71
llnb,4,9,13,0.31
llnl,1,2,3,0.33
llnm,8,5,13,0.62
llnn,10,8,18,0.56
llns,2,2,4,0.5
llsB,3,3,6,0.5
llsD,0,2,2,0.0
llsH,2,5,7,0.29
llsI,1,0,1,1.0
llsL,0,1,1,0.0
llsM,7,2,9,0.78
llsN,2,2,4,0.5
llsP,4,13,17,0.24
llsS,7,2,9,0.78
llsb,6,2,8,0.75
llsh,0,0,0,
llsl,3,0,3,1.0
llsm,5,1,6,0.83
llsn,7,3,10,0.7
llss,3,5,8,0.38
lmBB,8,3,11,0.73
lmBD,1,2,3,0.33
lmBH,1,0,1,1.0
lmBL,2,7,9,0.22
lmBM,12,6,18,0.67
lmBN,18,12,30,0.6
lmBP,14,14,28,0.5
lmBS,14,9,23,0.61
lmBb,14,15,29,0.48
lmBh,3,3,6,0.5
lmBj,6,3,9,0.67
lmBl,3,3,6,0.5
lmBm,6,5,11,0.55
lmBn,20,20,40,0.5
lmBs,5,4,9,0.56
lmBt,2,1,3,0.67
lmDB,1,0,1,1.0
lmDH,1,1,2,0.5
lmDL,0,1,1,0.0
lmDM,0,0,0,
lmDN,1,3,4,0.25
lmDP,1,0,1,1.0
lmDS,0,2,2,0.0
lmDb,0,2,2,0.0
lmDl,1,0,1,1.0
lmDm,3,2,5,0.6
lmDn,0,1,1,0.0
lmHB,3,9,12,0.25
lmHD,2,1,3,0.67
lmHH,0,3,3,0.0
lmHI,1,0,1,1.0
lmHL,3,2,5,0.6
lmHM,9,7,16,0.56
lmHN,11,9,20,0.55
lmHP,10,13,23,0.43
lmHS,6,4,10,0.6
lmHb,11,7,18,0.61
lmHh,3,3,6,0.5
lmHl,4,9,13,0.31
lmHm,8,5,13,0.62
lmHn,11,4,15,0.73
lmHs,10,4,14,0.71
lmHt,0,0,0,
lmIB,1,1,2,0.5
lmIH,0,1,1,0.0
lmIL,1,0,1,1.0
lmIM,2,0,2,1.0
lmIN,0,0,0,
lmIP,2,1,3,0.67
lmIS,0,1,1,0.0
lmIb,1,3,4,0.25
lmIm,1,0,1,1.0
lmIn,1,1,2,0.5
lmJB,3,2,5,0.6
lmJH,1,1,2,0.5
lmJI,0,1,1,0.0
lmJK,1,0,1,1.0
lmJL,1,0,1,1.0
lmJM,4,3,7,0.57
lmJN,3,3,6,0.5
lmJP,4,7,11,0.36
lmJS,3,1,4,0.75
lmJb,2,4,6,0.33
lmJl,0,4,4,0.0
lmJm,2,2,4,0.5
lmJn,4,3,7,0.57
lmJs,1,1,2,0.5
lmKB,1,0,1,1.0
lmKl,1,0,1,1.0
lmKm,1,0,1,1.0
lmLB,4,1,5,0.8
lmLD,0,0,0,
lmLL,1,2,3,0.33
lmLM,6,4,10,0.6
lmLN,4,7,11,0.36
lmLP,7,8,15,0.47
lmLS,1,4,5,0.2
lmLb,2,3,5,0.4
lmLh,1,3,4,0.25
lmLj,1,3,4,0.25
lmLl,1,4,5,0.2
lmLm,4,6,10,0.4
lmLn,7,8,15,0.47
lmLs,4,1,5,0.8
lmMB,6,18,24,0.25
lmMD,1,2,3,0.33
lmML,3,2,5,0.6
lmMM,17,9,26,0.65
lmMN,19,15,34,0.56
lmMP,14,13,27,0.52
lmMS,12,6,18,0.67
lmMb,14,9,23,0.61
lmMh,16,15,31,0.52
lmMj,3,3,6,0.5
lmMl,11,6,17,0.65
lmMm,10,9,19,0.53
lmMn,26,24,50,0.52
lmMs,9,3,12,0.75
lmMt,1,2,3,0.33
lmNB,7,15,22,0.32
lmND,0,1,1,0.0
lmNH,4,6,10,0.4
lmNK,2,1,3,0.67
lmNL,6,9,15,0.4
lmNM,18,23,41,0.44
lmNN,16,25,41,0.39
lmNP,27,22,49,0.55
lmNS,13,15,28,0.46
lmNb,16,17,33,0.48
lmNh,1,3,4,0.25
lmNl,6,8,14,0.43
lmNm,15,5,20,0.75
lmNn,21,15,36,0.58
lmNs,13,19,32,0.41
lmNt,3,3,6,0.5
lmPB,16,16,32,0.5
lmPD,0,2,2,0.0
lmPH,4,6,10,0.4
lmPI,3,1,4,0.75
lmPK,0,3,3,0.0
lmPL,7,3,10,0.7
lmPM,13,22,35,0.37
lmPN,22,14,36,0.61
lmPP,33,40,73,0.45
lmPS,11,10,21,0.52
lmPb,14,20,34,0.41
lmPh,4,0,4,1.0
lmPl,9,11,20,0.45
lmPm,11,16,27,0.41
lmPn,26,14,40,0.65
lmPs,9,8,17,0.53
lmPt,2,3,5,0.4
lmSB,2,7,9,0.22
lmSH,2,2,4,0.5
lmSI,0,1,1,0.0
lmSL,0,2,2,0.0
lmSM,7,6,13,0.54
lmSN,5,8,13,0.38
lmSP,12,8,20,0.6
lmSS,7,4,11,0.64
lmSb,10,6,16,0.62
lmSh,5,5,10,0.5
lmSl,4,3,7,0.57
lmSm,10,8,18,0.56
lmSn,8,6,14,0.57
lmSs,7,8,15,0.47
lmSt,2,0,2,1.0
lmbB,15,8,23,0.65
lmbD,1,1,2,0.5
lmbH,4,5,9,0.44
lmbI,1,0,1,1.0
lmbJ,1,1,2,0.5
lmbK,1,3,4,0.25
lmbL,3,6,9,0.33
lmbM,11,17,28,0.39
lmbN,28,17,45,0.62
lmbP,23,14,37,0.62
lmbS,6,5,11,0.55
lmbb,24,15,39,0.62
lmbm,9,11,20,0.45
lmbn,15,21,36,0.42
lmbs,4,8,12,0.33
lmhs,1,0,1,1.0
lmlB,8,7,15,0.53
lmlH,1,3,4,0.25
lmlJ,1,0,1,1.0
lmlK,1,0,1,1.0
lmlL,1,5,6,0.17
lmlM,5,5,10,0.5
lmlN,8,3,11,0.73
lmlP,9,8,17,0.53
lmlS,4,3,7,0.57
lmlb,3,1,4,0.75
lmll,1,2,3,0.33
lmlm,5,7,12,0.42
lmln,0,9,9,0.0
lmls,2,2,4,0.5
lmmB,10,5,15,0.67
lmmD,1,1,2,0.5
lmmH,7,4,11,0.64
lmmI,2,2,4,0.5
lmmJ,4,0,4,1.0
lmmL,3,3,6,0.5
lmmM,12,11,23,0.52
lmmN,15,11,26,0.58
lmmP,14,11,25,0.56
lmmS,3,5,8,0.38
lmmb,9,11,20,0.45
lmml,5,1,6,0.83
lmmm,7,11,18,0.39
lmmn,4,9,13,0.31
lmms,3,3,6,0.5
lmnB,12,10,22,0.55
lmnD,1,3,4,0.25
lmnH,9,6,15,0.6
lmnI,1,1,2,0.5
lmnK,1,0,1,1.0
lmnL,5,3,8,0.62
lmnM,8,14,22,0.36
lmnN,23,20,43,0.53
lmnP,17,20,37,0.46
lmnS,9,6,15,0.6
lmnb,13,13,26,0.5
lmnh,0,1,1,0.0
lmnl,4,5,9,0.44
lmnm,4,9,13,0.31
lmnn,16,7,23,0.7
lmns,6,6,12,0.5
lmsB,4,2,6,0.67
lmsD,0,0,0,
lmsH,5,2,7,0.71
lmsI,0,1,1,0.0
lmsK,1,0,1,1.0
lmsL,0,4,4,0.0
lmsM,5,9,14,0.36
lmsN,8,6,14,0.57
lmsP,6,7,13,0.46
lmsS,4,4,8,0.5
lmsb,3,1,4,0.75
lmsl,2,2,4,0.5
lmsm,3,3,6,0.5
lmsn,1,5,6,0.17
lmss,4,5,9,0.44
lnBB,9,12,21,0.43
lnBD,1,1,2,0.5
lnBK,1,0,1,1.0
lnBL,1,5,6,0.17
lnBM,9,7,16,0.56
lnBN,13,12,25,0.52
lnBP,12,21,33,0.36
lnBS,5,7,12,0.42
lnBb,13,7,20,0.65
lnBh,2,0,2,1.0
lnBj,5,6,11,0.45
lnBl,4,6,10,0.4
lnBm,12,14,26,0.46
lnBn,17,24,41,0.41
lnBs,3,5,8,0.38
lnBt,0,1,1,0.0
lnDB,1,1,2,0.5
lnDH,1,2,3,0.33
lnDL,1,0,1,1.0
lnDM,1,1,2,0.5
lnDN,2,0,2,1.0
lnDP,1,1,2,0.5
lnDS,1,1,2,0.5
lnDb,0,1,1,0.0
lnDl,2,2,4,0.5
lnDn,0,1,1,0.0
lnHB,5,4,9,0.56
lnHH,3,3,6,0.5
lnHI,1,0,1,1.0
lnHK,1,0,1,1.0
lnHL,3,4,7,0.43
lnHM,7,7,14,0.5
lnHN,10,7,17,0.59
lnHP,21,14,35,0.6
lnHS,5,3,8,0.62
lnHb,5,9,14,0.36
lnHh,6,3,9,0.67
lnHl,4,5,9,0.44
lnHm,3,6,9,0.33
lnHn,11,13,24,0.46
lnHs,5,6,11,0.45
lnHt,0,0,0,
lnIB,1,2,3,0.33
lnIH,0,2,2,0.0
lnIL,0,2,2,0.0
lnIM,3,2,5,0.6
lnIN,3,1,4,0.75
lnIP,7,0,7,1.0
lnIS,0,1,1,0.0
lnIb,0,1,1,0.0
lnIm,1,2,3,0.33
lnIn,5,2,7,0.71
lnIs,1,3,4,0.25
lnKB,0,1,1,0.0
lnKI,1,0,1,1.0
lnKM,1,0,1,1.0
lnKN,0,1,1,0.0
lnKP,1,2,3,0.33
lnKS,0,1,1,0.0
lnKb,1,2,3,0.33
lnKh,1,0,1,1.0
lnKl,1,1,2,0.5
lnKm,2,0,2,1.0
lnKn,3,1,4,0.75
lnKs,2,2,4,0.5
lnLB,3,3,6,0.5
lnLK,1,0,1,1.0
lnLL,5,4,9,0.56
lnLM,8,7,15,0.53
lnLN,8,7,15,0.53
lnLP,10,12,22,0.45
lnLS,2,4,6,0.33
lnLb,4,10,14,0.29
lnLh,3,1,4,0.75
lnLj,1,2,3,0.33
lnLl,3,1,4,0.75
lnLm,3,1,4,0.75
lnLn,9,12,21,0.43
lnLs,6,4,10,0.6
lnMB,5,10,15,0.33
lnMD,0,1,1,0.0
lnML,5,4,9,0.56
lnMM,8,15,23,0.35
lnMN,16,13,29,0.55
lnMP,20,19,39,0.51
lnMS,8,9,17,0.47
lnMb,12,14,26,0.46
lnMh,12,15,27,0.44
lnMj,6,2,8,0.75
lnMl,4,12,16,0.25
lnMm,16,9,25,0.64
lnMn,39,25,64,0.61
lnMs,14,9,23,0.61
lnMt,2,2,4,0.5
lnNB,24,10,34,0.71
lnNH,2,3,5,0.4
lnNK,2,3,5,0.4
lnNL,8,8,16,0.5
lnNM,16,15,31,0.52
lnNN,24,30,54,0.44
lnNP,28,33,61,0.46
lnNS,17,14,31,0.55
lnNb,12,25,37,0.32
lnNh,5,7,12,0.42
lnNl,9,10,19,0.47
lnNm,13,9,22,0.59
lnNn,33,17,50,0.66
lnNs,11,14,25,0.44
lnNt,9,3,12,0.75
lnPB,11,21,32,0.34
lnPD,4,1,5,0.8
lnPH,7,13,20,0.35
lnPI,1,2,3,0.33
lnPK,2,3,5,0.4
lnPL,13,7,20,0.65
lnPM,26,30,56,0.46
lnPN,38,32,70,0.54
lnPP,40,42,82,0.49
lnPS,19,20,39,0.49
lnPb,30,28,58,0.52
lnPh,3,2,5,0.6
lnPl,11,14,25,0.44
lnPm,24,11,35,0.69
lnPn,24,33,57,0.42
lnPs,18,20,38,0.47
lnPt,2,5,7,0.29
lnSB,6,4,10,0.6
lnSH,3,6,9,0.33
lnSI,1,0,1,1.0
lnSK,1,0,1,1.0
lnSL,4,2,6,0.67
lnSM,11,15,26,0.42
lnSN,8,8,16,0.5
lnSP,14,16,30,0.47
lnSS,13,5,18,0.72
lnSb,7,12,19,0.37
lnSh,4,6,10,0.4
lnSl,5,2,7,0.71
lnSm,7,7,14,0.5
lnSn,15,9,24,0.62
lnSs,6,7,13,0.46
lnSt,4,4,8,0.5
lnbB,16,10,26,0.62
lnbD,2,2,4,0.5
lnbH,6,4,10,0.6
lnbI,2,1,3,0.67
lnbJ,6,4,10,0.6
lnbK,1,0,1,1.0
lnbL,9,12,21,0.43
lnbM,15,14,29,0.52
lnbN,27,18,45,0.6
lnbP,23,21,44,0.52
lnbS,6,8,14,0.43
lnbb,20,8,28,0.71
lnbl,2,5,7,0.29
lnbm,14,6,20,0.7
lnbn,19,13,32,0.59
lnbs,3,7,10,0.3
lnhP,2,0,2,1.0
lnhS,1,0,1,1.0
lnhs,0,1,1,0.0
lnlB,6,4,10,0.6
lnlD,1,0,1,1.0
lnlH,2,10,12,0.17
lnlJ,2,2,4,0.5
lnlL,1,1,2,0.5
lnlM,2,5,7,0.29
lnlN,8,7,15,0.53
lnlP,16,9,25,0.64
lnlS,5,6,11,0.45
lnlb,7,4,11,0.64
lnll,6,2,8,0.75
lnlm,4,3,7,0.57
lnln,7,4,11,0.64
lnls,3,0,3,1.0
lnmB,9,6,15,0.6
lnmD,2,1,3,0.67
lnmH,7,13,20,0.35
lnmI,0,1,1,0.0
lnmJ,2,2,4,0.5
lnmL,5,3,8,0.62
lnmM,17,17,34,0.5
lnmN,19,12,31,0.61
lnmP,17,19,36,0.47
lnmS,7,7,14,0.5
lnmb,12,16,28,0.43
lnml,8,5,13,0.62
lnmm,6,4,10,0.6
lnmn,21,11,32,0.66
lnms,11,5,16,0.69
lnnB,12,12,24,0.5
lnnD,1,1,2,0.5
lnnH,9,11,20,0.45
lnnI,0,4,4,0.0
lnnK,1,2,3,0.33
lnnL,10,10,20,0.5
lnnM,24,19,43,0.56
lnnN,20,29,49,0.41
lnnP,22,20,42,0.52
lnnS,8,11,19,0.42
lnnb,14,15,29,0.48
lnnh,2,0,2,1.0
lnnl,6,6,12,0.5
lnnm,6,7,13,0.46
lnnn,19,17,36,0.53
lnns,16,12,28,0.57
lnsB,4,4,8,0.5
lnsD,2,0,2,1.0
lnsH,8,9,17,0.47
lnsI,0,1,1,0.0
lnsL,4,4,8,0.5
lnsM,13,9,22,0.59
lnsN,10,8,18,0.56
lnsP,14,15,29,0.48
lnsS,10,6,16,0.62
lnsb,13,12,25,0.52
lnsh,1,0,1,1.0
lnsl,3,5,8,0.38
lnsm,6,5,11,0.55
lnsn,12,8,20,0.6
lnss,11,7,18,0.61
lntN,0,1,1,0.0
lntl,0,1,1,0.0
lsBB,2,8,10,0.2
lsBK,2,1,3,0.67
lsBL,2,0,2,1.0
lsBM,9,6,15,0.6
lsBN,9,6,15,0.6
lsBP,10,15,25,0.4
lsBS,3,10,13,0.23
lsBb,5,8,13,0.38
lsBh,1,0,1,1.0
lsBj,2,0,2,1.0
lsBl,3,4,7,0.43
lsBm,8,5,13,0.62
lsBn,2,7,9,0.22
lsBs,5,0,5,1.0
lsBt,3,2,5,0.6
lsDB,0,1,1,0.0
lsDH,1,1,2,0.5
lsDM,2,5,7,0.29
lsDN,0,0,0,
lsDP,1,3,4,0.25
lsDS,1,0,1,1.0
lsDb,3,4,7,0.43
lsDh,0,0,0,
lsDl,1,0,1,1.0
lsDm,2,1,3,0.67
lsDn,3,1,4,0.75
lsDs,1,0,1,1.0
lsHB,9,8,17,0.53
lsHD,0,0,0,
lsHH,3,2,5,0.6
lsHI,0,0,0,
lsHK,1,0,1,1.0
lsHL,4,4,8,0.5
lsHM,6,9,15,0.4
lsHN,10,7,17,0.59
lsHP,10,4,14,0.71
lsHS,3,6,9,0.33
lsHb,16,7,23,0.7
lsHh,4,5,9,0.44
lsHl,2,2,4,0.5
lsHm,9,9,18,0.5
lsHn,8,8,16,0.5
lsHs,8,4,12,0.67
lsHt,0,2,2,0.0
lsIB,0,1,1,0.0
lsID,0,1,1,0.0
lsIH,1,0,1,1.0
lsIL,0,0,0,
lsIM,2,0,2,1.0
lsIN,1,0,1,1.0
lsIP,1,0,1,1.0
lsIS,1,1,2,0.5
lsIb,0,2,2,0.0
lsIl,0,1,1,0.0
lsIn,0,2,2,0.0
lsIs,2,2,4,0.5
lsKH,1,0,1,1.0
lsKP,0,1,1,0.0
lsKS,1,0,1,1.0
lsKh,0,1,1,0.0
lsLB,3,2,5,0.6
lsLD,1,0,1,1.0
lsLL,5,6,11,0.45
lsLM,5,5,10,0.5
lsLN,2,4,6,0.33
lsLP,4,6,10,0.4
lsLS,1,2,3,0.33
lsLb,4,2,6,0.67
lsLh,2,3,5,0.4
lsLl,2,0,2,1.0
lsLm,0,6,6,0.0
lsLn,4,10,14,0.29
lsLs,6,2,8,0.75
lsLt,1,0,1,1.0
lsMB,4,6,10,0.4
lsMH,1,0,1,1.0
lsML,3,6,9,0.33
lsMM,13,15,28,0.46
lsMN,6,11,17,0.35
lsMP,11,13,24,0.46
lsMS,14,3,17,0.82
lsMb,6,4,10,0.6
lsMh,6,6,12,0.5
lsMj,2,4,6,0.33
lsMl,4,6,10,0.4
lsMm,7,8,15,0.47
lsMn,16,10,26,0.62
lsMs,6,6,12,0.5
lsMt,2,1,3,0.67
lsNB,12,6,18,0.67
lsND,0,1,1,0.0
lsNH,0,1,1,0.0
lsNK,4,0,4,1.0
lsNL,5,3,8,0.62
lsNM,6,12,18,0.33
lsNN,12,13,25,0.48
lsNP,12,14,26,0.46
lsNS,6,11,17,0.35
lsNb,9,4,13,0.69
lsNh,7,4,11,0.64
lsNl,4,2,6,0.67
lsNm,7,7,14,0.5
lsNn,12,4,16,0.75
lsNs,12,9,21,0.57
lsNt,1,0,1,1.0
lsPB,7,16,23,0.3
lsPD,0,3,3,0.0
lsPH,6,7,13,0.46
lsPI,1,1,2,0.5
lsPK,0,2,2,0.0
lsPL,3,8,11,0.27
lsPM,16,20,36,0.44
lsPN,24,7,31,0.77
lsPP,20,13,33,0.61
lsPS,12,18,30,0.4
lsPb,12,15,27,0.44
lsPh,4,3,7,0.57
lsPl,4,8,12,0.33
lsPm,11,10,21,0.52
lsPn,16,22,38,0.42
lsPs,8,17,25,0.32
lsPt,2,2,4,0.5
lsSB,4,5,9,0.44
lsSH,1,5,6,0.17
lsSL,0,4,4,0.0
lsSM,11,14,25,0.44
lsSN,7,16,23,0.3
lsSP,15,9,24,0.62
lsSS,8,15,23,0.35
lsSb,12,8,20,0.6
lsSh,5,3,8,0.62
lsSl,3,4,7,0.43
lsSm,9,8,17,0.53
lsSn,5,11,16,0.31
lsSs,4,7,11,0.36
lsSt,0,0,0,
lsbB,11,9,20,0.55
lsbD,0,2,2,0.0
lsbH,1,2,3,0.33
lsbI,1,0,1,1.0
lsbJ,5,5,10,0.5
lsbK,1,1,2,0.5
lsbL,5,3,8,0.62
lsbM,9,8,17,0.53
lsbN,10,16,26,0.38
lsbP,15,16,31,0.48
lsbS,5,4,9,0.56
lsbb,10,7,17,0.59
lsbl,3,5,8,0.38
lsbm,13,8,21,0.62
lsbn,12,7,19,0.63
lsbs,4,7,11,0.36
lshB,0,1,1,0.0
lshM,1,0,1,1.0
lshl,1,0,1,1.0
lshm,0,1,1,0.0
lshn,1,1,2,0.5
lshs,1,0,1,1.0
lslB,5,2,7,0.71
lslH,3,3,6,0.5
lslI,0,0,0,
lslK,1,1,2,0.5
lslL,2,4,6,0.33
lslM,6,8,14,0.43
lslN,8,3,11,0.73
lslP,6,7,13,0.46
lslS,3,8,11,0.27
lslb,10,3,13,0.77
lsll,3,2,5,0.6
lslm,2,3,5,0.4
lsln,8,5,13,0.62
lsls,2,6,8,0.25
lsmB,12,9,21,0.57
lsmD,1,1,2,0.5
lsmH,6,1,7,0.86
lsmI,2,1,3,0.67
lsmJ,1,2,3,0.33
lsmL,2,4,6,0.33
lsmM,4,15,19,0.21
lsmN,9,11,20,0.45
lsmP,8,13,21,0.38
lsmS,1,6,7,0.14
lsmb,6,5,11,0.55
lsml,6,5,11,0.55
lsmm,3,2,5,0.6
lsmn,13,4,17,0.76
lsms,3,3,6,0.5
lsnB,3,8,11,0.27
lsnD,1,0,1,1.0
lsnH,7,6,13,0.54
lsnI,0,2,2,0.0
lsnK,1,2,3,0.33
lsnL,5,2,7,0.71
lsnM,12,14,26,0.46
lsnN,8,12,20,0.4
lsnP,12,16,28,0.43
lsnS,9,7,16,0.56
lsnb,7,3,10,0.7
lsnl,3,2,5,0.6
lsnm,8,4,12,0.67
lsnn,10,8,18,0.56
lsns,4,5,9,0.44
lssB,6,5,11,0.55
lssD,0,1,1,0.0
lssH,13,7,20,0.65
lssI,1,0,1,1.0
lssK,1,0,1,1.0
lssL,1,3,4,0.25
lssM,7,4,11,0.64
lssN,8,3,11,0.73
lssP,14,11,25,0.56
lssS,8,11,19,0.42
lssb,6,4,10,0.6
lssh,0,0,0,
lssl,7,4,11,0.64
lssm,6,2,8,0.75
lssn,10,9,19,0.53
lsss,5,2,7,0.71
lsst,1,0,1,1.0
lstb,0,1,1,0.0
lstl,0,0,0,
mBBB,16,22,38,0.42
mBBD,1,2,3,0.33
mBBH,2,0,2,1.0
mBBK,3,4,7,0.43
mBBL,6,4,10,0.6
mBBM,14,15,29,0.48
mBBN,26,24,50,0.52
mBBP,23,20,43,0.53
mBBS,4,5,9,0.44
mBBb,25,12,37,0.68
mBBh,4,4,8,0.5
mBBj,5,8,13,0.38
mBBl,8,8,16,0.5
mBBm,17,11,28,0.61
mBBn,37,29,66,0.56
mBBs,6,11,17,0.35
mBBt,1,2,3,0.33
mBDB,3,0,3,1.0
mBDD,1,0,1,1.0
mBDH,2,1,3,0.67
mBDL,1,0,1,1.0
mBDM,2,1,3,0.67
mBDN,4,0,4,1.0
mBDP,2,3,5,0.4
mBDS,0,0,0,
mBDb,1,5,6,0.17
mBDm,0,3,3,0.0
mBDn,3,0,3,1.0
mBDs,1,2,3,0.33
mBHI,0,1,1,0.0
mBHN,1,0,1,1.0
mBHP,0,1,1,0.0
mBHS,1,0,1,1.0
mBHb,0,0,0,
mBHm,0,0,0,
mBHn,0,1,1,0.0
mBKB,3,3,6,0.5
mBKM,5,0,5,1.0
mBKN,1,1,2,0.5
mBKP,0,2,2,0.0
mBKS,3,1,4,0.75
mBKb,3,0,3,1.0
mBKh,1,0,1,1.0
mBKm,1,1,2,0.5
mBKn,3,1,4,0.75
mBKs,1,2,3,0.33
mBLB,8,8,16,0.5
mBLD,1,1,2,0.5
mBLH,0,1,1,0.0
mBLL,1,2,3,0.33
mBLM,6,6,12,0.5
mBLN,6,10,16,0.38
mBLP,12,12,24,0.5
mBLS,5,4,9,0.56
mBLb,8,6,14,0.57
mBLh,6,4,10,0.6
mBLj,3,3,6,0.5
mBLl,1,1,2,0.5
mBLm,6,3,9,0.67
mBLn,12,13,25,0.48
mBLs,5,0,5,1.0
mBLt,2,1,3,0.67
mBMB,12,15,27,0.44
mBMD,0,2,2,0.0
mBML,12,3,15,0.8
mBMM,18,19,37,0.49
mBMN,27,24,51,0.53
mBMP,38,36,74,0.51
mBMS,10,11,21,0.48
mBMb,27,27,54,0.5
mBMh,24,15,39,0.62
mBMj,3,4,7,0.43
mBMl,9,4,13,0.69
mBMm,18,25,43,0.42
mBMn,31,27,58,0.53
mBMs,13,13,26,0.5
mBMt,3,2,5,0.6
mBNB,26,10,36,0.72
mBND,0,3,3,0.0
mBNH,3,4,7,0.43
mBNK,0,0,0,
mBNL,7,7,14,0.5
mBNM,28,21,49,0.57
mBNN,35,37,72,0.49
mBNP,51,41,92,0.55
mBNS,29,13,42,0.69
mBNb,16,29,45,0.36
mBNh,8,15,23,0.35
mBNl,11,7,18,0.61
mBNm,24,25,49,0.49
mBNn,58,44,102,0.57
mBNs,34,19,53,0.64
mBNt,5,11,16,0.31
mBPB,20,28,48,0.42
mBPD,2,1,3,0.67
mBPH,8,13,21,0.38
mBPI,3,1,4,0.75
mBPK,3,4,7,0.43
mBPL,13,18,31,0.42
mBPM,28,41,69,0.41
mBPN,38,44,82,0.46
mBPP,42,46,88,0.48
mBPS,24,20,44,0.55
mBPb,27,30,57,0.47
mBPh,1,1,2,0.5
mBPl,15,21,36,0.42
mBPm,31,22,53,0.58
mBPn,40,41,81,0.49
mBPs,23,18,41,0.56
mBPt,3,3,6,0.5
mBSB,17,10,27,0.63
mBSD,1,2,3,0.33
mBSH,3,5,8,0.38
mBSK,0,1,1,0.0
mBSL,3,3,6,0.5
mBSM,15,16,31,0.48
mBSN,20,21,41,0.49
mBSP,28,24,52,0.54
mBSS,21,17,38,0.55
mBSb,12,16,28,0.43
mBSh,9,11,20,0.45
mBSl,8,7,15,0.53
mBSm,12,10,22,0.55
mBSn,19,22,41,0.46
mBSs,14,18,32,0.44
mBSt,4,0,4,1.0
mBbB,14,12,26,0.54
mBbD,1,1,2,0.5
mBbH,14,11,25,0.56
mBbI,1,2,3,0.33
mBbJ,8,8,16,0.5
mBbK,3,2,5,0.6
mBbL,9,9,18,0.5
mBbM,22,28,50,0.44
mBbN,32,44,76,0.42
mBbP,33,36,69,0.48
mBbS,15,13,28,0.54
mBbb,29,28,57,0.51
mBbl,6,7,13,0.46
mBbm,28,16,44,0.64
mBbn,27,23,50,0.54
mBbs,11,9,20,0.55
mBhB,2,3,5,0.4
mBhH,0,0,0,
mBhL,2,0,2,1.0
mBhM,2,2,4,0.5
mBhN,6,4,10,0.6
mBhP,5,6,11,0.45
mBhS,3,1,4,0.75
mBhb,6,3,9,0.67
mBhh,2,0,2,1.0
mBhl,4,1,5,0.8
mBhm,7,2,9,0.78
mBhn,6,6,12,0.5
mBhs,5,0,5,1.0
mBjB,10,7,17,0.59
mBjD,1,0,1,1.0
mBjH,2,3,5,0.4
mBjI,0,1,1,0.0
mBjK,0,1,1,0.0
mBjL,2,3,5,0.4
mBjM,10,9,19,0.53
mBjN,11,13,24,0.46
mBjP,10,12,22,0.45
mBjS,5,5,10,0.5
mBjb,10,10,20,0.5
mBjh,0,2,2,0.0
mBjl,8,2,10,0.8
mBjm,9,4,13,0.69
mBjn,16,7,23,0.7
mBjs,4,8,12,0.33
mBjt,1,1,2,0.5
mBlB,6,9,15,0.4
mBlD,2,0,2,1.0
mBlH,8,9,17,0.47
mBlI,1,0,1,1.0
mBlJ,5,3,8,0.62
mBlL,4,4,8,0.5
mBlM,7,9,16,0.44
mBlN,10,9,19,0.53
mBlP,12,6,18,0.67
mBlS,6,8,14,0.43
mBlb,8,11,19,0.42
mBll,2,3,5,0.4
mBlm,4,3,7,0.57
mBln,12,13,25,0.48
mBls,6,6,12,0.5
mBmB,21,18,39,0.54
mBmD,4,2,6,0.67
mBmH,10,8,18,0.56
mBmI,2,2,4,0.5
mBmJ,6,3,9,0.67
mBmK,0,1,1,0.0
mBmL,5,6,11,0.45
mBmM,19,31,50,0.38
mBmN,27,26,53,0.51
mBmP,13,20,33,0.39
mBmS,15,11,26,0.58
mBmb,23,15,38,0.61
mBml,2,1,3,0.67
mBmm,17,9,26,0.65
mBmn,29,20,49,0.59
mBms,11,5,16,0.69
mBnB,27,29,56,0.48
mBnD,9,0,9,1.0
mBnH,17,19,36,0.47
mBnI,6,6,12,0.5
mBnK,3,5,8,0.38
mBnL,15,8,23,0.65
mBnM,37,36,73,0.51
mBnN,53,53,106,0.5
mBnP,69,61,130,0.53
mBnS,28,30,58,0.48
mBnb,43,34,77,0.56
mBnh,0,3,3,0.0
mBnl,8,9,17,0.47
mBnm,24,23,47,0.51
mBnn,51,41,92,0.55
mBns,17,18,35,0.49
mBnt,0,1,1,0.0
mBsB,9,7,16,0.56
mBsD,3,2,5,0.6
mBsH,10,9,19,0.53
mBsI,3,3,6,0.5
mBsL,5,6,11,0.45
mBsM,8,12,20,0.4
mBsN,10,14,24,0.42
mBsP,15,29,44,0.34
mBsS,13,12,25,0.52
mBsb,12,12,24,0.5
mBsh,0,1,1,0.0
mBsl,1,2,3,0.33
mBsm,8,17,25,0.32
mBsn,11,7,18,0.61
mBss,8,12,20,0.4
mBtB,3,6,9,0.33
mBtD,1,0,1,1.0
mBtH,3,6,9,0.33
mBtL,4,1,5,0.8
mBtM,4,2,6,0.67
mBtN,5,3,8,0.62
mBtP,12,10,22,0.55
mBtS,5,6,11,0.45
mBtb,6,2,8,0.75
mBtl,2,3,5,0.4
mBtm,7,1,8,0.88
mBtn,9,6,15,0.6
mBts,2,4,6,0.33
mBtt,2,1,3,0.67
mDBB,2,3,5,0.4
mDBK,0,1,1,0.0
mDBL,1,2,3,0.33
mDBM,3,1,4,0.75
mDBN,0,2,2,0.0
mDBP,2,4,6,0.33
mDBS,1,1,2,0.5
mDBb,4,3,7,0.57
mDBh,1,0,1,1.0
mDBj,0,0,0,
mDBl,0,0,0,
mDBm,1,2,3,0.33
mDBn,2,1,3,0.67
mDBs,1,2,3,0.33
mDDB,1,0,1,1.0
mDDH,0,0,0,
mDDP,1,0,1,1.0
mDDS,1,1,2,0.5
mDDb,0,1,1,0.0
mDDm,1,1,2,0.5
mDDs,0,1,1,0.0
mDHB,1,2,3,0.33
mDHD,1,0,1,1.0
mDHH,0,0,0,
mDHK,0,1,1,0.0
mDHL,0,1,1,0.0
mDHM,1,1,2,0.5
mDHN,2,2,4,0.5
mDHP,5,3,8,0.62
mDHS,1,3,4,0.25
mDHb,4,4,8,0.5
mDHh,1,3,4,0.25
mDHl,2,1,3,0.67
mDHm,0,3,3,0.0
mDHn,1,1,2,0.5
mDHs,6,1,7,0.86
mDHt,0,0,0,
mDID,0,1,1,0.0
mDIM,1,0,1,1.0
mDIN,1,0,1,1.0
mDIb,0,1,1,0.0
mDIn,1,0,1,1.0
mDIs,1,0,1,1.0
mDKN,0,0,0,
mDKm,1,0,1,1.0
mDKs,0,1,1,0.0
mDLK,0,0,0,
mDLL,1,1,2,0.5
mDLM,1,2,3,0.33
mDLN,3,1,4,0.75
mDLP,0,0,0,
mDLS,2,1,3,0.67
mDLb,3,1,4,0.75
mDLh,0,0,0,
mDLl,0,2,2,0.0
mDLm,5,0,5,1.0
mDLn,4,3,7,0.57
mDLs,2,2,4,0.5
mDLt,1,0,1,1.0
mDMB,4,4,8,0.5
mDML,1,0,1,1.0
mDMM,2,5,7,0.29
mDMN,4,4,8,0.5
mDMP,5,5,10,0.5
mDMS,3,4,7,0.43
mDMb,0,2,2,0.0
mDMh,2,3,5,0.4
mDMj,3,0,3,1.0
mDMm,4,1,5,0.8
mDMn,9,5,14,0.64
mDMs,3,1,4,0.75
mDNB,2,2,4,0.5
mDND,1,1,2,0.5
mDNH,0,2,2,0.0
mDNK,1,0,1,1.0
mDNL,1,0,1,1.0
mDNM,5,3,8,0.62
mDNN,4,4,8,0.5
mDNP,2,1,3,0.67
mDNS,0,4,4,0.0
mDNb,1,2,3,0.33
mDNh,0,0,0,
mDNl,2,0,2,1.0
mDNm,2,2,4,0.5
mDNn,7,3,10,0.7
mDNs,3,4,7,0.43
mDNt,1,0,1,1.0
mDPB,2,3,5,0.4
mDPD,0,0,0,
mDPH,2,0,2,1.0
mDPI,0,1,1,0.0
mDPK,1,2,3,0.33
mDPL,1,0,1,1.0
mDPM,1,7,8,0.12
mDPN,3,0,3,1.0
mDPP,4,5,9,0.44
mDPS,5,4,9,0.56
mDPb,9,7,16,0.56
mDPm,6,3,9,0.67
mDPn,5,1,6,0.83
mDPs,3,4,7,0.43
mDPt,1,0,1,1.0
mDSB,2,2,4,0.5
mDSH,1,0,1,1.0
mDSL,1,0,1,1.0
mDSM,4,3,7,0.57
mDSN,5,3,8,0.62
mDSP,1,5,6,0.17
mDSS,3,4,7,0.43
mDSb,1,2,3,0.33
mDSh,1,0,1,1.0
mDSl,1,1,2,0.5
mDSm,1,3,4,0.25
mDSn,3,5,8,0.38
mDSs,3,2,5,0.6
mDSt,0,2,2,0.0
mDbB,1,3,4,0.25
mDbH,1,0,1,1.0
mDbI,1,1,2,0.5
mDbJ,1,0,1,1.0
mDbM,3,4,7,0.43
mDbN,1,1,2,0.5
mDbP,2,1,3,0.67
mDbb,4,6,10,0.4
mDbl,0,0,0,
mDbm,1,2,3,0.33
mDbn,3,4,7,0.43
mDbs,6,1,7,0.86
mDhm,1,0,1,1.0
mDhn,1,0,1,1.0
mDlB,0,1,1,0.0
mDlD,0,1,1,0.0
mDlH,1,1,2,0.5
mDlL,0,0,0,
mDlM,1,0,1,1.0
mDlN,0,3,3,0.0
mDlP,2,4,6,0.33
mDlS,1,0,1,1.0
mDlb,2,1,3,0.67
mDlm,2,1,3,0.67
mDln,1,2,3,0.33
mDls,1,1,2,0.5
mDmB,1,0,1,1.0
mDmH,5,1,6,0.83
mDmJ,0,3,3,0.0
mDmL,2,2,4,0.5
mDmM,4,0,4,1.0
mDmN,4,3,7,0.57
mDmP,3,5,8,0.38
mDmS,2,2,4,0.5
mDmb,2,2,4,0.5
mDmm,5,5,10,0.5
mDmn,3,3,6,0.5
mDms,1,3,4,0.25
mDnB,0,1,1,0.0
mDnH,1,4,5,0.2
mDnL,1,1,2,0.5
mDnM,5,6,11,0.45
mDnN,5,7,12,0.42
mDnP,5,5,10,0.5
mDnS,1,1,2,0.5
mDnb,6,4,10,0.6
mDnl,1,0,1,1.0
mDnm,2,4,6,0.33
mDnn,7,5,12,0.58
mDsB,1,0,1,1.0
mDsH,1,3,4,0.25
mDsI,1,0,1,1.0
mDsL,1,4,5,0.2
mDsM,2,7,9,0.22
mDsN,3,1,4,0.75
mDsP,3,4,7,0.43
mDsS,4,5,9,0.44
mDsb,2,1,3,0.67
mDsl,2,1,3,0.67
mDsm,1,1,2,0.5
mDsn,1,1,2,0.5
mDss,1,1,2,0.5
mDtB,1,0,1,1.0
mDtD,0,0,0,
mDtL,0,1,1,0.0
mDtM,1,0,1,1.0
mDtN,0,1,1,0.0
mDtP,0,1,1,0.0
mDtb,1,0,1,1.0
mDtm,3,1,4,0.75
mDtn,0,1,1,0.0
mDts,1,0,1,1.0
mHBB,9,12,21,0.43
mHBD,1,2,3,0.33
mHBK,1,0,1,1.0
mHBL,5,2,7,0.71
mHBM,16,14,30,0.53
mHBN,20,15,35,0.57
mHBP,14,21,35,0.4
mHBS,10,12,22,0.45
mHBb,11,22,33,0.33
mHBh,1,2,3,0.33
mHBj,8,3,11,0.73
mHBl,7,8,15,0.47
mHBm,14,17,31,0.45
mHBn,22,29,51,0.43
mHBs,10,9,19,0.53
mHBt,5,3,8,0.62
mHDB,1,0,1,1.0
mHDH,1,5,6,0.17
mHDL,0,1,1,0.0
mHDM,3,2,5,0.6
mHDN,1,1,2,0.5
mHDP,3,1,4,0.75
mHDS,3,3,6,0.5
mHDb,4,2,6,0.67
mHDl,1,0,1,1.0
mHDm,1,3,4,0.25
mHDn,2,3,5,0.4
mHDs,2,2,4,0.5
mHDt,1,0,1,1.0
mHHB,3,2,5,0.6
mHHD,0,0,0,
mHHH,1,0,1,1.0
mHHI,0,1,1,0.0
mHHK,2,1,3,0.67
mHHL,1,1,2,0.5
mHHM,3,5,8,0.38
mHHN,1,4,5,0.2
mHHP,1,5,6,0.17
mHHS,4,3,7,0.57
mHHb,3,1,4,0.75
mHHh,0,1,1,0.0
mHHl,2,3,5,0.4
mHHm,2,1,3,0.67
mHHn,2,1,3,0.67
mHHs,1,2,3,0.33
mHHt,0,0,0,
mHIH,3,0,3,1.0
mHIL,0,1,1,0.0
mHIM,1,3,4,0.25
mHIN,2,2,4,0.5
mHIP,5,0,5,1.0
mHIS,2,0,2,1.0
mHIb,3,0,3,1.0
mHIl,4,0,4,1.0
mHIm,0,1,1,0.0
mHIn,2,2,4,0.5
mHKB,1,1,2,0.5
mHKM,2,0,2,1.0
mHKN,2,1,3,0.67
mHKP,4,2,6,0.67
mHKS,1,2,3,0.33
mHKb,0,2,2,0.0
mHKh,2,0,2,1.0
mHKl,1,1,2,0.5
mHKn,2,1,3,0.67
mHKs,0,1,1,0.0
mHLB,8,7,15,0.53
mHLD,2,1,3,0.67
mHLK,0,4,4,0.0
mHLL,1,4,5,0.2
mHLM,8,6,14,0.57
mHLN,16,9,25,0.64
mHLP,6,15,21,0.29
mHLS,10,4,14,0.71
mHLb,3,11,14,0.21
mHLh,4,6,10,0.4
mHLj,4,1,5,0.8
mHLl,3,5,8,0.38
mHLm,10,9,19,0.53
mHLn,10,10,20,0.5
mHLs,4,3,7,0.57
mHLt,0,3,3,0.0
mHMB,12,18,30,0.4
mHMD,3,4,7,0.43
mHML,12,7,19,0.63
mHMM,27,22,49,0.55
mHMN,26,19,45,0.58
mHMP,28,25,53,0.53
mHMS,16,17,33,0.48
mHMb,27,27,54,0.5
mHMh,18,24,42,0.43
mHMj,5,7,12,0.42
mHMl,12,2,14,0.86
mHMm,15,22,37,0.41
mHMn,42,37,79,0.53
mHMs,11,16,27,0.41
mHMt,7,6,13,0.54
mHNB,11,17,28,0.39
mHND,1,4,5,0.2
mHNH,2,2,4,0.5
mHNK,2,2,4,0.5
mHNL,7,4,11,0.64
mHNM,20,15,35,0.57
mHNN,28,35,63,0.44
mHNP,41,34,75,0.55
mHNS,18,19,37,0.49
mHNb,23,14,37,0.62
mHNh,8,5,13,0.62
mHNl,14,12,26,0.54
mHNm,27,18,45,0.6
mHNn,33,37,70,0.47
mHNs,20,21,41,0.49
mHNt,6,6,12,0.5
mHPB,21,28,49,0.43
mHPD,2,1,3,0.67
mHPH,13,5,18,0.72
mHPI,1,0,1,1.0
mHPK,6,2,8,0.75
mHPL,13,12,25,0.52
mHPM,42,43,85,0.49
mHPN,38,43,81,0.47
mHPP,54,51,105,0.51
mHPS,23,28,51,0.45
mHPb,32,33,65,0.49
mHPh,3,1,4,0.75
mHPl,17,14,31,0.55
mHPm,31,26,57,0.54
mHPn,34,38,72,0.47
mHPs,28,19,47,0.6
mHPt,2,2,4,0.5
mHSB,10,8,18,0.56
mHSD,2,1,3,0.67
mHSH,5,3,8,0.62
mHSK,1,0,1,1.0
mHSL,6,2,8,0.75
mHSM,13,16,29,0.45
mHSN,13,11,24,0.54
mHSP,28,18,46,0.61
mHSS,16,15,31,0.52
mHSb,7,15,22,0.32
mHSh,10,8,18,0.56
mHSl,5,6,11,0.45
mHSm,4,15,19,0.21
mHSn,17,21,38,0.45
mHSs,24,11,35,0.69
mHSt,4,4,8,0.5
mHbB,18,21,39,0.46
mHbD,2,3,5,0.4
mHbH,6,16,22,0.27
mHbI,3,1,4,0.75
mHbJ,7,5,12,0.58
mHbK,1,1,2,0.5
mHbL,8,12,20,0.4
mHbM,26,22,48,0.54
mHbN,33,25,58,0.57
mHbP,21,25,46,0.46
mHbS,14,7,21,0.67
mHbb,30,21,51,0.59
mHbl,6,4,10,0.6
mHbm,18,13,31,0.58
mHbn,16,29,45,0.36
mHbs,13,10,23,0.57
mHhB,8,7,15,0.53
mHhD,1,1,2,0.5
mHhH,1,0,1,1.0
mHhI,0,1,1,0.0
mHhK,2,1,3,0.67
mHhL,3,2,5,0.6
mHhM,6,14,20,0.3
mHhN,14,8,22,0.64
mHhP,17,18,35,0.49
mHhS,14,8,22,0.64
mHhb,15,10,25,0.6
mHhh,7,5,12,0.58
mHhl,6,6,12,0.5
mHhm,9,5,14,0.64
mHhn,14,13,27,0.52
mHhs,16,7,23,0.7
mHht,3,3,6,0.5
mHlB,13,4,17,0.76
mHlD,1,1,2,0.5
mHlH,2,3,5,0.4
mHlI,0,1,1,0.0
mHlJ,3,3,6,0.5
mHlK,1,1,2,0.5
mHlL,5,3,8,0.62
mHlM,11,19,30,0.37
mHlN,8,11,19,0.42
mHlP,11,11,22,0.5
mHlS,7,3,10,0.7
mHlb,25,13,38,0.66
mHll,3,3,6,0.5
mHlm,10,2,12,0.83
mHln,10,7,17,0.59
mHls,7,4,11,0.64
mHmB,16,19,35,0.46
mHmD,4,1,5,0.8
mHmH,8,15,23,0.35
mHmI,2,3,5,0.4
mHmJ,5,3,8,0.62
mHmL,6,5,11,0.55
mHmM,14,21,35,0.4
mHmN,18,19,37,0.49
mHmP,25,23,48,0.52
mHmS,11,10,21,0.52
mHmb,14,21,35,0.4
mHml,5,13,18,0.28
mHmm,13,12,25,0.52
mHmn,15,16,31,0.48
mHms,6,5,11,0.55
mHnB,20,12,32,0.62
mHnD,1,0,1,1.0
mHnH,15,17,32,0.47
mHnI,4,2,6,0.67
mHnK,4,4,8,0.5
mHnL,15,9,24,0.62
mHnM,31,30,61,0.51
mHnN,44,38,82,0.54
mHnP,47,47,94,0.5
mHnS,25,18,43,0.58
mHnb,21,18,39,0.54
mHnh,1,0,1,1.0
mHnl,11,14,25,0.44
mHnm,18,19,37,0.49
mHnn,34,28,62,0.55
mHns,18,13,31,0.58
mHnt,1,0,1,1.0
mHsB,11,14,25,0.44
mHsD,1,0,1,1.0
mHsH,16,12,28,0.57
mHsI,1,3,4,0.25
mHsK,0,1,1,0.0
mHsL,4,6,10,0.4
mHsM,14,20,34,0.41
mHsN,12,13,25,0.48
mHsP,24,29,53,0.45
mHsS,13,18,31,0.42
mHsb,18,14,32,0.56
mHsh,1,0,1,1.0
mHsl,5,6,11,0.45
mHsm,15,12,27,0.56
mHsn,13,12,25,0.52
mHss,21,11,32,0.66
mHtB,3,3,6,0.5
mHtH,0,2,2,0.0
mHtL,0,0,0,
mHtM,0,1,1,0.0
mHtN,1,1,2,0.5
mHtP,4,4,8,0.5
mHtS,0,0,0,
mHtb,1,3,4,0.25
mHtl,1,0,1,1.0
mHtm,1,0,1,1.0
mHtn,3,5,8,0.38
mHts,5,1,6,0.83
mHtt,1,2,3,0.33
mIBB,4,2,6,0.67
mIBL,1,0,1,1.0
mIBM,0,1,1,0.0
mIBN,1,6,7,0.14
mIBP,1,1,2,0.5
mIBS,2,0,2,1.0
mIBb,0,1,1,0.0
mIBj,2,0,2,1.0
mIBl,0,1,1,0.0
mIBm,4,0,4,1.0
mIBn,2,3,5,0.4
mIBs,0,0,0,
mIBt,0,1,1,0.0
mIDB,1,0,1,1.0
mIDL,0,1,1,0.0
mIDM,1,0,1,1.0
mIDP,1,1,2,0.5
mIDS,0,0,0,
mIDl,0,1,1,0.0
mIDn,1,0,1,1.0
mIHB,0,2,2,0.0
mIHD,1,0,1,1.0
mIHI,0,0,0,
mIHK,0,0,0,
mIHM,1,1,2,0.5
mIHN,2,1,3,0.67
mIHP,2,2,4,0.5
mIHS,1,1,2,0.5
mIHb,2,2,4,0.5
mIHh,1,0,1,1.0
mIHm,0,0,0,
mIHn,4,1,5,0.8
mIHs,2,0,2,1.0
mIHt,1,0,1,1.0
mIIB,0,1,1,0.0
mIIM,0,1,1,0.0
mIIS,1,0,1,1.0
mIIs,1,0,1,1.0
mIKM,1,0,1,1.0
mIKS,0,1,1,0.0
mILB,1,1,2,0.5
mILL,0,2,2,0.0
mILM,1,2,3,0.33
mILN,1,2,3,0.33
mILP,2,0,2,1.0
mILS,0,2,2,0.0
mILb,0,1,1,0.0
mILh,1,1,2,0.5
mILl,0,1,1,0.0
mILm,1,2,3,0.33
mILn,0,3,3,0.0
mILs,1,1,2,0.5
mIMB,4,0,4,1.0
mIMD,0,1,1,0.0
mIMK,0,1,1,0.0
mIML,0,2,2,0.0
mIMM,2,0,2,1.0
mIMN,4,2,6,0.67
mIMP,0,2,2,0.0
mIMS,0,1,1,0.0
mIMb,0,1,1,0.0
mIMh,4,2,6,0.67
mIMj,1,2,3,0.33
mIMl,1,1,2,0.5
mIMm,5,2,7,0.71
mIMn,3,4,7,0.43
mIMs,1,2,3,0.33
mIMt,0,1,1,0.0
mINB,6,3,9,0.67
mINH,1,2,3,0.33
mINL,0,5,5,0.0
mINM,2,2,4,0.5
mINN,4,2,6,0.67
mINP,3,7,10,0.3
mINS,0,2,2,0.0
mINb,1,1,2,0.5
mINh,1,0,1,1.0
mINl,1,0,1,1.0
mINm,1,1,2,0.5
mINn,4,8,12,0.33
mINs,0,0,0,
mIPB,5,2,7,0.71
mIPH,0,3,3,0.0
mIPL,2,2,4,0.5
mIPM,3,3,6,0.5
mIPN,5,3,8,0.62
mIPP,7,10,17,0.41
mIPS,3,1,4,0.75
mIPb,2,9,11,0.18
mIPl,1,0,1,1.0
mIPm,4,1,5,0.8
mIPn,2,9,11,0.18
mIPs,1,2,3,0.33
mIPt,0,2,2,0.0
mISB,1,0,1,1.0
mISH,2,1,3,0.67
mISI,0,1,1,0.0
mISL,0,2,2,0.0
mISM,3,0,3,1.0
mISN,1,1,2,0.5
mISP,0,3,3,0.0
mISS,2,0,2,1.0
mISh,1,0,1,1.0
mISm,2,1,3,0.67
mISn,1,2,3,0.33
mISs,2,0,2,1.0
mIbB,4,1,5,0.8
mIbH,1,2,3,0.33
mIbJ,0,1,1,0.0
mIbL,0,1,1,0.0
mIbM,5,1,6,0.83
mIbN,8,3,11,0.73
mIbP,6,4,10,0.6
mIbS,1,2,3,0.33
mIbb,3,3,6,0.5
mIbl,0,1,1,0.0
mIbm,3,4,7,0.43
mIbn,1,5,6,0.17
mIbs,1,0,1,1.0
mIlB,2,1,3,0.67
mIlH,1,1,2,0.5
mIlJ,0,1,1,0.0
mIlM,0,1,1,0.0
mIlN,0,2,2,0.0
mIlP,0,1,1,0.0
mIlS,1,0,1,1.0
mIlb,2,1,3,0.67
mIlm,1,4,5,0.2
mIln,1,3,4,0.25
mImB,2,1,3,0.67
mImH,3,3,6,0.5
mImL,1,0,1,1.0
mImM,2,0,2,1.0
mImN,1,2,3,0.33
mImP,3,2,5,0.6
mImS,0,0,0,
mImb,3,1,4,0.75
mIml,0,3,3,0.0
mImm,1,4,5,0.2
mImn,2,0,2,1.0
mInB,2,0,2,1.0
mInD,2,1,3,0.67
mInH,3,3,6,0.5
mInI,0,2,2,0.0
mInL,1,0,1,1.0
mInM,2,2,4,0.5
mInN,6,2,8,0.75
mInP,1,4,5,0.2
mInS,3,1,4,0.75
mInb,2,4,6,0.33
mInl,2,1,3,0.67
mInm,4,1,5,0.8
mInn,2,4,6,0.33
mIns,2,4,6,0.33
mIsB,2,2,4,0.5
mIsH,0,2,2,0.0
mIsI,1,0,1,1.0
mIsL,1,1,2,0.5
mIsM,3,2,5,0.6
mIsN,2,1,3,0.67
mIsP,3,0,3,1.0
mIsS,3,3,6,0.5
mIsb,3,1,4,0.75
mIsm,1,1,2,0.5
mIss,1,1,2,0.5
mItn,1,0,1,1.0
mJBB,6,4,10,0.6
mJBI,1,0,1,1.0
mJBL,3,1,4,0.75
mJBM,3,9,12,0.25
mJBN,5,5,10,0.5
mJBP,2,5,7,0.29
mJBS,4,2,6,0.67
mJBb,3,6,9,0.33
mJBh,0,2,2,0.0
mJBj,0,1,1,0.0
mJBl,3,1,4,0.75
mJBm,4,4,8,0.5
mJBn,8,6,14,0.57
mJBs,1,1,2,0.5
mJBt,1,0,1,1.0
mJDB,0,1,1,0.0
mJDL,1,0,1,1.0
mJDS,0,0,0,
mJDs,1,0,1,1.0
mJHB,0,3,3,0.0
mJHD,0,1,1,0.0
mJHH,0,0,0,
mJHK,0,3,3,0.0
mJHL,0,1,1,0.0
mJHM,4,4,8,0.5
mJHN,3,3,6,0.5
mJHP,4,8,12,0.33
mJHS,2,9,11,0.18
mJHb,3,7,10,0.3
mJHh,0,2,2,0.0
mJHl,2,0,2,1.0
mJHm,4,1,5,0.8
mJHn,0,4,4,0.0
mJHs,1,1,2,0.5
mJIB,1,0,1,1.0
mJIH,0,0,0,
mJIL,0,1,1,0.0
mJIM,1,0,1,1.0
mJIP,2,0,2,1.0
mJIb,0,2,2,0.0
mJIl,0,1,1,0.0
mJIn,0,0,0,
mJIs,0,1,1,0.0
mJKH,0,1,1,0.0
mJKM,0,2,2,0.0
mJKN,0,0,0,
mJKP,3,2,5,0.6
mJKS,1,0,1,1.0
mJKh,1,2,3,0.33
mJKm,1,1,2,0.5
mJKn,1,0,1,1.0
mJLB,3,1,4,0.75
mJLD,1,0,1,1.0
mJLL,2,1,3,0.67
mJLM,2,3,5,0.4
mJLN,3,2,5,0.6
mJLP,0,1,1,0.0
mJLS,3,4,7,0.43
mJLb,4,0,4,1.0
mJLh,1,2,3,0.33
mJLj,1,0,1,1.0
mJLl,3,0,3,1.0
mJLm,2,4,6,0.33
mJLn,0,7,7,0.0
mJLs,1,2,3,0.33
mJLt,0,0,0,
mJMB,2,5,7,0.29
mJMD,1,0,1,1.0
mJML,5,4,9,0.56
mJMM,7,4,11,0.64
mJMN,6,11,17,0.35
mJMP,9,9,18,0.5
mJMS,6,2,8,0.75
mJMb,5,5,10,0.5
mJMh,3,8,11,0.27
mJMj,2,0,2,1.0
mJMl,1,4,5,0.2
mJMm,13,5,18,0.72
mJMn,14,6,20,0.7
mJMs,5,4,9,0.56
mJMt,1,0,1,1.0
mJNB,4,4,8,0.5
mJNH,2,3,5,0.4
mJNK,0,1,1,0.0
mJNL,1,2,3,0.33
mJNM,10,14,24,0.42
mJNN,11,10,21,0.52
mJNP,14,18,32,0.44
mJNS,0,4,4,0.0
mJNb,6,7,13,0.46
mJNh,5,2,7,0.71
mJNl,2,6,8,0.25
mJNm,7,3,10,0.7
mJNn,8,8,16,0.5
mJNs,1,5,6,0.17
mJNt,2,2,4,0.5
mJPB,11,9,20,0.55
mJPH,3,2,5,0.6
mJPI,0,1,1,0.0
mJPK,1,0,1,1.0
mJPL,4,5,9,0.44
mJPM,10,14,24,0.42
mJPN,15,11,26,0.58
mJPP,15,8,23,0.65
mJPS,9,9,18,0.5
mJPb,7,6,13,0.54
mJPl,7,6,13,0.54
mJPm,8,9,17,0.47
mJPn,8,9,17,0.47
mJPs,7,8,15,0.47
mJPt,0,0,0,
mJSB,3,3,6,0.5
mJSD,1,1,2,0.5
mJSH,1,4,5,0.2
mJSL,3,0,3,1.0
mJSM,7,3,10,0.7
mJSN,5,6,11,0.45
mJSP,3,5,8,0.38
mJSS,2,2,4,0.5
mJSb,6,4,10,0.6
mJSh,5,1,6,0.83
mJSl,1,0,1,1.0
mJSm,0,2,2,0.0
mJSn,4,13,17,0.24
mJSs,3,4,7,0.43
mJSt,1,0,1,1.0
mJbB,7,7,14,0.5
mJbD,0,0,0,
mJbH,1,0,1,1.0
mJbJ,0,5,5,0.0
mJbK,0,2,2,0.0
mJbL,3,5,8,0.38
mJbM,10,11,21,0.48
mJbN,8,6,14,0.57
mJbP,9,7,16,0.56
mJbS,4,1,5,0.8
mJbb,6,6,12,0.5
mJbl,4,3,7,0.57
mJbm,9,4,13,0.69
mJbn,5,4,9,0.56
mJbs,4,0,4,1.0
mJhH,1,0,1,1.0
mJhL,1,0,1,1.0
mJhM,1,0,1,1.0
mJhN,0,1,1,0.0
mJhP,3,0,3,1.0
mJhS,0,1,1,0.0
mJhh,1,0,1,1.0
mJhl,1,0,1,1.0
mJlB,4,2,6,0.67
mJlD,0,1,1,0.0
mJlH,0,2,2,0.0
mJlJ,0,1,1,0.0
mJlL,1,2,3,0.33
mJlM,2,2,4,0.5
mJlN,0,4,4,0.0
mJlP,5,6,11,0.45
mJlS,2,2,4,0.5
mJlb,4,4,8,0.5
mJlm,1,2,3,0.33
mJln,4,2,6,0.67
mJls,0,1,1,0.0
mJmB,5,5,10,0.5
mJmD,0,1,1,0.0
mJmH,2,4,6,0.33
mJmI,0,0,0,
mJmJ,1,1,2,0.5
mJmK,1,0,1,1.0
mJmL,3,1,4,0.75
mJmM,4,1,5,0.8
mJmN,6,4,10,0.6
mJmP,7,3,10,0.7
mJmS,2,2,4,0.5
mJmb,6,5,11,0.55
mJml,2,1,3,0.67
mJmm,4,5,9,0.44
mJmn,5,3,8,0.62
mJms,6,1,7,0.86
mJnB,6,4,10,0.6
mJnH,0,6,6,0.0
mJnI,0,1,1,0.0
mJnL,3,3,6,0.5
mJnM,7,7,14,0.5
mJnN,12,10,22,0.55
mJnP,8,9,17,0.47
mJnS,2,4,6,0.33
mJnb,8,3,11,0.73
mJnl,1,2,3,0.33
mJnm,4,9,13,0.31
mJnn,9,7,16,0.56
mJns,9,5,14,0.64
mJsB,4,4,8,0.5
mJsD,1,1,2,0.5
mJsH,3,3,6,0.5
mJsI,0,1,1,0.0
mJsK,0,1,1,0.0
mJsL,1,2,3,0.33
mJsM,5,10,15,0.33
mJsN,6,3,9,0.67
mJsP,7,2,9,0.78
mJsS,2,7,9,0.22
mJsb,3,2,5,0.6
mJsl,1,1,2,0.5
mJsm,5,5,10,0.5
mJsn,5,7,12,0.42
mJss,3,4,7,0.43
mJtB,1,0,1,1.0
mJtL,0,1,1,0.0
mJtM,1,2,3,0.33
mJtN,5,1,6,0.83
mJtP,0,2,2,0.0
mJtS,1,1,2,0.5
mJtl,1,1,2,0.5
mJtm,2,0,2,1.0
mJtn,1,2,3,0.33
mKBN,2,0,2,1.0
mKBP,1,0,1,1.0
mKBS,0,1,1,0.0
mKBb,2,0,2,1.0
mKBj,1,0,1,1.0
mKBm,1,0,1,1.0
mKBs,1,0,1,1.0
mKHP,0,2,2,0.0
mKLM,0,1,1,0.0
mKLn,0,1,1,0.0
mKMM,0,0,0,
mKMN,2,0,2,1.0
mKMn,0,0,0,
mKNM,0,1,1,0.0
mKNb,0,1,1,0.0
mKNn,0,1,1,0.0
mKNt,0,0,0,
mKPD,0,0,0,
mKPN,1,1,2,0.5
mKPS,0,0,0,
mKPb,1,0,1,1.0
mKPs,0,0,0,
mKSM,0,1,1,0.0
mKSP,0,2,2,0.0
mKSb,1,0,1,1.0
mKSh,1,0,1,1.0
mKSn,1,0,1,1.0
mKSs,0,1,1,0.0
mKbB,0,1,1,0.0
mKbJ,0,1,1,0.0
mKbK,0,1,1,0.0
mKbM,1,0,1,1.0
mKbN,1,0,1,1.0
mKbS,0,1,1,0.0
mKbb,1,0,1,1.0
mKbn,1,1,2,0.5
mKbs,0,1,1,0.0
mKhB,0,1,1,0.0
mKhM,0,1,1,0.0
mKhh,0,0,0,
mKhl,0,1,1,0.0
mKlH,1,0,1,1.0
mKlM,1,0,1,1.0
mKlN,0,1,1,0.0
mKlP,0,1,1,0.0
mKlm,1,0,1,1.0
mKln,1,0,1,1.0
mKmB,0,2,2,0.0
mKmM,1,1,2,0.5
mKmN,0,1,1,0.0
mKml,0,1,1,0.0
mKnB,1,0,1,1.0
mKnI,0,1,1,0.0
mKnM,0,0,0,
mKnP,0,0,0,
mKnn,1,0,1,1.0
mKsB,1,1,2,0.5
mKsD,1,0,1,1.0
mKsL,0,1,1,0.0
mKsM,1,0,1,1.0
mKsS,0,0,0,
mKsm,1,0,1,1.0
mKtP,1,0,1,1.0
mLBB,12,11,23,0.52
mLBD,1,0,1,1.0
mLBK,0,0,0,
mLBL,1,3,4,0.25
mLBM,8,9,17,0.47
mLBN,9,11,20,0.45
mLBP,13,14,27,0.48
mLBS,6,6,12,0.5
mLBb,11,7,18,0.61
mLBh,0,1,1,0.0
mLBj,2,1,3,0.67
mLBl,4,2,6,0.67
mLBm,11,4,15,0.73
mLBn,7,10,17,0.41
mLBs,4,1,5,0.8
mLBt,0,1,1,0.0
mLDB,1,0,1,1.0
mLDD,0,0,0,
mLDH,0,1,1,0.0
mLDI,1,0,1,1.0
mLDN,1,0,1,1.0
mLDP,3,2,5,0.6
mLDS,1,0,1,1.0
mLDb,0,1,1,0.0
mLDm,1,0,1,1.0
mLDn,0,0,0,
mLDs,0,1,1,0.0
mLHL,1,0,1,1.0
mLHP,1,0,1,1.0
mLHm,1,1,2,0.5
mLHn,0,0,0,
mLKM,0,1,1,0.0
mLKP,1,1,2,0.5
mLKh,1,0,1,1.0
mLKl,0,1,1,0.0
mLKm,0,2,2,0.0
mLKn,0,0,0,
mLKs,0,0,0,
mLLB,4,4,8,0.5
mLLL,1,2,3,0.33
mLLM,2,0,2,1.0
mLLN,6,5,11,0.55
mLLP,10,5,15,0.67
mLLS,4,5,9,0.44
mLLb,6,3,9,0.67
mLLh,1,3,4,0.25
mLLj,1,0,1,1.0
mLLl,1,1,2,0.5
mLLm,3,1,4,0.75
mLLn,8,2,10,0.8
mLLs,4,3,7,0.57
mLMB,6,5,11,0.55
mLMD,2,0,2,1.0
mLML,2,1,3,0.67
mLMM,12,8,20,0.6
mLMN,12,9,21,0.57
mLMP,14,19,33,0.42
mLMS,4,6,10,0.4
mLMb,10,9,19,0.53
mLMh,13,11,24,0.54
mLMj,2,4,6,0.33
mLMl,8,6,14,0.57
mLMm,3,5,8,0.38
mLMn,19,15,34,0.56
mLMs,8,8,16,0.5
mLMt,2,4,6,0.33
mLNB,7,10,17,0.41
mLND,2,1,3,0.67
mLNH,2,2,4,0.5
mLNK,0,1,1,0.0
mLNL,3,3,6,0.5
mLNM,7,12,19,0.37
mLNN,12,16,28,0.43
mLNP,14,19,33,0.42
mLNS,10,7,17,0.59
mLNb,11,14,25,0.44
mLNh,8,9,17,0.47
mLNl,6,5,11,0.55
mLNm,12,5,17,0.71
mLNn,19,18,37,0.51
mLNs,6,9,15,0.4
mLNt,3,2,5,0.6
mLPB,14,12,26,0.54
mLPD,1,0,1,1.0
mLPH,4,5,9,0.44
mLPI,1,0,1,1.0
mLPK,1,2,3,0.33
mLPL,8,5,13,0.62
mLPM,10,18,28,0.36
mLPN,17,19,36,0.47
mLPP,27,22,49,0.55
mLPS,10,13,23,0.43
mLPb,12,12,24,0.5
mLPh,2,0,2,1.0
mLPl,8,6,14,0.57
mLPm,9,10,19,0.47
mLPn,11,16,27,0.41
mLPs,9,8,17,0.53
mLPt,2,2,4,0.5
mLSB,5,7,12,0.42
mLSH,1,3,4,0.25
mLSI,0,0,0,
mLSK,0,0,0,
mLSL,2,5,7,0.29
mLSM,11,12,23,0.48
mLSN,5,6,11,0.45
mLSP,13,10,23,0.57
mLSS,3,4,7,0.43
mLSb,8,6,14,0.57
mLSh,6,6,12,0.5
mLSl,5,7,12,0.42
mLSm,8,8,16,0.5
mLSn,6,8,14,0.43
mLSs,9,5,14,0.64
mLSt,1,0,1,1.0
mLbB,8,7,15,0.53
mLbD,0,2,2,0.0
mLbH,5,2,7,0.71
mLbI,1,1,2,0.5
mLbJ,2,4,6,0.33
mLbK,1,0,1,1.0
mLbL,4,4,8,0.5
mLbM,9,8,17,0.53
mLbN,13,23,36,0.36
mLbP,10,17,27,0.37
mLbS,0,8,8,0.0
mLbb,11,11,22,0.5
mLbl,4,2,6,0.67
mLbm,8,4,12,0.67
mLbn,11,6,17,0.65
mLbs,5,5,10,0.5
mLhB,3,6,9,0.33
mLhH,1,1,2,0.5
mLhL,1,4,5,0.2
mLhM,5,4,9,0.56
mLhN,5,8,13,0.38
mLhP,4,5,9,0.44
mLhS,2,6,8,0.25
mLhb,8,6,14,0.57
mLhh,3,4,7,0.43
mLhl,4,2,6,0.67
mLhm,7,6,13,0.54
mLhn,12,13,25,0.48
mLhs,10,4,14,0.71
mLht,0,1,1,0.0
mLjB,2,1,3,0.67
mLjH,1,0,1,1.0
mLjK,0,1,1,0.0
mLjL,1,0,1,1.0
mLjM,2,1,3,0.67
mLjN,2,6,8,0.25
mLjP,4,7,11,0.36
mLjS,4,2,6,0.67
mLjb,6,5,11,0.55
mLjl,1,0,1,1.0
mLjm,10,3,13,0.77
mLjn,6,1,7,0.86
mLjs,2,2,4,0.5
mLjt,0,1,1,0.0
mLlB,7,1,8,0.88
mLlD,2,0,2,1.0
mLlH,4,3,7,0.57
mLlI,1,0,1,1.0
mLlJ,2,1,3,0.67
mLlL,2,2,4,0.5
mLlM,5,6,11,0.45
mLlN,4,7,11,0.36
mLlP,5,4,9,0.56
mLlS,4,7,11,0.36
mLlb,5,6,11,0.45
mLll,1,1,2,0.5
mLlm,5,3,8,0.62
mLln,5,4,9,0.56
mLls,3,4,7,0.43
mLmB,7,10,17,0.41
mLmD,0,2,2,0.0
mLmH,6,6,12,0.5
mLmI,0,1,1,0.0
mLmJ,1,1,2,0.5
mLmL,9,1,10,0.9
mLmM,8,6,14,0.57
mLmN,9,16,25,0.36
mLmP,15,9,24,0.62
mLmS,6,7,13,0.46
mLmb,9,3,12,0.75
mLml,4,6,10,0.4
mLmm,8,3,11,0.73
mLmn,11,10,21,0.52
mLms,5,3,8,0.62
mLnB,11,8,19,0.58
mLnD,3,3,6,0.5
mLnH,12,10,22,0.55
mLnI,2,0,2,1.0
mLnK,1,1,2,0.5
mLnL,8,5,13,0.62
mLnM,11,13,24,0.46
mLnN,24,17,41,0.59
mLnP,29,22,51,0.57
mLnS,14,16,30,0.47
mLnb,11,16,27,0.41
mLnh,0,3,3,0.0
mLnl,5,7,12,0.42
mLnm,12,14,26,0.46
mLnn,25,20,45,0.56
mLns,13,8,21,0.62
mLnt,0,1,1,0.0
mLsB,2,3,5,0.4
mLsD,0,0,0,
mLsH,8,7,15,0.53
mLsI,1,0,1,1.0
mLsL,3,5,8,0.38
mLsM,6,10,16,0.38
mLsN,6,3,9,0.67
mLsP,5,10,15,0.33
mLsS,14,9,23,0.61
mLsb,3,8,11,0.27
mLsl,3,1,4,0.75
mLsm,5,4,9,0.56
mLsn,7,10,17,0.41
mLss,8,4,12,0.67
mLtB,2,0,2,1.0
mLtD,0,0,0,
mLtH,2,0,2,1.0
mLtL,0,2,2,0.0
mLtM,0,3,3,0.0
mLtN,4,3,7,0.57
mLtP,2,1,3,0.67
mLtS,1,1,2,0.5
mLtb,1,2,3,0.33
mLth,0,1,1,0.0
mLtl,1,1,2,0.5
mLtm,2,1,3,0.67
mLtn,6,2,8,0.75
mLts,0,1,1,0.0
mMBB,27,14,41,0.66
mMBD,1,3,4,0.25
mMBK,2,2,4,0.5
mMBL,3,7,10,0.3
mMBM,17,18,35,0.49
mMBN,24,34,58,0.41
mMBP,25,15,40,0.62
mMBS,13,15,28,0.46
mMBb,19,25,44,0.43
mMBh,1,2,3,0.33
mMBj,3,8,11,0.27
mMBl,6,6,12,0.5
mMBm,22,19,41,0.54
mMBn,39,29,68,0.57
mMBs,9,14,23,0.39
mMBt,2,3,5,0.4
mMDB,1,1,2,0.5
mMDH,4,2,6,0.67
mMDM,1,1,2,0.5
mMDN,5,1,6,0.83
mMDP,0,3,3,0.0
mMDS,2,2,4,0.5
mMDb,1,0,1,1.0
mMDl,0,1,1,0.0
mMDm,0,2,2,0.0
mMDn,3,1,4,0.75
mMDs,4,1,5,0.8
mMHM,1,0,1,1.0
mMHS,0,1,1,0.0
mMIB,0,1,1,0.0
mMIS,1,0,1,1.0
mMKB,0,0,0,
mMKM,1,0,1,1.0
mMKN,0,2,2,0.0
mMKh,1,1,2,0.5
mMLB,8,6,14,0.57
mMLD,1,1,2,0.5
mMLL,1,2,3,0.33
mMLM,11,6,17,0.65
mMLN,13,10,23,0.57
mMLP,15,12,27,0.56
mMLS,5,4,9,0.56
mMLb,10,8,18,0.56
mMLh,6,5,11,0.55
mMLj,4,2,6,0.67
mMLl,3,4,7,0.43
mMLm,5,6,11,0.45
mMLn,10,9,19,0.53
mMLs,7,4,11,0.64
mMLt,3,1,4,0.75
mMMB,28,24,52,0.54
mMMD,3,1,4,0.75
mMML,9,8,17,0.53
mMMM,23,22,45,0.51
mMMN,31,32,63,0.49
mMMP,27,30,57,0.47
mMMS,16,16,32,0.5
mMMb,31,30,61,0.51
mMMh,25,23,48,0.52
mMMj,6,11,17,0.35
mMMl,11,10,21,0.52
mMMm,22,18,40,0.55
mMMn,52,51,103,0.5
mMMs,17,14,31,0.55
mMMt,8,7,15,0.53
mMNB,23,33,56,0.41
mMND,1,3,4,0.25
mMNH,7,3,10,0.7
mMNI,1,0,1,1.0
mMNK,1,3,4,0.25
mMNL,10,6,16,0.62
mMNM,18,34,52,0.35
mMNN,50,52,102,0.49
mMNP,62,64,126,0.49
mMNS,28,30,58,0.48
mMNb,38,24,62,0.61
mMNh,16,9,25,0.64
mMNl,11,18,29,0.38
mMNm,35,25,60,0.58
mMNn,60,58,118,0.51
mMNs,14,14,28,0.5
mMNt,6,4,10,0.6
mMPB,28,26,54,0.52
mMPD,2,2,4,0.5
mMPH,9,16,25,0.36
mMPI,6,5,11,0.55
mMPK,4,2,6,0.67
mMPL,8,11,19,0.42
mMPM,29,32,61,0.48
mMPN,45,58,103,0.44
mMPP,70,55,125,0.56
mMPS,34,27,61,0.56
mMPb,27,30,57,0.47
mMPh,2,9,11,0.18
mMPl,22,24,46,0.48
mMPm,47,26,73,0.64
mMPn,45,51,96,0.47
mMPs,22,23,45,0.49
mMPt,2,5,7,0.29
mMSB,17,16,33,0.52
mMSD,2,0,2,1.0
mMSH,6,12,18,0.33
mMSK,2,0,2,1.0
mMSL,5,2,7,0.71
mMSM,20,16,36,0.56
mMSN,28,22,50,0.56
mMSP,36,23,59,0.61
mMSS,18,18,36,0.5
mMSb,18,13,31,0.58
mMSh,13,13,26,0.5
mMSl,11,8,19,0.58
mMSm,14,22,36,0.39
mMSn,20,26,46,0.43
mMSs,12,14,26,0.46
mMSt,3,4,7,0.43
mMbB,29,26,55,0.53
mMbD,2,1,3,0.67
mMbH,12,7,19,0.63
mMbI,1,5,6,0.17
mMbJ,4,10,14,0.29
mMbK,3,5,8,0.38
mMbL,6,6,12,0.5
mMbM,32,26,58,0.55
mMbN,52,44,96,0.54
mMbP,40,27,67,0.6
mMbS,17,23,40,0.42
mMbb,39,24,63,0.62
mMbl,10,11,21,0.48
mMbm,27,20,47,0.57
mMbn,34,34,68,0.5
mMbs,14,15,29,0.48
mMhB,10,16,26,0.38
mMhD,1,2,3,0.33
mMhH,11,4,15,0.73
mMhI,1,0,1,1.0
mMhK,0,1,1,0.0
mMhL,5,6,11,0.45
mMhM,19,21,40,0.48
mMhN,24,39,63,0.38
mMhP,31,41,72,0.43
mMhS,25,22,47,0.53
mMhb,23,25,48,0.48
mMhh,20,21,41,0.49
mMhl,17,8,25,0.68
mMhm,19,21,40,0.48
mMhn,31,27,58,0.53
mMhs,22,24,46,0.48
mMht,4,4,8,0.5
mMjB,8,6,14,0.57
mMjD,2,3,5,0.4
mMjH,1,4,5,0.2
mMjI,0,1,1,0.0
mMjK,1,0,1,1.0
mMjL,6,5,11,0.55
mMjM,6,13,19,0.32
mMjN,11,11,22,0.5
mMjP,12,21,33,0.36
mMjS,10,7,17,0.59
mMjb,11,5,16,0.69
mMjh,1,1,2,0.5
mMjl,4,5,9,0.44
mMjm,8,9,17,0.47
mMjn,9,8,17,0.53
mMjs,3,4,7,0.43
mMjt,1,2,3,0.33
mMlB,6,8,14,0.43
mMlH,11,15,26,0.42
mMlI,2,2,4,0.5
mMlJ,3,4,7,0.43
mMlK,1,1,2,0.5
mMlL,2,3,5,0.4
mMlM,9,18,27,0.33
mMlN,15,15,30,0.5
mMlP,15,15,30,0.5
mMlS,9,12,21,0.43
mMlb,11,12,23,0.48
mMll,7,3,10,0.7
mMlm,5,4,9,0.56
mMln,21,15,36,0.58
mMls,6,7,13,0.46
mMmB,18,19,37,0.49
mMmD,6,3,9,0.67
mMmH,25,33,58,0.43
mMmI,3,4,7,0.43
mMmJ,9,4,13,0.69
mMmL,7,9,16,0.44
mMmM,23,29,52,0.44
mMmN,34,37,71,0.48
mMmP,33,40,73,0.45
mMmS,18,21,39,0.46
mMmb,27,20,47,0.57
mMmh,0,1,1,0.0
mMml,6,2,8,0.75
mMmm,13,17,30,0.43
mMmn,25,24,49,0.51
mMms,14,16,30,0.47
mMnB,29,36,65,0.45
mMnD,2,1,3,0.67
mMnH,25,34,59,0.42
mMnI,6,5,11,0.55
mMnK,2,5,7,0.29
mMnL,20,9,29,0.69
mMnM,49,49,98,0.5
mMnN,61,85,146,0.42
mMnP,82,82,164,0.5
mMnS,21,42,63,0.33
mMnb,45,34,79,0.57
mMnh,2,2,4,0.5
mMnl,25,12,37,0.68
mMnm,46,29,75,0.61
mMnn,78,63,141,0.55
mMns,23,34,57,0.4
mMsB,9,20,29,0.31
mMsD,3,1,4,0.75
mMsH,13,22,35,0.37
mMsI,1,1,2,0.5
mMsK,2,0,2,1.0
mMsL,3,4,7,0.43
mMsM,22,16,38,0.58
mMsN,27,25,52,0.52
mMsP,20,28,48,0.42
mMsS,15,19,34,0.44
mMsb,20,18,38,0.53
mMsh,1,0,1,1.0
mMsl,8,9,17,0.47
mMsm,16,15,31,0.52
mMsn,16,31,47,0.34
mMss,9,20,29,0.31
mMtB,4,6,10,0.4
mMtD,1,0,1,1.0
mMtH,5,6,11,0.45
mMtK,2,0,2,1.0
mMtL,1,2,3,0.33
mMtM,8,2,10,0.8
mMtN,10,2,12,0.83
mMtP,6,9,15,0.4
mMtS,5,7,12,0.42
mMtb,6,8,14,0.43
mMth,1,0,1,1.0
mMtl,0,2,2,0.0
mMtm,5,4,9,0.56
mMtn,6,10,16,0.38
mMts,3,2,5,0.6
mMtt,1,1,2,0.5
mNBB,24,19,43,0.56
mNBD,2,2,4,0.5
mNBK,2,2,4,0.5
mNBL,8,12,20,0.4
mNBM,18,30,48,0.38
mNBN,34,27,61,0.56
mNBP,34,31,65,0.52
mNBS,9,15,24,0.38
mNBb,26,22,48,0.54
mNBh,3,8,11,0.27
mNBj,4,6,10,0.4
mNBl,15,9,24,0.62
mNBm,12,15,27,0.44
mNBn,43,42,85,0.51
mNBs,15,7,22,0.68
mNBt,10,2,12,0.83
mNDB,2,4,6,0.33
mNDD,1,0,1,1.0
mNDH,5,6,11,0.45
mNDK,1,0,1,1.0
mNDL,1,1,2,0.5
mNDM,2,3,5,0.4
mNDN,6,6,12,0.5
mNDP,3,3,6,0.5
mNDS,1,8,9,0.11
mNDb,2,0,2,1.0
mNDl,1,1,2,0.5
mNDm,1,2,3,0.33
mNDn,4,3,7,0.57
mNDs,2,0,2,1.0
mNHB,4,3,7,0.57
mNHD,1,0,1,1.0
mNHH,0,3,3,0.0
mNHI,1,0,1,1.0
mNHK,2,0,2,1.0
mNHL,6,1,7,0.86
mNHM,7,6,13,0.54
mNHN,12,11,23,0.52
mNHP,8,11,19,0.42
mNHS,6,3,9,0.67
mNHb,12,5,17,0.71
mNHh,2,3,5,0.4
mNHl,3,2,5,0.6
mNHm,5,5,10,0.5
mNHn,11,9,20,0.55
mNHs,5,5,10,0.5
mNIP,1,0,1,1.0
mNKB,1,3,4,0.25
mNKH,1,0,1,1.0
mNKL,0,2,2,0.0
mNKM,4,2,6,0.67
mNKN,3,2,5,0.6
mNKP,7,5,12,0.58
mNKS,0,2,2,0.0
mNKb,2,1,3,0.67
mNKl,1,0,1,1.0
mNKm,3,1,4,0.75
mNKn,7,2,9,0.78
mNKs,2,3,5,0.4
mNLB,9,13,22,0.41
mNLD,0,2,2,0.0
mNLL,2,7,9,0.22
mNLM,6,13,19,0.32
mNLN,15,17,32,0.47
mNLP,16,16,32,0.5
mNLS,6,8,14,0.43
mNLb,14,12,26,0.54
mNLh,4,3,7,0.57
mNLj,2,9,11,0.18
mNLl,3,3,6,0.5
mNLm,10,3,13,0.77
mNLn,18,28,46,0.39
mNLs,5,6,11,0.45
mNLt,5,1,6,0.83
mNMB,28,24,52,0.54
mNML,12,11,23,0.52
mNMM,25,28,53,0.47
mNMN,34,45,79,0.43
mNMP,42,49,91,0.46
mNMS,18,12,30,0.6
mNMb,31,37,68,0.46
mNMh,21,35,56,0.38
mNMj,5,14,19,0.26
mNMl,15,11,26,0.58
mNMm,32,35,67,0.48
mNMn,57,45,102,0.56
mNMs,25,16,41,0.61
mNMt,5,8,13,0.38
mNNB,30,28,58,0.52
mNND,2,3,5,0.4
mNNH,11,9,20,0.55
mNNI,1,0,1,1.0
mNNK,3,2,5,0.6
mNNL,17,6,23,0.74
mNNM,48,44,92,0.52
mNNN,54,79,133,0.41
mNNP,63,65,128,0.49
mNNS,33,34,67,0.49
mNNb,38,49,87,0.44
mNNh,16,14,30,0.53
mNNl,11,19,30,0.37
mNNm,40,21,61,0.66
mNNn,71,86,157,0.45
mNNs,37,34,71,0.52
mNNt,11,10,21,0.52
mNPB,41,40,81,0.51
mNPD,3,1,4,0.75
mNPH,21,25,46,0.46
mNPI,4,6,10,0.4
mNPK,5,6,11,0.45
mNPL,22,17,39,0.56
mNPM,54,54,108,0.5
mNPN,59,97,156,0.38
mNPP,89,96,185,0.48
mNPS,58,51,109,0.53
mNPb,54,55,109,0.5
mNPh,6,2,8,0.75
mNPl,27,26,53,0.51
mNPm,47,44,91,0.52
mNPn,70,75,145,0.48
mNPs,43,39,82,0.52
mNPt,6,4,10,0.6
mNSB,17,14,31,0.55
mNSD,2,5,7,0.29
mNSH,8,11,19,0.42
mNSI,1,0,1,1.0
mNSL,9,10,19,0.47
mNSM,23,22,45,0.51
mNSN,26,34,60,0.43
mNSP,49,39,88,0.56
mNSS,33,19,52,0.63
mNSb,18,25,43,0.42
mNSh,18,22,40,0.45
mNSl,12,7,19,0.63
mNSm,25,17,42,0.6
mNSn,38,41,79,0.48
mNSs,31,21,52,0.6
mNSt,1,9,10,0.1
mNbB,22,23,45,0.49
mNbD,4,3,7,0.57
mNbH,8,10,18,0.44
mNbI,4,2,6,0.67
mNbJ,8,5,13,0.62
mNbK,2,2,4,0.5
mNbL,16,6,22,0.73
mNbM,31,45,76,0.41
mNbN,58,53,111,0.52
mNbP,45,37,82,0.55
mNbS,18,24,42,0.43
mNbb,23,31,54,0.43
mNbl,11,6,17,0.65
mNbm,23,14,37,0.62
mNbn,38,31,69,0.55
mNbs,20,19,39,0.51
mNhB,6,5,11,0.55
mNhD,1,1,2,0.5
mNhH,3,1,4,0.75
mNhI,1,0,1,1.0
mNhK,0,0,0,
mNhL,2,2,4,0.5
mNhM,3,10,13,0.23
mNhN,8,5,13,0.62
mNhP,16,17,33,0.48
mNhS,7,9,16,0.44
mNhb,13,10,23,0.57
mNhh,8,10,18,0.44
mNhl,5,2,7,0.71
mNhm,6,4,10,0.6
mNhn,11,15,26,0.42
mNhs,7,9,16,0.44
mNht,1,3,4,0.25
mNlB,11,6,17,0.65
mNlD,1,0,1,1.0
mNlH,8,6,14,0.57
mNlI,1,2,3,0.33
mNlJ,3,6,9,0.33
mNlL,4,5,9,0.44
mNlM,14,19,33,0.42
mNlN,17,22,39,0.44
mNlP,20,16,36,0.56
mNlS,10,11,21,0.48
mNlb,14,15,29,0.48
mNll,3,8,11,0.27
mNlm,11,9,20,0.55
mNln,21,24,45,0.47
mNls,8,12,20,0.4
mNmB,23,23,46,0.5
mNmD,5,2,7,0.71
mNmH,33,19,52,0.63
mNmI,3,3,6,0.5
mNmJ,7,6,13,0.54
mNmK,1,0,1,1.0
mNmL,5,8,13,0.38
mNmM,28,27,55,0.51
mNmN,31,34,65,0.48
mNmP,47,32,79,0.59
mNmS,17,14,31,0.55
mNmb,31,25,56,0.55
mNml,4,8,12,0.33
mNmm,12,11,23,0.52
mNmn,40,36,76,0.53
mNms,8,11,19,0.42
mNnB,34,46,80,0.42
mNnD,11,12,23,0.48
mNnH,27,32,59,0.46
mNnI,9,6,15,0.6
mNnK,1,6,7,0.14
mNnL,23,21,44,0.52
mNnM,46,60,106,0.43
mNnN,82,83,165,0.5
mNnP,72,90,162,0.44
mNnS,40,33,73,0.55
mNnb,51,41,92,0.55
mNnh,1,2,3,0.33
mNnl,21,14,35,0.6
mNnm,44,37,81,0.54
mNnn,67,72,139,0.48
mNns,38,32,70,0.54
mNnt,0,1,1,0.0
mNsB,9,6,15,0.6
mNsD,5,2,7,0.71
mNsH,20,29,49,0.41
mNsI,5,3,8,0.62
mNsK,1,0,1,1.0
mNsL,6,10,16,0.38
mNsM,23,21,44,0.52
mNsN,17,32,49,0.35
mNsP,23,33,56,0.41
mNsS,27,30,57,0.47
mNsb,21,10,31,0.68
mNsh,2,1,3,0.67
mNsl,9,13,22,0.41
mNsm,21,22,43,0.49
mNsn,35,26,61,0.57
mNss,22,15,37,0.59
mNtB,1,9,10,0.1
mNtD,1,2,3,0.33
mNtH,3,7,10,0.3
mNtK,2,0,2,1.0
mNtL,4,1,5,0.8
mNtM,4,9,13,0.31
mNtN,16,9,25,0.64
mNtP,11,14,25,0.44
mNtS,6,8,14,0.43
mNtb,8,6,14,0.57
mNtl,2,3,5,0.4
mNtm,3,5,8,0.38
mNtn,9,6,15,0.6
mNts,4,2,6,0.67
mNtt,0,4,4,0.0
mPBB,35,25,60,0.58
mPBD,1,4,5,0.2
mPBK,0,1,1,0.0
mPBL,9,9,18,0.5
mPBM,30,23,53,0.57
mPBN,33,41,74,0.45
mPBP,42,47,89,0.47
mPBS,20,14,34,0.59
mPBb,38,29,67,0.57
mPBh,2,2,4,0.5
mPBj,9,11,20,0.45
mPBl,14,14,28,0.5
mPBm,40,19,59,0.68
mPBn,45,34,79,0.57
mPBs,15,10,25,0.6
mPBt,4,2,6,0.67
mPDB,1,2,3,0.33
mPDD,2,0,2,1.0
mPDH,5,1,6,0.83
mPDI,0,1,1,0.0
mPDM,4,4,8,0.5
mPDN,3,6,9,0.33
mPDP,7,4,11,0.64
mPDS,1,3,4,0.25
mPDb,2,3,5,0.4
mPDl,5,3,8,0.62
mPDm,3,3,6,0.5
mPDn,2,4,6,0.33
mPDs,2,4,6,0.33
mPDt,0,1,1,0.0
mPHB,8,9,17,0.47
mPHD,1,0,1,1.0
mPHH,4,3,7,0.57
mPHI,4,0,4,1.0
mPHK,2,3,5,0.4
mPHL,5,7,12,0.42
mPHM,17,9,26,0.65
mPHN,14,9,23,0.61
mPHP,11,23,34,0.32
mPHS,12,11,23,0.52
mPHb,10,10,20,0.5
mPHh,3,5,8,0.38
mPHl,5,2,7,0.71
mPHm,9,15,24,0.38
mPHn,17,10,27,0.63
mPHs,8,10,18,0.44
mPIB,2,2,4,0.5
mPIH,2,4,6,0.33
mPIL,4,2,6,0.67
mPIM,0,1,1,0.0
mPIN,3,6,9,0.33
mPIP,1,5,6,0.17
mPIS,3,0,3,1.0
mPIb,0,2,2,0.0
mPIl,0,1,1,0.0
mPIm,2,2,4,0.5
mPIn,6,1,7,0.86
mPIs,2,3,5,0.4
mPKB,2,1,3,0.67
mPKI,0,1,1,0.0
mPKL,2,0,2,1.0
mPKM,2,3,5,0.4
mPKN,2,6,8,0.25
mPKP,4,2,6,0.67
mPKS,0,2,2,0.0
mPKb,4,3,7,0.57
mPKh,4,2,6,0.67
mPKl,1,4,5,0.2
mPKm,3,4,7,0.43
mPKn,9,5,14,0.64
mPKs,1,0,1,1.0
mPLB,15,10,25,0.6
mPLD,1,1,2,0.5
mPLK,0,1,1,0.0
mPLL,7,8,15,0.47
mPLM,18,18,36,0.5
mPLN,12,13,25,0.48
mPLP,24,15,39,0.62
mPLS,16,12,28,0.57
mPLb,19,16,35,0.54
mPLh,7,8,15,0.47
mPLj,7,11,18,0.39
mPLl,8,10,18,0.44
mPLm,14,8,22,0.64
mPLn,20,30,50,0.4
mPLs,15,5,20,0.75
mPLt,3,1,4,0.75
mPMB,26,29,55,0.47
mPMD,7,2,9,0.78
mPMH,1,0,1,1.0
mPMI,1,0,1,1.0
mPML,10,15,25,0.4
mPMM,33,52,85,0.39
mPMN,35,40,75,0.47
mPMP,55,49,104,0.53
mPMS,19,28,47,0.4
mPMb,39,44,83,0.47
mPMh,48,47,95,0.51
mPMj,15,8,23,0.65
mPMl,22,28,50,0.44
mPMm,39,34,73,0.53
mPMn,61,68,129,0.47
mPMs,25,27,52,0.48
mPMt,5,4,9,0.56
mPNB,35,26,61,0.57
mPND,2,1,3,0.67
mPNH,8,5,13,0.62
mPNK,2,1,3,0.67
mPNL,13,22,35,0.37
mPNM,55,53,108,0.51
mPNN,50,53,103,0.49
mPNP,62,87,149,0.42
mPNS,24,36,60,0.4
mPNb,44,45,89,0.49
mPNh,11,13,24,0.46
mPNl,18,20,38,0.47
mPNm,49,29,78,0.63
mPNn,51,51,102,0.5
mPNs,34,23,57,0.6
mPNt,7,12,19,0.37
mPPB,52,49,101,0.51
mPPD,6,4,10,0.6
mPPH,18,13,31,0.58
mPPI,6,3,9,0.67
mPPK,9,6,15,0.6
mPPL,32,44,76,0.42
mPPM,61,84,145,0.42
mPPN,59,73,132,0.45
mPPP,96,111,207,0.46
mPPS,40,47,87,0.46
mPPb,75,64,139,0.54
mPPh,4,13,17,0.24
mPPl,45,25,70,0.64
mPPm,66,56,122,0.54
mPPn,62,44,106,0.58
mPPs,51,37,88,0.58
mPPt,8,9,17,0.47
mPSB,16,27,43,0.37
mPSD,2,3,5,0.4
mPSH,9,15,24,0.38
mPSK,2,0,2,1.0
mPSL,8,11,19,0.42
mPSM,20,22,42,0.48
mPSN,21,29,50,0.42
mPSP,49,31,80,0.61
mPSS,22,24,46,0.48
mPSb,20,19,39,0.51
mPSh,18,23,41,0.44
mPSl,8,23,31,0.26
mPSm,21,19,40,0.52
mPSn,30,37,67,0.45
mPSs,18,21,39,0.46
mPSt,3,5,8,0.38
mPbB,41,47,88,0.47
mPbD,2,4,6,0.33
mPbH,17,12,29,0.59
mPbI,6,4,10,0.6
mPbJ,14,5,19,0.74
mPbK,0,2,2,0.0
mPbL,12,13,25,0.48
mPbM,48,34,82,0.59
mPbN,56,52,108,0.52
mPbP,57,63,120,0.48
mPbS,25,22,47,0.53
mPbb,44,53,97,0.45
mPbl,20,17,37,0.54
mPbm,38,37,75,0.51
mPbn,38,41,79,0.48
mPbs,12,19,31,0.39
mPhB,4,1,5,0.8
mPhD,0,1,1,0.0
mPhH,0,2,2,0.0
mPhL,1,3,4,0.25
mPhM,3,6,9,0.33
mPhN,4,5,9,0.44
mPhP,4,8,12,0.33
mPhS,2,2,4,0.5
mPhb,4,3,7,0.57
mPhh,1,4,5,0.2
mPhl,2,2,4,0.5
mPhm,1,3,4,0.25
mPhn,3,8,11,0.27
mPhs,1,1,2,0.5
mPht,2,1,3,0.67
mPlB,11,13,24,0.46
mPlD,2,0,2,1.0
mPlH,10,12,22,0.45
mPlI,1,1,2,0.5
mPlJ,2,6,8,0.25
mPlK,0,1,1,0.0
mPlL,4,12,16,0.25
mPlM,15,21,36,0.42
mPlN,21,22,43,0.49
mPlP,25,25,50,0.5
mPlS,16,9,25,0.64
mPlb,29,17,46,0.63
mPll,6,8,14,0.43
mPlm,27,16,43,0.63
mPln,20,24,44,0.45
mPls,6,10,16,0.38
mPmB,29,23,52,0.56
mPmD,5,0,5,1.0
mPmH,17,20,37,0.46
mPmI,1,4,5,0.2
mPmJ,11,11,22,0.5
mPmL,21,10,31,0.68
mPmM,30,29,59,0.51
mPmN,32,43,75,0.43
mPmP,34,46,80,0.42
mPmS,14,13,27,0.52
mPmb,37,35,72,0.51
mPml,9,7,16,0.56
mPmm,27,20,47,0.57
mPmn,28,28,56,0.5
mPms,16,20,36,0.44
mPnB,41,32,73,0.56
mPnD,6,4,10,0.6
mPnH,23,23,46,0.5
mPnI,5,13,18,0.28
mPnK,4,4,8,0.5
mPnL,25,23,48,0.52
mPnM,49,47,96,0.51
mPnN,62,51,113,0.55
mPnP,68,71,139,0.49
mPnS,33,29,62,0.53
mPnb,35,44,79,0.44
mPnh,1,2,3,0.33
mPnl,21,16,37,0.57
mPnm,29,28,57,0.51
mPnn,54,50,104,0.52
mPns,35,31,66,0.53
mPsB,13,22,35,0.37
mPsD,6,3,9,0.67
mPsH,17,26,43,0.4
mPsI,4,1,5,0.8
mPsK,0,0,0,
mPsL,7,8,15,0.47
mPsM,32,23,55,0.58
mPsN,25,25,50,0.5
mPsP,22,28,50,0.44
mPsS,18,35,53,0.34
mPsb,20,19,39,0.51
mPsh,0,2,2,0.0
mPsl,14,13,27,0.52
mPsm,25,15,40,0.62
mPsn,18,24,42,0.43
mPss,11,19,30,0.37
mPst,1,0,1,1.0
mPtB,4,4,8,0.5
mPtD,1,1,2,0.5
mPtH,1,4,5,0.2
mPtK,2,0,2,1.0
mPtL,2,5,7,0.29
mPtM,5,6,11,0.45
mPtN,3,5,8,0.38
mPtP,4,4,8,0.5
mPtS,4,4,8,0.5
mPtb,9,2,11,0.82
mPtl,2,2,4,0.5
mPtm,7,3,10,0.7
mPtn,9,4,13,0.69
mPts,7,4,11,0.64
mPtt,1,1,2,0.5
mSBB,5,10,15,0.33
mSBD,0,1,1,0.0
mSBH,0,1,1,0.0
mSBK,1,0,1,1.0
mSBL,5,3,8,0.62
mSBM,7,9,16,0.44
mSBN,14,14,28,0.5
mSBP,24,13,37,0.65
mSBS,8,8,16,0.5
mSBb,16,10,26,0.62
mSBh,2,4,6,0.33
mSBj,4,4,8,0.5
mSBl,10,6,16,0.62
mSBm,13,7,20,0.65
mSBn,22,21,43,0.51
mSBs,8,6,14,0.57
mSBt,3,4,7,0.43
mSDB,3,1,4,0.75
mSDD,2,0,2,1.0
mSDH,0,5,5,0.0
mSDL,0,0,0,
mSDM,1,0,1,1.0
mSDN,0,1,1,0.0
mSDP,3,0,3,1.0
mSDS,3,1,4,0.75
mSDm,1,0,1,1.0
mSDn,5,0,5,1.0
mSDs,1,1,2,0.5
mSDt,0,1,1,0.0
mSHB,3,5,8,0.38
mSHH,2,1,3,0.67
mSHK,0,1,1,0.0
mSHL,4,1,5,0.8
mSHM,2,4,6,0.33
mSHN,1,2,3,0.33
mSHP,7,5,12,0.58
mSHS,10,6,16,0.62
mSHb,7,7,14,0.5
mSHh,1,2,3,0.33
mSHl,3,5,8,0.38
mSHm,1,8,9,0.11
mSHn,4,9,13,0.31
mSHs,5,5,10,0.5
mSIN,0,1,1,0.0
mSIm,1,0,1,1.0
mSKH,1,0,1,1.0
mSKL,1,0,1,1.0
mSKM,1,0,1,1.0
mSKP,0,2,2,0.0
mSKS,0,1,1,0.0
mSKn,2,2,4,0.5
mSLB,3,8,11,0.27
mSLD,0,0,0,
mSLK,0,1,1,0.0
mSLL,1,0,1,1.0
mSLM,6,5,11,0.55
mSLN,5,5,10,0.5
mSLP,8,9,17,0.47
mSLS,2,7,9,0.22
mSLb,3,2,5,0.6
mSLh,2,4,6,0.33
mSLj,3,2,5,0.6
mSLl,6,2,8,0.75
mSLm,5,2,7,0.71
mSLn,6,5,11,0.55
mSLs,4,7,11,0.36
mSLt,1,2,3,0.33
mSMB,14,19,33,0.42
mSMD,2,3,5,0.4
mSML,4,9,13,0.31
mSMM,16,18,34,0.47
mSMN,13,20,33,0.39
mSMP,22,19,41,0.54
mSMS,11,17,28,0.39
mSMb,26,16,42,0.62
mSMh,10,15,25,0.4
mSMj,5,6,11,0.45
mSMl,8,5,13,0.62
mSMm,15,11,26,0.58
mSMn,22,25,47,0.47
mSMs,9,12,21,0.43
mSMt,1,2,3,0.33
mSNB,13,12,25,0.52
mSND,1,2,3,0.33
mSNH,2,1,3,0.67
mSNK,2,3,5,0.4
mSNL,5,6,11,0.45
mSNM,18,23,41,0.44
mSNN,21,27,48,0.44
mSNP,35,22,57,0.61
mSNS,13,19,32,0.41
mSNb,18,10,28,0.64
mSNh,3,8,11,0.27
mSNl,9,8,17,0.53
mSNm,11,9,20,0.55
mSNn,27,37,64,0.42
mSNs,12,14,26,0.46
mSNt,5,1,6,0.83
mSPB,27,20,47,0.57
mSPD,2,2,4,0.5
mSPH,1,10,11,0.09
mSPI,1,2,3,0.33
mSPK,2,4,6,0.33
mSPL,16,13,29,0.55
mSPM,24,39,63,0.38
mSPN,37,20,57,0.65
mSPP,40,41,81,0.49
mSPS,22,26,48,0.46
mSPb,30,27,57,0.53
mSPh,5,1,6,0.83
mSPl,15,8,23,0.65
mSPm,21,15,36,0.58
mSPn,32,25,57,0.56
mSPs,20,22,42,0.48
mSPt,9,5,14,0.64
mSSB,8,11,19,0.42
mSSD,1,1,2,0.5
mSSH,3,6,9,0.33
mSSK,0,2,2,0.0
mSSL,3,4,7,0.43
mSSM,22,20,42,0.52
mSSN,15,13,28,0.54
mSSP,34,14,48,0.71
mSSS,19,27,46,0.41
mSSb,16,8,24,0.67
mSSh,13,12,25,0.52
mSSl,5,14,19,0.26
mSSm,10,16,26,0.38
mSSn,16,14,30,0.53
mSSs,28,23,51,0.55
mSSt,1,4,5,0.2
mSbB,16,8,24,0.67
mSbD,2,2,4,0.5
mSbH,7,7,14,0.5
mSbI,4,2,6,0.67
mSbJ,3,5,8,0.38
mSbK,2,1,3,0.67
mSbL,6,3,9,0.67
mSbM,9,19,28,0.32
mSbN,29,27,56,0.52
mSbP,26,24,50,0.52
mSbS,10,21,31,0.32
mSbb,17,18,35,0.49
mSbl,11,5,16,0.69
mSbm,10,6,16,0.62
mSbn,23,16,39,0.59
mSbs,6,8,14,0.43
mShB,4,8,12,0.33
mShD,1,1,2,0.5
mShH,3,4,7,0.43
mShI,1,1,2,0.5
mShL,3,2,5,0.6
mShM,10,15,25,0.4
mShN,4,16,20,0.2
mShP,13,7,20,0.65
mShS,11,8,19,0.58
mShb,9,13,22,0.41
mShh,16,12,28,0.57
mShl,5,3,8,0.62
mShm,14,8,22,0.64
mShn,16,15,31,0.52
mShs,9,9,18,0.5
mSht,0,3,3,0.0
mSlB,3,5,8,0.38
mSlD,1,0,1,1.0
mSlH,3,7,10,0.3
mSlI,0,0,0,
mSlJ,3,1,4,0.75
mSlK,1,0,1,1.0
mSlL,5,3,8,0.62
mSlM,6,10,16,0.38
mSlN,7,9,16,0.44
mSlP,16,10,26,0.62
mSlS,6,4,10,0.6
mSlb,9,8,17,0.53
mSll,7,2,9,0.78
mSlm,5,6,11,0.45
mSln,4,7,11,0.36
mSls,3,5,8,0.38
mSmB,11,13,24,0.46
mSmD,2,2,4,0.5
mSmH,11,10,21,0.52
mSmI,2,2,4,0.5
mSmJ,3,2,5,0.6
mSmK,0,1,1,0.0
mSmL,2,5,7,0.29
mSmM,15,14,29,0.52
mSmN,18,19,37,0.49
mSmP,17,13,30,0.57
mSmS,8,14,22,0.36
mSmb,16,23,39,0.41
mSml,4,7,11,0.36
mSmm,15,6,21,0.71
mSmn,15,26,41,0.37
mSms,8,3,11,0.73
mSnB,9,19,28,0.32
mSnD,4,3,7,0.57
mSnH,11,22,33,0.33
mSnI,2,2,4,0.5
mSnK,0,2,2,0.0
mSnL,7,8,15,0.47
mSnM,22,25,47,0.47
mSnN,40,32,72,0.56
mSnP,32,44,76,0.42
mSnS,25,22,47,0.53
mSnb,21,24,45,0.47
mSnh,0,0,0,
mSnl,13,8,21,0.62
mSnm,21,24,45,0.47
mSnn,32,26,58,0.55
mSns,17,19,36,0.47
mSsB,11,10,21,0.52
mSsD,3,1,4,0.75
mSsH,15,19,34,0.44
mSsI,4,1,5,0.8
mSsK,1,1,2,0.5
mSsL,8,4,12,0.67
mSsM,20,19,39,0.51
mSsN,17,28,45,0.38
mSsP,23,25,48,0.48
mSsS,25,22,47,0.53
mSsb,24,22,46,0.52
mSsh,0,1,1,0.0
mSsl,6,7,13,0.46
mSsm,19,13,32,0.59
mSsn,9,22,31,0.29
mSss,21,22,43,0.49
mSst,1,0,1,1.0
mStB,4,5,9,0.44
mStH,0,2,2,0.0
mStI,1,0,1,1.0
mStL,3,4,7,0.43
mStM,4,10,14,0.29
mStN,7,7,14,0.5
mStP,7,3,10,0.7
mStS,4,5,9,0.44
mStb,1,3,4,0.25
mStl,1,2,3,0.33
mStm,7,2,9,0.78
mStn,4,2,6,0.67
mSts,4,0,4,1.0
mStt,2,1,3,0.67
mbBB,30,24,54,0.56
mbBD,0,2,2,0.0
mbBH,0,1,1,0.0
mbBK,1,3,4,0.25
mbBL,14,6,20,0.7
mbBM,23,34,57,0.4
mbBN,35,38,73,0.48
mbBP,44,33,77,0.57
mbBS,15,20,35,0.43
mbBb,32,27,59,0.54
mbBh,3,6,9,0.33
mbBj,10,17,27,0.37
mbBl,9,12,21,0.43
mbBm,20,14,34,0.59
mbBn,56,49,105,0.53
mbBs,16,12,28,0.57
mbBt,7,4,11,0.64
mbDB,4,0,4,1.0
mbDH,3,1,4,0.75
mbDI,1,0,1,1.0
mbDL,2,0,2,1.0
mbDN,1,2,3,0.33
mbDP,6,1,7,0.86
mbDS,2,1,3,0.67
mbDb,3,3,6,0.5
mbDl,0,1,1,0.0
mbDm,1,2,3,0.33
mbDn,0,1,1,0.0
mbDs,2,1,3,0.67
mbDt,2,0,2,1.0
mbHB,6,9,15,0.4
mbHD,1,0,1,1.0
mbHH,4,1,5,0.8
mbHI,0,0,0,
mbHK,0,4,4,0.0
mbHL,3,7,10,0.3
mbHM,6,13,19,0.32
mbHN,13,8,21,0.62
mbHP,19,13,32,0.59
mbHS,7,6,13,0.54
mbHb,11,3,14,0.79
mbHh,3,1,4,0.75
mbHl,4,4,8,0.5
mbHm,8,3,11,0.73
mbHn,8,12,20,0.4
mbHs,2,6,8,0.25
mbIB,1,0,1,1.0
mbIH,1,3,4,0.25
mbII,1,1,2,0.5
mbIL,3,1,4,0.75
mbIM,6,1,7,0.86
mbIN,7,4,11,0.64
mbIP,1,9,10,0.1
mbIS,2,5,7,0.29
mbIb,4,0,4,1.0
mbIl,1,0,1,1.0
mbIm,2,0,2,1.0
mbIn,3,3,6,0.5
mbIs,1,1,2,0.5
mbJB,10,11,21,0.48
mbJD,0,0,0,
mbJH,3,4,7,0.43
mbJI,1,0,1,1.0
mbJK,1,2,3,0.33
mbJL,5,3,8,0.62
mbJM,8,10,18,0.44
mbJN,12,13,25,0.48
mbJP,16,12,28,0.57
mbJS,7,4,11,0.64
mbJb,12,10,22,0.55
mbJh,3,3,6,0.5
mbJl,6,4,10,0.6
mbJm,5,7,12,0.42
mbJn,7,8,15,0.47
mbJs,1,5,6,0.17
mbJt,1,1,2,0.5
mbKB,1,0,1,1.0
mbKD,0,1,1,0.0
mbKL,0,3,3,0.0
mbKM,4,4,8,0.5
mbKN,2,2,4,0.5
mbKP,6,1,7,0.86
mbKS,1,1,2,0.5
mbKb,0,1,1,0.0
mbKh,2,2,4,0.5
mbKl,1,1,2,0.5
mbKm,3,3,6,0.5
mbKn,4,2,6,0.67
mbKs,3,0,3,1.0
mbLB,7,11,18,0.39
mbLD,1,1,2,0.5
mbLK,0,1,1,0.0
mbLL,5,5,10,0.5
mbLM,12,11,23,0.52
mbLN,11,6,17,0.65
mbLP,11,18,29,0.38
mbLS,5,6,11,0.45
mbLb,4,10,14,0.29
mbLh,3,7,10,0.3
mbLj,4,6,10,0.4
mbLl,6,8,14,0.43
mbLm,11,11,22,0.5
mbLn,15,17,32,0.47
mbLs,3,11,14,0.21
mbLt,2,3,5,0.4
mbMB,30,23,53,0.57
mbMD,2,5,7,0.29
mbMH,1,0,1,1.0
mbML,6,7,13,0.46
mbMM,30,40,70,0.43
mbMN,33,35,68,0.49
mbMP,39,38,77,0.51
mbMS,17,17,34,0.5
mbMb,30,33,63,0.48
mbMh,19,27,46,0.41
mbMj,11,8,19,0.58
mbMl,17,9,26,0.65
mbMm,30,12,42,0.71
mbMn,59,47,106,0.56
mbMs,13,15,28,0.46
mbMt,2,6,8,0.25
mbNB,36,34,70,0.51
mbND,4,3,7,0.57
mbNH,3,6,9,0.33
mbNK,2,1,3,0.67
mbNL,16,16,32,0.5
mbNM,49,47,96,0.51
mbNN,53,48,101,0.52
mbNP,79,61,140,0.56
mbNS,18,24,42,0.43
mbNb,45,42,87,0.52
mbNh,18,12,30,0.6
mbNl,19,19,38,0.5
mbNm,41,31,72,0.57
mbNn,62,51,113,0.55
mbNs,17,26,43,0.4
mbNt,12,9,21,0.57
mbPB,43,39,82,0.52
mbPD,3,4,7,0.43
mbPH,9,16,25,0.36
mbPI,3,1,4,0.75
mbPK,7,6,13,0.54
mbPL,15,20,35,0.43
mbPM,40,57,97,0.41
mbPN,42,54,96,0.44
mbPP,85,65,150,0.57
mbPS,27,19,46,0.59
mbPb,47,37,84,0.56
mbPh,5,6,11,0.45
mbPl,26,16,42,0.62
mbPm,39,31,70,0.56
mbPn,47,46,93,0.51
mbPs,19,25,44,0.43
mbPt,2,5,7,0.29
mbSB,4,9,13,0.31
mbSD,1,3,4,0.25
mbSH,10,4,14,0.71
mbSK,1,0,1,1.0
mbSL,4,5,9,0.44
mbSM,18,12,30,0.6
mbSN,16,16,32,0.5
mbSP,18,13,31,0.58
mbSS,19,13,32,0.59
mbSb,18,11,29,0.62
mbSh,9,8,17,0.53
mbSl,3,4,7,0.43
mbSm,8,15,23,0.35
mbSn,23,20,43,0.53
mbSs,9,11,20,0.45
mbSt,4,2,6,0.67
mbbB,48,45,93,0.52
mbbD,4,1,5,0.8
mbbH,9,6,15,0.6
mbbI,2,3,5,0.4
mbbJ,10,8,18,0.56
mbbK,3,2,5,0.6
mbbL,9,7,16,0.56
mbbM,37,43,80,0.46
mbbN,55,39,94,0.59
mbbP,52,39,91,0.57
mbbS,23,14,37,0.62
mbbb,53,41,94,0.56
mbbl,11,6,17,0.65
mbbm,21,15,36,0.58
mbbn,48,48,96,0.5
mbbs,11,9,20,0.55
mblB,13,8,21,0.62
mblD,2,0,2,1.0
mblH,14,4,18,0.78
mblI,4,1,5,0.8
mblJ,1,3,4,0.25
mblL,3,6,9,0.33
mblM,14,7,21,0.67
mblN,16,9,25,0.64
mblP,23,9,32,0.72
mblS,4,6,10,0.4
mblb,18,15,33,0.55
mbll,3,4,7,0.43
mblm,9,1,10,0.9
mbln,10,7,17,0.59
mbls,8,3,11,0.73
mbmB,14,25,39,0.36
mbmD,1,0,1,1.0
mbmH,16,10,26,0.62
mbmI,2,1,3,0.67
mbmJ,3,3,6,0.5
mbmL,10,11,21,0.48
mbmM,21,27,48,0.44
mbmN,35,30,65,0.54
mbmP,28,25,53,0.53
mbmS,14,15,29,0.48
mbmb,30,19,49,0.61
mbml,5,4,9,0.56
mbmm,16,10,26,0.62
mbmn,28,24,52,0.54
mbms,7,9,16,0.44
mbnB,34,26,60,0.57
mbnD,3,1,4,0.75
mbnH,24,19,43,0.56
mbnI,0,2,2,0.0
mbnK,2,2,4,0.5
mbnL,14,10,24,0.58
mbnM,35,35,70,0.5
mbnN,49,45,94,0.52
mbnP,68,45,113,0.6
mbnS,23,14,37,0.62
mbnb,41,40,81,0.51
mbnh,0,1,1,0.0
mbnl,10,8,18,0.56
mbnm,23,16,39,0.59
mbnn,45,43,88,0.51
mbns,14,18,32,0.44
mbsB,5,10,15,0.33
mbsH,13,12,25,0.52
mbsI,2,1,3,0.67
mbsL,5,2,7,0.71
mbsM,13,12,25,0.52
mbsN,14,6,20,0.7
mbsP,12,25,37,0.32
mbsS,10,6,16,0.62
mbsb,9,11,20,0.45
mbsl,8,6,14,0.57
mbsm,11,6,17,0.65
mbsn,10,9,19,0.53
mbss,7,3,10,0.7
mhIP,1,0,1,1.0
mhMs,1,0,1,1.0
mhSP,1,0,1,1.0
mhSh,0,0,0,
mhbm,0,1,1,0.0
mhhM,0,1,1,0.0
mhhP,1,0,1,1.0
mhmN,0,1,1,0.0
mhnS,1,0,1,1.0
mhnl,1,0,1,1.0
mhnm,1,0,1,1.0
mhnn,0,1,1,0.0
mhsN,1,0,1,1.0
mhsS,0,2,2,0.0
mhsl,1,1,2,0.5
mlBB,9,6,15,0.6
mlBD,1,0,1,1.0
mlBH,0,1,1,0.0
mlBK,0,2,2,0.0
mlBL,6,9,15,0.4
mlBM,11,13,24,0.46
mlBN,14,12,26,0.54
mlBP,8,15,23,0.35
mlBS,5,4,9,0.56
mlBb,7,8,15,0.47
mlBj,1,4,5,0.2
mlBl,5,0,5,1.0
mlBm,10,9,19,0.53
mlBn,18,12,30,0.6
mlBs,6,7,13,0.46
mlBt,2,2,4,0.5
mlDH,0,1,1,0.0
mlDN,0,0,0,
mlDP,1,2,3,0.33
mlDS,0,2,2,0.0
mlDb,1,1,2,0.5
mlDn,1,1,2,0.5
mlDt,1,1,2,0.5
mlHB,7,3,10,0.7
mlHD,2,0,2,1.0
mlHH,1,2,3,0.33
mlHI,1,0,1,1.0
mlHK,0,1,1,0.0
mlHL,3,2,5,0.6
mlHM,4,7,11,0.36
mlHN,9,7,16,0.56
mlHP,6,11,17,0.35
mlHS,11,4,15,0.73
mlHb,5,5,10,0.5
mlHh,1,4,5,0.2
mlHl,0,1,1,0.0
mlHm,4,2,6,0.67
mlHn,6,11,17,0.35
mlHs,2,0,2,1.0
mlHt,1,0,1,1.0
mlIB,1,1,2,0.5
mlIH,1,0,1,1.0
mlII,0,0,0,
mlIL,0,1,1,0.0
mlIM,0,0,0,
mlIN,1,1,2,0.5
mlIP,0,1,1,0.0
mlIS,1,0,1,1.0
mlIb,1,0,1,1.0
mlIm,1,0,1,1.0
mlIn,2,1,3,0.67
mlIs,1,0,1,1.0
mlJB,3,2,5,0.6
mlJH,1,4,5,0.2
mlJK,0,1,1,0.0
mlJL,2,2,4,0.5
mlJM,2,2,4,0.5
mlJN,1,3,4,0.25
mlJP,4,1,5,0.8
mlJS,2,1,3,0.67
mlJb,3,1,4,0.75
mlJl,0,3,3,0.0
mlJm,2,3,5,0.4
mlJn,2,3,5,0.4
mlJs,2,2,4,0.5
mlKB,0,1,1,0.0
mlKL,0,1,1,0.0
mlKb,1,0,1,1.0
mlKm,1,1,2,0.5
mlKs,0,1,1,0.0
mlLB,7,6,13,0.54
mlLL,2,1,3,0.67
mlLM,3,7,10,0.3
mlLN,5,4,9,0.56
mlLP,9,5,14,0.64
mlLS,5,5,10,0.5
mlLb,6,3,9,0.67
mlLh,1,3,4,0.25
mlLj,1,0,1,1.0
mlLl,2,3,5,0.4
mlLm,3,3,6,0.5
mlLn,9,4,13,0.69
mlLs,5,5,10,0.5
mlLt,1,1,2,0.5
mlMB,5,7,12,0.42
mlMD,1,1,2,0.5
mlMK,1,0,1,1.0
mlML,3,2,5,0.6
mlMM,10,11,21,0.48
mlMN,13,8,21,0.62
mlMP,18,16,34,0.53
mlMS,7,4,11,0.64
mlMb,13,7,20,0.65
mlMh,15,5,20,0.75
mlMj,3,3,6,0.5
mlMl,8,5,13,0.62
mlMm,8,10,18,0.44
mlMn,18,11,29,0.62
mlMs,5,4,9,0.56
mlMt,0,2,2,0.0
mlNB,7,12,19,0.37
mlND,3,1,4,0.75
mlNH,2,2,4,0.5
mlNL,4,3,7,0.57
mlNM,14,13,27,0.52
mlNN,15,19,34,0.44
mlNP,29,31,60,0.48
mlNS,8,2,10,0.8
mlNb,14,14,28,0.5
mlNh,4,1,5,0.8
mlNl,4,2,6,0.67
mlNm,12,8,20,0.6
mlNn,24,15,39,0.62
mlNs,4,7,11,0.36
mlNt,2,3,5,0.4
mlPB,16,19,35,0.46
mlPD,0,1,1,0.0
mlPH,3,2,5,0.6
mlPK,1,1,2,0.5
mlPL,9,6,15,0.6
mlPM,21,19,40,0.52
mlPN,13,12,25,0.52
mlPP,27,26,53,0.51
mlPS,8,13,21,0.38
mlPb,15,10,25,0.6
mlPh,2,1,3,0.67
mlPl,12,5,17,0.71
mlPm,12,5,17,0.71
mlPn,15,21,36,0.42
mlPs,8,6,14,0.57
mlSB,7,7,14,0.5
mlSD,0,1,1,0.0
mlSH,0,2,2,0.0
mlSI,0,1,1,0.0
mlSL,2,4,6,0.33
mlSM,3,4,7,0.43
mlSN,12,7,19,0.63
mlSP,6,7,13,0.46
mlSS,5,3,8,0.62
mlSb,8,4,12,0.67
mlSh,4,8,12,0.33
mlSl,3,1,4,0.75
mlSm,2,6,8,0.25
mlSn,5,7,12,0.42
mlSs,6,11,17,0.35
mlSt,3,0,3,1.0
mlbB,11,13,24,0.46
mlbD,0,0,0,
mlbH,4,3,7,0.57
mlbI,1,0,1,1.0
mlbJ,4,6,10,0.4
mlbK,1,0,1,1.0
mlbL,6,4,10,0.6
mlbM,17,20,37,0.46
mlbN,17,11,28,0.61
mlbP,12,19,31,0.39
mlbS,4,6,10,0.4
mlbb,15,13,28,0.54
mlbl,5,1,6,0.83
mlbm,7,4,11,0.64
mlbn,15,10,25,0.6
mlbs,4,1,5,0.8
mllB,3,5,8,0.38
mllD,0,1,1,0.0
mllH,1,4,5,0.2
mllJ,1,1,2,0.5
mllL,2,2,4,0.5
mllM,4,4,8,0.5
mllN,6,2,8,0.75
mllP,5,6,11,0.45
mllS,1,6,7,0.14
mllb,6,6,12,0.5
mlll,1,2,3,0.33
mllm,1,2,3,0.33
mlln,1,3,4,0.25
mlls,2,3,5,0.4
mlmB,6,7,13,0.46
mlmD,2,1,3,0.67
mlmH,2,2,4,0.5
mlmI,1,1,2,0.5
mlmJ,2,3,5,0.4
mlmL,2,2,4,0.5
mlmM,16,3,19,0.84
mlmN,11,14,25,0.44
mlmP,9,11,20,0.45
mlmS,3,7,10,0.3
mlmb,11,6,17,0.65
mlml,2,5,7,0.29
mlmm,7,6,13,0.54
mlmn,6,8,14,0.43
mlms,3,2,5,0.6
mlnB,7,6,13,0.54
mlnD,0,0,0,
mlnH,5,5,10,0.5
mlnI,2,2,4,0.5
mlnL,2,2,4,0.5
mlnM,8,12,20,0.4
mlnN,14,12,26,0.54
mlnP,20,15,35,0.57
mlnS,2,9,11,0.18
mlnb,10,3,13,0.77
mlnl,8,2,10,0.8
mlnm,7,8,15,0.47
mlnn,10,10,20,0.5
mlns,4,7,11,0.36
mlsB,1,4,5,0.2
mlsD,1,1,2,0.5
mlsH,2,3,5,0.4
mlsM,8,6,14,0.57
mlsN,10,6,16,0.62
mlsP,7,8,15,0.47
mlsS,6,1,7,0.86
mlsb,4,5,9,0.44
mlsh,1,0,1,1.0
mlsl,3,2,5,0.6
mlsm,5,4,9,0.56
mlsn,0,5,5,0.0
mlss,2,3,5,0.4
mmBB,19,15,34,0.56
mmBD,1,2,3,0.33
mmBK,0,4,4,0.0
mmBL,9,5,14,0.64
mmBM,19,15,34,0.56
mmBN,24,27,51,0.47
mmBP,31,27,58,0.53
mmBS,10,16,26,0.38
mmBb,22,17,39,0.56
mmBh,2,3,5,0.4
mmBj,4,4,8,0.5
mmBl,3,5,8,0.38
mmBm,21,14,35,0.6
mmBn,39,34,73,0.53
mmBs,8,7,15,0.53
mmBt,3,5,8,0.38
mmDB,0,2,2,0.0
mmDD,1,1,2,0.5
mmDH,2,2,4,0.5
mmDL,1,0,1,1.0
mmDM,2,2,4,0.5
mmDN,1,0,1,1.0
mmDP,0,3,3,0.0
mmDS,1,4,5,0.2
mmDb,0,2,2,0.0
mmDl,2,0,2,1.0
mmDm,2,3,5,0.4
mmDn,3,2,5,0.6
mmDs,1,1,2,0.5
mmDt,0,1,1,0.0
mmHB,10,9,19,0.53
mmHD,1,1,2,0.5
mmHH,2,2,4,0.5
mmHK,1,1,2,0.5
mmHL,6,7,13,0.46
mmHM,15,14,29,0.52
mmHN,13,18,31,0.42
mmHP,29,18,47,0.62
mmHS,6,11,17,0.35
mmHb,14,12,26,0.54
mmHh,3,5,8,0.38
mmHl,5,4,9,0.56
mmHm,12,12,24,0.5
mmHn,23,20,43,0.53
mmHs,4,9,13,0.31
mmHt,3,0,3,1.0
mmIB,2,0,2,1.0
mmIM,2,4,6,0.33
mmIN,3,1,4,0.75
mmIP,2,4,6,0.33
mmIS,1,1,2,0.5
mmIb,2,0,2,1.0
mmIl,0,2,2,0.0
mmIm,2,2,4,0.5
mmIn,4,2,6,0.67
mmIs,6,0,6,1.0
mmJB,4,5,9,0.44
mmJH,2,2,4,0.5
mmJI,1,0,1,1.0
mmJK,0,1,1,0.0
mmJL,3,1,4,0.75
mmJM,3,6,9,0.33
mmJN,7,7,14,0.5
mmJP,4,9,13,0.31
mmJS,1,4,5,0.2
mmJb,5,4,9,0.56
mmJl,3,1,4,0.75
mmJm,2,0,2,1.0
mmJn,3,5,8,0.38
mmJs,3,0,3,1.0
mmJt,0,1,1,0.0
mmKM,1,0,1,1.0
mmKP,0,1,1,0.0
mmKS,0,1,1,0.0
mmKl,0,1,1,0.0
mmLB,2,6,8,0.25
mmLD,0,1,1,0.0
mmLK,0,1,1,0.0
mmLL,0,4,4,0.0
mmLM,8,7,15,0.53
mmLN,9,8,17,0.53
mmLP,10,4,14,0.71
mmLS,7,4,11,0.64
mmLb,10,4,14,0.71
mmLh,4,9,13,0.31
mmLj,2,4,6,0.33
mmLl,3,3,6,0.5
mmLm,6,7,13,0.46
mmLn,14,9,23,0.61
mmLs,5,3,8,0.62
mmLt,1,1,2,0.5
mmMB,14,20,34,0.41
mmMD,3,1,4,0.75
mmML,4,4,8,0.5
mmMM,16,25,41,0.39
mmMN,25,28,53,0.47
mmMP,25,28,53,0.47
mmMS,9,14,23,0.39
mmMb,14,20,34,0.41
mmMh,21,11,32,0.66
mmMj,10,11,21,0.48
mmMl,3,11,14,0.21
mmMm,20,16,36,0.56
mmMn,32,33,65,0.49
mmMs,14,16,30,0.47
mmMt,5,6,11,0.45
mmNB,18,13,31,0.58
mmND,3,4,7,0.43
mmNH,6,3,9,0.67
mmNK,4,1,5,0.8
mmNL,6,5,11,0.55
mmNM,25,30,55,0.45
mmNN,55,47,102,0.54
mmNP,42,36,78,0.54
mmNS,13,22,35,0.37
mmNb,27,27,54,0.5
mmNh,7,8,15,0.47
mmNl,12,13,25,0.48
mmNm,21,21,42,0.5
mmNn,50,42,92,0.54
mmNs,12,16,28,0.43
mmNt,5,3,8,0.62
mmPB,30,13,43,0.7
mmPD,2,4,6,0.33
mmPH,11,8,19,0.58
mmPI,3,1,4,0.75
mmPK,2,1,3,0.67
mmPL,6,13,19,0.32
mmPM,34,35,69,0.49
mmPN,41,19,60,0.68
mmPP,44,30,74,0.59
mmPS,19,22,41,0.46
mmPb,32,24,56,0.57
mmPh,2,2,4,0.5
mmPl,6,19,25,0.24
mmPm,22,24,46,0.48
mmPn,33,30,63,0.52
mmPs,13,13,26,0.5
mmPt,6,3,9,0.67
mmSB,8,4,12,0.67
mmSD,1,2,3,0.33
mmSH,9,4,13,0.69
mmSK,1,1,2,0.5
mmSL,6,1,7,0.86
mmSM,9,10,19,0.47
mmSN,12,17,29,0.41
mmSP,13,22,35,0.37
mmSS,14,6,20,0.7
mmSb,19,12,31,0.61
mmSh,8,6,14,0.57
mmSl,8,5,13,0.62
mmSm,7,7,14,0.5
mmSn,20,11,31,0.65
mmSs,8,6,14,0.57
mmSt,3,1,4,0.75
mmbB,26,34,60,0.43
mmbD,1,1,2,0.5
mmbH,7,10,17,0.41
mmbI,4,3,7,0.57
mmbJ,5,7,12,0.42
mmbK,1,1,2,0.5
mmbL,8,6,14,0.57
mmbM,23,32,55,0.42
mmbN,42,33,75,0.56
mmbP,25,33,58,0.43
mmbS,9,8,17,0.53
mmbb,29,25,54,0.54
mmbl,5,9,14,0.36
mmbm,29,9,38,0.76
mmbn,22,28,50,0.44
mmbs,7,6,13,0.54
mmhM,0,1,1,0.0
mmhh,0,0,0,
mmhn,1,0,1,1.0
mmlB,9,7,16,0.56
mmlH,6,1,7,0.86
mmlJ,0,1,1,0.0
mmlK,1,0,1,1.0
mmlL,2,1,3,0.67
mmlM,7,7,14,0.5
mmlN,7,6,13,0.54
mmlP,8,10,18,0.44
mmlS,4,3,7,0.57
mmlb,10,6,16,0.62
mmll,1,0,1,1.0
mmlm,7,1,8,0.88
mmln,1,7,8,0.12
mmls,3,5,8,0.38
mmmB,13,17,30,0.43
mmmH,14,7,21,0.67
mmmI,3,1,4,0.75
mmmJ,5,0,5,1.0
mmmL,4,6,10,0.4
mmmM,18,17,35,0.51
mmmN,23,20,43,0.53
mmmP,15,20,35,0.43
mmmS,6,5,11,0.55
mmmb,16,12,28,0.57
mmml,6,3,9,0.67
mmmm,17,8,25,0.68
mmmn,22,14,36,0.61
mmms,5,2,7,0.71
mmnB,17,26,43,0.4
mmnD,0,2,2,0.0
mmnH,12,12,24,0.5
mmnI,4,1,5,0.8
mmnK,2,2,4,0.5
mmnL,3,5,8,0.38
mmnM,26,19,45,0.58
mmnN,41,41,82,0.5
mmnP,45,28,73,0.62
mmnS,12,10,22,0.55
mmnb,37,26,63,0.59
mmnl,6,8,14,0.43
mmnm,18,15,33,0.55
mmnn,30,26,56,0.54
mmns,12,5,17,0.71
mmsB,5,7,12,0.42
mmsD,2,2,4,0.5
mmsH,5,7,12,0.42
mmsI,2,1,3,0.67
mmsL,6,6,12,0.5
mmsM,3,8,11,0.27
mmsN,8,11,19,0.42
mmsP,8,12,20,0.4
mmsS,6,8,14,0.43
mmsb,9,7,16,0.56
mmsl,2,3,5,0.4
mmsm,5,5,10,0.5
mmsn,10,5,15,0.67
mmss,4,6,10,0.4
mmtN,1,0,1,1.0
mnBB,20,17,37,0.54
mnBD,0,2,2,0.0
mnBK,1,1,2,0.5
mnBL,8,8,16,0.5
mnBM,12,24,36,0.33
mnBN,28,28,56,0.5
mnBP,31,27,58,0.53
mnBS,17,18,35,0.49
mnBb,25,26,51,0.49
mnBh,2,3,5,0.4
mnBj,10,9,19,0.53
mnBl,12,7,19,0.63
mnBm,17,20,37,0.46
mnBn,42,36,78,0.54
mnBs,12,12,24,0.5
mnBt,5,4,9,0.56
mnDB,1,0,1,1.0
mnDD,0,1,1,0.0
mnDH,1,4,5,0.2
mnDL,1,0,1,1.0
mnDM,3,1,4,0.75
mnDN,4,1,5,0.8
mnDP,4,2,6,0.67
mnDS,1,1,2,0.5
mnDb,2,4,6,0.33
mnDl,2,0,2,1.0
mnDm,2,3,5,0.4
mnDn,3,1,4,0.75
mnDs,1,2,3,0.33
mnHB,11,13,24,0.46
mnHH,7,1,8,0.88
mnHI,3,2,5,0.6
mnHK,2,1,3,0.67
mnHL,4,6,10,0.4
mnHM,13,11,24,0.54
mnHN,21,24,45,0.47
mnHP,31,23,54,0.57
mnHS,9,12,21,0.43
mnHb,11,10,21,0.52
mnHh,7,13,20,0.35
mnHl,6,6,12,0.5
mnHm,10,11,21,0.48
mnHn,29,15,44,0.66
mnHs,8,17,25,0.32
mnHt,0,0,0,
mnIB,6,4,10,0.6
mnIH,2,3,5,0.4
mnII,1,0,1,1.0
mnIL,1,3,4,0.25
mnIM,3,3,6,0.5
mnIN,4,6,10,0.4
mnIP,7,6,13,0.54
mnIS,4,6,10,0.4
mnIb,0,3,3,0.0
mnIm,2,2,4,0.5
mnIn,1,8,9,0.11
mnIs,1,4,5,0.2
mnKB,2,0,2,1.0
mnKD,1,0,1,1.0
mnKL,1,0,1,1.0
mnKM,1,7,8,0.12
mnKN,2,3,5,0.4
mnKP,5,0,5,1.0
mnKS,2,2,4,0.5
mnKb,1,0,1,1.0
mnKh,2,2,4,0.5
mnKl,2,0,2,1.0
mnKm,3,0,3,1.0
mnKn,0,2,2,0.0
mnLB,5,10,15,0.33
mnLD,1,0,1,1.0
mnLL,1,6,7,0.14
mnLM,9,8,17,0.53
mnLN,13,12,25,0.52
mnLP,17,11,28,0.61
mnLS,4,5,9,0.44
mnLb,14,6,20,0.7
mnLh,3,3,6,0.5
mnLj,3,3,6,0.5
mnLl,2,4,6,0.33
mnLm,8,6,14,0.57
mnLn,13,11,24,0.54
mnLs,2,12,14,0.14
mnLt,2,6,8,0.25
mnMB,24,24,48,0.5
mnMD,2,1,3,0.67
mnML,7,10,17,0.41
mnMM,27,25,52,0.52
mnMN,26,45,71,0.37
mnMP,41,32,73,0.56
mnMS,20,26,46,0.43
mnMb,32,31,63,0.51
mnMh,17,23,40,0.42
mnMj,2,11,13,0.15
mnMl,9,8,17,0.53
mnMm,22,21,43,0.51
mnMn,55,43,98,0.56
mnMs,19,19,38,0.5
mnMt,7,5,12,0.58
mnNB,29,22,51,0.57
mnND,3,4,7,0.43
mnNH,13,3,16,0.81
mnNK,1,2,3,0.33
mnNL,14,18,32,0.44
mnNM,34,36,70,0.49
mnNN,50,63,113,0.44
mnNP,63,62,125,0.5
mnNS,29,22,51,0.57
mnNb,41,30,71,0.58
mnNh,11,11,22,0.5
mnNl,22,14,36,0.61
mnNm,39,38,77,0.51
mnNn,69,74,143,0.48
mnNs,33,30,63,0.52
mnNt,6,9,15,0.4
mnPB,33,36,69,0.48
mnPD,3,2,5,0.6
mnPH,13,16,29,0.45
mnPI,5,3,8,0.62
mnPK,6,0,6,1.0
mnPL,16,24,40,0.4
mnPM,41,54,95,0.43
mnPN,58,58,116,0.5
mnPP,91,84,175,0.52
mnPS,27,29,56,0.48
mnPb,37,49,86,0.43
mnPh,5,3,8,0.62
mnPl,21,23,44,0.48
mnPm,44,33,77,0.57
mnPn,60,52,112,0.54
mnPs,34,34,68,0.5
mnPt,7,6,13,0.54
mnSB,22,11,33,0.67
mnSD,1,0,1,1.0
mnSH,7,10,17,0.41
mnSK,0,1,1,0.0
mnSL,7,6,13,0.54
mnSM,18,22,40,0.45
mnSN,23,19,42,0.55
mnSP,31,25,56,0.55
mnSS,15,19,34,0.44
mnSb,21,11,32,0.66
mnSh,10,10,20,0.5
mnSl,10,8,18,0.56
mnSm,22,15,37,0.59
mnSn,23,28,51,0.45
mnSs,15,14,29,0.52
mnSt,6,5,11,0.55
mnbB,33,23,56,0.59
mnbD,1,1,2,0.5
mnbH,9,2,11,0.82
mnbI,5,4,9,0.56
mnbJ,6,8,14,0.43
mnbK,4,3,7,0.57
mnbL,9,10,19,0.47
mnbM,47,31,78,0.6
mnbN,38,56,94,0.4
mnbP,48,31,79,0.61
mnbS,9,14,23,0.39
mnbb,38,16,54,0.7
mnbl,13,10,23,0.57
mnbm,22,20,42,0.52
mnbn,40,33,73,0.55
mnbs,18,11,29,0.62
mnhB,0,1,1,0.0
mnhP,0,1,1,0.0
mnhS,1,0,1,1.0
mnhb,1,0,1,1.0
mnhh,1,1,2,0.5
mnhm,1,0,1,1.0
mnhn,1,0,1,1.0
mnhs,1,0,1,1.0
mnlB,6,7,13,0.46
mnlD,1,0,1,1.0
mnlH,9,2,11,0.82
mnlI,0,1,1,0.0
mnlJ,1,2,3,0.33
mnlK,0,1,1,0.0
mnlL,3,1,4,0.75
mnlM,8,14,22,0.36
mnlN,15,9,24,0.62
mnlP,20,22,42,0.48
mnlS,2,7,9,0.22
mnlb,8,19,27,0.3
mnll,6,3,9,0.67
mnlm,7,5,12,0.58
mnln,7,5,12,0.58
mnls,6,6,12,0.5
mnmB,14,19,33,0.42
mnmD,1,3,4,0.25
mnmH,16,19,35,0.46
mnmI,2,4,6,0.33
mnmJ,4,2,6,0.67
mnmL,4,8,12,0.33
mnmM,32,20,52,0.62
mnmN,26,24,50,0.52
mnmP,27,34,61,0.44
mnmS,11,8,19,0.58
mnmb,20,21,41,0.49
mnml,4,4,8,0.5
mnmm,17,11,28,0.61
mnmn,34,29,63,0.54
mnms,5,3,8,0.62
mnnB,28,35,63,0.44
mnnD,3,2,5,0.6
mnnH,16,15,31,0.52
mnnI,8,5,13,0.62
mnnK,3,2,5,0.6
mnnL,15,7,22,0.68
mnnM,39,32,71,0.55
mnnN,63,56,119,0.53
mnnP,71,54,125,0.57
mnnS,23,19,42,0.55
mnnb,32,34,66,0.48
mnnh,1,0,1,1.0
mnnl,14,15,29,0.48
mnnm,31,23,54,0.57
mnnn,56,36,92,0.61
mnns,29,23,52,0.56
mnsB,11,15,26,0.42
mnsD,3,2,5,0.6
mnsH,12,13,25,0.48
mnsI,4,2,6,0.67
mnsL,2,5,7,0.29
mnsM,9,21,30,0.3
mnsN,22,21,43,0.51
mnsP,18,26,44,0.41
mnsS,19,12,31,0.61
mnsb,23,14,37,0.62
mnsl,9,6,15,0.6
mnsm,13,7,20,0.65
mnsn,25,17,42,0.6
mnss,10,12,22,0.45
msBB,3,2,5,0.6
msBD,1,0,1,1.0
msBK,1,1,2,0.5
msBL,6,5,11,0.55
msBM,2,4,6,0.33
msBN,8,15,23,0.35
msBP,10,13,23,0.43
msBS,6,4,10,0.6
msBb,7,5,12,0.58
msBh,1,2,3,0.33
msBj,3,5,8,0.38
msBl,6,4,10,0.6
msBm,1,6,7,0.14
msBn,14,11,25,0.56
msBs,7,5,12,0.58
msBt,3,3,6,0.5
msDB,1,2,3,0.33
msDH,1,0,1,1.0
msDL,1,0,1,1.0
msDM,1,4,5,0.2
msDN,4,0,4,1.0
msDP,1,1,2,0.5
msDS,2,2,4,0.5
msDb,5,2,7,0.71
msDl,1,0,1,1.0
msDm,0,1,1,0.0
msDn,2,1,3,0.67
msDs,2,2,4,0.5
msHB,8,7,15,0.53
msHD,0,1,1,0.0
msHH,3,3,6,0.5
msHI,2,1,3,0.67
msHK,1,0,1,1.0
msHL,2,6,8,0.25
msHM,6,16,22,0.27
msHN,15,18,33,0.45
msHP,15,15,30,0.5
msHS,10,11,21,0.48
msHb,9,10,19,0.47
msHh,7,11,18,0.39
msHl,6,3,9,0.67
msHm,16,10,26,0.62
msHn,10,14,24,0.42
msHs,7,5,12,0.58
msHt,1,0,1,1.0
msIB,3,0,3,1.0
msIH,2,2,4,0.5
msIM,3,3,6,0.5
msIN,1,2,3,0.33
msIP,3,2,5,0.6
msIS,1,1,2,0.5
msIb,1,2,3,0.33
msIm,4,0,4,1.0
msIn,0,1,1,0.0
msIs,0,2,2,0.0
msIt,0,0,0,
msKM,0,1,1,0.0
msKP,1,0,1,1.0
msKS,1,0,1,1.0
msLB,3,3,6,0.5
msLL,1,4,5,0.2
msLM,2,4,6,0.33
msLN,4,3,7,0.57
msLP,9,4,13,0.69
msLS,3,2,5,0.6
msLb,3,2,5,0.6
msLh,4,2,6,0.67
msLj,1,2,3,0.33
msLl,3,2,5,0.6
msLm,5,4,9,0.56
msLn,11,11,22,0.5
msLs,4,4,8,0.5
msLt,1,0,1,1.0
msMB,9,4,13,0.69
msMD,0,1,1,0.0
msMH,1,0,1,1.0
msML,2,5,7,0.29
msMM,11,13,24,0.46
msMN,13,12,25,0.52
msMP,18,14,32,0.56
msMS,5,9,14,0.36
msMb,16,15,31,0.52
msMh,14,15,29,0.48
msMj,0,2,2,0.0
msMl,5,6,11,0.45
msMm,6,10,16,0.38
msMn,20,23,43,0.47
msMs,6,7,13,0.46
msMt,1,6,7,0.14
msNB,8,8,16,0.5
msND,2,0,2,1.0
msNH,1,1,2,0.5
msNI,0,0,0,
msNK,0,1,1,0.0
msNL,3,7,10,0.3
msNM,10,20,30,0.33
msNN,19,16,35,0.54
msNP,29,22,51,0.57
msNS,18,14,32,0.56
msNb,14,15,29,0.48
msNh,3,4,7,0.43
msNl,6,7,13,0.46
msNm,12,12,24,0.5
msNn,23,23,46,0.5
msNs,13,7,20,0.65
msNt,2,2,4,0.5
msPB,11,11,22,0.5
msPH,3,3,6,0.5
msPI,1,0,1,1.0
msPK,1,4,5,0.2
msPL,9,4,13,0.69
msPM,16,23,39,0.41
msPN,26,27,53,0.49
msPP,36,29,65,0.55
msPS,9,21,30,0.3
msPb,13,26,39,0.33
msPh,4,4,8,0.5
msPl,6,12,18,0.33
msPm,17,17,34,0.5
msPn,26,14,40,0.65
msPs,14,17,31,0.45
msPt,6,0,6,1.0
msSB,11,12,23,0.48
msSD,2,4,6,0.33
msSH,4,7,11,0.36
msSK,1,0,1,1.0
msSL,4,5,9,0.44
msSM,18,20,38,0.47
msSN,8,7,15,0.53
msSP,18,22,40,0.45
msSS,14,8,22,0.64
msSb,10,16,26,0.38
msSh,5,9,14,0.36
msSl,4,5,9,0.44
msSm,12,7,19,0.63
msSn,12,20,32,0.38
msSs,24,9,33,0.73
msSt,4,4,8,0.5
msbB,7,8,15,0.47
msbD,2,1,3,0.67
msbH,3,2,5,0.6
msbI,1,1,2,0.5
msbJ,4,4,8,0.5
msbK,0,3,3,0.0
msbL,6,2,8,0.75
msbM,19,13,32,0.59
msbN,12,21,33,0.36
msbP,17,14,31,0.55
msbS,8,5,13,0.62
msbb,14,12,26,0.54
msbl,7,5,12,0.58
msbm,4,12,16,0.25
msbn,12,6,18,0.67
msbs,6,7,13,0.46
mshB,0,1,1,0.0
mshN,0,1,1,0.0
mshS,0,1,1,0.0
mshb,0,0,0,
mshh,1,0,1,1.0
mshm,0,0,0,
mshn,0,1,1,0.0
mslB,6,2,8,0.75
mslD,0,1,1,0.0
mslH,3,1,4,0.75
mslI,3,0,3,1.0
mslJ,2,0,2,1.0
mslL,1,4,5,0.2
mslM,3,6,9,0.33
mslN,7,7,14,0.5
mslP,7,6,13,0.54
mslS,6,2,8,0.75
mslb,7,5,12,0.58
msll,1,2,3,0.33
mslm,6,3,9,0.67
msln,5,4,9,0.56
msls,5,3,8,0.62
msmB,11,9,20,0.55
msmD,0,1,1,0.0
msmH,14,6,20,0.7
msmI,2,0,2,1.0
msmJ,3,0,3,1.0
msmL,4,2,6,0.67
msmM,14,18,32,0.44
msmN,13,18,31,0.42
msmP,13,12,25,0.52
msmS,12,4,16,0.75
msmb,5,6,11,0.45
msml,8,5,13,0.62
msmm,7,6,13,0.54
msmn,4,11,15,0.27
msms,6,7,13,0.46
msnB,9,7,16,0.56
msnD,5,4,9,0.56
msnH,9,10,19,0.47
msnK,2,2,4,0.5
msnL,7,5,12,0.58
msnM,17,18,35,0.49
msnN,18,18,36,0.5
msnP,15,26,41,0.37
msnS,10,6,16,0.62
msnb,11,11,22,0.5
msnl,7,5,12,0.58
msnm,12,10,22,0.55
msnn,19,17,36,0.53
msns,11,7,18,0.61
mssB,9,8,17,0.53
mssD,1,0,1,1.0
mssH,8,8,16,0.5
mssI,0,1,1,0.0
mssK,1,0,1,1.0
mssL,7,7,14,0.5
mssM,6,6,12,0.5
mssN,14,8,22,0.64
mssP,15,9,24,0.62
mssS,9,8,17,0.53
mssb,10,5,15,0.67
mssl,4,5,9,0.44
mssm,7,11,18,0.39
mssn,23,7,30,0.77
msss,12,13,25,0.48
mstH,1,0,1,1.0
mtBS,1,0,1,1.0
mtNB,0,0,0,
mtNM,1,0,1,1.0
mtPn,1,0,1,1.0
mtbB,0,0,0,
mtbH,0,1,1,0.0
mtbM,1,0,1,1.0
mttb,0,1,1,0.0
nBBB,32,35,67,0.48
nBBD,2,1,3,0.67
nBBK,2,1,3,0.67
nBBL,11,13,24,0.46
nBBM,21,26,47,0.45
nBBN,27,39,66,0.41
nBBP,45,29,74,0.61
nBBS,11,18,29,0.38
nBBb,30,28,58,0.52
nBBh,6,5,11,0.55
nBBj,11,7,18,0.61
nBBl,10,5,15,0.67
nBBm,25,14,39,0.64
nBBn,38,30,68,0.56
nBBs,14,10,24,0.58
nBBt,7,4,11,0.64
nBDB,1,0,1,1.0
nBDD,0,1,1,0.0
nBDH,2,2,4,0.5
nBDL,0,1,1,0.0
nBDM,2,0,2,1.0
nBDN,2,1,3,0.67
nBDP,2,4,6,0.33
nBDS,0,0,0,
nBDb,3,1,4,0.75
nBDl,3,0,3,1.0
nBDm,0,1,1,0.0
nBDn,1,1,2,0.5
nBDs,1,2,3,0.33
nBDt,1,1,2,0.5
nBHB,0,1,1,0.0
nBHM,0,1,1,0.0
nBHb,2,0,2,1.0
nBHm,1,1,2,0.5
nBHs,0,1,1,0.0
nBKB,3,2,5,0.6
nBKI,2,0,2,1.0
nBKL,0,1,1,0.0
nBKM,1,2,3,0.33
nBKN,0,3,3,0.0
nBKP,7,1,8,0.88
nBKS,2,1,3,0.67
nBKb,4,1,5,0.8
nBKl,2,1,3,0.67
nBKm,2,1,3,0.67
nBKn,2,3,5,0.4
nBKs,1,2,3,0.33
nBKt,0,1,1,0.0
nBLB,13,9,22,0.59
nBLD,0,1,1,0.0
nBLH,0,1,1,0.0
nBLK,1,1,2,0.5
nBLL,2,3,5,0.4
nBLM,7,11,18,0.39
nBLN,8,8,16,0.5
nBLP,8,13,21,0.38
nBLS,8,7,15,0.53
nBLb,13,5,18,0.72
nBLh,3,7,10,0.3
nBLj,3,4,7,0.43
nBLl,10,8,18,0.56
nBLm,15,6,21,0.71
nBLn,14,13,27,0.52
nBLs,4,3,7,0.57
nBLt,4,3,7,0.57
nBMB,16,22,38,0.42
nBMD,2,1,3,0.67
nBMK,0,1,1,0.0
nBML,9,6,15,0.6
nBMM,14,31,45,0.31
nBMN,35,23,58,0.6
nBMP,26,31,57,0.46
nBMS,5,18,23,0.22
nBMb,41,34,75,0.55
nBMh,15,27,42,0.36
nBMj,8,11,19,0.42
nBMl,13,12,25,0.52
nBMm,27,19,46,0.59
nBMn,46,45,91,0.51
nBMs,13,14,27,0.48
nBMt,4,4,8,0.5
nBNB,31,22,53,0.58
nBND,3,4,7,0.43
nBNH,12,5,17,0.71
nBNK,1,0,1,1.0
nBNL,8,14,22,0.36
nBNM,29,35,64,0.45
nBNN,46,40,86,0.53
nBNP,56,66,122,0.46
nBNS,12,18,30,0.4
nBNb,35,32,67,0.52
nBNh,15,20,35,0.43
nBNl,24,8,32,0.75
nBNm,28,38,66,0.42
nBNn,49,54,103,0.48
nBNs,25,29,54,0.46
nBNt,6,6,12,0.5
nBPB,34,42,76,0.45
nBPD,1,3,4,0.25
nBPH,11,8,19,0.58
nBPI,5,1,6,0.83
nBPK,5,2,7,0.71
nBPL,11,21,32,0.34
nBPM,27,50,77,0.35
nBPN,51,56,107,0.48
nBPP,66,69,135,0.49
nBPS,21,34,55,0.38
nBPb,53,41,94,0.56
nBPh,2,5,7,0.29
nBPl,22,24,46,0.48
nBPm,37,23,60,0.62
nBPn,41,37,78,0.53
nBPs,17,26,43,0.4
nBPt,7,4,11,0.64
nBSB,14,7,21,0.67
nBSD,0,3,3,0.0
nBSH,5,8,13,0.38
nBSI,1,0,1,1.0
nBSL,9,8,17,0.53
nBSM,8,16,24,0.33
nBSN,17,15,32,0.53
nBSP,27,24,51,0.53
nBSS,14,13,27,0.52
nBSb,14,11,25,0.56
nBSh,9,11,20,0.45
nBSl,5,8,13,0.38
nBSm,13,15,28,0.46
nBSn,32,25,57,0.56
nBSs,16,14,30,0.53
nBSt,3,1,4,0.75
nBbB,27,25,52,0.52
nBbD,2,3,5,0.4
nBbH,11,12,23,0.48
nBbI,6,2,8,0.75
nBbJ,12,2,14,0.86
nBbK,3,1,4,0.75
nBbL,15,11,26,0.58
nBbM,37,27,64,0.58
nBbN,48,31,79,0.61
nBbP,33,36,69,0.48
nBbS,15,13,28,0.54
nBbb,25,29,54,0.46
nBbl,14,10,24,0.58
nBbm,24,10,34,0.71
nBbn,35,35,70,0.5
nBbs,21,10,31,0.68
nBhB,2,3,5,0.4
nBhI,0,0,0,
nBhL,1,1,2,0.5
nBhM,1,2,3,0.33
nBhN,4,3,7,0.57
nBhP,9,3,12,0.75
nBhS,1,4,5,0.2
nBhb,4,6,10,0.4
nBhh,0,3,3,0.0
nBhl,3,1,4,0.75
nBhm,3,1,4,0.75
nBhn,4,3,7,0.57
nBhs,3,0,3,1.0
nBht,0,1,1,0.0
nBjB,10,13,23,0.43
nBjD,0,0,0,
nBjH,0,3,3,0.0
nBjI,1,1,2,0.5
nBjK,1,0,1,1.0
nBjL,5,2,7,0.71
nBjM,13,10,23,0.57
nBjN,7,11,18,0.39
nBjP,15,15,30,0.5
nBjS,9,8,17,0.53
nBjb,14,13,27,0.52
nBjh,4,3,7,0.57
nBjl,4,11,15,0.27
nBjm,5,7,12,0.42
nBjn,11,15,26,0.42
nBjs,7,8,15,0.47
nBjt,1,1,2,0.5
nBlB,6,13,19,0.32
nBlD,0,0,0,
nBlH,11,9,20,0.55
nBlI,1,1,2,0.5
nBlJ,0,6,6,0.0
nBlK,0,1,1,0.0
nBlL,7,14,21,0.33
nBlM,15,8,23,0.65
nBlN,14,11,25,0.56
nBlP,13,17,30,0.43
nBlS,9,7,16,0.56
nBlb,11,11,22,0.5
nBll,7,5,12,0.58
nBlm,7,12,19,0.37
nBln,10,17,27,0.37
nBls,6,7,13,0.46
nBmB,20,9,29,0.69
nBmD,3,3,6,0.5
nBmH,22,22,44,0.5
nBmI,2,0,2,1.0
nBmJ,8,3,11,0.73
nBmL,10,4,14,0.71
nBmM,31,23,54,0.57
nBmN,29,33,62,0.47
nBmP,31,27,58,0.53
nBmS,14,22,36,0.39
nBmb,23,24,47,0.49
nBml,6,6,12,0.5
nBmm,22,17,39,0.56
nBmn,29,31,60,0.48
nBms,9,10,19,0.47
nBnB,25,28,53,0.47
nBnD,2,3,5,0.4
nBnH,17,13,30,0.57
nBnI,11,6,17,0.65
nBnK,2,6,8,0.25
nBnL,14,11,25,0.56
nBnM,42,47,89,0.47
nBnN,71,70,141,0.5
nBnP,71,88,159,0.45
nBnS,37,49,86,0.43
nBnb,44,38,82,0.54
nBnh,0,2,2,0.0
nBnl,16,24,40,0.4
nBnm,44,40,84,0.52
nBnn,48,55,103,0.47
nBns,34,26,60,0.57
nBnt,0,1,1,0.0
nBsB,3,12,15,0.2
nBsD,2,2,4,0.5
nBsH,18,12,30,0.6
nBsI,2,1,3,0.67
nBsK,1,1,2,0.5
nBsL,5,1,6,0.83
nBsM,7,12,19,0.37
nBsN,18,18,36,0.5
nBsP,19,19,38,0.5
nBsS,9,22,31,0.29
nBsb,18,16,34,0.53
nBsh,0,1,1,0.0
nBsl,7,5,12,0.58
nBsm,18,10,28,0.64
nBsn,18,19,37,0.49
nBss,13,8,21,0.62
nBtB,5,6,11,0.45
nBtH,3,2,5,0.6
nBtL,0,0,0,
nBtM,1,5,6,0.17
nBtN,8,8,16,0.5
nBtP,10,10,20,0.5
nBtS,3,10,13,0.23
nBtb,2,5,7,0.29
nBtl,2,3,5,0.4
nBtm,8,1,9,0.89
nBtn,4,5,9,0.44
nBts,8,5,13,0.62
nBtt,3,2,5,0.6
nDBB,2,0,2,1.0
nDBD,1,0,1,1.0
nDBK,0,2,2,0.0
nDBL,0,1,1,0.0
nDBM,1,2,3,0.33
nDBN,2,2,4,0.5
nDBP,1,3,4,0.25
nDBS,3,2,5,0.6
nDBh,1,0,1,1.0
nDBj,0,2,2,0.0
nDBl,1,1,2,0.5
nDBm,2,0,2,1.0
nDBn,2,1,3,0.67
nDBs,0,4,4,0.0
nDBt,0,0,0,
nDDB,1,0,1,1.0
nDDM,0,1,1,0.0
nDDP,1,0,1,1.0
nDDS,1,1,2,0.5
nDDn,2,0,2,1.0
nDDs,1,2,3,0.33
nDHB,3,4,7,0.43
nDHH,1,0,1,1.0
nDHI,1,0,1,1.0
nDHL,1,1,2,0.5
nDHM,2,2,4,0.5
nDHN,8,2,10,0.8
nDHP,4,5,9,0.44
nDHS,3,3,6,0.5
nDHb,3,2,5,0.6
nDHh,1,0,1,1.0
nDHl,1,1,2,0.5
nDHm,2,2,4,0.5
nDHn,1,4,5,0.2
nDHs,6,2,8,0.75
nDHt,1,0,1,1.0
nDIH,0,1,1,0.0
nDIM,0,0,0,
nDIP,1,1,2,0.5
nDIm,2,0,2,1.0
nDKS,0,1,1,0.0
nDLL,1,0,1,1.0
nDLM,1,3,4,0.25
nDLN,3,1,4,0.75
nDLP,3,0,3,1.0
nDLS,1,0,1,1.0
nDLb,1,5,6,0.17
nDLh,1,0,1,1.0
nDLj,2,0,2,1.0
nDLl,1,2,3,0.33
nDLm,3,0,3,1.0
nDLn,4,1,5,0.8
nDLs,0,2,2,0.0
nDLt,0,1,1,0.0
nDMB,3,4,7,0.43
nDMD,0,1,1,0.0
nDML,0,2,2,0.0
nDMM,3,3,6,0.5
nDMN,0,5,5,0.0
nDMP,2,3,5,0.4
nDMS,3,4,7,0.43
nDMb,3,1,4,0.75
nDMh,1,2,3,0.33
nDMj,2,0,2,1.0
nDMl,0,3,3,0.0
nDMm,5,4,9,0.56
nDMn,6,8,14,0.43
nDMs,0,6,6,0.0
nDMt,1,1,2,0.5
nDNB,3,1,4,0.75
nDND,1,0,1,1.0
nDNH,0,2,2,0.0
nDNK,1,0,1,1.0
nDNM,4,4,8,0.5
nDNN,2,3,5,0.4
nDNP,16,7,23,0.7
nDNS,1,2,3,0.33
nDNb,3,4,7,0.43
nDNh,4,0,4,1.0
nDNl,0,2,2,0.0
nDNm,5,4,9,0.56
nDNn,1,5,6,0.17
nDNs,2,0,2,1.0
nDPB,4,1,5,0.8
nDPD,0,1,1,0.0
nDPH,0,0,0,
nDPI,2,0,2,1.0
nDPL,6,3,9,0.67
nDPM,1,8,9,0.11
nDPN,4,8,12,0.33
nDPP,9,14,23,0.39
nDPS,4,7,11,0.36
nDPb,1,2,3,0.33
nDPh,1,0,1,1.0
nDPl,2,2,4,0.5
nDPm,5,4,9,0.56
nDPn,4,6,10,0.4
nDPs,6,5,11,0.55
nDPt,0,1,1,0.0
nDSB,3,3,6,0.5
nDSH,1,2,3,0.33
nDSL,1,2,3,0.33
nDSM,3,5,8,0.38
nDSN,1,3,4,0.25
nDSP,3,4,7,0.43
nDSS,5,9,14,0.36
nDSb,1,2,3,0.33
nDSh,3,2,5,0.6
nDSl,3,1,4,0.75
nDSm,0,2,2,0.0
nDSn,6,3,9,0.67
nDSs,5,4,9,0.56
nDbB,2,1,3,0.67
nDbH,0,1,1,0.0
nDbJ,2,2,4,0.5
nDbL,2,0,2,1.0
nDbM,2,1,3,0.67
nDbN,6,7,13,0.46
nDbP,7,6,13,0.54
nDbb,3,2,5,0.6
nDbl,3,1,4,0.75
nDbm,4,4,8,0.5
nDbn,5,5,10,0.5
nDbs,2,2,4,0.5
nDhB,0,1,1,0.0
nDhP,1,0,1,1.0
nDhb,1,0,1,1.0
nDhn,0,1,1,0.0
nDlB,0,3,3,0.0
nDlH,1,2,3,0.33
nDlI,1,0,1,1.0
nDlJ,0,1,1,0.0
nDlL,2,1,3,0.67
nDlM,2,1,3,0.67
nDlN,1,3,4,0.25
nDlP,3,3,6,0.5
nDlS,2,0,2,1.0
nDlb,0,1,1,0.0
nDll,1,0,1,1.0
nDlm,0,1,1,0.0
nDln,2,2,4,0.5
nDls,0,1,1,0.0
nDmB,2,1,3,0.67
nDmH,1,4,5,0.2
nDmI,1,0,1,1.0
nDmL,3,1,4,0.75
nDmM,2,5,7,0.29
nDmN,2,5,7,0.29
nDmP,5,3,8,0.62
nDmS,1,1,2,0.5
nDmb,5,5,10,0.5
nDml,1,2,3,0.33
nDmm,2,2,4,0.5
nDmn,7,1,8,0.88
nDms,0,4,4,0.0
nDnB,4,3,7,0.57
nDnD,1,0,1,1.0
nDnH,3,3,6,0.5
nDnK,0,1,1,0.0
nDnL,0,3,3,0.0
nDnM,4,5,9,0.44
nDnN,4,7,11,0.36
nDnP,7,4,11,0.64
nDnS,5,3,8,0.62
nDnb,2,4,6,0.33
nDnl,0,0,0,
nDnm,0,3,3,0.0
nDnn,4,4,8,0.5
nDns,0,1,1,0.0
nDsB,3,2,5,0.6
nDsH,2,4,6,0.33
nDsI,0,1,1,0.0
nDsL,0,0,0,
nDsM,4,2,6,0.67
nDsN,5,1,6,0.83
nDsP,5,2,7,0.71
nDsS,3,8,11,0.27
nDsb,10,0,10,1.0
nDsl,2,1,3,0.67
nDsm,3,1,4,0.75
nDsn,3,1,4,0.75
nDss,1,2,3,0.33
nDtH,2,1,3,0.67
nDtM,0,1,1,0.0
nDtN,0,2,2,0.0
nDtP,3,1,4,0.75
nDtS,1,0,1,1.0
nDtb,0,1,1,0.0
nDtl,0,0,0,
nDtm,2,0,2,1.0
nDtn,1,3,4,0.25
nDts,1,1,2,0.5
nHBB,9,16,25,0.36
nHBD,2,1,3,0.67
nHBK,1,0,1,1.0
nHBL,1,4,5,0.2
nHBM,8,17,25,0.32
nHBN,11,30,41,0.27
nHBP,14,23,37,0.38
nHBS,6,12,18,0.33
nHBb,12,6,18,0.67
nHBh,0,4,4,0.0
nHBj,6,7,13,0.46
nHBl,7,9,16,0.44
nHBm,14,6,20,0.7
nHBn,23,26,49,0.47
nHBs,9,6,15,0.6
nHBt,4,3,7,0.57
nHDB,1,0,1,1.0
nHDH,1,2,3,0.33
nHDM,0,3,3,0.0
nHDN,2,2,4,0.5
nHDP,3,0,3,1.0
nHDS,2,2,4,0.5
nHDb,3,2,5,0.6
nHDl,0,1,1,0.0
nHDm,0,4,4,0.0
nHDn,2,0,2,1.0
nHDs,0,2,2,0.0
nHHB,2,0,2,1.0
nHHD,0,2,2,0.0
nHHH,2,1,3,0.67
nHHK,0,2,2,0.0
nHHL,0,2,2,0.0
nHHM,4,6,10,0.4
nHHN,5,3,8,0.62
nHHP,8,4,12,0.67
nHHS,5,7,12,0.42
nHHb,4,3,7,0.57
nHHh,1,0,1,1.0
nHHl,0,1,1,0.0
nHHm,2,0,2,1.0
nHHn,5,4,9,0.56
nHHs,6,4,10,0.6
nHIB,1,1,2,0.5
nHIH,5,3,8,0.62
nHIL,0,1,1,0.0
nHIM,3,1,4,0.75
nHIN,4,1,5,0.8
nHIP,2,3,5,0.4
nHIS,0,3,3,0.0
nHIb,2,1,3,0.67
nHIm,1,1,2,0.5
nHIn,2,2,4,0.5
nHIs,1,2,3,0.33
nHKB,0,2,2,0.0
nHKH,1,0,1,1.0
nHKL,1,2,3,0.33
nHKM,1,2,3,0.33
nHKN,2,3,5,0.4
nHKP,3,3,6,0.5
nHKS,3,1,4,0.75
nHKb,2,0,2,1.0
nHKh,2,1,3,0.67
nHKl,1,2,3,0.33
nHKm,2,1,3,0.67
nHKn,1,2,3,0.33
nHKs,1,1,2,0.5
nHKt,2,0,2,1.0
nHLB,5,5,10,0.5
nHLD,0,0,0,
nHLK,0,1,1,0.0
nHLL,2,3,5,0.4
nHLM,5,11,16,0.31
nHLN,10,13,23,0.43
nHLP,13,10,23,0.57
nHLS,3,8,11,0.27
nHLb,10,9,19,0.53
nHLh,7,3,10,0.7
nHLj,2,1,3,0.67
nHLl,4,0,4,1.0
nHLm,4,5,9,0.44
nHLn,14,3,17,0.82
nHLs,6,6,12,0.5
nHLt,0,1,1,0.0
nHMB,19,16,35,0.54
nHMD,1,1,2,0.5
nHML,7,7,14,0.5
nHMM,18,28,46,0.39
nHMN,23,20,43,0.53
nHMP,34,34,68,0.5
nHMS,10,14,24,0.42
nHMb,25,19,44,0.57
nHMh,24,21,45,0.53
nHMj,8,5,13,0.62
nHMl,6,12,18,0.33
nHMm,19,11,30,0.63
nHMn,29,35,64,0.45
nHMs,15,9,24,0.62
nHMt,4,4,8,0.5
nHNB,18,12,30,0.6
nHND,3,3,6,0.5
nHNH,1,2,3,0.33
nHNI,1,0,1,1.0
nHNK,3,2,5,0.6
nHNL,13,13,26,0.5
nHNM,27,33,60,0.45
nHNN,33,34,67,0.49
nHNP,43,49,92,0.47
nHNS,19,26,45,0.42
nHNb,26,26,52,0.5
nHNh,7,14,21,0.33
nHNl,11,10,21,0.52
nHNm,23,25,48,0.48
nHNn,38,35,73,0.52
nHNs,27,17,44,0.61
nHNt,2,6,8,0.25
nHPB,19,28,47,0.4
nHPD,2,1,3,0.67
nHPH,13,11,24,0.54
nHPI,5,3,8,0.62
nHPK,3,3,6,0.5
nHPL,13,16,29,0.45
nHPM,39,42,81,0.48
nHPN,31,42,73,0.42
nHPP,46,55,101,0.46
nHPS,26,26,52,0.5
nHPb,38,29,67,0.57
nHPh,2,6,8,0.25
nHPl,19,17,36,0.53
nHPm,33,33,66,0.5
nHPn,39,34,73,0.53
nHPs,32,29,61,0.52
nHPt,5,5,10,0.5
nHSB,2,17,19,0.11
nHSH,5,7,12,0.42
nHSK,0,0,0,
nHSL,7,1,8,0.88
nHSM,24,16,40,0.6
nHSN,15,13,28,0.54
nHSP,24,17,41,0.59
nHSS,17,13,30,0.57
nHSb,15,9,24,0.62
nHSh,11,15,26,0.42
nHSl,18,10,28,0.64
nHSm,16,19,35,0.46
nHSn,15,25,40,0.38
nHSs,17,14,31,0.55
nHSt,2,2,4,0.5
nHbB,15,23,38,0.39
nHbD,1,1,2,0.5
nHbH,8,4,12,0.67
nHbI,1,3,4,0.25
nHbJ,4,7,11,0.36
nHbK,3,2,5,0.6
nHbL,6,10,16,0.38
nHbM,26,19,45,0.58
nHbN,21,29,50,0.42
nHbP,27,29,56,0.48
nHbS,15,6,21,0.71
nHbb,22,29,51,0.43
nHbl,10,7,17,0.59
nHbm,13,12,25,0.52
nHbn,18,21,39,0.46
nHbs,6,10,16,0.38
nHhB,5,6,11,0.45
nHhD,0,0,0,
nHhH,1,5,6,0.17
nHhI,2,0,2,1.0
nHhL,6,4,10,0.6
nHhM,12,10,22,0.55
nHhN,7,9,16,0.44
nHhP,14,11,25,0.56
nHhS,8,9,17,0.47
nHhb,4,9,13,0.31
nHhh,2,10,12,0.17
nHhl,7,4,11,0.64
nHhm,6,1,7,0.86
nHhn,15,6,21,0.71
nHhs,11,7,18,0.61
nHht,5,2,7,0.71
nHlB,6,11,17,0.35
nHlD,1,1,2,0.5
nHlH,11,11,22,0.5
nHlI,1,0,1,1.0
nHlJ,2,3,5,0.4
nHlK,0,3,3,0.0
nHlL,8,9,17,0.47
nHlM,8,8,16,0.5
nHlN,10,17,27,0.37
nHlP,14,8,22,0.64
nHlS,4,11,15,0.27
nHlb,10,16,26,0.38
nHll,4,4,8,0.5
nHlm,11,8,19,0.58
nHln,7,12,19,0.37
nHls,5,8,13,0.38
nHmB,15,17,32,0.47
nHmD,3,2,5,0.6
nHmH,12,15,27,0.44
nHmI,0,1,1,0.0
nHmJ,4,1,5,0.8
nHmL,10,8,18,0.56
nHmM,15,15,30,0.5
nHmN,21,18,39,0.54
nHmP,20,21,41,0.49
nHmS,15,8,23,0.65
nHmb,19,12,31,0.61
nHml,3,8,11,0.27
nHmm,14,10,24,0.58
nHmn,27,21,48,0.56
nHms,5,7,12,0.42
nHnB,18,20,38,0.47
nHnD,2,2,4,0.5
nHnH,16,11,27,0.59
nHnI,5,6,11,0.45
nHnK,3,2,5,0.6
nHnL,18,13,31,0.58
nHnM,26,38,64,0.41
nHnN,38,40,78,0.49
nHnP,45,49,94,0.48
nHnS,32,29,61,0.52
nHnb,31,22,53,0.58
nHnh,2,1,3,0.67
nHnl,13,15,28,0.46
nHnm,19,12,31,0.61
nHnn,30,33,63,0.48
nHns,20,10,30,0.67
nHnt,0,1,1,0.0
nHsB,12,7,19,0.63
nHsD,3,1,4,0.75
nHsH,17,16,33,0.52
nHsI,1,2,3,0.33
nHsK,0,1,1,0.0
nHsL,14,2,16,0.88
nHsM,17,17,34,0.5
nHsN,16,17,33,0.48
nHsP,23,21,44,0.52
nHsS,17,14,31,0.55
nHsb,15,17,32,0.47
nHsh,1,0,1,1.0
nHsl,9,7,16,0.56
nHsm,15,14,29,0.52
nHsn,21,16,37,0.57
nHss,26,14,40,0.65
nHtB,1,2,3,0.33
nHtD,1,0,1,1.0
nHtH,2,1,3,0.67
nHtM,4,1,5,0.8
nHtN,4,2,6,0.67
nHtP,4,2,6,0.67
nHtS,2,2,4,0.5
nHtb,1,3,4,0.25
nHtl,1,0,1,1.0
nHtm,0,1,1,0.0
nHtn,1,1,2,0.5
nHts,1,1,2,0.5
nIBB,3,3,6,0.5
nIBK,0,1,1,0.0
nIBL,0,1,1,0.0
nIBM,4,3,7,0.57
nIBN,7,8,15,0.47
nIBP,8,4,12,0.67
nIBS,2,0,2,1.0
nIBb,3,2,5,0.6
nIBj,2,0,2,1.0
nIBl,3,1,4,0.75
nIBm,5,4,9,0.56
nIBn,7,4,11,0.64
nIBs,4,2,6,0.67
nIBt,0,2,2,0.0
nIDB,0,0,0,
nIDD,1,0,1,1.0
nIDH,0,0,0,
nIDN,0,1,1,0.0
nIDP,1,1,2,0.5
nIDS,0,1,1,0.0
nIDb,1,1,2,0.5
nIDs,0,0,0,
nIHB,4,2,6,0.67
nIHD,0,1,1,0.0
nIHH,1,0,1,1.0
nIHL,3,0,3,1.0
nIHM,1,4,5,0.2
nIHN,5,3,8,0.62
nIHP,4,3,7,0.57
nIHS,2,1,3,0.67
nIHb,5,4,9,0.56
nIHh,0,2,2,0.0
nIHl,2,3,5,0.4
nIHm,7,4,11,0.64
nIHn,2,5,7,0.29
nIHs,8,2,10,0.8
nIIB,0,1,1,0.0
nIIH,2,1,3,0.67
nIIL,0,1,1,0.0
nIIN,0,1,1,0.0
nIIP,0,0,0,
nIIS,1,0,1,1.0
nIIm,3,0,3,1.0
nIIn,0,1,1,0.0
nIIs,0,1,1,0.0
nIKM,1,0,1,1.0
nIKP,1,0,1,1.0
nILB,1,0,1,1.0
nILK,2,0,2,1.0
nILM,1,1,2,0.5
nILN,3,5,8,0.38
nILP,3,4,7,0.43
nILb,0,2,2,0.0
nILl,2,3,5,0.4
nILm,1,3,4,0.25
nILn,4,6,10,0.4
nILs,2,1,3,0.67
nILt,0,1,1,0.0
nIMB,2,6,8,0.25
nIMD,0,1,1,0.0
nIMK,0,0,0,
nIML,0,0,0,
nIMM,4,6,10,0.4
nIMN,6,6,12,0.5
nIMP,6,2,8,0.75
nIMS,4,3,7,0.57
nIMb,3,2,5,0.6
nIMh,4,6,10,0.4
nIMj,1,1,2,0.5
nIMl,4,3,7,0.57
nIMm,10,4,14,0.71
nIMn,5,8,13,0.38
nIMs,1,2,3,0.33
nIMt,4,1,5,0.8
nINB,3,5,8,0.38
nIND,1,1,2,0.5
nINH,2,1,3,0.67
nINK,0,1,1,0.0
nINL,3,1,4,0.75
nINM,5,5,10,0.5
nINN,8,8,16,0.5
nINP,6,7,13,0.46
nINS,6,7,13,0.46
nINb,4,5,9,0.44
nINh,0,1,1,0.0
nINl,6,1,7,0.86
nINm,5,4,9,0.56
nINn,12,8,20,0.6
nINs,1,1,2,0.5
nINt,1,0,1,1.0
nIPB,8,9,17,0.47
nIPD,0,1,1,0.0
nIPH,3,2,5,0.6
nIPI,0,1,1,0.0
nIPK,1,0,1,1.0
nIPL,2,5,7,0.29
nIPM,10,19,29,0.34
nIPN,10,9,19,0.53
nIPP,15,8,23,0.65
nIPS,6,10,16,0.38
nIPb,3,8,11,0.27
nIPh,2,0,2,1.0
nIPl,3,2,5,0.6
nIPm,6,6,12,0.5
nIPn,2,8,10,0.2
nIPs,8,7,15,0.53
nIPt,1,2,3,0.33
nISB,3,3,6,0.5
nISD,1,0,1,1.0
nISH,4,3,7,0.57
nISL,3,2,5,0.6
nISM,0,5,5,0.0
nISN,5,7,12,0.42
nISP,6,5,11,0.55
nISS,4,5,9,0.44
nISb,2,1,3,0.67
nISh,1,1,2,0.5
nISl,2,2,4,0.5
nISm,2,3,5,0.4
nISn,5,5,10,0.5
nISs,3,2,5,0.6
nISt,2,1,3,0.67
nIbB,6,5,11,0.55
nIbH,1,3,4,0.25
nIbI,0,0,0,
nIbJ,1,0,1,1.0
nIbK,2,1,3,0.67
nIbL,4,0,4,1.0
nIbM,4,4,8,0.5
nIbN,5,4,9,0.56
nIbP,8,9,17,0.47
nIbS,2,5,7,0.29
nIbb,7,8,15,0.47
nIbl,5,0,5,1.0
nIbm,5,6,11,0.45
nIbn,4,10,14,0.29
nIbs,4,3,7,0.57
nIlB,2,6,8,0.25
nIlH,1,1,2,0.5
nIlJ,0,0,0,
nIlK,0,0,0,
nIlL,0,1,1,0.0
nIlM,0,2,2,0.0
nIlN,3,3,6,0.5
nIlP,2,4,6,0.33
nIlS,1,2,3,0.33
nIlb,0,2,2,0.0
nIll,3,0,3,1.0
nIlm,3,1,4,0.75
nIln,0,1,1,0.0
nIls,0,1,1,0.0
nImB,5,2,7,0.71
nImD,1,1,2,0.5
nImH,2,2,4,0.5
nImI,1,3,4,0.25
nImJ,1,1,2,0.5
nImL,0,1,1,0.0
nImM,8,4,12,0.67
nImN,10,7,17,0.59
nImP,4,1,5,0.8
nImS,1,7,8,0.12
nImb,6,7,13,0.46
nIml,0,1,1,0.0
nImm,4,4,8,0.5
nImn,5,5,10,0.5
nIms,0,4,4,0.0
nInB,3,2,5,0.6
nInH,6,3,9,0.67
nInI,1,1,2,0.5
nInK,0,1,1,0.0
nInL,2,1,3,0.67
nInM,3,6,9,0.33
nInN,6,3,9,0.67
nInP,7,5,12,0.58
nInS,3,2,5,0.6
nInb,9,4,13,0.69
nInl,5,4,9,0.56
nInm,8,6,14,0.57
nInn,9,5,14,0.64
nIns,4,5,9,0.44
nIsB,0,1,1,0.0
nIsD,1,1,2,0.5
nIsH,4,1,5,0.8
nIsI,0,1,1,0.0
nIsL,1,0,1,1.0
nIsM,5,4,9,0.56
nIsN,6,2,8,0.75
nIsP,8,3,11,0.73
nIsS,5,5,10,0.5
nIsb,2,0,2,1.0
nIsm,4,2,6,0.67
nIsn,3,3,6,0.5
nIss,3,2,5,0.6
nItB,0,1,1,0.0
nItH,1,0,1,1.0
nItM,0,0,0,
nItN,1,1,2,0.5
nItP,1,1,2,0.5
nItS,1,0,1,1.0
nItm,0,1,1,0.0
nItn,0,1,1,0.0
nKBB,2,1,3,0.67
nKBL,1,0,1,1.0
nKBM,3,4,7,0.43
nKBN,2,3,5,0.4
nKBP,2,1,3,0.67
nKBS,1,2,3,0.33
nKBb,4,2,6,0.67
nKBh,0,0,0,
nKBj,1,0,1,1.0
nKBl,1,2,3,0.33
nKBm,1,2,3,0.33
nKBn,1,1,2,0.5
nKBs,0,1,1,0.0
nKBt,1,0,1,1.0
nKDB,0,1,1,0.0
nKDH,2,0,2,1.0
nKDM,0,1,1,0.0
nKDN,1,1,2,0.5
nKDS,1,0,1,1.0
nKDl,1,0,1,1.0
nKDm,0,1,1,0.0
nKDs,0,0,0,
nKHH,0,1,1,0.0
nKHI,1,0,1,1.0
nKHS,3,0,3,1.0
nKHb,0,1,1,0.0
nKHn,1,2,3,0.33
nKHs,2,1,3,0.67
nKIB,1,0,1,1.0
nKIM,2,0,2,1.0
nKIP,1,0,1,1.0
nKIS,1,0,1,1.0
nKIb,0,1,1,0.0
nKIl,0,1,1,0.0
nKIn,0,1,1,0.0
nKIs,0,1,1,0.0
nKKM,1,0,1,1.0
nKKN,1,0,1,1.0
nKKh,1,0,1,1.0
nKKl,0,1,1,0.0
nKKn,0,1,1,0.0
nKKs,1,0,1,1.0
nKLL,1,2,3,0.33
nKLM,0,4,4,0.0
nKLN,2,0,2,1.0
nKLP,1,0,1,1.0
nKLS,1,1,2,0.5
nKLb,1,0,1,1.0
nKLj,0,1,1,0.0
nKLl,0,1,1,0.0
nKLm,0,2,2,0.0
nKLn,2,1,3,0.67
nKLs,2,1,3,0.67
nKMB,5,3,8,0.62
nKMD,1,0,1,1.0
nKML,2,1,3,0.67
nKMM,1,5,6,0.17
nKMN,4,2,6,0.67
nKMP,6,3,9,0.67
nKMS,1,4,5,0.2
nKMb,6,0,6,1.0
nKMh,6,3,9,0.67
nKMj,1,1,2,0.5
nKMl,0,2,2,0.0
nKMm,3,2,5,0.6
nKMn,4,3,7,0.57
nKMs,2,3,5,0.4
nKMt,0,1,1,0.0
nKNB,1,4,5,0.2
nKNH,0,0,0,
nKNK,0,1,1,0.0
nKNL,2,2,4,0.5
nKNM,0,3,3,0.0
nKNN,2,0,2,1.0
nKNP,6,7,13,0.46
nKNS,4,3,7,0.57
nKNb,4,2,6,0.67
nKNl,2,1,3,0.67
nKNm,2,1,3,0.67
nKNn,4,2,6,0.67
nKNs,4,1,5,0.8
nKPB,9,4,13,0.69
nKPD,0,1,1,0.0
nKPH,0,4,4,0.0
nKPI,1,0,1,1.0
nKPK,0,2,2,0.0
nKPL,3,1,4,0.75
nKPM,7,8,15,0.47
nKPN,2,5,7,0.29
nKPP,9,11,20,0.45
nKPS,4,1,5,0.8
nKPb,7,9,16,0.44
nKPh,0,2,2,0.0
nKPl,5,2,7,0.71
nKPm,5,6,11,0.45
nKPn,4,4,8,0.5
nKPs,2,3,5,0.4
nKPt,1,1,2,0.5
nKSB,4,1,5,0.8
nKSH,1,0,1,1.0
nKSK,1,0,1,1.0
nKSL,0,1,1,0.0
nKSM,4,3,7,0.57
nKSN,0,2,2,0.0
nKSP,6,5,11,0.55
nKSS,2,3,5,0.4
nKSb,1,2,3,0.33
nKSh,3,2,5,0.6
nKSl,1,1,2,0.5
nKSm,3,3,6,0.5
nKSn,4,2,6,0.67
nKSs,3,6,9,0.33
nKSt,0,1,1,0.0
nKbB,0,3,3,0.0
nKbD,1,1,2,0.5
nKbH,0,2,2,0.0
nKbL,0,0,0,
nKbM,3,6,9,0.33
nKbN,5,3,8,0.62
nKbP,6,4,10,0.6
nKbS,5,2,7,0.71
nKbb,9,2,11,0.82
nKbl,2,2,4,0.5
nKbm,2,2,4,0.5
nKbn,2,2,4,0.5
nKbs,0,1,1,0.0
nKhB,2,1,3,0.67
nKhH,1,0,1,1.0
nKhL,2,3,5,0.4
nKhM,4,1,5,0.8
nKhN,2,1,3,0.67
nKhP,4,3,7,0.57
nKhS,0,5,5,0.0
nKhb,1,6,7,0.14
nKhh,2,3,5,0.4
nKhl,2,4,6,0.33
nKhm,4,1,5,0.8
nKhn,3,3,6,0.5
nKhs,2,4,6,0.33
nKlB,1,0,1,1.0
nKlH,2,1,3,0.67
nKlJ,1,0,1,1.0
nKlL,3,2,5,0.6
nKlM,3,7,10,0.3
nKlN,4,3,7,0.57
nKlP,4,4,8,0.5
nKlS,0,1,1,0.0
nKlb,1,1,2,0.5
nKll,2,1,3,0.67
nKlm,2,1,3,0.67
nKln,2,1,3,0.67
nKls,1,3,4,0.25
nKmB,3,3,6,0.5
nKmH,2,6,8,0.25
nKmL,1,1,2,0.5
nKmM,3,6,9,0.33
nKmN,4,2,6,0.67
nKmP,4,8,12,0.33
nKmS,3,1,4,0.75
nKmb,5,2,7,0.71
nKml,0,1,1,0.0
nKmm,2,3,5,0.4
nKmn,2,3,5,0.4
nKms,1,0,1,1.0
nKnB,1,1,2,0.5
nKnH,5,1,6,0.83
nKnI,1,1,2,0.5
nKnK,2,2,4,0.5
nKnL,1,1,2,0.5
nKnM,5,6,11,0.45
nKnN,3,2,5,0.6
nKnP,8,6,14,0.57
nKnS,10,2,12,0.83
nKnb,4,5,9,0.44
nKnl,2,1,3,0.67
nKnm,3,2,5,0.6
nKnn,7,4,11,0.64
nKns,3,5,8,0.38
nKsB,1,1,2,0.5
nKsH,4,2,6,0.67
nKsI,0,1,1,0.0
nKsL,1,0,1,1.0
nKsM,1,5,6,0.17
nKsN,4,3,7,0.57
nKsP,5,3,8,0.62
nKsS,6,2,8,0.75
nKsb,3,5,8,0.38
nKsl,0,1,1,0.0
nKsm,0,1,1,0.0
nKsn,4,0,4,1.0
nKss,2,2,4,0.5
nKtH,1,0,1,1.0
nKtL,1,0,1,1.0
nKtM,0,1,1,0.0
nKtP,1,0,1,1.0
nKtb,1,0,1,1.0
nKtl,0,1,1,0.0
nKtm,0,0,0,
nKtn,1,0,1,1.0
nKtt,0,0,0,
nLBB,13,4,17,0.76
nLBK,1,1,2,0.5
nLBL,5,8,13,0.38
nLBM,6,12,18,0.33
nLBN,19,21,40,0.48
nLBP,21,22,43,0.49
nLBS,2,7,9,0.22
nLBb,17,16,33,0.52
nLBh,1,3,4,0.25
nLBj,7,5,12,0.58
nLBl,6,7,13,0.46
nLBm,8,13,21,0.38
nLBn,17,14,31,0.55
nLBs,3,6,9,0.33
nLBt,0,3,3,0.0
nLDB,0,1,1,0.0
nLDH,0,4,4,0.0
nLDL,0,1,1,0.0
nLDM,1,0,1,1.0
nLDN,1,1,2,0.5
nLDP,1,1,2,0.5
nLDS,1,1,2,0.5
nLDb,0,1,1,0.0
nLDl,2,0,2,1.0
nLDm,1,1,2,0.5
nLDs,1,0,1,1.0
nLHM,0,1,1,0.0
nLHb,0,0,0,
nLKL,1,0,1,1.0
nLKM,2,0,2,1.0
nLKN,0,0,0,
nLKP,2,1,3,0.67
nLKS,0,1,1,0.0
nLKb,1,0,1,1.0
nLKh,1,0,1,1.0
nLKl,0,0,0,
nLKm,2,0,2,1.0
nLKn,1,4,5,0.2
nLKs,2,2,4,0.5
nLLB,6,5,11,0.55
nLLL,1,4,5,0.2
nLLM,7,5,12,0.58
nLLN,8,3,11,0.73
nLLP,5,3,8,0.62
nLLS,4,0,4,1.0
nLLb,7,3,10,0.7
nLLh,1,3,4,0.25
nLLj,2,0,2,1.0
nLLl,3,3,6,0.5
nLLm,9,9,18,0.5
nLLn,9,7,16,0.56
nLLs,2,8,10,0.2
nLLt,1,1,2,0.5
nLMB,23,10,33,0.7
nLMD,2,2,4,0.5
nLML,6,5,11,0.55
nLMM,11,14,25,0.44
nLMN,14,13,27,0.52
nLMP,18,24,42,0.43
nLMS,10,6,16,0.62
nLMb,23,14,37,0.62
nLMh,7,15,22,0.32
nLMj,3,6,9,0.33
nLMl,8,4,12,0.67
nLMm,14,12,26,0.54
nLMn,31,20,51,0.61
nLMs,7,9,16,0.44
nLMt,2,0,2,1.0
nLNB,14,8,22,0.64
nLND,3,2,5,0.6
nLNH,2,3,5,0.4
nLNK,0,0,0,
nLNL,6,7,13,0.46
nLNM,12,18,30,0.4
nLNN,21,18,39,0.54
nLNP,25,29,54,0.46
nLNS,7,13,20,0.35
nLNb,16,16,32,0.5
nLNh,6,6,12,0.5
nLNl,6,4,10,0.6
nLNm,15,13,28,0.54
nLNn,20,23,43,0.47
nLNs,10,9,19,0.53
nLNt,1,4,5,0.2
nLPB,14,16,30,0.47
nLPD,1,5,6,0.17
nLPH,8,8,16,0.5
nLPI,1,0,1,1.0
nLPK,2,2,4,0.5
nLPL,7,9,16,0.44
nLPM,12,23,35,0.34
nLPN,24,17,41,0.59
nLPP,40,38,78,0.51
nLPS,15,20,35,0.43
nLPb,25,18,43,0.58
nLPh,3,1,4,0.75
nLPl,8,10,18,0.44
nLPm,23,9,32,0.72
nLPn,23,21,44,0.52
nLPs,16,12,28,0.57
nLPt,3,2,5,0.6
nLSB,1,6,7,0.14
nLSH,2,2,4,0.5
nLSK,0,1,1,0.0
nLSL,2,1,3,0.67
nLSM,10,9,19,0.53
nLSN,10,9,19,0.53
nLSP,12,11,23,0.52
nLSS,7,13,20,0.35
nLSb,7,13,20,0.35
nLSh,9,7,16,0.56
nLSl,6,4,10,0.6
nLSm,8,12,20,0.4
nLSn,15,16,31,0.48
nLSs,11,8,19,0.58
nLSt,0,1,1,0.0
nLbB,9,14,23,0.39
nLbD,0,1,1,0.0
nLbH,7,7,14,0.5
nLbI,1,3,4,0.25
nLbJ,3,2,5,0.6
nLbK,1,3,4,0.25
nLbL,5,7,12,0.42
nLbM,10,15,25,0.4
nLbN,12,21,33,0.36
nLbP,26,18,44,0.59
nLbS,9,9,18,0.5
nLbb,23,22,45,0.51
nLbl,6,4,10,0.6
nLbm,10,10,20,0.5
nLbn,21,22,43,0.49
nLbs,15,3,18,0.83
nLhB,4,4,8,0.5
nLhH,2,1,3,0.67
nLhL,3,3,6,0.5
nLhM,5,2,7,0.71
nLhN,7,12,19,0.37
nLhP,11,7,18,0.61
nLhS,6,3,9,0.67
nLhb,6,6,12,0.5
nLhh,7,9,16,0.44
nLhl,3,2,5,0.6
nLhm,4,6,10,0.4
nLhn,11,7,18,0.61
nLhs,4,6,10,0.4
nLht,0,2,2,0.0
nLjB,1,9,10,0.1
nLjD,0,0,0,
nLjH,2,2,4,0.5
nLjK,1,0,1,1.0
nLjL,4,2,6,0.67
nLjM,5,7,12,0.42
nLjN,8,3,11,0.73
nLjP,5,9,14,0.36
nLjS,5,7,12,0.42
nLjb,2,5,7,0.29
nLjh,1,1,2,0.5
nLjl,1,4,5,0.2
nLjm,4,3,7,0.57
nLjn,6,8,14,0.43
nLjs,4,2,6,0.67
nLlB,4,5,9,0.44
nLlH,7,5,12,0.58
nLlJ,3,1,4,0.75
nLlK,0,1,1,0.0
nLlL,3,2,5,0.6
nLlM,4,8,12,0.33
nLlN,6,4,10,0.6
nLlP,11,16,27,0.41
nLlS,6,7,13,0.46
nLlb,12,11,23,0.52
nLll,4,4,8,0.5
nLlm,3,7,10,0.3
nLln,12,6,18,0.67
nLls,7,8,15,0.47
nLmB,6,8,14,0.43
nLmD,1,3,4,0.25
nLmH,13,6,19,0.68
nLmI,0,3,3,0.0
nLmJ,2,3,5,0.4
nLmL,8,5,13,0.62
nLmM,14,17,31,0.45
nLmN,14,15,29,0.48
nLmP,15,20,35,0.43
nLmS,8,12,20,0.4
nLmb,14,13,27,0.52
nLml,3,4,7,0.43
nLmm,7,10,17,0.41
nLmn,10,12,22,0.45
nLms,6,7,13,0.46
nLnB,10,12,22,0.45
nLnD,3,3,6,0.5
nLnH,11,17,28,0.39
nLnI,1,2,3,0.33
nLnK,4,1,5,0.8
nLnL,8,5,13,0.62
nLnM,22,20,42,0.52
nLnN,31,35,66,0.47
nLnP,35,37,72,0.49
nLnS,18,20,38,0.47
nLnb,22,23,45,0.49
nLnh,3,0,3,1.0
nLnl,8,11,19,0.42
nLnm,16,10,26,0.62
nLnn,24,24,48,0.5
nLns,17,12,29,0.59
nLsB,8,4,12,0.67
nLsD,1,2,3,0.33
nLsH,10,5,15,0.67
nLsI,3,0,3,1.0
nLsL,4,1,5,0.8
nLsM,14,16,30,0.47
nLsN,10,10,20,0.5
nLsP,11,14,25,0.44
nLsS,5,11,16,0.31
nLsb,8,12,20,0.4
nLsh,1,1,2,0.5
nLsl,3,7,10,0.3
nLsm,13,11,24,0.54
nLsn,6,16,22,0.27
nLss,8,4,12,0.67
nLtB,1,1,2,0.5
nLtH,4,0,4,1.0
nLtL,1,1,2,0.5
nLtM,3,4,7,0.43
nLtN,2,2,4,0.5
nLtP,6,4,10,0.6
nLtS,4,1,5,0.8
nLtb,5,3,8,0.62
nLtl,4,4,8,0.5
nLtm,4,2,6,0.67
nLtn,6,3,9,0.67
nLts,1,0,1,1.0
nLtt,1,1,2,0.5
nMBB,34,32,66,0.52
nMBD,6,1,7,0.86
nMBK,4,4,8,0.5
nMBL,10,16,26,0.38
nMBM,28,36,64,0.44
nMBN,35,43,78,0.45
nMBP,45,38,83,0.54
nMBS,15,16,31,0.48
nMBb,30,40,70,0.43
nMBh,1,2,3,0.33
nMBj,9,10,19,0.47
nMBl,7,12,19,0.37
nMBm,29,20,49,0.59
nMBn,60,46,106,0.57
nMBs,13,19,32,0.41
nMBt,6,8,14,0.43
nMDB,1,0,1,1.0
nMDD,1,0,1,1.0
nMDH,2,2,4,0.5
nMDL,0,1,1,0.0
nMDM,2,3,5,0.4
nMDN,4,0,4,1.0
nMDP,3,3,6,0.5
nMDS,1,0,1,1.0
nMDb,3,3,6,0.5
nMDl,0,1,1,0.0
nMDm,2,4,6,0.33
nMDn,3,2,5,0.6
nMHm,0,2,2,0.0
nMKS,1,0,1,1.0
nMKh,0,2,2,0.0
nMKm,0,2,2,0.0
nMKn,0,0,0,
nMKs,1,0,1,1.0
nMLB,13,15,28,0.46
nMLD,0,2,2,0.0
nMLH,0,2,2,0.0
nMLK,0,1,1,0.0
nMLL,5,3,8,0.62
nMLM,13,17,30,0.43
nMLN,18,12,30,0.6
nMLP,18,21,39,0.46
nMLS,4,9,13,0.31
nMLb,21,13,34,0.62
nMLh,9,9,18,0.5
nMLj,4,0,4,1.0
nMLl,5,11,16,0.31
nMLm,10,6,16,0.62
nMLn,21,24,45,0.47
nMLs,7,10,17,0.41
nMLt,2,1,3,0.67
nMMB,32,32,64,0.5
nMMD,2,1,3,0.67
nMMH,0,1,1,0.0
nMMK,0,0,0,
nMML,10,10,20,0.5
nMMM,35,37,72,0.49
nMMN,34,45,79,0.43
nMMP,53,55,108,0.49
nMMS,18,27,45,0.4
nMMb,40,55,95,0.42
nMMh,32,31,63,0.51
nMMj,6,10,16,0.38
nMMl,17,20,37,0.46
nMMm,41,29,70,0.59
nMMn,78,73,151,0.52
nMMs,14,15,29,0.48
nMMt,2,7,9,0.22
nMNB,29,23,52,0.56
nMND,5,1,6,0.83
nMNH,7,4,11,0.64
nMNK,3,2,5,0.6
nMNL,17,11,28,0.61
nMNM,30,47,77,0.39
nMNN,45,60,105,0.43
nMNP,86,61,147,0.59
nMNS,34,29,63,0.54
nMNb,37,45,82,0.45
nMNh,16,14,30,0.53
nMNl,18,14,32,0.56
nMNm,46,27,73,0.63
nMNn,64,63,127,0.5
nMNs,41,27,68,0.6
nMNt,9,10,19,0.47
nMPB,37,33,70,0.53
nMPD,6,2,8,0.75
nMPH,24,17,41,0.59
nMPI,3,7,10,0.3
nMPK,5,3,8,0.62
nMPL,12,20,32,0.38
nMPM,66,64,130,0.51
nMPN,55,71,126,0.44
nMPP,84,82,166,0.51
nMPS,36,50,86,0.42
nMPb,41,65,106,0.39
nMPh,4,6,10,0.4
nMPl,23,23,46,0.5
nMPm,51,46,97,0.53
nMPn,54,51,105,0.51
nMPs,30,32,62,0.48
nMPt,3,5,8,0.38
nMSB,17,13,30,0.57
nMSD,0,1,1,0.0
nMSH,6,10,16,0.38
nMSK,2,2,4,0.5
nMSL,13,11,24,0.54
nMSM,27,30,57,0.47
nMSN,22,30,52,0.42
nMSP,45,30,75,0.6
nMSS,23,25,48,0.48
nMSb,23,26,49,0.47
nMSh,22,16,38,0.58
nMSl,13,6,19,0.68
nMSm,24,23,47,0.51
nMSn,40,37,77,0.52
nMSs,22,20,42,0.52
nMSt,10,10,20,0.5
nMbB,20,24,44,0.45
nMbD,1,4,5,0.2
nMbH,14,18,32,0.44
nMbI,5,4,9,0.56
nMbJ,13,15,28,0.46
nMbK,6,4,10,0.6
nMbL,10,17,27,0.37
nMbM,33,51,84,0.39
nMbN,72,58,130,0.55
nMbP,50,54,104,0.48
nMbS,27,18,45,0.6
nMbb,47,50,97,0.48
nMbl,12,18,30,0.4
nMbm,30,23,53,0.57
nMbn,65,40,105,0.62
nMbs,22,22,44,0.5
nMhB,17,16,33,0.52
nMhD,1,2,3,0.33
nMhH,8,7,15,0.53
nMhI,4,0,4,1.0
nMhK,0,2,2,0.0
nMhL,12,12,24,0.5
nMhM,42,31,73,0.58
nMhN,42,26,68,0.62
nMhP,54,44,98,0.55
nMhS,25,27,52,0.48
nMhb,31,28,59,0.53
nMhh,28,33,61,0.46
nMhl,24,13,37,0.65
nMhm,23,26,49,0.47
nMhn,60,36,96,0.62
nMhs,36,23,59,0.61
nMht,5,2,7,0.71
nMjB,8,12,20,0.4
nMjD,0,2,2,0.0
nMjH,6,5,11,0.55
nMjI,1,1,2,0.5
nMjK,1,0,1,1.0
nMjL,3,5,8,0.38
nMjM,13,18,31,0.42
nMjN,17,11,28,0.61
nMjP,17,17,34,0.5
nMjS,16,10,26,0.62
nMjb,8,15,23,0.35
nMjh,4,1,5,0.8
nMjl,2,6,8,0.25
nMjm,10,7,17,0.59
nMjn,26,9,35,0.74
nMjs,6,11,17,0.35
nMjt,1,2,3,0.33
nMlB,10,16,26,0.38
nMlD,3,1,4,0.75
nMlH,13,14,27,0.48
nMlI,1,0,1,1.0
nMlJ,7,1,8,0.88
nMlK,2,1,3,0.67
nMlL,9,8,17,0.53
nMlM,13,25,38,0.34
nMlN,27,22,49,0.55
nMlP,26,21,47,0.55
nMlS,11,14,25,0.44
nMlb,16,29,45,0.36
nMll,8,10,18,0.44
nMlm,8,12,20,0.4
nMln,27,23,50,0.54
nMls,12,12,24,0.5
nMmB,21,14,35,0.6
nMmD,6,3,9,0.67
nMmH,26,23,49,0.53
nMmI,0,1,1,0.0
nMmJ,8,7,15,0.53
nMmK,0,0,0,
nMmL,7,13,20,0.35
nMmM,37,31,68,0.54
nMmN,44,44,88,0.5
nMmP,42,40,82,0.51
nMmS,36,26,62,0.58
nMmb,33,22,55,0.6
nMmh,0,0,0,
nMml,8,8,16,0.5
nMmm,25,24,49,0.51
nMmn,46,38,84,0.55
nMms,16,13,29,0.55
nMnB,45,30,75,0.6
nMnD,7,6,13,0.54
nMnH,40,50,90,0.44
nMnI,4,6,10,0.4
nMnK,4,10,14,0.29
nMnL,16,23,39,0.41
nMnM,61,61,122,0.5
nMnN,101,101,202,0.5
nMnP,105,107,212,0.5
nMnS,57,44,101,0.56
nMnb,63,55,118,0.53
nMnh,2,5,7,0.29
nMnl,32,16,48,0.67
nMnm,58,34,92,0.63
nMnn,84,72,156,0.54
nMns,38,53,91,0.42
nMnt,1,0,1,1.0
nMsB,8,14,22,0.36
nMsD,2,6,8,0.25
nMsH,17,27,44,0.39
nMsI,4,3,7,0.57
nMsL,13,11,24,0.54
nMsM,24,16,40,0.6
nMsN,42,24,66,0.64
nMsP,44,45,89,0.49
nMsS,24,25,49,0.49
nMsb,19,26,45,0.42
nMsh,3,0,3,1.0
nMsl,13,6,19,0.68
nMsm,15,18,33,0.45
nMsn,37,21,58,0.64
nMss,21,12,33,0.64
nMst,1,1,2,0.5
nMtB,5,2,7,0.71
nMtH,10,1,11,0.91
nMtL,3,5,8,0.38
nMtM,8,13,21,0.38
nMtN,7,13,20,0.35
nMtP,14,20,34,0.41
nMtS,5,11,16,0.31
nMtb,5,6,11,0.45
nMtl,0,0,0,
nMtm,10,4,14,0.71
nMtn,10,10,20,0.5
nMts,3,6,9,0.33
nMtt,2,3,5,0.4
nNBB,31,32,63,0.49
nNBD,2,3,5,0.4
nNBH,1,0,1,1.0
nNBK,4,0,4,1.0
nNBL,17,17,34,0.5
nNBM,28,43,71,0.39
nNBN,56,49,105,0.53
nNBP,63,39,102,0.62
nNBS,20,21,41,0.49
nNBb,49,33,82,0.6
nNBh,8,7,15,0.53
nNBj,15,12,27,0.56
nNBl,18,19,37,0.49
nNBm,34,29,63,0.54
nNBn,63,63,126,0.5
nNBs,18,22,40,0.45
nNBt,12,11,23,0.52
nNDB,9,2,11,0.82
nNDD,0,1,1,0.0
nNDH,6,3,9,0.67
nNDK,1,0,1,1.0
nNDL,4,0,4,1.0
nNDM,4,2,6,0.67
nNDN,4,4,8,0.5
nNDP,4,6,10,0.4
nNDS,6,4,10,0.6
nNDb,7,3,10,0.7
nNDh,0,0,0,
nNDl,3,3,6,0.5
nNDm,6,1,7,0.86
nNDn,4,6,10,0.4
nNDs,4,5,9,0.44
nNDt,1,0,1,1.0
nNHB,5,10,15,0.33
nNHD,0,1,1,0.0
nNHH,3,4,7,0.43
nNHI,0,0,0,
nNHK,3,1,4,0.75
nNHL,4,2,6,0.67
nNHM,7,9,16,0.44
nNHN,9,11,20,0.45
nNHP,23,14,37,0.62
nNHS,7,10,17,0.41
nNHb,11,5,16,0.69
nNHh,1,2,3,0.33
nNHl,7,4,11,0.64
nNHm,3,8,11,0.27
nNHn,7,9,16,0.44
nNHs,13,9,22,0.59
nNHt,3,0,3,1.0
nNIB,0,1,1,0.0
nNID,0,1,1,0.0
nNIL,1,0,1,1.0
nNIP,0,2,2,0.0
nNIS,1,1,2,0.5
nNIb,1,0,1,1.0
nNIm,1,0,1,1.0
nNKB,4,4,8,0.5
nNKH,0,2,2,0.0
nNKI,1,0,1,1.0
nNKL,0,1,1,0.0
nNKM,5,8,13,0.38
nNKN,5,2,7,0.71
nNKP,4,3,7,0.57
nNKS,4,6,10,0.4
nNKb,1,3,4,0.25
nNKh,6,1,7,0.86
nNKl,7,3,10,0.7
nNKm,8,4,12,0.67
nNKn,1,5,6,0.17
nNKs,4,4,8,0.5
nNKt,0,1,1,0.0
nNLB,18,18,36,0.5
nNLD,0,1,1,0.0
nNLK,1,1,2,0.5
nNLL,12,7,19,0.63
nNLM,12,19,31,0.39
nNLN,20,24,44,0.45
nNLP,22,41,63,0.35
nNLS,6,15,21,0.29
nNLb,15,26,41,0.37
nNLh,9,12,21,0.43
nNLj,5,5,10,0.5
nNLl,9,12,21,0.43
nNLm,17,18,35,0.49
nNLn,31,23,54,0.57
nNLs,5,15,20,0.25
nNLt,3,5,8,0.38
nNMB,41,35,76,0.54
nNMD,2,4,6,0.33
nNMH,0,1,1,0.0
nNMK,0,0,0,
nNML,13,16,29,0.45
nNMM,42,50,92,0.46
nNMN,59,63,122,0.48
nNMP,65,81,146,0.45
nNMS,29,29,58,0.5
nNMb,67,54,121,0.55
nNMh,33,42,75,0.44
nNMj,15,15,30,0.5
nNMl,25,18,43,0.58
nNMm,51,50,101,0.5
nNMn,86,78,164,0.52
nNMs,36,34,70,0.51
nNMt,12,8,20,0.6
nNNB,52,49,101,0.51
nNND,5,4,9,0.56
nNNH,12,8,20,0.6
nNNK,6,5,11,0.55
nNNL,23,20,43,0.53
nNNM,61,61,122,0.5
nNNN,71,82,153,0.46
nNNP,110,124,234,0.47
nNNS,58,56,114,0.51
nNNb,58,57,115,0.5
nNNh,29,37,66,0.44
nNNl,29,37,66,0.44
nNNm,57,48,105,0.54
nNNn,119,98,217,0.55
nNNs,41,50,91,0.45
nNNt,11,11,22,0.5
nNPB,62,64,126,0.49
nNPD,8,9,17,0.47
nNPH,24,27,51,0.47
nNPI,5,5,10,0.5
nNPK,6,8,14,0.43
nNPL,42,43,85,0.49
nNPM,96,112,208,0.46
nNPN,118,91,209,0.56
nNPP,148,153,301,0.49
nNPS,73,80,153,0.48
nNPb,91,82,173,0.53
nNPh,12,18,30,0.4
nNPl,38,43,81,0.47
nNPm,84,67,151,0.56
nNPn,101,111,212,0.48
nNPs,79,69,148,0.53
nNPt,18,13,31,0.58
nNSB,25,25,50,0.5
nNSD,3,4,7,0.43
nNSH,12,9,21,0.57
nNSK,2,1,3,0.67
nNSL,7,17,24,0.29
nNSM,40,47,87,0.46
nNSN,51,38,89,0.57
nNSP,71,77,148,0.48
nNSS,42,25,67,0.63
nNSb,28,39,67,0.42
nNSh,33,25,58,0.57
nNSl,20,10,30,0.67
nNSm,41,34,75,0.55
nNSn,66,51,117,0.56
nNSs,44,47,91,0.48
nNSt,8,7,15,0.53
nNbB,42,52,94,0.45
nNbD,7,4,11,0.64
nNbH,9,7,16,0.56
nNbI,1,4,5,0.2
nNbJ,20,10,30,0.67
nNbK,4,7,11,0.36
nNbL,19,17,36,0.53
nNbM,55,57,112,0.49
nNbN,82,65,147,0.56
nNbP,74,64,138,0.54
nNbS,29,34,63,0.46
nNbb,67,59,126,0.53
nNbl,17,20,37,0.46
nNbm,37,31,68,0.54
nNbn,63,48,111,0.57
nNbs,29,30,59,0.49
nNhB,6,19,25,0.24
nNhD,1,0,1,1.0
nNhH,3,2,5,0.6
nNhI,1,1,2,0.5
nNhK,0,1,1,0.0
nNhL,10,10,20,0.5
nNhM,20,21,41,0.49
nNhN,18,25,43,0.42
nNhP,35,37,72,0.49
nNhS,13,18,31,0.42
nNhb,19,18,37,0.51
nNhh,16,15,31,0.52
nNhl,16,11,27,0.59
nNhm,16,16,32,0.5
nNhn,32,32,64,0.5
nNhs,20,18,38,0.53
nNht,2,3,5,0.4
nNlB,20,13,33,0.61
nNlD,4,5,9,0.44
nNlH,18,19,37,0.49
nNlI,1,1,2,0.5
nNlJ,7,5,12,0.58
nNlK,2,2,4,0.5
nNlL,8,11,19,0.42
nNlM,34,27,61,0.56
nNlN,36,37,73,0.49
nNlP,36,32,68,0.53
nNlS,23,24,47,0.49
nNlb,30,17,47,0.64
nNll,12,11,23,0.52
nNlm,14,19,33,0.42
nNln,25,30,55,0.45
nNls,14,15,29,0.48
nNmB,33,35,68,0.49
nNmD,8,6,14,0.57
nNmH,35,27,62,0.56
nNmI,2,7,9,0.22
nNmJ,10,8,18,0.56
nNmL,11,17,28,0.39
nNmM,44,52,96,0.46
nNmN,59,50,109,0.54
nNmP,66,64,130,0.51
nNmS,31,33,64,0.48
nNmb,37,47,84,0.44
nNmh,0,2,2,0.0
nNml,12,15,27,0.44
nNmm,34,26,60,0.57
nNmn,56,49,105,0.53
nNms,28,18,46,0.61
nNnB,62,51,113,0.55
nNnD,7,4,11,0.64
nNnH,49,42,91,0.54
nNnI,8,11,19,0.42
nNnK,6,10,16,0.38
nNnL,36,34,70,0.51
nNnM,66,86,152,0.43
nNnN,129,112,241,0.54
nNnP,124,146,270,0.46
nNnS,71,59,130,0.55
nNnb,81,71,152,0.53
nNnh,2,3,5,0.4
nNnl,39,36,75,0.52
nNnm,62,51,113,0.55
nNnn,97,112,209,0.46
nNns,60,61,121,0.5
nNsB,24,18,42,0.57
nNsD,6,6,12,0.5
nNsH,31,52,83,0.37
nNsI,7,6,13,0.54
nNsK,0,1,1,0.0
nNsL,10,24,34,0.29
nNsM,34,27,61,0.56
nNsN,55,41,96,0.57
nNsP,58,83,141,0.41
nNsS,29,43,72,0.4
nNsb,35,34,69,0.51
nNsh,3,0,3,1.0
nNsl,14,26,40,0.35
nNsm,33,34,67,0.49
nNsn,38,50,88,0.43
nNss,25,33,58,0.43
nNtB,8,3,11,0.73
nNtD,1,0,1,1.0
nNtH,5,7,12,0.42
nNtI,0,1,1,0.0
nNtK,1,1,2,0.5
nNtL,3,6,9,0.33
nNtM,12,8,20,0.6
nNtN,22,11,33,0.67
nNtP,25,18,43,0.58
nNtS,10,16,26,0.38
nNtb,9,9,18,0.5
nNtl,3,4,7,0.43
nNtm,12,7,19,0.63
nNtn,14,12,26,0.54
nNts,5,10,15,0.33
nNtt,4,3,7,0.57
nPBB,51,56,107,0.48
nPBD,5,5,10,0.5
nPBH,0,2,2,0.0
nPBK,2,4,6,0.33
nPBL,22,15,37,0.59
nPBM,51,48,99,0.52
nPBN,51,55,106,0.48
nPBP,72,50,122,0.59
nPBS,27,32,59,0.46
nPBb,47,46,93,0.51
nPBh,4,10,14,0.29
nPBj,25,12,37,0.68
nPBl,28,18,46,0.61
nPBm,41,40,81,0.51
nPBn,66,71,137,0.48
nPBs,23,21,44,0.52
nPBt,11,4,15,0.73
nPDB,2,6,8,0.25
nPDH,4,3,7,0.57
nPDL,1,0,1,1.0
nPDM,4,5,9,0.44
nPDN,6,3,9,0.67
nPDP,7,7,14,0.5
nPDS,3,3,6,0.5
nPDb,5,5,10,0.5
nPDl,2,1,3,0.67
nPDm,8,9,17,0.47
nPDn,3,4,7,0.43
nPDs,4,6,10,0.4
nPDt,1,0,1,1.0
nPHB,13,11,24,0.54
nPHD,2,4,6,0.33
nPHH,3,5,8,0.38
nPHI,3,0,3,1.0
nPHK,2,3,5,0.4
nPHL,14,12,26,0.54
nPHM,20,32,52,0.38
nPHN,26,29,55,0.47
nPHP,32,29,61,0.52
nPHS,25,20,45,0.56
nPHb,23,21,44,0.52
nPHh,5,7,12,0.42
nPHl,16,5,21,0.76
nPHm,10,17,27,0.37
nPHn,35,31,66,0.53
nPHs,17,13,30,0.57
nPHt,1,1,2,0.5
nPIB,2,8,10,0.2
nPID,0,0,0,
nPIH,3,4,7,0.43
nPII,2,0,2,1.0
nPIK,1,0,1,1.0
nPIL,6,2,8,0.75
nPIM,3,2,5,0.6
nPIN,6,7,13,0.46
nPIP,11,3,14,0.79
nPIS,6,5,11,0.55
nPIb,2,5,7,0.29
nPIl,1,1,2,0.5
nPIm,8,4,12,0.67
nPIn,7,1,8,0.88
nPIs,5,4,9,0.56
nPIt,0,1,1,0.0
nPKB,7,10,17,0.41
nPKD,0,0,0,
nPKH,0,0,0,
nPKI,0,1,1,0.0
nPKL,6,8,14,0.43
nPKM,8,7,15,0.53
nPKN,9,3,12,0.75
nPKP,8,7,15,0.53
nPKS,3,8,11,0.27
nPKb,6,5,11,0.55
nPKh,5,6,11,0.45
nPKl,5,4,9,0.56
nPKm,7,9,16,0.44
nPKn,4,4,8,0.5
nPKs,6,4,10,0.6
nPLB,22,20,42,0.52
nPLD,3,2,5,0.6
nPLH,1,0,1,1.0
nPLK,0,1,1,0.0
nPLL,14,14,28,0.5
nPLM,24,31,55,0.44
nPLN,27,23,50,0.54
nPLP,48,40,88,0.55
nPLS,23,25,48,0.48
nPLb,21,35,56,0.38
nPLh,13,18,31,0.42
nPLj,13,6,19,0.68
nPLl,25,25,50,0.5
nPLm,29,20,49,0.59
nPLn,36,43,79,0.46
nPLs,18,14,32,0.56
nPLt,5,5,10,0.5
nPMB,54,56,110,0.49
nPMD,6,5,11,0.55
nPMK,0,1,1,0.0
nPML,23,28,51,0.45
nPMM,62,80,142,0.44
nPMN,71,66,137,0.52
nPMP,86,98,184,0.47
nPMS,39,36,75,0.52
nPMb,75,76,151,0.5
nPMh,49,71,120,0.41
nPMj,16,23,39,0.41
nPMl,39,32,71,0.55
nPMm,60,45,105,0.57
nPMn,94,103,197,0.48
nPMs,45,50,95,0.47
nPMt,17,8,25,0.68
nPNB,59,47,106,0.56
nPND,2,7,9,0.22
nPNH,9,7,16,0.56
nPNK,6,7,13,0.46
nPNL,29,33,62,0.47
nPNM,88,91,179,0.49
nPNN,90,73,163,0.55
nPNP,126,133,259,0.49
nPNS,64,59,123,0.52
nPNb,76,58,134,0.57
nPNh,48,45,93,0.52
nPNl,38,34,72,0.53
nPNm,56,55,111,0.5
nPNn,119,105,224,0.53
nPNs,75,52,127,0.59
nPNt,14,11,25,0.56
nPPB,97,96,193,0.5
nPPD,9,9,18,0.5
nPPH,37,20,57,0.65
nPPI,11,10,21,0.52
nPPK,10,11,21,0.48
nPPL,64,70,134,0.48
nPPM,109,124,233,0.47
nPPN,132,92,224,0.59
nPPP,201,179,380,0.53
nPPS,80,101,181,0.44
nPPb,145,123,268,0.54
nPPh,11,17,28,0.39
nPPl,75,71,146,0.51
nPPm,105,84,189,0.56
nPPn,121,100,221,0.55
nPPs,81,76,157,0.52
nPPt,13,16,29,0.45
nPSB,30,30,60,0.5
nPSD,2,3,5,0.4
nPSH,9,12,21,0.43
nPSI,1,1,2,0.5
nPSK,0,3,3,0.0
nPSL,23,26,49,0.47
nPSM,41,69,110,0.37
nPSN,38,48,86,0.44
nPSP,74,80,154,0.48
nPSS,48,51,99,0.48
nPSb,52,34,86,0.6
nPSh,26,37,63,0.41
nPSl,34,24,58,0.59
nPSm,42,35,77,0.55
nPSn,64,60,124,0.52
nPSs,54,46,100,0.54
nPSt,8,18,26,0.31
nPbB,66,69,135,0.49
nPbD,4,2,6,0.67
nPbH,20,18,38,0.53
nPbI,10,3,13,0.77
nPbJ,19,16,35,0.54
nPbK,7,7,14,0.5
nPbL,27,39,66,0.41
nPbM,85,75,160,0.53
nPbN,94,76,170,0.55
nPbP,101,98,199,0.51
nPbS,29,26,55,0.53
nPbb,86,64,150,0.57
nPbl,45,25,70,0.64
nPbm,58,41,99,0.59
nPbn,59,71,130,0.45
nPbs,33,30,63,0.52
nPhB,3,10,13,0.23
nPhD,0,1,1,0.0
nPhH,1,4,5,0.2
nPhL,6,1,7,0.86
nPhM,10,7,17,0.59
nPhN,6,5,11,0.55
nPhP,9,8,17,0.53
nPhS,4,12,16,0.25
nPhb,4,5,9,0.44
nPhh,12,11,23,0.52
nPhl,4,3,7,0.57
nPhm,5,4,9,0.56
nPhn,11,8,19,0.58
nPhs,6,13,19,0.32
nPht,2,0,2,1.0
nPlB,24,24,48,0.5
nPlD,2,1,3,0.67
nPlH,22,21,43,0.51
nPlI,1,2,3,0.33
nPlJ,8,16,24,0.33
nPlK,4,1,5,0.8
nPlL,15,16,31,0.48
nPlM,38,40,78,0.49
nPlN,48,37,85,0.56
nPlP,43,53,96,0.45
nPlS,22,36,58,0.38
nPlb,34,41,75,0.45
nPll,21,15,36,0.58
nPlm,32,28,60,0.53
nPln,31,28,59,0.53
nPls,26,15,41,0.63
nPmB,50,55,105,0.48
nPmD,3,6,9,0.33
nPmH,35,33,68,0.51
nPmI,3,6,9,0.33
nPmJ,11,10,21,0.52
nPmK,1,0,1,1.0
nPmL,27,20,47,0.57
nPmM,65,67,132,0.49
nPmN,78,58,136,0.57
nPmP,91,67,158,0.58
nPmS,36,32,68,0.53
nPmb,54,58,112,0.48
nPml,18,13,31,0.58
nPmm,31,44,75,0.41
nPmn,43,52,95,0.45
nPms,23,24,47,0.49
nPnB,48,62,110,0.44
nPnD,10,5,15,0.67
nPnH,29,35,64,0.45
nPnI,10,8,18,0.56
nPnK,0,6,6,0.0
nPnL,30,31,61,0.49
nPnM,93,90,183,0.51
nPnN,93,92,185,0.5
nPnP,134,122,256,0.52
nPnS,66,62,128,0.52
nPnb,73,60,133,0.55
nPnh,2,5,7,0.29
nPnl,40,38,78,0.51
nPnm,65,58,123,0.53
nPnn,80,81,161,0.5
nPns,63,34,97,0.65
nPnt,1,0,1,1.0
nPsB,29,34,63,0.46
nPsD,5,2,7,0.71
nPsH,42,43,85,0.49
nPsI,4,9,13,0.31
nPsK,3,1,4,0.75
nPsL,23,19,42,0.55
nPsM,34,48,82,0.41
nPsN,64,50,114,0.56
nPsP,65,84,149,0.44
nPsS,45,43,88,0.51
nPsb,42,50,92,0.46
nPsh,2,3,5,0.4
nPsl,27,27,54,0.5
nPsm,52,28,80,0.65
nPsn,51,38,89,0.57
nPss,37,43,80,0.46
nPst,0,2,2,0.0
nPtB,9,4,13,0.69
nPtD,1,0,1,1.0
nPtH,2,9,11,0.18
nPtI,1,0,1,1.0
nPtK,3,0,3,1.0
nPtL,7,8,15,0.47
nPtM,7,10,17,0.41
nPtN,9,6,15,0.6
nPtP,14,9,23,0.61
nPtS,7,11,18,0.39
nPtb,8,7,15,0.53
nPth,0,1,1,0.0
nPtl,5,9,14,0.36
nPtm,6,10,16,0.38
nPtn,6,6,12,0.5
nPts,5,5,10,0.5
nPtt,2,0,2,1.0
nSBB,16,20,36,0.44
nSBD,1,0,1,1.0
nSBK,3,1,4,0.75
nSBL,7,6,13,0.54
nSBM,14,25,39,0.36
nSBN,27,21,48,0.56
nSBP,28,31,59,0.47
nSBS,13,20,33,0.39
nSBb,23,16,39,0.59
nSBh,1,5,6,0.17
nSBj,6,5,11,0.55
nSBl,12,9,21,0.57
nSBm,25,13,38,0.66
nSBn,37,29,66,0.56
nSBs,17,12,29,0.59
nSBt,2,6,8,0.25
nSDB,0,2,2,0.0
nSDD,2,0,2,1.0
nSDH,1,3,4,0.25
nSDL,0,1,1,0.0
nSDM,2,4,6,0.33
nSDN,1,3,4,0.25
nSDP,5,3,8,0.62
nSDS,2,2,4,0.5
nSDb,0,3,3,0.0
nSDl,0,0,0,
nSDm,1,1,2,0.5
nSDn,7,3,10,0.7
nSDs,2,3,5,0.4
nSDt,1,0,1,1.0
nSHB,7,8,15,0.47
nSHH,4,4,8,0.5
nSHI,2,0,2,1.0
nSHK,0,1,1,0.0
nSHL,5,2,7,0.71
nSHM,8,6,14,0.57
nSHN,8,9,17,0.47
nSHP,17,11,28,0.61
nSHS,8,11,19,0.42
nSHb,11,13,24,0.46
nSHh,6,7,13,0.46
nSHl,5,6,11,0.45
nSHm,15,3,18,0.83
nSHn,13,22,35,0.37
nSHs,10,13,23,0.43
nSHt,2,2,4,0.5
nSIB,1,0,1,1.0
nSIM,1,0,1,1.0
nSIS,0,1,1,0.0
nSIs,1,0,1,1.0
nSKB,1,3,4,0.25
nSKM,1,0,1,1.0
nSKN,1,1,2,0.5
nSKP,1,0,1,1.0
nSKS,2,1,3,0.67
nSKh,1,1,2,0.5
nSKl,0,1,1,0.0
nSKm,2,1,3,0.67
nSKn,2,0,2,1.0
nSKs,1,1,2,0.5
nSLB,11,13,24,0.46
nSLL,6,4,10,0.6
nSLM,7,12,19,0.37
nSLN,9,6,15,0.6
nSLP,19,13,32,0.59
nSLS,8,9,17,0.47
nSLb,11,10,21,0.52
nSLh,4,4,8,0.5
nSLj,2,2,4,0.5
nSLl,9,5,14,0.64
nSLm,14,5,19,0.74
nSLn,16,18,34,0.47
nSLs,10,12,22,0.45
nSLt,1,3,4,0.25
nSMB,33,22,55,0.6
nSMD,0,2,2,0.0
nSMK,1,0,1,1.0
nSML,15,12,27,0.56
nSMM,29,31,60,0.48
nSMN,20,26,46,0.43
nSMP,37,46,83,0.45
nSMS,21,14,35,0.6
nSMb,42,35,77,0.55
nSMh,23,18,41,0.56
nSMj,8,11,19,0.42
nSMl,14,10,24,0.58
nSMm,21,17,38,0.55
nSMn,49,40,89,0.55
nSMs,17,18,35,0.49
nSMt,6,6,12,0.5
nSNB,22,20,42,0.52
nSND,2,4,6,0.33
nSNH,7,5,12,0.58
nSNI,0,0,0,
nSNK,3,4,7,0.43
nSNL,10,4,14,0.71
nSNM,23,35,58,0.4
nSNN,39,38,77,0.51
nSNP,56,55,111,0.5
nSNS,28,28,56,0.5
nSNb,21,29,50,0.42
nSNh,10,7,17,0.59
nSNl,12,13,25,0.48
nSNm,25,16,41,0.61
nSNn,50,60,110,0.45
nSNs,20,21,41,0.49
nSNt,2,3,5,0.4
nSPB,28,29,57,0.49
nSPD,3,3,6,0.5
nSPH,12,18,30,0.4
nSPI,2,1,3,0.67
nSPK,5,7,12,0.42
nSPL,13,22,35,0.37
nSPM,48,48,96,0.5
nSPN,51,52,103,0.5
nSPP,84,67,151,0.56
nSPS,53,35,88,0.6
nSPb,48,37,85,0.56
nSPh,2,3,5,0.4
nSPl,25,20,45,0.56
nSPm,43,35,78,0.55
nSPn,50,51,101,0.5
nSPs,41,54,95,0.43
nSPt,7,6,13,0.54
nSSB,19,14,33,0.58
nSSD,1,4,5,0.2
nSSH,10,12,22,0.45
nSSI,3,1,4,0.75
nSSK,1,2,3,0.33
nSSL,14,8,22,0.64
nSSM,29,29,58,0.5
nSSN,25,37,62,0.4
nSSP,52,40,92,0.57
nSSS,31,41,72,0.43
nSSb,32,27,59,0.54
nSSh,17,19,36,0.47
nSSl,16,10,26,0.62
nSSm,27,25,52,0.52
nSSn,39,47,86,0.45
nSSs,33,36,69,0.48
nSSt,4,2,6,0.67
nSbB,27,21,48,0.56
nSbD,4,1,5,0.8
nSbH,5,12,17,0.29
nSbI,2,2,4,0.5
nSbJ,11,7,18,0.61
nSbK,3,4,7,0.43
nSbL,11,14,25,0.44
nSbM,34,32,66,0.52
nSbN,47,30,77,0.61
nSbP,27,24,51,0.53
nSbS,26,17,43,0.6
nSbb,27,42,69,0.39
nSbl,9,13,22,0.41
nSbm,27,11,38,0.71
nSbn,29,26,55,0.53
nSbs,19,14,33,0.58
nShB,11,15,26,0.42
nShD,2,2,4,0.5
nShH,3,5,8,0.38
nShI,2,3,5,0.4
nShL,4,5,9,0.44
nShM,21,23,44,0.48
nShN,17,31,48,0.35
nShP,28,23,51,0.55
nShS,24,27,51,0.47
nShb,14,22,36,0.39
nShh,18,21,39,0.46
nShl,17,4,21,0.81
nShm,20,17,37,0.54
nShn,22,25,47,0.47
nShs,24,23,47,0.51
nSht,9,4,13,0.69
nSlB,10,4,14,0.71
nSlD,1,1,2,0.5
nSlH,7,6,13,0.54
nSlI,1,2,3,0.33
nSlJ,4,2,6,0.67
nSlL,8,2,10,0.8
nSlM,11,17,28,0.39
nSlN,15,20,35,0.43
nSlP,19,28,47,0.4
nSlS,12,10,22,0.55
nSlb,18,30,48,0.38
nSll,8,5,13,0.62
nSlm,11,3,14,0.79
nSln,11,10,21,0.52
nSls,7,8,15,0.47
nSmB,12,19,31,0.39
nSmD,1,1,2,0.5
nSmH,25,23,48,0.52
nSmI,1,2,3,0.33
nSmJ,5,4,9,0.56
nSmL,7,6,13,0.54
nSmM,31,31,62,0.5
nSmN,39,34,73,0.53
nSmP,43,46,89,0.48
nSmS,15,14,29,0.52
nSmb,33,24,57,0.58
nSml,10,14,24,0.42
nSmm,19,19,38,0.5
nSmn,24,26,50,0.48
nSms,16,14,30,0.53
nSnB,30,19,49,0.61
nSnD,5,2,7,0.71
nSnH,24,24,48,0.5
nSnI,6,5,11,0.55
nSnK,5,2,7,0.71
nSnL,15,15,30,0.5
nSnM,35,39,74,0.47
nSnN,51,58,109,0.47
nSnP,70,59,129,0.54
nSnS,31,44,75,0.41
nSnb,47,50,97,0.48
nSnh,1,0,1,1.0
nSnl,17,13,30,0.57
nSnm,28,36,64,0.44
nSnn,59,42,101,0.58
nSns,37,39,76,0.49
nSsB,8,15,23,0.35
nSsD,2,6,8,0.25
nSsH,24,36,60,0.4
nSsI,2,4,6,0.33
nSsK,0,2,2,0.0
nSsL,12,13,25,0.48
nSsM,24,34,58,0.41
nSsN,30,43,73,0.41
nSsP,39,41,80,0.49
nSsS,35,42,77,0.45
nSsb,23,20,43,0.53
nSsh,0,1,1,0.0
nSsl,18,9,27,0.67
nSsm,20,20,40,0.5
nSsn,21,31,52,0.4
nSss,32,24,56,0.57
nSst,1,0,1,1.0
nStB,4,8,12,0.33
nStD,1,1,2,0.5
nStH,3,7,10,0.3
nStI,0,1,1,0.0
nStK,0,1,1,0.0
nStL,2,1,3,0.67
nStM,6,11,17,0.35
nStN,6,6,12,0.5
nStP,12,8,20,0.6
nStS,7,13,20,0.35
nStb,8,1,9,0.89
nSth,0,1,1,0.0
nStl,5,1,6,0.83
nStm,5,0,5,1.0
nStn,9,10,19,0.47
nSts,7,6,13,0.54
nStt,4,0,4,1.0
nbBB,34,33,67,0.51
nbBD,2,3,5,0.4
nbBK,1,1,2,0.5
nbBL,11,21,32,0.34
nbBM,23,36,59,0.39
nbBN,34,45,79,0.43
nbBP,34,60,94,0.36
nbBS,20,22,42,0.48
nbBb,38,38,76,0.5
nbBh,6,8,14,0.43
nbBj,11,13,24,0.46
nbBl,20,10,30,0.67
nbBm,18,22,40,0.45
nbBn,54,36,90,0.6
nbBs,11,11,22,0.5
nbBt,7,8,15,0.47
nbDB,3,2,5,0.6
nbDD,0,1,1,0.0
nbDH,1,5,6,0.17
nbDI,0,1,1,0.0
nbDL,1,2,3,0.33
nbDM,4,4,8,0.5
nbDN,3,2,5,0.6
nbDP,6,3,9,0.67
nbDS,1,4,5,0.2
nbDb,1,3,4,0.25
nbDl,2,2,4,0.5
nbDm,1,2,3,0.33
nbDn,0,4,4,0.0
nbDs,0,2,2,0.0
nbDt,0,2,2,0.0
nbHB,14,11,25,0.56
nbHD,1,0,1,1.0
nbHH,2,2,4,0.5
nbHK,1,4,5,0.2
nbHL,6,2,8,0.75
nbHM,18,13,31,0.58
nbHN,12,17,29,0.41
nbHP,26,25,51,0.51
nbHS,10,8,18,0.56
nbHb,15,10,25,0.6
nbHh,7,3,10,0.7
nbHl,7,3,10,0.7
nbHm,10,8,18,0.56
nbHn,14,6,20,0.7
nbHs,2,7,9,0.22
nbHt,1,1,2,0.5
nbIB,2,2,4,0.5
nbIH,4,8,12,0.33
nbIL,2,1,3,0.67
nbIM,2,6,8,0.25
nbIN,1,6,7,0.14
nbIP,7,3,10,0.7
nbIS,4,1,5,0.8
nbIb,4,2,6,0.67
nbIl,2,4,6,0.33
nbIm,6,2,8,0.75
nbIn,3,3,6,0.5
nbIs,3,3,6,0.5
nbJB,16,8,24,0.67
nbJD,1,0,1,1.0
nbJH,4,2,6,0.67
nbJI,1,0,1,1.0
nbJK,1,0,1,1.0
nbJL,3,7,10,0.3
nbJM,12,11,23,0.52
nbJN,12,13,25,0.48
nbJP,15,20,35,0.43
nbJS,4,6,10,0.4
nbJb,18,13,31,0.58
nbJh,0,6,6,0.0
nbJl,7,9,16,0.44
nbJm,13,6,19,0.68
nbJn,14,15,29,0.48
nbJs,9,10,19,0.47
nbJt,1,1,2,0.5
nbKB,2,5,7,0.29
nbKH,0,0,0,
nbKK,0,0,0,
nbKL,1,4,5,0.2
nbKM,3,11,14,0.21
nbKN,3,3,6,0.5
nbKP,7,1,8,0.88
nbKS,3,3,6,0.5
nbKb,7,3,10,0.7
nbKh,3,5,8,0.38
nbKl,1,1,2,0.5
nbKm,0,6,6,0.0
nbKn,5,6,11,0.45
nbKs,3,3,6,0.5
nbLB,7,13,20,0.35
nbLD,1,0,1,1.0
nbLH,0,0,0,
nbLK,0,4,4,0.0
nbLL,6,7,13,0.46
nbLM,20,11,31,0.65
nbLN,23,12,35,0.66
nbLP,25,19,44,0.57
nbLS,10,13,23,0.43
nbLb,23,14,37,0.62
nbLh,8,12,20,0.4
nbLj,5,5,10,0.5
nbLl,7,6,13,0.54
nbLm,20,10,30,0.67
nbLn,26,24,50,0.52
nbLs,11,9,20,0.55
nbLt,3,0,3,1.0
nbMB,26,46,72,0.36
nbMD,4,2,6,0.67
nbMH,0,1,1,0.0
nbMK,1,0,1,1.0
nbML,19,16,35,0.54
nbMM,30,42,72,0.42
nbMN,43,52,95,0.45
nbMP,38,62,100,0.38
nbMS,29,21,50,0.58
nbMb,46,59,105,0.44
nbMh,36,40,76,0.47
nbMj,9,19,28,0.32
nbMl,23,18,41,0.56
nbMm,43,25,68,0.63
nbMn,68,79,147,0.46
nbMs,23,24,47,0.49
nbMt,8,8,16,0.5
nbNB,42,36,78,0.54
nbND,9,3,12,0.75
nbNH,8,12,20,0.4
nbNK,3,5,8,0.38
nbNL,14,29,43,0.33
nbNM,63,75,138,0.46
nbNN,75,75,150,0.5
nbNP,107,93,200,0.54
nbNS,46,46,92,0.5
nbNb,64,54,118,0.54
nbNh,22,25,47,0.47
nbNl,30,30,60,0.5
nbNm,71,46,117,0.61
nbNn,99,85,184,0.54
nbNs,35,27,62,0.56
nbNt,13,11,24,0.54
nbPB,43,58,101,0.43
nbPD,5,4,9,0.56
nbPH,20,20,40,0.5
nbPI,4,5,9,0.44
nbPK,4,4,8,0.5
nbPL,31,22,53,0.58
nbPM,72,56,128,0.56
nbPN,72,64,136,0.53
nbPP,84,90,174,0.48
nbPS,38,38,76,0.5
nbPb,61,49,110,0.55
nbPh,16,13,29,0.55
nbPl,25,36,61,0.41
nbPm,50,33,83,0.6
nbPn,43,65,108,0.4
nbPs,27,36,63,0.43
nbPt,7,6,13,0.54
nbSB,11,19,30,0.37
nbSD,0,1,1,0.0
nbSH,9,10,19,0.47
nbSL,10,5,15,0.67
nbSM,23,24,47,0.49
nbSN,23,30,53,0.43
nbSP,43,44,87,0.49
nbSS,27,19,46,0.59
nbSb,20,32,52,0.38
nbSh,12,15,27,0.44
nbSl,15,9,24,0.62
nbSm,24,14,38,0.63
nbSn,27,21,48,0.56
nbSs,29,19,48,0.6
nbSt,1,4,5,0.2
nbbB,31,49,80,0.39
nbbD,3,2,5,0.6
nbbH,13,10,23,0.57
nbbI,8,1,9,0.89
nbbJ,13,5,18,0.72
nbbK,1,4,5,0.2
nbbL,16,15,31,0.52
nbbM,52,38,90,0.58
nbbN,77,61,138,0.56
nbbP,60,55,115,0.52
nbbS,32,28,60,0.53
nbbb,63,56,119,0.53
nbbl,24,15,39,0.62
nbbm,33,29,62,0.53
nbbn,48,46,94,0.51
nbbs,13,19,32,0.41
nbbt,0,1,1,0.0
nbhM,1,0,1,1.0
nbhP,0,0,0,
nbhb,1,0,1,1.0
nbhh,0,0,0,
nblB,9,20,29,0.31
nblD,2,0,2,1.0
nblH,10,12,22,0.45
nblI,0,4,4,0.0
nblJ,3,7,10,0.3
nblK,3,3,6,0.5
nblL,12,2,14,0.86
nblM,11,17,28,0.39
nblN,22,25,47,0.47
nblP,34,31,65,0.52
nblS,8,11,19,0.42
nblb,23,25,48,0.48
nbll,8,7,15,0.53
nblm,12,10,22,0.55
nbln,16,11,27,0.59
nbls,9,5,14,0.64
nbmB,35,26,61,0.57
nbmD,2,4,6,0.33
nbmH,22,27,49,0.45
nbmI,5,1,6,0.83
nbmJ,4,7,11,0.36
nbmK,1,0,1,1.0
nbmL,15,11,26,0.58
nbmM,37,34,71,0.52
nbmN,39,35,74,0.53
nbmP,33,38,71,0.46
nbmS,18,23,41,0.44
nbmb,48,31,79,0.61
nbml,9,4,13,0.69
nbmm,14,9,23,0.61
nbmn,30,36,66,0.45
nbms,9,10,19,0.47
nbmt,1,0,1,1.0
nbnB,51,29,80,0.64
nbnD,6,6,12,0.5
nbnH,23,26,49,0.47
nbnI,5,5,10,0.5
nbnK,3,1,4,0.75
nbnL,15,21,36,0.42
nbnM,48,59,107,0.45
nbnN,69,65,134,0.51
nbnP,79,73,152,0.52
nbnS,34,37,71,0.48
nbnb,47,55,102,0.46
nbnh,1,2,3,0.33
nbnl,21,14,35,0.6
nbnm,33,20,53,0.62
nbnn,57,40,97,0.59
nbns,33,15,48,0.69
nbsB,11,13,24,0.46
nbsD,2,3,5,0.4
nbsH,24,21,45,0.53
nbsI,3,0,3,1.0
nbsL,9,3,12,0.75
nbsM,14,24,38,0.37
nbsN,24,21,45,0.53
nbsP,32,26,58,0.55
nbsS,17,15,32,0.53
nbsb,21,18,39,0.54
nbsh,0,1,1,0.0
nbsl,11,4,15,0.73
nbsm,20,17,37,0.54
nbsn,18,15,33,0.55
nbss,10,9,19,0.53
nbtB,0,1,1,0.0
nhBB,2,2,4,0.5
nhBM,2,2,4,0.5
nhBN,3,1,4,0.75
nhBP,3,2,5,0.6
nhBS,0,1,1,0.0
nhBb,1,0,1,1.0
nhBh,0,1,1,0.0
nhBj,2,0,2,1.0
nhBl,1,0,1,1.0
nhBm,2,1,3,0.67
nhBn,1,0,1,1.0
nhBs,0,1,1,0.0
nhDM,0,1,1,0.0
nhDP,1,0,1,1.0
nhDs,0,1,1,0.0
nhHL,0,1,1,0.0
nhHP,1,3,4,0.25
nhHS,2,1,3,0.67
nhHb,1,0,1,1.0
nhHl,1,0,1,1.0
nhHn,0,1,1,0.0
nhIn,0,1,1,0.0
nhLB,1,0,1,1.0
nhLM,3,3,6,0.5
nhLN,2,2,4,0.5
nhLP,3,0,3,1.0
nhLS,0,0,0,
nhLb,2,1,3,0.67
nhLh,0,1,1,0.0
nhLl,0,0,0,
nhLn,0,1,1,0.0
nhLs,0,1,1,0.0
nhMB,0,1,1,0.0
nhML,1,0,1,1.0
nhMM,2,4,6,0.33
nhMN,1,0,1,1.0
nhMP,0,4,4,0.0
nhMS,1,0,1,1.0
nhMb,0,1,1,0.0
nhMh,2,2,4,0.5
nhMj,1,0,1,1.0
nhMl,1,0,1,1.0
nhMm,3,3,6,0.5
nhMn,1,2,3,0.33
nhMs,1,1,2,0.5
nhMt,1,0,1,1.0
nhNB,2,1,3,0.67
nhNH,1,1,2,0.5
nhNM,2,4,6,0.33
nhNN,4,1,5,0.8
nhNP,2,0,2,1.0
nhNS,0,2,2,0.0
nhNb,3,2,5,0.6
nhNh,1,0,1,1.0
nhNl,2,1,3,0.67
nhNm,1,1,2,0.5
nhNn,0,1,1,0.0
nhNt,1,1,2,0.5
nhPB,3,0,3,1.0
nhPH,2,0,2,1.0
nhPL,3,3,6,0.5
nhPM,2,1,3,0.67
nhPN,2,2,4,0.5
nhPP,6,1,7,0.86
nhPS,1,6,7,0.14
nhPb,2,3,5,0.4
nhPh,0,2,2,0.0
nhPl,2,3,5,0.4
nhPm,3,1,4,0.75
nhPn,0,1,1,0.0
nhPs,1,1,2,0.5
nhSB,0,0,0,
nhSK,1,0,1,1.0
nhSM,2,3,5,0.4
nhSN,0,1,1,0.0
nhSP,1,1,2,0.5
nhSS,2,0,2,1.0
nhSb,0,0,0,
nhSh,3,1,4,0.75
nhSl,1,0,1,1.0
nhSs,0,1,1,0.0
nhbB,2,2,4,0.5
nhbJ,0,2,2,0.0
nhbK,1,0,1,1.0
nhbL,2,2,4,0.5
nhbM,4,1,5,0.8
nhbN,2,2,4,0.5
nhbP,7,2,9,0.78
nhbS,1,0,1,1.0
nhbb,3,3,6,0.5
nhbl,2,0,2,1.0
nhbm,1,0,1,1.0
nhbn,1,2,3,0.33
nhbs,0,2,2,0.0
nhhB,0,2,2,0.0
nhhM,0,1,1,0.0
nhhN,1,2,3,0.33
nhhP,4,2,6,0.67
nhhS,1,1,2,0.5
nhhb,1,1,2,0.5
nhhh,2,1,3,0.67
nhhl,0,2,2,0.0
nhhm,1,0,1,1.0
nhhn,1,3,4,0.25
nhhs,2,0,2,1.0
nhlB,0,1,1,0.0
nhlH,0,1,1,0.0
nhlJ,0,1,1,0.0
nhlL,0,1,1,0.0
nhlM,2,0,2,1.0
nhlN,1,1,2,0.5
nhlS,3,1,4,0.75
nhlb,2,0,2,1.0
nhll,0,2,2,0.0
nhlm,1,1,2,0.5
nhln,0,2,2,0.0
nhmB,3,2,5,0.6
nhmH,0,1,1,0.0
nhmL,2,0,2,1.0
nhmM,0,2,2,0.0
nhmN,1,2,3,0.33
nhmP,1,2,3,0.33
nhmS,2,2,4,0.5
nhmb,1,1,2,0.5
nhml,3,0,3,1.0
nhmm,0,1,1,0.0
nhmn,3,1,4,0.75
nhms,0,2,2,0.0
nhnB,2,0,2,1.0
nhnD,1,0,1,1.0
nhnH,1,0,1,1.0
nhnM,3,3,6,0.5
nhnN,2,3,5,0.4
nhnP,3,3,6,0.5
nhnS,1,1,2,0.5
nhnb,2,2,4,0.5
nhnh,0,1,1,0.0
nhnl,2,1,3,0.67
nhnm,2,0,2,1.0
nhnn,1,1,2,0.5
nhns,2,2,4,0.5
nhsB,0,1,1,0.0
nhsH,1,1,2,0.5
nhsI,0,1,1,0.0
nhsM,0,1,1,0.0
nhsN,1,3,4,0.25
nhsP,3,2,5,0.6
nhsS,2,0,2,1.0
nhsb,1,3,4,0.25
nhsl,0,1,1,0.0
nhsm,1,1,2,0.5
nhsn,2,0,2,1.0
nhss,3,1,4,0.75
nhtL,0,1,1,0.0
nhtN,2,0,2,1.0
nhtP,1,0,1,1.0
nlBB,7,11,18,0.39
nlBK,1,0,1,1.0
nlBL,2,6,8,0.25
nlBM,16,9,25,0.64
nlBN,24,17,41,0.59
nlBP,21,14,35,0.6
nlBS,7,4,11,0.64
nlBb,23,4,27,0.85
nlBh,2,2,4,0.5
nlBj,7,7,14,0.5
nlBl,12,4,16,0.75
nlBm,18,12,30,0.6
nlBn,19,20,39,0.49
nlBs,10,8,18,0.56
nlBt,2,3,5,0.4
nlDB,0,1,1,0.0
nlDH,1,1,2,0.5
nlDL,1,1,2,0.5
nlDM,0,2,2,0.0
nlDN,4,1,5,0.8
nlDP,3,1,4,0.75
nlDS,0,1,1,0.0
nlDb,0,2,2,0.0
nlDl,0,1,1,0.0
nlDm,1,0,1,1.0
nlDn,1,0,1,1.0
nlDs,3,2,5,0.6
nlDt,1,1,2,0.5
nlHB,7,6,13,0.54
nlHD,1,2,3,0.33
nlHH,2,2,4,0.5
nlHI,2,2,4,0.5
nlHK,1,1,2,0.5
nlHL,8,8,16,0.5
nlHM,13,22,35,0.37
nlHN,14,13,27,0.52
nlHP,26,15,41,0.63
nlHS,13,11,24,0.54
nlHb,10,13,23,0.43
nlHh,4,3,7,0.57
nlHl,7,8,15,0.47
nlHm,17,11,28,0.61
nlHn,13,13,26,0.5
nlHs,14,10,24,0.58
nlHt,1,0,1,1.0
nlIB,1,0,1,1.0
nlIH,0,3,3,0.0
nlIL,0,2,2,0.0
nlIM,0,1,1,0.0
nlIN,1,0,1,1.0
nlIP,3,0,3,1.0
nlIS,2,0,2,1.0
nlIb,4,2,6,0.67
nlIl,1,0,1,1.0
nlIm,1,0,1,1.0
nlIn,1,1,2,0.5
nlIs,1,3,4,0.25
nlJB,4,3,7,0.57
nlJD,0,2,2,0.0
nlJH,2,2,4,0.5
nlJI,2,0,2,1.0
nlJL,1,2,3,0.33
nlJM,2,6,8,0.25
nlJN,2,7,9,0.22
nlJP,10,7,17,0.59
nlJS,3,4,7,0.43
nlJb,6,4,10,0.6
nlJh,0,1,1,0.0
nlJl,3,2,5,0.6
nlJm,5,4,9,0.56
nlJn,4,7,11,0.36
nlJs,1,3,4,0.25
nlKM,0,1,1,0.0
nlKN,0,0,0,
nlKP,0,2,2,0.0
nlKb,1,1,2,0.5
nlKl,1,0,1,1.0
nlKm,0,1,1,0.0
nlKn,0,1,1,0.0
nlLB,3,2,5,0.6
nlLL,3,0,3,1.0
nlLM,7,11,18,0.39
nlLN,9,7,16,0.56
nlLP,11,7,18,0.61
nlLS,6,5,11,0.55
nlLb,7,6,13,0.54
nlLh,6,4,10,0.6
nlLj,2,3,5,0.4
nlLl,2,3,5,0.4
nlLm,7,5,12,0.58
nlLn,13,11,24,0.54
nlLs,6,2,8,0.75
nlLt,1,3,4,0.25
nlMB,11,15,26,0.42
nlMD,1,0,1,1.0
nlML,12,5,17,0.71
nlMM,10,19,29,0.34
nlMN,22,8,30,0.73
nlMP,21,26,47,0.45
nlMS,10,16,26,0.38
nlMb,21,17,38,0.55
nlMh,10,11,21,0.48
nlMj,7,4,11,0.64
nlMl,7,8,15,0.47
nlMm,12,15,27,0.44
nlMn,25,26,51,0.49
nlMs,11,9,20,0.55
nlMt,4,5,9,0.44
nlNB,20,16,36,0.56
nlNH,3,5,8,0.38
nlNK,4,1,5,0.8
nlNL,11,13,24,0.46
nlNM,26,27,53,0.49
nlNN,34,16,50,0.68
nlNP,47,34,81,0.58
nlNS,9,14,23,0.39
nlNb,25,19,44,0.57
nlNh,7,6,13,0.54
nlNl,8,2,10,0.8
nlNm,17,13,30,0.57
nlNn,32,37,69,0.46
nlNs,18,13,31,0.58
nlNt,6,9,15,0.4
nlPB,18,27,45,0.4
nlPD,1,1,2,0.5
nlPH,4,12,16,0.25
nlPI,1,0,1,1.0
nlPK,1,1,2,0.5
nlPL,17,18,35,0.49
nlPM,27,25,52,0.52
nlPN,32,28,60,0.53
nlPP,50,29,79,0.63
nlPS,16,25,41,0.39
nlPb,27,23,50,0.54
nlPh,4,2,6,0.67
nlPl,13,13,26,0.5
nlPm,23,18,41,0.56
nlPn,36,21,57,0.63
nlPs,21,14,35,0.6
nlPt,4,4,8,0.5
nlSB,8,7,15,0.53
nlSH,4,3,7,0.57
nlSK,0,0,0,
nlSL,7,5,12,0.58
nlSM,13,16,29,0.45
nlSN,16,15,31,0.52
nlSP,16,24,40,0.4
nlSS,8,9,17,0.47
nlSb,9,13,22,0.41
nlSh,11,7,18,0.61
nlSl,3,9,12,0.25
nlSm,12,10,22,0.55
nlSn,16,15,31,0.52
nlSs,24,12,36,0.67
nlSt,4,1,5,0.8
nlbB,18,26,44,0.41
nlbD,3,1,4,0.75
nlbH,9,4,13,0.69
nlbI,1,0,1,1.0
nlbJ,6,6,12,0.5
nlbK,0,1,1,0.0
nlbL,10,3,13,0.77
nlbM,19,21,40,0.48
nlbN,25,23,48,0.52
nlbP,30,27,57,0.53
nlbS,9,12,21,0.43
nlbb,31,33,64,0.48
nlbl,13,8,21,0.62
nlbm,16,11,27,0.59
nlbn,23,11,34,0.68
nlbs,8,13,21,0.38
nlhB,0,1,1,0.0
nllB,5,7,12,0.42
nllD,2,0,2,1.0
nllH,6,13,19,0.32
nllJ,3,2,5,0.6
nllK,0,3,3,0.0
nllL,1,2,3,0.33
nllM,12,7,19,0.63
nllN,8,9,17,0.47
nllP,6,17,23,0.26
nllS,4,6,10,0.4
nllb,9,6,15,0.6
nlll,2,3,5,0.4
nllm,7,7,14,0.5
nlln,7,7,14,0.5
nlls,6,6,12,0.5
nlmB,6,11,17,0.35
nlmD,1,0,1,1.0
nlmH,8,7,15,0.53
nlmI,2,1,3,0.67
nlmJ,2,1,3,0.67
nlmL,3,3,6,0.5
nlmM,13,10,23,0.57
nlmN,17,19,36,0.47
nlmP,21,29,50,0.42
nlmS,4,7,11,0.36
nlmb,14,6,20,0.7
nlml,2,3,5,0.4
nlmm,11,4,15,0.73
nlmn,14,12,26,0.54
nlms,5,4,9,0.56
nlnB,7,18,25,0.28
nlnD,1,0,1,1.0
nlnH,8,8,16,0.5
nlnI,0,1,1,0.0
nlnK,1,2,3,0.33
nlnL,8,4,12,0.67
nlnM,17,19,36,0.47
nlnN,27,34,61,0.44
nlnP,29,32,61,0.48
nlnS,13,10,23,0.57
nlnb,13,16,29,0.45
nlnl,6,4,10,0.6
nlnm,16,8,24,0.67
nlnn,20,17,37,0.54
nlns,8,10,18,0.44
nlsB,8,7,15,0.53
nlsD,0,1,1,0.0
nlsH,6,14,20,0.3
nlsI,1,0,1,1.0
nlsL,6,7,13,0.46
nlsM,6,7,13,0.46
nlsN,17,10,27,0.63
nlsP,16,13,29,0.55
nlsS,10,3,13,0.77
nlsb,9,9,18,0.5
nlsh,0,1,1,0.0
nlsl,9,8,17,0.53
nlsm,4,6,10,0.4
nlsn,12,6,18,0.67
nlss,5,8,13,0.38
nlst,0,1,1,0.0
nmBB,17,18,35,0.49
nmBD,2,1,3,0.67
nmBH,0,2,2,0.0
nmBK,2,1,3,0.67
nmBL,5,9,14,0.36
nmBM,23,22,45,0.51
nmBN,32,32,64,0.5
nmBP,36,34,70,0.51
nmBS,24,17,41,0.59
nmBb,22,25,47,0.47
nmBh,3,8,11,0.27
nmBj,11,8,19,0.58
nmBl,7,12,19,0.37
nmBm,31,17,48,0.65
nmBn,48,39,87,0.55
nmBs,17,15,32,0.53
nmBt,6,4,10,0.6
nmDB,2,2,4,0.5
nmDD,0,1,1,0.0
nmDH,2,4,6,0.33
nmDL,0,4,4,0.0
nmDM,5,4,9,0.56
nmDN,4,3,7,0.57
nmDP,0,7,7,0.0
nmDS,1,4,5,0.2
nmDb,3,4,7,0.43
nmDl,3,2,5,0.6
nmDm,5,2,7,0.71
nmDn,7,4,11,0.64
nmDs,3,2,5,0.6
nmDt,0,2,2,0.0
nmHB,16,16,32,0.5
nmHD,1,3,4,0.25
nmHH,5,2,7,0.71
nmHI,1,4,5,0.2
nmHK,1,2,3,0.33
nmHL,10,8,18,0.56
nmHM,26,37,63,0.41
nmHN,17,39,56,0.3
nmHP,41,40,81,0.51
nmHS,18,19,37,0.49
nmHb,31,19,50,0.62
nmHh,11,11,22,0.5
nmHl,14,12,26,0.54
nmHm,25,15,40,0.62
nmHn,34,27,61,0.56
nmHs,19,15,34,0.56
nmHt,1,6,7,0.14
nmIB,0,4,4,0.0
nmID,0,0,0,
nmIH,1,1,2,0.5
nmIL,1,3,4,0.25
nmIM,4,3,7,0.57
nmIN,2,3,5,0.4
nmIP,13,5,18,0.72
nmIS,0,2,2,0.0
nmIb,5,4,9,0.56
nmIl,1,1,2,0.5
nmIm,0,5,5,0.0
nmIn,4,3,7,0.57
nmIs,1,1,2,0.5
nmJB,3,5,8,0.38
nmJD,1,1,2,0.5
nmJH,3,2,5,0.6
nmJL,9,3,12,0.75
nmJM,5,10,15,0.33
nmJN,4,8,12,0.33
nmJP,7,13,20,0.35
nmJS,2,5,7,0.29
nmJb,16,8,24,0.67
nmJh,2,0,2,1.0
nmJl,3,2,5,0.6
nmJm,7,4,11,0.64
nmJn,7,9,16,0.44
nmJs,3,5,8,0.38
nmJt,2,3,5,0.4
nmKB,2,1,3,0.67
nmKM,0,1,1,0.0
nmKb,0,1,1,0.0
nmKn,0,1,1,0.0
nmLB,10,8,18,0.56
nmLD,0,0,0,
nmLH,0,1,1,0.0
nmLL,7,7,14,0.5
nmLM,14,13,27,0.52
nmLN,10,13,23,0.43
nmLP,9,13,22,0.41
nmLS,12,8,20,0.6
nmLb,9,3,12,0.75
nmLh,5,7,12,0.42
nmLj,1,4,5,0.2
nmLl,3,4,7,0.43
nmLm,15,3,18,0.83
nmLn,14,12,26,0.54
nmLs,13,9,22,0.59
nmLt,6,2,8,0.75
nmMB,21,18,39,0.54
nmMD,1,2,3,0.33
nmMK,2,0,2,1.0
nmML,13,4,17,0.76
nmMM,26,44,70,0.37
nmMN,56,46,102,0.55
nmMP,52,39,91,0.57
nmMS,28,19,47,0.6
nmMb,29,27,56,0.52
nmMh,28,37,65,0.43
nmMj,10,9,19,0.53
nmMl,19,15,34,0.56
nmMm,28,23,51,0.55
nmMn,53,58,111,0.48
nmMs,23,18,41,0.56
nmMt,1,10,11,0.09
nmNB,23,28,51,0.45
nmND,2,2,4,0.5
nmNH,6,8,14,0.43
nmNK,4,3,7,0.57
nmNL,7,20,27,0.26
nmNM,38,36,74,0.51
nmNN,45,69,114,0.39
nmNP,93,75,168,0.55
nmNS,30,28,58,0.52
nmNb,51,31,82,0.62
nmNh,9,13,22,0.41
nmNl,15,13,28,0.54
nmNm,24,18,42,0.57
nmNn,78,76,154,0.51
nmNs,29,22,51,0.57
nmNt,14,5,19,0.74
nmPB,31,37,68,0.46
nmPD,2,6,8,0.25
nmPH,8,15,23,0.35
nmPI,6,1,7,0.86
nmPK,6,0,6,1.0
nmPL,14,15,29,0.48
nmPM,58,41,99,0.59
nmPN,47,60,107,0.44
nmPP,77,68,145,0.53
nmPS,30,27,57,0.53
nmPb,53,43,96,0.55
nmPh,3,8,11,0.27
nmPl,22,19,41,0.54
nmPm,34,37,71,0.48
nmPn,67,40,107,0.63
nmPs,29,20,49,0.59
nmPt,6,9,15,0.4
nmSB,9,12,21,0.43
nmSD,1,3,4,0.25
nmSH,5,9,14,0.36
nmSK,0,1,1,0.0
nmSL,8,5,13,0.62
nmSM,22,17,39,0.56
nmSN,22,20,42,0.52
nmSP,40,24,64,0.62
nmSS,23,14,37,0.62
nmSb,16,16,32,0.5
nmSh,5,14,19,0.26
nmSl,10,4,14,0.71
nmSm,17,13,30,0.57
nmSn,27,28,55,0.49
nmSs,21,13,34,0.62
nmSt,9,2,11,0.82
nmbB,46,29,75,0.61
nmbD,3,3,6,0.5
nmbH,9,9,18,0.5
nmbI,2,1,3,0.67
nmbJ,8,10,18,0.44
nmbL,16,15,31,0.52
nmbM,49,17,66,0.74
nmbN,52,39,91,0.57
nmbP,47,39,86,0.55
nmbS,13,11,24,0.54
nmbb,50,36,86,0.58
nmbl,9,12,21,0.43
nmbm,24,11,35,0.69
nmbn,44,37,81,0.54
nmbs,8,14,22,0.36
nmlB,16,10,26,0.62
nmlD,0,1,1,0.0
nmlH,5,8,13,0.38
nmlI,2,1,3,0.67
nmlJ,3,5,8,0.38
nmlK,0,1,1,0.0
nmlL,8,4,12,0.67
nmlM,10,12,22,0.45
nmlN,15,17,32,0.47
nmlP,24,16,40,0.6
nmlS,10,6,16,0.62
nmlb,9,12,21,0.43
nmll,5,1,6,0.83
nmlm,11,4,15,0.73
nmln,17,7,24,0.71
nmls,5,7,12,0.42
nmmB,23,20,43,0.53
nmmD,5,2,7,0.71
nmmH,15,12,27,0.56
nmmI,2,2,4,0.5
nmmJ,1,3,4,0.25
nmmK,0,0,0,
nmmL,7,7,14,0.5
nmmM,26,27,53,0.49
nmmN,28,31,59,0.47
nmmP,34,35,69,0.49
nmmS,14,14,28,0.5
nmmb,25,26,51,0.49
nmml,7,4,11,0.64
nmmm,20,10,30,0.67
nmmn,22,29,51,0.43
nmms,11,9,20,0.55
nmnB,37,30,67,0.55
nmnD,1,0,1,1.0
nmnH,17,18,35,0.49
nmnI,4,3,7,0.57
nmnK,0,1,1,0.0
nmnL,9,12,21,0.43
nmnM,47,47,94,0.5
nmnN,51,53,104,0.49
nmnP,60,52,112,0.54
nmnS,19,23,42,0.45
nmnb,32,37,69,0.46
nmnh,1,1,2,0.5
nmnl,17,7,24,0.71
nmnm,24,23,47,0.51
nmnn,39,43,82,0.48
nmns,14,27,41,0.34
nmsB,10,10,20,0.5
nmsD,3,2,5,0.6
nmsH,11,16,27,0.41
nmsI,1,0,1,1.0
nmsK,1,0,1,1.0
nmsL,2,6,8,0.25
nmsM,14,14,28,0.5
nmsN,21,17,38,0.55
nmsP,26,19,45,0.58
nmsS,14,12,26,0.54
nmsb,20,8,28,0.71
nmsl,6,7,13,0.46
nmsm,15,8,23,0.65
nmsn,14,12,26,0.54
nmss,15,11,26,0.58
nmtt,0,1,1,0.0
nnBB,20,29,49,0.41
nnBD,2,2,4,0.5
nnBK,5,2,7,0.71
nnBL,9,4,13,0.69
nnBM,30,30,60,0.5
nnBN,35,53,88,0.4
nnBP,43,44,87,0.49
nnBS,21,16,37,0.57
nnBb,32,33,65,0.49
nnBh,8,5,13,0.62
nnBj,11,10,21,0.52
nnBl,13,10,23,0.57
nnBm,24,26,50,0.48
nnBn,61,41,102,0.6
nnBs,12,23,35,0.34
nnBt,11,4,15,0.73
nnDB,1,2,3,0.33
nnDH,5,3,8,0.62
nnDL,1,3,4,0.25
nnDM,6,4,10,0.6
nnDN,3,3,6,0.5
nnDP,4,5,9,0.44
nnDS,8,5,13,0.62
nnDb,4,7,11,0.36
nnDh,0,1,1,0.0
nnDl,3,2,5,0.6
nnDm,1,6,7,0.14
nnDn,13,2,15,0.87
nnDs,8,3,11,0.73
nnDt,2,1,3,0.67
nnHB,23,12,35,0.66
nnHD,2,3,5,0.4
nnHH,1,2,3,0.33
nnHI,2,0,2,1.0
nnHK,1,0,1,1.0
nnHL,8,3,11,0.73
nnHM,23,27,50,0.46
nnHN,28,30,58,0.48
nnHP,42,33,75,0.56
nnHS,19,21,40,0.48
nnHb,27,17,44,0.61
nnHh,20,10,30,0.67
nnHl,13,10,23,0.57
nnHm,19,12,31,0.61
nnHn,42,37,79,0.53
nnHs,18,21,39,0.46
nnHt,3,1,4,0.75
nnIB,1,3,4,0.25
nnID,2,1,3,0.67
nnIH,3,9,12,0.25
nnII,1,3,4,0.25
nnIK,0,0,0,
nnIL,2,1,3,0.67
nnIM,6,10,16,0.38
nnIN,10,6,16,0.62
nnIP,14,10,24,0.58
nnIS,6,3,9,0.67
nnIb,6,1,7,0.86
nnIl,5,4,9,0.56
nnIm,4,5,9,0.44
nnIn,4,3,7,0.57
nnIs,4,1,5,0.8
nnIt,2,1,3,0.67
nnKB,1,3,4,0.25
nnKD,0,1,1,0.0
nnKH,0,3,3,0.0
nnKL,1,0,1,1.0
nnKM,5,2,7,0.71
nnKN,3,7,10,0.3
nnKP,5,9,14,0.36
nnKS,3,6,9,0.33
nnKb,6,2,8,0.75
nnKh,3,5,8,0.38
nnKl,2,3,5,0.4
nnKm,5,2,7,0.71
nnKn,5,6,11,0.45
nnKs,5,3,8,0.62
nnKt,1,1,2,0.5
nnLB,17,12,29,0.59
nnLD,1,0,1,1.0
nnLK,0,2,2,0.0
nnLL,10,10,20,0.5
nnLM,15,16,31,0.48
nnLN,16,22,38,0.42
nnLP,18,27,45,0.4
nnLS,6,10,16,0.38
nnLb,11,24,35,0.31
nnLh,9,13,22,0.41
nnLj,9,9,18,0.5
nnLl,12,11,23,0.52
nnLm,16,14,30,0.53
nnLn,24,20,44,0.55
nnLs,7,8,15,0.47
nnLt,2,1,3,0.67
nnMB,35,31,66,0.53
nnMD,3,4,7,0.43
nnMH,0,1,1,0.0
nnMK,0,0,0,
nnML,15,13,28,0.54
nnMM,45,53,98,0.46
nnMN,45,61,106,0.42
nnMP,57,64,121,0.47
nnMS,35,30,65,0.54
nnMb,44,45,89,0.49
nnMh,39,38,77,0.51
nnMj,18,16,34,0.53
nnMl,14,21,35,0.4
nnMm,31,36,67,0.46
nnMn,66,77,143,0.46
nnMs,36,32,68,0.53
nnMt,16,9,25,0.64
nnNB,38,52,90,0.42
nnND,4,8,12,0.33
nnNH,10,11,21,0.48
nnNI,0,0,0,
nnNK,6,7,13,0.46
nnNL,23,21,44,0.52
nnNM,51,73,124,0.41
nnNN,68,95,163,0.42
nnNP,108,129,237,0.46
nnNS,51,41,92,0.55
nnNb,69,54,123,0.56
nnNh,26,33,59,0.44
nnNl,26,24,50,0.52
nnNm,67,56,123,0.54
nnNn,110,96,206,0.53
nnNs,57,44,101,0.56
nnNt,14,15,29,0.48
nnPB,80,49,129,0.62
nnPD,7,3,10,0.7
nnPH,31,20,51,0.61
nnPI,7,5,12,0.58
nnPK,10,13,23,0.43
nnPL,39,38,77,0.51
nnPM,87,90,177,0.49
nnPN,103,95,198,0.52
nnPP,141,123,264,0.53
nnPS,67,75,142,0.47
nnPb,86,63,149,0.58
nnPh,7,10,17,0.41
nnPl,44,41,85,0.52
nnPm,75,52,127,0.59
nnPn,107,97,204,0.52
nnPs,51,61,112,0.46
nnPt,12,14,26,0.46
nnSB,27,17,44,0.61
nnSD,3,1,4,0.75
nnSH,8,18,26,0.31
nnSK,1,0,1,1.0
nnSL,10,11,21,0.48
nnSM,27,41,68,0.4
nnSN,34,30,64,0.53
nnSP,61,52,113,0.54
nnSS,36,51,87,0.41
nnSb,36,32,68,0.53
nnSh,23,24,47,0.49
nnSl,11,14,25,0.44
nnSm,23,28,51,0.45
nnSn,57,59,116,0.49
nnSs,41,33,74,0.55
nnSt,9,5,14,0.64
nnbB,39,33,72,0.54
nnbD,6,1,7,0.86
nnbH,14,13,27,0.52
nnbI,5,3,8,0.62
nnbJ,12,18,30,0.4
nnbK,9,10,19,0.47
nnbL,18,17,35,0.51
nnbM,60,55,115,0.52
nnbN,84,92,176,0.48
nnbP,74,57,131,0.56
nnbS,25,27,52,0.48
nnbb,50,62,112,0.45
nnbl,21,23,44,0.48
nnbm,40,25,65,0.62
nnbn,58,45,103,0.56
nnbs,16,19,35,0.46
nnhB,2,1,3,0.67
nnhD,0,1,1,0.0
nnhH,0,0,0,
nnhL,1,0,1,1.0
nnhM,2,0,2,1.0
nnhN,2,0,2,1.0
nnhP,3,0,3,1.0
nnhS,1,1,2,0.5
nnhb,4,2,6,0.67
nnhh,2,3,5,0.4
nnhl,1,1,2,0.5
nnhm,2,4,6,0.33
nnhn,2,2,4,0.5
nnhs,1,1,2,0.5
nnlB,20,27,47,0.43
nnlD,3,1,4,0.75
nnlH,13,16,29,0.45
nnlI,1,4,5,0.2
nnlJ,4,8,12,0.33
nnlK,0,2,2,0.0
nnlL,7,6,13,0.54
nnlM,15,21,36,0.42
nnlN,26,17,43,0.6
nnlP,29,30,59,0.49
nnlS,12,22,34,0.35
nnlb,20,27,47,0.43
nnll,6,6,12,0.5
nnlm,23,10,33,0.7
nnln,24,16,40,0.6
nnls,9,9,18,0.5
nnmB,22,27,49,0.45
nnmD,5,5,10,0.5
nnmH,23,29,52,0.44
nnmI,3,2,5,0.6
nnmJ,7,8,15,0.47
nnmK,0,1,1,0.0
nnmL,10,10,20,0.5
nnmM,54,39,93,0.58
nnmN,51,50,101,0.5
nnmP,44,46,90,0.49
nnmS,22,27,49,0.45
nnmb,46,32,78,0.59
nnml,11,9,20,0.55
nnmm,24,19,43,0.56
nnmn,51,40,91,0.56
nnms,14,14,28,0.5
nnnB,42,40,82,0.51
nnnD,1,9,10,0.1
nnnH,26,37,63,0.41
nnnI,6,3,9,0.67
nnnK,5,2,7,0.71
nnnL,21,20,41,0.51
nnnM,66,56,122,0.54
nnnN,79,90,169,0.47
nnnP,112,96,208,0.54
nnnS,47,57,104,0.45
nnnb,57,42,99,0.58
nnnl,26,19,45,0.58
nnnm,48,39,87,0.55
nnnn,72,70,142,0.51
nnns,45,39,84,0.54
nnsB,21,13,34,0.62
nnsD,2,1,3,0.67
nnsH,28,41,69,0.41
nnsI,5,5,10,0.5
nnsL,20,9,29,0.69
nnsM,34,47,81,0.42
nnsN,38,42,80,0.48
nnsP,53,52,105,0.5
nnsS,19,36,55,0.35
nnsb,28,26,54,0.52
nnsh,0,1,1,0.0
nnsl,11,9,20,0.55
nnsm,38,23,61,0.62
nnsn,31,29,60,0.52
nnss,35,27,62,0.56
nnst,1,0,1,1.0
nntM,0,1,1,0.0
nntP,1,0,1,1.0
nntl,1,0,1,1.0
nsBB,15,11,26,0.58
nsBD,5,2,7,0.71
nsBH,1,0,1,1.0
nsBK,2,2,4,0.5
nsBL,2,2,4,0.5
nsBM,21,21,42,0.5
nsBN,12,22,34,0.35
nsBP,14,23,37,0.38
nsBS,19,4,23,0.83
nsBb,15,16,31,0.48
nsBh,4,2,6,0.67
nsBj,4,8,12,0.33
nsBl,7,7,14,0.5
nsBm,14,10,24,0.58
nsBn,22,26,48,0.46
nsBs,10,7,17,0.59
nsBt,5,4,9,0.56
nsDB,5,3,8,0.62
nsDD,0,1,1,0.0
nsDH,5,4,9,0.56
nsDL,0,1,1,0.0
nsDM,5,5,10,0.5
nsDN,5,4,9,0.56
nsDP,5,3,8,0.62
nsDS,3,3,6,0.5
nsDb,6,1,7,0.86
nsDl,0,2,2,0.0
nsDm,3,3,6,0.5
nsDn,1,3,4,0.25
nsDs,6,2,8,0.75
nsDt,1,2,3,0.33
nsHB,23,19,42,0.55
nsHD,5,3,8,0.62
nsHH,4,4,8,0.5
nsHI,4,1,5,0.8
nsHK,2,4,6,0.33
nsHL,8,11,19,0.42
nsHM,25,32,57,0.44
nsHN,26,38,64,0.41
nsHP,33,40,73,0.45
nsHS,28,21,49,0.57
nsHb,20,23,43,0.47
nsHh,13,15,28,0.46
nsHl,14,6,20,0.7
nsHm,17,33,50,0.34
nsHn,28,40,68,0.41
nsHs,22,23,45,0.49
nsHt,1,4,5,0.2
nsIB,2,1,3,0.67
nsIH,1,5,6,0.17
nsIL,1,2,3,0.33
nsIM,1,4,5,0.2
nsIN,2,6,8,0.25
nsIP,4,6,10,0.4
nsIS,0,1,1,0.0
nsIb,5,2,7,0.71
nsIh,0,0,0,
nsIl,2,0,2,1.0
nsIm,3,2,5,0.6
nsIn,4,1,5,0.8
nsIs,4,2,6,0.67
nsIt,0,1,1,0.0
nsKL,1,0,1,1.0
nsKM,1,2,3,0.33
nsKN,0,1,1,0.0
nsKP,1,1,2,0.5
nsKb,1,0,1,1.0
nsKh,0,2,2,0.0
nsKm,1,0,1,1.0
nsKn,0,1,1,0.0
nsLB,8,8,16,0.5
nsLD,0,0,0,
nsLK,0,2,2,0.0
nsLL,2,8,10,0.2
nsLM,11,11,22,0.5
nsLN,11,13,24,0.46
nsLP,15,14,29,0.52
nsLS,6,12,18,0.33
nsLb,8,10,18,0.44
nsLh,7,5,12,0.58
nsLj,2,4,6,0.33
nsLl,9,4,13,0.69
nsLm,4,10,14,0.29
nsLn,18,9,27,0.67
nsLs,8,5,13,0.62
nsLt,0,3,3,0.0
nsMB,17,26,43,0.4
nsMD,2,1,3,0.67
nsMH,1,1,2,0.5
nsMK,0,1,1,0.0
nsML,5,14,19,0.26
nsMM,26,21,47,0.55
nsMN,29,30,59,0.49
nsMP,40,38,78,0.51
nsMS,14,23,37,0.38
nsMb,15,28,43,0.35
nsMh,23,30,53,0.43
nsMj,10,6,16,0.62
nsMl,13,15,28,0.46
nsMm,22,29,51,0.43
nsMn,38,40,78,0.49
nsMs,8,20,28,0.29
nsMt,9,2,11,0.82
nsNB,28,16,44,0.64
nsND,1,4,5,0.2
nsNH,6,10,16,0.38
nsNI,0,0,0,
nsNK,3,2,5,0.6
nsNL,16,13,29,0.55
nsNM,31,32,63,0.49
nsNN,35,43,78,0.45
nsNP,55,57,112,0.49
nsNS,31,23,54,0.57
nsNb,32,18,50,0.64
nsNh,12,6,18,0.67
nsNl,18,9,27,0.67
nsNm,30,32,62,0.48
nsNn,43,42,85,0.51
nsNs,29,26,55,0.53
nsNt,18,7,25,0.72
nsPB,42,30,72,0.58
nsPD,5,2,7,0.71
nsPH,10,8,18,0.56
nsPI,2,4,6,0.33
nsPK,3,6,9,0.33
nsPL,17,20,37,0.46
nsPM,44,47,91,0.48
nsPN,55,56,111,0.5
nsPP,58,66,124,0.47
nsPS,32,35,67,0.48
nsPb,42,42,84,0.5
nsPh,7,0,7,1.0
nsPl,22,19,41,0.54
nsPm,48,28,76,0.63
nsPn,55,41,96,0.57
nsPs,19,33,52,0.37
nsPt,2,4,6,0.33
nsSB,20,13,33,0.61
nsSD,4,1,5,0.8
nsSH,1,5,6,0.17
nsSI,1,0,1,1.0
nsSK,0,2,2,0.0
nsSL,13,15,28,0.46
nsSM,19,34,53,0.36
nsSN,33,33,66,0.5
nsSP,41,31,72,0.57
nsSS,26,37,63,0.41
nsSb,22,20,42,0.52
nsSh,23,17,40,0.57
nsSl,12,8,20,0.6
nsSm,13,23,36,0.36
nsSn,34,36,70,0.49
nsSs,36,37,73,0.49
nsSt,4,4,8,0.5
nsbB,29,21,50,0.58
nsbD,2,2,4,0.5
nsbH,9,1,10,0.9
nsbI,2,1,3,0.67
nsbJ,9,2,11,0.82
nsbK,0,2,2,0.0
nsbL,5,13,18,0.28
nsbM,32,32,64,0.5
nsbN,43,38,81,0.53
nsbP,29,41,70,0.41
nsbS,17,19,36,0.47
nsbb,27,18,45,0.6
nsbl,10,11,21,0.48
nsbm,17,15,32,0.53
nsbn,23,27,50,0.46
nsbs,14,16,30,0.47
nshB,1,0,1,1.0
nshH,0,1,1,0.0
nshM,0,1,1,0.0
nshN,0,1,1,0.0
nshP,4,1,5,0.8
nshS,1,1,2,0.5
nshb,3,0,3,1.0
nshh,0,2,2,0.0
nshl,0,0,0,
nshn,0,2,2,0.0
nshs,1,1,2,0.5
nslB,7,5,12,0.58
nslD,3,1,4,0.75
nslH,3,11,14,0.21
nslI,0,1,1,0.0
nslJ,2,2,4,0.5
nslL,5,3,8,0.62
nslM,10,12,22,0.45
nslN,21,14,35,0.6
nslP,20,11,31,0.65
nslS,12,5,17,0.71
nslb,9,16,25,0.36
nsll,6,9,15,0.4
nslm,6,9,15,0.4
nsln,12,12,24,0.5
nsls,5,4,9,0.56
nsmB,12,17,29,0.41
nsmD,7,1,8,0.88
nsmH,30,13,43,0.7
nsmI,1,1,2,0.5
nsmJ,4,5,9,0.44
nsmL,9,4,13,0.69
nsmM,24,26,50,0.48
nsmN,34,31,65,0.52
nsmP,30,21,51,0.59
nsmS,14,17,31,0.45
nsmb,31,21,52,0.6
nsml,6,5,11,0.55
nsmm,14,16,30,0.47
nsmn,17,20,37,0.46
nsms,15,9,24,0.62
nsnB,18,21,39,0.46
nsnD,5,2,7,0.71
nsnH,27,10,37,0.73
nsnI,7,1,8,0.88
nsnK,3,2,5,0.6
nsnL,11,5,16,0.69
nsnM,33,27,60,0.55
nsnN,45,39,84,0.54
nsnP,46,47,93,0.49
nsnS,19,19,38,0.5
nsnb,27,24,51,0.53
nsnh,0,1,1,0.0
nsnl,11,15,26,0.42
nsnm,16,16,32,0.5
nsnn,34,22,56,0.61
nsns,26,22,48,0.54
nssB,12,7,19,0.63
nssD,1,2,3,0.33
nssH,23,22,45,0.51
nssI,3,2,5,0.6
nssK,2,1,3,0.67
nssL,3,13,16,0.19
nssM,27,29,56,0.48
nssN,25,27,52,0.48
nssP,27,32,59,0.46
nssS,32,24,56,0.57
nssb,26,25,51,0.51
nssh,1,1,2,0.5
nssl,19,10,29,0.66
nssm,27,14,41,0.66
nssn,25,26,51,0.49
nsss,25,17,42,0.6
nsst,0,1,1,0.0
nstN,0,1,1,0.0
nstl,1,0,1,1.0
nsts,1,0,1,1.0
ntBs,1,0,1,1.0
ntHP,1,0,1,1.0
ntLt,0,1,1,0.0
ntMb,1,0,1,1.0
ntMm,0,0,0,
ntMn,1,1,2,0.5
ntNB,0,1,1,0.0
ntNM,0,1,1,0.0
ntNN,1,1,2,0.5
ntNb,1,0,1,1.0
ntPL,1,0,1,1.0
ntPP,1,0,1,1.0
ntPb,0,1,1,0.0
ntPn,0,1,1,0.0
ntbB,0,1,1,0.0
ntbM,0,1,1,0.0
ntlS,0,1,1,0.0
ntlb,1,0,1,1.0
ntmB,1,0,1,1.0
ntmM,1,0,1,1.0
ntmN,3,0,3,1.0
ntnP,1,0,1,1.0
ntnb,0,1,1,0.0
ntsP,0,1,1,0.0
nttS,0,1,1,0.0
sBBB,8,10,18,0.44
sBBD,0,2,2,0.0
sBBK,1,0,1,1.0
sBBL,4,6,10,0.4
sBBM,18,8,26,0.69
sBBN,16,13,29,0.55
sBBP,14,17,31,0.45
sBBS,5,5,10,0.5
sBBb,12,7,19,0.63
sBBh,1,0,1,1.0
sBBj,2,4,6,0.33
sBBl,3,6,9,0.33
sBBm,10,7,17,0.59
sBBn,20,15,35,0.57
sBBs,3,10,13,0.23
sBBt,3,4,7,0.43
sBDB,0,1,1,0.0
sBDD,0,1,1,0.0
sBDL,0,1,1,0.0
sBDM,1,1,2,0.5
sBDN,2,1,3,0.67
sBDP,2,1,3,0.67
sBDS,2,2,4,0.5
sBDb,0,1,1,0.0
sBDm,0,2,2,0.0
sBDn,1,1,2,0.5
sBDt,0,1,1,0.0
sBHN,1,0,1,1.0
sBHP,1,0,1,1.0
sBHS,0,1,1,0.0
sBHb,1,0,1,1.0
sBHn,1,0,1,1.0
sBKB,2,2,4,0.5
sBKH,1,1,2,0.5
sBKM,3,1,4,0.75
sBKN,1,1,2,0.5
sBKP,0,1,1,0.0
sBKb,2,0,2,1.0
sBKh,0,1,1,0.0
sBKl,1,0,1,1.0
sBKm,0,2,2,0.0
sBKn,1,1,2,0.5
sBKs,0,0,0,
sBKt,1,0,1,1.0
sBLB,2,4,6,0.33
sBLK,1,0,1,1.0
sBLL,2,2,4,0.5
sBLM,2,6,8,0.25
sBLN,4,5,9,0.44
sBLP,7,6,13,0.54
sBLS,1,5,6,0.17
sBLb,6,4,10,0.6
sBLh,6,3,9,0.67
sBLj,2,4,6,0.33
sBLl,1,3,4,0.25
sBLm,5,3,8,0.62
sBLn,7,7,14,0.5
sBLs,3,2,5,0.6
sBLt,0,1,1,0.0
sBMB,5,16,21,0.24
sBMD,0,1,1,0.0
sBMK,1,0,1,1.0
sBML,2,9,11,0.18
sBMM,19,8,27,0.7
sBMN,7,19,26,0.27
sBMP,17,21,38,0.45
sBMS,8,6,14,0.57
sBMb,19,19,38,0.5
sBMh,16,10,26,0.62
sBMj,6,7,13,0.46
sBMl,7,4,11,0.64
sBMm,13,8,21,0.62
sBMn,20,18,38,0.53
sBMs,4,6,10,0.4
sBMt,1,3,4,0.25
sBNB,12,8,20,0.6
sBND,3,1,4,0.75
sBNH,1,2,3,0.33
sBNK,2,2,4,0.5
sBNL,4,6,10,0.4
sBNM,12,14,26,0.46
sBNN,16,22,38,0.42
sBNP,22,33,55,0.4
sBNS,9,8,17,0.53
sBNb,11,17,28,0.39
sBNh,5,8,13,0.38
sBNl,3,9,12,0.25
sBNm,8,8,16,0.5
sBNn,21,24,45,0.47
sBNs,11,12,23,0.48
sBNt,6,0,6,1.0
sBPB,20,19,39,0.51
sBPD,1,2,3,0.33
sBPH,4,4,8,0.5
sBPI,1,0,1,1.0
sBPK,1,2,3,0.33
sBPL,3,11,14,0.21
sBPM,15,12,27,0.56
sBPN,25,19,44,0.57
sBPP,25,27,52,0.48
sBPS,15,17,32,0.47
sBPb,19,24,43,0.44
sBPh,1,3,4,0.25
sBPl,9,10,19,0.47
sBPm,20,15,35,0.57
sBPn,20,23,43,0.47
sBPs,12,13,25,0.48
sBPt,2,2,4,0.5
sBSB,4,11,15,0.27
sBSD,1,1,2,0.5
sBSH,2,3,5,0.4
sBSK,1,0,1,1.0
sBSL,2,1,3,0.67
sBSM,8,17,25,0.32
sBSN,5,12,17,0.29
sBSP,20,6,26,0.77
sBSS,6,11,17,0.35
sBSb,8,9,17,0.47
sBSh,2,4,6,0.33
sBSl,5,2,7,0.71
sBSm,10,5,15,0.67
sBSn,9,11,20,0.45
sBSs,7,8,15,0.47
sBSt,1,1,2,0.5
sBbB,7,13,20,0.35
sBbH,5,5,10,0.5
sBbI,2,1,3,0.67
sBbJ,11,3,14,0.79
sBbK,1,1,2,0.5
sBbL,6,4,10,0.6
sBbM,12,20,32,0.38
sBbN,25,22,47,0.53
sBbP,17,17,34,0.5
sBbS,6,6,12,0.5
sBbb,13,23,36,0.36
sBbl,10,5,15,0.67
sBbm,12,5,17,0.71
sBbn,24,22,46,0.52
sBbs,9,3,12,0.75
sBhB,1,2,3,0.33
sBhH,1,0,1,1.0
sBhL,1,2,3,0.33
sBhM,3,1,4,0.75
sBhN,2,2,4,0.5
sBhP,1,1,2,0.5
sBhS,0,2,2,0.0
sBhh,0,1,1,0.0
sBhl,0,2,2,0.0
sBhm,1,1,2,0.5
sBhn,3,4,7,0.43
sBhs,1,2,3,0.33
sBht,0,2,2,0.0
sBjB,4,4,8,0.5
sBjH,0,2,2,0.0
sBjI,0,0,0,
sBjL,2,4,6,0.33
sBjM,5,3,8,0.62
sBjN,2,4,6,0.33
sBjP,7,8,15,0.47
sBjS,7,3,10,0.7
sBjb,5,4,9,0.56
sBjh,0,1,1,0.0
sBjl,4,2,6,0.67
sBjm,4,5,9,0.44
sBjn,10,6,16,0.62
sBjs,5,3,8,0.62
sBjt,0,1,1,0.0
sBlB,12,1,13,0.92
sBlH,8,7,15,0.53
sBlI,2,0,2,1.0
sBlJ,2,0,2,1.0
sBlL,2,2,4,0.5
sBlM,5,7,12,0.42
sBlN,5,6,11,0.45
sBlP,11,9,20,0.55
sBlS,2,3,5,0.4
sBlb,4,5,9,0.44
sBll,2,4,6,0.33
sBlm,8,4,12,0.67
sBln,7,7,14,0.5
sBls,4,8,12,0.33
sBmB,8,15,23,0.35
sBmD,1,1,2,0.5
sBmH,4,11,15,0.27
sBmI,2,1,3,0.67
sBmJ,1,2,3,0.33
sBmL,5,4,9,0.56
sBmM,13,13,26,0.5
sBmN,15,7,22,0.68
sBmP,11,15,26,0.42
sBmS,10,10,20,0.5
sBmb,8,15,23,0.35
sBml,4,1,5,0.8
sBmm,13,7,20,0.65
sBmn,7,17,24,0.29
sBms,3,5,8,0.38
sBmt,1,0,1,1.0
sBnB,10,12,22,0.45
sBnD,1,0,1,1.0
sBnH,10,12,22,0.45
sBnI,1,5,6,0.17
sBnK,1,1,2,0.5
sBnL,5,9,14,0.36
sBnM,20,18,38,0.53
sBnN,26,23,49,0.53
sBnP,34,35,69,0.49
sBnS,13,13,26,0.5
sBnb,13,19,32,0.41
sBnh,0,1,1,0.0
sBnl,8,5,13,0.62
sBnm,16,12,28,0.57
sBnn,24,15,39,0.62
sBns,18,9,27,0.67
sBsB,6,9,15,0.4
sBsH,1,9,10,0.1
sBsI,2,1,3,0.67
sBsK,1,0,1,1.0
sBsL,3,6,9,0.33
sBsM,9,7,16,0.56
sBsN,9,8,17,0.53
sBsP,10,7,17,0.59
sBsS,7,10,17,0.41
sBsb,9,5,14,0.64
sBsl,1,4,5,0.2
sBsm,7,4,11,0.64
sBsn,9,5,14,0.64
sBss,9,4,13,0.69
sBtB,1,2,3,0.33
sBtH,2,5,7,0.29
sBtL,2,1,3,0.67
sBtM,2,2,4,0.5
sBtN,2,4,6,0.33
sBtP,3,1,4,0.75
sBtS,3,3,6,0.5
sBtb,0,3,3,0.0
sBtl,2,1,3,0.67
sBtm,5,1,6,0.83
sBtn,1,2,3,0.33
sBts,0,2,2,0.0
sBtt,1,1,2,0.5
sDBB,0,1,1,0.0
sDBL,0,1,1,0.0
sDBM,1,2,3,0.33
sDBN,3,1,4,0.75
sDBP,4,2,6,0.67
sDBS,1,4,5,0.2
sDBb,5,1,6,0.83
sDBj,1,0,1,1.0
sDBl,1,1,2,0.5
sDBm,0,3,3,0.0
sDBn,3,0,3,1.0
sDBs,2,1,3,0.67
sDBt,0,2,2,0.0
sDDB,1,1,2,0.5
sDDH,0,1,1,0.0
sDDL,0,1,1,0.0
sDDM,0,1,1,0.0
sDDP,1,1,2,0.5
sDDS,0,0,0,
sDDl,0,1,1,0.0
sDDn,1,1,2,0.5
sDHB,1,2,3,0.33
sDHH,1,1,2,0.5
sDHK,1,0,1,1.0
sDHL,0,1,1,0.0
sDHM,2,4,6,0.33
sDHN,3,3,6,0.5
sDHP,2,3,5,0.4
sDHS,1,3,4,0.25
sDHb,1,2,3,0.33
sDHh,2,0,2,1.0
sDHl,2,1,3,0.67
sDHm,2,1,3,0.67
sDHn,2,6,8,0.25
sDHs,0,2,2,0.0
sDIP,0,1,1,0.0
sDKb,0,1,1,0.0
sDLL,2,1,3,0.67
sDLM,0,1,1,0.0
sDLN,2,0,2,1.0
sDLP,0,0,0,
sDLS,0,2,2,0.0
sDLb,1,1,2,0.5
sDLh,0,0,0,
sDLj,0,1,1,0.0
sDLm,1,2,3,0.33
sDLn,0,3,3,0.0
sDLs,1,1,2,0.5
sDLt,1,0,1,1.0
sDMB,0,2,2,0.0
sDML,0,1,1,0.0
sDMM,3,1,4,0.75
sDMN,4,5,9,0.44
sDMP,2,2,4,0.5
sDMS,3,1,4,0.75
sDMb,2,8,10,0.2
sDMh,2,1,3,0.67
sDMj,0,1,1,0.0
sDMl,1,1,2,0.5
sDMm,4,1,5,0.8
sDMn,7,2,9,0.78
sDMs,1,1,2,0.5
sDMt,0,1,1,0.0
sDNB,3,3,6,0.5
sDND,1,1,2,0.5
sDNH,1,0,1,1.0
sDNK,0,1,1,0.0
sDNL,1,0,1,1.0
sDNM,3,3,6,0.5
sDNN,2,2,4,0.5
sDNP,3,6,9,0.33
sDNS,4,0,4,1.0
sDNb,0,1,1,0.0
sDNh,2,1,3,0.67
sDNl,1,1,2,0.5
sDNm,3,2,5,0.6
sDNn,4,2,6,0.67
sDNs,3,1,4,0.75
sDNt,1,2,3,0.33
sDPB,2,2,4,0.5
sDPD,1,0,1,1.0
sDPH,1,0,1,1.0
sDPK,1,0,1,1.0
sDPL,1,2,3,0.33
sDPM,1,3,4,0.25
sDPN,7,1,8,0.88
sDPP,5,6,11,0.45
sDPS,3,5,8,0.38
sDPb,2,4,6,0.33
sDPh,0,1,1,0.0
sDPl,2,2,4,0.5
sDPm,3,2,5,0.6
sDPn,5,7,12,0.42
sDPs,0,1,1,0.0
sDSB,1,0,1,1.0
sDSH,0,2,2,0.0
sDSL,0,2,2,0.0
sDSM,2,5,7,0.29
sDSN,3,1,4,0.75
sDSP,6,4,10,0.6
sDSS,2,0,2,1.0
sDSb,3,0,3,1.0
sDSh,2,3,5,0.4
sDSl,1,1,2,0.5
sDSm,2,2,4,0.5
sDSn,7,2,9,0.78
sDSs,2,1,3,0.67
sDSt,1,1,2,0.5
sDbB,4,4,8,0.5
sDbD,1,0,1,1.0
sDbH,0,0,0,
sDbI,1,1,2,0.5
sDbJ,1,1,2,0.5
sDbL,1,0,1,1.0
sDbM,6,7,13,0.46
sDbN,5,4,9,0.56
sDbP,1,0,1,1.0
sDbS,2,2,4,0.5
sDbb,2,3,5,0.4
sDbl,3,0,3,1.0
sDbm,1,1,2,0.5
sDbn,3,1,4,0.75
sDbs,4,0,4,1.0
sDhN,1,0,1,1.0
sDhP,0,0,0,
sDlH,0,1,1,0.0
sDlI,1,0,1,1.0
sDlM,1,1,2,0.5
sDlN,0,1,1,0.0
sDlP,3,1,4,0.75
sDlS,0,1,1,0.0
sDlb,1,0,1,1.0
sDll,1,1,2,0.5
sDlm,2,0,2,1.0
sDln,0,0,0,
sDls,1,1,2,0.5
sDmB,2,1,3,0.67
sDmD,2,0,2,1.0
sDmH,3,2,5,0.6
sDmJ,0,1,1,0.0
sDmL,0,0,0,
sDmM,3,0,3,1.0
sDmN,2,1,3,0.67
sDmP,4,3,7,0.57
sDmS,3,1,4,0.75
sDmb,4,1,5,0.8
sDml,0,1,1,0.0
sDmm,3,0,3,1.0
sDmn,3,5,8,0.38
sDnB,1,1,2,0.5
sDnH,5,2,7,0.71
sDnI,1,1,2,0.5
sDnL,1,0,1,1.0
sDnM,0,1,1,0.0
sDnN,4,3,7,0.57
sDnP,2,3,5,0.4
sDnS,2,2,4,0.5
sDnb,1,1,2,0.5
sDnl,1,2,3,0.33
sDnm,1,1,2,0.5
sDnn,2,2,4,0.5
sDns,2,3,5,0.4
sDsB,1,0,1,1.0
sDsD,1,0,1,1.0
sDsH,0,1,1,0.0
sDsI,1,0,1,1.0
sDsL,1,0,1,1.0
sDsM,3,3,6,0.5
sDsN,2,3,5,0.4
sDsP,3,2,5,0.6
sDsS,2,2,4,0.5
sDsb,7,1,8,0.88
sDsl,1,1,2,0.5
sDsm,1,0,1,1.0
sDsn,3,2,5,0.6
sDss,3,1,4,0.75
sDtD,1,0,1,1.0
sDtL,1,0,1,1.0
sDtN,1,0,1,1.0
sDtP,0,1,1,0.0
sDtb,1,0,1,1.0
sDtm,1,0,1,1.0
sDtn,1,0,1,1.0
sDtt,1,0,1,1.0
sHBB,12,14,26,0.46
sHBD,0,1,1,0.0
sHBH,0,1,1,0.0
sHBK,1,2,3,0.33
sHBL,9,6,15,0.6
sHBM,8,15,23,0.35
sHBN,13,12,25,0.52
sHBP,22,15,37,0.59
sHBS,5,7,12,0.42
sHBb,18,24,42,0.43
sHBh,2,4,6,0.33
sHBj,4,3,7,0.57
sHBl,8,7,15,0.53
sHBm,12,8,20,0.6
sHBn,20,22,42,0.48
sHBs,14,15,29,0.48
sHBt,5,2,7,0.71
sHDB,3,0,3,1.0
sHDH,4,1,5,0.8
sHDL,0,1,1,0.0
sHDM,3,2,5,0.6
sHDN,6,2,8,0.75
sHDP,7,3,10,0.7
sHDS,2,1,3,0.67
sHDb,1,1,2,0.5
sHDl,0,0,0,
sHDm,1,2,3,0.33
sHDn,6,1,7,0.86
sHDs,0,4,4,0.0
sHDt,0,1,1,0.0
sHHB,5,3,8,0.62
sHHD,1,0,1,1.0
sHHH,4,3,7,0.57
sHHK,1,0,1,1.0
sHHL,1,0,1,1.0
sHHM,4,5,9,0.44
sHHN,6,5,11,0.55
sHHP,9,6,15,0.6
sHHS,7,6,13,0.54
sHHb,2,5,7,0.29
sHHh,1,2,3,0.33
sHHl,1,2,3,0.33
sHHm,3,6,9,0.33
sHHn,6,4,10,0.6
sHHs,3,4,7,0.43
sHIB,2,1,3,0.67
sHID,1,0,1,1.0
sHIH,2,0,2,1.0
sHIL,0,4,4,0.0
sHIM,3,5,8,0.38
sHIN,2,2,4,0.5
sHIP,3,1,4,0.75
sHIS,1,2,3,0.33
sHIb,2,0,2,1.0
sHIl,0,1,1,0.0
sHIm,1,2,3,0.33
sHIn,5,0,5,1.0
sHIs,1,2,3,0.33
sHKB,1,1,2,0.5
sHKD,0,0,0,
sHKH,0,1,1,0.0
sHKL,2,2,4,0.5
sHKN,2,2,4,0.5
sHKP,2,2,4,0.5
sHKS,0,1,1,0.0
sHKb,2,1,3,0.67
sHKh,1,4,5,0.2
sHKl,2,0,2,1.0
sHKm,4,0,4,1.0
sHKn,2,2,4,0.5
sHKs,1,2,3,0.33
sHLB,4,1,5,0.8
sHLD,1,0,1,1.0
sHLK,1,0,1,1.0
sHLL,4,2,6,0.67
sHLM,4,8,12,0.33
sHLN,5,4,9,0.56
sHLP,6,12,18,0.33
sHLS,9,8,17,0.53
sHLb,9,11,20,0.45
sHLh,3,6,9,0.33
sHLj,3,3,6,0.5
sHLl,7,5,12,0.58
sHLm,9,6,15,0.6
sHLn,11,15,26,0.42
sHLs,7,8,15,0.47
sHLt,1,2,3,0.33
sHMB,22,24,46,0.48
sHMD,2,1,3,0.67
sHMK,2,0,2,1.0
sHML,4,11,15,0.27
sHMM,17,17,34,0.5
sHMN,18,17,35,0.51
sHMP,27,40,67,0.4
sHMS,12,14,26,0.46
sHMb,26,20,46,0.57
sHMh,20,26,46,0.43
sHMj,6,7,13,0.46
sHMl,14,14,28,0.5
sHMm,30,21,51,0.59
sHMn,31,43,74,0.42
sHMs,17,17,34,0.5
sHMt,1,4,5,0.2
sHNB,16,16,32,0.5
sHNH,3,3,6,0.5
sHNK,0,7,7,0.0
sHNL,8,3,11,0.73
sHNM,17,23,40,0.42
sHNN,24,28,52,0.46
sHNP,29,29,58,0.5
sHNS,18,23,41,0.44
sHNb,27,11,38,0.71
sHNh,9,10,19,0.47
sHNl,10,9,19,0.53
sHNm,22,18,40,0.55
sHNn,45,33,78,0.58
sHNs,16,16,32,0.5
sHNt,5,4,9,0.56
sHPB,19,20,39,0.49
sHPD,3,2,5,0.6
sHPH,7,6,13,0.54
sHPI,2,5,7,0.29
sHPK,6,5,11,0.55
sHPL,12,14,26,0.46
sHPM,43,44,87,0.49
sHPN,29,32,61,0.48
sHPP,42,48,90,0.47
sHPS,24,26,50,0.48
sHPb,29,21,50,0.58
sHPh,5,3,8,0.62
sHPl,20,16,36,0.56
sHPm,33,25,58,0.57
sHPn,23,25,48,0.48
sHPs,23,22,45,0.51
sHPt,2,2,4,0.5
sHSB,8,15,23,0.35
sHSD,1,0,1,1.0
sHSH,7,5,12,0.58
sHSI,0,1,1,0.0
sHSK,0,3,3,0.0
sHSL,4,4,8,0.5
sHSM,15,22,37,0.41
sHSN,20,15,35,0.57
sHSP,26,23,49,0.53
sHSS,14,34,48,0.29
sHSb,20,21,41,0.49
sHSh,22,11,33,0.67
sHSl,10,16,26,0.38
sHSm,18,9,27,0.67
sHSn,19,17,36,0.53
sHSs,17,22,39,0.44
sHSt,4,1,5,0.8
sHbB,20,18,38,0.53
sHbD,2,0,2,1.0
sHbH,4,4,8,0.5
sHbI,0,1,1,0.0
sHbJ,6,4,10,0.6
sHbK,3,2,5,0.6
sHbL,3,6,9,0.33
sHbM,16,25,41,0.39
sHbN,30,23,53,0.57
sHbP,27,26,53,0.51
sHbS,16,19,35,0.46
sHbb,31,22,53,0.58
sHbl,13,11,24,0.54
sHbm,12,9,21,0.57
sHbn,22,23,45,0.49
sHbs,19,10,29,0.66
sHhB,8,5,13,0.62
sHhD,0,1,1,0.0
sHhH,2,5,7,0.29
sHhI,0,1,1,0.0
sHhK,0,1,1,0.0
sHhL,5,4,9,0.56
sHhM,10,20,30,0.33
sHhN,10,15,25,0.4
sHhP,13,23,36,0.36
sHhS,12,19,31,0.39
sHhb,11,12,23,0.48
sHhh,8,9,17,0.47
sHhl,7,7,14,0.5
sHhm,10,12,22,0.45
sHhn,13,10,23,0.57
sHhs,15,13,28,0.54
sHht,1,2,3,0.33
sHlB,8,11,19,0.42
sHlD,1,1,2,0.5
sHlH,10,9,19,0.53
sHlI,1,2,3,0.33
sHlJ,2,3,5,0.4
sHlL,1,1,2,0.5
sHlM,16,14,30,0.53
sHlN,14,15,29,0.48
sHlP,16,15,31,0.52
sHlS,7,8,15,0.47
sHlb,10,10,20,0.5
sHll,9,6,15,0.6
sHlm,7,8,15,0.47
sHln,5,7,12,0.42
sHls,7,7,14,0.5
sHmB,15,16,31,0.48
sHmD,1,2,3,0.33
sHmH,8,12,20,0.4
sHmI,2,3,5,0.4
sHmJ,8,2,10,0.8
sHmL,9,5,14,0.64
sHmM,18,24,42,0.43
sHmN,24,17,41,0.59
sHmP,23,22,45,0.51
sHmS,10,11,21,0.48
sHmb,25,16,41,0.61
sHml,8,14,22,0.36
sHmm,11,10,21,0.52
sHmn,14,16,30,0.47
sHms,12,8,20,0.6
sHnB,10,19,29,0.34
sHnD,2,1,3,0.67
sHnH,17,7,24,0.71
sHnI,7,2,9,0.78
sHnK,4,3,7,0.57
sHnL,16,10,26,0.62
sHnM,27,30,57,0.47
sHnN,35,36,71,0.49
sHnP,37,51,88,0.42
sHnS,30,15,45,0.67
sHnb,30,18,48,0.62
sHnh,1,2,3,0.33
sHnl,15,7,22,0.68
sHnm,16,23,39,0.41
sHnn,36,28,64,0.56
sHns,22,28,50,0.44
sHsB,7,13,20,0.35
sHsD,2,2,4,0.5
sHsH,28,25,53,0.53
sHsI,1,2,3,0.33
sHsL,7,3,10,0.7
sHsM,17,23,40,0.42
sHsN,17,27,44,0.39
sHsP,36,22,58,0.62
sHsS,36,25,61,0.59
sHsb,17,22,39,0.44
sHsl,10,14,24,0.42
sHsm,8,17,25,0.32
sHsn,16,19,35,0.46
sHss,23,23,46,0.5
sHtB,0,0,0,
sHtH,0,1,1,0.0
sHtL,1,1,2,0.5
sHtM,4,0,4,1.0
sHtN,0,1,1,0.0
sHtP,3,3,6,0.5
sHtS,1,0,1,1.0
sHtb,1,3,4,0.25
sHtl,2,1,3,0.67
sHtm,2,2,4,0.5
sHtn,2,2,4,0.5
sHts,1,2,3,0.33
sIBB,4,1,5,0.8
sIBK,1,0,1,1.0
sIBL,2,1,3,0.67
sIBM,3,1,4,0.75
sIBN,1,0,1,1.0
sIBP,1,7,8,0.12
sIBS,0,0,0,
sIBb,3,2,5,0.6
sIBh,0,1,1,0.0
sIBl,2,2,4,0.5
sIBm,2,0,2,1.0
sIBn,2,1,3,0.67
sIBs,1,5,6,0.17
sIBt,1,0,1,1.0
sIDM,1,0,1,1.0
sIDP,1,0,1,1.0
sIDS,0,1,1,0.0
sIDb,0,1,1,0.0
sIDs,0,1,1,0.0
sIHB,1,0,1,1.0
sIHD,1,0,1,1.0
sIHI,0,0,0,
sIHK,0,1,1,0.0
sIHL,1,1,2,0.5
sIHM,4,1,5,0.8
sIHN,2,4,6,0.33
sIHP,4,4,8,0.5
sIHS,2,4,6,0.33
sIHb,0,1,1,0.0
sIHh,0,1,1,0.0
sIHl,0,2,2,0.0
sIHm,1,3,4,0.25
sIHn,6,2,8,0.75
sIHs,0,2,2,0.0
sIIB,0,1,1,0.0
sIIP,1,0,1,1.0
sIIS,0,1,1,0.0
sIIl,1,0,1,1.0
sILB,1,1,2,0.5
sILK,0,1,1,0.0
sILL,0,1,1,0.0
sILM,0,1,1,0.0
sILN,2,0,2,1.0
sILP,1,3,4,0.25
sILb,0,2,2,0.0
sILj,1,0,1,1.0
sILl,0,1,1,0.0
sILm,0,2,2,0.0
sILn,0,1,1,0.0
sILs,2,0,2,1.0
sILt,1,0,1,1.0
sIMB,0,3,3,0.0
sIMD,1,0,1,1.0
sIMH,1,0,1,1.0
sIML,2,4,6,0.33
sIMM,4,3,7,0.57
sIMN,5,2,7,0.71
sIMP,7,5,12,0.58
sIMS,0,1,1,0.0
sIMb,3,2,5,0.6
sIMh,2,2,4,0.5
sIMj,2,1,3,0.67
sIMl,2,1,3,0.67
sIMm,5,2,7,0.71
sIMn,4,3,7,0.57
sIMs,3,2,5,0.6
sIMt,0,0,0,
sINB,5,1,6,0.83
sIND,0,0,0,
sINH,1,0,1,1.0
sINL,1,3,4,0.25
sINM,4,2,6,0.67
sINN,2,1,3,0.67
sINP,9,3,12,0.75
sINS,2,5,7,0.29
sINb,2,2,4,0.5
sINh,2,0,2,1.0
sINl,3,0,3,1.0
sINm,4,2,6,0.67
sINn,6,2,8,0.75
sINs,6,2,8,0.75
sINt,1,1,2,0.5
sIPB,3,1,4,0.75
sIPH,0,1,1,0.0
sIPI,0,1,1,0.0
sIPK,0,1,1,0.0
sIPL,4,4,8,0.5
sIPM,0,7,7,0.0
sIPN,1,4,5,0.2
sIPP,8,9,17,0.47
sIPS,2,3,5,0.4
sIPb,4,3,7,0.57
sIPl,5,1,6,0.83
sIPm,3,4,7,0.43
sIPn,4,3,7,0.57
sIPs,4,3,7,0.57
sIPt,0,1,1,0.0
sISB,1,1,2,0.5
sISH,3,0,3,1.0
sISI,0,1,1,0.0
sISK,1,0,1,1.0
sISL,0,1,1,0.0
sISM,2,3,5,0.4
sISN,2,2,4,0.5
sISP,4,6,10,0.4
sISS,1,6,7,0.14
sISb,1,1,2,0.5
sISh,1,0,1,1.0
sISl,1,1,2,0.5
sISm,2,1,3,0.67
sISn,3,2,5,0.6
sISs,1,2,3,0.33
sISt,1,0,1,1.0
sIbB,6,1,7,0.86
sIbJ,1,1,2,0.5
sIbL,2,0,2,1.0
sIbM,1,4,5,0.2
sIbN,5,1,6,0.83
sIbP,4,6,10,0.4
sIbS,2,1,3,0.67
sIbb,1,2,3,0.33
sIbm,2,0,2,1.0
sIbn,4,3,7,0.57
sIbs,1,2,3,0.33
sIhh,0,1,1,0.0
sIht,1,0,1,1.0
sIlB,0,2,2,0.0
sIlJ,0,0,0,
sIlL,0,1,1,0.0
sIlM,1,0,1,1.0
sIlN,1,3,4,0.25
sIlP,1,2,3,0.33
sIlS,1,2,3,0.33
sIlb,2,0,2,1.0
sIll,2,0,2,1.0
sIlm,1,1,2,0.5
sIln,0,1,1,0.0
sIls,2,2,4,0.5
sImB,3,2,5,0.6
sImH,1,1,2,0.5
sImI,0,1,1,0.0
sImJ,1,0,1,1.0
sImL,0,1,1,0.0
sImM,4,0,4,1.0
sImN,1,2,3,0.33
sImP,4,1,5,0.8
sImS,1,1,2,0.5
sImb,0,2,2,0.0
sIml,1,1,2,0.5
sImm,3,1,4,0.75
sImn,1,4,5,0.2
sIms,1,1,2,0.5
sInB,1,0,1,1.0
sInH,0,1,1,0.0
sInL,1,0,1,1.0
sInM,1,2,3,0.33
sInN,3,5,8,0.38
sInP,2,4,6,0.33
sInS,3,0,3,1.0
sInb,1,1,2,0.5
sInl,0,0,0,
sInm,2,3,5,0.4
sInn,2,1,3,0.67
sIns,1,2,3,0.33
sIsB,1,0,1,1.0
sIsD,0,1,1,0.0
sIsH,3,3,6,0.5
sIsI,1,0,1,1.0
sIsL,1,2,3,0.33
sIsM,3,2,5,0.6
sIsN,1,3,4,0.25
sIsP,1,2,3,0.33
sIsS,1,3,4,0.25
sIsb,2,2,4,0.5
sIsl,1,2,3,0.33
sIsm,2,0,2,1.0
sIsn,1,1,2,0.5
sIss,7,3,10,0.7
sItH,0,1,1,0.0
sItm,0,0,0,
sIts,1,1,2,0.5
sKBP,1,0,1,1.0
sKBb,1,0,1,1.0
sKBj,1,0,1,1.0
sKBm,1,1,2,0.5
sKBn,2,1,3,0.67
sKBs,1,0,1,1.0
sKDl,1,0,1,1.0
sKHB,1,0,1,1.0
sKHS,0,0,0,
sKKS,1,0,1,1.0
sKKb,0,1,1,0.0
sKLM,1,0,1,1.0
sKLN,0,2,2,0.0
sKLP,1,0,1,1.0
sKLS,0,0,0,
sKLb,0,1,1,0.0
sKLj,0,1,1,0.0
sKLs,0,0,0,
sKML,0,1,1,0.0
sKMM,1,2,3,0.33
sKMN,1,0,1,1.0
sKMP,0,0,0,
sKMS,1,0,1,1.0
sKMb,0,1,1,0.0
sKMl,1,1,2,0.5
sKMm,1,1,2,0.5
sKMn,1,2,3,0.33
sKND,0,1,1,0.0
sKNN,0,1,1,0.0
sKNP,2,0,2,1.0
sKNb,0,1,1,0.0
sKNl,0,0,0,
sKNn,0,2,2,0.0
sKNs,1,0,1,1.0
sKPB,0,2,2,0.0
sKPL,2,1,3,0.67
sKPM,1,2,3,0.33
sKPP,3,5,8,0.38
sKPS,0,2,2,0.0
sKPb,1,1,2,0.5
sKPh,1,0,1,1.0
sKPl,1,0,1,1.0
sKPm,1,1,2,0.5
sKPn,1,0,1,1.0
sKPs,2,2,4,0.5
sKSB,2,0,2,1.0
sKSH,0,1,1,0.0
sKSL,0,1,1,0.0
sKSM,1,0,1,1.0
sKSN,0,1,1,0.0
sKSP,1,1,2,0.5
sKSS,1,2,3,0.33
sKSh,0,0,0,
sKSl,0,1,1,0.0
sKSm,1,0,1,1.0
sKSn,1,3,4,0.25
sKbB,1,0,1,1.0
sKbH,0,1,1,0.0
sKbL,0,1,1,0.0
sKbM,1,3,4,0.25
sKbN,0,1,1,0.0
sKbP,2,0,2,1.0
sKbS,1,0,1,1.0
sKbb,1,0,1,1.0
sKbl,1,0,1,1.0
sKbs,1,0,1,1.0
sKhB,1,1,2,0.5
sKhM,0,2,2,0.0
sKhN,1,0,1,1.0
sKhP,0,1,1,0.0
sKhS,0,1,1,0.0
sKhb,0,2,2,0.0
sKhh,1,0,1,1.0
sKhl,1,0,1,1.0
sKhm,2,0,2,1.0
sKhn,3,2,5,0.6
sKlD,0,1,1,0.0
sKlM,1,2,3,0.33
sKlP,1,2,3,0.33
sKlm,0,1,1,0.0
sKls,1,1,2,0.5
sKmB,1,0,1,1.0
sKmH,3,1,4,0.75
sKmL,0,1,1,0.0
sKmN,1,0,1,1.0
sKmP,3,2,5,0.6
sKmS,0,2,2,0.0
sKmb,0,2,2,0.0
sKml,1,0,1,1.0
sKmm,0,0,0,
sKmn,0,1,1,0.0
sKnB,0,0,0,
sKnM,1,1,2,0.5
sKnN,2,0,2,1.0
sKnP,2,1,3,0.67
sKnS,0,1,1,0.0
sKnb,2,1,3,0.67
sKnl,1,0,1,1.0
sKnm,1,0,1,1.0
sKnn,1,0,1,1.0
sKns,1,0,1,1.0
sKsB,0,2,2,0.0
sKsH,0,1,1,0.0
sKsL,0,2,2,0.0
sKsM,0,1,1,0.0
sKsN,0,1,1,0.0
sKsP,2,2,4,0.5
sKsS,1,0,1,1.0
sKsm,0,1,1,0.0
sKsn,0,0,0,
sKtP,0,1,1,0.0
sKtn,0,1,1,0.0
sLBB,8,7,15,0.53
sLBD,1,1,2,0.5
sLBK,1,0,1,1.0
sLBL,0,4,4,0.0
sLBM,5,9,14,0.36
sLBN,7,7,14,0.5
sLBP,12,9,21,0.57
sLBS,1,10,11,0.09
sLBb,8,11,19,0.42
sLBh,0,1,1,0.0
sLBj,2,5,7,0.29
sLBl,4,5,9,0.44
sLBm,6,4,10,0.6
sLBn,8,11,19,0.42
sLBs,4,2,6,0.67
sLBt,1,1,2,0.5
sLDB,3,0,3,1.0
sLDH,1,0,1,1.0
sLDM,1,0,1,1.0
sLDN,0,1,1,0.0
sLDP,0,1,1,0.0
sLDl,1,0,1,1.0
sLDm,3,0,3,1.0
sLDn,0,0,0,
sLHK,1,0,1,1.0
sLHm,1,0,1,1.0
sLKB,1,3,4,0.25
sLKS,1,1,2,0.5
sLKb,2,0,2,1.0
sLKh,0,1,1,0.0
sLKl,1,1,2,0.5
sLKm,1,0,1,1.0
sLKn,1,0,1,1.0
sLKs,1,0,1,1.0
sLLB,3,5,8,0.38
sLLL,1,2,3,0.33
sLLM,0,4,4,0.0
sLLN,3,1,4,0.75
sLLP,0,4,4,0.0
sLLS,4,3,7,0.57
sLLb,6,7,13,0.46
sLLh,2,1,3,0.67
sLLj,2,0,2,1.0
sLLl,1,1,2,0.5
sLLm,4,5,9,0.44
sLLn,8,7,15,0.53
sLLs,2,4,6,0.33
sLMB,9,10,19,0.47
sLMD,0,1,1,0.0
sLML,0,8,8,0.0
sLMM,3,9,12,0.25
sLMN,9,8,17,0.53
sLMP,14,13,27,0.52
sLMS,7,4,11,0.64
sLMb,8,9,17,0.47
sLMh,4,6,10,0.4
sLMj,2,5,7,0.29
sLMl,6,4,10,0.6
sLMm,7,3,10,0.7
sLMn,11,11,22,0.5
sLMs,8,6,14,0.57
sLMt,1,0,1,1.0
sLNB,9,2,11,0.82
sLND,2,0,2,1.0
sLNK,0,1,1,0.0
sLNL,2,3,5,0.4
sLNM,6,9,15,0.4
sLNN,2,7,9,0.22
sLNP,17,20,37,0.46
sLNS,10,7,17,0.59
sLNb,7,6,13,0.54
sLNh,7,1,8,0.88
sLNl,6,9,15,0.4
sLNm,11,6,17,0.65
sLNn,12,10,22,0.55
sLNs,5,2,7,0.71
sLNt,3,3,6,0.5
sLPB,8,8,16,0.5
sLPD,1,0,1,1.0
sLPH,4,4,8,0.5
sLPI,1,0,1,1.0
sLPL,7,5,12,0.58
sLPM,12,14,26,0.46
sLPN,10,15,25,0.4
sLPP,20,19,39,0.51
sLPS,9,4,13,0.69
sLPb,22,7,29,0.76
sLPh,2,2,4,0.5
sLPl,6,4,10,0.6
sLPm,8,6,14,0.57
sLPn,16,11,27,0.59
sLPs,7,8,15,0.47
sLPt,4,3,7,0.57
sLSB,4,3,7,0.57
sLSH,2,3,5,0.4
sLSK,1,0,1,1.0
sLSL,3,5,8,0.38
sLSM,6,7,13,0.46
sLSN,6,5,11,0.55
sLSP,10,15,25,0.4
sLSS,4,6,10,0.4
sLSb,3,6,9,0.33
sLSh,4,2,6,0.67
sLSl,6,2,8,0.75
sLSm,8,3,11,0.73
sLSn,7,11,18,0.39
sLSs,10,6,16,0.62
sLSt,0,1,1,0.0
sLbB,6,11,17,0.35
sLbD,0,2,2,0.0
sLbH,2,4,6,0.33
sLbJ,4,1,5,0.8
sLbK,0,2,2,0.0
sLbL,2,3,5,0.4
sLbM,8,11,19,0.42
sLbN,13,11,24,0.54
sLbP,16,6,22,0.73
sLbS,4,5,9,0.44
sLbb,9,11,20,0.45
sLbl,4,3,7,0.57
sLbm,3,7,10,0.3
sLbn,11,10,21,0.52
sLbs,8,3,11,0.73
sLhB,3,4,7,0.43
sLhH,0,3,3,0.0
sLhI,0,1,1,0.0
sLhL,2,4,6,0.33
sLhM,5,8,13,0.38
sLhN,2,3,5,0.4
sLhP,4,6,10,0.4
sLhS,3,2,5,0.6
sLhb,3,3,6,0.5
sLhh,4,3,7,0.57
sLhl,4,5,9,0.44
sLhm,4,2,6,0.67
sLhn,5,3,8,0.62
sLhs,5,4,9,0.56
sLht,0,1,1,0.0
sLjB,1,0,1,1.0
sLjH,1,0,1,1.0
sLjL,1,0,1,1.0
sLjM,1,2,3,0.33
sLjN,4,4,8,0.5
sLjP,3,3,6,0.5
sLjS,3,3,6,0.5
sLjb,2,7,9,0.22
sLjh,1,0,1,1.0
sLjl,1,1,2,0.5
sLjm,4,2,6,0.67
sLjn,3,2,5,0.6
sLjs,1,4,5,0.2
sLlB,7,2,9,0.78
sLlD,2,1,3,0.67
sLlH,4,1,5,0.8
sLlJ,2,0,2,1.0
sLlK,1,0,1,1.0
sLlL,2,1,3,0.67
sLlM,4,6,10,0.4
sLlN,6,5,11,0.55
sLlP,8,4,12,0.67
sLlS,6,8,14,0.43
sLlb,7,9,16,0.44
sLll,4,3,7,0.57
sLlm,7,3,10,0.7
sLln,5,3,8,0.62
sLls,4,9,13,0.31
sLmB,4,7,11,0.36
sLmD,0,2,2,0.0
sLmH,5,7,12,0.42
sLmJ,3,2,5,0.6
sLmL,6,4,10,0.6
sLmM,8,7,15,0.53
sLmN,3,8,11,0.27
sLmP,12,12,24,0.5
sLmS,3,9,12,0.25
sLmb,7,9,16,0.44
sLml,3,6,9,0.33
sLmm,5,6,11,0.45
sLmn,5,8,13,0.38
sLms,8,9,17,0.47
sLnB,9,11,20,0.45
sLnD,1,1,2,0.5
sLnH,6,14,20,0.3
sLnI,5,4,9,0.56
sLnK,3,0,3,1.0
sLnL,7,6,13,0.54
sLnM,13,13,26,0.5
sLnN,17,13,30,0.57
sLnP,23,19,42,0.55
sLnS,10,4,14,0.71
sLnb,10,9,19,0.53
sLnh,0,2,2,0.0
sLnl,7,3,10,0.7
sLnm,15,6,21,0.71
sLnn,18,13,31,0.58
sLns,11,9,20,0.55
sLsB,6,5,11,0.55
sLsD,1,2,3,0.33
sLsH,11,7,18,0.61
sLsI,1,0,1,1.0
sLsK,0,1,1,0.0
sLsL,0,5,5,0.0
sLsM,6,5,11,0.55
sLsN,12,7,19,0.63
sLsP,16,8,24,0.67
sLsS,4,6,10,0.4
sLsb,2,5,7,0.29
sLsh,0,2,2,0.0
sLsl,5,2,7,0.71
sLsm,5,3,8,0.62
sLsn,4,7,11,0.36
sLss,7,10,17,0.41
sLtB,0,1,1,0.0
sLtH,4,2,6,0.67
sLtM,2,2,4,0.5
sLtN,2,0,2,1.0
sLtP,3,2,5,0.6
sLtS,2,1,3,0.67
sLtb,0,2,2,0.0
sLtl,0,1,1,0.0
sLtm,1,1,2,0.5
sLtn,1,2,3,0.33
sLts,2,1,3,0.67
sLtt,0,3,3,0.0
sMBB,18,22,40,0.45
sMBD,5,2,7,0.71
sMBH,0,0,0,
sMBK,1,1,2,0.5
sMBL,6,2,8,0.75
sMBM,14,16,30,0.47
sMBN,14,26,40,0.35
sMBP,25,26,51,0.49
sMBS,10,8,18,0.56
sMBb,19,25,44,0.43
sMBh,2,2,4,0.5
sMBj,6,6,12,0.5
sMBl,8,9,17,0.47
sMBm,9,12,21,0.43
sMBn,32,25,57,0.56
sMBs,7,9,16,0.44
sMBt,5,1,6,0.83
sMDH,0,0,0,
sMDM,0,1,1,0.0
sMDN,2,2,4,0.5
sMDP,3,2,5,0.6
sMDS,0,2,2,0.0
sMDb,2,1,3,0.67
sMDl,0,1,1,0.0
sMDm,2,0,2,1.0
sMDn,0,1,1,0.0
sMDs,0,2,2,0.0
sMHB,1,3,4,0.25
sMHL,0,1,1,0.0
sMHN,1,0,1,1.0
sMHP,0,1,1,0.0
sMHl,0,1,1,0.0
sMIn,1,0,1,1.0
sMKb,1,0,1,1.0
sMKl,2,0,2,1.0
sMKn,0,2,2,0.0
sMLB,11,6,17,0.65
sMLD,0,1,1,0.0
sMLL,4,4,8,0.5
sMLM,9,7,16,0.56
sMLN,9,15,24,0.38
sMLP,8,11,19,0.42
sMLS,6,2,8,0.75
sMLb,12,12,24,0.5
sMLh,3,3,6,0.5
sMLj,1,3,4,0.25
sMLl,3,5,8,0.38
sMLm,4,6,10,0.4
sMLn,19,4,23,0.83
sMLs,6,4,10,0.6
sMLt,0,0,0,
sMMB,11,27,38,0.29
sMMD,1,2,3,0.33
sMML,8,8,16,0.5
sMMM,15,22,37,0.41
sMMN,27,19,46,0.59
sMMP,23,27,50,0.46
sMMS,6,6,12,0.5
sMMb,28,29,57,0.49
sMMh,23,21,44,0.52
sMMj,8,7,15,0.53
sMMl,5,8,13,0.38
sMMm,9,27,36,0.25
sMMn,30,27,57,0.53
sMMs,13,13,26,0.5
sMMt,2,2,4,0.5
sMNB,14,11,25,0.56
sMND,5,0,5,1.0
sMNH,5,1,6,0.83
sMNK,1,2,3,0.33
sMNL,5,10,15,0.33
sMNM,15,17,32,0.47
sMNN,26,31,57,0.46
sMNP,31,44,75,0.41
sMNS,7,17,24,0.29
sMNb,14,12,26,0.54
sMNh,4,8,12,0.33
sMNl,7,5,12,0.58
sMNm,10,15,25,0.4
sMNn,33,33,66,0.5
sMNs,20,10,30,0.67
sMNt,5,3,8,0.62
sMPB,23,16,39,0.59
sMPD,1,2,3,0.33
sMPH,6,9,15,0.4
sMPI,1,2,3,0.33
sMPK,4,5,9,0.44
sMPL,12,10,22,0.55
sMPM,26,31,57,0.46
sMPN,31,31,62,0.5
sMPP,31,49,80,0.39
sMPS,21,19,40,0.52
sMPb,26,23,49,0.53
sMPh,2,2,4,0.5
sMPl,16,13,29,0.55
sMPm,22,16,38,0.58
sMPn,26,25,51,0.51
sMPs,17,15,32,0.53
sMPt,5,3,8,0.62
sMSB,13,10,23,0.57
sMSD,5,1,6,0.83
sMSH,3,6,9,0.33
sMSK,1,0,1,1.0
sMSL,3,10,13,0.23
sMSM,23,19,42,0.55
sMSN,15,17,32,0.47
sMSP,26,19,45,0.58
sMSS,12,15,27,0.44
sMSb,17,12,29,0.59
sMSh,8,7,15,0.53
sMSl,5,6,11,0.45
sMSm,19,11,30,0.63
sMSn,25,31,56,0.45
sMSs,10,11,21,0.48
sMSt,2,0,2,1.0
sMbB,14,25,39,0.36
sMbH,7,5,12,0.58
sMbI,5,1,6,0.83
sMbJ,8,4,12,0.67
sMbK,3,3,6,0.5
sMbL,6,2,8,0.75
sMbM,19,19,38,0.5
sMbN,25,33,58,0.43
sMbP,40,29,69,0.58
sMbS,11,9,20,0.55
sMbb,25,22,47,0.53
sMbl,5,11,16,0.31
sMbm,15,12,27,0.56
sMbn,23,34,57,0.4
sMbs,19,11,30,0.63
sMhB,17,11,28,0.61
sMhD,3,1,4,0.75
sMhH,2,4,6,0.33
sMhI,1,0,1,1.0
sMhK,0,1,1,0.0
sMhL,3,5,8,0.38
sMhM,21,23,44,0.48
sMhN,28,26,54,0.52
sMhP,28,29,57,0.49
sMhS,17,16,33,0.52
sMhb,20,22,42,0.48
sMhh,12,8,20,0.6
sMhl,7,12,19,0.37
sMhm,14,4,18,0.78
sMhn,25,22,47,0.53
sMhs,16,18,34,0.47
sMht,0,2,2,0.0
sMjB,6,3,9,0.67
sMjH,2,1,3,0.67
sMjI,0,0,0,
sMjL,2,2,4,0.5
sMjM,3,5,8,0.38
sMjN,3,7,10,0.3
sMjP,10,9,19,0.53
sMjS,6,6,12,0.5
sMjb,9,6,15,0.6
sMjl,5,5,10,0.5
sMjm,4,2,6,0.67
sMjn,9,8,17,0.53
sMjs,6,6,12,0.5
sMjt,1,0,1,1.0
sMlB,8,8,16,0.5
sMlD,2,1,3,0.67
sMlH,6,9,15,0.4
sMlI,2,1,3,0.67
sMlJ,6,3,9,0.67
sMlK,1,1,2,0.5
sMlL,5,7,12,0.42
sMlM,11,7,18,0.61
sMlN,14,9,23,0.61
sMlP,16,17,33,0.48
sMlS,11,11,22,0.5
sMlb,12,9,21,0.57
sMll,4,2,6,0.67
sMlm,7,9,16,0.44
sMln,11,8,19,0.58
sMls,6,8,14,0.43
sMmB,12,18,30,0.4
sMmD,4,2,6,0.67
sMmH,14,23,37,0.38
sMmI,2,2,4,0.5
sMmJ,4,5,9,0.44
sMmL,6,6,12,0.5
sMmM,19,22,41,0.46
sMmN,32,18,50,0.64
sMmP,23,28,51,0.45
sMmS,19,8,27,0.7
sMmb,19,19,38,0.5
sMml,10,6,16,0.62
sMmm,16,11,27,0.59
sMmn,20,18,38,0.53
sMms,14,11,25,0.56
sMnB,19,24,43,0.44
sMnD,1,3,4,0.25
sMnH,14,21,35,0.4
sMnI,5,7,12,0.42
sMnK,3,5,8,0.38
sMnL,7,5,12,0.58
sMnM,28,30,58,0.48
sMnN,43,47,90,0.48
sMnP,49,48,97,0.51
sMnS,25,34,59,0.42
sMnb,36,22,58,0.62
sMnh,2,1,3,0.67
sMnl,16,11,27,0.59
sMnm,31,29,60,0.52
sMnn,41,36,77,0.53
sMns,32,23,55,0.58
sMsB,11,10,21,0.52
sMsD,0,2,2,0.0
sMsH,14,17,31,0.45
sMsI,3,1,4,0.75
sMsK,2,1,3,0.67
sMsL,10,5,15,0.67
sMsM,11,20,31,0.35
sMsN,15,10,25,0.6
sMsP,21,30,51,0.41
sMsS,16,11,27,0.59
sMsb,13,8,21,0.62
sMsh,0,0,0,
sMsl,6,4,10,0.6
sMsm,12,11,23,0.52
sMsn,24,14,38,0.63
sMss,13,17,30,0.43
sMtB,2,3,5,0.4
sMtD,1,1,2,0.5
sMtH,3,4,7,0.43
sMtK,0,1,1,0.0
sMtL,3,1,4,0.75
sMtM,3,5,8,0.38
sMtN,1,5,6,0.17
sMtP,7,7,14,0.5
sMtS,3,3,6,0.5
sMtb,5,3,8,0.62
sMtl,0,1,1,0.0
sMtm,6,5,11,0.55
sMtn,6,4,10,0.6
sMts,3,2,5,0.6
sMtt,2,1,3,0.67
sNBB,19,12,31,0.61
sNBD,2,0,2,1.0
sNBK,2,3,5,0.4
sNBL,4,6,10,0.4
sNBM,25,12,37,0.68
sNBN,15,18,33,0.45
sNBP,29,27,56,0.52
sNBS,12,11,23,0.52
sNBb,15,12,27,0.56
sNBh,2,1,3,0.67
sNBj,2,4,6,0.33
sNBl,6,10,16,0.38
sNBm,11,11,22,0.5
sNBn,22,24,46,0.48
sNBs,12,9,21,0.57
sNBt,4,4,8,0.5
sNDB,3,2,5,0.6
sNDH,0,7,7,0.0
sNDL,1,0,1,1.0
sNDN,2,0,2,1.0
sNDP,2,1,3,0.67
sNDS,1,1,2,0.5
sNDb,1,1,2,0.5
sNDl,1,1,2,0.5
sNDm,2,3,5,0.4
sNDn,2,1,3,0.67
sNDs,0,1,1,0.0
sNHB,3,4,7,0.43
sNHD,2,1,3,0.67
sNHH,3,0,3,1.0
sNHK,0,1,1,0.0
sNHL,4,1,5,0.8
sNHM,7,5,12,0.58
sNHN,3,8,11,0.27
sNHP,6,7,13,0.46
sNHS,3,2,5,0.6
sNHb,2,5,7,0.29
sNHh,0,1,1,0.0
sNHl,2,1,3,0.67
sNHm,8,6,14,0.57
sNHn,5,3,8,0.62
sNHs,3,3,6,0.5
sNIM,0,0,0,
sNIN,0,1,1,0.0
sNIP,0,1,1,0.0
sNIb,1,0,1,1.0
sNIm,0,1,1,0.0
sNKB,2,0,2,1.0
sNKH,0,1,1,0.0
sNKI,1,0,1,1.0
sNKL,0,1,1,0.0
sNKM,4,4,8,0.5
sNKN,1,4,5,0.2
sNKP,5,5,10,0.5
sNKS,1,2,3,0.33
sNKb,1,2,3,0.33
sNKh,1,1,2,0.5
sNKl,0,1,1,0.0
sNKm,1,1,2,0.5
sNKn,2,0,2,1.0
sNKs,3,3,6,0.5
sNKt,1,0,1,1.0
sNLB,5,11,16,0.31
sNLD,0,0,0,
sNLL,6,2,8,0.75
sNLM,7,8,15,0.47
sNLN,8,11,19,0.42
sNLP,9,12,21,0.43
sNLS,10,7,17,0.59
sNLb,11,5,16,0.69
sNLh,5,6,11,0.45
sNLj,3,4,7,0.43
sNLl,1,4,5,0.2
sNLm,10,5,15,0.67
sNLn,16,20,36,0.44
sNLs,8,6,14,0.57
sNLt,1,3,4,0.25
sNMB,21,17,38,0.55
sNMD,1,1,2,0.5
sNML,10,10,20,0.5
sNMM,23,20,43,0.53
sNMN,19,23,42,0.45
sNMP,34,33,67,0.51
sNMS,20,16,36,0.56
sNMb,32,24,56,0.57
sNMh,21,19,40,0.52
sNMj,8,9,17,0.47
sNMl,14,14,28,0.5
sNMm,24,14,38,0.63
sNMn,36,39,75,0.48
sNMs,13,9,22,0.59
sNMt,2,3,5,0.4
sNNB,23,26,49,0.47
sNND,3,1,4,0.75
sNNH,2,3,5,0.4
sNNI,0,1,1,0.0
sNNK,0,5,5,0.0
sNNL,13,12,25,0.52
sNNM,24,20,44,0.55
sNNN,27,42,69,0.39
sNNP,49,49,98,0.5
sNNS,24,24,48,0.5
sNNb,22,23,45,0.49
sNNh,11,14,25,0.44
sNNl,15,7,22,0.68
sNNm,17,17,34,0.5
sNNn,53,40,93,0.57
sNNs,17,25,42,0.4
sNNt,11,6,17,0.65
sNPB,35,31,66,0.53
sNPD,2,1,3,0.67
sNPH,13,5,18,0.72
sNPI,6,5,11,0.55
sNPK,7,10,17,0.41
sNPL,14,17,31,0.45
sNPM,28,58,86,0.33
sNPN,36,55,91,0.4
sNPP,64,68,132,0.48
sNPS,32,39,71,0.45
sNPb,36,42,78,0.46
sNPh,3,4,7,0.43
sNPl,23,24,47,0.49
sNPm,34,33,67,0.51
sNPn,38,48,86,0.44
sNPs,36,32,68,0.53
sNPt,5,3,8,0.62
sNSB,16,17,33,0.48
sNSD,0,2,2,0.0
sNSH,7,10,17,0.41
sNSL,7,7,14,0.5
sNSM,24,20,44,0.55
sNSN,16,19,35,0.46
sNSP,28,29,57,0.49
sNSS,18,21,39,0.46
sNSb,18,23,41,0.44
sNSh,15,25,40,0.38
sNSl,8,14,22,0.36
sNSm,25,10,35,0.71
sNSn,27,18,45,0.6
sNSs,20,29,49,0.41
sNSt,4,3,7,0.57
sNbB,13,21,34,0.38
sNbD,2,1,3,0.67
sNbH,6,8,14,0.43
sNbJ,3,4,7,0.43
sNbK,3,6,9,0.33
sNbL,10,7,17,0.59
sNbM,32,31,63,0.51
sNbN,43,30,73,0.59
sNbP,27,26,53,0.51
sNbS,13,8,21,0.62
sNbb,23,28,51,0.45
sNbl,12,7,19,0.63
sNbm,17,10,27,0.63
sNbn,26,18,44,0.59
sNbs,8,11,19,0.42
sNbt,1,0,1,1.0
sNhB,4,4,8,0.5
sNhD,0,1,1,0.0
sNhH,1,0,1,1.0
sNhI,2,0,2,1.0
sNhL,2,1,3,0.67
sNhM,10,10,20,0.5
sNhN,10,10,20,0.5
sNhP,8,8,16,0.5
sNhS,3,9,12,0.25
sNhb,6,10,16,0.38
sNhh,6,9,15,0.4
sNhl,6,0,6,1.0
sNhm,13,1,14,0.93
sNhn,8,12,20,0.4
sNhs,5,7,12,0.42
sNht,2,1,3,0.67
sNlB,5,6,11,0.45
sNlD,1,0,1,1.0
sNlH,6,12,18,0.33
sNlI,3,1,4,0.75
sNlJ,3,3,6,0.5
sNlK,2,0,2,1.0
sNlL,4,7,11,0.36
sNlM,11,12,23,0.48
sNlN,14,13,27,0.52
sNlP,11,18,29,0.38
sNlS,8,8,16,0.5
sNlb,12,15,27,0.44
sNll,2,4,6,0.33
sNlm,11,4,15,0.73
sNln,13,9,22,0.59
sNls,4,4,8,0.5
sNmB,11,16,27,0.41
sNmD,3,0,3,1.0
sNmH,17,15,32,0.53
sNmI,1,0,1,1.0
sNmJ,3,3,6,0.5
sNmK,1,1,2,0.5
sNmL,7,5,12,0.58
sNmM,17,16,33,0.52
sNmN,29,20,49,0.59
sNmP,31,28,59,0.53
sNmS,13,16,29,0.45
sNmb,26,12,38,0.68
sNmh,0,1,1,0.0
sNml,9,7,16,0.56
sNmm,21,9,30,0.7
sNmn,20,18,38,0.53
sNms,5,8,13,0.38
sNnB,24,21,45,0.53
sNnD,2,2,4,0.5
sNnH,17,9,26,0.65
sNnI,5,2,7,0.71
sNnK,0,5,5,0.0
sNnL,17,11,28,0.61
sNnM,33,28,61,0.54
sNnN,61,54,115,0.53
sNnP,56,54,110,0.51
sNnS,29,36,65,0.45
sNnb,34,34,68,0.5
sNnh,1,1,2,0.5
sNnl,14,10,24,0.58
sNnm,33,19,52,0.63
sNnn,42,40,82,0.51
sNns,34,27,61,0.56
sNnt,1,0,1,1.0
sNsB,15,7,22,0.68
sNsD,0,2,2,0.0
sNsH,19,15,34,0.56
sNsI,3,0,3,1.0
sNsK,0,2,2,0.0
sNsL,8,14,22,0.36
sNsM,17,26,43,0.4
sNsN,25,22,47,0.53
sNsP,25,25,50,0.5
sNsS,26,16,42,0.62
sNsb,25,17,42,0.6
sNsh,4,1,5,0.8
sNsl,9,7,16,0.56
sNsm,18,21,39,0.46
sNsn,25,19,44,0.57
sNss,22,26,48,0.46
sNst,1,0,1,1.0
sNtB,4,4,8,0.5
sNtD,0,0,0,
sNtH,3,1,4,0.75
sNtK,1,1,2,0.5
sNtL,1,5,6,0.17
sNtM,4,6,10,0.4
sNtN,6,8,14,0.43
sNtP,3,6,9,0.33
sNtS,4,6,10,0.4
sNtb,8,8,16,0.5
sNth,0,0,0,
sNtl,1,1,2,0.5
sNtm,7,8,15,0.47
sNtn,7,10,17,0.41
sNts,4,1,5,0.8
sNtt,1,1,2,0.5
sPBB,23,23,46,0.5
sPBD,0,1,1,0.0
sPBK,1,0,1,1.0
sPBL,10,10,20,0.5
sPBM,28,24,52,0.54
sPBN,22,28,50,0.44
sPBP,31,36,67,0.46
sPBS,14,19,33,0.42
sPBb,31,21,52,0.6
sPBh,2,4,6,0.33
sPBj,12,12,24,0.5
sPBl,20,14,34,0.59
sPBm,25,18,43,0.58
sPBn,39,41,80,0.49
sPBs,10,7,17,0.59
sPBt,6,2,8,0.75
sPDB,0,3,3,0.0
sPDH,2,1,3,0.67
sPDI,1,0,1,1.0
sPDL,2,3,5,0.4
sPDM,2,0,2,1.0
sPDN,2,6,8,0.25
sPDP,5,3,8,0.62
sPDS,2,3,5,0.4
sPDb,2,7,9,0.22
sPDl,0,1,1,0.0
sPDm,3,3,6,0.5
sPDn,1,1,2,0.5
sPDs,1,1,2,0.5
sPHB,5,9,14,0.36
sPHD,0,2,2,0.0
sPHH,2,2,4,0.5
sPHI,5,2,7,0.71
sPHK,1,0,1,1.0
sPHL,8,5,13,0.62
sPHM,14,10,24,0.58
sPHN,10,13,23,0.43
sPHP,12,15,27,0.44
sPHS,2,15,17,0.12
sPHb,10,13,23,0.43
sPHh,4,3,7,0.57
sPHl,3,5,8,0.38
sPHm,10,7,17,0.59
sPHn,13,12,25,0.52
sPHs,16,7,23,0.7
sPHt,1,0,1,1.0
sPIB,2,1,3,0.67
sPID,0,1,1,0.0
sPIH,3,2,5,0.6
sPII,1,0,1,1.0
sPIL,5,4,9,0.56
sPIM,2,2,4,0.5
sPIN,5,2,7,0.71
sPIP,5,3,8,0.62
sPIS,1,3,4,0.25
sPIb,1,4,5,0.2
sPIl,2,2,4,0.5
sPIm,2,2,4,0.5
sPIn,3,1,4,0.75
sPIs,1,4,5,0.2
sPKB,0,2,2,0.0
sPKH,0,1,1,0.0
sPKL,2,0,2,1.0
sPKM,3,4,7,0.43
sPKN,1,5,6,0.17
sPKP,5,3,8,0.62
sPKS,0,2,2,0.0
sPKb,3,3,6,0.5
sPKh,3,2,5,0.6
sPKl,4,2,6,0.67
sPKm,4,4,8,0.5
sPKn,1,4,5,0.2
sPKs,8,9,17,0.47
sPLB,14,16,30,0.47
sPLI,1,0,1,1.0
sPLK,0,0,0,
sPLL,6,6,12,0.5
sPLM,16,18,34,0.47
sPLN,13,8,21,0.62
sPLP,21,22,43,0.49
sPLS,11,8,19,0.58
sPLb,13,18,31,0.42
sPLh,7,13,20,0.35
sPLj,9,4,13,0.69
sPLl,8,7,15,0.53
sPLm,16,16,32,0.5
sPLn,17,21,38,0.45
sPLs,8,6,14,0.57
sPLt,2,3,5,0.4
sPMB,27,19,46,0.59
sPMD,1,1,2,0.5
sPMH,0,1,1,0.0
sPML,14,15,29,0.48
sPMM,28,33,61,0.46
sPMN,25,36,61,0.41
sPMP,48,47,95,0.51
sPMS,26,22,48,0.54
sPMb,30,35,65,0.46
sPMh,28,42,70,0.4
sPMj,10,12,22,0.45
sPMl,21,20,41,0.51
sPMm,37,25,62,0.6
sPMn,41,36,77,0.53
sPMs,21,29,50,0.42
sPMt,5,6,11,0.45
sPNB,25,29,54,0.46
sPND,1,4,5,0.2
sPNH,9,3,12,0.75
sPNK,1,3,4,0.25
sPNL,15,10,25,0.6
sPNM,21,46,67,0.31
sPNN,31,32,63,0.49
sPNP,55,62,117,0.47
sPNS,32,27,59,0.54
sPNb,30,31,61,0.49
sPNh,18,19,37,0.49
sPNl,18,21,39,0.46
sPNm,26,24,50,0.52
sPNn,52,42,94,0.55
sPNs,25,35,60,0.42
sPNt,12,11,23,0.52
sPPB,39,40,79,0.49
sPPD,3,0,3,1.0
sPPH,10,14,24,0.42
sPPI,5,2,7,0.71
sPPK,5,5,10,0.5
sPPL,32,32,64,0.5
sPPM,63,65,128,0.49
sPPN,57,41,98,0.58
sPPP,86,91,177,0.49
sPPS,45,44,89,0.51
sPPb,57,51,108,0.53
sPPh,6,10,16,0.38
sPPl,35,28,63,0.56
sPPm,52,47,99,0.53
sPPn,59,54,113,0.52
sPPs,32,41,73,0.44
sPPt,8,2,10,0.8
sPSB,18,22,40,0.45
sPSD,5,1,6,0.83
sPSH,7,7,14,0.5
sPSI,1,0,1,1.0
sPSK,0,1,1,0.0
sPSL,11,9,20,0.55
sPSM,18,39,57,0.32
sPSN,25,24,49,0.51
sPSP,37,38,75,0.49
sPSS,21,30,51,0.41
sPSb,16,25,41,0.39
sPSh,14,28,42,0.33
sPSl,22,16,38,0.58
sPSm,34,25,59,0.58
sPSn,27,28,55,0.49
sPSs,21,30,51,0.41
sPSt,5,7,12,0.42
sPbB,31,32,63,0.49
sPbD,6,3,9,0.67
sPbH,6,13,19,0.32
sPbI,4,1,5,0.8
sPbJ,8,17,25,0.32
sPbK,1,4,5,0.2
sPbL,14,10,24,0.58
sPbM,45,40,85,0.53
sPbN,44,38,82,0.54
sPbP,56,54,110,0.51
sPbS,19,21,40,0.48
sPbb,35,44,79,0.44
sPbl,22,10,32,0.69
sPbm,29,27,56,0.52
sPbn,35,27,62,0.56
sPbs,21,19,40,0.52
sPhB,3,2,5,0.6
sPhH,1,5,6,0.17
sPhL,1,2,3,0.33
sPhM,6,3,9,0.67
sPhN,5,3,8,0.62
sPhP,8,6,14,0.57
sPhS,3,1,4,0.75
sPhb,3,0,3,1.0
sPhh,7,5,12,0.58
sPhl,0,3,3,0.0
sPhm,2,6,8,0.25
sPhn,7,1,8,0.88
sPhs,10,1,11,0.91
sPht,0,2,2,0.0
sPlB,21,15,36,0.58
sPlD,2,2,4,0.5
sPlH,8,9,17,0.47
sPlJ,8,8,16,0.5
sPlK,1,2,3,0.33
sPlL,14,10,24,0.58
sPlM,15,17,32,0.47
sPlN,14,19,33,0.42
sPlP,25,18,43,0.58
sPlS,12,8,20,0.6
sPlb,27,19,46,0.59
sPll,13,12,25,0.52
sPlm,17,13,30,0.57
sPln,19,14,33,0.58
sPls,13,15,28,0.46
sPmB,27,24,51,0.53
sPmD,2,2,4,0.5
sPmH,20,8,28,0.71
sPmI,2,1,3,0.67
sPmJ,5,10,15,0.33
sPmK,0,2,2,0.0
sPmL,8,11,19,0.42
sPmM,34,47,81,0.42
sPmN,39,38,77,0.51
sPmP,37,35,72,0.51
sPmS,17,30,47,0.36
sPmb,38,29,67,0.57
sPml,10,9,19,0.53
sPmm,15,23,38,0.39
sPmn,22,34,56,0.39
sPms,11,19,30,0.37
sPnB,25,36,61,0.41
sPnD,5,2,7,0.71
sPnH,16,17,33,0.48
sPnI,4,5,9,0.44
sPnK,4,3,7,0.57
sPnL,19,13,32,0.59
sPnM,38,43,81,0.47
sPnN,43,46,89,0.48
sPnP,62,36,98,0.63
sPnS,21,32,53,0.4
sPnb,32,32,64,0.5
sPnh,1,3,4,0.25
sPnl,14,21,35,0.4
sPnm,27,29,56,0.48
sPnn,36,33,69,0.52
sPns,21,23,44,0.48
sPsB,11,13,24,0.46
sPsD,5,3,8,0.62
sPsH,18,22,40,0.45
sPsI,2,3,5,0.4
sPsK,1,0,1,1.0
sPsL,8,11,19,0.42
sPsM,23,18,41,0.56
sPsN,28,18,46,0.61
sPsP,45,44,89,0.51
sPsS,23,37,60,0.38
sPsb,28,30,58,0.48
sPsh,3,1,4,0.75
sPsl,16,19,35,0.46
sPsm,22,32,54,0.41
sPsn,19,17,36,0.53
sPss,27,22,49,0.55
sPtB,2,2,4,0.5
sPtH,2,1,3,0.67
sPtL,2,2,4,0.5
sPtM,1,12,13,0.08
sPtN,6,4,10,0.6
sPtP,2,10,12,0.17
sPtS,7,4,11,0.64
sPtb,3,5,8,0.38
sPth,0,0,0,
sPtl,2,2,4,0.5
sPtm,3,4,7,0.43
sPtn,3,2,5,0.6
sPts,3,5,8,0.38
sPtt,2,0,2,1.0
sSBB,12,17,29,0.41
sSBD,0,1,1,0.0
sSBK,0,1,1,0.0
sSBL,5,11,16,0.31
sSBM,10,15,25,0.4
sSBN,21,13,34,0.62
sSBP,25,13,38,0.66
sSBS,10,7,17,0.59
sSBb,13,16,29,0.45
sSBh,2,0,2,1.0
sSBj,3,3,6,0.5
sSBl,7,7,14,0.5
sSBm,17,13,30,0.57
sSBn,19,14,33,0.58
sSBs,13,11,24,0.54
sSBt,2,0,2,1.0
sSDB,2,0,2,1.0
sSDH,4,5,9,0.44
sSDI,0,1,1,0.0
sSDL,0,1,1,0.0
sSDM,3,3,6,0.5
sSDN,2,2,4,0.5
sSDP,2,0,2,1.0
sSDS,7,2,9,0.78
sSDb,1,2,3,0.33
sSDl,2,0,2,1.0
sSDm,2,2,4,0.5
sSDn,1,6,7,0.14
sSDs,3,5,8,0.38
sSDt,0,1,1,0.0
sSHB,5,10,15,0.33
sSHD,1,0,1,1.0
sSHH,3,3,6,0.5
sSHI,1,0,1,1.0
sSHK,1,0,1,1.0
sSHL,4,3,7,0.57
sSHM,13,9,22,0.59
sSHN,4,5,9,0.44
sSHP,10,9,19,0.53
sSHS,12,14,26,0.46
sSHb,10,7,17,0.59
sSHh,3,6,9,0.33
sSHl,4,3,7,0.57
sSHm,7,9,16,0.44
sSHn,7,10,17,0.41
sSHs,14,7,21,0.67
sSHt,1,2,3,0.33
sSIB,1,0,1,1.0
sSIM,1,0,1,1.0
sSIP,1,0,1,1.0
sSIS,2,0,2,1.0
sSIm,1,0,1,1.0
sSKB,1,2,3,0.33
sSKI,0,1,1,0.0
sSKK,1,0,1,1.0
sSKL,0,2,2,0.0
sSKM,1,0,1,1.0
sSKN,0,2,2,0.0
sSKP,1,0,1,1.0
sSKS,1,1,2,0.5
sSKb,0,3,3,0.0
sSKh,1,0,1,1.0
sSKm,0,1,1,0.0
sSKn,0,2,2,0.0
sSKs,3,0,3,1.0
sSLB,13,16,29,0.45
sSLD,0,1,1,0.0
sSLH,0,2,2,0.0
sSLK,0,2,2,0.0
sSLL,3,5,8,0.38
sSLM,11,13,24,0.46
sSLN,11,7,18,0.61
sSLP,9,9,18,0.5
sSLS,6,5,11,0.55
sSLb,9,8,17,0.53
sSLh,1,5,6,0.17
sSLj,5,2,7,0.71
sSLl,10,3,13,0.77
sSLm,6,4,10,0.6
sSLn,21,17,38,0.55
sSLs,6,3,9,0.67
sSLt,1,2,3,0.33
sSMB,20,14,34,0.59
sSMD,1,2,3,0.33
sSML,11,10,21,0.52
sSMM,15,24,39,0.38
sSMN,15,14,29,0.52
sSMP,46,30,76,0.61
sSMS,12,16,28,0.43
sSMb,29,27,56,0.52
sSMh,24,22,46,0.52
sSMj,5,7,12,0.42
sSMl,12,13,25,0.48
sSMm,23,26,49,0.47
sSMn,42,38,80,0.52
sSMs,17,21,38,0.45
sSMt,1,3,4,0.25
sSNB,16,16,32,0.5
sSND,3,2,5,0.6
sSNH,6,5,11,0.55
sSNI,0,0,0,
sSNK,3,3,6,0.5
sSNL,4,5,9,0.44
sSNM,25,18,43,0.58
sSNN,25,21,46,0.54
sSNP,33,27,60,0.55
sSNS,23,30,53,0.43
sSNb,22,20,42,0.52
sSNh,10,14,24,0.42
sSNl,13,13,26,0.5
sSNm,23,24,47,0.49
sSNn,30,39,69,0.43
sSNs,19,12,31,0.61
sSNt,4,1,5,0.8
sSPB,25,21,46,0.54
sSPD,6,1,7,0.86
sSPH,12,4,16,0.75
sSPI,2,0,2,1.0
sSPK,3,8,11,0.27
sSPL,11,18,29,0.38
sSPM,27,34,61,0.44
sSPN,35,36,71,0.49
sSPP,69,56,125,0.55
sSPS,29,33,62,0.47
sSPb,25,36,61,0.41
sSPh,2,7,9,0.22
sSPl,18,16,34,0.53
sSPm,29,26,55,0.53
sSPn,35,33,68,0.51
sSPs,28,39,67,0.42
sSPt,6,6,12,0.5
sSSB,15,15,30,0.5
sSSD,2,1,3,0.67
sSSH,5,11,16,0.31
sSSI,0,0,0,
sSSK,1,2,3,0.33
sSSL,10,12,22,0.45
sSSM,27,28,55,0.49
sSSN,14,19,33,0.42
sSSP,30,44,74,0.41
sSSS,39,45,84,0.46
sSSb,32,29,61,0.52
sSSh,16,15,31,0.52
sSSl,19,19,38,0.5
sSSm,23,14,37,0.62
sSSn,34,27,61,0.56
sSSs,49,33,82,0.6
sSSt,6,4,10,0.6
sSbB,12,19,31,0.39
sSbH,5,7,12,0.42
sSbI,3,0,3,1.0
sSbJ,7,6,13,0.54
sSbK,1,1,2,0.5
sSbL,6,9,15,0.4
sSbM,24,21,45,0.53
sSbN,27,20,47,0.57
sSbP,22,27,49,0.45
sSbS,16,9,25,0.64
sSbb,28,24,52,0.54
sSbl,11,6,17,0.65
sSbm,16,11,27,0.59
sSbn,14,22,36,0.39
sSbs,12,10,22,0.55
sShB,10,8,18,0.56
sShD,1,1,2,0.5
sShH,0,4,4,0.0
sShI,2,1,3,0.67
sShL,9,6,15,0.6
sShM,9,13,22,0.41
sShN,8,17,25,0.32
sShP,30,29,59,0.51
sShS,24,21,45,0.53
sShb,23,12,35,0.66
sShh,15,13,28,0.54
sShl,5,5,10,0.5
sShm,13,17,30,0.43
sShn,18,16,34,0.53
sShs,15,20,35,0.43
sSht,4,5,9,0.44
sSlB,6,8,14,0.43
sSlD,1,0,1,1.0
sSlH,9,4,13,0.69
sSlJ,4,3,7,0.57
sSlK,3,2,5,0.6
sSlL,5,3,8,0.62
sSlM,11,11,22,0.5
sSlN,16,11,27,0.59
sSlP,13,14,27,0.48
sSlS,16,14,30,0.53
sSlb,16,8,24,0.67
sSll,4,5,9,0.44
sSlm,15,11,26,0.58
sSln,4,7,11,0.36
sSls,14,3,17,0.82
sSmB,21,10,31,0.68
sSmD,2,1,3,0.67
sSmH,16,13,29,0.55
sSmI,2,2,4,0.5
sSmJ,5,3,8,0.62
sSmK,0,2,2,0.0
sSmL,8,7,15,0.53
sSmM,17,20,37,0.46
sSmN,22,18,40,0.55
sSmP,21,27,48,0.44
sSmS,23,12,35,0.66
sSmb,29,16,45,0.64
sSml,8,11,19,0.42
sSmm,16,16,32,0.5
sSmn,20,16,36,0.56
sSms,8,8,16,0.5
sSnB,17,14,31,0.55
sSnD,4,4,8,0.5
sSnH,14,18,32,0.44
sSnI,1,5,6,0.17
sSnK,3,4,7,0.43
sSnL,16,14,30,0.53
sSnM,29,17,46,0.63
sSnN,35,37,72,0.49
sSnP,37,39,76,0.49
sSnS,31,28,59,0.53
sSnb,19,34,53,0.36
sSnh,1,1,2,0.5
sSnl,10,17,27,0.37
sSnm,22,23,45,0.49
sSnn,45,43,88,0.51
sSns,26,24,50,0.52
sSsB,16,12,28,0.57
sSsD,5,1,6,0.83
sSsH,35,36,71,0.49
sSsI,3,6,9,0.33
sSsK,2,1,3,0.67
sSsL,11,6,17,0.65
sSsM,28,29,57,0.49
sSsN,24,28,52,0.46
sSsP,33,33,66,0.5
sSsS,53,50,103,0.51
sSsb,27,19,46,0.59
sSsh,1,2,3,0.33
sSsl,12,13,25,0.48
sSsm,28,24,52,0.54
sSsn,28,23,51,0.55
sSss,47,36,83,0.57
sSst,1,1,2,0.5
sStB,1,0,1,1.0
sStD,1,0,1,1.0
sStH,1,0,1,1.0
sStK,2,0,2,1.0
sStL,0,1,1,0.0
sStM,4,5,9,0.44
sStN,4,7,11,0.36
sStP,13,11,24,0.54
sStS,8,4,12,0.67
sStb,3,4,7,0.43
sStl,1,1,2,0.5
sStm,6,2,8,0.75
sStn,6,3,9,0.67
sSts,2,6,8,0.25
sStt,0,3,3,0.0
sbBB,16,21,37,0.43
sbBD,1,0,1,1.0
sbBK,1,1,2,0.5
sbBL,7,8,15,0.47
sbBM,16,21,37,0.43
sbBN,22,18,40,0.55
sbBP,27,19,46,0.59
sbBS,9,9,18,0.5
sbBb,16,21,37,0.43
sbBh,2,3,5,0.4
sbBj,12,4,16,0.75
sbBl,6,8,14,0.43
sbBm,14,8,22,0.64
sbBn,26,22,48,0.54
sbBs,6,13,19,0.32
sbBt,1,6,7,0.14
sbDB,0,3,3,0.0
sbDH,3,1,4,0.75
sbDL,1,2,3,0.33
sbDM,3,0,3,1.0
sbDN,2,6,8,0.25
sbDP,1,3,4,0.25
sbDS,0,2,2,0.0
sbDb,3,1,4,0.75
sbDl,0,0,0,
sbDm,2,0,2,1.0
sbDn,0,1,1,0.0
sbDs,0,2,2,0.0
sbDt,0,1,1,0.0
sbHB,7,9,16,0.44
sbHH,2,0,2,1.0
sbHL,2,5,7,0.29
sbHM,9,5,14,0.64
sbHN,8,5,13,0.62
sbHP,10,8,18,0.56
sbHS,2,5,7,0.29
sbHb,3,7,10,0.3
sbHh,2,2,4,0.5
sbHl,4,3,7,0.57
sbHm,1,3,4,0.25
sbHn,5,11,16,0.31
sbHs,2,1,3,0.67
sbHt,1,0,1,1.0
sbIB,1,1,2,0.5
sbID,0,0,0,
sbIH,3,1,4,0.75
sbIM,2,5,7,0.29
sbIN,1,3,4,0.25
sbIP,1,4,5,0.2
sbIS,1,1,2,0.5
sbIb,1,3,4,0.25
sbIl,3,0,3,1.0
sbIm,0,1,1,0.0
sbIn,1,1,2,0.5
sbIs,0,0,0,
sbIt,1,0,1,1.0
sbJB,6,5,11,0.55
sbJH,3,3,6,0.5
sbJI,0,2,2,0.0
sbJL,3,6,9,0.33
sbJM,14,11,25,0.56
sbJN,4,10,14,0.29
sbJP,9,9,18,0.5
sbJS,7,4,11,0.64
sbJb,7,7,14,0.5
sbJh,2,1,3,0.67
sbJl,5,3,8,0.62
sbJm,6,3,9,0.67
sbJn,6,4,10,0.6
sbJs,2,1,3,0.67
sbJt,2,0,2,1.0
sbKB,2,1,3,0.67
sbKH,0,1,1,0.0
sbKL,4,2,6,0.67
sbKM,1,3,4,0.25
sbKN,3,1,4,0.75
sbKP,5,4,9,0.56
sbKS,2,1,3,0.67
sbKb,4,3,7,0.57
sbKh,0,2,2,0.0
sbKl,0,0,0,
sbKm,2,3,5,0.4
sbKn,2,1,3,0.67
sbKs,1,3,4,0.25
sbLB,5,12,17,0.29
sbLD,1,2,3,0.33
sbLK,1,0,1,1.0
sbLL,3,2,5,0.6
sbLM,9,14,23,0.39
sbLN,8,4,12,0.67
sbLP,8,19,27,0.3
sbLS,9,9,18,0.5
sbLb,6,10,16,0.38
sbLh,3,4,7,0.43
sbLj,5,0,5,1.0
sbLl,6,2,8,0.75
sbLm,6,9,15,0.4
sbLn,9,14,23,0.39
sbLs,7,7,14,0.5
sbLt,1,2,3,0.33
sbMB,18,27,45,0.4
sbMD,2,1,3,0.67
sbML,11,8,19,0.58
sbMM,28,27,55,0.51
sbMN,35,23,58,0.6
sbMP,28,22,50,0.56
sbMS,14,22,36,0.39
sbMb,24,36,60,0.4
sbMh,21,14,35,0.6
sbMj,5,5,10,0.5
sbMl,9,7,16,0.56
sbMm,20,19,39,0.51
sbMn,24,29,53,0.45
sbMs,11,11,22,0.5
sbMt,3,2,5,0.6
sbNB,14,20,34,0.41
sbND,2,3,5,0.4
sbNH,4,3,7,0.57
sbNK,1,1,2,0.5
sbNL,9,10,19,0.47
sbNM,29,37,66,0.44
sbNN,34,25,59,0.58
sbNP,40,38,78,0.51
sbNS,18,20,38,0.47
sbNb,31,34,65,0.48
sbNh,12,14,26,0.46
sbNl,8,11,19,0.42
sbNm,30,22,52,0.58
sbNn,43,35,78,0.55
sbNs,11,13,24,0.46
sbNt,10,11,21,0.48
sbPB,25,29,54,0.46
sbPD,3,1,4,0.75
sbPH,8,5,13,0.62
sbPI,4,1,5,0.8
sbPK,3,4,7,0.43
sbPL,14,14,28,0.5
sbPM,29,34,63,0.46
sbPN,30,34,64,0.47
sbPP,45,36,81,0.56
sbPS,26,23,49,0.53
sbPb,39,35,74,0.53
sbPh,3,4,7,0.43
sbPl,14,16,30,0.47
sbPm,31,17,48,0.65
sbPn,29,21,50,0.58
sbPs,16,12,28,0.57
sbPt,4,3,7,0.57
sbSB,8,12,20,0.4
sbSH,1,6,7,0.14
sbSI,1,0,1,1.0
sbSL,3,11,14,0.21
sbSM,12,13,25,0.48
sbSN,14,8,22,0.64
sbSP,21,17,38,0.55
sbSS,10,11,21,0.48
sbSb,11,10,21,0.52
sbSh,6,13,19,0.32
sbSl,8,7,15,0.53
sbSm,7,8,15,0.47
sbSn,19,20,39,0.49
sbSs,11,13,24,0.46
sbSt,4,2,6,0.67
sbbB,30,23,53,0.57
sbbD,1,1,2,0.5
sbbH,8,4,12,0.67
sbbI,3,2,5,0.6
sbbJ,6,8,14,0.43
sbbK,2,2,4,0.5
sbbL,11,13,24,0.46
sbbM,32,30,62,0.52
sbbN,37,33,70,0.53
sbbP,25,28,53,0.47
sbbS,26,13,39,0.67
sbbb,42,28,70,0.6
sbbl,11,13,24,0.46
sbbm,19,16,35,0.54
sbbn,19,27,46,0.41
sbbs,9,8,17,0.53
sbhP,0,1,1,0.0
sbhb,0,1,1,0.0
sblB,11,7,18,0.61
sblH,11,7,18,0.61
sblI,1,0,1,1.0
sblJ,1,2,3,0.33
sblL,5,3,8,0.62
sblM,8,11,19,0.42
sblN,8,14,22,0.36
sblP,11,9,20,0.55
sblS,6,6,12,0.5
sblb,12,21,33,0.36
sbll,5,3,8,0.62
sblm,10,5,15,0.67
sbln,6,10,16,0.38
sbls,8,4,12,0.67
sbmB,23,13,36,0.64
sbmD,4,0,4,1.0
sbmH,10,8,18,0.56
sbmI,1,0,1,1.0
sbmJ,5,1,6,0.83
sbmK,0,1,1,0.0
sbmL,5,3,8,0.62
sbmM,22,20,42,0.52
sbmN,20,32,52,0.38
sbmP,28,14,42,0.67
sbmS,11,15,26,0.42
sbmb,17,14,31,0.55
sbml,3,5,8,0.38
sbmm,10,10,20,0.5
sbmn,25,14,39,0.64
sbms,6,10,16,0.38
sbnB,19,13,32,0.59
sbnD,3,3,6,0.5
sbnH,9,8,17,0.53
sbnI,2,3,5,0.4
sbnK,1,4,5,0.2
sbnL,13,12,25,0.52
sbnM,18,28,46,0.39
sbnN,26,33,59,0.44
sbnP,39,36,75,0.52
sbnS,14,20,34,0.41
sbnb,28,21,49,0.57
sbnh,1,1,2,0.5
sbnl,6,8,14,0.43
sbnm,13,15,28,0.46
sbnn,30,22,52,0.58
sbns,16,13,29,0.55
sbsB,7,7,14,0.5
sbsD,1,0,1,1.0
sbsH,10,11,21,0.48
sbsI,1,1,2,0.5
sbsK,1,1,2,0.5
sbsL,6,5,11,0.55
sbsM,14,8,22,0.64
sbsN,11,12,23,0.48
sbsP,11,17,28,0.39
sbsS,13,9,22,0.59
sbsb,15,19,34,0.44
sbsh,1,1,2,0.5
sbsl,7,4,11,0.64
sbsm,14,4,18,0.78
sbsn,13,7,20,0.65
sbss,7,12,19,0.37
shBB,1,0,1,1.0
shBM,1,0,1,1.0
shBN,1,0,1,1.0
shBb,1,2,3,0.33
shBh,1,0,1,1.0
shBj,1,1,2,0.5
shBm,1,0,1,1.0
shBn,1,0,1,1.0
shBs,1,2,3,0.33
shDb,0,1,1,0.0
shHB,0,1,1,0.0
shHH,0,1,1,0.0
shHP,0,1,1,0.0
shHS,0,1,1,0.0
shHn,1,0,1,1.0
shKD,1,0,1,1.0
shKl,0,0,0,
shLL,0,0,0,
shLP,0,2,2,0.0
shLS,0,1,1,0.0
shLb,0,1,1,0.0
shLj,1,0,1,1.0
shLm,0,1,1,0.0
shMB,0,2,2,0.0
shML,1,0,1,1.0
shMM,1,1,2,0.5
shMN,0,2,2,0.0
shMP,2,1,3,0.67
shMh,1,3,4,0.25
shMj,0,1,1,0.0
shMl,2,0,2,1.0
shMm,0,1,1,0.0
shMn,1,1,2,0.5
shMs,1,1,2,0.5
shNB,1,0,1,1.0
shNK,0,1,1,0.0
shNM,0,1,1,0.0
shNS,1,1,2,0.5
shNb,1,1,2,0.5
shNm,1,1,2,0.5
shNn,0,1,1,0.0
shNs,0,2,2,0.0
shPB,2,0,2,1.0
shPH,1,0,1,1.0
shPK,0,0,0,
shPL,1,0,1,1.0
shPM,2,1,3,0.67
shPN,1,3,4,0.25
shPP,1,1,2,0.5
shPS,1,3,4,0.25
shPb,3,1,4,0.75
shPh,0,1,1,0.0
shPm,1,0,1,1.0
shPn,1,3,4,0.25
shPs,1,0,1,1.0
shPt,0,1,1,0.0
shSB,1,1,2,0.5
shSH,1,0,1,1.0
shSL,0,1,1,0.0
shSM,1,2,3,0.33
shSP,1,1,2,0.5
shSS,0,0,0,
shSh,1,0,1,1.0
shSl,0,1,1,0.0
shSm,1,0,1,1.0
shSn,1,1,2,0.5
shSs,2,1,3,0.67
shbB,1,0,1,1.0
shbH,1,0,1,1.0
shbL,1,0,1,1.0
shbM,1,2,3,0.33
shbN,3,0,3,1.0
shbP,2,0,2,1.0
shbS,2,0,2,1.0
shbb,1,3,4,0.25
shbl,0,1,1,0.0
shbn,0,1,1,0.0
shbs,0,1,1,0.0
shhB,2,1,3,0.67
shhH,0,1,1,0.0
shhL,1,0,1,1.0
shhM,0,1,1,0.0
shhS,0,2,2,0.0
shhb,1,3,4,0.25
shhh,2,1,3,0.67
shhl,1,0,1,1.0
shhm,1,1,2,0.5
shhs,1,2,3,0.33
shlJ,1,0,1,1.0
shlL,1,0,1,1.0
shlM,0,2,2,0.0
shlN,0,3,3,0.0
shlP,1,1,2,0.5
shlS,1,1,2,0.5
shlb,0,1,1,0.0
shmH,0,1,1,0.0
shmL,0,1,1,0.0
shmM,2,0,2,1.0
shmN,0,2,2,0.0
shmP,1,1,2,0.5
shmS,0,2,2,0.0
shmb,0,1,1,0.0
shml,0,0,0,
shmm,2,1,3,0.67
shmn,2,0,2,1.0
shms,0,1,1,0.0
shnB,0,0,0,
shnH,3,1,4,0.75
shnM,0,2,2,0.0
shnN,2,0,2,1.0
shnP,3,2,5,0.6
shnS,0,1,1,0.0
shnb,3,0,3,1.0
shnm,2,1,3,0.67
shnn,1,2,3,0.33
shns,1,0,1,1.0
shsB,1,1,2,0.5
shsH,1,0,1,1.0
shsM,1,1,2,0.5
shsN,1,4,5,0.2
shsP,3,0,3,1.0
shsS,2,4,6,0.33
shsb,2,3,5,0.4
shsl,1,0,1,1.0
shsm,0,0,0,
shss,2,0,2,1.0
shtl,0,1,1,0.0
shtm,0,0,0,
slBB,7,8,15,0.47
slBD,1,0,1,1.0
slBK,1,3,4,0.25
slBL,2,6,8,0.25
slBM,10,10,20,0.5
slBN,4,14,18,0.22
slBP,17,11,28,0.61
slBS,4,10,14,0.29
slBb,11,14,25,0.44
slBh,2,2,4,0.5
slBj,1,2,3,0.33
slBl,5,3,8,0.62
slBm,6,6,12,0.5
slBn,16,7,23,0.7
slBs,6,5,11,0.55
slBt,2,1,3,0.67
slDB,1,0,1,1.0
slDH,0,1,1,0.0
slDL,2,0,2,1.0
slDM,1,0,1,1.0
slDN,1,1,2,0.5
slDP,1,2,3,0.33
slDS,1,0,1,1.0
slDb,2,0,2,1.0
slDl,0,1,1,0.0
slDm,1,0,1,1.0
slDn,2,0,2,1.0
slDs,1,1,2,0.5
slHB,7,6,13,0.54
slHH,1,2,3,0.33
slHK,1,2,3,0.33
slHL,0,3,3,0.0
slHM,5,8,13,0.38
slHN,9,6,15,0.6
slHP,10,4,14,0.71
slHS,3,9,12,0.25
slHb,8,7,15,0.53
slHh,0,4,4,0.0
slHl,4,1,5,0.8
slHm,5,5,10,0.5
slHn,7,9,16,0.44
slHs,5,9,14,0.36
slIH,0,1,1,0.0
slIM,2,3,5,0.4
slIN,1,0,1,1.0
slIP,2,1,3,0.67
slIb,0,2,2,0.0
slIl,1,0,1,1.0
slIm,2,1,3,0.67
slIn,3,0,3,1.0
slJB,4,5,9,0.44
slJH,2,0,2,1.0
slJI,0,1,1,0.0
slJL,1,1,2,0.5
slJM,2,4,6,0.33
slJN,1,0,1,1.0
slJP,1,2,3,0.33
slJS,3,5,8,0.38
slJb,7,4,11,0.64
slJl,2,1,3,0.67
slJm,4,0,4,1.0
slJn,2,1,3,0.67
slJs,0,4,4,0.0
slKB,0,1,1,0.0
slKL,1,1,2,0.5
slKM,1,0,1,1.0
slKN,2,0,2,1.0
slKP,0,2,2,0.0
slKS,2,1,3,0.67
slKl,0,1,1,0.0
slKn,1,1,2,0.5
slKs,1,0,1,1.0
slLB,1,5,6,0.17
slLD,0,1,1,0.0
slLK,1,0,1,1.0
slLL,1,3,4,0.25
slLM,6,4,10,0.6
slLN,3,4,7,0.43
slLP,6,8,14,0.43
slLS,3,5,8,0.38
slLb,3,7,10,0.3
slLh,5,2,7,0.71
slLj,1,0,1,1.0
slLl,3,3,6,0.5
slLm,4,5,9,0.44
slLn,8,4,12,0.67
slLs,2,5,7,0.29
slLt,2,4,6,0.33
slMB,9,7,16,0.56
slMD,2,0,2,1.0
slMK,0,1,1,0.0
slML,3,10,13,0.23
slMM,9,16,25,0.36
slMN,11,13,24,0.46
slMP,16,10,26,0.62
slMS,9,14,23,0.39
slMb,10,12,22,0.45
slMh,4,11,15,0.27
slMj,4,3,7,0.57
slMl,9,5,14,0.64
slMm,9,4,13,0.69
slMn,14,12,26,0.54
slMs,11,6,17,0.65
slMt,2,4,6,0.33
slNB,12,10,22,0.55
slNH,4,1,5,0.8
slNI,1,0,1,1.0
slNK,1,1,2,0.5
slNL,7,5,12,0.58
slNM,12,15,27,0.44
slNN,21,12,33,0.64
slNP,21,24,45,0.47
slNS,8,11,19,0.42
slNb,15,8,23,0.65
slNh,3,8,11,0.27
slNl,3,2,5,0.6
slNm,16,5,21,0.76
slNn,18,15,33,0.55
slNs,11,11,22,0.5
slNt,4,2,6,0.67
slPB,9,15,24,0.38
slPD,3,2,5,0.6
slPH,3,8,11,0.27
slPI,1,0,1,1.0
slPK,0,3,3,0.0
slPL,5,10,15,0.33
slPM,18,18,36,0.5
slPN,24,17,41,0.59
slPP,31,18,49,0.63
slPS,10,9,19,0.53
slPb,12,15,27,0.44
slPh,1,1,2,0.5
slPl,5,7,12,0.42
slPm,11,8,19,0.58
slPn,16,26,42,0.38
slPs,9,8,17,0.53
slPt,1,0,1,1.0
slSB,6,4,10,0.6
slSD,3,1,4,0.75
slSH,4,0,4,1.0
slSL,4,2,6,0.67
slSM,7,10,17,0.41
slSN,7,8,15,0.47
slSP,14,13,27,0.52
slSS,12,13,25,0.48
slSb,3,9,12,0.25
slSh,1,4,5,0.2
slSl,6,5,11,0.55
slSm,7,4,11,0.64
slSn,8,8,16,0.5
slSs,8,5,13,0.62
slSt,4,5,9,0.44
slbB,14,10,24,0.58
slbH,1,4,5,0.2
slbJ,4,3,7,0.57
slbK,1,1,2,0.5
slbL,6,2,8,0.75
slbM,14,13,27,0.52
slbN,14,17,31,0.45
slbP,18,21,39,0.46
slbS,4,5,9,0.44
slbb,20,18,38,0.53
slbl,3,6,9,0.33
slbm,7,6,13,0.54
slbn,12,8,20,0.6
slbs,5,6,11,0.45
sllB,4,6,10,0.4
sllD,2,1,3,0.67
sllH,2,3,5,0.4
sllJ,0,0,0,
sllK,0,0,0,
sllL,3,2,5,0.6
sllM,5,9,14,0.36
sllN,4,5,9,0.44
sllP,8,10,18,0.44
sllS,2,6,8,0.25
sllb,12,4,16,0.75
slll,6,3,9,0.67
sllm,7,8,15,0.47
slln,3,4,7,0.43
slls,2,4,6,0.33
slmB,7,5,12,0.58
slmD,0,2,2,0.0
slmH,6,6,12,0.5
slmI,0,1,1,0.0
slmJ,2,1,3,0.67
slmK,1,0,1,1.0
slmL,3,2,5,0.6
slmM,13,7,20,0.65
slmN,11,11,22,0.5
slmP,7,14,21,0.33
slmS,4,5,9,0.44
slmb,9,10,19,0.47
slml,10,2,12,0.83
slmm,5,6,11,0.45
slmn,10,5,15,0.67
slms,3,3,6,0.5
slnB,10,12,22,0.45
slnD,0,0,0,
slnH,2,3,5,0.4
slnI,1,1,2,0.5
slnK,0,1,1,0.0
slnL,6,4,10,0.6
slnM,12,12,24,0.5
slnN,17,10,27,0.63
slnP,14,17,31,0.45
slnS,8,5,13,0.62
slnb,8,11,19,0.42
slnl,4,7,11,0.36
slnm,9,7,16,0.56
slnn,10,11,21,0.48
slns,6,4,10,0.6
slsB,2,4,6,0.33
slsD,2,2,4,0.5
slsH,8,5,13,0.62
slsI,0,1,1,0.0
slsK,0,1,1,0.0
slsL,4,3,7,0.57
slsM,7,4,11,0.64
slsN,8,4,12,0.67
slsP,18,8,26,0.69
slsS,11,8,19,0.58
slsb,9,4,13,0.69
slsl,6,5,11,0.55
slsm,8,3,11,0.73
slsn,6,8,14,0.43
slss,7,1,8,0.88
smBB,14,8,22,0.64
smBD,1,0,1,1.0
smBK,0,1,1,0.0
smBL,7,4,11,0.64
smBM,14,16,30,0.47
smBN,24,19,43,0.56
smBP,14,25,39,0.36
smBS,7,15,22,0.32
smBb,19,15,34,0.56
smBh,0,1,1,0.0
smBj,10,8,18,0.56
smBl,3,5,8,0.38
smBm,10,18,28,0.36
smBn,22,20,42,0.52
smBs,12,9,21,0.57
smBt,4,1,5,0.8
smDB,3,1,4,0.75
smDD,0,1,1,0.0
smDH,1,4,5,0.2
smDI,0,0,0,
smDK,0,1,1,0.0
smDL,2,1,3,0.67
smDM,3,4,7,0.43
smDN,3,4,7,0.43
smDP,4,5,9,0.44
smDS,4,2,6,0.67
smDb,0,3,3,0.0
smDh,0,1,1,0.0
smDm,0,1,1,0.0
smDn,2,2,4,0.5
smDs,1,3,4,0.25
smHB,13,16,29,0.45
smHD,2,2,4,0.5
smHH,2,0,2,1.0
smHI,0,3,3,0.0
smHK,1,0,1,1.0
smHL,10,5,15,0.67
smHM,18,18,36,0.5
smHN,15,21,36,0.42
smHP,26,25,51,0.51
smHS,14,21,35,0.4
smHb,16,14,30,0.53
smHh,4,17,21,0.19
smHl,9,3,12,0.75
smHm,10,11,21,0.48
smHn,17,10,27,0.63
smHs,11,9,20,0.55
smHt,1,1,2,0.5
smIB,3,1,4,0.75
smIH,0,1,1,0.0
smII,1,0,1,1.0
smIK,1,0,1,1.0
smIL,2,0,2,1.0
smIM,2,1,3,0.67
smIN,1,3,4,0.25
smIP,2,1,3,0.67
smIb,2,1,3,0.67
smIl,0,1,1,0.0
smIm,0,1,1,0.0
smIn,2,3,5,0.4
smIs,2,0,2,1.0
smJB,3,2,5,0.6
smJH,5,2,7,0.71
smJI,0,2,2,0.0
smJK,0,1,1,0.0
smJL,1,0,1,1.0
smJM,6,3,9,0.67
smJN,3,3,6,0.5
smJP,8,5,13,0.62
smJS,2,2,4,0.5
smJb,4,4,8,0.5
smJh,1,0,1,1.0
smJl,4,1,5,0.8
smJm,2,3,5,0.4
smJn,6,2,8,0.75
smJs,3,2,5,0.6
smJt,1,0,1,1.0
smKM,1,0,1,1.0
smKS,0,1,1,0.0
smKb,0,0,0,
smKl,0,1,1,0.0
smKm,1,0,1,1.0
smLB,9,7,16,0.56
smLK,0,2,2,0.0
smLL,3,2,5,0.6
smLM,8,3,11,0.73
smLN,6,8,14,0.43
smLP,10,5,15,0.67
smLS,8,6,14,0.57
smLb,10,8,18,0.56
smLh,2,5,7,0.29
smLj,0,4,4,0.0
smLl,8,1,9,0.89
smLm,9,4,13,0.69
smLn,8,14,22,0.36
smLs,5,5,10,0.5
smLt,2,1,3,0.67
smMB,19,12,31,0.61
smMD,2,2,4,0.5
smML,4,5,9,0.44
smMM,19,20,39,0.49
smMN,22,33,55,0.4
smMP,23,27,50,0.46
smMS,14,15,29,0.48
smMb,20,21,41,0.49
smMh,12,19,31,0.39
smMj,8,2,10,0.8
smMl,7,8,15,0.47
smMm,14,14,28,0.5
smMn,35,31,66,0.53
smMs,5,24,29,0.17
smMt,3,5,8,0.38
smNB,15,16,31,0.48
smND,3,0,3,1.0
smNH,10,7,17,0.59
smNK,0,1,1,0.0
smNL,9,7,16,0.56
smNM,23,34,57,0.4
smNN,24,30,54,0.44
smNP,41,38,79,0.52
smNS,15,23,38,0.39
smNb,30,14,44,0.68
smNh,3,6,9,0.33
smNl,10,6,16,0.62
smNm,15,21,36,0.42
smNn,42,36,78,0.54
smNs,13,14,27,0.48
smNt,2,4,6,0.33
smPB,20,11,31,0.65
smPD,2,6,8,0.25
smPH,9,5,14,0.64
smPI,2,1,3,0.67
smPK,1,3,4,0.25
smPL,8,11,19,0.42
smPM,28,27,55,0.51
smPN,21,27,48,0.44
smPP,53,38,91,0.58
smPS,18,25,43,0.42
smPb,25,38,63,0.4
smPh,2,3,5,0.4
smPl,13,14,27,0.48
smPm,8,24,32,0.25
smPn,27,18,45,0.6
smPs,22,15,37,0.59
smPt,0,5,5,0.0
smSB,9,10,19,0.47
smSD,1,1,2,0.5
smSH,4,5,9,0.44
smSL,6,5,11,0.55
smSM,14,19,33,0.42
smSN,23,12,35,0.66
smSP,26,22,48,0.54
smSS,11,14,25,0.44
smSb,17,20,37,0.46
smSh,9,13,22,0.41
smSl,4,8,12,0.33
smSm,10,9,19,0.53
smSn,13,21,34,0.38
smSs,16,13,29,0.55
smSt,5,5,10,0.5
smbB,18,19,37,0.49
smbD,0,0,0,
smbH,5,6,11,0.45
smbI,3,2,5,0.6
smbJ,3,8,11,0.27
smbK,2,3,5,0.4
smbL,9,4,13,0.69
smbM,25,17,42,0.6
smbN,31,21,52,0.6
smbP,26,22,48,0.54
smbS,7,12,19,0.37
smbb,38,18,56,0.68
smbl,9,5,14,0.64
smbm,13,12,25,0.52
smbn,21,20,41,0.51
smbs,5,7,12,0.42
smlB,9,7,16,0.56
smlD,1,0,1,1.0
smlH,5,1,6,0.83
smlI,0,1,1,0.0
smlJ,1,3,4,0.25
smlL,4,3,7,0.57
smlM,8,12,20,0.4
smlN,6,8,14,0.43
smlP,11,11,22,0.5
smlS,4,5,9,0.44
smlb,15,6,21,0.71
smll,4,4,8,0.5
smlm,6,6,12,0.5
smln,5,5,10,0.5
smls,7,3,10,0.7
smmB,17,18,35,0.49
smmD,2,1,3,0.67
smmH,8,10,18,0.44
smmI,1,2,3,0.33
smmJ,4,3,7,0.57
smmL,5,5,10,0.5
smmM,16,18,34,0.47
smmN,17,17,34,0.5
smmP,22,15,37,0.59
smmS,14,9,23,0.61
smmb,20,14,34,0.59
smml,6,2,8,0.75
smmm,11,11,22,0.5
smmn,20,16,36,0.56
smms,7,4,11,0.64
smnB,12,24,36,0.33
smnD,3,1,4,0.75
smnH,9,7,16,0.56
smnI,3,1,4,0.75
smnK,3,1,4,0.75
smnL,2,4,6,0.33
smnM,23,14,37,0.62
smnN,31,28,59,0.53
smnP,24,34,58,0.41
smnS,14,7,21,0.67
smnb,22,21,43,0.51
smnh,2,0,2,1.0
smnl,7,6,13,0.54
smnm,14,10,24,0.58
smnn,25,20,45,0.56
smns,9,16,25,0.36
smsB,8,10,18,0.44
smsD,1,0,1,1.0
smsH,9,8,17,0.53
smsI,1,1,2,0.5
smsL,2,13,15,0.13
smsM,8,12,20,0.4
smsN,13,18,31,0.42
smsP,12,14,26,0.46
smsS,18,15,33,0.55
smsb,4,6,10,0.4
smsl,4,5,9,0.44
smsm,8,2,10,0.8
smsn,11,12,23,0.48
smss,7,5,12,0.58
snBB,12,13,25,0.48
snBD,0,2,2,0.0
snBK,1,1,2,0.5
snBL,1,2,3,0.33
snBM,10,15,25,0.4
snBN,11,18,29,0.38
snBP,20,16,36,0.56
snBS,8,6,14,0.57
snBb,17,12,29,0.59
snBh,1,0,1,1.0
snBj,4,2,6,0.67
snBl,3,11,14,0.21
snBm,20,10,30,0.67
snBn,28,14,42,0.67
snBs,11,12,23,0.48
snBt,5,4,9,0.56
snDB,2,0,2,1.0
snDD,0,1,1,0.0
snDH,5,2,7,0.71
snDI,0,1,1,0.0
snDL,1,1,2,0.5
snDM,5,4,9,0.56
snDN,3,3,6,0.5
snDP,4,3,7,0.57
snDS,3,4,7,0.43
snDb,3,4,7,0.43
snDl,2,0,2,1.0
snDm,2,3,5,0.4
snDn,2,2,4,0.5
snDs,1,1,2,0.5
snHB,10,12,22,0.45
snHD,1,2,3,0.33
snHH,0,2,2,0.0
snHI,1,1,2,0.5
snHK,2,0,2,1.0
snHL,5,4,9,0.56
snHM,9,6,15,0.6
snHN,12,14,26,0.46
snHP,19,17,36,0.53
snHS,11,12,23,0.48
snHb,16,12,28,0.57
snHh,6,6,12,0.5
snHl,5,5,10,0.5
snHm,12,13,25,0.48
snHn,19,9,28,0.68
snHs,7,15,22,0.32
snHt,2,0,2,1.0
snIB,1,2,3,0.33
snIH,1,2,3,0.33
snII,2,0,2,1.0
snIL,0,1,1,0.0
snIM,4,5,9,0.44
snIN,3,3,6,0.5
snIP,3,5,8,0.38
snIS,6,3,9,0.67
snIb,0,2,2,0.0
snIl,3,1,4,0.75
snIm,4,1,5,0.8
snIn,3,2,5,0.6
snIs,2,2,4,0.5
snKB,1,0,1,1.0
snKH,0,0,0,
snKL,1,2,3,0.33
snKM,4,1,5,0.8
snKN,1,1,2,0.5
snKP,5,2,7,0.71
snKS,2,3,5,0.4
snKb,1,2,3,0.33
snKh,0,1,1,0.0
snKl,1,1,2,0.5
snKm,2,2,4,0.5
snKn,3,2,5,0.6
snKs,3,1,4,0.75
snKt,0,1,1,0.0
snLB,10,4,14,0.71
snLD,1,0,1,1.0
snLH,0,1,1,0.0
snLL,3,2,5,0.6
snLM,7,13,20,0.35
snLN,8,9,17,0.47
snLP,6,13,19,0.32
snLS,4,2,6,0.67
snLb,12,12,24,0.5
snLh,1,6,7,0.14
snLj,3,1,4,0.75
snLl,3,3,6,0.5
snLm,6,4,10,0.6
snLn,12,8,20,0.6
snLs,3,8,11,0.27
snLt,1,1,2,0.5
snMB,10,19,29,0.34
snMH,0,1,1,0.0
snMK,0,1,1,0.0
snML,4,5,9,0.44
snMM,24,20,44,0.55
snMN,25,21,46,0.54
snMP,32,28,60,0.53
snMS,15,16,31,0.48
snMb,15,24,39,0.38
snMh,22,18,40,0.55
snMj,9,5,14,0.64
snMl,14,8,22,0.64
snMm,15,10,25,0.6
snMn,28,34,62,0.45
snMs,12,21,33,0.36
snMt,6,4,10,0.6
snNB,17,24,41,0.41
snND,3,4,7,0.43
snNH,7,4,11,0.64
snNI,1,0,1,1.0
snNK,4,5,9,0.44
snNL,7,11,18,0.39
snNM,32,31,63,0.51
snNN,42,35,77,0.55
snNP,36,54,90,0.4
snNS,18,30,48,0.38
snNb,31,29,60,0.52
snNh,18,9,27,0.67
snNl,18,10,28,0.64
snNm,24,15,39,0.62
snNn,36,54,90,0.4
snNs,24,27,51,0.47
snNt,3,2,5,0.6
snPB,24,28,52,0.46
snPD,3,3,6,0.5
snPH,8,12,20,0.4
snPI,2,5,7,0.29
snPK,7,8,15,0.47
snPL,9,17,26,0.35
snPM,35,32,67,0.52
snPN,41,28,69,0.59
snPP,53,59,112,0.47
snPS,26,28,54,0.48
snPb,40,28,68,0.59
snPh,3,1,4,0.75
snPl,20,17,37,0.54
snPm,32,32,64,0.5
snPn,44,37,81,0.54
snPs,21,25,46,0.46
snPt,5,2,7,0.71
snSB,10,11,21,0.48
snSD,0,3,3,0.0
snSH,5,6,11,0.45
snSK,1,0,1,1.0
snSL,1,5,6,0.17
snSM,16,13,29,0.55
snSN,12,20,32,0.38
snSP,27,25,52,0.52
snSS,18,16,34,0.53
snSb,12,17,29,0.41
snSh,11,12,23,0.48
snSl,7,8,15,0.47
snSm,23,16,39,0.59
snSn,19,26,45,0.42
snSs,17,16,33,0.52
snSt,3,4,7,0.43
snbB,22,12,34,0.65
snbD,0,1,1,0.0
snbH,8,1,9,0.89
snbI,3,1,4,0.75
snbJ,2,3,5,0.4
snbK,1,0,1,1.0
snbL,9,8,17,0.53
snbM,18,23,41,0.44
snbN,36,30,66,0.55
snbP,27,24,51,0.53
snbS,13,14,27,0.48
snbb,27,24,51,0.53
snbl,13,3,16,0.81
snbm,15,10,25,0.6
snbn,25,27,52,0.48
snbs,10,11,21,0.48
snhL,2,0,2,1.0
snhM,0,1,1,0.0
snhN,0,1,1,0.0
snhP,0,1,1,0.0
snhb,1,0,1,1.0
snhm,0,1,1,0.0
snhn,0,1,1,0.0
snlB,7,7,14,0.5
snlD,2,4,6,0.33
snlH,5,2,7,0.71
snlI,2,0,2,1.0
snlJ,1,3,4,0.25
snlL,0,6,6,0.0
snlM,12,7,19,0.63
snlN,6,19,25,0.24
snlP,18,13,31,0.58
snlS,9,4,13,0.69
snlb,14,10,24,0.58
snll,13,5,18,0.72
snlm,9,1,10,0.9
snln,12,7,19,0.63
snls,8,3,11,0.73
snmB,13,13,26,0.5
snmD,3,0,3,1.0
snmH,17,9,26,0.65
snmI,2,2,4,0.5
snmJ,5,6,11,0.45
snmK,1,0,1,1.0
snmL,10,5,15,0.67
snmM,15,9,24,0.62
snmN,25,18,43,0.58
snmP,20,20,40,0.5
snmS,8,10,18,0.44
snmb,15,16,31,0.48
snml,7,7,14,0.5
snmm,11,9,20,0.55
snmn,15,14,29,0.52
snms,7,13,20,0.35
snnB,9,11,20,0.45
snnD,3,2,5,0.6
snnH,11,10,21,0.52
snnI,2,5,7,0.29
snnK,2,2,4,0.5
snnL,8,9,17,0.47
snnM,38,22,60,0.63
snnN,35,37,72,0.49
snnP,48,34,82,0.59
snnS,20,20,40,0.5
snnb,29,21,50,0.58
snnh,3,0,3,1.0
snnl,10,6,16,0.62
snnm,12,8,20,0.6
snnn,28,35,63,0.44
snns,15,18,33,0.45
snsB,9,11,20,0.45
snsD,4,2,6,0.67
snsH,14,15,29,0.48
snsI,1,1,2,0.5
snsK,2,1,3,0.67
snsL,8,4,12,0.67
snsM,17,12,29,0.59
snsN,21,18,39,0.54
snsP,28,19,47,0.6
snsS,17,15,32,0.53
snsb,17,21,38,0.45
snsh,0,0,0,
snsl,7,7,14,0.5
snsm,9,7,16,0.56
snsn,13,12,25,0.52
snss,17,12,29,0.59
sntN,1,0,1,1.0
sntP,0,1,1,0.0
sntm,1,0,1,1.0
ssBB,8,7,15,0.53
ssBD,3,0,3,1.0
ssBK,0,1,1,0.0
ssBL,2,3,5,0.4
ssBM,9,10,19,0.47
ssBN,13,8,21,0.62
ssBP,16,22,38,0.42
ssBS,9,11,20,0.45
ssBb,10,13,23,0.43
ssBj,4,3,7,0.57
ssBl,3,4,7,0.43
ssBm,8,12,20,0.4
ssBn,19,18,37,0.51
ssBs,8,4,12,0.67
ssBt,1,3,4,0.25
ssDB,3,2,5,0.6
ssDD,2,1,3,0.67
ssDH,2,4,6,0.33
ssDL,2,0,2,1.0
ssDM,2,2,4,0.5
ssDN,4,2,6,0.67
ssDP,2,2,4,0.5
ssDS,3,3,6,0.5
ssDb,3,1,4,0.75
ssDl,1,1,2,0.5
ssDm,1,3,4,0.25
ssDs,4,1,5,0.8
ssDt,1,0,1,1.0
ssHB,13,16,29,0.45
ssHD,2,4,6,0.33
ssHH,6,8,14,0.43
ssHI,2,0,2,1.0
ssHK,3,0,3,1.0
ssHL,6,4,10,0.6
ssHM,23,19,42,0.55
ssHN,26,19,45,0.58
ssHP,26,28,54,0.48
ssHS,19,27,46,0.41
ssHb,13,21,34,0.38
ssHh,15,14,29,0.52
ssHl,8,8,16,0.5
ssHm,17,11,28,0.61
ssHn,20,23,43,0.47
ssHs,25,36,61,0.41
ssHt,2,2,4,0.5
ssIB,1,2,3,0.33
ssII,1,0,1,1.0
ssIL,0,3,3,0.0
ssIM,5,1,6,0.83
ssIN,2,6,8,0.25
ssIP,3,1,4,0.75
ssIS,3,2,5,0.6
ssIb,3,2,5,0.6
ssIl,0,2,2,0.0
ssIm,0,2,2,0.0
ssIn,1,3,4,0.25
ssIs,1,1,2,0.5
ssKL,0,1,1,0.0
ssKM,1,2,3,0.33
ssKP,2,2,4,0.5
ssKS,2,1,3,0.67
ssKh,1,1,2,0.5
ssKl,0,1,1,0.0
ssKm,0,2,2,0.0
ssKs,1,0,1,1.0
ssLB,5,3,8,0.62
ssLD,1,0,1,1.0
ssLK,2,0,2,1.0
ssLL,3,6,9,0.33
ssLM,4,9,13,0.31
ssLN,8,9,17,0.47
ssLP,8,19,27,0.3
ssLS,7,7,14,0.5
ssLb,9,4,13,0.69
ssLh,2,3,5,0.4
ssLj,3,1,4,0.75
ssLl,5,8,13,0.38
ssLm,6,9,15,0.4
ssLn,9,6,15,0.6
ssLs,2,5,7,0.29
ssLt,0,0,0,
ssMB,17,16,33,0.52
ssMD,1,0,1,1.0
ssMH,1,0,1,1.0
ssMK,0,1,1,0.0
ssML,10,9,19,0.53
ssMM,15,19,34,0.44
ssMN,14,9,23,0.61
ssMP,30,18,48,0.62
ssMS,9,17,26,0.35
ssMb,27,19,46,0.59
ssMh,14,17,31,0.45
ssMj,5,3,8,0.62
ssMl,9,6,15,0.6
ssMm,17,19,36,0.47
ssMn,24,17,41,0.59
ssMs,12,25,37,0.32
ssMt,4,5,9,0.44
ssNB,10,18,28,0.36
ssND,1,2,3,0.33
ssNH,2,3,5,0.4
ssNK,4,0,4,1.0
ssNL,3,10,13,0.23
ssNM,21,20,41,0.51
ssNN,29,26,55,0.53
ssNP,29,32,61,0.48
ssNS,14,16,30,0.47
ssNb,23,10,33,0.7
ssNh,6,3,9,0.67
ssNl,12,9,21,0.57
ssNm,14,14,28,0.5
ssNn,27,19,46,0.59
ssNs,20,17,37,0.54
ssNt,3,6,9,0.33
ssPB,19,11,30,0.63
ssPD,5,1,6,0.83
ssPH,8,12,20,0.4
ssPI,5,0,5,1.0
ssPK,4,4,8,0.5
ssPL,10,14,24,0.42
ssPM,25,28,53,0.47
ssPN,23,24,47,0.49
ssPP,49,29,78,0.63
ssPS,22,22,44,0.5
ssPb,28,26,54,0.52
ssPh,2,4,6,0.33
ssPl,14,11,25,0.56
ssPm,24,16,40,0.6
ssPn,30,21,51,0.59
ssPs,24,31,55,0.44
ssPt,3,5,8,0.38
ssSB,12,17,29,0.41
ssSD,3,2,5,0.6
ssSH,11,11,22,0.5
ssSK,2,1,3,0.67
ssSL,12,9,21,0.57
ssSM,16,31,47,0.34
ssSN,20,16,36,0.56
ssSP,27,29,56,0.48
ssSS,37,40,77,0.48
ssSb,14,17,31,0.45
ssSh,16,17,33,0.48
ssSl,9,12,21,0.43
ssSm,19,18,37,0.51
ssSn,26,15,41,0.63
ssSs,38,37,75,0.51
ssSt,7,7,14,0.5
ssbB,18,11,29,0.62
ssbD,0,2,2,0.0
ssbH,4,5,9,0.44
ssbI,1,1,2,0.5
ssbJ,5,9,14,0.36
ssbK,3,4,7,0.43
ssbL,7,10,17,0.41
ssbM,19,17,36,0.53
ssbN,20,25,45,0.44
ssbP,27,22,49,0.55
ssbS,7,8,15,0.47
ssbb,19,19,38,0.5
ssbl,5,14,19,0.26
ssbm,14,13,27,0.52
ssbn,12,22,34,0.35
ssbs,14,9,23,0.61
sshL,1,0,1,1.0
sshM,2,3,5,0.4
sshN,0,1,1,0.0
sshP,2,1,3,0.67
sshh,0,3,3,0.0
sshl,1,0,1,1.0
sshm,1,0,1,1.0
sshn,0,1,1,0.0
sshs,2,1,3,0.67
sslB,15,9,24,0.62
sslD,2,0,2,1.0
sslH,3,7,10,0.3
sslI,0,1,1,0.0
sslJ,3,2,5,0.6
sslK,1,0,1,1.0
sslL,3,5,8,0.38
sslM,18,9,27,0.67
sslN,15,8,23,0.65
sslP,11,9,20,0.55
sslS,9,6,15,0.6
sslb,10,9,19,0.53
ssll,5,5,10,0.5
sslm,9,9,18,0.5
ssln,5,8,13,0.38
ssls,5,7,12,0.42
ssmB,12,17,29,0.41
ssmD,1,4,5,0.2
ssmH,15,15,30,0.5
ssmI,1,2,3,0.33
ssmJ,2,2,4,0.5
ssmL,4,8,12,0.33
ssmM,19,18,37,0.51
ssmN,12,19,31,0.39
ssmP,23,14,37,0.62
ssmS,14,17,31,0.45
ssmb,16,14,30,0.53
ssml,8,3,11,0.73
ssmm,8,11,19,0.42
ssmn,23,13,36,0.64
ssms,20,9,29,0.69
ssnB,17,11,28,0.61
ssnD,1,1,2,0.5
ssnH,8,5,13,0.62
ssnI,2,4,6,0.33
ssnK,1,2,3,0.33
ssnL,9,9,18,0.5
ssnM,15,20,35,0.43
ssnN,23,22,45,0.51
ssnP,25,29,54,0.46
ssnS,17,24,41,0.41
ssnb,12,16,28,0.43
ssnh,1,0,1,1.0
ssnl,12,13,25,0.48
ssnm,14,12,26,0.54
ssnn,17,19,36,0.47
ssns,12,8,20,0.6
sssB,13,13,26,0.5
sssD,4,1,5,0.8
sssH,18,22,40,0.45
sssI,3,2,5,0.6
sssK,1,2,3,0.33
sssL,10,5,15,0.67
sssM,17,25,42,0.4
sssN,23,16,39,0.59
sssP,15,31,46,0.33
sssS,28,28,56,0.5
sssb,22,19,41,0.54
sssh,1,2,3,0.33
sssl,11,14,25,0.44
sssm,20,19,39,0.51
sssn,27,15,42,0.64
ssss,22,28,50,0.44
sstS,1,0,1,1.0
sstl,1,0,1,1.0
sstm,1,0,1,1.0
stBB,1,0,1,1.0
stBs,0,0,0,
stDn,0,1,1,0.0
stHS,0,1,1,0.0
stLn,0,0,0,
stLs,0,1,1,0.0
stMM,0,1,1,0.0
stMN,1,0,1,1.0
stMP,1,0,1,1.0
stMb,0,1,1,0.0
stMl,1,1,2,0.5
stMn,0,1,1,0.0
stNB,1,0,1,1.0
stNm,1,0,1,1.0
stNn,1,0,1,1.0
stNs,0,1,1,0.0
stPB,1,1,2,0.5
stPM,1,0,1,1.0
stPS,0,0,0,
stPh,0,1,1,0.0
stSS,0,0,0,
stbL,0,0,0,
stbP,0,1,1,0.0
stbl,1,0,1,1.0
stlB,1,0,1,1.0
stlH,1,0,1,1.0
stlP,1,2,3,0.33
stmH,0,1,1,0.0
stmM,1,0,1,1.0
stmP,0,0,0,
stnB,1,0,1,1.0
stnl,1,0,1,1.0
stsM,0,1,1,0.0
stsS,0,1,1,0.0
tBBB,2,1,3,0.67
tBBK,1,0,1,1.0
tBBL,1,1,2,0.5
tBBM,0,1,1,0.0
tBBN,3,5,8,0.38
tBBP,2,6,8,0.25
tBBS,0,3,3,0.0
tBBb,3,0,3,1.0
tBBj,0,1,1,0.0
tBBl,2,1,3,0.67
tBBm,7,3,10,0.7
tBBn,2,2,4,0.5
tBBs,0,0,0,
tBBt,1,1,2,0.5
tBDD,0,0,0,
tBDL,0,1,1,0.0
tBDM,0,0,0,
tBDS,0,2,2,0.0
tBDb,1,0,1,1.0
tBDn,0,1,1,0.0
tBKM,1,0,1,1.0
tBKP,1,0,1,1.0
tBKS,0,0,0,
tBKs,2,0,2,1.0
tBLB,0,0,0,
tBLL,2,0,2,1.0
tBLM,3,0,3,1.0
tBLN,0,2,2,0.0
tBLP,3,2,5,0.6
tBLb,0,1,1,0.0
tBLh,0,1,1,0.0
tBLj,0,1,1,0.0
tBLl,1,0,1,1.0
tBLm,2,2,4,0.5
tBLn,2,0,2,1.0
tBLs,0,1,1,0.0
tBLt,1,0,1,1.0
tBMB,5,2,7,0.71
tBML,1,0,1,1.0
tBMM,4,1,5,0.8
tBMN,4,3,7,0.57
tBMP,6,3,9,0.67
tBMS,3,0,3,1.0
tBMb,5,4,9,0.56
tBMh,3,2,5,0.6
tBMj,0,1,1,0.0
tBMl,3,2,5,0.6
tBMm,3,1,4,0.75
tBMn,3,4,7,0.43
tBMs,0,3,3,0.0
tBMt,1,0,1,1.0
tBNB,1,1,2,0.5
tBNH,1,0,1,1.0
tBNK,0,1,1,0.0
tBNL,0,3,3,0.0
tBNM,2,2,4,0.5
tBNN,3,4,7,0.43
tBNP,5,3,8,0.62
tBNS,0,1,1,0.0
tBNb,2,2,4,0.5
tBNh,0,1,1,0.0
tBNl,1,0,1,1.0
tBNm,3,2,5,0.6
tBNn,4,3,7,0.57
tBNs,1,1,2,0.5
tBPB,2,2,4,0.5
tBPH,1,1,2,0.5
tBPI,0,1,1,0.0
tBPK,1,0,1,1.0
tBPL,2,2,4,0.5
tBPM,2,1,3,0.67
tBPN,2,3,5,0.4
tBPP,4,6,10,0.4
tBPS,5,2,7,0.71
tBPb,1,2,3,0.33
tBPl,2,3,5,0.4
tBPm,2,1,3,0.67
tBPn,2,3,5,0.4
tBPs,2,1,3,0.67
tBPt,0,1,1,0.0
tBSB,0,1,1,0.0
tBSD,0,1,1,0.0
tBSH,0,2,2,0.0
tBSM,0,1,1,0.0
tBSN,1,2,3,0.33
tBSP,1,3,4,0.25
tBSS,2,1,3,0.67
tBSb,0,1,1,0.0
tBSl,2,1,3,0.67
tBSm,2,0,2,1.0
tBSn,0,1,1,0.0
tBSs,0,1,1,0.0
tBbB,6,4,10,0.6
tBbJ,1,1,2,0.5
tBbM,4,7,11,0.36
tBbN,1,3,4,0.25
tBbP,2,3,5,0.4
tBbS,3,1,4,0.75
tBbb,0,2,2,0.0
tBbl,0,0,0,
tBbm,1,1,2,0.5
tBbn,2,4,6,0.33
tBbs,1,2,3,0.33
tBhB,1,0,1,1.0
tBhH,0,1,1,0.0
tBhP,1,0,1,1.0
tBhh,1,1,2,0.5
tBhm,0,2,2,0.0
tBhn,0,1,1,0.0
tBjB,1,0,1,1.0
tBjL,1,1,2,0.5
tBjM,0,4,4,0.0
tBjN,0,2,2,0.0
tBjP,3,0,3,1.0
tBjb,2,2,4,0.5
tBjl,1,0,1,1.0
tBjt,2,0,2,1.0
tBlB,3,0,3,1.0
tBlH,1,2,3,0.33
tBlL,0,1,1,0.0
tBlM,0,2,2,0.0
tBlN,1,2,3,0.33
tBlP,2,0,2,1.0
tBlS,1,1,2,0.5
tBlb,1,0,1,1.0
tBll,1,1,2,0.5
tBlm,2,0,2,1.0
tBln,1,0,1,1.0
tBls,0,0,0,
tBmB,0,3,3,0.0
tBmH,3,1,4,0.75
tBmJ,1,0,1,1.0
tBmL,0,1,1,0.0
tBmM,3,3,6,0.5
tBmN,1,1,2,0.5
tBmP,3,1,4,0.75
tBmS,1,1,2,0.5
tBmb,1,4,5,0.2
tBml,3,0,3,1.0
tBmm,1,0,1,1.0
tBmn,3,3,6,0.5
tBms,1,2,3,0.33
tBnB,3,3,6,0.5
tBnH,4,2,6,0.67
tBnI,1,1,2,0.5
tBnK,1,0,1,1.0
tBnM,4,3,7,0.57
tBnN,2,7,9,0.22
tBnP,2,3,5,0.4
tBnS,1,3,4,0.25
tBnb,3,4,7,0.43
tBnl,1,3,4,0.25
tBnm,3,4,7,0.43
tBnn,3,5,8,0.38
tBns,1,2,3,0.33
tBsB,0,3,3,0.0
tBsH,3,1,4,0.75
tBsL,1,0,1,1.0
tBsM,3,0,3,1.0
tBsN,2,0,2,1.0
tBsP,0,2,2,0.0
tBsS,1,3,4,0.25
tBsb,2,0,2,1.0
tBsl,1,1,2,0.5
tBsm,1,1,2,0.5
tBsn,1,1,2,0.5
tBss,1,4,5,0.2
tBtB,0,1,1,0.0
tBtL,0,1,1,0.0
tBtM,1,0,1,1.0
tBtP,0,3,3,0.0
tBtS,1,0,1,1.0
tBtm,0,1,1,0.0
tBts,0,2,2,0.0
tBtt,1,0,1,1.0
tDBP,1,0,1,1.0
tDBj,0,0,0,
tDBn,3,0,3,1.0
tDBs,0,1,1,0.0
tDDH,0,0,0,
tDDS,0,1,1,0.0
tDDn,0,1,1,0.0
tDHB,0,1,1,0.0
tDHH,0,1,1,0.0
tDHL,0,1,1,0.0
tDHP,2,1,3,0.67
tDHn,1,0,1,1.0
tDIs,1,0,1,1.0
tDKS,1,0,1,1.0
tDLB,0,1,1,0.0
tDMB,0,1,1,0.0
tDMP,1,1,2,0.5
tDMb,0,1,1,0.0
tDMh,1,0,1,1.0
tDMm,1,0,1,1.0
tDMn,0,2,2,0.0
tDNL,0,1,1,0.0
tDNN,0,0,0,
tDNP,0,1,1,0.0
tDNS,0,1,1,0.0
tDNb,1,0,1,1.0
tDNs,1,0,1,1.0
tDNt,1,0,1,1.0
tDPH,1,0,1,1.0
tDPI,1,0,1,1.0
tDPM,1,0,1,1.0
tDPP,1,2,3,0.33
tDPS,0,0,0,
tDPb,1,0,1,1.0
tDPm,1,1,2,0.5
tDSB,0,1,1,0.0
tDSN,0,0,0,
tDSh,1,0,1,1.0
tDSn,1,0,1,1.0
tDbM,0,1,1,0.0
tDbP,2,0,2,1.0
tDbs,1,0,1,1.0
tDlI,1,0,1,1.0
tDlN,0,0,0,
tDlS,2,0,2,1.0
tDlb,0,0,0,
tDmB,0,0,0,
tDmL,1,0,1,1.0
tDmM,0,1,1,0.0
tDmN,1,1,2,0.5
tDmP,0,1,1,0.0
tDmb,0,1,1,0.0
tDml,0,1,1,0.0
tDmm,0,1,1,0.0
tDms,0,1,1,0.0
tDnB,0,1,1,0.0
tDnN,1,0,1,1.0
tDnS,1,0,1,1.0
tDnb,1,1,2,0.5
tDnl,1,0,1,1.0
tDnn,1,0,1,1.0
tDns,1,0,1,1.0
tDsB,2,0,2,1.0
tDsH,0,1,1,0.0
tDsM,0,1,1,0.0
tDsP,1,0,1,1.0
tDsS,0,1,1,0.0
tDsm,1,0,1,1.0
tDss,0,1,1,0.0
tHBB,1,1,2,0.5
tHBD,0,1,1,0.0
tHBL,0,2,2,0.0
tHBM,1,0,1,1.0
tHBN,1,1,2,0.5
tHBP,2,1,3,0.67
tHBS,0,1,1,0.0
tHBb,3,0,3,1.0
tHBj,1,1,2,0.5
tHBm,0,3,3,0.0
tHBn,2,6,8,0.25
tHBs,3,1,4,0.75
tHDL,2,0,2,1.0
tHDP,1,0,1,1.0
tHDb,0,1,1,0.0
tHDm,1,0,1,1.0
tHDn,0,1,1,0.0
tHDs,0,1,1,0.0
tHHB,1,1,2,0.5
tHHP,0,1,1,0.0
tHHS,2,1,3,0.67
tHHb,2,0,2,1.0
tHHh,1,1,2,0.5
tHHn,1,0,1,1.0
tHHs,2,0,2,1.0
tHIP,0,1,1,0.0
tHIs,0,1,1,0.0
tHKB,1,0,1,1.0
tHKP,1,0,1,1.0
tHKb,0,1,1,0.0
tHLB,0,2,2,0.0
tHLH,1,0,1,1.0
tHLM,2,2,4,0.5
tHLP,1,1,2,0.5
tHLS,1,3,4,0.25
tHLj,0,1,1,0.0
tHLm,1,1,2,0.5
tHLn,0,1,1,0.0
tHLs,1,0,1,1.0
tHLt,0,1,1,0.0
tHMB,2,1,3,0.67
tHMD,2,0,2,1.0
tHML,0,4,4,0.0
tHMM,1,3,4,0.25
tHMN,1,1,2,0.5
tHMP,2,1,3,0.67
tHMS,3,2,5,0.6
tHMb,2,3,5,0.4
tHMl,1,0,1,1.0
tHMm,1,1,2,0.5
tHMn,1,4,5,0.2
tHMs,1,0,1,1.0
tHMt,1,0,1,1.0
tHNB,2,1,3,0.67
tHND,1,1,2,0.5
tHNH,1,0,1,1.0
tHNK,0,1,1,0.0
tHNL,0,2,2,0.0
tHNM,0,2,2,0.0
tHNN,1,2,3,0.33
tHNP,0,3,3,0.0
tHNS,3,3,6,0.5
tHNb,6,7,13,0.46
tHNh,1,2,3,0.33
tHNl,1,2,3,0.33
tHNm,0,1,1,0.0
tHNn,3,2,5,0.6
tHNs,0,1,1,0.0
tHNt,0,0,0,
tHPB,0,1,1,0.0
tHPH,3,0,3,1.0
tHPK,0,1,1,0.0
tHPL,2,0,2,1.0
tHPM,2,2,4,0.5
tHPN,2,4,6,0.33
tHPP,3,5,8,0.38
tHPS,2,5,7,0.29
tHPb,5,1,6,0.83
tHPh,3,1,4,0.75
tHPl,2,0,2,1.0
tHPm,1,3,4,0.25
tHPn,5,1,6,0.83
tHPs,1,2,3,0.33
tHSB,1,1,2,0.5
tHSH,0,0,0,
tHSM,0,2,2,0.0
tHSN,0,1,1,0.0
tHSP,0,3,3,0.0
tHSS,0,2,2,0.0
tHSb,1,3,4,0.25
tHSh,1,2,3,0.33
tHSn,4,1,5,0.8
tHSs,2,1,3,0.67
tHbB,0,1,1,0.0
tHbK,0,1,1,0.0
tHbL,1,1,2,0.5
tHbM,3,1,4,0.75
tHbN,1,0,1,1.0
tHbP,4,0,4,1.0
tHbS,0,1,1,0.0
tHbb,2,1,3,0.67
tHbl,1,2,3,0.33
tHbm,2,0,2,1.0
tHbn,4,2,6,0.67
tHbs,7,1,8,0.88
tHhB,1,0,1,1.0
tHhH,0,1,1,0.0
tHhL,2,0,2,1.0
tHhM,0,4,4,0.0
tHhN,1,0,1,1.0
tHhP,3,2,5,0.6
tHhS,0,0,0,
tHhb,1,0,1,1.0
tHhh,0,2,2,0.0
tHhl,0,1,1,0.0
tHhm,1,0,1,1.0
tHhn,2,0,2,1.0
tHhs,2,1,3,0.67
tHlB,3,0,3,1.0
tHlH,1,1,2,0.5
tHlI,1,0,1,1.0
tHlM,1,3,4,0.25
tHlN,0,3,3,0.0
tHlP,2,1,3,0.67
tHlS,0,0,0,
tHlb,1,1,2,0.5
tHll,0,1,1,0.0
tHlm,0,2,2,0.0
tHln,1,2,3,0.33
tHls,1,0,1,1.0
tHmB,0,1,1,0.0
tHmD,2,0,2,1.0
tHmH,1,2,3,0.33
tHmJ,0,1,1,0.0
tHmL,1,0,1,1.0
tHmM,2,2,4,0.5
tHmN,3,4,7,0.43
tHmP,3,7,10,0.3
tHmS,1,3,4,0.25
tHmb,1,0,1,1.0
tHml,1,1,2,0.5
tHmm,0,0,0,
tHmn,2,1,3,0.67
tHms,1,1,2,0.5
tHnB,4,2,6,0.67
tHnH,1,2,3,0.33
tHnI,1,0,1,1.0
tHnK,1,1,2,0.5
tHnL,1,0,1,1.0
tHnM,3,2,5,0.6
tHnN,6,3,9,0.67
tHnP,2,2,4,0.5
tHnS,1,2,3,0.33
tHnb,4,3,7,0.57
tHnl,4,1,5,0.8
tHnm,2,1,3,0.67
tHnn,0,4,4,0.0
tHns,1,0,1,1.0
tHsD,0,1,1,0.0
tHsH,1,3,4,0.25
tHsL,1,2,3,0.33
tHsM,2,0,2,1.0
tHsN,1,2,3,0.33
tHsP,3,3,6,0.5
tHsS,1,3,4,0.25
tHsb,1,0,1,1.0
tHsl,1,1,2,0.5
tHsm,0,2,2,0.0
tHsn,0,2,2,0.0
tHss,2,1,3,0.67
tHtM,0,1,1,0.0
tHtP,2,0,2,1.0
tHtn,0,1,1,0.0
tIDP,0,1,1,0.0
tIMN,0,1,1,0.0
tIMm,0,0,0,
tINP,1,0,1,1.0
tIPP,1,0,1,1.0
tIPb,1,0,1,1.0
tIPm,0,1,1,0.0
tISl,0,1,1,0.0
tISn,0,1,1,0.0
tIbN,2,0,2,1.0
tIlP,1,0,1,1.0
tImB,0,1,1,0.0
tImM,1,0,1,1.0
tInH,0,1,1,0.0
tKBB,0,1,1,0.0
tKBL,0,1,1,0.0
tKBP,1,0,1,1.0
tKDM,0,0,0,
tKHn,0,0,0,
tKLL,1,0,1,1.0
tKLh,1,0,1,1.0
tKMB,1,0,1,1.0
tKMD,0,1,1,0.0
tKMM,0,1,1,0.0
tKMN,2,0,2,1.0
tKMP,1,1,2,0.5
tKMS,0,0,0,
tKMb,2,0,2,1.0
tKMl,1,0,1,1.0
tKMm,1,0,1,1.0
tKNB,1,0,1,1.0
tKNP,0,1,1,0.0
tKPB,0,1,1,0.0
tKPN,0,1,1,0.0
tKPb,1,1,2,0.5
tKPn,1,0,1,1.0
tKSN,0,1,1,0.0
tKSS,0,1,1,0.0
tKSb,1,1,2,0.5
tKSh,1,0,1,1.0
tKSm,0,1,1,0.0
tKSn,1,1,2,0.5
tKSs,1,0,1,1.0
tKbK,1,0,1,1.0
tKbM,0,1,1,0.0
tKbN,1,0,1,1.0
tKbP,1,0,1,1.0
tKbn,0,1,1,0.0
tKhB,0,0,0,
tKhS,1,0,1,1.0
tKhs,0,0,0,
tKlL,1,0,1,1.0
tKlM,0,2,2,0.0
tKlb,0,1,1,0.0
tKmH,0,2,2,0.0
tKmm,1,0,1,1.0
tKnP,1,0,1,1.0
tKns,1,0,1,1.0
tKsN,1,0,1,1.0
tKsn,1,0,1,1.0
tLBB,2,4,6,0.33
tLBD,0,0,0,
tLBL,0,0,0,
tLBM,1,0,1,1.0
tLBN,1,1,2,0.5
tLBP,1,3,4,0.25
tLBS,0,1,1,0.0
tLBb,3,3,6,0.5
tLBl,1,0,1,1.0
tLBm,3,0,3,1.0
tLBn,1,2,3,0.33
tLBs,0,2,2,0.0
tLBt,1,0,1,1.0
tLDN,0,1,1,0.0
tLDl,0,1,1,0.0
tLKN,1,0,1,1.0
tLLB,1,0,1,1.0
tLLH,0,1,1,0.0
tLLM,1,0,1,1.0
tLLN,0,3,3,0.0
tLLP,1,1,2,0.5
tLLb,1,0,1,1.0
tLLj,1,0,1,1.0
tLLl,0,1,1,0.0
tLLm,0,1,1,0.0
tLLn,0,1,1,0.0
tLLt,0,1,1,0.0
tLMB,1,3,4,0.25
tLMD,0,1,1,0.0
tLML,0,1,1,0.0
tLMM,1,2,3,0.33
tLMN,2,2,4,0.5
tLMP,1,1,2,0.5
tLMb,0,1,1,0.0
tLMh,0,3,3,0.0
tLMj,0,2,2,0.0
tLMm,3,3,6,0.5
tLMn,3,2,5,0.6
tLMs,1,2,3,0.33
tLMt,0,0,0,
tLNB,2,1,3,0.67
tLNK,0,1,1,0.0
tLNM,0,1,1,0.0
tLNN,2,7,9,0.22
tLNP,1,2,3,0.33
tLNS,0,2,2,0.0
tLNb,2,0,2,1.0
tLNh,1,1,2,0.5
tLNl,0,1,1,0.0
tLNm,4,0,4,1.0
tLNn,4,1,5,0.8
tLNs,1,1,2,0.5
tLPB,3,1,4,0.75
tLPH,1,0,1,1.0
tLPM,3,2,5,0.6
tLPN,2,3,5,0.4
tLPP,3,4,7,0.43
tLPS,3,2,5,0.6
tLPb,1,0,1,1.0
tLPl,0,2,2,0.0
tLPm,2,1,3,0.67
tLPn,2,1,3,0.67
tLPs,2,2,4,0.5
tLSB,1,0,1,1.0
tLSL,1,1,2,0.5
tLSN,0,1,1,0.0
tLSP,3,1,4,0.75
tLSS,1,0,1,1.0
tLSb,0,2,2,0.0
tLSh,2,0,2,1.0
tLSl,1,0,1,1.0
tLSm,1,0,1,1.0
tLSn,2,1,3,0.67
tLSs,1,0,1,1.0
tLbB,2,1,3,0.67
tLbJ,0,0,0,
tLbL,2,0,2,1.0
tLbM,5,3,8,0.62
tLbN,3,2,5,0.6
tLbP,1,0,1,1.0
tLbS,2,2,4,0.5
tLbb,3,3,6,0.5
tLbl,2,0,2,1.0
tLbm,0,2,2,0.0
tLbn,1,2,3,0.33
tLbs,2,1,3,0.67
tLhB,2,0,2,1.0
tLhL,1,1,2,0.5
tLhM,1,1,2,0.5
tLhN,1,0,1,1.0
tLhP,1,0,1,1.0
tLhS,0,1,1,0.0
tLhh,1,0,1,1.0
tLhn,2,0,2,1.0
tLhs,1,1,2,0.5
tLjB,0,0,0,
tLjL,3,1,4,0.75
tLjN,0,0,0,
tLjS,2,1,3,0.67
tLjb,1,0,1,1.0
tLjn,0,1,1,0.0
tLjs,0,0,0,
tLlB,0,0,0,
tLlD,0,0,0,
tLlM,1,0,1,1.0
tLlN,1,0,1,1.0
tLlP,0,1,1,0.0
tLlS,0,1,1,0.0
tLlb,2,0,2,1.0
tLlm,2,2,4,0.5
tLln,0,2,2,0.0
tLls,0,0,0,
tLmB,0,1,1,0.0
tLmD,1,0,1,1.0
tLmH,1,1,2,0.5
tLmL,0,0,0,
tLmM,1,2,3,0.33
tLmN,0,2,2,0.0
tLmP,1,0,1,1.0
tLmS,2,2,4,0.5
tLmb,2,0,2,1.0
tLml,1,1,2,0.5
tLmm,1,0,1,1.0
tLmn,4,0,4,1.0
tLms,0,1,1,0.0
tLnB,2,1,3,0.67
tLnH,1,1,2,0.5
tLnI,1,0,1,1.0
tLnL,1,1,2,0.5
tLnM,1,1,2,0.5
tLnN,1,2,3,0.33
tLnP,3,2,5,0.6
tLnS,5,2,7,0.71
tLnb,1,1,2,0.5
tLnh,1,0,1,1.0
tLnm,0,0,0,
tLnn,0,2,2,0.0
tLns,0,1,1,0.0
tLsH,1,1,2,0.5
tLsL,0,1,1,0.0
tLsN,3,2,5,0.6
tLsP,1,1,2,0.5
tLsS,0,2,2,0.0
tLsb,3,1,4,0.75
tLsl,0,0,0,
tLsm,1,0,1,1.0
tLsn,1,0,1,1.0
tLss,0,0,0,
tLtB,1,0,1,1.0
tLtN,1,1,2,0.5
tLtb,0,2,2,0.0
tLtl,1,0,1,1.0
tLtn,2,1,3,0.67
tMBB,2,5,7,0.29
tMBK,0,1,1,0.0
tMBL,2,0,2,1.0
tMBM,2,3,5,0.4
tMBN,5,2,7,0.71
tMBP,2,3,5,0.4
tMBS,0,2,2,0.0
tMBb,7,4,11,0.64
tMBj,0,1,1,0.0
tMBm,4,0,4,1.0
tMBn,8,8,16,0.5
tMBt,1,1,2,0.5
tMDP,1,0,1,1.0
tMDl,0,1,1,0.0
tMDm,0,0,0,
tMDn,0,1,1,0.0
tMHm,1,0,1,1.0
tMKN,0,1,1,0.0
tMLB,0,2,2,0.0
tMLM,2,3,5,0.4
tMLN,3,3,6,0.5
tMLP,1,5,6,0.17
tMLS,1,0,1,1.0
tMLb,1,2,3,0.33
tMLm,4,0,4,1.0
tMLn,1,2,3,0.33
tMMB,0,3,3,0.0
tMMD,0,1,1,0.0
tMML,0,1,1,0.0
tMMM,3,4,7,0.43
tMMN,2,5,7,0.29
tMMP,6,3,9,0.67
tMMS,1,2,3,0.33
tMMb,3,6,9,0.33
tMMh,1,0,1,1.0
tMMj,2,1,3,0.67
tMMl,0,1,1,0.0
tMMm,3,4,7,0.43
tMMn,3,2,5,0.6
tMMs,2,2,4,0.5
tMMt,0,1,1,0.0
tMNB,2,1,3,0.67
tMNL,1,1,2,0.5
tMNM,2,3,5,0.4
tMNN,5,2,7,0.71
tMNP,10,14,24,0.42
tMNS,2,3,5,0.4
tMNb,4,6,10,0.4
tMNh,3,2,5,0.6
tMNl,1,0,1,1.0
tMNm,1,3,4,0.25
tMNn,9,5,14,0.64
tMNs,0,1,1,0.0
tMPB,2,7,9,0.22
tMPH,0,2,2,0.0
tMPI,1,0,1,1.0
tMPK,0,1,1,0.0
tMPL,1,0,1,1.0
tMPM,5,4,9,0.56
tMPN,4,3,7,0.57
tMPP,3,9,12,0.25
tMPS,4,4,8,0.5
tMPb,9,6,15,0.6
tMPh,1,0,1,1.0
tMPl,3,4,7,0.43
tMPm,3,2,5,0.6
tMPn,5,4,9,0.56
tMPs,5,3,8,0.62
tMPt,0,1,1,0.0
tMSB,2,2,4,0.5
tMSH,0,0,0,
tMSM,6,0,6,1.0
tMSN,0,1,1,0.0
tMSP,0,4,4,0.0
tMSS,5,2,7,0.71
tMSb,5,3,8,0.62
tMSh,3,1,4,0.75
tMSl,1,0,1,1.0
tMSm,2,3,5,0.4
tMSn,3,5,8,0.38
tMSs,0,2,2,0.0
tMSt,0,1,1,0.0
tMbB,8,7,15,0.53
tMbH,0,1,1,0.0
tMbJ,1,0,1,1.0
tMbK,1,0,1,1.0
tMbL,4,3,7,0.57
tMbM,4,3,7,0.57
tMbN,7,4,11,0.64
tMbP,7,6,13,0.54
tMbS,2,3,5,0.4
tMbb,6,4,10,0.6
tMbl,0,1,1,0.0
tMbm,3,3,6,0.5
tMbn,1,2,3,0.33
tMbs,0,2,2,0.0
tMhB,1,3,4,0.25
tMhH,2,1,3,0.67
tMhK,0,1,1,0.0
tMhL,1,1,2,0.5
tMhM,2,2,4,0.5
tMhN,1,1,2,0.5
tMhP,7,7,14,0.5
tMhS,2,2,4,0.5
tMhb,4,3,7,0.57
tMhh,1,2,3,0.33
tMhl,1,3,4,0.25
tMhm,2,1,3,0.67
tMhn,2,4,6,0.33
tMhs,3,1,4,0.75
tMjB,1,0,1,1.0
tMjM,1,0,1,1.0
tMjN,1,1,2,0.5
tMjP,0,2,2,0.0
tMjS,1,0,1,1.0
tMjb,1,2,3,0.33
tMjh,0,1,1,0.0
tMjl,2,1,3,0.67
tMjm,1,0,1,1.0
tMjn,0,1,1,0.0
tMjs,0,1,1,0.0
tMjt,1,0,1,1.0
tMlB,1,4,5,0.2
tMlH,1,2,3,0.33
tMlJ,0,3,3,0.0
tMlK,1,0,1,1.0
tMlL,2,1,3,0.67
tMlM,2,2,4,0.5
tMlN,1,2,3,0.33
tMlP,1,0,1,1.0
tMlS,0,3,3,0.0
tMlb,3,0,3,1.0
tMll,0,2,2,0.0
tMlm,2,1,3,0.67
tMln,0,1,1,0.0
tMls,3,1,4,0.75
tMmB,2,5,7,0.29
tMmD,0,1,1,0.0
tMmH,5,3,8,0.62
tMmI,0,1,1,0.0
tMmJ,2,1,3,0.67
tMmK,0,1,1,0.0
tMmL,1,1,2,0.5
tMmM,4,1,5,0.8
tMmN,4,3,7,0.57
tMmP,3,3,6,0.5
tMmS,3,1,4,0.75
tMmb,2,2,4,0.5
tMml,1,1,2,0.5
tMmm,1,0,1,1.0
tMmn,4,3,7,0.57
tMms,2,2,4,0.5
tMnB,5,3,8,0.62
tMnH,3,3,6,0.5
tMnI,1,0,1,1.0
tMnL,1,2,3,0.33
tMnM,7,3,10,0.7
tMnN,8,8,16,0.5
tMnP,8,8,16,0.5
tMnS,6,5,11,0.55
tMnb,7,6,13,0.54
tMnh,0,1,1,0.0
tMnl,0,4,4,0.0
tMnm,3,3,6,0.5
tMnn,6,10,16,0.38
tMns,6,4,10,0.6
tMsB,0,2,2,0.0
tMsH,3,2,5,0.6
tMsI,1,0,1,1.0
tMsL,1,0,1,1.0
tMsM,2,3,5,0.4
tMsN,2,4,6,0.33
tMsP,3,2,5,0.6
tMsS,4,4,8,0.5
tMsb,0,1,1,0.0
tMsl,1,0,1,1.0
tMsm,6,1,7,0.86
tMsn,2,2,4,0.5
tMss,1,1,2,0.5
tMtH,0,1,1,0.0
tMtL,1,0,1,1.0
tMtN,1,1,2,0.5
tMtP,2,1,3,0.67
tMtb,0,0,0,
tMtl,0,1,1,0.0
tMtn,1,0,1,1.0
tNBB,3,6,9,0.33
tNBL,2,1,3,0.67
tNBM,1,3,4,0.25
tNBN,5,1,6,0.83
tNBP,5,7,12,0.42
tNBS,3,1,4,0.75
tNBb,3,0,3,1.0
tNBh,0,1,1,0.0
tNBj,1,2,3,0.33
tNBl,0,2,2,0.0
tNBm,3,5,8,0.38
tNBn,4,1,5,0.8
tNBs,2,1,3,0.67
tNBt,0,1,1,0.0
tNDB,0,1,1,0.0
tNDH,1,1,2,0.5
tNDN,1,0,1,1.0
tNDS,0,1,1,0.0
tNHB,1,1,2,0.5
tNHM,1,0,1,1.0
tNHN,1,0,1,1.0
tNHP,0,2,2,0.0
tNHb,1,0,1,1.0
tNHm,1,0,1,1.0
tNHs,1,0,1,1.0
tNIP,1,0,1,1.0
tNKN,1,0,1,1.0
tNKb,0,1,1,0.0
tNLB,3,2,5,0.6
tNLL,1,1,2,0.5
tNLM,3,2,5,0.6
tNLN,2,2,4,0.5
tNLP,1,2,3,0.33
tNLS,2,0,2,1.0
tNLb,1,3,4,0.25
tNLj,1,2,3,0.33
tNLn,0,4,4,0.0
tNLs,1,0,1,1.0
tNMB,2,5,7,0.29
tNMD,0,1,1,0.0
tNML,2,1,3,0.67
tNMM,1,4,5,0.2
tNMN,7,3,10,0.7
tNMP,4,7,11,0.36
tNMS,0,4,4,0.0
tNMb,6,5,11,0.55
tNMh,1,1,2,0.5
tNMj,0,2,2,0.0
tNMl,4,3,7,0.57
tNMm,2,3,5,0.4
tNMn,7,4,11,0.64
tNMs,4,2,6,0.67
tNNB,2,7,9,0.22
tNND,0,1,1,0.0
tNNK,1,0,1,1.0
tNNL,0,1,1,0.0
tNNM,1,8,9,0.11
tNNN,2,3,5,0.4
tNNP,11,9,20,0.55
tNNS,5,5,10,0.5
tNNb,4,2,6,0.67
tNNh,2,4,6,0.33
tNNl,1,3,4,0.25
tNNm,9,2,11,0.82
tNNn,6,6,12,0.5
tNNs,3,2,5,0.6
tNNt,2,1,3,0.67
tNPB,2,1,3,0.67
tNPH,3,0,3,1.0
tNPI,0,1,1,0.0
tNPK,1,0,1,1.0
tNPL,6,5,11,0.55
tNPM,4,9,13,0.31
tNPN,6,4,10,0.6
tNPP,9,13,22,0.41
tNPS,9,4,13,0.69
tNPb,5,8,13,0.38
tNPh,0,1,1,0.0
tNPl,3,4,7,0.43
tNPm,7,8,15,0.47
tNPn,7,4,11,0.64
tNPs,5,1,6,0.83
tNPt,2,0,2,1.0
tNSB,1,3,4,0.25
tNSH,0,1,1,0.0
tNSL,3,3,6,0.5
tNSM,1,5,6,0.17
tNSN,1,1,2,0.5
tNSP,5,4,9,0.56
tNSS,4,1,5,0.8
tNSb,2,3,5,0.4
tNSh,0,3,3,0.0
tNSl,1,2,3,0.33
tNSm,2,1,3,0.67
tNSn,9,8,17,0.53
tNSs,3,4,7,0.43
tNbB,0,3,3,0.0
tNbH,4,0,4,1.0
tNbI,0,1,1,0.0
tNbJ,1,0,1,1.0
tNbK,1,2,3,0.33
tNbL,1,0,1,1.0
tNbM,3,2,5,0.6
tNbN,8,3,11,0.73
tNbP,6,2,8,0.75
tNbS,5,1,6,0.83
tNbb,7,2,9,0.78
tNbl,2,3,5,0.4
tNbm,4,4,8,0.5
tNbn,3,1,4,0.75
tNbs,3,2,5,0.6
tNhB,0,1,1,0.0
tNhH,1,0,1,1.0
tNhL,1,1,2,0.5
tNhN,0,1,1,0.0
tNhP,2,4,6,0.33
tNhS,2,1,3,0.67
tNhb,1,2,3,0.33
tNhh,3,2,5,0.6
tNhm,1,0,1,1.0
tNhn,1,5,6,0.17
tNhs,3,1,4,0.75
tNht,0,1,1,0.0
tNlB,3,2,5,0.6
tNlH,1,1,2,0.5
tNlJ,1,1,2,0.5
tNlL,1,0,1,1.0
tNlM,2,1,3,0.67
tNlN,2,2,4,0.5
tNlP,4,1,5,0.8
tNlS,1,1,2,0.5
tNlb,3,2,5,0.6
tNll,0,1,1,0.0
tNlm,0,1,1,0.0
tNln,1,1,2,0.5
tNls,1,1,2,0.5
tNmB,5,6,11,0.45
tNmH,2,1,3,0.67
tNmI,2,1,3,0.67
tNmJ,2,0,2,1.0
tNmL,0,0,0,
tNmM,1,2,3,0.33
tNmN,3,5,8,0.38
tNmP,4,5,9,0.44
tNmS,2,1,3,0.67
tNmb,3,3,6,0.5
tNml,1,3,4,0.25
tNmm,3,0,3,1.0
tNmn,2,3,5,0.4
tNms,2,1,3,0.67
tNnB,5,3,8,0.62
tNnD,0,0,0,
tNnH,2,3,5,0.4
tNnI,0,1,1,0.0
tNnL,0,2,2,0.0
tNnM,9,12,21,0.43
tNnN,5,6,11,0.45
tNnP,6,3,9,0.67
tNnS,2,4,6,0.33
tNnb,7,8,15,0.47
tNnl,4,4,8,0.5
tNnm,4,6,10,0.4
tNnn,4,8,12,0.33
tNns,7,2,9,0.78
tNsB,3,0,3,1.0
tNsH,2,1,3,0.67
tNsI,0,0,0,
tNsL,1,2,3,0.33
tNsM,2,3,5,0.4
tNsN,2,3,5,0.4
tNsP,3,9,12,0.25
tNsS,5,3,8,0.62
tNsb,2,3,5,0.4
tNsl,0,3,3,0.0
tNsm,3,2,5,0.6
tNsn,2,2,4,0.5
tNss,1,2,3,0.33
tNtD,0,1,1,0.0
tNtL,0,1,1,0.0
tNtM,1,0,1,1.0
tNtP,2,2,4,0.5
tNtS,2,0,2,1.0
tNtb,1,2,3,0.33
tNtm,1,0,1,1.0
tNtn,1,1,2,0.5
tPBB,6,6,12,0.5
tPBD,1,1,2,0.5
tPBK,0,2,2,0.0
tPBL,0,4,4,0.0
tPBM,4,7,11,0.36
tPBN,5,6,11,0.45
tPBP,8,3,11,0.73
tPBS,0,4,4,0.0
tPBb,3,2,5,0.6
tPBh,0,1,1,0.0
tPBj,0,1,1,0.0
tPBl,2,0,2,1.0
tPBm,6,7,13,0.46
tPBn,4,5,9,0.44
tPBs,4,1,5,0.8
tPBt,0,0,0,
tPDL,0,0,0,
tPDS,0,1,1,0.0
tPDb,1,0,1,1.0
tPDl,0,3,3,0.0
tPDs,0,1,1,0.0
tPHB,1,1,2,0.5
tPHL,0,1,1,0.0
tPHM,1,1,2,0.5
tPHN,1,0,1,1.0
tPHP,4,5,9,0.44
tPHS,2,0,2,1.0
tPHb,3,1,4,0.75
tPHh,0,1,1,0.0
tPHl,0,1,1,0.0
tPHm,1,3,4,0.25
tPHn,0,2,2,0.0
tPHs,2,1,3,0.67
tPHt,1,0,1,1.0
tPIB,0,2,2,0.0
tPID,0,1,1,0.0
tPIH,0,1,1,0.0
tPIM,1,0,1,1.0
tPIP,2,1,3,0.67
tPIb,0,2,2,0.0
tPIl,0,0,0,
tPIm,0,1,1,0.0
tPKB,1,0,1,1.0
tPKP,0,0,0,
tPKb,0,0,0,
tPKh,1,0,1,1.0
tPKl,0,1,1,0.0
tPKs,0,1,1,0.0
tPLB,1,1,2,0.5
tPLD,1,0,1,1.0
tPLK,0,1,1,0.0
tPLL,1,2,3,0.33
tPLM,3,5,8,0.38
tPLN,1,2,3,0.33
tPLP,3,5,8,0.38
tPLS,2,4,6,0.33
tPLb,2,1,3,0.67
tPLh,1,1,2,0.5
tPLj,0,1,1,0.0
tPLl,2,3,5,0.4
tPLm,7,2,9,0.78
tPLn,1,2,3,0.33
tPLs,2,2,4,0.5
tPLt,1,0,1,1.0
tPMB,7,8,15,0.47
tPML,2,0,2,1.0
tPMM,8,4,12,0.67
tPMN,5,1,6,0.83
tPMP,4,7,11,0.36
tPMS,3,2,5,0.6
tPMb,7,6,13,0.54
tPMh,2,6,8,0.25
tPMj,3,3,6,0.5
tPMl,5,6,11,0.45
tPMm,5,2,7,0.71
tPMn,7,9,16,0.44
tPMs,1,5,6,0.17
tPNB,2,9,11,0.18
tPND,0,1,1,0.0
tPNH,2,0,2,1.0
tPNL,1,1,2,0.5
tPNM,7,5,12,0.58
tPNN,6,7,13,0.46
tPNP,7,7,14,0.5
tPNS,4,3,7,0.57
tPNb,12,4,16,0.75
tPNh,2,3,5,0.4
tPNl,6,5,11,0.55
tPNm,5,3,8,0.62
tPNn,6,4,10,0.6
tPNs,8,3,11,0.73
tPNt,1,0,1,1.0
tPPB,4,7,11,0.36
tPPD,1,0,1,1.0
tPPH,1,2,3,0.33
tPPI,0,1,1,0.0
tPPK,0,1,1,0.0
tPPL,4,10,14,0.29
tPPM,8,10,18,0.44
tPPN,13,4,17,0.76
tPPP,15,14,29,0.52
tPPS,3,12,15,0.2
tPPb,11,11,22,0.5
tPPh,1,2,3,0.33
tPPl,6,7,13,0.46
tPPm,11,13,24,0.46
tPPn,13,10,23,0.57
tPPs,7,5,12,0.58
tPPt,2,0,2,1.0
tPSB,4,5,9,0.44
tPSD,0,1,1,0.0
tPSH,1,0,1,1.0
tPSL,0,2,2,0.0
tPSM,1,5,6,0.17
tPSN,5,1,6,0.83
tPSP,4,4,8,0.5
tPSS,6,4,10,0.6
tPSb,4,2,6,0.67
tPSh,4,3,7,0.57
tPSl,5,5,10,0.5
tPSm,2,4,6,0.33
tPSn,4,6,10,0.4
tPSs,0,3,3,0.0
tPSt,1,0,1,1.0
tPbB,6,7,13,0.46
tPbD,2,1,3,0.67
tPbH,3,1,4,0.75
tPbI,0,1,1,0.0
tPbJ,2,1,3,0.67
tPbL,1,1,2,0.5
tPbM,4,4,8,0.5
tPbN,9,6,15,0.6
tPbP,8,11,19,0.42
tPbS,5,3,8,0.62
tPbb,7,9,16,0.44
tPbl,1,0,1,1.0
tPbm,3,6,9,0.33
tPbn,4,10,14,0.29
tPbs,2,4,6,0.33
tPhB,0,1,1,0.0
tPhM,2,0,2,1.0
tPhN,1,0,1,1.0
tPhP,0,1,1,0.0
tPhS,1,0,1,1.0
tPhb,1,0,1,1.0
tPhh,1,1,2,0.5
tPhl,2,0,2,1.0
tPhm,1,0,1,1.0
tPhs,0,0,0,
tPlB,4,4,8,0.5
tPlH,3,1,4,0.75
tPlJ,1,1,2,0.5
tPlL,3,2,5,0.6
tPlM,3,0,3,1.0
tPlN,2,3,5,0.4
tPlP,7,7,14,0.5
tPlS,4,1,5,0.8
tPlb,2,5,7,0.29
tPll,1,1,2,0.5
tPlm,2,6,8,0.25
tPln,3,4,7,0.43
tPls,2,1,3,0.67
tPmB,7,6,13,0.54
tPmD,1,0,1,1.0
tPmH,3,2,5,0.6
tPmJ,3,0,3,1.0
tPmL,4,2,6,0.67
tPmM,6,6,12,0.5
tPmN,10,12,22,0.45
tPmP,5,9,14,0.36
tPmS,1,4,5,0.2
tPmb,5,3,8,0.62
tPml,4,0,4,1.0
tPmm,4,4,8,0.5
tPmn,3,4,7,0.43
tPms,3,4,7,0.43
tPnB,7,1,8,0.88
tPnD,0,2,2,0.0
tPnH,1,3,4,0.25
tPnI,1,0,1,1.0
tPnK,1,1,2,0.5
tPnL,2,2,4,0.5
tPnM,4,7,11,0.36
tPnN,9,4,13,0.69
tPnP,15,4,19,0.79
tPnS,2,8,10,0.2
tPnb,5,2,7,0.71
tPnl,2,3,5,0.4
tPnm,7,4,11,0.64
tPnn,5,5,10,0.5
tPns,4,4,8,0.5
tPsB,5,5,10,0.5
tPsH,1,3,4,0.25
tPsI,2,0,2,1.0
tPsK,0,1,1,0.0
tPsL,2,3,5,0.4
tPsM,4,5,9,0.44
tPsN,2,5,7,0.29
tPsP,2,13,15,0.13
tPsS,4,4,8,0.5
tPsb,5,2,7,0.71
tPsl,2,3,5,0.4
tPsm,7,3,10,0.7
tPsn,3,3,6,0.5
tPss,4,1,5,0.8
tPtD,1,0,1,1.0
tPtM,0,1,1,0.0
tPtP,1,1,2,0.5
tPtS,0,1,1,0.0
tPtb,0,1,1,0.0
tPtl,0,2,2,0.0
tPtm,0,1,1,0.0
tPtn,0,2,2,0.0
tPts,1,1,2,0.5
tPtt,1,0,1,1.0
tSBB,1,2,3,0.33
tSBD,0,1,1,0.0
tSBH,1,0,1,1.0
tSBK,0,1,1,0.0
tSBL,2,0,2,1.0
tSBM,1,2,3,0.33
tSBN,1,1,2,0.5
tSBP,5,2,7,0.71
tSBS,1,3,4,0.25
tSBb,4,2,6,0.67
tSBj,1,1,2,0.5
tSBl,0,2,2,0.0
tSBm,3,1,4,0.75
tSBn,2,0,2,1.0
tSBs,2,0,2,1.0
tSBt,1,0,1,1.0
tSDB,0,1,1,0.0
tSDL,0,1,1,0.0
tSDS,0,1,1,0.0
tSDb,1,0,1,1.0
tSDm,1,0,1,1.0
tSDs,1,0,1,1.0
tSHB,1,3,4,0.25
tSHH,1,0,1,1.0
tSHI,1,0,1,1.0
tSHL,1,0,1,1.0
tSHM,4,1,5,0.8
tSHN,1,2,3,0.33
tSHP,3,1,4,0.75
tSHS,1,2,3,0.33
tSHb,0,1,1,0.0
tSHh,1,0,1,1.0
tSHm,1,2,3,0.33
tSHn,0,1,1,0.0
tSHs,0,1,1,0.0
tSIB,1,0,1,1.0
tSKN,0,1,1,0.0
tSKb,1,0,1,1.0
tSLB,0,2,2,0.0
tSLL,2,1,3,0.67
tSLM,1,1,2,0.5
tSLN,3,0,3,1.0
tSLP,0,1,1,0.0
tSLS,0,1,1,0.0
tSLb,1,2,3,0.33
tSLl,0,0,0,
tSLm,2,1,3,0.67
tSLn,0,1,1,0.0
tSLs,1,0,1,1.0
tSLt,0,1,1,0.0
tSMB,1,7,8,0.12
tSMD,0,1,1,0.0
tSML,1,1,2,0.5
tSMM,3,4,7,0.43
tSMN,1,4,5,0.2
tSMP,2,2,4,0.5
tSMS,1,1,2,0.5
tSMb,2,3,5,0.4
tSMh,2,3,5,0.4
tSMj,1,0,1,1.0
tSMl,0,1,1,0.0
tSMm,3,4,7,0.43
tSMn,3,3,6,0.5
tSMs,1,1,2,0.5
tSNB,2,0,2,1.0
tSNH,1,0,1,1.0
tSNL,0,1,1,0.0
tSNM,1,5,6,0.17
tSNN,2,3,5,0.4
tSNP,3,2,5,0.6
tSNS,2,3,5,0.4
tSNb,1,0,1,1.0
tSNh,3,0,3,1.0
tSNl,1,0,1,1.0
tSNm,3,3,6,0.5
tSNn,1,6,7,0.14
tSNs,3,2,5,0.6
tSNt,1,1,2,0.5
tSPB,3,1,4,0.75
tSPD,0,2,2,0.0
tSPH,1,1,2,0.5
tSPK,1,0,1,1.0
tSPL,4,2,6,0.67
tSPM,6,3,9,0.67
tSPN,8,6,14,0.57
tSPP,10,2,12,0.83
tSPS,4,2,6,0.67
tSPb,3,3,6,0.5
tSPl,1,1,2,0.5
tSPm,4,2,6,0.67
tSPn,3,1,4,0.75
tSPs,2,3,5,0.4
tSSB,3,2,5,0.6
tSSH,2,1,3,0.67
tSSI,0,1,1,0.0
tSSK,0,1,1,0.0
tSSL,2,4,6,0.33
tSSM,2,1,3,0.67
tSSN,4,2,6,0.67
tSSP,5,3,8,0.62
tSSS,8,3,11,0.73
tSSb,0,3,3,0.0
tSSh,4,3,7,0.57
tSSl,3,0,3,1.0
tSSm,3,1,4,0.75
tSSn,1,8,9,0.11
tSSs,1,2,3,0.33
tSSt,1,0,1,1.0
tSbB,3,1,4,0.75
tSbH,1,1,2,0.5
tSbI,1,0,1,1.0
tSbJ,0,1,1,0.0
tSbK,0,0,0,
tSbL,0,1,1,0.0
tSbM,0,5,5,0.0
tSbN,3,6,9,0.33
tSbP,2,1,3,0.67
tSbS,0,2,2,0.0
tSbb,5,4,9,0.56
tSbm,1,2,3,0.33
tSbn,2,2,4,0.5
tSbs,3,1,4,0.75
tShB,1,0,1,1.0
tShD,0,1,1,0.0
tShH,1,1,2,0.5
tShL,2,0,2,1.0
tShM,1,0,1,1.0
tShN,1,1,2,0.5
tShP,3,2,5,0.6
tShS,1,1,2,0.5
tShb,2,1,3,0.67
tShh,4,2,6,0.67
tShl,2,0,2,1.0
tShm,2,1,3,0.67
tShn,2,1,3,0.67
tShs,2,4,6,0.33
tSlB,1,0,1,1.0
tSlH,2,0,2,1.0
tSlJ,0,2,2,0.0
tSlM,2,4,6,0.33
tSlN,1,4,5,0.2
tSlP,1,1,2,0.5
tSlS,2,2,4,0.5
tSlb,2,1,3,0.67
tSll,0,0,0,
tSlm,1,2,3,0.33
tSln,2,1,3,0.67
tSls,1,1,2,0.5
tSmB,0,2,2,0.0
tSmD,0,1,1,0.0
tSmH,3,2,5,0.6
tSmI,1,0,1,1.0
tSmJ,1,0,1,1.0
tSmL,2,3,5,0.4
tSmM,2,3,5,0.4
tSmN,5,2,7,0.71
tSmP,5,3,8,0.62
tSmS,4,1,5,0.8
tSmb,4,5,9,0.44
tSml,2,0,2,1.0
tSmm,1,4,5,0.2
tSmn,5,2,7,0.71
tSms,3,1,4,0.75
tSnB,3,2,5,0.6
tSnH,2,1,3,0.67
tSnI,0,1,1,0.0
tSnK,2,0,2,1.0
tSnL,1,2,3,0.33
tSnM,2,2,4,0.5
tSnN,2,7,9,0.22
tSnP,6,2,8,0.75
tSnS,4,4,8,0.5
tSnb,6,3,9,0.67
tSnh,0,0,0,
tSnl,5,1,6,0.83
tSnm,3,3,6,0.5
tSnn,3,4,7,0.43
tSns,4,5,9,0.44
tSsB,2,0,2,1.0
tSsH,3,1,4,0.75
tSsL,1,1,2,0.5
tSsM,5,2,7,0.71
tSsN,3,6,9,0.33
tSsP,5,1,6,0.83
tSsS,2,5,7,0.29
tSsb,3,4,7,0.43
tSsl,2,1,3,0.67
tSsm,0,3,3,0.0
tSsn,1,1,2,0.5
tSss,4,3,7,0.57
tStH,4,0,4,1.0
tStP,1,3,4,0.25
tStS,1,0,1,1.0
tStb,0,2,2,0.0
tStl,1,0,1,1.0
tStn,1,1,2,0.5
tStt,0,1,1,0.0
tbBB,3,3,6,0.5
tbBL,0,5,5,0.0
tbBM,2,4,6,0.33
tbBN,5,6,11,0.45
tbBP,4,7,11,0.36
tbBS,2,1,3,0.67
tbBb,2,4,6,0.33
tbBh,0,2,2,0.0
tbBj,1,1,2,0.5
tbBl,2,0,2,1.0
tbBm,5,1,6,0.83
tbBn,5,0,5,1.0
tbBs,3,1,4,0.75
tbBt,1,1,2,0.5
tbDM,2,0,2,1.0
tbDP,1,1,2,0.5
tbDb,0,1,1,0.0
tbDl,1,0,1,1.0
tbDs,1,0,1,1.0
tbHB,0,1,1,0.0
tbHD,1,0,1,1.0
tbHL,2,0,2,1.0
tbHM,1,1,2,0.5
tbHP,0,1,1,0.0
tbHS,1,0,1,1.0
tbHb,1,2,3,0.33
tbHh,0,1,1,0.0
tbHl,1,0,1,1.0
tbHn,1,0,1,1.0
tbHs,2,1,3,0.67
tbIM,0,1,1,0.0
tbIP,1,1,2,0.5
tbIS,0,1,1,0.0
tbIn,0,1,1,0.0
tbJB,0,1,1,0.0
tbJD,1,1,2,0.5
tbJL,0,1,1,0.0
tbJM,1,1,2,0.5
tbJN,0,3,3,0.0
tbJP,1,2,3,0.33
tbJS,0,1,1,0.0
tbJb,0,2,2,0.0
tbJh,0,2,2,0.0
tbJl,1,0,1,1.0
tbJm,2,0,2,1.0
tbJn,0,0,0,
tbJs,1,3,4,0.25
tbKB,0,1,1,0.0
tbKP,3,0,3,1.0
tbKb,1,0,1,1.0
tbKh,0,1,1,0.0
tbKn,1,0,1,1.0
tbLB,1,1,2,0.5
tbLK,0,0,0,
tbLL,1,0,1,1.0
tbLM,4,1,5,0.8
tbLN,0,3,3,0.0
tbLP,3,1,4,0.75
tbLS,2,0,2,1.0
tbLb,2,4,6,0.33
tbLh,1,0,1,1.0
tbLj,1,0,1,1.0
tbLl,1,2,3,0.33
tbLm,0,2,2,0.0
tbLn,4,1,5,0.8
tbLs,1,0,1,1.0
tbMB,0,0,0,
tbML,2,1,3,0.67
tbMM,4,1,5,0.8
tbMN,3,5,8,0.38
tbMP,2,4,6,0.33
tbMS,3,5,8,0.38
tbMb,4,1,5,0.8
tbMh,2,4,6,0.33
tbMj,1,1,2,0.5
tbMl,3,2,5,0.6
tbMm,2,6,8,0.25
tbMn,5,5,10,0.5
tbMs,0,2,2,0.0
tbNB,8,2,10,0.8
tbNH,1,1,2,0.5
tbNK,2,0,2,1.0
tbNL,0,1,1,0.0
tbNM,5,6,11,0.45
tbNN,5,4,9,0.56
tbNP,7,10,17,0.41
tbNS,4,2,6,0.67
tbNb,3,4,7,0.43
tbNh,2,2,4,0.5
tbNl,4,2,6,0.67
tbNm,6,1,7,0.86
tbNn,14,5,19,0.74
tbNs,0,6,6,0.0
tbNt,1,1,2,0.5
tbPB,5,2,7,0.71
tbPH,1,2,3,0.33
tbPL,0,4,4,0.0
tbPM,1,4,5,0.2
tbPN,6,6,12,0.5
tbPP,4,9,13,0.31
tbPS,1,4,5,0.2
tbPb,5,4,9,0.56
tbPh,0,1,1,0.0
tbPl,0,2,2,0.0
tbPm,6,5,11,0.55
tbPn,1,7,8,0.12
tbPs,5,3,8,0.62
tbPt,1,0,1,1.0
tbSB,1,3,4,0.25
tbSH,0,1,1,0.0
tbSM,2,4,6,0.33
tbSN,3,1,4,0.75
tbSP,2,1,3,0.67
tbSS,1,1,2,0.5
tbSb,1,0,1,1.0
tbSh,1,2,3,0.33
tbSl,0,1,1,0.0
tbSm,0,1,1,0.0
tbSn,2,0,2,1.0
tbSs,1,1,2,0.5
tbSt,0,2,2,0.0
tbbB,4,3,7,0.57
tbbD,1,0,1,1.0
tbbH,1,0,1,1.0
tbbI,0,2,2,0.0
tbbJ,1,1,2,0.5
tbbL,1,3,4,0.25
tbbM,7,4,11,0.64
tbbN,5,5,10,0.5
tbbP,4,4,8,0.5
tbbS,0,4,4,0.0
tbbb,6,6,12,0.5
tbbl,2,2,4,0.5
tbbm,4,1,5,0.8
tbbn,7,3,10,0.7
tbbs,2,3,5,0.4
tblB,2,2,4,0.5
tblH,1,2,3,0.33
tblI,1,0,1,1.0
tblJ,0,1,1,0.0
tblL,2,0,2,1.0
tblM,6,1,7,0.86
tblN,5,3,8,0.62
tblP,2,3,5,0.4
tblS,1,1,2,0.5
tblb,1,3,4,0.25
tbll,1,1,2,0.5
tblm,3,1,4,0.75
tbln,1,2,3,0.33
tbls,1,3,4,0.25
tbmB,2,1,3,0.67
tbmH,2,3,5,0.4
tbmI,0,1,1,0.0
tbmJ,1,1,2,0.5
tbmL,0,0,0,
tbmM,7,2,9,0.78
tbmN,4,3,7,0.57
tbmP,3,5,8,0.38
tbmS,1,4,5,0.2
tbmb,3,3,6,0.5
tbml,3,2,5,0.6
tbmm,4,0,4,1.0
tbmn,3,0,3,1.0
tbms,1,2,3,0.33
tbnB,2,3,5,0.4
tbnH,4,2,6,0.67
tbnL,1,3,4,0.25
tbnM,4,7,11,0.36
tbnN,2,5,7,0.29
tbnP,8,8,16,0.5
tbnS,3,1,4,0.75
tbnb,4,4,8,0.5
tbnl,2,2,4,0.5
tbnm,7,5,12,0.58
tbnn,5,6,11,0.45
tbns,1,4,5,0.2
tbsB,2,3,5,0.4
tbsH,1,0,1,1.0
tbsI,2,0,2,1.0
tbsL,2,0,2,1.0
tbsM,0,1,1,0.0
tbsN,1,0,1,1.0
tbsP,4,3,7,0.57
tbsS,0,3,3,0.0
tbsb,3,3,6,0.5
tbsh,0,1,1,0.0
tbsl,1,4,5,0.2
tbsm,1,1,2,0.5
tbsn,3,3,6,0.5
tbss,1,1,2,0.5
thBP,0,1,1,0.0
thLM,0,1,1,0.0
thLj,0,1,1,0.0
thMh,1,0,1,1.0
thPP,0,0,0,
thPS,2,0,2,1.0
thPm,0,1,1,0.0
thPn,1,0,1,1.0
thSn,0,1,1,0.0
thbH,1,0,1,1.0
thbM,1,0,1,1.0
thbm,0,1,1,0.0
thhS,0,0,0,
thhn,0,1,1,0.0
thlN,1,0,1,1.0
thmM,1,0,1,1.0
thmS,0,0,0,
thnS,0,2,2,0.0
thnb,1,0,1,1.0
thsH,1,0,1,1.0
thsS,0,1,1,0.0
tlBB,1,0,1,1.0
tlBD,1,0,1,1.0
tlBL,0,0,0,
tlBM,2,0,2,1.0
tlBN,0,1,1,0.0
tlBP,2,2,4,0.5
tlBS,1,0,1,1.0
tlBb,1,1,2,0.5
tlBh,1,0,1,1.0
tlBj,0,1,1,0.0
tlBl,1,1,2,0.5
tlBm,2,1,3,0.67
tlBn,2,2,4,0.5
tlBt,0,1,1,0.0
tlDN,0,0,0,
tlDP,1,0,1,1.0
tlHB,1,0,1,1.0
tlHL,2,0,2,1.0
tlHM,2,0,2,1.0
tlHN,1,0,1,1.0
tlHP,1,2,3,0.33
tlHS,1,0,1,1.0
tlHb,2,1,3,0.67
tlHh,3,0,3,1.0
tlHl,0,1,1,0.0
tlHm,2,0,2,1.0
tlHn,3,2,5,0.6
tlIH,1,0,1,1.0
tlIN,0,1,1,0.0
tlIP,0,1,1,0.0
tlIb,1,0,1,1.0
tlIn,0,0,0,
tlJB,1,0,1,1.0
tlJD,0,0,0,
tlJM,1,0,1,1.0
tlJN,1,0,1,1.0
tlJP,0,2,2,0.0
tlJb,2,0,2,1.0
tlJn,0,1,1,0.0
tlJs,0,3,3,0.0
tlKM,0,1,1,0.0
tlKN,1,0,1,1.0
tlKh,0,1,1,0.0
tlLB,0,1,1,0.0
tlLL,2,1,3,0.67
tlLM,1,0,1,1.0
tlLN,0,0,0,
tlLS,2,3,5,0.4
tlLb,1,1,2,0.5
tlLh,0,1,1,0.0
tlLl,1,1,2,0.5
tlLn,0,2,2,0.0
tlLs,2,1,3,0.67
tlLt,1,1,2,0.5
tlMB,3,0,3,1.0
tlMD,1,0,1,1.0
tlML,1,0,1,1.0
tlMN,0,1,1,0.0
tlMP,1,2,3,0.33
tlMS,2,1,3,0.67
tlMb,2,1,3,0.67
tlMh,1,0,1,1.0
tlMj,0,1,1,0.0
tlMl,1,1,2,0.5
tlMm,3,0,3,1.0
tlMn,3,2,5,0.6
tlMs,0,0,0,
tlMt,2,0,2,1.0
tlNB,1,2,3,0.33
tlNH,0,1,1,0.0
tlNL,0,1,1,0.0
tlNM,2,1,3,0.67
tlNN,2,2,4,0.5
tlNP,3,4,7,0.43
tlNS,1,4,5,0.2
tlNb,1,1,2,0.5
tlNh,0,1,1,0.0
tlNl,0,2,2,0.0
tlNm,3,1,4,0.75
tlNn,3,2,5,0.6
tlNs,0,1,1,0.0
tlNt,0,0,0,
tlPB,1,2,3,0.33
tlPH,1,0,1,1.0
tlPI,1,0,1,1.0
tlPK,0,1,1,0.0
tlPL,2,3,5,0.4
tlPM,0,7,7,0.0
tlPN,1,4,5,0.2
tlPP,2,1,3,0.67
tlPS,1,0,1,1.0
tlPb,2,3,5,0.4
tlPl,1,2,3,0.33
tlPm,2,1,3,0.67
tlPn,6,4,10,0.6
tlPs,1,3,4,0.25
tlPt,1,0,1,1.0
tlSB,1,2,3,0.33
tlSL,0,1,1,0.0
tlSM,1,2,3,0.33
tlSN,2,0,2,1.0
tlSP,1,2,3,0.33
tlSb,2,1,3,0.67
tlSh,0,2,2,0.0
tlSl,2,1,3,0.67
tlSm,0,1,1,0.0
tlSn,1,1,2,0.5
tlSs,1,1,2,0.5
tlbB,1,2,3,0.33
tlbI,1,0,1,1.0
tlbJ,1,0,1,1.0
tlbL,1,0,1,1.0
tlbM,2,0,2,1.0
tlbN,3,2,5,0.6
tlbP,5,2,7,0.71
tlbS,1,1,2,0.5
tlbb,1,2,3,0.33
tlbl,2,0,2,1.0
tlbm,3,2,5,0.6
tlbn,2,2,4,0.5
tlbs,1,1,2,0.5
tllB,2,2,4,0.5
tllH,0,0,0,
tllI,0,0,0,
tllM,1,1,2,0.5
tllN,3,4,7,0.43
tllP,2,2,4,0.5
tllS,2,3,5,0.4
tllb,1,1,2,0.5
tlll,2,1,3,0.67
tllm,1,0,1,1.0
tlln,1,1,2,0.5
tlmB,1,1,2,0.5
tlmH,1,2,3,0.33
tlmJ,0,1,1,0.0
tlmL,0,0,0,
tlmM,2,3,5,0.4
tlmN,3,0,3,1.0
tlmP,2,0,2,1.0
tlmS,1,2,3,0.33
tlmb,1,0,1,1.0
tlml,0,1,1,0.0
tlmm,1,1,2,0.5
tlmn,4,0,4,1.0
tlnB,4,1,5,0.8
tlnH,0,2,2,0.0
tlnM,0,1,1,0.0
tlnN,1,1,2,0.5
tlnP,5,2,7,0.71
tlnS,1,2,3,0.33
tlnb,2,0,2,1.0
tlnl,1,0,1,1.0
tlnm,2,2,4,0.5
tlnn,3,0,3,1.0
tlns,1,0,1,1.0
tlsB,3,1,4,0.75
tlsL,1,1,2,0.5
tlsN,0,1,1,0.0
tlsP,2,1,3,0.67
tlsS,1,0,1,1.0
tlsb,0,1,1,0.0
tlsl,0,1,1,0.0
tlsm,0,1,1,0.0
tmBB,1,0,1,1.0
tmBD,0,0,0,
tmBL,0,0,0,
tmBM,1,4,5,0.2
tmBN,2,2,4,0.5
tmBP,4,0,4,1.0
tmBS,4,3,7,0.57
tmBb,1,2,3,0.33
tmBh,1,1,2,0.5
tmBj,1,2,3,0.33
tmBm,1,3,4,0.25
tmBn,6,1,7,0.86
tmBs,0,1,1,0.0
tmDD,0,1,1,0.0
tmDH,1,0,1,1.0
tmDM,1,0,1,1.0
tmDP,1,0,1,1.0
tmDS,1,1,2,0.5
tmDb,1,2,3,0.33
tmDl,0,1,1,0.0
tmDm,3,1,4,0.75
tmDn,1,1,2,0.5
tmDs,0,2,2,0.0
tmHB,1,1,2,0.5
tmHI,1,1,2,0.5
tmHL,0,1,1,0.0
tmHM,0,3,3,0.0
tmHN,3,3,6,0.5
tmHP,4,5,9,0.44
tmHS,2,1,3,0.67
tmHb,2,1,3,0.67
tmHh,1,1,2,0.5
tmHm,1,0,1,1.0
tmHn,1,6,7,0.14
tmHs,4,0,4,1.0
tmHt,0,0,0,
tmIB,1,0,1,1.0
tmIb,1,1,2,0.5
tmIl,0,1,1,0.0
tmJH,1,0,1,1.0
tmJL,1,0,1,1.0
tmJM,1,0,1,1.0
tmJP,0,1,1,0.0
tmJS,1,0,1,1.0
tmJb,0,1,1,0.0
tmJl,0,1,1,0.0
tmJn,1,1,2,0.5
tmJs,2,0,2,1.0
tmLL,2,0,2,1.0
tmLM,2,0,2,1.0
tmLN,1,1,2,0.5
tmLP,4,0,4,1.0
tmLb,3,2,5,0.6
tmLh,1,1,2,0.5
tmLj,0,1,1,0.0
tmLm,1,0,1,1.0
tmLn,2,2,4,0.5
tmLs,2,0,2,1.0
tmMB,4,3,7,0.57
tmMK,0,0,0,
tmML,2,0,2,1.0
tmMM,4,3,7,0.57
tmMN,3,3,6,0.5
tmMP,5,4,9,0.56
tmMS,2,1,3,0.67
tmMb,7,5,12,0.58
tmMh,3,4,7,0.43
tmMj,2,4,6,0.33
tmMl,3,1,4,0.75
tmMm,3,2,5,0.6
tmMn,3,3,6,0.5
tmMs,1,2,3,0.33
tmMt,2,1,3,0.67
tmNB,3,2,5,0.6
tmNH,1,1,2,0.5
tmNL,4,2,6,0.67
tmNM,7,4,11,0.64
tmNN,3,10,13,0.23
tmNP,3,2,5,0.6
tmNS,4,1,5,0.8
tmNb,4,3,7,0.57
tmNh,1,1,2,0.5
tmNl,0,1,1,0.0
tmNm,4,6,10,0.4
tmNn,3,4,7,0.43
tmNs,1,2,3,0.33
tmNt,3,0,3,1.0
tmPB,4,3,7,0.57
tmPD,0,1,1,0.0
tmPI,0,1,1,0.0
tmPL,2,3,5,0.4
tmPM,4,3,7,0.57
tmPN,4,4,8,0.5
tmPP,8,4,12,0.67
tmPS,2,1,3,0.67
tmPb,7,4,11,0.64
tmPh,1,0,1,1.0
tmPl,0,4,4,0.0
tmPm,2,3,5,0.4
tmPn,4,3,7,0.57
tmPs,4,1,5,0.8
tmPt,0,1,1,0.0
tmSB,0,0,0,
tmSL,1,1,2,0.5
tmSM,3,1,4,0.75
tmSN,0,1,1,0.0
tmSP,5,3,8,0.62
tmSS,3,2,5,0.6
tmSb,2,2,4,0.5
tmSh,0,2,2,0.0
tmSl,3,2,5,0.6
tmSm,1,0,1,1.0
tmSn,0,2,2,0.0
tmSs,4,5,9,0.44
tmSt,0,0,0,
tmbB,3,3,6,0.5
tmbJ,1,1,2,0.5
tmbK,1,0,1,1.0
tmbL,1,2,3,0.33
tmbM,3,2,5,0.6
tmbN,2,2,4,0.5
tmbP,3,7,10,0.3
tmbS,1,2,3,0.33
tmbb,4,1,5,0.8
tmbl,3,3,6,0.5
tmbm,1,5,6,0.17
tmbn,1,2,3,0.33
tmbs,2,2,4,0.5
tmlH,2,0,2,1.0
tmlJ,0,1,1,0.0
tmlL,2,0,2,1.0
tmlM,4,5,9,0.44
tmlN,1,3,4,0.25
tmlP,4,0,4,1.0
tmlS,0,1,1,0.0
tmlb,2,1,3,0.67
tmll,2,1,3,0.67
tmln,1,0,1,1.0
tmls,2,0,2,1.0
tmmB,3,1,4,0.75
tmmH,0,1,1,0.0
tmmL,4,1,5,0.8
tmmM,3,0,3,1.0
tmmN,2,5,7,0.29
tmmP,1,6,7,0.14
tmmS,1,0,1,1.0
tmmb,1,4,5,0.2
tmml,0,1,1,0.0
tmmm,1,3,4,0.25
tmmn,6,2,8,0.75
tmms,0,0,0,
tmnB,1,1,2,0.5
tmnH,1,1,2,0.5
tmnK,1,0,1,1.0
tmnL,3,1,4,0.75
tmnM,3,0,3,1.0
tmnN,1,1,2,0.5
tmnP,3,4,7,0.43
tmnS,1,3,4,0.25
tmnb,2,3,5,0.4
tmnl,0,1,1,0.0
tmnm,0,3,3,0.0
tmnn,1,2,3,0.33
tmns,1,0,1,1.0
tmsB,1,0,1,1.0
tmsD,0,1,1,0.0
tmsH,1,1,2,0.5
tmsN,0,2,2,0.0
tmsP,4,1,5,0.8
tmsb,2,2,4,0.5
tmsm,2,0,2,1.0
tmsn,1,0,1,1.0
tmss,2,0,2,1.0
tnBB,4,1,5,0.8
tnBL,0,1,1,0.0
tnBM,2,5,7,0.29
tnBN,4,2,6,0.67
tnBP,3,3,6,0.5
tnBS,1,4,5,0.2
tnBb,4,4,8,0.5
tnBh,0,1,1,0.0
tnBj,0,4,4,0.0
tnBl,3,0,3,1.0
tnBm,0,1,1,0.0
tnBn,4,2,6,0.67
tnBs,1,2,3,0.33
tnDB,0,1,1,0.0
tnDH,0,1,1,0.0
tnDL,0,1,1,0.0
tnDM,0,1,1,0.0
tnDP,0,1,1,0.0
tnDS,2,0,2,1.0
tnDb,0,2,2,0.0
tnDl,1,0,1,1.0
tnDt,0,0,0,
tnHB,0,1,1,0.0
tnHH,1,1,2,0.5
tnHL,1,1,2,0.5
tnHM,5,2,7,0.71
tnHN,5,5,10,0.5
tnHP,1,3,4,0.25
tnHS,1,3,4,0.25
tnHb,5,1,6,0.83
tnHh,1,2,3,0.33
tnHl,1,4,5,0.2
tnHm,3,1,4,0.75
tnHn,5,0,5,1.0
tnHs,2,3,5,0.4
tnIB,0,1,1,0.0
tnIH,0,1,1,0.0
tnIL,1,0,1,1.0
tnIP,1,2,3,0.33
tnIS,0,1,1,0.0
tnIb,1,0,1,1.0
tnIn,0,0,0,
tnKB,0,0,0,
tnKP,0,2,2,0.0
tnKS,0,1,1,0.0
tnKh,1,0,1,1.0
tnKl,1,0,1,1.0
tnLB,1,0,1,1.0
tnLL,1,0,1,1.0
tnLN,0,1,1,0.0
tnLP,2,3,5,0.4
tnLS,1,0,1,1.0
tnLb,1,1,2,0.5
tnLh,1,0,1,1.0
tnLj,4,0,4,1.0
tnLl,0,1,1,0.0
tnLm,4,1,5,0.8
tnLn,1,2,3,0.33
tnLs,1,2,3,0.33
tnLt,0,1,1,0.0
tnMB,3,5,8,0.38
tnMK,0,1,1,0.0
tnML,0,0,0,
tnMM,6,5,11,0.55
tnMN,4,4,8,0.5
tnMP,2,5,7,0.29
tnMS,1,2,3,0.33
tnMb,8,3,11,0.73
tnMh,2,2,4,0.5
tnMl,2,1,3,0.67
tnMm,0,4,4,0.0
tnMn,3,5,8,0.38
tnMs,0,1,1,0.0
tnMt,1,1,2,0.5
tnNB,3,6,9,0.33
tnND,1,0,1,1.0
tnNH,2,1,3,0.67
tnNI,1,0,1,1.0
tnNK,0,0,0,
tnNL,3,3,6,0.5
tnNM,2,6,8,0.25
tnNN,8,3,11,0.73
tnNP,15,4,19,0.79
tnNS,3,5,8,0.38
tnNb,6,4,10,0.6
tnNh,1,5,6,0.17
tnNl,3,2,5,0.6
tnNm,5,3,8,0.62
tnNn,5,7,12,0.42
tnNs,2,2,4,0.5
tnNt,2,0,2,1.0
tnPB,8,4,12,0.67
tnPD,0,2,2,0.0
tnPI,0,0,0,
tnPK,2,1,3,0.67
tnPL,2,1,3,0.67
tnPM,6,9,15,0.4
tnPN,7,3,10,0.7
tnPP,9,10,19,0.47
tnPS,3,6,9,0.33
tnPb,7,3,10,0.7
tnPh,1,1,2,0.5
tnPl,3,0,3,1.0
tnPm,5,8,13,0.38
tnPn,7,5,12,0.58
tnPs,5,4,9,0.56
tnPt,1,1,2,0.5
tnSB,1,3,4,0.25
tnSD,0,1,1,0.0
tnSH,0,0,0,
tnSL,2,1,3,0.67
tnSM,2,3,5,0.4
tnSN,6,4,10,0.6
tnSP,3,5,8,0.38
tnSS,4,0,4,1.0
tnSb,1,2,3,0.33
tnSh,1,3,4,0.25
tnSl,2,2,4,0.5
tnSm,4,4,8,0.5
tnSn,5,5,10,0.5
tnSs,2,1,3,0.67
tnSt,3,1,4,0.75
tnbB,7,3,10,0.7
tnbD,0,1,1,0.0
tnbH,1,0,1,1.0
tnbI,0,1,1,0.0
tnbJ,2,1,3,0.67
tnbK,2,0,2,1.0
tnbL,1,1,2,0.5
tnbM,5,6,11,0.45
tnbN,2,6,8,0.25
tnbP,3,6,9,0.33
tnbS,2,3,5,0.4
tnbb,7,6,13,0.54
tnbl,2,0,2,1.0
tnbm,3,3,6,0.5
tnbn,1,3,4,0.25
tnbs,1,3,4,0.25
tnhB,1,0,1,1.0
tnhI,0,1,1,0.0
tnhN,1,0,1,1.0
tnhb,0,0,0,
tnhl,0,1,1,0.0
tnhs,1,0,1,1.0
tnlB,3,1,4,0.75
tnlH,0,2,2,0.0
tnlI,2,0,2,1.0
tnlL,0,1,1,0.0
tnlM,1,1,2,0.5
tnlN,1,4,5,0.2
tnlP,1,1,2,0.5
tnlS,0,1,1,0.0
tnlb,1,3,4,0.25
tnll,1,1,2,0.5
tnlm,1,2,3,0.33
tnln,1,0,1,1.0
tnls,2,3,5,0.4
tnmB,1,2,3,0.33
tnmD,1,0,1,1.0
tnmH,2,4,6,0.33
tnmJ,3,0,3,1.0
tnmL,1,0,1,1.0
tnmM,2,1,3,0.67
tnmN,3,8,11,0.27
tnmP,4,5,9,0.44
tnmS,0,4,4,0.0
tnmb,5,1,6,0.83
tnml,1,0,1,1.0
tnmm,1,2,3,0.33
tnmn,2,5,7,0.29
tnms,0,2,2,0.0
tnnB,3,1,4,0.75
tnnD,1,3,4,0.25
tnnH,1,1,2,0.5
tnnI,0,2,2,0.0
tnnL,0,2,2,0.0
tnnM,3,1,4,0.75
tnnN,7,2,9,0.78
tnnP,7,8,15,0.47
tnnS,4,4,8,0.5
tnnb,5,5,10,0.5
tnnl,2,0,2,1.0
tnnm,4,3,7,0.57
tnnn,7,3,10,0.7
tnns,3,2,5,0.6
tnsB,4,2,6,0.67
tnsH,2,2,4,0.5
tnsM,3,3,6,0.5
tnsN,2,1,3,0.67
tnsP,4,10,14,0.29
tnsS,1,4,5,0.2
tnsb,1,2,3,0.33
tnsl,0,2,2,0.0
tnsm,0,1,1,0.0
tnsn,2,1,3,0.67
tnss,1,4,5,0.2
tntL,1,0,1,1.0
tntN,1,0,1,1.0
tsBB,1,0,1,1.0
tsBD,1,0,1,1.0
tsBL,1,0,1,1.0
tsBM,2,0,2,1.0
tsBN,0,1,1,0.0
tsBP,2,3,5,0.4
tsBS,0,1,1,0.0
tsBb,0,1,1,0.0
tsBh,0,1,1,0.0
tsBj,1,0,1,1.0
tsBl,3,1,4,0.75
tsBn,1,1,2,0.5
tsBs,3,1,4,0.75
tsDB,1,0,1,1.0
tsDH,0,1,1,0.0
tsDS,0,1,1,0.0
tsDb,0,0,0,
tsDl,0,1,1,0.0
tsDs,0,2,2,0.0
tsHB,3,5,8,0.38
tsHH,0,0,0,
tsHM,2,6,8,0.25
tsHN,1,1,2,0.5
tsHP,6,2,8,0.75
tsHS,3,2,5,0.6
tsHb,0,1,1,0.0
tsHh,2,1,3,0.67
tsHl,1,2,3,0.33
tsHm,0,2,2,0.0
tsHn,2,0,2,1.0
tsHs,2,1,3,0.67
tsIH,0,0,0,
tsIM,0,2,2,0.0
tsIP,0,1,1,0.0
tsIs,0,1,1,0.0
tsLN,0,1,1,0.0
tsLP,1,0,1,1.0
tsLS,0,1,1,0.0
tsLb,2,0,2,1.0
tsLh,1,0,1,1.0
tsLl,1,0,1,1.0
tsLm,1,0,1,1.0
tsLn,0,0,0,
tsLs,0,0,0,
tsMB,0,3,3,0.0
tsML,3,1,4,0.75
tsMM,4,1,5,0.8
tsMN,3,1,4,0.75
tsMP,1,4,5,0.2
tsMS,3,1,4,0.75
tsMb,4,1,5,0.8
tsMh,6,2,8,0.75
tsMj,0,1,1,0.0
tsMl,1,1,2,0.5
tsMm,2,0,2,1.0
tsMn,1,2,3,0.33
tsMs,0,4,4,0.0
tsNB,1,0,1,1.0
tsNH,1,1,2,0.5
tsNK,1,0,1,1.0
tsNM,3,3,6,0.5
tsNN,0,4,4,0.0
tsNP,4,3,7,0.57
tsNS,2,2,4,0.5
tsNb,0,1,1,0.0
tsNh,0,1,1,0.0
tsNl,2,4,6,0.33
tsNm,3,0,3,1.0
tsNn,3,4,7,0.43
tsNs,5,0,5,1.0
tsNt,1,0,1,1.0
tsPB,1,2,3,0.33
tsPH,1,0,1,1.0
tsPK,0,3,3,0.0
tsPL,0,3,3,0.0
tsPM,2,4,6,0.33
tsPN,6,3,9,0.67
tsPP,6,7,13,0.46
tsPS,1,3,4,0.25
tsPb,3,2,5,0.6
tsPl,3,2,5,0.6
tsPm,4,4,8,0.5
tsPn,3,3,6,0.5
tsPs,2,1,3,0.67
tsPt,2,1,3,0.67
tsSB,2,1,3,0.67
tsSL,0,1,1,0.0
tsSM,1,5,6,0.17
tsSN,0,4,4,0.0
tsSP,3,0,3,1.0
tsSS,3,1,4,0.75
tsSb,4,5,9,0.44
tsSh,1,2,3,0.33
tsSl,1,2,3,0.33
tsSm,1,4,5,0.2
tsSn,1,3,4,0.25
tsSs,5,2,7,0.71
tsSt,0,0,0,
tsbB,2,2,4,0.5
tsbH,0,1,1,0.0
tsbJ,1,0,1,1.0
tsbK,1,0,1,1.0
tsbL,1,0,1,1.0
tsbM,0,2,2,0.0
tsbN,1,2,3,0.33
tsbP,2,3,5,0.4
tsbb,3,0,3,1.0
tsbl,1,2,3,0.33
tsbm,3,0,3,1.0
tsbn,2,2,4,0.5
tsbs,1,2,3,0.33
tslB,0,1,1,0.0
tslH,2,0,2,1.0
tslL,0,0,0,
tslM,0,1,1,0.0
tslN,1,1,2,0.5
tslP,1,3,4,0.25
tslS,1,1,2,0.5
tslb,0,1,1,0.0
tsll,0,1,1,0.0
tsln,1,0,1,1.0
tsls,0,0,0,
tsmB,2,1,3,0.67
tsmD,1,0,1,1.0
tsmH,1,3,4,0.25
tsmL,1,1,2,0.5
tsmM,1,4,5,0.2
tsmN,1,0,1,1.0
tsmP,4,5,9,0.44
tsmS,2,5,7,0.29
tsmb,1,2,3,0.33
tsml,1,0,1,1.0
tsmm,2,4,6,0.33
tsmn,2,1,3,0.67
tsms,4,1,5,0.8
tsnB,1,1,2,0.5
tsnH,1,2,3,0.33
tsnI,0,2,2,0.0
tsnL,0,1,1,0.0
tsnM,0,1,1,0.0
tsnN,4,0,4,1.0
tsnP,1,1,2,0.5
tsnS,5,2,7,0.71
tsnb,3,1,4,0.75
tsnl,0,0,0,
tsnm,2,0,2,1.0
tsnn,3,2,5,0.6
tsns,1,2,3,0.33
tssB,0,2,2,0.0
tssD,0,1,1,0.0
tssH,3,1,4,0.75
tssL,2,0,2,1.0
tssM,1,3,4,0.25
tssN,4,1,5,0.8
tssP,0,2,2,0.0
tssS,7,2,9,0.78
tssb,1,1,2,0.5
tssh,0,0,0,
tssl,2,0,2,1.0
tssm,3,2,5,0.6
tssn,1,1,2,0.5
tsss,1,5,6,0.17
ttBL,0,1,1,0.0
ttBM,0,1,1,0.0
ttBS,1,0,1,1.0
ttBb,1,0,1,1.0
ttBt,0,1,1,0.0
ttDD,1,0,1,1.0
ttDl,1,0,1,1.0
ttDm,0,0,0,
ttHB,0,2,2,0.0
ttHD,1,1,2,0.5
ttHH,0,0,0,
ttHL,1,0,1,1.0
ttHP,1,0,1,1.0
ttHS,0,0,0,
ttHh,0,0,0,
ttHm,2,0,2,1.0
ttHn,0,1,1,0.0
ttLB,1,1,2,0.5
ttLP,0,1,1,0.0
ttLS,0,1,1,0.0
ttLb,1,1,2,0.5
ttLh,1,0,1,1.0
ttLm,0,2,2,0.0
ttLn,1,0,1,1.0
ttLt,0,0,0,
ttMB,1,0,1,1.0
ttML,1,0,1,1.0
ttMM,0,1,1,0.0
ttMN,0,1,1,0.0
ttMP,2,2,4,0.5
ttMS,1,1,2,0.5
ttMb,1,0,1,1.0
ttMh,2,0,2,1.0
ttMj,1,0,1,1.0
ttMm,1,0,1,1.0
ttMn,1,1,2,0.5
ttMs,0,1,1,0.0
ttNH,1,0,1,1.0
ttNK,0,1,1,0.0
ttNL,0,1,1,0.0
ttNM,2,1,3,0.67
ttNN,2,0,2,1.0
ttNP,1,2,3,0.33
ttNS,2,1,3,0.67
ttNb,1,2,3,0.33
ttNh,0,0,0,
ttNl,1,1,2,0.5
ttNm,1,1,2,0.5
ttNn,3,0,3,1.0
ttNs,1,0,1,1.0
ttPH,0,0,0,
ttPI,1,0,1,1.0
ttPM,2,1,3,0.67
ttPN,1,1,2,0.5
ttPP,3,1,4,0.75
ttPS,1,3,4,0.25
ttPb,0,2,2,0.0
ttPm,1,0,1,1.0
ttPn,1,0,1,1.0
ttPs,1,0,1,1.0
ttSB,1,0,1,1.0
ttSH,1,0,1,1.0
ttSL,1,0,1,1.0
ttSM,2,1,3,0.67
ttSP,0,1,1,0.0
ttSS,0,1,1,0.0
ttSh,0,1,1,0.0
ttSl,0,2,2,0.0
ttSm,1,2,3,0.33
ttSn,0,1,1,0.0
ttSs,2,0,2,1.0
ttbB,0,1,1,0.0
ttbD,0,1,1,0.0
ttbI,1,0,1,1.0
ttbM,0,1,1,0.0
ttbN,2,3,5,0.4
ttbS,0,1,1,0.0
ttbb,1,1,2,0.5
ttbl,2,0,2,1.0
ttbm,1,1,2,0.5
ttbn,2,0,2,1.0
ttbs,0,0,0,
tthL,1,0,1,1.0
tthl,1,0,1,1.0
ttlD,0,1,1,0.0
ttlL,1,0,1,1.0
ttlN,1,0,1,1.0
ttlP,1,1,2,0.5
ttlb,0,1,1,0.0
ttll,1,2,3,0.33
ttln,1,0,1,1.0
ttls,0,1,1,0.0
ttmB,1,1,2,0.5
ttmD,0,1,1,0.0
ttmH,2,0,2,1.0
ttmM,0,0,0,
ttmN,1,0,1,1.0
ttmP,0,1,1,0.0
ttmS,0,1,1,0.0
ttmb,3,1,4,0.75
ttmm,1,0,1,1.0
ttms,0,0,0,
ttnB,0,2,2,0.0
ttnD,1,0,1,1.0
ttnH,2,2,4,0.5
ttnI,0,0,0,
ttnM,1,3,4,0.25
ttnN,0,1,1,0.0
ttnP,2,2,4,0.5
ttnb,0,1,1,0.0
ttnl,0,1,1,0.0
ttnm,1,0,1,1.0
ttnn,0,2,2,0.0
ttsB,0,0,0,
ttsH,0,1,1,0.0
ttsL,1,0,1,1.0
ttsM,2,0,2,1.0
ttsm,1,0,1,1.0
ttsn,1,1,2,0.5
ttss,0,1,1,0.0
tttL,0,1,1,0.0
tttS,1,0,1,1.0
