candlestick_code3,label_increase,label_decrease,occurrence,percentage
BBB,586,737,1323,0.44
BBD,76,53,129,0.59
BBH,4,10,14,0.29
BBI,0,1,1,0.0
BBK,45,46,91,0.49
BBL,112,168,280,0.4
BBM,416,574,990,0.42
BBN,559,675,1234,0.45
BBP,604,696,1300,0.46
BBS,221,263,484,0.46
BBb,613,614,1227,0.5
BBh,44,57,101,0.44
BBj,105,160,265,0.4
BBl,172,162,334,0.51
BBm,671,595,1266,0.53
BBn,717,780,1497,0.48
BBs,264,260,524,0.5
BBt,96,94,190,0.51
BDB,47,73,120,0.39
BDD,19,12,31,0.61
BDH,64,65,129,0.5
BDI,12,7,19,0.63
BDK,3,1,4,0.75
BDL,21,30,51,0.41
BDM,67,93,160,0.42
BDN,62,54,116,0.53
BDP,65,70,135,0.48
BDS,72,70,142,0.51
BDb,62,55,117,0.53
BDh,7,3,10,0.7
BDl,19,10,29,0.66
BDm,83,83,166,0.5
BDn,57,62,119,0.48
BDs,57,60,117,0.49
BDt,7,8,15,0.47
BHB,7,5,12,0.58
BHD,3,1,4,0.75
BHH,0,0,0,
BHI,3,0,3,1.0
BHK,1,0,1,1.0
BHL,1,3,4,0.25
BHM,9,9,18,0.5
BHN,8,7,15,0.53
BHP,13,7,20,0.65
BHS,3,7,10,0.3
BHb,5,9,14,0.36
BHh,1,1,2,0.5
BHl,3,2,5,0.6
BHm,8,6,14,0.57
BHn,6,5,11,0.55
BHs,7,5,12,0.58
BIB,2,1,3,0.67
BID,2,0,2,1.0
BIH,1,1,2,0.5
BIM,1,7,8,0.12
BIN,0,3,3,0.0
BIP,0,1,1,0.0
BIS,1,1,2,0.5
BIb,3,3,6,0.5
BIh,0,1,1,0.0
BIl,1,0,1,1.0
BIm,2,0,2,1.0
BIn,0,0,0,
BIs,2,1,3,0.67
BKB,43,63,106,0.41
BKD,9,10,19,0.47
BKH,9,5,14,0.64
BKI,9,13,22,0.41
BKK,2,3,5,0.4
BKL,15,16,31,0.48
BKM,61,78,139,0.44
BKN,42,55,97,0.43
BKP,62,70,132,0.47
BKS,40,53,93,0.43
BKb,38,44,82,0.46
BKh,46,60,106,0.43
BKl,22,11,33,0.67
BKm,80,60,140,0.57
BKn,49,37,86,0.57
BKs,48,51,99,0.48
BKt,15,7,22,0.68
BLB,143,189,332,0.43
BLD,11,13,24,0.46
BLH,1,4,5,0.2
BLK,8,9,17,0.47
BLL,32,46,78,0.41
BLM,110,125,235,0.47
BLN,138,138,276,0.5
BLP,140,161,301,0.47
BLS,78,69,147,0.53
BLb,138,152,290,0.48
BLh,57,57,114,0.5
BLj,28,34,62,0.45
BLl,64,42,106,0.6
BLm,185,169,354,0.52
BLn,177,200,377,0.47
BLs,73,94,167,0.44
BLt,18,19,37,0.49
BMB,478,609,1087,0.44
BMD,48,56,104,0.46
BMH,5,11,16,0.31
BMI,0,1,1,0.0
BMK,6,9,15,0.4
BML,65,114,179,0.36
BMM,410,546,956,0.43
BMN,441,531,972,0.45
BMP,518,546,1064,0.49
BMS,260,288,548,0.47
BMb,541,530,1071,0.51
BMh,301,350,651,0.46
BMj,82,88,170,0.48
BMl,149,172,321,0.46
BMm,722,587,1309,0.55
BMn,640,663,1303,0.49
BMs,294,281,575,0.51
BMt,69,66,135,0.51
BNB,511,570,1081,0.47
BND,64,70,134,0.48
BNH,100,120,220,0.45
BNI,14,17,31,0.45
BNK,48,63,111,0.43
BNL,142,161,303,0.47
BNM,451,628,1079,0.42
BNN,640,695,1335,0.48
BNP,714,787,1501,0.48
BNS,412,446,858,0.48
BNb,446,488,934,0.48
BNh,203,223,426,0.48
BNl,166,172,338,0.49
BNm,736,621,1357,0.54
BNn,767,811,1578,0.49
BNs,462,487,949,0.49
BNt,99,93,192,0.52
BPB,507,587,1094,0.46
BPD,70,61,131,0.53
BPH,160,176,336,0.48
BPI,81,73,154,0.53
BPK,60,49,109,0.55
BPL,180,223,403,0.45
BPM,517,646,1163,0.44
BPN,542,644,1186,0.46
BPP,801,855,1656,0.48
BPS,408,423,831,0.49
BPb,518,506,1024,0.51
BPh,52,80,132,0.39
BPl,228,214,442,0.52
BPm,748,573,1321,0.57
BPn,543,588,1131,0.48
BPs,444,415,859,0.52
BPt,76,72,148,0.51
BSB,237,259,496,0.48
BSD,45,47,92,0.49
BSH,108,153,261,0.41
BSI,22,9,31,0.71
BSK,5,7,12,0.42
BSL,70,77,147,0.48
BSM,290,367,657,0.44
BSN,291,290,581,0.5
BSP,326,315,641,0.51
BSS,342,351,693,0.49
BSb,231,237,468,0.49
BSh,126,163,289,0.44
BSl,100,90,190,0.53
BSm,385,345,730,0.53
BSn,299,316,615,0.49
BSs,365,298,663,0.55
BSt,64,46,110,0.58
BbB,455,504,959,0.47
BbD,53,57,110,0.48
BbH,149,196,345,0.43
BbI,70,65,135,0.52
BbJ,173,128,301,0.57
BbK,52,61,113,0.46
BbL,122,145,267,0.46
BbM,418,573,991,0.42
BbN,621,722,1343,0.46
BbP,576,555,1131,0.51
BbS,286,339,625,0.46
Bbb,496,429,925,0.54
Bbh,5,3,8,0.62
Bbl,153,111,264,0.58
Bbm,499,430,929,0.54
Bbn,512,548,1060,0.48
Bbs,294,293,587,0.5
Bbt,1,0,1,1.0
BhB,58,56,114,0.51
BhD,6,6,12,0.5
BhH,12,10,22,0.55
BhI,11,7,18,0.61
BhK,1,1,2,0.5
BhL,18,17,35,0.51
BhM,50,68,118,0.42
BhN,55,53,108,0.51
BhP,59,75,134,0.44
BhS,35,50,85,0.41
Bhb,38,53,91,0.42
Bhh,30,57,87,0.34
Bhl,16,14,30,0.53
Bhm,76,59,135,0.56
Bhn,57,61,118,0.48
Bhs,65,56,121,0.54
Bht,5,4,9,0.56
BjB,99,122,221,0.45
BjD,11,11,22,0.5
BjH,40,38,78,0.51
BjI,16,13,29,0.55
BjK,4,16,20,0.2
BjL,47,57,104,0.45
BjM,101,125,226,0.45
BjN,138,109,247,0.56
BjP,141,143,284,0.5
BjS,83,117,200,0.42
Bjb,114,102,216,0.53
Bjh,25,25,50,0.5
Bjl,54,51,105,0.51
Bjm,167,118,285,0.59
Bjn,100,113,213,0.47
Bjs,106,100,206,0.51
Bjt,18,13,31,0.58
BlB,115,151,266,0.43
BlD,16,16,32,0.5
BlH,111,95,206,0.54
BlI,13,17,30,0.43
BlJ,52,42,94,0.55
BlK,11,8,19,0.58
BlL,47,59,106,0.44
BlM,141,192,333,0.42
BlN,153,189,342,0.45
BlP,175,164,339,0.52
BlS,102,141,243,0.42
Blb,123,156,279,0.44
Blh,1,0,1,1.0
Bll,51,42,93,0.55
Blm,189,149,338,0.56
Bln,154,124,278,0.55
Bls,109,111,220,0.5
Blt,1,0,1,1.0
BmB,464,503,967,0.48
BmD,114,117,231,0.49
BmH,449,529,978,0.46
BmI,63,62,125,0.5
BmJ,147,123,270,0.54
BmK,9,15,24,0.38
BmL,152,184,336,0.45
BmM,599,713,1312,0.46
BmN,706,778,1484,0.48
BmP,611,619,1230,0.5
BmS,420,479,899,0.47
Bmb,446,438,884,0.5
Bmh,2,7,9,0.22
Bml,141,130,271,0.52
Bmm,636,510,1146,0.55
Bmn,624,522,1146,0.54
Bms,431,379,810,0.53
Bmt,3,1,4,0.75
BnB,544,569,1113,0.49
BnD,123,94,217,0.57
BnH,382,381,763,0.5
BnI,152,122,274,0.55
BnK,48,59,107,0.45
BnL,184,173,357,0.52
BnM,643,724,1367,0.47
BnN,853,951,1804,0.47
BnP,891,935,1826,0.49
BnS,526,583,1109,0.47
Bnb,534,513,1047,0.51
Bnh,44,59,103,0.43
Bnl,226,180,406,0.56
Bnm,783,635,1418,0.55
Bnn,781,781,1562,0.5
Bns,565,569,1134,0.5
Bnt,8,7,15,0.53
BsB,187,214,401,0.47
BsD,56,46,102,0.55
BsH,264,288,552,0.48
BsI,57,65,122,0.47
BsK,3,7,10,0.3
BsL,75,91,166,0.45
BsM,252,347,599,0.42
BsN,323,335,658,0.49
BsP,327,341,668,0.49
BsS,343,377,720,0.48
Bsb,184,211,395,0.47
Bsh,14,17,31,0.45
Bsl,115,83,198,0.58
Bsm,341,317,658,0.52
Bsn,273,271,544,0.5
Bss,317,308,625,0.51
Bst,3,13,16,0.19
BtB,76,84,160,0.48
BtD,13,13,26,0.5
BtH,46,61,107,0.43
BtI,2,7,9,0.22
BtK,3,3,6,0.5
BtL,17,31,48,0.35
BtM,84,92,176,0.48
BtN,74,79,153,0.48
BtP,101,100,201,0.5
BtS,84,72,156,0.54
Btb,75,59,134,0.56
Bth,4,5,9,0.44
Btl,29,29,58,0.5
Btm,109,104,213,0.51
Btn,77,88,165,0.47
Bts,62,65,127,0.49
Btt,15,15,30,0.5
DBB,60,81,141,0.43
DBD,13,23,36,0.36
DBK,10,11,21,0.48
DBL,15,20,35,0.43
DBM,56,84,140,0.4
DBN,63,83,146,0.43
DBP,67,76,143,0.47
DBS,53,46,99,0.54
DBb,57,52,109,0.52
DBh,7,12,19,0.37
DBj,15,16,31,0.48
DBl,14,25,39,0.36
DBm,83,76,159,0.52
DBn,72,76,148,0.49
DBs,38,47,85,0.45
DBt,7,6,13,0.54
DDB,12,19,31,0.39
DDD,16,12,28,0.57
DDH,24,22,46,0.52
DDI,3,8,11,0.27
DDL,13,8,21,0.62
DDM,37,33,70,0.53
DDN,13,18,31,0.42
DDP,20,23,43,0.47
DDS,35,32,67,0.52
DDb,13,22,35,0.37
DDh,1,0,1,1.0
DDl,2,5,7,0.29
DDm,29,39,68,0.43
DDn,22,16,38,0.58
DDs,24,31,55,0.44
DDt,3,5,8,0.38
DHB,57,61,118,0.48
DHD,18,14,32,0.56
DHH,15,22,37,0.41
DHI,10,14,24,0.42
DHK,11,4,15,0.73
DHL,27,16,43,0.63
DHM,95,106,201,0.47
DHN,84,78,162,0.52
DHP,97,81,178,0.54
DHS,89,93,182,0.49
DHb,57,72,129,0.44
DHh,42,52,94,0.45
DHl,28,25,53,0.53
DHm,127,95,222,0.57
DHn,74,82,156,0.47
DHs,95,94,189,0.5
DHt,9,10,19,0.47
DIB,4,7,11,0.36
DID,3,0,3,1.0
DIH,9,14,23,0.39
DII,0,1,1,0.0
DIK,0,1,1,0.0
DIL,5,9,14,0.36
DIM,13,7,20,0.65
DIN,8,10,18,0.44
DIP,9,8,17,0.53
DIS,17,13,30,0.57
DIb,15,11,26,0.58
DIl,1,4,5,0.2
DIm,8,16,24,0.33
DIn,12,5,17,0.71
DIs,12,15,27,0.44
DIt,1,0,1,1.0
DKD,1,1,2,0.5
DKH,0,1,1,0.0
DKI,2,1,3,0.67
DKM,7,2,9,0.78
DKN,2,0,2,1.0
DKP,0,3,3,0.0
DKS,1,2,3,0.33
DKb,2,1,3,0.67
DKh,1,0,1,1.0
DKl,0,1,1,0.0
DKm,2,3,5,0.4
DKs,1,2,3,0.33
DLB,20,36,56,0.36
DLD,11,4,15,0.73
DLK,2,0,2,1.0
DLL,11,13,24,0.46
DLM,28,38,66,0.42
DLN,21,35,56,0.38
DLP,27,32,59,0.46
DLS,22,16,38,0.58
DLb,28,30,58,0.48
DLh,11,7,18,0.61
DLj,5,2,7,0.71
DLl,12,11,23,0.52
DLm,38,22,60,0.63
DLn,27,33,60,0.45
DLs,25,26,51,0.49
DLt,6,4,10,0.6
DMB,95,113,208,0.46
DMD,29,22,51,0.57
DMH,0,4,4,0.0
DMI,1,1,2,0.5
DMK,2,6,8,0.25
DML,29,33,62,0.47
DMM,106,153,259,0.41
DMN,92,103,195,0.47
DMP,104,118,222,0.47
DMS,70,95,165,0.42
DMb,67,99,166,0.4
DMh,85,81,166,0.51
DMj,13,17,30,0.43
DMl,24,38,62,0.39
DMm,167,132,299,0.56
DMn,140,135,275,0.51
DMs,91,74,165,0.55
DMt,11,20,31,0.35
DNB,51,59,110,0.46
DND,17,13,30,0.57
DNH,20,20,40,0.5
DNI,1,3,4,0.25
DNK,13,15,28,0.46
DNL,29,24,53,0.55
DNM,65,112,177,0.37
DNN,91,99,190,0.48
DNP,89,121,210,0.42
DNS,82,82,164,0.5
DNb,65,52,117,0.56
DNh,26,16,42,0.62
DNl,20,21,41,0.49
DNm,138,95,233,0.59
DNn,85,106,191,0.45
DNs,81,85,166,0.49
DNt,16,13,29,0.55
DPB,67,91,158,0.42
DPD,15,14,29,0.52
DPH,37,34,71,0.52
DPI,14,9,23,0.61
DPK,13,20,33,0.39
DPL,33,44,77,0.43
DPM,102,131,233,0.44
DPN,92,91,183,0.5
DPP,95,116,211,0.45
DPS,87,107,194,0.45
DPb,66,78,144,0.46
DPh,7,9,16,0.44
DPl,40,31,71,0.56
DPm,128,92,220,0.58
DPn,73,78,151,0.48
DPs,85,70,155,0.55
DPt,19,16,35,0.54
DSB,51,73,124,0.41
DSD,31,21,52,0.6
DSH,41,46,87,0.47
DSI,10,4,14,0.71
DSK,4,6,10,0.4
DSL,32,28,60,0.53
DSM,121,133,254,0.48
DSN,95,95,190,0.5
DSP,93,101,194,0.48
DSS,162,158,320,0.51
DSb,87,84,171,0.51
DSh,60,54,114,0.53
DSl,22,25,47,0.47
DSm,129,116,245,0.53
DSn,109,97,206,0.53
DSs,125,116,241,0.52
DSt,19,18,37,0.51
DbB,74,71,145,0.51
DbD,12,12,24,0.5
DbH,18,18,36,0.5
DbI,10,9,19,0.53
DbJ,20,19,39,0.51
DbK,15,11,26,0.58
DbL,29,19,48,0.6
DbM,81,76,157,0.52
DbN,70,86,156,0.45
DbP,76,64,140,0.54
DbS,43,51,94,0.46
Dbb,83,62,145,0.57
Dbh,0,2,2,0.0
Dbl,27,16,43,0.63
Dbm,88,62,150,0.59
Dbn,67,66,133,0.5
Dbs,41,38,79,0.52
DhB,3,2,5,0.6
DhD,1,1,2,0.5
DhH,0,3,3,0.0
DhI,2,2,4,0.5
DhK,1,0,1,1.0
DhL,2,2,4,0.5
DhM,10,10,20,0.5
DhN,5,7,12,0.42
DhP,4,10,14,0.29
DhS,5,7,12,0.42
Dhb,5,1,6,0.83
Dhh,4,2,6,0.67
Dhl,2,3,5,0.4
Dhm,7,6,13,0.54
Dhn,7,7,14,0.5
Dhs,3,7,10,0.3
Dht,0,1,1,0.0
DlB,23,20,43,0.53
DlD,5,6,11,0.45
DlH,19,20,39,0.49
DlJ,10,9,19,0.53
DlK,2,5,7,0.29
DlL,9,9,18,0.5
DlM,32,25,57,0.56
DlN,27,29,56,0.48
DlP,30,22,52,0.58
DlS,26,17,43,0.6
Dlb,36,23,59,0.61
Dlh,0,1,1,0.0
Dll,18,9,27,0.67
Dlm,28,30,58,0.48
Dln,21,22,43,0.49
Dls,25,17,42,0.6
DmB,102,77,179,0.57
DmD,26,19,45,0.58
DmH,90,89,179,0.5
DmI,8,10,18,0.44
DmJ,22,25,47,0.47
DmK,0,2,2,0.0
DmL,37,26,63,0.59
DmM,117,134,251,0.47
DmN,102,135,237,0.43
DmP,97,103,200,0.48
DmS,82,80,162,0.51
Dmb,112,121,233,0.48
Dmh,1,3,4,0.25
Dml,23,30,53,0.43
Dmm,147,103,250,0.59
Dmn,107,74,181,0.59
Dms,73,65,138,0.53
Dmt,1,0,1,1.0
DnB,49,54,103,0.48
DnD,26,16,42,0.62
DnH,58,65,123,0.47
DnI,16,18,34,0.47
DnK,3,6,9,0.33
DnL,23,22,45,0.51
DnM,76,106,182,0.42
DnN,91,114,205,0.44
DnP,100,97,197,0.51
DnS,66,83,149,0.44
Dnb,61,64,125,0.49
Dnh,2,1,3,0.67
Dnl,17,20,37,0.46
Dnm,84,92,176,0.48
Dnn,76,71,147,0.52
Dns,57,71,128,0.45
Dnt,2,1,3,0.67
DsB,55,59,114,0.48
DsD,28,23,51,0.55
DsH,77,85,162,0.48
DsI,13,14,27,0.48
DsK,1,3,4,0.25
DsL,21,35,56,0.38
DsM,90,113,203,0.44
DsN,87,71,158,0.55
DsP,102,78,180,0.57
DsS,122,140,262,0.47
Dsb,72,54,126,0.57
Dsh,16,9,25,0.64
Dsl,26,27,53,0.49
Dsm,87,92,179,0.49
Dsn,66,54,120,0.55
Dss,97,88,185,0.52
Dst,3,2,5,0.6
DtB,9,11,20,0.45
DtD,6,7,13,0.46
DtH,6,12,18,0.33
DtI,2,3,5,0.4
DtK,0,1,1,0.0
DtL,2,2,4,0.5
DtM,16,21,37,0.43
DtN,16,9,25,0.64
DtP,14,24,38,0.37
DtS,12,13,25,0.48
Dtb,12,15,27,0.44
Dtl,4,3,7,0.57
Dtm,20,12,32,0.62
Dtn,11,11,22,0.5
Dts,8,18,26,0.31
Dtt,2,1,3,0.67
HBB,159,160,319,0.5
HBD,29,22,51,0.57
HBH,4,2,6,0.67
HBI,0,3,3,0.0
HBK,31,14,45,0.69
HBL,53,38,91,0.58
HBM,153,204,357,0.43
HBN,166,213,379,0.44
HBP,178,181,359,0.5
HBS,95,117,212,0.45
HBb,146,143,289,0.51
HBh,20,21,41,0.49
HBj,44,41,85,0.52
HBl,70,36,106,0.66
HBm,228,181,409,0.56
HBn,208,203,411,0.51
HBs,115,108,223,0.52
HBt,32,39,71,0.45
HDB,32,21,53,0.6
HDD,8,9,17,0.47
HDH,37,44,81,0.46
HDI,2,7,9,0.22
HDK,0,1,1,0.0
HDL,9,9,18,0.5
HDM,40,43,83,0.48
HDN,20,39,59,0.34
HDP,36,36,72,0.5
HDS,46,41,87,0.53
HDb,30,21,51,0.59
HDh,3,0,3,1.0
HDl,8,11,19,0.42
HDm,41,31,72,0.57
HDn,18,27,45,0.4
HDs,45,31,76,0.59
HDt,10,3,13,0.77
HHB,36,35,71,0.51
HHD,10,9,19,0.53
HHH,20,26,46,0.43
HHI,10,10,20,0.5
HHK,14,11,25,0.56
HHL,16,11,27,0.59
HHM,60,69,129,0.47
HHN,65,49,114,0.57
HHP,55,55,110,0.5
HHS,88,79,167,0.53
HHb,40,49,89,0.45
HHh,21,20,41,0.51
HHl,23,15,38,0.61
HHm,69,58,127,0.54
HHn,45,45,90,0.5
HHs,83,86,169,0.49
HHt,7,3,10,0.7
HIB,17,22,39,0.44
HID,8,4,12,0.67
HIH,29,25,54,0.54
HII,6,6,12,0.5
HIK,3,0,3,1.0
HIL,16,10,26,0.62
HIM,33,51,84,0.39
HIN,34,39,73,0.47
HIP,44,29,73,0.6
HIS,37,44,81,0.46
HIb,28,21,49,0.57
HIh,3,0,3,1.0
HIl,15,11,26,0.58
HIm,50,40,90,0.56
HIn,21,28,49,0.43
HIs,26,35,61,0.43
HIt,2,2,4,0.5
HKB,20,9,29,0.69
HKD,3,3,6,0.5
HKH,3,3,6,0.5
HKI,5,4,9,0.56
HKL,7,7,14,0.5
HKM,26,29,55,0.47
HKN,21,25,46,0.46
HKP,22,15,37,0.59
HKS,15,22,37,0.41
HKb,19,12,31,0.61
HKh,16,16,32,0.5
HKl,11,6,17,0.65
HKm,24,24,48,0.5
HKn,21,10,31,0.68
HKs,24,15,39,0.62
HKt,4,2,6,0.67
HLB,56,62,118,0.47
HLD,7,16,23,0.3
HLH,1,0,1,1.0
HLK,13,5,18,0.72
HLL,21,25,46,0.46
HLM,71,72,143,0.5
HLN,69,94,163,0.42
HLP,78,80,158,0.49
HLS,54,57,111,0.49
HLb,49,52,101,0.49
HLh,18,33,51,0.35
HLj,21,19,40,0.52
HLl,28,31,59,0.47
HLm,90,68,158,0.57
HLn,91,100,191,0.48
HLs,66,54,120,0.55
HLt,12,13,25,0.48
HMB,205,226,431,0.48
HMD,26,41,67,0.39
HMH,5,4,9,0.56
HMI,2,0,2,1.0
HMK,9,12,21,0.43
HML,60,89,149,0.4
HMM,234,309,543,0.43
HMN,261,263,524,0.5
HMP,238,237,475,0.5
HMS,195,221,416,0.47
HMb,207,225,432,0.48
HMh,206,210,416,0.5
HMj,42,39,81,0.52
HMl,90,92,182,0.49
HMm,339,315,654,0.52
HMn,344,383,727,0.47
HMs,232,222,454,0.51
HMt,46,42,88,0.52
HNB,207,185,392,0.53
HND,37,31,68,0.54
HNH,55,71,126,0.44
HNI,9,7,16,0.56
HNK,31,31,62,0.5
HNL,63,67,130,0.48
HNM,251,292,543,0.46
HNN,263,313,576,0.46
HNP,318,281,599,0.53
HNS,251,253,504,0.5
HNb,151,185,336,0.45
HNh,87,90,177,0.49
HNl,57,80,137,0.42
HNm,273,236,509,0.54
HNn,326,274,600,0.54
HNs,247,245,492,0.5
HNt,43,35,78,0.55
HPB,182,233,415,0.44
HPD,24,38,62,0.39
HPH,82,112,194,0.42
HPI,44,30,74,0.59
HPK,35,34,69,0.51
HPL,90,106,196,0.46
HPM,281,333,614,0.46
HPN,265,290,555,0.48
HPP,354,318,672,0.53
HPS,252,252,504,0.5
HPb,217,194,411,0.53
HPh,34,36,70,0.49
HPl,92,97,189,0.49
HPm,328,289,617,0.53
HPn,228,231,459,0.5
HPs,256,236,492,0.52
HPt,31,27,58,0.53
HSB,159,172,331,0.48
HSD,44,37,81,0.54
HSH,114,125,239,0.48
HSI,15,8,23,0.65
HSK,6,7,13,0.46
HSL,87,86,173,0.5
HSM,285,308,593,0.48
HSN,208,181,389,0.53
HSP,233,200,433,0.54
HSS,407,429,836,0.49
HSb,155,131,286,0.54
HSh,143,159,302,0.47
HSl,74,81,155,0.48
HSm,283,268,551,0.51
HSn,272,248,520,0.52
HSs,374,315,689,0.54
HSt,50,40,90,0.56
HbB,164,154,318,0.52
HbD,35,9,44,0.8
HbH,50,49,99,0.51
HbI,13,24,37,0.35
HbJ,72,39,111,0.65
HbK,20,23,43,0.47
HbL,45,52,97,0.46
HbM,191,243,434,0.44
HbN,262,211,473,0.55
HbP,206,185,391,0.53
HbS,124,108,232,0.53
Hbb,201,175,376,0.53
Hbh,1,1,2,0.5
Hbl,49,48,97,0.51
Hbm,188,154,342,0.55
Hbn,172,176,348,0.49
Hbs,103,93,196,0.53
Hbt,0,1,1,0.0
HhB,84,79,163,0.52
HhD,15,6,21,0.71
HhH,38,39,77,0.49
HhI,11,20,31,0.35
HhK,2,3,5,0.4
HhL,34,43,77,0.44
HhM,116,142,258,0.45
HhN,85,92,177,0.48
HhP,132,128,260,0.51
HhS,130,144,274,0.47
Hhb,90,74,164,0.55
Hhh,73,87,160,0.46
Hhl,42,47,89,0.47
Hhm,125,131,256,0.49
Hhn,103,105,208,0.5
Hhs,138,105,243,0.57
Hht,15,11,26,0.58
HlB,64,75,139,0.46
HlD,10,7,17,0.59
HlH,49,38,87,0.56
HlI,6,7,13,0.46
HlJ,29,16,45,0.64
HlK,3,7,10,0.3
HlL,24,27,51,0.47
HlM,89,83,172,0.52
HlN,85,85,170,0.5
HlP,81,82,163,0.5
HlS,73,64,137,0.53
Hlb,80,62,142,0.56
Hlh,2,0,2,1.0
Hll,31,30,61,0.51
Hlm,80,51,131,0.61
Hln,67,56,123,0.54
Hls,47,55,102,0.46
HmB,206,231,437,0.47
HmD,57,41,98,0.58
HmH,208,218,426,0.49
HmI,24,23,47,0.51
HmJ,69,54,123,0.56
HmK,7,7,14,0.5
HmL,70,82,152,0.46
HmM,319,358,677,0.47
HmN,302,309,611,0.49
HmP,254,269,523,0.49
HmS,209,222,431,0.48
Hmb,268,249,517,0.52
Hmh,3,2,5,0.6
Hml,74,56,130,0.57
Hmm,271,223,494,0.55
Hmn,260,213,473,0.55
Hms,180,174,354,0.51
Hmt,0,2,2,0.0
HnB,163,182,345,0.47
HnD,45,40,85,0.53
HnH,139,140,279,0.5
HnI,55,45,100,0.55
HnK,29,32,61,0.48
HnL,69,74,143,0.48
HnM,253,252,505,0.5
HnN,298,299,597,0.5
HnP,333,264,597,0.56
HnS,252,244,496,0.51
Hnb,193,191,384,0.5
Hnh,11,17,28,0.39
Hnl,69,67,136,0.51
Hnm,258,226,484,0.53
Hnn,242,234,476,0.51
Hns,242,206,448,0.54
Hnt,3,4,7,0.43
HsB,143,176,319,0.45
HsD,41,49,90,0.46
HsH,250,261,511,0.49
HsI,44,50,94,0.47
HsK,6,7,13,0.46
HsL,60,59,119,0.5
HsM,261,269,530,0.49
HsN,259,224,483,0.54
HsP,237,242,479,0.49
HsS,418,365,783,0.53
Hsb,169,165,334,0.51
Hsh,17,24,41,0.41
Hsl,78,72,150,0.52
Hsm,257,234,491,0.52
Hsn,218,193,411,0.53
Hss,326,307,633,0.52
Hst,6,9,15,0.4
HtB,14,22,36,0.39
HtD,1,2,3,0.33
HtH,19,12,31,0.61
HtI,3,1,4,0.75
HtK,3,0,3,1.0
HtL,0,10,10,0.0
HtM,25,31,56,0.45
HtN,18,25,43,0.42
HtP,25,28,53,0.47
HtS,24,30,54,0.44
Htb,10,20,30,0.33
Hth,2,0,2,1.0
Htl,4,10,14,0.29
Htm,30,35,65,0.46
Htn,24,25,49,0.49
Hts,38,27,65,0.58
Htt,8,2,10,0.8
IBB,45,51,96,0.47
IBD,3,5,8,0.38
IBK,6,10,16,0.38
IBL,8,12,20,0.4
IBM,32,61,93,0.34
IBN,55,48,103,0.53
IBP,53,41,94,0.56
IBS,31,34,65,0.48
IBb,43,32,75,0.57
IBh,7,6,13,0.54
IBj,14,8,22,0.64
IBl,13,17,30,0.43
IBm,71,39,110,0.65
IBn,61,40,101,0.6
IBs,28,30,58,0.48
IBt,7,11,18,0.39
IDB,9,13,22,0.41
IDD,2,3,5,0.4
IDH,9,12,21,0.43
IDI,2,0,2,1.0
IDL,3,3,6,0.5
IDM,14,18,32,0.44
IDN,3,12,15,0.2
IDP,11,12,23,0.48
IDS,6,6,12,0.5
IDb,5,5,10,0.5
IDh,0,1,1,0.0
IDl,1,4,5,0.2
IDm,17,7,24,0.71
IDn,8,6,14,0.57
IDs,4,8,12,0.33
IDt,2,1,3,0.67
IHB,30,36,66,0.45
IHD,6,5,11,0.55
IHH,14,6,20,0.7
IHI,6,3,9,0.67
IHK,6,7,13,0.46
IHL,11,18,29,0.38
IHM,54,63,117,0.46
IHN,47,49,96,0.49
IHP,54,49,103,0.52
IHS,43,46,89,0.48
IHb,37,36,73,0.51
IHh,17,22,39,0.44
IHl,11,17,28,0.39
IHm,76,42,118,0.64
IHn,47,24,71,0.66
IHs,61,40,101,0.6
IHt,8,7,15,0.53
IIB,6,5,11,0.55
IID,1,2,3,0.33
IIH,10,14,24,0.42
IIL,5,2,7,0.71
IIM,6,6,12,0.5
IIN,7,15,22,0.32
IIP,6,9,15,0.4
IIS,10,9,19,0.53
IIb,13,6,19,0.68
IIh,3,1,4,0.75
IIl,3,2,5,0.6
IIm,14,6,20,0.7
IIn,9,5,14,0.64
IIs,8,5,13,0.62
IIt,0,1,1,0.0
IKB,4,4,8,0.5
IKI,1,0,1,1.0
IKL,1,0,1,1.0
IKM,1,1,2,0.5
IKN,1,1,2,0.5
IKP,1,1,2,0.5
IKS,0,3,3,0.0
IKb,0,2,2,0.0
IKh,3,1,4,0.75
IKl,0,0,0,
IKm,5,1,6,0.83
IKn,1,0,1,1.0
IKs,1,1,2,0.5
ILB,15,19,34,0.44
ILD,4,3,7,0.57
ILH,0,1,1,0.0
ILK,1,2,3,0.33
ILL,11,6,17,0.65
ILM,17,20,37,0.46
ILN,26,17,43,0.6
ILP,23,19,42,0.55
ILS,8,12,20,0.4
ILb,8,14,22,0.36
ILh,9,7,16,0.56
ILj,2,0,2,1.0
ILl,4,7,11,0.36
ILm,27,18,45,0.6
ILn,21,22,43,0.49
ILs,18,14,32,0.56
ILt,3,5,8,0.38
IMB,62,52,114,0.54
IMD,12,10,22,0.55
IMH,3,5,8,0.38
IMI,1,1,2,0.5
IMK,4,3,7,0.57
IML,13,20,33,0.39
IMM,55,75,130,0.42
IMN,63,70,133,0.47
IMP,69,74,143,0.48
IMS,47,54,101,0.47
IMb,58,65,123,0.47
IMh,42,61,103,0.41
IMj,6,7,13,0.46
IMl,23,22,45,0.51
IMm,84,62,146,0.58
IMn,78,93,171,0.46
IMs,57,51,108,0.53
IMt,14,11,25,0.56
INB,36,51,87,0.41
IND,11,9,20,0.55
INH,8,7,15,0.53
INI,3,2,5,0.6
INK,2,4,6,0.33
INL,14,21,35,0.4
INM,57,76,133,0.43
INN,63,75,138,0.46
INP,70,71,141,0.5
INS,56,54,110,0.51
INb,42,46,88,0.48
INh,19,20,39,0.49
INl,19,23,42,0.45
INm,62,65,127,0.49
INn,79,69,148,0.53
INs,41,50,91,0.45
INt,11,11,22,0.5
IPB,58,58,116,0.5
IPD,5,10,15,0.33
IPH,13,20,33,0.39
IPI,11,12,23,0.48
IPK,10,9,19,0.53
IPL,15,34,49,0.31
IPM,74,98,172,0.43
IPN,58,70,128,0.45
IPP,85,71,156,0.54
IPS,60,49,109,0.55
IPb,59,46,105,0.56
IPh,4,13,17,0.24
IPl,19,25,44,0.43
IPm,93,61,154,0.6
IPn,62,54,116,0.53
IPs,60,55,115,0.52
IPt,10,3,13,0.77
ISB,38,41,79,0.48
ISD,11,13,24,0.46
ISH,13,31,44,0.3
ISI,4,5,9,0.44
ISK,1,2,3,0.33
ISL,12,16,28,0.43
ISM,63,89,152,0.41
ISN,44,43,87,0.51
ISP,57,58,115,0.5
ISS,73,87,160,0.46
ISb,37,41,78,0.47
ISh,32,22,54,0.59
ISl,14,18,32,0.44
ISm,62,59,121,0.51
ISn,50,41,91,0.55
ISs,79,78,157,0.5
ISt,13,12,25,0.52
IbB,51,62,113,0.45
IbD,5,5,10,0.5
IbH,10,11,21,0.48
IbI,2,4,6,0.33
IbJ,17,17,34,0.5
IbK,5,7,12,0.42
IbL,15,17,32,0.47
IbM,57,81,138,0.41
IbN,64,65,129,0.5
IbP,58,63,121,0.48
IbS,25,28,53,0.47
Ibb,68,58,126,0.54
Ibh,0,1,1,0.0
Ibl,23,16,39,0.59
Ibm,62,46,108,0.57
Ibn,38,44,82,0.46
Ibs,37,23,60,0.62
IhB,5,3,8,0.62
IhH,1,0,1,1.0
IhI,2,2,4,0.5
IhL,2,2,4,0.5
IhM,1,10,11,0.09
IhN,1,3,4,0.25
IhP,3,4,7,0.43
IhS,2,7,9,0.22
Ihb,3,1,4,0.75
Ihh,2,3,5,0.4
Ihl,0,0,0,
Ihm,5,4,9,0.56
Ihn,4,5,9,0.44
Ihs,8,3,11,0.73
IlB,13,16,29,0.45
IlD,2,1,3,0.67
IlH,5,9,14,0.36
IlI,4,0,4,1.0
IlJ,5,4,9,0.56
IlK,0,3,3,0.0
IlL,9,10,19,0.47
IlM,19,28,47,0.4
IlN,30,18,48,0.62
IlP,16,20,36,0.44
IlS,9,17,26,0.35
Ilb,16,15,31,0.52
Ilh,0,1,1,0.0
Ill,12,3,15,0.8
Ilm,27,13,40,0.68
Iln,13,10,23,0.57
Ils,10,14,24,0.42
ImB,69,57,126,0.55
ImD,14,15,29,0.48
ImH,49,53,102,0.48
ImI,7,9,16,0.44
ImJ,15,14,29,0.52
ImK,0,4,4,0.0
ImL,16,26,42,0.38
ImM,74,114,188,0.39
ImN,72,69,141,0.51
ImP,64,73,137,0.47
ImS,56,45,101,0.55
Imb,68,57,125,0.54
Imh,0,1,1,0.0
Iml,13,14,27,0.48
Imm,97,59,156,0.62
Imn,48,41,89,0.54
Ims,35,38,73,0.48
Imt,1,1,2,0.5
InB,37,35,72,0.51
InD,14,7,21,0.67
InH,27,28,55,0.49
InI,13,16,29,0.45
InK,1,8,9,0.11
InL,14,15,29,0.48
InM,43,65,108,0.4
InN,58,63,121,0.48
InP,44,61,105,0.42
InS,45,41,86,0.52
Inb,40,41,81,0.49
Inh,2,3,5,0.4
Inl,14,13,27,0.52
Inm,64,40,104,0.62
Inn,61,42,103,0.59
Ins,34,35,69,0.49
Int,0,1,1,0.0
IsB,32,35,67,0.48
IsD,9,8,17,0.53
IsH,33,44,77,0.43
IsI,17,5,22,0.77
IsK,0,0,0,
IsL,8,15,23,0.35
IsM,50,63,113,0.44
IsN,42,52,94,0.45
IsP,39,40,79,0.49
IsS,51,57,108,0.47
Isb,32,35,67,0.48
Ish,7,5,12,0.58
Isl,8,17,25,0.32
Ism,54,52,106,0.51
Isn,41,30,71,0.58
Iss,49,46,95,0.52
Ist,3,2,5,0.6
ItB,3,7,10,0.3
ItD,1,0,1,1.0
ItH,4,3,7,0.57
ItI,2,0,2,1.0
ItK,1,0,1,1.0
ItL,2,4,6,0.33
ItM,6,13,19,0.32
ItN,4,6,10,0.4
ItP,7,9,16,0.44
ItS,5,10,15,0.33
Itb,2,8,10,0.2
Ith,0,2,2,0.0
Itl,4,1,5,0.8
Itm,7,5,12,0.58
Itn,7,4,11,0.64
Its,4,3,7,0.57
Itt,3,0,3,1.0
JBB,26,23,49,0.53
JBD,2,4,6,0.33
JBH,0,1,1,0.0
JBK,5,0,5,1.0
JBL,7,7,14,0.5
JBM,30,26,56,0.54
JBN,36,34,70,0.51
JBP,26,28,54,0.48
JBS,12,28,40,0.3
JBb,32,34,66,0.48
JBh,4,6,10,0.4
JBj,5,15,20,0.25
JBl,9,7,16,0.56
JBm,32,29,61,0.52
JBn,31,36,67,0.46
JBs,22,19,41,0.54
JBt,9,3,12,0.75
JDB,4,3,7,0.57
JDD,0,2,2,0.0
JDH,7,2,9,0.78
JDI,1,2,3,0.33
JDL,3,1,4,0.75
JDM,5,7,12,0.42
JDN,0,5,5,0.0
JDP,8,3,11,0.73
JDS,2,4,6,0.33
JDb,2,2,4,0.5
JDl,2,1,3,0.67
JDm,3,4,7,0.43
JDn,3,2,5,0.6
JDs,4,4,8,0.5
JHB,10,10,20,0.5
JHD,0,4,4,0.0
JHH,3,1,4,0.75
JHI,2,1,3,0.67
JHK,1,1,2,0.5
JHL,6,3,9,0.67
JHM,9,22,31,0.29
JHN,13,6,19,0.68
JHP,16,16,32,0.5
JHS,13,20,33,0.39
JHb,9,9,18,0.5
JHh,6,7,13,0.46
JHl,1,1,2,0.5
JHm,14,14,28,0.5
JHn,18,14,32,0.56
JHs,12,8,20,0.6
JHt,4,2,6,0.67
JIB,2,3,5,0.4
JID,2,1,3,0.67
JIH,6,1,7,0.86
JIL,1,3,4,0.25
JIM,8,7,15,0.53
JIN,2,6,8,0.25
JIP,6,1,7,0.86
JIS,1,6,7,0.14
JIb,5,10,15,0.33
JIh,1,0,1,1.0
JIl,3,2,5,0.6
JIm,8,2,10,0.8
JIn,2,2,4,0.5
JIs,3,2,5,0.6
JIt,2,0,2,1.0
JKB,2,5,7,0.29
JKH,1,0,1,1.0
JKI,1,0,1,1.0
JKL,0,2,2,0.0
JKM,3,3,6,0.5
JKN,2,3,5,0.4
JKP,5,5,10,0.5
JKS,3,3,6,0.5
JKb,0,1,1,0.0
JKh,0,1,1,0.0
JKl,2,2,4,0.5
JKm,6,4,10,0.6
JKn,2,1,3,0.67
JKs,5,1,6,0.83
JLB,7,17,24,0.29
JLD,3,1,4,0.75
JLK,2,0,2,1.0
JLL,4,5,9,0.44
JLM,8,15,23,0.35
JLN,19,12,31,0.61
JLP,21,10,31,0.68
JLS,16,12,28,0.57
JLb,15,8,23,0.65
JLh,5,6,11,0.45
JLj,1,1,2,0.5
JLl,6,6,12,0.5
JLm,12,10,22,0.55
JLn,13,18,31,0.42
JLs,8,13,21,0.38
JLt,2,0,2,1.0
JMB,30,31,61,0.49
JMD,9,3,12,0.75
JMH,0,1,1,0.0
JMI,1,0,1,1.0
JMK,1,0,1,1.0
JML,11,11,22,0.5
JMM,27,55,82,0.33
JMN,31,28,59,0.53
JMP,40,39,79,0.51
JMS,19,32,51,0.37
JMb,29,33,62,0.47
JMh,27,30,57,0.47
JMj,5,5,10,0.5
JMl,19,11,30,0.63
JMm,61,46,107,0.57
JMn,42,56,98,0.43
JMs,24,33,57,0.42
JMt,4,8,12,0.33
JNB,36,23,59,0.61
JND,1,5,6,0.17
JNH,7,6,13,0.54
JNI,3,2,5,0.6
JNK,1,2,3,0.33
JNL,9,17,26,0.35
JNM,31,42,73,0.42
JNN,42,37,79,0.53
JNP,41,28,69,0.59
JNS,28,32,60,0.47
JNb,26,27,53,0.49
JNh,15,14,29,0.52
JNl,6,17,23,0.26
JNm,37,40,77,0.48
JNn,40,42,82,0.49
JNs,43,34,77,0.56
JNt,7,5,12,0.58
JPB,36,29,65,0.55
JPD,6,6,12,0.5
JPH,11,14,25,0.44
JPI,9,6,15,0.6
JPK,4,8,12,0.33
JPL,13,19,32,0.41
JPM,42,56,98,0.43
JPN,46,32,78,0.59
JPP,52,54,106,0.49
JPS,35,29,64,0.55
JPb,42,39,81,0.52
JPh,7,10,17,0.41
JPl,24,14,38,0.63
JPm,52,39,91,0.57
JPn,34,32,66,0.52
JPs,42,28,70,0.6
JPt,4,8,12,0.33
JSB,18,29,47,0.38
JSD,5,4,9,0.56
JSH,9,8,17,0.53
JSI,6,1,7,0.86
JSK,3,1,4,0.75
JSL,8,8,16,0.5
JSM,44,29,73,0.6
JSN,17,27,44,0.39
JSP,27,26,53,0.51
JSS,28,31,59,0.47
JSb,23,13,36,0.64
JSh,16,19,35,0.46
JSl,8,11,19,0.42
JSm,38,23,61,0.62
JSn,25,27,52,0.48
JSs,31,29,60,0.52
JSt,7,8,15,0.47
JbB,40,25,65,0.62
JbD,3,3,6,0.5
JbH,3,7,10,0.3
JbI,3,4,7,0.43
JbJ,14,13,27,0.52
JbK,0,6,6,0.0
JbL,10,16,26,0.38
JbM,31,35,66,0.47
JbN,55,28,83,0.66
JbP,41,48,89,0.46
JbS,13,12,25,0.52
Jbb,43,42,85,0.51
Jbh,0,1,1,0.0
Jbl,8,17,25,0.32
Jbm,38,24,62,0.61
Jbn,30,26,56,0.54
Jbs,15,12,27,0.56
JhB,2,6,8,0.25
JhD,0,1,1,0.0
JhI,3,2,5,0.6
JhL,2,0,2,1.0
JhM,9,5,14,0.64
JhN,3,9,12,0.25
JhP,6,5,11,0.55
JhS,3,2,5,0.6
Jhb,7,4,11,0.64
Jhh,4,4,8,0.5
Jhl,2,0,2,1.0
Jhm,5,8,13,0.38
Jhn,3,5,8,0.38
Jhs,3,3,6,0.5
JlB,14,10,24,0.58
JlH,6,12,18,0.33
JlI,0,0,0,
JlJ,6,4,10,0.6
JlK,1,2,3,0.33
JlL,6,3,9,0.67
JlM,12,14,26,0.46
JlN,13,16,29,0.45
JlP,7,3,10,0.7
JlS,3,9,12,0.25
Jlb,5,6,11,0.45
Jll,6,2,8,0.75
Jlm,15,13,28,0.54
Jln,5,7,12,0.42
Jls,7,5,12,0.58
JmB,37,37,74,0.5
JmD,6,8,14,0.43
JmH,29,19,48,0.6
JmI,2,3,5,0.4
JmJ,14,4,18,0.78
JmK,3,1,4,0.75
JmL,11,10,21,0.52
JmM,35,54,89,0.39
JmN,36,27,63,0.57
JmP,34,35,69,0.49
JmS,21,21,42,0.5
Jmb,41,42,83,0.49
Jmh,1,1,2,0.5
Jml,12,7,19,0.63
Jmm,32,36,68,0.47
Jmn,28,29,57,0.49
Jms,14,18,32,0.44
JnB,15,18,33,0.45
JnD,4,3,7,0.57
JnH,24,15,39,0.62
JnI,3,7,10,0.3
JnK,0,1,1,0.0
JnL,5,8,13,0.38
JnM,31,39,70,0.44
JnN,35,26,61,0.57
JnP,29,42,71,0.41
JnS,27,27,54,0.5
Jnb,26,20,46,0.57
Jnh,1,1,2,0.5
Jnl,11,9,20,0.55
Jnm,33,19,52,0.63
Jnn,26,25,51,0.51
Jns,21,27,48,0.44
Jnt,0,0,0,
JsB,22,22,44,0.5
JsD,2,3,5,0.4
JsH,16,12,28,0.57
JsI,8,2,10,0.8
JsK,2,1,3,0.67
JsL,7,9,16,0.44
JsM,28,35,63,0.44
JsN,20,23,43,0.47
JsP,35,32,67,0.52
JsS,21,38,59,0.36
Jsb,20,30,50,0.4
Jsh,0,4,4,0.0
Jsl,7,8,15,0.47
Jsm,42,25,67,0.63
Jsn,21,12,33,0.64
Jss,33,20,53,0.62
Jst,0,0,0,
JtB,3,8,11,0.27
JtH,11,4,15,0.73
JtK,1,1,2,0.5
JtL,1,2,3,0.33
JtM,2,8,10,0.2
JtN,7,4,11,0.64
JtP,10,5,15,0.67
JtS,6,4,10,0.6
Jtb,5,2,7,0.71
Jth,1,1,2,0.5
Jtl,0,2,2,0.0
Jtm,4,4,8,0.5
Jtn,5,2,7,0.71
Jts,1,4,5,0.2
Jtt,1,1,2,0.5
KBB,37,42,79,0.47
KBD,6,6,12,0.5
KBI,0,1,1,0.0
KBK,2,6,8,0.25
KBL,11,9,20,0.55
KBM,30,28,58,0.52
KBN,42,35,77,0.55
KBP,48,45,93,0.52
KBS,21,28,49,0.43
KBb,34,31,65,0.52
KBh,3,4,7,0.43
KBj,7,5,12,0.58
KBl,10,17,27,0.37
KBm,48,43,91,0.53
KBn,38,46,84,0.45
KBs,20,20,40,0.5
KBt,8,5,13,0.62
KDB,4,4,8,0.5
KDD,0,3,3,0.0
KDH,8,5,13,0.62
KDI,0,0,0,
KDL,4,2,6,0.67
KDM,4,11,15,0.27
KDN,3,6,9,0.33
KDP,4,5,9,0.44
KDS,10,5,15,0.67
KDb,6,6,12,0.5
KDl,2,4,6,0.33
KDm,11,6,17,0.65
KDn,9,1,10,0.9
KDs,4,6,10,0.4
KDt,1,2,3,0.33
KHB,7,5,12,0.58
KHD,2,2,4,0.5
KHH,2,0,2,1.0
KHI,1,0,1,1.0
KHK,2,2,4,0.5
KHL,1,1,2,0.5
KHM,3,10,13,0.23
KHN,12,10,22,0.55
KHP,14,11,25,0.56
KHS,8,5,13,0.62
KHb,7,5,12,0.58
KHh,1,6,7,0.14
KHl,2,1,3,0.67
KHm,12,9,21,0.57
KHn,7,9,16,0.44
KHs,12,3,15,0.8
KIB,3,8,11,0.27
KID,0,2,2,0.0
KIH,6,6,12,0.5
KII,0,1,1,0.0
KIK,0,2,2,0.0
KIL,1,2,3,0.33
KIM,13,8,21,0.62
KIN,7,6,13,0.54
KIP,8,10,18,0.44
KIS,5,12,17,0.29
KIb,9,7,16,0.56
KIh,2,2,4,0.5
KIl,1,0,1,1.0
KIm,10,5,15,0.67
KIn,5,7,12,0.42
KIs,5,4,9,0.56
KIt,0,2,2,0.0
KKB,1,1,2,0.5
KKH,1,0,1,1.0
KKM,2,1,3,0.67
KKN,2,0,2,1.0
KKP,2,0,2,1.0
KKS,1,0,1,1.0
KKb,1,2,3,0.33
KKh,1,1,2,0.5
KKl,0,1,1,0.0
KKm,3,0,3,1.0
KKn,1,0,1,1.0
KKs,1,4,5,0.2
KLB,20,7,27,0.74
KLD,1,4,5,0.2
KLH,0,1,1,0.0
KLI,1,0,1,1.0
KLK,0,0,0,
KLL,7,7,14,0.5
KLM,15,18,33,0.45
KLN,9,10,19,0.47
KLP,7,9,16,0.44
KLS,19,11,30,0.63
KLb,15,9,24,0.62
KLh,13,1,14,0.93
KLj,5,1,6,0.83
KLl,4,5,9,0.44
KLm,17,18,35,0.49
KLn,17,17,34,0.5
KLs,10,4,14,0.71
KLt,2,0,2,1.0
KMB,51,54,105,0.49
KMD,8,3,11,0.73
KMH,2,1,3,0.67
KMI,1,1,2,0.5
KMK,3,2,5,0.6
KML,9,17,26,0.35
KMM,56,90,146,0.38
KMN,46,62,108,0.43
KMP,41,57,98,0.42
KMS,26,40,66,0.39
KMb,40,50,90,0.44
KMh,41,49,90,0.46
KMj,10,11,21,0.48
KMl,20,19,39,0.51
KMm,61,55,116,0.53
KMn,54,68,122,0.44
KMs,45,42,87,0.52
KMt,9,7,16,0.56
KNB,31,27,58,0.53
KND,4,5,9,0.44
KNH,9,7,16,0.56
KNI,3,0,3,1.0
KNK,5,3,8,0.62
KNL,8,11,19,0.42
KNM,39,50,89,0.44
KNN,38,44,82,0.46
KNP,33,46,79,0.42
KNS,28,43,71,0.39
KNb,26,21,47,0.55
KNh,18,8,26,0.69
KNl,5,8,13,0.38
KNm,51,38,89,0.57
KNn,37,48,85,0.44
KNs,30,33,63,0.48
KNt,3,4,7,0.43
KPB,47,44,91,0.52
KPD,3,4,7,0.43
KPH,15,17,32,0.47
KPI,8,5,13,0.62
KPK,9,13,22,0.41
KPL,27,17,44,0.61
KPM,49,58,107,0.46
KPN,43,54,97,0.44
KPP,52,56,108,0.48
KPS,36,44,80,0.45
KPb,37,37,74,0.5
KPh,5,8,13,0.38
KPl,25,16,41,0.61
KPm,70,46,116,0.6
KPn,43,43,86,0.5
KPs,39,50,89,0.44
KPt,7,4,11,0.64
KSB,22,37,59,0.37
KSD,12,5,17,0.71
KSH,20,13,33,0.61
KSI,5,3,8,0.62
KSK,3,2,5,0.6
KSL,9,12,21,0.43
KSM,39,50,89,0.44
KSN,27,31,58,0.47
KSP,36,42,78,0.46
KSS,48,43,91,0.53
KSb,30,21,51,0.59
KSh,19,22,41,0.46
KSl,23,18,41,0.56
KSm,47,44,91,0.52
KSn,34,31,65,0.52
KSs,45,56,101,0.45
KSt,5,5,10,0.5
KbB,25,33,58,0.43
KbD,2,4,6,0.33
KbH,7,10,17,0.41
KbI,4,2,6,0.67
KbJ,8,9,17,0.47
KbK,2,10,12,0.17
KbL,12,17,29,0.41
KbM,29,36,65,0.45
KbN,34,25,59,0.58
KbP,32,31,63,0.51
KbS,22,23,45,0.49
Kbb,30,35,65,0.46
Kbh,0,0,0,
Kbl,17,11,28,0.61
Kbm,53,32,85,0.62
Kbn,31,31,62,0.5
Kbs,21,23,44,0.48
KhB,22,27,49,0.45
KhD,4,3,7,0.57
KhH,9,7,16,0.56
KhI,5,3,8,0.62
KhK,1,2,3,0.33
KhL,6,16,22,0.27
KhM,41,43,84,0.49
KhN,21,20,41,0.51
KhP,32,32,64,0.5
KhS,42,34,76,0.55
Khb,21,23,44,0.48
Khh,27,31,58,0.47
Khl,11,15,26,0.42
Khm,36,33,69,0.52
Khn,28,28,56,0.5
Khs,38,44,82,0.46
Kht,4,4,8,0.5
KlB,19,11,30,0.63
KlD,3,3,6,0.5
KlH,9,12,21,0.43
KlI,2,2,4,0.5
KlJ,1,1,2,0.5
KlK,1,0,1,1.0
KlL,9,4,13,0.69
KlM,15,29,44,0.34
KlN,17,19,36,0.47
KlP,15,13,28,0.54
KlS,17,19,36,0.47
Klb,15,10,25,0.6
Klh,1,0,1,1.0
Kll,7,7,14,0.5
Klm,15,16,31,0.48
Kln,9,8,17,0.53
Kls,11,8,19,0.58
KmB,43,42,85,0.51
KmD,14,16,30,0.47
KmH,43,36,79,0.54
KmI,5,3,8,0.62
KmJ,20,11,31,0.65
KmK,3,5,8,0.38
KmL,17,17,34,0.5
KmM,65,82,147,0.44
KmN,57,50,107,0.53
KmP,50,52,102,0.49
KmS,50,43,93,0.54
Kmb,43,50,93,0.46
Kmh,0,1,1,0.0
Kml,15,13,28,0.54
Kmm,71,57,128,0.55
Kmn,47,42,89,0.53
Kms,25,31,56,0.45
KnB,27,31,58,0.47
KnD,3,5,8,0.38
KnH,16,27,43,0.37
KnI,6,7,13,0.46
KnK,3,8,11,0.27
KnL,26,13,39,0.67
KnM,47,56,103,0.46
KnN,47,42,89,0.53
KnP,46,58,104,0.44
KnS,32,36,68,0.47
Knb,26,30,56,0.46
Knh,3,4,7,0.43
Knl,9,15,24,0.38
Knm,43,39,82,0.52
Knn,39,28,67,0.58
Kns,31,35,66,0.47
Knt,2,0,2,1.0
KsB,27,19,46,0.59
KsD,13,5,18,0.72
KsH,45,57,102,0.44
KsI,5,7,12,0.42
KsK,0,2,2,0.0
KsL,10,9,19,0.53
KsM,50,51,101,0.5
KsN,43,35,78,0.55
KsP,37,45,82,0.45
KsS,44,49,93,0.47
Ksb,30,29,59,0.51
Ksh,7,3,10,0.7
Ksl,16,10,26,0.62
Ksm,45,34,79,0.57
Ksn,29,32,61,0.48
Kss,51,42,93,0.55
Kst,1,0,1,1.0
KtB,1,4,5,0.2
KtD,2,1,3,0.67
KtH,4,6,10,0.4
KtI,1,1,2,0.5
KtK,0,2,2,0.0
KtL,0,2,2,0.0
KtM,11,5,16,0.69
KtN,4,4,8,0.5
KtP,6,5,11,0.55
KtS,7,7,14,0.5
Ktb,7,3,10,0.7
Kth,0,1,1,0.0
Ktl,1,1,2,0.5
Ktm,3,6,9,0.33
Ktn,2,3,5,0.4
Kts,10,1,11,0.91
Ktt,2,1,3,0.67
LBB,187,226,413,0.45
LBD,20,19,39,0.51
LBH,1,4,5,0.2
LBK,15,15,30,0.5
LBL,43,59,102,0.42
LBM,132,178,310,0.43
LBN,168,193,361,0.47
LBP,177,217,394,0.45
LBS,60,63,123,0.49
LBb,187,200,387,0.48
LBh,16,22,38,0.42
LBj,47,43,90,0.52
LBl,74,69,143,0.52
LBm,217,173,390,0.56
LBn,219,239,458,0.48
LBs,72,79,151,0.48
LBt,21,35,56,0.38
LDB,13,15,28,0.46
LDD,3,3,6,0.5
LDH,15,26,41,0.37
LDI,1,3,4,0.25
LDL,10,12,22,0.45
LDM,16,29,45,0.36
LDN,21,11,32,0.66
LDP,25,26,51,0.49
LDS,19,18,37,0.51
LDb,25,10,35,0.71
LDh,2,1,3,0.67
LDl,9,7,16,0.56
LDm,37,21,58,0.64
LDn,22,21,43,0.51
LDs,16,17,33,0.48
LDt,5,1,6,0.83
LHB,2,3,5,0.4
LHD,0,1,1,0.0
LHH,1,0,1,1.0
LHI,0,2,2,0.0
LHL,1,4,5,0.2
LHM,3,6,9,0.33
LHN,1,2,3,0.33
LHP,5,3,8,0.62
LHS,2,3,5,0.4
LHb,3,2,5,0.6
LHh,0,2,2,0.0
LHl,3,0,3,1.0
LHm,7,4,11,0.64
LHn,1,4,5,0.2
LHs,3,3,6,0.5
LID,0,1,1,0.0
LIL,0,1,1,0.0
LIM,1,2,3,0.33
LIN,0,0,0,
LIP,0,2,2,0.0
LIS,0,1,1,0.0
LIm,2,0,2,1.0
LKB,9,15,24,0.38
LKD,3,1,4,0.75
LKH,1,3,4,0.25
LKI,1,2,3,0.33
LKL,3,3,6,0.5
LKM,18,14,32,0.56
LKN,10,9,19,0.53
LKP,13,24,37,0.35
LKS,13,12,25,0.52
LKb,13,12,25,0.52
LKh,10,12,22,0.45
LKl,6,2,8,0.75
LKm,20,17,37,0.54
LKn,10,13,23,0.43
LKs,9,9,18,0.5
LKt,0,0,0,
LLB,55,60,115,0.48
LLD,3,10,13,0.23
LLH,2,2,4,0.5
LLK,2,5,7,0.29
LLL,22,27,49,0.45
LLM,46,55,101,0.46
LLN,57,56,113,0.5
LLP,76,63,139,0.55
LLS,31,42,73,0.42
LLb,58,63,121,0.48
LLh,16,27,43,0.37
LLj,20,19,39,0.51
LLl,43,35,78,0.55
LLm,77,73,150,0.51
LLn,74,88,162,0.46
LLs,51,36,87,0.59
LLt,9,12,21,0.43
LMB,154,189,343,0.45
LMD,21,20,41,0.51
LMH,2,4,6,0.33
LMI,0,1,1,0.0
LMK,4,3,7,0.57
LML,39,47,86,0.45
LMM,161,194,355,0.45
LMN,139,161,300,0.46
LMP,191,199,390,0.49
LMS,82,99,181,0.45
LMb,161,156,317,0.51
LMh,105,128,233,0.45
LMj,26,28,54,0.48
LMl,57,64,121,0.47
LMm,226,180,406,0.56
LMn,221,233,454,0.49
LMs,103,98,201,0.51
LMt,18,20,38,0.47
LNB,151,165,316,0.48
LND,18,17,35,0.51
LNH,27,36,63,0.43
LNI,6,4,10,0.6
LNK,10,10,20,0.5
LNL,45,44,89,0.51
LNM,141,167,308,0.46
LNN,204,208,412,0.5
LNP,221,247,468,0.47
LNS,128,149,277,0.46
LNb,149,151,300,0.5
LNh,51,58,109,0.47
LNl,46,88,134,0.34
LNm,221,167,388,0.57
LNn,198,204,402,0.49
LNs,126,127,253,0.5
LNt,23,27,50,0.46
LPB,178,182,360,0.49
LPD,30,25,55,0.55
LPH,45,54,99,0.45
LPI,24,27,51,0.47
LPK,21,27,48,0.44
LPL,96,84,180,0.53
LPM,184,214,398,0.46
LPN,187,194,381,0.49
LPP,281,300,581,0.48
LPS,156,182,338,0.46
LPb,190,173,363,0.52
LPh,18,25,43,0.42
LPl,89,83,172,0.52
LPm,254,197,451,0.56
LPn,211,201,412,0.51
LPs,179,138,317,0.56
LPt,28,17,45,0.62
LSB,103,110,213,0.48
LSD,15,13,28,0.54
LSH,48,49,97,0.49
LSI,9,9,18,0.5
LSK,8,5,13,0.62
LSL,42,44,86,0.49
LSM,124,152,276,0.45
LSN,95,106,201,0.47
LSP,135,149,284,0.48
LSS,139,165,304,0.46
LSb,108,84,192,0.56
LSh,57,60,117,0.49
LSl,43,41,84,0.51
LSm,160,131,291,0.55
LSn,125,119,244,0.51
LSs,141,143,284,0.5
LSt,28,24,52,0.54
LbB,127,125,252,0.5
LbD,22,14,36,0.61
LbH,50,54,104,0.48
LbI,20,15,35,0.57
LbJ,48,42,90,0.53
LbK,13,20,33,0.39
LbL,54,46,100,0.54
LbM,133,172,305,0.44
LbN,190,188,378,0.5
LbP,176,159,335,0.53
LbS,98,124,222,0.44
Lbb,150,124,274,0.55
Lbh,0,2,2,0.0
Lbl,60,55,115,0.52
Lbm,186,145,331,0.56
Lbn,174,136,310,0.56
Lbs,99,97,196,0.51
LhB,68,67,135,0.5
LhD,12,6,18,0.67
LhH,13,17,30,0.43
LhI,5,7,12,0.42
LhK,4,0,4,1.0
LhL,22,25,47,0.47
LhM,62,90,152,0.41
LhN,53,67,120,0.44
LhP,79,81,160,0.49
LhS,75,66,141,0.53
Lhb,56,58,114,0.49
Lhh,46,71,117,0.39
Lhl,30,17,47,0.64
Lhm,85,78,163,0.52
Lhn,79,72,151,0.52
Lhs,73,52,125,0.58
Lht,13,10,23,0.57
LjB,34,38,72,0.47
LjD,1,4,5,0.2
LjH,7,13,20,0.35
LjI,6,7,13,0.46
LjK,4,3,7,0.57
LjL,15,18,33,0.45
LjM,34,37,71,0.48
LjN,31,37,68,0.46
LjP,48,39,87,0.55
LjS,21,24,45,0.47
Ljb,33,32,65,0.51
Ljh,2,13,15,0.13
Ljl,22,16,38,0.58
Ljm,49,45,94,0.52
Ljn,38,39,77,0.49
Ljs,36,23,59,0.61
Ljt,2,7,9,0.22
LlB,57,53,110,0.52
LlD,8,13,21,0.38
LlH,59,56,115,0.51
LlI,10,9,19,0.53
LlJ,20,19,39,0.51
LlK,1,8,9,0.11
LlL,25,35,60,0.42
LlM,77,85,162,0.48
LlN,75,74,149,0.5
LlP,80,83,163,0.49
LlS,62,68,130,0.48
Llb,60,47,107,0.56
Llh,0,1,1,0.0
Lll,22,40,62,0.35
Llm,69,61,130,0.53
Lln,59,64,123,0.48
Lls,55,53,108,0.51
Llt,0,1,1,0.0
LmB,157,162,319,0.49
LmD,55,24,79,0.7
LmH,156,170,326,0.48
LmI,20,30,50,0.4
LmJ,50,48,98,0.51
LmK,1,4,5,0.2
LmL,66,75,141,0.47
LmM,199,270,469,0.42
LmN,236,247,483,0.49
LmP,206,219,425,0.48
LmS,162,172,334,0.49
Lmb,174,190,364,0.48
Lmh,3,2,5,0.6
Lml,64,49,113,0.57
Lmm,232,176,408,0.57
Lmn,195,189,384,0.51
Lms,129,143,272,0.47
Lmt,1,1,2,0.5
LnB,204,172,376,0.54
LnD,45,28,73,0.62
LnH,118,129,247,0.48
LnI,51,25,76,0.67
LnK,18,25,43,0.42
LnL,70,81,151,0.46
LnM,195,258,453,0.43
LnN,265,296,561,0.47
LnP,299,314,613,0.49
LnS,189,205,394,0.48
Lnb,190,158,348,0.55
Lnh,15,20,35,0.43
Lnl,91,68,159,0.57
Lnm,262,228,490,0.53
Lnn,237,225,462,0.51
Lns,198,187,385,0.51
Lnt,4,5,9,0.44
LsB,83,117,200,0.42
LsD,25,24,49,0.51
LsH,123,135,258,0.48
LsI,30,29,59,0.51
LsK,4,3,7,0.57
LsL,50,37,87,0.57
LsM,134,119,253,0.53
LsN,119,132,251,0.47
LsP,164,158,322,0.51
LsS,153,187,340,0.45
Lsb,93,91,184,0.51
Lsh,10,14,24,0.42
Lsl,42,43,85,0.49
Lsm,151,155,306,0.49
Lsn,121,119,240,0.5
Lss,163,138,301,0.54
Lst,2,0,2,1.0
LtB,24,34,58,0.41
LtD,1,2,3,0.33
LtH,25,10,35,0.71
LtI,1,1,2,0.5
LtK,1,2,3,0.33
LtL,7,18,25,0.28
LtM,36,32,68,0.53
LtN,27,36,63,0.43
LtP,36,31,67,0.54
LtS,25,27,52,0.48
Ltb,24,18,42,0.57
Lth,0,0,0,
Ltl,15,10,25,0.6
Ltm,38,17,55,0.69
Ltn,20,24,44,0.45
Lts,12,17,29,0.41
Ltt,2,5,7,0.29
MBB,635,838,1473,0.43
MBD,87,77,164,0.53
MBH,9,7,16,0.56
MBI,4,0,4,1.0
MBK,47,73,120,0.39
MBL,112,154,266,0.42
MBM,522,656,1178,0.44
MBN,622,776,1398,0.44
MBP,614,685,1299,0.47
MBS,238,299,537,0.44
MBb,676,666,1342,0.5
MBh,60,58,118,0.51
MBj,137,158,295,0.46
MBl,173,159,332,0.52
MBm,723,712,1435,0.5
MBn,819,884,1703,0.48
MBs,304,266,570,0.53
MBt,85,101,186,0.46
MDB,70,55,125,0.56
MDD,21,26,47,0.45
MDH,86,90,176,0.49
MDI,19,11,30,0.63
MDK,0,1,1,0.0
MDL,16,23,39,0.41
MDM,109,130,239,0.46
MDN,78,94,172,0.45
MDP,85,95,180,0.47
MDS,80,102,182,0.44
MDb,64,73,137,0.47
MDh,7,10,17,0.41
MDl,24,26,50,0.48
MDm,133,117,250,0.53
MDn,77,71,148,0.52
MDs,93,86,179,0.52
MDt,14,13,27,0.52
MHB,12,9,21,0.57
MHD,2,1,3,0.67
MHH,3,2,5,0.6
MHI,2,2,4,0.5
MHK,1,0,1,1.0
MHL,3,1,4,0.75
MHM,14,17,31,0.45
MHN,5,6,11,0.45
MHP,10,12,22,0.45
MHS,14,16,30,0.47
MHb,4,9,13,0.31
MHh,2,4,6,0.33
MHl,3,4,7,0.43
MHm,19,11,30,0.63
MHn,12,11,23,0.52
MHs,9,11,20,0.45
MIB,2,3,5,0.4
MIH,0,1,1,0.0
MII,0,1,1,0.0
MIL,2,1,3,0.67
MIM,2,10,12,0.17
MIN,3,1,4,0.75
MIP,2,6,8,0.25
MIS,5,5,10,0.5
MIb,5,1,6,0.83
MIh,0,2,2,0.0
MIl,0,0,0,
MIm,9,5,14,0.64
MIn,5,1,6,0.83
MIs,3,4,7,0.43
MIt,1,1,2,0.5
MKB,21,15,36,0.58
MKD,0,3,3,0.0
MKH,3,4,7,0.43
MKI,3,6,9,0.33
MKK,1,2,3,0.33
MKL,2,3,5,0.4
MKM,22,31,53,0.42
MKN,13,16,29,0.45
MKP,20,14,34,0.59
MKS,14,22,36,0.39
MKb,9,12,21,0.43
MKh,10,18,28,0.36
MKl,7,4,11,0.64
MKm,22,22,44,0.5
MKn,23,21,44,0.52
MKs,16,17,33,0.48
MKt,1,2,3,0.33
MLB,144,177,321,0.45
MLD,17,17,34,0.5
MLH,1,3,4,0.25
MLI,1,0,1,1.0
MLK,15,13,28,0.54
MLL,33,50,83,0.4
MLM,109,136,245,0.44
MLN,140,139,279,0.5
MLP,158,168,326,0.48
MLS,83,104,187,0.44
MLb,152,149,301,0.5
MLh,54,66,120,0.45
MLj,34,24,58,0.59
MLl,55,50,105,0.52
MLm,200,165,365,0.55
MLn,199,200,399,0.5
MLs,102,101,203,0.5
MLt,26,20,46,0.57
MMB,620,737,1357,0.46
MMD,83,92,175,0.47
MMH,14,12,26,0.54
MMI,8,5,13,0.62
MMK,18,24,42,0.43
MML,90,138,228,0.39
MMM,602,725,1327,0.45
MMN,583,672,1255,0.46
MMP,690,703,1393,0.5
MMS,363,425,788,0.46
MMb,661,640,1301,0.51
MMh,402,461,863,0.47
MMj,91,81,172,0.53
MMl,179,156,335,0.53
MMm,919,743,1662,0.55
MMn,853,980,1833,0.47
MMs,381,399,780,0.49
MMt,93,88,181,0.51
MNB,504,668,1172,0.43
MND,110,113,223,0.49
MNH,120,143,263,0.46
MNI,21,25,46,0.46
MNK,56,72,128,0.44
MNL,153,167,320,0.48
MNM,526,740,1266,0.42
MNN,748,805,1553,0.48
MNP,826,765,1591,0.52
MNS,472,509,981,0.48
MNb,526,459,985,0.53
MNh,185,210,395,0.47
MNl,154,142,296,0.52
MNm,745,668,1413,0.53
MNn,860,947,1807,0.48
MNs,520,516,1036,0.5
MNt,100,111,211,0.47
MPB,553,665,1218,0.45
MPD,78,77,155,0.5
MPH,178,209,387,0.46
MPI,94,82,176,0.53
MPK,75,94,169,0.44
MPL,193,211,404,0.48
MPM,605,765,1370,0.44
MPN,740,790,1530,0.48
MPP,903,859,1762,0.51
MPS,469,569,1038,0.45
MPb,584,567,1151,0.51
MPh,70,83,153,0.46
MPl,222,213,435,0.51
MPm,852,716,1568,0.54
MPn,704,719,1423,0.49
MPs,484,537,1021,0.47
MPt,82,90,172,0.48
MSB,319,342,661,0.48
MSD,84,70,154,0.55
MSH,216,206,422,0.51
MSI,31,24,55,0.56
MSK,7,10,17,0.41
MSL,100,127,227,0.44
MSM,425,500,925,0.46
MSN,375,424,799,0.47
MSP,376,419,795,0.47
MSS,540,614,1154,0.47
MSb,304,293,597,0.51
MSh,237,260,497,0.48
MSl,104,107,211,0.49
MSm,615,468,1083,0.57
MSn,473,452,925,0.51
MSs,511,479,990,0.52
MSt,101,67,168,0.6
MbB,494,446,940,0.53
MbD,87,73,160,0.54
MbH,207,187,394,0.53
MbI,73,74,147,0.5
MbJ,182,168,350,0.52
MbK,73,83,156,0.47
MbL,117,112,229,0.51
MbM,513,669,1182,0.43
MbN,763,867,1630,0.47
MbP,593,622,1215,0.49
MbS,408,442,850,0.48
Mbb,501,459,960,0.52
Mbh,4,4,8,0.5
Mbl,145,129,274,0.53
Mbm,624,489,1113,0.56
Mbn,667,656,1323,0.5
Mbs,373,371,744,0.5
Mbt,3,2,5,0.6
MhB,370,443,813,0.46
MhD,58,54,112,0.52
MhH,102,105,207,0.49
MhI,70,59,129,0.54
MhK,14,24,38,0.37
MhL,110,136,246,0.45
MhM,450,577,1027,0.44
MhN,423,458,881,0.48
MhP,524,508,1032,0.51
MhS,380,431,811,0.47
Mhb,361,300,661,0.55
Mhh,317,359,676,0.47
Mhl,145,138,283,0.51
Mhm,631,520,1151,0.55
Mhn,485,504,989,0.49
Mhs,460,398,858,0.54
Mht,47,47,94,0.5
MjB,81,88,169,0.48
MjD,11,10,21,0.52
MjH,29,35,64,0.45
MjI,17,12,29,0.59
MjK,11,14,25,0.44
MjL,34,42,76,0.45
MjM,85,111,196,0.43
MjN,108,102,210,0.51
MjP,128,127,255,0.5
MjS,73,60,133,0.55
Mjb,75,81,156,0.48
Mjh,12,10,22,0.55
Mjl,50,33,83,0.6
Mjm,104,99,203,0.51
Mjn,97,85,182,0.53
Mjs,88,73,161,0.55
Mjt,15,15,30,0.5
MlB,159,135,294,0.54
MlD,21,15,36,0.58
MlH,121,146,267,0.45
MlI,29,21,50,0.58
MlJ,66,61,127,0.52
MlK,10,10,20,0.5
MlL,70,56,126,0.56
MlM,206,220,426,0.48
MlN,216,207,423,0.51
MlP,198,198,396,0.5
MlS,152,179,331,0.46
Mlb,159,142,301,0.53
Mlh,1,3,4,0.25
Mll,57,47,104,0.55
Mlm,201,180,381,0.53
Mln,182,175,357,0.51
Mls,149,154,303,0.49
MmB,621,673,1294,0.48
MmD,163,143,306,0.53
MmH,619,642,1261,0.49
MmI,109,86,195,0.56
MmJ,179,155,334,0.54
MmK,22,21,43,0.51
MmL,166,185,351,0.47
MmM,759,1036,1795,0.42
MmN,992,1007,1999,0.5
MmP,784,775,1559,0.5
MmS,652,686,1338,0.49
Mmb,634,605,1239,0.51
Mmh,8,13,21,0.38
Mml,183,141,324,0.56
Mmm,845,661,1506,0.56
Mmn,845,800,1645,0.51
Mms,576,532,1108,0.52
Mmt,6,0,6,1.0
MnB,595,749,1344,0.44
MnD,139,132,271,0.51
MnH,453,538,991,0.46
MnI,199,182,381,0.52
MnK,83,109,192,0.43
MnL,168,208,376,0.45
MnM,814,961,1775,0.46
MnN,1139,1209,2348,0.49
MnP,1081,1119,2200,0.49
MnS,733,807,1540,0.48
Mnb,630,611,1241,0.51
Mnh,55,64,119,0.46
Mnl,211,211,422,0.5
Mnm,1011,841,1852,0.55
Mnn,1072,1022,2094,0.51
Mns,780,749,1529,0.51
Mnt,13,10,23,0.57
MsB,304,304,608,0.5
MsD,91,87,178,0.51
MsH,456,502,958,0.48
MsI,92,82,174,0.53
MsK,13,5,18,0.72
MsL,109,130,239,0.46
MsM,441,542,983,0.45
MsN,544,543,1087,0.5
MsP,478,460,938,0.51
MsS,592,653,1245,0.48
Msb,312,320,632,0.49
Msh,31,41,72,0.43
Msl,123,91,214,0.57
Msm,544,462,1006,0.54
Msn,427,485,912,0.47
Mss,527,521,1048,0.5
Mst,14,8,22,0.64
MtB,74,97,171,0.43
MtD,12,10,22,0.55
MtH,70,76,146,0.48
MtI,9,14,23,0.39
MtK,4,8,12,0.33
MtL,23,24,47,0.49
MtM,91,108,199,0.46
MtN,92,100,192,0.48
MtP,98,117,215,0.46
MtS,78,84,162,0.48
Mtb,74,80,154,0.48
Mth,2,5,7,0.29
Mtl,34,30,64,0.53
Mtm,106,123,229,0.46
Mtn,75,87,162,0.46
Mts,65,91,156,0.42
Mtt,17,22,39,0.44
NBB,569,620,1189,0.48
NBD,74,73,147,0.5
NBH,6,8,14,0.43
NBI,1,3,4,0.25
NBK,75,64,139,0.54
NBL,136,151,287,0.47
NBM,496,584,1080,0.46
NBN,601,702,1303,0.46
NBP,647,728,1375,0.47
NBS,288,356,644,0.45
NBb,526,514,1040,0.51
NBh,50,77,127,0.39
NBj,110,133,243,0.45
NBl,159,170,329,0.48
NBm,695,545,1240,0.56
NBn,806,811,1617,0.5
NBs,298,319,617,0.48
NBt,79,90,169,0.47
NDB,88,74,162,0.54
NDD,35,20,55,0.64
NDH,105,131,236,0.44
NDI,8,11,19,0.42
NDK,2,0,2,1.0
NDL,34,32,66,0.52
NDM,106,128,234,0.45
NDN,111,125,236,0.47
NDP,115,104,219,0.53
NDS,110,145,255,0.43
NDb,68,70,138,0.49
NDh,6,9,15,0.4
NDl,24,27,51,0.47
NDm,132,119,251,0.53
NDn,97,110,207,0.47
NDs,113,88,201,0.56
NDt,17,10,27,0.63
NHB,102,86,188,0.54
NHD,24,12,36,0.67
NHH,31,31,62,0.5
NHI,15,23,38,0.39
NHK,21,15,36,0.58
NHL,33,32,65,0.51
NHM,108,173,281,0.38
NHN,145,171,316,0.46
NHP,143,158,301,0.48
NHS,142,162,304,0.47
NHb,83,96,179,0.46
NHh,45,47,92,0.49
NHl,41,54,95,0.43
NHm,151,124,275,0.55
NHn,145,144,289,0.5
NHs,145,156,301,0.48
NHt,9,10,19,0.47
NIB,16,18,34,0.47
NID,3,2,5,0.6
NIH,12,17,29,0.41
NII,5,5,10,0.5
NIK,1,1,2,0.5
NIL,9,4,13,0.69
NIM,11,20,31,0.35
NIN,18,14,32,0.56
NIP,16,21,37,0.43
NIS,15,18,33,0.45
NIb,15,15,30,0.5
NIh,2,2,4,0.5
NIl,5,3,8,0.62
NIm,31,22,53,0.58
NIn,17,21,38,0.45
NIs,10,17,27,0.37
NIt,7,2,9,0.78
NKB,51,58,109,0.47
NKD,11,12,23,0.48
NKH,11,16,27,0.41
NKI,18,11,29,0.62
NKK,1,4,5,0.2
NKL,21,19,40,0.52
NKM,79,84,163,0.48
NKN,75,51,126,0.6
NKP,73,82,155,0.47
NKS,62,66,128,0.48
NKb,45,49,94,0.48
NKh,49,50,99,0.49
NKl,23,22,45,0.51
NKm,74,80,154,0.48
NKn,74,70,144,0.51
NKs,80,70,150,0.53
NKt,12,9,21,0.57
NLB,164,200,364,0.45
NLD,20,18,38,0.53
NLH,5,2,7,0.71
NLK,7,9,16,0.44
NLL,64,47,111,0.58
NLM,165,194,359,0.46
NLN,188,190,378,0.5
NLP,222,221,443,0.5
NLS,106,142,248,0.43
NLb,161,154,315,0.51
NLh,64,76,140,0.46
NLj,30,30,60,0.5
NLl,67,68,135,0.5
NLm,190,197,387,0.49
NLn,243,218,461,0.53
NLs,128,149,277,0.46
NLt,30,18,48,0.62
NMB,608,672,1280,0.48
NMD,89,90,179,0.5
NMH,7,7,14,0.5
NMI,3,4,7,0.43
NMK,19,22,41,0.46
NML,120,166,286,0.42
NMM,485,717,1202,0.4
NMN,699,768,1467,0.48
NMP,696,758,1454,0.48
NMS,337,444,781,0.43
NMb,600,592,1192,0.5
NMh,442,494,936,0.47
NMj,102,110,212,0.48
NMl,189,181,370,0.51
NMm,898,691,1589,0.57
NMn,925,987,1912,0.48
NMs,464,450,914,0.51
NMt,103,100,203,0.51
NNB,608,701,1309,0.46
NND,152,113,265,0.57
NNH,156,155,311,0.5
NNI,28,17,45,0.62
NNK,78,91,169,0.46
NNL,197,230,427,0.46
NNM,653,908,1561,0.42
NNN,1012,1044,2056,0.49
NNP,998,992,1990,0.5
NNS,670,750,1420,0.47
NNb,559,562,1121,0.5
NNh,243,312,555,0.44
NNl,238,233,471,0.51
NNm,908,791,1699,0.53
NNn,1050,1104,2154,0.49
NNs,770,688,1458,0.53
NNt,147,147,294,0.5
NPB,694,688,1382,0.5
NPD,120,91,211,0.57
NPH,272,274,546,0.5
NPI,138,139,277,0.5
NPK,99,115,214,0.46
NPL,279,314,593,0.47
NPM,805,994,1799,0.45
NPN,902,991,1893,0.48
NPP,1129,1138,2267,0.5
NPS,710,741,1451,0.49
NPb,608,612,1220,0.5
NPh,102,124,226,0.45
NPl,313,264,577,0.54
NPm,976,782,1758,0.56
NPn,840,832,1672,0.5
NPs,676,717,1393,0.49
NPt,99,101,200,0.5
NSB,416,427,843,0.49
NSD,112,104,216,0.52
NSH,210,243,453,0.46
NSI,40,22,62,0.65
NSK,13,14,27,0.48
NSL,132,166,298,0.44
NSM,577,685,1262,0.46
NSN,639,586,1225,0.52
NSP,566,617,1183,0.48
NSS,766,748,1514,0.51
NSb,365,376,741,0.49
NSh,331,340,671,0.49
NSl,148,157,305,0.49
NSm,683,627,1310,0.52
NSn,701,627,1328,0.53
NSs,711,673,1384,0.51
NSt,120,108,228,0.53
NbB,421,424,845,0.5
NbD,74,55,129,0.57
NbH,140,159,299,0.47
NbI,63,63,126,0.5
NbJ,162,156,318,0.51
NbK,57,72,129,0.44
NbL,139,140,279,0.5
NbM,515,553,1068,0.48
NbN,660,624,1284,0.51
NbP,588,530,1118,0.53
NbS,279,342,621,0.45
Nbb,506,485,991,0.51
Nbh,3,5,8,0.38
Nbl,163,118,281,0.58
Nbm,521,444,965,0.54
Nbn,560,543,1103,0.51
Nbs,316,279,595,0.53
Nbt,2,0,2,1.0
NhB,169,183,352,0.48
NhD,23,24,47,0.49
NhH,67,71,138,0.49
NhI,34,29,63,0.54
NhK,7,5,12,0.58
NhL,56,63,119,0.47
NhM,215,245,460,0.47
NhN,226,191,417,0.54
NhP,235,255,490,0.48
NhS,189,250,439,0.43
Nhb,135,153,288,0.47
Nhh,169,184,353,0.48
Nhl,65,68,133,0.49
Nhm,267,247,514,0.52
Nhn,254,242,496,0.51
Nhs,260,211,471,0.55
Nht,36,36,72,0.5
NlB,137,145,282,0.49
NlD,22,23,45,0.49
NlH,126,142,268,0.47
NlI,13,25,38,0.34
NlJ,63,58,121,0.52
NlK,9,13,22,0.41
NlL,60,62,122,0.49
NlM,177,196,373,0.47
NlN,232,248,480,0.48
NlP,207,197,404,0.51
NlS,162,135,297,0.55
Nlb,173,162,335,0.52
Nlh,0,2,2,0.0
Nll,78,69,147,0.53
Nlm,213,146,359,0.59
Nln,171,151,322,0.53
Nls,138,138,276,0.5
NmB,550,543,1093,0.5
NmD,152,146,298,0.51
NmH,546,604,1150,0.47
NmI,93,72,165,0.56
NmJ,162,169,331,0.49
NmK,17,17,34,0.5
NmL,141,188,329,0.43
NmM,677,900,1577,0.43
NmN,893,907,1800,0.5
NmP,771,729,1500,0.51
NmS,551,581,1132,0.49
Nmb,646,564,1210,0.53
Nmh,5,9,14,0.36
Nml,159,152,311,0.51
Nmm,739,613,1352,0.55
Nmn,778,743,1521,0.51
Nms,472,442,914,0.52
Nmt,1,1,2,0.5
NnB,606,587,1193,0.51
NnD,151,145,296,0.51
NnH,575,527,1102,0.52
NnI,193,140,333,0.58
NnK,96,94,190,0.51
NnL,192,230,422,0.45
NnM,818,954,1772,0.46
NnN,1162,1210,2372,0.49
NnP,1142,1142,2284,0.5
NnS,783,906,1689,0.46
Nnb,645,632,1277,0.51
Nnh,31,60,91,0.34
Nnl,227,204,431,0.53
Nnm,910,785,1695,0.54
Nnn,1057,962,2019,0.52
Nns,782,734,1516,0.52
Nnt,19,17,36,0.53
NsB,364,373,737,0.49
NsD,120,110,230,0.52
NsH,537,634,1171,0.46
NsI,123,120,243,0.51
NsK,10,13,23,0.43
NsL,166,165,331,0.5
NsM,541,599,1140,0.47
NsN,715,664,1379,0.52
NsP,605,605,1210,0.5
NsS,759,786,1545,0.49
Nsb,400,393,793,0.5
Nsh,44,50,94,0.47
Nsl,159,160,319,0.5
Nsm,636,588,1224,0.52
Nsn,572,579,1151,0.5
Nss,649,648,1297,0.5
Nst,11,13,24,0.46
NtB,99,90,189,0.52
NtD,14,20,34,0.41
NtH,73,95,168,0.43
NtI,12,12,24,0.5
NtK,11,14,25,0.44
NtL,34,35,69,0.49
NtM,129,141,270,0.48
NtN,141,123,264,0.53
NtP,138,146,284,0.49
NtS,143,134,277,0.52
Ntb,89,81,170,0.52
Nth,4,9,13,0.31
Ntl,49,33,82,0.6
Ntm,125,123,248,0.5
Ntn,132,130,262,0.5
Nts,96,121,217,0.44
Ntt,23,22,45,0.51
P,1,0,1,1.0
PBB,619,700,1319,0.47
PBD,72,84,156,0.46
PBH,6,12,18,0.33
PBI,2,1,3,0.67
PBK,63,66,129,0.49
PBL,199,237,436,0.46
PBM,534,715,1249,0.43
PBN,601,632,1233,0.49
PBP,688,718,1406,0.49
PBS,361,336,697,0.52
PBb,565,554,1119,0.5
PBh,59,65,124,0.48
PBj,131,144,275,0.48
PBl,229,226,455,0.5
PBm,767,636,1403,0.55
PBn,717,716,1433,0.5
PBs,344,330,674,0.51
PBt,70,96,166,0.42
PDB,61,67,128,0.48
PDD,16,15,31,0.52
PDH,77,77,154,0.5
PDI,6,7,13,0.46
PDK,1,2,3,0.33
PDL,30,35,65,0.46
PDM,90,128,218,0.41
PDN,65,72,137,0.47
PDP,107,96,203,0.53
PDS,80,97,177,0.45
PDb,59,58,117,0.5
PDh,4,3,7,0.57
PDl,23,45,68,0.34
PDm,103,95,198,0.52
PDn,66,56,122,0.54
PDs,82,69,151,0.54
PDt,13,8,21,0.62
PHB,145,147,292,0.5
PHD,31,20,51,0.61
PHH,43,47,90,0.48
PHI,36,31,67,0.54
PHK,21,22,43,0.49
PHL,75,72,147,0.51
PHM,194,247,441,0.44
PHN,211,221,432,0.49
PHP,266,258,524,0.51
PHS,235,218,453,0.52
PHb,172,128,300,0.57
PHh,70,82,152,0.46
PHl,88,95,183,0.48
PHm,252,205,457,0.55
PHn,216,224,440,0.49
PHs,224,194,418,0.54
PHt,13,14,27,0.48
PIB,85,90,175,0.49
PID,23,12,35,0.66
PIH,61,81,142,0.43
PII,9,11,20,0.45
PIK,4,3,7,0.57
PIL,30,33,63,0.48
PIM,93,145,238,0.39
PIN,113,86,199,0.57
PIP,98,111,209,0.47
PIS,97,91,188,0.52
PIb,90,79,169,0.53
PIh,8,7,15,0.53
PIl,40,29,69,0.58
PIm,141,101,242,0.58
PIn,76,67,143,0.53
PIs,70,62,132,0.53
PIt,9,11,20,0.45
PKB,63,61,124,0.51
PKD,12,10,22,0.55
PKH,12,15,27,0.44
PKI,14,10,24,0.58
PKK,4,2,6,0.67
PKL,34,31,65,0.52
PKM,110,105,215,0.51
PKN,65,59,124,0.52
PKP,99,108,207,0.48
PKS,73,84,157,0.46
PKb,63,81,144,0.44
PKh,51,73,124,0.41
PKl,52,32,84,0.62
PKm,101,90,191,0.53
PKn,79,52,131,0.6
PKs,81,84,165,0.49
PKt,6,14,20,0.3
PLB,252,283,535,0.47
PLD,31,32,63,0.49
PLH,2,3,5,0.4
PLI,2,0,2,1.0
PLK,25,27,52,0.48
PLL,89,135,224,0.4
PLM,214,295,509,0.42
PLN,214,235,449,0.48
PLP,273,319,592,0.46
PLS,170,182,352,0.48
PLb,195,248,443,0.44
PLh,82,116,198,0.41
PLj,36,57,93,0.39
PLl,137,132,269,0.51
PLm,336,277,613,0.55
PLn,319,312,631,0.51
PLs,200,183,383,0.52
PLt,36,34,70,0.51
PMB,737,781,1518,0.49
PMD,99,105,204,0.49
PMH,5,15,20,0.25
PMI,7,3,10,0.7
PMK,21,23,44,0.48
PML,187,236,423,0.44
PMM,654,879,1533,0.43
PMN,635,712,1347,0.47
PMP,805,849,1654,0.49
PMS,462,473,935,0.49
PMb,707,686,1393,0.51
PMh,476,578,1054,0.45
PMj,109,113,222,0.49
PMl,287,274,561,0.51
PMm,993,860,1853,0.54
PMn,877,916,1793,0.49
PMs,499,550,1049,0.48
PMt,88,95,183,0.48
PN,0,1,1,0.0
PNB,567,634,1201,0.47
PND,120,106,226,0.53
PNH,137,139,276,0.5
PNI,23,12,35,0.66
PNK,52,82,134,0.39
PNL,239,271,510,0.47
PNM,695,761,1456,0.48
PNN,737,800,1537,0.48
PNP,936,940,1876,0.5
PNS,606,671,1277,0.47
PNb,557,545,1102,0.51
PNh,220,274,494,0.45
PNl,260,262,522,0.5
PNm,833,703,1536,0.54
PNn,834,835,1669,0.5
PNs,608,608,1216,0.5
PNt,139,113,252,0.55
PPB,815,849,1664,0.49
PPD,107,80,187,0.57
PPH,232,287,519,0.45
PPI,150,93,243,0.62
PPK,87,105,192,0.45
PPL,394,442,836,0.47
PPM,950,1169,2119,0.45
PPN,802,816,1618,0.5
PPP,1216,1271,2487,0.49
PPS,772,835,1607,0.48
PPb,816,736,1552,0.53
PPh,110,148,258,0.43
PPl,486,425,911,0.53
PPm,1135,931,2066,0.55
PPn,817,794,1611,0.51
PPs,715,711,1426,0.5
PPt,93,96,189,0.49
PSB,453,442,895,0.51
PSD,101,83,184,0.55
PSH,226,252,478,0.47
PSI,33,26,59,0.56
PSK,24,27,51,0.47
PSL,222,208,430,0.52
PSM,598,729,1327,0.45
PSN,496,486,982,0.51
PSP,640,638,1278,0.5
PSS,648,746,1394,0.46
PSb,364,420,784,0.46
PSh,285,353,638,0.45
PSl,225,206,431,0.52
PSm,700,598,1298,0.54
PSn,549,576,1125,0.49
PSs,714,657,1371,0.52
PSt,99,101,200,0.5
PbB,562,536,1098,0.51
PbD,50,44,94,0.53
PbH,136,143,279,0.49
PbI,79,50,129,0.61
PbJ,166,168,334,0.5
PbK,62,68,130,0.48
PbL,200,243,443,0.45
PbM,624,749,1373,0.45
PbN,678,681,1359,0.5
PbP,668,714,1382,0.48
PbS,365,361,726,0.5
Pbb,683,617,1300,0.53
Pbh,1,4,5,0.2
Pbl,269,221,490,0.55
Pbm,665,500,1165,0.57
Pbn,581,436,1017,0.57
Pbs,334,297,631,0.53
Pbt,0,3,3,0.0
PhB,75,75,150,0.5
PhD,12,15,27,0.44
PhH,25,21,46,0.54
PhI,13,12,25,0.52
PhK,3,2,5,0.6
PhL,25,31,56,0.45
PhM,81,98,179,0.45
PhN,65,74,139,0.47
PhP,96,99,195,0.49
PhS,103,93,196,0.53
Phb,75,65,140,0.54
Phh,67,81,148,0.45
Phl,37,32,69,0.54
Phm,112,108,220,0.51
Phn,60,78,138,0.43
Phs,96,66,162,0.59
Pht,8,12,20,0.4
PlB,244,263,507,0.48
PlD,23,27,50,0.46
PlH,155,140,295,0.53
PlI,37,23,60,0.62
PlJ,77,68,145,0.53
PlK,11,22,33,0.33
PlL,129,119,248,0.52
PlM,274,321,595,0.46
PlN,273,271,544,0.5
PlP,281,270,551,0.51
PlS,206,203,409,0.5
Plb,235,273,508,0.46
Plh,3,5,8,0.38
Pll,116,101,217,0.53
Plm,312,217,529,0.59
Pln,203,180,383,0.53
Pls,166,171,337,0.49
Plt,1,0,1,1.0
PmB,687,726,1413,0.49
PmD,124,124,248,0.5
PmH,594,654,1248,0.48
PmI,66,69,135,0.49
PmJ,159,173,332,0.48
PmK,12,23,35,0.34
PmL,287,276,563,0.51
PmM,821,988,1809,0.45
PmN,860,785,1645,0.52
PmP,860,853,1713,0.5
PmS,568,573,1141,0.5
Pmb,760,664,1424,0.53
Pmh,8,18,26,0.31
Pml,262,236,498,0.53
Pmm,849,651,1500,0.57
Pmn,702,586,1288,0.55
Pms,494,400,894,0.55
Pmt,5,4,9,0.56
PnB,500,517,1017,0.49
PnD,91,84,175,0.52
PnH,346,381,727,0.48
PnI,127,113,240,0.53
PnK,58,72,130,0.45
PnL,217,245,462,0.47
PnM,607,752,1359,0.45
PnN,771,800,1571,0.49
PnP,931,906,1837,0.51
PnS,569,637,1206,0.47
Pnb,569,543,1112,0.51
Pnh,39,54,93,0.42
Pnl,228,236,464,0.49
Pnm,778,629,1407,0.55
Pnn,652,626,1278,0.51
Pns,572,555,1127,0.51
Pnt,12,9,21,0.57
PsB,364,372,736,0.49
PsD,102,78,180,0.57
PsH,473,527,1000,0.47
PsI,93,103,196,0.47
PsK,13,12,25,0.52
PsL,219,240,459,0.48
PsM,524,638,1162,0.45
PsN,562,535,1097,0.51
PsP,596,641,1237,0.48
PsS,649,725,1374,0.47
Psb,435,432,867,0.5
Psh,32,37,69,0.46
Psl,238,204,442,0.54
Psm,619,506,1125,0.55
Psn,460,413,873,0.53
Pss,604,596,1200,0.5
Pst,14,9,23,0.61
PtB,80,73,153,0.52
PtD,17,15,32,0.53
PtH,42,63,105,0.4
PtI,6,7,13,0.46
PtK,4,7,11,0.36
PtL,31,31,62,0.5
PtM,77,100,177,0.44
PtN,78,87,165,0.47
PtP,127,100,227,0.56
PtS,80,83,163,0.49
Ptb,65,72,137,0.47
Pth,3,4,7,0.43
Ptl,34,33,67,0.51
Ptm,108,85,193,0.56
Ptn,68,89,157,0.43
Pts,78,70,148,0.53
Ptt,14,18,32,0.44
SBB,396,442,838,0.47
SBD,60,63,123,0.49
SBH,7,3,10,0.7
SBI,3,0,3,1.0
SBK,47,61,108,0.44
SBL,89,117,206,0.43
SBM,350,451,801,0.44
SBN,386,459,845,0.46
SBP,399,430,829,0.48
SBS,258,326,584,0.44
SBb,331,345,676,0.49
SBh,36,54,90,0.4
SBj,68,91,159,0.43
SBl,119,104,223,0.53
SBm,486,398,884,0.55
SBn,479,507,986,0.49
SBs,252,269,521,0.48
SBt,74,61,135,0.55
SDB,63,71,134,0.47
SDD,26,31,57,0.46
SDH,81,83,164,0.49
SDI,9,16,25,0.36
SDK,2,2,4,0.5
SDL,26,23,49,0.53
SDM,93,104,197,0.47
SDN,87,94,181,0.48
SDP,90,85,175,0.51
SDS,145,126,271,0.54
SDb,68,66,134,0.51
SDh,13,8,21,0.62
SDl,28,27,55,0.51
SDm,94,108,202,0.47
SDn,79,79,158,0.5
SDs,113,90,203,0.56
SDt,9,15,24,0.38
SHB,118,164,282,0.42
SHD,34,29,63,0.54
SHH,65,84,149,0.44
SHI,53,40,93,0.57
SHK,16,19,35,0.46
SHL,69,73,142,0.49
SHM,246,316,562,0.44
SHN,183,201,384,0.48
SHP,216,225,441,0.49
SHS,326,361,687,0.47
SHb,149,145,294,0.51
SHh,99,112,211,0.47
SHl,87,70,157,0.55
SHm,266,239,505,0.53
SHn,206,202,408,0.5
SHs,283,310,593,0.48
SHt,14,24,38,0.37
SIB,28,18,46,0.61
SID,6,4,10,0.6
SIH,10,18,28,0.36
SII,2,6,8,0.25
SIK,2,2,4,0.5
SIL,2,8,10,0.2
SIM,48,45,93,0.52
SIN,29,28,57,0.51
SIP,25,21,46,0.54
SIS,31,39,70,0.44
SIb,20,22,42,0.48
SIh,0,8,8,0.0
SIl,7,6,13,0.54
SIm,45,44,89,0.51
SIn,18,21,39,0.46
SIs,30,15,45,0.67
SIt,8,4,12,0.67
SKB,9,13,22,0.41
SKD,4,2,6,0.67
SKH,2,3,5,0.4
SKI,2,0,2,1.0
SKK,2,1,3,0.67
SKL,8,6,14,0.57
SKM,16,22,38,0.42
SKN,11,11,22,0.5
SKP,19,18,37,0.51
SKS,19,11,30,0.63
SKb,5,11,16,0.31
SKh,12,9,21,0.57
SKl,4,10,14,0.29
SKm,17,25,42,0.4
SKn,16,17,33,0.48
SKs,20,26,46,0.43
SKt,2,2,4,0.5
SLB,119,153,272,0.44
SLD,21,17,38,0.55
SLH,4,4,8,0.5
SLI,1,1,2,0.5
SLK,13,15,28,0.46
SLL,44,65,109,0.4
SLM,133,156,289,0.46
SLN,133,174,307,0.43
SLP,160,169,329,0.49
SLS,116,135,251,0.46
SLb,106,119,225,0.47
SLh,51,54,105,0.49
SLj,22,37,59,0.37
SLl,74,61,135,0.55
SLm,190,150,340,0.56
SLn,190,196,386,0.49
SLs,130,145,275,0.47
SLt,25,25,50,0.5
SMB,564,586,1150,0.49
SMD,92,98,190,0.48
SMH,13,7,20,0.65
SMI,6,3,9,0.67
SMK,26,26,52,0.5
SML,132,143,275,0.48
SMM,555,760,1315,0.42
SMN,531,576,1107,0.48
SMP,544,621,1165,0.47
SMS,465,594,1059,0.44
SMb,465,450,915,0.51
SMh,353,458,811,0.44
SMj,75,81,156,0.48
SMl,188,130,318,0.59
SMm,815,655,1470,0.55
SMn,750,762,1512,0.5
SMs,446,481,927,0.48
SMt,87,89,176,0.49
SNB,371,412,783,0.47
SND,74,73,147,0.5
SNH,98,88,186,0.53
SNI,21,14,35,0.6
SNK,46,53,99,0.46
SNL,122,117,239,0.51
SNM,443,534,977,0.45
SNN,612,661,1273,0.48
SNP,597,558,1155,0.52
SNS,478,522,1000,0.48
SNb,319,294,613,0.52
SNh,147,182,329,0.45
SNl,120,108,228,0.53
SNm,503,471,974,0.52
SNn,651,665,1316,0.49
SNs,475,479,954,0.5
SNt,104,88,192,0.54
SPB,413,407,820,0.5
SPD,74,75,149,0.5
SPH,177,195,372,0.48
SPI,84,71,155,0.54
SPK,57,69,126,0.45
SPL,184,205,389,0.47
SPM,486,598,1084,0.45
SPN,519,537,1056,0.49
SPP,631,644,1275,0.49
SPS,554,537,1091,0.51
SPb,391,418,809,0.48
SPh,63,81,144,0.44
SPl,205,178,383,0.54
SPm,649,576,1225,0.53
SPn,477,479,956,0.5
SPs,542,510,1052,0.52
SPt,67,63,130,0.52
SSB,484,561,1045,0.46
SSD,133,135,268,0.5
SSH,356,374,730,0.49
SSI,53,43,96,0.55
SSK,19,32,51,0.37
SSL,186,216,402,0.46
SSM,781,902,1683,0.46
SSN,676,658,1334,0.51
SSP,577,606,1183,0.49
SSS,1262,1348,2610,0.48
SSb,419,415,834,0.5
SSh,329,365,694,0.47
SSl,193,174,367,0.53
SSm,876,763,1639,0.53
SSn,681,695,1376,0.49
SSs,1017,1014,2031,0.5
SSt,122,125,247,0.49
SbB,283,288,571,0.5
SbD,49,25,74,0.66
SbH,78,97,175,0.45
SbI,50,38,88,0.57
SbJ,109,77,186,0.59
SbK,42,51,93,0.45
SbL,103,114,217,0.47
SbM,345,407,752,0.46
SbN,436,411,847,0.51
SbP,360,334,694,0.52
SbS,293,335,628,0.47
Sbb,375,303,678,0.55
Sbh,1,1,2,0.5
Sbl,109,82,191,0.57
Sbm,427,342,769,0.56
Sbn,341,340,681,0.5
Sbs,256,223,479,0.53
Sbt,1,0,1,1.0
ShB,225,234,459,0.49
ShD,48,49,97,0.49
ShH,78,86,164,0.48
ShI,45,32,77,0.58
ShK,7,15,22,0.32
ShL,72,83,155,0.46
ShM,290,353,643,0.45
ShN,251,265,516,0.49
ShP,304,280,584,0.52
ShS,404,368,772,0.52
Shb,171,197,368,0.46
Shh,215,239,454,0.47
Shl,93,76,169,0.55
Shm,345,297,642,0.54
Shn,297,289,586,0.51
Shs,392,332,724,0.54
Sht,42,38,80,0.52
SlB,112,99,211,0.53
SlD,15,20,35,0.43
SlH,108,91,199,0.54
SlI,21,12,33,0.64
SlJ,43,28,71,0.61
SlK,17,10,27,0.63
SlL,52,59,111,0.47
SlM,174,207,381,0.46
SlN,160,185,345,0.46
SlP,153,142,295,0.52
SlS,132,153,285,0.46
Slb,124,141,265,0.47
Slh,1,1,2,0.5
Sll,52,40,92,0.57
Slm,167,120,287,0.58
Sln,119,113,232,0.51
Sls,148,108,256,0.58
SmB,419,400,819,0.51
SmD,147,101,248,0.59
SmH,487,504,991,0.49
SmI,55,46,101,0.54
SmJ,134,130,264,0.51
SmK,20,17,37,0.54
SmL,128,176,304,0.42
SmM,649,761,1410,0.46
SmN,700,726,1426,0.49
SmP,541,510,1051,0.51
SmS,603,637,1240,0.49
Smb,538,495,1033,0.52
Smh,7,16,23,0.3
Sml,151,130,281,0.54
Smm,667,563,1230,0.54
Smn,558,506,1064,0.52
Sms,489,449,938,0.52
Smt,3,2,5,0.6
SnB,368,396,764,0.48
SnD,93,93,186,0.5
SnH,345,362,707,0.49
SnI,118,107,225,0.52
SnK,60,54,114,0.53
SnL,145,150,295,0.49
SnM,444,619,1063,0.42
SnN,711,673,1384,0.51
SnP,610,617,1227,0.5
SnS,670,628,1298,0.52
Snb,419,373,792,0.53
Snh,26,31,57,0.46
Snl,144,143,287,0.5
Snm,577,479,1056,0.55
Snn,596,560,1156,0.52
Sns,556,539,1095,0.51
Snt,11,11,22,0.5
SsB,409,382,791,0.52
SsD,141,142,283,0.5
SsH,638,629,1267,0.5
SsI,114,111,225,0.51
SsK,21,12,33,0.64
SsL,192,158,350,0.55
SsM,634,770,1404,0.45
SsN,668,682,1350,0.49
SsP,566,618,1184,0.48
SsS,1121,1135,2256,0.5
Ssb,414,404,818,0.51
Ssh,54,72,126,0.43
Ssl,204,215,419,0.49
Ssm,736,646,1382,0.53
Ssn,544,550,1094,0.5
Sss,976,938,1914,0.51
Sst,15,18,33,0.45
StB,75,86,161,0.47
StD,19,17,36,0.53
StH,57,68,125,0.46
StI,11,3,14,0.79
StK,5,10,15,0.33
StL,29,35,64,0.45
StM,88,112,200,0.44
StN,90,121,211,0.43
StP,93,89,182,0.51
StS,120,138,258,0.47
Stb,69,62,131,0.53
Sth,9,5,14,0.64
Stl,33,33,66,0.5
Stm,107,103,210,0.51
Stn,101,102,203,0.5
Sts,132,115,247,0.53
Stt,27,24,51,0.53
bBB,480,502,982,0.49
bBD,62,63,125,0.5
bBH,9,5,14,0.64
bBI,2,1,3,0.67
bBK,49,43,92,0.53
bBL,118,108,226,0.52
bBM,407,548,955,0.43
bBN,611,611,1222,0.5
bBP,566,533,1099,0.52
bBS,359,351,710,0.51
bBb,478,427,905,0.53
bBh,72,82,154,0.47
bBj,125,104,229,0.55
bBl,148,137,285,0.52
bBm,522,444,966,0.54
bBn,678,639,1317,0.51
bBs,314,267,581,0.54
bBt,87,67,154,0.56
bDB,46,54,100,0.46
bDD,13,12,25,0.52
bDH,51,52,103,0.5
bDI,4,9,13,0.31
bDK,2,0,2,1.0
bDL,15,20,35,0.43
bDM,63,89,152,0.41
bDN,46,61,107,0.43
bDP,63,65,128,0.49
bDS,56,62,118,0.47
bDb,39,37,76,0.51
bDh,0,2,2,0.0
bDl,14,17,31,0.45
bDm,74,60,134,0.55
bDn,63,46,109,0.58
bDs,57,40,97,0.59
bDt,8,13,21,0.38
bHB,97,106,203,0.48
bHD,13,17,30,0.43
bHH,26,30,56,0.46
bHI,31,19,50,0.62
bHK,14,14,28,0.5
bHL,43,48,91,0.47
bHM,129,174,303,0.43
bHN,179,174,353,0.51
bHP,188,171,359,0.52
bHS,114,118,232,0.49
bHb,146,120,266,0.55
bHh,62,61,123,0.5
bHl,48,35,83,0.58
bHm,142,133,275,0.52
bHn,184,156,340,0.54
bHs,127,110,237,0.54
bHt,10,12,22,0.45
bIB,49,49,98,0.5
bID,7,12,19,0.37
bIH,51,64,115,0.44
bII,9,7,16,0.56
bIK,1,0,1,1.0
bIL,17,25,42,0.4
bIM,65,89,154,0.42
bIN,77,64,141,0.55
bIP,83,71,154,0.54
bIS,39,37,76,0.51
bIb,57,65,122,0.47
bIh,0,6,6,0.0
bIl,23,26,49,0.47
bIm,74,48,122,0.61
bIn,55,45,100,0.55
bIs,42,44,86,0.49
bIt,5,6,11,0.45
bJB,131,120,251,0.52
bJD,16,11,27,0.59
bJH,57,57,114,0.5
bJI,16,20,36,0.44
bJK,14,11,25,0.56
bJL,65,54,119,0.55
bJM,159,201,360,0.44
bJN,171,162,333,0.51
bJP,177,201,378,0.47
bJS,116,138,254,0.46
bJb,158,133,291,0.54
bJh,26,29,55,0.47
bJl,41,41,82,0.5
bJm,147,123,270,0.54
bJn,124,133,257,0.48
bJs,107,106,213,0.5
bJt,22,17,39,0.56
bKB,49,36,85,0.58
bKD,7,10,17,0.41
bKH,11,11,22,0.5
bKI,18,6,24,0.75
bKK,0,1,1,0.0
bKL,22,23,45,0.49
bKM,60,92,152,0.39
bKN,48,54,102,0.47
bKP,71,56,127,0.56
bKS,43,58,101,0.43
bKb,52,52,104,0.5
bKh,45,47,92,0.49
bKl,31,18,49,0.63
bKm,83,74,157,0.53
bKn,57,54,111,0.51
bKs,51,53,104,0.49
bKt,9,3,12,0.75
bLB,123,131,254,0.48
bLD,18,16,34,0.53
bLH,2,5,7,0.29
bLK,8,6,14,0.57
bLL,50,54,104,0.48
bLM,122,152,274,0.45
bLN,157,130,287,0.55
bLP,170,178,348,0.49
bLS,120,115,235,0.51
bLb,121,134,255,0.47
bLh,73,67,140,0.52
bLj,26,30,56,0.46
bLl,60,48,108,0.56
bLm,196,152,348,0.56
bLn,205,206,411,0.5
bLs,95,108,203,0.47
bLt,27,25,52,0.52
bMB,462,498,960,0.48
bMD,74,68,142,0.52
bMH,9,9,18,0.5
bMI,3,4,7,0.43
bMK,12,16,28,0.43
bML,134,127,261,0.51
bMM,455,583,1038,0.44
bMN,563,610,1173,0.48
bMP,547,607,1154,0.47
bMS,377,414,791,0.48
bMb,539,478,1017,0.53
bMh,387,414,801,0.48
bMj,75,84,159,0.47
bMl,157,138,295,0.53
bMm,641,590,1231,0.52
bMn,836,783,1619,0.52
bMs,452,398,850,0.53
bMt,93,71,164,0.57
bNB,507,540,1047,0.48
bND,97,103,200,0.48
bNH,132,130,262,0.5
bNI,18,15,33,0.55
bNK,50,64,114,0.44
bNL,191,197,388,0.49
bNM,612,754,1366,0.45
bNN,795,852,1647,0.48
bNP,795,855,1650,0.48
bNS,567,596,1163,0.49
bNb,567,516,1083,0.52
bNh,229,272,501,0.46
bNl,193,162,355,0.54
bNm,698,608,1306,0.53
bNn,885,828,1713,0.52
bNs,551,450,1001,0.55
bNt,106,120,226,0.47
bPB,498,537,1035,0.48
bPD,67,59,126,0.53
bPH,145,153,298,0.49
bPI,76,54,130,0.58
bPK,56,67,123,0.46
bPL,229,257,486,0.47
bPM,597,693,1290,0.46
bPN,614,657,1271,0.48
bPP,859,781,1640,0.52
bPS,428,453,881,0.49
bPb,539,494,1033,0.52
bPh,59,80,139,0.42
bPl,221,192,413,0.54
bPm,668,501,1169,0.57
bPn,593,556,1149,0.52
bPs,390,380,770,0.51
bPt,83,75,158,0.53
bSB,222,208,430,0.52
bSD,57,41,98,0.58
bSH,134,162,296,0.45
bSI,15,12,27,0.56
bSK,4,9,13,0.31
bSL,89,94,183,0.49
bSM,310,373,683,0.45
bSN,301,277,578,0.52
bSP,324,360,684,0.47
bSS,373,371,744,0.5
bSb,218,219,437,0.5
bSh,186,189,375,0.5
bSl,105,76,181,0.58
bSm,349,267,616,0.57
bSn,358,314,672,0.53
bSs,368,339,707,0.52
bSt,79,59,138,0.57
bbB,656,600,1256,0.52
bbD,62,45,107,0.58
bbH,142,129,271,0.52
bbI,72,55,127,0.57
bbJ,179,126,305,0.59
bbK,54,48,102,0.53
bbL,160,153,313,0.51
bbM,575,721,1296,0.44
bbN,797,714,1511,0.53
bbP,688,599,1287,0.53
bbS,252,265,517,0.49
bbb,742,594,1336,0.56
bbh,0,8,8,0.0
bbl,139,106,245,0.57
bbm,607,392,999,0.61
bbn,569,520,1089,0.52
bbs,191,194,385,0.5
bbt,0,1,1,0.0
bhB,5,2,7,0.71
bhD,1,0,1,1.0
bhH,0,2,2,0.0
bhI,1,0,1,1.0
bhL,1,0,1,1.0
bhM,1,8,9,0.11
bhN,2,0,2,1.0
bhP,3,3,6,0.5
bhS,3,3,6,0.5
bhb,4,1,5,0.8
bhh,0,2,2,0.0
bhl,1,1,2,0.5
bhm,9,4,13,0.69
bhn,4,3,7,0.57
bhs,2,1,3,0.67
blB,163,150,313,0.52
blD,20,8,28,0.71
blH,105,91,196,0.54
blI,24,20,44,0.55
blJ,49,19,68,0.72
blK,6,7,13,0.46
blL,68,69,137,0.5
blM,179,203,382,0.47
blN,191,175,366,0.52
blP,167,152,319,0.52
blS,98,110,208,0.47
blb,162,146,308,0.53
blh,0,2,2,0.0
bll,41,33,74,0.55
blm,131,122,253,0.52
bln,123,109,232,0.53
bls,83,57,140,0.59
blt,0,1,1,0.0
bmB,552,494,1046,0.53
bmD,87,60,147,0.59
bmH,338,328,666,0.51
bmI,51,36,87,0.59
bmJ,106,112,218,0.49
bmK,9,7,16,0.56
bmL,159,145,304,0.52
bmM,544,675,1219,0.45
bmN,664,617,1281,0.52
bmP,636,533,1169,0.54
bmS,312,305,617,0.51
bmb,544,490,1034,0.53
bmh,2,8,10,0.2
bml,111,100,211,0.53
bmm,486,404,890,0.55
bmn,510,448,958,0.53
bms,240,186,426,0.56
bmt,1,0,1,1.0
bnB,444,458,902,0.49
bnD,88,67,155,0.57
bnH,302,299,601,0.5
bnI,91,80,171,0.53
bnK,55,47,102,0.54
bnL,149,164,313,0.48
bnM,514,634,1148,0.45
bnN,700,705,1405,0.5
bnP,710,665,1375,0.52
bnS,384,426,810,0.47
bnb,528,452,980,0.54
bnh,33,29,62,0.53
bnl,157,124,281,0.56
bnm,529,456,985,0.54
bnn,564,523,1087,0.52
bns,386,360,746,0.52
bnt,5,5,10,0.5
bsB,184,188,372,0.49
bsD,43,41,84,0.51
bsH,276,280,556,0.5
bsI,58,34,92,0.63
bsK,5,3,8,0.62
bsL,79,83,162,0.49
bsM,269,342,611,0.44
bsN,316,281,597,0.53
bsP,325,294,619,0.53
bsS,303,334,637,0.48
bsb,243,188,431,0.56
bsh,21,20,41,0.51
bsl,95,66,161,0.59
bsm,315,252,567,0.56
bsn,264,224,488,0.54
bss,257,246,503,0.51
bst,4,10,14,0.29
btB,0,1,1,0.0
btH,2,1,3,0.67
btM,1,1,2,0.5
btN,0,2,2,0.0
btP,2,1,3,0.67
btS,1,2,3,0.33
btb,0,2,2,0.0
btm,1,1,2,0.5
btn,0,1,1,0.0
bts,1,1,2,0.5
btt,1,0,1,1.0
hBB,128,127,255,0.5
hBD,14,16,30,0.47
hBH,2,2,4,0.5
hBI,0,1,1,0.0
hBK,11,17,28,0.39
hBL,37,42,79,0.47
hBM,93,150,243,0.38
hBN,134,161,295,0.45
hBP,123,131,254,0.48
hBS,75,83,158,0.47
hBb,144,109,253,0.57
hBh,16,13,29,0.55
hBj,23,33,56,0.41
hBl,43,34,77,0.56
hBm,143,132,275,0.52
hBn,171,177,348,0.49
hBs,59,90,149,0.4
hBt,20,17,37,0.54
hDB,13,16,29,0.45
hDD,6,5,11,0.55
hDH,11,22,33,0.33
hDI,5,1,6,0.83
hDK,0,1,1,0.0
hDL,6,4,10,0.6
hDM,20,32,52,0.38
hDN,12,14,26,0.46
hDP,7,19,26,0.27
hDS,24,19,43,0.56
hDb,10,17,27,0.37
hDh,2,3,5,0.4
hDl,4,6,10,0.4
hDm,19,30,49,0.39
hDn,11,12,23,0.48
hDs,22,18,40,0.55
hDt,1,2,3,0.33
hHB,20,20,40,0.5
hHD,3,3,6,0.5
hHH,16,10,26,0.62
hHI,10,5,15,0.67
hHK,1,6,7,0.14
hHL,10,10,20,0.5
hHM,56,56,112,0.5
hHN,28,34,62,0.45
hHP,56,32,88,0.64
hHS,52,63,115,0.45
hHb,21,27,48,0.44
hHh,21,20,41,0.51
hHl,17,10,27,0.63
hHm,44,40,84,0.52
hHn,39,32,71,0.55
hHs,45,43,88,0.51
hHt,1,1,2,0.5
hIB,11,16,27,0.41
hID,5,4,9,0.56
hIH,21,17,38,0.55
hII,5,1,6,0.83
hIK,0,1,1,0.0
hIL,6,9,15,0.4
hIM,14,37,51,0.27
hIN,13,12,25,0.52
hIP,24,18,42,0.57
hIS,35,20,55,0.64
hIb,21,11,32,0.66
hIh,3,5,8,0.38
hIl,9,7,16,0.56
hIm,32,26,58,0.55
hIn,11,19,30,0.37
hIs,20,21,41,0.49
hIt,3,5,8,0.38
hKB,4,3,7,0.57
hKD,0,0,0,
hKH,1,0,1,1.0
hKI,1,0,1,1.0
hKK,0,1,1,0.0
hKL,0,2,2,0.0
hKM,7,8,15,0.47
hKN,7,5,12,0.58
hKP,4,4,8,0.5
hKS,3,5,8,0.38
hKb,3,3,6,0.5
hKh,6,3,9,0.67
hKl,2,1,3,0.67
hKm,12,10,22,0.55
hKn,0,1,1,0.0
hKs,6,4,10,0.6
hLB,30,46,76,0.39
hLD,4,2,6,0.67
hLH,1,1,2,0.5
hLI,1,0,1,1.0
hLK,4,7,11,0.36
hLL,3,13,16,0.19
hLM,33,52,85,0.39
hLN,43,44,87,0.49
hLP,36,66,102,0.35
hLS,29,37,66,0.44
hLb,42,44,86,0.49
hLh,13,17,30,0.43
hLj,13,12,25,0.52
hLl,16,12,28,0.57
hLm,44,43,87,0.51
hLn,50,47,97,0.52
hLs,34,32,66,0.52
hLt,4,7,11,0.36
hMB,146,177,323,0.45
hMD,25,19,44,0.57
hMH,8,3,11,0.73
hMI,2,2,4,0.5
hMK,3,7,10,0.3
hML,38,41,79,0.48
hMM,161,196,357,0.45
hMN,136,158,294,0.46
hMP,180,185,365,0.49
hMS,103,128,231,0.45
hMb,145,146,291,0.5
hMh,94,156,250,0.38
hMj,25,19,44,0.57
hMl,59,42,101,0.58
hMm,226,187,413,0.55
hMn,212,235,447,0.47
hMs,111,115,226,0.49
hMt,12,25,37,0.32
hNB,107,125,232,0.46
hND,23,23,46,0.5
hNH,31,35,66,0.47
hNI,4,2,6,0.67
hNK,16,15,31,0.52
hNL,30,33,63,0.48
hNM,112,145,257,0.44
hNN,147,175,322,0.46
hNP,161,126,287,0.56
hNS,132,133,265,0.5
hNb,73,94,167,0.44
hNh,32,44,76,0.42
hNl,28,32,60,0.47
hNm,161,139,300,0.54
hNn,151,171,322,0.47
hNs,124,129,253,0.49
hNt,25,17,42,0.6
hPB,135,145,280,0.48
hPD,29,20,49,0.59
hPH,49,51,100,0.49
hPI,27,26,53,0.51
hPK,23,26,49,0.47
hPL,56,44,100,0.56
hPM,176,194,370,0.48
hPN,141,157,298,0.47
hPP,188,211,399,0.47
hPS,129,170,299,0.43
hPb,130,138,268,0.49
hPh,30,28,58,0.52
hPl,49,49,98,0.5
hPm,222,170,392,0.57
hPn,136,137,273,0.5
hPs,137,131,268,0.51
hPt,19,17,36,0.53
hSB,113,111,224,0.5
hSD,23,21,44,0.52
hSH,55,67,122,0.45
hSI,6,12,18,0.33
hSK,3,4,7,0.43
hSL,44,53,97,0.45
hSM,169,188,357,0.47
hSN,110,142,252,0.44
hSP,145,153,298,0.49
hSS,218,229,447,0.49
hSb,91,97,188,0.48
hSh,65,94,159,0.41
hSl,48,33,81,0.59
hSm,186,136,322,0.58
hSn,124,132,256,0.48
hSs,183,177,360,0.51
hSt,31,25,56,0.55
hbB,79,85,164,0.48
hbD,6,12,18,0.33
hbH,35,30,65,0.54
hbI,15,9,24,0.62
hbJ,36,34,70,0.51
hbK,22,18,40,0.55
hbL,26,46,72,0.36
hbM,118,128,246,0.48
hbN,131,128,259,0.51
hbP,103,119,222,0.46
hbS,70,76,146,0.48
hbb,105,90,195,0.54
hbh,1,1,2,0.5
hbl,28,31,59,0.47
hbm,122,88,210,0.58
hbn,113,95,208,0.54
hbs,66,81,147,0.45
hbt,1,1,2,0.5
hhB,91,96,187,0.49
hhD,12,10,22,0.55
hhH,31,41,72,0.43
hhI,14,17,31,0.45
hhK,1,3,4,0.25
hhL,26,40,66,0.39
hhM,112,156,268,0.42
hhN,97,103,200,0.48
hhP,96,119,215,0.45
hhS,120,132,252,0.48
hhb,94,75,169,0.56
hhh,87,101,188,0.46
hhl,35,32,67,0.52
hhm,151,112,263,0.57
hhn,116,104,220,0.53
hhs,117,125,242,0.48
hht,14,7,21,0.67
hlB,34,41,75,0.45
hlD,6,7,13,0.46
hlH,26,32,58,0.45
hlI,3,5,8,0.38
hlJ,19,12,31,0.61
hlK,4,4,8,0.5
hlL,18,13,31,0.58
hlM,44,62,106,0.42
hlN,52,53,105,0.5
hlP,44,51,95,0.46
hlS,41,41,82,0.5
hlb,44,46,90,0.49
hlh,0,1,1,0.0
hll,12,18,30,0.4
hlm,59,48,107,0.55
hln,33,42,75,0.44
hls,28,30,58,0.48
hmB,150,133,283,0.53
hmD,49,40,89,0.55
hmH,125,148,273,0.46
hmI,22,11,33,0.67
hmJ,39,34,73,0.53
hmK,10,10,20,0.5
hmL,57,52,109,0.52
hmM,156,250,406,0.38
hmN,200,206,406,0.49
hmP,174,137,311,0.56
hmS,158,137,295,0.54
hmb,152,158,310,0.49
hmh,3,7,10,0.3
hml,41,46,87,0.47
hmm,208,176,384,0.54
hmn,176,156,332,0.53
hms,126,112,238,0.53
hnB,101,102,203,0.5
hnD,33,22,55,0.6
hnH,81,83,164,0.49
hnI,27,34,61,0.44
hnK,15,26,41,0.37
hnL,48,36,84,0.57
hnM,144,178,322,0.45
hnN,193,166,359,0.54
hnP,191,174,365,0.52
hnS,133,161,294,0.45
hnb,110,109,219,0.5
hnh,10,10,20,0.5
hnl,43,46,89,0.48
hnm,196,137,333,0.59
hnn,148,132,280,0.53
hns,144,139,283,0.51
hnt,2,1,3,0.67
hsB,98,107,205,0.48
hsD,34,21,55,0.62
hsH,126,162,288,0.44
hsI,27,27,54,0.5
hsK,5,5,10,0.5
hsL,39,43,82,0.48
hsM,154,184,338,0.46
hsN,135,156,291,0.46
hsP,155,138,293,0.53
hsS,219,244,463,0.47
hsb,97,94,191,0.51
hsh,24,18,42,0.57
hsl,34,50,84,0.4
hsm,178,138,316,0.56
hsn,125,119,244,0.51
hss,172,200,372,0.46
hst,5,2,7,0.71
htB,13,15,28,0.46
htD,1,3,4,0.25
htH,6,19,25,0.24
htI,2,2,4,0.5
htK,3,1,4,0.75
htL,6,1,7,0.86
htM,14,28,42,0.33
htN,15,23,38,0.39
htP,29,17,46,0.63
htS,22,18,40,0.55
htb,10,14,24,0.42
htl,8,5,13,0.62
htm,24,20,44,0.55
htn,11,15,26,0.42
hts,18,17,35,0.51
htt,4,2,6,0.67
jBB,28,27,55,0.51
jBD,2,2,4,0.5
jBK,1,2,3,0.33
jBL,9,8,17,0.53
jBM,23,23,46,0.5
jBN,16,24,40,0.4
jBP,23,24,47,0.49
jBS,13,10,23,0.57
jBb,17,24,41,0.41
jBh,2,3,5,0.4
jBj,4,2,6,0.67
jBl,8,8,16,0.5
jBm,29,23,52,0.56
jBn,30,25,55,0.55
jBs,9,21,30,0.3
jBt,2,3,5,0.4
jDB,2,1,3,0.67
jDD,0,2,2,0.0
jDH,3,2,5,0.6
jDL,0,3,3,0.0
jDM,1,2,3,0.33
jDN,1,2,3,0.33
jDP,2,1,3,0.67
jDS,4,0,4,1.0
jDb,2,1,3,0.67
jDl,1,1,2,0.5
jDm,3,3,6,0.5
jDn,3,1,4,0.75
jDs,1,4,5,0.2
jDt,0,1,1,0.0
jHB,11,3,14,0.79
jHD,1,1,2,0.5
jHH,0,4,4,0.0
jHI,1,3,4,0.25
jHL,2,3,5,0.4
jHM,2,11,13,0.15
jHN,4,6,10,0.4
jHP,12,13,25,0.48
jHS,11,8,19,0.58
jHb,6,7,13,0.46
jHh,1,2,3,0.33
jHl,4,1,5,0.8
jHm,8,6,14,0.57
jHn,6,8,14,0.43
jHs,6,10,16,0.38
jHt,2,1,3,0.67
jIB,2,2,4,0.5
jID,1,1,2,0.5
jIH,4,2,6,0.67
jII,0,3,3,0.0
jIL,0,4,4,0.0
jIM,2,4,6,0.33
jIN,6,3,9,0.67
jIP,6,2,8,0.75
jIS,1,7,8,0.12
jIb,1,3,4,0.25
jIl,0,1,1,0.0
jIm,7,4,11,0.64
jIn,1,2,3,0.33
jIs,2,1,3,0.67
jIt,0,3,3,0.0
jKB,1,1,2,0.5
jKH,0,2,2,0.0
jKL,0,1,1,0.0
jKM,4,1,5,0.8
jKN,3,1,4,0.75
jKP,1,1,2,0.5
jKS,3,2,5,0.6
jKb,5,4,9,0.56
jKh,0,1,1,0.0
jKl,1,0,1,1.0
jKm,2,2,4,0.5
jKn,3,3,6,0.5
jKs,4,1,5,0.8
jKt,0,0,0,
jLB,11,17,28,0.39
jLD,1,0,1,1.0
jLK,0,1,1,0.0
jLL,2,1,3,0.67
jLM,3,8,11,0.27
jLN,8,8,16,0.5
jLP,13,18,31,0.42
jLS,5,6,11,0.45
jLb,9,11,20,0.45
jLh,4,7,11,0.36
jLj,2,1,3,0.67
jLl,5,4,9,0.56
jLm,12,10,22,0.55
jLn,16,11,27,0.59
jLs,5,7,12,0.42
jLt,3,1,4,0.75
jMB,26,33,59,0.44
jMD,5,3,8,0.62
jMH,0,1,1,0.0
jMI,1,0,1,1.0
jMK,1,1,2,0.5
jML,7,7,14,0.5
jMM,23,33,56,0.41
jMN,17,23,40,0.42
jMP,32,27,59,0.54
jMS,8,13,21,0.38
jMb,20,14,34,0.59
jMh,15,13,28,0.54
jMj,2,5,7,0.29
jMl,8,8,16,0.5
jMm,35,22,57,0.61
jMn,25,43,68,0.37
jMs,12,16,28,0.43
jMt,0,2,2,0.0
jNB,24,20,44,0.55
jND,2,4,6,0.33
jNH,3,3,6,0.5
jNI,3,0,3,1.0
jNK,1,3,4,0.25
jNL,10,7,17,0.59
jNM,28,25,53,0.53
jNN,27,30,57,0.47
jNP,30,39,69,0.43
jNS,14,16,30,0.47
jNb,15,15,30,0.5
jNh,10,9,19,0.53
jNl,7,9,16,0.44
jNm,27,23,50,0.54
jNn,27,29,56,0.48
jNs,20,22,42,0.48
jNt,3,3,6,0.5
jPB,25,30,55,0.45
jPD,1,5,6,0.17
jPH,5,8,13,0.38
jPI,5,4,9,0.56
jPK,1,3,4,0.25
jPL,14,14,28,0.5
jPM,21,37,58,0.36
jPN,36,35,71,0.51
jPP,32,44,76,0.42
jPS,21,25,46,0.46
jPb,22,28,50,0.44
jPh,2,4,6,0.33
jPl,13,13,26,0.5
jPm,43,28,71,0.61
jPn,32,28,60,0.53
jPs,22,19,41,0.54
jPt,2,3,5,0.4
jSB,22,15,37,0.59
jSD,1,3,4,0.25
jSH,5,12,17,0.29
jSI,1,0,1,1.0
jSL,7,5,12,0.58
jSM,18,15,33,0.55
jSN,14,16,30,0.47
jSP,14,22,36,0.39
jSS,19,25,44,0.43
jSb,8,7,15,0.53
jSh,18,11,29,0.62
jSl,6,2,8,0.75
jSm,21,26,47,0.45
jSn,16,18,34,0.47
jSs,20,22,42,0.48
jSt,2,1,3,0.67
jbB,22,21,43,0.51
jbD,3,1,4,0.75
jbH,4,11,15,0.27
jbI,1,3,4,0.25
jbJ,8,5,13,0.62
jbK,2,3,5,0.4
jbL,4,2,6,0.67
jbM,24,34,58,0.41
jbN,19,21,40,0.48
jbP,21,30,51,0.41
jbS,14,11,25,0.56
jbb,25,16,41,0.61
jbl,13,7,20,0.65
jbm,18,18,36,0.5
jbn,19,19,38,0.5
jbs,18,11,29,0.62
jhB,4,3,7,0.57
jhD,0,1,1,0.0
jhH,0,1,1,0.0
jhI,2,0,2,1.0
jhK,0,0,0,
jhL,0,1,1,0.0
jhM,2,5,7,0.29
jhN,3,5,8,0.38
jhP,6,6,12,0.5
jhS,6,2,8,0.75
jhb,1,5,6,0.17
jhh,2,1,3,0.67
jhl,1,2,3,0.33
jhm,7,8,15,0.47
jhn,2,3,5,0.4
jhs,6,7,13,0.46
jht,2,1,3,0.67
jlB,9,13,22,0.41
jlD,2,1,3,0.67
jlH,14,5,19,0.74
jlI,2,2,4,0.5
jlJ,2,2,4,0.5
jlL,5,3,8,0.62
jlM,10,10,20,0.5
jlN,9,9,18,0.5
jlP,10,13,23,0.43
jlS,8,10,18,0.44
jlb,4,9,13,0.31
jll,4,4,8,0.5
jlm,9,12,21,0.43
jln,8,7,15,0.53
jls,5,10,15,0.33
jmB,20,26,46,0.43
jmD,4,4,8,0.5
jmH,28,18,46,0.61
jmI,2,1,3,0.67
jmJ,8,8,16,0.5
jmK,2,1,3,0.67
jmL,11,12,23,0.48
jmM,38,38,76,0.5
jmN,22,32,54,0.41
jmP,25,27,52,0.48
jmS,20,26,46,0.43
jmb,22,21,43,0.51
jmh,0,1,1,0.0
jml,8,7,15,0.53
jmm,35,27,62,0.56
jmn,31,17,48,0.65
jms,19,15,34,0.56
jnB,15,15,30,0.5
jnD,7,2,9,0.78
jnH,18,12,30,0.6
jnI,2,4,6,0.33
jnK,2,4,6,0.33
jnL,9,9,18,0.5
jnM,20,19,39,0.51
jnN,24,30,54,0.44
jnP,38,32,70,0.54
jnS,19,21,40,0.48
jnb,16,30,46,0.35
jnh,2,2,4,0.5
jnl,9,10,19,0.47
jnm,21,24,45,0.47
jnn,27,16,43,0.63
jns,23,18,41,0.56
jnt,0,0,0,
jsB,19,13,32,0.59
jsD,3,2,5,0.6
jsH,16,14,30,0.53
jsI,2,2,4,0.5
jsK,1,0,1,1.0
jsL,8,12,20,0.4
jsM,26,32,58,0.45
jsN,20,16,36,0.56
jsP,23,17,40,0.57
jsS,18,26,44,0.41
jsb,18,18,36,0.5
jsh,0,3,3,0.0
jsl,7,6,13,0.54
jsm,24,20,44,0.55
jsn,17,14,31,0.55
jss,20,20,40,0.5
jst,0,0,0,
jtB,4,2,6,0.67
jtH,1,3,4,0.25
jtK,0,1,1,0.0
jtL,1,2,3,0.33
jtM,3,4,7,0.43
jtN,1,1,2,0.5
jtP,5,10,15,0.33
jtS,2,3,5,0.4
jtb,5,2,7,0.71
jtl,2,2,4,0.5
jtm,2,2,4,0.5
jtn,2,4,6,0.33
jts,2,1,3,0.67
jtt,1,2,3,0.33
lBB,120,146,266,0.45
lBD,21,18,39,0.54
lBH,0,2,2,0.0
lBI,2,1,3,0.67
lBK,20,14,34,0.59
lBL,56,50,106,0.53
lBM,155,185,340,0.46
lBN,183,199,382,0.48
lBP,193,185,378,0.51
lBS,97,120,217,0.45
lBb,154,144,298,0.52
lBh,20,19,39,0.51
lBj,38,36,74,0.51
lBl,75,60,135,0.56
lBm,156,137,293,0.53
lBn,230,198,428,0.54
lBs,116,98,214,0.54
lBt,24,32,56,0.43
lDB,13,10,23,0.57
lDD,4,2,6,0.67
lDH,16,19,35,0.46
lDI,3,3,6,0.5
lDL,9,12,21,0.43
lDM,22,33,55,0.4
lDN,14,17,31,0.45
lDP,24,24,48,0.5
lDS,23,21,44,0.52
lDb,15,19,34,0.44
lDl,11,5,16,0.69
lDm,17,21,38,0.45
lDn,21,14,35,0.6
lDs,17,19,36,0.47
lDt,5,2,7,0.71
lHB,106,78,184,0.58
lHD,21,17,38,0.55
lHH,28,26,54,0.52
lHI,15,15,30,0.5
lHK,11,8,19,0.58
lHL,44,45,89,0.49
lHM,126,142,268,0.47
lHN,119,138,257,0.46
lHP,154,137,291,0.53
lHS,102,108,210,0.49
lHb,102,88,190,0.54
lHh,66,61,127,0.52
lHl,43,27,70,0.61
lHm,126,117,243,0.52
lHn,116,129,245,0.47
lHs,106,84,190,0.56
lHt,13,17,30,0.43
lIB,12,14,26,0.46
lID,3,3,6,0.5
lIH,16,12,28,0.57
lII,3,3,6,0.5
lIL,13,7,20,0.65
lIM,22,33,55,0.4
lIN,18,23,41,0.44
lIP,19,32,51,0.37
lIS,11,17,28,0.39
lIb,21,23,44,0.48
lIh,2,0,2,1.0
lIl,6,8,14,0.43
lIm,29,13,42,0.69
lIn,19,16,35,0.54
lIs,8,18,26,0.31
lIt,1,0,1,1.0
lJB,44,57,101,0.44
lJD,7,9,16,0.44
lJH,21,20,41,0.51
lJI,6,6,12,0.5
lJK,4,9,13,0.31
lJL,26,29,55,0.47
lJM,54,65,119,0.45
lJN,68,39,107,0.64
lJP,82,75,157,0.52
lJS,58,42,100,0.58
lJb,49,46,95,0.52
lJh,5,10,15,0.33
lJl,25,15,40,0.62
lJm,46,44,90,0.51
lJn,44,28,72,0.61
lJs,47,52,99,0.47
lJt,10,5,15,0.67
lKB,10,12,22,0.45
lKD,0,4,4,0.0
lKH,2,3,5,0.4
lKI,2,1,3,0.67
lKL,1,7,8,0.12
lKM,7,14,21,0.33
lKN,9,9,18,0.5
lKP,16,10,26,0.62
lKS,3,10,13,0.23
lKb,6,13,19,0.32
lKh,10,5,15,0.67
lKl,3,3,6,0.5
lKm,17,11,28,0.61
lKn,11,6,17,0.65
lKs,10,10,20,0.5
lKt,0,1,1,0.0
lLB,74,67,141,0.52
lLD,7,9,16,0.44
lLH,1,0,1,1.0
lLK,5,4,9,0.56
lLL,19,35,54,0.35
lLM,58,53,111,0.52
lLN,62,89,151,0.41
lLP,90,100,190,0.47
lLS,62,74,136,0.46
lLb,44,51,95,0.46
lLh,26,36,62,0.42
lLj,17,23,40,0.42
lLl,31,26,57,0.54
lLm,85,51,136,0.62
lLn,98,89,187,0.52
lLs,60,54,114,0.53
lLt,17,11,28,0.61
lMB,173,184,357,0.48
lMD,31,24,55,0.56
lMH,1,3,4,0.25
lMI,3,1,4,0.75
lMK,5,1,6,0.83
lML,51,57,108,0.47
lMM,195,215,410,0.48
lMN,203,210,413,0.49
lMP,205,192,397,0.52
lMS,153,152,305,0.5
lMb,190,145,335,0.57
lMh,144,176,320,0.45
lMj,36,31,67,0.54
lMl,75,75,150,0.5
lMm,262,216,478,0.55
lMn,298,262,560,0.53
lMs,178,138,316,0.56
lMt,25,28,53,0.47
lNB,163,179,342,0.48
lND,23,27,50,0.46
lNH,39,41,80,0.49
lNI,5,7,12,0.42
lNK,21,16,37,0.57
lNL,58,72,130,0.45
lNM,179,232,411,0.44
lNN,255,232,487,0.52
lNP,274,281,555,0.49
lNS,177,178,355,0.5
lNb,171,187,358,0.48
lNh,46,79,125,0.37
lNl,61,57,118,0.52
lNm,225,163,388,0.58
lNn,272,233,505,0.54
lNs,182,193,375,0.49
lNt,44,37,81,0.54
lPB,145,195,340,0.43
lPD,23,16,39,0.59
lPH,66,48,114,0.58
lPI,22,20,42,0.52
lPK,26,22,48,0.54
lPL,92,74,166,0.55
lPM,178,253,431,0.41
lPN,174,206,380,0.46
lPP,281,269,550,0.51
lPS,148,148,296,0.5
lPb,183,184,367,0.5
lPh,33,22,55,0.6
lPl,85,71,156,0.54
lPm,244,155,399,0.61
lPn,183,176,359,0.51
lPs,169,125,294,0.57
lPt,23,15,38,0.61
lSB,85,99,184,0.46
lSD,26,21,47,0.55
lSH,48,54,102,0.47
lSI,11,1,12,0.92
lSK,4,3,7,0.57
lSL,52,56,108,0.48
lSM,153,181,334,0.46
lSN,116,155,271,0.43
lSP,159,141,300,0.53
lSS,184,196,380,0.48
lSb,100,98,198,0.51
lSh,72,80,152,0.47
lSl,48,55,103,0.47
lSm,157,145,302,0.52
lSn,148,119,267,0.55
lSs,191,171,362,0.53
lSt,36,17,53,0.68
lbB,203,181,384,0.53
lbD,19,11,30,0.63
lbH,34,43,77,0.44
lbI,18,11,29,0.62
lbJ,52,46,98,0.53
lbK,14,19,33,0.42
lbL,65,80,145,0.45
lbM,173,166,339,0.51
lbN,214,223,437,0.49
lbP,216,182,398,0.54
lbS,70,92,162,0.43
lbb,235,187,422,0.56
lbh,2,0,2,1.0
lbl,71,53,124,0.57
lbm,177,133,310,0.57
lbn,172,159,331,0.52
lbs,85,58,143,0.59
lbt,1,1,2,0.5
lhB,0,1,1,0.0
lhD,0,1,1,0.0
lhH,0,1,1,0.0
lhL,0,1,1,0.0
lhM,5,4,9,0.56
lhN,1,0,1,1.0
lhP,1,0,1,1.0
lhS,1,3,4,0.25
lhb,4,3,7,0.57
lhh,0,3,3,0.0
lhl,0,1,1,0.0
lhm,6,0,6,1.0
lhn,0,1,1,0.0
lhs,1,0,1,1.0
lht,1,0,1,1.0
llB,68,67,135,0.5
llD,4,3,7,0.57
llH,37,34,71,0.52
llI,14,3,17,0.82
llJ,18,18,36,0.5
llK,3,2,5,0.6
llL,24,30,54,0.44
llM,75,71,146,0.51
llN,65,63,128,0.51
llP,78,71,149,0.52
llS,45,42,87,0.52
llb,82,53,135,0.61
llh,0,1,1,0.0
lll,22,18,40,0.55
llm,62,48,110,0.56
lln,60,57,117,0.51
lls,31,36,67,0.46
lmB,187,170,357,0.52
lmD,24,22,46,0.52
lmH,117,132,249,0.47
lmI,23,15,38,0.61
lmJ,32,40,72,0.44
lmK,3,5,8,0.38
lmL,59,70,129,0.46
lmM,175,246,421,0.42
lmN,200,185,385,0.52
lmP,230,208,438,0.53
lmS,105,100,205,0.51
lmb,205,190,395,0.52
lmh,1,7,8,0.12
lml,40,50,90,0.44
lmm,179,138,317,0.56
lmn,154,132,286,0.54
lms,87,86,173,0.5
lnB,126,124,250,0.5
lnD,24,21,45,0.53
lnH,89,101,190,0.47
lnI,31,24,55,0.56
lnK,10,8,18,0.56
lnL,42,57,99,0.42
lnM,147,184,331,0.44
lnN,163,212,375,0.43
lnP,222,210,432,0.51
lnS,114,121,235,0.49
lnb,144,138,282,0.51
lnh,7,6,13,0.54
lnl,57,44,101,0.56
lnm,169,113,282,0.6
lnn,157,137,294,0.53
lns,102,101,203,0.5
lnt,3,1,4,0.75
lsB,79,96,175,0.45
lsD,27,14,41,0.66
lsH,103,97,200,0.52
lsI,16,21,37,0.43
lsK,0,4,4,0.0
lsL,44,55,99,0.44
lsM,129,146,275,0.47
lsN,131,131,262,0.5
lsP,138,134,272,0.51
lsS,136,138,274,0.5
lsb,108,103,211,0.51
lsh,9,7,16,0.56
lsl,54,50,104,0.52
lsm,139,116,255,0.55
lsn,108,90,198,0.55
lss,134,133,267,0.5
lst,2,2,4,0.5
ltB,1,0,1,1.0
ltM,0,0,0,
ltm,2,0,2,1.0
mBB,539,552,1091,0.49
mBD,83,68,151,0.55
mBH,10,8,18,0.56
mBI,4,1,5,0.8
mBK,68,85,153,0.44
mBL,130,152,282,0.46
mBM,487,602,1089,0.45
mBN,666,799,1465,0.45
mBP,588,618,1206,0.49
mBS,394,437,831,0.47
mBb,508,446,954,0.53
mBh,81,82,163,0.5
mBj,142,118,260,0.55
mBl,116,139,255,0.45
mBm,657,564,1221,0.54
mBn,854,784,1638,0.52
mBs,382,376,758,0.5
mBt,103,102,205,0.5
mDB,87,78,165,0.53
mDD,40,37,77,0.52
mDH,76,101,177,0.43
mDI,11,12,23,0.48
mDK,1,1,2,0.5
mDL,40,28,68,0.59
mDM,141,166,307,0.46
mDN,131,124,255,0.51
mDP,135,97,232,0.58
mDS,134,127,261,0.51
mDb,109,98,207,0.53
mDh,4,8,12,0.33
mDl,30,39,69,0.43
mDm,137,130,267,0.51
mDn,125,108,233,0.54
mDs,114,80,194,0.59
mDt,21,25,46,0.46
mHB,401,399,800,0.5
mHD,83,62,145,0.57
mHH,117,103,220,0.53
mHI,65,53,118,0.55
mHK,36,26,62,0.58
mHL,137,158,295,0.46
mHM,543,634,1177,0.46
mHN,567,577,1144,0.5
mHP,597,543,1140,0.52
mHS,441,498,939,0.47
mHb,445,397,842,0.53
mHh,253,295,548,0.46
mHl,166,134,300,0.55
mHm,654,516,1170,0.56
mHn,598,530,1128,0.53
mHs,501,440,941,0.53
mHt,53,69,122,0.43
mIB,64,47,111,0.58
mID,10,5,15,0.67
mIH,46,49,95,0.48
mII,11,7,18,0.61
mIK,2,3,5,0.4
mIL,15,17,32,0.47
mIM,58,100,158,0.37
mIN,72,83,155,0.46
mIP,78,76,154,0.51
mIS,66,54,120,0.55
mIb,72,69,141,0.51
mIh,1,5,6,0.17
mIl,21,16,37,0.57
mIm,73,55,128,0.57
mIn,73,59,132,0.55
mIs,56,45,101,0.55
mIt,5,1,6,0.83
mJB,121,125,246,0.49
mJD,24,22,46,0.52
mJH,79,56,135,0.59
mJI,28,21,49,0.57
mJK,10,17,27,0.37
mJL,53,60,113,0.47
mJM,156,184,340,0.46
mJN,166,182,348,0.48
mJP,167,166,333,0.5
mJS,128,122,250,0.51
mJb,141,146,287,0.49
mJh,10,19,29,0.34
mJl,50,44,94,0.53
mJm,182,142,324,0.56
mJn,131,130,261,0.5
mJs,114,109,223,0.51
mJt,28,23,51,0.55
mKB,10,18,28,0.36
mKD,2,3,5,0.4
mKH,1,3,4,0.25
mKI,6,5,11,0.55
mKL,4,2,6,0.67
mKM,27,26,53,0.51
mKN,11,10,21,0.52
mKP,15,21,36,0.42
mKS,14,22,36,0.39
mKb,9,15,24,0.38
mKh,12,15,27,0.44
mKl,3,1,4,0.75
mKm,29,14,43,0.67
mKn,15,16,31,0.48
mKs,26,13,39,0.67
mKt,1,1,2,0.5
mLB,137,149,286,0.48
mLD,29,29,58,0.5
mLH,2,6,8,0.25
mLI,1,0,1,1.0
mLK,15,13,28,0.54
mLL,54,69,123,0.44
mLM,172,207,379,0.45
mLN,177,197,374,0.47
mLP,178,195,373,0.48
mLS,137,165,302,0.45
mLb,131,139,270,0.49
mLh,81,87,168,0.48
mLj,39,42,81,0.48
mLl,52,60,112,0.46
mLm,231,197,428,0.54
mLn,264,270,534,0.49
mLs,156,138,294,0.53
mLt,33,18,51,0.65
mMB,529,623,1152,0.46
mMD,141,120,261,0.54
mMH,15,9,24,0.62
mMI,4,1,5,0.8
mMK,18,31,49,0.37
mML,146,151,297,0.49
mMM,703,848,1551,0.45
mMN,847,879,1726,0.49
mMP,760,752,1512,0.5
mMS,555,616,1171,0.47
mMb,580,592,1172,0.49
mMh,532,646,1178,0.45
mMj,99,118,217,0.46
mMl,202,168,370,0.55
mMm,940,780,1720,0.55
mMn,1178,1085,2263,0.52
mMs,653,625,1278,0.51
mMt,117,141,258,0.45
mNB,566,607,1173,0.48
mND,135,132,267,0.51
mNH,174,169,343,0.51
mNI,19,22,41,0.46
mNK,102,102,204,0.5
mNL,186,175,361,0.52
mNM,715,890,1605,0.45
mNN,1039,1066,2105,0.49
mNP,987,969,1956,0.5
mNS,738,717,1455,0.51
mNb,538,545,1083,0.5
mNh,215,231,446,0.48
mNl,200,157,357,0.56
mNm,798,704,1502,0.53
mNn,1122,1057,2179,0.51
mNs,712,663,1375,0.52
mNt,188,157,345,0.54
mPB,594,563,1157,0.51
mPD,92,93,185,0.5
mPH,205,174,379,0.54
mPI,103,76,179,0.58
mPK,89,102,191,0.47
mPL,228,264,492,0.46
mPM,696,853,1549,0.45
mPN,755,760,1515,0.5
mPP,940,953,1893,0.5
mPS,526,574,1100,0.48
mPb,637,611,1248,0.51
mPh,81,80,161,0.5
mPl,224,195,419,0.53
mPm,818,597,1415,0.58
mPn,738,674,1412,0.52
mPs,517,493,1010,0.51
mPt,92,90,182,0.51
mSB,383,382,765,0.5
mSD,107,79,186,0.58
mSH,186,210,396,0.47
mSI,26,26,52,0.5
mSK,16,8,24,0.67
mSL,109,138,247,0.44
mSM,507,635,1142,0.44
mSN,541,521,1062,0.51
mSP,466,493,959,0.49
mSS,656,672,1328,0.49
mSb,351,328,679,0.52
mSh,248,309,557,0.45
mSl,123,87,210,0.59
mSm,580,486,1066,0.54
mSn,608,485,1093,0.56
mSs,653,609,1262,0.52
mSt,101,99,200,0.5
mbB,653,655,1308,0.5
mbD,63,69,132,0.48
mbH,153,168,321,0.48
mbI,81,67,148,0.55
mbJ,203,143,346,0.59
mbK,57,68,125,0.46
mbL,154,178,332,0.46
mbM,605,734,1339,0.45
mbN,887,808,1695,0.52
mbP,730,676,1406,0.52
mbS,324,282,606,0.53
mbb,779,705,1484,0.52
mbh,3,8,11,0.27
mbl,188,116,304,0.62
mbm,629,464,1093,0.58
mbn,664,570,1234,0.54
mbs,255,233,488,0.52
mbt,2,1,3,0.67
mhB,7,7,14,0.5
mhD,0,1,1,0.0
mhH,2,2,4,0.5
mhI,4,3,7,0.57
mhL,4,3,7,0.57
mhM,9,18,27,0.33
mhN,1,1,2,0.5
mhP,7,3,10,0.7
mhS,7,4,11,0.64
mhb,7,6,13,0.54
mhh,6,7,13,0.46
mhl,0,4,4,0.0
mhm,21,13,34,0.62
mhn,5,3,8,0.62
mhs,11,9,20,0.55
mht,2,1,3,0.67
mlB,144,135,279,0.52
mlD,20,15,35,0.57
mlH,84,100,184,0.46
mlI,14,23,37,0.38
mlJ,48,39,87,0.55
mlK,4,5,9,0.44
mlL,67,63,130,0.52
mlM,156,200,356,0.44
mlN,190,185,375,0.51
mlP,175,168,343,0.51
mlS,120,98,218,0.55
mlb,174,143,317,0.55
mlh,1,3,4,0.25
mll,50,52,102,0.49
mlm,149,126,275,0.54
mln,148,101,249,0.59
mls,105,85,190,0.55
mmB,646,659,1305,0.5
mmD,115,115,230,0.5
mmH,484,469,953,0.51
mmI,77,67,144,0.53
mmJ,133,145,278,0.48
mmK,20,14,34,0.59
mmL,173,190,363,0.48
mmM,723,837,1560,0.46
mmN,841,795,1636,0.51
mmP,742,706,1448,0.51
mmS,430,438,868,0.5
mmb,696,590,1286,0.54
mmh,4,13,17,0.24
mml,129,114,243,0.53
mmm,759,613,1372,0.55
mmn,677,567,1244,0.54
mms,333,284,617,0.54
mmt,2,3,5,0.4
mnB,489,513,1002,0.49
mnD,112,91,203,0.55
mnH,418,376,794,0.53
mnI,110,106,216,0.51
mnK,52,46,98,0.53
mnL,148,180,328,0.45
mnM,611,755,1366,0.45
mnN,901,894,1795,0.5
mnP,827,739,1566,0.53
mnS,509,473,982,0.52
mnb,570,528,1098,0.52
mnh,31,26,57,0.54
mnl,149,119,268,0.56
mnm,646,593,1239,0.52
mnn,740,622,1362,0.54
mns,460,409,869,0.53
mnt,8,10,18,0.44
msB,284,296,580,0.49
msD,82,80,162,0.51
msH,347,404,751,0.46
msI,88,74,162,0.54
msK,3,7,10,0.3
msL,109,106,215,0.51
msM,439,543,982,0.45
msN,442,503,945,0.47
msP,402,426,828,0.49
msS,492,477,969,0.51
msb,314,271,585,0.54
msh,25,32,57,0.44
msl,114,95,209,0.55
msm,432,392,824,0.52
msn,417,312,729,0.57
mss,430,400,830,0.52
mst,9,8,17,0.53
mtB,3,2,5,0.6
mtD,1,0,1,1.0
mtH,0,2,2,0.0
mtI,2,0,2,1.0
mtL,0,1,1,0.0
mtM,1,5,6,0.17
mtN,4,2,6,0.67
mtP,0,1,1,0.0
mtS,1,2,3,0.33
mtb,1,1,2,0.5
mth,0,1,1,0.0
mtl,1,0,1,1.0
mtm,3,2,5,0.6
mtn,2,1,3,0.67
mts,2,3,5,0.4
nBB,484,545,1029,0.47
nBD,73,71,144,0.51
nBH,6,10,16,0.38
nBI,2,1,3,0.67
nBK,56,56,112,0.5
nBL,118,145,263,0.45
nBM,407,517,924,0.44
nBN,540,691,1231,0.44
nBP,574,581,1155,0.5
nBS,290,325,615,0.47
nBb,428,422,850,0.5
nBh,50,61,111,0.45
nBj,107,104,211,0.51
nBl,165,142,307,0.54
nBm,592,444,1036,0.57
nBn,691,715,1406,0.49
nBs,284,313,597,0.48
nBt,84,84,168,0.5
nDB,63,82,145,0.43
nDD,21,27,48,0.44
nDH,89,111,200,0.44
nDI,10,9,19,0.53
nDK,2,3,5,0.4
nDL,37,37,74,0.5
nDM,105,144,249,0.42
nDN,103,94,197,0.52
nDP,114,118,232,0.49
nDS,132,141,273,0.48
nDb,66,76,142,0.46
nDh,6,8,14,0.43
nDl,33,42,75,0.44
nDm,110,103,213,0.52
nDn,107,90,197,0.54
nDs,117,90,207,0.57
nDt,25,16,41,0.61
nHB,248,300,548,0.45
nHD,53,53,106,0.5
nHH,84,116,200,0.42
nHI,59,50,109,0.54
nHK,28,34,62,0.45
nHL,122,109,231,0.53
nHM,383,463,846,0.45
nHN,440,454,894,0.49
nHP,428,491,919,0.47
nHS,382,404,786,0.49
nHb,283,292,575,0.49
nHh,172,202,374,0.46
nHl,125,113,238,0.53
nHm,437,355,792,0.55
nHn,447,425,872,0.51
nHs,423,366,789,0.54
nHt,29,40,69,0.42
nIB,111,98,209,0.53
nID,20,20,40,0.5
nIH,111,95,206,0.54
nII,29,23,52,0.56
nIK,2,2,4,0.5
nIL,29,36,65,0.45
nIM,121,159,280,0.43
nIN,110,134,244,0.45
nIP,141,154,295,0.48
nIS,109,127,236,0.46
nIb,115,94,209,0.55
nIh,3,5,8,0.38
nIl,36,39,75,0.48
nIm,151,121,272,0.56
nIn,116,99,215,0.54
nIs,114,84,198,0.58
nIt,15,17,32,0.47
nKB,44,59,103,0.43
nKD,12,7,19,0.63
nKH,12,17,29,0.41
nKI,11,7,18,0.61
nKK,0,1,1,0.0
nKL,25,15,40,0.62
nKM,80,87,167,0.48
nKN,53,61,114,0.46
nKP,74,69,143,0.52
nKS,63,71,134,0.47
nKb,36,46,82,0.44
nKh,35,53,88,0.4
nKl,25,19,44,0.57
nKm,88,55,143,0.62
nKn,64,64,128,0.5
nKs,64,58,122,0.52
nKt,3,5,8,0.38
nLB,156,173,329,0.47
nLD,22,20,42,0.52
nLH,2,3,5,0.4
nLI,0,1,1,0.0
nLK,7,12,19,0.37
nLL,57,76,133,0.43
nLM,144,182,326,0.44
nLN,155,164,319,0.49
nLP,209,222,431,0.48
nLS,122,143,265,0.46
nLb,135,136,271,0.5
nLh,86,85,171,0.5
nLj,43,46,89,0.48
nLl,53,70,123,0.43
nLm,199,195,394,0.51
nLn,258,239,497,0.52
nLs,156,124,280,0.56
nLt,36,28,64,0.56
nMB,599,650,1249,0.48
nMD,109,104,213,0.51
nMH,10,7,17,0.59
nMI,4,4,8,0.5
nMK,15,9,24,0.62
nML,153,181,334,0.46
nMM,559,720,1279,0.44
nMN,669,774,1443,0.46
nMP,709,725,1434,0.49
nMS,436,466,902,0.48
nMb,568,586,1154,0.49
nMh,470,529,999,0.47
nMj,109,94,203,0.54
nMl,174,185,359,0.48
nMm,840,731,1571,0.53
nMn,950,979,1929,0.49
nMs,537,521,1058,0.51
nMt,111,101,212,0.52
nNB,678,695,1373,0.49
nND,182,146,328,0.55
nNH,171,189,360,0.48
nNI,23,20,43,0.53
nNK,100,106,206,0.49
nNL,204,221,425,0.48
nNM,770,911,1681,0.46
nNN,1047,1126,2173,0.48
nNP,1091,1015,2106,0.52
nNS,758,785,1543,0.49
nNb,573,578,1151,0.5
nNh,269,310,579,0.46
nNl,236,200,436,0.54
nNm,912,775,1687,0.54
nNn,1202,1171,2373,0.51
nNs,838,809,1647,0.51
nNt,174,182,356,0.49
nPB,726,680,1406,0.52
nPD,115,104,219,0.53
nPH,269,294,563,0.48
nPI,135,97,232,0.58
nPK,94,113,207,0.45
nPL,293,319,612,0.48
nPM,793,973,1766,0.45
nPN,926,980,1906,0.49
nPP,1131,1139,2270,0.5
nPS,716,749,1465,0.49
nPb,706,666,1372,0.51
nPh,103,122,225,0.46
nPl,304,294,598,0.51
nPm,932,798,1730,0.54
nPn,828,823,1651,0.5
nPs,728,692,1420,0.51
nPt,113,133,246,0.46
nSB,387,398,785,0.49
nSD,108,88,196,0.55
nSH,211,238,449,0.47
nSI,36,25,61,0.59
nSK,15,19,34,0.44
nSL,151,177,328,0.46
nSM,590,656,1246,0.47
nSN,575,571,1146,0.5
nSP,610,628,1238,0.49
nSS,727,767,1494,0.49
nSb,362,361,723,0.5
nSh,343,371,714,0.48
nSl,161,141,302,0.53
nSm,679,579,1258,0.54
nSn,635,668,1303,0.49
nSs,796,723,1519,0.52
nSt,121,131,252,0.48
nbB,490,494,984,0.5
nbD,67,54,121,0.55
nbH,153,153,306,0.5
nbI,77,55,132,0.58
nbJ,146,123,269,0.54
nbK,49,70,119,0.41
nbL,142,157,299,0.47
nbM,515,633,1148,0.45
nbN,736,705,1441,0.51
nbP,674,581,1255,0.54
nbS,307,327,634,0.48
nbb,600,540,1140,0.53
nbh,2,2,4,0.5
nbl,173,140,313,0.55
nbm,550,443,993,0.55
nbn,631,546,1177,0.54
nbs,305,231,536,0.57
nbt,1,0,1,1.0
nhB,30,37,67,0.45
nhD,1,4,5,0.2
nhH,6,8,14,0.43
nhI,9,10,19,0.47
nhK,4,1,5,0.8
nhL,13,11,24,0.54
nhM,37,54,91,0.41
nhN,31,29,60,0.52
nhP,40,43,83,0.48
nhS,37,37,74,0.5
nhb,21,23,44,0.48
nhh,28,38,66,0.42
nhl,10,8,18,0.56
nhm,57,46,103,0.55
nhn,31,51,82,0.38
nhs,35,41,76,0.46
nht,5,5,10,0.5
nlB,137,157,294,0.47
nlD,20,18,38,0.53
nlH,129,112,241,0.54
nlI,22,20,42,0.52
nlJ,56,52,108,0.52
nlK,8,4,12,0.67
nlL,79,57,136,0.58
nlM,188,216,404,0.47
nlN,196,210,406,0.48
nlP,183,170,353,0.52
nlS,138,145,283,0.49
nlb,186,167,353,0.53
nlh,0,1,1,0.0
nll,67,41,108,0.62
nlm,181,150,331,0.55
nln,154,180,334,0.46
nls,126,110,236,0.53
nmB,562,586,1148,0.49
nmD,133,111,244,0.55
nmH,540,510,1050,0.51
nmI,70,67,137,0.51
nmJ,167,147,314,0.53
nmK,11,13,24,0.46
nmL,161,179,340,0.47
nmM,704,780,1484,0.47
nmN,867,854,1721,0.5
nmP,671,688,1359,0.49
nmS,489,480,969,0.5
nmb,681,586,1267,0.54
nmh,7,5,12,0.58
nml,136,120,256,0.53
nmm,689,581,1270,0.54
nmn,737,658,1395,0.53
nms,424,330,754,0.56
nmt,1,0,1,1.0
nnB,477,481,958,0.5
nnD,140,104,244,0.57
nnH,410,444,854,0.48
nnI,132,136,268,0.49
nnK,57,69,126,0.45
nnL,204,204,408,0.5
nnM,657,857,1514,0.43
nnN,1010,1007,2017,0.5
nnP,965,883,1848,0.52
nnS,618,669,1287,0.48
nnb,555,557,1112,0.5
nnh,41,48,89,0.46
nnl,172,152,324,0.53
nnm,679,592,1271,0.53
nnn,878,767,1645,0.53
nns,604,530,1134,0.53
nnt,9,9,18,0.5
nsB,319,346,665,0.48
nsD,114,105,219,0.52
nsH,513,495,1008,0.51
nsI,124,87,211,0.59
nsK,9,11,20,0.45
nsL,133,150,283,0.47
nsM,503,640,1143,0.44
nsN,593,640,1233,0.48
nsP,569,547,1116,0.51
nsS,728,691,1419,0.51
nsb,414,393,807,0.51
nsh,34,53,87,0.39
nsl,140,137,277,0.51
nsm,606,496,1102,0.55
nsn,510,506,1016,0.5
nss,634,576,1210,0.52
nst,17,9,26,0.65
ntB,9,12,21,0.43
ntD,2,2,4,0.5
ntH,8,7,15,0.53
ntI,1,1,2,0.5
ntK,1,0,1,1.0
ntL,4,2,6,0.67
ntM,7,12,19,0.37
ntN,5,9,14,0.36
ntP,11,8,19,0.58
ntS,12,15,27,0.44
ntb,7,8,15,0.47
nth,1,1,2,0.5
ntl,2,2,4,0.5
ntm,15,13,28,0.54
ntn,8,9,17,0.47
nts,10,6,16,0.62
ntt,1,4,5,0.2
sBB,272,307,579,0.47
sBD,52,50,102,0.51
sBH,3,2,5,0.6
sBI,3,0,3,1.0
sBK,36,43,79,0.46
sBL,75,124,199,0.38
sBM,251,365,616,0.41
sBN,370,400,770,0.48
sBP,322,328,650,0.5
sBS,248,266,514,0.48
sBb,260,229,489,0.53
sBh,33,38,71,0.46
sBj,74,78,152,0.49
sBl,90,83,173,0.52
sBm,394,354,748,0.53
sBn,446,446,892,0.5
sBs,239,228,467,0.51
sBt,61,46,107,0.57
sDB,56,48,104,0.54
sDD,36,21,57,0.63
sDH,83,93,176,0.47
sDI,15,10,25,0.6
sDK,2,3,5,0.4
sDL,24,31,55,0.44
sDM,102,107,209,0.49
sDN,80,97,177,0.45
sDP,90,73,163,0.55
sDS,138,140,278,0.5
sDb,75,74,149,0.5
sDh,6,8,14,0.43
sDl,27,26,53,0.51
sDm,105,88,193,0.54
sDn,97,85,182,0.53
sDs,119,95,214,0.56
sDt,15,14,29,0.52
sHB,291,313,604,0.48
sHD,71,77,148,0.48
sHH,126,167,293,0.43
sHI,72,69,141,0.51
sHK,29,46,75,0.39
sHL,112,137,249,0.45
sHM,503,576,1079,0.47
sHN,486,478,964,0.5
sHP,467,476,943,0.5
sHS,609,609,1218,0.5
sHb,309,309,618,0.5
sHh,243,271,514,0.47
sHl,148,141,289,0.51
sHm,564,454,1018,0.55
sHn,476,449,925,0.51
sHs,640,593,1233,0.52
sHt,47,69,116,0.41
sIB,55,72,127,0.43
sID,14,9,23,0.61
sIH,78,76,154,0.51
sII,14,14,28,0.5
sIK,3,4,7,0.43
sIL,25,30,55,0.45
sIM,93,116,209,0.44
sIN,101,86,187,0.54
sIP,91,106,197,0.46
sIS,119,106,225,0.53
sIb,75,81,156,0.48
sIh,5,6,11,0.45
sIl,37,29,66,0.56
sIm,97,84,181,0.54
sIn,79,89,168,0.47
sIs,95,86,181,0.52
sIt,10,8,18,0.56
sKB,7,7,14,0.5
sKD,1,0,1,1.0
sKH,2,2,4,0.5
sKI,1,1,2,0.5
sKL,3,3,6,0.5
sKM,11,13,24,0.46
sKN,18,6,24,0.75
sKP,12,16,28,0.43
sKS,9,8,17,0.53
sKb,3,11,14,0.21
sKh,6,7,13,0.46
sKl,2,7,9,0.22
sKm,10,15,25,0.4
sKn,11,10,21,0.52
sKs,7,6,13,0.54
sKt,3,4,7,0.43
sLB,128,137,265,0.48
sLD,21,17,38,0.55
sLH,3,2,5,0.6
sLK,11,7,18,0.61
sLL,55,51,106,0.52
sLM,133,185,318,0.42
sLN,118,140,258,0.46
sLP,144,150,294,0.49
sLS,123,131,254,0.48
sLb,116,85,201,0.58
sLh,56,51,107,0.52
sLj,30,34,64,0.47
sLl,55,44,99,0.56
sLm,162,165,327,0.5
sLn,177,190,367,0.48
sLs,137,144,281,0.49
sLt,29,20,49,0.59
sMB,438,490,928,0.47
sMD,76,80,156,0.49
sMH,10,9,19,0.53
sMI,3,2,5,0.6
sMK,20,19,39,0.51
sML,120,135,255,0.47
sMM,507,619,1126,0.45
sMN,518,534,1052,0.49
sMP,483,521,1004,0.48
sMS,409,427,836,0.49
sMb,377,362,739,0.51
sMh,370,387,757,0.49
sMj,80,73,153,0.52
sMl,140,136,276,0.51
sMm,662,555,1217,0.54
sMn,740,696,1436,0.52
sMs,535,482,1017,0.53
sMt,98,78,176,0.56
sNB,400,402,802,0.5
sND,111,96,207,0.54
sNH,98,113,211,0.46
sNI,10,10,20,0.5
sNK,54,55,109,0.5
sNL,116,129,245,0.47
sNM,473,566,1039,0.46
sNN,640,633,1273,0.5
sNP,600,635,1235,0.49
sNS,579,630,1209,0.48
sNb,354,318,672,0.53
sNh,150,161,311,0.48
sNl,130,123,253,0.51
sNm,572,457,1029,0.56
sNn,696,618,1314,0.53
sNs,610,549,1159,0.53
sNt,105,115,220,0.48
sPB,390,375,765,0.51
sPD,62,52,114,0.54
sPH,181,185,366,0.49
sPI,88,71,159,0.55
sPK,49,70,119,0.41
sPL,147,194,341,0.43
sPM,477,651,1128,0.42
sPN,511,510,1021,0.5
sPP,604,604,1208,0.5
sPS,526,587,1113,0.47
sPb,383,386,769,0.5
sPh,67,72,139,0.48
sPl,201,186,387,0.52
sPm,594,499,1093,0.54
sPn,487,499,986,0.49
sPs,525,467,992,0.53
sPt,77,69,146,0.53
sSB,427,456,883,0.48
sSD,125,110,235,0.53
sSH,274,308,582,0.47
sSI,42,33,75,0.56
sSK,15,20,35,0.43
sSL,179,178,357,0.5
sSM,685,835,1520,0.45
sSN,652,605,1257,0.52
sSP,607,614,1221,0.5
sSS,1117,1132,2249,0.5
sSb,368,364,732,0.5
sSh,351,436,787,0.45
sSl,181,140,321,0.56
sSm,738,639,1377,0.54
sSn,658,666,1324,0.5
sSs,1043,1009,2052,0.51
sSt,127,132,259,0.49
sbB,320,329,649,0.49
sbD,45,53,98,0.46
sbH,95,103,198,0.48
sbI,39,45,84,0.46
sbJ,99,93,192,0.52
sbK,42,42,84,0.5
sbL,94,107,201,0.47
sbM,358,403,761,0.47
sbN,476,442,918,0.52
sbP,415,339,754,0.55
sbS,238,226,464,0.51
sbb,419,325,744,0.56
sbh,2,1,3,0.67
sbl,127,81,208,0.61
sbm,364,349,713,0.51
sbn,430,356,786,0.55
sbs,211,186,397,0.53
sbt,0,0,0,
shB,41,35,76,0.54
shD,6,2,8,0.75
shH,4,9,13,0.31
shI,15,4,19,0.79
shK,0,1,1,0.0
shL,14,13,27,0.52
shM,48,58,106,0.45
shN,36,30,66,0.55
shP,39,47,86,0.45
shS,43,43,86,0.5
shb,23,30,53,0.43
shh,23,38,61,0.38
shl,16,12,28,0.57
shm,58,45,103,0.56
shn,44,44,88,0.5
shs,30,35,65,0.46
sht,3,3,6,0.5
slB,133,131,264,0.5
slD,21,12,33,0.64
slH,84,95,179,0.47
slI,11,25,36,0.31
slJ,43,27,70,0.61
slK,12,11,23,0.52
slL,61,56,117,0.52
slM,156,185,341,0.46
slN,188,179,367,0.51
slP,159,161,320,0.5
slS,133,117,250,0.53
slb,144,105,249,0.58
slh,2,2,4,0.5
sll,53,49,102,0.52
slm,140,120,260,0.54
sln,147,125,272,0.54
sls,119,121,240,0.5
smB,405,402,807,0.5
smD,98,90,188,0.52
smH,419,433,852,0.49
smI,58,40,98,0.59
smJ,119,120,239,0.5
smK,11,10,21,0.52
smL,124,150,274,0.45
smM,563,636,1199,0.47
smN,587,643,1230,0.48
smP,520,495,1015,0.51
smS,468,493,961,0.49
smb,555,441,996,0.56
smh,4,6,10,0.4
sml,124,116,240,0.52
smm,595,464,1059,0.56
smn,488,488,976,0.5
sms,373,343,716,0.52
smt,0,1,1,0.0
snB,271,311,582,0.47
snD,82,85,167,0.49
snH,260,289,549,0.47
snI,78,76,154,0.51
snK,32,35,67,0.48
snL,110,122,232,0.47
snM,408,477,885,0.46
snN,572,576,1148,0.5
snP,502,501,1003,0.5
snS,475,490,965,0.49
snb,336,340,676,0.5
snh,17,18,35,0.49
snl,105,105,210,0.5
snm,453,403,856,0.53
snn,483,438,921,0.52
sns,412,393,805,0.51
snt,7,5,12,0.58
ssB,316,338,654,0.48
ssD,118,110,228,0.52
ssH,581,584,1165,0.5
ssI,100,98,198,0.51
ssK,8,10,18,0.44
ssL,135,141,276,0.49
ssM,538,620,1158,0.46
ssN,608,582,1190,0.51
ssP,521,526,1047,0.5
ssS,922,998,1920,0.48
ssb,375,356,731,0.51
ssh,38,59,97,0.39
ssl,190,141,331,0.57
ssm,608,547,1155,0.53
ssn,483,458,941,0.51
sss,783,707,1490,0.53
sst,15,22,37,0.41
stB,12,6,18,0.67
stD,4,0,4,1.0
stH,11,8,19,0.58
stI,1,2,3,0.33
stK,0,1,1,0.0
stL,2,4,6,0.33
stM,7,12,19,0.37
stN,9,12,21,0.43
stP,12,12,24,0.5
stS,19,25,44,0.43
stb,9,8,17,0.53
sth,2,0,2,1.0
stl,2,1,3,0.67
stm,18,14,32,0.56
stn,12,8,20,0.6
sts,11,17,28,0.39
stt,0,2,2,0.0
tBB,58,63,121,0.48
tBD,5,9,14,0.36
tBH,6,0,6,1.0
tBI,0,0,0,
tBK,3,5,8,0.38
tBL,14,18,32,0.44
tBM,39,54,93,0.42
tBN,46,61,107,0.43
tBP,51,52,103,0.5
tBS,24,31,55,0.44
tBb,49,53,102,0.48
tBh,4,8,12,0.33
tBj,6,18,24,0.25
tBl,15,13,28,0.54
tBm,63,62,125,0.5
tBn,57,56,113,0.5
tBs,31,32,63,0.49
tBt,7,15,22,0.32
tDB,7,4,11,0.64
tDD,1,0,1,1.0
tDH,7,6,13,0.54
tDI,0,1,1,0.0
tDK,1,0,1,1.0
tDL,1,2,3,0.33
tDM,10,12,22,0.45
tDN,4,4,8,0.5
tDP,11,12,23,0.48
tDS,9,18,27,0.33
tDb,9,3,12,0.75
tDh,1,0,1,1.0
tDl,4,4,8,0.5
tDm,15,20,35,0.43
tDn,7,7,14,0.5
tDs,9,7,16,0.56
tDt,0,4,4,0.0
tHB,28,35,63,0.44
tHD,2,4,6,0.33
tHH,8,13,21,0.38
tHI,4,2,6,0.67
tHK,2,3,5,0.4
tHL,11,15,26,0.42
tHM,33,47,80,0.41
tHN,35,41,76,0.46
tHP,33,43,76,0.43
tHS,39,50,89,0.44
tHb,31,25,56,0.55
tHh,24,19,43,0.56
tHl,12,13,25,0.48
tHm,54,61,115,0.47
tHn,32,34,66,0.48
tHs,54,44,98,0.55
tHt,1,3,4,0.25
tIB,4,2,6,0.67
tID,1,1,2,0.5
tIH,5,6,11,0.45
tII,1,2,3,0.33
tIL,3,0,3,1.0
tIM,7,10,17,0.41
tIN,3,5,8,0.38
tIP,7,5,12,0.58
tIS,4,5,9,0.44
tIb,5,4,9,0.56
tIl,1,3,4,0.25
tIm,10,5,15,0.67
tIn,5,5,10,0.5
tIs,3,5,8,0.38
tIt,2,1,3,0.67
tKB,1,2,3,0.33
tKH,2,0,2,1.0
tKK,2,0,2,1.0
tKL,1,3,4,0.25
tKM,3,1,4,0.75
tKN,3,5,8,0.38
tKP,3,10,13,0.23
tKS,4,8,12,0.33
tKb,4,2,6,0.67
tKh,4,4,8,0.5
tKl,2,0,2,1.0
tKm,9,6,15,0.6
tKn,2,7,9,0.22
tKs,4,3,7,0.57
tKt,0,0,0,
tLB,13,11,24,0.54
tLD,0,2,2,0.0
tLI,1,0,1,1.0
tLK,1,3,4,0.25
tLL,4,6,10,0.4
tLM,12,19,31,0.39
tLN,13,22,35,0.37
tLP,21,32,53,0.4
tLS,10,12,22,0.45
tLb,23,12,35,0.66
tLh,8,8,16,0.5
tLj,2,2,4,0.5
tLl,9,11,20,0.45
tLm,21,12,33,0.64
tLn,26,16,42,0.62
tLs,18,20,38,0.47
tLt,5,3,8,0.62
tMB,60,59,119,0.5
tMD,10,4,14,0.71
tMH,0,2,2,0.0
tMK,1,1,2,0.5
tML,16,21,37,0.43
tMM,58,73,131,0.44
tMN,52,73,125,0.42
tMP,49,62,111,0.44
tMS,41,55,96,0.43
tMb,62,64,126,0.49
tMh,42,61,103,0.41
tMj,7,8,15,0.47
tMl,14,18,32,0.44
tMm,78,75,153,0.51
tMn,86,79,165,0.52
tMs,49,36,85,0.58
tMt,8,14,22,0.36
tNB,44,67,111,0.4
tND,19,9,28,0.68
tNH,10,12,22,0.45
tNI,7,2,9,0.78
tNK,4,7,11,0.36
tNL,13,21,34,0.38
tNM,40,72,112,0.36
tNN,62,68,130,0.48
tNP,61,68,129,0.47
tNS,45,61,106,0.42
tNb,43,41,84,0.51
tNh,26,22,48,0.54
tNl,13,22,35,0.37
tNm,67,68,135,0.5
tNn,56,80,136,0.41
tNs,53,61,114,0.46
tNt,11,17,28,0.39
tPB,53,46,99,0.54
tPD,13,16,29,0.45
tPH,17,21,38,0.45
tPI,13,12,25,0.52
tPK,8,14,22,0.36
tPL,24,33,57,0.42
tPM,78,92,170,0.46
tPN,54,76,130,0.42
tPP,83,99,182,0.46
tPS,72,65,137,0.53
tPb,56,44,100,0.56
tPh,8,14,22,0.36
tPl,23,22,45,0.51
tPm,84,73,157,0.54
tPn,60,70,130,0.46
tPs,61,61,122,0.5
tPt,14,6,20,0.7
tSB,52,53,105,0.5
tSD,13,8,21,0.62
tSH,22,23,45,0.49
tSI,3,2,5,0.6
tSK,3,1,4,0.75
tSL,15,18,33,0.45
tSM,59,73,132,0.45
tSN,44,59,103,0.43
tSP,54,78,132,0.41
tSS,82,84,166,0.49
tSb,47,33,80,0.59
tSh,22,32,54,0.41
tSl,15,18,33,0.45
tSm,67,71,138,0.49
tSn,57,66,123,0.46
tSs,83,80,163,0.51
tSt,10,10,20,0.5
tbB,35,43,78,0.45
tbD,9,7,16,0.56
tbH,13,16,29,0.45
tbI,7,3,10,0.7
tbJ,9,14,23,0.39
tbK,3,5,8,0.38
tbL,14,16,30,0.47
tbM,51,58,109,0.47
tbN,66,55,121,0.55
tbP,61,38,99,0.62
tbS,42,32,74,0.57
tbb,52,36,88,0.59
tbl,16,12,28,0.57
tbm,42,42,84,0.5
tbn,42,43,85,0.49
tbs,33,25,58,0.57
thB,3,4,7,0.43
thD,0,0,0,
thH,2,1,3,0.67
thI,1,0,1,1.0
thL,0,2,2,0.0
thM,5,2,7,0.71
thN,1,5,6,0.17
thP,2,1,3,0.67
thS,2,2,4,0.5
thb,2,2,4,0.5
thh,1,4,5,0.2
thl,2,1,3,0.67
thm,7,4,11,0.64
thn,3,2,5,0.6
ths,1,2,3,0.33
tht,1,1,2,0.5
tlB,17,18,35,0.49
tlD,3,4,7,0.43
tlH,19,11,30,0.63
tlI,0,1,1,0.0
tlJ,5,2,7,0.71
tlK,0,0,0,
tlL,9,9,18,0.5
tlM,20,34,54,0.37
tlN,14,17,31,0.45
tlP,15,29,44,0.34
tlS,22,24,46,0.48
tlb,28,18,46,0.61
tlh,1,0,1,1.0
tll,4,4,8,0.5
tlm,27,12,39,0.69
tln,17,10,27,0.63
tls,17,12,29,0.59
tmB,58,54,112,0.52
tmD,20,4,24,0.83
tmH,59,50,109,0.54
tmI,9,9,18,0.5
tmJ,17,20,37,0.46
tmK,3,4,7,0.43
tmL,11,19,30,0.37
tmM,80,87,167,0.48
tmN,61,66,127,0.48
tmP,56,64,120,0.47
tmS,49,67,116,0.42
tmb,60,65,125,0.48
tmh,1,0,1,1.0
tml,21,13,34,0.62
tmm,95,61,156,0.61
tmn,55,56,111,0.5
tms,57,52,109,0.52
tmt,1,0,1,1.0
tnB,42,39,81,0.52
tnD,12,11,23,0.52
tnH,39,48,87,0.45
tnI,12,15,27,0.44
tnK,2,7,9,0.22
tnL,18,11,29,0.62
tnM,46,52,98,0.47
tnN,72,60,132,0.55
tnP,60,56,116,0.52
tnS,51,45,96,0.53
tnb,38,50,88,0.43
tnh,1,4,5,0.2
tnl,14,13,27,0.52
tnm,60,40,100,0.6
tnn,48,58,106,0.45
tns,55,67,122,0.45
tnt,1,0,1,1.0
tsB,26,35,61,0.43
tsD,6,11,17,0.35
tsH,65,63,128,0.51
tsI,7,15,22,0.32
tsK,0,1,1,0.0
tsL,14,19,33,0.42
tsM,53,63,116,0.46
tsN,51,56,107,0.48
tsP,43,56,99,0.43
tsS,85,68,153,0.56
tsb,45,41,86,0.52
tsh,4,5,9,0.44
tsl,20,16,36,0.56
tsm,64,45,109,0.59
tsn,43,40,83,0.52
tss,72,68,140,0.51
tst,2,2,4,0.5
ttB,6,7,13,0.46
ttD,1,1,2,0.5
ttH,7,3,10,0.7
ttI,1,0,1,1.0
ttK,0,1,1,0.0
ttL,3,5,8,0.38
ttM,8,14,22,0.36
ttN,11,12,23,0.48
ttP,8,15,23,0.35
ttS,15,18,33,0.45
ttb,7,13,20,0.35
tth,2,0,2,1.0
ttl,5,7,12,0.42
ttm,20,11,31,0.65
ttn,11,11,22,0.5
tts,15,10,25,0.6
ttt,2,4,6,0.33
