candlestick_code3,label_increase,label_decrease,occurrence,percentage
BBB,331,362,693,0.48
BBD,25,26,51,0.49
BBH,4,0,4,1.0
BBK,14,18,32,0.44
BBL,99,94,193,0.51
BBM,236,267,503,0.47
BBN,302,357,659,0.46
BBP,420,388,808,0.52
BBS,126,143,269,0.47
BBT,30,35,65,0.46
BBb,336,334,670,0.5
BBh,30,31,61,0.49
BBj,115,107,222,0.52
BBl,104,132,236,0.44
BBm,296,248,544,0.54
BBn,396,397,793,0.5
BBs,137,105,242,0.57
BDB,30,28,58,0.52
BDD,18,9,27,0.67
BDH,21,36,57,0.37
BDI,5,3,8,0.62
BDK,0,1,1,0.0
BDL,17,16,33,0.52
BDM,24,23,47,0.51
BDN,29,25,54,0.54
BDP,48,38,86,0.56
BDS,33,33,66,0.5
BDT,7,3,10,0.7
BDb,27,33,60,0.45
BDh,1,1,2,0.5
BDl,12,13,25,0.48
BDm,41,33,74,0.55
BDn,34,22,56,0.61
BDs,22,31,53,0.42
BHB,3,2,5,0.6
BHD,1,0,1,1.0
BHH,1,1,2,0.5
BHI,1,2,3,0.33
BHK,0,0,0,
BHL,2,1,3,0.67
BHM,7,4,11,0.64
BHN,2,3,5,0.4
BHP,1,4,5,0.2
BHS,1,4,5,0.2
BHT,1,0,1,1.0
BHb,4,2,6,0.67
BHh,1,0,1,1.0
BHl,0,1,1,0.0
BHm,3,2,5,0.6
BHs,0,1,1,0.0
BIH,0,1,1,0.0
BIL,0,0,0,
BIM,2,0,2,1.0
BIN,0,1,1,0.0
BIm,0,1,1,0.0
BIn,0,1,1,0.0
BIs,0,1,1,0.0
BKB,22,17,39,0.56
BKD,2,4,6,0.33
BKH,5,3,8,0.62
BKI,4,2,6,0.67
BKL,6,6,12,0.5
BKM,29,21,50,0.58
BKN,12,22,34,0.35
BKP,30,32,62,0.48
BKS,15,17,32,0.47
BKT,2,0,2,1.0
BKb,22,25,47,0.47
BKh,13,22,35,0.37
BKl,13,11,24,0.54
BKm,34,33,67,0.51
BKn,24,25,49,0.49
BKs,21,15,36,0.58
BLB,88,102,190,0.46
BLD,10,8,18,0.56
BLH,2,3,5,0.4
BLK,5,7,12,0.42
BLL,32,47,79,0.41
BLM,75,104,179,0.42
BLN,80,98,178,0.45
BLP,156,153,309,0.5
BLS,48,57,105,0.46
BLT,13,15,28,0.46
BLb,127,103,230,0.55
BLh,44,62,106,0.42
BLj,37,42,79,0.47
BLl,64,51,115,0.56
BLm,135,86,221,0.61
BLn,139,165,304,0.46
BLs,65,49,114,0.57
BMB,222,266,488,0.45
BMD,20,21,41,0.49
BMH,2,2,4,0.5
BMI,1,1,2,0.5
BMK,2,3,5,0.4
BML,95,79,174,0.55
BMM,228,288,516,0.44
BMN,234,288,522,0.45
BMP,346,365,711,0.49
BMS,136,165,301,0.45
BMT,27,29,56,0.48
BMb,313,306,619,0.51
BMh,208,222,430,0.48
BMj,86,71,157,0.55
BMl,106,123,229,0.46
BMm,303,253,556,0.54
BMn,426,340,766,0.56
BMs,157,132,289,0.54
BNB,272,301,573,0.47
BND,33,41,74,0.45
BNH,49,42,91,0.54
BNI,2,3,5,0.4
BNK,17,22,39,0.44
BNL,114,102,216,0.53
BNM,262,317,579,0.45
BNN,380,418,798,0.48
BNP,538,567,1105,0.49
BNS,215,245,460,0.47
BNT,68,56,124,0.55
BNb,315,309,624,0.5
BNh,115,162,277,0.42
BNl,145,136,281,0.52
BNm,322,276,598,0.54
BNn,479,492,971,0.49
BNs,252,216,468,0.54
BPB,356,382,738,0.48
BPD,35,36,71,0.49
BPH,86,109,195,0.44
BPI,29,27,56,0.52
BPK,35,46,81,0.43
BPL,156,185,341,0.46
BPM,352,439,791,0.45
BPN,443,450,893,0.5
BPP,649,685,1334,0.49
BPS,267,278,545,0.49
BPT,39,28,67,0.58
BPb,404,379,783,0.52
BPh,46,43,89,0.52
BPl,210,191,401,0.52
BPm,422,318,740,0.57
BPn,400,426,826,0.48
BPs,240,250,490,0.49
BSB,123,121,244,0.5
BSD,22,28,50,0.44
BSH,49,78,127,0.39
BSI,6,2,8,0.75
BSK,1,3,4,0.25
BSL,57,61,118,0.48
BSM,149,185,334,0.45
BSN,155,180,335,0.46
BSP,251,233,484,0.52
BSS,160,160,320,0.5
BST,23,23,46,0.5
BSb,154,150,304,0.51
BSh,99,100,199,0.5
BSl,87,72,159,0.55
BSm,181,125,306,0.59
BSn,182,198,380,0.48
BSs,160,170,330,0.48
BTB,25,40,65,0.38
BTD,2,4,6,0.33
BTH,22,23,45,0.49
BTI,0,1,1,0.0
BTK,2,4,6,0.33
BTL,19,11,30,0.63
BTM,30,30,60,0.5
BTN,51,44,95,0.54
BTP,75,75,150,0.5
BTS,20,28,48,0.42
BTT,12,6,18,0.67
BTb,41,52,93,0.44
BTh,1,0,1,1.0
BTl,17,18,35,0.49
BTm,42,29,71,0.59
BTn,44,34,78,0.56
BTs,20,21,41,0.49
BbB,297,292,589,0.5
BbD,22,23,45,0.49
BbH,93,92,185,0.5
BbI,46,30,76,0.61
BbJ,102,85,187,0.55
BbK,20,28,48,0.42
BbL,117,126,243,0.48
BbM,287,353,640,0.45
BbN,407,447,854,0.48
BbP,470,432,902,0.52
BbS,157,187,344,0.46
Bbb,360,304,664,0.54
Bbh,0,1,1,0.0
Bbl,137,102,239,0.57
Bbm,301,201,502,0.6
Bbn,359,312,671,0.54
Bbs,162,141,303,0.53
BhB,29,27,56,0.52
BhD,1,2,3,0.33
BhH,3,5,8,0.38
BhI,0,1,1,0.0
BhK,1,0,1,1.0
BhL,22,15,37,0.59
BhM,26,35,61,0.43
BhN,49,41,90,0.54
BhP,57,61,118,0.48
BhS,21,30,51,0.41
BhT,3,7,10,0.3
Bhb,45,39,84,0.54
Bhh,24,30,54,0.44
Bhl,20,23,43,0.47
Bhm,43,42,85,0.51
Bhn,59,50,109,0.54
Bhs,31,25,56,0.55
BjB,110,111,221,0.5
BjD,8,7,15,0.53
BjH,26,28,54,0.48
BjI,11,10,21,0.52
BjK,8,6,14,0.57
BjL,39,57,96,0.41
BjM,98,131,229,0.43
BjN,112,107,219,0.51
BjP,171,176,347,0.49
BjS,76,91,167,0.46
BjT,13,20,33,0.39
Bjb,149,122,271,0.55
Bjh,16,22,38,0.42
Bjl,60,51,111,0.54
Bjm,101,88,189,0.53
Bjn,121,119,240,0.5
Bjs,70,68,138,0.51
BlB,113,95,208,0.54
BlD,9,11,20,0.45
BlH,61,83,144,0.42
BlI,16,9,25,0.64
BlJ,33,33,66,0.5
BlK,2,5,7,0.29
BlL,44,63,107,0.41
BlM,115,130,245,0.47
BlN,136,146,282,0.48
BlP,152,143,295,0.52
BlS,103,88,191,0.54
Blb,118,117,235,0.5
Bll,44,64,108,0.41
Blm,116,85,201,0.58
Bln,114,127,241,0.47
Bls,70,81,151,0.46
BmB,222,237,459,0.48
BmD,57,41,98,0.58
BmH,194,199,393,0.49
BmI,28,19,47,0.6
BmJ,57,69,126,0.45
BmK,0,2,2,0.0
BmL,95,93,188,0.51
BmM,260,338,598,0.43
BmN,368,365,733,0.5
BmP,382,370,752,0.51
BmS,177,196,373,0.47
BmT,1,0,1,1.0
Bmb,284,256,540,0.53
Bml,103,71,174,0.59
Bmm,271,216,487,0.56
Bmn,292,272,564,0.52
Bms,152,146,298,0.51
BnB,328,299,627,0.52
BnD,47,49,96,0.49
BnH,184,174,358,0.51
BnI,65,59,124,0.52
BnK,29,53,82,0.35
BnL,129,138,267,0.48
BnM,372,417,789,0.47
BnN,566,580,1146,0.49
BnP,611,638,1249,0.49
BnS,265,320,585,0.45
BnT,1,5,6,0.17
Bnb,369,340,709,0.52
Bnh,17,24,41,0.41
Bnl,153,168,321,0.48
Bnm,392,311,703,0.56
Bnn,505,480,985,0.51
Bns,270,254,524,0.52
BsB,91,115,206,0.44
BsD,26,18,44,0.59
BsH,120,136,256,0.47
BsI,22,22,44,0.5
BsK,4,4,8,0.5
BsL,52,55,107,0.49
BsM,153,126,279,0.55
BsN,159,161,320,0.5
BsP,197,255,452,0.44
BsS,167,171,338,0.49
Bsb,140,151,291,0.48
Bsh,10,12,22,0.45
Bsl,69,61,130,0.53
Bsm,138,135,273,0.51
Bsn,158,128,286,0.55
Bss,126,124,250,0.5
DBB,32,30,62,0.52
DBD,11,13,24,0.46
DBH,1,0,1,1.0
DBK,4,7,11,0.36
DBL,9,14,23,0.39
DBM,32,37,69,0.46
DBN,32,33,65,0.49
DBP,33,43,76,0.43
DBS,23,24,47,0.49
DBT,2,4,6,0.33
DBb,45,27,72,0.62
DBh,3,3,6,0.5
DBj,10,8,18,0.56
DBl,17,6,23,0.74
DBm,48,38,86,0.56
DBn,52,29,81,0.64
DBs,23,19,42,0.55
DDB,15,15,30,0.5
DDD,38,11,49,0.78
DDH,13,12,25,0.52
DDI,2,0,2,1.0
DDK,0,0,0,
DDL,5,8,13,0.38
DDM,14,19,33,0.42
DDN,12,8,20,0.6
DDP,20,17,37,0.54
DDS,16,13,29,0.55
DDT,1,0,1,1.0
DDb,4,9,13,0.31
DDh,0,2,2,0.0
DDl,3,5,8,0.38
DDm,21,26,47,0.45
DDn,15,8,23,0.65
DDs,7,11,18,0.39
DHB,20,19,39,0.51
DHD,10,11,21,0.48
DHH,9,12,21,0.43
DHI,5,5,10,0.5
DHK,1,2,3,0.33
DHL,11,13,24,0.46
DHM,37,38,75,0.49
DHN,28,34,62,0.45
DHP,57,51,108,0.53
DHS,46,29,75,0.61
DHT,6,2,8,0.75
DHb,32,35,67,0.48
DHh,32,18,50,0.64
DHl,18,13,31,0.58
DHm,62,34,96,0.65
DHn,38,35,73,0.52
DHs,38,25,63,0.6
DIB,3,2,5,0.6
DID,1,3,4,0.25
DIH,2,3,5,0.4
DII,0,0,0,
DIL,1,4,5,0.2
DIM,5,3,8,0.62
DIN,5,1,6,0.83
DIP,2,6,8,0.25
DIS,3,4,7,0.43
DIT,0,0,0,
DIb,3,3,6,0.5
DIh,1,0,1,1.0
DIl,3,1,4,0.75
DIm,3,6,9,0.33
DIn,3,1,4,0.75
DIs,2,4,6,0.33
DKB,1,0,1,1.0
DKD,2,0,2,1.0
DKN,0,1,1,0.0
DKP,1,1,2,0.5
DKS,1,1,2,0.5
DKb,1,2,3,0.33
DKl,0,1,1,0.0
DKm,3,0,3,1.0
DKs,1,2,3,0.33
DLB,15,17,32,0.47
DLD,5,1,6,0.83
DLH,1,0,1,1.0
DLK,1,3,4,0.25
DLL,11,7,18,0.61
DLM,14,24,38,0.37
DLN,16,8,24,0.67
DLP,14,23,37,0.38
DLS,15,11,26,0.58
DLT,2,0,2,1.0
DLb,13,16,29,0.45
DLh,7,5,12,0.58
DLj,7,3,10,0.7
DLl,6,4,10,0.6
DLm,23,15,38,0.61
DLn,20,17,37,0.54
DLs,10,10,20,0.5
DMB,55,37,92,0.6
DMD,17,14,31,0.55
DMH,0,2,2,0.0
DML,10,12,22,0.45
DMM,48,55,103,0.47
DMN,37,44,81,0.46
DMP,54,40,94,0.57
DMS,37,44,81,0.46
DMT,4,6,10,0.4
DMb,49,39,88,0.56
DMh,36,50,86,0.42
DMj,7,10,17,0.41
DMl,14,20,34,0.41
DMm,75,48,123,0.61
DMn,62,66,128,0.48
DMs,25,44,69,0.36
DNB,34,37,71,0.48
DND,11,6,17,0.65
DNH,6,7,13,0.46
DNI,2,1,3,0.67
DNK,5,9,14,0.36
DNL,10,12,22,0.45
DNM,48,39,87,0.55
DNN,49,36,85,0.58
DNP,55,70,125,0.44
DNS,40,35,75,0.53
DNT,7,9,16,0.44
DNb,31,32,63,0.49
DNh,9,13,22,0.41
DNl,15,10,25,0.6
DNm,41,42,83,0.49
DNn,54,43,97,0.56
DNs,29,28,57,0.51
DPB,47,42,89,0.53
DPD,12,7,19,0.63
DPH,14,10,24,0.58
DPI,7,4,11,0.64
DPK,10,6,16,0.62
DPL,38,29,67,0.57
DPM,54,80,134,0.4
DPN,52,51,103,0.5
DPP,83,92,175,0.47
DPS,48,59,107,0.45
DPT,5,3,8,0.62
DPb,48,46,94,0.51
DPh,6,6,12,0.5
DPl,27,26,53,0.51
DPm,71,52,123,0.58
DPn,42,48,90,0.47
DPs,42,41,83,0.51
DSB,34,39,73,0.47
DSD,14,9,23,0.61
DSH,10,17,27,0.37
DSI,6,2,8,0.75
DSK,2,1,3,0.67
DSL,21,13,34,0.62
DSM,54,50,104,0.52
DSN,34,44,78,0.44
DSP,55,58,113,0.49
DSS,61,54,115,0.53
DST,7,7,14,0.5
DSb,42,26,68,0.62
DSh,28,26,54,0.52
DSl,17,14,31,0.55
DSm,51,44,95,0.54
DSn,51,53,104,0.49
DSs,48,49,97,0.49
DTB,5,6,11,0.45
DTD,2,3,5,0.4
DTH,3,1,4,0.75
DTK,2,0,2,1.0
DTL,3,5,8,0.38
DTM,8,9,17,0.47
DTN,7,8,15,0.47
DTP,8,14,22,0.36
DTS,6,6,12,0.5
DTT,2,1,3,0.67
DTb,4,2,6,0.67
DTl,1,3,4,0.25
DTm,12,2,14,0.86
DTn,8,8,16,0.5
DTs,6,0,6,1.0
DbB,32,33,65,0.49
DbD,5,6,11,0.45
DbH,7,8,15,0.47
DbI,6,3,9,0.67
DbJ,12,9,21,0.57
DbK,3,3,6,0.5
DbL,15,13,28,0.54
DbM,46,47,93,0.49
DbN,45,40,85,0.53
DbP,46,34,80,0.57
DbS,23,21,44,0.52
Dbb,34,32,66,0.52
Dbl,13,17,30,0.43
Dbm,41,40,81,0.51
Dbn,36,40,76,0.47
Dbs,22,16,38,0.58
DhB,1,2,3,0.33
DhD,0,0,0,
DhH,1,0,1,1.0
DhK,0,1,1,0.0
DhL,0,0,0,
DhM,3,2,5,0.6
DhN,2,1,3,0.67
DhP,3,3,6,0.5
DhS,3,2,5,0.6
Dhb,1,2,3,0.33
Dhh,0,1,1,0.0
Dhl,0,1,1,0.0
Dhm,2,1,3,0.67
Dhn,3,3,6,0.5
Dhs,2,2,4,0.5
DlB,11,9,20,0.55
DlD,2,2,4,0.5
DlH,7,9,16,0.44
DlI,4,0,4,1.0
DlJ,4,4,8,0.5
DlK,2,1,3,0.67
DlL,11,3,14,0.79
DlM,21,12,33,0.64
DlN,15,8,23,0.65
DlP,22,14,36,0.61
DlS,16,8,24,0.67
Dlb,13,12,25,0.52
Dll,4,5,9,0.44
Dlm,24,16,40,0.6
Dln,10,9,19,0.53
Dls,9,8,17,0.53
DmB,48,44,92,0.52
DmD,20,11,31,0.65
DmH,37,51,88,0.42
DmI,5,0,5,1.0
DmJ,9,11,20,0.45
DmK,0,3,3,0.0
DmL,23,17,40,0.57
DmM,55,56,111,0.5
DmN,62,51,113,0.55
DmP,47,49,96,0.49
DmS,34,50,84,0.4
DmT,0,0,0,
Dmb,47,44,91,0.52
Dmh,1,4,5,0.2
Dml,19,14,33,0.58
Dmm,54,56,110,0.49
Dmn,40,33,73,0.55
Dms,25,28,53,0.47
DnB,20,31,51,0.39
DnD,9,9,18,0.5
DnH,24,22,46,0.52
DnI,5,5,10,0.5
DnK,5,6,11,0.45
DnL,13,9,22,0.59
DnM,37,44,81,0.46
DnN,45,54,99,0.45
DnP,56,56,112,0.5
DnS,50,36,86,0.58
Dnb,41,27,68,0.6
Dnh,1,0,1,1.0
Dnl,9,10,19,0.47
Dnm,39,31,70,0.56
Dnn,39,48,87,0.45
Dns,22,28,50,0.44
DsB,24,20,44,0.55
DsD,4,10,14,0.29
DsH,32,38,70,0.46
DsI,6,2,8,0.75
DsK,0,3,3,0.0
DsL,11,7,18,0.61
DsM,27,48,75,0.36
DsN,29,30,59,0.49
DsP,30,40,70,0.43
DsS,46,48,94,0.49
Dsb,34,27,61,0.56
Dsh,1,2,3,0.33
Dsl,11,14,25,0.44
Dsm,38,32,70,0.54
Dsn,29,23,52,0.56
Dss,23,29,52,0.44
HBB,74,78,152,0.49
HBD,9,16,25,0.36
HBH,1,2,3,0.33
HBK,5,11,16,0.31
HBL,27,30,57,0.47
HBM,79,104,183,0.43
HBN,104,109,213,0.49
HBP,105,115,220,0.48
HBS,52,58,110,0.47
HBT,14,15,29,0.48
HBb,112,85,197,0.57
HBh,13,16,29,0.45
HBj,32,31,63,0.51
HBl,46,49,95,0.48
HBm,78,73,151,0.52
HBn,120,139,259,0.46
HBs,61,58,119,0.51
HDB,12,6,18,0.67
HDD,6,1,7,0.86
HDH,14,11,25,0.56
HDI,1,0,1,1.0
HDK,0,0,0,
HDL,9,4,13,0.69
HDM,12,18,30,0.4
HDN,17,16,33,0.52
HDP,27,16,43,0.63
HDS,24,23,47,0.51
HDT,2,4,6,0.33
HDb,18,9,27,0.67
HDh,0,2,2,0.0
HDl,3,4,7,0.43
HDm,13,22,35,0.37
HDn,21,11,32,0.66
HDs,11,13,24,0.46
HHB,27,19,46,0.59
HHD,4,6,10,0.4
HHH,14,4,18,0.78
HHI,1,5,6,0.17
HHK,5,6,11,0.45
HHL,7,5,12,0.58
HHM,24,25,49,0.49
HHN,35,27,62,0.56
HHP,31,28,59,0.53
HHS,37,39,76,0.49
HHT,2,1,3,0.67
HHb,24,27,51,0.47
HHh,7,4,11,0.64
HHl,8,11,19,0.42
HHm,29,20,49,0.59
HHn,21,17,38,0.55
HHs,28,17,45,0.62
HIB,9,10,19,0.47
HID,5,0,5,1.0
HIH,8,13,21,0.38
HII,2,1,3,0.67
HIL,4,5,9,0.44
HIM,12,22,34,0.35
HIN,16,15,31,0.52
HIP,19,24,43,0.44
HIS,14,19,33,0.42
HIT,0,3,3,0.0
HIb,16,9,25,0.64
HIl,5,2,7,0.71
HIm,15,9,24,0.62
HIn,19,11,30,0.63
HIs,9,10,19,0.47
HKB,8,8,16,0.5
HKD,1,1,2,0.5
HKH,2,2,4,0.5
HKI,2,0,2,1.0
HKL,8,6,14,0.57
HKM,9,9,18,0.5
HKN,10,10,20,0.5
HKP,26,15,41,0.63
HKS,12,11,23,0.52
HKT,3,0,3,1.0
HKb,11,11,22,0.5
HKh,9,6,15,0.6
HKl,4,6,10,0.4
HKm,11,8,19,0.58
HKn,10,13,23,0.43
HKs,6,11,17,0.35
HLB,30,27,57,0.53
HLD,6,3,9,0.67
HLH,1,0,1,1.0
HLK,2,7,9,0.22
HLL,16,14,30,0.53
HLM,47,45,92,0.51
HLN,40,42,82,0.49
HLP,49,59,108,0.45
HLS,39,37,76,0.51
HLT,3,12,15,0.2
HLb,35,42,77,0.45
HLh,22,32,54,0.41
HLj,13,11,24,0.54
HLl,28,20,48,0.58
HLm,40,36,76,0.53
HLn,49,72,121,0.4
HLs,36,26,62,0.58
HMB,108,109,217,0.5
HMD,18,14,32,0.56
HMH,0,3,3,0.0
HMI,2,0,2,1.0
HMK,1,3,4,0.25
HML,37,42,79,0.47
HMM,108,143,251,0.43
HMN,118,127,245,0.48
HMP,144,165,309,0.47
HMS,90,104,194,0.46
HMT,11,10,21,0.52
HMb,118,119,237,0.5
HMh,109,120,229,0.48
HMj,46,52,98,0.47
HMl,64,49,113,0.57
HMm,134,108,242,0.55
HMn,183,184,367,0.5
HMs,85,80,165,0.52
HNB,96,113,209,0.46
HND,21,19,40,0.52
HNH,17,19,36,0.47
HNI,2,2,4,0.5
HNK,10,14,24,0.42
HNL,44,36,80,0.55
HNM,123,139,262,0.47
HNN,152,142,294,0.52
HNP,196,196,392,0.5
HNS,105,112,217,0.48
HNT,25,25,50,0.5
HNb,120,103,223,0.54
HNh,43,72,115,0.37
HNl,68,62,130,0.52
HNm,137,117,254,0.54
HNn,180,194,374,0.48
HNs,126,94,220,0.57
HPB,117,136,253,0.46
HPD,18,9,27,0.67
HPH,56,58,114,0.49
HPI,19,14,33,0.58
HPK,24,19,43,0.56
HPL,66,85,151,0.44
HPM,191,224,415,0.46
HPN,188,198,386,0.49
HPP,273,291,564,0.48
HPS,151,154,305,0.5
HPT,18,18,36,0.5
HPb,183,143,326,0.56
HPh,26,29,55,0.47
HPl,105,80,185,0.57
HPm,196,152,348,0.56
HPn,188,176,364,0.52
HPs,149,130,279,0.53
HSB,69,83,152,0.45
HSD,15,9,24,0.62
HSH,41,48,89,0.46
HSI,3,4,7,0.43
HSK,3,4,7,0.43
HSL,49,27,76,0.64
HSM,104,118,222,0.47
HSN,95,94,189,0.5
HSP,110,118,228,0.48
HSS,122,134,256,0.48
HST,25,12,37,0.68
HSb,93,76,169,0.55
HSh,74,81,155,0.48
HSl,56,51,107,0.52
HSm,95,106,201,0.47
HSn,109,108,217,0.5
HSs,129,127,256,0.5
HTB,4,6,10,0.4
HTD,1,0,1,1.0
HTH,5,9,14,0.36
HTI,1,0,1,1.0
HTK,2,0,2,1.0
HTL,5,2,7,0.71
HTM,11,11,22,0.5
HTN,12,9,21,0.57
HTP,15,12,27,0.56
HTS,9,4,13,0.69
HTT,1,1,2,0.5
HTb,9,8,17,0.53
HTh,1,0,1,1.0
HTl,8,1,9,0.89
HTm,11,7,18,0.61
HTn,5,7,12,0.42
HTs,10,5,15,0.67
HbB,117,105,222,0.53
HbD,16,10,26,0.62
HbH,33,31,64,0.52
HbI,12,7,19,0.63
HbJ,41,32,73,0.56
HbK,13,12,25,0.52
HbL,47,47,94,0.5
HbM,123,120,243,0.51
HbN,167,135,302,0.55
HbP,168,150,318,0.53
HbS,81,68,149,0.54
Hbb,135,120,255,0.53
Hbh,0,1,1,0.0
Hbl,48,38,86,0.56
Hbm,109,68,177,0.62
Hbn,134,120,254,0.53
Hbs,72,59,131,0.55
HhB,37,33,70,0.53
HhD,3,11,14,0.21
HhH,10,19,29,0.34
HhI,4,3,7,0.57
HhK,4,4,8,0.5
HhL,20,25,45,0.44
HhM,52,68,120,0.43
HhN,45,57,102,0.44
HhP,71,78,149,0.48
HhS,56,65,121,0.46
HhT,11,7,18,0.61
Hhb,63,43,106,0.59
Hhh,42,46,88,0.48
Hhl,36,27,63,0.57
Hhm,56,43,99,0.57
Hhn,62,56,118,0.53
Hhs,70,45,115,0.61
HlB,49,51,100,0.49
HlD,10,5,15,0.67
HlH,38,30,68,0.56
HlI,4,3,7,0.57
HlJ,8,17,25,0.32
HlK,2,3,5,0.4
HlL,26,23,49,0.53
HlM,68,69,137,0.5
HlN,65,78,143,0.45
HlP,68,67,135,0.5
HlS,45,40,85,0.53
Hlb,64,70,134,0.48
Hlh,2,0,2,1.0
Hll,26,16,42,0.62
Hlm,54,39,93,0.58
Hln,45,52,97,0.46
Hls,34,42,76,0.45
HmB,93,104,197,0.47
HmD,23,20,43,0.53
HmH,80,89,169,0.47
HmI,8,7,15,0.53
HmJ,34,20,54,0.63
HmK,0,2,2,0.0
HmL,49,45,94,0.52
HmM,138,157,295,0.47
HmN,139,139,278,0.5
HmP,146,145,291,0.5
HmS,91,89,180,0.51
Hmb,123,94,217,0.57
Hmh,1,1,2,0.5
Hml,39,40,79,0.49
Hmm,97,105,202,0.48
Hmn,124,101,225,0.55
Hms,73,56,129,0.57
HnB,86,103,189,0.46
HnD,18,12,30,0.6
HnH,76,63,139,0.55
HnI,27,18,45,0.6
HnK,11,11,22,0.5
HnL,54,58,112,0.48
HnM,157,168,325,0.48
HnN,187,203,390,0.48
HnP,225,247,472,0.48
HnS,121,126,247,0.49
HnT,1,0,1,1.0
Hnb,151,114,265,0.57
Hnh,10,12,22,0.45
Hnl,63,55,118,0.53
Hnm,116,99,215,0.54
Hnn,173,141,314,0.55
Hns,112,88,200,0.56
HsB,62,63,125,0.5
HsD,12,10,22,0.55
HsH,87,100,187,0.47
HsI,12,11,23,0.52
HsK,3,4,7,0.43
HsL,43,38,81,0.53
HsM,100,119,219,0.46
HsN,98,133,231,0.42
HsP,143,142,285,0.5
HsS,134,134,268,0.5
HsT,1,2,3,0.33
Hsb,82,96,178,0.46
Hsh,7,8,15,0.47
Hsl,48,44,92,0.52
Hsm,107,81,188,0.57
Hsn,98,95,193,0.51
Hss,106,106,212,0.5
IBB,19,23,42,0.45
IBD,0,2,2,0.0
IBH,0,1,1,0.0
IBI,1,0,1,1.0
IBK,4,1,5,0.8
IBL,3,5,8,0.38
IBM,24,15,39,0.62
IBN,24,25,49,0.49
IBP,19,25,44,0.43
IBS,18,11,29,0.62
IBT,3,4,7,0.43
IBb,16,15,31,0.52
IBh,3,3,6,0.5
IBj,9,1,10,0.9
IBl,7,7,14,0.5
IBm,19,18,37,0.51
IBn,25,26,51,0.49
IBs,11,12,23,0.48
IDB,7,3,10,0.7
IDD,5,3,8,0.62
IDH,2,3,5,0.4
IDI,1,0,1,1.0
IDL,1,2,3,0.33
IDM,4,4,8,0.5
IDN,5,6,11,0.45
IDP,5,9,14,0.36
IDS,6,9,15,0.4
IDb,5,5,10,0.5
IDl,2,4,6,0.33
IDm,3,3,6,0.5
IDn,2,4,6,0.33
IDs,4,1,5,0.8
IHB,15,15,30,0.5
IHD,1,3,4,0.25
IHH,4,3,7,0.57
IHI,0,2,2,0.0
IHK,1,2,3,0.33
IHL,5,8,13,0.38
IHM,15,13,28,0.54
IHN,15,19,34,0.44
IHP,29,23,52,0.56
IHS,18,19,37,0.49
IHT,2,3,5,0.4
IHb,14,16,30,0.47
IHh,5,13,18,0.28
IHl,10,11,21,0.48
IHm,27,14,41,0.66
IHn,18,14,32,0.56
IHs,18,10,28,0.64
IIB,2,7,9,0.22
IID,0,1,1,0.0
IIH,4,3,7,0.57
III,1,0,1,1.0
IIL,1,1,2,0.5
IIM,1,7,8,0.12
IIN,3,3,6,0.5
IIP,3,1,4,0.75
IIS,3,5,8,0.38
IIb,4,3,7,0.57
IIl,2,0,2,1.0
IIm,5,2,7,0.71
IIn,0,5,5,0.0
IIs,1,3,4,0.25
IKB,0,1,1,0.0
IKL,1,0,1,1.0
IKM,2,1,3,0.67
IKN,1,1,2,0.5
IKP,1,0,1,1.0
IKb,1,0,1,1.0
IKh,1,0,1,1.0
IKm,0,1,1,0.0
IKn,1,0,1,1.0
IKs,1,0,1,1.0
ILB,9,12,21,0.43
ILD,2,3,5,0.4
ILK,2,2,4,0.5
ILL,3,7,10,0.3
ILM,7,11,18,0.39
ILN,15,11,26,0.58
ILP,13,14,27,0.48
ILS,3,8,11,0.27
ILT,1,2,3,0.33
ILb,9,9,18,0.5
ILh,2,3,5,0.4
ILj,4,2,6,0.67
ILl,7,8,15,0.47
ILm,14,9,23,0.61
ILn,13,12,25,0.52
ILs,12,3,15,0.8
IMB,14,21,35,0.4
IMD,6,5,11,0.55
IMH,1,0,1,1.0
IMI,0,1,1,0.0
IMK,0,1,1,0.0
IML,7,12,19,0.37
IMM,20,32,52,0.38
IMN,31,28,59,0.53
IMP,37,30,67,0.55
IMS,19,17,36,0.53
IMT,5,6,11,0.45
IMb,21,17,38,0.55
IMh,19,25,44,0.43
IMj,8,9,17,0.47
IMl,17,14,31,0.55
IMm,42,19,61,0.69
IMn,25,36,61,0.41
IMs,16,23,39,0.41
INB,16,31,47,0.34
IND,4,1,5,0.8
INH,5,7,12,0.42
INK,2,5,7,0.29
INL,12,13,25,0.48
INM,21,27,48,0.44
INN,30,30,60,0.5
INP,39,32,71,0.55
INS,26,21,47,0.55
INT,9,3,12,0.75
INb,27,19,46,0.59
INh,4,5,9,0.44
INl,17,6,23,0.74
INm,30,15,45,0.67
INn,27,31,58,0.47
INs,16,17,33,0.48
IPB,35,34,69,0.51
IPD,3,4,7,0.43
IPH,10,11,21,0.48
IPI,2,3,5,0.4
IPK,1,2,3,0.33
IPL,15,23,38,0.39
IPM,36,51,87,0.41
IPN,36,34,70,0.51
IPP,52,52,104,0.5
IPS,20,29,49,0.41
IPT,4,7,11,0.36
IPb,33,42,75,0.44
IPh,6,5,11,0.55
IPl,21,17,38,0.55
IPm,37,19,56,0.66
IPn,20,28,48,0.42
IPs,19,31,50,0.38
ISB,20,18,38,0.53
ISD,3,4,7,0.43
ISH,19,10,29,0.66
ISI,1,5,6,0.17
ISK,2,0,2,1.0
ISL,10,8,18,0.56
ISM,16,28,44,0.36
ISN,18,22,40,0.45
ISP,21,27,48,0.44
ISS,25,30,55,0.45
IST,6,7,13,0.46
ISb,16,13,29,0.55
ISh,8,4,12,0.67
ISl,10,8,18,0.56
ISm,17,21,38,0.45
ISn,25,18,43,0.58
ISs,22,12,34,0.65
ITB,1,1,2,0.5
ITD,1,2,3,0.33
ITH,2,0,2,1.0
ITM,1,0,1,1.0
ITN,3,3,6,0.5
ITP,3,4,7,0.43
ITS,1,1,2,0.5
ITT,1,0,1,1.0
ITl,0,1,1,0.0
ITm,3,2,5,0.6
ITn,2,2,4,0.5
ITs,0,1,1,0.0
IbB,29,21,50,0.58
IbD,2,0,2,1.0
IbH,4,7,11,0.36
IbI,4,0,4,1.0
IbJ,10,5,15,0.67
IbK,2,4,6,0.33
IbL,9,6,15,0.6
IbM,22,27,49,0.45
IbN,28,22,50,0.56
IbP,37,38,75,0.49
IbS,12,16,28,0.43
Ibb,20,23,43,0.47
Ibl,11,7,18,0.61
Ibm,22,16,38,0.58
Ibn,26,26,52,0.5
Ibs,15,12,27,0.56
IhL,0,1,1,0.0
IhM,1,0,1,1.0
IhN,0,0,0,
IhP,1,0,1,1.0
IhS,1,2,3,0.33
Ihb,0,1,1,0.0
Ihh,0,2,2,0.0
Ihl,0,2,2,0.0
Ihm,1,0,1,1.0
Ihs,0,0,0,
IlB,7,15,22,0.32
IlH,3,5,8,0.38
IlI,0,2,2,0.0
IlJ,4,0,4,1.0
IlL,4,2,6,0.67
IlM,13,4,17,0.76
IlN,8,13,21,0.38
IlP,14,12,26,0.54
IlS,5,6,11,0.45
Ilb,8,7,15,0.53
Ilh,1,0,1,1.0
Ill,8,2,10,0.8
Ilm,9,4,13,0.69
Iln,6,8,14,0.43
Ils,3,2,5,0.6
ImB,25,22,47,0.53
ImD,3,2,5,0.6
ImH,15,17,32,0.47
ImI,3,2,5,0.6
ImJ,3,2,5,0.6
ImK,1,0,1,1.0
ImL,9,8,17,0.53
ImM,36,27,63,0.57
ImN,36,26,62,0.58
ImP,26,25,51,0.51
ImS,22,17,39,0.56
Imb,27,22,49,0.55
Imh,0,1,1,0.0
Iml,6,6,12,0.5
Imm,18,13,31,0.58
Imn,16,16,32,0.5
Ims,11,10,21,0.52
InB,16,10,26,0.62
InD,6,2,8,0.75
InH,18,16,34,0.53
InI,4,7,11,0.36
InK,1,1,2,0.5
InL,6,10,16,0.38
InM,27,23,50,0.54
InN,29,29,58,0.5
InP,37,30,67,0.55
InS,20,13,33,0.61
Inb,28,22,50,0.56
Inh,0,2,2,0.0
Inl,5,8,13,0.38
Inm,21,22,43,0.49
Inn,18,20,38,0.47
Ins,14,16,30,0.47
IsB,12,8,20,0.6
IsD,4,3,7,0.57
IsH,10,14,24,0.42
IsI,3,1,4,0.75
IsL,8,7,15,0.53
IsM,19,15,34,0.56
IsN,15,11,26,0.58
IsP,26,15,41,0.63
IsS,21,20,41,0.51
IsT,0,1,1,0.0
Isb,14,14,28,0.5
Ish,2,0,2,1.0
Isl,7,6,13,0.54
Ism,18,11,29,0.62
Isn,12,11,23,0.52
Iss,17,19,36,0.47
JBB,19,20,39,0.49
JBD,2,1,3,0.67
JBI,1,0,1,1.0
JBK,1,3,4,0.25
JBL,3,3,6,0.5
JBM,18,27,45,0.4
JBN,18,22,40,0.45
JBP,19,17,36,0.53
JBS,11,16,27,0.41
JBT,2,1,3,0.67
JBb,12,14,26,0.46
JBh,0,4,4,0.0
JBj,3,7,10,0.3
JBl,9,4,13,0.69
JBm,19,9,28,0.68
JBn,25,15,40,0.62
JBs,6,15,21,0.29
JDB,2,2,4,0.5
JDD,0,0,0,
JDH,3,0,3,1.0
JDI,0,1,1,0.0
JDL,1,0,1,1.0
JDM,1,4,5,0.2
JDN,2,2,4,0.5
JDP,0,1,1,0.0
JDS,3,2,5,0.6
JDT,1,0,1,1.0
JDb,5,1,6,0.83
JDl,1,2,3,0.33
JDm,1,0,1,1.0
JDs,1,0,1,1.0
JHB,3,9,12,0.25
JHD,0,1,1,0.0
JHH,1,2,3,0.33
JHK,0,2,2,0.0
JHL,4,1,5,0.8
JHM,11,10,21,0.52
JHN,7,6,13,0.54
JHP,16,13,29,0.55
JHS,9,10,19,0.47
JHT,1,0,1,1.0
JHb,11,13,24,0.46
JHh,5,1,6,0.83
JHl,4,4,8,0.5
JHm,11,3,14,0.79
JHn,9,16,25,0.36
JHs,10,4,14,0.71
JIB,2,2,4,0.5
JIH,5,0,5,1.0
JIL,1,5,6,0.17
JIM,2,1,3,0.67
JIN,1,4,5,0.2
JIP,5,1,6,0.83
JIS,2,2,4,0.5
JIb,2,4,6,0.33
JIl,1,1,2,0.5
JIm,2,0,2,1.0
JIn,1,2,3,0.33
JIs,1,2,3,0.33
JKB,0,3,3,0.0
JKH,0,1,1,0.0
JKI,0,0,0,
JKL,0,1,1,0.0
JKM,4,2,6,0.67
JKN,1,2,3,0.33
JKP,5,4,9,0.56
JKS,1,1,2,0.5
JKb,3,2,5,0.6
JKh,1,2,3,0.33
JKl,0,1,1,0.0
JKm,2,2,4,0.5
JKn,6,2,8,0.75
JKs,3,0,3,1.0
JLB,6,6,12,0.5
JLD,2,3,5,0.4
JLL,8,5,13,0.62
JLM,9,10,19,0.47
JLN,9,4,13,0.69
JLP,6,18,24,0.25
JLS,9,11,20,0.45
JLT,2,1,3,0.67
JLb,13,4,17,0.76
JLh,1,6,7,0.14
JLj,3,1,4,0.75
JLl,7,4,11,0.64
JLm,11,10,21,0.52
JLn,10,12,22,0.45
JLs,9,7,16,0.56
JMB,15,19,34,0.44
JMD,3,4,7,0.43
JMI,1,0,1,1.0
JMK,1,1,2,0.5
JML,13,17,30,0.43
JMM,20,18,38,0.53
JMN,15,23,38,0.39
JMP,27,28,55,0.49
JMS,23,17,40,0.57
JMT,1,5,6,0.17
JMb,12,18,30,0.4
JMh,19,11,30,0.63
JMj,6,3,9,0.67
JMl,9,7,16,0.56
JMm,29,17,46,0.63
JMn,35,27,62,0.56
JMs,20,12,32,0.62
JNB,15,16,31,0.48
JND,3,2,5,0.6
JNH,2,5,7,0.29
JNI,0,0,0,
JNK,2,1,3,0.67
JNL,11,8,19,0.58
JNM,19,29,48,0.4
JNN,30,20,50,0.6
JNP,27,37,64,0.42
JNS,10,13,23,0.43
JNT,5,5,10,0.5
JNb,20,26,46,0.43
JNh,9,3,12,0.75
JNl,13,11,24,0.54
JNm,21,20,41,0.51
JNn,30,25,55,0.55
JNs,14,13,27,0.52
JPB,38,27,65,0.58
JPD,3,0,3,1.0
JPH,11,9,20,0.55
JPI,1,3,4,0.25
JPK,5,2,7,0.71
JPL,13,20,33,0.39
JPM,28,23,51,0.55
JPN,34,36,70,0.49
JPP,62,58,120,0.52
JPS,26,25,51,0.51
JPT,0,1,1,0.0
JPb,35,25,60,0.58
JPh,3,5,8,0.38
JPl,19,17,36,0.53
JPm,33,28,61,0.54
JPn,27,23,50,0.54
JPs,22,22,44,0.5
JSB,6,10,16,0.38
JSD,2,2,4,0.5
JSH,6,8,14,0.43
JSI,1,1,2,0.5
JSK,1,1,2,0.5
JSL,11,4,15,0.73
JSM,12,26,38,0.32
JSN,13,19,32,0.41
JSP,20,19,39,0.51
JSS,14,10,24,0.58
JST,2,2,4,0.5
JSb,14,10,24,0.58
JSh,7,6,13,0.54
JSl,6,7,13,0.46
JSm,12,7,19,0.63
JSn,18,21,39,0.46
JSs,17,12,29,0.59
JTB,4,0,4,1.0
JTD,1,0,1,1.0
JTH,1,0,1,1.0
JTL,1,1,2,0.5
JTM,3,4,7,0.43
JTN,6,1,7,0.86
JTP,2,4,6,0.33
JTS,2,2,4,0.5
JTb,0,1,1,0.0
JTl,3,1,4,0.75
JTm,1,0,1,1.0
JTn,2,2,4,0.5
JTs,4,1,5,0.8
JbB,23,25,48,0.48
JbD,1,0,1,1.0
JbH,4,2,6,0.67
JbI,4,2,6,0.67
JbJ,3,10,13,0.23
JbK,0,1,1,0.0
JbL,15,12,27,0.56
JbM,24,25,49,0.49
JbN,33,25,58,0.57
JbP,35,24,59,0.59
JbS,10,8,18,0.56
Jbb,27,24,51,0.53
Jbl,15,3,18,0.83
Jbm,25,19,44,0.57
Jbn,20,20,40,0.5
Jbs,10,3,13,0.77
JhB,0,5,5,0.0
JhD,1,0,1,1.0
JhH,1,0,1,1.0
JhI,1,0,1,1.0
JhL,2,2,4,0.5
JhM,3,2,5,0.6
JhN,2,3,5,0.4
JhP,8,2,10,0.8
JhS,0,3,3,0.0
JhT,0,1,1,0.0
Jhb,5,2,7,0.71
Jhh,0,2,2,0.0
Jhm,5,2,7,0.71
Jhn,0,4,4,0.0
Jhs,1,2,3,0.33
JlB,16,10,26,0.62
JlD,1,1,2,0.5
JlH,4,4,8,0.5
JlJ,4,3,7,0.57
JlK,1,0,1,1.0
JlL,4,7,11,0.36
JlM,12,10,22,0.55
JlN,3,13,16,0.19
JlP,8,13,21,0.38
JlS,4,8,12,0.33
Jlb,11,15,26,0.42
Jll,9,2,11,0.82
Jlm,11,10,21,0.52
Jln,12,4,16,0.75
Jls,3,3,6,0.5
JmB,21,14,35,0.6
JmD,6,2,8,0.75
JmH,9,7,16,0.56
JmI,0,1,1,0.0
JmJ,5,1,6,0.83
JmK,1,0,1,1.0
JmL,12,11,23,0.52
JmM,20,23,43,0.47
JmN,18,15,33,0.55
JmP,35,20,55,0.64
JmS,14,10,24,0.58
Jmb,26,18,44,0.59
Jmh,0,1,1,0.0
Jml,7,6,13,0.54
Jmm,22,15,37,0.59
Jmn,22,8,30,0.73
Jms,13,7,20,0.65
JnB,8,13,21,0.38
JnD,2,4,6,0.33
JnH,7,10,17,0.41
JnI,1,9,10,0.1
JnK,1,1,2,0.5
JnL,11,9,20,0.55
JnM,10,17,27,0.37
JnN,22,19,41,0.54
JnP,26,23,49,0.53
JnS,14,12,26,0.54
Jnb,20,19,39,0.51
Jnh,0,1,1,0.0
Jnl,5,9,14,0.36
Jnm,21,17,38,0.55
Jnn,18,15,33,0.55
Jns,12,11,23,0.52
JsB,17,11,28,0.61
JsD,2,2,4,0.5
JsH,7,15,22,0.32
JsI,0,1,1,0.0
JsK,0,1,1,0.0
JsL,7,6,13,0.54
JsM,16,8,24,0.67
JsN,10,13,23,0.43
JsP,24,16,40,0.6
JsS,14,18,32,0.44
Jsb,11,12,23,0.48
Jsh,2,1,3,0.67
Jsl,4,7,11,0.36
Jsm,12,11,23,0.52
Jsn,14,9,23,0.61
Jss,6,13,19,0.32
KBB,16,10,26,0.62
KBD,2,3,5,0.4
KBK,0,2,2,0.0
KBL,8,4,12,0.67
KBM,14,22,36,0.39
KBN,15,18,33,0.45
KBP,18,23,41,0.44
KBS,9,9,18,0.5
KBT,1,1,2,0.5
KBb,24,14,38,0.63
KBh,2,1,3,0.67
KBj,7,6,13,0.54
KBl,10,8,18,0.56
KBm,22,20,42,0.52
KBn,21,21,42,0.5
KBs,13,13,26,0.5
KDB,1,3,4,0.25
KDD,0,3,3,0.0
KDH,4,4,8,0.5
KDM,3,5,8,0.38
KDN,1,5,6,0.17
KDP,6,1,7,0.86
KDS,6,3,9,0.67
KDT,1,0,1,1.0
KDb,3,4,7,0.43
KDh,1,1,2,0.5
KDl,4,1,5,0.8
KDm,6,2,8,0.75
KDn,4,1,5,0.8
KDs,2,1,3,0.67
KHB,3,4,7,0.43
KHD,1,0,1,1.0
KHH,0,1,1,0.0
KHI,1,0,1,1.0
KHK,1,1,2,0.5
KHL,2,1,3,0.67
KHM,2,6,8,0.25
KHN,2,6,8,0.25
KHP,5,3,8,0.62
KHS,4,1,5,0.8
KHb,5,4,9,0.56
KHh,0,1,1,0.0
KHl,0,0,0,
KHm,1,3,4,0.25
KHn,4,3,7,0.57
KHs,4,4,8,0.5
KIB,3,2,5,0.6
KIH,1,4,5,0.2
KIK,0,1,1,0.0
KIL,1,0,1,1.0
KIM,4,2,6,0.67
KIN,5,0,5,1.0
KIP,2,0,2,1.0
KIS,4,3,7,0.57
KIb,1,1,2,0.5
KIl,0,1,1,0.0
KIm,3,1,4,0.75
KIn,1,8,9,0.11
KIs,2,2,4,0.5
KKB,1,0,1,1.0
KKI,0,1,1,0.0
KKM,1,2,3,0.33
KKN,2,0,2,1.0
KKS,1,0,1,1.0
KKb,0,1,1,0.0
KKh,0,1,1,0.0
KKl,0,1,1,0.0
KKn,1,1,2,0.5
KKs,1,2,3,0.33
KLB,10,4,14,0.71
KLD,3,0,3,1.0
KLL,5,9,14,0.36
KLM,6,14,20,0.3
KLN,5,5,10,0.5
KLP,16,10,26,0.62
KLS,5,4,9,0.56
KLT,2,0,2,1.0
KLb,9,5,14,0.64
KLh,3,3,6,0.5
KLj,3,4,7,0.43
KLl,8,7,15,0.53
KLm,8,8,16,0.5
KLn,10,10,20,0.5
KLs,9,7,16,0.56
KMB,29,22,51,0.57
KMD,5,7,12,0.42
KMI,0,1,1,0.0
KMK,1,0,1,1.0
KML,11,7,18,0.61
KMM,24,22,46,0.52
KMN,19,19,38,0.5
KMP,38,30,68,0.56
KMS,16,15,31,0.52
KMT,3,6,9,0.33
KMb,24,30,54,0.44
KMh,16,25,41,0.39
KMj,4,9,13,0.31
KMl,13,9,22,0.59
KMm,25,26,51,0.49
KMn,31,28,59,0.53
KMs,15,17,32,0.47
KNB,16,16,32,0.5
KND,0,5,5,0.0
KNH,1,2,3,0.33
KNI,0,1,1,0.0
KNK,2,2,4,0.5
KNL,5,4,9,0.56
KNM,13,20,33,0.39
KNN,16,20,36,0.44
KNP,30,38,68,0.44
KNS,14,18,32,0.44
KNT,2,3,5,0.4
KNb,18,20,38,0.47
KNh,7,3,10,0.7
KNl,10,13,23,0.43
KNm,20,22,42,0.48
KNn,14,16,30,0.47
KNs,15,10,25,0.6
KPB,34,30,64,0.53
KPD,2,7,9,0.22
KPH,5,8,13,0.38
KPI,3,1,4,0.75
KPK,2,5,7,0.29
KPL,20,19,39,0.51
KPM,36,38,74,0.49
KPN,24,28,52,0.46
KPP,59,46,105,0.56
KPS,27,29,56,0.48
KPT,3,3,6,0.5
KPb,40,42,82,0.49
KPh,4,6,10,0.4
KPl,21,8,29,0.72
KPm,29,20,49,0.59
KPn,25,20,45,0.56
KPs,13,18,31,0.42
KSB,11,10,21,0.52
KSD,3,4,7,0.43
KSH,2,6,8,0.25
KSI,0,1,1,0.0
KSK,1,0,1,1.0
KSL,9,7,16,0.56
KSM,15,29,44,0.34
KSN,7,13,20,0.35
KSP,22,21,43,0.51
KSS,24,17,41,0.59
KST,4,1,5,0.8
KSb,20,15,35,0.57
KSh,13,8,21,0.62
KSl,11,6,17,0.65
KSm,14,17,31,0.45
KSn,20,22,42,0.48
KSs,15,22,37,0.41
KTB,2,0,2,1.0
KTD,2,0,2,1.0
KTH,3,1,4,0.75
KTL,1,1,2,0.5
KTM,0,5,5,0.0
KTN,5,4,9,0.56
KTP,3,4,7,0.43
KTS,1,0,1,1.0
KTT,1,0,1,1.0
KTb,0,2,2,0.0
KTl,0,1,1,0.0
KTm,2,2,4,0.5
KTn,1,2,3,0.33
KTs,2,3,5,0.4
KbB,16,19,35,0.46
KbD,3,3,6,0.5
KbH,6,5,11,0.55
KbI,2,0,2,1.0
KbJ,5,7,12,0.42
KbK,3,3,6,0.5
KbL,7,12,19,0.37
KbM,17,33,50,0.34
KbN,21,21,42,0.5
KbP,29,28,57,0.51
KbS,11,14,25,0.44
Kbb,30,22,52,0.58
Kbl,12,10,22,0.55
Kbm,23,12,35,0.66
Kbn,19,25,44,0.43
Kbs,16,9,25,0.64
KhB,14,17,31,0.45
KhD,4,3,7,0.57
KhH,4,6,10,0.4
KhI,2,0,2,1.0
KhK,1,1,2,0.5
KhL,13,10,23,0.57
KhM,21,21,42,0.5
KhN,13,15,28,0.46
KhP,18,38,56,0.32
KhS,13,28,41,0.32
KhT,2,3,5,0.4
Khb,23,31,54,0.43
Khh,11,14,25,0.44
Khl,13,17,30,0.43
Khm,20,17,37,0.54
Khn,20,17,37,0.54
Khs,15,10,25,0.6
KlB,11,8,19,0.58
KlD,4,0,4,1.0
KlH,11,8,19,0.58
KlI,2,2,4,0.5
KlJ,2,5,7,0.29
KlK,0,2,2,0.0
KlL,8,6,14,0.57
KlM,13,19,32,0.41
KlN,24,13,37,0.65
KlP,11,18,29,0.38
KlS,5,11,16,0.31
Klb,12,15,27,0.44
Kll,5,4,9,0.56
Klm,16,9,25,0.64
Kln,11,10,21,0.52
Kls,7,11,18,0.39
KmB,22,22,44,0.5
KmD,4,6,10,0.4
KmH,12,16,28,0.43
KmI,2,1,3,0.67
KmJ,6,1,7,0.86
KmL,9,14,23,0.39
KmM,29,34,63,0.46
KmN,26,24,50,0.52
KmP,34,24,58,0.59
KmS,19,16,35,0.54
Kmb,25,30,55,0.45
Kmh,0,0,0,
Kml,16,6,22,0.73
Kmm,25,29,54,0.46
Kmn,13,20,33,0.39
Kms,17,13,30,0.57
KnB,17,12,29,0.59
KnD,2,3,5,0.4
KnH,10,16,26,0.38
KnI,3,1,4,0.75
KnK,1,5,6,0.17
KnL,13,11,24,0.54
KnM,33,25,58,0.57
KnN,22,35,57,0.39
KnP,34,35,69,0.49
KnS,19,16,35,0.54
Knb,19,18,37,0.51
Knh,0,1,1,0.0
Knl,11,3,14,0.79
Knm,13,20,33,0.39
Knn,24,18,42,0.57
Kns,22,20,42,0.52
KsB,11,14,25,0.44
KsD,4,5,9,0.44
KsH,21,21,42,0.5
KsI,5,0,5,1.0
KsK,1,2,3,0.33
KsL,11,8,19,0.58
KsM,16,17,33,0.48
KsN,15,24,39,0.38
KsP,31,24,55,0.56
KsS,28,25,53,0.53
Ksb,17,17,34,0.5
Ksh,1,1,2,0.5
Ksl,7,10,17,0.41
Ksm,25,10,35,0.71
Ksn,17,9,26,0.65
Kss,17,17,34,0.5
LBB,119,126,245,0.49
LBD,14,8,22,0.64
LBH,2,1,3,0.67
LBK,4,7,11,0.36
LBL,34,53,87,0.39
LBM,95,103,198,0.48
LBN,119,141,260,0.46
LBP,181,181,362,0.5
LBS,47,60,107,0.44
LBT,11,13,24,0.46
LBb,165,123,288,0.57
LBh,10,29,39,0.26
LBj,37,56,93,0.4
LBl,66,51,117,0.56
LBm,122,102,224,0.54
LBn,156,150,306,0.51
LBs,68,50,118,0.58
LDB,16,8,24,0.67
LDD,5,2,7,0.71
LDH,11,28,39,0.28
LDI,2,0,2,1.0
LDL,10,3,13,0.77
LDM,13,10,23,0.57
LDN,10,10,20,0.5
LDP,21,12,33,0.64
LDS,10,14,24,0.42
LDT,1,2,3,0.33
LDb,8,8,16,0.5
LDh,1,0,1,1.0
LDl,5,4,9,0.56
LDm,14,12,26,0.54
LDn,8,11,19,0.42
LDs,9,10,19,0.47
LHB,2,1,3,0.67
LHK,2,0,2,1.0
LHL,0,2,2,0.0
LHM,2,5,7,0.29
LHN,0,4,4,0.0
LHP,7,4,11,0.64
LHS,2,4,6,0.33
LHb,1,2,3,0.33
LHh,0,0,0,
LHl,1,0,1,1.0
LHm,3,3,6,0.5
LHn,1,2,3,0.33
LHs,3,2,5,0.6
LIB,1,1,2,0.5
LID,0,0,0,
LIH,0,2,2,0.0
LIM,1,0,1,1.0
LKB,6,12,18,0.33
LKH,0,3,3,0.0
LKI,0,1,1,0.0
LKL,2,2,4,0.5
LKM,7,9,16,0.44
LKN,5,8,13,0.38
LKP,8,9,17,0.47
LKS,4,5,9,0.44
LKT,0,1,1,0.0
LKb,6,9,15,0.4
LKh,6,5,11,0.55
LKl,4,5,9,0.44
LKm,10,7,17,0.59
LKn,7,9,16,0.44
LKs,12,4,16,0.75
LLB,55,71,126,0.44
LLD,3,5,8,0.38
LLH,1,1,2,0.5
LLK,3,3,6,0.5
LLL,15,18,33,0.45
LLM,48,42,90,0.53
LLN,54,33,87,0.62
LLP,71,73,144,0.49
LLS,45,42,87,0.52
LLT,6,7,13,0.46
LLb,54,58,112,0.48
LLh,19,30,49,0.39
LLj,26,18,44,0.59
LLl,27,29,56,0.48
LLm,60,53,113,0.53
LLn,88,64,152,0.58
LLs,36,37,73,0.49
LMB,158,113,271,0.58
LMD,9,15,24,0.38
LMK,2,1,3,0.67
LML,45,52,97,0.46
LMM,105,139,244,0.43
LMN,120,120,240,0.5
LMP,173,197,370,0.47
LMS,65,66,131,0.5
LMT,9,16,25,0.36
LMb,161,148,309,0.52
LMh,94,131,225,0.42
LMj,33,39,72,0.46
LMl,58,48,106,0.55
LMm,124,113,237,0.52
LMn,202,181,383,0.53
LMs,91,81,172,0.53
LNB,130,117,247,0.53
LND,18,14,32,0.56
LNH,20,18,38,0.53
LNI,1,0,1,1.0
LNK,7,10,17,0.41
LNL,46,56,102,0.45
LNM,94,123,217,0.43
LNN,162,162,324,0.5
LNP,195,200,395,0.49
LNS,103,88,191,0.54
LNT,29,27,56,0.52
LNb,134,102,236,0.57
LNh,51,59,110,0.46
LNl,72,46,118,0.61
LNm,138,94,232,0.59
LNn,168,157,325,0.52
LNs,94,85,179,0.53
LPB,152,143,295,0.52
LPD,12,14,26,0.46
LPH,51,49,100,0.51
LPI,17,12,29,0.59
LPK,17,15,32,0.53
LPL,89,94,183,0.49
LPM,160,197,357,0.45
LPN,200,219,419,0.48
LPP,328,297,625,0.52
LPS,144,146,290,0.5
LPT,19,11,30,0.63
LPb,200,171,371,0.54
LPh,15,17,32,0.47
LPl,129,101,230,0.56
LPm,196,144,340,0.58
LPn,179,169,348,0.51
LPs,144,115,259,0.56
LSB,67,59,126,0.53
LSD,13,5,18,0.72
LSH,28,30,58,0.48
LSI,3,0,3,1.0
LSK,6,4,10,0.6
LSL,32,45,77,0.42
LSM,81,108,189,0.43
LSN,84,77,161,0.52
LSP,139,129,268,0.52
LSS,100,104,204,0.49
LST,14,19,33,0.42
LSb,81,96,177,0.46
LSh,65,65,130,0.5
LSl,66,46,112,0.59
LSm,108,81,189,0.57
LSn,87,84,171,0.51
LSs,105,88,193,0.54
LTB,13,13,26,0.5
LTD,1,1,2,0.5
LTH,7,8,15,0.47
LTI,0,1,1,0.0
LTK,2,2,4,0.5
LTL,9,6,15,0.6
LTM,23,21,44,0.52
LTN,15,25,40,0.38
LTP,26,34,60,0.43
LTS,13,13,26,0.5
LTT,1,4,5,0.2
LTb,9,20,29,0.31
LTh,0,2,2,0.0
LTl,11,11,22,0.5
LTm,21,13,34,0.62
LTn,19,22,41,0.46
LTs,10,13,23,0.43
LbB,123,117,240,0.51
LbD,7,12,19,0.37
LbH,38,29,67,0.57
LbI,11,16,27,0.41
LbJ,42,43,85,0.49
LbK,14,19,33,0.42
LbL,51,63,114,0.45
LbM,111,144,255,0.44
LbN,179,175,354,0.51
LbP,194,181,375,0.52
LbS,83,88,171,0.49
Lbb,165,139,304,0.54
Lbl,78,36,114,0.68
Lbm,104,95,199,0.52
Lbn,148,157,305,0.49
Lbs,107,75,182,0.59
LhB,50,54,104,0.48
LhD,7,4,11,0.64
LhH,8,15,23,0.35
LhI,3,2,5,0.6
LhK,0,1,1,0.0
LhL,24,30,54,0.44
LhM,63,58,121,0.52
LhN,67,56,123,0.54
LhP,82,92,174,0.47
LhS,41,51,92,0.45
LhT,8,6,14,0.57
Lhb,76,57,133,0.57
Lhh,59,60,119,0.5
Lhl,30,25,55,0.55
Lhm,70,42,112,0.62
Lhn,76,66,142,0.54
Lhs,65,49,114,0.57
LjB,37,43,80,0.46
LjD,7,1,8,0.88
LjH,13,21,34,0.38
LjI,4,0,4,1.0
LjK,5,1,6,0.83
LjL,35,20,55,0.64
LjM,37,47,84,0.44
LjN,46,65,111,0.41
LjP,68,89,157,0.43
LjS,40,45,85,0.47
LjT,4,6,10,0.4
Ljb,48,49,97,0.49
Ljh,8,13,21,0.38
Ljl,22,22,44,0.5
Ljm,59,36,95,0.62
Ljn,60,41,101,0.59
Ljs,29,30,59,0.49
LlB,59,54,113,0.52
LlD,11,5,16,0.69
LlH,50,44,94,0.53
LlI,9,4,13,0.69
LlJ,19,21,40,0.48
LlK,5,3,8,0.62
LlL,30,33,63,0.48
LlM,65,78,143,0.45
LlN,87,76,163,0.53
LlP,94,87,181,0.52
LlS,61,61,122,0.5
Llb,77,66,143,0.54
Lll,20,34,54,0.37
Llm,60,57,117,0.51
Lln,76,72,148,0.51
Lls,54,63,117,0.46
LmB,118,121,239,0.49
LmD,28,18,46,0.61
LmH,94,88,182,0.52
LmI,8,14,22,0.36
LmJ,29,26,55,0.53
LmK,2,1,3,0.67
LmL,58,43,101,0.57
LmM,121,163,284,0.43
LmN,128,164,292,0.44
LmP,156,163,319,0.49
LmS,93,100,193,0.48
Lmb,116,109,225,0.52
Lml,42,46,88,0.48
Lmm,105,95,200,0.52
Lmn,148,121,269,0.55
Lms,64,81,145,0.44
LnB,126,146,272,0.46
LnD,18,21,39,0.46
LnH,74,106,180,0.41
LnI,22,23,45,0.49
LnK,12,13,25,0.48
LnL,68,82,150,0.45
LnM,181,171,352,0.51
LnN,240,224,464,0.52
LnP,318,292,610,0.52
LnS,167,167,334,0.5
LnT,0,1,1,0.0
Lnb,165,164,329,0.5
Lnh,9,15,24,0.38
Lnl,97,91,188,0.52
Lnm,169,126,295,0.57
Lnn,234,205,439,0.53
Lns,139,143,282,0.49
LsB,55,66,121,0.45
LsD,17,13,30,0.57
LsH,91,75,166,0.55
LsI,21,11,32,0.66
LsK,1,4,5,0.2
LsL,39,40,79,0.49
LsM,86,95,181,0.48
LsN,95,102,197,0.48
LsP,135,138,273,0.49
LsS,93,101,194,0.48
LsT,1,0,1,1.0
Lsb,77,61,138,0.56
Lsh,2,11,13,0.15
Lsl,40,43,83,0.48
Lsm,80,76,156,0.51
Lsn,79,80,159,0.5
Lss,83,77,160,0.52
MBB,348,340,688,0.51
MBD,37,29,66,0.56
MBH,4,4,8,0.5
MBI,1,0,1,1.0
MBK,20,29,49,0.41
MBL,95,93,188,0.51
MBM,267,316,583,0.46
MBN,362,411,773,0.47
MBP,413,409,822,0.5
MBS,149,166,315,0.47
MBT,27,47,74,0.36
MBb,349,365,714,0.49
MBh,30,41,71,0.42
MBj,109,118,227,0.48
MBl,106,116,222,0.48
MBm,313,247,560,0.56
MBn,441,463,904,0.49
MBs,125,123,248,0.5
MDB,25,37,62,0.4
MDD,12,12,24,0.5
MDH,27,40,67,0.4
MDI,2,5,7,0.29
MDK,0,0,0,
MDL,10,7,17,0.59
MDM,32,65,97,0.33
MDN,36,29,65,0.55
MDP,67,40,107,0.63
MDS,49,51,100,0.49
MDT,4,1,5,0.8
MDb,35,51,86,0.41
MDh,2,2,4,0.5
MDl,11,15,26,0.42
MDm,61,53,114,0.54
MDn,31,37,68,0.46
MDs,22,28,50,0.44
MHB,2,4,6,0.33
MHD,1,0,1,1.0
MHH,0,0,0,
MHI,1,2,3,0.33
MHL,1,2,3,0.33
MHM,5,2,7,0.71
MHN,1,1,2,0.5
MHP,5,5,10,0.5
MHS,7,5,12,0.58
MHb,1,2,3,0.33
MHl,0,2,2,0.0
MHm,6,1,7,0.86
MHn,3,1,4,0.75
MHs,1,1,2,0.5
MIB,1,0,1,1.0
MID,1,0,1,1.0
MIH,0,1,1,0.0
MIM,2,3,5,0.4
MIN,2,3,5,0.4
MIP,3,0,3,1.0
MIS,3,1,4,0.75
MIT,1,0,1,1.0
MIh,0,1,1,0.0
MIl,1,0,1,1.0
MIm,3,0,3,1.0
MIn,1,1,2,0.5
MIs,1,0,1,1.0
MKB,2,2,4,0.5
MKD,1,0,1,1.0
MKH,0,2,2,0.0
MKI,1,0,1,1.0
MKL,0,1,1,0.0
MKM,2,6,8,0.25
MKN,5,4,9,0.56
MKP,9,7,16,0.56
MKS,2,9,11,0.18
MKb,2,0,2,1.0
MKh,2,4,6,0.33
MKl,1,4,5,0.2
MKm,5,1,6,0.83
MKn,4,7,11,0.36
MKs,2,1,3,0.67
MLB,99,116,215,0.46
MLD,19,10,29,0.66
MLH,1,1,2,0.5
MLK,8,4,12,0.67
MLL,36,29,65,0.55
MLM,122,117,239,0.51
MLN,134,145,279,0.48
MLP,164,157,321,0.51
MLS,58,74,132,0.44
MLT,13,10,23,0.57
MLb,134,114,248,0.54
MLh,55,56,111,0.5
MLj,47,37,84,0.56
MLl,66,43,109,0.61
MLm,125,104,229,0.55
MLn,158,154,312,0.51
MLs,77,67,144,0.53
MMB,329,344,673,0.49
MMD,38,42,80,0.48
MMH,2,4,6,0.33
MMI,1,1,2,0.5
MMK,4,1,5,0.8
MML,86,79,165,0.52
MMM,285,346,631,0.45
MMN,310,350,660,0.47
MMP,410,452,862,0.48
MMS,192,217,409,0.47
MMT,29,31,60,0.48
MMb,396,351,747,0.53
MMh,245,282,527,0.46
MMj,99,99,198,0.5
MMl,122,108,230,0.53
MMm,340,274,614,0.55
MMn,505,500,1005,0.5
MMs,222,189,411,0.54
MNB,270,268,538,0.5
MND,47,41,88,0.53
MNH,61,52,113,0.54
MNI,4,3,7,0.57
MNK,32,35,67,0.48
MNL,102,110,212,0.48
MNM,268,355,623,0.43
MNN,454,434,888,0.51
MNP,580,596,1176,0.49
MNS,248,266,514,0.48
MNT,66,71,137,0.48
MNb,315,289,604,0.52
MNh,119,125,244,0.49
MNl,132,123,255,0.52
MNm,348,259,607,0.57
MNn,537,515,1052,0.51
MNs,221,234,455,0.49
MPB,381,344,725,0.53
MPD,49,28,77,0.64
MPH,127,146,273,0.47
MPI,45,38,83,0.54
MPK,43,56,99,0.43
MPL,151,177,328,0.46
MPM,431,500,931,0.46
MPN,466,539,1005,0.46
MPP,723,750,1473,0.49
MPS,326,340,666,0.49
MPT,50,47,97,0.52
MPb,448,456,904,0.5
MPh,54,64,118,0.46
MPl,227,228,455,0.5
MPm,496,407,903,0.55
MPn,504,517,1021,0.49
MPs,334,285,619,0.54
MSB,186,175,361,0.52
MSD,37,21,58,0.64
MSH,85,111,196,0.43
MSI,11,7,18,0.61
MSK,6,7,13,0.46
MSL,61,83,144,0.42
MSM,226,258,484,0.47
MSN,232,222,454,0.51
MSP,308,290,598,0.52
MSS,228,292,520,0.44
MST,47,35,82,0.57
MSb,215,196,411,0.52
MSh,134,159,293,0.46
MSl,95,91,186,0.51
MSm,272,215,487,0.56
MSn,290,269,559,0.52
MSs,229,216,445,0.51
MTB,30,29,59,0.51
MTD,8,3,11,0.73
MTH,19,22,41,0.46
MTI,0,2,2,0.0
MTK,4,1,5,0.8
MTL,19,13,32,0.59
MTM,33,43,76,0.43
MTN,51,48,99,0.52
MTP,57,65,122,0.47
MTS,33,29,62,0.53
MTT,5,7,12,0.42
MTb,47,32,79,0.59
MTh,3,0,3,1.0
MTl,10,9,19,0.53
MTm,37,33,70,0.53
MTn,45,59,104,0.43
MTs,21,21,42,0.5
MbB,308,300,608,0.51
MbD,43,40,83,0.52
MbH,124,127,251,0.49
MbI,31,35,66,0.47
MbJ,124,97,221,0.56
MbK,40,49,89,0.45
MbL,121,108,229,0.53
MbM,347,423,770,0.45
MbN,582,538,1120,0.52
MbP,503,494,997,0.5
MbS,216,251,467,0.46
Mbb,449,378,827,0.54
Mbh,1,0,1,1.0
Mbl,121,138,259,0.47
Mbm,307,258,565,0.54
Mbn,436,467,903,0.48
Mbs,224,178,402,0.56
MhB,196,208,404,0.49
MhD,32,27,59,0.54
MhH,55,80,135,0.41
MhI,23,14,37,0.62
MhK,9,7,16,0.56
MhL,83,90,173,0.48
MhM,294,310,604,0.49
MhN,294,260,554,0.53
MhP,392,437,829,0.47
MhS,286,250,536,0.53
MhT,35,39,74,0.47
Mhb,254,253,507,0.5
Mhh,259,266,525,0.49
Mhl,158,148,306,0.52
Mhm,275,236,511,0.54
Mhn,344,310,654,0.53
Mhs,257,216,473,0.54
MjB,84,82,166,0.51
MjD,13,6,19,0.68
MjH,40,41,81,0.49
MjI,8,8,16,0.5
MjK,10,8,18,0.56
MjL,35,46,81,0.43
MjM,96,121,217,0.44
MjN,103,109,212,0.49
MjP,160,154,314,0.51
MjS,82,89,171,0.48
MjT,19,13,32,0.59
Mjb,127,83,210,0.6
Mjh,13,18,31,0.42
Mjl,53,40,93,0.57
Mjm,112,78,190,0.59
Mjn,116,113,229,0.51
Mjs,66,67,133,0.5
MlB,115,101,216,0.53
MlD,16,12,28,0.57
MlH,102,124,226,0.45
MlI,17,10,27,0.63
MlJ,43,33,76,0.57
MlK,6,11,17,0.35
MlL,71,49,120,0.59
MlM,161,167,328,0.49
MlN,187,205,392,0.48
MlP,195,194,389,0.5
MlS,107,148,255,0.42
Mlb,161,120,281,0.57
Mlh,0,1,1,0.0
Mll,61,57,118,0.52
Mlm,135,100,235,0.57
Mln,150,143,293,0.51
Mls,100,82,182,0.55
MmB,286,284,570,0.5
MmD,78,65,143,0.55
MmH,267,311,578,0.46
MmI,25,38,63,0.4
MmJ,66,77,143,0.46
MmK,10,10,20,0.5
MmL,105,110,215,0.49
MmM,353,398,751,0.47
MmN,435,451,886,0.49
MmP,465,416,881,0.53
MmS,288,297,585,0.49
Mmb,303,309,612,0.5
Mmh,0,6,6,0.0
Mml,90,80,170,0.53
Mmm,324,293,617,0.53
Mmn,399,338,737,0.54
Mms,200,205,405,0.49
MnB,353,355,708,0.5
MnD,65,62,127,0.51
MnH,233,287,520,0.45
MnI,73,74,147,0.5
MnK,36,53,89,0.4
MnL,146,151,297,0.49
MnM,437,489,926,0.47
MnN,705,758,1463,0.48
MnP,813,855,1668,0.49
MnS,400,447,847,0.47
MnT,3,0,3,1.0
Mnb,485,462,947,0.51
Mnh,19,25,44,0.43
Mnl,188,139,327,0.57
Mnm,477,345,822,0.58
Mnn,650,602,1252,0.52
Mns,345,313,658,0.52
MsB,144,156,300,0.48
MsD,35,33,68,0.51
MsH,231,254,485,0.48
MsI,29,28,57,0.51
MsK,10,8,18,0.56
MsL,76,79,155,0.49
MsM,217,257,474,0.46
MsN,276,270,546,0.51
MsP,329,339,668,0.49
MsS,241,283,524,0.46
MsT,3,4,7,0.43
Msb,218,177,395,0.55
Msh,19,11,30,0.63
Msl,92,88,180,0.51
Msm,243,176,419,0.58
Msn,245,207,452,0.54
Mss,198,192,390,0.51
NBB,289,300,589,0.49
NBD,27,31,58,0.47
NBH,3,1,4,0.75
NBK,22,27,49,0.45
NBL,98,126,224,0.44
NBM,256,300,556,0.46
NBN,379,389,768,0.49
NBP,421,425,846,0.5
NBS,173,177,350,0.49
NBT,56,35,91,0.62
NBb,317,317,634,0.5
NBh,40,48,88,0.45
NBj,112,103,215,0.52
NBl,123,110,233,0.53
NBm,338,265,603,0.56
NBn,431,453,884,0.49
NBs,156,168,324,0.48
NDB,35,47,82,0.43
NDD,13,10,23,0.57
NDH,23,51,74,0.31
NDI,4,7,11,0.36
NDK,0,3,3,0.0
NDL,16,12,28,0.57
NDM,42,50,92,0.46
NDN,57,49,106,0.54
NDP,53,60,113,0.47
NDS,59,62,121,0.49
NDT,6,6,12,0.5
NDb,33,31,64,0.52
NDh,2,1,3,0.67
NDl,22,15,37,0.59
NDm,65,46,111,0.59
NDn,42,46,88,0.48
NDs,26,31,57,0.46
NHB,51,42,93,0.55
NHD,11,10,21,0.52
NHH,14,16,30,0.47
NHI,8,6,14,0.57
NHK,8,11,19,0.42
NHL,26,22,48,0.54
NHM,64,59,123,0.52
NHN,80,86,166,0.48
NHP,92,106,198,0.46
NHS,46,65,111,0.41
NHT,5,1,6,0.83
NHb,46,46,92,0.5
NHh,12,15,27,0.44
NHl,30,26,56,0.54
NHm,68,48,116,0.59
NHn,81,86,167,0.49
NHs,51,47,98,0.52
NIB,2,2,4,0.5
NID,0,1,1,0.0
NIH,0,4,4,0.0
NII,1,1,2,0.5
NIL,2,2,4,0.5
NIM,7,4,11,0.64
NIN,1,4,5,0.2
NIP,5,5,10,0.5
NIS,5,4,9,0.56
NIb,5,3,8,0.62
NIl,1,0,1,1.0
NIm,2,2,4,0.5
NIn,3,1,4,0.75
NKB,24,25,49,0.49
NKD,6,4,10,0.6
NKH,5,8,13,0.38
NKI,3,5,8,0.38
NKK,0,0,0,
NKL,12,12,24,0.5
NKM,25,43,68,0.37
NKN,38,25,63,0.6
NKP,44,45,89,0.49
NKS,38,32,70,0.54
NKT,4,3,7,0.57
NKb,22,31,53,0.42
NKh,23,21,44,0.52
NKl,25,16,41,0.61
NKm,40,29,69,0.58
NKn,39,27,66,0.59
NKs,33,22,55,0.6
NLB,124,126,250,0.5
NLD,13,10,23,0.57
NLH,2,2,4,0.5
NLK,8,8,16,0.5
NLL,55,66,121,0.45
NLM,104,148,252,0.41
NLN,141,155,296,0.48
NLP,190,215,405,0.47
NLS,82,98,180,0.46
NLT,10,22,32,0.31
NLb,143,162,305,0.47
NLh,66,68,134,0.49
NLj,44,57,101,0.44
NLl,68,70,138,0.49
NLm,129,97,226,0.57
NLn,190,225,415,0.46
NLs,79,84,163,0.48
NMB,310,299,609,0.51
NMD,46,33,79,0.58
NMH,1,2,3,0.33
NMK,5,6,11,0.45
NML,119,129,248,0.48
NMM,312,357,669,0.47
NMN,394,388,782,0.5
NMP,483,485,968,0.5
NMS,220,261,481,0.46
NMT,42,36,78,0.54
NMb,387,398,785,0.49
NMh,281,275,556,0.51
NMj,106,91,197,0.54
NMl,156,113,269,0.58
NMm,389,370,759,0.51
NMn,631,573,1204,0.52
NMs,258,228,486,0.53
NNB,324,390,714,0.45
NND,70,46,116,0.6
NNH,68,66,134,0.51
NNI,2,2,4,0.5
NNK,38,41,79,0.48
NNL,177,161,338,0.52
NNM,395,439,834,0.47
NNN,614,643,1257,0.49
NNP,750,830,1580,0.47
NNS,363,364,727,0.5
NNT,113,98,211,0.54
NNb,443,397,840,0.53
NNh,185,225,410,0.45
NNl,171,180,351,0.49
NNm,419,355,774,0.54
NNn,730,723,1453,0.5
NNs,374,342,716,0.52
NPB,492,482,974,0.51
NPD,60,49,109,0.55
NPH,162,202,364,0.45
NPI,60,52,112,0.54
NPK,56,80,136,0.41
NPL,269,286,555,0.48
NPM,589,649,1238,0.48
NPN,736,757,1493,0.49
NPP,1037,1046,2083,0.5
NPS,550,549,1099,0.5
NPT,66,63,129,0.51
NPb,613,645,1258,0.49
NPh,81,103,184,0.44
NPl,343,307,650,0.53
NPm,635,547,1182,0.54
NPn,724,722,1446,0.5
NPs,516,490,1006,0.51
NSB,225,220,445,0.51
NSD,41,31,72,0.57
NSH,100,131,231,0.43
NSI,8,3,11,0.73
NSK,8,6,14,0.57
NSL,101,126,227,0.44
NSM,291,282,573,0.51
NSN,302,332,634,0.48
NSP,424,470,894,0.47
NSS,313,333,646,0.48
NST,48,45,93,0.52
NSb,262,243,505,0.52
NSh,206,223,429,0.48
NSl,120,115,235,0.51
NSm,338,235,573,0.59
NSn,421,357,778,0.54
NSs,332,332,664,0.5
NTB,69,51,120,0.57
NTD,8,13,21,0.38
NTH,40,40,80,0.5
NTI,2,2,4,0.5
NTK,7,7,14,0.5
NTL,21,30,51,0.41
NTM,64,91,155,0.41
NTN,91,90,181,0.5
NTP,121,144,265,0.46
NTS,63,84,147,0.43
NTT,16,16,32,0.5
NTb,82,80,162,0.51
NTh,3,5,8,0.38
NTl,30,20,50,0.6
NTm,76,62,138,0.55
NTn,101,83,184,0.55
NTs,58,45,103,0.56
NbB,292,319,611,0.48
NbD,40,28,68,0.59
NbH,105,116,221,0.48
NbI,26,32,58,0.45
NbJ,118,92,210,0.56
NbK,37,44,81,0.46
NbL,158,143,301,0.52
NbM,335,422,757,0.44
NbN,504,506,1010,0.5
NbP,518,525,1043,0.5
NbS,223,240,463,0.48
NbT,2,2,4,0.5
Nbb,422,365,787,0.54
Nbh,0,3,3,0.0
Nbl,132,120,252,0.52
Nbm,322,251,573,0.56
Nbn,398,365,763,0.52
Nbs,220,186,406,0.54
NhB,99,103,202,0.49
NhD,10,13,23,0.43
NhH,29,30,59,0.49
NhI,13,8,21,0.62
NhK,1,3,4,0.25
NhL,42,50,92,0.46
NhM,137,143,280,0.49
NhN,125,152,277,0.45
NhP,210,209,419,0.5
NhS,130,133,263,0.49
NhT,19,14,33,0.58
Nhb,131,145,276,0.47
Nhh,106,131,237,0.45
Nhl,87,57,144,0.6
Nhm,159,106,265,0.6
Nhn,184,192,376,0.49
Nhs,139,120,259,0.54
NlB,145,118,263,0.55
NlD,14,17,31,0.45
NlH,110,104,214,0.51
NlI,18,23,41,0.44
NlJ,30,55,85,0.35
NlK,11,8,19,0.58
NlL,69,62,131,0.53
NlM,140,169,309,0.45
NlN,199,205,404,0.49
NlP,240,234,474,0.51
NlS,121,147,268,0.45
Nlb,171,138,309,0.55
Nll,75,72,147,0.51
Nlm,137,113,250,0.55
Nln,161,173,334,0.48
Nls,93,92,185,0.5
NmB,300,295,595,0.5
NmD,71,55,126,0.56
NmH,270,299,569,0.47
NmI,34,34,68,0.5
NmJ,83,74,157,0.53
NmK,3,8,11,0.27
NmL,125,123,248,0.5
NmM,346,395,741,0.47
NmN,507,492,999,0.51
NmP,473,457,930,0.51
NmS,241,260,501,0.48
NmT,0,0,0,
Nmb,323,341,664,0.49
Nmh,0,3,3,0.0
Nml,101,77,178,0.57
Nmm,303,259,562,0.54
Nmn,388,385,773,0.5
Nms,210,180,390,0.54
NnB,420,380,800,0.52
NnD,92,63,155,0.59
NnH,297,334,631,0.47
NnI,77,71,148,0.52
NnK,32,50,82,0.39
NnL,204,215,419,0.49
NnM,515,537,1052,0.49
NnN,844,811,1655,0.51
NnP,858,913,1771,0.48
NnS,491,492,983,0.5
NnT,4,2,6,0.67
Nnb,497,462,959,0.52
Nnh,19,28,47,0.4
Nnl,212,198,410,0.52
Nnm,559,410,969,0.58
Nnn,693,714,1407,0.49
Nns,466,411,877,0.53
NsB,187,164,351,0.53
NsD,49,33,82,0.6
NsH,236,319,555,0.43
NsI,39,32,71,0.55
NsK,5,11,16,0.31
NsL,88,117,205,0.43
NsM,241,310,551,0.44
NsN,356,339,695,0.51
NsP,408,426,834,0.49
NsS,311,341,652,0.48
NsT,6,1,7,0.86
Nsb,249,218,467,0.53
Nsh,16,18,34,0.47
Nsl,117,123,240,0.49
Nsm,292,245,537,0.54
Nsn,324,291,615,0.53
Nss,268,245,513,0.52
PBB,419,463,882,0.48
PBD,35,51,86,0.41
PBH,3,4,7,0.43
PBI,1,2,3,0.33
PBK,34,42,76,0.45
PBL,187,199,386,0.48
PBM,357,451,808,0.44
PBN,418,459,877,0.48
PBP,593,594,1187,0.5
PBS,231,245,476,0.49
PBT,57,46,103,0.55
PBb,459,434,893,0.51
PBh,49,61,110,0.45
PBj,159,169,328,0.48
PBl,231,189,420,0.55
PBm,428,388,816,0.52
PBn,548,535,1083,0.51
PBs,196,213,409,0.48
PDB,26,43,69,0.38
PDD,16,16,32,0.5
PDH,38,31,69,0.55
PDI,4,2,6,0.67
PDK,0,0,0,
PDL,26,24,50,0.52
PDM,53,56,109,0.49
PDN,46,49,95,0.48
PDP,64,79,143,0.45
PDS,37,49,86,0.43
PDT,7,9,16,0.44
PDb,35,41,76,0.46
PDh,0,2,2,0.0
PDl,14,21,35,0.4
PDm,68,41,109,0.62
PDn,40,31,71,0.56
PDs,37,33,70,0.53
PHB,97,110,207,0.47
PHD,13,14,27,0.48
PHH,38,28,66,0.58
PHI,20,10,30,0.67
PHK,16,11,27,0.59
PHL,64,51,115,0.56
PHM,148,151,299,0.49
PHN,150,149,299,0.5
PHP,214,217,431,0.5
PHS,127,133,260,0.49
PHT,8,11,19,0.42
PHb,142,128,270,0.53
PHh,45,68,113,0.4
PHl,78,66,144,0.54
PHm,138,104,242,0.57
PHn,172,157,329,0.52
PHs,164,131,295,0.56
PIB,42,38,80,0.52
PID,6,9,15,0.4
PIH,29,35,64,0.45
PII,10,4,14,0.71
PIK,1,1,2,0.5
PIL,31,20,51,0.61
PIM,37,56,93,0.4
PIN,46,45,91,0.51
PIP,73,55,128,0.57
PIS,44,39,83,0.53
PIT,1,3,4,0.25
PIb,46,43,89,0.52
PIh,2,1,3,0.67
PIl,17,17,34,0.5
PIm,50,43,93,0.54
PIn,36,28,64,0.56
PIs,20,20,40,0.5
PKB,34,48,82,0.41
PKD,3,7,10,0.3
PKH,6,7,13,0.46
PKI,4,3,7,0.57
PKK,1,1,2,0.5
PKL,30,23,53,0.57
PKM,60,69,129,0.47
PKN,35,47,82,0.43
PKP,87,51,138,0.63
PKS,30,43,73,0.41
PKT,5,5,10,0.5
PKb,63,50,113,0.56
PKh,46,49,95,0.48
PKl,30,30,60,0.5
PKm,57,49,106,0.54
PKn,52,40,92,0.57
PKs,47,54,101,0.47
PLB,192,200,392,0.49
PLD,18,23,41,0.44
PLH,5,3,8,0.62
PLI,1,0,1,1.0
PLK,8,16,24,0.33
PLL,120,101,221,0.54
PLM,223,266,489,0.46
PLN,190,222,412,0.46
PLP,318,333,651,0.49
PLS,182,182,364,0.5
PLT,29,35,64,0.45
PLb,240,244,484,0.5
PLh,102,109,211,0.48
PLj,101,87,188,0.54
PLl,134,145,279,0.48
PLm,261,211,472,0.55
PLn,295,307,602,0.49
PLs,162,137,299,0.54
PMB,452,476,928,0.49
PMD,55,57,112,0.49
PMH,4,3,7,0.57
PMI,2,0,2,1.0
PMK,6,4,10,0.6
PML,206,188,394,0.52
PMM,454,509,963,0.47
PMN,471,454,925,0.51
PMP,659,727,1386,0.48
PMS,325,351,676,0.48
PMT,57,48,105,0.54
PMb,594,579,1173,0.51
PMh,415,459,874,0.47
PMj,144,159,303,0.48
PMl,297,249,546,0.54
PMm,567,467,1034,0.55
PMn,648,685,1333,0.49
PMs,348,357,705,0.49
PNB,442,457,899,0.49
PND,57,57,114,0.5
PNH,83,84,167,0.5
PNI,1,5,6,0.17
PNK,46,39,85,0.54
PNL,214,238,452,0.47
PNM,502,637,1139,0.44
PNN,577,575,1152,0.5
PNP,889,896,1785,0.5
PNS,409,450,859,0.48
PNT,89,95,184,0.48
PNb,523,527,1050,0.5
PNh,218,222,440,0.5
PNl,267,266,533,0.5
PNm,566,427,993,0.57
PNn,696,692,1388,0.5
PNs,404,393,797,0.51
PPB,729,749,1478,0.49
PPD,103,58,161,0.64
PPH,210,213,423,0.5
PPI,87,52,139,0.63
PPK,77,84,161,0.48
PPL,474,501,975,0.49
PPM,839,976,1815,0.46
PPN,822,786,1608,0.51
PPP,1400,1411,2811,0.5
PPS,683,720,1403,0.49
PPT,95,90,185,0.51
PPb,905,837,1742,0.52
PPh,87,126,213,0.41
PPl,544,454,998,0.55
PPm,883,700,1583,0.56
PPn,808,726,1534,0.53
PPs,610,575,1185,0.51
PSB,271,305,576,0.47
PSD,44,39,83,0.53
PSH,125,171,296,0.42
PSI,9,7,16,0.56
PSK,5,17,22,0.23
PSL,181,196,377,0.48
PSM,382,438,820,0.47
PSN,326,360,686,0.48
PSP,541,549,1090,0.5
PSS,383,446,829,0.46
PST,86,58,144,0.6
PSb,397,337,734,0.54
PSh,219,289,508,0.43
PSl,238,201,439,0.54
PSm,404,334,738,0.55
PSn,433,382,815,0.53
PSs,412,391,803,0.51
PTB,46,34,80,0.57
PTD,8,8,16,0.5
PTH,27,35,62,0.44
PTI,1,2,3,0.33
PTK,7,4,11,0.64
PTL,33,27,60,0.55
PTM,62,81,143,0.43
PTN,43,47,90,0.48
PTP,74,95,169,0.44
PTS,49,59,108,0.45
PTT,14,7,21,0.67
PTb,69,49,118,0.58
PTh,0,2,2,0.0
PTl,28,35,63,0.44
PTm,64,51,115,0.56
PTn,57,43,100,0.57
PTs,46,29,75,0.61
PbB,537,485,1022,0.53
PbD,41,38,79,0.52
PbH,136,158,294,0.46
PbI,61,45,106,0.58
PbJ,162,156,318,0.51
PbK,43,52,95,0.45
PbL,236,221,457,0.52
PbM,601,662,1263,0.48
PbN,649,602,1251,0.52
PbP,752,732,1484,0.51
PbS,289,305,594,0.49
Pbb,665,592,1257,0.53
Pbh,4,3,7,0.57
Pbl,290,251,541,0.54
Pbm,489,359,848,0.58
Pbn,504,461,965,0.52
Pbs,244,271,515,0.47
PhB,55,50,105,0.52
PhD,9,3,12,0.75
PhH,4,18,22,0.18
PhI,3,3,6,0.5
PhK,3,2,5,0.6
PhL,25,31,56,0.45
PhM,68,62,130,0.52
PhN,55,48,103,0.53
PhP,96,107,203,0.47
PhS,44,51,95,0.46
PhT,11,4,15,0.73
Phb,53,57,110,0.48
Phh,66,74,140,0.47
Phl,37,38,75,0.49
Phm,59,56,115,0.51
Phn,77,58,135,0.57
Phs,52,69,121,0.43
PlB,225,220,445,0.51
PlD,16,18,34,0.47
PlH,160,165,325,0.49
PlI,33,19,52,0.63
PlJ,62,69,131,0.47
PlK,18,14,32,0.56
PlL,161,135,296,0.54
PlM,287,316,603,0.48
PlN,284,271,555,0.51
PlP,359,371,730,0.49
PlS,222,207,429,0.52
Plb,299,260,559,0.53
Plh,2,2,4,0.5
Pll,152,120,272,0.56
Plm,223,180,403,0.55
Pln,222,189,411,0.54
Pls,184,157,341,0.54
PmB,418,386,804,0.52
PmD,82,68,150,0.55
PmH,342,347,689,0.5
PmI,36,31,67,0.54
PmJ,112,108,220,0.51
PmK,4,6,10,0.4
PmL,231,210,441,0.52
PmM,562,603,1165,0.48
PmN,571,519,1090,0.52
PmP,636,647,1283,0.5
PmS,326,341,667,0.49
PmT,2,0,2,1.0
Pmb,505,501,1006,0.5
Pmh,2,2,4,0.5
Pml,197,170,367,0.54
Pmm,440,341,781,0.56
Pmn,415,364,779,0.53
Pms,229,231,460,0.5
PnB,399,387,786,0.51
PnD,55,55,110,0.5
PnH,248,294,542,0.46
PnI,63,77,140,0.45
PnK,46,48,94,0.49
PnL,229,234,463,0.49
PnM,516,600,1116,0.46
PnN,649,642,1291,0.5
PnP,893,824,1717,0.52
PnS,430,451,881,0.49
PnT,4,2,6,0.67
Pnb,535,484,1019,0.53
Pnh,27,25,52,0.52
Pnl,253,239,492,0.51
Pnm,471,408,879,0.54
Pnn,567,513,1080,0.52
Pns,429,410,839,0.51
PsB,245,245,490,0.5
PsD,49,47,96,0.51
PsH,323,303,626,0.52
PsI,55,34,89,0.62
PsK,13,7,20,0.65
PsL,154,166,320,0.48
PsM,340,376,716,0.47
PsN,413,360,773,0.53
PsP,525,577,1102,0.48
PsS,385,432,817,0.47
PsT,4,7,11,0.36
Psb,335,309,644,0.52
Psh,23,24,47,0.49
Psl,202,185,387,0.52
Psm,381,300,681,0.56
Psn,300,296,596,0.5
Pss,302,320,622,0.49
SBB,176,182,358,0.49
SBD,21,23,44,0.48
SBH,1,1,2,0.5
SBI,0,1,1,0.0
SBK,18,17,35,0.51
SBL,67,86,153,0.44
SBM,140,195,335,0.42
SBN,215,228,443,0.49
SBP,257,241,498,0.52
SBS,130,135,265,0.49
SBT,16,28,44,0.36
SBb,229,187,416,0.55
SBh,24,30,54,0.44
SBj,87,65,152,0.57
SBl,86,83,169,0.51
SBm,213,138,351,0.61
SBn,287,263,550,0.52
SBs,114,114,228,0.5
SDB,30,20,50,0.6
SDD,15,11,26,0.58
SDH,28,40,68,0.41
SDI,3,2,5,0.6
SDK,0,1,1,0.0
SDL,10,11,21,0.48
SDM,44,52,96,0.46
SDN,33,30,63,0.52
SDP,53,38,91,0.58
SDS,55,55,110,0.5
SDT,4,5,9,0.44
SDb,28,25,53,0.53
SDh,1,5,6,0.17
SDl,10,11,21,0.48
SDm,50,37,87,0.57
SDn,40,37,77,0.52
SDs,33,33,66,0.5
SHB,53,69,122,0.43
SHD,14,9,23,0.61
SHH,25,33,58,0.43
SHI,21,12,33,0.64
SHK,8,13,21,0.38
SHL,28,44,72,0.39
SHM,124,110,234,0.53
SHN,89,100,189,0.47
SHP,118,120,238,0.5
SHS,133,128,261,0.51
SHT,5,9,14,0.36
SHb,107,115,222,0.48
SHh,33,57,90,0.37
SHl,56,44,100,0.56
SHm,125,101,226,0.55
SHn,134,93,227,0.59
SHs,112,108,220,0.51
SIB,8,8,16,0.5
SID,1,2,3,0.33
SIH,3,11,14,0.21
SII,1,2,3,0.33
SIK,1,0,1,1.0
SIL,3,5,8,0.38
SIM,12,14,26,0.46
SIN,5,6,11,0.45
SIP,9,7,16,0.56
SIS,11,14,25,0.44
SIT,1,3,4,0.25
SIb,8,10,18,0.44
SIh,0,1,1,0.0
SIl,0,5,5,0.0
SIm,19,5,24,0.79
SIn,3,3,6,0.5
SIs,6,3,9,0.67
SKB,8,9,17,0.47
SKD,1,0,1,1.0
SKH,3,0,3,1.0
SKI,0,2,2,0.0
SKK,1,1,2,0.5
SKL,4,5,9,0.44
SKM,10,7,17,0.59
SKN,3,8,11,0.27
SKP,11,12,23,0.48
SKS,4,5,9,0.44
SKb,5,7,12,0.42
SKh,8,3,11,0.73
SKl,5,5,10,0.5
SKm,8,8,16,0.5
SKn,8,9,17,0.47
SKs,11,10,21,0.52
SLB,96,110,206,0.47
SLD,14,4,18,0.78
SLH,0,3,3,0.0
SLK,3,5,8,0.38
SLL,30,44,74,0.41
SLM,83,120,203,0.41
SLN,105,110,215,0.49
SLP,144,128,272,0.53
SLS,74,83,157,0.47
SLT,13,17,30,0.43
SLb,98,110,208,0.47
SLh,35,39,74,0.47
SLj,43,37,80,0.54
SLl,67,45,112,0.6
SLm,101,89,190,0.53
SLn,131,140,271,0.48
SLs,69,73,142,0.49
SMB,243,208,451,0.54
SMD,32,38,70,0.46
SMH,4,4,8,0.5
SMI,3,0,3,1.0
SMK,5,4,9,0.56
SML,97,117,214,0.45
SMM,255,312,567,0.45
SMN,233,263,496,0.47
SMP,354,340,694,0.51
SMS,228,236,464,0.49
SMT,22,22,44,0.5
SMb,294,295,589,0.5
SMh,207,226,433,0.48
SMj,74,73,147,0.5
SMl,117,109,226,0.52
SMm,318,227,545,0.58
SMn,364,373,737,0.49
SMs,215,193,408,0.53
SNB,183,173,356,0.51
SND,30,31,61,0.49
SNH,48,52,100,0.48
SNI,3,1,4,0.75
SNK,22,33,55,0.4
SNL,80,78,158,0.51
SNM,232,286,518,0.45
SNN,311,323,634,0.49
SNP,389,381,770,0.51
SNS,237,269,506,0.47
SNT,55,39,94,0.59
SNb,218,216,434,0.5
SNh,86,89,175,0.49
SNl,95,103,198,0.48
SNm,256,201,457,0.56
SNn,368,394,762,0.48
SNs,212,191,403,0.53
SPB,301,278,579,0.52
SPD,40,40,80,0.5
SPH,117,117,234,0.5
SPI,32,28,60,0.53
SPK,41,55,96,0.43
SPL,148,178,326,0.45
SPM,361,428,789,0.46
SPN,420,386,806,0.52
SPP,636,579,1215,0.52
SPS,365,369,734,0.5
SPT,52,42,94,0.55
SPb,373,354,727,0.51
SPh,40,50,90,0.44
SPl,193,162,355,0.54
SPm,364,270,634,0.57
SPn,409,383,792,0.52
SPs,311,319,630,0.49
SSB,209,212,421,0.5
SSD,54,48,102,0.53
SSH,139,162,301,0.46
SSI,24,15,39,0.62
SSK,7,21,28,0.25
SSL,123,111,234,0.53
SSM,302,367,669,0.45
SSN,277,262,539,0.51
SSP,374,371,745,0.5
SSS,458,481,939,0.49
SST,60,47,107,0.56
SSb,295,227,522,0.57
SSh,175,183,358,0.49
SSl,121,114,235,0.51
SSm,333,273,606,0.55
SSn,358,307,665,0.54
SSs,366,352,718,0.51
STB,35,49,84,0.42
STD,10,9,19,0.53
STH,32,32,64,0.5
STI,2,2,4,0.5
STK,5,3,8,0.62
STL,27,21,48,0.56
STM,58,61,119,0.49
STN,62,60,122,0.51
STP,76,75,151,0.5
STS,56,71,127,0.44
STT,10,11,21,0.48
STb,39,42,81,0.48
STh,0,3,3,0.0
STl,20,24,44,0.45
STm,50,28,78,0.64
STn,37,55,92,0.4
STs,36,34,70,0.51
SbB,238,206,444,0.54
SbD,27,13,40,0.68
SbH,60,68,128,0.47
SbI,30,8,38,0.79
SbJ,77,63,140,0.55
SbK,25,29,54,0.46
SbL,88,100,188,0.47
SbM,247,266,513,0.48
SbN,321,320,641,0.5
SbP,316,313,629,0.5
SbS,180,203,383,0.47
Sbb,288,266,554,0.52
Sbh,1,5,6,0.17
Sbl,107,61,168,0.64
Sbm,206,139,345,0.6
Sbn,233,252,485,0.48
Sbs,135,114,249,0.54
ShB,125,105,230,0.54
ShD,16,18,34,0.47
ShH,34,52,86,0.4
ShI,16,15,31,0.52
ShK,6,2,8,0.75
ShL,69,68,137,0.5
ShM,156,192,348,0.45
ShN,133,174,307,0.43
ShP,229,230,459,0.5
ShS,202,195,397,0.51
ShT,22,26,48,0.46
Shb,162,163,325,0.5
Shh,153,166,319,0.48
Shl,78,80,158,0.49
Shm,183,138,321,0.57
Shn,212,191,403,0.53
Shs,199,193,392,0.51
SlB,85,91,176,0.48
SlD,11,6,17,0.65
SlH,73,83,156,0.47
SlI,10,7,17,0.59
SlJ,35,22,57,0.61
SlK,7,8,15,0.47
SlL,57,50,107,0.53
SlM,124,153,277,0.45
SlN,140,139,279,0.5
SlP,174,138,312,0.56
SlS,115,125,240,0.48
Slb,142,124,266,0.53
Slh,1,0,1,1.0
Sll,70,44,114,0.61
Slm,101,88,189,0.53
Sln,105,95,200,0.52
Sls,78,77,155,0.5
SmB,241,200,441,0.55
SmD,47,46,93,0.51
SmH,205,217,422,0.49
SmI,26,25,51,0.51
SmJ,50,43,93,0.54
SmK,6,9,15,0.4
SmL,102,102,204,0.5
SmM,260,309,569,0.46
SmN,335,282,617,0.54
SmP,354,321,675,0.52
SmS,225,237,462,0.49
SmT,2,0,2,1.0
Smb,272,223,495,0.55
Smh,1,4,5,0.2
Sml,89,88,177,0.5
Smm,286,203,489,0.58
Smn,253,240,493,0.51
Sms,155,136,291,0.53
SnB,194,215,409,0.47
SnD,50,37,87,0.57
SnH,176,166,342,0.51
SnI,35,40,75,0.47
SnK,35,34,69,0.51
SnL,93,112,205,0.45
SnM,296,322,618,0.48
SnN,430,421,851,0.51
SnP,474,482,956,0.5
SnS,327,332,659,0.5
SnT,1,0,1,1.0
Snb,284,261,545,0.52
Snh,12,11,23,0.52
Snl,138,120,258,0.53
Snm,302,234,536,0.56
Snn,368,336,704,0.52
Sns,274,247,521,0.53
SsB,149,173,322,0.46
SsD,55,49,104,0.53
SsH,264,275,539,0.49
SsI,40,36,76,0.53
SsK,12,12,24,0.5
SsL,96,119,215,0.45
SsM,280,306,586,0.48
SsN,299,314,613,0.49
SsP,351,367,718,0.49
SsS,408,445,853,0.48
SsT,8,4,12,0.67
Ssb,253,243,496,0.51
Ssh,14,23,37,0.38
Ssl,122,112,234,0.52
Ssm,316,245,561,0.56
Ssn,256,235,491,0.52
Sss,344,299,643,0.53
TBB,27,25,52,0.52
TBD,3,1,4,0.75
TBK,2,1,3,0.67
TBL,7,10,17,0.41
TBM,30,35,65,0.46
TBN,15,18,33,0.45
TBP,26,24,50,0.52
TBS,10,6,16,0.62
TBT,5,4,9,0.56
TBb,27,21,48,0.56
TBh,3,4,7,0.43
TBj,9,5,14,0.64
TBl,15,10,25,0.6
TBm,25,24,49,0.51
TBn,30,35,65,0.46
TBs,10,9,19,0.53
TDB,2,5,7,0.29
TDD,2,1,3,0.67
TDH,2,5,7,0.29
TDK,0,0,0,
TDL,3,2,5,0.6
TDM,1,6,7,0.14
TDN,4,2,6,0.67
TDP,4,6,10,0.4
TDS,7,3,10,0.7
TDT,0,1,1,0.0
TDb,5,3,8,0.62
TDh,0,1,1,0.0
TDl,2,2,4,0.5
TDm,6,4,10,0.6
TDn,5,4,9,0.56
TDs,8,2,10,0.8
THB,6,9,15,0.4
THD,6,6,12,0.5
THH,3,6,9,0.33
THI,3,4,7,0.43
THK,1,0,1,1.0
THL,7,7,14,0.5
THM,21,11,32,0.66
THN,18,25,43,0.42
THP,17,20,37,0.46
THS,13,10,23,0.57
THT,1,1,2,0.5
THb,9,16,25,0.36
THh,9,12,21,0.43
THl,7,13,20,0.35
THm,20,8,28,0.71
THn,24,18,42,0.57
THs,14,12,26,0.54
TIB,0,0,0,
TIM,1,1,2,0.5
TIN,1,0,1,1.0
TIP,1,2,3,0.33
TIS,1,2,3,0.33
TIT,1,0,1,1.0
TIb,2,1,3,0.67
TIl,0,1,1,0.0
TIm,4,0,4,1.0
TIn,0,1,1,0.0
TKB,3,1,4,0.75
TKD,1,0,1,1.0
TKH,0,1,1,0.0
TKL,0,1,1,0.0
TKM,5,4,9,0.56
TKN,1,0,1,1.0
TKP,5,3,8,0.62
TKS,4,8,12,0.33
TKb,3,0,3,1.0
TKh,4,1,5,0.8
TKl,3,2,5,0.6
TKm,0,5,5,0.0
TKn,0,1,1,0.0
TKs,2,1,3,0.67
TLB,14,9,23,0.61
TLD,1,0,1,1.0
TLK,1,0,1,1.0
TLL,5,6,11,0.45
TLM,14,14,28,0.5
TLN,16,10,26,0.62
TLP,18,13,31,0.58
TLS,7,7,14,0.5
TLT,2,0,2,1.0
TLb,21,13,34,0.62
TLh,13,8,21,0.62
TLj,4,3,7,0.57
TLl,8,9,17,0.47
TLm,12,6,18,0.67
TLn,18,8,26,0.69
TLs,3,8,11,0.27
TMB,22,32,54,0.41
TMD,3,4,7,0.43
TMK,0,0,0,
TML,15,10,25,0.6
TMM,30,26,56,0.54
TMN,23,34,57,0.4
TMP,38,47,85,0.45
TMS,19,24,43,0.44
TMT,2,5,7,0.29
TMb,41,21,62,0.66
TMh,23,23,46,0.5
TMj,4,5,9,0.44
TMl,20,19,39,0.51
TMm,40,29,69,0.58
TMn,40,44,84,0.48
TMs,25,20,45,0.56
TNB,33,24,57,0.58
TND,2,3,5,0.4
TNH,5,2,7,0.71
TNI,1,1,2,0.5
TNK,1,2,3,0.33
TNL,16,6,22,0.73
TNM,31,39,70,0.44
TNN,39,51,90,0.43
TNP,38,63,101,0.38
TNS,22,34,56,0.39
TNT,1,5,6,0.17
TNb,18,27,45,0.4
TNh,7,15,22,0.32
TNl,16,12,28,0.57
TNm,34,32,66,0.52
TNn,61,51,112,0.54
TNs,27,30,57,0.47
TPB,30,39,69,0.43
TPD,3,7,10,0.3
TPH,18,15,33,0.55
TPI,6,6,12,0.5
TPK,2,5,7,0.29
TPL,23,22,45,0.51
TPM,36,53,89,0.4
TPN,43,57,100,0.43
TPP,92,72,164,0.56
TPS,35,35,70,0.5
TPT,4,5,9,0.44
TPb,56,45,101,0.55
TPh,10,4,14,0.71
TPl,33,27,60,0.55
TPm,73,46,119,0.61
TPn,46,44,90,0.51
TPs,48,27,75,0.64
TSB,18,23,41,0.44
TSD,4,1,5,0.8
TSH,15,12,27,0.56
TSI,1,1,2,0.5
TSK,1,1,2,0.5
TSL,8,6,14,0.57
TSM,25,17,42,0.6
TSN,22,22,44,0.5
TSP,35,23,58,0.6
TSS,41,39,80,0.51
TST,3,5,8,0.38
TSb,17,23,40,0.42
TSh,11,16,27,0.41
TSl,13,12,25,0.52
TSm,31,31,62,0.5
TSn,27,27,54,0.5
TSs,31,27,58,0.53
TTB,1,3,4,0.25
TTD,0,3,3,0.0
TTH,4,1,5,0.8
TTI,1,0,1,1.0
TTL,4,3,7,0.57
TTM,6,5,11,0.55
TTN,8,10,18,0.44
TTP,5,7,12,0.42
TTS,8,6,14,0.57
TTT,2,0,2,1.0
TTb,4,9,13,0.31
TTh,0,1,1,0.0
TTl,0,4,4,0.0
TTm,6,6,12,0.5
TTn,6,7,13,0.46
TTs,5,3,8,0.62
TbB,32,23,55,0.58
TbD,2,4,6,0.33
TbH,8,10,18,0.44
TbI,3,3,6,0.5
TbJ,10,11,21,0.48
TbK,2,4,6,0.33
TbL,14,19,33,0.42
TbM,28,21,49,0.57
TbN,40,43,83,0.48
TbP,28,34,62,0.45
TbS,20,15,35,0.57
Tbb,39,31,70,0.56
Tbl,26,10,36,0.72
Tbm,28,27,55,0.51
Tbn,28,35,63,0.44
Tbs,11,15,26,0.42
ThB,1,0,1,1.0
ThM,1,3,4,0.25
ThN,0,1,1,0.0
ThP,3,3,6,0.5
ThS,0,0,0,
Thb,1,2,3,0.33
Thh,1,0,1,1.0
Thm,1,0,1,1.0
Thn,2,1,3,0.67
Ths,1,2,3,0.33
TlB,6,13,19,0.32
TlD,1,1,2,0.5
TlH,8,8,16,0.5
TlI,3,0,3,1.0
TlJ,3,1,4,0.75
TlK,1,1,2,0.5
TlL,8,4,12,0.67
TlM,9,11,20,0.45
TlN,16,15,31,0.52
TlP,21,22,43,0.49
TlS,13,9,22,0.59
Tlb,15,13,28,0.54
Tll,6,9,15,0.4
Tlm,14,8,22,0.64
Tln,9,7,16,0.56
Tls,7,4,11,0.64
TmB,24,19,43,0.56
TmD,5,11,16,0.31
TmH,26,24,50,0.52
TmI,1,4,5,0.2
TmJ,7,9,16,0.44
TmK,0,1,1,0.0
TmL,11,14,25,0.44
TmM,40,45,85,0.47
TmN,42,30,72,0.58
TmP,36,32,68,0.53
TmS,20,32,52,0.38
Tmb,27,29,56,0.48
Tmh,0,0,0,
Tml,13,10,23,0.57
Tmm,24,19,43,0.56
Tmn,25,11,36,0.69
Tms,11,11,22,0.5
TnB,22,22,44,0.5
TnD,2,3,5,0.4
TnH,20,22,42,0.48
TnI,3,1,4,0.75
TnK,3,3,6,0.5
TnL,11,16,27,0.41
TnM,28,27,55,0.51
TnN,44,42,86,0.51
TnP,49,45,94,0.52
TnS,23,26,49,0.47
TnT,1,0,1,1.0
Tnb,31,30,61,0.51
Tnh,1,1,2,0.5
Tnl,13,11,24,0.54
Tnm,31,25,56,0.55
Tnn,32,29,61,0.52
Tns,25,22,47,0.53
TsB,11,12,23,0.48
TsD,4,5,9,0.44
TsH,21,22,43,0.49
TsI,4,2,6,0.67
TsL,4,4,8,0.5
TsM,21,29,50,0.42
TsN,20,18,38,0.53
TsP,25,30,55,0.45
TsS,27,33,60,0.45
TsT,0,1,1,0.0
Tsb,13,11,24,0.54
Tsh,0,0,0,
Tsl,3,2,5,0.6
Tsm,22,15,37,0.59
Tsn,16,15,31,0.52
Tss,24,15,39,0.62
bBB,307,318,625,0.49
bBD,27,29,56,0.48
bBH,8,1,9,0.89
bBI,0,1,1,0.0
bBK,20,29,49,0.41
bBL,114,136,250,0.46
bBM,321,330,651,0.49
bBN,386,400,786,0.49
bBP,485,442,927,0.52
bBS,186,217,403,0.46
bBT,41,44,85,0.48
bBb,371,338,709,0.52
bBh,67,50,117,0.57
bBj,134,159,293,0.46
bBl,139,121,260,0.53
bBm,326,245,571,0.57
bBn,496,429,925,0.54
bBs,181,161,342,0.53
bDB,24,29,53,0.45
bDD,5,4,9,0.56
bDH,31,26,57,0.54
bDI,1,2,3,0.33
bDK,0,2,2,0.0
bDL,10,13,23,0.43
bDM,34,34,68,0.5
bDN,30,26,56,0.54
bDP,50,39,89,0.56
bDS,31,20,51,0.61
bDT,11,6,17,0.65
bDb,33,23,56,0.59
bDh,3,1,4,0.75
bDl,13,8,21,0.62
bDm,42,33,75,0.56
bDn,27,27,54,0.5
bDs,16,17,33,0.48
bHB,84,79,163,0.52
bHD,12,7,19,0.63
bHH,20,16,36,0.56
bHI,2,10,12,0.17
bHK,7,9,16,0.44
bHL,40,43,83,0.48
bHM,117,96,213,0.55
bHN,103,130,233,0.44
bHP,155,156,311,0.5
bHS,68,66,134,0.51
bHT,3,7,10,0.3
bHb,110,100,210,0.52
bHh,35,24,59,0.59
bHl,45,29,74,0.61
bHm,89,67,156,0.57
bHn,123,93,216,0.57
bHs,58,61,119,0.49
bIB,33,25,58,0.57
bID,7,4,11,0.64
bIH,28,22,50,0.56
bII,5,2,7,0.71
bIK,2,0,2,1.0
bIL,17,14,31,0.55
bIM,45,40,85,0.53
bIN,38,42,80,0.48
bIP,57,54,111,0.51
bIS,29,30,59,0.49
bIT,2,1,3,0.67
bIb,38,26,64,0.59
bIh,0,1,1,0.0
bIl,19,12,31,0.61
bIm,34,20,54,0.63
bIn,36,26,62,0.58
bIs,19,22,41,0.46
bJB,100,83,183,0.55
bJD,11,8,19,0.58
bJH,40,55,95,0.42
bJI,14,8,22,0.64
bJK,10,15,25,0.4
bJL,61,55,116,0.53
bJM,132,126,258,0.51
bJN,118,126,244,0.48
bJP,163,176,339,0.48
bJS,75,70,145,0.52
bJT,11,8,19,0.58
bJb,113,114,227,0.5
bJh,19,28,47,0.4
bJl,60,53,113,0.53
bJm,111,78,189,0.59
bJn,86,88,174,0.49
bJs,70,60,130,0.54
bKB,23,32,55,0.42
bKD,4,9,13,0.31
bKH,6,4,10,0.6
bKI,6,0,6,1.0
bKK,0,1,1,0.0
bKL,11,16,27,0.41
bKM,38,50,88,0.43
bKN,28,25,53,0.53
bKP,59,40,99,0.6
bKS,24,38,62,0.39
bKT,4,3,7,0.57
bKb,39,34,73,0.53
bKh,26,40,66,0.39
bKl,22,15,37,0.59
bKm,43,32,75,0.57
bKn,37,33,70,0.53
bKs,23,32,55,0.42
bLB,105,136,241,0.44
bLD,15,13,28,0.54
bLH,0,3,3,0.0
bLI,1,0,1,1.0
bLK,3,10,13,0.23
bLL,60,56,116,0.52
bLM,143,160,303,0.47
bLN,132,128,260,0.51
bLP,185,175,360,0.51
bLS,113,109,222,0.51
bLT,27,10,37,0.73
bLb,135,128,263,0.51
bLh,61,75,136,0.45
bLj,40,48,88,0.45
bLl,73,55,128,0.57
bLm,118,117,235,0.5
bLn,219,202,421,0.52
bLs,93,94,187,0.5
bMB,344,297,641,0.54
bMD,37,42,79,0.47
bMH,2,5,7,0.29
bMI,1,1,2,0.5
bMK,2,4,6,0.33
bML,123,122,245,0.5
bMM,359,383,742,0.48
bMN,400,392,792,0.51
bMP,504,489,993,0.51
bMS,240,263,503,0.48
bMT,39,44,83,0.47
bMb,436,432,868,0.5
bMh,311,327,638,0.49
bMj,115,133,248,0.46
bMl,181,140,321,0.56
bMm,368,282,650,0.57
bMn,533,542,1075,0.5
bMs,250,195,445,0.56
bNB,378,346,724,0.52
bND,62,40,102,0.61
bNH,66,68,134,0.49
bNI,5,0,5,1.0
bNK,37,25,62,0.6
bNL,168,172,340,0.49
bNM,451,501,952,0.47
bNN,565,580,1145,0.49
bNP,748,742,1490,0.5
bNS,323,370,693,0.47
bNT,108,84,192,0.56
bNb,479,439,918,0.52
bNh,191,201,392,0.49
bNl,207,159,366,0.57
bNm,451,335,786,0.57
bNn,727,572,1299,0.56
bNs,298,300,598,0.5
bPB,438,417,855,0.51
bPD,44,31,75,0.59
bPH,129,114,243,0.53
bPI,51,27,78,0.65
bPK,57,53,110,0.52
bPL,252,231,483,0.52
bPM,524,563,1087,0.48
bPN,530,533,1063,0.5
bPP,863,778,1641,0.53
bPS,340,332,672,0.51
bPT,52,59,111,0.47
bPb,621,515,1136,0.55
bPh,73,72,145,0.5
bPl,258,237,495,0.52
bPm,469,355,824,0.57
bPn,539,486,1025,0.53
bPs,288,261,549,0.52
bSB,124,133,257,0.48
bSD,24,17,41,0.59
bSH,71,77,148,0.48
bSI,12,2,14,0.86
bSK,6,3,9,0.67
bSL,85,93,178,0.48
bSM,200,228,428,0.47
bSN,199,198,397,0.5
bSP,307,308,615,0.5
bSS,206,205,411,0.5
bST,35,32,67,0.52
bSb,201,185,386,0.52
bSh,156,141,297,0.53
bSl,78,104,182,0.43
bSm,196,149,345,0.57
bSn,267,225,492,0.54
bSs,201,193,394,0.51
bTB,0,1,1,0.0
bTH,0,1,1,0.0
bTM,0,1,1,0.0
bTP,0,1,1,0.0
bTb,1,1,2,0.5
bTm,1,0,1,1.0
bbB,415,481,896,0.46
bbD,35,32,67,0.52
bbH,126,94,220,0.57
bbI,52,34,86,0.6
bbJ,98,95,193,0.51
bbK,30,36,66,0.45
bbL,165,155,320,0.52
bbM,460,469,929,0.5
bbN,591,534,1125,0.53
bbP,615,579,1194,0.52
bbS,213,214,427,0.5
bbT,0,1,1,0.0
bbb,562,454,1016,0.55
bbh,0,1,1,0.0
bbl,171,136,307,0.56
bbm,325,256,581,0.56
bbn,455,411,866,0.53
bbs,165,140,305,0.54
bhB,0,2,2,0.0
bhD,0,1,1,0.0
bhI,0,1,1,0.0
bhL,1,0,1,1.0
bhM,3,0,3,1.0
bhP,2,2,4,0.5
bhS,3,1,4,0.75
bhb,4,2,6,0.67
bhh,1,1,2,0.5
bhl,1,1,2,0.5
bhm,4,1,5,0.8
blB,121,140,261,0.46
blD,5,10,15,0.33
blH,93,81,174,0.53
blI,12,17,29,0.41
blJ,36,30,66,0.55
blK,9,6,15,0.6
blL,69,58,127,0.54
blM,153,162,315,0.49
blN,185,193,378,0.49
blP,227,188,415,0.55
blS,100,75,175,0.57
blb,159,170,329,0.48
bll,75,50,125,0.6
blm,114,82,196,0.58
bln,108,106,214,0.5
bls,95,65,160,0.59
bmB,278,292,570,0.49
bmD,52,28,80,0.65
bmH,192,199,391,0.49
bmI,22,20,42,0.52
bmJ,48,52,100,0.48
bmK,3,7,10,0.3
bmL,96,106,202,0.48
bmM,317,321,638,0.5
bmN,368,342,710,0.52
bmP,432,352,784,0.55
bmS,165,187,352,0.47
bmT,1,2,3,0.33
bmb,360,288,648,0.56
bmh,1,1,2,0.5
bml,81,74,155,0.52
bmm,248,178,426,0.58
bmn,270,249,519,0.52
bms,115,108,223,0.52
bnB,303,299,602,0.5
bnD,41,39,80,0.51
bnH,186,167,353,0.53
bnI,62,39,101,0.61
bnK,29,25,54,0.54
bnL,130,130,260,0.5
bnM,373,408,781,0.48
bnN,504,513,1017,0.5
bnP,667,553,1220,0.55
bnS,251,274,525,0.48
bnT,1,1,2,0.5
bnb,451,388,839,0.54
bnh,22,25,47,0.47
bnl,142,133,275,0.52
bnm,325,213,538,0.6
bnn,456,389,845,0.54
bns,238,203,441,0.54
bsB,118,118,236,0.5
bsD,26,24,50,0.52
bsH,163,176,339,0.48
bsI,29,25,54,0.54
bsK,2,7,9,0.22
bsL,78,64,142,0.55
bsM,171,210,381,0.45
bsN,195,191,386,0.51
bsP,245,239,484,0.51
bsS,181,164,345,0.52
bsT,1,3,4,0.25
bsb,166,156,322,0.52
bsh,7,9,16,0.44
bsl,77,59,136,0.57
bsm,162,124,286,0.57
bsn,143,142,285,0.5
bss,142,113,255,0.56
hBB,57,71,128,0.45
hBD,6,5,11,0.55
hBK,4,9,13,0.31
hBL,18,26,44,0.41
hBM,60,66,126,0.48
hBN,72,69,141,0.51
hBP,78,85,163,0.48
hBS,38,48,86,0.44
hBT,7,8,15,0.47
hBb,81,76,157,0.52
hBh,9,11,20,0.45
hBj,28,19,47,0.6
hBl,22,19,41,0.54
hBm,64,68,132,0.48
hBn,86,85,171,0.5
hBs,45,32,77,0.58
hDB,3,5,8,0.38
hDD,1,2,3,0.33
hDH,5,12,17,0.29
hDI,1,1,2,0.5
hDL,4,4,8,0.5
hDM,6,19,25,0.24
hDN,4,6,10,0.4
hDP,8,20,28,0.29
hDS,8,8,16,0.5
hDT,0,0,0,
hDb,13,9,22,0.59
hDh,0,2,2,0.0
hDl,3,3,6,0.5
hDm,15,10,25,0.6
hDn,8,9,17,0.47
hDs,9,7,16,0.56
hHB,13,8,21,0.62
hHD,2,1,3,0.67
hHH,4,4,8,0.5
hHI,2,2,4,0.5
hHK,1,2,3,0.33
hHL,5,2,7,0.71
hHM,17,21,38,0.45
hHN,21,17,38,0.55
hHP,32,26,58,0.55
hHS,23,23,46,0.5
hHT,1,1,2,0.5
hHb,29,14,43,0.67
hHh,11,11,22,0.5
hHl,11,9,20,0.55
hHm,20,10,30,0.67
hHn,20,30,50,0.4
hHs,23,26,49,0.47
hIB,3,3,6,0.5
hID,2,0,2,1.0
hIH,5,7,12,0.42
hII,1,1,2,0.5
hIK,1,0,1,1.0
hIL,5,2,7,0.71
hIM,5,10,15,0.33
hIN,8,5,13,0.62
hIP,13,7,20,0.65
hIS,5,2,7,0.71
hIT,1,0,1,1.0
hIb,1,5,6,0.17
hIh,0,1,1,0.0
hIl,1,3,4,0.25
hIm,2,5,7,0.29
hIn,10,3,13,0.77
hIs,5,5,10,0.5
hKB,1,1,2,0.5
hKD,1,1,2,0.5
hKI,0,0,0,
hKL,3,3,6,0.5
hKM,3,4,7,0.43
hKN,3,1,4,0.75
hKP,0,1,1,0.0
hKS,1,1,2,0.5
hKT,1,0,1,1.0
hKb,0,0,0,
hKh,0,3,3,0.0
hKl,0,0,0,
hKm,2,1,3,0.67
hKn,1,3,4,0.25
hKs,3,3,6,0.5
hLB,30,24,54,0.56
hLD,3,2,5,0.6
hLH,1,1,2,0.5
hLI,0,0,0,
hLK,0,3,3,0.0
hLL,10,21,31,0.32
hLM,39,36,75,0.52
hLN,24,38,62,0.39
hLP,42,40,82,0.51
hLS,16,20,36,0.44
hLT,5,3,8,0.62
hLb,45,32,77,0.58
hLh,17,22,39,0.44
hLj,10,10,20,0.5
hLl,13,19,32,0.41
hLm,29,28,57,0.51
hLn,47,47,94,0.5
hLs,20,19,39,0.51
hMB,77,77,154,0.5
hMD,12,14,26,0.46
hMH,1,2,3,0.33
hMI,0,1,1,0.0
hMK,1,3,4,0.25
hML,38,30,68,0.56
hMM,89,104,193,0.46
hMN,68,90,158,0.43
hMP,114,130,244,0.47
hMS,49,73,122,0.4
hMT,8,6,14,0.57
hMb,92,96,188,0.49
hMh,74,103,177,0.42
hMj,26,17,43,0.6
hMl,47,37,84,0.56
hMm,81,73,154,0.53
hMn,108,104,212,0.51
hMs,62,56,118,0.53
hNB,63,65,128,0.49
hND,9,6,15,0.6
hNH,15,13,28,0.54
hNI,1,1,2,0.5
hNK,7,15,22,0.32
hNL,22,24,46,0.48
hNM,67,98,165,0.41
hNN,81,107,188,0.43
hNP,124,150,274,0.45
hNS,79,67,146,0.54
hNT,12,16,28,0.43
hNb,69,71,140,0.49
hNh,26,31,57,0.46
hNl,27,28,55,0.49
hNm,94,43,137,0.69
hNn,118,119,237,0.5
hNs,52,72,124,0.42
hPB,102,105,207,0.49
hPD,10,7,17,0.59
hPH,32,41,73,0.44
hPI,11,10,21,0.52
hPK,7,17,24,0.29
hPL,61,54,115,0.53
hPM,121,147,268,0.45
hPN,117,126,243,0.48
hPP,199,193,392,0.51
hPS,111,110,221,0.5
hPT,17,12,29,0.59
hPb,144,126,270,0.53
hPh,15,20,35,0.43
hPl,72,62,134,0.54
hPm,125,123,248,0.5
hPn,127,128,255,0.5
hPs,113,85,198,0.57
hSB,59,44,103,0.57
hSD,13,8,21,0.62
hSH,35,43,78,0.45
hSI,3,1,4,0.75
hSK,4,3,7,0.57
hSL,30,16,46,0.65
hSM,80,99,179,0.45
hSN,86,70,156,0.55
hSP,101,80,181,0.56
hSS,97,125,222,0.44
hST,13,9,22,0.59
hSb,72,83,155,0.46
hSh,58,71,129,0.45
hSl,28,36,64,0.44
hSm,84,68,152,0.55
hSn,77,90,167,0.46
hSs,101,104,205,0.49
hTB,6,9,15,0.4
hTD,3,1,4,0.75
hTH,2,5,7,0.29
hTK,1,1,2,0.5
hTL,3,5,8,0.38
hTM,8,12,20,0.4
hTN,7,15,22,0.32
hTP,13,21,34,0.38
hTS,12,10,22,0.55
hTT,3,2,5,0.6
hTb,12,8,20,0.6
hTh,0,0,0,
hTl,5,5,10,0.5
hTm,12,9,21,0.57
hTn,5,9,14,0.36
hTs,8,9,17,0.47
hbB,66,55,121,0.55
hbD,8,5,13,0.62
hbH,29,32,61,0.48
hbI,8,5,13,0.62
hbJ,26,28,54,0.48
hbK,11,7,18,0.61
hbL,42,46,88,0.48
hbM,90,103,193,0.47
hbN,97,107,204,0.48
hbP,130,95,225,0.58
hbS,78,69,147,0.53
hbb,100,98,198,0.51
hbh,1,0,1,1.0
hbl,43,35,78,0.55
hbm,75,59,134,0.56
hbn,86,91,177,0.49
hbs,45,41,86,0.52
hhB,64,53,117,0.55
hhD,7,9,16,0.44
hhH,23,21,44,0.52
hhI,3,2,5,0.6
hhK,1,2,3,0.33
hhL,29,30,59,0.49
hhM,88,86,174,0.51
hhN,74,59,133,0.56
hhP,116,100,216,0.54
hhS,91,86,177,0.51
hhT,9,9,18,0.5
hhb,82,63,145,0.57
hhh,82,76,158,0.52
hhl,38,31,69,0.55
hhm,85,82,167,0.51
hhn,87,84,171,0.51
hhs,72,80,152,0.47
hlB,25,39,64,0.39
hlD,4,2,6,0.67
hlH,32,23,55,0.58
hlI,5,3,8,0.62
hlJ,13,11,24,0.54
hlK,1,6,7,0.14
hlL,17,20,37,0.46
hlM,42,63,105,0.4
hlN,51,59,110,0.46
hlP,59,63,122,0.48
hlS,41,38,79,0.52
hlb,41,54,95,0.43
hll,33,18,51,0.65
hlm,47,30,77,0.61
hln,37,24,61,0.61
hls,37,36,73,0.51
hmB,66,61,127,0.52
hmD,20,11,31,0.65
hmH,72,54,126,0.57
hmI,2,3,5,0.4
hmJ,14,17,31,0.45
hmK,1,3,4,0.25
hmL,36,33,69,0.52
hmM,103,120,223,0.46
hmN,96,98,194,0.49
hmP,106,97,203,0.52
hmS,76,85,161,0.47
hmb,80,92,172,0.47
hmh,0,2,2,0.0
hml,31,16,47,0.66
hmm,89,63,152,0.59
hmn,83,73,156,0.53
hms,50,48,98,0.51
hnB,72,69,141,0.51
hnD,9,7,16,0.56
hnH,48,41,89,0.54
hnI,16,11,27,0.59
hnK,8,15,23,0.35
hnL,49,27,76,0.64
hnM,93,130,223,0.42
hnN,133,122,255,0.52
hnP,154,161,315,0.49
hnS,101,109,210,0.48
hnb,108,91,199,0.54
hnh,8,4,12,0.67
hnl,44,25,69,0.64
hnm,99,68,167,0.59
hnn,108,114,222,0.49
hns,84,86,170,0.49
hsB,42,53,95,0.44
hsD,16,11,27,0.59
hsH,74,95,169,0.44
hsI,12,10,22,0.55
hsK,2,4,6,0.33
hsL,32,32,64,0.5
hsM,74,90,164,0.45
hsN,88,71,159,0.55
hsP,115,110,225,0.51
hsS,99,122,221,0.45
hsT,1,0,1,1.0
hsb,70,74,144,0.49
hsh,2,6,8,0.25
hsl,33,29,62,0.53
hsm,90,69,159,0.57
hsn,67,74,141,0.48
hss,68,67,135,0.5
jBB,22,22,44,0.5
jBD,0,1,1,0.0
jBK,1,3,4,0.25
jBL,6,12,18,0.33
jBM,16,26,42,0.38
jBN,13,33,46,0.28
jBP,25,25,50,0.5
jBS,14,12,26,0.54
jBT,2,4,6,0.33
jBb,21,23,44,0.48
jBh,1,6,7,0.14
jBj,11,4,15,0.73
jBl,8,13,21,0.38
jBm,25,22,47,0.53
jBn,27,29,56,0.48
jBs,12,12,24,0.5
jDB,2,2,4,0.5
jDH,1,6,7,0.14
jDL,3,0,3,1.0
jDM,2,2,4,0.5
jDN,2,0,2,1.0
jDP,3,4,7,0.43
jDS,4,1,5,0.8
jDb,3,1,4,0.75
jDh,1,0,1,1.0
jDm,1,0,1,1.0
jDn,2,2,4,0.5
jDs,0,1,1,0.0
jHB,8,9,17,0.47
jHD,1,0,1,1.0
jHH,1,4,5,0.2
jHI,1,1,2,0.5
jHL,3,5,8,0.38
jHM,7,8,15,0.47
jHN,10,7,17,0.59
jHP,12,16,28,0.43
jHS,5,6,11,0.45
jHT,0,1,1,0.0
jHb,11,6,17,0.65
jHh,5,1,6,0.83
jHl,5,4,9,0.56
jHm,11,6,17,0.65
jHn,6,7,13,0.46
jHs,6,6,12,0.5
jIB,1,2,3,0.33
jID,0,0,0,
jIH,1,1,2,0.5
jIL,0,2,2,0.0
jIM,5,4,9,0.56
jIN,0,1,1,0.0
jIP,3,6,9,0.33
jIS,0,3,3,0.0
jIT,1,0,1,1.0
jIb,1,3,4,0.25
jIl,1,0,1,1.0
jIm,3,1,4,0.75
jIn,4,1,5,0.8
jIs,1,3,4,0.25
jKB,1,1,2,0.5
jKH,0,0,0,
jKL,1,2,3,0.33
jKM,0,2,2,0.0
jKN,0,2,2,0.0
jKP,1,2,3,0.33
jKS,3,2,5,0.6
jKb,0,3,3,0.0
jKh,3,1,4,0.75
jKm,1,5,6,0.17
jKn,0,1,1,0.0
jKs,1,0,1,1.0
jLB,8,8,16,0.5
jLD,1,0,1,1.0
jLK,3,0,3,1.0
jLL,6,5,11,0.55
jLM,10,14,24,0.42
jLN,7,12,19,0.37
jLP,11,17,28,0.39
jLS,4,7,11,0.36
jLT,0,0,0,
jLb,13,6,19,0.68
jLh,2,4,6,0.33
jLj,7,4,11,0.64
jLl,7,5,12,0.58
jLm,13,10,23,0.57
jLn,8,19,27,0.3
jLs,9,7,16,0.56
jMB,18,21,39,0.46
jMD,2,2,4,0.5
jMH,0,1,1,0.0
jML,1,11,12,0.08
jMM,19,16,35,0.54
jMN,21,23,44,0.48
jMP,27,21,48,0.56
jMS,21,14,35,0.6
jMT,2,0,2,1.0
jMb,37,26,63,0.59
jMh,20,19,39,0.51
jMj,9,9,18,0.5
jMl,10,9,19,0.53
jMm,25,23,48,0.52
jMn,33,36,69,0.48
jMs,23,18,41,0.56
jNB,18,15,33,0.55
jND,5,3,8,0.62
jNH,2,4,6,0.33
jNK,1,0,1,1.0
jNL,10,13,23,0.43
jNM,17,27,44,0.39
jNN,25,27,52,0.48
jNP,44,44,88,0.5
jNS,18,27,45,0.4
jNT,5,4,9,0.56
jNb,22,18,40,0.55
jNh,10,12,22,0.45
jNl,11,13,24,0.46
jNm,22,17,39,0.56
jNn,42,31,73,0.58
jNs,12,18,30,0.4
jPB,21,29,50,0.42
jPD,5,5,10,0.5
jPH,9,9,18,0.5
jPI,6,2,8,0.75
jPK,4,3,7,0.57
jPL,21,18,39,0.54
jPM,32,44,76,0.42
jPN,39,36,75,0.52
jPP,58,64,122,0.48
jPS,25,32,57,0.44
jPT,4,5,9,0.44
jPb,35,42,77,0.45
jPh,5,7,12,0.42
jPl,27,19,46,0.59
jPm,43,34,77,0.56
jPn,49,39,88,0.56
jPs,25,30,55,0.45
jSB,12,12,24,0.5
jSD,4,1,5,0.8
jSH,10,8,18,0.56
jSK,0,0,0,
jSL,7,9,16,0.44
jSM,17,24,41,0.41
jSN,13,16,29,0.45
jSP,29,26,55,0.53
jSS,18,24,42,0.43
jST,2,2,4,0.5
jSb,15,20,35,0.43
jSh,9,17,26,0.35
jSl,13,10,23,0.57
jSm,17,26,43,0.4
jSn,20,28,48,0.42
jSs,19,12,31,0.61
jTB,2,2,4,0.5
jTD,1,1,2,0.5
jTH,4,3,7,0.57
jTI,1,0,1,1.0
jTK,1,2,3,0.33
jTL,6,0,6,1.0
jTM,2,1,3,0.67
jTN,4,3,7,0.57
jTP,11,7,18,0.61
jTS,4,0,4,1.0
jTT,1,1,2,0.5
jTb,2,4,6,0.33
jTl,2,2,4,0.5
jTm,2,4,6,0.33
jTn,3,3,6,0.5
jTs,3,1,4,0.75
jbB,34,22,56,0.61
jbD,2,3,5,0.4
jbH,11,10,21,0.52
jbI,3,3,6,0.5
jbJ,4,4,8,0.5
jbK,1,2,3,0.33
jbL,16,18,34,0.47
jbM,29,47,76,0.38
jbN,34,26,60,0.57
jbP,40,42,82,0.49
jbS,20,18,38,0.53
jbb,31,26,57,0.54
jbl,12,14,26,0.46
jbm,24,22,46,0.52
jbn,21,17,38,0.55
jbs,14,10,24,0.58
jhB,6,1,7,0.86
jhH,1,2,3,0.33
jhL,3,1,4,0.75
jhM,2,2,4,0.5
jhN,3,4,7,0.43
jhP,7,7,14,0.5
jhS,4,3,7,0.57
jhb,6,5,11,0.55
jhh,8,10,18,0.44
jhl,2,4,6,0.33
jhm,3,5,8,0.38
jhn,2,5,7,0.29
jhs,3,3,6,0.5
jlB,3,11,14,0.21
jlD,0,1,1,0.0
jlH,13,11,24,0.54
jlI,0,1,1,0.0
jlJ,6,6,12,0.5
jlK,1,0,1,1.0
jlL,6,2,8,0.75
jlM,9,11,20,0.45
jlN,12,12,24,0.5
jlP,19,12,31,0.61
jlS,13,12,25,0.52
jlb,12,12,24,0.5
jll,6,3,9,0.67
jlm,9,5,14,0.64
jln,9,7,16,0.56
jls,8,6,14,0.57
jmB,16,19,35,0.46
jmD,5,6,11,0.45
jmH,15,12,27,0.56
jmI,4,0,4,1.0
jmJ,5,6,11,0.45
jmK,0,2,2,0.0
jmL,10,13,23,0.43
jmM,10,29,39,0.26
jmN,36,24,60,0.6
jmP,30,30,60,0.5
jmS,15,27,42,0.36
jmb,23,15,38,0.61
jmh,1,0,1,1.0
jml,9,10,19,0.47
jmm,23,18,41,0.56
jmn,19,17,36,0.53
jms,13,13,26,0.5
jnB,17,25,42,0.4
jnD,1,4,5,0.2
jnH,13,13,26,0.5
jnI,2,3,5,0.4
jnK,4,2,6,0.67
jnL,17,9,26,0.65
jnM,26,25,51,0.51
jnN,34,31,65,0.52
jnP,38,30,68,0.56
jnS,17,30,47,0.36
jnb,29,24,53,0.55
jnh,2,1,3,0.67
jnl,16,13,29,0.55
jnm,25,20,45,0.56
jnn,26,29,55,0.47
jns,12,18,30,0.4
jsB,8,9,17,0.47
jsD,2,1,3,0.67
jsH,10,14,24,0.42
jsI,3,4,7,0.43
jsK,0,1,1,0.0
jsL,6,12,18,0.33
jsM,18,8,26,0.69
jsN,11,16,27,0.41
jsP,23,28,51,0.45
jsS,25,14,39,0.64
jsT,1,0,1,1.0
jsb,17,18,35,0.49
jsh,1,3,4,0.25
jsl,5,9,14,0.36
jsm,19,9,28,0.68
jsn,15,15,30,0.5
jss,16,12,28,0.57
lBB,100,109,209,0.48
lBD,12,10,22,0.55
lBH,1,2,3,0.33
lBK,12,15,27,0.44
lBL,38,65,103,0.37
lBM,124,115,239,0.52
lBN,145,160,305,0.48
lBP,177,200,377,0.47
lBS,69,104,173,0.4
lBT,17,17,34,0.5
lBb,139,122,261,0.53
lBh,27,13,40,0.68
lBj,45,49,94,0.48
lBl,72,48,120,0.6
lBm,131,111,242,0.54
lBn,210,157,367,0.57
lBs,71,71,142,0.5
lDB,15,9,24,0.62
lDD,3,2,5,0.6
lDH,11,12,23,0.48
lDI,0,2,2,0.0
lDL,10,6,16,0.62
lDM,14,15,29,0.48
lDN,13,15,28,0.46
lDP,15,13,28,0.54
lDS,6,10,16,0.38
lDT,5,3,8,0.62
lDb,12,9,21,0.57
lDh,0,1,1,0.0
lDl,3,1,4,0.75
lDm,17,9,26,0.65
lDn,12,17,29,0.41
lDs,11,12,23,0.48
lHB,72,78,150,0.48
lHD,13,9,22,0.59
lHH,20,11,31,0.65
lHI,11,8,19,0.58
lHK,6,11,17,0.35
lHL,37,45,82,0.45
lHM,109,103,212,0.51
lHN,101,106,207,0.49
lHP,148,150,298,0.5
lHS,85,78,163,0.52
lHT,11,7,18,0.61
lHb,113,89,202,0.56
lHh,36,56,92,0.39
lHl,49,48,97,0.51
lHm,83,75,158,0.53
lHn,102,124,226,0.45
lHs,78,68,146,0.53
lIB,13,9,22,0.59
lID,1,2,3,0.33
lIH,11,12,23,0.48
lII,0,2,2,0.0
lIL,3,5,8,0.38
lIM,17,16,33,0.52
lIN,20,18,38,0.53
lIP,16,22,38,0.42
lIS,9,10,19,0.47
lIT,0,1,1,0.0
lIb,19,14,33,0.58
lIh,0,0,0,
lIl,8,7,15,0.53
lIm,14,6,20,0.7
lIn,13,6,19,0.68
lIs,12,8,20,0.6
lJB,32,31,63,0.51
lJD,5,4,9,0.56
lJH,22,19,41,0.54
lJI,5,3,8,0.62
lJK,3,4,7,0.43
lJL,20,20,40,0.5
lJM,46,40,86,0.53
lJN,39,48,87,0.45
lJP,66,59,125,0.53
lJS,29,47,76,0.38
lJT,8,4,12,0.67
lJb,45,39,84,0.54
lJh,6,0,6,1.0
lJl,22,23,45,0.49
lJm,38,33,71,0.54
lJn,22,32,54,0.41
lJs,34,33,67,0.51
lKB,6,9,15,0.4
lKD,0,1,1,0.0
lKK,2,1,3,0.67
lKL,3,4,7,0.43
lKM,9,13,22,0.41
lKN,3,3,6,0.5
lKP,10,10,20,0.5
lKS,4,3,7,0.57
lKT,1,0,1,1.0
lKb,8,8,16,0.5
lKh,6,13,19,0.32
lKl,5,2,7,0.71
lKm,11,8,19,0.58
lKn,12,7,19,0.63
lKs,5,3,8,0.62
lLB,47,59,106,0.44
lLD,2,4,6,0.33
lLH,2,1,3,0.67
lLK,4,1,5,0.8
lLL,34,30,64,0.53
lLM,62,84,146,0.42
lLN,89,59,148,0.6
lLP,87,91,178,0.49
lLS,56,55,111,0.5
lLT,15,12,27,0.56
lLb,64,57,121,0.53
lLh,40,31,71,0.56
lLj,31,17,48,0.65
lLl,37,35,72,0.51
lLm,50,48,98,0.51
lLn,105,93,198,0.53
lLs,59,44,103,0.57
lMB,140,114,254,0.55
lMD,18,15,33,0.55
lMI,0,0,0,
lMK,2,1,3,0.67
lML,68,73,141,0.48
lMM,140,160,300,0.47
lMN,144,160,304,0.47
lMP,177,226,403,0.44
lMS,103,139,242,0.43
lMT,16,22,38,0.42
lMb,177,137,314,0.56
lMh,119,129,248,0.48
lMj,54,53,107,0.5
lMl,90,59,149,0.6
lMm,139,125,264,0.53
lMn,238,225,463,0.51
lMs,115,111,226,0.51
lNB,129,121,250,0.52
lND,16,24,40,0.4
lNH,34,28,62,0.55
lNI,2,0,2,1.0
lNK,15,8,23,0.65
lNL,77,87,164,0.47
lNM,169,184,353,0.48
lNN,219,199,418,0.52
lNP,307,313,620,0.5
lNS,132,129,261,0.51
lNT,33,31,64,0.52
lNb,184,168,352,0.52
lNh,48,68,116,0.41
lNl,86,74,160,0.54
lNm,186,126,312,0.6
lNn,265,229,494,0.54
lNs,137,108,245,0.56
lPB,164,208,372,0.44
lPD,18,12,30,0.6
lPH,52,67,119,0.44
lPI,24,12,36,0.67
lPK,21,19,40,0.52
lPL,99,101,200,0.5
lPM,228,237,465,0.49
lPN,222,235,457,0.49
lPP,373,327,700,0.53
lPS,120,162,282,0.43
lPT,25,21,46,0.54
lPb,211,208,419,0.5
lPh,26,18,44,0.59
lPl,125,96,221,0.57
lPm,188,123,311,0.6
lPn,204,186,390,0.52
lPs,143,133,276,0.52
lSB,82,76,158,0.52
lSD,9,9,18,0.5
lSH,39,27,66,0.59
lSI,3,3,6,0.5
lSK,1,2,3,0.33
lSL,46,56,102,0.45
lSM,111,134,245,0.45
lSN,130,117,247,0.53
lSP,157,165,322,0.49
lSS,115,128,243,0.47
lST,26,23,49,0.53
lSb,117,104,221,0.53
lSh,57,82,139,0.41
lSl,56,57,113,0.5
lSm,112,78,190,0.59
lSn,144,115,259,0.56
lSs,123,140,263,0.47
lbB,165,152,317,0.52
lbD,9,8,17,0.53
lbH,42,29,71,0.59
lbI,15,9,24,0.62
lbJ,53,40,93,0.57
lbK,17,14,31,0.55
lbL,84,68,152,0.55
lbM,177,185,362,0.49
lbN,214,219,433,0.49
lbP,236,248,484,0.49
lbS,62,93,155,0.4
lbb,221,203,424,0.52
lbl,84,58,142,0.59
lbm,135,101,236,0.57
lbn,169,141,310,0.55
lbs,73,67,140,0.52
lhB,0,1,1,0.0
lhH,1,0,1,1.0
lhI,0,1,1,0.0
lhM,0,1,1,0.0
lhN,1,0,1,1.0
lhS,2,0,2,1.0
lhT,1,0,1,1.0
lhh,1,0,1,1.0
lhm,1,0,1,1.0
lhn,1,0,1,1.0
llB,76,61,137,0.55
llD,6,5,11,0.55
llH,36,48,84,0.43
llI,5,4,9,0.56
llJ,24,10,34,0.71
llK,1,6,7,0.14
llL,31,31,62,0.5
llM,69,83,152,0.45
llN,78,81,159,0.49
llP,81,86,167,0.49
llS,48,51,99,0.48
llb,85,74,159,0.53
lll,40,27,67,0.6
llm,52,47,99,0.53
lln,57,55,112,0.51
lls,26,43,69,0.38
lmB,118,118,236,0.5
lmD,16,16,32,0.5
lmH,67,91,158,0.42
lmI,11,8,19,0.58
lmJ,19,28,47,0.4
lmK,0,5,5,0.0
lmL,54,49,103,0.52
lmM,134,122,256,0.52
lmN,166,154,320,0.52
lmP,178,152,330,0.54
lmS,71,82,153,0.46
lmb,140,113,253,0.55
lmh,0,1,1,0.0
lml,51,35,86,0.59
lmm,102,90,192,0.53
lmn,120,92,212,0.57
lms,54,36,90,0.6
lnB,99,115,214,0.46
lnD,14,7,21,0.67
lnH,63,66,129,0.49
lnI,15,20,35,0.43
lnK,9,14,23,0.39
lnL,53,60,113,0.47
lnM,140,160,300,0.47
lnN,182,163,345,0.53
lnP,242,251,493,0.49
lnS,89,103,192,0.46
lnT,2,1,3,0.67
lnb,146,117,263,0.56
lnh,0,3,3,0.0
lnl,56,48,104,0.54
lnm,127,108,235,0.54
lnn,150,130,280,0.54
lns,76,77,153,0.5
lsB,59,65,124,0.48
lsD,20,20,40,0.5
lsH,79,86,165,0.48
lsI,7,11,18,0.39
lsK,0,2,2,0.0
lsL,46,44,90,0.51
lsM,97,96,193,0.5
lsN,98,84,182,0.54
lsP,146,117,263,0.56
lsS,107,82,189,0.57
lsT,0,1,1,0.0
lsb,81,85,166,0.49
lsh,3,7,10,0.3
lsl,51,43,94,0.54
lsm,107,59,166,0.64
lsn,92,63,155,0.59
lss,82,71,153,0.54
mBB,240,238,478,0.5
mBD,48,39,87,0.55
mBH,3,2,5,0.6
mBI,1,0,1,1.0
mBK,22,30,52,0.42
mBL,86,106,192,0.45
mBM,243,293,536,0.45
mBN,358,370,728,0.49
mBP,395,348,743,0.53
mBS,217,196,413,0.53
mBT,46,33,79,0.58
mBb,290,258,548,0.53
mBh,40,58,98,0.41
mBj,117,104,221,0.53
mBl,92,100,192,0.48
mBm,286,250,536,0.53
mBn,434,401,835,0.52
mBs,157,157,314,0.5
mDB,45,52,97,0.46
mDD,20,20,40,0.5
mDH,38,49,87,0.44
mDI,5,4,9,0.56
mDK,2,1,3,0.67
mDL,17,24,41,0.41
mDM,76,78,154,0.49
mDN,57,60,117,0.49
mDP,56,64,120,0.47
mDS,58,59,117,0.5
mDT,8,9,17,0.47
mDb,35,54,89,0.39
mDh,3,4,7,0.43
mDl,14,26,40,0.35
mDm,84,62,146,0.58
mDn,46,50,96,0.48
mDs,47,27,74,0.64
mHB,197,200,397,0.5
mHD,35,27,62,0.56
mHH,31,37,68,0.46
mHI,21,22,43,0.49
mHK,21,12,33,0.64
mHL,76,81,157,0.48
mHM,251,272,523,0.48
mHN,233,270,503,0.46
mHP,354,356,710,0.5
mHS,194,156,350,0.55
mHT,22,17,39,0.56
mHb,213,226,439,0.49
mHh,114,122,236,0.48
mHl,115,102,217,0.53
mHm,251,222,473,0.53
mHn,322,249,571,0.56
mHs,198,189,387,0.51
mIB,23,14,37,0.62
mID,10,6,16,0.62
mIH,14,18,32,0.44
mII,5,1,6,0.83
mIK,2,1,3,0.67
mIL,17,11,28,0.61
mIM,18,31,49,0.37
mIN,44,28,72,0.61
mIP,48,44,92,0.52
mIS,16,18,34,0.47
mIb,34,31,65,0.52
mIh,0,1,1,0.0
mIl,7,6,13,0.54
mIm,20,17,37,0.54
mIn,31,36,67,0.46
mIs,23,16,39,0.59
mJB,60,43,103,0.58
mJD,6,2,8,0.75
mJH,34,28,62,0.55
mJI,7,7,14,0.5
mJK,9,7,16,0.56
mJL,32,33,65,0.49
mJM,63,81,144,0.44
mJN,84,68,152,0.55
mJP,111,106,217,0.51
mJS,46,46,92,0.5
mJT,15,8,23,0.65
mJb,86,58,144,0.6
mJh,3,5,8,0.38
mJl,28,27,55,0.51
mJm,66,66,132,0.5
mJn,59,77,136,0.43
mJs,56,45,101,0.55
mKB,4,4,8,0.5
mKD,1,1,2,0.5
mKH,0,0,0,
mKI,2,3,5,0.4
mKL,1,3,4,0.25
mKM,7,5,12,0.58
mKN,3,2,5,0.6
mKP,5,5,10,0.5
mKS,2,10,12,0.17
mKT,2,0,2,1.0
mKb,7,5,12,0.58
mKh,3,7,10,0.3
mKl,6,5,11,0.55
mKm,8,6,14,0.57
mKn,5,5,10,0.5
mKs,6,1,7,0.86
mLB,100,82,182,0.55
mLD,12,13,25,0.48
mLH,1,3,4,0.25
mLI,1,0,1,1.0
mLK,4,10,14,0.29
mLL,42,47,89,0.47
mLM,124,144,268,0.46
mLN,128,130,258,0.5
mLP,151,158,309,0.49
mLS,79,108,187,0.42
mLT,14,15,29,0.48
mLb,97,103,200,0.48
mLh,57,76,133,0.43
mLj,30,45,75,0.4
mLl,48,46,94,0.51
mLm,132,89,221,0.6
mLn,168,160,328,0.51
mLs,86,82,168,0.51
mMB,271,288,559,0.48
mMD,59,41,100,0.59
mMH,4,1,5,0.8
mMI,3,2,5,0.6
mMK,5,4,9,0.56
mML,86,99,185,0.46
mMM,336,351,687,0.49
mMN,393,416,809,0.49
mMP,400,455,855,0.47
mMS,236,262,498,0.47
mMT,41,49,90,0.46
mMb,334,307,641,0.52
mMh,311,310,621,0.5
mMj,122,95,217,0.56
mMl,131,119,250,0.52
mMm,398,318,716,0.56
mMn,530,540,1070,0.5
mMs,265,223,488,0.54
mNB,289,278,567,0.51
mND,61,38,99,0.62
mNH,83,77,160,0.52
mNI,5,3,8,0.62
mNK,35,34,69,0.51
mNL,129,121,250,0.52
mNM,356,421,777,0.46
mNN,508,526,1034,0.49
mNP,619,638,1257,0.49
mNS,336,344,680,0.49
mNT,91,68,159,0.57
mNb,358,320,678,0.53
mNh,112,109,221,0.51
mNl,135,137,272,0.5
mNm,356,301,657,0.54
mNn,642,589,1231,0.52
mNs,296,283,579,0.51
mPB,346,365,711,0.49
mPD,46,45,91,0.51
mPH,116,113,229,0.51
mPI,35,30,65,0.54
mPK,36,43,79,0.46
mPL,169,170,339,0.5
mPM,392,512,904,0.43
mPN,492,486,978,0.5
mPP,690,673,1363,0.51
mPS,305,306,611,0.5
mPT,52,55,107,0.49
mPb,426,419,845,0.5
mPh,47,42,89,0.53
mPl,151,181,332,0.45
mPm,385,334,719,0.54
mPn,473,442,915,0.52
mPs,306,257,563,0.54
mSB,145,183,328,0.44
mSD,48,27,75,0.64
mSH,75,98,173,0.43
mSI,8,4,12,0.67
mSK,5,2,7,0.71
mSL,67,61,128,0.52
mSM,217,256,473,0.46
mSN,228,237,465,0.49
mSP,315,277,592,0.53
mSS,229,276,505,0.45
mST,69,42,111,0.62
mSb,225,186,411,0.55
mSh,122,168,290,0.42
mSl,96,73,169,0.57
mSm,233,193,426,0.55
mSn,280,268,548,0.51
mSs,247,246,493,0.5
mTB,0,1,1,0.0
mTD,0,1,1,0.0
mTM,1,0,1,1.0
mTN,3,0,3,1.0
mTP,0,1,1,0.0
mTS,1,1,2,0.5
mTT,1,1,2,0.5
mTb,1,2,3,0.33
mbB,339,330,669,0.51
mbD,34,29,63,0.54
mbH,90,71,161,0.56
mbI,41,26,67,0.61
mbJ,118,95,213,0.55
mbK,30,31,61,0.49
mbL,119,120,239,0.5
mbM,357,367,724,0.49
mbN,457,423,880,0.52
mbP,450,418,868,0.52
mbS,163,165,328,0.5
mbT,0,1,1,0.0
mbb,442,326,768,0.58
mbl,106,105,211,0.5
mbm,288,221,509,0.57
mbn,372,353,725,0.51
mbs,121,111,232,0.52
mhB,2,2,4,0.5
mhI,2,2,4,0.5
mhM,0,2,2,0.0
mhN,0,2,2,0.0
mhP,0,3,3,0.0
mhS,0,3,3,0.0
mhb,4,1,5,0.8
mhh,0,1,1,0.0
mhl,1,1,2,0.5
mhm,3,2,5,0.6
mhn,4,3,7,0.57
mhs,2,2,4,0.5
mlB,111,105,216,0.51
mlD,12,7,19,0.63
mlH,68,58,126,0.54
mlI,5,14,19,0.26
mlJ,33,29,62,0.53
mlK,3,1,4,0.75
mlL,45,39,84,0.54
mlM,112,125,237,0.47
mlN,126,124,250,0.5
mlP,149,120,269,0.55
mlS,84,76,160,0.52
mlb,128,100,228,0.56
mlh,1,1,2,0.5
mll,34,36,70,0.49
mlm,93,75,168,0.55
mln,76,85,161,0.47
mls,50,36,86,0.58
mmB,280,268,548,0.51
mmD,72,44,116,0.62
mmH,195,196,391,0.5
mmI,20,24,44,0.45
mmJ,58,59,117,0.5
mmK,8,5,13,0.62
mmL,94,90,184,0.51
mmM,283,309,592,0.48
mmN,357,359,716,0.5
mmP,366,330,696,0.53
mmS,176,178,354,0.5
mmT,2,0,2,1.0
mmb,322,276,598,0.54
mmh,2,3,5,0.4
mml,78,52,130,0.6
mmm,300,207,507,0.59
mmn,307,268,575,0.53
mms,142,107,249,0.57
mnB,254,265,519,0.49
mnD,40,41,81,0.49
mnH,183,160,343,0.53
mnI,54,32,86,0.63
mnK,21,19,40,0.52
mnL,98,92,190,0.52
mnM,323,327,650,0.5
mnN,455,442,897,0.51
mnP,467,492,959,0.49
mnS,229,216,445,0.51
mnT,2,2,4,0.5
mnb,326,282,608,0.54
mnh,6,9,15,0.4
mnl,92,87,179,0.51
mnm,291,218,509,0.57
mnn,382,344,726,0.53
mns,194,193,387,0.5
msB,111,116,227,0.49
msD,37,29,66,0.56
msH,139,142,281,0.49
msI,25,13,38,0.66
msK,4,5,9,0.44
msL,55,55,110,0.5
msM,147,174,321,0.46
msN,173,203,376,0.46
msP,207,221,428,0.48
msS,192,182,374,0.51
msT,3,2,5,0.6
msb,144,135,279,0.52
msh,7,10,17,0.41
msl,54,43,97,0.56
msm,177,146,323,0.55
msn,176,157,333,0.53
mss,133,129,262,0.51
n,0,1,1,0.0
nBB,291,277,568,0.51
nBD,32,37,69,0.46
nBH,2,2,4,0.5
nBK,26,26,52,0.5
nBL,91,120,211,0.43
nBM,233,321,554,0.42
nBN,340,381,721,0.47
nBP,420,382,802,0.52
nBS,168,196,364,0.46
nBT,41,36,77,0.53
nBb,293,295,588,0.5
nBh,27,44,71,0.38
nBj,120,117,237,0.51
nBl,129,118,247,0.52
nBm,294,255,549,0.54
nBn,475,426,901,0.53
nBs,156,188,344,0.45
nDB,28,30,58,0.48
nDD,15,18,33,0.45
nDH,45,38,83,0.54
nDI,4,2,6,0.67
nDK,0,0,0,
nDL,21,20,41,0.51
nDM,56,62,118,0.47
nDN,40,49,89,0.45
nDP,68,53,121,0.56
nDS,57,57,114,0.5
nDT,11,9,20,0.55
nDb,52,49,101,0.51
nDh,1,3,4,0.25
nDl,13,12,25,0.52
nDm,49,44,93,0.53
nDn,55,47,102,0.54
nDs,45,35,80,0.56
nHB,147,151,298,0.49
nHD,25,30,55,0.45
nHH,44,36,80,0.55
nHI,22,24,46,0.48
nHK,19,21,40,0.48
nHL,84,63,147,0.57
nHM,178,208,386,0.46
nHN,274,256,530,0.52
nHP,333,323,656,0.51
nHS,154,185,339,0.45
nHT,14,10,24,0.58
nHb,209,165,374,0.56
nHh,101,101,202,0.5
nHl,107,82,189,0.57
nHm,218,175,393,0.55
nHn,300,242,542,0.55
nHs,174,187,361,0.48
nIB,48,52,100,0.48
nID,12,9,21,0.57
nIH,40,41,81,0.49
nII,10,9,19,0.53
nIK,1,1,2,0.5
nIL,20,24,44,0.45
nIM,50,64,114,0.44
nIN,59,66,125,0.47
nIP,109,68,177,0.62
nIS,55,51,106,0.52
nIT,8,5,13,0.62
nIb,49,58,107,0.46
nIh,0,2,2,0.0
nIl,24,14,38,0.63
nIm,69,49,118,0.58
nIn,63,74,137,0.46
nIs,33,37,70,0.47
nKB,21,17,38,0.55
nKD,9,7,16,0.56
nKH,4,6,10,0.4
nKI,6,3,9,0.67
nKK,2,2,4,0.5
nKL,10,8,18,0.56
nKM,30,50,80,0.38
nKN,31,39,70,0.44
nKP,49,59,108,0.45
nKS,28,28,56,0.5
nKT,4,2,6,0.67
nKb,33,30,63,0.52
nKh,33,38,71,0.46
nKl,21,18,39,0.54
nKm,44,26,70,0.63
nKn,48,39,87,0.55
nKs,36,28,64,0.56
nLB,119,117,236,0.5
nLD,9,13,22,0.41
nLH,3,2,5,0.6
nLK,10,13,23,0.43
nLL,63,61,124,0.51
nLM,129,153,282,0.46
nLN,151,149,300,0.5
nLP,193,205,398,0.48
nLS,96,105,201,0.48
nLT,22,21,43,0.51
nLb,122,154,276,0.44
nLh,53,76,129,0.41
nLj,63,49,112,0.56
nLl,68,65,133,0.51
nLm,141,106,247,0.57
nLn,225,195,420,0.54
nLs,107,101,208,0.51
nMB,327,364,691,0.47
nMD,44,43,87,0.51
nMH,1,1,2,0.5
nMI,1,0,1,1.0
nMK,5,1,6,0.83
nML,119,135,254,0.47
nMM,324,414,738,0.44
nMN,439,432,871,0.5
nMP,501,509,1010,0.5
nMS,251,290,541,0.46
nMT,60,45,105,0.57
nMb,379,382,761,0.5
nMh,307,348,655,0.47
nMj,138,122,260,0.53
nMl,178,162,340,0.52
nMm,417,325,742,0.56
nMn,614,603,1217,0.5
nMs,280,293,573,0.49
nNB,385,381,766,0.5
nND,61,67,128,0.48
nNH,92,98,190,0.48
nNI,5,4,9,0.56
nNK,39,50,89,0.44
nNL,180,187,367,0.49
nNM,483,586,1069,0.45
nNN,686,696,1382,0.5
nNP,908,867,1775,0.51
nNS,434,465,899,0.48
nNT,104,103,207,0.5
nNb,474,437,911,0.52
nNh,175,210,385,0.45
nNl,216,180,396,0.55
nNm,533,424,957,0.56
nNn,839,858,1697,0.49
nNs,412,424,836,0.49
nPB,511,478,989,0.52
nPD,63,70,133,0.47
nPH,214,223,437,0.49
nPI,69,63,132,0.52
nPK,65,63,128,0.51
nPL,288,303,591,0.49
nPM,585,698,1283,0.46
nPN,777,738,1515,0.51
nPP,1168,1025,2193,0.53
nPS,528,531,1059,0.5
nPT,84,88,172,0.49
nPb,680,584,1264,0.54
nPh,85,78,163,0.52
nPl,330,305,635,0.52
nPm,664,455,1119,0.59
nPn,739,716,1455,0.51
nPs,487,484,971,0.5
nSB,216,202,418,0.52
nSD,42,41,83,0.51
nSH,109,130,239,0.46
nSI,10,4,14,0.71
nSK,10,9,19,0.53
nSL,100,125,225,0.44
nSM,313,340,653,0.48
nSN,338,325,663,0.51
nSP,468,466,934,0.5
nSS,372,401,773,0.48
nST,86,57,143,0.6
nSb,285,242,527,0.54
nSh,230,217,447,0.51
nSl,131,128,259,0.51
nSm,340,276,616,0.55
nSn,414,420,834,0.5
nSs,342,315,657,0.52
nTB,2,2,4,0.5
nTH,1,0,1,1.0
nTM,1,4,5,0.2
nTN,5,2,7,0.71
nTP,2,2,4,0.5
nTS,0,1,1,0.0
nTT,1,1,2,0.5
nTb,1,1,2,0.5
nTh,1,0,1,1.0
nTl,0,1,1,0.0
nTm,4,1,5,0.8
nTn,3,2,5,0.6
nTs,0,1,1,0.0
nbB,387,328,715,0.54
nbD,35,25,60,0.58
nbH,116,85,201,0.58
nbI,40,35,75,0.53
nbJ,117,118,235,0.5
nbK,58,54,112,0.52
nbL,143,163,306,0.47
nbM,403,470,873,0.46
nbN,553,562,1115,0.5
nbP,532,505,1037,0.51
nbS,251,246,497,0.51
nbT,1,0,1,1.0
nbb,454,406,860,0.53
nbh,2,1,3,0.67
nbl,154,125,279,0.55
nbm,342,234,576,0.59
nbn,480,401,881,0.54
nbs,198,176,374,0.53
nhB,14,11,25,0.56
nhD,1,1,2,0.5
nhH,5,3,8,0.62
nhI,2,0,2,1.0
nhL,16,7,23,0.7
nhM,17,16,33,0.52
nhN,20,16,36,0.56
nhP,27,16,43,0.63
nhS,22,8,30,0.73
nhT,3,0,3,1.0
nhb,20,22,42,0.48
nhh,22,13,35,0.63
nhl,9,11,20,0.45
nhm,16,23,39,0.41
nhn,17,24,41,0.41
nhs,16,18,34,0.47
nl,1,0,1,1.0
nlB,110,130,240,0.46
nlD,18,15,33,0.55
nlH,114,106,220,0.52
nlI,12,13,25,0.48
nlJ,40,54,94,0.43
nlK,4,7,11,0.36
nlL,56,81,137,0.41
nlM,161,161,322,0.5
nlN,215,199,414,0.52
nlP,239,219,458,0.52
nlS,107,117,224,0.48
nlb,178,153,331,0.54
nlh,0,1,1,0.0
nll,66,65,131,0.5
nlm,138,81,219,0.63
nln,169,125,294,0.57
nls,93,79,172,0.54
nmB,295,292,587,0.5
nmD,52,70,122,0.43
nmH,230,269,499,0.46
nmI,30,26,56,0.54
nmJ,74,78,152,0.49
nmK,6,2,8,0.75
nmL,114,108,222,0.51
nmM,405,386,791,0.51
nmN,447,444,891,0.5
nmP,493,433,926,0.53
nmS,245,240,485,0.51
nmT,1,0,1,1.0
nmb,362,324,686,0.53
nmh,0,2,2,0.0
nml,115,97,212,0.54
nmm,271,241,512,0.53
nmn,388,320,708,0.55
nms,159,164,323,0.49
nnB,342,326,668,0.51
nnD,55,61,116,0.47
nnH,234,244,478,0.49
nnI,72,58,130,0.55
nnK,36,47,83,0.43
nnL,178,151,329,0.54
nnM,471,503,974,0.48
nnN,645,699,1344,0.48
nnP,831,776,1607,0.52
nnS,370,394,764,0.48
nnT,3,3,6,0.5
nnb,460,401,861,0.53
nnh,21,28,49,0.43
nnl,177,163,340,0.52
nnm,422,302,724,0.58
nnn,596,537,1133,0.53
nns,360,321,681,0.53
nsB,187,156,343,0.55
nsD,48,40,88,0.55
nsH,261,293,554,0.47
nsI,38,32,70,0.54
nsK,7,2,9,0.78
nsL,114,90,204,0.56
nsM,277,290,567,0.49
nsN,334,334,668,0.5
nsP,429,378,807,0.53
nsS,332,315,647,0.51
nsT,3,1,4,0.75
nsb,268,225,493,0.54
nsh,14,13,27,0.52
nsl,132,101,233,0.57
nsm,274,200,474,0.58
nsn,319,282,601,0.53
nss,259,257,516,0.5
sBB,137,128,265,0.52
sBD,23,22,45,0.51
sBH,1,0,1,1.0
sBK,16,14,30,0.53
sBL,58,58,116,0.5
sBM,146,169,315,0.46
sBN,177,171,348,0.51
sBP,223,224,447,0.5
sBS,99,113,212,0.47
sBT,20,18,38,0.53
sBb,151,154,305,0.5
sBh,23,24,47,0.49
sBj,63,66,129,0.49
sBl,54,81,135,0.4
sBm,165,145,310,0.53
sBn,207,221,428,0.48
sBs,100,92,192,0.52
sDB,21,34,55,0.38
sDD,19,12,31,0.61
sDH,32,47,79,0.41
sDI,2,3,5,0.4
sDK,0,1,1,0.0
sDL,10,15,25,0.4
sDM,41,42,83,0.49
sDN,49,36,85,0.58
sDP,41,51,92,0.45
sDS,42,43,85,0.49
sDT,9,2,11,0.82
sDb,47,27,74,0.64
sDh,3,1,4,0.75
sDl,9,13,22,0.41
sDm,46,31,77,0.6
sDn,33,25,58,0.57
sDs,39,30,69,0.57
sHB,151,166,317,0.48
sHD,28,30,58,0.48
sHH,58,43,101,0.57
sHI,31,25,56,0.55
sHK,16,21,37,0.43
sHL,71,86,157,0.45
sHM,210,261,471,0.45
sHN,230,243,473,0.49
sHP,328,266,594,0.55
sHS,222,238,460,0.48
sHT,16,16,32,0.5
sHb,210,194,404,0.52
sHh,145,155,300,0.48
sHl,103,101,204,0.5
sHm,242,181,423,0.57
sHn,275,269,544,0.51
sHs,225,223,448,0.5
sIB,21,25,46,0.46
sID,7,5,12,0.58
sIH,29,23,52,0.56
sII,7,3,10,0.7
sIK,0,0,0,
sIL,11,15,26,0.42
sIM,38,42,80,0.48
sIN,42,38,80,0.52
sIP,35,46,81,0.43
sIS,39,39,78,0.5
sIT,1,2,3,0.33
sIb,29,19,48,0.6
sIh,0,1,1,0.0
sIl,14,9,23,0.61
sIm,38,26,64,0.59
sIn,26,24,50,0.52
sIs,26,38,64,0.41
sKB,4,6,10,0.4
sKD,0,1,1,0.0
sKH,1,0,1,1.0
sKI,0,0,0,
sKK,0,0,0,
sKL,6,3,9,0.67
sKM,5,9,14,0.36
sKN,2,3,5,0.4
sKP,11,6,17,0.65
sKS,6,6,12,0.5
sKT,0,1,1,0.0
sKb,7,6,13,0.54
sKh,5,11,16,0.31
sKl,2,3,5,0.4
sKm,9,10,19,0.47
sKn,5,8,13,0.38
sKs,7,7,14,0.5
sLB,84,79,163,0.52
sLD,7,8,15,0.47
sLH,1,1,2,0.5
sLI,0,1,1,0.0
sLK,9,6,15,0.6
sLL,22,56,78,0.28
sLM,81,90,171,0.47
sLN,83,86,169,0.49
sLP,120,121,241,0.5
sLS,57,97,154,0.37
sLT,13,10,23,0.57
sLb,87,82,169,0.51
sLh,50,45,95,0.53
sLj,30,28,58,0.52
sLl,53,64,117,0.45
sLm,93,78,171,0.54
sLn,125,117,242,0.52
sLs,80,70,150,0.53
sMB,194,215,409,0.47
sMD,30,26,56,0.54
sMH,6,3,9,0.67
sMI,1,0,1,1.0
sMK,1,4,5,0.2
sML,95,83,178,0.53
sMM,212,240,452,0.47
sMN,241,226,467,0.52
sMP,284,297,581,0.49
sMS,180,189,369,0.49
sMT,27,29,56,0.48
sMb,221,223,444,0.5
sMh,179,217,396,0.45
sMj,69,73,142,0.49
sMl,106,91,197,0.54
sMm,267,242,509,0.52
sMn,328,320,648,0.51
sMs,174,192,366,0.48
sNB,208,187,395,0.53
sND,37,24,61,0.61
sNH,45,52,97,0.46
sNI,3,2,5,0.6
sNK,22,26,48,0.46
sNL,98,120,218,0.45
sNM,217,257,474,0.46
sNN,316,300,616,0.51
sNP,439,435,874,0.5
sNS,218,233,451,0.48
sNT,54,63,117,0.46
sNb,247,195,442,0.56
sNh,74,83,157,0.47
sNl,87,102,189,0.46
sNm,236,208,444,0.53
sNn,372,328,700,0.53
sNs,256,242,498,0.51
sPB,261,259,520,0.5
sPD,36,32,68,0.53
sPH,102,119,221,0.46
sPI,37,30,67,0.55
sPK,32,47,79,0.41
sPL,152,170,322,0.47
sPM,293,350,643,0.46
sPN,353,368,721,0.49
sPP,555,534,1089,0.51
sPS,283,317,600,0.47
sPT,52,37,89,0.58
sPb,330,336,666,0.5
sPh,44,43,87,0.51
sPl,166,164,330,0.5
sPm,372,268,640,0.58
sPn,345,345,690,0.5
sPs,283,312,595,0.48
sSB,179,183,362,0.49
sSD,42,54,96,0.44
sSH,104,113,217,0.48
sSI,17,5,22,0.77
sSK,11,10,21,0.52
sSL,126,110,236,0.53
sSM,235,311,546,0.43
sSN,249,280,529,0.47
sSP,363,381,744,0.49
sSS,373,406,779,0.48
sST,54,51,105,0.51
sSb,215,183,398,0.54
sSh,188,210,398,0.47
sSl,128,106,234,0.55
sSm,289,230,519,0.56
sSn,308,318,626,0.49
sSs,398,362,760,0.52
sTB,3,3,6,0.5
sTD,1,1,2,0.5
sTH,2,1,3,0.67
sTK,0,1,1,0.0
sTL,1,2,3,0.33
sTM,5,3,8,0.62
sTN,3,2,5,0.6
sTP,5,2,7,0.71
sTS,4,2,6,0.67
sTT,0,1,1,0.0
sTb,2,2,4,0.5
sTl,3,1,4,0.75
sTm,5,0,5,1.0
sTn,3,2,5,0.6
sTs,1,2,3,0.33
sbB,203,186,389,0.52
sbD,22,15,37,0.59
sbH,60,43,103,0.58
sbI,19,18,37,0.51
sbJ,81,68,149,0.54
sbK,24,24,48,0.5
sbL,94,87,181,0.52
sbM,270,226,496,0.54
sbN,295,282,577,0.51
sbP,313,278,591,0.53
sbS,120,138,258,0.47
sbb,297,221,518,0.57
sbh,1,0,1,1.0
sbl,89,87,176,0.51
sbm,208,138,346,0.6
sbn,243,200,443,0.55
sbs,117,107,224,0.52
shB,10,12,22,0.45
shD,2,1,3,0.67
shH,3,3,6,0.5
shI,1,0,1,1.0
shK,1,1,2,0.5
shL,4,6,10,0.4
shM,9,17,26,0.35
shN,9,18,27,0.33
shP,20,19,39,0.51
shS,9,19,28,0.32
shT,2,3,5,0.4
shb,13,11,24,0.54
shh,17,12,29,0.59
shl,7,4,11,0.64
shm,25,17,42,0.6
shn,6,14,20,0.3
shs,15,12,27,0.56
slB,88,89,177,0.5
slD,10,3,13,0.77
slH,49,69,118,0.42
slI,13,6,19,0.68
slJ,39,26,65,0.6
slK,8,4,12,0.67
slL,41,52,93,0.44
slM,110,113,223,0.49
slN,131,132,263,0.5
slP,135,129,264,0.51
slS,80,70,150,0.53
slb,104,101,205,0.51
sll,54,61,115,0.47
slm,95,68,163,0.58
sln,113,88,201,0.56
sls,68,71,139,0.49
smB,214,196,410,0.52
smD,52,39,91,0.57
smH,175,172,347,0.5
smI,23,20,43,0.53
smJ,36,54,90,0.4
smK,3,6,9,0.33
smL,90,91,181,0.5
smM,233,266,499,0.47
smN,260,291,551,0.47
smP,273,265,538,0.51
smS,189,194,383,0.49
smb,219,191,410,0.53
smh,0,2,2,0.0
sml,81,63,144,0.56
smm,236,172,408,0.58
smn,211,203,414,0.51
sms,154,111,265,0.58
snB,137,169,306,0.45
snD,40,24,64,0.62
snH,114,127,241,0.47
snI,44,34,78,0.56
snK,18,20,38,0.47
snL,75,86,161,0.47
snM,213,242,455,0.47
snN,313,316,629,0.5
snP,321,351,672,0.48
snS,196,210,406,0.48
snT,1,3,4,0.25
snb,214,182,396,0.54
snh,7,3,10,0.7
snl,98,82,180,0.54
snm,197,183,380,0.52
snn,266,224,490,0.54
sns,185,146,331,0.56
ssB,141,137,278,0.51
ssD,52,37,89,0.58
ssH,193,228,421,0.46
ssI,45,30,75,0.6
ssK,7,5,12,0.58
ssL,78,77,155,0.5
ssM,207,222,429,0.48
ssN,226,218,444,0.51
ssP,260,296,556,0.47
ssS,331,285,616,0.54
ssT,1,6,7,0.14
ssb,210,186,396,0.53
ssh,15,10,25,0.6
ssl,127,89,216,0.59
ssm,227,148,375,0.61
ssn,216,173,389,0.56
sss,254,243,497,0.51
