candlestick_code5,label_increase,label_decrease,occurrence,percentage
BBBBB,161,184,345,0.47
BBBBD,74,88,162,0.46
BBBBN,157,194,351,0.45
BBBBb,197,206,403,0.49
BBBBn,164,205,369,0.44
BBBDB,96,97,193,0.5
BBBDD,60,51,111,0.54
BBBDN,74,114,188,0.39
BBBDb,104,95,199,0.52
BBBDn,111,109,220,0.5
BBBNB,167,160,327,0.51
BBBND,114,99,213,0.54
BBBNN,155,190,345,0.45
BBBNb,171,188,359,0.48
BBBNn,190,200,390,0.49
BBBbB,184,202,386,0.48
BBBbD,106,103,209,0.51
BBBbN,208,186,394,0.53
BBBbb,187,177,364,0.51
BBBbn,228,240,468,0.49
BBBnB,162,166,328,0.49
BBBnD,103,99,202,0.51
BBBnN,208,185,393,0.53
BBBnb,199,181,380,0.52
BBBnn,173,212,385,0.45
BBDBB,99,88,187,0.53
BBDBD,52,63,115,0.45
BBDBN,101,123,224,0.45
BBDBb,123,100,223,0.55
BBDBn,98,111,209,0.47
BBDDB,62,76,138,0.45
BBDDD,42,45,87,0.48
BBDDN,63,75,138,0.46
BBDDb,73,56,129,0.57
BBDDn,51,62,113,0.45
BBDNB,88,104,192,0.46
BBDND,70,69,139,0.5
BBDNN,98,113,211,0.46
BBDNb,106,101,207,0.51
BBDNn,114,105,219,0.52
BBDbB,106,128,234,0.45
BBDbD,65,86,151,0.43
BBDbN,119,141,260,0.46
BBDbb,113,115,228,0.5
BBDbn,124,102,226,0.55
BBDnB,111,95,206,0.54
BBDnD,86,69,155,0.55
BBDnN,103,124,227,0.45
BBDnb,122,110,232,0.53
BBDnn,98,111,209,0.47
BBNBB,161,163,324,0.5
BBNBD,76,78,154,0.49
BBNBN,177,160,337,0.53
BBNBb,186,160,346,0.54
BBNBn,179,161,340,0.53
BBNDB,93,121,214,0.43
BBNDD,77,73,150,0.51
BBNDN,112,132,244,0.46
BBNDb,122,101,223,0.55
BBNDn,118,131,249,0.47
BBNNB,161,181,342,0.47
BBNND,106,123,229,0.46
BBNNN,206,212,418,0.49
BBNNb,197,183,380,0.52
BBNNn,191,218,409,0.47
BBNbB,152,189,341,0.45
BBNbD,127,105,232,0.55
BBNbN,197,203,400,0.49
BBNbb,209,159,368,0.57
BBNbn,192,205,397,0.48
BBNnB,173,160,333,0.52
BBNnD,132,136,268,0.49
BBNnN,238,235,473,0.5
BBNnb,207,187,394,0.53
BBNnn,238,229,467,0.51
BBbBB,143,157,300,0.48
BBbBD,121,112,233,0.52
BBbBN,202,231,433,0.47
BBbBb,186,191,377,0.49
BBbBn,213,227,440,0.48
BBbDB,109,130,239,0.46
BBbDD,71,70,141,0.5
BBbDN,125,112,237,0.53
BBbDb,99,108,207,0.48
BBbDn,137,127,264,0.52
BBbNB,151,143,294,0.51
BBbND,147,133,280,0.52
BBbNN,236,236,472,0.5
BBbNb,186,184,370,0.5
BBbNn,269,278,547,0.49
BBbbB,192,220,412,0.47
BBbbD,114,108,222,0.51
BBbbN,196,204,400,0.49
BBbbb,182,157,339,0.54
BBbbn,222,199,421,0.53
BBbnB,172,175,347,0.5
BBbnD,133,124,257,0.52
BBbnN,249,253,502,0.5
BBbnb,197,193,390,0.51
BBbnn,237,234,471,0.5
BBnBB,160,168,328,0.49
BBnBD,93,107,200,0.46
BBnBN,184,185,369,0.5
BBnBb,162,164,326,0.5
BBnBn,179,195,374,0.48
BBnDB,114,104,218,0.52
BBnDD,81,79,160,0.51
BBnDN,121,124,245,0.49
BBnDb,139,103,242,0.57
BBnDn,123,140,263,0.47
BBnNB,187,159,346,0.54
BBnND,133,134,267,0.5
BBnNN,245,266,511,0.48
BBnNb,222,190,412,0.54
BBnNn,214,244,458,0.47
BBnbB,189,181,370,0.51
BBnbD,96,108,204,0.47
BBnbN,197,205,402,0.49
BBnbb,190,160,350,0.54
BBnbn,203,183,386,0.53
BBnnB,165,177,342,0.48
BBnnD,130,150,280,0.46
BBnnN,208,237,445,0.47
BBnnb,200,180,380,0.53
BBnnn,216,238,454,0.48
BDBBB,109,107,216,0.5
BDBBD,55,64,119,0.46
BDBBN,97,89,186,0.52
BDBBb,130,125,255,0.51
BDBBn,98,102,200,0.49
BDBDB,57,60,117,0.49
BDBDD,38,58,96,0.4
BDBDN,58,49,107,0.54
BDBDb,71,68,139,0.51
BDBDn,66,67,133,0.5
BDBNB,82,101,183,0.45
BDBND,60,60,120,0.5
BDBNN,113,103,216,0.52
BDBNb,130,104,234,0.56
BDBNn,128,113,241,0.53
BDBbB,119,136,255,0.47
BDBbD,77,64,141,0.55
BDBbN,116,120,236,0.49
BDBbb,127,114,241,0.53
BDBbn,110,112,222,0.5
BDBnB,100,100,200,0.5
BDBnD,62,68,130,0.48
BDBnN,126,114,240,0.52
BDBnb,119,103,222,0.54
BDBnn,121,128,249,0.49
BDDBB,72,69,141,0.51
BDDBD,50,49,99,0.51
BDDBN,61,74,135,0.45
BDDBb,93,78,171,0.54
BDDBn,71,75,146,0.49
BDDDB,62,62,124,0.5
BDDDD,48,52,100,0.48
BDDDN,51,60,111,0.46
BDDDb,60,52,112,0.54
BDDDn,56,47,103,0.54
BDDNB,76,76,152,0.5
BDDND,49,55,104,0.47
BDDNN,68,68,136,0.5
BDDNb,92,97,189,0.49
BDDNn,86,80,166,0.52
BDDbB,86,102,188,0.46
BDDbD,56,69,125,0.45
BDDbN,82,83,165,0.5
BDDbb,90,84,174,0.52
BDDbn,83,70,153,0.54
BDDnB,62,68,130,0.48
BDDnD,58,61,119,0.49
BDDnN,83,75,158,0.53
BDDnb,91,67,158,0.58
BDDnn,70,87,157,0.45
BDNBB,108,110,218,0.5
BDNBD,55,59,114,0.48
BDNBN,108,103,211,0.51
BDNBb,111,123,234,0.47
BDNBn,110,104,214,0.51
BDNDB,73,53,126,0.58
BDNDD,53,61,114,0.46
BDNDN,92,85,177,0.52
BDNDb,92,81,173,0.53
BDNDn,86,86,172,0.5
BDNNB,106,112,218,0.49
BDNND,76,99,175,0.43
BDNNN,141,129,270,0.52
BDNNb,130,119,249,0.52
BDNNn,120,117,237,0.51
BDNbB,113,103,216,0.52
BDNbD,73,68,141,0.52
BDNbN,97,123,220,0.44
BDNbb,134,119,253,0.53
BDNbn,126,125,251,0.5
BDNnB,115,125,240,0.48
BDNnD,76,97,173,0.44
BDNnN,112,150,262,0.43
BDNnb,122,121,243,0.5
BDNnn,135,127,262,0.52
BDbBB,123,120,243,0.51
BDbBD,83,93,176,0.47
BDbBN,123,131,254,0.48
BDbBb,153,130,283,0.54
BDbBn,148,123,271,0.55
BDbDB,80,87,167,0.48
BDbDD,51,52,103,0.5
BDbDN,64,77,141,0.45
BDbDb,95,83,178,0.53
BDbDn,79,74,153,0.52
BDbNB,104,136,240,0.43
BDbND,78,80,158,0.49
BDbNN,121,150,271,0.45
BDbNb,130,106,236,0.55
BDbNn,148,148,296,0.5
BDbbB,133,129,262,0.51
BDbbD,59,74,133,0.44
BDbbN,123,129,252,0.49
BDbbb,150,105,255,0.59
BDbbn,113,106,219,0.52
BDbnB,110,96,206,0.53
BDbnD,82,80,162,0.51
BDbnN,111,136,247,0.45
BDbnb,110,106,216,0.51
BDbnn,132,121,253,0.52
BDnBB,137,120,257,0.53
BDnBD,71,69,140,0.51
BDnBN,109,111,220,0.5
BDnBb,129,107,236,0.55
BDnBn,116,103,219,0.53
BDnDB,77,91,168,0.46
BDnDD,56,58,114,0.49
BDnDN,79,85,164,0.48
BDnDb,73,77,150,0.49
BDnDn,94,86,180,0.52
BDnNB,107,122,229,0.47
BDnND,77,84,161,0.48
BDnNN,110,136,246,0.45
BDnNb,133,122,255,0.52
BDnNn,141,146,287,0.49
BDnbB,126,131,257,0.49
BDnbD,81,57,138,0.59
BDnbN,125,123,248,0.5
BDnbb,126,112,238,0.53
BDnbn,136,104,240,0.57
BDnnB,113,90,203,0.56
BDnnD,85,89,174,0.49
BDnnN,134,120,254,0.53
BDnnb,139,102,241,0.58
BDnnn,118,117,235,0.5
BNBBB,140,175,315,0.44
BNBBD,99,96,195,0.51
BNBBN,163,158,321,0.51
BNBBb,190,185,375,0.51
BNBBn,186,184,370,0.5
BNBDB,92,87,179,0.51
BNBDD,60,76,136,0.44
BNBDN,119,115,234,0.51
BNBDb,106,99,205,0.52
BNBDn,100,108,208,0.48
BNBNB,152,186,338,0.45
BNBND,86,108,194,0.44
BNBNN,187,202,389,0.48
BNBNb,167,143,310,0.54
BNBNn,196,182,378,0.52
BNBbB,175,194,369,0.47
BNBbD,115,111,226,0.51
BNBbN,199,200,399,0.5
BNBbb,169,143,312,0.54
BNBbn,197,183,380,0.52
BNBnB,158,157,315,0.5
BNBnD,112,106,218,0.51
BNBnN,211,200,411,0.51
BNBnb,210,167,377,0.56
BNBnn,188,213,401,0.47
BNDBB,100,96,196,0.51
BNDBD,66,69,135,0.49
BNDBN,91,106,197,0.46
BNDBb,123,109,232,0.53
BNDBn,125,123,248,0.5
BNDDB,81,89,170,0.48
BNDDD,63,78,141,0.45
BNDDN,80,82,162,0.49
BNDDb,104,83,187,0.56
BNDDn,89,66,155,0.57
BNDNB,89,114,203,0.44
BNDND,96,101,197,0.49
BNDNN,139,130,269,0.52
BNDNb,141,116,257,0.55
BNDNn,145,136,281,0.52
BNDbB,128,110,238,0.54
BNDbD,79,75,154,0.51
BNDbN,130,123,253,0.51
BNDbb,149,114,263,0.57
BNDbn,111,131,242,0.46
BNDnB,107,121,228,0.47
BNDnD,108,82,190,0.57
BNDnN,143,157,300,0.48
BNDnb,135,112,247,0.55
BNDnn,146,141,287,0.51
BNNBB,153,182,335,0.46
BNNBD,107,116,223,0.48
BNNBN,163,184,347,0.47
BNNBb,206,179,385,0.54
BNNBn,199,198,397,0.5
BNNDB,119,111,230,0.52
BNNDD,87,94,181,0.48
BNNDN,159,126,285,0.56
BNNDb,150,127,277,0.54
BNNDn,122,145,267,0.46
BNNNB,176,196,372,0.47
BNNND,152,161,313,0.49
BNNNN,230,254,484,0.48
BNNNb,211,213,424,0.5
BNNNn,272,263,535,0.51
BNNbB,186,193,379,0.49
BNNbD,118,129,247,0.48
BNNbN,242,218,460,0.53
BNNbb,207,181,388,0.53
BNNbn,203,211,414,0.49
BNNnB,177,195,372,0.48
BNNnD,161,148,309,0.52
BNNnN,251,254,505,0.5
BNNnb,244,210,454,0.54
BNNnn,265,245,510,0.52
BNbBB,174,164,338,0.51
BNbBD,102,125,227,0.45
BNbBN,209,216,425,0.49
BNbBb,193,175,368,0.52
BNbBn,217,189,406,0.53
BNbDB,103,111,214,0.48
BNbDD,87,61,148,0.59
BNbDN,133,146,279,0.48
BNbDb,125,106,231,0.54
BNbDn,116,104,220,0.53
BNbNB,183,187,370,0.49
BNbND,125,126,251,0.5
BNbNN,247,237,484,0.51
BNbNb,192,204,396,0.48
BNbNn,216,233,449,0.48
BNbbB,195,180,375,0.52
BNbbD,104,105,209,0.5
BNbbN,209,209,418,0.5
BNbbb,174,163,337,0.52
BNbbn,202,206,408,0.5
BNbnB,175,180,355,0.49
BNbnD,145,116,261,0.56
BNbnN,216,217,433,0.5
BNbnb,200,151,351,0.57
BNbnn,273,209,482,0.57
BNnBB,145,172,317,0.46
BNnBD,94,117,211,0.45
BNnBN,183,208,391,0.47
BNnBb,175,172,347,0.5
BNnBn,208,207,415,0.5
BNnDB,119,145,264,0.45
BNnDD,97,106,203,0.48
BNnDN,143,180,323,0.44
BNnDb,153,143,296,0.52
BNnDn,159,162,321,0.5
BNnNB,173,229,402,0.43
BNnND,138,171,309,0.45
BNnNN,304,281,585,0.52
BNnNb,210,224,434,0.48
BNnNn,314,270,584,0.54
BNnbB,211,201,412,0.51
BNnbD,124,116,240,0.52
BNnbN,247,233,480,0.51
BNnbb,188,178,366,0.51
BNnbn,258,195,453,0.57
BNnnB,195,202,397,0.49
BNnnD,172,147,319,0.54
BNnnN,274,327,601,0.46
BNnnb,244,169,413,0.59
BNnnn,280,265,545,0.51
BbBBB,172,154,326,0.53
BbBBD,107,126,233,0.46
BbBBN,175,174,349,0.5
BbBBb,190,171,361,0.53
BbBBn,175,168,343,0.51
BbBDB,90,112,202,0.45
BbBDD,79,103,182,0.43
BbBDN,124,119,243,0.51
BbBDb,129,110,239,0.54
BbBDn,136,134,270,0.5
BbBNB,149,174,323,0.46
BbBND,118,130,248,0.48
BbBNN,232,243,475,0.49
BbBNb,199,213,412,0.48
BbBNn,240,257,497,0.48
BbBbB,165,174,339,0.49
BbBbD,117,101,218,0.54
BbBbN,209,229,438,0.48
BbBbb,199,155,354,0.56
BbBbn,231,208,439,0.53
BbBnB,162,161,323,0.5
BbBnD,136,144,280,0.49
BbBnN,252,271,523,0.48
BbBnb,223,201,424,0.53
BbBnn,229,272,501,0.46
BbDBB,112,112,224,0.5
BbDBD,75,71,146,0.51
BbDBN,104,108,212,0.49
BbDBb,125,114,239,0.52
BbDBn,132,127,259,0.51
BbDDB,61,78,139,0.44
BbDDD,69,56,125,0.55
BbDDN,92,75,167,0.55
BbDDb,77,65,142,0.54
BbDDn,88,85,173,0.51
BbDNB,110,121,231,0.48
BbDND,88,97,185,0.48
BbDNN,132,118,250,0.53
BbDNb,136,115,251,0.54
BbDNn,129,134,263,0.49
BbDbB,107,125,232,0.46
BbDbD,67,56,123,0.54
BbDbN,122,112,234,0.52
BbDbb,125,106,231,0.54
BbDbn,119,110,229,0.52
BbDnB,116,137,253,0.46
BbDnD,90,97,187,0.48
BbDnN,129,123,252,0.51
BbDnb,126,131,257,0.49
BbDnn,143,146,289,0.49
BbNBB,157,175,332,0.47
BbNBD,104,98,202,0.51
BbNBN,176,193,369,0.48
BbNBb,188,162,350,0.54
BbNBn,215,204,419,0.51
BbNDB,121,112,233,0.52
BbNDD,96,108,204,0.47
BbNDN,162,161,323,0.5
BbNDb,134,111,245,0.55
BbNDn,186,151,337,0.55
BbNNB,214,166,380,0.56
BbNND,160,169,329,0.49
BbNNN,281,288,569,0.49
BbNNb,229,203,432,0.53
BbNNn,252,295,547,0.46
BbNbB,157,198,355,0.44
BbNbD,126,119,245,0.51
BbNbN,221,221,442,0.5
BbNbb,173,166,339,0.51
BbNbn,214,215,429,0.5
BbNnB,190,199,389,0.49
BbNnD,156,146,302,0.52
BbNnN,322,291,613,0.53
BbNnb,252,232,484,0.52
BbNnn,296,297,593,0.5
BbbBB,184,153,337,0.55
BbbBD,131,116,247,0.53
BbbBN,213,214,427,0.5
BbbBb,224,174,398,0.56
BbbBn,248,221,469,0.53
BbbDB,126,116,242,0.52
BbbDD,82,75,157,0.52
BbbDN,121,116,237,0.51
BbbDb,125,101,226,0.55
BbbDn,128,102,230,0.56
BbbNB,184,157,341,0.54
BbbND,132,118,250,0.53
BbbNN,227,218,445,0.51
BbbNb,200,182,382,0.52
BbbNn,252,244,496,0.51
BbbbB,177,211,388,0.46
BbbbD,107,92,199,0.54
BbbbN,203,169,372,0.55
Bbbbb,206,147,353,0.58
Bbbbn,176,182,358,0.49
BbbnB,197,215,412,0.48
BbbnD,134,119,253,0.53
BbbnN,202,216,418,0.48
Bbbnb,181,165,346,0.52
Bbbnn,208,196,404,0.51
BbnBB,154,168,322,0.48
BbnBD,113,121,234,0.48
BbnBN,205,232,437,0.47
BbnBb,203,175,378,0.54
BbnBn,228,208,436,0.52
BbnDB,126,121,247,0.51
BbnDD,106,113,219,0.48
BbnDN,135,155,290,0.47
BbnDb,122,118,240,0.51
BbnDn,139,143,282,0.49
BbnNB,180,192,372,0.48
BbnND,165,150,315,0.52
BbnNN,251,248,499,0.5
BbnNb,197,183,380,0.52
BbnNn,276,259,535,0.52
BbnbB,194,202,396,0.49
BbnbD,121,94,215,0.56
BbnbN,228,210,438,0.52
Bbnbb,206,167,373,0.55
Bbnbn,226,176,402,0.56
BbnnB,186,209,395,0.47
BbnnD,184,150,334,0.55
BbnnN,265,258,523,0.51
Bbnnb,193,172,365,0.53
Bbnnn,263,245,508,0.52
BnBBB,141,173,314,0.45
BnBBD,90,98,188,0.48
BnBBN,156,179,335,0.47
BnBBb,197,160,357,0.55
BnBBn,203,205,408,0.5
BnBDB,93,95,188,0.49
BnBDD,67,88,155,0.43
BnBDN,94,128,222,0.42
BnBDb,110,118,228,0.48
BnBDn,132,108,240,0.55
BnBNB,179,147,326,0.55
BnBND,110,106,216,0.51
BnBNN,190,204,394,0.48
BnBNb,193,161,354,0.55
BnBNn,205,240,445,0.46
BnBbB,137,179,316,0.43
BnBbD,94,107,201,0.47
BnBbN,182,182,364,0.5
BnBbb,169,165,334,0.51
BnBbn,210,191,401,0.52
BnBnB,146,176,322,0.45
BnBnD,126,138,264,0.48
BnBnN,214,219,433,0.49
BnBnb,212,176,388,0.55
BnBnn,216,195,411,0.53
BnDBB,119,121,240,0.5
BnDBD,77,67,144,0.53
BnDBN,99,124,223,0.44
BnDBb,129,82,211,0.61
BnDBn,124,129,253,0.49
BnDDB,82,105,187,0.44
BnDDD,68,60,128,0.53
BnDDN,93,89,182,0.51
BnDDb,86,100,186,0.46
BnDDn,83,81,164,0.51
BnDNB,118,111,229,0.52
BnDND,95,103,198,0.48
BnDNN,128,155,283,0.45
BnDNb,149,103,252,0.59
BnDNn,147,145,292,0.5
BnDbB,132,130,262,0.5
BnDbD,76,87,163,0.47
BnDbN,144,138,282,0.51
BnDbb,127,105,232,0.55
BnDbn,132,130,262,0.5
BnDnB,120,118,238,0.5
BnDnD,79,103,182,0.43
BnDnN,168,150,318,0.53
BnDnb,144,129,273,0.53
BnDnn,169,134,303,0.56
BnNBB,162,192,354,0.46
BnNBD,102,117,219,0.47
BnNBN,198,223,421,0.47
BnNBb,194,160,354,0.55
BnNBn,216,218,434,0.5
BnNDB,136,142,278,0.49
BnNDD,110,101,211,0.52
BnNDN,157,184,341,0.46
BnNDb,155,150,305,0.51
BnNDn,172,171,343,0.5
BnNNB,195,233,428,0.46
BnNND,163,179,342,0.48
BnNNN,289,267,556,0.52
BnNNb,246,225,471,0.52
BnNNn,303,271,574,0.53
BnNbB,219,216,435,0.5
BnNbD,134,121,255,0.53
BnNbN,240,202,442,0.54
BnNbb,233,202,435,0.54
BnNbn,199,221,420,0.47
BnNnB,188,235,423,0.44
BnNnD,174,175,349,0.5
BnNnN,249,305,554,0.45
BnNnb,276,252,528,0.52
BnNnn,292,295,587,0.5
BnbBB,161,183,344,0.47
BnbBD,101,132,233,0.43
BnbBN,223,206,429,0.52
BnbBb,206,168,374,0.55
BnbBn,230,214,444,0.52
BnbDB,115,101,216,0.53
BnbDD,101,67,168,0.6
BnbDN,114,113,227,0.5
BnbDb,127,102,229,0.55
BnbDn,110,131,241,0.46
BnbNB,177,220,397,0.45
BnbND,145,106,251,0.58
BnbNN,257,233,490,0.52
BnbNb,192,199,391,0.49
BnbNn,259,214,473,0.55
BnbbB,211,187,398,0.53
BnbbD,96,108,204,0.47
BnbbN,210,187,397,0.53
Bnbbb,206,173,379,0.54
Bnbbn,187,173,360,0.52
BnbnB,165,219,384,0.43
BnbnD,131,111,242,0.54
BnbnN,226,246,472,0.48
Bnbnb,180,152,332,0.54
Bnbnn,226,190,416,0.54
BnnBB,166,162,328,0.51
BnnBD,121,118,239,0.51
BnnBN,170,211,381,0.45
BnnBb,167,191,358,0.47
BnnBn,195,254,449,0.43
BnnDB,127,132,259,0.49
BnnDD,88,109,197,0.45
BnnDN,144,159,303,0.48
BnnDb,152,142,294,0.52
BnnDn,177,158,335,0.53
BnnNB,191,227,418,0.46
BnnND,172,183,355,0.48
BnnNN,252,267,519,0.49
BnnNb,227,216,443,0.51
BnnNn,301,290,591,0.51
BnnbB,216,196,412,0.52
BnnbD,133,127,260,0.51
BnnbN,227,227,454,0.5
Bnnbb,229,199,428,0.54
Bnnbn,213,197,410,0.52
BnnnB,217,208,425,0.51
BnnnD,158,154,312,0.51
BnnnN,301,281,582,0.52
Bnnnb,250,204,454,0.55
Bnnnn,312,265,577,0.54
DBBBB,145,142,287,0.51
DBBBD,63,73,136,0.46
DBBBN,124,131,255,0.49
DBBBb,158,156,314,0.5
DBBBn,130,107,237,0.55
DBBDB,65,82,147,0.44
DBBDD,45,32,77,0.58
DBBDN,69,55,124,0.56
DBBDb,95,81,176,0.54
DBBDn,53,77,130,0.41
DBBNB,104,98,202,0.51
DBBND,79,63,142,0.56
DBBNN,101,108,209,0.48
DBBNb,147,128,275,0.53
DBBNn,107,129,236,0.45
DBBbB,138,145,283,0.49
DBBbD,100,89,189,0.53
DBBbN,145,150,295,0.49
DBBbb,163,143,306,0.53
DBBbn,147,142,289,0.51
DBBnB,124,105,229,0.54
DBBnD,86,81,167,0.51
DBBnN,118,126,244,0.48
DBBnb,117,123,240,0.49
DBBnn,131,124,255,0.51
DBDBB,88,97,185,0.48
DBDBD,39,46,85,0.46
DBDBN,80,65,145,0.55
DBDBb,96,90,186,0.52
DBDBn,69,71,140,0.49
DBDDB,46,48,94,0.49
DBDDD,51,37,88,0.58
DBDDN,44,48,92,0.48
DBDDb,60,62,122,0.49
DBDDn,36,49,85,0.42
DBDNB,72,74,146,0.49
DBDND,42,54,96,0.44
DBDNN,79,69,148,0.53
DBDNb,70,84,154,0.45
DBDNn,70,63,133,0.53
DBDbB,83,102,185,0.45
DBDbD,68,61,129,0.53
DBDbN,83,76,159,0.52
DBDbb,119,79,198,0.6
DBDbn,72,75,147,0.49
DBDnB,81,59,140,0.58
DBDnD,50,56,106,0.47
DBDnN,71,66,137,0.52
DBDnb,84,71,155,0.54
DBDnn,78,69,147,0.53
DBNBB,117,118,235,0.5
DBNBD,65,64,129,0.5
DBNBN,96,102,198,0.48
DBNBb,124,117,241,0.51
DBNBn,131,115,246,0.53
DBNDB,55,67,122,0.45
DBNDD,62,49,111,0.56
DBNDN,56,71,127,0.44
DBNDb,69,92,161,0.43
DBNDn,73,74,147,0.5
DBNNB,94,133,227,0.41
DBNND,86,69,155,0.55
DBNNN,137,143,280,0.49
DBNNb,137,109,246,0.56
DBNNn,115,133,248,0.46
DBNbB,137,134,271,0.51
DBNbD,86,61,147,0.59
DBNbN,120,138,258,0.47
DBNbb,134,105,239,0.56
DBNbn,135,93,228,0.59
DBNnB,122,121,243,0.5
DBNnD,85,89,174,0.49
DBNnN,142,127,269,0.53
DBNnb,132,122,254,0.52
DBNnn,141,124,265,0.53
DBbBB,144,129,273,0.53
DBbBD,96,99,195,0.49
DBbBN,142,155,297,0.48
DBbBb,157,137,294,0.53
DBbBn,137,162,299,0.46
DBbDB,85,91,176,0.48
DBbDD,61,45,106,0.58
DBbDN,74,94,168,0.44
DBbDb,103,83,186,0.55
DBbDn,84,72,156,0.54
DBbNB,103,157,260,0.4
DBbND,86,106,192,0.45
DBbNN,154,121,275,0.56
DBbNb,174,116,290,0.6
DBbNn,148,149,297,0.5
DBbbB,137,146,283,0.48
DBbbD,93,74,167,0.56
DBbbN,135,169,304,0.44
DBbbb,150,120,270,0.56
DBbbn,150,113,263,0.57
DBbnB,130,136,266,0.49
DBbnD,86,97,183,0.47
DBbnN,124,119,243,0.51
DBbnb,144,140,284,0.51
DBbnn,141,111,252,0.56
DBnBB,120,139,259,0.46
DBnBD,60,72,132,0.45
DBnBN,114,101,215,0.53
DBnBb,138,125,263,0.52
DBnBn,109,108,217,0.5
DBnDB,66,87,153,0.43
DBnDD,63,53,116,0.54
DBnDN,72,73,145,0.5
DBnDb,88,64,152,0.58
DBnDn,81,75,156,0.52
DBnNB,120,122,242,0.5
DBnND,88,90,178,0.49
DBnNN,134,137,271,0.49
DBnNb,130,123,253,0.51
DBnNn,150,130,280,0.54
DBnbB,147,134,281,0.52
DBnbD,77,70,147,0.52
DBnbN,125,128,253,0.49
DBnbb,155,138,293,0.53
DBnbn,146,118,264,0.55
DBnnB,136,124,260,0.52
DBnnD,75,82,157,0.48
DBnnN,147,142,289,0.51
DBnnb,152,133,285,0.53
DBnnn,127,142,269,0.47
DDBBB,106,111,217,0.49
DDBBD,68,53,121,0.56
DDBBN,69,98,167,0.41
DDBBb,109,123,232,0.47
DDBBn,105,77,182,0.58
DDBDB,62,56,118,0.53
DDBDD,44,37,81,0.54
DDBDN,55,48,103,0.53
DDBDb,69,77,146,0.47
DDBDn,49,42,91,0.54
DDBNB,69,88,157,0.44
DDBND,54,41,95,0.57
DDBNN,71,62,133,0.53
DDBNb,99,68,167,0.59
DDBNn,75,77,152,0.49
DDBbB,115,105,220,0.52
DDBbD,67,64,131,0.51
DDBbN,111,93,204,0.54
DDBbb,127,114,241,0.53
DDBbn,107,87,194,0.55
DDBnB,90,85,175,0.51
DDBnD,57,54,111,0.51
DDBnN,76,72,148,0.51
DDBnb,104,96,200,0.52
DDBnn,88,75,163,0.54
DDDBB,81,78,159,0.51
DDDBD,44,48,92,0.48
DDDBN,58,64,122,0.48
DDDBb,94,101,195,0.48
DDDBn,63,69,132,0.48
DDDDB,63,83,146,0.43
DDDDD,66,53,119,0.55
DDDDN,52,57,109,0.48
DDDDb,67,58,125,0.54
DDDDn,54,49,103,0.52
DDDNB,53,85,138,0.38
DDDND,39,37,76,0.51
DDDNN,52,59,111,0.47
DDDNb,87,64,151,0.58
DDDNn,61,66,127,0.48
DDDbB,95,95,190,0.5
DDDbD,54,53,107,0.5
DDDbN,60,69,129,0.47
DDDbb,91,84,175,0.52
DDDbn,62,40,102,0.61
DDDnB,58,71,129,0.45
DDDnD,45,54,99,0.45
DDDnN,57,51,108,0.53
DDDnb,61,56,117,0.52
DDDnn,58,64,122,0.48
DDNBB,82,74,156,0.53
DDNBD,41,53,94,0.44
DDNBN,74,90,164,0.45
DDNBb,103,101,204,0.5
DDNBn,82,88,170,0.48
DDNDB,59,67,126,0.47
DDNDD,53,49,102,0.52
DDNDN,56,61,117,0.48
DDNDb,74,78,152,0.49
DDNDn,48,52,100,0.48
DDNNB,89,88,177,0.5
DDNND,54,53,107,0.5
DDNNN,81,74,155,0.52
DDNNb,94,102,196,0.48
DDNNn,94,79,173,0.54
DDNbB,102,104,206,0.5
DDNbD,54,46,100,0.54
DDNbN,103,81,184,0.56
DDNbb,119,100,219,0.54
DDNbn,96,76,172,0.56
DDNnB,91,68,159,0.57
DDNnD,62,52,114,0.54
DDNnN,80,104,184,0.43
DDNnb,98,75,173,0.57
DDNnn,82,84,166,0.49
DDbBB,110,142,252,0.44
DDbBD,70,56,126,0.56
DDbBN,97,97,194,0.5
DDbBb,134,120,254,0.53
DDbBn,99,113,212,0.47
DDbDB,69,66,135,0.51
DDbDD,29,49,78,0.37
DDbDN,61,40,101,0.6
DDbDb,79,80,159,0.5
DDbDn,77,62,139,0.55
DDbNB,95,94,189,0.5
DDbND,63,68,131,0.48
DDbNN,68,86,154,0.44
DDbNb,112,98,210,0.53
DDbNn,95,74,169,0.56
DDbbB,119,142,261,0.46
DDbbD,74,71,145,0.51
DDbbN,93,102,195,0.48
DDbbb,146,113,259,0.56
DDbbn,90,72,162,0.56
DDbnB,90,84,174,0.52
DDbnD,45,41,86,0.52
DDbnN,81,74,155,0.52
DDbnb,101,74,175,0.58
DDbnn,70,61,131,0.53
DDnBB,85,82,167,0.51
DDnBD,56,46,102,0.55
DDnBN,80,80,160,0.5
DDnBb,94,91,185,0.51
DDnBn,73,75,148,0.49
DDnDB,59,76,135,0.44
DDnDD,54,36,90,0.6
DDnDN,61,67,128,0.48
DDnDb,63,72,135,0.47
DDnDn,57,58,115,0.5
DDnNB,82,93,175,0.47
DDnND,51,65,116,0.44
DDnNN,86,94,180,0.48
DDnNb,89,81,170,0.52
DDnNn,103,73,176,0.59
DDnbB,120,104,224,0.54
DDnbD,46,61,107,0.43
DDnbN,83,87,170,0.49
DDnbb,114,76,190,0.6
DDnbn,86,71,157,0.55
DDnnB,72,91,163,0.44
DDnnD,60,60,120,0.5
DDnnN,61,72,133,0.46
DDnnb,102,95,197,0.52
DDnnn,88,82,170,0.52
DNBBB,108,138,246,0.44
DNBBD,78,81,159,0.49
DNBBN,105,119,224,0.47
DNBBb,149,151,300,0.5
DNBBn,122,133,255,0.48
DNBDB,84,79,163,0.52
DNBDD,50,48,98,0.51
DNBDN,56,68,124,0.45
DNBDb,97,77,174,0.56
DNBDn,56,76,132,0.42
DNBNB,114,106,220,0.52
DNBND,63,71,134,0.47
DNBNN,117,119,236,0.5
DNBNb,127,120,247,0.51
DNBNn,113,122,235,0.48
DNBbB,140,136,276,0.51
DNBbD,86,76,162,0.53
DNBbN,151,148,299,0.51
DNBbb,162,120,282,0.57
DNBbn,125,135,260,0.48
DNBnB,121,123,244,0.5
DNBnD,76,82,158,0.48
DNBnN,133,133,266,0.5
DNBnb,139,121,260,0.53
DNBnn,129,143,272,0.47
DNDBB,111,88,199,0.56
DNDBD,54,62,116,0.47
DNDBN,64,76,140,0.46
DNDBb,113,90,203,0.56
DNDBn,61,94,155,0.39
DNDDB,81,60,141,0.57
DNDDD,47,51,98,0.48
DNDDN,47,69,116,0.41
DNDDb,79,72,151,0.52
DNDDn,52,59,111,0.47
DNDNB,85,96,181,0.47
DNDND,39,57,96,0.41
DNDNN,93,79,172,0.54
DNDNb,98,90,188,0.52
DNDNn,87,72,159,0.55
DNDbB,111,108,219,0.51
DNDbD,56,58,114,0.49
DNDbN,92,102,194,0.47
DNDbb,113,115,228,0.5
DNDbn,84,93,177,0.47
DNDnB,73,103,176,0.41
DNDnD,61,71,132,0.46
DNDnN,83,93,176,0.47
DNDnb,99,95,194,0.51
DNDnn,107,94,201,0.53
DNNBB,126,124,250,0.5
DNNBD,65,69,134,0.49
DNNBN,131,134,265,0.49
DNNBb,139,123,262,0.53
DNNBn,141,124,265,0.53
DNNDB,78,94,172,0.45
DNNDD,69,63,132,0.52
DNNDN,82,78,160,0.51
DNNDb,107,94,201,0.53
DNNDn,111,94,205,0.54
DNNNB,144,117,261,0.55
DNNND,107,95,202,0.53
DNNNN,138,133,271,0.51
DNNNb,158,131,289,0.55
DNNNn,126,129,255,0.49
DNNbB,141,148,289,0.49
DNNbD,95,76,171,0.56
DNNbN,146,113,259,0.56
DNNbb,157,105,262,0.6
DNNbn,153,135,288,0.53
DNNnB,100,134,234,0.43
DNNnD,90,98,188,0.48
DNNnN,178,157,335,0.53
DNNnb,156,150,306,0.51
DNNnn,127,149,276,0.46
DNbBB,134,147,281,0.48
DNbBD,89,82,171,0.52
DNbBN,114,132,246,0.46
DNbBb,150,135,285,0.53
DNbBn,142,134,276,0.51
DNbDB,72,90,162,0.44
DNbDD,65,57,122,0.53
DNbDN,76,77,153,0.5
DNbDb,97,79,176,0.55
DNbDn,85,70,155,0.55
DNbNB,147,134,281,0.52
DNbND,73,79,152,0.48
DNbNN,134,122,256,0.52
DNbNb,126,129,255,0.49
DNbNn,145,137,282,0.51
DNbbB,173,158,331,0.52
DNbbD,79,66,145,0.54
DNbbN,154,129,283,0.54
DNbbb,171,112,283,0.6
DNbbn,124,109,233,0.53
DNbnB,130,119,249,0.52
DNbnD,88,75,163,0.54
DNbnN,134,129,263,0.51
DNbnb,139,136,275,0.51
DNbnn,128,133,261,0.49
DNnBB,146,118,264,0.55
DNnBD,76,71,147,0.52
DNnBN,121,133,254,0.48
DNnBb,141,129,270,0.52
DNnBn,124,141,265,0.47
DNnDB,107,95,202,0.53
DNnDD,73,62,135,0.54
DNnDN,101,99,200,0.5
DNnDb,101,88,189,0.53
DNnDn,89,114,203,0.44
DNnNB,138,144,282,0.49
DNnND,99,110,209,0.47
DNnNN,131,146,277,0.47
DNnNb,151,136,287,0.53
DNnNn,155,190,345,0.45
DNnbB,134,149,283,0.47
DNnbD,87,81,168,0.52
DNnbN,132,147,279,0.47
DNnbb,152,139,291,0.52
DNnbn,124,132,256,0.48
DNnnB,119,126,245,0.49
DNnnD,92,103,195,0.47
DNnnN,155,194,349,0.44
DNnnb,156,147,303,0.51
DNnnn,150,135,285,0.53
DbBBB,139,133,272,0.51
DbBBD,88,78,166,0.53
DbBBN,140,154,294,0.48
DbBBb,168,135,303,0.55
DbBBn,147,162,309,0.48
DbBDB,92,79,171,0.54
DbBDD,58,60,118,0.49
DbBDN,103,103,206,0.5
DbBDb,116,93,209,0.56
DbBDn,92,75,167,0.55
DbBNB,133,141,274,0.49
DbBND,79,90,169,0.47
DbBNN,144,148,292,0.49
DbBNb,139,143,282,0.49
DbBNn,154,166,320,0.48
DbBbB,162,167,329,0.49
DbBbD,90,88,178,0.51
DbBbN,171,189,360,0.48
DbBbb,161,124,285,0.56
DbBbn,153,133,286,0.53
DbBnB,148,166,314,0.47
DbBnD,87,85,172,0.51
DbBnN,152,147,299,0.51
DbBnb,164,130,294,0.56
DbBnn,157,135,292,0.54
DbDBB,88,98,186,0.47
DbDBD,57,45,102,0.56
DbDBN,80,79,159,0.5
DbDBb,109,88,197,0.55
DbDBn,71,76,147,0.48
DbDDB,54,58,112,0.48
DbDDD,38,21,59,0.64
DbDDN,42,34,76,0.55
DbDDb,68,53,121,0.56
DbDDn,45,54,99,0.45
DbDNB,83,83,166,0.5
DbDND,54,44,98,0.55
DbDNN,68,75,143,0.48
DbDNb,75,59,134,0.56
DbDNn,85,69,154,0.55
DbDbB,109,117,226,0.48
DbDbD,56,44,100,0.56
DbDbN,84,75,159,0.53
DbDbb,117,79,196,0.6
DbDbn,91,91,182,0.5
DbDnB,93,89,182,0.51
DbDnD,41,36,77,0.53
DbDnN,87,80,167,0.52
DbDnb,90,69,159,0.57
DbDnn,81,69,150,0.54
DbNBB,127,144,271,0.47
DbNBD,66,79,145,0.46
DbNBN,151,135,286,0.53
DbNBb,154,163,317,0.49
DbNBn,140,121,261,0.54
DbNDB,81,88,169,0.48
DbNDD,57,53,110,0.52
DbNDN,76,88,164,0.46
DbNDb,105,84,189,0.56
DbNDn,94,93,187,0.5
DbNNB,108,138,246,0.44
DbNND,70,98,168,0.42
DbNNN,147,121,268,0.55
DbNNb,153,135,288,0.53
DbNNn,138,147,285,0.48
DbNbB,138,134,272,0.51
DbNbD,87,64,151,0.58
DbNbN,118,149,267,0.44
DbNbb,166,102,268,0.62
DbNbn,128,129,257,0.5
DbNnB,151,138,289,0.52
DbNnD,82,87,169,0.49
DbNnN,130,149,279,0.47
DbNnb,172,132,304,0.57
DbNnn,117,132,249,0.47
DbbBB,161,147,308,0.52
DbbBD,86,95,181,0.48
DbbBN,147,153,300,0.49
DbbBb,199,156,355,0.56
DbbBn,176,160,336,0.52
DbbDB,90,101,191,0.47
DbbDD,41,50,91,0.45
DbbDN,63,76,139,0.45
DbbDb,100,83,183,0.55
DbbDn,70,71,141,0.5
DbbNB,148,113,261,0.57
DbbND,100,81,181,0.55
DbbNN,137,128,265,0.52
DbbNb,157,144,301,0.52
DbbNn,141,136,277,0.51
DbbbB,181,197,378,0.48
DbbbD,94,74,168,0.56
DbbbN,152,142,294,0.52
Dbbbb,198,122,320,0.62
Dbbbn,146,130,276,0.53
DbbnB,133,132,265,0.5
DbbnD,78,70,148,0.53
DbbnN,139,119,258,0.54
Dbbnb,126,129,255,0.49
Dbbnn,122,110,232,0.53
DbnBB,116,132,248,0.47
DbnBD,77,97,174,0.44
DbnBN,114,114,228,0.5
DbnBb,137,118,255,0.54
DbnBn,140,114,254,0.55
DbnDB,79,97,176,0.45
DbnDD,49,54,103,0.48
DbnDN,77,63,140,0.55
DbnDb,85,80,165,0.52
DbnDn,65,81,146,0.45
DbnNB,107,129,236,0.45
DbnND,70,84,154,0.45
DbnNN,124,114,238,0.52
DbnNb,138,119,257,0.54
DbnNn,123,151,274,0.45
DbnbB,147,149,296,0.5
DbnbD,78,86,164,0.48
DbnbN,118,108,226,0.52
Dbnbb,151,142,293,0.52
Dbnbn,111,110,221,0.5
DbnnB,123,134,257,0.48
DbnnD,100,72,172,0.58
DbnnN,121,133,254,0.48
Dbnnb,134,125,259,0.52
Dbnnn,150,115,265,0.57
DnBBB,133,144,277,0.48
DnBBD,63,81,144,0.44
DnBBN,112,138,250,0.45
DnBBb,160,125,285,0.56
DnBBn,125,115,240,0.52
DnBDB,84,74,158,0.53
DnBDD,54,48,102,0.53
DnBDN,57,90,147,0.39
DnBDb,89,60,149,0.6
DnBDn,87,62,149,0.58
DnBNB,102,124,226,0.45
DnBND,82,75,157,0.52
DnBNN,129,129,258,0.5
DnBNb,136,103,239,0.57
DnBNn,136,117,253,0.54
DnBbB,128,131,259,0.49
DnBbD,80,86,166,0.48
DnBbN,142,137,279,0.51
DnBbb,155,145,300,0.52
DnBbn,150,125,275,0.55
DnBnB,111,126,237,0.47
DnBnD,75,81,156,0.48
DnBnN,119,131,250,0.48
DnBnb,132,101,233,0.57
DnBnn,131,142,273,0.48
DnDBB,97,111,208,0.47
DnDBD,50,45,95,0.53
DnDBN,73,91,164,0.45
DnDBb,111,108,219,0.51
DnDBn,83,83,166,0.5
DnDDB,75,91,166,0.45
DnDDD,44,46,90,0.49
DnDDN,61,64,125,0.49
DnDDb,78,69,147,0.53
DnDDn,57,74,131,0.44
DnDNB,85,88,173,0.49
DnDND,60,68,128,0.47
DnDNN,83,98,181,0.46
DnDNb,98,91,189,0.52
DnDNn,93,85,178,0.52
DnDbB,99,93,192,0.52
DnDbD,52,60,112,0.46
DnDbN,102,88,190,0.54
DnDbb,103,101,204,0.5
DnDbn,111,76,187,0.59
DnDnB,84,87,171,0.49
DnDnD,64,63,127,0.5
DnDnN,90,102,192,0.47
DnDnb,85,96,181,0.47
DnDnn,81,77,158,0.51
DnNBB,143,133,276,0.52
DnNBD,70,70,140,0.5
DnNBN,111,120,231,0.48
DnNBb,163,144,307,0.53
DnNBn,118,123,241,0.49
DnNDB,99,90,189,0.52
DnNDD,76,67,143,0.53
DnNDN,82,98,180,0.46
DnNDb,95,102,197,0.48
DnNDn,106,113,219,0.48
DnNNB,141,141,282,0.5
DnNND,104,111,215,0.48
DnNNN,136,150,286,0.48
DnNNb,168,133,301,0.56
DnNNn,168,152,320,0.52
DnNbB,153,161,314,0.49
DnNbD,75,83,158,0.47
DnNbN,144,126,270,0.53
DnNbb,160,138,298,0.54
DnNbn,123,113,236,0.52
DnNnB,126,152,278,0.45
DnNnD,99,106,205,0.48
DnNnN,137,164,301,0.46
DnNnb,155,139,294,0.53
DnNnn,167,156,323,0.52
DnbBB,140,171,311,0.45
DnbBD,91,101,192,0.47
DnbBN,145,147,292,0.5
DnbBb,154,151,305,0.5
DnbBn,126,141,267,0.47
DnbDB,80,100,180,0.44
DnbDD,55,47,102,0.54
DnbDN,79,73,152,0.52
DnbDb,117,92,209,0.56
DnbDn,71,61,132,0.54
DnbNB,132,131,263,0.5
DnbND,109,76,185,0.59
DnbNN,127,142,269,0.47
DnbNb,154,98,252,0.61
DnbNn,137,129,266,0.52
DnbbB,170,136,306,0.56
DnbbD,82,79,161,0.51
DnbbN,128,151,279,0.46
Dnbbb,173,148,321,0.54
Dnbbn,120,109,229,0.52
DnbnB,150,130,280,0.54
DnbnD,88,67,155,0.57
DnbnN,122,105,227,0.54
Dnbnb,150,109,259,0.58
Dnbnn,136,105,241,0.56
DnnBB,121,134,255,0.47
DnnBD,95,83,178,0.53
DnnBN,112,144,256,0.44
DnnBb,123,142,265,0.46
DnnBn,123,117,240,0.51
DnnDB,94,122,216,0.44
DnnDD,64,67,131,0.49
DnnDN,97,90,187,0.52
DnnDb,112,89,201,0.56
DnnDn,87,90,177,0.49
DnnNB,129,141,270,0.48
DnnND,95,102,197,0.48
DnnNN,138,148,286,0.48
DnnNb,136,110,246,0.55
DnnNn,172,145,317,0.54
DnnbB,153,170,323,0.47
DnnbD,85,85,170,0.5
DnnbN,147,146,293,0.5
Dnnbb,158,133,291,0.54
Dnnbn,107,126,233,0.46
DnnnB,137,124,261,0.52
DnnnD,99,112,211,0.47
DnnnN,139,152,291,0.48
Dnnnb,154,122,276,0.56
Dnnnn,130,140,270,0.48
N,1,0,1,1.0
NB,1,0,1,1.0
NBBBB,150,194,344,0.44
NBBBD,98,95,193,0.51
NBBBN,146,166,312,0.47
NBBBb,220,212,432,0.51
NBBBn,158,171,329,0.48
NBBDB,100,104,204,0.49
NBBDD,70,64,134,0.52
NBBDN,84,116,200,0.42
NBBDb,133,119,252,0.53
NBBDn,130,101,231,0.56
NBBNB,152,155,307,0.5
NBBND,121,106,227,0.53
NBBNN,209,203,412,0.51
NBBNb,177,205,382,0.46
NBBNn,213,187,400,0.53
NBBbB,179,208,387,0.46
NBBbD,139,114,253,0.55
NBBbN,185,234,419,0.44
NBBbb,226,204,430,0.53
NBBbn,198,199,397,0.5
NBBnB,171,192,363,0.47
NBBnD,117,126,243,0.48
NBBnN,202,214,416,0.49
NBBnb,184,172,356,0.52
NBBnn,217,201,418,0.52
NBD,0,1,1,0.0
NBDBB,86,107,193,0.45
NBDBD,56,62,118,0.47
NBDBN,87,113,200,0.44
NBDBb,137,93,230,0.6
NBDBn,115,112,227,0.51
NBDDB,79,78,157,0.5
NBDDD,54,60,114,0.47
NBDDN,72,77,149,0.48
NBDDb,97,84,181,0.54
NBDDn,79,73,152,0.52
NBDNB,119,121,240,0.5
NBDND,77,84,161,0.48
NBDNN,115,104,219,0.53
NBDNb,106,122,228,0.46
NBDNn,125,122,247,0.51
NBDbB,127,135,262,0.48
NBDbD,74,72,146,0.51
NBDbN,127,124,251,0.51
NBDbb,122,122,244,0.5
NBDbn,112,100,212,0.53
NBDn,0,0,0,
NBDnB,109,102,211,0.52
NBDnD,77,88,165,0.47
NBDnN,113,128,241,0.47
NBDnb,138,126,264,0.52
NBDnn,122,117,239,0.51
NBNBB,167,205,372,0.45
NBNBD,98,83,181,0.54
NBNBN,181,160,341,0.53
NBNBb,195,171,366,0.53
NBNBn,197,200,397,0.5
NBNDB,97,115,212,0.46
NBNDD,73,62,135,0.54
NBNDN,119,120,239,0.5
NBNDb,137,135,272,0.5
NBNDn,146,139,285,0.51
NBNNB,198,170,368,0.54
NBNND,123,146,269,0.46
NBNNN,210,197,407,0.52
NBNNb,223,205,428,0.52
NBNNn,231,221,452,0.51
NBNbB,213,202,415,0.51
NBNbD,119,103,222,0.54
NBNbN,200,217,417,0.48
NBNbb,197,172,369,0.53
NBNbn,193,200,393,0.49
NBNnB,173,183,356,0.49
NBNnD,143,156,299,0.48
NBNnN,224,258,482,0.46
NBNnb,232,201,433,0.54
NBNnn,230,225,455,0.51
NBbBB,173,178,351,0.49
NBbBD,102,125,227,0.45
NBbBN,185,228,413,0.45
NBbBb,206,186,392,0.53
NBbBn,229,224,453,0.51
NBbDB,101,120,221,0.46
NBbDD,69,68,137,0.5
NBbDN,122,126,248,0.49
NBbDb,133,94,227,0.59
NBbDn,116,130,246,0.47
NBbNB,193,192,385,0.5
NBbND,117,129,246,0.48
NBbNN,272,253,525,0.52
NBbNb,212,203,415,0.51
NBbNn,277,247,524,0.53
NBbbB,195,207,402,0.49
NBbbD,111,114,225,0.49
NBbbN,199,213,412,0.48
NBbbb,185,169,354,0.52
NBbbn,183,190,373,0.49
NBbnB,174,209,383,0.45
NBbnD,145,131,276,0.53
NBbnN,201,232,433,0.46
NBbnb,228,165,393,0.58
NBbnn,227,220,447,0.51
NBnBB,161,196,357,0.45
NBnBD,117,121,238,0.49
NBnBN,163,209,372,0.44
NBnBb,179,184,363,0.49
NBnBn,172,181,353,0.49
NBnDB,109,110,219,0.5
NBnDD,94,98,192,0.49
NBnDN,132,153,285,0.46
NBnDb,134,129,263,0.51
NBnDn,149,137,286,0.52
NBnNB,196,207,403,0.49
NBnND,134,152,286,0.47
NBnNN,230,259,489,0.47
NBnNb,229,216,445,0.51
NBnNn,269,256,525,0.51
NBnbB,179,189,368,0.49
NBnbD,128,123,251,0.51
NBnbN,239,221,460,0.52
NBnbb,207,187,394,0.53
NBnbn,206,183,389,0.53
NBnnB,157,191,348,0.45
NBnnD,147,143,290,0.51
NBnnN,223,259,482,0.46
NBnnb,211,216,427,0.49
NBnnn,266,252,518,0.51
NDBBB,121,129,250,0.48
NDBBD,67,67,134,0.5
NDBBN,109,141,250,0.44
NDBBb,156,142,298,0.52
NDBBn,121,120,241,0.5
NDBDB,81,92,173,0.47
NDBDD,50,51,101,0.5
NDBDN,64,81,145,0.44
NDBDb,106,81,187,0.57
NDBDn,74,81,155,0.48
NDBNB,121,114,235,0.51
NDBND,69,84,153,0.45
NDBNN,129,127,256,0.5
NDBNb,143,104,247,0.58
NDBNn,126,137,263,0.48
NDBbB,152,149,301,0.5
NDBbD,79,84,163,0.48
NDBbN,144,146,290,0.5
NDBbb,143,123,266,0.54
NDBbn,138,139,277,0.5
NDBnB,104,109,213,0.49
NDBnD,82,88,170,0.48
NDBnN,149,132,281,0.53
NDBnb,147,127,274,0.54
NDBnn,149,146,295,0.51
NDDBB,103,122,225,0.46
NDDBD,69,64,133,0.52
NDDBN,78,66,144,0.54
NDDBb,125,102,227,0.55
NDDBn,95,88,183,0.52
NDDDB,69,82,151,0.46
NDDDD,60,60,120,0.5
NDDDN,75,77,152,0.49
NDDDb,103,87,190,0.54
NDDDn,73,57,130,0.56
NDDNB,91,100,191,0.48
NDDND,63,82,145,0.43
NDDNN,87,96,183,0.48
NDDNb,105,107,212,0.5
NDDNn,93,86,179,0.52
NDDbB,120,120,240,0.5
NDDbD,46,61,107,0.43
NDDbN,103,94,197,0.52
NDDbb,123,128,251,0.49
NDDbn,80,75,155,0.52
NDDnB,79,90,169,0.47
NDDnD,75,67,142,0.53
NDDnN,102,85,187,0.55
NDDnb,110,91,201,0.55
NDDnn,79,96,175,0.45
NDNBB,125,179,304,0.41
NDNBD,82,82,164,0.5
NDNBN,111,120,231,0.48
NDNBb,178,135,313,0.57
NDNBn,133,129,262,0.51
NDNDB,98,94,192,0.51
NDNDD,75,74,149,0.5
NDNDN,101,97,198,0.51
NDNDb,119,89,208,0.57
NDNDn,96,113,209,0.46
NDNNB,141,148,289,0.49
NDNND,104,103,207,0.5
NDNNN,142,166,308,0.46
NDNNb,153,140,293,0.52
NDNNn,184,165,349,0.53
NDNbB,145,169,314,0.46
NDNbD,87,97,184,0.47
NDNbN,151,152,303,0.5
NDNbb,158,126,284,0.56
NDNbn,140,132,272,0.51
NDNnB,134,153,287,0.47
NDNnD,111,99,210,0.53
NDNnN,176,164,340,0.52
NDNnb,161,137,298,0.54
NDNnn,175,167,342,0.51
NDbBB,143,150,293,0.49
NDbBD,108,105,213,0.51
NDbBN,173,129,302,0.57
NDbBb,182,138,320,0.57
NDbBn,146,150,296,0.49
NDbDB,95,97,192,0.49
NDbDD,48,55,103,0.47
NDbDN,85,77,162,0.52
NDbDb,109,83,192,0.57
NDbDn,91,70,161,0.57
NDbNB,155,152,307,0.5
NDbND,88,99,187,0.47
NDbNN,130,139,269,0.48
NDbNb,150,135,285,0.53
NDbNn,168,134,302,0.56
NDbbB,171,188,359,0.48
NDbbD,92,96,188,0.49
NDbbN,140,137,277,0.51
NDbbb,177,158,335,0.53
NDbbn,136,128,264,0.52
NDbnB,127,142,269,0.47
NDbnD,82,78,160,0.51
NDbnN,139,120,259,0.54
NDbnb,162,144,306,0.53
NDbnn,151,147,298,0.51
NDnBB,142,142,284,0.5
NDnBD,90,73,163,0.55
NDnBN,127,131,258,0.49
NDnBb,157,155,312,0.5
NDnBn,132,148,280,0.47
NDnDB,104,85,189,0.55
NDnDD,91,78,169,0.54
NDnDN,108,114,222,0.49
NDnDb,128,100,228,0.56
NDnDn,105,91,196,0.54
NDnNB,127,131,258,0.49
NDnND,128,137,265,0.48
NDnNN,167,183,350,0.48
NDnNb,162,149,311,0.52
NDnNn,162,199,361,0.45
NDnbB,159,157,316,0.5
NDnbD,98,106,204,0.48
NDnbN,162,139,301,0.54
NDnbb,168,141,309,0.54
NDnbn,145,123,268,0.54
NDnnB,165,129,294,0.56
NDnnD,126,103,229,0.55
NDnnN,159,188,347,0.46
NDnnb,184,118,302,0.61
NDnnn,186,170,356,0.52
NNBBB,186,190,376,0.49
NNBBD,91,123,214,0.43
NNBBN,177,180,357,0.5
NNBBb,211,220,431,0.49
NNBBn,213,177,390,0.55
NNBDB,102,125,227,0.45
NNBDD,74,84,158,0.47
NNBDN,130,117,247,0.53
NNBDb,145,117,262,0.55
NNBDn,129,128,257,0.5
NNBNB,184,208,392,0.47
NNBND,111,172,283,0.39
NNBNN,202,212,414,0.49
NNBNb,206,202,408,0.5
NNBNn,238,223,461,0.52
NNBbB,213,220,433,0.49
NNBbD,111,124,235,0.47
NNBbN,224,235,459,0.49
NNBbb,237,176,413,0.57
NNBbn,218,205,423,0.52
NNBnB,195,197,392,0.5
NNBnD,122,133,255,0.48
NNBnN,238,261,499,0.48
NNBnb,212,202,414,0.51
NNBnn,217,227,444,0.49
NNDBB,127,160,287,0.44
NNDBD,102,79,181,0.56
NNDBN,131,137,268,0.49
NNDBb,163,153,316,0.52
NNDBn,143,131,274,0.52
NNDDB,97,98,195,0.5
NNDDD,75,98,173,0.43
NNDDN,95,96,191,0.5
NNDDb,116,112,228,0.51
NNDDn,93,116,209,0.44
NNDNB,157,162,319,0.49
NNDND,103,119,222,0.46
NNDNN,151,180,331,0.46
NNDNb,154,158,312,0.49
NNDNn,159,168,327,0.49
NNDbB,172,151,323,0.53
NNDbD,103,83,186,0.55
NNDbN,167,183,350,0.48
NNDbb,186,139,325,0.57
NNDbn,147,170,317,0.46
NNDnB,152,156,308,0.49
NNDnD,122,124,246,0.5
NNDnN,157,176,333,0.47
NNDnb,188,149,337,0.56
NNDnn,174,170,344,0.51
NNNBB,193,224,417,0.46
NNNBD,126,130,256,0.49
NNNBN,190,232,422,0.45
NNNBb,226,217,443,0.51
NNNBn,219,219,438,0.5
NNNDB,147,168,315,0.47
NNNDD,105,129,234,0.45
NNNDN,185,181,366,0.51
NNNDb,187,164,351,0.53
NNNDn,185,161,346,0.53
NNNNB,221,234,455,0.49
NNNND,201,198,399,0.5
NNNNN,302,317,619,0.49
NNNNb,276,231,507,0.54
NNNNn,296,328,624,0.47
NNNbB,206,233,439,0.47
NNNbD,152,139,291,0.52
NNNbN,281,245,526,0.53
NNNbb,245,205,450,0.54
NNNbn,226,204,430,0.53
NNNnB,225,247,472,0.48
NNNnD,164,169,333,0.49
NNNnN,306,327,633,0.48
NNNnb,304,243,547,0.56
NNNnn,319,322,641,0.5
NNbBB,186,190,376,0.49
NNbBD,121,134,255,0.47
NNbBN,230,230,460,0.5
NNbBb,241,204,445,0.54
NNbBn,223,235,458,0.49
NNbDB,130,138,268,0.49
NNbDD,78,91,169,0.46
NNbDN,149,138,287,0.52
NNbDb,150,145,295,0.51
NNbDn,125,137,262,0.48
NNbNB,214,212,426,0.5
NNbND,163,169,332,0.49
NNbNN,281,301,582,0.48
NNbNb,221,195,416,0.53
NNbNn,260,243,503,0.52
NNbbB,219,213,432,0.51
NNbbD,104,122,226,0.46
NNbbN,232,233,465,0.5
NNbbb,209,190,399,0.52
NNbbn,203,174,377,0.54
NNbnB,191,198,389,0.49
NNbnD,147,150,297,0.49
NNbnN,236,236,472,0.5
NNbnb,230,201,431,0.53
NNbnn,239,233,472,0.51
NNnBB,201,205,406,0.5
NNnBD,140,144,284,0.49
NNnBN,179,230,409,0.44
NNnBb,223,206,429,0.52
NNnBn,232,263,495,0.47
NNnDB,151,146,297,0.51
NNnDD,125,144,269,0.46
NNnDN,153,175,328,0.47
NNnDb,184,175,359,0.51
NNnDn,170,190,360,0.47
NNnNB,243,279,522,0.47
NNnND,187,211,398,0.47
NNnNN,291,323,614,0.47
NNnNb,273,232,505,0.54
NNnNn,350,320,670,0.52
NNnbB,225,235,460,0.49
NNnbD,158,157,315,0.5
NNnbN,276,311,587,0.47
NNnbb,272,210,482,0.56
NNnbn,248,223,471,0.53
NNnnB,252,240,492,0.51
NNnnD,201,205,406,0.5
NNnnN,333,326,659,0.51
NNnnb,307,248,555,0.55
NNnnn,299,300,599,0.5
NbBBB,154,181,335,0.46
NbBBD,113,99,212,0.53
NbBBN,184,201,385,0.48
NbBBb,184,184,368,0.5
NbBBn,211,176,387,0.55
NbBDB,103,109,212,0.49
NbBDD,86,85,171,0.5
NbBDN,129,131,260,0.5
NbBDb,145,110,255,0.57
NbBDn,127,118,245,0.52
NbBNB,184,199,383,0.48
NbBND,140,159,299,0.47
NbBNN,227,222,449,0.51
NbBNb,219,198,417,0.53
NbBNn,251,250,501,0.5
NbBbB,204,210,414,0.49
NbBbD,130,129,259,0.5
NbBbN,190,219,409,0.46
NbBbb,197,167,364,0.54
NbBbn,209,214,423,0.49
NbBnB,166,210,376,0.44
NbBnD,136,143,279,0.49
NbBnN,254,274,528,0.48
NbBnb,204,173,377,0.54
NbBnn,263,232,495,0.53
NbDBB,118,115,233,0.51
NbDBD,80,72,152,0.53
NbDBN,117,128,245,0.48
NbDBb,151,129,280,0.54
NbDBn,137,118,255,0.54
NbDDB,90,101,191,0.47
NbDDD,51,63,114,0.45
NbDDN,85,72,157,0.54
NbDDb,93,82,175,0.53
NbDDn,74,75,149,0.5
NbDNB,125,150,275,0.45
NbDND,69,83,152,0.45
NbDNN,125,125,250,0.5
NbDNb,128,118,246,0.52
NbDNn,153,132,285,0.54
NbDbB,146,139,285,0.51
NbDbD,85,73,158,0.54
NbDbN,126,129,255,0.49
NbDbb,149,131,280,0.53
NbDbn,117,91,208,0.56
NbDnB,99,128,227,0.44
NbDnD,73,77,150,0.49
NbDnN,136,123,259,0.53
NbDnb,153,104,257,0.6
NbDnn,125,136,261,0.48
NbNBB,177,184,361,0.49
NbNBD,101,142,243,0.42
NbNBN,213,244,457,0.47
NbNBb,210,200,410,0.51
NbNBn,222,240,462,0.48
NbNDB,129,136,265,0.49
NbNDD,96,89,185,0.52
NbNDN,143,165,308,0.46
NbNDb,142,135,277,0.51
NbNDn,164,168,332,0.49
NbNNB,215,229,444,0.48
NbNND,162,167,329,0.49
NbNNN,268,284,552,0.49
NbNNb,231,215,446,0.52
NbNNn,272,278,550,0.49
NbNbB,194,200,394,0.49
NbNbD,124,92,216,0.57
NbNbN,205,198,403,0.51
NbNbb,227,168,395,0.57
NbNbn,222,211,433,0.51
NbNnB,189,187,376,0.5
NbNnD,172,186,358,0.48
NbNnN,262,284,546,0.48
NbNnb,228,206,434,0.53
NbNnn,255,235,490,0.52
NbbBB,201,191,392,0.51
NbbBD,133,125,258,0.52
NbbBN,244,239,483,0.51
NbbBb,200,211,411,0.49
NbbBn,254,245,499,0.51
NbbDB,118,119,237,0.5
NbbDD,73,71,144,0.51
NbbDN,106,111,217,0.49
NbbDb,128,109,237,0.54
NbbDn,109,105,214,0.51
NbbNB,215,207,422,0.51
NbbND,134,120,254,0.53
NbbNN,235,215,450,0.52
NbbNb,212,206,418,0.51
NbbNn,248,219,467,0.53
NbbbB,201,237,438,0.46
NbbbD,114,81,195,0.58
NbbbN,211,187,398,0.53
Nbbbb,205,173,378,0.54
Nbbbn,197,180,377,0.52
NbbnB,176,200,376,0.47
NbbnD,124,121,245,0.51
NbbnN,233,193,426,0.55
Nbbnb,181,180,361,0.5
Nbbnn,204,172,376,0.54
NbnBB,142,193,335,0.42
NbnBD,134,97,231,0.58
NbnBN,197,187,384,0.51
NbnBb,190,173,363,0.52
NbnBn,229,209,438,0.52
NbnDB,133,123,256,0.52
NbnDD,79,90,169,0.47
NbnDN,151,148,299,0.51
NbnDb,141,124,265,0.53
NbnDn,156,133,289,0.54
NbnNB,217,211,428,0.51
NbnND,125,153,278,0.45
NbnNN,211,229,440,0.48
NbnNb,205,194,399,0.51
NbnNn,264,236,500,0.53
NbnbB,243,186,429,0.57
NbnbD,123,114,237,0.52
NbnbN,208,211,419,0.5
Nbnbb,205,171,376,0.55
Nbnbn,187,181,368,0.51
NbnnB,221,232,453,0.49
NbnnD,138,140,278,0.5
NbnnN,233,245,478,0.49
Nbnnb,232,183,415,0.56
Nbnnn,276,245,521,0.53
NnBBB,193,193,386,0.5
NnBBD,108,109,217,0.5
NnBBN,166,214,380,0.44
NnBBb,210,202,412,0.51
NnBBn,199,184,383,0.52
NnBDB,107,119,226,0.47
NnBDD,79,93,172,0.46
NnBDN,121,116,237,0.51
NnBDb,140,141,281,0.5
NnBDn,131,121,252,0.52
NnBNB,173,204,377,0.46
NnBND,145,138,283,0.51
NnBNN,215,228,443,0.49
NnBNb,219,223,442,0.5
NnBNn,240,202,442,0.54
NnBbB,173,204,377,0.46
NnBbD,130,122,252,0.52
NnBbN,220,225,445,0.49
NnBbb,194,207,401,0.48
NnBbn,223,205,428,0.52
NnBnB,192,204,396,0.48
NnBnD,153,154,307,0.5
NnBnN,248,251,499,0.5
NnBnb,234,212,446,0.52
NnBnn,246,238,484,0.51
NnDBB,140,155,295,0.47
NnDBD,103,98,201,0.51
NnDBN,155,131,286,0.54
NnDBb,175,158,333,0.53
NnDBn,144,160,304,0.47
NnDDB,108,117,225,0.48
NnDDD,93,64,157,0.59
NnDDN,125,117,242,0.52
NnDDb,133,109,242,0.55
NnDDn,123,110,233,0.53
NnDNB,143,154,297,0.48
NnDND,94,109,203,0.46
NnDNN,164,172,336,0.49
NnDNb,166,146,312,0.53
NnDNn,191,207,398,0.48
NnDbB,190,179,369,0.51
NnDbD,92,92,184,0.5
NnDbN,155,152,307,0.5
NnDbb,182,160,342,0.53
NnDbn,137,150,287,0.48
NnDnB,156,158,314,0.5
NnDnD,114,96,210,0.54
NnDnN,185,173,358,0.52
NnDnb,187,163,350,0.53
NnDnn,189,174,363,0.52
NnNBB,214,208,422,0.51
NnNBD,139,157,296,0.47
NnNBN,217,243,460,0.47
NnNBb,260,225,485,0.54
NnNBn,249,270,519,0.48
NnNDB,148,165,313,0.47
NnNDD,131,118,249,0.53
NnNDN,179,200,379,0.47
NnNDb,202,190,392,0.52
NnNDn,205,222,427,0.48
NnNNB,228,274,502,0.45
NnNND,203,214,417,0.49
NnNNN,304,331,635,0.48
NnNNb,273,252,525,0.52
NnNNn,327,318,645,0.51
NnNbB,260,253,513,0.51
NnNbD,165,133,298,0.55
NnNbN,259,219,478,0.54
NnNbb,263,196,459,0.57
NnNbn,223,220,443,0.5
NnNnB,284,246,530,0.54
NnNnD,189,221,410,0.46
NnNnN,373,356,729,0.51
NnNnb,281,247,528,0.53
NnNnn,370,338,708,0.52
NnbBB,193,213,406,0.48
NnbBD,149,129,278,0.54
NnbBN,220,244,464,0.47
NnbBb,241,222,463,0.52
NnbBn,238,223,461,0.52
NnbDB,140,152,292,0.48
NnbDD,69,103,172,0.4
NnbDN,150,153,303,0.5
NnbDb,140,132,272,0.51
NnbDn,141,136,277,0.51
NnbNB,232,238,470,0.49
NnbND,156,158,314,0.5
NnbNN,268,268,536,0.5
NnbNb,258,229,487,0.53
NnbNn,297,259,556,0.53
NnbbB,247,257,504,0.49
NnbbD,118,111,229,0.52
NnbbN,253,241,494,0.51
Nnbbb,260,201,461,0.56
Nnbbn,217,178,395,0.55
NnbnB,229,213,442,0.52
NnbnD,142,141,283,0.5
NnbnN,256,249,505,0.51
Nnbnb,214,215,429,0.5
Nnbnn,225,213,438,0.51
NnnBB,193,216,409,0.47
NnnBD,160,177,337,0.47
NnnBN,221,238,459,0.48
NnnBb,229,202,431,0.53
NnnBn,244,254,498,0.49
NnnDB,169,193,362,0.47
NnnDD,120,107,227,0.53
NnnDN,190,189,379,0.5
NnnDb,191,183,374,0.51
NnnDn,184,168,352,0.52
NnnNB,218,269,487,0.45
NnnND,184,189,373,0.49
NnnNN,342,294,636,0.54
NnnNb,306,253,559,0.55
NnnNn,333,348,681,0.49
NnnbB,287,225,512,0.56
NnnbD,147,133,280,0.52
NnnbN,271,276,547,0.5
Nnnbb,243,219,462,0.53
Nnnbn,264,204,468,0.56
NnnnB,261,234,495,0.53
NnnnD,206,187,393,0.52
NnnnN,322,309,631,0.51
Nnnnb,272,257,529,0.51
Nnnnn,339,287,626,0.54
bBBBB,177,162,339,0.52
bBBBD,108,98,206,0.52
bBBBN,184,196,380,0.48
bBBBb,166,171,337,0.49
bBBBn,206,189,395,0.52
bBBDB,108,106,214,0.5
bBBDD,84,78,162,0.52
bBBDN,138,118,256,0.54
bBBDb,132,102,234,0.56
bBBDn,118,119,237,0.5
bBBNB,172,188,360,0.48
bBBND,112,140,252,0.44
bBBNN,219,224,443,0.49
bBBNb,198,175,373,0.53
bBBNn,226,266,492,0.46
bBBbB,175,188,363,0.48
bBBbD,115,116,231,0.5
bBBbN,187,240,427,0.44
bBBbb,179,172,351,0.51
bBBbn,225,186,411,0.55
bBBnB,158,156,314,0.5
bBBnD,122,151,273,0.45
bBBnN,224,277,501,0.45
bBBnb,203,174,377,0.54
bBBnn,224,236,460,0.49
bBDBB,105,117,222,0.47
bBDBD,68,66,134,0.51
bBDBN,101,132,233,0.43
bBDBb,111,108,219,0.51
bBDBn,112,122,234,0.48
bBDDB,73,70,143,0.51
bBDDD,76,59,135,0.56
bBDDN,81,114,195,0.42
bBDDb,101,74,175,0.58
bBDDn,107,91,198,0.54
bBDNB,112,116,228,0.49
bBDND,87,89,176,0.49
bBDNN,147,149,296,0.5
bBDNb,115,114,229,0.5
bBDNn,167,154,321,0.52
bBDbB,136,138,274,0.5
bBDbD,91,86,177,0.51
bBDbN,145,160,305,0.48
bBDbb,142,100,242,0.59
bBDbn,125,127,252,0.5
bBDnB,128,141,269,0.48
bBDnD,91,76,167,0.54
bBDnN,136,164,300,0.45
bBDnb,139,110,249,0.56
bBDnn,132,122,254,0.52
bBNBB,148,184,332,0.45
bBNBD,139,126,265,0.52
bBNBN,190,204,394,0.48
bBNBb,202,183,385,0.52
bBNBn,204,189,393,0.52
bBNDB,100,136,236,0.42
bBNDD,106,100,206,0.51
bBNDN,132,148,280,0.47
bBNDb,133,130,263,0.51
bBNDn,161,155,316,0.51
bBNNB,186,210,396,0.47
bBNND,172,152,324,0.53
bBNNN,273,296,569,0.48
bBNNb,225,195,420,0.54
bBNNn,282,296,578,0.49
bBNbB,192,183,375,0.51
bBNbD,120,124,244,0.49
bBNbN,261,226,487,0.54
bBNbb,200,202,402,0.5
bBNbn,232,233,465,0.5
bBNnB,172,196,368,0.47
bBNnD,161,159,320,0.5
bBNnN,299,285,584,0.51
bBNnb,254,222,476,0.53
bBNnn,300,277,577,0.52
bBbBB,180,171,351,0.51
bBbBD,109,119,228,0.48
bBbBN,215,250,465,0.46
bBbBb,187,197,384,0.49
bBbBn,226,235,461,0.49
bBbDB,112,123,235,0.48
bBbDD,85,71,156,0.54
bBbDN,136,133,269,0.51
bBbDb,114,113,227,0.5
bBbDn,140,142,282,0.5
bBbNB,167,200,367,0.46
bBbND,141,151,292,0.48
bBbNN,247,257,504,0.49
bBbNb,223,195,418,0.53
bBbNn,283,286,569,0.5
bBbbB,201,197,398,0.51
bBbbD,112,105,217,0.52
bBbbN,207,209,416,0.5
bBbbb,186,145,331,0.56
bBbbn,203,173,376,0.54
bBbnB,189,202,391,0.48
bBbnD,142,126,268,0.53
bBbnN,243,239,482,0.5
bBbnb,214,175,389,0.55
bBbnn,262,229,491,0.53
bBnBB,156,175,331,0.47
bBnBD,113,134,247,0.46
bBnBN,194,206,400,0.48
bBnBb,187,162,349,0.54
bBnBn,246,225,471,0.52
bBnDB,125,112,237,0.53
bBnDD,81,98,179,0.45
bBnDN,158,155,313,0.5
bBnDb,139,117,256,0.54
bBnDn,166,161,327,0.51
bBnNB,214,206,420,0.51
bBnND,199,187,386,0.52
bBnNN,282,283,565,0.5
bBnNb,247,212,459,0.54
bBnNn,313,341,654,0.48
bBnbB,195,194,389,0.5
bBnbD,101,123,224,0.45
bBnbN,236,240,476,0.5
bBnbb,205,161,366,0.56
bBnbn,220,199,419,0.53
bBnnB,188,227,415,0.45
bBnnD,173,162,335,0.52
bBnnN,260,289,549,0.47
bBnnb,262,198,460,0.57
bBnnn,321,269,590,0.54
bDBBB,112,143,255,0.44
bDBBD,63,72,135,0.47
bDBBN,111,120,231,0.48
bDBBb,122,141,263,0.46
bDBBn,115,131,246,0.47
bDBDB,74,82,156,0.47
bDBDD,52,50,102,0.51
bDBDN,82,72,154,0.53
bDBDb,82,71,153,0.54
bDBDn,93,71,164,0.57
bDBNB,95,129,224,0.42
bDBND,58,94,152,0.38
bDBNN,129,133,262,0.49
bDBNb,137,109,246,0.56
bDBNn,134,120,254,0.53
bDBbB,136,130,266,0.51
bDBbD,84,72,156,0.54
bDBbN,126,160,286,0.44
bDBbb,141,98,239,0.59
bDBbn,130,121,251,0.52
bDBnB,123,121,244,0.5
bDBnD,75,58,133,0.56
bDBnN,124,148,272,0.46
bDBnb,131,116,247,0.53
bDBnn,127,122,249,0.51
bDDBB,73,83,156,0.47
bDDBD,46,58,104,0.44
bDDBN,73,62,135,0.54
bDDBb,97,93,190,0.51
bDDBn,74,69,143,0.52
bDDDB,59,71,130,0.45
bDDDD,46,43,89,0.52
bDDDN,54,52,106,0.51
bDDDb,61,54,115,0.53
bDDDn,53,48,101,0.52
bDDNB,71,78,149,0.48
bDDND,46,57,103,0.45
bDDNN,93,85,178,0.52
bDDNb,75,72,147,0.51
bDDNn,78,61,139,0.56
bDDbB,90,98,188,0.48
bDDbD,60,65,125,0.48
bDDbN,63,80,143,0.44
bDDbb,101,84,185,0.55
bDDbn,81,66,147,0.55
bDDnB,87,69,156,0.56
bDDnD,57,53,110,0.52
bDDnN,70,83,153,0.46
bDDnb,98,67,165,0.59
bDDnn,69,78,147,0.47
bDNBB,105,133,238,0.44
bDNBD,77,74,151,0.51
bDNBN,116,100,216,0.54
bDNBb,132,129,261,0.51
bDNBn,118,129,247,0.48
bDNDB,58,85,143,0.41
bDNDD,53,61,114,0.46
bDNDN,78,80,158,0.49
bDNDb,91,84,175,0.52
bDNDn,71,77,148,0.48
bDNNB,125,117,242,0.52
bDNND,52,88,140,0.37
bDNNN,124,106,230,0.54
bDNNb,110,112,222,0.5
bDNNn,120,116,236,0.51
bDNbB,118,125,243,0.49
bDNbD,52,81,133,0.39
bDNbN,132,114,246,0.54
bDNbb,142,99,241,0.59
bDNbn,103,132,235,0.44
bDNnB,108,134,242,0.45
bDNnD,82,93,175,0.47
bDNnN,132,140,272,0.49
bDNnb,137,122,259,0.53
bDNnn,136,119,255,0.53
bDbBB,121,131,252,0.48
bDbBD,85,78,163,0.52
bDbBN,125,156,281,0.44
bDbBb,150,139,289,0.52
bDbBn,176,119,295,0.6
bDbDB,62,67,129,0.48
bDbDD,43,45,88,0.49
bDbDN,50,81,131,0.38
bDbDb,85,69,154,0.55
bDbDn,74,63,137,0.54
bDbNB,121,130,251,0.48
bDbND,77,87,164,0.47
bDbNN,126,134,260,0.48
bDbNb,107,106,213,0.5
bDbNn,133,119,252,0.53
bDbbB,144,167,311,0.46
bDbbD,75,61,136,0.55
bDbbN,133,120,253,0.53
bDbbb,151,129,280,0.54
bDbbn,117,95,212,0.55
bDbnB,108,117,225,0.48
bDbnD,70,53,123,0.57
bDbnN,112,120,232,0.48
bDbnb,132,99,231,0.57
bDbnn,123,112,235,0.52
bDnBB,111,109,220,0.5
bDnBD,57,59,116,0.49
bDnBN,120,123,243,0.49
bDnBb,139,133,272,0.51
bDnBn,120,105,225,0.53
bDnDB,88,92,180,0.49
bDnDD,64,58,122,0.52
bDnDN,79,67,146,0.54
bDnDb,86,73,159,0.54
bDnDn,84,72,156,0.54
bDnNB,117,123,240,0.49
bDnND,80,70,150,0.53
bDnNN,142,128,270,0.53
bDnNb,118,111,229,0.52
bDnNn,136,122,258,0.53
bDnbB,138,127,265,0.52
bDnbD,77,70,147,0.52
bDnbN,121,114,235,0.51
bDnbb,131,113,244,0.54
bDnbn,106,107,213,0.5
bDnnB,108,113,221,0.49
bDnnD,77,76,153,0.5
bDnnN,118,129,247,0.48
bDnnb,152,108,260,0.58
bDnnn,133,127,260,0.51
bNBBB,143,176,319,0.45
bNBBD,99,120,219,0.45
bNBBN,177,220,397,0.45
bNBBb,178,177,355,0.5
bNBBn,190,212,402,0.47
bNBDB,97,98,195,0.5
bNBDD,90,93,183,0.49
bNBDN,116,121,237,0.49
bNBDb,134,107,241,0.56
bNBDn,125,126,251,0.5
bNBNB,181,170,351,0.52
bNBND,131,148,279,0.47
bNBNN,210,248,458,0.46
bNBNb,221,181,402,0.55
bNBNn,246,222,468,0.53
bNBbB,158,184,342,0.46
bNBbD,97,117,214,0.45
bNBbN,235,222,457,0.51
bNBbb,196,188,384,0.51
bNBbn,217,197,414,0.52
bNBnB,169,175,344,0.49
bNBnD,137,140,277,0.49
bNBnN,240,260,500,0.48
bNBnb,214,184,398,0.54
bNBnn,232,248,480,0.48
bNDBB,105,124,229,0.46
bNDBD,76,75,151,0.5
bNDBN,136,139,275,0.49
bNDBb,150,126,276,0.54
bNDBn,135,137,272,0.5
bNDDB,90,97,187,0.48
bNDDD,84,57,141,0.6
bNDDN,93,76,169,0.55
bNDDb,93,88,181,0.51
bNDDn,90,98,188,0.48
bNDNB,132,130,262,0.5
bNDND,103,83,186,0.55
bNDNN,144,152,296,0.49
bNDNb,169,119,288,0.59
bNDNn,171,162,333,0.51
bNDbB,143,139,282,0.51
bNDbD,77,77,154,0.5
bNDbN,140,118,258,0.54
bNDbb,134,133,267,0.5
bNDbn,127,113,240,0.53
bNDnB,133,142,275,0.48
bNDnD,98,96,194,0.51
bNDnN,143,179,322,0.44
bNDnb,149,115,264,0.56
bNDnn,166,162,328,0.51
bNNBB,171,190,361,0.47
bNNBD,118,116,234,0.5
bNNBN,210,237,447,0.47
bNNBb,219,187,406,0.54
bNNBn,216,218,434,0.5
bNNDB,148,123,271,0.55
bNNDD,86,88,174,0.49
bNNDN,161,154,315,0.51
bNNDb,173,146,319,0.54
bNNDn,185,176,361,0.51
bNNNB,223,233,456,0.49
bNNND,168,167,335,0.5
bNNNN,288,282,570,0.51
bNNNb,215,197,412,0.52
bNNNn,325,306,631,0.52
bNNbB,183,199,382,0.48
bNNbD,140,127,267,0.52
bNNbN,251,251,502,0.5
bNNbb,197,178,375,0.53
bNNbn,227,199,426,0.53
bNNnB,190,219,409,0.46
bNNnD,158,177,335,0.47
bNNnN,301,291,592,0.51
bNNnb,278,215,493,0.56
bNNnn,330,270,600,0.55
bNbBB,182,170,352,0.52
bNbBD,135,118,253,0.53
bNbBN,205,219,424,0.48
bNbBb,188,175,363,0.52
bNbBn,239,211,450,0.53
bNbDB,128,143,271,0.47
bNbDD,94,78,172,0.55
bNbDN,113,114,227,0.5
bNbDb,111,97,208,0.53
bNbDn,103,124,227,0.45
bNbNB,205,193,398,0.52
bNbND,132,142,274,0.48
bNbNN,249,219,468,0.53
bNbNb,182,179,361,0.5
bNbNn,256,241,497,0.52
bNbbB,222,211,433,0.51
bNbbD,99,99,198,0.5
bNbbN,208,191,399,0.52
bNbbb,205,161,366,0.56
bNbbn,187,169,356,0.53
bNbnB,182,213,395,0.46
bNbnD,137,133,270,0.51
bNbnN,234,227,461,0.51
bNbnb,252,155,407,0.62
bNbnn,240,212,452,0.53
bNnBB,174,188,362,0.48
bNnBD,99,144,243,0.41
bNnBN,221,221,442,0.5
bNnBb,205,206,411,0.5
bNnBn,227,209,436,0.52
bNnDB,156,151,307,0.51
bNnDD,107,105,212,0.5
bNnDN,157,156,313,0.5
bNnDb,166,144,310,0.54
bNnDn,176,164,340,0.52
bNnNB,235,225,460,0.51
bNnND,188,199,387,0.49
bNnNN,289,289,578,0.5
bNnNb,268,203,471,0.57
bNnNn,324,302,626,0.52
bNnbB,220,221,441,0.5
bNnbD,139,110,249,0.56
bNnbN,237,230,467,0.51
bNnbb,256,194,450,0.57
bNnbn,227,213,440,0.52
bNnnB,222,238,460,0.48
bNnnD,193,186,379,0.51
bNnnN,263,245,508,0.52
bNnnb,266,223,489,0.54
bNnnn,275,271,546,0.5
bbBBB,185,197,382,0.48
bbBBD,117,125,242,0.48
bbBBN,238,225,463,0.51
bbBBb,194,176,370,0.52
bbBBn,216,225,441,0.49
bbBDB,123,120,243,0.51
bbBDD,83,87,170,0.49
bbBDN,149,138,287,0.52
bbBDb,137,118,255,0.54
bbBDn,152,118,270,0.56
bbBNB,192,193,385,0.5
bbBND,166,147,313,0.53
bbBNN,263,277,540,0.49
bbBNb,226,211,437,0.52
bbBNn,263,270,533,0.49
bbBbB,202,200,402,0.5
bbBbD,140,125,265,0.53
bbBbN,235,232,467,0.5
bbBbb,217,178,395,0.55
bbBbn,238,223,461,0.52
bbBnB,206,222,428,0.48
bbBnD,140,157,297,0.47
bbBnN,271,299,570,0.48
bbBnb,210,197,407,0.52
bbBnn,280,266,546,0.51
bbDBB,129,122,251,0.51
bbDBD,59,83,142,0.42
bbDBN,118,128,246,0.48
bbDBb,118,114,232,0.51
bbDBn,133,126,259,0.51
bbDDB,68,81,149,0.46
bbDDD,46,42,88,0.52
bbDDN,85,64,149,0.57
bbDDb,96,85,181,0.53
bbDDn,76,59,135,0.56
bbDNB,102,90,192,0.53
bbDND,64,69,133,0.48
bbDNN,100,116,216,0.46
bbDNb,108,113,221,0.49
bbDNn,99,126,225,0.44
bbDbB,139,125,264,0.53
bbDbD,52,66,118,0.44
bbDbN,117,90,207,0.57
bbDbb,115,117,232,0.5
bbDbn,109,100,209,0.52
bbDnB,100,101,201,0.5
bbDnD,80,57,137,0.58
bbDnN,117,109,226,0.52
bbDnb,116,92,208,0.56
bbDnn,94,119,213,0.44
bbNBB,188,191,379,0.5
bbNBD,111,142,253,0.44
bbNBN,211,227,438,0.48
bbNBb,180,183,363,0.5
bbNBn,199,207,406,0.49
bbNDB,123,143,266,0.46
bbNDD,94,81,175,0.54
bbNDN,124,136,260,0.48
bbNDb,123,114,237,0.52
bbNDn,134,116,250,0.54
bbNNB,190,194,384,0.49
bbNND,142,165,307,0.46
bbNNN,240,245,485,0.49
bbNNb,214,166,380,0.56
bbNNn,266,236,502,0.53
bbNbB,224,201,425,0.53
bbNbD,117,100,217,0.54
bbNbN,223,208,431,0.52
bbNbb,201,185,386,0.52
bbNbn,221,217,438,0.5
bbNnB,207,213,420,0.49
bbNnD,143,128,271,0.53
bbNnN,264,240,504,0.52
bbNnb,190,206,396,0.48
bbNnn,241,253,494,0.49
bbbBB,204,200,404,0.5
bbbBD,135,129,264,0.51
bbbBN,259,247,506,0.51
bbbBb,226,217,443,0.51
bbbBn,281,244,525,0.54
bbbDB,123,121,244,0.5
bbbDD,79,71,150,0.53
bbbDN,100,117,217,0.46
bbbDb,101,96,197,0.51
bbbDn,93,91,184,0.51
bbbNB,215,214,429,0.5
bbbND,128,92,220,0.58
bbbNN,235,218,453,0.52
bbbNb,216,173,389,0.56
bbbNn,232,187,419,0.55
bbbbB,240,249,489,0.49
bbbbD,101,73,174,0.58
bbbbN,215,194,409,0.53
bbbbb,204,170,374,0.55
bbbbn,180,181,361,0.5
bbbnB,189,193,382,0.49
bbbnD,105,88,193,0.54
bbbnN,202,190,392,0.52
bbbnb,231,158,389,0.59
bbbnn,181,173,354,0.51
bbnBB,159,166,325,0.49
bbnBD,109,109,218,0.5
bbnBN,209,227,436,0.48
bbnBb,192,179,371,0.52
bbnBn,212,202,414,0.51
bbnDB,111,108,219,0.51
bbnDD,79,71,150,0.53
bbnDN,144,125,269,0.54
bbnDb,117,110,227,0.52
bbnDn,123,105,228,0.54
bbnNB,179,200,379,0.47
bbnND,133,108,241,0.55
bbnNN,222,236,458,0.48
bbnNb,173,181,354,0.49
bbnNn,249,205,454,0.55
bbnbB,190,193,383,0.5
bbnbD,101,96,197,0.51
bbnbN,201,194,395,0.51
bbnbb,182,168,350,0.52
bbnbn,200,179,379,0.53
bbnnB,181,188,369,0.49
bbnnD,123,112,235,0.52
bbnnN,206,186,392,0.53
bbnnb,183,180,363,0.5
bbnnn,218,158,376,0.58
bnBBB,133,165,298,0.45
bnBBD,99,108,207,0.48
bnBBN,171,184,355,0.48
bnBBb,179,185,364,0.49
bnBBn,198,197,395,0.5
bnBDB,89,117,206,0.43
bnBDD,70,70,140,0.5
bnBDN,129,137,266,0.48
bnBDb,123,107,230,0.53
bnBDn,139,118,257,0.54
bnBNB,164,181,345,0.48
bnBND,128,142,270,0.47
bnBNN,216,218,434,0.5
bnBNb,172,182,354,0.49
bnBNn,250,244,494,0.51
bnBbB,174,163,337,0.52
bnBbD,129,84,213,0.61
bnBbN,230,197,427,0.54
bnBbb,186,143,329,0.57
bnBbn,224,198,422,0.53
bnBnB,200,174,374,0.53
bnBnD,146,138,284,0.51
bnBnN,257,235,492,0.52
bnBnb,200,189,389,0.51
bnBnn,239,206,445,0.54
bnDBB,95,109,204,0.47
bnDBD,75,76,151,0.5
bnDBN,143,128,271,0.53
bnDBb,139,128,267,0.52
bnDBn,105,130,235,0.45
bnDDB,97,80,177,0.55
bnDDD,58,60,118,0.49
bnDDN,84,71,155,0.54
bnDDb,109,99,208,0.52
bnDDn,78,82,160,0.49
bnDNB,109,151,260,0.42
bnDND,95,100,195,0.49
bnDNN,144,147,291,0.49
bnDNb,118,145,263,0.45
bnDNn,140,130,270,0.52
bnDbB,124,139,263,0.47
bnDbD,71,70,141,0.5
bnDbN,138,111,249,0.55
bnDbb,140,129,269,0.52
bnDbn,126,111,237,0.53
bnDnB,110,128,238,0.46
bnDnD,75,80,155,0.48
bnDnN,142,134,276,0.51
bnDnb,128,123,251,0.51
bnDnn,150,110,260,0.58
bnNBB,155,171,326,0.48
bnNBD,117,112,229,0.51
bnNBN,203,211,414,0.49
bnNBb,223,174,397,0.56
bnNBn,206,217,423,0.49
bnNDB,98,139,237,0.41
bnNDD,87,88,175,0.5
bnNDN,142,148,290,0.49
bnNDb,124,136,260,0.48
bnNDn,135,144,279,0.48
bnNNB,200,188,388,0.52
bnNND,148,182,330,0.45
bnNNN,227,258,485,0.47
bnNNb,211,171,382,0.55
bnNNn,236,277,513,0.46
bnNbB,174,191,365,0.48
bnNbD,108,133,241,0.45
bnNbN,236,210,446,0.53
bnNbb,199,198,397,0.5
bnNbn,174,174,348,0.5
bnNnB,198,228,426,0.46
bnNnD,158,160,318,0.5
bnNnN,249,263,512,0.49
bnNnb,219,234,453,0.48
bnNnn,261,255,516,0.51
bnbBB,196,199,395,0.5
bnbBD,117,123,240,0.49
bnbBN,238,239,477,0.5
bnbBb,213,186,399,0.53
bnbBn,219,212,431,0.51
bnbDB,112,112,224,0.5
bnbDD,59,77,136,0.43
bnbDN,112,131,243,0.46
bnbDb,145,102,247,0.59
bnbDn,127,107,234,0.54
bnbNB,170,201,371,0.46
bnbND,125,138,263,0.48
bnbNN,242,205,447,0.54
bnbNb,208,164,372,0.56
bnbNn,226,233,459,0.49
bnbbB,225,190,415,0.54
bnbbD,91,82,173,0.53
bnbbN,198,201,399,0.5
bnbbb,227,173,400,0.57
bnbbn,182,166,348,0.52
bnbnB,205,180,385,0.53
bnbnD,128,119,247,0.52
bnbnN,179,193,372,0.48
bnbnb,208,135,343,0.61
bnbnn,197,169,366,0.54
bnnBB,171,186,357,0.48
bnnBD,95,109,204,0.47
bnnBN,211,192,403,0.52
bnnBb,203,188,391,0.52
bnnBn,233,206,439,0.53
bnnDB,153,130,283,0.54
bnnDD,71,91,162,0.44
bnnDN,166,145,311,0.53
bnnDb,151,120,271,0.56
bnnDn,144,140,284,0.51
bnnNB,216,220,436,0.5
bnnND,141,149,290,0.49
bnnNN,220,247,467,0.47
bnnNb,210,201,411,0.51
bnnNn,260,239,499,0.52
bnnbB,207,214,421,0.49
bnnbD,108,99,207,0.52
bnnbN,211,182,393,0.54
bnnbb,192,183,375,0.51
bnnbn,176,186,362,0.49
bnnnB,223,234,457,0.49
bnnnD,147,134,281,0.52
bnnnN,254,254,508,0.5
bnnnb,220,181,401,0.55
bnnnn,234,231,465,0.5
nBBBB,158,182,340,0.46
nBBBD,97,108,205,0.47
nBBBN,163,182,345,0.47
nBBBb,200,194,394,0.51
nBBBn,180,189,369,0.49
nBBDB,103,98,201,0.51
nBBDD,67,66,133,0.5
nBBDN,107,98,205,0.52
nBBDb,134,103,237,0.57
nBBDn,103,102,205,0.5
nBBNB,168,177,345,0.49
nBBND,99,123,222,0.45
nBBNN,171,177,348,0.49
nBBNb,201,187,388,0.52
nBBNn,216,206,422,0.51
nBBbB,166,204,370,0.45
nBBbD,109,116,225,0.48
nBBbN,186,232,418,0.44
nBBbb,204,180,384,0.53
nBBbn,197,201,398,0.49
nBBnB,185,177,362,0.51
nBBnD,118,130,248,0.48
nBBnN,239,206,445,0.54
nBBnb,205,198,403,0.51
nBBnn,196,188,384,0.51
nBDBB,91,112,203,0.45
nBDBD,54,70,124,0.44
nBDBN,93,110,203,0.46
nBDBb,118,127,245,0.48
nBDBn,113,118,231,0.49
nBDDB,65,84,149,0.44
nBDDD,57,54,111,0.51
nBDDN,69,79,148,0.47
nBDDb,91,93,184,0.49
nBDDn,76,76,152,0.5
nBDNB,98,94,192,0.51
nBDND,84,95,179,0.47
nBDNN,119,126,245,0.49
nBDNb,131,123,254,0.52
nBDNn,126,140,266,0.47
nBDbB,118,131,249,0.47
nBDbD,64,66,130,0.49
nBDbN,133,109,242,0.55
nBDbb,128,113,241,0.53
nBDbn,131,122,253,0.52
nBDnB,128,124,252,0.51
nBDnD,82,94,176,0.47
nBDnN,139,147,286,0.49
nBDnb,123,113,236,0.52
nBDnn,125,112,237,0.53
nBNBB,143,196,339,0.42
nBNBD,103,102,205,0.5
nBNBN,190,159,349,0.54
nBNBb,205,178,383,0.54
nBNBn,151,208,359,0.42
nBNDB,103,117,220,0.47
nBNDD,89,93,182,0.49
nBNDN,150,143,293,0.51
nBNDb,128,116,244,0.52
nBNDn,152,139,291,0.52
nBNNB,180,194,374,0.48
nBNND,127,129,256,0.5
nBNNN,208,232,440,0.47
nBNNb,202,209,411,0.49
nBNNn,211,242,453,0.47
nBNbB,194,189,383,0.51
nBNbD,110,114,224,0.49
nBNbN,225,188,413,0.54
nBNbb,200,164,364,0.55
nBNbn,202,214,416,0.49
nBNnB,205,210,415,0.49
nBNnD,155,168,323,0.48
nBNnN,271,236,507,0.53
nBNnb,241,209,450,0.54
nBNnn,258,233,491,0.53
nBbBB,160,156,316,0.51
nBbBD,116,128,244,0.48
nBbBN,193,191,384,0.5
nBbBb,178,166,344,0.52
nBbBn,204,203,407,0.5
nBbDB,108,105,213,0.51
nBbDD,82,99,181,0.45
nBbDN,130,124,254,0.51
nBbDb,114,114,228,0.5
nBbDn,124,128,252,0.49
nBbNB,182,188,370,0.49
nBbND,142,138,280,0.51
nBbNN,227,233,460,0.49
nBbNb,175,162,337,0.52
nBbNn,238,258,496,0.48
nBbbB,184,200,384,0.48
nBbbD,125,95,220,0.57
nBbbN,187,195,382,0.49
nBbbb,189,175,364,0.52
nBbbn,206,182,388,0.53
nBbnB,205,205,410,0.5
nBbnD,147,136,283,0.52
nBbnN,216,219,435,0.5
nBbnb,199,190,389,0.51
nBbnn,226,204,430,0.53
nBnBB,152,193,345,0.44
nBnBD,103,90,193,0.53
nBnBN,171,199,370,0.46
nBnBb,179,184,363,0.49
nBnBn,209,193,402,0.52
nBnDB,115,135,250,0.46
nBnDD,102,79,181,0.56
nBnDN,137,123,260,0.53
nBnDb,156,128,284,0.55
nBnDn,152,150,302,0.5
nBnNB,177,209,386,0.46
nBnND,156,179,335,0.47
nBnNN,264,252,516,0.51
nBnNb,229,226,455,0.5
nBnNn,213,292,505,0.42
nBnbB,192,225,417,0.46
nBnbD,121,104,225,0.54
nBnbN,221,197,418,0.53
nBnbb,201,165,366,0.55
nBnbn,221,180,401,0.55
nBnnB,194,210,404,0.48
nBnnD,140,170,310,0.45
nBnnN,250,264,514,0.49
nBnnb,209,209,418,0.5
nBnnn,263,249,512,0.51
nDBBB,161,137,298,0.54
nDBBD,71,89,160,0.44
nDBBN,95,134,229,0.41
nDBBb,169,148,317,0.53
nDBBn,122,127,249,0.49
nDBDB,83,88,171,0.49
nDBDD,45,49,94,0.48
nDBDN,82,90,172,0.48
nDBDb,102,84,186,0.55
nDBDn,70,81,151,0.46
nDBNB,130,133,263,0.49
nDBND,66,72,138,0.48
nDBNN,143,158,301,0.48
nDBNb,130,135,265,0.49
nDBNn,142,135,277,0.51
nDBbB,165,166,331,0.5
nDBbD,85,101,186,0.46
nDBbN,134,149,283,0.47
nDBbb,169,140,309,0.55
nDBbn,129,144,273,0.47
nDBnB,122,124,246,0.5
nDBnD,83,78,161,0.52
nDBnN,117,142,259,0.45
nDBnb,127,145,272,0.47
nDBnn,164,147,311,0.53
nDDBB,105,124,229,0.46
nDDBD,61,59,120,0.51
nDDBN,71,91,162,0.44
nDDBb,118,126,244,0.48
nDDBn,87,109,196,0.44
nDDDB,74,91,165,0.45
nDDDD,63,59,122,0.52
nDDDN,72,65,137,0.53
nDDDb,89,65,154,0.58
nDDDn,59,62,121,0.49
nDDNB,87,83,170,0.51
nDDND,73,68,141,0.52
nDDNN,97,124,221,0.44
nDDNb,104,82,186,0.56
nDDNn,87,91,178,0.49
nDDbB,133,125,258,0.52
nDDbD,66,71,137,0.48
nDDbN,98,99,197,0.5
nDDbb,131,114,245,0.53
nDDbn,91,95,186,0.49
nDDnB,96,92,188,0.51
nDDnD,75,64,139,0.54
nDDnN,104,103,207,0.5
nDDnb,120,95,215,0.56
nDDnn,84,101,185,0.45
nDNBB,134,132,266,0.5
nDNBD,84,89,173,0.49
nDNBN,110,131,241,0.46
nDNBb,164,138,302,0.54
nDNBn,146,139,285,0.51
nDNDB,106,106,212,0.5
nDNDD,68,68,136,0.5
nDNDN,97,74,171,0.57
nDNDb,124,116,240,0.52
nDNDn,106,103,209,0.51
nDNNB,151,144,295,0.51
nDNND,89,109,198,0.45
nDNNN,145,142,287,0.51
nDNNb,179,135,314,0.57
nDNNn,156,168,324,0.48
nDNbB,146,146,292,0.5
nDNbD,115,86,201,0.57
nDNbN,137,152,289,0.47
nDNbb,162,136,298,0.54
nDNbn,141,130,271,0.52
nDNnB,141,167,308,0.46
nDNnD,115,94,209,0.55
nDNnN,176,168,344,0.51
nDNnb,155,141,296,0.52
nDNnn,168,165,333,0.5
nDbBB,157,163,320,0.49
nDbBD,81,91,172,0.47
nDbBN,137,166,303,0.45
nDbBb,187,139,326,0.57
nDbBn,156,156,312,0.5
nDbDB,97,94,191,0.51
nDbDD,44,54,98,0.45
nDbDN,76,57,133,0.57
nDbDb,87,86,173,0.5
nDbDn,99,72,171,0.58
nDbNB,159,141,300,0.53
nDbND,84,96,180,0.47
nDbNN,146,149,295,0.49
nDbNb,153,145,298,0.51
nDbNn,152,136,288,0.53
nDbbB,164,149,313,0.52
nDbbD,88,68,156,0.56
nDbbN,144,159,303,0.48
nDbbb,179,137,316,0.57
nDbbn,151,128,279,0.54
nDbnB,144,138,282,0.51
nDbnD,94,90,184,0.51
nDbnN,123,132,255,0.48
nDbnb,147,125,272,0.54
nDbnn,140,123,263,0.53
nDnBB,135,152,287,0.47
nDnBD,67,84,151,0.44
nDnBN,117,132,249,0.47
nDnBb,138,148,286,0.48
nDnBn,136,140,276,0.49
nDnDB,98,103,201,0.49
nDnDD,73,59,132,0.55
nDnDN,82,109,191,0.43
nDnDb,111,106,217,0.51
nDnDn,89,87,176,0.51
nDnNB,147,153,300,0.49
nDnND,105,110,215,0.49
nDnNN,185,177,362,0.51
nDnNb,186,131,317,0.59
nDnNn,156,153,309,0.5
nDnbB,167,141,308,0.54
nDnbD,81,93,174,0.47
nDnbN,147,137,284,0.52
nDnbb,166,159,325,0.51
nDnbn,129,151,280,0.46
nDnnB,150,142,292,0.51
nDnnD,122,97,219,0.56
nDnnN,175,149,324,0.54
nDnnb,161,137,298,0.54
nDnnn,156,143,299,0.52
nNBBB,167,198,365,0.46
nNBBD,102,119,221,0.46
nNBBN,182,208,390,0.47
nNBBb,209,223,432,0.48
nNBBn,198,193,391,0.51
nNBDB,102,127,229,0.45
nNBDD,82,83,165,0.5
nNBDN,117,132,249,0.47
nNBDb,137,119,256,0.54
nNBDn,132,124,256,0.52
nNBNB,173,194,367,0.47
nNBND,127,124,251,0.51
nNBNN,213,220,433,0.49
nNBNb,244,206,450,0.54
nNBNn,217,245,462,0.47
nNBbB,203,219,422,0.48
nNBbD,142,115,257,0.55
nNBbN,266,239,505,0.53
nNBbb,195,192,387,0.5
nNBbn,222,208,430,0.52
nNBnB,199,181,380,0.52
nNBnD,143,155,298,0.48
nNBnN,233,253,486,0.48
nNBnb,217,204,421,0.52
nNBnn,251,255,506,0.5
nNDBB,122,151,273,0.45
nNDBD,82,92,174,0.47
nNDBN,143,141,284,0.5
nNDBb,162,142,304,0.53
nNDBn,126,147,273,0.46
nNDDB,107,113,220,0.49
nNDDD,84,85,169,0.5
nNDDN,119,114,233,0.51
nNDDb,111,92,203,0.55
nNDDn,111,99,210,0.53
nNDNB,148,160,308,0.48
nNDND,119,106,225,0.53
nNDNN,156,175,331,0.47
nNDNb,176,145,321,0.55
nNDNn,186,187,373,0.5
nNDbB,145,188,333,0.44
nNDbD,100,106,206,0.49
nNDbN,138,143,281,0.49
nNDbb,179,161,340,0.53
nNDbn,154,174,328,0.47
nNDnB,164,150,314,0.52
nNDnD,103,124,227,0.45
nNDnN,186,165,351,0.53
nNDnb,189,174,363,0.52
nNDnn,186,196,382,0.49
nNNBB,202,229,431,0.47
nNNBD,123,150,273,0.45
nNNBN,231,211,442,0.52
nNNBb,243,233,476,0.51
nNNBn,232,222,454,0.51
nNNDB,159,155,314,0.51
nNNDD,119,125,244,0.49
nNNDN,182,196,378,0.48
nNNDb,199,177,376,0.53
nNNDn,196,180,376,0.52
nNNNB,228,233,461,0.49
nNNND,199,169,368,0.54
nNNNN,320,281,601,0.53
nNNNb,296,229,525,0.56
nNNNn,320,295,615,0.52
nNNbB,236,242,478,0.49
nNNbD,136,150,286,0.48
nNNbN,258,246,504,0.51
nNNbb,238,207,445,0.53
nNNbn,227,242,469,0.48
nNNnB,238,260,498,0.48
nNNnD,192,202,394,0.49
nNNnN,288,307,595,0.48
nNNnb,269,245,514,0.52
nNNnn,307,314,621,0.49
nNbBB,171,228,399,0.43
nNbBD,105,122,227,0.46
nNbBN,234,251,485,0.48
nNbBb,229,202,431,0.53
nNbBn,257,228,485,0.53
nNbDB,142,138,280,0.51
nNbDD,90,92,182,0.49
nNbDN,138,135,273,0.51
nNbDb,148,134,282,0.52
nNbDn,142,144,286,0.5
nNbNB,212,245,457,0.46
nNbND,151,144,295,0.51
nNbNN,246,247,493,0.5
nNbNb,225,206,431,0.52
nNbNn,246,214,460,0.53
nNbbB,234,250,484,0.48
nNbbD,126,119,245,0.51
nNbbN,223,240,463,0.48
nNbbb,225,208,433,0.52
nNbbn,241,178,419,0.58
nNbnB,184,209,393,0.47
nNbnD,143,153,296,0.48
nNbnN,220,214,434,0.51
nNbnb,185,170,355,0.52
nNbnn,230,223,453,0.51
nNnBB,213,229,442,0.48
nNnBD,124,147,271,0.46
nNnBN,248,234,482,0.51
nNnBb,254,215,469,0.54
nNnBn,263,246,509,0.52
nNnDB,153,174,327,0.47
nNnDD,147,130,277,0.53
nNnDN,182,193,375,0.49
nNnDb,195,174,369,0.53
nNnDn,210,196,406,0.52
nNnNB,235,294,529,0.44
nNnND,196,221,417,0.47
nNnNN,330,284,614,0.54
nNnNb,286,253,539,0.53
nNnNn,334,329,663,0.5
nNnbB,219,255,474,0.46
nNnbD,178,149,327,0.54
nNnbN,289,255,544,0.53
nNnbb,284,229,513,0.55
nNnbn,243,228,471,0.52
nNnnB,238,279,517,0.46
nNnnD,233,198,431,0.54
nNnnN,313,329,642,0.49
nNnnb,303,249,552,0.55
nNnnn,345,310,655,0.53
nbBBB,192,165,357,0.54
nbBBD,113,113,226,0.5
nbBBN,205,225,430,0.48
nbBBb,217,197,414,0.52
nbBBn,229,213,442,0.52
nbBDB,126,110,236,0.53
nbBDD,98,89,187,0.52
nbBDN,115,136,251,0.46
nbBDb,153,109,262,0.58
nbBDn,159,131,290,0.55
nbBNB,189,180,369,0.51
nbBND,130,142,272,0.48
nbBNN,267,267,534,0.5
nbBNb,263,208,471,0.56
nbBNn,238,242,480,0.5
nbBbB,207,231,438,0.47
nbBbD,121,128,249,0.49
nbBbN,222,239,461,0.48
nbBbb,196,172,368,0.53
nbBbn,223,211,434,0.51
nbBnB,186,191,377,0.49
nbBnD,150,140,290,0.52
nbBnN,243,286,529,0.46
nbBnb,201,189,390,0.52
nbBnn,258,258,516,0.5
nbDBB,116,125,241,0.48
nbDBD,85,73,158,0.54
nbDBN,116,127,243,0.48
nbDBb,163,112,275,0.59
nbDBn,139,125,264,0.53
nbDDB,73,62,135,0.54
nbDDD,68,61,129,0.53
nbDDN,86,74,160,0.54
nbDDb,86,78,164,0.52
nbDDn,88,70,158,0.56
nbDNB,120,131,251,0.48
nbDND,74,76,150,0.49
nbDNN,118,117,235,0.5
nbDNb,125,128,253,0.49
nbDNn,141,141,282,0.5
nbDbB,145,140,285,0.51
nbDbD,51,75,126,0.4
nbDbN,137,126,263,0.52
nbDbb,156,118,274,0.57
nbDbn,101,119,220,0.46
nbDnB,129,113,242,0.53
nbDnD,94,81,175,0.54
nbDnN,117,112,229,0.51
nbDnb,107,113,220,0.49
nbDnn,122,126,248,0.49
nbNBB,182,176,358,0.51
nbNBD,133,108,241,0.55
nbNBN,200,206,406,0.49
nbNBb,214,195,409,0.52
nbNBn,236,240,476,0.5
nbNDB,128,157,285,0.45
nbNDD,75,89,164,0.46
nbNDN,160,147,307,0.52
nbNDb,147,123,270,0.54
nbNDn,154,150,304,0.51
nbNNB,210,237,447,0.47
nbNND,156,155,311,0.5
nbNNN,275,263,538,0.51
nbNNb,242,195,437,0.55
nbNNn,263,274,537,0.49
nbNbB,213,201,414,0.51
nbNbD,125,107,232,0.54
nbNbN,251,230,481,0.52
nbNbb,197,195,392,0.5
nbNbn,211,204,415,0.51
nbNnB,204,224,428,0.48
nbNnD,169,177,346,0.49
nbNnN,272,280,552,0.49
nbNnb,248,208,456,0.54
nbNnn,266,247,513,0.52
nbbBB,231,232,463,0.5
nbbBD,135,128,263,0.51
nbbBN,221,256,477,0.46
nbbBb,222,200,422,0.53
nbbBn,247,215,462,0.53
nbbDB,118,99,217,0.54
nbbDD,68,82,150,0.45
nbbDN,93,93,186,0.5
nbbDb,113,103,216,0.52
nbbDn,108,116,224,0.48
nbbNB,197,205,402,0.49
nbbND,137,126,263,0.52
nbbNN,215,226,441,0.49
nbbNb,220,201,421,0.52
nbbNn,235,238,473,0.5
nbbbB,256,234,490,0.52
nbbbD,119,90,209,0.57
nbbbN,245,215,460,0.53
nbbbb,235,183,418,0.56
nbbbn,217,172,389,0.56
nbbnB,198,165,363,0.55
nbbnD,121,96,217,0.56
nbbnN,210,203,413,0.51
nbbnb,205,167,372,0.55
nbbnn,193,181,374,0.52
nbnBB,209,200,409,0.51
nbnBD,110,119,229,0.48
nbnBN,189,216,405,0.47
nbnBb,216,190,406,0.53
nbnBn,213,210,423,0.5
nbnDB,117,139,256,0.46
nbnDD,79,83,162,0.49
nbnDN,147,132,279,0.53
nbnDb,132,127,259,0.51
nbnDn,120,104,224,0.54
nbnNB,190,192,382,0.5
nbnND,145,128,273,0.53
nbnNN,225,209,434,0.52
nbnNb,246,180,426,0.58
nbnNn,220,240,460,0.48
nbnbB,222,200,422,0.53
nbnbD,124,125,249,0.5
nbnbN,207,212,419,0.49
nbnbb,224,162,386,0.58
nbnbn,174,158,332,0.52
nbnnB,204,196,400,0.51
nbnnD,141,133,274,0.51
nbnnN,221,213,434,0.51
nbnnb,222,152,374,0.59
nbnnn,211,190,401,0.53
nnBBB,176,189,365,0.48
nnBBD,110,107,217,0.51
nnBBN,197,203,400,0.49
nnBBb,203,212,415,0.49
nnBBn,230,201,431,0.53
nnBDB,109,128,237,0.46
nnBDD,80,86,166,0.48
nnBDN,125,125,250,0.5
nnBDb,143,134,277,0.52
nnBDn,148,107,255,0.58
nnBNB,185,199,384,0.48
nnBND,146,140,286,0.51
nnBNN,208,232,440,0.47
nnBNb,208,200,408,0.51
nnBNn,251,238,489,0.51
nnBbB,201,185,386,0.52
nnBbD,121,136,257,0.47
nnBbN,205,198,403,0.51
nnBbb,204,189,393,0.52
nnBbn,206,226,432,0.48
nnBnB,189,198,387,0.49
nnBnD,124,138,262,0.47
nnBnN,232,277,509,0.46
nnBnb,233,193,426,0.55
nnBnn,263,250,513,0.51
nnDBB,159,152,311,0.51
nnDBD,100,99,199,0.5
nnDBN,180,144,324,0.56
nnDBb,185,157,342,0.54
nnDBn,156,155,311,0.5
nnDDB,100,99,199,0.5
nnDDD,88,87,175,0.5
nnDDN,101,90,191,0.53
nnDDb,136,109,245,0.56
nnDDn,108,86,194,0.56
nnDNB,141,171,312,0.45
nnDND,114,133,247,0.46
nnDNN,166,169,335,0.5
nnDNb,156,143,299,0.52
nnDNn,198,149,347,0.57
nnDbB,186,184,370,0.5
nnDbD,80,79,159,0.5
nnDbN,157,155,312,0.5
nnDbb,167,167,334,0.5
nnDbn,144,155,299,0.48
nnDnB,146,164,310,0.47
nnDnD,117,97,214,0.55
nnDnN,179,165,344,0.52
nnDnb,172,164,336,0.51
nnDnn,165,154,319,0.52
nnNBB,190,231,421,0.45
nnNBD,139,121,260,0.53
nnNBN,206,238,444,0.46
nnNBb,275,212,487,0.56
nnNBn,269,214,483,0.56
nnNDB,159,145,304,0.52
nnNDD,126,111,237,0.53
nnNDN,190,167,357,0.53
nnNDb,177,175,352,0.5
nnNDn,187,200,387,0.48
nnNNB,247,234,481,0.51
nnNND,179,180,359,0.5
nnNNN,291,276,567,0.51
nnNNb,269,227,496,0.54
nnNNn,276,308,584,0.47
nnNbB,228,236,464,0.49
nnNbD,140,155,295,0.47
nnNbN,254,268,522,0.49
nnNbb,255,206,461,0.55
nnNbn,234,203,437,0.54
nnNnB,253,266,519,0.49
nnNnD,200,204,404,0.5
nnNnN,349,277,626,0.56
nnNnb,283,258,541,0.52
nnNnn,316,321,637,0.5
nnbBB,212,222,434,0.49
nnbBD,128,137,265,0.48
nnbBN,259,266,525,0.49
nnbBb,254,177,431,0.59
nnbBn,247,236,483,0.51
nnbDB,125,150,275,0.45
nnbDD,71,68,139,0.51
nnbDN,127,131,258,0.49
nnbDb,128,127,255,0.5
nnbDn,129,110,239,0.54
nnbNB,193,206,399,0.48
nnbND,135,163,298,0.45
nnbNN,247,277,524,0.47
nnbNb,230,207,437,0.53
nnbNn,246,248,494,0.5
nnbbB,256,232,488,0.52
nnbbD,102,112,214,0.48
nnbbN,201,226,427,0.47
nnbbb,251,201,452,0.56
nnbbn,220,200,420,0.52
nnbnB,208,224,432,0.48
nnbnD,124,110,234,0.53
nnbnN,187,200,387,0.48
nnbnb,245,198,443,0.55
nnbnn,212,187,399,0.53
nnnBB,212,242,454,0.47
nnnBD,119,130,249,0.48
nnnBN,245,250,495,0.49
nnnBb,214,236,450,0.48
nnnBn,241,217,458,0.53
nnnDB,173,167,340,0.51
nnnDD,133,135,268,0.5
nnnDN,153,152,305,0.5
nnnDb,182,168,350,0.52
nnnDn,172,173,345,0.5
nnnNB,237,266,503,0.47
nnnND,194,192,386,0.5
nnnNN,300,271,571,0.53
nnnNb,277,225,502,0.55
nnnNn,312,314,626,0.5
nnnbB,246,259,505,0.49
nnnbD,140,115,255,0.55
nnnbN,228,233,461,0.49
nnnbb,253,221,474,0.53
nnnbn,213,217,430,0.5
nnnnB,255,238,493,0.52
nnnnD,187,174,361,0.52
nnnnN,268,302,570,0.47
nnnnb,258,228,486,0.53
nnnnn,279,262,541,0.52
