candlestick_code3,label_increase,label_decrease,occurrence,percentage
BBB,362,419,781,0.46
BBD,57,52,109,0.52
BBH,6,2,8,0.75
BBI,0,2,2,0.0
BBK,37,28,65,0.57
BBL,73,99,172,0.42
BBM,247,323,570,0.43
BBN,342,379,721,0.47
BBP,401,402,803,0.5
BBS,147,139,286,0.51
BBb,325,302,627,0.52
BBh,24,23,47,0.51
BBj,57,65,122,0.47
BBl,99,101,200,0.5
BBm,379,327,706,0.54
BBn,446,412,858,0.52
BBs,137,138,275,0.5
BBt,52,43,95,0.55
BDB,45,59,104,0.43
BDD,38,20,58,0.66
BDH,50,61,111,0.45
BDI,8,4,12,0.67
BDK,1,1,2,0.5
BDL,28,22,50,0.56
BDM,58,76,134,0.43
BDN,46,61,107,0.43
BDP,67,72,139,0.48
BDS,53,52,105,0.5
BDb,46,49,95,0.48
BDh,3,4,7,0.43
BDl,23,18,41,0.56
BDm,93,82,175,0.53
BDn,51,49,100,0.51
BDs,45,55,100,0.45
BDt,5,5,10,0.5
BHB,5,3,8,0.62
BHD,1,0,1,1.0
BHH,1,1,2,0.5
BHI,0,1,1,0.0
BHK,1,0,1,1.0
BHL,2,1,3,0.67
BHM,6,5,11,0.55
BHN,1,4,5,0.2
BHP,4,3,7,0.57
BHS,2,3,5,0.4
BHb,3,1,4,0.75
BHh,1,1,2,0.5
BHl,2,0,2,1.0
BHm,4,3,7,0.57
BHn,3,0,3,1.0
BHs,4,2,6,0.67
BIB,3,1,4,0.75
BIL,0,0,0,
BIM,1,0,1,1.0
BIb,2,1,3,0.67
BIm,1,1,2,0.5
BIn,0,1,1,0.0
BIs,0,1,1,0.0
BKB,31,31,62,0.5
BKD,8,11,19,0.42
BKH,8,2,10,0.8
BKI,4,10,14,0.29
BKK,1,0,1,1.0
BKL,14,14,28,0.5
BKM,40,57,97,0.41
BKN,32,42,74,0.43
BKP,54,58,112,0.48
BKS,27,32,59,0.46
BKb,31,25,56,0.55
BKh,30,41,71,0.42
BKl,17,14,31,0.55
BKm,57,56,113,0.5
BKn,33,31,64,0.52
BKs,29,33,62,0.47
BKt,6,3,9,0.67
BLB,80,92,172,0.47
BLD,12,12,24,0.5
BLH,0,2,2,0.0
BLK,4,8,12,0.33
BLL,21,35,56,0.38
BLM,67,92,159,0.42
BLN,73,86,159,0.46
BLP,139,114,253,0.55
BLS,43,38,81,0.53
BLb,99,81,180,0.55
BLh,27,35,62,0.44
BLj,18,25,43,0.42
BLl,38,40,78,0.49
BLm,124,119,243,0.51
BLn,105,139,244,0.43
BLs,54,45,99,0.55
BLt,12,13,25,0.48
BMB,267,326,593,0.45
BMD,58,47,105,0.55
BMH,3,3,6,0.5
BMI,1,1,2,0.5
BMK,3,5,8,0.38
BML,67,60,127,0.53
BMM,223,280,503,0.44
BMN,268,305,573,0.47
BMP,326,335,661,0.49
BMS,127,168,295,0.43
BMb,306,290,596,0.51
BMh,225,230,455,0.49
BMj,42,41,83,0.51
BMl,87,80,167,0.52
BMm,432,322,754,0.57
BMn,376,364,740,0.51
BMs,165,159,324,0.51
BMt,36,27,63,0.57
BNB,284,360,644,0.44
BND,66,74,140,0.47
BNH,51,46,97,0.53
BNI,7,13,20,0.35
BNK,27,33,60,0.45
BNL,83,94,177,0.47
BNM,242,394,636,0.38
BNN,397,440,837,0.47
BNP,462,512,974,0.47
BNS,191,284,475,0.4
BNb,255,292,547,0.47
BNh,127,131,258,0.49
BNl,95,92,187,0.51
BNm,425,404,829,0.51
BNn,491,469,960,0.51
BNs,253,242,495,0.51
BNt,50,36,86,0.58
BPB,317,372,689,0.46
BPD,69,66,135,0.51
BPH,91,103,194,0.47
BPI,38,41,79,0.48
BPK,48,55,103,0.47
BPL,125,164,289,0.43
BPM,331,412,743,0.45
BPN,399,451,850,0.47
BPP,582,626,1208,0.48
BPS,259,269,528,0.49
BPb,332,293,625,0.53
BPh,46,54,100,0.46
BPl,163,142,305,0.53
BPm,475,455,930,0.51
BPn,377,379,756,0.5
BPs,228,249,477,0.48
BPt,34,25,59,0.58
BSB,136,157,293,0.46
BSD,35,35,70,0.5
BSH,59,74,133,0.44
BSI,11,3,14,0.79
BSK,3,2,5,0.6
BSL,44,55,99,0.44
BSM,191,216,407,0.47
BSN,171,187,358,0.48
BSP,205,201,406,0.5
BSS,166,187,353,0.47
BSb,128,143,271,0.47
BSh,73,77,150,0.49
BSl,50,60,110,0.45
BSm,202,170,372,0.54
BSn,163,165,328,0.5
BSs,166,164,330,0.5
BSt,21,23,44,0.48
BbB,289,287,576,0.5
BbD,39,40,79,0.49
BbH,68,90,158,0.43
BbI,41,34,75,0.55
BbJ,70,84,154,0.45
BbK,28,34,62,0.45
BbL,72,96,168,0.43
BbM,228,317,545,0.42
BbN,340,379,719,0.47
BbP,380,353,733,0.52
BbS,128,179,307,0.42
Bbb,250,234,484,0.52
Bbh,3,2,5,0.6
Bbl,89,88,177,0.5
Bbm,291,243,534,0.54
Bbn,300,258,558,0.54
Bbs,157,135,292,0.54
Bbt,1,0,1,1.0
BhB,34,27,61,0.56
BhD,3,8,11,0.27
BhH,3,4,7,0.43
BhI,2,5,7,0.29
BhK,0,0,0,
BhL,16,16,32,0.5
BhM,24,41,65,0.37
BhN,31,33,64,0.48
BhP,32,47,79,0.41
BhS,22,21,43,0.51
Bhb,34,25,59,0.58
Bhh,28,27,55,0.51
Bhl,9,12,21,0.43
Bhm,37,39,76,0.49
Bhn,44,44,88,0.5
Bhs,28,24,52,0.54
Bht,5,3,8,0.62
BjB,58,89,147,0.39
BjD,8,8,16,0.5
BjH,14,13,27,0.52
BjI,9,4,13,0.69
BjK,4,3,7,0.57
BjL,23,30,53,0.43
BjM,51,80,131,0.39
BjN,75,54,129,0.58
BjP,81,81,162,0.5
BjS,44,54,98,0.45
Bjb,70,62,132,0.53
Bjh,10,13,23,0.43
Bjl,15,21,36,0.42
Bjm,71,84,155,0.46
Bjn,64,70,134,0.48
Bjs,51,40,91,0.56
Bjt,6,10,16,0.38
BlB,92,90,182,0.51
BlD,12,14,26,0.46
BlH,62,57,119,0.52
BlI,11,10,21,0.52
BlJ,28,26,54,0.52
BlK,5,7,12,0.42
BlL,33,38,71,0.46
BlM,88,98,186,0.47
BlN,96,132,228,0.42
BlP,118,114,232,0.51
BlS,72,70,142,0.51
Blb,69,67,136,0.51
Blh,0,1,1,0.0
Bll,33,23,56,0.59
Blm,122,86,208,0.59
Bln,93,89,182,0.51
Bls,62,67,129,0.48
BmB,240,325,565,0.42
BmD,112,97,209,0.54
BmH,239,313,552,0.43
BmI,29,18,47,0.62
BmJ,67,60,127,0.53
BmK,5,10,15,0.33
BmL,93,107,200,0.46
BmM,315,430,745,0.42
BmN,434,436,870,0.5
BmP,440,427,867,0.51
BmS,211,242,453,0.47
Bmb,310,251,561,0.55
Bmh,1,0,1,1.0
Bml,93,71,164,0.57
Bmm,405,336,741,0.55
Bmn,367,321,688,0.53
Bms,223,223,446,0.5
Bmt,0,1,1,0.0
BnB,335,351,686,0.49
BnD,74,70,144,0.51
BnH,195,197,392,0.5
BnI,65,70,135,0.48
BnK,28,53,81,0.35
BnL,118,106,224,0.53
BnM,351,437,788,0.45
BnN,545,547,1092,0.5
BnP,555,551,1106,0.5
BnS,263,291,554,0.47
Bnb,321,290,611,0.53
Bnh,19,31,50,0.38
Bnl,132,111,243,0.54
Bnm,452,382,834,0.54
Bnn,473,452,925,0.51
Bns,287,267,554,0.52
Bnt,3,3,6,0.5
BsB,108,124,232,0.47
BsD,38,37,75,0.51
BsH,130,151,281,0.46
BsI,28,24,52,0.54
BsK,4,4,8,0.5
BsL,40,42,82,0.49
BsM,164,169,333,0.49
BsN,180,184,364,0.49
BsP,200,216,416,0.48
BsS,168,176,344,0.49
Bsb,116,102,218,0.53
Bsh,10,8,18,0.56
Bsl,54,45,99,0.55
Bsm,180,151,331,0.54
Bsn,182,162,344,0.53
Bss,146,144,290,0.5
Bst,1,3,4,0.25
BtB,35,36,71,0.49
BtD,7,4,11,0.64
BtH,21,21,42,0.5
BtI,2,2,4,0.5
BtK,3,2,5,0.6
BtL,11,17,28,0.39
BtM,34,55,89,0.38
BtN,45,43,88,0.51
BtP,45,61,106,0.42
BtS,33,33,66,0.5
Btb,32,32,64,0.5
Bth,2,1,3,0.67
Btl,7,12,19,0.37
Btm,49,44,93,0.53
Btn,38,42,80,0.48
Bts,23,27,50,0.46
Btt,12,8,20,0.6
DBB,61,74,135,0.45
DBD,19,21,40,0.48
DBK,15,17,32,0.47
DBL,14,22,36,0.39
DBM,58,86,144,0.4
DBN,68,72,140,0.49
DBP,68,84,152,0.45
DBS,50,39,89,0.56
DBb,64,41,105,0.61
DBh,4,10,14,0.29
DBj,16,8,24,0.67
DBl,22,18,40,0.55
DBm,98,75,173,0.57
DBn,76,75,151,0.5
DBs,39,29,68,0.57
DBt,5,5,10,0.5
DDB,38,33,71,0.54
DDD,64,21,85,0.75
DDH,29,34,63,0.46
DDI,4,2,6,0.67
DDK,0,0,0,
DDL,17,15,32,0.53
DDM,57,52,109,0.52
DDN,30,30,60,0.5
DDP,46,51,97,0.47
DDS,32,37,69,0.46
DDb,21,30,51,0.41
DDh,1,3,4,0.25
DDl,7,14,21,0.33
DDm,60,70,130,0.46
DDn,23,23,46,0.5
DDs,24,34,58,0.41
DDt,5,3,8,0.62
DHB,48,50,98,0.49
DHD,23,20,43,0.53
DHH,14,17,31,0.45
DHI,4,11,15,0.27
DHK,4,3,7,0.57
DHL,24,19,43,0.56
DHM,76,85,161,0.47
DHN,54,55,109,0.5
DHP,79,74,153,0.52
DHS,68,63,131,0.52
DHb,53,59,112,0.47
DHh,49,38,87,0.56
DHl,29,16,45,0.64
DHm,113,87,200,0.56
DHn,65,51,116,0.56
DHs,56,51,107,0.52
DHt,7,3,10,0.7
DIB,3,5,8,0.38
DID,4,3,7,0.57
DIH,3,7,10,0.3
DII,1,0,1,1.0
DIL,4,4,8,0.5
DIM,7,7,14,0.5
DIN,9,2,11,0.82
DIP,6,9,15,0.4
DIS,5,6,11,0.45
DIb,4,5,9,0.44
DIh,1,0,1,1.0
DIl,3,1,4,0.75
DIm,6,9,15,0.4
DIn,7,5,12,0.58
DIs,6,5,11,0.55
DIt,0,0,0,
DKB,2,0,2,1.0
DKD,2,0,2,1.0
DKH,0,1,1,0.0
DKI,0,0,0,
DKM,1,3,4,0.25
DKN,0,1,1,0.0
DKP,2,0,2,1.0
DKS,0,1,1,0.0
DKb,0,1,1,0.0
DKl,0,1,1,0.0
DKm,1,1,2,0.5
DKn,0,0,0,
DKs,0,0,0,
DLB,21,31,52,0.4
DLD,7,9,16,0.44
DLH,1,0,1,1.0
DLK,1,7,8,0.12
DLL,8,13,21,0.38
DLM,23,44,67,0.34
DLN,19,21,40,0.48
DLP,35,25,60,0.58
DLS,26,12,38,0.68
DLb,17,19,36,0.47
DLh,7,9,16,0.44
DLj,3,2,5,0.6
DLl,8,13,21,0.38
DLm,41,26,67,0.61
DLn,25,30,55,0.45
DLs,11,16,27,0.41
DLt,4,6,10,0.4
DMB,98,102,200,0.49
DMD,45,33,78,0.58
DMH,0,4,4,0.0
DMK,0,2,2,0.0
DML,20,24,44,0.45
DMM,104,148,252,0.41
DMN,74,94,168,0.44
DMP,107,98,205,0.52
DMS,69,79,148,0.47
DMb,77,83,160,0.48
DMh,80,102,182,0.44
DMj,8,14,22,0.36
DMl,25,29,54,0.46
DMm,170,125,295,0.58
DMn,100,117,217,0.46
DMs,64,81,145,0.44
DMt,5,9,14,0.36
DNB,54,65,119,0.45
DND,27,17,44,0.61
DNH,17,12,29,0.59
DNI,1,3,4,0.25
DNK,6,12,18,0.33
DNL,17,19,36,0.47
DNM,78,92,170,0.46
DNN,93,69,162,0.57
DNP,73,100,173,0.42
DNS,65,50,115,0.57
DNb,49,43,92,0.53
DNh,20,13,33,0.61
DNl,20,23,43,0.47
DNm,99,72,171,0.58
DNn,88,91,179,0.49
DNs,57,46,103,0.55
DNt,11,12,23,0.48
DPB,69,95,164,0.42
DPD,28,22,50,0.56
DPH,23,25,48,0.48
DPI,7,8,15,0.47
DPK,20,9,29,0.69
DPL,39,44,83,0.47
DPM,87,134,221,0.39
DPN,73,81,154,0.47
DPP,112,126,238,0.47
DPS,69,79,148,0.47
DPb,73,69,142,0.51
DPh,8,10,18,0.44
DPl,35,30,65,0.54
DPm,144,112,256,0.56
DPn,69,69,138,0.5
DPs,68,64,132,0.52
DPt,10,9,19,0.53
DSB,65,68,133,0.49
DSD,39,18,57,0.68
DSH,27,30,57,0.47
DSI,5,3,8,0.62
DSK,3,2,5,0.6
DSL,34,21,55,0.62
DSM,97,95,192,0.51
DSN,67,63,130,0.52
DSP,89,74,163,0.55
DSS,82,90,172,0.48
DSb,62,56,118,0.53
DSh,43,39,82,0.52
DSl,22,15,37,0.59
DSm,94,95,189,0.5
DSn,73,59,132,0.55
DSs,101,92,193,0.52
DSt,7,7,14,0.5
DbB,57,61,118,0.48
DbD,11,17,28,0.39
DbH,14,14,28,0.5
DbI,11,5,16,0.69
DbJ,20,13,33,0.61
DbK,9,15,24,0.38
DbL,19,16,35,0.54
DbM,77,73,150,0.51
DbN,73,53,126,0.58
DbP,76,54,130,0.58
DbS,41,34,75,0.55
Dbb,67,54,121,0.55
Dbl,16,22,38,0.42
Dbm,85,77,162,0.52
Dbn,49,60,109,0.45
Dbs,31,31,62,0.5
DhB,2,2,4,0.5
DhD,0,1,1,0.0
DhH,1,0,1,1.0
DhI,1,1,2,0.5
DhK,0,1,1,0.0
DhL,1,1,2,0.5
DhM,4,3,7,0.57
DhN,2,4,6,0.33
DhP,6,7,13,0.46
DhS,5,4,9,0.56
Dhb,2,1,3,0.67
Dhh,1,3,4,0.25
Dhl,2,1,3,0.67
Dhm,4,6,10,0.4
Dhn,5,7,12,0.42
Dhs,2,3,5,0.4
DlB,28,23,51,0.55
DlD,6,5,11,0.55
DlH,12,15,27,0.44
DlI,0,0,0,
DlJ,8,10,18,0.44
DlK,1,2,3,0.33
DlL,16,7,23,0.7
DlM,26,17,43,0.6
DlN,26,18,44,0.59
DlP,20,18,38,0.53
DlS,17,14,31,0.55
Dlb,25,22,47,0.53
Dll,10,10,20,0.5
Dlm,36,33,69,0.52
Dln,21,10,31,0.68
Dls,12,19,31,0.39
DmB,101,109,210,0.48
DmD,50,46,96,0.52
DmH,81,97,178,0.46
DmI,6,6,12,0.5
DmJ,17,16,33,0.52
DmK,0,5,5,0.0
DmL,31,25,56,0.55
DmM,120,135,255,0.47
DmN,104,109,213,0.49
DmP,85,106,191,0.45
DmS,79,92,171,0.46
Dmb,95,99,194,0.49
Dmh,2,7,9,0.22
Dml,23,22,45,0.51
Dmm,149,119,268,0.56
Dmn,95,66,161,0.59
Dms,71,50,121,0.59
Dmt,0,0,0,
DnB,36,61,97,0.37
DnD,30,20,50,0.6
DnH,39,39,78,0.5
DnI,7,10,17,0.41
DnK,8,5,13,0.62
DnL,18,12,30,0.6
DnM,72,90,162,0.44
DnN,80,83,163,0.49
DnP,81,92,173,0.47
DnS,65,55,120,0.54
Dnb,61,60,121,0.5
Dnh,1,2,3,0.33
Dnl,20,15,35,0.57
Dnm,89,73,162,0.55
Dnn,59,64,123,0.48
Dns,39,43,82,0.48
DsB,34,47,81,0.42
DsD,27,23,50,0.54
DsH,61,62,123,0.5
DsI,6,6,12,0.5
DsK,0,2,2,0.0
DsL,16,20,36,0.44
DsM,58,80,138,0.42
DsN,60,49,109,0.55
DsP,61,76,137,0.45
DsS,75,77,152,0.49
Dsb,50,44,94,0.53
Dsh,5,1,6,0.83
Dsl,15,20,35,0.43
Dsm,75,63,138,0.54
Dsn,54,46,100,0.54
Dss,50,56,106,0.47
Dst,0,1,1,0.0
DtB,11,7,18,0.61
DtD,3,4,7,0.43
DtH,3,5,8,0.38
DtK,1,0,1,1.0
DtL,1,6,7,0.14
DtM,7,12,19,0.37
DtN,13,11,24,0.54
DtP,9,11,20,0.45
DtS,6,8,14,0.43
Dtb,6,2,8,0.75
Dtl,1,5,6,0.17
Dtm,17,3,20,0.85
Dtn,7,10,17,0.41
Dts,4,7,11,0.36
Dtt,3,1,4,0.75
HBB,125,104,229,0.55
HBD,21,17,38,0.55
HBH,2,1,3,0.67
HBI,0,2,2,0.0
HBK,12,18,30,0.4
HBL,27,46,73,0.37
HBM,89,117,206,0.43
HBN,109,123,232,0.47
HBP,123,116,239,0.51
HBS,70,67,137,0.51
HBb,94,86,180,0.52
HBh,8,12,20,0.4
HBj,19,21,40,0.48
HBl,51,25,76,0.67
HBm,117,102,219,0.53
HBn,110,116,226,0.49
HBs,59,45,104,0.57
HBt,8,16,24,0.33
HDB,25,19,44,0.57
HDD,10,6,16,0.62
HDH,30,27,57,0.53
HDI,2,2,4,0.5
HDK,1,0,1,1.0
HDL,12,6,18,0.67
HDM,31,38,69,0.45
HDN,23,28,51,0.45
HDP,30,31,61,0.49
HDS,35,32,67,0.52
HDb,23,20,43,0.53
HDh,2,3,5,0.4
HDl,9,8,17,0.53
HDm,45,32,77,0.58
HDn,30,27,57,0.53
HDs,21,24,45,0.47
HDt,3,1,4,0.75
HHB,26,22,48,0.54
HHD,8,8,16,0.5
HHH,8,15,23,0.35
HHI,5,3,8,0.62
HHK,11,5,16,0.69
HHL,4,4,8,0.5
HHM,26,33,59,0.44
HHN,38,22,60,0.63
HHP,24,26,50,0.48
HHS,37,37,74,0.5
HHb,25,20,45,0.56
HHh,9,9,18,0.5
HHl,11,2,13,0.85
HHm,31,21,52,0.6
HHn,18,26,44,0.41
HHs,34,30,64,0.53
HHt,1,0,1,1.0
HIB,7,13,20,0.35
HID,6,2,8,0.75
HIH,8,17,25,0.32
HII,2,2,4,0.5
HIK,3,0,3,1.0
HIL,7,8,15,0.47
HIM,16,31,47,0.34
HIN,20,16,36,0.56
HIP,24,23,47,0.51
HIS,14,17,31,0.45
HIb,16,15,31,0.52
HIl,8,2,10,0.8
HIm,24,22,46,0.52
HIn,15,18,33,0.45
HIs,9,15,24,0.38
HIt,0,2,2,0.0
HKB,18,9,27,0.67
HKD,1,2,3,0.33
HKH,1,1,2,0.5
HKI,3,0,3,1.0
HKK,0,1,1,0.0
HKL,6,2,8,0.75
HKM,14,14,28,0.5
HKN,14,10,24,0.58
HKP,13,17,30,0.43
HKS,10,9,19,0.53
HKb,11,7,18,0.61
HKh,8,6,14,0.57
HKl,4,4,8,0.5
HKm,13,18,31,0.42
HKn,5,5,10,0.5
HKs,11,11,22,0.5
HKt,2,0,2,1.0
HLB,33,33,66,0.5
HLD,5,13,18,0.28
HLH,1,0,1,1.0
HLK,5,4,9,0.56
HLL,11,9,20,0.55
HLM,43,49,92,0.47
HLN,26,45,71,0.37
HLP,37,57,94,0.39
HLS,28,32,60,0.47
HLb,34,30,64,0.53
HLh,7,20,27,0.26
HLj,6,7,13,0.46
HLl,20,18,38,0.53
HLm,51,41,92,0.55
HLn,38,47,85,0.45
HLs,30,28,58,0.52
HLt,3,6,9,0.33
HMB,109,111,220,0.5
HMD,22,29,51,0.43
HMH,2,1,3,0.67
HMI,2,0,2,1.0
HMK,3,6,9,0.33
HML,34,35,69,0.49
HMM,120,160,280,0.43
HMN,108,150,258,0.42
HMP,151,164,315,0.48
HMS,91,113,204,0.45
HMb,118,115,233,0.51
HMh,101,124,225,0.45
HMj,28,24,52,0.54
HMl,43,50,93,0.46
HMm,176,146,322,0.55
HMn,175,181,356,0.49
HMs,108,102,210,0.51
HMt,17,15,32,0.53
HNB,95,100,195,0.49
HND,30,27,57,0.53
HNH,29,27,56,0.52
HNI,5,3,8,0.62
HNK,14,20,34,0.41
HNL,36,32,68,0.53
HNM,137,155,292,0.47
HNN,154,183,337,0.46
HNP,191,183,374,0.51
HNS,105,124,229,0.46
HNb,97,108,205,0.47
HNh,39,59,98,0.4
HNl,36,45,81,0.44
HNm,166,120,286,0.58
HNn,193,192,385,0.5
HNs,127,104,231,0.55
HNt,22,16,38,0.58
HPB,138,128,266,0.52
HPD,34,21,55,0.62
HPH,55,53,108,0.51
HPI,23,14,37,0.62
HPK,20,24,44,0.45
HPL,54,59,113,0.48
HPM,175,229,404,0.43
HPN,165,176,341,0.48
HPP,228,197,425,0.54
HPS,135,125,260,0.52
HPb,154,120,274,0.56
HPh,16,23,39,0.41
HPl,73,54,127,0.57
HPm,209,182,391,0.53
HPn,153,125,278,0.55
HPs,126,98,224,0.56
HPt,13,18,31,0.42
HSB,80,89,169,0.47
HSD,27,30,57,0.47
HSH,48,57,105,0.46
HSI,4,5,9,0.44
HSK,6,5,11,0.55
HSL,33,35,68,0.49
HSM,107,155,262,0.41
HSN,103,90,193,0.53
HSP,102,124,226,0.45
HSS,150,183,333,0.45
HSb,82,73,155,0.53
HSh,61,79,140,0.44
HSl,35,40,75,0.47
HSm,148,127,275,0.54
HSn,110,97,207,0.53
HSs,123,126,249,0.49
HSt,20,11,31,0.65
HbB,93,78,171,0.54
HbD,24,18,42,0.57
HbH,21,25,46,0.46
HbI,8,6,14,0.57
HbJ,32,24,56,0.57
HbK,17,28,45,0.38
HbL,37,40,77,0.48
HbM,96,117,213,0.45
HbN,153,106,259,0.59
HbP,131,119,250,0.52
HbS,62,60,122,0.51
Hbb,120,107,227,0.53
Hbh,0,2,2,0.0
Hbl,28,31,59,0.47
Hbm,110,100,210,0.52
Hbn,97,91,188,0.52
Hbs,51,44,95,0.54
HhB,45,48,93,0.48
HhD,8,11,19,0.42
HhH,16,19,35,0.46
HhI,5,5,10,0.5
HhK,2,5,7,0.29
HhL,14,30,44,0.32
HhM,75,88,163,0.46
HhN,54,55,109,0.5
HhP,72,75,147,0.49
HhS,70,59,129,0.54
Hhb,60,44,104,0.58
Hhh,53,57,110,0.48
Hhl,18,36,54,0.33
Hhm,81,80,161,0.5
Hhn,58,62,120,0.48
Hhs,53,47,100,0.53
Hht,6,2,8,0.75
HlB,36,52,88,0.41
HlD,14,4,18,0.78
HlH,29,17,46,0.63
HlI,4,3,7,0.57
HlJ,8,15,23,0.35
HlK,2,3,5,0.4
HlL,18,20,38,0.47
HlM,54,42,96,0.56
HlN,56,57,113,0.5
HlP,51,46,97,0.53
HlS,31,30,61,0.51
Hlb,30,37,67,0.45
Hlh,3,0,3,1.0
Hll,8,13,21,0.38
Hlm,45,34,79,0.57
Hln,39,30,69,0.57
Hls,28,22,50,0.56
HmB,120,135,255,0.47
HmD,51,36,87,0.59
HmH,119,125,244,0.49
HmI,14,4,18,0.78
HmJ,34,35,69,0.49
HmK,4,4,8,0.5
HmL,50,43,93,0.54
HmM,177,233,410,0.43
HmN,148,170,318,0.47
HmP,172,179,351,0.49
HmS,121,114,235,0.51
Hmb,148,116,264,0.56
Hmh,2,1,3,0.67
Hml,43,32,75,0.57
Hmm,181,152,333,0.54
Hmn,137,120,257,0.53
Hms,90,81,171,0.53
HnB,86,104,190,0.45
HnD,37,21,58,0.64
HnH,76,64,140,0.54
HnI,21,25,46,0.46
HnK,15,10,25,0.6
HnL,44,39,83,0.53
HnM,135,154,289,0.47
HnN,166,173,339,0.49
HnP,188,177,365,0.52
HnS,102,110,212,0.48
Hnb,109,106,215,0.51
Hnh,6,12,18,0.33
Hnl,36,31,67,0.54
Hnm,143,101,244,0.59
Hnn,145,117,262,0.55
Hns,122,74,196,0.62
Hnt,2,1,3,0.67
HsB,67,71,138,0.49
HsD,23,23,46,0.5
HsH,113,110,223,0.51
HsI,17,17,34,0.5
HsK,2,3,5,0.4
HsL,44,28,72,0.61
HsM,97,138,235,0.41
HsN,107,108,215,0.5
HsP,120,113,233,0.52
HsS,144,134,278,0.52
Hsb,77,77,154,0.5
Hsh,12,10,22,0.55
Hsl,32,27,59,0.54
Hsm,130,96,226,0.58
Hsn,103,99,202,0.51
Hss,110,124,234,0.47
Hst,2,3,5,0.4
HtB,5,8,13,0.38
HtD,1,0,1,1.0
HtH,5,8,13,0.38
HtI,0,0,0,
HtK,2,1,3,0.67
HtL,3,1,4,0.75
HtM,8,13,21,0.38
HtN,13,8,21,0.62
HtP,9,11,20,0.45
HtS,9,6,15,0.6
Htb,5,9,14,0.36
Hth,1,0,1,1.0
Htl,6,5,11,0.55
Htm,17,14,31,0.55
Htn,9,6,15,0.6
Hts,12,8,20,0.6
Htt,2,0,2,1.0
IBB,24,19,43,0.56
IBD,5,4,9,0.56
IBH,0,1,1,0.0
IBI,1,0,1,1.0
IBK,4,7,11,0.36
IBL,6,4,10,0.6
IBM,18,25,43,0.42
IBN,25,22,47,0.53
IBP,23,21,44,0.52
IBS,20,16,36,0.56
IBb,21,18,39,0.54
IBh,5,4,9,0.56
IBj,9,1,10,0.9
IBl,7,10,17,0.41
IBm,29,18,47,0.62
IBn,33,35,68,0.49
IBs,10,11,21,0.48
IBt,2,2,4,0.5
IDB,6,11,17,0.35
IDD,6,3,9,0.67
IDH,8,4,12,0.67
IDI,2,0,2,1.0
IDL,5,4,9,0.56
IDM,6,13,19,0.32
IDN,6,11,17,0.35
IDP,7,8,15,0.47
IDS,9,7,16,0.56
IDb,9,7,16,0.56
IDh,0,1,1,0.0
IDl,5,2,7,0.71
IDm,10,7,17,0.59
IDn,3,7,10,0.3
IDs,11,6,17,0.65
IDt,0,0,0,
IHB,18,19,37,0.49
IHD,5,1,6,0.83
IHH,7,3,10,0.7
IHI,4,2,6,0.67
IHK,3,3,6,0.5
IHL,6,7,13,0.46
IHM,29,26,55,0.53
IHN,21,23,44,0.48
IHP,24,35,59,0.41
IHS,10,21,31,0.32
IHb,13,19,32,0.41
IHh,8,16,24,0.33
IHl,7,9,16,0.44
IHm,40,17,57,0.7
IHn,19,10,29,0.66
IHs,23,15,38,0.61
IHt,2,4,6,0.33
IIB,3,5,8,0.38
IID,0,1,1,0.0
IIH,3,2,5,0.6
IIL,2,0,2,1.0
IIM,0,7,7,0.0
IIN,4,4,8,0.5
IIP,4,2,6,0.67
IIS,6,6,12,0.5
IIb,7,4,11,0.64
IIh,0,0,0,
IIl,0,1,1,0.0
IIm,8,4,12,0.67
IIn,3,5,8,0.38
IIs,0,1,1,0.0
IKB,2,3,5,0.4
IKM,1,1,2,0.5
IKN,2,1,3,0.67
IKS,0,1,1,0.0
IKb,1,0,1,1.0
IKh,3,0,3,1.0
IKm,1,1,2,0.5
IKs,1,0,1,1.0
ILB,5,11,16,0.31
ILD,3,2,5,0.6
ILK,2,2,4,0.5
ILL,5,5,10,0.5
ILM,9,9,18,0.5
ILN,8,4,12,0.67
ILP,9,9,18,0.5
ILS,6,12,18,0.33
ILb,3,8,11,0.27
ILh,3,2,5,0.6
ILj,2,0,2,1.0
ILl,4,4,8,0.5
ILm,17,9,26,0.65
ILn,11,9,20,0.55
ILs,5,2,7,0.71
ILt,3,4,7,0.43
IMB,28,28,56,0.5
IMD,7,10,17,0.41
IMH,0,1,1,0.0
IMI,0,1,1,0.0
IML,6,14,20,0.3
IMM,23,49,72,0.32
IMN,35,37,72,0.49
IMP,31,40,71,0.44
IMS,19,24,43,0.44
IMb,28,17,45,0.62
IMh,17,28,45,0.38
IMj,2,5,7,0.29
IMl,13,11,24,0.54
IMm,37,27,64,0.58
IMn,28,42,70,0.4
IMs,25,22,47,0.53
IMt,4,4,8,0.5
INB,16,29,45,0.36
IND,7,1,8,0.88
INH,3,7,10,0.3
INI,0,1,1,0.0
INK,2,1,3,0.67
INL,6,16,22,0.27
INM,29,42,71,0.41
INN,28,42,70,0.4
INP,41,42,83,0.49
INS,24,16,40,0.6
INb,18,17,35,0.51
INh,9,10,19,0.47
INl,8,7,15,0.53
INm,32,27,59,0.54
INn,32,40,72,0.44
INs,17,21,38,0.45
INt,8,3,11,0.73
IPB,29,22,51,0.57
IPD,3,7,10,0.3
IPH,2,10,12,0.17
IPI,4,5,9,0.44
IPK,8,4,12,0.67
IPL,7,14,21,0.33
IPM,48,48,96,0.5
IPN,31,34,65,0.48
IPP,37,37,74,0.5
IPS,30,35,65,0.46
IPb,27,26,53,0.51
IPh,4,6,10,0.4
IPl,11,10,21,0.52
IPm,47,28,75,0.63
IPn,28,22,50,0.56
IPs,23,22,45,0.51
IPt,2,5,7,0.29
ISB,24,14,38,0.63
ISD,8,7,15,0.53
ISH,9,16,25,0.36
ISI,4,4,8,0.5
ISK,1,0,1,1.0
ISL,7,5,12,0.58
ISM,22,35,57,0.39
ISN,21,17,38,0.55
ISP,25,26,51,0.49
ISS,28,24,52,0.54
ISb,19,21,40,0.48
ISh,5,10,15,0.33
ISl,13,12,25,0.52
ISm,32,21,53,0.6
ISn,28,18,46,0.61
ISs,20,21,41,0.49
ISt,11,7,18,0.61
IbB,27,21,48,0.56
IbD,4,1,5,0.8
IbH,6,5,11,0.55
IbI,4,0,4,1.0
IbJ,8,11,19,0.42
IbK,3,4,7,0.43
IbL,8,8,16,0.5
IbM,23,31,54,0.43
IbN,25,34,59,0.42
IbP,38,39,77,0.49
IbS,17,12,29,0.59
Ibb,25,27,52,0.48
Ibl,11,7,18,0.61
Ibm,29,19,48,0.6
Ibn,18,19,37,0.49
Ibs,20,15,35,0.57
IhH,1,0,1,1.0
IhL,1,1,2,0.5
IhM,1,2,3,0.33
IhN,0,2,2,0.0
IhP,1,1,2,0.5
IhS,0,2,2,0.0
Ihb,0,1,1,0.0
Ihh,1,2,3,0.33
Ihl,0,2,2,0.0
Ihm,1,1,2,0.5
Ihn,1,0,1,1.0
Ihs,2,0,2,1.0
IlB,7,6,13,0.54
IlD,3,1,4,0.75
IlH,2,5,7,0.29
IlI,0,1,1,0.0
IlJ,3,1,4,0.75
IlK,1,1,2,0.5
IlL,3,1,4,0.75
IlM,11,4,15,0.73
IlN,11,11,22,0.5
IlP,8,11,19,0.42
IlS,5,7,12,0.42
Ilb,4,8,12,0.33
Ilh,1,0,1,1.0
Ill,4,0,4,1.0
Ilm,13,2,15,0.87
Iln,5,3,8,0.62
Ils,3,3,6,0.5
ImB,33,26,59,0.56
ImD,9,5,14,0.64
ImH,21,23,44,0.48
ImI,2,1,3,0.67
ImJ,5,8,13,0.38
ImK,1,0,1,1.0
ImL,8,9,17,0.47
ImM,39,47,86,0.45
ImN,49,41,90,0.54
ImP,35,45,80,0.44
ImS,26,20,46,0.57
Imb,37,22,59,0.63
Iml,4,4,8,0.5
Imm,38,27,65,0.58
Imn,32,18,50,0.64
Ims,16,21,37,0.43
Imt,0,1,1,0.0
InB,20,17,37,0.54
InD,2,6,8,0.25
InH,16,17,33,0.48
InI,4,8,12,0.33
InK,0,5,5,0.0
InL,7,12,19,0.37
InM,28,29,57,0.49
InN,37,29,66,0.56
InP,40,33,73,0.55
InS,17,20,37,0.46
Inb,21,21,42,0.5
Inh,0,1,1,0.0
Inl,3,9,12,0.25
Inm,26,30,56,0.46
Inn,19,19,38,0.5
Ins,17,8,25,0.68
IsB,20,12,32,0.62
IsD,4,1,5,0.8
IsH,10,13,23,0.43
IsI,5,2,7,0.71
IsL,6,3,9,0.67
IsM,16,23,39,0.41
IsN,21,24,45,0.47
IsP,24,23,47,0.51
IsS,22,19,41,0.54
Isb,12,13,25,0.48
Ish,4,1,5,0.8
Isl,2,11,13,0.15
Ism,19,20,39,0.49
Isn,16,13,29,0.55
Iss,16,21,37,0.43
Ist,0,2,2,0.0
ItB,1,1,2,0.5
ItD,0,1,1,0.0
ItI,0,0,0,
ItL,2,1,3,0.67
ItM,2,2,4,0.5
ItN,5,3,8,0.62
ItP,4,7,11,0.36
ItS,1,2,3,0.33
Itb,2,0,2,1.0
Itl,0,1,1,0.0
Itm,5,2,7,0.71
Itn,4,1,5,0.8
Its,2,0,2,1.0
Itt,1,0,1,1.0
JBB,10,15,25,0.4
JBD,2,3,5,0.4
JBH,0,1,1,0.0
JBK,2,2,4,0.5
JBL,7,6,13,0.54
JBM,23,21,44,0.52
JBN,16,20,36,0.44
JBP,16,19,35,0.46
JBS,12,14,26,0.46
JBb,9,14,23,0.39
JBh,0,4,4,0.0
JBj,2,8,10,0.2
JBl,7,0,7,1.0
JBm,17,15,32,0.53
JBn,15,14,29,0.52
JBs,8,14,22,0.36
JBt,1,2,3,0.33
JDB,3,8,11,0.27
JDD,0,2,2,0.0
JDH,8,3,11,0.73
JDI,0,2,2,0.0
JDK,1,0,1,1.0
JDL,0,1,1,0.0
JDM,4,5,9,0.44
JDN,3,5,8,0.38
JDP,1,7,8,0.12
JDS,4,2,6,0.67
JDb,4,3,7,0.57
JDl,1,0,1,1.0
JDm,2,2,4,0.5
JDn,1,1,2,0.5
JDs,0,1,1,0.0
JDt,2,0,2,1.0
JHB,5,10,15,0.33
JHD,0,3,3,0.0
JHH,2,3,5,0.4
JHK,1,0,1,1.0
JHL,4,0,4,1.0
JHM,9,12,21,0.43
JHN,9,11,20,0.45
JHP,16,11,27,0.59
JHS,7,6,13,0.54
JHb,5,7,12,0.42
JHh,3,2,5,0.6
JHl,5,2,7,0.71
JHm,17,11,28,0.61
JHn,8,10,18,0.44
JHs,9,6,15,0.6
JHt,2,0,2,1.0
JIB,2,2,4,0.5
JID,3,1,4,0.75
JIH,5,0,5,1.0
JII,0,1,1,0.0
JIL,0,2,2,0.0
JIM,1,4,5,0.2
JIN,3,4,7,0.43
JIP,1,0,1,1.0
JIS,1,2,3,0.33
JIb,5,3,8,0.62
JIm,1,0,1,1.0
JIn,2,2,4,0.5
JIs,1,2,3,0.33
JKB,0,1,1,0.0
JKH,1,0,1,1.0
JKI,1,0,1,1.0
JKL,1,1,2,0.5
JKM,5,0,5,1.0
JKN,2,0,2,1.0
JKP,2,3,5,0.4
JKS,1,1,2,0.5
JKb,2,2,4,0.5
JKh,0,1,1,0.0
JKl,1,0,1,1.0
JKm,1,2,3,0.33
JKn,3,1,4,0.75
JKs,3,0,3,1.0
JLB,4,7,11,0.36
JLD,1,2,3,0.33
JLK,0,1,1,0.0
JLL,3,3,6,0.5
JLM,7,6,13,0.54
JLN,6,7,13,0.46
JLP,9,5,14,0.64
JLS,10,4,14,0.71
JLb,4,4,8,0.5
JLh,3,4,7,0.43
JLj,0,1,1,0.0
JLl,2,3,5,0.4
JLm,9,7,16,0.56
JLn,7,9,16,0.44
JLs,6,6,12,0.5
JLt,2,1,3,0.67
JMB,14,13,27,0.52
JMD,4,7,11,0.36
JMI,1,0,1,1.0
JMK,1,1,2,0.5
JML,6,7,13,0.46
JMM,17,26,43,0.4
JMN,14,20,34,0.41
JMP,17,27,44,0.39
JMS,14,19,33,0.42
JMb,11,20,31,0.35
JMh,17,13,30,0.57
JMj,3,2,5,0.6
JMl,2,2,4,0.5
JMm,35,30,65,0.54
JMn,26,26,52,0.5
JMs,16,15,31,0.52
JMt,0,3,3,0.0
JNB,20,10,30,0.67
JND,4,3,7,0.57
JNH,3,4,7,0.43
JNI,0,1,1,0.0
JNK,5,3,8,0.62
JNL,4,6,10,0.4
JNM,14,22,36,0.39
JNN,18,17,35,0.51
JNP,14,23,37,0.38
JNS,14,12,26,0.54
JNb,13,19,32,0.41
JNh,7,8,15,0.47
JNl,5,7,12,0.42
JNm,22,24,46,0.48
JNn,25,14,39,0.64
JNs,16,15,31,0.52
JNt,4,2,6,0.67
JPB,19,12,31,0.61
JPD,4,3,7,0.57
JPH,8,6,14,0.57
JPI,2,3,5,0.4
JPK,3,6,9,0.33
JPL,8,15,23,0.35
JPM,26,26,52,0.5
JPN,25,25,50,0.5
JPP,33,32,65,0.51
JPS,17,13,30,0.57
JPb,26,19,45,0.58
JPh,4,5,9,0.44
JPl,11,9,20,0.55
JPm,30,25,55,0.55
JPn,23,19,42,0.55
JPs,22,15,37,0.59
JPt,2,1,3,0.67
JSB,5,14,19,0.26
JSD,3,2,5,0.6
JSH,6,8,14,0.43
JSI,2,1,3,0.67
JSK,1,0,1,1.0
JSL,7,6,13,0.54
JSM,17,19,36,0.47
JSN,9,10,19,0.47
JSP,14,12,26,0.54
JSS,13,7,20,0.65
JSb,7,8,15,0.47
JSh,4,8,12,0.33
JSl,1,3,4,0.25
JSm,20,10,30,0.67
JSn,12,10,22,0.55
JSs,13,11,24,0.54
JSt,3,4,7,0.43
JbB,18,20,38,0.47
JbD,3,1,4,0.75
JbH,1,6,7,0.14
JbI,4,2,6,0.67
JbJ,7,1,8,0.88
JbK,1,0,1,1.0
JbL,5,3,8,0.62
JbM,18,15,33,0.55
JbN,23,15,38,0.61
JbP,19,18,37,0.51
JbS,9,8,17,0.53
Jbb,24,20,44,0.55
Jbl,8,7,15,0.53
Jbm,22,17,39,0.56
Jbn,17,14,31,0.55
Jbs,5,4,9,0.56
JhB,0,5,5,0.0
JhD,1,0,1,1.0
JhI,1,1,2,0.5
JhL,1,1,2,0.5
JhM,4,5,9,0.44
JhN,0,2,2,0.0
JhP,4,4,8,0.5
Jhb,1,0,1,1.0
Jhh,3,1,4,0.75
Jhl,0,1,1,0.0
Jhm,6,5,11,0.55
Jhn,0,2,2,0.0
Jhs,2,0,2,1.0
JlB,8,6,14,0.57
JlD,1,0,1,1.0
JlH,2,1,3,0.67
JlI,1,0,1,1.0
JlJ,0,2,2,0.0
JlK,1,1,2,0.5
JlL,1,4,5,0.2
JlM,6,8,14,0.43
JlN,7,10,17,0.41
JlP,5,5,10,0.5
JlS,3,4,7,0.43
Jlb,5,7,12,0.42
Jll,6,1,7,0.86
Jlm,10,9,19,0.53
Jln,4,4,8,0.5
Jls,1,3,4,0.25
JmB,26,19,45,0.58
JmD,7,3,10,0.7
JmH,12,12,24,0.5
JmI,0,1,1,0.0
JmJ,6,3,9,0.67
JmK,1,0,1,1.0
JmL,5,7,12,0.42
JmM,25,25,50,0.5
JmN,21,26,47,0.45
JmP,17,24,41,0.41
JmS,10,12,22,0.45
Jmb,26,19,45,0.58
Jmh,1,0,1,1.0
Jml,6,5,11,0.55
Jmm,32,24,56,0.57
Jmn,21,9,30,0.7
Jms,10,16,26,0.38
JnB,11,12,23,0.48
JnD,3,6,9,0.33
JnH,9,6,15,0.6
JnI,3,8,11,0.27
JnK,0,0,0,
JnL,3,8,11,0.27
JnM,7,22,29,0.24
JnN,19,18,37,0.51
JnP,22,22,44,0.5
JnS,11,10,21,0.52
Jnb,15,8,23,0.65
Jnh,0,1,1,0.0
Jnl,5,4,9,0.56
Jnm,14,11,25,0.56
Jnn,13,17,30,0.43
Jns,14,10,24,0.58
Jnt,0,0,0,
JsB,11,12,23,0.48
JsD,3,3,6,0.5
JsH,6,5,11,0.55
JsI,1,0,1,1.0
JsK,1,0,1,1.0
JsL,5,6,11,0.45
JsM,16,17,33,0.48
JsN,7,12,19,0.37
JsP,15,13,28,0.54
JsS,8,14,22,0.36
Jsb,10,8,18,0.56
Jsh,0,3,3,0.0
Jsl,4,5,9,0.44
Jsm,23,7,30,0.77
Jsn,13,10,23,0.57
Jss,6,9,15,0.4
Jst,2,0,2,1.0
JtB,4,1,5,0.8
JtD,1,0,1,1.0
JtH,3,2,5,0.6
JtK,0,1,1,0.0
JtL,0,1,1,0.0
JtM,2,2,4,0.5
JtN,6,2,8,0.75
JtP,3,2,5,0.6
JtS,2,1,3,0.67
Jtb,0,3,3,0.0
Jtl,2,1,3,0.67
Jtm,1,3,4,0.25
Jtn,2,2,4,0.5
Jts,2,2,4,0.5
KBB,20,21,41,0.49
KBD,5,6,11,0.45
KBH,0,1,1,0.0
KBK,5,4,9,0.56
KBL,9,7,16,0.56
KBM,16,25,41,0.39
KBN,25,22,47,0.53
KBP,37,31,68,0.54
KBS,6,12,18,0.33
KBb,23,8,31,0.74
KBh,1,4,5,0.2
KBj,3,3,6,0.5
KBl,8,5,13,0.62
KBm,41,34,75,0.55
KBn,28,26,54,0.52
KBs,10,15,25,0.4
KBt,2,1,3,0.67
KDB,5,8,13,0.38
KDD,2,5,7,0.29
KDH,6,7,13,0.46
KDK,0,0,0,
KDL,2,1,3,0.67
KDM,5,10,15,0.33
KDN,4,7,11,0.36
KDP,9,4,13,0.69
KDS,8,6,14,0.57
KDb,7,9,16,0.44
KDh,1,1,2,0.5
KDl,2,4,6,0.33
KDm,11,7,18,0.61
KDn,7,4,11,0.64
KDs,2,4,6,0.33
KDt,2,1,3,0.67
KHB,2,5,7,0.29
KHD,0,1,1,0.0
KHI,0,1,1,0.0
KHK,1,0,1,1.0
KHL,0,2,2,0.0
KHM,5,6,11,0.45
KHN,7,4,11,0.64
KHP,7,4,11,0.64
KHS,6,4,10,0.6
KHb,3,4,7,0.43
KHh,1,5,6,0.17
KHl,1,1,2,0.5
KHm,6,3,9,0.67
KHn,1,5,6,0.17
KHs,5,1,6,0.83
KIB,4,3,7,0.57
KID,0,1,1,0.0
KIH,2,3,5,0.4
KII,0,1,1,0.0
KIK,0,2,2,0.0
KIL,0,1,1,0.0
KIM,7,5,12,0.58
KIN,4,2,6,0.67
KIP,5,4,9,0.56
KIS,3,6,9,0.33
KIb,6,2,8,0.75
KIh,0,1,1,0.0
KIl,0,1,1,0.0
KIm,7,3,10,0.7
KIn,2,9,11,0.18
KIs,5,2,7,0.71
KKB,0,1,1,0.0
KKI,0,1,1,0.0
KKM,0,1,1,0.0
KKP,0,0,0,
KKS,1,0,1,1.0
KKm,1,0,1,1.0
KKn,2,1,3,0.67
KKs,0,1,1,0.0
KLB,12,7,19,0.63
KLD,4,1,5,0.8
KLK,0,0,0,
KLL,1,9,10,0.1
KLM,8,12,20,0.4
KLN,6,10,16,0.38
KLP,14,14,28,0.5
KLS,8,7,15,0.53
KLb,7,4,11,0.64
KLh,4,1,5,0.8
KLj,4,3,7,0.57
KLl,1,4,5,0.2
KLm,6,13,19,0.32
KLn,10,13,23,0.43
KLs,6,3,9,0.67
KLt,4,0,4,1.0
KMB,39,32,71,0.55
KMD,2,11,13,0.15
KMH,1,0,1,1.0
KMI,1,1,2,0.5
KMK,1,1,2,0.5
KML,10,14,24,0.42
KMM,36,40,76,0.47
KMN,36,38,74,0.49
KMP,41,40,81,0.51
KMS,25,17,42,0.6
KMb,26,32,58,0.45
KMh,22,29,51,0.43
KMj,8,9,17,0.47
KMl,13,10,23,0.57
KMm,41,46,87,0.47
KMn,33,28,61,0.54
KMs,30,23,53,0.57
KMt,7,4,11,0.64
KNB,23,26,49,0.47
KND,2,11,13,0.15
KNH,6,5,11,0.55
KNI,2,1,3,0.67
KNK,2,4,6,0.33
KNL,6,5,11,0.55
KNM,22,39,61,0.36
KNN,26,22,48,0.54
KNP,39,33,72,0.54
KNS,19,19,38,0.5
KNb,23,17,40,0.57
KNh,9,2,11,0.82
KNl,8,5,13,0.62
KNm,28,29,57,0.49
KNn,16,24,40,0.4
KNs,20,16,36,0.56
KNt,4,2,6,0.67
KPB,28,39,67,0.42
KPD,7,9,16,0.44
KPH,7,14,21,0.33
KPI,6,3,9,0.67
KPK,3,6,9,0.33
KPL,14,18,32,0.44
KPM,39,50,89,0.44
KPN,22,30,52,0.42
KPP,38,49,87,0.44
KPS,27,37,64,0.42
KPb,37,32,69,0.54
KPh,6,3,9,0.67
KPl,22,8,30,0.73
KPm,48,42,90,0.53
KPn,16,25,41,0.39
KPs,12,23,35,0.34
KPt,3,7,10,0.3
KSB,13,15,28,0.46
KSD,5,5,10,0.5
KSH,11,5,16,0.69
KSI,0,2,2,0.0
KSK,1,1,2,0.5
KSL,11,7,18,0.61
KSM,18,33,51,0.35
KSN,10,14,24,0.42
KSP,25,19,44,0.57
KSS,24,24,48,0.5
KSb,18,11,29,0.62
KSh,17,14,31,0.55
KSl,15,6,21,0.71
KSm,25,25,50,0.5
KSn,12,16,28,0.43
KSs,17,19,36,0.47
KSt,3,2,5,0.6
KbB,22,18,40,0.55
KbD,3,6,9,0.33
KbH,6,6,12,0.5
KbI,2,0,2,1.0
KbJ,4,7,11,0.36
KbK,4,8,12,0.33
KbL,2,9,11,0.18
KbM,22,27,49,0.45
KbN,27,23,50,0.54
KbP,25,24,49,0.51
KbS,15,17,32,0.47
Kbb,16,21,37,0.43
Kbh,0,0,0,
Kbl,7,5,12,0.58
Kbm,35,18,53,0.66
Kbn,13,32,45,0.29
Kbs,19,12,31,0.61
KhB,25,14,39,0.64
KhD,6,6,12,0.5
KhH,5,8,13,0.38
KhI,5,2,7,0.71
KhK,0,0,0,
KhL,7,4,11,0.64
KhM,19,34,53,0.36
KhN,17,16,33,0.52
KhP,20,25,45,0.44
KhS,26,31,57,0.46
Khb,21,21,42,0.5
Khh,20,19,39,0.51
Khl,10,12,22,0.45
Khm,29,43,72,0.4
Khn,23,19,42,0.55
Khs,17,26,43,0.4
Kht,2,3,5,0.4
KlB,13,7,20,0.65
KlD,3,2,5,0.6
KlH,9,6,15,0.6
KlI,2,2,4,0.5
KlJ,2,3,5,0.4
KlK,0,2,2,0.0
KlL,5,5,10,0.5
KlM,9,20,29,0.31
KlN,18,12,30,0.6
KlP,7,8,15,0.47
KlS,8,9,17,0.47
Klb,9,7,16,0.56
Klh,0,1,1,0.0
Kll,4,2,6,0.67
Klm,12,7,19,0.63
Kln,9,8,17,0.53
Kls,6,6,12,0.5
KmB,34,28,62,0.55
KmD,16,20,36,0.44
KmH,30,18,48,0.62
KmI,2,1,3,0.67
KmJ,6,6,12,0.5
KmK,1,1,2,0.5
KmL,11,14,25,0.44
KmM,49,63,112,0.44
KmN,41,37,78,0.53
KmP,38,33,71,0.54
KmS,27,15,42,0.64
Kmb,31,32,63,0.49
Kmh,0,0,0,
Kml,12,8,20,0.6
Kmm,44,44,88,0.5
Kmn,31,32,63,0.49
Kms,24,27,51,0.47
KnB,18,19,37,0.49
KnD,6,4,10,0.6
KnH,7,14,21,0.33
KnI,2,3,5,0.4
KnK,3,6,9,0.33
KnL,11,7,18,0.61
KnM,25,41,66,0.38
KnN,29,29,58,0.5
KnP,34,40,74,0.46
KnS,15,18,33,0.45
Knb,11,15,26,0.42
Knl,7,7,14,0.5
Knm,27,23,50,0.54
Knn,18,21,39,0.46
Kns,18,25,43,0.42
Knt,1,0,1,1.0
KsB,14,12,26,0.54
KsD,12,9,21,0.57
KsH,30,32,62,0.48
KsI,2,1,3,0.67
KsK,0,1,1,0.0
KsL,6,7,13,0.46
KsM,20,23,43,0.47
KsN,17,24,41,0.41
KsP,25,25,50,0.5
KsS,32,34,66,0.48
Ksb,19,25,44,0.43
Ksh,3,2,5,0.6
Ksl,7,5,12,0.58
Ksm,28,22,50,0.56
Ksn,13,16,29,0.45
Kss,20,20,40,0.5
KtB,4,1,5,0.8
KtD,3,0,3,1.0
KtH,1,2,3,0.33
KtI,0,1,1,0.0
KtK,0,1,1,0.0
KtL,1,1,2,0.5
KtM,4,3,7,0.57
KtN,4,5,9,0.44
KtP,3,3,6,0.5
KtS,3,1,4,0.75
Ktb,2,1,3,0.67
Kth,1,0,1,1.0
Ktl,0,1,1,0.0
Ktm,1,1,2,0.5
Ktn,0,1,1,0.0
Kts,4,0,4,1.0
Ktt,2,0,2,1.0
LBB,141,116,257,0.55
LBD,20,17,37,0.54
LBH,3,2,5,0.6
LBK,15,11,26,0.58
LBL,21,40,61,0.34
LBM,70,96,166,0.42
LBN,109,116,225,0.48
LBP,140,124,264,0.53
LBS,40,38,78,0.51
LBb,102,107,209,0.49
LBh,13,16,29,0.45
LBj,26,26,52,0.5
LBl,41,41,82,0.5
LBm,121,98,219,0.55
LBn,151,152,303,0.5
LBs,47,41,88,0.53
LBt,13,7,20,0.65
LDB,15,17,32,0.47
LDD,12,10,22,0.55
LDH,16,23,39,0.41
LDI,1,0,1,1.0
LDL,6,7,13,0.46
LDM,22,22,44,0.5
LDN,17,16,33,0.52
LDP,25,13,38,0.66
LDS,19,19,38,0.5
LDb,14,12,26,0.54
LDh,0,0,0,
LDl,9,7,16,0.56
LDm,23,18,41,0.56
LDn,24,19,43,0.56
LDs,10,15,25,0.4
LDt,1,3,4,0.25
LHB,1,2,3,0.33
LHL,0,2,2,0.0
LHM,2,5,7,0.29
LHN,0,2,2,0.0
LHP,1,3,4,0.25
LHS,2,3,5,0.4
LHb,1,3,4,0.25
LHh,0,1,1,0.0
LHl,2,1,3,0.67
LHm,4,1,5,0.8
LHn,0,1,1,0.0
LHs,1,1,2,0.5
LIB,1,0,1,1.0
LID,0,1,1,0.0
LIH,0,2,2,0.0
LIM,1,0,1,1.0
LIP,0,1,1,0.0
LKB,6,8,14,0.43
LKD,3,0,3,1.0
LKH,0,3,3,0.0
LKI,0,2,2,0.0
LKL,3,3,6,0.5
LKM,6,8,14,0.43
LKN,6,13,19,0.32
LKP,8,13,21,0.38
LKS,4,3,7,0.57
LKb,6,8,14,0.43
LKh,2,10,12,0.17
LKl,4,5,9,0.44
LKm,12,12,24,0.5
LKn,5,6,11,0.45
LKs,5,8,13,0.38
LKt,0,1,1,0.0
LLB,39,45,84,0.46
LLD,4,7,11,0.36
LLH,1,0,1,1.0
LLK,3,3,6,0.5
LLL,12,13,25,0.48
LLM,29,40,69,0.42
LLN,38,30,68,0.56
LLP,44,48,92,0.48
LLS,24,28,52,0.46
LLb,32,36,68,0.47
LLh,21,21,42,0.5
LLj,8,12,20,0.4
LLl,21,15,36,0.58
LLm,57,51,108,0.53
LLn,65,50,115,0.57
LLs,30,24,54,0.56
LLt,4,2,6,0.67
LMB,119,126,245,0.49
LMD,20,20,40,0.5
LMH,2,3,5,0.4
LMK,4,2,6,0.67
LML,19,35,54,0.35
LMM,89,126,215,0.41
LMN,93,87,180,0.52
LMP,136,131,267,0.51
LMS,47,55,102,0.46
LMb,112,94,206,0.54
LMh,78,90,168,0.46
LMj,16,14,30,0.53
LMl,37,26,63,0.59
LMm,136,110,246,0.55
LMn,145,139,284,0.51
LMs,73,55,128,0.57
LMt,9,8,17,0.53
LNB,91,115,206,0.44
LND,15,27,42,0.36
LNH,18,20,38,0.47
LNI,0,1,1,0.0
LNK,13,8,21,0.62
LNL,32,40,72,0.44
LNM,92,107,199,0.46
LNN,145,124,269,0.54
LNP,128,145,273,0.47
LNS,83,71,154,0.54
LNb,97,77,174,0.56
LNh,24,38,62,0.39
LNl,44,30,74,0.59
LNm,142,100,242,0.59
LNn,140,127,267,0.52
LNs,85,82,167,0.51
LNt,15,18,33,0.45
LPB,120,128,248,0.48
LPD,24,14,38,0.63
LPH,26,27,53,0.49
LPI,13,13,26,0.5
LPK,19,13,32,0.59
LPL,62,54,116,0.53
LPM,104,169,273,0.38
LPN,151,168,319,0.47
LPP,216,195,411,0.53
LPS,106,95,201,0.53
LPb,124,136,260,0.48
LPh,16,21,37,0.43
LPl,76,75,151,0.5
LPm,182,121,303,0.6
LPn,136,134,270,0.5
LPs,108,72,180,0.6
LPt,17,11,28,0.61
LSB,60,55,115,0.52
LSD,17,23,40,0.42
LSH,27,19,46,0.59
LSI,6,2,8,0.75
LSK,3,3,6,0.5
LSL,29,39,68,0.43
LSM,68,76,144,0.47
LSN,71,69,140,0.51
LSP,88,101,189,0.47
LSS,74,83,157,0.47
LSb,46,53,99,0.46
LSh,33,35,68,0.49
LSl,40,21,61,0.66
LSm,90,76,166,0.54
LSn,73,71,144,0.51
LSs,64,63,127,0.5
LSt,11,14,25,0.44
LbB,93,95,188,0.49
LbD,9,8,17,0.53
LbH,22,17,39,0.56
LbI,7,7,14,0.5
LbJ,25,26,51,0.49
LbK,15,16,31,0.48
LbL,20,38,58,0.34
LbM,72,108,180,0.4
LbN,113,111,224,0.5
LbP,120,116,236,0.51
LbS,53,49,102,0.52
Lbb,102,83,185,0.55
Lbl,36,22,58,0.62
Lbm,104,97,201,0.52
Lbn,93,99,192,0.48
Lbs,51,52,103,0.5
LhB,35,44,79,0.44
LhD,13,5,18,0.72
LhH,7,11,18,0.39
LhI,3,1,4,0.75
LhK,1,0,1,1.0
LhL,12,19,31,0.39
LhM,36,52,88,0.41
LhN,36,43,79,0.46
LhP,67,57,124,0.54
LhS,32,36,68,0.47
Lhb,45,35,80,0.56
Lhh,36,53,89,0.4
Lhl,12,15,27,0.44
Lhm,57,49,106,0.54
Lhn,27,47,74,0.36
Lhs,47,33,80,0.59
Lht,9,6,15,0.6
LjB,22,20,42,0.52
LjD,11,2,13,0.85
LjH,4,8,12,0.33
LjI,2,2,4,0.5
LjK,4,2,6,0.67
LjL,15,10,25,0.6
LjM,15,20,35,0.43
LjN,27,20,47,0.57
LjP,34,20,54,0.63
LjS,17,16,33,0.52
Ljb,18,14,32,0.56
Ljh,4,4,8,0.5
Ljl,13,9,22,0.59
Ljm,26,25,51,0.51
Ljn,21,13,34,0.62
Ljs,22,17,39,0.56
Ljt,2,2,4,0.5
LlB,39,42,81,0.48
LlD,9,3,12,0.75
LlH,36,32,68,0.53
LlI,5,3,8,0.62
LlJ,10,20,30,0.33
LlK,1,4,5,0.2
LlL,12,31,43,0.28
LlM,57,63,120,0.48
LlN,53,56,109,0.49
LlP,55,56,111,0.5
LlS,39,36,75,0.52
Llb,25,42,67,0.37
Lll,10,22,32,0.31
Llm,44,42,86,0.51
Lln,43,50,93,0.46
Lls,31,35,66,0.47
LmB,120,108,228,0.53
LmD,48,22,70,0.69
LmH,87,107,194,0.45
LmI,9,10,19,0.47
LmJ,21,40,61,0.34
LmK,2,2,4,0.5
LmL,36,58,94,0.38
LmM,132,180,312,0.42
LmN,130,155,285,0.46
LmP,132,157,289,0.46
LmS,76,106,182,0.42
Lmb,103,116,219,0.47
Lmh,2,2,4,0.5
Lml,51,43,94,0.54
Lmm,133,126,259,0.51
Lmn,149,130,279,0.53
Lms,72,84,156,0.46
Lmt,0,1,1,0.0
LnB,110,134,244,0.45
LnD,32,31,63,0.51
LnH,69,66,135,0.51
LnI,24,18,42,0.57
LnK,8,19,27,0.3
LnL,42,58,100,0.42
LnM,116,151,267,0.43
LnN,178,173,351,0.51
LnP,216,178,394,0.55
LnS,102,125,227,0.45
Lnb,108,104,212,0.51
Lnh,9,11,20,0.45
Lnl,53,54,107,0.5
Lnm,160,140,300,0.53
Lnn,159,142,301,0.53
Lns,109,115,224,0.49
Lnt,0,2,2,0.0
LsB,35,64,99,0.35
LsD,20,19,39,0.51
LsH,65,63,128,0.51
LsI,18,10,28,0.64
LsK,2,1,3,0.67
LsL,30,22,52,0.58
LsM,72,78,150,0.48
LsN,64,79,143,0.45
LsP,95,98,193,0.49
LsS,75,91,166,0.45
Lsb,51,35,86,0.59
Lsh,2,8,10,0.2
Lsl,25,25,50,0.5
Lsm,91,76,167,0.54
Lsn,67,69,136,0.49
Lss,72,71,143,0.5
Lst,2,0,2,1.0
LtB,10,19,29,0.34
LtD,3,5,8,0.38
LtH,7,11,18,0.39
LtI,0,1,1,0.0
LtK,0,1,1,0.0
LtL,8,8,16,0.5
LtM,17,16,33,0.52
LtN,11,17,28,0.39
LtP,13,23,36,0.36
LtS,6,15,21,0.29
Ltb,17,14,31,0.55
Lth,0,1,1,0.0
Ltl,4,7,11,0.36
Ltm,23,21,44,0.52
Ltn,8,19,27,0.3
Lts,7,13,20,0.35
Ltt,1,3,4,0.25
MBB,358,407,765,0.47
MBD,78,71,149,0.52
MBH,2,6,8,0.25
MBI,0,0,0,
MBK,40,45,85,0.47
MBL,59,82,141,0.42
MBM,274,361,635,0.43
MBN,372,410,782,0.48
MBP,421,440,861,0.49
MBS,126,170,296,0.43
MBb,347,343,690,0.5
MBh,32,40,72,0.44
MBj,63,76,139,0.45
MBl,107,91,198,0.54
MBm,370,377,747,0.5
MBn,476,476,952,0.5
MBs,162,142,304,0.53
MBt,37,38,75,0.49
MDB,71,69,140,0.51
MDD,40,44,84,0.48
MDH,61,78,139,0.44
MDI,7,9,16,0.44
MDL,31,18,49,0.63
MDM,101,127,228,0.44
MDN,75,71,146,0.51
MDP,95,71,166,0.57
MDS,82,80,162,0.51
MDb,63,75,138,0.46
MDh,2,6,8,0.25
MDl,28,16,44,0.64
MDm,116,111,227,0.51
MDn,58,64,122,0.48
MDs,54,61,115,0.47
MDt,9,3,12,0.75
MHB,3,3,6,0.5
MHD,2,1,3,0.67
MHH,0,3,3,0.0
MHI,1,3,4,0.25
MHK,1,0,1,1.0
MHL,2,2,4,0.5
MHM,2,6,8,0.25
MHN,3,2,5,0.6
MHP,8,4,12,0.67
MHS,9,6,15,0.6
MHb,1,6,7,0.14
MHh,0,1,1,0.0
MHl,2,2,4,0.5
MHm,11,3,14,0.79
MHn,5,1,6,0.83
MHs,1,4,5,0.2
MIB,1,1,2,0.5
MID,1,0,1,1.0
MIH,0,2,2,0.0
MIL,0,1,1,0.0
MIM,2,3,5,0.4
MIN,2,3,5,0.4
MIP,2,0,2,1.0
MIS,3,2,5,0.6
MIh,0,1,1,0.0
MIl,1,0,1,1.0
MIm,5,0,5,1.0
MIn,1,1,2,0.5
MIs,2,0,2,1.0
MIt,1,0,1,1.0
MKB,6,7,13,0.46
MKD,2,1,3,0.67
MKH,0,3,3,0.0
MKI,2,4,6,0.33
MKL,1,3,4,0.25
MKM,7,11,18,0.39
MKN,9,8,17,0.53
MKP,12,9,21,0.57
MKS,5,12,17,0.29
MKb,7,1,8,0.88
MKh,3,7,10,0.3
MKl,2,5,7,0.29
MKm,14,2,16,0.88
MKn,10,9,19,0.53
MKs,5,11,16,0.31
MLB,91,92,183,0.5
MLD,21,9,30,0.7
MLH,1,2,3,0.33
MLI,1,0,1,1.0
MLK,8,6,14,0.57
MLL,21,18,39,0.54
MLM,91,84,175,0.52
MLN,87,107,194,0.45
MLP,95,116,211,0.45
MLS,43,53,96,0.45
MLb,78,76,154,0.51
MLh,35,40,75,0.47
MLj,25,15,40,0.62
MLl,34,30,64,0.53
MLm,143,108,251,0.57
MLn,106,106,212,0.5
MLs,56,50,106,0.53
MLt,5,9,14,0.36
MMB,339,417,756,0.45
MMD,89,70,159,0.56
MMH,6,8,14,0.43
MMI,2,2,4,0.5
MMK,7,8,15,0.47
MML,45,55,100,0.45
MMM,307,398,705,0.44
MMN,317,366,683,0.46
MMP,424,442,866,0.49
MMS,197,238,435,0.45
MMb,318,300,618,0.51
MMh,249,299,548,0.45
MMj,37,38,75,0.49
MMl,95,75,170,0.56
MMm,545,421,966,0.56
MMn,498,472,970,0.51
MMs,215,208,423,0.51
MMt,31,31,62,0.5
MNB,279,352,631,0.44
MND,97,90,187,0.52
MNH,59,79,138,0.43
MNI,4,11,15,0.27
MNK,35,57,92,0.38
MNL,96,97,193,0.5
MNM,266,373,639,0.42
MNN,429,470,899,0.48
MNP,491,491,982,0.5
MNS,243,230,473,0.51
MNb,266,273,539,0.49
MNh,112,120,232,0.48
MNl,97,88,185,0.52
MNm,460,367,827,0.56
MNn,493,498,991,0.5
MNs,251,258,509,0.49
MNt,49,37,86,0.57
MPB,349,398,747,0.47
MPD,82,78,160,0.51
MPH,131,118,249,0.53
MPI,64,49,113,0.57
MPK,71,70,141,0.5
MPL,145,161,306,0.47
MPM,386,488,874,0.44
MPN,453,511,964,0.47
MPP,606,598,1204,0.5
MPS,319,315,634,0.5
MPb,374,363,737,0.51
MPh,46,62,108,0.43
MPl,141,156,297,0.47
MPm,590,482,1072,0.55
MPn,469,459,928,0.51
MPs,290,278,568,0.51
MPt,35,44,79,0.44
MSB,199,198,397,0.5
MSD,71,47,118,0.6
MSH,93,101,194,0.48
MSI,13,12,25,0.52
MSK,4,7,11,0.36
MSL,58,71,129,0.45
MSM,223,285,508,0.44
MSN,219,234,453,0.48
MSP,262,252,514,0.51
MSS,213,287,500,0.43
MSb,166,152,318,0.52
MSh,119,116,235,0.51
MSl,88,68,156,0.56
MSm,363,247,610,0.6
MSn,237,228,465,0.51
MSs,242,207,449,0.54
MSt,39,30,69,0.57
MbB,302,277,579,0.52
MbD,67,52,119,0.56
MbH,101,89,190,0.53
MbI,30,36,66,0.45
MbJ,81,81,162,0.5
MbK,52,59,111,0.47
MbL,93,87,180,0.52
MbM,287,380,667,0.43
MbN,440,410,850,0.52
MbP,401,356,757,0.53
MbS,176,206,382,0.46
Mbb,275,265,540,0.51
Mbh,1,3,4,0.25
Mbl,84,68,152,0.55
Mbm,333,287,620,0.54
Mbn,351,365,716,0.49
Mbs,183,160,343,0.53
Mbt,1,0,1,1.0
MhB,236,249,485,0.49
MhD,64,49,113,0.57
MhH,58,76,134,0.43
MhI,36,30,66,0.55
MhK,13,9,22,0.59
MhL,64,71,135,0.47
MhM,303,374,677,0.45
MhN,270,268,538,0.5
MhP,321,346,667,0.48
MhS,256,234,490,0.52
Mhb,230,204,434,0.53
Mhh,242,259,501,0.48
Mhl,102,90,192,0.53
Mhm,442,339,781,0.57
Mhn,290,275,565,0.51
Mhs,238,209,447,0.53
Mht,22,25,47,0.47
MjB,40,47,87,0.46
MjD,10,7,17,0.59
MjH,13,13,26,0.5
MjI,9,6,15,0.6
MjK,7,5,12,0.58
MjL,17,19,36,0.47
MjM,42,64,106,0.4
MjN,43,51,94,0.46
MjP,60,63,123,0.49
MjS,31,37,68,0.46
Mjb,41,36,77,0.53
Mjh,5,4,9,0.56
Mjl,24,7,31,0.77
Mjm,66,54,120,0.55
Mjn,59,56,115,0.51
Mjs,39,27,66,0.59
Mjt,6,1,7,0.86
MlB,91,89,180,0.51
MlD,13,21,34,0.38
MlH,67,67,134,0.5
MlI,18,9,27,0.67
MlJ,34,32,66,0.52
MlK,9,5,14,0.64
MlL,40,37,77,0.52
MlM,109,130,239,0.46
MlN,117,139,256,0.46
MlP,119,137,256,0.46
MlS,71,92,163,0.44
Mlb,78,63,141,0.55
Mlh,0,3,3,0.0
Mll,36,30,66,0.55
Mlm,117,101,218,0.54
Mln,92,106,198,0.46
Mls,78,67,145,0.54
MmB,392,430,822,0.48
MmD,172,139,311,0.55
MmH,366,392,758,0.48
MmI,43,43,86,0.5
MmJ,83,90,173,0.48
MmK,15,13,28,0.54
MmL,112,119,231,0.48
MmM,463,640,1103,0.42
MmN,567,603,1170,0.48
MmP,531,491,1022,0.52
MmS,342,394,736,0.46
Mmb,339,364,703,0.48
Mmh,3,14,17,0.18
Mml,92,93,185,0.5
Mmm,553,469,1022,0.54
Mmn,533,448,981,0.54
Mms,295,289,584,0.51
MnB,361,400,761,0.47
MnD,108,100,208,0.52
MnH,236,265,501,0.47
MnI,86,85,171,0.5
MnK,60,52,112,0.54
MnL,121,123,244,0.5
MnM,416,478,894,0.47
MnN,701,676,1377,0.51
MnP,637,709,1346,0.47
MnS,373,401,774,0.48
Mnb,351,325,676,0.52
Mnh,25,30,55,0.45
Mnl,120,108,228,0.53
Mnm,557,451,1008,0.55
Mnn,621,538,1159,0.54
Mns,365,362,727,0.5
Mnt,5,2,7,0.71
MsB,177,178,355,0.5
MsD,65,68,133,0.49
MsH,243,266,509,0.48
MsI,35,40,75,0.47
MsK,8,7,15,0.53
MsL,64,73,137,0.47
MsM,206,291,497,0.41
MsN,308,269,577,0.53
MsP,292,296,588,0.5
MsS,248,323,571,0.43
Msb,167,166,333,0.5
Msh,17,16,33,0.52
Msl,67,61,128,0.52
Msm,289,232,521,0.55
Msn,250,223,473,0.53
Mss,235,215,450,0.52
Mst,3,7,10,0.3
MtB,31,43,74,0.42
MtD,9,11,20,0.45
MtH,23,28,51,0.45
MtI,1,4,5,0.2
MtK,3,2,5,0.6
MtL,11,9,20,0.55
MtM,35,41,76,0.46
MtN,44,57,101,0.44
MtP,52,55,107,0.49
MtS,30,27,57,0.53
Mtb,37,29,66,0.56
Mth,3,1,4,0.75
Mtl,11,10,21,0.52
Mtm,52,47,99,0.53
Mtn,28,37,65,0.43
Mts,24,23,47,0.51
Mtt,3,7,10,0.3
NBB,323,335,658,0.49
NBD,58,65,123,0.47
NBH,5,4,9,0.56
NBI,0,1,1,0.0
NBK,38,40,78,0.49
NBL,71,110,181,0.39
NBM,244,327,571,0.43
NBN,346,416,762,0.45
NBP,416,463,879,0.47
NBS,165,196,361,0.46
NBb,282,307,589,0.48
NBh,38,44,82,0.46
NBj,60,77,137,0.44
NBl,81,91,172,0.47
NBm,402,329,731,0.55
NBn,465,465,930,0.5
NBs,164,179,343,0.48
NBt,46,41,87,0.53
NDB,77,79,156,0.49
NDD,39,30,69,0.57
NDH,56,87,143,0.39
NDI,8,15,23,0.35
NDK,0,2,2,0.0
NDL,27,23,50,0.54
NDM,112,98,210,0.53
NDN,73,96,169,0.43
NDP,87,96,183,0.48
NDS,80,105,185,0.43
NDb,61,62,123,0.5
NDh,3,1,4,0.75
NDl,22,24,46,0.48
NDm,127,100,227,0.56
NDn,74,79,153,0.48
NDs,55,48,103,0.53
NDt,7,11,18,0.39
NHB,61,35,96,0.64
NHD,14,12,26,0.54
NHH,17,13,30,0.57
NHI,10,12,22,0.45
NHK,14,11,25,0.56
NHL,27,30,57,0.47
NHM,64,81,145,0.44
NHN,67,105,172,0.39
NHP,77,78,155,0.5
NHS,64,78,142,0.45
NHb,49,44,93,0.53
NHh,20,23,43,0.47
NHl,22,23,45,0.49
NHm,91,65,156,0.58
NHn,76,73,149,0.51
NHs,56,66,122,0.46
NHt,2,2,4,0.5
NIB,6,8,14,0.43
NID,0,2,2,0.0
NIH,3,7,10,0.3
NII,3,2,5,0.6
NIL,1,2,3,0.33
NIM,8,6,14,0.57
NIN,8,6,14,0.57
NIP,5,4,9,0.56
NIS,3,9,12,0.25
NIb,6,9,15,0.4
NIl,1,1,2,0.5
NIm,9,13,22,0.41
NIn,7,6,13,0.54
NIs,5,3,8,0.62
NKB,28,29,57,0.49
NKD,13,13,26,0.5
NKH,3,4,7,0.43
NKI,6,10,16,0.38
NKK,0,2,2,0.0
NKL,13,10,23,0.57
NKM,30,61,91,0.33
NKN,43,43,86,0.5
NKP,50,43,93,0.54
NKS,38,39,77,0.49
NKb,34,34,68,0.5
NKh,36,36,72,0.5
NKl,12,7,19,0.63
NKm,62,49,111,0.56
NKn,58,40,98,0.59
NKs,37,31,68,0.54
NKt,4,2,6,0.67
NLB,108,135,243,0.44
NLD,21,15,36,0.58
NLH,1,4,5,0.2
NLK,4,11,15,0.27
NLL,41,32,73,0.56
NLM,88,116,204,0.43
NLN,132,134,266,0.5
NLP,148,143,291,0.51
NLS,69,74,143,0.48
NLb,102,105,207,0.49
NLh,39,55,94,0.41
NLj,20,26,46,0.43
NLl,46,40,86,0.53
NLm,109,110,219,0.5
NLn,154,163,317,0.49
NLs,79,88,167,0.47
NLt,13,14,27,0.48
NMB,313,348,661,0.47
NMD,77,70,147,0.52
NMH,2,4,6,0.33
NMI,1,0,1,1.0
NMK,9,9,18,0.5
NML,82,99,181,0.45
NMM,268,365,633,0.42
NMN,395,426,821,0.48
NMP,424,504,928,0.46
NMS,193,243,436,0.44
NMb,314,329,643,0.49
NMh,251,284,535,0.47
NMj,51,54,105,0.49
NMl,109,105,214,0.51
NMm,502,457,959,0.52
NMn,555,545,1100,0.5
NMs,285,255,540,0.53
NMt,36,32,68,0.53
NNB,370,411,781,0.47
NND,118,100,218,0.54
NNH,69,74,143,0.48
NNI,8,6,14,0.57
NNK,50,59,109,0.46
NNL,128,142,270,0.47
NNM,364,498,862,0.42
NNN,636,651,1287,0.49
NNP,679,708,1387,0.49
NNS,372,366,738,0.5
NNb,353,310,663,0.53
NNh,122,195,317,0.38
NNl,130,121,251,0.52
NNm,528,470,998,0.53
NNn,657,727,1384,0.47
NNs,375,362,737,0.51
NNt,80,82,162,0.49
NPB,439,450,889,0.49
NPD,116,91,207,0.56
NPH,150,175,325,0.46
NPI,74,66,140,0.53
NPK,61,82,143,0.43
NPL,189,240,429,0.44
NPM,478,600,1078,0.44
NPN,662,646,1308,0.51
NPP,794,766,1560,0.51
NPS,442,462,904,0.49
NPb,445,413,858,0.52
NPh,78,76,154,0.51
NPl,224,176,400,0.56
NPm,665,544,1209,0.55
NPn,579,536,1115,0.52
NPs,383,407,790,0.48
NPt,45,47,92,0.49
NSB,242,230,472,0.51
NSD,65,71,136,0.48
NSH,96,115,211,0.45
NSI,11,5,16,0.69
NSK,10,9,19,0.53
NSL,86,94,180,0.48
NSM,280,300,580,0.48
NSN,298,315,613,0.49
NSP,356,388,744,0.48
NSS,319,353,672,0.47
NSb,201,179,380,0.53
NSh,166,177,343,0.48
NSl,88,84,172,0.51
NSm,360,303,663,0.54
NSn,349,314,663,0.53
NSs,318,296,614,0.52
NSt,44,41,85,0.52
NbB,236,265,501,0.47
NbD,45,42,87,0.52
NbH,74,89,163,0.45
NbI,24,32,56,0.43
NbJ,84,86,170,0.49
NbK,43,45,88,0.49
NbL,92,111,203,0.45
NbM,261,300,561,0.47
NbN,383,406,789,0.49
NbP,352,337,689,0.51
NbS,164,183,347,0.47
Nbb,289,263,552,0.52
Nbh,3,2,5,0.6
Nbl,94,69,163,0.58
Nbm,308,242,550,0.56
Nbn,322,327,649,0.5
Nbs,185,134,319,0.58
Nbt,2,1,3,0.67
NhB,102,97,199,0.51
NhD,26,24,50,0.52
NhH,28,24,52,0.54
NhI,12,14,26,0.46
NhK,4,3,7,0.57
NhL,30,44,74,0.41
NhM,103,122,225,0.46
NhN,124,133,257,0.48
NhP,132,150,282,0.47
NhS,111,119,230,0.48
Nhb,93,79,172,0.54
Nhh,99,122,221,0.45
Nhl,40,37,77,0.52
Nhm,149,142,291,0.51
Nhn,125,132,257,0.49
Nhs,116,101,217,0.53
Nht,12,13,25,0.48
NlB,83,99,182,0.46
NlD,11,18,29,0.38
NlH,70,85,155,0.45
NlI,8,12,20,0.4
NlJ,32,35,67,0.48
NlK,3,2,5,0.6
NlL,53,39,92,0.58
NlM,97,119,216,0.45
NlN,141,128,269,0.52
NlP,124,127,251,0.49
NlS,81,75,156,0.52
Nlb,100,98,198,0.51
Nlh,0,1,1,0.0
Nll,45,37,82,0.55
Nlm,115,90,205,0.56
Nln,95,92,187,0.51
Nls,86,52,138,0.62
NmB,349,332,681,0.51
NmD,120,115,235,0.51
NmH,326,347,673,0.48
NmI,43,26,69,0.62
NmJ,84,82,166,0.51
NmK,8,11,19,0.42
NmL,108,136,244,0.44
NmM,419,542,961,0.44
NmN,502,542,1044,0.48
NmP,504,458,962,0.52
NmS,285,307,592,0.48
Nmb,348,352,700,0.5
Nmh,2,2,4,0.5
Nml,99,83,182,0.54
Nmm,432,386,818,0.53
Nmn,455,440,895,0.51
Nms,285,233,518,0.55
Nmt,0,0,0,
NnB,382,341,723,0.53
NnD,119,96,215,0.55
NnH,325,337,662,0.49
NnI,102,85,187,0.55
NnK,52,47,99,0.53
NnL,134,166,300,0.45
NnM,487,517,1004,0.49
NnN,725,740,1465,0.49
NnP,716,760,1476,0.49
NnS,392,501,893,0.44
Nnb,397,349,746,0.53
Nnh,16,26,42,0.38
Nnl,147,120,267,0.55
Nnm,557,462,1019,0.55
Nnn,638,628,1266,0.5
Nns,441,394,835,0.53
Nnt,3,3,6,0.5
NsB,202,208,410,0.49
NsD,79,74,153,0.52
NsH,249,291,540,0.46
NsI,58,56,114,0.51
NsK,4,7,11,0.36
NsL,91,81,172,0.53
NsM,284,304,588,0.48
NsN,338,351,689,0.49
NsP,335,337,672,0.5
NsS,302,373,675,0.45
Nsb,199,203,402,0.5
Nsh,17,23,40,0.42
Nsl,112,80,192,0.58
Nsm,318,288,606,0.52
Nsn,352,270,622,0.57
Nss,295,254,549,0.54
Nst,3,4,7,0.43
NtB,51,49,100,0.51
NtD,8,20,28,0.29
NtH,38,38,76,0.5
NtI,4,3,7,0.57
NtK,5,7,12,0.42
NtL,18,17,35,0.51
NtM,45,61,106,0.42
NtN,71,76,147,0.48
NtP,78,77,155,0.5
NtS,52,56,108,0.48
Ntb,50,46,96,0.52
Nth,2,5,7,0.29
Ntl,20,15,35,0.57
Ntm,74,64,138,0.54
Ntn,65,66,131,0.5
Nts,34,40,74,0.46
Ntt,7,12,19,0.37
PBB,395,440,835,0.47
PBD,74,81,155,0.48
PBH,6,5,11,0.55
PBI,0,2,2,0.0
PBK,57,59,116,0.49
PBL,134,165,299,0.45
PBM,317,423,740,0.43
PBN,390,424,814,0.48
PBP,475,508,983,0.48
PBS,229,193,422,0.54
PBb,394,323,717,0.55
PBh,34,52,86,0.4
PBj,96,84,180,0.53
PBl,150,123,273,0.55
PBm,481,441,922,0.52
PBn,447,462,909,0.49
PBs,242,207,449,0.54
PBt,45,46,91,0.49
PDB,66,58,124,0.53
PDD,32,43,75,0.43
PDH,65,68,133,0.49
PDI,6,5,11,0.55
PDK,1,1,2,0.5
PDL,33,28,61,0.54
PDM,107,118,225,0.48
PDN,73,67,140,0.52
PDP,102,115,217,0.47
PDS,69,73,142,0.49
PDb,62,69,131,0.47
PDh,2,4,6,0.33
PDl,23,28,51,0.45
PDm,126,92,218,0.58
PDn,61,50,111,0.55
PDs,75,61,136,0.55
PDt,14,7,21,0.67
PHB,101,96,197,0.51
PHD,27,24,51,0.53
PHH,26,17,43,0.6
PHI,23,12,35,0.66
PHK,14,11,25,0.56
PHL,46,43,89,0.52
PHM,108,129,237,0.46
PHN,132,149,281,0.47
PHP,177,168,345,0.51
PHS,95,106,201,0.47
PHb,86,83,169,0.51
PHh,31,59,90,0.34
PHl,57,49,106,0.54
PHm,163,142,305,0.53
PHn,130,120,250,0.52
PHs,145,107,252,0.58
PHt,4,14,18,0.22
PIB,51,42,93,0.55
PID,17,14,31,0.55
PIH,38,41,79,0.48
PII,8,6,14,0.57
PIK,3,0,3,1.0
PIL,24,14,38,0.63
PIM,58,77,135,0.43
PIN,44,49,93,0.47
PIP,63,55,118,0.53
PIS,48,53,101,0.48
PIb,49,42,91,0.54
PIh,2,2,4,0.5
PIl,11,12,23,0.48
PIm,58,56,114,0.51
PIn,44,39,83,0.53
PIs,33,20,53,0.62
PIt,1,4,5,0.2
PKB,42,52,94,0.45
PKD,14,14,28,0.5
PKH,12,9,21,0.57
PKI,5,8,13,0.38
PKK,1,1,2,0.5
PKL,24,18,42,0.57
PKM,86,85,171,0.5
PKN,49,39,88,0.56
PKP,73,75,148,0.49
PKS,46,42,88,0.52
PKb,56,51,107,0.52
PKh,41,65,106,0.39
PKl,31,31,62,0.5
PKm,82,79,161,0.51
PKn,50,53,103,0.49
PKs,48,39,87,0.55
PKt,6,6,12,0.5
PLB,156,179,335,0.47
PLD,26,35,61,0.43
PLH,0,1,1,0.0
PLI,0,0,0,
PLK,15,9,24,0.62
PLL,83,90,173,0.48
PLM,155,171,326,0.48
PLN,154,149,303,0.51
PLP,220,233,453,0.49
PLS,126,122,248,0.51
PLb,152,160,312,0.49
PLh,69,66,135,0.51
PLj,45,33,78,0.58
PLl,101,82,183,0.55
PLm,243,206,449,0.54
PLn,207,213,420,0.49
PLs,120,108,228,0.53
PLt,25,37,62,0.4
PMB,447,464,911,0.49
PMD,114,92,206,0.55
PMH,2,3,5,0.4
PMI,3,1,4,0.75
PMK,12,11,23,0.52
PML,142,140,282,0.5
PMM,394,508,902,0.44
PMN,412,434,846,0.49
PMP,542,588,1130,0.48
PMS,283,296,579,0.49
PMb,417,452,869,0.48
PMh,354,408,762,0.46
PMj,68,67,135,0.5
PMl,186,156,342,0.54
PMm,681,575,1256,0.54
PMn,543,549,1092,0.5
PMs,319,319,638,0.5
PMt,47,55,102,0.46
PNB,408,421,829,0.49
PND,105,83,188,0.56
PNH,90,78,168,0.54
PNI,6,7,13,0.46
PNK,42,45,87,0.48
PNL,164,198,362,0.45
PNM,401,511,912,0.44
PNN,475,519,994,0.48
PNP,663,668,1331,0.5
PNS,358,383,741,0.48
PNb,341,356,697,0.49
PNh,131,144,275,0.48
PNl,177,154,331,0.53
PNm,547,477,1024,0.53
PNn,579,592,1171,0.49
PNs,323,344,667,0.48
PNt,73,76,149,0.49
PPB,559,598,1157,0.48
PPD,123,103,226,0.54
PPH,148,197,345,0.43
PPI,80,54,134,0.6
PPK,69,77,146,0.47
PPL,302,317,619,0.49
PPM,645,784,1429,0.45
PPN,555,561,1116,0.5
PPP,883,887,1770,0.5
PPS,491,453,944,0.52
PPb,526,521,1047,0.5
PPh,65,98,163,0.4
PPl,306,316,622,0.49
PPm,793,672,1465,0.54
PPn,548,500,1048,0.52
PPs,460,433,893,0.52
PPt,60,69,129,0.47
PSB,268,291,559,0.48
PSD,77,75,152,0.51
PSH,107,148,255,0.42
PSI,9,15,24,0.38
PSK,7,23,30,0.23
PSL,146,130,276,0.53
PSM,335,392,727,0.46
PSN,290,289,579,0.5
PSP,374,368,742,0.5
PSS,348,383,731,0.48
PSb,244,234,478,0.51
PSh,167,210,377,0.44
PSl,139,112,251,0.55
PSm,406,351,757,0.54
PSn,325,301,626,0.52
PSs,369,327,696,0.53
PSt,48,44,92,0.52
PbB,372,370,742,0.5
PbD,56,51,107,0.52
PbH,76,111,187,0.41
PbI,45,32,77,0.58
PbJ,98,96,194,0.51
PbK,41,55,96,0.43
PbL,134,161,295,0.45
PbM,387,491,878,0.44
PbN,448,446,894,0.5
PbP,478,469,947,0.5
PbS,210,199,409,0.51
Pbb,405,342,747,0.54
Pbh,2,3,5,0.4
Pbl,145,149,294,0.49
Pbm,405,328,733,0.55
Pbn,363,311,674,0.54
Pbs,220,193,413,0.53
Pbt,0,2,2,0.0
PhB,44,47,91,0.48
PhD,12,9,21,0.57
PhH,5,10,15,0.33
PhI,4,3,7,0.57
PhK,2,2,4,0.5
PhL,20,20,40,0.5
PhM,54,61,115,0.47
PhN,42,47,89,0.47
PhP,71,77,148,0.48
PhS,49,54,103,0.48
Phb,43,46,89,0.48
Phh,38,45,83,0.46
Phl,19,24,43,0.44
Phm,78,75,153,0.51
Phn,44,45,89,0.49
Phs,51,44,95,0.54
Pht,8,4,12,0.67
PlB,168,161,329,0.51
PlD,16,27,43,0.37
PlH,100,115,215,0.47
PlI,18,12,30,0.6
PlJ,50,26,76,0.66
PlK,2,13,15,0.13
PlL,98,80,178,0.55
PlM,160,223,383,0.42
PlN,174,183,357,0.49
PlP,226,200,426,0.53
PlS,127,120,247,0.51
Plb,171,156,327,0.52
Plh,2,2,4,0.5
Pll,79,53,132,0.6
Plm,187,145,332,0.56
Pln,144,125,269,0.54
Pls,112,100,212,0.53
Plt,1,0,1,1.0
PmB,481,450,931,0.52
PmD,155,151,306,0.51
PmH,378,420,798,0.47
PmI,31,35,66,0.47
PmJ,97,92,189,0.51
PmK,4,18,22,0.18
PmL,204,216,420,0.49
PmM,568,705,1273,0.45
PmN,544,508,1052,0.52
PmP,607,597,1204,0.5
PmS,341,333,674,0.51
Pmb,511,468,979,0.52
Pmh,6,5,11,0.55
Pml,188,170,358,0.53
Pmm,613,479,1092,0.56
Pmn,463,418,881,0.53
Pms,277,252,529,0.52
Pmt,0,2,2,0.0
PnB,334,342,676,0.49
PnD,67,80,147,0.46
PnH,219,245,464,0.47
PnI,72,61,133,0.54
PnK,46,42,88,0.52
PnL,164,175,339,0.48
PnM,405,477,882,0.46
PnN,512,538,1050,0.49
PnP,590,604,1194,0.49
PnS,333,357,690,0.48
Pnb,344,318,662,0.52
Pnh,22,25,47,0.47
Pnl,140,141,281,0.5
Pnm,483,383,866,0.56
Pnn,439,413,852,0.52
Pns,330,333,663,0.5
Pnt,8,2,10,0.8
PsB,206,222,428,0.48
PsD,85,71,156,0.54
PsH,280,262,542,0.52
PsI,42,41,83,0.51
PsK,9,4,13,0.69
PsL,131,119,250,0.52
PsM,290,372,662,0.44
PsN,343,318,661,0.52
PsP,374,438,812,0.46
PsS,314,344,658,0.48
Psb,223,211,434,0.51
Psh,19,20,39,0.49
Psl,124,116,240,0.52
Psm,367,307,674,0.54
Psn,263,234,497,0.53
Pss,288,248,536,0.54
Pst,2,6,8,0.25
PtB,30,34,64,0.47
PtD,6,10,16,0.38
PtH,28,28,56,0.5
PtI,2,4,6,0.33
PtK,4,8,12,0.33
PtL,14,25,39,0.36
PtM,42,66,108,0.39
PtN,39,40,79,0.49
PtP,52,63,115,0.45
PtS,35,36,71,0.49
Ptb,44,41,85,0.52
Pth,1,3,4,0.25
Ptl,14,20,34,0.41
Ptm,59,47,106,0.56
Ptn,41,47,88,0.47
Pts,35,26,61,0.57
Ptt,10,6,16,0.62
SBB,215,226,441,0.49
SBD,39,41,80,0.49
SBH,2,1,3,0.67
SBI,0,1,1,0.0
SBK,34,32,66,0.52
SBL,53,69,122,0.43
SBM,158,242,400,0.4
SBN,228,249,477,0.48
SBP,268,266,534,0.5
SBS,149,149,298,0.5
SBb,186,172,358,0.52
SBh,26,26,52,0.5
SBj,46,37,83,0.55
SBl,69,55,124,0.56
SBm,245,227,472,0.52
SBn,287,262,549,0.52
SBs,106,111,217,0.49
SBt,25,38,63,0.4
SDB,48,44,92,0.52
SDD,46,31,77,0.6
SDH,47,62,109,0.43
SDI,7,3,10,0.7
SDK,0,0,0,
SDL,17,21,38,0.45
SDM,84,104,188,0.45
SDN,65,61,126,0.52
SDP,73,67,140,0.52
SDS,94,108,202,0.47
SDb,55,64,119,0.46
SDh,5,9,14,0.36
SDl,18,22,40,0.45
SDm,101,91,192,0.53
SDn,63,59,122,0.52
SDs,52,55,107,0.49
SDt,2,5,7,0.29
SHB,72,69,141,0.51
SHD,24,20,44,0.55
SHH,31,30,61,0.51
SHI,23,15,38,0.61
SHK,11,15,26,0.42
SHL,31,36,67,0.46
SHM,109,115,224,0.49
SHN,91,101,192,0.47
SHP,115,103,218,0.53
SHS,128,141,269,0.48
SHb,80,80,160,0.5
SHh,48,59,107,0.45
SHl,50,41,91,0.55
SHm,132,132,264,0.5
SHn,98,73,171,0.57
SHs,121,118,239,0.51
SHt,6,6,12,0.5
SIB,6,12,18,0.33
SID,1,4,5,0.2
SIH,4,12,16,0.25
SII,1,4,5,0.2
SIL,4,4,8,0.5
SIM,19,13,32,0.59
SIN,5,12,17,0.29
SIP,12,10,22,0.55
SIS,13,16,29,0.45
SIb,7,14,21,0.33
SIh,0,1,1,0.0
SIl,3,5,8,0.38
SIm,32,9,41,0.78
SIn,8,7,15,0.53
SIs,10,6,16,0.62
SIt,4,3,7,0.57
SKB,7,9,16,0.44
SKD,1,0,1,1.0
SKI,1,1,2,0.5
SKK,0,0,0,
SKL,6,3,9,0.67
SKM,12,8,20,0.6
SKN,5,3,8,0.62
SKP,9,7,16,0.56
SKS,7,2,9,0.78
SKb,8,10,18,0.44
SKh,9,5,14,0.64
SKl,4,7,11,0.36
SKm,6,12,18,0.33
SKn,5,7,12,0.42
SKs,11,14,25,0.44
SKt,1,0,1,1.0
SLB,81,85,166,0.49
SLD,23,13,36,0.64
SLH,1,2,3,0.33
SLK,3,8,11,0.27
SLL,23,33,56,0.41
SLM,62,101,163,0.38
SLN,87,80,167,0.52
SLP,115,99,214,0.54
SLS,72,73,145,0.5
SLb,63,82,145,0.43
SLh,28,33,61,0.46
SLj,19,23,42,0.45
SLl,47,37,84,0.56
SLm,111,98,209,0.53
SLn,89,84,173,0.51
SLs,60,66,126,0.48
SLt,19,16,35,0.54
SMB,254,274,528,0.48
SMD,65,55,120,0.54
SMH,5,4,9,0.56
SMI,1,0,1,1.0
SMK,8,11,19,0.42
SML,88,64,152,0.58
SMM,273,362,635,0.43
SMN,241,277,518,0.47
SMP,321,334,655,0.49
SMS,246,255,501,0.49
SMb,236,230,466,0.51
SMh,192,247,439,0.44
SMj,24,38,62,0.39
SMl,107,76,183,0.58
SMm,419,342,761,0.55
SMn,337,349,686,0.49
SMs,221,223,444,0.5
SMt,25,30,55,0.45
SNB,192,197,389,0.49
SND,54,55,109,0.5
SNH,72,49,121,0.6
SNI,6,5,11,0.55
SNK,31,28,59,0.53
SNL,68,68,136,0.5
SNM,226,279,505,0.45
SNN,329,329,658,0.5
SNP,376,311,687,0.55
SNS,221,281,502,0.44
SNb,162,152,314,0.52
SNh,62,79,141,0.44
SNl,59,61,120,0.49
SNm,291,232,523,0.56
SNn,315,345,660,0.48
SNs,234,212,446,0.52
SNt,37,33,70,0.53
SPB,232,251,483,0.48
SPD,64,55,119,0.54
SPH,87,102,189,0.46
SPI,38,28,66,0.58
SPK,36,58,94,0.38
SPL,105,143,248,0.42
SPM,305,370,675,0.45
SPN,320,305,625,0.51
SPP,416,449,865,0.48
SPS,289,303,592,0.49
SPb,236,236,472,0.5
SPh,36,45,81,0.44
SPl,129,126,255,0.51
SPm,381,343,724,0.53
SPn,292,283,575,0.51
SPs,266,222,488,0.55
SPt,34,26,60,0.57
SSB,208,231,439,0.47
SSD,84,95,179,0.47
SSH,148,187,335,0.44
SSI,31,15,46,0.67
SSK,8,17,25,0.32
SSL,83,85,168,0.49
SSM,338,398,736,0.46
SSN,281,289,570,0.49
SSP,300,306,606,0.5
SSS,487,546,1033,0.47
SSb,228,184,412,0.55
SSh,131,165,296,0.44
SSl,81,98,179,0.45
SSm,391,324,715,0.55
SSn,298,286,584,0.51
SSs,377,324,701,0.54
SSt,46,41,87,0.53
SbB,171,177,348,0.49
SbD,34,18,52,0.65
SbH,45,49,94,0.48
SbI,18,9,27,0.67
SbJ,61,40,101,0.6
SbK,28,28,56,0.5
SbL,50,74,124,0.4
SbM,182,252,434,0.42
SbN,249,212,461,0.54
SbP,231,209,440,0.52
SbS,135,155,290,0.47
Sbb,184,177,361,0.51
Sbh,1,4,5,0.2
Sbl,57,39,96,0.59
Sbm,210,154,364,0.58
Sbn,201,184,385,0.52
Sbs,120,89,209,0.57
ShB,113,99,212,0.53
ShD,30,24,54,0.56
ShH,38,39,77,0.49
ShI,21,15,36,0.58
ShK,4,3,7,0.57
ShL,48,52,100,0.48
ShM,141,185,326,0.43
ShN,118,156,274,0.43
ShP,170,158,328,0.52
ShS,174,163,337,0.52
Shb,101,106,207,0.49
Shh,134,130,264,0.51
Shl,40,49,89,0.45
Shm,171,157,328,0.52
Shn,129,155,284,0.45
Shs,159,154,313,0.51
Sht,7,17,24,0.29
SlB,66,77,143,0.46
SlD,19,13,32,0.59
SlH,52,42,94,0.55
SlI,7,5,12,0.58
SlJ,25,29,54,0.46
SlK,4,7,11,0.36
SlL,29,31,60,0.48
SlM,72,108,180,0.4
SlN,93,103,196,0.47
SlP,85,83,168,0.51
SlS,73,97,170,0.43
Slb,68,71,139,0.49
Slh,1,0,1,1.0
Sll,30,24,54,0.56
Slm,83,87,170,0.49
Sln,80,71,151,0.53
Sls,45,61,106,0.42
SmB,260,251,511,0.51
SmD,108,90,198,0.55
SmH,260,258,518,0.5
SmI,12,29,41,0.29
SmJ,58,69,127,0.46
SmK,8,9,17,0.47
SmL,104,92,196,0.53
SmM,319,392,711,0.45
SmN,343,365,708,0.48
SmP,310,325,635,0.49
SmS,288,294,582,0.49
Smb,290,229,519,0.56
Smh,3,5,8,0.38
Sml,84,85,169,0.5
Smm,389,311,700,0.56
Smn,272,253,525,0.52
Sms,203,173,376,0.54
Smt,3,0,3,1.0
SnB,187,194,381,0.49
SnD,70,53,123,0.57
SnH,153,172,325,0.47
SnI,44,53,97,0.45
SnK,25,33,58,0.43
SnL,79,85,164,0.48
SnM,235,295,530,0.44
SnN,369,347,716,0.52
SnP,320,384,704,0.45
SnS,251,285,536,0.47
Snb,179,173,352,0.51
Snh,9,18,27,0.33
Snl,75,78,153,0.49
Snm,296,269,565,0.52
Snn,301,286,587,0.51
Sns,218,219,437,0.5
Snt,3,0,3,1.0
SsB,185,165,350,0.53
SsD,94,81,175,0.54
SsH,275,238,513,0.54
SsI,56,43,99,0.57
SsK,9,12,21,0.43
SsL,74,85,159,0.47
SsM,276,333,609,0.45
SsN,295,290,585,0.5
SsP,287,292,579,0.5
SsS,399,457,856,0.47
Ssb,177,199,376,0.47
Ssh,17,26,43,0.4
Ssl,77,85,162,0.48
Ssm,351,271,622,0.56
Ssn,256,214,470,0.54
Sss,318,314,632,0.5
Sst,8,4,12,0.67
StB,33,43,76,0.43
StD,10,7,17,0.59
StH,27,28,55,0.49
StI,2,1,3,0.67
StK,2,5,7,0.29
StL,16,16,32,0.5
StM,40,38,78,0.51
StN,44,41,85,0.52
StP,58,46,104,0.56
StS,37,45,82,0.45
Stb,31,34,65,0.48
Sth,0,1,1,0.0
Stl,12,12,24,0.5
Stm,49,38,87,0.56
Stn,33,33,66,0.5
Sts,43,26,69,0.62
Stt,5,7,12,0.42
bBB,269,277,546,0.49
bBD,51,49,100,0.51
bBH,4,3,7,0.57
bBI,1,0,1,1.0
bBK,28,32,60,0.47
bBL,76,77,153,0.5
bBM,263,290,553,0.48
bBN,368,363,731,0.5
bBP,360,359,719,0.5
bBS,187,182,369,0.51
bBb,267,219,486,0.55
bBh,38,37,75,0.51
bBj,75,79,154,0.49
bBl,106,79,185,0.57
bBm,313,271,584,0.54
bBn,400,372,772,0.52
bBs,187,134,321,0.58
bBt,45,36,81,0.56
bDB,38,43,81,0.47
bDD,21,20,41,0.51
bDH,43,41,84,0.51
bDI,1,2,3,0.33
bDK,0,1,1,0.0
bDL,14,17,31,0.45
bDM,56,64,120,0.47
bDN,46,44,90,0.51
bDP,46,55,101,0.46
bDS,49,31,80,0.61
bDb,47,36,83,0.57
bDh,3,1,4,0.75
bDl,10,9,19,0.53
bDm,71,68,139,0.51
bDn,41,33,74,0.55
bDs,36,23,59,0.61
bDt,7,4,11,0.64
bHB,60,45,105,0.57
bHD,12,13,25,0.48
bHH,11,13,24,0.46
bHI,17,13,30,0.57
bHK,9,7,16,0.56
bHL,16,20,36,0.44
bHM,74,74,148,0.5
bHN,86,91,177,0.49
bHP,107,97,204,0.52
bHS,49,59,108,0.45
bHb,74,73,147,0.5
bHh,36,27,63,0.57
bHl,25,16,41,0.61
bHm,79,65,144,0.55
bHn,93,75,168,0.55
bHs,54,44,98,0.55
bHt,7,7,14,0.5
bIB,29,32,61,0.48
bID,6,8,14,0.43
bIH,23,18,41,0.56
bII,6,2,8,0.75
bIK,1,0,1,1.0
bIL,8,9,17,0.47
bIM,38,23,61,0.62
bIN,40,36,76,0.53
bIP,37,43,80,0.46
bIS,18,22,40,0.45
bIb,29,23,52,0.56
bIh,0,3,3,0.0
bIl,11,4,15,0.73
bIm,35,28,63,0.56
bIn,36,21,57,0.63
bIs,18,18,36,0.5
bIt,1,2,3,0.33
bJB,81,77,158,0.51
bJD,15,11,26,0.58
bJH,40,49,89,0.45
bJI,12,5,17,0.71
bJK,8,10,18,0.44
bJL,31,25,56,0.55
bJM,83,88,171,0.49
bJN,87,90,177,0.49
bJP,106,115,221,0.48
bJS,53,57,110,0.48
bJb,68,74,142,0.48
bJh,14,12,26,0.54
bJl,29,23,52,0.56
bJm,87,81,168,0.52
bJn,54,69,123,0.44
bJs,49,42,91,0.54
bJt,8,9,17,0.47
bKB,29,41,70,0.41
bKD,12,10,22,0.55
bKH,9,10,19,0.47
bKI,10,4,14,0.71
bKL,13,12,25,0.52
bKM,64,55,119,0.54
bKN,30,34,64,0.47
bKP,59,58,117,0.5
bKS,23,34,57,0.4
bKb,39,47,86,0.45
bKh,31,48,79,0.39
bKl,26,8,34,0.76
bKm,78,50,128,0.61
bKn,34,30,64,0.53
bKs,29,33,62,0.47
bKt,3,2,5,0.6
bLB,77,84,161,0.48
bLD,18,13,31,0.58
bLH,4,3,7,0.57
bLI,1,0,1,1.0
bLK,4,6,10,0.4
bLL,33,47,80,0.41
bLM,104,107,211,0.49
bLN,102,95,197,0.52
bLP,127,125,252,0.5
bLS,56,55,111,0.5
bLb,88,79,167,0.53
bLh,41,53,94,0.44
bLj,14,17,31,0.45
bLl,33,26,59,0.56
bLm,98,120,218,0.45
bLn,156,136,292,0.53
bLs,72,61,133,0.54
bLt,12,10,22,0.55
bMB,270,278,548,0.49
bMD,70,70,140,0.5
bMH,4,6,10,0.4
bMI,1,1,2,0.5
bMK,6,7,13,0.46
bML,80,79,159,0.5
bMM,279,308,587,0.48
bMN,330,316,646,0.51
bMP,381,395,776,0.49
bMS,201,198,399,0.5
bMb,297,259,556,0.53
bMh,242,248,490,0.49
bMj,29,41,70,0.41
bMl,102,78,180,0.57
bMm,419,330,749,0.56
bMn,487,396,883,0.55
bMs,208,168,376,0.55
bMt,36,39,75,0.48
bNB,290,317,607,0.48
bND,85,77,162,0.52
bNH,59,72,131,0.45
bNI,7,4,11,0.64
bNK,29,43,72,0.4
bNL,113,116,229,0.49
bNM,309,432,741,0.42
bNN,510,476,986,0.52
bNP,529,524,1053,0.5
bNS,293,302,595,0.49
bNb,334,266,600,0.56
bNh,128,129,257,0.5
bNl,113,78,191,0.59
bNm,410,325,735,0.56
bNn,533,465,998,0.53
bNs,263,241,504,0.52
bNt,55,60,115,0.48
bPB,339,330,669,0.51
bPD,60,60,120,0.5
bPH,93,96,189,0.49
bPI,47,21,68,0.69
bPK,43,57,100,0.43
bPL,146,133,279,0.52
bPM,355,491,846,0.42
bPN,419,405,824,0.51
bPP,526,505,1031,0.51
bPS,251,260,511,0.49
bPb,356,323,679,0.52
bPh,52,48,100,0.52
bPl,132,104,236,0.56
bPm,425,351,776,0.55
bPn,389,335,724,0.54
bPs,213,210,423,0.5
bPt,48,48,96,0.5
bSB,114,107,221,0.52
bSD,54,29,83,0.65
bSH,58,62,120,0.48
bSI,9,6,15,0.6
bSK,7,2,9,0.78
bSL,59,64,123,0.48
bSM,147,215,362,0.41
bSN,161,146,307,0.52
bSP,196,211,407,0.48
bSS,172,158,330,0.52
bSb,118,105,223,0.53
bSh,103,90,193,0.53
bSl,52,44,96,0.54
bSm,195,145,340,0.57
bSn,203,183,386,0.53
bSs,156,157,313,0.5
bSt,23,25,48,0.48
bbB,341,321,662,0.52
bbD,36,37,73,0.49
bbH,78,83,161,0.48
bbI,37,22,59,0.63
bbJ,68,60,128,0.53
bbK,27,41,68,0.4
bbL,110,94,204,0.54
bbM,280,362,642,0.44
bbN,413,364,777,0.53
bbP,442,385,827,0.53
bbS,150,140,290,0.52
bbb,370,312,682,0.54
bbh,1,4,5,0.2
bbl,83,71,154,0.54
bbm,296,240,536,0.55
bbn,316,266,582,0.54
bbs,127,101,228,0.56
bhB,0,1,1,0.0
bhD,1,1,2,0.5
bhI,0,1,1,0.0
bhL,1,0,1,1.0
bhM,1,3,4,0.25
bhN,2,0,2,1.0
bhP,3,2,5,0.6
bhS,5,2,7,0.71
bhb,5,0,5,1.0
bhh,0,1,1,0.0
bhl,1,0,1,1.0
bhm,7,3,10,0.7
bhn,0,1,1,0.0
blB,77,73,150,0.51
blD,13,10,23,0.57
blH,55,47,102,0.54
blI,10,7,17,0.59
blJ,28,15,43,0.65
blK,2,3,5,0.4
blL,27,32,59,0.46
blM,87,98,185,0.47
blN,96,104,200,0.48
blP,113,105,218,0.52
blS,52,60,112,0.46
blb,94,83,177,0.53
blh,0,1,1,0.0
bll,35,25,60,0.58
blm,86,77,163,0.53
bln,81,65,146,0.55
bls,41,35,76,0.54
blt,0,1,1,0.0
bmB,312,284,596,0.52
bmD,87,61,148,0.59
bmH,203,217,420,0.48
bmI,20,19,39,0.51
bmJ,43,55,98,0.44
bmK,5,5,10,0.5
bmL,88,72,160,0.55
bmM,335,368,703,0.48
bmN,354,328,682,0.52
bmP,392,340,732,0.54
bmS,171,174,345,0.5
bmb,282,296,578,0.49
bmh,1,5,6,0.17
bml,72,74,146,0.49
bmm,341,238,579,0.59
bmn,284,248,532,0.53
bms,129,121,250,0.52
bnB,244,260,504,0.48
bnD,58,55,113,0.51
bnH,143,154,297,0.48
bnI,50,52,102,0.49
bnK,24,27,51,0.47
bnL,89,68,157,0.57
bnM,305,338,643,0.47
bnN,446,410,856,0.52
bnP,428,405,833,0.51
bnS,181,212,393,0.46
bnb,327,242,569,0.57
bnh,11,18,29,0.38
bnl,92,80,172,0.53
bnm,299,249,548,0.55
bnn,340,288,628,0.54
bns,184,186,370,0.5
bnt,1,1,2,0.5
bsB,121,109,230,0.53
bsD,34,36,70,0.49
bsH,127,150,277,0.46
bsI,22,27,49,0.45
bsK,1,2,3,0.33
bsL,49,54,103,0.48
bsM,151,162,313,0.48
bsN,181,144,325,0.56
bsP,189,166,355,0.53
bsS,151,161,312,0.48
bsb,124,92,216,0.57
bsh,11,13,24,0.46
bsl,30,39,69,0.43
bsm,150,146,296,0.51
bsn,139,112,251,0.55
bss,109,98,207,0.53
bst,2,5,7,0.29
btB,0,1,1,0.0
btH,1,2,3,0.33
btM,0,0,0,
btP,0,1,1,0.0
btS,0,0,0,
btm,1,0,1,1.0
bts,1,1,2,0.5
btt,1,0,1,1.0
hBB,72,75,147,0.49
hBD,11,14,25,0.44
hBK,8,12,20,0.4
hBL,17,18,35,0.49
hBM,55,75,130,0.42
hBN,70,97,167,0.42
hBP,75,91,166,0.45
hBS,42,51,93,0.45
hBb,64,65,129,0.5
hBh,7,12,19,0.37
hBj,14,19,33,0.42
hBl,18,24,42,0.43
hBm,73,88,161,0.45
hBn,87,73,160,0.54
hBs,40,38,78,0.51
hBt,10,3,13,0.77
hDB,9,11,20,0.45
hDD,7,5,12,0.58
hDH,17,24,41,0.41
hDI,0,2,2,0.0
hDK,0,0,0,
hDL,5,6,11,0.45
hDM,25,29,54,0.46
hDN,8,15,23,0.35
hDP,12,24,36,0.33
hDS,20,18,38,0.53
hDb,12,15,27,0.44
hDh,0,4,4,0.0
hDl,6,3,9,0.67
hDm,21,22,43,0.49
hDn,12,12,24,0.5
hDs,12,18,30,0.4
hDt,2,2,4,0.5
hHB,17,10,27,0.63
hHD,1,0,1,1.0
hHH,8,5,13,0.62
hHI,4,1,5,0.8
hHK,1,3,4,0.25
hHL,6,3,9,0.67
hHM,30,32,62,0.48
hHN,15,17,32,0.47
hHP,25,18,43,0.58
hHS,22,18,40,0.55
hHb,15,10,25,0.6
hHh,7,8,15,0.47
hHl,12,4,16,0.75
hHm,18,11,29,0.62
hHn,12,28,40,0.3
hHs,21,18,39,0.54
hHt,0,1,1,0.0
hIB,10,6,16,0.62
hID,6,1,7,0.86
hIH,9,8,17,0.53
hII,1,1,2,0.5
hIK,1,0,1,1.0
hIL,5,3,8,0.62
hIM,9,17,26,0.35
hIN,9,2,11,0.82
hIP,12,10,22,0.55
hIS,8,8,16,0.5
hIb,7,6,13,0.54
hIh,1,2,3,0.33
hIl,7,4,11,0.64
hIm,11,9,20,0.55
hIn,5,7,12,0.42
hIs,14,8,22,0.64
hIt,1,3,4,0.25
hKB,3,1,4,0.75
hKL,1,1,2,0.5
hKM,4,3,7,0.57
hKN,3,6,9,0.33
hKP,1,2,3,0.33
hKS,1,2,3,0.33
hKb,1,1,2,0.5
hKh,4,1,5,0.8
hKl,1,0,1,1.0
hKm,6,2,8,0.75
hKn,1,3,4,0.25
hKs,2,1,3,0.67
hKt,0,0,0,
hLB,21,27,48,0.44
hLD,4,2,6,0.67
hLK,3,6,9,0.33
hLL,7,10,17,0.41
hLM,27,24,51,0.53
hLN,17,28,45,0.38
hLP,21,33,54,0.39
hLS,15,20,35,0.43
hLb,30,18,48,0.62
hLh,8,10,18,0.44
hLj,7,2,9,0.78
hLl,15,11,26,0.58
hLm,28,28,56,0.5
hLn,35,34,69,0.51
hLs,14,21,35,0.4
hLt,3,4,7,0.43
hMB,78,109,187,0.42
hMD,30,23,53,0.57
hMH,4,5,9,0.44
hMI,0,1,1,0.0
hMK,1,6,7,0.14
hML,17,16,33,0.52
hMM,83,131,214,0.39
hMN,79,101,180,0.44
hMP,117,121,238,0.49
hMS,50,67,117,0.43
hMb,62,78,140,0.44
hMh,56,95,151,0.37
hMj,13,12,25,0.52
hMl,46,35,81,0.57
hMm,153,106,259,0.59
hMn,115,109,224,0.51
hMs,64,52,116,0.55
hMt,4,9,13,0.31
hNB,72,53,125,0.58
hND,15,14,29,0.52
hNH,11,16,27,0.41
hNI,2,2,4,0.5
hNK,11,17,28,0.39
hNL,22,19,41,0.54
hNM,60,91,151,0.4
hNN,75,94,169,0.44
hNP,104,118,222,0.47
hNS,64,70,134,0.48
hNb,51,58,109,0.47
hNh,19,22,41,0.46
hNl,19,19,38,0.5
hNm,121,76,197,0.61
hNn,104,98,202,0.51
hNs,48,68,116,0.41
hNt,17,11,28,0.61
hPB,82,82,164,0.5
hPD,31,18,49,0.63
hPH,23,43,66,0.35
hPI,13,14,27,0.48
hPK,12,22,34,0.35
hPL,35,34,69,0.51
hPM,100,128,228,0.44
hPN,89,110,199,0.45
hPP,140,124,264,0.53
hPS,65,80,145,0.45
hPb,89,69,158,0.56
hPh,15,16,31,0.48
hPl,48,40,88,0.55
hPm,124,124,248,0.5
hPn,95,75,170,0.56
hPs,81,72,153,0.53
hPt,10,14,24,0.42
hSB,73,55,128,0.57
hSD,17,14,31,0.55
hSH,29,45,74,0.39
hSI,4,2,6,0.67
hSK,4,1,5,0.8
hSL,21,20,41,0.51
hSM,86,118,204,0.42
hSN,68,68,136,0.5
hSP,87,78,165,0.53
hSS,107,94,201,0.53
hSb,57,53,110,0.52
hSh,47,60,107,0.44
hSl,16,22,38,0.42
hSm,99,72,171,0.58
hSn,58,71,129,0.45
hSs,85,78,163,0.52
hSt,7,10,17,0.41
hbB,60,51,111,0.54
hbD,16,8,24,0.67
hbH,16,14,30,0.53
hbI,7,4,11,0.64
hbJ,22,20,42,0.52
hbK,12,12,24,0.5
hbL,18,25,43,0.42
hbM,66,92,158,0.42
hbN,85,88,173,0.49
hbP,72,68,140,0.51
hbS,54,46,100,0.54
hbb,61,72,133,0.46
hbl,17,21,38,0.45
hbm,74,61,135,0.55
hbn,56,68,124,0.45
hbs,26,30,56,0.46
hbt,1,0,1,1.0
hhB,74,64,138,0.54
hhD,13,12,25,0.52
hhH,18,17,35,0.51
hhI,9,10,19,0.47
hhK,0,3,3,0.0
hhL,25,22,47,0.53
hhM,86,107,193,0.45
hhN,61,59,120,0.51
hhP,79,74,153,0.52
hhS,80,71,151,0.53
hhb,56,52,108,0.52
hhh,77,75,152,0.51
hhl,26,26,52,0.5
hhm,109,70,179,0.61
hhn,67,70,137,0.49
hhs,59,65,124,0.48
hht,6,9,15,0.4
hlB,15,29,44,0.34
hlD,3,6,9,0.33
hlH,18,13,31,0.58
hlI,4,1,5,0.8
hlJ,9,8,17,0.53
hlK,2,2,4,0.5
hlL,6,7,13,0.46
hlM,30,46,76,0.39
hlN,34,26,60,0.57
hlP,32,29,61,0.52
hlS,26,18,44,0.59
hlb,18,37,55,0.33
hlh,0,0,0,
hll,11,9,20,0.55
hlm,43,31,74,0.58
hln,24,25,49,0.49
hls,21,18,39,0.54
hmB,108,91,199,0.54
hmD,40,26,66,0.61
hmH,87,92,179,0.49
hmI,8,4,12,0.67
hmJ,23,22,45,0.51
hmK,4,11,15,0.27
hmL,38,37,75,0.51
hmM,108,181,289,0.37
hmN,104,128,232,0.45
hmP,119,83,202,0.59
hmS,88,93,181,0.49
hmb,94,106,200,0.47
hmh,0,1,1,0.0
hml,32,23,55,0.58
hmm,143,127,270,0.53
hmn,97,83,180,0.54
hms,71,52,123,0.58
hnB,59,51,110,0.54
hnD,9,14,23,0.39
hnH,44,38,82,0.54
hnI,14,11,25,0.56
hnK,6,12,18,0.33
hnL,25,15,40,0.62
hnM,61,94,155,0.39
hnN,98,99,197,0.5
hnP,101,114,215,0.47
hnS,77,83,160,0.48
hnb,76,73,149,0.51
hnh,2,4,6,0.33
hnl,21,18,39,0.54
hnm,111,79,190,0.58
hnn,92,72,164,0.56
hns,85,72,157,0.54
hnt,1,0,1,1.0
hsB,44,59,103,0.43
hsD,24,20,44,0.55
hsH,55,70,125,0.44
hsI,13,15,28,0.46
hsK,2,0,2,1.0
hsL,22,22,44,0.5
hsM,66,76,142,0.46
hsN,65,69,134,0.49
hsP,96,79,175,0.55
hsS,90,97,187,0.48
hsb,57,45,102,0.56
hsh,8,5,13,0.62
hsl,22,25,47,0.47
hsm,79,74,153,0.52
hsn,50,63,113,0.44
hss,64,70,134,0.48
hst,2,1,3,0.67
htB,3,12,15,0.2
htD,1,1,2,0.5
htH,1,9,10,0.1
htK,1,0,1,1.0
htL,2,1,3,0.67
htM,9,11,20,0.45
htN,5,10,15,0.33
htP,10,14,24,0.42
htS,4,5,9,0.44
htb,4,6,10,0.4
htl,4,4,8,0.5
htm,10,6,16,0.62
htn,6,9,15,0.4
hts,8,7,15,0.53
htt,3,0,3,1.0
jBB,16,13,29,0.55
jBD,1,1,2,0.5
jBK,1,3,4,0.25
jBL,4,6,10,0.4
jBM,7,11,18,0.39
jBN,10,17,27,0.37
jBP,18,17,35,0.51
jBS,10,5,15,0.67
jBb,14,10,24,0.58
jBh,0,1,1,0.0
jBj,6,3,9,0.67
jBl,2,5,7,0.29
jBm,15,13,28,0.54
jBn,19,20,39,0.49
jBs,6,9,15,0.4
jBt,1,1,2,0.5
jDB,1,3,4,0.25
jDH,0,3,3,0.0
jDL,1,1,2,0.5
jDM,1,5,6,0.17
jDN,3,1,4,0.75
jDP,7,0,7,1.0
jDS,3,1,4,0.75
jDb,1,1,2,0.5
jDh,1,0,1,1.0
jDm,4,2,6,0.67
jDn,2,2,4,0.5
jDs,0,1,1,0.0
jHB,4,2,6,0.67
jHH,0,2,2,0.0
jHI,1,1,2,0.5
jHL,1,2,3,0.33
jHM,0,4,4,0.0
jHN,2,2,4,0.5
jHP,6,7,13,0.46
jHS,4,2,6,0.67
jHb,3,3,6,0.5
jHh,1,0,1,1.0
jHl,2,1,3,0.67
jHm,2,2,4,0.5
jHn,2,4,6,0.33
jHs,2,2,4,0.5
jHt,0,0,0,
jIB,1,1,2,0.5
jIH,1,1,2,0.5
jIL,0,2,2,0.0
jIM,4,3,7,0.57
jIN,2,1,3,0.67
jIP,5,3,8,0.62
jIS,0,1,1,0.0
jIb,1,1,2,0.5
jIm,7,2,9,0.78
jIn,2,1,3,0.67
jIs,1,0,1,1.0
jIt,1,1,2,0.5
jKB,0,1,1,0.0
jKL,0,1,1,0.0
jKM,1,0,1,1.0
jKN,3,0,3,1.0
jKP,1,0,1,1.0
jKS,2,3,5,0.4
jKb,1,4,5,0.2
jKh,1,0,1,1.0
jKm,0,1,1,0.0
jKn,2,0,2,1.0
jKs,1,0,1,1.0
jKt,0,0,0,
jLB,7,7,14,0.5
jLD,0,1,1,0.0
jLK,2,0,2,1.0
jLL,4,3,7,0.57
jLM,1,9,10,0.1
jLN,5,3,8,0.62
jLP,9,9,18,0.5
jLS,3,3,6,0.5
jLb,5,3,8,0.62
jLh,4,3,7,0.57
jLj,0,1,1,0.0
jLl,2,4,6,0.33
jLm,6,7,13,0.46
jLn,6,7,13,0.46
jLs,4,3,7,0.57
jLt,1,0,1,1.0
jMB,6,15,21,0.29
jMD,4,3,7,0.57
jML,1,4,5,0.2
jMM,10,15,25,0.4
jMN,8,15,23,0.35
jMP,15,19,34,0.44
jMS,6,5,11,0.55
jMb,15,9,24,0.62
jMh,2,8,10,0.2
jMj,3,5,8,0.38
jMl,5,7,12,0.42
jMm,20,17,37,0.54
jMn,19,15,34,0.56
jMs,8,10,18,0.44
jMt,1,0,1,1.0
jNB,14,12,26,0.54
jND,5,0,5,1.0
jNH,2,2,4,0.5
jNK,1,1,2,0.5
jNL,5,5,10,0.5
jNM,11,17,28,0.39
jNN,13,14,27,0.48
jNP,20,19,39,0.51
jNS,4,10,14,0.29
jNb,10,7,17,0.59
jNh,6,3,9,0.67
jNl,6,7,13,0.46
jNm,13,7,20,0.65
jNn,14,11,25,0.56
jNs,9,10,19,0.47
jNt,3,4,7,0.43
jPB,15,14,29,0.52
jPD,2,5,7,0.29
jPH,4,5,9,0.44
jPI,2,1,3,0.67
jPK,2,2,4,0.5
jPL,15,3,18,0.83
jPM,16,21,37,0.43
jPN,20,13,33,0.61
jPP,21,23,44,0.48
jPS,14,14,28,0.5
jPb,14,12,26,0.54
jPh,1,3,4,0.25
jPl,11,4,15,0.73
jPm,23,13,36,0.64
jPn,19,10,29,0.66
jPs,8,10,18,0.44
jPt,0,2,2,0.0
jSB,13,6,19,0.68
jSD,2,0,2,1.0
jSH,3,5,8,0.38
jSI,0,1,1,0.0
jSL,7,1,8,0.88
jSM,7,12,19,0.37
jSN,3,8,11,0.27
jSP,11,10,21,0.52
jSS,15,10,25,0.6
jSb,4,13,17,0.24
jSh,6,8,14,0.43
jSl,6,1,7,0.86
jSm,9,16,25,0.36
jSn,9,10,19,0.47
jSs,6,6,12,0.5
jbB,12,13,25,0.48
jbD,1,3,4,0.25
jbH,1,8,9,0.11
jbI,0,1,1,0.0
jbJ,2,3,5,0.4
jbK,1,2,3,0.33
jbL,7,6,13,0.54
jbM,12,14,26,0.46
jbN,14,7,21,0.67
jbP,12,16,28,0.43
jbS,5,11,16,0.31
jbb,10,12,22,0.45
jbl,6,5,11,0.55
jbm,15,12,27,0.56
jbn,13,5,18,0.72
jbs,8,5,13,0.62
jhB,1,1,2,0.5
jhD,0,1,1,0.0
jhK,0,0,0,
jhL,0,1,1,0.0
jhM,2,0,2,1.0
jhN,4,4,8,0.5
jhP,5,1,6,0.83
jhS,1,1,2,0.5
jhb,2,3,5,0.4
jhh,1,1,2,0.5
jhm,3,2,5,0.6
jhn,0,2,2,0.0
jhs,2,5,7,0.29
jht,1,0,1,1.0
jlB,3,5,8,0.38
jlH,4,0,4,1.0
jlI,1,0,1,1.0
jlJ,2,2,4,0.5
jlL,0,1,1,0.0
jlM,6,3,9,0.67
jlN,4,6,10,0.4
jlP,4,3,7,0.57
jlS,5,6,11,0.45
jlb,4,1,5,0.8
jll,2,2,4,0.5
jlm,3,3,6,0.5
jln,1,2,3,0.33
jls,1,1,2,0.5
jmB,13,12,25,0.52
jmD,6,5,11,0.55
jmH,18,10,28,0.64
jmI,1,1,2,0.5
jmJ,3,4,7,0.43
jmK,0,1,1,0.0
jmL,5,6,11,0.45
jmM,18,19,37,0.49
jmN,15,18,33,0.45
jmP,15,18,33,0.45
jmS,16,5,21,0.76
jmb,17,12,29,0.59
jmh,1,1,2,0.5
jml,4,3,7,0.57
jmm,21,15,36,0.58
jmn,17,12,29,0.59
jms,10,8,18,0.56
jnB,6,18,24,0.25
jnD,4,2,6,0.67
jnH,6,7,13,0.46
jnI,2,3,5,0.4
jnK,1,1,2,0.5
jnL,1,1,2,0.5
jnM,15,11,26,0.58
jnN,20,10,30,0.67
jnP,20,16,36,0.56
jnS,9,11,20,0.45
jnb,12,14,26,0.46
jnl,7,5,12,0.58
jnm,18,10,28,0.64
jnn,10,11,21,0.48
jns,9,13,22,0.41
jsB,6,6,12,0.5
jsD,0,3,3,0.0
jsH,9,10,19,0.47
jsI,2,1,3,0.67
jsL,2,10,12,0.17
jsM,7,7,14,0.5
jsN,12,8,20,0.6
jsP,9,12,21,0.43
jsS,14,10,24,0.58
jsb,3,8,11,0.27
jsh,0,4,4,0.0
jsl,4,5,9,0.44
jsm,6,10,16,0.38
jsn,4,9,13,0.31
jss,10,7,17,0.59
jst,0,0,0,
jtB,3,3,6,0.5
jtD,0,1,1,0.0
jtH,2,0,2,1.0
jtI,1,0,1,1.0
jtL,1,1,2,0.5
jtN,0,1,1,0.0
jtP,4,4,8,0.5
jtS,3,0,3,1.0
jtb,2,0,2,1.0
jtl,1,0,1,1.0
jtm,0,0,0,
jtn,2,1,3,0.67
jts,3,0,3,1.0
lBB,74,89,163,0.45
lBD,21,14,35,0.6
lBH,0,1,1,0.0
lBK,17,15,32,0.53
lBL,35,40,75,0.47
lBM,103,101,204,0.5
lBN,115,115,230,0.5
lBP,125,137,262,0.48
lBS,47,67,114,0.41
lBb,78,85,163,0.48
lBh,16,9,25,0.64
lBj,19,18,37,0.51
lBl,34,38,72,0.47
lBm,116,87,203,0.57
lBn,147,116,263,0.56
lBs,63,60,123,0.51
lBt,14,8,22,0.64
lDB,19,14,33,0.58
lDD,7,5,12,0.58
lDH,7,16,23,0.3
lDI,0,2,2,0.0
lDL,7,7,14,0.5
lDM,18,23,41,0.44
lDN,13,14,27,0.48
lDP,11,21,32,0.34
lDS,10,7,17,0.59
lDb,11,15,26,0.42
lDh,0,1,1,0.0
lDl,7,3,10,0.7
lDm,32,18,50,0.64
lDn,12,13,25,0.48
lDs,17,10,27,0.63
lDt,6,2,8,0.75
lHB,60,59,119,0.5
lHD,14,10,24,0.58
lHH,11,12,23,0.48
lHI,5,8,13,0.38
lHK,5,8,13,0.38
lHL,25,30,55,0.45
lHM,42,73,115,0.37
lHN,92,63,155,0.59
lHP,94,98,192,0.49
lHS,39,60,99,0.39
lHb,53,47,100,0.53
lHh,31,35,66,0.47
lHl,20,22,42,0.48
lHm,68,67,135,0.5
lHn,64,68,132,0.48
lHs,49,46,95,0.52
lHt,6,12,18,0.33
lIB,4,6,10,0.4
lID,1,3,4,0.25
lIH,7,9,16,0.44
lII,1,2,3,0.33
lIL,4,4,8,0.5
lIM,17,13,30,0.57
lIN,14,9,23,0.61
lIP,8,14,22,0.36
lIS,10,10,20,0.5
lIb,8,8,16,0.5
lIh,0,0,0,
lIl,7,6,13,0.54
lIm,13,7,20,0.65
lIn,5,5,10,0.5
lIs,8,7,15,0.53
lIt,0,1,1,0.0
lJB,33,22,55,0.6
lJD,10,7,17,0.59
lJH,17,15,32,0.53
lJI,1,6,7,0.14
lJK,2,5,7,0.29
lJL,16,15,31,0.52
lJM,34,46,80,0.42
lJN,32,24,56,0.57
lJP,42,50,92,0.46
lJS,19,31,50,0.38
lJb,22,31,53,0.42
lJh,3,4,7,0.43
lJl,16,14,30,0.53
lJm,29,34,63,0.46
lJn,30,17,47,0.64
lJs,26,20,46,0.57
lJt,6,7,13,0.46
lKB,6,5,11,0.55
lKD,1,2,3,0.33
lKH,1,0,1,1.0
lKI,0,1,1,0.0
lKK,1,0,1,1.0
lKL,0,1,1,0.0
lKM,2,4,6,0.33
lKN,5,4,9,0.56
lKP,11,4,15,0.73
lKS,3,3,6,0.5
lKb,2,10,12,0.17
lKh,10,5,15,0.67
lKl,0,3,3,0.0
lKm,9,7,16,0.56
lKn,7,4,11,0.64
lKs,6,4,10,0.6
lLB,38,45,83,0.46
lLD,2,5,7,0.29
lLH,3,0,3,1.0
lLK,5,3,8,0.62
lLL,20,25,45,0.44
lLM,35,49,84,0.42
lLN,39,36,75,0.52
lLP,54,66,120,0.45
lLS,33,32,65,0.51
lLb,29,36,65,0.45
lLh,12,17,29,0.41
lLj,13,8,21,0.62
lLl,26,24,50,0.52
lLm,44,44,88,0.5
lLn,68,61,129,0.53
lLs,30,30,60,0.5
lLt,6,7,13,0.46
lMB,92,104,196,0.47
lMD,28,21,49,0.57
lMH,1,2,3,0.33
lMI,0,0,0,
lMK,2,1,3,0.67
lML,28,46,74,0.38
lMM,90,124,214,0.42
lMN,98,116,214,0.46
lMP,135,153,288,0.47
lMS,80,88,168,0.48
lMb,117,71,188,0.62
lMh,76,95,171,0.44
lMj,18,15,33,0.55
lMl,55,23,78,0.71
lMm,143,151,294,0.49
lMn,141,160,301,0.47
lMs,89,80,169,0.53
lMt,10,13,23,0.43
lNB,80,82,162,0.49
lND,22,25,47,0.47
lNH,20,19,39,0.51
lNI,1,1,2,0.5
lNK,14,10,24,0.58
lNL,40,52,92,0.43
lNM,116,146,262,0.44
lNN,145,150,295,0.49
lNP,189,186,375,0.5
lNS,102,103,205,0.5
lNb,119,109,228,0.52
lNh,25,45,70,0.36
lNl,47,41,88,0.53
lNm,148,113,261,0.57
lNn,154,147,301,0.51
lNs,97,100,197,0.49
lNt,19,17,36,0.53
lPB,111,128,239,0.46
lPD,24,18,42,0.57
lPH,47,39,86,0.55
lPI,19,12,31,0.61
lPK,20,17,37,0.54
lPL,49,60,109,0.45
lPM,135,151,286,0.47
lPN,152,146,298,0.51
lPP,184,168,352,0.52
lPS,80,89,169,0.47
lPb,110,97,207,0.53
lPh,14,9,23,0.61
lPl,50,46,96,0.52
lPm,152,99,251,0.61
lPn,115,105,220,0.52
lPs,97,74,171,0.57
lPt,18,15,33,0.55
lSB,62,45,107,0.58
lSD,15,12,27,0.56
lSH,23,28,51,0.45
lSI,4,2,6,0.67
lSK,2,3,5,0.4
lSL,31,41,72,0.43
lSM,87,99,186,0.47
lSN,72,87,159,0.45
lSP,102,78,180,0.57
lSS,79,89,168,0.47
lSb,55,51,106,0.52
lSh,36,31,67,0.54
lSl,30,35,65,0.46
lSm,85,77,162,0.52
lSn,92,67,159,0.58
lSs,80,89,169,0.47
lSt,9,8,17,0.53
lbB,121,90,211,0.57
lbD,14,8,22,0.64
lbH,22,15,37,0.59
lbI,7,7,14,0.5
lbJ,21,19,40,0.52
lbK,9,18,27,0.33
lbL,48,44,92,0.52
lbM,88,96,184,0.48
lbN,130,113,243,0.53
lbP,139,118,257,0.54
lbS,39,48,87,0.45
lbb,136,108,244,0.56
lbh,1,1,2,0.5
lbl,36,29,65,0.55
lbm,92,74,166,0.55
lbn,106,99,205,0.52
lbs,54,37,91,0.59
lbt,1,0,1,1.0
lhB,0,1,1,0.0
lhI,0,1,1,0.0
lhM,2,2,4,0.5
lhN,1,0,1,1.0
lhP,0,0,0,
lhS,2,1,3,0.67
lhb,1,0,1,1.0
lhh,1,0,1,1.0
lhl,0,0,0,
lhm,1,0,1,1.0
lhn,1,0,1,1.0
lhs,0,0,0,
lht,2,0,2,1.0
llB,43,36,79,0.54
llD,5,2,7,0.71
llH,23,19,42,0.55
llI,3,1,4,0.75
llJ,14,4,18,0.78
llK,3,5,8,0.38
llL,16,19,35,0.46
llM,39,47,86,0.45
llN,36,44,80,0.45
llP,40,47,87,0.46
llS,30,15,45,0.67
llb,31,35,66,0.47
lll,13,9,22,0.59
llm,40,28,68,0.59
lln,37,23,60,0.62
lls,14,16,30,0.47
lmB,122,107,229,0.53
lmD,19,35,54,0.35
lmH,76,78,154,0.49
lmI,13,5,18,0.72
lmJ,12,19,31,0.39
lmK,3,3,6,0.5
lmL,41,34,75,0.55
lmM,105,135,240,0.44
lmN,119,127,246,0.48
lmP,156,111,267,0.58
lmS,64,81,145,0.44
lmb,128,100,228,0.56
lmh,1,2,3,0.33
lml,35,24,59,0.59
lmm,100,106,206,0.49
lmn,110,83,193,0.57
lms,51,43,94,0.54
lnB,65,95,160,0.41
lnD,21,26,47,0.45
lnH,44,63,107,0.41
lnI,14,18,32,0.44
lnK,9,9,18,0.5
lnL,26,36,62,0.42
lnM,96,111,207,0.46
lnN,113,117,230,0.49
lnP,138,147,285,0.48
lnS,67,76,143,0.47
lnb,110,67,177,0.62
lnh,0,3,3,0.0
lnl,36,34,70,0.51
lnm,100,68,168,0.6
lnn,86,81,167,0.51
lns,63,40,103,0.61
lnt,1,0,1,1.0
lsB,46,54,100,0.46
lsD,20,17,37,0.54
lsH,51,49,100,0.51
lsI,4,10,14,0.29
lsK,1,4,5,0.2
lsL,26,35,61,0.43
lsM,62,93,155,0.4
lsN,70,60,130,0.54
lsP,77,76,153,0.5
lsS,79,56,135,0.59
lsb,46,55,101,0.46
lsh,3,10,13,0.23
lsl,31,23,54,0.57
lsm,96,54,150,0.64
lsn,53,50,103,0.51
lss,45,53,98,0.46
ltH,1,0,1,1.0
ltM,0,0,0,
ltm,1,0,1,1.0
mBB,329,312,641,0.51
mBD,94,80,174,0.54
mBH,4,2,6,0.67
mBI,3,0,3,1.0
mBK,38,71,109,0.35
mBL,94,105,199,0.47
mBM,320,396,716,0.45
mBN,432,473,905,0.48
mBP,405,412,817,0.5
mBS,240,244,484,0.5
mBb,292,269,561,0.52
mBh,45,45,90,0.5
mBj,68,71,139,0.49
mBl,88,98,186,0.47
mBm,419,386,805,0.52
mBn,471,471,942,0.5
mBs,210,196,406,0.52
mBt,55,47,102,0.54
mDB,104,103,207,0.5
mDD,61,59,120,0.51
mDH,73,102,175,0.42
mDI,9,8,17,0.53
mDK,1,1,2,0.5
mDL,29,33,62,0.47
mDM,142,168,310,0.46
mDN,121,117,238,0.51
mDP,129,106,235,0.55
mDS,103,121,224,0.46
mDb,79,83,162,0.49
mDh,4,5,9,0.44
mDl,29,37,66,0.44
mDm,185,149,334,0.55
mDn,112,78,190,0.59
mDs,92,72,164,0.56
mDt,17,14,31,0.55
mHB,287,267,554,0.52
mHD,77,66,143,0.54
mHH,54,64,118,0.46
mHI,30,40,70,0.43
mHK,20,22,42,0.48
mHL,76,87,163,0.47
mHM,315,373,688,0.46
mHN,304,329,633,0.48
mHP,385,402,787,0.49
mHS,243,197,440,0.55
mHb,250,265,515,0.49
mHh,160,185,345,0.46
mHl,105,76,181,0.58
mHm,433,354,787,0.55
mHn,362,327,689,0.53
mHs,254,212,466,0.55
mHt,25,19,44,0.57
mIB,24,18,42,0.57
mID,12,6,18,0.67
mIH,24,20,44,0.55
mII,4,1,5,0.8
mIK,2,1,3,0.67
mIL,8,9,17,0.47
mIM,18,34,52,0.35
mIN,41,36,77,0.53
mIP,34,42,76,0.45
mIS,24,22,46,0.52
mIb,29,33,62,0.47
mIh,0,1,1,0.0
mIl,8,6,14,0.57
mIm,34,22,56,0.61
mIn,37,26,63,0.59
mIs,16,18,34,0.47
mIt,3,0,3,1.0
mJB,61,50,111,0.55
mJD,16,12,28,0.57
mJH,43,35,78,0.55
mJI,10,11,21,0.48
mJK,5,8,13,0.38
mJL,29,34,63,0.46
mJM,69,97,166,0.42
mJN,78,85,163,0.48
mJP,98,95,193,0.51
mJS,49,49,98,0.5
mJb,74,68,142,0.52
mJh,5,7,12,0.42
mJl,25,23,48,0.52
mJm,108,81,189,0.57
mJn,66,67,133,0.5
mJs,53,51,104,0.51
mJt,13,12,25,0.52
mKB,4,7,11,0.36
mKD,4,2,6,0.67
mKH,0,0,0,
mKI,3,4,7,0.43
mKL,4,3,7,0.57
mKM,15,13,28,0.54
mKN,8,9,17,0.47
mKP,11,8,19,0.58
mKS,4,12,16,0.25
mKb,8,8,16,0.5
mKh,6,12,18,0.33
mKl,4,3,7,0.57
mKm,15,20,35,0.43
mKn,7,7,14,0.5
mKs,9,8,17,0.53
mKt,1,1,2,0.5
mLB,104,95,199,0.52
mLD,25,25,50,0.5
mLH,1,1,2,0.5
mLI,1,0,1,1.0
mLK,5,11,16,0.31
mLL,30,44,74,0.41
mLM,116,148,264,0.44
mLN,120,127,247,0.49
mLP,133,147,280,0.48
mLS,69,96,165,0.42
mLb,92,93,185,0.5
mLh,53,56,109,0.49
mLj,23,17,40,0.57
mLl,38,37,75,0.51
mLm,150,127,277,0.54
mLn,158,168,326,0.48
mLs,80,95,175,0.46
mLt,18,12,30,0.6
mMB,317,376,693,0.46
mMD,136,109,245,0.56
mMH,5,5,10,0.5
mMI,2,3,5,0.4
mMK,8,14,22,0.36
mML,74,116,190,0.39
mMM,439,561,1000,0.44
mMN,432,504,936,0.46
mMP,515,541,1056,0.49
mMS,292,345,637,0.46
mMb,380,351,731,0.52
mMh,352,397,749,0.47
mMj,53,56,109,0.49
mMl,123,109,232,0.53
mMm,610,509,1119,0.55
mMn,633,685,1318,0.48
mMs,366,304,670,0.55
mMt,50,53,103,0.49
mNB,320,350,670,0.48
mND,116,103,219,0.53
mNH,91,86,177,0.51
mNI,10,9,19,0.53
mNK,55,58,113,0.49
mNL,117,109,226,0.52
mNM,408,513,921,0.44
mNN,575,620,1195,0.48
mNP,623,665,1288,0.48
mNS,360,354,714,0.5
mNb,321,356,677,0.47
mNh,130,131,261,0.5
mNl,123,118,241,0.51
mNm,489,380,869,0.56
mNn,667,622,1289,0.52
mNs,381,333,714,0.53
mNt,73,76,149,0.49
mPB,392,412,804,0.49
mPD,90,93,183,0.49
mPH,106,111,217,0.49
mPI,55,41,96,0.57
mPK,65,69,134,0.49
mPL,172,159,331,0.52
mPM,471,555,1026,0.46
mPN,500,511,1011,0.49
mPP,650,627,1277,0.51
mPS,331,342,673,0.49
mPb,414,404,818,0.51
mPh,52,62,114,0.46
mPl,138,138,276,0.5
mPm,546,444,990,0.55
mPn,488,445,933,0.52
mPs,287,282,569,0.5
mPt,33,53,86,0.38
mSB,223,258,481,0.46
mSD,96,67,163,0.59
mSH,100,113,213,0.47
mSI,14,7,21,0.67
mSK,4,8,12,0.33
mSL,61,67,128,0.48
mSM,265,346,611,0.43
mSN,264,288,552,0.48
mSP,295,300,595,0.5
mSS,280,333,613,0.46
mSb,209,198,407,0.51
mSh,139,185,324,0.43
mSl,70,55,125,0.56
mSm,349,299,648,0.54
mSn,317,280,597,0.53
mSs,291,268,559,0.52
mSt,31,46,77,0.4
mbB,365,368,733,0.5
mbD,72,57,129,0.56
mbH,77,70,147,0.52
mbI,47,34,81,0.58
mbJ,123,87,210,0.59
mbK,47,58,105,0.45
mbL,106,115,221,0.48
mbM,362,435,797,0.45
mbN,489,475,964,0.51
mbP,460,432,892,0.52
mbS,151,185,336,0.45
mbb,417,359,776,0.54
mbh,0,0,0,
mbl,85,83,168,0.51
mbm,378,286,664,0.57
mbn,398,360,758,0.53
mbs,140,133,273,0.51
mbt,0,1,1,0.0
mhB,2,5,7,0.29
mhD,1,0,1,1.0
mhH,0,1,1,0.0
mhI,2,1,3,0.67
mhL,1,2,3,0.33
mhM,9,5,14,0.64
mhN,1,2,3,0.33
mhP,2,4,6,0.33
mhS,2,4,6,0.33
mhb,7,3,10,0.7
mhh,3,4,7,0.43
mhl,2,2,4,0.5
mhm,10,8,18,0.56
mhn,6,1,7,0.86
mhs,2,6,8,0.25
mht,2,0,2,1.0
mlB,98,97,195,0.5
mlD,23,11,34,0.68
mlH,54,59,113,0.48
mlI,9,14,23,0.39
mlJ,32,27,59,0.54
mlK,2,1,3,0.67
mlL,41,50,91,0.45
mlM,103,122,225,0.46
mlN,108,118,226,0.48
mlP,130,90,220,0.59
mlS,67,53,120,0.56
mlb,97,78,175,0.55
mlh,2,1,3,0.67
mll,34,28,62,0.55
mlm,101,84,185,0.55
mln,84,75,159,0.53
mls,50,45,95,0.53
mlt,0,0,0,
mmB,417,410,827,0.5
mmD,140,109,249,0.56
mmH,308,310,618,0.5
mmI,23,30,53,0.43
mmJ,74,80,154,0.48
mmK,12,10,22,0.55
mmL,100,152,252,0.4
mmM,431,548,979,0.44
mmN,509,479,988,0.52
mmP,538,475,1013,0.53
mmS,276,254,530,0.52
mmb,422,356,778,0.54
mmh,4,8,12,0.33
mml,90,68,158,0.57
mmm,533,432,965,0.55
mmn,445,392,837,0.53
mms,215,165,380,0.57
mmt,1,1,2,0.5
mnB,313,330,643,0.49
mnD,91,78,169,0.54
mnH,221,214,435,0.51
mnI,59,43,102,0.58
mnK,28,29,57,0.49
mnL,92,103,195,0.47
mnM,363,449,812,0.45
mnN,495,506,1001,0.49
mnP,564,512,1076,0.52
mnS,278,267,545,0.51
mnb,310,306,616,0.5
mnh,18,14,32,0.56
mnl,83,75,158,0.53
mnm,416,326,742,0.56
mnn,456,355,811,0.56
mns,252,224,476,0.53
mnt,2,4,6,0.33
msB,150,173,323,0.46
msD,87,63,150,0.58
msH,194,201,395,0.49
msI,42,27,69,0.61
msK,3,8,11,0.27
msL,63,69,132,0.48
msM,207,254,461,0.45
msN,221,273,494,0.45
msP,224,258,482,0.46
msS,220,232,452,0.49
msb,171,155,326,0.52
msh,10,24,34,0.29
msl,53,38,91,0.58
msm,265,241,506,0.52
msn,239,186,425,0.56
mss,186,159,345,0.54
mst,6,3,9,0.67
mtB,0,1,1,0.0
mtD,0,1,1,0.0
mtI,1,0,1,1.0
mtM,1,1,2,0.5
mtN,1,0,1,1.0
mtP,0,1,1,0.0
mtS,1,1,2,0.5
mtb,2,0,2,1.0
mtm,0,1,1,0.0
mtn,1,0,1,1.0
mts,0,1,1,0.0
mtt,1,0,1,1.0
nBB,250,312,562,0.44
nBD,58,72,130,0.45
nBH,3,1,4,0.75
nBI,1,0,1,1.0
nBK,43,36,79,0.54
nBL,81,110,191,0.42
nBM,214,301,515,0.42
nBN,352,429,781,0.45
nBP,362,364,726,0.5
nBS,201,187,388,0.52
nBb,252,254,506,0.5
nBh,22,35,57,0.39
nBj,69,48,117,0.59
nBl,100,100,200,0.5
nBm,359,278,637,0.56
nBn,429,434,863,0.5
nBs,172,160,332,0.52
nBt,55,30,85,0.65
nDB,55,65,120,0.46
nDD,38,33,71,0.54
nDH,75,70,145,0.52
nDI,6,2,8,0.75
nDK,0,3,3,0.0
nDL,34,27,61,0.56
nDM,102,103,205,0.5
nDN,68,71,139,0.49
nDP,92,116,208,0.44
nDS,82,91,173,0.47
nDb,61,57,118,0.52
nDh,4,3,7,0.57
nDl,14,29,43,0.33
nDm,95,78,173,0.55
nDn,87,85,172,0.51
nDs,71,69,140,0.51
nDt,10,11,21,0.48
nHB,150,155,305,0.49
nHD,41,51,92,0.45
nHH,43,43,86,0.5
nHI,25,28,53,0.47
nHK,20,10,30,0.67
nHL,63,51,114,0.55
nHM,178,237,415,0.43
nHN,263,286,549,0.48
nHP,285,288,573,0.5
nHS,171,157,328,0.52
nHb,173,171,344,0.5
nHh,100,102,202,0.5
nHl,79,57,136,0.58
nHm,283,222,505,0.56
nHn,243,212,455,0.53
nHs,172,158,330,0.52
nHt,12,17,29,0.41
nIB,45,58,103,0.44
nID,29,15,44,0.66
nIH,55,52,107,0.51
nII,12,12,24,0.5
nIK,1,1,2,0.5
nIL,10,23,33,0.3
nIM,68,82,150,0.45
nIN,63,66,129,0.49
nIP,88,69,157,0.56
nIS,44,54,98,0.45
nIb,53,47,100,0.53
nIh,0,3,3,0.0
nIl,21,10,31,0.68
nIm,86,71,157,0.55
nIn,69,54,123,0.56
nIs,52,33,85,0.61
nIt,8,5,13,0.62
nKB,19,39,58,0.33
nKD,12,13,25,0.48
nKH,8,9,17,0.47
nKI,6,4,10,0.6
nKK,0,1,1,0.0
nKL,12,5,17,0.71
nKM,46,65,111,0.41
nKN,36,38,74,0.49
nKP,50,47,97,0.52
nKS,19,23,42,0.45
nKb,26,23,49,0.53
nKh,34,56,90,0.38
nKl,15,13,28,0.54
nKm,49,34,83,0.59
nKn,38,33,71,0.54
nKs,39,32,71,0.55
nKt,3,1,4,0.75
nLB,73,93,166,0.44
nLD,17,24,41,0.41
nLH,2,1,3,0.67
nLI,0,1,1,0.0
nLK,9,8,17,0.53
nLL,52,38,90,0.58
nLM,96,87,183,0.52
nLN,143,125,268,0.53
nLP,149,164,313,0.48
nLS,76,72,148,0.51
nLb,81,87,168,0.48
nLh,50,52,102,0.49
nLj,19,26,45,0.42
nLl,56,38,94,0.6
nLm,119,104,223,0.53
nLn,165,159,324,0.51
nLs,76,66,142,0.54
nLt,15,20,35,0.43
nMB,341,353,694,0.49
nMD,98,76,174,0.56
nMH,2,4,6,0.33
nMI,1,0,1,1.0
nMK,10,4,14,0.71
nML,83,94,177,0.47
nMM,324,376,700,0.46
nMN,393,444,837,0.47
nMP,449,475,924,0.49
nMS,242,265,507,0.48
nMb,267,308,575,0.46
nMh,300,332,632,0.47
nMj,45,48,93,0.48
nMl,83,93,176,0.47
nMm,500,394,894,0.56
nMn,527,573,1100,0.48
nMs,279,283,562,0.5
nMt,51,45,96,0.53
nNB,399,403,802,0.5
nND,121,128,249,0.49
nNH,87,85,172,0.51
nNI,9,11,20,0.45
nNK,44,63,107,0.41
nNL,151,149,300,0.5
nNM,450,554,1004,0.45
nNN,622,672,1294,0.48
nNP,736,680,1416,0.52
nNS,378,393,771,0.49
nNb,362,342,704,0.51
nNh,165,158,323,0.51
nNl,129,116,245,0.53
nNm,553,489,1042,0.53
nNn,719,748,1467,0.49
nNs,427,392,819,0.52
nNt,79,88,167,0.47
nPB,446,451,897,0.5
nPD,95,98,193,0.49
nPH,156,172,328,0.48
nPI,89,56,145,0.61
nPK,72,80,152,0.47
nPL,204,211,415,0.49
nPM,504,568,1072,0.47
nPN,570,609,1179,0.48
nPP,704,723,1427,0.49
nPS,417,437,854,0.49
nPb,453,426,879,0.52
nPh,65,75,140,0.46
nPl,189,202,391,0.48
nPm,632,538,1170,0.54
nPn,586,520,1106,0.53
nPs,442,391,833,0.53
nPt,50,66,116,0.43
nSB,215,211,426,0.5
nSD,82,74,156,0.53
nSH,99,104,203,0.49
nSI,11,11,22,0.5
nSK,9,7,16,0.56
nSL,85,91,176,0.48
nSM,269,333,602,0.45
nSN,314,312,626,0.5
nSP,371,352,723,0.51
nSS,306,326,632,0.48
nSb,208,177,385,0.54
nSh,174,172,346,0.5
nSl,91,89,180,0.51
nSm,391,271,662,0.59
nSn,320,364,684,0.47
nSs,332,298,630,0.53
nSt,53,44,97,0.55
nbB,283,275,558,0.51
nbD,37,37,74,0.5
nbH,66,61,127,0.52
nbI,31,28,59,0.53
nbJ,76,65,141,0.54
nbK,48,61,109,0.44
nbL,101,102,203,0.5
nbM,293,378,671,0.44
nbN,425,417,842,0.5
nbP,376,388,764,0.49
nbS,174,191,365,0.48
nbb,312,285,597,0.52
nbh,0,3,3,0.0
nbl,81,68,149,0.54
nbm,321,240,561,0.57
nbn,343,301,644,0.53
nbs,149,141,290,0.51
nhB,13,14,27,0.48
nhD,2,2,4,0.5
nhH,6,1,7,0.86
nhI,4,5,9,0.44
nhK,1,0,1,1.0
nhL,8,2,10,0.8
nhM,14,25,39,0.36
nhN,15,21,36,0.42
nhP,21,27,48,0.44
nhS,20,14,34,0.59
nhb,13,16,29,0.45
nhh,14,21,35,0.4
nhl,6,8,14,0.43
nhm,28,27,55,0.51
nhn,9,25,34,0.26
nhs,19,11,30,0.63
nht,1,0,1,1.0
nlB,87,95,182,0.48
nlD,21,16,37,0.57
nlH,43,62,105,0.41
nlI,9,11,20,0.45
nlJ,32,32,64,0.5
nlK,5,3,8,0.62
nlL,38,55,93,0.41
nlM,116,116,232,0.5
nlN,122,145,267,0.46
nlP,132,107,239,0.55
nlS,74,64,138,0.54
nlb,114,97,211,0.54
nlh,0,1,1,0.0
nll,26,25,51,0.51
nlm,109,87,196,0.56
nln,102,91,193,0.53
nls,61,50,111,0.55
nmB,357,313,670,0.53
nmD,103,103,206,0.5
nmH,258,296,554,0.47
nmI,32,26,58,0.55
nmJ,78,67,145,0.54
nmK,7,5,12,0.58
nmL,91,123,214,0.43
nmM,434,432,866,0.5
nmN,515,483,998,0.52
nmP,506,415,921,0.55
nmS,279,242,521,0.54
nmb,367,344,711,0.52
nmh,1,4,5,0.2
nml,87,69,156,0.56
nmm,408,345,753,0.54
nmn,422,352,774,0.55
nms,204,197,401,0.51
nmt,0,0,0,
nnB,312,326,638,0.49
nnD,104,82,186,0.56
nnH,232,261,493,0.47
nnI,72,61,133,0.54
nnK,47,29,76,0.62
nnL,125,107,232,0.54
nnM,380,497,877,0.43
nnN,585,593,1178,0.5
nnP,623,595,1218,0.51
nnS,344,316,660,0.52
nnb,332,285,617,0.54
nnh,16,18,34,0.47
nnl,103,99,202,0.51
nnm,436,313,749,0.58
nnn,523,515,1038,0.5
nns,309,281,590,0.52
nnt,3,5,8,0.38
nsB,185,185,370,0.5
nsD,63,70,133,0.47
nsH,244,261,505,0.48
nsI,46,42,88,0.52
nsK,5,2,7,0.71
nsL,67,91,158,0.42
nsM,243,314,557,0.44
nsN,324,321,645,0.5
nsP,331,297,628,0.53
nsS,293,283,576,0.51
nsb,180,205,385,0.47
nsh,16,26,42,0.38
nsl,95,75,170,0.56
nsm,322,247,569,0.57
nsn,283,258,541,0.52
nss,271,232,503,0.54
nst,3,2,5,0.6
ntB,4,4,8,0.5
ntD,1,0,1,1.0
ntH,4,3,7,0.57
ntK,1,0,1,1.0
ntL,1,0,1,1.0
ntM,1,6,7,0.14
ntN,3,4,7,0.43
ntP,3,0,3,1.0
ntS,1,3,4,0.25
ntb,2,1,3,0.67
nth,1,0,1,1.0
ntl,0,1,1,0.0
ntm,4,5,9,0.44
ntn,2,3,5,0.4
nts,1,1,2,0.5
ntt,0,1,1,0.0
s,0,1,1,0.0
sBB,148,172,320,0.46
sBD,37,50,87,0.43
sBH,1,0,1,1.0
sBK,26,24,50,0.52
sBL,56,56,112,0.5
sBM,133,199,332,0.4
sBN,201,228,429,0.47
sBP,209,210,419,0.5
sBS,88,111,199,0.44
sBb,138,141,279,0.49
sBh,22,18,40,0.55
sBj,33,34,67,0.49
sBl,48,53,101,0.48
sBm,208,184,392,0.53
sBn,230,247,477,0.48
sBs,109,111,220,0.5
sBt,35,22,57,0.61
sDB,34,47,81,0.42
sDD,41,39,80,0.51
sDH,57,67,124,0.46
sDI,5,3,8,0.62
sDK,1,1,2,0.5
sDL,13,26,39,0.33
sDM,63,92,155,0.41
sDN,66,65,131,0.5
sDP,81,70,151,0.54
sDS,78,74,152,0.51
sDb,62,52,114,0.54
sDh,4,2,6,0.67
sDl,20,32,52,0.38
sDm,88,75,163,0.54
sDn,72,61,133,0.54
sDs,65,51,116,0.56
sDt,13,6,19,0.68
sHB,164,158,322,0.51
sHD,54,54,108,0.5
sHH,57,56,113,0.5
sHI,33,35,68,0.49
sHK,18,16,34,0.53
sHL,63,57,120,0.52
sHM,230,245,475,0.48
sHN,234,242,476,0.49
sHP,276,258,534,0.52
sHS,267,280,547,0.49
sHb,179,164,343,0.52
sHh,135,140,275,0.49
sHl,71,71,142,0.5
sHm,270,207,477,0.57
sHn,223,213,436,0.51
sHs,245,228,473,0.52
sHt,21,26,47,0.45
sIB,28,32,60,0.47
sID,14,9,23,0.61
sIH,39,30,69,0.57
sII,7,5,12,0.58
sIK,1,0,1,1.0
sIL,17,16,33,0.52
sIM,35,42,77,0.45
sIN,48,36,84,0.57
sIP,38,47,85,0.45
sIS,50,45,95,0.53
sIb,30,40,70,0.43
sIh,2,1,3,0.67
sIl,15,8,23,0.65
sIm,48,40,88,0.55
sIn,33,34,67,0.49
sIs,35,34,69,0.51
sIt,5,1,6,0.83
sKB,7,2,9,0.78
sKH,0,1,1,0.0
sKI,1,0,1,1.0
sKL,4,1,5,0.8
sKM,4,8,12,0.33
sKN,8,0,8,1.0
sKP,4,5,9,0.44
sKS,7,6,13,0.54
sKb,3,9,12,0.25
sKh,5,4,9,0.56
sKl,2,4,6,0.33
sKm,11,4,15,0.73
sKn,8,2,10,0.8
sKs,5,7,12,0.42
sKt,2,1,3,0.67
sLB,71,63,134,0.53
sLD,17,11,28,0.61
sLH,1,2,3,0.33
sLI,0,1,1,0.0
sLK,11,4,15,0.73
sLL,21,32,53,0.4
sLM,63,94,157,0.4
sLN,73,78,151,0.48
sLP,85,88,173,0.49
sLS,70,76,146,0.48
sLb,47,52,99,0.47
sLh,29,30,59,0.49
sLj,21,16,37,0.57
sLl,30,39,69,0.43
sLm,106,77,183,0.58
sLn,92,104,196,0.47
sLs,58,68,126,0.46
sLt,13,6,19,0.68
sMB,221,221,442,0.5
sMD,58,55,113,0.51
sMH,0,5,5,0.0
sMI,2,1,3,0.67
sMK,6,11,17,0.35
sML,57,73,130,0.44
sMM,246,283,529,0.47
sMN,264,262,526,0.5
sMP,271,298,569,0.48
sMS,172,193,365,0.47
sMb,197,211,408,0.48
sMh,178,216,394,0.45
sMj,39,36,75,0.52
sMl,65,78,143,0.45
sMm,348,290,638,0.55
sMn,329,312,641,0.51
sMs,194,204,398,0.49
sMt,32,30,62,0.52
sNB,212,215,427,0.5
sND,76,54,130,0.58
sNH,48,49,97,0.49
sNI,6,3,9,0.67
sNK,23,28,51,0.45
sNL,70,85,155,0.45
sNM,232,270,502,0.46
sNN,331,375,706,0.47
sNP,379,332,711,0.53
sNS,242,247,489,0.49
sNb,167,153,320,0.52
sNh,80,60,140,0.57
sNl,71,69,140,0.51
sNm,293,244,537,0.55
sNn,370,310,680,0.54
sNs,268,231,499,0.54
sNt,38,45,83,0.46
sPB,232,225,457,0.51
sPD,60,43,103,0.58
sPH,90,97,187,0.48
sPI,41,25,66,0.62
sPK,30,41,71,0.42
sPL,96,133,229,0.42
sPM,250,337,587,0.43
sPN,308,312,620,0.5
sPP,382,394,776,0.49
sPS,246,263,509,0.48
sPb,253,215,468,0.54
sPh,32,39,71,0.45
sPl,113,91,204,0.55
sPm,345,308,653,0.53
sPn,292,290,582,0.5
sPs,248,236,484,0.51
sPt,34,35,69,0.49
sSB,172,191,363,0.47
sSD,81,77,158,0.51
sSH,93,122,215,0.43
sSI,20,11,31,0.65
sSK,9,4,13,0.69
sSL,106,90,196,0.54
sSM,256,322,578,0.44
sSN,262,255,517,0.51
sSP,293,318,611,0.48
sSS,406,398,804,0.5
sSb,181,150,331,0.55
sSh,176,194,370,0.48
sSl,95,71,166,0.57
sSm,348,294,642,0.54
sSn,285,251,536,0.53
sSs,405,361,766,0.53
sSt,47,47,94,0.5
sbB,167,167,334,0.5
sbD,29,26,55,0.53
sbH,50,44,94,0.53
sbI,17,13,30,0.57
sbJ,51,40,91,0.56
sbK,29,31,60,0.48
sbL,53,48,101,0.52
sbM,186,199,385,0.48
sbN,238,223,461,0.52
sbP,232,195,427,0.54
sbS,88,103,191,0.46
sbb,200,157,357,0.56
sbh,1,0,1,1.0
sbl,61,38,99,0.62
sbm,207,147,354,0.58
sbn,213,165,378,0.56
sbs,100,94,194,0.52
shB,12,16,28,0.43
shD,3,1,4,0.75
shH,5,6,11,0.45
shI,3,1,4,0.75
shK,1,0,1,1.0
shL,6,6,12,0.5
shM,16,22,38,0.42
shN,15,23,38,0.39
shP,12,21,33,0.36
shS,11,20,31,0.35
shb,11,12,23,0.48
shh,11,18,29,0.38
shl,12,11,23,0.52
shm,36,22,58,0.62
shn,7,17,24,0.29
shs,15,11,26,0.58
sht,4,1,5,0.8
slB,58,68,126,0.46
slD,6,7,13,0.46
slH,36,44,80,0.45
slI,7,5,12,0.58
slJ,31,15,46,0.67
slK,3,6,9,0.33
slL,23,34,57,0.4
slM,64,87,151,0.42
slN,94,102,196,0.48
slP,83,77,160,0.52
slS,59,57,116,0.51
slb,80,59,139,0.58
slh,1,0,1,1.0
sll,27,22,49,0.55
slm,86,50,136,0.63
sln,63,50,113,0.56
sls,66,63,129,0.51
smB,244,211,455,0.54
smD,81,82,163,0.5
smH,194,244,438,0.44
smI,24,23,47,0.51
smJ,44,71,115,0.38
smK,7,6,13,0.54
smL,77,86,163,0.47
smM,277,349,626,0.44
smN,289,322,611,0.47
smP,285,282,567,0.5
smS,218,215,433,0.5
smb,243,189,432,0.56
smh,2,3,5,0.4
sml,50,59,109,0.46
smm,325,253,578,0.56
smn,248,250,498,0.5
sms,160,160,320,0.5
snB,156,158,314,0.5
snD,56,39,95,0.59
snH,123,154,277,0.44
snI,42,31,73,0.58
snK,18,21,39,0.46
snL,63,65,128,0.49
snM,211,256,467,0.45
snN,321,316,637,0.5
snP,304,322,626,0.49
snS,193,226,419,0.46
snb,175,124,299,0.59
snh,8,7,15,0.53
snl,56,56,112,0.5
snm,227,219,446,0.51
snn,251,226,477,0.53
sns,191,156,347,0.55
snt,1,3,4,0.25
ss,0,1,1,0.0
ssB,150,140,290,0.52
ssD,65,68,133,0.49
ssH,215,223,438,0.49
ssI,43,33,76,0.57
ssK,3,6,9,0.33
ssL,61,41,102,0.6
ssM,217,222,439,0.49
ssN,235,240,475,0.49
ssP,252,239,491,0.51
ssS,324,342,666,0.49
ssb,157,150,307,0.51
ssh,18,24,42,0.43
ssl,67,67,134,0.5
ssm,241,208,449,0.54
ssn,215,185,400,0.54
sss,258,242,500,0.52
sst,1,4,5,0.2
stB,3,4,7,0.43
stD,3,1,4,0.75
stH,5,2,7,0.71
stI,0,1,1,0.0
stK,0,1,1,0.0
stL,1,1,2,0.5
stM,3,4,7,0.43
stN,1,2,3,0.33
stP,3,5,8,0.38
stS,5,8,13,0.38
stb,2,4,6,0.33
stl,3,0,3,1.0
stm,8,3,11,0.73
stn,5,1,6,0.83
sts,0,4,4,0.0
stt,0,1,1,0.0
tBB,29,25,54,0.54
tBD,3,6,9,0.33
tBH,2,0,2,1.0
tBK,3,2,5,0.6
tBL,2,8,10,0.2
tBM,26,21,47,0.55
tBN,20,26,46,0.43
tBP,30,27,57,0.53
tBS,10,10,20,0.5
tBb,20,23,43,0.47
tBh,4,4,8,0.5
tBj,4,6,10,0.4
tBl,10,9,19,0.53
tBm,35,24,59,0.59
tBn,27,25,52,0.52
tBs,14,13,27,0.52
tBt,2,4,6,0.33
tDB,7,5,12,0.58
tDD,1,0,1,1.0
tDH,5,10,15,0.33
tDI,0,2,2,0.0
tDL,4,3,7,0.57
tDM,6,6,12,0.5
tDN,2,3,5,0.4
tDP,7,11,18,0.39
tDS,5,4,9,0.56
tDb,4,4,8,0.5
tDh,0,1,1,0.0
tDl,2,3,5,0.4
tDm,8,8,16,0.5
tDn,3,5,8,0.38
tDs,7,7,14,0.5
tDt,0,1,1,0.0
tHB,11,18,29,0.38
tHD,5,5,10,0.5
tHH,2,2,4,0.5
tHI,5,4,9,0.56
tHK,0,2,2,0.0
tHL,3,7,10,0.3
tHM,15,19,34,0.44
tHN,13,26,39,0.33
tHP,22,18,40,0.55
tHS,12,13,25,0.48
tHb,9,13,22,0.41
tHh,10,8,18,0.56
tHl,12,6,18,0.67
tHm,22,26,48,0.46
tHn,15,16,31,0.48
tHs,13,11,24,0.54
tHt,0,2,2,0.0
tIB,0,1,1,0.0
tID,1,0,1,1.0
tIH,1,1,2,0.5
tII,0,2,2,0.0
tIM,1,1,2,0.5
tIN,2,1,3,0.67
tIP,3,1,4,0.75
tIS,1,1,2,0.5
tIb,5,1,6,0.83
tIl,0,2,2,0.0
tIm,2,1,3,0.67
tIn,1,1,2,0.5
tIs,0,2,2,0.0
tIt,1,0,1,1.0
tKB,1,2,3,0.33
tKD,0,0,0,
tKH,0,1,1,0.0
tKL,0,2,2,0.0
tKM,3,2,5,0.6
tKN,3,0,3,1.0
tKP,5,4,9,0.56
tKS,4,3,7,0.57
tKb,1,1,2,0.5
tKh,2,0,2,1.0
tKl,1,1,2,0.5
tKm,5,7,12,0.42
tKn,0,4,4,0.0
tKs,3,0,3,1.0
tLB,8,6,14,0.57
tLK,1,0,1,1.0
tLL,2,1,3,0.67
tLM,10,15,25,0.4
tLN,4,13,17,0.24
tLP,14,15,29,0.48
tLS,5,3,8,0.62
tLb,12,6,18,0.67
tLh,6,6,12,0.5
tLj,1,1,2,0.5
tLl,8,6,14,0.57
tLm,15,4,19,0.79
tLn,11,8,19,0.58
tLs,9,4,13,0.69
tLt,1,2,3,0.33
tMB,19,22,41,0.46
tMD,8,1,9,0.89
tMH,0,2,2,0.0
tMK,0,0,0,
tML,10,4,14,0.71
tMM,35,21,56,0.62
tMN,30,28,58,0.52
tMP,23,31,54,0.43
tMS,19,25,44,0.43
tMb,35,9,44,0.8
tMh,25,26,51,0.49
tMj,1,4,5,0.2
tMl,6,13,19,0.32
tMm,46,36,82,0.56
tMn,31,31,62,0.5
tMs,25,14,39,0.64
tMt,2,3,5,0.4
tNB,21,29,50,0.42
tND,6,7,13,0.46
tNH,4,3,7,0.57
tNI,1,1,2,0.5
tNK,0,5,5,0.0
tNL,8,3,11,0.73
tNM,22,49,71,0.31
tNN,35,40,75,0.47
tNP,37,40,77,0.48
tNS,18,24,42,0.43
tNb,11,19,30,0.37
tNh,9,7,16,0.56
tNl,11,9,20,0.55
tNm,29,41,70,0.41
tNn,50,32,82,0.61
tNs,19,24,43,0.44
tNt,4,6,10,0.4
tPB,18,24,42,0.43
tPD,5,10,15,0.33
tPH,21,9,30,0.7
tPI,5,6,11,0.45
tPK,4,7,11,0.36
tPL,13,19,32,0.41
tPM,31,58,89,0.35
tPN,26,39,65,0.4
tPP,66,49,115,0.57
tPS,26,26,52,0.5
tPb,37,29,66,0.56
tPh,5,10,15,0.33
tPl,14,16,30,0.47
tPm,44,45,89,0.49
tPn,31,32,63,0.49
tPs,24,20,44,0.55
tPt,5,1,6,0.83
tSB,13,16,29,0.45
tSD,7,2,9,0.78
tSH,5,7,12,0.42
tSI,0,1,1,0.0
tSK,1,1,2,0.5
tSL,5,5,10,0.5
tSM,23,20,43,0.53
tSN,18,25,43,0.42
tSP,12,24,36,0.33
tSS,33,30,63,0.52
tSb,20,13,33,0.61
tSh,10,6,16,0.62
tSl,8,4,12,0.67
tSm,19,24,43,0.44
tSn,31,21,52,0.6
tSs,18,25,43,0.42
tSt,6,1,7,0.86
tbB,28,25,53,0.53
tbD,3,3,6,0.5
tbH,8,7,15,0.53
tbI,4,3,7,0.57
tbJ,6,9,15,0.4
tbK,2,4,6,0.33
tbL,5,6,11,0.45
tbM,26,26,52,0.5
tbN,32,20,52,0.62
tbP,22,24,46,0.48
tbS,16,13,29,0.55
tbb,27,22,49,0.55
tbl,10,4,14,0.71
tbm,19,16,35,0.54
tbn,14,20,34,0.41
tbs,17,14,31,0.55
thB,1,0,1,1.0
thL,0,1,1,0.0
thM,2,2,4,0.5
thN,2,1,3,0.67
thP,1,2,3,0.33
thb,1,1,2,0.5
thh,0,1,1,0.0
thl,0,1,1,0.0
thm,2,1,3,0.67
ths,1,2,3,0.33
tlB,3,9,12,0.25
tlD,0,2,2,0.0
tlH,6,3,9,0.67
tlI,2,0,2,1.0
tlJ,0,1,1,0.0
tlK,1,1,2,0.5
tlL,3,6,9,0.33
tlM,9,8,17,0.53
tlN,7,6,13,0.54
tlP,12,9,21,0.57
tlS,8,6,14,0.57
tlb,7,7,14,0.5
tlh,1,0,1,1.0
tll,5,3,8,0.62
tlm,18,8,26,0.69
tln,7,5,12,0.58
tls,6,4,10,0.6
tmB,26,24,50,0.52
tmD,12,6,18,0.67
tmH,30,30,60,0.5
tmI,0,6,6,0.0
tmJ,11,8,19,0.58
tmK,3,5,8,0.38
tmL,11,12,23,0.48
tmM,32,51,83,0.39
tmN,31,33,64,0.48
tmP,36,37,73,0.49
tmS,21,32,53,0.4
tmb,32,29,61,0.52
tmh,0,0,0,
tml,6,7,13,0.46
tmm,38,24,62,0.61
tmn,25,23,48,0.52
tms,16,20,36,0.44
tnB,22,18,40,0.55
tnD,2,9,11,0.18
tnH,15,18,33,0.45
tnI,5,3,8,0.62
tnK,2,4,6,0.33
tnL,7,8,15,0.47
tnM,28,23,51,0.55
tnN,28,24,52,0.54
tnP,33,34,67,0.49
tnS,15,19,34,0.44
tnb,19,20,39,0.49
tnh,1,2,3,0.33
tnl,7,4,11,0.64
tnm,26,29,55,0.47
tnn,29,26,55,0.53
tns,27,26,53,0.51
tsB,13,10,23,0.57
tsD,6,7,13,0.46
tsH,18,29,47,0.38
tsI,3,2,5,0.6
tsL,4,5,9,0.44
tsM,16,31,47,0.34
tsN,22,15,37,0.59
tsP,26,27,53,0.49
tsS,22,22,44,0.5
tsb,13,12,25,0.52
tsh,1,2,3,0.33
tsl,6,3,9,0.67
tsm,22,21,43,0.51
tsn,19,14,33,0.58
tss,24,12,36,0.67
tst,0,1,1,0.0
ttB,1,3,4,0.25
ttD,0,1,1,0.0
ttH,3,0,3,1.0
ttI,1,0,1,1.0
ttL,3,4,7,0.43
ttM,4,4,8,0.5
ttN,4,5,9,0.44
ttP,5,6,11,0.45
ttS,8,2,10,0.8
ttb,4,6,10,0.4
tth,0,1,1,0.0
ttl,0,4,4,0.0
ttm,7,5,12,0.58
ttn,6,5,11,0.55
tts,5,2,7,0.71
ttt,2,2,4,0.5
