candlestick_code4,label_increase,label_decrease,occurrence,percentage
BBBB,51,41,92,0.55
BBBD,4,6,10,0.4
BBBK,0,1,1,0.0
BBBL,13,5,18,0.72
BBBM,32,26,58,0.55
BBBN,38,44,82,0.46
BBBP,39,42,81,0.48
BBBS,11,13,24,0.46
BBBT,3,4,7,0.43
BBBb,50,30,80,0.62
BBBh,3,1,4,0.75
BBBj,8,9,17,0.47
BBBl,8,12,20,0.4
BBBm,42,24,66,0.64
BBBn,43,48,91,0.47
BBBs,16,8,24,0.67
BBDB,3,1,4,0.75
BBDD,3,0,3,1.0
BBDH,2,5,7,0.29
BBDI,0,1,1,0.0
BBDL,5,2,7,0.71
BBDM,0,3,3,0.0
BBDN,0,3,3,0.0
BBDP,5,5,10,0.5
BBDS,0,1,1,0.0
BBDT,2,0,2,1.0
BBDb,2,3,5,0.4
BBDl,1,0,1,1.0
BBDm,3,1,4,0.75
BBDn,1,2,3,0.33
BBDs,3,3,6,0.5
BBHM,1,0,1,1.0
BBHN,0,2,2,0.0
BBHP,0,1,1,0.0
BBHh,1,0,1,1.0
BBKB,1,0,1,1.0
BBKD,0,1,1,0.0
BBKH,1,0,1,1.0
BBKI,1,0,1,1.0
BBKM,3,1,4,0.75
BBKN,2,0,2,1.0
BBKP,3,1,4,0.75
BBKS,0,2,2,0.0
BBKb,3,0,3,1.0
BBKh,0,3,3,0.0
BBKl,1,0,1,1.0
BBKm,3,2,5,0.6
BBKn,2,0,2,1.0
BBKs,3,0,3,1.0
BBLB,8,10,18,0.44
BBLD,0,1,1,0.0
BBLL,1,3,4,0.25
BBLM,7,9,16,0.44
BBLN,3,9,12,0.25
BBLP,14,17,31,0.45
BBLS,3,3,6,0.5
BBLT,0,2,2,0.0
BBLb,10,12,22,0.45
BBLh,4,4,8,0.5
BBLj,6,7,13,0.46
BBLl,5,1,6,0.83
BBLm,9,10,19,0.47
BBLn,10,14,24,0.42
BBLs,4,3,7,0.57
BBMB,16,24,40,0.4
BBMD,0,1,1,0.0
BBMI,0,0,0,
BBML,9,5,14,0.64
BBMM,19,32,51,0.37
BBMN,24,27,51,0.47
BBMP,22,36,58,0.38
BBMS,8,12,20,0.4
BBMT,3,0,3,1.0
BBMb,25,22,47,0.53
BBMh,18,16,34,0.53
BBMj,9,6,15,0.6
BBMl,6,8,14,0.43
BBMm,34,18,52,0.65
BBMn,45,31,76,0.59
BBMs,10,5,15,0.67
BBNB,21,24,45,0.47
BBND,4,1,5,0.8
BBNH,5,4,9,0.56
BBNI,0,1,1,0.0
BBNK,1,2,3,0.33
BBNL,14,8,22,0.64
BBNM,22,33,55,0.4
BBNN,36,38,74,0.49
BBNP,51,60,111,0.46
BBNS,16,12,28,0.57
BBNT,6,6,12,0.5
BBNb,28,20,48,0.58
BBNh,11,17,28,0.39
BBNl,12,16,28,0.43
BBNm,27,35,62,0.44
BBNn,34,62,96,0.35
BBNs,25,13,38,0.66
BBPB,46,35,81,0.57
BBPD,1,4,5,0.2
BBPH,8,14,22,0.36
BBPI,3,2,5,0.6
BBPK,2,4,6,0.33
BBPL,14,16,30,0.47
BBPM,35,44,79,0.44
BBPN,43,43,86,0.5
BBPP,65,71,136,0.48
BBPS,23,33,56,0.41
BBPT,4,1,5,0.8
BBPb,36,43,79,0.46
BBPh,3,3,6,0.5
BBPl,19,23,42,0.45
BBPm,38,29,67,0.57
BBPn,27,42,69,0.39
BBPs,21,16,37,0.57
BBSB,7,16,23,0.3
BBSD,2,4,6,0.33
BBSH,2,5,7,0.29
BBSL,5,0,5,1.0
BBSM,10,7,17,0.59
BBSN,13,20,33,0.39
BBSP,14,18,32,0.44
BBSS,13,10,23,0.57
BBST,0,2,2,0.0
BBSb,11,14,25,0.44
BBSh,8,11,19,0.42
BBSl,8,5,13,0.62
BBSm,10,8,18,0.56
BBSn,9,15,24,0.38
BBSs,12,9,21,0.57
BBTB,4,3,7,0.57
BBTD,1,0,1,1.0
BBTH,1,0,1,1.0
BBTL,2,3,5,0.4
BBTM,2,1,3,0.67
BBTN,2,2,4,0.5
BBTP,9,5,14,0.64
BBTS,0,2,2,0.0
BBTT,1,1,2,0.5
BBTb,0,6,6,0.0
BBTl,1,0,1,1.0
BBTm,4,3,7,0.57
BBTn,5,3,8,0.62
BBTs,2,2,4,0.5
BBbB,26,29,55,0.47
BBbD,1,0,1,1.0
BBbH,16,4,20,0.8
BBbI,2,2,4,0.5
BBbJ,11,8,19,0.58
BBbK,5,0,5,1.0
BBbL,9,18,27,0.33
BBbM,32,32,64,0.5
BBbN,38,51,89,0.43
BBbP,53,49,102,0.52
BBbS,19,23,42,0.45
BBbb,33,38,71,0.46
BBbl,18,10,28,0.64
BBbm,38,23,61,0.62
BBbn,35,39,74,0.47
BBbs,10,11,21,0.48
BBhB,1,2,3,0.33
BBhH,1,0,1,1.0
BBhL,4,0,4,1.0
BBhM,1,3,4,0.25
BBhN,5,1,6,0.83
BBhP,4,6,10,0.4
BBhS,2,2,4,0.5
BBhT,1,0,1,1.0
BBhb,5,3,8,0.62
BBhh,2,2,4,0.5
BBhl,0,0,0,
BBhm,1,3,4,0.25
BBhn,4,3,7,0.57
BBhs,1,1,2,0.5
BBjB,12,13,25,0.48
BBjD,1,0,1,1.0
BBjH,3,3,6,0.5
BBjI,1,0,1,1.0
BBjK,0,0,0,
BBjL,3,7,10,0.3
BBjM,8,5,13,0.62
BBjN,11,13,24,0.46
BBjP,15,18,33,0.45
BBjS,5,9,14,0.36
BBjT,1,0,1,1.0
BBjb,9,16,25,0.36
BBjh,1,3,4,0.25
BBjl,9,6,15,0.6
BBjm,9,7,16,0.56
BBjn,14,8,22,0.64
BBjs,5,11,16,0.31
BBlB,7,11,18,0.39
BBlD,1,2,3,0.33
BBlH,6,5,11,0.55
BBlI,2,3,5,0.4
BBlJ,2,2,4,0.5
BBlL,4,2,6,0.67
BBlM,7,9,16,0.44
BBlN,9,16,25,0.36
BBlP,9,12,21,0.43
BBlS,3,8,11,0.27
BBlb,12,16,28,0.43
BBll,3,6,9,0.33
BBlm,8,11,19,0.42
BBln,13,12,25,0.52
BBls,4,10,14,0.29
BBmB,26,28,54,0.48
BBmD,6,4,10,0.6
BBmH,19,18,37,0.51
BBmI,3,2,5,0.6
BBmJ,8,8,16,0.5
BBmL,8,8,16,0.5
BBmM,23,34,57,0.4
BBmN,38,34,72,0.53
BBmP,41,28,69,0.59
BBmS,22,16,38,0.58
BBmb,32,21,53,0.6
BBml,10,5,15,0.67
BBmm,19,22,41,0.46
BBmn,35,22,57,0.61
BBms,9,12,21,0.43
BBnB,31,29,60,0.52
BBnD,2,5,7,0.29
BBnH,12,21,33,0.36
BBnI,4,2,6,0.67
BBnK,3,7,10,0.3
BBnL,14,14,28,0.5
BBnM,28,24,52,0.54
BBnN,59,56,115,0.51
BBnP,57,47,104,0.55
BBnS,25,17,42,0.6
BBnT,0,1,1,0.0
BBnb,24,32,56,0.43
BBnh,2,4,6,0.33
BBnl,13,15,28,0.46
BBnm,51,25,76,0.67
BBnn,43,57,100,0.43
BBns,20,21,41,0.49
BBsB,10,13,23,0.43
BBsD,6,0,6,1.0
BBsH,10,12,22,0.45
BBsI,2,1,3,0.67
BBsL,6,2,8,0.75
BBsM,12,14,26,0.46
BBsN,10,12,22,0.45
BBsP,17,23,40,0.42
BBsS,13,14,27,0.48
BBsb,7,9,16,0.44
BBsh,1,0,1,1.0
BBsl,5,3,8,0.62
BBsm,15,6,21,0.71
BBsn,13,6,19,0.68
BBss,7,12,19,0.37
BDBB,5,4,9,0.56
BDBD,0,1,1,0.0
BDBH,1,0,1,1.0
BDBL,1,2,3,0.33
BDBM,3,5,8,0.38
BDBN,2,2,4,0.5
BDBP,2,9,11,0.18
BDBS,0,1,1,0.0
BDBT,1,0,1,1.0
BDBb,3,3,6,0.5
BDBh,0,2,2,0.0
BDBj,0,1,1,0.0
BDBl,1,0,1,1.0
BDBm,3,1,4,0.75
BDBn,3,2,5,0.6
BDBs,2,1,3,0.67
BDDB,1,2,3,0.33
BDDD,0,1,1,0.0
BDDH,0,3,3,0.0
BDDM,3,3,6,0.5
BDDN,2,1,3,0.67
BDDP,1,1,2,0.5
BDDS,1,1,2,0.5
BDDb,1,0,1,1.0
BDDh,0,1,1,0.0
BDDm,5,0,5,1.0
BDDs,1,0,1,1.0
BDHB,2,1,3,0.67
BDHD,1,2,3,0.33
BDHH,1,1,2,0.5
BDHI,1,0,1,1.0
BDHL,0,1,1,0.0
BDHM,4,2,6,0.67
BDHN,3,3,6,0.5
BDHP,5,1,6,0.83
BDHS,5,2,7,0.71
BDHb,3,1,4,0.75
BDHh,3,2,5,0.6
BDHl,1,0,1,1.0
BDHm,7,1,8,0.88
BDHn,3,3,6,0.5
BDHs,3,2,5,0.6
BDIB,0,0,0,
BDID,0,1,1,0.0
BDIL,1,0,1,1.0
BDIM,1,1,2,0.5
BDIN,0,1,1,0.0
BDIP,0,2,2,0.0
BDIb,0,1,1,0.0
BDIm,0,1,1,0.0
BDIn,0,1,1,0.0
BDIs,0,1,1,0.0
BDKb,0,1,1,0.0
BDLB,0,2,2,0.0
BDLH,1,0,1,1.0
BDLL,0,0,0,
BDLM,1,1,2,0.5
BDLN,2,1,3,0.67
BDLP,2,4,6,0.33
BDLS,2,3,5,0.4
BDLb,2,2,4,0.5
BDLh,1,1,2,0.5
BDLj,1,0,1,1.0
BDLl,1,0,1,1.0
BDLn,2,1,3,0.67
BDLs,0,3,3,0.0
BDMB,5,1,6,0.83
BDMD,0,2,2,0.0
BDML,0,2,2,0.0
BDMM,2,3,5,0.4
BDMN,0,2,2,0.0
BDMP,2,2,4,0.5
BDMS,1,3,4,0.25
BDMT,1,0,1,1.0
BDMb,4,0,4,1.0
BDMh,0,4,4,0.0
BDMm,7,3,10,0.7
BDMn,2,3,5,0.4
BDMs,0,0,0,
BDNB,1,2,3,0.33
BDND,0,1,1,0.0
BDNH,1,0,1,1.0
BDNL,0,3,3,0.0
BDNM,3,3,6,0.5
BDNN,3,3,6,0.5
BDNP,4,2,6,0.67
BDNS,2,2,4,0.5
BDNT,0,1,1,0.0
BDNb,2,5,7,0.29
BDNh,0,2,2,0.0
BDNm,2,4,6,0.33
BDNn,3,1,4,0.75
BDNs,1,4,5,0.2
BDPB,3,4,7,0.43
BDPH,2,1,3,0.67
BDPI,1,0,1,1.0
BDPL,1,0,1,1.0
BDPM,5,7,12,0.42
BDPN,3,4,7,0.43
BDPP,6,8,14,0.43
BDPS,6,5,11,0.55
BDPT,0,0,0,
BDPb,3,0,3,1.0
BDPh,3,3,6,0.5
BDPl,2,3,5,0.4
BDPm,3,3,6,0.5
BDPn,3,2,5,0.6
BDPs,2,1,3,0.67
BDSB,5,4,9,0.56
BDSD,2,0,2,1.0
BDSH,0,2,2,0.0
BDSL,2,1,3,0.67
BDSM,0,3,3,0.0
BDSN,1,1,2,0.5
BDSP,5,4,9,0.56
BDSS,2,3,5,0.4
BDST,0,0,0,
BDSb,7,2,9,0.78
BDSh,4,0,4,1.0
BDSl,2,2,4,0.5
BDSm,3,3,6,0.5
BDSn,1,2,3,0.33
BDSs,2,3,5,0.4
BDTB,1,1,2,0.5
BDTD,0,1,1,0.0
BDTM,2,0,2,1.0
BDTN,0,1,1,0.0
BDTS,0,1,1,0.0
BDTb,1,1,2,0.5
BDTm,1,0,1,1.0
BDbB,2,3,5,0.4
BDbD,0,0,0,
BDbJ,1,1,2,0.5
BDbL,1,1,2,0.5
BDbM,6,1,7,0.86
BDbN,4,0,4,1.0
BDbP,3,5,8,0.38
BDbS,3,2,5,0.6
BDbb,5,0,5,1.0
BDbl,0,0,0,
BDbm,4,4,8,0.5
BDbn,1,4,5,0.2
BDbs,4,0,4,1.0
BDhS,1,0,1,1.0
BDhb,0,1,1,0.0
BDlB,1,0,1,1.0
BDlD,0,1,1,0.0
BDlH,1,1,2,0.5
BDlJ,1,0,1,1.0
BDlM,1,0,1,1.0
BDlN,2,1,3,0.67
BDlP,1,1,2,0.5
BDlS,1,2,3,0.33
BDlb,2,1,3,0.67
BDlm,1,3,4,0.25
BDls,1,2,3,0.33
BDmB,6,2,8,0.75
BDmD,1,0,1,1.0
BDmH,0,1,1,0.0
BDmJ,0,1,1,0.0
BDmL,1,2,3,0.33
BDmM,1,2,3,0.33
BDmN,7,1,8,0.88
BDmP,6,6,12,0.5
BDmS,6,5,11,0.55
BDmT,0,0,0,
BDmb,4,3,7,0.57
BDmh,1,0,1,1.0
BDml,2,0,2,1.0
BDmm,5,3,8,0.62
BDmn,2,4,6,0.33
BDms,1,5,6,0.17
BDnB,2,3,5,0.4
BDnD,2,1,3,0.67
BDnH,1,2,3,0.33
BDnK,2,0,2,1.0
BDnM,3,4,7,0.43
BDnN,7,3,10,0.7
BDnP,5,3,8,0.62
BDnS,2,1,3,0.67
BDnb,3,1,4,0.75
BDnl,0,1,1,0.0
BDnm,2,1,3,0.67
BDnn,3,5,8,0.38
BDns,1,2,3,0.33
BDsB,2,2,4,0.5
BDsD,0,1,1,0.0
BDsH,0,4,4,0.0
BDsI,2,0,2,1.0
BDsK,0,1,1,0.0
BDsL,1,0,1,1.0
BDsM,3,4,7,0.43
BDsN,0,3,3,0.0
BDsP,2,3,5,0.4
BDsS,2,2,4,0.5
BDsb,3,2,5,0.6
BDsh,0,1,1,0.0
BDsl,1,1,2,0.5
BDsm,3,1,4,0.75
BDsn,2,0,2,1.0
BDss,4,3,7,0.57
BHBL,0,1,1,0.0
BHBN,0,2,2,0.0
BHBs,2,0,2,1.0
BHDS,0,1,1,0.0
BHHN,0,1,1,0.0
BHHn,1,0,1,1.0
BHHs,1,0,1,1.0
BHIH,0,1,1,0.0
BHIM,0,1,1,0.0
BHIS,0,0,0,
BHKs,0,0,0,
BHLD,1,0,1,1.0
BHLM,1,0,1,1.0
BHLS,1,1,2,0.5
BHMB,3,1,4,0.75
BHMN,2,0,2,1.0
BHMP,0,1,1,0.0
BHMb,0,2,2,0.0
BHMn,0,0,0,
BHMs,0,0,0,
BHNB,1,0,1,1.0
BHNM,1,0,1,1.0
BHNl,1,0,1,1.0
BHNn,2,0,2,1.0
BHPH,0,1,1,0.0
BHPK,0,1,1,0.0
BHPS,1,0,1,1.0
BHPb,0,1,1,0.0
BHPm,0,0,0,
BHPs,0,1,1,0.0
BHSP,1,0,1,1.0
BHSb,1,0,1,1.0
BHSh,0,1,1,0.0
BHSn,1,0,1,1.0
BHSs,0,1,1,0.0
BHTH,1,0,1,1.0
BHbH,0,0,0,
BHbK,1,0,1,1.0
BHbL,1,1,2,0.5
BHbP,1,0,1,1.0
BHbb,0,0,0,
BHbm,0,1,1,0.0
BHhB,0,1,1,0.0
BHlm,0,1,1,0.0
BHmB,1,0,1,1.0
BHmH,1,0,1,1.0
BHmM,1,0,1,1.0
BHmm,0,0,0,
BHmn,0,1,1,0.0
BHss,1,0,1,1.0
BIHP,1,0,1,1.0
BILN,1,0,1,1.0
BIMP,1,0,1,1.0
BIMS,0,1,1,0.0
BINK,0,1,1,0.0
BImb,0,1,1,0.0
BInm,0,1,1,0.0
BIns,0,0,0,
BIsP,1,0,1,1.0
BKBB,1,0,1,1.0
BKBL,1,2,3,0.33
BKBM,4,2,6,0.67
BKBN,1,5,6,0.17
BKBP,3,4,7,0.43
BKBS,2,0,2,1.0
BKBb,0,1,1,0.0
BKBm,4,2,6,0.67
BKBn,2,4,6,0.33
BKBs,1,0,1,1.0
BKDD,0,1,1,0.0
BKDH,1,1,2,0.5
BKDP,0,1,1,0.0
BKDT,0,0,0,
BKDb,0,1,1,0.0
BKDm,1,0,1,1.0
BKDn,1,0,1,1.0
BKDs,0,0,0,
BKHB,1,1,2,0.5
BKHL,0,1,1,0.0
BKHM,0,2,2,0.0
BKHN,0,1,1,0.0
BKHb,1,0,1,1.0
BKHm,0,0,0,
BKIN,1,0,1,1.0
BKIP,1,0,1,1.0
BKIS,1,1,2,0.5
BKIm,0,1,1,0.0
BKIn,0,2,2,0.0
BKLB,0,0,0,
BKLD,2,0,2,1.0
BKLM,0,3,3,0.0
BKLP,4,0,4,1.0
BKLl,0,0,0,
BKLn,0,2,2,0.0
BKMB,4,3,7,0.57
BKMD,0,1,1,0.0
BKML,3,2,5,0.6
BKMM,3,0,3,1.0
BKMN,1,4,5,0.2
BKMP,5,4,9,0.56
BKMS,1,1,2,0.5
BKMb,1,1,2,0.5
BKMh,2,2,4,0.5
BKMj,0,1,1,0.0
BKMl,0,1,1,0.0
BKMm,4,2,6,0.67
BKMn,2,1,3,0.67
BKMs,1,0,1,1.0
BKNB,2,2,4,0.5
BKND,0,1,1,0.0
BKNH,0,1,1,0.0
BKNM,0,2,2,0.0
BKNN,2,1,3,0.67
BKNP,5,2,7,0.71
BKNS,1,1,2,0.5
BKNb,1,5,6,0.17
BKNh,2,0,2,1.0
BKNl,0,1,1,0.0
BKNm,2,1,3,0.67
BKNn,2,1,3,0.67
BKNs,1,3,4,0.25
BKPB,4,2,6,0.67
BKPD,0,4,4,0.0
BKPH,0,1,1,0.0
BKPI,1,0,1,1.0
BKPL,1,1,2,0.5
BKPM,2,3,5,0.4
BKPN,3,3,6,0.5
BKPP,4,4,8,0.5
BKPS,3,4,7,0.43
BKPb,2,4,6,0.33
BKPh,0,1,1,0.0
BKPl,2,1,3,0.67
BKPm,3,3,6,0.5
BKPn,2,1,3,0.67
BKPs,2,3,5,0.4
BKSB,1,0,1,1.0
BKSH,1,0,1,1.0
BKSL,1,2,3,0.33
BKSM,2,3,5,0.4
BKSN,1,2,3,0.33
BKSP,4,5,9,0.44
BKSS,2,1,3,0.67
BKSb,2,0,2,1.0
BKSh,2,0,2,1.0
BKSl,1,1,2,0.5
BKSn,2,1,3,0.67
BKSs,1,3,4,0.25
BKTD,1,0,1,1.0
BKTH,0,1,1,0.0
BKTN,0,1,1,0.0
BKbB,1,2,3,0.33
BKbH,2,0,2,1.0
BKbL,1,2,3,0.33
BKbM,2,2,4,0.5
BKbN,1,2,3,0.33
BKbP,1,0,1,1.0
BKbS,0,1,1,0.0
BKbb,2,3,5,0.4
BKbl,0,1,1,0.0
BKbm,7,1,8,0.88
BKbn,4,3,7,0.57
BKbs,1,1,2,0.5
BKhB,1,0,1,1.0
BKhD,1,0,1,1.0
BKhH,1,2,3,0.33
BKhI,1,0,1,1.0
BKhL,1,0,1,1.0
BKhM,2,2,4,0.5
BKhN,0,2,2,0.0
BKhP,1,4,5,0.2
BKhS,0,2,2,0.0
BKhT,1,1,2,0.5
BKhb,2,2,4,0.5
BKhh,1,0,1,1.0
BKhl,1,0,1,1.0
BKhm,1,3,4,0.25
BKhn,2,1,3,0.67
BKhs,1,1,2,0.5
BKlB,0,2,2,0.0
BKlH,3,2,5,0.6
BKlJ,0,1,1,0.0
BKlL,0,1,1,0.0
BKlM,1,4,5,0.2
BKlN,2,2,4,0.5
BKlP,1,0,1,1.0
BKll,1,1,2,0.5
BKlm,1,0,1,1.0
BKln,1,2,3,0.33
BKls,1,1,2,0.5
BKmB,2,4,6,0.33
BKmD,2,1,3,0.67
BKmH,2,0,2,1.0
BKmI,1,0,1,1.0
BKmJ,1,0,1,1.0
BKmL,1,1,2,0.5
BKmM,1,4,5,0.2
BKmN,1,4,5,0.2
BKmP,7,3,10,0.7
BKmS,2,2,4,0.5
BKmb,2,4,6,0.33
BKml,3,2,5,0.6
BKmm,3,2,5,0.6
BKmn,3,1,4,0.75
BKms,2,1,3,0.67
BKnB,3,0,3,1.0
BKnD,0,1,1,0.0
BKnH,1,1,2,0.5
BKnI,0,0,0,
BKnK,0,1,1,0.0
BKnL,0,2,2,0.0
BKnM,2,4,6,0.33
BKnN,1,4,5,0.2
BKnP,1,3,4,0.25
BKnS,1,3,4,0.25
BKnb,2,3,5,0.4
BKnm,1,2,3,0.33
BKnn,2,1,3,0.67
BKns,3,1,4,0.75
BKsB,0,0,0,
BKsD,1,1,2,0.5
BKsH,1,3,4,0.25
BKsI,1,0,1,1.0
BKsK,1,0,1,1.0
BKsL,3,2,5,0.6
BKsM,0,2,2,0.0
BKsN,0,3,3,0.0
BKsP,1,4,5,0.2
BKsS,2,3,5,0.4
BKsb,0,2,2,0.0
BKsh,0,1,1,0.0
BKsm,3,3,6,0.5
BKsn,2,0,2,1.0
BKss,2,1,3,0.67
BLBB,9,11,20,0.45
BLBD,1,1,2,0.5
BLBL,4,4,8,0.5
BLBM,7,8,15,0.47
BLBN,10,10,20,0.5
BLBP,15,15,30,0.5
BLBS,2,0,2,1.0
BLBT,3,1,4,0.75
BLBb,10,6,16,0.62
BLBh,0,4,4,0.0
BLBj,2,5,7,0.29
BLBl,5,3,8,0.62
BLBm,8,9,17,0.47
BLBn,13,16,29,0.45
BLBs,5,1,6,0.83
BLDB,0,1,1,0.0
BLDD,1,0,1,1.0
BLDH,3,2,5,0.6
BLDI,1,0,1,1.0
BLDL,1,0,1,1.0
BLDM,2,1,3,0.67
BLDN,1,0,1,1.0
BLDb,0,1,1,0.0
BLDm,0,1,1,0.0
BLDn,0,4,4,0.0
BLDs,0,0,0,
BLHM,0,1,1,0.0
BLHN,0,1,1,0.0
BLHP,2,1,3,0.67
BLHm,1,0,1,1.0
BLHs,1,0,1,1.0
BLKB,0,1,1,0.0
BLKL,0,1,1,0.0
BLKN,0,1,1,0.0
BLKb,0,2,2,0.0
BLKh,0,0,0,
BLKm,1,0,1,1.0
BLKn,0,2,2,0.0
BLKs,1,0,1,1.0
BLLB,2,8,10,0.2
BLLD,0,1,1,0.0
BLLK,0,0,0,
BLLL,1,0,1,1.0
BLLM,5,3,8,0.62
BLLN,1,1,2,0.5
BLLP,2,4,6,0.33
BLLS,1,2,3,0.33
BLLT,1,0,1,1.0
BLLb,4,5,9,0.44
BLLh,1,3,4,0.25
BLLj,3,1,4,0.75
BLLl,2,2,4,0.5
BLLm,2,8,10,0.2
BLLn,14,2,16,0.88
BLLs,3,0,3,1.0
BLMB,15,7,22,0.68
BLMD,1,0,1,1.0
BLML,1,3,4,0.25
BLMM,9,7,16,0.56
BLMN,8,4,12,0.67
BLMP,14,15,29,0.48
BLMS,4,5,9,0.44
BLMT,0,0,0,
BLMb,15,7,22,0.68
BLMh,7,6,13,0.54
BLMj,0,1,1,0.0
BLMl,4,2,6,0.67
BLMm,10,10,20,0.5
BLMn,16,9,25,0.64
BLMs,9,4,13,0.69
BLNB,11,9,20,0.55
BLND,4,2,6,0.67
BLNH,3,2,5,0.6
BLNK,0,1,1,0.0
BLNL,5,4,9,0.56
BLNM,8,4,12,0.67
BLNN,6,4,10,0.6
BLNP,16,10,26,0.62
BLNS,10,6,16,0.62
BLNT,1,1,2,0.5
BLNb,13,3,16,0.81
BLNh,4,4,8,0.5
BLNl,5,3,8,0.62
BLNm,13,11,24,0.54
BLNn,12,9,21,0.57
BLNs,1,5,6,0.17
BLPB,9,14,23,0.39
BLPD,1,0,1,1.0
BLPH,2,2,4,0.5
BLPI,2,2,4,0.5
BLPK,0,0,0,
BLPL,7,9,16,0.44
BLPM,9,16,25,0.36
BLPN,14,22,36,0.39
BLPP,31,21,52,0.6
BLPS,10,10,20,0.5
BLPT,1,0,1,1.0
BLPb,18,14,32,0.56
BLPh,4,1,5,0.8
BLPl,9,4,13,0.69
BLPm,16,10,26,0.62
BLPn,15,21,36,0.42
BLPs,8,10,18,0.44
BLSB,3,3,6,0.5
BLSD,0,2,2,0.0
BLSH,1,2,3,0.33
BLSK,1,0,1,1.0
BLSL,3,2,5,0.6
BLSM,6,4,10,0.6
BLSN,2,5,7,0.29
BLSP,10,10,20,0.5
BLSS,2,7,9,0.22
BLST,0,1,1,0.0
BLSb,9,4,13,0.69
BLSh,3,4,7,0.43
BLSl,1,4,5,0.2
BLSm,3,2,5,0.6
BLSn,4,6,10,0.4
BLSs,9,6,15,0.6
BLTB,0,1,1,0.0
BLTH,0,2,2,0.0
BLTL,1,0,1,1.0
BLTM,1,1,2,0.5
BLTN,1,1,2,0.5
BLTP,2,3,5,0.4
BLTS,0,2,2,0.0
BLTb,1,1,2,0.5
BLTl,1,0,1,1.0
BLTm,1,0,1,1.0
BLTn,2,0,2,1.0
BLTs,0,0,0,
BLbB,8,16,24,0.33
BLbD,1,1,2,0.5
BLbH,4,1,5,0.8
BLbI,1,2,3,0.33
BLbJ,4,3,7,0.57
BLbK,2,1,3,0.67
BLbL,6,8,14,0.43
BLbM,8,14,22,0.36
BLbN,16,18,34,0.47
BLbP,16,16,32,0.5
BLbS,1,3,4,0.25
BLbb,10,5,15,0.67
BLbl,1,5,6,0.17
BLbm,6,9,15,0.4
BLbn,8,9,17,0.47
BLbs,7,2,9,0.78
BLhB,5,5,10,0.5
BLhD,0,1,1,0.0
BLhI,1,0,1,1.0
BLhL,1,1,2,0.5
BLhM,3,3,6,0.5
BLhN,5,5,10,0.5
BLhP,5,5,10,0.5
BLhS,0,1,1,0.0
BLhT,0,1,1,0.0
BLhb,5,4,9,0.56
BLhh,5,3,8,0.62
BLhl,2,3,5,0.4
BLhm,6,2,8,0.75
BLhn,11,5,16,0.69
BLhs,3,1,4,0.75
BLjB,3,3,6,0.5
BLjD,1,0,1,1.0
BLjI,1,0,1,1.0
BLjL,1,1,2,0.5
BLjM,1,3,4,0.25
BLjN,1,7,8,0.12
BLjP,7,11,18,0.39
BLjS,5,4,9,0.56
BLjb,6,5,11,0.55
BLjh,0,1,1,0.0
BLjl,1,1,2,0.5
BLjm,5,3,8,0.62
BLjn,6,3,9,0.67
BLjs,4,0,4,1.0
BLlB,3,5,8,0.38
BLlD,1,0,1,1.0
BLlH,3,7,10,0.3
BLlI,0,1,1,0.0
BLlJ,2,3,5,0.4
BLlL,3,2,5,0.6
BLlM,5,4,9,0.56
BLlN,7,10,17,0.41
BLlP,8,6,14,0.57
BLlS,2,6,8,0.25
BLlb,4,6,10,0.4
BLll,3,2,5,0.6
BLlm,3,4,7,0.43
BLln,9,4,13,0.69
BLls,3,4,7,0.43
BLmB,13,10,23,0.57
BLmD,3,0,3,1.0
BLmH,16,7,23,0.7
BLmI,1,0,1,1.0
BLmJ,0,1,1,0.0
BLmK,0,1,1,0.0
BLmL,8,6,14,0.57
BLmM,8,10,18,0.44
BLmN,10,19,29,0.34
BLmP,12,16,28,0.43
BLmS,8,7,15,0.53
BLmb,4,6,10,0.4
BLml,2,2,4,0.5
BLmm,6,9,15,0.4
BLmn,10,13,23,0.43
BLms,5,6,11,0.45
BLnB,9,14,23,0.39
BLnD,0,1,1,0.0
BLnH,7,5,12,0.58
BLnI,2,0,2,1.0
BLnK,1,1,2,0.5
BLnL,1,8,9,0.11
BLnM,15,9,24,0.62
BLnN,18,14,32,0.56
BLnP,20,18,38,0.53
BLnS,19,9,28,0.68
BLnb,14,19,33,0.42
BLnh,0,1,1,0.0
BLnl,3,7,10,0.3
BLnm,11,11,22,0.5
BLnn,14,20,34,0.41
BLns,9,17,26,0.35
BLsB,0,2,2,0.0
BLsD,2,2,4,0.5
BLsH,4,5,9,0.44
BLsI,2,3,5,0.4
BLsK,1,2,3,0.33
BLsL,4,4,8,0.5
BLsM,8,9,17,0.47
BLsN,7,5,12,0.58
BLsP,13,11,24,0.54
BLsS,4,3,7,0.57
BLsb,5,2,7,0.71
BLsh,0,1,1,0.0
BLsl,3,5,8,0.38
BLsm,3,2,5,0.6
BLsn,4,4,8,0.5
BLss,3,9,12,0.25
BMBB,24,36,60,0.4
BMBD,1,0,1,1.0
BMBH,0,0,0,
BMBK,1,2,3,0.33
BMBL,7,3,10,0.7
BMBM,16,27,43,0.37
BMBN,26,27,53,0.49
BMBP,27,28,55,0.49
BMBS,9,9,18,0.5
BMBT,2,2,4,0.5
BMBb,33,35,68,0.49
BMBh,3,4,7,0.43
BMBj,9,6,15,0.6
BMBl,12,11,23,0.52
BMBm,23,19,42,0.55
BMBn,25,32,57,0.44
BMBs,11,13,24,0.46
BMDB,0,4,4,0.0
BMDD,0,2,2,0.0
BMDH,1,2,3,0.33
BMDL,0,0,0,
BMDM,0,4,4,0.0
BMDN,2,1,3,0.67
BMDP,4,1,5,0.8
BMDS,3,2,5,0.6
BMDb,0,4,4,0.0
BMDl,1,1,2,0.5
BMDm,1,3,4,0.25
BMDn,3,2,5,0.6
BMDs,0,2,2,0.0
BMHB,0,1,1,0.0
BMHM,1,0,1,1.0
BMHS,1,0,1,1.0
BMHl,0,1,1,0.0
BMHm,1,0,1,1.0
BMHs,1,0,1,1.0
BMIM,0,1,1,0.0
BMIP,1,0,1,1.0
BMIm,1,0,1,1.0
BMKM,1,0,1,1.0
BMKP,1,1,2,0.5
BMKS,0,1,1,0.0
BMKm,0,1,1,0.0
BMKn,1,1,2,0.5
BMLB,5,10,15,0.33
BMLD,3,1,4,0.75
BMLL,7,3,10,0.7
BMLM,10,12,22,0.45
BMLN,6,15,21,0.29
BMLP,6,8,14,0.43
BMLS,4,2,6,0.67
BMLT,0,1,1,0.0
BMLb,11,4,15,0.73
BMLh,6,6,12,0.5
BMLj,1,4,5,0.2
BMLl,3,1,4,0.75
BMLm,7,8,15,0.47
BMLn,9,12,21,0.43
BMLs,3,8,11,0.27
BMMB,24,25,49,0.49
BMMD,3,2,5,0.6
BMML,5,3,8,0.62
BMMM,20,25,45,0.44
BMMN,15,24,39,0.38
BMMP,26,36,62,0.42
BMMS,10,13,23,0.43
BMMT,0,1,1,0.0
BMMb,29,26,55,0.53
BMMh,13,15,28,0.46
BMMj,8,6,14,0.57
BMMl,15,6,21,0.71
BMMm,25,15,40,0.62
BMMn,39,40,79,0.49
BMMs,10,15,25,0.4
BMNB,21,18,39,0.54
BMND,4,1,5,0.8
BMNH,6,3,9,0.67
BMNI,1,0,1,1.0
BMNK,2,1,3,0.67
BMNL,12,5,17,0.71
BMNM,24,26,50,0.48
BMNN,30,31,61,0.49
BMNP,33,40,73,0.45
BMNS,13,17,30,0.43
BMNT,9,3,12,0.75
BMNb,23,23,46,0.5
BMNh,4,6,10,0.4
BMNl,10,7,17,0.59
BMNm,32,16,48,0.67
BMNn,40,37,77,0.52
BMNs,11,16,27,0.41
BMPB,31,28,59,0.53
BMPD,1,0,1,1.0
BMPH,7,16,23,0.3
BMPI,6,1,7,0.86
BMPK,2,1,3,0.67
BMPL,8,11,19,0.42
BMPM,36,27,63,0.57
BMPN,29,40,69,0.42
BMPP,47,51,98,0.48
BMPS,28,12,40,0.7
BMPT,4,3,7,0.57
BMPb,31,34,65,0.48
BMPh,6,7,13,0.46
BMPl,18,18,36,0.5
BMPm,34,34,68,0.5
BMPn,39,30,69,0.57
BMPs,23,16,39,0.59
BMSB,10,12,22,0.45
BMSD,2,2,4,0.5
BMSH,3,4,7,0.43
BMSI,0,1,1,0.0
BMSL,2,8,10,0.2
BMSM,24,11,35,0.69
BMSN,14,9,23,0.61
BMSP,24,17,41,0.59
BMSS,15,18,33,0.45
BMST,0,4,4,0.0
BMSb,14,12,26,0.54
BMSh,8,14,22,0.36
BMSl,5,3,8,0.62
BMSm,19,17,36,0.53
BMSn,12,13,25,0.48
BMSs,17,13,30,0.57
BMTB,1,3,4,0.25
BMTD,0,1,1,0.0
BMTK,1,0,1,1.0
BMTM,5,5,10,0.5
BMTN,5,1,6,0.83
BMTP,3,2,5,0.6
BMTS,1,3,4,0.25
BMTT,1,2,3,0.33
BMTb,2,2,4,0.5
BMTl,1,1,2,0.5
BMTm,2,2,4,0.5
BMTn,6,3,9,0.67
BMTs,1,2,3,0.33
BMbB,24,25,49,0.49
BMbD,0,7,7,0.0
BMbH,15,8,23,0.65
BMbI,3,2,5,0.6
BMbJ,10,7,17,0.59
BMbK,2,5,7,0.29
BMbL,11,5,16,0.69
BMbM,23,30,53,0.43
BMbN,51,44,95,0.54
BMbP,34,42,76,0.45
BMbS,17,16,33,0.52
BMbb,37,34,71,0.52
BMbh,1,0,1,1.0
BMbl,7,10,17,0.41
BMbm,18,17,35,0.51
BMbn,36,31,67,0.54
BMbs,18,13,31,0.58
BMhB,16,24,40,0.4
BMhD,2,2,4,0.5
BMhH,3,8,11,0.27
BMhI,2,0,2,1.0
BMhK,1,0,1,1.0
BMhL,2,8,10,0.2
BMhM,19,21,40,0.48
BMhN,16,14,30,0.53
BMhP,20,34,54,0.37
BMhS,16,17,33,0.48
BMhT,1,0,1,1.0
BMhb,20,16,36,0.56
BMhh,17,15,32,0.53
BMhl,11,10,21,0.52
BMhm,18,23,41,0.44
BMhn,22,24,46,0.48
BMhs,16,10,26,0.62
BMjB,6,4,10,0.6
BMjH,2,4,6,0.33
BMjI,1,1,2,0.5
BMjK,1,0,1,1.0
BMjL,3,1,4,0.75
BMjM,7,13,20,0.35
BMjN,14,9,23,0.61
BMjP,9,13,22,0.41
BMjS,4,3,7,0.57
BMjT,0,0,0,
BMjb,13,4,17,0.76
BMjh,0,2,2,0.0
BMjl,4,0,4,1.0
BMjm,7,5,12,0.58
BMjn,6,10,16,0.38
BMjs,1,5,6,0.17
BMlB,5,11,16,0.31
BMlD,0,1,1,0.0
BMlH,4,12,16,0.25
BMlI,2,2,4,0.5
BMlJ,4,2,6,0.67
BMlL,5,3,8,0.62
BMlM,14,9,23,0.61
BMlN,4,17,21,0.19
BMlP,12,16,28,0.43
BMlS,8,11,19,0.42
BMlb,15,12,27,0.56
BMll,5,3,8,0.62
BMlm,8,15,23,0.35
BMln,17,12,29,0.59
BMls,7,4,11,0.64
BMmB,26,20,46,0.57
BMmD,6,9,15,0.4
BMmH,19,25,44,0.43
BMmI,2,4,6,0.33
BMmJ,3,7,10,0.3
BMmK,2,0,2,1.0
BMmL,3,7,10,0.3
BMmM,24,33,57,0.42
BMmN,27,37,64,0.42
BMmP,28,27,55,0.51
BMmS,27,21,48,0.56
BMmb,17,27,44,0.39
BMmh,0,1,1,0.0
BMml,6,7,13,0.46
BMmm,28,20,48,0.58
BMmn,27,27,54,0.5
BMms,10,18,28,0.36
BMnB,37,28,65,0.57
BMnD,3,5,8,0.38
BMnH,12,16,28,0.43
BMnI,4,1,5,0.8
BMnK,1,6,7,0.14
BMnL,9,16,25,0.36
BMnM,30,44,74,0.41
BMnN,59,55,114,0.52
BMnP,49,71,120,0.41
BMnS,24,37,61,0.39
BMnb,43,30,73,0.59
BMnh,4,2,6,0.67
BMnl,9,9,18,0.5
BMnm,37,19,56,0.66
BMnn,42,34,76,0.55
BMns,22,13,35,0.63
BMsB,8,6,14,0.57
BMsD,2,1,3,0.67
BMsH,14,13,27,0.52
BMsI,2,0,2,1.0
BMsK,1,1,2,0.5
BMsL,5,6,11,0.45
BMsM,14,14,28,0.5
BMsN,11,17,28,0.39
BMsP,15,17,32,0.47
BMsS,17,19,36,0.47
BMsb,9,9,18,0.5
BMsl,6,5,11,0.55
BMsm,8,12,20,0.4
BMsn,15,10,25,0.6
BMss,13,11,24,0.54
BNBB,23,31,54,0.43
BNBD,4,4,8,0.5
BNBH,1,0,1,1.0
BNBK,0,1,1,0.0
BNBL,8,14,22,0.36
BNBM,13,18,31,0.42
BNBN,34,33,67,0.51
BNBP,35,36,71,0.49
BNBS,15,15,30,0.5
BNBT,1,6,7,0.14
BNBb,34,34,68,0.5
BNBh,1,6,7,0.14
BNBj,4,8,12,0.33
BNBl,9,12,21,0.43
BNBm,29,30,59,0.49
BNBn,37,41,78,0.47
BNBs,8,21,29,0.28
BNDB,1,5,6,0.17
BNDD,3,1,4,0.75
BNDH,1,4,5,0.2
BNDI,0,1,1,0.0
BNDL,0,1,1,0.0
BNDM,5,3,8,0.62
BNDN,4,4,8,0.5
BNDP,5,7,12,0.42
BNDS,3,3,6,0.5
BNDT,1,0,1,1.0
BNDb,2,2,4,0.5
BNDl,1,2,3,0.33
BNDm,7,3,10,0.7
BNDn,3,4,7,0.43
BNDs,2,0,2,1.0
BNHB,5,3,8,0.62
BNHH,1,1,2,0.5
BNHI,1,0,1,1.0
BNHK,0,1,1,0.0
BNHL,2,2,4,0.5
BNHM,2,4,6,0.33
BNHN,5,7,12,0.42
BNHP,6,5,11,0.55
BNHS,1,2,3,0.33
BNHT,2,0,2,1.0
BNHb,3,1,4,0.75
BNHh,3,1,4,0.75
BNHl,4,1,5,0.8
BNHm,4,2,6,0.67
BNHn,7,3,10,0.7
BNHs,4,5,9,0.44
BNIM,1,0,1,1.0
BNIS,1,0,1,1.0
BNIb,0,1,1,0.0
BNIm,0,0,0,
BNKB,2,0,2,1.0
BNKL,1,0,1,1.0
BNKM,1,1,2,0.5
BNKP,3,2,5,0.6
BNKS,6,1,7,0.86
BNKb,0,2,2,0.0
BNKh,0,2,2,0.0
BNKl,2,1,3,0.67
BNKm,2,1,3,0.67
BNKn,4,4,8,0.5
BNKs,1,0,1,1.0
BNLB,11,13,24,0.46
BNLD,2,2,4,0.5
BNLK,1,0,1,1.0
BNLL,5,5,10,0.5
BNLM,9,17,26,0.35
BNLN,11,8,19,0.58
BNLP,16,17,33,0.48
BNLS,4,4,8,0.5
BNLT,1,0,1,1.0
BNLb,12,8,20,0.6
BNLh,5,2,7,0.71
BNLj,4,4,8,0.5
BNLl,7,1,8,0.88
BNLm,6,8,14,0.43
BNLn,9,13,22,0.41
BNLs,3,8,11,0.27
BNMB,24,24,48,0.5
BNMD,5,3,8,0.62
BNMK,1,0,1,1.0
BNML,4,16,20,0.2
BNMM,22,20,42,0.52
BNMN,30,29,59,0.51
BNMP,33,31,64,0.52
BNMS,10,14,24,0.42
BNMT,3,2,5,0.6
BNMb,30,33,63,0.48
BNMh,21,19,40,0.52
BNMj,7,2,9,0.78
BNMl,14,7,21,0.67
BNMm,29,31,60,0.48
BNMn,30,37,67,0.45
BNMs,18,13,31,0.58
BNNB,29,34,63,0.46
BNND,7,1,8,0.88
BNNH,7,5,12,0.58
BNNK,3,5,8,0.38
BNNL,22,12,34,0.65
BNNM,25,32,57,0.44
BNNN,43,37,80,0.54
BNNP,56,80,136,0.41
BNNS,22,22,44,0.5
BNNT,7,15,22,0.32
BNNb,25,36,61,0.41
BNNh,11,16,27,0.41
BNNl,17,15,32,0.53
BNNm,40,33,73,0.55
BNNn,48,55,103,0.47
BNNs,27,23,50,0.54
BNPB,38,46,84,0.45
BNPD,3,2,5,0.6
BNPH,14,15,29,0.48
BNPI,3,2,5,0.6
BNPK,1,4,5,0.2
BNPL,21,21,42,0.5
BNPM,41,46,87,0.47
BNPN,45,81,126,0.36
BNPP,91,72,163,0.56
BNPS,43,32,75,0.57
BNPT,4,8,12,0.33
BNPb,64,52,116,0.55
BNPh,6,9,15,0.4
BNPl,22,25,47,0.47
BNPm,46,51,97,0.47
BNPn,63,69,132,0.48
BNPs,35,29,64,0.55
BNSB,15,18,33,0.45
BNSD,4,0,4,1.0
BNSH,5,9,14,0.36
BNSI,1,1,2,0.5
BNSL,6,7,13,0.46
BNSM,27,19,46,0.59
BNSN,12,27,39,0.31
BNSP,29,29,58,0.5
BNSS,16,24,40,0.4
BNST,1,4,5,0.2
BNSb,15,16,31,0.48
BNSh,16,16,32,0.5
BNSl,11,9,20,0.55
BNSm,24,19,43,0.56
BNSn,18,20,38,0.47
BNSs,23,19,42,0.55
BNTB,4,3,7,0.57
BNTD,0,2,2,0.0
BNTH,4,4,8,0.5
BNTI,1,1,2,0.5
BNTL,3,2,5,0.6
BNTM,7,7,14,0.5
BNTN,1,5,6,0.17
BNTP,9,14,23,0.39
BNTS,3,3,6,0.5
BNTT,2,3,5,0.4
BNTb,5,6,11,0.45
BNTh,1,0,1,1.0
BNTl,2,1,3,0.67
BNTm,3,1,4,0.75
BNTn,6,6,12,0.5
BNTs,7,4,11,0.64
BNbB,23,29,52,0.44
BNbD,2,0,2,1.0
BNbH,13,8,21,0.62
BNbI,1,2,3,0.33
BNbJ,12,6,18,0.67
BNbK,3,4,7,0.43
BNbL,12,10,22,0.55
BNbM,21,23,44,0.48
BNbN,47,40,87,0.54
BNbP,34,44,78,0.44
BNbS,17,23,40,0.42
BNbb,25,22,47,0.53
BNbl,9,10,19,0.47
BNbm,34,21,55,0.62
BNbn,27,38,65,0.42
BNbs,21,16,37,0.57
BNhB,10,12,22,0.45
BNhD,0,0,0,
BNhH,1,0,1,1.0
BNhI,1,1,2,0.5
BNhK,1,0,1,1.0
BNhL,5,2,7,0.71
BNhM,5,10,15,0.33
BNhN,5,17,22,0.23
BNhP,18,22,40,0.45
BNhS,15,14,29,0.52
BNhT,0,1,1,0.0
BNhb,15,15,30,0.5
BNhh,10,5,15,0.67
BNhl,11,3,14,0.79
BNhm,18,12,30,0.6
BNhn,20,7,27,0.74
BNhs,15,12,27,0.56
BNlB,14,10,24,0.58
BNlD,1,3,4,0.25
BNlH,9,11,20,0.45
BNlI,1,3,4,0.25
BNlJ,1,4,5,0.2
BNlL,8,5,13,0.62
BNlM,8,15,23,0.35
BNlN,10,16,26,0.38
BNlP,26,22,48,0.54
BNlS,12,13,25,0.48
BNlb,13,9,22,0.59
BNll,11,3,14,0.79
BNlm,17,5,22,0.77
BNln,9,18,27,0.33
BNls,4,10,14,0.29
BNmB,24,21,45,0.53
BNmD,4,3,7,0.57
BNmH,22,23,45,0.49
BNmI,4,5,9,0.44
BNmJ,4,4,8,0.5
BNmL,10,5,15,0.67
BNmM,24,24,48,0.5
BNmN,28,40,68,0.41
BNmP,33,38,71,0.46
BNmS,18,30,48,0.38
BNmb,26,33,59,0.44
BNml,4,5,9,0.44
BNmm,28,24,52,0.54
BNmn,30,26,56,0.54
BNms,25,11,36,0.69
BNnB,30,25,55,0.55
BNnD,8,3,11,0.73
BNnH,21,28,49,0.43
BNnI,5,6,11,0.45
BNnK,3,3,6,0.5
BNnL,10,13,23,0.43
BNnM,36,34,70,0.51
BNnN,66,72,138,0.48
BNnP,56,56,112,0.5
BNnS,39,41,80,0.49
BNnb,31,39,70,0.44
BNnh,0,4,4,0.0
BNnl,17,12,29,0.59
BNnm,51,45,96,0.53
BNnn,59,69,128,0.46
BNns,38,36,74,0.51
BNsB,18,17,35,0.51
BNsD,3,5,8,0.38
BNsH,18,22,40,0.45
BNsI,5,3,8,0.62
BNsL,8,7,15,0.53
BNsM,22,25,47,0.47
BNsN,35,23,58,0.6
BNsP,37,28,65,0.57
BNsS,20,24,44,0.45
BNsT,1,0,1,1.0
BNsb,25,18,43,0.58
BNsh,1,0,1,1.0
BNsl,8,7,15,0.53
BNsm,24,14,38,0.63
BNsn,20,15,35,0.57
BNss,19,11,30,0.63
BPBB,39,41,80,0.49
BPBD,2,3,5,0.4
BPBH,1,0,1,1.0
BPBI,1,0,1,1.0
BPBK,3,2,5,0.6
BPBL,15,15,30,0.5
BPBM,21,32,53,0.4
BPBN,37,32,69,0.54
BPBP,49,56,105,0.47
BPBS,20,14,34,0.59
BPBT,4,2,6,0.67
BPBb,33,41,74,0.45
BPBh,4,8,12,0.33
BPBj,13,18,31,0.42
BPBl,15,21,36,0.42
BPBm,38,25,63,0.6
BPBn,38,58,96,0.4
BPBs,6,14,20,0.3
BPDB,2,3,5,0.4
BPDD,1,1,2,0.5
BPDH,5,4,9,0.56
BPDI,2,0,2,1.0
BPDL,1,1,2,0.5
BPDM,3,1,4,0.75
BPDN,2,4,6,0.33
BPDP,2,8,10,0.2
BPDS,2,1,3,0.67
BPDb,0,5,5,0.0
BPDm,5,3,8,0.62
BPDn,4,1,5,0.8
BPDs,2,4,6,0.33
BPHB,6,5,11,0.55
BPHD,0,0,0,
BPHH,2,3,5,0.4
BPHK,2,0,2,1.0
BPHL,3,4,7,0.43
BPHM,5,6,11,0.45
BPHN,10,7,17,0.59
BPHP,17,17,34,0.5
BPHS,8,7,15,0.53
BPHT,0,1,1,0.0
BPHb,8,7,15,0.53
BPHh,3,6,9,0.33
BPHl,3,8,11,0.27
BPHm,9,3,12,0.75
BPHn,14,16,30,0.47
BPHs,11,4,15,0.73
BPIB,4,0,4,1.0
BPID,0,1,1,0.0
BPIH,1,4,5,0.2
BPIL,1,1,2,0.5
BPIM,1,7,8,0.12
BPIN,2,2,4,0.5
BPIP,3,3,6,0.5
BPIS,1,1,2,0.5
BPIT,1,0,1,1.0
BPIb,1,3,4,0.25
BPIl,2,0,2,1.0
BPIm,3,2,5,0.6
BPIn,3,1,4,0.75
BPIs,2,1,3,0.67
BPKB,1,2,3,0.33
BPKD,0,2,2,0.0
BPKH,0,1,1,0.0
BPKL,2,1,3,0.67
BPKM,3,3,6,0.5
BPKN,3,3,6,0.5
BPKP,4,0,4,1.0
BPKS,3,3,6,0.5
BPKb,5,4,9,0.56
BPKh,8,3,11,0.73
BPKl,2,3,5,0.4
BPKm,5,4,9,0.56
BPKn,1,2,3,0.33
BPKs,1,5,6,0.17
BPLB,12,9,21,0.57
BPLD,1,2,3,0.33
BPLK,0,2,2,0.0
BPLL,12,6,18,0.67
BPLM,13,17,30,0.43
BPLN,8,23,31,0.26
BPLP,19,19,38,0.5
BPLS,11,5,16,0.69
BPLT,1,1,2,0.5
BPLb,17,11,28,0.61
BPLh,7,6,13,0.54
BPLj,7,6,13,0.54
BPLl,11,15,26,0.42
BPLm,22,14,36,0.61
BPLn,21,22,43,0.49
BPLs,8,8,16,0.5
BPMB,34,40,74,0.46
BPMD,4,2,6,0.67
BPMH,1,0,1,1.0
BPML,11,11,22,0.5
BPMM,26,43,69,0.38
BPMN,28,30,58,0.48
BPMP,38,62,100,0.38
BPMS,21,22,43,0.49
BPMT,3,3,6,0.5
BPMb,42,29,71,0.59
BPMh,21,29,50,0.42
BPMj,10,6,16,0.62
BPMl,25,20,45,0.56
BPMm,49,45,94,0.52
BPMn,62,41,103,0.6
BPMs,19,25,44,0.43
BPNB,36,40,76,0.47
BPND,3,3,6,0.5
BPNH,6,10,16,0.38
BPNK,4,4,8,0.5
BPNL,23,22,45,0.51
BPNM,28,42,70,0.4
BPNN,39,53,92,0.42
BPNP,84,61,145,0.58
BPNS,23,36,59,0.39
BPNT,6,3,9,0.67
BPNb,36,43,79,0.46
BPNh,14,20,34,0.41
BPNl,18,14,32,0.56
BPNm,42,38,80,0.52
BPNn,43,51,94,0.46
BPNs,29,23,52,0.56
BPPB,59,56,115,0.51
BPPD,7,4,11,0.64
BPPH,6,18,24,0.25
BPPI,6,1,7,0.86
BPPK,5,11,16,0.31
BPPL,40,30,70,0.57
BPPM,55,65,120,0.46
BPPN,53,61,114,0.46
BPPP,99,100,199,0.5
BPPS,49,59,108,0.45
BPPT,5,5,10,0.5
BPPb,61,65,126,0.48
BPPh,4,4,8,0.5
BPPl,48,34,82,0.59
BPPm,62,63,125,0.5
BPPn,57,50,107,0.53
BPPs,51,51,102,0.5
BPSB,17,18,35,0.49
BPSD,3,5,8,0.38
BPSH,9,15,24,0.38
BPSI,1,0,1,1.0
BPSK,0,0,0,
BPSL,7,15,22,0.32
BPSM,19,32,51,0.37
BPSN,17,28,45,0.38
BPSP,33,32,65,0.51
BPSS,16,30,46,0.35
BPST,3,2,5,0.6
BPSb,18,22,40,0.45
BPSh,14,18,32,0.44
BPSl,19,8,27,0.7
BPSm,27,24,51,0.53
BPSn,30,18,48,0.62
BPSs,31,29,60,0.52
BPTB,1,3,4,0.25
BPTD,1,0,1,1.0
BPTH,0,4,4,0.0
BPTL,2,3,5,0.4
BPTM,4,5,9,0.44
BPTN,2,2,4,0.5
BPTP,3,7,10,0.3
BPTS,2,1,3,0.67
BPTT,1,0,1,1.0
BPTb,1,1,2,0.5
BPTl,1,1,2,0.5
BPTm,4,2,6,0.67
BPTn,4,1,5,0.8
BPTs,2,2,4,0.5
BPbB,46,31,77,0.6
BPbD,3,3,6,0.5
BPbH,10,13,23,0.43
BPbI,2,3,5,0.4
BPbJ,12,12,24,0.5
BPbK,2,5,7,0.29
BPbL,11,11,22,0.5
BPbM,42,60,102,0.41
BPbN,39,49,88,0.44
BPbP,55,54,109,0.5
BPbS,19,21,40,0.48
BPbb,47,34,81,0.58
BPbl,17,17,34,0.5
BPbm,32,24,56,0.57
BPbn,45,33,78,0.58
BPbs,24,20,44,0.55
BPhB,6,0,6,1.0
BPhD,1,0,1,1.0
BPhL,0,2,2,0.0
BPhM,2,2,4,0.5
BPhN,5,6,11,0.45
BPhP,9,12,21,0.43
BPhS,2,6,8,0.25
BPhT,1,0,1,1.0
BPhb,1,5,6,0.17
BPhh,4,3,7,0.57
BPhl,3,2,5,0.6
BPhm,4,3,7,0.57
BPhn,7,1,8,0.88
BPhs,2,5,7,0.29
BPlB,16,15,31,0.52
BPlD,1,7,8,0.12
BPlH,10,14,24,0.42
BPlI,2,2,4,0.5
BPlJ,5,8,13,0.38
BPlK,2,0,2,1.0
BPlL,15,11,26,0.58
BPlM,27,18,45,0.6
BPlN,24,15,39,0.62
BPlP,32,26,58,0.55
BPlS,12,10,22,0.55
BPlb,17,18,35,0.49
BPll,7,8,15,0.47
BPlm,15,17,32,0.47
BPln,17,15,32,0.53
BPls,12,15,27,0.44
BPmB,30,35,65,0.46
BPmD,3,6,9,0.33
BPmH,22,18,40,0.55
BPmI,4,3,7,0.57
BPmJ,8,8,16,0.5
BPmL,14,20,34,0.41
BPmM,32,39,71,0.45
BPmN,56,36,92,0.61
BPmP,45,40,85,0.53
BPmS,22,31,53,0.42
BPmb,29,27,56,0.52
BPmh,0,1,1,0.0
BPml,16,18,34,0.47
BPmm,26,23,49,0.53
BPmn,36,25,61,0.59
BPms,16,17,33,0.48
BPnB,37,23,60,0.62
BPnD,2,7,9,0.22
BPnH,14,24,38,0.37
BPnI,4,2,6,0.67
BPnK,4,2,6,0.67
BPnL,16,16,32,0.5
BPnM,34,44,78,0.44
BPnN,45,44,89,0.51
BPnP,67,54,121,0.55
BPnS,22,28,50,0.44
BPnT,1,0,1,1.0
BPnb,47,46,93,0.51
BPnh,0,2,2,0.0
BPnl,19,20,39,0.49
BPnm,28,24,52,0.54
BPnn,39,40,79,0.49
BPns,27,41,68,0.4
BPsB,16,18,34,0.47
BPsD,0,1,1,0.0
BPsH,19,21,40,0.48
BPsI,1,0,1,1.0
BPsL,8,8,16,0.5
BPsM,19,17,36,0.53
BPsN,28,14,42,0.67
BPsP,31,38,69,0.45
BPsS,24,20,44,0.55
BPsT,0,0,0,
BPsb,23,14,37,0.62
BPsh,3,0,3,1.0
BPsl,19,14,33,0.58
BPsm,31,17,48,0.65
BPsn,16,22,38,0.42
BPss,19,18,37,0.51
BSBB,17,13,30,0.57
BSBD,4,0,4,1.0
BSBK,3,1,4,0.75
BSBL,2,7,9,0.22
BSBM,7,6,13,0.54
BSBN,12,18,30,0.4
BSBP,15,14,29,0.52
BSBS,9,11,20,0.45
BSBT,1,0,1,1.0
BSBb,15,8,23,0.65
BSBh,0,4,4,0.0
BSBj,1,4,5,0.2
BSBl,6,8,14,0.43
BSBm,8,7,15,0.53
BSBn,20,11,31,0.65
BSBs,9,4,13,0.69
BSDB,2,0,2,1.0
BSDD,1,0,1,1.0
BSDH,0,1,1,0.0
BSDI,1,0,1,1.0
BSDL,0,0,0,
BSDM,2,2,4,0.5
BSDN,0,2,2,0.0
BSDP,8,1,9,0.89
BSDS,3,3,6,0.5
BSDb,2,2,4,0.5
BSDh,0,1,1,0.0
BSDl,1,0,1,1.0
BSDm,4,3,7,0.57
BSDn,1,4,5,0.2
BSDs,1,4,5,0.2
BSHB,2,6,8,0.25
BSHD,1,2,3,0.33
BSHH,2,4,6,0.33
BSHI,1,0,1,1.0
BSHK,0,2,2,0.0
BSHL,1,1,2,0.5
BSHM,7,5,12,0.58
BSHN,4,6,10,0.4
BSHP,4,5,9,0.44
BSHS,5,4,9,0.56
BSHb,12,8,20,0.6
BSHh,0,3,3,0.0
BSHl,3,4,7,0.43
BSHm,5,5,10,0.5
BSHn,10,5,15,0.67
BSHs,6,4,10,0.6
BSIB,1,1,2,0.5
BSID,0,0,0,
BSIL,0,1,1,0.0
BSIM,1,0,1,1.0
BSIN,1,0,1,1.0
BSIS,0,1,1,0.0
BSIb,0,2,2,0.0
BSKB,0,1,1,0.0
BSKb,0,1,1,0.0
BSKm,1,0,1,1.0
BSKn,1,0,1,1.0
BSLB,4,2,6,0.67
BSLK,0,0,0,
BSLL,2,5,7,0.29
BSLM,8,8,16,0.5
BSLN,1,6,7,0.14
BSLP,11,3,14,0.79
BSLS,1,7,8,0.12
BSLb,7,8,15,0.47
BSLh,5,1,6,0.83
BSLj,3,4,7,0.43
BSLl,2,5,7,0.29
BSLm,8,5,13,0.62
BSLn,5,6,11,0.45
BSLs,1,3,4,0.25
BSMB,13,13,26,0.5
BSMD,2,2,4,0.5
BSMH,0,1,1,0.0
BSMK,1,0,1,1.0
BSML,3,6,9,0.33
BSMM,18,20,38,0.47
BSMN,14,11,25,0.56
BSMP,13,19,32,0.41
BSMS,5,12,17,0.29
BSMT,2,1,3,0.67
BSMb,14,15,29,0.48
BSMh,14,11,25,0.56
BSMj,6,4,10,0.6
BSMl,9,3,12,0.75
BSMm,20,14,34,0.59
BSMn,15,23,38,0.39
BSMs,13,11,24,0.54
BSNB,9,4,13,0.69
BSND,1,2,3,0.33
BSNH,2,3,5,0.4
BSNK,3,2,5,0.6
BSNL,5,6,11,0.45
BSNM,8,17,25,0.32
BSNN,17,24,41,0.41
BSNP,24,12,36,0.67
BSNS,12,9,21,0.57
BSNT,5,2,7,0.71
BSNb,12,19,31,0.39
BSNh,6,5,11,0.55
BSNl,6,7,13,0.46
BSNm,15,20,35,0.43
BSNn,18,20,38,0.47
BSNs,19,9,28,0.68
BSPB,22,18,40,0.55
BSPD,1,1,2,0.5
BSPH,6,5,11,0.55
BSPI,3,1,4,0.75
BSPK,1,4,5,0.2
BSPL,6,12,18,0.33
BSPM,17,27,44,0.39
BSPN,30,18,48,0.62
BSPP,41,42,83,0.49
BSPS,21,17,38,0.55
BSPT,0,3,3,0.0
BSPb,21,20,41,0.51
BSPh,2,7,9,0.22
BSPl,13,19,32,0.41
BSPm,21,15,36,0.58
BSPn,21,22,43,0.49
BSPs,16,16,32,0.5
BSSB,10,12,22,0.45
BSSD,5,3,8,0.62
BSSH,11,9,20,0.55
BSSL,3,8,11,0.27
BSSM,17,13,30,0.57
BSSN,14,8,22,0.64
BSSP,18,24,42,0.43
BSSS,14,26,40,0.35
BSST,6,3,9,0.67
BSSb,11,11,22,0.5
BSSh,7,12,19,0.37
BSSl,7,2,9,0.78
BSSm,22,13,35,0.63
BSSn,14,17,31,0.45
BSSs,10,16,26,0.38
BSTB,3,4,7,0.43
BSTD,1,2,3,0.33
BSTH,3,2,5,0.6
BSTL,0,2,2,0.0
BSTM,1,5,6,0.17
BSTN,0,2,2,0.0
BSTP,2,4,6,0.33
BSTS,2,1,3,0.67
BSTT,0,1,1,0.0
BSTb,3,2,5,0.6
BSTl,0,1,1,0.0
BSTm,1,2,3,0.33
BSTn,2,3,5,0.4
BSTs,3,1,4,0.75
BSbB,14,11,25,0.56
BSbD,1,0,1,1.0
BSbH,6,2,8,0.75
BSbI,2,0,2,1.0
BSbJ,6,1,7,0.86
BSbK,1,1,2,0.5
BSbL,4,9,13,0.31
BSbM,14,11,25,0.56
BSbN,22,22,44,0.5
BSbP,24,23,47,0.51
BSbS,6,10,16,0.38
BSbb,18,11,29,0.62
BSbl,10,5,15,0.67
BSbm,11,6,17,0.65
BSbn,19,19,38,0.5
BSbs,5,11,16,0.31
BShB,3,6,9,0.33
BShD,1,2,3,0.33
BShH,4,4,8,0.5
BShI,1,1,2,0.5
BShK,0,0,0,
BShL,5,5,10,0.5
BShM,8,12,20,0.4
BShN,3,17,20,0.15
BShP,13,9,22,0.59
BShS,13,10,23,0.57
BShT,0,1,1,0.0
BShb,6,9,15,0.4
BShh,7,11,18,0.39
BShl,4,4,8,0.5
BShm,6,5,11,0.55
BShn,14,10,24,0.58
BShs,6,9,15,0.4
BSlB,9,9,18,0.5
BSlD,1,0,1,1.0
BSlH,6,5,11,0.55
BSlI,2,1,3,0.67
BSlJ,1,1,2,0.5
BSlK,0,1,1,0.0
BSlL,1,2,3,0.33
BSlM,8,8,16,0.5
BSlN,7,11,18,0.39
BSlP,8,10,18,0.44
BSlS,9,10,19,0.47
BSlb,11,3,14,0.79
BSll,6,0,6,1.0
BSlm,9,7,16,0.56
BSln,2,5,7,0.29
BSls,4,1,5,0.8
BSmB,13,8,21,0.62
BSmD,3,3,6,0.5
BSmH,12,10,22,0.55
BSmI,0,2,2,0.0
BSmJ,2,2,4,0.5
BSmK,1,0,1,1.0
BSmL,6,5,11,0.55
BSmM,19,22,41,0.46
BSmN,13,14,27,0.48
BSmP,22,25,47,0.47
BSmS,12,9,21,0.57
BSmb,12,14,26,0.46
BSmh,0,1,1,0.0
BSml,6,3,9,0.67
BSmm,12,3,15,0.8
BSmn,17,19,36,0.47
BSms,8,4,12,0.67
BSnB,14,12,26,0.54
BSnD,4,0,4,1.0
BSnH,12,8,20,0.6
BSnI,1,5,6,0.17
BSnK,3,2,5,0.6
BSnL,4,2,6,0.67
BSnM,17,26,43,0.4
BSnN,22,23,45,0.49
BSnP,25,38,63,0.4
BSnS,10,18,28,0.36
BSnb,20,11,31,0.65
BSnl,7,10,17,0.41
BSnm,23,10,33,0.7
BSnn,16,12,28,0.57
BSns,13,17,30,0.43
BSsB,11,11,22,0.5
BSsD,1,1,2,0.5
BSsH,15,13,28,0.54
BSsI,2,1,3,0.67
BSsK,1,0,1,1.0
BSsL,3,7,10,0.3
BSsM,8,7,15,0.53
BSsN,18,8,26,0.69
BSsP,18,20,38,0.47
BSsS,20,19,39,0.51
BSsb,11,16,27,0.41
BSsh,1,0,1,1.0
BSsl,3,6,9,0.33
BSsm,19,19,38,0.5
BSsn,22,14,36,0.61
BSss,14,10,24,0.58
BTBB,4,2,6,0.67
BTBL,1,0,1,1.0
BTBM,4,5,9,0.44
BTBN,0,3,3,0.0
BTBP,2,2,4,0.5
BTBS,1,0,1,1.0
BTBT,1,1,2,0.5
BTBb,5,4,9,0.56
BTBj,2,0,2,1.0
BTBl,5,2,7,0.71
BTBm,2,5,7,0.29
BTBn,6,6,12,0.5
BTBs,1,2,3,0.33
BTDB,0,1,1,0.0
BTDH,1,0,1,1.0
BTDM,0,1,1,0.0
BTDP,1,0,1,1.0
BTDb,1,0,1,1.0
BTDs,1,0,1,1.0
BTHB,0,1,1,0.0
BTHH,0,1,1,0.0
BTHL,2,1,3,0.67
BTHM,1,0,1,1.0
BTHN,3,5,8,0.38
BTHP,1,1,2,0.5
BTHS,2,1,3,0.67
BTHb,0,5,5,0.0
BTHh,1,1,2,0.5
BTHm,3,1,4,0.75
BTHn,3,5,8,0.38
BTHs,0,0,0,
BTIb,0,1,1,0.0
BTKL,0,1,1,0.0
BTKM,0,1,1,0.0
BTKP,1,0,1,1.0
BTKS,0,1,1,0.0
BTKb,2,0,2,1.0
BTKh,1,0,1,1.0
BTKm,0,1,1,0.0
BTKs,0,1,1,0.0
BTLB,2,1,3,0.67
BTLL,0,2,2,0.0
BTLM,1,3,4,0.25
BTLN,2,4,6,0.33
BTLP,3,0,3,1.0
BTLb,1,2,3,0.33
BTLh,2,1,3,0.67
BTLm,2,1,3,0.67
BTLn,2,1,3,0.67
BTMB,3,5,8,0.38
BTMD,0,1,1,0.0
BTML,1,0,1,1.0
BTMM,2,3,5,0.4
BTMN,1,3,4,0.25
BTMP,3,3,6,0.5
BTMS,2,1,3,0.67
BTMT,1,1,2,0.5
BTMb,1,1,2,0.5
BTMh,2,3,5,0.4
BTMj,0,2,2,0.0
BTMl,3,2,5,0.6
BTMm,5,2,7,0.71
BTMn,1,3,4,0.25
BTMs,4,2,6,0.67
BTNB,4,5,9,0.44
BTNH,0,1,1,0.0
BTNK,1,1,2,0.5
BTNL,2,1,3,0.67
BTNM,3,9,12,0.25
BTNN,4,10,14,0.29
BTNP,1,7,8,0.12
BTNS,1,6,7,0.14
BTNb,2,1,3,0.67
BTNh,2,1,3,0.67
BTNl,1,1,2,0.5
BTNm,3,7,10,0.3
BTNn,8,7,15,0.53
BTNs,4,5,9,0.44
BTPB,2,6,8,0.25
BTPD,0,2,2,0.0
BTPH,1,2,3,0.33
BTPI,0,2,2,0.0
BTPL,5,4,9,0.56
BTPM,3,9,12,0.25
BTPN,6,12,18,0.33
BTPP,13,14,27,0.48
BTPS,4,3,7,0.57
BTPb,9,7,16,0.56
BTPh,2,1,3,0.67
BTPl,6,5,11,0.55
BTPm,3,8,11,0.27
BTPn,9,3,12,0.75
BTPs,5,2,7,0.71
BTSB,1,2,3,0.33
BTSH,2,0,2,1.0
BTSL,0,3,3,0.0
BTSM,2,2,4,0.5
BTSN,2,2,4,0.5
BTSP,3,3,6,0.5
BTSS,1,2,3,0.33
BTST,0,1,1,0.0
BTSb,2,5,7,0.29
BTSh,0,2,2,0.0
BTSl,2,1,3,0.67
BTSm,3,5,8,0.38
BTSn,1,0,1,1.0
BTSs,1,1,2,0.5
BTTB,0,0,0,
BTTL,1,0,1,1.0
BTTM,2,0,2,1.0
BTTN,2,1,3,0.67
BTTP,0,0,0,
BTTS,1,0,1,1.0
BTTT,1,0,1,1.0
BTTb,2,0,2,1.0
BTTm,0,2,2,0.0
BTTn,1,1,2,0.5
BTbB,7,2,9,0.78
BTbH,1,0,1,1.0
BTbI,1,1,2,0.5
BTbJ,1,1,2,0.5
BTbK,0,1,1,0.0
BTbL,1,3,4,0.25
BTbM,4,3,7,0.57
BTbN,5,7,12,0.42
BTbP,2,2,4,0.5
BTbS,2,0,2,1.0
BTbb,6,7,13,0.46
BTbl,6,1,7,0.86
BTbm,4,9,13,0.31
BTbn,5,3,8,0.62
BTbs,2,2,4,0.5
BThS,0,0,0,
BTlB,0,2,2,0.0
BTlH,1,0,1,1.0
BTlI,1,0,1,1.0
BTlJ,0,0,0,
BTlL,1,0,1,1.0
BTlM,1,1,2,0.5
BTlN,2,1,3,0.67
BTlP,1,3,4,0.25
BTlS,3,1,4,0.75
BTlb,0,1,1,0.0
BTll,2,2,4,0.5
BTlm,1,1,2,0.5
BTln,1,1,2,0.5
BTls,1,1,2,0.5
BTmB,2,4,6,0.33
BTmD,0,3,3,0.0
BTmH,3,4,7,0.43
BTmJ,0,1,1,0.0
BTmL,0,6,6,0.0
BTmM,3,7,10,0.3
BTmN,3,3,6,0.5
BTmP,4,2,6,0.67
BTmS,3,4,7,0.43
BTmb,3,4,7,0.43
BTml,2,0,2,1.0
BTmm,2,3,5,0.4
BTmn,2,0,2,1.0
BTms,2,1,3,0.67
BTnB,1,3,4,0.25
BTnD,0,1,1,0.0
BTnH,1,2,3,0.33
BTnK,0,0,0,
BTnL,1,4,5,0.2
BTnM,2,3,5,0.4
BTnN,9,6,15,0.6
BTnP,2,5,7,0.29
BTnS,3,4,7,0.43
BTnT,1,0,1,1.0
BTnb,2,2,4,0.5
BTnh,0,1,1,0.0
BTnl,1,1,2,0.5
BTnm,6,4,10,0.6
BTnn,2,5,7,0.29
BTns,3,1,4,0.75
BTsD,0,1,1,0.0
BTsH,3,4,7,0.43
BTsI,2,1,3,0.67
BTsL,0,1,1,0.0
BTsM,3,3,6,0.5
BTsN,1,1,2,0.5
BTsP,4,1,5,0.8
BTsS,1,2,3,0.33
BTsb,1,1,2,0.5
BTsl,1,0,1,1.0
BTsm,3,1,4,0.75
BTsn,2,0,2,1.0
BTss,1,3,4,0.25
BbBB,29,27,56,0.52
BbBD,3,2,5,0.6
BbBK,1,4,5,0.2
BbBL,5,15,20,0.25
BbBM,18,23,41,0.44
BbBN,42,30,72,0.58
BbBP,30,43,73,0.41
BbBS,15,15,30,0.5
BbBT,3,5,8,0.38
BbBb,30,22,52,0.58
BbBh,4,5,9,0.44
BbBj,6,21,27,0.22
BbBl,8,12,20,0.4
BbBm,22,25,47,0.47
BbBn,45,42,87,0.52
BbBs,13,21,34,0.38
BbDB,3,3,6,0.5
BbDH,2,0,2,1.0
BbDL,0,1,1,0.0
BbDM,1,1,2,0.5
BbDN,2,3,5,0.4
BbDP,4,4,8,0.5
BbDS,2,1,3,0.67
BbDb,2,5,7,0.29
BbDl,0,1,1,0.0
BbDm,5,2,7,0.71
BbDn,1,2,3,0.33
BbDs,1,1,2,0.5
BbHB,9,7,16,0.56
BbHD,2,1,3,0.67
BbHH,1,1,2,0.5
BbHI,0,1,1,0.0
BbHK,0,0,0,
BbHL,6,5,11,0.55
BbHM,11,6,17,0.65
BbHN,11,8,19,0.58
BbHP,11,13,24,0.46
BbHS,3,5,8,0.38
BbHb,6,6,12,0.5
BbHh,5,2,7,0.71
BbHl,4,2,6,0.67
BbHm,11,12,23,0.48
BbHn,12,12,24,0.5
BbHs,6,6,12,0.5
BbIB,2,4,6,0.33
BbID,1,0,1,1.0
BbIH,4,0,4,1.0
BbIL,2,1,3,0.67
BbIM,6,1,7,0.86
BbIN,5,7,12,0.42
BbIP,6,4,10,0.6
BbIS,1,3,4,0.25
BbIT,0,1,1,0.0
BbIb,3,1,4,0.75
BbIl,1,3,4,0.25
BbIm,3,2,5,0.6
BbIn,6,1,7,0.86
BbIs,0,4,4,0.0
BbJB,8,12,20,0.4
BbJH,3,6,9,0.33
BbJI,0,1,1,0.0
BbJK,1,2,3,0.33
BbJL,3,6,9,0.33
BbJM,5,10,15,0.33
BbJN,13,14,27,0.48
BbJP,15,14,29,0.52
BbJS,7,6,13,0.54
BbJb,10,5,15,0.67
BbJh,2,2,4,0.5
BbJl,5,5,10,0.5
BbJm,13,4,17,0.76
BbJn,7,13,20,0.35
BbJs,3,4,7,0.43
BbKB,2,0,2,1.0
BbKD,0,1,1,0.0
BbKI,1,0,1,1.0
BbKL,0,1,1,0.0
BbKM,2,4,6,0.33
BbKN,1,2,3,0.33
BbKP,3,1,4,0.75
BbKS,2,3,5,0.4
BbKb,0,3,3,0.0
BbKh,4,1,5,0.8
BbKl,3,0,3,1.0
BbKm,3,1,4,0.75
BbKn,4,3,7,0.57
BbKs,3,4,7,0.43
BbLB,9,8,17,0.53
BbLD,1,1,2,0.5
BbLH,0,2,2,0.0
BbLK,0,2,2,0.0
BbLL,1,5,6,0.17
BbLM,6,12,18,0.33
BbLN,9,12,21,0.43
BbLP,12,17,29,0.41
BbLS,8,10,18,0.44
BbLT,4,1,5,0.8
BbLb,6,13,19,0.32
BbLh,5,3,8,0.62
BbLj,2,7,9,0.22
BbLl,7,4,11,0.64
BbLm,6,12,18,0.33
BbLn,17,23,40,0.42
BbLs,7,7,14,0.5
BbMB,21,28,49,0.43
BbMD,2,4,6,0.33
BbMH,0,1,1,0.0
BbMI,1,0,1,1.0
BbMK,0,1,1,0.0
BbML,7,11,18,0.39
BbMM,24,25,49,0.49
BbMN,23,36,59,0.39
BbMP,36,46,82,0.44
BbMS,12,15,27,0.44
BbMT,2,4,6,0.33
BbMb,36,35,71,0.51
BbMh,22,32,54,0.41
BbMj,7,9,16,0.44
BbMl,17,13,30,0.57
BbMm,26,19,45,0.58
BbMn,41,38,79,0.52
BbMs,19,17,36,0.53
BbNB,28,31,59,0.47
BbND,5,6,11,0.45
BbNH,6,8,14,0.43
BbNI,1,0,1,1.0
BbNK,3,0,3,1.0
BbNL,13,8,21,0.62
BbNM,26,39,65,0.4
BbNN,47,62,109,0.43
BbNP,73,56,129,0.57
BbNS,25,24,49,0.51
BbNT,5,5,10,0.5
BbNb,42,33,75,0.56
BbNh,13,10,23,0.57
BbNl,15,15,30,0.5
BbNm,39,24,63,0.62
BbNn,62,52,114,0.54
BbNs,39,27,66,0.59
BbPB,37,34,71,0.52
BbPD,5,2,7,0.71
BbPH,14,12,26,0.54
BbPI,4,4,8,0.5
BbPK,4,3,7,0.57
BbPL,17,22,39,0.44
BbPM,44,57,101,0.44
BbPN,50,45,95,0.53
BbPP,73,75,148,0.49
BbPS,22,28,50,0.44
BbPT,3,8,11,0.27
BbPb,46,31,77,0.6
BbPh,9,9,18,0.5
BbPl,28,16,44,0.64
BbPm,32,30,62,0.52
BbPn,44,40,84,0.52
BbPs,29,19,48,0.6
BbSB,7,8,15,0.47
BbSD,0,1,1,0.0
BbSH,6,7,13,0.46
BbSI,1,0,1,1.0
BbSL,4,9,13,0.31
BbSM,14,13,27,0.52
BbSN,21,11,32,0.66
BbSP,25,21,46,0.54
BbSS,14,17,31,0.45
BbST,5,1,6,0.83
BbSb,21,11,32,0.66
BbSh,12,14,26,0.46
BbSl,7,7,14,0.5
BbSm,11,12,23,0.48
BbSn,25,17,42,0.6
BbSs,22,18,40,0.55
BbbB,36,26,62,0.58
BbbD,1,4,5,0.2
BbbH,8,11,19,0.42
BbbI,3,3,6,0.5
BbbJ,5,9,14,0.36
BbbK,1,4,5,0.2
BbbL,14,14,28,0.5
BbbM,28,40,68,0.41
BbbN,50,34,84,0.6
BbbP,46,47,93,0.49
BbbS,18,14,32,0.56
Bbbb,33,31,64,0.52
Bbbh,0,1,1,0.0
Bbbl,13,8,21,0.62
Bbbm,25,16,41,0.61
Bbbn,36,32,68,0.53
Bbbs,14,19,33,0.42
Bbhb,1,0,1,1.0
BblB,19,10,29,0.66
BblH,8,1,9,0.89
BblI,1,3,4,0.25
BblJ,2,2,4,0.5
BblK,1,0,1,1.0
BblL,6,7,13,0.46
BblM,9,8,17,0.53
BblN,18,21,39,0.46
BblP,17,17,34,0.5
BblS,6,8,14,0.43
Bblb,12,12,24,0.5
Bbll,4,2,6,0.67
Bblm,5,7,12,0.42
Bbln,7,11,18,0.39
Bbls,7,7,14,0.5
BbmB,20,24,44,0.45
BbmD,7,4,11,0.64
BbmH,18,18,36,0.5
BbmI,0,1,1,0.0
BbmJ,5,3,8,0.62
BbmL,5,12,17,0.29
BbmM,27,17,44,0.61
BbmN,28,42,70,0.4
BbmP,39,31,70,0.56
BbmS,16,18,34,0.47
Bbmb,26,20,46,0.57
Bbmh,1,0,1,1.0
Bbml,7,7,14,0.5
Bbmm,24,12,36,0.67
Bbmn,17,21,38,0.45
Bbms,10,11,21,0.48
BbnB,31,33,64,0.48
BbnD,6,3,9,0.67
BbnH,28,15,43,0.65
BbnI,2,6,8,0.25
BbnK,4,4,8,0.5
BbnL,11,9,20,0.55
BbnM,27,37,64,0.42
BbnN,44,42,86,0.51
BbnP,42,36,78,0.54
BbnS,15,23,38,0.39
Bbnb,22,34,56,0.39
Bbnh,1,1,2,0.5
Bbnl,14,6,20,0.7
Bbnm,32,18,50,0.64
Bbnn,40,29,69,0.58
Bbns,24,22,46,0.52
BbsB,13,7,20,0.65
BbsD,3,3,6,0.5
BbsH,20,18,38,0.53
BbsI,3,3,6,0.5
BbsK,0,1,1,0.0
BbsL,6,4,10,0.6
BbsM,17,15,32,0.53
BbsN,14,20,34,0.41
BbsP,20,20,40,0.5
BbsS,18,12,30,0.6
BbsT,0,1,1,0.0
Bbsb,12,9,21,0.57
Bbsl,4,1,5,0.8
Bbsm,20,9,29,0.69
Bbsn,9,8,17,0.53
Bbss,15,13,28,0.54
BhBB,2,2,4,0.5
BhBL,0,3,3,0.0
BhBM,2,2,4,0.5
BhBN,2,8,10,0.2
BhBP,3,4,7,0.43
BhBS,2,0,2,1.0
BhBb,4,1,5,0.8
BhBh,1,0,1,1.0
BhBj,1,2,3,0.33
BhBl,2,0,2,1.0
BhBm,2,4,6,0.33
BhBn,2,6,8,0.25
BhBs,1,0,1,1.0
BhDH,1,0,1,1.0
BhDM,0,1,1,0.0
BhDP,1,1,2,0.5
BhDb,0,1,1,0.0
BhDs,0,0,0,
BhHD,0,1,1,0.0
BhHH,1,0,1,1.0
BhHM,0,0,0,
BhHP,0,0,0,
BhHS,2,1,3,0.67
BhHb,2,0,2,1.0
BhHm,1,0,1,1.0
BhHn,1,0,1,1.0
BhIH,1,0,1,1.0
BhIP,2,0,2,1.0
BhKL,0,1,1,0.0
BhLB,5,2,7,0.71
BhLD,1,1,2,0.5
BhLK,0,1,1,0.0
BhLL,0,1,1,0.0
BhLM,3,0,3,1.0
BhLN,1,1,2,0.5
BhLP,2,1,3,0.67
BhLS,2,2,4,0.5
BhLb,6,0,6,1.0
BhLh,0,3,3,0.0
BhLj,2,0,2,1.0
BhLl,1,0,1,1.0
BhLn,2,1,3,0.67
BhMB,1,2,3,0.33
BhMD,2,0,2,1.0
BhML,0,1,1,0.0
BhMM,3,4,7,0.43
BhMN,3,4,7,0.43
BhMP,5,4,9,0.56
BhMS,0,1,1,0.0
BhMb,3,3,6,0.5
BhMh,2,6,8,0.25
BhMj,1,0,1,1.0
BhMl,1,0,1,1.0
BhMm,3,2,5,0.6
BhMn,3,3,6,0.5
BhMs,4,3,7,0.57
BhNB,2,3,5,0.4
BhNH,2,0,2,1.0
BhNK,1,1,2,0.5
BhNL,4,1,5,0.8
BhNM,3,6,9,0.33
BhNN,6,3,9,0.67
BhNP,6,7,13,0.46
BhNS,6,2,8,0.75
BhNT,2,0,2,1.0
BhNb,4,6,10,0.4
BhNh,2,1,3,0.67
BhNl,1,0,1,1.0
BhNm,5,0,5,1.0
BhNn,2,8,10,0.2
BhNs,3,4,7,0.43
BhPB,9,6,15,0.6
BhPD,1,1,2,0.5
BhPH,2,1,3,0.67
BhPL,4,3,7,0.57
BhPM,4,4,8,0.5
BhPN,3,5,8,0.38
BhPP,3,9,12,0.25
BhPS,6,2,8,0.75
BhPT,0,1,1,0.0
BhPb,4,5,9,0.44
BhPh,0,1,1,0.0
BhPl,1,2,3,0.33
BhPm,3,7,10,0.3
BhPn,12,2,14,0.86
BhPs,5,2,7,0.71
BhSB,3,1,4,0.75
BhSD,0,1,1,0.0
BhSH,2,0,2,1.0
BhSL,1,1,2,0.5
BhSM,3,4,7,0.43
BhSN,1,1,2,0.5
BhSP,4,4,8,0.5
BhSS,3,4,7,0.43
BhSb,2,3,5,0.4
BhSh,2,4,6,0.33
BhSm,0,5,5,0.0
BhSn,5,2,7,0.71
BhSs,8,2,10,0.8
BhTB,1,1,2,0.5
BhTH,0,2,2,0.0
BhTP,1,0,1,1.0
BhTb,3,0,3,1.0
BhTl,0,0,0,
BhTm,1,0,1,1.0
BhbB,5,7,12,0.42
BhbD,1,0,1,1.0
BhbH,1,4,5,0.2
BhbJ,1,1,2,0.5
BhbL,2,5,7,0.29
BhbM,2,7,9,0.22
BhbN,2,1,3,0.67
BhbP,6,5,11,0.55
BhbS,2,4,6,0.33
Bhbb,3,6,9,0.33
Bhbl,1,2,3,0.33
Bhbm,3,3,6,0.5
Bhbn,2,3,5,0.4
Bhbs,0,1,1,0.0
BhhB,1,0,1,1.0
BhhH,0,2,2,0.0
BhhM,4,2,6,0.67
BhhN,4,3,7,0.57
BhhP,6,1,7,0.86
BhhS,5,1,6,0.83
BhhT,0,1,1,0.0
Bhhb,1,0,1,1.0
Bhhh,1,1,2,0.5
Bhhl,1,0,1,1.0
Bhhm,3,3,6,0.5
Bhhn,3,5,8,0.38
Bhhs,3,4,7,0.43
BhlB,1,3,4,0.25
BhlH,1,1,2,0.5
BhlL,1,1,2,0.5
BhlM,1,1,2,0.5
BhlN,4,1,5,0.8
BhlP,0,3,3,0.0
BhlS,2,0,2,1.0
Bhlb,4,3,7,0.57
Bhll,1,1,2,0.5
Bhlm,1,1,2,0.5
Bhln,3,2,5,0.6
Bhls,0,3,3,0.0
BhmB,2,5,7,0.29
BhmD,2,1,3,0.67
BhmH,6,4,10,0.6
BhmJ,0,1,1,0.0
BhmK,1,0,1,1.0
BhmL,0,2,2,0.0
BhmM,5,3,8,0.62
BhmN,5,1,6,0.83
BhmP,2,3,5,0.4
BhmS,2,2,4,0.5
Bhmb,4,8,12,0.33
Bhmh,0,1,1,0.0
Bhml,3,2,5,0.6
Bhmm,1,4,5,0.2
Bhmn,3,4,7,0.43
Bhms,2,3,5,0.4
BhnB,3,4,7,0.43
BhnD,0,0,0,
BhnH,4,4,8,0.5
BhnI,1,0,1,1.0
BhnK,0,3,3,0.0
BhnL,1,1,2,0.5
BhnM,3,5,8,0.38
BhnN,8,14,22,0.36
BhnP,2,6,8,0.25
BhnS,6,4,10,0.6
Bhnb,5,9,14,0.36
Bhnl,1,1,2,0.5
Bhnm,5,2,7,0.71
Bhnn,3,4,7,0.43
Bhns,1,6,7,0.14
BhsB,1,5,6,0.17
BhsD,0,0,0,
BhsH,1,7,8,0.12
BhsL,3,1,4,0.75
BhsM,5,3,8,0.62
BhsN,2,0,2,1.0
BhsP,5,2,7,0.71
BhsS,4,2,6,0.67
Bhsb,1,3,4,0.25
Bhsl,0,1,1,0.0
Bhsm,3,1,4,0.75
Bhsn,3,4,7,0.43
Bhss,0,1,1,0.0
BjBB,12,11,23,0.52
BjBD,0,1,1,0.0
BjBK,0,1,1,0.0
BjBL,3,7,10,0.3
BjBM,8,11,19,0.42
BjBN,3,14,17,0.18
BjBP,9,15,24,0.38
BjBS,6,5,11,0.55
BjBT,2,2,4,0.5
BjBb,10,10,20,0.5
BjBh,0,1,1,0.0
BjBj,4,3,7,0.57
BjBl,6,6,12,0.5
BjBm,8,9,17,0.47
BjBn,15,12,27,0.56
BjBs,7,6,13,0.54
BjDH,0,1,1,0.0
BjDL,2,0,2,1.0
BjDM,0,2,2,0.0
BjDN,1,0,1,1.0
BjDP,2,3,5,0.4
BjDS,1,0,1,1.0
BjDb,2,0,2,1.0
BjDm,0,0,0,
BjDn,1,2,3,0.33
BjHB,3,4,7,0.43
BjHH,1,2,3,0.33
BjHL,1,3,4,0.25
BjHM,2,2,4,0.5
BjHN,3,3,6,0.5
BjHP,7,6,13,0.54
BjHS,2,2,4,0.5
BjHb,1,1,2,0.5
BjHh,1,0,1,1.0
BjHl,2,2,4,0.5
BjHm,3,2,5,0.6
BjHn,0,4,4,0.0
BjHs,2,2,4,0.5
BjIB,0,1,1,0.0
BjIH,1,1,2,0.5
BjIM,1,3,4,0.25
BjIN,0,1,1,0.0
BjIP,0,3,3,0.0
BjIS,0,3,3,0.0
BjIT,1,0,1,1.0
BjIb,0,2,2,0.0
BjIl,1,0,1,1.0
BjIm,2,0,2,1.0
BjIn,2,1,3,0.67
BjIs,1,3,4,0.25
BjKB,1,1,2,0.5
BjKH,0,0,0,
BjKL,0,1,1,0.0
BjKM,0,0,0,
BjKN,0,1,1,0.0
BjKP,1,1,2,0.5
BjKS,1,2,3,0.33
BjKb,0,1,1,0.0
BjKh,1,0,1,1.0
BjKm,0,3,3,0.0
BjLB,5,3,8,0.62
BjLD,1,0,1,1.0
BjLK,2,0,2,1.0
BjLL,2,2,4,0.5
BjLM,3,5,8,0.38
BjLN,1,7,8,0.12
BjLP,4,8,12,0.33
BjLS,0,3,3,0.0
BjLb,6,1,7,0.86
BjLh,0,2,2,0.0
BjLj,2,2,4,0.5
BjLl,2,2,4,0.5
BjLm,10,3,13,0.77
BjLn,4,10,14,0.29
BjLs,4,3,7,0.57
BjMB,10,7,17,0.59
BjMD,2,0,2,1.0
BjMH,0,1,1,0.0
BjML,1,5,6,0.17
BjMM,10,3,13,0.77
BjMN,8,11,19,0.42
BjMP,13,9,22,0.59
BjMS,9,4,13,0.69
BjMT,1,0,1,1.0
BjMb,16,8,24,0.67
BjMh,9,5,14,0.64
BjMj,2,5,7,0.29
BjMl,3,6,9,0.33
BjMm,13,11,24,0.54
BjMn,16,14,30,0.53
BjMs,10,7,17,0.59
BjNB,7,8,15,0.47
BjND,1,0,1,1.0
BjNL,2,6,8,0.25
BjNM,9,12,21,0.43
BjNN,9,12,21,0.43
BjNP,14,18,32,0.44
BjNS,7,15,22,0.32
BjNT,2,2,4,0.5
BjNb,7,7,14,0.5
BjNh,4,6,10,0.4
BjNl,5,4,9,0.56
BjNm,11,15,26,0.42
BjNn,15,9,24,0.62
BjNs,8,6,14,0.57
BjPB,10,12,22,0.45
BjPD,2,0,2,1.0
BjPH,1,3,4,0.25
BjPI,4,0,4,1.0
BjPK,0,0,0,
BjPL,7,5,12,0.58
BjPM,12,22,34,0.35
BjPN,21,14,35,0.6
BjPP,24,22,46,0.52
BjPS,12,17,29,0.41
BjPT,2,2,4,0.5
BjPb,12,21,33,0.36
BjPh,2,5,7,0.29
BjPl,8,9,17,0.47
BjPm,18,12,30,0.6
BjPn,19,12,31,0.61
BjPs,12,13,25,0.48
BjSB,3,2,5,0.6
BjSD,1,1,2,0.5
BjSH,2,2,4,0.5
BjSL,3,4,7,0.43
BjSM,5,13,18,0.28
BjSN,5,10,15,0.33
BjSP,9,10,19,0.47
BjSS,5,10,15,0.33
BjST,1,2,3,0.33
BjSb,6,10,16,0.38
BjSh,3,10,13,0.23
BjSl,6,4,10,0.6
BjSm,6,12,18,0.33
BjSn,5,9,14,0.36
BjSs,9,5,14,0.64
BjTB,0,1,1,0.0
BjTD,0,1,1,0.0
BjTH,1,0,1,1.0
BjTI,1,0,1,1.0
BjTK,0,1,1,0.0
BjTL,3,0,3,1.0
BjTN,2,1,3,0.67
BjTP,9,2,11,0.82
BjTS,3,0,3,1.0
BjTT,1,0,1,1.0
BjTb,1,1,2,0.5
BjTl,1,2,3,0.33
BjTm,1,3,4,0.25
BjTn,1,2,3,0.33
BjTs,2,0,2,1.0
BjbB,13,7,20,0.65
BjbD,1,2,3,0.33
BjbH,5,6,11,0.45
BjbI,1,1,2,0.5
BjbJ,2,1,3,0.67
BjbK,0,1,1,0.0
BjbL,8,10,18,0.44
BjbM,12,21,33,0.36
BjbN,20,12,32,0.62
BjbP,18,19,37,0.49
BjbS,11,5,16,0.69
Bjbb,13,16,29,0.45
Bjbl,5,4,9,0.56
Bjbm,17,10,27,0.63
Bjbn,14,8,22,0.64
Bjbs,7,3,10,0.7
BjhB,3,1,4,0.75
BjhH,0,2,2,0.0
BjhL,2,0,2,1.0
BjhM,0,1,1,0.0
BjhN,2,1,3,0.67
BjhP,4,4,8,0.5
BjhS,2,3,5,0.4
Bjhb,4,3,7,0.57
Bjhh,2,2,4,0.5
Bjhl,0,3,3,0.0
Bjhm,0,3,3,0.0
Bjhn,0,2,2,0.0
Bjhs,1,0,1,1.0
BjlB,1,6,7,0.14
BjlH,6,5,11,0.55
BjlI,0,1,1,0.0
BjlJ,3,2,5,0.6
BjlK,1,0,1,1.0
BjlL,4,1,5,0.8
BjlM,3,6,9,0.33
BjlN,7,3,10,0.7
BjlP,6,6,12,0.5
BjlS,8,2,10,0.8
Bjlb,4,4,8,0.5
Bjll,1,3,4,0.25
Bjlm,6,1,7,0.86
Bjln,3,4,7,0.43
Bjls,3,3,6,0.5
BjmB,5,9,14,0.36
BjmD,3,3,6,0.5
BjmH,8,3,11,0.73
BjmI,2,0,2,1.0
BjmJ,3,2,5,0.6
BjmK,0,2,2,0.0
BjmL,3,3,6,0.5
BjmM,6,14,20,0.3
BjmN,13,7,20,0.65
BjmP,17,13,30,0.57
BjmS,6,6,12,0.5
Bjmb,12,4,16,0.75
Bjmh,1,0,1,1.0
Bjml,5,5,10,0.5
Bjmm,9,5,14,0.64
Bjmn,7,9,16,0.44
Bjms,7,5,12,0.58
BjnB,5,8,13,0.38
BjnD,0,2,2,0.0
BjnH,5,8,13,0.38
BjnI,0,1,1,0.0
BjnK,2,1,3,0.67
BjnL,11,2,13,0.85
BjnM,12,13,25,0.48
BjnN,13,8,21,0.62
BjnP,21,13,34,0.62
BjnS,8,9,17,0.47
Bjnb,12,9,21,0.57
Bjnh,0,1,1,0.0
Bjnl,6,6,12,0.5
Bjnm,11,9,20,0.55
Bjnn,12,11,23,0.52
Bjns,4,9,13,0.31
BjsB,1,4,5,0.2
BjsH,5,6,11,0.45
BjsI,2,3,5,0.4
BjsL,3,5,8,0.38
BjsM,5,2,7,0.71
BjsN,6,9,15,0.4
BjsP,8,14,22,0.36
BjsS,11,9,20,0.55
Bjsb,6,7,13,0.46
Bjsh,0,1,1,0.0
Bjsl,3,4,7,0.43
Bjsm,7,3,10,0.7
Bjsn,4,8,12,0.33
Bjss,5,6,11,0.45
BlBB,13,10,23,0.57
BlBK,2,4,6,0.33
BlBL,2,7,9,0.22
BlBM,8,5,13,0.62
BlBN,16,11,27,0.59
BlBP,10,30,40,0.25
BlBS,4,4,8,0.5
BlBT,2,0,2,1.0
BlBb,9,7,16,0.56
BlBh,1,0,1,1.0
BlBj,5,2,7,0.71
BlBl,3,1,4,0.75
BlBm,9,11,20,0.45
BlBn,11,12,23,0.48
BlBs,3,6,9,0.33
BlDB,1,1,2,0.5
BlDD,1,0,1,1.0
BlDH,2,2,4,0.5
BlDL,1,0,1,1.0
BlDM,0,1,1,0.0
BlDN,1,1,2,0.5
BlDP,1,0,1,1.0
BlDS,0,2,2,0.0
BlDb,1,1,2,0.5
BlDl,1,0,1,1.0
BlDm,2,1,3,0.67
BlDn,0,2,2,0.0
BlDs,1,1,2,0.5
BlHB,8,4,12,0.67
BlHD,0,1,1,0.0
BlHH,3,0,3,1.0
BlHK,0,1,1,0.0
BlHL,0,5,5,0.0
BlHM,4,4,8,0.5
BlHN,3,7,10,0.3
BlHP,9,12,21,0.43
BlHS,4,8,12,0.33
BlHb,9,6,15,0.6
BlHh,5,10,15,0.33
BlHl,4,2,6,0.67
BlHm,3,4,7,0.43
BlHn,10,11,21,0.48
BlHs,8,8,16,0.5
BlIB,2,2,4,0.5
BlIH,1,1,2,0.5
BlIM,0,0,0,
BlIN,1,5,6,0.17
BlIP,0,1,1,0.0
BlIS,0,1,1,0.0
BlIl,1,1,2,0.5
BlIm,1,0,1,1.0
BlIn,0,3,3,0.0
BlIs,1,1,2,0.5
BlJB,2,6,8,0.25
BlJH,1,2,3,0.33
BlJK,1,0,1,1.0
BlJL,3,1,4,0.75
BlJM,0,3,3,0.0
BlJN,2,4,6,0.33
BlJP,2,5,7,0.29
BlJS,4,2,6,0.67
BlJT,1,0,1,1.0
BlJb,4,1,5,0.8
BlJl,2,5,7,0.29
BlJm,3,1,4,0.75
BlJn,0,4,4,0.0
BlJs,2,4,6,0.33
BlKD,0,1,1,0.0
BlKM,1,1,2,0.5
BlKP,1,1,2,0.5
BlKm,1,0,1,1.0
BlKn,1,0,1,1.0
BlKs,1,0,1,1.0
BlLB,2,2,4,0.5
BlLD,1,0,1,1.0
BlLH,1,0,1,1.0
BlLL,1,1,2,0.5
BlLM,2,3,5,0.4
BlLN,12,4,16,0.75
BlLP,11,8,19,0.58
BlLS,7,1,8,0.88
BlLT,1,0,1,1.0
BlLb,8,5,13,0.62
BlLh,1,0,1,1.0
BlLj,1,1,2,0.5
BlLl,2,2,4,0.5
BlLm,5,7,12,0.42
BlLn,7,7,14,0.5
BlLs,1,5,6,0.17
BlMB,16,6,22,0.73
BlMD,2,0,2,1.0
BlML,5,1,6,0.83
BlMM,11,6,17,0.65
BlMN,8,14,22,0.36
BlMP,16,17,33,0.48
BlMS,6,7,13,0.46
BlMT,1,0,1,1.0
BlMb,10,13,23,0.43
BlMh,9,9,18,0.5
BlMj,5,8,13,0.38
BlMl,6,4,10,0.6
BlMm,7,10,17,0.41
BlMn,16,11,27,0.59
BlMs,8,8,16,0.5
BlNB,8,11,19,0.42
BlND,4,2,6,0.67
BlNH,3,1,4,0.75
BlNK,1,2,3,0.33
BlNL,8,5,13,0.62
BlNM,11,15,26,0.42
BlNN,16,12,28,0.57
BlNP,21,24,45,0.47
BlNS,8,10,18,0.44
BlNT,2,1,3,0.67
BlNb,8,11,19,0.42
BlNh,3,4,7,0.43
BlNl,6,8,14,0.43
BlNm,12,9,21,0.57
BlNn,18,15,33,0.55
BlNs,11,9,20,0.55
BlPB,9,15,24,0.38
BlPD,5,1,6,0.83
BlPH,7,5,12,0.58
BlPI,3,0,3,1.0
BlPK,4,1,5,0.8
BlPL,7,3,10,0.7
BlPM,15,17,32,0.47
BlPN,17,12,29,0.59
BlPP,34,21,55,0.62
BlPS,15,12,27,0.56
BlPT,1,0,1,1.0
BlPb,20,14,34,0.59
BlPh,1,1,2,0.5
BlPl,4,6,10,0.4
BlPm,14,4,18,0.78
BlPn,12,10,22,0.55
BlPs,8,14,22,0.36
BlSB,4,6,10,0.4
BlSD,1,1,2,0.5
BlSH,4,0,4,1.0
BlSL,3,6,9,0.33
BlSM,5,12,17,0.29
BlSN,16,8,24,0.67
BlSP,7,12,19,0.37
BlSS,8,10,18,0.44
BlST,2,0,2,1.0
BlSb,12,7,19,0.63
BlSh,4,6,10,0.4
BlSl,2,4,6,0.33
BlSm,7,4,11,0.64
BlSn,9,8,17,0.53
BlSs,6,12,18,0.33
BlbB,8,8,16,0.5
BlbH,3,2,5,0.6
BlbI,1,0,1,1.0
BlbJ,3,2,5,0.6
BlbK,1,1,2,0.5
BlbL,2,5,7,0.29
BlbM,17,12,29,0.59
BlbN,16,13,29,0.55
BlbP,21,9,30,0.7
BlbS,1,9,10,0.1
Blbb,14,10,24,0.58
Blbl,5,4,9,0.56
Blbm,9,6,15,0.6
Blbn,12,15,27,0.44
Blbs,6,9,15,0.4
BllB,4,2,6,0.67
BllD,0,0,0,
BllH,9,4,13,0.69
BllI,0,1,1,0.0
BllJ,4,0,4,1.0
BllL,1,5,6,0.17
BllM,0,5,5,0.0
BllN,6,1,7,0.86
BllP,10,8,18,0.56
BllS,3,3,6,0.5
Bllb,6,3,9,0.67
Blll,3,5,8,0.38
Bllm,3,5,8,0.38
Blln,6,6,12,0.5
Blls,1,1,2,0.5
BlmB,8,8,16,0.5
BlmD,0,2,2,0.0
BlmH,4,11,15,0.27
BlmI,2,0,2,1.0
BlmJ,2,2,4,0.5
BlmL,2,6,8,0.25
BlmM,5,10,15,0.33
BlmN,16,14,30,0.53
BlmP,12,9,21,0.57
BlmS,8,5,13,0.62
Blmb,11,10,21,0.52
Blml,7,2,9,0.78
Blmm,3,15,18,0.17
Blmn,6,6,12,0.5
Blms,4,0,4,1.0
BlnB,5,8,13,0.38
BlnD,2,2,4,0.5
BlnH,5,5,10,0.5
BlnI,0,1,1,0.0
BlnK,1,2,3,0.33
BlnL,5,2,7,0.71
BlnM,16,9,25,0.64
BlnN,10,13,23,0.43
BlnP,18,21,39,0.46
BlnS,7,7,14,0.5
Blnb,9,12,21,0.43
Blnl,2,2,4,0.5
Blnm,11,11,22,0.5
Blnn,13,18,31,0.42
Blns,7,10,17,0.41
BlsB,3,5,8,0.38
BlsD,1,1,2,0.5
BlsH,11,7,18,0.61
BlsK,0,1,1,0.0
BlsL,3,7,10,0.3
BlsM,6,7,13,0.46
BlsN,6,4,10,0.6
BlsP,4,11,15,0.27
BlsS,8,6,14,0.57
Blsb,12,8,20,0.6
Blsh,0,1,1,0.0
Blsl,4,3,7,0.57
Blsm,6,7,13,0.46
Blsn,6,11,17,0.35
Blss,9,6,15,0.6
BmBB,23,16,39,0.59
BmBD,3,3,6,0.5
BmBK,3,0,3,1.0
BmBL,6,2,8,0.75
BmBM,14,22,36,0.39
BmBN,26,25,51,0.51
BmBP,27,24,51,0.53
BmBS,19,16,35,0.54
BmBT,4,4,8,0.5
BmBb,21,28,49,0.43
BmBh,0,7,7,0.0
BmBj,3,8,11,0.27
BmBl,6,8,14,0.43
BmBm,23,26,49,0.47
BmBn,27,35,62,0.44
BmBs,11,13,24,0.46
BmDB,2,5,7,0.29
BmDD,1,1,2,0.5
BmDH,4,4,8,0.5
BmDI,0,0,0,
BmDL,2,1,3,0.67
BmDM,10,7,17,0.59
BmDN,5,6,11,0.45
BmDP,4,3,7,0.57
BmDS,3,7,10,0.3
BmDT,1,2,3,0.33
BmDb,3,5,8,0.38
BmDl,0,1,1,0.0
BmDm,5,6,11,0.45
BmDn,2,4,6,0.33
BmDs,1,4,5,0.2
BmHB,13,19,32,0.41
BmHD,1,1,2,0.5
BmHH,2,4,6,0.33
BmHI,2,1,3,0.67
BmHK,2,2,4,0.5
BmHL,5,5,10,0.5
BmHM,20,15,35,0.57
BmHN,14,18,32,0.44
BmHP,28,25,53,0.53
BmHS,16,12,28,0.57
BmHT,2,0,2,1.0
BmHb,11,13,24,0.46
BmHh,8,12,20,0.4
BmHl,9,6,15,0.6
BmHm,22,11,33,0.67
BmHn,27,20,47,0.57
BmHs,14,22,36,0.39
BmIB,4,2,6,0.67
BmID,1,0,1,1.0
BmIH,1,2,3,0.33
BmIL,0,0,0,
BmIM,2,5,7,0.29
BmIN,3,2,5,0.6
BmIP,7,3,10,0.7
BmIS,2,2,4,0.5
BmIb,1,2,3,0.33
BmIh,0,1,1,0.0
BmIl,0,2,2,0.0
BmIm,2,2,4,0.5
BmIn,1,2,3,0.33
BmIs,3,4,7,0.43
BmJB,4,5,9,0.44
BmJD,1,0,1,1.0
BmJH,3,2,5,0.6
BmJI,0,0,0,
BmJL,1,1,2,0.5
BmJM,5,5,10,0.5
BmJN,8,8,16,0.5
BmJP,7,6,13,0.54
BmJS,4,4,8,0.5
BmJT,1,0,1,1.0
BmJb,4,8,12,0.33
BmJh,2,1,3,0.67
BmJl,4,2,6,0.67
BmJm,3,5,8,0.38
BmJn,1,6,7,0.14
BmJs,9,5,14,0.64
BmKP,0,1,1,0.0
BmKh,0,1,1,0.0
BmKn,0,1,1,0.0
BmKs,1,0,1,1.0
BmLB,9,6,15,0.6
BmLD,0,1,1,0.0
BmLK,1,0,1,1.0
BmLL,4,4,8,0.5
BmLM,7,12,19,0.37
BmLN,9,8,17,0.53
BmLP,11,13,24,0.46
BmLS,2,8,10,0.2
BmLT,0,1,1,0.0
BmLb,9,9,18,0.5
BmLh,2,7,9,0.22
BmLj,5,4,9,0.56
BmLl,3,2,5,0.6
BmLm,9,10,19,0.47
BmLn,7,16,23,0.3
BmLs,4,4,8,0.5
BmMB,19,22,41,0.46
BmMD,0,2,2,0.0
BmMH,1,1,2,0.5
BmMI,1,0,1,1.0
BmML,7,7,14,0.5
BmMM,20,17,37,0.54
BmMN,23,30,53,0.43
BmMP,25,41,66,0.38
BmMS,20,16,36,0.56
BmMT,5,1,6,0.83
BmMb,33,28,61,0.54
BmMh,16,23,39,0.41
BmMj,9,5,14,0.64
BmMl,6,5,11,0.55
BmMm,32,25,57,0.56
BmMn,46,54,100,0.46
BmMs,24,23,47,0.51
BmNB,14,23,37,0.38
BmND,5,3,8,0.62
BmNH,7,7,14,0.5
BmNI,1,0,1,1.0
BmNK,1,1,2,0.5
BmNL,8,9,17,0.47
BmNM,31,34,65,0.48
BmNN,45,52,97,0.46
BmNP,69,52,121,0.57
BmNS,34,30,64,0.53
BmNT,8,7,15,0.53
BmNb,32,25,57,0.56
BmNh,15,4,19,0.79
BmNl,12,16,28,0.43
BmNm,21,27,48,0.44
BmNn,54,65,119,0.45
BmNs,19,13,32,0.59
BmPB,26,27,53,0.49
BmPD,2,1,3,0.67
BmPH,14,14,28,0.5
BmPI,2,3,5,0.4
BmPK,4,3,7,0.57
BmPL,10,16,26,0.38
BmPM,32,43,75,0.43
BmPN,34,44,78,0.44
BmPP,66,46,112,0.59
BmPS,14,23,37,0.38
BmPT,5,6,11,0.45
BmPb,33,27,60,0.55
BmPh,4,4,8,0.5
BmPl,13,16,29,0.45
BmPm,35,21,56,0.62
BmPn,31,47,78,0.4
BmPs,41,22,63,0.65
BmSB,12,12,24,0.5
BmSD,2,0,2,1.0
BmSH,5,11,16,0.31
BmSI,1,0,1,1.0
BmSK,1,0,1,1.0
BmSL,5,2,7,0.71
BmSM,14,18,32,0.44
BmSN,23,19,42,0.55
BmSP,21,20,41,0.51
BmSS,12,25,37,0.32
BmST,4,1,5,0.8
BmSb,17,12,29,0.59
BmSh,7,10,17,0.41
BmSl,5,3,8,0.62
BmSm,19,9,28,0.68
BmSn,25,18,43,0.58
BmSs,24,23,47,0.51
BmTB,0,0,0,
BmbB,23,30,53,0.43
BmbD,1,2,3,0.33
BmbH,6,6,12,0.5
BmbI,3,2,5,0.6
BmbJ,10,4,14,0.71
BmbK,3,3,6,0.5
BmbL,10,9,19,0.53
BmbM,16,41,57,0.28
BmbN,38,31,69,0.55
BmbP,31,33,64,0.48
BmbS,17,18,35,0.49
Bmbb,28,23,51,0.55
Bmbl,7,10,17,0.41
Bmbm,25,12,37,0.68
Bmbn,21,28,49,0.43
Bmbs,16,9,25,0.64
BmlB,13,8,21,0.62
BmlH,8,10,18,0.44
BmlI,0,3,3,0.0
BmlJ,5,2,7,0.71
BmlL,3,4,7,0.43
BmlM,9,12,21,0.43
BmlN,9,6,15,0.6
BmlP,9,5,14,0.64
BmlS,8,6,14,0.57
Bmlb,5,6,11,0.45
Bmll,2,5,7,0.29
Bmlm,6,3,9,0.67
Bmln,9,9,18,0.5
Bmls,2,4,6,0.33
BmmB,22,25,47,0.47
BmmD,7,3,10,0.7
BmmH,18,17,35,0.51
BmmI,0,3,3,0.0
BmmJ,6,5,11,0.55
BmmK,1,0,1,1.0
BmmL,4,6,10,0.4
BmmM,26,26,52,0.5
BmmN,33,40,73,0.45
BmmP,28,25,53,0.53
BmmS,17,14,31,0.55
Bmmb,20,27,47,0.43
Bmml,2,5,7,0.29
Bmmm,29,16,45,0.64
Bmmn,29,26,55,0.53
Bmms,10,11,21,0.48
BmnB,19,24,43,0.44
BmnD,4,1,5,0.8
BmnH,20,16,36,0.56
BmnI,7,6,13,0.54
BmnK,0,4,4,0.0
BmnL,11,9,20,0.55
BmnM,27,27,54,0.5
BmnN,33,31,64,0.52
BmnP,36,37,73,0.49
BmnS,24,17,41,0.59
BmnT,0,0,0,
Bmnb,22,21,43,0.51
Bmnl,2,14,16,0.12
Bmnm,29,16,45,0.64
Bmnn,30,35,65,0.46
Bmns,16,20,36,0.44
BmsB,9,10,19,0.47
BmsD,1,2,3,0.33
BmsH,8,8,16,0.5
BmsI,1,1,2,0.5
BmsL,4,4,8,0.5
BmsM,13,14,27,0.48
BmsN,19,15,34,0.56
BmsP,23,18,41,0.56
BmsS,10,21,31,0.32
Bmsb,14,16,30,0.47
Bmsl,6,4,10,0.6
Bmsm,11,21,32,0.34
Bmsn,8,15,23,0.35
Bmss,3,13,16,0.19
BnBB,33,38,71,0.46
BnBD,5,2,7,0.71
BnBH,0,1,1,0.0
BnBK,1,2,3,0.33
BnBL,11,11,22,0.5
BnBM,24,25,49,0.49
BnBN,35,43,78,0.45
BnBP,37,42,79,0.47
BnBS,21,18,39,0.54
BnBT,7,3,10,0.7
BnBb,35,27,62,0.56
BnBh,3,11,14,0.21
BnBj,4,8,12,0.33
BnBl,11,11,22,0.5
BnBm,28,22,50,0.56
BnBn,36,49,85,0.42
BnBs,11,20,31,0.35
BnDB,6,2,8,0.75
BnDD,1,1,2,0.5
BnDH,3,3,6,0.5
BnDI,1,0,1,1.0
BnDL,0,1,1,0.0
BnDM,5,8,13,0.38
BnDN,3,6,9,0.33
BnDP,8,5,13,0.62
BnDS,2,3,5,0.4
BnDT,0,2,2,0.0
BnDb,6,7,13,0.46
BnDl,0,1,1,0.0
BnDm,8,6,14,0.57
BnDn,2,6,8,0.25
BnDs,2,4,6,0.33
BnHB,12,16,28,0.43
BnHD,2,3,5,0.4
BnHH,3,5,8,0.38
BnHI,3,3,6,0.5
BnHK,2,2,4,0.5
BnHL,7,4,11,0.64
BnHM,16,16,32,0.5
BnHN,28,29,57,0.49
BnHP,35,36,71,0.49
BnHS,11,13,24,0.46
BnHT,1,0,1,1.0
BnHb,11,12,23,0.48
BnHh,4,11,15,0.27
BnHl,7,6,13,0.54
BnHm,19,10,29,0.66
BnHn,25,15,40,0.62
BnHs,15,13,28,0.54
BnIB,1,9,10,0.1
BnID,0,4,4,0.0
BnIH,1,5,6,0.17
BnII,0,2,2,0.0
BnIL,1,3,4,0.25
BnIM,7,6,13,0.54
BnIN,3,7,10,0.3
BnIP,11,11,22,0.5
BnIS,4,8,12,0.33
BnIT,1,0,1,1.0
BnIb,3,7,10,0.3
BnIl,2,0,2,1.0
BnIm,9,7,16,0.56
BnIn,10,7,17,0.59
BnIs,5,2,7,0.71
BnKB,1,2,3,0.33
BnKI,0,1,1,0.0
BnKL,0,2,2,0.0
BnKM,5,5,10,0.5
BnKN,1,3,4,0.25
BnKP,5,5,10,0.5
BnKS,4,3,7,0.57
BnKT,1,0,1,1.0
BnKb,4,5,9,0.44
BnKh,3,1,4,0.75
BnKl,0,1,1,0.0
BnKm,5,5,10,0.5
BnKn,5,6,11,0.45
BnKs,3,5,8,0.38
BnLB,10,11,21,0.48
BnLD,1,1,2,0.5
BnLH,2,0,2,1.0
BnLK,1,0,1,1.0
BnLL,5,4,9,0.56
BnLM,14,14,28,0.5
BnLN,12,13,25,0.48
BnLP,20,22,42,0.48
BnLS,15,7,22,0.68
BnLT,0,0,0,
BnLb,7,18,25,0.28
BnLh,3,8,11,0.27
BnLj,0,4,4,0.0
BnLl,5,2,7,0.71
BnLm,11,14,25,0.44
BnLn,17,17,34,0.5
BnLs,10,8,18,0.56
BnMB,33,34,67,0.49
BnMD,5,3,8,0.62
BnML,9,15,24,0.38
BnMM,34,41,75,0.45
BnMN,39,37,76,0.51
BnMP,45,41,86,0.52
BnMS,19,26,45,0.42
BnMT,5,4,9,0.56
BnMb,41,37,78,0.53
BnMh,24,29,53,0.45
BnMj,10,10,20,0.5
BnMl,16,13,29,0.55
BnMm,33,34,67,0.49
BnMn,58,50,108,0.54
BnMs,21,17,38,0.55
BnNB,36,28,64,0.56
BnND,4,3,7,0.57
BnNH,9,9,18,0.5
BnNK,0,4,4,0.0
BnNL,14,12,26,0.54
BnNM,42,54,96,0.44
BnNN,72,64,136,0.53
BnNP,93,104,197,0.47
BnNS,24,61,85,0.28
BnNT,6,10,16,0.38
BnNb,39,42,81,0.48
BnNh,16,19,35,0.46
BnNl,16,18,34,0.47
BnNm,57,54,111,0.51
BnNn,86,79,165,0.52
BnNs,29,42,71,0.41
BnPB,48,43,91,0.53
BnPD,3,12,15,0.2
BnPH,16,22,38,0.42
BnPI,6,5,11,0.55
BnPK,7,6,13,0.54
BnPL,27,27,54,0.5
BnPM,47,58,105,0.45
BnPN,63,72,135,0.47
BnPP,113,88,201,0.56
BnPS,36,39,75,0.48
BnPT,9,7,16,0.56
BnPb,51,46,97,0.53
BnPh,3,6,9,0.33
BnPl,30,24,54,0.56
BnPm,65,43,108,0.6
BnPn,67,57,124,0.54
BnPs,42,35,77,0.55
BnSB,16,18,34,0.47
BnSD,2,3,5,0.4
BnSH,6,9,15,0.4
BnSI,2,1,3,0.67
BnSK,2,0,2,1.0
BnSL,7,16,23,0.3
BnSM,26,19,45,0.58
BnSN,24,31,55,0.44
BnSP,38,52,90,0.42
BnSS,28,18,46,0.61
BnST,7,5,12,0.58
BnSb,23,19,42,0.55
BnSh,18,16,34,0.53
BnSl,16,11,27,0.59
BnSm,24,22,46,0.52
BnSn,34,38,72,0.47
BnSs,29,23,52,0.56
BnTB,0,1,1,0.0
BnTH,0,0,0,
BnTP,0,1,1,0.0
BnTn,1,2,3,0.33
BnbB,38,38,76,0.5
BnbD,4,2,6,0.67
BnbH,7,7,14,0.5
BnbI,4,3,7,0.57
BnbJ,11,16,27,0.41
BnbK,2,7,9,0.22
BnbL,8,14,22,0.36
BnbM,33,40,73,0.45
BnbN,43,46,89,0.48
BnbP,41,27,68,0.6
BnbS,22,22,44,0.5
Bnbb,33,30,63,0.52
Bnbl,9,8,17,0.53
Bnbm,35,23,58,0.6
Bnbn,48,38,86,0.56
Bnbs,15,17,32,0.47
BnhB,1,2,3,0.33
BnhH,1,0,1,1.0
BnhL,0,1,1,0.0
BnhM,2,1,3,0.67
BnhN,1,1,2,0.5
BnhP,1,3,4,0.25
BnhS,4,0,4,1.0
Bnhb,3,0,3,1.0
Bnhh,4,3,7,0.57
Bnhl,0,2,2,0.0
Bnhm,2,3,5,0.4
Bnhn,3,4,7,0.43
Bnhs,2,1,3,0.67
BnlB,4,9,13,0.31
BnlD,1,1,2,0.5
BnlH,12,8,20,0.6
BnlI,1,2,3,0.33
BnlJ,7,4,11,0.64
BnlK,0,0,0,
BnlL,7,4,11,0.64
BnlM,16,20,36,0.44
BnlN,17,17,34,0.5
BnlP,18,24,42,0.43
BnlS,10,11,21,0.48
Bnlb,19,9,28,0.68
Bnll,5,6,11,0.45
Bnlm,14,11,25,0.56
Bnln,24,12,36,0.67
Bnls,10,16,26,0.38
BnmB,27,27,54,0.5
BnmD,2,11,13,0.15
BnmH,20,17,37,0.54
BnmI,4,2,6,0.67
BnmJ,9,11,20,0.45
BnmK,0,1,1,0.0
BnmL,16,9,25,0.64
BnmM,35,31,66,0.53
BnmN,49,50,99,0.49
BnmP,59,43,102,0.58
BnmS,21,22,43,0.49
Bnmb,23,29,52,0.44
Bnml,14,9,23,0.61
Bnmm,26,24,50,0.52
Bnmn,45,32,77,0.58
Bnms,20,27,47,0.43
BnnB,40,36,76,0.53
BnnD,2,7,9,0.22
BnnH,23,22,45,0.51
BnnI,5,7,12,0.42
BnnK,0,5,5,0.0
BnnL,12,18,30,0.4
BnnM,41,49,90,0.46
BnnN,52,74,126,0.41
BnnP,52,80,132,0.39
BnnS,41,35,76,0.54
BnnT,0,1,1,0.0
Bnnb,40,36,76,0.53
Bnnh,2,1,3,0.67
Bnnl,13,20,33,0.39
Bnnm,56,25,81,0.69
Bnnn,59,49,108,0.55
Bnns,41,36,77,0.53
BnsB,15,11,26,0.58
BnsD,3,4,7,0.43
BnsH,26,19,45,0.58
BnsI,5,1,6,0.83
BnsK,1,0,1,1.0
BnsL,5,9,14,0.36
BnsM,26,26,52,0.5
BnsN,24,38,62,0.39
BnsP,32,29,61,0.52
BnsS,32,22,54,0.59
Bnsb,15,16,31,0.48
Bnsh,0,1,1,0.0
Bnsl,9,10,19,0.47
Bnsm,20,20,40,0.5
Bnsn,22,22,44,0.5
Bnss,29,30,59,0.49
BsBB,3,7,10,0.3
BsBD,1,1,2,0.5
BsBK,0,2,2,0.0
BsBL,2,4,6,0.33
BsBM,7,12,19,0.37
BsBN,9,9,18,0.5
BsBP,15,17,32,0.47
BsBS,3,12,15,0.2
BsBT,2,1,3,0.67
BsBb,10,9,19,0.53
BsBh,1,1,2,0.5
BsBj,3,7,10,0.3
BsBl,4,7,11,0.36
BsBm,7,7,14,0.5
BsBn,18,11,29,0.62
BsBs,8,4,12,0.67
BsDB,2,1,3,0.67
BsDD,0,0,0,
BsDH,1,4,5,0.2
BsDI,0,1,1,0.0
BsDL,0,1,1,0.0
BsDM,2,1,3,0.67
BsDN,3,3,6,0.5
BsDP,0,1,1,0.0
BsDS,0,3,3,0.0
BsDT,1,0,1,1.0
BsDb,1,1,2,0.5
BsDh,1,1,2,0.5
BsDl,0,1,1,0.0
BsDm,2,2,4,0.5
BsDn,0,3,3,0.0
BsDs,5,1,6,0.83
BsHB,7,10,17,0.41
BsHD,2,3,5,0.4
BsHH,1,3,4,0.25
BsHI,2,1,3,0.67
BsHK,0,3,3,0.0
BsHL,4,8,12,0.33
BsHM,10,12,22,0.45
BsHN,11,14,25,0.44
BsHP,22,17,39,0.56
BsHS,18,7,25,0.72
BsHb,8,9,17,0.47
BsHh,8,10,18,0.44
BsHl,7,4,11,0.64
BsHm,9,11,20,0.45
BsHn,18,18,36,0.5
BsHs,13,10,23,0.57
BsIB,0,1,1,0.0
BsIH,3,3,6,0.5
BsIM,2,2,4,0.5
BsIN,6,3,9,0.67
BsIP,1,5,6,0.17
BsIS,2,2,4,0.5
BsIb,3,1,4,0.75
BsIl,0,1,1,0.0
BsIm,2,2,4,0.5
BsIn,1,2,3,0.33
BsIs,4,5,9,0.44
BsKM,1,0,1,1.0
BsKP,3,0,3,1.0
BsKh,0,1,1,0.0
BsKm,1,2,3,0.33
BsLB,4,4,8,0.5
BsLK,1,0,1,1.0
BsLL,3,4,7,0.43
BsLM,4,3,7,0.57
BsLN,2,3,5,0.4
BsLP,5,4,9,0.56
BsLS,1,6,7,0.14
BsLT,2,0,2,1.0
BsLb,5,5,10,0.5
BsLh,5,4,9,0.56
BsLj,3,2,5,0.6
BsLl,1,3,4,0.25
BsLm,6,4,10,0.6
BsLn,3,8,11,0.27
BsLs,5,5,10,0.5
BsMB,13,23,36,0.36
BsMD,1,0,1,1.0
BsML,3,2,5,0.6
BsMM,12,17,29,0.41
BsMN,13,16,29,0.45
BsMP,18,26,44,0.41
BsMS,12,8,20,0.6
BsMT,1,1,2,0.5
BsMb,8,9,17,0.47
BsMh,5,12,17,0.29
BsMj,3,7,10,0.3
BsMl,6,5,11,0.55
BsMm,13,7,20,0.65
BsMn,15,17,32,0.47
BsMs,6,9,15,0.4
BsNB,11,13,24,0.46
BsND,3,2,5,0.6
BsNH,2,5,7,0.29
BsNK,1,1,2,0.5
BsNL,6,4,10,0.6
BsNM,10,16,26,0.38
BsNN,12,13,25,0.48
BsNP,28,26,54,0.52
BsNS,11,16,27,0.41
BsNT,3,5,8,0.38
BsNb,19,15,34,0.56
BsNh,6,10,16,0.38
BsNl,3,8,11,0.27
BsNm,11,9,20,0.55
BsNn,20,16,36,0.56
BsNs,7,15,22,0.32
BsPB,15,18,33,0.45
BsPD,0,1,1,0.0
BsPH,9,9,18,0.5
BsPI,2,4,6,0.33
BsPK,1,1,2,0.5
BsPL,10,12,22,0.45
BsPM,17,19,36,0.47
BsPN,17,21,38,0.45
BsPP,27,41,68,0.4
BsPS,9,17,26,0.35
BsPT,5,1,6,0.83
BsPb,27,18,45,0.6
BsPh,2,4,6,0.33
BsPl,8,10,18,0.44
BsPm,26,19,45,0.58
BsPn,23,24,47,0.49
BsPs,15,18,33,0.45
BsSB,11,8,19,0.58
BsSD,2,4,6,0.33
BsSH,6,7,13,0.46
BsSI,1,0,1,1.0
BsSL,8,6,14,0.57
BsSM,4,21,25,0.16
BsSN,12,22,34,0.35
BsSP,16,21,37,0.43
BsSS,19,15,34,0.56
BsST,2,1,3,0.67
BsSb,10,8,18,0.56
BsSh,11,11,22,0.5
BsSl,5,5,10,0.5
BsSm,16,13,29,0.55
BsSn,20,16,36,0.56
BsSs,18,16,34,0.53
BsbB,14,9,23,0.61
BsbD,1,0,1,1.0
BsbH,3,5,8,0.38
BsbI,1,1,2,0.5
BsbJ,6,7,13,0.46
BsbK,1,1,2,0.5
BsbL,7,12,19,0.37
BsbM,18,6,24,0.75
BsbN,14,16,30,0.47
BsbP,16,14,30,0.53
BsbS,7,11,18,0.39
Bsbb,24,16,40,0.6
Bsbl,4,4,8,0.5
Bsbm,11,10,21,0.52
Bsbn,19,13,32,0.59
Bsbs,10,5,15,0.67
BshB,1,0,1,1.0
BshN,1,2,3,0.33
BshP,0,1,1,0.0
BshS,1,0,1,1.0
BshT,0,1,1,0.0
Bshb,1,2,3,0.33
Bshh,3,0,3,1.0
Bshl,1,0,1,1.0
Bshm,2,1,3,0.67
Bshn,1,1,2,0.5
Bshs,1,1,2,0.5
BslB,4,9,13,0.31
BslD,0,0,0,
BslH,2,6,8,0.25
BslI,1,0,1,1.0
BslJ,2,1,3,0.67
BslK,1,1,2,0.5
BslL,2,3,5,0.4
BslM,6,6,12,0.5
BslN,4,6,10,0.4
BslP,8,9,17,0.47
BslS,6,7,13,0.46
Bslb,6,7,13,0.46
Bsll,5,3,8,0.62
Bslm,2,2,4,0.5
Bsln,9,5,14,0.64
Bsls,4,1,5,0.8
BsmB,10,7,17,0.59
BsmD,2,0,2,1.0
BsmH,11,9,20,0.55
BsmI,2,4,6,0.33
BsmJ,0,3,3,0.0
BsmL,3,3,6,0.5
BsmM,9,13,22,0.41
BsmN,12,18,30,0.4
BsmP,14,15,29,0.48
BsmS,13,10,23,0.57
Bsmb,13,11,24,0.54
Bsml,4,5,9,0.44
Bsmm,15,10,25,0.6
Bsmn,8,14,22,0.36
Bsms,9,7,16,0.56
BsnB,8,12,20,0.4
BsnD,2,2,4,0.5
BsnH,9,11,20,0.45
BsnI,1,1,2,0.5
BsnK,2,0,2,1.0
BsnL,6,6,12,0.5
BsnM,12,10,22,0.55
BsnN,14,28,42,0.33
BsnP,10,31,41,0.24
BsnS,7,10,17,0.41
BsnT,1,0,1,1.0
Bsnb,11,6,17,0.65
Bsnh,1,0,1,1.0
Bsnl,4,5,9,0.44
Bsnm,12,12,24,0.5
Bsnn,16,16,32,0.5
Bsns,8,7,15,0.53
BssB,4,9,13,0.31
BssD,1,2,3,0.33
BssH,12,9,21,0.57
BssI,4,2,6,0.67
BssL,3,3,6,0.5
BssM,8,17,25,0.32
BssN,11,8,19,0.58
BssP,24,20,44,0.55
BssS,15,12,27,0.56
Bssb,9,11,20,0.45
Bssh,0,1,1,0.0
Bssl,5,6,11,0.45
Bssm,13,11,24,0.54
Bssn,10,11,21,0.48
Bsss,11,11,22,0.5
DBBB,3,4,7,0.43
DBBD,0,1,1,0.0
DBBK,1,0,1,1.0
DBBL,1,0,1,1.0
DBBM,1,6,7,0.14
DBBN,5,3,8,0.62
DBBP,6,1,7,0.86
DBBS,0,4,4,0.0
DBBT,1,1,2,0.5
DBBb,5,2,7,0.71
DBBj,0,1,1,0.0
DBBl,1,0,1,1.0
DBBm,3,2,5,0.6
DBBn,1,6,7,0.14
DBBs,0,1,1,0.0
DBDB,0,1,1,0.0
DBDD,2,0,2,1.0
DBDH,1,0,1,1.0
DBDI,1,0,1,1.0
DBDM,1,1,2,0.5
DBDN,0,1,1,0.0
DBDP,2,1,3,0.67
DBDS,3,0,3,1.0
DBDb,0,1,1,0.0
DBDm,3,1,4,0.75
DBDs,0,4,4,0.0
DBHT,1,0,1,1.0
DBKB,0,1,1,0.0
DBKM,1,1,2,0.5
DBKN,0,0,0,
DBKP,1,0,1,1.0
DBKb,0,2,2,0.0
DBKl,0,1,1,0.0
DBKm,1,2,3,0.33
DBKn,1,0,1,1.0
DBLB,2,1,3,0.67
DBLM,2,1,3,0.67
DBLN,0,3,3,0.0
DBLP,2,1,3,0.67
DBLb,7,2,9,0.78
DBLm,2,1,3,0.67
DBLn,0,2,2,0.0
DBMB,2,1,3,0.67
DBML,2,1,3,0.67
DBMM,3,4,7,0.43
DBMN,2,1,3,0.67
DBMP,4,5,9,0.44
DBMS,1,4,5,0.2
DBMT,1,0,1,1.0
DBMb,2,2,4,0.5
DBMh,2,1,3,0.67
DBMj,1,2,3,0.33
DBMl,1,0,1,1.0
DBMm,2,2,4,0.5
DBMn,5,4,9,0.56
DBMs,4,4,8,0.5
DBNB,3,1,4,0.75
DBND,0,0,0,
DBNH,0,0,0,
DBNI,1,0,1,1.0
DBNL,0,1,1,0.0
DBNM,1,1,2,0.5
DBNN,5,4,9,0.56
DBNP,4,7,11,0.36
DBNS,4,1,5,0.8
DBNT,1,2,3,0.33
DBNb,3,3,6,0.5
DBNh,1,1,2,0.5
DBNl,0,1,1,0.0
DBNm,4,2,6,0.67
DBNn,5,3,8,0.62
DBNs,3,2,5,0.6
DBPB,3,3,6,0.5
DBPH,1,1,2,0.5
DBPL,2,2,4,0.5
DBPM,2,4,6,0.33
DBPN,8,1,9,0.89
DBPP,4,2,6,0.67
DBPS,3,1,4,0.75
DBPb,6,2,8,0.75
DBPh,1,0,1,1.0
DBPl,2,3,5,0.4
DBPm,0,6,6,0.0
DBPn,3,6,9,0.33
DBPs,3,4,7,0.43
DBSB,3,0,3,1.0
DBSD,0,1,1,0.0
DBSH,0,1,1,0.0
DBSL,1,0,1,1.0
DBSM,2,2,4,0.5
DBSN,4,1,5,0.8
DBSP,5,1,6,0.83
DBSS,1,2,3,0.33
DBSb,1,1,2,0.5
DBSh,0,1,1,0.0
DBSm,2,4,6,0.33
DBSn,1,3,4,0.25
DBSs,3,5,8,0.38
DBTN,0,0,0,
DBTP,1,1,2,0.5
DBTb,0,1,1,0.0
DBTm,1,0,1,1.0
DBTn,1,0,1,1.0
DBbB,3,7,10,0.3
DBbD,0,1,1,0.0
DBbH,0,3,3,0.0
DBbI,0,2,2,0.0
DBbJ,1,1,2,0.5
DBbK,0,1,1,0.0
DBbL,2,1,3,0.67
DBbM,3,5,8,0.38
DBbN,4,6,10,0.4
DBbP,6,5,11,0.55
DBbS,3,1,4,0.75
DBbb,6,2,8,0.75
DBbl,1,2,3,0.33
DBbm,2,1,3,0.67
DBbn,0,1,1,0.0
DBbs,4,2,6,0.67
DBhB,1,0,1,1.0
DBhN,0,1,1,0.0
DBhP,0,1,1,0.0
DBhS,0,1,1,0.0
DBhl,0,1,1,0.0
DBhm,1,1,2,0.5
DBjB,2,1,3,0.67
DBjD,1,0,1,1.0
DBjH,0,1,1,0.0
DBjI,0,0,0,
DBjL,0,2,2,0.0
DBjM,0,2,2,0.0
DBjN,0,2,2,0.0
DBjP,1,0,1,1.0
DBjb,1,1,2,0.5
DBjh,0,1,1,0.0
DBjl,0,1,1,0.0
DBjm,1,1,2,0.5
DBjs,1,0,1,1.0
DBlB,0,1,1,0.0
DBlD,0,0,0,
DBlH,1,0,1,1.0
DBlK,0,1,1,0.0
DBlL,2,1,3,0.67
DBlM,4,3,7,0.57
DBlN,0,2,2,0.0
DBlP,2,1,3,0.67
DBlS,1,0,1,1.0
DBlb,0,0,0,
DBll,0,1,1,0.0
DBlm,2,1,3,0.67
DBls,1,0,1,1.0
DBmB,4,2,6,0.67
DBmD,0,1,1,0.0
DBmH,4,0,4,1.0
DBmL,3,1,4,0.75
DBmM,3,7,10,0.3
DBmN,1,4,5,0.2
DBmP,7,9,16,0.44
DBmS,2,3,5,0.4
DBmb,1,2,3,0.33
DBml,0,0,0,
DBmm,4,3,7,0.57
DBmn,4,4,8,0.5
DBms,2,2,4,0.5
DBnB,2,3,5,0.4
DBnD,1,1,2,0.5
DBnH,1,5,6,0.17
DBnI,1,0,1,1.0
DBnK,0,1,1,0.0
DBnL,3,1,4,0.75
DBnM,5,3,8,0.62
DBnN,5,7,12,0.42
DBnP,4,5,9,0.44
DBnS,4,0,4,1.0
DBnb,1,2,3,0.33
DBnh,0,1,1,0.0
DBnl,1,2,3,0.33
DBnm,4,1,5,0.8
DBnn,4,1,5,0.8
DBns,3,1,4,0.75
DBsB,2,2,4,0.5
DBsD,0,2,2,0.0
DBsH,2,3,5,0.4
DBsI,1,0,1,1.0
DBsL,1,0,1,1.0
DBsM,2,5,7,0.29
DBsN,1,1,2,0.5
DBsP,1,1,2,0.5
DBsS,1,2,3,0.33
DBsb,3,2,5,0.6
DBsh,0,0,0,
DBsm,2,1,3,0.67
DBsn,4,0,4,1.0
DBss,4,0,4,1.0
DDBB,2,0,2,1.0
DDBD,0,2,2,0.0
DDBL,0,2,2,0.0
DDBM,2,2,4,0.5
DDBN,1,0,1,1.0
DDBP,0,1,1,0.0
DDBS,0,1,1,0.0
DDBb,1,1,2,0.5
DDBh,0,1,1,0.0
DDBl,1,0,1,1.0
DDBm,0,2,2,0.0
DDBn,0,2,2,0.0
DDBs,1,0,1,1.0
DDDB,3,4,7,0.43
DDDD,26,5,31,0.84
DDDH,1,1,2,0.5
DDDK,0,0,0,
DDDM,0,0,0,
DDDN,1,0,1,1.0
DDDP,1,1,2,0.5
DDDS,0,1,1,0.0
DDDb,1,1,2,0.5
DDDm,1,1,2,0.5
DDDs,0,1,1,0.0
DDHB,1,0,1,1.0
DDHD,1,1,2,0.5
DDHI,0,0,0,
DDHM,1,0,1,1.0
DDHN,0,2,2,0.0
DDHP,2,1,3,0.67
DDHS,2,2,4,0.5
DDHb,1,3,4,0.25
DDHh,2,1,3,0.67
DDHl,1,1,2,0.5
DDHm,3,0,3,1.0
DDHn,1,1,2,0.5
DDHs,0,2,2,0.0
DDIB,0,0,0,
DDIL,0,1,1,0.0
DDKD,1,0,1,1.0
DDLB,1,0,1,1.0
DDLM,1,2,3,0.33
DDLP,1,0,1,1.0
DDLS,0,0,0,
DDLb,0,2,2,0.0
DDLm,2,0,2,1.0
DDLn,1,0,1,1.0
DDLs,1,0,1,1.0
DDMB,2,1,3,0.67
DDMD,3,0,3,1.0
DDMM,2,3,5,0.4
DDMN,2,0,2,1.0
DDMP,1,0,1,1.0
DDMS,0,0,0,
DDMb,2,1,3,0.67
DDMh,2,2,4,0.5
DDMm,1,2,3,0.33
DDMn,3,2,5,0.6
DDMs,0,2,2,0.0
DDNB,1,0,1,1.0
DDND,3,0,3,1.0
DDNL,1,0,1,1.0
DDNM,3,1,4,0.75
DDNN,2,0,2,1.0
DDNP,1,5,6,0.17
DDNS,2,0,2,1.0
DDNT,0,0,0,
DDNb,1,1,2,0.5
DDNh,0,1,1,0.0
DDNl,0,1,1,0.0
DDNm,1,1,2,0.5
DDNs,2,0,2,1.0
DDPB,1,1,2,0.5
DDPD,0,3,3,0.0
DDPH,1,1,2,0.5
DDPL,2,1,3,0.67
DDPM,1,3,4,0.25
DDPN,2,1,3,0.67
DDPP,0,3,3,0.0
DDPS,0,4,4,0.0
DDPb,2,2,4,0.5
DDPm,6,3,9,0.67
DDPn,1,0,1,1.0
DDPs,2,2,4,0.5
DDSB,1,0,1,1.0
DDSD,0,0,0,
DDSK,1,0,1,1.0
DDSL,1,0,1,1.0
DDSM,2,3,5,0.4
DDSN,0,2,2,0.0
DDSP,1,1,2,0.5
DDSS,1,6,7,0.14
DDSb,0,2,2,0.0
DDSh,1,2,3,0.33
DDSl,1,2,3,0.33
DDSm,0,0,0,
DDSn,1,1,2,0.5
DDSs,0,1,1,0.0
DDTD,0,1,1,0.0
DDTn,1,0,1,1.0
DDbH,1,1,2,0.5
DDbJ,1,0,1,1.0
DDbK,1,0,1,1.0
DDbM,2,1,3,0.67
DDbN,0,0,0,
DDbP,2,1,3,0.67
DDbS,0,1,1,0.0
DDbb,1,1,2,0.5
DDbm,2,1,3,0.67
DDbn,0,0,0,
DDbs,1,0,1,1.0
DDhl,0,1,1,0.0
DDhm,0,0,0,
DDlB,1,0,1,1.0
DDlD,0,0,0,
DDlJ,0,0,0,
DDlM,0,0,0,
DDlP,2,0,2,1.0
DDlm,1,1,2,0.5
DDln,1,0,1,1.0
DDmB,3,2,5,0.6
DDmD,3,3,6,0.5
DDmH,0,3,3,0.0
DDmJ,0,1,1,0.0
DDmK,0,0,0,
DDmL,2,0,2,1.0
DDmM,2,3,5,0.4
DDmN,1,1,2,0.5
DDmP,1,2,3,0.33
DDmS,0,0,0,
DDmb,3,2,5,0.6
DDmh,0,1,1,0.0
DDmm,3,5,8,0.38
DDmn,2,2,4,0.5
DDms,0,2,2,0.0
DDnB,1,2,3,0.33
DDnK,1,0,1,1.0
DDnM,1,1,2,0.5
DDnN,3,0,3,1.0
DDnP,1,3,4,0.25
DDnS,1,0,1,1.0
DDnm,4,1,5,0.8
DDnn,1,2,3,0.33
DDns,0,1,1,0.0
DDsB,1,1,2,0.5
DDsD,1,0,1,1.0
DDsH,0,2,2,0.0
DDsM,0,2,2,0.0
DDsN,0,0,0,
DDsP,1,1,2,0.5
DDsS,1,1,2,0.5
DDsb,0,3,3,0.0
DDsl,2,1,3,0.67
DDsm,3,1,4,0.75
DDsn,0,1,1,0.0
DDss,0,0,0,
DHBB,4,1,5,0.8
DHBD,1,0,1,1.0
DHBK,0,1,1,0.0
DHBL,2,0,2,1.0
DHBM,2,3,5,0.4
DHBN,0,1,1,0.0
DHBP,1,0,1,1.0
DHBS,2,1,3,0.67
DHBb,2,2,4,0.5
DHBh,1,0,1,1.0
DHBl,1,1,2,0.5
DHBm,0,3,3,0.0
DHBn,1,2,3,0.33
DHBs,1,1,2,0.5
DHDB,0,1,1,0.0
DHDH,0,1,1,0.0
DHDM,1,2,3,0.33
DHDN,0,1,1,0.0
DHDP,1,0,1,1.0
DHDS,0,2,2,0.0
DHDT,0,2,2,0.0
DHDb,2,0,2,1.0
DHDl,1,0,1,1.0
DHDm,0,0,0,
DHDn,0,1,1,0.0
DHDs,2,0,2,1.0
DHHB,0,1,1,0.0
DHHH,1,0,1,1.0
DHHI,1,0,1,1.0
DHHM,0,2,2,0.0
DHHN,1,2,3,0.33
DHHP,1,0,1,1.0
DHHS,0,4,4,0.0
DHHb,1,1,2,0.5
DHHh,1,0,1,1.0
DHHm,1,0,1,1.0
DHHn,2,0,2,1.0
DHHs,1,1,2,0.5
DHII,0,0,0,
DHIL,1,0,1,1.0
DHIM,1,0,1,1.0
DHIN,1,1,2,0.5
DHIP,0,1,1,0.0
DHIS,0,1,1,0.0
DHIb,0,0,0,
DHIm,1,0,1,1.0
DHIn,1,2,3,0.33
DHIs,0,1,1,0.0
DHKP,0,0,0,
DHKS,1,1,2,0.5
DHKm,0,1,1,0.0
DHKs,0,1,1,0.0
DHLB,1,1,2,0.5
DHLL,1,0,1,1.0
DHLM,2,0,2,1.0
DHLN,1,0,1,1.0
DHLP,1,0,1,1.0
DHLS,0,1,1,0.0
DHLb,1,2,3,0.33
DHLh,0,1,1,0.0
DHLj,0,1,1,0.0
DHLl,1,0,1,1.0
DHLm,1,1,2,0.5
DHLn,2,1,3,0.67
DHLs,0,1,1,0.0
DHMB,4,2,6,0.67
DHMD,0,1,1,0.0
DHML,5,1,6,0.83
DHMM,2,1,3,0.67
DHMN,3,4,7,0.43
DHMP,3,2,5,0.6
DHMS,4,5,9,0.44
DHMT,0,2,2,0.0
DHMb,5,5,10,0.5
DHMh,1,3,4,0.25
DHMj,0,2,2,0.0
DHMl,3,1,4,0.75
DHMm,6,1,7,0.86
DHMn,6,5,11,0.55
DHMs,3,3,6,0.5
DHNB,2,2,4,0.5
DHND,0,1,1,0.0
DHNH,1,0,1,1.0
DHNI,0,1,1,0.0
DHNL,0,1,1,0.0
DHNM,0,1,1,0.0
DHNN,3,4,7,0.43
DHNP,6,3,9,0.67
DHNS,5,5,10,0.5
DHNb,0,2,2,0.0
DHNh,1,1,2,0.5
DHNl,2,2,4,0.5
DHNm,5,2,7,0.71
DHNn,2,5,7,0.29
DHNs,3,5,8,0.38
DHPB,3,5,8,0.38
DHPH,2,1,3,0.67
DHPI,0,0,0,
DHPK,0,0,0,
DHPL,2,4,6,0.33
DHPM,7,7,14,0.5
DHPN,7,7,14,0.5
DHPP,10,5,15,0.67
DHPS,8,7,15,0.53
DHPb,2,4,6,0.33
DHPl,2,4,6,0.33
DHPm,5,4,9,0.56
DHPn,5,4,9,0.56
DHPs,3,2,5,0.6
DHSB,5,2,7,0.71
DHSD,1,0,1,1.0
DHSH,2,0,2,1.0
DHSK,0,1,1,0.0
DHSL,2,0,2,1.0
DHSM,3,5,8,0.38
DHSN,3,2,5,0.6
DHSP,3,2,5,0.6
DHSS,4,6,10,0.4
DHST,1,0,1,1.0
DHSb,2,1,3,0.67
DHSh,4,3,7,0.57
DHSl,1,0,1,1.0
DHSm,3,2,5,0.6
DHSn,2,3,5,0.4
DHSs,5,5,10,0.5
DHTH,0,0,0,
DHTM,0,1,1,0.0
DHTN,1,2,3,0.33
DHTP,2,0,2,1.0
DHTS,1,0,1,1.0
DHTb,1,0,1,1.0
DHTm,0,1,1,0.0
DHTs,1,0,1,1.0
DHbB,4,2,6,0.67
DHbD,1,0,1,1.0
DHbH,1,1,2,0.5
DHbJ,0,1,1,0.0
DHbL,3,0,3,1.0
DHbM,2,3,5,0.4
DHbN,5,2,7,0.71
DHbP,4,6,10,0.4
DHbS,2,2,4,0.5
DHbb,2,3,5,0.4
DHbl,1,2,3,0.33
DHbm,6,5,11,0.55
DHbn,4,0,4,1.0
DHbs,1,2,3,0.33
DHhB,1,1,2,0.5
DHhH,1,1,2,0.5
DHhK,1,0,1,1.0
DHhL,1,1,2,0.5
DHhM,6,4,10,0.6
DHhN,2,4,6,0.33
DHhP,2,2,4,0.5
DHhS,3,3,6,0.5
DHhb,2,2,4,0.5
DHhh,3,2,5,0.6
DHhm,2,1,3,0.67
DHhn,3,0,3,1.0
DHhs,0,2,2,0.0
DHlB,2,2,4,0.5
DHlD,0,0,0,
DHlH,2,0,2,1.0
DHlJ,0,1,1,0.0
DHlL,1,0,1,1.0
DHlM,2,4,6,0.33
DHlN,0,1,1,0.0
DHlP,3,2,5,0.6
DHlS,1,0,1,1.0
DHlb,1,2,3,0.33
DHlm,1,1,2,0.5
DHln,1,1,2,0.5
DHls,1,2,3,0.33
DHmB,6,4,10,0.6
DHmD,0,2,2,0.0
DHmH,6,6,12,0.5
DHmJ,0,2,2,0.0
DHmL,4,2,6,0.67
DHmM,10,4,14,0.71
DHmN,8,3,11,0.73
DHmP,5,6,11,0.45
DHmS,6,1,7,0.86
DHmb,2,5,7,0.29
DHml,1,0,1,1.0
DHmm,4,3,7,0.57
DHmn,6,3,9,0.67
DHms,2,2,4,0.5
DHnB,1,3,4,0.25
DHnD,0,2,2,0.0
DHnH,2,0,2,1.0
DHnL,1,0,1,1.0
DHnM,5,5,10,0.5
DHnN,4,4,8,0.5
DHnP,7,3,10,0.7
DHnS,3,4,7,0.43
DHnb,2,4,6,0.33
DHnl,3,0,3,1.0
DHnm,6,2,8,0.75
DHnn,5,3,8,0.62
DHns,2,5,7,0.29
DHsB,5,1,6,0.83
DHsD,0,1,1,0.0
DHsH,3,2,5,0.6
DHsI,2,0,2,1.0
DHsL,2,1,3,0.67
DHsM,2,2,4,0.5
DHsN,6,3,9,0.67
DHsP,2,2,4,0.5
DHsS,1,9,10,0.1
DHsb,0,2,2,0.0
DHsl,1,0,1,1.0
DHsm,4,4,8,0.5
DHsn,2,0,2,1.0
DHss,3,3,6,0.5
DIBB,0,1,1,0.0
DIBK,0,0,0,
DIBM,0,0,0,
DIBN,2,0,2,1.0
DIBm,0,0,0,
DIBn,1,0,1,1.0
DIBs,0,0,0,
DIDB,0,0,0,
DIDS,0,0,0,
DIDb,2,0,2,1.0
DIDm,1,0,1,1.0
DIHM,1,1,2,0.5
DIHP,2,1,3,0.67
DIHh,0,1,1,0.0
DIHm,0,1,1,0.0
DIHs,0,0,0,
DIIP,0,0,0,
DILB,0,1,1,0.0
DILD,0,1,1,0.0
DILb,0,1,1,0.0
DILl,1,0,1,1.0
DILm,0,1,1,0.0
DIMB,0,1,1,0.0
DIMI,0,1,1,0.0
DIMM,0,1,1,0.0
DIMN,1,1,2,0.5
DIMP,0,1,1,0.0
DIMS,0,1,1,0.0
DIMh,0,1,1,0.0
DIMm,0,0,0,
DIMn,0,0,0,
DINB,0,1,1,0.0
DINN,0,0,0,
DINP,0,1,1,0.0
DINS,1,0,1,1.0
DINm,1,0,1,1.0
DIPB,0,1,1,0.0
DIPD,0,0,0,
DIPK,0,0,0,
DIPP,0,2,2,0.0
DIPb,1,1,2,0.5
DIPm,2,0,2,1.0
DISB,1,0,1,1.0
DISH,0,0,0,
DISN,0,0,0,
DISn,2,1,3,0.67
DITD,0,1,1,0.0
DIbK,0,1,1,0.0
DIbL,0,0,0,
DIbM,0,1,1,0.0
DIbP,1,0,1,1.0
DIbm,0,1,1,0.0
DIbs,0,0,0,
DIhN,0,0,0,
DIlN,1,1,2,0.5
DIlP,1,0,1,1.0
DIlb,0,1,1,0.0
DImL,1,0,1,1.0
DImM,1,0,1,1.0
DImN,1,0,1,1.0
DImP,0,0,0,
DImb,1,1,2,0.5
DImm,0,0,0,
DImn,1,0,1,1.0
DInH,0,0,0,
DInM,0,1,1,0.0
DInP,0,2,2,0.0
DInS,0,1,1,0.0
DInm,1,0,1,1.0
DIsH,1,0,1,1.0
DIsI,0,0,0,
DIsM,0,1,1,0.0
DIsS,1,0,1,1.0
DIsb,1,0,1,1.0
DIsm,0,0,0,
DIss,0,0,0,
DKBP,0,1,1,0.0
DKDM,0,1,1,0.0
DKDS,0,1,1,0.0
DKNP,0,1,1,0.0
DKNl,0,1,1,0.0
DKPM,0,1,1,0.0
DKPm,0,1,1,0.0
DKSM,0,1,1,0.0
DKSn,1,0,1,1.0
DKbH,0,1,1,0.0
DKbJ,1,0,1,1.0
DKbS,0,1,1,0.0
DKbb,1,0,1,1.0
DKlJ,1,0,1,1.0
DKmB,0,1,1,0.0
DKmM,0,1,1,0.0
DKmS,0,1,1,0.0
DKsP,0,1,1,0.0
DKsS,1,0,1,1.0
DKsn,0,0,0,
DLBB,2,1,3,0.67
DLBD,0,1,1,0.0
DLBH,1,0,1,1.0
DLBL,2,0,2,1.0
DLBM,1,2,3,0.33
DLBN,3,1,4,0.75
DLBP,2,0,2,1.0
DLBb,0,1,1,0.0
DLBj,2,0,2,1.0
DLBl,2,0,2,1.0
DLBm,2,1,3,0.67
DLBn,4,3,7,0.57
DLBs,1,1,2,0.5
DLDD,1,0,1,1.0
DLDH,0,2,2,0.0
DLDM,1,0,1,1.0
DLDS,0,0,0,
DLDl,0,0,0,
DLDn,0,0,0,
DLHN,0,1,1,0.0
DLHn,0,1,1,0.0
DLKM,0,1,1,0.0
DLKP,0,1,1,0.0
DLKm,1,0,1,1.0
DLLB,1,1,2,0.5
DLLL,2,0,2,1.0
DLLM,1,1,2,0.5
DLLN,0,1,1,0.0
DLLP,2,1,3,0.67
DLLS,0,1,1,0.0
DLLb,3,1,4,0.75
DLLh,1,1,2,0.5
DLLm,0,1,1,0.0
DLLn,0,1,1,0.0
DLMB,2,2,4,0.5
DLMD,1,0,1,1.0
DLMM,0,1,1,0.0
DLMN,2,3,5,0.4
DLMP,1,1,2,0.5
DLMS,0,1,1,0.0
DLMT,1,0,1,1.0
DLMb,1,2,3,0.33
DLMh,0,1,1,0.0
DLMj,0,1,1,0.0
DLMl,1,0,1,1.0
DLMm,4,3,7,0.57
DLMn,5,3,8,0.62
DLMs,2,0,2,1.0
DLNB,2,2,4,0.5
DLNK,0,1,1,0.0
DLNL,0,1,1,0.0
DLNM,0,2,2,0.0
DLNN,1,4,5,0.2
DLNP,2,1,3,0.67
DLNS,2,0,2,1.0
DLNb,2,0,2,1.0
DLNn,1,1,2,0.5
DLNs,0,2,2,0.0
DLPB,0,2,2,0.0
DLPD,0,1,1,0.0
DLPH,0,0,0,
DLPI,1,0,1,1.0
DLPK,0,1,1,0.0
DLPL,0,0,0,
DLPM,2,3,5,0.4
DLPN,1,0,1,1.0
DLPP,5,2,7,0.71
DLPS,0,1,1,0.0
DLPb,2,0,2,1.0
DLPh,0,1,1,0.0
DLPl,0,1,1,0.0
DLPm,3,4,7,0.43
DLPn,0,3,3,0.0
DLPs,1,0,1,1.0
DLSB,1,0,1,1.0
DLSH,0,0,0,
DLSL,0,1,1,0.0
DLSM,3,1,4,0.75
DLSN,0,1,1,0.0
DLSP,3,4,7,0.43
DLSS,1,4,5,0.2
DLSb,2,0,2,1.0
DLSh,0,2,2,0.0
DLSl,1,0,1,1.0
DLSm,1,2,3,0.33
DLSn,1,1,2,0.5
DLSs,1,0,1,1.0
DLTB,0,1,1,0.0
DLTM,0,1,1,0.0
DLbB,1,1,2,0.5
DLbD,1,0,1,1.0
DLbJ,0,2,2,0.0
DLbL,0,1,1,0.0
DLbM,2,2,4,0.5
DLbN,1,1,2,0.5
DLbP,5,1,6,0.83
DLbS,0,1,1,0.0
DLbb,3,0,3,1.0
DLbl,1,0,1,1.0
DLbm,3,2,5,0.6
DLbn,1,2,3,0.33
DLbs,1,0,1,1.0
DLhB,1,1,2,0.5
DLhH,0,0,0,
DLhL,1,1,2,0.5
DLhM,1,0,1,1.0
DLhP,1,1,2,0.5
DLhl,0,1,1,0.0
DLhm,0,1,1,0.0
DLhn,1,0,1,1.0
DLhs,1,1,2,0.5
DLjB,0,1,1,0.0
DLjH,1,0,1,1.0
DLjK,0,1,1,0.0
DLjL,1,0,1,1.0
DLjM,0,0,0,
DLjN,2,0,2,1.0
DLjP,1,0,1,1.0
DLjS,1,0,1,1.0
DLjb,1,0,1,1.0
DLjn,0,1,1,0.0
DLlH,0,1,1,0.0
DLlJ,0,0,0,
DLlL,0,1,1,0.0
DLlM,2,1,3,0.67
DLlN,1,0,1,1.0
DLlb,1,0,1,1.0
DLlm,1,1,2,0.5
DLmB,1,3,4,0.25
DLmD,2,0,2,1.0
DLmH,1,0,1,1.0
DLmJ,0,1,1,0.0
DLmL,0,0,0,
DLmM,2,0,2,1.0
DLmN,1,3,4,0.25
DLmP,1,1,2,0.5
DLmS,2,1,3,0.67
DLmb,4,1,5,0.8
DLmm,1,3,4,0.25
DLmn,2,1,3,0.67
DLms,0,1,1,0.0
DLnB,2,2,4,0.5
DLnH,1,2,3,0.33
DLnI,0,0,0,
DLnK,0,1,1,0.0
DLnL,0,2,2,0.0
DLnM,3,1,4,0.75
DLnN,2,1,3,0.67
DLnP,3,4,7,0.43
DLnS,2,1,3,0.67
DLnb,0,0,0,
DLnl,2,0,2,1.0
DLnm,2,1,3,0.67
DLnn,1,2,3,0.33
DLns,4,0,4,1.0
DLsB,1,1,2,0.5
DLsH,0,1,1,0.0
DLsN,0,2,2,0.0
DLsP,3,4,7,0.43
DLsS,3,1,4,0.75
DLsh,1,0,1,1.0
DLsl,1,0,1,1.0
DLsm,0,3,3,0.0
DLsn,1,2,3,0.33
DLss,0,1,1,0.0
DMBB,6,2,8,0.75
DMBD,1,1,2,0.5
DMBL,2,2,4,0.5
DMBM,5,5,10,0.5
DMBN,5,6,11,0.45
DMBP,7,7,14,0.5
DMBS,4,0,4,1.0
DMBT,0,1,1,0.0
DMBb,0,6,6,0.0
DMBj,2,1,3,0.67
DMBl,1,0,1,1.0
DMBm,2,3,5,0.4
DMBn,10,8,18,0.56
DMDB,1,2,3,0.33
DMDD,1,1,2,0.5
DMDH,0,0,0,
DMDL,1,1,2,0.5
DMDM,0,0,0,
DMDN,2,2,4,0.5
DMDP,2,1,3,0.67
DMDS,0,3,3,0.0
DMDb,1,2,3,0.33
DMDm,1,6,7,0.14
DMDn,1,2,3,0.33
DMDs,2,0,2,1.0
DMHm,1,0,1,1.0
DMHn,1,0,1,1.0
DMLB,0,3,3,0.0
DMLD,0,1,1,0.0
DMLL,1,0,1,1.0
DMLM,2,1,3,0.67
DMLN,0,0,0,
DMLP,2,1,3,0.67
DMLS,0,1,1,0.0
DMLb,2,0,2,1.0
DMLj,2,0,2,1.0
DMLl,1,0,1,1.0
DMLn,1,2,3,0.33
DMLs,2,1,3,0.67
DMMB,7,3,10,0.7
DMMD,0,3,3,0.0
DMMM,3,7,10,0.3
DMMN,1,3,4,0.25
DMMP,7,5,12,0.58
DMMS,4,3,7,0.57
DMMT,0,1,1,0.0
DMMb,8,2,10,0.8
DMMh,9,5,14,0.64
DMMj,1,1,2,0.5
DMMl,4,2,6,0.67
DMMm,11,3,14,0.79
DMMn,4,3,7,0.57
DMMs,1,0,1,1.0
DMNB,2,4,6,0.33
DMND,1,0,1,1.0
DMNH,1,3,4,0.25
DMNK,0,1,1,0.0
DMNL,2,2,4,0.5
DMNM,0,5,5,0.0
DMNN,3,3,6,0.5
DMNP,4,4,8,0.5
DMNS,3,2,5,0.6
DMNb,6,2,8,0.75
DMNh,3,3,6,0.5
DMNl,0,2,2,0.0
DMNm,5,4,9,0.56
DMNn,5,6,11,0.45
DMNs,4,2,6,0.67
DMPB,1,1,2,0.5
DMPD,1,1,2,0.5
DMPH,2,2,4,0.5
DMPI,0,1,1,0.0
DMPK,1,1,2,0.5
DMPL,2,1,3,0.67
DMPM,4,10,14,0.29
DMPN,5,7,12,0.42
DMPP,8,5,13,0.62
DMPS,4,6,10,0.4
DMPT,2,2,4,0.5
DMPb,0,3,3,0.0
DMPh,0,0,0,
DMPl,1,1,2,0.5
DMPm,8,3,11,0.73
DMPn,7,6,13,0.54
DMPs,6,4,10,0.6
DMSB,3,2,5,0.6
DMSD,1,3,4,0.25
DMSH,2,1,3,0.67
DMSI,1,0,1,1.0
DMSL,0,2,2,0.0
DMSM,4,8,12,0.33
DMSN,1,1,2,0.5
DMSP,5,3,8,0.62
DMSS,3,6,9,0.33
DMST,0,1,1,0.0
DMSb,2,0,2,1.0
DMSh,1,3,4,0.25
DMSl,2,0,2,1.0
DMSm,8,3,11,0.73
DMSn,2,3,5,0.4
DMSs,4,2,6,0.67
DMTB,1,0,1,1.0
DMTH,1,0,1,1.0
DMTK,1,0,1,1.0
DMTP,1,1,2,0.5
DMTS,1,0,1,1.0
DMTb,1,1,2,0.5
DMTn,1,0,1,1.0
DMTs,2,0,2,1.0
DMbB,8,1,9,0.89
DMbD,0,3,3,0.0
DMbH,0,1,1,0.0
DMbJ,3,1,4,0.75
DMbK,0,1,1,0.0
DMbL,3,1,4,0.75
DMbM,2,6,8,0.25
DMbN,4,1,5,0.8
DMbP,4,6,10,0.4
DMbS,3,3,6,0.5
DMbb,5,2,7,0.71
DMbl,1,2,3,0.33
DMbm,2,5,7,0.29
DMbn,4,4,8,0.5
DMbs,2,2,4,0.5
DMhB,2,4,6,0.33
DMhD,1,0,1,1.0
DMhH,0,1,1,0.0
DMhI,0,0,0,
DMhL,1,1,2,0.5
DMhM,4,4,8,0.5
DMhN,2,2,4,0.5
DMhP,3,4,7,0.43
DMhS,3,4,7,0.43
DMhb,1,3,4,0.25
DMhh,2,3,5,0.4
DMhl,3,0,3,1.0
DMhm,7,7,14,0.5
DMhn,5,4,9,0.56
DMhs,4,2,6,0.67
DMjB,1,2,3,0.33
DMjI,1,1,2,0.5
DMjK,0,1,1,0.0
DMjM,1,0,1,1.0
DMjN,1,0,1,1.0
DMjP,1,1,2,0.5
DMjS,0,0,0,
DMjb,1,0,1,1.0
DMjl,2,0,2,1.0
DMjn,1,3,4,0.25
DMjs,1,0,1,1.0
DMlB,2,0,2,1.0
DMlD,1,0,1,1.0
DMlH,1,0,1,1.0
DMlI,1,0,1,1.0
DMlJ,0,1,1,0.0
DMlL,1,1,2,0.5
DMlM,0,1,1,0.0
DMlN,1,1,2,0.5
DMlP,3,1,4,0.75
DMlS,1,2,3,0.33
DMlb,2,1,3,0.67
DMll,0,2,2,0.0
DMlm,0,0,0,
DMln,1,4,5,0.2
DMls,0,2,2,0.0
DMmB,5,8,13,0.38
DMmD,1,0,1,1.0
DMmH,0,4,4,0.0
DMmI,0,0,0,
DMmJ,0,1,1,0.0
DMmL,2,0,2,1.0
DMmM,8,15,23,0.35
DMmN,4,7,11,0.36
DMmP,9,3,12,0.75
DMmS,6,3,9,0.67
DMmb,6,5,11,0.55
DMml,2,0,2,1.0
DMmm,6,4,10,0.6
DMmn,12,4,16,0.75
DMms,2,3,5,0.4
DMnB,3,9,12,0.25
DMnD,2,0,2,1.0
DMnH,0,2,2,0.0
DMnI,1,3,4,0.25
DMnK,1,1,2,0.5
DMnL,3,1,4,0.75
DMnM,2,7,9,0.22
DMnN,2,10,12,0.17
DMnP,10,8,18,0.56
DMnS,3,7,10,0.3
DMnb,6,2,8,0.75
DMnl,1,3,4,0.25
DMnm,3,6,9,0.33
DMnn,8,9,17,0.47
DMns,7,2,9,0.78
DMsB,2,1,3,0.67
DMsD,0,1,1,0.0
DMsH,7,3,10,0.7
DMsI,1,2,3,0.33
DMsL,0,1,1,0.0
DMsM,3,4,7,0.43
DMsN,1,2,3,0.33
DMsP,6,2,8,0.75
DMsS,2,2,4,0.5
DMsb,4,2,6,0.67
DMsh,4,1,5,0.8
DMsl,0,0,0,
DMsm,2,4,6,0.33
DMsn,2,3,5,0.4
DMss,3,6,9,0.33
DNBB,2,2,4,0.5
DNBL,2,3,5,0.4
DNBM,2,4,6,0.33
DNBN,9,1,10,0.9
DNBP,4,1,5,0.8
DNBS,1,1,2,0.5
DNBT,0,0,0,
DNBb,4,5,9,0.44
DNBh,0,1,1,0.0
DNBj,1,1,2,0.5
DNBl,2,0,2,1.0
DNBm,2,9,11,0.18
DNBn,4,4,8,0.5
DNBs,1,2,3,0.33
DNDB,1,2,3,0.33
DNDD,0,1,1,0.0
DNDH,0,1,1,0.0
DNDM,0,0,0,
DNDN,0,0,0,
DNDP,1,0,1,1.0
DNDS,3,1,4,0.75
DNDl,0,1,1,0.0
DNDm,0,1,1,0.0
DNDn,1,0,1,1.0
DNDs,1,0,1,1.0
DNHB,1,0,1,1.0
DNHM,1,0,1,1.0
DNHN,0,1,1,0.0
DNHP,0,1,1,0.0
DNHS,1,2,3,0.33
DNHl,2,0,2,1.0
DNHm,1,0,1,1.0
DNHn,2,1,3,0.67
DNIM,2,0,2,1.0
DNIb,0,1,1,0.0
DNKB,0,1,1,0.0
DNKM,0,2,2,0.0
DNKP,1,1,2,0.5
DNKS,2,1,3,0.67
DNKl,0,1,1,0.0
DNKm,1,1,2,0.5
DNKn,3,0,3,1.0
DNKs,2,0,2,1.0
DNLB,1,0,1,1.0
DNLD,0,1,1,0.0
DNLL,1,2,3,0.33
DNLM,1,0,1,1.0
DNLN,1,1,2,0.5
DNLP,2,2,4,0.5
DNLb,2,2,4,0.5
DNLh,0,1,1,0.0
DNLj,1,1,2,0.5
DNLl,1,0,1,1.0
DNLm,1,0,1,1.0
DNLn,0,3,3,0.0
DNLs,0,2,2,0.0
DNMB,7,6,13,0.54
DNMD,2,1,3,0.67
DNML,2,1,3,0.67
DNMM,5,2,7,0.71
DNMN,2,4,6,0.33
DNMP,3,7,10,0.3
DNMS,3,4,7,0.43
DNMb,4,2,6,0.67
DNMh,4,3,7,0.57
DNMj,1,0,1,1.0
DNMl,5,3,8,0.62
DNMm,1,3,4,0.25
DNMn,4,3,7,0.57
DNMs,1,2,3,0.33
DNNB,2,5,7,0.29
DNND,2,0,2,1.0
DNNH,2,0,2,1.0
DNNK,0,0,0,
DNNL,2,0,2,1.0
DNNM,3,7,10,0.3
DNNN,6,6,12,0.5
DNNP,4,3,7,0.57
DNNS,4,3,7,0.57
DNNT,1,0,1,1.0
DNNb,1,1,2,0.5
DNNh,0,0,0,
DNNl,0,2,2,0.0
DNNm,1,4,5,0.2
DNNn,6,6,12,0.5
DNNs,2,4,6,0.33
DNPB,8,4,12,0.67
DNPD,1,1,2,0.5
DNPH,1,0,1,1.0
DNPI,1,0,1,1.0
DNPK,1,0,1,1.0
DNPL,0,1,1,0.0
DNPM,1,3,4,0.25
DNPN,8,4,12,0.67
DNPP,8,2,10,0.8
DNPS,3,5,8,0.38
DNPb,3,6,9,0.33
DNPh,2,1,3,0.67
DNPl,4,4,8,0.5
DNPm,6,7,13,0.46
DNPn,7,5,12,0.58
DNPs,5,4,9,0.56
DNSB,3,0,3,1.0
DNSH,2,0,2,1.0
DNSK,1,0,1,1.0
DNSL,1,2,3,0.33
DNSM,5,3,8,0.62
DNSN,5,1,6,0.83
DNSP,5,6,11,0.45
DNSS,5,4,9,0.56
DNST,0,2,2,0.0
DNSb,1,3,4,0.25
DNSh,1,3,4,0.25
DNSm,5,3,8,0.62
DNSn,5,3,8,0.62
DNSs,3,3,6,0.5
DNTH,0,0,0,
DNTL,0,1,1,0.0
DNTM,0,2,2,0.0
DNTN,3,0,3,1.0
DNTS,0,1,1,0.0
DNTb,2,1,3,0.67
DNTn,2,1,3,0.67
DNTs,0,2,2,0.0
DNbB,0,3,3,0.0
DNbH,1,1,2,0.5
DNbJ,1,2,3,0.33
DNbK,1,0,1,1.0
DNbL,1,1,2,0.5
DNbM,4,6,10,0.4
DNbN,4,2,6,0.67
DNbP,5,4,9,0.56
DNbS,2,1,3,0.67
DNbb,7,4,11,0.64
DNbl,1,0,1,1.0
DNbm,2,2,4,0.5
DNbn,7,2,9,0.78
DNbs,0,0,0,
DNhB,1,1,2,0.5
DNhD,0,0,0,
DNhH,1,0,1,1.0
DNhM,1,2,3,0.33
DNhN,1,1,2,0.5
DNhP,1,2,3,0.33
DNhT,0,1,1,0.0
DNhb,1,0,1,1.0
DNhh,0,0,0,
DNhl,0,1,1,0.0
DNhm,1,2,3,0.33
DNhn,2,1,3,0.67
DNhs,5,0,5,1.0
DNlB,0,2,2,0.0
DNlH,1,1,2,0.5
DNlJ,0,0,0,
DNlL,3,0,3,1.0
DNlM,1,2,3,0.33
DNlN,3,3,6,0.5
DNlP,0,1,1,0.0
DNlS,1,0,1,1.0
DNlb,0,2,2,0.0
DNlm,2,1,3,0.67
DNln,2,0,2,1.0
DNls,0,2,2,0.0
DNmB,2,9,11,0.18
DNmD,2,1,3,0.67
DNmH,2,4,6,0.33
DNmI,0,1,1,0.0
DNmJ,0,3,3,0.0
DNmK,1,0,1,1.0
DNmL,0,2,2,0.0
DNmM,4,2,6,0.67
DNmN,2,6,8,0.25
DNmP,2,5,7,0.29
DNmS,1,3,4,0.25
DNmb,2,2,4,0.5
DNml,0,1,1,0.0
DNmm,7,5,12,0.58
DNmn,9,6,15,0.6
DNms,1,1,2,0.5
DNnB,3,2,5,0.6
DNnD,4,0,4,1.0
DNnH,0,3,3,0.0
DNnK,2,0,2,1.0
DNnL,1,1,2,0.5
DNnM,8,6,14,0.57
DNnN,2,5,7,0.29
DNnP,2,8,10,0.2
DNnS,6,6,12,0.5
DNnb,2,7,9,0.22
DNnh,0,1,1,0.0
DNnl,2,3,5,0.4
DNnm,2,4,6,0.33
DNnn,4,5,9,0.44
DNns,2,3,5,0.4
DNsB,2,2,4,0.5
DNsD,2,0,2,1.0
DNsH,1,3,4,0.25
DNsI,0,1,1,0.0
DNsM,2,1,3,0.67
DNsN,4,6,10,0.4
DNsP,1,2,3,0.33
DNsS,2,5,7,0.29
DNsb,0,2,2,0.0
DNsh,0,1,1,0.0
DNsl,2,0,2,1.0
DNsm,4,4,8,0.5
DNsn,6,2,8,0.75
DNss,3,4,7,0.43
DPBB,5,7,12,0.42
DPBD,1,1,2,0.5
DPBK,1,1,2,0.5
DPBL,0,1,1,0.0
DPBM,1,6,7,0.14
DPBN,7,3,10,0.7
DPBP,4,9,13,0.31
DPBS,2,3,5,0.4
DPBT,0,1,1,0.0
DPBb,4,2,6,0.67
DPBh,1,0,1,1.0
DPBj,0,0,0,
DPBl,0,2,2,0.0
DPBm,9,4,13,0.69
DPBn,4,6,10,0.4
DPBs,2,1,3,0.67
DPDB,1,0,1,1.0
DPDD,0,1,1,0.0
DPDL,1,2,3,0.33
DPDM,2,2,4,0.5
DPDN,0,1,1,0.0
DPDP,1,1,2,0.5
DPDS,2,1,3,0.67
DPDT,0,0,0,
DPDb,1,2,3,0.33
DPDm,1,0,1,1.0
DPDn,1,0,1,1.0
DPDs,1,1,2,0.5
DPHB,2,2,4,0.5
DPHH,0,1,1,0.0
DPHM,1,1,2,0.5
DPHN,0,3,3,0.0
DPHP,2,1,3,0.67
DPHS,4,1,5,0.8
DPHh,1,2,3,0.33
DPHm,2,1,3,0.67
DPHn,2,2,4,0.5
DPHs,2,0,2,1.0
DPIB,1,0,1,1.0
DPIH,1,0,1,1.0
DPIL,1,1,2,0.5
DPIN,0,0,0,
DPIP,3,1,4,0.75
DPIm,3,0,3,1.0
DPIn,1,0,1,1.0
DPKB,0,1,1,0.0
DPKD,0,1,1,0.0
DPKL,0,0,0,
DPKM,1,2,3,0.33
DPKP,1,0,1,1.0
DPKS,1,0,1,1.0
DPKb,1,0,1,1.0
DPKh,1,1,2,0.5
DPKm,1,1,2,0.5
DPKs,0,1,1,0.0
DPLB,2,5,7,0.29
DPLD,1,0,1,1.0
DPLH,1,0,1,1.0
DPLL,2,1,3,0.67
DPLM,7,4,11,0.64
DPLN,1,4,5,0.2
DPLP,2,4,6,0.33
DPLS,2,0,2,1.0
DPLT,0,0,0,
DPLb,2,0,2,1.0
DPLh,1,1,2,0.5
DPLj,1,0,1,1.0
DPLl,1,0,1,1.0
DPLm,7,3,10,0.7
DPLn,2,5,7,0.29
DPLs,4,2,6,0.67
DPMB,1,6,7,0.14
DPMD,4,2,6,0.67
DPMI,0,0,0,
DPML,2,3,5,0.4
DPMM,6,6,12,0.5
DPMN,5,5,10,0.5
DPMP,6,10,16,0.38
DPMS,4,2,6,0.67
DPMT,2,2,4,0.5
DPMb,6,6,12,0.5
DPMh,3,3,6,0.5
DPMj,1,1,2,0.5
DPMl,4,2,6,0.67
DPMm,8,6,14,0.57
DPMn,6,7,13,0.46
DPMs,3,5,8,0.38
DPNB,5,4,9,0.56
DPND,3,2,5,0.6
DPNH,1,0,1,1.0
DPNK,0,2,2,0.0
DPNL,2,1,3,0.67
DPNM,3,7,10,0.3
DPNN,6,4,10,0.6
DPNP,3,2,5,0.6
DPNS,2,2,4,0.5
DPNT,1,4,5,0.2
DPNb,3,3,6,0.5
DPNh,1,1,2,0.5
DPNl,5,4,9,0.56
DPNm,4,3,7,0.57
DPNn,7,4,11,0.64
DPNs,7,3,10,0.7
DPPB,5,9,14,0.36
DPPD,1,2,3,0.33
DPPH,2,2,4,0.5
DPPI,0,1,1,0.0
DPPK,1,3,4,0.25
DPPL,3,6,9,0.33
DPPM,10,10,20,0.5
DPPN,9,10,19,0.47
DPPP,12,13,25,0.48
DPPS,4,6,10,0.4
DPPT,3,0,3,1.0
DPPb,10,7,17,0.59
DPPl,9,4,13,0.69
DPPm,8,9,17,0.47
DPPn,8,3,11,0.73
DPPs,7,5,12,0.58
DPSB,3,2,5,0.6
DPSD,1,1,2,0.5
DPSH,1,2,3,0.33
DPSL,2,4,6,0.33
DPSM,5,6,11,0.45
DPSN,4,6,10,0.4
DPSP,2,8,10,0.2
DPSS,3,4,7,0.43
DPST,1,1,2,0.5
DPSb,3,6,9,0.33
DPSh,3,5,8,0.38
DPSl,4,3,7,0.57
DPSm,10,3,13,0.77
DPSn,3,5,8,0.38
DPSs,5,7,12,0.42
DPTB,1,0,1,1.0
DPTD,1,0,1,1.0
DPTH,1,0,1,1.0
DPTL,1,1,2,0.5
DPTM,1,1,2,0.5
DPTP,0,1,1,0.0
DPTS,1,1,2,0.5
DPTb,0,1,1,0.0
DPTl,1,0,1,1.0
DPTn,1,0,1,1.0
DPTs,0,1,1,0.0
DPbB,4,4,8,0.5
DPbD,0,0,0,
DPbH,1,1,2,0.5
DPbI,1,0,1,1.0
DPbJ,0,2,2,0.0
DPbL,4,1,5,0.8
DPbM,5,5,10,0.5
DPbN,4,5,9,0.44
DPbP,4,7,11,0.36
DPbS,1,3,4,0.25
DPbb,1,8,9,0.11
DPbl,2,5,7,0.29
DPbm,4,2,6,0.67
DPbn,5,4,9,0.56
DPbs,2,1,3,0.67
DPhB,0,1,1,0.0
DPhN,2,1,3,0.67
DPhP,0,1,1,0.0
DPhS,0,0,0,
DPhb,1,0,1,1.0
DPhh,1,0,1,1.0
DPhm,0,1,1,0.0
DPhn,1,2,3,0.33
DPlB,3,1,4,0.75
DPlH,1,2,3,0.33
DPlJ,1,0,1,1.0
DPlL,1,3,4,0.25
DPlM,2,2,4,0.5
DPlN,2,3,5,0.4
DPlP,3,5,8,0.38
DPlS,0,3,3,0.0
DPlb,2,4,6,0.33
DPll,0,4,4,0.0
DPlm,0,4,4,0.0
DPln,2,2,4,0.5
DPls,0,2,2,0.0
DPmB,1,5,6,0.17
DPmD,0,4,4,0.0
DPmH,2,4,6,0.33
DPmJ,0,2,2,0.0
DPmL,7,2,9,0.78
DPmM,7,12,19,0.37
DPmN,4,6,10,0.4
DPmP,9,7,16,0.56
DPmS,1,4,5,0.2
DPmb,8,9,17,0.47
DPml,0,2,2,0.0
DPmm,7,5,12,0.58
DPmn,3,5,8,0.38
DPms,4,4,8,0.5
DPnB,3,3,6,0.5
DPnD,0,0,0,
DPnH,2,3,5,0.4
DPnI,1,0,1,1.0
DPnL,1,3,4,0.25
DPnM,6,2,8,0.75
DPnN,1,4,5,0.2
DPnP,5,12,17,0.29
DPnS,8,1,9,0.89
DPnb,1,5,6,0.17
DPnl,3,0,3,1.0
DPnm,8,4,12,0.67
DPnn,3,3,6,0.5
DPns,2,6,8,0.25
DPsB,1,2,3,0.33
DPsD,1,1,2,0.5
DPsH,1,3,4,0.25
DPsI,2,1,3,0.67
DPsM,9,3,12,0.75
DPsN,4,3,7,0.57
DPsP,7,3,10,0.7
DPsS,2,6,8,0.25
DPsb,1,6,7,0.14
DPsl,3,0,3,1.0
DPsm,3,7,10,0.3
DPsn,3,1,4,0.75
DPss,5,4,9,0.56
DSBB,4,5,9,0.44
DSBD,1,1,2,0.5
DSBL,0,1,1,0.0
DSBM,4,6,10,0.4
DSBN,1,3,4,0.25
DSBP,1,5,6,0.17
DSBS,3,1,4,0.75
DSBT,0,2,2,0.0
DSBb,1,2,3,0.33
DSBh,1,1,2,0.5
DSBj,3,0,3,1.0
DSBl,1,0,1,1.0
DSBm,4,7,11,0.36
DSBn,3,11,14,0.21
DSBs,1,2,3,0.33
DSDB,1,1,2,0.5
DSDD,4,0,4,1.0
DSDH,0,1,1,0.0
DSDM,0,2,2,0.0
DSDN,2,2,4,0.5
DSDP,1,1,2,0.5
DSDS,3,0,3,1.0
DSDb,0,2,2,0.0
DSDm,0,0,0,
DSDs,2,3,5,0.4
DSHD,0,0,0,
DSHH,0,0,0,
DSHL,0,0,0,
DSHM,1,2,3,0.33
DSHN,1,0,1,1.0
DSHP,0,1,1,0.0
DSHS,1,3,4,0.25
DSHb,3,1,4,0.75
DSHh,1,0,1,1.0
DSHm,1,1,2,0.5
DSHn,2,2,4,0.5
DSHs,4,1,5,0.8
DSIB,1,1,2,0.5
DSIH,0,0,0,
DSIL,1,0,1,1.0
DSIM,2,0,2,1.0
DSIb,1,0,1,1.0
DSIm,0,0,0,
DSIn,1,0,1,1.0
DSKN,0,1,1,0.0
DSKP,1,0,1,1.0
DSKS,1,0,1,1.0
DSKn,0,1,1,0.0
DSLB,3,2,5,0.6
DSLD,0,1,1,0.0
DSLK,0,1,1,0.0
DSLL,1,0,1,1.0
DSLM,1,3,4,0.25
DSLN,3,1,4,0.75
DSLP,1,1,2,0.5
DSLS,1,1,2,0.5
DSLb,0,0,0,
DSLh,0,1,1,0.0
DSLj,2,0,2,1.0
DSLl,0,1,1,0.0
DSLm,2,1,3,0.67
DSLn,0,2,2,0.0
DSLs,2,1,3,0.67
DSMB,3,4,7,0.43
DSMD,1,2,3,0.33
DSML,4,2,6,0.67
DSMM,7,12,19,0.37
DSMN,5,4,9,0.56
DSMP,6,5,11,0.55
DSMS,3,5,8,0.38
DSMT,1,0,1,1.0
DSMb,4,5,9,0.44
DSMh,1,3,4,0.25
DSMj,2,1,3,0.67
DSMl,2,2,4,0.5
DSMm,8,5,13,0.62
DSMn,2,4,6,0.33
DSMs,2,3,5,0.4
DSNB,1,3,4,0.25
DSND,0,1,1,0.0
DSNH,2,0,2,1.0
DSNI,0,1,1,0.0
DSNL,0,1,1,0.0
DSNM,5,3,8,0.62
DSNN,5,5,10,0.5
DSNP,5,6,11,0.45
DSNS,6,2,8,0.75
DSNb,2,2,4,0.5
DSNh,1,1,2,0.5
DSNl,2,2,4,0.5
DSNm,4,3,7,0.57
DSNn,5,4,9,0.56
DSNs,6,5,11,0.55
DSPB,7,7,14,0.5
DSPD,2,1,3,0.67
DSPH,1,1,2,0.5
DSPI,0,2,2,0.0
DSPK,0,1,1,0.0
DSPL,2,2,4,0.5
DSPM,5,4,9,0.56
DSPN,6,2,8,0.75
DSPP,7,11,18,0.39
DSPS,5,2,7,0.71
DSPT,1,1,2,0.5
DSPb,6,3,9,0.67
DSPh,0,0,0,
DSPl,5,3,8,0.62
DSPm,6,1,7,0.86
DSPn,8,5,13,0.62
DSPs,4,3,7,0.57
DSSB,3,4,7,0.43
DSSD,1,1,2,0.5
DSSH,0,3,3,0.0
DSSL,1,7,8,0.12
DSSM,8,3,11,0.73
DSSN,8,6,14,0.57
DSSP,3,7,10,0.3
DSSS,10,9,19,0.53
DSST,2,0,2,1.0
DSSb,5,1,6,0.83
DSSh,5,5,10,0.5
DSSl,2,2,4,0.5
DSSm,3,4,7,0.43
DSSn,8,2,10,0.8
DSSs,7,5,12,0.58
DSTB,1,1,2,0.5
DSTH,0,0,0,
DSTL,0,1,1,0.0
DSTM,1,0,1,1.0
DSTN,0,1,1,0.0
DSTP,1,4,5,0.2
DSTS,1,0,1,1.0
DSTb,0,1,1,0.0
DSTm,1,0,1,1.0
DSTn,0,2,2,0.0
DSTs,0,1,1,0.0
DSbB,5,3,8,0.62
DSbD,1,0,1,1.0
DSbH,0,1,1,0.0
DSbJ,0,0,0,
DSbK,0,1,1,0.0
DSbL,2,3,5,0.4
DSbM,3,1,4,0.75
DSbN,2,3,5,0.4
DSbP,5,2,7,0.71
DSbS,3,7,10,0.3
DSbb,3,5,8,0.38
DSbm,3,1,4,0.75
DSbn,2,2,4,0.5
DSbs,3,1,4,0.75
DShB,1,2,3,0.33
DShL,1,1,2,0.5
DShM,7,1,8,0.88
DShN,2,2,4,0.5
DShP,1,1,2,0.5
DShS,8,3,11,0.73
DShT,0,1,1,0.0
DShh,2,3,5,0.4
DShl,2,2,4,0.5
DShm,1,2,3,0.33
DShn,3,4,7,0.43
DShs,5,3,8,0.62
DSlB,2,2,4,0.5
DSlH,0,1,1,0.0
DSlJ,0,1,1,0.0
DSlL,0,1,1,0.0
DSlM,0,1,1,0.0
DSlN,1,1,2,0.5
DSlP,3,1,4,0.75
DSlS,3,2,5,0.6
DSlb,3,3,6,0.5
DSll,1,2,3,0.33
DSlm,1,0,1,1.0
DSln,0,1,1,0.0
DSls,1,0,1,1.0
DSmB,4,4,8,0.5
DSmD,1,0,1,1.0
DSmH,3,9,12,0.25
DSmJ,0,0,0,
DSmL,2,3,5,0.4
DSmM,3,5,8,0.38
DSmN,5,3,8,0.62
DSmP,2,4,6,0.33
DSmS,6,4,10,0.6
DSmb,5,3,8,0.62
DSml,3,1,4,0.75
DSmm,6,6,12,0.5
DSmn,6,5,11,0.55
DSms,2,4,6,0.33
DSnB,5,2,7,0.71
DSnH,2,3,5,0.4
DSnI,1,0,1,1.0
DSnK,0,0,0,
DSnL,1,0,1,1.0
DSnM,3,4,7,0.43
DSnN,5,9,14,0.36
DSnP,12,6,18,0.67
DSnS,3,6,9,0.33
DSnb,1,6,7,0.14
DSnm,4,6,10,0.4
DSnn,6,6,12,0.5
DSns,5,5,10,0.5
DSsB,2,2,4,0.5
DSsD,1,2,3,0.33
DSsH,0,4,4,0.0
DSsL,1,0,1,1.0
DSsM,7,7,14,0.5
DSsN,3,3,6,0.5
DSsP,5,3,8,0.62
DSsS,2,4,6,0.33
DSsb,2,4,6,0.33
DSsh,0,1,1,0.0
DSsl,0,1,1,0.0
DSsm,8,6,14,0.57
DSsn,6,1,7,0.86
DSss,8,7,15,0.53
DTBK,0,0,0,
DTBL,0,1,1,0.0
DTBM,2,2,4,0.5
DTBS,0,0,0,
DTBl,1,0,1,1.0
DTBm,2,0,2,1.0
DTBn,0,2,2,0.0
DTDB,0,1,1,0.0
DTDH,0,0,0,
DTDM,0,1,1,0.0
DTDP,0,0,0,
DTDb,1,0,1,1.0
DTDm,0,0,0,
DTDn,1,0,1,1.0
DTDs,1,0,1,1.0
DTHM,1,0,1,1.0
DTHN,1,0,1,1.0
DTHP,0,1,1,0.0
DTHS,2,0,2,1.0
DTHb,1,0,1,1.0
DTKM,0,0,0,
DTKS,1,0,1,1.0
DTLB,0,1,1,0.0
DTLS,1,1,2,0.5
DTLb,0,0,0,
DTLm,2,1,3,0.67
DTLn,0,0,0,
DTMB,0,1,1,0.0
DTMD,0,0,0,
DTML,1,0,1,1.0
DTMM,0,1,1,0.0
DTMN,3,1,4,0.75
DTMP,0,1,1,0.0
DTMS,0,1,1,0.0
DTMh,0,0,0,
DTMl,0,2,2,0.0
DTMm,2,1,3,0.67
DTMn,0,1,1,0.0
DTMs,0,1,1,0.0
DTNB,1,0,1,1.0
DTNM,2,0,2,1.0
DTNN,1,0,1,1.0
DTNP,1,1,2,0.5
DTNS,1,0,1,1.0
DTNb,0,1,1,0.0
DTNm,1,1,2,0.5
DTNn,0,1,1,0.0
DTNs,1,0,1,1.0
DTPB,0,2,2,0.0
DTPL,2,0,2,1.0
DTPM,1,0,1,1.0
DTPN,0,1,1,0.0
DTPS,0,1,1,0.0
DTPb,2,0,2,1.0
DTPl,2,0,2,1.0
DTPm,2,1,3,0.67
DTPn,1,1,2,0.5
DTPs,2,0,2,1.0
DTSB,1,2,3,0.33
DTSH,0,1,1,0.0
DTSM,1,0,1,1.0
DTSP,1,0,1,1.0
DTSS,0,0,0,
DTSm,1,0,1,1.0
DTSn,1,1,2,0.5
DTSs,0,1,1,0.0
DTTS,1,1,2,0.5
DTTb,0,1,1,0.0
DTbJ,0,0,0,
DTbL,0,0,0,
DTbM,0,1,1,0.0
DTbN,0,0,0,
DTbP,0,1,1,0.0
DTbb,1,0,1,1.0
DTbs,0,1,1,0.0
DTlB,0,0,0,
DTlP,1,0,1,1.0
DTlm,0,0,0,
DTln,0,1,1,0.0
DTmH,0,2,2,0.0
DTmM,2,1,3,0.67
DTmN,2,0,2,1.0
DTmP,1,0,1,1.0
DTmS,1,1,2,0.5
DTmb,0,1,1,0.0
DTmm,1,0,1,1.0
DTms,1,0,1,1.0
DTnB,0,1,1,0.0
DTnH,1,0,1,1.0
DTnL,0,1,1,0.0
DTnM,0,1,1,0.0
DTnN,0,1,1,0.0
DTnP,1,2,3,0.33
DTnS,1,0,1,1.0
DTnb,1,0,1,1.0
DTnm,1,0,1,1.0
DTnn,1,1,2,0.5
DTns,0,0,0,
DTsB,1,0,1,1.0
DTsD,1,1,2,0.5
DTsH,0,1,1,0.0
DTsN,1,1,2,0.5
DTsP,1,0,1,1.0
DTsS,1,3,4,0.25
DTss,0,1,1,0.0
DbBB,2,2,4,0.5
DbBD,3,1,4,0.75
DbBL,1,2,3,0.33
DbBM,4,1,5,0.8
DbBN,4,5,9,0.44
DbBP,5,2,7,0.71
DbBS,2,1,3,0.67
DbBT,0,1,1,0.0
DbBb,1,1,2,0.5
DbBj,3,1,4,0.75
DbBl,2,0,2,1.0
DbBm,4,3,7,0.57
DbBn,4,5,9,0.44
DbBs,4,3,7,0.57
DbDL,0,0,0,
DbDM,1,1,2,0.5
DbDN,1,0,1,1.0
DbDP,1,1,2,0.5
DbDS,1,1,2,0.5
DbDb,0,1,1,0.0
DbDm,1,1,2,0.5
DbDn,1,0,1,1.0
DbHB,1,1,2,0.5
DbHI,0,1,1,0.0
DbHL,1,0,1,1.0
DbHM,1,1,2,0.5
DbHP,1,0,1,1.0
DbHS,0,1,1,0.0
DbHb,1,1,2,0.5
DbHh,1,0,1,1.0
DbHl,1,0,1,1.0
DbHm,0,2,2,0.0
DbHn,0,0,0,
DbHs,1,0,1,1.0
DbIB,4,0,4,1.0
DbID,1,0,1,1.0
DbIH,1,0,1,1.0
DbIN,1,0,1,1.0
DbIP,1,0,1,1.0
DbIS,0,1,1,0.0
DbIl,1,0,1,1.0
DbIm,1,0,1,1.0
DbJB,1,1,2,0.5
DbJI,0,1,1,0.0
DbJK,0,1,1,0.0
DbJL,1,0,1,1.0
DbJM,3,3,6,0.5
DbJN,3,0,3,1.0
DbJP,0,1,1,0.0
DbJl,0,0,0,
DbJm,1,2,3,0.33
DbJs,1,0,1,1.0
DbKB,0,1,1,0.0
DbKM,1,0,1,1.0
DbKN,1,0,1,1.0
DbKP,1,0,1,1.0
DbKS,0,1,1,0.0
DbKl,0,1,1,0.0
DbKm,0,1,1,0.0
DbLB,1,0,1,1.0
DbLL,1,1,2,0.5
DbLM,2,0,2,1.0
DbLP,3,1,4,0.75
DbLS,4,1,5,0.8
DbLb,1,1,2,0.5
DbLj,2,0,2,1.0
DbLm,1,3,4,0.25
DbLn,1,0,1,1.0
DbLs,2,1,3,0.67
DbMB,5,2,7,0.71
DbMD,1,2,3,0.33
DbMK,0,0,0,
DbML,1,1,2,0.5
DbMM,5,6,11,0.45
DbMN,7,3,10,0.7
DbMP,10,8,18,0.56
DbMS,3,0,3,1.0
DbMb,3,4,7,0.43
DbMh,2,4,6,0.33
DbMj,2,0,2,1.0
DbMl,1,1,2,0.5
DbMm,5,4,9,0.56
DbMn,6,6,12,0.5
DbMs,3,2,5,0.6
DbNB,3,2,5,0.6
DbND,1,0,1,1.0
DbNH,1,1,2,0.5
DbNK,0,2,2,0.0
DbNL,2,2,4,0.5
DbNM,4,2,6,0.67
DbNN,5,5,10,0.5
DbNP,4,4,8,0.5
DbNS,2,6,8,0.25
DbNT,0,1,1,0.0
DbNb,4,5,9,0.44
DbNh,5,2,7,0.71
DbNl,0,0,0,
DbNm,3,2,5,0.6
DbNn,4,2,6,0.67
DbNs,7,2,9,0.78
DbPB,2,8,10,0.2
DbPD,1,0,1,1.0
DbPH,0,1,1,0.0
DbPI,0,0,0,
DbPK,1,1,2,0.5
DbPL,0,2,2,0.0
DbPM,6,1,7,0.86
DbPN,4,5,9,0.44
DbPP,6,6,12,0.5
DbPS,4,4,8,0.5
DbPT,0,2,2,0.0
DbPb,3,2,5,0.6
DbPl,1,1,2,0.5
DbPm,3,7,10,0.3
DbPn,5,2,7,0.71
DbPs,0,4,4,0.0
DbSB,3,3,6,0.5
DbSH,0,3,3,0.0
DbSL,1,1,2,0.5
DbSM,1,3,4,0.25
DbSN,1,2,3,0.33
DbSP,5,1,6,0.83
DbSS,6,2,8,0.75
DbSb,2,2,4,0.5
DbSh,0,3,3,0.0
DbSl,0,1,1,0.0
DbSm,4,0,4,1.0
DbSn,3,2,5,0.6
DbSs,1,0,1,1.0
DbbB,3,3,6,0.5
DbbD,1,1,2,0.5
DbbH,1,0,1,1.0
DbbJ,1,0,1,1.0
DbbK,0,3,3,0.0
DbbL,5,1,6,0.83
DbbM,3,5,8,0.38
DbbN,3,5,8,0.38
DbbP,2,5,7,0.29
DbbS,3,0,3,1.0
Dbbb,6,2,8,0.75
Dbbl,6,0,6,1.0
Dbbm,2,0,2,1.0
Dbbn,3,5,8,0.38
Dbbs,0,1,1,0.0
DblB,0,0,0,
DblH,0,2,2,0.0
DblL,1,0,1,1.0
DblM,3,2,5,0.6
DblN,0,3,3,0.0
DblP,2,1,3,0.67
DblS,1,0,1,1.0
Dblb,1,2,3,0.33
Dbll,1,0,1,1.0
Dblm,3,1,4,0.75
Dbln,0,6,6,0.0
Dbls,0,2,2,0.0
DbmB,3,6,9,0.33
DbmD,2,2,4,0.5
DbmH,3,4,7,0.43
DbmI,0,1,1,0.0
DbmJ,1,1,2,0.5
DbmL,1,1,2,0.5
DbmM,3,4,7,0.43
DbmN,3,5,8,0.38
DbmP,2,2,4,0.5
DbmS,0,4,4,0.0
Dbmb,4,4,8,0.5
Dbml,2,0,2,1.0
Dbmm,8,5,13,0.62
Dbmn,3,2,5,0.6
Dbms,2,0,2,1.0
DbnB,5,2,7,0.71
DbnD,0,0,0,
DbnH,0,0,0,
DbnI,2,2,4,0.5
DbnK,1,0,1,1.0
DbnL,1,3,4,0.25
DbnM,2,9,11,0.18
DbnN,4,2,6,0.67
DbnP,5,5,10,0.5
DbnS,2,2,4,0.5
Dbnb,4,2,6,0.67
Dbnl,1,2,3,0.33
Dbnm,2,2,4,0.5
Dbnn,4,4,8,0.5
Dbns,5,3,8,0.62
DbsB,0,2,2,0.0
DbsD,2,0,2,1.0
DbsH,3,1,4,0.75
DbsI,2,0,2,1.0
DbsL,2,0,2,1.0
DbsM,3,1,4,0.75
DbsN,0,1,1,0.0
DbsP,6,3,9,0.67
DbsS,4,1,5,0.8
Dbsb,1,1,2,0.5
Dbsh,0,0,0,
Dbsl,2,0,2,1.0
Dbsm,1,0,1,1.0
Dbsn,3,5,8,0.38
DhBB,0,1,1,0.0
DhBm,0,1,1,0.0
DhBs,1,0,1,1.0
DhDH,1,0,1,1.0
DhHL,1,0,1,1.0
DhKn,0,1,1,0.0
DhLs,0,1,1,0.0
DhMB,1,0,1,1.0
DhMM,1,0,1,1.0
DhMj,0,1,1,0.0
DhMl,1,0,1,1.0
DhMm,0,0,0,
DhMn,0,1,1,0.0
DhMs,1,0,1,1.0
DhND,1,0,1,1.0
DhNM,2,0,2,1.0
DhNP,0,1,1,0.0
DhNS,0,1,1,0.0
DhPD,0,0,0,
DhPH,0,0,0,
DhPN,1,0,1,1.0
DhPP,1,1,2,0.5
DhPS,0,0,0,
DhPb,1,0,1,1.0
DhSB,0,0,0,
DhSN,1,0,1,1.0
DhSP,1,0,1,1.0
DhSS,0,1,1,0.0
DhSb,0,0,0,
DhSm,1,0,1,1.0
DhbH,1,0,1,1.0
DhbM,0,0,0,
Dhbm,0,1,1,0.0
Dhhb,0,0,0,
Dhlm,0,1,1,0.0
DhmP,0,1,1,0.0
DhmS,0,1,1,0.0
Dhmm,0,1,1,0.0
Dhmn,1,0,1,1.0
Dhms,0,1,1,0.0
DhnB,1,0,1,1.0
DhnM,1,0,1,1.0
DhnS,0,1,1,0.0
Dhnm,1,0,1,1.0
Dhnn,1,1,2,0.5
DhsL,1,0,1,1.0
DhsN,1,0,1,1.0
Dhsm,1,0,1,1.0
Dhss,1,0,1,1.0
DlBB,1,0,1,1.0
DlBL,0,0,0,
DlBM,0,1,1,0.0
DlBN,2,3,5,0.4
DlBP,1,1,2,0.5
DlBS,0,2,2,0.0
DlBT,0,1,1,0.0
DlBb,0,1,1,0.0
DlBj,0,1,1,0.0
DlBm,1,1,2,0.5
DlBn,1,2,3,0.33
DlDB,0,1,1,0.0
DlDM,1,0,1,1.0
DlDP,0,1,1,0.0
DlDb,1,0,1,1.0
DlDn,0,1,1,0.0
DlHB,1,0,1,1.0
DlHD,0,0,0,
DlHH,0,0,0,
DlHL,0,1,1,0.0
DlHM,3,1,4,0.75
DlHP,1,0,1,1.0
DlHb,1,2,3,0.33
DlHl,1,0,1,1.0
DlHm,1,0,1,1.0
DlHn,1,0,1,1.0
DlHs,1,0,1,1.0
DlID,0,1,1,0.0
DlIM,1,0,1,1.0
DlIS,1,1,2,0.5
DlJB,1,0,1,1.0
DlJH,1,0,1,1.0
DlJI,1,1,2,0.5
DlJM,0,1,1,0.0
DlJN,1,0,1,1.0
DlJP,1,0,1,1.0
DlJb,1,0,1,1.0
DlJl,0,1,1,0.0
DlJm,0,1,1,0.0
DlKB,0,1,1,0.0
DlKM,1,0,1,1.0
DlKh,0,1,1,0.0
DlKl,0,1,1,0.0
DlLB,1,1,2,0.5
DlLD,0,1,1,0.0
DlLK,0,0,0,
DlLL,1,0,1,1.0
DlLM,1,0,1,1.0
DlLN,2,1,3,0.67
DlLS,2,0,2,1.0
DlLh,1,1,2,0.5
DlLj,1,0,1,1.0
DlLl,0,1,1,0.0
DlLm,1,0,1,1.0
DlLn,1,1,2,0.5
DlMB,1,3,4,0.25
DlMD,0,0,0,
DlML,1,0,1,1.0
DlMM,1,1,2,0.5
DlMN,2,0,2,1.0
DlMP,2,5,7,0.29
DlMS,2,1,3,0.67
DlMT,0,1,1,0.0
DlMh,0,2,2,0.0
DlMl,2,0,2,1.0
DlMm,1,1,2,0.5
DlMn,1,2,3,0.33
DlMs,0,0,0,
DlNB,0,0,0,
DlND,1,0,1,1.0
DlNL,3,1,4,0.75
DlNM,1,1,2,0.5
DlNN,1,4,5,0.2
DlNP,2,3,5,0.4
DlNS,1,1,2,0.5
DlNb,1,0,1,1.0
DlNl,1,0,1,1.0
DlNm,1,1,2,0.5
DlNn,2,2,4,0.5
DlNs,0,1,1,0.0
DlPB,2,0,2,1.0
DlPD,0,0,0,
DlPH,2,1,3,0.67
DlPL,1,2,3,0.33
DlPM,3,2,5,0.6
DlPN,3,1,4,0.75
DlPP,2,2,4,0.5
DlPS,1,3,4,0.25
DlPb,3,2,5,0.6
DlPh,0,2,2,0.0
DlPl,1,0,1,1.0
DlPm,0,1,1,0.0
DlPn,0,2,2,0.0
DlPs,0,1,1,0.0
DlSB,5,0,5,1.0
DlSH,2,0,2,1.0
DlSL,2,1,3,0.67
DlSN,3,1,4,0.75
DlSP,0,3,3,0.0
DlSS,2,2,4,0.5
DlST,0,1,1,0.0
DlSb,1,0,1,1.0
DlSh,1,0,1,1.0
DlSm,0,1,1,0.0
DlSn,1,1,2,0.5
DlSs,1,1,2,0.5
DlbB,2,3,5,0.4
DlbH,0,1,1,0.0
DlbJ,1,0,1,1.0
DlbK,1,0,1,1.0
DlbM,2,1,3,0.67
DlbN,2,0,2,1.0
DlbP,3,2,5,0.6
DlbS,1,2,3,0.33
Dlbb,2,0,2,1.0
Dlbm,3,2,5,0.6
Dlbn,1,1,2,0.5
Dlbs,1,1,2,0.5
DllB,2,0,2,1.0
DllH,0,1,1,0.0
Dllb,1,0,1,1.0
Dlll,2,0,2,1.0
Dllm,1,0,1,1.0
Dlls,0,0,0,
DlmB,2,4,6,0.33
DlmJ,0,1,1,0.0
DlmM,3,1,4,0.75
DlmN,7,0,7,1.0
DlmP,0,2,2,0.0
DlmS,2,3,5,0.4
Dlmb,1,3,4,0.25
Dlml,1,1,2,0.5
Dlmm,1,1,2,0.5
Dlmn,3,3,6,0.5
DlnB,1,2,3,0.33
DlnH,1,2,3,0.33
DlnI,1,0,1,1.0
DlnK,0,1,1,0.0
DlnM,2,1,3,0.67
DlnN,2,0,2,1.0
DlnP,3,6,9,0.33
DlnS,1,0,1,1.0
Dlnb,1,0,1,1.0
Dlnm,1,0,1,1.0
Dlnn,1,0,1,1.0
DlsB,1,1,2,0.5
DlsD,1,1,2,0.5
DlsH,2,2,4,0.5
DlsM,2,1,3,0.67
DlsN,1,0,1,1.0
DlsP,1,1,2,0.5
DlsS,1,2,3,0.33
Dlsb,1,2,3,0.33
Dlsh,0,1,1,0.0
Dlsm,1,1,2,0.5
Dlss,1,0,1,1.0
DmBB,2,6,8,0.25
DmBD,2,1,3,0.67
DmBK,1,0,1,1.0
DmBL,1,2,3,0.33
DmBM,2,8,10,0.2
DmBN,5,4,9,0.56
DmBP,5,9,14,0.36
DmBS,2,4,6,0.33
DmBT,2,0,2,1.0
DmBb,2,1,3,0.67
DmBh,0,1,1,0.0
DmBj,0,1,1,0.0
DmBl,4,2,6,0.67
DmBm,3,3,6,0.5
DmBn,5,8,13,0.38
DmBs,3,3,6,0.5
DmDB,0,0,0,
DmDD,2,1,3,0.67
DmDH,0,4,4,0.0
DmDL,0,1,1,0.0
DmDM,4,1,5,0.8
DmDN,0,1,1,0.0
DmDP,2,1,3,0.67
DmDS,1,2,3,0.33
DmDb,0,3,3,0.0
DmDm,3,2,5,0.6
DmDn,0,0,0,
DmDs,0,1,1,0.0
DmHB,3,2,5,0.6
DmHD,0,0,0,
DmHL,1,0,1,1.0
DmHM,3,6,9,0.33
DmHN,6,7,13,0.46
DmHP,9,5,14,0.64
DmHS,3,1,4,0.75
DmHb,4,4,8,0.5
DmHh,0,1,1,0.0
DmHl,1,2,3,0.33
DmHm,4,5,9,0.44
DmHn,6,5,11,0.55
DmHs,2,6,8,0.25
DmIH,1,0,1,1.0
DmIM,0,2,2,0.0
DmIN,1,0,1,1.0
DmIP,0,2,2,0.0
DmIS,1,0,1,1.0
DmJD,1,0,1,1.0
DmJK,0,1,1,0.0
DmJL,1,0,1,1.0
DmJM,0,2,2,0.0
DmJN,1,2,3,0.33
DmJP,2,2,4,0.5
DmJS,1,0,1,1.0
DmJT,1,0,1,1.0
DmJb,1,2,3,0.33
DmJl,0,0,0,
DmJm,1,1,2,0.5
DmJn,0,2,2,0.0
DmKD,0,1,1,0.0
DmKP,1,0,1,1.0
DmKb,1,0,1,1.0
DmKm,0,1,1,0.0
DmLB,0,1,1,0.0
DmLK,0,1,1,0.0
DmLL,0,1,1,0.0
DmLM,0,2,2,0.0
DmLN,2,5,7,0.29
DmLP,2,4,6,0.33
DmLS,2,3,5,0.4
DmLT,0,1,1,0.0
DmLb,2,0,2,1.0
DmLh,1,0,1,1.0
DmLj,0,2,2,0.0
DmLl,0,2,2,0.0
DmLm,1,0,1,1.0
DmLn,2,2,4,0.5
DmLs,1,0,1,1.0
DmMB,6,2,8,0.75
DmMD,0,1,1,0.0
DmMH,0,0,0,
DmML,1,2,3,0.33
DmMM,5,5,10,0.5
DmMN,4,5,9,0.44
DmMP,3,7,10,0.3
DmMS,6,8,14,0.43
DmMb,6,5,11,0.55
DmMh,4,6,10,0.4
DmMl,2,4,6,0.33
DmMm,5,4,9,0.56
DmMn,7,10,17,0.41
DmMs,6,3,9,0.67
DmNB,5,4,9,0.56
DmND,2,1,3,0.67
DmNH,1,4,5,0.2
DmNK,2,0,2,1.0
DmNL,1,1,2,0.5
DmNM,6,4,10,0.6
DmNN,13,9,22,0.59
DmNP,6,9,15,0.4
DmNS,5,9,14,0.36
DmNT,0,1,1,0.0
DmNb,3,3,6,0.5
DmNh,3,1,4,0.75
DmNl,2,2,4,0.5
DmNm,3,4,7,0.43
DmNn,6,4,10,0.6
DmNs,6,3,9,0.67
DmPB,1,5,6,0.17
DmPD,1,1,2,0.5
DmPH,0,1,1,0.0
DmPI,0,2,2,0.0
DmPK,1,0,1,1.0
DmPL,0,0,0,
DmPM,6,6,12,0.5
DmPN,3,4,7,0.43
DmPP,6,7,13,0.46
DmPS,9,3,12,0.75
DmPT,0,1,1,0.0
DmPb,10,4,14,0.71
DmPh,0,2,2,0.0
DmPl,1,0,1,1.0
DmPm,7,8,15,0.47
DmPn,6,4,10,0.6
DmPs,1,3,4,0.25
DmSB,5,3,8,0.62
DmSD,1,1,2,0.5
DmSH,0,0,0,
DmSL,2,0,2,1.0
DmSM,6,3,9,0.67
DmSN,4,0,4,1.0
DmSP,6,4,10,0.6
DmSS,4,5,9,0.44
DmST,1,0,1,1.0
DmSb,3,3,6,0.5
DmSh,2,0,2,1.0
DmSl,1,2,3,0.33
DmSm,8,3,11,0.73
DmSn,6,2,8,0.75
DmSs,2,8,10,0.2
DmTS,1,0,1,1.0
DmbB,4,4,8,0.5
DmbD,0,1,1,0.0
DmbH,1,2,3,0.33
DmbJ,1,3,4,0.25
DmbK,0,1,1,0.0
DmbL,1,0,1,1.0
DmbM,5,5,10,0.5
DmbN,5,8,13,0.38
DmbP,7,9,16,0.44
DmbS,0,1,1,0.0
Dmbb,2,6,8,0.25
Dmbl,1,1,2,0.5
Dmbm,6,4,10,0.6
Dmbn,7,2,9,0.78
Dmbs,1,0,1,1.0
DmhB,0,1,1,0.0
Dmhb,1,0,1,1.0
Dmhm,1,0,1,1.0
Dmhn,1,0,1,1.0
DmlB,3,1,4,0.75
DmlD,2,0,2,1.0
DmlH,0,1,1,0.0
DmlJ,2,1,3,0.67
DmlL,0,0,0,
DmlM,1,0,1,1.0
DmlN,2,0,2,1.0
DmlP,1,3,4,0.25
DmlS,4,1,5,0.8
Dmlb,2,1,3,0.67
Dmlh,1,0,1,1.0
Dmll,2,0,2,1.0
Dmlm,1,1,2,0.5
Dmln,0,1,1,0.0
Dmls,0,0,0,
DmmB,2,4,6,0.33
DmmD,3,2,5,0.6
DmmH,4,8,12,0.33
DmmJ,0,2,2,0.0
DmmL,1,2,3,0.33
DmmM,6,6,12,0.5
DmmN,5,5,10,0.5
DmmP,5,9,14,0.36
DmmS,5,6,11,0.45
Dmmb,7,2,9,0.78
Dmml,1,0,1,1.0
Dmmm,8,5,13,0.62
Dmmn,6,5,11,0.55
Dmms,7,5,12,0.58
DmnB,6,3,9,0.67
DmnD,2,0,2,1.0
DmnH,2,0,2,1.0
DmnI,0,1,1,0.0
DmnL,1,2,3,0.33
DmnM,5,7,12,0.42
DmnN,3,2,5,0.6
DmnP,4,8,12,0.33
DmnS,2,1,3,0.67
Dmnb,1,2,3,0.33
Dmnl,1,1,2,0.5
Dmnm,4,4,8,0.5
Dmnn,4,8,12,0.33
Dmns,0,0,0,
DmsB,1,2,3,0.33
DmsD,2,0,2,1.0
DmsH,2,5,7,0.29
DmsI,1,0,1,1.0
DmsM,1,2,3,0.33
DmsN,4,1,5,0.8
DmsP,3,4,7,0.43
DmsS,1,3,4,0.25
Dmsb,1,1,2,0.5
Dmsh,1,1,2,0.5
Dmsl,1,2,3,0.33
Dmsm,4,6,10,0.4
Dmsn,3,1,4,0.75
Dmss,4,1,5,0.8
DnBB,1,5,6,0.17
DnBD,0,1,1,0.0
DnBK,2,0,2,1.0
DnBM,2,2,4,0.5
DnBN,2,1,3,0.67
DnBP,2,1,3,0.67
DnBS,1,3,4,0.25
DnBb,4,0,4,1.0
DnBj,2,2,4,0.5
DnBl,3,1,4,0.75
DnBm,4,5,9,0.44
DnBn,2,3,5,0.4
DnBs,0,2,2,0.0
DnDD,1,0,1,1.0
DnDH,1,0,1,1.0
DnDM,2,2,4,0.5
DnDP,1,1,2,0.5
DnDS,0,1,1,0.0
DnDT,1,0,1,1.0
DnDb,0,1,1,0.0
DnDl,0,0,0,
DnDm,0,2,2,0.0
DnDn,3,0,3,1.0
DnDs,1,0,1,1.0
DnHB,0,4,4,0.0
DnHL,1,0,1,1.0
DnHM,3,2,5,0.6
DnHN,5,0,5,1.0
DnHP,3,2,5,0.6
DnHS,2,1,3,0.67
DnHb,1,2,3,0.33
DnHh,1,1,2,0.5
DnHl,1,1,2,0.5
DnHm,2,2,4,0.5
DnHn,3,4,7,0.43
DnHs,2,1,3,0.67
DnII,0,1,1,0.0
DnIM,0,1,1,0.0
DnIN,0,1,1,0.0
DnIP,0,0,0,
DnIT,0,1,1,0.0
DnIb,1,0,1,1.0
DnIl,1,0,1,1.0
DnIm,1,0,1,1.0
DnIs,0,1,1,0.0
DnKM,2,1,3,0.67
DnKN,2,0,2,1.0
DnKP,0,3,3,0.0
DnKb,1,0,1,1.0
DnKn,1,0,1,1.0
DnKs,1,0,1,1.0
DnLB,0,1,1,0.0
DnLD,0,1,1,0.0
DnLM,1,2,3,0.33
DnLN,3,1,4,0.75
DnLP,1,2,3,0.33
DnLS,0,1,1,0.0
DnLb,2,0,2,1.0
DnLh,1,2,3,0.33
DnLl,1,1,2,0.5
DnLm,1,1,2,0.5
DnLn,1,2,3,0.33
DnMB,4,2,6,0.67
DnMD,1,0,1,1.0
DnML,0,0,0,
DnMM,5,2,7,0.71
DnMN,6,4,10,0.6
DnMP,4,1,5,0.8
DnMS,2,8,10,0.2
DnMT,0,0,0,
DnMb,4,2,6,0.67
DnMh,2,2,4,0.5
DnMj,1,1,2,0.5
DnMl,1,0,1,1.0
DnMm,1,6,7,0.14
DnMn,5,8,13,0.38
DnMs,7,3,10,0.7
DnNB,5,3,8,0.62
DnNH,1,0,1,1.0
DnNK,0,1,1,0.0
DnNL,0,0,0,
DnNM,2,1,3,0.67
DnNN,9,3,12,0.75
DnNP,4,3,7,0.57
DnNS,3,6,9,0.33
DnNT,3,1,4,0.75
DnNb,4,4,8,0.5
DnNh,2,2,4,0.5
DnNl,1,0,1,1.0
DnNm,5,2,7,0.71
DnNn,6,6,12,0.5
DnNs,5,4,9,0.56
DnPB,2,3,5,0.4
DnPD,3,2,5,0.6
DnPH,0,2,2,0.0
DnPI,1,0,1,1.0
DnPK,0,1,1,0.0
DnPL,5,2,7,0.71
DnPM,2,10,12,0.17
DnPN,9,4,13,0.69
DnPP,8,6,14,0.57
DnPS,3,4,7,0.43
DnPT,1,3,4,0.25
DnPb,4,5,9,0.44
DnPl,4,0,4,1.0
DnPm,7,5,12,0.58
DnPn,7,2,9,0.78
DnPs,6,4,10,0.6
DnSB,6,5,11,0.55
DnSD,1,1,2,0.5
DnSH,4,1,5,0.8
DnSI,0,0,0,
DnSL,0,2,2,0.0
DnSM,4,4,8,0.5
DnSN,5,4,9,0.56
DnSP,3,5,8,0.38
DnSS,4,6,10,0.4
DnST,1,0,1,1.0
DnSb,2,1,3,0.67
DnSh,2,4,6,0.33
DnSl,2,0,2,1.0
DnSm,5,1,6,0.83
DnSn,4,5,9,0.44
DnSs,2,1,3,0.67
DnbB,6,0,6,1.0
DnbH,0,0,0,
DnbJ,0,0,0,
DnbL,3,0,3,1.0
DnbM,6,7,13,0.46
DnbN,2,4,6,0.33
DnbP,8,4,12,0.67
DnbS,0,1,1,0.0
Dnbb,5,4,9,0.56
Dnbl,1,0,1,1.0
Dnbm,2,1,3,0.67
Dnbn,4,3,7,0.57
Dnbs,2,1,3,0.67
DnhN,0,1,1,0.0
DnlB,1,1,2,0.5
DnlH,1,0,1,1.0
DnlN,2,1,3,0.67
DnlP,3,1,4,0.75
DnlS,1,1,2,0.5
Dnlb,0,0,0,
Dnlm,0,0,0,
Dnln,1,1,2,0.5
Dnls,1,1,2,0.5
DnmB,2,2,4,0.5
DnmH,2,0,2,1.0
DnmJ,0,0,0,
DnmL,3,1,4,0.75
DnmM,6,6,12,0.5
DnmN,4,2,6,0.67
DnmP,4,5,9,0.44
DnmS,4,1,5,0.8
Dnmb,6,2,8,0.75
Dnml,1,1,2,0.5
Dnmm,4,4,8,0.5
Dnmn,3,4,7,0.43
Dnms,0,3,3,0.0
DnnB,2,2,4,0.5
DnnD,0,1,1,0.0
DnnH,2,1,3,0.67
DnnK,2,0,2,1.0
DnnL,2,0,2,1.0
DnnM,7,4,11,0.64
DnnN,5,3,8,0.62
DnnP,9,2,11,0.82
DnnS,2,1,3,0.67
Dnnb,9,3,12,0.75
Dnnl,2,1,3,0.67
Dnnm,4,2,6,0.67
Dnnn,6,1,7,0.86
Dnns,5,2,7,0.71
DnsB,0,1,1,0.0
DnsD,0,0,0,
DnsH,2,1,3,0.67
DnsI,1,0,1,1.0
DnsL,0,1,1,0.0
DnsM,2,3,5,0.4
DnsN,2,4,6,0.33
DnsP,3,3,6,0.5
DnsS,5,4,9,0.56
Dnsb,3,1,4,0.75
Dnsm,4,1,5,0.8
Dnsn,3,1,4,0.75
Dnss,3,5,8,0.38
DsBB,4,1,5,0.8
DsBD,0,1,1,0.0
DsBH,1,0,1,1.0
DsBL,0,1,1,0.0
DsBM,3,0,3,1.0
DsBN,5,1,6,0.83
DsBP,3,0,3,1.0
DsBS,2,1,3,0.67
DsBT,0,1,1,0.0
DsBb,0,1,1,0.0
DsBh,0,1,1,0.0
DsBj,1,1,2,0.5
DsBl,1,0,1,1.0
DsBm,2,1,3,0.67
DsBn,2,0,2,1.0
DsBs,4,2,6,0.67
DsDB,0,1,1,0.0
DsDD,0,1,1,0.0
DsDH,1,1,2,0.5
DsDM,0,0,0,
DsDN,0,1,1,0.0
DsDP,1,0,1,1.0
DsDb,1,2,3,0.33
DsDm,3,1,4,0.75
DsHB,1,2,3,0.33
DsHD,0,0,0,
DsHI,0,0,0,
DsHL,0,0,0,
DsHM,3,6,9,0.33
DsHN,2,3,5,0.4
DsHP,2,4,6,0.33
DsHS,2,2,4,0.5
DsHb,2,3,5,0.4
DsHh,2,1,3,0.67
DsHl,2,0,2,1.0
DsHm,6,3,9,0.67
DsHn,2,7,9,0.22
DsHs,4,3,7,0.57
DsIB,2,0,2,1.0
DsIH,0,0,0,
DsIM,0,0,0,
DsIN,0,2,2,0.0
DsIS,1,0,1,1.0
DsIb,1,0,1,1.0
DsIh,0,0,0,
DsKI,0,0,0,
DsKP,0,0,0,
DsKs,0,1,1,0.0
DsLK,0,1,1,0.0
DsLL,0,1,1,0.0
DsLM,1,1,2,0.5
DsLN,0,1,1,0.0
DsLP,3,0,3,1.0
DsLS,1,5,6,0.17
DsLb,0,0,0,
DsLh,1,1,2,0.5
DsLj,0,1,1,0.0
DsLm,1,0,1,1.0
DsLn,0,2,2,0.0
DsLs,1,1,2,0.5
DsMB,1,2,3,0.33
DsMD,1,0,1,1.0
DsML,1,0,1,1.0
DsMM,2,2,4,0.5
DsMN,3,1,4,0.75
DsMP,3,5,8,0.38
DsMS,3,2,5,0.6
DsMb,3,6,9,0.33
DsMh,0,3,3,0.0
DsMj,1,1,2,0.5
DsMl,2,2,4,0.5
DsMm,5,6,11,0.45
DsMn,4,4,8,0.5
DsMs,1,4,5,0.2
DsNB,4,1,5,0.8
DsNH,1,0,1,1.0
DsNL,1,0,1,1.0
DsNM,3,3,6,0.5
DsNN,1,2,3,0.33
DsNP,10,4,14,0.71
DsNS,1,4,5,0.2
DsNT,1,0,1,1.0
DsNb,3,3,6,0.5
DsNh,1,0,1,1.0
DsNl,0,2,2,0.0
DsNm,2,2,4,0.5
DsNn,2,4,6,0.33
DsNs,3,3,6,0.5
DsPB,1,0,1,1.0
DsPD,3,0,3,1.0
DsPH,0,1,1,0.0
DsPI,2,0,2,1.0
DsPL,2,1,3,0.67
DsPM,2,2,4,0.5
DsPN,3,2,5,0.6
DsPP,5,6,11,0.45
DsPS,1,3,4,0.25
DsPT,0,1,1,0.0
DsPb,7,3,10,0.7
DsPh,0,1,1,0.0
DsPl,0,4,4,0.0
DsPm,3,1,4,0.75
DsPn,3,6,9,0.33
DsPs,5,1,6,0.83
DsSB,4,4,8,0.5
DsSD,0,1,1,0.0
DsSH,1,0,1,1.0
DsSK,1,0,1,1.0
DsSL,1,2,3,0.33
DsSM,4,5,9,0.44
DsSN,4,3,7,0.57
DsSP,5,3,8,0.62
DsSS,4,6,10,0.4
DsST,1,0,1,1.0
DsSb,0,4,4,0.0
DsSh,4,1,5,0.8
DsSl,2,2,4,0.5
DsSm,6,4,10,0.6
DsSn,3,3,6,0.5
DsSs,5,3,8,0.62
DsbB,7,1,8,0.88
DsbD,1,1,2,0.5
DsbH,2,1,3,0.67
DsbJ,2,0,2,1.0
DsbK,1,2,3,0.33
DsbL,0,3,3,0.0
DsbM,3,2,5,0.6
DsbN,1,5,6,0.17
DsbP,5,3,8,0.62
DsbS,0,1,1,0.0
Dsbb,4,2,6,0.67
Dsbl,1,1,2,0.5
Dsbm,3,3,6,0.5
Dsbn,2,2,4,0.5
Dsbs,3,0,3,1.0
DshT,1,0,1,1.0
Dshb,1,0,1,1.0
Dshm,0,1,1,0.0
DslB,2,1,3,0.67
DslH,2,1,3,0.67
DslI,0,0,0,
DslL,0,0,0,
DslM,3,1,4,0.75
DslN,3,0,3,1.0
DslP,0,1,1,0.0
Dslb,0,0,0,
Dsll,1,1,2,0.5
Dslm,0,1,1,0.0
Dsln,1,1,2,0.5
Dsls,2,1,3,0.67
DsmB,1,5,6,0.17
DsmD,2,2,4,0.5
DsmH,0,2,2,0.0
DsmI,0,1,1,0.0
DsmJ,1,1,2,0.5
DsmK,0,1,1,0.0
DsmL,1,1,2,0.5
DsmM,4,6,10,0.4
DsmN,5,4,9,0.56
DsmP,3,1,4,0.75
DsmS,3,0,3,1.0
Dsmb,4,3,7,0.57
Dsml,0,2,2,0.0
Dsmm,8,5,13,0.62
Dsmn,0,2,2,0.0
Dsms,4,2,6,0.67
DsnB,2,5,7,0.29
DsnH,3,5,8,0.38
DsnI,1,3,4,0.25
DsnK,0,1,1,0.0
DsnM,4,1,5,0.8
DsnN,1,2,3,0.33
DsnP,3,1,4,0.75
DsnS,3,4,7,0.43
Dsnb,2,1,3,0.67
Dsnm,0,4,4,0.0
Dsnn,2,2,4,0.5
Dsns,4,1,5,0.8
DssB,1,1,2,0.5
DssD,1,0,1,1.0
DssH,5,3,8,0.62
DssM,6,1,7,0.86
DssN,2,6,8,0.25
DssP,1,3,4,0.25
DssS,2,3,5,0.4
Dssb,3,2,5,0.6
Dssh,1,0,1,1.0
Dssl,0,2,2,0.0
Dssm,5,3,8,0.62
Dssn,3,2,5,0.6
Dsss,0,3,3,0.0
HBBB,14,12,26,0.54
HBBD,0,1,1,0.0
HBBL,2,1,3,0.67
HBBM,3,6,9,0.33
HBBN,6,9,15,0.4
HBBP,8,9,17,0.47
HBBS,2,5,7,0.29
HBBT,1,0,1,1.0
HBBb,5,8,13,0.38
HBBh,2,0,2,1.0
HBBj,2,2,4,0.5
HBBl,3,3,6,0.5
HBBm,7,7,14,0.5
HBBn,11,9,20,0.55
HBBs,6,4,10,0.6
HBDB,1,1,2,0.5
HBDH,3,1,4,0.75
HBDI,0,1,1,0.0
HBDL,0,2,2,0.0
HBDN,0,1,1,0.0
HBDP,3,1,4,0.75
HBDS,1,2,3,0.33
HBDb,2,1,3,0.67
HBDl,0,1,1,0.0
HBDm,0,2,2,0.0
HBDn,2,0,2,1.0
HBDs,0,1,1,0.0
HBHI,1,0,1,1.0
HBHS,0,1,1,0.0
HBHm,0,1,1,0.0
HBKD,0,1,1,0.0
HBKH,1,0,1,1.0
HBKM,0,0,0,
HBKN,1,2,3,0.33
HBKP,1,0,1,1.0
HBKS,1,0,1,1.0
HBKb,1,1,2,0.5
HBKh,1,1,2,0.5
HBKl,0,2,2,0.0
HBKm,2,2,4,0.5
HBKs,1,0,1,1.0
HBLB,4,4,8,0.5
HBLD,0,1,1,0.0
HBLL,1,0,1,1.0
HBLM,0,3,3,0.0
HBLN,2,1,3,0.67
HBLP,1,2,3,0.33
HBLS,2,2,4,0.5
HBLT,1,0,1,1.0
HBLb,5,0,5,1.0
HBLh,2,0,2,1.0
HBLj,1,1,2,0.5
HBLl,2,0,2,1.0
HBLm,6,2,8,0.75
HBLn,4,5,9,0.44
HBLs,0,1,1,0.0
HBMB,10,6,16,0.62
HBMD,0,1,1,0.0
HBML,3,2,5,0.6
HBMM,8,9,17,0.47
HBMN,5,7,12,0.42
HBMP,6,9,15,0.4
HBMS,6,2,8,0.75
HBMb,7,13,20,0.35
HBMh,6,10,16,0.38
HBMj,3,0,3,1.0
HBMl,4,5,9,0.44
HBMm,14,8,22,0.64
HBMn,17,14,31,0.55
HBMs,5,5,10,0.5
HBNB,8,9,17,0.47
HBND,2,1,3,0.67
HBNH,1,1,2,0.5
HBNK,0,2,2,0.0
HBNL,4,1,5,0.8
HBNM,7,8,15,0.47
HBNN,12,12,24,0.5
HBNP,11,10,21,0.52
HBNS,10,11,21,0.48
HBNT,2,2,4,0.5
HBNb,7,9,16,0.44
HBNh,4,6,10,0.4
HBNl,2,5,7,0.29
HBNm,12,10,22,0.55
HBNn,14,14,28,0.5
HBNs,10,7,17,0.59
HBPB,11,9,20,0.55
HBPD,1,2,3,0.33
HBPH,2,6,8,0.25
HBPI,0,2,2,0.0
HBPK,0,2,2,0.0
HBPL,7,6,13,0.54
HBPM,9,7,16,0.56
HBPN,8,9,17,0.47
HBPP,15,19,34,0.44
HBPS,10,8,18,0.56
HBPT,1,0,1,1.0
HBPb,7,9,16,0.44
HBPh,2,0,2,1.0
HBPl,10,3,13,0.77
HBPm,9,7,16,0.56
HBPn,10,11,21,0.48
HBPs,2,10,12,0.17
HBSB,2,4,6,0.33
HBSD,1,1,2,0.5
HBSH,3,5,8,0.38
HBSL,0,5,5,0.0
HBSM,4,6,10,0.4
HBSN,3,2,5,0.6
HBSP,9,7,16,0.56
HBSS,7,5,12,0.58
HBST,0,0,0,
HBSb,1,7,8,0.12
HBSh,2,4,6,0.33
HBSl,5,1,6,0.83
HBSm,3,6,9,0.33
HBSn,2,6,8,0.25
HBSs,4,9,13,0.31
HBTB,1,1,2,0.5
HBTH,1,1,2,0.5
HBTK,0,1,1,0.0
HBTM,0,1,1,0.0
HBTN,3,1,4,0.75
HBTP,3,3,6,0.5
HBTS,1,1,2,0.5
HBTb,2,3,5,0.4
HBTl,1,0,1,1.0
HBTm,2,2,4,0.5
HBTn,0,1,1,0.0
HBTs,2,2,4,0.5
HBbB,11,17,28,0.39
HBbD,0,0,0,
HBbH,1,1,2,0.5
HBbI,2,2,4,0.5
HBbJ,0,2,2,0.0
HBbK,1,1,2,0.5
HBbL,2,3,5,0.4
HBbM,5,13,18,0.28
HBbN,17,14,31,0.55
HBbP,17,11,28,0.61
HBbS,4,5,9,0.44
HBbb,13,7,20,0.65
HBbl,2,3,5,0.4
HBbm,13,10,23,0.57
HBbn,7,6,13,0.54
HBbs,4,4,8,0.5
HBhB,1,2,3,0.33
HBhM,3,0,3,1.0
HBhN,2,2,4,0.5
HBhP,0,3,3,0.0
HBhS,0,1,1,0.0
HBhb,1,1,2,0.5
HBhh,1,0,1,1.0
HBhl,1,0,1,1.0
HBhm,2,2,4,0.5
HBhn,3,0,3,1.0
HBhs,1,1,2,0.5
HBjB,3,0,3,1.0
HBjH,0,3,3,0.0
HBjL,1,1,2,0.5
HBjM,4,2,6,0.67
HBjN,5,2,7,0.71
HBjP,4,5,9,0.44
HBjS,2,4,6,0.33
HBjT,1,1,2,0.5
HBjb,6,2,8,0.75
HBjh,2,2,4,0.5
HBjl,2,1,3,0.67
HBjm,1,2,3,0.33
HBjn,5,3,8,0.62
HBjs,3,1,4,0.75
HBlB,3,7,10,0.3
HBlD,1,0,1,1.0
HBlH,4,3,7,0.57
HBlI,1,1,2,0.5
HBlJ,2,2,4,0.5
HBlL,2,2,4,0.5
HBlM,5,7,12,0.42
HBlN,2,1,3,0.67
HBlP,6,6,12,0.5
HBlS,5,3,8,0.62
HBlb,4,3,7,0.57
HBll,0,1,1,0.0
HBlm,6,3,9,0.67
HBln,3,2,5,0.6
HBls,2,4,6,0.33
HBmB,2,3,5,0.4
HBmD,1,1,2,0.5
HBmH,11,8,19,0.58
HBmI,2,1,3,0.67
HBmJ,0,3,3,0.0
HBmL,1,4,5,0.2
HBmM,3,7,10,0.3
HBmN,12,17,29,0.41
HBmP,14,11,25,0.56
HBmS,3,1,4,0.75
HBmb,6,8,14,0.43
HBml,2,6,8,0.25
HBmm,8,4,12,0.67
HBmn,5,10,15,0.33
HBms,6,3,9,0.67
HBnB,6,8,14,0.43
HBnD,0,1,1,0.0
HBnH,8,3,11,0.73
HBnI,2,0,2,1.0
HBnK,2,1,3,0.67
HBnL,3,1,4,0.75
HBnM,13,10,23,0.57
HBnN,17,16,33,0.52
HBnP,15,14,29,0.52
HBnS,6,18,24,0.25
HBnb,18,9,27,0.67
HBnh,1,1,2,0.5
HBnl,4,7,11,0.36
HBnm,12,11,23,0.52
HBnn,17,15,32,0.53
HBns,9,10,19,0.47
HBsB,2,9,11,0.18
HBsH,5,4,9,0.56
HBsI,0,0,0,
HBsK,0,1,1,0.0
HBsL,3,0,3,1.0
HBsM,6,5,11,0.55
HBsN,4,5,9,0.44
HBsP,5,6,11,0.45
HBsS,6,8,14,0.43
HBsb,7,7,14,0.5
HBsh,1,1,2,0.5
HBsl,2,2,4,0.5
HBsm,9,2,11,0.82
HBsn,3,3,6,0.5
HBss,7,6,13,0.54
HDBB,2,2,4,0.5
HDBL,1,1,2,0.5
HDBM,0,1,1,0.0
HDBN,1,2,3,0.33
HDBP,1,3,4,0.25
HDBb,0,1,1,0.0
HDBj,1,2,3,0.33
HDBm,1,0,1,1.0
HDBn,1,0,1,1.0
HDBs,2,0,2,1.0
HDDB,0,2,2,0.0
HDDN,1,1,2,0.5
HDDP,1,0,1,1.0
HDDT,1,0,1,1.0
HDDs,0,0,0,
HDHH,2,1,3,0.67
HDHL,1,0,1,1.0
HDHM,2,3,5,0.4
HDHN,1,1,2,0.5
HDHP,2,1,3,0.67
HDHS,3,2,5,0.6
HDHb,1,0,1,1.0
HDHh,4,1,5,0.8
HDHl,1,0,1,1.0
HDHm,1,0,1,1.0
HDHn,1,1,2,0.5
HDHs,2,1,3,0.67
HDIM,0,0,0,
HDIs,0,0,0,
HDKP,0,1,1,0.0
HDLB,0,2,2,0.0
HDLL,1,0,1,1.0
HDLM,1,1,2,0.5
HDLN,1,0,1,1.0
HDLh,1,0,1,1.0
HDLj,0,1,1,0.0
HDLm,1,1,2,0.5
HDLn,0,1,1,0.0
HDLs,1,0,1,1.0
HDMB,2,0,2,1.0
HDMD,0,1,1,0.0
HDML,0,1,1,0.0
HDMM,2,1,3,0.67
HDMN,1,1,2,0.5
HDMP,0,1,1,0.0
HDMS,0,2,2,0.0
HDMb,2,0,2,1.0
HDMh,1,3,4,0.25
HDMl,0,0,0,
HDMm,3,3,6,0.5
HDMn,0,2,2,0.0
HDMs,1,1,2,0.5
HDNB,2,0,2,1.0
HDNI,1,0,1,1.0
HDNK,0,1,1,0.0
HDNL,1,0,1,1.0
HDNM,0,2,2,0.0
HDNN,2,3,5,0.4
HDNP,4,3,7,0.57
HDNS,3,2,5,0.6
HDNT,1,0,1,1.0
HDNb,1,1,2,0.5
HDNm,1,1,2,0.5
HDNn,2,2,4,0.5
HDNs,2,0,2,1.0
HDPB,2,2,4,0.5
HDPD,1,0,1,1.0
HDPH,0,1,1,0.0
HDPL,2,2,4,0.5
HDPM,3,2,5,0.6
HDPN,3,1,4,0.75
HDPP,2,4,6,0.33
HDPS,1,1,2,0.5
HDPT,1,0,1,1.0
HDPb,3,0,3,1.0
HDPh,0,1,1,0.0
HDPl,1,0,1,1.0
HDPm,3,3,6,0.5
HDPn,0,2,2,0.0
HDPs,1,0,1,1.0
HDSB,1,3,4,0.25
HDSD,0,0,0,
HDSH,1,0,1,1.0
HDSM,3,5,8,0.38
HDSN,2,1,3,0.67
HDSP,6,4,10,0.6
HDSS,6,2,8,0.75
HDSb,1,1,2,0.5
HDSh,2,0,2,1.0
HDSl,1,0,1,1.0
HDSm,2,2,4,0.5
HDSn,3,4,7,0.43
HDSs,3,3,6,0.5
HDTM,0,1,1,0.0
HDTP,0,2,2,0.0
HDTS,1,0,1,1.0
HDTb,1,0,1,1.0
HDTn,0,0,0,
HDbB,3,0,3,1.0
HDbD,1,0,1,1.0
HDbJ,0,1,1,0.0
HDbK,0,1,1,0.0
HDbL,0,0,0,
HDbM,5,3,8,0.62
HDbN,1,1,2,0.5
HDbP,1,1,2,0.5
HDbS,0,1,1,0.0
HDbb,1,1,2,0.5
HDbl,0,1,1,0.0
HDbm,1,0,1,1.0
HDbn,1,2,3,0.33
HDhP,1,1,2,0.5
HDlM,0,1,1,0.0
HDlN,1,1,2,0.5
HDlP,1,0,1,1.0
HDll,1,0,1,1.0
HDln,0,1,1,0.0
HDls,2,0,2,1.0
HDmB,1,0,1,1.0
HDmD,3,0,3,1.0
HDmH,1,7,8,0.12
HDmL,1,0,1,1.0
HDmM,2,2,4,0.5
HDmN,0,1,1,0.0
HDmP,0,1,1,0.0
HDmS,0,1,1,0.0
HDmb,4,2,6,0.67
HDml,0,2,2,0.0
HDmm,0,2,2,0.0
HDmn,0,2,2,0.0
HDms,1,0,1,1.0
HDnB,0,3,3,0.0
HDnD,1,1,2,0.5
HDnH,0,2,2,0.0
HDnI,1,0,1,1.0
HDnK,0,1,1,0.0
HDnM,2,0,2,1.0
HDnN,3,2,5,0.6
HDnP,4,3,7,0.57
HDnS,2,2,4,0.5
HDnb,2,1,3,0.67
HDnh,1,0,1,1.0
HDnm,1,1,2,0.5
HDnn,2,0,2,1.0
HDns,0,0,0,
HDsB,0,1,1,0.0
HDsH,0,2,2,0.0
HDsM,1,2,3,0.33
HDsN,2,0,2,1.0
HDsP,0,3,3,0.0
HDsS,4,2,6,0.67
HDsb,1,1,2,0.5
HDsl,0,0,0,
HDsm,2,0,2,1.0
HDsn,2,3,5,0.4
HDss,0,1,1,0.0
HHBB,1,3,4,0.25
HHBL,1,0,1,1.0
HHBM,1,3,4,0.25
HHBN,4,2,6,0.67
HHBP,2,3,5,0.4
HHBS,1,3,4,0.25
HHBb,2,0,2,1.0
HHBh,1,0,1,1.0
HHBj,1,2,3,0.33
HHBl,1,0,1,1.0
HHBm,5,0,5,1.0
HHBn,0,3,3,0.0
HHBs,1,2,3,0.33
HHDB,1,0,1,1.0
HHDN,1,0,1,1.0
HHDP,1,1,2,0.5
HHDS,1,2,3,0.33
HHDT,1,0,1,1.0
HHDb,1,0,1,1.0
HHDl,0,1,1,0.0
HHDn,1,0,1,1.0
HHDs,1,0,1,1.0
HHHB,3,2,5,0.6
HHHH,1,0,1,1.0
HHHN,2,1,3,0.67
HHHP,1,1,2,0.5
HHHS,1,2,3,0.33
HHHT,0,0,0,
HHHb,0,1,1,0.0
HHHh,0,0,0,
HHHm,1,0,1,1.0
HHHn,0,1,1,0.0
HHHs,1,0,1,1.0
HHIH,1,0,1,1.0
HHIM,0,1,1,0.0
HHIP,0,1,1,0.0
HHIl,1,0,1,1.0
HHIs,1,0,1,1.0
HHKL,1,0,1,1.0
HHKM,0,0,0,
HHKN,1,1,2,0.5
HHKP,0,1,1,0.0
HHKb,1,1,2,0.5
HHKm,0,0,0,
HHKn,0,2,2,0.0
HHKs,1,0,1,1.0
HHLB,2,0,2,1.0
HHLN,1,2,3,0.33
HHLP,3,1,4,0.75
HHLS,0,1,1,0.0
HHLb,0,0,0,
HHLj,0,1,1,0.0
HHLm,1,0,1,1.0
HHLn,1,1,2,0.5
HHLs,0,0,0,
HHMB,2,1,3,0.67
HHMD,0,0,0,
HHMK,0,1,1,0.0
HHML,0,1,1,0.0
HHMM,0,3,3,0.0
HHMN,5,3,8,0.62
HHMP,6,2,8,0.75
HHMS,4,1,5,0.8
HHMT,1,0,1,1.0
HHMb,4,3,7,0.57
HHMh,0,2,2,0.0
HHMj,1,2,3,0.33
HHMl,1,0,1,1.0
HHMm,0,1,1,0.0
HHMn,1,3,4,0.25
HHMs,2,2,4,0.5
HHNB,0,4,4,0.0
HHNK,1,1,2,0.5
HHNL,3,0,3,1.0
HHNM,3,5,8,0.38
HHNN,2,4,6,0.33
HHNP,1,1,2,0.5
HHNS,3,4,7,0.43
HHNT,0,2,2,0.0
HHNb,0,0,0,
HHNh,2,1,3,0.67
HHNl,1,1,2,0.5
HHNm,2,1,3,0.67
HHNn,5,7,12,0.42
HHNs,3,3,6,0.5
HHPB,1,3,4,0.25
HHPD,3,0,3,1.0
HHPH,2,3,5,0.4
HHPI,1,1,2,0.5
HHPK,0,2,2,0.0
HHPL,0,1,1,0.0
HHPM,2,2,4,0.5
HHPN,4,3,7,0.57
HHPP,8,3,11,0.73
HHPS,3,2,5,0.6
HHPb,1,2,3,0.33
HHPh,1,0,1,1.0
HHPl,0,2,2,0.0
HHPm,0,1,1,0.0
HHPn,4,3,7,0.57
HHPs,2,4,6,0.33
HHSB,4,2,6,0.67
HHSD,1,0,1,1.0
HHSL,2,1,3,0.67
HHSM,2,4,6,0.33
HHSN,6,1,7,0.86
HHSP,5,0,5,1.0
HHSS,3,4,7,0.43
HHST,1,0,1,1.0
HHSb,1,3,4,0.25
HHSh,1,1,2,0.5
HHSl,2,1,3,0.67
HHSm,3,1,4,0.75
HHSn,4,5,9,0.44
HHSs,7,4,11,0.64
HHTN,0,1,1,0.0
HHTS,1,0,1,1.0
HHTn,0,2,2,0.0
HHbB,4,0,4,1.0
HHbH,0,2,2,0.0
HHbJ,1,0,1,1.0
HHbK,0,1,1,0.0
HHbL,3,0,3,1.0
HHbM,2,2,4,0.5
HHbN,2,2,4,0.5
HHbP,2,0,2,1.0
HHbS,3,3,6,0.5
HHbb,1,3,4,0.25
HHbl,1,0,1,1.0
HHbm,3,3,6,0.5
HHbn,3,2,5,0.6
HHbs,1,0,1,1.0
HHhD,0,0,0,
HHhL,1,0,1,1.0
HHhM,0,1,1,0.0
HHhN,0,1,1,0.0
HHhP,2,1,3,0.67
HHhS,2,1,3,0.67
HHhb,1,0,1,1.0
HHhh,0,0,0,
HHhn,0,1,1,0.0
HHhs,2,1,3,0.67
HHlJ,0,1,1,0.0
HHlM,4,0,4,1.0
HHlN,1,2,3,0.33
HHlP,1,0,1,1.0
HHlS,0,0,0,
HHlb,2,2,4,0.5
HHll,1,0,1,1.0
HHlm,0,2,2,0.0
HHln,2,2,4,0.5
HHls,1,0,1,1.0
HHmB,2,2,4,0.5
HHmD,1,0,1,1.0
HHmH,1,5,6,0.17
HHmM,3,3,6,0.5
HHmN,0,4,4,0.0
HHmP,2,1,3,0.67
HHmS,0,4,4,0.0
HHmb,2,2,4,0.5
HHml,1,2,3,0.33
HHmm,0,2,2,0.0
HHmn,1,2,3,0.33
HHms,1,2,3,0.33
HHnB,3,1,4,0.75
HHnD,0,1,1,0.0
HHnH,2,1,3,0.67
HHnM,2,4,6,0.33
HHnN,1,3,4,0.25
HHnP,4,5,9,0.44
HHnS,0,2,2,0.0
HHnb,2,1,3,0.67
HHnh,0,0,0,
HHnl,0,0,0,
HHnm,1,3,4,0.25
HHnn,3,4,7,0.43
HHns,1,2,3,0.33
HHsB,1,1,2,0.5
HHsH,1,3,4,0.25
HHsL,0,2,2,0.0
HHsM,2,1,3,0.67
HHsN,3,3,6,0.5
HHsP,3,3,6,0.5
HHsS,3,2,5,0.6
HHsb,1,1,2,0.5
HHsh,0,0,0,
HHsl,0,2,2,0.0
HHsm,4,1,5,0.8
HHsn,0,1,1,0.0
HHss,2,2,4,0.5
HIBB,2,1,3,0.67
HIBL,0,1,1,0.0
HIBM,0,1,1,0.0
HIBN,0,1,1,0.0
HIBS,1,0,1,1.0
HIBb,1,0,1,1.0
HIBh,0,1,1,0.0
HIBm,2,1,3,0.67
HIBn,1,2,3,0.33
HIBs,0,1,1,0.0
HIDB,1,0,1,1.0
HIDL,0,0,0,
HIDN,1,0,1,1.0
HIDS,0,1,1,0.0
HIHB,1,0,1,1.0
HIHI,0,0,0,
HIHL,0,2,2,0.0
HIHM,0,1,1,0.0
HIHN,1,1,2,0.5
HIHP,3,1,4,0.75
HIHS,1,1,2,0.5
HIHT,0,1,1,0.0
HIHb,0,2,2,0.0
HIHh,0,0,0,
HIHl,0,2,2,0.0
HIHm,3,0,3,1.0
HIHn,1,0,1,1.0
HIHs,1,0,1,1.0
HIIB,1,0,1,1.0
HIIH,1,0,1,1.0
HIIN,1,0,1,1.0
HIIP,1,0,1,1.0
HIIs,0,1,1,0.0
HILL,0,1,1,0.0
HILP,0,1,1,0.0
HILS,0,1,1,0.0
HILb,1,0,1,1.0
HILm,1,0,1,1.0
HILn,1,1,2,0.5
HIMB,0,1,1,0.0
HIMD,0,1,1,0.0
HIMM,1,1,2,0.5
HIMN,0,1,1,0.0
HIMP,1,2,3,0.33
HIMT,0,1,1,0.0
HIMb,2,3,5,0.4
HIMh,4,3,7,0.57
HIMj,0,0,0,
HIMl,2,1,3,0.67
HIMm,1,1,2,0.5
HIMn,0,3,3,0.0
HIMs,2,2,4,0.5
HINB,1,2,3,0.33
HINH,0,1,1,0.0
HINK,1,0,1,1.0
HINL,1,1,2,0.5
HINN,1,0,1,1.0
HINP,1,2,3,0.33
HINS,1,3,4,0.25
HINT,1,0,1,1.0
HINb,1,1,2,0.5
HINh,1,0,1,1.0
HINl,1,0,1,1.0
HINm,2,1,3,0.67
HINn,0,2,2,0.0
HINs,2,1,3,0.67
HIPB,6,2,8,0.75
HIPD,1,0,1,1.0
HIPH,1,0,1,1.0
HIPL,0,1,1,0.0
HIPM,3,3,6,0.5
HIPN,2,0,2,1.0
HIPP,2,2,4,0.5
HIPS,0,1,1,0.0
HIPb,3,4,7,0.43
HIPl,2,0,2,1.0
HIPm,2,2,4,0.5
HIPn,1,3,4,0.25
HISB,2,0,2,1.0
HISH,1,1,2,0.5
HISL,0,0,0,
HISM,0,3,3,0.0
HISN,1,1,2,0.5
HISP,2,3,5,0.4
HISS,1,3,4,0.25
HIST,0,1,1,0.0
HISh,0,1,1,0.0
HISl,1,1,2,0.5
HISm,0,2,2,0.0
HISn,0,1,1,0.0
HISs,5,4,9,0.56
HITD,1,0,1,1.0
HITm,1,1,2,0.5
HIbB,2,3,5,0.4
HIbH,0,1,1,0.0
HIbJ,0,1,1,0.0
HIbL,0,0,0,
HIbM,2,2,4,0.5
HIbN,0,1,1,0.0
HIbP,2,1,3,0.67
HIbS,0,3,3,0.0
HIbb,1,0,1,1.0
HIbm,1,0,1,1.0
HIbn,0,1,1,0.0
HIbs,1,2,3,0.33
HIlB,1,2,3,0.33
HIlM,2,0,2,1.0
HIlb,1,0,1,1.0
HIlm,1,0,1,1.0
HImB,1,0,1,1.0
HImH,0,1,1,0.0
HImL,1,0,1,1.0
HImM,3,4,7,0.43
HImN,2,0,2,1.0
HImP,1,2,3,0.33
HImS,1,1,2,0.5
HImb,2,2,4,0.5
HImm,1,0,1,1.0
HImn,2,0,2,1.0
HIms,0,1,1,0.0
HInB,0,1,1,0.0
HInD,1,1,2,0.5
HInH,0,2,2,0.0
HInI,1,0,1,1.0
HInL,0,2,2,0.0
HInM,2,1,3,0.67
HInN,3,4,7,0.43
HInP,2,0,2,1.0
HInS,0,0,0,
HInb,2,2,4,0.5
HInm,2,2,4,0.5
HInn,0,0,0,
HIns,0,1,1,0.0
HIsB,1,0,1,1.0
HIsH,1,2,3,0.33
HIsL,0,1,1,0.0
HIsM,1,0,1,1.0
HIsN,3,0,3,1.0
HIsP,1,0,1,1.0
HIsS,0,1,1,0.0
HIsb,0,1,1,0.0
HIsm,1,1,2,0.5
HIsn,2,1,3,0.67
HIss,1,1,2,0.5
HKBB,1,0,1,1.0
HKBL,1,0,1,1.0
HKBN,0,3,3,0.0
HKBS,2,0,2,1.0
HKBb,2,0,2,1.0
HKBl,1,0,1,1.0
HKBm,0,1,1,0.0
HKBs,0,1,1,0.0
HKDD,0,1,1,0.0
HKDN,0,1,1,0.0
HKDb,1,0,1,1.0
HKDl,0,1,1,0.0
HKHB,1,0,1,1.0
HKHN,0,1,1,0.0
HKHs,1,0,1,1.0
HKIM,1,1,2,0.5
HKLL,1,0,1,1.0
HKLM,1,2,3,0.33
HKLN,0,1,1,0.0
HKLj,1,1,2,0.5
HKLl,0,1,1,0.0
HKLm,1,1,2,0.5
HKLn,1,0,1,1.0
HKLs,1,0,1,1.0
HKMB,1,0,1,1.0
HKMM,2,0,2,1.0
HKMN,2,0,2,1.0
HKMP,0,1,1,0.0
HKMS,0,1,1,0.0
HKMb,1,2,3,0.33
HKMh,1,2,3,0.33
HKMl,0,1,1,0.0
HKMm,0,1,1,0.0
HKMn,1,1,2,0.5
HKMs,1,0,1,1.0
HKNB,1,1,2,0.5
HKNH,0,0,0,
HKNM,2,3,5,0.4
HKNN,1,0,1,1.0
HKNP,1,1,2,0.5
HKNS,0,1,1,0.0
HKNb,0,2,2,0.0
HKNl,1,0,1,1.0
HKNm,2,1,3,0.67
HKNn,2,0,2,1.0
HKNs,0,0,0,
HKPB,2,5,7,0.29
HKPK,0,1,1,0.0
HKPL,1,2,3,0.33
HKPM,5,0,5,1.0
HKPN,1,0,1,1.0
HKPP,3,5,8,0.38
HKPS,3,0,3,1.0
HKPb,2,3,5,0.4
HKPl,1,0,1,1.0
HKPm,3,0,3,1.0
HKPn,0,2,2,0.0
HKPs,2,0,2,1.0
HKSH,0,1,1,0.0
HKSL,2,1,3,0.67
HKSM,0,1,1,0.0
HKSN,1,0,1,1.0
HKSS,1,3,4,0.25
HKST,3,0,3,1.0
HKSb,1,0,1,1.0
HKSl,0,0,0,
HKSm,0,2,2,0.0
HKSn,0,2,2,0.0
HKSs,1,1,2,0.5
HKTH,1,0,1,1.0
HKTM,0,2,2,0.0
HKTN,0,1,1,0.0
HKTP,0,1,1,0.0
HKbB,2,1,3,0.67
HKbD,0,0,0,
HKbH,1,0,1,1.0
HKbI,2,0,2,1.0
HKbJ,0,1,1,0.0
HKbL,0,1,1,0.0
HKbM,0,0,0,
HKbN,0,3,3,0.0
HKbP,1,2,3,0.33
HKbS,1,0,1,1.0
HKbb,1,1,2,0.5
HKbl,0,1,1,0.0
HKbm,0,1,1,0.0
HKbn,2,1,3,0.67
HKbs,0,1,1,0.0
HKhB,0,1,1,0.0
HKhD,0,1,1,0.0
HKhK,0,1,1,0.0
HKhL,0,1,1,0.0
HKhM,0,1,1,0.0
HKhP,1,2,3,0.33
HKhS,1,3,4,0.25
HKhT,0,0,0,
HKhb,1,2,3,0.33
HKhh,2,0,2,1.0
HKhm,1,0,1,1.0
HKlH,1,1,2,0.5
HKlN,1,0,1,1.0
HKlP,1,1,2,0.5
HKlb,0,1,1,0.0
HKlm,1,1,2,0.5
HKln,1,1,2,0.5
HKmB,1,0,1,1.0
HKmL,1,0,1,1.0
HKmM,1,2,3,0.33
HKmN,2,1,3,0.67
HKmP,1,1,2,0.5
HKmS,1,0,1,1.0
HKmb,1,0,1,1.0
HKml,1,1,2,0.5
HKmm,3,0,3,1.0
HKmn,1,1,2,0.5
HKms,1,0,1,1.0
HKnH,2,0,2,1.0
HKnI,0,0,0,
HKnM,1,1,2,0.5
HKnN,1,4,5,0.2
HKnP,2,2,4,0.5
HKnS,2,1,3,0.67
HKnb,0,0,0,
HKnl,1,0,1,1.0
HKnm,0,1,1,0.0
HKnn,1,0,1,1.0
HKns,1,2,3,0.33
HKsB,0,1,1,0.0
HKsH,0,1,1,0.0
HKsN,0,1,1,0.0
HKsP,3,2,5,0.6
HKsS,2,0,2,1.0
HKsb,0,2,2,0.0
HKsl,1,0,1,1.0
HKsm,2,0,2,1.0
HKsn,1,0,1,1.0
HKss,2,0,2,1.0
HLBB,2,4,6,0.33
HLBD,1,0,1,1.0
HLBL,3,1,4,0.75
HLBM,2,1,3,0.67
HLBN,2,4,6,0.33
HLBP,7,4,11,0.64
HLBS,1,1,2,0.5
HLBT,0,0,0,
HLBb,3,3,6,0.5
HLBh,1,1,2,0.5
HLBj,2,0,2,1.0
HLBl,1,0,1,1.0
HLBm,1,5,6,0.17
HLBn,6,4,10,0.6
HLBs,2,0,2,1.0
HLDH,1,2,3,0.33
HLDM,1,0,1,1.0
HLDN,0,1,1,0.0
HLDP,0,1,1,0.0
HLDS,1,1,2,0.5
HLDb,1,0,1,1.0
HLDm,1,0,1,1.0
HLDn,1,0,1,1.0
HLHN,0,1,1,0.0
HLKL,0,0,0,
HLKS,1,1,2,0.5
HLKl,1,0,1,1.0
HLKm,1,1,2,0.5
HLKn,0,2,2,0.0
HLKs,2,0,2,1.0
HLLD,0,0,0,
HLLL,0,1,1,0.0
HLLM,1,1,2,0.5
HLLP,0,2,2,0.0
HLLS,6,2,8,0.75
HLLT,0,1,1,0.0
HLLh,1,0,1,1.0
HLLj,2,0,2,1.0
HLLl,3,0,3,1.0
HLLm,3,3,6,0.5
HLLn,2,3,5,0.4
HLLs,1,2,3,0.33
HLMB,5,7,12,0.42
HLMD,1,0,1,1.0
HLML,2,1,3,0.67
HLMM,2,8,10,0.2
HLMN,6,5,11,0.55
HLMP,5,6,11,0.45
HLMS,0,2,2,0.0
HLMT,0,0,0,
HLMb,5,5,10,0.5
HLMh,2,3,5,0.4
HLMl,0,1,1,0.0
HLMm,4,6,10,0.4
HLMn,4,5,9,0.44
HLMs,2,6,8,0.25
HLNB,6,3,9,0.67
HLNH,0,1,1,0.0
HLNK,1,0,1,1.0
HLNL,3,0,3,1.0
HLNM,3,1,4,0.75
HLNN,7,0,7,1.0
HLNP,3,8,11,0.27
HLNS,3,2,5,0.6
HLNT,2,1,3,0.67
HLNb,3,2,5,0.6
HLNh,0,3,3,0.0
HLNm,4,7,11,0.36
HLNn,1,6,7,0.14
HLNs,3,5,8,0.38
HLPB,5,6,11,0.45
HLPD,0,1,1,0.0
HLPH,1,2,3,0.33
HLPK,1,1,2,0.5
HLPL,0,2,2,0.0
HLPM,4,4,8,0.5
HLPN,6,3,9,0.67
HLPP,5,11,16,0.31
HLPS,6,8,14,0.43
HLPb,7,5,12,0.58
HLPh,0,0,0,
HLPl,3,4,7,0.43
HLPm,3,6,9,0.33
HLPn,2,4,6,0.33
HLPs,9,4,13,0.69
HLSB,1,5,6,0.17
HLSD,0,0,0,
HLSH,0,1,1,0.0
HLSL,4,2,6,0.67
HLSM,0,6,6,0.0
HLSN,4,2,6,0.67
HLSP,7,1,8,0.88
HLSS,5,1,6,0.83
HLSb,4,3,7,0.57
HLSh,2,1,3,0.67
HLSl,1,2,3,0.33
HLSm,2,4,6,0.33
HLSn,3,3,6,0.5
HLSs,2,5,7,0.29
HLTH,0,0,0,
HLTL,0,0,0,
HLTN,1,0,1,1.0
HLTP,1,4,5,0.2
HLTS,0,1,1,0.0
HLTb,0,3,3,0.0
HLTl,1,0,1,1.0
HLTm,0,1,1,0.0
HLTn,2,1,3,0.67
HLbB,2,4,6,0.33
HLbH,1,2,3,0.33
HLbK,2,0,2,1.0
HLbL,1,1,2,0.5
HLbM,4,3,7,0.57
HLbN,4,4,8,0.5
HLbP,7,5,12,0.58
HLbS,0,3,3,0.0
HLbb,2,4,6,0.33
HLbl,3,1,4,0.75
HLbm,2,4,6,0.33
HLbn,4,5,9,0.44
HLbs,1,3,4,0.25
HLhB,2,2,4,0.5
HLhD,1,0,1,1.0
HLhH,0,1,1,0.0
HLhI,1,0,1,1.0
HLhL,0,1,1,0.0
HLhM,1,2,3,0.33
HLhN,3,1,4,0.75
HLhP,7,7,14,0.5
HLhS,1,3,4,0.25
HLhT,2,0,2,1.0
HLhb,4,3,7,0.57
HLhh,6,4,10,0.6
HLhl,0,0,0,
HLhm,1,1,2,0.5
HLhn,5,2,7,0.71
HLhs,1,1,2,0.5
HLjB,1,1,2,0.5
HLjH,1,0,1,1.0
HLjK,2,0,2,1.0
HLjL,1,1,2,0.5
HLjM,1,2,3,0.33
HLjN,2,2,4,0.5
HLjP,3,2,5,0.6
HLjS,1,2,3,0.33
HLjb,3,0,3,1.0
HLjm,0,1,1,0.0
HLjn,1,1,2,0.5
HLjs,1,0,1,1.0
HLlB,0,3,3,0.0
HLlH,0,1,1,0.0
HLlI,1,0,1,1.0
HLlJ,0,1,1,0.0
HLlL,0,0,0,
HLlM,3,5,8,0.38
HLlN,0,4,4,0.0
HLlP,2,2,4,0.5
HLlS,5,2,7,0.71
HLlb,2,2,4,0.5
HLlm,2,1,3,0.67
HLln,2,3,5,0.4
HLls,1,5,6,0.17
HLmB,8,5,13,0.62
HLmD,1,1,2,0.5
HLmH,2,2,4,0.5
HLmI,2,0,2,1.0
HLmJ,0,1,1,0.0
HLmL,0,2,2,0.0
HLmM,7,1,8,0.88
HLmN,2,0,2,1.0
HLmP,5,2,7,0.71
HLmS,3,5,8,0.38
HLmb,2,5,7,0.29
HLml,1,2,3,0.33
HLmm,3,4,7,0.43
HLmn,6,0,6,1.0
HLms,3,4,7,0.43
HLnB,8,5,13,0.62
HLnD,0,2,2,0.0
HLnH,2,5,7,0.29
HLnI,0,1,1,0.0
HLnK,0,1,1,0.0
HLnL,1,3,4,0.25
HLnM,3,5,8,0.38
HLnN,2,5,7,0.29
HLnP,8,14,22,0.36
HLnS,2,6,8,0.25
HLnb,8,3,11,0.73
HLnl,6,3,9,0.67
HLnm,7,1,8,0.88
HLnn,9,6,15,0.6
HLns,8,3,11,0.73
HLsB,3,3,6,0.5
HLsH,2,0,2,1.0
HLsI,0,1,1,0.0
HLsL,1,1,2,0.5
HLsM,4,4,8,0.5
HLsN,4,3,7,0.57
HLsP,7,3,10,0.7
HLsS,3,2,5,0.6
HLsb,4,1,5,0.8
HLsh,0,1,1,0.0
HLsl,2,1,3,0.67
HLsm,1,1,2,0.5
HLsn,2,3,5,0.4
HLss,5,0,5,1.0
HMBB,14,9,23,0.61
HMBD,0,2,2,0.0
HMBI,1,0,1,1.0
HMBK,0,2,2,0.0
HMBL,1,4,5,0.2
HMBM,16,10,26,0.62
HMBN,9,10,19,0.47
HMBP,11,15,26,0.42
HMBS,6,4,10,0.6
HMBT,1,0,1,1.0
HMBb,11,12,23,0.48
HMBh,1,2,3,0.33
HMBj,2,4,6,0.33
HMBl,3,5,8,0.38
HMBm,7,5,12,0.58
HMBn,15,17,32,0.47
HMBs,6,5,11,0.55
HMDD,2,0,2,1.0
HMDH,4,3,7,0.57
HMDL,1,0,1,1.0
HMDM,1,3,4,0.25
HMDN,2,0,2,1.0
HMDP,1,0,1,1.0
HMDS,0,4,4,0.0
HMDT,1,0,1,1.0
HMDb,2,0,2,1.0
HMDm,3,2,5,0.6
HMDn,1,1,2,0.5
HMDs,1,1,2,0.5
HMHb,0,0,0,
HMHm,2,0,2,1.0
HMIN,0,1,1,0.0
HMIT,1,0,1,1.0
HMKH,0,1,1,0.0
HMKS,0,2,2,0.0
HMKl,0,1,1,0.0
HMLB,1,5,6,0.17
HMLK,0,0,0,
HMLL,1,0,1,1.0
HMLM,3,2,5,0.6
HMLN,6,2,8,0.75
HMLP,5,5,10,0.5
HMLS,3,4,7,0.43
HMLT,1,0,1,1.0
HMLb,5,6,11,0.45
HMLh,0,0,0,
HMLj,3,3,6,0.5
HMLl,1,2,3,0.33
HMLm,3,3,6,0.5
HMLn,3,6,9,0.33
HMLs,5,2,7,0.71
HMMB,12,12,24,0.5
HMMD,1,3,4,0.25
HMMK,0,0,0,
HMML,2,6,8,0.25
HMMM,7,15,22,0.32
HMMN,4,9,13,0.31
HMMP,18,18,36,0.5
HMMS,4,12,16,0.25
HMMT,2,0,2,1.0
HMMb,19,8,27,0.7
HMMh,6,6,12,0.5
HMMj,3,2,5,0.6
HMMl,4,3,7,0.57
HMMm,12,9,21,0.57
HMMn,20,19,39,0.51
HMMs,7,6,13,0.54
HMNB,6,10,16,0.38
HMND,1,1,2,0.5
HMNH,3,0,3,1.0
HMNK,1,2,3,0.33
HMNL,6,4,10,0.6
HMNM,11,10,21,0.52
HMNN,18,20,38,0.47
HMNP,20,29,49,0.41
HMNS,6,10,16,0.38
HMNT,2,1,3,0.67
HMNb,6,9,15,0.4
HMNh,4,6,10,0.4
HMNl,5,5,10,0.5
HMNm,11,12,23,0.48
HMNn,16,19,35,0.46
HMNs,10,5,15,0.67
HMPB,11,7,18,0.61
HMPD,0,1,1,0.0
HMPH,1,4,5,0.2
HMPI,0,2,2,0.0
HMPK,1,1,2,0.5
HMPL,4,5,9,0.44
HMPM,13,17,30,0.43
HMPN,20,15,35,0.57
HMPP,19,20,39,0.49
HMPS,15,6,21,0.71
HMPT,5,2,7,0.71
HMPb,14,10,24,0.58
HMPh,3,1,4,0.75
HMPl,7,10,17,0.41
HMPm,22,13,35,0.63
HMPn,16,18,34,0.47
HMPs,11,7,18,0.61
HMSB,8,10,18,0.44
HMSD,1,1,2,0.5
HMSH,3,3,6,0.5
HMSI,1,0,1,1.0
HMSL,3,8,11,0.27
HMSM,8,12,20,0.4
HMSN,9,6,15,0.6
HMSP,10,6,16,0.62
HMSS,3,11,14,0.21
HMST,2,0,2,1.0
HMSb,6,4,10,0.6
HMSh,0,5,5,0.0
HMSl,6,5,11,0.55
HMSm,15,8,23,0.65
HMSn,14,8,22,0.64
HMSs,6,10,16,0.38
HMTB,1,1,2,0.5
HMTD,1,0,1,1.0
HMTM,1,2,3,0.33
HMTN,0,1,1,0.0
HMTP,3,2,5,0.6
HMTT,1,0,1,1.0
HMTb,1,0,1,1.0
HMTm,3,0,3,1.0
HMTn,3,2,5,0.6
HMTs,2,0,2,1.0
HMbB,9,8,17,0.53
HMbH,1,2,3,0.33
HMbI,1,0,1,1.0
HMbJ,7,6,13,0.54
HMbK,0,2,2,0.0
HMbL,6,2,8,0.75
HMbM,7,14,21,0.33
HMbN,17,15,32,0.53
HMbP,16,17,33,0.48
HMbS,10,5,15,0.67
HMbb,9,14,23,0.39
HMbl,9,2,11,0.82
HMbm,10,4,14,0.71
HMbn,9,16,25,0.36
HMbs,15,4,19,0.79
HMhB,8,5,13,0.62
HMhD,1,2,3,0.33
HMhH,4,4,8,0.5
HMhI,1,2,3,0.33
HMhL,4,3,7,0.57
HMhM,10,12,22,0.45
HMhN,10,13,23,0.43
HMhP,8,19,27,0.3
HMhS,13,6,19,0.68
HMhT,2,0,2,1.0
HMhb,8,8,16,0.5
HMhh,13,10,23,0.57
HMhl,6,11,17,0.35
HMhm,11,12,23,0.48
HMhn,10,7,17,0.59
HMhs,11,7,18,0.61
HMjB,2,2,4,0.5
HMjD,0,1,1,0.0
HMjH,3,0,3,1.0
HMjI,1,0,1,1.0
HMjK,1,0,1,1.0
HMjL,1,2,3,0.33
HMjM,3,6,9,0.33
HMjN,2,4,6,0.33
HMjP,7,6,13,0.54
HMjS,6,4,10,0.6
HMjT,2,0,2,1.0
HMjb,5,3,8,0.62
HMjh,0,0,0,
HMjl,4,0,4,1.0
HMjm,5,4,9,0.56
HMjn,6,5,11,0.55
HMjs,3,5,8,0.38
HMlB,3,4,7,0.43
HMlD,2,0,2,1.0
HMlH,5,8,13,0.38
HMlJ,1,1,2,0.5
HMlL,2,1,3,0.67
HMlM,7,1,8,0.88
HMlN,4,11,15,0.27
HMlP,7,8,15,0.47
HMlS,2,4,6,0.33
HMlb,5,1,6,0.83
HMll,2,5,7,0.29
HMlm,4,3,7,0.57
HMln,4,5,9,0.44
HMls,2,3,5,0.4
HMmB,11,8,19,0.58
HMmD,1,4,5,0.2
HMmH,9,11,20,0.45
HMmI,0,1,1,0.0
HMmJ,3,2,5,0.6
HMmK,0,1,1,0.0
HMmL,4,2,6,0.67
HMmM,13,10,23,0.57
HMmN,16,12,28,0.57
HMmP,23,9,32,0.72
HMmS,9,14,23,0.39
HMmb,8,15,23,0.35
HMml,3,4,7,0.43
HMmm,10,6,16,0.62
HMmn,13,11,24,0.54
HMms,8,10,18,0.44
HMnB,13,15,28,0.46
HMnD,2,1,3,0.67
HMnH,13,8,21,0.62
HMnI,2,3,5,0.4
HMnK,2,0,2,1.0
HMnL,6,2,8,0.75
HMnM,11,21,32,0.34
HMnN,13,29,42,0.31
HMnP,28,24,52,0.54
HMnS,12,15,27,0.44
HMnb,12,14,26,0.46
HMnh,0,1,1,0.0
HMnl,7,8,15,0.47
HMnm,19,15,34,0.56
HMnn,21,13,34,0.62
HMns,19,5,24,0.79
HMsB,7,9,16,0.44
HMsD,0,1,1,0.0
HMsH,4,12,16,0.25
HMsK,0,1,1,0.0
HMsL,0,4,4,0.0
HMsM,5,5,10,0.5
HMsN,7,12,19,0.37
HMsP,9,6,15,0.6
HMsS,15,10,25,0.6
HMsT,0,1,1,0.0
HMsb,9,7,16,0.56
HMsl,4,5,9,0.44
HMsm,6,3,9,0.67
HMsn,4,6,10,0.4
HMss,8,6,14,0.57
HNBB,2,5,7,0.29
HNBD,2,1,3,0.67
HNBH,1,0,1,1.0
HNBK,0,2,2,0.0
HNBL,4,3,7,0.57
HNBM,9,13,22,0.41
HNBN,7,13,20,0.35
HNBP,6,8,14,0.43
HNBS,6,7,13,0.46
HNBT,4,4,8,0.5
HNBb,5,14,19,0.26
HNBh,3,1,4,0.75
HNBj,3,2,5,0.6
HNBl,3,4,7,0.43
HNBm,15,11,26,0.58
HNBn,10,18,28,0.36
HNBs,8,8,16,0.5
HNDB,4,2,6,0.67
HNDH,0,2,2,0.0
HNDK,0,1,1,0.0
HNDL,1,0,1,1.0
HNDM,0,3,3,0.0
HNDN,3,1,4,0.75
HNDP,2,1,3,0.67
HNDS,4,1,5,0.8
HNDl,1,1,2,0.5
HNDm,7,0,7,1.0
HNDn,1,3,4,0.25
HNDs,2,1,3,0.67
HNHB,0,2,2,0.0
HNHD,0,1,1,0.0
HNHI,1,1,2,0.5
HNHL,1,0,1,1.0
HNHM,2,2,4,0.5
HNHN,2,1,3,0.67
HNHP,3,3,6,0.5
HNHS,1,3,4,0.25
HNHb,0,3,3,0.0
HNHl,1,0,1,1.0
HNHm,2,0,2,1.0
HNHn,4,1,5,0.8
HNHs,3,2,5,0.6
HNIL,0,1,1,0.0
HNIM,1,0,1,1.0
HNIP,2,0,2,1.0
HNKB,2,2,4,0.5
HNKH,0,1,1,0.0
HNKM,0,1,1,0.0
HNKN,0,0,0,
HNKP,1,2,3,0.33
HNKS,1,2,3,0.33
HNKT,0,0,0,
HNKh,0,0,0,
HNKl,1,2,3,0.33
HNKm,2,1,3,0.67
HNKn,2,0,2,1.0
HNKs,2,0,2,1.0
HNLB,1,1,2,0.5
HNLL,2,4,6,0.33
HNLM,2,7,9,0.22
HNLN,7,1,8,0.88
HNLP,5,4,9,0.56
HNLS,2,5,7,0.29
HNLT,0,1,1,0.0
HNLb,2,4,6,0.33
HNLh,2,5,7,0.29
HNLj,0,1,1,0.0
HNLl,3,1,4,0.75
HNLm,6,3,9,0.67
HNLn,7,4,11,0.64
HNLs,2,1,3,0.67
HNMB,5,12,17,0.29
HNMD,0,1,1,0.0
HNML,5,8,13,0.38
HNMM,7,14,21,0.33
HNMN,10,11,21,0.48
HNMP,13,10,23,0.57
HNMS,2,11,13,0.15
HNMT,6,2,8,0.75
HNMb,11,12,23,0.48
HNMh,9,9,18,0.5
HNMj,4,3,7,0.57
HNMl,9,3,12,0.75
HNMm,13,12,25,0.52
HNMn,19,13,32,0.59
HNMs,5,8,13,0.38
HNNB,8,10,18,0.44
HNND,1,0,1,1.0
HNNH,2,1,3,0.67
HNNK,2,1,3,0.67
HNNL,4,3,7,0.57
HNNM,14,14,28,0.5
HNNN,18,19,37,0.49
HNNP,22,32,54,0.41
HNNS,8,22,30,0.27
HNNT,4,1,5,0.8
HNNb,14,12,26,0.54
HNNh,3,3,6,0.5
HNNl,8,3,11,0.73
HNNm,10,8,18,0.56
HNNn,12,22,34,0.35
HNNs,5,8,13,0.38
HNPB,12,15,27,0.44
HNPD,2,1,3,0.67
HNPH,6,8,14,0.43
HNPI,1,0,1,1.0
HNPK,0,2,2,0.0
HNPL,10,9,19,0.53
HNPM,18,15,33,0.55
HNPN,21,23,44,0.48
HNPP,31,26,57,0.54
HNPS,18,14,32,0.56
HNPT,2,0,2,1.0
HNPb,10,15,25,0.4
HNPh,3,4,7,0.43
HNPl,10,13,23,0.43
HNPm,18,20,38,0.47
HNPn,18,23,41,0.44
HNPs,16,12,28,0.57
HNSB,10,11,21,0.48
HNSD,1,1,2,0.5
HNSH,1,5,6,0.17
HNSK,0,1,1,0.0
HNSL,3,5,8,0.38
HNSM,9,9,18,0.5
HNSN,5,12,17,0.29
HNSP,6,8,14,0.43
HNSS,9,8,17,0.53
HNST,2,2,4,0.5
HNSb,4,7,11,0.36
HNSh,9,5,14,0.64
HNSl,5,4,9,0.56
HNSm,10,7,17,0.59
HNSn,20,14,34,0.59
HNSs,9,13,22,0.41
HNTB,3,2,5,0.6
HNTH,0,2,2,0.0
HNTL,0,1,1,0.0
HNTM,3,3,6,0.5
HNTN,3,2,5,0.6
HNTP,3,6,9,0.33
HNTS,3,3,6,0.5
HNTb,1,3,4,0.25
HNTl,2,0,2,1.0
HNTm,5,1,6,0.83
HNTn,2,1,3,0.67
HNTs,0,1,1,0.0
HNbB,8,8,16,0.5
HNbD,2,1,3,0.67
HNbH,1,4,5,0.2
HNbI,1,0,1,1.0
HNbJ,4,1,5,0.8
HNbK,2,2,4,0.5
HNbL,5,7,12,0.42
HNbM,7,18,25,0.28
HNbN,16,12,28,0.57
HNbP,13,19,32,0.41
HNbS,5,10,15,0.33
HNbb,11,8,19,0.58
HNbl,4,1,5,0.8
HNbm,4,8,12,0.33
HNbn,19,7,26,0.73
HNbs,4,4,8,0.5
HNhB,2,3,5,0.4
HNhH,0,2,2,0.0
HNhI,1,0,1,1.0
HNhL,0,1,1,0.0
HNhM,2,7,9,0.22
HNhN,3,5,8,0.38
HNhP,7,2,9,0.78
HNhS,4,1,5,0.8
HNhT,1,0,1,1.0
HNhb,6,8,14,0.43
HNhh,3,7,10,0.3
HNhl,3,1,4,0.75
HNhm,8,6,14,0.57
HNhn,7,9,16,0.44
HNhs,9,6,15,0.6
HNlB,6,3,9,0.67
HNlD,0,0,0,
HNlH,6,5,11,0.55
HNlJ,3,1,4,0.75
HNlL,2,3,5,0.4
HNlM,3,8,11,0.27
HNlN,7,6,13,0.54
HNlP,8,12,20,0.4
HNlS,6,6,12,0.5
HNlb,6,6,12,0.5
HNll,0,2,2,0.0
HNlm,5,5,10,0.5
HNln,3,6,9,0.33
HNls,4,2,6,0.67
HNmB,6,9,15,0.4
HNmD,1,0,1,1.0
HNmH,11,13,24,0.46
HNmI,0,2,2,0.0
HNmJ,4,1,5,0.8
HNmL,5,5,10,0.5
HNmM,15,15,30,0.5
HNmN,14,17,31,0.45
HNmP,12,17,29,0.41
HNmS,5,3,8,0.62
HNmb,16,14,30,0.53
HNml,8,5,13,0.62
HNmm,13,11,24,0.54
HNmn,8,12,20,0.4
HNms,4,3,7,0.57
HNnB,12,9,21,0.57
HNnD,2,2,4,0.5
HNnH,5,13,18,0.28
HNnI,7,5,12,0.58
HNnK,0,3,3,0.0
HNnL,4,9,13,0.31
HNnM,18,11,29,0.62
HNnN,32,27,59,0.54
HNnP,23,23,46,0.5
HNnS,8,18,26,0.31
HNnb,14,9,23,0.61
HNnh,0,1,1,0.0
HNnl,8,9,17,0.47
HNnm,16,16,32,0.5
HNnn,21,19,40,0.52
HNns,19,15,34,0.56
HNsB,8,7,15,0.53
HNsD,1,1,2,0.5
HNsH,6,7,13,0.46
HNsI,1,2,3,0.33
HNsL,3,8,11,0.27
HNsM,5,10,15,0.33
HNsN,13,14,27,0.48
HNsP,11,12,23,0.48
HNsS,9,17,26,0.35
HNsT,1,0,1,1.0
HNsb,8,2,10,0.8
HNsl,7,4,11,0.64
HNsm,5,8,13,0.38
HNsn,9,8,17,0.53
HNss,12,6,18,0.67
HPBB,11,13,24,0.46
HPBD,0,2,2,0.0
HPBK,1,3,4,0.25
HPBL,8,5,13,0.62
HPBM,7,17,24,0.29
HPBN,14,8,22,0.64
HPBP,15,19,34,0.44
HPBS,8,4,12,0.67
HPBT,1,3,4,0.25
HPBb,16,13,29,0.55
HPBh,2,2,4,0.5
HPBj,1,6,7,0.14
HPBl,10,8,18,0.56
HPBm,12,14,26,0.46
HPBn,16,9,25,0.64
HPBs,6,8,14,0.43
HPDB,0,0,0,
HPDH,2,2,4,0.5
HPDL,0,2,2,0.0
HPDM,1,2,3,0.33
HPDN,1,0,1,1.0
HPDP,3,1,4,0.75
HPDS,2,1,3,0.67
HPDT,1,0,1,1.0
HPDm,1,1,2,0.5
HPDn,2,0,2,1.0
HPDs,2,0,2,1.0
HPHB,8,5,13,0.62
HPHH,3,1,4,0.75
HPHI,0,0,0,
HPHK,1,0,1,1.0
HPHL,2,0,2,1.0
HPHM,5,7,12,0.42
HPHN,4,1,5,0.8
HPHP,8,5,13,0.62
HPHS,3,6,9,0.33
HPHT,0,1,1,0.0
HPHb,5,8,13,0.38
HPHh,3,1,4,0.75
HPHl,1,3,4,0.25
HPHm,5,5,10,0.5
HPHn,4,6,10,0.4
HPHs,8,4,12,0.67
HPIB,1,1,2,0.5
HPID,0,1,1,0.0
HPIL,1,0,1,1.0
HPIM,4,4,8,0.5
HPIN,0,0,0,
HPIP,5,3,8,0.62
HPIS,1,1,2,0.5
HPIb,4,1,5,0.8
HPIm,0,3,3,0.0
HPIn,3,1,4,0.75
HPIs,2,0,2,1.0
HPKB,2,1,3,0.67
HPKD,1,0,1,1.0
HPKI,1,0,1,1.0
HPKL,1,0,1,1.0
HPKM,7,0,7,1.0
HPKN,0,0,0,
HPKP,1,4,5,0.2
HPKS,2,0,2,1.0
HPKT,0,1,1,0.0
HPKb,4,3,7,0.57
HPKh,2,5,7,0.29
HPKm,5,2,7,0.71
HPKn,0,1,1,0.0
HPKs,2,0,2,1.0
HPLB,5,6,11,0.45
HPLD,1,0,1,1.0
HPLH,1,0,1,1.0
HPLK,1,0,1,1.0
HPLL,3,3,6,0.5
HPLM,9,10,19,0.47
HPLN,2,10,12,0.17
HPLP,3,11,14,0.21
HPLS,5,5,10,0.5
HPLT,0,0,0,
HPLb,4,11,15,0.27
HPLh,1,1,2,0.5
HPLj,3,1,4,0.75
HPLl,3,6,9,0.33
HPLm,6,7,13,0.46
HPLn,15,11,26,0.58
HPLs,6,5,11,0.55
HPMB,14,15,29,0.48
HPMD,2,3,5,0.4
HPMK,1,0,1,1.0
HPML,8,5,13,0.62
HPMM,20,16,36,0.56
HPMN,14,10,24,0.58
HPMP,24,22,46,0.52
HPMS,17,16,33,0.52
HPMT,2,2,4,0.5
HPMb,22,16,38,0.58
HPMh,16,18,34,0.47
HPMj,2,5,7,0.29
HPMl,6,6,12,0.5
HPMm,22,18,40,0.55
HPMn,23,24,47,0.49
HPMs,11,15,26,0.42
HPNB,14,13,27,0.52
HPND,1,2,3,0.33
HPNH,2,1,3,0.67
HPNK,1,2,3,0.33
HPNL,9,7,16,0.56
HPNM,12,16,28,0.43
HPNN,23,18,41,0.56
HPNP,26,24,50,0.52
HPNS,8,12,20,0.4
HPNT,3,4,7,0.43
HPNb,14,19,33,0.42
HPNh,7,5,12,0.58
HPNl,10,8,18,0.56
HPNm,17,16,33,0.52
HPNn,20,28,48,0.42
HPNs,14,14,28,0.5
HPPB,29,22,51,0.57
HPPD,5,1,6,0.83
HPPH,11,10,21,0.52
HPPI,3,1,4,0.75
HPPK,0,2,2,0.0
HPPL,18,8,26,0.69
HPPM,24,33,57,0.42
HPPN,27,16,43,0.63
HPPP,39,33,72,0.54
HPPS,24,25,49,0.49
HPPT,4,3,7,0.57
HPPb,28,26,54,0.52
HPPh,1,4,5,0.2
HPPl,22,20,42,0.52
HPPm,26,23,49,0.53
HPPn,22,21,43,0.51
HPPs,20,10,30,0.67
HPSB,7,7,14,0.5
HPSD,4,0,4,1.0
HPSH,2,6,8,0.25
HPSI,1,0,1,1.0
HPSK,0,2,2,0.0
HPSL,10,7,17,0.59
HPSM,17,12,29,0.59
HPSN,10,18,28,0.36
HPSP,17,21,38,0.45
HPSS,14,16,30,0.47
HPST,4,1,5,0.8
HPSb,11,5,16,0.69
HPSh,14,10,24,0.58
HPSl,8,5,13,0.62
HPSm,16,11,27,0.59
HPSn,18,14,32,0.56
HPSs,21,14,35,0.6
HPTB,4,0,4,1.0
HPTH,1,1,2,0.5
HPTI,0,1,1,0.0
HPTL,0,0,0,
HPTM,1,2,3,0.33
HPTN,2,0,2,1.0
HPTP,3,2,5,0.6
HPTS,0,2,2,0.0
HPTT,1,0,1,1.0
HPTb,1,0,1,1.0
HPTh,0,0,0,
HPTl,0,1,1,0.0
HPTm,2,2,4,0.5
HPTn,3,0,3,1.0
HPTs,2,1,3,0.67
HPbB,18,13,31,0.58
HPbD,3,2,5,0.6
HPbH,3,3,6,0.5
HPbI,0,2,2,0.0
HPbJ,6,3,9,0.67
HPbK,1,2,3,0.33
HPbL,10,8,18,0.56
HPbM,17,21,38,0.45
HPbN,24,15,39,0.62
HPbP,19,22,41,0.46
HPbS,16,11,27,0.59
HPbb,14,18,32,0.44
HPbl,6,7,13,0.46
HPbm,13,10,23,0.57
HPbn,17,11,28,0.61
HPbs,7,11,18,0.39
HPhB,1,2,3,0.33
HPhD,1,1,2,0.5
HPhH,0,2,2,0.0
HPhL,1,1,2,0.5
HPhM,5,1,6,0.83
HPhN,4,2,6,0.67
HPhP,5,3,8,0.62
HPhS,4,1,5,0.8
HPhT,2,0,2,1.0
HPhb,2,3,5,0.4
HPhh,2,2,4,0.5
HPhl,0,2,2,0.0
HPhm,1,3,4,0.25
HPhn,0,2,2,0.0
HPhs,2,5,7,0.29
HPlB,6,5,11,0.55
HPlD,1,0,1,1.0
HPlH,5,7,12,0.42
HPlI,2,0,2,1.0
HPlJ,0,3,3,0.0
HPlK,2,1,3,0.67
HPlL,7,8,15,0.47
HPlM,13,8,21,0.62
HPlN,15,6,21,0.71
HPlP,8,10,18,0.44
HPlS,8,10,18,0.44
HPlb,15,12,27,0.56
HPll,3,2,5,0.6
HPlm,8,5,13,0.62
HPln,8,3,11,0.73
HPls,4,3,7,0.57
HPmB,9,10,19,0.47
HPmD,6,6,12,0.5
HPmH,15,13,28,0.54
HPmI,0,0,0,
HPmJ,7,1,8,0.88
HPmK,0,1,1,0.0
HPmL,5,9,14,0.36
HPmM,20,28,48,0.42
HPmN,23,16,39,0.59
HPmP,21,13,34,0.62
HPmS,23,10,33,0.7
HPmb,23,16,39,0.59
HPml,7,4,11,0.64
HPmm,17,17,34,0.5
HPmn,11,6,17,0.65
HPms,10,5,15,0.67
HPnB,13,12,25,0.52
HPnD,3,1,4,0.75
HPnH,6,9,15,0.4
HPnI,2,3,5,0.4
HPnK,0,2,2,0.0
HPnL,9,10,19,0.47
HPnM,13,23,36,0.36
HPnN,17,21,38,0.45
HPnP,17,23,40,0.42
HPnS,21,8,29,0.72
HPnb,17,13,30,0.57
HPnh,1,0,1,1.0
HPnl,9,13,22,0.41
HPnm,18,10,28,0.64
HPnn,8,14,22,0.36
HPns,15,13,28,0.54
HPsB,10,7,17,0.59
HPsD,2,1,3,0.67
HPsH,11,8,19,0.58
HPsI,4,1,5,0.8
HPsK,1,1,2,0.5
HPsL,5,7,12,0.42
HPsM,14,10,24,0.58
HPsN,8,18,26,0.31
HPsP,18,17,35,0.51
HPsS,6,22,28,0.21
HPsT,1,0,1,1.0
HPsb,12,6,18,0.67
HPsh,1,3,4,0.25
HPsl,4,3,7,0.57
HPsm,20,17,37,0.54
HPsn,7,7,14,0.5
HPss,6,10,16,0.38
HSBB,6,6,12,0.5
HSBD,1,1,2,0.5
HSBK,2,0,2,1.0
HSBL,2,4,6,0.33
HSBM,7,9,16,0.44
HSBN,6,2,8,0.75
HSBP,12,11,23,0.52
HSBS,3,4,7,0.43
HSBT,1,2,3,0.33
HSBb,9,6,15,0.6
HSBh,0,0,0,
HSBj,3,1,4,0.75
HSBl,3,5,8,0.38
HSBm,8,7,15,0.53
HSBn,10,9,19,0.53
HSBs,6,7,13,0.46
HSDD,0,0,0,
HSDH,1,1,2,0.5
HSDM,4,1,5,0.8
HSDN,1,1,2,0.5
HSDP,2,1,3,0.67
HSDS,2,1,3,0.67
HSDT,0,0,0,
HSDb,1,0,1,1.0
HSDl,0,2,2,0.0
HSDm,2,1,3,0.67
HSDs,0,1,1,0.0
HSHB,5,1,6,0.83
HSHD,0,0,0,
HSHH,0,2,2,0.0
HSHK,0,1,1,0.0
HSHL,0,2,2,0.0
HSHM,3,4,7,0.43
HSHN,3,4,7,0.43
HSHP,3,2,5,0.6
HSHS,6,3,9,0.67
HSHb,3,2,5,0.6
HSHh,2,2,4,0.5
HSHl,1,3,4,0.25
HSHm,2,3,5,0.4
HSHn,3,4,7,0.43
HSHs,5,9,14,0.36
HSIH,1,0,1,1.0
HSIP,0,1,1,0.0
HSIS,0,1,1,0.0
HSIT,1,0,1,1.0
HSIb,1,0,1,1.0
HSIl,0,1,1,0.0
HSIm,1,0,1,1.0
HSKM,0,0,0,
HSKN,1,0,1,1.0
HSKS,0,1,1,0.0
HSKl,0,1,1,0.0
HSKn,0,1,1,0.0
HSKs,0,3,3,0.0
HSLB,3,6,9,0.33
HSLL,1,2,3,0.33
HSLM,0,7,7,0.0
HSLN,6,7,13,0.46
HSLP,5,4,9,0.56
HSLS,2,3,5,0.4
HSLT,2,0,2,1.0
HSLb,1,1,2,0.5
HSLh,4,2,6,0.67
HSLj,2,1,3,0.67
HSLl,2,1,3,0.67
HSLm,2,2,4,0.5
HSLn,5,6,11,0.45
HSLs,0,1,1,0.0
HSMB,6,9,15,0.4
HSMD,2,1,3,0.67
HSMK,1,0,1,1.0
HSML,4,3,7,0.57
HSMM,8,7,15,0.53
HSMN,13,11,24,0.54
HSMP,12,12,24,0.5
HSMS,11,15,26,0.42
HSMb,12,10,22,0.55
HSMh,6,9,15,0.4
HSMj,3,3,6,0.5
HSMl,1,3,4,0.25
HSMm,9,8,17,0.53
HSMn,14,16,30,0.47
HSMs,13,4,17,0.76
HSNB,4,5,9,0.44
HSND,0,3,3,0.0
HSNH,2,3,5,0.4
HSNK,0,3,3,0.0
HSNL,4,2,6,0.67
HSNM,6,14,20,0.3
HSNN,6,10,16,0.38
HSNP,16,14,30,0.53
HSNS,10,13,23,0.43
HSNT,1,0,1,1.0
HSNb,8,8,16,0.5
HSNh,5,0,5,1.0
HSNl,2,4,6,0.33
HSNm,6,4,10,0.6
HSNn,16,14,30,0.53
HSNs,11,5,16,0.69
HSPB,8,10,18,0.44
HSPD,2,1,3,0.67
HSPH,3,4,7,0.43
HSPK,3,5,8,0.38
HSPL,4,3,7,0.57
HSPM,9,11,20,0.45
HSPN,11,6,17,0.65
HSPP,9,11,20,0.45
HSPS,8,20,28,0.29
HSPT,1,4,5,0.2
HSPb,10,10,20,0.5
HSPh,2,1,3,0.67
HSPl,8,6,14,0.57
HSPm,17,7,24,0.71
HSPn,9,12,21,0.43
HSPs,10,8,18,0.56
HSSB,8,7,15,0.53
HSSD,6,3,9,0.67
HSSH,7,5,12,0.58
HSSI,1,1,2,0.5
HSSK,0,1,1,0.0
HSSL,5,3,8,0.62
HSSM,10,13,23,0.43
HSSN,8,7,15,0.53
HSSP,11,16,27,0.41
HSSS,20,19,39,0.51
HSST,0,2,2,0.0
HSSb,10,9,19,0.53
HSSh,6,12,18,0.33
HSSl,2,2,4,0.5
HSSm,19,8,27,0.7
HSSn,14,12,26,0.54
HSSs,16,8,24,0.67
HSTB,0,1,1,0.0
HSTD,0,1,1,0.0
HSTH,2,2,4,0.5
HSTI,1,0,1,1.0
HSTM,4,4,8,0.5
HSTN,5,5,10,0.5
HSTP,0,1,1,0.0
HSTS,2,3,5,0.4
HSTb,2,2,4,0.5
HSTm,1,1,2,0.5
HSTn,0,1,1,0.0
HSTs,2,1,3,0.67
HSbB,7,5,12,0.58
HSbD,2,0,2,1.0
HSbH,3,2,5,0.6
HSbI,1,0,1,1.0
HSbJ,1,2,3,0.33
HSbK,1,2,3,0.33
HSbL,4,5,9,0.44
HSbM,11,6,17,0.65
HSbN,12,13,25,0.48
HSbP,12,7,19,0.63
HSbS,2,5,7,0.29
HSbb,8,5,13,0.62
HSbl,3,2,5,0.6
HSbm,7,7,14,0.5
HSbn,7,8,15,0.47
HSbs,2,4,6,0.33
HShB,3,3,6,0.5
HShD,0,1,1,0.0
HShH,0,3,3,0.0
HShI,2,2,4,0.5
HShK,1,1,2,0.5
HShL,5,5,10,0.5
HShM,6,9,15,0.4
HShN,4,3,7,0.57
HShP,9,3,12,0.75
HShS,10,7,17,0.59
HShT,1,2,3,0.33
HShb,6,10,16,0.38
HShh,8,6,14,0.57
HShl,4,5,9,0.44
HShm,7,2,9,0.78
HShn,10,11,21,0.48
HShs,3,6,9,0.33
HSlB,4,5,9,0.44
HSlH,2,2,4,0.5
HSlJ,2,1,3,0.67
HSlK,0,2,2,0.0
HSlL,3,2,5,0.6
HSlM,6,4,10,0.6
HSlN,10,5,15,0.67
HSlP,7,4,11,0.64
HSlS,5,5,10,0.5
HSlb,6,3,9,0.67
HSll,1,4,5,0.2
HSlm,2,4,6,0.33
HSln,3,4,7,0.43
HSls,3,2,5,0.6
HSmB,7,9,16,0.44
HSmD,3,1,4,0.75
HSmH,6,12,18,0.33
HSmI,3,1,4,0.75
HSmJ,1,1,2,0.5
HSmK,2,0,2,1.0
HSmL,1,4,5,0.2
HSmM,11,8,19,0.58
HSmN,2,6,8,0.25
HSmP,10,11,21,0.48
HSmS,12,9,21,0.57
HSmb,7,7,14,0.5
HSml,4,3,7,0.57
HSmm,6,7,13,0.46
HSmn,4,12,16,0.25
HSms,5,4,9,0.56
HSnB,10,7,17,0.59
HSnD,0,1,1,0.0
HSnH,4,7,11,0.36
HSnI,1,2,3,0.33
HSnK,1,1,2,0.5
HSnL,4,3,7,0.57
HSnM,4,11,15,0.27
HSnN,12,11,23,0.52
HSnP,21,17,38,0.55
HSnS,8,12,20,0.4
HSnb,9,8,17,0.53
HSnh,1,0,1,1.0
HSnl,5,1,6,0.83
HSnm,8,10,18,0.44
HSnn,13,9,22,0.59
HSns,11,9,20,0.55
HSsB,8,5,13,0.62
HSsD,5,2,7,0.71
HSsH,8,13,21,0.38
HSsK,0,0,0,
HSsL,4,7,11,0.36
HSsM,12,19,31,0.39
HSsN,10,12,22,0.45
HSsP,9,17,26,0.35
HSsS,19,17,36,0.53
HSsT,1,0,1,1.0
HSsb,12,7,19,0.63
HSsh,1,3,4,0.25
HSsl,4,0,4,1.0
HSsm,15,10,25,0.6
HSsn,11,10,21,0.52
HSss,18,14,32,0.56
HTBD,0,0,0,
HTBL,1,0,1,1.0
HTBM,0,1,1,0.0
HTBN,1,0,1,1.0
HTBP,1,0,1,1.0
HTBS,0,1,1,0.0
HTBT,1,0,1,1.0
HTBb,2,0,2,1.0
HTBl,0,1,1,0.0
HTBm,0,2,2,0.0
HTDM,0,0,0,
HTDP,0,1,1,0.0
HTHB,1,0,1,1.0
HTHH,0,1,1,0.0
HTHL,0,1,1,0.0
HTHM,0,1,1,0.0
HTHN,1,0,1,1.0
HTHP,1,0,1,1.0
HTHb,2,0,2,1.0
HTHh,1,0,1,1.0
HTHl,0,1,1,0.0
HTHm,1,0,1,1.0
HTHn,2,0,2,1.0
HTHs,0,1,1,0.0
HTIM,1,0,1,1.0
HTKB,1,0,1,1.0
HTKS,0,1,1,0.0
HTLB,1,1,2,0.5
HTLL,0,0,0,
HTLM,1,0,1,1.0
HTLP,1,1,2,0.5
HTLh,0,1,1,0.0
HTLl,1,0,1,1.0
HTMB,3,0,3,1.0
HTMD,1,0,1,1.0
HTMM,1,1,2,0.5
HTMN,0,0,0,
HTMP,0,2,2,0.0
HTMS,0,3,3,0.0
HTMb,1,1,2,0.5
HTMh,0,1,1,0.0
HTMl,1,0,1,1.0
HTMm,2,2,4,0.5
HTMn,1,1,2,0.5
HTNB,1,1,2,0.5
HTND,0,0,0,
HTNI,0,1,1,0.0
HTNL,1,0,1,1.0
HTNM,1,1,2,0.5
HTNN,0,0,0,
HTNP,1,0,1,1.0
HTNS,1,0,1,1.0
HTNb,1,0,1,1.0
HTNh,0,0,0,
HTNl,0,1,1,0.0
HTNm,2,0,2,1.0
HTNn,1,2,3,0.33
HTNs,0,0,0,
HTPB,0,2,2,0.0
HTPI,1,0,1,1.0
HTPM,3,0,3,1.0
HTPN,2,2,4,0.5
HTPP,2,1,3,0.67
HTPS,1,4,5,0.2
HTPT,1,0,1,1.0
HTPb,2,2,4,0.5
HTPl,1,2,3,0.33
HTPm,2,1,3,0.67
HTPs,1,0,1,1.0
HTSB,1,1,2,0.5
HTSH,0,0,0,
HTSM,2,0,2,1.0
HTSP,2,2,4,0.5
HTSS,2,0,2,1.0
HTST,0,0,0,
HTSb,0,1,1,0.0
HTSm,0,1,1,0.0
HTSn,1,0,1,1.0
HTTS,0,1,1,0.0
HTTm,0,1,1,0.0
HTbB,2,1,3,0.67
HTbL,1,0,1,1.0
HTbM,0,0,0,
HTbN,0,1,1,0.0
HTbP,3,1,4,0.75
HTbS,2,0,2,1.0
HTbb,2,1,3,0.67
HTbl,1,0,1,1.0
HTbm,1,0,1,1.0
HTbs,1,0,1,1.0
HThP,0,0,0,
HTlB,0,2,2,0.0
HTlM,0,0,0,
HTlN,0,1,1,0.0
HTlP,1,1,2,0.5
HTlS,3,0,3,1.0
HTlm,0,0,0,
HTmB,1,0,1,1.0
HTmD,0,0,0,
HTmH,0,2,2,0.0
HTmL,0,1,1,0.0
HTmM,1,2,3,0.33
HTmN,2,1,3,0.67
HTmP,1,0,1,1.0
HTmS,0,1,1,0.0
HTmb,1,1,2,0.5
HTml,1,0,1,1.0
HTmn,0,1,1,0.0
HTms,1,0,1,1.0
HTnB,0,1,1,0.0
HTnM,3,0,3,1.0
HTnP,0,4,4,0.0
HTnS,0,1,1,0.0
HTnb,1,1,2,0.5
HTnm,1,0,1,1.0
HTnn,1,1,2,0.5
HTns,0,0,0,
HTsH,0,1,1,0.0
HTsM,2,0,2,1.0
HTsP,0,3,3,0.0
HTsS,1,0,1,1.0
HTsT,0,1,1,0.0
HTsb,1,0,1,1.0
HTsm,0,0,0,
HTsn,1,1,2,0.5
HTss,1,0,1,1.0
HbBB,10,15,25,0.4
HbBH,0,1,1,0.0
HbBK,0,0,0,
HbBL,4,5,9,0.44
HbBM,11,9,20,0.55
HbBN,8,15,23,0.35
HbBP,16,20,36,0.44
HbBS,6,10,16,0.38
HbBT,1,2,3,0.33
HbBb,12,12,24,0.5
HbBh,0,3,3,0.0
HbBj,4,7,11,0.36
HbBl,4,5,9,0.44
HbBm,9,8,17,0.53
HbBn,13,13,26,0.5
HbBs,4,2,6,0.67
HbDB,3,1,4,0.75
HbDH,1,2,3,0.33
HbDL,1,0,1,1.0
HbDM,3,1,4,0.75
HbDN,1,2,3,0.33
HbDP,0,2,2,0.0
HbDS,0,1,1,0.0
HbDb,0,1,1,0.0
HbDh,2,0,2,1.0
HbDl,1,0,1,1.0
HbDm,2,2,4,0.5
HbDn,1,0,1,1.0
HbHB,1,1,2,0.5
HbHK,1,1,2,0.5
HbHL,0,2,2,0.0
HbHM,7,7,14,0.5
HbHN,4,3,7,0.57
HbHP,2,7,9,0.22
HbHS,2,2,4,0.5
HbHb,1,2,3,0.33
HbHh,1,3,4,0.25
HbHl,0,1,1,0.0
HbHm,3,1,4,0.75
HbHn,5,2,7,0.71
HbHs,2,1,3,0.67
HbIH,2,2,4,0.5
HbIL,1,0,1,1.0
HbIM,2,0,2,1.0
HbIN,0,1,1,0.0
HbIP,3,2,5,0.6
HbIS,1,1,2,0.5
HbIb,2,0,2,1.0
HbIn,2,3,5,0.4
HbIs,1,1,2,0.5
HbJB,2,0,2,1.0
HbJH,2,2,4,0.5
HbJI,0,1,1,0.0
HbJK,4,0,4,1.0
HbJL,4,2,6,0.67
HbJM,5,5,10,0.5
HbJN,6,4,10,0.6
HbJP,3,2,5,0.6
HbJS,4,3,7,0.57
HbJb,3,6,9,0.33
HbJh,2,1,3,0.67
HbJl,3,1,4,0.75
HbJm,2,4,6,0.33
HbJn,2,2,4,0.5
HbJs,1,0,1,1.0
HbKB,1,1,2,0.5
HbKD,0,1,1,0.0
HbKH,1,0,1,1.0
HbKL,2,0,2,1.0
HbKM,0,1,1,0.0
HbKN,1,0,1,1.0
HbKP,1,3,4,0.25
HbKS,1,2,3,0.33
HbKb,0,1,1,0.0
HbKh,1,3,4,0.25
HbKl,0,0,0,
HbKm,1,0,1,1.0
HbKn,2,1,3,0.67
HbKs,0,0,0,
HbLB,5,7,12,0.42
HbLD,1,0,1,1.0
HbLL,1,3,4,0.25
HbLM,6,3,9,0.67
HbLN,3,3,6,0.5
HbLP,13,6,19,0.68
HbLS,1,3,4,0.25
HbLT,1,0,1,1.0
HbLb,7,3,10,0.7
HbLh,1,4,5,0.2
HbLj,0,2,2,0.0
HbLl,0,0,0,
HbLm,4,2,6,0.67
HbLn,5,3,8,0.62
HbLs,2,7,9,0.22
HbMB,12,5,17,0.71
HbMD,3,1,4,0.75
HbML,4,3,7,0.57
HbMM,10,10,20,0.5
HbMN,19,12,31,0.61
HbMP,20,9,29,0.69
HbMS,11,10,21,0.52
HbMT,1,3,4,0.25
HbMb,12,8,20,0.6
HbMh,7,10,17,0.41
HbMj,7,2,9,0.78
HbMl,3,6,9,0.33
HbMm,15,11,26,0.58
HbMn,8,9,17,0.47
HbMs,10,7,17,0.59
HbNB,11,9,20,0.55
HbND,1,1,2,0.5
HbNH,3,2,5,0.6
HbNK,3,0,3,1.0
HbNL,5,6,11,0.45
HbNM,17,18,35,0.49
HbNN,19,19,38,0.5
HbNP,24,18,42,0.57
HbNS,14,12,26,0.54
HbNT,4,4,8,0.5
HbNb,13,13,26,0.5
HbNh,4,6,10,0.4
HbNl,1,10,11,0.09
HbNm,15,7,22,0.68
HbNn,23,21,44,0.52
HbNs,5,5,10,0.5
HbPB,13,13,26,0.5
HbPD,1,2,3,0.33
HbPH,2,2,4,0.5
HbPI,1,0,1,1.0
HbPK,1,4,5,0.2
HbPL,11,6,17,0.65
HbPM,23,19,42,0.55
HbPN,11,19,30,0.37
HbPP,34,27,61,0.56
HbPS,7,9,16,0.44
HbPT,0,4,4,0.0
HbPb,21,16,37,0.57
HbPh,3,2,5,0.6
HbPl,9,3,12,0.75
HbPm,12,13,25,0.48
HbPn,14,15,29,0.48
HbPs,9,7,16,0.56
HbSB,7,4,11,0.64
HbSH,5,2,7,0.71
HbSI,0,0,0,
HbSL,1,3,4,0.25
HbSM,5,12,17,0.29
HbSN,3,7,10,0.3
HbSP,11,15,26,0.42
HbSS,5,7,12,0.42
HbST,0,4,4,0.0
HbSb,3,4,7,0.43
HbSh,6,4,10,0.6
HbSl,1,2,3,0.33
HbSm,6,3,9,0.67
HbSn,15,8,23,0.65
HbSs,4,7,11,0.36
HbbB,13,17,30,0.43
HbbD,1,0,1,1.0
HbbH,6,3,9,0.67
HbbI,1,1,2,0.5
HbbJ,6,3,9,0.67
HbbL,4,2,6,0.67
HbbM,13,12,25,0.52
HbbN,12,18,30,0.4
HbbP,21,13,34,0.62
HbbS,7,6,13,0.54
Hbbb,19,19,38,0.5
Hbbl,4,6,10,0.4
Hbbm,12,8,20,0.6
Hbbn,6,9,15,0.4
Hbbs,5,5,10,0.5
HbhI,0,1,1,0.0
HblB,2,3,5,0.4
HblH,1,0,1,1.0
HblJ,1,1,2,0.5
HblL,1,1,2,0.5
HblM,5,6,11,0.45
HblN,6,4,10,0.6
HblP,6,4,10,0.6
HblS,5,4,9,0.56
Hblb,6,5,11,0.55
Hbll,1,3,4,0.25
Hblm,1,4,5,0.2
Hbln,1,3,4,0.25
Hbls,3,2,5,0.6
HbmB,12,7,19,0.63
HbmD,4,0,4,1.0
HbmH,6,8,14,0.43
HbmJ,1,1,2,0.5
HbmK,0,1,1,0.0
HbmL,5,2,7,0.71
HbmM,13,10,23,0.57
HbmN,7,10,17,0.41
HbmP,16,8,24,0.67
HbmS,2,7,9,0.22
HbmT,0,1,1,0.0
Hbmb,7,11,18,0.39
Hbml,2,0,2,1.0
Hbmm,8,5,13,0.62
Hbmn,9,8,17,0.53
Hbms,3,1,4,0.75
HbnB,7,10,17,0.41
HbnD,1,1,2,0.5
HbnH,3,4,7,0.43
HbnI,1,0,1,1.0
HbnK,1,1,2,0.5
HbnL,5,5,10,0.5
HbnM,9,18,27,0.33
HbnN,10,17,27,0.37
HbnP,26,16,42,0.62
HbnS,10,12,22,0.45
Hbnb,23,13,36,0.64
Hbnh,1,0,1,1.0
Hbnl,7,3,10,0.7
Hbnm,9,7,16,0.56
Hbnn,11,11,22,0.5
Hbns,7,2,9,0.78
HbsB,6,1,7,0.86
HbsD,1,1,2,0.5
HbsH,3,5,8,0.38
HbsI,1,1,2,0.5
HbsK,0,1,1,0.0
HbsL,5,2,7,0.71
HbsM,7,14,21,0.33
HbsN,4,7,11,0.36
HbsP,8,10,18,0.44
HbsS,3,6,9,0.33
Hbsb,4,8,12,0.33
Hbsl,2,3,5,0.4
Hbsm,5,3,8,0.62
Hbsn,6,6,12,0.5
Hbss,4,3,7,0.57
HhBB,5,4,9,0.56
HhBD,1,0,1,1.0
HhBK,1,0,1,1.0
HhBL,0,1,1,0.0
HhBM,4,4,8,0.5
HhBN,2,5,7,0.29
HhBP,6,2,8,0.75
HhBS,1,0,1,1.0
HhBb,7,6,13,0.54
HhBj,0,1,1,0.0
HhBl,1,0,1,1.0
HhBm,2,4,6,0.33
HhBn,3,3,6,0.5
HhBs,0,1,1,0.0
HhDH,1,0,1,1.0
HhDM,0,1,1,0.0
HhDP,1,2,3,0.33
HhDb,2,2,4,0.5
HhDm,1,2,3,0.33
HhDn,1,1,2,0.5
HhDs,1,0,1,1.0
HhHB,0,1,1,0.0
HhHD,1,0,1,1.0
HhHH,0,0,0,
HhHM,3,1,4,0.75
HhHN,0,1,1,0.0
HhHP,1,1,2,0.5
HhHS,0,1,1,0.0
HhHb,2,0,2,1.0
HhHh,2,0,2,1.0
HhHl,0,0,0,
HhHm,5,1,6,0.83
HhHn,2,0,2,1.0
HhHs,3,3,6,0.5
HhIH,1,0,1,1.0
HhIM,0,1,1,0.0
HhIN,1,0,1,1.0
HhIP,1,1,2,0.5
HhIS,1,0,1,1.0
HhIm,1,0,1,1.0
HhIn,1,0,1,1.0
HhKM,0,1,1,0.0
HhKN,2,0,2,1.0
HhKP,0,0,0,
HhKS,0,0,0,
HhKm,2,0,2,1.0
HhKs,0,1,1,0.0
HhLB,3,1,4,0.75
HhLL,1,2,3,0.33
HhLM,1,3,4,0.25
HhLN,0,5,5,0.0
HhLP,3,2,5,0.6
HhLS,0,3,3,0.0
HhLb,1,2,3,0.33
HhLj,0,1,1,0.0
HhLl,0,4,4,0.0
HhLm,3,2,5,0.6
HhLn,2,5,7,0.29
HhLs,2,2,4,0.5
HhMB,6,4,10,0.6
HhMD,1,1,2,0.5
HhMH,1,0,1,1.0
HhML,4,0,4,1.0
HhMM,5,4,9,0.56
HhMN,6,1,7,0.86
HhMP,8,5,13,0.62
HhMS,2,5,7,0.29
HhMb,4,8,12,0.33
HhMh,4,11,15,0.27
HhMl,3,6,9,0.33
HhMm,7,4,11,0.64
HhMn,5,6,11,0.45
HhMs,5,3,8,0.62
HhNB,0,3,3,0.0
HhND,0,0,0,
HhNH,0,1,1,0.0
HhNK,0,2,2,0.0
HhNL,1,1,2,0.5
HhNM,4,4,8,0.5
HhNN,6,7,13,0.46
HhNP,6,10,16,0.38
HhNS,1,1,2,0.5
HhNT,1,0,1,1.0
HhNb,5,0,5,1.0
HhNh,1,2,3,0.33
HhNl,1,3,4,0.25
HhNm,6,3,9,0.67
HhNn,6,6,12,0.5
HhNs,3,5,8,0.38
HhPB,7,3,10,0.7
HhPD,2,1,3,0.67
HhPH,2,1,3,0.67
HhPI,1,0,1,1.0
HhPK,1,2,3,0.33
HhPL,0,2,2,0.0
HhPM,7,12,19,0.37
HhPN,6,9,15,0.4
HhPP,9,16,25,0.36
HhPS,4,3,7,0.57
HhPT,2,0,2,1.0
HhPb,10,4,14,0.71
HhPh,1,1,2,0.5
HhPl,1,3,4,0.25
HhPm,9,12,21,0.43
HhPn,4,5,9,0.44
HhPs,11,4,15,0.73
HhSB,1,3,4,0.25
HhSD,0,1,1,0.0
HhSH,3,2,5,0.6
HhSI,1,0,1,1.0
HhSK,0,1,1,0.0
HhSL,0,1,1,0.0
HhSM,6,6,12,0.5
HhSN,3,7,10,0.3
HhSP,7,2,9,0.78
HhSS,4,7,11,0.36
HhST,1,3,4,0.25
HhSb,6,5,11,0.55
HhSh,3,3,6,0.5
HhSl,4,1,5,0.8
HhSm,7,4,11,0.64
HhSn,4,11,15,0.27
HhSs,6,9,15,0.4
HhTB,0,2,2,0.0
HhTD,1,0,1,1.0
HhTL,0,1,1,0.0
HhTM,0,1,1,0.0
HhTN,1,0,1,1.0
HhTP,1,0,1,1.0
HhTS,1,2,3,0.33
HhTb,1,1,2,0.5
HhTl,1,0,1,1.0
HhTm,1,0,1,1.0
HhTn,0,1,1,0.0
HhbB,7,6,13,0.54
HhbD,1,1,2,0.5
HhbH,3,2,5,0.6
HhbI,1,0,1,1.0
HhbJ,0,3,3,0.0
HhbK,1,0,1,1.0
HhbL,3,4,7,0.43
HhbM,4,5,9,0.44
HhbN,8,3,11,0.73
HhbP,7,6,13,0.54
HhbS,7,1,8,0.88
Hhbb,6,4,10,0.6
Hhbh,1,0,1,1.0
Hhbl,1,1,2,0.5
Hhbm,3,1,4,0.75
Hhbn,4,6,10,0.4
Hhbs,3,0,3,1.0
HhhB,5,2,7,0.71
HhhH,2,3,5,0.4
HhhL,1,3,4,0.25
HhhM,3,3,6,0.5
HhhN,4,3,7,0.57
HhhP,3,3,6,0.5
HhhS,4,8,12,0.33
Hhhb,6,8,14,0.43
Hhhh,6,3,9,0.67
Hhhl,1,2,3,0.33
Hhhm,5,3,8,0.62
Hhhn,3,4,7,0.43
Hhhs,4,3,7,0.57
HhlB,0,4,4,0.0
HhlH,1,0,1,1.0
HhlJ,1,1,2,0.5
HhlK,0,1,1,0.0
HhlL,0,1,1,0.0
HhlM,2,7,9,0.22
HhlN,6,3,9,0.67
HhlP,1,3,4,0.25
HhlS,3,5,8,0.38
Hhlb,1,5,6,0.17
Hhll,2,0,2,1.0
Hhlm,7,1,8,0.88
Hhln,1,0,1,1.0
Hhls,2,4,6,0.33
HhmB,5,1,6,0.83
HhmD,1,0,1,1.0
HhmH,2,2,4,0.5
HhmJ,0,1,1,0.0
HhmL,1,3,4,0.25
HhmM,6,14,20,0.3
HhmN,4,5,9,0.44
HhmP,11,7,18,0.61
HhmS,4,4,8,0.5
Hhmb,5,3,8,0.62
Hhmh,0,1,1,0.0
Hhml,3,1,4,0.75
Hhmm,4,6,10,0.4
Hhmn,3,1,4,0.75
Hhms,6,0,6,1.0
HhnB,8,3,11,0.73
HhnH,3,0,3,1.0
HhnI,1,1,2,0.5
HhnK,1,0,1,1.0
HhnL,2,3,5,0.4
HhnM,2,6,8,0.25
HhnN,6,6,12,0.5
HhnP,9,11,20,0.45
HhnS,8,5,13,0.62
Hhnb,3,4,7,0.43
Hhnl,1,3,4,0.25
Hhnm,6,6,12,0.5
Hhnn,5,8,13,0.38
Hhns,4,2,6,0.67
HhsB,2,1,3,0.67
HhsD,2,0,2,1.0
HhsH,4,7,11,0.36
HhsI,1,2,3,0.33
HhsK,0,1,1,0.0
HhsL,0,3,3,0.0
HhsM,10,10,20,0.5
HhsN,5,2,7,0.71
HhsP,6,8,14,0.43
HhsS,9,11,20,0.45
Hhsb,2,2,4,0.5
Hhsh,0,0,0,
Hhsl,0,2,2,0.0
Hhsm,3,3,6,0.5
Hhsn,6,2,8,0.75
Hhss,4,6,10,0.4
HlBB,6,3,9,0.67
HlBD,1,0,1,1.0
HlBK,1,0,1,1.0
HlBL,2,2,4,0.5
HlBM,5,4,9,0.56
HlBN,4,2,6,0.67
HlBP,2,7,9,0.22
HlBS,2,9,11,0.18
HlBT,1,1,2,0.5
HlBb,3,3,6,0.5
HlBh,1,2,3,0.33
HlBj,2,1,3,0.67
HlBl,4,4,8,0.5
HlBm,5,5,10,0.5
HlBn,5,7,12,0.42
HlBs,1,3,4,0.25
HlDB,1,1,2,0.5
HlDL,1,1,2,0.5
HlDM,1,0,1,1.0
HlDN,0,1,1,0.0
HlDP,0,1,1,0.0
HlDT,0,1,1,0.0
HlDb,0,0,0,
HlDn,0,2,2,0.0
HlDs,3,1,4,0.75
HlHB,4,4,8,0.5
HlHD,1,0,1,1.0
HlHK,1,1,2,0.5
HlHL,1,2,3,0.33
HlHM,3,2,5,0.6
HlHN,4,5,9,0.44
HlHP,2,3,5,0.4
HlHS,4,1,5,0.8
HlHT,2,0,2,1.0
HlHb,3,4,7,0.43
HlHh,2,0,2,1.0
HlHl,1,1,2,0.5
HlHm,5,2,7,0.71
HlHn,1,5,6,0.17
HlHs,4,1,5,0.8
HlIN,0,2,2,0.0
HlIP,0,1,1,0.0
HlIS,0,1,1,0.0
HlIb,0,1,1,0.0
HlIm,1,0,1,1.0
HlIs,2,0,2,1.0
HlJB,0,1,1,0.0
HlJD,1,0,1,1.0
HlJH,2,1,3,0.67
HlJL,0,0,0,
HlJN,3,1,4,0.75
HlJP,1,1,2,0.5
HlJS,0,3,3,0.0
HlJb,1,0,1,1.0
HlJm,1,4,5,0.2
HlJn,2,2,4,0.5
HlJs,1,0,1,1.0
HlKB,0,1,1,0.0
HlKM,1,0,1,1.0
HlKP,1,0,1,1.0
HlKh,1,0,1,1.0
HlKl,1,0,1,1.0
HlKn,0,1,1,0.0
HlLB,0,4,4,0.0
HlLL,0,3,3,0.0
HlLM,4,2,6,0.67
HlLN,2,1,3,0.67
HlLP,0,2,2,0.0
HlLS,2,0,2,1.0
HlLT,1,0,1,1.0
HlLb,1,3,4,0.25
HlLh,2,0,2,1.0
HlLj,1,1,2,0.5
HlLl,0,2,2,0.0
HlLm,2,1,3,0.67
HlLn,4,2,6,0.67
HlLs,3,0,3,1.0
HlMB,2,2,4,0.5
HlMD,1,1,2,0.5
HlML,1,1,2,0.5
HlMM,3,9,12,0.25
HlMN,6,7,13,0.46
HlMP,5,9,14,0.36
HlMS,7,8,15,0.47
HlMb,5,3,8,0.62
HlMh,3,6,9,0.33
HlMj,3,3,6,0.5
HlMl,5,1,6,0.83
HlMm,4,7,11,0.36
HlMn,7,12,19,0.37
HlMs,5,8,13,0.38
HlNB,2,4,6,0.33
HlND,1,1,2,0.5
HlNH,0,3,3,0.0
HlNK,1,0,1,1.0
HlNL,3,1,4,0.75
HlNM,4,4,8,0.5
HlNN,8,8,16,0.5
HlNP,12,9,21,0.57
HlNS,3,10,13,0.23
HlNT,1,1,2,0.5
HlNb,2,8,10,0.2
HlNh,2,2,4,0.5
HlNl,2,2,4,0.5
HlNm,4,5,9,0.44
HlNn,9,8,17,0.53
HlNs,6,4,10,0.6
HlPB,7,5,12,0.58
HlPH,3,1,4,0.75
HlPI,0,1,1,0.0
HlPL,2,0,2,1.0
HlPM,4,5,9,0.44
HlPN,4,9,13,0.31
HlPP,10,8,18,0.56
HlPS,3,6,9,0.33
HlPT,2,1,3,0.67
HlPb,11,5,16,0.69
HlPh,1,0,1,1.0
HlPl,7,6,13,0.54
HlPm,4,5,9,0.44
HlPn,4,5,9,0.44
HlPs,6,6,12,0.5
HlSB,0,1,1,0.0
HlSH,1,4,5,0.2
HlSL,0,3,3,0.0
HlSM,5,5,10,0.5
HlSN,0,8,8,0.0
HlSP,5,4,9,0.56
HlSS,5,3,8,0.62
HlST,0,2,2,0.0
HlSb,3,3,6,0.5
HlSh,4,4,8,0.5
HlSl,5,3,8,0.62
HlSm,4,2,6,0.67
HlSn,3,3,6,0.5
HlSs,2,2,4,0.5
HlbB,10,7,17,0.59
HlbD,0,1,1,0.0
HlbH,0,1,1,0.0
HlbI,1,0,1,1.0
HlbJ,1,0,1,1.0
HlbK,1,0,1,1.0
HlbL,2,1,3,0.67
HlbM,4,1,5,0.8
HlbN,11,9,20,0.55
HlbP,5,12,17,0.29
HlbS,1,9,10,0.1
Hlbb,15,12,27,0.56
Hlbl,3,1,4,0.75
Hlbm,8,3,11,0.73
Hlbn,6,7,13,0.46
Hlbs,2,2,4,0.5
HlhM,0,1,1,0.0
HlhT,1,0,1,1.0
HllB,2,2,4,0.5
HllH,1,2,3,0.33
HllI,0,1,1,0.0
HllJ,0,1,1,0.0
HllL,1,0,1,1.0
HllM,3,3,6,0.5
HllN,4,4,8,0.5
HllP,5,1,6,0.83
HllS,1,4,5,0.2
Hllb,3,2,5,0.6
Hlll,1,0,1,1.0
Hllm,0,0,0,
Hlln,2,1,3,0.67
Hlls,3,0,3,1.0
HlmB,6,5,11,0.55
HlmD,1,3,4,0.25
HlmH,1,5,6,0.17
HlmJ,1,1,2,0.5
HlmK,0,1,1,0.0
HlmL,2,0,2,1.0
HlmM,6,9,15,0.4
HlmN,5,6,11,0.45
HlmP,3,7,10,0.3
HlmS,3,2,5,0.6
Hlmb,7,3,10,0.7
Hlml,4,2,6,0.67
Hlmm,1,2,3,0.33
Hlmn,3,4,7,0.43
Hlms,2,1,3,0.67
HlnB,3,2,5,0.6
HlnH,4,4,8,0.5
HlnI,0,0,0,
HlnL,0,4,4,0.0
HlnM,4,6,10,0.4
HlnN,6,5,11,0.55
HlnP,9,7,16,0.56
HlnS,2,4,6,0.33
Hlnb,4,3,7,0.57
Hlnl,1,1,2,0.5
Hlnm,2,1,3,0.67
Hlnn,7,5,12,0.58
Hlns,4,7,11,0.36
HlsB,1,1,2,0.5
HlsH,2,4,6,0.33
HlsI,0,0,0,
HlsL,0,1,1,0.0
HlsM,2,6,8,0.25
HlsN,6,3,9,0.67
HlsP,5,2,7,0.71
HlsS,4,1,5,0.8
Hlsb,7,1,8,0.88
Hlsl,3,1,4,0.75
Hlsm,5,2,7,0.71
Hlsn,5,3,8,0.62
Hlss,3,1,4,0.75
HmBB,7,10,17,0.41
HmBD,1,1,2,0.5
HmBH,1,0,1,1.0
HmBK,0,3,3,0.0
HmBL,5,3,8,0.62
HmBM,4,11,15,0.27
HmBN,8,9,17,0.47
HmBP,16,9,25,0.64
HmBS,11,6,17,0.65
HmBT,0,1,1,0.0
HmBb,9,5,14,0.64
HmBh,1,0,1,1.0
HmBj,0,1,1,0.0
HmBl,6,3,9,0.67
HmBm,13,9,22,0.59
HmBn,17,13,30,0.57
HmBs,7,5,12,0.58
HmDB,3,1,4,0.75
HmDD,0,0,0,
HmDH,0,2,2,0.0
HmDK,0,0,0,
HmDL,0,1,1,0.0
HmDM,4,2,6,0.67
HmDN,0,3,3,0.0
HmDP,1,2,3,0.33
HmDS,3,2,5,0.6
HmDT,0,0,0,
HmDb,1,2,3,0.33
HmDl,0,0,0,
HmDm,4,2,6,0.67
HmDn,2,4,6,0.33
HmDs,0,1,1,0.0
HmHB,7,10,17,0.41
HmHD,2,2,4,0.5
HmHH,2,1,3,0.67
HmHI,0,0,0,
HmHK,1,0,1,1.0
HmHL,3,4,7,0.43
HmHM,5,6,11,0.45
HmHN,5,10,15,0.33
HmHP,8,12,20,0.4
HmHS,2,5,7,0.29
HmHT,1,1,2,0.5
HmHb,5,5,10,0.5
HmHh,5,9,14,0.36
HmHl,4,8,12,0.33
HmHm,7,7,14,0.5
HmHn,11,10,21,0.52
HmHs,5,6,11,0.45
HmIB,1,0,1,1.0
HmIH,1,1,2,0.5
HmIL,1,0,1,1.0
HmIM,2,2,4,0.5
HmIP,2,0,2,1.0
HmIS,0,1,1,0.0
HmIb,0,2,2,0.0
HmIn,2,1,3,0.67
HmJB,4,2,6,0.67
HmJD,1,0,1,1.0
HmJL,1,2,3,0.33
HmJM,6,3,9,0.67
HmJN,5,1,6,0.83
HmJP,2,2,4,0.5
HmJS,0,5,5,0.0
HmJb,1,4,5,0.2
HmJl,0,0,0,
HmJm,2,1,3,0.67
HmJn,4,0,4,1.0
HmJs,2,1,3,0.67
HmKb,0,1,1,0.0
HmKs,1,0,1,1.0
HmLB,5,2,7,0.71
HmLD,0,1,1,0.0
HmLL,1,2,3,0.33
HmLM,5,4,9,0.56
HmLN,8,3,11,0.73
HmLP,4,8,12,0.33
HmLS,2,4,6,0.33
HmLT,1,0,1,1.0
HmLb,2,6,8,0.25
HmLh,3,4,7,0.43
HmLl,2,2,4,0.5
HmLm,5,2,7,0.71
HmLn,5,6,11,0.45
HmLs,0,5,5,0.0
HmMB,10,11,21,0.48
HmMD,5,2,7,0.71
HmML,3,2,5,0.6
HmMM,15,10,25,0.6
HmMN,20,19,39,0.51
HmMP,12,16,28,0.43
HmMS,13,10,23,0.57
HmMT,2,4,6,0.33
HmMb,12,7,19,0.63
HmMh,13,11,24,0.54
HmMj,7,6,13,0.54
HmMl,3,3,6,0.5
HmMm,16,13,29,0.55
HmMn,19,28,47,0.4
HmMs,11,9,20,0.55
HmNB,11,7,18,0.61
HmND,2,2,4,0.5
HmNH,4,1,5,0.8
HmNI,0,1,1,0.0
HmNK,2,2,4,0.5
HmNL,3,5,8,0.38
HmNM,10,15,25,0.4
HmNN,15,14,29,0.52
HmNP,22,21,43,0.51
HmNS,11,11,22,0.5
HmNT,3,2,5,0.6
HmNb,5,8,13,0.38
HmNh,6,6,12,0.5
HmNl,7,4,11,0.64
HmNm,11,9,20,0.55
HmNn,20,26,46,0.43
HmNs,17,10,27,0.63
HmPB,19,14,33,0.58
HmPD,4,2,6,0.67
HmPH,0,2,2,0.0
HmPI,1,0,1,1.0
HmPK,1,1,2,0.5
HmPL,3,4,7,0.43
HmPM,7,14,21,0.33
HmPN,12,14,26,0.46
HmPP,20,29,49,0.41
HmPS,6,15,21,0.29
HmPT,3,1,4,0.75
HmPb,12,13,25,0.48
HmPl,5,10,15,0.33
HmPm,9,11,20,0.45
HmPn,18,14,32,0.56
HmPs,14,10,24,0.58
HmSB,2,2,4,0.5
HmSD,2,2,4,0.5
HmSH,2,3,5,0.4
HmSL,2,2,4,0.5
HmSM,7,6,13,0.54
HmSN,3,10,13,0.23
HmSP,11,10,21,0.52
HmSS,17,12,29,0.59
HmST,1,0,1,1.0
HmSb,6,8,14,0.43
HmSh,1,8,9,0.11
HmSl,2,4,6,0.33
HmSm,11,5,16,0.69
HmSn,8,8,16,0.5
HmSs,7,8,15,0.47
HmbB,17,13,30,0.57
HmbD,1,0,1,1.0
HmbH,4,1,5,0.8
HmbI,2,0,2,1.0
HmbJ,4,2,6,0.67
HmbK,0,1,1,0.0
HmbL,10,2,12,0.83
HmbM,13,14,27,0.48
HmbN,14,14,28,0.5
HmbP,11,15,26,0.42
HmbS,3,5,8,0.38
Hmbb,15,12,27,0.56
Hmbl,5,2,7,0.71
Hmbm,8,2,10,0.8
Hmbn,13,9,22,0.59
Hmbs,1,2,3,0.33
HmhS,0,0,0,
Hmhl,1,0,1,1.0
HmlB,3,2,5,0.6
HmlD,0,0,0,
HmlH,3,3,6,0.5
HmlI,0,0,0,
HmlJ,2,1,3,0.67
HmlL,0,1,1,0.0
HmlM,5,5,10,0.5
HmlN,4,5,9,0.44
HmlP,3,4,7,0.43
HmlS,5,2,7,0.71
Hmlb,6,0,6,1.0
Hmlh,0,1,1,0.0
Hmll,4,2,6,0.67
Hmlm,2,3,5,0.4
Hmln,2,4,6,0.33
Hmls,2,2,4,0.5
HmmB,9,7,16,0.56
HmmD,1,1,2,0.5
HmmH,8,7,15,0.53
HmmI,2,1,3,0.67
HmmJ,3,2,5,0.6
HmmK,0,1,1,0.0
HmmL,2,3,5,0.4
HmmM,11,15,26,0.42
HmmN,13,8,21,0.62
HmmP,10,12,22,0.45
HmmS,4,3,7,0.57
Hmmb,19,10,29,0.66
Hmml,4,2,6,0.67
Hmmm,12,8,20,0.6
Hmmn,13,11,24,0.54
Hmms,9,1,10,0.9
HmnB,9,9,18,0.5
HmnD,2,2,4,0.5
HmnH,7,5,12,0.58
HmnI,0,0,0,
HmnK,0,0,0,
HmnL,3,2,5,0.6
HmnM,11,9,20,0.55
HmnN,18,11,29,0.62
HmnP,15,13,28,0.54
HmnS,5,10,15,0.33
Hmnb,7,4,11,0.64
Hmnl,3,5,8,0.38
Hmnm,8,10,18,0.44
Hmnn,15,17,32,0.47
Hmns,5,6,11,0.45
HmsB,8,3,11,0.73
HmsD,1,1,2,0.5
HmsH,5,3,8,0.62
HmsI,3,0,3,1.0
HmsK,0,1,1,0.0
HmsL,1,2,3,0.33
HmsM,9,5,14,0.64
HmsN,7,3,10,0.7
HmsP,4,9,13,0.31
HmsS,12,6,18,0.67
Hmsb,8,2,10,0.8
Hmsl,1,2,3,0.33
Hmsm,4,7,11,0.36
Hmsn,10,4,14,0.71
Hmss,4,7,11,0.36
HnBB,8,6,14,0.57
HnBD,0,2,2,0.0
HnBK,2,1,3,0.67
HnBL,0,2,2,0.0
HnBM,8,10,18,0.44
HnBN,9,7,16,0.56
HnBP,11,14,25,0.44
HnBS,5,10,15,0.33
HnBT,0,1,1,0.0
HnBb,7,7,14,0.5
HnBj,3,0,3,1.0
HnBl,4,7,11,0.36
HnBm,6,6,12,0.5
HnBn,17,16,33,0.52
HnBs,5,3,8,0.62
HnDB,0,2,2,0.0
HnDD,1,1,2,0.5
HnDH,0,1,1,0.0
HnDI,0,1,1,0.0
HnDL,0,1,1,0.0
HnDM,2,2,4,0.5
HnDN,1,3,4,0.25
HnDP,3,0,3,1.0
HnDS,2,4,6,0.33
HnDb,2,1,3,0.67
HnDh,0,1,1,0.0
HnDl,0,0,0,
HnDm,1,0,1,1.0
HnDn,0,1,1,0.0
HnDs,4,2,6,0.67
HnHB,4,4,8,0.5
HnHD,1,0,1,1.0
HnHH,1,0,1,1.0
HnHI,2,1,3,0.67
HnHK,1,2,3,0.33
HnHL,6,4,10,0.6
HnHM,10,7,17,0.59
HnHN,5,10,15,0.33
HnHP,7,7,14,0.5
HnHS,3,8,11,0.27
HnHT,1,0,1,1.0
HnHb,4,3,7,0.57
HnHh,5,4,9,0.56
HnHl,1,4,5,0.2
HnHm,7,5,12,0.58
HnHn,7,10,17,0.41
HnHs,9,6,15,0.6
HnIB,0,3,3,0.0
HnIH,1,1,2,0.5
HnIL,0,0,0,
HnIM,2,5,7,0.29
HnIN,2,3,5,0.4
HnIP,3,2,5,0.6
HnIS,3,3,6,0.5
HnIb,3,3,6,0.5
HnIl,0,2,2,0.0
HnIn,0,3,3,0.0
HnIs,0,0,0,
HnKB,1,0,1,1.0
HnKD,1,0,1,1.0
HnKL,0,0,0,
HnKM,0,3,3,0.0
HnKN,1,0,1,1.0
HnKP,2,2,4,0.5
HnKS,1,1,2,0.5
HnKb,0,1,1,0.0
HnKh,1,1,2,0.5
HnKm,2,0,2,1.0
HnKn,3,2,5,0.6
HnKs,1,2,3,0.33
HnLB,4,3,7,0.57
HnLD,0,1,1,0.0
HnLK,0,1,1,0.0
HnLL,4,3,7,0.57
HnLM,5,6,11,0.45
HnLN,3,5,8,0.38
HnLP,11,9,20,0.55
HnLS,4,2,6,0.67
HnLT,0,1,1,0.0
HnLb,3,3,6,0.5
HnLh,0,2,2,0.0
HnLl,4,4,8,0.5
HnLm,3,6,9,0.33
HnLn,8,6,14,0.57
HnLs,1,2,3,0.33
HnMB,14,7,21,0.67
HnMD,2,0,2,1.0
HnMK,1,0,1,1.0
HnML,2,2,4,0.5
HnMM,14,16,30,0.47
HnMN,25,12,37,0.68
HnMP,14,19,33,0.42
HnMS,9,9,18,0.5
HnMT,1,2,3,0.33
HnMb,10,14,24,0.42
HnMh,20,14,34,0.59
HnMj,4,6,10,0.4
HnMl,9,9,18,0.5
HnMm,21,9,30,0.7
HnMn,26,19,45,0.58
HnMs,9,4,13,0.69
HnNB,12,16,28,0.43
HnND,2,3,5,0.4
HnNH,3,2,5,0.6
HnNK,1,0,1,1.0
HnNL,3,6,9,0.33
HnNM,11,16,27,0.41
HnNN,26,10,36,0.72
HnNP,39,25,64,0.61
HnNS,14,11,25,0.56
HnNT,2,4,6,0.33
HnNb,9,15,24,0.38
HnNh,7,6,13,0.54
HnNl,5,5,10,0.5
HnNm,21,13,34,0.62
HnNn,25,26,51,0.49
HnNs,15,13,28,0.54
HnPB,16,14,30,0.53
HnPD,1,4,5,0.2
HnPH,2,7,9,0.22
HnPI,1,3,4,0.25
HnPK,3,2,5,0.6
HnPL,15,12,27,0.56
HnPM,17,22,39,0.44
HnPN,25,22,47,0.53
HnPP,39,31,70,0.56
HnPS,17,18,35,0.49
HnPT,0,4,4,0.0
HnPb,34,18,52,0.65
HnPh,4,4,8,0.5
HnPl,15,9,24,0.62
HnPm,22,20,42,0.52
HnPn,18,30,48,0.38
HnPs,15,22,37,0.41
HnSB,9,9,18,0.5
HnSD,3,1,4,0.75
HnSH,8,2,10,0.8
HnSI,1,0,1,1.0
HnSK,0,1,1,0.0
HnSL,3,7,10,0.3
HnSM,10,7,17,0.59
HnSN,14,12,26,0.54
HnSP,23,19,42,0.55
HnSS,10,12,22,0.45
HnST,1,1,2,0.5
HnSb,5,6,11,0.45
HnSh,9,9,18,0.5
HnSl,4,2,6,0.67
HnSm,18,10,28,0.64
HnSn,18,8,26,0.69
HnSs,10,9,19,0.53
HnTh,1,0,1,1.0
HnbB,8,15,23,0.35
HnbD,2,0,2,1.0
HnbH,3,2,5,0.6
HnbI,1,1,2,0.5
HnbJ,7,2,9,0.78
HnbK,1,3,4,0.25
HnbL,2,6,8,0.25
HnbM,18,15,33,0.55
HnbN,18,18,36,0.5
HnbP,18,17,35,0.51
HnbS,9,6,15,0.6
Hnbb,9,9,18,0.5
Hnbl,3,5,8,0.38
Hnbm,17,8,25,0.68
Hnbn,13,10,23,0.57
Hnbs,6,5,11,0.55
HnhB,0,2,2,0.0
HnhH,0,1,1,0.0
HnhM,0,2,2,0.0
HnhN,1,0,1,1.0
HnhP,2,1,3,0.67
HnhS,3,2,5,0.6
Hnhh,0,1,1,0.0
Hnhl,1,1,2,0.5
Hnhm,1,1,2,0.5
Hnhn,0,0,0,
Hnhs,2,4,6,0.33
HnlB,2,5,7,0.29
HnlH,7,3,10,0.7
HnlI,0,0,0,
HnlJ,0,1,1,0.0
HnlK,0,1,1,0.0
HnlL,5,1,6,0.83
HnlM,5,5,10,0.5
HnlN,7,9,16,0.44
HnlP,4,7,11,0.36
HnlS,2,9,11,0.18
Hnlb,8,3,11,0.73
Hnll,3,4,7,0.43
Hnlm,6,3,9,0.67
Hnln,7,4,11,0.64
Hnls,2,2,4,0.5
HnmB,10,11,21,0.48
HnmD,1,2,3,0.33
HnmH,6,3,9,0.67
HnmI,0,2,2,0.0
HnmJ,2,3,5,0.4
HnmL,5,2,7,0.71
HnmM,15,12,27,0.56
HnmN,8,12,20,0.4
HnmP,9,14,23,0.39
HnmS,2,8,10,0.2
Hnmb,16,7,23,0.7
Hnml,3,4,7,0.43
Hnmm,5,15,20,0.25
Hnmn,9,10,19,0.47
Hnms,3,10,13,0.23
HnnB,11,16,27,0.41
HnnD,3,0,3,1.0
HnnH,8,10,18,0.44
HnnI,0,1,1,0.0
HnnK,1,2,3,0.33
HnnL,6,5,11,0.55
HnnM,10,19,29,0.34
HnnN,23,24,47,0.49
HnnP,28,27,55,0.51
HnnS,9,11,20,0.45
Hnnb,11,20,31,0.35
Hnnh,0,1,1,0.0
Hnnl,6,4,10,0.6
Hnnm,8,8,16,0.5
Hnnn,21,12,33,0.64
Hnns,12,7,19,0.63
HnsB,8,4,12,0.67
HnsD,1,2,3,0.33
HnsH,16,5,21,0.76
HnsI,1,1,2,0.5
HnsL,3,3,6,0.5
HnsM,7,10,17,0.41
HnsN,15,15,30,0.5
HnsP,9,14,23,0.39
HnsS,10,5,15,0.67
HnsT,1,0,1,1.0
Hnsb,12,6,18,0.67
Hnsh,0,1,1,0.0
Hnsl,3,4,7,0.43
Hnsm,6,3,9,0.67
Hnsn,13,10,23,0.57
Hnss,4,8,12,0.33
HsBB,12,6,18,0.67
HsBD,0,1,1,0.0
HsBL,5,1,6,0.83
HsBM,3,8,11,0.27
HsBN,7,6,13,0.54
HsBP,3,8,11,0.27
HsBS,2,1,3,0.67
HsBT,1,1,2,0.5
HsBb,4,6,10,0.4
HsBh,0,1,1,0.0
HsBj,2,1,3,0.67
HsBl,3,2,5,0.6
HsBm,6,9,15,0.4
HsBn,8,10,18,0.44
HsBs,5,5,10,0.5
HsDB,0,0,0,
HsDD,1,0,1,1.0
HsDH,3,1,4,0.75
HsDK,0,1,1,0.0
HsDL,0,1,1,0.0
HsDN,3,1,4,0.75
HsDP,1,1,2,0.5
HsDS,2,0,2,1.0
HsDb,2,0,2,1.0
HsDl,1,0,1,1.0
HsDm,1,1,2,0.5
HsDn,3,1,4,0.75
HsDs,0,1,1,0.0
HsHB,7,4,11,0.64
HsHD,3,2,5,0.6
HsHH,3,4,7,0.43
HsHI,0,1,1,0.0
HsHK,1,1,2,0.5
HsHL,4,2,6,0.67
HsHM,7,14,21,0.33
HsHN,4,7,11,0.36
HsHP,10,14,24,0.42
HsHS,10,10,20,0.5
HsHT,0,0,0,
HsHb,7,13,20,0.35
HsHh,6,4,10,0.6
HsHl,4,2,6,0.67
HsHm,11,6,17,0.65
HsHn,13,6,19,0.68
HsHs,11,11,22,0.5
HsID,0,1,1,0.0
HsIH,1,1,2,0.5
HsIL,0,1,1,0.0
HsIM,2,2,4,0.5
HsIN,3,2,5,0.6
HsIP,1,0,1,1.0
HsIS,1,1,2,0.5
HsIb,1,1,2,0.5
HsIn,0,1,1,0.0
HsIs,4,4,8,0.5
HsKL,1,1,2,0.5
HsKP,1,0,1,1.0
HsKb,2,0,2,1.0
HsKh,1,1,2,0.5
HsKs,0,1,1,0.0
HsLB,5,2,7,0.71
HsLK,0,2,2,0.0
HsLL,1,4,5,0.2
HsLM,4,4,8,0.5
HsLN,5,2,7,0.71
HsLP,3,6,9,0.33
HsLS,2,4,6,0.33
HsLb,3,5,8,0.38
HsLh,0,3,3,0.0
HsLj,0,0,0,
HsLl,2,2,4,0.5
HsLm,3,2,5,0.6
HsLn,3,6,9,0.33
HsLs,3,6,9,0.33
HsMB,6,10,16,0.38
HsMD,0,1,1,0.0
HsML,3,3,6,0.5
HsMM,10,16,26,0.38
HsMN,11,11,22,0.5
HsMP,12,13,25,0.48
HsMS,5,9,14,0.36
HsMT,0,2,2,0.0
HsMb,7,10,17,0.41
HsMh,10,9,19,0.53
HsMj,2,3,5,0.4
HsMl,2,2,4,0.5
HsMm,13,10,23,0.57
HsMn,18,12,30,0.6
HsMs,14,5,19,0.74
HsNB,7,5,12,0.58
HsND,2,0,2,1.0
HsNH,1,4,5,0.2
HsNI,1,1,2,0.5
HsNK,1,0,1,1.0
HsNL,3,6,9,0.33
HsNM,6,12,18,0.33
HsNN,7,10,17,0.41
HsNP,22,18,40,0.55
HsNS,7,10,17,0.41
HsNT,1,6,7,0.14
HsNb,9,8,17,0.53
HsNh,1,4,5,0.2
HsNl,4,1,5,0.8
HsNm,12,10,22,0.55
HsNn,18,15,33,0.55
HsNs,16,11,27,0.59
HsPB,12,16,28,0.43
HsPD,2,2,4,0.5
HsPH,2,5,7,0.29
HsPL,9,7,16,0.56
HsPM,12,11,23,0.52
HsPN,13,15,28,0.46
HsPP,16,20,36,0.44
HsPS,11,10,21,0.52
HsPT,2,1,3,0.67
HsPb,17,7,24,0.71
HsPh,1,0,1,1.0
HsPl,6,4,10,0.6
HsPm,19,9,28,0.68
HsPn,18,8,26,0.69
HsPs,18,13,31,0.58
HsSB,4,11,15,0.27
HsSD,1,0,1,1.0
HsSH,7,4,11,0.64
HsSI,1,1,2,0.5
HsSK,2,1,3,0.67
HsSL,7,4,11,0.64
HsSM,10,19,29,0.34
HsSN,10,10,20,0.5
HsSP,16,16,32,0.5
HsSS,18,10,28,0.64
HsST,5,2,7,0.71
HsSb,9,6,15,0.6
HsSh,8,8,16,0.5
HsSl,5,3,8,0.62
HsSm,13,13,26,0.5
HsSn,19,14,33,0.58
HsSs,16,12,28,0.57
HsTB,1,0,1,1.0
HsTH,1,0,1,1.0
HsTn,1,0,1,1.0
HsbB,9,7,16,0.56
HsbD,0,0,0,
HsbH,3,2,5,0.6
HsbI,0,1,1,0.0
HsbJ,3,1,4,0.75
HsbK,0,0,0,
HsbL,2,4,6,0.33
HsbM,10,10,20,0.5
HsbN,10,7,17,0.59
HsbP,15,8,23,0.65
HsbS,3,7,10,0.3
Hsbb,12,11,23,0.52
Hsbl,2,7,9,0.22
Hsbm,12,3,15,0.8
Hsbn,10,10,20,0.5
Hsbs,6,5,11,0.55
HshB,1,0,1,1.0
HshH,1,0,1,1.0
HshL,0,1,1,0.0
HshM,1,0,1,1.0
HshN,1,0,1,1.0
HshP,1,4,5,0.2
HshS,0,1,1,0.0
Hshb,0,1,1,0.0
Hshh,1,1,2,0.5
Hshl,0,2,2,0.0
Hshn,1,1,2,0.5
Hshs,0,1,1,0.0
HslB,5,4,9,0.56
HslH,2,1,3,0.67
HslJ,0,1,1,0.0
HslK,0,0,0,
HslL,2,3,5,0.4
HslM,6,4,10,0.6
HslN,4,2,6,0.67
HslP,4,8,12,0.33
HslS,4,2,6,0.67
Hslb,6,5,11,0.55
Hsll,0,4,4,0.0
Hslm,7,2,9,0.78
Hsln,5,2,7,0.71
Hsls,4,0,4,1.0
HsmB,7,9,16,0.44
HsmD,3,0,3,1.0
HsmH,5,10,15,0.33
HsmI,0,0,0,
HsmJ,1,2,3,0.33
HsmK,0,2,2,0.0
HsmL,5,3,8,0.62
HsmM,9,13,22,0.41
HsmN,14,4,18,0.78
HsmP,10,15,25,0.4
HsmS,4,6,10,0.4
Hsmb,11,6,17,0.65
Hsml,2,2,4,0.5
Hsmm,9,9,18,0.5
Hsmn,4,8,12,0.33
Hsms,5,1,6,0.83
HsnB,7,6,13,0.54
HsnD,3,1,4,0.75
HsnH,5,4,9,0.56
HsnI,3,0,3,1.0
HsnL,1,3,4,0.25
HsnM,10,11,21,0.48
HsnN,13,15,28,0.46
HsnP,14,7,21,0.67
HsnS,7,8,15,0.47
Hsnb,8,9,17,0.47
Hsnl,5,2,7,0.71
Hsnm,11,7,18,0.61
Hsnn,11,7,18,0.61
Hsns,11,5,16,0.69
HssB,3,5,8,0.38
HssD,6,3,9,0.67
HssH,8,11,19,0.42
HssI,0,1,1,0.0
HssL,2,5,7,0.29
HssM,8,9,17,0.47
HssN,7,14,21,0.33
HssP,10,8,18,0.56
HssS,13,17,30,0.43
Hssb,7,9,16,0.44
Hssh,1,0,1,1.0
Hssl,3,5,8,0.38
Hssm,5,8,13,0.38
Hssn,9,4,13,0.69
Hsss,12,10,22,0.55
IBBB,6,2,8,0.75
IBBD,0,1,1,0.0
IBBK,0,1,1,0.0
IBBM,0,3,3,0.0
IBBN,2,1,3,0.67
IBBP,5,3,8,0.62
IBBS,0,2,2,0.0
IBBb,3,0,3,1.0
IBBj,0,1,1,0.0
IBBl,0,1,1,0.0
IBBm,0,1,1,0.0
IBBn,3,0,3,1.0
IBBs,1,2,3,0.33
IBDN,1,0,1,1.0
IBDP,1,0,1,1.0
IBDb,1,0,1,1.0
IBDl,1,0,1,1.0
IBDs,0,1,1,0.0
IBHS,0,1,1,0.0
IBIL,0,0,0,
IBKB,0,2,2,0.0
IBKD,1,0,1,1.0
IBKM,0,1,1,0.0
IBKN,1,1,2,0.5
IBKm,1,0,1,1.0
IBLL,1,0,1,1.0
IBLP,1,0,1,1.0
IBLS,0,1,1,0.0
IBLT,1,0,1,1.0
IBLb,0,1,1,0.0
IBLl,0,1,1,0.0
IBLn,2,0,2,1.0
IBLs,1,0,1,1.0
IBMB,2,3,5,0.4
IBML,0,1,1,0.0
IBMM,1,4,5,0.2
IBMN,2,2,4,0.5
IBMP,4,1,5,0.8
IBMS,2,4,6,0.33
IBMT,0,2,2,0.0
IBMb,2,0,2,1.0
IBMh,1,1,2,0.5
IBMj,0,1,1,0.0
IBMl,0,1,1,0.0
IBMm,2,1,3,0.67
IBMn,0,2,2,0.0
IBMs,0,1,1,0.0
IBNB,3,0,3,1.0
IBNH,0,1,1,0.0
IBNI,1,0,1,1.0
IBNK,0,0,0,
IBNL,0,2,2,0.0
IBNM,2,2,4,0.5
IBNN,2,2,4,0.5
IBNP,3,2,5,0.6
IBNS,1,2,3,0.33
IBNT,1,0,1,1.0
IBNb,1,3,4,0.25
IBNh,1,1,2,0.5
IBNl,3,2,5,0.6
IBNm,2,2,4,0.5
IBNn,2,0,2,1.0
IBNs,2,1,3,0.67
IBPB,4,1,5,0.8
IBPD,0,1,1,0.0
IBPI,1,0,1,1.0
IBPL,1,0,1,1.0
IBPM,1,3,4,0.25
IBPN,2,3,5,0.4
IBPP,2,1,3,0.67
IBPS,0,2,2,0.0
IBPb,2,2,4,0.5
IBPh,0,0,0,
IBPl,2,1,3,0.67
IBPm,4,0,4,1.0
IBPn,3,1,4,0.75
IBPs,3,2,5,0.6
IBSB,0,2,2,0.0
IBSD,1,0,1,1.0
IBSH,1,1,2,0.5
IBSL,0,1,1,0.0
IBSM,1,5,6,0.17
IBSP,1,1,2,0.5
IBSS,3,1,4,0.75
IBSb,1,2,3,0.33
IBSh,4,0,4,1.0
IBSl,1,1,2,0.5
IBSm,1,0,1,1.0
IBSn,1,2,3,0.33
IBSs,1,1,2,0.5
IBTB,1,1,2,0.5
IBTP,1,0,1,1.0
IBTS,0,1,1,0.0
IBTb,1,2,3,0.33
IBTm,0,0,0,
IBbB,2,0,2,1.0
IBbH,0,1,1,0.0
IBbJ,2,0,2,1.0
IBbK,0,1,1,0.0
IBbM,1,1,2,0.5
IBbN,1,2,3,0.33
IBbP,4,2,6,0.67
IBbS,0,1,1,0.0
IBbb,2,1,3,0.67
IBbm,3,0,3,1.0
IBbn,0,1,1,0.0
IBbs,2,0,2,1.0
IBhL,1,0,1,1.0
IBhM,0,0,0,
IBhN,0,1,1,0.0
IBhl,1,0,1,1.0
IBhm,0,1,1,0.0
IBhs,0,1,1,0.0
IBjB,1,0,1,1.0
IBjL,0,2,2,0.0
IBjN,2,1,3,0.67
IBjP,1,1,2,0.5
IBjS,0,1,1,0.0
IBjb,1,0,1,1.0
IBjh,0,1,1,0.0
IBlB,0,0,0,
IBlN,1,1,2,0.5
IBlP,3,0,3,1.0
IBlb,2,0,2,1.0
IBll,0,1,1,0.0
IBlm,0,1,1,0.0
IBln,0,1,1,0.0
IBls,0,1,1,0.0
IBmB,0,1,1,0.0
IBmD,0,0,0,
IBmH,1,1,2,0.5
IBmJ,1,0,1,1.0
IBmL,2,0,2,1.0
IBmM,1,2,3,0.33
IBmN,5,4,9,0.56
IBmP,6,4,10,0.6
IBmS,0,2,2,0.0
IBmb,4,1,5,0.8
IBml,1,0,1,1.0
IBmm,6,1,7,0.86
IBmn,1,0,1,1.0
IBms,2,1,3,0.67
IBnB,2,2,4,0.5
IBnH,2,0,2,1.0
IBnI,1,0,1,1.0
IBnL,0,1,1,0.0
IBnM,1,3,4,0.25
IBnN,4,1,5,0.8
IBnP,5,6,11,0.45
IBnS,2,1,3,0.67
IBnT,0,1,1,0.0
IBnb,1,1,2,0.5
IBnl,2,0,2,1.0
IBnm,2,4,6,0.33
IBnn,5,2,7,0.71
IBns,2,2,4,0.5
IBsB,0,1,1,0.0
IBsH,3,1,4,0.75
IBsL,1,0,1,1.0
IBsM,0,0,0,
IBsN,1,1,2,0.5
IBsP,2,2,4,0.5
IBsS,2,1,3,0.67
IBsb,0,1,1,0.0
IBsl,1,0,1,1.0
IBsm,2,2,4,0.5
IBsn,2,1,3,0.67
IBss,1,0,1,1.0
IDBL,1,0,1,1.0
IDBM,1,2,3,0.33
IDBN,1,1,2,0.5
IDBP,0,1,1,0.0
IDBS,0,2,2,0.0
IDBb,1,0,1,1.0
IDBn,1,1,2,0.5
IDDL,0,0,0,
IDDM,1,0,1,1.0
IDDP,0,1,1,0.0
IDDb,0,1,1,0.0
IDDm,0,1,1,0.0
IDDn,1,0,1,1.0
IDHM,0,1,1,0.0
IDHb,0,1,1,0.0
IDHh,1,0,1,1.0
IDHl,1,0,1,1.0
IDHn,0,1,1,0.0
IDIM,1,0,1,1.0
IDIP,0,1,1,0.0
IDLD,1,0,1,1.0
IDLN,0,0,0,
IDLP,1,0,1,1.0
IDLn,0,0,0,
IDMB,0,1,1,0.0
IDMM,0,1,1,0.0
IDMS,0,1,1,0.0
IDMb,1,0,1,1.0
IDMh,1,1,2,0.5
IDMl,0,0,0,
IDMn,0,1,1,0.0
IDNB,0,1,1,0.0
IDNM,1,0,1,1.0
IDNP,0,1,1,0.0
IDNS,0,1,1,0.0
IDNT,0,1,1,0.0
IDNb,1,0,1,1.0
IDNl,1,0,1,1.0
IDNm,0,2,2,0.0
IDNn,1,0,1,1.0
IDNs,0,1,1,0.0
IDPB,1,0,1,1.0
IDPD,1,0,1,1.0
IDPL,0,2,2,0.0
IDPM,0,1,1,0.0
IDPP,0,1,1,0.0
IDPS,1,0,1,1.0
IDPb,0,1,1,0.0
IDPl,2,0,2,1.0
IDPm,0,0,0,
IDPn,0,1,1,0.0
IDPs,1,1,2,0.5
IDSB,1,0,1,1.0
IDSD,1,0,1,1.0
IDSH,1,0,1,1.0
IDSL,0,1,1,0.0
IDSP,0,2,2,0.0
IDSS,1,1,2,0.5
IDST,0,0,0,
IDSb,1,2,3,0.33
IDSh,0,1,1,0.0
IDSl,0,0,0,
IDSm,3,0,3,1.0
IDSs,1,0,1,1.0
IDbB,0,1,1,0.0
IDbL,0,0,0,
IDbM,0,1,1,0.0
IDbN,1,0,1,1.0
IDbb,2,0,2,1.0
IDbm,2,0,2,1.0
IDbn,1,0,1,1.0
IDbs,1,0,1,1.0
IDlB,1,0,1,1.0
IDlH,1,0,1,1.0
IDlJ,1,0,1,1.0
IDlM,1,0,1,1.0
IDlb,1,0,1,1.0
IDmB,1,1,2,0.5
IDmH,1,0,1,1.0
IDmM,0,0,0,
IDmP,0,1,1,0.0
IDmb,0,1,1,0.0
IDmm,1,1,2,0.5
IDmn,1,0,1,1.0
IDnM,0,0,0,
IDnP,0,0,0,
IDnS,1,0,1,1.0
IDnm,0,1,1,0.0
IDnn,0,1,1,0.0
IDsB,1,0,1,1.0
IDsD,1,0,1,1.0
IDsH,0,1,1,0.0
IDsL,0,0,0,
IDsM,0,1,1,0.0
IDsN,1,0,1,1.0
IDsn,0,1,1,0.0
IHBB,1,0,1,1.0
IHBL,0,1,1,0.0
IHBN,0,3,3,0.0
IHBP,1,2,3,0.33
IHBS,3,1,4,0.75
IHBT,1,2,3,0.33
IHBb,5,0,5,1.0
IHBj,1,0,1,1.0
IHBl,0,0,0,
IHBm,0,1,1,0.0
IHBn,1,0,1,1.0
IHBs,2,0,2,1.0
IHDH,0,1,1,0.0
IHDS,0,0,0,
IHDl,0,0,0,
IHDm,0,1,1,0.0
IHHB,1,0,1,1.0
IHHD,0,1,1,0.0
IHHI,0,1,1,0.0
IHHN,2,0,2,1.0
IHHS,1,0,1,1.0
IHHb,0,0,0,
IHHs,0,1,1,0.0
IHIP,2,0,2,1.0
IHIT,0,1,1,0.0
IHIb,0,1,1,0.0
IHIm,1,0,1,1.0
IHKP,1,0,1,1.0
IHKS,0,1,1,0.0
IHKm,0,1,1,0.0
IHKs,0,1,1,0.0
IHLB,0,1,1,0.0
IHLP,3,1,4,0.75
IHLS,0,2,2,0.0
IHLT,0,1,1,0.0
IHLb,0,0,0,
IHLl,0,0,0,
IHLm,2,0,2,1.0
IHLn,1,1,2,0.5
IHLs,0,0,0,
IHMB,2,0,2,1.0
IHMK,0,1,1,0.0
IHMM,0,1,1,0.0
IHMN,1,4,5,0.2
IHMP,0,2,2,0.0
IHMS,1,1,2,0.5
IHMb,0,3,3,0.0
IHMh,2,0,2,1.0
IHMj,1,0,1,1.0
IHMm,0,4,4,0.0
IHMn,0,5,5,0.0
IHNB,2,2,4,0.5
IHNH,1,0,1,1.0
IHNM,1,1,2,0.5
IHNN,1,0,1,1.0
IHNP,4,1,5,0.8
IHNS,5,0,5,1.0
IHNT,1,1,2,0.5
IHNh,0,1,1,0.0
IHNl,0,2,2,0.0
IHNm,2,1,3,0.67
IHNn,2,4,6,0.33
IHNs,4,2,6,0.67
IHPB,1,1,2,0.5
IHPH,1,0,1,1.0
IHPL,1,2,3,0.33
IHPM,3,5,8,0.38
IHPN,6,3,9,0.67
IHPP,3,1,4,0.75
IHPS,1,2,3,0.33
IHPb,4,2,6,0.67
IHPh,0,0,0,
IHPl,2,0,2,1.0
IHPm,1,2,3,0.33
IHPn,2,1,3,0.67
IHPs,3,2,5,0.6
IHSB,1,1,2,0.5
IHSH,1,0,1,1.0
IHSL,0,0,0,
IHSM,0,2,2,0.0
IHSN,1,0,1,1.0
IHSP,4,3,7,0.57
IHSS,2,3,5,0.4
IHST,1,0,1,1.0
IHSb,2,0,2,1.0
IHSh,2,2,4,0.5
IHSl,2,2,4,0.5
IHSm,0,4,4,0.0
IHSn,0,1,1,0.0
IHSs,1,6,7,0.14
IHTI,1,0,1,1.0
IHTL,2,0,2,1.0
IHTb,0,1,1,0.0
IHTm,0,0,0,
IHbB,0,1,1,0.0
IHbD,1,0,1,1.0
IHbJ,0,1,1,0.0
IHbL,0,1,1,0.0
IHbM,2,3,5,0.4
IHbN,2,3,5,0.4
IHbP,3,4,7,0.43
IHbb,4,1,5,0.8
IHbl,1,0,1,1.0
IHbm,0,1,1,0.0
IHbn,1,0,1,1.0
IHbs,0,1,1,0.0
IHhB,1,0,1,1.0
IHhH,0,1,1,0.0
IHhI,1,0,1,1.0
IHhM,0,1,1,0.0
IHhN,1,0,1,1.0
IHhP,2,2,4,0.5
IHhS,0,1,1,0.0
IHhT,0,0,0,
IHhb,1,0,1,1.0
IHhh,0,1,1,0.0
IHhl,1,2,3,0.33
IHhm,0,0,0,
IHhn,0,2,2,0.0
IHlH,1,0,1,1.0
IHlJ,0,1,1,0.0
IHlM,2,2,4,0.5
IHlN,0,2,2,0.0
IHlP,0,1,1,0.0
IHlS,1,1,2,0.5
IHlb,1,0,1,1.0
IHll,1,0,1,1.0
IHlm,1,0,1,1.0
IHln,3,0,3,1.0
IHls,2,2,4,0.5
IHmB,4,2,6,0.67
IHmH,0,5,5,0.0
IHmI,1,0,1,1.0
IHmL,1,1,2,0.5
IHmM,5,5,10,0.5
IHmN,2,0,2,1.0
IHmP,0,1,1,0.0
IHmS,0,1,1,0.0
IHmb,0,3,3,0.0
IHmm,3,3,6,0.5
IHmn,0,1,1,0.0
IHms,0,1,1,0.0
IHnB,1,2,3,0.33
IHnH,0,1,1,0.0
IHnI,1,0,1,1.0
IHnL,0,3,3,0.0
IHnM,3,2,5,0.6
IHnN,1,0,1,1.0
IHnP,2,2,4,0.5
IHnS,1,3,4,0.25
IHnb,0,2,2,0.0
IHnh,0,0,0,
IHnl,0,2,2,0.0
IHnm,0,0,0,
IHnn,3,2,5,0.6
IHns,1,1,2,0.5
IHsB,1,1,2,0.5
IHsH,1,2,3,0.33
IHsI,0,1,1,0.0
IHsM,0,3,3,0.0
IHsN,1,1,2,0.5
IHsP,1,1,2,0.5
IHsS,2,4,6,0.33
IHsT,0,1,1,0.0
IHsb,3,1,4,0.75
IHsl,1,0,1,1.0
IHsm,1,1,2,0.5
IHsn,0,1,1,0.0
IHss,0,1,1,0.0
IIBI,1,0,1,1.0
IIBM,1,0,1,1.0
IIBN,1,0,1,1.0
IIBP,2,0,2,1.0
IIBS,1,0,1,1.0
IIBb,3,1,4,0.75
IIBn,0,1,1,0.0
IIDb,1,0,1,1.0
IIHB,0,1,1,0.0
IIHI,0,1,1,0.0
IIHL,0,0,0,
IIHN,0,1,1,0.0
IIHS,1,0,1,1.0
IIHb,1,0,1,1.0
IIHn,1,0,1,1.0
IIIM,1,0,1,1.0
IILB,0,1,1,0.0
IILb,1,0,1,1.0
IIML,1,0,1,1.0
IIMb,1,0,1,1.0
IIMl,0,1,1,0.0
IIMm,1,1,2,0.5
IIMn,0,2,2,0.0
IIMs,0,1,1,0.0
IINB,0,0,0,
IINN,1,0,1,1.0
IINP,0,1,1,0.0
IINS,1,0,1,1.0
IINb,1,0,1,1.0
IINn,0,2,2,0.0
IIPH,1,0,1,1.0
IIPL,0,1,1,0.0
IIPN,0,1,1,0.0
IIPP,1,0,1,1.0
IIPT,0,0,0,
IIPb,0,1,1,0.0
IISB,1,0,1,1.0
IISD,0,1,1,0.0
IISH,0,0,0,
IISM,0,1,1,0.0
IISP,0,0,0,
IISm,2,1,3,0.67
IISn,1,0,1,1.0
IISs,0,0,0,
IIbB,1,0,1,1.0
IIbI,1,0,1,1.0
IIbJ,0,0,0,
IIbN,1,0,1,1.0
IIbP,0,1,1,0.0
IIbS,0,2,2,0.0
IIbm,0,1,1,0.0
IIlL,1,0,1,1.0
IIlS,0,0,0,
IImB,1,0,1,1.0
IImM,1,1,2,0.5
IImN,0,0,0,
IImS,2,0,2,1.0
IImm,1,0,1,1.0
IImn,0,0,0,
IInP,1,0,1,1.0
IInS,0,0,0,
IInm,1,1,2,0.5
IInn,1,0,1,1.0
IIsB,0,1,1,0.0
IIsb,1,0,1,1.0
IIsm,0,1,1,0.0
IIss,0,0,0,
IKBn,0,1,1,0.0
IKLT,1,0,1,1.0
IKMB,1,0,1,1.0
IKML,0,1,1,0.0
IKMS,0,0,0,
IKNH,0,0,0,
IKNN,1,0,1,1.0
IKPs,0,0,0,
IKbM,0,1,1,0.0
IKhB,1,0,1,1.0
IKhP,1,0,1,1.0
IKmb,1,0,1,1.0
IKnL,1,0,1,1.0
IKsS,0,0,0,
ILBL,0,1,1,0.0
ILBM,1,0,1,1.0
ILBN,1,0,1,1.0
ILBP,0,1,1,0.0
ILBS,2,1,3,0.67
ILBb,2,2,4,0.5
ILBj,1,1,2,0.5
ILBm,0,3,3,0.0
ILBn,2,1,3,0.67
ILBs,2,1,3,0.67
ILDH,1,0,1,1.0
ILDP,1,1,2,0.5
ILDm,0,0,0,
ILDs,0,0,0,
ILKH,0,1,1,0.0
ILKM,0,1,1,0.0
ILKb,0,0,0,
ILKh,1,0,1,1.0
ILLB,1,0,1,1.0
ILLM,0,1,1,0.0
ILLN,2,0,2,1.0
ILLP,0,1,1,0.0
ILLm,1,2,3,0.33
ILLn,2,1,3,0.67
ILLs,0,1,1,0.0
ILMB,1,0,1,1.0
ILMD,1,0,1,1.0
ILMM,1,2,3,0.33
ILMN,1,1,2,0.5
ILMP,2,1,3,0.67
ILMb,0,2,2,0.0
ILMh,0,1,1,0.0
ILMj,0,0,0,
ILMl,1,0,1,1.0
ILMm,0,1,1,0.0
ILMn,1,2,3,0.33
ILMs,2,0,2,1.0
ILNB,3,1,4,0.75
ILNL,0,0,0,
ILNM,1,1,2,0.5
ILNN,1,3,4,0.25
ILNP,3,2,5,0.6
ILNS,0,1,1,0.0
ILNb,1,1,2,0.5
ILNh,1,0,1,1.0
ILNl,2,0,2,1.0
ILNm,0,0,0,
ILNn,1,0,1,1.0
ILNs,0,1,1,0.0
ILPB,1,2,3,0.33
ILPH,1,0,1,1.0
ILPK,1,0,1,1.0
ILPL,0,2,2,0.0
ILPM,1,1,2,0.5
ILPN,1,1,2,0.5
ILPP,0,2,2,0.0
ILPS,0,0,0,
ILPT,1,0,1,1.0
ILPb,2,1,3,0.67
ILPl,1,0,1,1.0
ILPm,2,1,3,0.67
ILPn,1,0,1,1.0
ILPs,1,2,3,0.33
ILSH,1,0,1,1.0
ILSM,1,1,2,0.5
ILSP,0,0,0,
ILSS,1,0,1,1.0
ILSh,1,0,1,1.0
ILSm,0,0,0,
ILSn,2,0,2,1.0
ILSs,3,2,5,0.6
ILTN,0,1,1,0.0
ILTb,1,1,2,0.5
ILbB,1,1,2,0.5
ILbH,0,1,1,0.0
ILbJ,2,0,2,1.0
ILbL,0,1,1,0.0
ILbM,2,1,3,0.67
ILbN,1,1,2,0.5
ILbP,1,1,2,0.5
ILbb,1,1,2,0.5
ILbl,0,0,0,
ILbm,1,1,2,0.5
ILbn,1,1,2,0.5
ILhH,1,0,1,1.0
ILhM,0,0,0,
ILhh,1,1,2,0.5
ILhl,0,0,0,
ILhn,1,0,1,1.0
ILjB,0,1,1,0.0
ILjN,0,2,2,0.0
ILjP,0,0,0,
ILjm,2,0,2,1.0
ILlH,1,0,1,1.0
ILlL,0,2,2,0.0
ILlM,0,1,1,0.0
ILlN,1,0,1,1.0
ILlP,1,0,1,1.0
ILlS,1,0,1,1.0
ILlb,0,2,2,0.0
ILll,0,2,2,0.0
ILln,0,3,3,0.0
ILls,0,0,0,
ILmB,3,1,4,0.75
ILmH,0,0,0,
ILmM,0,3,3,0.0
ILmN,0,1,1,0.0
ILmP,1,1,2,0.5
ILmS,0,0,0,
ILml,0,0,0,
ILmm,0,1,1,0.0
ILmn,2,0,2,1.0
ILms,1,1,2,0.5
ILnB,0,2,2,0.0
ILnH,0,1,1,0.0
ILnL,1,1,2,0.5
ILnM,1,0,1,1.0
ILnN,2,2,4,0.5
ILnP,2,1,3,0.67
ILnS,2,0,2,1.0
ILnb,2,1,3,0.67
ILnm,1,0,1,1.0
ILnn,1,3,4,0.25
ILns,0,1,1,0.0
ILsB,1,2,3,0.33
ILsH,1,0,1,1.0
ILsM,0,0,0,
ILsN,1,4,5,0.2
ILsP,2,1,3,0.67
ILsS,0,0,0,
ILsm,2,1,3,0.67
IMBB,0,2,2,0.0
IMBM,0,1,1,0.0
IMBN,1,4,5,0.2
IMBP,2,1,3,0.67
IMBS,4,3,7,0.57
IMBb,2,2,4,0.5
IMBj,0,0,0,
IMBl,0,2,2,0.0
IMBm,5,1,6,0.83
IMBn,3,2,5,0.6
IMBs,1,0,1,1.0
IMDH,0,0,0,
IMDL,1,0,1,1.0
IMDM,0,1,1,0.0
IMDN,1,0,1,1.0
IMDP,0,1,1,0.0
IMDS,0,0,0,
IMDh,1,0,1,1.0
IMDl,1,0,1,1.0
IMDm,0,1,1,0.0
IMDs,0,1,1,0.0
IMHM,1,0,1,1.0
IMIm,1,0,1,1.0
IMKh,0,1,1,0.0
IMKn,0,1,1,0.0
IMLB,0,0,0,
IMLL,1,0,1,1.0
IMLN,2,1,3,0.67
IMLP,5,0,5,1.0
IMLS,0,1,1,0.0
IMLb,1,2,3,0.33
IMLh,0,1,1,0.0
IMLm,2,2,4,0.5
IMLn,0,1,1,0.0
IMLs,0,1,1,0.0
IMMB,3,3,6,0.5
IMMD,1,0,1,1.0
IMMM,2,3,5,0.4
IMMN,3,1,4,0.75
IMMP,6,2,8,0.75
IMMS,1,0,1,1.0
IMMT,0,1,1,0.0
IMMb,5,0,5,1.0
IMMh,1,1,2,0.5
IMMj,1,0,1,1.0
IMMl,2,1,3,0.67
IMMm,5,0,5,1.0
IMMn,0,6,6,0.0
IMMs,1,4,5,0.2
IMNB,4,2,6,0.67
IMNK,1,0,1,1.0
IMNL,1,1,2,0.5
IMNM,2,5,7,0.29
IMNN,4,3,7,0.57
IMNP,2,4,6,0.33
IMNS,4,0,4,1.0
IMNT,0,1,1,0.0
IMNb,1,3,4,0.25
IMNl,0,0,0,
IMNm,2,3,5,0.4
IMNn,2,5,7,0.29
IMNs,3,4,7,0.43
IMPB,2,3,5,0.4
IMPD,1,1,2,0.5
IMPH,1,1,2,0.5
IMPK,0,1,1,0.0
IMPL,3,2,5,0.6
IMPM,2,1,3,0.67
IMPN,6,4,10,0.6
IMPP,2,5,7,0.29
IMPS,3,3,6,0.5
IMPT,0,1,1,0.0
IMPb,2,2,4,0.5
IMPl,1,1,2,0.5
IMPm,1,4,5,0.2
IMPn,4,4,8,0.5
IMPs,1,4,5,0.2
IMSB,2,3,5,0.4
IMSH,1,2,3,0.33
IMSM,1,3,4,0.25
IMSN,3,2,5,0.6
IMSP,2,1,3,0.67
IMSS,0,0,0,
IMST,1,0,1,1.0
IMSb,3,0,3,1.0
IMSm,1,2,3,0.33
IMSn,4,1,5,0.8
IMSs,3,0,3,1.0
IMTL,0,1,1,0.0
IMTM,0,1,1,0.0
IMTN,1,0,1,1.0
IMTP,1,0,1,1.0
IMTS,2,0,2,1.0
IMTb,1,0,1,1.0
IMTm,1,0,1,1.0
IMTn,1,3,4,0.25
IMbB,1,2,3,0.33
IMbH,1,0,1,1.0
IMbJ,0,2,2,0.0
IMbK,0,1,1,0.0
IMbL,1,3,4,0.25
IMbM,2,2,4,0.5
IMbN,1,2,3,0.33
IMbP,5,1,6,0.83
IMbS,0,0,0,
IMbb,2,1,3,0.67
IMbl,0,1,1,0.0
IMbm,2,0,2,1.0
IMbn,3,3,6,0.5
IMbs,2,0,2,1.0
IMhB,0,2,2,0.0
IMhD,2,0,2,1.0
IMhH,0,2,2,0.0
IMhM,3,6,9,0.33
IMhN,3,3,6,0.5
IMhP,3,2,5,0.6
IMhS,0,2,2,0.0
IMhb,1,0,1,1.0
IMhh,1,2,3,0.33
IMhl,3,1,4,0.75
IMhm,1,1,2,0.5
IMhn,3,3,6,0.5
IMhs,2,3,5,0.4
IMjB,2,1,3,0.67
IMjH,0,2,2,0.0
IMjM,1,1,2,0.5
IMjN,0,0,0,
IMjP,1,2,3,0.33
IMjS,0,1,1,0.0
IMjb,2,1,3,0.67
IMjh,0,0,0,
IMjm,1,0,1,1.0
IMjn,1,0,1,1.0
IMlB,1,1,2,0.5
IMlH,3,1,4,0.75
IMlI,2,0,2,1.0
IMlK,1,0,1,1.0
IMlM,1,0,1,1.0
IMlN,5,3,8,0.62
IMlP,0,0,0,
IMlS,1,2,3,0.33
IMlb,1,1,2,0.5
IMll,0,0,0,
IMlm,1,2,3,0.33
IMln,1,0,1,1.0
IMls,0,1,1,0.0
IMmB,4,4,8,0.5
IMmD,1,1,2,0.5
IMmH,4,0,4,1.0
IMmJ,1,0,1,1.0
IMmL,2,1,3,0.67
IMmM,4,4,8,0.5
IMmN,5,2,7,0.71
IMmP,0,3,3,0.0
IMmS,5,3,8,0.62
IMmb,2,1,3,0.67
IMml,0,1,1,0.0
IMmm,2,3,5,0.4
IMmn,2,3,5,0.4
IMms,2,2,4,0.5
IMnB,1,6,7,0.14
IMnH,1,1,2,0.5
IMnI,0,0,0,
IMnK,1,1,2,0.5
IMnL,1,0,1,1.0
IMnM,2,1,3,0.67
IMnN,2,3,5,0.4
IMnP,10,1,11,0.91
IMnS,3,1,4,0.75
IMnb,2,3,5,0.4
IMnh,0,1,1,0.0
IMnl,1,3,4,0.25
IMnm,3,2,5,0.6
IMnn,4,1,5,0.8
IMns,4,3,7,0.57
IMsB,1,1,2,0.5
IMsH,2,2,4,0.5
IMsI,1,0,1,1.0
IMsL,1,0,1,1.0
IMsM,1,4,5,0.2
IMsN,1,0,1,1.0
IMsP,3,2,5,0.6
IMsS,1,4,5,0.2
IMsb,4,4,8,0.5
IMsl,1,1,2,0.5
IMsm,1,2,3,0.33
IMsn,3,1,4,0.75
IMss,0,0,0,
INBB,1,3,4,0.25
INBL,1,0,1,1.0
INBM,2,0,2,1.0
INBN,0,1,1,0.0
INBP,4,6,10,0.4
INBS,1,0,1,1.0
INBb,0,1,1,0.0
INBh,1,1,2,0.5
INBj,2,1,3,0.67
INBl,1,0,1,1.0
INBm,4,5,9,0.44
INBn,3,3,6,0.5
INBs,3,2,5,0.6
INDB,0,1,1,0.0
INDH,1,0,1,1.0
INDM,0,1,1,0.0
INDP,0,1,1,0.0
INDm,0,1,1,0.0
INHB,0,1,1,0.0
INHD,0,1,1,0.0
INHM,0,1,1,0.0
INHN,1,1,2,0.5
INHP,0,1,1,0.0
INHb,0,3,3,0.0
INHh,0,2,2,0.0
INHl,0,0,0,
INHn,0,1,1,0.0
INHs,0,1,1,0.0
INKD,1,0,1,1.0
INKI,0,1,1,0.0
INKL,0,1,1,0.0
INKM,0,1,1,0.0
INKP,0,1,1,0.0
INKb,0,1,1,0.0
INKm,2,1,3,0.67
INKn,0,1,1,0.0
INLB,0,3,3,0.0
INLM,2,3,5,0.4
INLN,0,1,1,0.0
INLP,1,1,2,0.5
INLS,0,0,0,
INLb,1,1,2,0.5
INLh,2,0,2,1.0
INLl,1,0,1,1.0
INLm,2,1,3,0.67
INLn,3,1,4,0.75
INLs,1,2,3,0.33
INMB,0,1,1,0.0
INML,2,1,3,0.67
INMM,1,2,3,0.33
INMN,1,2,3,0.33
INMP,1,4,5,0.2
INMS,3,2,5,0.6
INMb,2,1,3,0.67
INMh,0,1,1,0.0
INMj,1,0,1,1.0
INMl,0,1,1,0.0
INMm,2,4,6,0.33
INMn,5,3,8,0.62
INMs,3,1,4,0.75
INNB,0,3,3,0.0
INNK,0,1,1,0.0
INNL,2,2,4,0.5
INNM,6,4,10,0.6
INNN,0,2,2,0.0
INNP,7,1,8,0.88
INNS,2,4,6,0.33
INNb,0,3,3,0.0
INNh,1,2,3,0.33
INNl,0,0,0,
INNm,7,5,12,0.58
INNn,4,2,6,0.67
INNs,2,1,3,0.67
INPB,5,3,8,0.62
INPD,2,0,2,1.0
INPH,2,1,3,0.67
INPI,1,0,1,1.0
INPK,1,0,1,1.0
INPL,4,2,6,0.67
INPM,1,3,4,0.25
INPN,2,5,7,0.29
INPP,4,5,9,0.44
INPS,5,4,9,0.56
INPT,1,0,1,1.0
INPb,7,1,8,0.88
INPh,1,1,2,0.5
INPl,3,0,3,1.0
INPm,5,0,5,1.0
INPn,4,3,7,0.57
INPs,1,2,3,0.33
INSB,2,2,4,0.5
INSH,2,0,2,1.0
INSL,0,4,4,0.0
INSM,2,2,4,0.5
INSN,3,2,5,0.6
INSP,3,3,6,0.5
INSS,1,5,6,0.17
INSb,1,0,1,1.0
INSh,0,1,1,0.0
INSl,1,1,2,0.5
INSm,0,3,3,0.0
INSn,2,1,3,0.67
INSs,2,4,6,0.33
INTB,1,2,3,0.33
INTL,1,1,2,0.5
INTM,0,1,1,0.0
INTN,1,1,2,0.5
INTP,1,0,1,1.0
INTS,0,1,1,0.0
INTn,1,0,1,1.0
INTs,0,1,1,0.0
INbB,2,7,9,0.22
INbD,2,1,3,0.67
INbI,0,1,1,0.0
INbJ,0,1,1,0.0
INbL,3,0,3,1.0
INbM,1,3,4,0.25
INbN,2,3,5,0.4
INbP,3,4,7,0.43
INbS,0,2,2,0.0
INbb,1,1,2,0.5
INbl,0,1,1,0.0
INbm,2,4,6,0.33
INbn,0,4,4,0.0
INbs,3,0,3,1.0
INhI,0,0,0,
INhM,1,1,2,0.5
INhN,2,0,2,1.0
INhP,1,0,1,1.0
INhS,0,1,1,0.0
INhh,0,1,1,0.0
INhm,1,0,1,1.0
INhn,1,0,1,1.0
INhs,1,0,1,1.0
INlB,1,0,1,1.0
INlD,1,0,1,1.0
INlH,1,0,1,1.0
INlI,1,0,1,1.0
INlJ,0,1,1,0.0
INlK,1,0,1,1.0
INlL,1,1,2,0.5
INlM,1,1,2,0.5
INlN,1,1,2,0.5
INlP,0,3,3,0.0
INlS,1,2,3,0.33
INlb,3,1,4,0.75
INln,0,1,1,0.0
INmB,4,1,5,0.8
INmD,2,0,2,1.0
INmH,0,2,2,0.0
INmJ,2,0,2,1.0
INmL,1,1,2,0.5
INmM,2,4,6,0.33
INmN,0,6,6,0.0
INmP,3,1,4,0.75
INmS,1,1,2,0.5
INmb,1,2,3,0.33
INml,1,1,2,0.5
INmm,1,0,1,1.0
INmn,2,1,3,0.67
INms,2,0,2,1.0
INnB,2,1,3,0.67
INnD,1,1,2,0.5
INnH,1,1,2,0.5
INnI,1,0,1,1.0
INnM,1,3,4,0.25
INnN,6,0,6,1.0
INnP,1,3,4,0.25
INnS,2,7,9,0.22
INnb,4,1,5,0.8
INnh,1,0,1,1.0
INnl,1,1,2,0.5
INnm,4,3,7,0.57
INnn,5,2,7,0.71
INns,2,1,3,0.67
INsB,1,2,3,0.33
INsD,2,1,3,0.67
INsH,2,0,2,1.0
INsL,1,0,1,1.0
INsM,1,2,3,0.33
INsN,2,4,6,0.33
INsP,2,2,4,0.5
INsS,1,2,3,0.33
INsb,0,1,1,0.0
INsl,2,1,3,0.67
INsm,2,1,3,0.67
INsn,4,2,6,0.67
INss,3,2,5,0.6
IPBB,5,4,9,0.56
IPBK,0,0,0,
IPBL,2,2,4,0.5
IPBM,2,4,6,0.33
IPBN,4,3,7,0.57
IPBP,4,5,9,0.44
IPBb,3,2,5,0.6
IPBh,0,1,1,0.0
IPBj,2,0,2,1.0
IPBl,3,1,4,0.75
IPBm,3,7,10,0.3
IPBn,1,5,6,0.17
IPBs,4,0,4,1.0
IPDB,0,1,1,0.0
IPDD,0,1,1,0.0
IPDN,1,1,2,0.5
IPDP,0,1,1,0.0
IPDl,0,1,1,0.0
IPDm,2,0,2,1.0
IPDn,1,0,1,1.0
IPHB,2,0,2,1.0
IPHK,0,1,1,0.0
IPHL,0,1,1,0.0
IPHM,0,0,0,
IPHN,2,0,2,1.0
IPHP,1,3,4,0.25
IPHS,0,1,1,0.0
IPHb,2,0,2,1.0
IPHh,1,0,1,1.0
IPHm,2,0,2,1.0
IPHn,1,0,1,1.0
IPHs,2,1,3,0.67
IPIL,0,0,0,
IPIN,1,0,1,1.0
IPIS,0,0,0,
IPIb,0,1,1,0.0
IPIm,1,0,1,1.0
IPIn,1,0,1,1.0
IPKM,1,0,1,1.0
IPKP,1,0,1,1.0
IPKb,0,0,0,
IPKn,1,0,1,1.0
IPKs,1,0,1,1.0
IPLB,1,0,1,1.0
IPLD,1,0,1,1.0
IPLL,0,1,1,0.0
IPLM,2,2,4,0.5
IPLN,4,1,5,0.8
IPLP,2,1,3,0.67
IPLS,2,0,2,1.0
IPLb,3,2,5,0.6
IPLj,1,1,2,0.5
IPLl,1,1,2,0.5
IPLm,1,4,5,0.2
IPLn,2,3,5,0.4
IPMB,3,3,6,0.5
IPMD,1,0,1,1.0
IPMH,1,0,1,1.0
IPMK,1,0,1,1.0
IPML,0,1,1,0.0
IPMM,2,2,4,0.5
IPMN,3,5,8,0.38
IPMP,4,5,9,0.44
IPMS,5,3,8,0.62
IPMT,1,0,1,1.0
IPMb,4,5,9,0.44
IPMh,4,3,7,0.57
IPMj,0,2,2,0.0
IPMl,3,0,3,1.0
IPMm,7,5,12,0.58
IPMn,5,4,9,0.56
IPMs,3,3,6,0.5
IPNB,3,3,6,0.5
IPND,0,1,1,0.0
IPNH,1,0,1,1.0
IPNL,1,1,2,0.5
IPNM,2,4,6,0.33
IPNN,7,3,10,0.7
IPNP,7,4,11,0.64
IPNS,4,1,5,0.8
IPNT,1,0,1,1.0
IPNb,0,6,6,0.0
IPNh,0,1,1,0.0
IPNl,0,3,3,0.0
IPNm,2,3,5,0.4
IPNn,4,2,6,0.67
IPNs,2,1,3,0.67
IPPB,2,6,8,0.25
IPPH,0,1,1,0.0
IPPK,2,1,3,0.67
IPPL,1,5,6,0.17
IPPM,4,6,10,0.4
IPPN,6,5,11,0.55
IPPP,6,4,10,0.6
IPPS,3,3,6,0.5
IPPT,1,1,2,0.5
IPPb,6,5,11,0.55
IPPl,2,3,5,0.4
IPPm,8,6,14,0.57
IPPn,2,3,5,0.4
IPPs,4,6,10,0.4
IPSB,2,1,3,0.67
IPSH,1,1,2,0.5
IPSL,2,1,3,0.67
IPSM,2,2,4,0.5
IPSN,2,2,4,0.5
IPSP,3,8,11,0.27
IPSS,4,0,4,1.0
IPST,1,0,1,1.0
IPSb,3,3,6,0.5
IPSh,2,1,3,0.67
IPSl,1,1,2,0.5
IPSm,2,2,4,0.5
IPSn,1,3,4,0.25
IPSs,1,2,3,0.33
IPTM,0,1,1,0.0
IPTN,0,0,0,
IPTP,2,3,5,0.4
IPTT,0,1,1,0.0
IPTb,1,0,1,1.0
IPTh,0,1,1,0.0
IPTl,0,1,1,0.0
IPTm,1,0,1,1.0
IPTn,0,2,2,0.0
IPbB,5,5,10,0.5
IPbD,0,0,0,
IPbH,1,2,3,0.33
IPbI,1,0,1,1.0
IPbJ,0,0,0,
IPbK,0,1,1,0.0
IPbL,4,1,5,0.8
IPbM,2,4,6,0.33
IPbN,5,2,7,0.71
IPbP,7,3,10,0.7
IPbS,2,0,2,1.0
IPbb,1,2,3,0.33
IPbl,4,2,6,0.67
IPbm,7,2,9,0.78
IPbn,5,6,11,0.45
IPbs,2,3,5,0.4
IPhB,1,0,1,1.0
IPhH,0,1,1,0.0
IPhL,0,1,1,0.0
IPhM,1,0,1,1.0
IPhS,1,0,1,1.0
IPhm,1,1,2,0.5
IPhs,0,1,1,0.0
IPlB,2,4,6,0.33
IPlH,1,1,2,0.5
IPlI,1,0,1,1.0
IPlJ,0,0,0,
IPlL,0,1,1,0.0
IPlM,1,3,4,0.25
IPlN,1,1,2,0.5
IPlP,3,0,3,1.0
IPlS,1,2,3,0.33
IPlb,2,3,5,0.4
IPll,0,3,3,0.0
IPlm,0,1,1,0.0
IPln,3,0,3,1.0
IPls,0,1,1,0.0
IPmB,4,3,7,0.57
IPmH,0,2,2,0.0
IPmJ,1,1,2,0.5
IPmL,1,1,2,0.5
IPmM,7,3,10,0.7
IPmN,0,3,3,0.0
IPmP,4,5,9,0.44
IPmS,3,3,6,0.5
IPmb,0,3,3,0.0
IPml,2,1,3,0.67
IPmm,2,3,5,0.4
IPmn,5,2,7,0.71
IPms,2,0,2,1.0
IPnB,2,2,4,0.5
IPnK,0,1,1,0.0
IPnL,0,1,1,0.0
IPnM,1,1,2,0.5
IPnN,2,4,6,0.33
IPnP,2,7,9,0.22
IPnS,0,4,4,0.0
IPnb,3,1,4,0.75
IPnl,2,2,4,0.5
IPnm,5,0,5,1.0
IPnn,2,2,4,0.5
IPns,3,3,6,0.5
IPsB,2,0,2,1.0
IPsD,0,1,1,0.0
IPsH,1,1,2,0.5
IPsI,0,1,1,0.0
IPsL,0,1,1,0.0
IPsM,0,1,1,0.0
IPsN,2,2,4,0.5
IPsP,3,3,6,0.5
IPsS,1,5,6,0.17
IPsb,5,3,8,0.62
IPsl,1,1,2,0.5
IPsm,5,0,5,1.0
IPsn,2,1,3,0.67
IPss,2,5,7,0.29
ISBB,1,4,5,0.2
ISBD,1,0,1,1.0
ISBH,1,0,1,1.0
ISBL,1,2,3,0.33
ISBM,0,3,3,0.0
ISBN,2,1,3,0.67
ISBP,1,2,3,0.33
ISBS,2,1,3,0.67
ISBb,4,2,6,0.67
ISBj,0,1,1,0.0
ISBl,1,0,1,1.0
ISBn,2,2,4,0.5
ISBs,1,1,2,0.5
ISDB,0,1,1,0.0
ISDI,0,1,1,0.0
ISDM,0,1,1,0.0
ISDP,0,1,1,0.0
ISDS,0,1,1,0.0
ISDn,1,0,1,1.0
ISDs,0,1,1,0.0
ISHB,1,2,3,0.33
ISHH,0,1,1,0.0
ISHL,1,0,1,1.0
ISHM,2,3,5,0.4
ISHN,0,1,1,0.0
ISHP,2,0,2,1.0
ISHS,4,3,7,0.57
ISHb,2,1,3,0.67
ISHh,0,1,1,0.0
ISHm,1,1,2,0.5
ISHn,1,1,2,0.5
ISHs,0,3,3,0.0
ISIM,1,0,1,1.0
ISIP,1,1,2,0.5
ISIS,1,0,1,1.0
ISIm,1,2,3,0.33
ISKL,1,0,1,1.0
ISKS,0,1,1,0.0
ISKh,0,0,0,
ISLB,3,1,4,0.75
ISLL,0,1,1,0.0
ISLM,0,1,1,0.0
ISLN,1,1,2,0.5
ISLP,1,3,4,0.25
ISLb,0,1,1,0.0
ISLl,0,1,1,0.0
ISLm,3,2,5,0.6
ISLn,1,1,2,0.5
ISMB,1,1,2,0.5
ISMD,1,0,1,1.0
ISML,1,1,2,0.5
ISMM,3,4,7,0.43
ISMN,2,1,3,0.67
ISMP,3,0,3,1.0
ISMS,0,2,2,0.0
ISMb,2,3,5,0.4
ISMh,0,0,0,
ISMj,1,0,1,1.0
ISMl,1,1,2,0.5
ISMm,2,2,4,0.5
ISMn,5,0,5,1.0
ISMs,2,4,6,0.33
ISNB,1,1,2,0.5
ISNL,1,0,1,1.0
ISNM,1,3,4,0.25
ISNN,1,1,2,0.5
ISNP,2,4,6,0.33
ISNS,5,0,5,1.0
ISNb,1,3,4,0.25
ISNh,1,0,1,1.0
ISNl,0,1,1,0.0
ISNm,4,1,5,0.8
ISNn,2,2,4,0.5
ISNs,2,0,2,1.0
ISPB,3,0,3,1.0
ISPH,2,0,2,1.0
ISPI,1,0,1,1.0
ISPL,1,1,2,0.5
ISPM,2,3,5,0.4
ISPN,2,3,5,0.4
ISPP,5,4,9,0.56
ISPS,2,1,3,0.67
ISPT,0,1,1,0.0
ISPb,6,1,7,0.86
ISPh,1,0,1,1.0
ISPl,1,1,2,0.5
ISPm,4,1,5,0.8
ISPn,3,1,4,0.75
ISPs,2,3,5,0.4
ISSB,1,1,2,0.5
ISSH,0,1,1,0.0
ISSI,1,0,1,1.0
ISSL,1,0,1,1.0
ISSM,2,2,4,0.5
ISSN,3,0,3,1.0
ISSP,1,1,2,0.5
ISSS,5,6,11,0.45
ISST,0,1,1,0.0
ISSb,2,1,3,0.67
ISSh,3,3,6,0.5
ISSl,1,0,1,1.0
ISSm,2,1,3,0.67
ISSn,3,4,7,0.43
ISSs,3,4,7,0.43
ISTH,1,0,1,1.0
ISTM,0,1,1,0.0
ISTN,1,1,2,0.5
ISTP,1,1,2,0.5
ISTS,2,1,3,0.67
ISTb,0,0,0,
ISTm,1,0,1,1.0
ISTn,2,0,2,1.0
ISbB,2,2,4,0.5
ISbD,1,0,1,1.0
ISbH,0,1,1,0.0
ISbJ,0,1,1,0.0
ISbK,0,1,1,0.0
ISbM,1,2,3,0.33
ISbN,1,1,2,0.5
ISbP,3,2,5,0.6
ISbb,1,1,2,0.5
ISbh,0,1,1,0.0
ISbm,1,2,3,0.33
ISbn,0,1,1,0.0
ISbs,1,2,3,0.33
IShB,1,1,2,0.5
IShH,1,0,1,1.0
IShL,1,1,2,0.5
IShM,1,0,1,1.0
IShN,1,0,1,1.0
IShP,0,2,2,0.0
IShS,0,1,1,0.0
IShT,1,0,1,1.0
IShh,0,1,1,0.0
IShm,1,0,1,1.0
IShn,1,0,1,1.0
IShs,2,0,2,1.0
ISlB,1,0,1,1.0
ISlH,1,0,1,1.0
ISlI,0,0,0,
ISlL,0,0,0,
ISlM,0,3,3,0.0
ISlN,1,1,2,0.5
ISlP,2,1,3,0.67
ISlS,0,0,0,
ISlm,1,1,2,0.5
ISln,0,1,1,0.0
ISls,0,1,1,0.0
ISmB,3,0,3,1.0
ISmH,1,2,3,0.33
ISmJ,1,0,1,1.0
ISmK,1,0,1,1.0
ISmL,1,0,1,1.0
ISmM,1,0,1,1.0
ISmN,3,1,4,0.75
ISmP,2,6,8,0.25
ISmS,1,2,3,0.33
ISmb,2,2,4,0.5
ISml,2,0,2,1.0
ISmm,5,1,6,0.83
ISmn,3,2,5,0.6
ISms,3,0,3,1.0
ISnB,0,0,0,
ISnD,1,0,1,1.0
ISnH,1,0,1,1.0
ISnL,1,0,1,1.0
ISnM,2,1,3,0.67
ISnN,4,4,8,0.5
ISnP,3,3,6,0.5
ISnS,4,4,8,0.5
ISnb,2,2,4,0.5
ISnh,1,0,1,1.0
ISnl,1,0,1,1.0
ISnm,1,1,2,0.5
ISnn,5,2,7,0.71
ISns,2,1,3,0.67
ISsB,1,0,1,1.0
ISsD,0,1,1,0.0
ISsH,2,1,3,0.67
ISsI,0,0,0,
ISsM,1,3,4,0.25
ISsN,2,2,4,0.5
ISsP,3,4,7,0.43
ISsS,1,7,8,0.12
ISsh,0,1,1,0.0
ISsl,2,3,5,0.4
ISsm,2,0,2,1.0
ISsn,0,1,1,0.0
ISss,1,0,1,1.0
ITBD,0,0,0,
ITBP,1,0,1,1.0
ITBb,0,1,1,0.0
ITBh,0,1,1,0.0
ITDK,0,0,0,
ITDl,0,0,0,
ITDs,1,0,1,1.0
ITHN,1,1,2,0.5
ITMN,0,1,1,0.0
ITMP,1,0,1,1.0
ITMS,1,0,1,1.0
ITNB,0,1,1,0.0
ITNI,1,0,1,1.0
ITNM,0,1,1,0.0
ITNS,0,1,1,0.0
ITNn,0,1,1,0.0
ITNs,0,1,1,0.0
ITPH,0,1,1,0.0
ITPK,0,1,1,0.0
ITPL,0,0,0,
ITPN,0,1,1,0.0
ITPS,0,0,0,
ITPh,1,0,1,1.0
ITPl,0,1,1,0.0
ITPm,1,0,1,1.0
ITSS,0,2,2,0.0
ITSs,1,0,1,1.0
ITTM,0,0,0,
ITlm,1,0,1,1.0
ITmH,0,0,0,
ITmL,1,0,1,1.0
ITmP,0,1,1,0.0
ITmS,0,1,1,0.0
ITml,0,0,0,
ITmm,0,1,1,0.0
ITnI,0,0,0,
ITnL,0,1,1,0.0
ITnP,1,1,2,0.5
ITns,0,1,1,0.0
ITsP,0,0,0,
ITsn,0,0,0,
IbBB,4,3,7,0.57
IbBD,0,0,0,
IbBL,2,3,5,0.4
IbBM,2,1,3,0.67
IbBN,1,3,4,0.25
IbBP,3,2,5,0.6
IbBS,0,4,4,0.0
IbBb,3,1,4,0.75
IbBh,3,0,3,1.0
IbBj,1,2,3,0.33
IbBl,0,3,3,0.0
IbBm,2,3,5,0.4
IbBn,5,1,6,0.83
IbBs,0,1,1,0.0
IbDP,2,0,2,1.0
IbHM,1,1,2,0.5
IbHN,0,0,0,
IbHP,1,0,1,1.0
IbHS,0,0,0,
IbHb,0,2,2,0.0
IbHl,1,0,1,1.0
IbHn,1,0,1,1.0
IbHs,3,0,3,1.0
IbIB,1,1,2,0.5
IbID,1,0,1,1.0
IbIN,1,0,1,1.0
IbJB,1,0,1,1.0
IbJD,1,0,1,1.0
IbJL,1,0,1,1.0
IbJM,2,0,2,1.0
IbJN,1,0,1,1.0
IbJP,1,4,5,0.2
IbJT,1,0,1,1.0
IbJb,2,0,2,1.0
IbJm,0,2,2,0.0
IbJn,0,1,1,0.0
IbJs,1,0,1,1.0
IbKL,0,1,1,0.0
IbKP,2,0,2,1.0
IbKh,0,0,0,
IbKm,2,0,2,1.0
IbKs,1,0,1,1.0
IbLB,0,2,2,0.0
IbLM,2,0,2,1.0
IbLN,1,1,2,0.5
IbLP,1,0,1,1.0
IbLS,2,2,4,0.5
IbLh,1,0,1,1.0
IbLm,1,0,1,1.0
IbLn,2,1,3,0.67
IbMB,1,1,2,0.5
IbML,1,1,2,0.5
IbMM,4,1,5,0.8
IbMN,4,3,7,0.57
IbMP,2,5,7,0.29
IbMS,0,0,0,
IbMT,0,1,1,0.0
IbMb,2,4,6,0.33
IbMh,0,1,1,0.0
IbMj,1,1,2,0.5
IbMl,0,0,0,
IbMm,4,2,6,0.67
IbMn,2,5,7,0.29
IbMs,2,0,2,1.0
IbNB,5,2,7,0.71
IbND,0,1,1,0.0
IbNH,1,1,2,0.5
IbNL,0,1,1,0.0
IbNM,3,1,4,0.75
IbNN,4,3,7,0.57
IbNP,5,4,9,0.56
IbNS,0,2,2,0.0
IbNT,2,0,2,1.0
IbNb,3,3,6,0.5
IbNh,0,1,1,0.0
IbNm,3,1,4,0.75
IbNn,2,3,5,0.4
IbNs,2,0,2,1.0
IbPB,5,0,5,1.0
IbPD,0,1,1,0.0
IbPI,2,1,3,0.67
IbPK,0,2,2,0.0
IbPL,1,0,1,1.0
IbPM,6,7,13,0.46
IbPN,1,2,3,0.33
IbPP,7,6,13,0.54
IbPS,2,1,3,0.67
IbPT,0,1,1,0.0
IbPb,5,3,8,0.62
IbPh,0,1,1,0.0
IbPl,3,2,5,0.6
IbPm,6,1,7,0.86
IbPn,4,2,6,0.67
IbPs,0,4,4,0.0
IbSB,0,2,2,0.0
IbSH,2,0,2,1.0
IbSI,1,0,1,1.0
IbSL,2,0,2,1.0
IbSM,2,2,4,0.5
IbSN,1,1,2,0.5
IbSP,3,6,9,0.33
IbST,0,1,1,0.0
IbSh,1,3,4,0.25
IbSl,0,0,0,
IbSm,1,1,2,0.5
IbSn,2,1,3,0.67
IbSs,1,1,2,0.5
IbbB,1,1,2,0.5
IbbH,0,1,1,0.0
IbbK,1,0,1,1.0
IbbL,1,1,2,0.5
IbbM,0,2,2,0.0
IbbN,1,6,7,0.14
IbbP,5,4,9,0.56
IbbS,1,1,2,0.5
Ibbb,4,4,8,0.5
Ibbl,1,0,1,1.0
Ibbm,2,3,5,0.4
Ibbn,3,1,4,0.75
Ibbs,1,1,2,0.5
IblB,1,0,1,1.0
IblH,1,0,1,1.0
IblL,2,0,2,1.0
IblM,0,1,1,0.0
IblN,1,2,3,0.33
IblP,0,0,0,
IblS,0,1,1,0.0
Iblb,1,1,2,0.5
Ibll,1,0,1,1.0
Iblm,0,0,0,
Ibls,1,1,2,0.5
IbmB,3,2,5,0.6
IbmD,1,0,1,1.0
IbmH,1,0,1,1.0
IbmI,0,1,1,0.0
IbmJ,0,1,1,0.0
IbmL,0,0,0,
IbmM,3,1,4,0.75
IbmN,1,0,1,1.0
IbmP,1,3,4,0.25
IbmS,3,2,5,0.6
Ibmb,2,0,2,1.0
Ibml,2,0,2,1.0
Ibmm,1,1,2,0.5
Ibmn,1,2,3,0.33
Ibms,0,2,2,0.0
IbnH,0,3,3,0.0
IbnI,0,0,0,
IbnL,0,3,3,0.0
IbnM,4,2,6,0.67
IbnN,2,3,5,0.4
IbnP,2,1,3,0.67
IbnS,1,3,4,0.25
Ibnb,3,3,6,0.5
Ibnl,0,1,1,0.0
Ibnm,6,0,6,1.0
Ibnn,1,1,2,0.5
Ibns,3,2,5,0.6
IbsB,1,3,4,0.25
IbsH,1,0,1,1.0
IbsM,1,0,1,1.0
IbsN,1,1,2,0.5
IbsP,1,2,3,0.33
IbsS,3,1,4,0.75
Ibsb,3,0,3,1.0
Ibsh,1,0,1,1.0
Ibsl,0,1,1,0.0
Ibsm,2,0,2,1.0
Ibsn,1,0,1,1.0
Ibss,0,0,0,
IhLm,1,0,1,1.0
IhMM,0,1,1,0.0
IhNS,1,0,1,1.0
IhPM,0,1,1,0.0
IhSL,1,0,1,1.0
IhSb,0,1,1,0.0
IhSm,1,0,1,1.0
IhbJ,1,0,1,1.0
IhbS,0,0,0,
IhhI,0,1,1,0.0
Ihhs,0,0,0,
IhlJ,0,0,0,
Ihlm,0,1,1,0.0
IhmM,1,0,1,1.0
IhsS,1,0,1,1.0
IlBB,2,1,3,0.67
IlBK,0,1,1,0.0
IlBM,1,0,1,1.0
IlBP,0,2,2,0.0
IlBS,1,2,3,0.33
IlBb,1,0,1,1.0
IlBl,0,1,1,0.0
IlBm,0,1,1,0.0
IlBn,5,2,7,0.71
IlBs,1,0,1,1.0
IlHI,0,1,1,0.0
IlHL,0,1,1,0.0
IlHM,0,1,1,0.0
IlHN,0,2,2,0.0
IlHP,2,1,3,0.67
IlHS,1,0,1,1.0
IlHm,1,0,1,1.0
IlHn,0,1,1,0.0
IlID,0,1,1,0.0
IlIH,1,0,1,1.0
IlIP,0,0,0,
IlIm,1,0,1,1.0
IlJL,0,1,1,0.0
IlJP,1,1,2,0.5
IlJS,1,0,1,1.0
IlJn,0,0,0,
IlLL,0,1,1,0.0
IlLN,1,0,1,1.0
IlLP,0,1,1,0.0
IlLj,1,0,1,1.0
IlLm,1,0,1,1.0
IlMB,0,2,2,0.0
IlML,1,1,2,0.5
IlMM,0,4,4,0.0
IlMN,1,0,1,1.0
IlMP,1,1,2,0.5
IlMS,0,1,1,0.0
IlMh,0,0,0,
IlMl,0,0,0,
IlMn,0,2,2,0.0
IlNB,0,1,1,0.0
IlND,0,1,1,0.0
IlNL,1,1,2,0.5
IlNM,1,0,1,1.0
IlNN,0,1,1,0.0
IlNP,0,1,1,0.0
IlNS,1,2,3,0.33
IlNb,6,3,9,0.67
IlNn,0,0,0,
IlNs,0,1,1,0.0
IlPB,1,3,4,0.25
IlPH,0,1,1,0.0
IlPL,3,0,3,1.0
IlPM,1,0,1,1.0
IlPN,0,2,2,0.0
IlPP,1,2,3,0.33
IlPS,1,0,1,1.0
IlPT,0,0,0,
IlPb,1,0,1,1.0
IlPm,1,0,1,1.0
IlPn,3,0,3,1.0
IlPs,3,0,3,1.0
IlSB,0,1,1,0.0
IlSI,1,0,1,1.0
IlSN,0,1,1,0.0
IlSP,1,2,3,0.33
IlSS,1,0,1,1.0
IlST,0,1,1,0.0
IlSh,1,1,2,0.5
IlSm,0,1,1,0.0
IlSn,2,1,3,0.67
IlSs,0,1,1,0.0
IlbB,1,1,2,0.5
IlbL,1,0,1,1.0
IlbM,1,2,3,0.33
IlbN,1,2,3,0.33
IlbP,1,0,1,1.0
Ilbb,4,0,4,1.0
Ilbm,0,1,1,0.0
IlhN,1,0,1,1.0
IllB,2,3,5,0.4
IllH,0,1,1,0.0
IllJ,0,1,1,0.0
IllM,1,0,1,1.0
IllS,1,0,1,1.0
Ills,0,0,0,
IlmB,3,0,3,1.0
IlmL,1,0,1,1.0
IlmM,2,1,3,0.67
IlmN,0,1,1,0.0
IlmP,0,2,2,0.0
Ilmb,2,0,2,1.0
Ilmm,0,0,0,
Ilmn,0,1,1,0.0
IlnB,0,1,1,0.0
IlnH,0,1,1,0.0
IlnM,1,0,1,1.0
IlnN,2,0,2,1.0
IlnP,1,1,2,0.5
IlnS,0,0,0,
Ilnb,3,0,3,1.0
Ilnm,1,0,1,1.0
Ilnn,1,0,1,1.0
IlsM,2,0,2,1.0
IlsN,0,1,1,0.0
IlsP,1,0,1,1.0
Ilsm,1,0,1,1.0
Ilss,1,1,2,0.5
ImBB,0,3,3,0.0
ImBK,0,0,0,
ImBL,1,0,1,1.0
ImBM,4,4,8,0.5
ImBN,3,1,4,0.75
ImBP,4,1,5,0.8
ImBS,1,1,2,0.5
ImBT,0,1,1,0.0
ImBb,0,5,5,0.0
ImBh,0,0,0,
ImBj,3,1,4,0.75
ImBl,0,1,1,0.0
ImBm,1,5,6,0.17
ImBn,0,3,3,0.0
ImBs,1,1,2,0.5
ImDB,1,1,2,0.5
ImDH,0,1,1,0.0
ImDM,0,0,0,
ImDm,0,0,0,
ImHB,1,0,1,1.0
ImHD,1,0,1,1.0
ImHI,1,0,1,1.0
ImHL,0,0,0,
ImHM,2,1,3,0.67
ImHN,1,1,2,0.5
ImHP,1,0,1,1.0
ImHS,3,0,3,1.0
ImHT,0,1,1,0.0
ImHb,2,0,2,1.0
ImHh,2,0,2,1.0
ImHm,0,4,4,0.0
ImHn,3,0,3,1.0
ImHs,0,2,2,0.0
ImIN,2,0,2,1.0
ImIn,1,0,1,1.0
ImJB,1,0,1,1.0
ImJN,1,0,1,1.0
ImJP,0,1,1,0.0
ImJm,1,0,1,1.0
ImJs,0,0,0,
ImKM,1,0,1,1.0
ImLB,1,1,2,0.5
ImLM,0,2,2,0.0
ImLN,1,2,3,0.33
ImLP,0,0,0,
ImLS,2,0,2,1.0
ImLh,0,1,1,0.0
ImLl,1,0,1,1.0
ImLm,2,0,2,1.0
ImLn,1,1,2,0.5
ImLs,0,2,2,0.0
ImMB,2,3,5,0.4
ImMD,0,2,2,0.0
ImML,1,0,1,1.0
ImMM,6,1,7,0.86
ImMN,2,7,9,0.22
ImMP,2,4,6,0.33
ImMS,5,2,7,0.71
ImMT,1,0,1,1.0
ImMb,3,1,4,0.75
ImMh,2,3,5,0.4
ImMl,1,0,1,1.0
ImMm,3,3,6,0.5
ImMn,4,3,7,0.57
ImMs,1,2,3,0.33
ImNB,4,3,7,0.57
ImNK,0,0,0,
ImNL,1,1,2,0.5
ImNM,1,2,3,0.33
ImNN,3,2,5,0.6
ImNP,2,2,4,0.5
ImNS,7,1,8,0.88
ImNT,1,0,1,1.0
ImNb,4,2,6,0.67
ImNh,2,0,2,1.0
ImNl,2,0,2,1.0
ImNm,5,3,8,0.62
ImNn,2,3,5,0.4
ImNs,2,1,3,0.67
ImPB,2,2,4,0.5
ImPD,1,0,1,1.0
ImPH,0,2,2,0.0
ImPI,0,0,0,
ImPL,0,1,1,0.0
ImPM,2,2,4,0.5
ImPN,2,4,6,0.33
ImPP,5,4,9,0.56
ImPS,2,2,4,0.5
ImPb,0,2,2,0.0
ImPl,0,2,2,0.0
ImPm,5,4,9,0.56
ImPn,2,1,3,0.67
ImPs,3,2,5,0.6
ImSB,2,1,3,0.67
ImSD,3,0,3,1.0
ImSH,0,4,4,0.0
ImSK,0,1,1,0.0
ImSL,1,0,1,1.0
ImSM,3,3,6,0.5
ImSN,3,2,5,0.6
ImSP,1,0,1,1.0
ImSS,1,4,5,0.2
ImSb,0,1,1,0.0
ImSh,0,0,0,
ImSm,0,1,1,0.0
ImSn,4,1,5,0.8
ImSs,3,2,5,0.6
ImbB,4,0,4,1.0
ImbH,1,0,1,1.0
ImbJ,3,0,3,1.0
ImbK,1,1,2,0.5
ImbL,2,0,2,1.0
ImbM,4,6,10,0.4
ImbN,5,2,7,0.71
ImbP,4,3,7,0.57
ImbS,1,1,2,0.5
ImbT,0,1,1,0.0
Imbb,5,1,6,0.83
Imbl,0,1,1,0.0
Imbm,2,3,5,0.4
Imbn,2,2,4,0.5
Imbs,1,1,2,0.5
ImhS,0,0,0,
ImlH,1,0,1,1.0
ImlM,2,0,2,1.0
ImlN,1,0,1,1.0
ImlP,1,0,1,1.0
ImlS,2,1,3,0.67
Imlb,1,1,2,0.5
Imln,0,1,1,0.0
ImmB,3,0,3,1.0
ImmD,1,0,1,1.0
ImmH,2,2,4,0.5
ImmJ,0,1,1,0.0
ImmL,0,0,0,
ImmM,0,2,2,0.0
ImmN,3,3,6,0.5
ImmP,3,0,3,1.0
ImmS,1,1,2,0.5
Immb,2,1,3,0.67
Immm,1,2,3,0.33
Immn,1,1,2,0.5
Imms,0,2,2,0.0
ImnB,1,1,2,0.5
ImnD,0,0,0,
ImnH,1,0,1,1.0
ImnI,0,0,0,
ImnM,2,4,6,0.33
ImnN,3,1,4,0.75
ImnP,3,4,7,0.43
ImnS,3,1,4,0.75
Imnb,0,0,0,
Imnl,1,0,1,1.0
Imnm,1,1,2,0.5
Imnn,2,0,2,1.0
Imns,1,0,1,1.0
ImsB,2,1,3,0.67
ImsH,0,2,2,0.0
ImsL,1,0,1,1.0
ImsM,0,2,2,0.0
ImsN,2,1,3,0.67
ImsP,0,0,0,
ImsS,1,0,1,1.0
Imsb,1,1,2,0.5
Imsl,1,1,2,0.5
Imsm,0,3,3,0.0
Imsn,0,0,0,
Imss,1,1,2,0.5
InBB,2,2,4,0.5
InBD,0,0,0,
InBL,0,0,0,
InBM,0,4,4,0.0
InBN,1,1,2,0.5
InBP,0,1,1,0.0
InBT,1,1,2,0.5
InBb,0,3,3,0.0
InBj,2,1,3,0.67
InBl,1,2,3,0.33
InBm,1,0,1,1.0
InBn,1,1,2,0.5
InBs,1,0,1,1.0
InDB,1,0,1,1.0
InDM,0,1,1,0.0
InDN,0,1,1,0.0
InDS,0,1,1,0.0
InDh,0,1,1,0.0
InDm,0,2,2,0.0
InHB,1,1,2,0.5
InHH,1,0,1,1.0
InHI,0,1,1,0.0
InHL,1,1,2,0.5
InHN,4,1,5,0.8
InHP,0,3,3,0.0
InHS,2,1,3,0.67
InHb,0,3,3,0.0
InHh,0,0,0,
InHl,1,1,2,0.5
InHm,1,3,4,0.25
InHn,2,0,2,1.0
InHs,0,1,1,0.0
InIP,1,0,1,1.0
InIS,1,2,3,0.33
InIb,1,0,1,1.0
InIl,3,1,4,0.75
InIm,1,1,2,0.5
InIs,0,0,0,
InKh,0,1,1,0.0
InKs,1,0,1,1.0
InLB,1,0,1,1.0
InLL,1,0,1,1.0
InLM,0,0,0,
InLN,0,1,1,0.0
InLP,1,0,1,1.0
InLT,0,1,1,0.0
InLh,0,0,0,
InLm,1,2,3,0.33
InLn,2,2,4,0.5
InLs,1,1,2,0.5
InMB,1,1,2,0.5
InMD,0,0,0,
InML,1,1,2,0.5
InMM,3,3,6,0.5
InMN,1,5,6,0.17
InMP,3,1,4,0.75
InMS,0,6,6,0.0
InMT,0,2,2,0.0
InMb,1,1,2,0.5
InMh,2,1,3,0.67
InMj,1,1,2,0.5
InMl,2,0,2,1.0
InMm,2,2,4,0.5
InMn,2,4,6,0.33
InMs,3,0,3,1.0
InNB,1,2,3,0.33
InNH,0,1,1,0.0
InNL,0,2,2,0.0
InNM,2,3,5,0.4
InNN,2,7,9,0.22
InNP,4,6,10,0.4
InNS,2,3,5,0.4
InNT,3,0,3,1.0
InNb,2,1,3,0.67
InNh,1,0,1,1.0
InNl,2,1,3,0.67
InNm,5,0,5,1.0
InNn,3,4,7,0.43
InNs,0,2,2,0.0
InPB,2,5,7,0.29
InPD,0,0,0,
InPH,0,0,0,
InPI,2,0,2,1.0
InPK,1,0,1,1.0
InPL,2,2,4,0.5
InPM,3,3,6,0.5
InPN,2,1,3,0.67
InPP,10,5,15,0.67
InPS,1,3,4,0.25
InPT,1,0,1,1.0
InPb,2,4,6,0.33
InPl,0,1,1,0.0
InPm,5,1,6,0.83
InPn,4,1,5,0.8
InPs,6,2,8,0.75
InSB,2,0,2,1.0
InSD,2,0,2,1.0
InSH,0,1,1,0.0
InSK,1,0,1,1.0
InSL,2,2,4,0.5
InSM,0,0,0,
InSN,2,2,4,0.5
InSP,3,1,4,0.75
InSS,6,2,8,0.75
InST,1,0,1,1.0
InSb,3,0,3,1.0
InSh,2,0,2,1.0
InSl,1,1,2,0.5
InSm,1,1,2,0.5
InSn,1,1,2,0.5
InSs,2,1,3,0.67
InbB,4,4,8,0.5
InbL,0,1,1,0.0
InbM,3,7,10,0.3
InbN,3,3,6,0.5
InbP,1,3,4,0.25
InbS,1,2,3,0.33
Inbb,2,5,7,0.29
Inbl,2,0,2,1.0
Inbm,1,2,3,0.33
Inbn,2,2,4,0.5
Inbs,0,3,3,0.0
InhH,1,0,1,1.0
Inhm,1,0,1,1.0
InlH,2,1,3,0.67
InlM,1,0,1,1.0
InlN,1,0,1,1.0
InlP,2,2,4,0.5
InlS,0,2,2,0.0
Inlb,0,1,1,0.0
Inll,0,1,1,0.0
Inln,2,0,2,1.0
Inls,1,1,2,0.5
InmB,4,2,6,0.67
InmH,1,2,3,0.33
InmM,2,1,3,0.67
InmN,3,1,4,0.75
InmP,2,1,3,0.67
InmS,2,2,4,0.5
Inmb,2,1,3,0.67
Inml,1,1,2,0.5
Inmm,2,3,5,0.4
Inmn,3,1,4,0.75
Inms,0,2,2,0.0
InnB,1,0,1,1.0
InnD,0,1,1,0.0
InnH,2,0,2,1.0
InnI,0,1,1,0.0
InnK,1,0,1,1.0
InnL,1,0,1,1.0
InnM,3,2,5,0.6
InnN,3,4,7,0.43
InnP,1,3,4,0.25
InnS,0,2,2,0.0
Innb,0,2,2,0.0
Innh,0,0,0,
Innl,1,0,1,1.0
Innm,1,1,2,0.5
Innn,4,2,6,0.67
Inns,2,3,5,0.4
InsB,0,2,2,0.0
InsH,2,0,2,1.0
InsL,0,1,1,0.0
InsM,3,1,4,0.75
InsN,3,0,3,1.0
InsP,1,3,4,0.25
InsS,1,1,2,0.5
Insb,3,0,3,1.0
Insl,1,0,1,1.0
Insm,1,2,3,0.33
Insn,2,1,3,0.67
Inss,1,1,2,0.5
IsBB,1,0,1,1.0
IsBM,1,3,4,0.25
IsBN,1,2,3,0.33
IsBP,3,1,4,0.75
IsBS,0,1,1,0.0
IsBb,2,0,2,1.0
IsBj,1,0,1,1.0
IsBm,1,1,2,0.5
IsBn,1,0,1,1.0
IsBs,1,0,1,1.0
IsDH,1,0,1,1.0
IsDM,2,0,2,1.0
IsDN,1,0,1,1.0
IsDb,0,1,1,0.0
IsDn,0,1,1,0.0
IsDs,0,0,0,
IsHB,0,2,2,0.0
IsHH,0,1,1,0.0
IsHI,0,0,0,
IsHM,1,1,2,0.5
IsHN,0,0,0,
IsHP,1,1,2,0.5
IsHS,0,3,3,0.0
IsHb,2,1,3,0.67
IsHh,1,1,2,0.5
IsHm,1,2,3,0.33
IsHn,3,2,5,0.6
IsHs,2,1,3,0.67
IsIB,1,0,1,1.0
IsIH,1,0,1,1.0
IsIP,0,0,0,
IsIS,0,3,3,0.0
IsLB,1,0,1,1.0
IsLL,0,0,0,
IsLM,1,1,2,0.5
IsLN,1,0,1,1.0
IsLP,2,0,2,1.0
IsLS,0,2,2,0.0
IsLb,0,1,1,0.0
IsLm,0,0,0,
IsLn,3,1,4,0.75
IsLs,1,1,2,0.5
IsMB,0,1,1,0.0
IsMD,0,1,1,0.0
IsML,1,0,1,1.0
IsMM,0,1,1,0.0
IsMN,2,2,4,0.5
IsMP,0,1,1,0.0
IsMS,0,3,3,0.0
IsMT,0,1,1,0.0
IsMh,2,1,3,0.67
IsMm,1,4,5,0.2
IsMn,3,1,4,0.75
IsMs,2,3,5,0.4
IsNB,1,1,2,0.5
IsND,1,0,1,1.0
IsNL,1,1,2,0.5
IsNM,0,1,1,0.0
IsNN,4,1,5,0.8
IsNP,0,2,2,0.0
IsNS,0,1,1,0.0
IsNT,1,2,3,0.33
IsNb,1,0,1,1.0
IsNm,2,1,3,0.67
IsNn,1,0,1,1.0
IsNs,2,2,4,0.5
IsPB,3,2,5,0.6
IsPH,0,1,1,0.0
IsPL,1,1,2,0.5
IsPM,1,4,5,0.2
IsPN,3,2,5,0.6
IsPP,2,3,5,0.4
IsPS,0,2,2,0.0
IsPT,0,0,0,
IsPb,0,0,0,
IsPm,1,0,1,1.0
IsPn,3,3,6,0.5
IsPs,2,1,3,0.67
IsSB,2,1,3,0.67
IsSD,0,0,0,
IsSH,1,2,3,0.33
IsSL,2,0,2,1.0
IsSM,2,0,2,1.0
IsSN,5,2,7,0.71
IsSP,1,1,2,0.5
IsSS,0,4,4,0.0
IsSb,2,2,4,0.5
IsSh,0,1,1,0.0
IsSl,1,1,2,0.5
IsSm,1,1,2,0.5
IsSn,2,0,2,1.0
IsSs,3,1,4,0.75
IsTs,0,1,1,0.0
IsbB,2,0,2,1.0
IsbH,1,1,2,0.5
IsbJ,0,1,1,0.0
IsbL,1,1,2,0.5
IsbM,4,1,5,0.8
IsbN,1,1,2,0.5
IsbP,0,1,1,0.0
IsbS,1,0,1,1.0
Isbb,2,0,2,1.0
Isbl,0,1,1,0.0
Isbm,4,0,4,1.0
Isbn,0,1,1,0.0
Isbs,0,0,0,
IshB,1,0,1,1.0
IshM,0,1,1,0.0
IslB,1,1,2,0.5
IslH,0,1,1,0.0
IslJ,0,2,2,0.0
IslM,1,1,2,0.5
IslP,2,2,4,0.5
IslS,0,1,1,0.0
Islb,1,0,1,1.0
Isln,0,1,1,0.0
IsmB,0,2,2,0.0
IsmD,0,2,2,0.0
IsmH,1,0,1,1.0
IsmI,0,1,1,0.0
IsmJ,0,1,1,0.0
IsmK,1,0,1,1.0
IsmM,3,1,4,0.75
IsmN,0,2,2,0.0
IsmP,3,3,6,0.5
IsmS,3,3,6,0.5
Ismb,2,1,3,0.67
Ismm,2,2,4,0.5
Ismn,0,1,1,0.0
Isms,1,0,1,1.0
IsnB,2,0,2,1.0
IsnI,1,0,1,1.0
IsnL,1,1,2,0.5
IsnM,1,1,2,0.5
IsnN,2,0,2,1.0
IsnP,3,1,4,0.75
IsnS,0,2,2,0.0
Isnm,1,2,3,0.33
Isnn,3,0,3,1.0
Isns,1,1,2,0.5
IssD,0,1,1,0.0
IssH,0,2,2,0.0
IssK,0,0,0,
IssM,2,3,5,0.4
IssN,4,0,4,1.0
IssP,0,1,1,0.0
IssS,2,4,6,0.33
Issb,2,3,5,0.4
Issh,0,1,1,0.0
Issm,2,2,4,0.5
Issn,0,4,4,0.0
Isss,1,4,5,0.2
JBBB,1,2,3,0.33
JBBL,2,1,3,0.67
JBBM,1,2,3,0.33
JBBN,1,5,6,0.17
JBBP,2,1,3,0.67
JBBS,1,0,1,1.0
JBBT,0,0,0,
JBBb,1,0,1,1.0
JBBj,0,1,1,0.0
JBBl,1,3,4,0.25
JBBm,0,4,4,0.0
JBBn,4,5,9,0.44
JBDM,1,0,1,1.0
JBDP,1,0,1,1.0
JBDs,1,1,2,0.5
JBIn,0,0,0,
JBKI,0,0,0,
JBKP,0,2,2,0.0
JBKs,0,0,0,
JBLB,1,0,1,1.0
JBLT,1,0,1,1.0
JBLb,1,1,2,0.5
JBLl,0,0,0,
JBMB,0,1,1,0.0
JBML,2,1,3,0.67
JBMM,1,1,2,0.5
JBMP,2,0,2,1.0
JBMS,1,3,4,0.25
JBMT,0,0,0,
JBMb,2,4,6,0.33
JBMh,2,3,5,0.4
JBMj,1,0,1,1.0
JBMl,0,2,2,0.0
JBMm,2,4,6,0.33
JBMn,1,4,5,0.2
JBMs,1,2,3,0.33
JBNB,2,3,5,0.4
JBND,0,2,2,0.0
JBNH,1,0,1,1.0
JBNM,0,2,2,0.0
JBNN,3,1,4,0.75
JBNP,1,1,2,0.5
JBNS,3,3,6,0.5
JBNb,2,2,4,0.5
JBNl,1,1,2,0.5
JBNm,2,2,4,0.5
JBNn,4,4,8,0.5
JBNs,1,2,3,0.33
JBPB,3,3,6,0.5
JBPD,0,1,1,0.0
JBPH,0,0,0,
JBPL,1,0,1,1.0
JBPM,2,2,4,0.5
JBPN,2,1,3,0.67
JBPP,3,1,4,0.75
JBPS,1,2,3,0.33
JBPb,1,1,2,0.5
JBPh,1,0,1,1.0
JBPl,0,1,1,0.0
JBPm,1,1,2,0.5
JBPn,3,2,5,0.6
JBPs,0,1,1,0.0
JBSB,0,1,1,0.0
JBSD,1,0,1,1.0
JBSH,2,2,4,0.5
JBSL,1,0,1,1.0
JBSM,1,2,3,0.33
JBSN,1,1,2,0.5
JBSP,2,3,5,0.4
JBSS,0,1,1,0.0
JBSb,0,4,4,0.0
JBSm,0,1,1,0.0
JBSn,2,1,3,0.67
JBSs,1,1,2,0.5
JBTM,0,1,1,0.0
JBTN,0,1,1,0.0
JBTb,0,1,1,0.0
JBbB,1,0,1,1.0
JBbI,1,0,1,1.0
JBbL,0,1,1,0.0
JBbM,1,1,2,0.5
JBbN,2,1,3,0.67
JBbP,5,2,7,0.71
JBbS,0,2,2,0.0
JBbb,3,3,6,0.5
JBbl,0,1,1,0.0
JBbm,1,1,2,0.5
JBbn,2,1,3,0.67
JBbs,0,1,1,0.0
JBhH,0,0,0,
JBhb,0,2,2,0.0
JBhn,1,1,2,0.5
JBjL,0,1,1,0.0
JBjN,0,1,1,0.0
JBjP,2,0,2,1.0
JBjS,0,0,0,
JBjT,0,0,0,
JBjb,1,0,1,1.0
JBjl,0,1,1,0.0
JBjm,1,1,2,0.5
JBlH,0,2,2,0.0
JBlL,2,0,2,1.0
JBlM,2,1,3,0.67
JBlN,1,0,1,1.0
JBlS,1,0,1,1.0
JBlb,1,1,2,0.5
JBls,0,1,1,0.0
JBmB,2,3,5,0.4
JBmH,2,3,5,0.4
JBmJ,0,1,1,0.0
JBmM,0,1,1,0.0
JBmN,2,2,4,0.5
JBmP,1,2,3,0.33
JBmS,1,2,3,0.33
JBmb,1,0,1,1.0
JBml,3,0,3,1.0
JBmm,1,0,1,1.0
JBmn,1,0,1,1.0
JBnB,3,1,4,0.75
JBnD,1,0,1,1.0
JBnH,1,2,3,0.33
JBnK,0,1,1,0.0
JBnL,1,2,3,0.33
JBnM,3,2,5,0.6
JBnN,2,5,7,0.29
JBnP,1,3,4,0.25
JBnS,2,2,4,0.5
JBnb,2,0,2,1.0
JBnl,1,3,4,0.25
JBnm,1,2,3,0.33
JBnn,1,1,2,0.5
JBsB,0,1,1,0.0
JBsM,1,0,1,1.0
JBsN,1,1,2,0.5
JBsP,0,2,2,0.0
JBsS,0,1,1,0.0
JBsb,2,0,2,1.0
JBsl,2,0,2,1.0
JBsm,2,1,3,0.67
JBsn,1,2,3,0.33
JBss,1,0,1,1.0
JDBM,1,0,1,1.0
JDBS,0,0,0,
JDBm,1,1,2,0.5
JDDH,0,1,1,0.0
JDHL,0,1,1,0.0
JDHM,1,0,1,1.0
JDHh,1,0,1,1.0
JDIl,1,0,1,1.0
JDLD,1,0,1,1.0
JDLN,1,0,1,1.0
JDLj,1,0,1,1.0
JDMD,0,1,1,0.0
JDMN,0,1,1,0.0
JDMb,0,0,0,
JDMl,1,0,1,1.0
JDMn,0,1,1,0.0
JDNM,1,0,1,1.0
JDNh,0,1,1,0.0
JDNn,1,1,2,0.5
JDPn,0,1,1,0.0
JDSB,0,1,1,0.0
JDSL,0,1,1,0.0
JDSM,0,0,0,
JDSh,0,1,1,0.0
JDSs,1,1,2,0.5
JDTM,0,1,1,0.0
JDbM,0,1,1,0.0
JDbP,1,0,1,1.0
JDbn,0,1,1,0.0
JDlB,1,0,1,1.0
JDlH,0,1,1,0.0
JDls,0,0,0,
JDmM,0,1,1,0.0
JDsD,1,0,1,1.0
JDsP,1,0,1,1.0
JDsS,1,0,1,1.0
JHBB,0,1,1,0.0
JHBP,4,0,4,1.0
JHBb,1,0,1,1.0
JHBj,1,0,1,1.0
JHBl,0,1,1,0.0
JHBm,0,2,2,0.0
JHBn,0,1,1,0.0
JHBs,1,1,2,0.5
JHDP,1,0,1,1.0
JHDm,1,0,1,1.0
JHHL,1,0,1,1.0
JHHT,0,1,1,0.0
JHHh,0,0,0,
JHHm,1,0,1,1.0
JHHn,0,1,1,0.0
JHKn,1,1,2,0.5
JHLB,1,0,1,1.0
JHLM,0,2,2,0.0
JHLP,0,1,1,0.0
JHLS,1,0,1,1.0
JHLn,0,1,1,0.0
JHLs,1,0,1,1.0
JHMB,0,1,1,0.0
JHMD,1,0,1,1.0
JHMM,1,1,2,0.5
JHMN,1,0,1,1.0
JHMP,2,2,4,0.5
JHMS,1,2,3,0.33
JHMb,2,1,3,0.67
JHMj,1,1,2,0.5
JHMl,1,1,2,0.5
JHMm,0,2,2,0.0
JHMn,1,0,1,1.0
JHMs,1,0,1,1.0
JHNB,1,1,2,0.5
JHNM,0,0,0,
JHNN,3,0,3,1.0
JHNP,0,2,2,0.0
JHNS,1,0,1,1.0
JHNT,0,1,1,0.0
JHNh,1,1,2,0.5
JHNm,2,0,2,1.0
JHNn,1,0,1,1.0
JHNs,1,0,1,1.0
JHPB,3,1,4,0.75
JHPI,0,1,1,0.0
JHPK,0,0,0,
JHPM,5,0,5,1.0
JHPN,4,1,5,0.8
JHPP,1,1,2,0.5
JHPS,2,1,3,0.67
JHPb,1,1,2,0.5
JHPl,2,0,2,1.0
JHPm,1,0,1,1.0
JHPn,1,1,2,0.5
JHPs,3,1,4,0.75
JHSB,1,1,2,0.5
JHSM,2,1,3,0.67
JHSP,0,1,1,0.0
JHSS,1,2,3,0.33
JHSb,3,1,4,0.75
JHSl,1,0,1,1.0
JHSm,0,1,1,0.0
JHSn,1,0,1,1.0
JHSs,1,2,3,0.33
JHTM,0,1,1,0.0
JHbB,2,0,2,1.0
JHbH,0,0,0,
JHbK,0,1,1,0.0
JHbM,1,1,2,0.5
JHbN,3,2,5,0.6
JHbP,1,1,2,0.5
JHbS,0,1,1,0.0
JHbb,1,3,4,0.25
JHbm,2,2,4,0.5
JHbn,1,0,1,1.0
JHbs,1,0,1,1.0
JHhB,2,0,2,1.0
JHhI,0,0,0,
JHhM,1,1,2,0.5
JHhP,0,3,3,0.0
JHhS,0,1,1,0.0
JHhT,1,0,1,1.0
JHhh,1,0,1,1.0
JHlJ,0,1,1,0.0
JHlL,1,0,1,1.0
JHlM,0,1,1,0.0
JHlN,0,1,1,0.0
JHlP,2,0,2,1.0
JHlb,1,0,1,1.0
JHll,0,1,1,0.0
JHln,0,1,1,0.0
JHls,1,1,2,0.5
JHmB,3,0,3,1.0
JHmM,0,4,4,0.0
JHmN,0,1,1,0.0
JHmS,1,1,2,0.5
JHmb,1,0,1,1.0
JHmm,0,1,1,0.0
JHms,0,1,1,0.0
JHnB,0,3,3,0.0
JHnD,1,1,2,0.5
JHnI,0,1,1,0.0
JHnL,0,1,1,0.0
JHnM,0,2,2,0.0
JHnN,0,1,1,0.0
JHnP,1,2,3,0.33
JHnb,3,2,5,0.6
JHnh,0,1,1,0.0
JHnl,1,0,1,1.0
JHnm,2,2,4,0.5
JHnn,2,0,2,1.0
JHns,1,0,1,1.0
JHsB,2,1,3,0.67
JHsD,1,0,1,1.0
JHsH,1,0,1,1.0
JHsN,0,1,1,0.0
JHsP,2,0,2,1.0
JHsS,1,2,3,0.33
JHsl,0,1,1,0.0
JHsm,0,1,1,0.0
JHss,1,2,3,0.33
JIBB,0,1,1,0.0
JIBN,0,1,1,0.0
JIBm,0,1,1,0.0
JIBn,1,0,1,1.0
JIHM,1,1,2,0.5
JIHS,0,1,1,0.0
JIHh,0,2,2,0.0
JIHs,0,1,1,0.0
JILP,0,1,1,0.0
JILS,1,0,1,1.0
JILb,0,1,1,0.0
JILm,1,0,1,1.0
JILn,0,1,1,0.0
JILs,1,0,1,1.0
JIMM,1,0,1,1.0
JIMh,0,1,1,0.0
JIMl,1,0,1,1.0
JINB,0,1,1,0.0
JINP,0,1,1,0.0
JINh,0,1,1,0.0
JINl,1,0,1,1.0
JINm,1,0,1,1.0
JINn,0,0,0,
JIPB,0,0,0,
JIPL,1,0,1,1.0
JIPM,1,1,2,0.5
JIPP,0,1,1,0.0
JIPT,0,0,0,
JIPb,0,1,1,0.0
JISL,0,1,1,0.0
JISM,1,0,1,1.0
JISh,1,0,1,1.0
JISm,0,1,1,0.0
JIbM,0,1,1,0.0
JIbN,0,1,1,0.0
JIbP,1,0,1,1.0
JIbb,0,1,1,0.0
JIbn,0,2,2,0.0
JIlI,0,1,1,0.0
JIlM,0,1,1,0.0
JImL,0,1,1,0.0
JIms,1,0,1,1.0
JInL,0,1,1,0.0
JInP,1,0,1,1.0
JInb,1,0,1,1.0
JIsS,0,1,1,0.0
JIsb,1,0,1,1.0
JIsm,0,0,0,
JKBb,1,2,3,0.33
JKHm,0,1,1,0.0
JKIb,1,0,1,1.0
JKLn,1,0,1,1.0
JKMB,1,0,1,1.0
JKMD,0,1,1,0.0
JKML,1,0,1,1.0
JKMN,0,1,1,0.0
JKMP,0,1,1,0.0
JKMS,0,1,1,0.0
JKMl,1,0,1,1.0
JKMs,1,0,1,1.0
JKNS,0,1,1,0.0
JKNl,1,0,1,1.0
JKNm,1,0,1,1.0
JKPH,2,0,2,1.0
JKPL,0,2,2,0.0
JKPM,1,0,1,1.0
JKPS,0,2,2,0.0
JKPn,2,0,2,1.0
JKSH,0,1,1,0.0
JKSN,0,1,1,0.0
JKSS,1,0,1,1.0
JKbB,0,1,1,0.0
JKbK,1,0,1,1.0
JKbM,0,1,1,0.0
JKbN,1,0,1,1.0
JKbm,0,0,0,
JKbn,0,1,1,0.0
JKhS,0,0,0,
JKhT,0,1,1,0.0
JKhl,0,1,1,0.0
JKhn,1,0,1,1.0
JKll,0,1,1,0.0
JKmM,0,1,1,0.0
JKml,1,0,1,1.0
JKmm,0,1,1,0.0
JKnK,0,1,1,0.0
JKnM,1,0,1,1.0
JKnN,0,1,1,0.0
JKnP,1,0,1,1.0
JKnS,1,1,2,0.5
JKnb,1,0,1,1.0
JKnm,1,0,1,1.0
JKsB,0,0,0,
JKsM,1,0,1,1.0
JKsS,1,0,1,1.0
JLBL,0,0,0,
JLBM,1,1,2,0.5
JLBN,0,3,3,0.0
JLBP,0,1,1,0.0
JLBb,1,0,1,1.0
JLBj,1,0,1,1.0
JLBl,0,1,1,0.0
JLBm,0,0,0,
JLBn,1,1,2,0.5
JLDB,0,0,0,
JLDN,1,0,1,1.0
JLDb,0,1,1,0.0
JLDm,0,1,1,0.0
JLDn,1,0,1,1.0
JLLB,0,1,1,0.0
JLLM,0,3,3,0.0
JLLN,2,1,3,0.67
JLLS,1,0,1,1.0
JLLb,0,2,2,0.0
JLLh,0,1,1,0.0
JLLm,1,2,3,0.33
JLLn,0,0,0,
JLMB,0,1,1,0.0
JLML,1,0,1,1.0
JLMM,1,1,2,0.5
JLMN,1,0,1,1.0
JLMP,0,1,1,0.0
JLMS,0,3,3,0.0
JLMb,0,2,2,0.0
JLMh,1,3,4,0.25
JLMj,0,1,1,0.0
JLMl,1,0,1,1.0
JLMm,0,1,1,0.0
JLMn,1,3,4,0.25
JLMs,1,1,2,0.5
JLNB,1,1,2,0.5
JLNL,1,1,2,0.5
JLNM,2,1,3,0.67
JLNN,1,2,3,0.33
JLNP,2,1,3,0.67
JLNm,0,1,1,0.0
JLNn,1,2,3,0.33
JLPB,0,1,1,0.0
JLPH,1,0,1,1.0
JLPI,1,0,1,1.0
JLPK,1,0,1,1.0
JLPM,0,1,1,0.0
JLPN,1,0,1,1.0
JLPP,1,2,3,0.33
JLPS,3,1,4,0.75
JLPb,2,0,2,1.0
JLPl,1,1,2,0.5
JLPm,1,2,3,0.33
JLPn,2,0,2,1.0
JLPs,1,2,3,0.33
JLSB,1,1,2,0.5
JLSH,1,0,1,1.0
JLSL,0,2,2,0.0
JLSM,0,1,1,0.0
JLSP,1,1,2,0.5
JLSS,0,2,2,0.0
JLSh,1,0,1,1.0
JLSl,1,1,2,0.5
JLSm,2,4,6,0.33
JLSs,0,1,1,0.0
JLTM,1,0,1,1.0
JLTN,1,0,1,1.0
JLTP,0,1,1,0.0
JLTb,0,1,1,0.0
JLbB,1,1,2,0.5
JLbD,1,0,1,1.0
JLbH,2,0,2,1.0
JLbJ,0,1,1,0.0
JLbL,1,0,1,1.0
JLbM,2,1,3,0.67
JLbN,1,3,4,0.25
JLbP,0,2,2,0.0
JLbl,0,0,0,
JLbn,0,2,2,0.0
JLbs,0,1,1,0.0
JLhH,0,1,1,0.0
JLhP,0,2,2,0.0
JLhS,0,2,2,0.0
JLhh,0,1,1,0.0
JLhm,1,1,2,0.5
JLjB,2,0,2,1.0
JLjM,0,1,1,0.0
JLjl,0,1,1,0.0
JLjs,0,0,0,
JLlB,1,0,1,1.0
JLlD,1,0,1,1.0
JLlH,0,1,1,0.0
JLlM,0,1,1,0.0
JLlN,0,2,2,0.0
JLlm,0,0,0,
JLln,1,2,3,0.33
JLmD,0,1,1,0.0
JLmI,0,1,1,0.0
JLmK,1,0,1,1.0
JLmL,1,0,1,1.0
JLmM,3,0,3,1.0
JLmN,0,1,1,0.0
JLmP,1,0,1,1.0
JLmS,1,1,2,0.5
JLmb,0,0,0,
JLml,1,0,1,1.0
JLmm,2,0,2,1.0
JLmn,0,1,1,0.0
JLms,3,0,3,1.0
JLnB,1,0,1,1.0
JLnH,0,0,0,
JLnL,0,1,1,0.0
JLnN,3,2,5,0.6
JLnP,0,1,1,0.0
JLnS,0,2,2,0.0
JLnb,1,2,3,0.33
JLnn,0,4,4,0.0
JLns,2,1,3,0.67
JLsB,1,0,1,1.0
JLsH,1,0,1,1.0
JLsI,1,0,1,1.0
JLsM,0,3,3,0.0
JLsN,0,0,0,
JLsP,0,1,1,0.0
JLsS,1,1,2,0.5
JLsb,0,1,1,0.0
JLsl,1,1,2,0.5
JLsm,1,0,1,1.0
JLsn,1,0,1,1.0
JLss,0,1,1,0.0
JMBB,1,1,2,0.5
JMBK,0,1,1,0.0
JMBL,0,1,1,0.0
JMBM,3,2,5,0.6
JMBN,1,0,1,1.0
JMBP,1,4,5,0.2
JMBS,3,1,4,0.75
JMBb,2,2,4,0.5
JMBj,0,1,1,0.0
JMBl,2,2,4,0.5
JMBm,1,0,1,1.0
JMBn,3,1,4,0.75
JMBs,1,0,1,1.0
JMDH,1,0,1,1.0
JMDP,1,0,1,1.0
JMDS,2,0,2,1.0
JMDb,0,1,1,0.0
JMDm,0,0,0,
JMDn,0,1,1,0.0
JMDs,1,0,1,1.0
JMIN,0,1,1,0.0
JMKN,0,1,1,0.0
JMKl,0,1,1,0.0
JMLB,1,1,2,0.5
JMLL,1,0,1,1.0
JMLM,1,2,3,0.33
JMLN,0,2,2,0.0
JMLP,1,1,2,0.5
JMLS,0,1,1,0.0
JMLT,1,0,1,1.0
JMLb,1,2,3,0.33
JMLl,2,1,3,0.67
JMLm,2,1,3,0.67
JMLn,1,2,3,0.33
JMLs,2,0,2,1.0
JMMB,2,0,2,1.0
JMMD,0,1,1,0.0
JMMI,0,1,1,0.0
JMML,0,0,0,
JMMM,0,7,7,0.0
JMMN,1,1,2,0.5
JMMP,2,3,5,0.4
JMMS,3,1,4,0.75
JMMT,0,0,0,
JMMb,0,0,0,
JMMh,0,1,1,0.0
JMMl,1,0,1,1.0
JMMm,0,6,6,0.0
JMMn,3,1,4,0.75
JMMs,0,2,2,0.0
JMNB,1,1,2,0.5
JMND,1,0,1,1.0
JMNL,0,1,1,0.0
JMNM,2,3,5,0.4
JMNN,3,1,4,0.75
JMNP,4,4,8,0.5
JMNS,2,0,2,1.0
JMNT,1,0,1,1.0
JMNb,3,1,4,0.75
JMNh,0,1,1,0.0
JMNm,0,1,1,0.0
JMNn,3,6,9,0.33
JMNs,1,2,3,0.33
JMPB,2,1,3,0.67
JMPK,0,1,1,0.0
JMPL,3,3,6,0.5
JMPM,6,2,8,0.75
JMPN,0,1,1,0.0
JMPP,2,6,8,0.25
JMPS,3,4,7,0.43
JMPb,5,5,10,0.5
JMPh,0,0,0,
JMPl,2,3,5,0.4
JMPm,1,1,2,0.5
JMPn,3,3,6,0.5
JMPs,2,1,3,0.67
JMSB,3,1,4,0.75
JMSL,1,1,2,0.5
JMSM,1,1,2,0.5
JMSN,0,5,5,0.0
JMSP,5,4,9,0.56
JMSS,0,4,4,0.0
JMST,0,1,1,0.0
JMSb,0,3,3,0.0
JMSh,1,1,2,0.5
JMSl,0,0,0,
JMSm,0,5,5,0.0
JMSn,1,3,4,0.25
JMSs,1,1,2,0.5
JMTH,0,2,2,0.0
JMTL,0,0,0,
JMTP,0,1,1,0.0
JMTb,1,0,1,1.0
JMTn,2,0,2,1.0
JMbB,1,0,1,1.0
JMbD,0,1,1,0.0
JMbI,0,0,0,
JMbJ,0,1,1,0.0
JMbK,0,0,0,
JMbM,1,3,4,0.25
JMbN,2,3,5,0.4
JMbP,2,2,4,0.5
JMbS,1,0,1,1.0
JMbb,2,1,3,0.67
JMbl,1,2,3,0.33
JMbm,1,2,3,0.33
JMbn,0,1,1,0.0
JMbs,0,1,1,0.0
JMhB,1,3,4,0.25
JMhD,0,1,1,0.0
JMhH,0,0,0,
JMhK,0,1,1,0.0
JMhL,2,0,2,1.0
JMhM,0,2,2,0.0
JMhN,2,2,4,0.5
JMhP,4,1,5,0.8
JMhS,1,1,2,0.5
JMhb,1,0,1,1.0
JMhh,2,2,4,0.5
JMhl,0,1,1,0.0
JMhm,0,2,2,0.0
JMhn,1,1,2,0.5
JMhs,0,2,2,0.0
JMjB,0,0,0,
JMjM,0,1,1,0.0
JMjN,2,1,3,0.67
JMjP,0,1,1,0.0
JMjT,0,0,0,
JMjb,1,0,1,1.0
JMjm,1,0,1,1.0
JMjn,0,1,1,0.0
JMlB,1,1,2,0.5
JMlH,1,0,1,1.0
JMlI,0,0,0,
JMlL,1,0,1,1.0
JMlM,0,1,1,0.0
JMlN,1,2,3,0.33
JMlP,1,1,2,0.5
JMlS,2,1,3,0.67
JMlb,1,1,2,0.5
JMlm,1,0,1,1.0
JMln,0,1,1,0.0
JMmB,3,0,3,1.0
JMmD,0,1,1,0.0
JMmH,4,1,5,0.8
JMmM,4,1,5,0.8
JMmN,4,5,9,0.44
JMmP,2,3,5,0.4
JMmS,1,5,6,0.17
JMmb,1,0,1,1.0
JMml,2,0,2,1.0
JMmm,4,2,6,0.67
JMmn,2,0,2,1.0
JMms,0,0,0,
JMnB,2,3,5,0.4
JMnD,1,0,1,1.0
JMnH,1,1,2,0.5
JMnI,0,1,1,0.0
JMnL,1,1,2,0.5
JMnM,2,2,4,0.5
JMnN,3,4,7,0.43
JMnP,2,3,5,0.4
JMnS,1,3,4,0.25
JMnT,0,0,0,
JMnb,5,1,6,0.83
JMnl,1,1,2,0.5
JMnm,2,0,2,1.0
JMnn,4,1,5,0.8
JMns,0,1,1,0.0
JMsB,0,1,1,0.0
JMsD,0,1,1,0.0
JMsH,3,2,5,0.6
JMsL,2,0,2,1.0
JMsM,1,4,5,0.2
JMsN,2,3,5,0.4
JMsP,4,1,5,0.8
JMsS,0,1,1,0.0
JMsb,2,0,2,1.0
JMsl,1,1,2,0.5
JMsm,1,0,1,1.0
JMsn,2,0,2,1.0
JMss,1,2,3,0.33
JNBB,1,0,1,1.0
JNBK,1,0,1,1.0
JNBL,1,0,1,1.0
JNBM,1,0,1,1.0
JNBN,2,5,7,0.29
JNBP,4,2,6,0.67
JNBS,1,1,2,0.5
JNBb,0,3,3,0.0
JNBj,1,1,2,0.5
JNBl,2,1,3,0.67
JNBm,2,1,3,0.67
JNBn,2,2,4,0.5
JNBs,0,1,1,0.0
JNDB,1,0,1,1.0
JNDL,1,0,1,1.0
JNDN,0,1,1,0.0
JNDm,1,0,1,1.0
JNDs,1,0,1,1.0
JNHB,0,0,0,
JNHN,0,0,0,
JNHP,0,1,1,0.0
JNHS,1,0,1,1.0
JNHl,0,1,1,0.0
JNHn,1,0,1,1.0
JNHs,1,0,1,1.0
JNIH,0,1,1,0.0
JNKM,1,0,1,1.0
JNKN,0,0,0,
JNKs,0,0,0,
JNLB,3,1,4,0.75
JNLM,1,1,2,0.5
JNLN,0,2,2,0.0
JNLP,1,1,2,0.5
JNLS,0,1,1,0.0
JNLb,0,1,1,0.0
JNLh,2,0,2,1.0
JNLl,1,0,1,1.0
JNLm,1,1,2,0.5
JNLn,0,2,2,0.0
JNLs,1,1,2,0.5
JNMB,0,3,3,0.0
JNML,0,1,1,0.0
JNMM,2,3,5,0.4
JNMN,1,2,3,0.33
JNMP,7,2,9,0.78
JNMS,1,2,3,0.33
JNMb,1,4,5,0.2
JNMh,0,0,0,
JNMj,1,0,1,1.0
JNMm,0,5,5,0.0
JNMn,6,5,11,0.55
JNMs,1,1,2,0.5
JNNB,5,3,8,0.62
JNND,0,0,0,
JNNH,1,0,1,1.0
JNNM,5,4,9,0.56
JNNN,3,3,6,0.5
JNNP,2,3,5,0.4
JNNS,3,1,4,0.75
JNNb,2,2,4,0.5
JNNl,2,0,2,1.0
JNNm,2,1,3,0.67
JNNn,2,3,5,0.4
JNNs,0,2,2,0.0
JNPB,3,0,3,1.0
JNPH,1,1,2,0.5
JNPK,0,1,1,0.0
JNPL,2,0,2,1.0
JNPM,1,0,1,1.0
JNPN,3,6,9,0.33
JNPP,6,3,9,0.67
JNPS,4,3,7,0.57
JNPb,4,2,6,0.67
JNPh,0,1,1,0.0
JNPl,2,0,2,1.0
JNPm,2,2,4,0.5
JNPn,5,4,9,0.56
JNPs,2,3,5,0.4
JNSB,0,2,2,0.0
JNSH,0,0,0,
JNSL,1,1,2,0.5
JNSM,1,0,1,1.0
JNSN,2,0,2,1.0
JNSP,3,1,4,0.75
JNSS,2,1,3,0.67
JNSb,0,1,1,0.0
JNSh,1,3,4,0.25
JNSl,1,0,1,1.0
JNSm,0,3,3,0.0
JNSn,1,2,3,0.33
JNSs,1,0,1,1.0
JNTM,0,2,2,0.0
JNTN,1,0,1,1.0
JNTP,1,1,2,0.5
JNTS,0,1,1,0.0
JNTT,0,1,1,0.0
JNTb,1,1,2,0.5
JNTh,0,1,1,0.0
JNTm,0,0,0,
JNTn,2,0,2,1.0
JNTs,0,0,0,
JNbB,0,1,1,0.0
JNbD,0,0,0,
JNbH,0,0,0,
JNbI,1,0,1,1.0
JNbJ,1,0,1,1.0
JNbL,2,0,2,1.0
JNbM,1,2,3,0.33
JNbN,3,5,8,0.38
JNbP,3,3,6,0.5
JNbS,2,0,2,1.0
JNbb,3,2,5,0.6
JNbl,1,2,3,0.33
JNbm,1,1,2,0.5
JNbn,3,4,7,0.43
JNbs,0,1,1,0.0
JNhB,0,1,1,0.0
JNhM,1,1,2,0.5
JNhN,0,1,1,0.0
JNhP,1,0,1,1.0
JNhS,0,1,1,0.0
JNhb,1,0,1,1.0
JNhh,2,0,2,1.0
JNhn,1,1,2,0.5
JNhs,0,1,1,0.0
JNlB,1,1,2,0.5
JNlH,0,0,0,
JNlI,0,1,1,0.0
JNlJ,1,1,2,0.5
JNlL,1,0,1,1.0
JNlM,3,1,4,0.75
JNlN,1,2,3,0.33
JNlP,1,3,4,0.25
JNlS,1,0,1,1.0
JNlb,1,1,2,0.5
JNll,0,1,1,0.0
JNlm,2,0,2,1.0
JNln,0,2,2,0.0
JNls,1,0,1,1.0
JNmB,2,0,2,1.0
JNmD,1,1,2,0.5
JNmH,4,2,6,0.67
JNmL,1,0,1,1.0
JNmM,0,3,3,0.0
JNmN,3,3,6,0.5
JNmP,1,2,3,0.33
JNmS,2,0,2,1.0
JNmb,2,2,4,0.5
JNml,1,0,1,1.0
JNmm,1,1,2,0.5
JNmn,1,4,5,0.2
JNms,1,0,1,1.0
JNnB,4,1,5,0.8
JNnD,2,0,2,1.0
JNnH,1,2,3,0.33
JNnL,0,3,3,0.0
JNnM,5,1,6,0.83
JNnN,4,1,5,0.8
JNnP,3,9,12,0.25
JNnS,2,2,4,0.5
JNnb,2,3,5,0.4
JNnl,1,0,1,1.0
JNnm,2,1,3,0.67
JNnn,2,2,4,0.5
JNns,4,0,4,1.0
JNsB,0,1,1,0.0
JNsH,2,2,4,0.5
JNsL,0,1,1,0.0
JNsM,2,1,3,0.67
JNsN,2,0,2,1.0
JNsP,1,6,7,0.14
JNsS,0,5,5,0.0
JNsb,1,0,1,1.0
JNsl,0,1,1,0.0
JNsm,1,1,2,0.5
JNsn,1,1,2,0.5
JPBB,2,7,9,0.22
JPBL,2,3,5,0.4
JPBM,2,7,9,0.22
JPBN,5,1,6,0.83
JPBP,2,5,7,0.29
JPBS,1,1,2,0.5
JPBT,0,0,0,
JPBb,2,2,4,0.5
JPBj,2,1,3,0.67
JPBm,5,2,7,0.71
JPBn,4,4,8,0.5
JPBs,1,0,1,1.0
JPDB,0,1,1,0.0
JPDK,0,0,0,
JPDP,1,0,1,1.0
JPHB,0,1,1,0.0
JPHK,0,1,1,0.0
JPHM,3,1,4,0.75
JPHP,0,1,1,0.0
JPHS,2,0,2,1.0
JPHT,0,1,1,0.0
JPHb,0,3,3,0.0
JPHh,0,1,1,0.0
JPHm,0,0,0,
JPHn,0,2,2,0.0
JPHs,0,2,2,0.0
JPIS,0,1,1,0.0
JPIb,1,0,1,1.0
JPIl,1,0,1,1.0
JPIm,0,1,1,0.0
JPKD,1,0,1,1.0
JPKM,0,2,2,0.0
JPKN,0,1,1,0.0
JPKP,0,0,0,
JPKS,1,0,1,1.0
JPKh,0,1,1,0.0
JPKs,1,0,1,1.0
JPLB,1,1,2,0.5
JPLD,0,1,1,0.0
JPLK,1,0,1,1.0
JPLL,1,0,1,1.0
JPLM,1,1,2,0.5
JPLN,1,1,2,0.5
JPLP,1,4,5,0.2
JPLS,1,0,1,1.0
JPLT,0,1,1,0.0
JPLb,0,2,2,0.0
JPLh,0,1,1,0.0
JPLl,0,2,2,0.0
JPLm,4,1,5,0.8
JPLn,1,2,3,0.33
JPLs,1,0,1,1.0
JPMB,2,1,3,0.67
JPMD,0,1,1,0.0
JPML,1,1,2,0.5
JPMM,2,4,6,0.33
JPMN,2,2,4,0.5
JPMP,2,4,6,0.33
JPMS,2,2,4,0.5
JPMT,0,3,3,0.0
JPMb,4,4,8,0.5
JPMh,3,3,6,0.5
JPMj,2,1,3,0.67
JPMm,3,1,4,0.75
JPMn,0,1,1,0.0
JPMs,3,2,5,0.6
JPNB,4,2,6,0.67
JPNK,1,1,2,0.5
JPNL,2,4,6,0.33
JPNM,1,5,6,0.17
JPNN,2,3,5,0.4
JPNP,7,7,14,0.5
JPNS,1,1,2,0.5
JPNT,2,0,2,1.0
JPNb,3,5,8,0.38
JPNh,2,0,2,1.0
JPNl,2,0,2,1.0
JPNm,2,4,6,0.33
JPNn,5,4,9,0.56
JPNs,1,0,1,1.0
JPPB,4,3,7,0.57
JPPH,0,0,0,
JPPI,2,1,3,0.67
JPPK,1,0,1,1.0
JPPL,3,2,5,0.6
JPPM,9,4,13,0.69
JPPN,7,9,16,0.44
JPPP,13,9,22,0.59
JPPS,3,7,10,0.3
JPPT,1,0,1,1.0
JPPb,7,6,13,0.54
JPPh,0,1,1,0.0
JPPl,3,5,8,0.38
JPPm,7,5,12,0.58
JPPn,2,7,9,0.22
JPPs,3,1,4,0.75
JPSB,1,3,4,0.25
JPSH,2,0,2,1.0
JPSL,0,1,1,0.0
JPSM,2,3,5,0.4
JPSN,2,2,4,0.5
JPSP,1,5,6,0.17
JPSS,5,3,8,0.62
JPST,0,0,0,
JPSb,1,1,2,0.5
JPSh,0,1,1,0.0
JPSl,2,0,2,1.0
JPSm,3,1,4,0.75
JPSn,2,2,4,0.5
JPSs,3,4,7,0.43
JPTP,2,0,2,1.0
JPTb,1,0,1,1.0
JPTn,1,1,2,0.5
JPbB,6,4,10,0.6
JPbH,0,1,1,0.0
JPbI,2,0,2,1.0
JPbJ,2,0,2,1.0
JPbL,1,3,4,0.25
JPbM,1,5,6,0.17
JPbN,3,3,6,0.5
JPbP,4,6,10,0.4
JPbS,0,2,2,0.0
JPbb,3,1,4,0.75
JPbl,3,1,4,0.75
JPbm,3,0,3,1.0
JPbn,1,2,3,0.33
JPbs,0,3,3,0.0
JPhN,0,1,1,0.0
JPhP,2,2,4,0.5
JPhS,1,0,1,1.0
JPhb,1,0,1,1.0
JPhh,1,0,1,1.0
JPhl,0,1,1,0.0
JPhm,1,0,1,1.0
JPhn,0,1,1,0.0
JPlB,3,1,4,0.75
JPlH,2,2,4,0.5
JPlI,0,1,1,0.0
JPlJ,0,0,0,
JPlL,0,1,1,0.0
JPlM,3,2,5,0.6
JPlN,1,2,3,0.33
JPlP,0,3,3,0.0
JPlS,1,0,1,1.0
JPlb,3,3,6,0.5
JPll,2,0,2,1.0
JPlm,1,1,2,0.5
JPln,0,1,1,0.0
JPls,2,0,2,1.0
JPmB,3,1,4,0.75
JPmH,4,4,8,0.5
JPmJ,1,0,1,1.0
JPmL,3,2,5,0.6
JPmM,3,1,4,0.75
JPmN,1,5,6,0.17
JPmP,5,6,11,0.45
JPmS,1,3,4,0.25
JPmb,1,5,6,0.17
JPml,2,3,5,0.4
JPmm,6,1,7,0.86
JPmn,3,0,3,1.0
JPms,1,0,1,1.0
JPnB,3,1,4,0.75
JPnH,0,1,1,0.0
JPnK,1,0,1,1.0
JPnL,1,0,1,1.0
JPnM,4,7,11,0.36
JPnN,2,4,6,0.33
JPnP,2,6,8,0.25
JPnS,2,2,4,0.5
JPnb,4,2,6,0.67
JPnl,1,0,1,1.0
JPnm,1,0,1,1.0
JPnn,4,1,5,0.8
JPns,1,2,3,0.33
JPsB,1,2,3,0.33
JPsD,1,0,1,1.0
JPsH,0,1,1,0.0
JPsI,0,1,1,0.0
JPsK,0,1,1,0.0
JPsL,0,3,3,0.0
JPsM,1,3,4,0.25
JPsN,3,2,5,0.6
JPsP,2,2,4,0.5
JPsS,3,1,4,0.75
JPsb,1,2,3,0.33
JPsl,4,0,4,1.0
JPsm,5,2,7,0.71
JPsn,1,2,3,0.33
JPss,2,1,3,0.67
JSBB,0,1,1,0.0
JSBL,1,0,1,1.0
JSBM,1,1,2,0.5
JSBN,0,1,1,0.0
JSBP,0,1,1,0.0
JSBb,3,2,5,0.6
JSBj,1,0,1,1.0
JSBl,1,0,1,1.0
JSBm,2,0,2,1.0
JSBn,1,1,2,0.5
JSBs,1,0,1,1.0
JSDB,0,1,1,0.0
JSDH,1,0,1,1.0
JSDS,0,1,1,0.0
JSDm,0,1,1,0.0
JSDs,0,1,1,0.0
JSHB,1,0,1,1.0
JSHK,1,0,1,1.0
JSHM,1,1,2,0.5
JSHN,1,0,1,1.0
JSHP,1,0,1,1.0
JSHS,0,1,1,0.0
JSHb,3,0,3,1.0
JSHm,0,1,1,0.0
JSHn,1,0,1,1.0
JSHs,1,2,3,0.33
JSIN,0,0,0,
JSIS,1,0,1,1.0
JSKM,0,1,1,0.0
JSKs,1,0,1,1.0
JSLB,0,1,1,0.0
JSLL,0,1,1,0.0
JSLM,2,0,2,1.0
JSLN,3,0,3,1.0
JSLP,0,0,0,
JSLS,0,1,1,0.0
JSLb,0,1,1,0.0
JSLh,1,0,1,1.0
JSLj,1,0,1,1.0
JSLl,0,0,0,
JSLm,1,0,1,1.0
JSLs,1,0,1,1.0
JSMB,1,0,1,1.0
JSMD,0,0,0,
JSML,0,2,2,0.0
JSMM,0,2,2,0.0
JSMN,1,0,1,1.0
JSMP,3,1,4,0.75
JSMS,1,2,3,0.33
JSMb,0,3,3,0.0
JSMh,2,0,2,1.0
JSMl,0,2,2,0.0
JSMm,4,0,4,1.0
JSMn,3,1,4,0.75
JSMs,1,1,2,0.5
JSNB,1,1,2,0.5
JSNH,0,1,1,0.0
JSNM,1,0,1,1.0
JSNN,2,1,3,0.67
JSNP,2,1,3,0.67
JSNS,1,0,1,1.0
JSNb,0,4,4,0.0
JSNh,1,1,2,0.5
JSNl,0,1,1,0.0
JSNm,5,1,6,0.83
JSNn,0,3,3,0.0
JSNs,2,1,3,0.67
JSPB,2,1,3,0.67
JSPD,1,0,1,1.0
JSPH,1,0,1,1.0
JSPI,0,1,1,0.0
JSPK,0,1,1,0.0
JSPL,2,0,2,1.0
JSPM,1,3,4,0.25
JSPN,2,0,2,1.0
JSPP,3,4,7,0.43
JSPS,3,3,6,0.5
JSPb,2,1,3,0.67
JSPl,2,0,2,1.0
JSPm,2,0,2,1.0
JSPn,2,2,4,0.5
JSPs,1,2,3,0.33
JSSB,2,0,2,1.0
JSSD,1,0,1,1.0
JSSH,0,2,2,0.0
JSSL,1,0,1,1.0
JSSM,3,3,6,0.5
JSSN,2,1,3,0.67
JSSP,2,0,2,1.0
JSSS,0,1,1,0.0
JSST,0,2,2,0.0
JSSb,0,2,2,0.0
JSSh,1,0,1,1.0
JSSl,0,2,2,0.0
JSSm,1,0,1,1.0
JSSn,1,0,1,1.0
JSSs,0,3,3,0.0
JSTD,0,2,2,0.0
JSTM,0,2,2,0.0
JSTP,1,0,1,1.0
JSTS,0,1,1,0.0
JSTb,0,2,2,0.0
JSbB,2,2,4,0.5
JSbJ,0,0,0,
JSbL,0,1,1,0.0
JSbM,1,1,2,0.5
JSbN,2,1,3,0.67
JSbP,0,1,1,0.0
JSbS,2,2,4,0.5
JSbb,2,0,2,1.0
JSbl,0,1,1,0.0
JSbm,1,1,2,0.5
JSbn,0,1,1,0.0
JSbs,0,2,2,0.0
JShB,1,0,1,1.0
JShM,1,0,1,1.0
JShN,2,0,2,1.0
JShP,0,1,1,0.0
JShb,1,0,1,1.0
JShl,0,0,0,
JShn,0,2,2,0.0
JShs,2,0,2,1.0
JSlB,1,1,2,0.5
JSlL,0,1,1,0.0
JSlM,1,0,1,1.0
JSlN,0,1,1,0.0
JSlP,0,1,1,0.0
JSlb,0,2,2,0.0
JSlm,2,0,2,1.0
JSln,2,1,3,0.67
JSls,0,1,1,0.0
JSmD,1,3,4,0.25
JSmH,1,1,2,0.5
JSmL,2,1,3,0.67
JSmM,1,2,3,0.33
JSmP,2,1,3,0.67
JSmS,0,1,1,0.0
JSmb,1,0,1,1.0
JSmm,0,1,1,0.0
JSmn,0,2,2,0.0
JSms,0,1,1,0.0
JSnB,1,2,3,0.33
JSnH,0,3,3,0.0
JSnL,0,1,1,0.0
JSnM,0,4,4,0.0
JSnN,0,1,1,0.0
JSnP,2,2,4,0.5
JSnS,2,3,5,0.4
JSnb,1,0,1,1.0
JSnl,3,0,3,1.0
JSnm,1,0,1,1.0
JSnn,0,4,4,0.0
JSns,1,4,5,0.2
JSsB,0,0,0,
JSsH,1,0,1,1.0
JSsL,1,2,3,0.33
JSsM,1,3,4,0.25
JSsN,2,0,2,1.0
JSsP,0,2,2,0.0
JSsS,2,1,3,0.67
JSsb,1,0,1,1.0
JSsh,1,2,3,0.33
JSsl,1,0,1,1.0
JSsm,2,1,3,0.67
JSsn,1,2,3,0.33
JSss,1,0,1,1.0
JTBK,0,1,1,0.0
JTBM,2,1,3,0.67
JTBT,1,0,1,1.0
JTBn,0,1,1,0.0
JTDM,0,0,0,
JTDP,0,1,1,0.0
JTHP,0,1,1,0.0
JTHh,0,1,1,0.0
JTLP,1,1,2,0.5
JTLS,1,0,1,1.0
JTMB,0,0,0,
JTMN,1,0,1,1.0
JTMP,1,1,2,0.5
JTMl,1,0,1,1.0
JTMm,0,1,1,0.0
JTMn,0,1,1,0.0
JTNL,0,0,0,
JTNM,1,1,2,0.5
JTNN,1,0,1,1.0
JTNS,1,1,2,0.5
JTNm,1,0,1,1.0
JTPM,0,1,1,0.0
JTPP,0,0,0,
JTPb,2,0,2,1.0
JTPm,0,1,1,0.0
JTPs,0,1,1,0.0
JTSB,1,0,1,1.0
JTSS,0,1,1,0.0
JTSh,0,1,1,0.0
JTSm,1,0,1,1.0
JTSn,0,0,0,
JTSs,0,0,0,
JTbl,1,0,1,1.0
JTlJ,0,0,0,
JTlL,1,0,1,1.0
JTlN,2,0,2,1.0
JTmh,0,0,0,
JTnH,0,1,1,0.0
JTnM,1,0,1,1.0
JTnN,0,1,1,0.0
JTnS,1,1,2,0.5
JTnb,0,1,1,0.0
JTnn,1,0,1,1.0
JTsM,0,1,1,0.0
JTsN,1,1,2,0.5
JTsP,0,0,0,
JTsS,1,0,1,1.0
JTsn,2,0,2,1.0
JbBB,0,1,1,0.0
JbBD,0,0,0,
JbBK,0,0,0,
JbBL,1,1,2,0.5
JbBM,2,3,5,0.4
JbBN,4,3,7,0.57
JbBP,6,5,11,0.55
JbBS,1,0,1,1.0
JbBb,0,5,5,0.0
JbBh,0,1,1,0.0
JbBj,2,1,3,0.67
JbBl,2,1,3,0.67
JbBm,2,1,3,0.67
JbBn,4,1,5,0.8
JbBs,1,0,1,1.0
JbDP,0,1,1,0.0
JbDS,1,0,1,1.0
JbHH,0,1,1,0.0
JbHN,1,3,4,0.25
JbHP,1,0,1,1.0
JbHb,1,0,1,1.0
JbII,1,0,1,1.0
JbIM,1,0,1,1.0
JbIP,1,0,1,1.0
JbIS,0,2,2,0.0
JbJH,1,0,1,1.0
JbJI,2,0,2,1.0
JbJK,0,1,1,0.0
JbJM,0,2,2,0.0
JbJN,1,0,1,1.0
JbJb,0,2,2,0.0
JbJl,1,1,2,0.5
JbJm,0,2,2,0.0
JbJn,0,1,1,0.0
JbKm,1,0,1,1.0
JbLB,0,0,0,
JbLM,3,1,4,0.75
JbLN,2,1,3,0.67
JbLS,0,3,3,0.0
JbLb,3,1,4,0.75
JbLh,0,1,1,0.0
JbLl,0,1,1,0.0
JbLm,1,1,2,0.5
JbLn,2,1,3,0.67
JbLs,1,0,1,1.0
JbMB,3,1,4,0.75
JbMD,0,1,1,0.0
JbML,1,1,2,0.5
JbMM,0,3,3,0.0
JbMN,3,0,3,1.0
JbMP,2,2,4,0.5
JbMS,4,2,6,0.67
JbMb,3,3,6,0.5
JbMh,1,1,2,0.5
JbMl,1,0,1,1.0
JbMm,4,2,6,0.67
JbMn,3,3,6,0.5
JbMs,6,0,6,1.0
JbNB,4,4,8,0.5
JbND,0,1,1,0.0
JbNK,0,0,0,
JbNL,0,4,4,0.0
JbNM,2,4,6,0.33
JbNN,0,4,4,0.0
JbNP,5,2,7,0.71
JbNS,1,2,3,0.33
JbNT,0,0,0,
JbNb,3,3,6,0.5
JbNh,6,0,6,1.0
JbNl,3,2,5,0.6
JbNm,4,2,6,0.67
JbNn,3,0,3,1.0
JbNs,1,1,2,0.5
JbPB,0,4,4,0.0
JbPH,1,1,2,0.5
JbPL,1,4,5,0.2
JbPM,4,2,6,0.67
JbPN,1,4,5,0.2
JbPP,4,9,13,0.31
JbPS,4,3,7,0.57
JbPT,2,1,3,0.67
JbPb,3,1,4,0.75
JbPl,2,2,4,0.5
JbPm,3,1,4,0.75
JbPn,2,2,4,0.5
JbPs,0,0,0,
JbSB,1,1,2,0.5
JbSL,0,2,2,0.0
JbSM,1,1,2,0.5
JbSN,0,1,1,0.0
JbSP,0,2,2,0.0
JbSS,0,1,1,0.0
JbST,0,1,1,0.0
JbSb,2,0,2,1.0
JbSl,0,1,1,0.0
JbSn,1,1,2,0.5
JbSs,1,3,4,0.25
JbbB,2,5,7,0.29
JbbL,1,1,2,0.5
JbbM,2,5,7,0.29
JbbN,2,4,6,0.33
JbbP,6,4,10,0.6
Jbbb,5,2,7,0.71
Jbbm,3,3,6,0.5
Jbbn,3,4,7,0.43
Jbbs,1,1,2,0.5
JblB,0,1,1,0.0
JblH,1,0,1,1.0
JblK,1,0,1,1.0
JblL,1,0,1,1.0
JblM,2,3,5,0.4
JblN,2,1,3,0.67
JblP,2,1,3,0.67
JblS,0,2,2,0.0
Jblb,2,0,2,1.0
JbmB,3,3,6,0.5
JbmD,1,0,1,1.0
JbmH,0,1,1,0.0
JbmL,0,1,1,0.0
JbmM,0,3,3,0.0
JbmN,3,1,4,0.75
JbmP,2,5,7,0.29
JbmS,1,0,1,1.0
Jbmb,1,4,5,0.2
Jbml,2,0,2,1.0
Jbmm,5,1,6,0.83
Jbmn,2,0,2,1.0
Jbms,1,0,1,1.0
JbnB,0,1,1,0.0
JbnH,2,1,3,0.67
JbnL,1,3,4,0.25
JbnM,4,2,6,0.67
JbnN,2,1,3,0.67
JbnP,1,5,6,0.17
JbnS,3,0,3,1.0
Jbnb,3,2,5,0.6
Jbnm,1,1,2,0.5
Jbnn,2,2,4,0.5
Jbns,2,0,2,1.0
JbsB,0,1,1,0.0
JbsL,0,1,1,0.0
JbsM,1,0,1,1.0
JbsN,2,0,2,1.0
JbsP,2,2,4,0.5
JbsS,1,1,2,0.5
Jbss,0,1,1,0.0
JhBS,0,1,1,0.0
JhBb,0,2,2,0.0
JhBn,1,1,2,0.5
JhDM,0,1,1,0.0
JhHB,1,0,1,1.0
JhHP,0,1,1,0.0
JhIP,0,0,0,
JhLB,0,1,1,0.0
JhLL,0,0,0,
JhLm,0,1,1,0.0
JhLn,0,1,1,0.0
JhMS,0,2,2,0.0
JhMb,0,1,1,0.0
JhMj,0,1,1,0.0
JhMm,0,1,1,0.0
JhNM,1,0,1,1.0
JhNb,0,0,0,
JhNh,1,0,1,1.0
JhNn,1,1,2,0.5
JhPL,3,1,4,0.75
JhPN,0,1,1,0.0
JhPP,1,1,2,0.5
JhPb,0,1,1,0.0
JhPh,1,0,1,1.0
JhPl,1,0,1,1.0
JhSH,0,1,1,0.0
JhSb,1,0,1,1.0
JhSn,1,0,1,1.0
JhTb,0,0,0,
JhbL,1,1,2,0.5
JhbM,0,0,0,
JhbN,0,1,1,0.0
JhbS,0,1,1,0.0
Jhbb,0,1,1,0.0
Jhbm,0,0,0,
Jhbs,0,1,1,0.0
JhhP,0,1,1,0.0
Jhhl,1,0,1,1.0
JhmB,0,1,1,0.0
JhmN,0,3,3,0.0
JhmP,0,1,1,0.0
JhmS,0,1,1,0.0
Jhmb,0,0,0,
Jhml,0,0,0,
JhnS,1,1,2,0.5
Jhnh,0,0,0,
Jhnl,1,0,1,1.0
Jhnn,0,1,1,0.0
Jhns,1,0,1,1.0
JhsM,1,0,1,1.0
JhsP,1,1,2,0.5
Jhss,1,0,1,1.0
JlBB,1,2,3,0.33
JlBL,0,1,1,0.0
JlBM,1,2,3,0.33
JlBN,1,3,4,0.25
JlBS,0,1,1,0.0
JlBT,0,1,1,0.0
JlBb,0,2,2,0.0
JlBl,1,0,1,1.0
JlBm,1,2,3,0.33
JlBn,3,0,3,1.0
JlBs,1,1,2,0.5
JlDM,0,1,1,0.0
JlDn,1,0,1,1.0
JlHM,1,0,1,1.0
JlHP,2,3,5,0.4
JlHS,1,0,1,1.0
JlHT,1,0,1,1.0
JlHh,1,0,1,1.0
JlHl,0,1,1,0.0
JlHn,1,0,1,1.0
JlHs,1,0,1,1.0
JlJB,1,1,2,0.5
JlJH,1,0,1,1.0
JlJN,0,2,2,0.0
JlJP,1,0,1,1.0
JlJb,1,0,1,1.0
JlKM,0,0,0,
JlLM,1,0,1,1.0
JlLN,1,0,1,1.0
JlLP,1,1,2,0.5
JlLS,1,0,1,1.0
JlLb,0,0,0,
JlLj,1,0,1,1.0
JlLm,1,0,1,1.0
JlLn,0,1,1,0.0
JlLs,2,1,3,0.67
JlMB,1,2,3,0.33
JlML,1,0,1,1.0
JlMM,1,3,4,0.25
JlMN,1,1,2,0.5
JlMP,1,2,3,0.33
JlMS,0,1,1,0.0
JlMT,1,0,1,1.0
JlMb,0,2,2,0.0
JlMh,1,1,2,0.5
JlMj,0,0,0,
JlMl,0,1,1,0.0
JlMm,0,0,0,
JlMs,1,1,2,0.5
JlNB,0,1,1,0.0
JlNH,0,1,1,0.0
JlNM,0,1,1,0.0
JlNP,4,1,5,0.8
JlNS,0,0,0,
JlNb,2,0,2,1.0
JlNn,2,1,3,0.67
JlNs,3,0,3,1.0
JlPB,0,1,1,0.0
JlPH,2,1,3,0.67
JlPL,1,0,1,1.0
JlPM,0,3,3,0.0
JlPN,1,0,1,1.0
JlPP,1,1,2,0.5
JlPb,0,0,0,
JlPl,1,0,1,1.0
JlPm,1,1,2,0.5
JlPn,1,3,4,0.25
JlPs,2,1,3,0.67
JlSH,1,1,2,0.5
JlSL,1,0,1,1.0
JlSN,0,1,1,0.0
JlSP,1,0,1,1.0
JlSh,0,1,1,0.0
JlSl,0,1,1,0.0
JlSm,2,0,2,1.0
JlSn,0,1,1,0.0
JlSs,1,0,1,1.0
JlbB,0,1,1,0.0
JlbD,1,0,1,1.0
JlbK,1,0,1,1.0
JlbL,0,1,1,0.0
JlbM,2,1,3,0.67
JlbN,3,2,5,0.6
JlbP,2,1,3,0.67
Jlbb,3,2,5,0.6
Jlbl,2,1,3,0.67
Jlbm,1,1,2,0.5
Jlbn,2,1,3,0.67
Jlbs,0,1,1,0.0
JllB,1,0,1,1.0
JllI,0,1,1,0.0
JllJ,0,1,1,0.0
JllL,1,0,1,1.0
JllM,0,3,3,0.0
JllN,0,2,2,0.0
JllP,0,1,1,0.0
Jlls,0,0,0,
JlmB,0,1,1,0.0
JlmH,1,0,1,1.0
JlmM,0,1,1,0.0
JlmN,4,2,6,0.67
JlmP,2,0,2,1.0
JlmS,1,1,2,0.5
Jlmb,3,0,3,1.0
Jlmm,1,2,3,0.33
Jlmn,0,0,0,
Jlms,1,0,1,1.0
JlnB,2,2,4,0.5
JlnD,1,0,1,1.0
JlnL,0,1,1,0.0
JlnM,1,1,2,0.5
JlnN,1,1,2,0.5
JlnP,0,1,1,0.0
JlnS,0,1,1,0.0
Jlnb,1,0,1,1.0
Jlnl,0,1,1,0.0
Jlnm,1,0,1,1.0
Jlns,0,1,1,0.0
JlsH,1,1,2,0.5
JlsP,1,0,1,1.0
JlsS,0,1,1,0.0
Jlsb,1,0,1,1.0
Jlsn,1,0,1,1.0
Jlss,1,1,2,0.5
JmBB,2,5,7,0.29
JmBM,1,0,1,1.0
JmBN,0,4,4,0.0
JmBP,1,2,3,0.33
JmBS,0,3,3,0.0
JmBb,3,0,3,1.0
JmBj,1,1,2,0.5
JmBl,0,1,1,0.0
JmBm,2,3,5,0.4
JmBn,3,1,4,0.75
JmBs,1,2,3,0.33
JmDB,0,4,4,0.0
JmDH,0,1,1,0.0
JmDL,0,1,1,0.0
JmDM,0,1,1,0.0
JmDm,1,0,1,1.0
JmDn,0,0,0,
JmHB,0,1,1,0.0
JmHL,0,2,2,0.0
JmHM,1,1,2,0.5
JmHN,0,1,1,0.0
JmHP,2,0,2,1.0
JmHh,1,1,2,0.5
JmHl,0,2,2,0.0
JmHm,1,0,1,1.0
JmHn,1,1,2,0.5
JmHs,3,0,3,1.0
JmIn,0,1,1,0.0
JmJB,1,0,1,1.0
JmJL,1,0,1,1.0
JmJN,1,0,1,1.0
JmJP,0,1,1,0.0
JmJn,0,1,1,0.0
JmKL,0,0,0,
JmLB,2,2,4,0.5
JmLL,1,0,1,1.0
JmLM,0,0,0,
JmLN,1,0,1,1.0
JmLP,0,1,1,0.0
JmLS,4,1,5,0.8
JmLb,1,1,2,0.5
JmLh,0,0,0,
JmLj,0,1,1,0.0
JmLl,1,1,2,0.5
JmLm,2,1,3,0.67
JmLn,2,1,3,0.67
JmLs,1,0,1,1.0
JmMB,1,1,2,0.5
JmMD,2,0,2,1.0
JmML,2,0,2,1.0
JmMM,3,1,4,0.75
JmMN,4,3,7,0.57
JmMP,4,1,5,0.8
JmMS,0,1,1,0.0
JmMb,2,1,3,0.67
JmMh,2,2,4,0.5
JmMj,1,2,3,0.33
JmMm,4,0,4,1.0
JmMn,3,5,8,0.38
JmMs,0,1,1,0.0
JmNB,1,2,3,0.33
JmNL,0,1,1,0.0
JmNM,2,2,4,0.5
JmNN,2,1,3,0.67
JmNP,6,6,12,0.5
JmNS,0,2,2,0.0
JmNb,1,1,2,0.5
JmNm,3,1,4,0.75
JmNn,1,4,5,0.2
JmNs,1,1,2,0.5
JmPB,4,3,7,0.57
JmPH,0,0,0,
JmPI,0,1,1,0.0
JmPK,0,1,1,0.0
JmPL,2,1,3,0.67
JmPM,2,7,9,0.22
JmPN,4,1,5,0.8
JmPP,5,4,9,0.56
JmPS,2,1,3,0.67
JmPT,1,0,1,1.0
JmPb,3,1,4,0.75
JmPh,1,0,1,1.0
JmPl,1,2,3,0.33
JmPm,2,1,3,0.67
JmPn,2,0,2,1.0
JmPs,1,2,3,0.33
JmSB,0,2,2,0.0
JmSL,0,0,0,
JmSM,2,1,3,0.67
JmSN,0,1,1,0.0
JmSP,2,2,4,0.5
JmSS,0,3,3,0.0
JmST,1,0,1,1.0
JmSb,1,0,1,1.0
JmSh,1,1,2,0.5
JmSl,0,0,0,
JmSm,0,2,2,0.0
JmSn,0,3,3,0.0
JmSs,1,1,2,0.5
JmbB,3,4,7,0.43
JmbD,1,0,1,1.0
JmbH,0,0,0,
JmbJ,1,0,1,1.0
JmbL,1,1,2,0.5
JmbM,0,2,2,0.0
JmbN,6,3,9,0.67
JmbP,3,3,6,0.5
JmbS,1,2,3,0.33
Jmbb,6,2,8,0.75
Jmbm,2,1,3,0.67
Jmbn,0,1,1,0.0
Jmbs,1,1,2,0.5
Jmhh,0,1,1,0.0
JmlB,2,0,2,1.0
JmlH,0,0,0,
JmlM,1,0,1,1.0
JmlP,0,2,2,0.0
JmlS,2,0,2,1.0
Jmlb,0,1,1,0.0
Jmll,1,0,1,1.0
Jmlm,1,1,2,0.5
Jmln,0,1,1,0.0
JmmB,3,0,3,1.0
JmmD,1,0,1,1.0
JmmH,1,1,2,0.5
JmmI,0,0,0,
JmmJ,0,0,0,
JmmL,1,2,3,0.33
JmmM,4,2,6,0.67
JmmN,1,1,2,0.5
JmmP,2,0,2,1.0
JmmS,0,2,2,0.0
Jmmb,1,3,4,0.25
Jmmm,0,2,2,0.0
Jmmn,2,2,4,0.5
JmnB,2,1,3,0.67
JmnD,0,0,0,
JmnH,1,1,2,0.5
JmnK,0,1,1,0.0
JmnL,0,0,0,
JmnM,2,1,3,0.67
JmnN,2,2,4,0.5
JmnP,3,4,7,0.43
JmnS,0,2,2,0.0
Jmnb,1,1,2,0.5
Jmnm,2,0,2,1.0
Jmnn,0,1,1,0.0
JmsB,0,1,1,0.0
JmsH,1,0,1,1.0
JmsI,0,0,0,
JmsL,2,0,2,1.0
JmsN,3,2,5,0.6
JmsP,1,0,1,1.0
JmsS,2,1,3,0.67
Jmsm,2,0,2,1.0
Jmsn,2,1,3,0.67
Jmss,1,1,2,0.5
JnBL,0,2,2,0.0
JnBM,1,1,2,0.5
JnBN,1,1,2,0.5
JnBP,3,1,4,0.75
JnBS,0,1,1,0.0
JnBb,0,1,1,0.0
JnBh,0,0,0,
JnBj,1,1,2,0.5
JnBl,0,2,2,0.0
JnBm,2,3,5,0.4
JnBn,2,0,2,1.0
JnBs,1,1,2,0.5
JnDB,0,1,1,0.0
JnDM,0,1,1,0.0
JnDP,0,0,0,
JnDb,1,1,2,0.5
JnDm,0,1,1,0.0
JnDn,0,0,0,
JnHK,1,0,1,1.0
JnHM,1,2,3,0.33
JnHN,2,0,2,1.0
JnHP,1,0,1,1.0
JnHb,2,1,3,0.67
JnHh,0,1,1,0.0
JnHm,1,1,2,0.5
JnHn,1,1,2,0.5
JnHs,0,1,1,0.0
JnIH,1,0,1,1.0
JnII,0,1,1,0.0
JnIb,2,0,2,1.0
JnIl,1,0,1,1.0
JnIm,1,1,2,0.5
JnIn,0,1,1,0.0
JnIs,1,0,1,1.0
JnKL,1,0,1,1.0
JnKP,0,0,0,
JnLB,1,4,5,0.2
JnLL,1,0,1,1.0
JnLM,0,0,0,
JnLN,0,2,2,0.0
JnLP,2,3,5,0.4
JnLb,1,0,1,1.0
JnLl,2,0,2,1.0
JnLm,1,0,1,1.0
JnLn,0,1,1,0.0
JnLs,2,1,3,0.67
JnMB,2,0,2,1.0
JnML,1,0,1,1.0
JnMM,2,1,3,0.67
JnMN,1,1,2,0.5
JnMP,4,1,5,0.8
JnMS,1,0,1,1.0
JnMT,0,1,1,0.0
JnMb,4,1,5,0.8
JnMh,2,2,4,0.5
JnMl,1,1,2,0.5
JnMm,0,1,1,0.0
JnMn,1,1,2,0.5
JnMs,1,0,1,1.0
JnNB,0,2,2,0.0
JnND,0,1,1,0.0
JnNL,1,0,1,1.0
JnNM,5,2,7,0.71
JnNN,3,2,5,0.6
JnNP,0,2,2,0.0
JnNS,5,0,5,1.0
JnNT,1,0,1,1.0
JnNb,1,2,3,0.33
JnNl,0,0,0,
JnNm,3,4,7,0.43
JnNn,5,2,7,0.71
JnPB,2,1,3,0.67
JnPH,0,3,3,0.0
JnPK,0,1,1,0.0
JnPL,3,1,4,0.75
JnPM,0,1,1,0.0
JnPN,3,4,7,0.43
JnPP,5,3,8,0.62
JnPS,4,3,7,0.57
JnPT,0,1,1,0.0
JnPb,1,3,4,0.25
JnPl,2,1,3,0.67
JnPm,3,1,4,0.75
JnPn,4,0,4,1.0
JnPs,1,1,2,0.5
JnSH,0,0,0,
JnSL,1,0,1,1.0
JnSM,2,4,6,0.33
JnSN,1,1,2,0.5
JnSP,0,2,2,0.0
JnSS,1,3,4,0.25
JnST,0,2,2,0.0
JnSb,2,1,3,0.67
JnSh,1,0,1,1.0
JnSl,1,0,1,1.0
JnSm,0,1,1,0.0
JnSn,2,0,2,1.0
JnSs,0,2,2,0.0
JnbB,3,4,7,0.43
JnbH,1,0,1,1.0
JnbJ,1,1,2,0.5
JnbM,0,2,2,0.0
JnbN,5,2,7,0.71
JnbP,3,3,6,0.5
JnbS,0,1,1,0.0
Jnbb,2,4,6,0.33
Jnbl,1,1,2,0.5
Jnbm,1,0,1,1.0
Jnbn,5,1,6,0.83
Jnbs,1,0,1,1.0
Jnhs,0,1,1,0.0
JnlB,0,1,1,0.0
JnlH,1,0,1,1.0
JnlJ,0,1,1,0.0
JnlM,0,1,1,0.0
JnlP,0,0,0,
JnlS,1,1,2,0.5
Jnlb,0,1,1,0.0
Jnll,0,1,1,0.0
Jnlm,1,1,2,0.5
Jnln,1,0,1,1.0
Jnls,1,0,1,1.0
JnmB,0,2,2,0.0
JnmH,0,0,0,
JnmI,0,0,0,
JnmJ,1,0,1,1.0
JnmL,1,2,3,0.33
JnmM,4,2,6,0.67
JnmN,2,1,3,0.67
JnmP,2,1,3,0.67
JnmS,1,2,3,0.33
Jnmb,3,4,7,0.43
Jnmm,0,1,1,0.0
Jnmn,1,1,2,0.5
Jnms,1,1,2,0.5
JnnB,3,1,4,0.75
JnnD,1,1,2,0.5
JnnH,0,1,1,0.0
JnnI,0,1,1,0.0
JnnL,0,1,1,0.0
JnnM,0,2,2,0.0
JnnN,2,2,4,0.5
JnnP,5,4,9,0.56
JnnS,1,2,3,0.33
Jnnb,3,0,3,1.0
Jnnh,0,1,1,0.0
Jnnl,0,1,1,0.0
Jnnm,0,1,1,0.0
Jnnn,0,2,2,0.0
Jnns,1,0,1,1.0
JnsB,0,1,1,0.0
JnsH,0,0,0,
JnsI,0,1,1,0.0
JnsN,3,0,3,1.0
JnsS,3,3,6,0.5
Jnsb,2,0,2,1.0
Jnsm,2,0,2,1.0
Jnsn,0,3,3,0.0
Jnss,2,0,2,1.0
JsBB,0,2,2,0.0
JsBD,1,0,1,1.0
JsBM,2,1,3,0.67
JsBN,1,3,4,0.25
JsBP,1,2,3,0.33
JsBS,1,2,3,0.33
JsBT,0,0,0,
JsBb,1,0,1,1.0
JsBj,0,1,1,0.0
JsBl,1,0,1,1.0
JsBm,0,3,3,0.0
JsBn,2,1,3,0.67
JsBs,0,1,1,0.0
JsDN,0,1,1,0.0
JsDS,1,0,1,1.0
JsDn,1,0,1,1.0
JsDs,0,1,1,0.0
JsHB,1,1,2,0.5
JsHD,0,0,0,
JsHK,1,0,1,1.0
JsHL,0,1,1,0.0
JsHM,0,1,1,0.0
JsHP,3,3,6,0.5
JsHS,0,0,0,
JsHb,2,1,3,0.67
JsHh,0,2,2,0.0
JsHl,1,3,4,0.25
JsHm,3,0,3,1.0
JsHn,0,1,1,0.0
JsHs,2,0,2,1.0
JsIm,1,0,1,1.0
JsKm,0,1,1,0.0
JsLM,2,1,3,0.67
JsLN,0,2,2,0.0
JsLP,0,1,1,0.0
JsLS,0,0,0,
JsLT,0,1,1,0.0
JsLh,2,0,2,1.0
JsLl,0,1,1,0.0
JsLm,2,0,2,1.0
JsLn,0,1,1,0.0
JsLs,0,1,1,0.0
JsMB,0,1,1,0.0
JsMD,0,1,1,0.0
JsML,2,0,2,1.0
JsMM,0,0,0,
JsMN,3,1,4,0.75
JsMP,1,3,4,0.25
JsMS,1,1,2,0.5
JsMb,0,0,0,
JsMh,0,2,2,0.0
JsMj,1,0,1,1.0
JsMl,1,1,2,0.5
JsMm,1,0,1,1.0
JsMn,1,2,3,0.33
JsNK,0,0,0,
JsNL,2,1,3,0.67
JsNM,3,0,3,1.0
JsNN,0,2,2,0.0
JsNP,1,3,4,0.25
JsNS,0,1,1,0.0
JsNb,1,2,3,0.33
JsNl,0,1,1,0.0
JsNm,4,2,6,0.67
JsNs,3,1,4,0.75
JsPB,2,4,6,0.33
JsPH,2,0,2,1.0
JsPK,1,1,2,0.5
JsPL,0,1,1,0.0
JsPM,1,3,4,0.25
JsPN,3,1,4,0.75
JsPP,2,4,6,0.33
JsPS,0,1,1,0.0
JsPT,0,1,1,0.0
JsPb,0,1,1,0.0
JsPh,0,1,1,0.0
JsPl,1,0,1,1.0
JsPm,0,1,1,0.0
JsPn,0,4,4,0.0
JsPs,2,0,2,1.0
JsSB,2,1,3,0.67
JsSH,3,1,4,0.75
JsSL,1,0,1,1.0
JsSM,1,2,3,0.33
JsSN,0,2,2,0.0
JsSP,3,2,5,0.6
JsSS,1,2,3,0.33
JsST,1,0,1,1.0
JsSb,0,1,1,0.0
JsSh,0,0,0,
JsSl,2,0,2,1.0
JsSm,3,0,3,1.0
JsSn,1,2,3,0.33
JsSs,1,4,5,0.2
JsbB,0,1,1,0.0
JsbM,3,0,3,1.0
JsbN,0,1,1,0.0
JsbP,7,2,9,0.78
JsbS,0,3,3,0.0
Jsbb,1,2,3,0.33
Jsbl,1,0,1,1.0
Jsbm,2,1,3,0.67
Jsbn,3,0,3,1.0
Jsbs,1,1,2,0.5
JshB,0,0,0,
JshL,0,1,1,0.0
Jshb,1,0,1,1.0
JslB,0,0,0,
JslH,1,0,1,1.0
JslL,1,0,1,1.0
JslP,0,1,1,0.0
JslS,1,1,2,0.5
Jslb,1,1,2,0.5
Jslm,1,0,1,1.0
Jsln,0,0,0,
JsmB,1,2,3,0.33
JsmH,1,0,1,1.0
JsmL,0,2,2,0.0
JsmM,0,1,1,0.0
JsmN,1,0,1,1.0
JsmP,2,1,3,0.67
JsmS,3,0,3,1.0
Jsmb,1,1,2,0.5
Jsml,1,0,1,1.0
Jsmm,1,1,2,0.5
Jsmn,0,2,2,0.0
Jsms,0,1,1,0.0
JsnB,0,1,1,0.0
JsnI,0,1,1,0.0
JsnM,3,1,4,0.75
JsnN,1,1,2,0.5
JsnP,1,2,3,0.33
JsnS,0,3,3,0.0
Jsnb,0,1,1,0.0
Jsnl,1,0,1,1.0
Jsnn,2,1,3,0.67
Jsns,1,1,2,0.5
JssD,0,0,0,
JssH,1,1,2,0.5
JssL,1,0,1,1.0
JssM,1,1,2,0.5
JssP,1,4,5,0.2
JssS,3,0,3,1.0
Jssb,1,2,3,0.33
Jssl,3,1,4,0.75
Jssn,2,0,2,1.0
Jsss,2,1,3,0.67
KBBB,1,3,4,0.25
KBBD,0,0,0,
KBBL,1,0,1,1.0
KBBM,1,3,4,0.25
KBBN,0,2,2,0.0
KBBP,1,1,2,0.5
KBBS,0,1,1,0.0
KBBb,1,1,2,0.5
KBBj,0,3,3,0.0
KBBl,1,0,1,1.0
KBBm,0,1,1,0.0
KBBn,1,3,4,0.25
KBBs,1,0,1,1.0
KBDB,0,1,1,0.0
KBDD,1,0,1,1.0
KBDP,0,0,0,
KBDm,1,2,3,0.33
KBDs,1,0,1,1.0
KBKl,1,0,1,1.0
KBKn,0,1,1,0.0
KBLB,3,0,3,1.0
KBLM,0,2,2,0.0
KBLN,1,0,1,1.0
KBLP,2,1,3,0.67
KBLS,1,1,2,0.5
KBLm,1,0,1,1.0
KBLn,1,1,2,0.5
KBLs,2,0,2,1.0
KBMB,2,2,4,0.5
KBMM,1,1,2,0.5
KBMN,2,2,4,0.5
KBMP,3,2,5,0.6
KBMS,0,2,2,0.0
KBMb,4,3,7,0.57
KBMh,1,1,2,0.5
KBMl,1,1,2,0.5
KBMm,2,5,7,0.29
KBMn,2,1,3,0.67
KBMs,0,1,1,0.0
KBNB,2,3,5,0.4
KBND,0,1,1,0.0
KBNL,2,3,5,0.4
KBNN,1,0,1,1.0
KBNP,1,3,4,0.25
KBNS,2,1,3,0.67
KBNb,2,1,3,0.67
KBNh,0,0,0,
KBNl,2,0,2,1.0
KBNm,6,0,6,1.0
KBNn,1,2,3,0.33
KBNs,0,0,0,
KBPB,1,5,6,0.17
KBPD,0,1,1,0.0
KBPK,0,1,1,0.0
KBPL,1,0,1,1.0
KBPM,1,1,2,0.5
KBPN,1,3,4,0.25
KBPP,2,4,6,0.33
KBPS,2,0,2,1.0
KBPb,0,2,2,0.0
KBPh,0,0,0,
KBPl,1,1,2,0.5
KBPm,2,3,5,0.4
KBPn,0,2,2,0.0
KBPs,3,2,5,0.6
KBSH,2,1,3,0.67
KBSL,1,0,1,1.0
KBSM,0,3,3,0.0
KBSN,3,1,4,0.75
KBSP,1,2,3,0.33
KBST,1,0,1,1.0
KBSb,1,1,2,0.5
KBSl,1,2,3,0.33
KBSn,0,1,1,0.0
KBSs,1,0,1,1.0
KBTH,1,0,1,1.0
KBTP,0,2,2,0.0
KBTn,0,0,0,
KBbB,3,3,6,0.5
KBbD,1,0,1,1.0
KBbH,0,0,0,
KBbI,0,1,1,0.0
KBbL,0,2,2,0.0
KBbM,3,3,6,0.5
KBbN,1,2,3,0.33
KBbP,3,3,6,0.5
KBbS,2,1,3,0.67
KBbb,4,3,7,0.57
KBbm,2,0,2,1.0
KBbn,0,1,1,0.0
KBhL,1,0,1,1.0
KBhM,0,0,0,
KBhS,0,0,0,
KBhn,0,0,0,
KBjL,0,2,2,0.0
KBjM,0,2,2,0.0
KBjN,0,1,1,0.0
KBjP,2,0,2,1.0
KBjS,0,1,1,0.0
KBjb,1,0,1,1.0
KBjl,0,1,1,0.0
KBjm,2,0,2,1.0
KBjn,2,0,2,1.0
KBjs,1,0,1,1.0
KBlB,2,2,4,0.5
KBlK,0,1,1,0.0
KBlL,0,1,1,0.0
KBlM,0,1,1,0.0
KBlP,0,1,1,0.0
KBlS,0,1,1,0.0
KBlb,0,2,2,0.0
KBll,1,1,2,0.5
KBlm,1,1,2,0.5
KBln,1,0,1,1.0
KBmB,1,2,3,0.33
KBmD,0,1,1,0.0
KBmH,1,1,2,0.5
KBmJ,0,2,2,0.0
KBmL,3,0,3,1.0
KBmM,2,2,4,0.5
KBmN,4,0,4,1.0
KBmP,2,2,4,0.5
KBmS,1,1,2,0.5
KBmb,2,2,4,0.5
KBmm,3,4,7,0.43
KBmn,1,1,2,0.5
KBms,1,1,2,0.5
KBnB,0,1,1,0.0
KBnD,0,1,1,0.0
KBnH,1,1,2,0.5
KBnI,1,0,1,1.0
KBnL,1,2,3,0.33
KBnM,4,0,4,1.0
KBnN,1,1,2,0.5
KBnP,3,5,8,0.38
KBnS,1,3,4,0.25
KBnb,3,3,6,0.5
KBnm,2,2,4,0.5
KBnn,3,0,3,1.0
KBns,1,1,2,0.5
KBsD,1,0,1,1.0
KBsI,1,0,1,1.0
KBsL,1,0,1,1.0
KBsM,1,0,1,1.0
KBsN,2,2,4,0.5
KBsP,1,3,4,0.25
KBsS,0,2,2,0.0
KBsb,2,0,2,1.0
KBsl,1,0,1,1.0
KBsm,2,0,2,1.0
KBsn,0,2,2,0.0
KBss,3,0,3,1.0
KDBN,1,0,1,1.0
KDBS,1,0,1,1.0
KDBb,0,0,0,
KDDH,1,0,1,1.0
KDDb,0,1,1,0.0
KDDm,0,1,1,0.0
KDHB,1,0,1,1.0
KDHD,1,0,1,1.0
KDHI,0,1,1,0.0
KDHL,0,1,1,0.0
KDHM,1,0,1,1.0
KDHP,0,1,1,0.0
KDHh,1,0,1,1.0
KDHl,0,1,1,0.0
KDHs,1,1,2,0.5
KDMB,2,0,2,1.0
KDMM,0,0,0,
KDMP,1,0,1,1.0
KDMS,0,1,1,0.0
KDMb,1,0,1,1.0
KDMh,0,1,1,0.0
KDMn,1,1,2,0.5
KDNM,0,1,1,0.0
KDNb,1,1,2,0.5
KDNm,0,1,1,0.0
KDNs,1,0,1,1.0
KDPB,1,0,1,1.0
KDPM,2,0,2,1.0
KDPP,2,0,2,1.0
KDPS,0,0,0,
KDPm,1,0,1,1.0
KDSB,0,0,0,
KDSM,2,0,2,1.0
KDSN,0,1,1,0.0
KDSS,1,1,2,0.5
KDSm,0,2,2,0.0
KDSn,1,0,1,1.0
KDSs,0,1,1,0.0
KDTK,1,0,1,1.0
KDTL,1,0,1,1.0
KDbK,1,0,1,1.0
KDbM,0,1,1,0.0
KDbN,0,1,1,0.0
KDbb,1,0,1,1.0
KDbl,0,2,2,0.0
KDbm,0,1,1,0.0
KDhD,0,0,0,
KDhb,0,1,1,0.0
KDlL,1,0,1,1.0
KDlM,1,0,1,1.0
KDlP,1,0,1,1.0
KDlb,0,0,0,
KDls,0,1,1,0.0
KDmM,1,2,3,0.33
KDmP,1,1,2,0.5
KDmS,0,0,0,
KDmm,0,2,2,0.0
KDnK,1,0,1,1.0
KDnM,1,0,1,1.0
KDnN,0,0,0,
KDnS,0,1,1,0.0
KDnm,1,0,1,1.0
KDsB,0,1,1,0.0
KDsH,0,1,1,0.0
KDsS,1,0,1,1.0
KDsm,1,0,1,1.0
KDss,0,0,0,
KHBB,0,1,1,0.0
KHBM,1,0,1,1.0
KHBN,0,1,1,0.0
KHBb,0,0,0,
KHBj,0,1,1,0.0
KHBm,0,1,1,0.0
KHBn,1,0,1,1.0
KHBs,1,0,1,1.0
KHDK,0,0,0,
KHHn,1,0,1,1.0
KHIS,1,0,1,1.0
KHKN,0,1,1,0.0
KHKb,0,1,1,0.0
KHLN,0,0,0,
KHLS,1,0,1,1.0
KHLs,0,0,0,
KHMM,0,1,1,0.0
KHMP,1,0,1,1.0
KHMS,0,1,1,0.0
KHMb,0,1,1,0.0
KHMl,0,1,1,0.0
KHMn,0,0,0,
KHMs,1,0,1,1.0
KHNP,0,1,1,0.0
KHNS,1,0,1,1.0
KHNb,1,0,1,1.0
KHNl,0,1,1,0.0
KHNm,0,2,2,0.0
KHNn,1,0,1,1.0
KHNs,0,1,1,0.0
KHPB,0,1,1,0.0
KHPL,0,1,1,0.0
KHPM,0,2,2,0.0
KHPP,0,0,0,
KHPS,1,1,2,0.5
KHPm,1,0,1,1.0
KHSM,0,1,1,0.0
KHSN,0,0,0,
KHSS,0,2,2,0.0
KHSb,1,0,1,1.0
KHbB,1,0,1,1.0
KHbJ,1,0,1,1.0
KHbM,1,0,1,1.0
KHbN,1,1,2,0.5
KHbS,1,0,1,1.0
KHbl,1,0,1,1.0
KHbm,0,0,0,
KHbn,1,0,1,1.0
KHhm,0,0,0,
KHlD,1,0,1,1.0
KHmH,1,0,1,1.0
KHmM,0,1,1,0.0
KHmP,1,2,3,0.33
KHmm,0,1,1,0.0
KHmn,0,0,0,
KHnB,1,0,1,1.0
KHnM,0,0,0,
KHnN,1,0,1,1.0
KHnP,0,2,2,0.0
KHnS,0,1,1,0.0
KHnn,1,0,1,1.0
KHns,1,1,2,0.5
KHsD,0,1,1,0.0
KHsH,0,0,0,
KHsL,0,1,1,0.0
KHsN,0,2,2,0.0
KHsS,0,1,1,0.0
KHsb,1,0,1,1.0
KHsn,1,0,1,1.0
KIBM,0,1,1,0.0
KIBN,1,0,1,1.0
KIBj,1,0,1,1.0
KIBm,0,0,0,
KIBs,1,0,1,1.0
KIHL,0,1,1,0.0
KIHP,0,1,1,0.0
KIHl,1,0,1,1.0
KIHm,1,0,1,1.0
KIHs,1,0,1,1.0
KIKs,1,0,1,1.0
KILB,0,1,1,0.0
KILD,1,0,1,1.0
KIMB,0,1,1,0.0
KIMM,1,2,3,0.33
KIMl,1,1,2,0.5
KINB,0,1,1,0.0
KINL,1,0,1,1.0
KINM,0,0,0,
KINN,0,1,1,0.0
KINs,1,0,1,1.0
KIPL,1,0,1,1.0
KIPM,0,1,1,0.0
KIPP,1,0,1,1.0
KISB,1,0,1,1.0
KISP,1,0,1,1.0
KISS,1,0,1,1.0
KIST,1,0,1,1.0
KISl,1,0,1,1.0
KISm,0,2,2,0.0
KIbP,0,1,1,0.0
KIbl,0,1,1,0.0
KIln,0,1,1,0.0
KImB,0,1,1,0.0
KImL,1,0,1,1.0
KImS,0,0,0,
KIms,1,0,1,1.0
KInN,1,0,1,1.0
KInP,0,0,0,
KInb,1,2,3,0.33
KInm,0,0,0,
KInn,0,1,1,0.0
KIns,0,2,2,0.0
KIsB,0,1,1,0.0
KIsN,0,1,1,0.0
KIsP,0,1,1,0.0
KIsS,1,0,1,1.0
KIsb,2,0,2,1.0
KKBB,1,0,1,1.0
KKIs,0,0,0,
KKMS,0,1,1,0.0
KKMm,0,1,1,0.0
KKMs,0,1,1,0.0
KKNL,1,0,1,1.0
KKNN,0,1,1,0.0
KKSM,0,0,0,
KKbb,1,0,1,1.0
KKhn,1,0,1,1.0
KKls,0,1,1,0.0
KKnM,1,0,1,1.0
KKnb,1,0,1,1.0
KKsM,0,1,1,0.0
KKsb,0,1,1,0.0
KKsm,0,0,0,
KLBB,2,1,3,0.67
KLBL,1,0,1,1.0
KLBM,1,1,2,0.5
KLBN,1,0,1,1.0
KLBP,1,2,3,0.33
KLBj,1,1,2,0.5
KLBm,1,1,2,0.5
KLBn,0,0,0,
KLBs,1,0,1,1.0
KLDB,2,0,2,1.0
KLDN,0,1,1,0.0
KLLB,1,0,1,1.0
KLLP,0,1,1,0.0
KLLS,1,0,1,1.0
KLLT,0,2,2,0.0
KLLb,2,0,2,1.0
KLLl,0,2,2,0.0
KLLm,0,2,2,0.0
KLLn,0,0,0,
KLLs,1,0,1,1.0
KLMB,1,0,1,1.0
KLMM,3,0,3,1.0
KLMP,1,3,4,0.25
KLMb,1,1,2,0.5
KLMh,2,2,4,0.5
KLMj,1,0,1,1.0
KLMl,0,1,1,0.0
KLMm,2,1,3,0.67
KLMn,1,1,2,0.5
KLMs,0,2,2,0.0
KLNB,1,1,2,0.5
KLNM,0,0,0,
KLNN,1,0,1,1.0
KLNP,1,0,1,1.0
KLNS,0,0,0,
KLNb,1,1,2,0.5
KLNl,0,1,1,0.0
KLNm,2,0,2,1.0
KLPB,1,0,1,1.0
KLPH,0,0,0,
KLPL,1,2,3,0.33
KLPM,2,3,5,0.4
KLPN,1,1,2,0.5
KLPP,2,1,3,0.67
KLPS,1,4,5,0.2
KLPT,0,1,1,0.0
KLPb,1,1,2,0.5
KLPl,1,0,1,1.0
KLPm,1,1,2,0.5
KLPn,1,0,1,1.0
KLPs,0,2,2,0.0
KLSB,1,1,2,0.5
KLSH,0,1,1,0.0
KLSM,0,1,1,0.0
KLSP,1,0,1,1.0
KLSS,2,0,2,1.0
KLSb,1,1,2,0.5
KLSh,0,1,1,0.0
KLSm,1,0,1,1.0
KLTB,1,0,1,1.0
KLTP,0,2,2,0.0
KLbB,1,0,1,1.0
KLbL,1,0,1,1.0
KLbM,0,0,0,
KLbN,1,0,1,1.0
KLbP,1,2,3,0.33
KLbS,0,1,1,0.0
KLbb,1,1,2,0.5
KLbl,0,0,0,
KLbm,1,0,1,1.0
KLbn,0,2,2,0.0
KLhN,1,0,1,1.0
KLhS,2,0,2,1.0
KLhb,1,0,1,1.0
KLhh,0,1,1,0.0
KLhm,1,0,1,1.0
KLhs,0,1,1,0.0
KLjL,0,1,1,0.0
KLjP,1,1,2,0.5
KLjb,1,1,2,0.5
KLjn,1,0,1,1.0
KLjs,0,1,1,0.0
KLlB,1,0,1,1.0
KLlD,1,0,1,1.0
KLlM,1,0,1,1.0
KLlN,1,2,3,0.33
KLlP,2,1,3,0.67
KLlS,1,1,2,0.5
KLlb,1,1,2,0.5
KLlm,0,1,1,0.0
KLln,1,0,1,1.0
KLls,1,0,1,1.0
KLmB,0,1,1,0.0
KLmL,0,1,1,0.0
KLmN,1,0,1,1.0
KLmP,2,1,3,0.67
KLmS,0,1,1,0.0
KLmb,2,1,3,0.67
KLml,0,1,1,0.0
KLmm,0,1,1,0.0
KLmn,0,1,1,0.0
KLnB,0,1,1,0.0
KLnD,1,1,2,0.5
KLnH,0,1,1,0.0
KLnI,1,0,1,1.0
KLnL,0,2,2,0.0
KLnM,2,0,2,1.0
KLnN,2,2,4,0.5
KLnP,0,1,1,0.0
KLnS,1,0,1,1.0
KLnb,0,2,2,0.0
KLnm,2,3,5,0.4
KLnn,1,0,1,1.0
KLns,1,0,1,1.0
KLsB,1,0,1,1.0
KLsH,1,1,2,0.5
KLsL,1,0,1,1.0
KLsM,1,1,2,0.5
KLsN,0,2,2,0.0
KLsP,0,1,1,0.0
KLsS,2,1,3,0.67
KLsT,0,0,0,
KLsl,1,0,1,1.0
KLsm,0,1,1,0.0
KLsn,1,0,1,1.0
KMBB,1,3,4,0.25
KMBL,1,0,1,1.0
KMBM,7,1,8,0.88
KMBN,2,3,5,0.4
KMBP,1,1,2,0.5
KMBS,3,1,4,0.75
KMBT,1,0,1,1.0
KMBb,1,4,5,0.2
KMBh,0,1,1,0.0
KMBj,2,0,2,1.0
KMBl,0,1,1,0.0
KMBm,2,1,3,0.67
KMBn,1,3,4,0.25
KMBs,1,0,1,1.0
KMDB,0,2,2,0.0
KMDD,0,1,1,0.0
KMDI,1,0,1,1.0
KMDK,0,0,0,
KMDM,1,0,1,1.0
KMDN,1,0,1,1.0
KMDS,0,1,1,0.0
KMDb,0,1,1,0.0
KMDm,1,1,2,0.5
KMDn,0,1,1,0.0
KMDs,1,0,1,1.0
KMIS,0,1,1,0.0
KMKN,1,0,1,1.0
KMLB,0,2,2,0.0
KMLL,0,1,1,0.0
KMLM,1,2,3,0.33
KMLN,0,2,2,0.0
KMLP,2,1,3,0.67
KMLb,1,1,2,0.5
KMLh,0,2,2,0.0
KMLj,0,0,0,
KMLl,1,1,2,0.5
KMLn,1,1,2,0.5
KMMB,3,6,9,0.33
KMMD,1,0,1,1.0
KMML,0,1,1,0.0
KMMM,1,6,7,0.14
KMMN,0,1,1,0.0
KMMP,4,2,6,0.67
KMMS,1,3,4,0.25
KMMb,2,2,4,0.5
KMMh,2,1,3,0.67
KMMj,2,0,2,1.0
KMMm,2,2,4,0.5
KMMn,3,3,6,0.5
KMMs,1,0,1,1.0
KMNB,0,1,1,0.0
KMND,0,2,2,0.0
KMNH,1,0,1,1.0
KMNK,0,1,1,0.0
KMNL,0,2,2,0.0
KMNM,3,0,3,1.0
KMNN,2,1,3,0.67
KMNP,6,3,9,0.67
KMNS,0,0,0,
KMNT,1,0,1,1.0
KMNb,2,1,3,0.67
KMNh,1,0,1,1.0
KMNl,1,1,2,0.5
KMNm,3,1,4,0.75
KMNn,1,2,3,0.33
KMNs,1,1,2,0.5
KMPB,2,1,3,0.67
KMPD,0,0,0,
KMPH,0,1,1,0.0
KMPI,0,1,1,0.0
KMPK,0,1,1,0.0
KMPL,0,3,3,0.0
KMPM,6,8,14,0.43
KMPN,2,2,4,0.5
KMPP,8,4,12,0.67
KMPS,2,1,3,0.67
KMPb,4,3,7,0.57
KMPl,2,1,3,0.67
KMPm,3,3,6,0.5
KMPn,3,3,6,0.5
KMPs,3,1,4,0.75
KMSB,2,0,2,1.0
KMSH,0,1,1,0.0
KMSL,0,1,1,0.0
KMSM,1,4,5,0.2
KMSN,1,0,1,1.0
KMSP,1,3,4,0.25
KMSS,1,0,1,1.0
KMST,0,1,1,0.0
KMSb,1,4,5,0.2
KMSh,1,1,2,0.5
KMSl,0,2,2,0.0
KMSm,0,1,1,0.0
KMSn,0,1,1,0.0
KMSs,2,0,2,1.0
KMTB,1,0,1,1.0
KMTM,1,0,1,1.0
KMTN,1,0,1,1.0
KMTP,0,1,1,0.0
KMTb,1,0,1,1.0
KMTm,1,1,2,0.5
KMTn,0,2,2,0.0
KMTs,0,1,1,0.0
KMbB,1,2,3,0.33
KMbH,2,1,3,0.67
KMbJ,0,2,2,0.0
KMbL,0,0,0,
KMbM,3,2,5,0.6
KMbN,2,1,3,0.67
KMbP,6,3,9,0.67
KMbS,3,3,6,0.5
KMbb,3,2,5,0.6
KMbl,2,1,3,0.67
KMbm,3,2,5,0.6
KMbn,3,2,5,0.6
KMbs,3,4,7,0.43
KMhB,0,3,3,0.0
KMhH,0,2,2,0.0
KMhL,0,1,1,0.0
KMhN,1,3,4,0.25
KMhP,3,5,8,0.38
KMhS,2,2,4,0.5
KMhT,2,0,2,1.0
KMhb,3,0,3,1.0
KMhh,1,2,3,0.33
KMhl,3,0,3,1.0
KMhm,2,2,4,0.5
KMhn,3,1,4,0.75
KMhs,3,0,3,1.0
KMjB,0,0,0,
KMjM,0,2,2,0.0
KMjN,0,0,0,
KMjP,2,0,2,1.0
KMjS,1,0,1,1.0
KMjb,2,0,2,1.0
KMjl,1,0,1,1.0
KMjm,1,0,1,1.0
KMjn,1,1,2,0.5
KMjs,1,1,2,0.5
KMlB,1,1,2,0.5
KMlH,1,0,1,1.0
KMlJ,0,1,1,0.0
KMlL,0,2,2,0.0
KMlM,2,1,3,0.67
KMlN,0,0,0,
KMlP,2,1,3,0.67
KMlS,1,3,4,0.25
KMlb,0,1,1,0.0
KMlm,1,1,2,0.5
KMln,2,0,2,1.0
KMls,3,0,3,1.0
KMmB,0,1,1,0.0
KMmD,2,0,2,1.0
KMmH,3,5,8,0.38
KMmJ,0,1,1,0.0
KMmL,0,1,1,0.0
KMmM,0,4,4,0.0
KMmN,2,4,6,0.33
KMmP,3,0,3,1.0
KMmS,3,2,5,0.6
KMmb,2,0,2,1.0
KMml,0,1,1,0.0
KMmm,1,8,9,0.11
KMmn,1,2,3,0.33
KMms,4,2,6,0.67
KMnB,3,3,6,0.5
KMnD,1,0,1,1.0
KMnH,1,1,2,0.5
KMnK,0,1,1,0.0
KMnL,0,1,1,0.0
KMnM,5,2,7,0.71
KMnN,5,5,10,0.5
KMnP,7,3,10,0.7
KMnS,1,3,4,0.25
KMnb,3,2,5,0.6
KMnl,1,2,3,0.33
KMnm,4,1,5,0.8
KMnn,2,1,3,0.67
KMns,2,1,3,0.67
KMsB,1,1,2,0.5
KMsH,0,1,1,0.0
KMsI,0,0,0,
KMsM,2,0,2,1.0
KMsN,3,2,5,0.6
KMsP,1,2,3,0.33
KMsS,0,1,1,0.0
KMsb,1,0,1,1.0
KMsl,0,3,3,0.0
KMsm,2,2,4,0.5
KMsn,1,0,1,1.0
KMss,1,2,3,0.33
KNBB,2,2,4,0.5
KNBD,1,0,1,1.0
KNBL,2,1,3,0.67
KNBM,2,0,2,1.0
KNBN,3,1,4,0.75
KNBP,2,1,3,0.67
KNBS,3,0,3,1.0
KNBb,3,2,5,0.6
KNBl,1,0,1,1.0
KNBm,0,2,2,0.0
KNBn,3,2,5,0.6
KNBs,2,0,2,1.0
KNDH,0,0,0,
KNDb,0,1,1,0.0
KNDm,1,1,2,0.5
KNDn,1,0,1,1.0
KNDs,1,1,2,0.5
KNHK,0,1,1,0.0
KNHM,0,0,0,
KNHP,0,1,1,0.0
KNHS,1,0,1,1.0
KNHm,1,0,1,1.0
KNHn,1,0,1,1.0
KNIm,0,0,0,
KNKL,1,0,1,1.0
KNKM,0,1,1,0.0
KNKN,0,0,0,
KNKm,1,0,1,1.0
KNKs,1,0,1,1.0
KNLL,2,0,2,1.0
KNLM,0,1,1,0.0
KNLN,1,0,1,1.0
KNLP,1,2,3,0.33
KNLb,1,1,2,0.5
KNLn,2,0,2,1.0
KNMB,1,0,1,1.0
KNMM,6,1,7,0.86
KNMN,2,0,2,1.0
KNMP,1,1,2,0.5
KNMS,2,0,2,1.0
KNMT,0,1,1,0.0
KNMb,0,2,2,0.0
KNMh,2,0,2,1.0
KNMm,2,4,6,0.33
KNMn,2,3,5,0.4
KNMs,2,1,3,0.67
KNNB,1,0,1,1.0
KNND,0,1,1,0.0
KNNK,1,0,1,1.0
KNNL,0,3,3,0.0
KNNM,2,2,4,0.5
KNNN,1,1,2,0.5
KNNP,2,1,3,0.67
KNNS,2,1,3,0.67
KNNT,0,1,1,0.0
KNNb,1,0,1,1.0
KNNl,2,0,2,1.0
KNNm,0,4,4,0.0
KNNn,4,2,6,0.67
KNNs,3,1,4,0.75
KNPB,3,4,7,0.43
KNPH,0,2,2,0.0
KNPI,0,0,0,
KNPK,0,1,1,0.0
KNPL,1,1,2,0.5
KNPM,3,2,5,0.6
KNPN,5,1,6,0.83
KNPP,5,7,12,0.42
KNPS,3,4,7,0.43
KNPb,3,4,7,0.43
KNPh,0,1,1,0.0
KNPl,2,0,2,1.0
KNPm,8,2,10,0.8
KNPn,4,1,5,0.8
KNPs,1,3,4,0.25
KNSB,1,1,2,0.5
KNSM,2,2,4,0.5
KNSN,0,0,0,
KNSP,2,1,3,0.67
KNSS,2,1,3,0.67
KNST,0,1,1,0.0
KNSb,1,0,1,1.0
KNSh,1,0,1,1.0
KNSl,0,2,2,0.0
KNSm,1,1,2,0.5
KNSn,0,2,2,0.0
KNSs,1,2,3,0.33
KNTH,0,1,1,0.0
KNTM,0,1,1,0.0
KNTP,0,1,1,0.0
KNTb,0,1,1,0.0
KNTs,0,1,1,0.0
KNbB,2,0,2,1.0
KNbH,1,0,1,1.0
KNbI,0,1,1,0.0
KNbJ,1,0,1,1.0
KNbK,0,1,1,0.0
KNbL,1,1,2,0.5
KNbM,2,3,5,0.4
KNbN,1,0,1,1.0
KNbP,5,1,6,0.83
KNbS,2,1,3,0.67
KNbb,2,1,3,0.67
KNbl,1,1,2,0.5
KNbm,0,3,3,0.0
KNbn,0,3,3,0.0
KNbs,3,1,4,0.75
KNhB,3,0,3,1.0
KNhL,0,0,0,
KNhM,2,0,2,1.0
KNhN,0,1,1,0.0
KNhP,0,1,1,0.0
KNhT,1,0,1,1.0
KNhl,1,0,1,1.0
KNhn,0,1,1,0.0
KNhs,1,0,1,1.0
KNlB,0,1,1,0.0
KNlH,4,0,4,1.0
KNlL,2,0,2,1.0
KNlM,1,0,1,1.0
KNlN,1,1,2,0.5
KNlP,4,1,5,0.8
KNlS,1,1,2,0.5
KNlb,0,1,1,0.0
KNll,1,0,1,1.0
KNlm,1,1,2,0.5
KNln,1,1,2,0.5
KNls,1,0,1,1.0
KNmB,0,1,1,0.0
KNmH,1,2,3,0.33
KNmI,1,1,2,0.5
KNmK,0,0,0,
KNmL,0,1,1,0.0
KNmM,3,2,5,0.6
KNmN,0,1,1,0.0
KNmP,1,2,3,0.33
KNmS,7,1,8,0.88
KNmb,3,5,8,0.38
KNmm,1,2,3,0.33
KNmn,0,0,0,
KNms,0,1,1,0.0
KNnB,2,1,3,0.67
KNnI,0,1,1,0.0
KNnL,0,0,0,
KNnM,3,0,3,1.0
KNnN,0,2,2,0.0
KNnP,3,1,4,0.75
KNnS,0,2,2,0.0
KNnb,2,2,4,0.5
KNnl,0,1,1,0.0
KNnm,2,2,4,0.5
KNnn,2,0,2,1.0
KNns,0,1,1,0.0
KNsB,1,2,3,0.33
KNsM,2,1,3,0.67
KNsN,0,3,3,0.0
KNsP,2,4,6,0.33
KNsS,2,1,3,0.67
KNsb,0,0,0,
KNsl,1,2,3,0.33
KNsm,1,1,2,0.5
KNsn,1,1,2,0.5
KNss,2,1,3,0.67
KPBB,3,7,10,0.3
KPBK,0,0,0,
KPBL,2,2,4,0.5
KPBM,1,4,5,0.2
KPBN,2,1,3,0.67
KPBP,6,6,12,0.5
KPBS,1,2,3,0.33
KPBT,1,0,1,1.0
KPBb,6,3,9,0.67
KPBj,1,3,4,0.25
KPBl,0,1,1,0.0
KPBm,1,2,3,0.33
KPBn,2,3,5,0.4
KPBs,3,0,3,1.0
KPDN,0,1,1,0.0
KPDP,0,1,1,0.0
KPDS,0,0,0,
KPDb,1,0,1,1.0
KPDl,0,1,1,0.0
KPDm,2,1,3,0.67
KPDs,1,1,2,0.5
KPHL,0,1,1,0.0
KPHM,0,1,1,0.0
KPHN,1,0,1,1.0
KPHP,4,0,4,1.0
KPHS,0,1,1,0.0
KPHT,0,1,1,0.0
KPHb,0,0,0,
KPHh,1,0,1,1.0
KPHl,1,0,1,1.0
KPHm,1,0,1,1.0
KPHn,0,0,0,
KPHs,2,0,2,1.0
KPIB,0,1,1,0.0
KPIL,0,1,1,0.0
KPIn,1,1,2,0.5
KPKL,1,0,1,1.0
KPKP,0,1,1,0.0
KPKS,1,0,1,1.0
KPKb,0,1,1,0.0
KPKm,1,0,1,1.0
KPKs,1,0,1,1.0
KPLB,0,2,2,0.0
KPLK,1,0,1,1.0
KPLL,2,2,4,0.5
KPLM,1,1,2,0.5
KPLN,2,3,5,0.4
KPLP,2,3,5,0.4
KPLS,3,1,4,0.75
KPLT,0,1,1,0.0
KPLb,2,2,4,0.5
KPLh,1,1,2,0.5
KPLl,1,2,3,0.33
KPLm,2,0,2,1.0
KPLn,0,3,3,0.0
KPLs,2,0,2,1.0
KPMB,2,4,6,0.33
KPMD,0,0,0,
KPMK,0,1,1,0.0
KPML,2,1,3,0.67
KPMM,3,3,6,0.5
KPMN,2,7,9,0.22
KPMP,3,7,10,0.3
KPMS,2,2,4,0.5
KPMT,1,0,1,1.0
KPMb,5,3,8,0.62
KPMh,5,2,7,0.71
KPMl,2,2,4,0.5
KPMm,3,4,7,0.43
KPMn,4,3,7,0.57
KPMs,1,2,3,0.33
KPNB,2,0,2,1.0
KPND,0,1,1,0.0
KPNH,1,1,2,0.5
KPNK,1,1,2,0.5
KPNL,1,1,2,0.5
KPNM,0,5,5,0.0
KPNN,4,2,6,0.67
KPNP,1,5,6,0.17
KPNS,0,0,0,
KPNT,0,1,1,0.0
KPNb,2,3,5,0.4
KPNh,0,1,1,0.0
KPNl,2,1,3,0.67
KPNm,3,2,5,0.6
KPNn,2,3,5,0.4
KPNs,2,1,3,0.67
KPPB,6,3,9,0.67
KPPH,1,0,1,1.0
KPPL,2,6,8,0.25
KPPM,6,8,14,0.43
KPPN,2,4,6,0.33
KPPP,10,5,15,0.67
KPPS,1,3,4,0.25
KPPT,1,1,2,0.5
KPPb,2,9,11,0.18
KPPh,1,0,1,1.0
KPPl,3,2,5,0.6
KPPm,6,4,10,0.6
KPPn,3,4,7,0.43
KPPs,1,4,5,0.2
KPSB,3,1,4,0.75
KPSD,2,0,2,1.0
KPSL,0,1,1,0.0
KPSM,10,1,11,0.91
KPSN,0,1,1,0.0
KPSP,2,2,4,0.5
KPSS,4,2,6,0.67
KPST,1,1,2,0.5
KPSb,3,1,4,0.75
KPSh,1,2,3,0.33
KPSl,2,1,3,0.67
KPSm,4,2,6,0.67
KPSn,0,1,1,0.0
KPSs,6,3,9,0.67
KPTB,0,1,1,0.0
KPTI,0,0,0,
KPTM,1,0,1,1.0
KPTN,1,0,1,1.0
KPTP,0,1,1,0.0
KPTb,0,1,1,0.0
KPTm,0,1,1,0.0
KPbB,3,5,8,0.38
KPbH,1,3,4,0.25
KPbI,1,0,1,1.0
KPbJ,1,1,2,0.5
KPbK,0,1,1,0.0
KPbL,3,1,4,0.75
KPbM,5,2,7,0.71
KPbN,5,7,12,0.42
KPbP,2,5,7,0.29
KPbS,4,0,4,1.0
KPbb,6,5,11,0.55
KPbl,3,2,5,0.6
KPbm,1,1,2,0.5
KPbn,2,1,3,0.67
KPbs,4,0,4,1.0
KPhK,1,0,1,1.0
KPhM,0,2,2,0.0
KPhP,1,0,1,1.0
KPhb,2,1,3,0.67
KPhh,0,1,1,0.0
KPhm,0,1,1,0.0
KPhs,0,1,1,0.0
KPlB,1,0,1,1.0
KPlH,1,1,2,0.5
KPlL,3,0,3,1.0
KPlM,1,3,4,0.25
KPlN,2,2,4,0.5
KPlP,1,1,2,0.5
KPlS,3,1,4,0.75
KPlb,1,1,2,0.5
KPll,0,2,2,0.0
KPlm,2,0,2,1.0
KPln,2,0,2,1.0
KPls,1,0,1,1.0
KPmB,4,0,4,1.0
KPmD,1,0,1,1.0
KPmH,5,0,5,1.0
KPmJ,0,1,1,0.0
KPmL,1,1,2,0.5
KPmM,2,1,3,0.67
KPmN,2,5,7,0.29
KPmP,4,6,10,0.4
KPmS,2,1,3,0.67
KPmb,3,2,5,0.6
KPml,3,1,4,0.75
KPmm,2,2,4,0.5
KPmn,0,1,1,0.0
KPnB,1,1,2,0.5
KPnH,0,1,1,0.0
KPnI,1,0,1,1.0
KPnL,2,3,5,0.4
KPnM,2,1,3,0.67
KPnN,2,2,4,0.5
KPnP,6,5,11,0.55
KPnS,1,1,2,0.5
KPnb,4,1,5,0.8
KPnl,1,0,1,1.0
KPnm,1,0,1,1.0
KPnn,2,1,3,0.67
KPns,4,2,6,0.67
KPsD,0,1,1,0.0
KPsH,1,3,4,0.25
KPsL,1,1,2,0.5
KPsM,1,1,2,0.5
KPsN,2,2,4,0.5
KPsP,5,3,8,0.62
KPsS,4,1,5,0.8
KPsb,0,1,1,0.0
KPsl,2,0,2,1.0
KPsm,2,2,4,0.5
KPsn,2,0,2,1.0
KPss,1,2,3,0.33
KSBB,0,1,1,0.0
KSBL,1,0,1,1.0
KSBM,0,1,1,0.0
KSBN,0,2,2,0.0
KSBP,1,1,2,0.5
KSBS,1,0,1,1.0
KSBb,1,2,3,0.33
KSBh,0,1,1,0.0
KSBl,1,0,1,1.0
KSBm,3,0,3,1.0
KSBn,1,1,2,0.5
KSBs,1,1,2,0.5
KSDB,0,1,1,0.0
KSDN,1,0,1,1.0
KSDP,1,0,1,1.0
KSDS,0,2,2,0.0
KSDm,1,1,2,0.5
KSDn,0,1,1,0.0
KSDs,0,1,1,0.0
KSHN,0,0,0,
KSHP,2,2,4,0.5
KSHb,0,1,1,0.0
KSHl,1,0,1,1.0
KSHm,0,1,1,0.0
KSHn,0,1,1,0.0
KSHs,1,1,2,0.5
KSIm,0,0,0,
KSKL,0,1,1,0.0
KSLB,0,1,1,0.0
KSLM,1,1,2,0.5
KSLN,3,1,4,0.75
KSLP,1,0,1,1.0
KSLS,0,1,1,0.0
KSLb,2,0,2,1.0
KSLh,0,1,1,0.0
KSLj,1,0,1,1.0
KSLl,0,0,0,
KSLm,2,0,2,1.0
KSLn,1,2,3,0.33
KSMB,3,0,3,1.0
KSMD,0,1,1,0.0
KSMH,1,0,1,1.0
KSML,1,0,1,1.0
KSMM,1,1,2,0.5
KSMN,3,1,4,0.75
KSMP,1,2,3,0.33
KSMS,3,1,4,0.75
KSMT,0,1,1,0.0
KSMb,1,3,4,0.25
KSMh,4,3,7,0.57
KSMl,1,1,2,0.5
KSMm,2,1,3,0.67
KSMn,1,4,5,0.2
KSMs,4,1,5,0.8
KSNB,0,1,1,0.0
KSNH,1,0,1,1.0
KSNK,0,0,0,
KSNM,0,2,2,0.0
KSNP,1,1,2,0.5
KSNS,1,1,2,0.5
KSNT,2,0,2,1.0
KSNb,1,1,2,0.5
KSNl,1,0,1,1.0
KSNm,2,1,3,0.67
KSNs,2,3,5,0.4
KSPB,2,3,5,0.4
KSPD,0,2,2,0.0
KSPH,1,2,3,0.33
KSPK,1,3,4,0.25
KSPL,0,1,1,0.0
KSPM,1,3,4,0.25
KSPN,0,2,2,0.0
KSPP,2,3,5,0.4
KSPS,3,2,5,0.6
KSPT,2,0,2,1.0
KSPb,5,4,9,0.56
KSPl,2,0,2,1.0
KSPm,0,4,4,0.0
KSPn,1,3,4,0.25
KSPs,1,3,4,0.25
KSSB,2,0,2,1.0
KSSD,1,0,1,1.0
KSSH,2,1,3,0.67
KSSM,0,6,6,0.0
KSSN,0,6,6,0.0
KSSP,5,2,7,0.71
KSSS,3,4,7,0.43
KSSb,1,1,2,0.5
KSSh,0,2,2,0.0
KSSl,1,0,1,1.0
KSSm,0,3,3,0.0
KSSn,1,2,3,0.33
KSSs,3,0,3,1.0
KSTM,1,0,1,1.0
KSTN,0,1,1,0.0
KSTP,0,0,0,
KSTS,1,0,1,1.0
KSTl,0,0,0,
KSTm,0,0,0,
KSTs,0,0,0,
KSbB,3,2,5,0.6
KSbH,1,0,1,1.0
KSbJ,1,1,2,0.5
KSbK,0,1,1,0.0
KSbL,2,0,2,1.0
KSbM,2,1,3,0.67
KSbN,2,1,3,0.67
KSbP,2,4,6,0.33
KSbS,1,2,3,0.33
KSbb,2,3,5,0.4
KSbl,2,1,3,0.67
KSbm,0,1,1,0.0
KSbn,3,1,4,0.75
KShB,2,0,2,1.0
KShL,0,1,1,0.0
KShM,3,2,5,0.6
KShN,0,2,2,0.0
KShP,1,1,2,0.5
KShS,0,0,0,
KShT,1,0,1,1.0
KShb,2,0,2,1.0
KShh,1,3,4,0.25
KShm,2,1,3,0.67
KShn,0,1,1,0.0
KShs,0,2,2,0.0
KSlB,1,1,2,0.5
KSlH,0,1,1,0.0
KSlI,1,0,1,1.0
KSlJ,0,0,0,
KSlL,1,0,1,1.0
KSlM,0,1,1,0.0
KSlN,1,0,1,1.0
KSlP,2,1,3,0.67
KSlS,1,2,3,0.33
KSlb,1,0,1,1.0
KSln,1,1,2,0.5
KSls,0,0,0,
KSmB,3,3,6,0.5
KSmD,0,0,0,
KSmL,1,0,1,1.0
KSmM,1,1,2,0.5
KSmN,2,3,5,0.4
KSmP,1,2,3,0.33
KSmS,0,1,1,0.0
KSmb,4,1,5,0.8
KSml,0,0,0,
KSmm,3,1,4,0.75
KSmn,1,0,1,1.0
KSms,3,0,3,1.0
KSnD,0,2,2,0.0
KSnH,1,0,1,1.0
KSnL,0,2,2,0.0
KSnM,5,4,9,0.56
KSnN,1,1,2,0.5
KSnP,5,2,7,0.71
KSnS,0,1,1,0.0
KSnb,3,0,3,1.0
KSnl,2,1,3,0.67
KSnm,1,0,1,1.0
KSnn,6,2,8,0.75
KSns,3,0,3,1.0
KSsB,2,1,3,0.67
KSsD,0,1,1,0.0
KSsH,1,1,2,0.5
KSsI,0,1,1,0.0
KSsK,1,0,1,1.0
KSsL,1,1,2,0.5
KSsN,0,0,0,
KSsP,0,2,2,0.0
KSsS,2,2,4,0.5
KSsb,2,3,5,0.4
KSsl,0,1,1,0.0
KSsm,1,1,2,0.5
KSsn,1,3,4,0.25
KSss,4,3,7,0.57
KTBB,0,1,1,0.0
KTBS,0,1,1,0.0
KTBT,0,0,0,
KTDL,1,0,1,1.0
KTDS,0,0,0,
KTHK,1,0,1,1.0
KTHM,1,1,2,0.5
KTHP,0,0,0,
KTHm,1,0,1,1.0
KTLN,0,1,1,0.0
KTLb,1,0,1,1.0
KTMP,0,1,1,0.0
KTMb,1,0,1,1.0
KTMm,0,0,0,
KTMn,0,2,2,0.0
KTMs,0,0,0,
KTNB,2,1,3,0.67
KTNP,0,2,2,0.0
KTNT,0,1,1,0.0
KTNl,0,0,0,
KTNn,0,1,1,0.0
KTPM,1,2,3,0.33
KTPP,2,0,2,1.0
KTPb,1,1,2,0.5
KTPm,0,1,1,0.0
KTSP,1,0,1,1.0
KTSs,1,0,1,1.0
KTTB,0,0,0,
KTbb,1,0,1,1.0
KTbm,1,0,1,1.0
KTlb,0,1,1,0.0
KTls,0,1,1,0.0
KTmB,1,0,1,1.0
KTmN,1,0,1,1.0
KTmm,0,0,0,
KTms,0,1,1,0.0
KTnS,1,0,1,1.0
KTnb,0,1,1,0.0
KTnn,1,0,1,1.0
KTsH,0,2,2,0.0
KTsL,0,1,1,0.0
KTsm,0,1,1,0.0
KTss,0,0,0,
KbBB,1,0,1,1.0
KbBK,1,0,1,1.0
KbBL,1,0,1,1.0
KbBM,1,2,3,0.33
KbBN,2,1,3,0.67
KbBP,6,2,8,0.75
KbBS,3,2,5,0.6
KbBb,4,4,8,0.5
KbBj,1,0,1,1.0
KbBl,1,0,1,1.0
KbBm,3,2,5,0.6
KbBn,1,3,4,0.25
KbBs,1,0,1,1.0
KbDH,1,1,2,0.5
KbDN,0,0,0,
KbDP,0,1,1,0.0
KbDS,0,1,1,0.0
KbDm,2,0,2,1.0
KbHB,1,0,1,1.0
KbHD,1,0,1,1.0
KbHM,2,0,2,1.0
KbHN,0,2,2,0.0
KbHP,1,1,2,0.5
KbHS,0,1,1,0.0
KbHb,0,2,2,0.0
KbHm,0,1,1,0.0
KbHn,0,1,1,0.0
KbIH,0,1,1,0.0
KbIM,0,1,1,0.0
KbIS,0,1,1,0.0
KbJB,1,0,1,1.0
KbJH,0,2,2,0.0
KbJN,0,2,2,0.0
KbJP,1,2,3,0.33
KbJT,1,0,1,1.0
KbJb,1,0,1,1.0
KbJm,0,1,1,0.0
KbJn,0,1,1,0.0
KbJs,0,2,2,0.0
KbKB,1,0,1,1.0
KbKM,0,2,2,0.0
KbKb,0,1,1,0.0
KbKh,0,1,1,0.0
KbKm,2,0,2,1.0
KbLB,0,1,1,0.0
KbLD,0,0,0,
KbLM,0,1,1,0.0
KbLN,2,0,2,1.0
KbLP,0,1,1,0.0
KbLS,2,1,3,0.67
KbLb,1,1,2,0.5
KbLh,0,1,1,0.0
KbLj,0,0,0,
KbLm,2,1,3,0.67
KbLn,2,1,3,0.67
KbLs,1,0,1,1.0
KbMB,1,1,2,0.5
KbMM,3,5,8,0.38
KbMN,0,1,1,0.0
KbMP,4,1,5,0.8
KbMS,0,1,1,0.0
KbMb,5,4,9,0.56
KbMh,3,1,4,0.75
KbMj,2,2,4,0.5
KbMl,0,2,2,0.0
KbMm,2,1,3,0.67
KbMn,2,2,4,0.5
KbMs,3,3,6,0.5
KbND,0,1,1,0.0
KbNL,0,1,1,0.0
KbNM,3,3,6,0.5
KbNN,5,3,8,0.62
KbNP,4,6,10,0.4
KbNS,2,0,2,1.0
KbNT,0,1,1,0.0
KbNb,2,1,3,0.67
KbNh,3,1,4,0.75
KbNl,2,1,3,0.67
KbNm,2,2,4,0.5
KbNs,5,1,6,0.83
KbPB,5,2,7,0.71
KbPH,1,0,1,1.0
KbPK,2,1,3,0.67
KbPL,0,2,2,0.0
KbPM,6,4,10,0.6
KbPN,3,1,4,0.75
KbPP,1,4,5,0.2
KbPS,0,3,3,0.0
KbPb,7,2,9,0.78
KbPh,1,0,1,1.0
KbPl,3,1,4,0.75
KbPm,3,1,4,0.75
KbPn,1,4,5,0.2
KbPs,0,1,1,0.0
KbSB,0,0,0,
KbSH,0,1,1,0.0
KbSL,0,1,1,0.0
KbSM,1,3,4,0.25
KbSP,4,1,5,0.8
KbSS,0,3,3,0.0
KbSb,2,1,3,0.67
KbSh,3,0,3,1.0
KbSl,0,4,4,0.0
KbSn,2,0,2,1.0
KbSs,1,2,3,0.33
KbbB,4,2,6,0.67
KbbH,1,0,1,1.0
KbbL,0,2,2,0.0
KbbM,6,3,9,0.67
KbbN,3,1,4,0.75
KbbP,2,3,5,0.4
KbbS,3,2,5,0.6
Kbbb,7,4,11,0.64
Kbbl,2,2,4,0.5
Kbbm,2,0,2,1.0
Kbbn,2,1,3,0.67
Kbbs,1,0,1,1.0
KblB,1,0,1,1.0
KblH,2,1,3,0.67
KblL,1,1,2,0.5
KblN,2,0,2,1.0
KblP,1,4,5,0.2
KblS,0,2,2,0.0
Kblb,1,0,1,1.0
Kbll,1,1,2,0.5
Kblm,0,0,0,
Kbln,0,1,1,0.0
Kbls,0,1,1,0.0
KbmB,1,2,3,0.33
KbmH,1,1,2,0.5
KbmJ,0,1,1,0.0
KbmM,2,4,6,0.33
KbmN,3,3,6,0.5
KbmP,4,2,6,0.67
KbmS,1,2,3,0.33
Kbmb,3,4,7,0.43
Kbmm,1,0,1,1.0
Kbmn,1,1,2,0.5
Kbms,1,2,3,0.33
KbnB,4,0,4,1.0
KbnH,0,1,1,0.0
KbnK,0,1,1,0.0
KbnM,3,1,4,0.75
KbnN,2,0,2,1.0
KbnP,3,3,6,0.5
KbnS,3,0,3,1.0
Kbnb,2,1,3,0.67
Kbnl,4,2,6,0.67
Kbnm,2,1,3,0.67
Kbnn,3,4,7,0.43
Kbns,1,2,3,0.33
KbsB,0,1,1,0.0
KbsH,1,1,2,0.5
KbsM,2,1,3,0.67
KbsN,1,0,1,1.0
KbsP,1,0,1,1.0
KbsS,3,3,6,0.5
Kbsb,1,1,2,0.5
Kbsl,0,0,0,
Kbsm,2,1,3,0.67
Kbss,1,1,2,0.5
KhBB,0,1,1,0.0
KhBD,0,1,1,0.0
KhBL,2,1,3,0.67
KhBM,0,3,3,0.0
KhBN,0,1,1,0.0
KhBP,2,1,3,0.67
KhBS,1,1,2,0.5
KhBb,1,2,3,0.33
KhBh,0,1,1,0.0
KhBj,1,1,2,0.5
KhBl,3,1,4,0.75
KhBm,0,3,3,0.0
KhBn,1,2,3,0.33
KhBs,1,0,1,1.0
KhDH,1,0,1,1.0
KhDL,1,0,1,1.0
KhDM,2,0,2,1.0
KhDP,1,2,3,0.33
KhDm,2,0,2,1.0
KhDs,1,0,1,1.0
KhHL,1,0,1,1.0
KhHM,0,2,2,0.0
KhHN,0,1,1,0.0
KhHP,0,1,1,0.0
KhHb,2,0,2,1.0
KhHl,0,1,1,0.0
KhHm,1,0,1,1.0
KhHn,1,1,2,0.5
KhIM,1,0,1,1.0
KhIN,0,0,0,
KhKL,0,1,1,0.0
KhKm,0,0,0,
KhLB,1,0,1,1.0
KhLM,5,1,6,0.83
KhLP,1,0,1,1.0
KhLS,0,1,1,0.0
KhLb,2,2,4,0.5
KhLh,1,1,2,0.5
KhLj,1,0,1,1.0
KhLm,3,1,4,0.75
KhLn,1,0,1,1.0
KhMB,2,0,2,1.0
KhML,3,2,5,0.6
KhMM,3,1,4,0.75
KhMN,0,1,1,0.0
KhMP,2,5,7,0.29
KhMS,1,3,4,0.25
KhMT,0,1,1,0.0
KhMb,1,2,3,0.33
KhMh,1,2,3,0.33
KhMj,1,0,1,1.0
KhMl,0,2,2,0.0
KhMm,0,2,2,0.0
KhMn,3,0,3,1.0
KhMs,1,3,4,0.25
KhNB,3,1,4,0.75
KhNH,0,3,3,0.0
KhNL,1,0,1,1.0
KhNM,1,0,1,1.0
KhNN,1,3,4,0.25
KhNP,1,0,1,1.0
KhNS,1,1,2,0.5
KhNb,1,0,1,1.0
KhNh,0,0,0,
KhNl,2,0,2,1.0
KhNm,2,0,2,1.0
KhNn,3,2,5,0.6
KhNs,1,0,1,1.0
KhPB,1,2,3,0.33
KhPD,0,0,0,
KhPH,1,3,4,0.25
KhPI,0,2,2,0.0
KhPK,1,0,1,1.0
KhPL,2,0,2,1.0
KhPM,3,2,5,0.6
KhPN,2,1,3,0.67
KhPP,5,4,9,0.56
KhPS,2,0,2,1.0
KhPb,3,7,10,0.3
KhPl,2,1,3,0.67
KhPm,2,1,3,0.67
KhPn,0,1,1,0.0
KhPs,5,2,7,0.71
KhSB,1,2,3,0.33
KhSD,2,0,2,1.0
KhSH,1,0,1,1.0
KhSI,0,1,1,0.0
KhSM,2,1,3,0.67
KhSN,2,1,3,0.67
KhSP,2,2,4,0.5
KhSS,1,0,1,1.0
KhSb,1,1,2,0.5
KhSh,3,0,3,1.0
KhSl,0,2,2,0.0
KhSm,2,4,6,0.33
KhSn,2,2,4,0.5
KhSs,3,2,5,0.6
KhTD,1,0,1,1.0
KhTL,0,1,1,0.0
KhTn,0,1,1,0.0
KhTs,1,0,1,1.0
KhbB,2,1,3,0.67
KhbD,0,0,0,
KhbH,1,2,3,0.33
KhbL,1,4,5,0.2
KhbM,0,4,4,0.0
KhbN,2,3,5,0.4
KhbP,5,4,9,0.56
KhbS,1,3,4,0.25
Khbb,7,4,11,0.64
Khbl,1,0,1,1.0
Khbm,3,2,5,0.6
Khbn,1,3,4,0.25
Khbs,2,1,3,0.67
KhhB,1,1,2,0.5
KhhD,0,1,1,0.0
KhhK,1,0,1,1.0
KhhL,0,0,0,
KhhM,3,2,5,0.6
KhhN,0,1,1,0.0
KhhP,2,1,3,0.67
KhhS,0,4,4,0.0
Khhb,1,3,4,0.25
Khhh,1,0,1,1.0
Khhl,3,0,3,1.0
Khhm,0,0,0,
Khhn,1,1,2,0.5
KhlB,0,1,1,0.0
KhlH,1,0,1,1.0
KhlI,1,0,1,1.0
KhlJ,2,0,2,1.0
KhlM,0,2,2,0.0
KhlN,1,2,3,0.33
KhlP,1,4,5,0.2
KhlS,0,1,1,0.0
Khlb,2,2,4,0.5
Khll,1,2,3,0.33
Khln,3,1,4,0.75
KhmB,1,2,3,0.33
KhmD,0,1,1,0.0
KhmH,2,0,2,1.0
KhmJ,1,0,1,1.0
KhmK,0,1,1,0.0
KhmL,0,1,1,0.0
KhmM,3,1,4,0.75
KhmN,0,2,2,0.0
KhmP,0,2,2,0.0
KhmS,2,2,4,0.5
Khmb,2,2,4,0.5
Khml,1,0,1,1.0
Khmm,1,4,5,0.2
Khmn,1,1,2,0.5
KhnB,3,0,3,1.0
KhnI,0,0,0,
KhnK,0,2,2,0.0
KhnL,2,3,5,0.4
KhnM,0,2,2,0.0
KhnN,3,4,7,0.43
KhnP,1,2,3,0.33
KhnS,0,2,2,0.0
Khnb,2,2,4,0.5
Khnl,2,1,3,0.67
Khnm,2,2,4,0.5
Khnn,1,1,2,0.5
Khns,0,3,3,0.0
KhsB,0,3,3,0.0
KhsD,0,0,0,
KhsH,1,0,1,1.0
KhsL,1,1,2,0.5
KhsM,0,2,2,0.0
KhsN,1,0,1,1.0
KhsP,3,4,7,0.43
Khsb,0,1,1,0.0
Khsl,0,2,2,0.0
Khsm,2,1,3,0.67
Khsn,0,1,1,0.0
Khss,1,0,1,1.0
KlBB,0,0,0,
KlBL,1,0,1,1.0
KlBM,1,1,2,0.5
KlBN,3,1,4,0.75
KlBP,1,0,1,1.0
KlBb,2,1,3,0.67
KlBh,1,0,1,1.0
KlBl,0,1,1,0.0
KlBm,1,0,1,1.0
KlBn,0,1,1,0.0
KlBs,1,0,1,1.0
KlDB,1,1,2,0.5
KlDL,0,1,1,0.0
KlDM,1,0,1,1.0
KlHB,1,0,1,1.0
KlHD,1,0,1,1.0
KlHN,4,2,6,0.67
KlHP,1,1,2,0.5
KlHS,0,1,1,0.0
KlHb,1,0,1,1.0
KlHl,0,0,0,
KlHm,0,1,1,0.0
KlHn,0,0,0,
KlHs,1,0,1,1.0
KlIB,0,0,0,
KlIM,0,1,1,0.0
KlIl,1,0,1,1.0
KlIn,1,0,1,1.0
KlJB,0,1,1,0.0
KlJL,0,1,1,0.0
KlJh,1,0,1,1.0
KlJl,1,0,1,1.0
KlJm,0,1,1,0.0
KlJn,1,1,2,0.5
KlJs,0,0,0,
KlKn,2,0,2,1.0
KlKs,0,1,1,0.0
KlLB,1,1,2,0.5
KlLM,2,1,3,0.67
KlLN,1,1,2,0.5
KlLS,0,1,1,0.0
KlLb,0,1,1,0.0
KlLl,0,1,1,0.0
KlLm,2,0,2,1.0
KlLn,1,1,2,0.5
KlMB,0,2,2,0.0
KlMI,0,0,0,
KlML,1,0,1,1.0
KlMM,1,3,4,0.25
KlMN,0,2,2,0.0
KlMP,2,0,2,1.0
KlMS,0,0,0,
KlMb,4,0,4,1.0
KlMh,2,0,2,1.0
KlMl,2,1,3,0.67
KlMm,1,3,4,0.25
KlMn,3,1,4,0.75
KlMs,2,0,2,1.0
KlNB,1,1,2,0.5
KlND,0,1,1,0.0
KlNH,0,1,1,0.0
KlNK,0,1,1,0.0
KlNL,1,1,2,0.5
KlNM,2,3,5,0.4
KlNN,5,1,6,0.83
KlNP,4,1,5,0.8
KlNS,1,1,2,0.5
KlNT,0,2,2,0.0
KlNb,1,3,4,0.25
KlNh,0,1,1,0.0
KlNl,0,3,3,0.0
KlNm,1,0,1,1.0
KlNn,0,1,1,0.0
KlNs,2,0,2,1.0
KlPB,0,1,1,0.0
KlPH,0,1,1,0.0
KlPK,1,0,1,1.0
KlPM,1,1,2,0.5
KlPN,2,0,2,1.0
KlPP,1,2,3,0.33
KlPS,0,2,2,0.0
KlPT,1,0,1,1.0
KlPb,2,1,3,0.67
KlPl,2,2,4,0.5
KlPm,1,1,2,0.5
KlPn,2,2,4,0.5
KlSB,0,1,1,0.0
KlSH,1,0,1,1.0
KlSM,1,0,1,1.0
KlSN,1,2,3,0.33
KlSS,0,0,0,
KlSb,1,3,4,0.25
KlSl,0,1,1,0.0
KlSn,0,1,1,0.0
KlSs,2,2,4,0.5
KlbB,3,0,3,1.0
KlbI,0,0,0,
KlbK,0,0,0,
KlbM,1,0,1,1.0
KlbN,4,1,5,0.8
KlbP,1,3,4,0.25
KlbS,0,1,1,0.0
Klbb,3,2,5,0.6
Klbl,1,0,1,1.0
Klbm,1,0,1,1.0
Klbn,5,0,5,1.0
KllM,0,2,2,0.0
KllN,0,1,1,0.0
KllP,0,1,1,0.0
KllS,1,0,1,1.0
Kllb,1,0,1,1.0
Kllm,1,0,1,1.0
Klln,0,0,0,
Klls,0,1,1,0.0
KlmB,1,0,1,1.0
KlmH,1,0,1,1.0
KlmL,1,2,3,0.33
KlmM,1,1,2,0.5
KlmN,1,0,1,1.0
KlmP,3,2,5,0.6
KlmS,1,2,3,0.33
Klmb,1,0,1,1.0
Klml,2,0,2,1.0
Klmm,0,1,1,0.0
Klmn,2,1,3,0.67
Klms,1,0,1,1.0
KlnI,0,0,0,
KlnK,0,1,1,0.0
KlnL,2,0,2,1.0
KlnM,1,0,1,1.0
KlnN,5,1,6,0.83
KlnP,0,0,0,
KlnS,0,1,1,0.0
Klnb,0,2,2,0.0
Klnl,0,1,1,0.0
Klnm,1,0,1,1.0
Klnn,2,1,3,0.67
Klns,1,0,1,1.0
KlsB,2,1,3,0.67
KlsD,0,0,0,
KlsH,2,1,3,0.67
KlsI,0,0,0,
KlsM,0,1,1,0.0
KlsN,0,2,2,0.0
KlsP,3,1,4,0.75
KlsS,1,0,1,1.0
Klsb,1,1,2,0.5
Klsm,0,0,0,
Klsn,1,0,1,1.0
Klss,0,1,1,0.0
KmBB,3,0,3,1.0
KmBL,0,1,1,0.0
KmBM,3,2,5,0.6
KmBN,2,3,5,0.4
KmBP,1,1,2,0.5
KmBb,3,2,5,0.6
KmBj,2,2,4,0.5
KmBl,2,1,3,0.67
KmBm,1,1,2,0.5
KmBn,4,4,8,0.5
KmBs,1,2,3,0.33
KmDD,0,1,1,0.0
KmDH,1,0,1,1.0
KmDL,0,0,0,
KmDM,1,0,1,1.0
KmDP,1,1,2,0.5
KmDS,0,0,0,
KmDl,1,0,1,1.0
KmDm,1,1,2,0.5
KmDs,1,1,2,0.5
KmHB,1,0,1,1.0
KmHD,0,1,1,0.0
KmHK,0,1,1,0.0
KmHL,0,1,1,0.0
KmHM,4,2,6,0.67
KmHN,0,0,0,
KmHP,7,2,9,0.78
KmHS,2,0,2,1.0
KmHb,1,1,2,0.5
KmHh,1,2,3,0.33
KmHl,0,1,1,0.0
KmHm,1,1,2,0.5
KmHn,3,0,3,1.0
KmHs,2,1,3,0.67
KmIM,1,0,1,1.0
KmIN,1,0,1,1.0
KmIP,0,1,1,0.0
KmIn,0,0,0,
KmJB,0,1,1,0.0
KmJH,0,1,1,0.0
KmJL,1,0,1,1.0
KmJM,1,0,1,1.0
KmJN,0,1,1,0.0
KmJS,0,1,1,0.0
KmJb,1,0,1,1.0
KmLB,3,0,3,1.0
KmLD,0,1,1,0.0
KmLH,1,0,1,1.0
KmLL,1,0,1,1.0
KmLM,2,1,3,0.67
KmLP,3,0,3,1.0
KmLS,0,1,1,0.0
KmLT,0,1,1,0.0
KmLb,2,1,3,0.67
KmLh,0,0,0,
KmLl,0,1,1,0.0
KmLn,1,1,2,0.5
KmLs,2,0,2,1.0
KmMB,0,1,1,0.0
KmMD,0,0,0,
KmML,0,1,1,0.0
KmMM,5,8,13,0.38
KmMN,0,3,3,0.0
KmMP,6,1,7,0.86
KmMS,0,2,2,0.0
KmMb,3,3,6,0.5
KmMh,4,1,5,0.8
KmMj,2,1,3,0.67
KmMl,2,0,2,1.0
KmMm,2,5,7,0.29
KmMn,3,4,7,0.43
KmMs,1,1,2,0.5
KmNB,1,0,1,1.0
KmNH,0,2,2,0.0
KmNK,0,2,2,0.0
KmNL,2,1,3,0.67
KmNM,5,7,12,0.42
KmNN,1,1,2,0.5
KmNP,3,6,9,0.33
KmNS,2,4,6,0.33
KmNT,1,1,2,0.5
KmNb,0,1,1,0.0
KmNh,0,1,1,0.0
KmNl,2,1,3,0.67
KmNm,2,0,2,1.0
KmNn,1,5,6,0.17
KmNs,3,1,4,0.75
KmPB,4,1,5,0.8
KmPD,0,1,1,0.0
KmPH,1,0,1,1.0
KmPK,0,1,1,0.0
KmPL,1,1,2,0.5
KmPM,1,2,3,0.33
KmPN,10,5,15,0.67
KmPP,5,2,7,0.71
KmPS,1,1,2,0.5
KmPT,1,0,1,1.0
KmPb,2,2,4,0.5
KmPl,1,4,5,0.2
KmPm,4,0,4,1.0
KmPn,2,0,2,1.0
KmPs,1,0,1,1.0
KmSB,1,1,2,0.5
KmSD,1,0,1,1.0
KmSH,1,1,2,0.5
KmSL,2,0,2,1.0
KmSM,1,5,6,0.17
KmSN,0,2,2,0.0
KmSP,3,7,10,0.3
KmSS,0,5,5,0.0
KmSb,1,0,1,1.0
KmSh,1,1,2,0.5
KmSl,0,3,3,0.0
KmSm,2,3,5,0.4
KmSn,1,0,1,1.0
KmSs,1,2,3,0.33
KmbB,1,3,4,0.25
KmbD,1,0,1,1.0
KmbH,1,1,2,0.5
KmbL,0,2,2,0.0
KmbM,5,0,5,1.0
KmbN,3,4,7,0.43
KmbP,2,3,5,0.4
KmbS,0,3,3,0.0
Kmbb,2,3,5,0.4
Kmbl,0,3,3,0.0
Kmbm,3,5,8,0.38
Kmbn,2,2,4,0.5
Kmbs,0,1,1,0.0
KmhP,0,1,1,0.0
KmlB,0,1,1,0.0
KmlH,1,0,1,1.0
KmlL,0,5,5,0.0
KmlM,1,2,3,0.33
KmlN,1,1,2,0.5
KmlP,0,2,2,0.0
KmlS,1,0,1,1.0
Kmlb,1,0,1,1.0
Kmll,1,0,1,1.0
Kmlm,0,1,1,0.0
Kmln,2,0,2,1.0
Kmls,1,0,1,1.0
KmmB,3,3,6,0.5
KmmD,0,1,1,0.0
KmmH,3,4,7,0.43
KmmL,2,0,2,1.0
KmmM,1,3,4,0.25
KmmN,1,0,1,1.0
KmmP,1,4,5,0.2
KmmS,0,5,5,0.0
Kmmb,3,3,6,0.5
Kmml,1,1,2,0.5
Kmmm,0,3,3,0.0
Kmmn,3,3,6,0.5
Kmms,0,2,2,0.0
KmnB,1,0,1,1.0
KmnD,1,0,1,1.0
KmnI,0,1,1,0.0
KmnK,0,0,0,
KmnL,0,1,1,0.0
KmnM,1,2,3,0.33
KmnN,1,0,1,1.0
KmnP,2,4,6,0.33
KmnS,2,1,3,0.67
Kmnb,2,1,3,0.67
Kmnl,2,1,3,0.67
Kmnm,1,1,2,0.5
Kmnn,1,0,1,1.0
Kmns,2,1,3,0.67
KmsB,1,1,2,0.5
KmsD,0,1,1,0.0
KmsH,0,1,1,0.0
KmsM,1,5,6,0.17
KmsN,0,1,1,0.0
KmsP,1,3,4,0.25
KmsS,3,1,4,0.75
Kmsb,1,1,2,0.5
Kmsl,1,0,1,1.0
Kmsm,2,1,3,0.67
Kmsn,0,1,1,0.0
Kmss,1,1,2,0.5
KnBB,2,1,3,0.67
KnBK,0,1,1,0.0
KnBL,1,0,1,1.0
KnBM,2,1,3,0.67
KnBN,2,1,3,0.67
KnBP,0,3,3,0.0
KnBS,1,1,2,0.5
KnBT,0,1,1,0.0
KnBb,0,3,3,0.0
KnBj,1,0,1,1.0
KnBl,0,1,1,0.0
KnBm,2,1,3,0.67
KnBn,3,2,5,0.6
KnBs,0,1,1,0.0
KnDD,1,0,1,1.0
KnDM,0,1,1,0.0
KnDP,0,1,1,0.0
KnDS,1,0,1,1.0
KnDb,1,0,1,1.0
KnDl,0,1,1,0.0
KnDm,0,0,0,
KnHB,1,3,4,0.25
KnHM,2,1,3,0.67
KnHP,3,2,5,0.6
KnHS,0,1,1,0.0
KnHh,0,0,0,
KnHm,3,2,5,0.6
KnHn,3,3,6,0.5
KnID,0,0,0,
KnIM,1,1,2,0.5
KnIN,0,1,1,0.0
KnIP,1,0,1,1.0
KnIn,0,0,0,
KnKN,0,2,2,0.0
KnKS,1,0,1,1.0
KnKb,1,0,1,1.0
KnKh,0,1,1,0.0
KnKm,3,0,3,1.0
KnKn,0,1,1,0.0
KnLB,4,1,5,0.8
KnLL,1,0,1,1.0
KnLM,1,1,2,0.5
KnLP,1,1,2,0.5
KnLS,0,0,0,
KnLb,0,2,2,0.0
KnLl,1,0,1,1.0
KnLm,2,2,4,0.5
KnLn,1,0,1,1.0
KnLs,0,1,1,0.0
KnMB,2,2,4,0.5
KnMD,1,0,1,1.0
KnML,0,2,2,0.0
KnMM,2,2,4,0.5
KnMN,1,4,5,0.2
KnMP,5,3,8,0.62
KnMS,3,5,8,0.38
KnMT,1,1,2,0.5
KnMb,2,2,4,0.5
KnMh,2,5,7,0.29
KnMj,0,1,1,0.0
KnMl,2,1,3,0.67
KnMm,3,2,5,0.6
KnMn,2,2,4,0.5
KnMs,0,0,0,
KnNB,2,1,3,0.67
KnNH,0,1,1,0.0
KnNK,1,0,1,1.0
KnNL,2,0,2,1.0
KnNM,1,6,7,0.14
KnNN,2,1,3,0.67
KnNP,7,2,9,0.78
KnNS,1,3,4,0.25
KnNT,1,2,3,0.33
KnNb,3,4,7,0.43
KnNh,0,1,1,0.0
KnNl,4,1,5,0.8
KnNm,2,1,3,0.67
KnNn,6,2,8,0.75
KnNs,1,2,3,0.33
KnPB,1,2,3,0.33
KnPD,1,0,1,1.0
KnPH,0,1,1,0.0
KnPI,1,0,1,1.0
KnPK,1,0,1,1.0
KnPL,4,1,5,0.8
KnPM,2,3,5,0.4
KnPN,2,5,7,0.29
KnPP,6,6,12,0.5
KnPS,3,3,6,0.5
KnPT,1,0,1,1.0
KnPb,5,4,9,0.56
KnPl,2,1,3,0.67
KnPm,2,4,6,0.33
KnPn,1,1,2,0.5
KnPs,3,2,5,0.6
KnSB,0,1,1,0.0
KnSD,0,1,1,0.0
KnSH,1,0,1,1.0
KnSM,2,3,5,0.4
KnSN,2,1,3,0.67
KnSP,3,0,3,1.0
KnSS,2,6,8,0.25
KnSb,1,1,2,0.5
KnSh,1,3,4,0.25
KnSl,1,0,1,1.0
KnSm,0,3,3,0.0
KnSn,2,3,5,0.4
KnSs,1,3,4,0.25
KnbB,2,0,2,1.0
KnbH,1,0,1,1.0
KnbJ,4,0,4,1.0
KnbL,1,0,1,1.0
KnbM,1,2,3,0.33
KnbN,4,1,5,0.8
KnbP,3,4,7,0.43
KnbS,2,1,3,0.67
Knbb,1,4,5,0.2
Knbl,1,0,1,1.0
Knbm,2,1,3,0.67
Knbn,0,1,1,0.0
Knbs,1,1,2,0.5
Knhl,1,0,1,1.0
KnlB,1,0,1,1.0
KnlH,1,1,2,0.5
KnlL,1,2,3,0.33
KnlM,1,2,3,0.33
KnlN,0,2,2,0.0
KnlP,1,1,2,0.5
KnlS,1,0,1,1.0
Knlb,0,1,1,0.0
Knlm,1,0,1,1.0
KnmB,0,1,1,0.0
KnmD,1,0,1,1.0
KnmH,1,1,2,0.5
KnmJ,0,2,2,0.0
KnmL,2,0,2,1.0
KnmM,2,1,3,0.67
KnmN,2,1,3,0.67
KnmP,3,5,8,0.38
KnmS,0,0,0,
Knmb,1,3,4,0.25
Knml,2,0,2,1.0
Knmm,2,1,3,0.67
Knmn,1,0,1,1.0
Knms,3,0,3,1.0
KnnB,1,0,1,1.0
KnnH,1,2,3,0.33
KnnL,0,1,1,0.0
KnnM,1,7,8,0.12
KnnN,2,3,5,0.4
KnnP,3,4,7,0.43
KnnS,2,0,2,1.0
Knnb,1,1,2,0.5
Knnl,0,0,0,
Knnm,3,0,3,1.0
Knnn,3,2,5,0.6
Knns,1,1,2,0.5
KnsD,1,0,1,1.0
KnsH,2,1,3,0.67
KnsL,2,2,4,0.5
KnsM,2,2,4,0.5
KnsN,3,1,4,0.75
KnsP,2,3,5,0.4
KnsS,3,2,5,0.6
Knsb,1,3,4,0.25
Knsl,2,1,3,0.67
Knsm,2,3,5,0.4
Knsn,1,0,1,1.0
Knss,0,1,1,0.0
KsBB,1,1,2,0.5
KsBL,1,1,2,0.5
KsBM,0,1,1,0.0
KsBN,1,1,2,0.5
KsBP,2,1,3,0.67
KsBS,2,2,4,0.5
KsBb,2,0,2,1.0
KsBj,1,1,2,0.5
KsBl,1,0,1,1.0
KsBm,1,1,2,0.5
KsBn,3,1,4,0.75
KsBs,0,1,1,0.0
KsDM,1,1,2,0.5
KsDP,1,0,1,1.0
KsDS,0,0,0,
KsDb,1,1,2,0.5
KsDm,1,0,1,1.0
KsDn,0,1,1,0.0
KsDs,0,1,1,0.0
KsHB,1,1,2,0.5
KsHD,0,1,1,0.0
KsHH,1,0,1,1.0
KsHI,0,1,1,0.0
KsHL,0,2,2,0.0
KsHM,0,1,1,0.0
KsHN,2,2,4,0.5
KsHP,6,3,9,0.67
KsHS,2,0,2,1.0
KsHT,0,1,1,0.0
KsHb,2,2,4,0.5
KsHh,2,1,3,0.67
KsHl,1,1,2,0.5
KsHm,1,2,3,0.33
KsHn,0,2,2,0.0
KsHs,3,2,5,0.6
KsIB,1,0,1,1.0
KsIN,1,1,2,0.5
KsIP,1,1,2,0.5
KsIS,0,1,1,0.0
KsKM,1,0,1,1.0
KsKP,0,1,1,0.0
KsKb,1,0,1,1.0
KsLL,0,1,1,0.0
KsLM,1,3,4,0.25
KsLN,1,2,3,0.33
KsLP,1,0,1,1.0
KsLS,2,0,2,1.0
KsLb,0,2,2,0.0
KsLh,0,1,1,0.0
KsLl,0,1,1,0.0
KsLm,1,1,2,0.5
KsLn,1,1,2,0.5
KsMB,3,0,3,1.0
KsMD,0,1,1,0.0
KsMM,0,2,2,0.0
KsMN,4,2,6,0.67
KsMP,0,1,1,0.0
KsMS,3,1,4,0.75
KsMb,0,2,2,0.0
KsMh,1,3,4,0.25
KsMj,2,0,2,1.0
KsMl,1,0,1,1.0
KsMm,2,2,4,0.5
KsMn,3,3,6,0.5
KsMs,2,1,3,0.67
KsNB,0,1,1,0.0
KsNM,2,3,5,0.4
KsNN,1,0,1,1.0
KsNP,0,3,3,0.0
KsNS,3,2,5,0.6
KsNT,0,1,1,0.0
KsNb,3,2,5,0.6
KsNm,2,2,4,0.5
KsNn,4,0,4,1.0
KsNs,2,3,5,0.4
KsPB,0,1,1,0.0
KsPH,1,0,1,1.0
KsPI,0,1,1,0.0
KsPK,1,1,2,0.5
KsPL,0,4,4,0.0
KsPM,1,3,4,0.25
KsPN,4,4,8,0.5
KsPP,4,3,7,0.57
KsPS,3,4,7,0.43
KsPb,4,2,6,0.67
KsPh,1,0,1,1.0
KsPl,1,1,2,0.5
KsPm,2,2,4,0.5
KsPn,2,4,6,0.33
KsPs,0,1,1,0.0
KsSB,3,2,5,0.6
KsSD,1,0,1,1.0
KsSH,1,0,1,1.0
KsSL,3,0,3,1.0
KsSM,4,4,8,0.5
KsSN,1,0,1,1.0
KsSP,4,6,10,0.4
KsSS,2,4,6,0.33
KsST,0,1,1,0.0
KsSb,0,0,0,
KsSh,2,2,4,0.5
KsSl,2,0,2,1.0
KsSm,5,5,10,0.5
KsSn,5,3,8,0.62
KsSs,4,1,5,0.8
KsbB,1,3,4,0.25
KsbI,1,0,1,1.0
KsbJ,0,0,0,
KsbM,3,1,4,0.75
KsbN,5,0,5,1.0
KsbP,1,2,3,0.33
KsbS,1,1,2,0.5
Ksbb,4,0,4,1.0
Ksbn,7,3,10,0.7
Ksbs,3,1,4,0.75
KshB,0,1,1,0.0
Kshl,1,0,1,1.0
KslB,0,0,0,
KslH,1,0,1,1.0
KslK,1,0,1,1.0
KslL,0,1,1,0.0
KslM,0,0,0,
KslN,0,2,2,0.0
KslP,0,2,2,0.0
KslS,0,1,1,0.0
Kslb,0,4,4,0.0
Ksll,0,1,1,0.0
Kslm,0,2,2,0.0
Ksln,2,0,2,1.0
Ksls,0,1,1,0.0
KsmB,1,1,2,0.5
KsmD,0,1,1,0.0
KsmH,1,2,3,0.33
KsmJ,0,1,1,0.0
KsmL,1,0,1,1.0
KsmM,1,5,6,0.17
KsmN,1,3,4,0.25
KsmP,1,4,5,0.2
KsmS,2,3,5,0.4
Ksmb,0,0,0,
Ksmm,1,1,2,0.5
Ksmn,1,3,4,0.25
Ksms,1,0,1,1.0
KsnB,2,0,2,1.0
KsnD,0,0,0,
KsnI,0,1,1,0.0
KsnM,1,1,2,0.5
KsnN,7,1,8,0.88
KsnP,3,0,3,1.0
KsnS,2,3,5,0.4
Ksnb,2,0,2,1.0
Ksnm,1,1,2,0.5
Ksnn,1,2,3,0.33
Ksns,1,1,2,0.5
KssB,2,2,4,0.5
KssD,1,0,1,1.0
KssH,1,1,2,0.5
KssL,1,0,1,1.0
KssM,1,0,1,1.0
KssN,1,2,3,0.33
KssP,1,1,2,0.5
KssS,2,1,3,0.67
Kssb,3,0,3,1.0
Kssl,0,1,1,0.0
Kssm,3,0,3,1.0
Kssn,2,0,2,1.0
Ksss,3,2,5,0.6
LBBB,13,15,28,0.46
LBBD,1,0,1,1.0
LBBK,0,2,2,0.0
LBBL,4,5,9,0.44
LBBM,8,4,12,0.67
LBBN,11,17,28,0.39
LBBP,21,19,40,0.52
LBBS,4,3,7,0.57
LBBT,3,2,5,0.6
LBBb,18,12,30,0.6
LBBh,1,0,1,1.0
LBBj,4,3,7,0.57
LBBl,5,8,13,0.38
LBBm,18,8,26,0.69
LBBn,9,12,21,0.43
LBBs,5,5,10,0.5
LBDB,0,3,3,0.0
LBDH,2,0,2,1.0
LBDL,1,0,1,1.0
LBDM,3,1,4,0.75
LBDN,2,1,3,0.67
LBDP,1,1,2,0.5
LBDS,1,1,2,0.5
LBDb,1,2,3,0.33
LBDs,0,3,3,0.0
LBHH,1,0,1,1.0
LBHM,0,1,1,0.0
LBHP,0,0,0,
LBKN,0,2,2,0.0
LBKP,0,1,1,0.0
LBKS,0,1,1,0.0
LBKb,1,0,1,1.0
LBKh,0,0,0,
LBKm,1,1,2,0.5
LBKn,2,1,3,0.67
LBKs,0,0,0,
LBLB,3,4,7,0.43
LBLK,1,0,1,1.0
LBLL,1,1,2,0.5
LBLM,2,1,3,0.67
LBLN,2,4,6,0.33
LBLP,6,12,18,0.33
LBLS,2,1,3,0.67
LBLT,0,2,2,0.0
LBLb,5,4,9,0.56
LBLh,1,3,4,0.25
LBLj,2,3,5,0.4
LBLl,5,2,7,0.71
LBLm,3,3,6,0.5
LBLn,4,9,13,0.31
LBLs,1,1,2,0.5
LBMB,13,9,22,0.59
LBMD,1,0,1,1.0
LBMK,1,0,1,1.0
LBML,6,2,8,0.75
LBMM,7,9,16,0.44
LBMN,10,9,19,0.53
LBMP,11,21,32,0.34
LBMS,5,3,8,0.62
LBMT,1,2,3,0.33
LBMb,8,12,20,0.4
LBMh,6,4,10,0.6
LBMj,2,3,5,0.4
LBMl,4,4,8,0.5
LBMm,11,5,16,0.69
LBMn,15,13,28,0.54
LBMs,6,5,11,0.55
LBNB,10,13,23,0.43
LBND,1,1,2,0.5
LBNH,1,0,1,1.0
LBNK,1,2,3,0.33
LBNL,3,1,4,0.75
LBNM,9,5,14,0.64
LBNN,12,18,30,0.4
LBNP,23,24,47,0.49
LBNS,4,13,17,0.24
LBNT,2,3,5,0.4
LBNb,17,12,29,0.59
LBNh,2,4,6,0.33
LBNl,3,6,9,0.33
LBNm,7,10,17,0.41
LBNn,21,18,39,0.54
LBNs,7,9,16,0.44
LBPB,12,13,25,0.48
LBPD,1,2,3,0.33
LBPH,1,4,5,0.2
LBPK,1,0,1,1.0
LBPL,5,11,16,0.31
LBPM,13,23,36,0.36
LBPN,17,21,38,0.45
LBPP,35,25,60,0.58
LBPS,9,6,15,0.6
LBPT,3,2,5,0.6
LBPb,23,19,42,0.55
LBPh,2,2,4,0.5
LBPl,13,14,27,0.48
LBPm,17,14,31,0.55
LBPn,19,17,36,0.53
LBPs,9,6,15,0.6
LBSB,2,6,8,0.25
LBSD,0,4,4,0.0
LBSH,1,3,4,0.25
LBSL,2,2,4,0.5
LBSM,4,3,7,0.57
LBSN,5,7,12,0.42
LBSP,8,8,16,0.5
LBSS,5,2,7,0.71
LBST,1,0,1,1.0
LBSb,5,4,9,0.56
LBSh,3,3,6,0.5
LBSl,2,2,4,0.5
LBSm,5,5,10,0.5
LBSn,3,5,8,0.38
LBSs,7,5,12,0.58
LBTB,1,1,2,0.5
LBTH,1,1,2,0.5
LBTL,2,0,2,1.0
LBTM,2,0,2,1.0
LBTN,2,1,3,0.67
LBTP,3,6,9,0.33
LBTS,0,0,0,
LBTb,2,1,3,0.67
LBTl,0,1,1,0.0
LBTm,1,2,3,0.33
LBTn,1,1,2,0.5
LBTs,0,1,1,0.0
LBbB,13,20,33,0.39
LBbH,4,3,7,0.57
LBbI,4,3,7,0.57
LBbJ,1,1,2,0.5
LBbK,0,2,2,0.0
LBbL,7,4,11,0.64
LBbM,11,14,25,0.44
LBbN,19,21,40,0.48
LBbP,15,21,36,0.42
LBbS,12,10,22,0.55
LBbb,18,6,24,0.75
LBbl,8,5,13,0.62
LBbm,13,7,20,0.65
LBbn,8,11,19,0.42
LBbs,7,5,12,0.58
LBhB,0,1,1,0.0
LBhL,1,1,2,0.5
LBhM,0,1,1,0.0
LBhN,0,3,3,0.0
LBhP,2,1,3,0.67
LBhb,2,5,7,0.29
LBhh,0,1,1,0.0
LBhl,2,3,5,0.4
LBhm,3,2,5,0.6
LBhn,2,0,2,1.0
LBhs,2,2,4,0.5
LBjB,4,3,7,0.57
LBjH,0,1,1,0.0
LBjI,0,0,0,
LBjK,1,0,1,1.0
LBjL,3,1,4,0.75
LBjM,6,8,14,0.43
LBjN,4,3,7,0.57
LBjP,5,3,8,0.62
LBjS,3,0,3,1.0
LBjT,0,2,2,0.0
LBjb,5,2,7,0.71
LBjh,0,0,0,
LBjl,5,3,8,0.62
LBjm,7,2,9,0.78
LBjn,3,7,10,0.3
LBjs,3,2,5,0.6
LBlB,6,5,11,0.55
LBlD,0,1,1,0.0
LBlH,2,7,9,0.22
LBlI,1,0,1,1.0
LBlJ,2,0,2,1.0
LBlL,2,4,6,0.33
LBlM,1,7,8,0.12
LBlN,9,8,17,0.53
LBlP,7,5,12,0.58
LBlS,5,1,6,0.83
LBlb,3,6,9,0.33
LBll,1,1,2,0.5
LBlm,6,3,9,0.67
LBln,6,8,14,0.43
LBls,4,4,8,0.5
LBmB,7,5,12,0.58
LBmD,2,2,4,0.5
LBmH,6,10,16,0.38
LBmI,0,0,0,
LBmJ,3,5,8,0.38
LBmL,3,4,7,0.43
LBmM,8,14,22,0.36
LBmN,18,18,36,0.5
LBmP,16,14,30,0.53
LBmS,2,6,8,0.25
LBmb,16,8,24,0.67
LBml,4,3,7,0.57
LBmm,9,7,16,0.56
LBmn,14,13,27,0.52
LBms,7,3,10,0.7
LBnB,10,16,26,0.38
LBnD,0,2,2,0.0
LBnH,8,2,10,0.8
LBnI,1,2,3,0.33
LBnK,1,5,6,0.17
LBnL,6,4,10,0.6
LBnM,10,12,22,0.45
LBnN,21,17,38,0.55
LBnP,29,24,53,0.55
LBnS,6,9,15,0.4
LBnb,15,17,32,0.47
LBnh,0,0,0,
LBnl,8,9,17,0.47
LBnm,7,5,12,0.58
LBnn,20,23,43,0.47
LBns,6,11,17,0.35
LBsB,4,4,8,0.5
LBsD,2,0,2,1.0
LBsH,7,5,12,0.58
LBsI,0,1,1,0.0
LBsL,3,3,6,0.5
LBsM,4,4,8,0.5
LBsN,5,10,15,0.33
LBsP,6,8,14,0.43
LBsS,8,6,14,0.57
LBsb,7,3,10,0.7
LBsh,0,2,2,0.0
LBsl,3,3,6,0.5
LBsm,5,3,8,0.62
LBsn,2,7,9,0.22
LBss,3,1,4,0.75
LDBB,4,2,6,0.67
LDBD,1,1,2,0.5
LDBM,0,3,3,0.0
LDBN,2,1,3,0.67
LDBP,1,0,1,1.0
LDBS,1,2,3,0.33
LDBm,2,0,2,1.0
LDBn,1,2,3,0.33
LDBs,0,1,1,0.0
LDDB,1,0,1,1.0
LDDL,1,0,1,1.0
LDDN,0,1,1,0.0
LDDP,0,2,2,0.0
LDDb,0,0,0,
LDDn,1,0,1,1.0
LDHB,1,0,1,1.0
LDHH,1,1,2,0.5
LDHI,0,1,1,0.0
LDHL,0,1,1,0.0
LDHM,3,1,4,0.75
LDHN,0,0,0,
LDHP,0,6,6,0.0
LDHS,0,0,0,
LDHb,1,1,2,0.5
LDHh,1,0,1,1.0
LDHl,1,1,2,0.5
LDHm,5,4,9,0.56
LDHn,1,2,3,0.33
LDHs,2,1,3,0.67
LDIB,0,1,1,0.0
LDIM,0,1,1,0.0
LDLB,2,0,2,1.0
LDLL,2,2,4,0.5
LDLM,0,2,2,0.0
LDLN,1,1,2,0.5
LDLP,0,1,1,0.0
LDLl,1,0,1,1.0
LDLm,1,0,1,1.0
LDLn,2,0,2,1.0
LDLs,0,0,0,
LDMB,1,1,2,0.5
LDMD,0,0,0,
LDML,1,0,1,1.0
LDMM,2,0,2,1.0
LDMN,1,1,2,0.5
LDMP,1,1,2,0.5
LDMS,1,1,2,0.5
LDMb,1,1,2,0.5
LDMh,1,2,3,0.33
LDMl,0,1,1,0.0
LDMn,2,0,2,1.0
LDMs,4,1,5,0.8
LDND,0,1,1,0.0
LDNM,3,1,4,0.75
LDNN,0,0,0,
LDNP,0,1,1,0.0
LDNS,2,0,2,1.0
LDNT,1,0,1,1.0
LDNb,0,3,3,0.0
LDNl,0,1,1,0.0
LDNm,1,0,1,1.0
LDNn,0,1,1,0.0
LDNs,2,3,5,0.4
LDPB,3,0,3,1.0
LDPL,0,2,2,0.0
LDPM,3,2,5,0.6
LDPN,3,1,4,0.75
LDPP,2,2,4,0.5
LDPS,2,0,2,1.0
LDPT,2,0,2,1.0
LDPb,1,0,1,1.0
LDPl,1,0,1,1.0
LDPm,3,0,3,1.0
LDPn,1,1,2,0.5
LDPs,0,0,0,
LDSB,1,0,1,1.0
LDSD,1,0,1,1.0
LDSH,1,0,1,1.0
LDSI,1,0,1,1.0
LDSL,0,1,1,0.0
LDSM,1,2,3,0.33
LDSN,1,2,3,0.33
LDSP,0,1,1,0.0
LDSS,1,1,2,0.5
LDSb,2,0,2,1.0
LDSh,0,0,0,
LDSl,0,1,1,0.0
LDSm,1,1,2,0.5
LDSn,2,1,3,0.67
LDSs,1,1,2,0.5
LDTP,1,1,2,0.5
LDTT,1,0,1,1.0
LDTn,0,1,1,0.0
LDbB,2,0,2,1.0
LDbJ,2,0,2,1.0
LDbL,0,1,1,0.0
LDbM,0,1,1,0.0
LDbN,0,1,1,0.0
LDbP,1,2,3,0.33
LDbS,0,2,2,0.0
LDbb,1,0,1,1.0
LDbl,0,2,2,0.0
LDbm,1,1,2,0.5
LDhM,0,1,1,0.0
LDlB,0,1,1,0.0
LDlM,2,1,3,0.67
LDlN,1,0,1,1.0
LDlS,1,0,1,1.0
LDlm,2,1,3,0.67
LDln,1,0,1,1.0
LDls,1,0,1,1.0
LDmB,1,2,3,0.33
LDmD,1,0,1,1.0
LDmH,0,1,1,0.0
LDmJ,1,0,1,1.0
LDmL,1,0,1,1.0
LDmM,1,0,1,1.0
LDmN,2,1,3,0.67
LDmP,1,0,1,1.0
LDmS,3,1,4,0.75
LDmb,2,0,2,1.0
LDml,1,0,1,1.0
LDmm,2,0,2,1.0
LDmn,0,3,3,0.0
LDms,1,0,1,1.0
LDnH,1,0,1,1.0
LDnL,1,0,1,1.0
LDnM,0,1,1,0.0
LDnN,0,2,2,0.0
LDnP,2,3,5,0.4
LDnS,3,2,5,0.6
LDnb,1,0,1,1.0
LDnl,0,1,1,0.0
LDnm,1,0,1,1.0
LDnn,2,3,5,0.4
LDns,0,0,0,
LDsB,2,0,2,1.0
LDsL,1,0,1,1.0
LDsN,2,1,3,0.67
LDsP,1,1,2,0.5
LDsS,2,2,4,0.5
LDsb,0,0,0,
LDsm,1,1,2,0.5
LDsn,1,0,1,1.0
LDss,1,2,3,0.33
LHBM,1,0,1,1.0
LHBN,1,0,1,1.0
LHBl,0,1,1,0.0
LHKM,0,1,1,0.0
LHKS,0,1,1,0.0
LHLn,0,1,1,0.0
LHLs,1,0,1,1.0
LHML,0,0,0,
LHMN,0,1,1,0.0
LHMP,1,0,1,1.0
LHMS,1,0,1,1.0
LHMj,0,1,1,0.0
LHMl,1,0,1,1.0
LHMn,0,1,1,0.0
LHMs,1,0,1,1.0
LHNP,0,1,1,0.0
LHNm,2,0,2,1.0
LHNn,1,0,1,1.0
LHPB,0,1,1,0.0
LHPM,2,1,3,0.67
LHPN,1,0,1,1.0
LHPP,1,1,2,0.5
LHPb,0,1,1,0.0
LHPl,0,1,1,0.0
LHPn,0,2,2,0.0
LHSL,1,0,1,1.0
LHSM,1,0,1,1.0
LHSh,1,0,1,1.0
LHSm,2,0,2,1.0
LHSn,1,0,1,1.0
LHSs,0,0,0,
LHbD,1,0,1,1.0
LHbM,0,0,0,
LHbb,0,1,1,0.0
LHbm,0,1,1,0.0
LHhh,0,1,1,0.0
LHlN,1,0,1,1.0
LHmB,0,2,2,0.0
LHmJ,0,0,0,
LHmM,1,0,1,1.0
LHmb,0,1,1,0.0
LHmm,0,0,0,
LHmn,1,0,1,1.0
LHnP,0,2,2,0.0
LHnb,0,1,1,0.0
LHnm,1,0,1,1.0
LHsN,1,0,1,1.0
LHsP,0,1,1,0.0
LHsS,1,0,1,1.0
LHsm,0,1,1,0.0
LHsn,0,1,1,0.0
LHss,0,1,1,0.0
LIBB,0,1,1,0.0
LIBn,1,0,1,1.0
LIDl,0,1,1,0.0
LIHS,0,1,1,0.0
LIHm,1,0,1,1.0
LIMN,0,1,1,0.0
LKBB,1,0,1,1.0
LKBM,1,3,4,0.25
LKBP,2,1,3,0.67
LKBb,1,1,2,0.5
LKBj,0,0,0,
LKBm,2,1,3,0.67
LKBn,1,1,2,0.5
LKBs,1,1,2,0.5
LKHb,0,0,0,
LKHm,0,0,0,
LKHn,1,0,1,1.0
LKIm,1,0,1,1.0
LKLL,0,1,1,0.0
LKLP,1,0,1,1.0
LKLS,0,1,1,0.0
LKLn,0,1,1,0.0
LKLs,1,1,2,0.5
LKMB,1,1,2,0.5
LKMM,1,0,1,1.0
LKMP,0,1,1,0.0
LKMS,2,1,3,0.67
LKMb,2,1,3,0.67
LKMh,0,0,0,
LKMm,2,0,2,1.0
LKMn,2,0,2,1.0
LKNB,0,1,1,0.0
LKNL,0,1,1,0.0
LKNM,1,0,1,1.0
LKNN,0,1,1,0.0
LKNP,2,2,4,0.5
LKNS,0,2,2,0.0
LKNb,0,2,2,0.0
LKNh,0,1,1,0.0
LKNl,0,1,1,0.0
LKNm,1,1,2,0.5
LKPL,1,0,1,1.0
LKPM,0,0,0,
LKPN,1,1,2,0.5
LKPP,4,2,6,0.67
LKPS,2,1,3,0.67
LKPb,1,0,1,1.0
LKPl,1,0,1,1.0
LKPm,4,0,4,1.0
LKPn,1,0,1,1.0
LKPs,0,0,0,
LKSB,0,1,1,0.0
LKSM,2,0,2,1.0
LKSS,0,1,1,0.0
LKSb,0,2,2,0.0
LKSl,1,0,1,1.0
LKSn,0,2,2,0.0
LKTb,0,1,1,0.0
LKbL,0,1,1,0.0
LKbM,0,1,1,0.0
LKbN,0,3,3,0.0
LKbP,2,2,4,0.5
LKbS,0,0,0,
LKbl,2,1,3,0.67
LKbn,1,1,2,0.5
LKbs,0,1,1,0.0
LKhB,0,2,2,0.0
LKhN,2,1,3,0.67
LKhP,1,1,2,0.5
LKhS,0,0,0,
LKhb,0,1,1,0.0
LKhl,0,1,1,0.0
LKhm,0,1,1,0.0
LKhs,2,0,2,1.0
LKlH,0,0,0,
LKlM,1,0,1,1.0
LKlN,1,0,1,1.0
LKlP,0,2,2,0.0
LKlS,0,1,1,0.0
LKlb,1,0,1,1.0
LKlm,0,0,0,
LKls,0,1,1,0.0
LKmB,2,0,2,1.0
LKmD,0,1,1,0.0
LKmH,1,0,1,1.0
LKmL,0,1,1,0.0
LKmM,0,2,2,0.0
LKmN,1,0,1,1.0
LKmP,0,3,3,0.0
LKmS,0,0,0,
LKmb,1,2,3,0.33
LKmm,1,0,1,1.0
LKmn,1,0,1,1.0
LKms,0,2,2,0.0
LKnB,2,1,3,0.67
LKnD,1,0,1,1.0
LKnK,0,0,0,
LKnL,0,2,2,0.0
LKnM,0,1,1,0.0
LKnN,1,1,2,0.5
LKnP,0,3,3,0.0
LKnS,0,1,1,0.0
LKnb,1,1,2,0.5
LKnn,0,1,1,0.0
LKns,2,0,2,1.0
LKsB,0,1,1,0.0
LKsH,1,1,2,0.5
LKsI,0,0,0,
LKsL,0,1,1,0.0
LKsM,2,1,3,0.67
LKsN,0,2,2,0.0
LKsP,2,1,3,0.67
LKsS,0,0,0,
LKsm,2,0,2,1.0
LKsn,0,1,1,0.0
LLBB,4,7,11,0.36
LLBL,1,1,2,0.5
LLBM,6,6,12,0.5
LLBN,0,5,5,0.0
LLBP,9,8,17,0.53
LLBS,3,2,5,0.6
LLBb,9,8,17,0.53
LLBj,4,3,7,0.57
LLBl,3,3,6,0.5
LLBm,2,6,8,0.25
LLBn,10,10,20,0.5
LLBs,4,4,8,0.5
LLDH,0,0,0,
LLDL,1,0,1,1.0
LLDM,0,0,0,
LLDP,0,1,1,0.0
LLDb,0,0,0,
LLDm,1,0,1,1.0
LLDn,0,2,2,0.0
LLDs,0,0,0,
LLHK,1,0,1,1.0
LLHM,0,0,0,
LLHs,0,1,1,0.0
LLKB,2,1,3,0.67
LLKb,0,1,1,0.0
LLKh,1,0,1,1.0
LLKm,0,1,1,0.0
LLLB,1,5,6,0.17
LLLD,1,0,1,1.0
LLLK,0,1,1,0.0
LLLM,2,1,3,0.67
LLLN,3,0,3,1.0
LLLP,2,2,4,0.5
LLLS,1,0,1,1.0
LLLb,2,4,6,0.33
LLLh,0,1,1,0.0
LLLj,0,1,1,0.0
LLLl,0,3,3,0.0
LLLm,1,2,3,0.33
LLLn,0,1,1,0.0
LLLs,1,1,2,0.5
LLMB,3,1,4,0.75
LLMD,0,1,1,0.0
LLML,1,2,3,0.33
LLMM,4,4,8,0.5
LLMN,5,8,13,0.38
LLMP,8,4,12,0.67
LLMS,1,2,3,0.33
LLMT,1,1,2,0.5
LLMb,3,4,7,0.43
LLMh,4,5,9,0.44
LLMj,1,2,3,0.33
LLMl,2,3,5,0.4
LLMm,2,5,7,0.29
LLMn,5,6,11,0.45
LLMs,1,1,2,0.5
LLNB,6,3,9,0.67
LLNL,1,2,3,0.33
LLNM,2,3,5,0.4
LLNN,7,11,18,0.39
LLNP,4,7,11,0.36
LLNS,1,6,7,0.14
LLNT,0,1,1,0.0
LLNb,3,0,3,1.0
LLNh,2,3,5,0.4
LLNl,3,1,4,0.75
LLNm,5,3,8,0.62
LLNn,4,1,5,0.8
LLNs,2,6,8,0.25
LLPB,4,5,9,0.44
LLPD,1,0,1,1.0
LLPH,3,0,3,1.0
LLPK,0,0,0,
LLPL,1,3,4,0.25
LLPM,5,5,10,0.5
LLPN,9,10,19,0.47
LLPP,17,8,25,0.68
LLPS,7,3,10,0.7
LLPT,0,2,2,0.0
LLPb,7,9,16,0.44
LLPl,6,3,9,0.67
LLPm,4,4,8,0.5
LLPn,6,5,11,0.55
LLPs,5,5,10,0.5
LLSB,6,2,8,0.75
LLSD,0,0,0,
LLSH,2,1,3,0.67
LLSL,2,0,2,1.0
LLSM,3,3,6,0.5
LLSN,5,5,10,0.5
LLSP,2,4,6,0.33
LLSS,2,2,4,0.5
LLST,0,2,2,0.0
LLSb,3,7,10,0.3
LLSh,5,2,7,0.71
LLSl,2,3,5,0.4
LLSm,3,1,4,0.75
LLSn,5,2,7,0.71
LLSs,3,4,7,0.43
LLTH,0,2,2,0.0
LLTL,2,0,2,1.0
LLTM,3,0,3,1.0
LLTT,0,1,1,0.0
LLTb,0,1,1,0.0
LLTm,1,1,2,0.5
LLTn,2,0,2,1.0
LLTs,1,0,1,1.0
LLbB,3,7,10,0.3
LLbD,1,0,1,1.0
LLbH,1,1,2,0.5
LLbI,0,2,2,0.0
LLbJ,1,3,4,0.25
LLbK,0,1,1,0.0
LLbL,5,2,7,0.71
LLbM,2,6,8,0.25
LLbN,7,5,12,0.58
LLbP,10,9,19,0.53
LLbS,3,2,5,0.6
LLbb,3,3,6,0.5
LLbl,1,1,2,0.5
LLbm,9,4,13,0.69
LLbn,6,6,12,0.5
LLbs,5,4,9,0.56
LLhB,0,4,4,0.0
LLhH,1,2,3,0.33
LLhL,2,2,4,0.5
LLhM,2,2,4,0.5
LLhN,1,0,1,1.0
LLhP,4,5,9,0.44
LLhS,0,2,2,0.0
LLhb,2,3,5,0.4
LLhh,1,5,6,0.17
LLhl,2,1,3,0.67
LLhm,3,2,5,0.6
LLhn,1,2,3,0.33
LLhs,0,2,2,0.0
LLjB,2,2,4,0.5
LLjI,1,0,1,1.0
LLjL,2,0,2,1.0
LLjM,3,1,4,0.75
LLjN,2,3,5,0.4
LLjP,3,6,9,0.33
LLjS,2,4,6,0.33
LLjT,0,1,1,0.0
LLjb,1,3,4,0.25
LLjh,0,1,1,0.0
LLjl,1,0,1,1.0
LLjn,3,3,6,0.5
LLjs,2,3,5,0.4
LLlB,0,3,3,0.0
LLlH,3,1,4,0.75
LLlI,1,1,2,0.5
LLlL,2,3,5,0.4
LLlM,1,0,1,1.0
LLlN,5,1,6,0.83
LLlP,6,6,12,0.5
LLlS,1,1,2,0.5
LLlb,0,2,2,0.0
LLll,1,1,2,0.5
LLlm,1,4,5,0.2
LLln,1,3,4,0.25
LLls,3,1,4,0.75
LLmB,10,6,16,0.62
LLmD,3,0,3,1.0
LLmH,3,8,11,0.27
LLmI,0,2,2,0.0
LLmJ,2,1,3,0.67
LLmL,2,2,4,0.5
LLmM,5,6,11,0.45
LLmN,7,3,10,0.7
LLmP,5,7,12,0.42
LLmS,1,3,4,0.25
LLmb,8,2,10,0.8
LLml,3,1,4,0.75
LLmm,4,1,5,0.8
LLmn,6,4,10,0.6
LLms,3,6,9,0.33
LLnB,4,4,8,0.5
LLnD,0,1,1,0.0
LLnH,0,1,1,0.0
LLnI,0,2,2,0.0
LLnL,2,4,6,0.33
LLnM,7,14,21,0.33
LLnN,10,11,21,0.48
LLnP,16,12,28,0.57
LLnS,6,11,17,0.35
LLnb,4,1,5,0.8
LLnh,0,1,1,0.0
LLnl,3,5,8,0.38
LLnm,7,5,12,0.58
LLnn,9,9,18,0.5
LLns,6,3,9,0.67
LLsB,2,5,7,0.29
LLsH,2,2,4,0.5
LLsL,3,0,3,1.0
LLsM,3,2,5,0.6
LLsN,3,4,7,0.43
LLsP,7,5,12,0.58
LLsS,4,4,8,0.5
LLsb,2,2,4,0.5
LLsh,0,1,1,0.0
LLsl,3,1,4,0.75
LLsm,1,3,4,0.25
LLsn,2,5,7,0.29
LLss,3,2,5,0.6
LMBB,23,11,34,0.68
LMBD,3,1,4,0.75
LMBL,5,7,12,0.42
LMBM,6,11,17,0.35
LMBN,17,23,40,0.42
LMBP,19,18,37,0.51
LMBS,7,8,15,0.47
LMBT,0,4,4,0.0
LMBb,13,14,27,0.48
LMBh,0,1,1,0.0
LMBj,5,4,9,0.56
LMBl,1,6,7,0.14
LMBm,8,9,17,0.47
LMBn,14,17,31,0.45
LMBs,2,5,7,0.29
LMDB,0,1,1,0.0
LMDD,0,1,1,0.0
LMDL,0,1,1,0.0
LMDM,2,1,3,0.67
LMDN,2,0,2,1.0
LMDP,1,0,1,1.0
LMDS,0,0,0,
LMDT,0,0,0,
LMDb,1,0,1,1.0
LMDl,0,0,0,
LMDm,3,2,5,0.6
LMDn,1,3,4,0.25
LMDs,1,1,2,0.5
LMKM,0,1,1,0.0
LMKN,0,0,0,
LMKP,1,0,1,1.0
LMKS,0,1,1,0.0
LMLB,1,3,4,0.25
LMLD,3,0,3,1.0
LMLH,0,0,0,
LMLL,1,0,1,1.0
LMLM,6,2,8,0.75
LMLN,6,5,11,0.55
LMLP,5,3,8,0.62
LMLS,5,3,8,0.62
LMLT,1,0,1,1.0
LMLb,4,11,15,0.27
LMLh,1,1,2,0.5
LMLj,2,2,4,0.5
LMLl,5,1,6,0.83
LMLm,7,5,12,0.58
LMLn,5,4,9,0.56
LMLs,5,2,7,0.71
LMMB,10,6,16,0.62
LMMD,0,3,3,0.0
LMMH,0,1,1,0.0
LMMK,1,0,1,1.0
LMML,3,2,5,0.6
LMMM,6,16,22,0.27
LMMN,14,11,25,0.56
LMMP,12,20,32,0.38
LMMS,5,5,10,0.5
LMMT,1,1,2,0.5
LMMb,13,16,29,0.45
LMMh,1,10,11,0.09
LMMj,2,3,5,0.4
LMMl,2,5,7,0.29
LMMm,17,9,26,0.65
LMMn,15,20,35,0.43
LMMs,5,8,13,0.38
LMNB,6,11,17,0.35
LMND,2,1,3,0.67
LMNH,1,1,2,0.5
LMNK,2,1,3,0.67
LMNL,4,7,11,0.36
LMNM,12,14,26,0.46
LMNN,13,14,27,0.48
LMNP,13,18,31,0.42
LMNS,6,6,12,0.5
LMNT,2,5,7,0.29
LMNb,9,13,22,0.41
LMNh,3,1,4,0.75
LMNl,3,8,11,0.27
LMNm,12,9,21,0.57
LMNn,12,21,33,0.36
LMNs,4,5,9,0.44
LMPB,19,11,30,0.63
LMPH,7,5,12,0.58
LMPI,4,0,4,1.0
LMPK,0,2,2,0.0
LMPL,7,6,13,0.54
LMPM,20,12,32,0.62
LMPN,18,14,32,0.56
LMPP,34,28,62,0.55
LMPS,6,11,17,0.35
LMPT,3,2,5,0.6
LMPb,21,22,43,0.49
LMPh,2,3,5,0.4
LMPl,5,9,14,0.36
LMPm,20,13,33,0.61
LMPn,19,19,38,0.5
LMPs,15,12,27,0.56
LMSB,3,6,9,0.33
LMSD,1,0,1,1.0
LMSH,2,2,4,0.5
LMSI,1,0,1,1.0
LMSK,0,1,1,0.0
LMSL,2,2,4,0.5
LMSM,9,4,13,0.69
LMSN,7,5,12,0.58
LMSP,9,9,18,0.5
LMSS,6,6,12,0.5
LMST,2,0,2,1.0
LMSb,3,4,7,0.43
LMSh,3,2,5,0.6
LMSl,4,1,5,0.8
LMSm,4,3,7,0.57
LMSn,9,8,17,0.53
LMSs,6,9,15,0.4
LMTB,2,1,3,0.67
LMTH,0,1,1,0.0
LMTM,1,0,1,1.0
LMTN,2,0,2,1.0
LMTP,2,7,9,0.22
LMTS,1,0,1,1.0
LMTb,4,1,5,0.8
LMTh,1,0,1,1.0
LMTm,0,0,0,
LMTn,2,2,4,0.5
LMTs,1,2,3,0.33
LMbB,15,15,30,0.5
LMbD,1,2,3,0.33
LMbH,4,7,11,0.36
LMbI,4,1,5,0.8
LMbJ,5,3,8,0.62
LMbK,2,1,3,0.67
LMbL,6,4,10,0.6
LMbM,14,15,29,0.48
LMbN,27,22,49,0.55
LMbP,15,14,29,0.52
LMbS,9,8,17,0.53
LMbb,20,11,31,0.65
LMbl,7,2,9,0.78
LMbm,17,12,29,0.59
LMbn,8,19,27,0.3
LMbs,6,10,16,0.38
LMhB,7,8,15,0.47
LMhD,0,1,1,0.0
LMhH,1,1,2,0.5
LMhI,0,1,1,0.0
LMhK,1,0,1,1.0
LMhL,4,3,7,0.57
LMhM,6,7,13,0.46
LMhN,7,8,15,0.47
LMhP,16,18,34,0.47
LMhS,4,7,11,0.36
LMhT,1,1,2,0.5
LMhb,12,11,23,0.52
LMhh,9,10,19,0.47
LMhl,5,9,14,0.36
LMhm,12,8,20,0.6
LMhn,10,8,18,0.56
LMhs,9,10,19,0.47
LMjB,2,4,6,0.33
LMjH,1,2,3,0.33
LMjK,1,0,1,1.0
LMjL,0,0,0,
LMjM,4,4,8,0.5
LMjN,3,2,5,0.6
LMjP,7,6,13,0.54
LMjS,3,2,5,0.6
LMjT,3,1,4,0.75
LMjb,9,2,11,0.82
LMjl,5,0,5,1.0
LMjm,2,3,5,0.4
LMjn,2,2,4,0.5
LMjs,1,1,2,0.5
LMlB,6,0,6,1.0
LMlD,0,1,1,0.0
LMlH,7,2,9,0.78
LMlI,0,0,0,
LMlJ,0,0,0,
LMlL,1,2,3,0.33
LMlM,6,2,8,0.75
LMlN,6,7,13,0.46
LMlP,7,9,16,0.44
LMlS,8,7,15,0.53
LMlb,3,3,6,0.5
LMll,5,3,8,0.62
LMlm,5,5,10,0.5
LMln,2,7,9,0.22
LMls,3,1,4,0.75
LMmB,9,8,17,0.53
LMmD,3,4,7,0.43
LMmH,7,11,18,0.39
LMmI,1,1,2,0.5
LMmJ,2,4,6,0.33
LMmL,3,4,7,0.43
LMmM,11,14,25,0.44
LMmN,9,11,20,0.45
LMmP,17,18,35,0.49
LMmS,11,7,18,0.61
LMmb,4,9,13,0.31
LMml,4,2,6,0.67
LMmm,19,10,29,0.66
LMmn,17,14,31,0.55
LMms,2,5,7,0.29
LMnB,16,18,34,0.47
LMnD,1,4,5,0.2
LMnH,8,8,16,0.5
LMnI,4,2,6,0.67
LMnK,1,5,6,0.17
LMnL,8,3,11,0.73
LMnM,11,26,37,0.3
LMnN,31,27,58,0.53
LMnP,24,26,50,0.48
LMnS,10,14,24,0.42
LMnb,23,14,37,0.62
LMnh,1,0,1,1.0
LMnl,4,8,12,0.33
LMnm,16,12,28,0.57
LMnn,21,14,35,0.6
LMns,16,11,27,0.59
LMsB,10,3,13,0.77
LMsD,0,1,1,0.0
LMsH,7,6,13,0.54
LMsI,2,1,3,0.67
LMsK,0,1,1,0.0
LMsL,1,2,3,0.33
LMsM,5,5,10,0.5
LMsN,10,14,24,0.42
LMsP,11,17,28,0.39
LMsS,3,13,16,0.19
LMsb,7,3,10,0.7
LMsh,0,1,1,0.0
LMsl,2,1,3,0.67
LMsm,8,9,17,0.47
LMsn,8,6,14,0.57
LMss,7,10,17,0.41
LNBB,14,11,25,0.56
LNBK,1,0,1,1.0
LNBL,1,6,7,0.14
LNBM,11,8,19,0.58
LNBN,14,22,36,0.39
LNBP,17,22,39,0.44
LNBS,8,5,13,0.62
LNBT,0,1,1,0.0
LNBb,15,9,24,0.62
LNBh,2,0,2,1.0
LNBj,4,2,6,0.67
LNBl,3,3,6,0.5
LNBm,13,2,15,0.87
LNBn,16,21,37,0.43
LNBs,4,6,10,0.4
LNDB,0,3,3,0.0
LNDD,0,0,0,
LNDH,1,3,4,0.25
LNDM,3,2,5,0.6
LNDN,1,1,2,0.5
LNDP,3,1,4,0.75
LNDS,0,2,2,0.0
LNDT,1,0,1,1.0
LNDl,1,1,2,0.5
LNDm,3,2,5,0.6
LNDn,1,2,3,0.33
LNDs,0,0,0,
LNHB,1,1,2,0.5
LNHI,0,0,0,
LNHL,0,1,1,0.0
LNHM,2,1,3,0.67
LNHN,4,2,6,0.67
LNHP,2,6,8,0.25
LNHS,0,0,0,
LNHb,2,1,3,0.67
LNHh,1,0,1,1.0
LNHl,2,0,2,1.0
LNHm,0,1,1,0.0
LNHn,2,3,5,0.4
LNHs,0,2,2,0.0
LNIM,1,0,1,1.0
LNKB,1,2,3,0.33
LNKH,1,0,1,1.0
LNKM,0,1,1,0.0
LNKN,2,0,2,1.0
LNKP,0,1,1,0.0
LNKS,0,1,1,0.0
LNKb,2,1,3,0.67
LNKh,0,0,0,
LNKl,1,0,1,1.0
LNKm,1,0,1,1.0
LNKn,1,0,1,1.0
LNKs,2,0,2,1.0
LNLB,6,4,10,0.6
LNLD,0,0,0,
LNLK,1,0,1,1.0
LNLL,2,1,3,0.67
LNLM,2,6,8,0.25
LNLN,2,3,5,0.4
LNLP,10,8,18,0.56
LNLS,3,3,6,0.5
LNLT,0,2,2,0.0
LNLb,2,5,7,0.29
LNLh,1,1,2,0.5
LNLj,1,1,2,0.5
LNLl,3,3,6,0.5
LNLm,4,4,8,0.5
LNLn,9,11,20,0.45
LNLs,4,1,5,0.8
LNMB,11,10,21,0.52
LNMD,0,2,2,0.0
LNML,4,7,11,0.36
LNMM,10,13,23,0.43
LNMN,10,8,18,0.56
LNMP,17,16,33,0.52
LNMS,6,4,10,0.6
LNMb,13,16,29,0.45
LNMh,4,6,10,0.4
LNMj,3,3,6,0.5
LNMl,3,1,4,0.75
LNMm,6,9,15,0.4
LNMn,20,18,38,0.53
LNMs,2,6,8,0.25
LNNB,8,14,22,0.36
LNND,2,0,2,1.0
LNNH,2,4,6,0.33
LNNK,1,0,1,1.0
LNNL,7,4,11,0.64
LNNM,6,14,20,0.3
LNNN,23,26,49,0.47
LNNP,22,21,43,0.51
LNNS,13,8,21,0.62
LNNb,16,15,31,0.52
LNNh,5,8,13,0.38
LNNl,4,11,15,0.27
LNNm,12,6,18,0.67
LNNn,20,18,38,0.53
LNNs,9,16,25,0.36
LNPB,16,13,29,0.55
LNPD,1,1,2,0.5
LNPH,1,4,5,0.2
LNPI,0,2,2,0.0
LNPK,0,2,2,0.0
LNPL,11,7,18,0.61
LNPM,19,21,40,0.48
LNPN,21,17,38,0.55
LNPP,22,37,59,0.37
LNPS,14,15,29,0.48
LNPT,1,2,3,0.33
LNPb,11,19,30,0.37
LNPh,3,3,6,0.5
LNPl,19,7,26,0.73
LNPm,15,19,34,0.44
LNPn,23,26,49,0.47
LNPs,10,16,26,0.38
LNSB,7,5,12,0.58
LNSD,2,0,2,1.0
LNSH,1,2,3,0.33
LNSK,1,1,2,0.5
LNSL,5,5,10,0.5
LNSM,6,7,13,0.46
LNSN,12,11,23,0.52
LNSP,18,17,35,0.51
LNSS,12,5,17,0.71
LNST,1,2,3,0.33
LNSb,7,4,11,0.64
LNSh,6,4,10,0.6
LNSl,2,4,6,0.33
LNSm,13,6,19,0.68
LNSn,9,13,22,0.41
LNSs,4,5,9,0.44
LNTH,0,0,0,
LNTK,1,0,1,1.0
LNTL,1,0,1,1.0
LNTM,5,0,5,1.0
LNTN,4,5,9,0.44
LNTP,3,6,9,0.33
LNTS,0,3,3,0.0
LNTb,4,4,8,0.5
LNTl,3,0,3,1.0
LNTm,2,2,4,0.5
LNTn,2,3,5,0.4
LNTs,3,1,4,0.75
LNbB,8,10,18,0.44
LNbH,2,4,6,0.33
LNbI,0,1,1,0.0
LNbJ,1,2,3,0.33
LNbK,1,0,1,1.0
LNbL,3,6,9,0.33
LNbM,11,11,22,0.5
LNbN,18,17,35,0.51
LNbP,22,17,39,0.56
LNbS,11,10,21,0.52
LNbb,9,13,22,0.41
LNbl,4,4,8,0.5
LNbm,7,6,13,0.54
LNbn,15,10,25,0.6
LNbs,5,8,13,0.38
LNhB,3,2,5,0.6
LNhD,1,0,1,1.0
LNhH,0,2,2,0.0
LNhI,0,0,0,
LNhL,0,3,3,0.0
LNhM,1,3,4,0.25
LNhN,2,9,11,0.18
LNhP,9,6,15,0.6
LNhS,7,4,11,0.64
LNhb,4,3,7,0.57
LNhh,5,4,9,0.56
LNhl,3,4,7,0.43
LNhm,4,4,8,0.5
LNhn,7,7,14,0.5
LNhs,5,4,9,0.56
LNlB,12,2,14,0.86
LNlD,1,0,1,1.0
LNlH,4,4,8,0.5
LNlI,0,1,1,0.0
LNlJ,1,1,2,0.5
LNlK,0,1,1,0.0
LNlL,2,5,7,0.29
LNlM,5,5,10,0.5
LNlN,6,9,15,0.4
LNlP,5,7,12,0.42
LNlS,6,5,11,0.55
LNlb,4,3,7,0.57
LNll,3,4,7,0.43
LNlm,2,2,4,0.5
LNln,3,2,5,0.6
LNls,2,3,5,0.4
LNmB,8,11,19,0.42
LNmD,1,1,2,0.5
LNmH,14,9,23,0.61
LNmI,1,0,1,1.0
LNmJ,2,3,5,0.4
LNmL,9,5,14,0.64
LNmM,7,13,20,0.35
LNmN,15,18,33,0.45
LNmP,19,8,27,0.7
LNmS,9,5,14,0.64
LNmb,11,12,23,0.48
LNml,4,1,5,0.8
LNmm,9,3,12,0.75
LNmn,9,10,19,0.47
LNms,11,6,17,0.65
LNnB,9,8,17,0.53
LNnD,1,5,6,0.17
LNnH,7,14,21,0.33
LNnI,2,2,4,0.5
LNnL,6,5,11,0.55
LNnM,19,10,29,0.66
LNnN,19,29,48,0.4
LNnP,17,36,53,0.32
LNnS,9,16,25,0.36
LNnT,1,0,1,1.0
LNnb,11,12,23,0.48
LNnh,1,0,1,1.0
LNnl,12,9,21,0.57
LNnm,16,11,27,0.59
LNnn,17,19,36,0.47
LNns,9,9,18,0.5
LNsB,6,5,11,0.55
LNsD,1,0,1,1.0
LNsH,6,15,21,0.29
LNsI,2,1,3,0.67
LNsK,1,0,1,1.0
LNsL,5,6,11,0.45
LNsM,4,9,13,0.31
LNsN,8,9,17,0.47
LNsP,15,18,33,0.45
LNsS,2,9,11,0.18
LNsb,4,3,7,0.57
LNsl,3,4,7,0.43
LNsm,10,7,17,0.59
LNsn,17,5,22,0.77
LNss,7,5,12,0.58
LPBB,15,14,29,0.52
LPBK,1,0,1,1.0
LPBL,3,5,8,0.38
LPBM,15,16,31,0.48
LPBN,9,17,26,0.35
LPBP,19,18,37,0.51
LPBS,7,9,16,0.44
LPBT,3,3,6,0.5
LPBb,18,18,36,0.5
LPBh,0,2,2,0.0
LPBj,6,6,12,0.5
LPBl,5,4,9,0.56
LPBm,11,7,18,0.61
LPBn,22,17,39,0.56
LPBs,4,6,10,0.4
LPDB,1,1,2,0.5
LPDD,1,1,2,0.5
LPDL,1,0,1,1.0
LPDM,1,0,1,1.0
LPDN,2,0,2,1.0
LPDP,2,3,5,0.4
LPDS,0,1,1,0.0
LPDT,0,0,0,
LPDb,4,3,7,0.57
LPDm,0,1,1,0.0
LPDn,0,0,0,
LPDs,2,1,3,0.67
LPHB,4,4,8,0.5
LPHD,0,2,2,0.0
LPHH,1,0,1,1.0
LPHI,1,0,1,1.0
LPHK,2,0,2,1.0
LPHL,3,2,5,0.6
LPHM,2,6,8,0.25
LPHN,5,6,11,0.45
LPHP,7,7,14,0.5
LPHS,3,4,7,0.43
LPHT,0,1,1,0.0
LPHb,1,4,5,0.2
LPHh,0,3,3,0.0
LPHl,7,0,7,1.0
LPHm,2,2,4,0.5
LPHn,4,8,12,0.33
LPHs,8,4,12,0.67
LPIB,2,1,3,0.67
LPIH,1,0,1,1.0
LPIM,3,1,4,0.75
LPIN,2,3,5,0.4
LPIS,2,1,3,0.67
LPIT,0,0,0,
LPIb,1,1,2,0.5
LPIl,0,1,1,0.0
LPIm,2,2,4,0.5
LPIn,0,1,1,0.0
LPIs,2,1,3,0.67
LPKB,0,2,2,0.0
LPKL,1,1,2,0.5
LPKM,0,1,1,0.0
LPKN,1,2,3,0.33
LPKP,3,1,4,0.75
LPKS,1,3,4,0.25
LPKb,0,2,2,0.0
LPKh,2,1,3,0.67
LPKl,0,0,0,
LPKm,3,1,4,0.75
LPKn,0,1,1,0.0
LPKs,2,3,5,0.4
LPLB,6,7,13,0.46
LPLD,0,1,1,0.0
LPLL,2,8,10,0.2
LPLM,8,8,16,0.5
LPLN,3,11,14,0.21
LPLP,11,10,21,0.52
LPLS,5,12,17,0.29
LPLT,2,2,4,0.5
LPLb,11,9,20,0.55
LPLh,4,3,7,0.57
LPLj,2,6,8,0.25
LPLl,6,5,11,0.55
LPLm,8,6,14,0.57
LPLn,9,16,25,0.36
LPLs,6,8,14,0.43
LPMB,8,21,29,0.28
LPMD,0,2,2,0.0
LPMH,1,1,2,0.5
LPML,8,3,11,0.73
LPMM,15,25,40,0.38
LPMN,15,11,26,0.58
LPMP,19,22,41,0.46
LPMS,5,7,12,0.42
LPMT,1,0,1,1.0
LPMb,19,17,36,0.53
LPMh,12,18,30,0.4
LPMj,5,5,10,0.5
LPMl,11,11,22,0.5
LPMm,14,11,25,0.56
LPMn,21,25,46,0.46
LPMs,17,9,26,0.65
LPNB,18,16,34,0.53
LPND,3,1,4,0.75
LPNH,3,4,7,0.43
LPNK,0,1,1,0.0
LPNL,7,9,16,0.44
LPNM,15,27,42,0.36
LPNN,15,17,32,0.47
LPNP,34,33,67,0.51
LPNS,13,14,27,0.48
LPNT,3,3,6,0.5
LPNb,18,16,34,0.53
LPNh,4,10,14,0.29
LPNl,10,4,14,0.71
LPNm,23,22,45,0.51
LPNn,25,27,52,0.48
LPNs,7,10,17,0.41
LPPB,15,28,43,0.35
LPPD,4,2,6,0.67
LPPH,0,3,3,0.0
LPPI,3,0,3,1.0
LPPK,5,1,6,0.83
LPPL,25,23,48,0.52
LPPM,26,41,67,0.39
LPPN,17,24,41,0.41
LPPP,55,53,108,0.51
LPPS,21,18,39,0.54
LPPT,3,2,5,0.6
LPPb,32,28,60,0.53
LPPh,6,5,11,0.55
LPPl,21,16,37,0.57
LPPm,29,31,60,0.48
LPPn,19,26,45,0.42
LPPs,21,22,43,0.49
LPSB,12,3,15,0.8
LPSD,2,1,3,0.67
LPSH,1,4,5,0.2
LPSL,9,4,13,0.69
LPSM,8,11,19,0.42
LPSN,9,12,21,0.43
LPSP,27,11,38,0.71
LPSS,13,20,33,0.39
LPST,4,5,9,0.44
LPSb,12,11,23,0.52
LPSh,6,8,14,0.43
LPSl,10,9,19,0.53
LPSm,10,7,17,0.59
LPSn,15,17,32,0.47
LPSs,15,7,22,0.68
LPTB,2,1,3,0.67
LPTD,0,1,1,0.0
LPTH,1,1,2,0.5
LPTL,1,0,1,1.0
LPTM,2,1,3,0.67
LPTN,2,1,3,0.67
LPTP,4,4,8,0.5
LPTS,1,1,2,0.5
LPTT,1,0,1,1.0
LPTb,2,1,3,0.67
LPTl,1,0,1,1.0
LPTm,0,1,1,0.0
LPTn,0,2,2,0.0
LPTs,1,1,2,0.5
LPbB,18,15,33,0.55
LPbD,0,2,2,0.0
LPbH,9,8,17,0.53
LPbI,3,1,4,0.75
LPbJ,7,3,10,0.7
LPbK,0,3,3,0.0
LPbL,12,3,15,0.8
LPbM,22,22,44,0.5
LPbN,17,18,35,0.49
LPbP,30,23,53,0.57
LPbS,13,12,25,0.52
LPbb,22,19,41,0.54
LPbl,8,6,14,0.57
LPbm,12,11,23,0.52
LPbn,13,13,26,0.5
LPbs,9,11,20,0.45
LPhB,0,2,2,0.0
LPhH,0,2,2,0.0
LPhL,1,1,2,0.5
LPhM,0,3,3,0.0
LPhN,2,0,2,1.0
LPhP,1,2,3,0.33
LPhS,0,3,3,0.0
LPhb,1,3,4,0.25
LPhh,2,1,3,0.67
LPhl,1,1,2,0.5
LPhm,0,1,1,0.0
LPhn,2,3,5,0.4
LPhs,1,1,2,0.5
LPlB,11,6,17,0.65
LPlD,0,1,1,0.0
LPlH,9,7,16,0.56
LPlI,1,3,4,0.25
LPlJ,5,1,6,0.83
LPlL,11,8,19,0.58
LPlM,10,11,21,0.48
LPlN,7,18,25,0.28
LPlP,9,20,29,0.31
LPlS,7,9,16,0.44
LPlb,6,5,11,0.55
LPll,9,4,13,0.69
LPlm,9,4,13,0.69
LPln,6,9,15,0.4
LPls,10,8,18,0.56
LPmB,14,17,31,0.45
LPmD,0,2,2,0.0
LPmH,17,8,25,0.68
LPmI,1,2,3,0.33
LPmJ,2,6,8,0.25
LPmL,5,12,17,0.29
LPmM,17,11,28,0.61
LPmN,20,23,43,0.47
LPmP,24,21,45,0.53
LPmS,15,9,24,0.62
LPmb,13,16,29,0.45
LPml,7,6,13,0.54
LPmm,16,12,28,0.57
LPmn,13,11,24,0.54
LPms,11,9,20,0.55
LPnB,18,8,26,0.69
LPnD,2,1,3,0.67
LPnH,8,7,15,0.53
LPnI,2,1,3,0.67
LPnK,2,0,2,1.0
LPnL,8,12,20,0.4
LPnM,27,13,40,0.68
LPnN,19,16,35,0.54
LPnP,22,32,54,0.41
LPnS,12,10,22,0.55
LPnb,14,15,29,0.48
LPnh,2,2,4,0.5
LPnl,5,5,10,0.5
LPnm,21,13,34,0.62
LPnn,13,15,28,0.46
LPns,9,20,29,0.31
LPsB,9,11,20,0.45
LPsD,5,1,6,0.83
LPsH,5,7,12,0.42
LPsI,4,1,5,0.8
LPsL,6,6,12,0.5
LPsM,8,17,25,0.32
LPsN,11,12,23,0.48
LPsP,19,25,44,0.43
LPsS,17,14,31,0.55
LPsb,11,5,16,0.69
LPsh,1,1,2,0.5
LPsl,6,10,16,0.38
LPsm,9,10,19,0.47
LPsn,6,8,14,0.43
LPss,11,9,20,0.55
LSBB,3,10,13,0.23
LSBD,1,0,1,1.0
LSBK,1,0,1,1.0
LSBL,3,2,5,0.6
LSBM,6,6,12,0.5
LSBN,10,10,20,0.5
LSBP,13,8,21,0.62
LSBS,3,1,4,0.75
LSBT,0,2,2,0.0
LSBb,8,5,13,0.62
LSBh,0,2,2,0.0
LSBj,1,1,2,0.5
LSBl,1,5,6,0.17
LSBm,6,3,9,0.67
LSBn,8,6,14,0.57
LSBs,4,1,5,0.8
LSDB,2,0,2,1.0
LSDD,0,1,1,0.0
LSDH,1,0,1,1.0
LSDL,0,1,1,0.0
LSDM,1,2,3,0.33
LSDN,2,2,4,0.5
LSDP,3,1,4,0.75
LSDS,0,1,1,0.0
LSDb,0,1,1,0.0
LSDm,1,1,2,0.5
LSDn,1,0,1,1.0
LSHB,0,3,3,0.0
LSHH,0,1,1,0.0
LSHL,0,3,3,0.0
LSHM,2,2,4,0.5
LSHN,1,7,8,0.12
LSHP,6,6,12,0.5
LSHS,5,1,6,0.83
LSHb,5,1,6,0.83
LSHh,2,1,3,0.67
LSHl,3,3,6,0.5
LSHm,0,2,2,0.0
LSHn,5,3,8,0.62
LSHs,5,2,7,0.71
LSID,0,0,0,
LSIP,1,0,1,1.0
LSIS,1,0,1,1.0
LSIT,0,2,2,0.0
LSKL,0,1,1,0.0
LSKM,1,0,1,1.0
LSKN,0,2,2,0.0
LSKS,0,1,1,0.0
LSKl,1,1,2,0.5
LSKn,0,2,2,0.0
LSKs,1,1,2,0.5
LSLB,1,3,4,0.25
LSLD,1,0,1,1.0
LSLK,0,1,1,0.0
LSLL,1,3,4,0.25
LSLM,2,4,6,0.33
LSLN,4,5,9,0.44
LSLP,4,2,6,0.67
LSLS,2,2,4,0.5
LSLT,0,0,0,
LSLb,9,4,13,0.69
LSLh,2,0,2,1.0
LSLj,1,0,1,1.0
LSLl,2,2,4,0.5
LSLm,4,7,11,0.36
LSLn,5,6,11,0.45
LSLs,2,2,4,0.5
LSMB,5,8,13,0.38
LSML,3,2,5,0.6
LSMM,6,8,14,0.43
LSMN,4,6,10,0.4
LSMP,15,13,28,0.54
LSMS,7,5,12,0.58
LSMT,2,1,3,0.67
LSMb,9,9,18,0.5
LSMh,4,7,11,0.36
LSMj,3,1,4,0.75
LSMl,6,6,12,0.5
LSMm,10,6,16,0.62
LSMn,10,9,19,0.53
LSMs,5,5,10,0.5
LSNB,7,8,15,0.47
LSND,0,1,1,0.0
LSNH,2,1,3,0.67
LSNK,2,0,2,1.0
LSNL,1,4,5,0.2
LSNM,11,5,16,0.69
LSNN,10,12,22,0.45
LSNP,8,9,17,0.47
LSNS,6,8,14,0.43
LSNT,2,3,5,0.4
LSNb,10,7,17,0.59
LSNh,0,0,0,
LSNl,5,2,7,0.71
LSNm,8,6,14,0.57
LSNn,7,7,14,0.5
LSNs,4,2,6,0.67
LSPB,5,9,14,0.36
LSPD,0,2,2,0.0
LSPH,5,5,10,0.5
LSPI,1,2,3,0.33
LSPK,1,2,3,0.33
LSPL,6,8,14,0.43
LSPM,16,20,36,0.44
LSPN,9,17,26,0.35
LSPP,19,22,41,0.46
LSPS,14,10,24,0.58
LSPT,3,1,4,0.75
LSPb,10,14,24,0.42
LSPh,1,1,2,0.5
LSPl,3,7,10,0.3
LSPm,10,4,14,0.71
LSPn,21,13,34,0.62
LSPs,10,14,24,0.42
LSSB,5,4,9,0.56
LSSD,2,0,2,1.0
LSSH,2,5,7,0.29
LSSI,1,0,1,1.0
LSSL,10,1,11,0.91
LSSM,9,12,21,0.43
LSSN,9,8,17,0.53
LSSP,8,10,18,0.44
LSSS,10,16,26,0.38
LSST,2,2,4,0.5
LSSb,12,10,22,0.55
LSSh,2,2,4,0.5
LSSl,4,4,8,0.5
LSSm,10,11,21,0.48
LSSn,9,6,15,0.6
LSSs,11,10,21,0.52
LSTB,1,2,3,0.33
LSTD,1,1,2,0.5
LSTH,1,1,2,0.5
LSTL,2,0,2,1.0
LSTM,4,0,4,1.0
LSTP,4,2,6,0.67
LSTS,1,0,1,1.0
LSTb,1,1,2,0.5
LSTh,0,1,1,0.0
LSTl,1,1,2,0.5
LSTm,1,1,2,0.5
LSTn,2,2,4,0.5
LSTs,1,1,2,0.5
LSbB,7,10,17,0.41
LSbH,3,2,5,0.6
LSbI,2,1,3,0.67
LSbJ,3,4,7,0.43
LSbK,1,1,2,0.5
LSbL,1,3,4,0.25
LSbM,9,8,17,0.53
LSbN,13,2,15,0.87
LSbP,12,8,20,0.6
LSbS,6,4,10,0.6
LSbb,9,9,18,0.5
LSbl,8,4,12,0.67
LSbm,8,10,18,0.44
LSbn,5,6,11,0.45
LSbs,6,1,7,0.86
LShB,2,5,7,0.29
LShD,0,1,1,0.0
LShH,0,1,1,0.0
LShI,1,1,2,0.5
LShL,6,1,7,0.86
LShM,7,4,11,0.64
LShN,9,1,10,0.9
LShP,9,13,22,0.41
LShS,5,6,11,0.45
LShT,1,1,2,0.5
LShb,6,3,9,0.67
LShh,6,2,8,0.75
LShl,3,4,7,0.43
LShm,6,6,12,0.5
LShn,6,6,12,0.5
LShs,7,4,11,0.64
LSlB,3,3,6,0.5
LSlD,1,0,1,1.0
LSlH,1,1,2,0.5
LSlJ,1,1,2,0.5
LSlK,0,1,1,0.0
LSlL,4,4,8,0.5
LSlM,9,10,19,0.47
LSlN,7,6,13,0.54
LSlP,6,7,13,0.46
LSlS,5,7,12,0.42
LSlb,4,1,5,0.8
LSll,3,1,4,0.75
LSlm,4,2,6,0.67
LSln,5,4,9,0.56
LSls,4,5,9,0.44
LSmB,4,4,8,0.5
LSmD,5,0,5,1.0
LSmH,7,7,14,0.5
LSmI,1,0,1,1.0
LSmJ,1,2,3,0.33
LSmK,0,1,1,0.0
LSmL,5,5,10,0.5
LSmM,6,12,18,0.33
LSmN,18,9,27,0.67
LSmP,15,7,22,0.68
LSmS,4,4,8,0.5
LSmb,7,5,12,0.58
LSml,2,3,5,0.4
LSmm,12,8,20,0.6
LSmn,5,15,20,0.25
LSms,7,5,12,0.58
LSnB,7,8,15,0.47
LSnD,2,3,5,0.4
LSnH,2,1,3,0.67
LSnI,1,1,2,0.5
LSnK,2,0,2,1.0
LSnL,3,3,6,0.5
LSnM,2,8,10,0.2
LSnN,12,11,23,0.52
LSnP,17,15,32,0.53
LSnS,7,11,18,0.39
LSnb,6,7,13,0.46
LSnl,4,2,6,0.67
LSnm,9,12,21,0.43
LSnn,8,5,13,0.62
LSns,10,11,21,0.48
LSsB,7,5,12,0.58
LSsD,1,3,4,0.25
LSsH,13,4,17,0.76
LSsI,1,1,2,0.5
LSsL,3,3,6,0.5
LSsM,9,10,19,0.47
LSsN,15,5,20,0.75
LSsP,13,14,27,0.48
LSsS,14,17,31,0.45
LSsT,0,1,1,0.0
LSsb,8,6,14,0.57
LSsh,0,2,2,0.0
LSsl,5,1,6,0.83
LSsm,15,9,24,0.62
LSsn,6,5,11,0.55
LSss,6,12,18,0.33
LTBB,1,1,2,0.5
LTBL,0,1,1,0.0
LTBM,1,2,3,0.33
LTBN,0,2,2,0.0
LTBP,0,0,0,
LTBS,0,1,1,0.0
LTBT,0,0,0,
LTBb,3,1,4,0.75
LTBj,0,1,1,0.0
LTBm,1,0,1,1.0
LTBn,3,2,5,0.6
LTBs,1,0,1,1.0
LTDB,1,0,1,1.0
LTDH,0,0,0,
LTDP,0,1,1,0.0
LTDn,1,0,1,1.0
LTHB,1,1,2,0.5
LTHD,1,0,1,1.0
LTHI,1,0,1,1.0
LTHN,2,1,3,0.67
LTHP,0,1,1,0.0
LTHS,1,2,3,0.33
LTHb,1,0,1,1.0
LTHh,1,0,1,1.0
LTHl,0,1,1,0.0
LTHm,0,0,0,
LTHn,2,0,2,1.0
LTHs,1,0,1,1.0
LTIb,0,0,0,
LTKB,0,1,1,0.0
LTKM,0,0,0,
LTKm,0,1,1,0.0
LTKs,1,0,1,1.0
LTLB,1,0,1,1.0
LTLK,1,0,1,1.0
LTLL,1,0,1,1.0
LTLM,0,2,2,0.0
LTLP,1,0,1,1.0
LTLS,0,1,1,0.0
LTLb,0,1,1,0.0
LTLh,2,1,3,0.67
LTLl,0,1,1,0.0
LTLn,0,1,1,0.0
LTLs,1,0,1,1.0
LTMB,2,0,2,1.0
LTML,2,0,2,1.0
LTMM,2,4,6,0.33
LTMN,1,0,1,1.0
LTMP,4,4,8,0.5
LTMS,1,0,1,1.0
LTMT,0,1,1,0.0
LTMb,2,0,2,1.0
LTMh,2,1,3,0.67
LTMj,1,0,1,1.0
LTMl,1,2,3,0.33
LTMm,3,1,4,0.75
LTMn,2,1,3,0.67
LTMs,0,2,2,0.0
LTNH,2,0,2,1.0
LTNI,0,0,0,
LTNL,1,1,2,0.5
LTNM,2,1,3,0.67
LTNN,3,0,3,1.0
LTNP,6,3,9,0.67
LTNS,2,3,5,0.4
LTNT,0,1,1,0.0
LTNb,1,0,1,1.0
LTNh,1,0,1,1.0
LTNl,2,0,2,1.0
LTNm,0,3,3,0.0
LTNn,3,5,8,0.38
LTNs,2,0,2,1.0
LTPB,3,3,6,0.5
LTPH,1,2,3,0.33
LTPM,4,3,7,0.57
LTPN,2,6,8,0.25
LTPP,8,3,11,0.73
LTPS,0,1,1,0.0
LTPb,2,2,4,0.5
LTPl,0,5,5,0.0
LTPm,4,3,7,0.57
LTPn,3,1,4,0.75
LTPs,5,2,7,0.71
LTSB,0,0,0,
LTSL,1,0,1,1.0
LTSM,1,3,4,0.25
LTSN,0,1,1,0.0
LTSP,2,0,2,1.0
LTSS,1,2,3,0.33
LTST,0,0,0,
LTSh,1,2,3,0.33
LTSl,0,1,1,0.0
LTSm,2,2,4,0.5
LTSn,0,2,2,0.0
LTSs,3,1,4,0.75
LTTN,0,1,1,0.0
LTTS,0,1,1,0.0
LTTl,0,0,0,
LTTn,1,1,2,0.5
LTbB,2,0,2,1.0
LTbH,1,0,1,1.0
LTbL,0,0,0,
LTbM,1,0,1,1.0
LTbP,3,4,7,0.43
LTbS,1,0,1,1.0
LTbb,2,2,4,0.5
LTbl,2,2,4,0.5
LTbm,2,0,2,1.0
LTbn,1,3,4,0.25
LTbs,0,1,1,0.0
LThP,2,0,2,1.0
LTlB,1,1,2,0.5
LTlH,0,0,0,
LTlI,1,0,1,1.0
LTlJ,1,0,1,1.0
LTlK,1,0,1,1.0
LTlL,0,1,1,0.0
LTlM,0,1,1,0.0
LTlN,2,0,2,1.0
LTlP,3,1,4,0.75
LTlb,1,0,1,1.0
LTll,1,0,1,1.0
LTlm,3,0,3,1.0
LTln,1,0,1,1.0
LTls,1,1,2,0.5
LTmB,0,2,2,0.0
LTmD,2,0,2,1.0
LTmH,1,0,1,1.0
LTmK,0,1,1,0.0
LTmL,2,0,2,1.0
LTmM,2,3,5,0.4
LTmN,4,0,4,1.0
LTmP,5,1,6,0.83
LTmS,0,2,2,0.0
LTmb,3,1,4,0.75
LTml,1,0,1,1.0
LTmm,4,0,4,1.0
LTmn,2,0,2,1.0
LTms,0,2,2,0.0
LTnB,1,0,1,1.0
LTnK,1,0,1,1.0
LTnL,1,0,1,1.0
LTnM,1,3,4,0.25
LTnN,3,3,6,0.5
LTnP,3,2,5,0.6
LTnS,1,2,3,0.33
LTnb,4,2,6,0.67
LTnl,3,0,3,1.0
LTnm,2,0,2,1.0
LTnn,2,2,4,0.5
LTns,2,0,2,1.0
LTsB,0,0,0,
LTsD,0,1,1,0.0
LTsH,1,1,2,0.5
LTsI,0,1,1,0.0
LTsM,3,2,5,0.6
LTsN,1,2,3,0.33
LTsP,3,1,4,0.75
LTsS,1,0,1,1.0
LTsb,2,2,4,0.5
LTsm,1,2,3,0.33
LTsn,2,0,2,1.0
LTss,0,1,1,0.0
LbBB,12,12,24,0.5
LbBD,1,1,2,0.5
LbBK,0,1,1,0.0
LbBL,6,3,9,0.67
LbBM,6,5,11,0.55
LbBN,15,19,34,0.44
LbBP,15,14,29,0.52
LbBS,9,6,15,0.6
LbBT,3,2,5,0.6
LbBb,9,11,20,0.45
LbBh,4,2,6,0.67
LbBj,5,7,12,0.42
LbBl,3,4,7,0.43
LbBm,8,9,17,0.47
LbBn,17,18,35,0.49
LbBs,5,5,10,0.5
LbDB,0,2,2,0.0
LbDM,0,2,2,0.0
LbDN,0,2,2,0.0
LbDP,2,1,3,0.67
LbDT,0,1,1,0.0
LbDb,1,1,2,0.5
LbDl,1,0,1,1.0
LbDm,1,2,3,0.33
LbDn,2,2,4,0.5
LbDs,0,1,1,0.0
LbHB,5,3,8,0.62
LbHH,0,0,0,
LbHI,0,0,0,
LbHK,0,1,1,0.0
LbHL,2,1,3,0.67
LbHM,3,1,4,0.75
LbHN,2,4,6,0.33
LbHP,1,10,11,0.09
LbHS,2,2,4,0.5
LbHb,1,2,3,0.33
LbHh,3,1,4,0.75
LbHl,1,0,1,1.0
LbHm,1,1,2,0.5
LbHn,3,5,8,0.38
LbHs,0,4,4,0.0
LbIB,0,0,0,
LbIH,1,0,1,1.0
LbII,0,1,1,0.0
LbIL,1,1,2,0.5
LbIM,0,2,2,0.0
LbIN,1,1,2,0.5
LbIP,5,2,7,0.71
LbIS,0,2,2,0.0
LbIb,2,3,5,0.4
LbIl,1,0,1,1.0
LbIn,0,3,3,0.0
LbJB,3,3,6,0.5
LbJD,0,1,1,0.0
LbJH,3,2,5,0.6
LbJI,1,1,2,0.5
LbJL,2,3,5,0.4
LbJM,7,1,8,0.88
LbJN,5,4,9,0.56
LbJP,6,9,15,0.4
LbJS,2,3,5,0.4
LbJb,3,5,8,0.38
LbJh,0,1,1,0.0
LbJl,1,2,3,0.33
LbJm,2,3,5,0.4
LbJn,6,1,7,0.86
LbJs,2,3,5,0.4
LbKB,0,2,2,0.0
LbKL,1,0,1,1.0
LbKM,0,4,4,0.0
LbKN,0,1,1,0.0
LbKP,2,1,3,0.67
LbKS,0,2,2,0.0
LbKT,1,0,1,1.0
LbKb,4,3,7,0.57
LbKh,0,1,1,0.0
LbKl,2,0,2,1.0
LbKm,2,2,4,0.5
LbKn,0,1,1,0.0
LbKs,1,1,2,0.5
LbLB,7,6,13,0.54
LbLD,0,1,1,0.0
LbLL,3,2,5,0.6
LbLM,7,4,11,0.64
LbLN,4,8,12,0.33
LbLP,7,6,13,0.54
LbLS,0,4,4,0.0
LbLT,0,1,1,0.0
LbLb,6,3,9,0.67
LbLh,4,2,6,0.67
LbLj,0,1,1,0.0
LbLl,2,2,4,0.5
LbLm,4,6,10,0.4
LbLn,14,9,23,0.61
LbLs,2,2,4,0.5
LbMB,11,8,19,0.58
LbMD,1,2,3,0.33
LbML,2,7,9,0.22
LbMM,7,7,14,0.5
LbMN,13,9,22,0.59
LbMP,17,18,35,0.49
LbMS,6,8,14,0.43
LbMT,2,1,3,0.67
LbMb,6,18,24,0.25
LbMh,12,10,22,0.55
LbMj,5,7,12,0.42
LbMl,5,4,9,0.56
LbMm,15,6,21,0.71
LbMn,18,20,38,0.47
LbMs,10,4,14,0.71
LbNB,15,15,30,0.5
LbNH,2,1,3,0.67
LbNL,7,9,16,0.44
LbNM,10,10,20,0.5
LbNN,14,23,37,0.38
LbNP,28,26,54,0.52
LbNS,13,12,25,0.52
LbNT,4,3,7,0.57
LbNb,19,12,31,0.61
LbNh,4,5,9,0.44
LbNl,10,10,20,0.5
LbNm,11,9,20,0.55
LbNn,27,20,47,0.57
LbNs,14,10,24,0.58
LbPB,16,15,31,0.52
LbPD,1,1,2,0.5
LbPH,6,7,13,0.46
LbPI,2,1,3,0.67
LbPK,2,1,3,0.67
LbPL,9,9,18,0.5
LbPM,20,13,33,0.61
LbPN,16,22,38,0.42
LbPP,33,42,75,0.44
LbPS,18,6,24,0.75
LbPT,2,2,4,0.5
LbPb,17,24,41,0.41
LbPh,2,3,5,0.4
LbPl,11,6,17,0.65
LbPm,14,20,34,0.41
LbPn,14,21,35,0.4
LbPs,11,7,18,0.61
LbSB,3,4,7,0.43
LbSD,2,0,2,1.0
LbSH,3,2,5,0.6
LbSI,1,0,1,1.0
LbSL,5,5,10,0.5
LbSM,5,10,15,0.33
LbSN,10,11,21,0.48
LbSP,14,8,22,0.64
LbSS,5,9,14,0.36
LbST,0,1,1,0.0
LbSb,6,10,16,0.38
LbSh,9,4,13,0.69
LbSl,1,6,7,0.14
LbSm,12,3,15,0.8
LbSn,7,5,12,0.58
LbSs,9,7,16,0.56
LbbB,17,15,32,0.53
LbbD,1,0,1,1.0
LbbH,6,4,10,0.6
LbbI,0,1,1,0.0
LbbJ,2,2,4,0.5
LbbK,1,0,1,1.0
LbbL,7,2,9,0.78
LbbM,13,20,33,0.39
LbbN,18,23,41,0.44
LbbP,23,22,45,0.51
LbbS,10,9,19,0.53
Lbbb,19,14,33,0.58
Lbbl,7,4,11,0.64
Lbbm,7,7,14,0.5
Lbbn,23,19,42,0.55
Lbbs,7,2,9,0.78
LblB,3,9,12,0.25
LblD,0,1,1,0.0
LblH,6,4,10,0.6
LblJ,0,1,1,0.0
LblL,3,3,6,0.5
LblM,5,8,13,0.38
LblN,13,10,23,0.57
LblP,7,6,13,0.54
LblS,5,4,9,0.56
Lblb,2,7,9,0.22
Lbll,1,1,2,0.5
Lblm,5,2,7,0.71
Lbln,3,2,5,0.6
Lbls,3,3,6,0.5
LbmB,6,11,17,0.35
LbmD,1,1,2,0.5
LbmH,4,7,11,0.36
LbmI,3,1,4,0.75
LbmJ,1,1,2,0.5
LbmL,3,1,4,0.75
LbmM,13,13,26,0.5
LbmN,15,11,26,0.58
LbmP,18,16,34,0.53
LbmS,1,4,5,0.2
Lbmb,11,10,21,0.52
Lbml,6,3,9,0.67
Lbmm,6,8,14,0.43
Lbmn,11,10,21,0.52
Lbms,4,6,10,0.4
LbnB,5,11,16,0.31
LbnD,2,2,4,0.5
LbnH,5,4,9,0.56
LbnI,1,1,2,0.5
LbnK,1,1,2,0.5
LbnL,8,4,12,0.67
LbnM,15,13,28,0.54
LbnN,20,19,39,0.51
LbnP,27,17,44,0.61
LbnS,12,5,17,0.71
Lbnb,14,12,26,0.54
Lbnh,2,0,2,1.0
Lbnl,4,5,9,0.44
Lbnm,19,8,27,0.7
Lbnn,19,17,36,0.53
Lbns,5,11,16,0.31
LbsB,3,8,11,0.27
LbsD,1,1,2,0.5
LbsH,5,8,13,0.38
LbsI,2,2,4,0.5
LbsL,4,4,8,0.5
LbsM,6,6,12,0.5
LbsN,11,12,23,0.48
LbsP,16,13,29,0.55
LbsS,12,9,21,0.57
Lbsb,8,11,19,0.42
Lbsh,0,2,2,0.0
Lbsl,3,3,6,0.5
Lbsm,2,8,10,0.2
Lbsn,5,5,10,0.5
Lbss,4,8,12,0.33
LhBB,5,4,9,0.56
LhBD,0,1,1,0.0
LhBL,0,1,1,0.0
LhBM,9,4,13,0.69
LhBN,5,1,6,0.83
LhBP,2,11,13,0.15
LhBS,4,4,8,0.5
LhBT,0,1,1,0.0
LhBb,4,5,9,0.44
LhBh,0,0,0,
LhBj,4,0,4,1.0
LhBl,1,4,5,0.2
LhBm,4,3,7,0.57
LhBn,6,4,10,0.6
LhBs,9,4,13,0.69
LhDD,0,1,1,0.0
LhDM,2,1,3,0.67
LhDN,0,2,2,0.0
LhDP,1,2,3,0.33
LhDm,1,0,1,1.0
LhDn,1,2,3,0.33
LhHB,1,0,1,1.0
LhHH,0,1,1,0.0
LhHM,2,1,3,0.67
LhHN,2,0,2,1.0
LhHP,3,0,3,1.0
LhHS,2,0,2,1.0
LhHb,3,0,3,1.0
LhHl,0,0,0,
LhHm,0,1,1,0.0
LhHn,2,2,4,0.5
LhHs,3,0,3,1.0
LhID,1,0,1,1.0
LhIL,0,1,1,0.0
LhIP,1,0,1,1.0
LhIl,1,1,2,0.5
LhIs,0,0,0,
LhKh,0,0,0,
LhKs,1,0,1,1.0
LhLB,1,1,2,0.5
LhLL,1,1,2,0.5
LhLM,2,4,6,0.33
LhLN,3,3,6,0.5
LhLP,1,4,5,0.2
LhLS,3,1,4,0.75
LhLT,0,1,1,0.0
LhLb,5,3,8,0.62
LhLh,3,1,4,0.75
LhLl,1,1,2,0.5
LhLm,2,4,6,0.33
LhLn,5,3,8,0.62
LhLs,2,1,3,0.67
LhMB,4,3,7,0.57
LhML,4,1,5,0.8
LhMM,7,12,19,0.37
LhMN,1,8,9,0.11
LhMP,10,11,21,0.48
LhMS,1,1,2,0.5
LhMT,1,0,1,1.0
LhMb,3,4,7,0.43
LhMh,9,9,18,0.5
LhMj,4,0,4,1.0
LhMl,5,3,8,0.62
LhMm,4,2,6,0.67
LhMn,4,4,8,0.5
LhMs,4,6,10,0.4
LhNB,3,5,8,0.38
LhND,0,0,0,
LhNH,3,0,3,1.0
LhNK,1,0,1,1.0
LhNL,3,1,4,0.75
LhNM,6,7,13,0.46
LhNN,7,7,14,0.5
LhNP,5,15,20,0.25
LhNS,3,6,9,0.33
LhNT,2,2,4,0.5
LhNb,2,8,10,0.2
LhNh,1,1,2,0.5
LhNl,1,5,6,0.17
LhNm,2,2,4,0.5
LhNn,5,4,9,0.56
LhNs,4,8,12,0.33
LhPB,5,4,9,0.56
LhPH,0,4,4,0.0
LhPI,0,1,1,0.0
LhPK,0,1,1,0.0
LhPL,5,5,10,0.5
LhPM,4,15,19,0.21
LhPN,7,8,15,0.47
LhPP,21,18,39,0.54
LhPS,6,7,13,0.46
LhPb,5,10,15,0.33
LhPh,2,0,2,1.0
LhPl,5,5,10,0.5
LhPm,8,8,16,0.5
LhPn,11,10,21,0.52
LhPs,6,6,12,0.5
LhSB,3,1,4,0.75
LhSD,1,0,1,1.0
LhSH,2,1,3,0.67
LhSL,2,1,3,0.67
LhSM,2,3,5,0.4
LhSN,4,2,6,0.67
LhSP,7,4,11,0.64
LhSS,3,5,8,0.38
LhST,1,0,1,1.0
LhSb,3,3,6,0.5
LhSh,0,4,4,0.0
LhSl,1,2,3,0.33
LhSm,4,4,8,0.5
LhSn,7,5,12,0.58
LhSs,9,4,13,0.69
LhTM,0,0,0,
LhTN,0,1,1,0.0
LhTP,2,4,6,0.33
LhTS,1,1,2,0.5
LhTT,1,0,1,1.0
LhTb,2,1,3,0.67
LhTm,0,1,1,0.0
LhbB,3,6,9,0.33
LhbD,1,0,1,1.0
LhbH,2,1,3,0.67
LhbI,0,0,0,
LhbJ,2,2,4,0.5
LhbL,2,2,4,0.5
LhbM,8,9,17,0.47
LhbN,10,9,19,0.53
LhbP,17,7,24,0.71
LhbS,7,7,14,0.5
Lhbb,9,7,16,0.56
Lhbl,6,1,7,0.86
Lhbm,2,5,7,0.29
Lhbn,3,5,8,0.38
Lhbs,3,1,4,0.75
LhhB,2,2,4,0.5
LhhH,1,2,3,0.33
LhhL,2,6,8,0.25
LhhM,5,7,12,0.42
LhhN,8,3,11,0.73
LhhP,6,10,16,0.38
LhhS,6,9,15,0.4
Lhhb,5,2,7,0.71
Lhhh,4,6,10,0.4
Lhhl,2,2,4,0.5
Lhhm,12,5,17,0.71
Lhhn,4,4,8,0.5
Lhhs,3,4,7,0.43
LhlB,4,2,6,0.67
LhlD,1,0,1,1.0
LhlH,2,1,3,0.67
LhlJ,1,0,1,1.0
LhlK,0,0,0,
LhlL,2,2,4,0.5
LhlM,1,2,3,0.33
LhlN,4,0,4,1.0
LhlP,6,4,10,0.6
LhlS,2,2,4,0.5
Lhlb,6,1,7,0.86
Lhll,3,0,3,1.0
Lhlm,3,1,4,0.75
Lhln,1,2,3,0.33
Lhls,2,2,4,0.5
LhmB,5,2,7,0.71
LhmH,4,5,9,0.44
LhmJ,2,1,3,0.67
LhmK,0,0,0,
LhmL,0,6,6,0.0
LhmM,12,6,18,0.67
LhmN,7,3,10,0.7
LhmP,5,4,9,0.56
LhmS,4,4,8,0.5
Lhmb,8,3,11,0.73
Lhml,2,2,4,0.5
Lhmm,3,5,8,0.38
Lhmn,4,3,7,0.57
Lhms,4,2,6,0.67
LhnB,8,4,12,0.67
LhnH,2,2,4,0.5
LhnI,0,1,1,0.0
LhnK,1,1,2,0.5
LhnL,4,3,7,0.57
LhnM,12,5,17,0.71
LhnN,13,6,19,0.68
LhnP,17,10,27,0.63
LhnS,2,9,11,0.18
Lhnb,5,6,11,0.45
Lhnl,3,2,5,0.6
Lhnm,5,5,10,0.5
Lhnn,5,9,14,0.36
Lhns,5,4,9,0.56
LhsB,3,6,9,0.33
LhsD,2,1,3,0.67
LhsH,5,5,10,0.5
LhsI,1,1,2,0.5
LhsL,3,2,5,0.6
LhsM,2,3,5,0.4
LhsN,7,7,14,0.5
LhsP,12,8,20,0.6
LhsS,12,7,19,0.63
Lhsb,7,4,11,0.64
Lhsh,0,1,1,0.0
Lhsl,4,0,4,1.0
Lhsm,2,4,6,0.33
Lhsn,2,3,5,0.4
Lhss,5,1,6,0.83
LjBB,3,4,7,0.43
LjBK,0,1,1,0.0
LjBL,1,2,3,0.33
LjBM,1,3,4,0.25
LjBN,5,6,11,0.45
LjBP,5,3,8,0.62
LjBS,1,2,3,0.33
LjBT,0,1,1,0.0
LjBb,5,5,10,0.5
LjBj,2,1,3,0.67
LjBl,1,3,4,0.25
LjBm,3,5,8,0.38
LjBn,5,4,9,0.56
LjBs,1,2,3,0.33
LjDB,1,1,2,0.5
LjDH,0,1,1,0.0
LjDM,1,0,1,1.0
LjDS,2,1,3,0.67
LjDm,1,0,1,1.0
LjDs,0,1,1,0.0
LjHB,3,2,5,0.6
LjHD,1,0,1,1.0
LjHH,0,1,1,0.0
LjHI,0,1,1,0.0
LjHL,1,0,1,1.0
LjHM,1,0,1,1.0
LjHN,0,2,2,0.0
LjHP,1,2,3,0.33
LjHS,1,0,1,1.0
LjHb,4,1,5,0.8
LjHh,1,0,1,1.0
LjHl,1,2,3,0.33
LjHm,2,3,5,0.4
LjHn,2,0,2,1.0
LjHs,0,0,0,
LjID,0,0,0,
LjIL,0,1,1,0.0
LjIM,1,1,2,0.5
LjIP,0,1,1,0.0
LjKB,0,0,0,
LjKL,0,1,1,0.0
LjKM,0,1,1,0.0
LjKS,1,0,1,1.0
LjKh,0,0,0,
LjKs,1,0,1,1.0
LjLB,2,5,7,0.29
LjLL,3,3,6,0.5
LjLM,4,3,7,0.57
LjLN,4,2,6,0.67
LjLP,3,1,4,0.75
LjLS,3,1,4,0.75
LjLT,0,0,0,
LjLb,1,0,1,1.0
LjLj,0,1,1,0.0
LjLl,2,2,4,0.5
LjLm,1,2,3,0.33
LjLn,0,4,4,0.0
LjLs,1,3,4,0.25
LjMB,2,6,8,0.25
LjML,0,3,3,0.0
LjMM,3,5,8,0.38
LjMN,4,1,5,0.8
LjMP,7,4,11,0.64
LjMS,0,2,2,0.0
LjMb,3,6,9,0.33
LjMh,2,6,8,0.25
LjMj,3,1,4,0.75
LjMl,3,2,5,0.6
LjMm,3,2,5,0.6
LjMn,5,5,10,0.5
LjMs,2,4,6,0.33
LjNB,2,3,5,0.4
LjND,1,0,1,1.0
LjNH,1,2,3,0.33
LjNK,1,0,1,1.0
LjNL,3,4,7,0.43
LjNM,1,5,6,0.17
LjNN,5,3,8,0.62
LjNP,13,7,20,0.65
LjNS,5,3,8,0.62
LjNb,7,4,11,0.64
LjNh,0,2,2,0.0
LjNl,3,5,8,0.38
LjNm,2,0,2,1.0
LjNn,7,10,17,0.41
LjNs,0,8,8,0.0
LjPB,4,5,9,0.44
LjPD,0,3,3,0.0
LjPH,3,2,5,0.6
LjPI,0,1,1,0.0
LjPK,1,1,2,0.5
LjPL,3,5,8,0.38
LjPM,8,7,15,0.53
LjPN,4,8,12,0.33
LjPP,12,9,21,0.57
LjPS,4,3,7,0.57
LjPT,1,0,1,1.0
LjPb,8,7,15,0.53
LjPh,3,1,4,0.75
LjPl,8,4,12,0.67
LjPm,11,9,20,0.55
LjPn,8,6,14,0.57
LjPs,5,7,12,0.42
LjSB,3,2,5,0.6
LjSD,1,0,1,1.0
LjSH,2,2,4,0.5
LjSL,2,3,5,0.4
LjSM,2,4,6,0.33
LjSN,3,3,6,0.5
LjSP,5,5,10,0.5
LjSS,3,3,6,0.5
LjST,1,0,1,1.0
LjSb,1,3,4,0.25
LjSh,4,2,6,0.67
LjSl,1,4,5,0.2
LjSm,3,5,8,0.38
LjSn,7,6,13,0.54
LjSs,2,1,3,0.67
LjTB,1,1,2,0.5
LjTH,0,2,2,0.0
LjTL,1,0,1,1.0
LjTS,0,0,0,
LjTb,1,1,2,0.5
LjTm,0,1,1,0.0
LjTs,1,0,1,1.0
LjbB,5,5,10,0.5
LjbD,1,0,1,1.0
LjbH,1,0,1,1.0
LjbI,2,1,3,0.67
LjbJ,0,1,1,0.0
LjbK,0,0,0,
LjbL,5,2,7,0.71
LjbM,4,7,11,0.36
LjbN,3,4,7,0.43
LjbP,8,8,16,0.5
LjbS,3,1,4,0.75
Ljbb,5,3,8,0.62
Ljbl,4,1,5,0.8
Ljbm,2,7,9,0.22
Ljbn,3,2,5,0.6
Ljbs,2,1,3,0.67
LjhB,1,0,1,1.0
LjhH,1,0,1,1.0
LjhL,0,1,1,0.0
LjhM,2,0,2,1.0
LjhN,0,1,1,0.0
LjhP,2,1,3,0.67
LjhS,2,0,2,1.0
Ljhb,0,2,2,0.0
Ljhh,2,1,3,0.67
Ljhl,0,0,0,
Ljhm,0,1,1,0.0
Ljhn,1,1,2,0.5
Ljhs,1,0,1,1.0
LjlB,1,1,2,0.5
LjlH,4,1,5,0.8
LjlJ,2,1,3,0.67
LjlL,1,0,1,1.0
LjlM,1,1,2,0.5
LjlN,1,2,3,0.33
LjlP,3,2,5,0.6
LjlS,2,4,6,0.33
Ljlb,2,2,4,0.5
Ljll,1,0,1,1.0
Ljlm,1,0,1,1.0
Ljln,1,2,3,0.33
Ljls,1,0,1,1.0
LjmB,4,4,8,0.5
LjmD,2,1,3,0.67
LjmH,3,3,6,0.5
LjmI,2,0,2,1.0
LjmJ,0,1,1,0.0
LjmK,0,0,0,
LjmL,4,5,9,0.44
LjmM,0,6,6,0.0
LjmN,5,7,12,0.42
LjmP,4,7,11,0.36
LjmS,3,6,9,0.33
Ljmb,5,4,9,0.56
Ljml,1,2,3,0.33
Ljmm,6,5,11,0.55
Ljmn,3,1,4,0.75
Ljms,3,3,6,0.5
LjnB,3,8,11,0.27
LjnD,0,0,0,
LjnH,2,2,4,0.5
LjnI,1,0,1,1.0
LjnL,3,3,6,0.5
LjnM,5,4,9,0.56
LjnN,7,11,18,0.39
LjnP,7,3,10,0.7
LjnS,2,7,9,0.22
Ljnb,5,2,7,0.71
Ljnl,3,4,7,0.43
Ljnm,4,1,5,0.8
Ljnn,4,6,10,0.4
Ljns,0,1,1,0.0
LjsB,0,3,3,0.0
LjsH,1,0,1,1.0
LjsL,1,3,4,0.25
LjsM,4,3,7,0.57
LjsN,3,4,7,0.43
LjsP,7,4,11,0.64
LjsS,3,0,3,1.0
Ljsb,5,7,12,0.42
Ljsh,1,1,2,0.5
Ljsl,1,1,2,0.5
Ljsm,2,3,5,0.4
Ljsn,1,1,2,0.5
Ljss,3,3,6,0.5
LlBB,5,7,12,0.42
LlBD,0,1,1,0.0
LlBL,0,3,3,0.0
LlBM,1,7,8,0.12
LlBN,6,12,18,0.33
LlBP,8,8,16,0.5
LlBS,3,2,5,0.6
LlBT,2,0,2,1.0
LlBb,7,8,15,0.47
LlBh,1,0,1,1.0
LlBl,3,1,4,0.75
LlBm,3,4,7,0.43
LlBn,6,7,13,0.46
LlBs,1,1,2,0.5
LlDB,1,1,2,0.5
LlDH,3,1,4,0.75
LlDI,0,1,1,0.0
LlDL,0,1,1,0.0
LlDM,0,0,0,
LlDN,1,2,3,0.33
LlDP,0,1,1,0.0
LlDb,1,0,1,1.0
LlDn,0,2,2,0.0
LlHB,5,3,8,0.62
LlHD,2,0,2,1.0
LlHI,0,1,1,0.0
LlHK,0,0,0,
LlHL,3,2,5,0.6
LlHM,6,4,10,0.6
LlHN,8,4,12,0.67
LlHP,5,10,15,0.33
LlHS,4,4,8,0.5
LlHb,3,7,10,0.3
LlHh,1,5,6,0.17
LlHl,4,1,5,0.8
LlHm,2,3,5,0.4
LlHn,4,6,10,0.4
LlHs,3,2,5,0.6
LlIB,0,2,2,0.0
LlIH,1,1,2,0.5
LlIL,0,0,0,
LlIM,1,3,4,0.25
LlIP,1,2,3,0.33
LlIS,0,1,1,0.0
LlIb,1,1,2,0.5
LlIm,0,1,1,0.0
LlJB,2,1,3,0.67
LlJD,1,0,1,1.0
LlJH,2,0,2,1.0
LlJI,0,1,1,0.0
LlJL,1,1,2,0.5
LlJM,4,0,4,1.0
LlJN,1,1,2,0.5
LlJP,5,6,11,0.45
LlJS,0,2,2,0.0
LlJb,1,2,3,0.33
LlJl,2,1,3,0.67
LlJm,4,1,5,0.8
LlJs,2,2,4,0.5
LlKL,0,1,1,0.0
LlKM,1,0,1,1.0
LlKN,0,1,1,0.0
LlKP,1,2,3,0.33
LlKb,1,0,1,1.0
LlKs,0,0,0,
LlLB,1,3,4,0.25
LlLL,0,1,1,0.0
LlLM,2,1,3,0.67
LlLN,4,2,6,0.67
LlLP,4,2,6,0.67
LlLS,2,2,4,0.5
LlLT,1,0,1,1.0
LlLb,4,2,6,0.67
LlLh,3,2,5,0.6
LlLj,2,1,3,0.67
LlLl,3,3,6,0.5
LlLm,2,1,3,0.67
LlLn,5,2,7,0.71
LlLs,4,1,5,0.8
LlMB,5,4,9,0.56
LlMK,0,0,0,
LlML,3,2,5,0.6
LlMM,7,6,13,0.54
LlMN,3,8,11,0.27
LlMP,5,9,14,0.36
LlMS,4,2,6,0.67
LlMT,1,0,1,1.0
LlMb,5,6,11,0.45
LlMh,7,9,16,0.44
LlMj,3,3,6,0.5
LlMl,2,4,6,0.33
LlMm,5,5,10,0.5
LlMn,8,13,21,0.38
LlMs,6,3,9,0.67
LlNB,8,6,14,0.57
LlND,1,1,2,0.5
LlNH,1,1,2,0.5
LlNL,4,4,8,0.5
LlNM,8,11,19,0.42
LlNN,14,3,17,0.82
LlNP,13,20,33,0.39
LlNS,7,2,9,0.78
LlNT,2,1,3,0.67
LlNb,8,3,11,0.73
LlNh,2,3,5,0.4
LlNl,5,3,8,0.62
LlNm,9,3,12,0.75
LlNn,6,13,19,0.32
LlNs,4,4,8,0.5
LlPB,7,10,17,0.41
LlPD,1,0,1,1.0
LlPH,2,1,3,0.67
LlPI,1,0,1,1.0
LlPK,1,0,1,1.0
LlPL,2,6,8,0.25
LlPM,6,8,14,0.43
LlPN,9,16,25,0.36
LlPP,14,11,25,0.56
LlPS,1,6,7,0.14
LlPT,5,2,7,0.71
LlPb,4,12,16,0.25
LlPh,0,1,1,0.0
LlPl,5,3,8,0.62
LlPm,9,8,17,0.53
LlPn,12,4,16,0.75
LlPs,8,5,13,0.62
LlSB,3,6,9,0.33
LlSD,1,0,1,1.0
LlSH,1,3,4,0.25
LlSI,0,0,0,
LlSL,3,2,5,0.6
LlSM,7,3,10,0.7
LlSN,10,6,16,0.62
LlSP,7,5,12,0.58
LlSS,6,2,8,0.75
LlST,1,0,1,1.0
LlSb,4,1,5,0.8
LlSh,3,4,7,0.43
LlSl,3,1,4,0.75
LlSm,9,4,13,0.69
LlSn,10,5,15,0.67
LlSs,7,10,17,0.41
LlbB,4,5,9,0.44
LlbH,2,2,4,0.5
LlbI,1,0,1,1.0
LlbJ,0,1,1,0.0
LlbK,0,1,1,0.0
LlbL,5,2,7,0.71
LlbM,9,6,15,0.6
LlbN,13,5,18,0.72
LlbP,11,11,22,0.5
LlbS,0,2,2,0.0
Llbb,10,8,18,0.56
Llbl,4,4,8,0.5
Llbm,5,5,10,0.5
Llbn,4,6,10,0.4
Llbs,2,1,3,0.67
LllB,3,0,3,1.0
LllH,2,1,3,0.67
LllL,3,2,5,0.6
LllM,0,1,1,0.0
LllN,2,2,4,0.5
LllP,3,6,9,0.33
LllS,1,2,3,0.33
Lllb,4,3,7,0.57
Llll,6,0,6,1.0
Lllm,1,4,5,0.2
Llln,1,2,3,0.33
Llls,3,3,6,0.5
LlmB,8,3,11,0.73
LlmD,1,0,1,1.0
LlmH,3,6,9,0.33
LlmI,0,1,1,0.0
LlmJ,3,1,4,0.75
LlmL,0,1,1,0.0
LlmM,7,7,14,0.5
LlmN,5,11,16,0.31
LlmP,12,6,18,0.67
LlmS,1,5,6,0.17
Llmb,5,1,6,0.83
Llml,2,3,5,0.4
Llmm,9,3,12,0.75
Llmn,7,4,11,0.64
Llms,1,0,1,1.0
LlnB,3,8,11,0.27
LlnD,3,2,5,0.6
LlnH,2,5,7,0.29
LlnI,1,2,3,0.33
LlnK,0,1,1,0.0
LlnL,0,6,6,0.0
LlnM,7,7,14,0.5
LlnN,10,4,14,0.71
LlnP,14,12,26,0.54
LlnS,2,6,8,0.25
Llnb,7,7,14,0.5
Llnl,6,2,8,0.75
Llnm,7,7,14,0.5
Llnn,4,1,5,0.8
Llns,5,3,8,0.62
LlsB,4,3,7,0.57
LlsD,2,2,4,0.5
LlsH,4,4,8,0.5
LlsI,0,1,1,0.0
LlsK,0,0,0,
LlsL,2,1,3,0.67
LlsM,6,6,12,0.5
LlsN,3,5,8,0.38
LlsP,5,3,8,0.62
LlsS,4,3,7,0.57
LlsT,0,1,1,0.0
Llsb,0,3,3,0.0
Llsh,1,0,1,1.0
Llsl,3,7,10,0.3
Llsm,15,6,21,0.71
Llsn,3,5,8,0.38
Llss,5,5,10,0.5
LmBB,9,14,23,0.39
LmBD,2,1,3,0.67
LmBH,0,0,0,
LmBK,0,2,2,0.0
LmBL,5,5,10,0.5
LmBM,11,7,18,0.61
LmBN,13,12,25,0.52
LmBP,12,11,23,0.52
LmBS,5,10,15,0.33
LmBT,3,2,5,0.6
LmBb,14,6,20,0.7
LmBh,2,4,6,0.33
LmBj,4,3,7,0.57
LmBl,1,0,1,1.0
LmBm,18,5,23,0.78
LmBn,19,19,38,0.5
LmBs,9,7,16,0.56
LmDB,2,0,2,1.0
LmDD,0,0,0,
LmDH,0,2,2,0.0
LmDL,1,0,1,1.0
LmDM,3,6,9,0.33
LmDN,2,2,4,0.5
LmDP,4,3,7,0.57
LmDS,1,1,2,0.5
LmDb,2,1,3,0.67
LmDl,1,1,2,0.5
LmDm,2,3,5,0.4
LmDn,1,1,2,0.5
LmDs,2,1,3,0.67
LmHB,6,5,11,0.55
LmHD,1,0,1,1.0
LmHH,0,1,1,0.0
LmHL,1,4,5,0.2
LmHM,5,12,17,0.29
LmHN,11,13,24,0.46
LmHP,19,18,37,0.51
LmHS,4,2,6,0.67
LmHT,1,0,1,1.0
LmHb,6,3,9,0.67
LmHh,6,6,12,0.5
LmHl,3,1,4,0.75
LmHm,10,7,17,0.59
LmHn,6,12,18,0.33
LmHs,10,4,14,0.71
LmIB,1,2,3,0.33
LmIH,2,0,2,1.0
LmII,1,1,2,0.5
LmIM,0,1,1,0.0
LmIN,1,2,3,0.33
LmIP,1,1,2,0.5
LmIb,2,2,4,0.5
LmIm,2,1,3,0.67
LmIn,0,1,1,0.0
LmJB,2,2,4,0.5
LmJD,0,1,1,0.0
LmJH,0,1,1,0.0
LmJI,0,1,1,0.0
LmJL,0,4,4,0.0
LmJM,1,5,6,0.17
LmJN,3,2,5,0.6
LmJP,5,2,7,0.71
LmJS,5,2,7,0.71
LmJT,1,0,1,1.0
LmJb,3,1,4,0.75
LmJl,1,1,2,0.5
LmJm,2,2,4,0.5
LmJn,1,3,4,0.25
LmJs,3,3,6,0.5
LmKM,1,0,1,1.0
LmKN,0,1,1,0.0
LmKP,0,1,1,0.0
LmKn,1,0,1,1.0
LmLB,8,3,11,0.73
LmLD,1,1,2,0.5
LmLL,1,1,2,0.5
LmLM,5,4,9,0.56
LmLN,5,6,11,0.45
LmLP,7,6,13,0.54
LmLS,3,6,9,0.33
LmLT,2,1,3,0.67
LmLb,2,2,4,0.5
LmLh,5,0,5,1.0
LmLj,2,2,4,0.5
LmLl,3,2,5,0.6
LmLm,2,3,5,0.4
LmLn,8,5,13,0.62
LmLs,3,4,7,0.43
LmMB,14,12,26,0.54
LmMD,1,1,2,0.5
LmMK,1,0,1,1.0
LmML,1,3,4,0.25
LmMM,9,15,24,0.38
LmMN,13,15,28,0.46
LmMP,16,22,38,0.42
LmMS,7,5,12,0.58
LmMT,1,2,3,0.33
LmMb,9,14,23,0.39
LmMh,13,8,21,0.62
LmMj,8,3,11,0.73
LmMl,2,9,11,0.18
LmMm,18,11,29,0.62
LmMn,23,22,45,0.51
LmMs,10,7,17,0.59
LmNB,8,10,18,0.44
LmND,2,0,2,1.0
LmNH,3,2,5,0.6
LmNK,0,1,1,0.0
LmNL,5,2,7,0.71
LmNM,12,7,19,0.63
LmNN,16,17,33,0.48
LmNP,11,25,36,0.31
LmNS,11,6,17,0.65
LmNT,4,2,6,0.67
LmNb,8,10,18,0.44
LmNh,2,1,3,0.67
LmNl,4,4,8,0.5
LmNm,14,10,24,0.58
LmNn,30,24,54,0.56
LmNs,10,17,27,0.37
LmPB,9,11,20,0.45
LmPD,0,2,2,0.0
LmPH,5,3,8,0.62
LmPI,0,0,0,
LmPK,1,4,5,0.2
LmPL,12,8,20,0.6
LmPM,7,18,25,0.28
LmPN,19,15,34,0.56
LmPP,30,30,60,0.5
LmPS,12,11,23,0.52
LmPT,0,1,1,0.0
LmPb,14,10,24,0.58
LmPh,4,2,6,0.67
LmPl,10,7,17,0.59
LmPm,13,11,24,0.54
LmPn,14,13,27,0.52
LmPs,15,17,32,0.47
LmSB,7,6,13,0.54
LmSD,2,0,2,1.0
LmSH,0,1,1,0.0
LmSL,2,3,5,0.4
LmSM,8,12,20,0.4
LmSN,9,10,19,0.47
LmSP,12,14,26,0.46
LmSS,5,8,13,0.38
LmST,3,3,6,0.5
LmSb,5,5,10,0.5
LmSh,2,6,8,0.25
LmSl,5,5,10,0.5
LmSm,4,7,11,0.36
LmSn,9,11,20,0.45
LmSs,12,16,28,0.43
LmbB,5,12,17,0.29
LmbD,0,1,1,0.0
LmbH,6,1,7,0.86
LmbI,0,3,3,0.0
LmbJ,5,2,7,0.71
LmbK,0,0,0,
LmbL,9,6,15,0.6
LmbM,10,16,26,0.38
LmbN,12,15,27,0.44
LmbP,12,8,20,0.6
LmbS,8,5,13,0.62
Lmbb,11,13,24,0.46
Lmbl,2,4,6,0.33
Lmbm,10,8,18,0.56
Lmbn,11,11,22,0.5
Lmbs,6,9,15,0.4
LmlB,4,5,9,0.44
LmlD,0,1,1,0.0
LmlH,1,1,2,0.5
LmlJ,2,0,2,1.0
LmlK,1,0,1,1.0
LmlL,0,3,3,0.0
LmlM,3,2,5,0.6
LmlN,5,3,8,0.62
LmlP,8,3,11,0.73
LmlS,10,2,12,0.83
Lmlb,6,5,11,0.55
Lmll,3,2,5,0.6
Lmlm,4,4,8,0.5
Lmln,4,5,9,0.44
Lmls,2,1,3,0.67
LmmB,11,5,16,0.69
LmmD,4,2,6,0.67
LmmH,8,6,14,0.57
LmmI,0,1,1,0.0
LmmJ,2,2,4,0.5
LmmK,0,0,0,
LmmL,5,4,9,0.56
LmmM,9,10,19,0.47
LmmN,13,8,21,0.62
LmmP,17,15,32,0.53
LmmS,3,5,8,0.38
LmmT,1,0,1,1.0
Lmmb,14,10,24,0.58
Lmml,2,4,6,0.33
Lmmm,12,7,19,0.63
Lmmn,12,9,21,0.57
Lmms,5,4,9,0.56
LmnB,15,10,25,0.6
LmnD,0,1,1,0.0
LmnH,7,5,12,0.58
LmnI,1,0,1,1.0
LmnK,1,0,1,1.0
LmnL,7,1,8,0.88
LmnM,11,10,21,0.52
LmnN,26,25,51,0.51
LmnP,22,14,36,0.61
LmnS,8,12,20,0.4
Lmnb,16,13,29,0.55
Lmnl,5,2,7,0.71
Lmnm,14,8,22,0.64
Lmnn,11,12,23,0.48
Lmns,10,9,19,0.53
LmsB,2,3,5,0.4
LmsD,0,1,1,0.0
LmsH,6,7,13,0.46
LmsI,1,2,3,0.33
LmsK,1,0,1,1.0
LmsL,2,2,4,0.5
LmsM,3,5,8,0.38
LmsN,5,9,14,0.36
LmsP,8,9,17,0.47
LmsS,5,3,8,0.62
Lmsb,7,8,15,0.47
Lmsl,1,3,4,0.25
Lmsm,7,9,16,0.44
Lmsn,6,11,17,0.35
Lmss,6,7,13,0.46
LnBB,13,13,26,0.5
LnBD,2,1,3,0.67
LnBK,1,2,3,0.33
LnBL,5,4,9,0.56
LnBM,8,15,23,0.35
LnBN,12,14,26,0.46
LnBP,19,17,36,0.53
LnBS,3,3,6,0.5
LnBT,2,0,2,1.0
LnBb,12,14,26,0.46
LnBh,1,1,2,0.5
LnBj,2,6,8,0.25
LnBl,7,6,13,0.54
LnBm,8,3,11,0.73
LnBn,19,25,44,0.43
LnBs,6,10,16,0.38
LnDB,0,1,1,0.0
LnDD,0,1,1,0.0
LnDH,0,3,3,0.0
LnDI,1,0,1,1.0
LnDL,0,2,2,0.0
LnDM,3,0,3,1.0
LnDN,0,4,4,0.0
LnDP,2,4,6,0.33
LnDS,2,0,2,1.0
LnDb,3,2,5,0.6
LnDl,2,0,2,1.0
LnDm,1,2,3,0.33
LnDn,4,0,4,1.0
LnDs,2,0,2,1.0
LnHB,5,5,10,0.5
LnHD,0,1,1,0.0
LnHH,1,1,2,0.5
LnHK,2,1,3,0.67
LnHL,2,1,3,0.67
LnHM,7,13,20,0.35
LnHN,13,8,21,0.62
LnHP,12,6,18,0.67
LnHS,2,9,11,0.18
LnHT,1,1,2,0.5
LnHb,9,6,15,0.6
LnHh,2,0,2,1.0
LnHl,6,7,13,0.46
LnHm,14,9,23,0.61
LnHn,15,14,29,0.52
LnHs,7,8,15,0.47
LnIB,3,0,3,1.0
LnID,1,0,1,1.0
LnIH,2,2,4,0.5
LnIM,2,2,4,0.5
LnIN,3,3,6,0.5
LnIP,8,5,13,0.62
LnIS,2,1,3,0.67
LnIT,0,0,0,
LnIb,3,3,6,0.5
LnIl,0,1,1,0.0
LnIm,2,0,2,1.0
LnIn,4,3,7,0.57
LnIs,0,3,3,0.0
LnKB,2,0,2,1.0
LnKH,0,1,1,0.0
LnKK,0,1,1,0.0
LnKM,0,2,2,0.0
LnKN,1,0,1,1.0
LnKP,3,2,5,0.6
LnKS,3,0,3,1.0
LnKb,0,1,1,0.0
LnKh,1,1,2,0.5
LnKl,0,0,0,
LnKm,2,0,2,1.0
LnKn,0,1,1,0.0
LnKs,1,3,4,0.25
LnLB,4,6,10,0.4
LnLD,1,0,1,1.0
LnLK,0,1,1,0.0
LnLL,1,3,4,0.25
LnLM,2,5,7,0.29
LnLN,6,10,16,0.38
LnLP,12,10,22,0.55
LnLS,0,4,4,0.0
LnLT,0,2,2,0.0
LnLb,4,8,12,0.33
LnLh,3,3,6,0.5
LnLj,7,3,10,0.7
LnLl,3,3,6,0.5
LnLm,6,5,11,0.55
LnLn,11,12,23,0.48
LnLs,8,2,10,0.8
LnMB,14,19,33,0.42
LnMD,2,0,2,1.0
LnML,8,6,14,0.57
LnMM,11,23,34,0.32
LnMN,18,20,38,0.47
LnMP,28,17,45,0.62
LnMS,10,10,20,0.5
LnMT,2,3,5,0.4
LnMb,14,17,31,0.45
LnMh,12,9,21,0.57
LnMj,6,3,9,0.67
LnMl,8,3,11,0.73
LnMm,15,9,24,0.62
LnMn,25,26,51,0.49
LnMs,11,12,23,0.48
LnNB,21,11,32,0.66
LnND,1,3,4,0.25
LnNH,1,3,4,0.25
LnNL,6,12,18,0.33
LnNM,16,22,38,0.42
LnNN,34,34,68,0.5
LnNP,28,36,64,0.44
LnNS,17,16,33,0.52
LnNT,1,4,5,0.2
LnNb,15,18,33,0.45
LnNh,8,13,21,0.38
LnNl,7,10,17,0.41
LnNm,22,14,36,0.61
LnNn,24,34,58,0.41
LnNs,15,20,35,0.43
LnPB,22,27,49,0.45
LnPD,0,1,1,0.0
LnPH,8,11,19,0.42
LnPI,2,2,4,0.5
LnPK,5,3,8,0.62
LnPL,12,13,25,0.48
LnPM,24,33,57,0.42
LnPN,33,36,69,0.48
LnPP,39,37,76,0.51
LnPS,24,18,42,0.57
LnPT,2,4,6,0.33
LnPb,31,16,47,0.66
LnPh,2,3,5,0.4
LnPl,13,16,29,0.45
LnPm,26,17,43,0.6
LnPn,37,25,62,0.6
LnPs,24,19,43,0.56
LnSB,9,8,17,0.53
LnSD,2,1,3,0.67
LnSH,2,4,6,0.33
LnSI,1,0,1,1.0
LnSK,1,1,2,0.5
LnSL,8,5,13,0.62
LnSM,13,13,26,0.5
LnSN,23,17,40,0.57
LnSP,18,19,37,0.49
LnSS,16,17,33,0.48
LnST,5,2,7,0.71
LnSb,18,17,35,0.51
LnSh,10,9,19,0.53
LnSl,3,2,5,0.6
LnSm,14,15,29,0.48
LnSn,15,21,36,0.42
LnSs,11,10,21,0.52
LnTm,1,0,1,1.0
LnbB,14,12,26,0.54
LnbD,2,1,3,0.67
LnbH,2,8,10,0.2
LnbI,0,4,4,0.0
LnbJ,6,6,12,0.5
LnbK,1,3,4,0.25
LnbL,7,8,15,0.47
LnbM,10,18,28,0.36
LnbN,21,18,39,0.54
LnbP,13,22,35,0.37
LnbS,11,11,22,0.5
Lnbb,16,19,35,0.46
Lnbl,8,5,13,0.62
Lnbm,17,9,26,0.65
Lnbn,20,12,32,0.62
Lnbs,8,9,17,0.47
LnhB,1,1,2,0.5
LnhD,1,0,1,1.0
LnhL,2,0,2,1.0
LnhM,1,1,2,0.5
LnhN,1,0,1,1.0
LnhP,1,0,1,1.0
LnhS,1,0,1,1.0
Lnhb,0,3,3,0.0
Lnhh,2,1,3,0.67
Lnhl,1,1,2,0.5
Lnhm,0,1,1,0.0
Lnhn,2,1,3,0.67
Lnhs,2,2,4,0.5
LnlB,7,7,14,0.5
LnlD,2,1,3,0.67
LnlH,8,8,16,0.5
LnlI,0,1,1,0.0
LnlJ,2,1,3,0.67
LnlK,0,2,2,0.0
LnlL,0,2,2,0.0
LnlM,10,8,18,0.56
LnlN,18,10,28,0.64
LnlP,11,10,21,0.52
LnlS,5,4,9,0.56
Lnlb,7,8,15,0.47
Lnll,1,6,7,0.14
Lnlm,9,3,12,0.75
Lnln,14,10,24,0.58
Lnls,1,6,7,0.14
LnmB,7,11,18,0.39
LnmD,2,0,2,1.0
LnmH,10,15,25,0.4
LnmI,3,0,3,1.0
LnmJ,4,6,10,0.4
LnmL,6,7,13,0.46
LnmM,17,15,32,0.53
LnmN,20,23,43,0.47
LnmP,19,22,41,0.46
LnmS,8,8,16,0.5
Lnmb,8,14,22,0.36
Lnml,2,4,6,0.33
Lnmm,13,11,24,0.54
Lnmn,12,15,27,0.44
Lnms,5,7,12,0.42
LnnB,10,14,24,0.42
LnnD,2,2,4,0.5
LnnH,12,5,17,0.71
LnnI,2,2,4,0.5
LnnK,3,1,4,0.75
LnnL,5,8,13,0.38
LnnM,19,20,39,0.49
LnnN,31,31,62,0.5
LnnP,33,33,66,0.5
LnnS,21,23,44,0.48
Lnnb,15,9,24,0.62
Lnnh,2,3,5,0.4
Lnnl,14,6,20,0.7
Lnnm,13,16,29,0.45
Lnnn,34,21,55,0.62
Lnns,13,12,25,0.52
LnsB,4,8,12,0.33
LnsD,4,2,6,0.67
LnsH,11,13,24,0.46
LnsI,1,4,5,0.2
LnsL,3,3,6,0.5
LnsM,15,7,22,0.68
LnsN,10,14,24,0.42
LnsP,18,12,30,0.6
LnsS,19,20,39,0.49
Lnsb,14,6,20,0.7
Lnsh,1,1,2,0.5
Lnsl,2,2,4,0.5
Lnsm,12,16,28,0.43
Lnsn,15,12,27,0.56
Lnss,18,14,32,0.56
LsBB,2,6,8,0.25
LsBD,1,1,2,0.5
LsBL,1,0,1,1.0
LsBM,6,8,14,0.43
LsBN,3,8,11,0.27
LsBP,7,11,18,0.39
LsBS,5,5,10,0.5
LsBT,1,0,1,1.0
LsBb,11,2,13,0.85
LsBh,2,1,3,0.67
LsBj,2,0,2,1.0
LsBl,0,7,7,0.0
LsBm,9,1,10,0.9
LsBn,10,11,21,0.48
LsBs,2,6,8,0.25
LsDB,2,2,4,0.5
LsDD,2,0,2,1.0
LsDH,0,0,0,
LsDI,0,1,1,0.0
LsDL,0,2,2,0.0
LsDM,1,0,1,1.0
LsDN,1,1,2,0.5
LsDP,4,3,7,0.57
LsDS,3,1,4,0.75
LsDb,1,1,2,0.5
LsDl,0,1,1,0.0
LsDm,3,3,6,0.5
LsDn,2,0,2,1.0
LsDs,2,0,2,1.0
LsHB,1,7,8,0.12
LsHD,0,1,1,0.0
LsHH,2,0,2,1.0
LsHI,0,1,1,0.0
LsHL,3,2,5,0.6
LsHM,7,11,18,0.39
LsHN,9,11,20,0.45
LsHP,7,7,14,0.5
LsHS,2,13,15,0.13
LsHT,1,1,2,0.5
LsHb,7,6,13,0.54
LsHh,6,6,12,0.5
LsHl,5,3,8,0.62
LsHm,3,4,7,0.43
LsHn,10,8,18,0.56
LsHs,9,7,16,0.56
LsIB,0,2,2,0.0
LsID,1,0,1,1.0
LsIH,1,1,2,0.5
LsII,1,0,1,1.0
LsIK,0,0,0,
LsIM,2,3,5,0.4
LsIN,5,3,8,0.62
LsIP,2,1,3,0.67
LsIS,2,0,2,1.0
LsIb,2,0,2,1.0
LsIl,1,0,1,1.0
LsIm,1,0,1,1.0
LsIn,3,0,3,1.0
LsKN,0,1,1,0.0
LsKS,0,1,1,0.0
LsKb,1,0,1,1.0
LsKn,0,0,0,
LsKs,0,2,2,0.0
LsLB,5,7,12,0.42
LsLD,0,1,1,0.0
LsLL,1,1,2,0.5
LsLM,2,4,6,0.33
LsLN,3,4,7,0.43
LsLP,5,3,8,0.62
LsLS,2,6,8,0.25
LsLb,2,3,5,0.4
LsLh,1,1,2,0.5
LsLj,1,0,1,1.0
LsLl,1,5,6,0.17
LsLm,3,5,8,0.38
LsLn,4,5,9,0.44
LsLs,4,3,7,0.57
LsMB,13,14,27,0.48
LsMD,2,0,2,1.0
LsMH,1,0,1,1.0
LsML,4,2,6,0.67
LsMM,6,6,12,0.5
LsMN,6,6,12,0.5
LsMP,10,8,18,0.56
LsMS,3,5,8,0.38
LsMT,2,0,2,1.0
LsMb,9,10,19,0.47
LsMh,6,8,14,0.43
LsMj,1,1,2,0.5
LsMl,9,3,12,0.75
LsMm,4,14,18,0.22
LsMn,9,8,17,0.53
LsMs,11,7,18,0.61
LsNB,4,5,9,0.44
LsND,2,1,3,0.67
LsNH,2,0,2,1.0
LsNK,0,1,1,0.0
LsNL,9,2,11,0.82
LsNM,4,7,11,0.36
LsNN,14,7,21,0.67
LsNP,18,15,33,0.55
LsNS,10,6,16,0.62
LsNT,2,5,7,0.29
LsNb,10,3,13,0.77
LsNh,2,2,4,0.5
LsNl,3,4,7,0.43
LsNm,4,10,14,0.29
LsNn,14,13,27,0.52
LsNs,6,7,13,0.46
LsPB,10,6,16,0.62
LsPD,0,3,3,0.0
LsPH,3,7,10,0.3
LsPI,1,1,2,0.5
LsPK,1,0,1,1.0
LsPL,7,2,9,0.78
LsPM,8,12,20,0.4
LsPN,12,13,25,0.48
LsPP,19,25,44,0.43
LsPS,10,11,21,0.48
LsPT,1,1,2,0.5
LsPb,9,11,20,0.45
LsPh,1,2,3,0.33
LsPl,10,9,19,0.53
LsPm,17,13,30,0.57
LsPn,14,14,28,0.5
LsPs,12,6,18,0.67
LsSB,5,3,8,0.62
LsSD,2,1,3,0.67
LsSH,4,0,4,1.0
LsSI,1,0,1,1.0
LsSK,1,0,1,1.0
LsSL,6,6,12,0.5
LsSM,5,7,12,0.42
LsSN,2,10,12,0.17
LsSP,14,13,27,0.52
LsSS,13,15,28,0.46
LsST,2,0,2,1.0
LsSb,9,7,16,0.56
LsSh,8,7,15,0.53
LsSl,4,4,8,0.5
LsSm,9,2,11,0.82
LsSn,9,7,16,0.56
LsSs,18,7,25,0.72
LsTP,1,0,1,1.0
LsTS,0,1,1,0.0
LsbB,10,8,18,0.56
LsbD,1,1,2,0.5
LsbH,3,3,6,0.5
LsbI,0,1,1,0.0
LsbJ,2,1,3,0.67
LsbK,1,1,2,0.5
LsbL,3,1,4,0.75
LsbM,7,8,15,0.47
LsbN,7,6,13,0.54
LsbP,13,8,21,0.62
LsbS,3,3,6,0.5
Lsbb,7,4,11,0.64
Lsbl,5,2,7,0.71
Lsbm,4,2,6,0.67
Lsbn,6,9,15,0.4
Lsbs,2,2,4,0.5
LshK,0,0,0,
LshN,0,1,1,0.0
LshP,1,0,1,1.0
Lshl,0,0,0,
Lshm,1,1,2,0.5
Lshn,2,0,2,1.0
Lshs,2,1,3,0.67
LslB,5,2,7,0.71
LslH,3,3,6,0.5
LslI,0,1,1,0.0
LslJ,3,0,3,1.0
LslL,1,1,2,0.5
LslM,6,4,10,0.6
LslN,4,6,10,0.4
LslP,1,4,5,0.2
LslS,2,4,6,0.33
Lslb,1,1,2,0.5
Lsll,3,4,7,0.43
Lslm,5,4,9,0.56
Lsln,3,4,7,0.43
Lsls,2,3,5,0.4
LsmB,5,9,14,0.36
LsmD,3,2,5,0.6
LsmH,5,3,8,0.62
LsmI,2,0,2,1.0
LsmJ,3,0,3,1.0
LsmL,2,3,5,0.4
LsmM,6,8,14,0.43
LsmN,14,7,21,0.67
LsmP,12,4,16,0.75
LsmS,5,9,14,0.36
Lsmb,7,7,14,0.5
Lsml,4,1,5,0.8
Lsmm,5,10,15,0.33
Lsmn,4,6,10,0.4
Lsms,9,4,13,0.69
LsnB,2,6,8,0.25
LsnD,0,3,3,0.0
LsnH,2,5,7,0.29
LsnI,1,1,2,0.5
LsnK,1,1,2,0.5
LsnL,2,6,8,0.25
LsnM,8,7,15,0.53
LsnN,5,10,15,0.33
LsnP,9,12,21,0.43
LsnS,5,12,17,0.29
Lsnb,11,11,22,0.5
Lsnh,1,0,1,1.0
Lsnl,2,0,2,1.0
Lsnm,8,7,15,0.53
Lsnn,10,5,15,0.67
Lsns,6,4,10,0.6
LssB,4,4,8,0.5
LssD,1,1,2,0.5
LssH,3,6,9,0.33
LssI,0,0,0,
LssL,4,4,8,0.5
LssM,6,5,11,0.55
LssN,6,12,18,0.33
LssP,8,9,17,0.47
LssS,6,10,16,0.38
Lssb,5,8,13,0.38
Lssl,5,3,8,0.62
Lssm,6,9,15,0.4
Lssn,4,8,12,0.33
Lsss,7,8,15,0.47
MBBB,36,47,83,0.43
MBBD,2,4,6,0.33
MBBH,1,0,1,1.0
MBBK,2,3,5,0.4
MBBL,6,12,18,0.33
MBBM,25,40,65,0.38
MBBN,28,48,76,0.37
MBBP,54,38,92,0.59
MBBS,12,7,19,0.63
MBBT,2,5,7,0.29
MBBb,33,40,73,0.45
MBBh,2,3,5,0.4
MBBj,14,13,27,0.52
MBBl,8,14,22,0.36
MBBm,27,23,50,0.54
MBBn,44,45,89,0.49
MBBs,13,14,27,0.48
MBDB,3,6,9,0.33
MBDD,1,0,1,1.0
MBDH,1,3,4,0.25
MBDI,0,1,1,0.0
MBDL,1,3,4,0.25
MBDM,0,2,2,0.0
MBDN,4,4,8,0.5
MBDP,3,2,5,0.6
MBDS,1,4,5,0.2
MBDb,1,2,3,0.33
MBDh,0,1,1,0.0
MBDl,1,3,4,0.25
MBDm,5,1,6,0.83
MBDn,4,3,7,0.57
MBDs,2,3,5,0.4
MBHB,0,1,1,0.0
MBHI,0,1,1,0.0
MBHL,0,0,0,
MBHM,2,0,2,1.0
MBHP,0,1,1,0.0
MBHS,0,1,1,0.0
MBHb,2,1,3,0.67
MBHs,0,1,1,0.0
MBIN,0,1,1,0.0
MBKB,0,0,0,
MBKD,1,0,1,1.0
MBKH,1,0,1,1.0
MBKM,3,3,6,0.5
MBKN,1,3,4,0.25
MBKP,2,1,3,0.67
MBKS,3,2,5,0.6
MBKb,2,4,6,0.33
MBKh,2,1,3,0.67
MBKl,2,0,2,1.0
MBKm,3,2,5,0.6
MBKn,1,4,5,0.2
MBKs,3,3,6,0.5
MBLB,5,13,18,0.28
MBLD,0,1,1,0.0
MBLH,1,0,1,1.0
MBLK,1,1,2,0.5
MBLL,0,6,6,0.0
MBLM,5,7,12,0.42
MBLN,7,14,21,0.33
MBLP,18,10,28,0.64
MBLS,5,5,10,0.5
MBLT,0,3,3,0.0
MBLb,16,8,24,0.67
MBLh,4,5,9,0.44
MBLj,5,4,9,0.56
MBLl,3,2,5,0.6
MBLm,7,4,11,0.64
MBLn,11,13,24,0.46
MBLs,9,2,11,0.82
MBMB,30,26,56,0.54
MBMD,5,3,8,0.62
MBMH,0,0,0,
MBMK,1,0,1,1.0
MBML,8,3,11,0.73
MBMM,20,25,45,0.44
MBMN,26,31,57,0.46
MBMP,39,41,80,0.49
MBMS,16,18,34,0.47
MBMT,4,5,9,0.44
MBMb,39,36,75,0.52
MBMh,22,26,48,0.46
MBMj,7,4,11,0.64
MBMl,9,14,23,0.39
MBMm,26,18,44,0.59
MBMn,42,27,69,0.61
MBMs,13,8,21,0.62
MBNB,26,38,64,0.41
MBND,3,3,6,0.5
MBNH,2,6,8,0.25
MBNK,1,3,4,0.25
MBNL,9,5,14,0.64
MBNM,21,42,63,0.33
MBNN,50,47,97,0.52
MBNP,57,61,118,0.48
MBNS,20,21,41,0.49
MBNT,5,5,10,0.5
MBNb,37,33,70,0.53
MBNh,4,12,16,0.25
MBNl,11,13,24,0.46
MBNm,34,32,66,0.52
MBNn,48,64,112,0.43
MBNs,19,31,50,0.38
MBPB,32,38,70,0.46
MBPD,1,7,8,0.12
MBPH,12,13,25,0.48
MBPI,1,2,3,0.33
MBPK,5,6,11,0.45
MBPL,19,15,34,0.56
MBPM,34,40,74,0.46
MBPN,34,38,72,0.47
MBPP,69,68,137,0.5
MBPS,24,23,47,0.51
MBPT,3,1,4,0.75
MBPb,47,31,78,0.6
MBPh,5,8,13,0.38
MBPl,15,25,40,0.38
MBPm,43,33,76,0.57
MBPn,38,38,76,0.5
MBPs,28,25,53,0.53
MBSB,11,15,26,0.42
MBSD,6,0,6,1.0
MBSH,5,3,8,0.62
MBSI,1,0,1,1.0
MBSL,5,7,12,0.42
MBSM,13,15,28,0.46
MBSN,10,11,21,0.48
MBSP,23,14,37,0.62
MBSS,13,17,30,0.43
MBST,2,2,4,0.5
MBSb,12,9,21,0.57
MBSh,7,9,16,0.44
MBSl,6,2,8,0.75
MBSm,16,11,27,0.59
MBSn,21,13,34,0.62
MBSs,14,16,30,0.47
MBTB,3,1,4,0.75
MBTH,4,4,8,0.5
MBTK,0,1,1,0.0
MBTL,1,1,2,0.5
MBTM,3,0,3,1.0
MBTN,3,3,6,0.5
MBTP,7,7,14,0.5
MBTS,1,1,2,0.5
MBTb,7,6,13,0.54
MBTl,3,1,4,0.75
MBTm,6,0,6,1.0
MBTn,5,2,7,0.71
MBTs,2,1,3,0.67
MBbB,31,25,56,0.55
MBbD,2,4,6,0.33
MBbH,14,9,23,0.61
MBbI,4,3,7,0.57
MBbJ,13,10,23,0.57
MBbK,3,3,6,0.5
MBbL,9,12,21,0.43
MBbM,21,48,69,0.3
MBbN,37,53,90,0.41
MBbP,38,41,79,0.48
MBbS,13,21,34,0.38
MBbb,36,32,68,0.53
MBbl,11,8,19,0.58
MBbm,35,33,68,0.51
MBbn,39,48,87,0.45
MBbs,11,14,25,0.44
MBhB,3,1,4,0.75
MBhD,0,0,0,
MBhL,1,2,3,0.33
MBhM,1,2,3,0.33
MBhN,3,4,7,0.43
MBhP,3,3,6,0.5
MBhS,1,3,4,0.25
MBhb,3,5,8,0.38
MBhh,5,1,6,0.83
MBhl,2,2,4,0.5
MBhm,3,4,7,0.43
MBhn,3,7,10,0.3
MBhs,4,1,5,0.8
MBjB,14,13,27,0.52
MBjD,3,1,4,0.75
MBjH,2,4,6,0.33
MBjI,2,3,5,0.4
MBjK,1,0,1,1.0
MBjL,4,6,10,0.4
MBjM,7,10,17,0.41
MBjN,13,10,23,0.57
MBjP,18,17,35,0.51
MBjS,3,11,14,0.21
MBjT,1,2,3,0.33
MBjb,21,13,34,0.62
MBjh,2,2,4,0.5
MBjl,4,3,7,0.57
MBjm,4,9,13,0.31
MBjn,15,12,27,0.56
MBjs,5,4,9,0.56
MBlB,13,6,19,0.68
MBlD,2,1,3,0.67
MBlH,2,6,8,0.25
MBlJ,2,2,4,0.5
MBlK,0,1,1,0.0
MBlL,3,4,7,0.43
MBlM,8,10,18,0.44
MBlN,13,9,22,0.59
MBlP,13,14,27,0.48
MBlS,6,9,15,0.4
MBlb,11,9,20,0.55
MBll,1,10,11,0.09
MBlm,13,10,23,0.57
MBln,13,15,28,0.46
MBls,8,8,16,0.5
MBmB,32,18,50,0.64
MBmD,3,3,6,0.5
MBmH,14,25,39,0.36
MBmI,2,2,4,0.5
MBmJ,6,11,17,0.35
MBmL,9,4,13,0.69
MBmM,31,40,71,0.44
MBmN,31,45,76,0.41
MBmP,42,28,70,0.6
MBmS,17,21,38,0.45
MBmb,26,19,45,0.58
MBml,8,10,18,0.44
MBmm,27,24,51,0.53
MBmn,25,27,52,0.48
MBms,12,17,29,0.41
MBnB,39,31,70,0.56
MBnD,5,6,11,0.45
MBnH,15,18,33,0.45
MBnI,8,8,16,0.5
MBnK,7,5,12,0.58
MBnL,10,11,21,0.48
MBnM,34,50,84,0.4
MBnN,56,62,118,0.47
MBnP,59,62,121,0.49
MBnS,25,32,57,0.44
MBnb,37,42,79,0.47
MBnh,2,5,7,0.29
MBnl,16,14,30,0.53
MBnm,43,24,67,0.64
MBnn,68,47,115,0.59
MBns,27,22,49,0.55
MBsB,6,5,11,0.55
MBsD,1,2,3,0.33
MBsH,11,11,22,0.5
MBsI,3,2,5,0.6
MBsL,3,3,6,0.5
MBsM,15,7,22,0.68
MBsN,11,16,27,0.41
MBsP,20,19,39,0.51
MBsS,16,12,28,0.57
MBsb,9,11,20,0.45
MBsh,1,1,2,0.5
MBsl,4,4,8,0.5
MBsm,7,14,21,0.33
MBsn,14,11,25,0.56
MBss,9,8,17,0.53
MDBB,1,1,2,0.5
MDBD,2,0,2,1.0
MDBK,0,1,1,0.0
MDBL,1,1,2,0.5
MDBM,3,3,6,0.5
MDBN,4,3,7,0.57
MDBP,5,6,11,0.45
MDBS,4,1,5,0.8
MDBT,0,1,1,0.0
MDBb,4,4,8,0.5
MDBh,1,0,1,1.0
MDBj,1,0,1,1.0
MDBl,1,1,2,0.5
MDBm,6,4,10,0.6
MDBn,3,1,4,0.75
MDBs,4,0,4,1.0
MDDB,0,1,1,0.0
MDDD,1,2,3,0.33
MDDH,3,1,4,0.75
MDDL,1,0,1,1.0
MDDM,2,2,4,0.5
MDDN,0,0,0,
MDDP,5,2,7,0.71
MDDS,2,2,4,0.5
MDDb,1,0,1,1.0
MDDh,0,1,1,0.0
MDDm,3,3,6,0.5
MDDn,0,0,0,
MDDs,0,1,1,0.0
MDHB,4,0,4,1.0
MDHD,2,2,4,0.5
MDHI,0,1,1,0.0
MDHL,2,1,3,0.67
MDHM,1,3,4,0.25
MDHN,2,1,3,0.67
MDHP,7,7,14,0.5
MDHS,1,1,2,0.5
MDHb,1,3,4,0.25
MDHh,4,2,6,0.67
MDHl,0,0,0,
MDHm,5,1,6,0.83
MDHn,4,1,5,0.8
MDHs,1,1,2,0.5
MDIH,0,0,0,
MDIN,1,0,1,1.0
MDIP,0,0,0,
MDIS,0,1,1,0.0
MDIb,1,0,1,1.0
MDIm,1,1,2,0.5
MDIn,1,0,1,1.0
MDKb,1,0,1,1.0
MDLB,2,2,4,0.5
MDLD,0,0,0,
MDLK,1,0,1,1.0
MDLM,0,2,2,0.0
MDLP,1,0,1,1.0
MDLS,2,1,3,0.67
MDLb,0,1,1,0.0
MDLj,0,0,0,
MDLl,0,2,2,0.0
MDLm,1,2,3,0.33
MDLn,0,1,1,0.0
MDLs,1,0,1,1.0
MDMB,2,2,4,0.5
MDMD,2,3,5,0.4
MDML,1,1,2,0.5
MDMM,5,3,8,0.62
MDMN,2,3,5,0.4
MDMP,8,7,15,0.53
MDMS,2,7,9,0.22
MDMT,0,1,1,0.0
MDMb,3,2,5,0.6
MDMh,2,3,5,0.4
MDMj,1,2,3,0.33
MDMl,0,4,4,0.0
MDMm,10,4,14,0.71
MDMn,6,9,15,0.4
MDMs,0,7,7,0.0
MDNB,0,4,4,0.0
MDND,1,2,3,0.33
MDNH,1,2,3,0.33
MDNI,1,0,1,1.0
MDNK,0,1,1,0.0
MDNL,2,4,6,0.33
MDNM,3,3,6,0.5
MDNN,7,4,11,0.64
MDNP,2,3,5,0.4
MDNS,3,3,6,0.5
MDNT,0,1,1,0.0
MDNb,6,0,6,1.0
MDNh,0,1,1,0.0
MDNm,0,3,3,0.0
MDNn,2,5,7,0.29
MDNs,1,3,4,0.25
MDPB,5,8,13,0.38
MDPD,2,0,2,1.0
MDPH,1,0,1,1.0
MDPK,1,1,2,0.5
MDPL,5,4,9,0.56
MDPM,8,6,14,0.57
MDPN,4,4,8,0.5
MDPP,5,10,15,0.33
MDPS,3,4,7,0.43
MDPT,0,1,1,0.0
MDPb,2,4,6,0.33
MDPh,1,0,1,1.0
MDPl,1,3,4,0.25
MDPm,7,2,9,0.78
MDPn,2,5,7,0.29
MDPs,5,3,8,0.62
MDSB,4,5,9,0.44
MDSD,0,3,3,0.0
MDSH,0,3,3,0.0
MDSI,1,0,1,1.0
MDSL,1,0,1,1.0
MDSM,7,5,12,0.58
MDSN,4,4,8,0.5
MDSP,7,3,10,0.7
MDSS,6,3,9,0.67
MDST,1,0,1,1.0
MDSb,4,2,6,0.67
MDSh,1,3,4,0.25
MDSl,1,0,1,1.0
MDSm,4,2,6,0.67
MDSn,5,9,14,0.36
MDSs,5,10,15,0.33
MDTL,1,0,1,1.0
MDTM,0,1,1,0.0
MDTN,1,1,2,0.5
MDTS,0,1,1,0.0
MDbB,3,2,5,0.6
MDbD,0,0,0,
MDbH,1,1,2,0.5
MDbI,2,0,2,1.0
MDbJ,0,2,2,0.0
MDbK,0,0,0,
MDbL,1,2,3,0.33
MDbM,2,6,8,0.25
MDbN,6,4,10,0.6
MDbP,2,3,5,0.4
MDbS,2,1,3,0.67
MDbb,1,1,2,0.5
MDbl,3,2,5,0.6
MDbm,5,8,13,0.38
MDbn,9,4,13,0.69
MDbs,0,7,7,0.0
MDhP,1,0,1,1.0
MDhS,1,0,1,1.0
MDhh,0,1,1,0.0
MDhn,0,1,1,0.0
MDhs,1,0,1,1.0
MDlH,1,2,3,0.33
MDlI,1,0,1,1.0
MDlK,0,1,1,0.0
MDlL,1,0,1,1.0
MDlM,1,1,2,0.5
MDlN,2,0,2,1.0
MDlP,2,1,3,0.67
MDlS,3,1,4,0.75
MDlb,1,1,2,0.5
MDlm,3,1,4,0.75
MDln,2,2,4,0.5
MDls,0,0,0,
MDmB,6,6,12,0.5
MDmD,2,1,3,0.67
MDmH,7,4,11,0.64
MDmJ,1,2,3,0.33
MDmL,3,1,4,0.75
MDmM,7,5,12,0.58
MDmN,4,8,12,0.33
MDmP,2,4,6,0.33
MDmS,0,8,8,0.0
MDmb,3,3,6,0.5
MDml,3,0,3,1.0
MDmm,9,3,12,0.75
MDmn,4,2,6,0.67
MDms,3,1,4,0.75
MDnB,0,1,1,0.0
MDnD,0,1,1,0.0
MDnH,2,1,3,0.67
MDnI,2,0,2,1.0
MDnK,1,0,1,1.0
MDnL,2,0,2,1.0
MDnM,6,5,11,0.55
MDnN,7,5,12,0.58
MDnP,6,7,13,0.46
MDnS,3,5,8,0.38
MDnb,4,1,5,0.8
MDnl,1,1,2,0.5
MDnm,4,1,5,0.8
MDnn,2,3,5,0.4
MDns,3,4,7,0.43
MDsB,1,1,2,0.5
MDsD,0,0,0,
MDsH,3,2,5,0.6
MDsI,0,0,0,
MDsL,1,0,1,1.0
MDsM,2,2,4,0.5
MDsN,2,0,2,1.0
MDsP,1,1,2,0.5
MDsS,6,2,8,0.75
MDsb,0,1,1,0.0
MDsh,1,0,1,1.0
MDsl,2,2,4,0.5
MDsm,6,3,9,0.67
MDsn,2,1,3,0.67
MDss,1,3,4,0.25
MHBK,0,1,1,0.0
MHBM,1,0,1,1.0
MHBS,0,1,1,0.0
MHBb,1,0,1,1.0
MHBm,2,0,2,1.0
MHBs,1,0,1,1.0
MHDN,0,1,1,0.0
MHHD,1,0,1,1.0
MHHS,1,0,1,1.0
MHIS,0,1,1,0.0
MHIm,0,1,1,0.0
MHIn,0,1,1,0.0
MHLM,1,0,1,1.0
MHLm,2,0,2,1.0
MHMB,0,1,1,0.0
MHMM,0,2,2,0.0
MHMP,1,0,1,1.0
MHMS,0,1,1,0.0
MHMh,0,1,1,0.0
MHMm,0,0,0,
MHMs,0,2,2,0.0
MHNB,0,1,1,0.0
MHNP,0,0,0,
MHPH,0,1,1,0.0
MHPM,0,2,2,0.0
MHPN,0,1,1,0.0
MHPP,1,0,1,1.0
MHPS,2,0,2,1.0
MHPb,0,1,1,0.0
MHPl,1,1,2,0.5
MHPm,1,1,2,0.5
MHSB,0,0,0,
MHSH,0,1,1,0.0
MHSL,1,0,1,1.0
MHSM,0,1,1,0.0
MHSN,0,1,1,0.0
MHSb,1,0,1,1.0
MHSh,1,0,1,1.0
MHSm,0,1,1,0.0
MHSn,1,1,2,0.5
MHSs,0,1,1,0.0
MHbJ,0,0,0,
MHbK,0,1,1,0.0
MHbP,0,1,1,0.0
MHbb,1,0,1,1.0
MHlH,0,0,0,
MHlb,0,1,1,0.0
MHmH,0,1,1,0.0
MHmM,0,2,2,0.0
MHmN,1,0,1,1.0
MHmP,0,0,0,
MHmS,0,1,1,0.0
MHmm,0,0,0,
MHnH,1,0,1,1.0
MHnM,0,1,1,0.0
MHnN,0,1,1,0.0
MHnh,0,0,0,
MHsS,2,0,2,1.0
MHsb,0,0,0,
MIBB,0,1,1,0.0
MIDL,0,1,1,0.0
MIDP,0,1,1,0.0
MIHm,0,1,1,0.0
MIMD,1,0,1,1.0
MIMN,0,0,0,
MIMS,1,0,1,1.0
MIMT,0,1,1,0.0
MIMm,1,0,1,1.0
MINB,0,1,1,0.0
MINH,0,1,1,0.0
MINP,0,2,2,0.0
MINh,0,1,1,0.0
MIPM,1,0,1,1.0
MIPS,0,0,0,
MIPh,1,0,1,1.0
MIPn,1,0,1,1.0
MISM,1,1,2,0.5
MISS,0,0,0,
MISb,0,1,1,0.0
MISn,1,1,2,0.5
MITl,0,1,1,0.0
MIhb,0,1,1,0.0
MIlB,0,0,0,
MImM,0,1,1,0.0
MImS,1,0,1,1.0
MInP,1,0,1,1.0
MInS,1,0,1,1.0
MInb,1,0,1,1.0
MIsS,0,1,1,0.0
MKBB,0,1,1,0.0
MKBD,1,0,1,1.0
MKBP,0,1,1,0.0
MKBS,0,1,1,0.0
MKBm,1,0,1,1.0
MKBn,0,1,1,0.0
MKDH,1,0,1,1.0
MKHn,0,1,1,0.0
MKHs,0,1,1,0.0
MKIB,1,0,1,1.0
MKLs,0,0,0,
MKMB,1,0,1,1.0
MKMD,0,0,0,
MKMN,0,1,1,0.0
MKMb,0,1,1,0.0
MKMh,1,1,2,0.5
MKMm,0,1,1,0.0
MKMn,1,0,1,1.0
MKNB,0,1,1,0.0
MKNM,0,0,0,
MKNN,0,1,1,0.0
MKNP,2,1,3,0.67
MKNS,0,1,1,0.0
MKNb,1,1,2,0.5
MKNl,0,1,1,0.0
MKNn,0,1,1,0.0
MKPB,1,0,1,1.0
MKPM,0,1,1,0.0
MKPN,0,4,4,0.0
MKPP,1,2,3,0.33
MKPb,0,4,4,0.0
MKPm,0,0,0,
MKPn,0,1,1,0.0
MKSB,0,0,0,
MKSH,0,1,1,0.0
MKSN,0,0,0,
MKSP,0,1,1,0.0
MKSS,0,1,1,0.0
MKSb,3,0,3,1.0
MKSl,0,0,0,
MKSm,1,0,1,1.0
MKSn,1,0,1,1.0
MKSs,0,1,1,0.0
MKbH,1,0,1,1.0
MKbL,1,0,1,1.0
MKbM,0,1,1,0.0
MKbP,0,1,1,0.0
MKhH,0,1,1,0.0
MKhM,0,1,1,0.0
MKhN,2,0,2,1.0
MKhP,0,1,1,0.0
MKhb,0,1,1,0.0
MKhh,0,1,1,0.0
MKhm,1,0,1,1.0
MKhn,0,0,0,
MKlI,0,1,1,0.0
MKlJ,0,1,1,0.0
MKlN,1,0,1,1.0
MKlm,0,1,1,0.0
MKln,1,0,1,1.0
MKmB,1,0,1,1.0
MKmL,1,0,1,1.0
MKmM,0,1,1,0.0
MKmN,1,0,1,1.0
MKmS,0,1,1,0.0
MKms,0,1,1,0.0
MKnH,0,1,1,0.0
MKnM,1,0,1,1.0
MKnP,1,2,3,0.33
MKnS,1,0,1,1.0
MKnb,0,1,1,0.0
MKnm,0,2,2,0.0
MKnn,2,0,2,1.0
MKsB,1,0,1,1.0
MKsM,0,1,1,0.0
MKsm,1,0,1,1.0
MLBB,6,12,18,0.33
MLBD,1,0,1,1.0
MLBK,1,1,2,0.5
MLBL,1,2,3,0.33
MLBM,10,14,24,0.42
MLBN,8,9,17,0.47
MLBP,15,18,33,0.45
MLBS,5,4,9,0.56
MLBT,2,2,4,0.5
MLBb,17,16,33,0.52
MLBh,0,5,5,0.0
MLBj,0,3,3,0.0
MLBl,7,3,10,0.7
MLBm,10,7,17,0.59
MLBn,10,12,22,0.45
MLBs,3,3,6,0.5
MLDB,5,0,5,1.0
MLDD,1,1,2,0.5
MLDH,0,3,3,0.0
MLDL,0,0,0,
MLDM,4,1,5,0.8
MLDP,2,1,3,0.67
MLDS,0,3,3,0.0
MLDT,0,1,1,0.0
MLDb,1,0,1,1.0
MLDl,1,0,1,1.0
MLDm,2,1,3,0.67
MLDn,0,1,1,0.0
MLDs,2,0,2,1.0
MLHM,0,1,1,0.0
MLHP,1,1,2,0.5
MLHS,0,1,1,0.0
MLHs,0,1,1,0.0
MLKB,0,1,1,0.0
MLKH,0,1,1,0.0
MLKL,1,0,1,1.0
MLKM,0,2,2,0.0
MLKP,0,1,1,0.0
MLKS,1,2,3,0.33
MLKb,1,0,1,1.0
MLKh,2,0,2,1.0
MLKs,0,2,2,0.0
MLLB,3,7,10,0.3
MLLD,0,1,1,0.0
MLLM,1,3,4,0.25
MLLN,0,3,3,0.0
MLLP,5,5,10,0.5
MLLS,2,4,6,0.33
MLLT,0,2,2,0.0
MLLb,6,2,8,0.75
MLLh,2,3,5,0.4
MLLj,4,3,7,0.57
MLLl,1,1,2,0.5
MLLm,0,1,1,0.0
MLLn,1,2,3,0.33
MLLs,5,2,7,0.71
MLMB,15,13,28,0.54
MLMD,0,1,1,0.0
MLML,4,4,8,0.5
MLMM,10,11,21,0.48
MLMN,11,9,20,0.55
MLMP,16,10,26,0.62
MLMS,6,5,11,0.55
MLMT,0,0,0,
MLMb,11,17,28,0.39
MLMh,4,9,13,0.31
MLMj,3,4,7,0.43
MLMl,3,1,4,0.75
MLMm,12,4,16,0.75
MLMn,19,14,33,0.58
MLMs,7,4,11,0.64
MLNB,7,7,14,0.5
MLNH,3,1,4,0.75
MLNK,2,1,3,0.67
MLNL,4,5,9,0.44
MLNM,6,12,18,0.33
MLNN,24,11,35,0.69
MLNP,26,20,46,0.57
MLNS,13,6,19,0.68
MLNT,4,1,5,0.8
MLNb,12,16,28,0.43
MLNh,3,10,13,0.23
MLNl,3,3,6,0.5
MLNm,23,5,28,0.82
MLNn,19,17,36,0.53
MLNs,10,6,16,0.62
MLPB,14,14,28,0.5
MLPD,3,0,3,1.0
MLPH,2,6,8,0.25
MLPI,1,2,3,0.33
MLPK,3,2,5,0.6
MLPL,6,7,13,0.46
MLPM,16,17,33,0.48
MLPN,20,19,39,0.51
MLPP,24,24,48,0.5
MLPS,15,15,30,0.5
MLPT,1,0,1,1.0
MLPb,16,15,31,0.52
MLPh,0,1,1,0.0
MLPl,10,9,19,0.53
MLPm,13,16,29,0.45
MLPn,17,13,30,0.57
MLPs,5,8,13,0.38
MLSB,3,2,5,0.6
MLSD,1,1,2,0.5
MLSH,5,4,9,0.56
MLSI,1,0,1,1.0
MLSK,1,1,2,0.5
MLSL,1,2,3,0.33
MLSM,2,9,11,0.18
MLSN,7,7,14,0.5
MLSP,11,10,21,0.52
MLSS,5,5,10,0.5
MLST,1,1,2,0.5
MLSb,5,6,11,0.45
MLSh,4,4,8,0.5
MLSl,6,2,8,0.75
MLSm,6,8,14,0.43
MLSn,7,5,12,0.58
MLSs,8,5,13,0.62
MLTB,1,1,2,0.5
MLTM,3,1,4,0.75
MLTN,0,2,2,0.0
MLTP,0,2,2,0.0
MLTS,0,4,4,0.0
MLTb,1,1,2,0.5
MLTl,0,1,1,0.0
MLTm,3,0,3,1.0
MLTn,1,3,4,0.25
MLTs,1,0,1,1.0
MLbB,8,12,20,0.4
MLbD,0,3,3,0.0
MLbH,1,5,6,0.17
MLbI,0,2,2,0.0
MLbJ,10,2,12,0.83
MLbK,2,0,2,1.0
MLbL,3,6,9,0.33
MLbM,8,12,20,0.4
MLbN,13,21,34,0.38
MLbP,12,16,28,0.43
MLbS,9,9,18,0.5
MLbb,13,14,27,0.48
MLbl,4,1,5,0.8
MLbm,9,6,15,0.6
MLbn,10,16,26,0.38
MLbs,9,7,16,0.56
MLhB,3,2,5,0.6
MLhD,1,0,1,1.0
MLhH,0,2,2,0.0
MLhL,1,6,7,0.14
MLhM,7,6,13,0.54
MLhN,11,3,14,0.79
MLhP,9,7,16,0.56
MLhS,4,5,9,0.44
MLhb,4,4,8,0.5
MLhh,5,4,9,0.56
MLhl,2,0,2,1.0
MLhm,4,3,7,0.57
MLhn,6,6,12,0.5
MLhs,2,5,7,0.29
MLjB,6,3,9,0.67
MLjH,1,0,1,1.0
MLjL,1,3,4,0.25
MLjM,4,5,9,0.44
MLjN,3,6,9,0.33
MLjP,6,2,8,0.75
MLjS,1,4,5,0.2
MLjT,0,1,1,0.0
MLjb,4,4,8,0.5
MLjh,0,1,1,0.0
MLjl,2,2,4,0.5
MLjm,7,4,11,0.64
MLjn,5,2,7,0.71
MLjs,3,0,3,1.0
MLlB,6,3,9,0.67
MLlH,4,8,12,0.33
MLlJ,1,1,2,0.5
MLlK,1,0,1,1.0
MLlL,4,4,8,0.5
MLlM,7,5,12,0.58
MLlN,4,4,8,0.5
MLlP,4,1,5,0.8
MLlS,3,2,5,0.6
MLlb,10,1,11,0.91
MLll,1,1,2,0.5
MLlm,5,3,8,0.62
MLln,5,6,11,0.45
MLls,3,6,9,0.33
MLmB,12,16,28,0.43
MLmD,1,2,3,0.33
MLmH,7,6,13,0.54
MLmI,2,0,2,1.0
MLmJ,2,3,5,0.4
MLmL,4,5,9,0.44
MLmM,10,14,24,0.42
MLmN,14,12,26,0.54
MLmP,6,18,24,0.25
MLmS,10,8,18,0.56
MLmb,10,4,14,0.71
MLml,3,1,4,0.75
MLmm,12,10,22,0.55
MLmn,13,12,25,0.52
MLms,3,6,9,0.33
MLnB,10,13,23,0.43
MLnD,1,1,2,0.5
MLnH,3,8,11,0.27
MLnI,4,4,8,0.5
MLnK,1,0,1,1.0
MLnL,5,4,9,0.56
MLnM,19,12,31,0.61
MLnN,29,16,45,0.64
MLnP,26,34,60,0.43
MLnS,8,12,20,0.4
MLnb,9,15,24,0.38
MLnh,1,0,1,1.0
MLnl,7,6,13,0.54
MLnm,10,11,21,0.48
MLnn,19,15,34,0.56
MLns,9,13,22,0.41
MLsB,3,4,7,0.43
MLsD,1,1,2,0.5
MLsH,8,3,11,0.73
MLsI,1,1,2,0.5
MLsK,0,0,0,
MLsL,0,1,1,0.0
MLsM,6,9,15,0.4
MLsN,9,14,23,0.39
MLsP,10,10,20,0.5
MLsS,7,9,16,0.44
MLsb,9,8,17,0.53
MLsl,2,3,5,0.4
MLsm,5,8,13,0.38
MLsn,5,5,10,0.5
MLss,3,2,5,0.6
MMBB,34,37,71,0.48
MMBD,2,7,9,0.22
MMBK,2,2,4,0.5
MMBL,8,7,15,0.53
MMBM,28,32,60,0.47
MMBN,38,42,80,0.48
MMBP,36,40,76,0.47
MMBS,12,7,19,0.63
MMBT,4,3,7,0.57
MMBb,32,48,80,0.4
MMBh,5,6,11,0.45
MMBj,9,13,22,0.41
MMBl,8,11,19,0.42
MMBm,34,28,62,0.55
MMBn,43,57,100,0.43
MMBs,10,15,25,0.4
MMDB,1,4,5,0.2
MMDD,0,0,0,
MMDH,3,7,10,0.3
MMDL,1,0,1,1.0
MMDM,3,9,12,0.25
MMDN,0,0,0,
MMDP,6,5,11,0.55
MMDS,2,3,5,0.4
MMDb,0,3,3,0.0
MMDh,0,1,1,0.0
MMDl,1,2,3,0.33
MMDm,9,5,14,0.64
MMDn,1,0,1,1.0
MMDs,0,6,6,0.0
MMHH,0,0,0,
MMHM,0,0,0,
MMHP,0,3,3,0.0
MMHS,0,2,2,0.0
MMHm,1,0,1,1.0
MMID,1,0,1,1.0
MMIM,1,0,1,1.0
MMIS,1,0,1,1.0
MMKB,1,0,1,1.0
MMKP,0,0,0,
MMKS,1,1,2,0.5
MMKb,1,0,1,1.0
MMKh,0,1,1,0.0
MMLB,8,7,15,0.53
MMLD,1,0,1,1.0
MMLK,2,0,2,1.0
MMLL,2,0,2,1.0
MMLM,11,5,16,0.69
MMLN,15,8,23,0.65
MMLP,13,18,31,0.42
MMLS,7,2,9,0.78
MMLT,0,1,1,0.0
MMLb,10,10,20,0.5
MMLh,4,3,7,0.57
MMLj,5,3,8,0.62
MMLl,2,3,5,0.4
MMLm,6,4,10,0.6
MMLn,6,13,19,0.32
MMLs,5,2,7,0.71
MMMB,33,37,70,0.47
MMMD,4,4,8,0.5
MMMH,2,0,2,1.0
MMMI,1,0,1,1.0
MMML,5,3,8,0.62
MMMM,30,31,61,0.49
MMMN,19,32,51,0.37
MMMP,32,33,65,0.49
MMMS,21,25,46,0.46
MMMT,0,2,2,0.0
MMMb,50,38,88,0.57
MMMh,11,28,39,0.28
MMMj,10,10,20,0.5
MMMl,9,7,16,0.56
MMMm,34,33,67,0.51
MMMn,41,45,86,0.48
MMMs,10,7,17,0.59
MMNB,19,22,41,0.46
MMND,6,0,6,1.0
MMNH,6,5,11,0.55
MMNI,1,1,2,0.5
MMNK,2,1,3,0.67
MMNL,7,8,15,0.47
MMNM,26,20,46,0.57
MMNN,34,36,70,0.49
MMNP,49,62,111,0.44
MMNS,20,29,49,0.41
MMNT,2,9,11,0.18
MMNb,23,37,60,0.38
MMNh,13,7,20,0.65
MMNl,10,10,20,0.5
MMNm,38,22,60,0.63
MMNn,38,62,100,0.38
MMNs,21,14,35,0.6
MMPB,41,34,75,0.55
MMPD,6,3,9,0.67
MMPH,10,12,22,0.45
MMPI,2,3,5,0.4
MMPK,5,5,10,0.5
MMPL,12,9,21,0.57
MMPM,31,56,87,0.36
MMPN,34,44,78,0.44
MMPP,48,58,106,0.45
MMPS,24,27,51,0.47
MMPT,3,3,6,0.5
MMPb,42,36,78,0.54
MMPh,5,8,13,0.38
MMPl,21,23,44,0.48
MMPm,47,34,81,0.58
MMPn,40,59,99,0.4
MMPs,21,27,48,0.44
MMSB,12,14,26,0.46
MMSD,0,2,2,0.0
MMSH,12,8,20,0.6
MMSI,0,1,1,0.0
MMSK,1,1,2,0.5
MMSL,4,7,11,0.36
MMSM,17,24,41,0.41
MMSN,24,18,42,0.57
MMSP,23,20,43,0.53
MMSS,20,24,44,0.45
MMST,3,1,4,0.75
MMSb,16,16,32,0.5
MMSh,7,12,19,0.37
MMSl,5,8,13,0.38
MMSm,17,24,41,0.41
MMSn,20,19,39,0.51
MMSs,19,14,33,0.58
MMTB,2,0,2,1.0
MMTD,1,0,1,1.0
MMTH,1,1,2,0.5
MMTK,1,0,1,1.0
MMTL,3,0,3,1.0
MMTM,0,6,6,0.0
MMTN,3,4,7,0.43
MMTP,4,4,8,0.5
MMTS,1,4,5,0.2
MMTT,0,1,1,0.0
MMTb,8,2,10,0.8
MMTl,3,0,3,1.0
MMTm,1,2,3,0.33
MMTn,0,5,5,0.0
MMTs,1,3,4,0.25
MMbB,33,28,61,0.54
MMbD,4,5,9,0.44
MMbH,10,15,25,0.4
MMbI,1,1,2,0.5
MMbJ,15,13,28,0.54
MMbK,1,3,4,0.25
MMbL,9,7,16,0.56
MMbM,28,44,72,0.39
MMbN,66,53,119,0.55
MMbP,46,52,98,0.47
MMbS,18,33,51,0.35
MMbb,36,29,65,0.55
MMbl,19,14,33,0.58
MMbm,20,20,40,0.5
MMbn,35,44,79,0.44
MMbs,25,16,41,0.61
MMhB,18,13,31,0.58
MMhD,3,3,6,0.5
MMhH,6,7,13,0.46
MMhI,0,1,1,0.0
MMhK,1,0,1,1.0
MMhL,6,12,18,0.33
MMhM,21,30,51,0.41
MMhN,24,24,48,0.5
MMhP,28,45,73,0.38
MMhS,19,22,41,0.46
MMhT,4,5,9,0.44
MMhb,32,23,55,0.58
MMhh,20,23,43,0.47
MMhl,8,10,18,0.44
MMhm,21,15,36,0.58
MMhn,19,25,44,0.43
MMhs,28,21,49,0.57
MMjB,9,7,16,0.56
MMjD,1,2,3,0.33
MMjH,3,5,8,0.38
MMjI,2,1,3,0.67
MMjK,1,1,2,0.5
MMjL,3,3,6,0.5
MMjM,10,13,23,0.43
MMjN,7,10,17,0.41
MMjP,17,12,29,0.59
MMjS,6,2,8,0.75
MMjT,1,0,1,1.0
MMjb,10,7,17,0.59
MMjh,3,4,7,0.43
MMjl,3,1,4,0.75
MMjm,7,6,13,0.54
MMjn,14,17,31,0.45
MMjs,6,2,8,0.75
MMlB,7,8,15,0.47
MMlD,1,0,1,1.0
MMlH,8,5,13,0.62
MMlI,1,0,1,1.0
MMlJ,9,1,10,0.9
MMlK,1,1,2,0.5
MMlL,1,3,4,0.25
MMlM,12,12,24,0.5
MMlN,17,19,36,0.47
MMlP,15,11,26,0.58
MMlS,6,4,10,0.6
MMlb,6,14,20,0.3
MMll,2,7,9,0.22
MMlm,11,6,17,0.65
MMln,9,12,21,0.43
MMls,7,10,17,0.41
MMmB,26,15,41,0.63
MMmD,11,4,15,0.73
MMmH,20,34,54,0.37
MMmI,1,2,3,0.33
MMmJ,7,5,12,0.58
MMmK,1,1,2,0.5
MMmL,6,13,19,0.32
MMmM,35,32,67,0.52
MMmN,38,36,74,0.51
MMmP,45,43,88,0.51
MMmS,27,17,44,0.61
MMmb,24,24,48,0.5
MMmh,0,0,0,
MMml,8,6,14,0.57
MMmm,25,21,46,0.54
MMmn,36,31,67,0.54
MMms,23,16,39,0.59
MMnB,38,23,61,0.62
MMnD,5,6,11,0.45
MMnH,20,23,43,0.47
MMnI,3,8,11,0.27
MMnK,2,3,5,0.4
MMnL,13,10,23,0.57
MMnM,41,37,78,0.53
MMnN,59,72,131,0.45
MMnP,69,69,138,0.5
MMnS,47,40,87,0.54
MMnT,2,0,2,1.0
MMnb,43,61,104,0.41
MMnh,1,2,3,0.33
MMnl,12,10,22,0.55
MMnm,43,33,76,0.57
MMnn,64,53,117,0.55
MMns,19,28,47,0.4
MMsB,10,9,19,0.53
MMsD,2,1,3,0.67
MMsH,22,24,46,0.48
MMsI,3,0,3,1.0
MMsK,1,1,2,0.5
MMsL,6,6,12,0.5
MMsM,23,25,48,0.48
MMsN,24,17,41,0.59
MMsP,30,21,51,0.59
MMsS,21,18,39,0.54
MMsb,13,15,28,0.46
MMsh,2,1,3,0.67
MMsl,4,9,13,0.31
MMsm,23,17,40,0.57
MMsn,20,17,37,0.54
MMss,11,9,20,0.55
MNBB,23,26,49,0.47
MNBD,3,2,5,0.6
MNBK,3,2,5,0.6
MNBL,6,5,11,0.55
MNBM,24,18,42,0.57
MNBN,36,47,83,0.43
MNBP,35,31,66,0.53
MNBS,13,10,23,0.57
MNBT,7,2,9,0.78
MNBb,24,24,48,0.5
MNBh,6,6,12,0.5
MNBj,13,7,20,0.65
MNBl,9,10,19,0.47
MNBm,33,19,52,0.63
MNBn,37,41,78,0.47
MNBs,9,9,18,0.5
MNDB,4,3,7,0.57
MNDD,1,2,3,0.33
MNDH,2,2,4,0.5
MNDI,1,0,1,1.0
MNDK,0,1,1,0.0
MNDL,2,2,4,0.5
MNDM,2,4,6,0.33
MNDN,7,4,11,0.64
MNDP,6,4,10,0.6
MNDS,4,5,9,0.44
MNDT,1,1,2,0.5
MNDb,4,4,8,0.5
MNDl,0,0,0,
MNDm,3,7,10,0.3
MNDn,7,4,11,0.64
MNDs,2,2,4,0.5
MNHB,3,2,5,0.6
MNHD,0,1,1,0.0
MNHH,2,3,5,0.4
MNHL,1,1,2,0.5
MNHM,6,4,10,0.6
MNHN,3,11,14,0.21
MNHP,8,8,16,0.5
MNHS,5,12,17,0.29
MNHb,1,2,3,0.33
MNHh,1,2,3,0.33
MNHl,1,1,2,0.5
MNHm,8,1,9,0.89
MNHn,3,13,16,0.19
MNHs,2,3,5,0.4
MNIM,1,1,2,0.5
MNIN,0,1,1,0.0
MNIP,0,1,1,0.0
MNIS,1,0,1,1.0
MNIm,1,0,1,1.0
MNKB,1,2,3,0.33
MNKD,2,0,2,1.0
MNKH,2,1,3,0.67
MNKL,2,3,5,0.4
MNKM,1,2,3,0.33
MNKN,5,1,6,0.83
MNKP,7,4,11,0.64
MNKS,6,3,9,0.67
MNKb,0,5,5,0.0
MNKh,1,4,5,0.2
MNKl,1,3,4,0.25
MNKm,3,2,5,0.6
MNKn,5,2,7,0.71
MNKs,1,2,3,0.33
MNLB,11,7,18,0.61
MNLD,1,0,1,1.0
MNLK,1,0,1,1.0
MNLL,3,3,6,0.5
MNLM,8,7,15,0.53
MNLN,12,12,24,0.5
MNLP,20,13,33,0.61
MNLS,6,3,9,0.67
MNLT,0,2,2,0.0
MNLb,12,12,24,0.5
MNLh,5,10,15,0.33
MNLj,0,2,2,0.0
MNLl,4,5,9,0.44
MNLm,10,6,16,0.62
MNLn,14,21,35,0.4
MNLs,5,2,7,0.71
MNMB,22,29,51,0.43
MNMD,4,3,7,0.57
MNMH,0,1,1,0.0
MNMK,1,0,1,1.0
MNML,4,8,12,0.33
MNMM,19,26,45,0.42
MNMN,32,36,68,0.47
MNMP,45,30,75,0.6
MNMS,15,14,29,0.52
MNMT,3,5,8,0.38
MNMb,27,35,62,0.44
MNMh,19,14,33,0.58
MNMj,4,5,9,0.44
MNMl,10,3,13,0.77
MNMm,28,28,56,0.5
MNMn,66,47,113,0.58
MNMs,17,13,30,0.57
MNNB,24,39,63,0.38
MNND,9,4,13,0.69
MNNH,4,7,11,0.36
MNNK,3,3,6,0.5
MNNL,12,13,25,0.48
MNNM,35,23,58,0.6
MNNN,61,58,119,0.51
MNNP,60,71,131,0.46
MNNS,33,27,60,0.55
MNNT,13,5,18,0.72
MNNb,46,30,76,0.61
MNNh,17,20,37,0.46
MNNl,9,9,18,0.5
MNNm,26,34,60,0.43
MNNn,60,66,126,0.48
MNNs,27,23,50,0.54
MNPB,40,46,86,0.47
MNPD,9,5,14,0.64
MNPH,14,17,31,0.45
MNPI,7,4,11,0.64
MNPK,4,2,6,0.67
MNPL,16,25,41,0.39
MNPM,42,44,86,0.49
MNPN,59,67,126,0.47
MNPP,79,88,167,0.47
MNPS,49,45,94,0.52
MNPT,4,5,9,0.44
MNPb,48,56,104,0.46
MNPh,5,8,13,0.38
MNPl,23,23,46,0.5
MNPm,44,46,90,0.49
MNPn,64,80,144,0.44
MNPs,48,36,84,0.57
MNSB,14,19,33,0.42
MNSD,4,4,8,0.5
MNSH,13,7,20,0.65
MNSI,1,1,2,0.5
MNSK,0,0,0,
MNSL,7,8,15,0.47
MNSM,14,22,36,0.39
MNSN,28,30,58,0.48
MNSP,23,36,59,0.39
MNSS,26,32,58,0.45
MNST,1,4,5,0.2
MNSb,27,21,48,0.56
MNSh,17,15,32,0.53
MNSl,15,6,21,0.71
MNSm,26,17,43,0.6
MNSn,31,28,59,0.53
MNSs,11,24,35,0.31
MNTB,4,5,9,0.44
MNTD,3,0,3,1.0
MNTH,0,4,4,0.0
MNTI,0,0,0,
MNTL,0,2,2,0.0
MNTM,3,9,12,0.25
MNTN,7,7,14,0.5
MNTP,10,11,21,0.48
MNTS,5,7,12,0.42
MNTT,1,2,3,0.33
MNTb,8,4,12,0.67
MNTh,0,1,1,0.0
MNTl,3,2,5,0.6
MNTm,7,5,12,0.58
MNTn,12,12,24,0.5
MNTs,6,1,7,0.86
MNbB,20,22,42,0.48
MNbD,7,3,10,0.7
MNbH,17,6,23,0.74
MNbI,3,3,6,0.5
MNbJ,13,11,24,0.54
MNbK,2,0,2,1.0
MNbL,7,16,23,0.3
MNbM,26,32,58,0.45
MNbN,40,46,86,0.47
MNbP,39,42,81,0.48
MNbS,17,17,34,0.5
MNbb,30,28,58,0.52
MNbl,10,12,22,0.45
MNbm,25,23,48,0.52
MNbn,32,25,57,0.56
MNbs,20,15,35,0.57
MNhB,11,7,18,0.61
MNhD,2,1,3,0.67
MNhH,3,2,5,0.6
MNhI,1,2,3,0.33
MNhL,3,6,9,0.33
MNhM,15,8,23,0.65
MNhN,10,13,23,0.43
MNhP,17,18,35,0.49
MNhS,4,9,13,0.31
MNhT,2,1,3,0.67
MNhb,7,9,16,0.44
MNhh,8,12,20,0.4
MNhl,3,5,8,0.38
MNhm,16,9,25,0.64
MNhn,9,13,22,0.41
MNhs,11,11,22,0.5
MNlB,13,10,23,0.57
MNlD,3,2,5,0.6
MNlH,8,8,16,0.5
MNlI,3,2,5,0.6
MNlJ,1,2,3,0.33
MNlK,1,1,2,0.5
MNlL,5,4,9,0.56
MNlM,14,16,30,0.47
MNlN,15,11,26,0.58
MNlP,22,14,36,0.61
MNlS,7,14,21,0.33
MNlb,8,17,25,0.32
MNll,6,6,12,0.5
MNlm,7,4,11,0.64
MNln,11,10,21,0.52
MNls,4,8,12,0.33
MNmB,18,27,45,0.4
MNmD,3,3,6,0.5
MNmH,18,30,48,0.38
MNmI,3,4,7,0.43
MNmJ,5,3,8,0.62
MNmK,1,0,1,1.0
MNmL,8,11,19,0.42
MNmM,32,28,60,0.53
MNmN,46,46,92,0.5
MNmP,41,26,67,0.61
MNmS,17,27,44,0.39
MNmb,14,28,42,0.33
MNml,6,8,14,0.43
MNmm,28,17,45,0.62
MNmn,30,45,75,0.4
MNms,18,16,34,0.53
MNnB,35,36,71,0.49
MNnD,9,1,10,0.9
MNnH,29,44,73,0.4
MNnI,4,6,10,0.4
MNnK,4,8,12,0.33
MNnL,8,19,27,0.3
MNnM,49,38,87,0.56
MNnN,66,74,140,0.47
MNnP,78,93,171,0.46
MNnS,35,39,74,0.47
MNnb,43,35,78,0.55
MNnh,1,3,4,0.25
MNnl,15,10,25,0.6
MNnm,47,41,88,0.53
MNnn,78,56,134,0.58
MNns,38,38,76,0.5
MNsB,15,10,25,0.6
MNsD,1,1,2,0.5
MNsH,22,29,51,0.43
MNsI,1,1,2,0.5
MNsL,7,5,12,0.58
MNsM,16,24,40,0.4
MNsN,18,25,43,0.42
MNsP,23,18,41,0.56
MNsS,23,25,48,0.48
MNsT,0,0,0,
MNsb,23,15,38,0.61
MNsh,1,3,4,0.25
MNsl,6,6,12,0.5
MNsm,26,15,41,0.63
MNsn,31,21,52,0.6
MNss,14,22,36,0.39
MPBB,30,42,72,0.42
MPBD,3,6,9,0.33
MPBI,0,1,1,0.0
MPBK,1,3,4,0.25
MPBL,13,17,30,0.43
MPBM,26,32,58,0.45
MPBN,44,40,84,0.52
MPBP,52,38,90,0.58
MPBS,20,17,37,0.54
MPBT,7,5,12,0.58
MPBb,28,40,68,0.41
MPBh,7,7,14,0.5
MPBj,16,9,25,0.64
MPBl,11,14,25,0.44
MPBm,33,34,67,0.49
MPBn,44,53,97,0.45
MPBs,8,18,26,0.31
MPDB,1,4,5,0.2
MPDD,2,1,3,0.67
MPDH,3,2,5,0.6
MPDI,1,0,1,1.0
MPDL,3,1,4,0.75
MPDM,4,6,10,0.4
MPDN,5,1,6,0.83
MPDP,5,9,14,0.36
MPDS,0,3,3,0.0
MPDb,3,2,5,0.6
MPDl,2,0,2,1.0
MPDm,2,2,4,0.5
MPDn,2,1,3,0.67
MPDs,2,2,4,0.5
MPHB,5,9,14,0.36
MPHD,1,4,5,0.2
MPHH,1,1,2,0.5
MPHI,2,0,2,1.0
MPHL,5,5,10,0.5
MPHM,12,15,27,0.44
MPHN,10,11,21,0.48
MPHP,20,18,38,0.53
MPHS,14,11,25,0.56
MPHT,1,1,2,0.5
MPHb,19,13,32,0.59
MPHh,6,2,8,0.75
MPHl,5,7,12,0.42
MPHm,9,8,17,0.53
MPHn,16,19,35,0.46
MPHs,10,8,18,0.56
MPIB,3,4,7,0.43
MPID,1,0,1,1.0
MPIH,5,3,8,0.62
MPII,0,1,1,0.0
MPIL,1,0,1,1.0
MPIM,4,6,10,0.4
MPIN,2,2,4,0.5
MPIP,9,5,14,0.64
MPIS,6,2,8,0.75
MPIT,0,1,1,0.0
MPIb,1,4,5,0.2
MPIh,0,1,1,0.0
MPIl,0,2,2,0.0
MPIm,6,4,10,0.6
MPIn,2,3,5,0.4
MPIs,2,0,2,1.0
MPKB,3,6,9,0.33
MPKD,0,0,0,
MPKH,1,1,2,0.5
MPKI,0,0,0,
MPKL,2,0,2,1.0
MPKM,5,8,13,0.38
MPKN,2,0,2,1.0
MPKP,6,8,14,0.43
MPKS,6,3,9,0.67
MPKT,0,1,1,0.0
MPKb,9,3,12,0.75
MPKh,4,2,6,0.67
MPKl,4,3,7,0.57
MPKm,5,2,7,0.71
MPKn,5,1,6,0.83
MPKs,4,4,8,0.5
MPLB,13,18,31,0.42
MPLD,2,2,4,0.5
MPLI,0,0,0,
MPLK,1,3,4,0.25
MPLL,3,4,7,0.43
MPLM,7,9,16,0.44
MPLN,14,13,27,0.52
MPLP,30,32,62,0.48
MPLS,7,13,20,0.35
MPLT,1,4,5,0.2
MPLb,15,12,27,0.56
MPLh,11,7,18,0.61
MPLj,7,7,14,0.5
MPLl,7,8,15,0.47
MPLm,12,14,26,0.46
MPLn,26,20,46,0.57
MPLs,13,10,23,0.57
MPMB,31,53,84,0.37
MPMD,5,4,9,0.56
MPMI,1,0,1,1.0
MPML,11,16,27,0.41
MPMM,45,45,90,0.5
MPMN,34,44,78,0.44
MPMP,55,60,115,0.48
MPMS,25,29,54,0.46
MPMT,2,2,4,0.5
MPMb,53,42,95,0.56
MPMh,29,31,60,0.48
MPMj,6,7,13,0.46
MPMl,24,19,43,0.56
MPMm,43,41,84,0.51
MPMn,55,60,115,0.48
MPMs,23,27,50,0.46
MPNB,31,44,75,0.41
MPND,9,6,15,0.6
MPNH,13,8,21,0.62
MPNI,0,1,1,0.0
MPNK,8,4,12,0.67
MPNL,12,17,29,0.41
MPNM,41,47,88,0.47
MPNN,50,42,92,0.54
MPNP,68,69,137,0.5
MPNS,32,36,68,0.47
MPNT,11,8,19,0.58
MPNb,50,48,98,0.51
MPNh,27,11,38,0.71
MPNl,19,24,43,0.44
MPNm,49,42,91,0.54
MPNn,59,68,127,0.46
MPNs,22,30,52,0.42
MPPB,58,54,112,0.52
MPPD,18,4,22,0.82
MPPH,22,22,44,0.5
MPPI,6,4,10,0.6
MPPK,6,5,11,0.55
MPPL,26,33,59,0.44
MPPM,69,74,143,0.48
MPPN,63,75,138,0.46
MPPP,102,115,217,0.47
MPPS,49,61,110,0.45
MPPT,6,5,11,0.55
MPPb,76,76,152,0.5
MPPh,4,9,13,0.31
MPPl,35,28,63,0.56
MPPm,80,61,141,0.57
MPPn,74,68,142,0.52
MPPs,47,43,90,0.52
MPSB,23,30,53,0.43
MPSD,5,4,9,0.56
MPSH,12,22,34,0.35
MPSI,1,0,1,1.0
MPSK,0,1,1,0.0
MPSL,11,12,23,0.48
MPSM,32,30,62,0.52
MPSN,26,19,45,0.58
MPSP,36,49,85,0.42
MPSS,22,35,57,0.39
MPST,9,3,12,0.75
MPSb,35,24,59,0.59
MPSh,13,26,39,0.33
MPSl,20,9,29,0.69
MPSm,29,24,53,0.55
MPSn,32,31,63,0.51
MPSs,35,30,65,0.54
MPTB,1,2,3,0.33
MPTH,3,4,7,0.43
MPTL,5,1,6,0.83
MPTM,5,5,10,0.5
MPTN,2,0,2,1.0
MPTP,13,9,22,0.59
MPTS,3,6,9,0.33
MPTT,2,0,2,1.0
MPTb,6,5,11,0.55
MPTl,3,3,6,0.5
MPTm,5,2,7,0.71
MPTn,2,6,8,0.25
MPTs,1,1,2,0.5
MPbB,35,25,60,0.58
MPbD,2,3,5,0.4
MPbH,13,8,21,0.62
MPbI,3,1,4,0.75
MPbJ,11,13,24,0.46
MPbK,4,5,9,0.44
MPbL,16,17,33,0.48
MPbM,55,45,100,0.55
MPbN,69,52,121,0.57
MPbP,56,59,115,0.49
MPbS,17,25,42,0.4
MPbb,63,52,115,0.55
MPbl,23,18,41,0.56
MPbm,50,23,73,0.68
MPbn,39,35,74,0.53
MPbs,23,23,46,0.5
MPhB,6,0,6,1.0
MPhH,0,1,1,0.0
MPhI,1,0,1,1.0
MPhL,1,3,4,0.25
MPhM,6,6,12,0.5
MPhN,3,6,9,0.33
MPhP,8,12,20,0.4
MPhS,6,3,9,0.67
MPhT,1,2,3,0.33
MPhb,6,5,11,0.55
MPhh,4,12,16,0.25
MPhl,0,3,3,0.0
MPhm,3,5,8,0.38
MPhn,6,3,9,0.67
MPhs,6,5,11,0.55
MPlB,17,15,32,0.53
MPlD,3,2,5,0.6
MPlH,12,14,26,0.46
MPlI,4,2,6,0.67
MPlJ,6,3,9,0.67
MPlK,1,2,3,0.33
MPlL,12,10,22,0.55
MPlM,21,28,49,0.43
MPlN,24,22,46,0.52
MPlP,31,24,55,0.56
MPlS,16,15,31,0.52
MPlb,22,17,39,0.56
MPll,17,4,21,0.81
MPlm,18,8,26,0.69
MPln,17,25,42,0.4
MPls,15,12,27,0.56
MPmB,29,30,59,0.49
MPmD,9,7,16,0.56
MPmH,39,37,76,0.51
MPmI,4,7,11,0.36
MPmJ,8,12,20,0.4
MPmK,1,0,1,1.0
MPmL,9,15,24,0.38
MPmM,45,50,95,0.47
MPmN,52,49,101,0.51
MPmP,67,68,135,0.5
MPmS,26,22,48,0.54
MPmb,44,29,73,0.6
MPmh,1,1,2,0.5
MPml,17,16,33,0.52
MPmm,45,34,79,0.57
MPmn,43,36,79,0.54
MPms,12,22,34,0.35
MPnB,31,45,76,0.41
MPnD,4,5,9,0.44
MPnH,22,23,45,0.49
MPnI,8,10,18,0.44
MPnK,6,1,7,0.86
MPnL,16,12,28,0.57
MPnM,45,61,106,0.42
MPnN,60,64,124,0.48
MPnP,76,75,151,0.5
MPnS,36,43,79,0.46
MPnb,43,38,81,0.53
MPnh,3,1,4,0.75
MPnl,20,18,38,0.53
MPnm,47,34,81,0.58
MPnn,66,50,116,0.57
MPns,46,37,83,0.55
MPsB,19,18,37,0.51
MPsD,4,6,10,0.4
MPsH,31,17,48,0.65
MPsI,3,2,5,0.6
MPsK,1,0,1,1.0
MPsL,12,11,23,0.52
MPsM,37,25,62,0.6
MPsN,40,35,75,0.53
MPsP,41,48,89,0.46
MPsS,28,30,58,0.48
MPsT,0,2,2,0.0
MPsb,16,23,39,0.41
MPsh,1,1,2,0.5
MPsl,15,9,24,0.62
MPsm,19,25,44,0.43
MPsn,26,29,55,0.47
MPss,32,26,58,0.55
MSBB,14,11,25,0.56
MSBD,4,2,6,0.67
MSBK,1,0,1,1.0
MSBL,3,6,9,0.33
MSBM,16,24,40,0.4
MSBN,16,20,36,0.44
MSBP,19,26,45,0.42
MSBS,18,8,26,0.69
MSBT,3,2,5,0.6
MSBb,16,10,26,0.62
MSBh,0,1,1,0.0
MSBj,7,6,13,0.54
MSBl,5,7,12,0.42
MSBm,13,17,30,0.43
MSBn,22,22,44,0.5
MSBs,7,8,15,0.47
MSDB,2,0,2,1.0
MSDD,0,2,2,0.0
MSDH,3,2,5,0.6
MSDL,0,1,1,0.0
MSDM,3,7,10,0.3
MSDN,3,4,7,0.43
MSDP,5,4,9,0.56
MSDS,1,5,6,0.17
MSDT,1,0,1,1.0
MSDb,3,2,5,0.6
MSDh,0,1,1,0.0
MSDl,1,1,2,0.5
MSDm,4,2,6,0.67
MSDn,2,2,4,0.5
MSDs,2,2,4,0.5
MSHB,4,4,8,0.5
MSHD,0,2,2,0.0
MSHH,3,3,6,0.5
MSHI,5,1,6,0.83
MSHK,3,2,5,0.6
MSHL,2,3,5,0.4
MSHM,8,11,19,0.42
MSHN,7,11,18,0.39
MSHP,10,9,19,0.53
MSHS,17,10,27,0.63
MSHb,8,14,22,0.36
MSHh,0,6,6,0.0
MSHl,5,7,12,0.42
MSHm,9,7,16,0.56
MSHn,15,7,22,0.68
MSHs,11,7,18,0.61
MSIB,0,2,2,0.0
MSID,0,0,0,
MSIH,0,1,1,0.0
MSIM,2,4,6,0.33
MSIN,0,0,0,
MSIP,0,1,1,0.0
MSIS,2,0,2,1.0
MSIb,1,1,2,0.5
MSIl,0,2,2,0.0
MSIm,3,0,3,1.0
MSIn,1,0,1,1.0
MSKB,0,1,1,0.0
MSKM,1,1,2,0.5
MSKP,1,0,1,1.0
MSKS,1,0,1,1.0
MSKb,0,0,0,
MSKh,1,0,1,1.0
MSKl,0,0,0,
MSKm,1,0,1,1.0
MSKs,0,2,2,0.0
MSLB,2,7,9,0.22
MSLD,2,0,2,1.0
MSLK,1,0,1,1.0
MSLL,1,1,2,0.5
MSLM,5,5,10,0.5
MSLN,7,8,15,0.47
MSLP,10,9,19,0.53
MSLS,4,3,7,0.57
MSLT,2,0,2,1.0
MSLb,9,11,20,0.45
MSLh,2,1,3,0.67
MSLj,1,1,2,0.5
MSLl,4,3,7,0.57
MSLm,6,6,12,0.5
MSLn,8,10,18,0.44
MSLs,6,9,15,0.4
MSMB,14,20,34,0.41
MSMD,1,2,3,0.33
MSMI,1,0,1,1.0
MSMK,1,0,1,1.0
MSML,7,8,15,0.47
MSMM,19,27,46,0.41
MSMN,20,25,45,0.44
MSMP,24,26,50,0.48
MSMS,21,16,37,0.57
MSMT,2,1,3,0.67
MSMb,23,26,49,0.47
MSMh,20,15,35,0.57
MSMj,8,5,13,0.62
MSMl,6,7,13,0.46
MSMm,23,19,42,0.55
MSMn,26,35,61,0.43
MSMs,20,6,26,0.77
MSNB,12,12,24,0.5
MSND,0,2,2,0.0
MSNH,2,7,9,0.22
MSNK,3,2,5,0.6
MSNL,6,11,17,0.35
MSNM,21,28,49,0.43
MSNN,28,24,52,0.54
MSNP,28,31,59,0.47
MSNS,13,20,33,0.39
MSNT,5,5,10,0.5
MSNb,24,18,42,0.57
MSNh,5,6,11,0.45
MSNl,5,4,9,0.56
MSNm,18,12,30,0.6
MSNn,25,37,62,0.4
MSNs,12,10,22,0.55
MSPB,29,13,42,0.69
MSPD,3,2,5,0.6
MSPH,10,6,16,0.62
MSPI,4,3,7,0.57
MSPK,6,5,11,0.55
MSPL,9,9,18,0.5
MSPM,20,41,61,0.33
MSPN,37,40,77,0.48
MSPP,51,41,92,0.55
MSPS,24,27,51,0.47
MSPT,2,3,5,0.4
MSPb,28,29,57,0.49
MSPh,3,1,4,0.75
MSPl,16,13,29,0.55
MSPm,26,23,49,0.53
MSPn,30,30,60,0.5
MSPs,26,17,43,0.6
MSSB,15,18,33,0.45
MSSD,5,5,10,0.5
MSSH,7,17,24,0.29
MSSI,2,1,3,0.67
MSSK,1,2,3,0.33
MSSL,6,3,9,0.67
MSSM,26,25,51,0.51
MSSN,15,26,41,0.37
MSSP,28,23,51,0.55
MSSS,38,47,85,0.45
MSST,6,1,7,0.86
MSSb,27,16,43,0.63
MSSh,14,8,22,0.64
MSSl,6,8,14,0.43
MSSm,27,16,43,0.63
MSSn,28,28,56,0.5
MSSs,35,30,65,0.54
MSTB,1,9,10,0.1
MSTH,2,0,2,1.0
MSTL,1,0,1,1.0
MSTM,4,7,11,0.36
MSTN,6,3,9,0.67
MSTP,6,9,15,0.4
MSTS,2,7,9,0.22
MSTT,1,1,2,0.5
MSTb,2,5,7,0.29
MSTl,0,3,3,0.0
MSTm,2,5,7,0.29
MSTn,2,7,9,0.22
MSTs,1,1,2,0.5
MSbB,19,21,40,0.48
MSbD,6,1,7,0.86
MSbH,4,5,9,0.44
MSbI,2,1,3,0.67
MSbJ,2,7,9,0.22
MSbK,2,1,3,0.67
MSbL,5,6,11,0.45
MSbM,21,23,44,0.48
MSbN,15,33,48,0.31
MSbP,26,29,55,0.47
MSbS,17,14,31,0.55
MSbb,31,17,48,0.65
MSbh,0,0,0,
MSbl,6,4,10,0.6
MSbm,16,9,25,0.64
MSbn,24,23,47,0.51
MSbs,12,4,16,0.75
MShB,6,9,15,0.4
MShH,5,5,10,0.5
MShK,1,0,1,1.0
MShL,5,2,7,0.71
MShM,13,17,30,0.43
MShN,12,17,29,0.41
MShP,16,12,28,0.57
MShS,18,9,27,0.67
MShT,1,3,4,0.25
MShb,14,9,23,0.61
MShh,14,12,26,0.54
MShl,4,4,8,0.5
MShm,16,13,29,0.55
MShn,17,22,39,0.44
MShs,19,15,34,0.56
MSlB,6,5,11,0.55
MSlH,4,11,15,0.27
MSlI,1,0,1,1.0
MSlJ,2,2,4,0.5
MSlL,6,3,9,0.67
MSlM,12,12,24,0.5
MSlN,13,5,18,0.72
MSlP,12,10,22,0.55
MSlS,6,9,15,0.4
MSlb,10,12,22,0.45
MSll,6,4,10,0.6
MSlm,9,5,14,0.64
MSln,8,8,16,0.5
MSls,5,4,9,0.56
MSmB,19,10,29,0.66
MSmD,2,4,6,0.33
MSmH,13,23,36,0.36
MSmI,3,0,3,1.0
MSmJ,1,3,4,0.25
MSmK,0,2,2,0.0
MSmL,10,5,15,0.67
MSmM,29,20,49,0.59
MSmN,30,36,66,0.45
MSmP,28,26,54,0.52
MSmS,18,21,39,0.46
MSmb,25,22,47,0.53
MSmh,1,1,2,0.5
MSml,4,8,12,0.33
MSmm,21,22,43,0.49
MSmn,22,26,48,0.46
MSms,11,10,21,0.52
MSnB,14,15,29,0.48
MSnD,1,1,2,0.5
MSnH,16,20,36,0.44
MSnI,1,1,2,0.5
MSnK,0,5,5,0.0
MSnL,5,8,13,0.38
MSnM,25,19,44,0.57
MSnN,49,35,84,0.58
MSnP,28,39,67,0.42
MSnS,30,23,53,0.57
MSnb,22,19,41,0.54
MSnh,3,1,4,0.75
MSnl,7,9,16,0.44
MSnm,27,12,39,0.69
MSnn,34,28,62,0.55
MSns,25,13,38,0.66
MSsB,11,12,23,0.48
MSsD,4,2,6,0.67
MSsH,18,17,35,0.51
MSsI,4,3,7,0.57
MSsK,1,0,1,1.0
MSsL,8,10,18,0.44
MSsM,25,23,48,0.52
MSsN,24,24,48,0.5
MSsP,22,30,52,0.42
MSsS,32,27,59,0.54
MSsb,11,18,29,0.38
MSsh,2,2,4,0.5
MSsl,15,3,18,0.83
MSsm,31,11,42,0.74
MSsn,12,13,25,0.48
MSss,20,12,32,0.62
MTBB,3,6,9,0.33
MTBL,1,0,1,1.0
MTBM,4,2,6,0.67
MTBN,2,1,3,0.67
MTBP,6,5,11,0.55
MTBS,1,0,1,1.0
MTBT,0,1,1,0.0
MTBb,1,2,3,0.33
MTBj,1,2,3,0.33
MTBl,2,1,3,0.67
MTBm,2,5,7,0.29
MTBn,2,5,7,0.29
MTBs,3,1,4,0.75
MTDB,1,0,1,1.0
MTDD,0,0,0,
MTDL,1,0,1,1.0
MTDM,0,3,3,0.0
MTDP,0,1,1,0.0
MTDS,2,0,2,1.0
MTDb,0,1,1,0.0
MTDn,0,1,1,0.0
MTDs,2,0,2,1.0
MTHB,1,1,2,0.5
MTHD,0,1,1,0.0
MTHH,1,0,1,1.0
MTHI,0,1,1,0.0
MTHL,1,1,2,0.5
MTHM,2,0,2,1.0
MTHN,1,5,6,0.17
MTHP,4,3,7,0.57
MTHS,2,0,2,1.0
MTHb,2,2,4,0.5
MTHh,2,1,3,0.67
MTHl,2,1,3,0.67
MTHm,2,1,3,0.67
MTHn,3,1,4,0.75
MTHs,1,2,3,0.33
MTIS,1,0,1,1.0
MTIb,1,0,1,1.0
MTIn,0,1,1,0.0
MTKB,1,0,1,1.0
MTKD,0,0,0,
MTKM,0,0,0,
MTKN,1,0,1,1.0
MTKP,1,0,1,1.0
MTKS,1,0,1,1.0
MTKh,1,0,1,1.0
MTLB,1,2,3,0.33
MTLL,0,2,2,0.0
MTLM,4,1,5,0.8
MTLN,1,2,3,0.33
MTLP,2,3,5,0.4
MTLT,1,0,1,1.0
MTLb,3,3,6,0.5
MTLh,1,1,2,0.5
MTLj,1,0,1,1.0
MTLl,1,2,3,0.33
MTLm,2,0,2,1.0
MTLn,1,0,1,1.0
MTLs,0,0,0,
MTMB,3,3,6,0.5
MTML,0,2,2,0.0
MTMM,4,3,7,0.57
MTMN,3,5,8,0.38
MTMP,3,2,5,0.6
MTMS,3,0,3,1.0
MTMb,11,1,12,0.92
MTMh,3,3,6,0.5
MTMj,1,1,2,0.5
MTMl,1,2,3,0.33
MTMm,3,3,6,0.5
MTMn,6,7,13,0.46
MTMs,4,1,5,0.8
MTNB,4,3,7,0.57
MTND,0,1,1,0.0
MTNK,0,1,1,0.0
MTNL,2,1,3,0.67
MTNM,1,6,7,0.14
MTNN,6,9,15,0.4
MTNP,4,11,15,0.27
MTNS,2,5,7,0.29
MTNT,0,1,1,0.0
MTNb,4,2,6,0.67
MTNh,0,4,4,0.0
MTNl,0,0,0,
MTNm,4,4,8,0.5
MTNn,11,7,18,0.61
MTNs,2,4,6,0.33
MTPB,4,4,8,0.5
MTPD,0,1,1,0.0
MTPH,4,2,6,0.67
MTPI,1,1,2,0.5
MTPK,1,0,1,1.0
MTPL,2,4,6,0.33
MTPM,4,6,10,0.4
MTPN,9,6,15,0.6
MTPP,9,9,18,0.5
MTPS,4,5,9,0.44
MTPT,1,1,2,0.5
MTPb,6,4,10,0.6
MTPh,0,0,0,
MTPl,2,1,3,0.67
MTPm,10,7,17,0.59
MTPn,4,12,16,0.25
MTPs,5,1,6,0.83
MTSB,1,3,4,0.25
MTSD,0,1,1,0.0
MTSH,5,2,7,0.71
MTSI,1,0,1,1.0
MTSL,0,0,0,
MTSM,1,2,3,0.33
MTSN,2,5,7,0.29
MTSP,4,2,6,0.67
MTSS,6,5,11,0.55
MTST,2,0,2,1.0
MTSb,1,1,2,0.5
MTSh,3,2,5,0.6
MTSl,3,1,4,0.75
MTSm,3,0,3,1.0
MTSn,3,4,7,0.43
MTSs,2,2,4,0.5
MTTB,0,1,1,0.0
MTTD,0,1,1,0.0
MTTH,2,0,2,1.0
MTTM,0,0,0,
MTTN,1,1,2,0.5
MTTP,1,0,1,1.0
MTTb,1,0,1,1.0
MTTm,1,0,1,1.0
MTTn,0,2,2,0.0
MTTs,1,1,2,0.5
MTbB,2,2,4,0.5
MTbH,0,4,4,0.0
MTbI,1,0,1,1.0
MTbJ,2,0,2,1.0
MTbK,0,1,1,0.0
MTbL,2,1,3,0.67
MTbM,5,3,8,0.62
MTbN,8,5,13,0.62
MTbP,4,6,10,0.4
MTbS,3,1,4,0.75
MTbb,8,4,12,0.67
MTbl,3,1,4,0.75
MTbm,0,3,3,0.0
MTbn,0,3,3,0.0
MTbs,1,1,2,0.5
MThM,0,2,2,0.0
MThP,0,1,1,0.0
MTlH,0,0,0,
MTlK,0,1,1,0.0
MTlL,1,0,1,1.0
MTlM,1,1,2,0.5
MTlN,1,3,4,0.25
MTlP,2,2,4,0.5
MTlS,0,0,0,
MTlb,0,1,1,0.0
MTlm,2,1,3,0.67
MTln,0,0,0,
MTls,1,0,1,1.0
MTmB,4,1,5,0.8
MTmD,1,1,2,0.5
MTmH,1,3,4,0.25
MTmJ,0,2,2,0.0
MTmL,1,1,2,0.5
MTmM,6,4,10,0.6
MTmN,6,3,9,0.67
MTmP,5,2,7,0.71
MTmS,1,1,2,0.5
MTmb,4,2,6,0.67
MTml,3,1,4,0.75
MTmm,1,2,3,0.33
MTmn,5,3,8,0.62
MTms,0,2,2,0.0
MTnB,5,4,9,0.56
MTnH,6,5,11,0.55
MTnI,0,0,0,
MTnK,0,1,1,0.0
MTnL,2,3,5,0.4
MTnM,2,2,4,0.5
MTnN,6,4,10,0.6
MTnP,7,5,12,0.58
MTnS,2,5,7,0.29
MTnb,7,8,15,0.47
MTnh,0,0,0,
MTnl,2,2,4,0.5
MTnm,1,3,4,0.25
MTnn,8,1,9,0.89
MTns,3,5,8,0.38
MTsB,1,2,3,0.33
MTsD,2,0,2,1.0
MTsH,4,5,9,0.44
MTsM,1,2,3,0.33
MTsN,2,2,4,0.5
MTsP,2,2,4,0.5
MTsS,2,5,7,0.29
MTsb,4,0,4,1.0
MTsm,3,1,4,0.75
MTsn,2,0,2,1.0
MTss,1,4,5,0.2
MbBB,29,21,50,0.58
MbBD,3,6,9,0.33
MbBH,1,0,1,1.0
MbBI,0,1,1,0.0
MbBK,0,3,3,0.0
MbBL,7,10,17,0.41
MbBM,28,38,66,0.42
MbBN,24,39,63,0.38
MbBP,39,39,78,0.5
MbBS,9,15,24,0.38
MbBT,5,4,9,0.56
MbBb,32,32,64,0.5
MbBh,13,4,17,0.76
MbBj,13,15,28,0.46
MbBl,4,11,15,0.27
MbBm,33,15,48,0.69
MbBn,47,36,83,0.57
MbBs,19,9,28,0.68
MbDB,1,2,3,0.33
MbDD,1,0,1,1.0
MbDH,3,5,8,0.38
MbDL,0,1,1,0.0
MbDM,5,4,9,0.56
MbDN,7,1,8,0.88
MbDP,8,3,11,0.73
MbDS,9,0,9,1.0
MbDb,0,2,2,0.0
MbDl,0,2,2,0.0
MbDm,6,5,11,0.55
MbDn,6,6,12,0.5
MbDs,2,4,6,0.33
MbHB,7,9,16,0.44
MbHD,0,1,1,0.0
MbHH,2,1,3,0.67
MbHI,0,2,2,0.0
MbHK,0,1,1,0.0
MbHL,4,8,12,0.33
MbHM,10,12,22,0.45
MbHN,13,11,24,0.54
MbHP,15,17,32,0.47
MbHS,15,6,21,0.71
MbHT,0,2,2,0.0
MbHb,14,21,35,0.4
MbHh,4,2,6,0.67
MbHl,4,3,7,0.57
MbHm,8,10,18,0.44
MbHn,12,12,24,0.5
MbHs,6,5,11,0.55
MbIB,0,2,2,0.0
MbID,0,1,1,0.0
MbIH,4,3,7,0.57
MbII,1,0,1,1.0
MbIL,0,4,4,0.0
MbIM,5,4,9,0.56
MbIN,4,4,8,0.5
MbIP,5,3,8,0.62
MbIS,2,2,4,0.5
MbIT,1,0,1,1.0
MbIb,4,5,9,0.44
MbIl,3,0,3,1.0
MbIm,4,3,7,0.57
MbIn,5,0,5,1.0
MbIs,2,1,3,0.67
MbJB,4,6,10,0.4
MbJD,2,2,4,0.5
MbJH,4,3,7,0.57
MbJI,4,1,5,0.8
MbJK,1,1,2,0.5
MbJL,8,7,15,0.53
MbJM,13,12,25,0.52
MbJN,16,11,27,0.59
MbJP,15,16,31,0.48
MbJS,8,8,16,0.5
MbJT,3,0,3,1.0
MbJb,7,9,16,0.44
MbJh,3,2,5,0.6
MbJl,5,3,8,0.62
MbJm,13,4,17,0.76
MbJn,10,10,20,0.5
MbJs,7,4,11,0.64
MbKB,2,2,4,0.5
MbKD,0,1,1,0.0
MbKH,1,0,1,1.0
MbKL,2,1,3,0.67
MbKM,4,2,6,0.67
MbKN,3,3,6,0.5
MbKP,10,8,18,0.56
MbKS,2,8,10,0.2
MbKT,0,1,1,0.0
MbKb,1,2,3,0.33
MbKh,7,4,11,0.64
MbKl,3,3,6,0.5
MbKm,3,0,3,1.0
MbKn,5,7,12,0.42
MbKs,6,5,11,0.55
MbLB,10,9,19,0.53
MbLD,2,1,3,0.67
MbLI,1,0,1,1.0
MbLK,0,1,1,0.0
MbLL,4,1,5,0.8
MbLM,10,14,24,0.42
MbLN,12,9,21,0.57
MbLP,18,15,33,0.55
MbLS,5,11,16,0.31
MbLT,6,0,6,1.0
MbLb,5,5,10,0.5
MbLh,4,7,11,0.36
MbLj,4,6,10,0.4
MbLl,4,1,5,0.8
MbLm,9,11,20,0.45
MbLn,11,15,26,0.42
MbLs,9,8,17,0.53
MbMB,28,27,55,0.51
MbMD,7,6,13,0.54
MbMH,1,0,1,1.0
MbML,6,9,15,0.4
MbMM,32,36,68,0.47
MbMN,26,39,65,0.4
MbMP,42,41,83,0.51
MbMS,20,29,49,0.41
MbMT,3,4,7,0.43
MbMb,39,23,62,0.63
MbMh,32,27,59,0.54
MbMj,13,6,19,0.68
MbMl,19,13,32,0.59
MbMm,40,37,77,0.52
MbMn,57,50,107,0.53
MbMs,21,25,46,0.46
MbNB,30,36,66,0.45
MbND,10,1,11,0.91
MbNH,11,6,17,0.65
MbNK,0,1,1,0.0
MbNL,12,24,36,0.33
MbNM,33,34,67,0.49
MbNN,71,80,151,0.47
MbNP,85,78,163,0.52
MbNS,35,65,100,0.35
MbNT,17,9,26,0.65
MbNb,47,44,91,0.52
MbNh,22,28,50,0.44
MbNl,19,12,31,0.61
MbNm,47,31,78,0.6
MbNn,75,80,155,0.48
MbNs,27,47,74,0.36
MbPB,49,36,85,0.58
MbPD,2,4,6,0.33
MbPH,11,14,25,0.44
MbPI,5,3,8,0.62
MbPK,5,3,8,0.62
MbPL,19,19,38,0.5
MbPM,37,49,86,0.43
MbPN,37,61,98,0.38
MbPP,85,70,155,0.55
MbPS,38,35,73,0.52
MbPT,4,5,9,0.44
MbPb,53,50,103,0.51
MbPh,12,6,18,0.67
MbPl,20,22,42,0.48
MbPm,39,26,65,0.6
MbPn,68,51,119,0.57
MbPs,32,35,67,0.48
MbSB,12,15,27,0.44
MbSD,3,1,4,0.75
MbSH,10,7,17,0.59
MbSI,2,1,3,0.67
MbSK,1,0,1,1.0
MbSL,4,11,15,0.27
MbSM,18,26,44,0.41
MbSN,21,23,44,0.48
MbSP,28,35,63,0.44
MbSS,23,17,40,0.57
MbST,2,3,5,0.4
MbSb,17,16,33,0.52
MbSh,25,13,38,0.66
MbSl,10,14,24,0.42
MbSm,24,14,38,0.63
MbSn,34,26,60,0.57
MbSs,26,17,43,0.6
MbbB,40,32,72,0.56
MbbD,4,5,9,0.44
MbbH,14,13,27,0.52
MbbI,4,3,7,0.57
MbbJ,9,10,19,0.47
MbbK,4,1,5,0.8
MbbL,13,9,22,0.59
MbbM,43,50,93,0.46
MbbN,55,69,124,0.44
MbbP,58,66,124,0.47
MbbS,13,25,38,0.34
Mbbb,36,30,66,0.55
Mbbl,14,10,24,0.58
Mbbm,29,24,53,0.55
Mbbn,69,44,113,0.61
Mbbs,19,14,33,0.58
MbhP,1,0,1,1.0
MbhS,1,0,1,1.0
Mbhb,1,0,1,1.0
MblB,1,17,18,0.06
MblH,8,9,17,0.47
MblI,0,2,2,0.0
MblJ,3,1,4,0.75
MblK,2,0,2,1.0
MblL,2,4,6,0.33
MblM,14,6,20,0.7
MblN,11,18,29,0.38
MblP,24,14,38,0.63
MblS,10,5,15,0.67
Mblb,16,17,33,0.48
Mbll,2,5,7,0.29
Mblm,10,8,18,0.56
Mbln,11,14,25,0.44
Mbls,12,6,18,0.67
MbmB,14,21,35,0.4
MbmD,2,2,4,0.5
MbmH,27,13,40,0.68
MbmI,2,2,4,0.5
MbmJ,5,9,14,0.36
MbmK,0,1,1,0.0
MbmL,9,11,20,0.45
MbmM,41,30,71,0.58
MbmN,35,32,67,0.52
MbmP,39,44,83,0.47
MbmS,17,17,34,0.5
Mbmb,30,27,57,0.53
Mbml,6,7,13,0.46
Mbmm,27,21,48,0.56
Mbmn,26,23,49,0.53
Mbms,11,16,27,0.41
MbnB,29,30,59,0.49
MbnD,3,4,7,0.43
MbnH,23,19,42,0.55
MbnI,11,7,18,0.61
MbnK,3,2,5,0.6
MbnL,9,9,18,0.5
MbnM,43,42,85,0.51
MbnN,57,65,122,0.47
MbnP,89,67,156,0.57
MbnS,25,25,50,0.5
MbnT,1,0,1,1.0
Mbnb,48,46,94,0.51
Mbnh,4,2,6,0.67
Mbnl,12,15,27,0.44
Mbnm,38,22,60,0.63
Mbnn,61,51,112,0.54
Mbns,34,18,52,0.65
MbsB,18,9,27,0.67
MbsD,5,1,6,0.83
MbsH,15,19,34,0.44
MbsI,5,4,9,0.56
MbsL,4,8,12,0.33
MbsM,18,27,45,0.4
MbsN,26,25,51,0.51
MbsP,27,22,49,0.55
MbsS,20,16,36,0.56
MbsT,1,1,2,0.5
Mbsb,18,13,31,0.58
Mbsh,0,0,0,
Mbsl,6,5,11,0.55
Mbsm,19,10,29,0.66
Mbsn,14,18,32,0.44
Mbss,23,5,28,0.82
MhBB,19,24,43,0.44
MhBD,2,1,3,0.67
MhBK,2,5,7,0.29
MhBL,7,4,11,0.64
MhBM,13,19,32,0.41
MhBN,19,18,37,0.51
MhBP,20,32,52,0.38
MhBS,12,14,26,0.46
MhBT,2,1,3,0.67
MhBb,19,23,42,0.45
MhBh,2,1,3,0.67
MhBj,11,7,18,0.61
MhBl,5,5,10,0.5
MhBm,20,18,38,0.53
MhBn,31,25,56,0.55
MhBs,8,7,15,0.53
MhDB,2,3,5,0.4
MhDD,1,0,1,1.0
MhDH,0,2,2,0.0
MhDL,2,1,3,0.67
MhDM,0,7,7,0.0
MhDN,1,2,3,0.33
MhDP,0,6,6,0.0
MhDS,3,4,7,0.43
MhDb,3,3,6,0.5
MhDh,0,1,1,0.0
MhDl,1,1,2,0.5
MhDm,3,5,8,0.38
MhDn,5,2,7,0.71
MhDs,4,1,5,0.8
MhHB,6,1,7,0.86
MhHD,1,0,1,1.0
MhHH,1,1,2,0.5
MhHI,0,1,1,0.0
MhHK,0,1,1,0.0
MhHL,1,0,1,1.0
MhHM,4,6,10,0.4
MhHN,4,4,8,0.5
MhHP,9,10,19,0.47
MhHS,6,9,15,0.4
MhHT,1,0,1,1.0
MhHb,8,9,17,0.47
MhHh,4,4,8,0.5
MhHl,1,4,5,0.2
MhHm,6,2,8,0.75
MhHn,5,11,16,0.31
MhHs,8,7,15,0.53
MhIB,1,0,1,1.0
MhID,1,0,1,1.0
MhIH,2,1,3,0.67
MhII,0,1,1,0.0
MhIM,1,3,4,0.25
MhIN,3,3,6,0.5
MhIP,5,1,6,0.83
MhIS,3,0,3,1.0
MhIT,1,0,1,1.0
MhIb,0,1,1,0.0
MhIl,0,2,2,0.0
MhIm,0,2,2,0.0
MhIn,3,1,4,0.75
MhIs,3,1,4,0.75
MhKB,1,0,1,1.0
MhKD,0,1,1,0.0
MhKL,1,0,1,1.0
MhKM,2,2,4,0.5
MhKN,1,0,1,1.0
MhKP,0,1,1,0.0
MhKS,0,1,1,0.0
MhKT,1,0,1,1.0
MhKb,0,0,0,
MhKl,0,0,0,
MhKn,1,1,2,0.5
MhKs,1,0,1,1.0
MhLB,6,5,11,0.55
MhLD,1,0,1,1.0
MhLK,0,1,1,0.0
MhLL,3,3,6,0.5
MhLM,9,6,15,0.6
MhLN,9,10,19,0.47
MhLP,13,12,25,0.52
MhLS,4,4,8,0.5
MhLT,3,0,3,1.0
MhLb,11,8,19,0.58
MhLh,5,5,10,0.5
MhLj,1,4,5,0.2
MhLl,1,9,10,0.1
MhLm,5,5,10,0.5
MhLn,11,12,23,0.48
MhLs,3,3,6,0.5
MhMB,25,33,58,0.43
MhMD,2,7,9,0.22
MhMH,0,1,1,0.0
MhML,11,13,24,0.46
MhMM,26,31,57,0.46
MhMN,22,30,52,0.42
MhMP,29,37,66,0.44
MhMS,19,21,40,0.48
MhMT,0,3,3,0.0
MhMb,21,36,57,0.37
MhMh,15,25,40,0.38
MhMj,2,8,10,0.2
MhMl,13,11,24,0.54
MhMm,25,19,44,0.57
MhMn,36,38,74,0.49
MhMs,14,15,29,0.48
MhNB,25,24,49,0.51
MhND,3,3,6,0.5
MhNH,2,6,8,0.25
MhNI,0,0,0,
MhNK,3,3,6,0.5
MhNL,5,8,13,0.38
MhNM,23,31,54,0.43
MhNN,29,32,61,0.48
MhNP,39,41,80,0.49
MhNS,31,21,52,0.6
MhNT,4,5,9,0.44
MhNb,19,20,39,0.49
MhNh,7,14,21,0.33
MhNl,8,7,15,0.53
MhNm,20,11,31,0.65
MhNn,34,32,66,0.52
MhNs,16,19,35,0.46
MhPB,23,30,53,0.43
MhPD,4,2,6,0.67
MhPH,10,17,27,0.37
MhPI,3,1,4,0.75
MhPK,2,5,7,0.29
MhPL,22,14,36,0.61
MhPM,39,35,74,0.53
MhPN,31,35,66,0.47
MhPP,63,49,112,0.56
MhPS,38,32,70,0.54
MhPT,8,3,11,0.73
MhPb,40,38,78,0.51
MhPh,2,7,9,0.22
MhPl,18,14,32,0.56
MhPm,39,40,79,0.49
MhPn,37,46,83,0.45
MhPs,25,35,60,0.42
MhSB,21,12,33,0.64
MhSD,3,1,4,0.75
MhSH,11,13,24,0.46
MhSI,1,0,1,1.0
MhSK,0,1,1,0.0
MhSL,12,2,14,0.86
MhSM,27,22,49,0.55
MhSN,33,17,50,0.66
MhSP,23,23,46,0.5
MhSS,33,37,70,0.47
MhST,1,2,3,0.33
MhSb,19,31,50,0.38
MhSh,19,18,37,0.51
MhSl,3,9,12,0.25
MhSm,24,13,37,0.65
MhSn,21,21,42,0.5
MhSs,28,26,54,0.52
MhTB,2,3,5,0.4
MhTD,1,0,1,1.0
MhTH,1,1,2,0.5
MhTL,0,1,1,0.0
MhTM,4,5,9,0.44
MhTN,0,4,4,0.0
MhTP,3,8,11,0.27
MhTS,4,2,6,0.67
MhTT,1,2,3,0.33
MhTb,3,4,7,0.43
MhTh,0,0,0,
MhTl,2,0,2,1.0
MhTm,5,4,9,0.56
MhTn,1,2,3,0.33
MhTs,4,3,7,0.57
MhbB,14,9,23,0.61
MhbD,0,3,3,0.0
MhbH,7,5,12,0.58
MhbI,1,1,2,0.5
MhbJ,12,8,20,0.6
MhbK,4,3,7,0.57
MhbL,11,10,21,0.52
MhbM,31,29,60,0.52
MhbN,21,38,59,0.36
MhbP,35,36,71,0.49
MhbS,19,16,35,0.54
Mhbb,24,25,49,0.49
Mhbl,9,4,13,0.69
Mhbm,24,21,45,0.53
Mhbn,35,25,60,0.58
Mhbs,16,13,29,0.55
MhhB,20,16,36,0.56
MhhD,1,3,4,0.25
MhhH,5,3,8,0.62
MhhI,2,1,3,0.67
MhhK,0,0,0,
MhhL,10,10,20,0.5
MhhM,28,24,52,0.54
MhhN,22,15,37,0.59
MhhP,29,30,59,0.49
MhhS,32,24,56,0.57
MhhT,4,1,5,0.8
Mhhb,32,11,43,0.74
Mhhh,24,22,46,0.52
Mhhl,9,9,18,0.5
Mhhm,17,20,37,0.46
Mhhn,31,34,65,0.48
Mhhs,20,24,44,0.45
MhlB,9,12,21,0.43
MhlD,1,2,3,0.33
MhlH,9,9,18,0.5
MhlI,2,3,5,0.4
MhlJ,5,4,9,0.56
MhlK,1,1,2,0.5
MhlL,3,5,8,0.38
MhlM,11,24,35,0.31
MhlN,11,23,34,0.32
MhlP,22,16,38,0.58
MhlS,12,18,30,0.4
Mhlb,9,15,24,0.38
Mhll,12,3,15,0.8
Mhlm,15,9,24,0.62
Mhln,12,9,21,0.57
Mhls,19,8,27,0.7
MhmB,18,16,34,0.53
MhmD,7,3,10,0.7
MhmH,21,17,38,0.55
MhmI,0,2,2,0.0
MhmJ,1,4,5,0.2
MhmK,0,1,1,0.0
MhmL,14,7,21,0.67
MhmM,28,28,56,0.5
MhmN,26,29,55,0.47
MhmP,33,32,65,0.51
MhmS,22,23,45,0.49
Mhmb,20,26,46,0.43
Mhml,3,3,6,0.5
Mhmm,33,17,50,0.66
Mhmn,24,22,46,0.52
Mhms,18,12,30,0.6
MhnB,18,21,39,0.46
MhnD,3,2,5,0.6
MhnH,14,13,27,0.52
MhnI,7,4,11,0.64
MhnK,3,5,8,0.38
MhnL,23,8,31,0.74
MhnM,23,41,64,0.36
MhnN,37,34,71,0.52
MhnP,38,45,83,0.46
MhnS,38,31,69,0.55
Mhnb,27,32,59,0.46
Mhnh,3,1,4,0.75
Mhnl,13,4,17,0.76
Mhnm,30,19,49,0.61
Mhnn,33,25,58,0.57
Mhns,23,22,45,0.51
MhsB,7,13,20,0.35
MhsD,3,4,7,0.43
MhsH,20,18,38,0.53
MhsI,2,2,4,0.5
MhsK,1,1,2,0.5
MhsL,8,6,14,0.57
MhsM,18,28,46,0.39
MhsN,26,22,48,0.54
MhsP,36,29,65,0.55
MhsS,36,30,66,0.55
Mhsb,17,16,33,0.52
Mhsh,2,2,4,0.5
Mhsl,4,9,13,0.31
Mhsm,24,23,47,0.51
Mhsn,22,23,45,0.49
Mhss,10,19,29,0.34
MjBB,7,7,14,0.5
MjBK,1,1,2,0.5
MjBL,2,3,5,0.4
MjBM,7,12,19,0.37
MjBN,5,13,18,0.28
MjBP,11,7,18,0.61
MjBS,7,5,12,0.58
MjBT,0,1,1,0.0
MjBb,6,8,14,0.43
MjBh,1,5,6,0.17
MjBj,5,0,5,1.0
MjBl,1,4,5,0.2
MjBm,14,8,22,0.64
MjBn,7,13,20,0.35
MjBs,4,4,8,0.5
MjDB,1,1,2,0.5
MjDH,1,4,5,0.2
MjDL,1,0,1,1.0
MjDM,1,0,1,1.0
MjDN,1,0,1,1.0
MjDP,1,1,2,0.5
MjDS,1,0,1,1.0
MjDb,1,1,2,0.5
MjDh,1,0,1,1.0
MjDn,1,0,1,1.0
MjDs,0,0,0,
MjHB,2,3,5,0.4
MjHH,0,1,1,0.0
MjHI,1,0,1,1.0
MjHL,1,2,3,0.33
MjHM,4,6,10,0.4
MjHN,7,2,9,0.78
MjHP,4,8,12,0.33
MjHS,2,4,6,0.33
MjHT,0,1,1,0.0
MjHb,6,4,10,0.6
MjHh,3,1,4,0.75
MjHl,2,0,2,1.0
MjHm,6,1,7,0.86
MjHn,4,3,7,0.57
MjHs,4,4,8,0.5
MjIB,1,1,2,0.5
MjIL,0,1,1,0.0
MjIM,3,0,3,1.0
MjIP,3,2,5,0.6
MjIb,1,1,2,0.5
MjIm,1,1,2,0.5
MjIn,2,0,2,1.0
MjKL,1,0,1,1.0
MjKM,0,1,1,0.0
MjKN,0,1,1,0.0
MjKP,0,1,1,0.0
MjKS,1,0,1,1.0
MjKb,0,2,2,0.0
MjKh,2,1,3,0.67
MjKm,1,2,3,0.33
MjKn,0,1,1,0.0
MjLB,1,0,1,1.0
MjLK,1,0,1,1.0
MjLL,1,0,1,1.0
MjLM,3,6,9,0.33
MjLN,2,3,5,0.4
MjLP,4,8,12,0.33
MjLS,1,3,4,0.25
MjLb,6,5,11,0.55
MjLh,2,2,4,0.5
MjLj,5,1,6,0.83
MjLl,3,1,4,0.75
MjLm,2,5,7,0.29
MjLn,4,5,9,0.44
MjLs,4,1,5,0.8
MjMB,6,8,14,0.43
MjMD,0,2,2,0.0
MjML,0,3,3,0.0
MjMM,6,8,14,0.43
MjMN,9,11,20,0.45
MjMP,7,8,15,0.47
MjMS,12,8,20,0.6
MjMT,1,0,1,1.0
MjMb,18,12,30,0.6
MjMh,9,8,17,0.53
MjMj,4,3,7,0.57
MjMl,4,1,5,0.8
MjMm,9,10,19,0.47
MjMn,12,17,29,0.41
MjMs,11,7,18,0.61
MjNB,9,4,13,0.69
MjND,3,3,6,0.5
MjNH,1,2,3,0.33
MjNK,0,0,0,
MjNL,5,3,8,0.62
MjNM,7,10,17,0.41
MjNN,11,12,23,0.48
MjNP,17,19,36,0.47
MjNS,6,9,15,0.4
MjNT,3,2,5,0.6
MjNb,8,7,15,0.53
MjNh,6,4,10,0.6
MjNl,3,4,7,0.43
MjNm,9,2,11,0.82
MjNn,20,12,32,0.62
MjNs,4,4,8,0.5
MjPB,7,12,19,0.37
MjPD,3,2,5,0.6
MjPH,5,4,9,0.56
MjPI,2,1,3,0.67
MjPK,3,2,5,0.6
MjPL,11,8,19,0.58
MjPM,12,15,27,0.44
MjPN,14,14,28,0.5
MjPP,22,33,55,0.4
MjPS,9,12,21,0.43
MjPT,1,3,4,0.25
MjPb,15,14,29,0.52
MjPh,0,1,1,0.0
MjPl,11,6,17,0.65
MjPm,14,13,27,0.52
MjPn,22,21,43,0.51
MjPs,8,10,18,0.44
MjSB,6,8,14,0.43
MjSD,2,0,2,1.0
MjSH,6,4,10,0.6
MjSK,0,0,0,
MjSL,2,2,4,0.5
MjSM,10,7,17,0.59
MjSN,5,3,8,0.62
MjSP,15,11,26,0.58
MjSS,10,11,21,0.48
MjSb,8,7,15,0.53
MjSh,2,5,7,0.29
MjSl,6,2,8,0.75
MjSm,8,9,17,0.47
MjSn,8,13,21,0.38
MjSs,8,6,14,0.57
MjTB,1,0,1,1.0
MjTD,1,0,1,1.0
MjTH,3,1,4,0.75
MjTK,1,1,2,0.5
MjTL,2,0,2,1.0
MjTM,2,1,3,0.67
MjTN,2,2,4,0.5
MjTP,2,5,7,0.29
MjTS,1,0,1,1.0
MjTT,0,1,1,0.0
MjTb,0,2,2,0.0
MjTl,1,0,1,1.0
MjTm,1,0,1,1.0
MjTn,2,1,3,0.67
MjTs,0,1,1,0.0
MjbB,16,10,26,0.62
MjbD,0,1,1,0.0
MjbH,5,4,9,0.56
MjbI,0,1,1,0.0
MjbJ,2,2,4,0.5
MjbK,1,1,2,0.5
MjbL,3,6,9,0.33
MjbM,13,19,32,0.41
MjbN,11,10,21,0.52
MjbP,14,15,29,0.48
MjbS,6,12,18,0.33
Mjbb,13,7,20,0.65
Mjbl,3,9,12,0.25
Mjbm,5,5,10,0.5
Mjbn,4,7,11,0.36
Mjbs,5,6,11,0.45
MjhB,2,0,2,1.0
MjhL,1,0,1,1.0
MjhM,0,1,1,0.0
MjhN,1,2,3,0.33
MjhP,1,2,3,0.33
Mjhb,2,0,2,1.0
Mjhh,4,7,11,0.36
Mjhl,2,1,3,0.67
Mjhm,3,1,4,0.75
Mjhn,1,2,3,0.33
Mjhs,1,3,4,0.25
MjlB,1,4,5,0.2
MjlD,0,1,1,0.0
MjlH,3,5,8,0.38
MjlJ,1,3,4,0.25
MjlL,1,1,2,0.5
MjlM,5,4,9,0.56
MjlN,4,7,11,0.36
MjlP,10,4,14,0.71
MjlS,3,6,9,0.33
Mjlb,6,6,12,0.5
Mjll,4,0,4,1.0
Mjlm,2,4,6,0.33
Mjln,5,1,6,0.83
Mjls,4,3,7,0.57
MjmB,7,6,13,0.54
MjmD,0,2,2,0.0
MjmH,4,6,10,0.4
MjmI,0,0,0,
MjmJ,2,3,5,0.4
MjmL,3,5,8,0.38
MjmM,4,9,13,0.31
MjmN,18,10,28,0.64
MjmP,9,10,19,0.47
MjmS,6,15,21,0.29
Mjmb,6,7,13,0.46
Mjml,3,3,6,0.5
Mjmm,8,8,16,0.5
Mjmn,9,7,16,0.56
Mjms,3,5,8,0.38
MjnB,9,9,18,0.5
MjnD,1,2,3,0.33
MjnH,6,3,9,0.67
MjnI,1,2,3,0.33
MjnK,2,1,3,0.67
MjnL,3,4,7,0.43
MjnM,9,8,17,0.53
MjnN,14,12,26,0.54
MjnP,10,14,24,0.42
MjnS,7,14,21,0.33
Mjnb,12,13,25,0.48
Mjnh,2,0,2,1.0
Mjnl,7,3,10,0.7
Mjnm,10,10,20,0.5
Mjnn,10,12,22,0.45
Mjns,8,8,16,0.5
MjsB,7,2,9,0.78
MjsD,2,1,3,0.67
MjsH,4,8,12,0.33
MjsI,1,1,2,0.5
MjsK,0,1,1,0.0
MjsL,2,4,6,0.33
MjsM,9,3,12,0.75
MjsN,2,3,5,0.4
MjsP,8,10,18,0.44
MjsS,11,5,16,0.69
MjsT,1,0,1,1.0
Mjsb,6,4,10,0.6
Mjsh,0,1,1,0.0
Mjsl,1,4,5,0.2
Mjsm,10,3,13,0.77
Mjsn,10,6,16,0.62
Mjss,8,3,11,0.73
MlBB,7,7,14,0.5
MlBD,2,2,4,0.5
MlBK,1,2,3,0.33
MlBL,3,6,9,0.33
MlBM,7,7,14,0.5
MlBN,11,24,35,0.31
MlBP,15,10,25,0.6
MlBS,5,7,12,0.42
MlBT,0,1,1,0.0
MlBb,10,8,18,0.56
MlBh,2,1,3,0.67
MlBj,4,5,9,0.44
MlBl,1,4,5,0.2
MlBm,9,8,17,0.53
MlBn,21,11,32,0.66
MlBs,6,8,14,0.43
MlDB,2,0,2,1.0
MlDH,2,2,4,0.5
MlDI,0,1,1,0.0
MlDL,1,0,1,1.0
MlDM,2,2,4,0.5
MlDN,0,2,2,0.0
MlDP,1,1,2,0.5
MlDS,2,1,3,0.67
MlDb,1,1,2,0.5
MlDl,0,0,0,
MlDm,3,1,4,0.75
MlDn,2,0,2,1.0
MlDs,0,1,1,0.0
MlHB,6,5,11,0.55
MlHD,2,0,2,1.0
MlHH,0,1,1,0.0
MlHI,1,0,1,1.0
MlHK,0,0,0,
MlHL,3,2,5,0.6
MlHM,7,8,15,0.47
MlHN,10,12,22,0.45
MlHP,18,11,29,0.62
MlHS,14,11,25,0.56
MlHT,3,0,3,1.0
MlHb,12,7,19,0.63
MlHh,5,8,13,0.38
MlHl,5,5,10,0.5
MlHm,13,4,17,0.76
MlHn,18,16,34,0.53
MlHs,10,13,23,0.43
MlIB,0,1,1,0.0
MlID,0,0,0,
MlIH,0,2,2,0.0
MlIL,0,1,1,0.0
MlIM,3,2,5,0.6
MlIN,2,2,4,0.5
MlIP,2,3,5,0.4
MlIS,2,1,3,0.67
MlIT,0,1,1,0.0
MlIb,2,3,5,0.4
MlIh,0,0,0,
MlIm,0,1,1,0.0
MlIs,0,0,0,
MlJB,3,3,6,0.5
MlJH,4,1,5,0.8
MlJI,1,0,1,1.0
MlJL,1,1,2,0.5
MlJM,5,2,7,0.71
MlJN,7,8,15,0.47
MlJP,6,4,10,0.6
MlJS,4,6,10,0.4
MlJT,2,0,2,1.0
MlJb,2,4,6,0.33
MlJl,3,2,5,0.6
MlJm,4,3,7,0.57
MlJn,0,1,1,0.0
MlJs,3,2,5,0.6
MlKB,1,0,1,1.0
MlKM,1,1,2,0.5
MlKN,1,0,1,1.0
MlKP,0,1,1,0.0
MlKb,1,0,1,1.0
MlKh,0,1,1,0.0
MlKl,1,0,1,1.0
MlKm,1,1,2,0.5
MlKn,2,3,5,0.4
MlLB,9,5,14,0.64
MlLH,1,0,1,1.0
MlLK,1,0,1,1.0
MlLL,5,4,9,0.56
MlLM,8,7,15,0.53
MlLN,6,4,10,0.6
MlLP,12,9,21,0.57
MlLS,3,5,8,0.38
MlLT,0,0,0,
MlLb,2,5,7,0.29
MlLh,4,2,6,0.67
MlLj,1,4,5,0.2
MlLl,2,2,4,0.5
MlLm,2,3,5,0.4
MlLn,9,6,15,0.6
MlLs,3,3,6,0.5
MlMB,15,14,29,0.52
MlMD,1,1,2,0.5
MlML,6,7,13,0.46
MlMM,13,10,23,0.57
MlMN,14,25,39,0.36
MlMP,14,15,29,0.48
MlMS,8,11,19,0.42
MlMT,3,1,4,0.75
MlMb,19,11,30,0.63
MlMh,11,10,21,0.52
MlMj,6,4,10,0.6
MlMl,5,3,8,0.62
MlMm,6,13,19,0.32
MlMn,25,34,59,0.42
MlMs,9,12,21,0.43
MlNB,11,7,18,0.61
MlND,0,5,5,0.0
MlNH,5,2,7,0.71
MlNL,1,6,7,0.14
MlNM,17,12,29,0.59
MlNN,24,23,47,0.51
MlNP,25,28,53,0.47
MlNS,17,14,31,0.55
MlNT,7,5,12,0.58
MlNb,14,17,31,0.45
MlNh,6,10,16,0.38
MlNl,10,9,19,0.53
MlNm,23,18,41,0.56
MlNn,23,25,48,0.48
MlNs,20,10,30,0.67
MlPB,13,12,25,0.52
MlPD,1,1,2,0.5
MlPH,3,5,8,0.38
MlPI,4,1,5,0.8
MlPK,2,2,4,0.5
MlPL,7,10,17,0.41
MlPM,19,23,42,0.45
MlPN,17,19,36,0.47
MlPP,42,37,79,0.53
MlPS,8,12,20,0.4
MlPT,2,2,4,0.5
MlPb,18,21,39,0.46
MlPh,4,1,5,0.8
MlPl,10,5,15,0.67
MlPm,13,8,21,0.62
MlPn,25,13,38,0.66
MlPs,7,12,19,0.37
MlSB,3,8,11,0.27
MlSD,3,2,5,0.6
MlSH,3,4,7,0.43
MlSI,0,1,1,0.0
MlSK,0,0,0,
MlSL,3,1,4,0.75
MlSM,12,13,25,0.48
MlSN,12,10,22,0.55
MlSP,14,29,43,0.33
MlSS,10,13,23,0.43
MlST,0,0,0,
MlSb,17,16,33,0.52
MlSh,5,12,17,0.29
MlSl,4,4,8,0.5
MlSm,8,7,15,0.53
MlSn,14,17,31,0.45
MlSs,12,15,27,0.44
MlbB,12,13,25,0.48
MlbD,1,1,2,0.5
MlbH,4,3,7,0.57
MlbI,1,1,2,0.5
MlbJ,3,3,6,0.5
MlbK,4,2,6,0.67
MlbL,6,5,11,0.55
MlbM,11,24,35,0.31
MlbN,18,24,42,0.43
MlbP,17,18,35,0.49
MlbS,6,11,17,0.35
Mlbb,18,17,35,0.51
Mlbl,8,2,10,0.8
Mlbm,8,10,18,0.44
Mlbn,11,12,23,0.48
Mlbs,1,6,7,0.14
Mlhn,1,0,1,1.0
MllB,5,2,7,0.71
MllD,1,2,3,0.33
MllH,2,2,4,0.5
MllI,1,0,1,1.0
MllJ,5,1,6,0.83
MllL,1,7,8,0.12
MllM,4,5,9,0.44
MllN,7,7,14,0.5
MllP,4,6,10,0.4
MllS,4,4,8,0.5
Mllb,5,6,11,0.45
Mlll,2,0,2,1.0
Mllm,5,2,7,0.71
Mlln,7,6,13,0.54
Mlls,0,3,3,0.0
MlmB,14,9,23,0.61
MlmD,4,1,5,0.8
MlmH,8,11,19,0.42
MlmI,3,1,4,0.75
MlmJ,3,3,6,0.5
MlmL,7,2,9,0.78
MlmM,9,15,24,0.38
MlmN,15,17,32,0.47
MlmP,14,11,25,0.56
MlmS,8,8,16,0.5
Mlmb,9,10,19,0.47
Mlml,4,2,6,0.67
Mlmm,9,9,18,0.5
Mlmn,17,7,24,0.71
Mlms,4,5,9,0.44
MlnB,7,10,17,0.41
MlnD,0,1,1,0.0
MlnH,8,9,17,0.47
MlnI,1,2,3,0.33
MlnK,1,3,4,0.25
MlnL,3,3,6,0.5
MlnM,14,21,35,0.4
MlnN,16,24,40,0.4
MlnP,21,19,40,0.52
MlnS,6,15,21,0.29
MlnT,1,0,1,1.0
Mlnb,18,15,33,0.55
Mlnh,0,1,1,0.0
Mlnl,4,6,10,0.4
Mlnm,15,9,24,0.62
Mlnn,19,9,28,0.68
Mlns,11,7,18,0.61
MlsB,3,4,7,0.43
MlsD,0,1,1,0.0
MlsH,9,5,14,0.64
MlsI,1,1,2,0.5
MlsL,4,2,6,0.67
MlsM,12,8,20,0.6
MlsN,11,12,23,0.48
MlsP,9,11,20,0.45
MlsS,12,10,22,0.55
Mlsb,6,8,14,0.43
Mlsl,2,1,3,0.67
Mlsm,9,5,14,0.64
Mlsn,12,4,16,0.75
Mlss,10,7,17,0.59
MmBB,16,24,40,0.4
MmBD,2,6,8,0.25
MmBH,0,1,1,0.0
MmBK,4,3,7,0.57
MmBL,9,15,24,0.38
MmBM,25,31,56,0.45
MmBN,31,36,67,0.46
MmBP,49,33,82,0.6
MmBS,24,14,38,0.63
MmBT,3,5,8,0.38
MmBb,28,22,50,0.56
MmBh,7,4,11,0.64
MmBj,14,7,21,0.67
MmBl,7,8,15,0.47
MmBm,33,24,57,0.58
MmBn,44,35,79,0.56
MmBs,15,18,33,0.45
MmDB,6,5,11,0.55
MmDD,0,1,1,0.0
MmDH,6,5,11,0.55
MmDI,1,1,2,0.5
MmDL,3,0,3,1.0
MmDM,6,9,15,0.4
MmDN,11,11,22,0.5
MmDP,8,3,11,0.73
MmDS,5,7,12,0.42
MmDT,0,1,1,0.0
MmDb,1,4,5,0.2
MmDh,0,1,1,0.0
MmDl,1,2,3,0.33
MmDm,10,9,19,0.53
MmDn,9,4,13,0.69
MmDs,4,2,6,0.67
MmHB,21,17,38,0.55
MmHD,7,2,9,0.78
MmHH,5,5,10,0.5
MmHI,1,1,2,0.5
MmHK,0,3,3,0.0
MmHL,6,3,9,0.67
MmHM,29,30,59,0.49
MmHN,28,28,56,0.5
MmHP,43,43,86,0.5
MmHS,26,18,44,0.59
MmHT,0,4,4,0.0
MmHb,22,28,50,0.44
MmHh,15,12,27,0.56
MmHl,9,8,17,0.53
MmHm,28,30,58,0.48
MmHn,34,32,66,0.52
MmHs,31,26,57,0.54
MmIB,2,2,4,0.5
MmID,4,1,5,0.8
MmIH,2,2,4,0.5
MmIK,1,0,1,1.0
MmIL,2,0,2,1.0
MmIM,3,1,4,0.75
MmIN,2,0,2,1.0
MmIP,4,5,9,0.44
MmIS,4,2,6,0.67
MmIb,2,2,4,0.5
MmIl,1,1,2,0.5
MmIm,3,2,5,0.6
MmIn,6,8,14,0.43
MmIs,0,2,2,0.0
MmJB,6,4,10,0.6
MmJD,1,0,1,1.0
MmJH,4,2,6,0.67
MmJI,0,2,2,0.0
MmJK,0,2,2,0.0
MmJL,1,4,5,0.2
MmJM,3,9,12,0.25
MmJN,9,5,14,0.64
MmJP,9,12,21,0.43
MmJS,4,4,8,0.5
MmJT,1,2,3,0.33
MmJb,8,0,8,1.0
MmJl,1,1,2,0.5
MmJm,3,11,14,0.21
MmJn,5,16,21,0.24
MmJs,7,5,12,0.58
MmKB,1,3,4,0.25
MmKD,1,0,1,1.0
MmKH,0,0,0,
MmKI,1,0,1,1.0
MmKL,0,1,1,0.0
MmKN,2,0,2,1.0
MmKP,1,0,1,1.0
MmKS,1,2,3,0.33
MmKb,1,1,2,0.5
MmKm,2,0,2,1.0
MmKn,1,0,1,1.0
MmKs,0,0,0,
MmLB,8,4,12,0.67
MmLD,1,1,2,0.5
MmLK,1,0,1,1.0
MmLL,5,4,9,0.56
MmLM,6,9,15,0.4
MmLN,11,14,25,0.44
MmLP,13,14,27,0.48
MmLS,5,9,14,0.36
MmLT,4,1,5,0.8
MmLb,4,3,7,0.57
MmLh,6,5,11,0.55
MmLj,1,4,5,0.2
MmLl,3,7,10,0.3
MmLm,13,3,16,0.81
MmLn,10,20,30,0.33
MmLs,7,12,19,0.37
MmMB,29,25,54,0.54
MmMD,7,3,10,0.7
MmMH,1,0,1,1.0
MmMI,2,0,2,1.0
MmMK,0,1,1,0.0
MmML,11,10,21,0.52
MmMM,27,28,55,0.49
MmMN,43,45,88,0.49
MmMP,37,46,83,0.45
MmMS,26,30,56,0.46
MmMT,5,3,8,0.62
MmMb,30,23,53,0.57
MmMh,32,36,68,0.47
MmMj,14,13,27,0.52
MmMl,11,12,23,0.48
MmMm,47,35,82,0.57
MmMn,47,37,84,0.56
MmMs,17,21,38,0.45
MmNB,23,24,47,0.49
MmND,4,8,12,0.33
MmNH,9,10,19,0.47
MmNI,1,0,1,1.0
MmNK,3,5,8,0.38
MmNL,15,9,24,0.62
MmNM,30,41,71,0.42
MmNN,49,51,100,0.49
MmNP,65,65,130,0.5
MmNS,37,35,72,0.51
MmNT,6,5,11,0.55
MmNb,35,36,71,0.49
MmNh,16,13,29,0.55
MmNl,7,11,18,0.39
MmNm,37,34,71,0.52
MmNn,80,51,131,0.61
MmNs,25,36,61,0.41
MmPB,26,35,61,0.43
MmPD,4,2,6,0.67
MmPH,9,12,21,0.43
MmPI,6,5,11,0.55
MmPK,2,3,5,0.4
MmPL,18,13,31,0.58
MmPM,38,49,87,0.44
MmPN,52,49,101,0.51
MmPP,65,63,128,0.51
MmPS,34,41,75,0.45
MmPT,5,8,13,0.38
MmPb,34,51,85,0.4
MmPh,7,5,12,0.58
MmPl,13,9,22,0.59
MmPm,38,35,73,0.52
MmPn,54,47,101,0.53
MmPs,29,18,47,0.62
MmSB,15,24,39,0.38
MmSD,5,6,11,0.45
MmSH,5,7,12,0.42
MmSI,1,0,1,1.0
MmSK,0,0,0,
MmSL,4,4,8,0.5
MmSM,21,28,49,0.43
MmSN,29,34,63,0.46
MmSP,34,30,64,0.53
MmSS,18,36,54,0.33
MmST,10,2,12,0.83
MmSb,33,17,50,0.66
MmSh,20,23,43,0.47
MmSl,6,5,11,0.55
MmSm,27,24,51,0.53
MmSn,37,26,63,0.59
MmSs,33,22,55,0.6
MmbB,26,26,52,0.5
MmbD,4,7,11,0.36
MmbH,9,10,19,0.47
MmbI,6,5,11,0.55
MmbJ,15,10,25,0.6
MmbK,4,5,9,0.44
MmbL,5,6,11,0.45
MmbM,28,33,61,0.46
MmbN,46,43,89,0.52
MmbP,42,29,71,0.59
MmbS,19,14,33,0.58
Mmbb,34,28,62,0.55
Mmbl,7,9,16,0.44
Mmbm,14,11,25,0.56
Mmbn,42,43,85,0.49
Mmbs,16,10,26,0.62
MmhI,1,0,1,1.0
MmhN,0,0,0,
MmhS,0,0,0,
Mmhb,0,1,1,0.0
Mmhl,0,1,1,0.0
Mmhm,0,1,1,0.0
Mmhs,0,0,0,
MmlB,6,3,9,0.67
MmlD,3,0,3,1.0
MmlH,3,7,10,0.3
MmlI,0,1,1,0.0
MmlJ,3,3,6,0.5
MmlL,4,2,6,0.67
MmlM,8,10,18,0.44
MmlN,12,14,26,0.46
MmlP,9,16,25,0.36
MmlS,5,13,18,0.28
Mmlb,11,8,19,0.58
Mmll,2,3,5,0.4
Mmlm,5,6,11,0.45
Mmln,10,8,18,0.56
Mmls,2,5,7,0.29
MmmB,21,31,52,0.4
MmmD,7,6,13,0.54
MmmH,25,26,51,0.49
MmmI,3,2,5,0.6
MmmJ,3,7,10,0.3
MmmK,0,1,1,0.0
MmmL,11,5,16,0.69
MmmM,35,29,64,0.55
MmmN,32,37,69,0.46
MmmP,37,33,70,0.53
MmmS,18,15,33,0.55
MmmT,1,0,1,1.0
Mmmb,30,24,54,0.56
Mmmh,0,0,0,
Mmml,8,3,11,0.73
Mmmm,33,23,56,0.59
Mmmn,38,29,67,0.57
Mmms,16,17,33,0.48
MmnB,19,26,45,0.42
MmnD,8,4,12,0.67
MmnH,22,24,46,0.48
MmnI,3,4,7,0.43
MmnK,2,3,5,0.4
MmnL,8,8,16,0.5
MmnM,35,38,73,0.48
MmnN,52,57,109,0.48
MmnP,48,63,111,0.43
MmnS,31,24,55,0.56
Mmnb,36,27,63,0.57
Mmnh,1,2,3,0.33
Mmnl,12,9,21,0.57
Mmnm,24,23,47,0.51
Mmnn,45,39,84,0.54
Mmns,25,20,45,0.56
MmsB,22,12,34,0.65
MmsD,4,7,11,0.36
MmsH,19,20,39,0.49
MmsI,4,2,6,0.67
MmsK,0,1,1,0.0
MmsL,7,3,10,0.7
MmsM,14,21,35,0.4
MmsN,16,22,38,0.42
MmsP,27,20,47,0.57
MmsS,21,16,37,0.57
MmsT,0,0,0,
Mmsb,18,13,31,0.58
Mmsh,2,0,2,1.0
Mmsl,2,1,3,0.67
Mmsm,19,18,37,0.51
Mmsn,29,18,47,0.62
Mmss,17,12,29,0.59
MnBB,36,27,63,0.57
MnBD,2,6,8,0.25
MnBK,6,5,11,0.55
MnBL,8,10,18,0.44
MnBM,22,31,53,0.42
MnBN,42,50,92,0.46
MnBP,47,50,97,0.48
MnBS,16,17,33,0.48
MnBT,7,8,15,0.47
MnBb,30,32,62,0.48
MnBh,5,6,11,0.45
MnBj,14,10,24,0.58
MnBl,19,10,29,0.66
MnBm,32,24,56,0.57
MnBn,57,48,105,0.54
MnBs,12,13,25,0.48
MnDB,5,2,7,0.71
MnDD,2,3,5,0.4
MnDH,4,4,8,0.5
MnDI,1,0,1,1.0
MnDL,2,2,4,0.5
MnDM,6,9,15,0.4
MnDN,6,4,10,0.6
MnDP,6,10,16,0.38
MnDS,7,6,13,0.54
MnDT,1,0,1,1.0
MnDb,9,6,15,0.6
MnDl,1,3,4,0.25
MnDm,9,2,11,0.82
MnDn,11,6,17,0.65
MnDs,5,4,9,0.56
MnHB,15,10,25,0.6
MnHD,1,2,3,0.33
MnHH,4,5,9,0.44
MnHI,3,6,9,0.33
MnHK,2,4,6,0.33
MnHL,8,8,16,0.5
MnHM,15,20,35,0.43
MnHN,32,33,65,0.49
MnHP,29,49,78,0.37
MnHS,16,15,31,0.52
MnHT,3,0,3,1.0
MnHb,25,19,44,0.57
MnHh,10,11,21,0.48
MnHl,13,8,21,0.62
MnHm,28,17,45,0.62
MnHn,36,43,79,0.46
MnHs,16,20,36,0.44
MnIB,3,7,10,0.3
MnID,3,0,3,1.0
MnIH,6,3,9,0.67
MnII,3,1,4,0.75
MnIL,2,1,3,0.67
MnIM,4,4,8,0.5
MnIN,4,11,15,0.27
MnIP,12,7,19,0.63
MnIS,6,9,15,0.4
MnIT,0,1,1,0.0
MnIb,4,7,11,0.36
MnIl,0,1,1,0.0
MnIm,11,7,18,0.61
MnIn,11,11,22,0.5
MnIs,3,6,9,0.33
MnKB,0,1,1,0.0
MnKD,2,1,3,0.67
MnKI,0,0,0,
MnKK,0,0,0,
MnKL,0,1,1,0.0
MnKM,3,8,11,0.27
MnKN,1,3,4,0.25
MnKP,8,11,19,0.42
MnKS,6,2,8,0.75
MnKT,1,0,1,1.0
MnKb,3,3,6,0.5
MnKh,2,5,7,0.29
MnKl,1,1,2,0.5
MnKm,3,3,6,0.5
MnKn,10,4,14,0.71
MnKs,3,4,7,0.43
MnLB,18,12,30,0.6
MnLD,0,1,1,0.0
MnLK,0,1,1,0.0
MnLL,4,3,7,0.57
MnLM,18,14,32,0.56
MnLN,12,11,23,0.52
MnLP,19,15,34,0.56
MnLS,9,7,16,0.56
MnLT,4,1,5,0.8
MnLb,13,11,24,0.54
MnLh,6,9,15,0.4
MnLj,4,6,10,0.4
MnLl,3,6,9,0.33
MnLm,15,10,25,0.6
MnLn,26,18,44,0.59
MnLs,10,13,23,0.43
MnMB,32,40,72,0.44
MnMD,6,4,10,0.6
MnMI,1,0,1,1.0
MnML,15,15,30,0.5
MnMM,22,47,69,0.32
MnMN,47,45,92,0.51
MnMP,42,54,96,0.44
MnMS,13,26,39,0.33
MnMT,6,5,11,0.55
MnMb,31,41,72,0.43
MnMh,35,34,69,0.51
MnMj,20,12,32,0.62
MnMl,15,13,28,0.54
MnMm,45,34,79,0.57
MnMn,60,79,139,0.43
MnMs,32,28,60,0.53
MnNB,35,46,81,0.43
MnND,11,6,17,0.65
MnNH,14,14,28,0.5
MnNI,1,0,1,1.0
MnNK,3,4,7,0.43
MnNL,24,18,42,0.57
MnNM,65,69,134,0.49
MnNN,100,78,178,0.56
MnNP,100,116,216,0.46
MnNS,46,56,102,0.45
MnNT,17,14,31,0.55
MnNb,50,61,111,0.45
MnNh,20,30,50,0.4
MnNl,29,16,45,0.64
MnNm,61,46,107,0.57
MnNn,111,113,224,0.5
MnNs,45,50,95,0.47
MnPB,55,45,100,0.55
MnPD,10,3,13,0.77
MnPH,29,27,56,0.52
MnPI,13,10,23,0.57
MnPK,6,6,12,0.5
MnPL,31,27,58,0.53
MnPM,62,81,143,0.43
MnPN,100,86,186,0.54
MnPP,134,109,243,0.55
MnPS,65,69,134,0.49
MnPT,11,6,17,0.65
MnPb,81,68,149,0.54
MnPh,17,11,28,0.61
MnPl,41,29,70,0.59
MnPm,64,55,119,0.54
MnPn,97,99,196,0.49
MnPs,61,64,125,0.49
MnSB,15,29,44,0.34
MnSD,5,6,11,0.45
MnSH,7,12,19,0.37
MnSK,1,2,3,0.33
MnSL,10,12,22,0.45
MnSM,37,36,73,0.51
MnSN,40,37,77,0.52
MnSP,43,51,94,0.46
MnSS,47,56,103,0.46
MnST,8,5,13,0.62
MnSb,38,22,60,0.63
MnSh,39,25,64,0.61
MnSl,20,18,38,0.53
MnSm,34,24,58,0.59
MnSn,59,53,112,0.53
MnSs,34,47,81,0.42
MnTH,0,0,0,
MnTM,1,0,1,1.0
MnTN,1,0,1,1.0
MnbB,33,31,64,0.52
MnbD,2,1,3,0.67
MnbH,17,23,40,0.42
MnbI,4,3,7,0.57
MnbJ,10,16,26,0.38
MnbK,5,5,10,0.5
MnbL,15,19,34,0.44
MnbM,43,58,101,0.43
MnbN,62,65,127,0.49
MnbP,43,54,97,0.44
MnbS,35,32,67,0.52
MnbT,1,0,1,1.0
Mnbb,46,44,90,0.51
Mnbh,0,1,1,0.0
Mnbl,12,23,35,0.34
Mnbm,43,25,68,0.63
Mnbn,54,59,113,0.48
Mnbs,25,17,42,0.6
MnhB,0,0,0,
MnhH,1,1,2,0.5
MnhM,2,1,3,0.67
MnhN,6,3,9,0.67
MnhP,3,1,4,0.75
MnhS,1,2,3,0.33
Mnhb,3,0,3,1.0
Mnhh,3,1,4,0.75
Mnhl,1,1,2,0.5
Mnhm,4,5,9,0.44
Mnhn,2,3,5,0.4
Mnhs,0,3,3,0.0
MnlB,12,14,26,0.46
MnlD,0,2,2,0.0
MnlH,17,13,30,0.57
MnlI,2,0,2,1.0
MnlJ,3,6,9,0.33
MnlK,2,0,2,1.0
MnlL,6,7,13,0.46
MnlM,15,18,33,0.45
MnlN,28,23,51,0.55
MnlP,19,19,38,0.5
MnlS,10,12,22,0.45
Mnlb,9,15,24,0.38
Mnll,5,4,9,0.56
Mnlm,16,8,24,0.67
Mnln,15,12,27,0.56
Mnls,8,6,14,0.57
MnmB,33,33,66,0.5
MnmD,9,6,15,0.6
MnmH,34,39,73,0.47
MnmI,6,1,7,0.86
MnmJ,8,11,19,0.42
MnmK,2,0,2,1.0
MnmL,11,9,20,0.55
MnmM,48,42,90,0.53
MnmN,59,48,107,0.55
MnmP,57,42,99,0.58
MnmS,29,26,55,0.53
Mnmb,36,27,63,0.57
Mnmh,0,1,1,0.0
Mnml,11,11,22,0.5
Mnmm,40,35,75,0.53
Mnmn,37,37,74,0.5
Mnms,9,17,26,0.35
MnnB,39,31,70,0.56
MnnD,6,6,12,0.5
MnnH,34,36,70,0.49
MnnI,9,8,17,0.53
MnnK,5,8,13,0.38
MnnL,23,14,37,0.62
MnnM,49,56,105,0.47
MnnN,87,95,182,0.48
MnnP,108,114,222,0.49
MnnS,50,45,95,0.53
MnnT,1,1,2,0.5
Mnnb,52,49,101,0.51
Mnnh,3,5,8,0.38
Mnnl,17,19,36,0.47
Mnnm,48,38,86,0.56
Mnnn,87,79,166,0.52
Mnns,39,34,73,0.53
MnsB,21,11,32,0.66
MnsD,2,7,9,0.22
MnsH,35,40,75,0.47
MnsI,2,1,3,0.67
MnsK,1,0,1,1.0
MnsL,11,11,22,0.5
MnsM,26,30,56,0.46
MnsN,38,41,79,0.48
MnsP,61,38,99,0.62
MnsS,32,31,63,0.51
Mnsb,21,20,41,0.51
Mnsh,3,1,4,0.75
Mnsl,11,12,23,0.48
Mnsm,28,23,51,0.55
Mnsn,41,43,84,0.49
Mnss,22,21,43,0.51
MsBB,16,10,26,0.62
MsBD,1,3,4,0.25
MsBK,2,3,5,0.4
MsBL,5,9,14,0.36
MsBM,18,9,27,0.67
MsBN,14,13,27,0.52
MsBP,20,13,33,0.61
MsBS,6,13,19,0.32
MsBT,1,0,1,1.0
MsBb,12,13,25,0.48
MsBh,1,2,3,0.33
MsBj,3,5,8,0.38
MsBl,8,7,15,0.53
MsBm,12,16,28,0.43
MsBn,25,20,45,0.56
MsBs,11,8,19,0.58
MsDB,1,4,5,0.2
MsDD,1,0,1,1.0
MsDH,3,3,6,0.5
MsDI,1,0,1,1.0
MsDL,0,1,1,0.0
MsDM,0,2,2,0.0
MsDN,2,5,7,0.29
MsDP,3,6,9,0.33
MsDS,3,5,8,0.38
MsDb,1,1,2,0.5
MsDh,1,0,1,1.0
MsDl,2,1,3,0.67
MsDm,3,2,5,0.6
MsDn,3,2,5,0.6
MsDs,3,1,4,0.75
MsHB,8,11,19,0.42
MsHD,3,2,5,0.6
MsHH,4,3,7,0.57
MsHI,3,3,6,0.5
MsHK,0,2,2,0.0
MsHL,2,8,10,0.2
MsHM,26,20,46,0.57
MsHN,23,28,51,0.45
MsHP,35,14,49,0.71
MsHS,15,19,34,0.44
MsHT,2,2,4,0.5
MsHb,16,23,39,0.41
MsHh,18,18,36,0.5
MsHl,10,13,23,0.43
MsHm,19,21,40,0.48
MsHn,20,34,54,0.37
MsHs,17,21,38,0.45
MsIB,0,3,3,0.0
MsID,1,1,2,0.5
MsIH,2,3,5,0.4
MsII,1,1,2,0.5
MsIM,4,2,6,0.67
MsIN,1,0,1,1.0
MsIP,1,4,5,0.2
MsIS,5,5,10,0.5
MsIT,0,1,1,0.0
MsIb,1,2,3,0.33
MsIl,3,1,4,0.75
MsIm,4,3,7,0.57
MsIn,2,1,3,0.67
MsIs,1,5,6,0.17
MsKB,1,1,2,0.5
MsKL,0,1,1,0.0
MsKN,2,0,2,1.0
MsKP,0,0,0,
MsKS,0,0,0,
MsKb,1,1,2,0.5
MsKh,0,2,2,0.0
MsKn,2,1,3,0.67
MsKs,2,0,2,1.0
MsLB,5,5,10,0.5
MsLD,1,0,1,1.0
MsLH,0,0,0,
MsLL,1,5,6,0.17
MsLM,5,6,11,0.45
MsLN,11,11,22,0.5
MsLP,5,4,9,0.56
MsLS,2,4,6,0.33
MsLT,1,1,2,0.5
MsLb,5,11,16,0.31
MsLh,5,5,10,0.5
MsLj,1,1,2,0.5
MsLl,2,6,8,0.25
MsLm,5,4,9,0.56
MsLn,14,12,26,0.54
MsLs,6,3,9,0.67
MsMB,8,21,29,0.28
MsMD,4,4,8,0.5
MsML,9,2,11,0.82
MsMM,24,20,44,0.55
MsMN,16,16,32,0.5
MsMP,25,33,58,0.43
MsMS,16,14,30,0.53
MsMT,1,3,4,0.25
MsMb,23,21,44,0.52
MsMh,15,15,30,0.5
MsMj,3,7,10,0.3
MsMl,3,8,11,0.27
MsMm,27,12,39,0.69
MsMn,35,32,67,0.52
MsMs,16,12,28,0.57
MsNB,17,12,29,0.59
MsND,6,0,6,1.0
MsNH,1,8,9,0.11
MsNI,1,0,1,1.0
MsNK,0,0,0,
MsNL,6,13,19,0.32
MsNM,20,21,41,0.49
MsNN,33,34,67,0.49
MsNP,48,36,84,0.57
MsNS,23,21,44,0.52
MsNT,8,10,18,0.44
MsNb,19,23,42,0.45
MsNh,10,11,21,0.48
MsNl,4,7,11,0.36
MsNm,22,17,39,0.56
MsNn,37,29,66,0.56
MsNs,27,26,53,0.51
MsPB,26,25,51,0.51
MsPD,1,5,6,0.17
MsPH,12,9,21,0.57
MsPI,2,2,4,0.5
MsPK,5,4,9,0.56
MsPL,7,9,16,0.44
MsPM,34,23,57,0.6
MsPN,29,38,67,0.43
MsPP,40,38,78,0.51
MsPS,25,25,50,0.5
MsPT,9,4,13,0.69
MsPb,31,30,61,0.51
MsPh,4,5,9,0.44
MsPl,17,18,35,0.49
MsPm,30,26,56,0.54
MsPn,35,24,59,0.59
MsPs,19,30,49,0.39
MsSB,15,18,33,0.45
MsSD,5,4,9,0.56
MsSH,8,14,22,0.36
MsSK,1,0,1,1.0
MsSL,8,5,13,0.62
MsSM,22,16,38,0.58
MsSN,25,22,47,0.53
MsSP,25,29,54,0.46
MsSS,35,30,65,0.54
MsST,3,4,7,0.43
MsSb,20,22,42,0.48
MsSh,19,15,34,0.56
MsSl,6,7,13,0.46
MsSm,31,23,54,0.57
MsSn,33,29,62,0.53
MsSs,23,19,42,0.55
MsTB,0,1,1,0.0
MsTM,2,0,2,1.0
MsTb,0,1,1,0.0
MsTm,1,0,1,1.0
MsTn,1,0,1,1.0
MsbB,12,15,27,0.44
MsbD,1,1,2,0.5
MsbH,8,4,12,0.67
MsbI,0,3,3,0.0
MsbJ,2,5,7,0.29
MsbK,1,1,2,0.5
MsbL,5,6,11,0.45
MsbM,27,24,51,0.53
MsbN,33,30,63,0.52
MsbP,23,24,47,0.49
MsbS,17,10,27,0.63
Msbb,28,24,52,0.54
Msbl,4,4,8,0.5
Msbm,16,12,28,0.57
Msbn,18,9,27,0.67
Msbs,12,13,25,0.48
MshB,1,1,2,0.5
MshD,1,1,2,0.5
MshL,1,1,2,0.5
MshM,0,3,3,0.0
MshN,1,2,3,0.33
MshP,2,0,2,1.0
MshS,1,3,4,0.25
MshT,1,0,1,1.0
Mshb,0,2,2,0.0
Mshh,5,2,7,0.71
Mshl,2,0,2,1.0
Mshm,1,0,1,1.0
Mshn,0,0,0,
Mshs,2,0,2,1.0
MslB,4,3,7,0.57
MslD,2,0,2,1.0
MslH,3,2,5,0.6
MslI,2,1,3,0.67
MslJ,2,2,4,0.5
MslL,3,5,8,0.38
MslM,9,7,16,0.56
MslN,12,12,24,0.5
MslP,15,10,25,0.6
MslS,8,5,13,0.62
Mslb,7,7,14,0.5
Msll,5,4,9,0.56
Mslm,11,5,16,0.69
Msln,9,9,18,0.5
Msls,5,8,13,0.38
MsmB,17,13,30,0.57
MsmD,7,4,11,0.64
MsmH,15,23,38,0.39
MsmI,1,3,4,0.25
MsmJ,1,3,4,0.25
MsmK,1,0,1,1.0
MsmL,9,8,17,0.53
MsmM,26,26,52,0.5
MsmN,18,27,45,0.4
MsmP,27,24,51,0.53
MsmS,16,13,29,0.55
Msmb,15,11,26,0.58
Msml,7,3,10,0.7
Msmm,23,15,38,0.61
Msmn,19,16,35,0.54
Msms,16,11,27,0.59
MsnB,12,20,32,0.38
MsnD,7,3,10,0.7
MsnH,9,8,17,0.53
MsnI,4,2,6,0.67
MsnK,0,3,3,0.0
MsnL,5,10,15,0.33
MsnM,27,16,43,0.63
MsnN,27,33,60,0.45
MsnP,31,30,61,0.51
MsnS,25,13,38,0.66
MsnT,0,0,0,
Msnb,16,15,31,0.52
Msnh,0,1,1,0.0
Msnl,10,8,18,0.56
Msnm,17,12,29,0.59
Msnn,28,25,53,0.53
Msns,15,13,28,0.54
MssB,8,16,24,0.33
MssD,4,2,6,0.67
MssH,19,20,39,0.49
MssI,2,5,7,0.29
MssL,7,3,10,0.7
MssM,22,20,42,0.52
MssN,14,20,34,0.41
MssP,15,26,41,0.37
MssS,25,23,48,0.52
Mssb,12,16,28,0.43
Mssh,1,1,2,0.5
Mssl,6,6,12,0.5
Mssm,18,14,32,0.56
Mssn,19,14,33,0.58
Msss,25,20,45,0.56
NBBB,31,35,66,0.47
NBBD,3,1,4,0.75
NBBK,1,1,2,0.5
NBBL,7,12,19,0.37
NBBM,19,20,39,0.49
NBBN,31,37,68,0.46
NBBP,37,42,79,0.47
NBBS,12,11,23,0.52
NBBT,2,2,4,0.5
NBBb,30,37,67,0.45
NBBh,5,1,6,0.83
NBBj,22,9,31,0.71
NBBl,8,12,20,0.4
NBBm,30,30,60,0.5
NBBn,35,42,77,0.45
NBBs,16,4,20,0.8
NBDB,5,1,6,0.83
NBDD,2,1,3,0.67
NBDH,2,4,6,0.33
NBDL,0,2,2,0.0
NBDM,2,1,3,0.67
NBDN,1,5,6,0.17
NBDP,4,0,4,1.0
NBDS,2,3,5,0.4
NBDb,2,3,5,0.4
NBDl,0,1,1,0.0
NBDm,6,3,9,0.67
NBDn,10,1,11,0.91
NBDs,1,0,1,1.0
NBHB,1,0,1,1.0
NBHL,0,1,1,0.0
NBHM,1,0,1,1.0
NBHl,0,1,1,0.0
NBKB,4,2,6,0.67
NBKD,0,0,0,
NBKH,0,1,1,0.0
NBKL,1,0,1,1.0
NBKM,4,1,5,0.8
NBKN,2,2,4,0.5
NBKP,2,4,6,0.33
NBKS,0,2,2,0.0
NBKb,2,4,6,0.33
NBKh,2,1,3,0.67
NBKl,3,0,3,1.0
NBKm,2,4,6,0.33
NBKn,2,6,8,0.25
NBKs,0,1,1,0.0
NBLB,5,13,18,0.28
NBLD,2,2,4,0.5
NBLK,0,1,1,0.0
NBLL,6,2,8,0.75
NBLM,12,10,22,0.55
NBLN,10,7,17,0.59
NBLP,15,15,30,0.5
NBLS,5,7,12,0.42
NBLb,11,11,22,0.5
NBLh,5,6,11,0.45
NBLj,3,2,5,0.6
NBLl,4,7,11,0.36
NBLm,14,6,20,0.7
NBLn,13,20,33,0.39
NBLs,5,6,11,0.45
NBMB,28,32,60,0.47
NBMD,1,4,5,0.2
NBMH,0,1,1,0.0
NBML,5,9,14,0.36
NBMM,22,28,50,0.44
NBMN,25,22,47,0.53
NBMP,36,32,68,0.53
NBMS,14,17,31,0.45
NBMT,1,2,3,0.33
NBMb,19,31,50,0.38
NBMh,25,19,44,0.57
NBMj,8,3,11,0.73
NBMl,9,15,24,0.38
NBMm,26,26,52,0.5
NBMn,44,33,77,0.57
NBMs,11,15,26,0.42
NBNB,24,38,62,0.39
NBND,1,7,8,0.12
NBNH,6,7,13,0.46
NBNK,1,5,6,0.17
NBNL,16,13,29,0.55
NBNM,17,27,44,0.39
NBNN,35,47,82,0.43
NBNP,53,65,118,0.45
NBNS,17,25,42,0.4
NBNT,9,7,16,0.56
NBNb,38,25,63,0.6
NBNh,19,17,36,0.53
NBNl,23,12,35,0.66
NBNm,31,23,54,0.57
NBNn,48,47,95,0.51
NBNs,29,22,51,0.57
NBPB,35,36,71,0.49
NBPD,5,4,9,0.56
NBPH,6,8,14,0.43
NBPI,3,5,8,0.38
NBPK,1,4,5,0.2
NBPL,11,15,26,0.42
NBPM,39,49,88,0.44
NBPN,50,48,98,0.51
NBPP,72,91,163,0.44
NBPS,30,30,60,0.5
NBPT,3,1,4,0.75
NBPb,27,39,66,0.41
NBPh,4,3,7,0.57
NBPl,18,14,32,0.56
NBPm,37,29,66,0.56
NBPn,46,51,97,0.47
NBPs,28,24,52,0.54
NBSB,15,10,25,0.6
NBSD,2,0,2,1.0
NBSH,3,8,11,0.27
NBSI,1,0,1,1.0
NBSL,8,6,14,0.57
NBSM,14,10,24,0.58
NBSN,12,17,29,0.41
NBSP,25,28,53,0.47
NBSS,14,19,33,0.42
NBST,1,6,7,0.14
NBSb,14,19,33,0.42
NBSh,8,7,15,0.53
NBSl,8,12,20,0.4
NBSm,13,11,24,0.54
NBSn,16,21,37,0.43
NBSs,18,10,28,0.64
NBTB,2,9,11,0.18
NBTH,2,1,3,0.67
NBTK,0,1,1,0.0
NBTL,4,1,5,0.8
NBTM,3,4,7,0.43
NBTN,6,8,14,0.43
NBTP,8,10,18,0.44
NBTS,2,3,5,0.4
NBTT,3,0,3,1.0
NBTb,4,9,13,0.31
NBTh,1,0,1,1.0
NBTl,0,4,4,0.0
NBTm,4,1,5,0.8
NBTn,4,3,7,0.57
NBTs,0,1,1,0.0
NBbB,19,25,44,0.43
NBbD,4,1,5,0.8
NBbH,7,9,16,0.44
NBbI,6,4,10,0.6
NBbJ,10,9,19,0.53
NBbK,1,3,4,0.25
NBbL,6,9,15,0.4
NBbM,22,31,53,0.42
NBbN,46,52,98,0.47
NBbP,50,38,88,0.57
NBbS,12,19,31,0.39
NBbb,30,23,53,0.57
NBbh,0,1,1,0.0
NBbl,12,7,19,0.63
NBbm,33,15,48,0.69
NBbn,44,29,73,0.6
NBbs,22,17,39,0.56
NBhB,1,1,2,0.5
NBhD,0,1,1,0.0
NBhH,1,2,3,0.33
NBhI,0,0,0,
NBhK,1,0,1,1.0
NBhL,1,2,3,0.33
NBhM,2,8,10,0.2
NBhN,4,4,8,0.5
NBhP,2,5,7,0.29
NBhS,1,3,4,0.25
NBhb,4,3,7,0.57
NBhh,1,7,8,0.12
NBhl,3,0,3,1.0
NBhm,5,4,9,0.56
NBhn,5,7,12,0.42
NBhs,1,3,4,0.25
NBjB,14,8,22,0.64
NBjD,0,2,2,0.0
NBjH,1,2,3,0.33
NBjI,0,1,1,0.0
NBjK,1,0,1,1.0
NBjL,1,3,4,0.25
NBjM,7,11,18,0.39
NBjN,11,14,25,0.44
NBjP,18,22,40,0.45
NBjS,6,8,14,0.43
NBjT,2,1,3,0.67
NBjb,12,9,21,0.57
NBjh,2,0,2,1.0
NBjl,2,7,9,0.22
NBjm,8,10,18,0.44
NBjn,11,11,22,0.5
NBjs,4,5,9,0.44
NBlB,8,6,14,0.57
NBlD,3,1,4,0.75
NBlH,6,7,13,0.46
NBlI,3,1,4,0.75
NBlJ,2,2,4,0.5
NBlL,3,7,10,0.3
NBlM,18,10,28,0.64
NBlN,18,13,31,0.58
NBlP,15,11,26,0.58
NBlS,12,6,18,0.67
NBlb,9,7,16,0.56
NBll,3,7,10,0.3
NBlm,13,8,21,0.62
NBln,10,8,18,0.56
NBls,8,7,15,0.53
NBmB,21,26,47,0.45
NBmD,6,3,9,0.67
NBmH,14,19,33,0.42
NBmI,3,3,6,0.5
NBmJ,3,5,8,0.38
NBmK,0,0,0,
NBmL,7,13,20,0.35
NBmM,29,36,65,0.45
NBmN,33,35,68,0.49
NBmP,49,39,88,0.56
NBmS,13,23,36,0.36
NBmb,28,28,56,0.5
NBml,15,6,21,0.71
NBmm,31,20,51,0.61
NBmn,22,30,52,0.42
NBms,15,17,32,0.47
NBnB,27,17,44,0.61
NBnD,5,7,12,0.42
NBnH,18,14,32,0.56
NBnI,6,6,12,0.5
NBnK,1,5,6,0.17
NBnL,11,14,25,0.44
NBnM,28,50,78,0.36
NBnN,74,51,125,0.59
NBnP,52,64,116,0.45
NBnS,42,23,65,0.65
NBnT,0,1,1,0.0
NBnb,42,36,78,0.54
NBnh,0,1,1,0.0
NBnl,14,15,29,0.48
NBnm,50,38,88,0.57
NBnn,52,63,115,0.45
NBns,25,29,54,0.46
NBsB,12,11,23,0.52
NBsD,3,1,4,0.75
NBsH,11,12,23,0.48
NBsI,1,2,3,0.33
NBsL,5,6,11,0.45
NBsM,21,12,33,0.64
NBsN,17,11,28,0.61
NBsP,20,34,54,0.37
NBsS,11,15,26,0.42
NBsb,10,17,27,0.37
NBsh,1,2,3,0.33
NBsl,6,8,14,0.43
NBsm,13,15,28,0.46
NBsn,18,14,32,0.56
NBss,14,14,28,0.5
NDBB,3,6,9,0.33
NDBD,1,2,3,0.33
NDBL,1,0,1,1.0
NDBM,2,6,8,0.25
NDBN,2,4,6,0.33
NDBP,2,1,3,0.67
NDBS,2,2,4,0.5
NDBb,7,2,9,0.78
NDBh,0,0,0,
NDBj,0,1,1,0.0
NDBl,2,0,2,1.0
NDBm,5,4,9,0.56
NDBn,11,4,15,0.73
NDBs,4,1,5,0.8
NDDD,2,0,2,1.0
NDDH,2,1,3,0.67
NDDM,2,1,3,0.67
NDDN,2,2,4,0.5
NDDP,5,0,5,1.0
NDDS,0,2,2,0.0
NDDm,0,3,3,0.0
NDDn,1,1,2,0.5
NDDs,1,1,2,0.5
NDHB,0,1,1,0.0
NDHD,0,0,0,
NDHH,1,0,1,1.0
NDHI,1,0,1,1.0
NDHK,0,0,0,
NDHM,4,1,5,0.8
NDHN,1,0,1,1.0
NDHP,10,8,18,0.56
NDHS,6,4,10,0.6
NDHT,2,0,2,1.0
NDHb,4,4,8,0.5
NDHh,0,1,1,0.0
NDHl,2,0,2,1.0
NDHm,4,5,9,0.44
NDHn,5,3,8,0.62
NDHs,4,5,9,0.44
NDIB,1,0,1,1.0
NDIH,0,0,0,
NDII,0,0,0,
NDIN,1,0,1,1.0
NDIP,1,1,2,0.5
NDIS,0,1,1,0.0
NDIb,0,1,1,0.0
NDIh,1,0,1,1.0
NDIm,0,1,1,0.0
NDIs,1,3,4,0.25
NDKb,0,0,0,
NDKm,1,0,1,1.0
NDKs,1,0,1,1.0
NDLB,2,1,3,0.67
NDLH,0,0,0,
NDLM,0,1,1,0.0
NDLN,1,2,3,0.33
NDLP,1,3,4,0.25
NDLS,2,1,3,0.67
NDLb,0,1,1,0.0
NDLh,1,2,3,0.33
NDLj,1,1,2,0.5
NDLm,1,1,2,0.5
NDLn,2,1,3,0.67
NDLs,1,0,1,1.0
NDMB,3,3,6,0.5
NDMD,0,1,1,0.0
NDML,1,1,2,0.5
NDMM,1,5,6,0.17
NDMN,3,4,7,0.43
NDMP,8,2,10,0.8
NDMS,2,2,4,0.5
NDMT,1,0,1,1.0
NDMb,2,6,8,0.25
NDMh,6,6,12,0.5
NDMj,0,1,1,0.0
NDMl,2,0,2,1.0
NDMm,6,4,10,0.6
NDMn,2,7,9,0.22
NDMs,4,3,7,0.57
NDNB,7,6,13,0.54
NDND,1,0,1,1.0
NDNH,0,1,1,0.0
NDNI,0,1,1,0.0
NDNK,0,2,2,0.0
NDNL,2,2,4,0.5
NDNM,9,8,17,0.53
NDNN,2,3,5,0.4
NDNP,2,8,10,0.2
NDNS,3,4,7,0.43
NDNT,1,1,2,0.5
NDNb,1,0,1,1.0
NDNh,1,1,2,0.5
NDNl,3,1,4,0.75
NDNm,12,6,18,0.67
NDNn,5,6,11,0.45
NDNs,3,1,4,0.75
NDPB,5,2,7,0.71
NDPD,2,0,2,1.0
NDPH,1,1,2,0.5
NDPI,1,0,1,1.0
NDPL,4,0,4,1.0
NDPM,6,7,13,0.46
NDPN,5,4,9,0.56
NDPP,6,9,15,0.4
NDPS,4,7,11,0.36
NDPT,1,0,1,1.0
NDPb,5,8,13,0.38
NDPh,0,1,1,0.0
NDPl,1,5,6,0.17
NDPm,8,6,14,0.57
NDPn,3,7,10,0.3
NDPs,7,4,11,0.64
NDSB,6,3,9,0.67
NDSD,0,1,1,0.0
NDSH,0,1,1,0.0
NDSI,1,0,1,1.0
NDSL,4,1,5,0.8
NDSM,9,4,13,0.69
NDSN,3,2,5,0.6
NDSP,7,7,14,0.5
NDSS,8,5,13,0.62
NDST,1,1,2,0.5
NDSb,4,4,8,0.5
NDSh,1,2,3,0.33
NDSl,1,1,2,0.5
NDSm,6,7,13,0.46
NDSn,6,7,13,0.46
NDSs,7,5,12,0.58
NDTB,0,1,1,0.0
NDTL,0,2,2,0.0
NDTM,0,1,1,0.0
NDTN,1,0,1,1.0
NDTP,0,2,2,0.0
NDTT,0,1,1,0.0
NDTm,1,0,1,1.0
NDTn,1,2,3,0.33
NDTs,0,0,0,
NDbB,1,4,5,0.2
NDbD,1,2,3,0.33
NDbH,0,1,1,0.0
NDbI,1,0,1,1.0
NDbK,0,1,1,0.0
NDbL,0,1,1,0.0
NDbM,5,4,9,0.56
NDbN,2,6,8,0.25
NDbP,2,2,4,0.5
NDbS,3,1,4,0.75
NDbb,2,2,4,0.5
NDbl,0,0,0,
NDbm,2,3,5,0.4
NDbn,1,6,7,0.14
NDbs,0,3,3,0.0
NDhM,0,1,1,0.0
NDhS,0,1,1,0.0
NDhs,1,0,1,1.0
NDlB,2,0,2,1.0
NDlI,1,0,1,1.0
NDlL,0,1,1,0.0
NDlM,2,3,5,0.4
NDlN,3,2,5,0.6
NDlP,1,2,3,0.33
NDlS,3,2,5,0.6
NDlb,1,2,3,0.33
NDll,0,2,2,0.0
NDlm,2,2,4,0.5
NDln,0,1,1,0.0
NDmB,6,2,8,0.75
NDmD,3,1,4,0.75
NDmH,3,3,6,0.5
NDmI,2,0,2,1.0
NDmJ,2,0,2,1.0
NDmK,0,1,1,0.0
NDmL,1,1,2,0.5
NDmM,12,6,18,0.67
NDmN,5,7,12,0.42
NDmP,3,3,6,0.5
NDmS,3,10,13,0.23
NDmb,2,6,8,0.25
NDml,2,3,5,0.4
NDmm,4,4,8,0.5
NDmn,3,2,5,0.6
NDms,2,2,4,0.5
NDnB,3,1,4,0.75
NDnD,1,2,3,0.33
NDnH,2,4,6,0.33
NDnI,0,1,1,0.0
NDnK,0,1,1,0.0
NDnL,0,1,1,0.0
NDnM,2,5,7,0.29
NDnN,4,5,9,0.44
NDnP,5,5,10,0.5
NDnS,5,6,11,0.45
NDnb,6,4,10,0.6
NDnl,2,1,3,0.67
NDnm,8,3,11,0.73
NDnn,4,5,9,0.44
NDns,4,4,8,0.5
NDsB,2,1,3,0.67
NDsD,0,2,2,0.0
NDsH,5,6,11,0.45
NDsI,2,0,2,1.0
NDsL,2,1,3,0.67
NDsM,1,3,4,0.25
NDsN,6,1,7,0.86
NDsP,2,4,6,0.33
NDsS,3,3,6,0.5
NDsb,7,1,8,0.88
NDsl,0,1,1,0.0
NDsm,6,4,10,0.6
NDsn,4,1,5,0.8
NDss,1,1,2,0.5
NHBB,6,4,10,0.6
NHBD,1,0,1,1.0
NHBK,0,1,1,0.0
NHBL,3,1,4,0.75
NHBM,6,5,11,0.55
NHBN,5,6,11,0.45
NHBP,2,4,6,0.33
NHBS,2,1,3,0.67
NHBb,7,7,14,0.5
NHBh,0,2,2,0.0
NHBj,0,3,3,0.0
NHBl,3,2,5,0.6
NHBm,2,4,6,0.33
NHBn,2,4,6,0.33
NHBs,3,1,4,0.75
NHDB,0,0,0,
NHDL,1,0,1,1.0
NHDM,1,0,1,1.0
NHDN,1,1,2,0.5
NHDP,2,0,2,1.0
NHDS,2,1,3,0.67
NHDb,0,1,1,0.0
NHDm,0,2,2,0.0
NHDn,2,1,3,0.67
NHDs,3,0,3,1.0
NHHB,2,2,4,0.5
NHHH,0,0,0,
NHHI,0,1,1,0.0
NHHM,2,0,2,1.0
NHHN,1,0,1,1.0
NHHP,1,3,4,0.25
NHHS,0,2,2,0.0
NHHT,1,0,1,1.0
NHHb,2,1,3,0.67
NHHl,1,0,1,1.0
NHHm,5,2,7,0.71
NHHn,1,0,1,1.0
NHIB,0,2,2,0.0
NHIH,0,1,1,0.0
NHII,2,1,3,0.67
NHIN,1,1,2,0.5
NHIP,0,1,1,0.0
NHIS,0,3,3,0.0
NHIb,0,1,1,0.0
NHIn,1,0,1,1.0
NHIs,0,2,2,0.0
NHKB,1,0,1,1.0
NHKM,2,1,3,0.67
NHKN,1,0,1,1.0
NHKP,1,0,1,1.0
NHKS,1,1,2,0.5
NHKb,0,1,1,0.0
NHKl,0,1,1,0.0
NHKn,1,5,6,0.17
NHKs,0,1,1,0.0
NHLB,0,1,1,0.0
NHLL,2,1,3,0.67
NHLM,3,3,6,0.5
NHLN,1,4,5,0.2
NHLP,2,2,4,0.5
NHLS,4,1,5,0.8
NHLT,0,1,1,0.0
NHLb,2,3,5,0.4
NHLh,0,2,2,0.0
NHLj,0,0,0,
NHLm,2,3,5,0.4
NHLn,3,4,7,0.43
NHLs,1,0,1,1.0
NHMB,6,3,9,0.67
NHMD,1,2,3,0.33
NHMK,0,1,1,0.0
NHML,1,1,2,0.5
NHMM,7,4,11,0.64
NHMN,5,9,14,0.36
NHMP,5,6,11,0.45
NHMS,5,5,10,0.5
NHMT,0,0,0,
NHMb,2,3,5,0.4
NHMh,3,5,8,0.38
NHMj,2,8,10,0.2
NHMl,3,0,3,1.0
NHMm,8,4,12,0.67
NHMn,10,7,17,0.59
NHMs,3,6,9,0.33
NHNB,5,6,11,0.45
NHND,1,0,1,1.0
NHNK,1,0,1,1.0
NHNL,2,3,5,0.4
NHNM,5,6,11,0.45
NHNN,11,8,19,0.58
NHNP,11,13,24,0.46
NHNS,8,6,14,0.57
NHNT,1,1,2,0.5
NHNb,7,8,15,0.47
NHNh,7,4,11,0.64
NHNl,3,3,6,0.5
NHNm,7,6,13,0.54
NHNn,10,12,22,0.45
NHNs,8,7,15,0.53
NHPB,4,5,9,0.44
NHPD,2,0,2,1.0
NHPH,7,2,9,0.78
NHPI,2,1,3,0.67
NHPK,1,0,1,1.0
NHPL,4,3,7,0.57
NHPM,16,11,27,0.59
NHPN,12,8,20,0.6
NHPP,16,18,34,0.47
NHPS,6,4,10,0.6
NHPT,1,2,3,0.33
NHPb,10,5,15,0.67
NHPh,4,2,6,0.67
NHPl,6,5,11,0.55
NHPm,14,9,23,0.61
NHPn,7,12,19,0.37
NHPs,8,5,13,0.62
NHSB,4,2,6,0.67
NHSH,3,2,5,0.6
NHSI,0,1,1,0.0
NHSL,0,3,3,0.0
NHSM,5,5,10,0.5
NHSN,5,3,8,0.62
NHSP,7,9,16,0.44
NHSS,4,2,6,0.67
NHST,0,1,1,0.0
NHSb,5,2,7,0.71
NHSh,2,6,8,0.25
NHSl,2,2,4,0.5
NHSm,7,5,12,0.58
NHSn,14,8,22,0.64
NHSs,4,5,9,0.44
NHTB,0,1,1,0.0
NHTM,1,1,2,0.5
NHTN,0,0,0,
NHTS,0,0,0,
NHTm,0,0,0,
NHTs,1,0,1,1.0
NHbB,7,4,11,0.64
NHbI,1,0,1,1.0
NHbJ,2,4,6,0.33
NHbK,1,0,1,1.0
NHbL,1,3,4,0.25
NHbM,4,4,8,0.5
NHbN,5,4,9,0.56
NHbP,6,12,18,0.33
NHbS,3,4,7,0.43
NHbb,3,3,6,0.5
NHbl,0,0,0,
NHbm,8,0,8,1.0
NHbn,9,5,14,0.64
NHbs,6,3,9,0.67
NHhH,1,1,2,0.5
NHhL,2,2,4,0.5
NHhM,0,3,3,0.0
NHhN,0,1,1,0.0
NHhP,1,1,2,0.5
NHhS,0,1,1,0.0
NHhb,2,1,3,0.67
NHhh,1,0,1,1.0
NHhm,1,2,3,0.33
NHhn,0,1,1,0.0
NHhs,1,1,2,0.5
NHlB,2,1,3,0.67
NHlH,1,4,5,0.2
NHlJ,0,1,1,0.0
NHlL,2,2,4,0.5
NHlM,2,1,3,0.67
NHlN,4,3,7,0.57
NHlP,4,5,9,0.44
NHlS,3,4,7,0.43
NHlb,6,1,7,0.86
NHll,0,1,1,0.0
NHlm,2,1,3,0.67
NHln,0,1,1,0.0
NHls,1,2,3,0.33
NHmB,6,1,7,0.86
NHmD,4,0,4,1.0
NHmH,4,3,7,0.57
NHmJ,3,0,3,1.0
NHmL,3,5,8,0.38
NHmM,6,8,14,0.43
NHmN,7,4,11,0.64
NHmP,6,10,16,0.38
NHmS,6,3,9,0.67
NHmb,7,4,11,0.64
NHml,4,1,5,0.8
NHmm,3,2,5,0.6
NHmn,5,4,9,0.56
NHms,4,2,6,0.67
NHnB,4,6,10,0.4
NHnD,0,0,0,
NHnH,4,2,6,0.67
NHnI,1,1,2,0.5
NHnK,0,1,1,0.0
NHnL,0,3,3,0.0
NHnM,7,12,19,0.37
NHnN,7,13,20,0.35
NHnP,10,17,27,0.37
NHnS,4,6,10,0.4
NHnb,10,6,16,0.62
NHnh,1,1,2,0.5
NHnl,1,6,7,0.14
NHnm,8,7,15,0.53
NHnn,9,10,19,0.47
NHns,5,2,7,0.71
NHsB,0,2,2,0.0
NHsD,0,1,1,0.0
NHsH,3,7,10,0.3
NHsI,0,1,1,0.0
NHsL,2,1,3,0.67
NHsM,4,6,10,0.4
NHsN,7,6,13,0.54
NHsP,5,6,11,0.45
NHsS,9,5,14,0.64
NHsb,3,5,8,0.38
NHsh,0,1,1,0.0
NHsl,2,2,4,0.5
NHsm,3,2,5,0.6
NHsn,1,3,4,0.25
NHss,6,6,12,0.5
NIBB,0,1,1,0.0
NIBN,0,1,1,0.0
NIBP,0,1,1,0.0
NIBm,0,0,0,
NIDb,0,1,1,0.0
NIHm,0,3,3,0.0
NIHs,0,0,0,
NIIB,0,1,1,0.0
NIIb,0,1,1,0.0
NILL,0,0,0,
NILM,0,1,1,0.0
NILb,0,1,1,0.0
NILm,1,0,1,1.0
NIMB,1,0,1,1.0
NIMM,0,1,1,0.0
NIMP,1,1,2,0.5
NIMS,0,1,1,0.0
NIMT,0,1,1,0.0
NIMb,1,0,1,1.0
NIMh,0,0,0,
NIMj,1,0,1,1.0
NIMm,0,1,1,0.0
NIMn,1,0,1,1.0
NINN,0,1,1,0.0
NINP,0,1,1,0.0
NINb,0,1,1,0.0
NINm,1,0,1,1.0
NINs,0,1,1,0.0
NIPB,1,2,3,0.33
NIPI,0,1,1,0.0
NIPK,0,1,1,0.0
NIPM,0,1,1,0.0
NIPN,1,0,1,1.0
NIPP,0,0,0,
NIPb,2,1,3,0.67
NIPs,0,2,2,0.0
NISB,0,1,1,0.0
NISL,1,0,1,1.0
NISM,0,2,2,0.0
NISS,1,2,3,0.33
NISl,1,0,1,1.0
NISm,2,0,2,1.0
NISs,0,0,0,
NIbB,0,1,1,0.0
NIbJ,2,0,2,1.0
NIbL,0,0,0,
NIbN,1,0,1,1.0
NIbP,2,0,2,1.0
NIbl,1,0,1,1.0
NIbm,1,0,1,1.0
NIbs,2,0,2,1.0
NIlh,1,0,1,1.0
NImL,1,0,1,1.0
NImN,0,1,1,0.0
NImP,1,0,1,1.0
NImS,1,0,1,1.0
NImb,1,0,1,1.0
NIms,1,0,1,1.0
NInB,0,1,1,0.0
NInL,0,1,1,0.0
NInP,0,1,1,0.0
NInS,1,1,2,0.5
NKBB,2,1,3,0.67
NKBK,0,1,1,0.0
NKBL,0,0,0,
NKBM,1,2,3,0.33
NKBN,4,3,7,0.57
NKBP,2,5,7,0.29
NKBS,1,1,2,0.5
NKBT,0,1,1,0.0
NKBb,5,0,5,1.0
NKBj,0,2,2,0.0
NKBl,0,4,4,0.0
NKBm,3,3,6,0.5
NKBn,3,1,4,0.75
NKBs,3,2,5,0.6
NKDM,1,0,1,1.0
NKDN,0,3,3,0.0
NKDP,1,0,1,1.0
NKDS,0,1,1,0.0
NKDb,1,0,1,1.0
NKDh,0,1,1,0.0
NKDm,0,1,1,0.0
NKDn,0,0,0,
NKHB,0,0,0,
NKHK,0,1,1,0.0
NKHM,1,0,1,1.0
NKHN,1,1,2,0.5
NKHP,1,1,2,0.5
NKHb,2,0,2,1.0
NKHl,0,0,0,
NKHm,0,1,1,0.0
NKHn,2,0,2,1.0
NKHs,0,1,1,0.0
NKIH,0,1,1,0.0
NKIN,1,0,1,1.0
NKIS,1,0,1,1.0
NKIl,0,1,1,0.0
NKIn,0,1,1,0.0
NKIs,1,1,2,0.5
NKKI,0,1,1,0.0
NKLB,1,0,1,1.0
NKLL,0,2,2,0.0
NKLM,1,2,3,0.33
NKLP,2,2,4,0.5
NKLS,1,1,2,0.5
NKLb,1,2,3,0.33
NKLh,0,2,2,0.0
NKLj,0,0,0,
NKLl,2,1,3,0.67
NKLm,1,2,3,0.33
NKLs,3,1,4,0.75
NKMB,2,4,6,0.33
NKMD,2,0,2,1.0
NKML,1,1,2,0.5
NKMM,3,5,8,0.38
NKMN,1,2,3,0.33
NKMP,4,4,8,0.5
NKMS,2,1,3,0.67
NKMT,0,0,0,
NKMb,5,4,9,0.56
NKMh,3,0,3,1.0
NKMj,1,1,2,0.5
NKMl,2,0,2,1.0
NKMm,3,5,8,0.38
NKMn,4,6,10,0.4
NKMs,0,2,2,0.0
NKNB,5,3,8,0.62
NKNH,1,0,1,1.0
NKNK,0,1,1,0.0
NKNL,1,1,2,0.5
NKNM,4,2,6,0.67
NKNN,4,6,10,0.4
NKNP,6,4,10,0.6
NKNS,1,4,5,0.2
NKNT,0,1,1,0.0
NKNb,4,3,7,0.57
NKNh,0,0,0,
NKNl,0,2,2,0.0
NKNm,1,6,7,0.14
NKNn,2,0,2,1.0
NKNs,0,1,1,0.0
NKPB,7,2,9,0.78
NKPH,0,3,3,0.0
NKPL,1,3,4,0.25
NKPM,4,3,7,0.57
NKPN,5,2,7,0.71
NKPP,9,11,20,0.45
NKPS,2,4,6,0.33
NKPT,2,1,3,0.67
NKPb,5,4,9,0.56
NKPh,1,0,1,1.0
NKPl,1,0,1,1.0
NKPm,2,4,6,0.33
NKPn,7,4,11,0.64
NKPs,3,3,6,0.5
NKSB,5,1,6,0.83
NKSD,0,2,2,0.0
NKSH,1,0,1,1.0
NKSL,0,3,3,0.0
NKSM,2,5,7,0.29
NKSN,2,2,4,0.5
NKSP,1,0,1,1.0
NKSS,3,3,6,0.5
NKST,1,0,1,1.0
NKSb,2,2,4,0.5
NKSh,0,3,3,0.0
NKSl,1,1,2,0.5
NKSm,4,2,6,0.67
NKSn,3,5,8,0.38
NKSs,3,1,4,0.75
NKTM,0,1,1,0.0
NKTN,3,1,4,0.75
NKTm,1,0,1,1.0
NKTs,0,2,2,0.0
NKbB,1,2,3,0.33
NKbD,1,0,1,1.0
NKbH,1,1,2,0.5
NKbI,0,0,0,
NKbJ,1,1,2,0.5
NKbL,0,2,2,0.0
NKbM,1,3,4,0.25
NKbN,1,1,2,0.5
NKbP,4,3,7,0.57
NKbS,1,2,3,0.33
NKbb,2,2,4,0.5
NKbl,2,3,5,0.4
NKbm,2,1,3,0.67
NKbn,2,4,6,0.33
NKbs,3,1,4,0.75
NKhB,4,6,10,0.4
NKhD,0,0,0,
NKhH,0,1,1,0.0
NKhI,0,0,0,
NKhL,1,0,1,1.0
NKhM,0,0,0,
NKhN,2,1,3,0.67
NKhP,0,4,4,0.0
NKhS,3,3,6,0.5
NKhb,1,4,5,0.2
NKhh,1,0,1,1.0
NKhl,1,1,2,0.5
NKhn,3,1,4,0.75
NKhs,2,3,5,0.4
NKlB,2,1,3,0.67
NKlH,0,1,1,0.0
NKlI,1,0,1,1.0
NKlL,1,2,3,0.33
NKlM,1,4,5,0.2
NKlN,6,2,8,0.75
NKlP,1,2,3,0.33
NKlS,2,0,2,1.0
NKlb,3,2,5,0.6
NKll,0,1,1,0.0
NKlm,2,1,3,0.67
NKln,1,2,3,0.33
NKls,1,0,1,1.0
NKmB,0,3,3,0.0
NKmD,0,1,1,0.0
NKmH,1,2,3,0.33
NKmI,1,0,1,1.0
NKmL,0,1,1,0.0
NKmM,10,3,13,0.77
NKmN,5,3,8,0.62
NKmP,2,2,4,0.5
NKmS,4,2,6,0.67
NKmb,5,6,11,0.45
NKml,1,0,1,1.0
NKmm,3,4,7,0.43
NKmn,1,3,4,0.25
NKms,0,3,3,0.0
NKnB,1,1,2,0.5
NKnD,0,2,2,0.0
NKnH,1,2,3,0.33
NKnI,0,0,0,
NKnK,0,1,1,0.0
NKnL,3,2,5,0.6
NKnM,3,1,4,0.75
NKnN,4,10,14,0.29
NKnP,5,5,10,0.5
NKnS,2,2,4,0.5
NKnb,1,4,5,0.2
NKnl,0,1,1,0.0
NKnm,2,2,4,0.5
NKnn,2,4,6,0.33
NKns,3,6,9,0.33
NKsB,0,5,5,0.0
NKsD,0,1,1,0.0
NKsH,3,4,7,0.43
NKsI,1,0,1,1.0
NKsM,4,2,6,0.67
NKsN,3,4,7,0.43
NKsP,4,3,7,0.57
NKsS,2,8,10,0.2
NKsb,1,3,4,0.25
NKsh,1,0,1,1.0
NKsl,2,0,2,1.0
NKsm,4,0,4,1.0
NKsn,0,3,3,0.0
NKss,5,0,5,1.0
NLBB,13,15,28,0.46
NLBD,1,1,2,0.5
NLBK,0,1,1,0.0
NLBL,2,7,9,0.22
NLBM,6,8,14,0.43
NLBN,12,17,29,0.41
NLBP,17,15,32,0.53
NLBS,3,2,5,0.6
NLBT,1,1,2,0.5
NLBb,16,9,25,0.64
NLBh,3,4,7,0.43
NLBj,2,4,6,0.33
NLBl,6,9,15,0.4
NLBm,12,13,25,0.48
NLBn,20,16,36,0.56
NLBs,6,4,10,0.6
NLDB,0,2,2,0.0
NLDH,1,2,3,0.33
NLDM,2,2,4,0.5
NLDN,2,0,2,1.0
NLDP,3,2,5,0.6
NLDS,2,2,4,0.5
NLDT,0,0,0,
NLDb,1,1,2,0.5
NLDl,0,1,1,0.0
NLDm,1,0,1,1.0
NLDn,2,0,2,1.0
NLDs,0,2,2,0.0
NLHB,1,0,1,1.0
NLHM,1,0,1,1.0
NLHn,0,1,1,0.0
NLHs,1,0,1,1.0
NLKB,0,2,2,0.0
NLKH,0,1,1,0.0
NLKL,1,0,1,1.0
NLKM,0,1,1,0.0
NLKN,1,1,2,0.5
NLKP,2,0,2,1.0
NLKS,0,1,1,0.0
NLKT,0,1,1,0.0
NLKh,1,0,1,1.0
NLKl,1,0,1,1.0
NLKm,2,0,2,1.0
NLLB,9,7,16,0.56
NLLK,0,1,1,0.0
NLLL,1,1,2,0.5
NLLM,2,2,4,0.5
NLLN,5,2,7,0.71
NLLP,11,3,14,0.79
NLLS,4,5,9,0.44
NLLT,1,0,1,1.0
NLLb,3,6,9,0.33
NLLh,1,2,3,0.33
NLLj,4,3,7,0.57
NLLl,2,4,6,0.33
NLLm,6,4,10,0.6
NLLn,13,7,20,0.65
NLLs,3,4,7,0.43
NLMB,10,9,19,0.53
NLMD,0,1,1,0.0
NLML,1,5,6,0.17
NLMM,7,9,16,0.44
NLMN,9,7,16,0.56
NLMP,11,28,39,0.28
NLMS,8,3,11,0.73
NLMT,0,3,3,0.0
NLMb,19,13,32,0.59
NLMh,11,9,20,0.55
NLMj,7,5,12,0.58
NLMl,6,5,11,0.55
NLMm,9,8,17,0.53
NLMn,21,20,41,0.51
NLMs,6,5,11,0.55
NLNB,15,18,33,0.45
NLND,3,1,4,0.75
NLNH,1,2,3,0.33
NLNK,0,1,1,0.0
NLNL,3,8,11,0.27
NLNM,12,9,21,0.57
NLNN,13,17,30,0.43
NLNP,20,14,34,0.59
NLNS,11,10,21,0.52
NLNT,3,1,4,0.75
NLNb,14,7,21,0.67
NLNh,7,4,11,0.64
NLNl,4,3,7,0.57
NLNm,13,14,27,0.48
NLNn,15,21,36,0.42
NLNs,8,15,23,0.35
NLPB,12,14,26,0.46
NLPD,1,2,3,0.33
NLPH,5,1,6,0.83
NLPI,1,3,4,0.25
NLPK,1,1,2,0.5
NLPL,10,14,24,0.42
NLPM,17,17,34,0.5
NLPN,23,25,48,0.48
NLPP,30,29,59,0.51
NLPS,7,10,17,0.41
NLPT,4,0,4,1.0
NLPb,20,14,34,0.59
NLPh,1,2,3,0.33
NLPl,16,11,27,0.59
NLPm,22,16,38,0.58
NLPn,25,19,44,0.57
NLPs,13,10,23,0.57
NLSB,8,5,13,0.62
NLSD,3,0,3,1.0
NLSH,1,6,7,0.14
NLSK,0,1,1,0.0
NLSL,0,4,4,0.0
NLSM,6,8,14,0.43
NLSN,3,9,12,0.25
NLSP,10,14,24,0.42
NLSS,7,4,11,0.64
NLST,3,1,4,0.75
NLSb,5,2,7,0.71
NLSh,4,6,10,0.4
NLSl,10,3,13,0.77
NLSm,9,4,13,0.69
NLSn,11,11,22,0.5
NLSs,12,6,18,0.67
NLTB,1,0,1,1.0
NLTH,1,2,3,0.33
NLTK,0,2,2,0.0
NLTL,1,0,1,1.0
NLTM,3,0,3,1.0
NLTN,1,2,3,0.33
NLTP,2,4,6,0.33
NLTS,1,0,1,1.0
NLTT,0,0,0,
NLTb,0,1,1,0.0
NLTl,0,1,1,0.0
NLTm,3,2,5,0.6
NLTn,3,3,6,0.5
NLTs,1,3,4,0.25
NLbB,8,8,16,0.5
NLbH,3,4,7,0.43
NLbI,2,3,5,0.4
NLbJ,5,2,7,0.71
NLbK,0,2,2,0.0
NLbL,6,4,10,0.6
NLbM,11,14,25,0.44
NLbN,22,18,40,0.55
NLbP,19,16,35,0.54
NLbS,14,7,21,0.67
NLbb,17,18,35,0.49
NLbl,12,5,17,0.71
NLbm,6,11,17,0.35
NLbn,20,14,34,0.59
NLbs,11,8,19,0.58
NLhB,1,6,7,0.14
NLhD,3,1,4,0.75
NLhH,1,1,2,0.5
NLhK,0,0,0,
NLhL,6,3,9,0.67
NLhM,5,5,10,0.5
NLhN,4,8,12,0.33
NLhP,5,11,16,0.31
NLhS,5,6,11,0.45
NLhT,0,2,2,0.0
NLhb,4,11,15,0.27
NLhh,4,6,10,0.4
NLhl,0,3,3,0.0
NLhm,6,5,11,0.55
NLhn,3,7,10,0.3
NLhs,8,5,13,0.62
NLjB,3,4,7,0.43
NLjD,1,1,2,0.5
NLjH,0,3,3,0.0
NLjI,0,0,0,
NLjL,1,1,2,0.5
NLjM,2,4,6,0.33
NLjN,3,6,9,0.33
NLjP,5,6,11,0.45
NLjS,3,3,6,0.5
NLjT,0,1,1,0.0
NLjb,6,8,14,0.43
NLjh,2,1,3,0.67
NLjl,4,1,5,0.8
NLjm,7,5,12,0.58
NLjn,4,6,10,0.4
NLjs,1,3,4,0.25
NLlB,6,6,12,0.5
NLlD,0,2,2,0.0
NLlH,3,4,7,0.43
NLlI,2,1,3,0.67
NLlJ,2,2,4,0.5
NLlK,0,1,1,0.0
NLlL,2,2,4,0.5
NLlM,5,11,16,0.31
NLlN,7,6,13,0.54
NLlP,7,5,12,0.58
NLlS,5,3,8,0.62
NLlb,4,7,11,0.36
NLll,0,3,3,0.0
NLlm,6,5,11,0.55
NLln,10,9,19,0.53
NLls,4,3,7,0.57
NLmB,7,9,16,0.44
NLmD,1,1,2,0.5
NLmH,7,13,20,0.35
NLmJ,1,2,3,0.33
NLmL,4,2,6,0.67
NLmM,10,13,23,0.43
NLmN,9,13,22,0.41
NLmP,18,15,33,0.55
NLmS,10,10,20,0.5
NLmb,10,14,24,0.42
NLml,2,4,6,0.33
NLmm,10,7,17,0.59
NLmn,13,9,22,0.59
NLms,8,3,11,0.73
NLnB,7,18,25,0.28
NLnD,2,2,4,0.5
NLnH,9,6,15,0.6
NLnI,2,2,4,0.5
NLnK,2,0,2,1.0
NLnL,6,6,12,0.5
NLnM,11,19,30,0.37
NLnN,20,18,38,0.53
NLnP,38,34,72,0.53
NLnS,19,17,36,0.53
NLnb,15,16,31,0.48
NLnh,2,2,4,0.5
NLnl,7,12,19,0.37
NLnm,19,14,33,0.58
NLnn,23,21,44,0.52
NLns,21,20,41,0.51
NLsB,4,3,7,0.57
NLsD,2,1,3,0.67
NLsH,7,10,17,0.41
NLsI,6,0,6,1.0
NLsL,3,2,5,0.6
NLsM,9,4,13,0.69
NLsN,7,9,16,0.44
NLsP,17,11,28,0.61
NLsS,8,8,16,0.5
NLsb,14,5,19,0.74
NLsh,1,2,3,0.33
NLsl,2,2,4,0.5
NLsm,5,5,10,0.5
NLsn,4,5,9,0.44
NLss,8,9,17,0.47
NMBB,26,34,60,0.43
NMBD,1,1,2,0.5
NMBH,2,0,2,1.0
NMBK,0,1,1,0.0
NMBL,11,11,22,0.5
NMBM,31,31,62,0.5
NMBN,26,39,65,0.4
NMBP,39,45,84,0.46
NMBS,8,17,25,0.32
NMBT,3,5,8,0.38
NMBb,30,27,57,0.53
NMBh,2,2,4,0.5
NMBj,12,13,25,0.48
NMBl,8,12,20,0.4
NMBm,30,20,50,0.6
NMBn,29,54,83,0.35
NMBs,14,8,22,0.64
NMDB,1,4,5,0.2
NMDD,1,1,2,0.5
NMDH,4,4,8,0.5
NMDI,0,1,1,0.0
NMDL,2,1,3,0.67
NMDM,3,8,11,0.27
NMDN,2,5,7,0.29
NMDP,4,5,9,0.44
NMDS,4,3,7,0.57
NMDb,3,3,6,0.5
NMDl,2,1,3,0.67
NMDm,3,3,6,0.5
NMDn,0,2,2,0.0
NMDs,2,3,5,0.4
NMHI,1,1,2,0.5
NMHM,1,0,1,1.0
NMHP,0,1,1,0.0
NMHS,1,0,1,1.0
NMKM,1,1,2,0.5
NMKN,1,0,1,1.0
NMKP,1,2,3,0.33
NMKb,0,0,0,
NMKm,2,0,2,1.0
NMKn,1,0,1,1.0
NMKs,0,1,1,0.0
NMLB,10,12,22,0.45
NMLD,2,0,2,1.0
NMLL,1,6,7,0.14
NMLM,8,11,19,0.42
NMLN,9,15,24,0.38
NMLP,15,24,39,0.38
NMLS,3,6,9,0.33
NMLT,1,2,3,0.33
NMLb,12,9,21,0.57
NMLh,4,8,12,0.33
NMLj,2,3,5,0.4
NMLl,8,5,13,0.62
NMLm,14,15,29,0.48
NMLn,15,17,32,0.47
NMLs,7,2,9,0.78
NMMB,34,32,66,0.52
NMMD,3,3,6,0.5
NMMH,0,1,1,0.0
NMML,7,10,17,0.41
NMMM,29,24,53,0.55
NMMN,35,40,75,0.47
NMMP,38,33,71,0.54
NMMS,12,15,27,0.44
NMMT,2,4,6,0.33
NMMb,34,27,61,0.56
NMMh,17,25,42,0.4
NMMj,11,7,18,0.61
NMMl,7,8,15,0.47
NMMm,30,26,56,0.54
NMMn,53,59,112,0.47
NMMs,15,12,27,0.56
NMNB,30,30,60,0.5
NMND,1,6,7,0.14
NMNH,9,5,14,0.64
NMNK,4,1,5,0.8
NMNL,5,6,11,0.45
NMNM,28,39,67,0.42
NMNN,48,49,97,0.49
NMNP,62,59,121,0.51
NMNS,25,24,49,0.51
NMNT,7,3,10,0.7
NMNb,29,25,54,0.54
NMNh,9,15,24,0.38
NMNl,8,14,22,0.36
NMNm,31,30,61,0.51
NMNn,59,65,124,0.48
NMNs,23,24,47,0.49
NMPB,29,46,75,0.39
NMPD,3,2,5,0.6
NMPH,15,12,27,0.56
NMPI,5,3,8,0.62
NMPK,3,6,9,0.33
NMPL,6,30,36,0.17
NMPM,41,35,76,0.54
NMPN,35,65,100,0.35
NMPP,88,85,173,0.51
NMPS,31,45,76,0.41
NMPT,1,5,6,0.17
NMPb,45,45,90,0.5
NMPh,1,8,9,0.11
NMPl,21,21,42,0.5
NMPm,38,35,73,0.52
NMPn,56,55,111,0.5
NMPs,39,24,63,0.62
NMSB,15,9,24,0.62
NMSD,4,0,4,1.0
NMSH,8,11,19,0.42
NMSI,2,0,2,1.0
NMSL,7,4,11,0.64
NMSM,15,25,40,0.38
NMSN,20,20,40,0.5
NMSP,34,32,66,0.52
NMSS,24,24,48,0.5
NMST,1,2,3,0.33
NMSb,27,21,48,0.56
NMSh,14,17,31,0.45
NMSl,5,11,16,0.31
NMSm,20,21,41,0.49
NMSn,25,28,53,0.47
NMSs,18,21,39,0.46
NMTB,1,2,3,0.33
NMTD,1,1,2,0.5
NMTH,1,2,3,0.33
NMTL,3,0,3,1.0
NMTM,5,2,7,0.71
NMTN,7,9,16,0.44
NMTP,5,10,15,0.33
NMTS,2,0,2,1.0
NMTb,3,3,6,0.5
NMTl,0,1,1,0.0
NMTm,7,3,10,0.7
NMTn,3,5,8,0.38
NMTs,3,1,4,0.75
NMbB,28,25,53,0.53
NMbD,6,4,10,0.6
NMbH,18,11,29,0.62
NMbI,3,5,8,0.38
NMbJ,15,6,21,0.71
NMbK,3,2,5,0.6
NMbL,12,15,27,0.44
NMbM,30,33,63,0.48
NMbN,56,60,116,0.48
NMbP,45,39,84,0.54
NMbS,25,26,51,0.49
NMbb,33,39,72,0.46
NMbl,10,15,25,0.4
NMbm,32,23,55,0.58
NMbn,45,57,102,0.44
NMbs,19,22,41,0.46
NMhB,20,15,35,0.57
NMhD,2,2,4,0.5
NMhH,6,6,12,0.5
NMhI,3,0,3,1.0
NMhK,1,0,1,1.0
NMhL,6,3,9,0.67
NMhM,27,28,55,0.49
NMhN,31,24,55,0.56
NMhP,38,41,79,0.48
NMhS,29,23,52,0.56
NMhT,4,4,8,0.5
NMhb,27,16,43,0.63
NMhh,19,27,46,0.41
NMhl,9,13,22,0.41
NMhm,18,15,33,0.55
NMhn,36,28,64,0.56
NMhs,20,21,41,0.49
NMjB,9,11,20,0.45
NMjD,3,0,3,1.0
NMjH,5,3,8,0.62
NMjK,0,2,2,0.0
NMjL,5,2,7,0.71
NMjM,6,12,18,0.33
NMjN,11,10,21,0.52
NMjP,11,17,28,0.39
NMjS,8,8,16,0.5
NMjT,1,3,4,0.25
NMjb,9,11,20,0.45
NMjh,1,0,1,1.0
NMjl,1,2,3,0.33
NMjm,10,8,18,0.56
NMjn,10,9,19,0.53
NMjs,7,6,13,0.54
NMlB,11,10,21,0.52
NMlD,0,1,1,0.0
NMlH,8,6,14,0.57
NMlI,0,1,1,0.0
NMlJ,5,4,9,0.56
NMlL,7,3,10,0.7
NMlM,11,20,31,0.35
NMlN,18,26,44,0.41
NMlP,20,20,40,0.5
NMlS,7,13,20,0.35
NMlb,14,6,20,0.7
NMll,2,6,8,0.25
NMlm,10,5,15,0.67
NMln,13,17,30,0.43
NMls,13,5,18,0.72
NMmB,23,41,64,0.36
NMmD,6,8,14,0.43
NMmH,29,36,65,0.45
NMmI,2,5,7,0.29
NMmJ,6,8,14,0.43
NMmK,1,1,2,0.5
NMmL,11,8,19,0.58
NMmM,25,39,64,0.39
NMmN,52,49,101,0.51
NMmP,45,31,76,0.59
NMmS,18,21,39,0.46
NMmb,28,34,62,0.45
NMml,5,12,17,0.29
NMmm,39,31,70,0.56
NMmn,57,34,91,0.63
NMms,22,19,41,0.54
NMnB,46,37,83,0.55
NMnD,6,5,11,0.55
NMnH,26,30,56,0.46
NMnI,7,5,12,0.58
NMnK,3,4,7,0.43
NMnL,15,19,34,0.44
NMnM,47,56,103,0.46
NMnN,68,91,159,0.43
NMnP,81,105,186,0.44
NMnS,47,52,99,0.47
NMnb,47,53,100,0.47
NMnh,2,2,4,0.5
NMnl,20,12,32,0.62
NMnm,47,23,70,0.67
NMnn,81,63,144,0.56
NMns,37,31,68,0.54
NMsB,20,16,36,0.56
NMsD,1,0,1,1.0
NMsH,23,28,51,0.45
NMsI,3,2,5,0.6
NMsL,4,4,8,0.5
NMsM,21,19,40,0.52
NMsN,30,29,59,0.51
NMsP,22,31,53,0.42
NMsS,21,28,49,0.43
NMsb,14,10,24,0.58
NMsh,1,0,1,1.0
NMsl,10,10,20,0.5
NMsm,26,19,45,0.58
NMsn,20,24,44,0.45
NMss,16,28,44,0.36
NNBB,33,35,68,0.49
NNBD,2,3,5,0.4
NNBH,0,1,1,0.0
NNBK,2,6,8,0.25
NNBL,7,12,19,0.37
NNBM,16,33,49,0.33
NNBN,35,41,76,0.46
NNBP,47,43,90,0.52
NNBS,12,19,31,0.39
NNBT,8,1,9,0.89
NNBb,38,38,76,0.5
NNBh,3,5,8,0.38
NNBj,19,13,32,0.59
NNBl,16,11,27,0.59
NNBm,45,32,77,0.58
NNBn,39,52,91,0.43
NNBs,16,14,30,0.53
NNDB,6,8,14,0.43
NNDD,2,2,4,0.5
NNDH,3,6,9,0.33
NNDI,0,0,0,
NNDL,1,1,2,0.5
NNDM,6,6,12,0.5
NNDN,9,5,14,0.64
NNDP,5,15,20,0.25
NNDS,8,8,16,0.5
NNDb,4,1,5,0.8
NNDl,1,1,2,0.5
NNDm,6,4,10,0.6
NNDn,4,4,8,0.5
NNDs,1,6,7,0.14
NNHB,6,5,11,0.55
NNHD,2,0,2,1.0
NNHH,3,0,3,1.0
NNHI,0,0,0,
NNHK,0,3,3,0.0
NNHL,3,3,6,0.5
NNHM,11,6,17,0.65
NNHN,4,4,8,0.5
NNHP,10,11,21,0.48
NNHS,4,11,15,0.27
NNHb,4,6,10,0.4
NNHh,1,0,1,1.0
NNHl,1,4,5,0.2
NNHm,6,3,9,0.67
NNHn,7,12,19,0.37
NNHs,3,3,6,0.5
NNIM,0,1,1,0.0
NNIN,0,1,1,0.0
NNIm,0,1,1,0.0
NNIn,0,1,1,0.0
NNKB,2,1,3,0.67
NNKD,2,1,3,0.67
NNKH,0,0,0,
NNKI,1,0,1,1.0
NNKL,1,1,2,0.5
NNKM,4,2,6,0.67
NNKN,2,0,2,1.0
NNKP,1,7,8,0.12
NNKS,7,6,13,0.54
NNKT,1,1,2,0.5
NNKb,1,4,5,0.2
NNKh,4,5,9,0.44
NNKl,4,1,5,0.8
NNKm,2,5,7,0.29
NNKn,3,3,6,0.5
NNKs,4,5,9,0.44
NNLB,15,20,35,0.43
NNLK,1,2,3,0.33
NNLL,2,8,10,0.2
NNLM,10,13,23,0.43
NNLN,17,14,31,0.55
NNLP,14,15,29,0.48
NNLS,6,14,20,0.3
NNLT,1,4,5,0.2
NNLb,23,15,38,0.61
NNLh,6,7,13,0.46
NNLj,5,8,13,0.38
NNLl,4,5,9,0.44
NNLm,14,11,25,0.56
NNLn,25,24,49,0.51
NNLs,14,6,20,0.7
NNMB,32,28,60,0.53
NNMD,2,5,7,0.29
NNMH,0,0,0,
NNMK,1,3,4,0.25
NNML,11,9,20,0.55
NNMM,36,37,73,0.49
NNMN,47,38,85,0.55
NNMP,44,64,108,0.41
NNMS,24,28,52,0.46
NNMT,4,5,9,0.44
NNMb,31,43,74,0.42
NNMh,22,23,45,0.49
NNMj,8,8,16,0.5
NNMl,12,10,22,0.55
NNMm,40,34,74,0.54
NNMn,52,70,122,0.43
NNMs,24,20,44,0.55
NNNB,36,33,69,0.52
NNND,5,7,12,0.42
NNNH,7,13,20,0.35
NNNI,1,0,1,1.0
NNNK,4,4,8,0.5
NNNL,19,19,38,0.5
NNNM,50,47,97,0.52
NNNN,78,78,156,0.5
NNNP,109,105,214,0.51
NNNS,38,41,79,0.48
NNNT,10,10,20,0.5
NNNb,54,49,103,0.52
NNNh,23,30,53,0.43
NNNl,13,19,32,0.41
NNNm,48,46,94,0.51
NNNn,91,92,183,0.5
NNNs,49,42,91,0.54
NNPB,55,47,102,0.54
NNPD,4,6,10,0.4
NNPH,12,27,39,0.31
NNPI,5,6,11,0.45
NNPK,6,15,21,0.29
NNPL,29,34,63,0.46
NNPM,64,71,135,0.47
NNPN,86,62,148,0.58
NNPP,123,120,243,0.51
NNPS,70,71,141,0.5
NNPT,7,9,16,0.44
NNPb,65,78,143,0.45
NNPh,7,11,18,0.39
NNPl,37,44,81,0.46
NNPm,69,67,136,0.51
NNPn,86,61,147,0.59
NNPs,73,64,137,0.53
NNSB,24,26,50,0.48
NNSD,2,3,5,0.4
NNSH,6,15,21,0.29
NNSI,0,1,1,0.0
NNSK,2,1,3,0.67
NNSL,13,9,22,0.59
NNSM,23,24,47,0.49
NNSN,38,45,83,0.46
NNSP,58,47,105,0.55
NNSS,25,43,68,0.37
NNST,7,3,10,0.7
NNSb,31,25,56,0.55
NNSh,26,24,50,0.52
NNSl,9,8,17,0.53
NNSm,31,21,52,0.6
NNSn,55,42,97,0.57
NNSs,33,35,68,0.49
NNTB,10,6,16,0.62
NNTD,0,2,2,0.0
NNTH,9,3,12,0.75
NNTI,1,0,1,1.0
NNTK,3,1,4,0.75
NNTL,5,1,6,0.83
NNTM,9,12,21,0.43
NNTN,10,15,25,0.4
NNTP,12,27,39,0.31
NNTS,11,9,20,0.55
NNTT,2,2,4,0.5
NNTb,9,6,15,0.6
NNTh,0,1,1,0.0
NNTl,3,2,5,0.6
NNTm,8,12,20,0.4
NNTn,14,6,20,0.7
NNTs,4,4,8,0.5
NNbB,31,24,55,0.56
NNbD,4,1,5,0.8
NNbH,15,12,27,0.56
NNbI,6,3,9,0.67
NNbJ,20,9,29,0.69
NNbK,5,4,9,0.56
NNbL,18,19,37,0.49
NNbM,40,50,90,0.44
NNbN,48,67,115,0.42
NNbP,57,59,116,0.49
NNbS,26,20,46,0.57
NNbT,0,1,1,0.0
NNbb,46,37,83,0.55
NNbl,13,12,25,0.52
NNbm,27,24,51,0.53
NNbn,49,39,88,0.56
NNbs,27,21,48,0.56
NNhB,7,12,19,0.37
NNhD,1,1,2,0.5
NNhH,1,5,6,0.17
NNhI,3,0,3,1.0
NNhL,3,7,10,0.3
NNhM,25,16,41,0.61
NNhN,19,13,32,0.59
NNhP,21,21,42,0.5
NNhS,18,17,35,0.51
NNhT,3,1,4,0.75
NNhb,15,18,33,0.45
NNhh,6,20,26,0.23
NNhl,12,5,17,0.71
NNhm,21,13,34,0.62
NNhn,24,24,48,0.5
NNhs,21,18,39,0.54
NNlB,13,10,23,0.57
NNlD,1,0,1,1.0
NNlH,13,7,20,0.65
NNlI,1,3,4,0.25
NNlJ,2,8,10,0.2
NNlK,1,1,2,0.5
NNlL,7,4,11,0.64
NNlM,12,10,22,0.55
NNlN,23,21,44,0.52
NNlP,23,24,47,0.49
NNlS,8,15,23,0.35
NNlb,19,16,35,0.54
NNll,7,7,14,0.5
NNlm,7,15,22,0.32
NNln,21,19,40,0.52
NNls,14,13,27,0.52
NNmB,31,27,58,0.53
NNmD,6,6,12,0.5
NNmH,30,25,55,0.55
NNmI,5,1,6,0.83
NNmJ,9,11,20,0.45
NNmL,9,8,17,0.53
NNmM,38,44,82,0.46
NNmN,58,47,105,0.55
NNmP,53,63,116,0.46
NNmS,20,21,41,0.49
NNmb,34,27,61,0.56
NNml,12,8,20,0.6
NNmm,33,31,64,0.52
NNmn,45,48,93,0.48
NNms,28,20,48,0.58
NNnB,46,51,97,0.47
NNnD,8,4,12,0.67
NNnH,39,45,84,0.46
NNnI,6,7,13,0.46
NNnK,4,4,8,0.5
NNnL,19,29,48,0.4
NNnM,38,62,100,0.38
NNnN,116,93,209,0.56
NNnP,104,118,222,0.47
NNnS,51,59,110,0.46
NNnT,1,0,1,1.0
NNnb,59,45,104,0.57
NNnh,2,3,5,0.4
NNnl,20,22,42,0.48
NNnm,58,51,109,0.53
NNnn,83,95,178,0.47
NNns,55,45,100,0.55
NNsB,20,24,44,0.45
NNsD,10,8,18,0.56
NNsH,32,36,68,0.47
NNsI,7,2,9,0.78
NNsK,1,2,3,0.33
NNsL,13,10,23,0.57
NNsM,26,36,62,0.42
NNsN,38,37,75,0.51
NNsP,50,44,94,0.53
NNsS,34,36,70,0.49
NNsT,1,1,2,0.5
NNsb,27,24,51,0.53
NNsh,3,0,3,1.0
NNsl,14,11,25,0.56
NNsm,33,21,54,0.61
NNsn,36,37,73,0.49
NNss,25,20,45,0.56
NPBB,44,61,105,0.42
NPBD,3,8,11,0.27
NPBK,3,5,8,0.38
NPBL,15,21,36,0.42
NPBM,36,57,93,0.39
NPBN,46,51,97,0.47
NPBP,64,63,127,0.5
NPBS,32,21,53,0.6
NPBT,4,7,11,0.36
NPBb,47,54,101,0.47
NPBh,7,5,12,0.58
NPBj,20,20,40,0.5
NPBl,31,19,50,0.62
NPBm,46,32,78,0.59
NPBn,60,52,112,0.54
NPBs,22,24,46,0.48
NPDB,1,5,6,0.17
NPDD,0,2,2,0.0
NPDH,7,5,12,0.58
NPDL,3,4,7,0.43
NPDM,5,5,10,0.5
NPDN,2,4,6,0.33
NPDP,8,10,18,0.44
NPDS,7,6,13,0.54
NPDT,0,4,4,0.0
NPDb,1,2,3,0.33
NPDl,1,1,2,0.5
NPDm,8,5,13,0.62
NPDn,3,4,7,0.43
NPDs,5,3,8,0.62
NPHB,14,11,25,0.56
NPHD,1,1,2,0.5
NPHH,5,2,7,0.71
NPHI,3,0,3,1.0
NPHK,2,2,4,0.5
NPHL,4,5,9,0.44
NPHM,14,17,31,0.45
NPHN,18,22,40,0.45
NPHP,29,27,56,0.52
NPHS,13,14,27,0.48
NPHb,14,13,27,0.52
NPHh,3,8,11,0.27
NPHl,9,5,14,0.64
NPHm,20,10,30,0.67
NPHn,30,13,43,0.7
NPHs,21,23,44,0.48
NPIB,6,3,9,0.67
NPID,1,1,2,0.5
NPIH,4,5,9,0.44
NPII,2,1,3,0.67
NPIK,0,1,1,0.0
NPIL,1,3,4,0.25
NPIM,4,3,7,0.57
NPIN,5,8,13,0.38
NPIP,4,8,12,0.33
NPIS,2,5,7,0.29
NPIb,7,5,12,0.58
NPIh,1,0,1,1.0
NPIl,2,3,5,0.4
NPIm,8,6,14,0.57
NPIn,5,3,8,0.62
NPIs,2,4,6,0.33
NPKB,9,2,11,0.82
NPKD,0,2,2,0.0
NPKI,0,1,1,0.0
NPKL,2,2,4,0.5
NPKM,10,9,19,0.53
NPKN,4,6,10,0.4
NPKP,10,8,18,0.56
NPKS,3,1,4,0.75
NPKT,1,0,1,1.0
NPKb,8,6,14,0.57
NPKh,2,4,6,0.33
NPKl,6,4,10,0.6
NPKm,6,10,16,0.38
NPKn,5,15,20,0.25
NPKs,5,7,12,0.42
NPLB,22,20,42,0.52
NPLD,0,2,2,0.0
NPLH,2,0,2,1.0
NPLK,2,2,4,0.5
NPLL,4,8,12,0.33
NPLM,21,29,50,0.42
NPLN,23,30,53,0.43
NPLP,33,37,70,0.47
NPLS,21,18,39,0.54
NPLT,3,3,6,0.5
NPLb,27,27,54,0.5
NPLh,11,14,25,0.44
NPLj,12,7,19,0.63
NPLl,7,14,21,0.33
NPLm,30,21,51,0.59
NPLn,27,33,60,0.45
NPLs,18,16,34,0.53
NPMB,57,48,105,0.54
NPMD,7,7,14,0.5
NPMH,0,1,1,0.0
NPMK,1,0,1,1.0
NPML,19,17,36,0.53
NPMM,42,51,93,0.45
NPMN,51,52,103,0.5
NPMP,67,80,147,0.46
NPMS,28,49,77,0.36
NPMT,5,9,14,0.36
NPMb,51,53,104,0.49
NPMh,45,45,90,0.5
NPMj,16,12,28,0.57
NPMl,38,22,60,0.63
NPMm,45,47,92,0.49
NPMn,79,82,161,0.49
NPMs,43,45,88,0.49
NPNB,48,66,114,0.42
NPND,7,14,21,0.33
NPNH,13,12,25,0.52
NPNI,0,1,1,0.0
NPNK,8,5,13,0.62
NPNL,19,22,41,0.46
NPNM,58,71,129,0.45
NPNN,86,93,179,0.48
NPNP,110,107,217,0.51
NPNS,59,50,109,0.54
NPNT,5,8,13,0.38
NPNb,57,56,113,0.5
NPNh,27,30,57,0.47
NPNl,38,29,67,0.57
NPNm,73,46,119,0.61
NPNn,78,92,170,0.46
NPNs,51,55,106,0.48
NPPB,69,71,140,0.49
NPPD,10,10,20,0.5
NPPH,18,33,51,0.35
NPPI,13,7,20,0.65
NPPK,7,11,18,0.39
NPPL,53,44,97,0.55
NPPM,108,89,197,0.55
NPPN,106,88,194,0.55
NPPP,181,171,352,0.51
NPPS,90,78,168,0.54
NPPT,13,11,24,0.54
NPPb,85,94,179,0.47
NPPh,20,11,31,0.65
NPPl,62,61,123,0.5
NPPm,106,61,167,0.63
NPPn,92,85,177,0.52
NPPs,84,83,167,0.5
NPSB,33,32,65,0.51
NPSD,3,3,6,0.5
NPSH,13,21,34,0.38
NPSK,0,1,1,0.0
NPSL,29,26,55,0.53
NPSM,47,44,91,0.52
NPSN,54,47,101,0.53
NPSP,74,77,151,0.49
NPSS,49,55,104,0.47
NPST,9,6,15,0.6
NPSb,55,40,95,0.58
NPSh,32,34,66,0.48
NPSl,21,17,38,0.55
NPSm,61,40,101,0.6
NPSn,64,55,119,0.54
NPSs,42,49,91,0.46
NPTB,8,8,16,0.5
NPTD,1,0,1,1.0
NPTH,1,1,2,0.5
NPTI,0,1,1,0.0
NPTK,1,2,3,0.33
NPTL,5,0,5,1.0
NPTM,6,7,13,0.46
NPTN,8,6,14,0.57
NPTP,4,7,11,0.36
NPTS,2,8,10,0.2
NPTT,0,0,0,
NPTb,11,4,15,0.73
NPTl,0,6,6,0.0
NPTm,12,3,15,0.8
NPTn,6,4,10,0.6
NPTs,2,3,5,0.4
NPbB,49,49,98,0.5
NPbD,5,5,10,0.5
NPbH,9,20,29,0.31
NPbI,6,9,15,0.4
NPbJ,21,19,40,0.52
NPbK,8,5,13,0.62
NPbL,20,26,46,0.43
NPbM,60,63,123,0.49
NPbN,66,63,129,0.51
NPbP,77,92,169,0.46
NPbS,35,44,79,0.44
NPbb,74,73,147,0.5
NPbh,1,0,1,1.0
NPbl,26,43,69,0.38
NPbm,62,41,103,0.6
NPbn,57,67,124,0.46
NPbs,36,37,73,0.49
NPhB,7,6,13,0.54
NPhD,2,0,2,1.0
NPhH,2,0,2,1.0
NPhL,4,4,8,0.5
NPhM,4,14,18,0.22
NPhN,5,3,8,0.62
NPhP,15,16,31,0.48
NPhS,8,4,12,0.67
NPhT,2,0,2,1.0
NPhb,5,6,11,0.45
NPhh,7,9,16,0.44
NPhl,2,6,8,0.25
NPhm,11,12,23,0.48
NPhn,8,7,15,0.53
NPhs,12,14,26,0.46
NPlB,25,24,49,0.51
NPlD,3,1,4,0.75
NPlH,16,16,32,0.5
NPlI,7,3,10,0.7
NPlJ,6,6,12,0.5
NPlK,5,1,6,0.83
NPlL,23,15,38,0.61
NPlM,29,45,74,0.39
NPlN,37,30,67,0.55
NPlP,37,42,79,0.47
NPlS,24,24,48,0.5
NPlb,33,22,55,0.6
NPll,12,13,25,0.48
NPlm,23,19,42,0.55
NPln,34,20,54,0.63
NPls,18,21,39,0.46
NPmB,37,36,73,0.51
NPmD,5,6,11,0.45
NPmH,35,44,79,0.44
NPmI,4,1,5,0.8
NPmJ,17,11,28,0.61
NPmK,1,0,1,1.0
NPmL,27,23,50,0.54
NPmM,71,76,147,0.48
NPmN,70,75,145,0.48
NPmP,80,72,152,0.53
NPmS,34,41,75,0.45
NPmT,1,0,1,1.0
NPmb,58,62,120,0.48
NPml,23,30,53,0.43
NPmm,62,33,95,0.65
NPmn,49,45,94,0.52
NPms,26,29,55,0.47
NPnB,48,49,97,0.49
NPnD,5,5,10,0.5
NPnH,33,41,74,0.45
NPnI,8,11,19,0.42
NPnK,6,10,16,0.38
NPnL,27,27,54,0.5
NPnM,55,73,128,0.43
NPnN,74,92,166,0.45
NPnP,116,104,220,0.53
NPnS,45,55,100,0.45
NPnT,0,1,1,0.0
NPnb,79,57,136,0.58
NPnh,7,4,11,0.64
NPnl,26,24,50,0.52
NPnm,57,48,105,0.54
NPnn,71,75,146,0.49
NPns,71,44,115,0.62
NPsB,29,26,55,0.53
NPsD,8,5,13,0.62
NPsH,38,41,79,0.48
NPsI,9,3,12,0.75
NPsK,1,1,2,0.5
NPsL,23,18,41,0.56
NPsM,31,51,82,0.38
NPsN,54,55,109,0.5
NPsP,73,65,138,0.53
NPsS,58,52,110,0.53
NPsT,0,1,1,0.0
NPsb,45,32,77,0.58
NPsh,3,2,5,0.6
NPsl,18,22,40,0.45
NPsm,44,35,79,0.56
NPsn,52,46,98,0.53
NPss,43,42,85,0.51
NSBB,14,20,34,0.41
NSBD,0,4,4,0.0
NSBK,1,4,5,0.2
NSBL,5,8,13,0.38
NSBM,12,20,32,0.38
NSBN,27,31,58,0.47
NSBP,35,31,66,0.53
NSBS,10,8,18,0.56
NSBT,1,2,3,0.33
NSBb,26,25,51,0.51
NSBh,3,5,8,0.38
NSBj,10,10,20,0.5
NSBl,5,3,8,0.62
NSBm,13,14,27,0.48
NSBn,32,26,58,0.55
NSBs,14,16,30,0.47
NSDB,2,5,7,0.29
NSDD,0,1,1,0.0
NSDH,2,5,7,0.29
NSDI,0,0,0,
NSDL,1,2,3,0.33
NSDM,5,1,6,0.83
NSDN,5,2,7,0.71
NSDP,4,2,6,0.67
NSDS,5,2,7,0.71
NSDT,0,1,1,0.0
NSDb,2,1,3,0.67
NSDm,5,4,9,0.56
NSDn,5,4,9,0.56
NSDs,3,4,7,0.43
NSHB,4,4,8,0.5
NSHD,1,0,1,1.0
NSHH,3,2,5,0.6
NSHI,1,1,2,0.5
NSHK,1,0,1,1.0
NSHL,2,5,7,0.29
NSHM,5,7,12,0.42
NSHN,13,13,26,0.5
NSHP,7,13,20,0.35
NSHS,16,13,29,0.55
NSHT,2,2,4,0.5
NSHb,8,11,19,0.42
NSHh,4,6,10,0.4
NSHl,8,3,11,0.73
NSHm,13,7,20,0.65
NSHn,12,7,19,0.63
NSHs,10,19,29,0.34
NSIB,0,0,0,
NSID,0,1,1,0.0
NSIH,0,2,2,0.0
NSIK,1,0,1,1.0
NSIM,1,2,3,0.33
NSIN,0,1,1,0.0
NSIb,0,0,0,
NSIm,1,1,2,0.5
NSKB,2,0,2,1.0
NSKM,1,0,1,1.0
NSKN,1,0,1,1.0
NSKP,3,1,4,0.75
NSKh,2,0,2,1.0
NSKl,0,1,1,0.0
NSKm,0,2,2,0.0
NSKs,1,1,2,0.5
NSLB,8,6,14,0.57
NSLD,2,1,3,0.67
NSLL,0,6,6,0.0
NSLM,8,10,18,0.44
NSLN,11,15,26,0.42
NSLP,14,12,26,0.54
NSLS,7,7,14,0.5
NSLT,3,4,7,0.43
NSLb,6,10,16,0.38
NSLh,2,3,5,0.4
NSLj,3,2,5,0.6
NSLl,3,6,9,0.33
NSLm,12,12,24,0.5
NSLn,14,11,25,0.56
NSLs,13,10,23,0.57
NSMB,35,22,57,0.61
NSMD,5,4,9,0.56
NSML,13,13,26,0.5
NSMM,17,32,49,0.35
NSMN,22,26,48,0.46
NSMP,28,32,60,0.47
NSMS,23,21,44,0.52
NSMT,0,2,2,0.0
NSMb,25,31,56,0.45
NSMh,20,21,41,0.49
NSMj,5,7,12,0.42
NSMl,7,9,16,0.44
NSMm,24,13,37,0.65
NSMn,38,32,70,0.54
NSMs,21,20,41,0.51
NSNB,18,15,33,0.55
NSND,3,5,8,0.38
NSNH,6,10,16,0.38
NSNI,2,0,2,1.0
NSNK,1,2,3,0.33
NSNL,9,7,16,0.56
NSNM,21,26,47,0.45
NSNN,47,31,78,0.6
NSNP,55,54,109,0.5
NSNS,25,31,56,0.45
NSNT,6,5,11,0.55
NSNb,21,15,36,0.58
NSNh,9,10,19,0.47
NSNl,10,8,18,0.56
NSNm,24,24,48,0.5
NSNn,49,47,96,0.51
NSNs,24,27,51,0.47
NSPB,39,28,67,0.58
NSPD,2,5,7,0.29
NSPH,14,13,27,0.52
NSPI,3,2,5,0.6
NSPK,4,7,11,0.36
NSPL,17,16,33,0.52
NSPM,43,48,91,0.47
NSPN,40,48,88,0.45
NSPP,69,72,141,0.49
NSPS,35,42,77,0.45
NSPT,4,4,8,0.5
NSPb,38,44,82,0.46
NSPh,4,3,7,0.57
NSPl,13,22,35,0.37
NSPm,40,30,70,0.57
NSPn,57,52,109,0.52
NSPs,40,24,64,0.62
NSSB,25,21,46,0.54
NSSD,5,3,8,0.62
NSSH,10,9,19,0.53
NSSI,0,3,3,0.0
NSSK,0,2,2,0.0
NSSL,15,13,28,0.54
NSSM,21,40,61,0.34
NSSN,25,28,53,0.47
NSSP,36,34,70,0.51
NSSS,36,33,69,0.52
NSST,2,6,8,0.25
NSSb,19,19,38,0.5
NSSh,14,11,25,0.56
NSSl,9,13,22,0.41
NSSm,38,32,70,0.54
NSSn,42,21,63,0.67
NSSs,32,36,68,0.47
NSTB,3,3,6,0.5
NSTD,2,1,3,0.67
NSTH,4,0,4,1.0
NSTK,1,1,2,0.5
NSTL,2,1,3,0.67
NSTM,9,3,12,0.75
NSTN,7,4,11,0.64
NSTP,8,10,18,0.44
NSTS,4,4,8,0.5
NSTT,1,0,1,1.0
NSTb,0,5,5,0.0
NSTl,3,5,8,0.38
NSTm,5,2,7,0.71
NSTn,2,8,10,0.2
NSTs,2,3,5,0.4
NSbB,17,13,30,0.57
NSbD,1,1,2,0.5
NSbH,4,4,8,0.5
NSbI,2,0,2,1.0
NSbJ,8,4,12,0.67
NSbK,2,1,3,0.67
NSbL,4,7,11,0.36
NSbM,29,30,59,0.49
NSbN,31,37,68,0.46
NSbP,27,30,57,0.47
NSbS,22,18,40,0.55
NSbb,26,27,53,0.49
NSbl,11,3,14,0.79
NSbm,22,13,35,0.63
NSbn,28,26,54,0.52
NSbs,14,16,30,0.47
NShB,18,5,23,0.78
NShD,3,4,7,0.43
NShH,9,4,13,0.69
NShI,3,1,4,0.75
NShK,1,0,1,1.0
NShL,2,9,11,0.18
NShM,18,21,39,0.46
NShN,12,19,31,0.39
NShP,21,25,46,0.46
NShS,21,26,47,0.45
NShT,1,2,3,0.33
NShb,18,18,36,0.5
NShh,18,14,32,0.56
NShl,10,9,19,0.53
NShm,21,16,37,0.57
NShn,17,12,29,0.59
NShs,19,23,42,0.45
NSlB,5,13,18,0.28
NSlD,1,0,1,1.0
NSlH,10,8,18,0.56
NSlI,0,1,1,0.0
NSlJ,7,3,10,0.7
NSlK,1,0,1,1.0
NSlL,2,2,4,0.5
NSlM,9,9,18,0.5
NSlN,17,17,34,0.5
NSlP,20,6,26,0.77
NSlS,12,5,17,0.71
NSlb,9,10,19,0.47
NSll,4,3,7,0.57
NSlm,11,9,20,0.55
NSln,5,11,16,0.31
NSls,7,10,17,0.41
NSmB,26,26,52,0.5
NSmD,3,4,7,0.43
NSmH,21,19,40,0.52
NSmI,3,3,6,0.5
NSmJ,6,6,12,0.5
NSmK,2,1,3,0.67
NSmL,11,10,21,0.52
NSmM,24,30,54,0.44
NSmN,36,35,71,0.51
NSmP,44,31,75,0.59
NSmS,27,21,48,0.56
NSmb,16,20,36,0.44
NSml,4,4,8,0.5
NSmm,30,16,46,0.65
NSmn,30,20,50,0.6
NSms,16,14,30,0.53
NSnB,14,30,44,0.32
NSnD,5,7,12,0.42
NSnH,30,15,45,0.67
NSnI,4,5,9,0.44
NSnK,7,7,14,0.5
NSnL,16,15,31,0.52
NSnM,30,40,70,0.43
NSnN,55,53,108,0.51
NSnP,67,50,117,0.57
NSnS,34,30,64,0.53
NSnb,30,22,52,0.58
NSnh,1,2,3,0.33
NSnl,17,12,29,0.59
NSnm,39,23,62,0.63
NSnn,46,41,87,0.53
NSns,28,21,49,0.57
NSsB,18,17,35,0.51
NSsD,9,5,14,0.64
NSsH,32,28,60,0.53
NSsI,3,2,5,0.6
NSsK,2,1,3,0.67
NSsL,7,13,20,0.35
NSsM,31,20,51,0.61
NSsN,31,38,69,0.45
NSsP,32,39,71,0.45
NSsS,46,41,87,0.53
NSsb,31,19,50,0.62
NSsh,1,1,2,0.5
NSsl,11,13,24,0.46
NSsm,27,33,60,0.45
NSsn,30,24,54,0.56
NSss,28,37,65,0.43
NTBB,9,5,14,0.64
NTBD,2,0,2,1.0
NTBK,2,0,2,1.0
NTBL,0,4,4,0.0
NTBM,9,9,18,0.5
NTBN,4,6,10,0.4
NTBP,5,8,13,0.38
NTBS,0,1,1,0.0
NTBT,1,1,2,0.5
NTBb,8,4,12,0.67
NTBh,3,1,4,0.75
NTBj,2,0,2,1.0
NTBl,3,3,6,0.5
NTBm,4,4,8,0.5
NTBn,5,7,12,0.42
NTBs,2,0,2,1.0
NTDB,0,1,1,0.0
NTDH,0,2,2,0.0
NTDL,1,1,2,0.5
NTDN,1,1,2,0.5
NTDP,1,2,3,0.33
NTDS,1,1,2,0.5
NTDb,3,1,4,0.75
NTDm,4,0,4,1.0
NTDn,0,1,1,0.0
NTDs,1,1,2,0.5
NTHB,0,3,3,0.0
NTHD,2,2,4,0.5
NTHH,0,1,1,0.0
NTHI,0,1,1,0.0
NTHL,2,3,5,0.4
NTHM,4,3,7,0.57
NTHN,4,6,10,0.4
NTHP,3,6,9,0.33
NTHS,2,2,4,0.5
NTHT,0,1,1,0.0
NTHb,2,2,4,0.5
NTHh,2,3,5,0.4
NTHl,2,2,4,0.5
NTHm,6,1,7,0.86
NTHn,5,3,8,0.62
NTHs,6,2,8,0.75
NTIM,0,1,1,0.0
NTIN,1,0,1,1.0
NTIP,0,1,1,0.0
NTIS,0,0,0,
NTIl,0,1,1,0.0
NTIm,1,0,1,1.0
NTKN,0,0,0,
NTKP,1,2,3,0.33
NTKS,1,2,3,0.33
NTKb,1,0,1,1.0
NTKh,1,0,1,1.0
NTKl,1,1,2,0.5
NTKm,0,1,1,0.0
NTKn,0,1,1,0.0
NTLB,3,0,3,1.0
NTLD,1,0,1,1.0
NTLL,0,1,1,0.0
NTLM,3,1,4,0.75
NTLN,4,0,4,1.0
NTLP,3,2,5,0.6
NTLS,2,0,2,1.0
NTLT,1,0,1,1.0
NTLb,7,3,10,0.7
NTLh,1,0,1,1.0
NTLj,1,0,1,1.0
NTLl,1,1,2,0.5
NTLm,1,1,2,0.5
NTLn,4,3,7,0.57
NTLs,0,4,4,0.0
NTMB,4,6,10,0.4
NTMD,2,1,3,0.67
NTML,2,0,2,1.0
NTMM,8,6,14,0.57
NTMN,3,9,12,0.25
NTMP,12,14,26,0.46
NTMS,5,8,13,0.38
NTMT,0,1,1,0.0
NTMb,8,9,17,0.47
NTMh,4,7,11,0.36
NTMj,1,0,1,1.0
NTMl,4,2,6,0.67
NTMm,13,7,20,0.65
NTMn,9,14,23,0.39
NTMs,3,5,8,0.38
NTNB,5,5,10,0.5
NTND,2,0,2,1.0
NTNH,1,0,1,1.0
NTNL,4,0,4,1.0
NTNM,11,10,21,0.52
NTNN,10,13,23,0.43
NTNP,10,17,27,0.37
NTNS,4,7,11,0.36
NTNT,0,2,2,0.0
NTNb,2,8,10,0.2
NTNh,0,6,6,0.0
NTNl,7,4,11,0.64
NTNm,8,5,13,0.62
NTNn,22,9,31,0.71
NTNs,5,8,13,0.38
NTPB,9,10,19,0.47
NTPD,0,2,2,0.0
NTPH,5,4,9,0.56
NTPI,1,2,3,0.33
NTPK,0,1,1,0.0
NTPL,4,7,11,0.36
NTPM,4,15,19,0.21
NTPN,9,12,21,0.43
NTPP,24,24,48,0.5
NTPS,6,9,15,0.4
NTPT,1,2,3,0.33
NTPb,16,10,26,0.62
NTPh,1,0,1,1.0
NTPl,8,2,10,0.8
NTPm,14,10,24,0.58
NTPn,14,13,27,0.52
NTPs,11,8,19,0.58
NTSB,2,4,6,0.33
NTSD,1,0,1,1.0
NTSH,3,3,6,0.5
NTSK,0,1,1,0.0
NTSL,3,1,4,0.75
NTSM,9,3,12,0.75
NTSN,7,7,14,0.5
NTSP,10,9,19,0.53
NTSS,7,5,12,0.58
NTST,0,2,2,0.0
NTSb,6,5,11,0.55
NTSh,3,4,7,0.43
NTSl,4,3,7,0.57
NTSm,6,5,11,0.55
NTSn,10,5,15,0.67
NTSs,8,8,16,0.5
NTTB,0,0,0,
NTTD,0,1,1,0.0
NTTH,1,1,2,0.5
NTTI,1,0,1,1.0
NTTL,0,1,1,0.0
NTTM,2,1,3,0.67
NTTN,1,5,6,0.17
NTTP,1,5,6,0.17
NTTS,1,1,2,0.5
NTTb,1,2,3,0.33
NTTh,0,1,1,0.0
NTTl,0,2,2,0.0
NTTm,1,2,3,0.33
NTTn,0,2,2,0.0
NTTs,2,2,4,0.5
NTbB,7,8,15,0.47
NTbD,1,2,3,0.33
NTbH,1,3,4,0.25
NTbI,1,1,2,0.5
NTbJ,1,6,7,0.14
NTbK,0,1,1,0.0
NTbL,3,6,9,0.33
NTbM,6,5,11,0.55
NTbN,13,9,22,0.59
NTbP,6,8,14,0.43
NTbS,4,6,10,0.4
NTbb,5,5,10,0.5
NTbl,4,0,4,1.0
NTbm,7,2,9,0.78
NTbn,13,13,26,0.5
NTbs,3,4,7,0.43
NThB,1,0,1,1.0
NThM,0,1,1,0.0
NThN,0,1,1,0.0
NThn,2,1,3,0.67
NThs,1,1,2,0.5
NTlB,1,3,4,0.25
NTlD,1,0,1,1.0
NTlH,2,5,7,0.29
NTlJ,2,1,3,0.67
NTlL,1,1,2,0.5
NTlM,1,3,4,0.25
NTlN,2,5,7,0.29
NTlP,0,5,5,0.0
NTlS,5,4,9,0.56
NTlb,3,0,3,1.0
NTll,1,2,3,0.33
NTlm,2,0,2,1.0
NTln,0,1,1,0.0
NTls,2,0,2,1.0
NTmB,5,4,9,0.56
NTmD,1,4,5,0.2
NTmH,7,4,11,0.64
NTmI,0,3,3,0.0
NTmJ,3,3,6,0.5
NTmL,3,1,4,0.75
NTmM,10,12,22,0.45
NTmN,8,10,18,0.44
NTmP,9,9,18,0.5
NTmS,3,4,7,0.43
NTmb,4,7,11,0.36
NTml,3,4,7,0.43
NTmm,7,3,10,0.7
NTmn,6,3,9,0.67
NTms,3,3,6,0.5
NTnB,7,4,11,0.64
NTnH,4,6,10,0.4
NTnK,1,1,2,0.5
NTnL,5,5,10,0.5
NTnM,10,8,18,0.56
NTnN,12,10,22,0.55
NTnP,16,7,23,0.7
NTnS,8,3,11,0.73
NTnb,11,4,15,0.73
NTnl,4,3,7,0.57
NTnm,9,4,13,0.69
NTnn,8,10,18,0.44
NTns,8,4,12,0.67
NTsB,4,4,8,0.5
NTsD,0,1,1,0.0
NTsH,3,3,6,0.5
NTsI,1,0,1,1.0
NTsL,2,0,2,1.0
NTsM,7,8,15,0.47
NTsN,4,5,9,0.44
NTsP,4,8,12,0.33
NTsS,6,6,12,0.5
NTsb,2,5,7,0.29
NTsh,0,0,0,
NTsl,1,1,2,0.5
NTsm,6,3,9,0.67
NTsn,3,3,6,0.5
NTss,6,3,9,0.67
NbBB,27,28,55,0.49
NbBD,8,1,9,0.89
NbBK,3,5,8,0.38
NbBL,8,15,23,0.35
NbBM,34,24,58,0.59
NbBN,34,24,58,0.59
NbBP,39,44,83,0.47
NbBS,12,16,28,0.43
NbBT,4,3,7,0.57
NbBb,30,31,61,0.49
NbBh,5,2,7,0.71
NbBj,9,8,17,0.53
NbBl,13,11,24,0.54
NbBm,27,30,57,0.47
NbBn,39,40,79,0.49
NbBs,14,17,31,0.45
NbDB,3,1,4,0.75
NbDD,0,0,0,
NbDH,0,2,2,0.0
NbDL,1,1,2,0.5
NbDM,7,2,9,0.78
NbDN,3,6,9,0.33
NbDP,6,6,12,0.5
NbDS,3,1,4,0.75
NbDT,3,1,4,0.75
NbDb,6,1,7,0.86
NbDl,1,0,1,1.0
NbDm,4,2,6,0.67
NbDn,2,3,5,0.4
NbDs,2,1,3,0.67
NbHB,8,9,17,0.47
NbHD,1,2,3,0.33
NbHH,1,6,7,0.14
NbHI,0,2,2,0.0
NbHK,0,0,0,
NbHL,6,5,11,0.55
NbHM,9,6,15,0.6
NbHN,10,16,26,0.38
NbHP,29,13,42,0.69
NbHS,3,8,11,0.27
NbHT,0,0,0,
NbHb,12,10,22,0.55
NbHh,2,4,6,0.33
NbHl,5,5,10,0.5
NbHm,9,7,16,0.56
NbHn,16,8,24,0.67
NbHs,6,6,12,0.5
NbIB,5,2,7,0.71
NbIH,3,3,6,0.5
NbII,1,0,1,1.0
NbIL,0,1,1,0.0
NbIM,0,0,0,
NbIN,2,1,3,0.67
NbIP,3,8,11,0.27
NbIS,2,4,6,0.33
NbIb,3,4,7,0.43
NbIl,2,1,3,0.67
NbIm,5,3,8,0.62
NbIn,4,1,5,0.8
NbIs,2,3,5,0.4
NbJB,12,5,17,0.71
NbJD,1,0,1,1.0
NbJH,2,7,9,0.22
NbJI,2,2,4,0.5
NbJK,0,1,1,0.0
NbJL,9,4,13,0.69
NbJM,16,11,27,0.59
NbJN,10,12,22,0.45
NbJP,21,18,39,0.54
NbJS,10,5,15,0.67
NbJT,0,1,1,0.0
NbJb,7,8,15,0.47
NbJh,3,2,5,0.6
NbJl,3,4,7,0.43
NbJm,11,9,20,0.55
NbJn,7,9,16,0.44
NbJs,11,9,20,0.55
NbKB,3,3,6,0.5
NbKD,2,2,4,0.5
NbKH,2,1,3,0.67
NbKK,0,1,1,0.0
NbKL,1,2,3,0.33
NbKM,4,3,7,0.57
NbKN,3,4,7,0.43
NbKP,6,3,9,0.67
NbKS,4,2,6,0.67
NbKT,1,0,1,1.0
NbKb,6,2,8,0.75
NbKh,3,4,7,0.43
NbKl,1,1,2,0.5
NbKm,4,3,7,0.57
NbKn,4,1,5,0.8
NbKs,1,7,8,0.12
NbLB,8,7,15,0.53
NbLD,0,1,1,0.0
NbLL,7,5,12,0.58
NbLM,16,12,28,0.57
NbLN,11,7,18,0.61
NbLP,13,15,28,0.46
NbLS,23,15,38,0.61
NbLT,4,2,6,0.67
NbLb,10,14,24,0.42
NbLh,3,8,11,0.27
NbLj,6,4,10,0.6
NbLl,6,8,14,0.43
NbLm,13,11,24,0.54
NbLn,23,21,44,0.52
NbLs,10,9,19,0.53
NbMB,37,19,56,0.66
NbMD,7,1,8,0.88
NbMI,0,0,0,
NbMK,0,1,1,0.0
NbML,13,11,24,0.54
NbMM,25,30,55,0.45
NbMN,36,32,68,0.53
NbMP,54,42,96,0.56
NbMS,14,16,30,0.47
NbMT,1,5,6,0.17
NbMb,39,32,71,0.55
NbMh,39,36,75,0.52
NbMj,14,14,28,0.5
NbMl,14,10,24,0.58
NbMm,29,26,55,0.53
NbMn,61,57,118,0.52
NbMs,26,15,41,0.63
NbNB,35,33,68,0.51
NbND,8,5,13,0.62
NbNH,10,4,14,0.71
NbNI,1,0,1,1.0
NbNK,4,4,8,0.5
NbNL,16,15,31,0.52
NbNM,45,51,96,0.47
NbNN,59,53,112,0.53
NbNP,70,87,157,0.45
NbNS,24,36,60,0.4
NbNT,11,10,21,0.52
NbNb,49,39,88,0.56
NbNh,17,11,28,0.61
NbNl,19,12,31,0.61
NbNm,32,42,74,0.43
NbNn,68,59,127,0.54
NbNs,31,31,62,0.5
NbPB,32,41,73,0.44
NbPD,4,1,5,0.8
NbPH,7,7,14,0.5
NbPI,6,3,9,0.67
NbPK,7,4,11,0.64
NbPL,23,30,53,0.43
NbPM,49,45,94,0.52
NbPN,68,53,121,0.56
NbPP,91,75,166,0.55
NbPS,32,30,62,0.52
NbPT,4,9,13,0.31
NbPb,54,49,103,0.52
NbPh,5,5,10,0.5
NbPl,20,24,44,0.45
NbPm,42,43,85,0.49
NbPn,50,47,97,0.52
NbPs,31,24,55,0.56
NbSB,14,8,22,0.64
NbSD,2,0,2,1.0
NbSH,4,8,12,0.33
NbSI,2,0,2,1.0
NbSK,0,1,1,0.0
NbSL,11,5,16,0.69
NbSM,19,24,43,0.44
NbSN,22,22,44,0.5
NbSP,43,25,68,0.63
NbSS,23,17,40,0.57
NbST,5,2,7,0.71
NbSb,21,19,40,0.52
NbSh,16,17,33,0.48
NbSl,10,8,18,0.56
NbSm,19,11,30,0.63
NbSn,21,18,39,0.54
NbSs,18,25,43,0.42
NbTM,0,1,1,0.0
NbTP,0,1,1,0.0
NbTb,1,0,1,1.0
NbTm,1,0,1,1.0
NbbB,25,48,73,0.34
NbbD,1,2,3,0.33
NbbH,12,9,21,0.57
NbbI,2,5,7,0.29
NbbJ,9,10,19,0.47
NbbK,7,4,11,0.64
NbbL,13,19,32,0.41
NbbM,44,27,71,0.62
NbbN,60,60,120,0.5
NbbP,56,52,108,0.52
NbbS,17,15,32,0.53
Nbbb,46,40,86,0.53
Nbbl,13,18,31,0.42
Nbbm,21,21,42,0.5
Nbbn,46,35,81,0.57
Nbbs,15,14,29,0.52
NbhS,0,1,1,0.0
Nbhb,1,1,2,0.5
Nbhm,1,0,1,1.0
NblB,6,15,21,0.29
NblD,1,1,2,0.5
NblH,7,8,15,0.47
NblI,1,1,2,0.5
NblJ,3,4,7,0.43
NblK,1,0,1,1.0
NblL,7,5,12,0.58
NblM,11,13,24,0.46
NblN,16,15,31,0.52
NblP,21,19,40,0.52
NblS,11,3,14,0.79
Nblb,18,16,34,0.53
Nbll,5,3,8,0.62
Nblm,11,8,19,0.58
Nbln,13,8,21,0.62
Nbls,7,7,14,0.5
NbmB,38,23,61,0.62
NbmD,5,2,7,0.71
NbmH,19,15,34,0.56
NbmI,3,2,5,0.6
NbmJ,6,4,10,0.6
NbmK,0,1,1,0.0
NbmL,8,14,22,0.36
NbmM,26,30,56,0.46
NbmN,37,35,72,0.51
NbmP,45,32,77,0.58
NbmS,14,13,27,0.52
Nbmb,37,24,61,0.61
Nbml,8,6,14,0.57
Nbmm,24,21,45,0.53
Nbmn,22,31,53,0.42
Nbms,14,7,21,0.67
NbnB,20,29,49,0.41
NbnD,7,3,10,0.7
NbnH,22,13,35,0.63
NbnI,8,3,11,0.73
NbnK,1,1,2,0.5
NbnL,7,15,22,0.32
NbnM,32,35,67,0.48
NbnN,45,55,100,0.45
NbnP,66,60,126,0.52
NbnS,30,35,65,0.46
Nbnb,38,26,64,0.59
Nbnh,5,6,11,0.45
Nbnl,10,22,32,0.31
Nbnm,39,21,60,0.65
Nbnn,44,33,77,0.57
Nbns,21,16,37,0.57
NbsB,10,11,21,0.48
NbsD,3,2,5,0.6
NbsH,13,19,32,0.41
NbsI,2,3,5,0.4
NbsK,0,2,2,0.0
NbsL,6,4,10,0.6
NbsM,23,25,48,0.48
NbsN,27,23,50,0.54
NbsP,24,34,58,0.41
NbsS,19,7,26,0.73
NbsT,0,1,1,0.0
Nbsb,23,19,42,0.55
Nbsl,8,5,13,0.62
Nbsm,11,8,19,0.58
Nbsn,11,19,30,0.37
Nbss,20,17,37,0.54
NhBB,7,9,16,0.44
NhBK,0,2,2,0.0
NhBL,1,4,5,0.2
NhBM,9,7,16,0.56
NhBN,12,10,22,0.55
NhBP,16,12,28,0.57
NhBS,3,7,10,0.3
NhBT,2,3,5,0.4
NhBb,14,12,26,0.54
NhBh,0,4,4,0.0
NhBj,3,1,4,0.75
NhBl,1,3,4,0.25
NhBm,10,12,22,0.45
NhBn,18,13,31,0.58
NhBs,7,3,10,0.7
NhDB,0,2,2,0.0
NhDH,0,3,3,0.0
NhDL,1,1,2,0.5
NhDM,0,2,2,0.0
NhDN,1,0,1,1.0
NhDP,1,0,1,1.0
NhDS,0,1,1,0.0
NhDb,3,1,4,0.75
NhDm,2,2,4,0.5
NhDs,0,3,3,0.0
NhHB,1,1,2,0.5
NhHD,0,0,0,
NhHH,1,0,1,1.0
NhHM,2,5,7,0.29
NhHN,7,4,11,0.64
NhHP,4,4,8,0.5
NhHS,1,2,3,0.33
NhHb,7,0,7,1.0
NhHh,3,1,4,0.75
NhHl,1,1,2,0.5
NhHm,2,1,3,0.67
NhHn,3,7,10,0.3
NhHs,1,2,3,0.33
NhIB,1,1,2,0.5
NhIH,0,2,2,0.0
NhIK,1,0,1,1.0
NhIL,1,0,1,1.0
NhIM,2,2,4,0.5
NhIN,0,1,1,0.0
NhIP,1,1,2,0.5
NhIS,0,0,0,
NhIb,0,1,1,0.0
NhIh,0,1,1,0.0
NhIm,0,1,1,0.0
NhIn,2,0,2,1.0
NhIs,1,2,3,0.33
NhKN,0,1,1,0.0
NhKb,0,0,0,
NhKh,0,0,0,
NhKm,0,1,1,0.0
NhKs,0,0,0,
NhLB,5,2,7,0.71
NhLK,0,1,1,0.0
NhLL,0,1,1,0.0
NhLM,5,6,11,0.45
NhLN,4,2,6,0.67
NhLP,6,6,12,0.5
NhLS,1,2,3,0.33
NhLT,0,2,2,0.0
NhLb,8,3,11,0.73
NhLh,1,2,3,0.33
NhLj,1,2,3,0.33
NhLl,5,1,6,0.83
NhLm,3,5,8,0.38
NhLn,10,4,14,0.71
NhLs,5,1,6,0.83
NhMB,7,8,15,0.47
NhMD,0,1,1,0.0
NhMI,0,0,0,
NhML,4,4,8,0.5
NhMM,13,13,26,0.5
NhMN,9,15,24,0.38
NhMP,15,21,36,0.42
NhMS,9,12,21,0.43
NhMT,3,0,3,1.0
NhMb,14,18,32,0.44
NhMh,11,11,22,0.5
NhMj,5,3,8,0.62
NhMl,6,8,14,0.43
NhMm,13,7,20,0.65
NhMn,18,14,32,0.56
NhMs,4,6,10,0.4
NhNB,6,8,14,0.43
NhND,2,1,3,0.67
NhNH,2,1,3,0.67
NhNK,1,4,5,0.2
NhNL,3,5,8,0.38
NhNM,7,12,19,0.37
NhNN,7,18,25,0.28
NhNP,32,26,58,0.55
NhNS,11,8,19,0.58
NhNT,1,1,2,0.5
NhNb,13,11,24,0.54
NhNh,6,3,9,0.67
NhNl,8,2,10,0.8
NhNm,15,12,27,0.56
NhNn,22,19,41,0.54
NhNs,5,13,18,0.28
NhPB,17,8,25,0.68
NhPD,2,1,3,0.67
NhPH,3,5,8,0.38
NhPI,4,1,5,0.8
NhPK,1,3,4,0.25
NhPL,3,8,11,0.27
NhPM,22,25,47,0.47
NhPN,25,19,44,0.57
NhPP,39,31,70,0.56
NhPS,18,19,37,0.49
NhPT,3,3,6,0.5
NhPb,15,18,33,0.45
NhPh,1,3,4,0.25
NhPl,17,9,26,0.65
NhPm,20,14,34,0.59
NhPn,18,25,43,0.42
NhPs,12,10,22,0.55
NhSB,8,5,13,0.62
NhSD,3,1,4,0.75
NhSH,6,7,13,0.46
NhSK,2,0,2,1.0
NhSL,3,2,5,0.6
NhSM,11,19,30,0.37
NhSN,9,17,26,0.35
NhSP,15,13,28,0.54
NhSS,12,16,28,0.43
NhST,1,3,4,0.25
NhSb,11,14,25,0.44
NhSh,11,10,21,0.52
NhSl,4,5,9,0.44
NhSm,13,12,25,0.52
NhSn,8,15,23,0.35
NhSs,8,12,20,0.4
NhTB,2,1,3,0.67
NhTK,1,0,1,1.0
NhTL,1,1,2,0.5
NhTM,2,3,5,0.4
NhTN,0,3,3,0.0
NhTP,1,6,7,0.14
NhTS,2,1,3,0.67
NhTl,1,1,2,0.5
NhTm,1,2,3,0.33
NhTn,2,2,4,0.5
NhTs,0,2,2,0.0
NhbB,8,5,13,0.62
NhbD,1,1,2,0.5
NhbH,5,6,11,0.45
NhbI,3,1,4,0.75
NhbJ,6,7,13,0.46
NhbK,1,0,1,1.0
NhbL,6,4,10,0.6
NhbM,13,14,27,0.48
NhbN,19,18,37,0.51
NhbP,20,12,32,0.62
NhbS,13,5,18,0.72
Nhbb,15,13,28,0.54
Nhbl,9,9,18,0.5
Nhbm,11,7,18,0.61
Nhbn,8,17,25,0.32
Nhbs,8,6,14,0.57
NhhB,11,7,18,0.61
NhhD,3,0,3,1.0
NhhH,4,4,8,0.5
NhhK,0,1,1,0.0
NhhL,5,1,6,0.83
NhhM,15,12,27,0.56
NhhN,8,8,16,0.5
NhhP,21,12,33,0.64
NhhS,8,12,20,0.4
NhhT,0,2,2,0.0
Nhhb,14,14,28,0.5
Nhhh,9,8,17,0.53
Nhhl,3,5,8,0.38
Nhhm,10,13,23,0.43
Nhhn,11,9,20,0.55
Nhhs,10,12,22,0.45
NhlB,4,7,11,0.36
NhlH,5,5,10,0.5
NhlJ,0,3,3,0.0
NhlK,0,2,2,0.0
NhlL,3,4,7,0.43
NhlM,5,10,15,0.33
NhlN,10,6,16,0.62
NhlP,9,12,21,0.43
NhlS,4,0,4,1.0
Nhlb,3,6,9,0.33
Nhll,6,2,8,0.75
Nhlm,3,4,7,0.43
Nhln,5,1,6,0.83
Nhls,2,6,8,0.25
NhmB,9,8,17,0.53
NhmD,1,0,1,1.0
NhmH,12,5,17,0.71
NhmI,1,0,1,1.0
NhmJ,4,1,5,0.8
NhmK,0,1,1,0.0
NhmL,2,3,5,0.4
NhmM,18,22,40,0.45
NhmN,18,13,31,0.58
NhmP,19,15,34,0.56
NhmS,9,10,19,0.47
Nhmb,9,14,23,0.39
Nhml,6,1,7,0.86
Nhmm,12,12,24,0.5
Nhmn,10,12,22,0.45
Nhms,4,7,11,0.36
NhnB,7,14,21,0.33
NhnD,1,1,2,0.5
NhnH,6,8,14,0.43
NhnI,3,1,4,0.75
NhnL,5,3,8,0.62
NhnM,14,21,35,0.4
NhnN,22,24,46,0.48
NhnP,37,29,66,0.56
NhnS,18,19,37,0.49
Nhnb,19,14,33,0.58
Nhnh,0,1,1,0.0
Nhnl,9,5,14,0.64
Nhnm,17,15,32,0.53
Nhnn,20,20,40,0.5
Nhns,13,17,30,0.43
NhsB,8,5,13,0.62
NhsD,2,0,2,1.0
NhsH,14,14,28,0.5
NhsI,1,1,2,0.5
NhsK,1,0,1,1.0
NhsL,5,6,11,0.45
NhsM,10,13,23,0.43
NhsN,14,9,23,0.61
NhsP,19,12,31,0.61
NhsS,7,23,30,0.23
Nhsb,12,10,22,0.55
Nhsl,6,3,9,0.67
Nhsm,15,9,24,0.62
Nhsn,5,11,16,0.31
Nhss,10,10,20,0.5
NlBB,5,11,16,0.31
NlBD,0,2,2,0.0
NlBL,5,4,9,0.56
NlBM,13,7,20,0.65
NlBN,16,24,40,0.4
NlBP,11,22,33,0.33
NlBS,12,8,20,0.6
NlBT,1,2,3,0.33
NlBb,15,10,25,0.6
NlBh,5,2,7,0.71
NlBj,6,7,13,0.46
NlBl,4,3,7,0.57
NlBm,15,9,24,0.62
NlBn,15,14,29,0.52
NlBs,7,2,9,0.78
NlDB,1,0,1,1.0
NlDD,2,0,2,1.0
NlDH,1,2,3,0.33
NlDL,2,0,2,1.0
NlDM,2,3,5,0.4
NlDN,3,0,3,1.0
NlDP,3,1,4,0.75
NlDT,1,0,1,1.0
NlDb,0,2,2,0.0
NlDm,1,2,3,0.33
NlDn,0,4,4,0.0
NlDs,1,2,3,0.33
NlHB,3,6,9,0.33
NlHD,1,0,1,1.0
NlHH,3,1,4,0.75
NlHI,2,3,5,0.4
NlHK,0,1,1,0.0
NlHL,2,2,4,0.5
NlHM,15,13,28,0.54
NlHN,12,9,21,0.57
NlHP,18,17,35,0.51
NlHS,12,11,23,0.52
NlHT,1,2,3,0.33
NlHb,11,12,23,0.48
NlHh,2,6,8,0.25
NlHl,4,5,9,0.44
NlHm,5,8,13,0.38
NlHn,6,11,17,0.35
NlHs,9,7,16,0.56
NlIB,2,1,3,0.67
NlID,0,0,0,
NlIH,4,1,5,0.8
NlII,0,1,1,0.0
NlIL,0,2,2,0.0
NlIM,0,2,2,0.0
NlIN,1,2,3,0.33
NlIP,1,3,4,0.25
NlIS,0,0,0,
NlIb,1,1,2,0.5
NlIl,0,1,1,0.0
NlIm,4,0,4,1.0
NlIn,4,2,6,0.67
NlIs,4,1,5,0.8
NlJB,2,1,3,0.67
NlJH,0,2,2,0.0
NlJL,0,1,1,0.0
NlJM,7,2,9,0.78
NlJN,3,5,8,0.38
NlJP,6,5,11,0.55
NlJS,2,4,6,0.33
NlJT,2,1,3,0.67
NlJb,4,5,9,0.44
NlJl,2,2,4,0.5
NlJm,4,6,10,0.4
NlJn,3,8,11,0.27
NlJs,4,3,7,0.57
NlKB,2,0,2,1.0
NlKL,1,0,1,1.0
NlKM,0,3,3,0.0
NlKS,0,0,0,
NlKT,1,0,1,1.0
NlKb,1,1,2,0.5
NlKh,1,2,3,0.33
NlKm,1,0,1,1.0
NlKn,3,1,4,0.75
NlKs,0,0,0,
NlLB,5,2,7,0.71
NlLH,0,1,1,0.0
NlLK,2,1,3,0.67
NlLL,4,1,5,0.8
NlLM,7,10,17,0.41
NlLN,4,4,8,0.5
NlLP,8,6,14,0.57
NlLS,7,8,15,0.47
NlLT,2,2,4,0.5
NlLb,4,6,10,0.4
NlLh,5,2,7,0.71
NlLj,2,1,3,0.67
NlLl,3,6,9,0.33
NlLm,4,4,8,0.5
NlLn,4,9,13,0.31
NlLs,5,5,10,0.5
NlMB,13,9,22,0.59
NlMD,1,3,4,0.25
NlML,3,6,9,0.33
NlMM,9,17,26,0.35
NlMN,17,10,27,0.63
NlMP,18,24,42,0.43
NlMS,6,14,20,0.3
NlMT,1,1,2,0.5
NlMb,11,7,18,0.61
NlMh,15,11,26,0.58
NlMj,4,4,8,0.5
NlMl,8,8,16,0.5
NlMm,14,10,24,0.58
NlMn,18,24,42,0.43
NlMs,12,14,26,0.46
NlNB,15,12,27,0.56
NlND,3,1,4,0.75
NlNH,3,0,3,1.0
NlNK,2,1,3,0.67
NlNL,13,10,23,0.57
NlNM,16,21,37,0.43
NlNN,20,13,33,0.61
NlNP,30,30,60,0.5
NlNS,16,11,27,0.59
NlNT,2,6,8,0.25
NlNb,16,16,32,0.5
NlNh,2,8,10,0.2
NlNl,7,9,16,0.44
NlNm,27,7,34,0.79
NlNn,32,19,51,0.63
NlNs,13,13,26,0.5
NlPB,9,18,27,0.33
NlPD,3,4,7,0.43
NlPH,4,5,9,0.44
NlPI,2,1,3,0.67
NlPK,3,1,4,0.75
NlPL,10,8,18,0.56
NlPM,29,26,55,0.53
NlPN,25,34,59,0.42
NlPP,30,35,65,0.46
NlPS,17,17,34,0.5
NlPT,4,0,4,1.0
NlPb,16,30,46,0.35
NlPh,4,2,6,0.67
NlPl,9,10,19,0.47
NlPm,18,16,34,0.53
NlPn,17,25,42,0.4
NlPs,16,23,39,0.41
NlSB,6,7,13,0.46
NlSD,0,1,1,0.0
NlSH,3,0,3,1.0
NlSL,5,3,8,0.62
NlSM,14,15,29,0.48
NlSN,10,8,18,0.56
NlSP,19,17,36,0.53
NlSS,9,13,22,0.41
NlST,2,5,7,0.29
NlSb,11,16,27,0.41
NlSh,4,8,12,0.33
NlSl,6,7,13,0.46
NlSm,12,8,20,0.6
NlSn,15,16,31,0.48
NlSs,10,15,25,0.4
NlbB,17,15,32,0.53
NlbD,3,2,5,0.6
NlbH,4,1,5,0.8
NlbI,0,1,1,0.0
NlbJ,5,5,10,0.5
NlbK,1,2,3,0.33
NlbL,8,8,16,0.5
NlbM,17,21,38,0.45
NlbN,12,22,34,0.35
NlbP,29,19,48,0.6
NlbS,8,6,14,0.57
Nlbb,15,15,30,0.5
Nlbl,6,10,16,0.38
Nlbm,10,10,20,0.5
Nlbn,17,8,25,0.68
Nlbs,10,4,14,0.71
NllB,8,8,16,0.5
NllH,6,7,13,0.46
NllJ,2,0,2,1.0
NllL,1,2,3,0.33
NllM,11,7,18,0.61
NllN,7,10,17,0.41
NllP,9,11,20,0.45
NllS,2,2,4,0.5
Nllb,7,4,11,0.64
Nlll,5,5,10,0.5
Nllm,8,2,10,0.8
Nlln,11,7,18,0.61
Nlls,1,1,2,0.5
NlmB,10,17,27,0.37
NlmD,2,2,4,0.5
NlmH,7,9,16,0.44
NlmI,1,2,3,0.33
NlmJ,0,5,5,0.0
NlmK,0,1,1,0.0
NlmL,5,4,9,0.56
NlmM,11,10,21,0.52
NlmN,14,13,27,0.52
NlmP,16,16,32,0.5
NlmS,8,8,16,0.5
Nlmb,19,15,34,0.56
Nlml,1,3,4,0.25
Nlmm,10,6,16,0.62
Nlmn,10,15,25,0.4
Nlms,6,5,11,0.55
NlnB,15,11,26,0.58
NlnD,0,0,0,
NlnH,7,5,12,0.58
NlnI,1,2,3,0.33
NlnK,1,2,3,0.33
NlnL,8,5,13,0.62
NlnM,11,22,33,0.33
NlnN,18,14,32,0.56
NlnP,28,31,59,0.47
NlnS,11,10,21,0.52
Nlnb,22,10,32,0.69
Nlnh,0,1,1,0.0
Nlnl,8,4,12,0.67
Nlnm,19,11,30,0.63
Nlnn,19,17,36,0.53
Nlns,12,8,20,0.6
NlsB,8,7,15,0.53
NlsD,0,0,0,
NlsH,8,5,13,0.62
NlsI,0,2,2,0.0
NlsK,0,1,1,0.0
NlsL,5,4,9,0.56
NlsM,5,9,14,0.36
NlsN,10,9,19,0.53
NlsP,13,8,21,0.62
NlsS,6,11,17,0.35
Nlsb,5,5,10,0.5
Nlsh,1,1,2,0.5
Nlsl,5,3,8,0.62
Nlsm,12,8,20,0.6
Nlsn,9,7,16,0.56
Nlss,11,6,17,0.65
NmBB,25,25,50,0.5
NmBD,6,4,10,0.6
NmBK,2,2,4,0.5
NmBL,9,9,18,0.5
NmBM,20,32,52,0.38
NmBN,40,36,76,0.53
NmBP,25,45,70,0.36
NmBS,18,16,34,0.53
NmBT,7,1,8,0.88
NmBb,26,29,55,0.47
NmBh,2,7,9,0.22
NmBj,15,10,25,0.6
NmBl,11,7,18,0.61
NmBm,26,19,45,0.58
NmBn,47,33,80,0.59
NmBs,16,17,33,0.48
NmDB,3,7,10,0.3
NmDD,0,4,4,0.0
NmDH,3,2,5,0.6
NmDI,0,1,1,0.0
NmDL,4,6,10,0.4
NmDM,5,10,15,0.33
NmDN,8,5,13,0.62
NmDP,4,8,12,0.33
NmDS,7,7,14,0.5
NmDT,0,0,0,
NmDb,3,7,10,0.3
NmDl,0,6,6,0.0
NmDm,4,7,11,0.36
NmDn,5,3,8,0.62
NmDs,5,2,7,0.71
NmHB,19,19,38,0.5
NmHD,6,4,10,0.6
NmHH,4,6,10,0.4
NmHI,0,4,4,0.0
NmHK,2,0,2,1.0
NmHL,9,4,13,0.69
NmHM,22,32,54,0.41
NmHN,39,32,71,0.55
NmHP,27,26,53,0.51
NmHS,28,14,42,0.67
NmHT,5,2,7,0.71
NmHb,20,27,47,0.43
NmHh,15,15,30,0.5
NmHl,11,16,27,0.41
NmHm,31,30,61,0.51
NmHn,37,30,67,0.55
NmHs,18,19,37,0.49
NmIB,2,2,4,0.5
NmIH,2,3,5,0.4
NmII,1,0,1,1.0
NmIL,2,2,4,0.5
NmIM,1,2,3,0.33
NmIN,3,4,7,0.43
NmIP,5,8,13,0.38
NmIS,1,3,4,0.25
NmIb,3,2,5,0.6
NmIl,1,0,1,1.0
NmIm,3,2,5,0.6
NmIn,2,3,5,0.4
NmIs,4,2,6,0.67
NmJB,5,4,9,0.56
NmJH,4,4,8,0.5
NmJI,1,1,2,0.5
NmJK,2,1,3,0.67
NmJL,3,9,12,0.25
NmJM,11,14,25,0.44
NmJN,12,2,14,0.86
NmJP,15,10,25,0.6
NmJS,4,5,9,0.44
NmJT,1,0,1,1.0
NmJb,9,6,15,0.6
NmJl,4,3,7,0.57
NmJm,7,8,15,0.47
NmJn,8,6,14,0.57
NmJs,5,4,9,0.56
NmKB,1,0,1,1.0
NmKI,0,1,1,0.0
NmKM,0,0,0,
NmKN,0,1,1,0.0
NmKb,2,2,4,0.5
NmKh,1,1,2,0.5
NmKl,1,1,2,0.5
NmKn,0,1,1,0.0
NmLB,3,7,10,0.3
NmLD,1,2,3,0.33
NmLK,0,3,3,0.0
NmLL,4,3,7,0.57
NmLM,9,11,20,0.45
NmLN,17,11,28,0.61
NmLP,16,16,32,0.5
NmLS,13,8,21,0.62
NmLT,0,1,1,0.0
NmLb,3,9,12,0.25
NmLh,8,7,15,0.53
NmLj,5,5,10,0.5
NmLl,4,8,12,0.33
NmLm,8,6,14,0.57
NmLn,26,18,44,0.59
NmLs,13,6,19,0.68
NmMB,17,26,43,0.4
NmMD,2,2,4,0.5
NmMI,0,1,1,0.0
NmMK,0,1,1,0.0
NmML,7,8,15,0.47
NmMM,32,19,51,0.63
NmMN,41,39,80,0.51
NmMP,42,55,97,0.43
NmMS,15,34,49,0.31
NmMT,8,4,12,0.67
NmMb,25,27,52,0.48
NmMh,42,26,68,0.62
NmMj,12,12,24,0.5
NmMl,10,11,21,0.48
NmMm,40,30,70,0.57
NmMn,48,48,96,0.5
NmMs,31,23,54,0.57
NmNB,30,34,64,0.47
NmND,6,6,12,0.5
NmNH,10,10,20,0.5
NmNK,4,3,7,0.57
NmNL,14,13,27,0.52
NmNM,41,48,89,0.46
NmNN,73,53,126,0.58
NmNP,63,60,123,0.51
NmNS,35,35,70,0.5
NmNT,14,7,21,0.67
NmNb,43,37,80,0.54
NmNh,16,18,34,0.47
NmNl,12,18,30,0.4
NmNm,36,21,57,0.63
NmNn,80,87,167,0.48
NmNs,36,32,68,0.53
NmPB,28,39,67,0.42
NmPD,4,6,10,0.4
NmPH,18,19,37,0.49
NmPI,6,1,7,0.86
NmPK,1,6,7,0.14
NmPL,20,14,34,0.59
NmPM,45,55,100,0.45
NmPN,49,57,106,0.46
NmPP,70,69,139,0.5
NmPS,31,34,65,0.48
NmPT,5,5,10,0.5
NmPb,29,35,64,0.45
NmPh,4,4,8,0.5
NmPl,15,21,36,0.42
NmPm,43,40,83,0.52
NmPn,56,53,109,0.51
NmPs,28,30,58,0.48
NmSB,17,18,35,0.49
NmSD,3,1,4,0.75
NmSH,9,12,21,0.43
NmSL,5,10,15,0.33
NmSM,18,19,37,0.49
NmSN,26,23,49,0.53
NmSP,23,34,57,0.4
NmSS,18,30,48,0.38
NmST,8,2,10,0.8
NmSb,13,14,27,0.48
NmSh,18,10,28,0.64
NmSl,10,7,17,0.59
NmSm,19,16,35,0.54
NmSn,42,36,78,0.54
NmSs,23,24,47,0.49
NmTT,1,0,1,1.0
NmbB,33,24,57,0.58
NmbD,7,3,10,0.7
NmbH,11,10,21,0.52
NmbI,4,2,6,0.67
NmbJ,13,10,23,0.57
NmbK,3,5,8,0.38
NmbL,4,9,13,0.31
NmbM,33,21,54,0.61
NmbN,48,52,100,0.48
NmbP,52,41,93,0.56
NmbS,17,16,33,0.52
Nmbb,36,37,73,0.49
Nmbl,17,10,27,0.63
Nmbm,31,27,58,0.53
Nmbn,36,38,74,0.49
Nmbs,9,5,14,0.64
NmhI,0,1,1,0.0
NmhS,0,1,1,0.0
Nmhn,0,1,1,0.0
Nmhs,1,0,1,1.0
NmlB,10,10,20,0.5
NmlD,0,1,1,0.0
NmlH,10,4,14,0.71
NmlI,0,3,3,0.0
NmlJ,3,1,4,0.75
NmlK,1,0,1,1.0
NmlL,3,2,5,0.6
NmlM,9,9,18,0.5
NmlN,14,10,24,0.58
NmlP,9,9,18,0.5
NmlS,7,10,17,0.41
Nmlb,10,7,17,0.59
Nmll,3,1,4,0.75
Nmlm,7,5,12,0.58
Nmln,9,6,15,0.6
Nmls,8,2,10,0.8
NmmB,21,27,48,0.44
NmmD,9,0,9,1.0
NmmH,23,20,43,0.53
NmmI,5,2,7,0.71
NmmJ,6,8,14,0.43
NmmK,1,1,2,0.5
NmmL,6,10,16,0.38
NmmM,21,28,49,0.43
NmmN,40,38,78,0.51
NmmP,36,28,64,0.56
NmmS,14,9,23,0.61
Nmmb,31,31,62,0.5
Nmml,6,9,15,0.4
Nmmm,28,9,37,0.76
Nmmn,31,25,56,0.55
Nmms,8,6,14,0.57
NmnB,26,27,53,0.49
NmnD,5,6,11,0.45
NmnH,26,20,46,0.57
NmnI,8,6,14,0.57
NmnK,2,1,3,0.67
NmnL,11,12,23,0.48
NmnM,34,38,72,0.47
NmnN,55,51,106,0.52
NmnP,62,63,125,0.5
NmnS,27,25,52,0.52
NmnT,0,1,1,0.0
Nmnb,38,21,59,0.64
Nmnh,0,2,2,0.0
Nmnl,11,7,18,0.61
Nmnm,35,28,63,0.56
Nmnn,46,45,91,0.51
Nmns,22,25,47,0.47
NmsB,8,17,25,0.32
NmsD,4,2,6,0.67
NmsH,8,14,22,0.36
NmsI,2,1,3,0.67
NmsL,7,4,11,0.64
NmsM,13,16,29,0.45
NmsN,29,28,57,0.51
NmsP,21,28,49,0.43
NmsS,20,25,45,0.44
NmsT,1,0,1,1.0
Nmsb,17,14,31,0.55
Nmsh,1,1,2,0.5
Nmsl,3,6,9,0.33
Nmsm,22,9,31,0.71
Nmsn,26,18,44,0.59
Nmss,10,9,19,0.53
NnBB,40,32,72,0.56
NnBD,3,2,5,0.6
NnBH,1,0,1,1.0
NnBK,3,3,6,0.5
NnBL,9,12,21,0.43
NnBM,27,47,74,0.36
NnBN,44,48,92,0.48
NnBP,54,54,108,0.5
NnBS,21,33,54,0.39
NnBT,3,4,7,0.43
NnBb,31,37,68,0.46
NnBh,2,6,8,0.25
NnBj,18,15,33,0.55
NnBl,16,14,30,0.53
NnBm,34,32,66,0.52
NnBn,62,57,119,0.52
NnBs,18,18,36,0.5
NnDB,5,4,9,0.56
NnDD,4,2,6,0.67
NnDH,7,2,9,0.78
NnDL,4,2,6,0.67
NnDM,6,13,19,0.32
NnDN,9,16,25,0.36
NnDP,7,8,15,0.47
NnDS,7,4,11,0.64
NnDT,1,4,5,0.2
NnDb,6,4,10,0.6
NnDl,3,2,5,0.6
NnDm,4,5,9,0.44
NnDn,5,10,15,0.33
NnDs,9,4,13,0.69
NnHB,19,21,40,0.48
NnHD,4,7,11,0.36
NnHH,8,5,13,0.62
NnHI,3,2,5,0.6
NnHK,3,3,6,0.5
NnHL,10,10,20,0.5
NnHM,18,24,42,0.43
NnHN,50,30,80,0.62
NnHP,46,46,92,0.5
NnHS,29,24,53,0.55
NnHT,1,0,1,1.0
NnHb,24,24,48,0.5
NnHh,9,17,26,0.35
NnHl,16,12,28,0.57
NnHm,23,19,42,0.55
NnHn,41,35,76,0.54
NnHs,23,38,61,0.38
NnIB,12,4,16,0.75
NnID,2,0,2,1.0
NnIH,9,1,10,0.9
NnII,3,1,4,0.75
NnIK,1,0,1,1.0
NnIL,4,6,10,0.4
NnIM,5,3,8,0.62
NnIN,10,8,18,0.56
NnIP,10,8,18,0.56
NnIS,9,4,13,0.69
NnIb,3,8,11,0.27
NnIh,0,1,1,0.0
NnIl,4,1,5,0.8
NnIm,7,8,15,0.47
NnIn,5,10,15,0.33
NnIs,4,4,8,0.5
NnKB,3,1,4,0.75
NnKD,2,1,3,0.67
NnKH,0,1,1,0.0
NnKL,2,2,4,0.5
NnKM,4,2,6,0.67
NnKN,4,4,8,0.5
NnKP,5,8,13,0.38
NnKS,1,5,6,0.17
NnKT,1,0,1,1.0
NnKb,5,2,7,0.71
NnKh,2,1,3,0.67
NnKl,6,3,9,0.67
NnKm,3,3,6,0.5
NnKn,4,4,8,0.5
NnKs,7,6,13,0.54
NnLB,15,14,29,0.52
NnLD,1,4,5,0.2
NnLH,1,1,2,0.5
NnLK,2,2,4,0.5
NnLL,5,11,16,0.31
NnLM,13,21,34,0.38
NnLN,24,20,44,0.55
NnLP,28,22,50,0.56
NnLS,13,13,26,0.5
NnLT,5,2,7,0.71
NnLb,13,20,33,0.39
NnLh,10,9,19,0.53
NnLj,4,2,6,0.67
NnLl,7,4,11,0.64
NnLm,15,15,30,0.5
NnLn,26,33,59,0.44
NnLs,25,18,43,0.58
NnMB,41,42,83,0.49
NnMD,5,8,13,0.38
NnMK,1,0,1,1.0
NnML,14,17,31,0.45
NnMM,45,47,92,0.49
NnMN,56,44,100,0.56
NnMP,51,61,112,0.46
NnMS,33,33,66,0.5
NnMT,4,9,13,0.31
NnMb,52,47,99,0.53
NnMh,42,57,99,0.42
NnMj,18,16,34,0.53
NnMl,14,24,38,0.37
NnMm,47,39,86,0.55
NnMn,74,70,144,0.51
NnMs,35,30,65,0.54
NnNB,55,52,107,0.51
NnND,9,9,18,0.5
NnNH,16,15,31,0.52
NnNI,0,1,1,0.0
NnNK,8,12,20,0.4
NnNL,28,33,61,0.46
NnNM,77,64,141,0.55
NnNN,86,99,185,0.46
NnNP,127,108,235,0.54
NnNS,52,61,113,0.46
NnNT,20,11,31,0.65
NnNb,60,51,111,0.54
NnNh,25,27,52,0.48
NnNl,41,28,69,0.59
NnNm,76,48,124,0.61
NnNn,103,112,215,0.48
NnNs,50,64,114,0.44
NnPB,65,57,122,0.53
NnPD,5,10,15,0.33
NnPH,31,21,52,0.6
NnPI,4,11,15,0.27
NnPK,3,5,8,0.38
NnPL,27,31,58,0.47
NnPM,59,82,141,0.42
NnPN,91,96,187,0.49
NnPP,173,149,322,0.54
NnPS,59,72,131,0.45
NnPT,12,5,17,0.71
NnPb,84,83,167,0.5
NnPh,13,9,22,0.59
NnPl,30,41,71,0.42
NnPm,79,55,134,0.59
NnPn,95,99,194,0.49
NnPs,61,68,129,0.47
NnSB,25,28,53,0.47
NnSD,7,8,15,0.47
NnSH,10,18,28,0.36
NnSI,2,0,2,1.0
NnSK,1,1,2,0.5
NnSL,11,16,27,0.41
NnSM,37,39,76,0.49
NnSN,47,51,98,0.48
NnSP,52,48,100,0.52
NnSS,51,60,111,0.46
NnST,18,7,25,0.72
NnSb,37,28,65,0.57
NnSh,27,28,55,0.49
NnSl,14,18,32,0.44
NnSm,58,35,93,0.62
NnSn,55,63,118,0.47
NnSs,42,44,86,0.49
NnTH,1,0,1,1.0
NnTM,0,2,2,0.0
NnTN,1,0,1,1.0
NnTP,0,0,0,
NnTS,0,0,0,
NnTT,1,0,1,1.0
NnTb,1,0,1,1.0
NnTm,1,0,1,1.0
NnbB,32,44,76,0.42
NnbD,5,3,8,0.62
NnbH,18,10,28,0.64
NnbI,6,7,13,0.46
NnbJ,14,16,30,0.47
NnbK,6,3,9,0.67
NnbL,12,22,34,0.35
NnbM,47,57,104,0.45
NnbN,59,66,125,0.47
NnbP,65,64,129,0.5
NnbS,37,33,70,0.53
Nnbb,54,48,102,0.53
Nnbl,13,10,23,0.57
Nnbm,35,19,54,0.65
Nnbn,53,63,116,0.46
Nnbs,29,20,49,0.59
NnhB,1,0,1,1.0
NnhH,0,1,1,0.0
NnhL,3,1,4,0.75
NnhM,2,1,3,0.67
NnhN,3,1,4,0.75
NnhP,5,3,8,0.62
NnhS,2,1,3,0.67
Nnhb,1,4,5,0.2
Nnhh,3,1,4,0.75
Nnhl,0,1,1,0.0
Nnhm,1,2,3,0.33
Nnhn,1,4,5,0.2
Nnhs,4,1,5,0.8
NnlB,12,16,28,0.43
NnlD,2,3,5,0.4
NnlH,14,10,24,0.58
NnlI,2,1,3,0.67
NnlJ,7,9,16,0.44
NnlK,0,1,1,0.0
NnlL,7,9,16,0.44
NnlM,20,16,36,0.56
NnlN,22,29,51,0.43
NnlP,34,26,60,0.57
NnlS,13,14,27,0.48
Nnlb,31,21,52,0.6
Nnll,8,6,14,0.57
Nnlm,13,11,24,0.54
Nnln,16,17,33,0.48
Nnls,15,9,24,0.62
NnmB,33,36,69,0.48
NnmD,6,12,18,0.33
NnmH,35,38,73,0.48
NnmI,2,3,5,0.4
NnmJ,10,9,19,0.53
NnmL,13,10,23,0.57
NnmM,53,56,109,0.49
NnmN,57,64,121,0.47
NnmP,65,63,128,0.51
NnmS,45,33,78,0.58
Nnmb,46,36,82,0.56
Nnml,14,22,36,0.39
Nnmm,34,23,57,0.6
Nnmn,50,45,95,0.53
Nnms,25,21,46,0.54
NnnB,39,38,77,0.51
NnnD,6,8,14,0.43
NnnH,31,45,76,0.41
NnnI,7,9,16,0.44
NnnK,5,6,11,0.45
NnnL,31,20,51,0.61
NnnM,62,66,128,0.48
NnnN,74,85,159,0.47
NnnP,122,101,223,0.55
NnnS,46,51,97,0.47
NnnT,1,0,1,1.0
Nnnb,68,58,126,0.54
Nnnh,1,10,11,0.09
Nnnl,16,26,42,0.38
Nnnm,61,41,102,0.6
Nnnn,74,82,156,0.47
Nnns,56,43,99,0.57
NnsB,22,22,44,0.5
NnsD,10,9,19,0.53
NnsH,32,38,70,0.46
NnsI,7,3,10,0.7
NnsK,1,1,2,0.5
NnsL,14,14,28,0.5
NnsM,31,43,74,0.42
NnsN,55,44,99,0.56
NnsP,63,58,121,0.52
NnsS,50,43,93,0.54
NnsT,1,0,1,1.0
Nnsb,33,33,66,0.5
Nnsh,2,0,2,1.0
Nnsl,26,13,39,0.67
Nnsm,38,31,69,0.55
Nnsn,39,37,76,0.51
Nnss,39,40,79,0.49
NsBB,13,19,32,0.41
NsBD,2,2,4,0.5
NsBK,3,0,3,1.0
NsBL,8,4,12,0.67
NsBM,15,25,40,0.38
NsBN,18,18,36,0.5
NsBP,21,26,47,0.45
NsBS,9,11,20,0.45
NsBb,12,17,29,0.41
NsBh,2,4,6,0.33
NsBj,6,6,12,0.5
NsBl,3,4,7,0.43
NsBm,16,11,27,0.59
NsBn,22,19,41,0.54
NsBs,14,10,24,0.58
NsDB,1,5,6,0.17
NsDD,0,1,1,0.0
NsDH,2,5,7,0.29
NsDI,1,1,2,0.5
NsDL,2,4,6,0.33
NsDM,3,5,8,0.38
NsDN,5,3,8,0.62
NsDP,5,7,12,0.42
NsDS,2,6,8,0.25
NsDT,2,0,2,1.0
NsDb,5,1,6,0.83
NsDl,0,1,1,0.0
NsDm,3,1,4,0.75
NsDn,6,3,9,0.67
NsDs,2,2,4,0.5
NsHB,14,13,27,0.52
NsHD,4,7,11,0.36
NsHH,7,4,11,0.64
NsHI,6,2,8,0.75
NsHK,3,0,3,1.0
NsHL,9,9,18,0.5
NsHM,23,22,45,0.51
NsHN,20,28,48,0.42
NsHP,36,32,68,0.53
NsHS,22,31,53,0.42
NsHT,0,1,1,0.0
NsHb,22,19,41,0.54
NsHh,15,12,27,0.56
NsHl,13,15,28,0.46
NsHm,30,18,48,0.62
NsHn,43,37,80,0.54
NsHs,25,27,52,0.48
NsIB,1,3,4,0.25
NsID,0,1,1,0.0
NsIH,5,1,6,0.83
NsII,1,0,1,1.0
NsIL,1,0,1,1.0
NsIM,5,2,7,0.71
NsIN,4,3,7,0.57
NsIP,4,4,8,0.5
NsIS,4,0,4,1.0
NsIb,3,0,3,1.0
NsIl,1,0,1,1.0
NsIm,5,2,7,0.71
NsIn,4,4,8,0.5
NsIs,1,4,5,0.2
NsKB,0,2,2,0.0
NsKD,0,1,1,0.0
NsKH,1,0,1,1.0
NsKL,2,0,2,1.0
NsKN,0,0,0,
NsKP,1,0,1,1.0
NsKS,1,0,1,1.0
NsKb,1,1,2,0.5
NsKh,0,1,1,0.0
NsKl,0,1,1,0.0
NsKm,1,1,2,0.5
NsKn,1,1,2,0.5
NsKs,1,0,1,1.0
NsLB,8,11,19,0.42
NsLD,0,1,1,0.0
NsLK,1,1,2,0.5
NsLL,3,4,7,0.43
NsLM,6,8,14,0.43
NsLN,3,6,9,0.33
NsLP,11,13,24,0.46
NsLS,3,8,11,0.27
NsLT,1,3,4,0.25
NsLb,7,11,18,0.39
NsLh,6,3,9,0.67
NsLj,3,5,8,0.38
NsLl,4,6,10,0.4
NsLm,9,6,15,0.6
NsLn,9,13,22,0.41
NsLs,14,9,23,0.61
NsMB,21,13,34,0.62
NsMD,3,3,6,0.5
NsML,10,7,17,0.59
NsMM,14,23,37,0.38
NsMN,30,24,54,0.56
NsMP,29,30,59,0.49
NsMS,20,27,47,0.43
NsMT,3,4,7,0.43
NsMb,20,28,48,0.42
NsMh,16,20,36,0.44
NsMj,3,8,11,0.27
NsMl,17,9,26,0.65
NsMm,27,21,48,0.56
NsMn,44,48,92,0.48
NsMs,22,18,40,0.55
NsNB,21,36,57,0.37
NsND,7,5,12,0.58
NsNH,8,6,14,0.57
NsNK,1,3,4,0.25
NsNL,13,9,22,0.59
NsNM,27,26,53,0.51
NsNN,41,32,73,0.56
NsNP,50,56,106,0.47
NsNS,28,27,55,0.51
NsNT,4,3,7,0.57
NsNb,28,19,47,0.6
NsNh,9,10,19,0.47
NsNl,12,5,17,0.71
NsNm,34,24,58,0.59
NsNn,45,46,91,0.49
NsNs,30,31,61,0.49
NsPB,30,27,57,0.53
NsPD,4,4,8,0.5
NsPH,15,16,31,0.48
NsPI,2,4,6,0.33
NsPK,3,8,11,0.27
NsPL,16,20,36,0.44
NsPM,38,33,71,0.54
NsPN,46,40,86,0.53
NsPP,62,62,124,0.5
NsPS,33,38,71,0.46
NsPT,9,6,15,0.6
NsPb,38,36,74,0.51
NsPh,3,3,6,0.5
NsPl,20,14,34,0.59
NsPm,42,24,66,0.64
NsPn,40,38,78,0.51
NsPs,22,41,63,0.35
NsSB,12,17,29,0.41
NsSD,4,7,11,0.36
NsSH,7,9,16,0.44
NsSI,0,1,1,0.0
NsSK,2,2,4,0.5
NsSL,10,8,18,0.56
NsSM,23,27,50,0.46
NsSN,35,32,67,0.52
NsSP,32,39,71,0.45
NsSS,38,38,76,0.5
NsST,5,4,9,0.56
NsSb,23,18,41,0.56
NsSh,21,15,36,0.58
NsSl,15,8,23,0.65
NsSm,25,21,46,0.54
NsSn,42,41,83,0.51
NsSs,38,42,80,0.48
NsTD,0,0,0,
NsTL,0,1,1,0.0
NsTM,0,1,1,0.0
NsTN,2,0,2,1.0
NsTS,0,1,1,0.0
NsTT,0,1,1,0.0
NsTb,1,0,1,1.0
NsbB,17,24,41,0.41
NsbD,5,2,7,0.71
NsbH,9,4,13,0.69
NsbI,3,0,3,1.0
NsbJ,9,6,15,0.6
NsbK,2,2,4,0.5
NsbL,11,9,20,0.55
NsbM,27,15,42,0.64
NsbN,36,30,66,0.55
NsbP,36,24,60,0.6
NsbS,15,21,36,0.42
Nsbb,24,24,48,0.5
Nsbh,1,0,1,1.0
Nsbl,10,10,20,0.5
Nsbm,21,12,33,0.64
Nsbn,25,20,45,0.56
Nsbs,8,12,20,0.4
NshB,1,1,2,0.5
NshD,1,0,1,1.0
NshH,1,1,2,0.5
NshL,0,1,1,0.0
NshM,2,2,4,0.5
NshN,1,3,4,0.25
NshP,4,0,4,1.0
NshS,4,1,5,0.8
Nshb,0,1,1,0.0
Nshh,2,0,2,1.0
Nshl,1,0,1,1.0
Nshm,7,1,8,0.88
Nshn,0,4,4,0.0
Nshs,1,1,2,0.5
NslB,10,13,23,0.43
NslH,5,10,15,0.33
NslI,1,1,2,0.5
NslJ,8,1,9,0.89
NslL,2,4,6,0.33
NslM,9,11,20,0.45
NslN,15,14,29,0.52
NslP,10,17,27,0.37
NslS,7,7,14,0.5
Nslb,10,6,16,0.62
Nsll,4,4,8,0.5
Nslm,12,9,21,0.57
Nsln,21,11,32,0.66
Nsls,5,7,12,0.42
NsmB,22,20,42,0.52
NsmD,8,5,13,0.62
NsmH,16,17,33,0.48
NsmI,3,0,3,1.0
NsmJ,7,6,13,0.54
NsmL,11,7,18,0.61
NsmM,19,24,43,0.44
NsmN,29,32,61,0.48
NsmP,34,39,73,0.47
NsmS,26,18,44,0.59
Nsmb,14,18,32,0.44
Nsml,11,8,19,0.58
Nsmm,27,19,46,0.59
Nsmn,29,26,55,0.53
Nsms,18,14,32,0.56
NsnB,18,18,36,0.5
NsnD,6,3,9,0.67
NsnH,12,11,23,0.52
NsnI,6,4,10,0.6
NsnK,3,1,4,0.75
NsnL,11,16,27,0.41
NsnM,22,36,58,0.38
NsnN,35,40,75,0.47
NsnP,37,47,84,0.44
NsnS,27,27,54,0.5
NsnT,0,1,1,0.0
Nsnb,31,26,57,0.54
Nsnh,1,0,1,1.0
Nsnl,15,6,21,0.71
Nsnm,29,20,49,0.59
Nsnn,39,25,64,0.61
Nsns,27,12,39,0.69
NssB,20,11,31,0.65
NssD,6,4,10,0.6
NssH,21,24,45,0.47
NssI,8,5,13,0.62
NssK,1,1,2,0.5
NssL,9,5,14,0.64
NssM,15,17,32,0.47
NssN,25,23,48,0.52
NssP,30,30,60,0.5
NssS,42,30,72,0.58
NssT,1,2,3,0.33
Nssb,17,19,36,0.47
Nssh,1,0,1,1.0
Nssl,13,8,21,0.62
Nssm,19,13,32,0.59
Nssn,16,23,39,0.41
Nsss,22,27,49,0.45
PBBB,47,55,102,0.46
PBBD,5,1,6,0.83
PBBH,1,0,1,1.0
PBBK,2,2,4,0.5
PBBL,10,19,29,0.34
PBBM,35,41,76,0.46
PBBN,38,46,84,0.45
PBBP,68,80,148,0.46
PBBS,16,25,41,0.39
PBBT,2,4,6,0.33
PBBb,48,53,101,0.48
PBBh,3,3,6,0.5
PBBj,13,15,28,0.46
PBBl,22,28,50,0.44
PBBm,34,35,69,0.49
PBBn,61,50,111,0.55
PBBs,14,19,33,0.42
PBDB,2,3,5,0.4
PBDD,1,3,4,0.25
PBDH,3,2,5,0.6
PBDI,2,0,2,1.0
PBDM,1,3,4,0.25
PBDN,3,2,5,0.6
PBDP,5,2,7,0.71
PBDS,4,4,8,0.5
PBDb,3,7,10,0.3
PBDl,2,4,6,0.33
PBDm,9,3,12,0.75
PBDn,1,5,6,0.17
PBDs,3,3,6,0.5
PBHB,2,0,2,1.0
PBHH,0,1,1,0.0
PBHP,1,0,1,1.0
PBHb,1,1,2,0.5
PBHm,1,0,1,1.0
PBIM,1,0,1,1.0
PBIm,0,1,1,0.0
PBIn,0,1,1,0.0
PBKB,2,2,4,0.5
PBKH,0,1,1,0.0
PBKI,0,1,1,0.0
PBKL,1,2,3,0.33
PBKM,6,6,12,0.5
PBKN,2,1,3,0.67
PBKP,5,6,11,0.45
PBKS,2,0,2,1.0
PBKb,2,3,5,0.4
PBKh,4,4,8,0.5
PBKl,0,1,1,0.0
PBKm,6,7,13,0.46
PBKn,3,5,8,0.38
PBKs,3,0,3,1.0
PBLB,14,18,32,0.44
PBLD,1,0,1,1.0
PBLK,1,0,1,1.0
PBLL,9,10,19,0.47
PBLM,12,21,33,0.36
PBLN,15,16,31,0.48
PBLP,32,22,54,0.59
PBLS,6,11,17,0.35
PBLT,2,1,3,0.67
PBLb,16,22,38,0.42
PBLh,5,11,16,0.31
PBLj,4,8,12,0.33
PBLl,12,12,24,0.5
PBLm,24,19,43,0.56
PBLn,16,18,34,0.47
PBLs,7,9,16,0.44
PBMB,23,31,54,0.43
PBMD,2,1,3,0.67
PBML,11,18,29,0.38
PBMM,35,42,77,0.45
PBMN,22,40,62,0.35
PBMP,50,45,95,0.53
PBMS,19,25,44,0.43
PBMT,4,4,8,0.5
PBMb,51,35,86,0.59
PBMh,25,32,57,0.44
PBMj,10,7,17,0.59
PBMl,18,18,36,0.5
PBMm,36,41,77,0.47
PBMn,55,54,109,0.5
PBMs,34,13,47,0.72
PBNB,37,32,69,0.54
PBND,2,4,6,0.33
PBNH,5,6,11,0.45
PBNI,0,1,1,0.0
PBNK,2,2,4,0.5
PBNL,19,17,36,0.53
PBNM,37,42,79,0.47
PBNN,38,48,86,0.44
PBNP,66,64,130,0.51
PBNS,28,36,64,0.44
PBNT,13,2,15,0.87
PBNb,42,46,88,0.48
PBNh,17,11,28,0.61
PBNl,20,24,44,0.45
PBNm,37,28,65,0.57
PBNn,50,46,96,0.52
PBNs,29,27,56,0.52
PBPB,51,62,113,0.45
PBPD,2,2,4,0.5
PBPH,12,15,27,0.44
PBPI,5,4,9,0.56
PBPK,4,5,9,0.44
PBPL,22,32,54,0.41
PBPM,46,57,103,0.45
PBPN,64,51,115,0.56
PBPP,82,106,188,0.44
PBPS,32,28,60,0.53
PBPT,5,2,7,0.71
PBPb,68,59,127,0.54
PBPh,1,6,7,0.14
PBPl,32,26,58,0.55
PBPm,74,38,112,0.66
PBPn,48,46,94,0.51
PBPs,30,38,68,0.44
PBSB,16,15,31,0.52
PBSD,0,4,4,0.0
PBSH,0,8,8,0.0
PBSI,2,1,3,0.67
PBSL,8,13,21,0.38
PBSM,26,27,53,0.49
PBSN,19,21,40,0.48
PBSP,28,37,65,0.43
PBSS,14,20,34,0.41
PBST,5,1,6,0.83
PBSb,23,22,45,0.51
PBSh,9,18,27,0.33
PBSl,16,13,29,0.55
PBSm,24,15,39,0.62
PBSn,15,23,38,0.39
PBSs,22,21,43,0.51
PBTB,0,5,5,0.0
PBTD,0,1,1,0.0
PBTH,4,5,9,0.44
PBTK,0,1,1,0.0
PBTL,2,1,3,0.67
PBTM,4,8,12,0.33
PBTN,12,5,17,0.71
PBTP,8,9,17,0.47
PBTS,4,1,5,0.8
PBTT,1,0,1,1.0
PBTb,10,2,12,0.83
PBTl,0,0,0,
PBTm,4,6,10,0.4
PBTn,5,2,7,0.71
PBTs,5,3,8,0.62
PBbB,51,39,90,0.57
PBbD,1,4,5,0.2
PBbH,7,7,14,0.5
PBbI,5,1,6,0.83
PBbJ,11,12,23,0.48
PBbK,2,4,6,0.33
PBbL,24,28,52,0.46
PBbM,36,45,81,0.44
PBbN,47,53,100,0.47
PBbP,57,64,121,0.47
PBbS,21,28,49,0.43
PBbb,54,38,92,0.59
PBbl,30,18,48,0.62
PBbm,35,30,65,0.54
PBbn,51,34,85,0.6
PBbs,21,22,43,0.49
PBhB,6,6,12,0.5
PBhH,0,0,0,
PBhI,0,1,1,0.0
PBhL,4,3,7,0.57
PBhM,5,2,7,0.71
PBhN,7,5,12,0.58
PBhP,8,13,21,0.38
PBhS,2,1,3,0.67
PBhT,0,1,1,0.0
PBhb,7,2,9,0.78
PBhh,3,4,7,0.43
PBhl,3,7,10,0.3
PBhm,5,5,10,0.5
PBhn,5,4,9,0.56
PBhs,5,1,6,0.83
PBjB,10,23,33,0.3
PBjD,0,1,1,0.0
PBjH,5,2,7,0.71
PBjI,3,2,5,0.6
PBjK,0,1,1,0.0
PBjL,7,12,19,0.37
PBjM,18,18,36,0.5
PBjN,6,9,15,0.4
PBjP,21,22,43,0.49
PBjS,9,14,23,0.39
PBjT,1,4,5,0.2
PBjb,27,23,50,0.54
PBjh,0,2,2,0.0
PBjl,8,5,13,0.62
PBjm,13,11,24,0.54
PBjn,18,16,34,0.53
PBjs,13,8,21,0.62
PBlB,23,14,37,0.62
PBlD,0,3,3,0.0
PBlH,5,8,13,0.38
PBlI,4,2,6,0.67
PBlJ,7,6,13,0.54
PBlK,1,1,2,0.5
PBlL,5,10,15,0.33
PBlM,20,23,43,0.47
PBlN,19,26,45,0.42
PBlP,27,23,50,0.54
PBlS,19,22,41,0.46
PBlb,20,13,33,0.61
PBll,10,7,17,0.59
PBlm,14,12,26,0.54
PBln,16,12,28,0.57
PBls,13,13,26,0.5
PBmB,27,36,63,0.43
PBmD,10,5,15,0.67
PBmH,29,21,50,0.58
PBmI,2,2,4,0.5
PBmJ,8,7,15,0.53
PBmK,0,1,1,0.0
PBmL,16,16,32,0.5
PBmM,36,43,79,0.46
PBmN,41,35,76,0.54
PBmP,52,66,118,0.44
PBmS,28,27,55,0.51
PBmb,46,41,87,0.53
PBml,21,15,36,0.58
PBmm,35,34,69,0.51
PBmn,34,34,68,0.5
PBms,17,22,39,0.44
PBnB,56,40,96,0.58
PBnD,6,5,11,0.55
PBnH,24,18,42,0.57
PBnI,10,11,21,0.48
PBnK,2,4,6,0.33
PBnL,16,17,33,0.48
PBnM,49,47,96,0.51
PBnN,54,68,122,0.44
PBnP,80,73,153,0.52
PBnS,21,44,65,0.32
PBnb,48,43,91,0.53
PBnh,2,2,4,0.5
PBnl,23,21,44,0.52
PBnm,38,38,76,0.5
PBnn,55,52,107,0.51
PBns,36,36,72,0.5
PBsB,15,14,29,0.52
PBsD,2,2,4,0.5
PBsH,15,12,27,0.56
PBsI,4,3,7,0.57
PBsL,9,5,14,0.64
PBsM,19,18,37,0.51
PBsN,21,13,34,0.62
PBsP,18,36,54,0.33
PBsS,22,19,41,0.54
PBsb,20,20,40,0.5
PBsh,1,3,4,0.25
PBsl,7,17,24,0.29
PBsm,19,28,47,0.4
PBsn,14,12,26,0.54
PBss,13,14,27,0.48
PDBB,2,3,5,0.4
PDBD,1,2,3,0.33
PDBK,0,0,0,
PDBL,1,2,3,0.33
PDBM,1,1,2,0.5
PDBN,0,7,7,0.0
PDBP,3,5,8,0.38
PDBS,2,2,4,0.5
PDBb,3,4,7,0.43
PDBj,1,0,1,1.0
PDBl,4,1,5,0.8
PDBm,7,4,11,0.64
PDBn,5,3,8,0.62
PDBs,2,2,4,0.5
PDDB,1,2,3,0.33
PDDD,1,0,1,1.0
PDDH,0,0,0,
PDDL,0,3,3,0.0
PDDM,2,3,5,0.4
PDDN,1,1,2,0.5
PDDP,0,1,1,0.0
PDDS,2,0,2,1.0
PDDb,0,0,0,
PDDl,0,1,1,0.0
PDDm,1,3,4,0.25
PDDn,3,3,6,0.5
PDDs,0,1,1,0.0
PDHB,0,4,4,0.0
PDHD,0,1,1,0.0
PDHH,1,0,1,1.0
PDHI,1,0,1,1.0
PDHL,1,1,2,0.5
PDHM,5,5,10,0.5
PDHN,4,3,7,0.57
PDHP,6,5,11,0.55
PDHS,6,2,8,0.75
PDHb,4,2,6,0.67
PDHh,4,3,7,0.57
PDHl,0,1,1,0.0
PDHm,4,3,7,0.57
PDHn,4,2,6,0.67
PDHs,3,0,3,1.0
PDIB,0,1,1,0.0
PDIH,0,1,1,0.0
PDIL,0,1,1,0.0
PDIM,1,0,1,1.0
PDIN,1,0,1,1.0
PDIb,1,0,1,1.0
PDIl,1,0,1,1.0
PDKN,0,1,1,0.0
PDLB,4,2,6,0.67
PDLD,1,1,2,0.5
PDLL,1,2,3,0.33
PDLM,1,5,6,0.17
PDLP,2,5,7,0.29
PDLS,3,0,3,1.0
PDLT,1,0,1,1.0
PDLb,5,2,7,0.71
PDLh,2,1,3,0.67
PDLj,2,0,2,1.0
PDLl,1,0,1,1.0
PDLm,4,1,5,0.8
PDLn,3,0,3,1.0
PDLs,0,1,1,0.0
PDMB,5,7,12,0.42
PDMD,1,2,3,0.33
PDML,2,1,3,0.67
PDMM,11,6,17,0.65
PDMN,4,2,6,0.67
PDMP,3,5,8,0.38
PDMS,5,2,7,0.71
PDMT,0,1,1,0.0
PDMb,8,7,15,0.53
PDMh,5,4,9,0.56
PDMj,1,2,3,0.33
PDMl,1,4,5,0.2
PDMm,5,7,12,0.42
PDMn,5,5,10,0.5
PDMs,0,5,5,0.0
PDNB,4,6,10,0.4
PDND,1,0,1,1.0
PDNK,1,1,2,0.5
PDNL,2,0,2,1.0
PDNM,1,3,4,0.25
PDNN,4,6,10,0.4
PDNP,9,11,20,0.45
PDNS,2,5,7,0.29
PDNT,0,2,2,0.0
PDNb,3,6,9,0.33
PDNh,1,2,3,0.33
PDNl,3,3,6,0.5
PDNm,1,6,7,0.14
PDNn,11,5,16,0.69
PDNs,2,2,4,0.5
PDPB,5,6,11,0.45
PDPD,1,1,2,0.5
PDPH,1,1,2,0.5
PDPI,0,2,2,0.0
PDPK,1,0,1,1.0
PDPL,8,2,10,0.8
PDPM,5,7,12,0.42
PDPN,5,7,12,0.42
PDPP,10,11,21,0.48
PDPS,3,7,10,0.3
PDPT,0,1,1,0.0
PDPb,6,7,13,0.46
PDPh,0,0,0,
PDPl,4,3,7,0.57
PDPm,10,7,17,0.59
PDPn,7,5,12,0.58
PDPs,7,10,17,0.41
PDSB,2,3,5,0.4
PDSD,0,1,1,0.0
PDSH,2,1,3,0.67
PDSL,3,1,4,0.75
PDSM,2,3,5,0.4
PDSN,4,6,10,0.4
PDSP,4,7,11,0.36
PDSS,3,0,3,1.0
PDST,2,0,2,1.0
PDSb,5,1,6,0.83
PDSh,2,1,3,0.67
PDSl,1,4,5,0.2
PDSm,8,6,14,0.57
PDSn,6,6,12,0.5
PDSs,2,2,4,0.5
PDTB,2,1,3,0.67
PDTD,0,0,0,
PDTM,1,0,1,1.0
PDTN,1,2,3,0.33
PDTP,3,0,3,1.0
PDTS,1,0,1,1.0
PDTb,0,0,0,
PDTl,0,1,1,0.0
PDTm,1,1,2,0.5
PDTn,1,1,2,0.5
PDTs,1,0,1,1.0
PDbB,4,2,6,0.67
PDbD,1,1,2,0.5
PDbH,0,1,1,0.0
PDbJ,2,0,2,1.0
PDbL,1,1,2,0.5
PDbM,3,7,10,0.3
PDbN,4,4,8,0.5
PDbP,2,4,6,0.33
PDbS,3,3,6,0.5
PDbb,2,5,7,0.29
PDbl,3,4,7,0.43
PDbm,3,2,5,0.6
PDbn,4,6,10,0.4
PDbs,1,1,2,0.5
PDhn,0,0,0,
PDhs,0,1,1,0.0
PDlB,2,1,3,0.67
PDlJ,0,1,1,0.0
PDlL,0,1,1,0.0
PDlM,6,0,6,1.0
PDlN,0,0,0,
PDlP,2,2,4,0.5
PDlb,3,0,3,1.0
PDll,1,2,3,0.33
PDlm,5,2,7,0.71
PDln,2,1,3,0.67
PDls,1,0,1,1.0
PDmB,6,3,9,0.67
PDmD,2,0,2,1.0
PDmH,2,11,13,0.15
PDmJ,4,1,5,0.8
PDmL,3,6,9,0.33
PDmM,2,10,12,0.17
PDmN,8,3,11,0.73
PDmP,4,8,12,0.33
PDmS,4,5,9,0.44
PDmb,4,4,8,0.5
PDml,2,0,2,1.0
PDmm,5,6,11,0.45
PDmn,2,2,4,0.5
PDms,3,1,4,0.75
PDnB,1,5,6,0.17
PDnD,0,0,0,
PDnH,1,1,2,0.5
PDnK,0,0,0,
PDnL,2,1,3,0.67
PDnM,3,5,8,0.38
PDnN,1,5,6,0.17
PDnP,4,1,5,0.8
PDnS,8,5,13,0.62
PDnb,2,2,4,0.5
PDnl,3,2,5,0.6
PDnm,2,2,4,0.5
PDnn,3,3,6,0.5
PDns,2,6,8,0.25
PDsB,1,2,3,0.33
PDsD,0,1,1,0.0
PDsH,4,4,8,0.5
PDsI,0,1,1,0.0
PDsL,1,0,1,1.0
PDsM,6,3,9,0.67
PDsN,3,3,6,0.5
PDsP,4,1,5,0.8
PDsS,5,7,12,0.42
PDsb,2,2,4,0.5
PDsl,0,3,3,0.0
PDsm,5,5,10,0.5
PDsn,1,2,3,0.33
PDss,4,4,8,0.5
PHBB,5,11,16,0.31
PHBD,1,1,2,0.5
PHBK,0,2,2,0.0
PHBL,3,4,7,0.43
PHBM,6,14,20,0.3
PHBN,12,9,21,0.57
PHBP,10,16,26,0.38
PHBS,5,3,8,0.62
PHBT,0,2,2,0.0
PHBb,9,11,20,0.45
PHBh,3,1,4,0.75
PHBj,5,4,9,0.56
PHBl,5,9,14,0.36
PHBm,8,9,17,0.47
PHBn,9,13,22,0.41
PHBs,6,11,17,0.35
PHDB,0,1,1,0.0
PHDD,0,0,0,
PHDH,2,1,3,0.67
PHDL,1,0,1,1.0
PHDM,1,2,3,0.33
PHDN,3,1,4,0.75
PHDP,2,1,3,0.67
PHDS,1,1,2,0.5
PHDb,4,0,4,1.0
PHDl,0,1,1,0.0
PHDm,1,2,3,0.33
PHDn,1,1,2,0.5
PHDs,1,0,1,1.0
PHHB,4,1,5,0.8
PHHD,1,1,2,0.5
PHHH,2,0,2,1.0
PHHI,0,1,1,0.0
PHHK,0,2,2,0.0
PHHL,2,1,3,0.67
PHHM,3,3,6,0.5
PHHN,5,3,8,0.62
PHHP,1,5,6,0.17
PHHS,4,6,10,0.4
PHHb,1,4,5,0.2
PHHh,0,2,2,0.0
PHHm,4,4,8,0.5
PHHn,2,1,3,0.67
PHHs,3,1,4,0.75
PHIB,1,3,4,0.25
PHID,1,0,1,1.0
PHIH,0,1,1,0.0
PHIL,1,0,1,1.0
PHIM,0,4,4,0.0
PHIN,2,1,3,0.67
PHIP,3,3,6,0.5
PHIS,4,1,5,0.8
PHIb,2,1,3,0.67
PHIm,3,0,3,1.0
PHIn,0,0,0,
PHIs,1,1,2,0.5
PHKB,2,1,3,0.67
PHKD,0,0,0,
PHKL,0,2,2,0.0
PHKM,2,1,3,0.67
PHKN,0,2,2,0.0
PHKP,1,3,4,0.25
PHKS,3,2,5,0.6
PHKT,0,0,0,
PHKb,2,0,2,1.0
PHKh,2,2,4,0.5
PHKl,0,1,1,0.0
PHKm,3,0,3,1.0
PHKs,0,1,1,0.0
PHLB,3,8,11,0.27
PHLL,1,2,3,0.33
PHLM,6,4,10,0.6
PHLN,4,5,9,0.44
PHLP,6,8,14,0.43
PHLS,6,3,9,0.67
PHLT,0,1,1,0.0
PHLb,0,4,4,0.0
PHLh,4,5,9,0.44
PHLj,3,3,6,0.5
PHLl,5,2,7,0.71
PHLm,1,3,4,0.25
PHLn,5,11,16,0.31
PHLs,4,6,10,0.4
PHMB,9,13,22,0.41
PHMD,0,2,2,0.0
PHMH,0,1,1,0.0
PHMI,1,0,1,1.0
PHML,7,5,12,0.58
PHMM,10,17,27,0.37
PHMN,8,14,22,0.36
PHMP,15,13,28,0.54
PHMS,13,13,26,0.5
PHMT,0,0,0,
PHMb,13,15,28,0.46
PHMh,15,16,31,0.48
PHMj,6,1,7,0.86
PHMl,9,4,13,0.69
PHMm,11,14,25,0.44
PHMn,23,17,40,0.57
PHMs,8,8,16,0.5
PHNB,10,14,24,0.42
PHND,3,1,4,0.75
PHNH,3,2,5,0.6
PHNI,0,1,1,0.0
PHNK,0,3,3,0.0
PHNL,7,3,10,0.7
PHNM,16,21,37,0.43
PHNN,18,9,27,0.67
PHNP,25,28,53,0.47
PHNS,5,8,13,0.38
PHNT,5,2,7,0.71
PHNb,13,13,26,0.5
PHNh,1,9,10,0.1
PHNl,7,10,17,0.41
PHNm,15,17,32,0.47
PHNn,9,16,25,0.36
PHNs,12,5,17,0.71
PHPB,14,19,33,0.42
PHPD,1,0,1,1.0
PHPH,2,6,8,0.25
PHPI,3,2,5,0.6
PHPK,5,2,7,0.71
PHPL,6,13,19,0.32
PHPM,19,17,36,0.53
PHPN,22,23,45,0.49
PHPP,29,40,69,0.42
PHPS,18,11,29,0.62
PHPT,1,2,3,0.33
PHPb,26,14,40,0.65
PHPh,4,4,8,0.5
PHPl,20,12,32,0.62
PHPm,20,12,32,0.62
PHPn,27,21,48,0.56
PHPs,17,13,30,0.57
PHSB,4,8,12,0.33
PHSD,1,1,2,0.5
PHSH,3,3,6,0.5
PHSI,0,1,1,0.0
PHSK,1,0,1,1.0
PHSL,6,3,9,0.67
PHSM,12,10,22,0.55
PHSN,12,12,24,0.5
PHSP,11,12,23,0.48
PHSS,9,13,22,0.41
PHST,4,2,6,0.67
PHSb,13,10,23,0.57
PHSh,15,8,23,0.65
PHSl,8,6,14,0.57
PHSm,6,8,14,0.43
PHSn,16,6,22,0.73
PHSs,19,12,31,0.61
PHTB,0,1,1,0.0
PHTH,0,1,1,0.0
PHTK,1,0,1,1.0
PHTL,0,1,1,0.0
PHTM,1,2,3,0.33
PHTN,1,0,1,1.0
PHTP,0,3,3,0.0
PHTS,1,0,1,1.0
PHTb,0,1,1,0.0
PHTh,1,0,1,1.0
PHTl,1,0,1,1.0
PHTm,1,2,3,0.33
PHTn,0,0,0,
PHTs,0,1,1,0.0
PHbB,10,12,22,0.45
PHbD,0,2,2,0.0
PHbH,5,2,7,0.71
PHbI,1,1,2,0.5
PHbJ,4,1,5,0.8
PHbK,1,0,1,1.0
PHbL,6,6,12,0.5
PHbM,11,13,24,0.46
PHbN,19,15,34,0.56
PHbP,28,13,41,0.68
PHbS,7,7,14,0.5
PHbb,18,11,29,0.62
PHbl,9,5,14,0.64
PHbm,14,5,19,0.74
PHbn,9,7,16,0.56
PHbs,5,7,12,0.42
PHhB,5,5,10,0.5
PHhD,0,1,1,0.0
PHhH,0,3,3,0.0
PHhK,0,1,1,0.0
PHhL,0,2,2,0.0
PHhM,1,2,3,0.33
PHhN,2,5,7,0.29
PHhP,7,4,11,0.64
PHhS,1,6,7,0.14
PHhT,1,0,1,1.0
PHhb,7,3,10,0.7
PHhh,3,4,7,0.43
PHhl,6,1,7,0.86
PHhm,3,5,8,0.38
PHhn,9,8,17,0.53
PHhs,3,6,9,0.33
PHlB,5,3,8,0.62
PHlD,3,0,3,1.0
PHlH,4,3,7,0.57
PHlI,1,0,1,1.0
PHlJ,1,3,4,0.25
PHlK,1,0,1,1.0
PHlL,4,4,8,0.5
PHlM,11,6,17,0.65
PHlN,8,7,15,0.53
PHlP,4,16,20,0.2
PHlS,7,6,13,0.54
PHlb,8,7,15,0.53
PHlh,1,0,1,1.0
PHll,4,5,9,0.44
PHlm,7,1,8,0.88
PHln,3,6,9,0.33
PHls,4,4,8,0.5
PHmB,10,13,23,0.43
PHmD,1,4,5,0.2
PHmH,6,9,15,0.4
PHmJ,3,0,3,1.0
PHmL,5,5,10,0.5
PHmM,6,15,21,0.29
PHmN,14,15,29,0.48
PHmP,13,9,22,0.59
PHmS,16,8,24,0.67
PHmb,14,15,29,0.48
PHml,3,4,7,0.43
PHmm,7,7,14,0.5
PHmn,16,14,30,0.53
PHms,6,5,11,0.55
PHnB,6,13,19,0.32
PHnD,1,0,1,1.0
PHnH,3,14,17,0.18
PHnI,3,1,4,0.75
PHnK,1,1,2,0.5
PHnL,6,4,10,0.6
PHnM,17,17,34,0.5
PHnN,17,18,35,0.49
PHnP,31,32,63,0.49
PHnS,16,15,31,0.52
PHnb,12,13,25,0.48
PHnh,0,2,2,0.0
PHnl,8,4,12,0.67
PHnm,9,8,17,0.53
PHnn,21,15,36,0.58
PHns,14,11,25,0.56
PHsB,12,5,17,0.71
PHsD,1,0,1,1.0
PHsH,9,8,17,0.53
PHsI,3,0,3,1.0
PHsK,2,0,2,1.0
PHsL,6,5,11,0.55
PHsM,15,17,32,0.47
PHsN,13,16,29,0.45
PHsP,18,19,37,0.49
PHsS,23,11,34,0.68
PHsb,8,8,16,0.5
PHsh,2,2,4,0.5
PHsl,4,9,13,0.31
PHsm,18,12,30,0.6
PHsn,12,5,17,0.71
PHss,6,10,16,0.38
PIBB,4,6,10,0.4
PIBD,0,0,0,
PIBH,0,1,1,0.0
PIBK,1,0,1,1.0
PIBL,1,1,2,0.5
PIBM,4,3,7,0.57
PIBN,5,3,8,0.62
PIBP,5,5,10,0.5
PIBS,4,1,5,0.8
PIBT,0,1,1,0.0
PIBb,3,4,7,0.43
PIBh,2,0,2,1.0
PIBj,1,0,1,1.0
PIBl,2,4,6,0.33
PIBm,3,8,11,0.27
PIBn,5,3,8,0.62
PIBs,0,2,2,0.0
PIDB,1,0,1,1.0
PIDH,0,1,1,0.0
PIDN,0,2,2,0.0
PIDP,0,0,0,
PIDS,4,0,4,1.0
PIDb,1,0,1,1.0
PIDl,2,1,3,0.67
PIDm,1,1,2,0.5
PIDn,0,2,2,0.0
PIHB,2,2,4,0.5
PIHD,0,1,1,0.0
PIHH,2,0,2,1.0
PIHL,1,1,2,0.5
PIHM,2,1,3,0.67
PIHN,0,4,4,0.0
PIHP,6,5,11,0.55
PIHS,2,4,6,0.33
PIHT,1,0,1,1.0
PIHb,1,2,3,0.33
PIHh,1,2,3,0.33
PIHl,3,1,4,0.75
PIHm,6,4,10,0.6
PIHn,1,5,6,0.17
PIHs,0,4,4,0.0
PIIB,1,1,2,0.5
PIID,0,1,1,0.0
PIIH,1,1,2,0.5
PIIM,0,1,1,0.0
PIIN,0,2,2,0.0
PIIb,1,2,3,0.33
PIIn,0,2,2,0.0
PIKL,1,0,1,1.0
PIKn,1,0,1,1.0
PILB,4,3,7,0.57
PILD,0,1,1,0.0
PILK,1,2,3,0.33
PILL,2,2,4,0.5
PILM,1,6,7,0.14
PILN,3,2,5,0.6
PILP,2,2,4,0.5
PILS,1,2,3,0.33
PILb,3,1,4,0.75
PILh,0,1,1,0.0
PILj,0,1,1,0.0
PILl,2,0,2,1.0
PILm,2,3,5,0.4
PILn,1,0,1,1.0
PILs,3,0,3,1.0
PIMB,5,4,9,0.56
PIMD,1,1,2,0.5
PIML,2,2,4,0.5
PIMM,3,7,10,0.3
PIMN,3,4,7,0.43
PIMP,8,4,12,0.67
PIMS,2,1,3,0.67
PIMT,1,1,2,0.5
PIMb,1,1,2,0.5
PIMh,4,5,9,0.44
PIMj,1,1,2,0.5
PIMl,2,3,5,0.4
PIMm,10,3,13,0.77
PIMn,5,8,13,0.38
PIMs,3,4,7,0.43
PINB,1,6,7,0.14
PINH,1,0,1,1.0
PINK,1,0,1,1.0
PINL,3,3,6,0.5
PINM,2,5,7,0.29
PINN,5,3,8,0.62
PINP,10,4,14,0.71
PINS,5,3,8,0.62
PINT,3,1,4,0.75
PINb,6,4,10,0.6
PINh,0,1,1,0.0
PINl,3,3,6,0.5
PINm,4,2,6,0.67
PINn,1,10,11,0.09
PINs,2,5,7,0.29
PIPB,6,8,14,0.43
PIPD,0,1,1,0.0
PIPH,3,4,7,0.43
PIPI,1,1,2,0.5
PIPK,0,0,0,
PIPL,2,6,8,0.25
PIPM,7,5,12,0.58
PIPN,1,5,6,0.17
PIPP,6,11,17,0.35
PIPS,3,4,7,0.43
PIPT,2,0,2,1.0
PIPb,3,5,8,0.38
PIPh,2,3,5,0.4
PIPl,3,7,10,0.3
PIPm,6,1,7,0.86
PIPn,3,3,6,0.5
PIPs,6,6,12,0.5
PISB,1,3,4,0.25
PISH,2,5,7,0.29
PISK,0,0,0,
PISL,6,1,7,0.86
PISM,1,4,5,0.2
PISN,1,2,3,0.33
PISP,3,3,6,0.5
PISS,6,5,11,0.55
PIST,1,1,2,0.5
PISb,2,7,9,0.22
PISh,3,1,4,0.75
PISl,0,2,2,0.0
PISm,1,2,3,0.33
PISn,4,3,7,0.57
PISs,5,2,7,0.71
PITD,0,1,1,0.0
PITH,1,0,1,1.0
PITN,1,0,1,1.0
PITS,0,0,0,
PITm,1,0,1,1.0
PITn,0,0,0,
PIbB,6,3,9,0.67
PIbH,1,1,2,0.5
PIbI,1,0,1,1.0
PIbJ,4,1,5,0.8
PIbK,0,1,1,0.0
PIbL,3,1,4,0.75
PIbM,4,4,8,0.5
PIbN,3,2,5,0.6
PIbP,9,6,15,0.6
PIbS,2,4,6,0.33
PIbb,2,4,6,0.33
PIbl,1,3,4,0.25
PIbm,6,1,7,0.86
PIbn,6,2,8,0.75
PIbs,1,0,1,1.0
PIhM,1,0,1,1.0
PIhS,1,0,1,1.0
PIhh,0,1,1,0.0
PIhl,0,1,1,0.0
PIlB,0,3,3,0.0
PIlH,1,0,1,1.0
PIlJ,2,0,2,1.0
PIlL,1,1,2,0.5
PIlM,3,1,4,0.75
PIlN,1,1,2,0.5
PIlP,4,2,6,0.67
PIlS,0,1,1,0.0
PIlb,3,1,4,0.75
PIll,3,1,4,0.75
PIlm,0,2,2,0.0
PIln,0,3,3,0.0
PImB,4,5,9,0.44
PImH,6,0,6,1.0
PImI,1,0,1,1.0
PImL,2,3,5,0.4
PImM,8,6,14,0.57
PImN,7,1,8,0.88
PImP,5,6,11,0.45
PImS,6,2,8,0.75
PImb,8,5,13,0.62
PIml,3,1,4,0.75
PImm,0,3,3,0.0
PImn,2,3,5,0.4
PIms,1,3,4,0.25
PInB,1,4,5,0.2
PInH,2,2,4,0.5
PInI,1,0,1,1.0
PInL,1,2,3,0.33
PInM,6,4,10,0.6
PInN,4,3,7,0.57
PInP,8,0,8,1.0
PInS,4,2,6,0.67
PInb,3,3,6,0.5
PInl,1,1,2,0.5
PInm,5,0,5,1.0
PInn,3,4,7,0.43
PIns,1,2,3,0.33
PIsB,3,0,3,1.0
PIsD,0,0,0,
PIsH,3,2,5,0.6
PIsI,0,1,1,0.0
PIsL,2,1,3,0.67
PIsM,1,1,2,0.5
PIsN,0,2,2,0.0
PIsP,3,3,6,0.5
PIsS,5,2,7,0.71
PIsb,1,3,4,0.25
PIsl,2,2,4,0.5
PIsm,4,1,5,0.8
PIsn,2,0,2,1.0
PIss,1,1,2,0.5
PKBB,4,2,6,0.67
PKBD,0,3,3,0.0
PKBL,1,1,2,0.5
PKBM,3,8,11,0.27
PKBN,2,1,3,0.67
PKBP,0,2,2,0.0
PKBS,0,5,5,0.0
PKBT,0,0,0,
PKBb,7,4,11,0.64
PKBh,2,0,2,1.0
PKBj,1,1,2,0.5
PKBl,5,3,8,0.62
PKBm,4,5,9,0.44
PKBn,5,4,9,0.56
PKBs,1,3,4,0.25
PKDB,1,0,1,1.0
PKDD,0,1,1,0.0
PKDH,0,2,2,0.0
PKDM,0,2,2,0.0
PKDS,2,0,2,1.0
PKDb,1,0,1,1.0
PKDl,0,0,0,
PKDm,1,0,1,1.0
PKDn,2,1,3,0.67
PKHB,0,1,1,0.0
PKHI,1,0,1,1.0
PKHM,0,1,1,0.0
PKHN,0,1,1,0.0
PKHP,2,1,3,0.67
PKHS,2,0,2,1.0
PKHb,1,0,1,1.0
PKHn,0,1,1,0.0
PKHs,1,1,2,0.5
PKIB,0,1,1,0.0
PKIL,1,0,1,1.0
PKIP,1,0,1,1.0
PKIS,1,0,1,1.0
PKIb,0,1,1,0.0
PKIm,2,0,2,1.0
PKIn,0,1,1,0.0
PKKh,0,1,1,0.0
PKKn,1,0,1,1.0
PKLB,8,1,9,0.89
PKLD,1,0,1,1.0
PKLL,1,2,3,0.33
PKLM,3,3,6,0.5
PKLN,1,2,3,0.33
PKLP,4,4,8,0.5
PKLS,3,0,3,1.0
PKLb,3,0,3,1.0
PKLh,0,0,0,
PKLj,1,1,2,0.5
PKLl,5,2,7,0.71
PKLm,1,1,2,0.5
PKLn,1,2,3,0.33
PKLs,1,2,3,0.33
PKMB,7,7,14,0.5
PKMD,1,2,3,0.33
PKML,3,1,4,0.75
PKMM,7,5,12,0.58
PKMN,5,3,8,0.62
PKMP,9,7,16,0.56
PKMS,3,4,7,0.43
PKMT,1,2,3,0.33
PKMb,6,9,15,0.4
PKMh,2,9,11,0.18
PKMj,1,2,3,0.33
PKMl,2,3,5,0.4
PKMm,7,4,11,0.64
PKMn,4,3,7,0.57
PKMs,2,6,8,0.25
PKNB,2,1,3,0.67
PKND,0,1,1,0.0
PKNH,0,1,1,0.0
PKNK,0,1,1,0.0
PKNL,1,0,1,1.0
PKNM,3,3,6,0.5
PKNN,0,6,6,0.0
PKNP,5,11,16,0.31
PKNS,3,3,6,0.5
PKNT,2,2,4,0.5
PKNb,2,3,5,0.4
PKNh,2,1,3,0.67
PKNl,2,3,5,0.4
PKNm,6,5,11,0.55
PKNn,2,4,6,0.33
PKNs,5,5,10,0.5
PKPB,6,4,10,0.6
PKPD,1,0,1,1.0
PKPH,0,0,0,
PKPK,1,1,2,0.5
PKPL,8,3,11,0.73
PKPM,9,13,22,0.41
PKPN,4,9,13,0.31
PKPP,16,7,23,0.7
PKPS,5,8,13,0.38
PKPb,9,12,21,0.43
PKPh,3,2,5,0.6
PKPl,4,3,7,0.57
PKPm,4,3,7,0.57
PKPn,3,2,5,0.6
PKPs,2,4,6,0.33
PKSB,0,2,2,0.0
PKSD,1,2,3,0.33
PKSH,0,1,1,0.0
PKSI,0,1,1,0.0
PKSL,2,0,2,1.0
PKSM,4,6,10,0.4
PKSN,1,2,3,0.33
PKSP,2,3,5,0.4
PKSS,6,3,9,0.67
PKST,0,0,0,
PKSb,5,2,7,0.71
PKSh,1,2,3,0.33
PKSl,3,3,6,0.5
PKSm,3,4,7,0.43
PKSn,3,2,5,0.6
PKSs,2,3,5,0.4
PKTB,1,0,1,1.0
PKTD,1,0,1,1.0
PKTH,1,0,1,1.0
PKTL,0,1,1,0.0
PKTM,0,1,1,0.0
PKTN,1,0,1,1.0
PKTP,1,0,1,1.0
PKTS,0,0,0,
PKTl,0,0,0,
PKTm,1,1,2,0.5
PKTs,0,1,1,0.0
PKbB,8,4,12,0.67
PKbD,1,0,1,1.0
PKbH,0,1,1,0.0
PKbJ,0,2,2,0.0
PKbK,0,1,1,0.0
PKbL,2,4,6,0.33
PKbM,4,7,11,0.36
PKbN,6,7,13,0.46
PKbP,7,11,18,0.39
PKbS,3,5,8,0.38
PKbb,6,6,12,0.5
PKbl,1,2,3,0.33
PKbm,5,2,7,0.71
PKbn,3,7,10,0.3
PKbs,6,2,8,0.75
PKhB,5,3,8,0.62
PKhD,1,1,2,0.5
PKhH,1,1,2,0.5
PKhL,2,5,7,0.29
PKhM,9,5,14,0.64
PKhN,1,2,3,0.33
PKhP,8,8,16,0.5
PKhS,2,4,6,0.33
PKhb,7,8,15,0.47
PKhh,1,4,5,0.2
PKhl,3,2,5,0.6
PKhm,3,6,9,0.33
PKhn,6,5,11,0.55
PKhs,0,1,1,0.0
PKlB,6,3,9,0.67
PKlD,3,0,3,1.0
PKlH,2,1,3,0.67
PKlI,1,1,2,0.5
PKlJ,1,1,2,0.5
PKlL,1,1,2,0.5
PKlM,1,1,2,0.5
PKlN,3,3,6,0.5
PKlP,6,3,9,0.67
PKlS,2,3,5,0.4
PKlb,4,5,9,0.44
PKll,1,0,1,1.0
PKlm,6,3,9,0.67
PKln,2,2,4,0.5
PKls,2,2,4,0.5
PKmB,3,4,7,0.43
PKmD,1,0,1,1.0
PKmH,4,3,7,0.57
PKmI,0,1,1,0.0
PKmJ,5,1,6,0.83
PKmL,2,4,6,0.33
PKmM,9,3,12,0.75
PKmN,3,5,8,0.38
PKmP,8,3,11,0.73
PKmS,6,5,11,0.55
PKmb,6,2,8,0.75
PKml,7,1,8,0.88
PKmm,3,8,11,0.27
PKmn,2,4,6,0.33
PKms,5,2,7,0.71
PKnB,6,4,10,0.6
PKnD,0,0,0,
PKnH,1,3,4,0.25
PKnI,1,0,1,1.0
PKnK,0,1,1,0.0
PKnL,3,2,5,0.6
PKnM,5,5,10,0.5
PKnN,5,8,13,0.38
PKnP,9,8,17,0.53
PKnS,2,1,3,0.67
PKnb,4,0,4,1.0
PKnl,6,1,7,0.86
PKnm,2,4,6,0.33
PKnn,3,2,5,0.6
PKns,1,5,6,0.17
PKsB,7,1,8,0.88
PKsD,0,2,2,0.0
PKsH,3,5,8,0.38
PKsI,2,0,2,1.0
PKsK,0,2,2,0.0
PKsL,5,2,7,0.71
PKsM,4,2,6,0.67
PKsN,2,1,3,0.67
PKsP,6,5,11,0.55
PKsS,6,5,11,0.55
PKsb,9,2,11,0.82
PKsl,1,7,8,0.12
PKsm,9,0,9,1.0
PKsn,4,1,5,0.8
PKss,2,5,7,0.29
PLBB,17,19,36,0.47
PLBD,3,1,4,0.75
PLBH,0,1,1,0.0
PLBK,1,2,3,0.33
PLBL,4,9,13,0.31
PLBM,15,12,27,0.56
PLBN,24,19,43,0.56
PLBP,27,33,60,0.45
PLBS,10,13,23,0.43
PLBT,1,1,2,0.5
PLBb,23,20,43,0.53
PLBh,3,4,7,0.43
PLBj,4,9,13,0.31
PLBl,13,10,23,0.57
PLBm,17,11,28,0.61
PLBn,20,24,44,0.45
PLBs,8,9,17,0.47
PLDB,2,1,3,0.67
PLDH,1,4,5,0.2
PLDL,2,1,3,0.67
PLDM,0,1,1,0.0
PLDN,1,2,3,0.33
PLDP,8,3,11,0.73
PLDS,0,1,1,0.0
PLDb,0,3,3,0.0
PLDh,1,0,1,1.0
PLDl,2,0,2,1.0
PLDm,2,4,6,0.33
PLDn,1,0,1,1.0
PLDs,0,2,2,0.0
PLHB,1,1,2,0.5
PLHM,1,0,1,1.0
PLHN,0,1,1,0.0
PLHP,1,0,1,1.0
PLHS,1,0,1,1.0
PLHb,1,1,2,0.5
PLHh,0,0,0,
PLHm,0,1,1,0.0
PLIB,0,1,1,0.0
PLIH,0,1,1,0.0
PLKB,0,0,0,
PLKI,0,1,1,0.0
PLKM,1,2,3,0.33
PLKN,0,3,3,0.0
PLKP,1,1,2,0.5
PLKb,1,3,4,0.25
PLKh,0,1,1,0.0
PLKl,1,1,2,0.5
PLKm,1,2,3,0.33
PLKn,1,1,2,0.5
PLKs,2,0,2,1.0
PLLB,9,14,23,0.39
PLLD,0,0,0,
PLLK,1,0,1,1.0
PLLL,4,7,11,0.36
PLLM,10,8,18,0.56
PLLN,11,3,14,0.79
PLLP,21,16,37,0.57
PLLS,10,7,17,0.59
PLLT,1,0,1,1.0
PLLb,7,12,19,0.37
PLLh,5,4,9,0.56
PLLj,4,3,7,0.57
PLLl,3,6,9,0.33
PLLm,9,7,16,0.56
PLLn,10,13,23,0.43
PLLs,11,2,13,0.85
PLMB,29,19,48,0.6
PLMD,1,3,4,0.25
PLML,14,12,26,0.54
PLMM,19,23,42,0.45
PLMN,19,18,37,0.51
PLMP,27,26,53,0.51
PLMS,10,10,20,0.5
PLMT,0,3,3,0.0
PLMb,25,27,52,0.48
PLMh,17,27,44,0.39
PLMj,7,2,9,0.78
PLMl,3,13,16,0.19
PLMm,18,23,41,0.44
PLMn,28,28,56,0.5
PLMs,14,10,24,0.58
PLNB,20,15,35,0.57
PLND,0,2,2,0.0
PLNH,1,4,5,0.2
PLNI,1,0,1,1.0
PLNK,2,1,3,0.67
PLNL,8,11,19,0.42
PLNM,17,15,32,0.53
PLNN,15,16,31,0.48
PLNP,26,29,55,0.47
PLNS,15,11,26,0.58
PLNT,5,2,7,0.71
PLNb,24,15,39,0.62
PLNh,3,6,9,0.33
PLNl,17,6,23,0.74
PLNm,16,17,33,0.48
PLNn,25,21,46,0.54
PLNs,18,8,26,0.69
PLPB,31,19,50,0.62
PLPD,3,1,4,0.75
PLPH,4,11,15,0.27
PLPI,2,1,3,0.67
PLPK,2,1,3,0.67
PLPL,18,21,39,0.46
PLPM,35,28,63,0.56
PLPN,28,31,59,0.47
PLPP,55,51,106,0.52
PLPS,22,18,40,0.55
PLPT,2,1,3,0.67
PLPb,28,34,62,0.45
PLPh,2,2,4,0.5
PLPl,26,22,48,0.54
PLPm,33,21,54,0.61
PLPn,22,27,49,0.45
PLPs,30,18,48,0.62
PLSB,13,9,22,0.59
PLSD,2,0,2,1.0
PLSH,5,6,11,0.45
PLSI,0,0,0,
PLSK,2,0,2,1.0
PLSL,7,7,14,0.5
PLSM,20,12,32,0.62
PLSN,19,16,35,0.54
PLSP,23,24,47,0.49
PLSS,24,21,45,0.53
PLST,1,7,8,0.12
PLSb,18,12,30,0.6
PLSh,10,10,20,0.5
PLSl,14,11,25,0.56
PLSm,21,10,31,0.68
PLSn,9,9,18,0.5
PLSs,13,9,22,0.59
PLTB,4,2,6,0.67
PLTD,0,0,0,
PLTH,0,0,0,
PLTI,0,1,1,0.0
PLTL,1,1,2,0.5
PLTM,4,3,7,0.57
PLTN,2,7,9,0.22
PLTP,3,3,6,0.5
PLTS,1,0,1,1.0
PLTb,1,3,4,0.25
PLTl,3,1,4,0.75
PLTm,4,2,6,0.67
PLTn,2,2,4,0.5
PLTs,3,5,8,0.38
PLbB,28,17,45,0.62
PLbD,1,2,3,0.33
PLbH,5,4,9,0.56
PLbI,3,3,6,0.5
PLbJ,5,4,9,0.56
PLbK,1,2,3,0.33
PLbL,8,11,19,0.42
PLbM,24,20,44,0.55
PLbN,28,23,51,0.55
PLbP,30,37,67,0.45
PLbS,17,14,31,0.55
PLbb,30,22,52,0.58
PLbl,17,4,21,0.81
PLbm,20,16,36,0.56
PLbn,27,22,49,0.55
PLbs,22,14,36,0.61
PLhB,15,10,25,0.6
PLhD,1,0,1,1.0
PLhH,1,0,1,1.0
PLhL,2,1,3,0.67
PLhM,12,14,26,0.46
PLhN,3,8,11,0.27
PLhP,12,13,25,0.48
PLhS,10,5,15,0.67
PLhT,3,0,3,1.0
PLhb,14,6,20,0.7
PLhh,8,8,16,0.5
PLhl,5,4,9,0.56
PLhm,15,8,23,0.65
PLhn,3,12,15,0.2
PLhs,12,10,22,0.55
PLjB,7,8,15,0.47
PLjH,0,2,2,0.0
PLjI,1,0,1,1.0
PLjL,6,6,12,0.5
PLjM,4,11,15,0.27
PLjN,12,9,21,0.57
PLjP,14,20,34,0.41
PLjS,4,7,11,0.36
PLjT,1,0,1,1.0
PLjb,11,8,19,0.58
PLjh,4,6,10,0.4
PLjl,5,3,8,0.62
PLjm,8,9,17,0.47
PLjn,6,10,16,0.38
PLjs,4,3,7,0.57
PLlB,9,11,20,0.45
PLlD,1,1,2,0.5
PLlH,12,4,16,0.75
PLlI,0,0,0,
PLlJ,3,2,5,0.6
PLlK,1,0,1,1.0
PLlL,7,10,17,0.41
PLlM,17,17,34,0.5
PLlN,15,8,23,0.65
PLlP,16,23,39,0.41
PLlS,12,10,22,0.55
PLlb,21,12,33,0.64
PLll,5,10,15,0.33
PLlm,11,11,22,0.5
PLln,9,13,22,0.41
PLls,10,12,22,0.45
PLmB,16,17,33,0.48
PLmD,9,3,12,0.75
PLmH,15,17,32,0.47
PLmI,1,3,4,0.25
PLmJ,6,3,9,0.67
PLmL,9,8,17,0.53
PLmM,25,30,55,0.45
PLmN,24,28,52,0.46
PLmP,32,27,59,0.54
PLmS,19,21,40,0.48
PLmb,15,27,42,0.36
PLml,15,12,27,0.56
PLmm,15,13,28,0.54
PLmn,27,15,42,0.64
PLms,7,13,20,0.35
PLnB,22,20,42,0.52
PLnD,3,3,6,0.5
PLnH,6,10,16,0.38
PLnI,4,2,6,0.67
PLnK,1,1,2,0.5
PLnL,10,13,23,0.43
PLnM,29,28,57,0.51
PLnN,30,28,58,0.52
PLnP,56,36,92,0.61
PLnS,28,23,51,0.55
PLnb,29,29,58,0.5
PLnh,1,0,1,1.0
PLnl,19,15,34,0.56
PLnm,19,21,40,0.48
PLnn,31,30,61,0.51
PLns,18,28,46,0.39
PLsB,10,12,22,0.45
PLsD,3,2,5,0.6
PLsH,10,6,16,0.62
PLsI,2,1,3,0.67
PLsK,0,1,1,0.0
PLsL,7,5,12,0.58
PLsM,17,14,31,0.55
PLsN,13,13,26,0.5
PLsP,22,20,42,0.52
PLsS,18,16,34,0.53
PLsT,1,0,1,1.0
PLsb,8,8,16,0.5
PLsh,0,1,1,0.0
PLsl,7,8,15,0.47
PLsm,13,13,26,0.5
PLsn,15,11,26,0.58
PLss,10,11,21,0.48
PMBB,56,46,102,0.55
PMBD,3,2,5,0.6
PMBH,1,0,1,1.0
PMBK,4,0,4,1.0
PMBL,18,15,33,0.55
PMBM,34,44,78,0.44
PMBN,59,49,108,0.55
PMBP,50,70,120,0.42
PMBS,19,23,42,0.45
PMBT,2,7,9,0.22
PMBb,60,54,114,0.53
PMBh,7,10,17,0.41
PMBj,13,12,25,0.52
PMBl,16,23,39,0.41
PMBm,48,37,85,0.56
PMBn,59,39,98,0.6
PMBs,18,22,40,0.45
PMDB,9,5,14,0.64
PMDD,0,2,2,0.0
PMDH,2,1,3,0.67
PMDI,0,0,0,
PMDM,2,8,10,0.2
PMDN,5,7,12,0.42
PMDP,10,4,14,0.71
PMDS,7,7,14,0.5
PMDb,4,10,14,0.29
PMDl,0,3,3,0.0
PMDm,10,6,16,0.62
PMDn,7,6,13,0.54
PMDs,2,4,6,0.33
PMHB,1,0,1,1.0
PMHL,0,1,1,0.0
PMHM,1,0,1,1.0
PMHP,2,0,2,1.0
PMHS,2,0,2,1.0
PMHn,1,0,1,1.0
PMHs,0,0,0,
PMIM,0,1,1,0.0
PMIn,0,1,1,0.0
PMKB,1,1,2,0.5
PMKL,0,1,1,0.0
PMKM,0,1,1,0.0
PMKP,1,1,2,0.5
PMKS,0,1,1,0.0
PMKh,1,0,1,1.0
PMKm,1,0,1,1.0
PMKn,1,1,2,0.5
PMLB,20,19,39,0.51
PMLD,2,1,3,0.67
PMLH,1,0,1,1.0
PMLK,1,0,1,1.0
PMLL,6,6,12,0.5
PMLM,11,19,30,0.37
PMLN,24,20,44,0.55
PMLP,21,22,43,0.49
PMLS,7,16,23,0.3
PMLT,0,2,2,0.0
PMLb,18,18,36,0.5
PMLh,7,11,18,0.39
PMLj,11,4,15,0.73
PMLl,15,5,20,0.75
PMLm,18,17,35,0.51
PMLn,20,23,43,0.47
PMLs,10,13,23,0.43
PMMB,40,50,90,0.44
PMMD,4,4,8,0.5
PMMH,0,1,1,0.0
PMMK,2,0,2,1.0
PMML,15,13,28,0.54
PMMM,40,37,77,0.52
PMMN,32,49,81,0.4
PMMP,59,74,133,0.44
PMMS,32,30,62,0.52
PMMT,5,5,10,0.5
PMMb,57,41,98,0.58
PMMh,32,46,78,0.41
PMMj,15,20,35,0.43
PMMl,16,21,37,0.43
PMMm,41,29,70,0.59
PMMn,61,56,117,0.52
PMMs,39,38,77,0.51
PMNB,44,35,79,0.56
PMND,4,4,8,0.5
PMNH,6,6,12,0.5
PMNI,0,1,1,0.0
PMNK,3,6,9,0.33
PMNL,10,19,29,0.34
PMNM,30,45,75,0.4
PMNN,59,44,103,0.57
PMNP,78,72,150,0.52
PMNS,25,34,59,0.42
PMNT,7,13,20,0.35
PMNb,41,30,71,0.58
PMNh,17,16,33,0.52
PMNl,31,18,49,0.63
PMNm,30,24,54,0.56
PMNn,65,46,111,0.59
PMNs,22,33,55,0.4
PMPB,62,50,112,0.55
PMPD,6,3,9,0.67
PMPH,14,24,38,0.37
PMPI,3,3,6,0.5
PMPK,8,12,20,0.4
PMPL,24,25,49,0.49
PMPM,65,70,135,0.48
PMPN,69,71,140,0.49
PMPP,99,113,212,0.47
PMPS,37,52,89,0.42
PMPT,8,4,12,0.67
PMPb,58,55,113,0.51
PMPh,4,5,9,0.44
PMPl,37,40,77,0.48
PMPm,74,71,145,0.51
PMPn,71,49,120,0.59
PMPs,55,42,97,0.57
PMSB,25,29,54,0.46
PMSD,5,1,6,0.83
PMSH,6,15,21,0.29
PMSI,1,1,2,0.5
PMSK,0,2,2,0.0
PMSL,8,6,14,0.57
PMSM,22,35,57,0.39
PMSN,31,28,59,0.53
PMSP,30,47,77,0.39
PMSS,26,32,58,0.45
PMST,9,2,11,0.82
PMSb,20,29,49,0.41
PMSh,17,21,38,0.45
PMSl,16,20,36,0.44
PMSm,41,22,63,0.65
PMSn,35,26,61,0.57
PMSs,33,32,65,0.51
PMTB,5,8,13,0.38
PMTD,3,0,3,1.0
PMTH,1,3,4,0.25
PMTL,0,2,2,0.0
PMTM,7,5,12,0.58
PMTN,7,5,12,0.58
PMTP,6,10,16,0.38
PMTS,6,3,9,0.67
PMTT,1,1,2,0.5
PMTb,6,4,10,0.6
PMTh,1,0,1,1.0
PMTl,3,1,4,0.75
PMTm,3,5,8,0.38
PMTn,4,7,11,0.36
PMTs,3,3,6,0.5
PMbB,51,41,92,0.55
PMbD,5,2,7,0.71
PMbH,21,23,44,0.48
PMbI,2,2,4,0.5
PMbJ,16,11,27,0.59
PMbK,6,9,15,0.4
PMbL,21,20,41,0.51
PMbM,53,70,123,0.43
PMbN,70,70,140,0.5
PMbP,80,64,144,0.56
PMbS,28,33,61,0.46
PMbb,92,57,149,0.62
PMbl,18,24,42,0.43
PMbm,50,36,86,0.58
PMbn,55,71,126,0.44
PMbs,31,21,52,0.6
PMhB,31,35,66,0.47
PMhD,0,2,2,0.0
PMhH,8,13,21,0.38
PMhI,3,4,7,0.43
PMhK,1,0,1,1.0
PMhL,16,16,32,0.5
PMhM,37,40,77,0.48
PMhN,31,41,72,0.43
PMhP,56,56,112,0.5
PMhS,36,31,67,0.54
PMhT,5,5,10,0.5
PMhb,27,36,63,0.43
PMhh,39,40,79,0.49
PMhl,32,25,57,0.56
PMhm,42,38,80,0.52
PMhn,50,37,87,0.57
PMhs,29,22,51,0.57
PMjB,11,12,23,0.48
PMjD,1,0,1,1.0
PMjH,2,5,7,0.29
PMjI,1,0,1,1.0
PMjK,2,1,3,0.67
PMjL,6,8,14,0.43
PMjM,8,7,15,0.53
PMjN,10,17,27,0.37
PMjP,16,20,36,0.44
PMjS,10,9,19,0.53
PMjT,6,1,7,0.86
PMjb,19,11,30,0.63
PMjh,4,3,7,0.57
PMjl,9,10,19,0.47
PMjm,14,15,29,0.48
PMjn,11,11,22,0.5
PMjs,10,8,18,0.56
PMlB,24,11,35,0.69
PMlD,5,0,5,1.0
PMlH,14,19,33,0.42
PMlI,4,2,6,0.67
PMlJ,2,8,10,0.2
PMlK,1,1,2,0.5
PMlL,15,10,25,0.6
PMlM,22,31,53,0.42
PMlN,30,35,65,0.46
PMlP,33,38,71,0.46
PMlS,17,24,41,0.41
PMlb,26,15,41,0.63
PMll,17,11,28,0.61
PMlm,34,16,50,0.68
PMln,15,21,36,0.42
PMls,16,13,29,0.55
PMmB,30,38,68,0.44
PMmD,7,3,10,0.7
PMmH,42,33,75,0.56
PMmI,3,3,6,0.5
PMmJ,10,8,18,0.56
PMmK,1,0,1,1.0
PMmL,15,25,40,0.38
PMmM,53,66,119,0.45
PMmN,48,55,103,0.47
PMmP,79,64,143,0.55
PMmS,42,48,90,0.47
PMmb,42,39,81,0.52
PMmh,0,1,1,0.0
PMml,10,10,20,0.5
PMmm,45,51,96,0.47
PMmn,36,54,90,0.4
PMms,29,30,59,0.49
PMnB,42,50,92,0.46
PMnD,6,6,12,0.5
PMnH,31,28,59,0.53
PMnI,12,12,24,0.5
PMnK,4,4,8,0.5
PMnL,22,25,47,0.47
PMnM,49,60,109,0.45
PMnN,72,85,157,0.46
PMnP,98,109,207,0.47
PMnS,44,51,95,0.46
PMnb,56,62,118,0.47
PMnh,1,2,3,0.33
PMnl,20,23,43,0.47
PMnm,53,56,109,0.49
PMnn,70,78,148,0.47
PMns,46,37,83,0.55
PMsB,16,19,35,0.46
PMsD,5,3,8,0.62
PMsH,36,38,74,0.49
PMsI,1,4,5,0.2
PMsK,2,1,3,0.67
PMsL,12,8,20,0.6
PMsM,28,30,58,0.48
PMsN,39,38,77,0.51
PMsP,39,53,92,0.42
PMsS,25,40,65,0.38
PMsT,0,1,1,0.0
PMsb,27,29,56,0.48
PMsh,3,4,7,0.43
PMsl,13,13,26,0.5
PMsm,38,24,62,0.61
PMsn,27,34,61,0.44
PMss,33,21,54,0.61
PNBB,44,52,96,0.46
PNBD,3,4,7,0.43
PNBK,1,1,2,0.5
PNBL,10,21,31,0.32
PNBM,28,40,68,0.41
PNBN,40,57,97,0.41
PNBP,59,70,129,0.46
PNBS,20,24,44,0.45
PNBT,6,4,10,0.6
PNBb,32,41,73,0.44
PNBh,4,2,6,0.67
PNBj,10,16,26,0.38
PNBl,29,16,45,0.64
PNBm,54,34,88,0.61
PNBn,55,48,103,0.53
PNBs,22,23,45,0.49
PNDB,3,0,3,1.0
PNDD,0,0,0,
PNDH,1,5,6,0.17
PNDI,0,2,2,0.0
PNDL,0,3,3,0.0
PNDM,9,8,17,0.53
PNDN,2,5,7,0.29
PNDP,7,6,13,0.54
PNDS,8,6,14,0.57
PNDT,1,0,1,1.0
PNDb,6,5,11,0.55
PNDh,1,0,1,1.0
PNDl,5,3,8,0.62
PNDm,6,8,14,0.43
PNDn,3,3,6,0.5
PNDs,2,4,6,0.33
PNHB,9,4,13,0.69
PNHD,1,1,2,0.5
PNHI,0,2,2,0.0
PNHK,2,0,2,1.0
PNHL,5,6,11,0.45
PNHM,6,6,12,0.5
PNHN,11,8,19,0.58
PNHP,12,12,24,0.5
PNHS,5,4,9,0.56
PNHb,5,7,12,0.42
PNHh,2,0,2,1.0
PNHl,3,4,7,0.43
PNHm,6,9,15,0.4
PNHn,9,11,20,0.45
PNHs,5,8,13,0.38
PNIS,1,0,1,1.0
PNIb,1,0,1,1.0
PNIm,0,1,1,0.0
PNIn,0,0,0,
PNKB,4,3,7,0.57
PNKD,0,1,1,0.0
PNKH,0,2,2,0.0
PNKI,0,2,2,0.0
PNKK,0,0,0,
PNKL,1,2,3,0.33
PNKM,2,6,8,0.25
PNKN,6,6,12,0.5
PNKP,5,10,15,0.33
PNKS,5,1,6,0.83
PNKT,0,2,2,0.0
PNKb,4,1,5,0.8
PNKh,6,3,9,0.67
PNKl,0,1,1,0.0
PNKm,6,3,9,0.67
PNKn,1,4,5,0.2
PNKs,4,0,4,1.0
PNLB,11,20,31,0.35
PNLD,0,2,2,0.0
PNLH,1,2,3,0.33
PNLK,1,2,3,0.33
PNLL,11,9,20,0.55
PNLM,14,18,32,0.44
PNLN,24,24,48,0.5
PNLP,23,39,62,0.37
PNLS,12,18,30,0.4
PNLT,1,2,3,0.33
PNLb,24,20,44,0.55
PNLh,10,13,23,0.43
PNLj,4,11,15,0.27
PNLl,14,16,30,0.47
PNLm,24,17,41,0.59
PNLn,24,30,54,0.44
PNLs,11,12,23,0.48
PNMB,43,50,93,0.46
PNMD,9,5,14,0.64
PNMK,0,1,1,0.0
PNML,24,13,37,0.65
PNMM,38,56,94,0.4
PNMN,48,47,95,0.51
PNMP,66,57,123,0.54
PNMS,26,36,62,0.42
PNMT,5,3,8,0.62
PNMb,52,58,110,0.47
PNMh,43,51,94,0.46
PNMj,14,17,31,0.45
PNMl,21,16,37,0.57
PNMm,56,33,89,0.63
PNMn,69,79,148,0.47
PNMs,39,33,72,0.54
PNNB,34,48,82,0.41
PNND,8,5,13,0.62
PNNH,7,5,12,0.58
PNNK,3,9,12,0.25
PNNL,27,27,54,0.5
PNNM,46,51,97,0.47
PNNN,64,60,124,0.52
PNNP,77,82,159,0.48
PNNS,42,42,84,0.5
PNNT,11,12,23,0.48
PNNb,51,41,92,0.55
PNNh,18,19,37,0.49
PNNl,27,21,48,0.56
PNNm,50,34,84,0.6
PNNn,74,66,140,0.53
PNNs,57,43,100,0.57
PNPB,50,76,126,0.4
PNPD,6,10,16,0.38
PNPH,19,21,40,0.48
PNPI,12,8,20,0.6
PNPK,8,10,18,0.44
PNPL,44,51,95,0.46
PNPM,90,67,157,0.57
PNPN,82,86,168,0.49
PNPP,120,145,265,0.45
PNPS,66,64,130,0.51
PNPT,10,9,19,0.53
PNPb,72,90,162,0.44
PNPh,11,8,19,0.58
PNPl,55,47,102,0.54
PNPm,84,64,148,0.57
PNPn,81,71,152,0.53
PNPs,70,62,132,0.53
PNSB,22,25,47,0.47
PNSD,6,1,7,0.86
PNSH,12,15,27,0.44
PNSI,1,0,1,1.0
PNSK,0,1,1,0.0
PNSL,13,18,31,0.42
PNSM,29,48,77,0.38
PNSN,30,35,65,0.46
PNSP,36,73,109,0.33
PNSS,38,35,73,0.52
PNST,5,8,13,0.38
PNSb,40,22,62,0.65
PNSh,24,41,65,0.37
PNSl,14,28,42,0.33
PNSm,48,33,81,0.59
PNSn,50,25,75,0.67
PNSs,49,34,83,0.59
PNTB,7,6,13,0.54
PNTD,0,2,2,0.0
PNTH,2,4,6,0.33
PNTK,0,1,1,0.0
PNTL,1,2,3,0.33
PNTM,8,12,20,0.4
PNTN,7,12,19,0.37
PNTP,17,14,31,0.55
PNTS,7,8,15,0.47
PNTT,2,2,4,0.5
PNTb,8,11,19,0.42
PNTl,5,4,9,0.56
PNTm,14,4,18,0.78
PNTn,10,15,25,0.4
PNTs,8,3,11,0.73
PNbB,37,52,89,0.42
PNbD,4,5,9,0.44
PNbH,9,19,28,0.32
PNbI,2,2,4,0.5
PNbJ,11,12,23,0.48
PNbK,6,6,12,0.5
PNbL,26,18,44,0.59
PNbM,40,58,98,0.41
PNbN,53,54,107,0.5
PNbP,67,77,144,0.47
PNbS,34,38,72,0.47
PNbT,1,1,2,0.5
PNbb,76,43,119,0.64
PNbh,0,1,1,0.0
PNbl,26,17,43,0.6
PNbm,46,39,85,0.54
PNbn,38,43,81,0.47
PNbs,29,33,62,0.47
PNhB,15,16,31,0.48
PNhD,1,2,3,0.33
PNhH,5,3,8,0.62
PNhI,1,2,3,0.33
PNhK,0,1,1,0.0
PNhL,11,7,18,0.61
PNhM,25,25,50,0.5
PNhN,16,17,33,0.48
PNhP,31,25,56,0.55
PNhS,27,19,46,0.59
PNhT,2,0,2,1.0
PNhb,10,20,30,0.33
PNhh,15,15,30,0.5
PNhl,11,12,23,0.48
PNhm,21,12,33,0.64
PNhn,20,26,46,0.43
PNhs,21,16,37,0.57
PNlB,23,17,40,0.57
PNlD,0,2,2,0.0
PNlH,16,20,36,0.44
PNlI,3,2,5,0.6
PNlJ,3,6,9,0.33
PNlK,1,0,1,1.0
PNlL,10,14,24,0.42
PNlM,19,35,54,0.35
PNlN,24,24,48,0.5
PNlP,31,37,68,0.46
PNlS,19,21,40,0.48
PNlb,24,19,43,0.56
PNll,13,12,25,0.52
PNlm,25,24,49,0.51
PNln,23,32,55,0.42
PNls,14,14,28,0.5
PNmB,49,30,79,0.62
PNmD,9,10,19,0.47
PNmH,22,38,60,0.37
PNmI,4,2,6,0.67
PNmJ,9,16,25,0.36
PNmK,0,1,1,0.0
PNmL,28,18,46,0.61
PNmM,44,51,95,0.46
PNmN,67,54,121,0.55
PNmP,51,59,110,0.46
PNmS,37,39,76,0.49
PNmb,39,53,92,0.42
PNml,15,10,25,0.6
PNmm,33,37,70,0.47
PNmn,55,47,102,0.54
PNms,26,25,51,0.51
PNnB,43,50,93,0.46
PNnD,7,6,13,0.54
PNnH,26,33,59,0.44
PNnI,10,6,16,0.62
PNnK,5,4,9,0.56
PNnL,22,28,50,0.44
PNnM,73,79,152,0.48
PNnN,89,71,160,0.56
PNnP,111,114,225,0.49
PNnS,52,54,106,0.49
PNnT,0,0,0,
PNnb,52,50,102,0.51
PNnh,2,4,6,0.33
PNnl,31,35,66,0.47
PNnm,76,35,111,0.68
PNnn,72,74,146,0.49
PNns,49,48,97,0.51
PNsB,18,18,36,0.5
PNsD,3,1,4,0.75
PNsH,39,34,73,0.53
PNsI,2,5,7,0.29
PNsK,2,2,4,0.5
PNsL,12,17,29,0.41
PNsM,34,51,85,0.4
PNsN,38,38,76,0.5
PNsP,52,68,120,0.43
PNsS,40,39,79,0.51
PNsT,1,0,1,1.0
PNsb,27,32,59,0.46
PNsh,1,3,4,0.25
PNsl,13,16,29,0.45
PNsm,36,35,71,0.51
PNsn,23,32,55,0.42
PNss,42,42,84,0.5
PPBB,63,75,138,0.46
PPBD,7,1,8,0.88
PPBK,6,7,13,0.46
PPBL,42,40,82,0.51
PPBM,56,73,129,0.43
PPBN,47,69,116,0.41
PPBP,89,123,212,0.42
PPBS,30,43,73,0.41
PPBT,9,8,17,0.53
PPBb,75,77,152,0.49
PPBh,11,6,17,0.65
PPBj,31,34,65,0.48
PPBl,45,40,85,0.53
PPBm,66,65,131,0.5
PPBn,81,71,152,0.53
PPBs,27,42,69,0.39
PPDB,5,4,9,0.56
PPDD,3,3,6,0.5
PPDH,3,7,10,0.3
PPDI,0,1,1,0.0
PPDL,5,3,8,0.62
PPDM,12,15,27,0.44
PPDN,7,7,14,0.5
PPDP,12,7,19,0.63
PPDS,5,9,14,0.36
PPDT,2,3,5,0.4
PPDb,4,7,11,0.36
PPDl,0,4,4,0.0
PPDm,6,5,11,0.55
PPDn,6,5,11,0.55
PPDs,4,4,8,0.5
PPHB,10,17,27,0.37
PPHD,2,1,3,0.67
PPHH,10,3,13,0.77
PPHI,4,2,6,0.67
PPHK,0,1,1,0.0
PPHL,7,5,12,0.58
PPHM,23,25,48,0.48
PPHN,22,18,40,0.55
PPHP,26,19,45,0.58
PPHS,14,20,34,0.41
PPHT,2,2,4,0.5
PPHb,25,15,40,0.62
PPHh,3,12,15,0.2
PPHl,13,16,29,0.45
PPHm,20,14,34,0.59
PPHn,14,17,31,0.45
PPHs,19,12,31,0.61
PPIB,6,11,17,0.35
PPID,1,1,2,0.5
PPIH,5,4,9,0.56
PPII,2,1,3,0.67
PPIL,4,1,5,0.8
PPIM,3,7,10,0.3
PPIN,4,4,8,0.5
PPIP,13,11,24,0.54
PPIS,7,11,18,0.39
PPIT,0,1,1,0.0
PPIb,10,8,18,0.56
PPIh,1,0,1,1.0
PPIl,1,5,6,0.17
PPIm,5,4,9,0.56
PPIn,3,7,10,0.3
PPIs,0,1,1,0.0
PPKB,3,5,8,0.38
PPKD,0,0,0,
PPKH,2,1,3,0.67
PPKI,1,1,2,0.5
PPKK,1,0,1,1.0
PPKL,5,4,9,0.56
PPKM,14,12,26,0.54
PPKN,2,6,8,0.25
PPKP,13,9,22,0.59
PPKS,2,8,10,0.2
PPKT,2,2,4,0.5
PPKb,8,8,16,0.5
PPKh,4,8,12,0.33
PPKl,5,3,8,0.62
PPKm,7,5,12,0.58
PPKn,9,5,14,0.64
PPKs,5,5,10,0.5
PPLB,37,44,81,0.46
PPLD,4,3,7,0.57
PPLH,0,1,1,0.0
PPLK,0,5,5,0.0
PPLL,26,23,49,0.53
PPLM,42,58,100,0.42
PPLN,34,30,64,0.53
PPLP,69,68,137,0.5
PPLS,34,41,75,0.45
PPLT,5,4,9,0.56
PPLb,55,45,100,0.55
PPLh,10,15,25,0.4
PPLj,21,14,35,0.6
PPLl,28,26,54,0.52
PPLm,49,36,85,0.58
PPLn,60,44,104,0.58
PPLs,32,32,64,0.5
PPMB,79,76,155,0.51
PPMD,7,10,17,0.41
PPMH,0,0,0,
PPMK,1,0,1,1.0
PPML,43,40,83,0.52
PPMM,89,70,159,0.56
PPMN,75,47,122,0.61
PPMP,119,108,227,0.52
PPMS,52,50,102,0.51
PPMT,7,9,16,0.44
PPMb,113,99,212,0.53
PPMh,47,71,118,0.4
PPMj,24,29,53,0.45
PPMl,48,43,91,0.53
PPMm,87,68,155,0.56
PPMn,97,82,179,0.54
PPMs,62,64,126,0.49
PPNB,60,70,130,0.46
PPND,7,7,14,0.5
PPNH,4,8,12,0.33
PPNI,0,2,2,0.0
PPNK,3,2,5,0.6
PPNL,35,40,75,0.47
PPNM,78,95,173,0.45
PPNN,66,55,121,0.55
PPNP,122,141,263,0.46
PPNS,45,59,104,0.43
PPNT,12,18,30,0.4
PPNb,75,70,145,0.52
PPNh,25,27,52,0.48
PPNl,41,48,89,0.46
PPNm,74,56,130,0.57
PPNn,71,84,155,0.46
PPNs,48,58,106,0.45
PPPB,109,123,232,0.47
PPPD,13,8,21,0.62
PPPH,33,30,63,0.52
PPPI,9,3,12,0.75
PPPK,10,11,21,0.48
PPPL,80,92,172,0.47
PPPM,123,179,302,0.41
PPPN,113,100,213,0.53
PPPP,202,212,414,0.49
PPPS,100,110,210,0.48
PPPT,14,10,24,0.58
PPPb,148,141,289,0.51
PPPh,11,21,32,0.34
PPPl,88,75,163,0.54
PPPm,148,96,244,0.61
PPPn,133,117,250,0.53
PPPs,84,75,159,0.53
PPSB,41,44,85,0.48
PPSD,3,6,9,0.33
PPSH,20,21,41,0.49
PPSI,2,0,2,1.0
PPSK,3,3,6,0.5
PPSL,23,44,67,0.34
PPSM,57,76,133,0.43
PPSN,50,54,104,0.48
PPSP,74,80,154,0.48
PPSS,64,67,131,0.49
PPST,10,2,12,0.83
PPSb,72,62,134,0.54
PPSh,38,34,72,0.53
PPSl,41,49,90,0.46
PPSm,69,52,121,0.57
PPSn,64,43,107,0.6
PPSs,65,61,126,0.52
PPTB,5,6,11,0.45
PPTD,0,2,2,0.0
PPTH,7,2,9,0.78
PPTK,1,0,1,1.0
PPTL,1,5,6,0.17
PPTM,8,16,24,0.33
PPTN,0,11,11,0.0
PPTP,7,19,26,0.27
PPTS,12,10,22,0.55
PPTT,1,1,2,0.5
PPTb,13,12,25,0.52
PPTl,4,5,9,0.44
PPTm,11,7,18,0.61
PPTn,8,4,12,0.67
PPTs,10,2,12,0.83
PPbB,77,96,173,0.45
PPbD,9,7,16,0.56
PPbH,24,22,46,0.52
PPbI,10,3,13,0.77
PPbJ,23,27,50,0.46
PPbK,5,8,13,0.38
PPbL,41,44,85,0.48
PPbM,85,106,191,0.45
PPbN,84,78,162,0.52
PPbP,117,112,229,0.51
PPbS,53,54,107,0.5
PPbb,100,89,189,0.53
PPbh,2,0,2,1.0
PPbl,50,44,94,0.53
PPbm,84,76,160,0.52
PPbn,67,67,134,0.5
PPbs,36,31,67,0.54
PPhB,6,8,14,0.43
PPhD,1,0,1,1.0
PPhH,0,1,1,0.0
PPhI,0,1,1,0.0
PPhK,1,0,1,1.0
PPhL,5,5,10,0.5
PPhM,14,6,20,0.7
PPhN,6,4,10,0.6
PPhP,13,16,29,0.45
PPhS,6,4,10,0.6
PPhT,1,0,1,1.0
PPhb,9,8,17,0.53
PPhh,12,6,18,0.67
PPhl,10,5,15,0.67
PPhm,16,7,23,0.7
PPhn,14,6,20,0.7
PPhs,8,7,15,0.53
PPlB,44,41,85,0.52
PPlD,3,3,6,0.5
PPlH,26,30,56,0.46
PPlI,3,3,6,0.5
PPlJ,10,14,24,0.42
PPlK,2,4,6,0.33
PPlL,32,22,54,0.59
PPlM,49,55,104,0.47
PPlN,48,46,94,0.51
PPlP,69,71,140,0.49
PPlS,41,33,74,0.55
PPlb,44,50,94,0.47
PPlh,0,2,2,0.0
PPll,37,21,58,0.64
PPlm,34,33,67,0.51
PPln,30,27,57,0.53
PPls,32,27,59,0.54
PPmB,65,70,135,0.48
PPmD,14,10,24,0.58
PPmH,63,46,109,0.58
PPmI,7,4,11,0.64
PPmJ,12,14,26,0.46
PPmK,0,2,2,0.0
PPmL,44,40,84,0.52
PPmM,99,96,195,0.51
PPmN,69,51,120,0.57
PPmP,101,97,198,0.51
PPmS,52,47,99,0.53
PPmT,1,0,1,1.0
PPmb,74,86,160,0.46
PPml,42,30,72,0.58
PPmm,69,51,120,0.57
PPmn,57,46,103,0.55
PPms,50,41,91,0.55
PPnB,60,56,116,0.52
PPnD,5,7,12,0.42
PPnH,27,24,51,0.53
PPnI,5,10,15,0.33
PPnK,6,6,12,0.5
PPnL,34,35,69,0.49
PPnM,61,84,145,0.42
PPnN,99,74,173,0.57
PPnP,121,107,228,0.53
PPnS,64,64,128,0.5
PPnT,0,1,1,0.0
PPnb,77,66,143,0.54
PPnh,4,4,8,0.5
PPnl,47,34,81,0.58
PPnm,52,59,111,0.47
PPnn,64,62,126,0.51
PPns,48,58,106,0.45
PPsB,44,41,85,0.52
PPsD,5,7,12,0.42
PPsH,49,41,90,0.54
PPsI,5,3,8,0.62
PPsK,5,1,6,0.83
PPsL,22,30,52,0.42
PPsM,44,63,107,0.41
PPsN,53,30,83,0.64
PPsP,91,84,175,0.52
PPsS,65,66,131,0.5
PPsT,1,0,1,1.0
PPsb,57,63,120,0.48
PPsh,5,5,10,0.5
PPsl,35,30,65,0.54
PPsm,52,31,83,0.63
PPsn,36,44,80,0.45
PPss,46,48,94,0.49
PSBB,23,22,45,0.51
PSBD,3,4,7,0.43
PSBK,2,2,4,0.5
PSBL,14,12,26,0.54
PSBM,21,28,49,0.43
PSBN,22,34,56,0.39
PSBP,25,26,51,0.49
PSBS,12,24,36,0.33
PSBT,3,1,4,0.75
PSBb,36,29,65,0.55
PSBh,4,0,4,1.0
PSBj,13,10,23,0.57
PSBl,15,15,30,0.5
PSBm,41,11,52,0.79
PSBn,43,41,84,0.51
PSBs,15,21,36,0.42
PSDB,5,4,9,0.56
PSDD,0,1,1,0.0
PSDH,3,4,7,0.43
PSDI,1,0,1,1.0
PSDL,1,2,3,0.33
PSDM,2,8,10,0.2
PSDN,3,4,7,0.43
PSDP,2,6,8,0.25
PSDS,4,4,8,0.5
PSDT,0,1,1,0.0
PSDb,10,2,12,0.83
PSDl,0,1,1,0.0
PSDm,5,3,8,0.62
PSDn,5,2,7,0.71
PSDs,4,2,6,0.67
PSHB,4,8,12,0.33
PSHD,1,0,1,1.0
PSHH,2,6,8,0.25
PSHI,7,3,10,0.7
PSHK,1,1,2,0.5
PSHL,6,8,14,0.43
PSHM,17,14,31,0.55
PSHN,13,14,27,0.48
PSHP,11,16,27,0.41
PSHS,11,12,23,0.48
PSHT,0,1,1,0.0
PSHb,9,17,26,0.35
PSHh,5,5,10,0.5
PSHl,5,7,12,0.42
PSHm,19,17,36,0.53
PSHn,18,7,25,0.72
PSHs,16,18,34,0.47
PSIB,1,0,1,1.0
PSIH,0,1,1,0.0
PSII,1,1,2,0.5
PSIL,0,1,1,0.0
PSIM,0,1,1,0.0
PSIS,1,2,3,0.33
PSIb,0,0,0,
PSIm,1,1,2,0.5
PSIn,1,0,1,1.0
PSIs,1,0,1,1.0
PSKB,1,1,2,0.5
PSKD,1,0,1,1.0
PSKH,1,0,1,1.0
PSKI,0,1,1,0.0
PSKK,0,1,1,0.0
PSKL,0,1,1,0.0
PSKM,0,0,0,
PSKN,0,0,0,
PSKP,1,0,1,1.0
PSKS,0,0,0,
PSKb,0,3,3,0.0
PSKh,2,2,4,0.5
PSKl,2,2,4,0.5
PSKm,2,2,4,0.5
PSKn,1,0,1,1.0
PSKs,1,1,2,0.5
PSLB,20,21,41,0.49
PSLD,1,0,1,1.0
PSLH,0,1,1,0.0
PSLK,1,1,2,0.5
PSLL,6,3,9,0.67
PSLM,13,25,38,0.34
PSLN,14,15,29,0.48
PSLP,27,30,57,0.47
PSLS,12,5,17,0.71
PSLT,1,5,6,0.17
PSLb,20,25,45,0.44
PSLh,2,8,10,0.2
PSLj,6,8,14,0.43
PSLl,8,6,14,0.57
PSLm,16,15,31,0.52
PSLn,15,24,39,0.38
PSLs,11,16,27,0.41
PSMB,32,31,63,0.51
PSMD,2,5,7,0.29
PSMH,1,1,2,0.5
PSMK,0,2,2,0.0
PSML,10,26,36,0.28
PSMM,38,41,79,0.48
PSMN,30,30,60,0.5
PSMP,51,49,100,0.51
PSMS,25,23,48,0.52
PSMT,2,4,6,0.33
PSMb,43,41,84,0.51
PSMh,31,36,67,0.46
PSMj,13,11,24,0.54
PSMl,27,17,44,0.61
PSMm,42,28,70,0.6
PSMn,40,48,88,0.45
PSMs,29,27,56,0.52
PSNB,24,20,44,0.55
PSND,5,2,7,0.71
PSNH,5,9,14,0.36
PSNK,1,6,7,0.14
PSNL,11,16,27,0.41
PSNM,41,32,73,0.56
PSNN,29,28,57,0.51
PSNP,53,49,102,0.52
PSNS,18,21,39,0.46
PSNT,8,2,10,0.8
PSNb,37,28,65,0.57
PSNh,12,7,19,0.63
PSNl,15,20,35,0.43
PSNm,32,22,54,0.59
PSNn,45,42,87,0.52
PSNs,17,23,40,0.42
PSPB,46,45,91,0.51
PSPD,6,2,8,0.75
PSPH,18,11,29,0.62
PSPI,6,6,12,0.5
PSPK,4,2,6,0.67
PSPL,31,26,57,0.54
PSPM,46,62,108,0.43
PSPN,50,46,96,0.52
PSPP,92,66,158,0.58
PSPS,45,48,93,0.48
PSPT,8,6,14,0.57
PSPb,53,52,105,0.5
PSPh,5,8,13,0.38
PSPl,39,23,62,0.63
PSPm,48,43,91,0.53
PSPn,41,48,89,0.46
PSPs,37,47,84,0.44
PSSB,26,21,47,0.55
PSSD,3,2,5,0.6
PSSH,12,23,35,0.34
PSSI,2,1,3,0.67
PSSK,1,4,5,0.2
PSSL,19,16,35,0.54
PSSM,31,46,77,0.4
PSSN,34,16,50,0.68
PSSP,46,45,91,0.51
PSSS,51,41,92,0.55
PSST,9,8,17,0.53
PSSb,36,21,57,0.63
PSSh,19,23,42,0.45
PSSl,20,23,43,0.47
PSSm,41,33,74,0.55
PSSn,47,36,83,0.57
PSSs,43,37,80,0.54
PSTB,3,5,8,0.38
PSTD,0,1,1,0.0
PSTH,2,8,10,0.2
PSTK,0,0,0,
PSTL,8,6,14,0.57
PSTM,7,9,16,0.44
PSTN,9,5,14,0.64
PSTP,14,9,23,0.61
PSTS,9,8,17,0.53
PSTT,1,2,3,0.33
PSTb,6,6,12,0.5
PSTh,0,1,1,0.0
PSTl,3,1,4,0.75
PSTm,6,4,10,0.6
PSTn,3,7,10,0.3
PSTs,4,6,10,0.4
PSbB,35,28,63,0.56
PSbD,3,4,7,0.43
PSbH,8,10,18,0.44
PSbI,3,0,3,1.0
PSbJ,14,11,25,0.56
PSbK,7,5,12,0.58
PSbL,20,14,34,0.59
PSbM,34,43,77,0.44
PSbN,45,40,85,0.53
PSbP,47,50,97,0.48
PSbS,24,34,58,0.41
PSbb,46,50,96,0.48
PSbh,0,2,2,0.0
PSbl,13,12,25,0.52
PSbm,34,17,51,0.67
PSbn,21,30,51,0.41
PSbs,21,15,36,0.58
PShB,20,17,37,0.54
PShD,2,0,2,1.0
PShH,6,10,16,0.38
PShI,1,2,3,0.33
PShK,1,0,1,1.0
PShL,8,9,17,0.47
PShM,21,20,41,0.51
PShN,10,20,30,0.33
PShP,27,37,64,0.42
PShS,29,22,51,0.57
PShT,0,1,1,0.0
PShb,28,22,50,0.56
PShh,16,25,41,0.39
PShl,10,20,30,0.33
PShm,28,18,46,0.61
PShn,23,16,39,0.59
PShs,25,25,50,0.5
PSlB,13,16,29,0.45
PSlD,1,2,3,0.33
PSlH,14,17,31,0.45
PSlI,1,1,2,0.5
PSlJ,6,3,9,0.67
PSlK,2,0,2,1.0
PSlL,13,12,25,0.52
PSlM,26,29,55,0.47
PSlN,20,17,37,0.54
PSlP,24,30,54,0.44
PSlS,15,22,37,0.41
PSlb,26,19,45,0.58
PSlh,1,0,1,1.0
PSll,11,7,18,0.61
PSlm,13,12,25,0.52
PSln,17,14,31,0.55
PSls,12,11,23,0.52
PSmB,34,19,53,0.64
PSmD,1,6,7,0.14
PSmH,31,31,62,0.5
PSmI,3,3,6,0.5
PSmJ,9,10,19,0.47
PSmL,11,20,31,0.35
PSmM,34,42,76,0.45
PSmN,46,35,81,0.57
PSmP,54,46,100,0.54
PSmS,21,23,44,0.48
PSmT,1,0,1,1.0
PSmb,40,31,71,0.56
PSml,19,12,31,0.61
PSmm,48,22,70,0.69
PSmn,23,23,46,0.5
PSms,23,22,45,0.51
PSnB,28,16,44,0.64
PSnD,5,4,9,0.56
PSnH,17,18,35,0.49
PSnI,2,5,7,0.29
PSnK,6,6,12,0.5
PSnL,8,20,28,0.29
PSnM,48,49,97,0.49
PSnN,46,35,81,0.57
PSnP,55,66,121,0.45
PSnS,45,40,85,0.53
PSnb,38,27,65,0.58
PSnh,1,2,3,0.33
PSnl,13,19,32,0.41
PSnm,31,27,58,0.53
PSnn,39,45,84,0.46
PSns,29,22,51,0.57
PSsB,18,22,40,0.45
PSsD,7,6,13,0.54
PSsH,24,33,57,0.42
PSsI,7,3,10,0.7
PSsK,1,2,3,0.33
PSsL,13,23,36,0.36
PSsM,31,39,70,0.44
PSsN,38,36,74,0.51
PSsP,41,40,81,0.51
PSsS,50,48,98,0.51
PSsT,1,0,1,1.0
PSsb,41,45,86,0.48
PSsh,0,1,1,0.0
PSsl,19,22,41,0.46
PSsm,40,26,66,0.61
PSsn,29,24,53,0.55
PSss,32,30,62,0.52
PTBB,3,4,7,0.43
PTBD,1,0,1,1.0
PTBL,4,4,8,0.5
PTBM,5,6,11,0.45
PTBN,4,3,7,0.57
PTBP,4,5,9,0.44
PTBS,1,2,3,0.33
PTBT,1,0,1,1.0
PTBb,1,5,6,0.17
PTBh,0,0,0,
PTBj,1,1,2,0.5
PTBl,2,1,3,0.67
PTBm,7,2,9,0.78
PTBn,6,3,9,0.67
PTBs,0,1,1,0.0
PTDB,0,1,1,0.0
PTDH,1,1,2,0.5
PTDM,0,1,1,0.0
PTDN,1,1,2,0.5
PTDP,1,0,1,1.0
PTDS,2,0,2,1.0
PTDl,0,2,2,0.0
PTDm,1,1,2,0.5
PTDn,2,0,2,1.0
PTDs,1,1,2,0.5
PTHB,2,1,3,0.67
PTHD,1,2,3,0.33
PTHH,1,2,3,0.33
PTHI,2,1,3,0.67
PTHL,1,1,2,0.5
PTHM,3,2,5,0.6
PTHN,4,5,9,0.44
PTHP,2,3,5,0.4
PTHS,0,1,1,0.0
PTHT,1,0,1,1.0
PTHb,0,2,2,0.0
PTHh,1,2,3,0.33
PTHl,3,6,9,0.33
PTHm,2,2,4,0.5
PTHn,3,6,9,0.33
PTHs,3,2,5,0.6
PTIP,0,0,0,
PTIS,0,2,2,0.0
PTIm,2,0,2,1.0
PTKM,2,2,4,0.5
PTKP,1,0,1,1.0
PTKS,0,2,2,0.0
PTKh,0,1,1,0.0
PTKl,1,0,1,1.0
PTKm,0,1,1,0.0
PTKs,1,0,1,1.0
PTLB,6,2,8,0.75
PTLL,3,0,3,1.0
PTLM,4,4,8,0.5
PTLN,3,2,5,0.6
PTLP,5,3,8,0.62
PTLS,0,2,2,0.0
PTLT,0,0,0,
PTLb,5,2,7,0.71
PTLh,2,2,4,0.5
PTLj,1,1,2,0.5
PTLl,2,3,5,0.4
PTLm,2,1,3,0.67
PTLn,7,0,7,1.0
PTLs,2,2,4,0.5
PTMB,4,8,12,0.33
PTMD,0,1,1,0.0
PTMK,0,0,0,
PTML,4,5,9,0.44
PTMM,4,4,8,0.5
PTMN,2,6,8,0.25
PTMP,9,8,17,0.53
PTMS,3,6,9,0.33
PTMT,1,1,2,0.5
PTMb,11,5,16,0.69
PTMh,4,4,8,0.5
PTMj,1,1,2,0.5
PTMl,7,6,13,0.54
PTMm,4,5,9,0.44
PTMn,10,7,17,0.59
PTMs,7,3,10,0.7
PTNB,6,4,10,0.6
PTNH,1,1,2,0.5
PTNL,2,1,3,0.67
PTNM,3,6,9,0.33
PTNN,4,6,10,0.4
PTNP,7,5,12,0.58
PTNS,3,2,5,0.6
PTNb,4,5,9,0.44
PTNh,1,1,2,0.5
PTNl,2,2,4,0.5
PTNm,5,4,9,0.56
PTNn,5,5,10,0.5
PTNs,3,7,10,0.3
PTPB,4,3,7,0.57
PTPD,1,1,2,0.5
PTPH,3,2,5,0.6
PTPI,0,1,1,0.0
PTPK,0,1,1,0.0
PTPL,4,3,7,0.57
PTPM,8,7,15,0.53
PTPN,6,5,11,0.55
PTPP,20,5,25,0.8
PTPS,10,7,17,0.59
PTPT,0,1,1,0.0
PTPb,9,5,14,0.64
PTPh,2,3,5,0.4
PTPl,7,6,13,0.54
PTPm,22,9,31,0.71
PTPn,4,6,10,0.4
PTPs,7,7,14,0.5
PTSB,2,5,7,0.29
PTSD,2,0,2,1.0
PTSH,2,3,5,0.4
PTSK,1,0,1,1.0
PTSL,1,2,3,0.33
PTSM,3,2,5,0.6
PTSN,4,3,7,0.57
PTSP,8,1,9,0.89
PTSS,8,8,16,0.5
PTST,1,0,1,1.0
PTSb,2,3,5,0.4
PTSh,3,1,4,0.75
PTSl,3,3,6,0.5
PTSm,9,6,15,0.6
PTSn,5,4,9,0.56
PTSs,7,6,13,0.54
PTTB,0,1,1,0.0
PTTD,0,0,0,
PTTH,1,0,1,1.0
PTTL,2,1,3,0.67
PTTM,2,1,3,0.67
PTTN,2,0,2,1.0
PTTS,4,0,4,1.0
PTTT,1,0,1,1.0
PTTb,0,1,1,0.0
PTTl,0,2,2,0.0
PTTn,2,0,2,1.0
PTbB,6,5,11,0.55
PTbH,3,1,4,0.75
PTbI,0,1,1,0.0
PTbJ,4,4,8,0.5
PTbL,4,5,9,0.44
PTbM,7,4,11,0.64
PTbN,5,13,18,0.28
PTbP,6,8,14,0.43
PTbS,5,5,10,0.5
PTbb,7,3,10,0.7
PTbl,3,4,7,0.43
PTbm,6,3,9,0.67
PTbn,2,6,8,0.25
PTbs,2,3,5,0.4
PThP,1,1,2,0.5
PThb,0,1,1,0.0
PThh,1,0,1,1.0
PTlB,3,3,6,0.5
PTlH,2,1,3,0.67
PTlI,1,0,1,1.0
PTlK,0,0,0,
PTlL,2,1,3,0.67
PTlM,2,4,6,0.33
PTlN,3,1,4,0.75
PTlP,8,4,12,0.67
PTlS,1,3,4,0.25
PTlb,6,5,11,0.55
PTll,0,4,4,0.0
PTlm,3,5,8,0.38
PTln,2,0,2,1.0
PTls,0,0,0,
PTmB,4,3,7,0.57
PTmD,0,1,1,0.0
PTmH,5,4,9,0.56
PTmI,1,0,1,1.0
PTmJ,4,1,5,0.8
PTmL,2,3,5,0.4
PTmM,9,6,15,0.6
PTmN,5,7,12,0.42
PTmP,6,10,16,0.38
PTmS,7,9,16,0.44
PTmb,7,5,12,0.58
PTml,3,2,5,0.6
PTmm,7,4,11,0.64
PTmn,4,2,6,0.67
PTms,2,1,3,0.67
PTnB,3,5,8,0.38
PTnD,1,2,3,0.33
PTnH,2,3,5,0.4
PTnI,1,0,1,1.0
PTnL,0,0,0,
PTnM,4,5,9,0.44
PTnN,8,7,15,0.53
PTnP,8,7,15,0.53
PTnS,2,5,7,0.29
PTnb,1,4,5,0.2
PTnh,1,0,1,1.0
PTnl,0,1,1,0.0
PTnm,5,4,9,0.56
PTnn,4,3,7,0.57
PTns,4,4,8,0.5
PTsB,3,3,6,0.5
PTsD,0,1,1,0.0
PTsH,2,0,2,1.0
PTsL,0,2,2,0.0
PTsM,3,6,9,0.33
PTsN,2,3,5,0.4
PTsP,8,7,15,0.53
PTsS,7,7,14,0.5
PTsb,2,1,3,0.67
PTsl,0,0,0,
PTsm,5,1,6,0.83
PTsn,0,4,4,0.0
PTss,4,2,6,0.67
PbBB,48,53,101,0.48
PbBD,1,2,3,0.33
PbBH,3,0,3,1.0
PbBK,4,6,10,0.4
PbBL,24,18,42,0.57
PbBM,51,55,106,0.48
PbBN,46,46,92,0.5
PbBP,81,64,145,0.56
PbBS,27,27,54,0.5
PbBT,6,3,9,0.67
PbBb,55,43,98,0.56
PbBh,4,8,12,0.33
PbBj,23,30,53,0.43
PbBl,26,26,52,0.5
PbBm,51,35,86,0.59
PbBn,57,56,113,0.5
PbBs,21,22,43,0.49
PbDB,1,7,8,0.12
PbDD,2,1,3,0.67
PbDH,5,3,8,0.62
PbDL,3,2,5,0.6
PbDM,2,5,7,0.29
PbDN,1,1,2,0.5
PbDP,11,2,13,0.85
PbDS,2,2,4,0.5
PbDT,1,1,2,0.5
PbDb,5,3,8,0.62
PbDh,0,1,1,0.0
PbDl,5,1,6,0.83
PbDm,6,3,9,0.67
PbDn,4,2,6,0.67
PbDs,2,2,4,0.5
PbHB,13,6,19,0.68
PbHD,1,0,1,1.0
PbHH,4,5,9,0.44
PbHI,0,3,3,0.0
PbHK,0,1,1,0.0
PbHL,6,5,11,0.55
PbHM,9,9,18,0.5
PbHN,6,23,29,0.21
PbHP,17,23,40,0.42
PbHS,11,6,17,0.65
PbHT,1,0,1,1.0
PbHb,12,10,22,0.55
PbHh,4,4,8,0.5
PbHl,10,7,17,0.59
PbHm,16,10,26,0.62
PbHn,21,14,35,0.6
PbHs,13,8,21,0.62
PbIB,7,6,13,0.54
PbID,0,0,0,
PbIH,2,2,4,0.5
PbIL,6,3,9,0.67
PbIM,5,5,10,0.5
PbIN,2,5,7,0.29
PbIP,8,7,15,0.53
PbIS,6,4,10,0.6
PbIb,8,1,9,0.89
PbIl,2,2,4,0.5
PbIm,6,4,10,0.6
PbIn,4,4,8,0.5
PbIs,7,3,10,0.7
PbJB,11,12,23,0.48
PbJD,1,0,1,1.0
PbJH,6,9,15,0.4
PbJI,1,0,1,1.0
PbJK,0,2,2,0.0
PbJL,12,6,18,0.67
PbJM,16,28,44,0.36
PbJN,13,18,31,0.42
PbJP,19,23,42,0.45
PbJS,10,6,16,0.62
PbJT,2,1,3,0.67
PbJb,14,19,33,0.42
PbJh,2,6,8,0.25
PbJl,8,11,19,0.42
PbJm,17,6,23,0.74
PbJn,18,7,25,0.72
PbJs,17,11,28,0.61
PbKB,2,5,7,0.29
PbKD,0,1,1,0.0
PbKI,2,0,2,1.0
PbKL,2,1,3,0.67
PbKM,5,7,12,0.42
PbKN,4,3,7,0.57
PbKP,5,7,12,0.42
PbKS,2,6,8,0.25
PbKb,5,2,7,0.71
PbKh,1,3,4,0.25
PbKl,6,6,12,0.5
PbKm,5,5,10,0.5
PbKn,4,1,5,0.8
PbKs,5,3,8,0.62
PbLB,15,25,40,0.38
PbLD,1,0,1,1.0
PbLK,1,1,2,0.5
PbLL,12,7,19,0.63
PbLM,13,32,45,0.29
PbLN,21,16,37,0.57
PbLP,23,23,46,0.5
PbLS,15,17,32,0.47
PbLT,3,2,5,0.6
PbLb,27,23,50,0.54
PbLh,8,12,20,0.4
PbLj,6,8,14,0.43
PbLl,11,6,17,0.65
PbLm,16,14,30,0.53
PbLn,28,30,58,0.48
PbLs,9,17,26,0.35
PbMB,51,45,96,0.53
PbMD,2,7,9,0.22
PbMH,0,1,1,0.0
PbMI,0,1,1,0.0
PbMK,0,1,1,0.0
PbML,21,23,44,0.48
PbMM,57,63,120,0.48
PbMN,53,55,108,0.49
PbMP,67,77,144,0.47
PbMS,29,32,61,0.48
PbMT,9,8,17,0.53
PbMb,63,70,133,0.47
PbMh,48,44,92,0.52
PbMj,12,18,30,0.4
PbMl,33,23,56,0.59
PbMm,60,53,113,0.53
PbMn,77,62,139,0.55
PbMs,42,38,80,0.52
PbNB,42,42,84,0.5
PbND,4,7,11,0.36
PbNH,5,8,13,0.38
PbNI,2,0,2,1.0
PbNK,7,2,9,0.78
PbNL,25,19,44,0.57
PbNM,69,79,148,0.47
PbNN,63,59,122,0.52
PbNP,86,87,173,0.5
PbNS,40,45,85,0.47
PbNT,8,6,14,0.57
PbNb,53,55,108,0.49
PbNh,26,30,56,0.46
PbNl,28,16,44,0.64
PbNm,59,42,101,0.58
PbNn,92,63,155,0.59
PbNs,36,34,70,0.51
PbPB,67,53,120,0.56
PbPD,6,5,11,0.55
PbPH,20,14,34,0.59
PbPI,6,2,8,0.75
PbPK,7,4,11,0.64
PbPL,51,35,86,0.59
PbPM,76,82,158,0.48
PbPN,69,63,132,0.52
PbPP,109,108,217,0.5
PbPS,51,45,96,0.53
PbPT,8,4,12,0.67
PbPb,99,81,180,0.55
PbPh,8,6,14,0.57
PbPl,43,48,91,0.47
PbPm,71,50,121,0.59
PbPn,87,46,133,0.65
PbPs,41,35,76,0.54
PbSB,16,25,41,0.39
PbSD,5,5,10,0.5
PbSH,7,9,16,0.44
PbSI,1,1,2,0.5
PbSK,2,2,4,0.5
PbSL,18,18,36,0.5
PbSM,24,25,49,0.49
PbSN,23,24,47,0.49
PbSP,38,41,79,0.48
PbSS,12,28,40,0.3
PbST,5,4,9,0.56
PbSb,24,34,58,0.41
PbSh,22,24,46,0.48
PbSl,14,15,29,0.48
PbSm,28,14,42,0.67
PbSn,30,26,56,0.54
PbSs,21,21,42,0.5
PbbB,60,64,124,0.48
PbbD,5,5,10,0.5
PbbH,10,15,25,0.4
PbbI,7,5,12,0.58
PbbJ,13,13,26,0.5
PbbK,7,6,13,0.54
PbbL,30,22,52,0.58
PbbM,69,70,139,0.5
PbbN,69,59,128,0.54
PbbP,90,91,181,0.5
PbbS,33,33,66,0.5
Pbbb,83,71,154,0.54
Pbbl,22,31,53,0.42
Pbbm,50,38,88,0.57
Pbbn,53,63,116,0.46
Pbbs,25,13,38,0.66
PbhB,0,1,1,0.0
PbhD,0,1,1,0.0
PbhL,1,0,1,1.0
PbhM,1,0,1,1.0
PbhP,1,1,2,0.5
Pbhh,1,0,1,1.0
Pbhl,1,0,1,1.0
Pbhm,1,0,1,1.0
PblB,26,17,43,0.6
PblD,2,4,6,0.33
PblH,15,18,33,0.45
PblI,4,2,6,0.67
PblJ,9,6,15,0.6
PblL,11,10,21,0.52
PblM,35,31,66,0.53
PblN,27,27,54,0.5
PblP,44,37,81,0.54
PblS,16,11,27,0.59
Pblb,23,30,53,0.43
Pbll,23,8,31,0.74
Pblm,20,17,37,0.54
Pbln,28,13,41,0.68
Pbls,16,7,23,0.7
PbmB,38,46,84,0.45
PbmD,9,4,13,0.69
PbmH,20,29,49,0.41
PbmI,4,2,6,0.67
PbmJ,8,9,17,0.47
PbmK,1,1,2,0.5
PbmL,16,16,32,0.5
PbmM,38,49,87,0.44
PbmN,42,43,85,0.49
PbmP,73,45,118,0.62
PbmS,26,26,52,0.5
PbmT,0,1,1,0.0
Pbmb,71,40,111,0.64
Pbmh,0,1,1,0.0
Pbml,15,16,31,0.48
Pbmm,28,26,54,0.52
Pbmn,42,27,69,0.61
Pbms,14,14,28,0.5
PbnB,33,43,76,0.43
PbnD,1,11,12,0.08
PbnH,19,23,42,0.45
PbnI,7,2,9,0.78
PbnK,3,4,7,0.43
PbnL,18,20,38,0.47
PbnM,48,48,96,0.5
PbnN,53,64,117,0.45
PbnP,75,64,139,0.54
PbnS,25,30,55,0.45
Pbnb,64,45,109,0.59
Pbnh,2,4,6,0.33
Pbnl,25,15,40,0.62
Pbnm,42,27,69,0.61
Pbnn,48,39,87,0.55
Pbns,26,28,54,0.48
PbsB,16,19,35,0.46
PbsD,4,3,7,0.57
PbsH,16,21,37,0.43
PbsI,3,2,5,0.6
PbsL,8,12,20,0.4
PbsM,18,26,44,0.41
PbsN,25,26,51,0.49
PbsP,28,37,65,0.43
PbsS,18,23,41,0.44
Pbsb,19,26,45,0.42
Pbsh,1,1,2,0.5
Pbsl,14,16,30,0.47
Pbsm,24,31,55,0.44
Pbsn,24,21,45,0.53
Pbss,21,15,36,0.58
PhBB,1,3,4,0.25
PhBK,0,2,2,0.0
PhBL,0,5,5,0.0
PhBM,5,6,11,0.45
PhBN,6,6,12,0.5
PhBP,3,5,8,0.38
PhBS,2,7,9,0.22
PhBT,0,2,2,0.0
PhBb,6,6,12,0.5
PhBh,3,0,3,1.0
PhBj,0,0,0,
PhBl,1,2,3,0.33
PhBm,1,5,6,0.17
PhBn,6,9,15,0.4
PhBs,5,3,8,0.62
PhDB,1,0,1,1.0
PhDH,1,0,1,1.0
PhDL,0,1,1,0.0
PhDN,1,1,2,0.5
PhDP,1,2,3,0.33
PhDS,1,1,2,0.5
PhDl,0,1,1,0.0
PhDn,0,1,1,0.0
PhDs,0,0,0,
PhHK,1,0,1,1.0
PhHM,1,0,1,1.0
PhHP,3,1,4,0.75
PhHS,1,1,2,0.5
PhHb,0,2,2,0.0
PhHh,0,1,1,0.0
PhHl,2,1,3,0.67
PhHm,2,2,4,0.5
PhHn,0,0,0,
PhHs,1,3,4,0.25
PhIB,1,0,1,1.0
PhIL,1,1,2,0.5
PhIN,1,0,1,1.0
PhIP,1,1,2,0.5
PhIb,0,1,1,0.0
PhIl,0,0,0,
PhIn,1,0,1,1.0
PhKB,0,0,0,
PhKh,0,2,2,0.0
PhKn,0,1,1,0.0
PhKs,0,1,1,0.0
PhLB,3,3,6,0.5
PhLD,0,1,1,0.0
PhLH,0,1,1,0.0
PhLL,2,4,6,0.33
PhLM,2,4,6,0.33
PhLN,0,2,2,0.0
PhLP,2,0,2,1.0
PhLb,2,3,5,0.4
PhLh,2,2,4,0.5
PhLl,1,0,1,1.0
PhLm,3,3,6,0.5
PhLn,5,3,8,0.62
PhLs,2,3,5,0.4
PhMB,3,10,13,0.23
PhMD,3,1,4,0.75
PhMH,0,1,1,0.0
PhMK,0,1,1,0.0
PhML,4,3,7,0.57
PhMM,8,7,15,0.53
PhMN,7,5,12,0.58
PhMP,5,6,11,0.45
PhMS,6,6,12,0.5
PhMb,11,4,15,0.73
PhMh,7,4,11,0.64
PhMj,2,0,2,1.0
PhMl,3,1,4,0.75
PhMm,6,5,11,0.55
PhMn,7,5,12,0.58
PhMs,6,2,8,0.75
PhNB,4,4,8,0.5
PhNH,0,1,1,0.0
PhNK,0,1,1,0.0
PhNL,0,4,4,0.0
PhNM,4,4,8,0.5
PhNN,6,6,12,0.5
PhNP,3,6,9,0.33
PhNS,5,4,9,0.56
PhNT,0,1,1,0.0
PhNb,5,3,8,0.62
PhNh,2,4,6,0.33
PhNl,2,1,3,0.67
PhNm,8,3,11,0.73
PhNn,9,4,13,0.69
PhNs,2,2,4,0.5
PhPB,5,9,14,0.36
PhPD,0,0,0,
PhPH,4,2,6,0.67
PhPI,2,2,4,0.5
PhPK,0,1,1,0.0
PhPL,3,7,10,0.3
PhPM,7,13,20,0.35
PhPN,10,6,16,0.62
PhPP,15,10,25,0.6
PhPS,8,11,19,0.42
PhPT,1,1,2,0.5
PhPb,17,3,20,0.85
PhPh,1,0,1,1.0
PhPl,10,5,15,0.67
PhPm,10,10,20,0.5
PhPn,11,6,17,0.65
PhPs,15,6,21,0.71
PhSB,3,2,5,0.6
PhSH,1,3,4,0.25
PhSK,1,0,1,1.0
PhSL,2,2,4,0.5
PhSM,0,6,6,0.0
PhSN,8,3,11,0.73
PhSP,3,2,5,0.6
PhSS,3,5,8,0.38
PhST,1,0,1,1.0
PhSb,4,3,7,0.57
PhSh,3,7,10,0.3
PhSl,1,2,3,0.33
PhSm,5,4,9,0.56
PhSn,5,10,15,0.33
PhSs,2,5,7,0.29
PhTB,0,1,1,0.0
PhTH,0,0,0,
PhTM,1,0,1,1.0
PhTN,0,1,1,0.0
PhTP,2,1,3,0.67
PhTS,2,2,4,0.5
PhTb,1,0,1,1.0
PhTm,1,0,1,1.0
PhbB,4,5,9,0.44
PhbH,2,1,3,0.67
PhbI,1,2,3,0.33
PhbJ,0,2,2,0.0
PhbK,1,0,1,1.0
PhbL,2,4,6,0.33
PhbM,4,5,9,0.44
PhbN,3,9,12,0.25
PhbP,5,6,11,0.45
PhbS,8,4,12,0.67
Phbb,8,5,13,0.62
Phbl,6,3,9,0.67
Phbm,4,4,8,0.5
Phbn,4,8,12,0.33
Phbs,3,1,4,0.75
PhhB,5,6,11,0.45
PhhD,0,1,1,0.0
PhhH,1,2,3,0.33
PhhL,6,5,11,0.55
PhhM,4,8,12,0.33
PhhN,3,4,7,0.43
PhhP,12,5,17,0.71
PhhS,6,6,12,0.5
PhhT,1,1,2,0.5
Phhb,2,7,9,0.22
Phhh,7,4,11,0.64
Phhl,5,3,8,0.62
Phhm,8,9,17,0.47
Phhn,5,6,11,0.45
Phhs,7,6,13,0.54
PhlB,1,1,2,0.5
PhlD,1,0,1,1.0
PhlH,2,2,4,0.5
PhlI,1,0,1,1.0
PhlL,0,3,3,0.0
PhlM,5,3,8,0.62
PhlN,6,2,8,0.75
PhlP,3,5,8,0.38
PhlS,4,4,8,0.5
Phlb,3,3,6,0.5
Phll,1,3,4,0.25
Phlm,6,4,10,0.6
Phln,3,0,3,1.0
Phls,1,1,2,0.5
PhmB,4,5,9,0.44
PhmD,4,1,5,0.8
PhmH,5,5,10,0.5
PhmJ,1,1,2,0.5
PhmL,6,2,8,0.75
PhmM,6,7,13,0.46
PhmN,3,4,7,0.43
PhmP,7,6,13,0.54
PhmS,2,6,8,0.25
Phmb,6,5,11,0.55
Phml,4,2,6,0.67
Phmm,9,3,12,0.75
Phmn,6,3,9,0.67
Phms,0,5,5,0.0
PhnB,5,2,7,0.71
PhnD,2,0,2,1.0
PhnH,3,5,8,0.38
PhnI,1,0,1,1.0
PhnK,1,0,1,1.0
PhnL,3,1,4,0.75
PhnM,8,9,17,0.47
PhnN,11,3,14,0.79
PhnP,8,9,17,0.47
PhnS,7,8,15,0.47
Phnb,5,2,7,0.71
Phnl,2,0,2,1.0
Phnm,6,4,10,0.6
Phnn,9,6,15,0.6
Phns,8,5,13,0.62
PhsB,3,2,5,0.6
PhsD,1,1,2,0.5
PhsH,5,8,13,0.38
PhsI,3,0,3,1.0
PhsL,1,4,5,0.2
PhsM,4,3,7,0.57
PhsN,2,4,6,0.33
PhsP,7,7,14,0.5
PhsS,5,4,9,0.56
Phsb,10,2,12,0.83
Phsh,0,0,0,
Phsl,2,3,5,0.4
Phsm,8,2,10,0.8
Phsn,8,5,13,0.62
Phss,6,3,9,0.67
PlBB,16,14,30,0.53
PlBD,1,1,2,0.5
PlBH,1,0,1,1.0
PlBK,2,1,3,0.67
PlBL,6,11,17,0.35
PlBM,31,21,52,0.6
PlBN,19,20,39,0.49
PlBP,26,26,52,0.5
PlBS,15,18,33,0.45
PlBT,4,3,7,0.57
PlBb,26,19,45,0.58
PlBh,5,1,6,0.83
PlBj,6,8,14,0.43
PlBl,13,14,27,0.48
PlBm,23,20,43,0.53
PlBn,32,17,49,0.65
PlBs,9,13,22,0.41
PlDB,2,0,2,1.0
PlDH,0,1,1,0.0
PlDL,1,2,3,0.33
PlDM,1,2,3,0.33
PlDN,1,2,3,0.33
PlDP,0,1,1,0.0
PlDS,2,1,3,0.67
PlDb,4,1,5,0.8
PlDl,1,0,1,1.0
PlDm,3,0,3,1.0
PlDn,2,1,3,0.67
PlDs,1,2,3,0.33
PlHB,12,14,26,0.46
PlHD,1,2,3,0.33
PlHH,1,1,2,0.5
PlHI,5,2,7,0.71
PlHK,1,1,2,0.5
PlHL,6,8,14,0.43
PlHM,21,17,38,0.55
PlHN,16,14,30,0.53
PlHP,19,25,44,0.43
PlHS,8,9,17,0.47
PlHT,1,2,3,0.33
PlHb,23,13,36,0.64
PlHh,5,6,11,0.45
PlHl,13,13,26,0.5
PlHm,16,12,28,0.57
PlHn,13,10,23,0.57
PlHs,11,8,19,0.58
PlIB,4,1,5,0.8
PlID,1,0,1,1.0
PlIH,0,0,0,
PlIL,2,0,2,1.0
PlIM,3,3,6,0.5
PlIN,6,3,9,0.67
PlIP,4,4,8,0.5
PlIS,1,2,3,0.33
PlIb,3,4,7,0.43
PlIl,1,3,4,0.25
PlIm,0,1,1,0.0
PlIn,2,1,3,0.67
PlJB,4,3,7,0.57
PlJH,1,4,5,0.2
PlJI,0,0,0,
PlJK,1,2,3,0.33
PlJL,3,3,6,0.5
PlJM,8,6,14,0.57
PlJN,6,7,13,0.46
PlJP,8,9,17,0.47
PlJS,3,7,10,0.3
PlJb,8,9,17,0.47
PlJh,1,0,1,1.0
PlJl,5,2,7,0.71
PlJm,4,6,10,0.4
PlJn,1,5,6,0.17
PlJs,7,3,10,0.7
PlKB,1,3,4,0.25
PlKL,1,2,3,0.33
PlKM,0,5,5,0.0
PlKN,0,2,2,0.0
PlKP,1,2,3,0.33
PlKS,2,0,2,1.0
PlKb,1,2,3,0.33
PlKh,0,1,1,0.0
PlKm,4,1,5,0.8
PlKn,2,1,3,0.67
PlKs,1,0,1,1.0
PlLB,9,22,31,0.29
PlLD,0,2,2,0.0
PlLL,8,7,15,0.53
PlLM,12,15,27,0.44
PlLN,12,9,21,0.57
PlLP,18,24,42,0.43
PlLS,10,9,19,0.53
PlLT,2,2,4,0.5
PlLb,15,7,22,0.68
PlLh,9,9,18,0.5
PlLj,8,3,11,0.73
PlLl,11,5,16,0.69
PlLm,8,9,17,0.47
PlLn,18,18,36,0.5
PlLs,8,8,16,0.5
PlMB,21,14,35,0.6
PlMD,1,2,3,0.33
PlMK,0,0,0,
PlML,12,17,29,0.41
PlMM,33,28,61,0.54
PlMN,20,26,46,0.43
PlMP,32,29,61,0.52
PlMS,14,29,43,0.33
PlMT,2,7,9,0.22
PlMb,32,27,59,0.54
PlMh,19,23,42,0.45
PlMj,8,6,14,0.57
PlMl,16,8,24,0.67
PlMm,28,27,55,0.51
PlMn,44,28,72,0.61
PlMs,20,18,38,0.53
PlNB,23,24,47,0.49
PlND,1,5,6,0.17
PlNH,6,3,9,0.67
PlNK,3,1,4,0.75
PlNL,13,19,32,0.41
PlNM,19,28,47,0.4
PlNN,23,25,48,0.48
PlNP,40,48,88,0.45
PlNS,24,14,38,0.63
PlNT,4,3,7,0.57
PlNb,39,20,59,0.66
PlNh,7,9,16,0.44
PlNl,14,14,28,0.5
PlNm,22,21,43,0.51
PlNn,33,28,61,0.54
PlNs,15,16,31,0.48
PlPB,33,31,64,0.52
PlPD,0,1,1,0.0
PlPH,8,7,15,0.53
PlPI,6,5,11,0.55
PlPK,7,1,8,0.88
PlPL,17,18,35,0.49
PlPM,41,36,77,0.53
PlPN,30,37,67,0.45
PlPP,51,61,112,0.46
PlPS,17,20,37,0.46
PlPT,1,4,5,0.2
PlPb,37,34,71,0.52
PlPh,4,4,8,0.5
PlPl,29,18,47,0.62
PlPm,37,22,59,0.63
PlPn,28,30,58,0.48
PlPs,28,17,45,0.62
PlSB,15,17,32,0.47
PlSH,10,4,14,0.71
PlSI,1,0,1,1.0
PlSK,1,0,1,1.0
PlSL,4,7,11,0.36
PlSM,19,22,41,0.46
PlSN,23,22,45,0.51
PlSP,27,15,42,0.64
PlSS,21,25,46,0.46
PlST,4,1,5,0.8
PlSb,21,17,38,0.55
PlSh,8,10,18,0.44
PlSl,10,6,16,0.62
PlSm,19,11,30,0.63
PlSn,23,17,40,0.57
PlSs,18,30,48,0.38
PlbB,30,17,47,0.64
PlbD,1,2,3,0.33
PlbH,11,3,14,0.79
PlbI,4,2,6,0.67
PlbJ,8,11,19,0.42
PlbK,1,2,3,0.33
PlbL,19,13,32,0.59
PlbM,31,33,64,0.48
PlbN,29,32,61,0.48
PlbP,34,46,80,0.42
PlbS,17,11,28,0.61
Plbb,32,27,59,0.54
Plbl,18,10,28,0.64
Plbm,24,16,40,0.6
Plbn,21,21,42,0.5
Plbs,14,14,28,0.5
PlhH,1,0,1,1.0
PlhM,0,0,0,
PlhS,1,0,1,1.0
Plhh,1,0,1,1.0
Plhm,1,0,1,1.0
PllB,14,13,27,0.52
PllD,1,0,1,1.0
PllH,7,4,11,0.64
PllI,1,0,1,1.0
PllJ,3,1,4,0.75
PllK,0,1,1,0.0
PllL,8,4,12,0.67
PllM,15,15,30,0.5
PllN,8,18,26,0.31
PllP,15,15,30,0.5
PllS,7,10,17,0.41
Pllb,20,21,41,0.49
Plll,7,2,9,0.78
Pllm,6,11,17,0.35
Plln,9,8,17,0.53
Plls,8,9,17,0.47
PlmB,14,15,29,0.48
PlmD,3,1,4,0.75
PlmH,9,16,25,0.36
PlmI,0,1,1,0.0
PlmJ,2,6,8,0.25
PlmL,12,10,22,0.55
PlmM,24,17,41,0.59
PlmN,28,18,46,0.61
PlmP,30,23,53,0.57
PlmS,13,10,23,0.57
Plmb,23,23,46,0.5
Plmh,0,1,1,0.0
Plml,6,8,14,0.43
Plmm,23,11,34,0.68
Plmn,16,9,25,0.64
Plms,9,6,15,0.6
PlnB,15,17,32,0.47
PlnD,1,1,2,0.5
PlnH,7,6,13,0.54
PlnI,2,3,5,0.4
PlnK,0,1,1,0.0
PlnL,6,13,19,0.32
PlnM,29,24,53,0.55
PlnN,20,27,47,0.43
PlnP,41,33,74,0.55
PlnS,21,12,33,0.64
Plnb,24,17,41,0.59
Plnl,6,6,12,0.5
Plnm,13,15,28,0.46
Plnn,21,16,37,0.57
Plns,8,18,26,0.31
PlsB,7,13,20,0.35
PlsD,7,4,11,0.64
PlsH,12,17,29,0.41
PlsI,2,4,6,0.33
PlsL,7,10,17,0.41
PlsM,21,24,45,0.47
PlsN,16,12,28,0.57
PlsP,20,20,40,0.5
PlsS,15,10,25,0.6
Plsb,16,12,28,0.57
Plsh,0,2,2,0.0
Plsl,7,7,14,0.5
Plsm,12,8,20,0.6
Plsn,14,10,24,0.58
Plss,13,16,29,0.45
PmBB,25,24,49,0.51
PmBD,8,6,14,0.57
PmBK,5,2,7,0.71
PmBL,15,23,38,0.39
PmBM,24,49,73,0.33
PmBN,42,46,88,0.48
PmBP,66,54,120,0.55
PmBS,35,24,59,0.59
PmBT,7,6,13,0.54
PmBb,34,33,67,0.51
PmBh,6,4,10,0.6
PmBj,16,20,36,0.44
PmBl,20,16,36,0.56
PmBm,32,29,61,0.52
PmBn,43,57,100,0.43
PmBs,14,22,36,0.39
PmDB,4,9,13,0.31
PmDD,1,1,2,0.5
PmDH,10,3,13,0.77
PmDI,1,1,2,0.5
PmDL,2,4,6,0.33
PmDM,8,7,15,0.53
PmDN,6,5,11,0.55
PmDP,11,7,18,0.61
PmDS,12,3,15,0.8
PmDT,2,1,3,0.67
PmDb,6,6,12,0.5
PmDh,1,0,1,1.0
PmDl,1,4,5,0.2
PmDm,10,8,18,0.56
PmDn,6,5,11,0.55
PmDs,8,4,12,0.67
PmHB,29,24,53,0.55
PmHD,4,4,8,0.5
PmHH,4,2,6,0.67
PmHI,3,2,5,0.6
PmHK,3,1,4,0.75
PmHL,15,22,37,0.41
PmHM,37,41,78,0.47
PmHN,24,36,60,0.4
PmHP,42,51,93,0.45
PmHS,26,18,44,0.59
PmHT,3,1,4,0.75
PmHb,27,37,64,0.42
PmHh,15,6,21,0.71
PmHl,18,11,29,0.62
PmHm,31,39,70,0.44
PmHn,43,21,64,0.67
PmHs,23,24,47,0.49
PmIB,1,2,3,0.33
PmID,2,1,3,0.67
PmIH,2,2,4,0.5
PmII,2,0,2,1.0
PmIK,0,1,1,0.0
PmIL,3,0,3,1.0
PmIM,2,4,6,0.33
PmIN,7,3,10,0.7
PmIP,4,4,8,0.5
PmIS,1,1,2,0.5
PmIb,7,2,9,0.78
PmIl,2,0,2,1.0
PmIm,4,2,6,0.67
PmIn,5,2,7,0.71
PmIs,1,4,5,0.2
PmJB,10,6,16,0.62
PmJH,5,3,8,0.62
PmJI,2,0,2,1.0
PmJK,4,1,5,0.8
PmJL,3,2,5,0.6
PmJM,11,7,18,0.61
PmJN,17,10,27,0.63
PmJP,19,17,36,0.53
PmJS,9,6,15,0.6
PmJT,1,2,3,0.33
PmJb,11,8,19,0.58
PmJh,0,2,2,0.0
PmJl,5,4,9,0.56
PmJm,13,8,21,0.62
PmJn,10,13,23,0.43
PmJs,8,9,17,0.47
PmKB,0,1,1,0.0
PmKD,0,0,0,
PmKH,0,0,0,
PmKI,0,1,1,0.0
PmKL,1,0,1,1.0
PmKb,1,0,1,1.0
PmKh,1,1,2,0.5
PmKl,1,1,2,0.5
PmKm,1,0,1,1.0
PmKn,1,0,1,1.0
PmLB,15,20,35,0.43
PmLD,1,2,3,0.33
PmLH,0,1,1,0.0
PmLK,1,1,2,0.5
PmLL,7,12,19,0.37
PmLM,22,31,53,0.42
PmLN,16,21,37,0.43
PmLP,21,25,46,0.46
PmLS,9,20,29,0.31
PmLT,2,2,4,0.5
PmLb,25,20,45,0.56
PmLh,8,16,24,0.33
PmLj,8,7,15,0.53
PmLl,12,7,19,0.63
PmLm,23,9,32,0.72
PmLn,30,20,50,0.6
PmLs,16,13,29,0.55
PmMB,42,53,95,0.44
PmMD,5,5,10,0.5
PmMH,1,0,1,1.0
PmMK,1,0,1,1.0
PmML,18,18,36,0.5
PmMM,53,55,108,0.49
PmMN,50,56,106,0.47
PmMP,56,67,123,0.46
PmMS,32,41,73,0.44
PmMT,5,7,12,0.42
PmMb,56,52,108,0.52
PmMh,45,46,91,0.49
PmMj,15,8,23,0.65
PmMl,29,23,52,0.56
PmMm,62,54,116,0.53
PmMn,80,53,133,0.6
PmMs,36,36,72,0.5
PmNB,41,30,71,0.58
PmND,12,2,14,0.86
PmNH,11,6,17,0.65
PmNI,1,0,1,1.0
PmNK,2,2,4,0.5
PmNL,23,15,38,0.61
PmNM,47,54,101,0.47
PmNN,54,68,122,0.44
PmNP,77,88,165,0.47
PmNS,41,41,82,0.5
PmNT,11,13,24,0.46
PmNb,48,38,86,0.56
PmNh,9,17,26,0.35
PmNl,17,21,38,0.45
PmNm,48,41,89,0.54
PmNn,75,54,129,0.58
PmNs,42,38,80,0.52
PmPB,59,56,115,0.51
PmPD,8,6,14,0.57
PmPH,17,8,25,0.68
PmPI,4,6,10,0.4
PmPK,5,7,12,0.42
PmPL,21,28,49,0.43
PmPM,54,71,125,0.43
PmPN,71,56,127,0.56
PmPP,89,100,189,0.47
PmPS,42,47,89,0.47
PmPT,9,4,13,0.69
PmPb,72,69,141,0.51
PmPh,2,4,6,0.33
PmPl,21,34,55,0.38
PmPm,52,37,89,0.58
PmPn,57,72,129,0.44
PmPs,39,41,80,0.49
PmSB,24,24,48,0.5
PmSD,10,4,14,0.71
PmSH,13,13,26,0.5
PmSI,1,0,1,1.0
PmSK,0,1,1,0.0
PmSL,8,13,21,0.38
PmSM,29,40,69,0.42
PmSN,31,26,57,0.54
PmSP,42,32,74,0.57
PmSS,27,34,61,0.44
PmST,8,8,16,0.5
PmSb,26,19,45,0.58
PmSh,6,30,36,0.17
PmSl,19,9,28,0.68
PmSm,32,30,62,0.52
PmSn,27,34,61,0.44
PmSs,31,31,62,0.5
PmTP,0,1,1,0.0
PmTb,0,1,1,0.0
PmbB,46,46,92,0.5
PmbD,4,6,10,0.4
PmbH,13,9,22,0.59
PmbI,7,3,10,0.7
PmbJ,21,14,35,0.6
PmbK,4,0,4,1.0
PmbL,20,24,44,0.45
PmbM,55,52,107,0.51
PmbN,55,52,107,0.51
PmbP,63,63,126,0.5
PmbS,24,22,46,0.52
Pmbb,64,61,125,0.51
Pmbl,17,22,39,0.44
Pmbm,37,47,84,0.44
Pmbn,56,37,93,0.6
Pmbs,22,15,37,0.59
PmhB,1,0,1,1.0
PmhM,0,1,1,0.0
PmhN,0,1,1,0.0
Pmhb,1,0,1,1.0
Pmhs,0,0,0,
PmlB,17,16,33,0.52
PmlD,0,2,2,0.0
PmlH,14,10,24,0.58
PmlI,2,1,3,0.67
PmlJ,3,3,6,0.5
PmlL,7,7,14,0.5
PmlM,21,18,39,0.54
PmlN,17,26,43,0.4
PmlP,27,16,43,0.63
PmlS,9,13,22,0.41
Pmlb,20,24,44,0.45
Pmll,8,9,17,0.47
Pmlm,18,14,32,0.56
Pmln,10,11,21,0.48
Pmls,6,6,12,0.5
PmmB,38,36,74,0.51
PmmD,10,12,22,0.45
PmmH,21,25,46,0.46
PmmI,0,4,4,0.0
PmmJ,8,9,17,0.47
PmmL,18,17,35,0.51
PmmM,28,44,72,0.39
PmmN,49,53,102,0.48
PmmP,57,45,102,0.56
PmmS,21,29,50,0.42
Pmmb,49,32,81,0.6
Pmmh,1,2,3,0.33
Pmml,9,8,17,0.53
Pmmm,37,27,64,0.58
Pmmn,47,27,74,0.64
Pmms,14,13,27,0.52
PmnB,27,19,46,0.59
PmnD,1,8,9,0.11
PmnH,19,19,38,0.5
PmnI,6,1,7,0.86
PmnK,5,1,6,0.83
PmnL,14,12,26,0.54
PmnM,42,42,84,0.5
PmnN,47,42,89,0.53
PmnP,58,53,111,0.52
PmnS,30,29,59,0.51
Pmnb,43,32,75,0.57
Pmnl,13,10,23,0.57
Pmnm,42,32,74,0.57
Pmnn,42,43,85,0.49
Pmns,19,21,40,0.48
PmsB,13,11,24,0.54
PmsD,3,4,7,0.43
PmsH,27,16,43,0.63
PmsI,3,2,5,0.6
PmsK,1,1,2,0.5
PmsL,10,7,17,0.59
PmsM,18,22,40,0.45
PmsN,16,27,43,0.37
PmsP,30,32,62,0.48
PmsS,22,29,51,0.43
Pmsb,15,21,36,0.42
Pmsh,3,6,9,0.33
Pmsl,8,6,14,0.57
Pmsm,19,18,37,0.51
Pmsn,27,19,46,0.59
Pmss,19,13,32,0.59
PnBB,36,30,66,0.55
PnBD,1,3,4,0.25
PnBK,1,1,2,0.5
PnBL,20,25,45,0.44
PnBM,30,46,76,0.39
PnBN,35,41,76,0.46
PnBP,59,45,104,0.57
PnBS,21,24,45,0.47
PnBT,6,4,10,0.6
PnBb,31,36,67,0.46
PnBh,1,5,6,0.17
PnBj,17,13,30,0.57
PnBl,16,14,30,0.53
PnBm,33,32,65,0.51
PnBn,44,56,100,0.44
PnBs,23,25,48,0.48
PnDB,1,0,1,1.0
PnDD,4,1,5,0.8
PnDH,5,4,9,0.56
PnDI,0,0,0,
PnDL,4,4,8,0.5
PnDM,1,5,6,0.17
PnDN,3,0,3,1.0
PnDP,12,4,16,0.75
PnDS,7,9,16,0.44
PnDT,2,1,3,0.67
PnDb,5,4,9,0.56
PnDl,0,2,2,0.0
PnDm,6,4,10,0.6
PnDn,6,0,6,1.0
PnDs,4,2,6,0.67
PnHB,19,19,38,0.5
PnHD,3,3,6,0.5
PnHH,4,6,10,0.4
PnHI,1,1,2,0.5
PnHK,0,1,1,0.0
PnHL,11,12,23,0.48
PnHM,16,29,45,0.36
PnHN,24,25,49,0.49
PnHP,36,38,74,0.49
PnHS,19,20,39,0.49
PnHT,1,2,3,0.33
PnHb,32,23,55,0.58
PnHh,16,4,20,0.8
PnHl,17,13,30,0.57
PnHm,27,25,52,0.52
PnHn,29,27,56,0.52
PnHs,22,19,41,0.54
PnIB,8,3,11,0.73
PnIH,5,1,6,0.83
PnII,1,0,1,1.0
PnIK,0,1,1,0.0
PnIL,2,3,5,0.4
PnIM,3,6,9,0.33
PnIN,4,8,12,0.33
PnIP,11,11,22,0.5
PnIS,8,3,11,0.73
PnIT,1,0,1,1.0
PnIb,8,10,18,0.44
PnIl,3,2,5,0.6
PnIm,9,4,13,0.69
PnIn,8,7,15,0.53
PnIs,6,1,7,0.86
PnKB,5,2,7,0.71
PnKD,0,1,1,0.0
PnKI,2,0,2,1.0
PnKK,1,0,1,1.0
PnKL,2,0,2,1.0
PnKM,1,5,6,0.17
PnKN,6,3,9,0.67
PnKP,6,5,11,0.55
PnKS,3,3,6,0.5
PnKT,0,1,1,0.0
PnKb,6,5,11,0.55
PnKh,7,12,19,0.37
PnKl,2,2,4,0.5
PnKm,6,3,9,0.67
PnKn,7,2,9,0.78
PnKs,3,1,4,0.75
PnLB,20,16,36,0.56
PnLD,1,1,2,0.5
PnLK,3,0,3,1.0
PnLL,11,11,22,0.5
PnLM,19,16,35,0.54
PnLN,21,22,43,0.49
PnLP,32,18,50,0.64
PnLS,13,26,39,0.33
PnLT,2,6,8,0.25
PnLb,15,22,37,0.41
PnLh,7,8,15,0.47
PnLj,11,14,25,0.44
PnLl,11,15,26,0.42
PnLm,27,10,37,0.73
PnLn,33,28,61,0.54
PnLs,14,13,27,0.52
PnMB,44,48,92,0.48
PnMD,5,10,15,0.33
PnMK,0,1,1,0.0
PnML,19,23,42,0.45
PnMM,37,53,90,0.41
PnMN,52,51,103,0.5
PnMP,65,73,138,0.47
PnMS,32,30,62,0.52
PnMT,8,2,10,0.8
PnMb,51,60,111,0.46
PnMh,29,36,65,0.45
PnMj,14,17,31,0.45
PnMl,31,30,61,0.51
PnMm,60,41,101,0.59
PnMn,71,62,133,0.53
PnMs,26,41,67,0.39
PnNB,43,32,75,0.57
PnND,4,7,11,0.36
PnNH,4,9,13,0.31
PnNK,1,6,7,0.14
PnNL,24,28,52,0.46
PnNM,52,62,114,0.46
PnNN,58,71,129,0.45
PnNP,109,86,195,0.56
PnNS,56,45,101,0.55
PnNT,8,7,15,0.53
PnNb,66,47,113,0.58
PnNh,19,15,34,0.56
PnNl,23,25,48,0.48
PnNm,59,50,109,0.54
PnNn,87,69,156,0.56
PnNs,54,39,93,0.58
PnPB,66,52,118,0.56
PnPD,8,5,13,0.62
PnPH,19,27,46,0.41
PnPI,9,7,16,0.56
PnPK,7,9,16,0.44
PnPL,48,52,100,0.48
PnPM,84,102,186,0.45
PnPN,82,74,156,0.53
PnPP,140,120,260,0.54
PnPS,77,63,140,0.55
PnPT,12,15,27,0.44
PnPb,82,74,156,0.53
PnPh,8,4,12,0.67
PnPl,54,59,113,0.48
PnPm,85,41,126,0.67
PnPn,88,59,147,0.6
PnPs,60,62,122,0.49
PnSB,21,25,46,0.46
PnSD,4,4,8,0.5
PnSH,16,15,31,0.52
PnSI,1,1,2,0.5
PnSK,1,2,3,0.33
PnSL,17,16,33,0.52
PnSM,46,43,89,0.52
PnSN,28,44,72,0.39
PnSP,58,57,115,0.5
PnSS,46,50,96,0.48
PnST,5,7,12,0.42
PnSb,38,28,66,0.58
PnSh,27,27,54,0.5
PnSl,18,24,42,0.43
PnSm,37,35,72,0.51
PnSn,35,43,78,0.45
PnSs,36,45,81,0.44
PnTB,2,0,2,1.0
PnTM,0,1,1,0.0
PnTN,1,0,1,1.0
PnTP,1,0,1,1.0
PnTm,1,0,1,1.0
PnTs,0,1,1,0.0
PnbB,51,31,82,0.62
PnbD,3,1,4,0.75
PnbH,7,7,14,0.5
PnbI,7,5,12,0.58
PnbJ,17,16,33,0.52
PnbK,8,7,15,0.53
PnbL,29,22,51,0.57
PnbM,48,52,100,0.48
PnbN,75,64,139,0.54
PnbP,84,77,161,0.52
PnbS,28,27,55,0.51
Pnbb,59,54,113,0.52
Pnbh,1,0,1,1.0
Pnbl,28,25,53,0.53
Pnbm,47,35,82,0.57
Pnbn,42,37,79,0.53
Pnbs,28,19,47,0.6
PnhB,3,1,4,0.75
PnhD,0,0,0,
PnhL,2,3,5,0.4
PnhM,3,7,10,0.3
PnhN,0,2,2,0.0
PnhP,3,0,3,1.0
PnhS,2,2,4,0.5
PnhT,1,0,1,1.0
Pnhb,1,4,5,0.2
Pnhh,3,0,3,1.0
Pnhl,2,2,4,0.5
Pnhm,3,4,7,0.43
Pnhn,1,4,5,0.2
Pnhs,0,1,1,0.0
PnlB,12,13,25,0.48
PnlD,2,1,3,0.67
PnlH,15,11,26,0.58
PnlI,2,4,6,0.33
PnlJ,7,12,19,0.37
PnlK,1,0,1,1.0
PnlL,15,15,30,0.5
PnlM,22,24,46,0.48
PnlN,24,32,56,0.43
PnlP,38,32,70,0.54
PnlS,17,18,35,0.49
Pnlb,31,19,50,0.62
Pnll,8,9,17,0.47
Pnlm,13,17,30,0.43
Pnln,19,19,38,0.5
Pnls,12,13,25,0.48
PnmB,53,39,92,0.58
PnmD,5,6,11,0.45
PnmH,24,38,62,0.39
PnmI,4,3,7,0.57
PnmJ,10,6,16,0.62
PnmK,1,0,1,1.0
PnmL,13,17,30,0.43
PnmM,34,46,80,0.42
PnmN,39,43,82,0.48
PnmP,53,62,115,0.46
PnmS,26,29,55,0.47
Pnmb,60,44,104,0.58
Pnml,20,12,32,0.62
Pnmm,33,19,52,0.63
Pnmn,39,35,74,0.53
Pnms,26,22,48,0.54
PnnB,40,41,81,0.49
PnnD,11,5,16,0.69
PnnH,21,15,36,0.58
PnnI,8,0,8,1.0
PnnK,4,6,10,0.4
PnnL,21,12,33,0.64
PnnM,49,56,105,0.47
PnnN,60,71,131,0.46
PnnP,91,79,170,0.54
PnnS,35,49,84,0.42
Pnnb,55,49,104,0.53
Pnnh,1,1,2,0.5
Pnnl,25,24,49,0.51
Pnnm,46,28,74,0.62
Pnnn,52,57,109,0.48
Pnns,37,29,66,0.56
PnsB,28,14,42,0.67
PnsD,7,2,9,0.78
PnsH,31,36,67,0.46
PnsI,4,4,8,0.5
PnsK,1,1,2,0.5
PnsL,23,10,33,0.7
PnsM,39,38,77,0.51
PnsN,42,35,77,0.55
PnsP,55,48,103,0.53
PnsS,39,42,81,0.48
Pnsb,32,37,69,0.46
Pnsh,2,1,3,0.67
Pnsl,19,22,41,0.46
Pnsm,36,30,66,0.55
Pnsn,46,33,79,0.58
Pnss,26,21,47,0.55
PsBB,25,14,39,0.64
PsBD,6,2,8,0.75
PsBK,2,3,5,0.4
PsBL,10,11,21,0.48
PsBM,22,29,51,0.43
PsBN,28,31,59,0.47
PsBP,33,33,66,0.5
PsBS,10,10,20,0.5
PsBT,3,2,5,0.6
PsBb,25,22,47,0.53
PsBh,5,3,8,0.62
PsBj,6,8,14,0.43
PsBl,6,18,24,0.25
PsBm,31,19,50,0.62
PsBn,24,37,61,0.39
PsBs,7,11,18,0.39
PsDB,2,5,7,0.29
PsDD,4,1,5,0.8
PsDH,1,5,6,0.17
PsDL,2,0,2,1.0
PsDM,6,4,10,0.6
PsDN,5,5,10,0.5
PsDP,3,6,9,0.33
PsDS,2,3,5,0.4
PsDT,1,0,1,1.0
PsDb,4,2,6,0.67
PsDl,2,2,4,0.5
PsDm,7,3,10,0.7
PsDn,3,3,6,0.5
PsDs,6,6,12,0.5
PsHB,21,22,43,0.49
PsHD,4,5,9,0.44
PsHH,10,8,18,0.56
PsHI,4,1,5,0.8
PsHK,0,5,5,0.0
PsHL,15,18,33,0.45
PsHM,30,42,72,0.42
PsHN,30,28,58,0.52
PsHP,42,39,81,0.52
PsHS,23,21,44,0.52
PsHT,0,3,3,0.0
PsHb,32,28,60,0.53
PsHh,19,23,42,0.45
PsHl,12,12,24,0.5
PsHm,22,24,46,0.48
PsHn,30,25,55,0.55
PsHs,29,14,43,0.67
PsIB,4,4,8,0.5
PsID,0,0,0,
PsIH,5,2,7,0.71
PsII,0,0,0,
PsIL,4,2,6,0.67
PsIM,7,9,16,0.44
PsIN,6,4,10,0.6
PsIP,6,10,16,0.38
PsIS,4,2,6,0.67
PsIb,2,4,6,0.33
PsIl,4,1,5,0.8
PsIm,6,5,11,0.55
PsIn,2,2,4,0.5
PsIs,2,0,2,1.0
PsKL,2,0,2,1.0
PsKM,1,1,2,0.5
PsKN,0,1,1,0.0
PsKP,2,2,4,0.5
PsKS,1,2,3,0.33
PsKT,0,1,1,0.0
PsKh,1,1,2,0.5
PsKl,0,0,0,
PsKm,2,0,2,1.0
PsKn,0,1,1,0.0
PsKs,1,0,1,1.0
PsLB,6,15,21,0.29
PsLD,1,2,3,0.33
PsLI,0,1,1,0.0
PsLK,1,1,2,0.5
PsLL,2,10,12,0.17
PsLM,19,16,35,0.54
PsLN,11,9,20,0.55
PsLP,18,17,35,0.51
PsLS,11,20,31,0.35
PsLT,2,2,4,0.5
PsLb,16,10,26,0.62
PsLh,9,8,17,0.53
PsLj,4,7,11,0.36
PsLl,13,11,24,0.54
PsLm,19,18,37,0.51
PsLn,24,14,38,0.63
PsLs,9,10,19,0.47
PsMB,28,21,49,0.57
PsMD,3,5,8,0.38
PsMH,1,2,3,0.33
PsMI,0,0,0,
PsMK,0,2,2,0.0
PsML,21,21,42,0.5
PsMM,29,28,57,0.51
PsMN,28,31,59,0.47
PsMP,32,47,79,0.41
PsMS,26,20,46,0.57
PsMT,3,4,7,0.43
PsMb,35,26,61,0.57
PsMh,21,24,45,0.47
PsMj,16,13,29,0.55
PsMl,15,15,30,0.5
PsMm,40,30,70,0.57
PsMn,35,46,81,0.43
PsMs,18,20,38,0.47
PsNB,29,27,56,0.52
PsND,3,5,8,0.38
PsNH,3,2,5,0.6
PsNK,3,3,6,0.5
PsNL,14,16,30,0.47
PsNM,31,33,64,0.48
PsNN,40,41,81,0.49
PsNP,53,70,123,0.43
PsNS,30,33,63,0.48
PsNT,6,6,12,0.5
PsNb,43,33,76,0.57
PsNh,11,15,26,0.42
PsNl,10,23,33,0.3
PsNm,25,18,43,0.58
PsNn,33,43,76,0.43
PsNs,29,36,65,0.45
PsPB,42,43,85,0.49
PsPD,1,2,3,0.33
PsPH,12,18,30,0.4
PsPI,4,5,9,0.44
PsPK,4,6,10,0.4
PsPL,25,33,58,0.43
PsPM,34,67,101,0.34
PsPN,47,49,96,0.49
PsPP,79,96,175,0.45
PsPS,43,40,83,0.52
PsPT,6,2,8,0.75
PsPb,44,58,102,0.43
PsPh,4,6,10,0.4
PsPl,27,36,63,0.43
PsPm,45,41,86,0.52
PsPn,54,58,112,0.48
PsPs,52,41,93,0.56
PsSB,30,22,52,0.58
PsSD,6,7,13,0.46
PsSH,21,10,31,0.68
PsSI,2,0,2,1.0
PsSK,0,2,2,0.0
PsSL,18,18,36,0.5
PsSM,32,45,77,0.42
PsSN,16,38,54,0.3
PsSP,55,62,117,0.47
PsSS,23,50,73,0.32
PsST,5,10,15,0.33
PsSb,25,23,48,0.52
PsSh,18,33,51,0.35
PsSl,19,27,46,0.41
PsSm,36,31,67,0.54
PsSn,33,42,75,0.44
PsSs,45,54,99,0.45
PsTL,0,1,1,0.0
PsTM,1,1,2,0.5
PsTN,1,0,1,1.0
PsTP,1,1,2,0.5
PsTl,2,1,3,0.67
PsTm,1,0,1,1.0
PsTn,0,1,1,0.0
PsbB,20,24,44,0.45
PsbD,3,2,5,0.6
PsbH,4,5,9,0.44
PsbI,5,4,9,0.56
PsbJ,20,12,32,0.62
PsbK,5,1,6,0.83
PsbL,23,11,34,0.68
PsbM,44,39,83,0.53
PsbN,40,37,77,0.52
PsbP,50,44,94,0.53
PsbS,14,19,33,0.42
Psbb,48,28,76,0.63
Psbh,0,0,0,
Psbl,17,8,25,0.68
Psbm,23,17,40,0.57
Psbn,28,36,64,0.44
Psbs,10,14,24,0.42
PshB,3,1,4,0.75
PshH,0,0,0,
PshK,0,1,1,0.0
PshL,1,2,3,0.33
PshM,3,4,7,0.43
PshN,3,1,4,0.75
PshP,3,3,6,0.5
PshS,0,3,3,0.0
Pshb,1,0,1,1.0
Pshh,2,0,2,1.0
Pshl,1,0,1,1.0
Pshm,5,3,8,0.62
Pshn,1,3,4,0.25
Pshs,1,1,2,0.5
PslB,11,15,26,0.42
PslD,2,0,2,1.0
PslH,8,7,15,0.53
PslI,2,2,4,0.5
PslJ,8,10,18,0.44
PslK,2,0,2,1.0
PslL,11,7,18,0.61
PslM,24,20,44,0.55
PslN,19,22,41,0.46
PslP,30,12,42,0.71
PslS,11,10,21,0.52
Pslb,19,19,38,0.5
Psll,9,11,20,0.45
Pslm,17,12,29,0.59
Psln,14,22,36,0.39
Psls,15,14,29,0.52
PsmB,36,30,66,0.55
PsmD,7,3,10,0.7
PsmH,26,25,51,0.51
PsmI,4,2,6,0.67
PsmJ,4,9,13,0.31
PsmK,1,2,3,0.33
PsmL,19,18,37,0.51
PsmM,31,27,58,0.53
PsmN,30,39,69,0.43
PsmP,37,35,72,0.51
PsmS,18,29,47,0.38
Psmb,46,29,75,0.61
Psmh,0,1,1,0.0
Psml,14,13,27,0.52
Psmm,35,21,56,0.62
Psmn,26,23,49,0.53
Psms,18,12,30,0.6
PsnB,14,30,44,0.32
PsnD,3,3,6,0.5
PsnH,12,16,28,0.43
PsnI,5,4,9,0.56
PsnK,1,3,4,0.25
PsnL,13,9,22,0.59
PsnM,23,28,51,0.45
PsnN,37,30,67,0.55
PsnP,34,43,77,0.44
PsnS,20,27,47,0.43
Psnb,34,27,61,0.56
Psnh,1,0,1,1.0
Psnl,12,16,28,0.43
Psnm,19,23,42,0.45
Psnn,27,31,58,0.47
Psns,16,24,40,0.4
PssB,21,15,36,0.58
PssD,10,4,14,0.71
PssH,23,33,56,0.41
PssI,4,6,10,0.4
PssK,1,0,1,1.0
PssL,13,8,21,0.62
PssM,25,26,51,0.49
PssN,28,29,57,0.49
PssP,33,44,77,0.43
PssS,41,33,74,0.55
Pssb,33,27,60,0.55
Pssh,3,1,4,0.75
Pssl,20,12,32,0.62
Pssm,30,20,50,0.6
Pssn,25,16,41,0.61
Psss,36,32,68,0.53
SBBB,9,23,32,0.28
SBBD,0,2,2,0.0
SBBK,4,1,5,0.8
SBBL,7,2,9,0.78
SBBM,13,17,30,0.43
SBBN,18,12,30,0.6
SBBP,16,20,36,0.44
SBBS,12,14,26,0.46
SBBT,3,2,5,0.6
SBBb,16,20,36,0.44
SBBh,4,4,8,0.5
SBBj,4,6,10,0.4
SBBl,4,10,14,0.29
SBBm,20,19,39,0.51
SBBn,20,27,47,0.43
SBBs,9,6,15,0.6
SBDB,4,1,5,0.8
SBDD,0,2,2,0.0
SBDH,1,3,4,0.25
SBDI,1,0,1,1.0
SBDL,1,1,2,0.5
SBDM,3,3,6,0.5
SBDN,2,2,4,0.5
SBDP,4,5,9,0.44
SBDS,2,1,3,0.67
SBDT,2,0,2,1.0
SBDb,2,1,3,0.67
SBDl,2,0,2,1.0
SBDm,3,2,5,0.6
SBDn,1,1,2,0.5
SBHL,1,0,1,1.0
SBHm,1,0,1,1.0
SBIs,0,1,1,0.0
SBKB,3,1,4,0.75
SBKD,0,0,0,
SBKI,1,0,1,1.0
SBKL,2,0,2,1.0
SBKM,1,0,1,1.0
SBKN,0,1,1,0.0
SBKP,1,1,2,0.5
SBKS,2,0,2,1.0
SBKb,1,2,3,0.33
SBKh,0,3,3,0.0
SBKl,1,1,2,0.5
SBKm,3,2,5,0.6
SBKn,2,0,2,1.0
SBKs,3,1,4,0.75
SBLB,6,4,10,0.6
SBLD,0,1,1,0.0
SBLH,1,1,2,0.5
SBLK,0,1,1,0.0
SBLL,2,10,12,0.17
SBLM,3,3,6,0.5
SBLN,5,5,10,0.5
SBLP,7,8,15,0.47
SBLS,1,5,6,0.17
SBLT,2,2,4,0.5
SBLb,10,10,20,0.5
SBLh,1,6,7,0.14
SBLj,5,2,7,0.71
SBLl,1,1,2,0.5
SBLm,13,6,19,0.68
SBLn,9,12,21,0.43
SBLs,10,6,16,0.62
SBMB,17,15,32,0.53
SBMD,1,3,4,0.25
SBMH,0,1,1,0.0
SBMI,1,0,1,1.0
SBMK,0,1,1,0.0
SBML,3,4,7,0.43
SBMM,13,12,25,0.52
SBMN,7,14,21,0.33
SBMP,17,22,39,0.44
SBMS,10,7,17,0.59
SBMT,3,1,4,0.75
SBMb,17,16,33,0.52
SBMh,11,7,18,0.61
SBMj,6,6,12,0.5
SBMl,6,11,17,0.35
SBMm,17,22,39,0.44
SBMn,26,17,43,0.6
SBMs,8,4,12,0.67
SBNB,13,25,38,0.34
SBND,1,1,2,0.5
SBNH,1,3,4,0.25
SBNK,1,2,3,0.33
SBNL,13,3,16,0.81
SBNM,17,15,32,0.53
SBNN,29,19,48,0.6
SBNP,40,27,67,0.6
SBNS,12,17,29,0.41
SBNT,3,4,7,0.43
SBNb,18,14,32,0.56
SBNh,5,11,16,0.31
SBNl,6,7,13,0.46
SBNm,21,18,39,0.54
SBNn,26,29,55,0.47
SBNs,18,11,29,0.62
SBPB,23,25,48,0.48
SBPD,6,0,6,1.0
SBPH,2,3,5,0.4
SBPI,1,2,3,0.33
SBPK,4,3,7,0.57
SBPL,10,11,21,0.48
SBPM,20,26,46,0.43
SBPN,24,36,60,0.4
SBPP,44,39,83,0.53
SBPS,14,14,28,0.5
SBPT,3,6,9,0.33
SBPb,17,17,34,0.5
SBPh,6,0,6,1.0
SBPl,12,10,22,0.55
SBPm,27,21,48,0.56
SBPn,31,22,53,0.58
SBPs,12,12,24,0.5
SBSB,6,11,17,0.35
SBSD,1,3,4,0.25
SBSH,3,4,7,0.43
SBSI,0,1,1,0.0
SBSK,1,2,3,0.33
SBSL,4,4,8,0.5
SBSM,13,20,33,0.39
SBSN,10,13,23,0.43
SBSP,15,15,30,0.5
SBSS,12,14,26,0.46
SBST,0,3,3,0.0
SBSb,19,11,30,0.63
SBSh,7,6,13,0.54
SBSl,6,3,9,0.67
SBSm,19,9,28,0.68
SBSn,12,7,19,0.63
SBSs,11,12,23,0.48
SBTB,2,0,2,1.0
SBTD,0,1,1,0.0
SBTH,1,1,2,0.5
SBTK,1,0,1,1.0
SBTL,1,0,1,1.0
SBTM,1,1,2,0.5
SBTN,3,1,4,0.75
SBTP,3,4,7,0.43
SBTS,2,1,3,0.67
SBTT,0,1,1,0.0
SBTb,3,3,6,0.5
SBTl,3,1,4,0.75
SBTm,6,2,8,0.75
SBTn,5,3,8,0.62
SBTs,1,1,2,0.5
SBbB,19,18,37,0.51
SBbD,1,3,4,0.25
SBbH,1,8,9,0.11
SBbJ,8,7,15,0.53
SBbK,3,0,3,1.0
SBbL,12,8,20,0.6
SBbM,21,23,44,0.48
SBbN,26,22,48,0.54
SBbP,35,30,65,0.54
SBbS,8,10,18,0.44
SBbb,22,12,34,0.65
SBbl,5,9,14,0.36
SBbm,20,12,32,0.62
SBbn,26,16,42,0.62
SBbs,13,8,21,0.62
SBhB,1,0,1,1.0
SBhD,0,0,0,
SBhL,0,2,2,0.0
SBhM,1,1,2,0.5
SBhN,5,2,7,0.71
SBhP,6,5,11,0.55
SBhS,2,1,3,0.67
SBhT,0,2,2,0.0
SBhb,4,1,5,0.8
SBhh,1,2,3,0.33
SBhl,2,2,4,0.5
SBhm,4,3,7,0.57
SBhn,4,4,8,0.5
SBhs,3,2,5,0.6
SBjB,7,8,15,0.47
SBjH,5,1,6,0.83
SBjI,2,0,2,1.0
SBjK,0,2,2,0.0
SBjL,0,4,4,0.0
SBjM,4,14,18,0.22
SBjN,10,4,14,0.71
SBjP,14,12,26,0.54
SBjS,6,5,11,0.55
SBjT,1,1,2,0.5
SBjb,3,5,8,0.38
SBjh,0,1,1,0.0
SBjl,1,3,4,0.25
SBjm,7,9,16,0.44
SBjn,4,9,13,0.31
SBjs,2,3,5,0.4
SBlB,8,3,11,0.73
SBlD,0,1,1,0.0
SBlH,2,3,5,0.4
SBlJ,0,1,1,0.0
SBlK,0,0,0,
SBlL,2,4,6,0.33
SBlM,3,8,11,0.27
SBlN,7,15,22,0.32
SBlP,8,11,19,0.42
SBlS,12,7,19,0.63
SBlb,12,15,27,0.44
SBll,2,4,6,0.33
SBlm,7,7,14,0.5
SBln,5,9,14,0.36
SBls,4,5,9,0.44
SBmB,14,14,28,0.5
SBmD,4,4,8,0.5
SBmH,9,9,18,0.5
SBmI,2,1,3,0.67
SBmJ,0,6,6,0.0
SBmL,4,7,11,0.36
SBmM,20,18,38,0.53
SBmN,34,22,56,0.61
SBmP,26,15,41,0.63
SBmS,12,16,28,0.43
SBmb,10,15,25,0.4
SBml,8,1,9,0.89
SBmm,16,10,26,0.62
SBmn,16,11,27,0.59
SBms,7,9,16,0.44
SBnB,22,23,45,0.49
SBnD,3,5,8,0.38
SBnH,7,8,15,0.47
SBnI,6,1,7,0.86
SBnK,0,3,3,0.0
SBnL,6,9,15,0.4
SBnM,25,23,48,0.52
SBnN,37,38,75,0.49
SBnP,40,39,79,0.51
SBnS,15,20,35,0.43
SBnb,17,17,34,0.5
SBnh,2,1,3,0.67
SBnl,8,6,14,0.57
SBnm,24,23,47,0.51
SBnn,28,27,55,0.51
SBns,22,17,39,0.56
SBsB,7,6,13,0.54
SBsD,2,1,3,0.67
SBsH,7,5,12,0.58
SBsI,1,1,2,0.5
SBsL,4,6,10,0.4
SBsM,13,6,19,0.68
SBsN,12,8,20,0.6
SBsP,15,16,31,0.48
SBsS,15,14,29,0.52
SBsb,6,14,20,0.3
SBsl,9,2,11,0.82
SBsm,8,11,19,0.42
SBsn,11,14,25,0.44
SBss,9,11,20,0.45
SDBB,3,1,4,0.75
SDBD,1,0,1,1.0
SDBK,0,1,1,0.0
SDBL,1,2,3,0.33
SDBM,2,3,5,0.4
SDBN,4,2,6,0.67
SDBP,3,1,4,0.75
SDBS,0,3,3,0.0
SDBT,0,2,2,0.0
SDBb,4,1,5,0.8
SDBj,2,2,4,0.5
SDBl,1,0,1,1.0
SDBm,3,2,5,0.6
SDBn,2,1,3,0.67
SDBs,0,1,1,0.0
SDDB,2,1,3,0.67
SDDD,5,0,5,1.0
SDDH,0,3,3,0.0
SDDM,0,3,3,0.0
SDDP,0,0,0,
SDDS,3,2,5,0.6
SDDb,0,2,2,0.0
SDDl,0,1,1,0.0
SDDm,3,3,6,0.5
SDDn,0,2,2,0.0
SDDs,0,1,1,0.0
SDHB,0,2,2,0.0
SDHD,0,1,1,0.0
SDHH,1,2,3,0.33
SDHI,1,0,1,1.0
SDHL,1,1,2,0.5
SDHM,2,4,6,0.33
SDHN,2,6,8,0.25
SDHP,1,7,8,0.12
SDHS,3,2,5,0.6
SDHT,0,1,1,0.0
SDHb,1,7,8,0.12
SDHh,2,0,2,1.0
SDHl,2,2,4,0.5
SDHm,9,2,11,0.82
SDHn,1,2,3,0.33
SDHs,3,3,6,0.5
SDID,0,0,0,
SDIM,0,1,1,0.0
SDIS,2,1,3,0.67
SDIm,1,0,1,1.0
SDIn,0,0,0,
SDKD,1,0,1,1.0
SDKs,0,1,1,0.0
SDLB,0,1,1,0.0
SDLD,1,0,1,1.0
SDLK,0,2,2,0.0
SDLL,0,0,0,
SDLM,2,1,3,0.67
SDLN,0,1,1,0.0
SDLP,0,4,4,0.0
SDLS,0,1,1,0.0
SDLb,1,1,2,0.5
SDLh,1,0,1,1.0
SDLm,1,0,1,1.0
SDLn,1,2,3,0.33
SDLs,1,0,1,1.0
SDMB,7,6,13,0.54
SDMD,4,0,4,1.0
SDMH,0,1,1,0.0
SDML,1,0,1,1.0
SDMM,3,9,12,0.25
SDMN,2,0,2,1.0
SDMP,7,4,11,0.64
SDMS,5,6,11,0.45
SDMb,10,4,14,0.71
SDMh,3,4,7,0.43
SDMj,0,1,1,0.0
SDMl,1,0,1,1.0
SDMm,8,5,13,0.62
SDMn,4,1,5,0.8
SDMs,3,3,6,0.5
SDNB,0,3,3,0.0
SDND,1,0,1,1.0
SDNK,0,1,1,0.0
SDNL,1,0,1,1.0
SDNM,4,4,8,0.5
SDNN,4,4,8,0.5
SDNP,1,7,8,0.12
SDNS,3,4,7,0.43
SDNT,0,0,0,
SDNb,2,3,5,0.4
SDNh,0,1,1,0.0
SDNl,1,0,1,1.0
SDNm,3,4,7,0.43
SDNn,2,4,6,0.33
SDNs,2,3,5,0.4
SDPB,5,3,8,0.62
SDPD,1,1,2,0.5
SDPH,0,1,1,0.0
SDPK,2,1,3,0.67
SDPL,2,6,8,0.25
SDPM,5,11,16,0.31
SDPN,5,1,6,0.83
SDPP,6,3,9,0.67
SDPS,1,6,7,0.14
SDPT,0,1,1,0.0
SDPb,2,5,7,0.29
SDPh,1,0,1,1.0
SDPl,3,1,4,0.75
SDPm,5,7,12,0.42
SDPn,1,1,2,0.5
SDPs,2,3,5,0.4
SDSB,2,4,6,0.33
SDSD,3,0,3,1.0
SDSH,1,2,3,0.33
SDSI,1,1,2,0.5
SDSK,0,0,0,
SDSL,3,3,6,0.5
SDSM,7,2,9,0.78
SDSN,4,7,11,0.36
SDSP,5,1,6,0.83
SDSS,8,7,15,0.53
SDST,1,1,2,0.5
SDSb,5,1,6,0.83
SDSh,3,3,6,0.5
SDSl,1,2,3,0.33
SDSm,5,4,9,0.56
SDSn,3,3,6,0.5
SDSs,4,4,8,0.5
SDTH,0,1,1,0.0
SDTL,0,1,1,0.0
SDTM,0,0,0,
SDTP,0,2,2,0.0
SDTS,2,1,3,0.67
SDTl,0,1,1,0.0
SDTm,2,0,2,1.0
SDTn,1,0,1,1.0
SDTs,1,0,1,1.0
SDbB,1,1,2,0.5
SDbH,2,0,2,1.0
SDbJ,4,0,4,1.0
SDbL,1,1,2,0.5
SDbM,5,2,7,0.71
SDbN,3,2,5,0.6
SDbP,4,1,5,0.8
SDbS,3,2,5,0.6
SDbb,1,2,3,0.33
SDbl,0,0,0,
SDbm,2,2,4,0.5
SDbn,2,1,3,0.67
SDbs,2,1,3,0.67
SDhM,1,0,1,1.0
SDhN,1,1,2,0.5
SDhP,0,0,0,
SDhS,1,0,1,1.0
SDhn,1,0,1,1.0
SDhs,0,0,0,
SDlB,1,1,2,0.5
SDlD,0,1,1,0.0
SDlK,1,0,1,1.0
SDlL,1,0,1,1.0
SDlM,1,0,1,1.0
SDlN,1,1,2,0.5
SDlP,0,0,0,
SDlS,1,1,2,0.5
SDlb,1,3,4,0.25
SDll,0,1,1,0.0
SDlm,2,0,2,1.0
SDln,0,1,1,0.0
SDls,1,1,2,0.5
SDmB,4,5,9,0.44
SDmD,1,0,1,1.0
SDmH,3,1,4,0.75
SDmI,1,0,1,1.0
SDmL,0,1,1,0.0
SDmM,3,6,9,0.33
SDmN,1,10,11,0.09
SDmP,5,6,11,0.45
SDmS,3,2,5,0.6
SDmb,5,2,7,0.71
SDmh,0,2,2,0.0
SDml,2,1,3,0.67
SDmm,3,5,8,0.38
SDmn,6,1,7,0.86
SDms,3,2,5,0.6
SDnB,3,4,7,0.43
SDnH,0,1,1,0.0
SDnI,1,1,2,0.5
SDnK,0,2,2,0.0
SDnM,3,2,5,0.6
SDnN,3,8,11,0.27
SDnP,7,7,14,0.5
SDnS,3,5,8,0.38
SDnb,3,4,7,0.43
SDnl,1,1,2,0.5
SDnm,6,1,7,0.86
SDnn,2,3,5,0.4
SDns,2,0,2,1.0
SDsB,3,1,4,0.75
SDsD,0,2,2,0.0
SDsH,5,1,6,0.83
SDsK,0,2,2,0.0
SDsL,0,1,1,0.0
SDsM,4,5,9,0.44
SDsN,1,3,4,0.25
SDsP,3,2,5,0.6
SDsS,2,6,8,0.25
SDsb,5,6,11,0.45
SDsh,0,1,1,0.0
SDsl,0,2,2,0.0
SDsm,3,7,10,0.3
SDsn,2,2,4,0.5
SDss,4,2,6,0.67
SHBB,5,4,9,0.56
SHBD,1,0,1,1.0
SHBL,1,0,1,1.0
SHBM,3,8,11,0.27
SHBN,11,6,17,0.65
SHBP,5,9,14,0.36
SHBS,2,4,6,0.33
SHBT,0,3,3,0.0
SHBb,12,6,18,0.67
SHBh,0,1,1,0.0
SHBj,3,2,5,0.6
SHBl,3,4,7,0.43
SHBm,5,4,9,0.56
SHBn,6,7,13,0.46
SHBs,4,6,10,0.4
SHDB,1,0,1,1.0
SHDD,2,0,2,1.0
SHDH,1,1,2,0.5
SHDI,0,0,0,
SHDL,0,0,0,
SHDM,2,0,2,1.0
SHDN,0,1,1,0.0
SHDP,1,3,4,0.25
SHDS,1,3,4,0.25
SHDb,0,2,2,0.0
SHDh,0,1,1,0.0
SHDm,1,3,4,0.25
SHDn,1,1,2,0.5
SHDs,1,1,2,0.5
SHHB,3,2,5,0.6
SHHD,1,1,2,0.5
SHHH,2,0,2,1.0
SHHK,0,0,0,
SHHL,0,1,1,0.0
SHHM,1,3,4,0.25
SHHN,3,4,7,0.43
SHHP,5,4,9,0.56
SHHS,4,3,7,0.57
SHHb,3,4,7,0.43
SHHh,0,0,0,
SHHl,2,4,6,0.33
SHHm,3,3,6,0.5
SHHn,1,1,2,0.5
SHHs,3,5,8,0.38
SHIB,3,3,6,0.5
SHID,1,0,1,1.0
SHIH,0,1,1,0.0
SHIL,2,0,2,1.0
SHIM,0,2,2,0.0
SHIN,0,3,3,0.0
SHIP,2,1,3,0.67
SHIS,1,3,4,0.25
SHIb,3,1,4,0.75
SHIm,2,2,4,0.5
SHIn,2,2,4,0.5
SHIs,1,1,2,0.5
SHKB,0,1,1,0.0
SHKH,1,0,1,1.0
SHKL,0,1,1,0.0
SHKM,0,1,1,0.0
SHKN,0,1,1,0.0
SHKP,4,0,4,1.0
SHKS,1,1,2,0.5
SHKT,0,0,0,
SHKb,0,3,3,0.0
SHKh,0,1,1,0.0
SHKm,1,1,2,0.5
SHKn,2,0,2,1.0
SHKs,1,0,1,1.0
SHLB,2,1,3,0.67
SHLD,2,0,2,1.0
SHLK,1,0,1,1.0
SHLL,2,0,2,1.0
SHLM,3,1,4,0.75
SHLN,6,1,7,0.86
SHLP,2,5,7,0.29
SHLS,1,1,2,0.5
SHLb,2,4,6,0.33
SHLh,3,4,7,0.43
SHLj,2,0,2,1.0
SHLl,4,2,6,0.67
SHLm,3,1,4,0.75
SHLn,6,6,12,0.5
SHLs,4,0,4,1.0
SHMB,11,8,19,0.58
SHMD,0,1,1,0.0
SHMH,0,1,1,0.0
SHML,4,6,10,0.4
SHMM,13,17,30,0.43
SHMN,8,12,20,0.4
SHMP,10,14,24,0.42
SHMS,6,9,15,0.4
SHMT,1,1,2,0.5
SHMb,11,11,22,0.5
SHMh,10,8,18,0.56
SHMj,1,6,7,0.14
SHMl,3,7,10,0.3
SHMm,9,7,16,0.56
SHMn,16,13,29,0.55
SHMs,4,5,9,0.44
SHNB,4,9,13,0.31
SHND,4,2,6,0.67
SHNH,0,4,4,0.0
SHNK,1,0,1,1.0
SHNL,5,3,8,0.62
SHNM,12,6,18,0.67
SHNN,10,7,17,0.59
SHNP,14,16,30,0.47
SHNS,5,5,10,0.5
SHNT,2,1,3,0.67
SHNb,10,3,13,0.77
SHNh,3,3,6,0.5
SHNl,4,5,9,0.44
SHNm,11,8,19,0.58
SHNn,8,15,23,0.35
SHNs,8,3,11,0.73
SHPB,10,7,17,0.59
SHPD,0,2,2,0.0
SHPH,1,5,6,0.17
SHPI,1,0,1,1.0
SHPK,0,1,1,0.0
SHPL,4,7,11,0.36
SHPM,16,14,30,0.53
SHPN,9,11,20,0.45
SHPP,16,19,35,0.46
SHPS,6,13,19,0.32
SHPT,1,0,1,1.0
SHPb,10,15,25,0.4
SHPh,1,2,3,0.33
SHPl,6,4,10,0.6
SHPm,9,13,22,0.41
SHPn,11,10,21,0.52
SHPs,12,13,25,0.48
SHSB,14,9,23,0.61
SHSD,1,1,2,0.5
SHSH,4,13,17,0.24
SHSI,1,0,1,1.0
SHSK,1,1,2,0.5
SHSL,4,4,8,0.5
SHSM,8,17,25,0.32
SHSN,9,9,18,0.5
SHSP,10,9,19,0.53
SHSS,19,22,41,0.46
SHST,1,0,1,1.0
SHSb,6,11,17,0.35
SHSh,11,5,16,0.69
SHSl,1,4,5,0.2
SHSm,17,10,27,0.63
SHSn,9,3,12,0.75
SHSs,16,16,32,0.5
SHTL,1,0,1,1.0
SHTM,0,2,2,0.0
SHTN,0,1,1,0.0
SHTP,0,1,1,0.0
SHTS,0,1,1,0.0
SHTb,4,2,6,0.67
SHTm,1,0,1,1.0
SHTn,0,1,1,0.0
SHTs,2,0,2,1.0
SHbB,12,7,19,0.63
SHbD,2,0,2,1.0
SHbH,3,2,5,0.6
SHbI,3,0,3,1.0
SHbJ,5,2,7,0.71
SHbK,1,3,4,0.25
SHbL,3,5,8,0.38
SHbM,10,6,16,0.62
SHbN,13,11,24,0.54
SHbP,15,10,25,0.6
SHbS,11,5,16,0.69
SHbb,16,8,24,0.67
SHbl,6,2,8,0.75
SHbm,12,4,16,0.75
SHbn,13,8,21,0.62
SHbs,7,9,16,0.44
SHhB,4,2,6,0.67
SHhD,0,1,1,0.0
SHhH,0,1,1,0.0
SHhI,0,1,1,0.0
SHhL,1,2,3,0.33
SHhM,2,3,5,0.4
SHhN,3,3,6,0.5
SHhP,4,4,8,0.5
SHhS,5,4,9,0.56
SHhT,0,1,1,0.0
SHhb,8,5,13,0.62
SHhh,1,3,4,0.25
SHhl,3,2,5,0.6
SHhm,7,7,14,0.5
SHhn,1,5,6,0.17
SHhs,8,2,10,0.8
SHlB,1,4,5,0.2
SHlD,2,1,3,0.67
SHlH,2,1,3,0.67
SHlI,1,0,1,1.0
SHlJ,0,1,1,0.0
SHlL,4,2,6,0.67
SHlM,8,5,13,0.62
SHlN,3,5,8,0.38
SHlP,6,5,11,0.55
SHlS,5,5,10,0.5
SHlb,3,6,9,0.33
SHll,4,1,5,0.8
SHlm,7,2,9,0.78
SHln,3,5,8,0.38
SHls,3,8,11,0.27
SHmB,7,6,13,0.54
SHmD,3,3,6,0.5
SHmH,9,4,13,0.69
SHmJ,3,3,6,0.5
SHmL,5,4,9,0.56
SHmM,18,15,33,0.55
SHmN,14,11,25,0.56
SHmP,16,9,25,0.64
SHmS,15,11,26,0.58
SHmb,8,6,14,0.57
SHml,5,2,7,0.71
SHmm,9,15,24,0.38
SHmn,12,7,19,0.63
SHms,10,7,17,0.59
SHnB,8,9,17,0.47
SHnD,3,3,6,0.5
SHnH,2,2,4,0.5
SHnI,3,1,4,0.75
SHnK,1,2,3,0.33
SHnL,2,7,9,0.22
SHnM,16,7,23,0.7
SHnN,16,11,27,0.59
SHnP,16,9,25,0.64
SHnS,12,8,20,0.6
SHnb,6,7,13,0.46
SHnh,3,2,5,0.6
SHnl,1,3,4,0.25
SHnm,11,9,20,0.55
SHnn,10,8,18,0.56
SHns,12,10,22,0.55
SHsB,5,4,9,0.56
SHsD,3,1,4,0.75
SHsH,1,15,16,0.06
SHsK,1,2,3,0.33
SHsL,4,1,5,0.8
SHsM,6,6,12,0.5
SHsN,9,12,21,0.43
SHsP,13,15,28,0.46
SHsS,12,20,32,0.38
SHsb,16,11,27,0.59
SHsh,2,3,5,0.4
SHsl,7,0,7,1.0
SHsm,9,7,16,0.56
SHsn,7,9,16,0.44
SHss,10,12,22,0.45
SIBD,0,1,1,0.0
SIBM,2,1,3,0.67
SIBN,1,1,2,0.5
SIBP,1,1,2,0.5
SIBS,0,1,1,0.0
SIBb,0,2,2,0.0
SIBm,0,1,1,0.0
SIBn,1,0,1,1.0
SIBs,1,1,2,0.5
SIDD,2,1,3,0.67
SIDP,0,1,1,0.0
SIDS,0,1,1,0.0
SIDm,0,1,1,0.0
SIDn,0,1,1,0.0
SIDs,1,0,1,1.0
SIHB,1,0,1,1.0
SIHN,1,0,1,1.0
SIHS,1,0,1,1.0
SIHb,1,1,2,0.5
SIHh,1,1,2,0.5
SIHl,0,0,0,
SIHm,3,1,4,0.75
SIHs,2,1,3,0.67
SIIS,0,1,1,0.0
SIIm,1,0,1,1.0
SIKh,0,0,0,
SILB,0,1,1,0.0
SILM,0,0,0,
SILP,2,0,2,1.0
SILb,1,0,1,1.0
SILm,3,0,3,1.0
SILs,0,1,1,0.0
SIMB,1,3,4,0.25
SIMD,3,0,3,1.0
SIML,1,0,1,1.0
SIMM,1,5,6,0.17
SIMP,1,1,2,0.5
SIMS,3,1,4,0.75
SIMb,2,1,3,0.67
SIMh,0,1,1,0.0
SIMj,0,1,1,0.0
SIMl,0,0,0,
SIMm,2,0,2,1.0
SIMn,0,1,1,0.0
SIMs,0,0,0,
SINB,0,1,1,0.0
SIND,1,0,1,1.0
SINM,3,1,4,0.75
SINN,1,1,2,0.5
SINP,1,1,2,0.5
SINm,1,0,1,1.0
SINn,1,0,1,1.0
SINs,0,1,1,0.0
SIPB,1,0,1,1.0
SIPM,0,2,2,0.0
SIPN,1,2,3,0.33
SIPP,0,0,0,
SIPS,3,1,4,0.75
SIPb,1,1,2,0.5
SIPl,1,0,1,1.0
SIPm,2,0,2,1.0
SIPs,1,1,2,0.5
SISB,4,0,4,1.0
SISD,1,0,1,1.0
SISI,1,1,2,0.5
SISL,0,1,1,0.0
SISM,1,1,2,0.5
SISP,0,0,0,
SISS,0,3,3,0.0
SIST,1,0,1,1.0
SISb,2,0,2,1.0
SISh,0,1,1,0.0
SISl,1,1,2,0.5
SISm,1,2,3,0.33
SISn,1,0,1,1.0
SISs,0,2,2,0.0
SITM,0,0,0,
SITP,1,0,1,1.0
SITm,1,0,1,1.0
SITn,1,0,1,1.0
SIbB,0,3,3,0.0
SIbH,1,0,1,1.0
SIbJ,2,1,3,0.67
SIbN,0,2,2,0.0
SIbP,2,0,2,1.0
SIbb,0,1,1,0.0
SIbm,0,1,1,0.0
SIbn,1,3,4,0.25
SIbs,0,1,1,0.0
SIhS,0,1,1,0.0
SIlI,0,1,1,0.0
SIlS,0,1,1,0.0
SIll,1,0,1,1.0
SIln,0,0,0,
SImB,1,1,2,0.5
SImD,1,1,2,0.5
SImH,1,1,2,0.5
SImJ,0,1,1,0.0
SImK,1,0,1,1.0
SImM,1,1,2,0.5
SImN,1,1,2,0.5
SImS,1,1,2,0.5
SImb,1,0,1,1.0
SImh,0,1,1,0.0
SImm,1,1,2,0.5
SIms,0,0,0,
SInH,1,0,1,1.0
SInK,1,0,1,1.0
SInM,1,1,2,0.5
SInP,1,0,1,1.0
SInb,1,1,2,0.5
SInl,0,0,0,
SInn,0,1,1,0.0
SIsL,0,1,1,0.0
SIsM,1,0,1,1.0
SIsP,3,0,3,1.0
SIsS,3,0,3,1.0
SIsh,1,0,1,1.0
SIsn,0,1,1,0.0
SIss,1,1,2,0.5
SKBB,0,1,1,0.0
SKBL,1,0,1,1.0
SKBM,0,2,2,0.0
SKBN,1,1,2,0.5
SKBP,2,1,3,0.67
SKBb,0,1,1,0.0
SKBj,0,1,1,0.0
SKBm,1,0,1,1.0
SKBn,2,2,4,0.5
SKDP,1,0,1,1.0
SKHL,2,0,2,1.0
SKHN,0,1,1,0.0
SKHP,1,0,1,1.0
SKIn,0,2,2,0.0
SKKB,1,0,1,1.0
SKKs,0,1,1,0.0
SKLM,1,0,1,1.0
SKLN,1,0,1,1.0
SKLP,0,1,1,0.0
SKLb,1,0,1,1.0
SKLl,0,0,0,
SKLm,2,0,2,1.0
SKLs,0,1,1,0.0
SKMB,2,1,3,0.67
SKMM,1,0,1,1.0
SKMN,1,0,1,1.0
SKMP,3,2,5,0.6
SKMS,2,1,3,0.67
SKMb,0,0,0,
SKMh,0,2,2,0.0
SKMj,0,1,1,0.0
SKMl,0,1,1,0.0
SKMm,1,0,1,1.0
SKMn,0,1,1,0.0
SKNB,0,1,1,0.0
SKNM,0,1,1,0.0
SKNP,0,0,0,
SKNS,0,1,1,0.0
SKNl,1,2,3,0.33
SKNm,1,1,2,0.5
SKNn,1,3,4,0.25
SKPB,3,1,4,0.75
SKPH,1,0,1,1.0
SKPK,1,0,1,1.0
SKPM,0,1,1,0.0
SKPN,1,0,1,1.0
SKPP,0,1,1,0.0
SKPS,0,1,1,0.0
SKPT,0,1,1,0.0
SKPb,2,1,3,0.67
SKPl,0,1,1,0.0
SKPm,1,0,1,1.0
SKPn,1,2,3,0.33
SKSM,0,2,2,0.0
SKSP,1,1,2,0.5
SKSS,1,0,1,1.0
SKSh,1,0,1,1.0
SKSm,0,0,0,
SKSn,0,1,1,0.0
SKSs,0,2,2,0.0
SKbB,0,1,1,0.0
SKbL,1,0,1,1.0
SKbM,1,1,2,0.5
SKbN,0,0,0,
SKbP,2,1,3,0.67
SKbb,1,0,1,1.0
SKbl,2,0,2,1.0
SKbm,0,2,2,0.0
SKbn,2,0,2,1.0
SKhL,2,0,2,1.0
SKhM,0,2,2,0.0
SKhN,1,1,2,0.5
SKhP,0,2,2,0.0
SKhS,1,0,1,1.0
SKhb,1,0,1,1.0
SKhh,1,1,2,0.5
SKhl,0,1,1,0.0
SKlB,1,0,1,1.0
SKlH,2,0,2,1.0
SKlK,0,1,1,0.0
SKlL,1,0,1,1.0
SKlM,0,1,1,0.0
SKlN,0,1,1,0.0
SKlS,0,1,1,0.0
SKlb,1,1,2,0.5
SKlm,0,1,1,0.0
SKls,0,1,1,0.0
SKmH,0,0,0,
SKmM,1,2,3,0.33
SKmN,1,2,3,0.33
SKmP,2,0,2,1.0
SKmb,2,0,2,1.0
SKml,0,0,0,
SKmm,1,2,3,0.33
SKmn,0,1,1,0.0
SKms,0,1,1,0.0
SKnB,1,0,1,1.0
SKnM,1,1,2,0.5
SKnN,1,1,2,0.5
SKnP,0,0,0,
SKnS,2,1,3,0.67
SKnb,1,2,3,0.33
SKnm,1,0,1,1.0
SKnn,2,0,2,1.0
SKns,2,1,3,0.67
SKsB,0,1,1,0.0
SKsD,1,0,1,1.0
SKsK,0,0,0,
SKsL,0,0,0,
SKsM,2,2,4,0.5
SKsN,2,1,3,0.67
SKsP,1,1,2,0.5
SKsl,1,1,2,0.5
SKsm,1,1,2,0.5
SKsn,2,0,2,1.0
SKss,1,0,1,1.0
SLBB,10,16,26,0.38
SLBD,1,0,1,1.0
SLBH,1,0,1,1.0
SLBK,0,1,1,0.0
SLBL,3,6,9,0.33
SLBM,4,15,19,0.21
SLBN,8,11,19,0.42
SLBP,11,17,28,0.39
SLBS,2,6,8,0.25
SLBT,0,0,0,
SLBb,13,7,20,0.65
SLBh,2,0,2,1.0
SLBj,2,6,8,0.25
SLBl,4,3,7,0.57
SLBm,15,8,23,0.65
SLBn,13,7,20,0.65
SLBs,8,3,11,0.73
SLDB,2,0,2,1.0
SLDD,1,0,1,1.0
SLDH,1,3,4,0.25
SLDL,3,0,3,1.0
SLDM,1,3,4,0.25
SLDN,1,0,1,1.0
SLDP,2,0,2,1.0
SLDb,1,1,2,0.5
SLDm,1,0,1,1.0
SLDn,0,0,0,
SLDs,0,1,1,0.0
SLHP,0,1,1,0.0
SLHl,1,0,1,1.0
SLHm,0,1,1,0.0
SLKB,0,1,1,0.0
SLKP,0,1,1,0.0
SLKS,1,0,1,1.0
SLKb,0,2,2,0.0
SLKh,0,1,1,0.0
SLKl,1,1,2,0.5
SLKm,0,0,0,
SLKn,1,1,2,0.5
SLLB,6,1,7,0.86
SLLH,1,0,1,1.0
SLLK,1,0,1,1.0
SLLL,2,1,3,0.67
SLLM,2,2,4,0.5
SLLN,1,3,4,0.25
SLLP,5,8,13,0.38
SLLS,2,4,6,0.33
SLLT,0,1,1,0.0
SLLb,6,5,11,0.55
SLLh,1,2,3,0.33
SLLj,0,2,2,0.0
SLLl,2,2,4,0.5
SLLm,3,1,4,0.75
SLLn,6,2,8,0.75
SLLs,1,0,1,1.0
SLMB,10,8,18,0.56
SLMK,1,0,1,1.0
SLML,2,1,3,0.67
SLMM,7,12,19,0.37
SLMN,5,10,15,0.33
SLMP,10,15,25,0.4
SLMS,5,6,11,0.45
SLMT,0,2,2,0.0
SLMb,15,7,22,0.68
SLMh,9,5,14,0.64
SLMj,0,5,5,0.0
SLMl,8,2,10,0.8
SLMm,6,6,12,0.5
SLMn,16,15,31,0.52
SLMs,6,5,11,0.55
SLNB,8,11,19,0.42
SLND,2,1,3,0.67
SLNH,2,0,2,1.0
SLNK,1,2,3,0.33
SLNL,2,5,7,0.29
SLNM,7,12,19,0.37
SLNN,8,18,26,0.31
SLNP,11,13,24,0.46
SLNS,7,6,13,0.54
SLNT,0,4,4,0.0
SLNb,8,8,16,0.5
SLNh,4,1,5,0.8
SLNl,5,4,9,0.56
SLNm,10,4,14,0.71
SLNn,12,14,26,0.46
SLNs,8,12,20,0.4
SLPB,8,13,21,0.38
SLPD,0,2,2,0.0
SLPH,7,3,10,0.7
SLPI,1,1,2,0.5
SLPK,0,2,2,0.0
SLPL,8,7,15,0.53
SLPM,15,8,23,0.65
SLPN,14,8,22,0.64
SLPP,28,20,48,0.58
SLPS,9,12,21,0.43
SLPT,0,0,0,
SLPb,16,11,27,0.59
SLPh,1,1,2,0.5
SLPl,11,2,13,0.85
SLPm,14,7,21,0.67
SLPn,13,12,25,0.52
SLPs,11,4,15,0.73
SLSB,4,6,10,0.4
SLSD,0,1,1,0.0
SLSH,0,2,2,0.0
SLSI,1,0,1,1.0
SLSK,0,1,1,0.0
SLSL,3,3,6,0.5
SLSM,4,9,13,0.31
SLSN,5,4,9,0.56
SLSP,6,5,11,0.55
SLSS,7,12,19,0.37
SLST,2,1,3,0.67
SLSb,4,9,13,0.31
SLSh,6,8,14,0.43
SLSl,4,1,5,0.8
SLSm,11,6,17,0.65
SLSn,5,4,9,0.56
SLSs,3,10,13,0.23
SLTD,0,1,1,0.0
SLTH,0,1,1,0.0
SLTK,2,0,2,1.0
SLTM,1,2,3,0.33
SLTN,1,3,4,0.25
SLTP,2,2,4,0.5
SLTS,1,0,1,1.0
SLTT,0,1,1,0.0
SLTb,1,2,3,0.33
SLTh,0,1,1,0.0
SLTl,0,2,2,0.0
SLTm,2,2,4,0.5
SLTn,1,2,3,0.33
SLTs,1,0,1,1.0
SLbB,7,9,16,0.44
SLbD,2,1,3,0.67
SLbH,2,1,3,0.67
SLbI,0,1,1,0.0
SLbJ,2,4,6,0.33
SLbK,0,3,3,0.0
SLbL,5,4,9,0.56
SLbM,3,9,12,0.25
SLbN,10,12,22,0.45
SLbP,18,9,27,0.67
SLbS,8,9,17,0.47
SLbb,15,8,23,0.65
SLbl,10,6,16,0.62
SLbm,5,8,13,0.38
SLbn,8,13,21,0.38
SLbs,5,8,13,0.38
SLhB,1,2,3,0.33
SLhD,0,1,1,0.0
SLhH,1,0,1,1.0
SLhL,3,3,6,0.5
SLhM,3,4,7,0.43
SLhN,6,4,10,0.6
SLhP,4,6,10,0.4
SLhS,0,3,3,0.0
SLhb,4,5,9,0.44
SLhh,3,4,7,0.43
SLhl,4,0,4,1.0
SLhm,4,4,8,0.5
SLhn,1,5,6,0.17
SLhs,3,0,3,1.0
SLjB,2,4,6,0.33
SLjH,2,3,5,0.4
SLjK,1,0,1,1.0
SLjL,7,2,9,0.78
SLjM,5,3,8,0.62
SLjN,2,2,4,0.5
SLjP,7,3,10,0.7
SLjS,6,1,7,0.86
SLjT,1,1,2,0.5
SLjb,2,6,8,0.25
SLjl,3,5,8,0.38
SLjm,4,1,5,0.8
SLjn,2,1,3,0.67
SLjs,3,3,6,0.5
SLlB,4,4,8,0.5
SLlD,2,1,3,0.67
SLlH,2,1,3,0.67
SLlI,1,0,1,1.0
SLlJ,2,1,3,0.67
SLlK,1,0,1,1.0
SLlL,5,0,5,1.0
SLlM,3,4,7,0.43
SLlN,18,4,22,0.82
SLlP,11,5,16,0.69
SLlS,5,9,14,0.36
SLlb,4,2,6,0.67
SLll,1,1,2,0.5
SLlm,6,3,9,0.67
SLln,6,6,12,0.5
SLls,3,3,6,0.5
SLmB,9,9,18,0.5
SLmD,0,1,1,0.0
SLmH,8,4,12,0.67
SLmI,0,2,2,0.0
SLmJ,4,2,6,0.67
SLmL,3,2,5,0.6
SLmM,7,18,25,0.28
SLmN,9,7,16,0.56
SLmP,11,10,21,0.52
SLmS,4,6,10,0.4
SLmb,9,10,19,0.47
SLml,1,1,2,0.5
SLmm,7,7,14,0.5
SLmn,17,7,24,0.71
SLms,5,6,11,0.45
SLnB,8,10,18,0.44
SLnD,3,1,4,0.75
SLnH,3,6,9,0.33
SLnI,0,1,1,0.0
SLnK,1,1,2,0.5
SLnL,5,8,13,0.38
SLnM,10,11,21,0.48
SLnN,17,14,31,0.55
SLnP,22,17,39,0.56
SLnS,11,8,19,0.58
SLnb,10,9,19,0.53
SLnh,1,2,3,0.33
SLnl,11,4,15,0.73
SLnm,16,6,22,0.73
SLnn,20,15,35,0.57
SLns,8,8,16,0.5
SLsB,6,4,10,0.6
SLsD,1,0,1,1.0
SLsH,11,6,17,0.65
SLsI,0,3,3,0.0
SLsL,4,3,7,0.57
SLsM,4,5,9,0.44
SLsN,8,6,14,0.57
SLsP,8,13,21,0.38
SLsS,2,15,17,0.12
SLsb,6,4,10,0.6
SLsh,0,0,0,
SLsl,3,2,5,0.6
SLsm,8,1,9,0.89
SLsn,9,9,18,0.5
SLss,11,6,17,0.65
SMBB,22,25,47,0.47
SMBD,7,3,10,0.7
SMBK,2,4,6,0.33
SMBL,13,5,18,0.72
SMBM,17,19,36,0.47
SMBN,29,26,55,0.53
SMBP,27,27,54,0.5
SMBS,12,20,32,0.38
SMBT,2,1,3,0.67
SMBb,33,22,55,0.6
SMBh,3,3,6,0.5
SMBj,8,7,15,0.53
SMBl,5,8,13,0.38
SMBm,19,19,38,0.5
SMBn,30,27,57,0.53
SMBs,4,2,6,0.67
SMDB,1,3,4,0.25
SMDD,2,1,3,0.67
SMDH,0,3,3,0.0
SMDI,0,2,2,0.0
SMDL,0,1,1,0.0
SMDM,2,6,8,0.25
SMDN,2,1,3,0.67
SMDP,6,5,11,0.55
SMDS,4,6,10,0.4
SMDb,5,5,10,0.5
SMDh,0,1,1,0.0
SMDm,8,3,11,0.73
SMDn,2,6,8,0.25
SMDs,4,0,4,1.0
SMHL,1,0,1,1.0
SMHM,0,0,0,
SMHN,0,1,1,0.0
SMHS,2,0,2,1.0
SMHb,0,1,1,0.0
SMHn,0,1,1,0.0
SMHs,0,1,1,0.0
SMIM,1,1,2,0.5
SMIN,1,0,1,1.0
SMIS,0,0,0,
SMKB,0,0,0,
SMKM,0,2,2,0.0
SMKP,2,1,3,0.67
SMKS,0,1,1,0.0
SMKb,1,0,1,1.0
SMKh,0,0,0,
SMKm,1,0,1,1.0
SMKn,0,1,1,0.0
SMKs,1,0,1,1.0
SMLB,3,6,9,0.33
SMLD,1,2,3,0.33
SMLK,2,1,3,0.67
SMLM,11,9,20,0.55
SMLN,10,15,25,0.4
SMLP,15,9,24,0.62
SMLS,6,6,12,0.5
SMLT,1,2,3,0.33
SMLb,12,8,20,0.6
SMLh,6,2,8,0.75
SMLj,6,2,8,0.75
SMLl,6,4,10,0.6
SMLm,7,12,19,0.37
SMLn,11,13,24,0.46
SMLs,6,4,10,0.6
SMMB,31,28,59,0.53
SMMD,4,5,9,0.44
SMMI,0,0,0,
SMMK,1,0,1,1.0
SMML,7,6,13,0.54
SMMM,30,22,52,0.58
SMMN,20,22,42,0.48
SMMP,36,36,72,0.5
SMMS,17,16,33,0.52
SMMT,1,3,4,0.25
SMMb,30,30,60,0.5
SMMh,23,16,39,0.59
SMMj,9,5,14,0.64
SMMl,13,6,19,0.68
SMMm,26,28,54,0.48
SMMn,39,30,69,0.57
SMMs,20,10,30,0.67
SMNB,15,16,31,0.48
SMND,3,4,7,0.43
SMNH,2,3,5,0.4
SMNI,1,0,1,1.0
SMNK,2,1,3,0.67
SMNL,12,7,19,0.63
SMNM,15,28,43,0.35
SMNN,28,20,48,0.58
SMNP,38,44,82,0.46
SMNS,17,19,36,0.47
SMNT,6,7,13,0.46
SMNb,31,22,53,0.58
SMNh,3,14,17,0.18
SMNl,8,9,17,0.47
SMNm,22,15,37,0.59
SMNn,31,28,59,0.53
SMNs,18,20,38,0.47
SMPB,30,23,53,0.57
SMPD,6,4,10,0.6
SMPH,12,6,18,0.67
SMPI,2,3,5,0.4
SMPK,4,1,5,0.8
SMPL,14,11,25,0.56
SMPM,26,37,63,0.41
SMPN,31,43,74,0.42
SMPP,47,58,105,0.45
SMPS,33,25,58,0.57
SMPT,7,1,8,0.88
SMPb,25,23,48,0.52
SMPh,4,4,8,0.5
SMPl,14,19,33,0.42
SMPm,34,23,57,0.6
SMPn,37,37,74,0.5
SMPs,24,22,46,0.52
SMSB,18,22,40,0.45
SMSD,3,0,3,1.0
SMSH,7,9,16,0.44
SMSI,1,1,2,0.5
SMSK,0,1,1,0.0
SMSL,6,8,14,0.43
SMSM,12,29,41,0.29
SMSN,22,21,43,0.51
SMSP,16,17,33,0.48
SMSS,18,39,57,0.32
SMST,2,1,3,0.67
SMSb,20,15,35,0.57
SMSh,5,17,22,0.23
SMSl,7,6,13,0.54
SMSm,27,16,43,0.63
SMSn,26,18,44,0.59
SMSs,25,21,46,0.54
SMTB,1,1,2,0.5
SMTD,1,0,1,1.0
SMTH,1,0,1,1.0
SMTI,0,0,0,
SMTL,3,0,3,1.0
SMTM,1,3,4,0.25
SMTN,2,3,5,0.4
SMTP,6,2,8,0.75
SMTS,0,4,4,0.0
SMTT,1,2,3,0.33
SMTb,1,3,4,0.25
SMTl,1,1,2,0.5
SMTm,2,1,3,0.67
SMTn,2,4,6,0.33
SMTs,0,1,1,0.0
SMbB,23,23,46,0.5
SMbD,2,4,6,0.33
SMbH,8,8,16,0.5
SMbI,4,4,8,0.5
SMbJ,8,3,11,0.73
SMbK,4,7,11,0.36
SMbL,12,9,21,0.57
SMbM,32,26,58,0.55
SMbN,30,36,66,0.45
SMbP,32,39,71,0.45
SMbS,18,23,41,0.44
SMbb,30,25,55,0.55
SMbl,9,8,17,0.53
SMbm,23,31,54,0.43
SMbn,32,28,60,0.53
SMbs,25,11,36,0.69
SMhB,19,14,33,0.58
SMhD,4,2,6,0.67
SMhH,2,3,5,0.4
SMhI,2,0,2,1.0
SMhK,0,2,2,0.0
SMhL,8,7,15,0.53
SMhM,23,17,40,0.57
SMhN,15,18,33,0.45
SMhP,29,27,56,0.52
SMhS,20,15,35,0.57
SMhT,3,5,8,0.38
SMhb,16,19,35,0.46
SMhh,18,20,38,0.47
SMhl,7,9,16,0.44
SMhm,23,19,42,0.55
SMhn,22,26,48,0.46
SMhs,21,19,40,0.52
SMjB,8,5,13,0.62
SMjD,1,1,2,0.5
SMjH,4,2,6,0.67
SMjI,0,1,1,0.0
SMjK,0,1,1,0.0
SMjL,4,7,11,0.36
SMjM,7,6,13,0.54
SMjN,6,5,11,0.55
SMjP,10,8,18,0.56
SMjS,3,8,11,0.27
SMjb,8,6,14,0.57
SMjh,1,0,1,1.0
SMjl,3,3,6,0.5
SMjm,9,3,12,0.75
SMjn,7,6,13,0.54
SMjs,4,5,9,0.44
SMlB,7,9,16,0.44
SMlD,0,1,1,0.0
SMlH,7,9,16,0.44
SMlI,3,0,3,1.0
SMlJ,1,3,4,0.25
SMlL,2,3,5,0.4
SMlM,15,13,28,0.54
SMlN,12,10,22,0.55
SMlP,12,11,23,0.52
SMlS,11,9,20,0.55
SMlb,13,6,19,0.68
SMll,4,4,8,0.5
SMlm,9,8,17,0.53
SMln,10,7,17,0.59
SMls,7,5,12,0.58
SMmB,30,19,49,0.61
SMmD,7,4,11,0.64
SMmH,25,19,44,0.57
SMmI,3,2,5,0.6
SMmJ,7,5,12,0.58
SMmK,0,3,3,0.0
SMmL,15,8,23,0.65
SMmM,22,36,58,0.38
SMmN,27,35,62,0.44
SMmP,32,25,57,0.56
SMmS,17,29,46,0.37
SMmb,25,27,52,0.48
SMml,5,4,9,0.56
SMmm,22,26,48,0.46
SMmn,24,22,46,0.52
SMms,25,11,36,0.69
SMnB,23,21,44,0.52
SMnD,7,6,13,0.54
SMnH,19,20,39,0.49
SMnI,7,9,16,0.44
SMnK,3,3,6,0.5
SMnL,6,11,17,0.35
SMnM,27,33,60,0.45
SMnN,49,48,97,0.51
SMnP,51,41,92,0.55
SMnS,27,32,59,0.46
SMnb,31,42,73,0.42
SMnh,1,1,2,0.5
SMnl,21,5,26,0.81
SMnm,26,32,58,0.45
SMnn,36,45,81,0.44
SMns,26,20,46,0.57
SMsB,11,16,27,0.41
SMsD,7,6,13,0.54
SMsH,21,19,40,0.52
SMsI,1,3,4,0.25
SMsL,4,8,12,0.33
SMsM,24,22,46,0.52
SMsN,18,14,32,0.56
SMsP,23,34,57,0.4
SMsS,25,30,55,0.45
SMsT,1,1,2,0.5
SMsb,23,22,45,0.51
SMsh,1,0,1,1.0
SMsl,13,4,17,0.76
SMsm,16,8,24,0.67
SMsn,24,15,39,0.62
SMss,13,15,28,0.46
SNBB,15,18,33,0.45
SNBD,2,1,3,0.67
SNBK,3,1,4,0.75
SNBL,6,7,13,0.46
SNBM,13,20,33,0.39
SNBN,23,14,37,0.62
SNBP,15,18,33,0.45
SNBS,9,16,25,0.36
SNBT,3,2,5,0.6
SNBb,20,11,31,0.65
SNBh,2,1,3,0.67
SNBj,9,6,15,0.6
SNBl,7,6,13,0.54
SNBm,19,14,33,0.58
SNBn,28,18,46,0.61
SNBs,6,10,16,0.38
SNDB,1,1,2,0.5
SNDD,0,0,0,
SNDH,2,2,4,0.5
SNDI,1,0,1,1.0
SNDL,1,0,1,1.0
SNDM,3,3,6,0.5
SNDN,5,2,7,0.71
SNDP,0,1,1,0.0
SNDS,4,2,6,0.67
SNDT,0,1,1,0.0
SNDb,2,3,5,0.4
SNDl,1,2,3,0.33
SNDm,9,0,9,1.0
SNDn,1,4,5,0.2
SNDs,0,2,2,0.0
SNHB,1,1,2,0.5
SNHD,1,0,1,1.0
SNHH,0,1,1,0.0
SNHI,2,1,3,0.67
SNHK,0,1,1,0.0
SNHL,3,1,4,0.75
SNHM,4,5,9,0.44
SNHN,10,3,13,0.77
SNHP,4,8,12,0.33
SNHS,3,6,9,0.33
SNHT,0,1,1,0.0
SNHb,4,1,5,0.8
SNHh,0,2,2,0.0
SNHl,2,2,4,0.5
SNHm,8,4,12,0.67
SNHn,6,4,10,0.6
SNHs,3,1,4,0.75
SNIH,0,2,2,0.0
SNIM,0,1,1,0.0
SNIP,0,1,1,0.0
SNIS,0,2,2,0.0
SNIb,1,0,1,1.0
SNKB,1,0,1,1.0
SNKD,1,1,2,0.5
SNKH,0,1,1,0.0
SNKL,1,1,2,0.5
SNKM,2,3,5,0.4
SNKN,3,2,5,0.6
SNKP,6,5,11,0.55
SNKS,1,3,4,0.25
SNKb,3,4,7,0.43
SNKl,3,3,6,0.5
SNKm,3,4,7,0.43
SNKn,4,3,7,0.57
SNKs,1,3,4,0.25
SNLB,4,4,8,0.5
SNLD,1,1,2,0.5
SNLK,1,0,1,1.0
SNLL,4,7,11,0.36
SNLM,5,7,12,0.42
SNLN,9,6,15,0.6
SNLP,7,13,20,0.35
SNLS,9,7,16,0.56
SNLb,8,5,13,0.62
SNLh,2,2,4,0.5
SNLj,5,3,8,0.62
SNLl,5,7,12,0.42
SNLm,5,3,8,0.62
SNLn,12,11,23,0.52
SNLs,4,4,8,0.5
SNMB,17,19,36,0.47
SNMD,1,1,2,0.5
SNMH,0,0,0,
SNML,4,10,14,0.29
SNMM,26,28,54,0.48
SNMN,27,23,50,0.54
SNMP,30,17,47,0.64
SNMS,18,19,37,0.49
SNMT,2,2,4,0.5
SNMb,28,19,47,0.6
SNMh,15,11,26,0.58
SNMj,6,6,12,0.5
SNMl,11,9,20,0.55
SNMm,31,25,56,0.55
SNMn,36,34,70,0.51
SNMs,13,16,29,0.45
SNNB,21,23,44,0.48
SNND,4,5,9,0.44
SNNH,4,3,7,0.57
SNNK,4,0,4,1.0
SNNL,7,6,13,0.54
SNNM,21,25,46,0.46
SNNN,45,41,86,0.52
SNNP,35,46,81,0.43
SNNS,18,19,37,0.49
SNNT,11,6,17,0.65
SNNb,36,21,57,0.63
SNNh,12,16,28,0.43
SNNl,12,9,21,0.57
SNNm,29,15,44,0.66
SNNn,55,44,99,0.56
SNNs,26,16,42,0.62
SNPB,19,28,47,0.4
SNPD,4,3,7,0.57
SNPH,8,11,19,0.42
SNPI,3,3,6,0.5
SNPK,5,5,10,0.5
SNPL,7,16,23,0.3
SNPM,33,41,74,0.45
SNPN,54,32,86,0.63
SNPP,68,55,123,0.55
SNPS,30,40,70,0.43
SNPT,2,5,7,0.29
SNPb,41,37,78,0.53
SNPh,4,3,7,0.57
SNPl,16,11,27,0.59
SNPm,36,36,72,0.5
SNPn,32,42,74,0.43
SNPs,25,29,54,0.46
SNSB,25,19,44,0.57
SNSD,6,3,9,0.67
SNSH,9,10,19,0.47
SNSI,1,0,1,1.0
SNSK,2,0,2,1.0
SNSL,8,12,20,0.4
SNSM,20,16,36,0.56
SNSN,28,19,47,0.6
SNSP,34,29,63,0.54
SNSS,19,30,49,0.39
SNST,3,3,6,0.5
SNSb,21,18,39,0.54
SNSh,4,15,19,0.21
SNSl,10,9,19,0.53
SNSm,26,18,44,0.59
SNSn,26,30,56,0.46
SNSs,24,22,46,0.52
SNTB,6,4,10,0.6
SNTD,1,0,1,1.0
SNTH,3,1,4,0.75
SNTK,0,1,1,0.0
SNTL,2,5,7,0.29
SNTM,1,6,7,0.14
SNTN,6,4,10,0.6
SNTP,10,6,16,0.62
SNTS,5,4,9,0.56
SNTb,4,3,7,0.57
SNTl,3,0,3,1.0
SNTm,2,4,6,0.33
SNTn,7,3,10,0.7
SNTs,4,3,7,0.57
SNbB,19,18,37,0.51
SNbD,0,2,2,0.0
SNbH,5,7,12,0.42
SNbI,2,6,8,0.25
SNbJ,10,8,18,0.56
SNbK,1,3,4,0.25
SNbL,6,9,15,0.4
SNbM,18,27,45,0.4
SNbN,24,23,47,0.51
SNbP,20,32,52,0.38
SNbS,16,13,29,0.55
SNbb,20,14,34,0.59
SNbl,9,9,18,0.5
SNbm,20,22,42,0.48
SNbn,23,16,39,0.59
SNbs,13,12,25,0.52
SNhB,6,9,15,0.4
SNhH,1,2,3,0.33
SNhI,0,1,1,0.0
SNhL,2,3,5,0.4
SNhM,8,6,14,0.57
SNhN,10,5,15,0.67
SNhP,11,12,23,0.48
SNhS,6,8,14,0.43
SNhT,1,1,2,0.5
SNhb,7,7,14,0.5
SNhh,6,6,12,0.5
SNhl,3,3,6,0.5
SNhm,9,6,15,0.6
SNhn,16,10,26,0.62
SNhs,7,2,9,0.78
SNlB,5,7,12,0.42
SNlH,7,5,12,0.58
SNlI,4,3,7,0.57
SNlJ,4,5,9,0.44
SNlK,1,1,2,0.5
SNlL,1,1,2,0.5
SNlM,4,11,15,0.27
SNlN,19,14,33,0.58
SNlP,18,11,29,0.62
SNlS,5,10,15,0.33
SNlb,12,6,18,0.67
SNll,3,3,6,0.5
SNlm,11,6,17,0.65
SNln,11,7,18,0.61
SNls,8,6,14,0.57
SNmB,10,15,25,0.4
SNmD,4,3,7,0.57
SNmH,21,21,42,0.5
SNmI,2,1,3,0.67
SNmJ,5,8,13,0.38
SNmK,0,1,1,0.0
SNmL,8,8,16,0.5
SNmM,19,38,57,0.33
SNmN,31,32,63,0.49
SNmP,29,20,49,0.59
SNmS,19,21,40,0.48
SNmb,13,17,30,0.43
SNml,6,3,9,0.67
SNmm,19,18,37,0.51
SNmn,20,23,43,0.47
SNms,18,13,31,0.58
SNnB,22,23,45,0.49
SNnD,3,6,9,0.33
SNnH,20,17,37,0.54
SNnI,5,5,10,0.5
SNnK,2,4,6,0.33
SNnL,16,9,25,0.64
SNnM,28,28,56,0.5
SNnN,49,47,96,0.51
SNnP,57,55,112,0.51
SNnS,45,24,69,0.65
SNnT,0,0,0,
SNnb,22,37,59,0.37
SNnh,2,1,3,0.67
SNnl,16,13,29,0.55
SNnm,35,26,61,0.57
SNnn,41,44,85,0.48
SNns,26,34,60,0.43
SNsB,15,7,22,0.68
SNsD,1,2,3,0.33
SNsH,16,16,32,0.5
SNsI,1,1,2,0.5
SNsK,0,3,3,0.0
SNsL,5,5,10,0.5
SNsM,16,21,37,0.43
SNsN,20,23,43,0.47
SNsP,27,23,50,0.54
SNsS,24,28,52,0.46
SNsT,0,0,0,
SNsb,11,15,26,0.42
SNsh,0,1,1,0.0
SNsl,9,7,16,0.56
SNsm,16,17,33,0.48
SNsn,26,19,45,0.58
SNss,20,15,35,0.57
SPBB,32,27,59,0.54
SPBD,4,4,8,0.5
SPBH,0,1,1,0.0
SPBK,2,2,4,0.5
SPBL,10,11,21,0.48
SPBM,24,25,49,0.49
SPBN,27,35,62,0.44
SPBP,34,33,67,0.51
SPBS,12,21,33,0.36
SPBT,2,1,3,0.67
SPBb,31,27,58,0.53
SPBh,1,5,6,0.17
SPBj,6,9,15,0.4
SPBl,15,7,22,0.68
SPBm,26,23,49,0.53
SPBn,33,33,66,0.5
SPBs,14,12,26,0.54
SPDB,4,3,7,0.57
SPDD,3,2,5,0.6
SPDH,3,3,6,0.5
SPDL,1,3,4,0.25
SPDM,4,4,8,0.5
SPDN,2,5,7,0.29
SPDP,4,3,7,0.57
SPDS,4,3,7,0.57
SPDT,2,0,2,1.0
SPDb,2,1,3,0.67
SPDl,0,4,4,0.0
SPDm,11,3,14,0.79
SPDn,3,3,6,0.5
SPDs,1,4,5,0.2
SPHB,6,8,14,0.43
SPHD,1,0,1,1.0
SPHH,3,0,3,1.0
SPHI,0,1,1,0.0
SPHK,2,0,2,1.0
SPHL,2,3,5,0.4
SPHM,10,10,20,0.5
SPHN,14,13,27,0.52
SPHP,13,27,40,0.32
SPHS,13,13,26,0.5
SPHb,7,6,13,0.54
SPHh,6,8,14,0.43
SPHl,6,3,9,0.67
SPHm,16,6,22,0.73
SPHn,5,11,16,0.31
SPHs,13,14,27,0.48
SPIB,0,1,1,0.0
SPID,0,1,1,0.0
SPIH,1,3,4,0.25
SPIL,0,1,1,0.0
SPIM,3,3,6,0.5
SPIN,6,2,8,0.75
SPIP,6,6,12,0.5
SPIS,4,3,7,0.57
SPIb,2,1,3,0.67
SPIl,3,1,4,0.75
SPIm,4,4,8,0.5
SPIn,1,2,3,0.33
SPIs,3,1,4,0.75
SPKB,2,4,6,0.33
SPKD,0,1,1,0.0
SPKL,3,2,5,0.6
SPKM,6,5,11,0.55
SPKN,3,6,9,0.33
SPKP,7,3,10,0.7
SPKS,2,6,8,0.25
SPKb,7,5,12,0.58
SPKh,7,4,11,0.64
SPKl,3,4,7,0.43
SPKm,3,6,9,0.33
SPKn,5,2,7,0.71
SPKs,3,2,5,0.6
SPLB,11,12,23,0.48
SPLD,0,0,0,
SPLK,1,2,3,0.33
SPLL,8,3,11,0.73
SPLM,12,17,29,0.41
SPLN,20,11,31,0.65
SPLP,10,24,34,0.29
SPLS,11,12,23,0.48
SPLT,0,4,4,0.0
SPLb,19,21,40,0.48
SPLh,9,3,12,0.75
SPLj,3,12,15,0.2
SPLl,12,6,18,0.67
SPLm,13,18,31,0.42
SPLn,15,17,32,0.47
SPLs,8,11,19,0.42
SPMB,40,28,68,0.59
SPMD,2,2,4,0.5
SPMK,1,1,2,0.5
SPML,13,12,25,0.52
SPMM,34,32,66,0.52
SPMN,32,30,62,0.52
SPMP,37,48,85,0.44
SPMS,21,20,41,0.51
SPMT,3,4,7,0.43
SPMb,37,45,82,0.45
SPMh,35,27,62,0.56
SPMj,4,15,19,0.21
SPMl,25,16,41,0.61
SPMm,46,27,73,0.63
SPMn,38,52,90,0.42
SPMs,25,22,47,0.53
SPNB,31,22,53,0.58
SPND,2,1,3,0.67
SPNH,3,4,7,0.43
SPNK,4,3,7,0.57
SPNL,14,13,27,0.52
SPNM,42,39,81,0.52
SPNN,34,40,74,0.46
SPNP,74,45,119,0.62
SPNS,36,39,75,0.48
SPNT,3,4,7,0.43
SPNb,30,42,72,0.42
SPNh,14,17,31,0.45
SPNl,18,15,33,0.55
SPNm,42,21,63,0.67
SPNn,39,49,88,0.44
SPNs,32,22,54,0.59
SPPB,60,46,106,0.57
SPPD,6,4,10,0.6
SPPH,20,7,27,0.74
SPPI,5,4,9,0.56
SPPK,5,5,10,0.5
SPPL,30,35,65,0.46
SPPM,48,65,113,0.42
SPPN,52,65,117,0.44
SPPP,96,85,181,0.53
SPPS,42,56,98,0.43
SPPT,7,6,13,0.54
SPPb,55,43,98,0.56
SPPh,3,9,12,0.25
SPPl,32,32,64,0.5
SPPm,54,45,99,0.55
SPPn,47,51,98,0.48
SPPs,49,48,97,0.51
SPSB,21,39,60,0.35
SPSD,5,2,7,0.71
SPSH,8,17,25,0.32
SPSI,2,3,5,0.4
SPSK,0,3,3,0.0
SPSL,13,11,24,0.54
SPSM,43,41,84,0.51
SPSN,20,24,44,0.45
SPSP,44,33,77,0.57
SPSS,35,44,79,0.44
SPST,12,7,19,0.63
SPSb,31,37,68,0.46
SPSh,24,17,41,0.59
SPSl,12,9,21,0.57
SPSm,25,28,53,0.47
SPSn,32,34,66,0.48
SPSs,40,30,70,0.57
SPTB,3,2,5,0.6
SPTD,2,1,3,0.67
SPTH,2,4,6,0.33
SPTK,1,0,1,1.0
SPTL,0,2,2,0.0
SPTM,7,3,10,0.7
SPTN,4,7,11,0.36
SPTP,7,5,12,0.58
SPTS,3,5,8,0.38
SPTT,0,3,3,0.0
SPTb,6,2,8,0.75
SPTl,2,3,5,0.4
SPTm,3,2,5,0.6
SPTn,5,3,8,0.62
SPTs,5,3,8,0.62
SPbB,34,30,64,0.53
SPbD,4,2,6,0.67
SPbH,7,10,17,0.41
SPbI,2,4,6,0.33
SPbJ,12,8,20,0.6
SPbK,3,3,6,0.5
SPbL,15,9,24,0.62
SPbM,34,45,79,0.43
SPbN,32,49,81,0.4
SPbP,60,46,106,0.57
SPbS,19,23,42,0.45
SPbb,44,42,86,0.51
SPbh,0,1,1,0.0
SPbl,23,13,36,0.64
SPbm,27,15,42,0.64
SPbn,30,30,60,0.5
SPbs,21,23,44,0.48
SPhB,2,2,4,0.5
SPhD,1,0,1,1.0
SPhI,0,0,0,
SPhK,0,1,1,0.0
SPhL,1,2,3,0.33
SPhM,4,6,10,0.4
SPhN,1,2,3,0.33
SPhP,4,7,11,0.36
SPhS,1,4,5,0.2
SPhT,1,1,2,0.5
SPhb,2,2,4,0.5
SPhh,0,7,7,0.0
SPhl,3,3,6,0.5
SPhm,3,3,6,0.5
SPhn,6,6,12,0.5
SPhs,4,5,9,0.44
SPlB,10,16,26,0.38
SPlD,0,1,1,0.0
SPlH,7,15,22,0.32
SPlI,3,0,3,1.0
SPlJ,4,4,8,0.5
SPlL,8,10,18,0.44
SPlM,14,21,35,0.4
SPlN,20,18,38,0.53
SPlP,26,18,44,0.59
SPlS,18,15,33,0.55
SPlb,20,18,38,0.53
SPlh,2,0,2,1.0
SPll,4,10,14,0.29
SPlm,12,15,27,0.44
SPln,14,10,24,0.58
SPls,11,8,19,0.58
SPmB,29,22,51,0.57
SPmD,5,6,11,0.45
SPmH,22,28,50,0.44
SPmI,1,1,2,0.5
SPmJ,8,3,11,0.73
SPmL,16,10,26,0.62
SPmM,26,40,66,0.39
SPmN,35,34,69,0.51
SPmP,35,43,78,0.45
SPmS,25,23,48,0.52
SPmb,32,32,64,0.5
SPml,17,7,24,0.71
SPmm,22,20,42,0.52
SPmn,26,24,50,0.52
SPms,9,19,28,0.32
SPnB,17,25,42,0.4
SPnD,0,4,4,0.0
SPnH,19,14,33,0.58
SPnI,7,6,13,0.54
SPnK,3,6,9,0.33
SPnL,15,18,33,0.45
SPnM,38,36,74,0.51
SPnN,51,52,103,0.5
SPnP,72,52,124,0.58
SPnS,34,37,71,0.48
SPnb,32,37,69,0.46
SPnh,0,3,3,0.0
SPnl,16,17,33,0.48
SPnm,29,32,61,0.48
SPnn,43,24,67,0.64
SPns,22,39,61,0.36
SPsB,17,22,39,0.44
SPsD,4,4,8,0.5
SPsH,24,31,55,0.44
SPsI,5,2,7,0.71
SPsK,1,0,1,1.0
SPsL,13,12,25,0.52
SPsM,32,33,65,0.49
SPsN,34,30,64,0.53
SPsP,24,45,69,0.35
SPsS,30,31,61,0.49
SPsT,1,0,1,1.0
SPsb,27,31,58,0.47
SPsh,1,3,4,0.25
SPsl,16,15,31,0.52
SPsm,30,23,53,0.57
SPsn,30,25,55,0.55
SPss,21,30,51,0.41
SSBB,24,20,44,0.55
SSBD,1,1,2,0.5
SSBI,0,1,1,0.0
SSBK,0,2,2,0.0
SSBL,7,7,14,0.5
SSBM,14,19,33,0.42
SSBN,25,16,41,0.61
SSBP,29,23,52,0.56
SSBS,12,16,28,0.43
SSBT,2,2,4,0.5
SSBb,22,19,41,0.54
SSBh,2,2,4,0.5
SSBj,13,5,18,0.72
SSBl,11,6,17,0.65
SSBm,26,14,40,0.65
SSBn,23,26,49,0.47
SSBs,6,7,13,0.46
SSDB,6,3,9,0.67
SSDD,6,3,9,0.67
SSDH,4,5,9,0.44
SSDL,1,1,2,0.5
SSDM,9,8,17,0.53
SSDN,4,2,6,0.67
SSDP,6,8,14,0.43
SSDS,8,7,15,0.53
SSDT,1,0,1,1.0
SSDb,1,3,4,0.25
SSDl,2,0,2,1.0
SSDm,5,8,13,0.38
SSDn,7,6,13,0.54
SSDs,1,3,4,0.25
SSHB,7,7,14,0.5
SSHD,2,2,4,0.5
SSHH,3,2,5,0.6
SSHI,0,5,5,0.0
SSHK,2,0,2,1.0
SSHL,4,7,11,0.36
SSHM,20,17,37,0.54
SSHN,12,7,19,0.63
SSHP,14,18,32,0.44
SSHS,16,18,34,0.47
SSHT,1,0,1,1.0
SSHb,13,18,31,0.42
SSHh,4,9,13,0.31
SSHl,4,2,6,0.67
SSHm,24,13,37,0.65
SSHn,21,11,32,0.66
SSHs,15,7,22,0.68
SSIB,2,2,4,0.5
SSID,0,0,0,
SSII,0,1,1,0.0
SSIL,1,0,1,1.0
SSIM,1,4,5,0.2
SSIN,3,1,4,0.75
SSIP,4,2,6,0.67
SSIS,0,2,2,0.0
SSIb,3,3,6,0.5
SSIh,0,1,1,0.0
SSIl,0,2,2,0.0
SSIm,4,0,4,1.0
SSIn,0,1,1,0.0
SSIs,2,0,2,1.0
SSKB,2,1,3,0.67
SSKH,1,0,1,1.0
SSKM,0,2,2,0.0
SSKN,0,1,1,0.0
SSKP,2,2,4,0.5
SSKS,1,0,1,1.0
SSKb,3,1,4,0.75
SSKh,0,0,0,
SSKl,2,0,2,1.0
SSKm,2,1,3,0.67
SSKn,1,1,2,0.5
SSKs,3,0,3,1.0
SSLB,13,10,23,0.57
SSLD,3,1,4,0.75
SSLK,1,0,1,1.0
SSLL,3,5,8,0.38
SSLM,9,7,16,0.56
SSLN,5,11,16,0.31
SSLP,15,19,34,0.44
SSLS,10,13,23,0.43
SSLT,1,2,3,0.33
SSLb,14,13,27,0.52
SSLh,4,6,10,0.4
SSLj,6,1,7,0.86
SSLl,9,0,9,1.0
SSLm,5,6,11,0.45
SSLn,19,10,29,0.66
SSLs,6,2,8,0.75
SSMB,32,22,54,0.59
SSMD,6,2,8,0.75
SSMH,2,1,3,0.67
SSMK,0,0,0,
SSML,6,15,21,0.29
SSMM,30,34,64,0.47
SSMN,24,31,55,0.44
SSMP,35,33,68,0.51
SSMS,26,35,61,0.43
SSMT,0,1,1,0.0
SSMb,28,31,59,0.47
SSMh,19,22,41,0.46
SSMj,9,4,13,0.69
SSMl,13,9,22,0.59
SSMm,40,25,65,0.62
SSMn,35,48,83,0.42
SSMs,27,25,52,0.52
SSNB,19,19,38,0.5
SSND,2,2,4,0.5
SSNH,6,2,8,0.75
SSNK,0,2,2,0.0
SSNL,3,5,8,0.38
SSNM,26,27,53,0.49
SSNN,35,26,61,0.57
SSNP,33,31,64,0.52
SSNS,26,27,53,0.49
SSNT,3,7,10,0.3
SSNb,23,20,43,0.53
SSNh,6,6,12,0.5
SSNl,8,3,11,0.73
SSNm,27,16,43,0.63
SSNn,50,24,74,0.68
SSNs,25,18,43,0.58
SSPB,20,30,50,0.4
SSPD,4,7,11,0.36
SSPH,13,18,31,0.42
SSPI,6,3,9,0.67
SSPK,4,3,7,0.57
SSPL,15,10,25,0.6
SSPM,33,29,62,0.53
SSPN,43,41,84,0.51
SSPP,55,48,103,0.53
SSPS,38,33,71,0.54
SSPT,2,1,3,0.67
SSPb,38,30,68,0.56
SSPh,4,6,10,0.4
SSPl,11,8,19,0.58
SSPm,33,26,59,0.56
SSPn,33,34,67,0.49
SSPs,28,37,65,0.43
SSSB,20,33,53,0.38
SSSD,8,7,15,0.53
SSSH,24,25,49,0.49
SSSI,5,2,7,0.71
SSSK,1,2,3,0.33
SSSL,16,14,30,0.53
SSSM,46,49,95,0.48
SSSN,37,35,72,0.51
SSSP,42,54,96,0.44
SSSS,83,87,170,0.49
SSST,12,7,19,0.63
SSSb,39,24,63,0.62
SSSh,25,31,56,0.45
SSSl,15,10,25,0.6
SSSm,37,42,79,0.47
SSSn,38,38,76,0.5
SSSs,39,44,83,0.47
SSTB,3,2,5,0.6
SSTD,1,0,1,1.0
SSTH,8,6,14,0.57
SSTL,3,2,5,0.6
SSTM,9,3,12,0.75
SSTN,3,9,12,0.25
SSTP,4,7,11,0.36
SSTS,6,12,18,0.33
SSTT,1,2,3,0.33
SSTb,6,3,9,0.67
SSTl,0,2,2,0.0
SSTm,6,2,8,0.75
SSTn,3,3,6,0.5
SSTs,5,5,10,0.5
SSbB,29,25,54,0.54
SSbD,1,0,1,1.0
SSbH,4,3,7,0.57
SSbI,4,0,4,1.0
SSbJ,9,5,14,0.64
SSbK,2,7,9,0.22
SSbL,10,11,21,0.48
SSbM,36,26,62,0.58
SSbN,29,30,59,0.49
SSbP,35,31,66,0.53
SSbS,14,24,38,0.37
SSbb,28,23,51,0.55
SSbh,1,1,2,0.5
SSbl,9,6,15,0.6
SSbm,22,15,37,0.59
SSbn,21,28,49,0.43
SSbs,12,7,19,0.63
SShB,14,8,22,0.64
SShD,0,1,1,0.0
SShH,0,4,4,0.0
SShI,1,1,2,0.5
SShK,1,1,2,0.5
SShL,6,6,12,0.5
SShM,17,18,35,0.49
SShN,20,14,34,0.59
SShP,18,18,36,0.5
SShS,21,24,45,0.47
SShT,2,2,4,0.5
SShb,9,17,26,0.35
SShh,11,16,27,0.41
SShl,7,4,11,0.64
SShm,16,13,29,0.55
SShn,19,17,36,0.53
SShs,19,22,41,0.46
SSlB,10,3,13,0.77
SSlD,1,0,1,1.0
SSlH,7,5,12,0.58
SSlI,1,0,1,1.0
SSlJ,4,1,5,0.8
SSlK,1,1,2,0.5
SSlL,2,6,8,0.25
SSlM,11,12,23,0.48
SSlN,10,18,28,0.36
SSlP,17,12,29,0.59
SSlS,14,8,22,0.64
SSlb,12,15,27,0.44
SSll,7,3,10,0.7
SSlm,7,8,15,0.47
SSln,11,5,16,0.69
SSls,6,5,11,0.55
SSmB,31,27,58,0.53
SSmD,12,4,16,0.75
SSmH,24,15,39,0.62
SSmI,3,3,6,0.5
SSmJ,4,1,5,0.8
SSmL,15,11,26,0.58
SSmM,28,33,61,0.46
SSmN,35,17,52,0.67
SSmP,33,29,62,0.53
SSmS,35,34,69,0.51
SSmb,33,18,51,0.65
SSml,8,11,19,0.42
SSmm,26,29,55,0.47
SSmn,29,26,55,0.53
SSms,14,19,33,0.42
SSnB,16,26,42,0.38
SSnD,5,5,10,0.5
SSnH,18,7,25,0.72
SSnI,4,2,6,0.67
SSnK,3,3,6,0.5
SSnL,9,8,17,0.53
SSnM,34,23,57,0.6
SSnN,34,47,81,0.42
SSnP,53,47,100,0.53
SSnS,40,40,80,0.5
SSnb,25,17,42,0.6
SSnh,0,2,2,0.0
SSnl,10,11,21,0.48
SSnm,38,25,63,0.6
SSnn,39,36,75,0.52
SSns,25,19,44,0.57
SSsB,13,16,29,0.45
SSsD,3,5,8,0.38
SSsH,29,36,65,0.45
SSsI,4,8,12,0.33
SSsK,1,4,5,0.2
SSsL,7,14,21,0.33
SSsM,37,42,79,0.47
SSsN,27,32,59,0.46
SSsP,38,44,82,0.46
SSsS,50,55,105,0.48
SSsT,3,0,3,1.0
SSsb,19,25,44,0.43
SSsh,5,2,7,0.71
SSsl,10,10,20,0.5
SSsm,28,31,59,0.47
SSsn,27,29,56,0.48
SSss,39,42,81,0.48
STBB,3,6,9,0.33
STBD,0,1,1,0.0
STBL,0,0,0,
STBM,2,4,6,0.33
STBN,4,3,7,0.57
STBP,3,2,5,0.6
STBS,5,0,5,1.0
STBT,0,0,0,
STBb,2,3,5,0.4
STBh,0,2,2,0.0
STBj,1,0,1,1.0
STBl,2,2,4,0.5
STBm,3,4,7,0.43
STBn,4,6,10,0.4
STBs,2,4,6,0.33
STDB,0,0,0,
STDD,1,1,2,0.5
STDH,0,0,0,
STDL,0,1,1,0.0
STDM,0,0,0,
STDN,2,0,2,1.0
STDP,1,0,1,1.0
STDS,0,2,2,0.0
STDb,0,1,1,0.0
STDh,0,1,1,0.0
STDl,1,0,1,1.0
STDm,1,1,2,0.5
STDn,1,1,2,0.5
STDs,0,0,0,
STHB,0,1,1,0.0
STHD,1,0,1,1.0
STHH,1,0,1,1.0
STHL,1,0,1,1.0
STHM,8,1,9,0.89
STHN,1,1,2,0.5
STHP,6,3,9,0.67
STHS,4,2,6,0.67
STHb,1,5,6,0.17
STHh,1,4,5,0.2
STHl,0,1,1,0.0
STHm,3,2,5,0.6
STHn,4,2,6,0.67
STHs,3,4,7,0.43
STIP,0,1,1,0.0
STIT,1,0,1,1.0
STIb,1,0,1,1.0
STIm,1,0,1,1.0
STKB,1,0,1,1.0
STKD,1,0,1,1.0
STKM,3,0,3,1.0
STKP,0,1,1,0.0
STKS,1,1,2,0.5
STKh,1,0,1,1.0
STKl,0,1,1,0.0
STKm,0,1,1,0.0
STLB,0,1,1,0.0
STLL,0,1,1,0.0
STLM,1,2,3,0.33
STLN,5,1,6,0.83
STLP,2,2,4,0.5
STLS,3,2,5,0.6
STLb,1,1,2,0.5
STLh,2,0,2,1.0
STLj,1,1,2,0.5
STLl,1,2,3,0.33
STLm,3,0,3,1.0
STLn,3,3,6,0.5
STLs,0,1,1,0.0
STMB,2,8,10,0.2
STMD,0,1,1,0.0
STML,4,2,6,0.67
STMM,5,2,7,0.71
STMN,5,7,12,0.42
STMP,1,9,10,0.1
STMS,3,4,7,0.43
STMT,0,1,1,0.0
STMb,3,4,7,0.43
STMh,7,3,10,0.7
STMj,0,1,1,0.0
STMl,1,1,2,0.5
STMm,5,5,10,0.5
STMn,9,4,13,0.69
STMs,5,4,9,0.56
STNB,8,3,11,0.73
STND,0,1,1,0.0
STNH,1,0,1,1.0
STNL,3,2,5,0.6
STNM,5,3,8,0.62
STNN,7,10,17,0.41
STNP,3,11,14,0.21
STNS,2,7,9,0.22
STNb,2,7,9,0.22
STNh,2,1,3,0.67
STNl,3,3,6,0.5
STNm,5,3,8,0.62
STNn,5,12,17,0.29
STNs,6,5,11,0.55
STPB,4,5,9,0.44
STPD,2,1,3,0.67
STPH,3,2,5,0.6
STPI,2,0,2,1.0
STPK,1,1,2,0.5
STPL,4,2,6,0.67
STPM,4,8,12,0.33
STPN,7,10,17,0.41
STPP,3,12,15,0.2
STPS,9,2,11,0.82
STPT,1,1,2,0.5
STPb,4,9,13,0.31
STPh,4,0,4,1.0
STPl,5,2,7,0.71
STPm,11,2,13,0.85
STPn,8,4,12,0.67
STPs,9,5,14,0.64
STSB,4,4,8,0.5
STSH,2,1,3,0.67
STSI,0,1,1,0.0
STSL,2,0,2,1.0
STSM,4,3,7,0.57
STSN,5,3,8,0.62
STSP,3,3,6,0.5
STSS,9,10,19,0.47
STST,0,2,2,0.0
STSb,5,7,12,0.42
STSh,1,3,4,0.25
STSl,1,2,3,0.33
STSm,3,8,11,0.27
STSn,6,11,17,0.35
STSs,4,8,12,0.33
STTB,1,0,1,1.0
STTD,0,1,1,0.0
STTH,0,0,0,
STTL,1,0,1,1.0
STTM,0,1,1,0.0
STTN,2,1,3,0.67
STTP,3,2,5,0.6
STTS,0,1,1,0.0
STTb,0,3,3,0.0
STTm,2,0,2,1.0
STTn,2,1,3,0.67
STTs,2,0,2,1.0
STbB,4,2,6,0.67
STbD,1,1,2,0.5
STbH,2,1,3,0.67
STbJ,2,0,2,1.0
STbK,2,0,2,1.0
STbL,2,2,4,0.5
STbM,4,4,8,0.5
STbN,6,4,10,0.6
STbP,3,3,6,0.5
STbS,2,2,4,0.5
STbb,3,7,10,0.3
STbl,2,2,4,0.5
STbm,3,6,9,0.33
STbn,2,3,5,0.4
STbs,2,3,5,0.4
SThP,0,1,1,0.0
SThb,1,1,2,0.5
SThm,1,0,1,1.0
STlB,0,1,1,0.0
STlH,2,1,3,0.67
STlL,1,1,2,0.5
STlM,3,1,4,0.75
STlN,4,3,7,0.57
STlP,3,5,8,0.38
STlS,1,0,1,1.0
STlb,4,3,7,0.57
STll,1,0,1,1.0
STlm,2,0,2,1.0
STln,4,4,8,0.5
STls,2,0,2,1.0
STmB,6,3,9,0.67
STmD,1,1,2,0.5
STmH,5,2,7,0.71
STmI,0,1,1,0.0
STmL,1,1,2,0.5
STmM,3,7,10,0.3
STmN,8,5,13,0.62
STmP,3,6,9,0.33
STmS,4,6,10,0.4
STmb,2,6,8,0.25
STml,0,2,2,0.0
STmm,2,4,6,0.33
STmn,4,2,6,0.67
STms,0,1,1,0.0
STnB,4,2,6,0.67
STnD,1,0,1,1.0
STnH,4,5,9,0.44
STnI,2,1,3,0.67
STnK,0,1,1,0.0
STnL,1,1,2,0.5
STnM,3,1,4,0.75
STnN,5,7,12,0.42
STnP,5,7,12,0.42
STnS,4,4,8,0.5
STnb,2,5,7,0.29
STnl,1,4,5,0.2
STnm,4,5,9,0.44
STnn,3,3,6,0.5
STns,4,4,8,0.5
STsB,1,2,3,0.33
STsD,1,0,1,1.0
STsH,6,4,10,0.6
STsL,2,0,2,1.0
STsM,1,4,5,0.2
STsN,5,3,8,0.62
STsP,3,5,8,0.38
STsS,6,7,13,0.46
STsb,0,2,2,0.0
STsl,1,1,2,0.5
STsm,2,5,7,0.29
STsn,1,5,6,0.17
STss,7,0,7,1.0
SbBB,18,26,44,0.41
SbBD,1,4,5,0.2
SbBH,1,0,1,1.0
SbBK,3,1,4,0.75
SbBL,8,10,18,0.44
SbBM,25,17,42,0.6
SbBN,26,29,55,0.47
SbBP,26,22,48,0.54
SbBS,10,26,36,0.28
SbBT,1,0,1,1.0
SbBb,23,26,49,0.47
SbBh,3,3,6,0.5
SbBj,3,4,7,0.43
SbBl,8,7,15,0.53
SbBm,23,11,34,0.68
SbBn,27,25,52,0.52
SbBs,12,11,23,0.52
SbDB,2,2,4,0.5
SbDH,1,1,2,0.5
SbDL,1,0,1,1.0
SbDM,4,3,7,0.57
SbDN,1,0,1,1.0
SbDP,3,2,5,0.6
SbDS,3,4,7,0.43
SbDT,1,0,1,1.0
SbDb,3,0,3,1.0
SbDl,0,2,2,0.0
SbDm,3,2,5,0.6
SbDn,0,2,2,0.0
SbDs,0,2,2,0.0
SbHB,4,5,9,0.44
SbHD,0,1,1,0.0
SbHH,0,1,1,0.0
SbHK,3,0,3,1.0
SbHL,2,1,3,0.67
SbHM,11,6,17,0.65
SbHN,8,7,15,0.53
SbHP,8,7,15,0.53
SbHS,1,0,1,1.0
SbHT,0,1,1,0.0
SbHb,13,9,22,0.59
SbHh,2,1,3,0.67
SbHl,3,1,4,0.75
SbHm,9,2,11,0.82
SbHn,11,6,17,0.65
SbHs,2,3,5,0.4
SbIB,1,0,1,1.0
SbID,0,1,1,0.0
SbIH,1,1,2,0.5
SbIK,1,0,1,1.0
SbIL,0,1,1,0.0
SbIM,3,4,7,0.43
SbIN,2,5,7,0.29
SbIP,3,3,6,0.5
SbIS,3,3,6,0.5
SbIb,1,2,3,0.33
SbIl,0,0,0,
SbIn,2,1,3,0.67
SbIs,1,1,2,0.5
SbJB,6,3,9,0.67
SbJD,0,1,1,0.0
SbJH,4,5,9,0.44
SbJK,0,3,3,0.0
SbJL,2,7,9,0.22
SbJM,8,12,20,0.4
SbJN,8,7,15,0.53
SbJP,10,9,19,0.53
SbJS,7,6,13,0.54
SbJT,0,1,1,0.0
SbJb,12,6,18,0.67
SbJh,1,1,2,0.5
SbJl,5,3,8,0.62
SbJm,7,6,13,0.54
SbJn,0,3,3,0.0
SbJs,6,3,9,0.67
SbKB,1,2,3,0.33
SbKD,0,2,2,0.0
SbKH,1,1,2,0.5
SbKL,1,2,3,0.33
SbKM,2,3,5,0.4
SbKN,2,1,3,0.67
SbKP,5,2,7,0.71
SbKS,2,3,5,0.4
SbKb,2,2,4,0.5
SbKh,1,6,7,0.14
SbKl,1,1,2,0.5
SbKm,3,2,5,0.6
SbKn,4,2,6,0.67
SbKs,2,0,2,1.0
SbLB,7,4,11,0.64
SbLD,2,1,3,0.67
SbLL,6,3,9,0.67
SbLM,5,10,15,0.33
SbLN,5,18,23,0.22
SbLP,14,8,22,0.64
SbLS,8,6,14,0.57
SbLT,1,2,3,0.33
SbLb,10,10,20,0.5
SbLh,2,4,6,0.33
SbLj,2,4,6,0.33
SbLl,4,6,10,0.4
SbLm,11,7,18,0.61
SbLn,16,10,26,0.62
SbLs,9,5,14,0.64
SbMB,25,20,45,0.56
SbMD,2,3,5,0.4
SbMI,0,0,0,
SbML,11,7,18,0.61
SbMM,16,28,44,0.36
SbMN,20,33,53,0.38
SbMP,24,29,53,0.45
SbMS,21,23,44,0.48
SbMT,1,2,3,0.33
SbMb,31,21,52,0.6
SbMh,15,25,40,0.38
SbMj,4,8,12,0.33
SbMl,13,9,22,0.59
SbMm,27,14,41,0.66
SbMn,27,31,58,0.47
SbMs,16,10,26,0.62
SbNB,29,15,44,0.66
SbND,3,2,5,0.6
SbNH,3,4,7,0.43
SbNI,1,0,1,1.0
SbNK,5,4,9,0.56
SbNL,12,9,21,0.57
SbNM,30,28,58,0.52
SbNN,34,36,70,0.49
SbNP,36,38,74,0.49
SbNS,21,21,42,0.5
SbNT,4,4,8,0.5
SbNb,27,30,57,0.47
SbNh,13,21,34,0.38
SbNl,13,10,23,0.57
SbNm,29,19,48,0.6
SbNn,54,38,92,0.59
SbNs,29,19,48,0.6
SbPB,23,17,40,0.57
SbPD,5,3,8,0.62
SbPH,10,5,15,0.67
SbPI,2,1,3,0.67
SbPK,2,7,9,0.22
SbPL,13,13,26,0.5
SbPM,32,32,64,0.5
SbPN,32,33,65,0.49
SbPP,58,53,111,0.52
SbPS,24,18,42,0.57
SbPT,5,4,9,0.56
SbPb,38,31,69,0.55
SbPh,4,5,9,0.44
SbPl,14,15,29,0.48
SbPm,34,25,59,0.58
SbPn,23,36,59,0.39
SbPs,19,15,34,0.56
SbSB,5,12,17,0.29
SbSD,1,1,2,0.5
SbSH,3,8,11,0.27
SbSI,1,0,1,1.0
SbSL,3,3,6,0.5
SbSM,14,22,36,0.39
SbSN,15,21,36,0.42
SbSP,20,25,45,0.44
SbSS,22,28,50,0.44
SbST,5,6,11,0.45
SbSb,23,17,40,0.57
SbSh,11,4,15,0.73
SbSl,7,2,9,0.78
SbSm,19,15,34,0.56
SbSn,19,21,40,0.48
SbSs,9,18,27,0.33
SbbB,30,22,52,0.58
SbbD,4,0,4,1.0
SbbH,10,7,17,0.59
SbbI,2,3,5,0.4
SbbJ,4,9,13,0.31
SbbK,0,2,2,0.0
SbbL,13,12,25,0.52
SbbM,21,27,48,0.44
SbbN,27,32,59,0.46
SbbP,42,35,77,0.55
SbbS,12,21,33,0.36
Sbbb,43,22,65,0.66
Sbbl,10,15,25,0.4
Sbbm,26,18,44,0.59
Sbbn,30,14,44,0.68
Sbbs,15,9,24,0.62
SbhS,2,0,2,1.0
Sbhb,0,1,1,0.0
Sbhl,0,1,1,0.0
Sbhm,2,1,3,0.67
SblB,10,10,20,0.5
SblD,0,1,1,0.0
SblH,5,6,11,0.45
SblJ,1,2,3,0.33
SblK,0,0,0,
SblL,4,8,12,0.33
SblM,5,10,15,0.33
SblN,9,9,18,0.5
SblP,15,13,28,0.54
SblS,12,5,17,0.71
Sblb,9,5,14,0.64
Sbll,3,2,5,0.6
Sblm,6,4,10,0.6
Sbln,4,6,10,0.4
Sbls,8,2,10,0.8
SbmB,17,19,36,0.47
SbmD,4,1,5,0.8
SbmH,12,17,29,0.41
SbmI,2,1,3,0.67
SbmJ,3,3,6,0.5
SbmK,1,1,2,0.5
SbmL,5,4,9,0.56
SbmM,18,23,41,0.44
SbmN,29,14,43,0.67
SbmP,24,26,50,0.48
SbmS,9,14,23,0.39
Sbmb,13,18,31,0.42
Sbml,4,5,9,0.44
Sbmm,16,11,27,0.59
Sbmn,14,19,33,0.42
Sbms,11,8,19,0.58
SbnB,22,14,36,0.61
SbnD,3,0,3,1.0
SbnH,11,8,19,0.58
SbnI,9,1,10,0.9
SbnK,2,2,4,0.5
SbnL,3,7,10,0.3
SbnM,20,27,47,0.43
SbnN,21,29,50,0.42
SbnP,41,33,74,0.55
SbnS,14,17,31,0.45
Sbnb,34,22,56,0.61
Sbnh,0,3,3,0.0
Sbnl,6,8,14,0.43
Sbnm,22,15,37,0.59
Sbnn,27,28,55,0.49
Sbns,17,7,24,0.71
SbsB,9,11,20,0.45
SbsD,1,4,5,0.2
SbsH,12,17,29,0.41
SbsI,1,1,2,0.5
SbsL,3,4,7,0.43
SbsM,6,10,16,0.38
SbsN,15,14,29,0.52
SbsP,17,13,30,0.57
SbsS,12,12,24,0.5
Sbsb,16,8,24,0.67
Sbsl,5,1,6,0.83
Sbsm,10,7,17,0.59
Sbsn,13,10,23,0.57
Sbss,10,13,23,0.43
ShBB,11,16,27,0.41
ShBD,1,0,1,1.0
ShBL,4,1,5,0.8
ShBM,8,18,26,0.31
ShBN,17,9,26,0.65
ShBP,14,11,25,0.56
ShBS,5,9,14,0.36
ShBT,1,0,1,1.0
ShBb,12,12,24,0.5
ShBh,0,3,3,0.0
ShBj,5,4,9,0.56
ShBl,6,2,8,0.75
ShBm,16,8,24,0.67
ShBn,11,12,23,0.48
ShBs,8,9,17,0.47
ShDD,0,1,1,0.0
ShDH,0,4,4,0.0
ShDI,0,1,1,0.0
ShDL,0,1,1,0.0
ShDM,2,2,4,0.5
ShDN,1,1,2,0.5
ShDP,1,3,4,0.25
ShDS,1,2,3,0.33
ShDT,0,0,0,
ShDb,2,0,2,1.0
ShDl,2,0,2,1.0
ShDm,5,1,6,0.83
ShDn,1,1,2,0.5
ShDs,2,3,5,0.4
ShHB,2,2,4,0.5
ShHH,1,2,3,0.33
ShHI,2,0,2,1.0
ShHK,0,1,1,0.0
ShHL,0,1,1,0.0
ShHM,2,4,6,0.33
ShHN,6,7,13,0.46
ShHP,5,3,8,0.62
ShHS,6,4,10,0.6
ShHb,3,1,4,0.75
ShHh,2,4,6,0.33
ShHl,4,1,5,0.8
ShHm,2,3,5,0.4
ShHn,4,7,11,0.36
ShHs,5,7,12,0.42
ShIB,0,1,1,0.0
ShIH,1,4,5,0.2
ShII,1,0,1,1.0
ShIL,2,0,2,1.0
ShIM,1,2,3,0.33
ShIN,3,0,3,1.0
ShIP,1,2,3,0.33
ShIS,1,1,2,0.5
ShIT,0,0,0,
ShIm,1,0,1,1.0
ShIn,2,2,4,0.5
ShIs,0,2,2,0.0
ShKB,0,1,1,0.0
ShKI,0,0,0,
ShKL,2,1,3,0.67
ShKS,1,0,1,1.0
ShKh,0,1,1,0.0
ShKs,0,1,1,0.0
ShLB,3,3,6,0.5
ShLD,1,0,1,1.0
ShLH,1,0,1,1.0
ShLL,1,5,6,0.17
ShLM,3,7,10,0.3
ShLN,4,10,14,0.29
ShLP,7,10,17,0.41
ShLS,3,5,8,0.38
ShLT,1,0,1,1.0
ShLb,6,5,11,0.55
ShLh,4,7,11,0.36
ShLj,1,2,3,0.33
ShLl,3,2,5,0.6
ShLm,8,4,12,0.67
ShLn,3,14,17,0.18
ShLs,3,4,7,0.43
ShMB,14,10,24,0.58
ShMD,3,3,6,0.5
ShMH,0,0,0,
ShMK,1,2,3,0.33
ShML,4,3,7,0.57
ShMM,14,18,32,0.44
ShMN,12,19,31,0.39
ShMP,25,25,50,0.5
ShMS,5,15,20,0.25
ShMT,2,1,3,0.67
ShMb,20,16,36,0.56
ShMh,16,15,31,0.52
ShMj,7,1,8,0.88
ShMl,10,1,11,0.91
ShMm,12,13,25,0.48
ShMn,22,21,43,0.51
ShMs,12,12,24,0.5
ShNB,8,10,18,0.44
ShND,1,0,1,1.0
ShNH,4,0,4,1.0
ShNI,0,1,1,0.0
ShNK,1,3,4,0.25
ShNL,5,2,7,0.71
ShNM,5,15,20,0.25
ShNN,12,17,29,0.41
ShNP,14,32,46,0.3
ShNS,14,11,25,0.56
ShNT,0,5,5,0.0
ShNb,11,15,26,0.42
ShNh,3,4,7,0.43
ShNl,3,5,8,0.38
ShNm,24,7,31,0.77
ShNn,27,30,57,0.47
ShNs,11,16,27,0.41
ShPB,18,31,49,0.37
ShPD,0,2,2,0.0
ShPH,4,4,8,0.5
ShPI,0,1,1,0.0
ShPK,0,3,3,0.0
ShPL,9,5,14,0.64
ShPM,13,24,37,0.35
ShPN,20,26,46,0.43
ShPP,25,34,59,0.42
ShPS,18,20,38,0.47
ShPT,2,2,4,0.5
ShPb,28,24,52,0.54
ShPh,5,2,7,0.71
ShPl,9,12,21,0.43
ShPm,23,14,37,0.62
ShPn,21,20,41,0.51
ShPs,24,16,40,0.6
ShSB,11,11,22,0.5
ShSD,2,3,5,0.4
ShSH,6,11,17,0.35
ShSI,1,0,1,1.0
ShSK,0,1,1,0.0
ShSL,7,2,9,0.78
ShSM,13,22,35,0.37
ShSN,13,16,29,0.45
ShSP,22,19,41,0.54
ShSS,26,32,58,0.45
ShST,8,1,9,0.89
ShSb,17,14,31,0.55
ShSh,11,16,27,0.41
ShSl,7,8,15,0.47
ShSm,15,13,28,0.54
ShSn,18,16,34,0.53
ShSs,26,31,57,0.46
ShTB,1,1,2,0.5
ShTH,1,1,2,0.5
ShTK,0,1,1,0.0
ShTL,2,0,2,1.0
ShTM,1,2,3,0.33
ShTN,4,3,7,0.57
ShTP,1,1,2,0.5
ShTS,2,1,3,0.67
ShTb,1,2,3,0.33
ShTl,0,3,3,0.0
ShTm,3,2,5,0.6
ShTn,2,2,4,0.5
ShTs,3,3,6,0.5
ShbB,14,7,21,0.67
ShbD,2,0,2,1.0
ShbH,4,6,10,0.4
ShbI,1,0,1,1.0
ShbJ,3,3,6,0.5
ShbK,3,4,7,0.43
ShbL,8,6,14,0.57
ShbM,15,18,33,0.45
ShbN,16,15,31,0.52
ShbP,20,11,31,0.65
ShbS,12,21,33,0.36
Shbb,17,17,34,0.5
Shbl,7,7,14,0.5
Shbm,12,8,20,0.6
Shbn,19,19,38,0.5
Shbs,4,10,14,0.29
ShhB,7,11,18,0.39
ShhD,3,2,5,0.6
ShhH,7,2,9,0.78
ShhI,1,0,1,1.0
ShhL,3,3,6,0.5
ShhM,16,13,29,0.55
ShhN,15,10,25,0.6
ShhP,19,18,37,0.51
ShhS,18,13,31,0.58
ShhT,4,2,6,0.67
Shhb,11,9,20,0.55
Shhh,13,18,31,0.42
Shhl,8,7,15,0.53
Shhm,22,14,36,0.61
Shhn,17,13,30,0.57
Shhs,18,16,34,0.53
ShlB,4,4,8,0.5
ShlD,1,0,1,1.0
ShlH,8,3,11,0.73
ShlI,1,0,1,1.0
ShlJ,2,0,2,1.0
ShlK,0,2,2,0.0
ShlL,4,1,5,0.8
ShlM,8,6,14,0.57
ShlN,4,13,17,0.24
ShlP,10,9,19,0.53
ShlS,7,5,12,0.58
Shlb,7,9,16,0.44
Shll,4,3,7,0.57
Shlm,9,4,13,0.69
Shln,7,5,12,0.58
Shls,7,8,15,0.47
ShmB,12,14,26,0.46
ShmD,3,3,6,0.5
ShmH,14,7,21,0.67
ShmI,1,0,1,1.0
ShmJ,4,4,8,0.5
ShmK,0,0,0,
ShmL,4,6,10,0.4
ShmM,11,21,32,0.34
ShmN,19,20,39,0.49
ShmP,13,17,30,0.43
ShmS,20,20,40,0.5
Shmb,15,15,30,0.5
Shml,5,2,7,0.71
Shmm,13,7,20,0.65
Shmn,15,13,28,0.54
Shms,13,8,21,0.62
ShnB,12,10,22,0.55
ShnD,0,3,3,0.0
ShnH,9,6,15,0.6
ShnI,2,4,6,0.33
ShnK,1,3,4,0.25
ShnL,9,2,11,0.82
ShnM,21,21,42,0.5
ShnN,23,20,43,0.53
ShnP,22,33,55,0.4
ShnS,12,19,31,0.39
Shnb,22,13,35,0.63
Shnh,3,0,3,1.0
Shnl,7,6,13,0.54
Shnm,17,7,24,0.71
Shnn,19,24,43,0.44
Shns,15,21,36,0.42
ShsB,12,11,23,0.52
ShsD,4,3,7,0.57
ShsH,17,21,38,0.45
ShsI,2,2,4,0.5
ShsK,0,2,2,0.0
ShsL,4,8,12,0.33
ShsM,19,19,38,0.5
ShsN,19,15,34,0.56
ShsP,17,22,39,0.44
ShsS,17,26,43,0.4
ShsT,0,0,0,
Shsb,12,23,35,0.34
Shsh,0,3,3,0.0
Shsl,9,8,17,0.53
Shsm,24,17,41,0.59
Shsn,13,18,31,0.42
Shss,19,18,37,0.51
SlBB,10,11,21,0.48
SlBD,2,1,3,0.67
SlBH,0,1,1,0.0
SlBK,1,0,1,1.0
SlBL,3,4,7,0.43
SlBM,8,9,17,0.47
SlBN,7,7,14,0.5
SlBP,16,10,26,0.62
SlBS,5,8,13,0.38
SlBT,0,2,2,0.0
SlBb,9,5,14,0.64
SlBh,2,1,3,0.67
SlBj,0,1,1,0.0
SlBl,4,3,7,0.57
SlBm,7,8,15,0.47
SlBn,11,7,18,0.61
SlBs,12,8,20,0.6
SlDB,0,1,1,0.0
SlDH,2,0,2,1.0
SlDL,3,0,3,1.0
SlDM,1,1,2,0.5
SlDN,1,0,1,1.0
SlDP,4,0,4,1.0
SlDS,0,1,1,0.0
SlDb,2,0,2,1.0
SlDl,1,0,1,1.0
SlDn,1,1,2,0.5
SlDs,0,2,2,0.0
SlHB,2,7,9,0.22
SlHH,1,2,3,0.33
SlHI,1,0,1,1.0
SlHK,0,2,2,0.0
SlHL,4,2,6,0.67
SlHM,6,9,15,0.4
SlHN,5,11,16,0.31
SlHP,15,18,33,0.45
SlHS,7,6,13,0.54
SlHT,1,0,1,1.0
SlHb,9,8,17,0.53
SlHh,2,2,4,0.5
SlHl,3,5,8,0.38
SlHm,5,5,10,0.5
SlHn,6,9,15,0.4
SlHs,7,5,12,0.58
SlIB,2,0,2,1.0
SlIH,0,1,1,0.0
SlII,0,1,1,0.0
SlIL,1,0,1,1.0
SlIM,2,0,2,1.0
SlIN,1,0,1,1.0
SlIP,3,1,4,0.75
SlIS,1,2,3,0.33
SlIb,1,0,1,1.0
SlIm,0,1,1,0.0
SlIs,1,2,3,0.33
SlJB,1,3,4,0.25
SlJD,2,0,2,1.0
SlJH,1,2,3,0.33
SlJI,1,0,1,1.0
SlJL,2,3,5,0.4
SlJM,1,2,3,0.33
SlJN,3,6,9,0.33
SlJP,6,6,12,0.5
SlJS,2,5,7,0.29
SlJb,3,4,7,0.43
SlJh,1,0,1,1.0
SlJl,1,0,1,1.0
SlJn,0,1,1,0.0
SlJs,5,3,8,0.62
SlKB,0,1,1,0.0
SlKK,1,0,1,1.0
SlKM,1,1,2,0.5
SlKN,1,0,1,1.0
SlKP,0,0,0,
SlKS,1,0,1,1.0
SlKb,0,1,1,0.0
SlKh,0,3,3,0.0
SlKl,1,0,1,1.0
SlKm,2,1,3,0.67
SlLB,6,3,9,0.67
SlLL,0,2,2,0.0
SlLM,2,11,13,0.15
SlLN,12,6,18,0.67
SlLP,4,5,9,0.44
SlLS,4,4,8,0.5
SlLT,1,0,1,1.0
SlLb,4,6,10,0.4
SlLh,4,1,5,0.8
SlLj,3,0,3,1.0
SlLl,2,0,2,1.0
SlLm,3,6,9,0.33
SlLn,4,13,17,0.24
SlLs,5,2,7,0.71
SlMB,9,9,18,0.5
SlMD,2,3,5,0.4
SlML,5,8,13,0.38
SlMM,12,10,22,0.55
SlMN,6,11,17,0.35
SlMP,17,19,36,0.47
SlMS,8,15,23,0.35
SlMT,2,2,4,0.5
SlMb,20,7,27,0.74
SlMh,7,7,14,0.5
SlMj,5,3,8,0.62
SlMl,5,4,9,0.56
SlMm,9,9,18,0.5
SlMn,29,18,47,0.62
SlMs,8,11,19,0.42
SlNB,5,7,12,0.42
SlND,1,2,3,0.33
SlNH,1,0,1,1.0
SlNI,1,0,1,1.0
SlNK,1,0,1,1.0
SlNL,4,2,6,0.67
SlNM,15,11,26,0.58
SlNN,15,24,39,0.38
SlNP,20,19,39,0.51
SlNS,11,7,18,0.61
SlNT,2,0,2,1.0
SlNb,13,17,30,0.43
SlNh,3,5,8,0.38
SlNl,3,4,7,0.43
SlNm,7,17,24,0.29
SlNn,25,9,34,0.74
SlNs,9,8,17,0.53
SlPB,7,16,23,0.3
SlPD,4,1,5,0.8
SlPH,4,4,8,0.5
SlPI,0,1,1,0.0
SlPK,1,5,6,0.17
SlPL,5,9,14,0.36
SlPM,13,19,32,0.41
SlPN,17,23,40,0.42
SlPP,31,23,54,0.57
SlPS,6,14,20,0.3
SlPT,2,3,5,0.4
SlPb,12,12,24,0.5
SlPh,2,0,2,1.0
SlPl,6,7,13,0.46
SlPm,14,7,21,0.67
SlPn,15,14,29,0.52
SlPs,8,7,15,0.53
SlSB,9,3,12,0.75
SlSD,1,3,4,0.25
SlSH,3,1,4,0.75
SlSL,3,7,10,0.3
SlSM,10,19,29,0.34
SlSN,10,6,16,0.62
SlSP,14,13,27,0.52
SlSS,18,16,34,0.53
SlST,3,2,5,0.6
SlSb,10,8,18,0.56
SlSh,2,8,10,0.2
SlSl,7,10,17,0.41
SlSm,14,13,27,0.52
SlSn,15,5,20,0.75
SlSs,14,11,25,0.56
SlbB,13,15,28,0.46
SlbD,1,0,1,1.0
SlbH,5,2,7,0.71
SlbI,2,1,3,0.67
SlbJ,4,1,5,0.8
SlbK,0,3,3,0.0
SlbL,7,5,12,0.58
SlbM,17,8,25,0.68
SlbN,20,16,36,0.56
SlbP,11,30,41,0.27
SlbS,4,4,8,0.5
Slbb,12,17,29,0.41
Slbl,7,4,11,0.64
Slbm,8,8,16,0.5
Slbn,15,12,27,0.56
Slbs,6,7,13,0.46
SlhS,1,0,1,1.0
SllB,9,6,15,0.6
SllH,2,5,7,0.29
SllI,1,0,1,1.0
SllJ,1,1,2,0.5
SllK,0,0,0,
SllL,3,3,6,0.5
SllM,6,7,13,0.46
SllN,5,7,12,0.42
SllP,5,7,12,0.42
SllS,7,8,15,0.47
Sllb,6,3,9,0.67
Slll,4,3,7,0.57
Sllm,5,1,6,0.83
Slln,2,2,4,0.5
Slls,0,7,7,0.0
SlmB,9,5,14,0.64
SlmD,2,2,4,0.5
SlmH,8,6,14,0.57
SlmI,0,1,1,0.0
SlmJ,0,0,0,
SlmK,0,1,1,0.0
SlmL,4,5,9,0.44
SlmM,9,7,16,0.56
SlmN,12,8,20,0.6
SlmP,13,13,26,0.5
SlmS,8,10,18,0.44
Slmb,15,9,24,0.62
Slml,4,1,5,0.8
Slmm,8,11,19,0.42
Slmn,7,7,14,0.5
Slms,6,3,9,0.67
SlnB,8,8,16,0.5
SlnH,7,3,10,0.7
SlnI,3,2,5,0.6
SlnL,3,6,9,0.33
SlnM,8,12,20,0.4
SlnN,16,9,25,0.64
SlnP,17,21,38,0.45
SlnS,8,11,19,0.42
SlnT,1,1,2,0.5
Slnb,10,4,14,0.71
Slnl,6,5,11,0.55
Slnm,8,9,17,0.47
Slnn,9,6,15,0.6
Slns,6,3,9,0.67
SlsB,4,3,7,0.57
SlsD,3,4,7,0.43
SlsH,9,7,16,0.56
SlsI,2,0,2,1.0
SlsL,6,1,7,0.86
SlsM,6,6,12,0.5
SlsN,5,5,10,0.5
SlsP,19,15,34,0.56
SlsS,9,7,16,0.56
Slsb,2,13,15,0.13
Slsh,0,0,0,
Slsl,3,2,5,0.6
Slsm,13,8,21,0.62
Slsn,7,0,7,1.0
Slss,4,6,10,0.4
SmBB,20,19,39,0.51
SmBD,3,2,5,0.6
SmBH,1,0,1,1.0
SmBK,0,3,3,0.0
SmBL,7,4,11,0.64
SmBM,24,19,43,0.56
SmBN,34,27,61,0.56
SmBP,26,29,55,0.47
SmBS,16,20,36,0.44
SmBT,2,5,7,0.29
SmBb,16,21,37,0.43
SmBh,5,9,14,0.36
SmBj,8,11,19,0.42
SmBl,3,13,16,0.19
SmBm,21,15,36,0.58
SmBn,18,26,44,0.41
SmBs,14,7,21,0.67
SmDB,4,2,6,0.67
SmDD,2,2,4,0.5
SmDH,1,2,3,0.33
SmDI,2,1,3,0.67
SmDK,1,0,1,1.0
SmDL,2,1,3,0.67
SmDM,5,8,13,0.38
SmDN,1,3,4,0.25
SmDP,1,4,5,0.2
SmDS,7,8,15,0.47
SmDT,0,2,2,0.0
SmDb,3,4,7,0.43
SmDh,1,1,2,0.5
SmDl,3,2,5,0.6
SmDm,8,3,11,0.73
SmDn,3,4,7,0.43
SmDs,7,0,7,1.0
SmHB,19,19,38,0.5
SmHD,3,2,5,0.6
SmHH,3,1,4,0.75
SmHI,5,1,6,0.83
SmHK,3,1,4,0.75
SmHL,3,8,11,0.27
SmHM,27,16,43,0.63
SmHN,18,17,35,0.51
SmHP,21,25,46,0.46
SmHS,11,18,29,0.38
SmHT,4,2,6,0.67
SmHb,18,17,35,0.51
SmHh,9,6,15,0.6
SmHl,8,9,17,0.47
SmHm,20,13,33,0.61
SmHn,22,18,40,0.55
SmHs,17,16,33,0.52
SmIB,2,1,3,0.67
SmID,1,1,2,0.5
SmIH,0,2,2,0.0
SmIL,1,4,5,0.2
SmIM,1,4,5,0.2
SmIN,5,2,7,0.71
SmIP,2,3,5,0.4
SmIS,0,3,3,0.0
SmIb,2,5,7,0.29
SmIl,1,1,2,0.5
SmIm,1,1,2,0.5
SmIn,3,2,5,0.6
SmIs,4,1,5,0.8
SmJB,6,2,8,0.75
SmJD,0,0,0,
SmJH,4,4,8,0.5
SmJI,1,1,2,0.5
SmJK,1,0,1,1.0
SmJL,1,0,1,1.0
SmJM,4,5,9,0.44
SmJN,5,7,12,0.42
SmJP,5,9,14,0.36
SmJS,2,7,9,0.22
SmJT,3,0,3,1.0
SmJb,2,1,3,0.67
SmJh,0,1,1,0.0
SmJl,0,2,2,0.0
SmJm,1,10,11,0.09
SmJn,3,3,6,0.5
SmJs,6,4,10,0.6
SmKB,0,0,0,
SmKL,0,1,1,0.0
SmKM,1,0,1,1.0
SmKP,1,2,3,0.33
SmKS,0,2,2,0.0
SmKh,0,1,1,0.0
SmKl,0,1,1,0.0
SmKn,2,1,3,0.67
SmKs,2,0,2,1.0
SmLB,10,8,18,0.56
SmLD,1,1,2,0.5
SmLH,0,1,1,0.0
SmLK,1,1,2,0.5
SmLL,1,3,4,0.25
SmLM,8,14,22,0.36
SmLN,8,11,19,0.42
SmLP,11,16,27,0.41
SmLS,6,13,19,0.32
SmLT,0,1,1,0.0
SmLb,10,11,21,0.48
SmLh,3,4,7,0.43
SmLj,1,3,4,0.25
SmLl,4,1,5,0.8
SmLm,10,8,18,0.56
SmLn,12,7,19,0.63
SmLs,6,10,16,0.38
SmMB,25,14,39,0.64
SmMD,10,2,12,0.83
SmMI,0,1,1,0.0
SmMK,0,0,0,
SmML,7,9,16,0.44
SmMM,15,34,49,0.31
SmMN,37,31,68,0.54
SmMP,28,28,56,0.5
SmMS,23,18,41,0.56
SmMT,2,4,6,0.33
SmMb,30,22,52,0.58
SmMh,20,17,37,0.54
SmMj,6,2,8,0.75
SmMl,11,4,15,0.73
SmMm,31,21,52,0.6
SmMn,33,41,74,0.45
SmMs,25,11,36,0.69
SmNB,26,23,49,0.53
SmND,7,3,10,0.7
SmNH,7,6,13,0.54
SmNI,1,0,1,1.0
SmNK,3,6,9,0.33
SmNL,10,12,22,0.45
SmNM,23,30,53,0.43
SmNN,36,39,75,0.48
SmNP,41,43,84,0.49
SmNS,27,35,62,0.44
SmNT,9,5,14,0.64
SmNb,27,21,48,0.56
SmNh,5,5,10,0.5
SmNl,12,7,19,0.63
SmNm,19,19,38,0.5
SmNn,37,42,79,0.47
SmNs,18,19,37,0.49
SmPB,16,34,50,0.32
SmPD,6,5,11,0.55
SmPH,9,7,16,0.56
SmPI,0,1,1,0.0
SmPK,4,2,6,0.67
SmPL,16,18,34,0.47
SmPM,31,42,73,0.42
SmPN,42,39,81,0.52
SmPP,52,47,99,0.53
SmPS,34,15,49,0.69
SmPT,3,7,10,0.3
SmPb,38,39,77,0.49
SmPh,2,1,3,0.67
SmPl,7,11,18,0.39
SmPm,35,13,48,0.73
SmPn,33,34,67,0.49
SmPs,21,19,40,0.52
SmSB,11,15,26,0.42
SmSD,3,3,6,0.5
SmSH,8,9,17,0.47
SmSI,1,1,2,0.5
SmSK,3,0,3,1.0
SmSL,7,5,12,0.58
SmSM,21,31,52,0.4
SmSN,18,20,38,0.47
SmSP,31,19,50,0.62
SmSS,18,31,49,0.37
SmST,4,3,7,0.57
SmSb,23,22,45,0.51
SmSh,15,16,31,0.48
SmSl,5,3,8,0.62
SmSm,31,22,53,0.58
SmSn,18,25,43,0.42
SmSs,20,22,42,0.48
SmTB,0,1,1,0.0
SmTD,0,1,1,0.0
SmTN,1,0,1,1.0
SmbB,26,23,49,0.53
SmbD,0,1,1,0.0
SmbH,7,3,10,0.7
SmbI,0,2,2,0.0
SmbJ,8,8,16,0.5
SmbK,0,3,3,0.0
SmbL,5,7,12,0.42
SmbM,24,28,52,0.46
SmbN,35,37,72,0.49
SmbP,27,33,60,0.45
SmbS,13,18,31,0.42
Smbb,32,23,55,0.58
Smbl,9,7,16,0.56
Smbm,18,13,31,0.58
Smbn,27,16,43,0.63
Smbs,8,11,19,0.42
SmhN,0,1,1,0.0
SmhS,0,1,1,0.0
Smhm,0,0,0,
Smhn,0,2,2,0.0
Smhs,0,1,1,0.0
SmlB,7,12,19,0.37
SmlD,2,1,3,0.67
SmlH,6,2,8,0.75
SmlI,1,1,2,0.5
SmlJ,4,2,6,0.67
SmlK,0,1,1,0.0
SmlL,4,2,6,0.67
SmlM,12,11,23,0.52
SmlN,11,12,23,0.48
SmlP,13,7,20,0.65
SmlS,7,5,12,0.58
Smlb,11,10,21,0.52
Smll,0,4,4,0.0
Smlm,12,6,18,0.67
Smln,7,8,15,0.47
Smls,8,2,10,0.8
SmmB,21,21,42,0.5
SmmD,3,2,5,0.6
SmmH,18,11,29,0.62
SmmI,0,1,1,0.0
SmmJ,8,4,12,0.67
SmmK,2,1,3,0.67
SmmL,7,8,15,0.47
SmmM,27,33,60,0.45
SmmN,25,32,57,0.44
SmmP,26,23,49,0.53
SmmS,22,18,40,0.55
Smmb,22,23,45,0.49
Smml,5,4,9,0.56
Smmm,27,17,44,0.61
Smmn,17,22,39,0.44
Smms,13,8,21,0.62
SmnB,27,18,45,0.6
SmnD,1,3,4,0.25
SmnH,9,16,25,0.36
SmnI,7,0,7,1.0
SmnK,2,2,4,0.5
SmnL,6,7,13,0.46
SmnM,21,25,46,0.46
SmnN,28,31,59,0.47
SmnP,33,37,70,0.47
SmnS,17,21,38,0.45
Smnb,17,26,43,0.4
Smnh,0,0,0,
Smnl,8,8,16,0.5
Smnm,26,10,36,0.72
Smnn,32,31,63,0.51
Smns,16,14,30,0.53
SmsB,5,11,16,0.31
SmsD,3,3,6,0.5
SmsH,13,14,27,0.48
SmsI,3,3,6,0.5
SmsK,0,1,1,0.0
SmsL,6,4,10,0.6
SmsM,11,16,27,0.41
SmsN,13,12,25,0.52
SmsP,15,21,36,0.42
SmsS,21,17,38,0.55
SmsT,1,1,2,0.5
Smsb,9,8,17,0.53
Smsl,4,6,10,0.4
Smsm,16,9,25,0.64
Smsn,12,14,26,0.46
Smss,13,16,29,0.45
SnBB,16,16,32,0.5
SnBD,4,4,8,0.5
SnBK,6,2,8,0.75
SnBL,3,8,11,0.27
SnBM,15,11,26,0.58
SnBN,21,24,45,0.47
SnBP,25,27,52,0.48
SnBS,9,17,26,0.35
SnBT,2,3,5,0.4
SnBb,16,13,29,0.55
SnBh,0,1,1,0.0
SnBj,5,16,21,0.24
SnBl,10,6,16,0.62
SnBm,20,17,37,0.54
SnBn,33,27,60,0.55
SnBs,11,13,24,0.46
SnDB,2,4,6,0.33
SnDD,0,1,1,0.0
SnDH,5,2,7,0.71
SnDI,1,0,1,1.0
SnDK,0,0,0,
SnDL,4,0,4,1.0
SnDM,3,8,11,0.27
SnDN,1,5,6,0.17
SnDP,2,4,6,0.33
SnDS,6,5,11,0.55
SnDT,1,1,2,0.5
SnDb,2,1,3,0.67
SnDh,0,0,0,
SnDm,6,4,10,0.6
SnDn,4,4,8,0.5
SnDs,2,4,6,0.33
SnHB,8,7,15,0.53
SnHD,1,4,5,0.2
SnHH,5,1,6,0.83
SnHI,1,3,4,0.25
SnHK,0,2,2,0.0
SnHL,5,3,8,0.62
SnHM,14,22,36,0.39
SnHN,19,17,36,0.53
SnHP,25,24,49,0.51
SnHS,12,21,33,0.36
SnHT,2,1,3,0.67
SnHb,14,14,28,0.5
SnHh,8,6,14,0.57
SnHl,9,6,15,0.6
SnHm,13,16,29,0.45
SnHn,21,12,33,0.64
SnHs,11,17,28,0.39
SnIB,2,3,5,0.4
SnID,0,0,0,
SnIH,2,5,7,0.29
SnIK,0,0,0,
SnIL,2,1,3,0.67
SnIM,0,7,7,0.0
SnIN,3,4,7,0.43
SnIP,10,2,12,0.83
SnIS,1,1,2,0.5
SnIT,0,2,2,0.0
SnIb,4,8,12,0.33
SnIl,2,0,2,1.0
SnIm,8,0,8,1.0
SnIn,3,6,9,0.33
SnIs,1,1,2,0.5
SnKB,4,5,9,0.44
SnKD,0,0,0,
SnKH,1,0,1,1.0
SnKI,1,1,2,0.5
SnKM,5,6,11,0.45
SnKN,1,6,7,0.14
SnKP,3,5,8,0.38
SnKS,1,3,4,0.25
SnKT,1,0,1,1.0
SnKb,2,3,5,0.4
SnKh,5,5,10,0.5
SnKl,3,2,5,0.6
SnKm,4,2,6,0.67
SnKn,3,5,8,0.38
SnKs,3,1,4,0.75
SnLB,3,8,11,0.27
SnLD,0,1,1,0.0
SnLH,0,0,0,
SnLK,2,3,5,0.4
SnLL,3,3,6,0.5
SnLM,4,11,15,0.27
SnLN,9,8,17,0.53
SnLP,7,15,22,0.32
SnLS,8,8,16,0.5
SnLT,3,0,3,1.0
SnLb,12,7,19,0.63
SnLh,3,5,8,0.38
SnLj,2,4,6,0.33
SnLl,8,4,12,0.67
SnLm,9,6,15,0.6
SnLn,23,15,38,0.61
SnLs,7,3,10,0.7
SnMB,23,28,51,0.45
SnMD,3,2,5,0.6
SnMK,1,0,1,1.0
SnML,9,8,17,0.53
SnMM,16,45,61,0.26
SnMN,24,31,55,0.44
SnMP,34,31,65,0.52
SnMS,25,21,46,0.54
SnMT,5,3,8,0.62
SnMb,24,35,59,0.41
SnMh,19,31,50,0.38
SnMj,4,6,10,0.4
SnMl,10,9,19,0.53
SnMm,24,30,54,0.44
SnMn,44,39,83,0.53
SnMs,13,29,42,0.31
SnNB,27,36,63,0.43
SnND,5,5,10,0.5
SnNH,7,5,12,0.58
SnNK,3,6,9,0.33
SnNL,15,14,29,0.52
SnNM,37,36,73,0.51
SnNN,48,44,92,0.52
SnNP,66,52,118,0.56
SnNS,29,39,68,0.43
SnNT,7,5,12,0.58
SnNb,36,30,66,0.55
SnNh,10,10,20,0.5
SnNl,10,8,18,0.56
SnNm,33,31,64,0.52
SnNn,52,69,121,0.43
SnNs,40,24,64,0.62
SnPB,26,42,68,0.38
SnPD,5,7,12,0.42
SnPH,14,15,29,0.48
SnPI,5,3,8,0.62
SnPK,4,4,8,0.5
SnPL,18,21,39,0.46
SnPM,46,42,88,0.52
SnPN,52,53,105,0.5
SnPP,63,72,135,0.47
SnPS,45,34,79,0.57
SnPT,4,2,6,0.67
SnPb,55,36,91,0.6
SnPh,8,7,15,0.53
SnPl,26,20,46,0.57
SnPm,48,34,82,0.59
SnPn,47,45,92,0.51
SnPs,34,31,65,0.52
SnSB,20,20,40,0.5
SnSD,5,5,10,0.5
SnSH,8,9,17,0.47
SnSI,0,1,1,0.0
SnSK,1,0,1,1.0
SnSL,8,12,20,0.4
SnSM,27,39,66,0.41
SnSN,27,27,54,0.5
SnSP,49,47,96,0.51
SnSS,34,41,75,0.45
SnST,8,3,11,0.73
SnSb,19,21,40,0.48
SnSh,22,22,44,0.5
SnSl,9,11,20,0.45
SnSm,27,25,52,0.52
SnSn,39,35,74,0.53
SnSs,40,22,62,0.65
SnTB,0,0,0,
SnbB,26,25,51,0.51
SnbD,0,3,3,0.0
SnbH,10,5,15,0.67
SnbI,2,1,3,0.67
SnbJ,5,3,8,0.62
SnbK,6,4,10,0.6
SnbL,8,11,19,0.42
SnbM,26,25,51,0.51
SnbN,39,31,70,0.56
SnbP,35,39,74,0.47
SnbS,15,15,30,0.5
Snbb,25,26,51,0.49
Snbl,12,7,19,0.63
Snbm,24,20,44,0.55
Snbn,44,30,74,0.59
Snbs,10,15,25,0.4
SnhB,0,3,3,0.0
SnhH,1,0,1,1.0
SnhL,3,0,3,1.0
SnhM,0,0,0,
SnhN,2,3,5,0.4
SnhP,2,1,3,0.67
SnhT,1,0,1,1.0
Snhb,1,2,3,0.33
Snhh,0,1,1,0.0
Snhl,0,1,1,0.0
Snhm,1,0,1,1.0
Snhn,0,1,1,0.0
Snhs,1,2,3,0.33
SnlB,10,13,23,0.43
SnlD,2,1,3,0.67
SnlH,6,8,14,0.43
SnlJ,3,3,6,0.5
SnlK,0,1,1,0.0
SnlL,3,8,11,0.27
SnlM,14,6,20,0.7
SnlN,24,14,38,0.63
SnlP,16,21,37,0.43
SnlS,6,4,10,0.6
Snlb,11,16,27,0.41
Snll,6,4,10,0.6
Snlm,6,4,10,0.6
Snln,10,11,21,0.48
Snls,9,3,12,0.75
SnmB,16,22,38,0.42
SnmD,2,8,10,0.2
SnmH,11,27,38,0.29
SnmI,3,4,7,0.43
SnmJ,3,8,11,0.27
SnmL,4,6,10,0.4
SnmM,28,30,58,0.48
SnmN,34,32,66,0.52
SnmP,39,25,64,0.61
SnmS,23,19,42,0.55
SnmT,0,0,0,
Snmb,34,36,70,0.49
Snmh,0,1,1,0.0
Snml,6,3,9,0.67
Snmm,18,19,37,0.49
Snmn,25,21,46,0.54
Snms,13,9,22,0.59
SnnB,15,17,32,0.47
SnnD,5,4,9,0.56
SnnH,18,18,36,0.5
SnnI,5,5,10,0.5
SnnK,3,6,9,0.33
SnnL,15,16,31,0.48
SnnM,29,38,67,0.43
SnnN,49,52,101,0.49
SnnP,62,41,103,0.6
SnnS,29,33,62,0.47
Snnb,28,24,52,0.54
Snnl,16,7,23,0.7
Snnm,29,25,54,0.54
Snnn,29,44,73,0.4
Snns,23,26,49,0.47
SnsB,14,18,32,0.44
SnsD,3,4,7,0.43
SnsH,12,23,35,0.34
SnsI,5,5,10,0.5
SnsK,0,0,0,
SnsL,7,11,18,0.39
SnsM,19,26,45,0.42
SnsN,17,24,41,0.41
SnsP,31,32,63,0.49
SnsS,29,29,58,0.5
SnsT,0,1,1,0.0
Snsb,24,16,40,0.6
Snsh,2,1,3,0.67
Snsl,10,8,18,0.56
Snsm,17,15,32,0.53
Snsn,27,22,49,0.55
Snss,28,27,55,0.51
SsBB,11,8,19,0.58
SsBD,2,1,3,0.67
SsBK,2,1,3,0.67
SsBL,5,4,9,0.56
SsBM,13,14,27,0.48
SsBN,23,12,35,0.66
SsBP,26,14,40,0.65
SsBS,13,8,21,0.62
SsBT,3,0,3,1.0
SsBb,11,19,30,0.37
SsBh,0,1,1,0.0
SsBj,7,7,14,0.5
SsBl,6,7,13,0.46
SsBm,13,14,27,0.48
SsBn,21,30,51,0.41
SsBs,9,8,17,0.53
SsDB,0,5,5,0.0
SsDD,5,1,6,0.83
SsDH,6,7,13,0.46
SsDL,0,3,3,0.0
SsDM,7,5,12,0.58
SsDN,5,3,8,0.62
SsDP,7,6,13,0.54
SsDS,5,8,13,0.38
SsDT,1,0,1,1.0
SsDb,9,4,13,0.69
SsDh,1,0,1,1.0
SsDl,1,0,1,1.0
SsDm,5,5,10,0.5
SsDn,1,2,3,0.33
SsDs,3,4,7,0.43
SsHB,18,21,39,0.46
SsHD,5,2,7,0.71
SsHH,4,5,9,0.44
SsHI,5,9,14,0.36
SsHK,2,2,4,0.5
SsHL,5,8,13,0.38
SsHM,20,24,44,0.45
SsHN,25,35,60,0.42
SsHP,34,24,58,0.59
SsHS,35,38,73,0.48
SsHT,2,2,4,0.5
SsHb,23,11,34,0.68
SsHh,12,14,26,0.46
SsHl,9,12,21,0.43
SsHm,26,15,41,0.63
SsHn,31,24,55,0.56
SsHs,24,35,59,0.41
SsIB,2,3,5,0.4
SsID,0,1,1,0.0
SsIH,3,4,7,0.43
SsII,1,0,1,1.0
SsIL,2,2,4,0.5
SsIM,4,2,6,0.67
SsIN,3,7,10,0.3
SsIP,5,4,9,0.56
SsIS,6,7,13,0.46
SsIb,5,2,7,0.71
SsIl,3,1,4,0.75
SsIm,2,3,5,0.4
SsIn,3,0,3,1.0
SsIs,5,4,9,0.56
SsKB,1,3,4,0.25
SsKK,0,0,0,
SsKM,0,3,3,0.0
SsKP,1,0,1,1.0
SsKS,1,2,3,0.33
SsKh,1,2,3,0.33
SsKl,1,1,2,0.5
SsKm,2,1,3,0.67
SsKn,1,2,3,0.33
SsKs,0,0,0,
SsLB,16,9,25,0.64
SsLD,2,0,2,1.0
SsLK,2,0,2,1.0
SsLL,2,2,4,0.5
SsLM,7,11,18,0.39
SsLN,7,8,15,0.47
SsLP,16,14,30,0.53
SsLS,5,5,10,0.5
SsLT,3,1,4,0.75
SsLb,13,10,23,0.57
SsLh,2,1,3,0.67
SsLj,4,3,7,0.57
SsLl,9,6,15,0.6
SsLm,12,8,20,0.6
SsLn,12,10,22,0.55
SsLs,12,6,18,0.67
SsMB,22,31,53,0.42
SsMD,2,1,3,0.67
SsML,12,8,20,0.6
SsMM,23,26,49,0.47
SsMN,32,23,55,0.58
SsMP,28,30,58,0.48
SsMS,23,22,45,0.51
SsMT,4,3,7,0.57
SsMb,22,20,42,0.52
SsMh,19,16,35,0.54
SsMj,6,7,13,0.46
SsMl,12,8,20,0.6
SsMm,34,36,70,0.49
SsMn,31,35,66,0.47
SsMs,19,20,39,0.49
SsNB,23,12,35,0.66
SsND,6,0,6,1.0
SsNH,8,4,12,0.67
SsNK,2,5,7,0.29
SsNL,6,14,20,0.3
SsNM,24,26,50,0.48
SsNN,32,32,64,0.5
SsNP,36,40,76,0.47
SsNS,28,28,56,0.5
SsNT,9,5,14,0.64
SsNb,20,23,43,0.47
SsNh,9,7,16,0.56
SsNl,10,8,18,0.56
SsNm,25,22,47,0.53
SsNn,46,43,89,0.52
SsNs,31,28,59,0.53
SsPB,32,23,55,0.58
SsPD,7,5,12,0.58
SsPH,10,12,22,0.45
SsPI,5,2,7,0.71
SsPK,4,7,11,0.36
SsPL,17,14,31,0.55
SsPM,29,31,60,0.48
SsPN,31,33,64,0.48
SsPP,64,44,108,0.59
SsPS,44,31,75,0.59
SsPT,6,3,9,0.67
SsPb,24,39,63,0.38
SsPh,4,2,6,0.67
SsPl,18,14,32,0.56
SsPm,40,31,71,0.56
SsPn,25,34,59,0.42
SsPs,32,40,72,0.44
SsSB,19,27,46,0.41
SsSD,8,10,18,0.44
SsSH,14,17,31,0.45
SsSI,3,2,5,0.6
SsSK,1,3,4,0.25
SsSL,15,8,23,0.65
SsSM,33,38,71,0.46
SsSN,26,29,55,0.47
SsSP,46,52,98,0.47
SsSS,65,73,138,0.47
SsST,8,7,15,0.53
SsSb,24,16,40,0.6
SsSh,25,35,60,0.42
SsSl,23,11,34,0.68
SsSm,39,28,67,0.58
SsSn,43,38,81,0.53
SsSs,68,56,124,0.55
SsTB,1,2,3,0.33
SsTD,1,0,1,1.0
SsTM,1,0,1,1.0
SsTN,0,1,1,0.0
SsTP,1,0,1,1.0
SsTS,1,0,1,1.0
SsTm,2,0,2,1.0
SsbB,24,16,40,0.6
SsbD,3,0,3,1.0
SsbH,1,3,4,0.25
SsbI,2,1,3,0.67
SsbJ,8,6,14,0.57
SsbK,4,4,8,0.5
SsbL,9,9,18,0.5
SsbM,22,26,48,0.46
SsbN,37,26,63,0.59
SsbP,31,27,58,0.53
SsbS,7,15,22,0.32
Ssbb,32,22,54,0.59
Ssbl,18,10,28,0.64
Ssbm,21,20,41,0.51
Ssbn,20,21,41,0.49
Ssbs,13,12,25,0.52
SshB,0,3,3,0.0
SshM,0,0,0,
SshN,2,2,4,0.5
SshP,1,4,5,0.2
SshS,0,5,5,0.0
SshT,0,1,1,0.0
Sshb,5,3,8,0.62
Sshh,1,2,3,0.33
Sshl,1,0,1,1.0
Sshm,1,2,3,0.33
Sshn,0,1,1,0.0
Sshs,1,3,4,0.25
SslB,6,9,15,0.4
SslD,1,0,1,1.0
SslH,6,7,13,0.46
SslI,3,0,3,1.0
SslJ,2,0,2,1.0
SslK,1,0,1,1.0
SslL,7,7,14,0.5
SslM,8,15,23,0.35
SslN,11,18,29,0.38
SslP,15,18,33,0.45
SslS,2,5,7,0.29
Sslb,11,9,20,0.55
Ssll,6,8,14,0.43
Sslm,12,3,15,0.8
Ssln,13,7,20,0.65
Ssls,8,9,17,0.47
SsmB,20,22,42,0.48
SsmD,5,4,9,0.56
SsmH,29,14,43,0.67
SsmI,4,2,6,0.67
SsmJ,5,9,14,0.36
SsmL,6,9,15,0.4
SsmM,37,30,67,0.55
SsmN,30,32,62,0.48
SsmP,25,23,48,0.52
SsmS,27,28,55,0.49
Ssmb,24,25,49,0.49
Ssmh,0,1,1,0.0
Ssml,9,8,17,0.53
Ssmm,26,13,39,0.67
Ssmn,37,23,60,0.62
Ssms,15,18,33,0.45
SsnB,11,15,26,0.42
SsnD,4,1,5,0.8
SsnH,11,19,30,0.37
SsnI,8,2,10,0.8
SsnK,3,3,6,0.5
SsnL,6,3,9,0.67
SsnM,21,26,47,0.45
SsnN,35,24,59,0.59
SsnP,37,37,74,0.5
SsnS,25,17,42,0.6
SsnT,0,0,0,
Ssnb,20,20,40,0.5
Ssnh,0,1,1,0.0
Ssnl,6,5,11,0.55
Ssnm,20,28,48,0.42
Ssnn,27,22,49,0.55
Ssns,19,17,36,0.53
SssB,16,17,33,0.48
SssD,6,4,10,0.6
SssH,28,37,65,0.43
SssI,10,3,13,0.77
SssK,1,0,1,1.0
SssL,7,9,16,0.44
SssM,34,30,64,0.53
SssN,32,29,61,0.52
SssP,30,42,72,0.42
SssS,47,40,87,0.54
SssT,0,1,1,0.0
Sssb,38,19,57,0.67
Sssh,2,1,3,0.67
Sssl,18,7,25,0.72
Sssm,35,16,51,0.69
Sssn,30,16,46,0.65
Ssss,32,38,70,0.46
TBBB,3,2,5,0.6
TBBK,1,0,1,1.0
TBBL,2,0,2,1.0
TBBM,3,1,4,0.75
TBBN,3,3,6,0.5
TBBP,3,3,6,0.5
TBBS,0,2,2,0.0
TBBT,1,0,1,1.0
TBBb,2,1,3,0.67
TBBj,1,1,2,0.5
TBBl,2,1,3,0.67
TBBm,7,3,10,0.7
TBBn,1,1,2,0.5
TBBs,0,0,0,
TBDB,0,1,1,0.0
TBDD,0,0,0,
TBDL,0,1,1,0.0
TBDM,0,0,0,
TBDP,0,1,1,0.0
TBDS,1,1,2,0.5
TBDb,1,0,1,1.0
TBDn,0,1,1,0.0
TBKN,0,1,1,0.0
TBKP,0,1,1,0.0
TBKS,0,0,0,
TBKs,1,0,1,1.0
TBLB,0,0,0,
TBLL,1,0,1,1.0
TBLM,2,0,2,1.0
TBLN,0,1,1,0.0
TBLP,1,0,1,1.0
TBLb,0,1,1,0.0
TBLj,0,1,1,0.0
TBLl,1,1,2,0.5
TBLm,2,0,2,1.0
TBLn,2,0,2,1.0
TBLs,0,1,1,0.0
TBMB,3,4,7,0.43
TBMH,0,0,0,
TBMM,2,3,5,0.4
TBMN,5,3,8,0.62
TBMP,6,4,10,0.6
TBMS,1,1,2,0.5
TBMb,4,4,8,0.5
TBMh,4,2,6,0.67
TBMl,3,2,5,0.6
TBMm,6,2,8,0.75
TBMn,3,1,4,0.75
TBMs,1,2,3,0.33
TBNB,1,0,1,1.0
TBNH,1,0,1,1.0
TBNL,1,2,3,0.33
TBNM,0,2,2,0.0
TBNN,3,2,5,0.6
TBNP,3,2,5,0.6
TBNS,0,2,2,0.0
TBNb,3,1,4,0.75
TBNh,2,2,4,0.5
TBNl,1,0,1,1.0
TBNm,3,1,4,0.75
TBNn,1,2,3,0.33
TBNs,2,1,3,0.67
TBPB,2,3,5,0.4
TBPH,2,1,3,0.67
TBPI,0,1,1,0.0
TBPK,1,0,1,1.0
TBPL,2,2,4,0.5
TBPM,1,2,3,0.33
TBPN,3,4,7,0.43
TBPP,5,5,10,0.5
TBPS,2,1,3,0.67
TBPT,1,0,1,1.0
TBPb,1,3,4,0.25
TBPl,2,3,5,0.4
TBPm,1,1,2,0.5
TBPn,1,2,3,0.33
TBPs,1,0,1,1.0
TBSB,0,1,1,0.0
TBSD,0,1,1,0.0
TBSH,0,1,1,0.0
TBSL,0,0,0,
TBSM,1,0,1,1.0
TBSN,1,0,1,1.0
TBSP,1,2,3,0.33
TBSS,2,1,3,0.67
TBST,1,0,1,1.0
TBSb,1,1,2,0.5
TBSh,1,0,1,1.0
TBSm,1,0,1,1.0
TBSn,0,1,1,0.0
TBTB,0,1,1,0.0
TBTL,0,1,1,0.0
TBTM,0,1,1,0.0
TBTN,1,0,1,1.0
TBTP,1,2,3,0.33
TBTT,1,0,1,1.0
TBTm,0,1,1,0.0
TBTn,0,1,1,0.0
TBTs,0,1,1,0.0
TBbB,3,5,8,0.38
TBbJ,1,0,1,1.0
TBbL,0,2,2,0.0
TBbM,3,4,7,0.43
TBbN,0,4,4,0.0
TBbP,3,4,7,0.43
TBbS,2,0,2,1.0
TBbb,0,3,3,0.0
TBbl,0,0,0,
TBbm,6,3,9,0.67
TBbn,1,3,4,0.25
TBbs,0,3,3,0.0
TBhP,1,0,1,1.0
TBhT,1,1,2,0.5
TBhh,1,1,2,0.5
TBhm,0,2,2,0.0
TBhn,1,0,1,1.0
TBjB,0,1,1,0.0
TBjL,1,1,2,0.5
TBjM,0,1,1,0.0
TBjN,0,1,1,0.0
TBjP,3,1,4,0.75
TBjT,2,0,2,1.0
TBjb,1,1,2,0.5
TBjm,0,1,1,0.0
TBjs,0,3,3,0.0
TBlB,3,1,4,0.75
TBlH,1,1,2,0.5
TBlJ,0,0,0,
TBlL,0,1,1,0.0
TBlM,0,2,2,0.0
TBlN,1,2,3,0.33
TBlP,4,0,4,1.0
TBlS,1,1,2,0.5
TBlb,1,0,1,1.0
TBll,1,1,2,0.5
TBlm,1,0,1,1.0
TBln,2,0,2,1.0
TBls,0,0,0,
TBmB,0,4,4,0.0
TBmH,6,2,8,0.75
TBmJ,1,0,1,1.0
TBmL,0,1,1,0.0
TBmM,2,3,5,0.4
TBmN,1,2,3,0.33
TBmP,4,1,5,0.8
TBmS,1,3,4,0.25
TBmb,1,3,4,0.25
TBml,1,0,1,1.0
TBmm,2,2,4,0.5
TBmn,3,3,6,0.5
TBms,1,3,4,0.25
TBnB,2,5,7,0.29
TBnH,3,1,4,0.75
TBnI,2,0,2,1.0
TBnM,6,2,8,0.75
TBnN,3,7,10,0.3
TBnP,2,3,5,0.4
TBnS,1,2,3,0.33
TBnb,2,5,7,0.29
TBnh,1,0,1,1.0
TBnl,1,5,6,0.17
TBnm,2,2,4,0.5
TBnn,3,3,6,0.5
TBns,2,2,4,0.5
TBsB,0,2,2,0.0
TBsH,2,1,3,0.67
TBsM,2,1,3,0.67
TBsN,0,1,1,0.0
TBsP,1,2,3,0.33
TBsS,0,2,2,0.0
TBsb,2,1,3,0.67
TBsl,0,1,1,0.0
TBsm,1,0,1,1.0
TBsn,0,1,1,0.0
TBss,2,0,2,1.0
TDBN,0,1,1,0.0
TDBj,0,0,0,
TDBl,0,1,1,0.0
TDBm,0,1,1,0.0
TDBn,2,0,2,1.0
TDBs,0,1,1,0.0
TDDP,1,0,1,1.0
TDDS,0,2,2,0.0
TDDn,0,1,1,0.0
TDHL,0,1,1,0.0
TDHN,0,1,1,0.0
TDHP,2,0,2,1.0
TDHb,0,1,1,0.0
TDHm,1,1,2,0.5
TDHn,1,0,1,1.0
TDHs,0,1,1,0.0
TDKS,1,0,1,1.0
TDLM,1,0,1,1.0
TDLN,1,0,1,1.0
TDLS,1,0,1,1.0
TDLm,1,0,1,1.0
TDLn,0,1,1,0.0
TDMB,1,0,1,1.0
TDMP,0,1,1,0.0
TDMb,0,1,1,0.0
TDMh,1,0,1,1.0
TDMm,3,0,3,1.0
TDMn,0,2,2,0.0
TDNL,0,1,1,0.0
TDNN,1,0,1,1.0
TDNP,0,1,1,0.0
TDNS,0,1,1,0.0
TDNb,1,0,1,1.0
TDNl,1,0,1,1.0
TDPH,1,0,1,1.0
TDPI,1,0,1,1.0
TDPM,1,0,1,1.0
TDPP,2,3,5,0.4
TDPS,0,0,0,
TDPb,1,0,1,1.0
TDPl,1,0,1,1.0
TDPm,1,1,2,0.5
TDPs,0,1,1,0.0
TDSB,0,2,2,0.0
TDSH,0,1,1,0.0
TDSM,0,1,1,0.0
TDSN,0,1,1,0.0
TDSP,1,0,1,1.0
TDSS,1,1,2,0.5
TDSh,1,0,1,1.0
TDSl,1,0,1,1.0
TDSm,0,1,1,0.0
TDTn,0,0,0,
TDbM,0,1,1,0.0
TDbN,2,0,2,1.0
TDbP,2,0,2,1.0
TDbm,0,1,1,0.0
TDbs,1,0,1,1.0
TDhm,0,1,1,0.0
TDlI,1,0,1,1.0
TDlN,0,0,0,
TDlS,2,0,2,1.0
TDlb,0,0,0,
TDls,0,1,1,0.0
TDmB,1,0,1,1.0
TDmD,1,0,1,1.0
TDmH,0,1,1,0.0
TDmJ,0,0,0,
TDmL,1,0,1,1.0
TDmN,1,0,1,1.0
TDmP,1,0,1,1.0
TDml,0,1,1,0.0
TDmm,0,2,2,0.0
TDms,1,1,2,0.5
TDnB,0,1,1,0.0
TDnM,1,0,1,1.0
TDnN,0,2,2,0.0
TDnS,2,0,2,1.0
TDnb,1,0,1,1.0
TDnl,1,0,1,1.0
TDnm,0,1,1,0.0
TDnn,0,1,1,0.0
TDsB,1,0,1,1.0
TDsH,0,1,1,0.0
TDsL,1,0,1,1.0
TDsM,0,2,2,0.0
TDsN,0,1,1,0.0
TDsP,1,0,1,1.0
TDsS,0,1,1,0.0
TDsb,1,0,1,1.0
TDsl,1,0,1,1.0
TDss,0,1,1,0.0
THBB,0,1,1,0.0
THBK,1,0,1,1.0
THBM,0,3,3,0.0
THBN,1,0,1,1.0
THBP,0,0,0,
THBb,2,0,2,1.0
THBm,0,2,2,0.0
THBn,2,3,5,0.4
THBs,1,1,2,0.5
THDB,1,0,1,1.0
THDH,0,0,0,
THDL,2,0,2,1.0
THDM,0,1,1,0.0
THDP,1,0,1,1.0
THDS,0,1,1,0.0
THDb,1,0,1,1.0
THDl,0,1,1,0.0
THDm,1,0,1,1.0
THDs,1,1,2,0.5
THHB,1,1,2,0.5
THHP,0,1,1,0.0
THHS,2,0,2,1.0
THHb,3,0,3,1.0
THHh,1,0,1,1.0
THHn,1,0,1,1.0
THHs,1,0,1,1.0
THIM,0,1,1,0.0
THIP,0,1,1,0.0
THIS,1,1,2,0.5
THIb,0,1,1,0.0
THIn,1,0,1,1.0
THIs,1,1,2,0.5
THKB,1,0,1,1.0
THLB,0,1,1,0.0
THLH,1,0,1,1.0
THLM,1,1,2,0.5
THLP,2,0,2,1.0
THLS,0,2,2,0.0
THLT,0,1,1,0.0
THLm,1,0,1,1.0
THLn,0,1,1,0.0
THLs,1,0,1,1.0
THMB,2,1,3,0.67
THMD,2,0,2,1.0
THMI,1,0,1,1.0
THML,0,3,3,0.0
THMM,1,2,3,0.33
THMN,1,1,2,0.5
THMP,2,2,4,0.5
THMS,3,1,4,0.75
THMT,1,0,1,1.0
THMb,0,3,3,0.0
THMh,0,0,0,
THMl,2,0,2,1.0
THMm,1,1,2,0.5
THMn,2,0,2,1.0
THMs,0,1,1,0.0
THNB,2,0,2,1.0
THND,1,1,2,0.5
THNH,1,0,1,1.0
THNK,1,1,2,0.5
THNL,1,0,1,1.0
THNM,0,1,1,0.0
THNN,1,2,3,0.33
THNP,0,1,1,0.0
THNS,2,2,4,0.5
THNT,0,0,0,
THNb,4,6,10,0.4
THNh,1,1,2,0.5
THNl,1,5,6,0.17
THNm,0,1,1,0.0
THNn,3,4,7,0.43
THPB,1,0,1,1.0
THPH,1,0,1,1.0
THPK,0,1,1,0.0
THPM,2,3,5,0.4
THPN,2,3,5,0.4
THPP,1,3,4,0.25
THPS,1,3,4,0.25
THPb,3,1,4,0.75
THPh,1,0,1,1.0
THPl,1,1,2,0.5
THPm,1,2,3,0.33
THPn,4,1,5,0.8
THPs,2,2,4,0.5
THSB,1,1,2,0.5
THSD,0,1,1,0.0
THSH,0,0,0,
THSL,0,2,2,0.0
THSM,0,1,1,0.0
THSN,0,1,1,0.0
THSP,0,3,3,0.0
THSS,1,3,4,0.25
THSb,0,3,3,0.0
THSh,1,1,2,0.5
THSl,1,1,2,0.5
THSn,3,0,3,1.0
THTM,0,1,1,0.0
THTP,2,0,2,1.0
THbB,1,1,2,0.5
THbL,0,1,1,0.0
THbM,0,0,0,
THbN,2,0,2,1.0
THbP,3,0,3,1.0
THbS,1,0,1,1.0
THbb,0,1,1,0.0
THbl,0,1,1,0.0
THbm,3,0,3,1.0
THbn,3,1,4,0.75
THbs,4,0,4,1.0
THhB,1,0,1,1.0
THhL,1,0,1,1.0
THhM,0,1,1,0.0
THhN,1,0,1,1.0
THhP,4,3,7,0.57
THhS,0,0,0,
THhb,1,0,1,1.0
THhh,1,0,1,1.0
THhl,0,1,1,0.0
THhm,2,0,2,1.0
THhn,1,1,2,0.5
THhs,3,1,4,0.75
THlB,2,0,2,1.0
THlH,0,1,1,0.0
THlM,0,1,1,0.0
THlN,0,2,2,0.0
THlP,1,1,2,0.5
THlS,1,0,1,1.0
THlb,1,1,2,0.5
THll,1,1,2,0.5
THlm,0,2,2,0.0
THln,2,1,3,0.67
THls,2,0,2,1.0
THmB,1,1,2,0.5
THmD,1,0,1,1.0
THmH,0,2,2,0.0
THmJ,0,1,1,0.0
THmL,1,0,1,1.0
THmM,1,2,3,0.33
THmN,2,5,7,0.29
THmP,2,5,7,0.29
THmS,0,2,2,0.0
THmb,1,2,3,0.33
THmm,2,0,2,1.0
THmn,1,2,3,0.33
THnB,2,1,3,0.67
THnH,1,2,3,0.33
THnI,2,1,3,0.67
THnK,1,0,1,1.0
THnL,2,0,2,1.0
THnM,2,2,4,0.5
THnN,4,3,7,0.57
THnP,1,3,4,0.25
THnS,0,1,1,0.0
THnb,1,2,3,0.33
THnm,1,2,3,0.33
THnn,0,6,6,0.0
THns,0,1,1,0.0
THsH,0,2,2,0.0
THsL,1,2,3,0.33
THsM,3,0,3,1.0
THsN,0,2,2,0.0
THsP,3,2,5,0.6
THsS,2,3,5,0.4
THsb,1,0,1,1.0
THsl,2,1,3,0.67
THsm,1,3,4,0.25
THsn,0,1,1,0.0
THss,3,0,3,1.0
TIBn,0,1,1,0.0
TIMN,0,1,1,0.0
TIMs,1,0,1,1.0
TINB,1,0,1,1.0
TIPM,1,0,1,1.0
TIPP,1,0,1,1.0
TIPb,1,0,1,1.0
TIPm,0,1,1,0.0
TISP,0,0,0,
TISS,0,1,1,0.0
TISm,0,0,0,
TISn,0,1,1,0.0
TITN,1,0,1,1.0
TIbM,0,1,1,0.0
TIbN,1,0,1,1.0
TIbn,1,0,1,1.0
TIbs,0,1,1,0.0
TIlb,1,0,1,1.0
TImB,0,1,1,0.0
TImM,2,0,2,1.0
TImS,1,0,1,1.0
TInH,0,1,1,0.0
TKBB,0,0,0,
TKBL,0,1,1,0.0
TKBP,1,0,1,1.0
TKBj,1,0,1,1.0
TKDM,0,0,0,
TKDS,1,0,1,1.0
TKHb,0,1,1,0.0
TKLn,0,0,0,
TKMB,1,0,1,1.0
TKMD,0,1,1,0.0
TKMN,1,1,2,0.5
TKMP,1,1,2,0.5
TKMS,1,0,1,1.0
TKMb,1,0,1,1.0
TKMl,1,0,1,1.0
TKMm,1,0,1,1.0
TKMn,0,1,1,0.0
TKNB,1,0,1,1.0
TKNP,0,1,1,0.0
TKPB,0,1,1,0.0
TKPM,1,0,1,1.0
TKPN,1,1,2,0.5
TKPP,1,0,1,1.0
TKPS,1,0,1,1.0
TKPb,1,0,1,1.0
TKPm,0,0,0,
TKPn,1,0,1,1.0
TKSM,0,0,0,
TKSN,0,1,1,0.0
TKSP,1,0,1,1.0
TKSS,0,1,1,0.0
TKSb,1,1,2,0.5
TKSh,1,0,1,1.0
TKSn,1,1,2,0.5
TKSs,2,1,3,0.67
TKbK,1,0,1,1.0
TKbM,0,1,1,0.0
TKbN,0,0,0,
TKbP,1,0,1,1.0
TKhB,0,0,0,
TKhL,0,1,1,0.0
TKhS,1,1,2,0.5
TKhs,0,0,0,
TKlB,0,1,1,0.0
TKlL,1,0,1,1.0
TKlM,0,1,1,0.0
TKlb,0,1,1,0.0
TKmH,0,1,1,0.0
TKmJ,0,0,0,
TKmb,0,1,1,0.0
TKmm,1,0,1,1.0
TKms,0,1,1,0.0
TKnm,0,0,0,
TKsM,0,0,0,
TKsN,3,0,3,1.0
TKsn,1,0,1,1.0
TLBB,2,3,5,0.4
TLBL,0,1,1,0.0
TLBM,0,0,0,
TLBN,1,1,2,0.5
TLBP,0,3,3,0.0
TLBS,0,1,1,0.0
TLBT,1,0,1,1.0
TLBb,2,1,3,0.67
TLBj,0,1,1,0.0
TLBl,1,0,1,1.0
TLBm,3,0,3,1.0
TLBn,1,0,1,1.0
TLBs,0,1,1,0.0
TLDN,0,1,1,0.0
TLKN,1,1,2,0.5
TLLB,1,0,1,1.0
TLLH,0,1,1,0.0
TLLM,1,0,1,1.0
TLLN,0,3,3,0.0
TLLP,0,1,1,0.0
TLLS,1,0,1,1.0
TLLb,1,0,1,1.0
TLLl,0,1,1,0.0
TLLm,0,1,1,0.0
TLLn,1,0,1,1.0
TLMB,1,4,5,0.2
TLMD,0,1,1,0.0
TLML,0,1,1,0.0
TLMM,0,1,1,0.0
TLMN,1,2,3,0.33
TLMP,2,1,3,0.67
TLMS,1,0,1,1.0
TLMb,1,1,2,0.5
TLMh,1,2,3,0.33
TLMj,0,1,1,0.0
TLMl,0,1,1,0.0
TLMm,1,3,4,0.25
TLMn,1,1,2,0.5
TLMs,0,1,1,0.0
TLNB,2,1,3,0.67
TLNK,0,1,1,0.0
TLNM,0,1,1,0.0
TLNN,2,6,8,0.25
TLNP,1,2,3,0.33
TLNS,0,1,1,0.0
TLNb,0,0,0,
TLNh,1,2,3,0.33
TLNl,0,1,1,0.0
TLNm,3,0,3,1.0
TLNn,2,2,4,0.5
TLNs,0,0,0,
TLPB,1,0,1,1.0
TLPM,2,3,5,0.4
TLPN,2,4,6,0.33
TLPP,3,3,6,0.5
TLPS,2,2,4,0.5
TLPb,0,1,1,0.0
TLPm,2,1,3,0.67
TLPn,1,1,2,0.5
TLPs,2,2,4,0.5
TLSL,1,1,2,0.5
TLSM,0,1,1,0.0
TLSN,1,0,1,1.0
TLSP,3,1,4,0.75
TLSS,0,0,0,
TLST,1,0,1,1.0
TLSb,0,2,2,0.0
TLSh,1,0,1,1.0
TLSl,1,0,1,1.0
TLSn,1,0,1,1.0
TLSs,2,0,2,1.0
TLTB,1,0,1,1.0
TLTN,0,2,2,0.0
TLTn,0,1,1,0.0
TLbB,1,1,2,0.5
TLbJ,0,0,0,
TLbL,1,0,1,1.0
TLbM,4,2,6,0.67
TLbN,3,3,6,0.5
TLbP,0,1,1,0.0
TLbS,3,2,5,0.6
TLbb,3,1,4,0.75
TLbl,2,0,2,1.0
TLbm,0,1,1,0.0
TLbn,1,2,3,0.33
TLbs,0,1,1,0.0
TLhB,2,1,3,0.67
TLhL,1,1,2,0.5
TLhM,1,2,3,0.33
TLhN,2,0,2,1.0
TLhP,1,0,1,1.0
TLhS,1,1,2,0.5
TLhb,1,0,1,1.0
TLhh,1,0,1,1.0
TLhn,1,1,2,0.5
TLhs,2,1,3,0.67
TLjL,3,1,4,0.75
TLjb,0,1,1,0.0
TLjn,1,1,2,0.5
TLlB,2,0,2,1.0
TLlD,0,0,0,
TLlH,1,1,2,0.5
TLlM,1,0,1,1.0
TLlN,1,1,2,0.5
TLlP,0,1,1,0.0
TLlS,0,1,1,0.0
TLlb,1,0,1,1.0
TLlm,1,1,2,0.5
TLln,0,2,2,0.0
TLls,1,0,1,1.0
TLmB,0,1,1,0.0
TLmD,1,0,1,1.0
TLmH,1,2,3,0.33
TLmJ,0,0,0,
TLmL,0,1,1,0.0
TLmM,1,3,4,0.25
TLmN,0,1,1,0.0
TLmS,1,1,2,0.5
TLmb,2,0,2,1.0
TLml,0,1,1,0.0
TLmm,1,1,2,0.5
TLmn,1,0,1,1.0
TLnB,1,1,2,0.5
TLnD,0,0,0,
TLnH,1,2,3,0.33
TLnI,1,0,1,1.0
TLnK,0,0,0,
TLnL,0,1,1,0.0
TLnM,1,2,3,0.33
TLnN,0,2,2,0.0
TLnP,3,2,5,0.6
TLnS,4,2,6,0.67
TLnb,1,1,2,0.5
TLnh,1,0,1,1.0
TLnl,1,0,1,1.0
TLnm,0,1,1,0.0
TLnn,0,1,1,0.0
TLns,0,1,1,0.0
TLsH,0,2,2,0.0
TLsN,1,1,2,0.5
TLsP,1,0,1,1.0
TLsS,0,1,1,0.0
TLsb,2,0,2,1.0
TLsl,0,0,0,
TLsm,2,0,2,1.0
TLsn,1,0,1,1.0
TLss,0,0,0,
TMBB,1,4,5,0.2
TMBL,1,0,1,1.0
TMBM,0,4,4,0.0
TMBN,4,1,5,0.8
TMBP,4,1,5,0.8
TMBS,1,2,3,0.33
TMBb,3,4,7,0.43
TMBj,0,0,0,
TMBl,1,0,1,1.0
TMBm,3,2,5,0.6
TMBn,4,8,12,0.33
TMBs,2,0,2,1.0
TMDB,1,0,1,1.0
TMDH,0,1,1,0.0
TMDL,1,0,1,1.0
TMDM,0,1,1,0.0
TMDP,1,0,1,1.0
TMDb,0,1,1,0.0
TMDl,0,1,1,0.0
TMDm,0,0,0,
TMKN,0,1,1,0.0
TMLB,0,1,1,0.0
TMLM,0,3,3,0.0
TMLN,4,3,7,0.57
TMLP,1,4,5,0.2
TMLS,1,1,2,0.5
TMLb,0,1,1,0.0
TMLm,3,1,4,0.75
TMLn,2,1,3,0.67
TMMB,0,3,3,0.0
TMMD,0,1,1,0.0
TMML,0,1,1,0.0
TMMM,4,2,6,0.67
TMMN,2,6,8,0.25
TMMP,4,4,8,0.5
TMMS,4,3,7,0.57
TMMT,0,1,1,0.0
TMMb,1,3,4,0.25
TMMh,3,0,3,1.0
TMMj,1,1,2,0.5
TMMl,0,2,2,0.0
TMMm,4,2,6,0.67
TMMn,1,1,2,0.5
TMMs,4,3,7,0.57
TMNB,2,3,5,0.4
TMNH,0,1,1,0.0
TMNL,1,1,2,0.5
TMNM,0,1,1,0.0
TMNN,7,1,8,0.88
TMNP,4,13,17,0.24
TMNS,0,3,3,0.0
TMNb,6,2,8,0.75
TMNh,2,1,3,0.67
TMNl,0,1,1,0.0
TMNm,2,2,4,0.5
TMNn,7,3,10,0.7
TMNs,1,0,1,1.0
TMPB,1,6,7,0.14
TMPD,0,0,0,
TMPH,0,1,1,0.0
TMPI,1,0,1,1.0
TMPK,0,2,2,0.0
TMPL,1,0,1,1.0
TMPM,3,3,6,0.5
TMPN,2,2,4,0.5
TMPP,2,8,10,0.2
TMPS,3,6,9,0.33
TMPb,6,4,10,0.6
TMPh,1,0,1,1.0
TMPl,4,3,7,0.57
TMPm,1,1,2,0.5
TMPn,6,0,6,1.0
TMPs,5,4,9,0.56
TMSB,1,1,2,0.5
TMSD,0,0,0,
TMSH,0,0,0,
TMSM,4,3,7,0.57
TMSN,3,1,4,0.75
TMSP,2,2,4,0.5
TMSS,3,2,5,0.6
TMST,1,0,1,1.0
TMSb,4,2,6,0.67
TMSh,1,0,1,1.0
TMSl,1,0,1,1.0
TMSm,1,2,3,0.33
TMSn,5,4,9,0.56
TMSs,0,2,2,0.0
TMTH,0,1,1,0.0
TMTL,1,0,1,1.0
TMTM,1,0,1,1.0
TMTP,1,1,2,0.5
TMTm,1,0,1,1.0
TMTn,1,0,1,1.0
TMTs,0,1,1,0.0
TMbB,4,4,8,0.5
TMbH,0,1,1,0.0
TMbI,1,0,1,1.0
TMbJ,1,1,2,0.5
TMbK,1,0,1,1.0
TMbL,1,3,4,0.25
TMbM,4,2,6,0.67
TMbN,7,4,11,0.64
TMbP,2,4,6,0.33
TMbS,1,3,4,0.25
TMbb,3,4,7,0.43
TMbl,0,1,1,0.0
TMbm,1,1,2,0.5
TMbn,1,1,2,0.5
TMbs,0,2,2,0.0
TMhB,0,2,2,0.0
TMhD,1,0,1,1.0
TMhH,2,1,3,0.67
TMhI,1,0,1,1.0
TMhK,0,1,1,0.0
TMhL,1,1,2,0.5
TMhM,1,4,5,0.2
TMhN,0,2,2,0.0
TMhP,6,5,11,0.55
TMhS,2,2,4,0.5
TMhT,0,0,0,
TMhb,3,2,5,0.6
TMhh,1,3,4,0.25
TMhl,0,2,2,0.0
TMhm,1,0,1,1.0
TMhn,2,1,3,0.67
TMhs,2,1,3,0.67
TMjD,1,0,1,1.0
TMjL,0,1,1,0.0
TMjN,1,1,2,0.5
TMjP,0,0,0,
TMjb,0,0,0,
TMjh,0,1,1,0.0
TMjl,2,0,2,1.0
TMjn,0,1,1,0.0
TMjs,0,1,1,0.0
TMlB,1,3,4,0.25
TMlH,0,3,3,0.0
TMlJ,0,1,1,0.0
TMlL,1,2,3,0.33
TMlM,2,3,5,0.4
TMlN,1,0,1,1.0
TMlP,1,0,1,1.0
TMlS,0,2,2,0.0
TMlb,4,0,4,1.0
TMll,0,1,1,0.0
TMlm,3,1,4,0.75
TMln,1,1,2,0.5
TMls,3,1,4,0.75
TMmB,4,5,9,0.44
TMmD,0,1,1,0.0
TMmH,3,3,6,0.5
TMmI,0,1,1,0.0
TMmK,0,1,1,0.0
TMmL,1,1,2,0.5
TMmM,4,3,7,0.57
TMmN,6,4,10,0.6
TMmP,5,0,5,1.0
TMmS,3,1,4,0.75
TMmb,3,5,8,0.38
TMml,1,2,3,0.33
TMmm,0,1,1,0.0
TMmn,6,2,8,0.75
TMms,1,0,1,1.0
TMnB,4,1,5,0.8
TMnH,3,3,6,0.5
TMnI,1,0,1,1.0
TMnL,1,2,3,0.33
TMnM,8,1,9,0.89
TMnN,7,4,11,0.64
TMnP,5,5,10,0.5
TMnS,2,5,7,0.29
TMnb,2,6,8,0.25
TMnh,0,1,1,0.0
TMnl,0,2,2,0.0
TMnm,2,3,5,0.4
TMnn,4,6,10,0.4
TMns,3,3,6,0.5
TMsB,1,1,2,0.5
TMsH,1,1,2,0.5
TMsM,2,3,5,0.4
TMsN,0,6,6,0.0
TMsP,3,2,5,0.6
TMsS,4,4,8,0.5
TMsb,0,1,1,0.0
TMsh,0,0,0,
TMsm,6,2,8,0.75
TMsn,2,5,7,0.29
TMss,2,1,3,0.67
TNBB,1,5,6,0.17
TNBK,0,1,1,0.0
TNBL,1,3,4,0.25
TNBM,2,2,4,0.5
TNBN,5,0,5,1.0
TNBP,3,7,10,0.3
TNBS,3,1,4,0.75
TNBb,3,0,3,1.0
TNBh,0,1,1,0.0
TNBj,1,1,2,0.5
TNBm,1,9,10,0.1
TNBn,1,1,2,0.5
TNBs,3,0,3,1.0
TNDH,1,1,2,0.5
TNDN,1,0,1,1.0
TNDP,0,1,1,0.0
TNDS,0,2,2,0.0
TNDm,0,1,1,0.0
TNDn,1,1,2,0.5
TNDs,0,1,1,0.0
TNHB,1,1,2,0.5
TNHN,1,1,2,0.5
TNHP,0,1,1,0.0
TNHl,0,1,1,0.0
TNHs,1,0,1,1.0
TNII,1,0,1,1.0
TNIP,1,0,1,1.0
TNIS,0,0,0,
TNKN,1,0,1,1.0
TNKl,0,1,1,0.0
TNKs,1,0,1,1.0
TNLB,3,0,3,1.0
TNLL,1,0,1,1.0
TNLM,1,2,3,0.33
TNLN,1,2,3,0.33
TNLP,1,1,2,0.5
TNLS,1,1,2,0.5
TNLT,0,0,0,
TNLb,2,1,3,0.67
TNLj,0,2,2,0.0
TNLn,0,3,3,0.0
TNMB,1,2,3,0.33
TNMD,1,0,1,1.0
TNML,2,0,2,1.0
TNMM,1,3,4,0.25
TNMN,6,0,6,1.0
TNMP,4,5,9,0.44
TNMS,0,2,2,0.0
TNMT,0,2,2,0.0
TNMb,5,5,10,0.5
TNMh,2,0,2,1.0
TNMj,0,1,1,0.0
TNMl,4,0,4,1.0
TNMm,2,3,5,0.4
TNMn,5,3,8,0.62
TNMs,3,1,4,0.75
TNNB,2,3,5,0.4
TNNK,1,0,1,1.0
TNNL,0,0,0,
TNNM,1,6,7,0.14
TNNN,3,5,8,0.38
TNNP,7,6,13,0.54
TNNS,4,2,6,0.67
TNNT,2,1,3,0.67
TNNb,3,1,4,0.75
TNNh,0,2,2,0.0
TNNl,1,4,5,0.2
TNNm,8,3,11,0.73
TNNn,4,7,11,0.36
TNNs,3,4,7,0.43
TNPB,2,2,4,0.5
TNPH,3,0,3,1.0
TNPI,0,1,1,0.0
TNPK,1,0,1,1.0
TNPL,2,2,4,0.5
TNPM,0,5,5,0.0
TNPN,5,5,10,0.5
TNPP,6,9,15,0.4
TNPS,7,3,10,0.7
TNPb,5,7,12,0.42
TNPh,0,1,1,0.0
TNPl,3,3,6,0.5
TNPm,6,8,14,0.43
TNPn,6,5,11,0.55
TNPs,1,1,2,0.5
TNSB,1,1,2,0.5
TNSH,0,1,1,0.0
TNSL,2,1,3,0.67
TNSM,0,4,4,0.0
TNSN,1,1,2,0.5
TNSP,5,4,9,0.56
TNSS,2,2,4,0.5
TNSb,2,3,5,0.4
TNSh,0,1,1,0.0
TNSl,1,1,2,0.5
TNSm,3,3,6,0.5
TNSn,4,6,10,0.4
TNSs,3,3,6,0.5
TNTM,0,1,1,0.0
TNTP,1,3,4,0.25
TNTS,0,0,0,
TNTb,1,1,2,0.5
TNTn,1,0,1,1.0
TNbB,2,2,4,0.5
TNbH,2,0,2,1.0
TNbK,0,1,1,0.0
TNbL,1,0,1,1.0
TNbM,0,0,0,
TNbN,5,2,7,0.71
TNbP,6,2,8,0.75
TNbS,1,0,1,1.0
TNbb,6,2,8,0.75
TNbl,1,4,5,0.2
TNbm,4,2,6,0.67
TNbn,2,0,2,1.0
TNbs,2,2,4,0.5
TNhB,1,1,2,0.5
TNhH,1,0,1,1.0
TNhL,0,1,1,0.0
TNhN,0,1,1,0.0
TNhP,1,3,4,0.25
TNhS,2,0,2,1.0
TNhh,3,1,4,0.75
TNhm,2,0,2,1.0
TNhn,1,3,4,0.25
TNhs,3,1,4,0.75
TNlB,2,1,3,0.67
TNlH,1,1,2,0.5
TNlJ,1,1,2,0.5
TNlM,2,2,4,0.5
TNlN,1,2,3,0.33
TNlP,3,3,6,0.5
TNlS,0,0,0,
TNlb,2,1,3,0.67
TNll,1,0,1,1.0
TNlm,0,1,1,0.0
TNln,2,0,2,1.0
TNls,1,1,2,0.5
TNmB,5,7,12,0.42
TNmD,1,1,2,0.5
TNmH,1,3,4,0.25
TNmI,2,0,2,1.0
TNmJ,2,0,2,1.0
TNmL,0,1,1,0.0
TNmM,3,0,3,1.0
TNmN,4,4,8,0.5
TNmP,1,5,6,0.17
TNmS,2,0,2,1.0
TNmb,4,4,8,0.5
TNml,1,1,2,0.5
TNmm,2,0,2,1.0
TNmn,3,4,7,0.43
TNms,1,2,3,0.33
TNnB,10,3,13,0.77
TNnD,0,0,0,
TNnH,4,2,6,0.67
TNnI,1,2,3,0.33
TNnL,0,0,0,
TNnM,7,8,15,0.47
TNnN,4,5,9,0.44
TNnP,5,5,10,0.5
TNnS,2,5,7,0.29
TNnb,5,4,9,0.56
TNnl,3,0,3,1.0
TNnm,3,6,9,0.33
TNnn,5,6,11,0.45
TNns,6,2,8,0.75
TNsB,3,0,3,1.0
TNsI,0,0,0,
TNsL,0,3,3,0.0
TNsM,1,2,3,0.33
TNsN,2,0,2,1.0
TNsP,4,6,10,0.4
TNsS,5,6,11,0.45
TNsb,2,2,4,0.5
TNsl,0,2,2,0.0
TNsm,3,2,5,0.6
TNsn,3,5,8,0.38
TNss,1,2,3,0.33
TPBB,2,3,5,0.4
TPBD,1,1,2,0.5
TPBK,0,1,1,0.0
TPBL,0,3,3,0.0
TPBM,4,5,9,0.44
TPBN,3,3,6,0.5
TPBP,8,4,12,0.67
TPBS,0,3,3,0.0
TPBb,1,1,2,0.5
TPBj,2,0,2,1.0
TPBl,2,1,3,0.67
TPBm,8,5,13,0.62
TPBn,2,4,6,0.33
TPBs,4,2,6,0.67
TPDD,0,0,0,
TPDH,0,1,1,0.0
TPDS,1,1,2,0.5
TPDb,1,0,1,1.0
TPDl,0,2,2,0.0
TPDn,1,0,1,1.0
TPDs,1,0,1,1.0
TPHB,1,2,3,0.33
TPHL,0,1,1,0.0
TPHM,3,0,3,1.0
TPHN,1,0,1,1.0
TPHP,4,3,7,0.57
TPHS,3,0,3,1.0
TPHT,1,0,1,1.0
TPHb,3,2,5,0.6
TPHh,0,2,2,0.0
TPHl,0,2,2,0.0
TPHm,1,2,3,0.33
TPHn,1,0,1,1.0
TPHs,0,1,1,0.0
TPIB,0,1,1,0.0
TPIH,0,0,0,
TPIM,1,1,2,0.5
TPIP,2,0,2,1.0
TPIb,0,2,2,0.0
TPIl,1,0,1,1.0
TPIm,1,1,2,0.5
TPKB,1,0,1,1.0
TPKP,1,0,1,1.0
TPKS,0,1,1,0.0
TPKb,0,0,0,
TPKh,0,1,1,0.0
TPKl,0,1,1,0.0
TPKs,0,1,1,0.0
TPLB,0,2,2,0.0
TPLD,1,0,1,1.0
TPLL,1,3,4,0.25
TPLM,2,4,6,0.33
TPLN,0,1,1,0.0
TPLP,2,4,6,0.33
TPLS,2,3,5,0.4
TPLb,4,1,5,0.8
TPLh,1,1,2,0.5
TPLj,2,0,2,1.0
TPLl,1,4,5,0.2
TPLm,3,1,4,0.75
TPLn,2,2,4,0.5
TPLs,2,1,3,0.67
TPMB,6,6,12,0.5
TPML,3,0,3,1.0
TPMM,4,1,5,0.8
TPMN,4,1,5,0.8
TPMP,2,10,12,0.17
TPMS,2,2,4,0.5
TPMb,4,4,8,0.5
TPMh,1,5,6,0.17
TPMj,2,3,5,0.4
TPMl,2,4,6,0.33
TPMm,7,2,9,0.78
TPMn,6,6,12,0.5
TPMs,3,2,5,0.6
TPNB,3,6,9,0.33
TPND,0,1,1,0.0
TPNH,1,0,1,1.0
TPNL,3,1,4,0.75
TPNM,3,2,5,0.6
TPNN,5,4,9,0.56
TPNP,5,5,10,0.5
TPNS,3,3,6,0.5
TPNb,9,3,12,0.75
TPNh,0,1,1,0.0
TPNl,5,3,8,0.62
TPNm,3,7,10,0.3
TPNn,6,5,11,0.55
TPNs,5,4,9,0.56
TPPB,6,8,14,0.43
TPPD,1,0,1,1.0
TPPH,1,1,2,0.5
TPPI,1,2,3,0.33
TPPK,0,0,0,
TPPL,4,9,13,0.31
TPPM,4,9,13,0.31
TPPN,10,4,14,0.71
TPPP,12,10,22,0.55
TPPS,5,11,16,0.31
TPPT,0,1,1,0.0
TPPb,9,3,12,0.75
TPPh,0,2,2,0.0
TPPl,4,5,9,0.44
TPPm,6,8,14,0.43
TPPn,10,9,19,0.53
TPPs,4,5,9,0.44
TPSB,3,5,8,0.38
TPSH,1,0,1,1.0
TPSL,0,2,2,0.0
TPSM,2,2,4,0.5
TPSN,3,2,5,0.6
TPSP,5,4,9,0.56
TPSS,6,3,9,0.67
TPST,1,0,1,1.0
TPSb,3,2,5,0.6
TPSh,2,2,4,0.5
TPSl,2,3,5,0.4
TPSm,2,1,3,0.67
TPSn,3,5,8,0.38
TPSs,0,2,2,0.0
TPTB,1,0,1,1.0
TPTD,1,0,1,1.0
TPTM,1,1,2,0.5
TPTN,1,0,1,1.0
TPTP,1,0,1,1.0
TPTb,0,1,1,0.0
TPTm,0,1,1,0.0
TPTn,0,1,1,0.0
TPTs,1,0,1,1.0
TPbB,5,4,9,0.56
TPbD,2,1,3,0.67
TPbI,0,1,1,0.0
TPbJ,1,1,2,0.5
TPbL,1,1,2,0.5
TPbM,4,8,12,0.33
TPbN,5,7,12,0.42
TPbP,6,7,13,0.46
TPbS,5,4,9,0.56
TPbb,6,6,12,0.5
TPbh,0,1,1,0.0
TPbl,1,1,2,0.5
TPbm,3,5,8,0.38
TPbn,3,4,7,0.43
TPbs,1,4,5,0.2
TPhB,1,1,2,0.5
TPhM,3,0,3,1.0
TPhN,1,0,1,1.0
TPhP,1,2,3,0.33
TPhS,0,1,1,0.0
TPhb,1,0,1,1.0
TPhh,1,1,2,0.5
TPhm,1,0,1,1.0
TPhn,1,1,2,0.5
TPhs,0,0,0,
TPlB,4,2,6,0.67
TPlH,2,0,2,1.0
TPlJ,0,1,1,0.0
TPlL,2,3,5,0.4
TPlM,4,1,5,0.8
TPlN,0,1,1,0.0
TPlP,6,4,10,0.6
TPlS,3,1,4,0.75
TPlb,1,3,4,0.25
TPll,2,1,3,0.67
TPlm,2,6,8,0.25
TPln,4,0,4,1.0
TPls,2,0,2,1.0
TPmB,7,6,13,0.54
TPmD,0,1,1,0.0
TPmH,4,4,8,0.5
TPmI,2,0,2,1.0
TPmJ,3,2,5,0.6
TPmL,2,3,5,0.4
TPmM,5,4,9,0.56
TPmN,9,12,21,0.43
TPmP,6,7,13,0.46
TPmS,1,5,6,0.17
TPmb,9,6,15,0.6
TPml,2,1,3,0.67
TPmm,3,3,6,0.5
TPmn,4,1,5,0.8
TPms,5,3,8,0.62
TPnB,2,0,2,1.0
TPnD,0,1,1,0.0
TPnH,0,2,2,0.0
TPnI,1,0,1,1.0
TPnK,1,1,2,0.5
TPnL,2,2,4,0.5
TPnM,3,8,11,0.27
TPnN,4,2,6,0.67
TPnP,13,3,16,0.81
TPnS,2,6,8,0.25
TPnb,2,2,4,0.5
TPnl,2,3,5,0.4
TPnm,4,5,9,0.44
TPnn,5,5,10,0.5
TPns,4,4,8,0.5
TPsB,5,5,10,0.5
TPsD,0,1,1,0.0
TPsH,1,5,6,0.17
TPsI,2,0,2,1.0
TPsK,0,1,1,0.0
TPsL,2,1,3,0.67
TPsM,5,4,9,0.56
TPsN,2,3,5,0.4
TPsP,2,11,13,0.15
TPsS,3,5,8,0.38
TPsb,2,1,3,0.67
TPsl,1,3,4,0.25
TPsm,3,1,4,0.75
TPsn,2,1,3,0.67
TPss,2,1,3,0.67
TSBB,1,1,2,0.5
TSBD,0,1,1,0.0
TSBK,0,1,1,0.0
TSBL,0,0,0,
TSBM,1,3,4,0.25
TSBN,1,2,3,0.33
TSBP,4,1,5,0.8
TSBS,0,3,3,0.0
TSBT,1,0,1,1.0
TSBb,5,6,11,0.45
TSBj,1,1,2,0.5
TSBl,1,1,2,0.5
TSBm,2,1,3,0.67
TSBn,2,0,2,1.0
TSBs,0,1,1,0.0
TSDM,1,0,1,1.0
TSDN,1,0,1,1.0
TSDS,1,0,1,1.0
TSDb,1,0,1,1.0
TSDn,0,1,1,0.0
TSDs,1,0,1,1.0
TSHB,1,2,3,0.33
TSHH,0,0,0,
TSHM,5,1,6,0.83
TSHN,1,1,2,0.5
TSHP,2,2,4,0.5
TSHS,0,0,0,
TSHT,0,1,1,0.0
TSHb,1,2,3,0.33
TSHh,2,0,2,1.0
TSHm,2,1,3,0.67
TSHn,0,1,1,0.0
TSHs,0,1,1,0.0
TSIB,1,0,1,1.0
TSID,1,0,1,1.0
TSIm,1,0,1,1.0
TSKN,0,1,1,0.0
TSKb,1,0,1,1.0
TSLB,0,3,3,0.0
TSLL,1,0,1,1.0
TSLM,1,0,1,1.0
TSLN,2,0,2,1.0
TSLP,0,1,1,0.0
TSLS,0,1,1,0.0
TSLb,0,1,1,0.0
TSLj,0,1,1,0.0
TSLl,0,1,1,0.0
TSLn,0,1,1,0.0
TSLs,0,1,1,0.0
TSMB,3,2,5,0.6
TSMD,2,1,3,0.67
TSML,1,1,2,0.5
TSMM,3,5,8,0.38
TSMN,1,2,3,0.33
TSMP,2,2,4,0.5
TSMS,2,2,4,0.5
TSMb,3,0,3,1.0
TSMh,1,1,2,0.5
TSMj,1,0,1,1.0
TSMm,2,1,3,0.67
TSMn,2,2,4,0.5
TSMs,2,1,3,0.67
TSNB,2,1,3,0.67
TSNM,3,4,7,0.43
TSNN,2,3,5,0.4
TSNP,2,2,4,0.5
TSNS,3,3,6,0.5
TSNT,1,0,1,1.0
TSNb,1,1,2,0.5
TSNm,1,3,4,0.25
TSNn,0,6,6,0.0
TSNs,2,3,5,0.4
TSPB,3,2,5,0.6
TSPD,0,1,1,0.0
TSPH,1,1,2,0.5
TSPK,1,0,1,1.0
TSPL,2,2,4,0.5
TSPM,3,2,5,0.6
TSPN,5,3,8,0.62
TSPP,8,2,10,0.8
TSPS,3,3,6,0.5
TSPb,1,2,3,0.33
TSPm,2,0,2,1.0
TSPn,5,3,8,0.62
TSPs,4,2,6,0.67
TSSB,2,3,5,0.4
TSSH,2,0,2,1.0
TSSI,0,1,1,0.0
TSSK,0,1,1,0.0
TSSL,1,5,6,0.17
TSSM,1,4,5,0.2
TSSN,5,3,8,0.62
TSSP,5,5,10,0.5
TSSS,8,3,11,0.73
TSSb,1,3,4,0.25
TSSh,4,3,7,0.57
TSSl,2,0,2,1.0
TSSm,7,2,9,0.78
TSSn,1,9,10,0.1
TSSs,1,5,6,0.17
TSTH,2,0,2,1.0
TSTL,0,1,1,0.0
TSTN,0,1,1,0.0
TSTP,1,0,1,1.0
TSTT,0,1,1,0.0
TSTb,0,2,2,0.0
TSTn,1,0,1,1.0
TSTs,1,0,1,1.0
TSbB,1,0,1,1.0
TSbH,0,1,1,0.0
TSbI,1,0,1,1.0
TSbJ,1,1,2,0.5
TSbM,1,2,3,0.33
TSbN,3,5,8,0.38
TSbP,1,2,3,0.33
TSbS,0,4,4,0.0
TSbb,3,4,7,0.43
TSbm,2,2,4,0.5
TSbn,1,1,2,0.5
TSbs,1,1,2,0.5
TShB,1,0,1,1.0
TShD,0,1,1,0.0
TShH,1,0,1,1.0
TShL,0,1,1,0.0
TShM,1,1,2,0.5
TShN,1,1,2,0.5
TShP,2,1,3,0.67
TShS,1,1,2,0.5
TShb,1,1,2,0.5
TShh,2,1,3,0.67
TShl,2,0,2,1.0
TShm,3,1,4,0.75
TShn,2,0,2,1.0
TShs,2,3,5,0.4
TSlB,1,1,2,0.5
TSlH,2,0,2,1.0
TSlJ,0,2,2,0.0
TSlL,0,1,1,0.0
TSlM,2,2,4,0.5
TSlN,0,1,1,0.0
TSlP,1,2,3,0.33
TSlS,3,0,3,1.0
TSlb,2,1,3,0.67
TSlm,1,1,2,0.5
TSln,2,1,3,0.67
TSls,1,1,2,0.5
TSmB,1,2,3,0.33
TSmD,0,1,1,0.0
TSmH,2,2,4,0.5
TSmI,1,0,1,1.0
TSmJ,1,0,1,1.0
TSmL,2,3,5,0.4
TSmM,1,3,4,0.25
TSmN,5,1,6,0.83
TSmP,4,4,8,0.5
TSmS,4,1,5,0.8
TSmb,4,3,7,0.57
TSml,1,0,1,1.0
TSmm,3,4,7,0.43
TSmn,2,1,3,0.67
TSms,2,2,4,0.5
TSnD,1,0,1,1.0
TSnH,0,2,2,0.0
TSnK,2,0,2,1.0
TSnL,1,3,4,0.25
TSnM,1,0,1,1.0
TSnN,2,6,8,0.25
TSnP,4,3,7,0.57
TSnS,2,5,7,0.29
TSnb,4,1,5,0.8
TSnl,4,1,5,0.8
TSnm,3,2,5,0.6
TSnn,1,2,3,0.33
TSns,4,4,8,0.5
TSsB,1,0,1,1.0
TSsD,2,0,2,1.0
TSsH,3,0,3,1.0
TSsL,2,1,3,0.67
TSsM,4,1,5,0.8
TSsN,4,5,9,0.44
TSsP,4,1,5,0.8
TSsS,2,6,8,0.25
TSsb,3,2,5,0.6
TSsl,2,0,2,1.0
TSsm,2,2,4,0.5
TSsn,0,2,2,0.0
TSss,2,1,3,0.67
TTBP,1,0,1,1.0
TTBT,0,1,1,0.0
TTBb,1,0,1,1.0
TTBj,1,0,1,1.0
TTBm,1,0,1,1.0
TTBn,0,1,1,0.0
TTDD,1,0,1,1.0
TTDT,0,1,1,0.0
TTDl,1,0,1,1.0
TTDm,0,1,1,0.0
TTHB,0,1,1,0.0
TTHD,1,1,2,0.5
TTHN,0,0,0,
TTHS,0,0,0,
TTHh,0,0,0,
TTHm,1,0,1,1.0
TTIP,1,0,1,1.0
TTLB,0,1,1,0.0
TTLP,0,1,1,0.0
TTLS,0,1,1,0.0
TTLT,0,0,0,
TTLb,0,1,1,0.0
TTLh,0,1,1,0.0
TTLm,0,2,2,0.0
TTMB,0,0,0,
TTML,1,0,1,1.0
TTMM,0,0,0,
TTMN,0,1,1,0.0
TTMP,2,0,2,1.0
TTMS,1,1,2,0.5
TTMh,1,1,2,0.5
TTMm,0,1,1,0.0
TTMn,0,1,1,0.0
TTMs,0,1,1,0.0
TTNM,1,0,1,1.0
TTNN,2,0,2,1.0
TTNP,1,3,4,0.25
TTNS,2,1,3,0.67
TTNb,0,2,2,0.0
TTNl,0,1,1,0.0
TTNm,1,1,2,0.5
TTNn,4,0,4,1.0
TTNs,1,0,1,1.0
TTPB,1,0,1,1.0
TTPH,0,0,0,
TTPI,1,0,1,1.0
TTPL,0,1,1,0.0
TTPM,1,0,1,1.0
TTPP,2,1,3,0.67
TTPS,0,1,1,0.0
TTPb,0,1,1,0.0
TTPm,3,0,3,1.0
TTPn,1,0,1,1.0
TTSB,1,0,1,1.0
TTSM,1,0,1,1.0
TTSS,2,2,4,0.5
TTSl,0,1,1,0.0
TTSm,1,2,3,0.33
TTSs,2,0,2,1.0
TTTB,0,1,1,0.0
TTTL,0,1,1,0.0
TTbB,0,0,0,
TTbN,2,1,3,0.67
TTbS,0,1,1,0.0
TTbb,1,1,2,0.5
TTbl,1,0,1,1.0
TTbm,1,2,3,0.33
TTbn,3,0,3,1.0
TThs,0,1,1,0.0
TTlD,0,1,1,0.0
TTlH,0,0,0,
TTlP,0,1,1,0.0
TTll,0,1,1,0.0
TTln,1,0,1,1.0
TTmB,1,1,2,0.5
TTmH,2,0,2,1.0
TTmM,1,0,1,1.0
TTmN,1,0,1,1.0
TTmS,0,1,1,0.0
TTmb,1,1,2,0.5
TTmn,1,0,1,1.0
TTms,0,0,0,
TTnB,0,2,2,0.0
TTnH,1,0,1,1.0
TTnI,0,0,0,
TTnM,1,3,4,0.25
TTnP,1,0,1,1.0
TTnb,1,1,2,0.5
TTnm,0,2,2,0.0
TTnn,0,2,2,0.0
TTsB,0,0,0,
TTsH,0,1,1,0.0
TTsM,0,1,1,0.0
TTsP,0,1,1,0.0
TTsm,1,1,2,0.5
TTsn,0,1,1,0.0
TTss,1,1,2,0.5
TbBB,1,3,4,0.25
TbBD,0,1,1,0.0
TbBL,1,3,4,0.25
TbBM,2,3,5,0.4
TbBN,3,4,7,0.43
TbBP,4,3,7,0.57
TbBS,3,1,4,0.75
TbBT,0,2,2,0.0
TbBb,4,3,7,0.57
TbBh,0,1,1,0.0
TbBj,1,1,2,0.5
TbBl,1,0,1,1.0
TbBm,5,2,7,0.71
TbBn,3,3,6,0.5
TbBs,1,1,2,0.5
TbDM,2,0,2,1.0
TbDP,0,1,1,0.0
TbDl,0,1,1,0.0
TbDm,0,2,2,0.0
TbHB,0,1,1,0.0
TbHD,1,0,1,1.0
TbHM,0,0,0,
TbHN,1,0,1,1.0
TbHP,1,2,3,0.33
TbHS,2,0,2,1.0
TbHb,2,2,4,0.5
TbHh,0,0,0,
TbHn,2,1,3,0.67
TbHs,1,0,1,1.0
TbIB,0,1,1,0.0
TbIM,1,1,2,0.5
TbIP,1,1,2,0.5
TbIb,1,0,1,1.0
TbIs,1,0,1,1.0
TbJB,0,1,1,0.0
TbJD,1,1,2,0.5
TbJH,0,1,1,0.0
TbJM,1,0,1,1.0
TbJN,0,3,3,0.0
TbJP,2,3,5,0.4
TbJb,0,1,1,0.0
TbJh,0,1,1,0.0
TbJl,1,0,1,1.0
TbJm,0,3,3,0.0
TbJn,0,0,0,
TbJs,1,3,4,0.25
TbKP,2,0,2,1.0
TbKb,1,0,1,1.0
TbKh,0,0,0,
TbKm,0,1,1,0.0
TbKn,1,0,1,1.0
TbKs,0,1,1,0.0
TbLB,0,4,4,0.0
TbLL,1,1,2,0.5
TbLM,3,0,3,1.0
TbLN,0,2,2,0.0
TbLP,4,2,6,0.67
TbLS,0,0,0,
TbLb,2,4,6,0.33
TbLh,2,0,2,1.0
TbLj,1,0,1,1.0
TbLl,2,2,4,0.5
TbLm,0,1,1,0.0
TbLn,4,0,4,1.0
TbLs,1,0,1,1.0
TbMB,3,1,4,0.75
TbML,1,1,2,0.5
TbMM,1,0,1,1.0
TbMN,2,2,4,0.5
TbMP,5,1,6,0.83
TbMS,3,3,6,0.5
TbMb,2,1,3,0.67
TbMh,2,2,4,0.5
TbMj,1,1,2,0.5
TbMl,2,0,2,1.0
TbMm,1,1,2,0.5
TbMn,5,4,9,0.56
TbMs,2,1,3,0.67
TbNB,8,4,12,0.67
TbNH,1,1,2,0.5
TbNL,0,1,1,0.0
TbNM,3,4,7,0.43
TbNN,6,3,9,0.67
TbNP,3,9,12,0.25
TbNS,4,1,5,0.8
TbNT,0,1,1,0.0
TbNb,3,3,6,0.5
TbNh,2,1,3,0.67
TbNl,3,1,4,0.75
TbNm,5,2,7,0.71
TbNn,9,2,11,0.82
TbNs,0,4,4,0.0
TbPB,3,2,5,0.6
TbPI,1,0,1,1.0
TbPL,0,2,2,0.0
TbPM,1,6,7,0.14
TbPN,6,4,10,0.6
TbPP,5,4,9,0.56
TbPS,0,3,3,0.0
TbPb,6,2,8,0.75
TbPl,0,2,2,0.0
TbPm,3,2,5,0.6
TbPn,2,2,4,0.5
TbPs,4,3,7,0.57
TbSB,1,1,2,0.5
TbSH,0,1,1,0.0
TbSL,2,1,3,0.67
TbSM,0,3,3,0.0
TbSN,3,0,3,1.0
TbSP,2,3,5,0.4
TbSS,2,1,3,0.67
TbST,0,1,1,0.0
TbSb,3,0,3,1.0
TbSh,1,1,2,0.5
TbSl,1,1,2,0.5
TbSm,0,1,1,0.0
TbSn,2,2,4,0.5
TbSs,1,1,2,0.5
TbbB,2,4,6,0.33
TbbD,1,1,2,0.5
TbbI,0,1,1,0.0
TbbJ,0,1,1,0.0
TbbL,0,3,3,0.0
TbbM,8,5,13,0.62
TbbN,4,4,8,0.5
TbbP,6,3,9,0.67
TbbS,0,3,3,0.0
Tbbb,5,4,9,0.56
Tbbl,1,1,2,0.5
Tbbm,2,0,2,1.0
Tbbn,6,3,9,0.67
Tbbs,1,1,2,0.5
TblB,3,1,4,0.75
TblH,1,1,2,0.5
TblI,1,0,1,1.0
TblJ,0,1,1,0.0
TblL,2,0,2,1.0
TblM,4,1,5,0.8
TblN,3,4,7,0.43
TblP,1,2,3,0.33
TblS,1,1,2,0.5
Tblb,0,2,2,0.0
Tbll,1,0,1,1.0
Tblm,1,0,1,1.0
Tbln,0,1,1,0.0
Tbls,0,2,2,0.0
TbmB,0,0,0,
TbmH,4,2,6,0.67
TbmJ,0,2,2,0.0
TbmK,0,1,1,0.0
TbmL,0,0,0,
TbmM,7,0,7,1.0
TbmN,3,3,6,0.5
TbmP,3,6,9,0.33
TbmS,2,1,3,0.67
Tbmb,2,4,6,0.33
Tbml,2,1,3,0.67
Tbmm,3,0,3,1.0
Tbmn,2,1,3,0.67
Tbms,0,2,2,0.0
TbnB,2,1,3,0.67
TbnH,3,1,4,0.75
TbnK,1,0,1,1.0
TbnL,1,1,2,0.5
TbnM,4,4,8,0.5
TbnN,2,2,4,0.5
TbnP,3,4,7,0.43
TbnS,3,2,5,0.6
Tbnb,4,1,5,0.8
Tbnl,1,2,3,0.33
Tbnm,4,4,8,0.5
Tbnn,2,7,9,0.22
Tbns,2,3,5,0.4
TbsB,0,1,1,0.0
TbsH,2,0,2,1.0
TbsI,2,0,2,1.0
TbsL,2,0,2,1.0
TbsN,2,0,2,1.0
TbsP,3,2,5,0.6
TbsS,0,3,3,0.0
Tbsb,3,1,4,0.75
Tbsh,0,1,1,0.0
Tbsl,0,1,1,0.0
Tbsm,0,1,1,0.0
Tbsn,2,2,4,0.5
Tbss,0,1,1,0.0
ThBP,0,1,1,0.0
ThMM,0,1,1,0.0
ThMh,1,0,1,1.0
ThMl,0,1,1,0.0
ThMm,0,1,1,0.0
ThNn,0,1,1,0.0
ThPB,1,0,1,1.0
ThPP,0,0,0,
ThPS,2,0,2,1.0
ThPm,0,2,2,0.0
ThPn,1,0,1,1.0
ThSn,0,1,1,0.0
ThbH,1,0,1,1.0
ThbM,1,0,1,1.0
Thbm,0,1,1,0.0
ThhS,0,0,0,
ThmS,0,0,0,
ThnS,0,2,2,0.0
Thnb,1,0,1,1.0
ThsH,1,0,1,1.0
ThsS,0,1,1,0.0
Thsn,0,0,0,
Thss,0,1,1,0.0
TlBB,1,0,1,1.0
TlBD,1,0,1,1.0
TlBM,1,0,1,1.0
TlBN,0,1,1,0.0
TlBP,1,2,3,0.33
TlBS,0,0,0,
TlBb,1,1,2,0.5
TlBj,0,1,1,0.0
TlBl,1,1,2,0.5
TlBm,2,0,2,1.0
TlBn,1,2,3,0.33
TlDN,0,0,0,
TlDP,1,0,1,1.0
TlHB,1,0,1,1.0
TlHL,2,1,3,0.67
TlHP,0,2,2,0.0
TlHS,1,1,2,0.5
TlHb,1,1,2,0.5
TlHh,2,1,3,0.67
TlHl,0,1,1,0.0
TlHm,1,0,1,1.0
TlHn,1,2,3,0.33
TlHs,1,0,1,1.0
TlIH,1,0,1,1.0
TlIN,0,1,1,0.0
TlIP,0,1,1,0.0
TlJB,1,0,1,1.0
TlJD,0,0,0,
TlJM,1,0,1,1.0
TlJN,1,0,1,1.0
TlJP,1,1,2,0.5
TlJs,0,1,1,0.0
TlKh,1,1,2,0.5
TlKs,1,0,1,1.0
TlLL,2,0,2,1.0
TlLS,1,3,4,0.25
TlLT,0,1,1,0.0
TlLb,2,0,2,1.0
TlLh,0,1,1,0.0
TlLn,0,1,1,0.0
TlLs,2,0,2,1.0
TlMB,2,0,2,1.0
TlMD,1,0,1,1.0
TlML,2,0,2,1.0
TlMP,1,3,4,0.25
TlMS,2,1,3,0.67
TlMT,1,0,1,1.0
TlMb,0,1,1,0.0
TlMh,1,1,2,0.5
TlMj,0,1,1,0.0
TlMm,3,0,3,1.0
TlMn,2,1,3,0.67
TlMs,0,0,0,
TlNB,1,0,1,1.0
TlNL,0,2,2,0.0
TlNM,1,0,1,1.0
TlNN,0,2,2,0.0
TlNP,3,2,5,0.6
TlNS,3,2,5,0.6
TlNT,0,0,0,
TlNb,0,2,2,0.0
TlNl,0,2,2,0.0
TlNm,3,1,4,0.75
TlNn,1,0,1,1.0
TlNs,0,1,1,0.0
TlPB,1,2,3,0.33
TlPD,1,0,1,1.0
TlPH,0,1,1,0.0
TlPI,1,0,1,1.0
TlPK,0,1,1,0.0
TlPL,0,2,2,0.0
TlPM,0,6,6,0.0
TlPN,1,4,5,0.2
TlPP,2,2,4,0.5
TlPS,2,2,4,0.5
TlPT,1,0,1,1.0
TlPb,3,3,6,0.5
TlPl,0,2,2,0.0
TlPm,0,0,0,
TlPn,4,3,7,0.57
TlPs,0,3,3,0.0
TlSB,1,1,2,0.5
TlSL,0,1,1,0.0
TlSM,1,1,2,0.5
TlSN,2,1,3,0.67
TlSP,1,1,2,0.5
TlSS,1,1,2,0.5
TlSb,1,1,2,0.5
TlSh,0,1,1,0.0
TlSl,0,1,1,0.0
TlSm,1,1,2,0.5
TlSn,1,0,1,1.0
TlSs,1,1,2,0.5
TlbB,0,2,2,0.0
TlbJ,1,0,1,1.0
TlbL,0,0,0,
TlbM,1,1,2,0.5
TlbN,2,2,4,0.5
TlbP,3,1,4,0.75
TlbS,0,1,1,0.0
Tlbb,1,2,3,0.33
Tlbl,0,0,0,
Tlbm,0,1,1,0.0
Tlbn,2,2,4,0.5
Tlbs,1,1,2,0.5
TllB,1,1,2,0.5
TllH,0,0,0,
TllI,0,0,0,
TllN,0,2,2,0.0
TllP,1,1,2,0.5
TllS,2,1,3,0.67
Tllb,1,0,1,1.0
Tlll,2,1,3,0.67
Tllm,1,0,1,1.0
Tlln,1,1,2,0.5
TlmB,0,1,1,0.0
TlmH,0,2,2,0.0
TlmJ,1,0,1,1.0
TlmL,0,0,0,
TlmM,1,2,3,0.33
TlmN,2,2,4,0.5
TlmP,1,0,1,1.0
TlmS,1,2,3,0.33
Tlmb,0,1,1,0.0
Tlmm,1,2,3,0.33
Tlmn,3,0,3,1.0
TlnB,1,1,2,0.5
TlnH,0,2,2,0.0
TlnN,1,1,2,0.5
TlnP,3,3,6,0.5
TlnS,1,3,4,0.25
Tlnb,2,0,2,1.0
Tlnm,1,1,2,0.5
Tlnn,2,0,2,1.0
Tlns,1,0,1,1.0
TlsB,1,1,2,0.5
TlsD,1,0,1,1.0
TlsL,1,0,1,1.0
TlsN,0,2,2,0.0
TlsP,2,0,2,1.0
Tlsb,0,2,2,0.0
Tlsm,1,1,2,0.5
Tlss,0,0,0,
TmBB,1,1,2,0.5
TmBK,0,1,1,0.0
TmBM,2,5,7,0.29
TmBN,2,3,5,0.4
TmBP,3,3,6,0.5
TmBS,2,1,3,0.67
TmBb,3,1,4,0.75
TmBh,1,1,2,0.5
TmBj,0,2,2,0.0
TmBl,1,0,1,1.0
TmBm,2,1,3,0.67
TmBn,3,1,4,0.75
TmBs,0,1,1,0.0
TmDB,1,0,1,1.0
TmDD,0,1,1,0.0
TmDH,1,0,1,1.0
TmDM,2,0,2,1.0
TmDP,1,0,1,1.0
TmDS,0,1,1,0.0
TmDb,2,1,3,0.67
TmDm,4,1,5,0.8
TmDn,0,1,1,0.0
TmDs,0,2,2,0.0
TmHB,2,3,5,0.4
TmHD,1,0,1,1.0
TmHH,0,1,1,0.0
TmHI,1,0,1,1.0
TmHL,1,1,2,0.5
TmHM,1,2,3,0.33
TmHN,1,3,4,0.25
TmHP,5,2,7,0.71
TmHS,3,1,4,0.75
TmHb,3,1,4,0.75
TmHh,0,1,1,0.0
TmHm,4,0,4,1.0
TmHn,2,5,7,0.29
TmHs,2,1,3,0.67
TmIB,1,0,1,1.0
TmIb,1,1,2,0.5
TmIm,1,0,1,1.0
TmJB,1,0,1,1.0
TmJL,2,1,3,0.67
TmJM,1,0,1,1.0
TmJP,0,1,1,0.0
TmJS,1,0,1,1.0
TmJb,0,1,1,0.0
TmJl,0,1,1,0.0
TmJm,0,0,0,
TmJn,1,2,3,0.33
TmJs,2,0,2,1.0
TmKm,1,0,1,1.0
TmLB,1,1,2,0.5
TmLD,0,0,0,
TmLL,1,0,1,1.0
TmLM,2,0,2,1.0
TmLN,1,1,2,0.5
TmLP,3,1,4,0.75
TmLb,2,1,3,0.67
TmLh,0,1,1,0.0
TmLl,1,1,2,0.5
TmLm,1,0,1,1.0
TmLn,2,2,4,0.5
TmLs,2,0,2,1.0
TmMB,5,3,8,0.62
TmMD,0,1,1,0.0
TmMK,0,0,0,
TmML,2,0,2,1.0
TmMM,5,1,6,0.83
TmMN,1,3,4,0.25
TmMP,5,2,7,0.71
TmMS,2,2,4,0.5
TmMT,1,1,2,0.5
TmMb,2,5,7,0.29
TmMh,2,7,9,0.22
TmMj,3,4,7,0.43
TmMl,3,2,5,0.6
TmMm,4,3,7,0.57
TmMn,4,3,7,0.57
TmMs,2,3,5,0.4
TmNB,1,3,4,0.25
TmND,1,0,1,1.0
TmNH,1,1,2,0.5
TmNK,1,0,1,1.0
TmNL,2,0,2,1.0
TmNM,5,5,10,0.5
TmNN,2,6,8,0.25
TmNP,6,4,10,0.6
TmNS,4,2,6,0.67
TmNT,3,0,3,1.0
TmNb,3,4,7,0.43
TmNh,1,0,1,1.0
TmNl,0,1,1,0.0
TmNm,3,4,7,0.43
TmNn,4,5,9,0.44
TmNs,2,3,5,0.4
TmPB,3,1,4,0.75
TmPD,0,1,1,0.0
TmPL,1,2,3,0.33
TmPM,2,0,2,1.0
TmPN,4,5,9,0.44
TmPP,9,6,15,0.6
TmPS,3,3,6,0.5
TmPb,3,5,8,0.38
TmPl,2,1,3,0.67
TmPm,2,4,6,0.33
TmPn,3,3,6,0.5
TmPs,5,3,8,0.62
TmSB,0,0,0,
TmSD,0,0,0,
TmSL,1,1,2,0.5
TmSM,4,0,4,1.0
TmSN,0,1,1,0.0
TmSP,3,3,6,0.5
TmSS,5,1,6,0.83
TmST,1,0,1,1.0
TmSb,2,4,6,0.33
TmSh,0,2,2,0.0
TmSl,3,1,4,0.75
TmSm,2,1,3,0.67
TmSn,1,5,6,0.17
TmSs,4,6,10,0.4
TmbB,2,1,3,0.67
TmbH,0,1,1,0.0
TmbI,0,1,1,0.0
TmbJ,0,1,1,0.0
TmbK,1,0,1,1.0
TmbL,0,2,2,0.0
TmbM,3,2,5,0.6
TmbN,3,2,5,0.6
TmbP,6,6,12,0.5
TmbS,1,3,4,0.25
Tmbb,1,0,1,1.0
Tmbl,0,2,2,0.0
Tmbm,2,5,7,0.29
Tmbn,2,2,4,0.5
Tmbs,3,2,5,0.6
TmhP,0,1,1,0.0
TmlH,2,1,3,0.67
TmlJ,1,2,3,0.33
TmlK,0,0,0,
TmlL,1,0,1,1.0
TmlM,2,4,6,0.33
TmlN,1,3,4,0.25
TmlP,2,1,3,0.67
Tmlb,2,1,3,0.67
Tmll,1,0,1,1.0
Tmln,0,1,1,0.0
Tmls,2,0,2,1.0
TmmB,3,2,5,0.6
TmmD,1,0,1,1.0
TmmH,2,2,4,0.5
TmmJ,1,0,1,1.0
TmmL,2,1,3,0.67
TmmM,3,4,7,0.43
TmmN,2,2,4,0.5
TmmP,1,3,4,0.25
TmmS,0,2,2,0.0
Tmmb,0,3,3,0.0
Tmml,1,1,2,0.5
Tmmm,1,2,3,0.33
Tmmn,3,1,4,0.75
Tmms,0,1,1,0.0
TmnB,0,2,2,0.0
TmnH,1,3,4,0.25
TmnK,1,0,1,1.0
TmnL,2,1,3,0.67
TmnM,3,1,4,0.75
TmnN,1,2,3,0.33
TmnP,1,4,5,0.2
TmnS,2,3,5,0.4
Tmnb,2,3,5,0.4
Tmnm,1,0,1,1.0
Tmnn,3,1,4,0.75
Tmns,0,0,0,
TmsB,0,1,1,0.0
TmsD,0,2,2,0.0
TmsH,2,0,2,1.0
TmsL,1,0,1,1.0
TmsM,1,1,2,0.5
TmsN,0,1,1,0.0
TmsP,2,1,3,0.67
TmsS,0,2,2,0.0
Tmsb,0,1,1,0.0
Tmsm,2,2,4,0.5
Tmsn,0,2,2,0.0
Tmss,1,0,1,1.0
TnBB,3,0,3,1.0
TnBL,0,1,1,0.0
TnBM,1,3,4,0.25
TnBN,5,2,7,0.71
TnBP,2,2,4,0.5
TnBS,1,3,4,0.25
TnBb,4,3,7,0.57
TnBh,0,1,1,0.0
TnBj,0,3,3,0.0
TnBl,2,0,2,1.0
TnBm,1,2,3,0.33
TnBn,3,1,4,0.75
TnBs,1,1,2,0.5
TnDH,0,0,0,
TnDL,0,1,1,0.0
TnDM,0,1,1,0.0
TnDS,2,0,2,1.0
TnDb,0,1,1,0.0
TnHH,1,0,1,1.0
TnHL,0,1,1,0.0
TnHM,4,2,6,0.67
TnHN,4,3,7,0.57
TnHP,1,4,5,0.2
TnHS,1,1,2,0.5
TnHb,1,1,2,0.5
TnHh,1,2,3,0.33
TnHl,0,1,1,0.0
TnHm,3,1,4,0.75
TnHn,4,0,4,1.0
TnHs,1,4,5,0.2
TnIB,1,1,2,0.5
TnIL,1,0,1,1.0
TnIN,0,1,1,0.0
TnIP,0,2,2,0.0
TnIb,1,0,1,1.0
TnKB,0,0,0,
TnKP,0,2,2,0.0
TnKS,0,1,1,0.0
TnKh,1,0,1,1.0
TnKl,1,0,1,1.0
TnKs,2,0,2,1.0
TnLB,1,1,2,0.5
TnLD,1,0,1,1.0
TnLK,0,1,1,0.0
TnLN,0,1,1,0.0
TnLP,4,3,7,0.57
TnLS,2,0,2,1.0
TnLT,0,2,2,0.0
TnLb,0,1,1,0.0
TnLh,0,1,1,0.0
TnLj,3,0,3,1.0
TnLl,0,1,1,0.0
TnLm,4,1,5,0.8
TnLn,2,1,3,0.67
TnLs,1,1,2,0.5
TnMB,1,5,6,0.17
TnMM,2,2,4,0.5
TnMN,2,2,4,0.5
TnMP,4,4,8,0.5
TnMS,2,2,4,0.5
TnMb,4,2,6,0.67
TnMh,1,2,3,0.33
TnMj,1,0,1,1.0
TnMl,2,0,2,1.0
TnMm,3,2,5,0.6
TnMn,4,3,7,0.57
TnMs,0,1,1,0.0
TnNB,4,3,7,0.57
TnND,1,0,1,1.0
TnNH,2,1,3,0.67
TnNI,1,0,1,1.0
TnNL,2,3,5,0.4
TnNM,2,4,6,0.33
TnNN,4,2,6,0.67
TnNP,11,3,14,0.79
TnNS,6,5,11,0.55
TnNT,1,0,1,1.0
TnNb,7,3,10,0.7
TnNh,1,5,6,0.17
TnNl,1,1,2,0.5
TnNm,4,5,9,0.44
TnNn,4,3,7,0.57
TnNs,2,2,4,0.5
TnPB,5,4,9,0.56
TnPD,0,1,1,0.0
TnPK,1,0,1,1.0
TnPL,2,1,3,0.67
TnPM,6,7,13,0.46
TnPN,5,3,8,0.62
TnPP,7,5,12,0.58
TnPS,2,5,7,0.29
TnPT,0,2,2,0.0
TnPb,4,3,7,0.57
TnPh,0,1,1,0.0
TnPl,2,1,3,0.67
TnPm,3,8,11,0.27
TnPn,5,2,7,0.71
TnPs,2,5,7,0.29
TnSB,1,3,4,0.25
TnSH,1,0,1,1.0
TnSL,1,1,2,0.5
TnSM,1,3,4,0.25
TnSN,5,1,6,0.83
TnSP,1,1,2,0.5
TnSS,1,1,2,0.5
TnST,3,0,3,1.0
TnSb,0,0,0,
TnSh,1,1,2,0.5
TnSl,2,2,4,0.5
TnSm,4,3,7,0.57
TnSn,4,5,9,0.44
TnSs,2,1,3,0.67
TnTN,1,0,1,1.0
TnbB,4,4,8,0.5
TnbD,0,2,2,0.0
TnbJ,1,2,3,0.33
TnbK,2,0,2,1.0
TnbM,1,4,5,0.2
TnbN,1,6,7,0.14
TnbP,1,8,9,0.11
TnbS,3,2,5,0.6
Tnbb,7,3,10,0.7
Tnbl,1,0,1,1.0
Tnbm,4,1,5,0.8
Tnbn,0,5,5,0.0
Tnbs,1,2,3,0.33
TnhM,1,0,1,1.0
TnhN,1,0,1,1.0
Tnhb,0,0,0,
TnlB,2,1,3,0.67
TnlH,1,1,2,0.5
TnlI,1,0,1,1.0
TnlL,0,1,1,0.0
TnlM,1,1,2,0.5
TnlN,1,4,5,0.2
TnlP,1,0,1,1.0
TnlS,0,1,1,0.0
Tnlb,1,3,4,0.25
Tnll,0,1,1,0.0
Tnlm,1,0,1,1.0
Tnln,1,0,1,1.0
TnmB,4,1,5,0.8
TnmD,1,1,2,0.5
TnmH,1,1,2,0.5
TnmJ,2,0,2,1.0
TnmL,2,1,3,0.67
TnmM,3,1,4,0.75
TnmN,1,8,9,0.11
TnmP,5,4,9,0.56
TnmS,0,1,1,0.0
Tnmb,5,2,7,0.71
Tnml,1,0,1,1.0
Tnmm,0,3,3,0.0
Tnmn,1,2,3,0.33
Tnms,1,0,1,1.0
TnnB,4,1,5,0.8
TnnD,1,3,4,0.25
TnnH,2,0,2,1.0
TnnI,2,1,3,0.67
TnnL,1,3,4,0.25
TnnM,3,2,5,0.6
TnnN,6,5,11,0.55
TnnP,7,4,11,0.64
TnnS,1,1,2,0.5
Tnnb,2,3,5,0.4
Tnnl,1,0,1,1.0
Tnnm,3,1,4,0.75
Tnnn,6,2,8,0.75
Tnns,3,1,4,0.75
TnsB,2,1,3,0.67
TnsD,0,0,0,
TnsH,2,1,3,0.67
TnsM,2,3,5,0.4
TnsN,1,4,5,0.2
TnsP,1,5,6,0.17
TnsS,4,4,8,0.5
TnsT,1,0,1,1.0
Tnsb,3,2,5,0.6
Tnsl,1,2,3,0.33
Tnsm,1,1,2,0.5
Tnsn,3,2,5,0.6
Tnss,1,2,3,0.33
TsBB,1,2,3,0.33
TsBD,1,0,1,1.0
TsBL,2,0,2,1.0
TsBM,2,1,3,0.67
TsBN,0,0,0,
TsBP,2,4,6,0.33
TsBS,0,1,1,0.0
TsBb,0,1,1,0.0
TsBh,0,1,1,0.0
TsBj,2,0,2,1.0
TsBl,4,0,4,1.0
TsBn,2,0,2,1.0
TsBs,2,0,2,1.0
TsDB,0,0,0,
TsDH,0,2,2,0.0
TsDM,1,0,1,1.0
TsDS,0,1,1,0.0
TsDb,1,1,2,0.5
TsDl,0,1,1,0.0
TsDs,0,1,1,0.0
TsHB,0,3,3,0.0
TsHM,3,2,5,0.6
TsHN,1,2,3,0.33
TsHP,4,2,6,0.67
TsHS,2,3,5,0.4
TsHT,0,1,1,0.0
TsHb,1,1,2,0.5
TsHh,1,2,3,0.33
TsHl,0,2,2,0.0
TsHm,2,3,5,0.4
TsHn,2,0,2,1.0
TsHs,3,1,4,0.75
TsIH,0,0,0,
TsIM,0,2,2,0.0
TsIS,0,2,2,0.0
TsIl,0,0,0,
TsLN,0,2,2,0.0
TsLP,1,0,1,1.0
TsLb,2,1,3,0.67
TsLh,1,0,1,1.0
TsLl,0,0,0,
TsLn,0,1,1,0.0
TsMB,0,2,2,0.0
TsML,2,1,3,0.67
TsMM,2,1,3,0.67
TsMN,3,0,3,1.0
TsMP,1,4,5,0.2
TsMS,2,1,3,0.67
TsMb,4,1,5,0.8
TsMh,6,3,9,0.67
TsMj,0,1,1,0.0
TsMl,0,0,0,
TsMm,3,2,5,0.6
TsMn,1,5,6,0.17
TsMs,1,3,4,0.25
TsNH,1,0,1,1.0
TsNL,1,0,1,1.0
TsNM,3,3,6,0.5
TsNN,2,4,6,0.33
TsNP,1,3,4,0.25
TsNS,4,3,7,0.57
TsNT,1,0,1,1.0
TsNb,0,1,1,0.0
TsNh,0,0,0,
TsNl,2,3,5,0.4
TsNm,1,0,1,1.0
TsNn,2,0,2,1.0
TsNs,2,2,4,0.5
TsPB,0,2,2,0.0
TsPK,0,3,3,0.0
TsPL,1,1,2,0.5
TsPM,1,5,6,0.17
TsPN,4,3,7,0.57
TsPP,6,5,11,0.55
TsPS,2,1,3,0.67
TsPT,1,0,1,1.0
TsPb,2,4,6,0.33
TsPl,1,1,2,0.5
TsPm,2,4,6,0.33
TsPn,3,4,7,0.43
TsPs,2,1,3,0.67
TsSB,1,1,2,0.5
TsSH,1,1,2,0.5
TsSL,1,2,3,0.33
TsSM,1,4,5,0.2
TsSN,5,3,8,0.62
TsSP,3,0,3,1.0
TsSS,3,5,8,0.38
TsSb,2,4,6,0.33
TsSh,1,1,2,0.5
TsSl,0,3,3,0.0
TsSm,1,4,5,0.2
TsSn,2,2,4,0.5
TsSs,4,4,8,0.5
TsTn,1,0,1,1.0
TsbB,2,2,4,0.5
TsbH,0,1,1,0.0
TsbJ,1,0,1,1.0
TsbK,1,0,1,1.0
TsbL,1,1,2,0.5
TsbM,1,0,1,1.0
TsbN,2,2,4,0.5
TsbP,2,4,6,0.33
TsbS,1,0,1,1.0
Tsbb,1,0,1,1.0
Tsbl,1,1,2,0.5
Tsbm,2,0,2,1.0
Tsbn,0,1,1,0.0
Tsbs,1,2,3,0.33
TshP,0,1,1,0.0
TslK,0,0,0,
TslL,0,0,0,
TslP,0,2,2,0.0
TslS,0,1,1,0.0
Tsln,1,0,1,1.0
Tsls,0,0,0,
TsmB,2,1,3,0.67
TsmH,3,2,5,0.6
TsmL,1,1,2,0.5
TsmM,0,2,2,0.0
TsmN,1,1,2,0.5
TsmP,4,4,8,0.5
TsmS,1,3,4,0.25
Tsmb,3,2,5,0.6
Tsml,1,0,1,1.0
Tsmm,1,3,4,0.25
Tsmn,0,0,0,
Tsms,0,1,1,0.0
TsnD,0,0,0,
TsnH,2,0,2,1.0
TsnI,0,2,2,0.0
TsnK,0,1,1,0.0
TsnL,0,1,1,0.0
TsnM,1,1,2,0.5
TsnN,4,0,4,1.0
TsnP,3,2,5,0.6
TsnS,4,1,5,0.8
Tsnb,2,1,3,0.67
Tsnl,1,0,1,1.0
Tsnm,3,0,3,1.0
Tsnn,0,1,1,0.0
Tsns,1,1,2,0.5
TssB,0,2,2,0.0
TssD,0,1,1,0.0
TssH,1,0,1,1.0
TssL,2,0,2,1.0
TssM,1,2,3,0.33
TssN,1,2,3,0.33
TssP,2,2,4,0.5
TssS,7,4,11,0.64
Tssb,1,1,2,0.5
Tssh,0,1,1,0.0
Tssl,2,0,2,1.0
Tssm,1,2,3,0.33
Tsss,2,4,6,0.33
bBBB,37,21,58,0.64
bBBD,0,1,1,0.0
bBBK,0,1,1,0.0
bBBL,14,9,23,0.61
bBBM,29,20,49,0.59
bBBN,39,38,77,0.51
bBBP,40,28,68,0.59
bBBS,15,17,32,0.47
bBBT,4,5,9,0.44
bBBb,38,42,80,0.48
bBBh,1,6,7,0.14
bBBj,11,8,19,0.58
bBBl,11,12,23,0.48
bBBm,23,29,52,0.44
bBBn,44,38,82,0.54
bBBs,13,13,26,0.5
bBDB,0,1,1,0.0
bBDD,3,1,4,0.75
bBDH,1,6,7,0.14
bBDI,0,0,0,
bBDL,3,1,4,0.75
bBDM,3,2,5,0.6
bBDN,2,1,3,0.67
bBDP,6,2,8,0.75
bBDS,5,6,11,0.45
bBDb,3,4,7,0.43
bBDm,2,4,6,0.33
bBDn,4,0,4,1.0
bBDs,3,2,5,0.6
bBHH,0,0,0,
bBHM,2,3,5,0.4
bBHN,1,1,2,0.5
bBHP,0,0,0,
bBHS,0,1,1,0.0
bBIH,0,1,1,0.0
bBKB,1,3,4,0.25
bBKD,0,1,1,0.0
bBKM,1,2,3,0.33
bBKN,0,3,3,0.0
bBKP,5,2,7,0.71
bBKS,0,4,4,0.0
bBKT,1,0,1,1.0
bBKb,3,5,8,0.38
bBKh,2,4,6,0.33
bBKl,2,0,2,1.0
bBKm,4,5,9,0.44
bBKn,1,3,4,0.25
bBKs,0,1,1,0.0
bBLB,10,10,20,0.5
bBLD,3,1,4,0.75
bBLK,0,3,3,0.0
bBLL,3,2,5,0.6
bBLM,12,12,24,0.5
bBLN,8,11,19,0.42
bBLP,17,17,34,0.5
bBLS,10,8,18,0.56
bBLT,0,1,1,0.0
bBLb,9,11,20,0.45
bBLh,3,9,12,0.25
bBLj,4,2,6,0.67
bBLl,9,5,14,0.64
bBLm,16,11,27,0.59
bBLn,17,17,34,0.5
bBLs,9,9,18,0.5
bBMB,21,29,50,0.42
bBMD,2,0,2,1.0
bBMH,1,0,1,1.0
bBML,12,12,24,0.5
bBMM,27,36,63,0.43
bBMN,27,31,58,0.47
bBMP,40,37,77,0.52
bBMS,19,21,40,0.48
bBMT,5,6,11,0.45
bBMb,32,28,60,0.53
bBMh,23,25,48,0.48
bBMj,11,8,19,0.58
bBMl,9,13,22,0.41
bBMm,30,23,53,0.57
bBMn,47,27,74,0.64
bBMs,19,21,40,0.48
bBNB,28,29,57,0.49
bBND,7,4,11,0.64
bBNH,6,5,11,0.55
bBNK,3,0,3,1.0
bBNL,8,11,19,0.42
bBNM,42,35,77,0.55
bBNN,41,32,73,0.56
bBNP,59,68,127,0.46
bBNS,26,30,56,0.46
bBNT,3,7,10,0.3
bBNb,26,35,61,0.43
bBNh,11,30,41,0.27
bBNl,19,16,35,0.54
bBNm,39,24,63,0.62
bBNn,55,53,108,0.51
bBNs,24,17,41,0.59
bBPB,34,42,76,0.45
bBPD,4,3,7,0.57
bBPH,15,11,26,0.58
bBPI,7,4,11,0.64
bBPK,4,7,11,0.36
bBPL,16,21,37,0.43
bBPM,37,47,84,0.44
bBPN,48,54,102,0.47
bBPP,63,59,122,0.52
bBPS,31,29,60,0.52
bBPT,8,4,12,0.67
bBPb,34,39,73,0.47
bBPh,8,6,14,0.57
bBPl,26,15,41,0.63
bBPm,43,28,71,0.61
bBPn,45,50,95,0.47
bBPs,28,33,61,0.46
bBSB,13,11,24,0.54
bBSD,3,1,4,0.75
bBSH,11,6,17,0.65
bBSL,5,7,12,0.42
bBSM,9,19,28,0.32
bBSN,18,17,35,0.51
bBSP,30,26,56,0.54
bBSS,18,13,31,0.58
bBST,2,3,5,0.4
bBSb,16,11,27,0.59
bBSh,17,10,27,0.63
bBSl,7,10,17,0.41
bBSm,30,18,48,0.62
bBSn,19,30,49,0.39
bBSs,14,13,27,0.52
bBTB,3,6,9,0.33
bBTD,1,1,2,0.5
bBTH,2,2,4,0.5
bBTI,0,1,1,0.0
bBTK,1,0,1,1.0
bBTL,1,4,5,0.2
bBTM,3,3,6,0.5
bBTN,3,6,9,0.33
bBTP,9,6,15,0.6
bBTS,3,2,5,0.6
bBTT,1,0,1,1.0
bBTb,3,6,9,0.33
bBTl,5,2,7,0.71
bBTm,0,2,2,0.0
bBTn,4,5,9,0.44
bBTs,2,1,3,0.67
bBbB,36,30,66,0.55
bBbD,4,3,7,0.57
bBbH,11,13,24,0.46
bBbI,6,3,9,0.67
bBbJ,8,9,17,0.47
bBbK,1,5,6,0.17
bBbL,12,12,24,0.5
bBbM,29,36,65,0.45
bBbN,45,41,86,0.52
bBbP,55,47,102,0.54
bBbS,20,18,38,0.53
bBbb,42,41,83,0.51
bBbl,16,9,25,0.64
bBbm,24,20,44,0.55
bBbn,41,31,72,0.57
bBbs,14,19,33,0.42
bBhB,4,3,7,0.57
bBhD,0,1,1,0.0
bBhH,0,1,1,0.0
bBhL,2,1,3,0.67
bBhM,7,9,16,0.44
bBhN,9,2,11,0.82
bBhP,8,8,16,0.5
bBhS,5,3,8,0.62
bBhb,4,5,9,0.44
bBhh,3,6,9,0.33
bBhl,0,1,1,0.0
bBhm,3,5,8,0.38
bBhn,13,7,20,0.65
bBhs,2,4,6,0.33
bBjB,11,6,17,0.65
bBjD,1,1,2,0.5
bBjH,3,4,7,0.43
bBjI,0,2,2,0.0
bBjK,2,2,4,0.5
bBjL,7,2,9,0.78
bBjM,11,19,30,0.37
bBjN,14,11,25,0.56
bBjP,15,24,39,0.38
bBjS,7,6,13,0.54
bBjT,1,4,5,0.2
bBjb,15,14,29,0.52
bBjh,2,3,5,0.4
bBjl,10,7,17,0.59
bBjm,15,10,25,0.6
bBjn,19,17,36,0.53
bBjs,9,5,14,0.64
bBlB,10,14,24,0.42
bBlD,0,1,1,0.0
bBlH,7,8,15,0.47
bBlI,0,2,2,0.0
bBlJ,2,3,5,0.4
bBlK,1,0,1,1.0
bBlL,4,4,8,0.5
bBlM,16,14,30,0.53
bBlN,16,14,30,0.53
bBlP,14,20,34,0.41
bBlS,12,5,17,0.71
bBlb,12,12,24,0.5
bBll,8,7,15,0.53
bBlm,14,3,17,0.82
bBln,9,19,28,0.32
bBls,2,6,8,0.25
bBmB,26,17,43,0.6
bBmD,8,5,13,0.62
bBmH,25,22,47,0.53
bBmI,1,4,5,0.2
bBmJ,6,8,14,0.43
bBmL,12,9,21,0.57
bBmM,25,39,64,0.39
bBmN,37,39,76,0.49
bBmP,27,38,65,0.42
bBmS,14,17,31,0.45
bBmb,37,24,61,0.61
bBml,6,5,11,0.55
bBmm,24,17,41,0.59
bBmn,29,25,54,0.54
bBms,15,12,27,0.56
bBnB,38,29,67,0.57
bBnD,8,2,10,0.8
bBnH,20,22,42,0.48
bBnI,6,8,14,0.43
bBnK,4,1,5,0.8
bBnL,18,22,40,0.45
bBnM,35,47,82,0.43
bBnN,57,63,120,0.48
bBnP,58,63,121,0.48
bBnS,33,36,69,0.48
bBnb,37,35,72,0.51
bBnh,3,2,5,0.6
bBnl,17,17,34,0.5
bBnm,44,30,74,0.59
bBnn,52,50,102,0.51
bBns,30,23,53,0.57
bBsB,8,11,19,0.42
bBsD,1,1,2,0.5
bBsH,14,18,32,0.44
bBsI,1,1,2,0.5
bBsL,2,6,8,0.25
bBsM,19,13,32,0.59
bBsN,22,18,40,0.55
bBsP,30,31,61,0.49
bBsS,24,17,41,0.59
bBsb,14,15,29,0.48
bBsh,3,0,3,1.0
bBsl,12,3,15,0.8
bBsm,11,6,17,0.65
bBsn,12,13,25,0.48
bBss,13,9,22,0.59
bDBB,3,2,5,0.6
bDBD,2,0,2,1.0
bDBK,0,1,1,0.0
bDBL,1,1,2,0.5
bDBM,3,1,4,0.75
bDBN,3,5,8,0.38
bDBP,4,2,6,0.67
bDBS,4,0,4,1.0
bDBb,7,4,11,0.64
bDBm,2,5,7,0.29
bDBn,2,1,3,0.67
bDBs,2,0,2,1.0
bDDD,0,1,1,0.0
bDDH,2,0,2,1.0
bDDL,1,0,1,1.0
bDDM,1,1,2,0.5
bDDP,0,0,0,
bDDS,1,0,1,1.0
bDDb,1,0,1,1.0
bDDm,0,1,1,0.0
bDDn,1,0,1,1.0
bDHB,0,3,3,0.0
bDHD,0,1,1,0.0
bDHH,0,3,3,0.0
bDHI,0,1,1,0.0
bDHK,0,1,1,0.0
bDHL,0,2,2,0.0
bDHM,6,5,11,0.55
bDHN,1,4,5,0.2
bDHP,6,4,10,0.6
bDHS,5,2,7,0.71
bDHT,0,1,1,0.0
bDHb,1,2,3,0.33
bDHh,2,1,3,0.67
bDHl,1,2,3,0.33
bDHm,4,2,6,0.67
bDHn,5,2,7,0.71
bDHs,1,0,1,1.0
bDIT,0,0,0,
bDIb,1,0,1,1.0
bDIm,0,1,1,0.0
bDKl,0,1,1,0.0
bDKm,1,0,1,1.0
bDLB,1,1,2,0.5
bDLD,0,0,0,
bDLL,2,0,2,1.0
bDLM,1,0,1,1.0
bDLN,2,0,2,1.0
bDLP,0,1,1,0.0
bDLS,0,1,1,0.0
bDLb,2,0,2,1.0
bDLl,1,0,1,1.0
bDLm,1,2,3,0.33
bDLn,2,1,3,0.67
bDLs,1,0,1,1.0
bDMB,5,3,8,0.62
bDMD,2,0,2,1.0
bDML,1,2,3,0.33
bDMM,1,2,3,0.33
bDMN,0,6,6,0.0
bDMP,6,3,9,0.67
bDMS,2,5,7,0.29
bDMT,0,1,1,0.0
bDMb,1,3,4,0.25
bDMh,3,1,4,0.75
bDMj,0,1,1,0.0
bDMl,3,3,6,0.5
bDMm,3,2,5,0.6
bDMn,1,6,7,0.14
bDMs,2,1,3,0.67
bDNB,3,3,6,0.5
bDND,1,0,1,1.0
bDNK,1,0,1,1.0
bDNM,3,0,3,1.0
bDNN,4,2,6,0.67
bDNP,3,4,7,0.43
bDNS,8,3,11,0.73
bDNb,4,1,5,0.8
bDNl,1,0,1,1.0
bDNm,1,3,4,0.25
bDNn,5,1,6,0.83
bDNs,2,3,5,0.4
bDPB,3,4,7,0.43
bDPD,1,0,1,1.0
bDPH,1,1,2,0.5
bDPI,1,0,1,1.0
bDPL,3,3,6,0.5
bDPM,4,5,9,0.44
bDPN,4,3,7,0.57
bDPP,7,4,11,0.64
bDPS,5,1,6,0.83
bDPb,3,1,4,0.75
bDPh,0,1,1,0.0
bDPl,1,2,3,0.33
bDPm,4,2,6,0.67
bDPn,4,6,10,0.4
bDPs,3,3,6,0.5
bDSB,3,1,4,0.75
bDSD,1,1,2,0.5
bDSH,1,0,1,1.0
bDSI,0,0,0,
bDSL,1,0,1,1.0
bDSM,4,4,8,0.5
bDSN,1,1,2,0.5
bDSP,4,4,8,0.5
bDSS,1,1,2,0.5
bDST,0,1,1,0.0
bDSb,3,1,4,0.75
bDSh,1,2,3,0.33
bDSl,0,1,1,0.0
bDSm,3,1,4,0.75
bDSn,3,2,5,0.6
bDSs,1,3,4,0.25
bDTB,0,1,1,0.0
bDTD,0,1,1,0.0
bDTK,1,0,1,1.0
bDTL,0,1,1,0.0
bDTM,2,1,3,0.67
bDTN,1,0,1,1.0
bDTP,2,3,5,0.4
bDTS,1,0,1,1.0
bDTb,1,0,1,1.0
bDTl,1,1,2,0.5
bDTm,1,0,1,1.0
bDTn,1,0,1,1.0
bDbB,2,3,5,0.4
bDbH,1,2,3,0.33
bDbI,1,0,1,1.0
bDbJ,0,2,2,0.0
bDbL,4,2,6,0.67
bDbM,2,2,4,0.5
bDbN,3,3,6,0.5
bDbP,6,5,11,0.55
bDbS,2,4,6,0.33
bDbb,3,5,8,0.38
bDbm,0,4,4,0.0
bDbn,1,1,2,0.5
bDbs,1,0,1,1.0
bDhL,0,0,0,
bDhM,1,0,1,1.0
bDhm,0,0,0,
bDlB,1,2,3,0.33
bDlH,1,0,1,1.0
bDlK,0,0,0,
bDlL,2,0,2,1.0
bDlM,2,3,5,0.4
bDlN,0,0,0,
bDlP,3,1,4,0.75
bDlS,1,0,1,1.0
bDlb,0,0,0,
bDlm,2,0,2,1.0
bDln,0,1,1,0.0
bDls,1,0,1,1.0
bDmB,4,4,8,0.5
bDmH,2,6,8,0.25
bDmJ,0,1,1,0.0
bDmK,0,2,2,0.0
bDmL,1,0,1,1.0
bDmM,3,5,8,0.38
bDmN,3,4,7,0.43
bDmP,3,1,4,0.75
bDmS,3,1,4,0.75
bDmb,3,4,7,0.43
bDml,1,1,2,0.5
bDmm,5,5,10,0.5
bDmn,1,1,2,0.5
bDms,2,0,2,1.0
bDnB,2,1,3,0.67
bDnD,0,0,0,
bDnH,0,1,1,0.0
bDnI,1,2,3,0.33
bDnL,2,0,2,1.0
bDnM,4,3,7,0.57
bDnN,2,3,5,0.4
bDnP,2,3,5,0.4
bDnS,5,2,7,0.71
bDnb,3,1,4,0.75
bDnm,1,4,5,0.2
bDnn,3,2,5,0.6
bDns,1,1,2,0.5
bDsB,2,1,3,0.67
bDsD,0,0,0,
bDsH,2,1,3,0.67
bDsL,0,1,1,0.0
bDsM,1,3,4,0.25
bDsN,0,1,1,0.0
bDsP,1,4,5,0.2
bDsS,2,2,4,0.5
bDsb,2,1,3,0.67
bDsl,0,1,1,0.0
bDsm,3,0,3,1.0
bDsn,2,0,2,1.0
bDss,0,1,1,0.0
bHBB,2,7,9,0.22
bHBD,0,3,3,0.0
bHBH,1,0,1,1.0
bHBL,2,4,6,0.33
bHBM,6,11,17,0.35
bHBN,11,7,18,0.61
bHBP,11,13,24,0.46
bHBS,3,6,9,0.33
bHBT,1,2,3,0.33
bHBb,7,4,11,0.64
bHBh,0,4,4,0.0
bHBj,3,4,7,0.43
bHBl,4,3,7,0.57
bHBm,6,7,13,0.46
bHBn,14,18,32,0.44
bHBs,4,4,8,0.5
bHDB,0,1,1,0.0
bHDM,1,2,3,0.33
bHDP,2,0,2,1.0
bHDS,4,1,5,0.8
bHDT,0,1,1,0.0
bHDb,1,1,2,0.5
bHDm,1,1,2,0.5
bHDn,0,2,2,0.0
bHHB,2,0,2,1.0
bHHD,0,1,1,0.0
bHHH,0,1,1,0.0
bHHI,0,1,1,0.0
bHHK,0,1,1,0.0
bHHL,1,0,1,1.0
bHHM,0,3,3,0.0
bHHN,2,3,5,0.4
bHHP,4,2,6,0.67
bHHS,3,1,4,0.75
bHHb,1,2,3,0.33
bHHl,2,1,3,0.67
bHHm,2,1,3,0.67
bHHn,0,1,1,0.0
bHHs,2,0,2,1.0
bHIH,0,2,2,0.0
bHII,0,0,0,
bHIL,0,1,1,0.0
bHIM,1,0,1,1.0
bHIP,3,3,6,0.5
bHIS,1,0,1,1.0
bHIb,1,1,2,0.5
bHIm,1,0,1,1.0
bHIn,1,1,2,0.5
bHIs,1,0,1,1.0
bHKB,1,0,1,1.0
bHKD,1,0,1,1.0
bHKL,0,1,1,0.0
bHKM,0,1,1,0.0
bHKN,1,0,1,1.0
bHKP,5,0,5,1.0
bHKT,1,0,1,1.0
bHKb,3,0,3,1.0
bHKh,1,0,1,1.0
bHKm,1,0,1,1.0
bHKn,1,0,1,1.0
bHKs,1,1,2,0.5
bHLB,2,2,4,0.5
bHLD,0,1,1,0.0
bHLK,0,1,1,0.0
bHLL,1,2,3,0.33
bHLM,8,1,9,0.89
bHLN,2,4,6,0.33
bHLP,4,3,7,0.57
bHLS,3,5,8,0.38
bHLT,2,1,3,0.67
bHLb,5,4,9,0.56
bHLh,1,1,2,0.5
bHLj,0,0,0,
bHLl,2,3,5,0.4
bHLm,2,7,9,0.22
bHLn,2,6,8,0.25
bHLs,5,1,6,0.83
bHMB,12,9,21,0.57
bHMD,2,0,2,1.0
bHML,2,3,5,0.4
bHMM,6,20,26,0.23
bHMN,12,5,17,0.71
bHMP,14,9,23,0.61
bHMS,6,8,14,0.43
bHMT,1,1,2,0.5
bHMb,8,8,16,0.5
bHMh,10,11,21,0.48
bHMj,3,2,5,0.6
bHMl,5,2,7,0.71
bHMm,10,9,19,0.53
bHMn,10,19,29,0.34
bHMs,2,2,4,0.5
bHNB,7,6,13,0.54
bHND,2,3,5,0.4
bHNH,0,0,0,
bHNK,1,1,2,0.5
bHNL,0,3,3,0.0
bHNM,7,7,14,0.5
bHNN,11,13,24,0.46
bHNP,13,17,30,0.43
bHNS,4,12,16,0.25
bHNT,0,1,1,0.0
bHNb,13,9,22,0.59
bHNh,7,9,16,0.44
bHNl,10,3,13,0.77
bHNm,10,10,20,0.5
bHNn,15,25,40,0.38
bHNs,7,5,12,0.58
bHPB,9,11,20,0.45
bHPD,1,3,4,0.25
bHPH,5,6,11,0.45
bHPI,1,2,3,0.33
bHPK,2,1,3,0.67
bHPL,8,4,12,0.67
bHPM,13,20,33,0.39
bHPN,13,17,30,0.43
bHPP,26,26,52,0.5
bHPS,9,12,21,0.43
bHPT,2,1,3,0.67
bHPb,14,13,27,0.52
bHPh,2,1,3,0.67
bHPl,8,7,15,0.53
bHPm,14,12,26,0.54
bHPn,13,18,31,0.42
bHPs,11,9,20,0.55
bHSB,4,1,5,0.8
bHSD,1,0,1,1.0
bHSH,1,3,4,0.25
bHSL,3,2,5,0.6
bHSM,6,6,12,0.5
bHSN,7,8,15,0.47
bHSP,4,7,11,0.36
bHSS,7,7,14,0.5
bHST,3,0,3,1.0
bHSb,4,3,7,0.57
bHSh,4,6,10,0.4
bHSl,5,1,6,0.83
bHSm,9,4,13,0.69
bHSn,4,7,11,0.36
bHSs,10,6,16,0.62
bHTH,1,0,1,1.0
bHTN,1,1,2,0.5
bHTP,1,2,3,0.33
bHTb,0,1,1,0.0
bHTl,2,0,2,1.0
bHTm,0,1,1,0.0
bHTn,0,1,1,0.0
bHbB,5,8,13,0.38
bHbD,1,0,1,1.0
bHbH,2,6,8,0.25
bHbI,0,1,1,0.0
bHbJ,8,2,10,0.8
bHbK,2,0,2,1.0
bHbL,5,3,8,0.62
bHbM,9,11,20,0.45
bHbN,14,16,30,0.47
bHbP,12,12,24,0.5
bHbS,6,4,10,0.6
bHbb,12,12,24,0.5
bHbl,2,3,5,0.4
bHbm,2,5,7,0.29
bHbn,13,16,29,0.45
bHbs,9,5,14,0.64
bHhH,1,0,1,1.0
bHhI,1,1,2,0.5
bHhK,1,0,1,1.0
bHhL,2,1,3,0.67
bHhM,9,4,13,0.69
bHhN,1,5,6,0.17
bHhP,5,5,10,0.5
bHhS,1,4,5,0.2
bHhb,3,4,7,0.43
bHhh,3,4,7,0.43
bHhl,1,1,2,0.5
bHhm,2,0,2,1.0
bHhn,5,1,6,0.83
bHhs,2,2,4,0.5
bHlB,4,8,12,0.33
bHlH,1,3,4,0.25
bHlJ,0,1,1,0.0
bHlL,3,2,5,0.6
bHlM,1,3,4,0.25
bHlN,3,10,13,0.23
bHlP,5,4,9,0.56
bHlS,3,3,6,0.5
bHlb,5,3,8,0.62
bHll,2,1,3,0.67
bHlm,1,1,2,0.5
bHln,5,3,8,0.62
bHls,1,2,3,0.33
bHmB,2,7,9,0.22
bHmD,0,2,2,0.0
bHmH,3,7,10,0.3
bHmI,0,1,1,0.0
bHmJ,3,2,5,0.6
bHmL,2,5,7,0.29
bHmM,13,9,22,0.59
bHmN,15,7,22,0.68
bHmP,11,12,23,0.48
bHmS,1,5,6,0.17
bHmb,8,5,13,0.62
bHmh,1,0,1,1.0
bHml,1,0,1,1.0
bHmm,6,9,15,0.4
bHmn,11,7,18,0.61
bHms,8,4,12,0.67
bHnB,8,5,13,0.62
bHnD,1,1,2,0.5
bHnH,10,2,12,0.83
bHnI,0,1,1,0.0
bHnK,1,0,1,1.0
bHnL,3,2,5,0.6
bHnM,13,10,23,0.57
bHnN,13,21,34,0.38
bHnP,21,11,32,0.66
bHnS,8,14,22,0.36
bHnb,15,6,21,0.71
bHnh,1,1,2,0.5
bHnl,3,4,7,0.43
bHnm,10,3,13,0.77
bHnn,16,10,26,0.62
bHns,14,2,16,0.88
bHsB,3,3,6,0.5
bHsD,0,2,2,0.0
bHsH,7,3,10,0.7
bHsI,1,0,1,1.0
bHsL,4,3,7,0.57
bHsM,4,6,10,0.4
bHsN,2,11,13,0.15
bHsP,8,11,19,0.42
bHsS,7,4,11,0.64
bHsb,4,4,8,0.5
bHsh,0,0,0,
bHsl,2,2,4,0.5
bHsm,6,2,8,0.75
bHsn,7,5,12,0.58
bHss,6,6,12,0.5
bIBB,4,0,4,1.0
bIBD,0,0,0,
bIBK,0,0,0,
bIBL,0,1,1,0.0
bIBM,8,1,9,0.89
bIBN,4,4,8,0.5
bIBP,2,3,5,0.4
bIBS,2,5,7,0.29
bIBT,1,0,1,1.0
bIBb,5,3,8,0.62
bIBj,2,1,3,0.67
bIBm,1,0,1,1.0
bIBn,2,1,3,0.67
bIBs,3,1,4,0.75
bIDB,2,0,2,1.0
bIDD,1,0,1,1.0
bIDI,1,0,1,1.0
bIDM,2,1,3,0.67
bIDN,1,0,1,1.0
bIDP,0,1,1,0.0
bIDS,1,0,1,1.0
bIDl,0,1,1,0.0
bIDn,0,1,1,0.0
bIHB,1,3,4,0.25
bIHI,0,1,1,0.0
bIHK,0,1,1,0.0
bIHL,1,2,3,0.33
bIHM,2,2,4,0.5
bIHN,3,2,5,0.6
bIHP,3,2,5,0.6
bIHS,3,3,6,0.5
bIHT,0,1,1,0.0
bIHb,1,2,3,0.33
bIHh,1,1,2,0.5
bIHl,3,0,3,1.0
bIHm,2,1,3,0.67
bIHn,2,0,2,1.0
bIHs,4,0,4,1.0
bIIH,0,1,1,0.0
bIIM,0,2,2,0.0
bIIN,2,0,2,1.0
bIIb,1,0,1,1.0
bIKN,0,1,1,0.0
bIKP,1,0,1,1.0
bILB,0,1,1,0.0
bILD,1,0,1,1.0
bILL,1,0,1,1.0
bILM,1,1,2,0.5
bILN,2,1,3,0.67
bILP,2,3,5,0.4
bILS,1,2,3,0.33
bILT,1,1,2,0.5
bILb,2,2,4,0.5
bILh,1,0,1,1.0
bILj,1,0,1,1.0
bILl,0,0,0,
bILm,1,0,1,1.0
bILn,1,1,2,0.5
bILs,3,0,3,1.0
bIMB,2,2,4,0.5
bIMD,0,1,1,0.0
bIML,0,2,2,0.0
bIMM,4,4,8,0.5
bIMN,8,7,15,0.53
bIMP,4,6,10,0.4
bIMS,7,4,11,0.64
bIMT,1,1,2,0.5
bIMb,1,6,7,0.14
bIMh,3,4,7,0.43
bIMj,0,3,3,0.0
bIMl,2,2,4,0.5
bIMm,1,3,4,0.25
bIMn,5,2,7,0.71
bIMs,3,6,9,0.33
bINB,3,4,7,0.43
bIND,1,1,2,0.5
bINH,0,1,1,0.0
bINL,1,0,1,1.0
bINM,1,5,6,0.17
bINN,3,2,5,0.6
bINP,6,1,7,0.86
bINS,5,2,7,0.71
bINT,1,0,1,1.0
bINb,4,1,5,0.8
bINh,0,1,1,0.0
bINl,1,1,2,0.5
bINm,3,3,6,0.5
bINn,5,4,9,0.56
bINs,2,3,5,0.4
bIPB,6,3,9,0.67
bIPH,0,2,2,0.0
bIPI,0,1,1,0.0
bIPL,3,3,6,0.5
bIPM,2,9,11,0.18
bIPN,5,6,11,0.45
bIPP,9,8,17,0.53
bIPS,4,2,6,0.67
bIPT,0,2,2,0.0
bIPb,7,6,13,0.54
bIPl,2,4,6,0.33
bIPm,5,3,8,0.62
bIPn,6,3,9,0.67
bIPs,2,4,6,0.33
bISB,2,4,6,0.33
bISH,4,0,4,1.0
bISI,0,1,1,0.0
bISL,1,0,1,1.0
bISM,2,3,5,0.4
bISN,3,3,6,0.5
bISP,3,3,6,0.5
bISS,3,1,4,0.75
bIST,0,1,1,0.0
bISb,5,1,6,0.83
bISh,2,0,2,1.0
bISl,1,0,1,1.0
bISm,4,4,8,0.5
bISn,4,2,6,0.67
bISs,2,0,2,1.0
bITM,1,0,1,1.0
bITN,0,1,1,0.0
bITP,0,1,1,0.0
bIbB,3,2,5,0.6
bIbD,1,0,1,1.0
bIbH,0,1,1,0.0
bIbK,0,1,1,0.0
bIbL,1,1,2,0.5
bIbM,6,5,11,0.55
bIbN,3,2,5,0.6
bIbP,4,6,10,0.4
bIbS,4,0,4,1.0
bIbb,6,3,9,0.67
bIbl,2,0,2,1.0
bIbm,0,2,2,0.0
bIbn,4,3,7,0.57
bIbs,3,1,4,0.75
bIhP,1,0,1,1.0
bIlB,1,3,4,0.25
bIlH,1,2,3,0.33
bIlI,0,0,0,
bIlJ,1,0,1,1.0
bIlL,1,0,1,1.0
bIlM,4,0,4,1.0
bIlN,0,3,3,0.0
bIlP,1,0,1,1.0
bIlS,2,1,3,0.67
bIlb,1,1,2,0.5
bIll,1,1,2,0.5
bIln,3,0,3,1.0
bIls,0,1,1,0.0
bImB,0,2,2,0.0
bImD,0,1,1,0.0
bImH,3,4,7,0.43
bImJ,1,0,1,1.0
bImM,3,2,5,0.6
bImN,6,6,12,0.5
bImP,3,1,4,0.75
bImS,3,0,3,1.0
bImb,3,2,5,0.6
bIml,1,0,1,1.0
bImm,1,0,1,1.0
bImn,2,5,7,0.29
bIms,2,0,2,1.0
bInB,5,1,6,0.83
bInD,1,0,1,1.0
bInH,2,2,4,0.5
bInI,1,1,2,0.5
bInL,0,2,2,0.0
bInM,6,0,6,1.0
bInN,7,5,12,0.58
bInP,3,5,8,0.38
bInS,1,2,3,0.33
bInb,1,4,5,0.2
bInh,0,1,1,0.0
bInl,1,1,2,0.5
bInm,0,0,0,
bInn,0,3,3,0.0
bIns,5,0,5,1.0
bIsB,1,0,1,1.0
bIsD,1,0,1,1.0
bIsH,0,3,3,0.0
bIsL,0,1,1,0.0
bIsM,4,1,5,0.8
bIsN,0,1,1,0.0
bIsP,3,3,6,0.5
bIsS,0,4,4,0.0
bIsb,0,3,3,0.0
bIsl,1,2,3,0.33
bIsm,6,2,8,0.75
bIsn,2,1,3,0.67
bIss,1,4,5,0.2
bJBB,6,9,15,0.4
bJBD,1,0,1,1.0
bJBK,1,3,4,0.25
bJBL,2,1,3,0.67
bJBM,11,9,20,0.55
bJBN,12,10,22,0.55
bJBP,13,8,21,0.62
bJBS,3,12,15,0.2
bJBT,2,0,2,1.0
bJBb,7,4,11,0.64
bJBh,0,2,2,0.0
bJBj,3,3,6,0.5
bJBl,6,3,9,0.67
bJBm,10,4,14,0.71
bJBn,17,7,24,0.71
bJBs,5,8,13,0.38
bJDB,2,0,2,1.0
bJDD,0,0,0,
bJDH,2,0,2,1.0
bJDL,0,0,0,
bJDM,1,2,3,0.33
bJDN,1,0,1,1.0
bJDP,0,1,1,0.0
bJDS,2,0,2,1.0
bJDT,1,0,1,1.0
bJDb,2,1,3,0.67
bJDl,0,2,2,0.0
bJDm,1,0,1,1.0
bJDs,0,0,0,
bJHB,1,3,4,0.25
bJHD,0,0,0,
bJHH,1,1,2,0.5
bJHL,2,0,2,1.0
bJHM,6,3,9,0.67
bJHN,3,1,4,0.75
bJHP,7,5,12,0.58
bJHS,3,4,7,0.43
bJHb,3,6,9,0.33
bJHh,2,0,2,1.0
bJHl,4,4,8,0.5
bJHm,3,1,4,0.75
bJHn,6,11,17,0.35
bJHs,7,1,8,0.88
bJIB,1,2,3,0.33
bJIH,4,0,4,1.0
bJIL,0,2,2,0.0
bJIM,1,0,1,1.0
bJIN,0,2,2,0.0
bJIP,2,1,3,0.67
bJIS,2,1,3,0.67
bJIb,0,2,2,0.0
bJIl,1,0,1,1.0
bJIm,1,0,1,1.0
bJIn,0,1,1,0.0
bJIs,1,1,2,0.5
bJKB,0,3,3,0.0
bJKL,0,1,1,0.0
bJKM,0,0,0,
bJKN,0,2,2,0.0
bJKP,2,2,4,0.5
bJKS,0,1,1,0.0
bJKb,3,0,3,1.0
bJKh,0,0,0,
bJKl,0,1,1,0.0
bJKm,1,0,1,1.0
bJKn,5,2,7,0.71
bJKs,2,0,2,1.0
bJLB,3,2,5,0.6
bJLD,1,1,2,0.5
bJLL,5,0,5,1.0
bJLM,8,8,16,0.5
bJLN,5,1,6,0.83
bJLP,6,11,17,0.35
bJLS,3,7,10,0.3
bJLT,1,0,1,1.0
bJLb,7,3,10,0.7
bJLh,0,3,3,0.0
bJLj,3,1,4,0.75
bJLl,6,2,8,0.75
bJLm,5,5,10,0.5
bJLn,7,3,10,0.7
bJLs,4,2,6,0.67
bJMB,9,10,19,0.47
bJMD,2,1,3,0.67
bJMI,1,0,1,1.0
bJMK,0,1,1,0.0
bJML,8,12,20,0.4
bJMM,15,9,24,0.62
bJMN,4,8,12,0.33
bJMP,14,13,27,0.52
bJMS,10,11,21,0.48
bJMT,1,3,4,0.25
bJMb,5,10,15,0.33
bJMh,10,7,17,0.59
bJMj,3,3,6,0.5
bJMl,4,5,9,0.44
bJMm,12,6,18,0.67
bJMn,17,17,34,0.5
bJMs,13,6,19,0.68
bJNB,7,8,15,0.47
bJND,2,2,4,0.5
bJNH,1,2,3,0.33
bJNK,2,1,3,0.67
bJNL,4,4,8,0.5
bJNM,8,14,22,0.36
bJNN,15,8,23,0.65
bJNP,15,13,28,0.54
bJNS,6,8,14,0.43
bJNT,3,2,5,0.6
bJNb,10,15,25,0.4
bJNh,6,3,9,0.67
bJNl,9,3,12,0.75
bJNm,13,12,25,0.52
bJNn,12,9,21,0.57
bJNs,6,9,15,0.4
bJPB,14,14,28,0.5
bJPD,1,0,1,1.0
bJPH,6,4,10,0.6
bJPI,1,0,1,1.0
bJPK,1,2,3,0.33
bJPL,9,10,19,0.47
bJPM,11,9,20,0.55
bJPN,17,16,33,0.52
bJPP,32,36,68,0.47
bJPS,9,12,21,0.43
bJPT,0,1,1,0.0
bJPb,18,14,32,0.56
bJPh,2,2,4,0.5
bJPl,9,12,21,0.43
bJPm,18,14,32,0.56
bJPn,14,9,23,0.61
bJPs,7,8,15,0.47
bJSB,3,3,6,0.5
bJSD,1,1,2,0.5
bJSH,4,2,6,0.67
bJSK,1,1,2,0.5
bJSL,5,2,7,0.71
bJSM,7,15,22,0.32
bJSN,4,7,11,0.36
bJSP,9,9,18,0.5
bJSS,8,6,14,0.57
bJST,1,1,2,0.5
bJSb,5,2,7,0.71
bJSh,1,3,4,0.25
bJSl,4,5,9,0.44
bJSm,5,3,8,0.62
bJSn,8,7,15,0.53
bJSs,9,6,15,0.6
bJTB,2,0,2,1.0
bJTH,1,0,1,1.0
bJTL,1,0,1,1.0
bJTM,2,1,3,0.67
bJTN,2,0,2,1.0
bJTP,0,1,1,0.0
bJTS,1,0,1,1.0
bJTn,1,0,1,1.0
bJTs,2,1,3,0.67
bJbB,7,10,17,0.41
bJbD,1,0,1,1.0
bJbH,3,2,5,0.6
bJbI,2,1,3,0.67
bJbJ,3,4,7,0.43
bJbL,8,4,12,0.67
bJbM,8,11,19,0.42
bJbN,17,13,30,0.57
bJbP,19,13,32,0.59
bJbS,4,4,8,0.5
bJbb,13,15,28,0.46
bJbl,10,1,11,0.91
bJbm,13,13,26,0.5
bJbn,10,10,20,0.5
bJbs,6,0,6,1.0
bJhB,0,5,5,0.0
bJhD,1,0,1,1.0
bJhH,0,0,0,
bJhI,1,0,1,1.0
bJhL,0,1,1,0.0
bJhM,2,2,4,0.5
bJhN,2,2,4,0.5
bJhP,4,2,6,0.67
bJhS,0,2,2,0.0
bJhT,0,1,1,0.0
bJhb,5,2,7,0.71
bJhm,5,1,6,0.83
bJhn,0,4,4,0.0
bJhs,1,2,3,0.33
bJlB,10,6,16,0.62
bJlH,2,3,5,0.4
bJlJ,1,3,4,0.25
bJlL,2,5,7,0.29
bJlM,9,5,14,0.64
bJlN,3,4,7,0.43
bJlP,1,6,7,0.14
bJlS,2,5,7,0.29
bJlb,7,10,17,0.41
bJll,3,2,5,0.6
bJlm,6,3,9,0.67
bJln,6,1,7,0.86
bJls,3,1,4,0.75
bJmB,13,6,19,0.68
bJmD,4,1,5,0.8
bJmH,6,6,12,0.5
bJmI,0,1,1,0.0
bJmJ,1,1,2,0.5
bJmK,1,0,1,1.0
bJmL,4,7,11,0.36
bJmM,6,11,17,0.35
bJmN,8,9,17,0.47
bJmP,19,9,28,0.68
bJmS,7,4,11,0.64
bJmb,11,6,17,0.65
bJmh,0,1,1,0.0
bJml,2,4,6,0.33
bJmm,12,6,18,0.67
bJmn,9,3,12,0.75
bJms,4,4,8,0.5
bJnB,3,6,9,0.33
bJnD,2,1,3,0.67
bJnH,4,6,10,0.4
bJnI,0,4,4,0.0
bJnL,6,2,8,0.75
bJnM,5,11,16,0.31
bJnN,7,10,17,0.41
bJnP,12,10,22,0.55
bJnS,8,9,17,0.47
bJnb,11,15,26,0.42
bJnh,0,1,1,0.0
bJnl,3,5,8,0.38
bJnm,11,6,17,0.65
bJnn,4,6,10,0.4
bJns,5,2,7,0.71
bJsB,8,5,13,0.62
bJsD,2,1,3,0.67
bJsH,2,8,10,0.2
bJsL,4,2,6,0.67
bJsM,8,2,10,0.8
bJsN,3,4,7,0.43
bJsP,11,9,20,0.55
bJsS,6,8,14,0.43
bJsb,4,5,9,0.44
bJsh,1,1,2,0.5
bJsl,2,5,7,0.29
bJsm,6,2,8,0.75
bJsn,6,2,8,0.75
bJss,2,2,4,0.5
bKBB,3,2,5,0.6
bKBD,1,0,1,1.0
bKBL,3,0,3,1.0
bKBM,2,1,3,0.67
bKBN,2,2,4,0.5
bKBP,4,2,6,0.67
bKBS,1,0,1,1.0
bKBb,4,1,5,0.8
bKBh,0,1,1,0.0
bKBj,2,0,2,1.0
bKBl,3,0,3,1.0
bKBm,3,4,7,0.43
bKBn,3,3,6,0.5
bKBs,3,3,6,0.5
bKDH,1,0,1,1.0
bKDM,1,1,2,0.5
bKDP,2,0,2,1.0
bKDS,1,1,2,0.5
bKDb,0,2,2,0.0
bKDl,1,0,1,1.0
bKDm,2,1,3,0.67
bKDs,1,0,1,1.0
bKHB,0,1,1,0.0
bKHD,1,0,1,1.0
bKHK,1,0,1,1.0
bKHM,1,2,3,0.33
bKHN,1,1,2,0.5
bKHb,1,1,2,0.5
bKHm,1,1,2,0.5
bKHn,1,0,1,1.0
bKIB,0,1,1,0.0
bKIK,0,1,1,0.0
bKIL,0,0,0,
bKIM,1,1,2,0.5
bKIN,1,0,1,1.0
bKKN,1,0,1,1.0
bKKs,0,1,1,0.0
bKLB,0,1,1,0.0
bKLL,2,1,3,0.67
bKLM,0,1,1,0.0
bKLN,1,1,2,0.5
bKLP,3,3,6,0.5
bKLS,1,1,2,0.5
bKLT,1,0,1,1.0
bKLb,3,1,4,0.75
bKLh,1,0,1,1.0
bKLj,1,0,1,1.0
bKLl,0,1,1,0.0
bKLm,2,1,3,0.67
bKLn,2,3,5,0.4
bKLs,1,0,1,1.0
bKMB,2,1,3,0.67
bKMD,1,0,1,1.0
bKMI,0,1,1,0.0
bKML,2,0,2,1.0
bKMM,4,3,7,0.57
bKMN,2,4,6,0.33
bKMP,5,4,9,0.56
bKMS,3,1,4,0.75
bKMT,2,1,3,0.67
bKMb,0,6,6,0.0
bKMh,3,6,9,0.33
bKMj,1,1,2,0.5
bKMl,4,1,5,0.8
bKMm,4,3,7,0.57
bKMn,5,8,13,0.38
bKMs,3,2,5,0.6
bKNB,2,2,4,0.5
bKND,0,1,1,0.0
bKNH,0,0,0,
bKNK,1,0,1,1.0
bKNL,0,0,0,
bKNM,2,4,6,0.33
bKNN,2,1,3,0.67
bKNP,3,9,12,0.25
bKNS,2,1,3,0.67
bKNb,5,1,6,0.83
bKNh,3,1,4,0.75
bKNl,0,1,1,0.0
bKNm,1,3,4,0.25
bKNn,1,3,4,0.25
bKNs,2,0,2,1.0
bKPB,5,5,10,0.5
bKPD,1,0,1,1.0
bKPH,2,2,4,0.5
bKPK,0,1,1,0.0
bKPL,2,5,7,0.29
bKPM,5,8,13,0.38
bKPN,7,3,10,0.7
bKPP,6,3,9,0.67
bKPS,4,3,7,0.57
bKPb,7,4,11,0.64
bKPl,4,0,4,1.0
bKPm,5,3,8,0.62
bKPn,3,4,7,0.43
bKPs,1,2,3,0.33
bKSB,0,1,1,0.0
bKSD,1,0,1,1.0
bKSH,0,0,0,
bKSL,3,0,3,1.0
bKSM,1,7,8,0.12
bKSN,2,1,3,0.67
bKSP,5,3,8,0.62
bKSS,3,0,3,1.0
bKSb,4,5,9,0.44
bKSh,3,1,4,0.75
bKSl,4,1,5,0.8
bKSm,2,3,5,0.4
bKSn,2,3,5,0.4
bKSs,5,4,9,0.56
bKTM,0,0,0,
bKTN,1,0,1,1.0
bKTP,0,1,1,0.0
bKTb,0,1,1,0.0
bKTm,0,1,1,0.0
bKTn,0,1,1,0.0
bKTs,1,0,1,1.0
bKbB,2,2,4,0.5
bKbJ,2,2,4,0.5
bKbK,1,1,2,0.5
bKbL,1,0,1,1.0
bKbM,5,7,12,0.42
bKbN,6,3,9,0.67
bKbP,2,3,5,0.4
bKbS,3,3,6,0.5
bKbb,5,6,11,0.45
bKbl,1,1,2,0.5
bKbm,4,2,6,0.67
bKbn,0,4,4,0.0
bKbs,5,0,5,1.0
bKhB,0,2,2,0.0
bKhD,1,0,1,1.0
bKhH,1,1,2,0.5
bKhI,1,0,1,1.0
bKhK,1,0,1,1.0
bKhL,3,0,3,1.0
bKhM,3,2,5,0.6
bKhN,1,6,7,0.14
bKhP,1,6,7,0.14
bKhS,2,4,6,0.33
bKhT,1,0,1,1.0
bKhb,8,5,13,0.62
bKhh,2,4,6,0.33
bKhl,2,3,5,0.4
bKhm,5,1,6,0.83
bKhn,1,0,1,1.0
bKhs,8,2,10,0.8
bKlB,1,1,2,0.5
bKlH,1,1,2,0.5
bKlJ,0,0,0,
bKlK,0,0,0,
bKlL,1,1,2,0.5
bKlM,3,4,7,0.43
bKlN,2,1,3,0.67
bKlP,1,3,4,0.25
bKlS,0,4,4,0.0
bKlb,3,3,6,0.5
bKll,1,0,1,1.0
bKlm,1,0,1,1.0
bKln,2,2,4,0.5
bKls,1,1,2,0.5
bKmB,4,2,6,0.67
bKmD,1,2,3,0.33
bKmH,0,3,3,0.0
bKmL,2,3,5,0.4
bKmM,5,7,12,0.42
bKmN,7,4,11,0.64
bKmP,5,4,9,0.56
bKmS,1,0,1,1.0
bKmb,2,6,8,0.25
bKml,1,0,1,1.0
bKmm,5,5,10,0.5
bKmn,1,3,4,0.25
bKms,3,1,4,0.75
bKnB,3,2,5,0.6
bKnH,1,6,7,0.14
bKnI,1,0,1,1.0
bKnK,0,0,0,
bKnL,2,3,5,0.4
bKnM,5,4,9,0.56
bKnN,6,4,10,0.6
bKnP,4,2,6,0.67
bKnS,1,1,2,0.5
bKnb,2,3,5,0.4
bKnh,0,1,1,0.0
bKnl,2,1,3,0.67
bKnm,1,4,5,0.2
bKnn,3,2,5,0.6
bKns,5,2,7,0.71
bKsB,1,2,3,0.33
bKsD,1,1,2,0.5
bKsH,2,4,6,0.33
bKsL,1,0,1,1.0
bKsM,0,1,1,0.0
bKsN,3,4,7,0.43
bKsP,3,3,6,0.5
bKsS,3,2,5,0.6
bKsb,3,4,7,0.43
bKsl,1,0,1,1.0
bKsm,2,3,5,0.4
bKsn,3,3,6,0.5
bKss,1,5,6,0.17
bLBB,11,2,13,0.85
bLBD,0,1,1,0.0
bLBK,1,1,2,0.5
bLBL,3,5,8,0.38
bLBM,12,6,18,0.67
bLBN,13,12,25,0.52
bLBP,15,12,27,0.56
bLBS,6,3,9,0.67
bLBT,0,3,3,0.0
bLBb,26,12,38,0.68
bLBh,1,1,2,0.5
bLBj,4,6,10,0.4
bLBl,4,5,9,0.44
bLBm,9,9,18,0.5
bLBn,17,20,37,0.46
bLBs,6,5,11,0.55
bLDB,0,2,2,0.0
bLDH,1,1,2,0.5
bLDM,0,1,1,0.0
bLDN,0,3,3,0.0
bLDP,0,0,0,
bLDS,2,4,6,0.33
bLDT,1,0,1,1.0
bLDb,0,0,0,
bLDl,0,1,1,0.0
bLDm,1,1,2,0.5
bLDn,1,0,1,1.0
bLDs,2,3,5,0.4
bLHP,1,0,1,1.0
bLHS,0,1,1,0.0
bLHb,0,1,1,0.0
bLHm,0,1,1,0.0
bLHs,1,0,1,1.0
bLIB,1,0,1,1.0
bLKB,0,1,1,0.0
bLKM,1,0,1,1.0
bLKN,0,1,1,0.0
bLKP,0,3,3,0.0
bLKS,0,1,1,0.0
bLKm,1,1,2,0.5
bLKn,3,0,3,1.0
bLKs,1,0,1,1.0
bLLB,5,6,11,0.45
bLLH,0,0,0,
bLLK,1,1,2,0.5
bLLL,1,3,4,0.25
bLLM,7,4,11,0.64
bLLN,7,5,12,0.58
bLLP,1,7,8,0.12
bLLS,3,5,8,0.38
bLLT,1,0,1,1.0
bLLb,3,1,4,0.75
bLLh,2,2,4,0.5
bLLj,3,2,5,0.6
bLLl,6,1,7,0.86
bLLm,5,5,10,0.5
bLLn,5,9,14,0.36
bLLs,4,5,9,0.44
bLMB,13,10,23,0.57
bLMD,0,1,1,0.0
bLML,3,7,10,0.3
bLMM,11,15,26,0.42
bLMN,16,14,30,0.53
bLMP,19,22,41,0.46
bLMS,9,7,16,0.56
bLMT,4,1,5,0.8
bLMb,16,19,35,0.46
bLMh,7,14,21,0.33
bLMj,0,4,4,0.0
bLMl,4,3,7,0.57
bLMm,11,13,24,0.46
bLMn,13,16,29,0.45
bLMs,6,11,17,0.35
bLNB,9,9,18,0.5
bLND,2,3,5,0.4
bLNH,1,1,2,0.5
bLNK,1,0,1,1.0
bLNL,1,4,5,0.2
bLNM,3,9,12,0.25
bLNN,23,18,41,0.56
bLNP,19,17,36,0.53
bLNS,9,12,21,0.43
bLNT,2,4,6,0.33
bLNb,10,8,18,0.56
bLNh,3,8,11,0.27
bLNl,11,4,15,0.73
bLNm,9,8,17,0.53
bLNn,18,13,31,0.58
bLNs,15,4,19,0.79
bLPB,22,12,34,0.65
bLPD,1,1,2,0.5
bLPH,7,6,13,0.54
bLPI,2,0,2,1.0
bLPK,2,1,3,0.67
bLPL,5,9,14,0.36
bLPM,12,24,36,0.33
bLPN,17,25,42,0.4
bLPP,23,26,49,0.47
bLPS,16,15,31,0.52
bLPT,1,2,3,0.33
bLPb,15,17,32,0.47
bLPh,0,2,2,0.0
bLPl,15,9,24,0.62
bLPm,23,12,35,0.66
bLPn,15,15,30,0.5
bLPs,11,13,24,0.46
bLSB,11,6,17,0.65
bLSD,1,1,2,0.5
bLSH,1,1,2,0.5
bLSK,0,1,1,0.0
bLSL,1,7,8,0.12
bLSM,9,9,18,0.5
bLSN,12,7,19,0.63
bLSP,18,15,33,0.55
bLSS,14,12,26,0.54
bLST,1,1,2,0.5
bLSb,8,10,18,0.44
bLSh,8,9,17,0.47
bLSl,8,4,12,0.67
bLSm,15,5,20,0.75
bLSn,2,9,11,0.18
bLSs,12,8,20,0.6
bLTB,2,1,3,0.67
bLTH,1,0,1,1.0
bLTL,3,1,4,0.75
bLTM,2,2,4,0.5
bLTN,2,1,3,0.67
bLTP,2,3,5,0.4
bLTS,3,3,6,0.5
bLTb,1,2,3,0.33
bLTl,1,0,1,1.0
bLTm,1,0,1,1.0
bLTn,0,2,2,0.0
bLTs,0,2,2,0.0
bLbB,16,4,20,0.8
bLbD,0,2,2,0.0
bLbH,6,2,8,0.75
bLbI,2,0,2,1.0
bLbJ,2,10,12,0.17
bLbK,1,3,4,0.25
bLbL,3,12,15,0.2
bLbM,5,14,19,0.26
bLbN,20,15,35,0.57
bLbP,18,9,27,0.67
bLbS,10,9,19,0.53
bLbb,18,10,28,0.64
bLbl,5,2,7,0.71
bLbm,9,10,19,0.47
bLbn,13,12,25,0.52
bLbs,13,7,20,0.65
bLhB,5,4,9,0.56
bLhD,0,1,1,0.0
bLhH,0,2,2,0.0
bLhI,1,0,1,1.0
bLhK,0,1,1,0.0
bLhL,2,1,3,0.67
bLhM,8,4,12,0.67
bLhN,11,3,14,0.79
bLhP,7,10,17,0.41
bLhS,3,7,10,0.3
bLhT,0,0,0,
bLhb,10,7,17,0.59
bLhh,5,0,5,1.0
bLhl,3,0,3,1.0
bLhm,6,1,7,0.86
bLhn,15,6,21,0.71
bLhs,5,3,8,0.62
bLjB,1,2,3,0.33
bLjD,1,0,1,1.0
bLjH,0,6,6,0.0
bLjL,2,2,4,0.5
bLjM,3,5,8,0.38
bLjN,3,6,9,0.33
bLjP,8,9,17,0.47
bLjS,3,3,6,0.5
bLjT,1,0,1,1.0
bLjb,6,0,6,1.0
bLjl,1,3,4,0.25
bLjm,3,2,5,0.6
bLjn,8,5,13,0.62
bLjs,3,5,8,0.38
bLlB,5,2,7,0.71
bLlD,2,0,2,1.0
bLlH,4,6,10,0.4
bLlI,1,0,1,1.0
bLlJ,1,2,3,0.33
bLlK,2,0,2,1.0
bLlL,3,3,6,0.5
bLlM,5,7,12,0.42
bLlN,8,14,22,0.36
bLlP,5,15,20,0.25
bLlS,6,3,9,0.67
bLlb,5,6,11,0.45
bLll,0,3,3,0.0
bLlm,3,5,8,0.38
bLln,8,8,16,0.5
bLls,4,5,9,0.44
bLmB,16,9,25,0.64
bLmD,3,1,4,0.75
bLmH,7,7,14,0.5
bLmI,1,1,2,0.5
bLmJ,4,4,8,0.5
bLmK,0,0,0,
bLmL,7,3,10,0.7
bLmM,7,14,21,0.33
bLmN,9,11,20,0.45
bLmP,19,9,28,0.68
bLmS,7,5,12,0.58
bLmb,14,11,25,0.56
bLml,2,3,5,0.4
bLmm,10,6,16,0.62
bLmn,12,20,32,0.38
bLms,4,5,9,0.44
bLnB,12,16,28,0.43
bLnD,1,0,1,1.0
bLnH,8,16,24,0.33
bLnI,3,3,6,0.5
bLnK,1,3,4,0.25
bLnL,8,7,15,0.53
bLnM,15,20,35,0.43
bLnN,22,25,47,0.47
bLnP,34,25,59,0.58
bLnS,23,19,42,0.55
bLnb,18,14,32,0.56
bLnh,1,2,3,0.33
bLnl,12,13,25,0.48
bLnm,14,9,23,0.61
bLnn,28,23,51,0.55
bLns,11,14,25,0.44
bLsB,8,8,16,0.5
bLsD,0,1,1,0.0
bLsH,5,14,19,0.26
bLsI,0,0,0,
bLsL,5,7,12,0.42
bLsM,6,11,17,0.35
bLsN,7,4,11,0.64
bLsP,12,10,22,0.55
bLsS,10,8,18,0.56
bLsb,7,14,21,0.33
bLsh,0,2,2,0.0
bLsl,1,3,4,0.25
bLsm,7,7,14,0.5
bLsn,11,5,16,0.69
bLss,7,9,16,0.44
bMBB,33,26,59,0.56
bMBD,5,1,6,0.83
bMBH,1,4,5,0.2
bMBK,2,5,7,0.29
bMBL,7,14,21,0.33
bMBM,35,25,60,0.58
bMBN,36,44,80,0.45
bMBP,40,43,83,0.48
bMBS,13,19,32,0.41
bMBT,3,5,8,0.38
bMBb,32,21,53,0.6
bMBh,1,3,4,0.25
bMBj,12,14,26,0.46
bMBl,15,10,25,0.6
bMBm,28,17,45,0.62
bMBn,43,47,90,0.48
bMBs,14,10,24,0.58
bMDB,3,5,8,0.38
bMDD,1,1,2,0.5
bMDH,2,6,8,0.25
bMDL,0,1,1,0.0
bMDM,3,2,5,0.6
bMDN,3,0,3,1.0
bMDP,8,1,9,0.89
bMDS,5,3,8,0.62
bMDT,1,0,1,1.0
bMDb,3,8,11,0.27
bMDh,1,0,1,1.0
bMDl,2,2,4,0.5
bMDm,7,4,11,0.64
bMDn,2,2,4,0.5
bMDs,2,0,2,1.0
bMHM,0,2,2,0.0
bMHP,1,0,1,1.0
bMHb,1,1,2,0.5
bMHm,1,0,1,1.0
bMHn,1,0,1,1.0
bMID,0,0,0,
bMIH,0,1,1,0.0
bMIS,0,0,0,
bMIh,0,1,1,0.0
bMKN,1,0,1,1.0
bMKP,1,0,1,1.0
bMKS,0,0,0,
bMKh,0,1,1,0.0
bMKn,1,0,1,1.0
bMLB,8,10,18,0.44
bMLD,3,1,4,0.75
bMLK,0,1,1,0.0
bMLL,1,5,6,0.17
bMLM,11,9,20,0.55
bMLN,8,18,26,0.31
bMLP,15,12,27,0.56
bMLS,8,10,18,0.44
bMLT,1,2,3,0.33
bMLb,15,10,25,0.6
bMLh,8,7,15,0.53
bMLj,5,4,9,0.56
bMLl,6,2,8,0.75
bMLm,15,8,23,0.65
bMLn,17,14,31,0.55
bMLs,7,5,12,0.58
bMMB,26,25,51,0.51
bMMD,1,3,4,0.25
bMML,9,6,15,0.6
bMMM,27,38,65,0.42
bMMN,55,39,94,0.59
bMMP,45,56,101,0.45
bMMS,23,26,49,0.47
bMMT,3,3,6,0.5
bMMb,31,35,66,0.47
bMMh,25,33,58,0.43
bMMj,5,8,13,0.38
bMMl,8,9,17,0.47
bMMm,19,21,40,0.48
bMMn,53,47,100,0.53
bMMs,37,18,55,0.67
bMNB,27,24,51,0.53
bMND,7,4,11,0.64
bMNH,6,7,13,0.46
bMNI,0,1,1,0.0
bMNK,3,3,6,0.5
bMNL,15,7,22,0.68
bMNM,31,42,73,0.42
bMNN,47,42,89,0.53
bMNP,55,57,112,0.49
bMNS,21,23,44,0.48
bMNT,10,8,18,0.56
bMNb,27,29,56,0.48
bMNh,16,21,37,0.43
bMNl,14,8,22,0.64
bMNm,31,29,60,0.52
bMNn,60,46,106,0.57
bMNs,22,30,52,0.42
bMPB,39,27,66,0.59
bMPD,4,2,6,0.67
bMPH,13,18,31,0.42
bMPI,3,5,8,0.38
bMPK,2,4,6,0.33
bMPL,14,22,36,0.39
bMPM,43,56,99,0.43
bMPN,56,55,111,0.5
bMPP,75,78,153,0.49
bMPS,33,32,65,0.51
bMPT,5,6,11,0.45
bMPb,57,48,105,0.54
bMPh,11,6,17,0.65
bMPl,29,16,45,0.64
bMPm,46,35,81,0.57
bMPn,44,63,107,0.41
bMPs,35,25,60,0.58
bMSB,18,13,31,0.58
bMSD,3,2,5,0.6
bMSH,11,17,28,0.39
bMSI,0,1,1,0.0
bMSK,0,1,1,0.0
bMSL,9,9,18,0.5
bMSM,24,18,42,0.57
bMSN,16,19,35,0.46
bMSP,32,34,66,0.48
bMSS,29,31,60,0.48
bMST,5,2,7,0.71
bMSb,18,19,37,0.49
bMSh,21,15,36,0.58
bMSl,13,8,21,0.62
bMSm,22,22,44,0.5
bMSn,31,30,61,0.51
bMSs,9,21,30,0.3
bMTB,5,3,8,0.62
bMTD,1,0,1,1.0
bMTH,5,2,7,0.71
bMTI,0,1,1,0.0
bMTK,0,0,0,
bMTL,2,1,3,0.67
bMTM,1,5,6,0.17
bMTN,4,4,8,0.5
bMTP,4,0,4,1.0
bMTS,5,2,7,0.71
bMTb,2,4,6,0.33
bMTl,0,2,2,0.0
bMTm,3,4,7,0.43
bMTn,5,10,15,0.33
bMTs,1,0,1,1.0
bMbB,36,25,61,0.59
bMbD,12,2,14,0.86
bMbH,14,14,28,0.5
bMbI,4,6,10,0.4
bMbJ,9,10,19,0.47
bMbK,5,2,7,0.71
bMbL,7,9,16,0.44
bMbM,41,45,86,0.48
bMbN,69,57,126,0.55
bMbP,54,57,111,0.49
bMbS,23,22,45,0.51
bMbb,52,49,101,0.51
bMbl,9,13,22,0.41
bMbm,36,20,56,0.64
bMbn,59,47,106,0.56
bMbs,20,15,35,0.57
bMhB,18,15,33,0.55
bMhD,1,3,4,0.25
bMhH,3,8,11,0.27
bMhI,3,5,8,0.38
bMhK,1,0,1,1.0
bMhL,14,9,23,0.61
bMhM,30,30,60,0.5
bMhN,35,22,57,0.61
bMhP,45,39,84,0.54
bMhS,39,27,66,0.59
bMhT,4,5,9,0.44
bMhb,15,31,46,0.33
bMhh,28,32,60,0.47
bMhl,17,16,33,0.52
bMhm,23,24,47,0.49
bMhn,31,35,66,0.47
bMhs,26,18,44,0.59
bMjB,8,11,19,0.42
bMjD,1,1,2,0.5
bMjH,3,4,7,0.43
bMjI,1,0,1,1.0
bMjK,2,0,2,1.0
bMjL,2,3,5,0.4
bMjM,12,13,25,0.48
bMjN,7,13,20,0.35
bMjP,15,23,38,0.39
bMjS,5,11,16,0.31
bMjT,1,1,2,0.5
bMjb,20,8,28,0.71
bMjh,1,2,3,0.33
bMjl,7,5,12,0.58
bMjm,12,7,19,0.63
bMjn,14,11,25,0.56
bMjs,11,5,16,0.69
bMlB,12,10,22,0.55
bMlD,2,1,3,0.67
bMlH,16,18,34,0.47
bMlI,1,0,1,1.0
bMlJ,6,2,8,0.75
bMlK,0,2,2,0.0
bMlL,11,4,15,0.73
bMlM,14,20,34,0.41
bMlN,16,19,35,0.46
bMlP,19,23,42,0.45
bMlS,8,17,25,0.32
bMlb,19,13,32,0.59
bMll,4,4,8,0.5
bMlm,12,7,19,0.63
bMln,16,8,24,0.67
bMls,6,9,15,0.4
bMmB,28,30,58,0.48
bMmD,4,4,8,0.5
bMmH,23,18,41,0.56
bMmI,4,5,9,0.44
bMmJ,6,12,18,0.33
bMmK,0,2,2,0.0
bMmL,12,7,19,0.63
bMmM,31,29,60,0.52
bMmN,43,44,87,0.49
bMmP,38,45,83,0.46
bMmS,18,29,47,0.38
bMmb,33,26,59,0.56
bMml,6,6,12,0.5
bMmm,34,15,49,0.69
bMmn,33,32,65,0.51
bMms,14,23,37,0.38
bMnB,25,35,60,0.42
bMnD,10,8,18,0.56
bMnH,22,27,49,0.45
bMnI,7,7,14,0.5
bMnK,6,4,10,0.6
bMnL,10,12,22,0.45
bMnM,47,47,94,0.5
bMnN,71,65,136,0.52
bMnP,97,90,187,0.52
bMnS,40,50,90,0.44
bMnb,57,41,98,0.58
bMnh,3,3,6,0.5
bMnl,17,13,30,0.57
bMnm,51,32,83,0.61
bMnn,68,52,120,0.57
bMns,29,29,58,0.5
bMsB,9,14,23,0.39
bMsD,6,3,9,0.67
bMsH,25,22,47,0.53
bMsI,3,2,5,0.6
bMsK,1,0,1,1.0
bMsL,4,10,14,0.29
bMsM,13,28,41,0.32
bMsN,24,36,60,0.4
bMsP,33,24,57,0.58
bMsS,28,24,52,0.54
bMsT,1,0,1,1.0
bMsb,25,15,40,0.62
bMsh,0,1,1,0.0
bMsl,4,3,7,0.57
bMsm,22,9,31,0.71
bMsn,17,16,33,0.52
bMss,18,20,38,0.47
bNBB,34,16,50,0.68
bNBD,4,3,7,0.57
bNBH,1,0,1,1.0
bNBK,0,4,4,0.0
bNBL,15,13,28,0.54
bNBM,34,33,67,0.51
bNBN,46,48,94,0.49
bNBP,41,52,93,0.44
bNBS,21,24,45,0.47
bNBT,3,3,6,0.5
bNBb,36,33,69,0.52
bNBh,4,6,10,0.4
bNBj,10,16,26,0.38
bNBl,11,10,21,0.52
bNBm,32,25,57,0.56
bNBn,48,54,102,0.47
bNBs,12,21,33,0.36
bNDB,5,4,9,0.56
bNDD,0,0,0,
bNDH,1,4,5,0.2
bNDI,1,1,2,0.5
bNDL,1,1,2,0.5
bNDM,5,9,14,0.36
bNDN,5,4,9,0.56
bNDP,7,9,16,0.44
bNDS,6,6,12,0.5
bNDT,0,1,1,0.0
bNDb,3,4,7,0.43
bNDl,4,0,4,1.0
bNDm,5,1,6,0.83
bNDn,3,4,7,0.43
bNDs,1,2,3,0.33
bNHB,6,8,14,0.43
bNHD,2,2,4,0.5
bNHH,1,3,4,0.25
bNHI,1,0,1,1.0
bNHK,0,2,2,0.0
bNHM,9,6,15,0.6
bNHN,5,12,17,0.29
bNHP,7,9,16,0.44
bNHS,5,1,6,0.83
bNHb,4,4,8,0.5
bNHh,1,2,3,0.33
bNHl,3,2,5,0.6
bNHm,7,5,12,0.58
bNHn,9,10,19,0.47
bNHs,2,5,7,0.29
bNIB,1,0,1,1.0
bNIH,0,1,1,0.0
bNIM,0,1,1,0.0
bNIN,0,1,1,0.0
bNIP,0,1,1,0.0
bNKB,3,5,8,0.38
bNKL,3,0,3,1.0
bNKM,4,5,9,0.44
bNKN,4,5,9,0.44
bNKP,1,2,3,0.33
bNKS,3,1,4,0.75
bNKb,4,4,8,0.5
bNKh,3,2,5,0.6
bNKl,2,0,2,1.0
bNKm,2,1,3,0.67
bNKn,2,1,3,0.67
bNKs,1,3,4,0.25
bNLB,11,13,24,0.46
bNLD,4,0,4,1.0
bNLK,2,2,4,0.5
bNLL,5,7,12,0.42
bNLM,12,12,24,0.5
bNLN,16,16,32,0.5
bNLP,20,24,44,0.45
bNLS,11,16,27,0.41
bNLT,2,4,6,0.33
bNLb,11,23,34,0.32
bNLh,11,7,18,0.61
bNLj,8,6,14,0.57
bNLl,9,6,15,0.6
bNLm,11,10,21,0.52
bNLn,20,24,44,0.45
bNLs,10,7,17,0.59
bNMB,39,31,70,0.56
bNMD,7,2,9,0.78
bNMH,0,1,1,0.0
bNML,18,12,30,0.6
bNMM,25,36,61,0.41
bNMN,46,34,80,0.57
bNMP,50,54,104,0.48
bNMS,29,39,68,0.43
bNMT,9,4,13,0.69
bNMb,40,40,80,0.5
bNMh,43,37,80,0.54
bNMj,13,11,24,0.54
bNMl,17,15,32,0.53
bNMm,33,33,66,0.5
bNMn,76,78,154,0.49
bNMs,42,28,70,0.6
bNNB,37,43,80,0.46
bNND,4,7,11,0.36
bNNH,3,5,8,0.38
bNNK,3,0,3,1.0
bNNL,19,22,41,0.46
bNNM,39,50,89,0.44
bNNN,75,69,144,0.52
bNNP,85,95,180,0.47
bNNS,33,36,69,0.48
bNNT,16,12,28,0.57
bNNb,56,45,101,0.55
bNNh,21,27,48,0.44
bNNl,17,24,41,0.41
bNNm,44,40,84,0.52
bNNn,84,82,166,0.51
bNNs,33,38,71,0.46
bNPB,51,41,92,0.55
bNPD,5,2,7,0.71
bNPH,22,26,48,0.46
bNPI,9,6,15,0.6
bNPK,12,5,17,0.71
bNPL,32,34,66,0.48
bNPM,63,74,137,0.46
bNPN,85,78,163,0.52
bNPP,119,98,217,0.55
bNPS,47,56,103,0.46
bNPT,7,7,14,0.5
bNPb,77,82,159,0.48
bNPh,11,15,26,0.42
bNPl,35,31,66,0.53
bNPm,76,46,122,0.62
bNPn,89,65,154,0.58
bNPs,39,43,82,0.48
bNSB,21,13,34,0.62
bNSD,5,2,7,0.71
bNSH,16,20,36,0.44
bNSI,1,0,1,1.0
bNSL,8,14,22,0.36
bNSM,34,21,55,0.62
bNSN,42,26,68,0.62
bNSP,43,51,94,0.46
bNSS,39,36,75,0.52
bNST,6,3,9,0.67
bNSb,30,26,56,0.54
bNSh,23,17,40,0.57
bNSl,15,6,21,0.71
bNSm,41,16,57,0.72
bNSn,44,33,77,0.57
bNSs,35,35,70,0.5
bNTB,5,6,11,0.45
bNTD,1,1,2,0.5
bNTH,5,5,10,0.5
bNTK,1,1,2,0.5
bNTL,2,2,4,0.5
bNTM,9,11,20,0.45
bNTN,15,12,27,0.56
bNTP,13,19,32,0.41
bNTS,2,12,14,0.14
bNTT,2,2,4,0.5
bNTb,8,8,16,0.5
bNTh,1,1,2,0.5
bNTl,1,7,8,0.12
bNTm,6,5,11,0.55
bNTn,10,8,18,0.56
bNTs,9,7,16,0.56
bNbB,38,38,76,0.5
bNbD,4,5,9,0.44
bNbH,19,17,36,0.53
bNbI,3,3,6,0.5
bNbJ,11,11,22,0.5
bNbK,1,4,5,0.2
bNbL,18,15,33,0.55
bNbM,44,52,96,0.46
bNbN,67,55,122,0.55
bNbP,62,50,112,0.55
bNbS,18,28,46,0.39
bNbb,47,61,108,0.44
bNbh,0,1,1,0.0
bNbl,14,15,29,0.48
bNbm,41,31,72,0.57
bNbn,42,47,89,0.47
bNbs,26,15,41,0.63
bNhB,14,13,27,0.52
bNhD,2,1,3,0.67
bNhH,5,8,13,0.38
bNhI,1,0,1,1.0
bNhK,0,1,1,0.0
bNhL,5,9,14,0.36
bNhM,16,17,33,0.48
bNhN,18,15,33,0.55
bNhP,34,25,59,0.58
bNhS,14,21,35,0.4
bNhT,2,1,3,0.67
bNhb,17,16,33,0.52
bNhh,11,16,27,0.41
bNhl,9,10,19,0.47
bNhm,19,14,33,0.58
bNhn,23,21,44,0.52
bNhs,9,14,23,0.39
bNlB,15,13,28,0.54
bNlD,3,5,8,0.38
bNlH,9,8,17,0.53
bNlI,2,3,5,0.4
bNlJ,3,6,9,0.33
bNlK,2,1,3,0.67
bNlL,6,7,13,0.46
bNlM,17,18,35,0.49
bNlN,20,35,55,0.36
bNlP,29,30,59,0.49
bNlS,9,10,19,0.47
bNlb,20,11,31,0.65
bNll,6,6,12,0.5
bNlm,9,9,18,0.5
bNln,20,14,34,0.59
bNls,10,7,17,0.59
bNmB,37,33,70,0.53
bNmD,6,6,12,0.5
bNmH,25,26,51,0.49
bNmI,5,4,9,0.56
bNmJ,10,10,20,0.5
bNmK,0,1,1,0.0
bNmL,16,8,24,0.67
bNmM,33,49,82,0.4
bNmN,60,50,110,0.55
bNmP,49,48,97,0.51
bNmS,23,19,42,0.55
bNmb,33,31,64,0.52
bNmh,0,0,0,
bNml,17,4,21,0.81
bNmm,33,34,67,0.49
bNmn,42,34,76,0.55
bNms,16,15,31,0.52
bNnB,43,31,74,0.58
bNnD,8,7,15,0.53
bNnH,26,29,55,0.47
bNnI,10,7,17,0.59
bNnK,4,5,9,0.44
bNnL,20,20,40,0.5
bNnM,50,55,105,0.48
bNnN,100,84,184,0.54
bNnP,98,89,187,0.52
bNnS,65,60,125,0.52
bNnb,53,45,98,0.54
bNnh,4,3,7,0.57
bNnl,19,26,45,0.42
bNnm,53,32,85,0.62
bNnn,61,69,130,0.47
bNns,39,38,77,0.51
bNsB,16,16,32,0.5
bNsD,4,3,7,0.57
bNsH,15,24,39,0.38
bNsI,5,4,9,0.56
bNsK,1,1,2,0.5
bNsL,6,9,15,0.4
bNsM,22,24,46,0.48
bNsN,42,38,80,0.52
bNsP,48,36,84,0.57
bNsS,27,19,46,0.59
bNsb,28,23,51,0.55
bNsh,1,3,4,0.25
bNsl,14,20,34,0.41
bNsm,28,19,47,0.6
bNsn,29,27,56,0.52
bNss,25,21,46,0.54
bPBB,35,37,72,0.49
bPBD,5,6,11,0.45
bPBH,1,0,1,1.0
bPBI,0,1,1,0.0
bPBK,4,8,12,0.33
bPBL,14,19,33,0.42
bPBM,39,47,86,0.45
bPBN,49,41,90,0.54
bPBP,57,54,111,0.51
bPBS,20,23,43,0.47
bPBT,6,10,16,0.38
bPBb,40,37,77,0.52
bPBh,4,7,11,0.36
bPBj,13,13,26,0.5
bPBl,14,18,32,0.44
bPBm,33,35,68,0.49
bPBn,57,53,110,0.52
bPBs,25,17,42,0.6
bPDB,4,4,8,0.5
bPDD,1,0,1,1.0
bPDH,4,0,4,1.0
bPDL,7,2,9,0.78
bPDM,4,4,8,0.5
bPDN,4,2,6,0.67
bPDP,5,11,16,0.31
bPDS,3,4,7,0.43
bPDT,1,0,1,1.0
bPDb,3,2,5,0.6
bPDl,2,2,4,0.5
bPDm,7,1,8,0.88
bPDn,5,1,6,0.83
bPDs,5,1,6,0.83
bPHB,9,18,27,0.33
bPHD,0,1,1,0.0
bPHH,3,1,4,0.75
bPHI,0,5,5,0.0
bPHK,1,2,3,0.33
bPHL,6,6,12,0.5
bPHM,12,12,24,0.5
bPHN,13,12,25,0.52
bPHP,15,20,35,0.43
bPHS,10,4,14,0.71
bPHb,6,8,14,0.43
bPHh,1,4,5,0.2
bPHl,7,6,13,0.54
bPHm,10,8,18,0.56
bPHn,10,7,17,0.59
bPHs,12,11,23,0.52
bPIB,4,4,8,0.5
bPIH,0,2,2,0.0
bPII,4,0,4,1.0
bPIL,5,1,6,0.83
bPIM,6,7,13,0.46
bPIN,5,3,8,0.62
bPIP,7,1,8,0.88
bPIS,3,2,5,0.6
bPIb,6,3,9,0.67
bPIl,1,0,1,1.0
bPIm,1,3,4,0.25
bPIn,1,2,3,0.33
bPIs,1,0,1,1.0
bPKB,4,9,13,0.31
bPKH,1,3,4,0.25
bPKL,0,5,5,0.0
bPKM,5,5,10,0.5
bPKN,4,7,11,0.36
bPKP,9,5,14,0.64
bPKS,1,7,8,0.12
bPKT,0,1,1,0.0
bPKb,5,3,8,0.62
bPKh,5,3,8,0.62
bPKl,2,3,5,0.4
bPKm,4,3,7,0.57
bPKn,5,2,7,0.71
bPKs,6,4,10,0.6
bPLB,18,19,37,0.49
bPLD,2,2,4,0.5
bPLH,0,2,2,0.0
bPLK,0,0,0,
bPLL,11,5,16,0.69
bPLM,27,26,53,0.51
bPLN,21,19,40,0.52
bPLP,25,24,49,0.51
bPLS,18,18,36,0.5
bPLT,8,5,13,0.62
bPLb,14,19,33,0.42
bPLh,11,10,21,0.52
bPLj,9,11,20,0.45
bPLl,16,12,28,0.57
bPLm,21,17,38,0.55
bPLn,31,27,58,0.53
bPLs,16,14,30,0.53
bPMB,45,46,91,0.49
bPMD,3,4,7,0.43
bPMH,0,0,0,
bPMK,0,1,1,0.0
bPML,15,21,36,0.42
bPMM,43,46,89,0.48
bPMN,42,54,96,0.44
bPMP,57,67,124,0.46
bPMS,34,40,74,0.46
bPMT,9,2,11,0.82
bPMb,53,51,104,0.51
bPMh,39,42,81,0.48
bPMj,16,19,35,0.46
bPMl,27,17,44,0.61
bPMm,40,42,82,0.49
bPMn,64,77,141,0.45
bPMs,30,20,50,0.6
bPNB,39,36,75,0.52
bPND,5,3,8,0.62
bPNH,9,6,15,0.6
bPNI,0,1,1,0.0
bPNK,3,2,5,0.6
bPNL,21,25,46,0.46
bPNM,45,55,100,0.45
bPNN,48,51,99,0.48
bPNP,74,72,146,0.51
bPNS,39,42,81,0.48
bPNT,7,10,17,0.41
bPNb,54,47,101,0.53
bPNh,15,19,34,0.44
bPNl,22,24,46,0.48
bPNm,48,36,84,0.57
bPNn,79,55,134,0.59
bPNs,36,31,67,0.54
bPPB,70,72,142,0.49
bPPD,10,6,16,0.62
bPPH,22,25,47,0.47
bPPI,4,3,7,0.57
bPPK,7,9,16,0.44
bPPL,41,43,84,0.49
bPPM,82,83,165,0.5
bPPN,83,81,164,0.51
bPPP,136,135,271,0.5
bPPS,63,63,126,0.5
bPPT,8,10,18,0.44
bPPb,89,78,167,0.53
bPPh,14,15,29,0.48
bPPl,41,39,80,0.51
bPPm,64,70,134,0.48
bPPn,77,59,136,0.57
bPPs,46,51,97,0.47
bPSB,33,12,45,0.73
bPSD,3,0,3,1.0
bPSH,15,13,28,0.54
bPSI,0,2,2,0.0
bPSK,1,2,3,0.33
bPSL,16,15,31,0.52
bPSM,36,26,62,0.58
bPSN,15,19,34,0.44
bPSP,38,40,78,0.49
bPSS,21,33,54,0.39
bPST,4,1,5,0.8
bPSb,33,26,59,0.56
bPSh,15,32,47,0.32
bPSl,17,21,38,0.45
bPSm,23,29,52,0.44
bPSn,19,27,46,0.41
bPSs,29,35,64,0.45
bPTB,4,1,5,0.8
bPTH,2,2,4,0.5
bPTK,0,1,1,0.0
bPTL,2,0,2,1.0
bPTM,7,5,12,0.58
bPTN,3,3,6,0.5
bPTP,6,8,14,0.43
bPTS,2,4,6,0.33
bPTT,5,1,6,0.83
bPTb,6,5,11,0.55
bPTl,5,3,8,0.62
bPTm,7,3,10,0.7
bPTn,5,5,10,0.5
bPTs,3,0,3,1.0
bPbB,64,40,104,0.62
bPbD,2,3,5,0.4
bPbH,10,12,22,0.45
bPbI,6,7,13,0.46
bPbJ,19,22,41,0.46
bPbK,4,4,8,0.5
bPbL,27,27,54,0.5
bPbM,57,78,135,0.42
bPbN,81,60,141,0.57
bPbP,77,63,140,0.55
bPbS,29,24,53,0.55
bPbb,74,58,132,0.56
bPbh,1,0,1,1.0
bPbl,30,25,55,0.55
bPbm,49,26,75,0.65
bPbn,49,41,90,0.54
bPbs,15,28,43,0.35
bPhB,3,14,17,0.18
bPhD,1,0,1,1.0
bPhI,0,1,1,0.0
bPhL,1,4,5,0.2
bPhM,7,5,12,0.58
bPhN,5,7,12,0.42
bPhP,11,16,27,0.41
bPhS,3,7,10,0.3
bPhb,8,7,15,0.53
bPhh,5,8,13,0.38
bPhl,4,2,6,0.67
bPhm,1,3,4,0.25
bPhn,11,9,20,0.55
bPhs,4,6,10,0.4
bPlB,19,18,37,0.51
bPlD,0,0,0,
bPlH,20,14,34,0.59
bPlI,2,2,4,0.5
bPlJ,5,3,8,0.62
bPlK,2,3,5,0.4
bPlL,14,8,22,0.64
bPlM,22,31,53,0.42
bPlN,26,28,54,0.48
bPlP,27,35,62,0.44
bPlS,14,18,32,0.44
bPlb,28,25,53,0.53
bPll,17,15,32,0.53
bPlm,25,16,41,0.61
bPln,20,16,36,0.56
bPls,14,18,32,0.44
bPmB,39,37,76,0.51
bPmD,8,3,11,0.73
bPmH,26,34,60,0.43
bPmI,3,2,5,0.6
bPmJ,4,6,10,0.4
bPmL,17,15,32,0.53
bPmM,46,47,93,0.49
bPmN,43,28,71,0.61
bPmP,50,65,115,0.43
bPmS,24,32,56,0.43
bPmb,42,51,93,0.45
bPml,13,12,25,0.52
bPmm,34,23,57,0.6
bPmn,35,36,71,0.49
bPms,17,11,28,0.61
bPnB,41,34,75,0.55
bPnD,6,10,16,0.38
bPnH,32,39,71,0.45
bPnI,3,4,7,0.43
bPnK,4,0,4,1.0
bPnL,26,21,47,0.55
bPnM,43,47,90,0.48
bPnN,44,63,107,0.41
bPnP,86,71,157,0.55
bPnS,44,47,91,0.48
bPnb,48,47,95,0.51
bPnh,4,3,7,0.57
bPnl,14,23,37,0.38
bPnm,35,35,70,0.5
bPnn,34,45,79,0.43
bPns,35,20,55,0.64
bPsB,22,14,36,0.61
bPsD,4,2,6,0.67
bPsH,31,17,48,0.65
bPsI,4,1,5,0.8
bPsL,8,17,25,0.32
bPsM,36,21,57,0.63
bPsN,24,30,54,0.44
bPsP,39,32,71,0.55
bPsS,30,24,54,0.56
bPsT,0,1,1,0.0
bPsb,30,18,48,0.62
bPsh,2,0,2,1.0
bPsl,12,11,23,0.52
bPsm,29,18,47,0.62
bPsn,19,16,35,0.54
bPss,19,22,41,0.46
bSBB,15,12,27,0.56
bSBD,0,3,3,0.0
bSBK,1,1,2,0.5
bSBL,5,5,10,0.5
bSBM,3,9,12,0.25
bSBN,13,18,31,0.42
bSBP,16,6,22,0.73
bSBS,5,11,16,0.31
bSBT,0,1,1,0.0
bSBb,18,19,37,0.49
bSBh,2,3,5,0.4
bSBj,9,4,13,0.69
bSBl,4,7,11,0.36
bSBm,13,8,21,0.62
bSBn,19,19,38,0.5
bSBs,7,6,13,0.54
bSDB,1,1,2,0.5
bSDH,1,0,1,1.0
bSDL,1,0,1,1.0
bSDM,2,4,6,0.33
bSDN,2,3,5,0.4
bSDP,4,4,8,0.5
bSDS,3,3,6,0.5
bSDT,1,0,1,1.0
bSDb,0,1,1,0.0
bSDh,0,1,1,0.0
bSDl,2,2,4,0.5
bSDm,2,2,4,0.5
bSDn,2,1,3,0.67
bSDs,0,1,1,0.0
bSHB,4,6,10,0.4
bSHD,2,1,3,0.67
bSHH,1,2,3,0.33
bSHI,3,0,3,1.0
bSHK,0,1,1,0.0
bSHL,1,3,4,0.25
bSHM,13,6,19,0.68
bSHN,8,4,12,0.67
bSHP,7,10,17,0.41
bSHS,7,6,13,0.54
bSHT,0,1,1,0.0
bSHb,6,6,12,0.5
bSHh,0,1,1,0.0
bSHl,6,2,8,0.75
bSHm,12,5,17,0.71
bSHn,5,6,11,0.45
bSHs,7,5,12,0.58
bSID,0,1,1,0.0
bSIH,1,1,2,0.5
bSIL,0,2,2,0.0
bSIM,1,0,1,1.0
bSIN,0,0,0,
bSIS,0,3,3,0.0
bSIb,0,1,1,0.0
bSIm,1,0,1,1.0
bSIn,0,2,2,0.0
bSIs,0,1,1,0.0
bSKL,1,0,1,1.0
bSKM,2,0,2,1.0
bSKP,1,1,2,0.5
bSKb,1,0,1,1.0
bSKn,1,1,2,0.5
bSKs,0,0,0,
bSLB,3,5,8,0.38
bSLD,1,0,1,1.0
bSLK,0,1,1,0.0
bSLL,0,6,6,0.0
bSLM,1,10,11,0.09
bSLN,10,6,16,0.62
bSLP,8,8,16,0.5
bSLS,8,12,20,0.4
bSLT,0,1,1,0.0
bSLb,6,8,14,0.43
bSLh,6,0,6,1.0
bSLj,3,6,9,0.33
bSLl,5,4,9,0.56
bSLm,5,9,14,0.36
bSLn,10,15,25,0.4
bSLs,1,5,6,0.17
bSMB,8,10,18,0.44
bSMD,2,5,7,0.29
bSMI,0,0,0,
bSMK,1,0,1,1.0
bSML,9,8,17,0.53
bSMM,25,11,36,0.69
bSMN,16,27,43,0.37
bSMP,23,24,47,0.49
bSMS,20,13,33,0.61
bSMT,1,2,3,0.33
bSMb,19,18,37,0.51
bSMh,21,15,36,0.58
bSMj,6,5,11,0.55
bSMl,10,10,20,0.5
bSMm,23,19,42,0.55
bSMn,29,18,47,0.62
bSMs,9,14,23,0.39
bSNB,9,22,31,0.29
bSND,4,2,6,0.67
bSNH,4,1,5,0.8
bSNK,3,2,5,0.6
bSNL,11,5,16,0.69
bSNM,17,16,33,0.52
bSNN,21,22,43,0.49
bSNP,23,29,52,0.44
bSNS,20,19,39,0.51
bSNT,3,3,6,0.5
bSNb,20,14,34,0.59
bSNh,5,10,15,0.33
bSNl,9,8,17,0.53
bSNm,21,10,31,0.68
bSNn,23,26,49,0.47
bSNs,9,13,22,0.41
bSPB,19,20,39,0.49
bSPD,1,5,6,0.17
bSPH,9,8,17,0.53
bSPI,2,2,4,0.5
bSPK,3,2,5,0.6
bSPL,10,18,28,0.36
bSPM,40,31,71,0.56
bSPN,30,27,57,0.53
bSPP,48,41,89,0.54
bSPS,34,28,62,0.55
bSPT,5,1,6,0.83
bSPb,25,28,53,0.47
bSPh,2,6,8,0.25
bSPl,17,7,24,0.71
bSPm,29,25,54,0.54
bSPn,30,23,53,0.57
bSPs,22,24,46,0.48
bSSB,11,11,22,0.5
bSSD,1,4,5,0.2
bSSH,11,8,19,0.58
bSSI,2,2,4,0.5
bSSK,0,2,2,0.0
bSSL,8,4,12,0.67
bSSM,21,18,39,0.54
bSSN,16,17,33,0.48
bSSP,26,24,50,0.52
bSSS,29,21,50,0.58
bSST,4,6,10,0.4
bSSb,19,12,31,0.61
bSSh,10,15,25,0.4
bSSl,5,3,8,0.62
bSSm,19,15,34,0.56
bSSn,22,17,39,0.56
bSSs,13,16,29,0.45
bSTB,2,1,3,0.67
bSTD,1,0,1,1.0
bSTH,1,1,2,0.5
bSTK,1,0,1,1.0
bSTL,3,1,4,0.75
bSTM,3,2,5,0.6
bSTN,4,5,9,0.44
bSTP,4,6,10,0.4
bSTS,6,6,12,0.5
bSTT,0,0,0,
bSTb,3,4,7,0.43
bSTh,0,0,0,
bSTl,2,2,4,0.5
bSTm,2,0,2,1.0
bSTn,2,2,4,0.5
bSTs,1,4,5,0.2
bSbB,18,19,37,0.49
bSbD,1,1,2,0.5
bSbH,6,8,14,0.43
bSbI,1,3,4,0.25
bSbJ,1,3,4,0.25
bSbK,1,3,4,0.25
bSbL,7,5,12,0.58
bSbM,13,18,31,0.42
bSbN,20,29,49,0.41
bSbP,30,28,58,0.52
bSbS,14,8,22,0.64
bSbb,23,19,42,0.55
bSbh,0,1,1,0.0
bSbl,11,4,15,0.73
bSbm,13,9,22,0.59
bSbn,18,23,41,0.44
bSbs,7,8,15,0.47
bShB,12,9,21,0.57
bShD,2,1,3,0.67
bShH,2,4,6,0.33
bShI,1,1,2,0.5
bShL,9,5,14,0.64
bShM,10,17,27,0.37
bShN,13,10,23,0.57
bShP,29,16,45,0.64
bShS,12,14,26,0.46
bShT,2,1,3,0.67
bShb,14,20,34,0.41
bShh,10,15,25,0.4
bShl,4,1,5,0.8
bShm,9,10,19,0.47
bShn,15,13,28,0.54
bShs,7,9,16,0.44
bSlB,8,4,12,0.67
bSlD,1,1,2,0.5
bSlH,6,9,15,0.4
bSlI,2,1,3,0.67
bSlJ,0,0,0,
bSlL,1,4,5,0.2
bSlM,6,11,17,0.35
bSlN,5,7,12,0.42
bSlP,17,12,29,0.59
bSlS,4,6,10,0.4
bSlb,14,9,23,0.61
bSll,7,6,13,0.54
bSlm,7,7,14,0.5
bSln,12,8,20,0.6
bSls,9,11,20,0.45
bSmB,22,13,35,0.63
bSmD,2,2,4,0.5
bSmH,9,13,22,0.41
bSmI,1,2,3,0.33
bSmJ,6,4,10,0.6
bSmL,5,3,8,0.62
bSmM,19,23,42,0.45
bSmN,26,21,47,0.55
bSmP,23,23,46,0.5
bSmS,14,13,27,0.52
bSmT,0,0,0,
bSmb,17,19,36,0.47
bSmh,0,0,0,
bSml,5,2,7,0.71
bSmm,18,8,26,0.69
bSmn,24,10,34,0.71
bSms,7,8,15,0.47
bSnB,12,18,30,0.4
bSnD,3,2,5,0.6
bSnH,12,13,25,0.48
bSnI,4,3,7,0.57
bSnK,3,1,4,0.75
bSnL,7,9,16,0.44
bSnM,26,22,48,0.54
bSnN,23,37,60,0.38
bSnP,30,31,61,0.49
bSnS,28,19,47,0.6
bSnb,16,27,43,0.37
bSnh,2,1,3,0.67
bSnl,9,3,12,0.75
bSnm,17,16,33,0.52
bSnn,26,20,46,0.57
bSns,23,21,44,0.52
bSsB,12,10,22,0.55
bSsD,1,4,5,0.2
bSsH,11,15,26,0.42
bSsI,3,2,5,0.6
bSsK,2,1,3,0.67
bSsL,7,3,10,0.7
bSsM,15,15,30,0.5
bSsN,22,20,42,0.52
bSsP,22,19,41,0.54
bSsS,19,25,44,0.43
bSsT,0,0,0,
bSsb,21,23,44,0.48
bSsh,1,1,2,0.5
bSsl,6,6,12,0.5
bSsm,18,10,28,0.64
bSsn,18,14,32,0.56
bSss,19,9,28,0.68
bTBb,1,0,1,1.0
bTHM,0,1,1,0.0
bTMl,1,0,1,1.0
bTPn,0,1,1,0.0
bTbN,0,1,1,0.0
bTbm,1,0,1,1.0
bTmB,0,0,0,
bbBB,29,27,56,0.52
bbBD,4,3,7,0.57
bbBH,2,0,2,1.0
bbBK,2,2,4,0.5
bbBL,16,11,27,0.59
bbBM,45,31,76,0.59
bbBN,53,43,96,0.55
bbBP,67,51,118,0.57
bbBS,26,26,52,0.5
bbBT,6,4,10,0.6
bbBb,53,53,106,0.5
bbBh,9,8,17,0.53
bbBj,15,11,26,0.58
bbBl,13,12,25,0.52
bbBm,42,29,71,0.59
bbBn,69,49,118,0.58
bbBs,30,20,50,0.6
bbDB,3,1,4,0.75
bbDD,1,0,1,1.0
bbDH,10,1,11,0.91
bbDI,1,0,1,1.0
bbDL,1,1,2,0.5
bbDM,2,4,6,0.33
bbDN,4,4,8,0.5
bbDP,3,5,8,0.38
bbDS,4,0,4,1.0
bbDT,4,0,4,1.0
bbDb,5,3,8,0.62
bbDm,5,4,9,0.56
bbDn,5,1,6,0.83
bbDs,0,3,3,0.0
bbHB,10,7,17,0.59
bbHD,1,0,1,1.0
bbHH,3,0,3,1.0
bbHK,2,0,2,1.0
bbHL,2,2,4,0.5
bbHM,11,14,25,0.44
bbHN,13,14,27,0.48
bbHP,17,17,34,0.5
bbHS,8,8,16,0.5
bbHT,0,1,1,0.0
bbHb,13,14,27,0.48
bbHh,2,3,5,0.4
bbHl,3,2,5,0.6
bbHm,9,6,15,0.6
bbHn,9,8,17,0.53
bbHs,5,5,10,0.5
bbIB,2,2,4,0.5
bbID,1,0,1,1.0
bbIH,0,1,1,0.0
bbII,1,0,1,1.0
bbIL,1,1,2,0.5
bbIM,10,7,17,0.59
bbIN,6,3,9,0.67
bbIP,6,9,15,0.4
bbIS,4,0,4,1.0
bbIb,2,5,7,0.29
bbIh,0,1,1,0.0
bbIl,3,0,3,1.0
bbIm,1,3,4,0.25
bbIn,6,4,10,0.6
bbIs,1,3,4,0.25
bbJB,4,8,12,0.33
bbJD,0,1,1,0.0
bbJH,4,5,9,0.44
bbJI,1,0,1,1.0
bbJK,0,1,1,0.0
bbJL,5,3,8,0.62
bbJM,17,9,26,0.65
bbJN,11,9,20,0.55
bbJP,16,17,33,0.48
bbJS,7,6,13,0.54
bbJT,2,2,4,0.5
bbJb,8,11,19,0.42
bbJh,0,1,1,0.0
bbJl,4,5,9,0.44
bbJm,10,7,17,0.59
bbJn,11,8,19,0.58
bbJs,6,5,11,0.55
bbKB,4,4,8,0.5
bbKD,1,0,1,1.0
bbKH,1,1,2,0.5
bbKL,0,2,2,0.0
bbKM,2,5,7,0.29
bbKN,2,1,3,0.67
bbKP,1,2,3,0.33
bbKS,2,4,6,0.33
bbKb,4,5,9,0.44
bbKh,3,2,5,0.6
bbKl,3,2,5,0.6
bbKm,3,5,8,0.38
bbKn,2,3,5,0.4
bbKs,1,3,4,0.25
bbLB,11,16,27,0.41
bbLD,4,2,6,0.67
bbLK,1,1,2,0.5
bbLL,6,7,13,0.46
bbLM,20,15,35,0.57
bbLN,18,21,39,0.46
bbLP,21,17,38,0.55
bbLS,7,8,15,0.47
bbLT,3,0,3,1.0
bbLb,13,13,26,0.5
bbLh,4,7,11,0.36
bbLj,4,3,7,0.57
bbLl,7,7,14,0.5
bbLm,14,10,24,0.58
bbLn,24,13,37,0.65
bbLs,9,9,18,0.5
bbMB,41,27,68,0.6
bbMD,3,7,10,0.3
bbMH,0,1,1,0.0
bbML,15,17,32,0.47
bbMM,52,39,91,0.57
bbMN,43,39,82,0.52
bbMP,77,57,134,0.57
bbMS,33,29,62,0.53
bbMT,3,3,6,0.5
bbMb,52,50,102,0.51
bbMh,39,38,77,0.51
bbMj,14,20,34,0.41
bbMl,17,23,40,0.42
bbMm,30,24,54,0.56
bbMn,65,56,121,0.54
bbMs,17,11,28,0.61
bbNB,49,43,92,0.53
bbND,8,4,12,0.67
bbNH,9,6,15,0.6
bbNK,4,3,7,0.57
bbNL,20,20,40,0.5
bbNM,65,54,119,0.55
bbNN,59,53,112,0.53
bbNP,76,79,155,0.49
bbNS,42,47,89,0.47
bbNT,18,5,23,0.78
bbNb,54,51,105,0.51
bbNh,26,22,48,0.54
bbNl,22,20,42,0.52
bbNm,38,32,70,0.54
bbNn,72,70,142,0.51
bbNs,30,30,60,0.5
bbPB,57,53,110,0.52
bbPD,3,3,6,0.5
bbPH,8,9,17,0.47
bbPI,4,4,8,0.5
bbPK,8,2,10,0.8
bbPL,33,22,55,0.6
bbPM,62,66,128,0.48
bbPN,57,48,105,0.54
bbPP,83,72,155,0.54
bbPS,30,29,59,0.51
bbPT,8,9,17,0.47
bbPb,69,62,131,0.53
bbPh,10,12,22,0.45
bbPl,29,21,50,0.58
bbPm,52,34,86,0.6
bbPn,75,65,140,0.54
bbPs,28,24,52,0.54
bbSB,17,8,25,0.68
bbSD,1,0,1,1.0
bbSH,4,4,8,0.5
bbSI,2,0,2,1.0
bbSL,8,7,15,0.53
bbSM,30,19,49,0.61
bbSN,20,14,34,0.59
bbSP,21,29,50,0.42
bbSS,17,10,27,0.63
bbST,4,1,5,0.8
bbSb,18,17,35,0.51
bbSh,11,10,21,0.52
bbSl,4,8,12,0.33
bbSm,18,23,41,0.44
bbSn,27,24,51,0.53
bbSs,16,17,33,0.48
bbTb,0,1,1,0.0
bbbB,36,80,116,0.31
bbbD,5,3,8,0.62
bbbH,17,8,25,0.68
bbbI,8,7,15,0.53
bbbJ,15,9,24,0.62
bbbK,1,1,2,0.5
bbbL,17,18,35,0.49
bbbM,52,60,112,0.46
bbbN,79,54,133,0.59
bbbP,80,72,152,0.53
bbbS,18,16,34,0.53
bbbb,68,68,136,0.5
bbbl,22,10,32,0.69
bbbm,32,25,57,0.56
bbbn,52,33,85,0.61
bbbs,13,14,27,0.48
bbhI,0,0,0,
bblB,11,12,23,0.48
bblD,1,1,2,0.5
bblH,8,7,15,0.53
bblI,1,2,3,0.33
bblJ,7,0,7,1.0
bblK,1,2,3,0.33
bblL,8,6,14,0.57
bblM,16,19,35,0.46
bblN,18,27,45,0.4
bblP,20,15,35,0.57
bblS,4,5,9,0.44
bblb,15,24,39,0.38
bbll,11,9,20,0.55
bblm,13,6,19,0.68
bbln,9,11,20,0.45
bbls,7,7,14,0.5
bbmB,28,26,54,0.52
bbmD,2,3,5,0.4
bbmH,22,19,41,0.54
bbmI,2,4,6,0.33
bbmJ,4,4,8,0.5
bbmK,0,0,0,
bbmL,13,12,25,0.52
bbmM,35,30,65,0.54
bbmN,33,32,65,0.51
bbmP,45,35,80,0.56
bbmS,20,15,35,0.57
bbmb,38,32,70,0.54
bbml,4,8,12,0.33
bbmm,31,11,42,0.74
bbmn,30,23,53,0.57
bbms,10,7,17,0.59
bbnB,32,37,69,0.46
bbnD,4,2,6,0.67
bbnH,16,13,29,0.55
bbnI,5,3,8,0.62
bbnK,0,3,3,0.0
bbnL,16,11,27,0.59
bbnM,54,43,97,0.56
bbnN,57,48,105,0.54
bbnP,71,53,124,0.57
bbnS,20,37,57,0.35
bbnb,49,48,97,0.51
bbnh,3,3,6,0.5
bbnl,10,15,25,0.4
bbnm,26,27,53,0.49
bbnn,48,38,86,0.56
bbns,19,28,47,0.4
bbsB,10,11,21,0.48
bbsD,0,1,1,0.0
bbsH,16,17,33,0.48
bbsI,0,2,2,0.0
bbsK,0,1,1,0.0
bbsL,12,8,20,0.6
bbsM,17,24,41,0.41
bbsN,13,13,26,0.5
bbsP,20,13,33,0.61
bbsS,9,13,22,0.41
bbsb,10,10,20,0.5
bbsh,0,2,2,0.0
bbsl,9,3,12,0.75
bbsm,19,9,28,0.68
bbsn,9,12,21,0.43
bbss,13,7,20,0.65
bhBn,0,1,1,0.0
bhBs,1,0,1,1.0
bhDn,0,1,1,0.0
bhIb,1,0,1,1.0
bhIm,0,1,1,0.0
bhLB,1,0,1,1.0
bhMB,0,0,0,
bhML,1,1,2,0.5
bhPB,0,1,1,0.0
bhPM,0,1,1,0.0
bhPP,0,1,1,0.0
bhPb,0,0,0,
bhPs,1,0,1,1.0
bhSM,0,0,0,
bhSN,1,0,1,1.0
bhSP,1,0,1,1.0
bhSS,0,1,1,0.0
bhSs,0,1,1,0.0
bhbD,0,0,0,
bhbM,0,1,1,0.0
bhbN,1,0,1,1.0
bhbS,1,0,1,1.0
bhbb,1,0,1,1.0
bhbm,1,0,1,1.0
bhhM,1,0,1,1.0
bhhm,0,0,0,
bhhs,0,1,1,0.0
bhlL,0,1,1,0.0
bhll,0,0,0,
bhmB,1,0,1,1.0
bhmL,0,1,1,0.0
bhmN,0,2,2,0.0
bhmS,1,0,1,1.0
blBB,8,12,20,0.4
blBD,2,0,2,1.0
blBK,1,2,3,0.33
blBL,3,5,8,0.38
blBM,10,9,19,0.53
blBN,11,8,19,0.58
blBP,26,20,46,0.57
blBS,3,15,18,0.17
blBT,4,3,7,0.57
blBb,17,16,33,0.52
blBh,0,2,2,0.0
blBj,4,6,10,0.4
blBl,8,6,14,0.57
blBm,11,15,26,0.42
blBn,22,22,44,0.5
blBs,6,7,13,0.46
blDB,1,0,1,1.0
blDN,0,2,2,0.0
blDP,1,0,1,1.0
blDS,1,0,1,1.0
blDb,1,2,3,0.33
blDm,2,1,3,0.67
blDn,1,1,2,0.5
blDs,2,0,2,1.0
blHB,10,7,17,0.59
blHD,1,0,1,1.0
blHH,5,2,7,0.71
blHI,1,0,1,1.0
blHK,0,0,0,
blHL,2,6,8,0.25
blHM,15,7,22,0.68
blHN,8,6,14,0.57
blHP,6,8,14,0.43
blHS,4,4,8,0.5
blHT,0,2,2,0.0
blHb,8,6,14,0.57
blHh,2,6,8,0.25
blHl,4,4,8,0.5
blHm,7,7,14,0.5
blHn,9,8,17,0.53
blHs,4,7,11,0.36
blIB,1,1,2,0.5
blIM,2,2,4,0.5
blIN,2,1,3,0.67
blIP,2,1,3,0.67
blIS,0,1,1,0.0
blIb,4,2,6,0.67
blIl,2,0,2,1.0
blIm,2,2,4,0.5
blIn,0,0,0,
blIs,1,1,2,0.5
blJB,4,0,4,1.0
blJH,3,0,3,1.0
blJI,1,0,1,1.0
blJL,3,3,6,0.5
blJM,6,3,9,0.67
blJN,4,0,4,1.0
blJP,5,1,6,0.83
blJS,2,1,3,0.67
blJT,3,0,3,1.0
blJb,3,3,6,0.5
blJh,2,0,2,1.0
blJl,1,4,5,0.2
blJm,4,0,4,1.0
blJn,3,2,5,0.6
blJs,2,2,4,0.5
blKB,1,1,2,0.5
blKK,1,1,2,0.5
blKM,1,0,1,1.0
blKP,1,1,2,0.5
blKb,0,2,2,0.0
blKh,1,1,2,0.5
blKm,0,1,1,0.0
blKn,0,1,1,0.0
blLB,6,5,11,0.55
blLL,3,4,7,0.43
blLM,4,7,11,0.36
blLN,7,8,15,0.47
blLP,8,7,15,0.53
blLS,6,4,10,0.6
blLT,0,1,1,0.0
blLb,7,3,10,0.7
blLh,2,3,5,0.4
blLj,4,1,5,0.8
blLl,2,1,3,0.67
blLm,2,6,8,0.25
blLn,12,7,19,0.63
blLs,5,4,9,0.56
blMB,14,8,22,0.64
blMD,2,1,3,0.67
blML,8,7,15,0.53
blMM,9,11,20,0.45
blMN,15,12,27,0.56
blMP,12,25,37,0.32
blMS,12,9,21,0.57
blMT,1,3,4,0.25
blMb,10,13,23,0.43
blMh,10,10,20,0.5
blMj,5,5,10,0.5
blMl,13,6,19,0.68
blMm,15,6,21,0.71
blMn,21,18,39,0.54
blMs,5,8,13,0.38
blNB,17,13,30,0.57
blND,0,1,1,0.0
blNH,1,4,5,0.2
blNL,3,10,13,0.23
blNM,22,14,36,0.61
blNN,19,16,35,0.54
blNP,30,28,58,0.52
blNS,4,9,13,0.31
blNT,3,1,4,0.75
blNb,22,20,42,0.52
blNh,8,6,14,0.57
blNl,9,6,15,0.6
blNm,15,15,30,0.5
blNn,31,23,54,0.57
blNs,8,7,15,0.53
blPB,21,19,40,0.52
blPD,0,1,1,0.0
blPH,6,5,11,0.55
blPI,3,2,5,0.6
blPK,0,1,1,0.0
blPL,12,9,21,0.57
blPM,27,23,50,0.54
blPN,18,23,41,0.44
blPP,28,35,63,0.44
blPS,15,16,31,0.48
blPT,3,1,4,0.75
blPb,22,16,38,0.58
blPh,1,0,1,1.0
blPl,11,5,16,0.69
blPm,13,11,24,0.54
blPn,23,17,40,0.57
blPs,12,14,26,0.46
blSB,9,5,14,0.64
blSD,0,0,0,
blSH,0,2,2,0.0
blSL,2,5,7,0.29
blSM,6,9,15,0.4
blSN,13,8,21,0.62
blSP,11,11,22,0.5
blSS,7,8,15,0.47
blST,3,2,5,0.6
blSb,4,9,13,0.31
blSh,4,6,10,0.4
blSl,5,2,7,0.71
blSm,6,5,11,0.55
blSn,11,6,17,0.65
blSs,9,6,15,0.6
blbB,16,14,30,0.53
blbH,2,5,7,0.29
blbI,1,1,2,0.5
blbJ,6,2,8,0.75
blbK,1,0,1,1.0
blbL,6,16,22,0.27
blbM,14,16,30,0.47
blbN,20,20,40,0.5
blbP,20,14,34,0.59
blbS,2,9,11,0.18
blbb,25,16,41,0.61
blbl,8,7,15,0.53
blbm,11,12,23,0.48
blbn,22,16,38,0.58
blbs,6,4,10,0.6
bllB,7,6,13,0.54
bllD,0,1,1,0.0
bllH,1,5,6,0.17
bllI,2,0,2,1.0
bllJ,4,1,5,0.8
bllK,0,1,1,0.0
bllL,6,2,8,0.75
bllM,3,5,8,0.38
bllN,14,4,18,0.78
bllP,6,7,13,0.46
bllS,5,1,6,0.83
bllb,8,7,15,0.53
blll,0,4,4,0.0
bllm,4,3,7,0.57
blln,3,1,4,0.75
blls,1,4,5,0.2
blmB,15,15,30,0.5
blmD,0,1,1,0.0
blmH,5,4,9,0.56
blmI,2,0,2,1.0
blmJ,2,1,3,0.67
blmL,6,7,13,0.46
blmM,10,11,21,0.48
blmN,7,9,16,0.44
blmP,15,13,28,0.54
blmS,5,4,9,0.56
blmb,9,12,21,0.43
blml,4,3,7,0.57
blmm,6,2,8,0.75
blmn,11,10,21,0.52
blms,3,3,6,0.5
blnB,6,10,16,0.38
blnD,2,0,2,1.0
blnH,6,4,10,0.6
blnI,2,2,4,0.5
blnK,1,0,1,1.0
blnL,5,5,10,0.5
blnM,7,8,15,0.47
blnN,9,11,20,0.45
blnP,21,25,46,0.46
blnS,4,5,9,0.44
blnb,13,10,23,0.57
blnh,0,1,1,0.0
blnl,3,4,7,0.43
blnm,7,13,20,0.35
blnn,9,12,21,0.43
blns,3,5,8,0.38
blsB,8,6,14,0.57
blsD,1,2,3,0.33
blsH,3,2,5,0.6
blsI,0,0,0,
blsL,5,3,8,0.62
blsM,8,6,14,0.57
blsN,13,8,21,0.62
blsP,11,4,15,0.73
blsS,7,13,20,0.35
blsb,4,7,11,0.36
blsh,0,1,1,0.0
blsl,6,1,7,0.86
blsm,4,3,7,0.57
blsn,7,4,11,0.64
blss,8,7,15,0.53
bmBB,21,22,43,0.49
bmBD,6,2,8,0.75
bmBK,3,0,3,1.0
bmBL,5,8,13,0.38
bmBM,29,23,52,0.56
bmBN,31,42,73,0.42
bmBP,44,22,66,0.67
bmBS,13,15,28,0.46
bmBT,5,2,7,0.71
bmBb,28,27,55,0.51
bmBh,1,4,5,0.2
bmBj,13,10,23,0.57
bmBl,14,12,26,0.54
bmBm,20,19,39,0.51
bmBn,53,46,99,0.54
bmBs,11,12,23,0.48
bmDB,3,4,7,0.43
bmDD,2,0,2,1.0
bmDH,0,4,4,0.0
bmDL,1,3,4,0.25
bmDM,7,7,14,0.5
bmDN,4,8,12,0.33
bmDP,4,5,9,0.44
bmDS,2,2,4,0.5
bmDT,1,0,1,1.0
bmDb,3,5,8,0.38
bmDm,4,1,5,0.8
bmDn,2,5,7,0.29
bmDs,4,1,5,0.8
bmHB,16,21,37,0.43
bmHD,1,2,3,0.33
bmHH,2,2,4,0.5
bmHI,3,3,6,0.5
bmHK,3,0,3,1.0
bmHL,9,6,15,0.6
bmHM,15,24,39,0.38
bmHN,19,16,35,0.54
bmHP,29,29,58,0.5
bmHS,13,11,24,0.54
bmHT,1,1,2,0.5
bmHb,20,19,39,0.51
bmHh,7,13,20,0.35
bmHl,10,6,16,0.62
bmHm,20,10,30,0.67
bmHn,29,19,48,0.6
bmHs,13,7,20,0.65
bmIB,3,2,5,0.6
bmIH,0,2,2,0.0
bmIL,1,1,2,0.5
bmIM,0,2,2,0.0
bmIN,4,2,6,0.67
bmIP,5,3,8,0.62
bmIS,2,0,2,1.0
bmIb,4,5,9,0.44
bmIm,1,2,3,0.33
bmIn,3,2,5,0.6
bmIs,1,0,1,1.0
bmJB,3,4,7,0.43
bmJD,1,0,1,1.0
bmJH,2,2,4,0.5
bmJK,1,1,2,0.5
bmJL,2,4,6,0.33
bmJM,1,6,7,0.14
bmJN,3,6,9,0.33
bmJP,9,5,14,0.64
bmJS,3,0,3,1.0
bmJT,3,0,3,1.0
bmJb,10,4,14,0.71
bmJh,0,1,1,0.0
bmJl,1,3,4,0.25
bmJm,3,5,8,0.38
bmJn,9,5,14,0.64
bmJs,4,2,6,0.67
bmKP,1,0,1,1.0
bmKS,0,1,1,0.0
bmKT,1,0,1,1.0
bmKb,2,0,2,1.0
bmKh,1,1,2,0.5
bmKm,1,1,2,0.5
bmKs,1,0,1,1.0
bmLB,10,5,15,0.67
bmLD,1,1,2,0.5
bmLI,1,0,1,1.0
bmLL,2,1,3,0.67
bmLM,11,11,22,0.5
bmLN,9,13,22,0.41
bmLP,20,9,29,0.69
bmLS,3,3,6,0.5
bmLT,1,2,3,0.33
bmLb,8,9,17,0.47
bmLh,6,5,11,0.55
bmLj,0,2,2,0.0
bmLl,5,2,7,0.71
bmLm,10,9,19,0.53
bmLn,15,11,26,0.58
bmLs,5,6,11,0.45
bmMB,26,19,45,0.58
bmMD,5,3,8,0.62
bmMH,1,0,1,1.0
bmML,7,9,16,0.44
bmMM,39,24,63,0.62
bmMN,31,27,58,0.53
bmMP,38,35,73,0.52
bmMS,17,18,35,0.49
bmMT,2,4,6,0.33
bmMb,21,21,42,0.5
bmMh,23,23,46,0.5
bmMj,12,6,18,0.67
bmMl,13,10,23,0.57
bmMm,29,30,59,0.49
bmMn,42,51,93,0.45
bmMs,20,9,29,0.69
bmNB,36,24,60,0.6
bmND,1,1,2,0.5
bmNH,7,8,15,0.47
bmNI,1,0,1,1.0
bmNK,0,2,2,0.0
bmNL,9,14,23,0.39
bmNM,32,27,59,0.54
bmNN,53,42,95,0.56
bmNP,51,40,91,0.56
bmNS,26,23,49,0.53
bmNT,9,2,11,0.82
bmNb,31,22,53,0.58
bmNh,9,8,17,0.53
bmNl,12,11,23,0.52
bmNm,36,27,63,0.57
bmNn,54,42,96,0.56
bmNs,23,15,38,0.61
bmPB,26,29,55,0.47
bmPD,4,1,5,0.8
bmPH,3,11,14,0.21
bmPI,2,6,8,0.25
bmPK,3,4,7,0.43
bmPL,17,17,34,0.5
bmPM,36,56,92,0.39
bmPN,41,52,93,0.44
bmPP,54,57,111,0.49
bmPS,27,21,48,0.56
bmPT,2,2,4,0.5
bmPb,43,39,82,0.52
bmPh,8,4,12,0.67
bmPl,14,9,23,0.61
bmPm,29,20,49,0.59
bmPn,39,38,77,0.51
bmPs,21,21,42,0.5
bmSB,12,11,23,0.52
bmSD,2,1,3,0.67
bmSH,5,9,14,0.36
bmSI,1,0,1,1.0
bmSK,1,0,1,1.0
bmSL,7,3,10,0.7
bmSM,15,10,25,0.6
bmSN,16,16,32,0.5
bmSP,20,17,37,0.54
bmSS,23,13,36,0.64
bmST,4,3,7,0.57
bmSb,15,15,30,0.5
bmSh,14,9,23,0.61
bmSl,10,8,18,0.56
bmSm,14,15,29,0.48
bmSn,20,20,40,0.5
bmSs,16,12,28,0.57
bmTN,1,0,1,1.0
bmTb,1,1,2,0.5
bmbB,31,37,68,0.46
bmbD,1,2,3,0.33
bmbH,5,5,10,0.5
bmbI,3,0,3,1.0
bmbJ,11,9,20,0.55
bmbK,2,3,5,0.4
bmbL,16,17,33,0.48
bmbM,35,39,74,0.47
bmbN,44,29,73,0.6
bmbP,47,44,91,0.52
bmbS,21,16,37,0.57
bmbb,46,28,74,0.62
bmbl,9,6,15,0.6
bmbm,26,17,43,0.6
bmbn,37,39,76,0.49
bmbs,11,10,21,0.52
bmhS,0,1,1,0.0
bmhm,1,0,1,1.0
bmlB,10,13,23,0.43
bmlD,2,1,3,0.67
bmlH,3,0,3,1.0
bmlI,1,3,4,0.25
bmlJ,0,5,5,0.0
bmlK,0,0,0,
bmlL,2,3,5,0.4
bmlM,5,13,18,0.28
bmlN,10,12,22,0.45
bmlP,13,6,19,0.68
bmlS,4,4,8,0.5
bmlb,14,7,21,0.67
bmll,1,3,4,0.25
bmlm,8,5,13,0.62
bmln,4,11,15,0.27
bmls,2,2,4,0.5
bmmB,33,28,61,0.54
bmmD,3,1,4,0.75
bmmH,10,15,25,0.4
bmmI,0,1,1,0.0
bmmJ,4,5,9,0.44
bmmK,2,0,2,1.0
bmmL,5,8,13,0.38
bmmM,19,22,41,0.46
bmmN,29,29,58,0.5
bmmP,20,23,43,0.47
bmmS,11,7,18,0.61
bmmb,30,19,49,0.61
bmmh,0,1,1,0.0
bmml,6,1,7,0.86
bmmm,23,18,41,0.56
bmmn,14,19,33,0.42
bmms,13,2,15,0.87
bmnB,14,24,38,0.37
bmnD,2,3,5,0.4
bmnH,12,9,21,0.57
bmnI,4,5,9,0.44
bmnK,2,2,4,0.5
bmnL,8,9,17,0.47
bmnM,22,19,41,0.54
bmnN,36,38,74,0.49
bmnP,39,39,78,0.5
bmnS,12,16,28,0.43
bmnb,28,34,62,0.45
bmnh,0,1,1,0.0
bmnl,6,7,13,0.46
bmnm,20,21,41,0.49
bmnn,22,21,43,0.51
bmns,19,18,37,0.51
bmsB,6,9,15,0.4
bmsD,3,1,4,0.75
bmsH,5,3,8,0.62
bmsI,1,1,2,0.5
bmsL,1,2,3,0.33
bmsM,14,13,27,0.52
bmsN,7,20,27,0.26
bmsP,15,12,27,0.56
bmsS,11,10,21,0.52
bmsb,10,8,18,0.56
bmsh,0,1,1,0.0
bmsl,4,2,6,0.67
bmsm,15,11,26,0.58
bmsn,10,12,22,0.45
bmss,8,8,16,0.5
bnBB,25,30,55,0.45
bnBD,2,2,4,0.5
bnBH,0,1,1,0.0
bnBK,1,3,4,0.25
bnBL,6,21,27,0.22
bnBM,23,37,60,0.38
bnBN,31,29,60,0.52
bnBP,47,27,74,0.64
bnBS,18,15,33,0.55
bnBT,4,3,7,0.57
bnBb,29,28,57,0.51
bnBh,3,5,8,0.38
bnBj,14,12,26,0.54
bnBl,8,7,15,0.53
bnBm,30,22,52,0.58
bnBn,45,40,85,0.53
bnBs,16,19,35,0.46
bnDB,2,2,4,0.5
bnDH,4,3,7,0.57
bnDI,0,0,0,
bnDL,0,1,1,0.0
bnDM,6,1,7,0.86
bnDN,2,4,6,0.33
bnDP,7,2,9,0.78
bnDS,3,4,7,0.43
bnDT,2,0,2,1.0
bnDb,5,3,8,0.62
bnDl,0,1,1,0.0
bnDm,4,2,6,0.67
bnDn,3,2,5,0.6
bnDs,4,3,7,0.57
bnHB,15,17,32,0.47
bnHD,4,2,6,0.67
bnHH,1,2,3,0.33
bnHI,2,0,2,1.0
bnHK,0,0,0,
bnHL,8,6,14,0.57
bnHM,18,16,34,0.53
bnHN,22,23,45,0.49
bnHP,27,27,54,0.5
bnHS,10,15,25,0.4
bnHT,1,2,3,0.33
bnHb,21,11,32,0.66
bnHh,8,6,14,0.57
bnHl,8,7,15,0.53
bnHm,21,12,33,0.64
bnHn,21,20,41,0.51
bnHs,10,7,17,0.59
bnIB,5,7,12,0.42
bnID,1,2,3,0.33
bnIH,4,6,10,0.4
bnIL,4,3,7,0.57
bnIM,3,4,7,0.43
bnIN,7,4,11,0.64
bnIP,8,1,9,0.89
bnIS,4,3,7,0.57
bnIT,0,0,0,
bnIb,5,3,8,0.62
bnIl,2,0,2,1.0
bnIm,5,4,9,0.56
bnIn,4,4,8,0.5
bnIs,6,4,10,0.6
bnKB,1,0,1,1.0
bnKD,2,1,3,0.67
bnKH,1,0,1,1.0
bnKI,1,0,1,1.0
bnKK,1,1,2,0.5
bnKL,3,1,4,0.75
bnKM,2,4,6,0.33
bnKN,3,6,9,0.33
bnKP,3,4,7,0.43
bnKS,0,0,0,
bnKb,2,4,6,0.33
bnKh,2,3,5,0.4
bnKl,2,2,4,0.5
bnKm,2,1,3,0.67
bnKn,2,1,3,0.67
bnKs,1,3,4,0.25
bnLB,8,5,13,0.62
bnLD,1,0,1,1.0
bnLK,0,2,2,0.0
bnLL,6,3,9,0.67
bnLM,12,13,25,0.48
bnLN,10,9,19,0.53
bnLP,11,12,23,0.48
bnLS,11,13,24,0.46
bnLT,1,0,1,1.0
bnLb,10,11,21,0.48
bnLh,4,3,7,0.57
bnLj,8,4,12,0.67
bnLl,8,5,13,0.62
bnLm,10,9,19,0.53
bnLn,18,14,32,0.56
bnLs,11,12,23,0.48
bnMB,34,29,63,0.54
bnMD,4,1,5,0.8
bnML,9,10,19,0.47
bnMM,31,28,59,0.53
bnMN,42,43,85,0.49
bnMP,42,54,96,0.44
bnMS,16,28,44,0.36
bnMT,5,3,8,0.62
bnMb,31,32,63,0.49
bnMh,23,30,53,0.43
bnMj,16,11,27,0.59
bnMl,19,13,32,0.59
bnMm,46,22,68,0.68
bnMn,60,50,110,0.55
bnMs,20,32,52,0.38
bnNB,34,31,65,0.52
bnND,2,4,6,0.33
bnNH,9,7,16,0.56
bnNI,2,1,3,0.67
bnNK,8,4,12,0.67
bnNL,12,9,21,0.57
bnNM,41,56,97,0.42
bnNN,52,49,101,0.51
bnNP,82,56,138,0.59
bnNS,48,48,96,0.5
bnNT,8,9,17,0.47
bnNb,49,47,96,0.51
bnNh,8,24,32,0.25
bnNl,19,19,38,0.5
bnNm,34,22,56,0.61
bnNn,78,62,140,0.56
bnNs,48,34,82,0.59
bnPB,46,41,87,0.53
bnPD,7,9,16,0.44
bnPH,24,19,43,0.56
bnPI,6,2,8,0.75
bnPK,6,5,11,0.55
bnPL,22,22,44,0.5
bnPM,48,66,114,0.42
bnPN,70,71,141,0.5
bnPP,118,88,206,0.57
bnPS,42,47,89,0.47
bnPT,9,15,24,0.38
bnPb,51,50,101,0.5
bnPh,8,8,16,0.5
bnPl,21,19,40,0.52
bnPm,58,39,97,0.6
bnPn,53,55,108,0.49
bnPs,27,31,58,0.47
bnSB,20,9,29,0.69
bnSD,3,0,3,1.0
bnSH,7,11,18,0.39
bnSK,0,1,1,0.0
bnSL,8,8,16,0.5
bnSM,22,30,52,0.42
bnSN,24,17,41,0.59
bnSP,30,28,58,0.52
bnSS,24,23,47,0.51
bnST,6,10,16,0.38
bnSb,17,29,46,0.37
bnSh,14,17,31,0.45
bnSl,5,8,13,0.38
bnSm,18,22,40,0.45
bnSn,26,39,65,0.4
bnSs,26,22,48,0.54
bnTB,0,0,0,
bnTm,1,0,1,1.0
bnbB,44,33,77,0.57
bnbD,6,3,9,0.67
bnbH,15,5,20,0.75
bnbI,2,2,4,0.5
bnbJ,13,13,26,0.5
bnbK,5,6,11,0.45
bnbL,13,18,31,0.42
bnbM,37,41,78,0.47
bnbN,59,63,122,0.48
bnbP,64,55,119,0.54
bnbS,23,19,42,0.55
bnbb,50,53,103,0.49
bnbh,1,0,1,1.0
bnbl,12,8,20,0.6
bnbm,25,24,49,0.51
bnbn,57,34,91,0.63
bnbs,18,16,34,0.53
bnhB,3,1,4,0.75
bnhH,0,0,0,
bnhL,2,1,3,0.67
bnhM,3,1,4,0.75
bnhN,2,3,5,0.4
bnhP,3,3,6,0.5
bnhS,3,0,3,1.0
bnhb,6,3,9,0.67
bnhh,2,1,3,0.67
bnhl,1,1,2,0.5
bnhm,0,1,1,0.0
bnhn,2,3,5,0.4
bnhs,3,0,3,1.0
bnlB,10,6,16,0.62
bnlD,1,0,1,1.0
bnlH,4,11,15,0.27
bnlI,1,1,2,0.5
bnlJ,2,1,3,0.67
bnlL,4,9,13,0.31
bnlM,16,11,27,0.59
bnlN,22,11,33,0.67
bnlP,17,22,39,0.44
bnlS,13,10,23,0.57
bnlb,17,16,33,0.52
bnll,5,6,11,0.45
bnlm,13,8,21,0.62
bnln,13,13,26,0.5
bnls,4,3,7,0.57
bnmB,23,19,42,0.55
bnmD,5,5,10,0.5
bnmH,24,18,42,0.57
bnmI,2,1,3,0.67
bnmJ,8,3,11,0.73
bnmL,11,10,21,0.52
bnmM,31,34,65,0.48
bnmN,35,35,70,0.5
bnmP,39,31,70,0.56
bnmS,19,24,43,0.44
bnmT,1,0,1,1.0
bnmb,26,22,48,0.54
bnml,8,6,14,0.57
bnmm,25,16,41,0.61
bnmn,29,22,51,0.57
bnms,10,4,14,0.71
bnnB,35,30,65,0.54
bnnD,4,5,9,0.44
bnnH,16,24,40,0.4
bnnI,9,4,13,0.69
bnnK,1,3,4,0.25
bnnL,13,6,19,0.68
bnnM,41,52,93,0.44
bnnN,56,49,105,0.53
bnnP,70,79,149,0.47
bnnS,28,33,61,0.46
bnnT,1,0,1,1.0
bnnb,42,34,76,0.55
bnnh,2,2,4,0.5
bnnl,19,14,33,0.58
bnnm,46,18,64,0.72
bnnn,49,35,84,0.58
bnns,21,21,42,0.5
bnsB,15,10,25,0.6
bnsD,3,3,6,0.5
bnsH,22,24,46,0.48
bnsI,2,2,4,0.5
bnsK,1,0,1,1.0
bnsL,10,2,12,0.83
bnsM,20,18,38,0.53
bnsN,24,13,37,0.65
bnsP,30,29,59,0.51
bnsS,26,19,45,0.58
bnsb,19,15,34,0.56
bnsh,1,1,2,0.5
bnsl,7,6,13,0.54
bnsm,31,14,45,0.69
bnsn,20,22,42,0.48
bnss,9,18,27,0.33
bsBB,8,10,18,0.44
bsBD,0,2,2,0.0
bsBL,4,9,13,0.31
bsBM,6,11,17,0.35
bsBN,14,10,24,0.58
bsBP,18,10,28,0.64
bsBS,10,8,18,0.56
bsBT,2,1,3,0.67
bsBb,17,13,30,0.57
bsBh,3,4,7,0.43
bsBj,7,7,14,0.5
bsBl,3,3,6,0.5
bsBm,17,7,24,0.71
bsBn,15,13,28,0.54
bsBs,3,8,11,0.27
bsDB,0,1,1,0.0
bsDD,1,1,2,0.5
bsDH,0,2,2,0.0
bsDL,1,0,1,1.0
bsDM,3,4,7,0.43
bsDN,2,4,6,0.33
bsDP,4,4,8,0.5
bsDS,4,2,6,0.67
bsDb,1,1,2,0.5
bsDl,1,0,1,1.0
bsDm,3,2,5,0.6
bsDn,2,1,3,0.67
bsDs,2,5,7,0.29
bsHB,17,14,31,0.55
bsHD,0,1,1,0.0
bsHH,4,1,5,0.8
bsHI,1,2,3,0.33
bsHL,6,3,9,0.67
bsHM,13,22,35,0.37
bsHN,14,11,25,0.56
bsHP,30,17,47,0.64
bsHS,17,16,33,0.52
bsHT,1,0,1,1.0
bsHb,14,15,29,0.48
bsHh,7,4,11,0.64
bsHl,10,7,17,0.59
bsHm,16,6,22,0.73
bsHn,20,22,42,0.48
bsHs,18,10,28,0.64
bsIB,2,1,3,0.67
bsID,2,0,2,1.0
bsIH,0,3,3,0.0
bsII,2,0,2,1.0
bsIL,1,2,3,0.33
bsIM,1,7,8,0.12
bsIN,2,0,2,1.0
bsIP,1,3,4,0.25
bsIS,2,2,4,0.5
bsIb,0,4,4,0.0
bsIh,0,1,1,0.0
bsIl,0,1,1,0.0
bsIm,3,5,8,0.38
bsIn,3,5,8,0.38
bsIs,1,1,2,0.5
bsKP,0,1,1,0.0
bsKS,1,0,1,1.0
bsKb,0,1,1,0.0
bsKh,1,0,1,1.0
bsKm,1,2,3,0.33
bsKn,0,1,1,0.0
bsKs,1,0,1,1.0
bsLB,9,3,12,0.75
bsLD,1,1,2,0.5
bsLH,0,1,1,0.0
bsLK,1,0,1,1.0
bsLL,0,4,4,0.0
bsLM,3,6,9,0.33
bsLN,14,10,24,0.58
bsLP,10,13,23,0.43
bsLS,6,2,8,0.75
bsLT,0,0,0,
bsLb,6,4,10,0.6
bsLh,5,4,9,0.56
bsLj,2,2,4,0.5
bsLl,3,3,6,0.5
bsLm,5,4,9,0.56
bsLn,11,8,19,0.58
bsLs,2,4,6,0.33
bsMB,15,11,26,0.58
bsMD,4,1,5,0.8
bsML,7,7,14,0.5
bsMM,16,22,38,0.42
bsMN,6,15,21,0.29
bsMP,20,20,40,0.5
bsMS,12,13,25,0.48
bsMT,1,2,3,0.33
bsMb,21,15,36,0.58
bsMh,13,18,31,0.42
bsMj,5,4,9,0.56
bsMl,9,11,20,0.45
bsMm,23,16,39,0.59
bsMn,32,14,46,0.7
bsMs,18,13,31,0.58
bsNB,17,12,29,0.59
bsND,1,2,3,0.33
bsNH,7,5,12,0.58
bsNK,3,4,7,0.43
bsNL,2,6,8,0.25
bsNM,15,18,33,0.45
bsNN,36,20,56,0.64
bsNP,30,31,61,0.49
bsNS,12,12,24,0.5
bsNT,2,3,5,0.4
bsNb,16,10,26,0.62
bsNh,2,3,5,0.4
bsNl,9,6,15,0.6
bsNm,21,17,38,0.55
bsNn,26,18,44,0.59
bsNs,15,11,26,0.58
bsPB,11,21,32,0.34
bsPD,3,2,5,0.6
bsPH,6,5,11,0.55
bsPI,5,1,6,0.83
bsPK,3,1,4,0.75
bsPL,13,14,27,0.48
bsPM,23,23,46,0.5
bsPN,21,31,52,0.4
bsPP,42,30,72,0.58
bsPS,13,17,30,0.43
bsPT,5,5,10,0.5
bsPb,26,11,37,0.7
bsPh,5,4,9,0.56
bsPl,13,9,22,0.59
bsPm,25,19,44,0.57
bsPn,26,18,44,0.59
bsPs,19,10,29,0.66
bsSB,13,9,22,0.59
bsSD,0,3,3,0.0
bsSH,7,8,15,0.47
bsSI,4,1,5,0.8
bsSK,0,0,0,
bsSL,7,15,22,0.32
bsSM,9,13,22,0.41
bsSN,16,17,33,0.48
bsSP,24,22,46,0.52
bsSS,19,17,36,0.53
bsST,3,3,6,0.5
bsSb,15,13,28,0.54
bsSh,11,13,24,0.46
bsSl,8,4,12,0.67
bsSm,18,7,25,0.72
bsSn,15,16,31,0.48
bsSs,19,23,42,0.45
bsTD,0,0,0,
bsTM,1,0,1,1.0
bsTS,1,0,1,1.0
bsTm,0,0,0,
bsTn,0,1,1,0.0
bsbB,16,13,29,0.55
bsbD,3,0,3,1.0
bsbH,4,3,7,0.57
bsbI,2,1,3,0.67
bsbJ,4,8,12,0.33
bsbK,2,3,5,0.4
bsbL,7,4,11,0.64
bsbM,14,14,28,0.5
bsbN,18,20,38,0.47
bsbP,21,24,45,0.47
bsbS,12,7,19,0.63
bsbb,21,16,37,0.57
bsbl,2,8,10,0.2
bsbm,20,9,29,0.69
bsbn,20,13,33,0.61
bsbs,6,9,15,0.4
bshB,0,0,0,
bshH,0,1,1,0.0
bshM,0,1,1,0.0
bshP,0,2,2,0.0
bshS,1,1,2,0.5
bshb,1,0,1,1.0
bshh,1,2,3,0.33
bshm,3,1,4,0.75
bshn,1,1,2,0.5
bshs,0,1,1,0.0
bslB,9,8,17,0.53
bslD,0,0,0,
bslH,2,3,5,0.4
bslI,1,0,1,1.0
bslJ,3,4,7,0.43
bslK,1,0,1,1.0
bslL,2,2,4,0.5
bslM,3,8,11,0.27
bslN,9,8,17,0.53
bslP,10,5,15,0.67
bslS,4,2,6,0.67
bslb,6,9,15,0.4
bsll,6,2,8,0.75
bslm,3,4,7,0.43
bsln,7,3,10,0.7
bsls,4,6,10,0.4
bsmB,17,14,31,0.55
bsmD,1,4,5,0.2
bsmH,10,10,20,0.5
bsmI,0,1,1,0.0
bsmJ,2,3,5,0.4
bsmL,5,5,10,0.5
bsmM,9,11,20,0.45
bsmN,16,15,31,0.52
bsmP,20,11,31,0.65
bsmS,12,13,25,0.48
bsmb,14,17,31,0.45
bsml,5,2,7,0.71
bsmm,11,12,23,0.48
bsmn,16,15,31,0.52
bsms,4,8,12,0.33
bsnB,9,11,20,0.45
bsnD,4,2,6,0.67
bsnH,2,8,10,0.2
bsnI,4,2,6,0.67
bsnK,0,0,0,
bsnL,4,6,10,0.4
bsnM,9,9,18,0.5
bsnN,20,22,42,0.48
bsnP,28,17,45,0.62
bsnS,10,11,21,0.48
bsnb,12,10,22,0.55
bsnl,7,8,15,0.47
bsnm,10,12,22,0.45
bsnn,17,15,32,0.53
bsns,16,6,22,0.73
bssB,13,11,24,0.54
bssD,1,0,1,1.0
bssH,5,15,20,0.25
bssI,4,1,5,0.8
bssK,0,1,1,0.0
bssL,5,8,13,0.38
bssM,10,12,22,0.45
bssN,18,10,28,0.64
bssP,13,17,30,0.43
bssS,15,15,30,0.5
bssb,12,13,25,0.48
bssh,1,0,1,1.0
bssl,8,3,11,0.73
bssm,12,3,15,0.8
bssn,12,6,18,0.67
bsss,12,9,21,0.57
hBBB,4,8,12,0.33
hBBD,0,2,2,0.0
hBBL,2,0,2,1.0
hBBM,8,8,16,0.5
hBBN,2,1,3,0.67
hBBP,12,6,18,0.67
hBBS,0,3,3,0.0
hBBT,0,1,1,0.0
hBBb,8,12,20,0.4
hBBh,1,1,2,0.5
hBBj,4,1,5,0.8
hBBl,2,1,3,0.67
hBBm,5,6,11,0.45
hBBn,6,13,19,0.32
hBBs,5,3,8,0.62
hBDB,1,2,3,0.33
hBDD,0,0,0,
hBDH,0,0,0,
hBDN,1,1,2,0.5
hBDP,0,1,1,0.0
hBDS,0,1,1,0.0
hBDT,1,0,1,1.0
hBDb,0,1,1,0.0
hBDm,0,1,1,0.0
hBDs,2,1,3,0.67
hBKM,0,1,1,0.0
hBKN,1,0,1,1.0
hBKP,2,2,4,0.5
hBKS,0,1,1,0.0
hBKb,2,1,3,0.67
hBKl,0,1,1,0.0
hBKm,2,1,3,0.67
hBKn,1,0,1,1.0
hBKs,0,1,1,0.0
hBLB,2,4,6,0.33
hBLL,1,0,1,1.0
hBLM,1,3,4,0.25
hBLN,1,2,3,0.33
hBLP,1,5,6,0.17
hBLS,0,1,1,0.0
hBLb,5,0,5,1.0
hBLj,1,2,3,0.33
hBLl,3,1,4,0.75
hBLm,4,1,5,0.8
hBLn,3,3,6,0.5
hBLs,1,0,1,1.0
hBMB,7,3,10,0.7
hBMD,2,0,2,1.0
hBMH,0,0,0,
hBML,2,1,3,0.67
hBMM,8,8,16,0.5
hBMN,7,7,14,0.5
hBMP,3,9,12,0.25
hBMS,4,2,6,0.67
hBMb,6,7,13,0.46
hBMh,4,3,7,0.57
hBMj,2,2,4,0.5
hBMl,2,3,5,0.4
hBMm,8,7,15,0.53
hBMn,8,8,16,0.5
hBMs,1,3,4,0.25
hBNB,3,11,14,0.21
hBND,1,0,1,1.0
hBNH,0,1,1,0.0
hBNK,1,1,2,0.5
hBNL,2,5,7,0.29
hBNM,5,6,11,0.45
hBNN,3,6,9,0.33
hBNP,9,4,13,0.69
hBNS,5,6,11,0.45
hBNT,4,2,6,0.67
hBNb,3,11,14,0.21
hBNh,5,3,8,0.62
hBNl,1,3,4,0.25
hBNm,3,8,11,0.27
hBNn,13,5,18,0.72
hBNs,4,2,6,0.67
hBPB,8,7,15,0.53
hBPD,1,2,3,0.33
hBPH,1,2,3,0.33
hBPI,2,1,3,0.67
hBPK,0,1,1,0.0
hBPL,1,1,2,0.5
hBPM,9,11,20,0.45
hBPN,8,4,12,0.67
hBPP,13,13,26,0.5
hBPS,3,7,10,0.3
hBPT,0,1,1,0.0
hBPb,9,9,18,0.5
hBPh,1,0,1,1.0
hBPl,5,2,7,0.71
hBPm,9,7,16,0.56
hBPn,5,9,14,0.36
hBPs,7,4,11,0.64
hBSB,3,0,3,1.0
hBSD,0,0,0,
hBSH,1,2,3,0.33
hBSL,1,2,3,0.33
hBSM,4,3,7,0.57
hBSN,3,3,6,0.5
hBSP,8,7,15,0.53
hBSS,6,5,11,0.55
hBST,1,0,1,1.0
hBSb,2,4,6,0.33
hBSh,2,1,3,0.67
hBSl,0,2,2,0.0
hBSm,5,1,6,0.83
hBSn,6,5,11,0.55
hBSs,1,1,2,0.5
hBTB,1,0,1,1.0
hBTH,1,1,2,0.5
hBTM,1,0,1,1.0
hBTN,2,0,2,1.0
hBTP,2,0,2,1.0
hBTS,1,1,2,0.5
hBTb,1,2,3,0.33
hBTl,0,1,1,0.0
hBTn,1,1,2,0.5
hBTs,0,1,1,0.0
hBbB,4,7,11,0.36
hBbH,2,1,3,0.67
hBbI,1,0,1,1.0
hBbJ,1,2,3,0.33
hBbK,0,2,2,0.0
hBbL,6,2,8,0.75
hBbM,11,7,18,0.61
hBbN,5,11,16,0.31
hBbP,14,11,25,0.56
hBbS,5,3,8,0.62
hBbb,4,4,8,0.5
hBbl,2,4,6,0.33
hBbm,4,5,9,0.44
hBbn,7,13,20,0.35
hBbs,3,7,10,0.3
hBhB,1,1,2,0.5
hBhM,1,1,2,0.5
hBhN,0,1,1,0.0
hBhP,1,2,3,0.33
hBhS,0,1,1,0.0
hBhb,1,2,3,0.33
hBhl,1,1,2,0.5
hBhm,2,1,3,0.67
hBhn,0,1,1,0.0
hBhs,0,2,2,0.0
hBjB,1,2,3,0.33
hBjH,2,0,2,1.0
hBjI,1,0,1,1.0
hBjK,2,0,2,1.0
hBjL,0,2,2,0.0
hBjM,4,4,8,0.5
hBjN,2,3,5,0.4
hBjP,3,3,6,0.5
hBjS,3,4,7,0.43
hBjT,1,0,1,1.0
hBjb,5,1,6,0.83
hBjh,1,3,4,0.25
hBjm,2,0,2,1.0
hBjn,1,3,4,0.25
hBjs,1,2,3,0.33
hBlB,1,0,1,1.0
hBlD,1,0,1,1.0
hBlH,1,5,6,0.17
hBlJ,1,2,3,0.33
hBlL,0,1,1,0.0
hBlM,1,2,3,0.33
hBlN,2,4,6,0.33
hBlP,2,1,3,0.67
hBlS,4,0,4,1.0
hBlb,1,3,4,0.25
hBll,1,2,3,0.33
hBlm,1,0,1,1.0
hBln,2,1,3,0.67
hBls,0,1,1,0.0
hBmB,5,2,7,0.71
hBmD,1,1,2,0.5
hBmH,6,6,12,0.5
hBmI,1,0,1,1.0
hBmJ,3,0,3,1.0
hBmL,0,1,1,0.0
hBmM,6,7,13,0.46
hBmN,12,5,17,0.71
hBmP,6,12,18,0.33
hBmS,2,1,3,0.67
hBmb,5,5,10,0.5
hBml,7,3,10,0.7
hBmm,8,9,17,0.47
hBmn,11,3,14,0.79
hBms,0,2,2,0.0
hBnB,8,4,12,0.67
hBnH,3,3,6,0.5
hBnK,1,2,3,0.33
hBnL,5,4,9,0.56
hBnM,7,9,16,0.44
hBnN,6,9,15,0.4
hBnP,15,17,32,0.47
hBnS,3,9,12,0.25
hBnb,8,4,12,0.67
hBnh,1,0,1,1.0
hBnl,4,6,10,0.4
hBnm,7,9,16,0.44
hBnn,8,5,13,0.62
hBns,9,5,14,0.64
hBsB,4,4,8,0.5
hBsD,1,0,1,1.0
hBsH,1,2,3,0.33
hBsI,2,0,2,1.0
hBsL,1,4,5,0.2
hBsM,1,3,4,0.25
hBsN,5,0,5,1.0
hBsP,5,3,8,0.62
hBsS,5,4,9,0.56
hBsb,4,2,6,0.67
hBsh,1,1,2,0.5
hBsl,1,1,2,0.5
hBsm,2,2,4,0.5
hBsn,4,1,5,0.8
hBss,0,7,7,0.0
hDBB,0,1,1,0.0
hDBM,1,0,1,1.0
hDBP,1,0,1,1.0
hDBS,0,1,1,0.0
hDBb,0,0,0,
hDBl,1,0,1,1.0
hDBm,1,0,1,1.0
hDBn,1,1,2,0.5
hDDH,1,0,1,1.0
hDDN,0,1,1,0.0
hDDT,0,0,0,
hDDn,1,0,1,1.0
hDDs,0,0,0,
hDHM,1,2,3,0.33
hDHN,0,1,1,0.0
hDHT,1,0,1,1.0
hDHb,2,1,3,0.67
hDHh,2,0,2,1.0
hDHm,1,0,1,1.0
hDHn,2,2,4,0.5
hDHs,1,0,1,1.0
hDIL,0,1,1,0.0
hDIm,0,1,1,0.0
hDLB,1,0,1,1.0
hDLM,1,0,1,1.0
hDLP,1,0,1,1.0
hDLS,0,1,1,0.0
hDLb,0,1,1,0.0
hDLh,0,1,1,0.0
hDLn,0,1,1,0.0
hDLs,1,0,1,1.0
hDMB,2,0,2,1.0
hDMM,1,0,1,1.0
hDMN,1,2,3,0.33
hDMS,0,0,0,
hDMb,2,1,3,0.67
hDMj,1,0,1,1.0
hDMm,3,1,4,0.75
hDMn,3,3,6,0.5
hDMs,1,1,2,0.5
hDNB,1,0,1,1.0
hDNH,0,1,1,0.0
hDNM,1,0,1,1.0
hDNN,1,0,1,1.0
hDNP,0,1,1,0.0
hDNS,1,0,1,1.0
hDNb,1,0,1,1.0
hDNm,1,1,2,0.5
hDNn,0,1,1,0.0
hDNs,0,0,0,
hDPH,1,0,1,1.0
hDPI,0,0,0,
hDPK,0,1,1,0.0
hDPL,1,0,1,1.0
hDPM,0,1,1,0.0
hDPN,0,3,3,0.0
hDPP,2,0,2,1.0
hDPS,0,1,1,0.0
hDPT,0,0,0,
hDPb,1,2,3,0.33
hDPl,0,2,2,0.0
hDPm,1,3,4,0.25
hDPn,2,0,2,1.0
hDPs,1,2,3,0.33
hDSD,0,2,2,0.0
hDSH,1,0,1,1.0
hDSM,1,1,2,0.5
hDSN,1,0,1,1.0
hDSS,2,0,2,1.0
hDSb,0,0,0,
hDSh,0,1,1,0.0
hDSm,1,1,2,0.5
hDSn,0,1,1,0.0
hDSs,1,0,1,1.0
hDTs,0,0,0,
hDbB,1,1,2,0.5
hDbD,0,1,1,0.0
hDbI,0,0,0,
hDbL,1,0,1,1.0
hDbM,2,0,2,1.0
hDbN,3,0,3,1.0
hDbP,1,2,3,0.33
hDbS,1,0,1,1.0
hDbb,1,0,1,1.0
hDbl,0,1,1,0.0
hDbm,1,0,1,1.0
hDbn,0,2,2,0.0
hDhH,1,0,1,1.0
hDhm,1,0,1,1.0
hDlB,1,0,1,1.0
hDlH,1,0,1,1.0
hDlN,1,0,1,1.0
hDlS,0,1,1,0.0
hDlb,0,1,1,0.0
hDlm,0,1,1,0.0
hDln,0,0,0,
hDmB,0,2,2,0.0
hDmD,0,1,1,0.0
hDmH,1,2,3,0.33
hDmL,0,1,1,0.0
hDmM,1,0,1,1.0
hDmN,1,2,3,0.33
hDmP,0,0,0,
hDmS,1,1,2,0.5
hDmb,2,1,3,0.67
hDml,0,1,1,0.0
hDmm,0,2,2,0.0
hDmn,2,0,2,1.0
hDms,0,1,1,0.0
hDnB,1,0,1,1.0
hDnL,1,0,1,1.0
hDnM,0,2,2,0.0
hDnN,0,1,1,0.0
hDnP,2,0,2,1.0
hDnS,1,0,1,1.0
hDnb,0,1,1,0.0
hDnl,0,0,0,
hDnm,0,2,2,0.0
hDnn,2,0,2,1.0
hDns,1,0,1,1.0
hDsD,0,1,1,0.0
hDsH,0,1,1,0.0
hDsI,1,0,1,1.0
hDsL,1,0,1,1.0
hDsM,1,2,3,0.33
hDsN,0,1,1,0.0
hDsP,0,1,1,0.0
hDsS,2,0,2,1.0
hDsm,0,1,1,0.0
hDsn,0,5,5,0.0
hHBB,0,1,1,0.0
hHBK,0,0,0,
hHBL,0,1,1,0.0
hHBM,1,1,2,0.5
hHBN,1,1,2,0.5
hHBP,2,1,3,0.67
hHBS,1,2,3,0.33
hHBb,2,1,3,0.67
hHBj,4,0,4,1.0
hHBl,0,1,1,0.0
hHBm,0,1,1,0.0
hHBn,3,1,4,0.75
hHDD,2,0,2,1.0
hHDS,1,0,1,1.0
hHDb,1,0,1,1.0
hHHD,0,1,1,0.0
hHHH,1,0,1,1.0
hHHK,1,0,1,1.0
hHHM,2,0,2,1.0
hHHN,0,1,1,0.0
hHHP,1,0,1,1.0
hHHS,1,1,2,0.5
hHHb,0,1,1,0.0
hHHh,0,0,0,
hHHn,2,0,2,1.0
hHHs,0,1,1,0.0
hHIL,0,0,0,
hHIM,0,0,0,
hHIb,0,1,1,0.0
hHIn,0,1,1,0.0
hHKB,1,0,1,1.0
hHKP,1,0,1,1.0
hHKb,1,0,1,1.0
hHKn,0,1,1,0.0
hHKs,0,1,1,0.0
hHLB,1,0,1,1.0
hHLL,0,1,1,0.0
hHLM,0,1,1,0.0
hHLP,0,0,0,
hHLS,1,0,1,1.0
hHLb,0,0,0,
hHLj,1,0,1,1.0
hHMB,1,0,1,1.0
hHML,0,1,1,0.0
hHMM,3,1,4,0.75
hHMN,3,1,4,0.75
hHMP,0,3,3,0.0
hHMS,0,3,3,0.0
hHMb,2,2,4,0.5
hHMh,0,1,1,0.0
hHMj,1,2,3,0.33
hHMl,1,1,2,0.5
hHMm,2,1,3,0.67
hHMn,1,3,4,0.25
hHMs,2,1,3,0.67
hHNB,4,3,7,0.57
hHNM,2,0,2,1.0
hHNN,4,3,7,0.57
hHNP,2,0,2,1.0
hHNS,1,1,2,0.5
hHNb,1,2,3,0.33
hHNh,1,1,2,0.5
hHNl,1,0,1,1.0
hHNm,3,1,4,0.75
hHNn,3,1,4,0.75
hHNs,2,2,4,0.5
hHPB,1,1,2,0.5
hHPH,1,1,2,0.5
hHPI,1,0,1,1.0
hHPK,0,1,1,0.0
hHPL,3,1,4,0.75
hHPM,5,1,6,0.83
hHPN,2,6,8,0.25
hHPP,2,5,7,0.29
hHPS,5,3,8,0.62
hHPT,0,0,0,
hHPb,1,1,2,0.5
hHPh,1,0,1,1.0
hHPl,2,1,3,0.67
hHPm,1,2,3,0.33
hHPn,3,4,7,0.43
hHPs,4,2,6,0.67
hHSB,1,1,2,0.5
hHSD,0,0,0,
hHSH,0,0,0,
hHSM,3,2,5,0.6
hHSN,2,2,4,0.5
hHSP,2,3,5,0.4
hHSS,5,3,8,0.62
hHSb,2,4,6,0.33
hHSh,0,3,3,0.0
hHSl,1,1,2,0.5
hHSm,3,2,5,0.6
hHSn,0,1,1,0.0
hHSs,2,2,4,0.5
hHTH,1,0,1,1.0
hHTM,0,1,1,0.0
hHbB,4,2,6,0.67
hHbJ,0,1,1,0.0
hHbK,1,0,1,1.0
hHbL,1,1,2,0.5
hHbM,2,0,2,1.0
hHbN,4,3,7,0.57
hHbP,3,3,6,0.5
hHbS,1,3,4,0.25
hHbb,3,0,3,1.0
hHbm,2,3,5,0.4
hHbn,1,2,3,0.33
hHbs,2,0,2,1.0
hHhH,1,0,1,1.0
hHhL,0,0,0,
hHhM,1,0,1,1.0
hHhN,4,2,6,0.67
hHhP,0,2,2,0.0
hHhS,1,2,3,0.33
hHhb,1,1,2,0.5
hHhh,1,1,2,0.5
hHhl,0,1,1,0.0
hHhm,1,0,1,1.0
hHhn,1,1,2,0.5
hHhs,0,1,1,0.0
hHlB,2,1,3,0.67
hHlD,0,1,1,0.0
hHlH,1,0,1,1.0
hHlK,0,1,1,0.0
hHlL,0,1,1,0.0
hHlM,2,0,2,1.0
hHlN,2,1,3,0.67
hHlP,2,1,3,0.67
hHlS,1,0,1,1.0
hHlb,0,1,1,0.0
hHll,2,0,2,1.0
hHlm,0,2,2,0.0
hHln,1,0,1,1.0
hHls,0,1,1,0.0
hHmB,1,1,2,0.5
hHmH,2,1,3,0.67
hHmJ,0,1,1,0.0
hHmM,4,3,7,0.57
hHmN,4,1,5,0.8
hHmP,0,1,1,0.0
hHmS,1,3,4,0.25
hHmb,0,1,1,0.0
hHml,1,0,1,1.0
hHmm,1,3,4,0.25
hHmn,0,1,1,0.0
hHms,2,1,3,0.67
hHnB,2,1,3,0.67
hHnH,3,0,3,1.0
hHnI,2,0,2,1.0
hHnM,1,3,4,0.25
hHnN,1,2,3,0.33
hHnP,1,3,4,0.25
hHnS,3,2,5,0.6
hHnb,4,4,8,0.5
hHnh,0,1,1,0.0
hHnl,2,0,2,1.0
hHnm,1,3,4,0.25
hHnn,1,5,6,0.17
hHns,2,0,2,1.0
hHsB,2,1,3,0.67
hHsH,0,3,3,0.0
hHsI,1,1,2,0.5
hHsM,2,3,5,0.4
hHsN,5,1,6,0.83
hHsP,4,2,6,0.67
hHsS,0,3,3,0.0
hHsb,2,5,7,0.29
hHsl,2,1,3,0.67
hHsm,0,1,1,0.0
hHsn,5,3,8,0.62
hHss,2,0,2,1.0
hIBB,0,1,1,0.0
hIBS,1,1,2,0.5
hIBj,1,0,1,1.0
hIBn,0,1,1,0.0
hIBs,1,0,1,1.0
hIDM,0,1,1,0.0
hIDN,1,0,1,1.0
hIHD,0,1,1,0.0
hIHH,1,0,1,1.0
hIHK,1,0,1,1.0
hIHL,0,1,1,0.0
hIHM,1,0,1,1.0
hIHP,2,0,2,1.0
hIHS,2,1,3,0.67
hIHb,2,0,2,1.0
hIHm,2,0,2,1.0
hIHs,0,0,0,
hIIS,1,0,1,1.0
hIIm,1,0,1,1.0
hIIn,0,1,1,0.0
hIKN,1,0,1,1.0
hILB,0,1,1,0.0
hILS,0,0,0,
hILh,0,0,0,
hILl,1,0,1,1.0
hILn,1,0,1,1.0
hIMB,1,1,2,0.5
hIML,0,1,1,0.0
hIMM,0,0,0,
hIMS,1,0,1,1.0
hIMb,1,0,1,1.0
hIMh,1,0,1,1.0
hIMl,1,0,1,1.0
hIMm,3,1,4,0.75
hIMn,3,0,3,1.0
hIMs,1,0,1,1.0
hINB,0,1,1,0.0
hINK,0,1,1,0.0
hINM,1,0,1,1.0
hINN,1,1,2,0.5
hINP,0,1,1,0.0
hINS,1,0,1,1.0
hINb,1,2,3,0.33
hINh,1,0,1,1.0
hINs,0,1,1,0.0
hIPB,1,1,2,0.5
hIPH,1,0,1,1.0
hIPM,0,1,1,0.0
hIPN,3,1,4,0.75
hIPP,2,1,3,0.67
hIPS,0,0,0,
hIPT,1,0,1,1.0
hIPb,2,0,2,1.0
hIPh,0,1,1,0.0
hIPl,0,0,0,
hIPm,0,2,2,0.0
hIPn,1,1,2,0.5
hISB,0,1,1,0.0
hISM,2,0,2,1.0
hISN,1,0,1,1.0
hISP,0,1,1,0.0
hISS,1,1,2,0.5
hISl,0,1,1,0.0
hISm,0,1,1,0.0
hITP,0,0,0,
hITS,0,0,0,
hIbN,1,0,1,1.0
hIbS,1,0,1,1.0
hIbb,1,0,1,1.0
hIbl,0,2,2,0.0
hIbs,1,1,2,0.5
hIhL,0,1,1,0.0
hIlH,0,1,1,0.0
hIlL,1,0,1,1.0
hIlb,0,1,1,0.0
hIlm,2,0,2,1.0
hImB,0,1,1,0.0
hImD,1,0,1,1.0
hImH,0,1,1,0.0
hImb,2,0,2,1.0
hImm,2,0,2,1.0
hImn,1,0,1,1.0
hIms,0,1,1,0.0
hInB,1,1,2,0.5
hInD,1,0,1,1.0
hInM,1,1,2,0.5
hInN,1,2,3,0.33
hInP,1,0,1,1.0
hInS,1,0,1,1.0
hInb,1,0,1,1.0
hInm,1,1,2,0.5
hInn,1,0,1,1.0
hIsB,0,0,0,
hIsL,0,1,1,0.0
hIsM,1,0,1,1.0
hIsN,0,1,1,0.0
hIsP,0,0,0,
hIsS,1,0,1,1.0
hIsb,1,0,1,1.0
hIsl,2,0,2,1.0
hIsm,0,0,0,
hIsn,0,1,1,0.0
hIss,0,2,2,0.0
hKBj,0,2,2,0.0
hKBs,1,0,1,1.0
hKDB,0,1,1,0.0
hKDb,0,1,1,0.0
hKIH,0,1,1,0.0
hKLB,0,1,1,0.0
hKLS,0,1,1,0.0
hKLb,1,1,2,0.5
hKLn,0,1,1,0.0
hKLs,0,0,0,
hKMB,0,0,0,
hKMN,0,1,1,0.0
hKMb,1,2,3,0.33
hKMm,1,0,1,1.0
hKNB,1,0,1,1.0
hKNM,1,0,1,1.0
hKNS,0,1,1,0.0
hKNl,1,0,1,1.0
hKNm,0,1,1,0.0
hKPI,0,0,0,
hKPP,1,0,1,1.0
hKSP,2,0,2,1.0
hKSS,1,0,1,1.0
hKSb,0,0,0,
hKSh,0,0,0,
hKSn,0,0,0,
hKTN,0,1,1,0.0
hKTT,1,0,1,1.0
hKbH,1,0,1,1.0
hKbn,1,0,1,1.0
hKhP,0,1,1,0.0
hKhh,1,0,1,1.0
hKhl,1,0,1,1.0
hKhn,0,2,2,0.0
hKlJ,0,1,1,0.0
hKlK,0,1,1,0.0
hKlM,1,0,1,1.0
hKmB,0,1,1,0.0
hKmN,0,0,0,
hKmb,0,1,1,0.0
hKms,1,0,1,1.0
hKnL,1,0,1,1.0
hKnb,1,0,1,1.0
hKnm,1,0,1,1.0
hKsH,1,1,2,0.5
hKsM,1,0,1,1.0
hKsP,2,1,3,0.67
hKsb,1,0,1,1.0
hKsn,0,1,1,0.0
hKss,0,1,1,0.0
hLBB,5,4,9,0.56
hLBD,0,1,1,0.0
hLBL,1,0,1,1.0
hLBM,1,2,3,0.33
hLBN,4,4,8,0.5
hLBP,4,4,8,0.5
hLBS,0,2,2,0.0
hLBb,3,1,4,0.75
hLBh,0,1,1,0.0
hLBj,0,3,3,0.0
hLBl,1,2,3,0.33
hLBm,2,1,3,0.67
hLBn,3,2,5,0.6
hLBs,1,2,3,0.33
hLDB,0,1,1,0.0
hLDL,1,0,1,1.0
hLDm,0,1,1,0.0
hLHP,0,1,1,0.0
hLHS,0,1,1,0.0
hLID,0,0,0,
hLKb,1,0,1,1.0
hLKm,1,0,1,1.0
hLKs,1,0,1,1.0
hLLB,0,1,1,0.0
hLLD,1,1,2,0.5
hLLL,1,0,1,1.0
hLLM,2,1,3,0.67
hLLN,1,1,2,0.5
hLLP,3,2,5,0.6
hLLb,2,3,5,0.4
hLLl,2,1,3,0.67
hLLm,1,1,2,0.5
hLLn,5,4,9,0.56
hLMB,3,3,6,0.5
hLMD,0,1,1,0.0
hLMK,1,0,1,1.0
hLML,4,4,8,0.5
hLMM,3,4,7,0.43
hLMN,1,3,4,0.25
hLMP,5,6,11,0.45
hLMS,1,2,3,0.33
hLMT,1,1,2,0.5
hLMb,4,3,7,0.57
hLMh,2,3,5,0.4
hLMj,1,0,1,1.0
hLMl,0,0,0,
hLMm,5,3,8,0.62
hLMn,3,4,7,0.43
hLMs,1,3,4,0.25
hLNB,3,2,5,0.6
hLND,0,0,0,
hLNH,1,0,1,1.0
hLNL,2,0,2,1.0
hLNM,2,3,5,0.4
hLNN,0,2,2,0.0
hLNP,3,6,9,0.33
hLNS,1,3,4,0.25
hLNT,1,0,1,1.0
hLNb,4,2,6,0.67
hLNh,3,0,3,1.0
hLNl,4,0,4,1.0
hLNm,3,0,3,1.0
hLNn,6,5,11,0.55
hLNs,1,1,2,0.5
hLPB,5,2,7,0.71
hLPD,1,0,1,1.0
hLPH,1,0,1,1.0
hLPK,0,1,1,0.0
hLPL,5,1,6,0.83
hLPM,2,3,5,0.4
hLPN,6,3,9,0.67
hLPP,3,5,8,0.38
hLPS,2,4,6,0.33
hLPT,3,0,3,1.0
hLPb,2,3,5,0.4
hLPh,0,1,1,0.0
hLPl,1,3,4,0.25
hLPm,4,4,8,0.5
hLPn,3,6,9,0.33
hLPs,2,3,5,0.4
hLSB,2,1,3,0.67
hLSD,0,0,0,
hLSM,0,2,2,0.0
hLSN,0,1,1,0.0
hLSP,4,1,5,0.8
hLSS,2,3,5,0.4
hLST,1,2,3,0.33
hLSb,1,3,4,0.25
hLSh,1,2,3,0.33
hLSl,1,2,3,0.33
hLSm,2,1,3,0.67
hLSn,3,0,3,1.0
hLSs,3,1,4,0.75
hLTB,0,3,3,0.0
hLTH,1,0,1,1.0
hLTL,0,1,1,0.0
hLTP,1,0,1,1.0
hLTm,1,0,1,1.0
hLTs,0,1,1,0.0
hLbB,9,4,13,0.69
hLbJ,0,2,2,0.0
hLbK,2,1,3,0.67
hLbL,1,0,1,1.0
hLbM,3,3,6,0.5
hLbN,6,6,12,0.5
hLbP,1,4,5,0.2
hLbS,1,4,5,0.2
hLbb,3,5,8,0.38
hLbl,2,2,4,0.5
hLbm,1,1,2,0.5
hLbn,1,4,5,0.2
hLbs,4,3,7,0.57
hLhB,1,0,1,1.0
hLhI,0,1,1,0.0
hLhL,0,0,0,
hLhM,2,1,3,0.67
hLhN,2,0,2,1.0
hLhP,2,3,5,0.4
hLhS,2,1,3,0.67
hLhT,0,2,2,0.0
hLhb,3,1,4,0.75
hLhh,1,2,3,0.33
hLhl,1,1,2,0.5
hLhm,2,1,3,0.67
hLhn,2,3,5,0.4
hLhs,1,4,5,0.2
hLjB,0,1,1,0.0
hLjH,1,0,1,1.0
hLjL,1,1,2,0.5
hLjM,1,2,3,0.33
hLjN,1,0,1,1.0
hLjP,3,2,5,0.6
hLjb,1,0,1,1.0
hLjl,0,1,1,0.0
hLjm,0,2,2,0.0
hLjn,1,1,2,0.5
hLjs,1,1,2,0.5
hLlB,4,1,5,0.8
hLlH,2,1,3,0.67
hLlI,1,0,1,1.0
hLlJ,1,1,2,0.5
hLlK,0,0,0,
hLlL,0,2,2,0.0
hLlM,0,1,1,0.0
hLlN,1,1,2,0.5
hLlP,1,1,2,0.5
hLlS,0,1,1,0.0
hLlb,2,3,5,0.4
hLll,1,2,3,0.33
hLlm,1,0,1,1.0
hLls,0,2,2,0.0
hLmB,1,4,5,0.2
hLmH,1,1,2,0.5
hLmJ,0,2,2,0.0
hLmK,1,0,1,1.0
hLmL,1,0,1,1.0
hLmM,2,3,5,0.4
hLmN,1,4,5,0.2
hLmP,3,4,7,0.43
hLmS,3,2,5,0.6
hLmb,3,3,6,0.5
hLml,1,1,2,0.5
hLmm,5,3,8,0.62
hLmn,2,3,5,0.4
hLms,2,4,6,0.33
hLnB,1,6,7,0.14
hLnH,3,1,4,0.75
hLnI,1,1,2,0.5
hLnK,1,0,1,1.0
hLnL,4,1,5,0.8
hLnM,7,2,9,0.78
hLnN,9,2,11,0.82
hLnP,5,3,8,0.62
hLnS,2,6,8,0.25
hLnb,3,2,5,0.6
hLnl,0,3,3,0.0
hLnm,7,3,10,0.7
hLnn,3,2,5,0.6
hLns,4,5,9,0.44
hLsB,0,1,1,0.0
hLsH,2,1,3,0.67
hLsI,1,0,1,1.0
hLsL,1,0,1,1.0
hLsM,2,1,3,0.67
hLsN,3,5,8,0.38
hLsP,4,4,8,0.5
hLsS,4,1,5,0.8
hLsl,1,1,2,0.5
hLsm,3,0,3,1.0
hLsn,3,2,5,0.6
hLss,2,1,3,0.67
hMBB,8,6,14,0.57
hMBD,1,0,1,1.0
hMBK,1,0,1,1.0
hMBL,1,3,4,0.25
hMBM,7,10,17,0.41
hMBN,2,12,14,0.14
hMBP,14,15,29,0.48
hMBS,2,3,5,0.4
hMBT,1,2,3,0.33
hMBb,6,10,16,0.38
hMBh,1,1,2,0.5
hMBj,3,2,5,0.6
hMBl,2,2,4,0.5
hMBm,11,3,14,0.79
hMBn,4,9,13,0.31
hMBs,0,3,3,0.0
hMDB,0,1,1,0.0
hMDD,0,0,0,
hMDH,0,1,1,0.0
hMDL,1,0,1,1.0
hMDM,0,1,1,0.0
hMDN,1,0,1,1.0
hMDP,3,1,4,0.75
hMDS,5,1,6,0.83
hMDb,2,2,4,0.5
hMDl,0,1,1,0.0
hMDm,2,2,4,0.5
hMHH,0,0,0,
hMHP,1,0,1,1.0
hMHS,0,1,1,0.0
hMHn,0,0,0,
hMIP,0,0,0,
hMIl,1,0,1,1.0
hMKP,0,1,1,0.0
hMKS,0,0,0,
hMKn,0,1,1,0.0
hMLB,7,2,9,0.78
hMLD,0,1,1,0.0
hMLK,3,0,3,1.0
hMLL,1,0,1,1.0
hMLM,4,4,8,0.5
hMLN,2,2,4,0.5
hMLP,5,2,7,0.71
hMLS,1,3,4,0.25
hMLT,1,0,1,1.0
hMLb,1,2,3,0.33
hMLh,3,1,4,0.75
hMLl,3,1,4,0.75
hMLm,2,3,5,0.4
hMLn,5,0,5,1.0
hMLs,1,2,3,0.33
hMMB,10,8,18,0.56
hMMD,2,0,2,1.0
hMMH,0,0,0,
hMML,5,2,7,0.71
hMMM,8,10,18,0.44
hMMN,10,5,15,0.67
hMMP,10,11,21,0.48
hMMS,3,7,10,0.3
hMMT,1,1,2,0.5
hMMb,7,17,24,0.29
hMMh,5,2,7,0.71
hMMj,1,3,4,0.25
hMMl,6,3,9,0.67
hMMm,8,11,19,0.42
hMMn,6,8,14,0.43
hMMs,9,8,17,0.53
hMNB,5,4,9,0.56
hMND,2,0,2,1.0
hMNH,0,2,2,0.0
hMNK,0,2,2,0.0
hMNL,3,4,7,0.43
hMNM,6,10,16,0.38
hMNN,4,6,10,0.4
hMNP,9,14,23,0.39
hMNS,8,4,12,0.67
hMNT,1,0,1,1.0
hMNb,11,7,18,0.61
hMNh,2,2,4,0.5
hMNl,2,2,4,0.5
hMNm,9,4,13,0.69
hMNn,15,6,21,0.71
hMNs,3,11,14,0.21
hMPB,9,9,18,0.5
hMPD,1,0,1,1.0
hMPH,2,3,5,0.4
hMPI,2,1,3,0.67
hMPK,0,2,2,0.0
hMPL,6,4,10,0.6
hMPM,12,17,29,0.41
hMPN,8,16,24,0.33
hMPP,17,15,32,0.53
hMPS,9,6,15,0.6
hMPT,0,0,0,
hMPb,19,12,31,0.61
hMPh,0,1,1,0.0
hMPl,5,4,9,0.56
hMPm,12,9,21,0.57
hMPn,14,15,29,0.48
hMPs,10,6,16,0.62
hMSB,5,3,8,0.62
hMSD,1,1,2,0.5
hMSH,1,3,4,0.25
hMSL,1,0,1,1.0
hMSM,3,6,9,0.33
hMSN,5,4,9,0.56
hMSP,5,7,12,0.42
hMSS,5,6,11,0.45
hMST,0,3,3,0.0
hMSb,7,7,14,0.5
hMSh,4,3,7,0.57
hMSl,3,7,10,0.3
hMSm,7,5,12,0.58
hMSn,7,9,16,0.44
hMSs,6,4,10,0.6
hMTH,1,1,2,0.5
hMTK,0,0,0,
hMTN,2,1,3,0.67
hMTP,1,0,1,1.0
hMTS,1,1,2,0.5
hMTb,1,2,3,0.33
hMbB,6,7,13,0.46
hMbD,1,0,1,1.0
hMbH,1,7,8,0.12
hMbI,0,1,1,0.0
hMbJ,4,4,8,0.5
hMbK,2,2,4,0.5
hMbL,5,1,6,0.83
hMbM,11,14,25,0.44
hMbN,10,10,20,0.5
hMbP,15,18,33,0.45
hMbS,6,5,11,0.55
hMbb,5,9,14,0.36
hMbl,3,4,7,0.43
hMbm,8,12,20,0.4
hMbn,15,8,23,0.65
hMbs,8,3,11,0.73
hMhB,4,4,8,0.5
hMhD,1,1,2,0.5
hMhH,0,1,1,0.0
hMhI,1,0,1,1.0
hMhK,1,0,1,1.0
hMhL,2,2,4,0.5
hMhM,10,12,22,0.45
hMhN,9,7,16,0.56
hMhP,8,14,22,0.36
hMhS,9,7,16,0.56
hMhT,1,0,1,1.0
hMhb,6,8,14,0.43
hMhh,13,5,18,0.72
hMhl,4,5,9,0.44
hMhm,14,3,17,0.82
hMhn,7,7,14,0.5
hMhs,6,5,11,0.55
hMjB,0,1,1,0.0
hMjH,0,2,2,0.0
hMjL,1,1,2,0.5
hMjM,7,2,9,0.78
hMjN,5,3,8,0.62
hMjP,2,4,6,0.33
hMjS,0,1,1,0.0
hMjT,0,0,0,
hMjb,2,2,4,0.5
hMjh,0,1,1,0.0
hMjl,0,1,1,0.0
hMjm,3,1,4,0.75
hMjn,3,2,5,0.6
hMjs,0,1,1,0.0
hMlB,5,0,5,1.0
hMlH,3,2,5,0.6
hMlI,0,2,2,0.0
hMlJ,1,0,1,1.0
hMlK,0,2,2,0.0
hMlL,2,1,3,0.67
hMlM,6,4,10,0.6
hMlN,3,6,9,0.33
hMlP,8,2,10,0.8
hMlS,5,7,12,0.42
hMlb,6,3,9,0.67
hMlm,4,4,8,0.5
hMln,5,2,7,0.71
hMls,2,2,4,0.5
hMmB,4,3,7,0.57
hMmD,1,1,2,0.5
hMmH,5,6,11,0.45
hMmI,1,2,3,0.33
hMmJ,0,1,1,0.0
hMmK,1,0,1,1.0
hMmL,1,1,2,0.5
hMmM,11,9,20,0.55
hMmN,14,8,22,0.64
hMmP,11,10,21,0.52
hMmS,6,4,10,0.6
hMmb,10,10,20,0.5
hMml,4,3,7,0.57
hMmm,7,6,13,0.54
hMmn,6,7,13,0.46
hMms,1,3,4,0.25
hMnB,4,7,11,0.36
hMnD,0,1,1,0.0
hMnH,0,13,13,0.0
hMnI,0,1,1,0.0
hMnK,0,1,1,0.0
hMnL,5,7,12,0.42
hMnM,11,6,17,0.65
hMnN,11,11,22,0.5
hMnP,16,22,38,0.42
hMnS,7,10,17,0.41
hMnb,10,7,17,0.59
hMnl,8,2,10,0.8
hMnm,6,8,14,0.43
hMnn,6,19,25,0.24
hMns,6,10,16,0.38
hMsB,6,3,9,0.67
hMsD,1,0,1,1.0
hMsH,5,2,7,0.71
hMsI,0,2,2,0.0
hMsK,1,1,2,0.5
hMsL,3,1,4,0.75
hMsM,3,6,9,0.33
hMsN,7,7,14,0.5
hMsP,9,9,18,0.5
hMsS,7,2,9,0.78
hMsb,10,3,13,0.77
hMsl,1,4,5,0.2
hMsm,4,6,10,0.4
hMsn,4,5,9,0.44
hMss,6,2,8,0.75
hNBB,2,4,6,0.33
hNBD,1,1,2,0.5
hNBK,1,0,1,1.0
hNBL,1,1,2,0.5
hNBM,8,7,15,0.53
hNBN,9,8,17,0.53
hNBP,9,7,16,0.56
hNBS,2,4,6,0.33
hNBb,1,8,9,0.11
hNBj,3,2,5,0.6
hNBl,2,3,5,0.4
hNBm,6,5,11,0.55
hNBn,9,8,17,0.53
hNBs,7,2,9,0.78
hNDH,1,1,2,0.5
hNDI,0,1,1,0.0
hNDM,1,1,2,0.5
hNDN,1,2,3,0.33
hNDP,1,1,2,0.5
hNDS,1,2,3,0.33
hNDm,0,1,1,0.0
hNDn,1,1,2,0.5
hNDs,0,0,0,
hNHB,0,1,1,0.0
hNHD,1,0,1,1.0
hNHK,1,0,1,1.0
hNHL,1,3,4,0.25
hNHM,1,4,5,0.2
hNHN,0,1,1,0.0
hNHP,2,2,4,0.5
hNHS,1,1,2,0.5
hNHb,1,1,2,0.5
hNHl,0,1,1,0.0
hNHm,0,1,1,0.0
hNHn,1,2,3,0.33
hNHs,3,1,4,0.75
hNIP,1,0,1,1.0
hNIn,1,0,1,1.0
hNKL,0,1,1,0.0
hNKM,0,1,1,0.0
hNKN,3,0,3,1.0
hNKP,2,0,2,1.0
hNKT,1,0,1,1.0
hNKb,1,0,1,1.0
hNKh,1,3,4,0.25
hNKl,1,1,2,0.5
hNKm,4,1,5,0.8
hNKn,1,1,2,0.5
hNKs,1,1,2,0.5
hNLB,1,3,4,0.25
hNLD,1,0,1,1.0
hNLL,1,2,3,0.33
hNLM,1,1,2,0.5
hNLN,2,3,5,0.4
hNLP,2,2,4,0.5
hNLS,3,1,4,0.75
hNLT,0,1,1,0.0
hNLb,2,2,4,0.5
hNLh,2,0,2,1.0
hNLj,0,2,2,0.0
hNLl,2,1,3,0.67
hNLm,1,1,2,0.5
hNLn,3,2,5,0.6
hNLs,2,0,2,1.0
hNMB,3,7,10,0.3
hNML,2,3,5,0.4
hNMM,4,3,7,0.57
hNMN,6,11,17,0.35
hNMP,8,13,21,0.38
hNMS,4,4,8,0.5
hNMT,1,1,2,0.5
hNMb,5,12,17,0.29
hNMh,5,6,11,0.45
hNMj,3,1,4,0.75
hNMl,3,2,5,0.6
hNMm,9,13,22,0.41
hNMn,14,13,27,0.52
hNMs,3,5,8,0.38
hNNB,3,6,9,0.33
hNND,4,1,5,0.8
hNNH,3,3,6,0.5
hNNI,0,1,1,0.0
hNNK,2,1,3,0.67
hNNL,3,3,6,0.5
hNNM,6,7,13,0.46
hNNN,7,10,17,0.41
hNNP,15,11,26,0.58
hNNS,8,6,14,0.57
hNNT,4,1,5,0.8
hNNb,10,7,17,0.59
hNNh,3,11,14,0.21
hNNl,1,5,6,0.17
hNNm,7,10,17,0.41
hNNn,8,13,21,0.38
hNNs,9,6,15,0.6
hNPB,15,4,19,0.79
hNPD,1,0,1,1.0
hNPH,1,3,4,0.25
hNPI,0,1,1,0.0
hNPK,1,2,3,0.33
hNPL,6,3,9,0.67
hNPM,11,14,25,0.44
hNPN,9,19,28,0.32
hNPP,22,19,41,0.54
hNPS,11,8,19,0.58
hNPb,13,18,31,0.42
hNPh,2,4,6,0.33
hNPl,7,8,15,0.47
hNPm,13,7,20,0.65
hNPn,10,17,27,0.37
hNPs,13,11,24,0.54
hNSB,4,4,8,0.5
hNSD,1,0,1,1.0
hNSH,0,2,2,0.0
hNSL,3,4,7,0.43
hNSM,8,8,16,0.5
hNSN,3,9,12,0.25
hNSP,11,9,20,0.55
hNSS,14,5,19,0.74
hNST,2,0,2,1.0
hNSb,7,2,9,0.78
hNSh,7,1,8,0.88
hNSl,0,1,1,0.0
hNSm,2,3,5,0.4
hNSn,10,8,18,0.56
hNSs,10,9,19,0.53
hNTB,3,2,5,0.6
hNTH,0,1,1,0.0
hNTK,1,0,1,1.0
hNTM,1,1,2,0.5
hNTN,0,2,2,0.0
hNTP,1,2,3,0.33
hNTT,1,0,1,1.0
hNTb,1,3,4,0.25
hNTl,3,0,3,1.0
hNTm,1,2,3,0.33
hNTn,0,2,2,0.0
hNTs,1,0,1,1.0
hNbB,6,4,10,0.6
hNbD,1,0,1,1.0
hNbH,3,1,4,0.75
hNbI,0,2,2,0.0
hNbJ,2,2,4,0.5
hNbK,1,2,3,0.33
hNbL,4,2,6,0.67
hNbM,7,5,12,0.58
hNbN,6,6,12,0.5
hNbP,12,13,25,0.48
hNbS,9,5,14,0.64
hNbb,9,6,15,0.6
hNbl,2,2,4,0.5
hNbm,8,3,11,0.73
hNbn,9,9,18,0.5
hNbs,3,2,5,0.6
hNhB,2,3,5,0.4
hNhD,0,1,1,0.0
hNhH,0,1,1,0.0
hNhL,1,0,1,1.0
hNhM,0,4,4,0.0
hNhN,1,2,3,0.33
hNhP,3,4,7,0.43
hNhS,1,2,3,0.33
hNhT,0,1,1,0.0
hNhb,4,2,6,0.67
hNhh,2,1,3,0.67
hNhl,3,0,3,1.0
hNhm,2,1,3,0.67
hNhn,1,3,4,0.25
hNhs,2,3,5,0.4
hNlB,0,1,1,0.0
hNlH,3,0,3,1.0
hNlJ,1,1,2,0.5
hNlL,3,0,3,1.0
hNlM,3,2,5,0.6
hNlN,5,3,8,0.62
hNlP,5,2,7,0.71
hNlS,3,4,7,0.43
hNlb,2,3,5,0.4
hNll,1,0,1,1.0
hNlm,5,2,7,0.71
hNln,2,3,5,0.4
hNls,4,3,7,0.57
hNmB,6,5,11,0.55
hNmD,2,1,3,0.67
hNmH,5,6,11,0.45
hNmI,0,0,0,
hNmJ,1,1,2,0.5
hNmL,1,2,3,0.33
hNmM,12,10,22,0.55
hNmN,11,10,21,0.52
hNmP,7,12,19,0.37
hNmS,2,9,11,0.18
hNmb,3,1,4,0.75
hNml,1,2,3,0.33
hNmm,0,5,5,0.0
hNmn,6,6,12,0.5
hNms,3,5,8,0.38
hNnB,8,10,18,0.44
hNnD,2,1,3,0.67
hNnH,6,2,8,0.75
hNnI,1,1,2,0.5
hNnK,1,1,2,0.5
hNnL,3,2,5,0.6
hNnM,13,10,23,0.57
hNnN,15,12,27,0.56
hNnP,16,13,29,0.55
hNnS,10,6,16,0.62
hNnT,1,0,1,1.0
hNnb,17,13,30,0.57
hNnl,2,4,6,0.33
hNnm,9,7,16,0.56
hNnn,14,16,30,0.47
hNns,8,3,11,0.73
hNsB,1,3,4,0.25
hNsD,1,1,2,0.5
hNsH,5,5,10,0.5
hNsL,0,2,2,0.0
hNsM,6,7,13,0.46
hNsN,5,7,12,0.42
hNsP,7,8,15,0.47
hNsS,7,4,11,0.64
hNsb,6,2,8,0.75
hNsh,1,0,1,1.0
hNsl,6,2,8,0.75
hNsm,7,5,12,0.58
hNsn,5,7,12,0.42
hNss,5,5,10,0.5
hPBB,14,11,25,0.56
hPBD,1,1,2,0.5
hPBH,0,1,1,0.0
hPBK,0,4,4,0.0
hPBL,2,7,9,0.22
hPBM,6,10,16,0.38
hPBN,6,10,16,0.38
hPBP,18,8,26,0.69
hPBS,5,5,10,0.5
hPBT,0,1,1,0.0
hPBb,9,14,23,0.39
hPBh,2,1,3,0.67
hPBj,1,3,4,0.25
hPBl,5,4,9,0.56
hPBm,6,8,14,0.43
hPBn,13,11,24,0.54
hPBs,7,3,10,0.7
hPDH,2,0,2,1.0
hPDM,3,1,4,0.75
hPDN,1,3,4,0.25
hPDP,1,1,2,0.5
hPDS,0,1,1,0.0
hPDT,0,0,0,
hPDb,0,1,1,0.0
hPDm,2,2,4,0.5
hPDs,0,0,0,
hPHB,4,0,4,1.0
hPHD,3,0,3,1.0
hPHH,0,1,1,0.0
hPHI,0,1,1,0.0
hPHL,1,1,2,0.5
hPHM,2,1,3,0.67
hPHN,1,4,5,0.2
hPHP,7,5,12,0.58
hPHS,5,2,7,0.71
hPHb,2,4,6,0.33
hPHh,1,2,3,0.33
hPHl,1,3,4,0.25
hPHm,3,6,9,0.33
hPHn,3,1,4,0.75
hPHs,6,5,11,0.55
hPIB,2,0,2,1.0
hPIH,2,1,3,0.67
hPIL,0,1,1,0.0
hPIM,0,2,2,0.0
hPIN,2,1,3,0.67
hPIP,1,1,2,0.5
hPIS,1,0,1,1.0
hPIb,2,0,2,1.0
hPIl,1,0,1,1.0
hPIm,1,0,1,1.0
hPIn,0,2,2,0.0
hPKB,1,1,2,0.5
hPKL,0,1,1,0.0
hPKM,0,0,0,
hPKN,2,1,3,0.67
hPKP,2,0,2,1.0
hPKS,0,1,1,0.0
hPKT,0,0,0,
hPKb,3,0,3,1.0
hPKh,0,2,2,0.0
hPKl,1,0,1,1.0
hPKm,3,1,4,0.75
hPKn,1,0,1,1.0
hPKs,0,5,5,0.0
hPLB,6,6,12,0.5
hPLD,0,2,2,0.0
hPLL,6,3,9,0.67
hPLM,8,6,14,0.57
hPLN,4,2,6,0.67
hPLP,9,4,13,0.69
hPLS,4,6,10,0.4
hPLT,1,0,1,1.0
hPLb,9,6,15,0.6
hPLh,1,1,2,0.5
hPLj,0,1,1,0.0
hPLl,3,2,5,0.6
hPLm,6,7,13,0.46
hPLn,6,5,11,0.55
hPLs,2,2,4,0.5
hPMB,11,12,23,0.48
hPMD,0,0,0,
hPML,5,6,11,0.45
hPMM,11,7,18,0.61
hPMN,16,3,19,0.84
hPMP,20,14,34,0.59
hPMS,13,6,19,0.68
hPMT,1,1,2,0.5
hPMb,10,15,25,0.4
hPMh,7,7,14,0.5
hPMj,4,4,8,0.5
hPMl,5,6,11,0.45
hPMm,14,16,30,0.47
hPMn,17,9,26,0.65
hPMs,12,7,19,0.63
hPNB,11,17,28,0.39
hPND,0,1,1,0.0
hPNH,3,5,8,0.38
hPNI,1,0,1,1.0
hPNK,0,1,1,0.0
hPNL,3,3,6,0.5
hPNM,13,13,26,0.5
hPNN,12,6,18,0.67
hPNP,13,15,28,0.46
hPNS,7,8,15,0.47
hPNT,3,2,5,0.6
hPNb,10,11,21,0.48
hPNh,6,5,11,0.55
hPNl,6,8,14,0.43
hPNm,6,10,16,0.38
hPNn,16,9,25,0.64
hPNs,8,12,20,0.4
hPPB,11,8,19,0.58
hPPD,0,2,2,0.0
hPPH,5,0,5,1.0
hPPI,1,1,2,0.5
hPPK,0,3,3,0.0
hPPL,7,9,16,0.44
hPPM,18,24,42,0.43
hPPN,23,17,40,0.57
hPPP,29,35,64,0.45
hPPS,18,15,33,0.55
hPPT,0,2,2,0.0
hPPb,24,18,42,0.57
hPPh,1,3,4,0.25
hPPl,20,12,32,0.62
hPPm,18,13,31,0.58
hPPn,17,12,29,0.59
hPPs,13,12,25,0.52
hPSB,6,8,14,0.43
hPSD,1,3,4,0.25
hPSH,5,4,9,0.56
hPSL,8,10,18,0.44
hPSM,11,12,23,0.48
hPSN,8,9,17,0.47
hPSP,16,13,29,0.55
hPSS,10,6,16,0.62
hPST,2,2,4,0.5
hPSb,11,7,18,0.61
hPSh,4,5,9,0.44
hPSl,7,1,8,0.88
hPSm,12,7,19,0.63
hPSn,10,7,17,0.59
hPSs,8,15,23,0.35
hPTB,2,0,2,1.0
hPTH,1,2,3,0.33
hPTL,3,1,4,0.75
hPTM,2,2,4,0.5
hPTN,1,3,4,0.25
hPTP,1,0,1,1.0
hPTS,1,2,3,0.33
hPTl,1,1,2,0.5
hPTm,0,3,3,0.0
hPTn,0,3,3,0.0
hPTs,1,1,2,0.5
hPbB,11,10,21,0.52
hPbD,0,1,1,0.0
hPbH,3,4,7,0.43
hPbI,1,2,3,0.33
hPbJ,2,3,5,0.4
hPbK,3,0,3,1.0
hPbL,5,5,10,0.5
hPbM,21,18,39,0.54
hPbN,15,14,29,0.52
hPbP,13,18,31,0.42
hPbS,6,10,16,0.38
hPbb,13,18,31,0.42
hPbl,6,5,11,0.55
hPbm,5,16,21,0.24
hPbn,16,6,22,0.73
hPbs,7,2,9,0.78
hPhB,2,0,2,1.0
hPhD,0,0,0,
hPhK,1,0,1,1.0
hPhL,2,0,2,1.0
hPhM,1,3,4,0.25
hPhN,2,1,3,0.67
hPhP,2,1,3,0.67
hPhS,1,1,2,0.5
hPhb,3,2,5,0.6
hPhh,3,3,6,0.5
hPhl,2,0,2,1.0
hPhm,2,1,3,0.67
hPhn,1,0,1,1.0
hPhs,1,2,3,0.33
hPlB,5,7,12,0.42
hPlH,11,3,14,0.79
hPlI,1,0,1,1.0
hPlL,1,1,2,0.5
hPlM,8,8,16,0.5
hPlN,5,6,11,0.45
hPlP,11,9,20,0.55
hPlS,7,2,9,0.78
hPlb,12,5,17,0.71
hPll,4,1,5,0.8
hPlm,3,2,5,0.6
hPln,6,2,8,0.75
hPls,5,3,8,0.62
hPmB,9,5,14,0.64
hPmD,5,3,8,0.62
hPmH,4,3,7,0.57
hPmI,1,2,3,0.33
hPmJ,0,2,2,0.0
hPmL,5,2,7,0.71
hPmM,17,18,35,0.49
hPmN,8,12,20,0.4
hPmP,11,19,30,0.37
hPmS,15,10,25,0.6
hPmb,14,13,27,0.52
hPml,2,8,10,0.2
hPmm,14,12,26,0.54
hPmn,10,15,25,0.4
hPms,3,8,11,0.27
hPnB,6,6,12,0.5
hPnD,2,3,5,0.4
hPnH,4,7,11,0.36
hPnI,2,1,3,0.67
hPnK,0,4,4,0.0
hPnL,1,3,4,0.25
hPnM,9,18,27,0.33
hPnN,14,10,24,0.58
hPnP,15,18,33,0.45
hPnS,10,11,21,0.48
hPnb,10,13,23,0.43
hPnl,6,6,12,0.5
hPnm,17,9,26,0.65
hPnn,17,14,31,0.55
hPns,3,12,15,0.2
hPsB,3,4,7,0.43
hPsD,1,0,1,1.0
hPsH,10,12,22,0.45
hPsI,0,1,1,0.0
hPsK,1,1,2,0.5
hPsL,4,6,10,0.4
hPsM,6,7,13,0.46
hPsN,8,13,21,0.38
hPsP,15,12,27,0.56
hPsS,14,17,31,0.45
hPsb,9,3,12,0.75
hPsh,0,1,1,0.0
hPsl,4,6,10,0.4
hPsm,13,10,23,0.57
hPsn,5,6,11,0.45
hPss,9,5,14,0.64
hSBB,2,3,5,0.4
hSBD,2,0,2,1.0
hSBK,0,0,0,
hSBL,1,2,3,0.33
hSBM,5,5,10,0.5
hSBN,7,12,19,0.37
hSBP,9,6,15,0.6
hSBS,7,4,11,0.64
hSBT,0,0,0,
hSBb,6,7,13,0.46
hSBh,0,0,0,
hSBj,1,0,1,1.0
hSBl,0,4,4,0.0
hSBm,2,3,5,0.4
hSBn,9,3,12,0.75
hSBs,1,3,4,0.25
hSDB,1,1,2,0.5
hSDH,0,1,1,0.0
hSDK,0,1,1,0.0
hSDM,3,1,4,0.75
hSDN,0,1,1,0.0
hSDP,2,0,2,1.0
hSDS,1,0,1,1.0
hSDT,0,1,1,0.0
hSDb,1,0,1,1.0
hSDh,0,1,1,0.0
hSDl,1,1,2,0.5
hSDm,1,1,2,0.5
hSDn,1,0,1,1.0
hSDs,3,1,4,0.75
hSHB,2,1,3,0.67
hSHH,1,1,2,0.5
hSHL,0,1,1,0.0
hSHM,6,3,9,0.67
hSHN,3,2,5,0.6
hSHP,5,3,8,0.62
hSHS,4,5,9,0.44
hSHb,1,3,4,0.25
hSHh,1,1,2,0.5
hSHl,2,1,3,0.67
hSHm,5,6,11,0.45
hSHn,6,3,9,0.67
hSHs,4,3,7,0.57
hSIH,0,3,3,0.0
hSIM,0,1,1,0.0
hSIP,0,1,1,0.0
hSIS,1,0,1,1.0
hSKB,0,1,1,0.0
hSKM,0,1,1,0.0
hSKN,1,0,1,1.0
hSKP,0,2,2,0.0
hSKm,0,1,1,0.0
hSKs,0,1,1,0.0
hSLB,4,2,6,0.67
hSLD,0,0,0,
hSLL,1,0,1,1.0
hSLM,2,2,4,0.5
hSLN,2,2,4,0.5
hSLP,0,6,6,0.0
hSLS,2,4,6,0.33
hSLb,0,1,1,0.0
hSLh,1,1,2,0.5
hSLj,0,1,1,0.0
hSLl,3,0,3,1.0
hSLm,0,2,2,0.0
hSLn,1,3,4,0.25
hSLs,0,3,3,0.0
hSMB,5,4,9,0.56
hSMD,3,2,5,0.6
hSMH,0,1,1,0.0
hSMI,1,0,1,1.0
hSML,2,4,6,0.33
hSMM,6,11,17,0.35
hSMN,6,4,10,0.6
hSMP,8,13,21,0.38
hSMS,10,9,19,0.53
hSMT,2,0,2,1.0
hSMb,10,5,15,0.67
hSMh,4,9,13,0.31
hSMj,1,2,3,0.33
hSMl,1,7,8,0.12
hSMm,12,11,23,0.52
hSMn,6,9,15,0.4
hSMs,8,7,15,0.53
hSNB,5,5,10,0.5
hSNH,1,2,3,0.33
hSNK,1,2,3,0.33
hSNL,3,3,6,0.5
hSNM,3,5,8,0.38
hSNN,10,11,21,0.48
hSNP,5,15,20,0.25
hSNS,11,9,20,0.55
hSNT,2,0,2,1.0
hSNb,2,7,9,0.22
hSNh,2,7,9,0.22
hSNl,1,4,5,0.2
hSNm,9,8,17,0.53
hSNn,10,10,20,0.5
hSNs,3,2,5,0.6
hSPB,8,4,12,0.67
hSPD,0,1,1,0.0
hSPH,3,5,8,0.38
hSPI,1,1,2,0.5
hSPK,2,1,3,0.67
hSPL,4,3,7,0.57
hSPM,9,12,21,0.43
hSPN,9,15,24,0.38
hSPP,15,13,28,0.54
hSPS,11,14,25,0.44
hSPT,2,0,2,1.0
hSPb,12,4,16,0.75
hSPh,2,3,5,0.4
hSPl,1,5,6,0.17
hSPm,9,0,9,1.0
hSPn,10,9,19,0.53
hSPs,10,3,13,0.77
hSSB,8,10,18,0.44
hSSD,1,1,2,0.5
hSSH,11,6,17,0.65
hSSI,3,1,4,0.75
hSSK,0,1,1,0.0
hSSL,2,3,5,0.4
hSSM,6,12,18,0.33
hSSN,11,8,19,0.58
hSSP,9,10,19,0.47
hSSS,14,16,30,0.47
hSST,1,0,1,1.0
hSSb,11,10,21,0.52
hSSh,9,3,12,0.75
hSSl,2,2,4,0.5
hSSm,11,3,14,0.79
hSSn,15,8,23,0.65
hSSs,7,13,20,0.35
hSTB,1,3,4,0.25
hSTD,1,0,1,1.0
hSTM,3,0,3,1.0
hSTN,1,0,1,1.0
hSTP,2,0,2,1.0
hSTS,2,3,5,0.4
hSTb,0,0,0,
hSTl,0,2,2,0.0
hSTm,0,1,1,0.0
hSTn,1,2,3,0.33
hSTs,1,0,1,1.0
hSbB,4,9,13,0.31
hSbD,2,1,3,0.67
hSbH,2,1,3,0.67
hSbI,1,0,1,1.0
hSbJ,3,1,4,0.75
hSbK,0,1,1,0.0
hSbL,1,1,2,0.5
hSbM,7,7,14,0.5
hSbN,11,7,18,0.61
hSbP,9,5,14,0.64
hSbS,5,8,13,0.38
hSbb,11,8,19,0.58
hSbl,5,1,6,0.83
hSbm,6,4,10,0.6
hSbn,11,11,22,0.5
hSbs,2,4,6,0.33
hShB,6,3,9,0.67
hShD,0,1,1,0.0
hShH,1,1,2,0.5
hShI,2,1,3,0.67
hShK,1,0,1,1.0
hShL,3,3,6,0.5
hShM,3,9,12,0.25
hShN,5,3,8,0.62
hShP,6,6,12,0.5
hShS,7,5,12,0.58
hShb,3,5,8,0.38
hShh,3,6,9,0.33
hShl,4,5,9,0.44
hShm,4,1,5,0.8
hShn,8,5,13,0.62
hShs,11,5,16,0.69
hSlB,0,5,5,0.0
hSlD,0,1,1,0.0
hSlH,2,4,6,0.33
hSlI,1,0,1,1.0
hSlJ,1,0,1,1.0
hSlK,0,1,1,0.0
hSlL,1,1,2,0.5
hSlM,3,5,8,0.38
hSlN,1,6,7,0.14
hSlP,3,3,6,0.5
hSlS,3,3,6,0.5
hSlb,1,5,6,0.17
hSll,2,0,2,1.0
hSlm,3,7,10,0.3
hSln,6,2,8,0.75
hSls,3,2,5,0.6
hSmB,6,5,11,0.55
hSmD,1,2,3,0.33
hSmH,6,8,14,0.43
hSmI,0,0,0,
hSmJ,2,1,3,0.67
hSmK,0,0,0,
hSmL,3,3,6,0.5
hSmM,7,8,15,0.47
hSmN,14,7,21,0.67
hSmP,5,3,8,0.62
hSmS,7,7,14,0.5
hSmb,7,6,13,0.54
hSmh,0,1,1,0.0
hSml,3,3,6,0.5
hSmm,7,7,14,0.5
hSmn,4,8,12,0.33
hSms,4,5,9,0.44
hSnB,7,6,13,0.54
hSnD,1,1,2,0.5
hSnH,10,3,13,0.77
hSnI,1,0,1,1.0
hSnL,3,1,4,0.75
hSnM,8,10,18,0.44
hSnN,8,7,15,0.53
hSnP,4,13,17,0.24
hSnS,6,8,14,0.43
hSnT,1,0,1,1.0
hSnb,8,8,16,0.5
hSnh,1,0,1,1.0
hSnl,6,3,9,0.67
hSnm,13,8,21,0.62
hSnn,4,10,14,0.29
hSns,4,7,11,0.36
hSsB,2,3,5,0.4
hSsD,2,0,2,1.0
hSsH,7,8,15,0.47
hSsI,1,0,1,1.0
hSsL,3,3,6,0.5
hSsM,6,10,16,0.38
hSsN,12,10,22,0.55
hSsP,9,14,23,0.39
hSsS,13,18,31,0.42
hSsT,0,1,1,0.0
hSsb,5,7,12,0.42
hSsh,0,1,1,0.0
hSsl,2,5,7,0.29
hSsm,9,8,17,0.53
hSsn,4,14,18,0.22
hSss,9,13,22,0.41
hTBB,2,0,2,1.0
hTBM,1,1,2,0.5
hTBP,1,1,2,0.5
hTBb,2,0,2,1.0
hTBj,1,1,2,0.5
hTBl,0,0,0,
hTBm,2,1,3,0.67
hTBn,1,2,3,0.33
hTBs,0,1,1,0.0
hTDB,0,1,1,0.0
hTDH,0,1,1,0.0
hTDm,0,0,0,
hTDs,1,0,1,1.0
hTHM,1,1,2,0.5
hTHP,0,1,1,0.0
hTHm,1,0,1,1.0
hTHn,2,1,3,0.67
hTHs,0,1,1,0.0
hTKS,0,1,1,0.0
hTKs,0,0,0,
hTLL,1,0,1,1.0
hTLN,0,0,0,
hTLS,0,0,0,
hTLb,3,0,3,1.0
hTLh,1,1,2,0.5
hTLl,2,0,2,1.0
hTLn,1,0,1,1.0
hTMB,1,0,1,1.0
hTML,0,1,1,0.0
hTMM,1,1,2,0.5
hTMN,2,1,3,0.67
hTMP,1,2,3,0.33
hTMb,2,0,2,1.0
hTMl,0,2,2,0.0
hTMm,1,1,2,0.5
hTMn,2,1,3,0.67
hTMs,0,1,1,0.0
hTNN,0,2,2,0.0
hTNP,4,1,5,0.8
hTNS,3,0,3,1.0
hTNb,1,1,2,0.5
hTNh,1,1,2,0.5
hTNl,0,0,0,
hTNm,3,4,7,0.43
hTNn,2,1,3,0.67
hTNs,1,0,1,1.0
hTPB,0,3,3,0.0
hTPH,1,0,1,1.0
hTPL,1,1,2,0.5
hTPM,1,1,2,0.5
hTPN,2,0,2,1.0
hTPP,6,1,7,0.86
hTPS,1,2,3,0.33
hTPb,1,2,3,0.33
hTPl,2,2,4,0.5
hTPm,1,1,2,0.5
hTPn,1,2,3,0.33
hTPs,3,1,4,0.75
hTSB,2,1,3,0.67
hTSH,1,2,3,0.33
hTSL,1,0,1,1.0
hTSM,1,0,1,1.0
hTSN,1,1,2,0.5
hTSP,1,2,3,0.33
hTSS,3,2,5,0.6
hTSb,0,1,1,0.0
hTSh,0,0,0,
hTSm,1,2,3,0.33
hTSs,2,0,2,1.0
hTTM,0,1,1,0.0
hTTS,1,0,1,1.0
hTTm,1,1,2,0.5
hTTs,0,0,0,
hTbB,2,1,3,0.67
hTbL,1,2,3,0.33
hTbM,0,1,1,0.0
hTbN,1,2,3,0.33
hTbP,1,1,2,0.5
hTbb,1,0,1,1.0
hTbl,1,0,1,1.0
hTbm,2,1,3,0.67
hTbn,1,3,4,0.25
hThP,0,0,0,
hTlH,0,1,1,0.0
hTlL,1,0,1,1.0
hTlM,1,0,1,1.0
hTlN,0,1,1,0.0
hTlP,0,0,0,
hTlS,0,1,1,0.0
hTlb,0,2,2,0.0
hTll,1,0,1,1.0
hTls,0,1,1,0.0
hTmH,1,1,2,0.5
hTmJ,0,2,2,0.0
hTmL,1,1,2,0.5
hTmM,1,2,3,0.33
hTmN,1,1,2,0.5
hTmP,1,0,1,1.0
hTmS,1,1,2,0.5
hTmb,1,0,1,1.0
hTmm,0,2,2,0.0
hTms,2,0,2,1.0
hTnB,0,0,0,
hTnD,0,0,0,
hTnK,1,0,1,1.0
hTnL,1,0,1,1.0
hTnM,1,0,1,1.0
hTnN,0,2,2,0.0
hTnP,3,3,6,0.5
hTnb,1,0,1,1.0
hTnm,1,3,4,0.25
hTnn,1,0,1,1.0
hTns,1,3,4,0.25
hTsB,1,1,2,0.5
hTsH,2,0,2,1.0
hTsI,1,0,1,1.0
hTsM,0,1,1,0.0
hTsN,1,0,1,1.0
hTsP,0,0,0,
hTsS,1,3,4,0.25
hTsb,1,0,1,1.0
hTsn,2,1,3,0.67
hTss,1,0,1,1.0
hbBB,2,3,5,0.4
hbBD,0,0,0,
hbBK,0,0,0,
hbBL,1,2,3,0.33
hbBM,7,8,15,0.47
hbBN,6,7,13,0.46
hbBP,8,4,12,0.67
hbBS,5,9,14,0.36
hbBT,1,1,2,0.5
hbBb,5,7,12,0.42
hbBh,3,1,4,0.75
hbBj,4,5,9,0.44
hbBl,5,1,6,0.83
hbBm,6,5,11,0.55
hbBn,5,6,11,0.45
hbBs,3,1,4,0.75
hbDB,1,0,1,1.0
hbDH,1,0,1,1.0
hbDM,0,0,0,
hbDN,0,2,2,0.0
hbDS,2,0,2,1.0
hbDT,0,1,1,0.0
hbDb,1,0,1,1.0
hbDh,1,0,1,1.0
hbDl,1,0,1,1.0
hbDm,1,0,1,1.0
hbDn,1,0,1,1.0
hbDs,1,0,1,1.0
hbHB,0,4,4,0.0
hbHD,1,0,1,1.0
hbHH,1,0,1,1.0
hbHL,1,2,3,0.33
hbHM,4,6,10,0.4
hbHN,1,3,4,0.25
hbHP,4,8,12,0.33
hbHS,0,1,1,0.0
hbHb,0,5,5,0.0
hbHh,1,0,1,1.0
hbHl,2,2,4,0.5
hbHm,1,1,2,0.5
hbHn,3,3,6,0.5
hbHs,1,5,6,0.17
hbIB,0,1,1,0.0
hbIH,0,1,1,0.0
hbIM,1,1,2,0.5
hbIN,0,1,1,0.0
hbIP,1,2,3,0.33
hbIS,2,1,3,0.67
hbIb,0,0,0,
hbIl,0,1,1,0.0
hbIs,0,2,2,0.0
hbJB,3,3,6,0.5
hbJD,1,0,1,1.0
hbJH,1,0,1,1.0
hbJI,1,0,1,1.0
hbJK,1,0,1,1.0
hbJL,1,1,2,0.5
hbJM,2,4,6,0.33
hbJN,1,3,4,0.25
hbJP,6,3,9,0.67
hbJS,0,1,1,0.0
hbJb,9,2,11,0.82
hbJl,2,4,6,0.33
hbJm,4,2,6,0.67
hbJn,1,0,1,1.0
hbJs,1,2,3,0.33
hbKB,0,2,2,0.0
hbKL,1,1,2,0.5
hbKM,1,1,2,0.5
hbKN,0,1,1,0.0
hbKP,1,0,1,1.0
hbKS,0,1,1,0.0
hbKT,1,1,2,0.5
hbKb,0,1,1,0.0
hbKh,0,1,1,0.0
hbKm,0,1,1,0.0
hbKn,0,1,1,0.0
hbKs,0,0,0,
hbLB,7,5,12,0.58
hbLD,1,0,1,1.0
hbLL,1,4,5,0.2
hbLM,1,5,6,0.17
hbLN,2,4,6,0.33
hbLP,4,3,7,0.57
hbLS,2,3,5,0.4
hbLT,1,0,1,1.0
hbLb,6,6,12,0.5
hbLh,2,1,3,0.67
hbLj,2,0,2,1.0
hbLl,3,2,5,0.6
hbLm,2,3,5,0.4
hbLn,7,6,13,0.54
hbLs,2,2,4,0.5
hbMB,9,9,18,0.5
hbML,4,3,7,0.57
hbMM,9,8,17,0.53
hbMN,9,4,13,0.69
hbMP,13,14,27,0.48
hbMS,6,8,14,0.43
hbMT,3,0,3,1.0
hbMb,7,17,24,0.29
hbMh,7,10,17,0.41
hbMj,4,3,7,0.57
hbMl,2,5,7,0.29
hbMm,8,6,14,0.57
hbMn,10,14,24,0.42
hbMs,6,8,14,0.43
hbNB,8,5,13,0.62
hbND,2,0,2,1.0
hbNH,1,4,5,0.2
hbNK,0,1,1,0.0
hbNL,4,3,7,0.57
hbNM,9,11,20,0.45
hbNN,10,6,16,0.62
hbNP,17,7,24,0.71
hbNS,3,4,7,0.43
hbNT,2,2,4,0.5
hbNb,6,10,16,0.38
hbNh,2,2,4,0.5
hbNl,9,2,11,0.82
hbNm,10,7,17,0.59
hbNn,14,9,23,0.61
hbNs,5,13,18,0.28
hbPB,10,5,15,0.67
hbPD,3,1,4,0.75
hbPH,1,5,6,0.17
hbPI,1,0,1,1.0
hbPK,2,3,5,0.4
hbPL,8,5,13,0.62
hbPM,17,13,30,0.57
hbPN,10,11,21,0.48
hbPP,16,18,34,0.47
hbPS,6,14,20,0.3
hbPb,13,11,24,0.54
hbPh,4,3,7,0.57
hbPl,4,5,9,0.44
hbPm,8,6,14,0.57
hbPn,6,6,12,0.5
hbPs,6,7,13,0.46
hbSB,4,2,6,0.67
hbSD,2,0,2,1.0
hbSH,1,4,5,0.2
hbSL,2,6,8,0.25
hbSM,7,8,15,0.47
hbSN,7,9,16,0.44
hbSP,6,8,14,0.43
hbSS,9,9,18,0.5
hbST,0,1,1,0.0
hbSb,5,3,8,0.62
hbSh,1,6,7,0.14
hbSl,1,7,8,0.12
hbSm,2,6,8,0.25
hbSn,9,6,15,0.6
hbSs,6,10,16,0.38
hbbB,7,10,17,0.41
hbbD,0,1,1,0.0
hbbH,4,2,6,0.67
hbbI,2,2,4,0.5
hbbJ,2,2,4,0.5
hbbK,1,1,2,0.5
hbbL,5,4,9,0.56
hbbM,9,10,19,0.47
hbbN,14,9,23,0.61
hbbP,12,16,28,0.43
hbbS,5,3,8,0.62
hbbb,9,5,14,0.64
hbbl,4,4,8,0.5
hbbm,8,7,15,0.53
hbbn,6,15,21,0.29
hbbs,7,4,11,0.64
hbhB,0,1,1,0.0
hblB,2,4,6,0.33
hblH,2,4,6,0.33
hblJ,3,1,4,0.75
hblK,1,1,2,0.5
hblL,1,0,1,1.0
hblM,3,6,9,0.33
hblN,10,6,16,0.62
hblP,4,6,10,0.4
hblS,3,1,4,0.75
hblb,3,3,6,0.5
hbll,3,2,5,0.6
hblm,3,3,6,0.5
hbln,3,1,4,0.75
hbls,1,3,4,0.25
hbmB,2,5,7,0.29
hbmD,1,2,3,0.33
hbmH,2,2,4,0.5
hbmJ,1,0,1,1.0
hbmL,5,5,10,0.5
hbmM,9,5,14,0.64
hbmN,6,5,11,0.55
hbmP,9,7,16,0.56
hbmS,3,8,11,0.27
hbmb,10,5,15,0.67
hbml,2,2,4,0.5
hbmm,5,4,9,0.56
hbmn,6,5,11,0.55
hbms,4,3,7,0.57
hbnB,5,3,8,0.62
hbnD,1,0,1,1.0
hbnH,4,7,11,0.36
hbnI,3,2,5,0.6
hbnK,3,0,3,1.0
hbnL,1,2,3,0.33
hbnM,6,8,14,0.43
hbnN,10,11,21,0.48
hbnP,17,10,27,0.63
hbnS,9,9,18,0.5
hbnb,7,13,20,0.35
hbnh,0,1,1,0.0
hbnl,2,4,6,0.33
hbnm,6,5,11,0.55
hbnn,5,13,18,0.28
hbns,8,3,11,0.73
hbsB,3,3,6,0.5
hbsD,2,0,2,1.0
hbsH,7,3,10,0.7
hbsI,1,2,3,0.33
hbsK,1,0,1,1.0
hbsL,2,3,5,0.4
hbsM,5,5,10,0.5
hbsN,4,2,6,0.67
hbsP,5,5,10,0.5
hbsS,5,7,12,0.42
hbsb,2,1,3,0.67
hbsl,1,2,3,0.33
hbsm,4,1,5,0.8
hbsn,8,5,13,0.62
hbss,3,3,6,0.5
hhBB,3,7,10,0.3
hhBD,2,1,3,0.67
hhBK,1,0,1,1.0
hhBL,3,4,7,0.43
hhBM,6,2,8,0.75
hhBN,5,8,13,0.38
hhBP,8,4,12,0.67
hhBS,7,2,9,0.78
hhBT,2,1,3,0.67
hhBb,8,4,12,0.67
hhBh,2,1,3,0.67
hhBj,1,2,3,0.33
hhBl,1,0,1,1.0
hhBm,6,8,14,0.43
hhBn,5,8,13,0.38
hhBs,4,2,6,0.67
hhDH,0,3,3,0.0
hhDI,1,0,1,1.0
hhDM,0,3,3,0.0
hhDP,1,1,2,0.5
hhDS,3,0,3,1.0
hhDb,3,0,3,1.0
hhDl,0,1,1,0.0
hhDm,1,0,1,1.0
hhDn,0,1,1,0.0
hhDs,1,0,1,1.0
hhHB,2,1,3,0.67
hhHD,0,0,0,
hhHH,0,0,0,
hhHI,0,1,1,0.0
hhHL,2,0,2,1.0
hhHM,3,2,5,0.6
hhHN,2,0,2,1.0
hhHP,5,2,7,0.71
hhHS,2,2,4,0.5
hhHT,0,1,1,0.0
hhHb,1,1,2,0.5
hhHh,0,1,1,0.0
hhHl,2,1,3,0.67
hhHm,1,0,1,1.0
hhHn,2,1,3,0.67
hhHs,0,4,4,0.0
hhIB,0,1,1,0.0
hhIN,0,1,1,0.0
hhIP,0,1,1,0.0
hhIm,0,1,1,0.0
hhIs,1,0,1,1.0
hhKM,0,1,1,0.0
hhKS,0,0,0,
hhKl,0,0,0,
hhKs,1,0,1,1.0
hhLB,1,2,3,0.33
hhLI,0,0,0,
hhLL,2,2,4,0.5
hhLM,6,2,8,0.75
hhLN,2,2,4,0.5
hhLP,4,3,7,0.57
hhLS,2,1,3,0.67
hhLT,1,0,1,1.0
hhLb,2,3,5,0.4
hhLh,1,0,1,1.0
hhLj,3,1,4,0.75
hhLl,1,2,3,0.33
hhLm,1,2,3,0.33
hhLn,7,3,10,0.7
hhLs,3,4,7,0.43
hhMB,12,2,14,0.86
hhMD,1,1,2,0.5
hhML,1,2,3,0.33
hhMM,6,8,14,0.43
hhMN,6,7,13,0.46
hhMP,13,12,25,0.52
hhMS,4,6,10,0.4
hhMT,1,1,2,0.5
hhMb,14,2,16,0.88
hhMh,5,15,20,0.25
hhMj,3,2,5,0.6
hhMl,2,3,5,0.4
hhMm,7,11,18,0.39
hhMn,9,8,17,0.53
hhMs,7,3,10,0.7
hhNB,8,6,14,0.57
hhND,2,2,4,0.5
hhNH,0,0,0,
hhNK,0,0,0,
hhNL,0,2,2,0.0
hhNM,7,11,18,0.39
hhNN,2,11,13,0.15
hhNP,13,10,23,0.57
hhNS,5,10,15,0.33
hhNT,0,1,1,0.0
hhNb,5,3,8,0.62
hhNh,2,1,3,0.67
hhNl,0,4,4,0.0
hhNm,6,3,9,0.67
hhNn,7,8,15,0.47
hhNs,6,3,9,0.67
hhPB,9,7,16,0.56
hhPH,3,3,6,0.5
hhPI,1,2,3,0.33
hhPK,2,2,4,0.5
hhPL,7,5,12,0.58
hhPM,17,12,29,0.59
hhPN,9,11,20,0.45
hhPP,13,17,30,0.43
hhPS,6,10,16,0.38
hhPT,1,1,2,0.5
hhPb,14,12,26,0.54
hhPh,2,3,5,0.4
hhPl,8,7,15,0.53
hhPm,6,7,13,0.46
hhPn,10,10,20,0.5
hhPs,6,2,8,0.75
hhSB,4,3,7,0.57
hhSD,2,1,3,0.67
hhSH,2,2,4,0.5
hhSL,2,5,7,0.29
hhSM,13,8,21,0.62
hhSN,11,4,15,0.73
hhSP,10,8,18,0.56
hhSS,5,14,19,0.26
hhSb,5,8,13,0.38
hhSh,2,8,10,0.2
hhSl,4,6,10,0.4
hhSm,11,8,19,0.58
hhSn,4,7,11,0.36
hhSs,7,9,16,0.44
hhTB,0,0,0,
hhTD,0,1,1,0.0
hhTH,0,1,1,0.0
hhTM,0,1,1,0.0
hhTN,1,2,3,0.33
hhTP,2,1,3,0.67
hhTS,0,0,0,
hhTb,1,0,1,1.0
hhTl,1,0,1,1.0
hhTm,0,0,0,
hhTn,0,1,1,0.0
hhTs,0,1,1,0.0
hhbB,6,5,11,0.55
hhbD,2,0,2,1.0
hhbH,1,5,6,0.17
hhbI,1,1,2,0.5
hhbJ,1,0,1,1.0
hhbK,1,0,1,1.0
hhbL,5,2,7,0.71
hhbM,8,9,17,0.47
hhbN,9,8,17,0.53
hhbP,6,6,12,0.5
hhbS,5,5,10,0.5
hhbb,4,7,11,0.36
hhbl,1,6,7,0.14
hhbm,9,5,14,0.64
hhbn,7,3,10,0.7
hhbs,5,4,9,0.56
hhhB,7,5,12,0.58
hhhD,0,2,2,0.0
hhhH,1,2,3,0.33
hhhK,0,1,1,0.0
hhhL,1,2,3,0.33
hhhM,9,11,20,0.45
hhhN,9,6,15,0.6
hhhP,10,15,25,0.4
hhhS,8,4,12,0.67
hhhT,0,1,1,0.0
hhhb,8,7,15,0.53
hhhh,8,12,20,0.4
hhhl,3,2,5,0.6
hhhm,5,10,15,0.33
hhhn,10,3,13,0.77
hhhs,4,8,12,0.33
hhlB,2,5,7,0.29
hhlH,3,1,4,0.75
hhlJ,1,2,3,0.33
hhlK,0,0,0,
hhlL,2,1,3,0.67
hhlM,4,5,9,0.44
hhlN,3,6,9,0.33
hhlP,6,5,11,0.55
hhlS,3,3,6,0.5
hhlb,3,6,9,0.33
hhll,3,3,6,0.5
hhlm,2,1,3,0.67
hhln,1,2,3,0.33
hhls,3,4,7,0.43
hhmB,4,3,7,0.57
hhmD,2,2,4,0.5
hhmH,5,6,11,0.45
hhmI,0,1,1,0.0
hhmJ,1,4,5,0.2
hhmL,5,1,6,0.83
hhmM,8,12,20,0.4
hhmN,12,7,19,0.63
hhmP,14,5,19,0.74
hhmS,9,6,15,0.6
hhmb,7,12,19,0.37
hhml,3,3,6,0.5
hhmm,11,0,11,1.0
hhmn,10,8,18,0.56
hhms,3,6,9,0.33
hhnB,7,9,16,0.44
hhnD,1,1,2,0.5
hhnH,2,2,4,0.5
hhnI,1,0,1,1.0
hhnK,1,1,2,0.5
hhnL,0,3,3,0.0
hhnM,7,15,22,0.32
hhnN,6,8,14,0.43
hhnP,13,11,24,0.54
hhnS,6,6,12,0.5
hhnb,12,5,17,0.71
hhnh,2,1,3,0.67
hhnl,3,2,5,0.6
hhnm,6,5,11,0.55
hhnn,10,12,22,0.45
hhns,9,3,12,0.75
hhsB,4,5,9,0.44
hhsD,2,2,4,0.5
hhsH,5,9,14,0.36
hhsI,2,0,2,1.0
hhsL,5,1,6,0.83
hhsM,4,6,10,0.4
hhsN,8,4,12,0.67
hhsP,4,16,20,0.2
hhsS,6,11,17,0.35
hhsb,5,7,12,0.42
hhsh,0,0,0,
hhsl,5,0,5,1.0
hhsm,6,5,11,0.55
hhsn,6,7,13,0.46
hhss,4,7,11,0.36
hlBB,0,3,3,0.0
hlBD,1,1,2,0.5
hlBL,1,3,4,0.25
hlBM,0,5,5,0.0
hlBN,4,1,5,0.8
hlBP,3,3,6,0.5
hlBS,2,2,4,0.5
hlBb,4,6,10,0.4
hlBh,2,0,2,1.0
hlBj,2,1,3,0.67
hlBl,4,1,5,0.8
hlBm,4,1,5,0.8
hlBn,5,4,9,0.56
hlBs,0,1,1,0.0
hlDN,0,3,3,0.0
hlDT,0,1,1,0.0
hlDm,1,0,1,1.0
hlDn,0,1,1,0.0
hlHB,2,3,5,0.4
hlHD,0,1,1,0.0
hlHK,0,1,1,0.0
hlHL,0,0,0,
hlHM,6,5,11,0.55
hlHN,0,5,5,0.0
hlHP,4,3,7,0.57
hlHS,4,2,6,0.67
hlHT,1,0,1,1.0
hlHb,2,1,3,0.67
hlHh,1,1,2,0.5
hlHl,0,1,1,0.0
hlHm,0,3,3,0.0
hlHn,3,4,7,0.43
hlHs,2,1,3,0.67
hlIM,2,0,2,1.0
hlIN,0,1,1,0.0
hlIb,1,1,2,0.5
hlIn,1,0,1,1.0
hlIs,1,0,1,1.0
hlJB,1,0,1,1.0
hlJH,0,1,1,0.0
hlJI,0,0,0,
hlJK,0,1,1,0.0
hlJM,3,1,4,0.75
hlJN,0,0,0,
hlJP,2,3,5,0.4
hlJS,1,3,4,0.25
hlJb,1,2,3,0.33
hlJh,1,0,1,1.0
hlJl,1,0,1,1.0
hlJm,0,1,1,0.0
hlJs,1,1,2,0.5
hlKP,1,1,2,0.5
hlKS,0,1,1,0.0
hlKb,1,0,1,1.0
hlKh,1,1,2,0.5
hlKl,1,0,1,1.0
hlKm,1,1,2,0.5
hlKn,0,0,0,
hlLD,1,0,1,1.0
hlLK,1,0,1,1.0
hlLM,1,2,3,0.33
hlLN,3,4,7,0.43
hlLP,1,3,4,0.25
hlLS,0,2,2,0.0
hlLT,1,0,1,1.0
hlLb,0,3,3,0.0
hlLh,1,3,4,0.25
hlLj,1,1,2,0.5
hlLl,0,0,0,
hlLm,1,1,2,0.5
hlLn,5,0,5,1.0
hlLs,2,1,3,0.67
hlMB,4,4,8,0.5
hlMD,0,0,0,
hlMK,2,0,2,1.0
hlML,1,3,4,0.25
hlMM,4,5,9,0.44
hlMN,3,4,7,0.43
hlMP,3,11,14,0.21
hlMS,1,4,5,0.2
hlMT,0,1,1,0.0
hlMb,8,3,11,0.73
hlMh,2,6,8,0.25
hlMj,3,3,6,0.5
hlMl,2,1,3,0.67
hlMm,4,2,6,0.67
hlMn,11,6,17,0.65
hlMs,3,6,9,0.33
hlNB,2,2,4,0.5
hlND,2,0,2,1.0
hlNH,0,2,2,0.0
hlNK,1,1,2,0.5
hlNL,3,0,3,1.0
hlNM,1,5,6,0.17
hlNN,7,7,14,0.5
hlNP,5,8,13,0.38
hlNS,3,7,10,0.3
hlNb,5,5,10,0.5
hlNh,1,4,5,0.2
hlNl,2,4,6,0.33
hlNm,6,4,10,0.6
hlNn,5,7,12,0.42
hlNs,9,2,11,0.82
hlPB,3,5,8,0.38
hlPD,0,0,0,
hlPH,0,1,1,0.0
hlPI,1,0,1,1.0
hlPK,0,1,1,0.0
hlPL,5,2,7,0.71
hlPM,4,6,10,0.4
hlPN,5,7,12,0.42
hlPP,7,11,18,0.39
hlPS,6,2,8,0.75
hlPT,0,1,1,0.0
hlPb,4,3,7,0.57
hlPh,1,0,1,1.0
hlPl,6,4,10,0.6
hlPm,10,3,13,0.77
hlPn,4,7,11,0.36
hlPs,8,4,12,0.67
hlSB,2,3,5,0.4
hlSD,0,0,0,
hlSH,0,1,1,0.0
hlSI,1,0,1,1.0
hlSK,0,1,1,0.0
hlSL,1,4,5,0.2
hlSM,3,2,5,0.6
hlSN,3,5,8,0.38
hlSP,4,7,11,0.36
hlSS,2,4,6,0.33
hlST,1,2,3,0.33
hlSb,5,0,5,1.0
hlSh,3,4,7,0.43
hlSl,1,3,4,0.25
hlSm,1,2,3,0.33
hlSn,6,4,10,0.6
hlSs,5,3,8,0.62
hlbB,2,2,4,0.5
hlbH,0,2,2,0.0
hlbI,3,0,3,1.0
hlbJ,4,0,4,1.0
hlbK,2,0,2,1.0
hlbL,3,1,4,0.75
hlbM,3,7,10,0.3
hlbN,6,3,9,0.67
hlbP,4,4,8,0.5
hlbS,0,4,4,0.0
hlbb,11,6,17,0.65
hlbl,2,2,4,0.5
hlbm,6,5,11,0.55
hlbn,2,7,9,0.22
hlbs,2,1,3,0.67
hllB,3,2,5,0.6
hllH,0,4,4,0.0
hllJ,1,0,1,1.0
hllL,1,1,2,0.5
hllM,4,3,7,0.57
hllN,8,6,14,0.57
hllP,2,3,5,0.4
hllS,6,0,6,1.0
hllb,1,3,4,0.25
hlll,1,2,3,0.33
hllm,1,2,3,0.33
hlln,2,2,4,0.5
hlls,1,0,1,1.0
hlmB,1,4,5,0.2
hlmH,2,1,3,0.67
hlmJ,1,1,2,0.5
hlmL,4,3,7,0.57
hlmM,5,5,10,0.5
hlmN,4,7,11,0.36
hlmP,4,2,6,0.67
hlmS,3,1,4,0.75
hlmb,2,2,4,0.5
hlml,1,0,1,1.0
hlmm,2,2,4,0.5
hlmn,1,3,4,0.25
hlms,3,3,6,0.5
hlnB,2,2,4,0.5
hlnD,1,0,1,1.0
hlnH,0,0,0,
hlnI,0,1,1,0.0
hlnL,0,3,3,0.0
hlnM,2,5,7,0.29
hlnN,7,2,9,0.78
hlnP,7,9,16,0.44
hlnS,0,3,3,0.0
hlnb,2,6,8,0.25
hlnl,2,1,3,0.67
hlnm,3,0,3,1.0
hlnn,3,2,5,0.6
hlns,2,0,2,1.0
hlsB,3,2,5,0.6
hlsD,1,0,1,1.0
hlsH,3,5,8,0.38
hlsI,0,1,1,0.0
hlsL,0,3,3,0.0
hlsM,4,3,7,0.57
hlsN,3,2,5,0.6
hlsP,8,2,10,0.8
hlsS,5,1,6,0.83
hlsb,6,4,10,0.6
hlsl,0,1,1,0.0
hlsm,4,2,6,0.67
hlsn,2,2,4,0.5
hlss,1,0,1,1.0
hmBB,6,9,15,0.4
hmBD,2,0,2,1.0
hmBK,0,0,0,
hmBL,0,2,2,0.0
hmBM,6,5,11,0.55
hmBN,7,8,15,0.47
hmBP,3,5,8,0.38
hmBS,4,3,7,0.57
hmBb,8,7,15,0.53
hmBh,2,4,6,0.33
hmBj,4,2,6,0.67
hmBl,1,3,4,0.25
hmBm,4,9,13,0.31
hmBn,8,5,13,0.62
hmBs,3,5,8,0.38
hmDB,2,2,4,0.5
hmDD,3,1,4,0.75
hmDH,1,2,3,0.33
hmDK,0,0,0,
hmDL,0,1,1,0.0
hmDM,2,1,3,0.67
hmDN,3,0,3,1.0
hmDP,0,1,1,0.0
hmDS,2,1,3,0.67
hmDT,0,1,1,0.0
hmDb,1,0,1,1.0
hmDl,1,1,2,0.5
hmDm,4,1,5,0.8
hmDs,0,1,1,0.0
hmHB,4,10,14,0.29
hmHD,0,1,1,0.0
hmHH,1,0,1,1.0
hmHI,0,0,0,
hmHK,1,0,1,1.0
hmHL,2,4,6,0.33
hmHM,6,6,12,0.5
hmHN,5,8,13,0.38
hmHP,9,11,20,0.45
hmHS,8,5,13,0.62
hmHT,0,1,1,0.0
hmHb,8,3,11,0.73
hmHh,3,4,7,0.43
hmHl,2,4,6,0.33
hmHm,4,5,9,0.44
hmHn,8,2,10,0.8
hmHs,3,7,10,0.3
hmID,0,2,2,0.0
hmIM,0,1,1,0.0
hmIN,0,1,1,0.0
hmIP,0,1,1,0.0
hmIS,1,0,1,1.0
hmIn,0,1,1,0.0
hmIs,1,0,1,1.0
hmJB,2,1,3,0.67
hmJL,0,1,1,0.0
hmJM,0,1,1,0.0
hmJN,1,3,4,0.25
hmJP,3,1,4,0.75
hmJS,0,3,3,0.0
hmJb,2,2,4,0.5
hmJl,0,1,1,0.0
hmJm,4,2,6,0.67
hmJn,1,1,2,0.5
hmJs,1,2,3,0.33
hmKI,0,1,1,0.0
hmKM,1,0,1,1.0
hmKS,1,1,2,0.5
hmKm,0,1,1,0.0
hmKs,1,1,2,0.5
hmLB,1,4,5,0.2
hmLD,0,1,1,0.0
hmLL,1,1,2,0.5
hmLM,6,3,9,0.67
hmLN,4,1,5,0.8
hmLP,4,4,8,0.5
hmLS,3,4,7,0.43
hmLb,2,1,3,0.67
hmLh,1,1,2,0.5
hmLj,2,2,4,0.5
hmLm,5,3,8,0.62
hmLn,6,7,13,0.46
hmLs,2,1,3,0.67
hmMB,6,7,13,0.46
hmMD,3,1,4,0.75
hmMK,1,0,1,1.0
hmML,4,6,10,0.4
hmMM,9,9,18,0.5
hmMN,12,7,19,0.63
hmMP,8,7,15,0.53
hmMS,7,9,16,0.44
hmMT,1,1,2,0.5
hmMb,13,14,27,0.48
hmMh,9,8,17,0.53
hmMj,1,2,3,0.33
hmMl,3,4,7,0.43
hmMm,11,9,20,0.55
hmMn,10,14,24,0.42
hmMs,7,5,12,0.58
hmNB,4,4,8,0.5
hmND,1,1,2,0.5
hmNH,3,1,4,0.75
hmNL,4,4,8,0.5
hmNM,12,10,22,0.55
hmNN,10,11,21,0.48
hmNP,9,23,32,0.28
hmNS,3,7,10,0.3
hmNT,0,3,3,0.0
hmNb,7,12,19,0.37
hmNh,3,2,5,0.6
hmNl,5,0,5,1.0
hmNm,8,8,16,0.5
hmNn,12,11,23,0.52
hmNs,7,8,15,0.47
hmPB,10,10,20,0.5
hmPD,2,0,2,1.0
hmPH,3,2,5,0.6
hmPK,0,0,0,
hmPL,4,3,7,0.57
hmPM,9,8,17,0.53
hmPN,10,9,19,0.53
hmPP,13,15,28,0.46
hmPS,4,5,9,0.44
hmPT,2,2,4,0.5
hmPb,14,8,22,0.64
hmPl,2,3,5,0.4
hmPm,16,3,19,0.84
hmPn,13,7,20,0.65
hmPs,6,3,9,0.67
hmSB,3,4,7,0.43
hmSH,2,0,2,1.0
hmSL,0,2,2,0.0
hmSM,10,8,18,0.56
hmSN,4,7,11,0.36
hmSP,9,11,20,0.45
hmSS,6,11,17,0.35
hmST,4,3,7,0.57
hmSb,7,11,18,0.39
hmSh,2,2,4,0.5
hmSl,3,3,6,0.5
hmSm,7,5,12,0.58
hmSn,7,8,15,0.47
hmSs,12,8,20,0.6
hmbB,7,8,15,0.47
hmbD,0,0,0,
hmbH,3,2,5,0.6
hmbI,1,2,3,0.33
hmbJ,2,3,5,0.4
hmbL,2,4,6,0.33
hmbM,12,8,20,0.6
hmbN,5,10,15,0.33
hmbP,11,10,21,0.52
hmbS,4,3,7,0.57
hmbb,10,12,22,0.45
hmbl,5,5,10,0.5
hmbm,12,4,16,0.75
hmbn,11,13,24,0.46
hmbs,1,5,6,0.17
hmhh,0,0,0,
hmhm,1,0,1,1.0
hmhs,0,1,1,0.0
hmlB,2,4,6,0.33
hmlH,0,1,1,0.0
hmlJ,2,0,2,1.0
hmlL,2,1,3,0.67
hmlM,1,1,2,0.5
hmlN,1,4,5,0.2
hmlP,3,3,6,0.5
hmlS,1,3,4,0.25
hmlb,2,2,4,0.5
hmll,0,3,3,0.0
hmlm,3,1,4,0.75
hmln,0,1,1,0.0
hmls,2,0,2,1.0
hmmB,8,4,12,0.67
hmmD,2,1,3,0.67
hmmH,4,5,9,0.44
hmmJ,1,2,3,0.33
hmmK,0,1,1,0.0
hmmL,4,3,7,0.57
hmmM,8,5,13,0.62
hmmN,8,11,19,0.42
hmmP,13,11,24,0.54
hmmS,3,4,7,0.43
hmmb,7,11,18,0.39
hmmh,1,0,1,1.0
hmml,4,1,5,0.8
hmmm,9,3,12,0.75
hmmn,3,3,6,0.5
hmms,5,4,9,0.56
hmnB,6,6,12,0.5
hmnD,3,1,4,0.75
hmnH,2,7,9,0.22
hmnI,3,3,6,0.5
hmnK,0,0,0,
hmnL,2,1,3,0.67
hmnM,8,9,17,0.47
hmnN,6,11,17,0.35
hmnP,8,14,22,0.36
hmnS,6,6,12,0.5
hmnb,7,6,13,0.54
hmnh,2,0,2,1.0
hmnl,1,2,3,0.33
hmnm,5,6,11,0.45
hmnn,12,5,17,0.71
hmns,5,4,9,0.56
hmsB,2,2,4,0.5
hmsD,3,0,3,1.0
hmsH,2,7,9,0.22
hmsL,1,1,2,0.5
hmsM,3,7,10,0.3
hmsN,2,2,4,0.5
hmsP,5,6,11,0.45
hmsS,8,5,13,0.62
hmsb,2,3,5,0.4
hmsl,7,0,7,1.0
hmsm,10,4,14,0.71
hmsn,6,6,12,0.5
hmss,7,2,9,0.78
hnBB,8,6,14,0.57
hnBD,1,1,2,0.5
hnBK,0,1,1,0.0
hnBL,3,2,5,0.6
hnBM,7,7,14,0.5
hnBN,6,15,21,0.29
hnBP,8,4,12,0.67
hnBS,2,0,2,1.0
hnBT,0,1,1,0.0
hnBb,12,2,14,0.86
hnBh,0,0,0,
hnBj,0,1,1,0.0
hnBl,1,3,4,0.25
hnBm,13,7,20,0.65
hnBn,8,7,15,0.53
hnBs,4,1,5,0.8
hnDB,0,1,1,0.0
hnDH,1,0,1,1.0
hnDL,1,1,2,0.5
hnDM,1,0,1,1.0
hnDN,1,0,1,1.0
hnDP,3,1,4,0.75
hnDS,1,2,3,0.33
hnDb,0,1,1,0.0
hnDm,1,1,2,0.5
hnDn,2,1,3,0.67
hnHB,2,1,3,0.67
hnHD,1,0,1,1.0
hnHH,1,1,2,0.5
hnHI,0,3,3,0.0
hnHK,0,1,1,0.0
hnHL,2,2,4,0.5
hnHM,5,4,9,0.56
hnHN,3,3,6,0.5
hnHP,5,11,16,0.31
hnHS,6,7,13,0.46
hnHT,0,1,1,0.0
hnHb,4,3,7,0.57
hnHh,1,3,4,0.25
hnHl,1,0,1,1.0
hnHm,5,5,10,0.5
hnHn,8,2,10,0.8
hnHs,4,5,9,0.44
hnIB,1,0,1,1.0
hnID,1,0,1,1.0
hnIH,2,2,4,0.5
hnII,0,1,1,0.0
hnIL,1,1,2,0.5
hnIM,4,1,5,0.8
hnIN,2,1,3,0.67
hnIP,2,0,2,1.0
hnIS,1,1,2,0.5
hnIb,1,0,1,1.0
hnIm,0,3,3,0.0
hnIn,0,2,2,0.0
hnIs,1,1,2,0.5
hnKB,1,0,1,1.0
hnKH,0,2,2,0.0
hnKI,0,1,1,0.0
hnKM,1,1,2,0.5
hnKN,1,2,3,0.33
hnKP,0,2,2,0.0
hnKS,2,0,2,1.0
hnKh,2,0,2,1.0
hnKl,1,0,1,1.0
hnKm,1,3,4,0.25
hnKn,2,1,3,0.67
hnKs,1,1,2,0.5
hnLB,3,7,10,0.3
hnLL,2,0,2,1.0
hnLM,4,6,10,0.4
hnLN,3,2,5,0.6
hnLP,5,7,12,0.42
hnLS,5,1,6,0.83
hnLT,3,1,4,0.75
hnLb,2,5,7,0.29
hnLh,0,1,1,0.0
hnLj,3,2,5,0.6
hnLl,1,4,5,0.2
hnLm,2,1,3,0.67
hnLn,3,1,4,0.75
hnMB,6,9,15,0.4
hnMD,0,1,1,0.0
hnMH,1,0,1,1.0
hnML,3,6,9,0.33
hnMM,11,7,18,0.61
hnMN,9,9,18,0.5
hnMP,8,8,16,0.5
hnMS,6,6,12,0.5
hnMT,1,2,3,0.33
hnMb,11,8,19,0.58
hnMh,11,11,22,0.5
hnMj,2,3,5,0.4
hnMl,6,9,15,0.4
hnMm,11,7,18,0.61
hnMn,11,25,36,0.31
hnMs,8,8,16,0.5
hnNB,8,6,14,0.57
hnND,3,3,6,0.5
hnNH,2,3,5,0.4
hnNI,0,2,2,0.0
hnNK,0,0,0,
hnNL,7,3,10,0.7
hnNM,12,18,30,0.4
hnNN,20,11,31,0.65
hnNP,27,16,43,0.63
hnNS,9,10,19,0.47
hnNT,1,3,4,0.25
hnNb,11,8,19,0.58
hnNh,2,4,6,0.33
hnNl,6,4,10,0.6
hnNm,8,8,16,0.5
hnNn,13,22,35,0.37
hnNs,3,10,13,0.23
hnPB,6,10,16,0.38
hnPD,0,2,2,0.0
hnPH,5,6,11,0.45
hnPI,1,2,3,0.33
hnPK,2,1,3,0.67
hnPL,4,10,14,0.29
hnPM,17,19,36,0.47
hnPN,21,18,39,0.54
hnPP,31,24,55,0.56
hnPS,9,12,21,0.43
hnPT,0,1,1,0.0
hnPb,14,14,28,0.5
hnPh,4,2,6,0.67
hnPl,5,2,7,0.71
hnPm,20,11,31,0.65
hnPn,12,27,39,0.31
hnPs,12,8,20,0.6
hnSB,5,4,9,0.56
hnSD,1,2,3,0.33
hnSH,5,5,10,0.5
hnSL,4,3,7,0.57
hnSM,11,16,27,0.41
hnSN,11,4,15,0.73
hnSP,17,14,31,0.55
hnSS,14,8,22,0.64
hnST,2,1,3,0.67
hnSb,7,13,20,0.35
hnSh,8,5,13,0.62
hnSl,6,0,6,1.0
hnSm,11,7,18,0.61
hnSn,13,9,22,0.59
hnSs,9,9,18,0.5
hnbB,10,5,15,0.67
hnbD,2,0,2,1.0
hnbH,5,3,8,0.62
hnbI,0,1,1,0.0
hnbJ,0,1,1,0.0
hnbK,0,0,0,
hnbL,2,8,10,0.2
hnbM,8,18,26,0.31
hnbN,12,11,23,0.52
hnbP,9,13,22,0.41
hnbS,6,8,14,0.43
hnbb,13,8,21,0.62
hnbl,6,4,10,0.6
hnbm,3,4,7,0.43
hnbn,13,8,21,0.62
hnbs,7,5,12,0.58
hnhB,2,0,2,1.0
hnhL,1,1,2,0.5
hnhM,1,0,1,1.0
hnhP,1,1,2,0.5
hnhS,1,0,1,1.0
hnhb,0,2,2,0.0
hnhl,1,0,1,1.0
hnhn,1,0,1,1.0
hnlB,1,5,6,0.17
hnlD,0,1,1,0.0
hnlH,1,3,4,0.25
hnlI,0,1,1,0.0
hnlJ,1,1,2,0.5
hnlK,0,1,1,0.0
hnlL,1,1,2,0.5
hnlM,4,3,7,0.57
hnlN,3,4,7,0.43
hnlP,12,5,17,0.71
hnlS,2,2,4,0.5
hnlb,2,2,4,0.5
hnll,0,2,2,0.0
hnlm,3,2,5,0.6
hnln,4,1,5,0.8
hnls,3,2,5,0.6
hnmB,2,7,9,0.22
hnmD,1,1,2,0.5
hnmH,3,6,9,0.33
hnmI,0,0,0,
hnmJ,2,2,4,0.5
hnmK,1,0,1,1.0
hnmL,4,8,12,0.33
hnmM,6,9,15,0.4
hnmN,12,15,27,0.44
hnmP,11,15,26,0.42
hnmS,6,7,13,0.46
hnmb,7,7,14,0.5
hnml,3,2,5,0.6
hnmm,5,6,11,0.45
hnmn,11,9,20,0.55
hnms,2,4,6,0.33
hnnB,6,6,12,0.5
hnnD,1,1,2,0.5
hnnH,8,8,16,0.5
hnnI,2,0,2,1.0
hnnK,0,2,2,0.0
hnnL,8,5,13,0.62
hnnM,10,11,21,0.48
hnnN,12,12,24,0.5
hnnP,21,18,39,0.54
hnnS,1,9,10,0.1
hnnb,10,17,27,0.37
hnnh,1,2,3,0.33
hnnl,2,5,7,0.29
hnnm,8,7,15,0.53
hnnn,14,13,27,0.52
hnns,4,7,11,0.36
hnsB,7,6,13,0.54
hnsD,0,1,1,0.0
hnsH,6,13,19,0.32
hnsI,0,1,1,0.0
hnsL,4,2,6,0.67
hnsM,7,5,12,0.58
hnsN,9,8,17,0.53
hnsP,14,5,19,0.74
hnsS,8,8,16,0.5
hnsb,14,6,20,0.7
hnsl,7,1,8,0.88
hnsm,3,5,8,0.38
hnsn,9,5,14,0.64
hnss,6,7,13,0.46
hsBB,5,8,13,0.38
hsBD,0,1,1,0.0
hsBL,1,1,2,0.5
hsBM,4,4,8,0.5
hsBN,4,3,7,0.57
hsBP,7,8,15,0.47
hsBS,1,2,3,0.33
hsBb,7,7,14,0.5
hsBh,0,1,1,0.0
hsBj,1,4,5,0.2
hsBl,2,4,6,0.33
hsBm,6,3,9,0.67
hsBn,4,5,9,0.44
hsBs,3,4,7,0.43
hsDB,1,0,1,1.0
hsDD,1,0,1,1.0
hsDH,1,1,2,0.5
hsDL,0,1,1,0.0
hsDM,1,0,1,1.0
hsDN,2,0,2,1.0
hsDP,1,4,5,0.2
hsDS,2,2,4,0.5
hsDT,0,0,0,
hsDb,1,2,3,0.33
hsDm,1,0,1,1.0
hsDs,0,3,3,0.0
hsHB,4,5,9,0.44
hsHD,0,0,0,
hsHH,3,2,5,0.6
hsHK,0,2,2,0.0
hsHL,0,4,4,0.0
hsHM,2,14,16,0.12
hsHN,5,7,12,0.42
hsHP,10,9,19,0.53
hsHS,9,7,16,0.56
hsHT,1,0,1,1.0
hsHb,6,3,9,0.67
hsHh,7,7,14,0.5
hsHl,6,7,13,0.46
hsHm,15,5,20,0.75
hsHn,13,11,24,0.54
hsHs,9,7,16,0.56
hsIB,1,0,1,1.0
hsIH,1,0,1,1.0
hsIM,0,2,2,0.0
hsIN,1,0,1,1.0
hsIP,0,1,1,0.0
hsIS,2,3,5,0.4
hsIb,1,0,1,1.0
hsIm,1,3,4,0.25
hsIn,0,1,1,0.0
hsIs,0,3,3,0.0
hsKB,1,0,1,1.0
hsKS,0,0,0,
hsKb,0,1,1,0.0
hsKh,0,0,0,
hsKm,2,0,2,1.0
hsKn,1,0,1,1.0
hsKs,1,0,1,1.0
hsLB,5,4,9,0.56
hsLD,0,1,1,0.0
hsLM,1,1,2,0.5
hsLN,2,2,4,0.5
hsLP,4,4,8,0.5
hsLS,4,2,6,0.67
hsLT,1,0,1,1.0
hsLb,6,2,8,0.75
hsLh,2,2,4,0.5
hsLj,2,0,2,1.0
hsLl,0,5,5,0.0
hsLm,3,0,3,1.0
hsLn,3,6,9,0.33
hsLs,2,3,5,0.4
hsMB,6,4,10,0.6
hsMD,2,1,3,0.67
hsML,1,3,4,0.25
hsMM,7,10,17,0.41
hsMN,6,7,13,0.46
hsMP,7,5,12,0.58
hsMS,10,3,13,0.77
hsMT,1,1,2,0.5
hsMb,9,7,16,0.56
hsMh,10,10,20,0.5
hsMj,3,1,4,0.75
hsMl,5,1,6,0.83
hsMm,6,9,15,0.4
hsMn,5,9,14,0.36
hsMs,4,9,13,0.31
hsNB,2,8,10,0.2
hsND,0,1,1,0.0
hsNH,2,1,3,0.67
hsNI,1,1,2,0.5
hsNK,1,0,1,1.0
hsNL,5,8,13,0.38
hsNM,8,5,13,0.62
hsNN,9,9,18,0.5
hsNP,11,13,24,0.46
hsNS,4,8,12,0.33
hsNT,1,1,2,0.5
hsNb,5,4,9,0.56
hsNh,1,3,4,0.25
hsNl,2,4,6,0.33
hsNm,5,6,11,0.45
hsNn,10,3,13,0.77
hsNs,6,5,11,0.55
hsPB,4,7,11,0.36
hsPD,0,1,1,0.0
hsPH,3,2,5,0.6
hsPI,1,3,4,0.25
hsPK,1,1,2,0.5
hsPL,8,4,12,0.67
hsPM,7,11,18,0.39
hsPN,12,8,20,0.6
hsPP,20,13,33,0.61
hsPS,8,11,19,0.42
hsPT,0,1,1,0.0
hsPb,11,11,22,0.5
hsPh,1,0,1,1.0
hsPl,3,4,7,0.43
hsPm,11,6,17,0.65
hsPn,7,11,18,0.39
hsPs,11,10,21,0.52
hsSB,6,6,12,0.5
hsSD,2,2,4,0.5
hsSH,1,5,6,0.17
hsSK,0,1,1,0.0
hsSL,6,0,6,1.0
hsSM,8,11,19,0.42
hsSN,9,8,17,0.53
hsSP,14,14,28,0.5
hsSS,17,16,33,0.52
hsST,2,2,4,0.5
hsSb,9,5,14,0.64
hsSh,3,5,8,0.38
hsSl,8,7,15,0.53
hsSm,11,9,20,0.55
hsSn,6,13,19,0.32
hsSs,14,14,28,0.5
hsTB,1,0,1,1.0
hsTP,1,0,1,1.0
hsbB,4,5,9,0.44
hsbD,0,1,1,0.0
hsbH,3,3,6,0.5
hsbI,0,1,1,0.0
hsbJ,0,2,2,0.0
hsbK,1,0,1,1.0
hsbL,2,2,4,0.5
hsbM,8,7,15,0.53
hsbN,9,14,23,0.39
hsbP,6,8,14,0.43
hsbS,4,6,10,0.4
hsbb,7,8,15,0.47
hsbl,4,2,6,0.67
hsbm,14,5,19,0.74
hsbn,10,7,17,0.59
hsbs,1,1,2,0.5
hshP,2,0,2,1.0
hshS,0,2,2,0.0
hshT,0,1,1,0.0
hshb,0,1,1,0.0
hshh,1,0,1,1.0
hshl,0,0,0,
hshm,2,0,2,1.0
hshs,1,0,1,1.0
hslB,0,5,5,0.0
hslD,0,1,1,0.0
hslH,3,3,6,0.5
hslJ,1,1,2,0.5
hslK,0,1,1,0.0
hslL,1,3,4,0.25
hslM,4,6,10,0.4
hslN,0,3,3,0.0
hslP,3,2,5,0.6
hslS,5,1,6,0.83
hslb,5,3,8,0.62
hsll,1,6,7,0.14
hslm,1,2,3,0.33
hsln,1,2,3,0.33
hsls,2,2,4,0.5
hsmB,2,4,6,0.33
hsmD,2,3,5,0.4
hsmH,3,5,8,0.38
hsmI,1,0,1,1.0
hsmJ,1,1,2,0.5
hsmL,3,4,7,0.43
hsmM,8,11,19,0.42
hsmN,14,14,28,0.5
hsmP,10,17,27,0.37
hsmS,4,6,10,0.4
hsmb,11,8,19,0.58
hsml,1,2,3,0.33
hsmm,8,6,14,0.57
hsmn,5,4,9,0.56
hsms,8,4,12,0.67
hsnB,5,2,7,0.71
hsnD,1,0,1,1.0
hsnH,2,3,5,0.4
hsnI,1,2,3,0.33
hsnK,1,0,1,1.0
hsnL,0,1,1,0.0
hsnM,7,9,16,0.44
hsnN,9,7,16,0.56
hsnP,9,9,18,0.5
hsnS,6,12,18,0.33
hsnT,0,1,1,0.0
hsnb,6,5,11,0.55
hsnl,2,3,5,0.4
hsnm,3,3,6,0.5
hsnn,11,8,19,0.58
hsns,9,6,15,0.6
hssB,2,3,5,0.4
hssD,2,3,5,0.4
hssH,2,3,5,0.4
hssI,1,0,1,1.0
hssL,2,4,6,0.33
hssM,9,7,16,0.56
hssN,4,6,10,0.4
hssP,9,8,17,0.53
hssS,12,7,19,0.63
hssT,0,1,1,0.0
hssb,4,7,11,0.36
hssl,2,2,4,0.5
hssm,8,3,11,0.73
hssn,6,4,10,0.6
hsss,11,10,21,0.52
jBBB,0,3,3,0.0
jBBD,1,0,1,1.0
jBBL,0,1,1,0.0
jBBM,0,5,5,0.0
jBBN,1,1,2,0.5
jBBP,3,3,6,0.5
jBBS,2,1,3,0.67
jBBT,1,0,1,1.0
jBBb,3,5,8,0.38
jBBj,1,2,3,0.33
jBBl,1,1,2,0.5
jBBm,2,1,3,0.67
jBBn,1,1,2,0.5
jBBs,0,1,1,0.0
jBDn,0,1,1,0.0
jBDs,0,0,0,
jBKM,0,0,0,
jBKP,1,0,1,1.0
jBKl,0,1,1,0.0
jBKs,0,0,0,
jBLB,1,1,2,0.5
jBLD,1,0,1,1.0
jBLL,1,1,2,0.5
jBLM,1,0,1,1.0
jBLN,0,1,1,0.0
jBLP,0,2,2,0.0
jBLb,0,1,1,0.0
jBLl,1,2,3,0.33
jBLm,1,1,2,0.5
jBLn,1,2,3,0.33
jBLs,0,0,0,
jBMB,1,2,3,0.33
jBML,4,0,4,1.0
jBMM,1,2,3,0.33
jBMN,1,2,3,0.33
jBMP,5,1,6,0.83
jBMb,4,2,6,0.67
jBMh,1,0,1,1.0
jBMj,0,2,2,0.0
jBMm,6,1,7,0.86
jBMn,3,4,7,0.43
jBNB,1,0,1,1.0
jBND,0,1,1,0.0
jBNH,2,0,2,1.0
jBNM,2,2,4,0.5
jBNN,2,2,4,0.5
jBNP,2,3,5,0.4
jBNS,0,1,1,0.0
jBNT,1,1,2,0.5
jBNb,5,6,11,0.45
jBNh,1,0,1,1.0
jBNl,0,2,2,0.0
jBNm,3,2,5,0.6
jBNn,2,3,5,0.4
jBNs,1,0,1,1.0
jBPB,4,2,6,0.67
jBPD,1,0,1,1.0
jBPH,1,0,1,1.0
jBPI,1,0,1,1.0
jBPL,1,3,4,0.25
jBPM,2,0,2,1.0
jBPN,2,4,6,0.33
jBPP,3,6,9,0.33
jBPS,1,2,3,0.33
jBPT,1,0,1,1.0
jBPb,2,5,7,0.29
jBPl,3,3,6,0.5
jBPm,2,2,4,0.5
jBPn,3,2,5,0.6
jBPs,1,1,2,0.5
jBSB,3,0,3,1.0
jBSH,0,1,1,0.0
jBSL,1,0,1,1.0
jBSM,1,0,1,1.0
jBSN,0,3,3,0.0
jBSP,0,1,1,0.0
jBSS,2,1,3,0.67
jBST,1,0,1,1.0
jBSb,1,0,1,1.0
jBSh,2,1,3,0.67
jBSl,2,0,2,1.0
jBSm,0,0,0,
jBSn,2,1,3,0.67
jBSs,2,0,2,1.0
jBTD,0,1,1,0.0
jBTN,0,1,1,0.0
jBTP,1,0,1,1.0
jBTS,0,1,1,0.0
jBTb,1,0,1,1.0
jBTm,2,1,3,0.67
jBbB,2,3,5,0.4
jBbD,1,0,1,1.0
jBbH,0,1,1,0.0
jBbI,1,1,2,0.5
jBbJ,1,0,1,1.0
jBbM,2,2,4,0.5
jBbN,3,1,4,0.75
jBbP,4,2,6,0.67
jBbS,0,2,2,0.0
jBbb,4,5,9,0.44
jBbl,0,1,1,0.0
jBbm,2,1,3,0.67
jBbn,2,0,2,1.0
jBbs,1,0,1,1.0
jBhP,2,0,2,1.0
jBhl,0,1,1,0.0
jBhn,1,1,2,0.5
jBhs,2,1,3,0.67
jBjB,3,2,5,0.6
jBjL,1,2,3,0.33
jBjM,0,1,1,0.0
jBjN,0,0,0,
jBjP,0,0,0,
jBjb,1,1,2,0.5
jBjm,1,0,1,1.0
jBjs,0,1,1,0.0
jBlB,1,0,1,1.0
jBlH,1,1,2,0.5
jBlI,1,0,1,1.0
jBlJ,1,0,1,1.0
jBlL,0,1,1,0.0
jBlM,1,1,2,0.5
jBlN,1,1,2,0.5
jBlP,1,0,1,1.0
jBlb,2,1,3,0.67
jBlm,1,1,2,0.5
jBln,1,0,1,1.0
jBls,1,0,1,1.0
jBmB,0,3,3,0.0
jBmH,2,0,2,1.0
jBmI,1,1,2,0.5
jBmL,1,0,1,1.0
jBmM,0,3,3,0.0
jBmN,1,6,7,0.14
jBmP,2,2,4,0.5
jBmS,1,1,2,0.5
jBmb,1,3,4,0.25
jBml,1,0,1,1.0
jBmm,1,2,3,0.33
jBmn,2,4,6,0.33
jBms,0,2,2,0.0
jBnB,1,0,1,1.0
jBnD,0,1,1,0.0
jBnH,0,1,1,0.0
jBnK,0,1,1,0.0
jBnL,1,0,1,1.0
jBnM,1,4,5,0.2
jBnN,1,5,6,0.17
jBnP,5,7,12,0.42
jBnS,3,1,4,0.75
jBnb,6,1,7,0.86
jBnl,2,1,3,0.67
jBnm,3,1,4,0.75
jBnn,2,4,6,0.33
jBns,0,0,0,
jBsD,0,1,1,0.0
jBsH,1,0,1,1.0
jBsK,0,1,1,0.0
jBsL,0,1,1,0.0
jBsM,0,3,3,0.0
jBsN,0,1,1,0.0
jBsP,1,2,3,0.33
jBsS,2,0,2,1.0
jBsb,0,1,1,0.0
jBsl,0,0,0,
jBsn,3,0,3,1.0
jBss,1,3,4,0.25
jDBM,0,0,0,
jDBj,0,0,0,
jDBm,0,1,1,0.0
jDBn,1,0,1,1.0
jDHI,0,1,1,0.0
jDHP,1,0,1,1.0
jDHb,1,0,1,1.0
jDHh,1,0,1,1.0
jDHl,1,0,1,1.0
jDHm,1,0,1,1.0
jDHn,0,1,1,0.0
jDLL,0,1,1,0.0
jDLN,0,0,0,
jDLS,0,1,1,0.0
jDMB,1,0,1,1.0
jDMM,0,1,1,0.0
jDMP,1,1,2,0.5
jDMS,0,0,0,
jDMb,0,0,0,
jDMh,1,0,1,1.0
jDMl,1,0,1,1.0
jDNP,0,0,0,
jDNS,0,1,1,0.0
jDNT,1,0,1,1.0
jDPL,1,0,1,1.0
jDPM,0,1,1,0.0
jDPN,0,1,1,0.0
jDPP,1,0,1,1.0
jDPb,1,0,1,1.0
jDPl,0,1,1,0.0
jDPm,0,0,0,
jDSB,1,0,1,1.0
jDSL,1,0,1,1.0
jDSM,0,1,1,0.0
jDSP,0,1,1,0.0
jDSh,1,0,1,1.0
jDSs,0,0,0,
jDbM,1,0,1,1.0
jDbN,0,1,1,0.0
jDbS,0,1,1,0.0
jDbb,1,0,1,1.0
jDhN,0,0,0,
jDmH,1,0,1,1.0
jDmN,1,0,1,1.0
jDmP,0,0,0,
jDnH,1,0,1,1.0
jDnK,0,1,1,0.0
jDnM,0,1,1,0.0
jDnP,0,1,1,0.0
jDns,1,0,1,1.0
jDsP,0,0,0,
jDsS,0,1,1,0.0
jHBB,0,0,0,
jHBD,0,1,1,0.0
jHBL,0,1,1,0.0
jHBM,2,0,2,1.0
jHBN,0,1,1,0.0
jHBP,1,1,2,0.5
jHBS,0,1,1,0.0
jHBb,3,0,3,1.0
jHBj,0,0,0,
jHBl,0,1,1,0.0
jHBm,0,1,1,0.0
jHBn,2,0,2,1.0
jHDM,0,1,1,0.0
jHHB,0,1,1,0.0
jHHH,1,0,1,1.0
jHHI,0,0,0,
jHHh,0,0,0,
jHHn,0,0,0,
jHHs,1,0,1,1.0
jHIM,0,0,0,
jHIs,0,1,1,0.0
jHLB,1,1,2,0.5
jHLP,0,1,1,0.0
jHLT,0,1,1,0.0
jHLb,1,1,2,0.5
jHLn,0,1,1,0.0
jHLs,1,0,1,1.0
jHMB,1,0,1,1.0
jHML,1,0,1,1.0
jHMM,1,0,1,1.0
jHMN,2,0,2,1.0
jHMP,0,1,1,0.0
jHMS,0,1,1,0.0
jHMm,2,1,3,0.67
jHMn,2,1,3,0.67
jHMs,1,0,1,1.0
jHNL,0,1,1,0.0
jHNM,0,3,3,0.0
jHNN,0,2,2,0.0
jHNP,1,1,2,0.5
jHNS,0,1,1,0.0
jHNT,0,0,0,
jHNb,1,0,1,1.0
jHNh,0,1,1,0.0
jHNl,1,2,3,0.33
jHNm,1,0,1,1.0
jHNn,1,0,1,1.0
jHNs,0,1,1,0.0
jHPB,1,1,2,0.5
jHPH,0,1,1,0.0
jHPL,2,0,2,1.0
jHPM,1,0,1,1.0
jHPN,0,1,1,0.0
jHPP,0,3,3,0.0
jHPT,1,0,1,1.0
jHPb,2,0,2,1.0
jHPh,1,2,3,0.33
jHPl,0,3,3,0.0
jHPm,2,1,3,0.67
jHPn,2,1,3,0.67
jHPs,1,0,1,1.0
jHSB,1,1,2,0.5
jHSM,1,0,1,1.0
jHSN,1,0,1,1.0
jHSP,0,1,1,0.0
jHSS,1,0,1,1.0
jHSm,0,2,2,0.0
jHSn,0,0,0,
jHSs,1,1,2,0.5
jHTn,1,0,1,1.0
jHbB,1,1,2,0.5
jHbJ,1,0,1,1.0
jHbL,0,1,1,0.0
jHbM,1,1,2,0.5
jHbN,1,1,2,0.5
jHbP,2,0,2,1.0
jHbS,1,1,2,0.5
jHbb,0,1,1,0.0
jHbl,1,0,1,1.0
jHbm,1,1,2,0.5
jHbn,0,1,1,0.0
jHhH,0,1,1,0.0
jHhL,1,0,1,1.0
jHhM,1,1,2,0.5
jHhP,1,0,1,1.0
jHhS,1,2,3,0.33
jHhs,1,0,1,1.0
jHlM,0,1,1,0.0
jHlN,0,1,1,0.0
jHlP,1,0,1,1.0
jHlS,1,0,1,1.0
jHlb,2,0,2,1.0
jHln,1,1,2,0.5
jHmB,0,1,1,0.0
jHmH,1,0,1,1.0
jHmK,0,1,1,0.0
jHmM,0,1,1,0.0
jHmN,0,0,0,
jHmP,4,1,5,0.8
jHmS,0,3,3,0.0
jHmb,2,0,2,1.0
jHmm,0,2,2,0.0
jHms,0,1,1,0.0
jHnB,0,0,0,
jHnD,1,0,1,1.0
jHnH,0,0,0,
jHnM,0,2,2,0.0
jHnS,0,2,2,0.0
jHnb,2,0,2,1.0
jHnm,0,1,1,0.0
jHnn,0,0,0,
jHns,0,0,0,
jHsD,0,1,1,0.0
jHsH,0,0,0,
jHsM,1,1,2,0.5
jHsN,0,2,2,0.0
jHsP,1,0,1,1.0
jHsS,0,0,0,
jHsl,0,1,1,0.0
jHsm,0,0,0,
jHsn,0,0,0,
jHss,0,2,2,0.0
jIBB,0,0,0,
jIBK,1,0,1,1.0
jIBl,0,0,0,
jIDP,0,1,1,0.0
jIHP,1,0,1,1.0
jIHh,0,1,1,0.0
jIHl,0,1,1,0.0
jILl,1,0,1,1.0
jILn,1,0,1,1.0
jIMB,0,1,1,0.0
jIML,1,0,1,1.0
jIMM,1,0,1,1.0
jIMN,1,0,1,1.0
jIMS,0,1,1,0.0
jIMb,1,0,1,1.0
jIMm,0,0,0,
jIMn,0,1,1,0.0
jIMs,0,0,0,
jINP,0,0,0,
jINb,0,1,1,0.0
jIPL,0,1,1,0.0
jIPN,1,0,1,1.0
jIPP,0,1,1,0.0
jIPb,2,1,3,0.67
jIPh,0,0,0,
jIPl,0,1,1,0.0
jIPn,0,0,0,
jIPs,0,1,1,0.0
jISH,0,0,0,
jISl,0,1,1,0.0
jISm,0,1,1,0.0
jITB,1,0,1,1.0
jIbM,0,1,1,0.0
jIbP,0,0,0,
jIbb,0,1,1,0.0
jIbm,1,1,2,0.5
jIbn,1,0,1,1.0
jIlM,1,0,1,1.0
jImB,1,0,1,1.0
jImM,0,1,1,0.0
jImb,1,0,1,1.0
jInI,0,1,1,0.0
jInM,0,0,0,
jInP,1,0,1,1.0
jInS,1,0,1,1.0
jInh,0,1,1,0.0
jIsM,0,1,1,0.0
jIsm,0,0,0,
jIsn,0,1,1,0.0
jIss,0,0,0,
jKBS,1,0,1,1.0
jKBb,0,1,1,0.0
jKBn,1,0,1,1.0
jKHP,1,0,1,1.0
jKLh,1,0,1,1.0
jKLm,1,0,1,1.0
jKLn,1,0,1,1.0
jKMD,0,1,1,0.0
jKMP,1,0,1,1.0
jKMb,0,1,1,0.0
jKMm,0,1,1,0.0
jKNN,1,0,1,1.0
jKNl,0,1,1,0.0
jKNm,0,1,1,0.0
jKPS,0,1,1,0.0
jKPb,1,1,2,0.5
jKSL,1,0,1,1.0
jKSS,1,0,1,1.0
jKST,0,1,1,0.0
jKSm,0,1,1,0.0
jKbD,0,1,1,0.0
jKbH,0,1,1,0.0
jKbb,1,0,1,1.0
jKbm,1,0,1,1.0
jKhD,0,1,1,0.0
jKhM,1,2,3,0.33
jKhP,1,0,1,1.0
jKhl,0,1,1,0.0
jKmB,1,0,1,1.0
jKmb,1,0,1,1.0
jKmm,1,1,2,0.5
jKms,2,0,2,1.0
jKnS,0,1,1,0.0
jKnm,1,0,1,1.0
jKsM,0,0,0,
jLBD,1,0,1,1.0
jLBL,1,0,1,1.0
jLBM,0,1,1,0.0
jLBN,0,1,1,0.0
jLBP,1,4,5,0.2
jLBS,1,0,1,1.0
jLBb,0,0,0,
jLBh,0,1,1,0.0
jLBj,1,0,1,1.0
jLBm,3,1,4,0.75
jLBn,0,1,1,0.0
jLBs,1,0,1,1.0
jLDL,1,0,1,1.0
jLKB,0,1,1,0.0
jLKM,1,1,2,0.5
jLLM,1,2,3,0.33
jLLN,0,1,1,0.0
jLLS,1,0,1,1.0
jLLh,0,0,0,
jLLj,0,1,1,0.0
jLLm,0,0,0,
jLLn,2,0,2,1.0
jLMB,1,0,1,1.0
jLML,2,0,2,1.0
jLMM,0,1,1,0.0
jLMN,0,1,1,0.0
jLMP,2,1,3,0.67
jLMS,1,0,1,1.0
jLMb,1,0,1,1.0
jLMh,0,2,2,0.0
jLMj,0,1,1,0.0
jLMl,1,1,2,0.5
jLMm,3,0,3,1.0
jLMn,4,2,6,0.67
jLNB,2,0,2,1.0
jLND,1,0,1,1.0
jLNH,0,0,0,
jLNM,1,2,3,0.33
jLNN,0,1,1,0.0
jLNP,2,2,4,0.5
jLNT,0,1,1,0.0
jLNb,2,0,2,1.0
jLNl,0,1,1,0.0
jLNm,2,0,2,1.0
jLNn,1,0,1,1.0
jLNs,0,2,2,0.0
jLPB,1,0,1,1.0
jLPH,0,1,1,0.0
jLPL,0,1,1,0.0
jLPM,1,1,2,0.5
jLPN,2,2,4,0.5
jLPP,0,3,3,0.0
jLPS,1,0,1,1.0
jLPb,0,1,1,0.0
jLPl,0,2,2,0.0
jLPm,1,1,2,0.5
jLPn,5,2,7,0.71
jLPs,3,0,3,1.0
jLSB,1,0,1,1.0
jLSL,1,0,1,1.0
jLSM,0,1,1,0.0
jLSS,2,0,2,1.0
jLSl,2,0,2,1.0
jLSm,1,0,1,1.0
jLSn,1,1,2,0.5
jLSs,0,2,2,0.0
jLTS,1,0,1,1.0
jLbB,0,1,1,0.0
jLbH,0,2,2,0.0
jLbI,0,1,1,0.0
jLbJ,1,2,3,0.33
jLbK,0,1,1,0.0
jLbM,1,3,4,0.25
jLbN,1,1,2,0.5
jLbP,2,3,5,0.4
jLbS,1,1,2,0.5
jLbb,0,1,1,0.0
jLbm,1,0,1,1.0
jLbn,0,0,0,
jLhB,0,1,1,0.0
jLhP,1,1,2,0.5
jLhh,1,1,2,0.5
jLhm,0,1,1,0.0
jLhn,1,1,2,0.5
jLjB,1,0,1,1.0
jLjL,1,0,1,1.0
jLjM,0,0,0,
jLjN,1,0,1,1.0
jLjP,0,2,2,0.0
jLjS,1,0,1,1.0
jLjh,0,1,1,0.0
jLjm,0,0,0,
jLjn,1,0,1,1.0
jLjs,0,1,1,0.0
jLlB,2,0,2,1.0
jLlH,0,1,1,0.0
jLlJ,0,1,1,0.0
jLlM,1,1,2,0.5
jLlP,3,0,3,1.0
jLlb,2,1,3,0.67
jLls,0,0,0,
jLmB,0,1,1,0.0
jLmH,0,1,1,0.0
jLmL,0,0,0,
jLmM,0,4,4,0.0
jLmN,0,4,4,0.0
jLmP,0,1,1,0.0
jLmS,2,0,2,1.0
jLmb,1,0,1,1.0
jLml,0,1,1,0.0
jLmm,0,2,2,0.0
jLmn,1,1,2,0.5
jLms,0,2,2,0.0
jLnB,1,0,1,1.0
jLnH,1,1,2,0.5
jLnL,1,0,1,1.0
jLnM,3,0,3,1.0
jLnN,0,3,3,0.0
jLnP,5,3,8,0.62
jLnb,1,1,2,0.5
jLnl,1,1,2,0.5
jLnm,2,4,6,0.33
jLnn,2,2,4,0.5
jLns,1,0,1,1.0
jLsB,0,1,1,0.0
jLsD,1,0,1,1.0
jLsH,0,1,1,0.0
jLsL,0,1,1,0.0
jLsM,2,0,2,1.0
jLsP,1,2,3,0.33
jLsS,1,2,3,0.33
jLsb,0,1,1,0.0
jLsl,1,1,2,0.5
jLsm,0,0,0,
jLss,0,1,1,0.0
jMBB,1,1,2,0.5
jMBK,2,1,3,0.67
jMBL,0,1,1,0.0
jMBM,2,1,3,0.67
jMBN,1,4,5,0.2
jMBP,1,1,2,0.5
jMBS,1,0,1,1.0
jMBT,1,2,3,0.33
jMBb,3,3,6,0.5
jMBh,0,1,1,0.0
jMBj,2,0,2,1.0
jMBl,3,0,3,1.0
jMBm,0,2,2,0.0
jMBn,4,3,7,0.57
jMBs,2,0,2,1.0
jMDH,0,0,0,
jMDM,0,1,1,0.0
jMDN,1,0,1,1.0
jMDP,1,0,1,1.0
jMDm,0,1,1,0.0
jMDs,0,1,1,0.0
jMHI,0,1,1,0.0
jMLN,1,0,1,1.0
jMLP,3,2,5,0.6
jMLb,2,0,2,1.0
jMLl,0,0,0,
jMLm,1,1,2,0.5
jMLn,3,1,4,0.75
jMLs,0,1,1,0.0
jMMB,1,1,2,0.5
jMML,1,1,2,0.5
jMMM,2,3,5,0.4
jMMN,3,2,5,0.6
jMMP,0,2,2,0.0
jMMS,0,1,1,0.0
jMMb,2,3,5,0.4
jMMh,0,2,2,0.0
jMMj,1,2,3,0.33
jMMl,0,0,0,
jMMm,2,0,2,1.0
jMMn,3,2,5,0.6
jMNB,2,2,4,0.5
jMNK,0,1,1,0.0
jMNL,0,1,1,0.0
jMNM,3,1,4,0.75
jMNN,1,3,4,0.25
jMNP,4,8,12,0.33
jMNS,2,0,2,1.0
jMNb,2,1,3,0.67
jMNh,3,1,4,0.75
jMNl,1,0,1,1.0
jMNm,3,1,4,0.75
jMNn,4,2,6,0.67
jMNs,0,1,1,0.0
jMPB,5,5,10,0.5
jMPD,1,0,1,1.0
jMPH,0,0,0,
jMPI,1,1,2,0.5
jMPL,1,2,3,0.33
jMPM,2,2,4,0.5
jMPN,1,1,2,0.5
jMPP,4,2,6,0.67
jMPS,1,1,2,0.5
jMPb,2,1,3,0.67
jMPh,0,1,1,0.0
jMPl,0,0,0,
jMPm,3,3,6,0.5
jMPn,2,0,2,1.0
jMPs,2,1,3,0.67
jMSB,1,0,1,1.0
jMSH,0,1,1,0.0
jMSM,2,2,4,0.5
jMSN,1,4,5,0.2
jMSP,3,5,8,0.38
jMSS,2,2,4,0.5
jMST,1,1,2,0.5
jMSb,2,2,4,0.5
jMSh,2,1,3,0.67
jMSl,2,0,2,1.0
jMSm,0,0,0,
jMSn,0,1,1,0.0
jMSs,1,0,1,1.0
jMTB,0,0,0,
jMTL,0,1,1,0.0
jMTS,1,0,1,1.0
jMbB,2,4,6,0.33
jMbD,1,0,1,1.0
jMbH,0,1,1,0.0
jMbI,0,0,0,
jMbJ,0,1,1,0.0
jMbL,4,0,4,1.0
jMbM,4,7,11,0.36
jMbN,0,8,8,0.0
jMbP,4,9,13,0.31
jMbS,0,4,4,0.0
jMbb,4,3,7,0.57
jMbl,1,1,2,0.5
jMbm,1,2,3,0.33
jMbn,1,5,6,0.17
jMbs,0,4,4,0.0
jMhB,0,1,1,0.0
jMhH,0,0,0,
jMhL,0,2,2,0.0
jMhM,2,2,4,0.5
jMhN,4,0,4,1.0
jMhP,4,1,5,0.8
jMhS,1,4,5,0.2
jMhb,2,1,3,0.67
jMhh,1,1,2,0.5
jMhl,1,1,2,0.5
jMhn,2,2,4,0.5
jMhs,4,2,6,0.67
jMjM,0,1,1,0.0
jMjN,3,4,7,0.43
jMjP,2,0,2,1.0
jMjS,1,0,1,1.0
jMjb,0,2,2,0.0
jMjl,0,1,1,0.0
jMjm,1,2,3,0.33
jMjn,0,1,1,0.0
jMjs,1,1,2,0.5
jMlB,0,3,3,0.0
jMlH,1,0,1,1.0
jMlI,1,1,2,0.5
jMlL,1,0,1,1.0
jMlM,1,1,2,0.5
jMlN,1,0,1,1.0
jMlP,1,1,2,0.5
jMlb,0,1,1,0.0
jMll,1,0,1,1.0
jMlm,0,2,2,0.0
jMln,0,1,1,0.0
jMls,1,0,1,1.0
jMmB,4,0,4,1.0
jMmD,1,0,1,1.0
jMmH,1,0,1,1.0
jMmI,0,0,0,
jMmJ,3,2,5,0.6
jMmL,1,0,1,1.0
jMmM,3,2,5,0.6
jMmN,2,3,5,0.4
jMmP,1,1,2,0.5
jMmS,1,1,2,0.5
jMmb,3,1,4,0.75
jMml,1,0,1,1.0
jMmm,3,3,6,0.5
jMmn,1,3,4,0.25
jMms,1,1,2,0.5
jMnB,3,1,4,0.75
jMnH,1,5,6,0.17
jMnI,1,0,1,1.0
jMnL,1,1,2,0.5
jMnM,7,3,10,0.7
jMnN,6,2,8,0.75
jMnP,6,2,8,0.75
jMnS,1,1,2,0.5
jMnb,1,2,3,0.33
jMnl,1,2,3,0.33
jMnm,4,2,6,0.67
jMnn,4,8,12,0.33
jMns,3,2,5,0.6
jMsB,1,3,4,0.25
jMsH,0,1,1,0.0
jMsL,2,0,2,1.0
jMsM,2,2,4,0.5
jMsN,4,6,10,0.4
jMsP,6,1,7,0.86
jMsS,2,2,4,0.5
jMsb,2,1,3,0.67
jMsl,3,1,4,0.75
jMsm,1,1,2,0.5
jMsn,0,1,1,0.0
jMss,1,2,3,0.33
jNBB,2,3,5,0.4
jNBK,1,0,1,1.0
jNBM,2,0,2,1.0
jNBN,3,1,4,0.75
jNBP,4,1,5,0.8
jNBS,2,1,3,0.67
jNBj,2,0,2,1.0
jNBl,0,0,0,
jNBm,2,0,2,1.0
jNBn,4,1,5,0.8
jNDB,0,1,1,0.0
jNDH,0,0,0,
jNDL,1,0,1,1.0
jNDN,0,1,1,0.0
jNDP,1,0,1,1.0
jNDS,1,0,1,1.0
jNDm,0,0,0,
jNDs,1,0,1,1.0
jNHH,1,0,1,1.0
jNHI,1,0,1,1.0
jNHN,2,0,2,1.0
jNHP,1,1,2,0.5
jNHl,0,1,1,0.0
jNHs,1,0,1,1.0
jNKM,0,1,1,0.0
jNKm,0,1,1,0.0
jNLB,1,0,1,1.0
jNLM,2,2,4,0.5
jNLN,0,1,1,0.0
jNLP,2,0,2,1.0
jNLS,2,0,2,1.0
jNLb,0,3,3,0.0
jNLj,1,0,1,1.0
jNLl,0,1,1,0.0
jNLm,1,3,4,0.25
jNLn,0,2,2,0.0
jNLs,0,1,1,0.0
jNMB,1,3,4,0.25
jNMD,0,0,0,
jNML,0,2,2,0.0
jNMM,0,1,1,0.0
jNMN,2,2,4,0.5
jNMP,1,1,2,0.5
jNMS,0,2,2,0.0
jNMb,2,2,4,0.5
jNMh,0,1,1,0.0
jNMj,0,1,1,0.0
jNMl,2,2,4,0.5
jNMm,0,4,4,0.0
jNMn,6,4,10,0.6
jNMs,1,3,4,0.25
jNNB,2,4,6,0.33
jNND,0,1,1,0.0
jNNL,1,0,1,1.0
jNNM,1,2,3,0.33
jNNN,2,4,6,0.33
jNNP,6,3,9,0.67
jNNS,4,1,5,0.8
jNNb,4,3,7,0.57
jNNh,2,2,4,0.5
jNNm,2,1,3,0.67
jNNn,4,2,6,0.67
jNNs,0,2,2,0.0
jNPB,5,3,8,0.62
jNPH,1,0,1,1.0
jNPI,1,0,1,1.0
jNPL,1,3,4,0.25
jNPM,6,4,10,0.6
jNPN,3,5,8,0.38
jNPP,6,8,14,0.43
jNPS,9,4,13,0.69
jNPT,1,0,1,1.0
jNPb,2,2,4,0.5
jNPh,0,1,1,0.0
jNPl,5,4,9,0.56
jNPm,4,8,12,0.33
jNPn,3,2,5,0.6
jNPs,5,2,7,0.71
jNSB,2,2,4,0.5
jNSD,0,0,0,
jNSH,0,1,1,0.0
jNSK,1,0,1,1.0
jNSL,0,1,1,0.0
jNSM,2,1,3,0.67
jNSN,2,0,2,1.0
jNSP,2,3,5,0.4
jNSS,0,2,2,0.0
jNST,0,1,1,0.0
jNSb,6,2,8,0.75
jNSh,0,0,0,
jNSm,2,2,4,0.5
jNSn,0,4,4,0.0
jNSs,0,3,3,0.0
jNTB,1,0,1,1.0
jNTP,2,0,2,1.0
jNTS,2,0,2,1.0
jNTm,0,1,1,0.0
jNTn,2,1,3,0.67
jNTs,1,0,1,1.0
jNbB,2,2,4,0.5
jNbJ,1,0,1,1.0
jNbK,0,1,1,0.0
jNbL,0,1,1,0.0
jNbM,2,2,4,0.5
jNbN,2,4,6,0.33
jNbP,3,7,10,0.3
jNbS,1,2,3,0.33
jNbb,4,0,4,1.0
jNbl,0,1,1,0.0
jNbm,2,3,5,0.4
jNbn,2,2,4,0.5
jNbs,3,0,3,1.0
jNhB,1,0,1,1.0
jNhD,0,1,1,0.0
jNhH,0,1,1,0.0
jNhL,1,1,2,0.5
jNhM,1,0,1,1.0
jNhN,1,1,2,0.5
jNhP,0,3,3,0.0
jNhS,0,1,1,0.0
jNhb,1,4,5,0.2
jNhh,1,2,3,0.33
jNhl,0,2,2,0.0
jNhn,1,1,2,0.5
jNhs,0,1,1,0.0
jNlB,2,2,4,0.5
jNlH,1,0,1,1.0
jNlI,0,1,1,0.0
jNlJ,0,1,1,0.0
jNlL,0,1,1,0.0
jNlN,1,0,1,1.0
jNlP,2,2,4,0.5
jNlS,2,2,4,0.5
jNlb,1,0,1,1.0
jNll,0,2,2,0.0
jNlm,0,1,1,0.0
jNln,1,0,1,1.0
jNls,0,1,1,0.0
jNmB,2,1,3,0.67
jNmD,0,1,1,0.0
jNmH,0,5,5,0.0
jNmI,1,0,1,1.0
jNmJ,2,0,2,1.0
jNmL,0,3,3,0.0
jNmM,0,1,1,0.0
jNmN,0,6,6,0.0
jNmP,3,6,9,0.33
jNmS,1,2,3,0.33
jNmb,2,1,3,0.67
jNmm,2,1,3,0.67
jNmn,2,1,3,0.67
jNnB,3,3,6,0.5
jNnD,1,1,2,0.5
jNnH,4,2,6,0.67
jNnI,0,1,1,0.0
jNnL,2,2,4,0.5
jNnM,6,3,9,0.67
jNnN,2,1,3,0.67
jNnP,3,6,9,0.33
jNnS,6,2,8,0.75
jNnb,1,4,5,0.2
jNnh,1,0,1,1.0
jNnl,1,2,3,0.33
jNnm,7,1,8,0.88
jNnn,3,5,8,0.38
jNns,1,2,3,0.33
jNsD,0,1,1,0.0
jNsH,3,2,5,0.6
jNsL,0,1,1,0.0
jNsM,1,2,3,0.33
jNsN,2,3,5,0.4
jNsP,2,2,4,0.5
jNsS,2,2,4,0.5
jNsb,2,2,4,0.5
jNsl,0,1,1,0.0
jNsm,2,1,3,0.67
jNss,2,3,5,0.4
jPBB,3,2,5,0.6
jPBL,1,0,1,1.0
jPBM,1,7,8,0.12
jPBN,1,2,3,0.33
jPBP,6,5,11,0.55
jPBT,0,1,1,0.0
jPBb,2,0,2,1.0
jPBl,3,1,4,0.75
jPBm,6,0,6,1.0
jPBn,5,3,8,0.62
jPBs,0,2,2,0.0
jPDB,0,1,1,0.0
jPDD,0,0,0,
jPDH,1,0,1,1.0
jPDM,0,1,1,0.0
jPDN,0,1,1,0.0
jPDS,1,0,1,1.0
jPDl,0,1,1,0.0
jPDm,0,0,0,
jPDn,1,0,1,1.0
jPDs,1,0,1,1.0
jPHL,0,1,1,0.0
jPHM,1,1,2,0.5
jPHN,1,1,2,0.5
jPHP,2,1,3,0.67
jPHS,1,0,1,1.0
jPHb,1,0,1,1.0
jPHl,1,2,3,0.33
jPHm,0,1,1,0.0
jPHn,3,0,3,1.0
jPHs,0,1,1,0.0
jPIB,1,0,1,1.0
jPIH,0,1,1,0.0
jPIL,1,0,1,1.0
jPIM,0,2,2,0.0
jPIN,1,0,1,1.0
jPIP,1,1,2,0.5
jPKL,1,0,1,1.0
jPKN,1,0,1,1.0
jPKP,1,2,3,0.33
jPKS,0,1,1,0.0
jPKb,1,0,1,1.0
jPKh,1,0,1,1.0
jPKs,0,1,1,0.0
jPLB,1,4,5,0.2
jPLL,1,0,1,1.0
jPLM,3,1,4,0.75
jPLN,2,3,5,0.4
jPLP,3,4,7,0.43
jPLS,2,1,3,0.67
jPLb,2,3,5,0.4
jPLh,0,1,1,0.0
jPLj,0,1,1,0.0
jPLl,2,0,2,1.0
jPLm,2,1,3,0.67
jPLn,0,3,3,0.0
jPLs,1,1,2,0.5
jPMB,4,4,8,0.5
jPML,2,1,3,0.67
jPMM,2,1,3,0.67
jPMN,3,6,9,0.33
jPMP,4,3,7,0.57
jPMS,1,2,3,0.33
jPMT,0,1,1,0.0
jPMb,5,2,7,0.71
jPMh,3,3,6,0.5
jPMj,0,1,1,0.0
jPMl,1,1,2,0.5
jPMm,8,5,13,0.62
jPMn,2,5,7,0.29
jPMs,5,2,7,0.71
jPNB,2,2,4,0.5
jPND,1,0,1,1.0
jPNH,1,1,2,0.5
jPNL,3,2,5,0.6
jPNM,0,4,4,0.0
jPNN,3,4,7,0.43
jPNP,9,8,17,0.53
jPNS,1,0,1,1.0
jPNb,2,3,5,0.4
jPNh,2,3,5,0.4
jPNl,2,3,5,0.4
jPNm,3,2,5,0.6
jPNn,6,3,9,0.67
jPNs,1,0,1,1.0
jPPB,3,4,7,0.43
jPPH,1,0,1,1.0
jPPI,3,1,4,0.75
jPPK,0,1,1,0.0
jPPL,1,3,4,0.25
jPPM,4,11,15,0.27
jPPN,4,5,9,0.44
jPPP,6,14,20,0.3
jPPS,10,1,11,0.91
jPPT,0,2,2,0.0
jPPb,7,8,15,0.47
jPPh,0,1,1,0.0
jPPl,7,1,8,0.88
jPPm,1,7,8,0.12
jPPn,6,3,9,0.67
jPPs,5,2,7,0.71
jPSB,4,0,4,1.0
jPSD,0,1,1,0.0
jPSH,0,1,1,0.0
jPSL,1,2,3,0.33
jPSM,4,3,7,0.57
jPSN,3,2,5,0.6
jPSP,2,8,10,0.2
jPSS,4,2,6,0.67
jPST,1,0,1,1.0
jPSb,1,1,2,0.5
jPSh,1,1,2,0.5
jPSl,1,4,5,0.2
jPSm,2,2,4,0.5
jPSn,4,1,5,0.8
jPSs,5,3,8,0.62
jPTM,1,1,2,0.5
jPTP,0,1,1,0.0
jPTS,0,0,0,
jPTl,2,0,2,1.0
jPTn,0,1,1,0.0
jPTs,2,0,2,1.0
jPbB,0,4,4,0.0
jPbD,0,0,0,
jPbH,1,0,1,1.0
jPbJ,2,0,2,1.0
jPbK,1,0,1,1.0
jPbL,0,1,1,0.0
jPbM,4,11,15,0.27
jPbN,7,3,10,0.7
jPbP,8,9,17,0.47
jPbS,0,0,0,
jPbb,5,3,8,0.62
jPbl,1,2,3,0.33
jPbm,3,6,9,0.33
jPbn,7,0,7,1.0
jPbs,1,0,1,1.0
jPhB,1,1,2,0.5
jPhD,1,0,1,1.0
jPhM,1,0,1,1.0
jPhP,1,0,1,1.0
jPhS,1,0,1,1.0
jPhb,0,1,1,0.0
jPhl,1,0,1,1.0
jPhm,2,0,2,1.0
jPhn,0,2,2,0.0
jPhs,0,1,1,0.0
jPlB,4,2,6,0.67
jPlH,1,1,2,0.5
jPlI,1,0,1,1.0
jPlK,1,0,1,1.0
jPlL,0,5,5,0.0
jPlM,2,2,4,0.5
jPlN,0,1,1,0.0
jPlP,3,3,6,0.5
jPlS,3,2,5,0.6
jPlb,3,3,6,0.5
jPll,1,0,1,1.0
jPlm,1,0,1,1.0
jPln,0,3,3,0.0
jPls,3,2,5,0.6
jPmB,3,3,6,0.5
jPmD,0,1,1,0.0
jPmH,2,4,6,0.33
jPmJ,3,2,5,0.6
jPmL,2,2,4,0.5
jPmM,3,3,6,0.5
jPmN,3,3,6,0.5
jPmP,2,5,7,0.29
jPmS,3,2,5,0.6
jPmb,5,3,8,0.62
jPml,1,1,2,0.5
jPmm,5,1,6,0.83
jPmn,3,3,6,0.5
jPms,3,1,4,0.75
jPnB,5,1,6,0.83
jPnD,0,1,1,0.0
jPnH,2,3,5,0.4
jPnI,1,1,2,0.5
jPnK,0,1,1,0.0
jPnL,1,1,2,0.5
jPnM,2,5,7,0.29
jPnN,5,4,9,0.56
jPnP,9,3,12,0.75
jPnS,2,9,11,0.18
jPnb,4,2,6,0.67
jPnl,1,5,6,0.17
jPnm,1,5,6,0.17
jPnn,4,2,6,0.67
jPns,3,1,4,0.75
jPsB,2,2,4,0.5
jPsH,2,0,2,1.0
jPsI,0,0,0,
jPsK,0,1,1,0.0
jPsL,3,2,5,0.6
jPsM,2,2,4,0.5
jPsN,1,0,1,1.0
jPsP,3,4,7,0.43
jPsS,1,2,3,0.33
jPsb,5,1,6,0.83
jPsl,0,0,0,
jPsm,2,6,8,0.25
jPsn,5,2,7,0.71
jPss,1,1,2,0.5
jSBB,1,2,3,0.33
jSBL,1,0,1,1.0
jSBM,2,1,3,0.67
jSBN,1,0,1,1.0
jSBP,4,2,6,0.67
jSBS,1,0,1,1.0
jSBT,0,2,2,0.0
jSBb,1,1,2,0.5
jSBl,0,1,1,0.0
jSBm,1,0,1,1.0
jSBn,0,4,4,0.0
jSBs,1,2,3,0.33
jSDL,1,0,1,1.0
jSDM,1,0,1,1.0
jSDP,1,0,1,1.0
jSDm,1,0,1,1.0
jSHD,1,0,1,1.0
jSHL,0,1,1,0.0
jSHM,3,0,3,1.0
jSHN,1,2,3,0.33
jSHP,1,2,3,0.33
jSHS,1,1,2,0.5
jSHb,1,1,2,0.5
jSHl,1,0,1,1.0
jSHm,1,0,1,1.0
jSHn,0,1,1,0.0
jSHs,0,1,1,0.0
jSKS,0,1,1,0.0
jSLB,1,0,1,1.0
jSLL,1,0,1,1.0
jSLM,0,1,1,0.0
jSLN,0,2,2,0.0
jSLS,1,0,1,1.0
jSLT,1,0,1,1.0
jSLb,0,1,1,0.0
jSLj,0,1,1,0.0
jSLm,1,0,1,1.0
jSLn,2,0,2,1.0
jSLs,0,0,0,
jSMB,2,1,3,0.67
jSML,0,1,1,0.0
jSMM,2,3,5,0.4
jSMN,1,2,3,0.33
jSMP,6,2,8,0.75
jSMS,2,2,4,0.5
jSMb,5,0,5,1.0
jSMh,0,1,1,0.0
jSMj,1,0,1,1.0
jSMl,2,1,3,0.67
jSMm,1,4,5,0.2
jSMn,3,1,4,0.75
jSMs,1,1,2,0.5
jSNB,0,1,1,0.0
jSNH,0,0,0,
jSNL,0,1,1,0.0
jSNM,1,2,3,0.33
jSNN,0,0,0,
jSNP,1,3,4,0.25
jSNS,2,1,3,0.67
jSNT,0,2,2,0.0
jSNb,0,4,4,0.0
jSNh,2,2,4,0.5
jSNl,0,0,0,
jSNm,0,0,0,
jSNn,3,3,6,0.5
jSNs,1,2,3,0.33
jSPB,2,3,5,0.4
jSPH,1,0,1,1.0
jSPI,0,1,1,0.0
jSPK,0,0,0,
jSPL,1,0,1,1.0
jSPM,3,1,4,0.75
jSPN,7,3,10,0.7
jSPP,5,5,10,0.5
jSPS,1,3,4,0.25
jSPb,6,2,8,0.75
jSPh,0,2,2,0.0
jSPl,3,2,5,0.6
jSPm,2,1,3,0.67
jSPn,1,2,3,0.33
jSPs,1,1,2,0.5
jSSB,2,2,4,0.5
jSSD,2,0,2,1.0
jSSH,0,1,1,0.0
jSSK,0,1,1,0.0
jSSM,2,0,2,1.0
jSSN,1,2,3,0.33
jSSP,2,2,4,0.5
jSSS,3,3,6,0.5
jSST,1,0,1,1.0
jSSb,2,2,4,0.5
jSSh,1,1,2,0.5
jSSl,0,0,0,
jSSm,5,1,6,0.83
jSSn,1,2,3,0.33
jSSs,0,4,4,0.0
jSTH,1,0,1,1.0
jSTN,1,0,1,1.0
jSTS,1,1,2,0.5
jSTb,0,1,1,0.0
jSbB,5,1,6,0.83
jSbD,0,0,0,
jSbH,0,1,1,0.0
jSbI,1,0,1,1.0
jSbJ,0,2,2,0.0
jSbK,0,0,0,
jSbL,1,1,2,0.5
jSbN,2,3,5,0.4
jSbP,2,0,2,1.0
jSbb,1,2,3,0.33
jSbl,0,1,1,0.0
jSbm,4,2,6,0.67
jSbn,3,0,3,1.0
jSbs,1,2,3,0.33
jShD,0,1,1,0.0
jShH,0,1,1,0.0
jShL,1,0,1,1.0
jShM,1,2,3,0.33
jShN,0,2,2,0.0
jShP,1,0,1,1.0
jShS,0,1,1,0.0
jShb,1,1,2,0.5
jShh,1,2,3,0.33
jShl,1,1,2,0.5
jShm,1,0,1,1.0
jShn,2,3,5,0.4
jShs,1,6,7,0.14
jSlB,1,0,1,1.0
jSlH,0,2,2,0.0
jSlJ,1,0,1,1.0
jSlL,1,0,1,1.0
jSlM,2,3,5,0.4
jSlN,1,3,4,0.25
jSlP,1,1,2,0.5
jSlS,0,2,2,0.0
jSlb,1,1,2,0.5
jSll,0,0,0,
jSlm,2,0,2,1.0
jSln,2,0,2,1.0
jSmB,1,2,3,0.33
jSmH,1,0,1,1.0
jSmM,3,1,4,0.75
jSmN,2,3,5,0.4
jSmP,2,2,4,0.5
jSmS,1,3,4,0.25
jSmb,2,4,6,0.33
jSml,1,3,4,0.25
jSmm,3,0,3,1.0
jSmn,4,1,5,0.8
jSms,2,3,5,0.4
jSnB,2,0,2,1.0
jSnH,1,0,1,1.0
jSnI,0,1,1,0.0
jSnL,1,1,2,0.5
jSnM,1,3,4,0.25
jSnN,1,4,5,0.2
jSnS,2,4,6,0.33
jSnb,5,2,7,0.71
jSnl,3,1,4,0.75
jSnm,7,0,7,1.0
jSnn,1,3,4,0.25
jSns,0,4,4,0.0
jSsB,0,1,1,0.0
jSsH,2,0,2,1.0
jSsK,0,0,0,
jSsL,0,1,1,0.0
jSsM,3,1,4,0.75
jSsN,3,2,5,0.6
jSsP,5,2,7,0.71
jSsS,2,2,4,0.5
jSsh,0,1,1,0.0
jSsl,0,1,1,0.0
jSsm,1,1,2,0.5
jSsn,3,1,4,0.75
jSss,4,1,5,0.8
jTBM,0,1,1,0.0
jTBS,1,0,1,1.0
jTBb,0,1,1,0.0
jTBm,0,1,1,0.0
jTBn,1,0,1,1.0
jTDH,0,1,1,0.0
jTDS,1,0,1,1.0
jTDm,0,1,1,0.0
jTHH,0,1,1,0.0
jTHM,0,0,0,
jTHN,0,1,1,0.0
jTHh,0,0,0,
jTHl,0,1,1,0.0
jTIB,0,0,0,
jTKM,0,1,1,0.0
jTKP,1,0,1,1.0
jTKl,1,0,1,1.0
jTLM,0,1,1,0.0
jTLN,1,0,1,1.0
jTLS,0,0,0,
jTLh,2,0,2,1.0
jTLj,0,1,1,0.0
jTMM,1,0,1,1.0
jTMN,1,0,1,1.0
jTMn,0,1,1,0.0
jTNB,1,0,1,1.0
jTNL,0,0,0,
jTNP,0,2,2,0.0
jTNS,0,0,0,
jTNT,1,0,1,1.0
jTNh,0,1,1,0.0
jTNl,1,0,1,1.0
jTNs,2,0,2,1.0
jTPB,2,0,2,1.0
jTPK,0,1,1,0.0
jTPM,2,1,3,0.67
jTPN,0,2,2,0.0
jTPP,1,2,3,0.33
jTPS,0,0,0,
jTPb,1,0,1,1.0
jTPl,0,1,1,0.0
jTPm,0,2,2,0.0
jTPn,0,0,0,
jTSB,1,0,1,1.0
jTSM,0,1,1,0.0
jTSN,1,0,1,1.0
jTSS,1,0,1,1.0
jTSh,0,1,1,0.0
jTTN,0,1,1,0.0
jTTl,0,0,0,
jTbB,0,1,1,0.0
jTbD,0,1,1,0.0
jTbS,0,0,0,
jTbb,1,1,2,0.5
jTbl,1,0,1,1.0
jTbn,1,0,1,1.0
jTlJ,0,0,0,
jTlP,1,0,1,1.0
jTlm,0,1,1,0.0
jTmD,0,1,1,0.0
jTmP,1,1,2,0.5
jTmb,1,0,1,1.0
jTml,0,1,1,0.0
jTmm,0,0,0,
jTmn,1,0,1,1.0
jTnH,1,0,1,1.0
jTnN,0,1,1,0.0
jTnP,1,0,1,1.0
jTnS,0,1,1,0.0
jTnm,0,0,0,
jTnn,0,1,1,0.0
jTsM,1,0,1,1.0
jTsN,2,0,2,1.0
jTsP,0,1,1,0.0
jTss,2,0,2,1.0
jbBB,7,5,12,0.58
jbBH,1,0,1,1.0
jbBL,0,1,1,0.0
jbBM,1,0,1,1.0
jbBN,3,3,6,0.5
jbBP,6,6,12,0.5
jbBS,2,3,5,0.4
jbBb,4,1,5,0.8
jbBh,1,0,1,1.0
jbBj,3,0,3,1.0
jbBl,1,0,1,1.0
jbBm,1,2,3,0.33
jbBn,0,4,4,0.0
jbBs,1,0,1,1.0
jbDK,0,1,1,0.0
jbDN,0,0,0,
jbDl,1,0,1,1.0
jbDm,0,1,1,0.0
jbDs,0,0,0,
jbHD,1,0,1,1.0
jbHM,1,3,4,0.25
jbHN,1,1,2,0.5
jbHP,2,0,2,1.0
jbHS,1,1,2,0.5
jbHb,0,1,1,0.0
jbHh,0,1,1,0.0
jbHl,0,1,1,0.0
jbHm,0,0,0,
jbHn,2,0,2,1.0
jbHs,2,2,4,0.5
jbIK,1,0,1,1.0
jbIM,0,1,1,0.0
jbIS,1,0,1,1.0
jbIl,0,1,1,0.0
jbIn,0,1,1,0.0
jbIs,1,0,1,1.0
jbJB,1,0,1,1.0
jbJN,1,1,2,0.5
jbJP,1,1,2,0.5
jbJS,1,2,3,0.33
jbJb,1,1,2,0.5
jbJl,1,0,1,1.0
jbJn,1,0,1,1.0
jbJs,0,1,1,0.0
jbKN,0,1,1,0.0
jbKP,2,0,2,1.0
jbKb,1,0,1,1.0
jbKh,1,0,1,1.0
jbKn,0,1,1,0.0
jbLB,1,2,3,0.33
jbLD,0,1,1,0.0
jbLK,0,0,0,
jbLL,2,2,4,0.5
jbLM,0,2,2,0.0
jbLN,0,2,2,0.0
jbLP,3,4,7,0.43
jbLS,2,1,3,0.67
jbLb,3,0,3,1.0
jbLh,0,1,1,0.0
jbLj,1,0,1,1.0
jbLl,2,2,4,0.5
jbLm,1,1,2,0.5
jbLn,1,2,3,0.33
jbMB,1,1,2,0.5
jbML,0,2,2,0.0
jbMM,4,5,9,0.44
jbMN,3,5,8,0.38
jbMP,2,4,6,0.33
jbMS,4,4,8,0.5
jbMT,0,1,1,0.0
jbMb,3,7,10,0.3
jbMh,0,1,1,0.0
jbMj,0,1,1,0.0
jbMl,2,2,4,0.5
jbMm,5,2,7,0.71
jbMn,4,4,8,0.5
jbMs,3,2,5,0.6
jbNB,4,1,5,0.8
jbND,1,0,1,1.0
jbNL,1,0,1,1.0
jbNM,3,7,10,0.3
jbNN,3,5,8,0.38
jbNP,2,5,7,0.29
jbNS,1,4,5,0.2
jbNb,0,1,1,0.0
jbNh,1,1,2,0.5
jbNl,3,1,4,0.75
jbNm,5,0,5,1.0
jbNn,4,4,8,0.5
jbNs,0,2,2,0.0
jbPB,1,1,2,0.5
jbPH,1,1,2,0.5
jbPI,1,1,2,0.5
jbPK,0,0,0,
jbPL,1,2,3,0.33
jbPM,2,4,6,0.33
jbPN,4,5,9,0.44
jbPP,3,4,7,0.43
jbPS,4,5,9,0.44
jbPT,0,0,0,
jbPb,5,8,13,0.38
jbPl,2,1,3,0.67
jbPm,6,3,9,0.67
jbPn,2,2,4,0.5
jbPs,2,4,6,0.33
jbSB,0,1,1,0.0
jbSH,0,2,2,0.0
jbSK,1,0,1,1.0
jbSL,1,1,2,0.5
jbSM,2,1,3,0.67
jbSN,3,2,5,0.6
jbSP,0,1,1,0.0
jbSS,1,2,3,0.33
jbST,1,0,1,1.0
jbSb,1,1,2,0.5
jbSh,3,2,5,0.6
jbSl,0,1,1,0.0
jbSm,0,3,3,0.0
jbSn,0,4,4,0.0
jbSs,1,3,4,0.25
jbbB,2,4,6,0.33
jbbH,1,1,2,0.5
jbbJ,0,1,1,0.0
jbbL,1,1,2,0.5
jbbM,5,1,6,0.83
jbbN,4,2,6,0.67
jbbP,4,6,10,0.4
jbbS,2,4,6,0.33
jbbb,5,2,7,0.71
jbbl,1,0,1,1.0
jbbm,3,6,9,0.33
jbbn,0,3,3,0.0
jblB,1,1,2,0.5
jblH,1,2,3,0.33
jblJ,1,0,1,1.0
jblK,1,0,1,1.0
jblL,0,0,0,
jblM,0,1,1,0.0
jblN,1,0,1,1.0
jblP,1,1,2,0.5
jblS,0,1,1,0.0
jblb,1,2,3,0.33
jbll,1,1,2,0.5
jblm,0,1,1,0.0
jbln,0,4,4,0.0
jbls,1,0,1,1.0
jbmB,2,2,4,0.5
jbmD,0,0,0,
jbmH,0,4,4,0.0
jbmJ,0,0,0,
jbmL,0,1,1,0.0
jbmM,5,2,7,0.71
jbmN,2,1,3,0.67
jbmP,2,1,3,0.67
jbmS,1,1,2,0.5
jbmb,4,4,8,0.5
jbml,0,1,1,0.0
jbmm,2,0,2,1.0
jbmn,2,1,3,0.67
jbms,0,1,1,0.0
jbnB,1,1,2,0.5
jbnD,0,1,1,0.0
jbnH,3,1,4,0.75
jbnL,0,0,0,
jbnM,0,1,1,0.0
jbnN,4,2,6,0.67
jbnP,5,3,8,0.62
jbnS,1,2,3,0.33
jbnb,1,2,3,0.33
jbnh,1,0,1,1.0
jbnl,2,0,2,1.0
jbnm,1,1,2,0.5
jbnn,1,2,3,0.33
jbns,0,1,1,0.0
jbsB,1,0,1,1.0
jbsD,0,1,1,0.0
jbsH,0,2,2,0.0
jbsI,0,1,1,0.0
jbsL,1,0,1,1.0
jbsM,0,3,3,0.0
jbsN,0,1,1,0.0
jbsP,1,1,2,0.5
jbsS,2,0,2,1.0
jbsh,0,1,1,0.0
jbsl,0,2,2,0.0
jbsm,0,1,1,0.0
jbsn,2,3,5,0.4
jbss,1,0,1,1.0
jhBB,1,0,1,1.0
jhBM,2,1,3,0.67
jhBS,0,1,1,0.0
jhBl,0,1,1,0.0
jhHP,1,0,1,1.0
jhHs,1,0,1,1.0
jhLB,0,2,2,0.0
jhLL,0,1,1,0.0
jhLP,1,0,1,1.0
jhMB,0,1,1,0.0
jhMM,1,0,1,1.0
jhMP,0,0,0,
jhMm,1,0,1,1.0
jhMn,0,0,0,
jhNM,0,2,2,0.0
jhNN,0,1,1,0.0
jhNP,1,0,1,1.0
jhNb,0,0,0,
jhNl,0,0,0,
jhNm,1,0,1,1.0
jhNn,1,0,1,1.0
jhNs,0,1,1,0.0
jhPB,0,1,1,0.0
jhPD,1,0,1,1.0
jhPH,0,1,1,0.0
jhPL,0,2,2,0.0
jhPM,0,1,1,0.0
jhPP,1,1,2,0.5
jhPS,1,1,2,0.5
jhPb,1,0,1,1.0
jhPl,0,2,2,0.0
jhPm,0,1,1,0.0
jhPs,0,1,1,0.0
jhSB,1,0,1,1.0
jhSH,0,0,0,
jhSM,1,0,1,1.0
jhSN,0,1,1,0.0
jhSS,0,1,1,0.0
jhSb,1,0,1,1.0
jhSs,1,1,2,0.5
jhbB,0,2,2,0.0
jhbN,0,1,1,0.0
jhbP,2,0,2,1.0
jhbS,1,0,1,1.0
jhbb,0,2,2,0.0
jhbl,1,0,1,1.0
jhbn,0,0,0,
jhbs,1,0,1,1.0
jhhB,1,1,2,0.5
jhhH,1,1,2,0.5
jhhN,0,2,2,0.0
jhhP,1,1,2,0.5
jhhS,0,1,1,0.0
jhhb,1,0,1,1.0
jhhh,2,0,2,1.0
jhhl,1,0,1,1.0
jhhm,1,2,3,0.33
jhhn,0,2,2,0.0
jhhs,1,0,1,1.0
jhlM,1,0,1,1.0
jhlN,0,0,0,
jhlP,0,1,1,0.0
jhlS,1,0,1,1.0
jhlb,1,2,3,0.33
jhlm,1,0,1,1.0
jhmB,1,0,1,1.0
jhmN,0,1,1,0.0
jhmP,0,1,1,0.0
jhml,0,0,0,
jhmn,2,1,3,0.67
jhms,0,1,1,0.0
jhnH,1,0,1,1.0
jhnN,1,0,1,1.0
jhnP,3,2,5,0.6
jhnb,1,0,1,1.0
jhnm,0,1,1,0.0
jhsB,1,0,1,1.0
jhsL,0,0,0,
jhsN,1,0,1,1.0
jhsS,0,0,0,
jhsm,0,2,2,0.0
jhss,1,0,1,1.0
jlBM,0,0,0,
jlBP,2,1,3,0.67
jlBb,1,2,3,0.33
jlBj,2,0,2,1.0
jlBl,1,0,1,1.0
jlBm,0,1,1,0.0
jlBn,3,1,4,0.75
jlDm,0,1,1,0.0
jlHB,0,1,1,0.0
jlHH,1,0,1,1.0
jlHL,1,0,1,1.0
jlHM,2,2,4,0.5
jlHN,1,2,3,0.33
jlHP,1,0,1,1.0
jlHS,0,0,0,
jlHb,1,2,3,0.33
jlHh,0,3,3,0.0
jlHl,1,0,1,1.0
jlHn,3,2,5,0.6
jlIP,1,0,1,1.0
jlIn,0,0,0,
jlJL,1,1,2,0.5
jlJM,0,1,1,0.0
jlJP,4,0,4,1.0
jlJS,0,1,1,0.0
jlJm,1,1,2,0.5
jlJn,1,0,1,1.0
jlJs,1,1,2,0.5
jlKM,0,1,1,0.0
jlLB,0,0,0,
jlLL,1,0,1,1.0
jlLM,0,1,1,0.0
jlLN,1,1,2,0.5
jlLS,0,0,0,
jlLT,1,0,1,1.0
jlLb,0,1,1,0.0
jlLj,0,1,1,0.0
jlLs,0,1,1,0.0
jlML,1,0,1,1.0
jlMM,1,1,2,0.5
jlMN,0,2,2,0.0
jlMP,2,2,4,0.5
jlMS,2,0,2,1.0
jlMb,1,1,2,0.5
jlMh,0,1,1,0.0
jlMj,1,1,2,0.5
jlMl,0,2,2,0.0
jlMm,2,0,2,1.0
jlMn,2,0,2,1.0
jlNB,1,1,2,0.5
jlND,0,2,2,0.0
jlNH,0,0,0,
jlNL,1,0,1,1.0
jlNM,1,2,3,0.33
jlNN,0,2,2,0.0
jlNP,5,4,9,0.56
jlNS,2,2,4,0.5
jlNT,0,1,1,0.0
jlNb,0,2,2,0.0
jlNh,0,1,1,0.0
jlNn,2,3,5,0.4
jlNs,1,1,2,0.5
jlPB,5,0,5,1.0
jlPH,0,1,1,0.0
jlPL,1,0,1,1.0
jlPM,0,2,2,0.0
jlPN,2,1,3,0.67
jlPP,3,2,5,0.6
jlPS,0,1,1,0.0
jlPb,1,2,3,0.33
jlPl,2,0,2,1.0
jlPm,1,0,1,1.0
jlPn,2,0,2,1.0
jlPs,2,0,2,1.0
jlSB,3,1,4,0.75
jlSH,1,0,1,1.0
jlSL,0,1,1,0.0
jlSM,1,1,2,0.5
jlSN,1,1,2,0.5
jlSP,0,2,2,0.0
jlSS,1,1,2,0.5
jlSb,4,1,5,0.8
jlSl,1,0,1,1.0
jlSm,1,0,1,1.0
jlSn,0,1,1,0.0
jlSs,0,2,2,0.0
jlbB,2,0,2,1.0
jlbJ,0,1,1,0.0
jlbL,1,0,1,1.0
jlbM,2,1,3,0.67
jlbN,2,3,5,0.4
jlbP,0,4,4,0.0
jlbb,1,5,6,0.17
jlbm,2,0,2,1.0
jlbn,1,0,1,1.0
jlbs,0,1,1,0.0
jllB,1,0,1,1.0
jllM,1,1,2,0.5
jllN,0,1,1,0.0
jllP,0,0,0,
jllb,0,1,1,0.0
jlln,0,1,1,0.0
jlls,0,1,1,0.0
jlmB,1,0,1,1.0
jlmH,0,2,2,0.0
jlmI,1,0,1,1.0
jlmL,0,0,0,
jlmM,2,2,4,0.5
jlmN,1,1,2,0.5
jlmP,1,1,2,0.5
jlml,1,0,1,1.0
jlmm,1,1,2,0.5
jlnH,0,1,1,0.0
jlnK,1,0,1,1.0
jlnL,1,0,1,1.0
jlnM,1,2,3,0.33
jlnN,1,0,1,1.0
jlnP,0,2,2,0.0
jlnS,0,1,1,0.0
jlnb,2,1,3,0.67
jlnl,0,1,1,0.0
jlnm,1,0,1,1.0
jlnn,0,2,2,0.0
jlns,0,1,1,0.0
jlsB,1,0,1,1.0
jlsH,0,1,1,0.0
jlsM,1,0,1,1.0
jlsN,1,0,1,1.0
jlsP,2,1,3,0.67
jlsS,1,1,2,0.5
jlsb,1,1,2,0.5
jlsl,0,2,2,0.0
jlsn,0,1,1,0.0
jmBB,2,2,4,0.5
jmBD,0,0,0,
jmBL,0,0,0,
jmBM,0,0,0,
jmBN,0,3,3,0.0
jmBP,3,2,5,0.6
jmBS,2,2,4,0.5
jmBT,1,0,1,1.0
jmBb,3,2,5,0.6
jmBh,0,1,1,0.0
jmBj,1,1,2,0.5
jmBl,1,2,3,0.33
jmBm,0,2,2,0.0
jmBn,4,1,5,0.8
jmBs,2,1,3,0.67
jmDB,0,1,1,0.0
jmDH,0,1,1,0.0
jmDL,0,1,1,0.0
jmDM,0,1,1,0.0
jmDP,1,1,2,0.5
jmDS,0,0,0,
jmDb,0,1,1,0.0
jmDn,3,1,4,0.75
jmDs,0,1,1,0.0
jmHB,1,0,1,1.0
jmHL,0,1,1,0.0
jmHM,1,3,4,0.25
jmHN,3,1,4,0.75
jmHP,6,2,8,0.75
jmHS,0,2,2,0.0
jmHb,2,2,4,0.5
jmHh,0,1,1,0.0
jmHl,0,1,1,0.0
jmHm,1,1,2,0.5
jmHn,4,0,4,1.0
jmHs,2,0,2,1.0
jmIH,1,1,2,0.5
jmIL,1,0,1,1.0
jmIN,2,0,2,1.0
jmIP,1,1,2,0.5
jmJL,0,2,2,0.0
jmJM,1,1,2,0.5
jmJN,1,0,1,1.0
jmJP,0,1,1,0.0
jmJb,3,0,3,1.0
jmJl,0,0,0,
jmJn,0,1,1,0.0
jmJs,0,1,1,0.0
jmKS,0,0,0,
jmKl,2,0,2,1.0
jmLD,1,0,1,1.0
jmLL,0,1,1,0.0
jmLM,0,3,3,0.0
jmLN,4,1,5,0.8
jmLP,0,2,2,0.0
jmLb,0,5,5,0.0
jmLh,0,1,1,0.0
jmLm,1,1,2,0.5
jmLn,2,0,2,1.0
jmLs,0,0,0,
jmMB,1,0,1,1.0
jmMD,1,0,1,1.0
jmMM,1,2,3,0.33
jmMN,0,1,1,0.0
jmMP,2,3,5,0.4
jmMS,0,1,1,0.0
jmMb,2,1,3,0.67
jmMh,0,0,0,
jmMj,1,1,2,0.5
jmMl,2,2,4,0.5
jmMm,5,1,6,0.83
jmMn,3,3,6,0.5
jmMs,3,3,6,0.5
jmNB,0,1,1,0.0
jmNH,0,1,1,0.0
jmNK,0,1,1,0.0
jmNL,1,1,2,0.5
jmNM,3,3,6,0.5
jmNN,4,4,8,0.5
jmNP,4,2,6,0.67
jmNS,3,7,10,0.3
jmNT,1,0,1,1.0
jmNb,2,4,6,0.33
jmNh,0,1,1,0.0
jmNl,0,2,2,0.0
jmNm,3,1,4,0.75
jmNn,2,4,6,0.33
jmNs,0,2,2,0.0
jmPB,2,2,4,0.5
jmPD,0,1,1,0.0
jmPH,1,2,3,0.33
jmPI,0,1,1,0.0
jmPK,0,2,2,0.0
jmPL,0,2,2,0.0
jmPM,3,4,7,0.43
jmPN,3,3,6,0.5
jmPP,1,3,4,0.25
jmPS,0,0,0,
jmPT,1,1,2,0.5
jmPb,2,3,5,0.4
jmPh,1,0,1,1.0
jmPl,4,0,4,1.0
jmPm,2,3,5,0.4
jmPn,5,6,11,0.45
jmPs,1,0,1,1.0
jmSB,0,2,2,0.0
jmSD,1,0,1,1.0
jmSH,0,1,1,0.0
jmSL,0,0,0,
jmSM,0,3,3,0.0
jmSN,1,3,4,0.25
jmSP,1,1,2,0.5
jmSS,0,1,1,0.0
jmST,1,1,2,0.5
jmSb,1,3,4,0.25
jmSh,0,1,1,0.0
jmSl,1,0,1,1.0
jmSm,2,3,5,0.4
jmSn,1,2,3,0.33
jmSs,6,5,11,0.55
jmbB,3,2,5,0.6
jmbD,1,0,1,1.0
jmbH,1,1,2,0.5
jmbI,1,0,1,1.0
jmbJ,0,1,1,0.0
jmbL,0,1,1,0.0
jmbM,1,2,3,0.33
jmbN,3,0,3,1.0
jmbP,1,4,5,0.2
jmbS,3,2,5,0.6
jmbb,5,0,5,1.0
jmbl,1,1,2,0.5
jmbm,0,1,1,0.0
jmbn,2,1,3,0.67
jmbs,0,1,1,0.0
jmhB,0,1,1,0.0
jmlB,0,1,1,0.0
jmlL,1,0,1,1.0
jmlM,1,2,3,0.33
jmlN,0,2,2,0.0
jmlP,1,2,3,0.33
jmlS,0,1,1,0.0
jmlb,3,0,3,1.0
jmlm,1,1,2,0.5
jmls,1,0,1,1.0
jmmB,1,3,4,0.25
jmmD,0,1,1,0.0
jmmH,1,0,1,1.0
jmmJ,1,0,1,1.0
jmmL,2,0,2,1.0
jmmM,2,1,3,0.67
jmmN,1,5,6,0.17
jmmP,1,4,5,0.2
jmmS,1,2,3,0.33
jmmb,3,2,5,0.6
jmmm,0,0,0,
jmmn,3,3,6,0.5
jmms,2,1,3,0.67
jmnB,2,4,6,0.33
jmnD,1,0,1,1.0
jmnH,1,0,1,1.0
jmnL,0,1,1,0.0
jmnM,1,1,2,0.5
jmnN,2,3,5,0.4
jmnP,2,4,6,0.33
jmnS,3,1,4,0.75
jmnb,1,0,1,1.0
jmnl,1,0,1,1.0
jmnm,0,1,1,0.0
jmnn,3,4,7,0.43
jmns,1,1,2,0.5
jmsB,1,0,1,1.0
jmsD,0,1,1,0.0
jmsM,0,0,0,
jmsN,1,3,4,0.25
jmsP,2,1,3,0.67
jmsS,3,0,3,1.0
jmsT,0,1,1,0.0
jmsl,1,1,2,0.5
jmsm,2,0,2,1.0
jmsn,0,1,1,0.0
jmss,2,2,4,0.5
jnBB,1,0,1,1.0
jnBL,2,1,3,0.67
jnBM,2,3,5,0.4
jnBN,3,1,4,0.75
jnBP,4,1,5,0.8
jnBb,3,2,5,0.6
jnBl,2,0,2,1.0
jnBm,2,2,4,0.5
jnBn,3,2,5,0.6
jnBs,0,3,3,0.0
jnDH,0,1,1,0.0
jnDP,0,2,2,0.0
jnDb,0,1,1,0.0
jnDn,1,0,1,1.0
jnDs,1,1,2,0.5
jnHB,1,2,3,0.33
jnHI,0,0,0,
jnHK,0,2,2,0.0
jnHM,2,1,3,0.67
jnHN,2,2,4,0.5
jnHP,1,3,4,0.25
jnHS,1,2,3,0.33
jnHb,1,2,3,0.33
jnHh,0,1,1,0.0
jnHl,3,0,3,1.0
jnHm,3,1,4,0.75
jnHn,0,0,0,
jnHs,1,0,1,1.0
jnIH,1,0,1,1.0
jnIL,0,1,1,0.0
jnIN,0,1,1,0.0
jnIP,1,1,2,0.5
jnIm,0,1,1,0.0
jnKB,0,1,1,0.0
jnKM,1,1,2,0.5
jnKN,0,1,1,0.0
jnKl,0,1,1,0.0
jnKm,0,1,1,0.0
jnLB,1,1,2,0.5
jnLM,1,4,5,0.2
jnLN,2,1,3,0.67
jnLP,0,3,3,0.0
jnLS,0,2,2,0.0
jnLb,1,0,1,1.0
jnLh,1,0,1,1.0
jnLj,3,0,3,1.0
jnLm,3,0,3,1.0
jnLn,1,2,3,0.33
jnLs,1,1,2,0.5
jnMB,3,2,5,0.6
jnMD,0,2,2,0.0
jnML,2,1,3,0.67
jnMM,2,3,5,0.4
jnMN,0,1,1,0.0
jnMP,3,4,7,0.43
jnMS,2,1,3,0.67
jnMb,1,1,2,0.5
jnMh,1,2,3,0.33
jnMj,2,0,2,1.0
jnMl,1,1,2,0.5
jnMm,3,1,4,0.75
jnMn,4,4,8,0.5
jnMs,4,0,4,1.0
jnNB,2,4,6,0.33
jnNL,3,0,3,1.0
jnNM,0,2,2,0.0
jnNN,2,7,9,0.22
jnNP,1,1,2,0.5
jnNS,3,2,5,0.6
jnNb,2,2,4,0.5
jnNh,2,1,3,0.67
jnNl,1,1,2,0.5
jnNm,1,3,4,0.25
jnNn,4,7,11,0.36
jnNs,2,3,5,0.4
jnPB,5,3,8,0.62
jnPH,1,0,1,1.0
jnPK,1,0,1,1.0
jnPL,1,0,1,1.0
jnPM,3,4,7,0.43
jnPN,2,2,4,0.5
jnPP,8,7,15,0.53
jnPS,4,2,6,0.67
jnPT,1,1,2,0.5
jnPb,3,1,4,0.75
jnPh,1,1,2,0.5
jnPl,0,0,0,
jnPm,2,0,2,1.0
jnPn,1,4,5,0.2
jnPs,5,2,7,0.71
jnSB,3,1,4,0.75
jnSD,0,1,1,0.0
jnSH,0,1,1,0.0
jnSM,2,1,3,0.67
jnSN,2,1,3,0.67
jnSP,1,3,4,0.25
jnSS,2,3,5,0.4
jnST,1,0,1,1.0
jnSb,4,0,4,1.0
jnSh,4,2,6,0.67
jnSl,1,0,1,1.0
jnSm,1,4,5,0.2
jnSn,5,3,8,0.62
jnSs,2,2,4,0.5
jnbB,2,1,3,0.67
jnbH,0,1,1,0.0
jnbJ,0,1,1,0.0
jnbK,2,0,2,1.0
jnbL,0,2,2,0.0
jnbM,2,3,5,0.4
jnbN,2,4,6,0.33
jnbP,4,3,7,0.57
jnbS,1,3,4,0.25
jnbb,4,1,5,0.8
jnbl,0,2,2,0.0
jnbm,2,2,4,0.5
jnbn,5,2,7,0.71
jnbs,1,0,1,1.0
jnhL,1,0,1,1.0
jnhP,1,2,3,0.33
jnlB,0,3,3,0.0
jnlH,3,1,4,0.75
jnlL,0,2,2,0.0
jnlM,1,2,3,0.33
jnlN,2,1,3,0.67
jnlP,2,1,3,0.67
jnlS,0,1,1,0.0
jnlb,3,0,3,1.0
jnll,1,1,2,0.5
jnlm,0,1,1,0.0
jnln,2,0,2,1.0
jnls,0,1,1,0.0
jnmB,5,2,7,0.71
jnmH,2,1,3,0.67
jnmL,0,2,2,0.0
jnmM,2,2,4,0.5
jnmN,3,4,7,0.43
jnmP,5,2,7,0.71
jnmS,1,1,2,0.5
jnmb,0,1,1,0.0
jnml,0,1,1,0.0
jnmm,1,2,3,0.33
jnmn,4,2,6,0.67
jnms,5,1,6,0.83
jnnB,3,2,5,0.6
jnnD,0,0,0,
jnnH,1,1,2,0.5
jnnI,2,0,2,1.0
jnnK,0,1,1,0.0
jnnL,1,3,4,0.25
jnnM,2,2,4,0.5
jnnN,1,6,7,0.14
jnnP,4,3,7,0.57
jnnS,2,4,6,0.33
jnnb,3,2,5,0.6
jnnh,1,0,1,1.0
jnnl,1,2,3,0.33
jnnm,2,4,6,0.33
jnnn,1,1,2,0.5
jnns,2,1,3,0.67
jnsH,1,2,3,0.33
jnsI,0,0,0,
jnsM,2,4,6,0.33
jnsN,2,0,2,1.0
jnsP,4,3,7,0.57
jnsS,1,2,3,0.33
jnsb,3,1,4,0.75
jnsl,3,0,3,1.0
jnsm,1,1,2,0.5
jnsn,2,0,2,1.0
jnss,1,2,3,0.33
jsBB,0,1,1,0.0
jsBD,0,1,1,0.0
jsBM,0,1,1,0.0
jsBN,0,1,1,0.0
jsBP,1,0,1,1.0
jsBS,0,1,1,0.0
jsBT,1,0,1,1.0
jsBb,1,0,1,1.0
jsBm,0,2,2,0.0
jsBn,1,0,1,1.0
jsBs,0,3,3,0.0
jsDM,1,0,1,1.0
jsDN,0,1,1,0.0
jsDb,1,0,1,1.0
jsHB,0,0,0,
jsHM,1,0,1,1.0
jsHN,2,2,4,0.5
jsHP,2,0,2,1.0
jsHS,0,4,4,0.0
jsHb,1,0,1,1.0
jsHh,1,0,1,1.0
jsHl,1,2,3,0.33
jsHm,1,2,3,0.33
jsHn,4,1,5,0.8
jsHs,0,2,2,0.0
jsIL,0,1,1,0.0
jsIN,1,0,1,1.0
jsIP,1,0,1,1.0
jsIS,1,0,1,1.0
jsIl,0,1,1,0.0
jsIn,0,0,0,
jsIs,0,2,2,0.0
jsKn,0,1,1,0.0
jsLB,1,1,2,0.5
jsLD,0,2,2,0.0
jsLL,0,0,0,
jsLN,0,0,0,
jsLP,0,1,1,0.0
jsLS,0,2,2,0.0
jsLb,2,1,3,0.67
jsLl,1,0,1,1.0
jsLm,0,1,1,0.0
jsLn,0,1,1,0.0
jsLs,3,1,4,0.75
jsMB,3,3,6,0.5
jsMD,0,1,1,0.0
jsML,0,1,1,0.0
jsMM,2,1,3,0.67
jsMN,1,0,1,1.0
jsMP,1,0,1,1.0
jsMS,3,2,5,0.6
jsMb,0,2,2,0.0
jsMh,3,1,4,0.75
jsMj,0,1,1,0.0
jsMm,1,0,1,1.0
jsMn,0,1,1,0.0
jsMs,0,1,1,0.0
jsNB,0,3,3,0.0
jsNH,0,1,1,0.0
jsNL,0,0,0,
jsNM,2,1,3,0.67
jsNN,1,0,1,1.0
jsNP,2,2,4,0.5
jsNS,2,1,3,0.67
jsNb,2,3,5,0.4
jsNl,0,1,1,0.0
jsNm,1,1,2,0.5
jsNn,0,5,5,0.0
jsNs,1,0,1,1.0
jsPB,2,3,5,0.4
jsPD,0,1,1,0.0
jsPH,1,0,1,1.0
jsPI,1,0,1,1.0
jsPL,0,1,1,0.0
jsPM,1,3,4,0.25
jsPN,4,2,6,0.67
jsPP,2,2,4,0.5
jsPS,2,2,4,0.5
jsPb,2,3,5,0.4
jsPh,0,1,1,0.0
jsPl,1,3,4,0.25
jsPm,5,3,8,0.62
jsPn,4,2,6,0.67
jsPs,2,0,2,1.0
jsSB,0,2,2,0.0
jsSH,0,2,2,0.0
jsSL,2,2,4,0.5
jsSM,1,6,7,0.14
jsSN,1,2,3,0.33
jsSP,1,4,5,0.2
jsSS,2,1,3,0.67
jsSb,0,2,2,0.0
jsSh,2,0,2,1.0
jsSm,3,0,3,1.0
jsSn,0,3,3,0.0
jsSs,2,2,4,0.5
jsTP,1,0,1,1.0
jsbB,0,1,1,0.0
jsbD,1,0,1,1.0
jsbH,1,0,1,1.0
jsbJ,1,0,1,1.0
jsbL,1,0,1,1.0
jsbM,1,6,7,0.14
jsbN,1,4,5,0.2
jsbP,1,0,1,1.0
jsbS,0,0,0,
jsbb,3,4,7,0.43
jsbl,0,3,3,0.0
jsbm,1,0,1,1.0
jsbn,1,1,2,0.5
jsbs,1,1,2,0.5
jshN,0,1,1,0.0
jshP,0,1,1,0.0
jshb,0,1,1,0.0
jshn,0,1,1,0.0
jslB,0,1,1,0.0
jslH,2,0,2,1.0
jslJ,0,0,0,
jslM,0,2,2,0.0
jslS,1,1,2,0.5
jslb,2,0,2,1.0
jsll,1,1,2,0.5
jslm,2,0,2,1.0
jsln,0,0,0,
jsmB,1,1,2,0.5
jsmH,0,1,1,0.0
jsmJ,0,1,1,0.0
jsmL,3,0,3,1.0
jsmM,2,2,4,0.5
jsmN,4,1,5,0.8
jsmP,0,2,2,0.0
jsmS,0,1,1,0.0
jsmb,1,0,1,1.0
jsmm,1,1,2,0.5
jsmn,1,1,2,0.5
jsms,1,0,1,1.0
jsnB,0,1,1,0.0
jsnD,1,0,1,1.0
jsnH,0,1,1,0.0
jsnI,0,0,0,
jsnM,0,2,2,0.0
jsnN,5,2,7,0.71
jsnP,2,2,4,0.5
jsnS,1,0,1,1.0
jsnb,1,0,1,1.0
jsnh,1,0,1,1.0
jsnl,1,2,3,0.33
jsnm,1,1,2,0.5
jsnn,2,0,2,1.0
jsns,1,1,2,0.5
jssB,1,0,1,1.0
jssD,1,0,1,1.0
jssH,1,1,2,0.5
jssI,0,0,0,
jssL,1,2,3,0.33
jssM,2,2,4,0.5
jssN,1,0,1,1.0
jssP,2,5,7,0.29
jssS,1,2,3,0.33
jssb,1,2,3,0.33
jssl,2,1,3,0.67
jssn,0,2,2,0.0
jsss,3,2,5,0.6
lBBB,6,10,16,0.38
lBBD,3,0,3,1.0
lBBK,1,0,1,1.0
lBBL,3,2,5,0.6
lBBM,7,10,17,0.41
lBBN,13,8,21,0.62
lBBP,15,15,30,0.5
lBBS,10,4,14,0.71
lBBT,2,1,3,0.67
lBBb,6,15,21,0.29
lBBh,0,1,1,0.0
lBBj,7,6,13,0.54
lBBl,4,6,10,0.4
lBBm,12,4,16,0.75
lBBn,13,12,25,0.52
lBBs,5,2,7,0.71
lBDB,1,0,1,1.0
lBDD,0,0,0,
lBDH,1,0,1,1.0
lBDL,1,2,3,0.33
lBDM,0,0,0,
lBDN,1,0,1,1.0
lBDP,1,3,4,0.25
lBDS,1,0,1,1.0
lBDl,1,0,1,1.0
lBDm,3,1,4,0.75
lBDn,2,1,3,0.67
lBDs,1,0,1,1.0
lBHM,0,0,0,
lBHP,0,1,1,0.0
lBHm,1,0,1,1.0
lBKB,2,0,2,1.0
lBKL,1,3,4,0.25
lBKM,0,2,2,0.0
lBKP,0,1,1,0.0
lBKS,1,2,3,0.33
lBKb,1,0,1,1.0
lBKh,1,1,2,0.5
lBKl,0,0,0,
lBKm,2,1,3,0.67
lBKn,2,0,2,1.0
lBKs,1,3,4,0.25
lBLB,2,2,4,0.5
lBLL,1,1,2,0.5
lBLM,3,5,8,0.38
lBLN,7,3,10,0.7
lBLP,6,5,11,0.55
lBLS,0,1,1,0.0
lBLT,0,3,3,0.0
lBLb,1,4,5,0.2
lBLh,4,4,8,0.5
lBLj,1,3,4,0.25
lBLl,6,3,9,0.67
lBLm,6,4,10,0.6
lBLn,9,10,19,0.47
lBLs,3,4,7,0.43
lBMB,7,16,23,0.3
lBMD,1,1,2,0.5
lBML,5,2,7,0.71
lBMM,6,13,19,0.32
lBMN,11,18,29,0.38
lBMP,14,13,27,0.52
lBMS,8,5,13,0.62
lBMT,1,0,1,1.0
lBMb,9,12,21,0.43
lBMh,8,12,20,0.4
lBMj,5,4,9,0.56
lBMl,7,4,11,0.64
lBMm,11,12,23,0.48
lBMn,15,15,30,0.5
lBMs,7,10,17,0.41
lBNB,8,12,20,0.4
lBND,0,1,1,0.0
lBNH,2,1,3,0.67
lBNK,0,0,0,
lBNL,3,3,6,0.5
lBNM,11,13,24,0.46
lBNN,14,23,37,0.38
lBNP,27,24,51,0.53
lBNS,7,9,16,0.44
lBNT,2,1,3,0.67
lBNb,11,16,27,0.41
lBNh,4,8,12,0.33
lBNl,10,7,17,0.59
lBNm,11,8,19,0.58
lBNn,19,19,38,0.5
lBNs,9,7,16,0.56
lBPB,9,13,22,0.41
lBPD,2,1,3,0.67
lBPH,4,4,8,0.5
lBPI,0,1,1,0.0
lBPK,1,2,3,0.33
lBPL,7,2,9,0.78
lBPM,17,15,32,0.53
lBPN,23,23,46,0.5
lBPP,34,28,62,0.55
lBPS,12,17,29,0.41
lBPT,1,0,1,1.0
lBPb,27,13,40,0.68
lBPh,4,3,7,0.57
lBPl,14,9,23,0.61
lBPm,16,15,31,0.52
lBPn,22,20,42,0.52
lBPs,15,10,25,0.6
lBSB,5,2,7,0.71
lBSD,0,1,1,0.0
lBSH,4,6,10,0.4
lBSL,2,1,3,0.67
lBSM,5,8,13,0.38
lBSN,11,9,20,0.55
lBSP,12,9,21,0.57
lBSS,6,4,10,0.6
lBST,0,2,2,0.0
lBSb,10,7,17,0.59
lBSh,5,4,9,0.56
lBSl,8,4,12,0.67
lBSm,7,3,10,0.7
lBSn,18,12,30,0.6
lBSs,8,6,14,0.57
lBTB,1,0,1,1.0
lBTH,2,1,3,0.67
lBTK,0,0,0,
lBTL,1,0,1,1.0
lBTM,0,1,1,0.0
lBTN,2,4,6,0.33
lBTP,2,6,8,0.25
lBTS,1,2,3,0.33
lBTT,0,1,1,0.0
lBTb,2,1,3,0.67
lBTm,2,3,5,0.4
lBTn,2,2,4,0.5
lBTs,0,2,2,0.0
lBbB,11,12,23,0.48
lBbD,0,1,1,0.0
lBbH,4,5,9,0.44
lBbI,3,0,3,1.0
lBbJ,3,3,6,0.5
lBbK,0,1,1,0.0
lBbL,3,5,8,0.38
lBbM,17,21,38,0.45
lBbN,14,7,21,0.67
lBbP,21,18,39,0.54
lBbS,1,8,9,0.11
lBbb,15,12,27,0.56
lBbl,6,2,8,0.75
lBbm,6,7,13,0.46
lBbn,14,13,27,0.52
lBbs,7,4,11,0.64
lBhB,1,1,2,0.5
lBhH,0,1,1,0.0
lBhL,1,0,1,1.0
lBhM,1,4,5,0.2
lBhN,0,3,3,0.0
lBhP,4,5,9,0.44
lBhS,1,4,5,0.2
lBhT,0,0,0,
lBhb,2,1,3,0.67
lBhh,3,0,3,1.0
lBhl,0,1,1,0.0
lBhm,0,2,2,0.0
lBhn,3,0,3,1.0
lBjB,5,3,8,0.62
lBjD,0,1,1,0.0
lBjH,2,1,3,0.67
lBjK,1,0,1,1.0
lBjL,0,2,2,0.0
lBjM,2,7,9,0.22
lBjN,5,7,12,0.42
lBjP,6,3,9,0.67
lBjS,2,3,5,0.4
lBjT,0,0,0,
lBjb,5,2,7,0.71
lBjl,6,3,9,0.67
lBjm,3,6,9,0.33
lBjn,3,3,6,0.5
lBjs,1,5,6,0.17
lBlB,8,4,12,0.67
lBlH,2,5,7,0.29
lBlJ,0,4,4,0.0
lBlL,3,7,10,0.3
lBlM,8,10,18,0.44
lBlN,5,3,8,0.62
lBlP,8,11,19,0.42
lBlS,5,4,9,0.56
lBlb,7,5,12,0.58
lBll,3,2,5,0.6
lBlm,4,3,7,0.57
lBln,5,5,10,0.5
lBls,3,2,5,0.6
lBmB,6,15,21,0.29
lBmD,0,1,1,0.0
lBmH,4,6,10,0.4
lBmI,1,0,1,1.0
lBmJ,4,3,7,0.57
lBmL,6,1,7,0.86
lBmM,11,9,20,0.55
lBmN,15,17,32,0.47
lBmP,13,15,28,0.46
lBmS,9,4,13,0.69
lBmb,11,10,21,0.52
lBml,2,5,7,0.29
lBmm,10,11,21,0.48
lBmn,8,11,19,0.42
lBms,11,3,14,0.79
lBnB,10,13,23,0.43
lBnD,1,3,4,0.25
lBnH,10,12,22,0.45
lBnI,0,4,4,0.0
lBnK,0,3,3,0.0
lBnL,5,10,15,0.33
lBnM,20,17,37,0.54
lBnN,29,26,55,0.53
lBnP,20,24,44,0.45
lBnS,9,20,29,0.31
lBnb,11,10,21,0.52
lBnh,1,1,2,0.5
lBnl,8,4,12,0.67
lBnm,12,17,29,0.41
lBnn,21,20,41,0.51
lBns,11,6,17,0.65
lBsB,5,3,8,0.62
lBsD,0,2,2,0.0
lBsH,2,6,8,0.25
lBsI,1,2,3,0.33
lBsK,1,1,2,0.5
lBsL,1,3,4,0.25
lBsM,4,6,10,0.4
lBsN,4,9,13,0.31
lBsP,11,11,22,0.5
lBsS,2,10,12,0.17
lBsb,7,9,16,0.44
lBsl,3,3,6,0.5
lBsm,5,2,7,0.71
lBsn,9,5,14,0.64
lBss,4,5,9,0.44
lDBB,0,1,1,0.0
lDBM,4,1,5,0.8
lDBN,2,0,2,1.0
lDBP,0,2,2,0.0
lDBS,1,3,4,0.25
lDBb,2,0,2,1.0
lDBm,3,2,5,0.6
lDBn,1,1,2,0.5
lDDH,0,0,0,
lDDL,0,1,1,0.0
lDDP,2,0,2,1.0
lDDn,0,1,1,0.0
lDHB,0,1,1,0.0
lDHD,1,0,1,1.0
lDHM,2,0,2,1.0
lDHN,1,2,3,0.33
lDHP,2,0,2,1.0
lDHS,1,0,1,1.0
lDHb,0,1,1,0.0
lDHl,1,3,4,0.25
lDHm,2,1,3,0.67
lDHn,2,0,2,1.0
lDHs,1,0,1,1.0
lDIl,0,1,1,0.0
lDIm,0,1,1,0.0
lDLB,1,2,3,0.33
lDLK,0,1,1,0.0
lDLL,1,0,1,1.0
lDLM,2,1,3,0.67
lDLP,0,1,1,0.0
lDLS,1,0,1,1.0
lDLl,1,1,2,0.5
lDLm,0,2,2,0.0
lDLn,1,1,2,0.5
lDLs,0,0,0,
lDMB,0,2,2,0.0
lDMH,0,1,1,0.0
lDML,1,0,1,1.0
lDMM,2,2,4,0.5
lDMN,1,2,3,0.33
lDMP,2,1,3,0.67
lDMS,2,0,2,1.0
lDMb,3,1,4,0.75
lDMh,1,1,2,0.5
lDMj,0,1,1,0.0
lDMl,0,0,0,
lDMm,4,1,5,0.8
lDMn,1,1,2,0.5
lDMs,0,1,1,0.0
lDNB,5,0,5,1.0
lDNL,0,1,1,0.0
lDNM,1,0,1,1.0
lDNN,1,1,2,0.5
lDNP,3,2,5,0.6
lDNS,1,0,1,1.0
lDNT,0,1,1,0.0
lDNb,2,1,3,0.67
lDNh,0,1,1,0.0
lDNl,1,0,1,1.0
lDNm,3,0,3,1.0
lDNn,2,1,3,0.67
lDNs,1,0,1,1.0
lDPB,2,0,2,1.0
lDPD,0,0,0,
lDPH,0,1,1,0.0
lDPK,0,1,1,0.0
lDPL,0,1,1,0.0
lDPM,3,0,3,1.0
lDPN,3,1,4,0.75
lDPP,2,2,4,0.5
lDPS,1,3,4,0.25
lDPl,2,0,2,1.0
lDPm,2,1,3,0.67
lDPn,0,1,1,0.0
lDPs,3,1,4,0.75
lDSL,1,0,1,1.0
lDSM,0,0,0,
lDSN,1,0,1,1.0
lDSP,0,2,2,0.0
lDST,0,1,1,0.0
lDSb,1,1,2,0.5
lDSh,0,1,1,0.0
lDSl,1,0,1,1.0
lDSm,3,2,5,0.6
lDSs,1,0,1,1.0
lDTB,1,0,1,1.0
lDTD,1,0,1,1.0
lDTM,1,0,1,1.0
lDTS,1,1,2,0.5
lDTb,0,1,1,0.0
lDTn,1,1,2,0.5
lDbB,0,1,1,0.0
lDbD,0,1,1,0.0
lDbH,0,1,1,0.0
lDbL,1,0,1,1.0
lDbM,3,1,4,0.75
lDbN,0,1,1,0.0
lDbP,5,1,6,0.83
lDbb,1,2,3,0.33
lDbl,0,1,1,0.0
lDbm,0,1,1,0.0
lDbn,0,2,2,0.0
lDbs,0,0,0,
lDhs,0,1,1,0.0
lDlD,1,0,1,1.0
lDlJ,0,1,1,0.0
lDlM,0,1,1,0.0
lDlN,1,0,1,1.0
lDlP,1,0,1,1.0
lDln,1,0,1,1.0
lDmB,2,0,2,1.0
lDmJ,0,0,0,
lDmL,2,1,3,0.67
lDmM,1,0,1,1.0
lDmN,3,1,4,0.75
lDmP,1,1,2,0.5
lDmS,0,2,2,0.0
lDmb,0,2,2,0.0
lDmm,3,1,4,0.75
lDmn,2,1,3,0.67
lDnB,1,1,2,0.5
lDnH,1,2,3,0.33
lDnI,0,0,0,
lDnL,1,2,3,0.33
lDnM,1,2,3,0.33
lDnN,0,2,2,0.0
lDnP,1,1,2,0.5
lDnb,2,1,3,0.67
lDnl,1,1,2,0.5
lDnm,0,2,2,0.0
lDnn,1,1,2,0.5
lDns,0,0,0,
lDsB,0,1,1,0.0
lDsH,3,2,5,0.6
lDsL,0,1,1,0.0
lDsM,0,1,1,0.0
lDsN,1,1,2,0.5
lDsP,1,0,1,1.0
lDsS,0,2,2,0.0
lDsb,1,1,2,0.5
lDsl,1,0,1,1.0
lDsm,0,0,0,
lDsn,2,1,3,0.67
lDss,0,1,1,0.0
lHBB,8,5,13,0.62
lHBD,1,1,2,0.5
lHBK,0,1,1,0.0
lHBL,3,4,7,0.43
lHBM,4,6,10,0.4
lHBN,10,7,17,0.59
lHBP,10,8,18,0.56
lHBS,5,4,9,0.56
lHBT,3,0,3,1.0
lHBb,13,5,18,0.72
lHBh,1,0,1,1.0
lHBj,2,4,6,0.33
lHBl,4,2,6,0.67
lHBm,6,9,15,0.4
lHBn,10,10,20,0.5
lHBs,2,2,4,0.5
lHDB,1,1,2,0.5
lHDH,1,0,1,1.0
lHDL,2,0,2,1.0
lHDM,2,1,3,0.67
lHDN,0,1,1,0.0
lHDP,3,1,4,0.75
lHDS,0,2,2,0.0
lHDb,0,1,1,0.0
lHDl,1,0,1,1.0
lHDm,1,0,1,1.0
lHDn,1,1,2,0.5
lHDs,0,2,2,0.0
lHHB,0,1,1,0.0
lHHL,2,0,2,1.0
lHHM,3,0,3,1.0
lHHN,4,3,7,0.57
lHHP,3,0,3,1.0
lHHS,4,1,5,0.8
lHHT,1,0,1,1.0
lHHb,2,0,2,1.0
lHHh,0,0,0,
lHHm,0,0,0,
lHHn,1,2,3,0.33
lHHs,1,0,1,1.0
lHIM,0,1,1,0.0
lHIN,4,0,4,1.0
lHIP,0,3,3,0.0
lHIS,2,2,4,0.5
lHIb,1,0,1,1.0
lHIl,0,1,1,0.0
lHIm,1,1,2,0.5
lHIn,3,0,3,1.0
lHIs,1,0,1,1.0
lHKB,0,1,1,0.0
lHKL,1,0,1,1.0
lHKN,1,0,1,1.0
lHKP,3,1,4,0.75
lHKS,1,0,1,1.0
lHKb,1,3,4,0.25
lHKh,0,1,1,0.0
lHKl,1,1,2,0.5
lHKm,0,3,3,0.0
lHKs,0,0,0,
lHLB,2,1,3,0.67
lHLL,2,1,3,0.67
lHLM,7,3,10,0.7
lHLN,4,3,7,0.57
lHLP,5,5,10,0.5
lHLS,1,3,4,0.25
lHLT,0,0,0,
lHLb,4,2,6,0.67
lHLh,0,4,4,0.0
lHLj,1,1,2,0.5
lHLl,4,4,8,0.5
lHLm,3,2,5,0.6
lHLn,2,8,10,0.2
lHLs,2,3,5,0.4
lHMB,5,7,12,0.42
lHMD,0,1,1,0.0
lHMH,0,1,1,0.0
lHML,4,5,9,0.44
lHMM,9,12,21,0.43
lHMN,13,11,24,0.54
lHMP,9,17,26,0.35
lHMS,7,5,12,0.58
lHMT,0,1,1,0.0
lHMb,7,4,11,0.64
lHMh,5,7,12,0.42
lHMj,5,0,5,1.0
lHMl,6,7,13,0.46
lHMm,7,11,18,0.39
lHMn,19,13,32,0.59
lHMs,4,5,9,0.44
lHNB,6,7,13,0.46
lHND,0,1,1,0.0
lHNK,1,1,2,0.5
lHNL,4,3,7,0.57
lHNM,8,16,24,0.33
lHNN,10,9,19,0.53
lHNP,12,11,23,0.52
lHNS,6,6,12,0.5
lHNT,1,3,4,0.25
lHNb,10,9,19,0.53
lHNh,3,6,9,0.33
lHNl,7,3,10,0.7
lHNm,3,7,10,0.3
lHNn,13,15,28,0.46
lHNs,10,6,16,0.62
lHPB,8,8,16,0.5
lHPD,0,0,0,
lHPH,5,4,9,0.56
lHPI,1,0,1,1.0
lHPK,1,0,1,1.0
lHPL,6,9,15,0.4
lHPM,15,14,29,0.52
lHPN,13,9,22,0.59
lHPP,20,26,46,0.43
lHPS,13,16,29,0.45
lHPT,4,0,4,1.0
lHPb,19,10,29,0.66
lHPh,1,3,4,0.25
lHPl,7,7,14,0.5
lHPm,19,7,26,0.73
lHPn,14,15,29,0.48
lHPs,14,11,25,0.56
lHSB,3,13,16,0.19
lHSD,2,1,3,0.67
lHSH,3,5,8,0.38
lHSL,8,3,11,0.73
lHSM,7,3,10,0.7
lHSN,3,11,14,0.21
lHSP,3,6,9,0.33
lHSS,5,5,10,0.5
lHST,3,1,4,0.75
lHSb,5,4,9,0.56
lHSh,0,9,9,0.0
lHSl,6,6,12,0.5
lHSm,5,7,12,0.42
lHSn,5,6,11,0.45
lHSs,9,8,17,0.53
lHTB,1,1,2,0.5
lHTH,0,3,3,0.0
lHTM,0,1,1,0.0
lHTN,1,1,2,0.5
lHTP,2,0,2,1.0
lHTS,2,1,3,0.67
lHTb,1,0,1,1.0
lHTl,2,0,2,1.0
lHTm,3,0,3,1.0
lHTs,1,1,2,0.5
lHbB,13,9,22,0.59
lHbD,1,1,2,0.5
lHbH,6,2,8,0.75
lHbI,1,0,1,1.0
lHbJ,2,3,5,0.4
lHbK,2,1,3,0.67
lHbL,6,7,13,0.46
lHbM,16,9,25,0.64
lHbN,13,12,25,0.52
lHbP,19,13,32,0.59
lHbS,3,3,6,0.5
lHbb,9,9,18,0.5
lHbl,2,4,6,0.33
lHbm,9,6,15,0.6
lHbn,8,13,21,0.38
lHbs,4,7,11,0.36
lHhB,0,3,3,0.0
lHhD,0,2,2,0.0
lHhH,1,1,2,0.5
lHhL,2,1,3,0.67
lHhM,3,3,6,0.5
lHhN,1,4,5,0.2
lHhP,6,6,12,0.5
lHhS,4,3,7,0.57
lHhT,0,1,1,0.0
lHhb,3,4,7,0.43
lHhh,4,4,8,0.5
lHhl,4,3,7,0.57
lHhm,2,4,6,0.33
lHhn,6,7,13,0.46
lHhs,3,10,13,0.23
lHlB,1,6,7,0.14
lHlH,5,2,7,0.71
lHlJ,1,0,1,1.0
lHlK,0,0,0,
lHlL,1,2,3,0.33
lHlM,5,9,14,0.36
lHlN,7,4,11,0.64
lHlP,3,7,10,0.3
lHlS,2,0,2,1.0
lHlb,1,10,11,0.09
lHll,3,0,3,1.0
lHlm,6,3,9,0.67
lHln,1,6,7,0.14
lHls,2,5,7,0.29
lHmB,6,9,15,0.4
lHmD,1,2,3,0.33
lHmH,8,4,12,0.67
lHmJ,1,1,2,0.5
lHmL,2,1,3,0.67
lHmM,10,12,22,0.45
lHmN,6,10,16,0.38
lHmP,12,9,21,0.57
lHmS,1,5,6,0.17
lHmb,9,7,16,0.56
lHml,5,3,8,0.62
lHmm,6,3,9,0.67
lHmn,10,3,13,0.77
lHms,5,5,10,0.5
lHnB,3,7,10,0.3
lHnD,1,2,3,0.33
lHnH,4,6,10,0.4
lHnI,2,2,4,0.5
lHnK,1,3,4,0.25
lHnL,6,8,14,0.43
lHnM,10,14,24,0.42
lHnN,11,17,28,0.39
lHnP,18,16,34,0.53
lHnS,7,6,13,0.54
lHnb,14,11,25,0.56
lHnl,8,9,17,0.47
lHnm,7,8,15,0.47
lHnn,18,10,28,0.64
lHns,8,4,12,0.67
lHsB,3,7,10,0.3
lHsD,0,0,0,
lHsH,5,5,10,0.5
lHsI,1,0,1,1.0
lHsL,3,2,5,0.6
lHsM,7,8,15,0.47
lHsN,1,11,12,0.08
lHsP,8,6,14,0.57
lHsS,12,10,22,0.55
lHsT,1,0,1,1.0
lHsb,4,2,6,0.67
lHsh,0,1,1,0.0
lHsl,5,3,8,0.62
lHsm,6,5,11,0.55
lHsn,7,8,15,0.47
lHss,5,10,15,0.33
lIBB,1,1,2,0.5
lIBM,3,4,7,0.43
lIBP,0,2,2,0.0
lIBS,1,1,2,0.5
lIBh,0,1,1,0.0
lIBj,1,0,1,1.0
lIBl,1,0,1,1.0
lIBm,1,1,2,0.5
lIBn,2,2,4,0.5
lIDH,1,1,2,0.5
lIDP,0,1,1,0.0
lIDS,0,1,1,0.0
lIDs,1,0,1,1.0
lIHB,1,2,3,0.33
lIHD,0,1,1,0.0
lIHH,0,1,1,0.0
lIHL,0,0,0,
lIHN,3,0,3,1.0
lIHP,2,1,3,0.67
lIHS,2,0,2,1.0
lIHT,1,0,1,1.0
lIHb,0,4,4,0.0
lIHl,0,2,2,0.0
lIHm,0,1,1,0.0
lIHn,0,2,2,0.0
lIII,1,0,1,1.0
lIIb,1,0,1,1.0
lIIl,1,0,1,1.0
lILN,2,1,3,0.67
lILP,1,0,1,1.0
lILb,0,0,0,
lILj,1,0,1,1.0
lILl,0,1,1,0.0
lILm,1,1,2,0.5
lILs,0,1,1,0.0
lIMB,0,1,1,0.0
lIML,1,1,2,0.5
lIMM,2,3,5,0.4
lIMN,2,1,3,0.67
lIMP,3,4,7,0.43
lIMS,0,1,1,0.0
lIMb,3,0,3,1.0
lIMh,1,1,2,0.5
lIMj,0,1,1,0.0
lIMl,0,1,1,0.0
lIMm,3,1,4,0.75
lIMn,1,3,4,0.25
lINB,1,1,2,0.5
lINH,0,1,1,0.0
lINK,0,1,1,0.0
lINL,1,0,1,1.0
lINM,1,0,1,1.0
lINN,2,4,6,0.33
lINP,2,2,4,0.5
lINS,2,1,3,0.67
lINT,1,1,2,0.5
lINb,3,2,5,0.6
lINl,2,0,2,1.0
lINm,1,1,2,0.5
lINn,0,1,1,0.0
lINs,1,1,2,0.5
lIPB,2,1,3,0.67
lIPD,0,1,1,0.0
lIPH,2,1,3,0.67
lIPL,1,1,2,0.5
lIPM,1,3,4,0.25
lIPN,2,2,4,0.5
lIPP,4,1,5,0.8
lIPS,1,1,2,0.5
lIPb,3,1,4,0.75
lIPh,1,0,1,1.0
lIPl,2,2,4,0.5
lIPm,1,0,1,1.0
lIPn,0,4,4,0.0
lIPs,0,1,1,0.0
lISB,2,2,4,0.5
lISH,0,1,1,0.0
lISM,1,1,2,0.5
lISN,1,1,2,0.5
lISP,1,3,4,0.25
lISS,2,0,2,1.0
lIST,1,0,1,1.0
lISl,2,0,2,1.0
lISn,0,0,0,
lISs,2,0,2,1.0
lITs,0,0,0,
lIbB,3,2,5,0.6
lIbH,1,0,1,1.0
lIbJ,1,0,1,1.0
lIbL,0,1,1,0.0
lIbM,0,2,2,0.0
lIbN,2,2,4,0.5
lIbP,2,2,4,0.5
lIbS,2,0,2,1.0
lIbb,1,0,1,1.0
lIbl,1,0,1,1.0
lIbm,1,2,3,0.33
lIbn,2,3,5,0.4
lIhS,0,1,1,0.0
lIlB,1,1,2,0.5
lIlH,0,0,0,
lIlM,1,1,2,0.5
lIlN,1,0,1,1.0
lIlP,3,3,6,0.5
lIlS,0,1,1,0.0
lIlb,1,0,1,1.0
lIlm,1,0,1,1.0
lIln,1,1,2,0.5
lIls,0,0,0,
lImB,1,1,2,0.5
lImH,1,3,4,0.25
lImI,1,0,1,1.0
lImL,1,1,2,0.5
lImM,1,1,2,0.5
lImN,2,4,6,0.33
lImP,0,1,1,0.0
lImS,0,1,1,0.0
lImm,0,1,1,0.0
lImn,1,1,2,0.5
lInB,1,0,1,1.0
lInD,1,0,1,1.0
lInM,3,1,4,0.75
lInN,1,2,3,0.33
lInP,2,1,3,0.67
lInb,2,2,4,0.5
lInm,1,1,2,0.5
lIns,0,1,1,0.0
lIsB,2,0,2,1.0
lIsH,1,1,2,0.5
lIsI,0,0,0,
lIsL,1,0,1,1.0
lIsM,2,0,2,1.0
lIsN,2,1,3,0.67
lIsP,2,4,6,0.33
lIsS,0,1,1,0.0
lIsb,1,0,1,1.0
lIsl,1,0,1,1.0
lIsn,0,0,0,
lIss,0,2,2,0.0
lJBB,5,5,10,0.5
lJBL,0,1,1,0.0
lJBM,1,7,8,0.12
lJBN,1,5,6,0.17
lJBP,3,4,7,0.43
lJBS,3,2,5,0.6
lJBb,2,2,4,0.5
lJBj,0,3,3,0.0
lJBl,0,1,1,0.0
lJBm,6,1,7,0.86
lJBn,4,4,8,0.5
lJBs,1,4,5,0.2
lJDH,1,0,1,1.0
lJDI,0,1,1,0.0
lJDL,0,0,0,
lJDM,0,1,1,0.0
lJDN,1,1,2,0.5
lJDS,0,2,2,0.0
lJDb,2,0,2,1.0
lJDl,1,0,1,1.0
lJHB,1,3,4,0.25
lJHL,1,0,1,1.0
lJHM,1,4,5,0.2
lJHN,1,3,4,0.25
lJHP,2,5,7,0.29
lJHS,2,0,2,1.0
lJHT,1,0,1,1.0
lJHb,2,3,5,0.4
lJHh,1,0,1,1.0
lJHl,0,0,0,
lJHm,4,1,5,0.8
lJHn,3,1,4,0.75
lJHs,1,1,2,0.5
lJIL,1,1,2,0.5
lJIM,0,1,1,0.0
lJIN,0,2,2,0.0
lJIP,1,0,1,1.0
lJIS,0,1,1,0.0
lJIb,0,0,0,
lJIm,1,0,1,1.0
lJIn,1,0,1,1.0
lJKI,0,0,0,
lJKM,2,0,2,1.0
lJKb,0,2,2,0.0
lJKh,0,1,1,0.0
lJKm,0,1,1,0.0
lJLB,1,2,3,0.33
lJLD,1,1,2,0.5
lJLL,2,4,6,0.33
lJLN,1,1,2,0.5
lJLP,0,4,4,0.0
lJLS,2,0,2,1.0
lJLT,1,0,1,1.0
lJLb,2,1,3,0.67
lJLh,1,1,2,0.5
lJLl,1,1,2,0.5
lJLm,3,0,3,1.0
lJLn,1,3,4,0.25
lJLs,1,3,4,0.25
lJMB,4,4,8,0.5
lJMD,0,2,2,0.0
lJMK,1,0,1,1.0
lJML,2,2,4,0.5
lJMM,2,5,7,0.29
lJMN,5,3,8,0.62
lJMP,4,7,11,0.36
lJMS,5,3,8,0.62
lJMT,0,1,1,0.0
lJMb,3,2,5,0.6
lJMh,5,0,5,1.0
lJMj,1,0,1,1.0
lJMl,4,0,4,1.0
lJMm,6,4,10,0.6
lJMn,6,1,7,0.86
lJMs,3,1,4,0.75
lJNB,2,4,6,0.33
lJND,1,0,1,1.0
lJNI,0,0,0,
lJNL,3,3,6,0.5
lJNM,3,3,6,0.5
lJNN,6,3,9,0.67
lJNP,1,5,6,0.17
lJNS,3,2,5,0.6
lJNT,0,1,1,0.0
lJNb,6,2,8,0.75
lJNh,0,0,0,
lJNl,3,4,7,0.43
lJNm,0,3,3,0.0
lJNn,8,6,14,0.57
lJNs,6,0,6,1.0
lJPB,9,5,14,0.64
lJPD,1,0,1,1.0
lJPH,1,2,3,0.33
lJPK,2,0,2,1.0
lJPL,0,5,5,0.0
lJPM,6,6,12,0.5
lJPN,6,7,13,0.46
lJPP,16,15,31,0.52
lJPS,6,4,10,0.6
lJPT,0,0,0,
lJPb,8,4,12,0.67
lJPh,0,1,1,0.0
lJPl,3,3,6,0.5
lJPm,5,5,10,0.5
lJPn,6,2,8,0.75
lJPs,4,6,10,0.4
lJSB,1,2,3,0.33
lJSH,0,2,2,0.0
lJSL,2,1,3,0.67
lJSM,2,6,8,0.25
lJSN,3,5,8,0.38
lJSP,7,6,13,0.54
lJSS,3,2,5,0.6
lJSb,2,3,5,0.4
lJSh,1,0,1,1.0
lJSl,2,2,4,0.5
lJSm,6,2,8,0.75
lJSn,7,3,10,0.7
lJSs,4,5,9,0.44
lJTM,1,0,1,1.0
lJTN,1,0,1,1.0
lJTP,1,2,3,0.33
lJTS,1,2,3,0.33
lJTb,0,1,1,0.0
lJTl,2,0,2,1.0
lJbB,6,7,13,0.46
lJbH,0,0,0,
lJbI,2,0,2,1.0
lJbL,4,3,7,0.57
lJbM,6,5,11,0.55
lJbN,5,3,8,0.62
lJbP,7,4,11,0.64
lJbS,1,0,1,1.0
lJbb,8,5,13,0.62
lJbl,3,0,3,1.0
lJbm,4,2,6,0.67
lJbn,4,5,9,0.44
lJbs,0,2,2,0.0
lJhB,0,0,0,
lJhL,1,1,2,0.5
lJhM,1,0,1,1.0
lJhh,0,2,2,0.0
lJlB,3,2,5,0.6
lJlD,1,0,1,1.0
lJlH,2,0,2,1.0
lJlJ,3,0,3,1.0
lJlL,1,0,1,1.0
lJlM,1,4,5,0.2
lJlN,0,3,3,0.0
lJlP,3,0,3,1.0
lJlS,0,2,2,0.0
lJlb,0,0,0,
lJll,6,0,6,1.0
lJlm,2,3,5,0.4
lJln,3,1,4,0.75
lJls,0,1,1,0.0
lJmB,1,1,2,0.5
lJmD,1,1,2,0.5
lJmH,1,0,1,1.0
lJmJ,3,0,3,1.0
lJmL,4,1,5,0.8
lJmM,7,6,13,0.54
lJmN,3,3,6,0.5
lJmP,8,5,13,0.62
lJmS,1,4,5,0.2
lJmb,1,4,5,0.2
lJml,3,1,4,0.75
lJmm,2,1,3,0.67
lJmn,4,2,6,0.67
lJms,3,1,4,0.75
lJnB,2,1,3,0.67
lJnD,0,2,2,0.0
lJnH,2,2,4,0.5
lJnI,1,1,2,0.5
lJnK,1,1,2,0.5
lJnL,3,1,4,0.75
lJnM,2,2,4,0.5
lJnN,3,2,5,0.6
lJnP,6,4,10,0.6
lJnS,1,1,2,0.5
lJnb,2,1,3,0.67
lJnl,0,2,2,0.0
lJnm,5,1,6,0.83
lJnn,2,4,6,0.33
lJns,1,3,4,0.25
lJsB,4,2,6,0.67
lJsH,0,5,5,0.0
lJsL,1,2,3,0.33
lJsM,3,1,4,0.75
lJsN,1,3,4,0.25
lJsP,6,3,9,0.67
lJsS,2,2,4,0.5
lJsb,4,2,6,0.67
lJsh,1,0,1,1.0
lJsl,2,2,4,0.5
lJsm,3,3,6,0.5
lJsn,3,3,6,0.5
lJss,1,4,5,0.2
lKBB,1,1,2,0.5
lKBL,1,0,1,1.0
lKBN,0,1,1,0.0
lKBP,0,3,3,0.0
lKBS,0,0,0,
lKBb,1,2,3,0.33
lKBl,1,1,2,0.5
lKBm,1,0,1,1.0
lKBn,1,0,1,1.0
lKBs,1,1,2,0.5
lKDl,1,0,1,1.0
lKKM,0,2,2,0.0
lKKb,0,1,1,0.0
lKLB,1,0,1,1.0
lKLL,0,1,1,0.0
lKLS,0,0,0,
lKLj,0,1,1,0.0
lKLl,1,0,1,1.0
lKLm,0,1,1,0.0
lKLn,2,0,2,1.0
lKMB,0,2,2,0.0
lKML,0,1,1,0.0
lKMM,0,0,0,
lKMN,1,0,1,1.0
lKMP,4,0,4,1.0
lKMS,0,1,1,0.0
lKMT,0,1,1,0.0
lKMb,2,0,2,1.0
lKMh,0,1,1,0.0
lKMj,0,1,1,0.0
lKMm,0,1,1,0.0
lKMn,2,2,4,0.5
lKMs,2,3,5,0.4
lKNL,0,1,1,0.0
lKNN,0,2,2,0.0
lKNP,0,1,1,0.0
lKNb,1,0,1,1.0
lKNl,1,0,1,1.0
lKNm,0,1,1,0.0
lKPB,1,1,2,0.5
lKPH,0,0,0,
lKPL,1,0,1,1.0
lKPM,0,1,1,0.0
lKPN,0,1,1,0.0
lKPP,3,2,5,0.6
lKPS,0,1,1,0.0
lKPT,1,0,1,1.0
lKPb,1,2,3,0.33
lKPl,1,0,1,1.0
lKPm,0,1,1,0.0
lKPn,1,0,1,1.0
lKSB,0,1,1,0.0
lKSD,1,0,1,1.0
lKSM,0,1,1,0.0
lKSN,0,1,1,0.0
lKSP,1,1,2,0.5
lKSS,1,0,1,1.0
lKSb,1,0,1,1.0
lKSh,1,0,1,1.0
lKSm,0,1,1,0.0
lKTM,0,1,1,0.0
lKbB,1,3,4,0.25
lKbN,1,0,1,1.0
lKbP,1,0,1,1.0
lKbb,1,1,2,0.5
lKbl,1,0,1,1.0
lKbm,0,1,1,0.0
lKbn,0,0,0,
lKbs,0,1,1,0.0
lKhB,0,1,1,0.0
lKhD,0,0,0,
lKhH,1,0,1,1.0
lKhL,1,0,1,1.0
lKhM,0,0,0,
lKhN,0,0,0,
lKhP,1,2,3,0.33
lKhS,1,1,2,0.5
lKhb,0,1,1,0.0
lKhh,0,1,1,0.0
lKhl,3,1,4,0.75
lKhm,2,0,2,1.0
lKhn,1,2,3,0.33
lKlH,0,1,1,0.0
lKlM,1,0,1,1.0
lKlN,1,0,1,1.0
lKlP,0,1,1,0.0
lKlS,1,1,2,0.5
lKlb,0,1,1,0.0
lKmB,0,1,1,0.0
lKmH,0,1,1,0.0
lKmL,0,1,1,0.0
lKmM,0,1,1,0.0
lKmN,2,1,3,0.67
lKmP,2,2,4,0.5
lKmS,0,2,2,0.0
lKmb,2,5,7,0.29
lKmn,0,0,0,
lKms,0,1,1,0.0
lKnB,1,0,1,1.0
lKnL,3,0,3,1.0
lKnM,3,1,4,0.75
lKnP,1,2,3,0.33
lKnS,0,1,1,0.0
lKnm,0,0,0,
lKnn,1,4,5,0.2
lKns,0,0,0,
lKsM,0,1,1,0.0
lKsN,0,1,1,0.0
lKsP,1,0,1,1.0
lKsS,1,2,3,0.33
lKsl,1,1,2,0.5
lKss,0,2,2,0.0
lLBB,4,7,11,0.36
lLBD,0,1,1,0.0
lLBK,1,0,1,1.0
lLBL,2,1,3,0.67
lLBM,3,3,6,0.5
lLBN,3,4,7,0.43
lLBP,10,3,13,0.77
lLBS,2,1,3,0.67
lLBT,1,1,2,0.5
lLBb,5,6,11,0.45
lLBh,0,2,2,0.0
lLBj,2,2,4,0.5
lLBl,5,2,7,0.71
lLBm,8,6,14,0.57
lLBn,6,4,10,0.6
lLBs,5,4,9,0.56
lLDH,0,1,1,0.0
lLDL,1,0,1,1.0
lLDP,0,0,0,
lLDm,1,1,2,0.5
lLDn,0,1,1,0.0
lLDs,1,0,1,1.0
lLHM,0,1,1,0.0
lLHS,0,0,0,
lLHn,1,0,1,1.0
lLKB,1,0,1,1.0
lLKL,0,1,1,0.0
lLKM,1,0,1,1.0
lLKN,0,1,1,0.0
lLKP,1,0,1,1.0
lLKm,1,0,1,1.0
lLLB,4,7,11,0.36
lLLD,0,1,1,0.0
lLLM,2,2,4,0.5
lLLN,7,2,9,0.78
lLLP,5,2,7,0.71
lLLS,1,2,3,0.33
lLLT,1,0,1,1.0
lLLb,0,5,5,0.0
lLLh,1,4,5,0.2
lLLj,1,1,2,0.5
lLLl,0,2,2,0.0
lLLm,3,2,5,0.6
lLLn,3,3,6,0.5
lLLs,1,2,3,0.33
lLMB,8,6,14,0.57
lLMD,1,1,2,0.5
lLMK,0,0,0,
lLML,3,0,3,1.0
lLMM,4,8,12,0.33
lLMN,6,7,13,0.46
lLMP,7,8,15,0.47
lLMS,2,2,4,0.5
lLMT,0,0,0,
lLMb,6,6,12,0.5
lLMh,4,3,7,0.57
lLMj,1,1,2,0.5
lLMl,4,3,7,0.57
lLMm,8,9,17,0.47
lLMn,6,13,19,0.32
lLMs,7,6,13,0.54
lLNB,4,6,10,0.4
lLND,0,2,2,0.0
lLNH,3,2,5,0.6
lLNK,0,1,1,0.0
lLNL,2,3,5,0.4
lLNM,6,11,17,0.35
lLNN,13,10,23,0.57
lLNP,8,7,15,0.53
lLNS,4,7,11,0.36
lLNT,3,1,4,0.75
lLNb,2,10,12,0.17
lLNh,2,2,4,0.5
lLNl,4,3,7,0.57
lLNm,1,3,4,0.25
lLNn,6,8,14,0.43
lLNs,3,4,7,0.43
lLPB,4,8,12,0.33
lLPD,0,1,1,0.0
lLPH,4,4,8,0.5
lLPI,2,1,3,0.67
lLPK,1,1,2,0.5
lLPL,2,2,4,0.5
lLPM,11,5,16,0.69
lLPN,10,15,25,0.4
lLPP,14,9,23,0.61
lLPS,6,6,12,0.5
lLPT,0,2,2,0.0
lLPb,9,4,13,0.69
lLPh,0,1,1,0.0
lLPl,3,9,12,0.25
lLPm,7,8,15,0.47
lLPn,7,2,9,0.78
lLPs,6,8,14,0.43
lLSB,1,4,5,0.2
lLSH,3,0,3,1.0
lLSK,0,0,0,
lLSL,2,2,4,0.5
lLSM,5,7,12,0.42
lLSN,5,4,9,0.56
lLSP,6,2,8,0.75
lLSS,8,8,16,0.5
lLST,0,2,2,0.0
lLSb,3,4,7,0.43
lLSh,4,3,7,0.57
lLSl,3,2,5,0.6
lLSm,1,9,10,0.1
lLSn,7,4,11,0.64
lLSs,5,6,11,0.45
lLTB,2,0,2,1.0
lLTH,1,1,2,0.5
lLTM,3,1,4,0.75
lLTN,1,2,3,0.33
lLTP,3,3,6,0.5
lLTS,1,1,2,0.5
lLTb,0,0,0,
lLTl,1,2,3,0.33
lLTm,1,1,2,0.5
lLTn,0,1,1,0.0
lLTs,0,1,1,0.0
lLbB,8,3,11,0.73
lLbH,3,1,4,0.75
lLbJ,2,1,3,0.67
lLbK,2,1,3,0.67
lLbL,1,0,1,1.0
lLbM,5,7,12,0.42
lLbN,6,4,10,0.6
lLbP,10,12,22,0.45
lLbS,4,2,6,0.67
lLbb,6,8,14,0.43
lLbl,3,2,5,0.6
lLbm,8,1,9,0.89
lLbn,7,7,14,0.5
lLbs,4,3,7,0.57
lLhB,3,6,9,0.33
lLhH,0,1,1,0.0
lLhL,0,2,2,0.0
lLhM,5,2,7,0.71
lLhN,4,4,8,0.5
lLhP,5,3,8,0.62
lLhS,1,2,3,0.33
lLhT,2,0,2,1.0
lLhb,2,1,3,0.67
lLhh,2,5,7,0.29
lLhl,1,0,1,1.0
lLhm,3,2,5,0.6
lLhn,2,0,2,1.0
lLhs,3,2,5,0.6
lLjB,1,3,4,0.25
lLjH,0,1,1,0.0
lLjK,1,0,1,1.0
lLjL,4,0,4,1.0
lLjM,2,3,5,0.4
lLjN,2,5,7,0.29
lLjP,2,4,6,0.33
lLjS,2,4,6,0.33
lLjT,1,0,1,1.0
lLjb,1,0,1,1.0
lLjl,1,1,2,0.5
lLjm,4,4,8,0.5
lLjn,1,1,2,0.5
lLjs,2,2,4,0.5
lLlB,0,6,6,0.0
lLlH,3,0,3,1.0
lLlI,1,0,1,1.0
lLlJ,2,0,2,1.0
lLlK,0,1,1,0.0
lLlL,1,1,2,0.5
lLlM,3,3,6,0.5
lLlN,8,2,10,0.8
lLlP,5,3,8,0.62
lLlS,0,4,4,0.0
lLlb,6,4,10,0.6
lLll,0,1,1,0.0
lLlm,2,3,5,0.4
lLln,4,3,7,0.57
lLls,5,2,7,0.71
lLmB,2,6,8,0.25
lLmD,1,1,2,0.5
lLmH,0,4,4,0.0
lLmI,1,0,1,1.0
lLmJ,4,0,4,1.0
lLmM,5,5,10,0.5
lLmN,2,9,11,0.18
lLmP,6,11,17,0.35
lLmS,2,3,5,0.4
lLmb,7,4,11,0.64
lLml,1,3,4,0.25
lLmm,3,6,9,0.33
lLmn,8,1,9,0.89
lLms,2,2,4,0.5
lLnB,8,4,12,0.67
lLnD,1,2,3,0.33
lLnH,2,8,10,0.2
lLnK,0,2,2,0.0
lLnL,2,5,7,0.29
lLnM,12,7,19,0.63
lLnN,10,10,20,0.5
lLnP,12,12,24,0.5
lLnS,8,10,18,0.44
lLnb,8,10,18,0.44
lLnh,0,2,2,0.0
lLnl,5,5,10,0.5
lLnm,9,10,19,0.47
lLnn,15,10,25,0.6
lLns,5,4,9,0.56
lLsB,0,5,5,0.0
lLsH,5,5,10,0.5
lLsI,0,1,1,0.0
lLsL,2,7,9,0.22
lLsM,2,6,8,0.25
lLsN,5,2,7,0.71
lLsP,3,7,10,0.3
lLsS,5,3,8,0.62
lLsb,4,0,4,1.0
lLsl,2,5,7,0.29
lLsm,7,5,12,0.58
lLsn,3,2,5,0.6
lLss,4,0,4,1.0
lMBB,10,21,31,0.32
lMBD,2,1,3,0.67
lMBK,0,0,0,
lMBL,2,2,4,0.5
lMBM,11,11,22,0.5
lMBN,22,12,34,0.65
lMBP,17,15,32,0.53
lMBS,10,7,17,0.59
lMBT,1,3,4,0.25
lMBb,13,10,23,0.57
lMBh,1,1,2,0.5
lMBj,7,11,18,0.39
lMBl,6,3,9,0.67
lMBm,6,9,15,0.4
lMBn,17,18,35,0.49
lMBs,3,5,8,0.38
lMDB,1,1,2,0.5
lMDD,1,0,1,1.0
lMDH,1,0,1,1.0
lMDL,0,1,1,0.0
lMDM,2,1,3,0.67
lMDN,0,2,2,0.0
lMDP,4,3,7,0.57
lMDS,3,0,3,1.0
lMDb,1,2,3,0.33
lMDl,1,1,2,0.5
lMDm,3,0,3,1.0
lMDn,2,0,2,1.0
lMDs,1,0,1,1.0
lMIS,1,0,1,1.0
lMKD,1,0,1,1.0
lMKI,1,0,1,1.0
lMKM,0,1,1,0.0
lMKS,0,1,1,0.0
lMKm,1,0,1,1.0
lMLB,3,7,10,0.3
lMLK,0,1,1,0.0
lMLL,3,0,3,1.0
lMLM,8,6,14,0.57
lMLN,6,4,10,0.6
lMLP,10,7,17,0.59
lMLS,2,3,5,0.4
lMLT,4,0,4,1.0
lMLb,3,6,9,0.33
lMLh,5,3,8,0.62
lMLj,3,4,7,0.43
lMLl,2,0,2,1.0
lMLm,7,7,14,0.5
lMLn,16,7,23,0.7
lMLs,3,2,5,0.6
lMMB,10,10,20,0.5
lMMD,2,3,5,0.4
lMML,5,0,5,1.0
lMMM,11,19,30,0.37
lMMN,6,9,15,0.4
lMMP,19,16,35,0.54
lMMS,12,8,20,0.6
lMMT,3,1,4,0.75
lMMb,15,11,26,0.58
lMMh,13,13,26,0.5
lMMj,4,5,9,0.44
lMMl,5,4,9,0.56
lMMm,12,12,24,0.5
lMMn,25,24,49,0.51
lMMs,12,11,23,0.52
lMNB,15,10,25,0.6
lMND,1,1,2,0.5
lMNH,3,0,3,1.0
lMNK,1,4,5,0.2
lMNL,1,6,7,0.14
lMNM,11,13,24,0.46
lMNN,14,21,35,0.4
lMNP,21,20,41,0.51
lMNS,7,9,16,0.44
lMNT,1,3,4,0.25
lMNb,10,19,29,0.34
lMNh,4,2,6,0.67
lMNl,8,2,10,0.8
lMNm,18,13,31,0.58
lMNn,20,21,41,0.49
lMNs,6,9,15,0.4
lMPB,14,9,23,0.61
lMPD,2,2,4,0.5
lMPH,7,4,11,0.64
lMPI,3,1,4,0.75
lMPK,2,3,5,0.4
lMPL,8,4,12,0.67
lMPM,16,21,37,0.43
lMPN,15,20,35,0.43
lMPP,36,33,69,0.52
lMPS,9,11,20,0.45
lMPT,1,4,5,0.2
lMPb,26,27,53,0.49
lMPh,5,4,9,0.56
lMPl,7,11,18,0.39
lMPm,17,23,40,0.42
lMPn,17,23,40,0.42
lMPs,8,14,22,0.36
lMSB,7,5,12,0.58
lMSD,1,1,2,0.5
lMSH,7,4,11,0.64
lMSK,1,0,1,1.0
lMSL,1,3,4,0.25
lMSM,10,11,21,0.48
lMSN,13,11,24,0.54
lMSP,11,14,25,0.44
lMSS,10,7,17,0.59
lMST,2,0,2,1.0
lMSb,13,6,19,0.68
lMSh,7,9,16,0.44
lMSl,4,5,9,0.44
lMSm,20,8,28,0.71
lMSn,14,15,29,0.48
lMSs,13,5,18,0.72
lMTB,1,1,2,0.5
lMTH,0,1,1,0.0
lMTM,1,2,3,0.33
lMTN,4,1,5,0.8
lMTP,4,4,8,0.5
lMTS,1,1,2,0.5
lMTb,2,1,3,0.67
lMTl,0,2,2,0.0
lMTm,1,1,2,0.5
lMTn,2,3,5,0.4
lMTs,3,1,4,0.75
lMbB,7,15,22,0.32
lMbD,1,1,2,0.5
lMbH,4,1,5,0.8
lMbI,0,5,5,0.0
lMbJ,9,8,17,0.53
lMbK,0,2,2,0.0
lMbL,6,5,11,0.55
lMbM,15,17,32,0.47
lMbN,32,19,51,0.63
lMbP,20,28,48,0.42
lMbS,6,9,15,0.4
lMbb,15,8,23,0.65
lMbl,3,6,9,0.33
lMbm,15,6,21,0.71
lMbn,21,17,38,0.55
lMbs,3,10,13,0.23
lMhB,10,7,17,0.59
lMhD,2,3,5,0.4
lMhH,3,3,6,0.5
lMhL,3,3,6,0.5
lMhM,14,16,30,0.47
lMhN,10,10,20,0.5
lMhP,20,16,36,0.56
lMhS,10,10,20,0.5
lMhT,0,2,2,0.0
lMhb,11,15,26,0.42
lMhh,12,12,24,0.5
lMhl,8,3,11,0.73
lMhm,12,9,21,0.57
lMhn,13,11,24,0.54
lMhs,7,11,18,0.39
lMjB,5,2,7,0.71
lMjD,2,0,2,1.0
lMjH,2,2,4,0.5
lMjK,0,1,1,0.0
lMjL,1,3,4,0.25
lMjM,6,6,12,0.5
lMjN,4,4,8,0.5
lMjP,11,3,14,0.79
lMjS,5,4,9,0.56
lMjT,0,1,1,0.0
lMjb,3,4,7,0.43
lMjh,0,3,3,0.0
lMjl,4,3,7,0.57
lMjm,5,2,7,0.71
lMjn,5,4,9,0.56
lMjs,4,8,12,0.33
lMlB,6,2,8,0.75
lMlD,0,1,1,0.0
lMlH,3,6,9,0.33
lMlJ,2,0,2,1.0
lMlK,2,1,3,0.67
lMlL,4,2,6,0.67
lMlM,10,11,21,0.48
lMlN,15,9,24,0.62
lMlP,9,7,16,0.56
lMlS,5,8,13,0.38
lMlb,10,5,15,0.67
lMlm,6,3,9,0.67
lMln,9,6,15,0.6
lMls,5,4,9,0.56
lMmB,10,18,28,0.36
lMmD,0,2,2,0.0
lMmH,10,10,20,0.5
lMmJ,2,3,5,0.4
lMmK,3,1,4,0.75
lMmL,5,4,9,0.56
lMmM,10,12,22,0.45
lMmN,15,11,26,0.58
lMmP,10,19,29,0.34
lMmS,10,8,18,0.56
lMmb,17,13,30,0.57
lMml,5,2,7,0.71
lMmm,13,12,25,0.52
lMmn,12,13,25,0.48
lMms,6,4,10,0.6
lMnB,9,18,27,0.33
lMnD,3,4,7,0.43
lMnH,11,8,19,0.58
lMnI,4,2,6,0.67
lMnK,2,2,4,0.5
lMnL,8,8,16,0.5
lMnM,19,25,44,0.43
lMnN,36,27,63,0.57
lMnP,45,40,85,0.53
lMnS,23,18,41,0.56
lMnb,13,11,24,0.54
lMnh,1,1,2,0.5
lMnl,7,6,13,0.54
lMnm,14,12,26,0.54
lMnn,39,27,66,0.59
lMns,8,13,21,0.38
lMsB,7,8,15,0.47
lMsD,1,2,3,0.33
lMsH,8,12,20,0.4
lMsI,0,2,2,0.0
lMsK,0,1,1,0.0
lMsL,6,3,9,0.67
lMsM,7,12,19,0.37
lMsN,10,8,18,0.56
lMsP,17,18,35,0.49
lMsS,8,16,24,0.33
lMsb,12,4,16,0.75
lMsh,2,1,3,0.67
lMsl,6,5,11,0.55
lMsm,16,6,22,0.73
lMsn,14,5,19,0.74
lMss,9,9,18,0.5
lNBB,8,9,17,0.47
lNBD,2,0,2,1.0
lNBK,0,0,0,
lNBL,7,1,8,0.88
lNBM,11,20,31,0.35
lNBN,13,9,22,0.59
lNBP,15,16,31,0.48
lNBS,10,10,20,0.5
lNBT,2,1,3,0.67
lNBb,12,18,30,0.4
lNBh,2,2,4,0.5
lNBj,4,5,9,0.44
lNBl,2,5,7,0.29
lNBm,9,7,16,0.56
lNBn,15,15,30,0.5
lNBs,7,8,15,0.47
lNDH,1,4,5,0.2
lNDL,0,1,1,0.0
lNDM,1,1,2,0.5
lNDN,5,1,6,0.83
lNDP,0,3,3,0.0
lNDS,4,2,6,0.67
lNDb,1,2,3,0.33
lNDl,1,0,1,1.0
lNDm,4,1,5,0.8
lNDn,3,2,5,0.6
lNDs,2,0,2,1.0
lNHB,5,0,5,1.0
lNHH,1,1,2,0.5
lNHK,1,0,1,1.0
lNHL,1,0,1,1.0
lNHM,3,3,6,0.5
lNHN,3,6,9,0.33
lNHP,2,8,10,0.2
lNHS,1,3,4,0.25
lNHT,1,0,1,1.0
lNHb,3,1,4,0.75
lNHh,0,2,2,0.0
lNHl,1,1,2,0.5
lNHm,3,1,4,0.75
lNHn,3,6,9,0.33
lNHs,2,0,2,1.0
lNIL,0,1,1,0.0
lNIM,1,0,1,1.0
lNKB,1,0,1,1.0
lNKM,1,4,5,0.2
lNKN,1,2,3,0.33
lNKP,3,1,4,0.75
lNKS,1,1,2,0.5
lNKb,1,2,3,0.33
lNKh,3,0,3,1.0
lNKl,1,1,2,0.5
lNKn,0,2,2,0.0
lNKs,0,0,0,
lNLB,7,5,12,0.58
lNLH,1,0,1,1.0
lNLL,5,1,6,0.83
lNLM,6,10,16,0.38
lNLN,7,9,16,0.44
lNLP,15,13,28,0.54
lNLS,6,2,8,0.75
lNLT,1,0,1,1.0
lNLb,7,9,16,0.44
lNLh,5,2,7,0.71
lNLj,2,2,4,0.5
lNLl,1,6,7,0.14
lNLm,7,9,16,0.44
lNLn,9,9,18,0.5
lNLs,5,7,12,0.42
lNMB,13,6,19,0.68
lNMD,1,1,2,0.5
lNML,5,5,10,0.5
lNMM,15,20,35,0.43
lNMN,17,19,36,0.47
lNMP,19,26,45,0.42
lNMS,9,8,17,0.53
lNMT,1,2,3,0.33
lNMb,15,19,34,0.44
lNMh,16,13,29,0.55
lNMj,5,2,7,0.71
lNMl,6,6,12,0.5
lNMm,16,20,36,0.44
lNMn,26,17,43,0.6
lNMs,12,9,21,0.57
lNNB,13,14,27,0.48
lNND,3,4,7,0.43
lNNH,2,2,4,0.5
lNNK,1,2,3,0.33
lNNL,10,9,19,0.53
lNNM,22,21,43,0.51
lNNN,27,27,54,0.5
lNNP,30,36,66,0.45
lNNS,13,16,29,0.45
lNNT,3,7,10,0.3
lNNb,14,17,31,0.45
lNNh,10,10,20,0.5
lNNl,8,6,14,0.57
lNNm,16,17,33,0.48
lNNn,27,30,57,0.47
lNNs,17,10,27,0.63
lNPB,21,18,39,0.54
lNPD,3,1,4,0.75
lNPH,8,8,16,0.5
lNPI,1,2,3,0.33
lNPK,2,6,8,0.25
lNPL,16,7,23,0.7
lNPM,36,38,74,0.49
lNPN,28,28,56,0.5
lNPP,47,44,91,0.52
lNPS,26,21,47,0.55
lNPT,5,1,6,0.83
lNPb,30,26,56,0.54
lNPh,3,8,11,0.27
lNPl,20,14,34,0.59
lNPm,26,21,47,0.55
lNPn,29,29,58,0.5
lNPs,21,24,45,0.47
lNSB,5,9,14,0.36
lNSD,0,2,2,0.0
lNSH,3,9,12,0.25
lNSL,6,4,10,0.6
lNSM,14,16,30,0.47
lNSN,8,14,22,0.36
lNSP,14,14,28,0.5
lNSS,10,12,22,0.45
lNST,3,0,3,1.0
lNSb,8,11,19,0.42
lNSh,5,10,15,0.33
lNSl,2,3,5,0.4
lNSm,12,8,20,0.6
lNSn,15,17,32,0.47
lNSs,17,12,29,0.59
lNTB,5,0,5,1.0
lNTD,0,1,1,0.0
lNTH,1,1,2,0.5
lNTL,0,1,1,0.0
lNTM,5,2,7,0.71
lNTN,2,3,5,0.4
lNTP,1,2,3,0.33
lNTS,2,5,7,0.29
lNTT,1,0,1,1.0
lNTb,3,6,9,0.33
lNTl,1,0,1,1.0
lNTm,4,0,4,1.0
lNTn,2,2,4,0.5
lNTs,4,5,9,0.44
lNbB,20,18,38,0.53
lNbD,0,1,1,0.0
lNbH,1,4,5,0.2
lNbI,1,2,3,0.33
lNbJ,4,10,14,0.29
lNbK,0,2,2,0.0
lNbL,9,3,12,0.75
lNbM,18,14,32,0.56
lNbN,20,20,40,0.5
lNbP,32,23,55,0.58
lNbS,8,11,19,0.42
lNbb,16,16,32,0.5
lNbh,0,1,1,0.0
lNbl,5,7,12,0.42
lNbm,17,11,28,0.61
lNbn,22,16,38,0.58
lNbs,6,6,12,0.5
lNhB,2,0,2,1.0
lNhD,1,1,2,0.5
lNhH,1,2,3,0.33
lNhI,1,0,1,1.0
lNhL,1,1,2,0.5
lNhM,5,7,12,0.42
lNhN,8,7,15,0.53
lNhP,6,9,15,0.4
lNhS,3,4,7,0.43
lNhT,0,1,1,0.0
lNhb,6,9,15,0.4
lNhh,6,7,13,0.46
lNhl,4,2,6,0.67
lNhm,5,5,10,0.5
lNhn,7,7,14,0.5
lNhs,0,4,4,0.0
lNlB,9,11,20,0.45
lNlD,1,1,2,0.5
lNlH,4,5,9,0.44
lNlI,0,1,1,0.0
lNlJ,3,0,3,1.0
lNlL,4,3,7,0.57
lNlM,8,6,14,0.57
lNlN,10,7,17,0.59
lNlP,11,6,17,0.65
lNlS,5,6,11,0.45
lNlb,7,3,10,0.7
lNll,7,0,7,1.0
lNlm,10,4,14,0.71
lNln,9,12,21,0.43
lNls,3,4,7,0.43
lNmB,16,13,29,0.55
lNmD,2,1,3,0.67
lNmH,7,14,21,0.33
lNmI,2,2,4,0.5
lNmJ,3,1,4,0.75
lNmL,5,8,13,0.38
lNmM,15,19,34,0.44
lNmN,24,23,47,0.51
lNmP,26,23,49,0.53
lNmS,11,4,15,0.73
lNmb,16,15,31,0.52
lNml,3,4,7,0.43
lNmm,13,7,20,0.65
lNmn,11,12,23,0.48
lNms,5,10,15,0.33
lNnB,16,12,28,0.57
lNnD,1,4,5,0.2
lNnH,17,21,38,0.45
lNnI,3,0,3,1.0
lNnK,2,2,4,0.5
lNnL,16,7,23,0.7
lNnM,29,23,52,0.56
lNnN,32,29,61,0.52
lNnP,36,33,69,0.52
lNnS,18,21,39,0.46
lNnb,24,21,45,0.53
lNnh,2,0,2,1.0
lNnl,11,4,15,0.73
lNnm,19,15,34,0.56
lNnn,25,19,44,0.57
lNns,20,13,33,0.61
lNsB,4,6,10,0.4
lNsD,1,0,1,1.0
lNsH,7,11,18,0.39
lNsI,2,2,4,0.5
lNsL,7,4,11,0.64
lNsM,12,8,20,0.6
lNsN,14,11,25,0.56
lNsP,15,17,32,0.47
lNsS,18,15,33,0.55
lNsT,1,0,1,1.0
lNsb,14,8,22,0.64
lNsh,0,2,2,0.0
lNsl,3,2,5,0.6
lNsm,13,8,21,0.62
lNsn,11,9,20,0.55
lNss,10,8,18,0.56
lPBB,10,12,22,0.45
lPBD,2,2,4,0.5
lPBK,4,0,4,1.0
lPBL,12,9,21,0.57
lPBM,18,21,39,0.46
lPBN,13,14,27,0.48
lPBP,22,23,45,0.49
lPBS,12,15,27,0.44
lPBT,4,0,4,1.0
lPBb,30,15,45,0.67
lPBh,1,0,1,1.0
lPBj,3,8,11,0.27
lPBl,12,7,19,0.63
lPBm,15,18,33,0.45
lPBn,26,16,42,0.62
lPBs,13,13,26,0.5
lPDB,0,4,4,0.0
lPDH,0,0,0,
lPDL,1,2,3,0.33
lPDM,1,1,2,0.5
lPDN,1,1,2,0.5
lPDP,2,4,6,0.33
lPDS,1,1,2,0.5
lPDT,1,1,2,0.5
lPDb,1,1,2,0.5
lPDm,1,1,2,0.5
lPDn,3,3,6,0.5
lPDs,2,2,4,0.5
lPHB,3,3,6,0.5
lPHD,1,0,1,1.0
lPHH,1,5,6,0.17
lPHI,1,0,1,1.0
lPHK,0,1,1,0.0
lPHL,2,2,4,0.5
lPHM,9,7,16,0.56
lPHN,5,5,10,0.5
lPHP,8,7,15,0.53
lPHS,3,6,9,0.33
lPHT,2,0,2,1.0
lPHb,12,6,18,0.67
lPHh,3,0,3,1.0
lPHl,4,0,4,1.0
lPHm,4,2,6,0.67
lPHn,5,8,13,0.38
lPHs,1,9,10,0.1
lPIB,1,2,3,0.33
lPID,1,0,1,1.0
lPIH,0,1,1,0.0
lPII,0,1,1,0.0
lPIL,2,0,2,1.0
lPIM,1,4,5,0.2
lPIN,2,4,6,0.33
lPIP,4,1,5,0.8
lPIS,2,3,5,0.4
lPIb,2,3,5,0.4
lPIh,0,0,0,
lPIl,2,2,4,0.5
lPIm,0,1,1,0.0
lPKB,0,2,2,0.0
lPKD,1,0,1,1.0
lPKH,1,0,1,1.0
lPKL,2,0,2,1.0
lPKM,0,5,5,0.0
lPKN,1,3,4,0.25
lPKP,4,1,5,0.8
lPKS,1,1,2,0.5
lPKT,1,0,1,1.0
lPKb,0,2,2,0.0
lPKh,0,0,0,
lPKl,0,1,1,0.0
lPKm,2,2,4,0.5
lPKn,1,1,2,0.5
lPKs,1,1,2,0.5
lPLB,9,5,14,0.64
lPLD,1,0,1,1.0
lPLL,3,5,8,0.38
lPLM,5,12,17,0.29
lPLN,6,9,15,0.4
lPLP,14,8,22,0.64
lPLS,8,7,15,0.53
lPLT,2,1,3,0.67
lPLb,7,12,19,0.37
lPLh,6,9,15,0.4
lPLj,2,1,3,0.67
lPLl,7,5,12,0.58
lPLm,13,5,18,0.72
lPLn,13,10,23,0.57
lPLs,4,4,8,0.5
lPMB,19,17,36,0.53
lPMD,0,1,1,0.0
lPML,12,8,20,0.6
lPMM,22,20,42,0.52
lPMN,17,17,34,0.5
lPMP,26,28,54,0.48
lPMS,11,17,28,0.39
lPMT,5,0,5,1.0
lPMb,27,35,62,0.44
lPMh,21,15,36,0.58
lPMj,8,12,20,0.4
lPMl,7,10,17,0.41
lPMm,22,17,39,0.56
lPMn,22,30,52,0.42
lPMs,10,8,18,0.56
lPNB,23,16,39,0.59
lPND,2,3,5,0.4
lPNH,1,4,5,0.2
lPNK,1,1,2,0.5
lPNL,8,11,19,0.42
lPNM,14,27,41,0.34
lPNN,18,19,37,0.49
lPNP,26,42,68,0.38
lPNS,18,13,31,0.58
lPNT,7,6,13,0.54
lPNb,18,28,46,0.39
lPNh,9,9,18,0.5
lPNl,12,9,21,0.57
lPNm,26,11,37,0.7
lPNn,30,29,59,0.51
lPNs,13,16,29,0.45
lPPB,47,26,73,0.64
lPPD,4,4,8,0.5
lPPH,7,8,15,0.47
lPPI,6,2,8,0.75
lPPK,4,0,4,1.0
lPPL,20,19,39,0.51
lPPM,33,36,69,0.48
lPPN,39,19,58,0.67
lPPP,63,50,113,0.56
lPPS,28,21,49,0.57
lPPT,3,2,5,0.6
lPPb,33,34,67,0.49
lPPh,2,6,8,0.25
lPPl,19,19,38,0.5
lPPm,24,19,43,0.56
lPPn,24,25,49,0.49
lPPs,28,20,48,0.58
lPSB,3,12,15,0.2
lPSD,1,1,2,0.5
lPSH,7,8,15,0.47
lPSI,0,1,1,0.0
lPSL,8,2,10,0.8
lPSM,7,14,21,0.33
lPSN,15,12,27,0.56
lPSP,21,23,44,0.48
lPSS,9,9,18,0.5
lPST,0,1,1,0.0
lPSb,12,12,24,0.5
lPSh,3,5,8,0.38
lPSl,9,10,19,0.47
lPSm,17,7,24,0.71
lPSn,17,14,31,0.55
lPSs,14,5,19,0.74
lPTB,2,1,3,0.67
lPTD,0,2,2,0.0
lPTH,0,3,3,0.0
lPTL,2,0,2,1.0
lPTM,1,5,6,0.17
lPTN,3,2,5,0.6
lPTP,2,3,5,0.4
lPTS,6,2,8,0.75
lPTb,1,4,5,0.2
lPTl,1,2,3,0.33
lPTm,1,3,4,0.25
lPTn,3,1,4,0.75
lPTs,1,1,2,0.5
lPbB,25,15,40,0.62
lPbD,0,0,0,
lPbH,6,8,14,0.43
lPbI,0,4,4,0.0
lPbJ,7,6,13,0.54
lPbK,0,1,1,0.0
lPbL,14,10,24,0.58
lPbM,27,21,48,0.56
lPbN,18,20,38,0.47
lPbP,31,21,52,0.6
lPbS,4,14,18,0.22
lPbb,35,14,49,0.71
lPbh,0,1,1,0.0
lPbl,13,11,24,0.54
lPbm,15,7,22,0.68
lPbn,23,23,46,0.5
lPbs,4,7,11,0.36
lPhB,5,2,7,0.71
lPhD,0,0,0,
lPhL,2,0,2,1.0
lPhM,2,0,2,1.0
lPhN,1,3,4,0.25
lPhP,2,3,5,0.4
lPhS,2,2,4,0.5
lPhb,2,2,4,0.5
lPhh,1,2,3,0.33
lPhl,1,4,5,0.2
lPhm,1,0,1,1.0
lPhn,2,1,3,0.67
lPhs,1,3,4,0.25
lPlB,6,9,15,0.4
lPlD,1,0,1,1.0
lPlH,5,9,14,0.36
lPlI,3,0,3,1.0
lPlJ,1,2,3,0.33
lPlK,0,1,1,0.0
lPlL,8,1,9,0.89
lPlM,17,13,30,0.57
lPlN,13,9,22,0.59
lPlP,12,21,33,0.36
lPlS,15,7,22,0.68
lPlb,12,13,25,0.48
lPll,6,4,10,0.6
lPlm,4,8,12,0.33
lPln,1,6,7,0.14
lPls,9,4,13,0.69
lPmB,9,12,21,0.43
lPmD,2,1,3,0.67
lPmH,6,19,25,0.24
lPmI,3,0,3,1.0
lPmJ,7,5,12,0.58
lPmL,11,4,15,0.73
lPmM,19,26,45,0.42
lPmN,19,17,36,0.53
lPmP,21,21,42,0.5
lPmS,10,12,22,0.45
lPmb,17,10,27,0.63
lPml,5,7,12,0.42
lPmm,10,8,18,0.56
lPmn,16,15,31,0.52
lPms,1,4,5,0.2
lPnB,16,9,25,0.64
lPnD,2,0,2,1.0
lPnH,11,9,20,0.55
lPnI,1,5,6,0.17
lPnK,3,2,5,0.6
lPnL,6,5,11,0.55
lPnM,23,19,42,0.55
lPnN,19,21,40,0.48
lPnP,27,36,63,0.43
lPnS,13,16,29,0.45
lPnb,20,11,31,0.65
lPnh,3,0,3,1.0
lPnl,10,10,20,0.5
lPnm,18,14,32,0.56
lPnn,21,16,37,0.57
lPns,7,13,20,0.35
lPsB,9,7,16,0.56
lPsD,0,1,1,0.0
lPsH,11,6,17,0.65
lPsI,3,3,6,0.5
lPsK,0,0,0,
lPsL,4,3,7,0.57
lPsM,11,19,30,0.37
lPsN,15,12,27,0.56
lPsP,16,26,42,0.38
lPsS,13,15,28,0.46
lPsb,9,8,17,0.53
lPsh,0,0,0,
lPsl,14,6,20,0.7
lPsm,15,13,28,0.54
lPsn,6,11,17,0.35
lPss,9,6,15,0.6
lSBB,10,11,21,0.48
lSBD,2,0,2,1.0
lSBK,0,1,1,0.0
lSBL,4,4,8,0.5
lSBM,3,5,8,0.38
lSBN,9,9,18,0.5
lSBP,6,8,14,0.43
lSBS,3,5,8,0.38
lSBT,0,1,1,0.0
lSBb,5,9,14,0.36
lSBh,5,1,6,0.83
lSBj,3,4,7,0.43
lSBl,6,3,9,0.67
lSBm,5,4,9,0.56
lSBn,11,9,20,0.55
lSBs,2,6,8,0.25
lSDH,1,3,4,0.25
lSDL,1,1,2,0.5
lSDN,1,0,1,1.0
lSDP,2,0,2,1.0
lSDS,0,2,2,0.0
lSDb,1,1,2,0.5
lSDm,0,1,1,0.0
lSDn,1,2,3,0.33
lSDs,2,0,2,1.0
lSHB,2,3,5,0.4
lSHD,0,1,1,0.0
lSHH,0,2,2,0.0
lSHI,0,0,0,
lSHL,1,3,4,0.25
lSHM,4,4,8,0.5
lSHN,3,3,6,0.5
lSHP,2,7,9,0.22
lSHS,5,4,9,0.56
lSHb,6,1,7,0.86
lSHh,1,1,2,0.5
lSHl,0,1,1,0.0
lSHm,2,3,5,0.4
lSHn,1,2,3,0.33
lSHs,0,1,1,0.0
lSIB,0,1,1,0.0
lSIL,0,1,1,0.0
lSIM,1,0,1,1.0
lSIP,0,1,1,0.0
lSIS,0,1,1,0.0
lSIb,1,0,1,1.0
lSIs,0,1,1,0.0
lSKP,0,3,3,0.0
lSKn,2,0,2,1.0
lSLB,0,6,6,0.0
lSLD,1,0,1,1.0
lSLH,0,0,0,
lSLL,2,1,3,0.67
lSLM,2,7,9,0.22
lSLN,5,5,10,0.5
lSLP,8,6,14,0.57
lSLS,3,5,8,0.38
lSLT,0,1,1,0.0
lSLb,5,4,9,0.56
lSLh,0,3,3,0.0
lSLj,1,1,2,0.5
lSLl,4,2,6,0.67
lSLm,8,4,12,0.67
lSLn,8,2,10,0.8
lSLs,4,1,5,0.8
lSMB,8,10,18,0.44
lSMD,1,1,2,0.5
lSMK,0,1,1,0.0
lSML,5,1,6,0.83
lSMM,7,15,22,0.32
lSMN,9,7,16,0.56
lSMP,20,12,32,0.62
lSMS,8,12,20,0.4
lSMT,2,0,2,1.0
lSMb,12,13,25,0.48
lSMh,8,9,17,0.47
lSMj,4,2,6,0.67
lSMl,2,5,7,0.29
lSMm,12,10,22,0.55
lSMn,12,20,32,0.38
lSMs,9,9,18,0.5
lSNB,11,6,17,0.65
lSNH,1,1,2,0.5
lSNI,0,0,0,
lSNK,1,1,2,0.5
lSNL,4,2,6,0.67
lSNM,4,17,21,0.19
lSNN,12,22,34,0.35
lSNP,11,20,31,0.35
lSNS,9,15,24,0.38
lSNT,3,3,6,0.5
lSNb,8,8,16,0.5
lSNh,5,2,7,0.71
lSNl,3,4,7,0.43
lSNm,14,8,22,0.64
lSNn,20,16,36,0.56
lSNs,7,9,16,0.44
lSPB,13,14,27,0.48
lSPD,2,1,3,0.67
lSPH,6,5,11,0.55
lSPI,1,0,1,1.0
lSPK,2,1,3,0.67
lSPL,8,14,22,0.36
lSPM,10,18,28,0.36
lSPN,11,13,24,0.46
lSPP,22,29,51,0.43
lSPS,7,17,24,0.29
lSPT,0,2,2,0.0
lSPb,16,17,33,0.48
lSPh,4,1,5,0.8
lSPl,11,5,16,0.69
lSPm,16,7,23,0.7
lSPn,18,14,32,0.56
lSPs,12,11,23,0.52
lSSB,14,8,22,0.64
lSSD,0,2,2,0.0
lSSH,6,3,9,0.67
lSSK,1,0,1,1.0
lSSL,5,8,13,0.38
lSSM,8,12,20,0.4
lSSN,11,5,16,0.69
lSSP,12,9,21,0.57
lSSS,16,15,31,0.52
lSST,1,1,2,0.5
lSSb,6,10,16,0.38
lSSh,10,7,17,0.59
lSSl,8,2,10,0.8
lSSm,11,12,23,0.48
lSSn,9,10,19,0.47
lSSs,18,18,36,0.5
lSTB,4,1,5,0.8
lSTD,1,0,1,1.0
lSTH,0,0,0,
lSTK,0,0,0,
lSTL,3,0,3,1.0
lSTM,0,5,5,0.0
lSTN,2,1,3,0.67
lSTP,1,3,4,0.25
lSTS,2,0,2,1.0
lSTT,2,0,2,1.0
lSTb,3,1,4,0.75
lSTl,4,1,5,0.8
lSTm,3,3,6,0.5
lSTn,2,2,4,0.5
lSTs,3,1,4,0.75
lSbB,14,6,20,0.7
lSbD,0,2,2,0.0
lSbH,7,4,11,0.64
lSbJ,4,1,5,0.8
lSbK,0,0,0,
lSbL,3,7,10,0.3
lSbM,8,7,15,0.53
lSbN,16,16,32,0.5
lSbP,14,7,21,0.67
lSbS,11,7,18,0.61
lSbb,11,11,22,0.5
lSbl,1,3,4,0.25
lSbm,9,12,21,0.43
lSbn,14,12,26,0.54
lSbs,5,5,10,0.5
lShB,7,6,13,0.54
lShH,0,2,2,0.0
lShL,0,0,0,
lShM,6,4,10,0.6
lShN,5,3,8,0.62
lShP,6,14,20,0.3
lShS,7,2,9,0.78
lShT,1,1,2,0.5
lShb,8,5,13,0.62
lShh,5,7,12,0.42
lShl,1,4,5,0.2
lShm,7,5,12,0.58
lShn,11,12,23,0.48
lShs,12,7,19,0.63
lSlB,2,4,6,0.33
lSlD,1,0,1,1.0
lSlH,4,2,6,0.67
lSlI,0,1,1,0.0
lSlJ,3,0,3,1.0
lSlL,3,3,6,0.5
lSlM,3,8,11,0.27
lSlN,5,4,9,0.56
lSlP,9,7,16,0.56
lSlS,3,6,9,0.33
lSlb,7,3,10,0.7
lSll,3,1,4,0.75
lSlm,7,6,13,0.54
lSln,3,2,5,0.6
lSls,3,5,8,0.38
lSmB,8,8,16,0.5
lSmD,1,1,2,0.5
lSmH,7,4,11,0.64
lSmI,0,1,1,0.0
lSmJ,5,2,7,0.71
lSmK,0,1,1,0.0
lSmL,4,5,9,0.44
lSmM,7,11,18,0.39
lSmN,7,10,17,0.41
lSmP,12,18,30,0.4
lSmS,8,9,17,0.47
lSmb,9,5,14,0.64
lSml,5,5,10,0.5
lSmm,8,3,11,0.73
lSmn,10,8,18,0.56
lSms,5,3,8,0.62
lSnB,9,12,21,0.43
lSnD,3,0,3,1.0
lSnH,6,7,13,0.46
lSnI,5,2,7,0.71
lSnK,2,2,4,0.5
lSnL,2,3,5,0.4
lSnM,6,21,27,0.22
lSnN,15,16,31,0.48
lSnP,23,15,38,0.61
lSnS,9,11,20,0.45
lSnb,9,12,21,0.43
lSnl,6,7,13,0.46
lSnm,7,8,15,0.47
lSnn,7,8,15,0.47
lSns,5,12,17,0.29
lSsB,1,6,7,0.14
lSsD,2,2,4,0.5
lSsH,15,10,25,0.6
lSsI,1,1,2,0.5
lSsK,0,1,1,0.0
lSsL,5,6,11,0.45
lSsM,13,13,26,0.5
lSsN,12,10,22,0.55
lSsP,17,15,32,0.53
lSsS,8,18,26,0.31
lSsb,10,10,20,0.5
lSsh,1,0,1,1.0
lSsl,5,7,12,0.42
lSsm,16,9,25,0.64
lSsn,8,7,15,0.53
lSss,20,11,31,0.65
lbBB,13,12,25,0.52
lbBK,0,1,1,0.0
lbBL,4,3,7,0.57
lbBM,14,17,31,0.45
lbBN,12,20,32,0.38
lbBP,34,12,46,0.74
lbBS,8,10,18,0.44
lbBT,2,4,6,0.33
lbBb,22,12,34,0.65
lbBh,6,1,7,0.86
lbBj,4,4,8,0.5
lbBl,6,1,7,0.86
lbBm,13,9,22,0.59
lbBn,27,19,46,0.59
lbBs,8,9,17,0.47
lbDB,0,1,1,0.0
lbDH,1,2,3,0.33
lbDL,0,2,2,0.0
lbDM,0,1,1,0.0
lbDP,1,1,2,0.5
lbDb,2,1,3,0.67
lbDl,1,0,1,1.0
lbDm,1,0,1,1.0
lbDn,0,1,1,0.0
lbDs,1,0,1,1.0
lbHB,0,4,4,0.0
lbHH,1,0,1,1.0
lbHK,1,0,1,1.0
lbHL,2,1,3,0.67
lbHM,7,1,8,0.88
lbHN,1,8,9,0.11
lbHP,8,6,14,0.57
lbHS,6,2,8,0.75
lbHb,6,3,9,0.67
lbHl,1,1,2,0.5
lbHm,2,1,3,0.67
lbHn,4,0,4,1.0
lbHs,2,1,3,0.67
lbIB,2,1,3,0.67
lbID,2,0,2,1.0
lbIH,2,0,2,1.0
lbII,1,0,1,1.0
lbIL,0,1,1,0.0
lbIM,0,3,3,0.0
lbIN,1,3,4,0.25
lbIP,2,1,3,0.67
lbIS,1,0,1,1.0
lbIb,0,0,0,
lbIm,4,0,4,1.0
lbIn,2,0,2,1.0
lbIs,1,0,1,1.0
lbJB,6,7,13,0.46
lbJD,0,1,1,0.0
lbJH,3,2,5,0.6
lbJL,3,2,5,0.6
lbJM,6,5,11,0.55
lbJN,4,4,8,0.5
lbJP,7,8,15,0.47
lbJS,1,2,3,0.33
lbJb,6,6,12,0.5
lbJh,0,2,2,0.0
lbJl,2,1,3,0.67
lbJm,3,3,6,0.5
lbJn,1,2,3,0.33
lbJs,2,1,3,0.67
lbKB,1,1,2,0.5
lbKD,0,0,0,
lbKM,3,1,4,0.75
lbKN,3,0,3,1.0
lbKP,1,4,5,0.2
lbKS,1,0,1,1.0
lbKT,1,0,1,1.0
lbKb,2,2,4,0.5
lbKh,0,1,1,0.0
lbKl,2,0,2,1.0
lbKm,2,1,3,0.67
lbKn,2,0,2,1.0
lbKs,2,2,4,0.5
lbLB,4,5,9,0.44
lbLD,0,1,1,0.0
lbLL,4,3,7,0.57
lbLM,10,6,16,0.62
lbLN,4,5,9,0.44
lbLP,9,10,19,0.47
lbLS,8,8,16,0.5
lbLT,1,0,1,1.0
lbLb,9,3,12,0.75
lbLh,5,2,7,0.71
lbLj,1,3,4,0.25
lbLl,6,1,7,0.86
lbLm,3,4,7,0.43
lbLn,10,13,23,0.43
lbLs,7,3,10,0.7
lbMB,8,13,21,0.38
lbMD,0,1,1,0.0
lbML,5,3,8,0.62
lbMM,23,19,42,0.55
lbMN,15,17,32,0.47
lbMP,25,25,50,0.5
lbMS,16,10,26,0.62
lbMT,1,1,2,0.5
lbMb,15,16,31,0.48
lbMh,13,13,26,0.5
lbMj,6,3,9,0.67
lbMl,11,6,17,0.65
lbMm,17,7,24,0.71
lbMn,19,29,48,0.4
lbMs,15,7,22,0.68
lbNB,18,16,34,0.53
lbND,3,0,3,1.0
lbNH,2,4,6,0.33
lbNK,2,1,3,0.67
lbNL,10,3,13,0.77
lbNM,10,30,40,0.25
lbNN,15,18,33,0.45
lbNP,36,44,80,0.45
lbNS,13,12,25,0.52
lbNT,5,6,11,0.45
lbNb,26,21,47,0.55
lbNh,9,8,17,0.53
lbNl,11,4,15,0.73
lbNm,14,23,37,0.38
lbNn,26,23,49,0.53
lbNs,8,13,21,0.38
lbPB,16,23,39,0.41
lbPD,3,1,4,0.75
lbPH,7,2,9,0.78
lbPI,2,3,5,0.4
lbPK,3,1,4,0.75
lbPL,12,7,19,0.63
lbPM,22,21,43,0.51
lbPN,28,27,55,0.51
lbPP,48,42,90,0.53
lbPS,13,11,24,0.54
lbPT,4,0,4,1.0
lbPb,47,27,74,0.64
lbPh,3,1,4,0.75
lbPl,15,11,26,0.58
lbPm,22,13,35,0.63
lbPn,19,21,40,0.48
lbPs,10,13,23,0.43
lbSB,7,5,12,0.58
lbSD,1,2,3,0.33
lbSH,6,4,10,0.6
lbSL,5,2,7,0.71
lbSM,3,4,7,0.43
lbSN,6,2,8,0.75
lbSP,10,16,26,0.38
lbSS,6,6,12,0.5
lbST,1,0,1,1.0
lbSb,9,8,17,0.53
lbSh,3,4,7,0.43
lbSl,4,7,11,0.36
lbSm,10,5,15,0.67
lbSn,10,9,19,0.53
lbSs,9,6,15,0.6
lbbB,22,22,44,0.5
lbbD,2,2,4,0.5
lbbH,10,5,15,0.67
lbbI,3,0,3,1.0
lbbJ,5,1,6,0.83
lbbK,0,4,4,0.0
lbbL,7,8,15,0.47
lbbM,26,10,36,0.72
lbbN,28,29,57,0.49
lbbP,39,25,64,0.61
lbbS,7,9,16,0.44
lbbb,29,19,48,0.6
lbbl,6,8,14,0.43
lbbm,14,12,26,0.54
lbbn,22,25,47,0.47
lbbs,15,6,21,0.71
lblB,7,8,15,0.47
lblD,0,1,1,0.0
lblH,2,2,4,0.5
lblI,0,2,2,0.0
lblJ,1,0,1,1.0
lblL,2,1,3,0.67
lblM,10,13,23,0.43
lblN,8,13,21,0.38
lblP,11,8,19,0.58
lblS,5,5,10,0.5
lblb,4,4,8,0.5
lbll,3,4,7,0.43
lblm,8,5,13,0.62
lbln,2,2,4,0.5
lbls,8,7,15,0.53
lbmB,13,13,26,0.5
lbmD,2,0,2,1.0
lbmH,8,13,21,0.38
lbmJ,1,2,3,0.33
lbmL,3,4,7,0.43
lbmM,9,12,21,0.43
lbmN,17,21,38,0.45
lbmP,12,12,24,0.5
lbmS,6,8,14,0.43
lbmb,17,12,29,0.59
lbml,2,2,4,0.5
lbmm,8,9,17,0.47
lbmn,13,10,23,0.57
lbms,2,5,7,0.29
lbnB,15,10,25,0.6
lbnD,2,1,3,0.67
lbnH,5,3,8,0.62
lbnI,3,1,4,0.75
lbnK,1,1,2,0.5
lbnL,7,4,11,0.64
lbnM,11,15,26,0.42
lbnN,25,16,41,0.61
lbnP,21,23,44,0.48
lbnS,17,5,22,0.77
lbnb,21,18,39,0.54
lbnh,0,0,0,
lbnl,4,5,9,0.44
lbnm,10,10,20,0.5
lbnn,16,20,36,0.44
lbns,5,8,13,0.38
lbsB,4,1,5,0.8
lbsH,8,5,13,0.62
lbsI,1,0,1,1.0
lbsK,0,1,1,0.0
lbsL,2,5,7,0.29
lbsM,5,6,11,0.45
lbsN,12,7,19,0.63
lbsP,15,4,19,0.79
lbsS,5,11,16,0.31
lbsb,5,9,14,0.36
lbsh,1,0,1,1.0
lbsl,4,1,5,0.8
lbsm,5,5,10,0.5
lbsn,7,2,9,0.78
lbss,4,7,11,0.36
lhBb,1,0,1,1.0
lhHB,0,1,1,0.0
lhIb,0,1,1,0.0
lhMM,0,1,1,0.0
lhMm,1,0,1,1.0
lhNM,1,0,1,1.0
lhSM,1,0,1,1.0
lhSS,0,1,1,0.0
lhTT,1,0,1,1.0
lhhM,0,0,0,
lhhh,0,0,0,
lhmS,0,0,0,
lhnS,1,0,1,1.0
llBB,8,11,19,0.42
llBD,1,1,2,0.5
llBK,1,1,2,0.5
llBL,3,2,5,0.6
llBM,5,8,13,0.38
llBN,4,6,10,0.4
llBP,6,11,17,0.35
llBS,3,8,11,0.27
llBb,4,5,9,0.44
llBh,2,0,2,1.0
llBj,2,5,7,0.29
llBl,4,2,6,0.67
llBm,5,8,13,0.38
llBn,13,8,21,0.62
llBs,0,6,6,0.0
llDB,2,0,2,1.0
llDH,1,2,3,0.33
llDM,2,1,3,0.67
llDS,0,1,1,0.0
llDb,0,0,0,
llDm,1,0,1,1.0
llDn,1,0,1,1.0
llDs,1,0,1,1.0
llHB,2,4,6,0.33
llHD,1,2,3,0.33
llHH,2,0,2,1.0
llHK,2,1,3,0.67
llHL,4,3,7,0.57
llHM,2,2,4,0.5
llHN,2,5,7,0.29
llHP,8,9,17,0.47
llHS,1,2,3,0.33
llHb,5,1,6,0.83
llHh,2,1,3,0.67
llHl,3,1,4,0.75
llHm,8,6,14,0.57
llHn,5,7,12,0.42
llHs,2,1,3,0.67
llIB,0,1,1,0.0
llIH,2,0,2,1.0
llIN,2,0,2,1.0
llIP,0,1,1,0.0
llIb,1,0,1,1.0
llIl,0,0,0,
llIm,1,0,1,1.0
llJB,1,2,3,0.33
llJD,1,0,1,1.0
llJH,1,1,2,0.5
llJI,0,1,1,0.0
llJK,0,0,0,
llJM,4,3,7,0.57
llJN,1,4,5,0.2
llJP,2,2,4,0.5
llJS,1,2,3,0.33
llJb,2,4,6,0.33
llJm,0,1,1,0.0
llJn,1,0,1,1.0
llKB,0,0,0,
llKP,4,0,4,1.0
llKb,1,0,1,1.0
llKl,0,1,1,0.0
llKs,1,1,2,0.5
llLB,1,1,2,0.5
llLL,3,1,4,0.75
llLM,4,5,9,0.44
llLN,3,1,4,0.75
llLP,3,3,6,0.5
llLS,3,1,4,0.75
llLT,2,0,2,1.0
llLb,3,3,6,0.5
llLh,2,0,2,1.0
llLj,1,1,2,0.5
llLl,2,2,4,0.5
llLm,1,2,3,0.33
llLn,3,4,7,0.43
llLs,1,3,4,0.25
llMB,10,5,15,0.67
llMD,1,1,2,0.5
llML,2,2,4,0.5
llMM,7,4,11,0.64
llMN,6,7,13,0.46
llMP,6,10,16,0.38
llMS,5,4,9,0.56
llMT,1,0,1,1.0
llMb,8,9,17,0.47
llMh,4,5,9,0.44
llMj,2,2,4,0.5
llMl,1,3,4,0.25
llMm,4,5,9,0.44
llMn,7,12,19,0.37
llMs,4,6,10,0.4
llNB,5,7,12,0.42
llNH,4,4,8,0.5
llNL,3,3,6,0.5
llNM,8,9,17,0.47
llNN,6,11,17,0.35
llNP,11,6,17,0.65
llNS,3,8,11,0.27
llNT,2,1,3,0.67
llNb,3,10,13,0.23
llNh,3,1,4,0.75
llNl,6,4,10,0.6
llNm,8,4,12,0.67
llNn,13,7,20,0.65
llNs,4,3,7,0.57
llPB,7,12,19,0.37
llPD,2,1,3,0.67
llPH,1,4,5,0.2
llPI,1,1,2,0.5
llPK,0,1,1,0.0
llPL,4,2,6,0.67
llPM,14,8,22,0.64
llPN,6,6,12,0.5
llPP,9,11,20,0.45
llPS,2,6,8,0.25
llPT,0,3,3,0.0
llPb,10,11,21,0.48
llPh,0,2,2,0.0
llPl,9,3,12,0.75
llPm,10,6,16,0.62
llPn,5,6,11,0.45
llPs,8,5,13,0.62
llSB,4,0,4,1.0
llSH,1,1,2,0.5
llSL,5,3,8,0.62
llSM,3,3,6,0.5
llSN,3,1,4,0.75
llSP,13,7,20,0.65
llSS,7,3,10,0.7
llST,0,2,2,0.0
llSb,3,2,5,0.6
llSh,3,2,5,0.6
llSl,2,4,6,0.33
llSm,5,4,9,0.56
llSn,7,4,11,0.64
llSs,1,5,6,0.17
llbB,4,7,11,0.36
llbH,3,1,4,0.75
llbI,1,0,1,1.0
llbJ,5,2,7,0.71
llbK,0,1,1,0.0
llbL,2,1,3,0.67
llbM,7,7,14,0.5
llbN,11,15,26,0.42
llbP,17,13,30,0.57
llbS,6,3,9,0.67
llbb,8,11,19,0.42
llbl,3,4,7,0.43
llbm,4,4,8,0.5
llbn,8,4,12,0.67
llbs,7,2,9,0.78
lllB,1,2,3,0.33
lllD,1,1,2,0.5
lllH,0,0,0,
lllJ,0,1,1,0.0
lllL,1,0,1,1.0
lllM,10,5,15,0.67
lllN,4,5,9,0.44
lllP,5,0,5,1.0
lllS,2,2,4,0.5
lllb,4,3,7,0.57
llll,1,1,2,0.5
lllm,1,0,1,1.0
llln,3,4,7,0.43
llls,2,2,4,0.5
llmB,2,5,7,0.29
llmD,0,1,1,0.0
llmH,3,2,5,0.6
llmJ,0,2,2,0.0
llmL,1,1,2,0.5
llmM,4,3,7,0.57
llmN,8,7,15,0.53
llmP,7,9,16,0.44
llmS,2,0,2,1.0
llmb,5,6,11,0.45
llml,3,3,6,0.5
llmm,5,3,8,0.62
llmn,6,4,10,0.6
llms,2,3,5,0.4
llnB,5,4,9,0.56
llnD,1,0,1,1.0
llnH,3,6,9,0.33
llnI,2,1,3,0.67
llnK,2,1,3,0.67
llnL,2,4,6,0.33
llnM,4,4,8,0.5
llnN,7,9,16,0.44
llnP,8,5,13,0.62
llnS,4,2,6,0.67
llnb,2,8,10,0.2
llnl,2,2,4,0.5
llnm,4,4,8,0.5
llnn,8,7,15,0.53
llns,1,2,3,0.33
llsB,2,2,4,0.5
llsD,0,1,1,0.0
llsH,0,3,3,0.0
llsI,1,0,1,1.0
llsL,0,1,1,0.0
llsM,4,3,7,0.57
llsN,2,2,4,0.5
llsP,5,10,15,0.33
llsS,6,0,6,1.0
llsb,5,4,9,0.56
llsl,3,2,5,0.6
llsm,5,2,7,0.71
llsn,5,2,7,0.71
llss,3,5,8,0.38
lmBB,7,4,11,0.64
lmBD,1,1,2,0.5
lmBH,1,0,1,1.0
lmBL,3,6,9,0.33
lmBM,11,6,17,0.65
lmBN,19,12,31,0.61
lmBP,14,14,28,0.5
lmBS,10,5,15,0.67
lmBT,1,3,4,0.25
lmBb,11,10,21,0.52
lmBh,4,2,6,0.67
lmBj,3,6,9,0.33
lmBl,2,1,3,0.67
lmBm,10,8,18,0.56
lmBn,20,17,37,0.54
lmBs,7,6,13,0.54
lmDB,1,1,2,0.5
lmDH,1,1,2,0.5
lmDL,0,1,1,0.0
lmDM,1,0,1,1.0
lmDN,1,3,4,0.25
lmDP,1,1,2,0.5
lmDS,0,2,2,0.0
lmDT,0,1,1,0.0
lmDb,1,2,3,0.33
lmDl,1,0,1,1.0
lmDm,3,3,6,0.5
lmDn,0,2,2,0.0
lmDs,1,0,1,1.0
lmHB,4,8,12,0.33
lmHD,1,1,2,0.5
lmHH,0,3,3,0.0
lmHL,4,2,6,0.67
lmHM,7,7,14,0.5
lmHN,13,7,20,0.65
lmHP,10,8,18,0.56
lmHS,3,4,7,0.43
lmHT,0,0,0,
lmHb,7,7,14,0.5
lmHh,3,2,5,0.6
lmHl,7,6,13,0.54
lmHm,6,7,13,0.46
lmHn,11,6,17,0.65
lmHs,14,5,19,0.74
lmIB,2,0,2,1.0
lmID,0,1,1,0.0
lmIL,1,0,1,1.0
lmIM,1,0,1,1.0
lmIN,2,0,2,1.0
lmIP,2,1,3,0.67
lmIS,1,1,2,0.5
lmIb,1,3,4,0.25
lmIm,1,0,1,1.0
lmIn,1,0,1,1.0
lmJB,2,1,3,0.67
lmJH,1,1,2,0.5
lmJI,0,1,1,0.0
lmJK,1,0,1,1.0
lmJL,1,0,1,1.0
lmJM,2,2,4,0.5
lmJN,3,3,6,0.5
lmJP,3,6,9,0.33
lmJS,1,1,2,0.5
lmJb,1,3,4,0.25
lmJl,0,2,2,0.0
lmJm,2,2,4,0.5
lmJn,4,3,7,0.57
lmJs,1,2,3,0.33
lmKl,1,0,1,1.0
lmKm,1,2,3,0.33
lmKn,0,1,1,0.0
lmLB,6,2,8,0.75
lmLD,1,0,1,1.0
lmLL,1,2,3,0.33
lmLM,8,8,16,0.5
lmLN,5,8,13,0.38
lmLP,7,9,16,0.44
lmLS,1,2,3,0.33
lmLb,2,4,6,0.33
lmLh,1,3,4,0.25
lmLj,0,3,3,0.0
lmLl,1,3,4,0.25
lmLm,4,5,9,0.44
lmLn,6,5,11,0.55
lmLs,4,2,6,0.67
lmMB,9,12,21,0.43
lmMD,3,3,6,0.5
lmML,3,2,5,0.6
lmMM,12,8,20,0.6
lmMN,16,16,32,0.5
lmMP,18,11,29,0.62
lmMS,8,6,14,0.57
lmMT,1,1,2,0.5
lmMb,12,7,19,0.63
lmMh,12,15,27,0.44
lmMj,1,6,7,0.14
lmMl,9,1,10,0.9
lmMm,7,11,18,0.39
lmMn,19,16,35,0.54
lmMs,11,4,15,0.73
lmNB,9,13,22,0.41
lmNH,2,4,6,0.33
lmNK,1,2,3,0.33
lmNL,6,9,15,0.4
lmNM,16,18,34,0.47
lmNN,14,18,32,0.44
lmNP,24,22,46,0.52
lmNS,12,16,28,0.43
lmNT,3,3,6,0.5
lmNb,16,19,35,0.46
lmNh,2,4,6,0.33
lmNl,7,6,13,0.54
lmNm,16,7,23,0.7
lmNn,26,10,36,0.72
lmNs,10,17,27,0.37
lmPB,18,20,38,0.47
lmPH,3,4,7,0.43
lmPI,1,0,1,1.0
lmPK,2,3,5,0.4
lmPL,8,3,11,0.73
lmPM,11,19,30,0.37
lmPN,20,13,33,0.61
lmPP,26,42,68,0.38
lmPS,12,10,22,0.55
lmPT,2,3,5,0.4
lmPb,13,12,25,0.52
lmPh,4,2,6,0.67
lmPl,8,7,15,0.53
lmPm,12,13,25,0.48
lmPn,20,13,33,0.61
lmPs,9,7,16,0.56
lmSB,2,5,7,0.29
lmSD,0,1,1,0.0
lmSH,2,2,4,0.5
lmSI,0,1,1,0.0
lmSL,0,3,3,0.0
lmSM,10,6,16,0.62
lmSN,5,5,10,0.5
lmSP,12,5,17,0.71
lmSS,7,5,12,0.58
lmST,0,2,2,0.0
lmSb,11,7,18,0.61
lmSh,4,6,10,0.4
lmSl,3,3,6,0.5
lmSm,7,6,13,0.54
lmSn,6,2,8,0.75
lmSs,4,10,14,0.29
lmbB,15,11,26,0.58
lmbH,1,4,5,0.2
lmbI,2,0,2,1.0
lmbJ,2,3,5,0.4
lmbK,1,3,4,0.25
lmbL,3,7,10,0.3
lmbM,12,12,24,0.5
lmbN,21,15,36,0.58
lmbP,16,16,32,0.5
lmbS,4,6,10,0.4
lmbb,16,10,26,0.62
lmbl,0,1,1,0.0
lmbm,11,13,24,0.46
lmbn,14,18,32,0.44
lmbs,3,4,7,0.43
lmhs,1,0,1,1.0
lmlB,7,8,15,0.47
lmlD,1,0,1,1.0
lmlH,2,1,3,0.67
lmlJ,1,1,2,0.5
lmlK,1,0,1,1.0
lmlL,0,1,1,0.0
lmlM,4,4,8,0.5
lmlN,8,2,10,0.8
lmlP,10,11,21,0.48
lmlS,2,1,3,0.67
lmlb,4,2,6,0.67
lmll,0,1,1,0.0
lmlm,6,6,12,0.5
lmln,0,6,6,0.0
lmls,2,2,4,0.5
lmmB,11,5,16,0.69
lmmD,1,1,2,0.5
lmmH,3,5,8,0.38
lmmI,1,2,3,0.33
lmmJ,4,0,4,1.0
lmmL,5,5,10,0.5
lmmM,8,3,11,0.73
lmmN,13,14,27,0.48
lmmP,15,13,28,0.54
lmmS,5,4,9,0.56
lmmb,13,11,24,0.54
lmmh,0,0,0,
lmml,7,1,8,0.88
lmmm,8,9,17,0.47
lmmn,6,9,15,0.4
lmms,6,4,10,0.6
lmnB,8,11,19,0.42
lmnD,1,3,4,0.25
lmnH,6,5,11,0.55
lmnI,1,1,2,0.5
lmnK,2,0,2,1.0
lmnL,4,2,6,0.67
lmnM,10,11,21,0.48
lmnN,19,17,36,0.53
lmnP,14,13,27,0.52
lmnS,6,5,11,0.55
lmnb,9,15,24,0.38
lmnh,0,1,1,0.0
lmnl,4,4,8,0.5
lmnm,3,8,11,0.27
lmnn,16,4,20,0.8
lmns,4,7,11,0.36
lmsB,5,3,8,0.62
lmsD,1,0,1,1.0
lmsH,5,4,9,0.56
lmsK,1,0,1,1.0
lmsL,0,1,1,0.0
lmsM,5,7,12,0.42
lmsN,6,3,9,0.67
lmsP,7,10,17,0.41
lmsS,4,4,8,0.5
lmsb,4,2,6,0.67
lmsl,1,0,1,1.0
lmsm,4,3,7,0.57
lmsn,2,3,5,0.4
lmss,2,4,6,0.33
lnBB,5,9,14,0.36
lnBD,1,0,1,1.0
lnBH,0,0,0,
lnBK,0,0,0,
lnBL,4,6,10,0.4
lnBM,8,11,19,0.42
lnBN,12,8,20,0.6
lnBP,14,17,31,0.45
lnBS,4,3,7,0.57
lnBb,8,9,17,0.47
lnBh,2,0,2,1.0
lnBj,4,5,9,0.44
lnBl,5,5,10,0.5
lnBm,14,14,28,0.5
lnBn,17,17,34,0.5
lnBs,4,5,9,0.44
lnDB,1,1,2,0.5
lnDH,1,1,2,0.5
lnDL,1,0,1,1.0
lnDM,3,1,4,0.75
lnDN,2,0,2,1.0
lnDP,1,0,1,1.0
lnDS,0,1,1,0.0
lnDb,0,1,1,0.0
lnDl,2,0,2,1.0
lnDn,0,2,2,0.0
lnDs,0,2,2,0.0
lnHB,7,5,12,0.58
lnHD,0,1,1,0.0
lnHH,4,2,6,0.67
lnHI,1,0,1,1.0
lnHK,1,0,1,1.0
lnHL,2,3,5,0.4
lnHM,5,6,11,0.45
lnHN,7,6,13,0.54
lnHP,17,8,25,0.68
lnHS,5,3,8,0.62
lnHT,0,0,0,
lnHb,6,8,14,0.43
lnHh,3,2,5,0.6
lnHl,3,3,6,0.5
lnHm,3,6,9,0.33
lnHn,8,6,14,0.57
lnHs,4,6,10,0.4
lnIB,0,2,2,0.0
lnID,1,0,1,1.0
lnIH,0,2,2,0.0
lnIL,0,2,2,0.0
lnIM,1,2,3,0.33
lnIN,2,0,2,1.0
lnIP,7,0,7,1.0
lnIb,0,1,1,0.0
lnIl,1,0,1,1.0
lnIm,2,4,6,0.33
lnIn,4,0,4,1.0
lnIs,1,2,3,0.33
lnKB,0,1,1,0.0
lnKH,1,0,1,1.0
lnKI,1,0,1,1.0
lnKN,1,1,2,0.5
lnKP,1,2,3,0.33
lnKS,0,1,1,0.0
lnKb,1,1,2,0.5
lnKh,1,0,1,1.0
lnKl,0,2,2,0.0
lnKm,3,0,3,1.0
lnKn,2,1,3,0.67
lnKs,1,0,1,1.0
lnLB,2,2,4,0.5
lnLK,1,0,1,1.0
lnLL,3,3,6,0.5
lnLM,8,4,12,0.67
lnLN,5,3,8,0.62
lnLP,5,8,13,0.38
lnLS,2,4,6,0.33
lnLT,1,0,1,1.0
lnLb,6,6,12,0.5
lnLh,3,1,4,0.75
lnLj,1,2,3,0.33
lnLl,2,3,5,0.4
lnLm,5,2,7,0.71
lnLn,8,10,18,0.44
lnLs,2,4,6,0.33
lnMB,3,12,15,0.2
lnMD,0,2,2,0.0
lnMK,1,0,1,1.0
lnML,6,4,10,0.6
lnMM,9,10,19,0.47
lnMN,14,9,23,0.61
lnMP,18,19,37,0.49
lnMS,8,11,19,0.42
lnMT,1,0,1,1.0
lnMb,8,10,18,0.44
lnMh,9,14,23,0.39
lnMj,7,2,9,0.78
lnMl,4,6,10,0.4
lnMm,16,10,26,0.62
lnMn,23,15,38,0.61
lnMs,13,9,22,0.59
lnNB,20,6,26,0.77
lnND,0,1,1,0.0
lnNH,1,2,3,0.33
lnNK,2,4,6,0.33
lnNL,4,5,9,0.44
lnNM,8,18,26,0.31
lnNN,17,23,40,0.42
lnNP,30,25,55,0.55
lnNS,13,12,25,0.52
lnNT,7,6,13,0.54
lnNb,7,19,26,0.27
lnNh,5,4,9,0.56
lnNl,3,6,9,0.33
lnNm,13,13,26,0.5
lnNn,25,21,46,0.54
lnNs,11,8,19,0.58
lnPB,9,19,28,0.32
lnPD,2,1,3,0.67
lnPH,7,8,15,0.47
lnPI,1,3,4,0.25
lnPK,1,3,4,0.25
lnPL,12,10,22,0.55
lnPM,26,27,53,0.49
lnPN,28,24,52,0.54
lnPP,31,37,68,0.46
lnPS,17,15,32,0.53
lnPT,4,4,8,0.5
lnPb,24,21,45,0.53
lnPh,2,4,6,0.33
lnPl,13,11,24,0.54
lnPm,25,12,37,0.68
lnPn,23,31,54,0.43
lnPs,20,15,35,0.57
lnSB,4,7,11,0.36
lnSH,5,6,11,0.45
lnSL,4,3,7,0.57
lnSM,11,11,22,0.5
lnSN,5,5,10,0.5
lnSP,13,17,30,0.43
lnSS,7,7,14,0.5
lnST,5,3,8,0.62
lnSb,8,10,18,0.44
lnSh,5,4,9,0.56
lnSl,4,3,7,0.57
lnSm,9,11,20,0.45
lnSn,15,7,22,0.68
lnSs,6,5,11,0.55
lnTM,0,0,0,
lnTN,0,1,1,0.0
lnTl,0,1,1,0.0
lnbB,16,13,29,0.55
lnbD,2,2,4,0.5
lnbH,4,3,7,0.57
lnbI,2,1,3,0.67
lnbJ,4,3,7,0.57
lnbK,2,1,3,0.67
lnbL,8,10,18,0.44
lnbM,17,14,31,0.55
lnbN,17,14,31,0.55
lnbP,21,17,38,0.55
lnbS,3,6,9,0.33
lnbb,16,7,23,0.7
lnbl,5,4,9,0.56
lnbm,12,5,17,0.71
lnbn,13,9,22,0.59
lnbs,2,8,10,0.2
lnhP,1,0,1,1.0
lnhb,0,0,0,
lnhn,0,1,1,0.0
lnhs,0,1,1,0.0
lnlB,5,3,8,0.62
lnlD,2,0,2,1.0
lnlH,0,8,8,0.0
lnlJ,2,2,4,0.5
lnlL,0,3,3,0.0
lnlM,2,7,9,0.22
lnlN,8,8,16,0.5
lnlP,10,8,18,0.56
lnlS,6,3,9,0.67
lnlb,7,5,12,0.58
lnlh,0,1,1,0.0
lnll,4,2,6,0.67
lnlm,3,2,5,0.6
lnln,8,2,10,0.8
lnls,3,0,3,1.0
lnmB,7,7,14,0.5
lnmD,3,2,5,0.6
lnmH,4,9,13,0.31
lnmI,0,1,1,0.0
lnmJ,1,4,5,0.2
lnmL,2,4,6,0.33
lnmM,13,16,29,0.45
lnmN,16,12,28,0.57
lnmP,15,9,24,0.62
lnmS,9,9,18,0.5
lnmb,12,13,25,0.48
lnml,4,4,8,0.5
lnmm,8,2,10,0.8
lnmn,16,11,27,0.59
lnms,10,2,12,0.83
lnnB,10,10,20,0.5
lnnD,1,1,2,0.5
lnnH,4,8,12,0.33
lnnI,0,5,5,0.0
lnnK,1,2,3,0.33
lnnL,8,11,19,0.42
lnnM,26,11,37,0.7
lnnN,16,21,37,0.43
lnnP,17,18,35,0.49
lnnS,7,9,16,0.44
lnnb,13,12,25,0.52
lnnh,1,0,1,1.0
lnnl,5,4,9,0.56
lnnm,4,7,11,0.36
lnnn,16,13,29,0.55
lnns,13,13,26,0.5
lnsB,3,1,4,0.75
lnsD,1,0,1,1.0
lnsH,6,7,13,0.46
lnsI,1,0,1,1.0
lnsL,4,3,7,0.57
lnsM,11,10,21,0.52
lnsN,5,11,16,0.31
lnsP,12,10,22,0.55
lnsS,6,5,11,0.55
lnsb,10,12,22,0.45
lnsh,2,0,2,1.0
lnsl,3,3,6,0.5
lnsm,7,5,12,0.58
lnsn,9,6,15,0.6
lnss,3,5,8,0.38
lsBB,1,5,6,0.17
lsBD,0,1,1,0.0
lsBK,3,1,4,0.75
lsBL,2,1,3,0.67
lsBM,8,4,12,0.67
lsBN,6,6,12,0.5
lsBP,9,12,21,0.43
lsBS,1,8,9,0.11
lsBT,2,2,4,0.5
lsBb,3,4,7,0.43
lsBh,1,0,1,1.0
lsBj,4,0,4,1.0
lsBl,3,3,6,0.5
lsBm,8,8,16,0.5
lsBn,2,7,9,0.22
lsBs,4,1,5,0.8
lsDB,0,2,2,0.0
lsDD,1,0,1,1.0
lsDH,2,3,5,0.4
lsDM,2,5,7,0.29
lsDN,3,1,4,0.75
lsDP,1,2,3,0.33
lsDS,1,0,1,1.0
lsDb,2,5,7,0.29
lsDh,0,0,0,
lsDl,1,0,1,1.0
lsDm,1,2,3,0.33
lsDn,3,1,4,0.75
lsDs,0,0,0,
lsHB,10,6,16,0.62
lsHD,0,0,0,
lsHH,3,1,4,0.75
lsHI,0,0,0,
lsHK,1,0,1,1.0
lsHL,4,3,7,0.57
lsHM,4,7,11,0.36
lsHN,9,2,11,0.82
lsHP,7,4,11,0.64
lsHS,6,9,15,0.4
lsHT,0,2,2,0.0
lsHb,16,4,20,0.8
lsHh,2,3,5,0.4
lsHl,2,2,4,0.5
lsHm,12,8,20,0.6
lsHn,6,4,10,0.6
lsHs,7,3,10,0.7
lsIB,0,1,1,0.0
lsID,0,1,1,0.0
lsIH,1,0,1,1.0
lsIL,0,0,0,
lsIM,1,0,1,1.0
lsIN,0,0,0,
lsIP,2,2,4,0.5
lsIS,1,2,3,0.33
lsIb,0,2,2,0.0
lsIl,0,1,1,0.0
lsIn,0,1,1,0.0
lsIs,2,1,3,0.67
lsKb,0,1,1,0.0
lsKh,0,1,1,0.0
lsKl,1,0,1,1.0
lsLB,2,2,4,0.5
lsLD,1,0,1,1.0
lsLL,5,4,9,0.56
lsLM,7,3,10,0.7
lsLN,4,4,8,0.5
lsLP,4,8,12,0.33
lsLS,2,4,6,0.33
lsLT,1,0,1,1.0
lsLb,2,3,5,0.4
lsLh,2,3,5,0.4
lsLj,1,0,1,1.0
lsLl,2,0,2,1.0
lsLm,5,3,8,0.62
lsLn,4,8,12,0.33
lsLs,5,3,8,0.62
lsMB,7,10,17,0.41
lsMD,1,0,1,1.0
lsMH,1,0,1,1.0
lsML,2,8,10,0.2
lsMM,11,9,20,0.55
lsMN,5,9,14,0.36
lsMP,8,8,16,0.5
lsMS,11,6,17,0.65
lsMT,2,0,2,1.0
lsMb,8,11,19,0.42
lsMh,4,6,10,0.4
lsMj,2,3,5,0.4
lsMl,2,2,4,0.5
lsMm,7,11,18,0.39
lsMn,11,9,20,0.55
lsMs,5,7,12,0.42
lsNB,10,5,15,0.67
lsNH,0,1,1,0.0
lsNK,3,1,4,0.75
lsNL,4,4,8,0.5
lsNM,6,11,17,0.35
lsNN,7,11,18,0.39
lsNP,10,9,19,0.53
lsNS,2,11,13,0.15
lsNT,1,0,1,1.0
lsNb,10,4,14,0.71
lsNh,7,3,10,0.7
lsNl,5,3,8,0.62
lsNm,6,5,11,0.55
lsNn,8,9,17,0.47
lsNs,9,9,18,0.5
lsPB,6,10,16,0.38
lsPD,0,1,1,0.0
lsPH,6,5,11,0.55
lsPI,0,2,2,0.0
lsPK,0,1,1,0.0
lsPL,3,9,12,0.25
lsPM,13,21,34,0.38
lsPN,18,7,25,0.72
lsPP,19,12,31,0.61
lsPS,10,17,27,0.37
lsPT,2,1,3,0.67
lsPb,10,13,23,0.43
lsPh,3,2,5,0.6
lsPl,7,5,12,0.58
lsPm,7,4,11,0.64
lsPn,7,17,24,0.29
lsPs,10,17,27,0.37
lsSB,2,6,8,0.25
lsSD,0,0,0,
lsSH,3,6,9,0.33
lsSL,0,2,2,0.0
lsSM,9,8,17,0.53
lsSN,7,17,24,0.29
lsSP,12,10,22,0.55
lsSS,10,19,29,0.34
lsST,2,0,2,1.0
lsSb,11,8,19,0.58
lsSh,5,8,13,0.38
lsSl,3,2,5,0.6
lsSm,12,7,19,0.63
lsSn,4,13,17,0.24
lsSs,8,5,13,0.62
lsTb,0,1,1,0.0
lsbB,8,8,16,0.5
lsbD,0,1,1,0.0
lsbH,2,1,3,0.67
lsbI,0,1,1,0.0
lsbJ,5,3,8,0.62
lsbK,1,1,2,0.5
lsbL,5,2,7,0.71
lsbM,10,4,14,0.71
lsbN,8,10,18,0.44
lsbP,15,14,29,0.52
lsbS,5,4,9,0.56
lsbb,12,8,20,0.6
lsbl,1,3,4,0.25
lsbm,10,7,17,0.59
lsbn,11,8,19,0.58
lsbs,5,4,9,0.56
lshB,1,2,3,0.33
lshH,1,1,2,0.5
lshN,0,1,1,0.0
lshP,0,1,1,0.0
lshm,1,2,3,0.33
lshn,0,0,0,
lshs,1,0,1,1.0
lslB,4,2,6,0.67
lslH,0,3,3,0.0
lslJ,1,0,1,1.0
lslK,0,1,1,0.0
lslL,1,6,7,0.14
lslM,2,4,6,0.33
lslN,8,4,12,0.67
lslP,3,7,10,0.3
lslS,2,7,9,0.22
lslb,9,3,12,0.75
lsll,1,1,2,0.5
lslm,2,2,4,0.5
lsln,8,4,12,0.67
lsls,3,2,5,0.6
lsmB,14,9,23,0.61
lsmD,0,1,1,0.0
lsmH,5,4,9,0.56
lsmI,2,2,4,0.5
lsmJ,2,4,6,0.33
lsmL,5,7,12,0.42
lsmM,7,13,20,0.35
lsmN,8,14,22,0.36
lsmP,7,10,17,0.41
lsmS,2,7,9,0.22
lsmb,4,5,9,0.44
lsml,4,5,9,0.44
lsmm,4,1,5,0.8
lsmn,6,5,11,0.55
lsms,3,3,6,0.5
lsnB,2,3,5,0.4
lsnH,5,2,7,0.71
lsnI,0,2,2,0.0
lsnK,0,1,1,0.0
lsnL,2,2,4,0.5
lsnM,11,12,23,0.48
lsnN,8,11,19,0.42
lsnP,12,9,21,0.57
lsnS,11,6,17,0.65
lsnT,0,1,1,0.0
lsnb,4,5,9,0.44
lsnl,2,2,4,0.5
lsnm,8,2,10,0.8
lsnn,8,7,15,0.53
lsns,4,4,8,0.5
lssB,6,5,11,0.55
lssD,2,1,3,0.67
lssH,12,7,19,0.63
lssI,1,1,2,0.5
lssK,1,0,1,1.0
lssL,2,2,4,0.5
lssM,3,8,11,0.27
lssN,8,3,11,0.73
lssP,12,10,22,0.55
lssS,13,12,25,0.52
lssT,0,1,1,0.0
lssb,6,4,10,0.6
lssh,0,0,0,
lssl,6,5,11,0.55
lssm,8,3,11,0.73
lssn,6,8,14,0.43
lsss,4,4,8,0.5
mBBB,24,24,48,0.5
mBBD,2,2,4,0.5
mBBH,1,0,1,1.0
mBBK,1,4,5,0.2
mBBL,8,6,14,0.57
mBBM,14,19,33,0.42
mBBN,26,33,59,0.44
mBBP,36,23,59,0.61
mBBS,10,9,19,0.53
mBBT,0,1,1,0.0
mBBb,26,19,45,0.58
mBBh,2,6,8,0.25
mBBj,7,11,18,0.39
mBBl,10,7,17,0.59
mBBm,24,22,46,0.52
mBBn,38,35,73,0.52
mBBs,14,9,23,0.61
mBDB,5,1,6,0.83
mBDD,3,1,4,0.75
mBDH,2,2,4,0.5
mBDI,1,0,1,1.0
mBDL,3,0,3,1.0
mBDM,3,5,8,0.38
mBDN,7,1,8,0.88
mBDP,4,7,11,0.36
mBDS,3,3,6,0.5
mBDT,1,1,2,0.5
mBDb,3,5,8,0.38
mBDh,1,0,1,1.0
mBDl,0,0,0,
mBDm,2,6,8,0.25
mBDn,5,2,7,0.71
mBDs,2,3,5,0.4
mBHD,1,0,1,1.0
mBHI,0,1,1,0.0
mBHM,1,0,1,1.0
mBHP,0,1,1,0.0
mBHS,1,0,1,1.0
mBHb,0,0,0,
mBIM,1,0,1,1.0
mBKB,2,4,6,0.33
mBKH,1,0,1,1.0
mBKL,1,0,1,1.0
mBKM,5,0,5,1.0
mBKN,0,1,1,0.0
mBKP,0,3,3,0.0
mBKS,3,2,5,0.6
mBKT,0,0,0,
mBKb,3,2,5,0.6
mBKh,1,3,4,0.25
mBKl,1,1,2,0.5
mBKm,2,2,4,0.5
mBKn,4,2,6,0.67
mBKs,2,2,4,0.5
mBLB,11,5,16,0.69
mBLD,1,0,1,1.0
mBLH,0,1,1,0.0
mBLL,1,3,4,0.25
mBLM,5,7,12,0.42
mBLN,8,10,18,0.44
mBLP,11,15,26,0.42
mBLS,5,6,11,0.45
mBLT,1,0,1,1.0
mBLb,10,5,15,0.67
mBLh,7,4,11,0.64
mBLj,3,4,7,0.43
mBLl,3,1,4,0.75
mBLm,11,7,18,0.61
mBLn,17,18,35,0.49
mBLs,5,1,6,0.83
mBMB,15,19,34,0.44
mBMD,1,3,4,0.25
mBMH,1,0,1,1.0
mBML,11,4,15,0.73
mBMM,22,25,47,0.47
mBMN,23,27,50,0.46
mBMP,37,42,79,0.47
mBMS,12,17,29,0.41
mBMT,1,2,3,0.33
mBMb,25,30,55,0.45
mBMh,24,19,43,0.56
mBMj,6,8,14,0.43
mBMl,9,7,16,0.56
mBMm,32,23,55,0.58
mBMn,34,25,59,0.58
mBMs,14,17,31,0.45
mBNB,37,30,67,0.55
mBND,4,7,11,0.36
mBNH,3,3,6,0.5
mBNI,0,1,1,0.0
mBNK,3,0,3,1.0
mBNL,7,7,14,0.5
mBNM,27,29,56,0.48
mBNN,35,48,83,0.42
mBNP,49,46,95,0.52
mBNS,34,30,64,0.53
mBNT,5,8,13,0.38
mBNb,30,25,55,0.55
mBNh,11,10,21,0.52
mBNl,9,8,17,0.53
mBNm,36,27,63,0.57
mBNn,68,49,117,0.58
mBNs,33,19,52,0.63
mBPB,22,33,55,0.4
mBPD,4,3,7,0.57
mBPH,8,14,22,0.36
mBPI,0,2,2,0.0
mBPK,7,3,10,0.7
mBPL,18,14,32,0.56
mBPM,34,39,73,0.47
mBPN,42,40,82,0.51
mBPP,47,55,102,0.46
mBPS,24,21,45,0.53
mBPT,2,5,7,0.29
mBPb,37,30,67,0.55
mBPh,3,2,5,0.6
mBPl,13,13,26,0.5
mBPm,30,33,63,0.48
mBPn,37,40,77,0.48
mBPs,23,23,46,0.5
mBSB,19,10,29,0.66
mBSD,3,3,6,0.5
mBSH,5,11,16,0.31
mBSI,1,0,1,1.0
mBSK,0,1,1,0.0
mBSL,3,4,7,0.43
mBSM,19,20,39,0.49
mBSN,23,27,50,0.46
mBSP,28,23,51,0.55
mBSS,23,20,43,0.53
mBST,5,0,5,1.0
mBSb,11,13,24,0.46
mBSh,12,11,23,0.52
mBSl,4,3,7,0.57
mBSm,16,10,26,0.62
mBSn,18,25,43,0.42
mBSs,17,30,47,0.36
mBTB,3,5,8,0.38
mBTD,0,0,0,
mBTH,1,2,3,0.33
mBTL,3,0,3,1.0
mBTM,6,2,8,0.75
mBTN,4,4,8,0.5
mBTP,6,6,12,0.5
mBTS,1,4,5,0.2
mBTT,1,1,2,0.5
mBTb,3,4,7,0.43
mBTl,1,3,4,0.25
mBTm,3,3,6,0.5
mBTn,5,5,10,0.5
mBTs,1,3,4,0.25
mBbB,25,14,39,0.64
mBbD,3,3,6,0.5
mBbH,10,12,22,0.45
mBbI,2,4,6,0.33
mBbJ,5,8,13,0.38
mBbK,1,3,4,0.25
mBbL,8,8,16,0.5
mBbM,23,27,50,0.46
mBbN,32,47,79,0.41
mBbP,39,33,72,0.54
mBbS,18,17,35,0.51
mBbb,36,29,65,0.55
mBbl,6,9,15,0.4
mBbm,28,17,45,0.62
mBbn,33,16,49,0.67
mBbs,12,8,20,0.6
mBhB,5,4,9,0.56
mBhD,0,0,0,
mBhH,0,1,1,0.0
mBhL,3,0,3,1.0
mBhM,3,3,6,0.5
mBhN,8,6,14,0.57
mBhP,6,5,11,0.55
mBhS,3,1,4,0.75
mBhb,5,0,5,1.0
mBhh,4,1,5,0.8
mBhl,4,1,5,0.8
mBhm,8,5,13,0.62
mBhn,6,7,13,0.46
mBhs,5,2,7,0.71
mBjB,8,10,18,0.44
mBjD,2,0,2,1.0
mBjH,3,3,6,0.5
mBjI,1,1,2,0.5
mBjK,0,1,1,0.0
mBjL,4,3,7,0.57
mBjM,9,13,22,0.41
mBjN,18,9,27,0.67
mBjP,12,15,27,0.44
mBjS,9,10,19,0.47
mBjT,1,1,2,0.5
mBjb,13,14,27,0.48
mBjh,1,0,1,1.0
mBjl,6,2,8,0.75
mBjm,14,6,20,0.7
mBjn,9,6,15,0.6
mBjs,7,7,14,0.5
mBlB,4,8,12,0.33
mBlD,1,1,2,0.5
mBlH,7,9,16,0.44
mBlI,1,0,1,1.0
mBlJ,8,1,9,0.89
mBlL,5,1,6,0.83
mBlM,7,8,15,0.47
mBlN,14,12,26,0.54
mBlP,7,3,10,0.7
mBlS,5,8,13,0.38
mBlb,7,7,14,0.5
mBll,0,4,4,0.0
mBlm,9,3,12,0.75
mBln,11,13,24,0.46
mBls,4,4,8,0.5
mBmB,19,28,47,0.4
mBmD,10,5,15,0.67
mBmH,17,11,28,0.61
mBmI,3,3,6,0.5
mBmJ,6,5,11,0.55
mBmK,0,1,1,0.0
mBmL,7,9,16,0.44
mBmM,23,32,55,0.42
mBmN,29,31,60,0.48
mBmP,19,31,50,0.38
mBmS,18,16,34,0.53
mBmb,19,26,45,0.42
mBml,3,3,6,0.5
mBmm,26,21,47,0.55
mBmn,36,34,70,0.51
mBms,19,12,31,0.61
mBnB,33,29,62,0.53
mBnD,10,2,12,0.83
mBnH,23,17,40,0.57
mBnI,5,5,10,0.5
mBnK,3,7,10,0.3
mBnL,9,8,17,0.53
mBnM,44,47,91,0.48
mBnN,55,55,110,0.5
mBnP,71,64,135,0.53
mBnS,20,31,51,0.39
mBnT,0,1,1,0.0
mBnb,40,40,80,0.5
mBnh,1,3,4,0.25
mBnl,8,10,18,0.44
mBnm,25,33,58,0.43
mBnn,56,49,105,0.53
mBns,17,24,41,0.41
mBsB,7,10,17,0.41
mBsD,5,1,6,0.83
mBsH,9,18,27,0.33
mBsI,1,3,4,0.25
mBsL,5,5,10,0.5
mBsM,14,11,25,0.56
mBsN,10,21,31,0.32
mBsP,14,26,40,0.35
mBsS,20,15,35,0.57
mBsb,15,15,30,0.5
mBsh,0,1,1,0.0
mBsl,1,5,6,0.17
mBsm,11,21,32,0.34
mBsn,18,10,28,0.64
mBss,11,16,27,0.41
mDBB,4,6,10,0.4
mDBD,0,4,4,0.0
mDBK,2,2,4,0.5
mDBL,1,2,3,0.33
mDBM,5,6,11,0.45
mDBN,5,3,8,0.62
mDBP,3,6,9,0.33
mDBS,3,1,4,0.75
mDBb,5,4,9,0.56
mDBh,2,0,2,1.0
mDBj,1,0,1,1.0
mDBl,2,0,2,1.0
mDBm,7,5,12,0.58
mDBn,8,3,11,0.73
mDBs,2,7,9,0.22
mDDB,2,1,3,0.67
mDDD,2,1,3,0.67
mDDH,1,1,2,0.5
mDDI,1,0,1,1.0
mDDL,1,1,2,0.5
mDDM,2,3,5,0.4
mDDN,2,0,2,1.0
mDDP,0,2,2,0.0
mDDS,4,0,4,1.0
mDDb,0,2,2,0.0
mDDl,0,1,1,0.0
mDDm,2,5,7,0.29
mDDn,4,0,4,1.0
mDDs,2,4,6,0.33
mDHB,4,3,7,0.57
mDHD,4,2,6,0.67
mDHH,0,3,3,0.0
mDHI,0,0,0,
mDHL,1,0,1,1.0
mDHM,0,4,4,0.0
mDHN,3,3,6,0.5
mDHP,6,3,9,0.67
mDHS,5,5,10,0.5
mDHT,3,0,3,1.0
mDHb,7,4,11,0.64
mDHh,1,6,7,0.14
mDHl,3,1,4,0.75
mDHm,5,9,14,0.36
mDHn,2,3,5,0.4
mDHs,8,2,10,0.8
mDIB,1,0,1,1.0
mDID,0,2,2,0.0
mDIH,1,1,2,0.5
mDIM,2,0,2,1.0
mDIN,1,0,1,1.0
mDIP,1,0,1,1.0
mDIb,0,0,0,
mDIl,1,0,1,1.0
mDIn,1,0,1,1.0
mDIs,1,0,1,1.0
mDKB,1,0,1,1.0
mDKN,0,0,0,
mDKP,1,0,1,1.0
mDKm,1,0,1,1.0
mDKs,0,1,1,0.0
mDLB,0,1,1,0.0
mDLK,0,0,0,
mDLL,0,1,1,0.0
mDLM,1,4,5,0.2
mDLN,2,2,4,0.5
mDLP,2,1,3,0.67
mDLS,2,1,3,0.67
mDLT,1,0,1,1.0
mDLb,2,2,4,0.5
mDLh,0,0,0,
mDLm,4,2,6,0.67
mDLn,3,1,4,0.75
mDLs,2,3,5,0.4
mDMB,8,4,12,0.67
mDMD,3,0,3,1.0
mDML,1,0,1,1.0
mDMM,5,11,16,0.31
mDMN,12,5,17,0.71
mDMP,7,5,12,0.58
mDMS,8,9,17,0.47
mDMT,0,1,1,0.0
mDMb,5,4,9,0.56
mDMh,4,8,12,0.33
mDMj,2,0,2,1.0
mDMl,3,1,4,0.75
mDMm,13,6,19,0.68
mDMn,12,8,20,0.6
mDMs,6,7,13,0.46
mDNB,3,4,7,0.43
mDND,1,1,2,0.5
mDNH,2,1,3,0.67
mDNK,3,0,3,1.0
mDNL,1,1,2,0.5
mDNM,6,4,10,0.6
mDNN,8,6,14,0.57
mDNP,4,6,10,0.4
mDNS,5,4,9,0.56
mDNT,2,0,2,1.0
mDNb,2,6,8,0.25
mDNh,0,1,1,0.0
mDNl,2,2,4,0.5
mDNm,3,5,8,0.38
mDNn,9,5,14,0.64
mDNs,3,4,7,0.43
mDPB,6,4,10,0.6
mDPD,1,1,2,0.5
mDPH,2,1,3,0.67
mDPI,1,1,2,0.5
mDPK,3,1,4,0.75
mDPL,2,2,4,0.5
mDPM,4,10,14,0.29
mDPN,3,3,6,0.5
mDPP,14,8,22,0.64
mDPS,8,5,13,0.62
mDPT,1,0,1,1.0
mDPb,11,6,17,0.65
mDPl,2,0,2,1.0
mDPm,7,7,14,0.5
mDPn,10,2,12,0.83
mDPs,4,3,7,0.57
mDSB,2,2,4,0.5
mDSD,1,0,1,1.0
mDSH,1,1,2,0.5
mDSI,2,0,2,1.0
mDSK,1,1,2,0.5
mDSL,1,1,2,0.5
mDSM,10,5,15,0.67
mDSN,5,7,12,0.42
mDSP,5,10,15,0.33
mDSS,5,12,17,0.29
mDST,0,2,2,0.0
mDSb,3,5,8,0.38
mDSh,4,0,4,1.0
mDSl,3,0,3,1.0
mDSm,6,4,10,0.6
mDSn,5,4,9,0.56
mDSs,6,5,11,0.55
mDTB,1,0,1,1.0
mDTD,0,0,0,
mDTH,1,0,1,1.0
mDTL,0,1,1,0.0
mDTM,0,2,2,0.0
mDTN,2,1,3,0.67
mDTP,0,2,2,0.0
mDTm,3,1,4,0.75
mDTn,1,1,2,0.5
mDTs,2,0,2,1.0
mDbB,5,4,9,0.56
mDbD,1,0,1,1.0
mDbH,1,0,1,1.0
mDbI,1,2,3,0.33
mDbJ,0,1,1,0.0
mDbL,1,2,3,0.33
mDbM,4,5,9,0.44
mDbN,5,2,7,0.71
mDbP,2,0,2,1.0
mDbS,2,0,2,1.0
mDbb,4,7,11,0.36
mDbl,1,2,3,0.33
mDbm,8,4,12,0.67
mDbn,6,6,12,0.5
mDbs,4,1,5,0.8
mDhB,1,0,1,1.0
mDhK,0,1,1,0.0
mDhN,0,0,0,
mDhP,0,2,2,0.0
mDhS,0,1,1,0.0
mDhm,1,0,1,1.0
mDhn,1,0,1,1.0
mDlB,0,2,2,0.0
mDlH,0,2,2,0.0
mDlJ,1,0,1,1.0
mDlL,3,0,3,1.0
mDlM,1,0,1,1.0
mDlN,2,2,4,0.5
mDlP,2,3,5,0.4
mDlS,2,0,2,1.0
mDlb,1,3,4,0.25
mDll,1,0,1,1.0
mDlm,3,2,5,0.6
mDln,1,0,1,1.0
mDls,1,1,2,0.5
mDmB,2,9,11,0.18
mDmD,1,3,4,0.25
mDmH,11,1,12,0.92
mDmI,0,0,0,
mDmJ,0,4,4,0.0
mDmL,3,3,6,0.5
mDmM,7,4,11,0.64
mDmN,16,6,22,0.73
mDmP,5,8,13,0.38
mDmS,3,7,10,0.3
mDmb,4,5,9,0.44
mDmh,0,1,1,0.0
mDml,4,1,5,0.8
mDmm,10,9,19,0.53
mDmn,6,3,9,0.67
mDms,6,6,12,0.5
mDnB,1,4,5,0.2
mDnD,1,1,2,0.5
mDnH,5,4,9,0.56
mDnL,0,3,3,0.0
mDnM,6,4,10,0.6
mDnN,5,5,10,0.5
mDnP,6,7,13,0.46
mDnS,7,3,10,0.7
mDnb,7,4,11,0.64
mDnl,0,0,0,
mDnm,4,7,11,0.36
mDnn,7,9,16,0.44
mDns,0,3,3,0.0
mDsB,3,1,4,0.75
mDsD,0,2,2,0.0
mDsH,5,2,7,0.71
mDsI,1,0,1,1.0
mDsL,1,3,4,0.25
mDsM,5,7,12,0.42
mDsN,5,7,12,0.42
mDsP,5,4,9,0.56
mDsS,4,5,9,0.44
mDsb,1,3,4,0.25
mDsl,2,1,3,0.67
mDsm,0,2,2,0.0
mDsn,2,2,4,0.5
mDss,2,4,6,0.33
mHBB,17,8,25,0.68
mHBD,0,4,4,0.0
mHBH,0,1,1,0.0
mHBK,1,2,3,0.33
mHBL,2,6,8,0.25
mHBM,20,22,42,0.48
mHBN,24,26,50,0.48
mHBP,19,22,41,0.46
mHBS,14,12,26,0.54
mHBT,4,2,6,0.67
mHBb,16,21,37,0.43
mHBh,2,2,4,0.5
mHBj,5,4,9,0.56
mHBl,9,10,19,0.47
mHBm,17,15,32,0.53
mHBn,22,27,49,0.45
mHBs,15,8,23,0.65
mHDB,3,1,4,0.75
mHDD,1,0,1,1.0
mHDH,4,3,7,0.57
mHDL,2,3,5,0.4
mHDM,2,2,4,0.5
mHDN,3,2,5,0.6
mHDP,4,4,8,0.5
mHDS,5,3,8,0.62
mHDT,1,0,1,1.0
mHDb,6,1,7,0.86
mHDh,0,1,1,0.0
mHDl,1,0,1,1.0
mHDm,3,4,7,0.43
mHDn,3,2,5,0.6
mHDs,0,3,3,0.0
mHHB,4,3,7,0.57
mHHD,1,0,1,1.0
mHHH,2,1,3,0.67
mHHI,0,1,1,0.0
mHHK,2,1,3,0.67
mHHL,1,1,2,0.5
mHHM,4,3,7,0.57
mHHN,3,2,5,0.6
mHHP,2,2,4,0.5
mHHS,4,2,6,0.67
mHHb,3,5,8,0.38
mHHh,0,1,1,0.0
mHHl,2,3,5,0.4
mHHm,6,4,10,0.6
mHHn,2,3,5,0.4
mHHs,2,1,3,0.67
mHIB,0,1,1,0.0
mHID,1,0,1,1.0
mHIH,2,4,6,0.33
mHIM,1,5,6,0.17
mHIN,3,4,7,0.43
mHIP,3,2,5,0.6
mHIS,2,2,4,0.5
mHIT,0,2,2,0.0
mHIb,3,1,4,0.75
mHIl,3,0,3,1.0
mHIm,3,3,6,0.5
mHIn,2,2,4,0.5
mHIs,1,0,1,1.0
mHKB,1,2,3,0.33
mHKD,0,1,1,0.0
mHKI,1,0,1,1.0
mHKL,2,0,2,1.0
mHKM,2,2,4,0.5
mHKN,3,2,5,0.6
mHKP,4,2,6,0.67
mHKS,1,1,2,0.5
mHKb,0,2,2,0.0
mHKh,2,0,2,1.0
mHKl,0,1,1,0.0
mHKm,1,1,2,0.5
mHKn,1,1,2,0.5
mHKs,0,2,2,0.0
mHLB,6,4,10,0.6
mHLD,2,1,3,0.67
mHLK,0,3,3,0.0
mHLL,1,3,4,0.25
mHLM,7,5,12,0.58
mHLN,9,11,20,0.45
mHLP,5,16,21,0.24
mHLS,9,3,12,0.75
mHLT,0,1,1,0.0
mHLb,1,8,9,0.11
mHLh,4,6,10,0.4
mHLj,4,1,5,0.8
mHLl,4,4,8,0.5
mHLm,11,9,20,0.55
mHLn,9,11,20,0.45
mHLs,5,3,8,0.62
mHMB,19,25,44,0.43
mHMD,4,4,8,0.5
mHML,6,5,11,0.55
mHMM,24,25,49,0.49
mHMN,23,20,43,0.53
mHMP,27,28,55,0.49
mHMS,17,15,32,0.53
mHMT,3,1,4,0.75
mHMb,18,22,40,0.45
mHMh,23,23,46,0.5
mHMj,9,9,18,0.5
mHMl,11,8,19,0.58
mHMm,27,22,49,0.55
mHMn,35,38,73,0.48
mHMs,18,16,34,0.53
mHNB,16,21,37,0.43
mHND,3,4,7,0.43
mHNH,6,6,12,0.5
mHNK,2,2,4,0.5
mHNL,6,5,11,0.55
mHNM,26,21,47,0.55
mHNN,25,26,51,0.49
mHNP,39,35,74,0.53
mHNS,21,22,43,0.49
mHNT,4,6,10,0.4
mHNb,22,15,37,0.59
mHNh,5,8,13,0.38
mHNl,13,12,25,0.52
mHNm,30,16,46,0.65
mHNn,28,33,61,0.46
mHNs,29,16,45,0.64
mHPB,27,29,56,0.48
mHPD,4,0,4,1.0
mHPH,13,7,20,0.65
mHPI,1,2,3,0.33
mHPK,6,0,6,1.0
mHPL,10,12,22,0.45
mHPM,31,41,72,0.43
mHPN,33,38,71,0.46
mHPP,44,50,94,0.47
mHPS,27,24,51,0.53
mHPT,3,5,8,0.38
mHPb,34,32,66,0.52
mHPh,3,6,9,0.33
mHPl,15,12,27,0.56
mHPm,37,30,67,0.55
mHPn,37,35,72,0.51
mHPs,27,22,49,0.55
mHSB,12,13,25,0.48
mHSD,5,2,7,0.71
mHSH,5,4,9,0.56
mHSI,2,0,2,1.0
mHSK,1,0,1,1.0
mHSL,8,2,10,0.8
mHSM,19,19,38,0.5
mHSN,13,15,28,0.46
mHSP,27,22,49,0.55
mHSS,24,18,42,0.57
mHST,2,3,5,0.4
mHSb,12,11,23,0.52
mHSh,9,11,20,0.45
mHSl,3,6,9,0.33
mHSm,5,19,24,0.21
mHSn,14,20,34,0.41
mHSs,24,15,39,0.62
mHTB,2,2,4,0.5
mHTH,0,2,2,0.0
mHTK,1,0,1,1.0
mHTL,1,0,1,1.0
mHTM,3,0,3,1.0
mHTN,2,1,3,0.67
mHTP,3,3,6,0.5
mHTS,1,0,1,1.0
mHTT,1,1,2,0.5
mHTb,1,1,2,0.5
mHTl,1,0,1,1.0
mHTm,2,1,3,0.67
mHTn,3,2,5,0.6
mHTs,3,0,3,1.0
mHbB,15,20,35,0.43
mHbD,5,5,10,0.5
mHbH,4,10,14,0.29
mHbI,3,1,4,0.75
mHbJ,6,5,11,0.55
mHbK,0,2,2,0.0
mHbL,8,4,12,0.67
mHbM,27,23,50,0.54
mHbN,31,18,49,0.63
mHbP,20,24,44,0.45
mHbS,17,8,25,0.68
mHbb,26,22,48,0.54
mHbh,0,1,1,0.0
mHbl,6,5,11,0.55
mHbm,24,12,36,0.67
mHbn,27,31,58,0.47
mHbs,15,8,23,0.65
mHhB,6,5,11,0.55
mHhD,1,4,5,0.2
mHhH,0,0,0,
mHhK,2,1,3,0.67
mHhL,3,7,10,0.3
mHhM,8,14,22,0.36
mHhN,14,6,20,0.7
mHhP,19,16,35,0.54
mHhS,13,11,24,0.54
mHhT,4,3,7,0.57
mHhb,11,8,19,0.58
mHhh,8,8,16,0.5
mHhl,5,7,12,0.42
mHhm,14,5,19,0.74
mHhn,12,12,24,0.5
mHhs,16,4,20,0.8
mHlB,13,4,17,0.76
mHlD,1,1,2,0.5
mHlH,5,3,8,0.62
mHlI,2,0,2,1.0
mHlJ,1,3,4,0.25
mHlK,1,1,2,0.5
mHlL,4,4,8,0.5
mHlM,11,17,28,0.39
mHlN,15,14,29,0.52
mHlP,14,6,20,0.7
mHlS,8,5,13,0.62
mHlb,15,13,28,0.54
mHll,3,2,5,0.6
mHlm,12,3,15,0.8
mHln,8,10,18,0.44
mHls,7,4,11,0.64
mHmB,13,25,38,0.34
mHmD,4,3,7,0.57
mHmH,13,15,28,0.46
mHmI,4,3,7,0.57
mHmJ,6,5,11,0.55
mHmK,0,1,1,0.0
mHmL,9,7,16,0.56
mHmM,21,32,53,0.4
mHmN,23,25,48,0.48
mHmP,27,26,53,0.51
mHmS,17,14,31,0.55
mHmb,19,15,34,0.56
mHmh,0,1,1,0.0
mHml,5,7,12,0.42
mHmm,27,25,52,0.52
mHmn,19,22,41,0.46
mHms,15,8,23,0.65
mHnB,22,18,40,0.55
mHnD,5,1,6,0.83
mHnH,13,16,29,0.45
mHnI,5,1,6,0.83
mHnK,4,2,6,0.67
mHnL,10,7,17,0.59
mHnM,29,30,59,0.49
mHnN,43,38,81,0.53
mHnP,40,47,87,0.46
mHnS,23,21,44,0.52
mHnT,1,0,1,1.0
mHnb,28,19,47,0.6
mHnh,3,1,4,0.75
mHnl,8,11,19,0.42
mHnm,18,22,40,0.45
mHnn,26,23,49,0.53
mHns,17,11,28,0.61
mHsB,9,14,23,0.39
mHsD,1,1,2,0.5
mHsH,17,16,33,0.52
mHsI,2,3,5,0.4
mHsL,6,8,14,0.43
mHsM,19,22,41,0.46
mHsN,15,19,34,0.44
mHsP,18,33,51,0.35
mHsS,14,18,32,0.44
mHsb,12,15,27,0.44
mHsh,2,0,2,1.0
mHsl,3,5,8,0.38
mHsm,23,11,34,0.68
mHsn,21,19,40,0.52
mHss,21,14,35,0.6
mIBB,2,2,4,0.5
mIBK,1,0,1,1.0
mIBM,1,2,3,0.33
mIBN,1,7,8,0.12
mIBP,2,0,2,1.0
mIBS,3,0,3,1.0
mIBT,0,1,1,0.0
mIBb,0,1,1,0.0
mIBj,2,0,2,1.0
mIBl,0,1,1,0.0
mIBm,3,0,3,1.0
mIBn,1,4,5,0.2
mIBs,0,0,0,
mIDB,2,0,2,1.0
mIDL,0,1,1,0.0
mIDM,1,1,2,0.5
mIDN,1,2,3,0.33
mIDP,1,1,2,0.5
mIDS,0,2,2,0.0
mIDb,0,1,1,0.0
mIDl,0,1,1,0.0
mIDm,1,1,2,0.5
mIDn,1,0,1,1.0
mIDs,1,0,1,1.0
mIHB,1,1,2,0.5
mIHI,0,0,0,
mIHK,0,0,0,
mIHM,2,2,4,0.5
mIHN,1,1,2,0.5
mIHP,3,1,4,0.75
mIHS,0,2,2,0.0
mIHb,4,0,4,1.0
mIHh,1,1,2,0.5
mIHm,1,0,1,1.0
mIHn,4,2,6,0.67
mIHs,2,1,3,0.67
mIIB,0,1,1,0.0
mIIH,1,0,1,1.0
mIIL,1,0,1,1.0
mIIM,0,1,1,0.0
mIIS,1,0,1,1.0
mIIs,1,0,1,1.0
mIKB,0,1,1,0.0
mIKM,1,0,1,1.0
mIKb,1,0,1,1.0
mILB,2,2,4,0.5
mILD,0,1,1,0.0
mILL,0,2,2,0.0
mILM,2,1,3,0.67
mILN,1,1,2,0.5
mILP,2,1,3,0.67
mILS,0,2,2,0.0
mILh,1,1,2,0.5
mILj,0,1,1,0.0
mILl,0,2,2,0.0
mILm,2,1,3,0.67
mILn,0,4,4,0.0
mILs,1,1,2,0.5
mIMB,1,0,1,1.0
mIMD,1,1,2,0.5
mIMK,0,1,1,0.0
mIML,0,2,2,0.0
mIMM,2,1,3,0.67
mIMN,3,1,4,0.75
mIMP,1,1,2,0.5
mIMS,0,1,1,0.0
mIMT,0,1,1,0.0
mIMb,0,0,0,
mIMh,2,2,4,0.5
mIMj,3,1,4,0.75
mIMl,2,1,3,0.67
mIMm,2,1,3,0.67
mIMn,3,5,8,0.38
mIMs,2,4,6,0.33
mINB,4,3,7,0.57
mINH,1,2,3,0.33
mINL,1,4,5,0.2
mINM,5,3,8,0.62
mINN,6,6,12,0.5
mINP,4,5,9,0.44
mINS,2,3,5,0.4
mINb,3,1,4,0.75
mINh,0,0,0,
mINl,1,0,1,1.0
mINm,4,2,6,0.67
mINn,3,4,7,0.43
mINs,1,0,1,1.0
mIPB,6,4,10,0.6
mIPH,0,2,2,0.0
mIPI,1,0,1,1.0
mIPL,2,1,3,0.67
mIPM,5,3,8,0.62
mIPN,8,3,11,0.73
mIPP,7,7,14,0.5
mIPS,2,1,3,0.67
mIPT,0,3,3,0.0
mIPb,2,5,7,0.29
mIPh,0,1,1,0.0
mIPl,4,0,4,1.0
mIPm,3,2,5,0.6
mIPn,2,8,10,0.2
mIPs,0,2,2,0.0
mISB,2,1,3,0.67
mISD,0,2,2,0.0
mISH,2,0,2,1.0
mISI,0,2,2,0.0
mISL,0,1,1,0.0
mISM,3,3,6,0.5
mISN,2,2,4,0.5
mISP,1,3,4,0.25
mISS,1,1,2,0.5
mISb,1,0,1,1.0
mISh,1,0,1,1.0
mISm,2,1,3,0.67
mISn,2,0,2,1.0
mISs,2,0,2,1.0
mIbB,3,0,3,1.0
mIbH,0,3,3,0.0
mIbJ,0,1,1,0.0
mIbL,0,2,2,0.0
mIbM,3,3,6,0.5
mIbN,9,5,14,0.64
mIbP,5,7,12,0.42
mIbS,0,1,1,0.0
mIbb,2,5,7,0.29
mIbl,0,1,1,0.0
mIbm,6,2,8,0.75
mIbn,2,2,4,0.5
mIbs,1,1,2,0.5
mIhb,0,0,0,
mIlB,2,1,3,0.67
mIlH,1,1,2,0.5
mIlM,0,1,1,0.0
mIlN,0,2,2,0.0
mIlP,0,1,1,0.0
mIlb,1,1,2,0.5
mIlm,1,1,2,0.5
mIln,1,1,2,0.5
mImB,2,1,3,0.67
mImH,2,3,5,0.4
mImL,1,1,2,0.5
mImM,3,0,3,1.0
mImN,3,1,4,0.75
mImP,3,5,8,0.38
mImS,2,1,3,0.67
mImb,2,2,4,0.5
mIml,0,3,3,0.0
mImm,1,2,3,0.33
mImn,1,0,1,1.0
mIms,1,1,2,0.5
mInB,3,0,3,1.0
mInD,2,0,2,1.0
mInH,3,2,5,0.6
mInI,0,3,3,0.0
mInL,1,0,1,1.0
mInM,1,1,2,0.5
mInN,4,3,7,0.57
mInP,2,4,6,0.33
mInS,4,2,6,0.67
mInb,4,3,7,0.57
mInl,1,2,3,0.33
mInm,1,1,2,0.5
mInn,1,7,8,0.12
mIns,1,3,4,0.25
mIsB,1,2,3,0.33
mIsH,0,2,2,0.0
mIsI,1,0,1,1.0
mIsL,1,0,1,1.0
mIsM,4,4,8,0.5
mIsN,2,1,3,0.67
mIsP,3,1,4,0.75
mIsS,2,3,5,0.4
mIsb,2,0,2,1.0
mIsl,0,1,1,0.0
mIsm,0,1,1,0.0
mIsn,1,1,2,0.5
mIss,1,3,4,0.25
mJBB,8,6,14,0.57
mJBD,1,1,2,0.5
mJBI,1,0,1,1.0
mJBL,1,1,2,0.5
mJBM,6,11,17,0.35
mJBN,5,7,12,0.42
mJBP,3,5,8,0.38
mJBS,5,2,7,0.71
mJBT,0,1,1,0.0
mJBb,3,8,11,0.27
mJBh,0,2,2,0.0
mJBj,0,1,1,0.0
mJBl,3,0,3,1.0
mJBm,3,4,7,0.43
mJBn,4,4,8,0.5
mJBs,0,3,3,0.0
mJDB,0,2,2,0.0
mJDL,1,0,1,1.0
mJDM,0,1,1,0.0
mJDN,0,1,1,0.0
mJDS,1,0,1,1.0
mJDb,1,0,1,1.0
mJDs,1,0,1,1.0
mJHB,1,3,4,0.25
mJHD,0,1,1,0.0
mJHH,0,1,1,0.0
mJHK,0,2,2,0.0
mJHL,1,1,2,0.5
mJHM,4,3,7,0.57
mJHN,3,2,5,0.6
mJHP,7,3,10,0.7
mJHS,4,6,10,0.4
mJHb,6,4,10,0.6
mJHh,2,1,3,0.67
mJHl,0,0,0,
mJHm,4,1,5,0.8
mJHn,0,4,4,0.0
mJHs,2,2,4,0.5
mJIB,1,0,1,1.0
mJIH,1,0,1,1.0
mJIL,0,2,2,0.0
mJIM,1,0,1,1.0
mJIN,1,0,1,1.0
mJIP,2,0,2,1.0
mJIb,2,2,4,0.5
mJIl,0,1,1,0.0
mJIn,0,1,1,0.0
mJIs,0,1,1,0.0
mJKH,0,1,1,0.0
mJKM,2,2,4,0.5
mJKN,1,0,1,1.0
mJKP,3,2,5,0.6
mJKS,1,0,1,1.0
mJKh,1,1,2,0.5
mJKm,1,1,2,0.5
mJKn,1,0,1,1.0
mJKs,1,0,1,1.0
mJLB,2,2,4,0.5
mJLD,0,1,1,0.0
mJLL,1,1,2,0.5
mJLM,1,2,3,0.33
mJLN,3,2,5,0.6
mJLP,0,3,3,0.0
mJLS,4,4,8,0.5
mJLT,0,1,1,0.0
mJLb,4,0,4,1.0
mJLh,0,2,2,0.0
mJLl,0,1,1,0.0
mJLm,3,5,8,0.38
mJLn,2,6,8,0.25
mJLs,4,2,6,0.67
mJMB,2,5,7,0.29
mJMD,1,1,2,0.5
mJML,3,3,6,0.5
mJMM,3,4,7,0.43
mJMN,6,12,18,0.33
mJMP,9,8,17,0.53
mJMS,8,3,11,0.73
mJMT,0,1,1,0.0
mJMb,4,6,10,0.4
mJMh,4,4,8,0.5
mJMj,2,0,2,1.0
mJMl,1,2,3,0.33
mJMm,11,7,18,0.61
mJMn,12,9,21,0.57
mJMs,4,5,9,0.44
mJNB,6,4,10,0.6
mJNH,1,3,4,0.25
mJNL,4,1,5,0.8
mJNM,8,12,20,0.4
mJNN,9,9,18,0.5
mJNP,11,19,30,0.37
mJNS,1,3,4,0.25
mJNT,2,2,4,0.5
mJNb,4,9,13,0.31
mJNh,3,0,3,1.0
mJNl,1,4,5,0.2
mJNm,8,5,13,0.62
mJNn,10,10,20,0.5
mJNs,2,4,6,0.33
mJPB,15,8,23,0.65
mJPD,1,0,1,1.0
mJPH,4,3,7,0.57
mJPI,0,3,3,0.0
mJPK,2,0,2,1.0
mJPL,4,5,9,0.44
mJPM,11,8,19,0.58
mJPN,11,13,24,0.46
mJPP,14,7,21,0.67
mJPS,11,9,20,0.55
mJPT,0,0,0,
mJPb,9,7,16,0.56
mJPh,1,2,3,0.33
mJPl,7,2,9,0.78
mJPm,10,9,19,0.53
mJPn,7,12,19,0.37
mJPs,11,8,19,0.58
mJSB,2,5,7,0.29
mJSD,1,1,2,0.5
mJSH,2,4,6,0.33
mJSI,1,1,2,0.5
mJSL,4,1,5,0.8
mJSM,3,5,8,0.38
mJSN,6,7,13,0.46
mJSP,4,4,8,0.5
mJSS,3,2,5,0.6
mJST,1,1,2,0.5
mJSb,7,5,12,0.58
mJSh,5,3,8,0.62
mJSm,1,2,3,0.33
mJSn,3,11,14,0.21
mJSs,4,1,5,0.8
mJTB,2,0,2,1.0
mJTD,1,0,1,1.0
mJTL,0,1,1,0.0
mJTM,0,3,3,0.0
mJTN,3,1,4,0.75
mJTP,1,1,2,0.5
mJTS,0,0,0,
mJTl,1,1,2,0.5
mJTm,1,0,1,1.0
mJTn,1,2,3,0.33
mJTs,2,0,2,1.0
mJbB,10,8,18,0.56
mJbD,0,0,0,
mJbH,1,0,1,1.0
mJbI,0,1,1,0.0
mJbJ,0,6,6,0.0
mJbK,0,1,1,0.0
mJbL,3,5,8,0.38
mJbM,10,9,19,0.53
mJbN,11,9,20,0.55
mJbP,9,7,16,0.56
mJbS,5,4,9,0.56
mJbb,6,4,10,0.6
mJbl,2,2,4,0.5
mJbm,8,4,12,0.67
mJbn,6,5,11,0.55
mJbs,4,1,5,0.8
mJhH,1,0,1,1.0
mJhL,1,0,1,1.0
mJhN,0,1,1,0.0
mJhP,4,0,4,1.0
mJhS,0,1,1,0.0
mJhm,0,1,1,0.0
mJlB,3,2,5,0.6
mJlD,0,1,1,0.0
mJlH,0,1,1,0.0
mJlK,1,0,1,1.0
mJlL,1,2,3,0.33
mJlM,2,1,3,0.67
mJlN,0,6,6,0.0
mJlP,4,7,11,0.36
mJlS,2,1,3,0.67
mJlb,4,5,9,0.44
mJlm,3,4,7,0.43
mJln,3,2,5,0.6
mJls,0,1,1,0.0
mJmB,7,7,14,0.5
mJmD,1,0,1,1.0
mJmH,2,1,3,0.67
mJmI,0,0,0,
mJmJ,1,0,1,1.0
mJmL,4,3,7,0.57
mJmM,7,6,13,0.54
mJmN,7,3,10,0.7
mJmP,8,6,14,0.57
mJmS,6,2,8,0.75
mJmb,14,8,22,0.64
mJmh,0,0,0,
mJml,2,1,3,0.67
mJmm,8,8,16,0.5
mJmn,9,3,12,0.75
mJms,6,2,8,0.75
mJnB,3,6,9,0.33
mJnD,0,1,1,0.0
mJnH,1,2,3,0.33
mJnI,0,4,4,0.0
mJnL,2,6,8,0.25
mJnM,3,4,7,0.43
mJnN,12,7,19,0.63
mJnP,8,9,17,0.47
mJnS,5,2,7,0.71
mJnb,7,3,10,0.7
mJnl,2,2,4,0.5
mJnm,5,10,15,0.33
mJnn,12,5,17,0.71
mJns,6,6,12,0.5
mJsB,5,4,9,0.56
mJsD,0,1,1,0.0
mJsH,5,2,7,0.71
mJsI,0,1,1,0.0
mJsK,0,1,1,0.0
mJsL,2,2,4,0.5
mJsM,5,5,10,0.5
mJsN,6,6,12,0.5
mJsP,7,4,11,0.64
mJsS,6,8,14,0.43
mJsb,3,5,8,0.38
mJsl,0,0,0,
mJsm,3,6,9,0.33
mJsn,5,4,9,0.56
mJss,3,7,10,0.3
mKBN,2,0,2,1.0
mKBP,1,0,1,1.0
mKBS,0,1,1,0.0
mKBb,1,0,1,1.0
mKBj,1,0,1,1.0
mKBm,1,0,1,1.0
mKBn,0,0,0,
mKBs,1,0,1,1.0
mKDP,1,0,1,1.0
mKDh,1,0,1,1.0
mKDs,0,1,1,0.0
mKHP,0,1,1,0.0
mKHS,1,0,1,1.0
mKHh,0,1,1,0.0
mKIB,1,0,1,1.0
mKIH,0,1,1,0.0
mKIS,0,2,2,0.0
mKIn,1,0,1,1.0
mKIs,1,0,1,1.0
mKLM,0,1,1,0.0
mKLh,0,1,1,0.0
mKLl,0,1,1,0.0
mKLn,0,1,1,0.0
mKLs,0,1,1,0.0
mKMM,1,2,3,0.33
mKMN,1,0,1,1.0
mKMP,0,1,1,0.0
mKMS,1,0,1,1.0
mKMj,1,0,1,1.0
mKMn,1,0,1,1.0
mKMs,0,1,1,0.0
mKNB,1,0,1,1.0
mKNI,0,1,1,0.0
mKNL,0,1,1,0.0
mKNS,0,1,1,0.0
mKNT,0,0,0,
mKNb,0,1,1,0.0
mKPB,0,2,2,0.0
mKPM,1,0,1,1.0
mKPN,0,1,1,0.0
mKPS,0,1,1,0.0
mKPb,2,0,2,1.0
mKPm,0,0,0,
mKPs,0,0,0,
mKSB,0,1,1,0.0
mKSD,0,0,0,
mKSM,0,1,1,0.0
mKSP,0,2,2,0.0
mKSb,1,0,1,1.0
mKSm,1,1,2,0.5
mKSn,2,0,2,1.0
mKSs,0,1,1,0.0
mKTB,1,0,1,1.0
mKTP,1,0,1,1.0
mKbB,0,2,2,0.0
mKbD,0,1,1,0.0
mKbK,0,1,1,0.0
mKbM,1,1,2,0.5
mKbN,1,0,1,1.0
mKbS,0,2,2,0.0
mKbb,1,1,2,0.5
mKbm,1,0,1,1.0
mKbn,1,1,2,0.5
mKhB,0,1,1,0.0
mKhM,0,3,3,0.0
mKhP,0,1,1,0.0
mKhb,1,0,1,1.0
mKhh,0,0,0,
mKhl,0,2,2,0.0
mKhm,1,0,1,1.0
mKhn,1,0,1,1.0
mKlH,1,0,1,1.0
mKlJ,0,1,1,0.0
mKlL,1,0,1,1.0
mKlM,1,0,1,1.0
mKlN,2,2,4,0.5
mKlS,0,0,0,
mKlm,1,0,1,1.0
mKln,1,0,1,1.0
mKmB,1,2,3,0.33
mKmD,0,0,0,
mKmM,1,1,2,0.5
mKmN,0,1,1,0.0
mKmb,0,0,0,
mKmh,0,0,0,
mKml,0,1,1,0.0
mKmm,0,1,1,0.0
mKmn,3,0,3,1.0
mKnB,0,1,1,0.0
mKnI,0,1,1,0.0
mKnM,0,1,1,0.0
mKnP,0,0,0,
mKnS,0,1,1,0.0
mKnb,0,0,0,
mKnm,0,0,0,
mKnn,1,0,1,1.0
mKsB,1,1,2,0.5
mKsD,1,0,1,1.0
mKsL,0,1,1,0.0
mKsM,1,0,1,1.0
mKsS,0,0,0,
mKsm,0,0,0,
mLBB,12,10,22,0.55
mLBD,2,0,2,1.0
mLBK,0,1,1,0.0
mLBL,1,4,5,0.2
mLBM,11,9,20,0.55
mLBN,10,9,19,0.53
mLBP,14,15,29,0.48
mLBS,5,8,13,0.38
mLBT,1,1,2,0.5
mLBb,10,6,16,0.62
mLBh,0,1,1,0.0
mLBj,2,2,4,0.5
mLBl,5,2,7,0.71
mLBm,15,4,19,0.79
mLBn,7,6,13,0.54
mLBs,6,3,9,0.67
mLDB,3,0,3,1.0
mLDD,1,0,1,1.0
mLDH,1,2,3,0.33
mLDI,1,0,1,1.0
mLDL,0,1,1,0.0
mLDN,2,0,2,1.0
mLDP,4,2,6,0.67
mLDS,3,2,5,0.6
mLDb,0,1,1,0.0
mLDl,0,1,1,0.0
mLDm,1,1,2,0.5
mLDn,2,2,4,0.5
mLDs,1,1,2,0.5
mLHL,0,1,1,0.0
mLHP,1,0,1,1.0
mLHn,0,0,0,
mLHs,0,0,0,
mLIM,1,0,1,1.0
mLKB,1,0,1,1.0
mLKM,0,1,1,0.0
mLKN,1,0,1,1.0
mLKP,1,1,2,0.5
mLKS,0,0,0,
mLKb,1,0,1,1.0
mLKl,0,1,1,0.0
mLKm,0,2,2,0.0
mLKn,1,1,2,0.5
mLLB,6,6,12,0.5
mLLL,1,1,2,0.5
mLLM,2,1,3,0.67
mLLN,5,2,7,0.71
mLLP,8,6,14,0.57
mLLS,4,5,9,0.44
mLLb,6,4,10,0.6
mLLh,1,2,3,0.33
mLLj,1,1,2,0.5
mLLl,1,1,2,0.5
mLLm,10,1,11,0.91
mLLn,7,2,9,0.78
mLLs,3,3,6,0.5
mLMB,11,7,18,0.61
mLMD,2,1,3,0.67
mLML,4,2,6,0.67
mLMM,12,11,23,0.52
mLMN,17,10,27,0.63
mLMP,11,13,24,0.46
mLMS,7,5,12,0.58
mLMT,1,5,6,0.17
mLMb,6,11,17,0.35
mLMh,12,11,23,0.52
mLMj,4,3,7,0.57
mLMl,8,4,12,0.67
mLMm,9,7,16,0.56
mLMn,24,17,41,0.59
mLMs,11,9,20,0.55
mLNB,8,15,23,0.35
mLND,1,1,2,0.5
mLNH,3,0,3,1.0
mLNK,0,1,1,0.0
mLNL,5,2,7,0.71
mLNM,11,8,19,0.58
mLNN,12,15,27,0.44
mLNP,14,16,30,0.47
mLNS,11,4,15,0.73
mLNT,2,4,6,0.33
mLNb,14,13,27,0.52
mLNh,7,10,17,0.41
mLNl,6,5,11,0.55
mLNm,10,4,14,0.71
mLNn,16,15,31,0.52
mLNs,6,7,13,0.46
mLPB,14,12,26,0.54
mLPD,1,0,1,1.0
mLPH,3,4,7,0.43
mLPI,2,0,2,1.0
mLPK,2,2,4,0.5
mLPL,10,5,15,0.67
mLPM,10,21,31,0.32
mLPN,14,16,30,0.47
mLPP,26,24,50,0.52
mLPS,15,13,28,0.54
mLPT,1,0,1,1.0
mLPb,14,18,32,0.44
mLPh,3,1,4,0.75
mLPl,8,4,12,0.67
mLPm,11,11,22,0.5
mLPn,13,17,30,0.43
mLPs,14,9,23,0.61
mLSB,6,8,14,0.43
mLSD,3,0,3,1.0
mLSH,3,3,6,0.5
mLSI,1,0,1,1.0
mLSK,0,0,0,
mLSL,4,5,9,0.44
mLSM,9,11,20,0.45
mLSN,6,4,10,0.6
mLSP,14,12,26,0.54
mLSS,3,4,7,0.43
mLST,1,0,1,1.0
mLSb,12,9,21,0.57
mLSh,4,5,9,0.44
mLSl,2,8,10,0.2
mLSm,10,10,20,0.5
mLSn,7,8,15,0.47
mLSs,10,4,14,0.71
mLTB,0,1,1,0.0
mLTD,1,0,1,1.0
mLTL,1,0,1,1.0
mLTM,0,3,3,0.0
mLTN,2,2,4,0.5
mLTP,2,1,3,0.67
mLTS,1,0,1,1.0
mLTT,0,1,1,0.0
mLTb,0,2,2,0.0
mLTh,0,1,1,0.0
mLTl,1,1,2,0.5
mLTm,2,2,4,0.5
mLTn,3,3,6,0.5
mLTs,0,0,0,
mLbB,6,7,13,0.46
mLbH,3,3,6,0.5
mLbI,1,0,1,1.0
mLbJ,2,5,7,0.29
mLbK,1,0,1,1.0
mLbL,3,4,7,0.43
mLbM,9,13,22,0.41
mLbN,12,13,25,0.48
mLbP,10,20,30,0.33
mLbS,0,10,10,0.0
mLbb,12,13,25,0.48
mLbl,6,1,7,0.86
mLbm,6,4,10,0.6
mLbn,11,8,19,0.58
mLbs,5,6,11,0.45
mLhB,3,3,6,0.5
mLhD,1,0,1,1.0
mLhH,1,2,3,0.33
mLhI,0,0,0,
mLhL,1,4,5,0.2
mLhM,4,4,8,0.5
mLhN,1,8,9,0.11
mLhP,6,8,14,0.43
mLhS,4,9,13,0.31
mLhb,6,5,11,0.55
mLhh,5,5,10,0.5
mLhl,4,3,7,0.57
mLhm,5,5,10,0.5
mLhn,11,6,17,0.65
mLhs,11,5,16,0.69
mLjB,4,1,5,0.8
mLjD,1,0,1,1.0
mLjH,4,1,5,0.8
mLjM,3,0,3,1.0
mLjN,4,7,11,0.36
mLjP,3,7,10,0.3
mLjS,2,2,4,0.5
mLjT,0,1,1,0.0
mLjb,2,5,7,0.29
mLjl,3,1,4,0.75
mLjm,9,3,12,0.75
mLjn,6,1,7,0.86
mLjs,1,1,2,0.5
mLlB,5,2,7,0.71
mLlD,2,0,2,1.0
mLlH,3,2,5,0.6
mLlI,1,0,1,1.0
mLlJ,2,3,5,0.4
mLlL,1,0,1,1.0
mLlM,4,7,11,0.36
mLlN,2,3,5,0.4
mLlP,6,3,9,0.67
mLlS,7,5,12,0.58
mLlb,1,4,5,0.2
mLll,1,1,2,0.5
mLlm,6,3,9,0.67
mLln,7,5,12,0.58
mLls,5,4,9,0.56
mLmB,10,6,16,0.62
mLmD,3,2,5,0.6
mLmH,8,4,12,0.67
mLmI,0,1,1,0.0
mLmJ,1,2,3,0.33
mLmL,8,4,12,0.67
mLmM,11,13,24,0.46
mLmN,16,18,34,0.47
mLmP,14,16,30,0.47
mLmS,11,7,18,0.61
mLmb,7,4,11,0.64
mLml,4,6,10,0.4
mLmm,9,5,14,0.64
mLmn,16,11,27,0.59
mLms,6,5,11,0.55
mLnB,14,6,20,0.7
mLnD,1,5,6,0.17
mLnH,12,9,21,0.57
mLnI,1,0,1,1.0
mLnK,0,1,1,0.0
mLnL,7,3,10,0.7
mLnM,11,9,20,0.55
mLnN,23,20,43,0.53
mLnP,21,26,47,0.45
mLnS,12,17,29,0.41
mLnT,0,1,1,0.0
mLnb,12,17,29,0.41
mLnh,0,3,3,0.0
mLnl,5,4,9,0.56
mLnm,18,7,25,0.72
mLnn,19,15,34,0.56
mLns,14,10,24,0.58
mLsB,4,5,9,0.44
mLsD,2,0,2,1.0
mLsH,12,7,19,0.63
mLsI,2,1,3,0.67
mLsL,3,5,8,0.38
mLsM,10,8,18,0.56
mLsN,9,5,14,0.64
mLsP,4,14,18,0.22
mLsS,11,8,19,0.58
mLsb,6,5,11,0.55
mLsl,2,2,4,0.5
mLsm,5,9,14,0.36
mLsn,5,7,12,0.42
mLss,6,8,14,0.43
mMBB,36,22,58,0.62
mMBD,3,4,7,0.43
mMBK,1,2,3,0.33
mMBL,3,6,9,0.33
mMBM,19,25,44,0.43
mMBN,33,40,73,0.45
mMBP,38,20,58,0.66
mMBS,12,20,32,0.38
mMBT,1,4,5,0.2
mMBb,27,28,55,0.49
mMBh,1,3,4,0.25
mMBj,7,6,13,0.54
mMBl,7,5,12,0.58
mMBm,31,33,64,0.48
mMBn,48,39,87,0.55
mMBs,12,10,22,0.55
mMDB,5,5,10,0.5
mMDD,1,2,3,0.33
mMDH,6,8,14,0.43
mMDL,1,0,1,1.0
mMDM,5,6,11,0.45
mMDN,4,4,8,0.5
mMDP,3,5,8,0.38
mMDS,5,9,14,0.36
mMDT,1,1,2,0.5
mMDb,3,1,4,0.75
mMDl,2,1,3,0.67
mMDm,2,5,7,0.29
mMDn,5,4,9,0.56
mMDs,4,4,8,0.5
mMHD,1,0,1,1.0
mMHM,1,0,1,1.0
mMHS,0,2,2,0.0
mMIB,1,0,1,1.0
mMIN,1,0,1,1.0
mMIS,1,0,1,1.0
mMIm,1,0,1,1.0
mMIs,1,0,1,1.0
mMKB,0,1,1,0.0
mMKH,0,1,1,0.0
mMKN,1,1,2,0.5
mMKP,1,0,1,1.0
mMKS,0,1,1,0.0
mMKb,0,0,0,
mMKh,1,0,1,1.0
mMKl,0,1,1,0.0
mMKn,0,1,1,0.0
mMLB,9,7,16,0.56
mMLD,1,1,2,0.5
mMLL,3,2,5,0.6
mMLM,11,6,17,0.65
mMLN,12,8,20,0.6
mMLP,13,15,28,0.46
mMLS,4,4,8,0.5
mMLT,2,0,2,1.0
mMLb,14,7,21,0.67
mMLh,4,4,8,0.5
mMLj,3,5,8,0.38
mMLl,3,3,6,0.5
mMLm,11,6,17,0.65
mMLn,14,9,23,0.61
mMLs,10,6,16,0.62
mMMB,41,31,72,0.57
mMMD,7,3,10,0.7
mMMH,0,1,1,0.0
mMMK,0,1,1,0.0
mMML,8,11,19,0.42
mMMM,25,29,54,0.46
mMMN,36,40,76,0.47
mMMP,26,34,60,0.43
mMMS,18,16,34,0.53
mMMT,6,3,9,0.67
mMMb,31,27,58,0.53
mMMh,27,30,57,0.47
mMMj,13,10,23,0.57
mMMl,11,8,19,0.58
mMMm,34,18,52,0.65
mMMn,53,46,99,0.54
mMMs,17,16,33,0.52
mMNB,19,27,46,0.41
mMND,4,8,12,0.33
mMNH,9,4,13,0.69
mMNI,1,0,1,1.0
mMNK,5,2,7,0.71
mMNL,8,10,18,0.44
mMNM,22,31,53,0.42
mMNN,63,50,113,0.56
mMNP,64,49,113,0.57
mMNS,39,36,75,0.52
mMNT,8,6,14,0.57
mMNb,41,24,65,0.63
mMNh,13,11,24,0.54
mMNl,8,17,25,0.32
mMNm,40,30,70,0.57
mMNn,65,55,120,0.54
mMNs,20,14,34,0.59
mMPB,28,26,54,0.52
mMPD,6,4,10,0.6
mMPH,9,17,26,0.35
mMPI,6,5,11,0.55
mMPK,5,7,12,0.42
mMPL,9,10,19,0.47
mMPM,26,36,62,0.42
mMPN,47,60,107,0.44
mMPP,76,60,136,0.56
mMPS,31,28,59,0.53
mMPT,3,5,8,0.38
mMPb,30,37,67,0.45
mMPh,5,8,13,0.38
mMPl,19,21,40,0.48
mMPm,57,37,94,0.61
mMPn,42,48,90,0.47
mMPs,30,24,54,0.56
mMSB,20,19,39,0.51
mMSD,6,1,7,0.86
mMSH,9,12,21,0.43
mMSI,0,1,1,0.0
mMSK,2,0,2,1.0
mMSL,4,4,8,0.5
mMSM,26,18,44,0.59
mMSN,24,27,51,0.47
mMSP,37,21,58,0.64
mMSS,22,33,55,0.4
mMST,4,7,11,0.36
mMSb,21,13,34,0.62
mMSh,12,10,22,0.55
mMSl,5,3,8,0.62
mMSm,23,23,46,0.5
mMSn,25,29,54,0.46
mMSs,22,25,47,0.47
mMTB,3,2,5,0.6
mMTH,2,3,5,0.4
mMTK,1,0,1,1.0
mMTL,2,3,5,0.4
mMTM,2,2,4,0.5
mMTN,5,7,12,0.42
mMTP,3,5,8,0.38
mMTS,4,5,9,0.44
mMTT,0,0,0,
mMTb,5,4,9,0.56
mMTh,1,0,1,1.0
mMTl,1,1,2,0.5
mMTm,4,6,10,0.4
mMTn,3,7,10,0.3
mMTs,4,3,7,0.57
mMbB,31,28,59,0.53
mMbD,3,2,5,0.6
mMbH,8,8,16,0.5
mMbI,1,4,5,0.2
mMbJ,6,6,12,0.5
mMbK,5,4,9,0.56
mMbL,3,7,10,0.3
mMbM,30,35,65,0.46
mMbN,52,39,91,0.57
mMbP,47,30,77,0.61
mMbS,20,25,45,0.44
mMbb,38,29,67,0.57
mMbl,11,7,18,0.61
mMbm,28,19,47,0.6
mMbn,33,40,73,0.45
mMbs,10,14,24,0.42
mMhB,13,20,33,0.39
mMhD,3,2,5,0.6
mMhH,9,8,17,0.53
mMhI,3,1,4,0.75
mMhK,1,0,1,1.0
mMhL,5,6,11,0.45
mMhM,25,34,59,0.42
mMhN,37,30,67,0.55
mMhP,34,49,83,0.41
mMhS,35,25,60,0.58
mMhT,4,7,11,0.36
mMhb,22,19,41,0.54
mMhh,24,15,39,0.62
mMhl,16,7,23,0.7
mMhm,29,26,55,0.53
mMhn,35,31,66,0.53
mMhs,21,27,48,0.44
mMjB,6,9,15,0.4
mMjD,2,1,3,0.67
mMjH,4,5,9,0.44
mMjI,0,2,2,0.0
mMjK,1,1,2,0.5
mMjL,5,5,10,0.5
mMjM,9,10,19,0.47
mMjN,11,10,21,0.52
mMjP,17,14,31,0.55
mMjS,10,9,19,0.53
mMjT,1,3,4,0.25
mMjb,9,5,14,0.64
mMjh,0,1,1,0.0
mMjl,1,5,6,0.17
mMjm,15,8,23,0.65
mMjn,8,13,21,0.38
mMjs,4,4,8,0.5
mMlB,7,7,14,0.5
mMlD,0,1,1,0.0
mMlH,8,15,23,0.35
mMlI,1,1,2,0.5
mMlJ,4,6,10,0.4
mMlK,0,2,2,0.0
mMlL,2,1,3,0.67
mMlM,8,16,24,0.33
mMlN,16,16,32,0.5
mMlP,13,13,26,0.5
mMlS,9,9,18,0.5
mMlb,13,5,18,0.72
mMll,7,4,11,0.64
mMlm,11,3,14,0.79
mMln,18,14,32,0.56
mMls,9,7,16,0.56
mMmB,26,30,56,0.46
mMmD,11,4,15,0.73
mMmH,22,43,65,0.34
mMmI,4,7,11,0.36
mMmJ,6,8,14,0.43
mMmL,11,9,20,0.55
mMmM,24,35,59,0.41
mMmN,42,52,94,0.45
mMmP,51,54,105,0.49
mMmS,28,31,59,0.47
mMmb,27,19,46,0.59
mMmh,0,2,2,0.0
mMml,11,7,18,0.61
mMmm,22,30,52,0.42
mMmn,37,26,63,0.59
mMms,12,20,32,0.38
mMnB,28,31,59,0.47
mMnD,6,4,10,0.6
mMnH,22,40,62,0.35
mMnI,6,7,13,0.46
mMnK,2,5,7,0.29
mMnL,13,7,20,0.65
mMnM,44,41,85,0.52
mMnN,81,81,162,0.5
mMnP,79,87,166,0.48
mMnS,30,47,77,0.39
mMnb,44,37,81,0.54
mMnh,1,2,3,0.33
mMnl,20,9,29,0.69
mMnm,55,31,86,0.64
mMnn,74,75,149,0.5
mMns,28,39,67,0.42
mMsB,10,17,27,0.37
mMsD,7,6,13,0.54
mMsH,19,27,46,0.41
mMsI,2,4,6,0.33
mMsK,2,0,2,1.0
mMsL,5,8,13,0.38
mMsM,28,21,49,0.57
mMsN,32,21,53,0.6
mMsP,25,33,58,0.43
mMsS,27,30,57,0.47
mMsT,1,1,2,0.5
mMsb,20,17,37,0.54
mMsh,2,0,2,1.0
mMsl,7,7,14,0.5
mMsm,25,20,45,0.56
mMsn,24,26,50,0.48
mMss,16,17,33,0.48
mNBB,28,29,57,0.49
mNBD,1,5,6,0.17
mNBK,5,4,9,0.56
mNBL,8,10,18,0.44
mNBM,22,26,48,0.46
mNBN,37,27,64,0.58
mNBP,31,38,69,0.45
mNBS,7,17,24,0.29
mNBT,9,1,10,0.9
mNBb,28,26,54,0.52
mNBh,1,9,10,0.1
mNBj,5,5,10,0.5
mNBl,13,10,23,0.57
mNBm,19,22,41,0.46
mNBn,41,46,87,0.47
mNBs,16,10,26,0.62
mNDB,2,7,9,0.22
mNDD,3,1,4,0.75
mNDH,3,10,13,0.23
mNDI,1,1,2,0.5
mNDK,0,1,1,0.0
mNDL,2,1,3,0.67
mNDM,3,5,8,0.38
mNDN,7,6,13,0.54
mNDP,6,4,10,0.6
mNDS,1,11,12,0.08
mNDT,1,2,3,0.33
mNDb,1,1,2,0.5
mNDh,1,0,1,1.0
mNDl,2,2,4,0.5
mNDm,2,5,7,0.29
mNDn,5,7,12,0.42
mNDs,3,2,5,0.6
mNHB,6,4,10,0.6
mNHD,1,1,2,0.5
mNHH,0,4,4,0.0
mNHK,1,0,1,1.0
mNHL,4,1,5,0.8
mNHM,5,6,11,0.45
mNHN,15,12,27,0.56
mNHP,8,11,19,0.42
mNHS,7,8,15,0.47
mNHb,8,4,12,0.67
mNHh,2,2,4,0.5
mNHl,3,1,4,0.75
mNHm,9,4,13,0.69
mNHn,13,8,21,0.62
mNHs,4,3,7,0.57
mNII,0,1,1,0.0
mNIL,1,0,1,1.0
mNIN,1,0,1,1.0
mNIP,1,0,1,1.0
mNIS,0,1,1,0.0
mNIb,0,1,1,0.0
mNIl,1,0,1,1.0
mNKB,3,5,8,0.38
mNKD,0,1,1,0.0
mNKH,1,0,1,1.0
mNKL,2,1,3,0.67
mNKM,3,3,6,0.5
mNKN,4,4,8,0.5
mNKP,5,3,8,0.62
mNKS,0,3,3,0.0
mNKT,1,0,1,1.0
mNKb,3,2,5,0.6
mNKh,1,0,1,1.0
mNKl,2,0,2,1.0
mNKm,6,3,9,0.67
mNKn,7,1,8,0.88
mNKs,3,3,6,0.5
mNLB,11,11,22,0.5
mNLD,1,2,3,0.33
mNLL,0,8,8,0.0
mNLM,8,13,21,0.38
mNLN,10,18,28,0.36
mNLP,19,20,39,0.49
mNLS,7,4,11,0.64
mNLT,1,1,2,0.5
mNLb,11,15,26,0.42
mNLh,5,4,9,0.56
mNLj,4,5,9,0.44
mNLl,3,2,5,0.6
mNLm,7,4,11,0.64
mNLn,15,25,40,0.38
mNLs,3,3,6,0.5
mNMB,26,20,46,0.57
mNMD,4,2,6,0.67
mNMK,2,1,3,0.67
mNML,11,10,21,0.52
mNMM,30,31,61,0.49
mNMN,39,47,86,0.45
mNMP,52,61,113,0.46
mNMS,25,27,52,0.48
mNMT,3,2,5,0.6
mNMb,38,27,65,0.58
mNMh,19,26,45,0.42
mNMj,7,11,18,0.39
mNMl,13,8,21,0.62
mNMm,39,35,74,0.53
mNMn,75,50,125,0.6
mNMs,22,19,41,0.54
mNNB,30,34,64,0.47
mNND,9,3,12,0.75
mNNH,14,9,23,0.61
mNNI,1,0,1,1.0
mNNK,2,6,8,0.25
mNNL,12,13,25,0.48
mNNM,43,47,90,0.48
mNNN,61,72,133,0.46
mNNP,63,81,144,0.44
mNNS,33,40,73,0.45
mNNT,11,9,20,0.55
mNNb,39,43,82,0.48
mNNh,19,17,36,0.53
mNNl,11,14,25,0.44
mNNm,38,27,65,0.58
mNNn,74,78,152,0.49
mNNs,42,35,77,0.55
mNPB,48,40,88,0.55
mNPD,6,3,9,0.67
mNPH,23,24,47,0.49
mNPI,5,7,12,0.42
mNPK,2,5,7,0.29
mNPL,19,22,41,0.46
mNPM,49,47,96,0.51
mNPN,66,95,161,0.41
mNPP,94,102,196,0.48
mNPS,52,49,101,0.51
mNPT,4,1,5,0.8
mNPb,52,45,97,0.54
mNPh,8,5,13,0.62
mNPl,26,23,49,0.53
mNPm,61,49,110,0.55
mNPn,71,70,141,0.5
mNPs,46,47,93,0.49
mNSB,22,25,47,0.47
mNSD,4,8,12,0.33
mNSH,10,13,23,0.43
mNSI,2,0,2,1.0
mNSK,0,1,1,0.0
mNSL,8,12,20,0.4
mNSM,29,26,55,0.53
mNSN,21,34,55,0.38
mNSP,40,42,82,0.49
mNSS,39,25,64,0.61
mNST,7,4,11,0.64
mNSb,23,25,48,0.48
mNSh,24,21,45,0.53
mNSl,11,10,21,0.52
mNSm,31,25,56,0.55
mNSn,38,48,86,0.44
mNSs,37,25,62,0.6
mNTB,6,8,14,0.43
mNTD,2,1,3,0.67
mNTH,4,9,13,0.31
mNTL,5,3,8,0.62
mNTM,6,6,12,0.5
mNTN,11,5,16,0.69
mNTP,10,12,22,0.45
mNTS,9,5,14,0.64
mNTT,0,4,4,0.0
mNTb,8,7,15,0.53
mNTh,1,0,1,1.0
mNTl,2,1,3,0.67
mNTm,8,10,18,0.44
mNTn,9,4,13,0.69
mNTs,4,4,8,0.5
mNbB,28,19,47,0.6
mNbD,4,3,7,0.57
mNbH,5,12,17,0.29
mNbI,4,3,7,0.57
mNbJ,8,6,14,0.57
mNbK,3,0,3,1.0
mNbL,18,5,23,0.78
mNbM,26,45,71,0.37
mNbN,53,46,99,0.54
mNbP,46,45,91,0.51
mNbS,12,22,34,0.35
mNbb,30,39,69,0.43
mNbl,5,5,10,0.5
mNbm,25,19,44,0.57
mNbn,34,36,70,0.49
mNbs,23,16,39,0.59
mNhB,11,8,19,0.58
mNhD,0,2,2,0.0
mNhH,5,0,5,1.0
mNhI,1,0,1,1.0
mNhK,0,1,1,0.0
mNhL,2,2,4,0.5
mNhM,7,8,15,0.47
mNhN,9,15,24,0.38
mNhP,18,16,34,0.53
mNhS,11,12,23,0.48
mNhT,1,1,2,0.5
mNhb,14,10,24,0.58
mNhh,11,9,20,0.55
mNhl,2,2,4,0.5
mNhm,9,4,13,0.69
mNhn,10,16,26,0.38
mNhs,12,9,21,0.57
mNlB,9,9,18,0.5
mNlD,0,1,1,0.0
mNlH,4,3,7,0.57
mNlI,0,2,2,0.0
mNlJ,2,8,10,0.2
mNlL,2,4,6,0.33
mNlM,8,14,22,0.36
mNlN,17,18,35,0.49
mNlP,17,13,30,0.57
mNlS,8,9,17,0.47
mNlb,15,16,31,0.48
mNll,4,9,13,0.31
mNlm,5,13,18,0.28
mNln,17,20,37,0.46
mNls,7,7,14,0.5
mNmB,34,28,62,0.55
mNmD,9,8,17,0.53
mNmH,36,28,64,0.56
mNmI,2,3,5,0.4
mNmJ,10,4,14,0.71
mNmK,1,1,2,0.5
mNmL,7,9,16,0.44
mNmM,31,30,61,0.51
mNmN,43,46,89,0.48
mNmP,46,34,80,0.57
mNmS,18,22,40,0.45
mNmT,0,0,0,
mNmb,37,28,65,0.57
mNml,6,11,17,0.35
mNmm,19,20,39,0.49
mNmn,38,37,75,0.51
mNms,9,16,25,0.36
mNnB,43,42,85,0.51
mNnD,16,12,28,0.57
mNnH,30,29,59,0.51
mNnI,9,9,18,0.5
mNnK,0,5,5,0.0
mNnL,20,22,42,0.48
mNnM,45,60,105,0.43
mNnN,79,105,184,0.43
mNnP,71,76,147,0.48
mNnS,41,45,86,0.48
mNnT,0,1,1,0.0
mNnb,45,47,92,0.49
mNnh,2,3,5,0.4
mNnl,13,11,24,0.54
mNnm,59,46,105,0.56
mNnn,58,79,137,0.42
mNns,52,36,88,0.59
mNsB,19,18,37,0.51
mNsD,6,1,7,0.86
mNsH,18,36,54,0.33
mNsI,0,4,4,0.0
mNsL,5,9,14,0.36
mNsM,21,25,46,0.46
mNsN,28,35,63,0.44
mNsP,25,39,64,0.39
mNsS,29,41,70,0.41
mNsb,18,14,32,0.56
mNsh,2,3,5,0.4
mNsl,7,8,15,0.47
mNsm,22,28,50,0.44
mNsn,37,31,68,0.54
mNss,30,19,49,0.61
mPBB,26,26,52,0.5
mPBD,1,6,7,0.14
mPBK,1,3,4,0.25
mPBL,10,16,26,0.38
mPBM,38,27,65,0.58
mPBN,33,47,80,0.41
mPBP,46,45,91,0.51
mPBS,23,14,37,0.62
mPBT,3,1,4,0.75
mPBb,37,27,64,0.58
mPBh,4,5,9,0.44
mPBj,8,9,17,0.47
mPBl,15,12,27,0.56
mPBm,49,37,86,0.57
mPBn,45,32,77,0.58
mPBs,19,16,35,0.54
mPDB,2,2,4,0.5
mPDD,2,1,3,0.67
mPDH,4,2,6,0.67
mPDM,5,5,10,0.5
mPDN,8,8,16,0.5
mPDP,6,6,12,0.5
mPDS,0,8,8,0.0
mPDT,0,1,1,0.0
mPDb,5,3,8,0.62
mPDl,6,2,8,0.75
mPDm,4,4,8,0.5
mPDn,1,5,6,0.17
mPDs,3,4,7,0.43
mPHB,8,8,16,0.5
mPHH,1,3,4,0.25
mPHI,3,0,3,1.0
mPHK,1,2,3,0.33
mPHL,6,3,9,0.67
mPHM,14,12,26,0.54
mPHN,12,10,22,0.55
mPHP,11,17,28,0.39
mPHS,10,9,19,0.53
mPHb,7,6,13,0.54
mPHh,5,5,10,0.5
mPHl,4,2,6,0.67
mPHm,11,13,24,0.46
mPHn,14,8,22,0.64
mPHs,10,7,17,0.59
mPIB,3,2,5,0.6
mPID,0,2,2,0.0
mPIH,3,6,9,0.33
mPIL,3,2,5,0.6
mPIM,1,2,3,0.33
mPIN,2,8,10,0.2
mPIP,0,6,6,0.0
mPIS,3,2,5,0.6
mPIb,0,2,2,0.0
mPIl,1,1,2,0.5
mPIm,6,3,9,0.67
mPIn,5,2,7,0.71
mPIs,2,1,3,0.67
mPKB,3,1,4,0.75
mPKD,0,1,1,0.0
mPKH,1,0,1,1.0
mPKI,1,1,2,0.5
mPKL,2,0,2,1.0
mPKM,3,5,8,0.38
mPKN,5,5,10,0.5
mPKP,7,2,9,0.78
mPKS,3,1,4,0.75
mPKT,1,0,1,1.0
mPKb,3,4,7,0.43
mPKh,3,2,5,0.6
mPKl,1,3,4,0.25
mPKm,3,4,7,0.43
mPKn,12,2,14,0.86
mPKs,3,2,5,0.6
mPLB,13,8,21,0.62
mPLD,2,1,3,0.67
mPLK,0,2,2,0.0
mPLL,8,9,17,0.47
mPLM,15,16,31,0.48
mPLN,13,18,31,0.42
mPLP,24,18,42,0.57
mPLS,13,13,26,0.5
mPLT,1,2,3,0.33
mPLb,16,16,32,0.5
mPLh,8,8,16,0.5
mPLj,9,10,19,0.47
mPLl,3,8,11,0.27
mPLm,18,15,33,0.55
mPLn,19,23,42,0.45
mPLs,16,8,24,0.67
mPMB,25,30,55,0.45
mPMD,12,6,18,0.67
mPMH,1,0,1,1.0
mPMI,1,0,1,1.0
mPMK,0,0,0,
mPML,14,13,27,0.52
mPMM,25,43,68,0.37
mPMN,30,47,77,0.39
mPMP,59,43,102,0.58
mPMS,18,24,42,0.43
mPMT,2,3,5,0.4
mPMb,36,48,84,0.43
mPMh,50,39,89,0.56
mPMj,15,8,23,0.65
mPMl,20,28,48,0.42
mPMm,42,44,86,0.49
mPMn,46,66,112,0.41
mPMs,20,28,48,0.42
mPNB,31,30,61,0.51
mPND,5,3,8,0.62
mPNH,6,12,18,0.33
mPNK,2,1,3,0.67
mPNL,10,22,32,0.31
mPNM,57,60,117,0.49
mPNN,52,59,111,0.47
mPNP,64,88,152,0.42
mPNS,28,39,67,0.42
mPNT,6,10,16,0.38
mPNb,47,50,97,0.48
mPNh,9,9,18,0.5
mPNl,12,20,32,0.38
mPNm,50,25,75,0.67
mPNn,56,50,106,0.53
mPNs,36,26,62,0.58
mPPB,57,61,118,0.48
mPPD,7,2,9,0.78
mPPH,17,15,32,0.53
mPPI,5,4,9,0.56
mPPK,10,8,18,0.56
mPPL,31,40,71,0.44
mPPM,64,73,137,0.47
mPPN,59,63,122,0.48
mPPP,88,118,206,0.43
mPPS,44,48,92,0.48
mPPT,8,8,16,0.5
mPPb,71,58,129,0.55
mPPh,5,14,19,0.26
mPPl,38,28,66,0.58
mPPm,81,67,148,0.55
mPPn,58,46,104,0.56
mPPs,51,41,92,0.55
mPSB,15,30,45,0.33
mPSD,2,4,6,0.33
mPSH,12,18,30,0.4
mPSI,0,1,1,0.0
mPSK,1,2,3,0.33
mPSL,11,10,21,0.52
mPSM,21,23,44,0.48
mPSN,28,36,64,0.44
mPSP,44,27,71,0.62
mPSS,29,27,56,0.52
mPST,7,3,10,0.7
mPSb,23,24,47,0.49
mPSh,11,24,35,0.31
mPSl,7,16,23,0.3
mPSm,28,23,51,0.55
mPSn,31,32,63,0.49
mPSs,20,21,41,0.49
mPTB,5,3,8,0.62
mPTD,1,1,2,0.5
mPTH,4,3,7,0.57
mPTK,1,1,2,0.5
mPTL,2,6,8,0.25
mPTM,5,6,11,0.45
mPTN,3,4,7,0.43
mPTP,3,4,7,0.43
mPTS,4,4,8,0.5
mPTT,0,1,1,0.0
mPTb,7,3,10,0.7
mPTl,2,0,2,1.0
mPTm,6,4,10,0.6
mPTn,7,0,7,1.0
mPTs,8,3,11,0.73
mPbB,39,43,82,0.48
mPbD,3,6,9,0.33
mPbH,18,14,32,0.56
mPbI,5,3,8,0.62
mPbJ,11,7,18,0.61
mPbK,2,3,5,0.4
mPbL,14,9,23,0.61
mPbM,43,41,84,0.51
mPbN,56,43,99,0.57
mPbP,53,55,108,0.49
mPbS,20,18,38,0.53
mPbb,50,55,105,0.48
mPbh,0,0,0,
mPbl,18,13,31,0.58
mPbm,40,36,76,0.53
mPbn,39,35,74,0.53
mPbs,16,18,34,0.47
mPhB,4,4,8,0.5
mPhD,1,1,2,0.5
mPhH,0,1,1,0.0
mPhI,1,1,2,0.5
mPhK,0,1,1,0.0
mPhL,1,3,4,0.25
mPhM,1,6,7,0.14
mPhN,4,6,10,0.4
mPhP,3,4,7,0.43
mPhS,4,5,9,0.44
mPhT,1,0,1,1.0
mPhb,6,5,11,0.55
mPhh,3,3,6,0.5
mPhl,2,2,4,0.5
mPhm,1,4,5,0.2
mPhn,3,7,10,0.3
mPhs,2,1,3,0.67
mPlB,8,18,26,0.31
mPlD,0,2,2,0.0
mPlH,3,6,9,0.33
mPlI,1,1,2,0.5
mPlJ,2,6,8,0.25
mPlL,3,9,12,0.25
mPlM,12,16,28,0.43
mPlN,13,16,29,0.45
mPlP,19,27,46,0.41
mPlS,16,10,26,0.62
mPlb,23,16,39,0.59
mPll,6,7,13,0.46
mPlm,23,13,36,0.64
mPln,18,16,34,0.53
mPls,8,8,16,0.5
mPmB,37,22,59,0.63
mPmD,11,4,15,0.73
mPmH,24,26,50,0.48
mPmI,2,3,5,0.4
mPmJ,13,13,26,0.5
mPmK,0,1,1,0.0
mPmL,20,12,32,0.62
mPmM,32,43,75,0.43
mPmN,47,42,89,0.53
mPmP,36,51,87,0.41
mPmS,23,21,44,0.52
mPmb,45,45,90,0.5
mPml,12,2,14,0.86
mPmm,35,29,64,0.55
mPmn,31,27,58,0.53
mPms,19,22,41,0.46
mPnB,34,30,64,0.53
mPnD,7,2,9,0.78
mPnH,22,20,42,0.52
mPnI,3,10,13,0.23
mPnK,5,2,7,0.71
mPnL,20,20,40,0.5
mPnM,53,53,106,0.5
mPnN,70,45,115,0.61
mPnP,69,66,135,0.51
mPnS,32,33,65,0.49
mPnT,3,0,3,1.0
mPnb,40,47,87,0.46
mPnh,1,1,2,0.5
mPnl,22,12,34,0.65
mPnm,34,35,69,0.49
mPnn,61,46,107,0.57
mPns,38,24,62,0.61
mPsB,18,20,38,0.47
mPsD,4,5,9,0.44
mPsH,21,28,49,0.43
mPsI,2,0,2,1.0
mPsK,0,0,0,
mPsL,8,8,16,0.5
mPsM,30,28,58,0.52
mPsN,32,23,55,0.58
mPsP,29,31,60,0.48
mPsS,25,43,68,0.37
mPsT,1,0,1,1.0
mPsb,16,22,38,0.42
mPsh,0,3,3,0.0
mPsl,9,12,21,0.43
mPsm,21,16,37,0.57
mPsn,18,25,43,0.42
mPss,14,25,39,0.36
mSBB,9,7,16,0.56
mSBD,0,0,0,
mSBH,0,1,1,0.0
mSBK,3,1,4,0.75
mSBL,7,6,13,0.54
mSBM,11,7,18,0.61
mSBN,14,17,31,0.45
mSBP,23,21,44,0.52
mSBS,14,7,21,0.67
mSBT,1,3,4,0.25
mSBb,18,14,32,0.56
mSBh,3,4,7,0.43
mSBj,5,9,14,0.36
mSBl,9,4,13,0.69
mSBm,19,15,34,0.56
mSBn,27,28,55,0.49
mSBs,9,7,16,0.56
mSDB,7,0,7,1.0
mSDD,1,1,2,0.5
mSDH,3,5,8,0.38
mSDL,2,0,2,1.0
mSDM,4,7,11,0.36
mSDN,1,3,4,0.25
mSDP,3,4,7,0.43
mSDS,8,8,16,0.5
mSDT,0,1,1,0.0
mSDb,0,2,2,0.0
mSDm,4,4,8,0.5
mSDn,5,5,10,0.5
mSDs,4,0,4,1.0
mSHB,3,5,8,0.38
mSHD,2,1,3,0.67
mSHH,2,2,4,0.5
mSHI,0,1,1,0.0
mSHK,0,3,3,0.0
mSHL,4,1,5,0.8
mSHM,6,10,16,0.38
mSHN,3,8,11,0.27
mSHP,13,5,18,0.72
mSHS,10,10,20,0.5
mSHb,7,7,14,0.5
mSHh,4,5,9,0.44
mSHl,7,6,13,0.54
mSHm,5,13,18,0.28
mSHn,9,7,16,0.56
mSHs,5,4,9,0.56
mSIH,0,3,3,0.0
mSIM,0,0,0,
mSIN,0,1,1,0.0
mSIS,0,2,2,0.0
mSIb,0,2,2,0.0
mSIm,1,0,1,1.0
mSIn,0,0,0,
mSIs,2,0,2,1.0
mSKB,1,0,1,1.0
mSKH,1,0,1,1.0
mSKL,1,0,1,1.0
mSKM,3,0,3,1.0
mSKP,0,2,2,0.0
mSKn,0,1,1,0.0
mSLB,6,6,12,0.5
mSLD,0,0,0,
mSLK,0,0,0,
mSLL,1,1,2,0.5
mSLM,8,5,13,0.62
mSLN,9,4,13,0.69
mSLP,7,9,16,0.44
mSLS,6,7,13,0.46
mSLT,2,1,3,0.67
mSLb,4,4,8,0.5
mSLh,1,2,3,0.33
mSLj,2,3,5,0.4
mSLl,6,4,10,0.6
mSLm,5,4,9,0.56
mSLn,8,4,12,0.67
mSLs,4,6,10,0.4
mSMB,18,19,37,0.49
mSMD,2,6,8,0.25
mSML,7,6,13,0.54
mSMM,21,21,42,0.5
mSMN,18,25,43,0.42
mSMP,30,23,53,0.57
mSMS,18,21,39,0.46
mSMT,2,2,4,0.5
mSMb,25,20,45,0.56
mSMh,10,19,29,0.34
mSMj,1,10,11,0.09
mSMl,12,5,17,0.71
mSMm,20,15,35,0.57
mSMn,38,36,74,0.51
mSMs,7,16,23,0.3
mSNB,18,13,31,0.58
mSND,3,4,7,0.43
mSNH,3,1,4,0.75
mSNK,4,2,6,0.67
mSNL,5,7,12,0.42
mSNM,24,22,46,0.52
mSNN,24,26,50,0.48
mSNP,36,24,60,0.6
mSNS,20,27,47,0.43
mSNT,7,2,9,0.78
mSNb,12,12,24,0.5
mSNh,5,9,14,0.36
mSNl,5,13,18,0.28
mSNm,23,15,38,0.61
mSNn,26,33,59,0.44
mSNs,21,16,37,0.57
mSPB,27,20,47,0.57
mSPD,1,3,4,0.25
mSPH,4,11,15,0.27
mSPI,2,1,3,0.67
mSPK,1,4,5,0.2
mSPL,12,12,24,0.5
mSPM,30,33,63,0.48
mSPN,35,20,55,0.64
mSPP,40,44,84,0.48
mSPS,24,29,53,0.45
mSPT,10,3,13,0.77
mSPb,27,27,54,0.5
mSPh,4,4,8,0.5
mSPl,12,7,19,0.63
mSPm,20,18,38,0.53
mSPn,35,26,61,0.57
mSPs,19,24,43,0.44
mSSB,15,18,33,0.45
mSSD,8,4,12,0.67
mSSH,5,15,20,0.25
mSSI,3,2,5,0.6
mSSK,0,1,1,0.0
mSSL,5,7,12,0.42
mSSM,22,24,46,0.48
mSSN,22,20,42,0.52
mSSP,38,21,59,0.64
mSSS,26,34,60,0.43
mSST,5,3,8,0.62
mSSb,23,12,35,0.66
mSSh,14,11,25,0.56
mSSl,4,12,16,0.25
mSSm,17,24,41,0.41
mSSn,23,22,45,0.51
mSSs,34,30,64,0.53
mSTB,7,7,14,0.5
mSTH,0,4,4,0.0
mSTI,1,1,2,0.5
mSTK,0,1,1,0.0
mSTL,3,4,7,0.43
mSTM,3,8,11,0.27
mSTN,9,10,19,0.47
mSTP,5,2,7,0.71
mSTS,3,5,8,0.38
mSTT,2,0,2,1.0
mSTb,2,2,4,0.5
mSTl,2,4,6,0.33
mSTm,9,4,13,0.69
mSTn,3,3,6,0.5
mSTs,6,0,6,1.0
mSbB,17,10,27,0.63
mSbD,2,0,2,1.0
mSbH,4,8,12,0.33
mSbI,4,2,6,0.67
mSbJ,5,7,12,0.42
mSbK,3,0,3,1.0
mSbL,7,6,13,0.54
mSbM,14,28,42,0.33
mSbN,28,29,57,0.49
mSbP,23,29,52,0.44
mSbS,10,24,34,0.29
mSbb,20,15,35,0.57
mSbl,11,3,14,0.79
mSbm,14,9,23,0.61
mSbn,18,18,36,0.5
mSbs,10,13,23,0.43
mShB,7,9,16,0.44
mShD,3,2,5,0.6
mShH,2,4,6,0.33
mShI,0,1,1,0.0
mShL,2,3,5,0.4
mShM,11,17,28,0.39
mShN,5,15,20,0.25
mShP,11,12,23,0.48
mShS,11,6,17,0.65
mShT,0,1,1,0.0
mShb,13,13,26,0.5
mShh,15,10,25,0.6
mShl,8,4,12,0.67
mShm,18,11,29,0.62
mShn,17,19,36,0.47
mShs,12,12,24,0.5
mSlB,4,5,9,0.44
mSlD,2,1,3,0.67
mSlH,2,6,8,0.25
mSlI,0,0,0,
mSlJ,3,1,4,0.75
mSlK,0,0,0,
mSlL,8,3,11,0.73
mSlM,7,10,17,0.41
mSlN,11,8,19,0.58
mSlP,12,5,17,0.71
mSlS,7,8,15,0.47
mSlb,10,6,16,0.62
mSll,6,3,9,0.67
mSlm,2,5,7,0.29
mSln,6,8,14,0.43
mSls,2,5,7,0.29
mSmB,17,16,33,0.52
mSmD,4,7,11,0.36
mSmH,25,13,38,0.66
mSmI,4,3,7,0.57
mSmJ,3,2,5,0.6
mSmK,0,1,1,0.0
mSmL,5,8,13,0.38
mSmM,18,27,45,0.4
mSmN,21,26,47,0.45
mSmP,24,19,43,0.56
mSmS,13,26,39,0.33
mSmT,1,0,1,1.0
mSmb,25,20,45,0.56
mSml,5,6,11,0.45
mSmm,20,16,36,0.56
mSmn,22,23,45,0.49
mSms,17,7,24,0.71
mSnB,12,19,31,0.39
mSnD,7,1,8,0.88
mSnH,15,18,33,0.45
mSnI,1,3,4,0.25
mSnK,0,2,2,0.0
mSnL,7,6,13,0.54
mSnM,20,23,43,0.47
mSnN,43,30,73,0.59
mSnP,36,42,78,0.46
mSnS,28,22,50,0.56
mSnb,24,22,46,0.52
mSnh,0,1,1,0.0
mSnl,11,8,19,0.58
mSnm,21,23,44,0.48
mSnn,31,28,59,0.53
mSns,25,19,44,0.57
mSsB,12,15,27,0.44
mSsD,5,1,6,0.83
mSsH,19,18,37,0.51
mSsI,6,3,9,0.67
mSsK,1,1,2,0.5
mSsL,8,7,15,0.53
mSsM,19,24,43,0.44
mSsN,21,33,54,0.39
mSsP,29,30,59,0.49
mSsS,31,25,56,0.55
mSsT,1,0,1,1.0
mSsb,21,22,43,0.49
mSsh,0,3,3,0.0
mSsl,6,8,14,0.43
mSsm,22,14,36,0.61
mSsn,21,18,39,0.54
mSss,27,31,58,0.47
mTBP,1,0,1,1.0
mTBS,1,0,1,1.0
mTDn,0,0,0,
mTMM,1,0,1,1.0
mTNB,0,0,0,
mTNM,1,0,1,1.0
mTPn,1,0,1,1.0
mTSM,0,0,0,
mTSm,0,0,0,
mTTM,0,1,1,0.0
mTTb,0,1,1,0.0
mTbB,0,0,0,
mTbH,0,1,1,0.0
mTbM,1,0,1,1.0
mbBB,26,19,45,0.58
mbBD,0,6,6,0.0
mbBH,0,0,0,
mbBK,2,3,5,0.4
mbBL,11,8,19,0.58
mbBM,26,40,66,0.39
mbBN,44,40,84,0.52
mbBP,42,37,79,0.53
mbBS,15,15,30,0.5
mbBT,4,5,9,0.44
mbBb,29,30,59,0.49
mbBh,3,6,9,0.33
mbBj,15,19,34,0.44
mbBl,14,10,24,0.58
mbBm,34,23,57,0.6
mbBn,44,51,95,0.46
mbBs,21,11,32,0.66
mbDB,4,3,7,0.57
mbDD,0,0,0,
mbDH,5,3,8,0.62
mbDI,0,1,1,0.0
mbDK,0,1,1,0.0
mbDL,3,3,6,0.5
mbDM,3,2,5,0.6
mbDN,1,1,2,0.5
mbDP,4,2,6,0.67
mbDS,2,4,6,0.33
mbDT,2,0,2,1.0
mbDb,3,3,6,0.5
mbDm,3,3,6,0.5
mbDn,3,2,5,0.6
mbDs,5,2,7,0.71
mbHB,8,8,16,0.5
mbHD,1,2,3,0.33
mbHH,2,0,2,1.0
mbHI,2,1,3,0.67
mbHK,0,2,2,0.0
mbHL,3,5,8,0.38
mbHM,6,10,16,0.38
mbHN,13,8,21,0.62
mbHP,13,11,24,0.54
mbHS,6,7,13,0.46
mbHT,0,1,1,0.0
mbHb,13,1,14,0.93
mbHh,3,0,3,1.0
mbHl,2,1,3,0.67
mbHm,9,5,14,0.64
mbHn,4,8,12,0.33
mbHs,3,8,11,0.27
mbIB,3,0,3,1.0
mbID,1,2,3,0.33
mbIH,1,2,3,0.33
mbII,0,1,1,0.0
mbIL,4,1,5,0.8
mbIM,8,2,10,0.8
mbIN,8,4,12,0.67
mbIP,4,4,8,0.5
mbIS,2,4,6,0.33
mbIb,7,1,8,0.88
mbIl,2,1,3,0.67
mbIm,3,1,4,0.75
mbIn,3,0,3,1.0
mbIs,1,2,3,0.33
mbJB,14,10,24,0.58
mbJD,1,0,1,1.0
mbJH,1,4,5,0.2
mbJI,1,0,1,1.0
mbJK,2,3,5,0.4
mbJL,5,4,9,0.56
mbJM,8,8,16,0.5
mbJN,11,13,24,0.46
mbJP,15,17,32,0.47
mbJS,6,11,17,0.35
mbJT,1,2,3,0.33
mbJb,12,11,23,0.52
mbJh,4,2,6,0.67
mbJl,4,4,8,0.5
mbJm,9,10,19,0.47
mbJn,7,14,21,0.33
mbJs,1,3,4,0.25
mbKB,1,0,1,1.0
mbKD,1,1,2,0.5
mbKI,2,0,2,1.0
mbKL,0,2,2,0.0
mbKM,6,7,13,0.46
mbKN,1,2,3,0.33
mbKP,5,2,7,0.71
mbKS,4,2,6,0.67
mbKb,2,2,4,0.5
mbKh,3,3,6,0.5
mbKm,6,2,8,0.75
mbKn,3,4,7,0.43
mbKs,0,1,1,0.0
mbLB,9,13,22,0.41
mbLD,1,1,2,0.5
mbLH,0,0,0,
mbLK,0,1,1,0.0
mbLL,4,3,7,0.57
mbLM,14,12,26,0.54
mbLN,9,6,15,0.6
mbLP,9,16,25,0.36
mbLS,6,3,9,0.67
mbLT,2,0,2,1.0
mbLb,2,11,13,0.15
mbLh,6,8,14,0.43
mbLj,4,6,10,0.4
mbLl,6,6,12,0.5
mbLm,9,14,23,0.39
mbLn,21,18,39,0.54
mbLs,5,8,13,0.38
mbMB,34,26,60,0.57
mbMD,2,5,7,0.29
mbMH,1,0,1,1.0
mbMK,1,0,1,1.0
mbML,8,6,14,0.57
mbMM,34,41,75,0.45
mbMN,36,42,78,0.46
mbMP,36,39,75,0.48
mbMS,18,29,47,0.38
mbMT,3,4,7,0.43
mbMb,42,39,81,0.52
mbMh,22,25,47,0.47
mbMj,8,10,18,0.44
mbMl,18,8,26,0.69
mbMm,26,19,45,0.58
mbMn,52,48,100,0.52
mbMs,17,14,31,0.55
mbNB,32,33,65,0.49
mbND,5,4,9,0.56
mbNH,4,8,12,0.33
mbNK,5,1,6,0.83
mbNL,13,13,26,0.5
mbNM,51,44,95,0.54
mbNN,58,51,109,0.53
mbNP,65,66,131,0.5
mbNS,21,24,45,0.47
mbNT,8,11,19,0.42
mbNb,45,38,83,0.54
mbNh,15,17,32,0.47
mbNl,19,14,33,0.58
mbNm,41,33,74,0.55
mbNn,67,34,101,0.66
mbNs,22,24,46,0.48
mbPB,45,35,80,0.56
mbPD,3,4,7,0.43
mbPH,13,17,30,0.43
mbPI,3,0,3,1.0
mbPK,7,6,13,0.54
mbPL,17,14,31,0.55
mbPM,37,56,93,0.4
mbPN,42,47,89,0.47
mbPP,80,61,141,0.57
mbPS,26,25,51,0.51
mbPT,4,4,8,0.5
mbPb,47,38,85,0.55
mbPh,3,7,10,0.3
mbPl,20,16,36,0.56
mbPm,42,30,72,0.58
mbPn,52,43,95,0.55
mbPs,25,17,42,0.6
mbSB,9,6,15,0.6
mbSD,2,3,5,0.4
mbSH,11,6,17,0.65
mbSI,1,0,1,1.0
mbSK,1,0,1,1.0
mbSL,4,6,10,0.4
mbSM,15,14,29,0.52
mbSN,15,16,31,0.48
mbSP,21,14,35,0.6
mbSS,21,15,36,0.58
mbST,3,2,5,0.6
mbSb,14,11,25,0.56
mbSh,13,6,19,0.68
mbSl,5,4,9,0.56
mbSm,11,15,26,0.42
mbSn,18,17,35,0.51
mbSs,10,12,22,0.45
mbTH,0,1,1,0.0
mbbB,51,50,101,0.5
mbbD,5,1,6,0.83
mbbH,9,5,14,0.64
mbbI,7,1,8,0.88
mbbJ,7,10,17,0.41
mbbK,4,5,9,0.44
mbbL,11,7,18,0.61
mbbM,39,53,92,0.42
mbbN,59,38,97,0.61
mbbP,54,37,91,0.59
mbbS,19,16,35,0.54
mbbb,45,40,85,0.53
mbbl,15,3,18,0.83
mbbm,32,20,52,0.62
mbbn,37,40,77,0.48
mbbs,12,11,23,0.52
mblB,15,10,25,0.6
mblH,12,3,15,0.8
mblI,4,1,5,0.8
mblJ,2,3,5,0.4
mblK,0,1,1,0.0
mblL,3,6,9,0.33
mblM,13,7,20,0.65
mblN,10,5,15,0.67
mblP,21,7,28,0.75
mblS,6,4,10,0.6
mblb,14,12,26,0.54
mbll,4,5,9,0.44
mblm,11,3,14,0.79
mbln,8,6,14,0.57
mbls,5,3,8,0.62
mbmB,24,30,54,0.44
mbmD,3,1,4,0.75
mbmH,17,16,33,0.52
mbmI,2,2,4,0.5
mbmJ,4,3,7,0.57
mbmL,11,10,21,0.52
mbmM,21,31,52,0.4
mbmN,38,32,70,0.54
mbmP,31,23,54,0.57
mbmS,20,14,34,0.59
mbmb,34,23,57,0.6
mbml,5,6,11,0.45
mbmm,16,12,28,0.57
mbmn,31,27,58,0.53
mbms,9,9,18,0.5
mbnB,26,24,50,0.52
mbnD,1,2,3,0.33
mbnH,16,21,37,0.43
mbnI,4,2,6,0.67
mbnK,3,1,4,0.75
mbnL,13,12,25,0.52
mbnM,38,34,72,0.53
mbnN,62,45,107,0.58
mbnP,64,50,114,0.56
mbnS,20,18,38,0.53
mbnT,0,1,1,0.0
mbnb,42,31,73,0.58
mbnh,0,0,0,
mbnl,11,8,19,0.58
mbnm,27,16,43,0.63
mbnn,44,39,83,0.53
mbns,17,19,36,0.47
mbsB,7,11,18,0.39
mbsD,0,2,2,0.0
mbsH,14,12,26,0.54
mbsI,1,3,4,0.25
mbsL,7,2,9,0.78
mbsM,10,11,21,0.48
mbsN,12,11,23,0.52
mbsP,15,20,35,0.43
mbsS,15,12,27,0.56
mbsb,10,9,19,0.53
mbsh,1,0,1,1.0
mbsl,6,6,12,0.5
mbsm,13,5,18,0.72
mbsn,8,10,18,0.44
mbss,6,6,12,0.5
mhBM,0,0,0,
mhBN,0,1,1,0.0
mhBS,0,1,1,0.0
mhBb,1,0,1,1.0
mhIL,1,0,1,1.0
mhIM,0,1,1,0.0
mhIP,1,0,1,1.0
mhIn,1,0,1,1.0
mhMm,0,1,1,0.0
mhMs,1,0,1,1.0
mhNI,1,0,1,1.0
mhNN,1,0,1,1.0
mhNP,1,0,1,1.0
mhPb,0,1,1,0.0
mhPm,1,1,2,0.5
mhSD,0,0,0,
mhSP,1,0,1,1.0
mhSS,1,0,1,1.0
mhSh,0,0,0,
mhSl,1,0,1,1.0
mhSn,1,0,1,1.0
mhbM,1,1,2,0.5
mhbN,1,0,1,1.0
mhbS,0,0,0,
mhbb,1,0,1,1.0
mhbm,0,1,1,0.0
mhhM,0,1,1,0.0
mhhP,1,0,1,1.0
mhhh,0,0,0,
mhhm,0,0,0,
mhlJ,0,0,0,
mhlM,0,1,1,0.0
mhmB,0,1,1,0.0
mhmN,0,2,2,0.0
mhmP,0,0,0,
mhmS,0,1,1,0.0
mhmb,1,0,1,1.0
mhnB,0,1,1,0.0
mhnN,1,0,1,1.0
mhnP,1,0,1,1.0
mhnS,1,0,1,1.0
mhnb,1,0,1,1.0
mhnl,1,0,1,1.0
mhnm,1,0,1,1.0
mhnn,0,1,1,0.0
mhsN,1,0,1,1.0
mhsS,0,2,2,0.0
mhsl,1,1,2,0.5
mhsm,0,1,1,0.0
mlBB,6,5,11,0.55
mlBH,0,1,1,0.0
mlBL,3,8,11,0.27
mlBM,8,11,19,0.42
mlBN,19,11,30,0.63
mlBP,12,16,28,0.43
mlBS,6,6,12,0.5
mlBT,1,0,1,1.0
mlBb,8,11,19,0.42
mlBh,0,1,1,0.0
mlBj,2,4,6,0.33
mlBl,5,1,6,0.83
mlBm,9,8,17,0.53
mlBn,15,15,30,0.5
mlBs,6,9,15,0.4
mlDB,0,1,1,0.0
mlDM,1,2,3,0.33
mlDN,0,1,1,0.0
mlDP,0,2,2,0.0
mlDS,0,2,2,0.0
mlDT,2,1,3,0.67
mlDb,1,0,1,1.0
mlDm,2,1,3,0.67
mlDn,1,1,2,0.5
mlHB,7,5,12,0.58
mlHD,1,0,1,1.0
mlHH,1,1,2,0.5
mlHI,1,1,2,0.5
mlHK,0,0,0,
mlHL,2,0,2,1.0
mlHM,2,6,8,0.25
mlHN,8,10,18,0.44
mlHP,7,11,18,0.39
mlHS,9,4,13,0.69
mlHT,1,0,1,1.0
mlHb,8,3,11,0.73
mlHh,1,2,3,0.33
mlHl,0,2,2,0.0
mlHm,3,3,6,0.5
mlHn,6,11,17,0.35
mlHs,2,3,5,0.4
mlIB,1,0,1,1.0
mlIH,1,0,1,1.0
mlII,0,0,0,
mlIL,0,1,1,0.0
mlIM,0,0,0,
mlIN,0,1,1,0.0
mlIP,0,2,2,0.0
mlIS,1,0,1,1.0
mlIb,2,0,2,1.0
mlIl,0,2,2,0.0
mlIm,1,0,1,1.0
mlIn,2,0,2,1.0
mlIs,1,1,2,0.5
mlJB,3,4,7,0.43
mlJH,1,4,5,0.2
mlJK,1,1,2,0.5
mlJL,2,2,4,0.5
mlJM,2,5,7,0.29
mlJN,1,3,4,0.25
mlJP,4,6,10,0.4
mlJS,4,2,6,0.67
mlJb,3,0,3,1.0
mlJl,0,2,2,0.0
mlJm,4,2,6,0.67
mlJn,4,2,6,0.67
mlJs,3,2,5,0.6
mlKB,0,1,1,0.0
mlKM,1,0,1,1.0
mlKS,0,1,1,0.0
mlKb,1,0,1,1.0
mlKh,0,1,1,0.0
mlKs,0,1,1,0.0
mlLB,2,4,6,0.33
mlLD,0,0,0,
mlLL,1,1,2,0.5
mlLM,0,10,10,0.0
mlLN,7,6,13,0.54
mlLP,3,6,9,0.33
mlLS,3,5,8,0.38
mlLT,0,1,1,0.0
mlLb,3,1,4,0.75
mlLh,1,3,4,0.25
mlLj,1,0,1,1.0
mlLl,2,3,5,0.4
mlLm,4,3,7,0.57
mlLn,8,3,11,0.73
mlLs,5,4,9,0.56
mlMB,7,10,17,0.41
mlMD,3,2,5,0.6
mlML,2,4,6,0.33
mlMM,10,15,25,0.4
mlMN,14,13,27,0.52
mlMP,18,10,28,0.64
mlMS,5,4,9,0.56
mlMT,1,1,2,0.5
mlMb,15,6,21,0.71
mlMh,13,7,20,0.65
mlMj,0,2,2,0.0
mlMl,9,5,14,0.64
mlMm,14,12,26,0.54
mlMn,14,9,23,0.61
mlMs,7,4,11,0.64
mlNB,5,8,13,0.38
mlND,2,1,3,0.67
mlNH,2,0,2,1.0
mlNK,1,0,1,1.0
mlNL,4,6,10,0.4
mlNM,19,13,32,0.59
mlNN,14,12,26,0.54
mlNP,27,30,57,0.47
mlNS,7,3,10,0.7
mlNT,1,3,4,0.25
mlNb,12,12,24,0.5
mlNh,3,2,5,0.6
mlNl,5,2,7,0.71
mlNm,12,6,18,0.67
mlNn,16,20,36,0.44
mlNs,5,10,15,0.33
mlPB,14,19,33,0.42
mlPH,3,3,6,0.5
mlPK,0,1,1,0.0
mlPL,8,4,12,0.67
mlPM,18,16,34,0.53
mlPN,13,8,21,0.62
mlPP,35,18,53,0.66
mlPS,7,9,16,0.44
mlPT,1,0,1,1.0
mlPb,11,13,24,0.46
mlPh,3,1,4,0.75
mlPl,9,5,14,0.64
mlPm,9,5,14,0.64
mlPn,13,21,34,0.38
mlPs,7,3,10,0.7
mlSB,7,8,15,0.47
mlSD,0,1,1,0.0
mlSH,1,2,3,0.33
mlSI,0,2,2,0.0
mlSL,2,4,6,0.33
mlSM,6,7,13,0.46
mlSN,9,13,22,0.41
mlSP,8,6,14,0.57
mlSS,5,6,11,0.45
mlST,3,0,3,1.0
mlSb,7,4,11,0.64
mlSh,4,7,11,0.36
mlSl,4,2,6,0.67
mlSm,5,4,9,0.56
mlSn,6,7,13,0.46
mlSs,6,10,16,0.38
mlbB,9,12,21,0.43
mlbD,1,1,2,0.5
mlbH,2,2,4,0.5
mlbI,0,2,2,0.0
mlbJ,4,4,8,0.5
mlbK,2,0,2,1.0
mlbL,9,5,14,0.64
mlbM,13,18,31,0.42
mlbN,10,12,22,0.45
mlbP,15,17,32,0.47
mlbS,5,6,11,0.45
mlbb,12,12,24,0.5
mlbl,4,2,6,0.67
mlbm,7,4,11,0.64
mlbn,16,10,26,0.62
mlbs,3,0,3,1.0
mlhB,0,1,1,0.0
mlhh,0,0,0,
mllB,4,4,8,0.5
mllH,1,2,3,0.33
mllJ,2,1,3,0.67
mllK,1,0,1,1.0
mllL,2,1,3,0.67
mllM,1,5,6,0.17
mllN,3,1,4,0.75
mllP,5,2,7,0.71
mllS,1,4,5,0.2
mllb,3,6,9,0.33
mlll,2,0,2,1.0
mllm,3,1,4,0.75
mlln,1,4,5,0.2
mlls,1,3,4,0.25
mlmB,10,8,18,0.56
mlmD,2,1,3,0.67
mlmH,6,4,10,0.6
mlmI,1,1,2,0.5
mlmJ,2,3,5,0.4
mlmL,2,2,4,0.5
mlmM,13,4,17,0.76
mlmN,11,12,23,0.48
mlmP,12,10,22,0.55
mlmS,1,6,7,0.14
mlmb,8,3,11,0.73
mlml,3,3,6,0.5
mlmm,8,6,14,0.57
mlmn,12,5,17,0.71
mlms,7,2,9,0.78
mlnB,6,5,11,0.55
mlnD,0,0,0,
mlnH,4,4,8,0.5
mlnI,2,0,2,1.0
mlnL,4,1,5,0.8
mlnM,8,11,19,0.42
mlnN,9,7,16,0.56
mlnP,16,13,29,0.55
mlnS,2,5,7,0.29
mlnb,7,4,11,0.64
mlnl,5,1,6,0.83
mlnm,11,12,23,0.48
mlnn,7,7,14,0.5
mlns,5,4,9,0.56
mlsB,2,3,5,0.4
mlsD,1,1,2,0.5
mlsH,2,1,3,0.67
mlsL,0,1,1,0.0
mlsM,7,6,13,0.54
mlsN,8,9,17,0.47
mlsP,4,6,10,0.4
mlsS,6,2,8,0.75
mlsb,3,1,4,0.75
mlsh,0,0,0,
mlsl,3,3,6,0.5
mlsm,8,3,11,0.73
mlsn,1,4,5,0.2
mlss,2,2,4,0.5
mmBB,29,22,51,0.57
mmBD,8,6,14,0.57
mmBH,0,0,0,
mmBI,1,0,1,1.0
mmBK,1,5,6,0.17
mmBL,8,7,15,0.53
mmBM,24,21,45,0.53
mmBN,35,40,75,0.47
mmBP,36,23,59,0.61
mmBS,18,23,41,0.44
mmBT,3,1,4,0.75
mmBb,28,15,43,0.65
mmBh,5,3,8,0.62
mmBj,3,6,9,0.33
mmBl,7,8,15,0.47
mmBm,29,27,56,0.52
mmBn,39,37,76,0.51
mmBs,10,9,19,0.53
mmDB,1,6,7,0.14
mmDD,5,3,8,0.62
mmDH,3,6,9,0.33
mmDI,1,0,1,1.0
mmDK,1,0,1,1.0
mmDL,2,0,2,1.0
mmDM,8,6,14,0.57
mmDN,8,3,11,0.73
mmDP,4,7,11,0.36
mmDS,9,5,14,0.64
mmDT,2,0,2,1.0
mmDb,2,5,7,0.29
mmDh,0,1,1,0.0
mmDl,1,1,2,0.5
mmDm,6,6,12,0.5
mmDn,2,2,4,0.5
mmDs,4,1,5,0.8
mmHB,15,18,33,0.45
mmHD,1,1,2,0.5
mmHH,2,3,5,0.4
mmHI,1,0,1,1.0
mmHK,1,1,2,0.5
mmHL,5,6,11,0.45
mmHM,17,29,46,0.37
mmHN,15,18,33,0.45
mmHP,32,31,63,0.51
mmHS,11,14,25,0.44
mmHT,2,1,3,0.67
mmHb,18,24,42,0.43
mmHh,4,7,11,0.36
mmHl,9,6,15,0.6
mmHm,18,18,36,0.5
mmHn,24,29,53,0.45
mmHs,7,11,18,0.39
mmIB,1,0,1,1.0
mmID,1,0,1,1.0
mmIL,1,0,1,1.0
mmIM,1,3,4,0.25
mmIN,4,1,5,0.8
mmIP,2,3,5,0.4
mmIS,2,1,3,0.67
mmIb,2,0,2,1.0
mmIl,0,1,1,0.0
mmIm,2,1,3,0.67
mmIn,3,4,7,0.43
mmIs,7,1,8,0.88
mmJB,5,4,9,0.56
mmJH,3,2,5,0.6
mmJI,2,0,2,1.0
mmJL,3,1,4,0.75
mmJM,6,8,14,0.43
mmJN,4,11,15,0.27
mmJP,4,12,16,0.25
mmJS,5,4,9,0.56
mmJT,1,1,2,0.5
mmJb,9,7,16,0.56
mmJl,5,2,7,0.71
mmJm,8,3,11,0.73
mmJn,2,9,11,0.18
mmJs,2,1,3,0.67
mmKH,0,0,0,
mmKI,0,0,0,
mmKM,1,2,3,0.33
mmKN,1,0,1,1.0
mmKP,0,1,1,0.0
mmKS,0,3,3,0.0
mmKT,1,0,1,1.0
mmKb,0,1,1,0.0
mmKh,0,1,1,0.0
mmKl,0,1,1,0.0
mmKm,0,1,1,0.0
mmLB,1,8,9,0.11
mmLD,2,1,3,0.67
mmLH,0,1,1,0.0
mmLK,0,3,3,0.0
mmLL,1,3,4,0.25
mmLM,9,10,19,0.47
mmLN,9,10,19,0.47
mmLP,13,6,19,0.68
mmLS,7,9,16,0.44
mmLT,0,2,2,0.0
mmLb,6,7,13,0.46
mmLh,5,11,16,0.31
mmLj,1,3,4,0.25
mmLl,3,4,7,0.43
mmLm,9,12,21,0.43
mmLn,10,10,20,0.5
mmLs,8,4,12,0.67
mmMB,15,29,44,0.34
mmMD,7,5,12,0.58
mmMK,0,1,1,0.0
mmML,0,9,9,0.0
mmMM,32,47,79,0.41
mmMN,29,24,53,0.55
mmMP,31,31,62,0.5
mmMS,13,22,35,0.37
mmMT,3,7,10,0.3
mmMb,12,26,38,0.32
mmMh,30,12,42,0.71
mmMj,11,11,22,0.5
mmMl,4,7,11,0.36
mmMm,26,24,50,0.52
mmMn,39,53,92,0.42
mmMs,26,19,45,0.58
mmNB,24,27,51,0.47
mmND,9,5,14,0.64
mmNH,5,6,11,0.45
mmNI,0,1,1,0.0
mmNK,7,3,10,0.7
mmNL,10,3,13,0.77
mmNM,20,35,55,0.36
mmNN,46,56,102,0.45
mmNP,45,51,96,0.47
mmNS,26,33,59,0.44
mmNT,6,4,10,0.6
mmNb,32,19,51,0.63
mmNh,6,9,15,0.4
mmNl,11,10,21,0.52
mmNm,34,34,68,0.5
mmNn,52,46,98,0.53
mmNs,26,21,47,0.55
mmPB,36,22,58,0.62
mmPD,5,5,10,0.5
mmPH,15,7,22,0.68
mmPI,5,1,6,0.83
mmPK,4,1,5,0.8
mmPL,13,10,23,0.57
mmPM,30,37,67,0.45
mmPN,45,35,80,0.56
mmPP,49,39,88,0.56
mmPS,28,21,49,0.57
mmPT,6,3,9,0.67
mmPb,31,33,64,0.48
mmPh,2,6,8,0.25
mmPl,9,15,24,0.38
mmPm,29,38,67,0.43
mmPn,38,31,69,0.55
mmPs,24,15,39,0.62
mmSB,7,14,21,0.33
mmSD,3,5,8,0.38
mmSH,10,7,17,0.59
mmSI,2,2,4,0.5
mmSL,6,3,9,0.67
mmSM,14,20,34,0.41
mmSN,18,21,39,0.46
mmSP,19,21,40,0.48
mmSS,21,13,34,0.62
mmST,6,4,10,0.6
mmSb,22,15,37,0.59
mmSh,12,9,21,0.57
mmSl,6,5,11,0.55
mmSm,15,15,30,0.5
mmSn,20,12,32,0.62
mmSs,11,12,23,0.48
mmTM,1,0,1,1.0
mmTN,1,0,1,1.0
mmbB,25,39,64,0.39
mmbD,3,1,4,0.75
mmbH,8,5,13,0.62
mmbI,6,2,8,0.75
mmbJ,6,7,13,0.46
mmbK,2,5,7,0.29
mmbL,8,4,12,0.67
mmbM,33,40,73,0.45
mmbN,46,47,93,0.49
mmbP,39,34,73,0.53
mmbS,7,13,20,0.35
mmbb,45,25,70,0.64
mmbl,6,9,15,0.4
mmbm,36,21,57,0.63
mmbn,29,35,64,0.45
mmbs,5,8,13,0.38
mmhB,1,0,1,1.0
mmhM,0,1,1,0.0
mmhP,0,1,1,0.0
mmhb,2,0,2,1.0
mmhh,0,0,0,
mmhm,0,1,1,0.0
mmhn,1,0,1,1.0
mmlB,9,8,17,0.53
mmlH,6,5,11,0.55
mmlJ,1,0,1,1.0
mmlL,3,3,6,0.5
mmlM,9,11,20,0.45
mmlN,9,6,15,0.6
mmlP,4,10,14,0.29
mmlS,4,3,7,0.57
mmlb,11,6,17,0.65
mmll,0,0,0,
mmlm,6,5,11,0.55
mmln,4,4,8,0.5
mmls,3,4,7,0.43
mmmB,32,28,60,0.53
mmmD,6,2,8,0.75
mmmH,19,16,35,0.54
mmmI,3,4,7,0.43
mmmJ,5,4,9,0.56
mmmK,2,0,2,1.0
mmmL,4,4,8,0.5
mmmM,27,28,55,0.49
mmmN,38,27,65,0.58
mmmP,30,25,55,0.55
mmmS,21,16,37,0.57
mmmb,21,19,40,0.52
mmml,7,4,11,0.64
mmmm,30,17,47,0.64
mmmn,30,18,48,0.62
mmms,14,5,19,0.74
mmnB,21,29,50,0.42
mmnD,5,2,7,0.71
mmnH,12,14,26,0.46
mmnI,3,2,5,0.6
mmnK,2,3,5,0.4
mmnL,9,8,17,0.53
mmnM,27,26,53,0.51
mmnN,48,41,89,0.54
mmnP,36,32,68,0.53
mmnS,20,13,33,0.61
mmnT,0,1,1,0.0
mmnb,35,25,60,0.58
mmnh,0,1,1,0.0
mmnl,7,6,13,0.54
mmnm,25,19,44,0.57
mmnn,36,24,60,0.6
mmns,24,11,35,0.69
mmsB,6,9,15,0.4
mmsD,3,3,6,0.5
mmsH,11,13,24,0.46
mmsI,3,1,4,0.75
mmsL,7,9,16,0.44
mmsM,11,15,26,0.42
mmsN,9,16,25,0.36
mmsP,11,12,23,0.48
mmsS,13,16,29,0.45
mmsT,1,0,1,1.0
mmsb,10,19,29,0.34
mmsl,2,3,5,0.4
mmsm,10,4,14,0.71
mmsn,8,8,16,0.5
mmss,8,9,17,0.47
mnBB,27,19,46,0.59
mnBD,7,7,14,0.5
mnBK,0,1,1,0.0
mnBL,5,7,12,0.42
mnBM,17,28,45,0.38
mnBN,25,27,52,0.48
mnBP,32,26,58,0.55
mnBS,21,21,42,0.5
mnBT,4,2,6,0.67
mnBb,26,27,53,0.49
mnBh,2,2,4,0.5
mnBj,12,10,22,0.55
mnBl,12,7,19,0.63
mnBm,23,26,49,0.47
mnBn,44,25,69,0.64
mnBs,14,16,30,0.47
mnDB,2,3,5,0.4
mnDD,0,6,6,0.0
mnDH,4,4,8,0.5
mnDL,2,1,3,0.67
mnDM,7,2,9,0.78
mnDN,4,2,6,0.67
mnDP,10,4,14,0.71
mnDS,5,4,9,0.56
mnDb,4,5,9,0.44
mnDl,2,0,2,1.0
mnDm,3,4,7,0.43
mnDn,4,3,7,0.57
mnDs,1,5,6,0.17
mnHB,14,17,31,0.45
mnHD,4,3,7,0.57
mnHH,7,4,11,0.64
mnHI,3,2,5,0.6
mnHK,2,1,3,0.67
mnHL,7,3,10,0.7
mnHM,10,14,24,0.42
mnHN,21,22,43,0.49
mnHP,31,18,49,0.63
mnHS,8,16,24,0.33
mnHT,1,1,2,0.5
mnHb,11,9,20,0.55
mnHh,9,15,24,0.38
mnHl,4,3,7,0.57
mnHm,10,13,23,0.43
mnHn,26,11,37,0.7
mnHs,16,12,28,0.57
mnIB,8,6,14,0.57
mnID,1,0,1,1.0
mnIH,4,3,7,0.57
mnII,1,0,1,1.0
mnIL,1,0,1,1.0
mnIM,3,4,7,0.43
mnIN,5,4,9,0.56
mnIP,8,4,12,0.67
mnIS,5,8,13,0.38
mnIT,2,0,2,1.0
mnIb,0,5,5,0.0
mnIl,0,1,1,0.0
mnIm,1,1,2,0.5
mnIn,3,11,14,0.21
mnIs,0,4,4,0.0
mnKB,1,2,3,0.33
mnKD,2,1,3,0.67
mnKI,1,0,1,1.0
mnKL,2,0,2,1.0
mnKM,1,5,6,0.17
mnKN,2,2,4,0.5
mnKP,2,1,3,0.67
mnKS,1,2,3,0.33
mnKb,2,0,2,1.0
mnKh,3,2,5,0.6
mnKl,2,0,2,1.0
mnKm,3,0,3,1.0
mnKn,4,3,7,0.57
mnKs,1,0,1,1.0
mnLB,5,11,16,0.31
mnLD,1,0,1,1.0
mnLK,0,1,1,0.0
mnLL,3,6,9,0.33
mnLM,9,5,14,0.64
mnLN,14,11,25,0.56
mnLP,14,12,26,0.54
mnLS,5,5,10,0.5
mnLT,0,4,4,0.0
mnLb,14,6,20,0.7
mnLh,3,6,9,0.33
mnLj,4,2,6,0.67
mnLl,1,2,3,0.33
mnLm,7,3,10,0.7
mnLn,9,11,20,0.45
mnLs,4,9,13,0.31
mnMB,26,34,60,0.43
mnMD,2,4,6,0.33
mnML,4,10,14,0.29
mnMM,29,26,55,0.53
mnMN,30,39,69,0.43
mnMP,43,33,76,0.57
mnMS,23,22,45,0.51
mnMT,9,3,12,0.75
mnMb,32,21,53,0.6
mnMh,10,22,32,0.31
mnMj,4,13,17,0.24
mnMl,10,9,19,0.53
mnMm,29,24,53,0.55
mnMn,55,44,99,0.56
mnMs,27,23,50,0.54
mnNB,26,24,50,0.52
mnND,4,7,11,0.36
mnNH,10,8,18,0.56
mnNK,3,0,3,1.0
mnNL,12,14,26,0.46
mnNM,38,44,82,0.46
mnNN,49,56,105,0.47
mnNP,58,75,133,0.44
mnNS,34,22,56,0.61
mnNT,3,11,14,0.21
mnNb,28,21,49,0.57
mnNh,11,12,23,0.48
mnNl,14,11,25,0.56
mnNm,36,37,73,0.49
mnNn,72,75,147,0.49
mnNs,22,40,62,0.35
mnPB,36,33,69,0.52
mnPD,7,5,12,0.58
mnPH,15,19,34,0.44
mnPI,6,5,11,0.55
mnPK,4,4,8,0.5
mnPL,15,23,38,0.39
mnPM,35,43,78,0.45
mnPN,64,54,118,0.54
mnPP,78,74,152,0.51
mnPS,30,31,61,0.49
mnPT,6,5,11,0.55
mnPb,40,54,94,0.43
mnPh,6,5,11,0.55
mnPl,17,17,34,0.5
mnPm,49,33,82,0.6
mnPn,60,52,112,0.54
mnPs,35,28,63,0.56
mnSB,21,10,31,0.68
mnSD,3,1,4,0.75
mnSH,9,8,17,0.53
mnSI,2,0,2,1.0
mnSK,0,1,1,0.0
mnSL,7,6,13,0.54
mnSM,18,20,38,0.47
mnSN,21,20,41,0.51
mnSP,27,25,52,0.52
mnSS,23,22,45,0.51
mnST,6,4,10,0.6
mnSb,22,7,29,0.76
mnSh,10,12,22,0.45
mnSl,6,7,13,0.46
mnSm,28,14,42,0.67
mnSn,19,22,41,0.46
mnSs,21,20,41,0.51
mnTB,0,1,1,0.0
mnTN,0,1,1,0.0
mnTP,0,0,0,
mnTm,0,1,1,0.0
mnTn,1,0,1,1.0
mnbB,32,27,59,0.54
mnbD,2,3,5,0.4
mnbH,8,2,10,0.8
mnbI,4,3,7,0.57
mnbJ,10,7,17,0.59
mnbK,6,4,10,0.6
mnbL,9,7,16,0.56
mnbM,37,33,70,0.53
mnbN,36,45,81,0.44
mnbP,43,31,74,0.58
mnbS,14,21,35,0.4
mnbb,44,15,59,0.75
mnbl,13,8,21,0.62
mnbm,23,19,42,0.55
mnbn,38,25,63,0.6
mnbs,19,11,30,0.63
mnhB,1,0,1,1.0
mnhD,0,1,1,0.0
mnhH,1,0,1,1.0
mnhM,0,0,0,
mnhN,1,0,1,1.0
mnhP,0,1,1,0.0
mnhS,2,0,2,1.0
mnhT,1,0,1,1.0
mnhb,1,1,2,0.5
mnhh,1,1,2,0.5
mnhm,1,1,2,0.5
mnhn,2,1,3,0.67
mnlB,8,4,12,0.67
mnlD,1,1,2,0.5
mnlH,8,5,13,0.62
mnlI,1,2,3,0.33
mnlJ,1,1,2,0.5
mnlL,2,2,4,0.5
mnlM,9,12,21,0.43
mnlN,10,7,17,0.59
mnlP,16,13,29,0.55
mnlS,2,7,9,0.22
mnlb,6,11,17,0.35
mnll,5,3,8,0.62
mnlm,7,3,10,0.7
mnln,8,5,13,0.62
mnls,8,5,13,0.62
mnmB,23,29,52,0.44
mnmD,2,4,6,0.33
mnmH,12,14,26,0.46
mnmI,1,4,5,0.2
mnmJ,2,3,5,0.4
mnmL,4,6,10,0.4
mnmM,34,29,63,0.54
mnmN,27,31,58,0.47
mnmP,34,25,59,0.58
mnmS,12,9,21,0.57
mnmb,23,27,50,0.46
mnml,6,2,8,0.75
mnmm,18,16,34,0.53
mnmn,40,25,65,0.62
mnms,4,9,13,0.31
mnnB,29,28,57,0.51
mnnD,7,2,9,0.78
mnnH,17,13,30,0.57
mnnI,9,4,13,0.69
mnnK,5,2,7,0.71
mnnL,7,7,14,0.5
mnnM,34,32,66,0.52
mnnN,55,64,119,0.46
mnnP,64,49,113,0.57
mnnS,24,17,41,0.59
mnnT,0,1,1,0.0
mnnb,30,30,60,0.5
mnnh,2,0,2,1.0
mnnl,10,10,20,0.5
mnnm,31,25,56,0.55
mnnn,47,37,84,0.56
mnns,25,18,43,0.58
mnsB,14,18,32,0.44
mnsD,5,3,8,0.62
mnsH,14,13,27,0.52
mnsI,4,3,7,0.57
mnsL,5,6,11,0.45
mnsM,16,19,35,0.46
mnsN,20,24,44,0.45
mnsP,23,23,46,0.5
mnsS,21,20,41,0.51
mnsb,23,16,39,0.59
mnsh,0,2,2,0.0
mnsl,5,7,12,0.42
mnsm,12,10,22,0.55
mnsn,25,18,43,0.58
mnss,14,13,27,0.52
msBB,7,7,14,0.5
msBD,2,0,2,1.0
msBK,1,1,2,0.5
msBL,6,5,11,0.55
msBM,6,7,13,0.46
msBN,10,16,26,0.38
msBP,16,19,35,0.46
msBS,7,7,14,0.5
msBT,0,4,4,0.0
msBb,8,9,17,0.47
msBh,1,1,2,0.5
msBj,6,4,10,0.6
msBl,3,5,8,0.38
msBm,11,13,24,0.46
msBn,14,11,25,0.56
msBs,8,10,18,0.44
msDB,3,4,7,0.43
msDD,1,3,4,0.25
msDH,1,1,2,0.5
msDL,2,0,2,1.0
msDM,2,6,8,0.25
msDN,7,0,7,1.0
msDP,1,0,1,1.0
msDS,5,5,10,0.5
msDT,0,1,1,0.0
msDb,4,3,7,0.57
msDl,1,2,3,0.33
msDm,4,6,10,0.4
msDn,3,3,6,0.5
msDs,2,0,2,1.0
msHB,12,10,22,0.55
msHD,1,3,4,0.25
msHH,1,3,4,0.25
msHI,2,2,4,0.5
msHK,2,1,3,0.67
msHL,6,5,11,0.55
msHM,13,19,32,0.41
msHN,18,14,32,0.56
msHP,19,14,33,0.58
msHS,11,13,24,0.46
msHT,2,0,2,1.0
msHb,12,10,22,0.55
msHh,7,12,19,0.37
msHl,5,4,9,0.56
msHm,24,12,36,0.67
msHn,12,11,23,0.52
msHs,10,9,19,0.53
msIB,3,1,4,0.75
msIH,0,1,1,0.0
msII,0,1,1,0.0
msIL,1,0,1,1.0
msIM,4,4,8,0.5
msIN,0,2,2,0.0
msIP,2,2,4,0.5
msIS,2,3,5,0.4
msIT,0,0,0,
msIb,1,1,2,0.5
msIm,5,0,5,1.0
msIn,1,0,1,1.0
msIs,0,3,3,0.0
msKB,1,0,1,1.0
msKM,0,1,1,0.0
msKP,1,0,1,1.0
msKb,0,1,1,0.0
msKm,0,1,1,0.0
msKn,0,1,1,0.0
msKs,0,2,2,0.0
msLB,3,3,6,0.5
msLH,1,0,1,1.0
msLL,1,5,6,0.17
msLM,3,7,10,0.3
msLN,4,2,6,0.67
msLP,9,5,14,0.64
msLS,8,3,11,0.73
msLT,1,0,1,1.0
msLb,3,1,4,0.75
msLh,3,2,5,0.6
msLj,1,2,3,0.33
msLl,3,2,5,0.6
msLm,7,4,11,0.64
msLn,10,9,19,0.53
msLs,3,4,7,0.43
msMB,14,9,23,0.61
msMD,0,3,3,0.0
msMH,1,0,1,1.0
msMK,0,0,0,
msML,2,2,4,0.5
msMM,16,12,28,0.57
msMN,16,17,33,0.48
msMP,21,15,36,0.58
msMS,5,11,16,0.31
msMT,2,4,6,0.33
msMb,15,13,28,0.54
msMh,12,22,34,0.35
msMj,3,4,7,0.43
msMl,3,3,6,0.5
msMm,18,21,39,0.46
msMn,24,16,40,0.6
msMs,10,17,27,0.37
msNB,15,11,26,0.58
msND,5,0,5,1.0
msNH,3,2,5,0.6
msNI,0,0,0,
msNK,0,2,2,0.0
msNL,2,9,11,0.18
msNM,9,19,28,0.32
msNN,19,20,39,0.49
msNP,27,24,51,0.53
msNS,13,16,29,0.45
msNT,3,1,4,0.75
msNb,16,12,28,0.57
msNh,1,3,4,0.25
msNl,3,7,10,0.3
msNm,20,14,34,0.59
msNn,23,23,46,0.5
msNs,16,12,28,0.57
msPB,20,13,33,0.61
msPD,2,0,2,1.0
msPH,4,6,10,0.4
msPI,3,1,4,0.75
msPK,4,5,9,0.44
msPL,6,8,14,0.43
msPM,13,23,36,0.36
msPN,16,22,38,0.42
msPP,42,34,76,0.55
msPS,11,23,34,0.32
msPT,3,1,4,0.75
msPb,10,24,34,0.29
msPh,6,5,11,0.55
msPl,8,9,17,0.47
msPm,26,18,44,0.59
msPn,22,19,41,0.54
msPs,14,16,30,0.47
msSB,12,14,26,0.46
msSD,2,5,7,0.29
msSH,6,7,13,0.46
msSK,1,0,1,1.0
msSL,3,7,10,0.3
msSM,21,18,39,0.54
msSN,13,14,27,0.48
msSP,21,28,49,0.43
msSS,27,15,42,0.64
msST,6,4,10,0.6
msSb,16,12,28,0.57
msSh,9,12,21,0.43
msSl,4,5,9,0.44
msSm,15,13,28,0.54
msSn,13,22,35,0.37
msSs,29,13,42,0.69
msTD,0,1,1,0.0
msTH,1,1,2,0.5
msTM,0,1,1,0.0
msTS,2,0,2,1.0
msTb,1,0,1,1.0
msTs,0,0,0,
msbB,12,10,22,0.55
msbD,1,2,3,0.33
msbH,3,3,6,0.5
msbI,1,1,2,0.5
msbJ,5,4,9,0.56
msbK,1,0,1,1.0
msbL,5,1,6,0.83
msbM,21,16,37,0.57
msbN,15,16,31,0.48
msbP,18,25,43,0.42
msbS,6,9,15,0.4
msbb,17,17,34,0.5
msbl,10,4,14,0.71
msbm,8,13,21,0.38
msbn,13,9,22,0.59
msbs,7,2,9,0.78
mshB,0,2,2,0.0
mshI,1,0,1,1.0
mshM,0,1,1,0.0
mshN,0,1,1,0.0
mshS,0,2,2,0.0
mshb,1,0,1,1.0
mshh,1,0,1,1.0
mshm,1,2,3,0.33
mshn,0,1,1,0.0
mshs,1,0,1,1.0
mslB,7,1,8,0.88
mslD,0,1,1,0.0
mslH,3,2,5,0.6
mslI,2,0,2,1.0
mslJ,1,0,1,1.0
mslK,1,0,1,1.0
mslL,2,4,6,0.33
mslM,4,5,9,0.44
mslN,8,4,12,0.67
mslP,10,5,15,0.67
mslS,3,3,6,0.5
mslb,1,4,5,0.2
msll,2,2,4,0.5
mslm,4,2,6,0.67
msln,3,3,6,0.5
msls,3,5,8,0.38
msmB,22,12,34,0.65
msmD,3,2,5,0.6
msmH,11,11,22,0.5
msmI,2,2,4,0.5
msmJ,4,0,4,1.0
msmL,2,5,7,0.29
msmM,15,22,37,0.41
msmN,16,19,35,0.46
msmP,15,15,30,0.5
msmS,15,10,25,0.6
msmb,11,12,23,0.48
msml,6,4,10,0.6
msmm,23,14,37,0.62
msmn,12,18,30,0.4
msms,9,8,17,0.53
msnB,7,12,19,0.37
msnD,5,5,10,0.5
msnH,8,11,19,0.42
msnI,1,0,1,1.0
msnK,3,1,4,0.75
msnL,8,6,14,0.57
msnM,18,22,40,0.45
msnN,17,22,39,0.44
msnP,14,25,39,0.36
msnS,8,10,18,0.44
msnb,13,12,25,0.52
msnl,4,4,8,0.5
msnm,18,15,33,0.55
msnn,13,14,27,0.48
msns,15,8,23,0.65
mssB,10,9,19,0.53
mssD,3,5,8,0.38
mssH,11,9,20,0.55
mssI,1,1,2,0.5
mssL,8,4,12,0.67
mssM,7,11,18,0.39
mssN,16,9,25,0.64
mssP,20,9,29,0.69
mssS,15,14,29,0.52
mssb,8,7,15,0.53
mssh,1,0,1,1.0
mssl,8,4,12,0.67
mssm,13,14,27,0.48
mssn,18,9,27,0.67
msss,16,9,25,0.64
n,0,1,1,0.0
nBBB,31,38,69,0.45
nBBD,3,1,4,0.75
nBBH,0,0,0,
nBBK,1,2,3,0.33
nBBL,12,15,27,0.44
nBBM,23,26,49,0.47
nBBN,26,34,60,0.43
nBBP,35,37,72,0.49
nBBS,12,17,29,0.41
nBBT,3,4,7,0.43
nBBb,28,31,59,0.47
nBBh,4,5,9,0.44
nBBj,15,6,21,0.71
nBBl,9,8,17,0.53
nBBm,27,21,48,0.56
nBBn,42,34,76,0.55
nBBs,16,5,21,0.76
nBDB,3,2,5,0.6
nBDD,1,1,2,0.5
nBDH,2,5,7,0.29
nBDI,0,0,0,
nBDL,1,2,3,0.33
nBDM,6,1,7,0.86
nBDN,2,1,3,0.67
nBDP,6,4,10,0.6
nBDS,5,4,9,0.56
nBDT,1,1,2,0.5
nBDb,3,2,5,0.6
nBDl,3,4,7,0.43
nBDm,2,2,4,0.5
nBDn,4,3,7,0.57
nBDs,2,4,6,0.33
nBHB,0,1,1,0.0
nBHK,0,0,0,
nBHL,1,0,1,1.0
nBHb,1,0,1,1.0
nBHm,0,1,1,0.0
nBKB,4,2,6,0.67
nBKI,2,0,2,1.0
nBKL,0,1,1,0.0
nBKM,4,1,5,0.8
nBKN,1,3,4,0.25
nBKP,6,4,10,0.6
nBKS,3,1,4,0.75
nBKT,1,0,1,1.0
nBKb,0,1,1,0.0
nBKh,0,0,0,
nBKl,1,2,3,0.33
nBKm,2,1,3,0.67
nBKn,2,2,4,0.5
nBKs,3,3,6,0.5
nBLB,10,6,16,0.62
nBLD,1,1,2,0.5
nBLH,0,1,1,0.0
nBLK,1,1,2,0.5
nBLL,1,4,5,0.2
nBLM,6,13,19,0.32
nBLN,9,6,15,0.6
nBLP,15,15,30,0.5
nBLS,6,2,8,0.75
nBLT,3,1,4,0.75
nBLb,11,6,17,0.65
nBLh,2,7,9,0.22
nBLj,1,1,2,0.5
nBLl,9,9,18,0.5
nBLm,14,9,23,0.61
nBLn,15,12,27,0.56
nBLs,6,3,9,0.67
nBMB,20,28,48,0.42
nBMD,3,3,6,0.5
nBMK,0,2,2,0.0
nBML,8,8,16,0.5
nBMM,14,23,37,0.38
nBMN,24,28,52,0.46
nBMP,29,24,53,0.55
nBMS,3,17,20,0.15
nBMT,3,2,5,0.6
nBMb,35,32,67,0.52
nBMh,12,31,43,0.28
nBMj,8,9,17,0.47
nBMl,12,10,22,0.55
nBMm,27,22,49,0.55
nBMn,46,40,86,0.53
nBMs,14,12,26,0.54
nBNB,35,24,59,0.59
nBND,3,5,8,0.38
nBNH,12,2,14,0.86
nBNK,1,1,2,0.5
nBNL,8,13,21,0.38
nBNM,25,33,58,0.43
nBNN,43,45,88,0.49
nBNP,55,63,118,0.47
nBNS,18,19,37,0.49
nBNT,6,4,10,0.6
nBNb,32,30,62,0.52
nBNh,11,23,34,0.32
nBNl,17,8,25,0.68
nBNm,30,33,63,0.48
nBNn,47,49,96,0.49
nBNs,26,31,57,0.46
nBPB,31,32,63,0.49
nBPD,4,2,6,0.67
nBPH,9,7,16,0.56
nBPI,4,1,5,0.8
nBPK,5,3,8,0.62
nBPL,14,21,35,0.4
nBPM,33,53,86,0.38
nBPN,41,49,90,0.46
nBPP,60,67,127,0.47
nBPS,28,34,62,0.45
nBPT,3,3,6,0.5
nBPb,40,40,80,0.5
nBPh,4,7,11,0.36
nBPl,11,13,24,0.46
nBPm,47,29,76,0.62
nBPn,40,37,77,0.52
nBPs,14,24,38,0.37
nBSB,15,8,23,0.65
nBSD,2,3,5,0.4
nBSH,3,7,10,0.3
nBSI,1,0,1,1.0
nBSL,7,9,16,0.44
nBSM,14,16,30,0.47
nBSN,15,18,33,0.45
nBSP,21,18,39,0.54
nBSS,13,14,27,0.48
nBST,3,3,6,0.5
nBSb,18,10,28,0.64
nBSh,11,10,21,0.52
nBSl,7,9,16,0.44
nBSm,15,17,32,0.47
nBSn,26,18,44,0.59
nBSs,18,14,32,0.56
nBTB,2,6,8,0.25
nBTH,1,3,4,0.25
nBTL,0,0,0,
nBTM,2,5,7,0.29
nBTN,6,4,10,0.6
nBTP,9,7,16,0.56
nBTS,2,5,7,0.29
nBTT,3,1,4,0.75
nBTb,2,3,5,0.4
nBTl,1,3,4,0.25
nBTm,4,2,6,0.67
nBTn,5,2,7,0.71
nBTs,4,1,5,0.8
nBbB,24,24,48,0.5
nBbD,3,3,6,0.5
nBbH,9,10,19,0.47
nBbI,5,3,8,0.62
nBbJ,14,8,22,0.64
nBbK,3,1,4,0.75
nBbL,10,7,17,0.59
nBbM,31,24,55,0.56
nBbN,49,37,86,0.57
nBbP,37,37,74,0.5
nBbS,7,11,18,0.39
nBbb,29,27,56,0.52
nBbl,9,11,20,0.45
nBbm,25,10,35,0.71
nBbn,28,33,61,0.46
nBbs,22,13,35,0.63
nBhB,3,3,6,0.5
nBhD,1,0,1,1.0
nBhI,0,0,0,
nBhL,2,1,3,0.67
nBhM,0,0,0,
nBhN,4,4,8,0.5
nBhP,9,3,12,0.75
nBhS,3,5,8,0.38
nBhT,1,1,2,0.5
nBhb,6,9,15,0.4
nBhh,0,4,4,0.0
nBhl,1,1,2,0.5
nBhm,4,1,5,0.8
nBhn,5,4,9,0.56
nBhs,1,0,1,1.0
nBjB,12,11,23,0.52
nBjD,0,1,1,0.0
nBjH,0,0,0,
nBjI,1,1,2,0.5
nBjL,4,3,7,0.57
nBjM,14,7,21,0.67
nBjN,6,12,18,0.33
nBjP,19,19,38,0.5
nBjS,14,9,23,0.61
nBjT,1,3,4,0.25
nBjb,15,12,27,0.56
nBjh,5,3,8,0.62
nBjl,4,7,11,0.36
nBjm,9,8,17,0.53
nBjn,10,13,23,0.43
nBjs,9,7,16,0.56
nBlB,9,10,19,0.47
nBlD,0,0,0,
nBlH,6,7,13,0.46
nBlI,1,0,1,1.0
nBlJ,1,8,9,0.11
nBlK,0,1,1,0.0
nBlL,5,10,15,0.33
nBlM,9,9,18,0.5
nBlN,12,14,26,0.46
nBlP,13,13,26,0.5
nBlS,8,11,19,0.42
nBlb,10,11,21,0.48
nBll,6,4,10,0.6
nBlm,11,11,22,0.5
nBln,9,12,21,0.43
nBls,11,7,18,0.61
nBmB,22,11,33,0.67
nBmD,4,3,7,0.57
nBmH,19,24,43,0.44
nBmI,4,0,4,1.0
nBmJ,7,1,8,0.88
nBmL,6,9,15,0.4
nBmM,26,25,51,0.51
nBmN,34,36,70,0.49
nBmP,40,34,74,0.54
nBmS,14,24,38,0.37
nBmb,27,26,53,0.51
nBml,10,8,18,0.56
nBmm,22,13,35,0.63
nBmn,28,24,52,0.54
nBms,17,18,35,0.49
nBnB,26,30,56,0.46
nBnD,0,4,4,0.0
nBnH,21,16,37,0.57
nBnI,10,6,16,0.62
nBnK,4,6,10,0.4
nBnL,12,12,24,0.5
nBnM,37,44,81,0.46
nBnN,61,70,131,0.47
nBnP,68,85,153,0.44
nBnS,34,41,75,0.45
nBnT,1,1,2,0.5
nBnb,44,26,70,0.63
nBnh,0,1,1,0.0
nBnl,16,23,39,0.41
nBnm,44,30,74,0.59
nBnn,44,40,84,0.52
nBns,31,30,61,0.51
nBsB,5,13,18,0.28
nBsD,1,3,4,0.25
nBsH,15,15,30,0.5
nBsI,2,5,7,0.29
nBsK,2,0,2,1.0
nBsL,6,3,9,0.67
nBsM,8,12,20,0.4
nBsN,24,21,45,0.53
nBsP,18,20,38,0.47
nBsS,11,17,28,0.39
nBsb,19,15,34,0.56
nBsh,1,1,2,0.5
nBsl,11,5,16,0.69
nBsm,15,13,28,0.54
nBsn,20,17,37,0.54
nBss,12,11,23,0.52
nDBB,3,0,3,1.0
nDBD,2,0,2,1.0
nDBK,0,2,2,0.0
nDBL,0,0,0,
nDBM,0,1,1,0.0
nDBN,2,2,4,0.5
nDBP,4,4,8,0.5
nDBS,3,3,6,0.5
nDBT,1,0,1,1.0
nDBb,1,1,2,0.5
nDBj,2,2,4,0.5
nDBl,3,2,5,0.6
nDBm,5,1,6,0.83
nDBn,6,2,8,0.75
nDBs,1,3,4,0.25
nDDB,3,1,4,0.75
nDDD,0,1,1,0.0
nDDL,1,0,1,1.0
nDDM,0,1,1,0.0
nDDN,2,0,2,1.0
nDDP,2,2,4,0.5
nDDS,2,2,4,0.5
nDDl,1,1,2,0.5
nDDm,4,3,7,0.57
nDDn,2,0,2,1.0
nDDs,2,2,4,0.5
nDHB,5,3,8,0.62
nDHD,0,1,1,0.0
nDHH,1,0,1,1.0
nDHI,1,0,1,1.0
nDHK,0,1,1,0.0
nDHL,1,0,1,1.0
nDHM,3,3,6,0.5
nDHN,7,4,11,0.64
nDHP,5,5,10,0.5
nDHS,7,3,10,0.7
nDHT,0,0,0,
nDHb,3,3,6,0.5
nDHh,1,1,2,0.5
nDHl,1,1,2,0.5
nDHm,2,2,4,0.5
nDHn,2,6,8,0.25
nDHs,5,2,7,0.71
nDID,1,0,1,1.0
nDIH,0,1,1,0.0
nDIL,0,1,1,0.0
nDIM,0,0,0,
nDIP,0,1,1,0.0
nDIS,0,1,1,0.0
nDIm,1,0,1,1.0
nDKS,0,1,1,0.0
nDLB,1,3,4,0.25
nDLL,2,1,3,0.67
nDLM,2,3,5,0.4
nDLN,4,1,5,0.8
nDLP,1,1,2,0.5
nDLS,2,0,2,1.0
nDLb,0,4,4,0.0
nDLh,1,0,1,1.0
nDLj,1,0,1,1.0
nDLl,1,1,2,0.5
nDLm,3,1,4,0.75
nDLn,3,2,5,0.6
nDLs,1,2,3,0.33
nDMB,6,5,11,0.55
nDMD,1,2,3,0.33
nDML,0,2,2,0.0
nDMM,6,5,11,0.55
nDMN,4,8,12,0.33
nDMP,4,2,6,0.67
nDMS,7,2,9,0.78
nDMT,1,1,2,0.5
nDMb,2,1,3,0.67
nDMh,1,6,7,0.14
nDMj,2,0,2,1.0
nDMl,0,5,5,0.0
nDMm,5,6,11,0.45
nDMn,11,10,21,0.52
nDMs,2,9,11,0.18
nDNB,4,5,9,0.44
nDND,0,0,0,
nDNH,0,2,2,0.0
nDNK,0,1,1,0.0
nDNL,0,0,0,
nDNM,3,3,6,0.5
nDNN,2,1,3,0.67
nDNP,19,10,29,0.66
nDNS,1,5,6,0.17
nDNb,3,3,6,0.5
nDNh,5,1,6,0.83
nDNl,0,2,2,0.0
nDNm,8,3,11,0.73
nDNn,4,6,10,0.4
nDNs,2,1,3,0.67
nDPB,3,5,8,0.38
nDPD,0,0,0,
nDPH,1,1,2,0.5
nDPI,2,1,3,0.67
nDPK,1,0,1,1.0
nDPL,6,3,9,0.67
nDPM,3,9,12,0.25
nDPN,8,10,18,0.44
nDPP,9,16,25,0.36
nDPS,7,10,17,0.41
nDPb,3,6,9,0.33
nDPh,1,0,1,1.0
nDPl,6,2,8,0.75
nDPm,6,3,9,0.67
nDPn,3,4,7,0.43
nDPs,3,4,7,0.43
nDSB,2,7,9,0.22
nDSH,1,3,4,0.25
nDSI,0,1,1,0.0
nDSL,3,2,5,0.6
nDSM,4,3,7,0.57
nDSN,3,7,10,0.3
nDSP,5,8,13,0.38
nDSS,10,7,17,0.59
nDSb,0,4,4,0.0
nDSh,2,3,5,0.4
nDSl,2,0,2,1.0
nDSm,1,6,7,0.14
nDSn,7,10,17,0.41
nDSs,7,6,13,0.54
nDTB,0,2,2,0.0
nDTH,2,0,2,1.0
nDTM,0,1,1,0.0
nDTN,0,2,2,0.0
nDTP,2,1,3,0.67
nDTS,0,0,0,
nDTl,0,0,0,
nDTm,3,0,3,1.0
nDTn,1,1,2,0.5
nDTs,2,0,2,1.0
nDbB,6,4,10,0.6
nDbH,1,0,1,1.0
nDbI,0,1,1,0.0
nDbJ,2,2,4,0.5
nDbK,0,1,1,0.0
nDbL,3,1,4,0.75
nDbM,2,1,3,0.67
nDbN,7,8,15,0.47
nDbP,7,5,12,0.58
nDbS,1,1,2,0.5
nDbb,4,3,7,0.57
nDbl,2,2,4,0.5
nDbm,9,6,15,0.6
nDbn,8,4,12,0.67
nDbs,1,3,4,0.25
nDhM,1,0,1,1.0
nDhP,1,0,1,1.0
nDhb,1,0,1,1.0
nDhn,0,2,2,0.0
nDlB,0,1,1,0.0
nDlD,1,0,1,1.0
nDlH,2,2,4,0.5
nDlI,0,0,0,
nDlJ,1,1,2,0.5
nDlK,1,0,1,1.0
nDlL,2,1,3,0.67
nDlM,1,1,2,0.5
nDlN,1,1,2,0.5
nDlP,3,2,5,0.6
nDlS,2,0,2,1.0
nDlb,2,1,3,0.67
nDll,1,0,1,1.0
nDlm,0,2,2,0.0
nDln,2,2,4,0.5
nDmB,3,3,6,0.5
nDmD,1,1,2,0.5
nDmH,2,6,8,0.25
nDmI,2,0,2,1.0
nDmJ,0,0,0,
nDmL,4,1,5,0.8
nDmM,6,8,14,0.43
nDmN,1,3,4,0.25
nDmP,6,5,11,0.55
nDmS,3,3,6,0.5
nDmb,4,7,11,0.36
nDml,1,3,4,0.25
nDmm,2,4,6,0.33
nDmn,6,4,10,0.6
nDms,1,5,6,0.17
nDnB,4,2,6,0.67
nDnD,3,2,5,0.6
nDnH,5,2,7,0.71
nDnI,0,1,1,0.0
nDnK,0,1,1,0.0
nDnL,1,2,3,0.33
nDnM,2,7,9,0.22
nDnN,6,10,16,0.38
nDnP,7,6,13,0.54
nDnS,4,3,7,0.57
nDnb,3,4,7,0.43
nDnl,0,0,0,
nDnm,3,3,6,0.5
nDnn,5,8,13,0.38
nDns,3,3,6,0.5
nDsB,3,4,7,0.43
nDsD,0,1,1,0.0
nDsH,4,2,6,0.67
nDsI,0,1,1,0.0
nDsL,0,0,0,
nDsM,3,4,7,0.43
nDsN,4,4,8,0.5
nDsP,4,8,12,0.33
nDsS,3,9,12,0.25
nDsb,5,2,7,0.71
nDsl,1,2,3,0.33
nDsm,4,4,8,0.5
nDsn,6,2,8,0.75
nDss,3,4,7,0.43
nHBB,10,15,25,0.4
nHBD,3,3,6,0.5
nHBK,2,1,3,0.67
nHBL,1,4,5,0.2
nHBM,12,14,26,0.46
nHBN,10,27,37,0.27
nHBP,12,20,32,0.38
nHBS,8,11,19,0.42
nHBT,4,2,6,0.67
nHBb,15,8,23,0.65
nHBh,2,2,4,0.5
nHBj,4,6,10,0.4
nHBl,7,7,14,0.5
nHBm,14,5,19,0.74
nHBn,26,26,52,0.5
nHBs,7,8,15,0.47
nHDB,2,0,2,1.0
nHDH,3,3,6,0.5
nHDI,1,0,1,1.0
nHDL,1,0,1,1.0
nHDM,0,3,3,0.0
nHDN,3,4,7,0.43
nHDP,3,3,6,0.5
nHDS,6,3,9,0.67
nHDb,2,2,4,0.5
nHDl,0,1,1,0.0
nHDm,0,6,6,0.0
nHDn,3,1,4,0.75
nHDs,1,4,5,0.2
nHHB,3,1,4,0.75
nHHH,2,0,2,1.0
nHHK,1,2,3,0.33
nHHL,0,2,2,0.0
nHHM,5,6,11,0.45
nHHN,6,0,6,1.0
nHHP,3,4,7,0.43
nHHS,3,8,11,0.27
nHHb,4,2,6,0.67
nHHh,2,0,2,1.0
nHHl,1,1,2,0.5
nHHm,3,2,5,0.6
nHHn,2,1,3,0.67
nHHs,6,6,12,0.5
nHIB,1,0,1,1.0
nHID,1,0,1,1.0
nHIH,4,1,5,0.8
nHIL,0,1,1,0.0
nHIM,5,1,6,0.83
nHIN,3,3,6,0.5
nHIP,2,4,6,0.33
nHIS,1,3,4,0.25
nHIb,3,0,3,1.0
nHIm,3,1,4,0.75
nHIn,3,2,5,0.6
nHIs,0,2,2,0.0
nHKB,0,2,2,0.0
nHKH,1,0,1,1.0
nHKL,2,1,3,0.67
nHKM,1,2,3,0.33
nHKN,1,2,3,0.33
nHKP,4,6,10,0.4
nHKS,2,0,2,1.0
nHKT,2,0,2,1.0
nHKb,1,0,1,1.0
nHKh,2,0,2,1.0
nHKl,1,2,3,0.33
nHKm,3,1,4,0.75
nHKn,2,1,3,0.67
nHKs,2,1,3,0.67
nHLB,4,4,8,0.5
nHLD,0,1,1,0.0
nHLK,0,2,2,0.0
nHLL,3,2,5,0.6
nHLM,4,14,18,0.22
nHLN,7,7,14,0.5
nHLP,10,5,15,0.67
nHLS,2,6,8,0.25
nHLT,0,3,3,0.0
nHLb,10,4,14,0.71
nHLh,7,5,12,0.58
nHLj,1,2,3,0.33
nHLl,3,0,3,1.0
nHLm,3,2,5,0.6
nHLn,9,5,14,0.64
nHLs,8,4,12,0.67
nHMB,15,14,29,0.52
nHMD,2,0,2,1.0
nHML,4,4,8,0.5
nHMM,15,18,33,0.45
nHMN,14,23,37,0.38
nHMP,26,29,55,0.47
nHMS,10,14,24,0.42
nHMT,3,1,4,0.75
nHMb,23,17,40,0.57
nHMh,22,19,41,0.54
nHMj,8,7,15,0.53
nHMl,6,9,15,0.4
nHMm,21,8,29,0.72
nHMn,27,28,55,0.49
nHMs,16,10,26,0.62
nHNB,21,15,36,0.58
nHND,2,5,7,0.29
nHNH,0,3,3,0.0
nHNI,1,0,1,1.0
nHNK,1,1,2,0.5
nHNL,11,8,19,0.58
nHNM,28,26,54,0.52
nHNN,31,28,59,0.53
nHNP,40,39,79,0.51
nHNS,18,24,42,0.43
nHNT,5,3,8,0.62
nHNb,19,22,41,0.46
nHNh,6,10,16,0.38
nHNl,8,9,17,0.47
nHNm,22,27,49,0.45
nHNn,31,29,60,0.52
nHNs,25,18,43,0.58
nHPB,15,25,40,0.38
nHPD,4,0,4,1.0
nHPH,8,13,21,0.38
nHPI,6,1,7,0.86
nHPK,4,4,8,0.5
nHPL,11,16,27,0.41
nHPM,22,46,68,0.32
nHPN,29,30,59,0.49
nHPP,56,49,105,0.53
nHPS,22,26,48,0.46
nHPT,3,4,7,0.43
nHPb,29,21,50,0.58
nHPh,3,4,7,0.43
nHPl,13,10,23,0.57
nHPm,32,34,66,0.48
nHPn,35,26,61,0.57
nHPs,24,26,50,0.48
nHSB,7,11,18,0.39
nHSD,0,0,0,
nHSH,6,8,14,0.43
nHSI,0,1,1,0.0
nHSK,0,0,0,
nHSL,8,2,10,0.8
nHSM,18,15,33,0.55
nHSN,10,13,23,0.43
nHSP,15,19,34,0.44
nHSS,16,12,28,0.57
nHST,2,5,7,0.29
nHSb,10,6,16,0.62
nHSh,4,13,17,0.24
nHSl,13,6,19,0.68
nHSm,16,22,38,0.42
nHSn,14,28,42,0.33
nHSs,17,16,33,0.52
nHTB,1,1,2,0.5
nHTH,2,0,2,1.0
nHTM,3,0,3,1.0
nHTN,5,1,6,0.83
nHTP,2,3,5,0.4
nHTb,0,1,1,0.0
nHTm,1,2,3,0.33
nHTn,0,0,0,
nHTs,0,1,1,0.0
nHbB,16,25,41,0.39
nHbD,1,1,2,0.5
nHbH,8,3,11,0.73
nHbI,2,3,5,0.4
nHbJ,4,6,10,0.4
nHbK,2,2,4,0.5
nHbL,5,9,14,0.36
nHbM,19,20,39,0.49
nHbN,27,23,50,0.54
nHbP,19,27,46,0.41
nHbS,12,5,17,0.71
nHbb,12,19,31,0.39
nHbl,8,7,15,0.53
nHbm,10,11,21,0.48
nHbn,20,15,35,0.57
nHbs,4,8,12,0.33
nHhB,8,6,14,0.57
nHhD,0,0,0,
nHhH,2,6,8,0.25
nHhI,1,0,1,1.0
nHhK,0,1,1,0.0
nHhL,2,4,6,0.33
nHhM,13,11,24,0.54
nHhN,7,7,14,0.5
nHhP,9,10,19,0.47
nHhS,12,9,21,0.57
nHhT,4,0,4,1.0
nHhb,4,8,12,0.33
nHhh,5,7,12,0.42
nHhl,8,4,12,0.67
nHhm,6,3,9,0.67
nHhn,12,8,20,0.6
nHhs,13,3,16,0.81
nHlB,10,10,20,0.5
nHlD,1,1,2,0.5
nHlH,8,8,16,0.5
nHlJ,3,1,4,0.75
nHlK,0,1,1,0.0
nHlL,4,5,9,0.44
nHlM,5,9,14,0.36
nHlN,7,17,24,0.29
nHlP,11,5,16,0.69
nHlS,5,7,12,0.42
nHlb,9,11,20,0.45
nHlh,1,0,1,1.0
nHll,1,2,3,0.33
nHlm,7,9,16,0.44
nHln,7,8,15,0.47
nHls,5,7,12,0.42
nHmB,13,14,27,0.48
nHmD,4,3,7,0.57
nHmH,17,13,30,0.57
nHmI,1,0,1,1.0
nHmJ,5,3,8,0.62
nHmL,11,11,22,0.5
nHmM,17,16,33,0.52
nHmN,25,27,52,0.48
nHmP,23,28,51,0.45
nHmS,16,14,30,0.53
nHmb,23,11,34,0.68
nHml,4,6,10,0.4
nHmm,14,19,33,0.42
nHmn,23,17,40,0.57
nHms,7,9,16,0.44
nHnB,17,14,31,0.55
nHnD,3,1,4,0.75
nHnH,14,10,24,0.58
nHnI,3,4,7,0.43
nHnK,1,1,2,0.5
nHnL,11,15,26,0.42
nHnM,25,29,54,0.46
nHnN,41,31,72,0.57
nHnP,39,52,91,0.43
nHnS,25,22,47,0.53
nHnb,24,17,41,0.59
nHnh,1,1,2,0.5
nHnl,10,11,21,0.48
nHnm,17,7,24,0.71
nHnn,30,25,55,0.55
nHns,14,13,27,0.52
nHsB,8,8,16,0.5
nHsD,3,1,4,0.75
nHsH,18,14,32,0.56
nHsI,1,4,5,0.2
nHsK,0,2,2,0.0
nHsL,12,5,17,0.71
nHsM,14,20,34,0.41
nHsN,17,19,36,0.47
nHsP,19,18,37,0.51
nHsS,15,19,34,0.44
nHsb,12,15,27,0.44
nHsh,0,0,0,
nHsl,11,3,14,0.79
nHsm,16,12,28,0.57
nHsn,22,18,40,0.55
nHss,22,14,36,0.61
nIBB,3,5,8,0.38
nIBD,0,1,1,0.0
nIBK,0,1,1,0.0
nIBL,1,2,3,0.33
nIBM,2,2,4,0.5
nIBN,9,5,14,0.64
nIBP,6,8,14,0.43
nIBS,3,2,5,0.6
nIBT,1,2,3,0.33
nIBb,2,2,4,0.5
nIBj,1,0,1,1.0
nIBl,2,2,4,0.5
nIBm,6,4,10,0.6
nIBn,7,8,15,0.47
nIBs,5,1,6,0.83
nIDB,1,2,3,0.33
nIDD,2,2,4,0.5
nIDM,0,1,1,0.0
nIDN,1,2,3,0.33
nIDP,4,2,6,0.67
nIDS,1,3,4,0.25
nIDb,1,2,3,0.33
nIDm,0,0,0,
nIDs,0,0,0,
nIHB,3,5,8,0.38
nIHH,1,2,3,0.33
nIHL,2,0,2,1.0
nIHM,3,4,7,0.43
nIHN,4,5,9,0.44
nIHP,1,7,8,0.12
nIHS,4,2,6,0.67
nIHT,0,1,1,0.0
nIHb,3,4,7,0.43
nIHh,0,3,3,0.0
nIHl,2,3,5,0.4
nIHm,6,1,7,0.86
nIHn,5,5,10,0.5
nIHs,6,1,7,0.86
nIIB,0,3,3,0.0
nIIH,1,1,2,0.5
nIIL,0,1,1,0.0
nIIM,0,2,2,0.0
nIIN,0,1,1,0.0
nIIP,0,1,1,0.0
nIIS,1,2,3,0.33
nIIb,1,0,1,1.0
nIIm,3,1,4,0.75
nIIs,0,2,2,0.0
nIKM,1,1,2,0.5
nIKm,0,1,1,0.0
nILB,2,0,2,1.0
nILK,1,0,1,1.0
nILM,2,1,3,0.67
nILN,4,6,10,0.4
nILP,3,3,6,0.5
nILT,0,1,1,0.0
nILb,1,1,2,0.5
nILh,0,1,1,0.0
nILj,1,0,1,1.0
nILl,2,3,5,0.4
nILm,1,1,2,0.5
nILn,7,3,10,0.7
nILs,2,0,2,1.0
nIMB,1,4,5,0.2
nIMD,0,1,1,0.0
nIMK,0,0,0,
nIML,0,0,0,
nIMM,2,3,5,0.4
nIMN,9,6,15,0.6
nIMP,9,4,13,0.69
nIMS,4,2,6,0.67
nIMT,3,0,3,1.0
nIMb,4,4,8,0.5
nIMh,3,5,8,0.38
nIMj,1,1,2,0.5
nIMl,5,3,8,0.62
nIMm,11,5,16,0.69
nIMn,3,9,12,0.25
nIMs,2,2,4,0.5
nINB,2,5,7,0.29
nIND,2,0,2,1.0
nINH,2,1,3,0.67
nINK,0,1,1,0.0
nINL,2,3,5,0.4
nINM,4,5,9,0.44
nINN,6,8,14,0.43
nINP,6,8,14,0.43
nINS,4,6,10,0.4
nINT,2,0,2,1.0
nINb,5,3,8,0.62
nINh,0,1,1,0.0
nINl,6,2,8,0.75
nINm,10,4,14,0.71
nINn,11,6,17,0.65
nINs,1,3,4,0.25
nIPB,5,11,16,0.31
nIPD,1,1,2,0.5
nIPH,2,1,3,0.67
nIPK,1,0,1,1.0
nIPL,2,7,9,0.22
nIPM,13,17,30,0.43
nIPN,10,9,19,0.53
nIPP,12,9,21,0.57
nIPS,6,13,19,0.32
nIPT,1,1,2,0.5
nIPb,2,8,10,0.2
nIPh,2,0,2,1.0
nIPl,3,2,5,0.6
nIPm,11,6,17,0.65
nIPn,1,4,5,0.2
nIPs,5,9,14,0.36
nISB,2,3,5,0.4
nISD,1,1,2,0.5
nISH,5,2,7,0.71
nISK,1,0,1,1.0
nISL,1,2,3,0.33
nISM,2,5,7,0.29
nISN,7,9,16,0.44
nISP,3,4,7,0.43
nISS,5,6,11,0.45
nIST,2,2,4,0.5
nISb,4,3,7,0.57
nISh,1,0,1,1.0
nISl,2,1,3,0.67
nISm,2,4,6,0.33
nISn,5,5,10,0.5
nISs,5,3,8,0.62
nITB,0,1,1,0.0
nITH,1,0,1,1.0
nITM,0,0,0,
nITN,1,2,3,0.33
nITP,2,3,5,0.4
nITS,1,1,2,0.5
nITm,0,1,1,0.0
nITn,1,1,2,0.5
nIbB,7,6,13,0.54
nIbH,1,1,2,0.5
nIbI,0,0,0,
nIbJ,0,0,0,
nIbK,1,1,2,0.5
nIbL,5,1,6,0.83
nIbM,4,4,8,0.5
nIbN,5,5,10,0.5
nIbP,4,7,11,0.36
nIbS,1,4,5,0.2
nIbb,6,7,13,0.46
nIbl,6,0,6,1.0
nIbm,5,5,10,0.5
nIbn,5,6,11,0.45
nIbs,6,4,10,0.6
nIhl,0,1,1,0.0
nIhs,0,0,0,
nIlB,2,3,5,0.4
nIlH,0,1,1,0.0
nIlJ,0,0,0,
nIlN,3,4,7,0.43
nIlP,4,4,8,0.5
nIlS,1,1,2,0.5
nIlb,0,2,2,0.0
nIll,2,0,2,1.0
nIlm,3,1,4,0.75
nIln,1,1,2,0.5
nIls,1,0,1,1.0
nImB,8,5,13,0.62
nImD,1,0,1,1.0
nImH,1,4,5,0.2
nImI,1,2,3,0.33
nImJ,1,1,2,0.5
nImL,0,1,1,0.0
nImM,8,6,14,0.57
nImN,11,9,20,0.55
nImP,8,5,13,0.62
nImS,2,7,9,0.22
nImb,6,7,13,0.46
nIml,0,1,1,0.0
nImm,7,5,12,0.58
nImn,4,2,6,0.67
nIms,2,4,6,0.33
nInB,3,2,5,0.6
nInH,9,6,15,0.6
nInI,1,1,2,0.5
nInK,0,1,1,0.0
nInL,3,2,5,0.6
nInM,6,9,15,0.4
nInN,6,5,11,0.55
nInP,10,11,21,0.48
nInS,4,5,9,0.44
nInb,9,4,13,0.69
nInl,2,4,6,0.33
nInm,7,9,16,0.44
nInn,9,3,12,0.75
nIns,4,5,9,0.44
nIsB,3,2,5,0.6
nIsD,1,2,3,0.33
nIsH,1,1,2,0.5
nIsL,2,1,3,0.67
nIsM,3,3,6,0.5
nIsN,7,2,9,0.78
nIsP,9,1,10,0.9
nIsS,6,3,9,0.67
nIsT,0,1,1,0.0
nIsb,1,1,2,0.5
nIsh,1,0,1,1.0
nIsm,5,4,9,0.56
nIsn,4,4,8,0.5
nIss,4,2,6,0.67
nKBB,2,2,4,0.5
nKBK,0,1,1,0.0
nKBL,0,0,0,
nKBM,2,4,6,0.33
nKBN,2,2,4,0.5
nKBP,2,3,5,0.4
nKBS,2,1,3,0.67
nKBT,1,0,1,1.0
nKBb,2,1,3,0.67
nKBh,0,0,0,
nKBj,0,0,0,
nKBm,1,3,4,0.25
nKBn,2,3,5,0.4
nKBs,0,2,2,0.0
nKDB,0,2,2,0.0
nKDH,1,1,2,0.5
nKDM,1,1,2,0.5
nKDN,1,1,2,0.5
nKDP,1,0,1,1.0
nKDS,2,0,2,1.0
nKDT,1,0,1,1.0
nKDl,1,0,1,1.0
nKDm,2,0,2,1.0
nKDn,1,0,1,1.0
nKDs,1,0,1,1.0
nKHB,0,1,1,0.0
nKHH,0,1,1,0.0
nKHM,0,1,1,0.0
nKHS,1,1,2,0.5
nKHb,0,2,2,0.0
nKHn,0,1,1,0.0
nKHs,2,1,3,0.67
nKIB,1,0,1,1.0
nKIH,1,0,1,1.0
nKIM,2,0,2,1.0
nKIN,2,0,2,1.0
nKIP,0,0,0,
nKIS,1,0,1,1.0
nKIn,0,2,2,0.0
nKIs,0,1,1,0.0
nKKM,1,0,1,1.0
nKKN,1,0,1,1.0
nKKl,0,1,1,0.0
nKKn,0,1,1,0.0
nKKs,1,0,1,1.0
nKLB,0,1,1,0.0
nKLL,1,2,3,0.33
nKLM,0,2,2,0.0
nKLN,2,0,2,1.0
nKLP,1,0,1,1.0
nKLh,1,0,1,1.0
nKLl,0,1,1,0.0
nKLm,0,2,2,0.0
nKLn,2,0,2,1.0
nKLs,2,1,3,0.67
nKMB,6,2,8,0.75
nKMD,1,1,2,0.5
nKML,1,1,2,0.5
nKMM,1,5,6,0.17
nKMN,4,2,6,0.67
nKMP,5,4,9,0.56
nKMS,0,2,2,0.0
nKMT,0,2,2,0.0
nKMb,4,3,7,0.57
nKMh,4,2,6,0.67
nKMj,0,2,2,0.0
nKMl,2,1,3,0.67
nKMm,1,7,8,0.12
nKMn,8,3,11,0.73
nKMs,5,2,7,0.71
nKNB,1,4,5,0.2
nKND,0,1,1,0.0
nKNH,0,0,0,
nKNK,1,0,1,1.0
nKNL,2,0,2,1.0
nKNM,0,5,5,0.0
nKNN,5,0,5,1.0
nKNP,5,5,10,0.5
nKNS,7,1,8,0.88
nKNb,4,2,6,0.67
nKNl,3,0,3,1.0
nKNm,5,1,6,0.83
nKNn,4,3,7,0.57
nKNs,6,1,7,0.86
nKPB,5,5,10,0.5
nKPD,0,2,2,0.0
nKPH,0,2,2,0.0
nKPI,2,1,3,0.67
nKPK,0,2,2,0.0
nKPL,4,2,6,0.67
nKPM,7,6,13,0.54
nKPN,1,2,3,0.33
nKPP,8,6,14,0.57
nKPS,7,1,8,0.88
nKPT,0,1,1,0.0
nKPb,6,6,12,0.5
nKPh,0,3,3,0.0
nKPl,6,3,9,0.67
nKPm,6,5,11,0.55
nKPn,3,4,7,0.43
nKPs,3,5,8,0.38
nKSB,4,3,7,0.57
nKSH,0,1,1,0.0
nKSK,1,0,1,1.0
nKSM,4,2,6,0.67
nKSN,0,2,2,0.0
nKSP,4,4,8,0.5
nKSS,3,2,5,0.6
nKSb,0,2,2,0.0
nKSh,4,2,6,0.67
nKSl,1,0,1,1.0
nKSm,3,3,6,0.5
nKSn,3,2,5,0.6
nKSs,1,5,6,0.17
nKTH,1,0,1,1.0
nKTL,1,0,1,1.0
nKTP,1,2,3,0.33
nKTS,1,0,1,1.0
nKTl,0,1,1,0.0
nKTn,1,0,1,1.0
nKTs,1,0,1,1.0
nKbB,0,1,1,0.0
nKbD,1,1,2,0.5
nKbH,0,1,1,0.0
nKbJ,1,1,2,0.5
nKbL,1,1,2,0.5
nKbM,2,5,7,0.29
nKbN,3,2,5,0.6
nKbP,5,4,9,0.56
nKbS,3,0,3,1.0
nKbb,7,2,9,0.78
nKbl,2,1,3,0.67
nKbm,3,2,5,0.6
nKbn,3,3,6,0.5
nKbs,0,2,2,0.0
nKhB,2,1,3,0.67
nKhD,1,0,1,1.0
nKhL,3,2,5,0.6
nKhM,6,2,8,0.75
nKhN,3,2,5,0.6
nKhP,3,6,9,0.33
nKhS,2,8,10,0.2
nKhT,0,1,1,0.0
nKhb,2,6,8,0.25
nKhh,1,3,4,0.25
nKhl,1,4,5,0.2
nKhm,4,6,10,0.4
nKhn,2,4,6,0.33
nKhs,2,3,5,0.4
nKlB,1,0,1,1.0
nKlD,1,0,1,1.0
nKlH,1,1,2,0.5
nKlL,2,1,3,0.67
nKlM,3,3,6,0.5
nKlN,5,2,7,0.71
nKlP,1,4,5,0.2
nKlS,0,1,1,0.0
nKlb,0,1,1,0.0
nKll,2,1,3,0.67
nKlm,4,1,5,0.8
nKln,2,1,3,0.67
nKls,1,3,4,0.25
nKmB,5,4,9,0.56
nKmD,0,1,1,0.0
nKmH,3,5,8,0.38
nKmL,2,2,4,0.5
nKmM,1,6,7,0.14
nKmN,2,2,4,0.5
nKmP,5,5,10,0.5
nKmS,5,1,6,0.83
nKmb,2,1,3,0.67
nKml,0,1,1,0.0
nKmm,3,5,8,0.38
nKmn,1,6,7,0.14
nKms,2,0,2,1.0
nKnB,0,2,2,0.0
nKnD,1,0,1,1.0
nKnH,4,3,7,0.57
nKnK,1,1,2,0.5
nKnM,8,6,14,0.57
nKnN,2,2,4,0.5
nKnP,8,7,15,0.53
nKnS,7,1,8,0.88
nKnb,3,3,6,0.5
nKnl,2,0,2,1.0
nKnm,3,4,7,0.43
nKnn,6,4,10,0.6
nKns,3,3,6,0.5
nKsB,1,0,1,1.0
nKsH,10,1,11,0.91
nKsI,1,0,1,1.0
nKsL,2,0,2,1.0
nKsM,1,4,5,0.2
nKsN,2,6,8,0.25
nKsP,5,1,6,0.83
nKsS,9,5,14,0.64
nKsb,3,3,6,0.5
nKsl,0,1,1,0.0
nKsm,1,1,2,0.5
nKsn,4,0,4,1.0
nKss,4,3,7,0.57
nLBB,10,5,15,0.67
nLBD,0,1,1,0.0
nLBL,5,9,14,0.36
nLBM,8,9,17,0.47
nLBN,11,23,34,0.32
nLBP,22,17,39,0.56
nLBS,3,8,11,0.27
nLBT,0,2,2,0.0
nLBb,16,13,29,0.55
nLBh,0,3,3,0.0
nLBj,5,4,9,0.56
nLBl,6,5,11,0.55
nLBm,9,13,22,0.41
nLBn,12,12,24,0.5
nLBs,3,6,9,0.33
nLDB,0,1,1,0.0
nLDD,0,1,1,0.0
nLDH,0,5,5,0.0
nLDL,0,1,1,0.0
nLDM,1,0,1,1.0
nLDN,1,1,2,0.5
nLDP,1,0,1,1.0
nLDS,2,1,3,0.67
nLDb,3,0,3,1.0
nLDl,2,0,2,1.0
nLDm,1,1,2,0.5
nLDn,0,1,1,0.0
nLDs,2,1,3,0.67
nLHL,0,1,1,0.0
nLHM,0,1,1,0.0
nLHS,1,1,2,0.5
nLHb,0,0,0,
nLHm,1,0,1,1.0
nLKB,0,1,1,0.0
nLKM,2,0,2,1.0
nLKN,1,0,1,1.0
nLKP,3,1,4,0.75
nLKS,0,0,0,
nLKb,0,1,1,0.0
nLKh,1,0,1,1.0
nLKl,0,0,0,
nLKm,1,0,1,1.0
nLKn,1,2,3,0.33
nLKs,4,2,6,0.67
nLLB,3,5,8,0.38
nLLL,1,3,4,0.25
nLLM,7,4,11,0.64
nLLN,7,3,10,0.7
nLLP,5,6,11,0.45
nLLS,6,1,7,0.86
nLLT,1,1,2,0.5
nLLb,3,4,7,0.43
nLLh,1,5,6,0.17
nLLj,2,0,2,1.0
nLLl,3,2,5,0.6
nLLm,7,7,14,0.5
nLLn,10,8,18,0.56
nLLs,1,9,10,0.1
nLMB,19,9,28,0.68
nLMD,1,3,4,0.25
nLML,3,4,7,0.43
nLMM,10,12,22,0.45
nLMN,8,12,20,0.4
nLMP,18,22,40,0.45
nLMS,6,7,13,0.46
nLMT,1,0,1,1.0
nLMb,23,14,37,0.62
nLMh,8,16,24,0.33
nLMj,4,6,10,0.4
nLMl,7,6,13,0.54
nLMm,12,8,20,0.6
nLMn,26,8,34,0.76
nLMs,9,8,17,0.53
nLNB,14,10,24,0.58
nLND,2,2,4,0.5
nLNH,2,4,6,0.33
nLNK,0,0,0,
nLNL,7,7,14,0.5
nLNM,9,20,29,0.31
nLNN,22,19,41,0.54
nLNP,22,26,48,0.46
nLNS,7,8,15,0.47
nLNT,3,2,5,0.6
nLNb,15,10,25,0.6
nLNh,6,5,11,0.55
nLNl,5,4,9,0.56
nLNm,15,11,26,0.58
nLNn,16,14,30,0.53
nLNs,12,6,18,0.67
nLPB,11,11,22,0.5
nLPD,0,5,5,0.0
nLPH,9,6,15,0.6
nLPI,1,1,2,0.5
nLPK,2,2,4,0.5
nLPL,10,6,16,0.62
nLPM,6,20,26,0.23
nLPN,20,19,39,0.51
nLPP,41,36,77,0.53
nLPS,14,19,33,0.42
nLPT,3,2,5,0.6
nLPb,25,14,39,0.64
nLPh,2,2,4,0.5
nLPl,13,10,23,0.57
nLPm,23,11,34,0.68
nLPn,17,14,31,0.55
nLPs,16,10,26,0.62
nLSB,3,3,6,0.5
nLSD,2,0,2,1.0
nLSH,3,1,4,0.75
nLSK,1,0,1,1.0
nLSL,2,2,4,0.5
nLSM,8,14,22,0.36
nLSN,9,8,17,0.53
nLSP,12,13,25,0.48
nLSS,9,12,21,0.43
nLST,1,0,1,1.0
nLSb,3,13,16,0.19
nLSh,8,7,15,0.53
nLSl,4,1,5,0.8
nLSm,8,11,19,0.42
nLSn,11,11,22,0.5
nLSs,9,10,19,0.47
nLTB,1,2,3,0.33
nLTH,1,0,1,1.0
nLTL,0,2,2,0.0
nLTM,1,5,6,0.17
nLTN,1,2,3,0.33
nLTP,6,5,11,0.55
nLTS,2,1,3,0.67
nLTT,1,0,1,1.0
nLTb,3,1,4,0.75
nLTl,3,3,6,0.5
nLTm,1,1,2,0.5
nLTn,2,2,4,0.5
nLTs,1,0,1,1.0
nLbB,5,10,15,0.33
nLbD,0,1,1,0.0
nLbH,6,1,7,0.86
nLbI,2,2,4,0.5
nLbJ,2,1,3,0.67
nLbK,0,3,3,0.0
nLbL,4,5,9,0.44
nLbM,11,13,24,0.46
nLbN,14,21,35,0.4
nLbP,20,13,33,0.61
nLbS,9,7,16,0.56
nLbb,18,16,34,0.53
nLbl,9,4,13,0.69
nLbm,11,9,20,0.55
nLbn,19,23,42,0.45
nLbs,14,4,18,0.78
nLhB,3,3,6,0.5
nLhH,2,1,3,0.67
nLhL,2,2,4,0.5
nLhM,5,4,9,0.56
nLhN,8,8,16,0.5
nLhP,7,4,11,0.64
nLhS,4,2,6,0.67
nLhT,1,1,2,0.5
nLhb,11,5,16,0.69
nLhh,8,9,17,0.47
nLhl,2,3,5,0.4
nLhm,7,5,12,0.58
nLhn,8,8,16,0.5
nLhs,7,5,12,0.58
nLjB,2,8,10,0.2
nLjD,0,0,0,
nLjH,3,3,6,0.5
nLjK,1,0,1,1.0
nLjL,3,1,4,0.75
nLjM,5,4,9,0.56
nLjN,5,3,8,0.62
nLjP,5,9,14,0.36
nLjS,7,8,15,0.47
nLjT,0,1,1,0.0
nLjb,2,4,6,0.33
nLjh,1,1,2,0.5
nLjl,1,2,3,0.33
nLjm,5,1,6,0.83
nLjn,10,4,14,0.71
nLjs,4,2,6,0.67
nLlB,5,5,10,0.5
nLlH,5,2,7,0.71
nLlI,0,1,1,0.0
nLlJ,2,3,5,0.4
nLlK,0,1,1,0.0
nLlL,0,3,3,0.0
nLlM,4,7,11,0.36
nLlN,3,6,9,0.33
nLlP,9,13,22,0.41
nLlS,7,8,15,0.47
nLlb,8,5,13,0.62
nLll,2,4,6,0.33
nLlm,5,6,11,0.45
nLln,9,4,13,0.69
nLls,6,7,13,0.46
nLmB,5,10,15,0.33
nLmD,0,3,3,0.0
nLmH,13,7,20,0.65
nLmI,0,3,3,0.0
nLmJ,4,3,7,0.57
nLmL,5,2,7,0.71
nLmM,9,15,24,0.38
nLmN,17,18,35,0.49
nLmP,9,18,27,0.33
nLmS,6,13,19,0.32
nLmb,11,11,22,0.5
nLml,4,3,7,0.57
nLmm,9,7,16,0.56
nLmn,7,14,21,0.33
nLms,7,6,13,0.54
nLnB,10,13,23,0.43
nLnD,3,1,4,0.75
nLnH,8,14,22,0.36
nLnI,1,5,6,0.17
nLnK,2,1,3,0.67
nLnL,10,5,15,0.67
nLnM,20,20,40,0.5
nLnN,27,32,59,0.46
nLnP,34,32,66,0.52
nLnS,13,18,31,0.42
nLnb,19,18,37,0.51
nLnh,2,0,2,1.0
nLnl,8,9,17,0.47
nLnm,15,11,26,0.58
nLnn,21,18,39,0.54
nLns,10,6,16,0.62
nLsB,6,6,12,0.5
nLsD,3,3,6,0.5
nLsH,9,7,16,0.56
nLsI,4,0,4,1.0
nLsL,3,1,4,0.75
nLsM,10,16,26,0.38
nLsN,9,11,20,0.45
nLsP,8,10,18,0.44
nLsS,6,12,18,0.33
nLsb,8,5,13,0.62
nLsh,0,1,1,0.0
nLsl,4,3,7,0.57
nLsm,11,11,22,0.5
nLsn,5,13,18,0.28
nLss,11,8,19,0.58
nMBB,33,29,62,0.53
nMBD,6,4,10,0.6
nMBK,4,7,11,0.36
nMBL,8,11,19,0.42
nMBM,22,31,53,0.42
nMBN,36,42,78,0.46
nMBP,48,36,84,0.57
nMBS,14,13,27,0.52
nMBT,3,7,10,0.3
nMBb,31,34,65,0.48
nMBh,3,1,4,0.75
nMBj,10,16,26,0.38
nMBl,7,8,15,0.47
nMBm,35,26,61,0.57
nMBn,61,58,119,0.51
nMBs,15,18,33,0.45
nMDB,1,0,1,1.0
nMDD,2,0,2,1.0
nMDH,2,4,6,0.33
nMDI,0,2,2,0.0
nMDL,1,1,2,0.5
nMDM,5,8,13,0.38
nMDN,6,3,9,0.67
nMDP,8,3,11,0.73
nMDS,2,5,7,0.29
nMDb,3,7,10,0.3
nMDh,0,0,0,
nMDl,0,1,1,0.0
nMDm,4,6,10,0.4
nMDn,4,2,6,0.67
nMDs,1,4,5,0.2
nMHS,1,0,1,1.0
nMHm,0,1,1,0.0
nMIN,0,1,1,0.0
nMKB,0,0,0,
nMKN,0,0,0,
nMKP,0,1,1,0.0
nMKS,1,0,1,1.0
nMKh,0,1,1,0.0
nMKs,1,0,1,1.0
nMLB,12,14,26,0.46
nMLD,2,1,3,0.67
nMLH,0,1,1,0.0
nMLK,0,1,1,0.0
nMLL,4,3,7,0.57
nMLM,15,15,30,0.5
nMLN,15,14,29,0.52
nMLP,15,17,32,0.47
nMLS,3,6,9,0.33
nMLT,0,0,0,
nMLb,12,9,21,0.57
nMLh,5,4,9,0.56
nMLj,3,0,3,1.0
nMLl,5,8,13,0.38
nMLm,16,8,24,0.67
nMLn,17,21,38,0.45
nMLs,6,9,15,0.4
nMMB,31,34,65,0.48
nMMD,4,2,6,0.67
nMML,8,7,15,0.53
nMMM,31,31,62,0.5
nMMN,27,38,65,0.42
nMMP,44,39,83,0.53
nMMS,15,25,40,0.38
nMMT,1,2,3,0.33
nMMb,40,41,81,0.49
nMMh,28,28,56,0.5
nMMj,6,9,15,0.4
nMMl,15,14,29,0.52
nMMm,44,26,70,0.63
nMMn,55,60,115,0.48
nMMs,19,18,37,0.51
nMNB,33,35,68,0.49
nMND,6,7,13,0.46
nMNH,4,8,12,0.33
nMNK,4,5,9,0.44
nMNL,10,12,22,0.45
nMNM,22,42,64,0.34
nMNN,47,58,105,0.45
nMNP,76,60,136,0.56
nMNS,37,28,65,0.57
nMNT,3,10,13,0.23
nMNb,33,29,62,0.53
nMNh,15,12,27,0.56
nMNl,18,10,28,0.64
nMNm,44,29,73,0.6
nMNn,62,53,115,0.54
nMNs,34,27,61,0.56
nMPB,36,35,71,0.51
nMPD,6,3,9,0.67
nMPH,16,14,30,0.53
nMPI,4,6,10,0.4
nMPK,6,5,11,0.55
nMPL,12,18,30,0.4
nMPM,47,58,105,0.45
nMPN,56,54,110,0.51
nMPP,76,77,153,0.5
nMPS,34,45,79,0.43
nMPT,3,5,8,0.38
nMPb,32,66,98,0.33
nMPh,4,8,12,0.33
nMPl,17,15,32,0.53
nMPm,54,48,102,0.53
nMPn,54,58,112,0.48
nMPs,25,31,56,0.45
nMSB,21,11,32,0.66
nMSD,3,3,6,0.5
nMSH,6,10,16,0.38
nMSI,2,1,3,0.67
nMSK,2,1,3,0.67
nMSL,8,10,18,0.44
nMSM,19,22,41,0.46
nMSN,21,27,48,0.44
nMSP,35,27,62,0.56
nMSS,26,27,53,0.49
nMST,11,6,17,0.65
nMSb,24,21,45,0.53
nMSh,20,18,38,0.53
nMSl,10,7,17,0.59
nMSm,26,22,48,0.54
nMSn,37,28,65,0.57
nMSs,29,20,49,0.59
nMTB,5,3,8,0.62
nMTH,6,2,8,0.75
nMTI,0,1,1,0.0
nMTL,2,4,6,0.33
nMTM,6,8,14,0.43
nMTN,7,8,15,0.47
nMTP,11,11,22,0.5
nMTS,5,2,7,0.71
nMTT,1,0,1,1.0
nMTb,5,3,8,0.62
nMTl,1,0,1,1.0
nMTm,4,4,8,0.5
nMTn,8,3,11,0.73
nMTs,0,2,2,0.0
nMbB,14,19,33,0.42
nMbD,2,5,7,0.29
nMbH,15,13,28,0.54
nMbI,5,2,7,0.71
nMbJ,10,8,18,0.56
nMbK,6,4,10,0.6
nMbL,8,15,23,0.35
nMbM,33,45,78,0.42
nMbN,62,56,118,0.53
nMbP,48,41,89,0.54
nMbS,16,22,38,0.42
nMbb,37,44,81,0.46
nMbl,9,14,23,0.39
nMbm,23,26,49,0.47
nMbn,48,38,86,0.56
nMbs,19,18,37,0.51
nMhB,14,22,36,0.39
nMhD,6,1,7,0.86
nMhH,6,7,13,0.46
nMhI,3,0,3,1.0
nMhK,0,1,1,0.0
nMhL,7,9,16,0.44
nMhM,45,29,74,0.61
nMhN,36,20,56,0.64
nMhP,46,35,81,0.57
nMhS,24,28,52,0.46
nMhT,4,2,6,0.67
nMhb,27,27,54,0.5
nMhh,23,37,60,0.38
nMhl,18,12,30,0.6
nMhm,28,21,49,0.57
nMhn,53,32,85,0.62
nMhs,28,20,48,0.58
nMjB,11,9,20,0.55
nMjD,1,0,1,1.0
nMjH,7,3,10,0.7
nMjI,1,2,3,0.33
nMjK,1,0,1,1.0
nMjL,3,8,11,0.27
nMjM,10,17,27,0.37
nMjN,11,10,21,0.52
nMjP,18,14,32,0.56
nMjS,12,13,25,0.48
nMjT,3,2,5,0.6
nMjb,7,13,20,0.35
nMjh,2,1,3,0.67
nMjl,3,5,8,0.38
nMjm,8,9,17,0.47
nMjn,20,12,32,0.62
nMjs,7,8,15,0.47
nMlB,9,12,21,0.43
nMlD,3,4,7,0.43
nMlH,7,12,19,0.37
nMlI,0,0,0,
nMlJ,5,1,6,0.83
nMlK,0,1,1,0.0
nMlL,10,7,17,0.59
nMlM,15,17,32,0.47
nMlN,22,17,39,0.56
nMlP,21,18,39,0.54
nMlS,9,14,23,0.39
nMlb,14,22,36,0.39
nMlh,0,1,1,0.0
nMll,9,5,14,0.64
nMlm,9,11,20,0.45
nMln,18,17,35,0.51
nMls,8,8,16,0.5
nMmB,24,18,42,0.57
nMmD,11,8,19,0.58
nMmH,30,27,57,0.53
nMmI,2,2,4,0.5
nMmJ,8,5,13,0.62
nMmK,0,0,0,
nMmL,7,10,17,0.41
nMmM,43,34,77,0.56
nMmN,47,52,99,0.47
nMmP,43,36,79,0.54
nMmS,35,38,73,0.48
nMmb,30,29,59,0.51
nMmh,0,1,1,0.0
nMml,7,7,14,0.5
nMmm,24,28,52,0.46
nMmn,51,33,84,0.61
nMms,23,18,41,0.56
nMnB,38,25,63,0.6
nMnD,9,9,18,0.5
nMnH,29,34,63,0.46
nMnI,8,6,14,0.57
nMnK,6,7,13,0.46
nMnL,18,20,38,0.47
nMnM,51,49,100,0.51
nMnN,81,100,181,0.45
nMnP,89,99,188,0.47
nMnS,48,37,85,0.56
nMnT,1,0,1,1.0
nMnb,54,50,104,0.52
nMnh,1,3,4,0.25
nMnl,27,13,40,0.68
nMnm,55,35,90,0.61
nMnn,71,69,140,0.51
nMns,39,49,88,0.44
nMsB,12,18,30,0.4
nMsD,3,6,9,0.33
nMsH,17,24,41,0.41
nMsI,7,3,10,0.7
nMsL,12,14,26,0.46
nMsM,23,28,51,0.45
nMsN,37,24,61,0.61
nMsP,50,38,88,0.57
nMsS,21,27,48,0.44
nMsb,27,20,47,0.57
nMsh,4,1,5,0.8
nMsl,11,10,21,0.52
nMsm,19,20,39,0.49
nMsn,32,25,57,0.56
nMss,24,16,40,0.6
nNBB,35,36,71,0.49
nNBD,1,5,6,0.17
nNBK,3,2,5,0.6
nNBL,15,17,32,0.47
nNBM,28,41,69,0.41
nNBN,40,41,81,0.49
nNBP,56,44,100,0.56
nNBS,23,14,37,0.62
nNBT,8,5,13,0.62
nNBb,47,34,81,0.58
nNBh,9,4,13,0.69
nNBj,17,12,29,0.59
nNBl,10,12,22,0.45
nNBm,36,25,61,0.59
nNBn,56,55,111,0.5
nNBs,21,20,41,0.51
nNDB,5,7,12,0.42
nNDD,2,3,5,0.4
nNDH,5,2,7,0.71
nNDI,0,1,1,0.0
nNDL,4,1,5,0.8
nNDM,2,3,5,0.4
nNDN,4,8,12,0.33
nNDP,5,3,8,0.62
nNDS,7,9,16,0.44
nNDT,1,0,1,1.0
nNDb,8,5,13,0.62
nNDh,0,0,0,
nNDl,5,2,7,0.71
nNDm,8,5,13,0.62
nNDn,5,5,10,0.5
nNDs,5,7,12,0.42
nNHB,3,6,9,0.33
nNHD,1,2,3,0.33
nNHH,2,2,4,0.5
nNHI,2,1,3,0.67
nNHK,3,2,5,0.6
nNHL,4,4,8,0.5
nNHM,5,6,11,0.45
nNHN,9,10,19,0.47
nNHP,21,13,34,0.62
nNHS,7,9,16,0.44
nNHT,2,0,2,1.0
nNHb,8,5,13,0.62
nNHh,1,1,2,0.5
nNHl,6,4,10,0.6
nNHm,7,9,16,0.44
nNHn,10,8,18,0.56
nNHs,12,8,20,0.6
nNIB,1,1,2,0.5
nNID,0,1,1,0.0
nNIL,1,0,1,1.0
nNIP,0,1,1,0.0
nNIS,1,1,2,0.5
nNIb,2,0,2,1.0
nNIm,1,0,1,1.0
nNKB,2,4,6,0.33
nNKD,0,0,0,
nNKH,1,2,3,0.33
nNKI,1,0,1,1.0
nNKL,0,1,1,0.0
nNKM,4,3,7,0.57
nNKN,6,3,9,0.67
nNKP,5,2,7,0.71
nNKS,4,8,12,0.33
nNKb,2,4,6,0.33
nNKh,3,2,5,0.6
nNKl,7,1,8,0.88
nNKm,2,3,5,0.4
nNKn,4,4,8,0.5
nNKs,5,3,8,0.62
nNLB,24,14,38,0.63
nNLD,2,2,4,0.5
nNLK,0,2,2,0.0
nNLL,6,6,12,0.5
nNLM,12,19,31,0.39
nNLN,13,20,33,0.39
nNLP,20,29,49,0.41
nNLS,4,12,16,0.25
nNLT,2,4,6,0.33
nNLb,11,25,36,0.31
nNLh,5,9,14,0.36
nNLj,6,6,12,0.5
nNLl,9,12,21,0.43
nNLm,18,9,27,0.67
nNLn,20,21,41,0.49
nNLs,6,18,24,0.25
nNMB,42,33,75,0.56
nNMD,7,4,11,0.64
nNMH,1,0,1,1.0
nNMK,0,1,1,0.0
nNML,11,15,26,0.42
nNMM,45,41,86,0.52
nNMN,52,55,107,0.49
nNMP,63,63,126,0.5
nNMS,25,24,49,0.51
nNMT,5,4,9,0.56
nNMb,58,48,106,0.55
nNMh,39,39,78,0.5
nNMj,18,13,31,0.58
nNMl,14,16,30,0.47
nNMm,55,55,110,0.5
nNMn,89,65,154,0.58
nNMs,33,37,70,0.47
nNNB,47,48,95,0.49
nNND,7,7,14,0.5
nNNH,7,7,14,0.5
nNNK,7,4,11,0.64
nNNL,17,16,33,0.52
nNNM,51,59,110,0.46
nNNN,61,88,149,0.41
nNNP,102,113,215,0.47
nNNS,64,48,112,0.57
nNNT,10,12,22,0.45
nNNb,55,51,106,0.52
nNNh,30,31,61,0.49
nNNl,23,29,52,0.44
nNNm,57,44,101,0.56
nNNn,107,92,199,0.54
nNNs,41,42,83,0.49
nNPB,67,59,126,0.53
nNPD,11,10,21,0.52
nNPH,14,25,39,0.36
nNPI,7,6,13,0.54
nNPK,8,11,19,0.42
nNPL,35,31,66,0.53
nNPM,82,103,185,0.44
nNPN,114,88,202,0.56
nNPP,129,132,261,0.49
nNPS,61,71,132,0.46
nNPT,12,11,23,0.52
nNPb,68,72,140,0.49
nNPh,13,16,29,0.45
nNPl,36,33,69,0.52
nNPm,83,61,144,0.58
nNPn,87,97,184,0.47
nNPs,70,66,136,0.51
nNSB,27,22,49,0.55
nNSD,6,6,12,0.5
nNSH,15,12,27,0.56
nNSI,0,0,0,
nNSK,1,1,2,0.5
nNSL,10,10,20,0.5
nNSM,43,36,79,0.54
nNSN,43,47,90,0.48
nNSP,63,75,138,0.46
nNSS,40,38,78,0.51
nNST,6,7,13,0.46
nNSb,25,37,62,0.4
nNSh,29,27,56,0.52
nNSl,19,11,30,0.63
nNSm,35,28,63,0.56
nNSn,62,41,103,0.6
nNSs,43,53,96,0.45
nNTB,10,2,12,0.83
nNTD,1,4,5,0.2
nNTH,7,4,11,0.64
nNTI,0,1,1,0.0
nNTK,1,1,2,0.5
nNTL,0,4,4,0.0
nNTM,4,8,12,0.33
nNTN,16,9,25,0.64
nNTP,23,15,38,0.61
nNTS,10,18,28,0.36
nNTT,4,0,4,1.0
nNTb,8,9,17,0.47
nNTh,0,1,1,0.0
nNTl,1,2,3,0.33
nNTm,9,8,17,0.53
nNTn,12,10,22,0.55
nNTs,3,6,9,0.33
nNbB,31,44,75,0.41
nNbD,7,2,9,0.78
nNbH,6,11,17,0.35
nNbI,2,1,3,0.67
nNbJ,14,7,21,0.67
nNbK,5,8,13,0.38
nNbL,15,21,36,0.42
nNbM,37,46,83,0.45
nNbN,58,70,128,0.45
nNbP,65,55,120,0.54
nNbS,27,28,55,0.49
nNbb,55,47,102,0.54
nNbl,16,12,28,0.57
nNbm,41,19,60,0.68
nNbn,48,48,96,0.5
nNbs,22,23,45,0.49
nNhB,9,11,20,0.45
nNhD,2,2,4,0.5
nNhH,5,2,7,0.71
nNhI,2,2,4,0.5
nNhL,6,6,12,0.5
nNhM,14,21,35,0.4
nNhN,11,19,30,0.37
nNhP,24,30,54,0.44
nNhS,12,14,26,0.46
nNhT,3,4,7,0.43
nNhb,14,16,30,0.47
nNhh,11,12,23,0.48
nNhl,17,7,24,0.71
nNhm,15,14,29,0.52
nNhn,25,34,59,0.42
nNhs,12,15,27,0.44
nNlB,16,11,27,0.59
nNlD,2,3,5,0.4
nNlH,14,12,26,0.54
nNlI,1,0,1,1.0
nNlJ,2,6,8,0.25
nNlK,2,3,5,0.4
nNlL,10,7,17,0.59
nNlM,24,15,39,0.62
nNlN,24,22,46,0.52
nNlP,23,29,52,0.44
nNlS,20,21,41,0.49
nNlb,23,13,36,0.64
nNll,10,12,22,0.45
nNlm,18,14,32,0.56
nNln,14,18,32,0.44
nNls,10,8,18,0.56
nNmB,33,40,73,0.45
nNmD,11,6,17,0.65
nNmH,32,30,62,0.52
nNmI,1,7,8,0.12
nNmJ,13,6,19,0.68
nNmK,0,3,3,0.0
nNmL,12,20,32,0.38
nNmM,43,36,79,0.54
nNmN,65,62,127,0.51
nNmP,61,62,123,0.5
nNmS,34,38,72,0.47
nNmb,42,48,90,0.47
nNmh,0,2,2,0.0
nNml,11,9,20,0.55
nNmm,40,32,72,0.56
nNmn,52,50,102,0.51
nNms,30,23,53,0.57
nNnB,64,50,114,0.56
nNnD,15,7,22,0.68
nNnH,44,38,82,0.54
nNnI,10,12,22,0.45
nNnK,4,6,10,0.4
nNnL,37,36,73,0.51
nNnM,58,74,132,0.44
nNnN,109,108,217,0.5
nNnP,112,117,229,0.49
nNnS,67,51,118,0.57
nNnT,0,1,1,0.0
nNnb,79,62,141,0.56
nNnh,0,3,3,0.0
nNnl,26,26,52,0.5
nNnm,71,46,117,0.61
nNnn,101,104,205,0.49
nNns,63,60,123,0.51
nNsB,22,18,40,0.55
nNsD,7,5,12,0.58
nNsH,24,58,82,0.29
nNsI,8,6,14,0.57
nNsK,0,2,2,0.0
nNsL,11,17,28,0.39
nNsM,27,33,60,0.45
nNsN,63,39,102,0.62
nNsP,62,67,129,0.48
nNsS,38,40,78,0.49
nNsb,31,33,64,0.48
nNsh,3,1,4,0.75
nNsl,14,23,37,0.38
nNsm,35,36,71,0.49
nNsn,38,49,87,0.44
nNss,26,33,59,0.44
nPBB,55,49,104,0.53
nPBD,5,8,13,0.38
nPBH,1,2,3,0.33
nPBK,4,3,7,0.57
nPBL,27,14,41,0.66
nPBM,42,39,81,0.52
nPBN,52,50,102,0.51
nPBP,64,49,113,0.57
nPBS,23,33,56,0.41
nPBT,9,3,12,0.75
nPBb,50,47,97,0.52
nPBh,2,7,9,0.22
nPBj,22,17,39,0.56
nPBl,30,16,46,0.65
nPBm,36,50,86,0.42
nPBn,60,58,118,0.51
nPBs,21,23,44,0.48
nPDB,3,6,9,0.33
nPDD,1,2,3,0.33
nPDH,3,2,5,0.6
nPDI,0,1,1,0.0
nPDL,1,1,2,0.5
nPDM,5,6,11,0.45
nPDN,7,5,12,0.58
nPDP,7,10,17,0.41
nPDS,5,7,12,0.42
nPDb,8,7,15,0.53
nPDh,0,1,1,0.0
nPDl,2,3,5,0.4
nPDm,13,7,20,0.65
nPDn,6,6,12,0.5
nPDs,5,3,8,0.62
nPHB,10,13,23,0.43
nPHD,2,4,6,0.33
nPHH,6,7,13,0.46
nPHI,3,0,3,1.0
nPHK,4,1,5,0.8
nPHL,16,8,24,0.67
nPHM,16,21,37,0.43
nPHN,23,24,47,0.49
nPHP,31,26,57,0.54
nPHS,19,18,37,0.51
nPHT,1,1,2,0.5
nPHb,20,19,39,0.51
nPHh,3,9,12,0.25
nPHl,14,5,19,0.74
nPHm,10,16,26,0.38
nPHn,31,25,56,0.55
nPHs,22,15,37,0.59
nPIB,4,6,10,0.4
nPID,0,1,1,0.0
nPIH,2,4,6,0.33
nPII,1,0,1,1.0
nPIK,1,0,1,1.0
nPIL,6,4,10,0.6
nPIM,4,3,7,0.57
nPIN,8,7,15,0.53
nPIP,12,4,16,0.75
nPIS,9,4,13,0.69
nPIT,0,1,1,0.0
nPIb,7,4,11,0.64
nPIl,1,0,1,1.0
nPIm,7,6,13,0.54
nPIn,8,1,9,0.89
nPIs,4,6,10,0.4
nPKB,4,6,10,0.4
nPKD,0,0,0,
nPKI,1,0,1,1.0
nPKL,7,7,14,0.5
nPKM,3,8,11,0.27
nPKN,6,2,8,0.75
nPKP,9,3,12,0.75
nPKS,3,6,9,0.33
nPKb,5,5,10,0.5
nPKh,5,6,11,0.45
nPKl,4,4,8,0.5
nPKm,5,7,12,0.42
nPKn,6,5,11,0.55
nPKs,4,5,9,0.44
nPLB,20,18,38,0.53
nPLD,1,5,6,0.17
nPLH,1,0,1,1.0
nPLL,18,12,30,0.6
nPLM,23,32,55,0.42
nPLN,23,27,50,0.46
nPLP,41,38,79,0.52
nPLS,24,21,45,0.53
nPLT,4,3,7,0.57
nPLb,17,28,45,0.38
nPLh,14,16,30,0.47
nPLj,12,6,18,0.67
nPLl,18,23,41,0.44
nPLm,26,24,50,0.52
nPLn,32,38,70,0.46
nPLs,13,9,22,0.59
nPMB,43,47,90,0.48
nPMD,5,10,15,0.33
nPMK,1,1,2,0.5
nPML,24,18,42,0.57
nPMM,47,60,107,0.44
nPMN,71,55,126,0.56
nPMP,82,88,170,0.48
nPMS,36,37,73,0.49
nPMT,10,4,14,0.71
nPMb,73,71,144,0.51
nPMh,47,65,112,0.42
nPMj,17,18,35,0.49
nPMl,25,23,48,0.52
nPMm,64,49,113,0.57
nPMn,62,83,145,0.43
nPMs,36,45,81,0.44
nPNB,59,39,98,0.6
nPND,7,5,12,0.58
nPNH,9,5,14,0.64
nPNK,8,6,14,0.57
nPNL,29,28,57,0.51
nPNM,72,78,150,0.48
nPNN,78,69,147,0.53
nPNP,116,114,230,0.5
nPNS,57,62,119,0.48
nPNT,10,10,20,0.5
nPNb,69,49,118,0.58
nPNh,42,42,84,0.5
nPNl,31,30,61,0.51
nPNm,63,51,114,0.55
nPNn,100,94,194,0.52
nPNs,65,52,117,0.56
nPPB,81,106,187,0.43
nPPD,12,8,20,0.6
nPPH,33,24,57,0.58
nPPI,13,11,24,0.54
nPPK,9,9,18,0.5
nPPL,58,61,119,0.49
nPPM,96,116,212,0.45
nPPN,104,90,194,0.54
nPPP,168,163,331,0.51
nPPS,79,95,174,0.45
nPPT,10,19,29,0.34
nPPb,116,92,208,0.56
nPPh,9,13,22,0.41
nPPl,62,44,106,0.58
nPPm,102,70,172,0.59
nPPn,101,89,190,0.53
nPPs,66,61,127,0.52
nPSB,29,33,62,0.47
nPSD,5,4,9,0.56
nPSH,10,11,21,0.48
nPSI,1,0,1,1.0
nPSK,0,2,2,0.0
nPSL,18,24,42,0.43
nPSM,42,64,106,0.4
nPSN,39,45,84,0.46
nPSP,66,67,133,0.5
nPSS,50,57,107,0.47
nPST,11,15,26,0.42
nPSb,51,32,83,0.61
nPSh,24,38,62,0.39
nPSl,33,22,55,0.6
nPSm,37,39,76,0.49
nPSn,60,48,108,0.56
nPSs,49,45,94,0.52
nPTB,4,5,9,0.44
nPTD,1,1,2,0.5
nPTH,1,7,8,0.12
nPTI,1,0,1,1.0
nPTK,3,0,3,1.0
nPTL,7,6,13,0.54
nPTM,8,9,17,0.47
nPTN,6,6,12,0.5
nPTP,11,8,19,0.58
nPTS,6,11,17,0.35
nPTT,1,0,1,1.0
nPTb,10,6,16,0.62
nPTh,0,1,1,0.0
nPTl,3,7,10,0.3
nPTm,9,11,20,0.45
nPTn,9,8,17,0.53
nPTs,5,7,12,0.42
nPbB,63,61,124,0.51
nPbD,4,2,6,0.67
nPbH,15,21,36,0.42
nPbI,11,3,14,0.79
nPbJ,14,13,27,0.52
nPbK,9,5,14,0.64
nPbL,27,34,61,0.44
nPbM,74,70,144,0.51
nPbN,81,78,159,0.51
nPbP,86,84,170,0.51
nPbS,29,24,53,0.55
nPbb,73,55,128,0.57
nPbl,37,25,62,0.6
nPbm,52,34,86,0.6
nPbn,55,59,114,0.48
nPbs,20,31,51,0.39
nPhB,5,5,10,0.5
nPhD,0,1,1,0.0
nPhH,1,5,6,0.17
nPhL,5,3,8,0.62
nPhM,11,6,17,0.65
nPhN,7,5,12,0.58
nPhP,10,6,16,0.62
nPhS,3,8,11,0.27
nPhT,2,0,2,1.0
nPhb,1,6,7,0.14
nPhh,13,13,26,0.5
nPhl,5,5,10,0.5
nPhm,9,5,14,0.64
nPhn,11,5,16,0.69
nPhs,1,7,8,0.12
nPlB,25,22,47,0.53
nPlD,2,0,2,1.0
nPlH,21,15,36,0.58
nPlI,1,2,3,0.33
nPlJ,9,10,19,0.47
nPlK,2,1,3,0.67
nPlL,9,15,24,0.38
nPlM,38,37,75,0.51
nPlN,35,30,65,0.54
nPlP,42,36,78,0.54
nPlS,23,34,57,0.4
nPlb,33,26,59,0.56
nPlh,0,0,0,
nPll,15,12,27,0.56
nPlm,30,16,46,0.65
nPln,26,22,48,0.54
nPls,27,12,39,0.69
nPmB,59,48,107,0.55
nPmD,6,7,13,0.46
nPmH,37,38,75,0.49
nPmI,3,4,7,0.43
nPmJ,14,9,23,0.61
nPmK,2,0,2,1.0
nPmL,28,24,52,0.54
nPmM,67,61,128,0.52
nPmN,66,62,128,0.52
nPmP,82,74,156,0.53
nPmS,29,44,73,0.4
nPmb,52,58,110,0.47
nPml,11,8,19,0.58
nPmm,46,40,86,0.53
nPmn,43,40,83,0.52
nPms,25,21,46,0.54
nPnB,39,53,92,0.42
nPnD,9,5,14,0.64
nPnH,32,50,82,0.39
nPnI,10,6,16,0.62
nPnK,1,5,6,0.17
nPnL,29,33,62,0.47
nPnM,59,72,131,0.45
nPnN,82,79,161,0.51
nPnP,115,110,225,0.51
nPnS,61,52,113,0.54
nPnT,0,0,0,
nPnb,61,56,117,0.52
nPnh,2,3,5,0.4
nPnl,34,30,64,0.53
nPnm,56,57,113,0.5
nPnn,74,74,148,0.5
nPns,60,43,103,0.58
nPsB,24,29,53,0.45
nPsD,7,6,13,0.54
nPsH,49,39,88,0.56
nPsI,8,11,19,0.42
nPsK,2,0,2,1.0
nPsL,23,21,44,0.52
nPsM,33,46,79,0.42
nPsN,56,56,112,0.5
nPsP,61,83,144,0.42
nPsS,39,45,84,0.46
nPsT,0,3,3,0.0
nPsb,38,45,83,0.46
nPsh,2,4,6,0.33
nPsl,22,25,47,0.47
nPsm,51,36,87,0.59
nPsn,44,32,76,0.58
nPss,33,44,77,0.43
nSBB,18,18,36,0.5
nSBD,1,2,3,0.33
nSBK,2,1,3,0.67
nSBL,5,9,14,0.36
nSBM,16,24,40,0.4
nSBN,26,17,43,0.6
nSBP,24,30,54,0.44
nSBS,13,18,31,0.42
nSBT,0,8,8,0.0
nSBb,20,10,30,0.67
nSBh,1,5,6,0.17
nSBj,11,5,16,0.69
nSBl,11,5,16,0.69
nSBm,27,11,38,0.71
nSBn,34,26,60,0.57
nSBs,11,9,20,0.55
nSDB,1,1,2,0.5
nSDD,2,1,3,0.67
nSDH,3,6,9,0.33
nSDI,1,0,1,1.0
nSDL,2,2,4,0.5
nSDM,5,5,10,0.5
nSDN,3,1,4,0.75
nSDP,4,4,8,0.5
nSDS,4,8,12,0.33
nSDT,1,0,1,1.0
nSDb,4,3,7,0.57
nSDh,0,0,0,
nSDl,1,1,2,0.5
nSDm,5,2,7,0.71
nSDn,7,5,12,0.58
nSDs,4,5,9,0.44
nSHB,8,8,16,0.5
nSHD,2,0,2,1.0
nSHH,4,3,7,0.57
nSHI,3,0,3,1.0
nSHK,0,3,3,0.0
nSHL,2,3,5,0.4
nSHM,8,9,17,0.47
nSHN,11,13,24,0.46
nSHP,19,12,31,0.61
nSHS,8,13,21,0.38
nSHT,1,2,3,0.33
nSHb,11,12,23,0.48
nSHh,5,7,12,0.42
nSHl,4,2,6,0.67
nSHm,15,5,20,0.75
nSHn,15,15,30,0.5
nSHs,7,9,16,0.44
nSIB,1,0,1,1.0
nSIM,1,1,2,0.5
nSIN,1,2,3,0.33
nSIP,2,0,2,1.0
nSIS,1,1,2,0.5
nSIb,0,1,1,0.0
nSIm,2,0,2,1.0
nSIs,1,0,1,1.0
nSKB,2,2,4,0.5
nSKL,1,0,1,1.0
nSKM,1,1,2,0.5
nSKN,0,1,1,0.0
nSKP,2,0,2,1.0
nSKh,1,1,2,0.5
nSKm,2,2,4,0.5
nSKn,2,0,2,1.0
nSKs,1,1,2,0.5
nSLB,10,11,21,0.48
nSLD,2,0,2,1.0
nSLL,7,3,10,0.7
nSLM,8,11,19,0.42
nSLN,9,11,20,0.45
nSLP,18,8,26,0.69
nSLS,7,6,13,0.54
nSLT,1,2,3,0.33
nSLb,5,10,15,0.33
nSLh,4,5,9,0.44
nSLj,3,3,6,0.5
nSLl,7,5,12,0.58
nSLm,14,6,20,0.7
nSLn,14,22,36,0.39
nSLs,10,11,21,0.48
nSMB,33,14,47,0.7
nSMD,1,2,3,0.33
nSMI,1,0,1,1.0
nSMK,1,0,1,1.0
nSML,10,9,19,0.53
nSMM,30,37,67,0.45
nSMN,25,31,56,0.45
nSMP,30,38,68,0.44
nSMS,27,19,46,0.59
nSMT,5,4,9,0.56
nSMb,32,32,64,0.5
nSMh,17,22,39,0.44
nSMj,7,8,15,0.47
nSMl,9,11,20,0.45
nSMm,31,24,55,0.56
nSMn,50,30,80,0.62
nSMs,21,19,40,0.52
nSNB,27,18,45,0.6
nSND,6,4,10,0.6
nSNH,4,5,9,0.44
nSNI,0,0,0,
nSNK,2,5,7,0.29
nSNL,10,3,13,0.77
nSNM,23,41,64,0.36
nSNN,38,43,81,0.47
nSNP,55,46,101,0.54
nSNS,25,34,59,0.42
nSNT,3,3,6,0.5
nSNb,22,24,46,0.48
nSNh,11,8,19,0.58
nSNl,9,10,19,0.47
nSNm,21,24,45,0.47
nSNn,39,56,95,0.41
nSNs,25,24,49,0.51
nSPB,26,27,53,0.49
nSPD,7,3,10,0.7
nSPH,11,16,27,0.41
nSPI,2,2,4,0.5
nSPK,4,5,9,0.44
nSPL,8,21,29,0.28
nSPM,41,48,89,0.46
nSPN,58,51,109,0.53
nSPP,83,59,142,0.58
nSPS,52,35,87,0.6
nSPT,7,5,12,0.58
nSPb,43,33,76,0.57
nSPh,4,3,7,0.57
nSPl,21,18,39,0.54
nSPm,42,33,75,0.56
nSPn,48,50,98,0.49
nSPs,33,41,74,0.45
nSSB,18,15,33,0.55
nSSD,1,7,8,0.12
nSSH,16,13,29,0.55
nSSI,3,1,4,0.75
nSSK,2,1,3,0.67
nSSL,12,8,20,0.6
nSSM,33,44,77,0.43
nSSN,36,35,71,0.51
nSSP,48,46,94,0.51
nSSS,38,43,81,0.47
nSST,4,2,6,0.67
nSSb,34,29,63,0.54
nSSh,17,19,36,0.47
nSSl,15,9,24,0.62
nSSm,30,30,60,0.5
nSSn,44,48,92,0.48
nSSs,39,35,74,0.53
nSTB,4,8,12,0.33
nSTD,1,0,1,1.0
nSTH,3,6,9,0.33
nSTI,0,1,1,0.0
nSTK,0,1,1,0.0
nSTL,1,2,3,0.33
nSTM,7,8,15,0.47
nSTN,8,6,14,0.57
nSTP,11,8,19,0.58
nSTS,6,12,18,0.33
nSTT,2,0,2,1.0
nSTb,9,1,10,0.9
nSTh,0,1,1,0.0
nSTl,3,0,3,1.0
nSTm,7,0,7,1.0
nSTn,6,8,14,0.43
nSTs,3,4,7,0.43
nSbB,21,17,38,0.55
nSbD,4,2,6,0.67
nSbH,3,11,14,0.21
nSbI,2,1,3,0.67
nSbJ,11,7,18,0.61
nSbK,2,2,4,0.5
nSbL,12,10,22,0.55
nSbM,25,31,56,0.45
nSbN,41,26,67,0.61
nSbP,24,30,54,0.44
nSbS,29,17,46,0.63
nSbb,21,32,53,0.4
nSbl,10,7,17,0.59
nSbm,21,7,28,0.75
nSbn,23,24,47,0.49
nSbs,19,13,32,0.59
nShB,10,12,22,0.45
nShD,3,0,3,1.0
nShH,2,4,6,0.33
nShI,3,2,5,0.6
nShL,6,6,12,0.5
nShM,12,24,36,0.33
nShN,20,28,48,0.42
nShP,26,28,54,0.48
nShS,20,29,49,0.41
nShT,8,6,14,0.57
nShb,16,19,35,0.46
nShh,19,20,39,0.49
nShl,10,5,15,0.67
nShm,18,16,34,0.53
nShn,27,20,47,0.57
nShs,24,24,48,0.5
nSlB,8,6,14,0.57
nSlD,1,1,2,0.5
nSlH,6,7,13,0.46
nSlI,1,2,3,0.33
nSlJ,2,3,5,0.4
nSlL,7,2,9,0.78
nSlM,10,15,25,0.4
nSlN,12,18,30,0.4
nSlP,18,18,36,0.5
nSlS,11,13,24,0.46
nSlb,15,23,38,0.39
nSll,9,4,13,0.69
nSlm,9,4,13,0.69
nSln,15,9,24,0.62
nSls,7,9,16,0.44
nSmB,13,30,43,0.3
nSmD,4,4,8,0.5
nSmH,22,26,48,0.46
nSmI,2,3,5,0.4
nSmJ,4,6,10,0.4
nSmL,12,9,21,0.57
nSmM,27,35,62,0.44
nSmN,43,30,73,0.59
nSmP,43,41,84,0.51
nSmS,22,29,51,0.43
nSmb,33,27,60,0.55
nSml,4,13,17,0.24
nSmm,29,23,52,0.56
nSmn,22,23,45,0.49
nSms,12,16,28,0.43
nSnB,25,27,52,0.48
nSnD,7,3,10,0.7
nSnH,16,20,36,0.44
nSnI,6,4,10,0.6
nSnK,5,1,6,0.83
nSnL,9,15,24,0.38
nSnM,34,35,69,0.49
nSnN,56,51,107,0.52
nSnP,52,64,116,0.45
nSnS,37,38,75,0.49
nSnb,39,39,78,0.5
nSnh,1,2,3,0.33
nSnl,19,14,33,0.58
nSnm,28,26,54,0.52
nSnn,52,36,88,0.59
nSns,33,30,63,0.52
nSsB,13,23,36,0.36
nSsD,3,8,11,0.27
nSsH,24,41,65,0.37
nSsI,3,4,7,0.43
nSsK,0,1,1,0.0
nSsL,13,10,23,0.57
nSsM,23,36,59,0.39
nSsN,31,36,67,0.46
nSsP,45,42,87,0.52
nSsS,41,47,88,0.47
nSsT,1,0,1,1.0
nSsb,23,15,38,0.61
nSsh,0,1,1,0.0
nSsl,18,12,30,0.6
nSsm,23,23,46,0.5
nSsn,29,29,58,0.5
nSss,38,27,65,0.58
nTBD,0,0,0,
nTBM,0,1,1,0.0
nTBP,1,0,1,1.0
nTBb,0,0,0,
nTBn,2,0,2,1.0
nTBs,1,0,1,1.0
nTHI,0,1,1,0.0
nTHM,0,1,1,0.0
nTHS,0,1,1,0.0
nTMM,1,0,1,1.0
nTMP,0,0,0,
nTMb,1,0,1,1.0
nTMh,0,0,0,
nTMm,1,0,1,1.0
nTMs,2,0,2,1.0
nTNB,0,1,1,0.0
nTNM,0,1,1,0.0
nTNN,1,1,2,0.5
nTNS,0,1,1,0.0
nTNb,1,0,1,1.0
nTNn,0,0,0,
nTPL,1,0,1,1.0
nTPN,0,0,0,
nTPP,2,0,2,1.0
nTPb,0,1,1,0.0
nTPn,0,1,1,0.0
nTSD,1,0,1,1.0
nTSm,1,0,1,1.0
nTTS,0,1,1,0.0
nTTb,0,1,1,0.0
nTbB,0,1,1,0.0
nTbn,0,1,1,0.0
nThM,1,0,1,1.0
nTlb,1,0,1,1.0
nTmH,1,0,1,1.0
nTmM,1,1,2,0.5
nTmN,1,0,1,1.0
nTmb,0,1,1,0.0
nTnB,1,0,1,1.0
nTnN,1,0,1,1.0
nTnP,1,0,1,1.0
nTnb,0,1,1,0.0
nTnm,1,0,1,1.0
nTsP,0,1,1,0.0
nbBB,26,40,66,0.39
nbBD,1,2,3,0.33
nbBK,2,0,2,1.0
nbBL,9,18,27,0.33
nbBM,26,34,60,0.43
nbBN,37,52,89,0.42
nbBP,33,51,84,0.39
nbBS,19,21,40,0.48
nbBT,4,7,11,0.36
nbBb,39,27,66,0.59
nbBh,6,4,10,0.6
nbBj,12,16,28,0.43
nbBl,19,9,28,0.68
nbBm,25,22,47,0.53
nbBn,58,35,93,0.62
nbBs,12,18,30,0.4
nbDB,3,2,5,0.6
nbDD,1,3,4,0.25
nbDH,0,4,4,0.0
nbDI,0,1,1,0.0
nbDL,0,2,2,0.0
nbDM,1,6,7,0.14
nbDN,6,1,7,0.86
nbDP,5,3,8,0.62
nbDS,2,4,6,0.33
nbDT,0,1,1,0.0
nbDb,1,2,3,0.33
nbDl,1,1,2,0.5
nbDm,0,3,3,0.0
nbDn,1,3,4,0.25
nbDs,2,1,3,0.67
nbHB,12,7,19,0.63
nbHD,2,0,2,1.0
nbHH,2,1,3,0.67
nbHK,0,3,3,0.0
nbHL,4,2,6,0.67
nbHM,18,10,28,0.64
nbHN,11,16,27,0.41
nbHP,17,13,30,0.57
nbHS,7,10,17,0.41
nbHT,1,2,3,0.33
nbHb,9,4,13,0.69
nbHh,6,2,8,0.75
nbHl,6,2,8,0.75
nbHm,10,4,14,0.71
nbHn,12,6,18,0.67
nbHs,4,6,10,0.4
nbIB,3,3,6,0.5
nbIH,4,5,9,0.44
nbIL,2,0,2,1.0
nbIM,2,5,7,0.29
nbIN,3,6,9,0.33
nbIP,7,5,12,0.58
nbIS,2,2,4,0.5
nbIb,4,2,6,0.67
nbIl,1,3,4,0.25
nbIm,7,3,10,0.7
nbIn,1,6,7,0.14
nbIs,1,2,3,0.33
nbJB,17,7,24,0.71
nbJD,2,1,3,0.67
nbJH,4,3,7,0.57
nbJI,1,0,1,1.0
nbJK,1,0,1,1.0
nbJL,2,6,8,0.25
nbJM,12,12,24,0.5
nbJN,9,12,21,0.43
nbJP,17,16,33,0.52
nbJS,5,7,12,0.42
nbJT,0,1,1,0.0
nbJb,12,12,24,0.5
nbJh,0,6,6,0.0
nbJl,11,6,17,0.65
nbJm,11,5,16,0.69
nbJn,10,13,23,0.43
nbJs,6,7,13,0.46
nbKB,3,6,9,0.33
nbKH,0,0,0,
nbKK,0,0,0,
nbKL,0,3,3,0.0
nbKM,7,8,15,0.47
nbKN,3,4,7,0.43
nbKP,8,4,12,0.67
nbKS,3,3,6,0.5
nbKT,0,1,1,0.0
nbKb,9,5,14,0.64
nbKh,1,7,8,0.12
nbKl,0,1,1,0.0
nbKm,3,4,7,0.43
nbKn,6,7,13,0.46
nbKs,0,4,4,0.0
nbLB,9,12,21,0.43
nbLD,1,0,1,1.0
nbLH,0,1,1,0.0
nbLK,0,4,4,0.0
nbLL,5,6,11,0.45
nbLM,17,16,33,0.52
nbLN,21,11,32,0.66
nbLP,24,16,40,0.6
nbLS,10,5,15,0.67
nbLT,1,0,1,1.0
nbLb,17,8,25,0.68
nbLh,9,11,20,0.45
nbLj,2,3,5,0.4
nbLl,7,5,12,0.58
nbLm,17,7,24,0.71
nbLn,23,21,44,0.52
nbLs,10,9,19,0.53
nbMB,34,33,67,0.51
nbMD,5,1,6,0.83
nbMH,0,2,2,0.0
nbMK,1,1,2,0.5
nbML,16,14,30,0.53
nbMM,29,31,60,0.48
nbMN,49,37,86,0.57
nbMP,44,52,96,0.46
nbMS,24,22,46,0.52
nbMT,8,6,14,0.57
nbMb,47,48,95,0.49
nbMh,28,30,58,0.48
nbMj,11,20,31,0.35
nbMl,16,10,26,0.62
nbMm,34,31,65,0.52
nbMn,59,75,134,0.44
nbMs,21,22,43,0.49
nbNB,39,37,76,0.51
nbND,8,5,13,0.62
nbNH,4,7,11,0.36
nbNK,2,4,6,0.33
nbNL,16,28,44,0.36
nbNM,47,52,99,0.47
nbNN,59,69,128,0.46
nbNP,83,84,167,0.5
nbNS,42,37,79,0.53
nbNT,14,7,21,0.67
nbNb,56,49,105,0.53
nbNh,14,24,38,0.37
nbNl,22,18,40,0.55
nbNm,63,35,98,0.64
nbNn,93,63,156,0.6
nbNs,25,27,52,0.48
nbPB,29,48,77,0.38
nbPD,6,2,8,0.75
nbPH,18,12,30,0.6
nbPI,6,3,9,0.67
nbPK,2,6,8,0.25
nbPL,25,25,50,0.5
nbPM,56,52,108,0.52
nbPN,62,48,110,0.56
nbPP,80,68,148,0.54
nbPS,35,38,73,0.48
nbPT,6,3,9,0.67
nbPb,55,48,103,0.53
nbPh,7,9,16,0.44
nbPl,23,30,53,0.43
nbPm,50,29,79,0.63
nbPn,41,55,96,0.43
nbPs,24,26,50,0.48
nbSB,11,21,32,0.34
nbSD,4,3,7,0.57
nbSH,7,6,13,0.54
nbSK,1,0,1,1.0
nbSL,12,6,18,0.67
nbSM,24,26,50,0.48
nbSN,17,24,41,0.41
nbSP,34,38,72,0.47
nbSS,27,15,42,0.64
nbST,1,2,3,0.33
nbSb,18,22,40,0.45
nbSh,10,13,23,0.43
nbSl,9,7,16,0.56
nbSm,26,15,41,0.63
nbSn,28,21,49,0.57
nbSs,29,17,46,0.63
nbTB,0,1,1,0.0
nbbB,37,51,88,0.42
nbbD,3,3,6,0.5
nbbH,12,7,19,0.63
nbbI,9,0,9,1.0
nbbJ,12,8,20,0.6
nbbK,2,4,6,0.33
nbbL,15,14,29,0.52
nbbM,46,36,82,0.56
nbbN,70,45,115,0.61
nbbP,45,47,92,0.49
nbbS,28,22,50,0.56
nbbT,0,1,1,0.0
nbbb,59,48,107,0.55
nbbl,22,9,31,0.71
nbbm,34,30,64,0.53
nbbn,39,39,78,0.5
nbbs,8,15,23,0.35
nbhM,1,0,1,1.0
nbhP,0,0,0,
nbhS,0,0,0,
nbhb,1,0,1,1.0
nbhh,0,1,1,0.0
nblB,6,14,20,0.3
nblD,1,1,2,0.5
nblH,5,7,12,0.42
nblI,0,4,4,0.0
nblJ,2,6,8,0.25
nblK,1,2,3,0.33
nblL,11,4,15,0.73
nblM,11,19,30,0.37
nblN,18,19,37,0.49
nblP,20,23,43,0.47
nblS,8,8,16,0.5
nblb,20,14,34,0.59
nbll,6,2,8,0.75
nblm,9,8,17,0.53
nbln,14,9,23,0.61
nbls,8,2,10,0.8
nbmB,33,34,67,0.49
nbmD,3,6,9,0.33
nbmH,21,20,41,0.51
nbmI,3,1,4,0.75
nbmJ,4,7,11,0.36
nbmK,1,0,1,1.0
nbmL,8,8,16,0.5
nbmM,24,34,58,0.41
nbmN,42,26,68,0.62
nbmP,38,37,75,0.51
nbmS,15,18,33,0.45
nbmT,1,0,1,1.0
nbmb,35,26,61,0.57
nbml,9,4,13,0.69
nbmm,21,16,37,0.57
nbmn,22,27,49,0.45
nbms,10,8,18,0.56
nbnB,44,38,82,0.54
nbnD,6,5,11,0.55
nbnH,18,19,37,0.49
nbnI,3,7,10,0.3
nbnK,4,1,5,0.8
nbnL,16,12,28,0.57
nbnM,35,44,79,0.44
nbnN,55,61,116,0.47
nbnP,80,73,153,0.52
nbnS,29,34,63,0.46
nbnb,45,48,93,0.48
nbnh,1,3,4,0.25
nbnl,22,12,34,0.65
nbnm,25,19,44,0.57
nbnn,52,30,82,0.63
nbns,29,20,49,0.59
nbsB,11,10,21,0.52
nbsD,1,4,5,0.2
nbsH,21,18,39,0.54
nbsI,4,0,4,1.0
nbsL,9,4,13,0.69
nbsM,15,25,40,0.38
nbsN,21,19,40,0.52
nbsP,29,23,52,0.56
nbsS,18,17,35,0.51
nbsb,19,14,33,0.58
nbsh,1,2,3,0.33
nbsl,8,6,14,0.57
nbsm,18,18,36,0.5
nbsn,12,8,20,0.6
nbss,9,8,17,0.53
nhBB,1,0,1,1.0
nhBD,0,1,1,0.0
nhBL,0,1,1,0.0
nhBM,2,0,2,1.0
nhBN,2,1,3,0.67
nhBP,3,2,5,0.6
nhBS,0,1,1,0.0
nhBb,1,1,2,0.5
nhBh,0,1,1,0.0
nhBj,1,0,1,1.0
nhBl,1,1,2,0.5
nhBm,2,0,2,1.0
nhBs,0,1,1,0.0
nhDP,0,1,1,0.0
nhDb,0,1,1,0.0
nhDh,0,1,1,0.0
nhHB,0,0,0,
nhHL,0,1,1,0.0
nhHP,1,3,4,0.25
nhHS,1,1,2,0.5
nhHb,1,0,1,1.0
nhHl,1,0,1,1.0
nhHn,0,1,1,0.0
nhIM,0,1,1,0.0
nhIS,0,1,1,0.0
nhLB,1,1,2,0.5
nhLL,0,1,1,0.0
nhLM,3,3,6,0.5
nhLN,1,3,4,0.25
nhLP,2,0,2,1.0
nhLS,0,0,0,
nhLb,2,1,3,0.67
nhLh,0,1,1,0.0
nhLn,0,1,1,0.0
nhLs,0,0,0,
nhMB,0,2,2,0.0
nhMI,0,1,1,0.0
nhML,1,0,1,1.0
nhMM,1,2,3,0.33
nhMN,1,0,1,1.0
nhMP,0,4,4,0.0
nhMS,2,1,3,0.67
nhMT,1,0,1,1.0
nhMb,1,1,2,0.5
nhMh,2,1,3,0.67
nhMj,1,0,1,1.0
nhMl,1,0,1,1.0
nhMm,2,4,6,0.33
nhMn,0,2,2,0.0
nhMs,0,2,2,0.0
nhNB,3,1,4,0.75
nhNH,0,1,1,0.0
nhNM,3,3,6,0.5
nhNN,3,2,5,0.6
nhNP,3,1,4,0.75
nhNS,0,2,2,0.0
nhNT,1,1,2,0.5
nhNb,3,3,6,0.5
nhNh,1,0,1,1.0
nhNl,1,1,2,0.5
nhNm,3,0,3,1.0
nhNn,0,1,1,0.0
nhNs,1,0,1,1.0
nhPB,4,3,7,0.57
nhPH,1,0,1,1.0
nhPL,2,2,4,0.5
nhPM,3,1,4,0.75
nhPN,1,2,3,0.33
nhPP,2,0,2,1.0
nhPS,1,3,4,0.25
nhPb,1,2,3,0.33
nhPh,0,2,2,0.0
nhPl,0,2,2,0.0
nhPm,4,3,7,0.57
nhPn,1,0,1,1.0
nhPs,2,1,3,0.67
nhSB,2,2,4,0.5
nhSH,0,1,1,0.0
nhSK,1,0,1,1.0
nhSL,0,0,0,
nhSM,0,4,4,0.0
nhSN,0,1,1,0.0
nhSP,2,1,3,0.67
nhSS,5,0,5,1.0
nhSb,1,0,1,1.0
nhSh,2,1,3,0.67
nhSl,1,0,1,1.0
nhSs,0,1,1,0.0
nhTL,0,1,1,0.0
nhTN,1,0,1,1.0
nhTS,0,0,0,
nhbB,2,2,4,0.5
nhbJ,0,2,2,0.0
nhbL,0,4,4,0.0
nhbM,2,0,2,1.0
nhbN,2,1,3,0.67
nhbP,5,2,7,0.71
nhbS,1,1,2,0.5
nhbb,4,4,8,0.5
nhbl,1,0,1,1.0
nhbm,2,0,2,1.0
nhbn,2,1,3,0.67
nhbs,0,2,2,0.0
nhhB,1,2,3,0.33
nhhM,0,1,1,0.0
nhhN,1,2,3,0.33
nhhP,5,2,7,0.71
nhhS,3,1,4,0.75
nhhh,4,1,5,0.8
nhhl,0,1,1,0.0
nhhm,1,1,2,0.5
nhhn,1,2,3,0.33
nhhs,1,1,2,0.5
nhlH,0,1,1,0.0
nhlJ,0,1,1,0.0
nhlL,0,1,1,0.0
nhlM,3,0,3,1.0
nhlN,2,1,3,0.67
nhlS,2,0,2,1.0
nhlb,2,0,2,1.0
nhll,0,1,1,0.0
nhlm,0,3,3,0.0
nhln,1,2,3,0.33
nhmB,3,2,5,0.6
nhmH,0,1,1,0.0
nhmL,2,0,2,1.0
nhmM,0,3,3,0.0
nhmN,1,2,3,0.33
nhmP,1,3,4,0.25
nhmS,0,2,2,0.0
nhmb,2,3,5,0.4
nhml,1,0,1,1.0
nhmm,0,2,2,0.0
nhmn,2,0,2,1.0
nhms,0,2,2,0.0
nhnB,0,1,1,0.0
nhnD,1,0,1,1.0
nhnH,1,0,1,1.0
nhnM,2,3,5,0.4
nhnN,2,3,5,0.4
nhnP,2,2,4,0.5
nhnS,0,1,1,0.0
nhnb,2,3,5,0.4
nhnh,0,1,1,0.0
nhnl,1,1,2,0.5
nhnm,1,0,1,1.0
nhnn,2,1,3,0.67
nhns,4,3,7,0.57
nhsB,0,1,1,0.0
nhsH,1,4,5,0.2
nhsI,0,2,2,0.0
nhsM,1,2,3,0.33
nhsN,0,3,3,0.0
nhsP,1,1,2,0.5
nhsS,2,1,3,0.67
nhsT,1,0,1,1.0
nhsb,2,3,5,0.4
nhsl,1,0,1,1.0
nhsm,2,0,2,1.0
nhsn,1,0,1,1.0
nhss,4,1,5,0.8
nl,1,0,1,1.0
nlBB,5,9,14,0.36
nlBD,0,1,1,0.0
nlBK,2,0,2,1.0
nlBL,4,5,9,0.44
nlBM,16,7,23,0.7
nlBN,17,14,31,0.55
nlBP,22,15,37,0.59
nlBS,6,3,9,0.67
nlBT,0,3,3,0.0
nlBb,13,5,18,0.72
nlBh,2,1,3,0.67
nlBj,8,4,12,0.67
nlBl,10,2,12,0.83
nlBm,18,8,26,0.69
nlBn,23,18,41,0.56
nlBs,7,5,12,0.58
nlDB,2,1,3,0.67
nlDD,0,1,1,0.0
nlDL,0,1,1,0.0
nlDM,0,2,2,0.0
nlDN,5,0,5,1.0
nlDP,3,2,5,0.6
nlDS,1,1,2,0.5
nlDT,2,0,2,1.0
nlDb,0,2,2,0.0
nlDh,0,1,1,0.0
nlDm,2,2,4,0.5
nlDn,1,0,1,1.0
nlDs,2,2,4,0.5
nlHB,4,9,13,0.31
nlHD,2,3,5,0.4
nlHH,1,1,2,0.5
nlHK,1,1,2,0.5
nlHL,7,8,15,0.47
nlHM,12,17,29,0.41
nlHN,12,6,18,0.67
nlHP,21,11,32,0.66
nlHS,8,8,16,0.5
nlHT,0,1,1,0.0
nlHb,8,10,18,0.44
nlHh,4,1,5,0.8
nlHl,5,4,9,0.56
nlHm,8,9,17,0.47
nlHn,10,13,23,0.43
nlHs,7,5,12,0.58
nlIB,1,0,1,1.0
nlIH,0,4,4,0.0
nlIM,1,1,2,0.5
nlIN,2,0,2,1.0
nlIP,1,1,2,0.5
nlIS,3,0,3,1.0
nlIb,3,0,3,1.0
nlIl,2,0,2,1.0
nlIm,2,0,2,1.0
nlIn,1,0,1,1.0
nlIs,1,1,2,0.5
nlJB,3,3,6,0.5
nlJD,0,3,3,0.0
nlJH,2,1,3,0.67
nlJI,1,0,1,1.0
nlJL,1,2,3,0.33
nlJM,1,7,8,0.12
nlJN,4,6,10,0.4
nlJP,10,6,16,0.62
nlJS,2,4,6,0.33
nlJT,0,2,2,0.0
nlJb,5,1,6,0.83
nlJl,3,3,6,0.5
nlJm,4,4,8,0.5
nlJn,4,5,9,0.44
nlJs,3,5,8,0.38
nlKB,0,0,0,
nlKL,0,0,0,
nlKM,0,1,1,0.0
nlKN,0,0,0,
nlKP,0,2,2,0.0
nlKb,1,2,3,0.33
nlKh,1,0,1,1.0
nlKl,1,0,1,1.0
nlKm,0,2,2,0.0
nlKn,1,0,1,1.0
nlLB,3,2,5,0.6
nlLL,4,0,4,1.0
nlLM,9,8,17,0.53
nlLN,9,4,13,0.69
nlLP,8,9,17,0.47
nlLS,4,3,7,0.57
nlLT,1,3,4,0.25
nlLb,6,8,14,0.43
nlLh,3,2,5,0.6
nlLj,1,2,3,0.33
nlLl,3,3,6,0.5
nlLm,6,4,10,0.6
nlLn,17,15,32,0.53
nlLs,4,2,6,0.67
nlMB,11,12,23,0.48
nlMD,2,0,2,1.0
nlML,11,6,17,0.65
nlMM,9,14,23,0.39
nlMN,18,10,28,0.64
nlMP,9,27,36,0.25
nlMS,12,14,26,0.46
nlMT,1,3,4,0.25
nlMb,19,16,35,0.54
nlMh,9,9,18,0.5
nlMj,9,5,14,0.64
nlMl,6,6,12,0.5
nlMm,14,7,21,0.67
nlMn,16,25,41,0.39
nlMs,11,8,19,0.58
nlN,1,0,1,1.0
nlNB,17,10,27,0.63
nlNH,3,5,8,0.38
nlNK,4,0,4,1.0
nlNL,7,10,17,0.41
nlNM,13,21,34,0.38
nlNN,30,18,48,0.62
nlNP,38,26,64,0.59
nlNS,11,15,26,0.42
nlNT,4,5,9,0.44
nlNb,19,12,31,0.61
nlNh,6,4,10,0.6
nlNl,12,2,14,0.86
nlNm,22,10,32,0.69
nlNn,25,31,56,0.45
nlNs,19,9,28,0.68
nlPB,18,25,43,0.42
nlPD,1,1,2,0.5
nlPH,5,11,16,0.31
nlPI,1,0,1,1.0
nlPK,2,1,3,0.67
nlPL,9,18,27,0.33
nlPM,22,19,41,0.54
nlPN,30,18,48,0.62
nlPP,44,29,73,0.6
nlPS,13,25,38,0.34
nlPT,2,4,6,0.33
nlPb,24,20,44,0.55
nlPh,4,2,6,0.67
nlPl,10,13,23,0.43
nlPm,19,14,33,0.58
nlPn,22,12,34,0.65
nlPs,14,12,26,0.54
nlSB,7,5,12,0.58
nlSH,5,2,7,0.71
nlSL,7,4,11,0.64
nlSM,10,12,22,0.45
nlSN,10,10,20,0.5
nlSP,12,19,31,0.39
nlSS,6,11,17,0.35
nlST,4,1,5,0.8
nlSb,8,11,19,0.42
nlSh,10,6,16,0.62
nlSl,4,6,10,0.4
nlSm,10,7,17,0.59
nlSn,13,12,25,0.52
nlSs,16,8,24,0.67
nlbB,20,22,42,0.48
nlbD,1,1,2,0.5
nlbH,6,0,6,1.0
nlbI,0,1,1,0.0
nlbJ,4,4,8,0.5
nlbK,0,1,1,0.0
nlbL,7,2,9,0.78
nlbM,15,15,30,0.5
nlbN,23,21,44,0.52
nlbP,23,27,50,0.46
nlbS,8,10,18,0.44
nlbb,21,29,50,0.42
nlbl,10,3,13,0.77
nlbm,19,7,26,0.73
nlbn,13,10,23,0.57
nlbs,6,9,15,0.4
nlhI,0,1,1,0.0
nllB,4,4,8,0.5
nllD,2,0,2,1.0
nllH,4,8,12,0.33
nllI,0,1,1,0.0
nllJ,1,1,2,0.5
nllK,0,4,4,0.0
nllL,0,2,2,0.0
nllM,7,6,13,0.54
nllN,6,7,13,0.46
nllP,4,11,15,0.27
nllS,4,4,8,0.5
nllb,5,8,13,0.38
nlll,1,2,3,0.33
nllm,4,8,12,0.33
nlln,7,6,13,0.54
nlls,4,5,9,0.44
nlmB,7,12,19,0.37
nlmD,1,1,2,0.5
nlmH,5,6,11,0.45
nlmI,1,0,1,1.0
nlmJ,1,0,1,1.0
nlmL,2,2,4,0.5
nlmM,14,6,20,0.7
nlmN,16,15,31,0.52
nlmP,24,16,40,0.6
nlmS,3,8,11,0.27
nlmb,12,7,19,0.63
nlml,1,2,3,0.33
nlmm,9,6,15,0.6
nlmn,12,9,21,0.57
nlms,5,3,8,0.62
nlnB,6,15,21,0.29
nlnD,2,1,3,0.67
nlnH,6,5,11,0.55
nlnI,0,1,1,0.0
nlnK,1,1,2,0.5
nlnL,8,4,12,0.67
nlnM,17,16,33,0.52
nlnN,22,28,50,0.44
nlnP,25,28,53,0.47
nlnS,11,12,23,0.48
nlnb,13,10,23,0.57
nlnl,7,4,11,0.64
nlnm,13,9,22,0.59
nlnn,14,17,31,0.45
nlns,5,6,11,0.45
nlsB,7,9,16,0.44
nlsD,0,1,1,0.0
nlsH,5,14,19,0.26
nlsI,1,0,1,1.0
nlsL,8,7,15,0.53
nlsM,4,5,9,0.44
nlsN,8,6,14,0.57
nlsP,16,13,29,0.55
nlsS,11,3,14,0.79
nlsb,6,6,12,0.5
nlsh,1,1,2,0.5
nlsl,8,5,13,0.62
nlsm,4,2,6,0.67
nlsn,10,6,16,0.62
nlss,5,7,12,0.42
nmBB,21,18,39,0.54
nmBD,3,5,8,0.38
nmBH,0,1,1,0.0
nmBK,3,7,10,0.3
nmBL,7,15,22,0.32
nmBM,20,25,45,0.44
nmBN,37,35,72,0.51
nmBP,45,30,75,0.6
nmBS,21,19,40,0.52
nmBT,6,1,7,0.86
nmBb,26,25,51,0.51
nmBh,3,6,9,0.33
nmBj,11,5,16,0.69
nmBl,3,9,12,0.25
nmBm,27,21,48,0.56
nmBn,55,36,91,0.6
nmBs,24,15,39,0.62
nmDB,4,3,7,0.57
nmDD,1,2,3,0.33
nmDH,3,4,7,0.43
nmDL,0,2,2,0.0
nmDM,5,6,11,0.45
nmDN,5,3,8,0.62
nmDP,2,9,11,0.18
nmDS,2,8,10,0.2
nmDT,2,1,3,0.67
nmDb,5,5,10,0.5
nmDh,1,0,1,1.0
nmDl,2,7,9,0.22
nmDm,10,5,15,0.67
nmDn,9,11,20,0.45
nmDs,9,2,11,0.82
nmHB,20,11,31,0.65
nmHD,2,4,6,0.33
nmHH,3,5,8,0.38
nmHI,4,7,11,0.36
nmHK,1,2,3,0.33
nmHL,8,5,13,0.62
nmHM,26,24,50,0.52
nmHN,20,34,54,0.37
nmHP,34,41,75,0.45
nmHS,24,14,38,0.63
nmHT,0,2,2,0.0
nmHb,20,20,40,0.5
nmHh,12,9,21,0.57
nmHl,11,12,23,0.48
nmHm,28,20,48,0.58
nmHn,33,24,57,0.58
nmHs,23,18,41,0.56
nmID,1,0,1,1.0
nmIH,2,2,4,0.5
nmIL,2,4,6,0.33
nmIM,1,4,5,0.2
nmIN,4,5,9,0.44
nmIP,11,5,16,0.69
nmIS,1,3,4,0.25
nmIb,4,3,7,0.57
nmIl,2,0,2,1.0
nmIm,0,2,2,0.0
nmIn,3,4,7,0.43
nmIs,0,1,1,0.0
nmJB,3,4,7,0.43
nmJD,1,1,2,0.5
nmJH,3,5,8,0.38
nmJI,1,0,1,1.0
nmJK,0,0,0,
nmJL,9,2,11,0.82
nmJM,4,12,16,0.25
nmJN,5,6,11,0.45
nmJP,17,12,29,0.59
nmJS,3,3,6,0.5
nmJT,2,2,4,0.5
nmJb,15,6,21,0.71
nmJh,1,0,1,1.0
nmJl,3,3,6,0.5
nmJm,12,3,15,0.8
nmJn,5,5,10,0.5
nmJs,4,3,7,0.57
nmKB,2,0,2,1.0
nmKM,1,3,4,0.25
nmKP,1,0,1,1.0
nmKb,0,0,0,
nmKh,0,1,1,0.0
nmKn,0,1,1,0.0
nmLB,8,3,11,0.73
nmLD,1,0,1,1.0
nmLL,6,7,13,0.46
nmLM,16,10,26,0.62
nmLN,7,9,16,0.44
nmLP,10,16,26,0.38
nmLS,8,8,16,0.5
nmLT,3,1,4,0.75
nmLb,9,4,13,0.69
nmLh,4,6,10,0.4
nmLj,4,3,7,0.57
nmLl,1,2,3,0.33
nmLm,16,9,25,0.64
nmLn,15,15,30,0.5
nmLs,8,8,16,0.5
nmMB,26,29,55,0.47
nmMD,6,3,9,0.67
nmMK,2,1,3,0.67
nmML,8,6,14,0.57
nmMM,31,43,74,0.42
nmMN,42,53,95,0.44
nmMP,41,41,82,0.5
nmMS,28,25,53,0.53
nmMT,2,7,9,0.22
nmMb,37,24,61,0.61
nmMh,28,38,66,0.42
nmMj,10,11,21,0.48
nmMl,17,13,30,0.57
nmMm,38,23,61,0.62
nmMn,60,60,120,0.5
nmMs,23,20,43,0.53
nmNB,29,34,63,0.46
nmND,4,4,8,0.5
nmNH,6,5,11,0.55
nmNI,0,1,1,0.0
nmNK,7,3,10,0.7
nmNL,10,14,24,0.42
nmNM,39,42,81,0.48
nmNN,46,54,100,0.46
nmNP,75,75,150,0.5
nmNS,34,23,57,0.6
nmNT,8,9,17,0.47
nmNb,39,31,70,0.56
nmNh,10,15,25,0.4
nmNl,15,14,29,0.52
nmNm,37,28,65,0.57
nmNn,66,77,143,0.46
nmNs,29,23,52,0.56
nmPB,37,32,69,0.54
nmPD,4,6,10,0.4
nmPH,10,14,24,0.42
nmPI,5,2,7,0.71
nmPK,6,1,7,0.86
nmPL,15,16,31,0.48
nmPM,49,49,98,0.5
nmPN,49,54,103,0.48
nmPP,71,69,140,0.51
nmPS,28,28,56,0.5
nmPT,7,6,13,0.54
nmPb,46,32,78,0.59
nmPh,5,6,11,0.45
nmPl,15,16,31,0.48
nmPm,37,47,84,0.44
nmPn,49,42,91,0.54
nmPs,26,30,56,0.46
nmSB,17,20,37,0.46
nmSD,6,2,8,0.75
nmSH,9,9,18,0.5
nmSI,1,0,1,1.0
nmSL,8,5,13,0.62
nmSM,18,20,38,0.47
nmSN,18,22,40,0.45
nmSP,42,20,62,0.68
nmSS,27,18,45,0.6
nmST,9,4,13,0.69
nmSb,15,17,32,0.47
nmSh,6,18,24,0.25
nmSl,10,5,15,0.67
nmSm,18,18,36,0.5
nmSn,29,29,58,0.5
nmSs,20,22,42,0.48
nmTS,0,1,1,0.0
nmTT,0,1,1,0.0
nmbB,43,25,68,0.63
nmbD,6,3,9,0.67
nmbH,9,8,17,0.53
nmbI,3,3,6,0.5
nmbJ,9,10,19,0.47
nmbK,4,0,4,1.0
nmbL,15,15,30,0.5
nmbM,49,23,72,0.68
nmbN,45,42,87,0.52
nmbP,43,40,83,0.52
nmbS,12,9,21,0.57
nmbb,48,27,75,0.64
nmbl,12,8,20,0.6
nmbm,29,15,44,0.66
nmbn,43,34,77,0.56
nmbs,12,11,23,0.52
nmhI,1,0,1,1.0
nmhn,1,0,1,1.0
nmlB,13,7,20,0.65
nmlD,0,1,1,0.0
nmlH,5,7,12,0.42
nmlI,1,1,2,0.5
nmlJ,2,5,7,0.29
nmlL,11,2,13,0.85
nmlM,11,9,20,0.55
nmlN,13,10,23,0.57
nmlP,23,10,33,0.7
nmlS,9,7,16,0.56
nmlb,10,13,23,0.43
nmll,3,2,5,0.6
nmlm,8,5,13,0.62
nmln,11,5,16,0.69
nmls,3,4,7,0.43
nmmB,22,16,38,0.58
nmmD,8,4,12,0.67
nmmH,15,12,27,0.56
nmmI,4,1,5,0.8
nmmJ,3,4,7,0.43
nmmK,0,0,0,
nmmL,8,4,12,0.67
nmmM,31,31,62,0.5
nmmN,25,27,52,0.48
nmmP,39,42,81,0.48
nmmS,12,21,33,0.36
nmmb,27,30,57,0.47
nmmh,0,0,0,
nmml,8,4,12,0.67
nmmm,20,22,42,0.48
nmmn,32,36,68,0.47
nmms,14,12,26,0.54
nmnB,36,33,69,0.52
nmnD,0,3,3,0.0
nmnH,23,9,32,0.72
nmnI,6,0,6,1.0
nmnK,0,1,1,0.0
nmnL,10,13,23,0.43
nmnM,39,36,75,0.52
nmnN,44,52,96,0.46
nmnP,62,53,115,0.54
nmnS,14,22,36,0.39
nmnT,2,0,2,1.0
nmnb,37,33,70,0.53
nmnh,0,1,1,0.0
nmnl,8,4,12,0.67
nmnm,28,17,45,0.62
nmnn,40,34,74,0.54
nmns,14,24,38,0.37
nmsB,7,7,14,0.5
nmsD,6,1,7,0.86
nmsH,15,17,32,0.47
nmsI,1,0,1,1.0
nmsK,1,1,2,0.5
nmsL,3,7,10,0.3
nmsM,14,15,29,0.48
nmsN,18,19,37,0.49
nmsP,19,19,38,0.5
nmsS,17,10,27,0.63
nmsb,21,10,31,0.68
nmsl,7,3,10,0.7
nmsm,17,12,29,0.59
nmsn,15,11,26,0.58
nmss,17,9,26,0.65
nnBB,23,29,52,0.44
nnBD,1,2,3,0.33
nnBK,3,3,6,0.5
nnBL,12,4,16,0.75
nnBM,24,29,53,0.45
nnBN,42,48,90,0.47
nnBP,38,35,73,0.52
nnBS,19,17,36,0.53
nnBT,3,4,7,0.43
nnBb,32,37,69,0.46
nnBh,8,6,14,0.57
nnBj,16,11,27,0.59
nnBl,9,15,24,0.38
nnBm,27,27,54,0.5
nnBn,51,37,88,0.58
nnBs,19,23,42,0.45
nnDB,2,6,8,0.25
nnDD,0,2,2,0.0
nnDH,6,9,15,0.4
nnDL,2,2,4,0.5
nnDM,6,3,9,0.67
nnDN,5,2,7,0.71
nnDP,3,5,8,0.38
nnDS,8,5,13,0.62
nnDT,3,0,3,1.0
nnDb,3,7,10,0.3
nnDh,0,1,1,0.0
nnDl,1,1,2,0.5
nnDm,5,7,12,0.42
nnDn,7,8,15,0.47
nnDs,9,3,12,0.75
nnHB,17,11,28,0.61
nnHD,2,3,5,0.4
nnHH,1,2,3,0.33
nnHI,1,1,2,0.5
nnHK,2,1,3,0.67
nnHL,9,2,11,0.82
nnHM,20,23,43,0.47
nnHN,25,32,57,0.44
nnHP,37,28,65,0.57
nnHS,18,16,34,0.53
nnHT,1,1,2,0.5
nnHb,23,14,37,0.62
nnHh,17,11,28,0.61
nnHl,14,6,20,0.7
nnHm,21,14,35,0.6
nnHn,31,31,62,0.5
nnHs,24,16,40,0.6
nnIB,2,3,5,0.4
nnID,1,2,3,0.33
nnIH,2,8,10,0.2
nnII,1,2,3,0.33
nnIL,2,1,3,0.67
nnIM,10,11,21,0.48
nnIN,10,5,15,0.67
nnIP,12,10,22,0.55
nnIS,6,3,9,0.67
nnIT,3,1,4,0.75
nnIb,8,2,10,0.8
nnIh,0,1,1,0.0
nnIl,2,4,6,0.33
nnIm,7,5,12,0.58
nnIn,6,6,12,0.5
nnIs,4,6,10,0.4
nnKB,1,2,3,0.33
nnKD,0,1,1,0.0
nnKH,0,2,2,0.0
nnKM,4,4,8,0.5
nnKN,5,5,10,0.5
nnKP,6,6,12,0.5
nnKS,3,5,8,0.38
nnKT,0,0,0,
nnKb,6,2,8,0.75
nnKh,3,5,8,0.38
nnKl,2,2,4,0.5
nnKm,6,4,10,0.6
nnKn,4,6,10,0.4
nnKs,5,1,6,0.83
nnLB,13,10,23,0.57
nnLD,1,2,3,0.33
nnLK,0,1,1,0.0
nnLL,11,8,19,0.58
nnLM,11,19,30,0.37
nnLN,18,21,39,0.46
nnLP,14,32,46,0.3
nnLS,4,10,14,0.29
nnLT,2,1,3,0.67
nnLb,10,23,33,0.3
nnLh,8,13,21,0.38
nnLj,11,5,16,0.69
nnLl,8,8,16,0.5
nnLm,13,14,27,0.48
nnLn,23,12,35,0.66
nnLs,5,6,11,0.45
nnMB,31,33,64,0.48
nnMD,7,5,12,0.58
nnMH,0,1,1,0.0
nnML,13,10,23,0.57
nnMM,32,42,74,0.43
nnMN,49,57,106,0.46
nnMP,53,55,108,0.49
nnMS,31,28,59,0.53
nnMT,6,2,8,0.75
nnMb,37,37,74,0.5
nnMh,33,30,63,0.52
nnMj,20,15,35,0.57
nnMl,14,17,31,0.45
nnMm,37,40,77,0.48
nnMn,65,62,127,0.51
nnMs,31,37,68,0.46
nnNB,37,53,90,0.41
nnND,8,9,17,0.47
nnNH,7,10,17,0.41
nnNI,0,0,0,
nnNK,5,5,10,0.5
nnNL,15,19,34,0.44
nnNM,46,78,124,0.37
nnNN,61,94,155,0.39
nnNP,91,102,193,0.47
nnNS,47,35,82,0.57
nnNT,11,10,21,0.52
nnNb,58,36,94,0.62
nnNh,18,29,47,0.38
nnNl,20,20,40,0.5
nnNm,66,48,114,0.58
nnNn,100,102,202,0.5
nnNs,50,43,93,0.54
nnPB,71,56,127,0.56
nnPD,6,3,9,0.67
nnPH,33,20,53,0.62
nnPI,7,6,13,0.54
nnPK,7,6,13,0.54
nnPL,33,30,63,0.52
nnPM,74,66,140,0.53
nnPN,89,82,171,0.52
nnPP,114,112,226,0.5
nnPS,65,64,129,0.5
nnPT,8,10,18,0.44
nnPb,74,53,127,0.58
nnPh,7,10,17,0.41
nnPl,35,37,72,0.49
nnPm,73,47,120,0.61
nnPn,86,87,173,0.5
nnPs,48,56,104,0.46
nnSB,30,16,46,0.65
nnSD,3,2,5,0.6
nnSH,12,18,30,0.4
nnSI,1,0,1,1.0
nnSK,1,0,1,1.0
nnSL,7,14,21,0.33
nnSM,26,34,60,0.43
nnSN,40,36,76,0.53
nnSP,60,48,108,0.56
nnSS,36,42,78,0.46
nnST,6,2,8,0.75
nnSb,27,22,49,0.55
nnSh,20,19,39,0.51
nnSl,8,13,21,0.38
nnSm,28,26,54,0.52
nnSn,53,43,96,0.55
nnSs,51,33,84,0.61
nnTH,0,0,0,
nnTM,0,1,1,0.0
nnTP,1,0,1,1.0
nnTT,0,1,1,0.0
nnTb,0,1,1,0.0
nnbB,44,29,73,0.6
nnbD,4,4,8,0.5
nnbH,12,8,20,0.6
nnbI,5,2,7,0.71
nnbJ,12,13,25,0.48
nnbK,10,11,21,0.48
nnbL,18,9,27,0.67
nnbM,48,51,99,0.48
nnbN,63,72,135,0.47
nnbP,53,41,94,0.56
nnbS,29,18,47,0.62
nnbb,45,47,92,0.49
nnbl,20,13,33,0.61
nnbm,31,26,57,0.54
nnbn,49,43,92,0.53
nnbs,16,15,31,0.52
nnhB,2,1,3,0.67
nnhH,0,0,0,
nnhI,2,0,2,1.0
nnhM,2,1,3,0.67
nnhN,2,1,3,0.67
nnhP,4,0,4,1.0
nnhS,3,0,3,1.0
nnhb,3,2,5,0.6
nnhh,4,3,7,0.57
nnhl,1,1,2,0.5
nnhm,2,4,6,0.33
nnhn,3,2,5,0.6
nnhs,2,2,4,0.5
nnlB,15,21,36,0.42
nnlD,5,1,6,0.83
nnlH,7,11,18,0.39
nnlI,1,0,1,1.0
nnlJ,4,8,12,0.33
nnlK,0,1,1,0.0
nnlL,5,9,14,0.36
nnlM,13,18,31,0.42
nnlN,21,15,36,0.58
nnlP,21,16,37,0.57
nnlS,9,11,20,0.45
nnlb,18,18,36,0.5
nnll,6,5,11,0.55
nnlm,22,6,28,0.79
nnln,17,11,28,0.61
nnls,9,4,13,0.69
nnmB,27,26,53,0.51
nnmD,9,10,19,0.47
nnmH,21,26,47,0.45
nnmI,4,4,8,0.5
nnmJ,8,6,14,0.57
nnmK,1,1,2,0.5
nnmL,9,9,18,0.5
nnmM,53,39,92,0.58
nnmN,53,40,93,0.57
nnmP,54,44,98,0.55
nnmS,26,23,49,0.53
nnmb,37,27,64,0.58
nnml,11,9,20,0.55
nnmm,21,26,47,0.45
nnmn,43,31,74,0.58
nnms,14,13,27,0.52
nnnB,43,36,79,0.54
nnnD,2,11,13,0.15
nnnH,21,27,48,0.44
nnnI,10,4,14,0.71
nnnK,5,2,7,0.71
nnnL,17,14,31,0.55
nnnM,55,55,110,0.5
nnnN,75,71,146,0.51
nnnP,94,87,181,0.52
nnnS,43,51,94,0.46
nnnb,54,35,89,0.61
nnnh,2,1,3,0.67
nnnl,21,15,36,0.58
nnnm,46,44,90,0.51
nnnn,67,49,116,0.58
nnns,42,44,86,0.49
nnsB,23,16,39,0.59
nnsD,5,0,5,1.0
nnsH,29,46,75,0.39
nnsI,2,5,7,0.29
nnsL,15,8,23,0.65
nnsM,37,28,65,0.57
nnsN,36,41,77,0.47
nnsP,41,44,85,0.48
nnsS,25,39,64,0.39
nnsb,24,19,43,0.56
nnsh,1,3,4,0.25
nnsl,13,6,19,0.68
nnsm,38,16,54,0.7
nnsn,31,32,63,0.49
nnss,34,31,65,0.52
nsBB,14,12,26,0.54
nsBD,4,5,9,0.44
nsBK,2,2,4,0.5
nsBL,2,2,4,0.5
nsBM,19,17,36,0.53
nsBN,17,21,38,0.45
nsBP,18,26,44,0.41
nsBS,17,9,26,0.65
nsBT,4,2,6,0.67
nsBb,13,19,32,0.41
nsBh,7,3,10,0.7
nsBj,7,10,17,0.41
nsBl,4,7,11,0.36
nsBm,13,16,29,0.45
nsBn,16,21,37,0.43
nsBs,11,5,16,0.69
nsDB,6,2,8,0.75
nsDD,0,1,1,0.0
nsDH,5,5,10,0.5
nsDL,0,2,2,0.0
nsDM,6,5,11,0.55
nsDN,4,4,8,0.5
nsDP,4,4,8,0.5
nsDS,6,1,7,0.86
nsDT,2,1,3,0.67
nsDb,7,1,8,0.88
nsDl,0,3,3,0.0
nsDm,5,2,7,0.71
nsDn,2,3,5,0.4
nsDs,9,2,11,0.82
nsHB,17,15,32,0.53
nsHD,4,2,6,0.67
nsHH,8,2,10,0.8
nsHI,5,2,7,0.71
nsHK,3,4,7,0.43
nsHL,10,11,21,0.48
nsHM,23,22,45,0.51
nsHN,33,30,63,0.52
nsHP,30,36,66,0.45
nsHS,26,17,43,0.6
nsHT,3,3,6,0.5
nsHb,22,26,48,0.46
nsHh,16,19,35,0.46
nsHl,8,7,15,0.53
nsHm,17,25,42,0.4
nsHn,26,37,63,0.41
nsHs,19,30,49,0.39
nsIB,1,3,4,0.25
nsID,2,0,2,1.0
nsIH,3,4,7,0.43
nsII,0,1,1,0.0
nsIL,2,2,4,0.5
nsIM,2,5,7,0.29
nsIN,4,3,7,0.57
nsIP,4,7,11,0.36
nsIS,0,3,3,0.0
nsIT,1,1,2,0.5
nsIb,4,0,4,1.0
nsIl,1,0,1,1.0
nsIm,5,2,7,0.71
nsIn,6,3,9,0.67
nsIs,3,3,6,0.5
nsKL,1,0,1,1.0
nsKM,1,2,3,0.33
nsKN,0,1,1,0.0
nsKP,0,1,1,0.0
nsKS,0,1,1,0.0
nsKb,1,0,1,1.0
nsKh,1,1,2,0.5
nsKs,0,1,1,0.0
nsLB,9,6,15,0.6
nsLD,0,0,0,
nsLK,1,1,2,0.5
nsLL,1,5,6,0.17
nsLM,11,6,17,0.65
nsLN,9,10,19,0.47
nsLP,15,15,30,0.5
nsLS,3,14,17,0.18
nsLT,1,2,3,0.33
nsLb,7,9,16,0.44
nsLh,4,5,9,0.44
nsLj,4,3,7,0.57
nsLl,7,4,11,0.64
nsLm,6,10,16,0.38
nsLn,15,6,21,0.71
nsLs,7,4,11,0.64
nsMB,19,25,44,0.43
nsMD,3,1,4,0.75
nsMH,1,1,2,0.5
nsMI,1,0,1,1.0
nsMK,0,2,2,0.0
nsML,6,7,13,0.46
nsMM,20,22,42,0.48
nsMN,31,35,66,0.47
nsMP,42,30,72,0.58
nsMS,12,24,36,0.33
nsMT,4,1,5,0.8
nsMb,17,25,42,0.4
nsMh,23,26,49,0.47
nsMj,13,8,21,0.62
nsMl,10,14,24,0.42
nsMm,19,24,43,0.44
nsMn,36,33,69,0.52
nsMs,9,17,26,0.35
nsNB,31,13,44,0.7
nsND,0,5,5,0.0
nsNH,5,8,13,0.38
nsNI,0,0,0,
nsNK,4,4,8,0.5
nsNL,17,15,32,0.53
nsNM,28,31,59,0.47
nsNN,32,39,71,0.45
nsNP,57,53,110,0.52
nsNS,30,20,50,0.6
nsNT,8,9,17,0.47
nsNb,23,17,40,0.57
nsNh,8,8,16,0.5
nsNl,13,10,23,0.57
nsNm,23,37,60,0.38
nsNn,47,44,91,0.52
nsNs,30,22,52,0.58
nsPB,29,26,55,0.53
nsPD,8,4,12,0.67
nsPH,9,11,20,0.45
nsPI,4,4,8,0.5
nsPK,1,3,4,0.25
nsPL,16,16,32,0.5
nsPM,41,29,70,0.59
nsPN,49,48,97,0.51
nsPP,56,62,118,0.47
nsPS,31,39,70,0.44
nsPT,1,4,5,0.2
nsPb,34,37,71,0.48
nsPh,6,3,9,0.67
nsPl,14,12,26,0.54
nsPm,42,25,67,0.63
nsPn,42,37,79,0.53
nsPs,22,35,57,0.39
nsSB,25,13,38,0.66
nsSD,5,5,10,0.5
nsSH,2,8,10,0.2
nsSI,3,0,3,1.0
nsSK,0,1,1,0.0
nsSL,13,11,24,0.54
nsSM,25,35,60,0.42
nsSN,43,31,74,0.58
nsSP,36,27,63,0.57
nsSS,30,40,70,0.43
nsST,2,4,6,0.33
nsSb,25,15,40,0.62
nsSh,23,19,42,0.55
nsSl,10,10,20,0.5
nsSm,21,29,50,0.42
nsSn,27,34,61,0.44
nsSs,42,47,89,0.47
nsTK,0,1,1,0.0
nsTL,1,0,1,1.0
nsTs,1,0,1,1.0
nsbB,26,19,45,0.58
nsbD,2,2,4,0.5
nsbH,7,3,10,0.7
nsbI,2,0,2,1.0
nsbJ,8,2,10,0.8
nsbK,1,2,3,0.33
nsbL,6,12,18,0.33
nsbM,31,24,55,0.56
nsbN,42,35,77,0.55
nsbP,26,29,55,0.47
nsbS,14,13,27,0.52
nsbb,26,17,43,0.6
nsbl,5,8,13,0.38
nsbm,21,8,29,0.72
nsbn,32,20,52,0.62
nsbs,17,13,30,0.57
nshB,1,1,2,0.5
nshI,0,0,0,
nshK,1,0,1,1.0
nshM,1,1,2,0.5
nshN,0,2,2,0.0
nshP,4,1,5,0.8
nshS,1,1,2,0.5
nshb,1,0,1,1.0
nshh,0,1,1,0.0
nshl,0,1,1,0.0
nshm,0,1,1,0.0
nshn,0,1,1,0.0
nshs,3,1,4,0.75
nslB,7,8,15,0.47
nslD,3,1,4,0.75
nslH,4,11,15,0.27
nslI,1,1,2,0.5
nslJ,5,2,7,0.71
nslL,3,2,5,0.6
nslM,8,10,18,0.44
nslN,22,21,43,0.51
nslP,12,15,27,0.44
nslS,13,6,19,0.68
nslb,9,14,23,0.39
nsll,5,5,10,0.5
nslm,4,10,14,0.29
nsln,11,6,17,0.65
nsls,5,7,12,0.42
nsmB,17,20,37,0.46
nsmD,7,1,8,0.88
nsmH,18,18,36,0.5
nsmI,1,1,2,0.5
nsmJ,4,5,9,0.44
nsmK,0,1,1,0.0
nsmL,8,6,14,0.57
nsmM,19,30,49,0.39
nsmN,32,36,68,0.47
nsmP,27,24,51,0.53
nsmS,21,19,40,0.52
nsmb,26,20,46,0.57
nsml,6,3,9,0.67
nsmm,22,19,41,0.54
nsmn,16,17,33,0.48
nsms,17,9,26,0.65
nsnB,17,16,33,0.52
nsnD,3,1,4,0.75
nsnH,23,11,34,0.68
nsnI,5,4,9,0.56
nsnK,3,3,6,0.5
nsnL,9,7,16,0.56
nsnM,23,28,51,0.45
nsnN,51,46,97,0.53
nsnP,46,42,88,0.52
nsnS,18,20,38,0.47
nsnb,30,22,52,0.58
nsnh,0,1,1,0.0
nsnl,13,11,24,0.54
nsnm,21,20,41,0.51
nsnn,30,22,52,0.58
nsns,22,24,46,0.48
nssB,18,12,30,0.6
nssD,3,2,5,0.6
nssH,26,21,47,0.55
nssI,4,3,7,0.57
nssK,2,1,3,0.67
nssL,5,12,17,0.29
nssM,28,24,52,0.54
nssN,27,25,52,0.52
nssP,29,29,58,0.5
nssS,33,25,58,0.57
nssT,0,1,1,0.0
nssb,24,21,45,0.53
nssh,3,1,4,0.75
nssl,16,6,22,0.73
nssm,27,12,39,0.69
nssn,26,27,53,0.49
nsss,30,19,49,0.61
sBBB,14,17,31,0.45
sBBD,1,3,4,0.25
sBBH,1,0,1,1.0
sBBL,5,4,9,0.56
sBBM,14,10,24,0.58
sBBN,14,15,29,0.48
sBBP,19,17,36,0.53
sBBS,7,5,12,0.58
sBBT,2,3,5,0.4
sBBb,15,6,21,0.71
sBBh,2,0,2,1.0
sBBj,2,9,11,0.18
sBBl,4,5,9,0.44
sBBm,15,8,23,0.65
sBBn,19,16,35,0.54
sBBs,3,9,12,0.25
sBDB,2,3,5,0.4
sBDD,1,0,1,1.0
sBDH,0,5,5,0.0
sBDK,0,1,1,0.0
sBDL,1,0,1,1.0
sBDM,1,1,2,0.5
sBDN,3,2,5,0.6
sBDP,2,3,5,0.4
sBDS,4,2,6,0.67
sBDT,0,1,1,0.0
sBDb,3,1,4,0.75
sBDl,1,0,1,1.0
sBDm,2,4,6,0.33
sBDn,0,2,2,0.0
sBDs,1,2,3,0.33
sBHN,1,0,1,1.0
sBKB,3,0,3,1.0
sBKD,0,1,1,0.0
sBKH,1,1,2,0.5
sBKI,0,1,1,0.0
sBKM,1,2,3,0.33
sBKN,1,2,3,0.33
sBKP,1,3,4,0.25
sBKS,0,0,0,
sBKb,1,0,1,1.0
sBKh,0,1,1,0.0
sBKl,1,1,2,0.5
sBKm,0,1,1,0.0
sBKn,1,1,2,0.5
sBKs,1,0,1,1.0
sBLB,1,7,8,0.12
sBLD,1,0,1,1.0
sBLK,1,0,1,1.0
sBLL,2,4,6,0.33
sBLM,2,7,9,0.22
sBLN,2,5,7,0.29
sBLP,7,6,13,0.54
sBLS,2,3,5,0.4
sBLT,2,0,2,1.0
sBLb,10,4,14,0.71
sBLh,6,3,9,0.67
sBLj,1,2,3,0.33
sBLl,0,3,3,0.0
sBLm,2,2,4,0.5
sBLn,5,9,14,0.36
sBLs,2,3,5,0.4
sBMB,5,15,20,0.25
sBMD,1,1,2,0.5
sBMI,0,1,1,0.0
sBML,4,6,10,0.4
sBMM,18,11,29,0.62
sBMN,11,17,28,0.39
sBMP,18,21,39,0.46
sBMS,7,5,12,0.58
sBMT,0,3,3,0.0
sBMb,22,17,39,0.56
sBMh,13,10,23,0.57
sBMj,7,6,13,0.54
sBMl,6,5,11,0.55
sBMm,11,13,24,0.46
sBMn,18,20,38,0.47
sBMs,9,4,13,0.69
sBNB,10,9,19,0.53
sBND,4,2,6,0.67
sBNH,1,2,3,0.33
sBNK,2,2,4,0.5
sBNL,5,7,12,0.42
sBNM,17,20,37,0.46
sBNN,16,24,40,0.4
sBNP,24,33,57,0.42
sBNS,8,6,14,0.57
sBNT,5,2,7,0.71
sBNb,10,17,27,0.37
sBNh,6,6,12,0.5
sBNl,5,5,10,0.5
sBNm,14,11,25,0.56
sBNn,21,23,44,0.48
sBNs,10,14,24,0.42
sBPB,25,20,45,0.56
sBPD,2,1,3,0.67
sBPH,2,6,8,0.25
sBPI,1,0,1,1.0
sBPK,0,5,5,0.0
sBPL,4,13,17,0.24
sBPM,17,16,33,0.52
sBPN,23,18,41,0.56
sBPP,31,25,56,0.55
sBPS,18,20,38,0.47
sBPT,1,2,3,0.33
sBPb,20,16,36,0.56
sBPh,1,3,4,0.25
sBPl,12,12,24,0.5
sBPm,22,22,44,0.5
sBPn,19,28,47,0.4
sBPs,12,15,27,0.44
sBSB,3,9,12,0.25
sBSD,0,2,2,0.0
sBSH,3,3,6,0.5
sBSL,3,0,3,1.0
sBSM,8,19,27,0.3
sBSN,4,9,13,0.31
sBSP,20,13,33,0.61
sBSS,8,11,19,0.42
sBST,0,1,1,0.0
sBSb,7,10,17,0.41
sBSh,1,4,5,0.2
sBSl,6,3,9,0.67
sBSm,14,6,20,0.7
sBSn,11,9,20,0.55
sBSs,6,17,23,0.26
sBTB,1,1,2,0.5
sBTH,0,1,1,0.0
sBTK,0,0,0,
sBTL,2,0,2,1.0
sBTM,3,2,5,0.6
sBTN,2,3,5,0.4
sBTP,2,1,3,0.67
sBTS,2,3,5,0.4
sBTT,1,1,2,0.5
sBTb,0,2,2,0.0
sBTl,2,2,4,0.5
sBTm,3,1,4,0.75
sBTn,1,3,4,0.25
sBTs,1,1,2,0.5
sBbB,13,14,27,0.48
sBbD,1,0,1,1.0
sBbH,7,5,12,0.58
sBbI,4,1,5,0.8
sBbJ,12,5,17,0.71
sBbK,0,1,1,0.0
sBbL,7,4,11,0.64
sBbM,15,16,31,0.48
sBbN,21,22,43,0.49
sBbP,14,14,28,0.5
sBbS,10,7,17,0.59
sBbb,9,18,27,0.33
sBbl,11,3,14,0.79
sBbm,11,6,17,0.65
sBbn,21,16,37,0.57
sBbs,9,3,12,0.75
sBhB,1,2,3,0.33
sBhH,1,0,1,1.0
sBhL,1,3,4,0.25
sBhM,1,1,2,0.5
sBhN,2,2,4,0.5
sBhP,1,1,2,0.5
sBhS,1,4,5,0.2
sBhT,0,2,2,0.0
sBhb,1,0,1,1.0
sBhh,0,1,1,0.0
sBhl,0,2,2,0.0
sBhm,2,1,3,0.67
sBhn,3,4,7,0.43
sBhs,4,4,8,0.5
sBjB,3,7,10,0.3
sBjH,0,3,3,0.0
sBjI,0,0,0,
sBjK,0,0,0,
sBjL,3,1,4,0.75
sBjM,4,7,11,0.36
sBjN,5,4,9,0.56
sBjP,12,11,23,0.52
sBjS,7,6,13,0.54
sBjT,0,1,1,0.0
sBjb,7,6,13,0.54
sBjh,0,1,1,0.0
sBjl,3,1,4,0.75
sBjm,4,5,9,0.44
sBjn,7,11,18,0.39
sBjs,6,4,10,0.6
sBlB,7,3,10,0.7
sBlD,0,0,0,
sBlH,8,6,14,0.57
sBlI,2,0,2,1.0
sBlJ,3,0,3,1.0
sBlL,2,3,5,0.4
sBlM,5,5,10,0.5
sBlN,6,5,11,0.55
sBlP,13,11,24,0.54
sBlS,4,2,6,0.67
sBlb,4,6,10,0.4
sBll,4,5,9,0.44
sBlm,5,7,12,0.42
sBln,8,10,18,0.44
sBls,5,8,13,0.38
sBmB,8,19,27,0.3
sBmD,2,2,4,0.5
sBmH,5,13,18,0.28
sBmI,3,0,3,1.0
sBmJ,1,4,5,0.2
sBmL,7,6,13,0.54
sBmM,11,16,27,0.41
sBmN,20,13,33,0.61
sBmP,15,19,34,0.44
sBmS,17,12,29,0.59
sBmT,1,0,1,1.0
sBmb,11,14,25,0.44
sBml,1,1,2,0.5
sBmm,19,12,31,0.61
sBmn,17,16,33,0.52
sBms,11,7,18,0.61
sBnB,12,18,30,0.4
sBnD,5,4,9,0.56
sBnH,7,10,17,0.41
sBnI,2,6,8,0.25
sBnK,1,1,2,0.5
sBnL,8,6,14,0.57
sBnM,22,23,45,0.49
sBnN,24,23,47,0.51
sBnP,27,33,60,0.45
sBnS,13,11,24,0.54
sBnb,13,17,30,0.43
sBnh,1,2,3,0.33
sBnl,7,10,17,0.41
sBnm,21,16,37,0.57
sBnn,23,21,44,0.52
sBns,19,14,33,0.58
sBsB,4,6,10,0.4
sBsD,1,2,3,0.33
sBsH,5,11,16,0.31
sBsI,2,1,3,0.67
sBsK,1,1,2,0.5
sBsL,1,8,9,0.11
sBsM,11,6,17,0.65
sBsN,9,10,19,0.47
sBsP,12,10,22,0.55
sBsS,9,12,21,0.43
sBsb,6,9,15,0.4
sBsl,1,4,5,0.2
sBsm,9,8,17,0.53
sBsn,10,9,19,0.53
sBss,12,7,19,0.63
sDBB,0,1,1,0.0
sDBD,1,1,2,0.5
sDBK,2,0,2,1.0
sDBL,0,1,1,0.0
sDBM,4,2,6,0.67
sDBN,2,0,2,1.0
sDBP,4,2,6,0.67
sDBS,2,2,4,0.5
sDBT,0,1,1,0.0
sDBb,7,2,9,0.78
sDBj,2,0,2,1.0
sDBl,1,1,2,0.5
sDBm,2,5,7,0.29
sDBn,4,5,9,0.44
sDBs,3,2,5,0.6
sDDB,2,1,3,0.67
sDDD,1,0,1,1.0
sDDH,2,1,3,0.67
sDDI,1,0,1,1.0
sDDL,0,3,3,0.0
sDDM,1,2,3,0.33
sDDN,1,1,2,0.5
sDDP,2,5,7,0.29
sDDS,1,1,2,0.5
sDDT,0,0,0,
sDDb,0,2,2,0.0
sDDl,2,1,3,0.67
sDDm,2,2,4,0.5
sDDn,1,0,1,1.0
sDDs,1,0,1,1.0
sDHB,2,1,3,0.67
sDHD,0,0,0,
sDHH,1,1,2,0.5
sDHK,1,0,1,1.0
sDHL,4,3,7,0.57
sDHM,1,4,5,0.2
sDHN,3,3,6,0.5
sDHP,2,2,4,0.5
sDHS,2,4,6,0.33
sDHb,2,1,3,0.67
sDHh,2,0,2,1.0
sDHl,2,0,2,1.0
sDHm,8,3,11,0.73
sDHn,4,5,9,0.44
sDHs,3,4,7,0.43
sDIB,1,0,1,1.0
sDIH,1,0,1,1.0
sDIN,1,0,1,1.0
sDIP,0,1,1,0.0
sDIS,1,0,1,1.0
sDIb,0,1,1,0.0
sDIn,1,0,1,1.0
sDKb,0,1,1,0.0
sDLD,1,0,1,1.0
sDLL,2,0,2,1.0
sDLM,0,1,1,0.0
sDLN,1,0,1,1.0
sDLP,2,2,4,0.5
sDLS,0,1,1,0.0
sDLb,1,0,1,1.0
sDLh,0,0,0,
sDLj,1,1,2,0.5
sDLm,3,3,6,0.5
sDLn,0,4,4,0.0
sDLs,0,1,1,0.0
sDMB,3,1,4,0.75
sDMD,1,2,3,0.33
sDML,1,2,3,0.33
sDMM,5,3,8,0.62
sDMN,4,7,11,0.36
sDMP,3,5,8,0.38
sDMS,2,3,5,0.4
sDMT,1,1,2,0.5
sDMb,2,7,9,0.22
sDMh,4,4,8,0.5
sDMj,0,2,2,0.0
sDMl,2,2,4,0.5
sDMm,4,4,8,0.5
sDMn,9,4,13,0.69
sDMs,2,3,5,0.4
sDNB,3,3,6,0.5
sDND,2,1,3,0.67
sDNH,2,0,2,1.0
sDNK,0,2,2,0.0
sDNM,6,6,12,0.5
sDNN,8,3,11,0.73
sDNP,3,5,8,0.38
sDNS,4,0,4,1.0
sDNT,1,2,3,0.33
sDNb,0,1,1,0.0
sDNh,2,1,3,0.67
sDNl,2,0,2,1.0
sDNm,4,2,6,0.67
sDNn,7,4,11,0.64
sDNs,5,3,8,0.62
sDPB,2,3,5,0.4
sDPD,2,1,3,0.67
sDPH,2,0,2,1.0
sDPK,2,1,3,0.67
sDPL,1,1,2,0.5
sDPM,1,8,9,0.11
sDPN,4,7,11,0.36
sDPP,7,8,15,0.47
sDPS,6,5,11,0.55
sDPT,0,0,0,
sDPb,4,4,8,0.5
sDPl,0,4,4,0.0
sDPm,4,4,8,0.5
sDPn,5,10,15,0.33
sDPs,1,3,4,0.25
sDSB,3,4,7,0.43
sDSD,5,1,6,0.83
sDSH,0,3,3,0.0
sDSL,0,1,1,0.0
sDSM,2,8,10,0.2
sDSN,4,2,6,0.67
sDSP,5,3,8,0.62
sDSS,5,4,9,0.56
sDST,2,1,3,0.67
sDSb,6,0,6,1.0
sDSh,5,6,11,0.45
sDSl,2,1,3,0.67
sDSm,5,2,7,0.71
sDSn,8,3,11,0.73
sDSs,6,4,10,0.6
sDTD,1,0,1,1.0
sDTH,0,0,0,
sDTL,1,0,1,1.0
sDTM,2,1,3,0.67
sDTN,1,1,2,0.5
sDTP,0,1,1,0.0
sDTS,0,2,2,0.0
sDTT,1,0,1,1.0
sDTb,1,0,1,1.0
sDTn,0,1,1,0.0
sDTs,0,0,0,
sDbB,2,7,9,0.22
sDbD,1,1,2,0.5
sDbH,0,1,1,0.0
sDbI,1,0,1,1.0
sDbK,1,0,1,1.0
sDbL,1,1,2,0.5
sDbM,4,9,13,0.31
sDbN,4,6,10,0.4
sDbP,5,2,7,0.71
sDbS,3,2,5,0.6
sDbb,3,3,6,0.5
sDbl,4,0,4,1.0
sDbm,1,2,3,0.33
sDbn,2,1,3,0.67
sDbs,6,0,6,1.0
sDhB,0,2,2,0.0
sDhN,1,0,1,1.0
sDhP,0,0,0,
sDhn,1,0,1,1.0
sDlB,0,1,1,0.0
sDlH,0,1,1,0.0
sDlI,1,0,1,1.0
sDlJ,0,1,1,0.0
sDlL,1,0,1,1.0
sDlM,2,1,3,0.67
sDlP,3,2,5,0.6
sDlS,0,1,1,0.0
sDlb,1,0,1,1.0
sDlm,3,1,4,0.75
sDln,0,0,0,
sDls,1,2,3,0.33
sDmB,2,3,5,0.4
sDmD,1,1,2,0.5
sDmH,3,4,7,0.43
sDmJ,1,1,2,0.5
sDmL,0,0,0,
sDmM,6,2,8,0.75
sDmN,8,3,11,0.73
sDmP,8,2,10,0.8
sDmS,5,4,9,0.56
sDmb,7,2,9,0.78
sDml,1,1,2,0.5
sDmm,2,2,4,0.5
sDmn,3,6,9,0.33
sDms,1,2,3,0.33
sDnB,1,3,4,0.25
sDnD,1,1,2,0.5
sDnH,5,2,7,0.71
sDnL,3,0,3,1.0
sDnM,2,2,4,0.5
sDnN,4,1,5,0.8
sDnP,4,6,10,0.4
sDnS,3,1,4,0.75
sDnb,4,3,7,0.57
sDnl,0,2,2,0.0
sDnm,2,1,3,0.67
sDnn,2,2,4,0.5
sDns,4,4,8,0.5
sDsB,2,3,5,0.4
sDsD,1,0,1,1.0
sDsH,1,6,7,0.14
sDsL,2,0,2,1.0
sDsM,0,7,7,0.0
sDsN,2,4,6,0.33
sDsP,3,7,10,0.3
sDsS,8,3,11,0.73
sDsb,6,4,10,0.6
sDsl,1,0,1,1.0
sDsm,1,3,4,0.25
sDsn,3,2,5,0.6
sDss,3,2,5,0.6
sHBB,15,16,31,0.48
sHBD,1,3,4,0.25
sHBH,0,1,1,0.0
sHBK,1,2,3,0.33
sHBL,9,3,12,0.75
sHBM,13,14,27,0.48
sHBN,14,10,24,0.58
sHBP,25,16,41,0.61
sHBS,6,8,14,0.43
sHBT,1,2,3,0.33
sHBb,15,20,35,0.43
sHBh,3,4,7,0.43
sHBj,3,1,4,0.75
sHBl,9,7,16,0.56
sHBm,13,9,22,0.59
sHBn,21,24,45,0.47
sHBs,10,13,23,0.43
sHDB,3,1,4,0.75
sHDD,1,1,2,0.5
sHDH,3,1,4,0.75
sHDL,0,1,1,0.0
sHDM,2,4,6,0.33
sHDN,6,4,10,0.6
sHDP,6,3,9,0.67
sHDS,3,3,6,0.5
sHDT,0,1,1,0.0
sHDb,0,1,1,0.0
sHDm,4,3,7,0.57
sHDn,9,1,10,0.9
sHDs,1,2,3,0.33
sHHB,4,4,8,0.5
sHHD,0,1,1,0.0
sHHH,2,2,4,0.5
sHHK,1,0,1,1.0
sHHM,4,5,9,0.44
sHHN,6,7,13,0.46
sHHP,9,6,15,0.6
sHHS,9,9,18,0.5
sHHb,4,6,10,0.4
sHHh,3,1,4,0.75
sHHl,0,2,2,0.0
sHHm,3,4,7,0.43
sHHn,5,6,11,0.45
sHHs,6,1,7,0.86
sHIB,4,1,5,0.8
sHID,1,0,1,1.0
sHIH,1,2,3,0.33
sHIL,0,3,3,0.0
sHIM,4,6,10,0.4
sHIN,2,2,4,0.5
sHIP,4,4,8,0.5
sHIS,1,2,3,0.33
sHIb,3,1,4,0.75
sHIl,1,1,2,0.5
sHIm,0,1,1,0.0
sHIn,5,0,5,1.0
sHIs,2,1,3,0.67
sHKB,1,1,2,0.5
sHKD,0,0,0,
sHKH,0,2,2,0.0
sHKI,1,0,1,1.0
sHKL,2,1,3,0.67
sHKM,2,0,2,1.0
sHKN,2,1,3,0.67
sHKP,2,2,4,0.5
sHKS,2,3,5,0.4
sHKb,2,0,2,1.0
sHKh,2,2,4,0.5
sHKl,2,0,2,1.0
sHKm,2,0,2,1.0
sHKn,2,2,4,0.5
sHKs,1,2,3,0.33
sHLB,5,2,7,0.71
sHLD,1,0,1,1.0
sHLK,1,1,2,0.5
sHLL,3,2,5,0.6
sHLM,4,10,14,0.29
sHLN,5,5,10,0.5
sHLP,6,11,17,0.35
sHLS,9,8,17,0.53
sHLT,1,2,3,0.33
sHLb,9,10,19,0.47
sHLh,3,4,7,0.43
sHLj,1,2,3,0.33
sHLl,5,5,10,0.5
sHLm,8,8,16,0.5
sHLn,9,14,23,0.39
sHLs,3,8,11,0.27
sHMB,16,23,39,0.41
sHMD,6,3,9,0.67
sHMK,1,0,1,1.0
sHML,3,7,10,0.3
sHMM,16,18,34,0.47
sHMN,17,19,36,0.47
sHMP,22,34,56,0.39
sHMS,12,19,31,0.39
sHMT,1,3,4,0.25
sHMb,23,19,42,0.55
sHMh,18,24,42,0.43
sHMj,8,11,19,0.42
sHMl,12,8,20,0.6
sHMm,30,22,52,0.58
sHMn,30,31,61,0.49
sHMs,19,19,38,0.5
sHNB,15,22,37,0.41
sHND,5,1,6,0.83
sHNH,5,4,9,0.56
sHNI,1,0,1,1.0
sHNK,1,4,5,0.2
sHNL,5,6,11,0.45
sHNM,14,25,39,0.36
sHNN,22,27,49,0.45
sHNP,28,26,54,0.52
sHNS,20,16,36,0.56
sHNT,6,4,10,0.6
sHNb,19,14,33,0.58
sHNh,5,16,21,0.24
sHNl,9,4,13,0.69
sHNm,22,18,40,0.55
sHNn,45,28,73,0.62
sHNs,14,20,34,0.41
sHPB,19,18,37,0.51
sHPD,3,4,7,0.43
sHPH,8,7,15,0.53
sHPI,2,4,6,0.33
sHPK,5,6,11,0.45
sHPL,9,12,21,0.43
sHPM,32,38,70,0.46
sHPN,31,37,68,0.46
sHPP,39,41,80,0.49
sHPS,26,29,55,0.47
sHPT,2,4,6,0.33
sHPb,27,19,46,0.59
sHPh,4,5,9,0.44
sHPl,20,10,30,0.67
sHPm,38,22,60,0.63
sHPn,23,22,45,0.51
sHPs,18,17,35,0.51
sHSB,7,17,24,0.29
sHSD,3,3,6,0.5
sHSH,13,9,22,0.59
sHSI,0,1,1,0.0
sHSK,0,2,2,0.0
sHSL,6,5,11,0.55
sHSM,17,26,43,0.4
sHSN,23,16,39,0.59
sHSP,18,21,39,0.46
sHSS,21,32,53,0.4
sHST,7,0,7,1.0
sHSb,25,17,42,0.6
sHSh,19,12,31,0.61
sHSl,10,15,25,0.4
sHSm,19,18,37,0.51
sHSn,20,19,39,0.51
sHSs,13,27,40,0.32
sHTD,1,0,1,1.0
sHTH,0,3,3,0.0
sHTL,1,1,2,0.5
sHTM,3,1,4,0.75
sHTN,1,1,2,0.5
sHTP,3,0,3,1.0
sHTS,3,2,5,0.6
sHTb,2,1,3,0.67
sHTl,2,1,3,0.67
sHTm,3,0,3,1.0
sHTn,1,1,2,0.5
sHTs,2,2,4,0.5
sHbB,22,13,35,0.63
sHbD,3,1,4,0.75
sHbH,4,3,7,0.57
sHbI,1,1,2,0.5
sHbJ,7,6,13,0.54
sHbK,2,1,3,0.67
sHbL,5,5,10,0.5
sHbM,16,24,40,0.4
sHbN,25,22,47,0.53
sHbP,30,24,54,0.56
sHbS,13,22,35,0.37
sHbb,27,23,50,0.54
sHbl,10,9,19,0.53
sHbm,13,8,21,0.62
sHbn,21,19,40,0.52
sHbs,13,9,22,0.59
sHhB,9,10,19,0.47
sHhD,2,3,5,0.4
sHhH,3,4,7,0.43
sHhI,1,1,2,0.5
sHhK,0,1,1,0.0
sHhL,4,5,9,0.44
sHhM,7,19,26,0.27
sHhN,9,19,28,0.32
sHhP,9,19,28,0.32
sHhS,13,17,30,0.43
sHhT,1,2,3,0.33
sHhb,19,7,26,0.73
sHhh,11,11,22,0.5
sHhl,8,5,13,0.62
sHhm,16,16,32,0.5
sHhn,12,9,21,0.57
sHhs,18,12,30,0.6
sHlB,7,12,19,0.37
sHlD,2,1,3,0.67
sHlH,8,5,13,0.62
sHlI,0,3,3,0.0
sHlJ,2,3,5,0.4
sHlL,2,1,3,0.67
sHlM,15,10,25,0.6
sHlN,14,8,22,0.64
sHlP,11,14,25,0.44
sHlS,7,9,16,0.44
sHlb,9,12,21,0.43
sHll,4,2,6,0.67
sHlm,10,11,21,0.48
sHln,8,7,15,0.53
sHls,4,4,8,0.5
sHmB,18,16,34,0.53
sHmD,4,1,5,0.8
sHmH,8,14,22,0.36
sHmI,2,3,5,0.4
sHmJ,10,2,12,0.83
sHmL,6,4,10,0.6
sHmM,22,25,47,0.47
sHmN,18,26,44,0.41
sHmP,24,25,49,0.49
sHmS,11,13,24,0.46
sHmb,27,17,44,0.61
sHmh,0,0,0,
sHml,9,15,24,0.38
sHmm,15,10,25,0.6
sHmn,19,17,36,0.53
sHms,13,8,21,0.62
sHnB,8,20,28,0.29
sHnD,2,0,2,1.0
sHnH,17,7,24,0.71
sHnI,5,5,10,0.5
sHnK,1,1,2,0.5
sHnL,13,8,21,0.62
sHnM,27,28,55,0.49
sHnN,27,40,67,0.4
sHnP,34,41,75,0.45
sHnS,19,19,38,0.5
sHnb,28,19,47,0.6
sHnh,1,2,3,0.33
sHnl,18,5,23,0.78
sHnm,24,22,46,0.52
sHnn,28,20,48,0.58
sHns,20,25,45,0.44
sHsB,11,15,26,0.42
sHsD,3,1,4,0.75
sHsH,21,20,41,0.51
sHsI,1,1,2,0.5
sHsL,3,7,10,0.3
sHsM,21,24,45,0.47
sHsN,18,24,42,0.43
sHsP,38,23,61,0.62
sHsS,30,23,53,0.57
sHsT,0,1,1,0.0
sHsb,15,27,42,0.36
sHsh,1,1,2,0.5
sHsl,8,14,22,0.36
sHsm,16,18,34,0.47
sHsn,13,21,34,0.38
sHss,18,23,41,0.44
sIBB,3,2,5,0.6
sIBK,1,0,1,1.0
sIBL,1,0,1,1.0
sIBM,3,0,3,1.0
sIBN,0,2,2,0.0
sIBP,1,5,6,0.17
sIBS,2,0,2,1.0
sIBT,1,0,1,1.0
sIBb,2,2,4,0.5
sIBh,1,1,2,0.5
sIBl,2,0,2,1.0
sIBm,3,2,5,0.6
sIBn,3,3,6,0.5
sIBs,0,6,6,0.0
sIDB,0,1,1,0.0
sIDH,1,1,2,0.5
sIDL,1,0,1,1.0
sIDM,1,0,1,1.0
sIDN,0,0,0,
sIDP,0,1,1,0.0
sIDS,0,1,1,0.0
sIDb,0,1,1,0.0
sIDn,1,0,1,1.0
sIDs,1,1,2,0.5
sIHB,5,1,6,0.83
sIHD,1,0,1,1.0
sIHI,0,0,0,
sIHK,0,1,1,0.0
sIHL,1,1,2,0.5
sIHM,3,1,4,0.75
sIHN,2,5,7,0.29
sIHP,5,4,9,0.56
sIHS,2,4,6,0.33
sIHb,1,1,2,0.5
sIHh,1,1,2,0.5
sIHl,1,2,3,0.33
sIHm,2,1,3,0.67
sIHn,4,0,4,1.0
sIHs,2,2,4,0.5
sIIB,0,1,1,0.0
sIIM,0,1,1,0.0
sIIP,2,0,2,1.0
sIIS,0,2,2,0.0
sIIl,1,0,1,1.0
sIIm,0,1,1,0.0
sIIn,0,2,2,0.0
sIKh,1,0,1,1.0
sILB,1,1,2,0.5
sILL,0,2,2,0.0
sILM,1,1,2,0.5
sILN,2,0,2,1.0
sILP,1,3,4,0.25
sILS,0,1,1,0.0
sILb,0,2,2,0.0
sILj,1,0,1,1.0
sILl,0,2,2,0.0
sILm,1,2,3,0.33
sILn,1,2,3,0.33
sILs,2,0,2,1.0
sIMB,2,2,4,0.5
sIMH,1,0,1,1.0
sIML,1,4,5,0.2
sIMM,2,4,6,0.33
sIMN,4,5,9,0.44
sIMP,8,6,14,0.57
sIMS,1,3,4,0.25
sIMb,4,2,6,0.67
sIMh,1,2,3,0.33
sIMj,2,1,3,0.67
sIMl,1,1,2,0.5
sIMm,7,2,9,0.78
sIMn,4,2,6,0.67
sIMs,2,4,6,0.33
sINB,3,4,7,0.43
sIND,0,0,0,
sINH,1,0,1,1.0
sINK,0,1,1,0.0
sINL,2,2,4,0.5
sINM,4,8,12,0.33
sINN,4,3,7,0.57
sINP,9,2,11,0.82
sINS,4,3,7,0.57
sINT,1,1,2,0.5
sINb,3,3,6,0.5
sINh,2,0,2,1.0
sINl,2,0,2,1.0
sINm,2,2,4,0.5
sINn,6,2,8,0.75
sINs,6,1,7,0.86
sIPB,1,1,2,0.5
sIPD,1,1,2,0.5
sIPH,0,1,1,0.0
sIPK,0,1,1,0.0
sIPL,3,2,5,0.6
sIPM,2,5,7,0.29
sIPN,2,5,7,0.29
sIPP,7,9,16,0.44
sIPS,1,6,7,0.14
sIPT,0,1,1,0.0
sIPb,4,7,11,0.36
sIPl,4,1,5,0.8
sIPm,5,2,7,0.71
sIPn,5,2,7,0.71
sIPs,5,5,10,0.5
sISB,2,3,5,0.4
sISD,1,0,1,1.0
sISH,5,1,6,0.83
sISI,0,1,1,0.0
sISK,1,0,1,1.0
sISL,1,2,3,0.33
sISM,2,4,6,0.33
sISN,2,4,6,0.33
sISP,7,7,14,0.5
sISS,4,7,11,0.36
sIST,0,2,2,0.0
sISb,2,1,3,0.67
sISh,0,1,1,0.0
sISl,1,1,2,0.5
sISm,3,0,3,1.0
sISn,5,4,9,0.56
sISs,1,1,2,0.5
sITT,1,0,1,1.0
sITm,0,0,0,
sITn,0,1,1,0.0
sITs,0,1,1,0.0
sIbB,4,1,5,0.8
sIbD,1,0,1,1.0
sIbI,2,0,2,1.0
sIbJ,1,1,2,0.5
sIbK,1,0,1,1.0
sIbM,3,3,6,0.5
sIbN,2,2,4,0.5
sIbP,5,7,12,0.42
sIbS,2,2,4,0.5
sIbb,1,1,2,0.5
sIbm,1,0,1,1.0
sIbn,4,4,8,0.5
sIbs,0,1,1,0.0
sIhh,0,1,1,0.0
sIhm,1,0,1,1.0
sIlB,0,2,2,0.0
sIlJ,1,0,1,1.0
sIlL,0,1,1,0.0
sIlM,2,0,2,1.0
sIlN,2,2,4,0.5
sIlP,1,2,3,0.33
sIlS,2,1,3,0.67
sIll,1,0,1,1.0
sIlm,1,0,1,1.0
sIln,0,1,1,0.0
sIls,2,1,3,0.67
sImB,6,4,10,0.6
sImH,1,0,1,1.0
sImJ,1,0,1,1.0
sImL,1,1,2,0.5
sImM,5,4,9,0.56
sImN,3,3,6,0.5
sImP,5,5,10,0.5
sImS,2,4,6,0.33
sImb,0,2,2,0.0
sIml,2,1,3,0.67
sImm,4,1,5,0.8
sImn,2,5,7,0.29
sIms,2,0,2,1.0
sInB,2,0,2,1.0
sInD,0,1,1,0.0
sInH,1,1,2,0.5
sInI,0,1,1,0.0
sInL,1,0,1,1.0
sInM,1,4,5,0.2
sInN,2,5,7,0.29
sInP,4,6,10,0.4
sInS,3,0,3,1.0
sInb,2,1,3,0.67
sInl,0,0,0,
sInm,2,6,8,0.25
sInn,3,1,4,0.75
sIns,3,2,5,0.6
sIsB,1,2,3,0.33
sIsD,2,1,3,0.67
sIsH,3,3,6,0.5
sIsI,2,0,2,1.0
sIsL,2,1,3,0.67
sIsM,2,4,6,0.33
sIsN,1,2,3,0.33
sIsP,1,2,3,0.33
sIsS,2,4,6,0.33
sIsb,3,6,9,0.33
sIsl,1,1,2,0.5
sIsm,2,1,3,0.67
sIsn,1,1,2,0.5
sIss,8,3,11,0.73
sKBM,1,0,1,1.0
sKBN,1,0,1,1.0
sKBP,1,0,1,1.0
sKBj,2,0,2,1.0
sKBm,1,1,2,0.5
sKBn,1,1,2,0.5
sKBs,1,0,1,1.0
sKDl,1,0,1,1.0
sKHB,1,0,1,1.0
sKIH,0,1,1,0.0
sKKS,1,0,1,1.0
sKLN,0,1,1,0.0
sKLP,1,0,1,1.0
sKLS,0,0,0,
sKLb,0,1,1,0.0
sKLh,0,0,0,
sKLj,0,1,1,0.0
sKLs,0,0,0,
sKMB,0,1,1,0.0
sKMD,0,0,0,
sKMK,1,0,1,1.0
sKMM,1,2,3,0.33
sKMP,1,0,1,1.0
sKMS,1,0,1,1.0
sKMb,1,0,1,1.0
sKMl,1,1,2,0.5
sKMm,1,0,1,1.0
sKMn,1,2,3,0.33
sKNB,0,0,0,
sKND,0,1,1,0.0
sKNN,0,1,1,0.0
sKNP,1,0,1,1.0
sKNl,0,0,0,
sKNn,0,1,1,0.0
sKNs,1,0,1,1.0
sKPB,0,2,2,0.0
sKPD,0,1,1,0.0
sKPL,1,1,2,0.5
sKPM,1,1,2,0.5
sKPN,0,1,1,0.0
sKPP,3,3,6,0.5
sKPS,0,2,2,0.0
sKPb,1,1,2,0.5
sKPl,1,0,1,1.0
sKPm,1,0,1,1.0
sKPn,1,0,1,1.0
sKPs,0,1,1,0.0
sKSB,1,0,1,1.0
sKSH,0,1,1,0.0
sKSL,0,1,1,0.0
sKSN,0,1,1,0.0
sKSP,1,1,2,0.5
sKSS,1,2,3,0.33
sKSb,0,1,1,0.0
sKSh,0,0,0,
sKSn,2,3,5,0.4
sKTn,0,1,1,0.0
sKbB,1,0,1,1.0
sKbL,0,1,1,0.0
sKbM,1,2,3,0.33
sKbN,1,0,1,1.0
sKbP,3,1,4,0.75
sKbb,1,0,1,1.0
sKbl,1,0,1,1.0
sKbn,0,0,0,
sKbs,1,0,1,1.0
sKhB,1,0,1,1.0
sKhL,0,1,1,0.0
sKhM,0,1,1,0.0
sKhN,1,0,1,1.0
sKhS,0,2,2,0.0
sKhb,0,1,1,0.0
sKhh,1,0,1,1.0
sKhl,1,0,1,1.0
sKhm,2,0,2,1.0
sKhn,2,2,4,0.5
sKlM,0,1,1,0.0
sKlP,0,2,2,0.0
sKlm,0,1,1,0.0
sKls,1,1,2,0.5
sKmB,2,0,2,1.0
sKmH,1,1,2,0.5
sKmL,0,1,1,0.0
sKmN,1,1,2,0.5
sKmP,2,1,3,0.67
sKmS,0,2,2,0.0
sKmb,0,2,2,0.0
sKml,2,0,2,1.0
sKmm,1,0,1,1.0
sKmn,0,1,1,0.0
sKms,1,0,1,1.0
sKnB,0,1,1,0.0
sKnI,1,0,1,1.0
sKnM,2,0,2,1.0
sKnN,1,0,1,1.0
sKnP,2,1,3,0.67
sKnS,0,1,1,0.0
sKnb,2,1,3,0.67
sKnm,0,1,1,0.0
sKnn,1,0,1,1.0
sKns,2,0,2,1.0
sKsB,0,2,2,0.0
sKsH,0,1,1,0.0
sKsL,0,2,2,0.0
sKsN,0,1,1,0.0
sKsP,3,2,5,0.6
sKsS,1,0,1,1.0
sKsm,0,2,2,0.0
sKsn,0,0,0,
sLBB,10,9,19,0.53
sLBD,3,0,3,1.0
sLBL,0,2,2,0.0
sLBM,6,5,11,0.55
sLBN,8,8,16,0.5
sLBP,11,9,20,0.55
sLBS,2,8,10,0.2
sLBT,1,1,2,0.5
sLBb,9,12,21,0.43
sLBh,0,2,2,0.0
sLBj,2,6,8,0.25
sLBl,3,3,6,0.5
sLBm,5,4,9,0.56
sLBn,11,11,22,0.5
sLBs,6,3,9,0.67
sLDB,2,0,2,1.0
sLDH,1,1,2,0.5
sLDM,1,1,2,0.5
sLDN,1,1,2,0.5
sLDP,0,1,1,0.0
sLDT,0,1,1,0.0
sLDb,1,0,1,1.0
sLDl,0,1,1,0.0
sLDm,2,0,2,1.0
sLDn,0,0,0,
sLDs,1,0,1,1.0
sLHK,1,0,1,1.0
sLHM,0,1,1,0.0
sLHP,1,0,1,1.0
sLHm,1,0,1,1.0
sLIH,0,1,1,0.0
sLKB,2,3,5,0.4
sLKM,1,0,1,1.0
sLKN,1,0,1,1.0
sLKS,1,0,1,1.0
sLKb,2,0,2,1.0
sLKh,0,3,3,0.0
sLKl,0,2,2,0.0
sLKn,0,0,0,
sLKs,1,0,1,1.0
sLLB,3,2,5,0.6
sLLD,1,1,2,0.5
sLLL,1,1,2,0.5
sLLM,2,3,5,0.4
sLLN,2,2,4,0.5
sLLP,1,6,7,0.14
sLLS,1,4,5,0.2
sLLb,6,4,10,0.6
sLLh,2,0,2,1.0
sLLj,2,0,2,1.0
sLLl,2,1,3,0.67
sLLm,8,3,11,0.73
sLLn,7,6,13,0.54
sLLs,1,6,7,0.14
sLMB,11,7,18,0.61
sLMD,0,1,1,0.0
sLMK,0,1,1,0.0
sLML,0,6,6,0.0
sLMM,2,9,11,0.18
sLMN,4,6,10,0.4
sLMP,14,14,28,0.5
sLMS,4,6,10,0.4
sLMT,0,0,0,
sLMb,9,7,16,0.56
sLMh,3,9,12,0.25
sLMj,4,2,6,0.67
sLMl,5,2,7,0.71
sLMm,8,2,10,0.8
sLMn,8,14,22,0.36
sLMs,7,5,12,0.58
sLNB,8,3,11,0.73
sLND,3,0,3,1.0
sLNH,0,1,1,0.0
sLNL,2,3,5,0.4
sLNM,4,9,13,0.31
sLNN,6,5,11,0.55
sLNP,12,19,31,0.39
sLNS,9,5,14,0.64
sLNT,3,4,7,0.43
sLNb,6,6,12,0.5
sLNh,5,1,6,0.83
sLNl,3,7,10,0.3
sLNm,9,6,15,0.6
sLNn,12,8,20,0.6
sLNs,7,1,8,0.88
sLPB,9,8,17,0.53
sLPH,1,3,4,0.25
sLPI,1,1,2,0.5
sLPK,1,0,1,1.0
sLPL,6,3,9,0.67
sLPM,10,17,27,0.37
sLPN,11,15,26,0.42
sLPP,20,20,40,0.5
sLPS,8,5,13,0.62
sLPT,2,1,3,0.67
sLPb,16,9,25,0.64
sLPh,2,2,4,0.5
sLPl,5,7,12,0.42
sLPm,13,8,21,0.62
sLPn,14,8,22,0.64
sLPs,6,5,11,0.55
sLSB,2,3,5,0.4
sLSD,1,0,1,1.0
sLSH,2,2,4,0.5
sLSK,1,0,1,1.0
sLSL,1,5,6,0.17
sLSM,5,8,13,0.38
sLSN,6,4,10,0.6
sLSP,8,12,20,0.4
sLSS,6,7,13,0.46
sLST,2,1,3,0.67
sLSb,3,11,14,0.21
sLSh,3,1,4,0.75
sLSl,5,2,7,0.71
sLSm,12,4,16,0.75
sLSn,8,10,18,0.44
sLSs,10,9,19,0.53
sLTB,0,1,1,0.0
sLTH,2,0,2,1.0
sLTL,0,1,1,0.0
sLTM,1,2,3,0.33
sLTN,2,0,2,1.0
sLTP,2,1,3,0.67
sLTS,2,1,3,0.67
sLTT,0,1,1,0.0
sLTb,0,1,1,0.0
sLTl,0,0,0,
sLTm,1,1,2,0.5
sLTn,1,2,3,0.33
sLTs,2,1,3,0.67
sLbB,10,11,21,0.48
sLbD,0,2,2,0.0
sLbH,1,1,2,0.5
sLbJ,4,1,5,0.8
sLbK,1,1,2,0.5
sLbL,2,4,6,0.33
sLbM,7,7,14,0.5
sLbN,13,6,19,0.68
sLbP,14,5,19,0.74
sLbS,3,4,7,0.43
sLbb,10,9,19,0.53
sLbl,2,2,4,0.5
sLbm,6,8,14,0.43
sLbn,11,9,20,0.55
sLbs,6,4,10,0.6
sLhB,5,4,9,0.56
sLhH,0,2,2,0.0
sLhI,0,1,1,0.0
sLhL,2,2,4,0.5
sLhM,4,5,9,0.44
sLhN,5,4,9,0.56
sLhP,6,6,12,0.5
sLhS,4,2,6,0.67
sLhT,0,0,0,
sLhb,5,2,7,0.71
sLhh,3,1,4,0.75
sLhl,4,6,10,0.4
sLhm,6,0,6,1.0
sLhn,4,2,6,0.67
sLhs,6,3,9,0.67
sLjB,2,1,3,0.67
sLjD,3,0,3,1.0
sLjH,0,2,2,0.0
sLjI,1,0,1,1.0
sLjL,1,0,1,1.0
sLjM,3,3,6,0.5
sLjN,3,7,10,0.3
sLjP,0,5,5,0.0
sLjS,2,3,5,0.4
sLjb,1,4,5,0.2
sLjh,1,1,2,0.5
sLjl,0,1,1,0.0
sLjm,5,1,6,0.83
sLjn,4,1,5,0.8
sLjs,0,5,5,0.0
sLlB,6,3,9,0.67
sLlD,1,1,2,0.5
sLlH,4,3,7,0.57
sLlJ,1,1,2,0.5
sLlL,2,0,2,1.0
sLlM,3,3,6,0.5
sLlN,5,8,13,0.38
sLlP,8,2,10,0.8
sLlS,6,5,11,0.55
sLlb,5,8,13,0.38
sLll,5,3,8,0.62
sLlm,7,6,13,0.54
sLln,4,1,5,0.8
sLls,5,9,14,0.36
sLmB,5,7,12,0.42
sLmD,0,2,2,0.0
sLmH,5,5,10,0.5
sLmI,0,1,1,0.0
sLmJ,1,1,2,0.5
sLmL,6,5,11,0.55
sLmM,9,11,20,0.45
sLmN,6,12,18,0.33
sLmP,11,6,17,0.65
sLmS,3,6,9,0.33
sLmb,7,6,13,0.54
sLml,2,4,6,0.33
sLmm,8,9,17,0.47
sLmn,5,8,13,0.38
sLms,5,11,16,0.31
sLnB,8,11,19,0.42
sLnD,2,1,3,0.67
sLnH,8,10,18,0.44
sLnI,2,2,4,0.5
sLnK,2,1,3,0.67
sLnL,5,8,13,0.38
sLnM,12,12,24,0.5
sLnN,14,17,31,0.45
sLnP,13,17,30,0.43
sLnS,7,6,13,0.54
sLnb,11,4,15,0.73
sLnh,0,2,2,0.0
sLnl,7,4,11,0.64
sLnm,10,8,18,0.56
sLnn,18,9,27,0.67
sLns,8,9,17,0.47
sLsB,5,4,9,0.56
sLsD,2,3,5,0.4
sLsH,11,4,15,0.73
sLsI,2,0,2,1.0
sLsK,0,1,1,0.0
sLsL,2,3,5,0.4
sLsM,2,2,4,0.5
sLsN,9,12,21,0.43
sLsP,13,11,24,0.54
sLsS,4,6,10,0.4
sLsb,2,5,7,0.29
sLsh,0,2,2,0.0
sLsl,4,5,9,0.44
sLsm,6,6,12,0.5
sLsn,7,7,14,0.5
sLss,10,9,19,0.53
sMBB,19,25,44,0.43
sMBD,2,2,4,0.5
sMBH,0,0,0,
sMBK,1,2,3,0.33
sMBL,7,1,8,0.88
sMBM,8,26,34,0.24
sMBN,15,27,42,0.36
sMBP,31,22,53,0.58
sMBS,9,9,18,0.5
sMBT,2,1,3,0.67
sMBb,17,29,46,0.37
sMBh,2,2,4,0.5
sMBj,6,8,14,0.43
sMBl,9,7,16,0.56
sMBm,20,13,33,0.61
sMBn,28,24,52,0.54
sMBs,9,7,16,0.56
sMDB,1,0,1,1.0
sMDD,1,0,1,1.0
sMDH,1,0,1,1.0
sMDI,1,0,1,1.0
sMDM,3,5,8,0.38
sMDN,2,4,6,0.33
sMDP,4,5,9,0.44
sMDS,7,4,11,0.64
sMDT,1,0,1,1.0
sMDb,7,1,8,0.88
sMDl,1,1,2,0.5
sMDm,4,3,7,0.57
sMDn,2,5,7,0.29
sMDs,0,1,1,0.0
sMHB,1,3,4,0.25
sMHL,0,1,1,0.0
sMHN,1,0,1,1.0
sMHP,1,1,2,0.5
sMHl,0,1,1,0.0
sMIP,2,0,2,1.0
sMIn,1,0,1,1.0
sMKN,1,1,2,0.5
sMKP,1,0,1,1.0
sMKb,0,0,0,
sMKl,1,1,2,0.5
sMKn,0,1,1,0.0
sMLB,11,7,18,0.61
sMLD,1,1,2,0.5
sMLL,3,3,6,0.5
sMLM,9,9,18,0.5
sMLN,8,11,19,0.42
sMLP,12,6,18,0.67
sMLS,4,5,9,0.44
sMLb,10,8,18,0.56
sMLh,2,3,5,0.4
sMLj,1,3,4,0.25
sMLl,3,6,9,0.33
sMLm,4,3,7,0.57
sMLn,12,7,19,0.63
sMLs,5,7,12,0.42
sMMB,11,30,41,0.27
sMMD,1,2,3,0.33
sMML,6,7,13,0.46
sMMM,9,21,30,0.3
sMMN,27,18,45,0.6
sMMP,22,28,50,0.44
sMMS,7,8,15,0.47
sMMT,4,2,6,0.67
sMMb,22,24,46,0.48
sMMh,29,20,49,0.59
sMMj,6,7,13,0.46
sMMl,4,9,13,0.31
sMMm,14,24,38,0.37
sMMn,31,30,61,0.51
sMMs,15,13,28,0.54
sMNB,19,13,32,0.59
sMND,4,2,6,0.67
sMNH,4,4,8,0.5
sMNK,2,3,5,0.4
sMNL,5,7,12,0.42
sMNM,20,20,40,0.5
sMNN,29,31,60,0.48
sMNP,38,36,74,0.51
sMNS,13,22,35,0.37
sMNT,6,2,8,0.75
sMNb,11,12,23,0.48
sMNh,7,6,13,0.54
sMNl,5,9,14,0.36
sMNm,15,14,29,0.52
sMNn,32,32,64,0.5
sMNs,17,16,33,0.52
sMPB,19,22,41,0.46
sMPD,5,2,7,0.71
sMPH,11,6,17,0.65
sMPI,3,2,5,0.6
sMPK,4,1,5,0.8
sMPL,17,11,28,0.61
sMPM,32,32,64,0.5
sMPN,32,25,57,0.56
sMPP,35,44,79,0.44
sMPS,20,19,39,0.51
sMPT,5,4,9,0.56
sMPb,29,23,52,0.56
sMPh,3,0,3,1.0
sMPl,17,12,29,0.59
sMPm,24,17,41,0.59
sMPn,30,27,57,0.53
sMPs,19,20,39,0.49
sMSB,12,15,27,0.44
sMSD,6,4,10,0.6
sMSH,7,8,15,0.47
sMSI,2,0,2,1.0
sMSK,0,0,0,
sMSL,5,10,15,0.33
sMSM,24,22,46,0.52
sMSN,17,14,31,0.55
sMSP,24,21,45,0.53
sMSS,15,20,35,0.43
sMST,3,3,6,0.5
sMSb,14,18,32,0.44
sMSh,10,10,20,0.5
sMSl,7,5,12,0.58
sMSm,21,11,32,0.66
sMSn,23,25,48,0.48
sMSs,15,16,31,0.48
sMTB,1,4,5,0.2
sMTD,0,1,1,0.0
sMTH,0,3,3,0.0
sMTK,0,1,1,0.0
sMTL,3,1,4,0.75
sMTM,1,2,3,0.33
sMTN,1,4,5,0.2
sMTP,2,4,6,0.33
sMTS,2,4,6,0.33
sMTT,0,1,1,0.0
sMTb,3,2,5,0.6
sMTl,0,0,0,
sMTm,4,4,8,0.5
sMTn,2,3,5,0.4
sMTs,0,1,1,0.0
sMbB,14,28,42,0.33
sMbD,5,2,7,0.71
sMbH,2,6,8,0.25
sMbI,2,2,4,0.5
sMbJ,6,4,10,0.6
sMbK,3,4,7,0.43
sMbL,6,2,8,0.75
sMbM,14,13,27,0.52
sMbN,24,38,62,0.39
sMbP,28,28,56,0.5
sMbS,12,11,23,0.52
sMbb,26,17,43,0.6
sMbh,0,0,0,
sMbl,2,11,13,0.15
sMbm,17,20,37,0.46
sMbn,28,35,63,0.44
sMbs,18,8,26,0.69
sMhB,15,11,26,0.58
sMhD,3,2,5,0.6
sMhH,2,5,7,0.29
sMhI,1,0,1,1.0
sMhK,1,2,3,0.33
sMhL,2,4,6,0.33
sMhM,17,16,33,0.52
sMhN,21,17,38,0.55
sMhP,21,26,47,0.45
sMhS,23,17,40,0.57
sMhT,0,3,3,0.0
sMhb,20,18,38,0.53
sMhh,16,7,23,0.7
sMhl,7,13,20,0.35
sMhm,13,11,24,0.54
sMhn,20,27,47,0.43
sMhs,20,15,35,0.57
sMjB,4,2,6,0.67
sMjH,4,2,6,0.67
sMjI,0,0,0,
sMjL,1,2,3,0.33
sMjM,5,7,12,0.42
sMjN,5,6,11,0.45
sMjP,14,10,24,0.58
sMjS,8,14,22,0.36
sMjT,1,1,2,0.5
sMjb,7,4,11,0.64
sMjh,1,0,1,1.0
sMjl,4,4,8,0.5
sMjm,11,5,16,0.69
sMjn,7,4,11,0.64
sMjs,5,6,11,0.45
sMlB,7,8,15,0.47
sMlD,2,1,3,0.67
sMlH,5,6,11,0.45
sMlI,1,1,2,0.5
sMlJ,3,2,5,0.6
sMlK,1,1,2,0.5
sMlL,5,4,9,0.56
sMlM,15,4,19,0.79
sMlN,15,7,22,0.68
sMlP,11,14,25,0.44
sMlS,7,11,18,0.39
sMlb,9,10,19,0.47
sMll,3,2,5,0.6
sMlm,6,8,14,0.43
sMln,9,8,17,0.53
sMls,8,7,15,0.53
sMmB,19,18,37,0.51
sMmD,5,7,12,0.42
sMmH,11,25,36,0.31
sMmI,2,3,5,0.4
sMmJ,2,5,7,0.29
sMmK,1,0,1,1.0
sMmL,6,9,15,0.4
sMmM,28,20,48,0.58
sMmN,34,24,58,0.59
sMmP,23,25,48,0.48
sMmS,21,15,36,0.58
sMmb,21,25,46,0.46
sMmh,0,1,1,0.0
sMml,10,6,16,0.62
sMmm,20,16,36,0.56
sMmn,26,20,46,0.57
sMms,15,20,35,0.43
sMnB,18,24,42,0.43
sMnD,3,3,6,0.5
sMnH,13,19,32,0.41
sMnI,6,7,13,0.46
sMnK,2,6,8,0.25
sMnL,6,5,11,0.55
sMnM,23,28,51,0.45
sMnN,49,39,88,0.56
sMnP,47,50,97,0.48
sMnS,30,24,54,0.56
sMnb,33,24,57,0.58
sMnh,3,4,7,0.43
sMnl,11,8,19,0.58
sMnm,37,23,60,0.62
sMnn,31,34,65,0.48
sMns,31,16,47,0.66
sMsB,12,10,22,0.55
sMsD,0,1,1,0.0
sMsH,17,17,34,0.5
sMsI,3,3,6,0.5
sMsK,2,1,3,0.67
sMsL,9,4,13,0.69
sMsM,12,25,37,0.32
sMsN,16,14,30,0.53
sMsP,23,28,51,0.45
sMsS,14,12,26,0.54
sMsb,9,15,24,0.38
sMsh,0,1,1,0.0
sMsl,6,6,12,0.5
sMsm,19,12,31,0.61
sMsn,26,8,34,0.76
sMss,16,15,31,0.52
sNBB,19,13,32,0.59
sNBD,1,2,3,0.33
sNBK,1,3,4,0.25
sNBL,3,9,12,0.25
sNBM,28,17,45,0.62
sNBN,23,20,43,0.53
sNBP,34,22,56,0.61
sNBS,16,8,24,0.67
sNBT,5,5,10,0.5
sNBb,15,16,31,0.48
sNBh,2,3,5,0.4
sNBj,4,5,9,0.44
sNBl,3,7,10,0.3
sNBm,17,13,30,0.57
sNBn,23,23,46,0.5
sNBs,11,11,22,0.5
sNDB,2,3,5,0.4
sNDD,2,0,2,1.0
sNDH,0,4,4,0.0
sNDL,2,1,3,0.67
sNDM,2,1,3,0.67
sNDN,3,4,7,0.43
sNDP,4,3,7,0.57
sNDS,5,2,7,0.71
sNDT,0,1,1,0.0
sNDb,2,3,5,0.4
sNDh,0,1,1,0.0
sNDl,0,0,0,
sNDm,3,5,8,0.38
sNDn,2,2,4,0.5
sNDs,2,3,5,0.4
sNHB,4,3,7,0.57
sNHD,2,1,3,0.67
sNHH,3,1,4,0.75
sNHI,0,1,1,0.0
sNHK,0,1,1,0.0
sNHL,1,0,1,1.0
sNHM,7,5,12,0.58
sNHN,5,6,11,0.45
sNHP,6,4,10,0.6
sNHS,3,3,6,0.5
sNHT,0,0,0,
sNHb,3,7,10,0.3
sNHh,0,1,1,0.0
sNHl,1,2,3,0.33
sNHm,6,8,14,0.43
sNHn,3,3,6,0.5
sNHs,5,5,10,0.5
sNIB,0,1,1,0.0
sNIM,0,0,0,
sNIN,0,1,1,0.0
sNIP,0,1,1,0.0
sNIS,1,0,1,1.0
sNIb,1,0,1,1.0
sNIn,2,0,2,1.0
sNKB,2,0,2,1.0
sNKH,0,1,1,0.0
sNKI,1,2,3,0.33
sNKL,0,1,1,0.0
sNKM,2,6,8,0.25
sNKN,1,2,3,0.33
sNKP,4,4,8,0.5
sNKS,2,1,3,0.67
sNKT,1,0,1,1.0
sNKb,1,1,2,0.5
sNKh,1,0,1,1.0
sNKm,3,2,5,0.6
sNKn,2,1,3,0.67
sNKs,4,2,6,0.67
sNLB,3,7,10,0.3
sNLD,1,0,1,1.0
sNLL,5,3,8,0.62
sNLM,8,9,17,0.47
sNLN,8,14,22,0.36
sNLP,11,11,22,0.5
sNLS,6,7,13,0.46
sNLT,1,1,2,0.5
sNLb,12,10,22,0.55
sNLh,3,5,8,0.38
sNLj,3,3,6,0.5
sNLl,1,4,5,0.2
sNLm,11,7,18,0.61
sNLn,18,19,37,0.49
sNLs,8,9,17,0.47
sNMB,23,15,38,0.61
sNMD,3,3,6,0.5
sNML,10,8,18,0.56
sNMM,20,20,40,0.5
sNMN,16,20,36,0.44
sNMP,26,23,49,0.53
sNMS,18,21,39,0.46
sNMT,0,1,1,0.0
sNMb,25,20,45,0.56
sNMh,18,16,34,0.53
sNMj,11,7,18,0.61
sNMl,12,11,23,0.52
sNMm,27,19,46,0.59
sNMn,31,31,62,0.5
sNMs,17,12,29,0.59
sNNB,22,26,48,0.46
sNND,5,0,5,1.0
sNNH,3,2,5,0.6
sNNI,0,1,1,0.0
sNNK,1,5,6,0.17
sNNL,13,9,22,0.59
sNNM,19,24,43,0.44
sNNN,36,37,73,0.49
sNNP,46,40,86,0.53
sNNS,19,25,44,0.43
sNNT,10,6,16,0.62
sNNb,16,20,36,0.44
sNNh,10,11,21,0.48
sNNl,16,9,25,0.64
sNNm,22,23,45,0.49
sNNn,46,43,89,0.52
sNNs,22,26,48,0.46
sNPB,34,33,67,0.51
sNPD,2,4,6,0.33
sNPH,12,9,21,0.57
sNPI,4,4,8,0.5
sNPK,4,9,13,0.31
sNPL,13,17,30,0.43
sNPM,29,51,80,0.36
sNPN,40,55,95,0.42
sNPP,57,74,131,0.44
sNPS,32,40,72,0.44
sNPT,6,5,11,0.55
sNPb,38,33,71,0.54
sNPh,2,3,5,0.4
sNPl,18,17,35,0.51
sNPm,33,33,66,0.5
sNPn,42,52,94,0.45
sNPs,35,36,71,0.49
sNSB,20,16,36,0.56
sNSD,0,1,1,0.0
sNSH,5,10,15,0.33
sNSI,1,0,1,1.0
sNSL,7,9,16,0.44
sNSM,23,18,41,0.56
sNSN,19,19,38,0.5
sNSP,29,22,51,0.57
sNSS,14,25,39,0.36
sNST,4,1,5,0.8
sNSb,13,20,33,0.39
sNSh,13,19,32,0.41
sNSl,4,12,16,0.25
sNSm,28,19,47,0.6
sNSn,31,20,51,0.61
sNSs,27,31,58,0.47
sNTB,4,5,9,0.44
sNTD,0,0,0,
sNTH,5,1,6,0.83
sNTK,0,2,2,0.0
sNTL,1,5,6,0.17
sNTM,3,7,10,0.3
sNTN,4,8,12,0.33
sNTP,4,5,9,0.44
sNTS,4,4,8,0.5
sNTT,1,0,1,1.0
sNTb,11,6,17,0.65
sNTh,0,0,0,
sNTl,1,1,2,0.5
sNTm,7,7,14,0.5
sNTn,7,9,16,0.44
sNTs,4,2,6,0.67
sNbB,15,18,33,0.45
sNbD,3,4,7,0.43
sNbH,5,10,15,0.33
sNbI,0,2,2,0.0
sNbJ,4,4,8,0.5
sNbK,6,6,12,0.5
sNbL,9,9,18,0.5
sNbM,30,25,55,0.55
sNbN,37,34,71,0.52
sNbP,24,28,52,0.46
sNbS,15,9,24,0.62
sNbT,1,0,1,1.0
sNbb,25,21,46,0.54
sNbl,11,5,16,0.69
sNbm,16,10,26,0.62
sNbn,26,16,42,0.62
sNbs,10,11,21,0.48
sNhB,1,4,5,0.2
sNhD,0,1,1,0.0
sNhI,1,0,1,1.0
sNhL,2,1,3,0.67
sNhM,8,7,15,0.53
sNhN,9,10,19,0.47
sNhP,7,10,17,0.41
sNhS,6,5,11,0.55
sNhT,3,1,4,0.75
sNhb,9,8,17,0.53
sNhh,6,13,19,0.32
sNhl,5,0,5,1.0
sNhm,8,4,12,0.67
sNhn,9,8,17,0.53
sNhs,5,3,8,0.62
sNlB,4,7,11,0.36
sNlD,1,0,1,1.0
sNlH,5,14,19,0.26
sNlI,2,1,3,0.67
sNlJ,2,3,5,0.4
sNlK,2,0,2,1.0
sNlL,2,3,5,0.4
sNlM,7,8,15,0.47
sNlN,11,10,21,0.52
sNlP,12,14,26,0.46
sNlS,7,8,15,0.47
sNlb,11,10,21,0.52
sNll,2,5,7,0.29
sNlm,11,6,17,0.65
sNln,12,8,20,0.6
sNls,6,3,9,0.67
sNmB,13,17,30,0.43
sNmD,7,3,10,0.7
sNmH,19,18,37,0.51
sNmI,1,1,2,0.5
sNmJ,2,3,5,0.4
sNmK,0,1,1,0.0
sNmL,5,8,13,0.38
sNmM,21,26,47,0.45
sNmN,36,21,57,0.63
sNmP,35,26,61,0.57
sNmS,14,15,29,0.48
sNmb,25,18,43,0.58
sNmh,0,1,1,0.0
sNml,5,4,9,0.56
sNmm,21,11,32,0.66
sNmn,25,19,44,0.57
sNms,12,13,25,0.48
sNnB,25,22,47,0.53
sNnD,4,3,7,0.57
sNnH,17,11,28,0.61
sNnI,3,1,4,0.75
sNnK,1,5,6,0.17
sNnL,20,10,30,0.67
sNnM,29,32,61,0.48
sNnN,54,46,100,0.54
sNnP,62,58,120,0.52
sNnS,33,34,67,0.49
sNnT,1,0,1,1.0
sNnb,31,26,57,0.54
sNnh,1,2,3,0.33
sNnl,14,10,24,0.58
sNnm,29,22,51,0.57
sNnn,42,31,73,0.58
sNns,35,27,62,0.56
sNsB,18,8,26,0.69
sNsD,6,3,9,0.67
sNsH,20,19,39,0.51
sNsI,5,0,5,1.0
sNsK,0,1,1,0.0
sNsL,5,13,18,0.28
sNsM,21,28,49,0.43
sNsN,22,24,46,0.48
sNsP,24,26,50,0.48
sNsS,28,23,51,0.55
sNsT,1,0,1,1.0
sNsb,22,22,44,0.5
sNsh,3,1,4,0.75
sNsl,8,6,14,0.57
sNsm,24,22,46,0.52
sNsn,27,20,47,0.57
sNss,22,26,48,0.46
sPBB,25,25,50,0.5
sPBD,0,2,2,0.0
sPBK,3,0,3,1.0
sPBL,9,9,18,0.5
sPBM,18,22,40,0.45
sPBN,19,32,51,0.37
sPBP,34,31,65,0.52
sPBS,15,17,32,0.47
sPBT,4,0,4,1.0
sPBb,27,14,41,0.66
sPBh,3,5,8,0.38
sPBj,12,13,25,0.48
sPBl,15,13,28,0.54
sPBm,25,20,45,0.56
sPBn,35,47,82,0.43
sPBs,10,12,22,0.45
sPDB,2,4,6,0.33
sPDD,2,1,3,0.67
sPDH,1,3,4,0.25
sPDI,1,0,1,1.0
sPDL,2,3,5,0.4
sPDM,3,3,6,0.5
sPDN,3,5,8,0.38
sPDP,5,3,8,0.62
sPDS,4,2,6,0.67
sPDT,0,0,0,
sPDb,1,5,6,0.17
sPDh,0,1,1,0.0
sPDl,1,0,1,1.0
sPDm,3,5,8,0.38
sPDn,1,2,3,0.33
sPDs,0,3,3,0.0
sPHB,5,4,9,0.56
sPHD,2,1,3,0.67
sPHH,2,0,2,1.0
sPHI,3,1,4,0.75
sPHK,1,0,1,1.0
sPHL,7,3,10,0.7
sPHM,16,8,24,0.67
sPHN,8,12,20,0.4
sPHP,9,13,22,0.41
sPHS,2,16,18,0.11
sPHT,1,2,3,0.33
sPHb,10,14,24,0.42
sPHh,5,3,8,0.62
sPHl,2,4,6,0.33
sPHm,13,7,20,0.65
sPHn,15,14,29,0.52
sPHs,17,10,27,0.63
sPIB,4,1,5,0.8
sPID,2,1,3,0.67
sPIH,4,1,5,0.8
sPII,1,0,1,1.0
sPIL,5,4,9,0.56
sPIM,2,4,6,0.33
sPIN,4,1,5,0.8
sPIP,3,4,7,0.43
sPIS,3,3,6,0.5
sPIb,2,5,7,0.29
sPIl,1,2,3,0.33
sPIm,2,3,5,0.4
sPIn,2,2,4,0.5
sPIs,0,5,5,0.0
sPKB,1,6,7,0.14
sPKH,0,1,1,0.0
sPKK,0,1,1,0.0
sPKL,1,0,1,1.0
sPKM,2,4,6,0.33
sPKN,1,5,6,0.17
sPKP,8,4,12,0.67
sPKS,0,1,1,0.0
sPKb,4,4,8,0.5
sPKh,2,6,8,0.25
sPKl,2,1,3,0.67
sPKm,4,1,5,0.8
sPKn,1,3,4,0.25
sPKs,8,8,16,0.5
sPLB,15,14,29,0.52
sPLD,1,2,3,0.33
sPLI,1,0,1,1.0
sPLK,1,0,1,1.0
sPLL,9,5,14,0.64
sPLM,17,13,30,0.57
sPLN,9,6,15,0.6
sPLP,18,20,38,0.47
sPLS,9,6,15,0.6
sPLT,1,4,5,0.2
sPLb,16,17,33,0.48
sPLh,6,11,17,0.35
sPLj,10,3,13,0.77
sPLl,7,6,13,0.54
sPLm,18,17,35,0.51
sPLn,14,23,37,0.38
sPLs,10,6,16,0.62
sPMB,28,19,47,0.6
sPMD,3,3,6,0.5
sPMH,0,1,1,0.0
sPML,13,11,24,0.54
sPMM,16,34,50,0.32
sPMN,27,28,55,0.49
sPMP,35,46,81,0.43
sPMS,28,21,49,0.57
sPMT,3,3,6,0.5
sPMb,30,34,64,0.47
sPMh,27,33,60,0.45
sPMj,12,11,23,0.52
sPMl,24,19,43,0.56
sPMm,43,19,62,0.69
sPMn,39,28,67,0.58
sPMs,22,26,48,0.46
sPNB,22,31,53,0.42
sPND,2,3,5,0.4
sPNH,6,3,9,0.67
sPNK,2,3,5,0.4
sPNL,12,9,21,0.57
sPNM,18,40,58,0.31
sPNN,29,33,62,0.47
sPNP,46,54,100,0.46
sPNS,33,33,66,0.5
sPNT,9,4,13,0.69
sPNb,26,25,51,0.51
sPNh,14,11,25,0.56
sPNl,14,19,33,0.42
sPNm,36,32,68,0.53
sPNn,50,35,85,0.59
sPNs,25,35,60,0.42
sPPB,38,43,81,0.47
sPPD,5,1,6,0.83
sPPH,11,14,25,0.44
sPPI,7,6,13,0.54
sPPK,5,4,9,0.56
sPPL,31,33,64,0.48
sPPM,56,50,106,0.53
sPPN,45,50,95,0.47
sPPP,83,86,169,0.49
sPPS,50,40,90,0.56
sPPT,8,2,10,0.8
sPPb,46,46,92,0.5
sPPh,6,8,14,0.43
sPPl,28,26,54,0.52
sPPm,53,42,95,0.56
sPPn,56,48,104,0.54
sPPs,26,35,61,0.43
sPSB,15,25,40,0.38
sPSD,4,4,8,0.5
sPSH,6,7,13,0.46
sPSI,1,0,1,1.0
sPSK,0,1,1,0.0
sPSL,13,5,18,0.72
sPSM,17,36,53,0.32
sPSN,21,22,43,0.49
sPSP,36,41,77,0.47
sPSS,25,33,58,0.43
sPST,6,8,14,0.43
sPSb,19,21,40,0.48
sPSh,12,26,38,0.32
sPSl,22,13,35,0.63
sPSm,27,32,59,0.46
sPSn,28,25,53,0.53
sPSs,23,29,52,0.44
sPTB,3,1,4,0.75
sPTD,0,0,0,
sPTH,3,1,4,0.75
sPTL,2,2,4,0.5
sPTM,2,11,13,0.15
sPTN,5,2,7,0.71
sPTP,5,13,18,0.28
sPTS,6,2,8,0.75
sPTT,2,0,2,1.0
sPTb,3,3,6,0.5
sPTh,0,0,0,
sPTl,2,2,4,0.5
sPTm,3,6,9,0.33
sPTn,3,1,4,0.75
sPTs,2,3,5,0.4
sPbB,35,31,66,0.53
sPbD,4,1,5,0.8
sPbH,5,8,13,0.38
sPbI,7,2,9,0.78
sPbJ,11,16,27,0.41
sPbK,1,6,7,0.14
sPbL,11,10,21,0.52
sPbM,43,37,80,0.54
sPbN,38,36,74,0.51
sPbP,47,46,93,0.51
sPbS,17,16,33,0.52
sPbb,34,40,74,0.46
sPbl,19,11,30,0.63
sPbm,27,24,51,0.53
sPbn,31,24,55,0.56
sPbs,16,18,34,0.47
sPhB,5,2,7,0.71
sPhH,1,5,6,0.17
sPhI,1,0,1,1.0
sPhL,1,2,3,0.33
sPhM,6,2,8,0.75
sPhN,7,1,8,0.88
sPhP,8,4,12,0.67
sPhS,1,2,3,0.33
sPhT,0,1,1,0.0
sPhb,2,1,3,0.67
sPhh,7,3,10,0.7
sPhl,3,2,5,0.6
sPhm,2,6,8,0.25
sPhn,4,2,6,0.67
sPhs,8,5,13,0.62
sPlB,16,14,30,0.53
sPlD,2,1,3,0.67
sPlH,7,8,15,0.47
sPlI,1,0,1,1.0
sPlJ,8,8,16,0.5
sPlK,1,1,2,0.5
sPlL,12,4,16,0.75
sPlM,14,12,26,0.54
sPlN,11,17,28,0.39
sPlP,20,16,36,0.56
sPlS,10,11,21,0.48
sPlb,22,16,38,0.58
sPll,10,9,19,0.53
sPlm,13,12,25,0.52
sPln,14,12,26,0.54
sPls,11,13,24,0.46
sPmB,30,24,54,0.56
sPmD,7,1,8,0.88
sPmH,15,15,30,0.5
sPmI,1,2,3,0.33
sPmJ,4,10,14,0.29
sPmK,0,2,2,0.0
sPmL,14,13,27,0.52
sPmM,44,44,88,0.5
sPmN,44,40,84,0.52
sPmP,33,27,60,0.55
sPmS,17,21,38,0.45
sPmb,36,28,64,0.56
sPmh,1,0,1,1.0
sPml,15,13,28,0.54
sPmm,19,24,43,0.44
sPmn,27,26,53,0.51
sPms,15,15,30,0.5
sPnB,23,29,52,0.44
sPnD,8,3,11,0.73
sPnH,14,17,31,0.45
sPnI,4,7,11,0.36
sPnK,4,5,9,0.44
sPnL,15,12,27,0.56
sPnM,38,33,71,0.54
sPnN,39,41,80,0.49
sPnP,53,40,93,0.57
sPnS,21,24,45,0.47
sPnb,29,25,54,0.54
sPnh,0,2,2,0.0
sPnl,15,17,32,0.47
sPnm,39,24,63,0.62
sPnn,36,24,60,0.6
sPns,31,28,59,0.53
sPsB,14,17,31,0.45
sPsD,3,4,7,0.43
sPsH,18,22,40,0.45
sPsI,3,3,6,0.5
sPsK,1,0,1,1.0
sPsL,12,11,23,0.52
sPsM,21,25,46,0.46
sPsN,36,20,56,0.64
sPsP,46,45,91,0.51
sPsS,22,33,55,0.4
sPsb,28,25,53,0.53
sPsh,4,1,5,0.8
sPsl,17,18,35,0.49
sPsm,27,31,58,0.47
sPsn,20,18,38,0.53
sPss,27,21,48,0.56
sSBB,14,15,29,0.48
sSBD,0,4,4,0.0
sSBK,2,3,5,0.4
sSBL,5,11,16,0.31
sSBM,11,18,29,0.38
sSBN,23,15,38,0.61
sSBP,20,19,39,0.51
sSBS,14,13,27,0.52
sSBT,3,0,3,1.0
sSBb,15,11,26,0.58
sSBh,3,1,4,0.75
sSBj,5,4,9,0.56
sSBl,5,9,14,0.36
sSBm,20,16,36,0.56
sSBn,20,18,38,0.53
sSBs,18,12,30,0.6
sSDB,0,1,1,0.0
sSDD,1,1,2,0.5
sSDH,5,6,11,0.45
sSDI,0,1,1,0.0
sSDK,0,0,0,
sSDL,0,1,1,0.0
sSDM,2,3,5,0.4
sSDN,4,3,7,0.57
sSDP,5,1,6,0.83
sSDS,12,7,19,0.63
sSDT,0,1,1,0.0
sSDb,2,5,7,0.29
sSDh,1,1,2,0.5
sSDl,2,3,5,0.4
sSDm,10,3,13,0.77
sSDn,2,4,6,0.33
sSDs,6,4,10,0.6
sSHB,5,9,14,0.36
sSHD,2,0,2,1.0
sSHH,4,2,6,0.67
sSHI,1,1,2,0.5
sSHL,4,3,7,0.57
sSHM,13,11,24,0.54
sSHN,4,4,8,0.5
sSHP,9,7,16,0.56
sSHS,17,21,38,0.45
sSHT,1,2,3,0.33
sSHb,8,9,17,0.47
sSHh,2,9,11,0.18
sSHl,6,3,9,0.67
sSHm,9,10,19,0.47
sSHn,10,10,20,0.5
sSHs,15,11,26,0.58
sSIB,1,1,2,0.5
sSID,0,0,0,
sSIH,1,0,1,1.0
sSIL,1,0,1,1.0
sSIM,1,1,2,0.5
sSIN,0,1,1,0.0
sSIP,1,0,1,1.0
sSIS,3,1,4,0.75
sSIT,0,1,1,0.0
sSIb,1,0,1,1.0
sSIm,3,1,4,0.75
sSIs,0,1,1,0.0
sSKB,0,2,2,0.0
sSKI,0,1,1,0.0
sSKK,1,0,1,1.0
sSKL,0,2,2,0.0
sSKM,1,1,2,0.5
sSKN,0,2,2,0.0
sSKP,0,1,1,0.0
sSKS,1,1,2,0.5
sSKb,0,2,2,0.0
sSKh,2,0,2,1.0
sSKl,0,0,0,
sSKm,0,0,0,
sSKn,0,2,2,0.0
sSKs,3,0,3,1.0
sSLB,15,17,32,0.47
sSLD,1,1,2,0.5
sSLH,0,2,2,0.0
sSLK,0,1,1,0.0
sSLL,2,6,8,0.25
sSLM,12,13,25,0.48
sSLN,10,10,20,0.5
sSLP,14,7,21,0.67
sSLS,8,5,13,0.62
sSLT,0,1,1,0.0
sSLb,10,7,17,0.59
sSLh,1,5,6,0.17
sSLj,8,4,12,0.67
sSLl,12,4,16,0.75
sSLm,7,8,15,0.47
sSLn,15,15,30,0.5
sSLs,8,2,10,0.8
sSMB,21,18,39,0.54
sSMD,1,2,3,0.33
sSMK,0,1,1,0.0
sSML,11,9,20,0.55
sSMM,14,21,35,0.4
sSMN,19,19,38,0.5
sSMP,44,34,78,0.56
sSMS,16,21,37,0.43
sSMT,1,3,4,0.25
sSMb,27,30,57,0.47
sSMh,25,23,48,0.52
sSMj,3,10,13,0.23
sSMl,8,10,18,0.44
sSMm,33,22,55,0.6
sSMn,35,37,72,0.49
sSMs,21,19,40,0.52
sSNB,15,18,33,0.45
sSND,6,3,9,0.67
sSNH,7,6,13,0.54
sSNI,1,0,1,1.0
sSNK,1,4,5,0.2
sSNL,7,5,12,0.58
sSNM,16,22,38,0.42
sSNN,24,34,58,0.41
sSNP,29,30,59,0.49
sSNS,24,29,53,0.45
sSNT,4,2,6,0.67
sSNb,14,21,35,0.4
sSNh,10,15,25,0.4
sSNl,14,12,26,0.54
sSNm,22,23,45,0.49
sSNn,30,44,74,0.41
sSNs,20,19,39,0.51
sSPB,20,24,44,0.45
sSPD,8,3,11,0.73
sSPH,8,6,14,0.57
sSPI,0,1,1,0.0
sSPK,4,9,13,0.31
sSPL,10,20,30,0.33
sSPM,32,32,64,0.5
sSPN,35,31,66,0.53
sSPP,62,62,124,0.5
sSPS,35,35,70,0.5
sSPT,5,7,12,0.42
sSPb,26,33,59,0.44
sSPh,2,4,6,0.33
sSPl,15,16,31,0.48
sSPm,37,32,69,0.54
sSPn,36,34,70,0.51
sSPs,35,39,74,0.47
sSSB,22,24,46,0.48
sSSD,4,6,10,0.4
sSSH,13,16,29,0.45
sSSI,1,0,1,1.0
sSSK,1,3,4,0.25
sSSL,13,11,24,0.54
sSSM,36,41,77,0.47
sSSN,20,31,51,0.39
sSSP,34,38,72,0.47
sSSS,54,57,111,0.49
sSST,5,3,8,0.62
sSSb,37,34,71,0.52
sSSh,14,15,29,0.48
sSSl,18,20,38,0.47
sSSm,33,23,56,0.59
sSSn,38,25,63,0.6
sSSs,55,38,93,0.59
sSTB,2,2,4,0.5
sSTD,1,1,2,0.5
sSTH,2,2,4,0.5
sSTK,3,0,3,1.0
sSTL,1,1,2,0.5
sSTM,2,4,6,0.33
sSTN,6,6,12,0.5
sSTP,11,9,20,0.55
sSTS,6,7,13,0.46
sSTT,0,4,4,0.0
sSTb,2,4,6,0.33
sSTl,2,2,4,0.5
sSTm,5,3,8,0.62
sSTn,6,5,11,0.55
sSTs,3,6,9,0.33
sSbB,18,22,40,0.45
sSbD,2,1,3,0.67
sSbH,5,4,9,0.56
sSbI,4,0,4,1.0
sSbJ,8,5,13,0.62
sSbK,3,2,5,0.6
sSbL,5,11,16,0.31
sSbM,18,21,39,0.46
sSbN,26,22,48,0.54
sSbP,20,25,45,0.44
sSbS,14,15,29,0.48
sSbb,24,24,48,0.5
sSbl,7,4,11,0.64
sSbm,12,12,24,0.5
sSbn,15,18,33,0.45
sSbs,14,5,19,0.74
sShB,11,10,21,0.52
sShD,2,3,5,0.4
sShH,1,5,6,0.17
sShI,1,2,3,0.33
sShL,9,10,19,0.47
sShM,10,14,24,0.42
sShN,9,17,26,0.35
sShP,33,31,64,0.52
sShS,19,29,48,0.4
sShT,3,4,7,0.43
sShb,16,11,27,0.59
sShh,15,12,27,0.56
sShl,4,8,12,0.33
sShm,19,18,37,0.51
sShn,20,18,38,0.53
sShs,23,18,41,0.56
sSlB,6,8,14,0.43
sSlD,1,0,1,1.0
sSlH,6,2,8,0.75
sSlI,0,0,0,
sSlJ,2,3,5,0.4
sSlK,3,2,5,0.6
sSlL,4,3,7,0.57
sSlM,9,10,19,0.47
sSlN,18,10,28,0.64
sSlP,12,7,19,0.63
sSlS,14,17,31,0.45
sSlb,10,8,18,0.56
sSll,4,6,10,0.4
sSlm,11,10,21,0.52
sSln,5,10,15,0.33
sSls,11,4,15,0.73
sSmB,29,14,43,0.67
sSmD,4,4,8,0.5
sSmH,14,22,36,0.39
sSmI,2,4,6,0.33
sSmJ,4,3,7,0.57
sSmK,0,3,3,0.0
sSmL,6,7,13,0.46
sSmM,21,26,47,0.45
sSmN,27,25,52,0.52
sSmP,28,23,51,0.55
sSmS,20,20,40,0.5
sSmb,23,16,39,0.59
sSmh,0,1,1,0.0
sSml,13,11,24,0.54
sSmm,29,26,55,0.53
sSmn,25,16,41,0.61
sSms,14,9,23,0.61
sSnB,18,15,33,0.55
sSnD,5,7,12,0.42
sSnH,13,21,34,0.38
sSnI,3,6,9,0.33
sSnK,1,4,5,0.2
sSnL,12,12,24,0.5
sSnM,30,19,49,0.61
sSnN,42,40,82,0.51
sSnP,37,29,66,0.56
sSnS,32,37,69,0.46
sSnb,22,31,53,0.42
sSnh,1,0,1,1.0
sSnl,11,18,29,0.38
sSnm,24,25,49,0.49
sSnn,34,39,73,0.47
sSns,28,28,56,0.5
sSsB,17,24,41,0.41
sSsD,9,6,15,0.6
sSsH,40,33,73,0.55
sSsI,5,7,12,0.42
sSsK,2,1,3,0.67
sSsL,10,8,18,0.56
sSsM,35,33,68,0.51
sSsN,24,38,62,0.39
sSsP,39,29,68,0.57
sSsS,54,66,120,0.45
sSsT,1,2,3,0.33
sSsb,32,21,53,0.6
sSsh,1,1,2,0.5
sSsl,13,13,26,0.5
sSsm,37,31,68,0.54
sSsn,28,24,52,0.54
sSss,54,39,93,0.58
sTBB,2,0,2,1.0
sTBP,0,1,1,0.0
sTBb,1,0,1,1.0
sTBm,1,0,1,1.0
sTBs,0,0,0,
sTDM,1,0,1,1.0
sTDS,1,0,1,1.0
sTDm,0,0,0,
sTDn,0,1,1,0.0
sTHB,1,0,1,1.0
sTHS,0,1,1,0.0
sTHm,0,1,1,0.0
sTKH,0,1,1,0.0
sTLK,0,0,0,
sTLM,0,0,0,
sTLn,0,0,0,
sTLs,0,1,1,0.0
sTMB,0,1,1,0.0
sTMM,0,1,1,0.0
sTMN,1,0,1,1.0
sTMP,1,0,1,1.0
sTMS,0,0,0,
sTMh,0,0,0,
sTMm,1,0,1,1.0
sTNB,1,0,1,1.0
sTND,0,1,1,0.0
sTNL,1,0,1,1.0
sTNm,1,0,1,1.0
sTPB,1,1,2,0.5
sTPM,0,0,0,
sTPN,0,0,0,
sTPS,0,0,0,
sTPb,1,1,2,0.5
sTSB,1,1,2,0.5
sTSM,0,1,1,0.0
sTSP,0,1,1,0.0
sTSS,1,0,1,1.0
sTSb,1,0,1,1.0
sTSs,0,0,0,
sTTm,1,0,1,1.0
sTbK,0,1,1,0.0
sTbL,0,0,0,
sTbS,1,0,1,1.0
sTbb,1,0,1,1.0
sTbl,1,0,1,1.0
sTbm,0,1,1,0.0
sTlB,1,1,2,0.5
sTlH,1,0,1,1.0
sTlP,1,0,1,1.0
sTmB,0,1,1,0.0
sTmH,0,2,2,0.0
sTmL,0,0,0,
sTmM,1,0,1,1.0
sTmN,0,0,0,
sTmS,0,1,1,0.0
sTms,0,0,0,
sTnL,0,1,1,0.0
sTnM,0,1,1,0.0
sTnP,0,2,2,0.0
sTnl,2,0,2,1.0
sTsM,0,1,1,0.0
sTsS,0,0,0,
sTsm,1,0,1,1.0
sTsn,1,0,1,1.0
sbBB,23,21,44,0.52
sbBD,2,0,2,1.0
sbBK,2,3,5,0.4
sbBL,5,8,13,0.38
sbBM,18,19,37,0.49
sbBN,22,17,39,0.56
sbBP,25,21,46,0.54
sbBS,14,10,24,0.58
sbBT,1,1,2,0.5
sbBb,16,17,33,0.48
sbBh,3,1,4,0.75
sbBj,10,7,17,0.59
sbBl,9,8,17,0.53
sbBm,16,11,27,0.59
sbBn,31,22,53,0.58
sbBs,11,10,21,0.52
sbDB,0,4,4,0.0
sbDH,1,2,3,0.33
sbDM,3,2,5,0.6
sbDN,3,3,6,0.5
sbDP,0,4,4,0.0
sbDS,0,1,1,0.0
sbDT,0,1,1,0.0
sbDb,4,0,4,1.0
sbDl,1,0,1,1.0
sbDm,2,1,3,0.67
sbDn,0,3,3,0.0
sbDs,0,0,0,
sbHB,5,7,12,0.42
sbHH,3,0,3,1.0
sbHL,1,4,5,0.2
sbHM,6,3,9,0.67
sbHN,7,3,10,0.7
sbHP,6,8,14,0.43
sbHS,1,6,7,0.14
sbHT,1,0,1,1.0
sbHb,6,5,11,0.55
sbHh,1,1,2,0.5
sbHl,2,1,3,0.67
sbHm,1,4,5,0.2
sbHn,6,7,13,0.46
sbHs,1,1,2,0.5
sbIB,3,2,5,0.6
sbIH,3,1,4,0.75
sbIM,1,3,4,0.25
sbIN,2,1,3,0.67
sbIP,1,3,4,0.25
sbIS,2,0,2,1.0
sbIT,1,0,1,1.0
sbIb,1,2,3,0.33
sbIl,3,0,3,1.0
sbIm,0,1,1,0.0
sbIn,1,2,3,0.33
sbIs,0,0,0,
sbJB,6,5,11,0.55
sbJD,1,0,1,1.0
sbJH,2,4,6,0.33
sbJI,0,1,1,0.0
sbJL,3,4,7,0.43
sbJM,11,4,15,0.73
sbJN,5,9,14,0.36
sbJP,8,13,21,0.38
sbJS,7,4,11,0.64
sbJT,1,0,1,1.0
sbJb,6,10,16,0.38
sbJh,2,1,3,0.67
sbJl,4,3,7,0.57
sbJm,8,5,13,0.62
sbJn,5,3,8,0.62
sbJs,4,2,6,0.67
sbKB,2,3,5,0.4
sbKH,0,1,1,0.0
sbKI,1,0,1,1.0
sbKL,1,0,1,1.0
sbKM,1,2,3,0.33
sbKN,4,2,6,0.67
sbKP,4,3,7,0.57
sbKS,1,1,2,0.5
sbKb,2,3,5,0.4
sbKh,1,3,4,0.25
sbKl,1,0,1,1.0
sbKm,3,4,7,0.43
sbKn,0,1,1,0.0
sbKs,1,1,2,0.5
sbLB,2,10,12,0.17
sbLD,1,3,4,0.25
sbLK,1,0,1,1.0
sbLL,2,3,5,0.4
sbLM,8,15,23,0.35
sbLN,8,2,10,0.8
sbLP,7,15,22,0.32
sbLS,10,8,18,0.56
sbLT,0,2,2,0.0
sbLb,7,9,16,0.44
sbLh,5,3,8,0.62
sbLj,3,1,4,0.75
sbLl,6,2,8,0.75
sbLm,4,9,13,0.31
sbLn,8,15,23,0.35
sbLs,7,7,14,0.5
sbMB,19,30,49,0.39
sbMD,2,1,3,0.67
sbML,7,2,9,0.78
sbMM,24,26,50,0.48
sbMN,39,23,62,0.63
sbMP,24,19,43,0.56
sbMS,16,22,38,0.42
sbMT,2,1,3,0.67
sbMb,29,32,61,0.48
sbMh,19,17,36,0.53
sbMj,4,8,12,0.33
sbMl,7,5,12,0.58
sbMm,20,17,37,0.54
sbMn,17,29,46,0.37
sbMs,11,9,20,0.55
sbNB,18,18,36,0.5
sbND,3,2,5,0.6
sbNH,3,3,6,0.5
sbNK,2,2,4,0.5
sbNL,12,6,18,0.67
sbNM,21,30,51,0.41
sbNN,34,28,62,0.55
sbNP,46,42,88,0.52
sbNS,20,16,36,0.56
sbNT,6,9,15,0.4
sbNb,27,28,55,0.49
sbNh,9,11,20,0.45
sbNl,8,11,19,0.42
sbNm,31,22,53,0.58
sbNn,32,29,61,0.52
sbNs,12,10,22,0.55
sbPB,28,27,55,0.51
sbPD,1,1,2,0.5
sbPH,9,5,14,0.64
sbPI,5,1,6,0.83
sbPK,4,5,9,0.44
sbPL,11,12,23,0.48
sbPM,24,34,58,0.41
sbPN,29,35,64,0.45
sbPP,47,34,81,0.58
sbPS,24,25,49,0.49
sbPT,2,3,5,0.4
sbPb,33,29,62,0.53
sbPh,2,3,5,0.4
sbPl,11,11,22,0.5
sbPm,27,21,48,0.56
sbPn,30,26,56,0.54
sbPs,17,16,33,0.52
sbSB,7,7,14,0.5
sbSD,1,1,2,0.5
sbSH,2,3,5,0.4
sbSK,0,0,0,
sbSL,2,6,8,0.25
sbSM,15,12,27,0.56
sbSN,11,8,19,0.58
sbSP,22,19,41,0.54
sbSS,13,18,31,0.42
sbST,3,2,5,0.6
sbSb,12,9,21,0.57
sbSh,9,13,22,0.41
sbSl,4,9,13,0.31
sbSm,5,8,13,0.38
sbSn,14,17,31,0.45
sbSs,16,8,24,0.67
sbbB,27,25,52,0.52
sbbD,1,4,5,0.2
sbbH,5,3,8,0.62
sbbI,4,2,6,0.67
sbbJ,8,7,15,0.53
sbbK,1,1,2,0.5
sbbL,8,15,23,0.35
sbbM,33,33,66,0.5
sbbN,33,42,75,0.44
sbbP,24,31,55,0.44
sbbS,17,15,32,0.53
sbbb,41,29,70,0.59
sbbl,8,7,15,0.53
sbbm,21,18,39,0.54
sbbn,19,26,45,0.42
sbbs,6,10,16,0.38
sbhM,1,0,1,1.0
sbhP,0,1,1,0.0
sblB,7,8,15,0.47
sblH,8,6,14,0.57
sblJ,1,2,3,0.33
sblL,3,2,5,0.6
sblM,7,8,15,0.47
sblN,12,9,21,0.57
sblP,10,10,20,0.5
sblS,7,5,12,0.58
sblb,11,14,25,0.44
sbll,4,2,6,0.67
sblm,8,5,13,0.62
sbln,5,8,13,0.38
sbls,8,3,11,0.73
sbmB,21,18,39,0.54
sbmD,5,0,5,1.0
sbmH,7,10,17,0.41
sbmI,1,2,3,0.33
sbmJ,4,1,5,0.8
sbmK,0,1,1,0.0
sbmL,4,4,8,0.5
sbmM,23,23,46,0.5
sbmN,24,26,50,0.48
sbmP,29,17,46,0.63
sbmS,8,15,23,0.35
sbmb,15,20,35,0.43
sbml,3,6,9,0.33
sbmm,14,15,29,0.48
sbmn,16,11,27,0.59
sbms,9,6,15,0.6
sbnB,22,12,34,0.65
sbnD,4,4,8,0.5
sbnH,8,11,19,0.42
sbnI,3,2,5,0.6
sbnK,1,3,4,0.25
sbnL,13,10,23,0.57
sbnM,18,25,43,0.42
sbnN,29,31,60,0.48
sbnP,29,30,59,0.49
sbnS,12,15,27,0.44
sbnb,27,21,48,0.56
sbnh,2,2,4,0.5
sbnl,7,8,15,0.47
sbnm,14,9,23,0.61
sbnn,28,21,49,0.57
sbns,13,10,23,0.57
sbsB,6,8,14,0.43
sbsD,3,1,4,0.75
sbsH,6,10,16,0.38
sbsI,1,1,2,0.5
sbsK,1,1,2,0.5
sbsL,5,3,8,0.62
sbsM,17,11,28,0.61
sbsN,5,9,14,0.36
sbsP,7,15,22,0.32
sbsS,14,10,24,0.58
sbsb,12,16,28,0.43
sbsh,2,0,2,1.0
sbsl,5,3,8,0.62
sbsm,7,7,14,0.5
sbsn,9,8,17,0.53
sbss,8,5,13,0.62
shBB,2,0,2,1.0
shBD,0,0,0,
shBL,1,1,2,0.5
shBN,2,1,3,0.67
shBP,1,0,1,1.0
shBS,1,0,1,1.0
shBb,3,2,5,0.6
shBh,1,0,1,1.0
shBj,1,1,2,0.5
shBm,1,2,3,0.33
shBn,2,1,3,0.67
shBs,0,2,2,0.0
shDB,0,0,0,
shDM,0,1,1,0.0
shDb,0,1,1,0.0
shHB,0,1,1,0.0
shHS,2,2,4,0.5
shHb,0,1,1,0.0
shHm,0,0,0,
shHs,1,0,1,1.0
shIb,0,1,1,0.0
shKD,1,0,1,1.0
shKM,1,0,1,1.0
shKl,0,0,0,
shLB,0,1,1,0.0
shLL,0,0,0,
shLP,0,2,2,0.0
shLS,1,1,2,0.5
shLb,0,2,2,0.0
shLj,1,0,1,1.0
shLm,0,1,1,0.0
shLn,1,0,1,1.0
shMB,2,2,4,0.5
shML,1,0,1,1.0
shMM,1,1,2,0.5
shMN,1,0,1,1.0
shMP,2,0,2,1.0
shMb,0,1,1,0.0
shMh,1,4,5,0.2
shMj,0,1,1,0.0
shMl,2,1,3,0.67
shMm,0,1,1,0.0
shMn,1,2,3,0.33
shMs,3,1,4,0.75
shNB,1,0,1,1.0
shND,0,0,0,
shNH,2,0,2,1.0
shNK,0,1,1,0.0
shNM,0,3,3,0.0
shNN,1,0,1,1.0
shNP,0,1,1,0.0
shNS,1,0,1,1.0
shNT,1,0,1,1.0
shNb,1,2,3,0.33
shNh,0,1,1,0.0
shNm,2,2,4,0.5
shNn,1,3,4,0.25
shNs,0,1,1,0.0
shPB,3,0,3,1.0
shPH,2,0,2,1.0
shPK,0,0,0,
shPL,1,0,1,1.0
shPM,2,1,3,0.67
shPN,2,3,5,0.4
shPP,1,1,2,0.5
shPS,1,2,3,0.33
shPT,0,1,1,0.0
shPb,5,1,6,0.83
shPh,0,1,1,0.0
shPm,0,3,3,0.0
shPn,1,3,4,0.25
shPs,1,0,1,1.0
shSB,1,2,3,0.33
shSH,1,2,3,0.33
shSM,1,4,5,0.2
shSP,3,2,5,0.6
shSS,1,1,2,0.5
shSb,1,0,1,1.0
shSh,2,0,2,1.0
shSl,2,1,3,0.67
shSm,1,1,2,0.5
shSn,1,0,1,1.0
shSs,3,1,4,0.75
shTN,0,1,1,0.0
shTS,0,1,1,0.0
shTl,0,1,1,0.0
shTm,0,0,0,
shTs,0,0,0,
shbB,1,0,1,1.0
shbD,0,0,0,
shbH,1,0,1,1.0
shbJ,0,0,0,
shbL,1,0,1,1.0
shbM,1,1,2,0.5
shbN,3,0,3,1.0
shbP,2,0,2,1.0
shbS,1,1,2,0.5
shbb,1,3,4,0.25
shbl,0,2,2,0.0
shbm,1,0,1,1.0
shbn,1,1,2,0.5
shbs,0,1,1,0.0
shhB,3,0,3,1.0
shhH,1,0,1,1.0
shhL,1,0,1,1.0
shhM,0,2,2,0.0
shhN,0,2,2,0.0
shhP,1,1,2,0.5
shhS,1,3,4,0.25
shhT,0,1,1,0.0
shhb,1,2,3,0.33
shhh,3,1,4,0.75
shhl,1,0,1,1.0
shhm,1,2,3,0.33
shhn,1,1,2,0.5
shhs,1,1,2,0.5
shlJ,1,0,1,1.0
shlL,2,0,2,1.0
shlM,1,2,3,0.33
shlN,0,2,2,0.0
shlP,1,1,2,0.5
shlS,1,0,1,1.0
shlb,0,2,2,0.0
shls,1,0,1,1.0
shmB,1,1,2,0.5
shmD,0,0,0,
shmH,1,2,3,0.33
shmL,2,1,3,0.67
shmM,5,3,8,0.62
shmN,1,4,5,0.2
shmP,1,0,1,1.0
shmS,1,3,4,0.25
shmb,1,1,2,0.5
shml,0,0,0,
shmm,2,2,4,0.5
shmn,2,5,7,0.29
shms,0,1,1,0.0
shnB,0,0,0,
shnD,1,0,1,1.0
shnH,3,1,4,0.75
shnM,0,2,2,0.0
shnN,0,0,0,
shnP,1,1,2,0.5
shnS,1,1,2,0.5
shnb,3,1,4,0.75
shnm,2,2,4,0.5
shnn,0,1,1,0.0
shns,1,0,1,1.0
shsB,1,1,2,0.5
shsH,0,2,2,0.0
shsL,1,0,1,1.0
shsM,0,1,1,0.0
shsN,1,5,6,0.17
shsP,4,0,4,1.0
shsS,0,4,4,0.0
shsb,2,3,5,0.4
shsl,1,0,1,1.0
shsm,0,1,1,0.0
shsn,1,0,1,1.0
shss,2,0,2,1.0
slBB,6,3,9,0.67
slBD,1,0,1,1.0
slBK,1,4,5,0.2
slBL,2,4,6,0.33
slBM,8,11,19,0.42
slBN,5,12,17,0.29
slBP,15,16,31,0.48
slBS,2,9,11,0.18
slBT,2,0,2,1.0
slBb,9,12,21,0.43
slBh,3,2,5,0.6
slBj,2,3,5,0.4
slBl,6,3,9,0.67
slBm,8,1,9,0.89
slBn,18,7,25,0.72
slBs,10,1,11,0.91
slDB,1,1,2,0.5
slDD,0,1,1,0.0
slDH,0,2,2,0.0
slDL,1,0,1,1.0
slDM,2,0,2,1.0
slDN,1,1,2,0.5
slDP,1,3,4,0.25
slDS,0,1,1,0.0
slDl,0,1,1,0.0
slDn,2,1,3,0.67
slDs,0,1,1,0.0
slHB,4,6,10,0.4
slHH,2,2,4,0.5
slHK,1,2,3,0.33
slHL,0,2,2,0.0
slHM,4,5,9,0.44
slHN,8,6,14,0.57
slHP,9,5,14,0.64
slHS,3,6,9,0.33
slHT,0,0,0,
slHb,8,6,14,0.57
slHh,1,4,5,0.2
slHl,1,2,3,0.33
slHm,5,8,13,0.38
slHn,5,8,13,0.38
slHs,5,7,12,0.42
slIH,0,2,2,0.0
slIL,0,1,1,0.0
slIM,2,2,4,0.5
slIN,3,0,3,1.0
slIP,1,1,2,0.5
slIS,0,0,0,
slIb,0,1,1,0.0
slIl,1,0,1,1.0
slIm,1,0,1,1.0
slIn,2,0,2,1.0
slIs,0,1,1,0.0
slJB,3,2,5,0.6
slJD,0,1,1,0.0
slJH,2,0,2,1.0
slJL,3,0,3,1.0
slJM,4,4,8,0.5
slJN,2,1,3,0.67
slJP,1,3,4,0.25
slJS,3,5,8,0.38
slJT,0,1,1,0.0
slJb,6,4,10,0.6
slJl,1,1,2,0.5
slJm,5,1,6,0.83
slJn,2,1,3,0.67
slJs,0,4,4,0.0
slKB,1,1,2,0.5
slKL,1,1,2,0.5
slKM,1,0,1,1.0
slKN,1,0,1,1.0
slKS,1,1,2,0.5
slKh,0,1,1,0.0
slKm,1,1,2,0.5
slKn,1,0,1,1.0
slKs,1,0,1,1.0
slLB,1,4,5,0.2
slLD,0,1,1,0.0
slLL,1,4,5,0.2
slLM,3,1,4,0.75
slLN,2,3,5,0.4
slLP,6,5,11,0.55
slLS,1,7,8,0.12
slLT,2,2,4,0.5
slLb,5,3,8,0.62
slLh,2,2,4,0.5
slLj,2,0,2,1.0
slLl,5,4,9,0.56
slLm,5,1,6,0.83
slLn,7,3,10,0.7
slLs,9,4,13,0.69
slMB,9,8,17,0.53
slMD,1,1,2,0.5
slMK,0,1,1,0.0
slML,2,8,10,0.2
slMM,9,13,22,0.41
slMN,10,8,18,0.56
slMP,13,8,21,0.62
slMS,9,14,23,0.39
slMT,0,2,2,0.0
slMb,10,12,22,0.45
slMh,6,12,18,0.33
slMj,0,3,3,0.0
slMl,8,2,10,0.8
slMm,8,8,16,0.5
slMn,14,9,23,0.61
slMs,14,4,18,0.78
slNB,8,6,14,0.57
slND,0,1,1,0.0
slNH,5,1,6,0.83
slNI,1,0,1,1.0
slNK,1,2,3,0.33
slNL,5,6,11,0.45
slNM,10,13,23,0.43
slNN,17,17,34,0.5
slNP,17,25,42,0.4
slNS,10,11,21,0.48
slNT,3,1,4,0.75
slNb,13,7,20,0.65
slNh,2,8,10,0.2
slNl,4,2,6,0.67
slNm,14,5,19,0.74
slNn,22,17,39,0.56
slNs,8,9,17,0.47
slPB,7,14,21,0.33
slPD,0,1,1,0.0
slPH,2,9,11,0.18
slPI,1,0,1,1.0
slPK,0,3,3,0.0
slPL,5,8,13,0.38
slPM,11,17,28,0.39
slPN,22,15,37,0.59
slPP,28,16,44,0.64
slPS,6,9,15,0.4
slPb,12,9,21,0.57
slPh,1,2,3,0.33
slPl,4,7,11,0.36
slPm,14,11,25,0.56
slPn,12,12,24,0.5
slPs,6,6,12,0.5
slSB,4,3,7,0.57
slSD,3,1,4,0.75
slSH,2,2,4,0.5
slSK,0,1,1,0.0
slSL,5,4,9,0.56
slSM,8,10,18,0.44
slSN,4,5,9,0.44
slSP,13,12,25,0.52
slSS,6,10,16,0.38
slST,3,4,7,0.43
slSb,5,5,10,0.5
slSh,1,2,3,0.33
slSl,2,2,4,0.5
slSm,8,4,12,0.67
slSn,8,6,14,0.57
slSs,12,6,18,0.67
slbB,12,8,20,0.6
slbH,0,4,4,0.0
slbJ,4,4,8,0.5
slbK,2,1,3,0.67
slbL,6,3,9,0.67
slbM,10,11,21,0.48
slbN,11,17,28,0.39
slbP,19,17,36,0.53
slbS,3,5,8,0.38
slbb,14,12,26,0.54
slbl,3,4,7,0.43
slbm,9,6,15,0.6
slbn,11,9,20,0.55
slbs,6,4,10,0.6
sllB,5,6,11,0.45
sllD,1,1,2,0.5
sllH,1,2,3,0.33
sllJ,1,0,1,1.0
sllK,0,0,0,
sllL,2,2,4,0.5
sllM,3,10,13,0.23
sllN,4,3,7,0.57
sllP,7,6,13,0.54
sllS,1,6,7,0.14
sllb,10,4,14,0.71
slll,3,2,5,0.6
sllm,8,8,16,0.5
slln,2,4,6,0.33
slls,1,3,4,0.25
slmB,7,6,13,0.54
slmD,0,1,1,0.0
slmH,4,6,10,0.4
slmI,0,1,1,0.0
slmJ,1,2,3,0.33
slmK,0,2,2,0.0
slmL,5,4,9,0.56
slmM,8,10,18,0.44
slmN,10,11,21,0.48
slmP,9,10,19,0.47
slmS,3,7,10,0.3
slmb,8,8,16,0.5
slml,7,2,9,0.78
slmm,5,7,12,0.42
slmn,4,4,8,0.5
slms,0,2,2,0.0
slnB,14,9,23,0.61
slnD,1,0,1,1.0
slnH,3,4,7,0.43
slnI,0,3,3,0.0
slnK,1,1,2,0.5
slnL,6,3,9,0.67
slnM,7,11,18,0.39
slnN,20,7,27,0.74
slnP,10,14,24,0.42
slnS,9,5,14,0.64
slnb,6,8,14,0.43
slnl,4,7,11,0.36
slnm,8,6,14,0.57
slnn,11,10,21,0.52
slns,5,2,7,0.71
slsB,2,4,6,0.33
slsD,2,2,4,0.5
slsH,6,7,13,0.46
slsI,0,2,2,0.0
slsL,5,3,8,0.62
slsM,7,5,12,0.58
slsN,5,2,7,0.71
slsP,17,9,26,0.65
slsS,11,11,22,0.5
slsb,5,7,12,0.42
slsl,4,5,9,0.44
slsm,7,1,8,0.88
slsn,9,4,13,0.69
slss,5,0,5,1.0
smBB,21,14,35,0.6
smBD,1,1,2,0.5
smBK,0,2,2,0.0
smBL,5,4,9,0.56
smBM,19,23,42,0.45
smBN,23,24,47,0.49
smBP,15,31,46,0.33
smBS,16,14,30,0.53
smBT,2,1,3,0.67
smBb,27,19,46,0.59
smBh,1,1,2,0.5
smBj,16,7,23,0.7
smBl,3,5,8,0.38
smBm,21,24,45,0.47
smBn,25,24,49,0.51
smBs,8,11,19,0.42
smDB,8,1,9,0.89
smDD,3,2,5,0.6
smDH,4,5,9,0.44
smDI,0,0,0,
smDK,0,1,1,0.0
smDL,0,1,1,0.0
smDM,5,6,11,0.45
smDN,3,7,10,0.3
smDP,7,8,15,0.47
smDS,4,3,7,0.57
smDb,2,3,5,0.4
smDh,0,1,1,0.0
smDl,2,1,3,0.67
smDm,5,4,9,0.56
smDn,2,3,5,0.4
smDs,1,3,4,0.25
smHB,16,13,29,0.55
smHD,4,2,6,0.67
smHH,3,3,6,0.5
smHI,0,3,3,0.0
smHK,4,1,5,0.8
smHL,4,3,7,0.57
smHM,23,15,38,0.61
smHN,11,20,31,0.35
smHP,22,25,47,0.47
smHS,11,17,28,0.39
smHT,3,1,4,0.75
smHb,19,15,34,0.56
smHh,8,15,23,0.35
smHl,13,3,16,0.81
smHm,15,14,29,0.52
smHn,18,15,33,0.55
smHs,9,14,23,0.39
smIB,3,1,4,0.75
smIH,0,1,1,0.0
smII,1,0,1,1.0
smIK,1,0,1,1.0
smIL,2,0,2,1.0
smIM,3,0,3,1.0
smIN,3,6,9,0.33
smIP,2,3,5,0.4
smIS,0,1,1,0.0
smIb,5,2,7,0.71
smIl,0,1,1,0.0
smIm,0,2,2,0.0
smIn,1,5,6,0.17
smIs,2,1,3,0.67
smJB,5,3,8,0.62
smJH,5,1,6,0.83
smJI,0,1,1,0.0
smJK,0,1,1,0.0
smJL,2,0,2,1.0
smJM,6,1,7,0.86
smJN,5,1,6,0.83
smJP,11,6,17,0.65
smJS,4,1,5,0.8
smJT,0,1,1,0.0
smJb,6,5,11,0.55
smJl,4,2,6,0.67
smJm,4,5,9,0.44
smJn,5,1,6,0.83
smJs,2,3,5,0.4
smKI,1,0,1,1.0
smKL,0,1,1,0.0
smKM,1,0,1,1.0
smKS,0,1,1,0.0
smKb,0,0,0,
smKl,1,1,2,0.5
smKm,2,0,2,1.0
smLB,9,5,14,0.64
smLD,1,0,1,1.0
smLK,0,1,1,0.0
smLL,5,2,7,0.71
smLM,8,9,17,0.47
smLN,11,6,17,0.65
smLP,6,8,14,0.43
smLS,9,9,18,0.5
smLT,1,1,2,0.5
smLb,8,10,18,0.44
smLh,4,4,8,0.5
smLj,1,4,5,0.2
smLl,4,1,5,0.8
smLm,11,8,19,0.58
smLn,8,13,21,0.38
smLs,4,5,9,0.44
smMB,18,19,37,0.49
smMD,2,5,7,0.29
smML,4,7,11,0.36
smMM,17,24,41,0.41
smMN,25,32,57,0.44
smMP,26,37,63,0.41
smMS,14,12,26,0.54
smMT,2,3,5,0.4
smMb,26,26,52,0.5
smMh,14,28,42,0.33
smMj,9,2,11,0.82
smMl,3,9,12,0.25
smMm,18,16,34,0.53
smMn,40,35,75,0.53
smMs,11,23,34,0.32
smNB,22,12,34,0.65
smND,5,2,7,0.71
smNH,7,3,10,0.7
smNK,2,1,3,0.67
smNL,5,7,12,0.42
smNM,21,37,58,0.36
smNN,26,28,54,0.48
smNP,40,44,84,0.48
smNS,18,24,42,0.43
smNT,4,4,8,0.5
smNb,22,27,49,0.45
smNh,7,4,11,0.64
smNl,8,9,17,0.47
smNm,20,23,43,0.47
smNn,40,29,69,0.58
smNs,20,23,43,0.47
smPB,20,22,42,0.48
smPD,1,5,6,0.17
smPH,8,5,13,0.62
smPI,3,1,4,0.75
smPK,2,4,6,0.33
smPL,8,13,21,0.38
smPM,27,30,57,0.47
smPN,22,27,49,0.45
smPP,54,41,95,0.57
smPS,16,25,41,0.39
smPT,0,5,5,0.0
smPb,27,34,61,0.44
smPh,3,2,5,0.6
smPl,10,14,24,0.42
smPm,15,25,40,0.38
smPn,31,17,48,0.65
smPs,21,14,35,0.6
smSB,8,19,27,0.3
smSD,4,1,5,0.8
smSH,4,9,13,0.31
smSL,7,5,12,0.58
smSM,16,23,39,0.41
smSN,20,15,35,0.57
smSP,23,27,50,0.46
smSS,20,21,41,0.49
smST,4,6,10,0.4
smSb,24,13,37,0.65
smSh,11,16,27,0.41
smSl,7,7,14,0.5
smSm,15,8,23,0.65
smSn,19,26,45,0.42
smSs,17,12,29,0.59
smbB,25,22,47,0.53
smbD,4,2,6,0.67
smbH,4,2,6,0.67
smbI,3,1,4,0.75
smbJ,7,8,15,0.47
smbK,5,1,6,0.83
smbL,8,4,12,0.67
smbM,19,23,42,0.45
smbN,23,17,40,0.57
smbP,33,24,57,0.58
smbS,8,8,16,0.5
smbb,36,15,51,0.71
smbl,8,4,12,0.67
smbm,16,12,28,0.57
smbn,17,22,39,0.44
smbs,5,6,11,0.45
smhI,0,1,1,0.0
smhn,1,0,1,1.0
smlB,5,6,11,0.45
smlD,2,0,2,1.0
smlH,3,5,8,0.38
smlI,0,1,1,0.0
smlJ,2,3,5,0.4
smlL,4,3,7,0.57
smlM,7,12,19,0.37
smlN,8,8,16,0.5
smlP,13,10,23,0.57
smlS,4,4,8,0.5
smlb,9,6,15,0.6
smll,3,1,4,0.75
smlm,5,8,13,0.38
smln,4,3,7,0.57
smls,4,2,6,0.67
smmB,16,23,39,0.41
smmD,5,5,10,0.5
smmH,10,14,24,0.42
smmI,2,2,4,0.5
smmJ,3,4,7,0.43
smmK,0,0,0,
smmL,7,8,15,0.47
smmM,17,17,34,0.5
smmN,26,19,45,0.58
smmP,25,15,40,0.62
smmS,18,15,33,0.55
smmb,23,15,38,0.61
smml,7,4,11,0.64
smmm,22,17,39,0.56
smmn,17,19,36,0.47
smms,6,9,15,0.4
smnB,15,18,33,0.45
smnD,4,4,8,0.5
smnH,12,7,19,0.63
smnI,5,2,7,0.71
smnK,2,1,3,0.67
smnL,2,3,5,0.4
smnM,22,21,43,0.51
smnN,31,25,56,0.55
smnP,19,33,52,0.37
smnS,17,7,24,0.71
smnb,24,18,42,0.57
smnh,3,1,4,0.75
smnl,7,7,14,0.5
smnm,23,13,36,0.64
smnn,22,20,42,0.52
smns,11,12,23,0.48
smsB,13,13,26,0.5
smsD,3,0,3,1.0
smsH,10,8,18,0.56
smsI,2,0,2,1.0
smsL,2,9,11,0.18
smsM,16,8,24,0.67
smsN,16,18,34,0.47
smsP,13,16,29,0.45
smsS,18,13,31,0.58
smsT,0,0,0,
smsb,6,7,13,0.46
smsh,0,1,1,0.0
smsl,4,3,7,0.57
smsm,11,9,20,0.55
smsn,12,12,24,0.5
smss,9,14,23,0.39
snBB,12,14,26,0.46
snBD,3,4,7,0.43
snBH,1,0,1,1.0
snBK,0,1,1,0.0
snBL,2,4,6,0.33
snBM,12,10,22,0.55
snBN,12,20,32,0.38
snBP,18,15,33,0.55
snBS,5,10,15,0.33
snBT,2,1,3,0.67
snBb,13,14,27,0.48
snBh,0,0,0,
snBj,5,3,8,0.62
snBl,3,7,10,0.3
snBm,14,10,24,0.58
snBn,28,13,41,0.68
snBs,10,14,24,0.42
snDB,1,1,2,0.5
snDD,1,0,1,1.0
snDH,4,1,5,0.8
snDI,0,1,1,0.0
snDL,1,2,3,0.33
snDM,5,4,9,0.56
snDN,3,2,5,0.6
snDP,3,2,5,0.6
snDS,4,8,12,0.33
snDT,0,1,1,0.0
snDb,5,3,8,0.62
snDh,1,0,1,1.0
snDl,2,1,3,0.67
snDm,1,2,3,0.33
snDn,3,4,7,0.43
snDs,1,1,2,0.5
snHB,7,8,15,0.47
snHD,2,1,3,0.67
snHH,2,2,4,0.5
snHI,2,1,3,0.67
snHK,3,1,4,0.75
snHL,5,3,8,0.62
snHM,12,6,18,0.67
snHN,8,12,20,0.4
snHP,17,11,28,0.61
snHS,9,12,21,0.43
snHT,1,1,2,0.5
snHb,20,10,30,0.67
snHh,7,6,13,0.54
snHl,3,4,7,0.43
snHm,14,14,28,0.5
snHn,19,8,27,0.7
snHs,9,13,22,0.41
snIB,2,4,6,0.33
snID,1,1,2,0.5
snIH,0,2,2,0.0
snII,1,0,1,1.0
snIL,0,2,2,0.0
snIM,5,7,12,0.42
snIN,4,4,8,0.5
snIP,4,4,8,0.5
snIS,5,5,10,0.5
snIT,1,0,1,1.0
snIb,2,1,3,0.67
snIl,3,1,4,0.75
snIm,5,3,8,0.62
snIn,5,3,8,0.62
snIs,1,2,3,0.33
snKB,1,0,1,1.0
snKD,0,1,1,0.0
snKH,1,0,1,1.0
snKL,0,2,2,0.0
snKM,1,3,4,0.25
snKN,2,1,3,0.67
snKP,5,1,6,0.83
snKS,2,2,4,0.5
snKT,0,1,1,0.0
snKb,0,3,3,0.0
snKh,0,0,0,
snKl,1,2,3,0.33
snKm,1,1,2,0.5
snKn,1,2,3,0.33
snKs,2,1,3,0.67
snLB,6,4,10,0.6
snLD,1,1,2,0.5
snLH,0,1,1,0.0
snLK,1,0,1,1.0
snLL,2,3,5,0.4
snLM,7,12,19,0.37
snLN,9,8,17,0.53
snLP,6,11,17,0.35
snLS,5,2,7,0.71
snLT,1,0,1,1.0
snLb,9,11,20,0.45
snLh,1,5,6,0.17
snLj,2,1,3,0.67
snLl,3,3,6,0.5
snLm,6,5,11,0.55
snLn,13,10,23,0.57
snLs,5,6,11,0.45
snMB,13,17,30,0.43
snMD,1,1,2,0.5
snMK,1,0,1,1.0
snML,4,5,9,0.44
snMM,17,16,33,0.52
snMN,23,18,41,0.56
snMP,35,30,65,0.54
snMS,16,18,34,0.47
snMT,6,3,9,0.67
snMb,21,14,35,0.6
snMh,30,17,47,0.64
snMj,8,5,13,0.62
snMl,13,4,17,0.76
snMm,21,12,33,0.64
snMn,24,40,64,0.38
snMs,19,19,38,0.5
snNB,17,25,42,0.4
snND,7,6,13,0.54
snNH,6,8,14,0.43
snNI,1,0,1,1.0
snNK,4,4,8,0.5
snNL,8,9,17,0.47
snNM,26,31,57,0.46
snNN,41,41,82,0.5
snNP,31,49,80,0.39
snNS,25,30,55,0.45
snNT,4,6,10,0.4
snNb,27,26,53,0.51
snNh,20,8,28,0.71
snNl,14,6,20,0.7
snNm,27,25,52,0.52
snNn,35,50,85,0.41
snNs,20,24,44,0.45
snPB,28,21,49,0.57
snPD,5,5,10,0.5
snPH,10,15,25,0.4
snPI,4,4,8,0.5
snPK,6,7,13,0.46
snPL,7,18,25,0.28
snPM,30,29,59,0.51
snPN,36,31,67,0.54
snPP,51,52,103,0.5
snPS,25,29,54,0.46
snPT,3,3,6,0.5
snPb,40,31,71,0.56
snPh,2,3,5,0.4
snPl,20,17,37,0.54
snPm,28,29,57,0.49
snPn,34,40,74,0.46
snPs,25,29,54,0.46
snSB,9,9,18,0.5
snSD,1,5,6,0.17
snSH,8,10,18,0.44
snSI,0,1,1,0.0
snSK,1,0,1,1.0
snSL,2,2,4,0.5
snSM,18,18,36,0.5
snSN,17,14,31,0.55
snSP,29,29,58,0.5
snSS,20,24,44,0.45
snST,3,5,8,0.38
snSb,14,17,31,0.45
snSh,10,14,24,0.42
snSl,10,8,18,0.56
snSm,23,17,40,0.57
snSn,15,22,37,0.41
snSs,18,16,34,0.53
snTB,0,0,0,
snTN,1,0,1,1.0
snTP,0,1,1,0.0
snTS,0,1,1,0.0
snTm,0,0,0,
snTn,1,0,1,1.0
snbB,18,12,30,0.6
snbD,1,0,1,1.0
snbH,6,1,7,0.86
snbI,3,2,5,0.6
snbJ,2,2,4,0.5
snbK,2,0,2,1.0
snbL,8,6,14,0.57
snbM,18,23,41,0.44
snbN,32,29,61,0.52
snbP,23,23,46,0.5
snbS,12,18,30,0.4
snbb,23,25,48,0.48
snbh,0,0,0,
snbl,7,2,9,0.78
snbm,18,10,28,0.64
snbn,20,19,39,0.51
snbs,9,12,21,0.43
snhL,2,0,2,1.0
snhM,0,1,1,0.0
snhN,0,1,1,0.0
snhS,0,1,1,0.0
snhb,1,1,2,0.5
snhh,0,0,0,
snhm,0,1,1,0.0
snlB,8,8,16,0.5
snlD,0,3,3,0.0
snlH,6,3,9,0.67
snlI,1,1,2,0.5
snlJ,1,4,5,0.2
snlK,1,0,1,1.0
snlL,0,6,6,0.0
snlM,11,7,18,0.61
snlN,4,12,16,0.25
snlP,14,11,25,0.56
snlS,9,6,15,0.6
snlb,8,4,12,0.67
snll,9,4,13,0.69
snlm,10,1,11,0.91
snln,7,7,14,0.5
snls,6,7,13,0.46
snmB,19,15,34,0.56
snmD,3,2,5,0.6
snmH,19,14,33,0.58
snmI,1,1,2,0.5
snmJ,4,4,8,0.5
snmK,1,0,1,1.0
snmL,8,5,13,0.62
snmM,19,14,33,0.58
snmN,23,22,45,0.51
snmP,18,20,38,0.47
snmS,11,16,27,0.41
snmb,17,22,39,0.44
snml,8,6,14,0.57
snmm,16,15,31,0.52
snmn,19,17,36,0.53
snms,8,12,20,0.4
snnB,11,17,28,0.39
snnD,3,3,6,0.5
snnH,13,8,21,0.62
snnI,2,6,8,0.25
snnK,0,1,1,0.0
snnL,7,7,14,0.5
snnM,30,19,49,0.61
snnN,36,27,63,0.57
snnP,40,30,70,0.57
snnS,28,18,46,0.61
snnb,24,17,41,0.59
snnh,3,1,4,0.75
snnl,8,5,13,0.62
snnm,13,11,24,0.54
snnn,27,36,63,0.43
snns,20,23,43,0.47
snsB,11,12,23,0.48
snsD,3,3,6,0.5
snsH,12,11,23,0.52
snsI,3,1,4,0.75
snsK,2,0,2,1.0
snsL,8,4,12,0.67
snsM,12,17,29,0.41
snsN,25,17,42,0.6
snsP,29,19,48,0.6
snsS,18,16,34,0.53
snsb,12,16,28,0.43
snsh,0,1,1,0.0
snsl,10,4,14,0.71
snsm,15,4,19,0.79
snsn,11,13,24,0.46
snss,19,11,30,0.63
ssBB,13,9,22,0.59
ssBD,2,0,2,1.0
ssBK,1,1,2,0.5
ssBL,4,5,9,0.44
ssBM,11,14,25,0.44
ssBN,16,10,26,0.62
ssBP,18,19,37,0.49
ssBS,10,11,21,0.48
ssBT,0,4,4,0.0
ssBb,12,12,24,0.5
ssBh,0,0,0,
ssBj,4,4,8,0.5
ssBl,2,7,9,0.22
ssBm,12,13,25,0.48
ssBn,17,24,41,0.41
ssBs,8,5,13,0.62
ssDB,3,2,5,0.6
ssDD,2,3,5,0.4
ssDH,5,7,12,0.42
ssDI,0,0,0,
ssDL,3,0,3,1.0
ssDM,3,4,7,0.43
ssDN,6,3,9,0.67
ssDP,5,7,12,0.42
ssDS,6,6,12,0.5
ssDT,2,0,2,1.0
ssDb,5,0,5,1.0
ssDl,0,1,1,0.0
ssDm,4,1,5,0.8
ssDn,4,1,5,0.8
ssDs,5,2,7,0.71
ssHB,12,19,31,0.39
ssHD,2,1,3,0.67
ssHH,7,6,13,0.54
ssHI,3,0,3,1.0
ssHK,3,1,4,0.75
ssHL,3,2,5,0.6
ssHM,24,21,45,0.53
ssHN,22,19,41,0.54
ssHP,28,26,54,0.52
ssHS,22,25,47,0.47
ssHT,4,0,4,1.0
ssHb,15,19,34,0.44
ssHh,15,16,31,0.48
ssHl,7,5,12,0.58
ssHm,24,14,38,0.63
ssHn,22,19,41,0.54
ssHs,20,30,50,0.4
ssIB,3,3,6,0.5
ssID,1,0,1,1.0
ssIH,3,0,3,1.0
ssII,1,0,1,1.0
ssIL,0,5,5,0.0
ssIM,4,0,4,1.0
ssIN,5,8,13,0.38
ssIP,4,2,6,0.67
ssIS,6,3,9,0.67
ssIb,5,2,7,0.71
ssIl,1,2,3,0.33
ssIm,3,1,4,0.75
ssIn,1,4,5,0.2
ssIs,3,3,6,0.5
ssKL,0,1,1,0.0
ssKM,1,2,3,0.33
ssKP,2,1,3,0.67
ssKS,2,0,2,1.0
ssKh,0,1,1,0.0
ssKl,0,1,1,0.0
ssKm,0,2,2,0.0
ssKs,1,0,1,1.0
ssLB,5,7,12,0.42
ssLD,1,0,1,1.0
ssLK,2,0,2,1.0
ssLL,2,6,8,0.25
ssLM,4,9,13,0.31
ssLN,6,8,14,0.43
ssLP,8,13,21,0.38
ssLS,5,10,15,0.33
ssLb,8,3,11,0.73
ssLh,2,2,4,0.5
ssLj,4,2,6,0.67
ssLl,5,9,14,0.36
ssLm,6,8,14,0.43
ssLn,9,5,14,0.64
ssLs,3,6,9,0.33
ssMB,15,14,29,0.52
ssMD,4,2,6,0.67
ssMH,1,0,1,1.0
ssMI,0,0,0,
ssMK,1,0,1,1.0
ssML,9,9,18,0.5
ssMM,18,22,40,0.45
ssMN,25,10,35,0.71
ssMP,26,18,44,0.59
ssMS,13,17,30,0.43
ssMT,3,3,6,0.5
ssMb,20,17,37,0.54
ssMh,13,18,31,0.42
ssMj,5,4,9,0.56
ssMl,9,7,16,0.56
ssMm,23,17,40,0.57
ssMn,21,25,46,0.46
ssMs,16,26,42,0.38
ssNB,16,22,38,0.42
ssND,1,3,4,0.25
ssNH,1,5,6,0.17
ssNK,3,2,5,0.6
ssNL,6,12,18,0.33
ssNM,16,21,37,0.43
ssNN,25,23,48,0.52
ssNP,35,27,62,0.56
ssNS,10,13,23,0.43
ssNT,3,6,9,0.33
ssNb,19,13,32,0.59
ssNh,6,4,10,0.6
ssNl,7,9,16,0.44
ssNm,16,11,27,0.59
ssNn,36,17,53,0.68
ssNs,21,18,39,0.54
ssPB,16,12,28,0.57
ssPD,5,1,6,0.83
ssPH,7,12,19,0.37
ssPI,5,0,5,1.0
ssPK,3,5,8,0.38
ssPL,11,13,24,0.46
ssPM,17,27,44,0.39
ssPN,21,29,50,0.42
ssPP,48,34,82,0.59
ssPS,27,25,52,0.52
ssPT,2,5,7,0.29
ssPb,34,28,62,0.55
ssPh,3,4,7,0.43
ssPl,11,11,22,0.5
ssPm,29,22,51,0.57
ssPn,17,20,37,0.46
ssPs,24,31,55,0.44
ssSB,13,18,31,0.42
ssSD,4,5,9,0.44
ssSH,11,12,23,0.48
ssSI,2,0,2,1.0
ssSK,2,0,2,1.0
ssSL,15,14,29,0.52
ssSM,21,32,53,0.4
ssSN,19,18,37,0.51
ssSP,35,32,67,0.52
ssSS,47,46,93,0.51
ssST,7,9,16,0.44
ssSb,15,17,32,0.47
ssSh,18,24,42,0.43
ssSl,11,7,18,0.61
ssSm,24,20,44,0.55
ssSn,31,20,51,0.61
ssSs,41,39,80,0.51
ssTN,0,1,1,0.0
ssTP,0,1,1,0.0
ssTb,0,0,0,
ssTl,1,0,1,1.0
ssTm,1,0,1,1.0
ssTs,0,1,1,0.0
ssbB,19,20,39,0.49
ssbD,0,2,2,0.0
ssbH,6,1,7,0.86
ssbI,2,3,5,0.4
ssbJ,5,10,15,0.33
ssbK,2,6,8,0.25
ssbL,6,9,15,0.4
ssbM,16,23,39,0.41
ssbN,16,22,38,0.42
ssbP,27,17,44,0.61
ssbS,10,8,18,0.56
ssbb,24,18,42,0.57
ssbl,4,11,15,0.27
ssbm,15,16,31,0.48
ssbn,18,17,35,0.51
ssbs,11,10,21,0.52
sshL,2,0,2,1.0
sshM,2,4,6,0.33
sshN,0,2,2,0.0
sshP,2,1,3,0.67
sshS,1,0,1,1.0
sshb,1,0,1,1.0
sshh,0,4,4,0.0
sshl,0,1,1,0.0
sshm,1,2,3,0.33
sshs,1,2,3,0.33
sslB,13,7,20,0.65
sslD,2,0,2,1.0
sslH,2,9,11,0.18
sslJ,3,2,5,0.6
sslK,1,1,2,0.5
sslL,3,4,7,0.43
sslM,17,9,26,0.65
sslN,12,10,22,0.55
sslP,12,9,21,0.57
sslS,11,6,17,0.65
sslb,10,9,19,0.53
ssll,5,4,9,0.56
sslm,12,8,20,0.6
ssln,5,8,13,0.38
ssls,6,5,11,0.55
ssmB,19,15,34,0.56
ssmD,2,5,7,0.29
ssmH,15,16,31,0.48
ssmI,1,1,2,0.5
ssmJ,1,5,6,0.17
ssmL,6,9,15,0.4
ssmM,28,21,49,0.57
ssmN,15,23,38,0.39
ssmP,22,18,40,0.55
ssmS,14,16,30,0.47
ssmb,12,15,27,0.44
ssml,6,5,11,0.55
ssmm,14,10,24,0.58
ssmn,27,19,46,0.59
ssms,16,8,24,0.67
ssnB,19,11,30,0.63
ssnD,1,0,1,1.0
ssnH,9,12,21,0.43
ssnI,3,3,6,0.5
ssnK,1,2,3,0.33
ssnL,7,9,16,0.44
ssnM,12,21,33,0.36
ssnN,22,22,44,0.5
ssnP,25,34,59,0.42
ssnS,17,24,41,0.41
ssnb,11,11,22,0.5
ssnh,2,0,2,1.0
ssnl,13,10,23,0.57
ssnm,15,14,29,0.52
ssnn,19,21,40,0.48
ssns,8,10,18,0.44
sssB,12,15,27,0.44
sssD,4,4,8,0.5
sssH,14,25,39,0.36
sssI,6,2,8,0.75
sssK,1,2,3,0.33
sssL,6,8,14,0.43
sssM,19,27,46,0.41
sssN,21,20,41,0.51
sssP,20,28,48,0.42
sssS,37,33,70,0.53
sssb,24,15,39,0.62
sssh,1,3,4,0.25
sssl,10,17,27,0.37
sssm,22,15,37,0.59
sssn,28,19,47,0.6
ssss,25,30,55,0.45
