candlestick_code4,label_increase,label_decrease,occurrence,percentage
BBBB,13,11,24,0.54
BBBD,1,1,2,0.5
BBBK,0,1,1,0.0
BBBL,2,3,5,0.4
BBBM,10,4,14,0.71
BBBN,7,11,18,0.39
BBBP,11,13,24,0.46
BBBS,0,2,2,0.0
BBBb,11,15,26,0.42
BBBh,1,1,2,0.5
BBBj,2,3,5,0.4
BBBl,2,4,6,0.33
BBBm,2,8,10,0.2
BBBn,9,11,20,0.45
BBBs,1,2,3,0.33
BBBt,1,1,2,0.5
BBDL,0,0,0,
BBDN,0,1,1,0.0
BBDP,0,1,1,0.0
BBDb,0,0,0,
BBDl,0,1,1,0.0
BBDm,4,0,4,1.0
BBHL,0,1,1,0.0
BBHM,1,0,1,1.0
BBHP,1,0,1,1.0
BBKB,2,0,2,1.0
BBKI,1,0,1,1.0
BBKL,0,1,1,0.0
BBKS,1,1,2,0.5
BBKb,1,0,1,1.0
BBKl,0,2,2,0.0
BBKm,0,0,0,
BBKn,2,1,3,0.67
BBKs,0,1,1,0.0
BBLB,5,0,5,1.0
BBLL,2,2,4,0.5
BBLM,1,4,5,0.2
BBLN,1,3,4,0.25
BBLP,6,4,10,0.6
BBLS,0,1,1,0.0
BBLb,2,2,4,0.5
BBLh,1,0,1,1.0
BBLj,2,2,4,0.5
BBLl,2,2,4,0.5
BBLm,1,1,2,0.5
BBLn,6,10,16,0.38
BBLs,0,0,0,
BBLt,2,0,2,1.0
BBMB,5,13,18,0.28
BBMD,1,0,1,1.0
BBML,1,1,2,0.5
BBMM,7,6,13,0.54
BBMN,6,6,12,0.5
BBMP,10,8,18,0.56
BBMS,2,1,3,0.67
BBMb,5,9,14,0.36
BBMh,1,8,9,0.11
BBMj,5,0,5,1.0
BBMl,4,0,4,1.0
BBMm,4,5,9,0.44
BBMn,10,7,17,0.59
BBMs,2,3,5,0.4
BBNB,9,8,17,0.53
BBND,1,0,1,1.0
BBNH,1,1,2,0.5
BBNK,0,0,0,
BBNL,1,4,5,0.2
BBNM,5,16,21,0.24
BBNN,12,18,30,0.4
BBNP,15,14,29,0.52
BBNS,5,2,7,0.71
BBNb,10,12,22,0.45
BBNh,2,2,4,0.5
BBNl,10,9,19,0.53
BBNm,4,9,13,0.31
BBNn,18,12,30,0.6
BBNs,8,4,12,0.67
BBNt,1,1,2,0.5
BBPB,7,9,16,0.44
BBPH,0,2,2,0.0
BBPK,2,0,2,1.0
BBPL,6,4,10,0.6
BBPM,19,9,28,0.68
BBPN,10,13,23,0.43
BBPP,27,17,44,0.61
BBPS,6,11,17,0.35
BBPb,11,5,16,0.69
BBPl,11,5,16,0.69
BBPm,11,11,22,0.5
BBPn,18,12,30,0.6
BBPs,7,8,15,0.47
BBPt,3,2,5,0.6
BBSB,0,3,3,0.0
BBSH,2,1,3,0.67
BBSL,0,4,4,0.0
BBSM,4,2,6,0.67
BBSN,3,3,6,0.5
BBSP,1,3,4,0.25
BBSS,3,3,6,0.5
BBSb,3,3,6,0.5
BBSh,0,3,3,0.0
BBSl,1,1,2,0.5
BBSm,2,2,4,0.5
BBSn,3,5,8,0.38
BBSs,1,4,5,0.2
BBbB,11,6,17,0.65
BBbD,1,1,2,0.5
BBbH,1,5,6,0.17
BBbI,1,1,2,0.5
BBbJ,4,4,8,0.5
BBbK,0,2,2,0.0
BBbL,3,2,5,0.6
BBbM,6,10,16,0.38
BBbN,10,11,21,0.48
BBbP,13,11,24,0.54
BBbS,3,4,7,0.43
BBbb,7,17,24,0.29
BBbl,7,4,11,0.64
BBbm,5,5,10,0.5
BBbn,8,14,22,0.36
BBbs,11,6,17,0.65
BBhB,1,3,4,0.25
BBhL,1,0,1,1.0
BBhM,1,0,1,1.0
BBhN,2,1,3,0.67
BBhP,2,1,3,0.67
BBhS,0,1,1,0.0
BBhb,2,1,3,0.67
BBhh,0,1,1,0.0
BBhm,1,0,1,1.0
BBhn,1,1,2,0.5
BBhs,0,4,4,0.0
BBjB,3,1,4,0.75
BBjI,0,0,0,
BBjL,0,1,1,0.0
BBjM,0,3,3,0.0
BBjN,1,3,4,0.25
BBjP,4,3,7,0.57
BBjS,2,1,3,0.67
BBjb,4,3,7,0.57
BBjh,2,2,4,0.5
BBjl,0,1,1,0.0
BBjm,2,3,5,0.4
BBjn,3,4,7,0.43
BBjs,1,0,1,1.0
BBjt,0,1,1,0.0
BBlB,1,3,4,0.25
BBlD,0,1,1,0.0
BBlH,2,5,7,0.29
BBlJ,0,2,2,0.0
BBlL,1,0,1,1.0
BBlM,4,2,6,0.67
BBlN,4,4,8,0.5
BBlP,3,2,5,0.6
BBlS,1,1,2,0.5
BBlb,6,6,12,0.5
BBll,2,1,3,0.67
BBlm,7,4,11,0.64
BBln,7,3,10,0.7
BBls,0,2,2,0.0
BBmB,2,6,8,0.25
BBmH,7,2,9,0.78
BBmJ,0,2,2,0.0
BBmL,3,2,5,0.6
BBmM,8,5,13,0.62
BBmN,8,7,15,0.53
BBmP,16,7,23,0.7
BBmS,1,3,4,0.25
BBmb,5,6,11,0.45
BBmm,5,2,7,0.71
BBmn,13,9,22,0.59
BBms,3,2,5,0.6
BBnB,5,13,18,0.28
BBnD,1,0,1,1.0
BBnH,4,6,10,0.4
BBnI,2,0,2,1.0
BBnK,1,0,1,1.0
BBnL,5,4,9,0.56
BBnM,8,15,23,0.35
BBnN,18,26,44,0.41
BBnP,11,16,27,0.41
BBnS,3,8,11,0.27
BBnb,13,13,26,0.5
BBnh,0,3,3,0.0
BBnl,3,3,6,0.5
BBnm,11,10,21,0.52
BBnn,15,20,35,0.43
BBns,7,2,9,0.78
BBsB,1,2,3,0.33
BBsD,1,0,1,1.0
BBsH,7,1,8,0.88
BBsI,0,1,1,0.0
BBsL,2,1,3,0.67
BBsM,1,5,6,0.17
BBsN,2,4,6,0.33
BBsP,9,7,16,0.56
BBsS,3,1,4,0.75
BBsb,5,1,6,0.83
BBsl,2,4,6,0.33
BBsm,4,5,9,0.44
BBsn,0,1,1,0.0
BBss,2,3,5,0.4
BBtB,1,1,2,0.5
BBtD,0,0,0,
BBtL,0,0,0,
BBtM,1,4,5,0.2
BBtN,3,0,3,1.0
BBtP,4,5,9,0.44
BBtS,1,1,2,0.5
BBtb,1,4,5,0.2
BBtl,1,2,3,0.33
BBtm,1,0,1,1.0
BBtn,3,2,5,0.6
BBts,1,0,1,1.0
BDBM,0,1,1,0.0
BDBN,0,1,1,0.0
BDBP,0,1,1,0.0
BDBb,0,1,1,0.0
BDBs,1,0,1,1.0
BDDl,0,1,1,0.0
BDDm,0,1,1,0.0
BDHB,1,0,1,1.0
BDHN,0,1,1,0.0
BDHP,1,0,1,1.0
BDHm,1,0,1,1.0
BDHn,1,1,2,0.5
BDLB,1,0,1,1.0
BDLD,1,0,1,1.0
BDLP,0,1,1,0.0
BDLj,0,0,0,
BDLn,1,0,1,1.0
BDMB,0,1,1,0.0
BDMM,1,0,1,1.0
BDMP,0,1,1,0.0
BDMS,0,1,1,0.0
BDMb,0,0,0,
BDMh,0,1,1,0.0
BDMj,0,1,1,0.0
BDMl,1,0,1,1.0
BDMm,1,1,2,0.5
BDMn,0,1,1,0.0
BDMs,1,1,2,0.5
BDNB,1,0,1,1.0
BDND,0,1,1,0.0
BDNH,0,0,0,
BDNM,0,1,1,0.0
BDNN,0,0,0,
BDNP,1,3,4,0.25
BDNS,0,1,1,0.0
BDNb,0,1,1,0.0
BDNl,0,2,2,0.0
BDNm,1,0,1,1.0
BDNn,0,2,2,0.0
BDNt,1,0,1,1.0
BDPM,1,2,3,0.33
BDPN,1,1,2,0.5
BDPP,1,1,2,0.5
BDPS,0,0,0,
BDPl,0,1,1,0.0
BDPm,0,2,2,0.0
BDPn,0,0,0,
BDSB,1,0,1,1.0
BDSN,1,0,1,1.0
BDSS,1,0,1,1.0
BDSb,0,1,1,0.0
BDSh,0,1,1,0.0
BDbB,0,0,0,
BDbL,0,0,0,
BDbM,1,1,2,0.5
BDbP,1,1,2,0.5
BDbS,0,1,1,0.0
BDbb,0,1,1,0.0
BDbl,0,1,1,0.0
BDbs,1,1,2,0.5
BDlb,0,1,1,0.0
BDlm,0,1,1,0.0
BDln,1,0,1,1.0
BDmB,0,1,1,0.0
BDmH,0,1,1,0.0
BDmL,0,1,1,0.0
BDmN,0,2,2,0.0
BDmS,1,0,1,1.0
BDmm,0,1,1,0.0
BDms,0,2,2,0.0
BDnB,0,0,0,
BDnM,1,0,1,1.0
BDnP,0,1,1,0.0
BDnb,0,1,1,0.0
BDnl,1,0,1,1.0
BDnm,0,1,1,0.0
BDsB,1,0,1,1.0
BDsL,0,1,1,0.0
BDsN,0,1,1,0.0
BDsP,0,1,1,0.0
BDsS,1,0,1,1.0
BDsl,0,1,1,0.0
BDsn,0,1,1,0.0
BDtH,1,0,1,1.0
BHLP,0,0,0,
BHLb,1,0,1,1.0
BHLj,0,1,1,0.0
BHML,0,1,1,0.0
BHMb,1,0,1,1.0
BHMh,0,1,1,0.0
BHMt,1,0,1,1.0
BHNP,0,2,2,0.0
BHNS,0,1,1,0.0
BHNb,0,1,1,0.0
BHPD,0,0,0,
BHPP,1,0,1,1.0
BHPs,0,0,0,
BHSN,1,0,1,1.0
BHSs,1,0,1,1.0
BHbB,0,1,1,0.0
BHlP,0,1,1,0.0
BHmJ,1,0,1,1.0
BHmL,0,1,1,0.0
BHms,1,0,1,1.0
BHnM,0,1,1,0.0
BHnP,0,1,1,0.0
BHnm,1,0,1,1.0
BHsn,1,0,1,1.0
BKBB,1,0,1,1.0
BKBK,1,0,1,1.0
BKBM,0,2,2,0.0
BKBN,1,1,2,0.5
BKBP,0,1,1,0.0
BKBb,1,0,1,1.0
BKBl,0,2,2,0.0
BKBm,1,0,1,1.0
BKBn,1,1,2,0.5
BKHB,0,1,1,0.0
BKIM,0,1,1,0.0
BKIS,0,0,0,
BKLM,1,0,1,1.0
BKLP,1,1,2,0.5
BKLS,1,0,1,1.0
BKLb,1,0,1,1.0
BKLh,0,1,1,0.0
BKLm,0,0,0,
BKMB,1,0,1,1.0
BKMN,1,1,2,0.5
BKMP,1,0,1,1.0
BKMS,1,1,2,0.5
BKMb,1,2,3,0.33
BKMh,2,2,4,0.5
BKMl,0,1,1,0.0
BKMm,1,0,1,1.0
BKMn,0,0,0,
BKMs,1,0,1,1.0
BKNB,0,1,1,0.0
BKNH,0,1,1,0.0
BKNM,0,1,1,0.0
BKNP,0,2,2,0.0
BKNb,1,0,1,1.0
BKNl,1,0,1,1.0
BKNn,2,0,2,1.0
BKPB,1,0,1,1.0
BKPM,0,1,1,0.0
BKPN,1,2,3,0.33
BKPP,0,1,1,0.0
BKPb,1,1,2,0.5
BKPl,2,0,2,1.0
BKPn,1,0,1,1.0
BKPs,1,0,1,1.0
BKSL,1,0,1,1.0
BKSM,0,0,0,
BKSP,1,0,1,1.0
BKSS,0,0,0,
BKSh,0,1,1,0.0
BKSl,0,1,1,0.0
BKSn,1,1,2,0.5
BKbB,2,1,3,0.67
BKbH,0,1,1,0.0
BKbI,0,0,0,
BKbM,1,1,2,0.5
BKbN,2,4,6,0.33
BKbP,1,0,1,1.0
BKbS,0,1,1,0.0
BKbb,0,2,2,0.0
BKbl,1,0,1,1.0
BKbn,0,0,0,
BKbs,1,0,1,1.0
BKhB,1,0,1,1.0
BKhP,1,0,1,1.0
BKhS,0,1,1,0.0
BKhb,0,1,1,0.0
BKhh,0,0,0,
BKhl,1,0,1,1.0
BKhm,1,0,1,1.0
BKlB,1,0,1,1.0
BKlN,0,0,0,
BKlS,0,1,1,0.0
BKlb,0,1,1,0.0
BKln,1,1,2,0.5
BKls,1,0,1,1.0
BKmD,0,1,1,0.0
BKmJ,1,0,1,1.0
BKmM,2,0,2,1.0
BKmN,0,2,2,0.0
BKmP,1,1,2,0.5
BKmb,1,2,3,0.33
BKmn,1,0,1,1.0
BKnB,2,3,5,0.4
BKnD,0,1,1,0.0
BKnI,0,1,1,0.0
BKnL,1,0,1,1.0
BKnN,0,2,2,0.0
BKnP,2,4,6,0.33
BKnS,1,0,1,1.0
BKnm,1,1,2,0.5
BKns,0,1,1,0.0
BKsS,0,2,2,0.0
BKsb,1,1,2,0.5
BKsl,2,2,4,0.5
BKsn,2,0,2,1.0
BKss,1,0,1,1.0
BKtN,0,1,1,0.0
BKtb,1,0,1,1.0
BKtl,1,0,1,1.0
BLBB,6,3,9,0.67
BLBL,1,0,1,1.0
BLBM,5,1,6,0.83
BLBN,1,7,8,0.12
BLBP,3,3,6,0.5
BLBS,1,0,1,1.0
BLBb,3,1,4,0.75
BLBh,1,1,2,0.5
BLBj,1,0,1,1.0
BLBl,2,1,3,0.67
BLBm,2,4,6,0.33
BLBn,5,6,11,0.45
BLBs,0,0,0,
BLBt,1,0,1,1.0
BLDH,1,0,1,1.0
BLDb,0,1,1,0.0
BLDm,0,1,1,0.0
BLDn,2,1,3,0.67
BLHM,1,0,1,1.0
BLHl,1,0,1,1.0
BLKP,1,0,1,1.0
BLKS,0,1,1,0.0
BLKl,0,1,1,0.0
BLKm,0,0,0,
BLLB,1,0,1,1.0
BLLM,1,3,4,0.25
BLLN,0,2,2,0.0
BLLP,1,2,3,0.33
BLLS,1,1,2,0.5
BLLb,1,2,3,0.33
BLLj,0,2,2,0.0
BLLl,2,0,2,1.0
BLLm,2,1,3,0.67
BLLn,1,1,2,0.5
BLLs,1,0,1,1.0
BLLt,1,0,1,1.0
BLMB,3,2,5,0.6
BLMM,1,1,2,0.5
BLMN,5,6,11,0.45
BLMP,2,2,4,0.5
BLMS,0,1,1,0.0
BLMb,4,4,8,0.5
BLMh,2,2,4,0.5
BLMl,1,2,3,0.33
BLMm,2,1,3,0.67
BLMn,6,2,8,0.75
BLMs,2,1,3,0.67
BLMt,2,0,2,1.0
BLNB,1,1,2,0.5
BLND,0,1,1,0.0
BLNH,1,0,1,1.0
BLNL,1,2,3,0.33
BLNM,3,1,4,0.75
BLNN,4,1,5,0.8
BLNP,6,3,9,0.67
BLNS,0,3,3,0.0
BLNb,5,7,12,0.42
BLNh,1,1,2,0.5
BLNl,1,1,2,0.5
BLNm,0,1,1,0.0
BLNn,4,3,7,0.57
BLNs,3,0,3,1.0
BLNt,1,1,2,0.5
BLPB,1,4,5,0.2
BLPH,1,0,1,1.0
BLPK,1,1,2,0.5
BLPL,0,4,4,0.0
BLPM,5,4,9,0.56
BLPN,10,6,16,0.62
BLPP,9,9,18,0.5
BLPS,3,1,4,0.75
BLPb,4,10,14,0.29
BLPl,1,4,5,0.2
BLPm,5,4,9,0.56
BLPn,4,6,10,0.4
BLPs,2,3,5,0.4
BLPt,0,2,2,0.0
BLSB,1,0,1,1.0
BLSD,0,1,1,0.0
BLSL,1,3,4,0.25
BLSM,2,3,5,0.4
BLSN,0,1,1,0.0
BLSP,4,3,7,0.57
BLSS,2,2,4,0.5
BLSb,3,1,4,0.75
BLSh,1,0,1,1.0
BLSl,1,0,1,1.0
BLSm,4,0,4,1.0
BLSn,6,2,8,0.75
BLSs,1,0,1,1.0
BLbB,2,2,4,0.5
BLbI,1,0,1,1.0
BLbJ,1,1,2,0.5
BLbK,1,1,2,0.5
BLbL,3,1,4,0.75
BLbM,5,1,6,0.83
BLbN,3,2,5,0.6
BLbP,5,7,12,0.42
BLbS,1,3,4,0.25
BLbb,3,5,8,0.38
BLbl,2,3,5,0.4
BLbm,3,0,3,1.0
BLbn,7,1,8,0.88
BLbs,1,2,3,0.33
BLhB,1,1,2,0.5
BLhL,0,1,1,0.0
BLhM,3,0,3,1.0
BLhN,0,1,1,0.0
BLhP,4,4,8,0.5
BLhS,1,0,1,1.0
BLhb,3,3,6,0.5
BLhh,2,3,5,0.4
BLhl,0,2,2,0.0
BLhm,2,0,2,1.0
BLhn,2,2,4,0.5
BLhs,1,0,1,1.0
BLht,1,0,1,1.0
BLjB,1,1,2,0.5
BLjH,1,1,2,0.5
BLjI,0,1,1,0.0
BLjL,0,3,3,0.0
BLjM,1,0,1,1.0
BLjN,1,1,2,0.5
BLjP,3,1,4,0.75
BLjS,1,0,1,1.0
BLjb,1,1,2,0.5
BLjh,1,1,2,0.5
BLjl,2,1,3,0.67
BLjm,3,1,4,0.75
BLjn,1,1,2,0.5
BLjs,0,0,0,
BLjt,1,1,2,0.5
BLlB,1,2,3,0.33
BLlH,4,2,6,0.67
BLlJ,1,0,1,1.0
BLlM,4,2,6,0.67
BLlN,1,3,4,0.25
BLlP,3,2,5,0.6
BLlS,1,1,2,0.5
BLlb,1,2,3,0.33
BLll,3,3,6,0.5
BLlm,1,1,2,0.5
BLln,2,0,2,1.0
BLls,2,0,2,1.0
BLmB,4,0,4,1.0
BLmH,3,7,10,0.3
BLmI,0,1,1,0.0
BLmJ,1,0,1,1.0
BLmL,1,0,1,1.0
BLmM,1,4,5,0.2
BLmN,2,4,6,0.33
BLmP,2,2,4,0.5
BLmS,2,2,4,0.5
BLmb,1,4,5,0.2
BLmm,2,1,3,0.67
BLmn,6,2,8,0.75
BLms,2,2,4,0.5
BLnB,3,2,5,0.6
BLnD,0,1,1,0.0
BLnH,1,4,5,0.2
BLnI,1,2,3,0.33
BLnK,0,3,3,0.0
BLnL,1,2,3,0.33
BLnM,5,4,9,0.56
BLnN,4,2,6,0.67
BLnP,4,11,15,0.27
BLnS,2,5,7,0.29
BLnb,5,6,11,0.45
BLnl,1,2,3,0.33
BLnm,3,4,7,0.43
BLnn,7,4,11,0.64
BLns,4,1,5,0.8
BLsB,1,2,3,0.33
BLsH,3,2,5,0.6
BLsL,2,0,2,1.0
BLsM,0,0,0,
BLsN,2,5,7,0.29
BLsP,2,2,4,0.5
BLsS,2,0,2,1.0
BLsb,1,1,2,0.5
BLsl,0,2,2,0.0
BLsm,2,2,4,0.5
BLsn,2,2,4,0.5
BLtB,1,1,2,0.5
BLtH,1,2,3,0.33
BLtL,0,1,1,0.0
BLtM,2,0,2,1.0
BLtN,1,2,3,0.33
BLtP,3,1,4,0.75
BLtS,0,2,2,0.0
BLtb,0,0,0,
BLtm,0,3,3,0.0
BLts,0,2,2,0.0
BMBB,8,11,19,0.42
BMBL,3,4,7,0.43
BMBM,7,10,17,0.41
BMBN,7,9,16,0.44
BMBP,10,10,20,0.5
BMBS,4,3,7,0.57
BMBb,8,11,19,0.42
BMBh,1,2,3,0.33
BMBj,0,2,2,0.0
BMBl,7,2,9,0.78
BMBm,5,5,10,0.5
BMBn,13,14,27,0.48
BMBs,5,3,8,0.62
BMDN,0,2,2,0.0
BMDP,2,1,3,0.67
BMDS,0,0,0,
BMDl,0,0,0,
BMDm,1,0,1,1.0
BMDn,0,1,1,0.0
BMDs,1,0,1,1.0
BMKL,0,1,1,0.0
BMLB,3,4,7,0.43
BMLL,1,1,2,0.5
BMLM,2,5,7,0.29
BMLN,0,3,3,0.0
BMLP,5,2,7,0.71
BMLS,2,2,4,0.5
BMLb,1,2,3,0.33
BMLh,2,0,2,1.0
BMLj,2,1,3,0.67
BMLl,1,2,3,0.33
BMLm,4,3,7,0.57
BMLn,4,6,10,0.4
BMLs,0,2,2,0.0
BMMB,7,3,10,0.7
BMML,1,3,4,0.25
BMMM,8,5,13,0.62
BMMN,11,12,23,0.48
BMMP,17,14,31,0.55
BMMS,2,7,9,0.22
BMMb,16,11,27,0.59
BMMh,8,7,15,0.53
BMMj,1,3,4,0.25
BMMl,4,4,8,0.5
BMMm,10,11,21,0.48
BMMn,7,9,16,0.44
BMMs,2,4,6,0.33
BMMt,0,3,3,0.0
BMNB,7,12,19,0.37
BMND,1,2,3,0.33
BMNH,1,2,3,0.33
BMNK,1,2,3,0.33
BMNL,4,2,6,0.67
BMNM,12,12,24,0.5
BMNN,12,9,21,0.57
BMNP,14,9,23,0.61
BMNS,2,2,4,0.5
BMNb,7,18,25,0.28
BMNh,2,6,8,0.25
BMNl,6,1,7,0.86
BMNm,6,6,12,0.5
BMNn,13,15,28,0.46
BMNs,8,4,12,0.67
BMNt,2,1,3,0.67
BMPB,10,8,18,0.56
BMPD,0,3,3,0.0
BMPH,4,3,7,0.57
BMPK,0,2,2,0.0
BMPL,4,3,7,0.57
BMPM,16,12,28,0.57
BMPN,9,15,24,0.38
BMPP,13,16,29,0.45
BMPS,11,6,17,0.65
BMPb,16,11,27,0.59
BMPl,2,6,8,0.25
BMPm,15,10,25,0.6
BMPn,13,11,24,0.54
BMPs,6,4,10,0.6
BMPt,1,0,1,1.0
BMSB,4,4,8,0.5
BMSH,1,3,4,0.25
BMSL,1,0,1,1.0
BMSM,1,4,5,0.2
BMSN,2,1,3,0.67
BMSP,10,6,16,0.62
BMSS,3,2,5,0.6
BMSb,4,5,9,0.44
BMSh,1,1,2,0.5
BMSl,1,2,3,0.33
BMSm,7,3,10,0.7
BMSn,2,10,12,0.17
BMSs,4,1,5,0.8
BMSt,1,2,3,0.33
BMbB,8,6,14,0.57
BMbH,5,4,9,0.56
BMbI,2,2,4,0.5
BMbJ,3,3,6,0.5
BMbL,4,2,6,0.67
BMbM,5,13,18,0.28
BMbN,15,12,27,0.56
BMbP,13,16,29,0.45
BMbS,8,7,15,0.53
BMbb,13,17,30,0.43
BMbl,6,4,10,0.6
BMbm,10,10,20,0.5
BMbn,11,12,23,0.48
BMbs,8,9,17,0.47
BMhB,7,7,14,0.5
BMhH,1,1,2,0.5
BMhI,0,0,0,
BMhL,1,1,2,0.5
BMhM,9,7,16,0.56
BMhN,6,6,12,0.5
BMhP,8,11,19,0.42
BMhS,5,4,9,0.56
BMhb,5,8,13,0.38
BMhh,6,5,11,0.55
BMhl,1,3,4,0.25
BMhm,4,5,9,0.44
BMhn,5,9,14,0.36
BMhs,2,4,6,0.33
BMht,0,1,1,0.0
BMjB,0,1,1,0.0
BMjH,0,2,2,0.0
BMjK,1,1,2,0.5
BMjL,0,2,2,0.0
BMjM,4,1,5,0.8
BMjN,1,4,5,0.2
BMjP,1,2,3,0.33
BMjS,2,1,3,0.67
BMjb,3,4,7,0.43
BMjl,2,3,5,0.4
BMjm,4,5,9,0.44
BMjn,0,2,2,0.0
BMjs,3,0,3,1.0
BMjt,1,1,2,0.5
BMlB,2,7,9,0.22
BMlD,1,2,3,0.33
BMlH,4,3,7,0.57
BMlJ,1,1,2,0.5
BMlL,2,2,4,0.5
BMlM,3,1,4,0.75
BMlN,1,6,7,0.14
BMlP,6,5,11,0.55
BMlS,1,4,5,0.2
BMlb,3,4,7,0.43
BMll,1,0,1,1.0
BMlm,2,4,6,0.33
BMln,5,4,9,0.56
BMls,2,3,5,0.4
BMmB,3,5,8,0.38
BMmD,0,2,2,0.0
BMmH,1,6,7,0.14
BMmJ,3,3,6,0.5
BMmL,1,5,6,0.17
BMmM,5,11,16,0.31
BMmN,13,8,21,0.62
BMmP,12,16,28,0.43
BMmS,7,2,9,0.78
BMmb,8,5,13,0.62
BMml,3,2,5,0.6
BMmm,4,3,7,0.57
BMmn,13,12,25,0.52
BMms,3,3,6,0.5
BMnB,10,7,17,0.59
BMnD,1,1,2,0.5
BMnH,5,10,15,0.33
BMnI,1,1,2,0.5
BMnK,2,2,4,0.5
BMnL,5,4,9,0.56
BMnM,18,15,33,0.55
BMnN,21,15,36,0.58
BMnP,17,20,37,0.46
BMnS,10,4,14,0.71
BMnb,9,13,22,0.41
BMnl,4,4,8,0.5
BMnm,16,10,26,0.62
BMnn,15,17,32,0.47
BMns,5,8,13,0.38
BMsB,2,1,3,0.67
BMsD,0,0,0,
BMsH,4,2,6,0.67
BMsL,0,0,0,
BMsM,6,3,9,0.67
BMsN,4,2,6,0.67
BMsP,5,6,11,0.45
BMsS,7,5,12,0.58
BMsb,7,4,11,0.64
BMsl,1,2,3,0.33
BMsm,1,3,4,0.25
BMsn,6,7,13,0.46
BMss,2,0,2,1.0
BMtB,2,0,2,1.0
BMtH,0,1,1,0.0
BMtK,1,0,1,1.0
BMtL,0,1,1,0.0
BMtM,0,1,1,0.0
BMtN,2,4,6,0.33
BMtP,2,0,2,1.0
BMtS,1,1,2,0.5
BMtb,3,2,5,0.6
BMtl,1,1,2,0.5
BMtm,3,0,3,1.0
BMtn,0,1,1,0.0
BMts,0,0,0,
BMtt,1,0,1,1.0
BNBB,8,12,20,0.4
BNBD,0,1,1,0.0
BNBK,1,1,2,0.5
BNBL,4,3,7,0.57
BNBM,7,11,18,0.39
BNBN,7,8,15,0.47
BNBP,12,13,25,0.48
BNBS,3,6,9,0.33
BNBb,9,10,19,0.47
BNBh,3,2,5,0.6
BNBj,4,4,8,0.5
BNBl,3,5,8,0.38
BNBm,4,4,8,0.5
BNBn,9,15,24,0.38
BNBs,3,3,6,0.5
BNBt,5,2,7,0.71
BNDB,1,1,2,0.5
BNDH,2,1,3,0.67
BNDN,0,1,1,0.0
BNDP,0,1,1,0.0
BNDS,2,2,4,0.5
BNDl,0,1,1,0.0
BNDn,0,3,3,0.0
BNDs,1,0,1,1.0
BNHB,2,3,5,0.4
BNHH,0,1,1,0.0
BNHI,1,0,1,1.0
BNHK,1,0,1,1.0
BNHL,0,1,1,0.0
BNHM,2,0,2,1.0
BNHN,0,2,2,0.0
BNHP,2,0,2,1.0
BNHS,2,0,2,1.0
BNHb,2,3,5,0.4
BNHh,1,1,2,0.5
BNHl,1,1,2,0.5
BNHm,1,0,1,1.0
BNHn,1,1,2,0.5
BNHs,0,1,1,0.0
BNKB,1,0,1,1.0
BNKL,0,0,0,
BNKP,2,4,6,0.33
BNKS,1,0,1,1.0
BNKn,0,1,1,0.0
BNKs,1,2,3,0.33
BNLB,3,0,3,1.0
BNLM,3,1,4,0.75
BNLN,6,3,9,0.67
BNLP,2,10,12,0.17
BNLS,3,1,4,0.75
BNLb,4,2,6,0.67
BNLh,2,4,6,0.33
BNLj,1,1,2,0.5
BNLl,3,0,3,1.0
BNLm,2,3,5,0.4
BNLn,6,4,10,0.6
BNLs,1,1,2,0.5
BNMB,6,10,16,0.38
BNMD,0,3,3,0.0
BNML,2,4,6,0.33
BNMM,7,9,16,0.44
BNMN,9,10,19,0.47
BNMP,8,16,24,0.33
BNMS,4,2,6,0.67
BNMb,16,13,29,0.55
BNMh,10,5,15,0.67
BNMj,2,0,2,1.0
BNMl,5,4,9,0.56
BNMm,11,9,20,0.55
BNMn,14,14,28,0.5
BNMs,1,8,9,0.11
BNMt,2,1,3,0.67
BNNB,6,11,17,0.35
BNND,2,0,2,1.0
BNNH,4,2,6,0.67
BNNK,3,1,4,0.75
BNNL,6,5,11,0.55
BNNM,10,12,22,0.45
BNNN,18,20,38,0.47
BNNP,14,19,33,0.42
BNNS,9,8,17,0.53
BNNb,21,14,35,0.6
BNNh,3,0,3,1.0
BNNl,1,4,5,0.2
BNNm,17,11,28,0.61
BNNn,22,21,43,0.51
BNNs,3,4,7,0.43
BNNt,5,2,7,0.71
BNPB,10,11,21,0.48
BNPD,1,0,1,1.0
BNPH,6,2,8,0.75
BNPI,1,1,2,0.5
BNPK,0,1,1,0.0
BNPL,3,9,12,0.25
BNPM,19,24,43,0.44
BNPN,16,20,36,0.44
BNPP,27,21,48,0.56
BNPS,12,15,27,0.44
BNPb,24,10,34,0.71
BNPh,0,6,6,0.0
BNPl,11,5,16,0.69
BNPm,22,14,36,0.61
BNPn,20,21,41,0.49
BNPs,10,9,19,0.53
BNPt,2,3,5,0.4
BNSB,5,5,10,0.5
BNSD,0,1,1,0.0
BNSH,1,0,1,1.0
BNSL,1,3,4,0.25
BNSM,5,4,9,0.56
BNSN,5,3,8,0.62
BNSP,9,5,14,0.64
BNSS,3,3,6,0.5
BNSb,2,5,7,0.29
BNSh,4,1,5,0.8
BNSl,3,3,6,0.5
BNSm,4,4,8,0.5
BNSn,3,3,6,0.5
BNSs,4,4,8,0.5
BNSt,2,1,3,0.67
BNbB,10,5,15,0.67
BNbD,1,0,1,1.0
BNbH,4,8,12,0.33
BNbI,1,0,1,1.0
BNbJ,2,3,5,0.4
BNbL,4,5,9,0.44
BNbM,9,3,12,0.75
BNbN,9,20,29,0.31
BNbP,17,12,29,0.59
BNbS,12,5,17,0.71
BNbb,13,9,22,0.59
BNbl,3,5,8,0.38
BNbm,7,9,16,0.44
BNbn,13,18,31,0.42
BNbs,10,6,16,0.62
BNhB,4,3,7,0.57
BNhH,1,2,3,0.33
BNhL,2,3,5,0.4
BNhM,2,5,7,0.29
BNhN,2,5,7,0.29
BNhP,5,3,8,0.62
BNhS,5,1,6,0.83
BNhb,6,4,10,0.6
BNhh,3,5,8,0.38
BNhl,1,4,5,0.2
BNhm,3,4,7,0.43
BNhn,3,5,8,0.38
BNhs,3,1,4,0.75
BNlB,2,8,10,0.2
BNlD,1,0,1,1.0
BNlH,2,3,5,0.4
BNlJ,0,2,2,0.0
BNlK,2,1,3,0.67
BNlL,1,2,3,0.33
BNlM,5,4,9,0.56
BNlN,4,6,10,0.4
BNlP,3,5,8,0.38
BNlS,4,2,6,0.67
BNlb,4,4,8,0.5
BNll,2,3,5,0.4
BNlm,4,4,8,0.5
BNln,3,6,9,0.33
BNls,4,0,4,1.0
BNmB,4,9,13,0.31
BNmD,1,0,1,1.0
BNmH,8,6,14,0.57
BNmI,2,1,3,0.67
BNmJ,1,1,2,0.5
BNmL,1,2,3,0.33
BNmM,7,8,15,0.47
BNmN,13,13,26,0.5
BNmP,17,14,31,0.55
BNmS,2,6,8,0.25
BNmb,11,3,14,0.79
BNml,4,4,8,0.5
BNmm,7,5,12,0.58
BNmn,13,10,23,0.57
BNms,2,4,6,0.33
BNnB,11,6,17,0.65
BNnD,1,1,2,0.5
BNnH,9,8,17,0.53
BNnI,1,0,1,1.0
BNnK,0,0,0,
BNnL,6,9,15,0.4
BNnM,16,16,32,0.5
BNnN,23,23,46,0.5
BNnP,25,26,51,0.49
BNnS,11,11,22,0.5
BNnb,11,17,28,0.39
BNnh,0,0,0,
BNnl,10,7,17,0.59
BNnm,15,12,27,0.56
BNnn,14,22,36,0.39
BNns,9,4,13,0.69
BNsB,3,2,5,0.6
BNsD,0,2,2,0.0
BNsH,8,7,15,0.53
BNsI,1,0,1,1.0
BNsK,0,1,1,0.0
BNsL,2,4,6,0.33
BNsM,7,3,10,0.7
BNsN,4,5,9,0.44
BNsP,9,12,21,0.43
BNsS,5,5,10,0.5
BNsb,8,7,15,0.53
BNsh,0,0,0,
BNsl,4,4,8,0.5
BNsm,4,4,8,0.5
BNsn,7,9,16,0.44
BNss,5,6,11,0.45
BNtB,4,3,7,0.57
BNtH,1,3,4,0.25
BNtK,1,0,1,1.0
BNtL,2,0,2,1.0
BNtM,1,3,4,0.25
BNtN,4,4,8,0.5
BNtP,4,5,9,0.44
BNtS,1,1,2,0.5
BNtb,2,1,3,0.67
BNtl,1,2,3,0.33
BNtm,1,1,2,0.5
BNtn,3,0,3,1.0
BNts,0,3,3,0.0
BNtt,0,1,1,0.0
BPBB,4,7,11,0.36
BPBK,1,0,1,1.0
BPBL,4,1,5,0.8
BPBM,2,7,9,0.22
BPBN,8,10,18,0.44
BPBP,13,14,27,0.48
BPBS,5,5,10,0.5
BPBb,12,6,18,0.67
BPBh,2,0,2,1.0
BPBj,1,5,6,0.17
BPBl,8,6,14,0.57
BPBm,12,10,22,0.55
BPBn,13,10,23,0.57
BPBs,2,3,5,0.4
BPBt,5,1,6,0.83
BPDB,2,0,2,1.0
BPDD,0,1,1,0.0
BPDN,0,1,1,0.0
BPDP,2,1,3,0.67
BPDS,0,1,1,0.0
BPDb,0,1,1,0.0
BPDl,1,1,2,0.5
BPDm,0,1,1,0.0
BPDs,1,4,5,0.2
BPHB,1,1,2,0.5
BPHD,1,0,1,1.0
BPHH,2,0,2,1.0
BPHI,1,0,1,1.0
BPHL,1,1,2,0.5
BPHM,6,2,8,0.75
BPHN,9,4,13,0.69
BPHP,5,6,11,0.45
BPHS,6,5,11,0.55
BPHb,2,4,6,0.33
BPHh,1,3,4,0.25
BPHl,3,2,5,0.6
BPHm,4,1,5,0.8
BPHn,6,3,9,0.67
BPHs,1,3,4,0.25
BPIB,1,0,1,1.0
BPIH,1,1,2,0.5
BPIL,2,0,2,1.0
BPIM,1,0,1,1.0
BPIN,1,0,1,1.0
BPIP,1,1,2,0.5
BPIb,0,1,1,0.0
BPIl,0,1,1,0.0
BPIm,2,0,2,1.0
BPIn,2,0,2,1.0
BPKB,0,0,0,
BPKH,0,1,1,0.0
BPKL,2,1,3,0.67
BPKM,1,2,3,0.33
BPKN,2,0,2,1.0
BPKP,1,1,2,0.5
BPKS,1,2,3,0.33
BPKb,1,0,1,1.0
BPKl,2,0,2,1.0
BPKm,1,2,3,0.33
BPKn,1,1,2,0.5
BPKs,1,2,3,0.33
BPKt,0,1,1,0.0
BPLB,7,4,11,0.64
BPLH,0,1,1,0.0
BPLK,0,1,1,0.0
BPLL,2,1,3,0.67
BPLM,3,5,8,0.38
BPLN,3,2,5,0.6
BPLP,9,7,16,0.56
BPLS,2,0,2,1.0
BPLb,5,7,12,0.42
BPLh,2,3,5,0.4
BPLj,1,2,3,0.33
BPLl,6,3,9,0.67
BPLm,2,5,7,0.29
BPLn,7,6,13,0.54
BPLs,5,4,9,0.56
BPMB,15,16,31,0.48
BPMH,0,1,1,0.0
BPML,2,4,6,0.33
BPMM,11,12,23,0.48
BPMN,5,5,10,0.5
BPMP,12,19,31,0.39
BPMS,4,11,15,0.27
BPMb,8,11,19,0.42
BPMh,12,8,20,0.6
BPMj,2,5,7,0.29
BPMl,9,6,15,0.6
BPMm,10,12,22,0.45
BPMn,14,15,29,0.48
BPMs,3,11,14,0.21
BPMt,0,1,1,0.0
BPNB,8,10,18,0.44
BPND,0,2,2,0.0
BPNH,1,4,5,0.2
BPNK,1,0,1,1.0
BPNL,1,4,5,0.2
BPNM,17,13,30,0.57
BPNN,17,15,32,0.53
BPNP,16,23,39,0.41
BPNS,8,9,17,0.47
BPNb,18,9,27,0.67
BPNh,6,3,9,0.67
BPNl,13,12,25,0.52
BPNm,14,14,28,0.5
BPNn,20,13,33,0.61
BPNs,8,6,14,0.57
BPNt,4,2,6,0.67
BPPB,14,18,32,0.44
BPPD,1,1,2,0.5
BPPH,8,8,16,0.5
BPPI,2,3,5,0.4
BPPK,2,2,4,0.5
BPPL,12,15,27,0.44
BPPM,23,32,55,0.42
BPPN,26,18,44,0.59
BPPP,26,38,64,0.41
BPPS,12,13,25,0.48
BPPb,15,18,33,0.45
BPPh,3,1,4,0.75
BPPl,8,12,20,0.4
BPPm,26,10,36,0.72
BPPn,28,17,45,0.62
BPPs,9,12,21,0.43
BPPt,2,1,3,0.67
BPSB,7,6,13,0.54
BPSH,2,3,5,0.4
BPSL,4,3,7,0.57
BPSM,6,11,17,0.35
BPSN,8,6,14,0.57
BPSP,14,9,23,0.61
BPSS,3,8,11,0.27
BPSb,7,8,15,0.47
BPSh,4,2,6,0.67
BPSl,5,3,8,0.62
BPSm,7,1,8,0.88
BPSn,9,8,17,0.53
BPSs,1,7,8,0.12
BPSt,1,2,3,0.33
BPbB,10,17,27,0.37
BPbD,1,0,1,1.0
BPbH,2,3,5,0.4
BPbI,2,0,2,1.0
BPbJ,3,1,4,0.75
BPbK,0,1,1,0.0
BPbL,10,7,17,0.59
BPbM,10,9,19,0.53
BPbN,20,23,43,0.47
BPbP,16,15,31,0.52
BPbS,13,5,18,0.72
BPbb,8,19,27,0.3
BPbl,12,7,19,0.63
BPbm,13,10,23,0.57
BPbn,17,20,37,0.46
BPbs,9,8,17,0.53
BPhM,1,1,2,0.5
BPhN,2,0,2,1.0
BPhP,2,2,4,0.5
BPhS,2,1,3,0.67
BPhb,0,1,1,0.0
BPhh,0,1,1,0.0
BPhl,0,2,2,0.0
BPhm,3,0,3,1.0
BPhn,4,0,4,1.0
BPhs,3,2,5,0.6
BPht,0,0,0,
BPlB,3,6,9,0.33
BPlD,1,0,1,1.0
BPlH,4,3,7,0.57
BPlJ,2,1,3,0.67
BPlL,3,4,7,0.43
BPlM,12,14,26,0.46
BPlN,9,6,15,0.6
BPlP,9,6,15,0.6
BPlS,4,2,6,0.67
BPlb,6,11,17,0.35
BPll,4,10,14,0.29
BPlm,9,5,14,0.64
BPln,7,5,12,0.58
BPls,5,2,7,0.71
BPmB,9,13,22,0.41
BPmD,0,1,1,0.0
BPmH,9,10,19,0.47
BPmI,1,1,2,0.5
BPmJ,3,5,8,0.38
BPmL,4,3,7,0.57
BPmM,13,11,24,0.54
BPmN,13,17,30,0.43
BPmP,18,18,36,0.5
BPmS,2,6,8,0.25
BPmb,8,12,20,0.4
BPml,3,6,9,0.33
BPmm,5,7,12,0.42
BPmn,11,10,21,0.52
BPms,7,4,11,0.64
BPnB,16,5,21,0.76
BPnD,0,1,1,0.0
BPnH,9,9,18,0.5
BPnK,0,4,4,0.0
BPnL,9,3,12,0.75
BPnM,11,17,28,0.39
BPnN,22,21,43,0.51
BPnP,16,20,36,0.44
BPnS,10,10,20,0.5
BPnb,10,13,23,0.43
BPnh,3,1,4,0.75
BPnl,8,5,13,0.62
BPnm,11,15,26,0.42
BPnn,10,22,32,0.31
BPns,12,7,19,0.63
BPsB,2,5,7,0.29
BPsD,1,2,3,0.33
BPsH,10,3,13,0.77
BPsI,1,0,1,1.0
BPsL,2,2,4,0.5
BPsM,2,9,11,0.18
BPsN,6,9,15,0.4
BPsP,8,9,17,0.47
BPsS,5,2,7,0.71
BPsb,4,8,12,0.33
BPsl,3,3,6,0.5
BPsm,4,12,16,0.25
BPsn,7,9,16,0.44
BPss,4,7,11,0.36
BPtB,2,0,2,1.0
BPtH,0,1,1,0.0
BPtM,0,2,2,0.0
BPtN,3,2,5,0.6
BPtS,0,3,3,0.0
BPtb,0,1,1,0.0
BPtl,1,0,1,1.0
BPtm,0,3,3,0.0
BPtn,1,1,2,0.5
BPts,0,1,1,0.0
BPtt,1,0,1,1.0
BSBB,3,2,5,0.6
BSBD,1,0,1,1.0
BSBL,3,2,5,0.6
BSBM,2,5,7,0.29
BSBN,5,7,12,0.42
BSBP,3,3,6,0.5
BSBS,6,3,9,0.67
BSBb,1,2,3,0.33
BSBh,0,3,3,0.0
BSBj,3,0,3,1.0
BSBl,2,1,3,0.67
BSBm,3,1,4,0.75
BSBn,7,4,11,0.64
BSBs,3,1,4,0.75
BSBt,1,0,1,1.0
BSDB,0,1,1,0.0
BSDH,1,0,1,1.0
BSDM,0,0,0,
BSDP,1,1,2,0.5
BSDb,0,1,1,0.0
BSDl,0,1,1,0.0
BSDm,0,1,1,0.0
BSDn,0,2,2,0.0
BSHB,2,1,3,0.67
BSHI,0,0,0,
BSHL,1,0,1,1.0
BSHM,3,3,6,0.5
BSHN,2,2,4,0.5
BSHP,2,4,6,0.33
BSHS,3,1,4,0.75
BSHb,3,4,7,0.43
BSHh,1,0,1,1.0
BSHl,1,0,1,1.0
BSHm,0,1,1,0.0
BSHs,1,2,3,0.33
BSKN,1,0,1,1.0
BSLB,3,1,4,0.75
BSLL,0,1,1,0.0
BSLM,0,5,5,0.0
BSLN,1,0,1,1.0
BSLP,2,2,4,0.5
BSLS,1,0,1,1.0
BSLb,3,0,3,1.0
BSLh,0,1,1,0.0
BSLj,2,0,2,1.0
BSLl,2,0,2,1.0
BSLm,1,1,2,0.5
BSLn,4,1,5,0.8
BSLs,1,2,3,0.33
BSMB,1,1,2,0.5
BSML,0,2,2,0.0
BSMM,8,14,22,0.36
BSMN,6,2,8,0.75
BSMP,3,9,12,0.25
BSMS,1,1,2,0.5
BSMb,3,11,14,0.21
BSMh,4,7,11,0.36
BSMj,0,2,2,0.0
BSMl,0,2,2,0.0
BSMm,2,4,6,0.33
BSMn,6,8,14,0.43
BSMs,4,3,7,0.57
BSMt,1,0,1,1.0
BSNB,6,3,9,0.67
BSND,0,1,1,0.0
BSNL,2,2,4,0.5
BSNM,4,3,7,0.57
BSNN,9,6,15,0.6
BSNP,7,6,13,0.54
BSNS,2,4,6,0.33
BSNb,7,2,9,0.78
BSNh,2,1,3,0.67
BSNl,1,2,3,0.33
BSNm,4,2,6,0.67
BSNn,4,5,9,0.44
BSNs,3,0,3,1.0
BSNt,0,1,1,0.0
BSPB,4,8,12,0.33
BSPH,2,0,2,1.0
BSPI,2,1,3,0.67
BSPL,3,8,11,0.27
BSPM,4,10,14,0.29
BSPN,7,11,18,0.39
BSPP,9,6,15,0.6
BSPS,3,2,5,0.6
BSPb,10,5,15,0.67
BSPh,1,1,2,0.5
BSPl,7,2,9,0.78
BSPm,8,4,12,0.67
BSPn,4,7,11,0.36
BSPs,10,7,17,0.59
BSPt,0,1,1,0.0
BSSB,2,4,6,0.33
BSSD,1,1,2,0.5
BSSH,0,1,1,0.0
BSSL,1,1,2,0.5
BSSM,3,2,5,0.6
BSSN,4,1,5,0.8
BSSP,4,6,10,0.4
BSSS,2,4,6,0.33
BSSb,1,1,2,0.5
BSSh,3,2,5,0.6
BSSl,1,1,2,0.5
BSSm,3,3,6,0.5
BSSn,4,4,8,0.5
BSSs,5,5,10,0.5
BSbB,1,3,4,0.25
BSbD,1,1,2,0.5
BSbH,0,0,0,
BSbI,2,0,2,1.0
BSbL,2,1,3,0.67
BSbM,5,2,7,0.71
BSbN,10,5,15,0.67
BSbP,6,4,10,0.6
BSbS,3,3,6,0.5
BSbb,6,4,10,0.6
BSbl,1,3,4,0.25
BSbm,3,1,4,0.75
BSbn,5,11,16,0.31
BSbs,6,4,10,0.6
BShB,0,4,4,0.0
BShD,1,0,1,1.0
BShH,1,0,1,1.0
BShK,0,1,1,0.0
BShL,0,2,2,0.0
BShM,3,5,8,0.38
BShN,6,1,7,0.86
BShP,5,8,13,0.38
BShS,1,0,1,1.0
BShb,3,2,5,0.6
BShh,4,0,4,1.0
BShl,2,0,2,1.0
BShm,3,2,5,0.6
BShn,6,7,13,0.46
BShs,2,4,6,0.33
BSlB,2,1,3,0.67
BSlH,2,4,6,0.33
BSlI,0,0,0,
BSlJ,1,1,2,0.5
BSlL,0,3,3,0.0
BSlM,0,5,5,0.0
BSlN,4,3,7,0.57
BSlP,4,4,8,0.5
BSlS,0,1,1,0.0
BSlb,2,1,3,0.67
BSll,0,1,1,0.0
BSlm,1,4,5,0.2
BSln,4,5,9,0.44
BSls,2,3,5,0.4
BSmB,3,3,6,0.5
BSmD,0,1,1,0.0
BSmH,1,7,8,0.12
BSmI,0,1,1,0.0
BSmL,1,2,3,0.33
BSmM,3,5,8,0.38
BSmN,4,5,9,0.44
BSmP,4,6,10,0.4
BSmS,1,2,3,0.33
BSmb,5,4,9,0.56
BSml,0,1,1,0.0
BSmm,1,0,1,1.0
BSmn,5,5,10,0.5
BSms,2,3,5,0.4
BSnB,4,3,7,0.57
BSnH,6,2,8,0.75
BSnI,1,0,1,1.0
BSnK,1,0,1,1.0
BSnL,0,4,4,0.0
BSnM,7,5,12,0.58
BSnN,16,12,28,0.57
BSnP,13,21,34,0.38
BSnS,1,4,5,0.2
BSnb,5,5,10,0.5
BSnl,2,3,5,0.4
BSnm,9,9,18,0.5
BSnn,5,4,9,0.56
BSns,5,6,11,0.45
BSsB,3,3,6,0.5
BSsD,0,1,1,0.0
BSsH,2,4,6,0.33
BSsK,0,1,1,0.0
BSsL,1,2,3,0.33
BSsM,4,3,7,0.57
BSsN,3,6,9,0.33
BSsP,5,5,10,0.5
BSsS,3,8,11,0.27
BSsb,3,1,4,0.75
BSsl,0,2,2,0.0
BSsm,5,1,6,0.83
BSsn,0,4,4,0.0
BSss,2,2,4,0.5
BSst,0,0,0,
BStB,0,1,1,0.0
BStM,1,0,1,1.0
BStN,0,1,1,0.0
BStP,1,1,2,0.5
BStS,0,1,1,0.0
BStb,0,1,1,0.0
BStl,2,0,2,1.0
BStn,0,1,1,0.0
BSts,1,2,3,0.33
BbBB,10,4,14,0.71
BbBD,0,2,2,0.0
BbBK,0,1,1,0.0
BbBL,1,3,4,0.25
BbBM,5,4,9,0.56
BbBN,8,8,16,0.5
BbBP,10,10,20,0.5
BbBS,4,0,4,1.0
BbBb,10,6,16,0.62
BbBh,1,2,3,0.33
BbBj,2,4,6,0.33
BbBl,3,5,8,0.38
BbBm,4,5,9,0.44
BbBn,14,11,25,0.56
BbBs,2,3,5,0.4
BbBt,3,3,6,0.5
BbDB,1,1,2,0.5
BbDH,1,0,1,1.0
BbDL,1,0,1,1.0
BbDP,3,2,5,0.6
BbDS,0,2,2,0.0
BbDb,0,1,1,0.0
BbDl,1,0,1,1.0
BbDm,1,0,1,1.0
BbDs,0,2,2,0.0
BbHB,1,0,1,1.0
BbHH,1,0,1,1.0
BbHK,1,1,2,0.5
BbHL,3,0,3,1.0
BbHM,5,9,14,0.36
BbHN,7,5,12,0.58
BbHP,6,4,10,0.6
BbHS,2,3,5,0.4
BbHb,4,3,7,0.57
BbHh,2,2,4,0.5
BbHl,0,1,1,0.0
BbHm,6,3,9,0.67
BbHn,5,3,8,0.62
BbHs,3,1,4,0.75
BbHt,1,0,1,1.0
BbIB,1,1,2,0.5
BbIH,2,1,3,0.67
BbIL,1,0,1,1.0
BbIM,1,1,2,0.5
BbIN,1,0,1,1.0
BbIP,0,0,0,
BbIS,0,2,2,0.0
BbIb,0,3,3,0.0
BbIm,1,2,3,0.33
BbIn,1,1,2,0.5
BbIs,0,0,0,
BbIt,1,1,2,0.5
BbJB,3,6,9,0.33
BbJH,1,2,3,0.33
BbJL,1,0,1,1.0
BbJM,2,2,4,0.5
BbJN,0,3,3,0.0
BbJP,4,6,10,0.4
BbJS,1,2,3,0.33
BbJb,2,2,4,0.5
BbJh,1,0,1,1.0
BbJl,2,1,3,0.67
BbJm,3,1,4,0.75
BbJn,4,1,5,0.8
BbJs,0,2,2,0.0
BbKB,0,3,3,0.0
BbKL,0,1,1,0.0
BbKM,1,1,2,0.5
BbKN,1,2,3,0.33
BbKP,0,1,1,0.0
BbKb,3,2,5,0.6
BbKh,1,0,1,1.0
BbKm,2,0,2,1.0
BbKn,2,3,5,0.4
BbLB,3,2,5,0.6
BbLD,0,1,1,0.0
BbLL,2,4,6,0.33
BbLM,3,2,5,0.6
BbLN,3,7,10,0.3
BbLP,8,7,15,0.53
BbLS,4,2,6,0.67
BbLb,3,5,8,0.38
BbLh,3,2,5,0.6
BbLj,1,0,1,1.0
BbLl,4,4,8,0.5
BbLm,6,3,9,0.67
BbLn,8,3,11,0.73
BbLs,1,3,4,0.25
BbMB,5,9,14,0.36
BbMD,1,0,1,1.0
BbML,1,3,4,0.25
BbMM,6,11,17,0.35
BbMN,12,12,24,0.5
BbMP,15,18,33,0.45
BbMS,4,6,10,0.4
BbMb,11,13,24,0.46
BbMh,7,8,15,0.47
BbMj,5,0,5,1.0
BbMl,3,5,8,0.38
BbMm,16,11,27,0.59
BbMn,13,19,32,0.41
BbMs,8,7,15,0.53
BbMt,1,3,4,0.25
BbNB,9,7,16,0.56
BbND,1,1,2,0.5
BbNH,4,3,7,0.57
BbNK,1,1,2,0.5
BbNL,3,10,13,0.23
BbNM,13,16,29,0.45
BbNN,14,13,27,0.52
BbNP,26,21,47,0.55
BbNS,8,10,18,0.44
BbNb,10,17,27,0.37
BbNh,2,6,8,0.25
BbNl,6,5,11,0.55
BbNm,9,5,14,0.64
BbNn,25,20,45,0.56
BbNs,7,8,15,0.47
BbNt,5,3,8,0.62
BbPB,8,14,22,0.36
BbPD,3,1,4,0.75
BbPH,3,3,6,0.5
BbPI,2,2,4,0.5
BbPK,1,1,2,0.5
BbPL,1,3,4,0.25
BbPM,13,10,23,0.57
BbPN,16,12,28,0.57
BbPP,18,16,34,0.53
BbPS,5,12,17,0.29
BbPb,14,17,31,0.45
BbPh,1,1,2,0.5
BbPl,10,6,16,0.62
BbPm,14,10,24,0.58
BbPn,10,15,25,0.4
BbPs,10,9,19,0.53
BbPt,0,0,0,
BbSB,2,5,7,0.29
BbSD,1,2,3,0.33
BbSH,2,2,4,0.5
BbSL,1,0,1,1.0
BbSM,2,4,6,0.33
BbSN,6,5,11,0.55
BbSP,8,6,14,0.57
BbSS,2,2,4,0.5
BbSb,6,5,11,0.55
BbSh,5,4,9,0.56
BbSl,4,4,8,0.5
BbSm,6,6,12,0.5
BbSn,5,6,11,0.45
BbSs,5,2,7,0.71
BbSt,0,1,1,0.0
BbbB,9,7,16,0.56
BbbD,0,0,0,
BbbH,4,4,8,0.5
BbbI,1,0,1,1.0
BbbJ,2,6,8,0.25
BbbK,1,0,1,1.0
BbbL,1,6,7,0.14
BbbM,15,11,26,0.58
BbbN,7,16,23,0.3
BbbP,16,14,30,0.53
BbbS,4,6,10,0.4
Bbbb,13,14,27,0.48
Bbbl,5,2,7,0.71
Bbbm,7,9,16,0.44
Bbbn,15,10,25,0.6
Bbbs,4,3,7,0.57
BblB,6,3,9,0.67
BblD,1,0,1,1.0
BblH,3,6,9,0.33
BblI,0,0,0,
BblJ,1,1,2,0.5
BblK,0,2,2,0.0
BblL,2,3,5,0.4
BblM,2,6,8,0.25
BblN,6,6,12,0.5
BblP,5,6,11,0.45
BblS,3,4,7,0.43
Bblb,3,3,6,0.5
Bbll,4,1,5,0.8
Bblm,2,6,8,0.25
Bbln,4,4,8,0.5
Bbls,3,1,4,0.75
BbmB,9,5,14,0.64
BbmH,3,3,6,0.5
BbmI,1,0,1,1.0
BbmJ,1,2,3,0.33
BbmL,2,2,4,0.5
BbmM,13,11,24,0.54
BbmN,7,4,11,0.64
BbmP,11,8,19,0.58
BbmS,4,4,8,0.5
Bbmb,8,13,21,0.38
Bbml,3,1,4,0.75
Bbmm,6,7,13,0.46
Bbmn,9,5,14,0.64
Bbms,1,0,1,1.0
BbnB,4,13,17,0.24
BbnD,0,3,3,0.0
BbnH,9,1,10,0.9
BbnI,2,0,2,1.0
BbnK,2,0,2,1.0
BbnL,2,3,5,0.4
BbnM,7,15,22,0.32
BbnN,17,17,34,0.5
BbnP,28,15,43,0.65
BbnS,6,7,13,0.46
Bbnb,15,8,23,0.65
Bbnl,6,7,13,0.46
Bbnm,7,13,20,0.35
Bbnn,12,14,26,0.46
Bbns,14,9,23,0.61
BbsB,2,1,3,0.67
BbsD,0,1,1,0.0
BbsH,3,8,11,0.27
BbsI,1,0,1,1.0
BbsL,3,0,3,1.0
BbsM,4,9,13,0.31
BbsN,6,5,11,0.55
BbsP,8,8,16,0.5
BbsS,4,7,11,0.36
Bbsb,3,7,10,0.3
Bbsl,1,2,3,0.33
Bbsm,6,0,6,1.0
Bbsn,3,6,9,0.33
Bbss,2,5,7,0.29
BhBB,0,1,1,0.0
BhBM,1,2,3,0.33
BhBN,3,1,4,0.75
BhBP,1,2,3,0.33
BhBb,0,2,2,0.0
BhBh,0,1,1,0.0
BhBl,1,1,2,0.5
BhBm,1,2,3,0.33
BhBs,0,1,1,0.0
BhBt,0,0,0,
BhDN,0,1,1,0.0
BhHI,0,0,0,
BhHM,1,1,2,0.5
BhHP,1,0,1,1.0
BhHn,0,1,1,0.0
BhKP,1,0,1,1.0
BhLM,1,0,1,1.0
BhLP,1,1,2,0.5
BhLb,1,0,1,1.0
BhLh,1,0,1,1.0
BhLj,0,0,0,
BhLm,1,0,1,1.0
BhLs,1,0,1,1.0
BhMB,0,1,1,0.0
BhML,0,1,1,0.0
BhMM,2,1,3,0.67
BhMN,1,0,1,1.0
BhMP,0,0,0,
BhMS,1,0,1,1.0
BhMb,2,1,3,0.67
BhMh,1,0,1,1.0
BhMj,1,0,1,1.0
BhMl,2,0,2,1.0
BhMm,1,2,3,0.33
BhMn,0,2,2,0.0
BhMs,0,1,1,0.0
BhNB,1,1,2,0.5
BhNM,0,3,3,0.0
BhNN,0,3,3,0.0
BhNP,1,0,1,1.0
BhNS,1,1,2,0.5
BhNb,1,1,2,0.5
BhNh,0,0,0,
BhNl,1,0,1,1.0
BhNm,0,4,4,0.0
BhNn,2,1,3,0.67
BhNs,2,1,3,0.67
BhPB,0,0,0,
BhPK,0,1,1,0.0
BhPL,1,0,1,1.0
BhPM,0,0,0,
BhPN,3,2,5,0.6
BhPP,0,4,4,0.0
BhPS,0,1,1,0.0
BhPb,2,1,3,0.67
BhPh,0,0,0,
BhPm,1,1,2,0.5
BhPn,3,1,4,0.75
BhPs,3,3,6,0.5
BhSB,1,2,3,0.33
BhSH,1,1,2,0.5
BhSL,0,1,1,0.0
BhSM,0,0,0,
BhSN,1,1,2,0.5
BhSP,0,1,1,0.0
BhSS,0,2,2,0.0
BhSb,0,1,1,0.0
BhSl,2,2,4,0.5
BhSm,0,1,1,0.0
BhSn,1,1,2,0.5
BhSs,0,1,1,0.0
BhSt,0,1,1,0.0
BhbD,1,0,1,1.0
BhbH,0,3,3,0.0
BhbJ,0,1,1,0.0
BhbK,0,1,1,0.0
BhbL,0,1,1,0.0
BhbM,2,0,2,1.0
BhbN,1,4,5,0.2
BhbP,1,4,5,0.2
BhbS,1,1,2,0.5
Bhbb,0,2,2,0.0
Bhbl,0,0,0,
Bhbn,3,0,3,1.0
Bhbs,1,0,1,1.0
BhhB,1,0,1,1.0
BhhM,1,1,2,0.5
BhhN,2,1,3,0.67
BhhP,2,3,5,0.4
BhhS,1,2,3,0.33
Bhhb,2,1,3,0.67
Bhhh,1,2,3,0.33
Bhhm,0,1,1,0.0
Bhhn,0,1,1,0.0
BhlB,0,2,2,0.0
BhlH,0,1,1,0.0
BhlJ,1,0,1,1.0
BhlL,1,1,2,0.5
BhlM,2,2,4,0.5
BhlN,1,0,1,1.0
BhlP,1,1,2,0.5
BhlS,1,1,2,0.5
Bhlb,0,1,1,0.0
Bhll,1,1,2,0.5
Bhlm,2,0,2,1.0
Bhln,2,1,3,0.67
BhmB,0,1,1,0.0
BhmD,1,1,2,0.5
BhmH,2,1,3,0.67
BhmL,0,1,1,0.0
BhmM,0,1,1,0.0
BhmN,1,1,2,0.5
BhmP,1,0,1,1.0
BhmS,0,1,1,0.0
Bhmb,1,0,1,1.0
Bhmm,2,0,2,1.0
Bhmn,1,2,3,0.33
Bhms,1,0,1,1.0
BhnB,1,0,1,1.0
BhnH,2,1,3,0.67
BhnL,2,0,2,1.0
BhnM,2,2,4,0.5
BhnN,3,2,5,0.6
BhnP,0,4,4,0.0
BhnS,1,3,4,0.25
Bhnb,1,3,4,0.25
Bhnh,1,0,1,1.0
Bhnl,0,1,1,0.0
Bhnm,1,2,3,0.33
Bhnn,2,0,2,1.0
Bhns,1,0,1,1.0
BhsB,3,0,3,1.0
BhsH,0,1,1,0.0
BhsM,1,2,3,0.33
BhsN,1,2,3,0.33
BhsP,0,2,2,0.0
Bhsl,1,1,2,0.5
Bhsm,1,0,1,1.0
Bhsn,1,1,2,0.5
Bhss,4,1,5,0.8
BjBB,0,3,3,0.0
BjBD,0,0,0,
BjBK,0,1,1,0.0
BjBL,0,2,2,0.0
BjBM,5,1,6,0.83
BjBN,3,4,7,0.43
BjBP,2,4,6,0.33
BjBS,0,4,4,0.0
BjBb,5,3,8,0.62
BjBh,1,2,3,0.33
BjBj,1,0,1,1.0
BjBl,1,1,2,0.5
BjBm,2,2,4,0.5
BjBn,4,4,8,0.5
BjBs,1,1,2,0.5
BjDN,0,0,0,
BjDS,1,1,2,0.5
BjDm,1,1,2,0.5
BjDn,1,1,2,0.5
BjHB,0,1,1,0.0
BjHL,1,0,1,1.0
BjHM,0,1,1,0.0
BjHN,0,3,3,0.0
BjHP,2,0,2,1.0
BjHb,1,1,2,0.5
BjHh,2,1,3,0.67
BjHl,0,1,1,0.0
BjHm,3,0,3,1.0
BjHn,0,1,1,0.0
BjID,1,0,1,1.0
BjIH,0,0,0,
BjIM,0,1,1,0.0
BjIl,0,0,0,
BjKB,0,1,1,0.0
BjKL,0,1,1,0.0
BjKM,1,0,1,1.0
BjKS,1,0,1,1.0
BjKl,0,0,0,
BjLB,1,0,1,1.0
BjLM,0,1,1,0.0
BjLN,4,1,5,0.8
BjLP,0,2,2,0.0
BjLS,0,0,0,
BjLb,1,2,3,0.33
BjLh,2,1,3,0.67
BjLl,0,2,2,0.0
BjLm,1,1,2,0.5
BjLn,2,1,3,0.67
BjLs,1,1,2,0.5
BjMB,4,3,7,0.57
BjML,1,0,1,1.0
BjMM,1,3,4,0.25
BjMN,3,5,8,0.38
BjMP,3,4,7,0.43
BjMS,2,2,4,0.5
BjMb,6,3,9,0.67
BjMh,2,2,4,0.5
BjMj,0,0,0,
BjMl,1,3,4,0.25
BjMm,3,3,6,0.5
BjMn,3,5,8,0.38
BjMs,1,2,3,0.33
BjMt,0,1,1,0.0
BjNB,4,1,5,0.8
BjND,1,0,1,1.0
BjNK,0,2,2,0.0
BjNL,1,1,2,0.5
BjNM,3,3,6,0.5
BjNN,3,0,3,1.0
BjNP,7,8,15,0.47
BjNS,0,2,2,0.0
BjNb,4,1,5,0.8
BjNh,1,2,3,0.33
BjNl,0,3,3,0.0
BjNm,2,0,2,1.0
BjNn,6,6,12,0.5
BjNs,3,2,5,0.6
BjNt,0,0,0,
BjPB,3,1,4,0.75
BjPH,2,2,4,0.5
BjPK,3,0,3,1.0
BjPL,5,5,10,0.5
BjPM,2,3,5,0.4
BjPN,6,3,9,0.67
BjPP,9,10,19,0.47
BjPS,5,5,10,0.5
BjPb,10,2,12,0.83
BjPh,1,1,2,0.5
BjPl,3,1,4,0.75
BjPm,3,1,4,0.75
BjPn,4,2,6,0.67
BjPs,3,3,6,0.5
BjPt,0,1,1,0.0
BjSB,4,2,6,0.67
BjSM,1,0,1,1.0
BjSN,1,1,2,0.5
BjSP,3,3,6,0.5
BjSS,2,1,3,0.67
BjSb,1,2,3,0.33
BjSh,3,0,3,1.0
BjSl,0,1,1,0.0
BjSn,3,3,6,0.5
BjSs,2,0,2,1.0
BjbB,3,4,7,0.43
BjbJ,1,1,2,0.5
BjbK,0,1,1,0.0
BjbL,2,1,3,0.67
BjbM,4,1,5,0.8
BjbN,3,3,6,0.5
BjbP,4,5,9,0.44
BjbS,2,3,5,0.4
Bjbb,4,3,7,0.57
Bjbl,0,1,1,0.0
Bjbm,0,2,2,0.0
Bjbn,7,3,10,0.7
Bjbs,1,1,2,0.5
BjhM,0,1,1,0.0
BjhN,2,1,3,0.67
BjhS,0,0,0,
Bjhb,1,1,2,0.5
Bjhh,1,0,1,1.0
Bjhl,1,2,3,0.33
Bjhm,0,1,1,0.0
Bjhn,0,1,1,0.0
Bjhs,2,1,3,0.67
BjlB,2,0,2,1.0
BjlD,0,1,1,0.0
BjlH,1,1,2,0.5
BjlI,0,1,1,0.0
BjlL,2,0,2,1.0
BjlM,1,2,3,0.33
BjlN,2,2,4,0.5
BjlP,0,1,1,0.0
BjlS,0,1,1,0.0
Bjlb,2,4,6,0.33
Bjll,1,0,1,1.0
Bjlm,1,3,4,0.25
Bjln,4,3,7,0.57
Bjls,3,1,4,0.75
BjmB,0,2,2,0.0
BjmH,1,3,4,0.25
BjmJ,0,3,3,0.0
BjmM,5,0,5,1.0
BjmN,3,1,4,0.75
BjmP,2,4,6,0.33
BjmS,0,2,2,0.0
Bjmb,1,0,1,1.0
Bjml,1,1,2,0.5
Bjmm,2,3,5,0.4
Bjmn,1,2,3,0.33
Bjms,0,2,2,0.0
BjnB,5,6,11,0.45
BjnH,1,3,4,0.25
BjnI,1,0,1,1.0
BjnK,0,1,1,0.0
BjnL,2,2,4,0.5
BjnM,0,6,6,0.0
BjnN,7,3,10,0.7
BjnP,8,3,11,0.73
BjnS,2,2,4,0.5
Bjnb,2,2,4,0.5
Bjnh,0,1,1,0.0
Bjnl,4,2,6,0.67
Bjnm,3,1,4,0.75
Bjnn,5,5,10,0.5
Bjns,5,3,8,0.62
BjsB,3,0,3,1.0
BjsD,0,1,1,0.0
BjsH,1,2,3,0.33
BjsL,1,0,1,1.0
BjsM,4,1,5,0.8
BjsN,2,5,7,0.29
BjsP,1,3,4,0.25
BjsS,0,0,0,
Bjsb,0,0,0,
Bjsl,1,1,2,0.5
Bjsm,2,1,3,0.67
Bjsn,3,1,4,0.75
Bjss,4,2,6,0.67
BjtH,0,0,0,
BjtM,0,1,1,0.0
BjtN,0,2,2,0.0
BjtP,0,2,2,0.0
BjtS,0,1,1,0.0
Bjtl,0,1,1,0.0
Bjtn,2,1,3,0.67
Bjts,1,0,1,1.0
BlBB,4,3,7,0.57
BlBL,2,1,3,0.67
BlBM,7,2,9,0.78
BlBN,4,6,10,0.4
BlBP,3,7,10,0.3
BlBS,2,0,2,1.0
BlBb,2,3,5,0.4
BlBj,1,1,2,0.5
BlBl,3,2,5,0.6
BlBm,5,2,7,0.71
BlBn,9,4,13,0.69
BlBs,1,2,3,0.33
BlBt,1,3,4,0.25
BlDH,1,0,1,1.0
BlDM,2,0,2,1.0
BlDN,0,3,3,0.0
BlDn,1,0,1,1.0
BlDs,2,0,2,1.0
BlHB,0,4,4,0.0
BlHD,1,0,1,1.0
BlHH,0,1,1,0.0
BlHI,1,0,1,1.0
BlHL,2,0,2,1.0
BlHM,2,4,6,0.33
BlHN,7,9,16,0.44
BlHP,5,7,12,0.42
BlHS,1,3,4,0.25
BlHb,6,2,8,0.75
BlHh,0,1,1,0.0
BlHl,1,3,4,0.25
BlHm,2,4,6,0.33
BlHn,7,6,13,0.54
BlHs,3,2,5,0.6
BlIB,1,0,1,1.0
BlID,0,0,0,
BlIN,0,1,1,0.0
BlIP,0,1,1,0.0
BlIb,1,1,2,0.5
BlIm,0,1,1,0.0
BlIn,1,1,2,0.5
BlJB,0,0,0,
BlJD,0,1,1,0.0
BlJH,2,0,2,1.0
BlJK,0,0,0,
BlJM,1,1,2,0.5
BlJN,0,0,0,
BlJP,1,1,2,0.5
BlJb,2,1,3,0.67
BlJl,0,1,1,0.0
BlJm,2,1,3,0.67
BlJn,1,5,6,0.17
BlJs,0,1,1,0.0
BlKM,1,0,1,1.0
BlKS,0,1,1,0.0
BlKb,1,0,1,1.0
BlKn,0,1,1,0.0
BlLB,1,3,4,0.25
BlLM,1,0,1,1.0
BlLN,2,3,5,0.4
BlLP,1,4,5,0.2
BlLS,2,2,4,0.5
BlLb,1,3,4,0.25
BlLh,1,0,1,1.0
BlLj,0,2,2,0.0
BlLl,3,1,4,0.75
BlLm,1,2,3,0.33
BlLn,4,0,4,1.0
BlLs,2,0,2,1.0
BlLt,1,0,1,1.0
BlMB,6,1,7,0.86
BlML,0,3,3,0.0
BlMM,6,6,12,0.5
BlMN,10,10,20,0.5
BlMP,8,7,15,0.53
BlMS,1,3,4,0.25
BlMb,4,7,11,0.36
BlMh,2,1,3,0.67
BlMl,5,1,6,0.83
BlMm,3,2,5,0.6
BlMn,4,6,10,0.4
BlMs,2,1,3,0.67
BlMt,1,0,1,1.0
BlNB,2,5,7,0.29
BlND,2,1,3,0.67
BlNH,0,2,2,0.0
BlNL,2,5,7,0.29
BlNM,5,1,6,0.83
BlNN,7,4,11,0.64
BlNP,7,8,15,0.47
BlNS,2,1,3,0.67
BlNb,5,9,14,0.36
BlNl,1,4,5,0.2
BlNm,4,2,6,0.67
BlNn,6,12,18,0.33
BlNs,4,2,6,0.67
BlNt,1,1,2,0.5
BlPB,8,2,10,0.8
BlPH,2,2,4,0.5
BlPL,5,1,6,0.83
BlPM,5,6,11,0.45
BlPN,5,4,9,0.56
BlPP,5,7,12,0.42
BlPS,5,7,12,0.42
BlPb,4,3,7,0.57
BlPh,1,1,2,0.5
BlPl,2,2,4,0.5
BlPm,7,3,10,0.7
BlPn,7,5,12,0.58
BlPs,8,3,11,0.73
BlPt,0,0,0,
BlSB,2,4,6,0.33
BlSD,1,1,2,0.5
BlSH,0,1,1,0.0
BlSL,1,0,1,1.0
BlSM,4,1,5,0.8
BlSN,3,1,4,0.75
BlSP,3,3,6,0.5
BlSS,2,6,8,0.25
BlSb,3,3,6,0.5
BlSh,1,0,1,1.0
BlSm,1,2,3,0.33
BlSn,4,0,4,1.0
BlSs,4,2,6,0.67
BlSt,0,1,1,0.0
BlbB,7,4,11,0.64
BlbD,1,0,1,1.0
BlbH,3,1,4,0.75
BlbI,1,0,1,1.0
BlbJ,0,1,1,0.0
BlbK,0,1,1,0.0
BlbL,1,2,3,0.33
BlbM,5,3,8,0.62
BlbN,5,7,12,0.42
BlbP,7,7,14,0.5
BlbS,5,1,6,0.83
Blbb,2,5,7,0.29
Blbl,1,1,2,0.5
Blbm,3,1,4,0.75
Blbn,2,5,7,0.29
Blbs,2,2,4,0.5
BllB,2,2,4,0.5
BllH,0,1,1,0.0
BllL,0,5,5,0.0
BllM,1,1,2,0.5
BllN,1,0,1,1.0
BllP,3,5,8,0.38
BllS,2,1,3,0.67
Bllb,3,1,4,0.75
Blll,1,1,2,0.5
Bllm,2,1,3,0.67
Blln,3,4,7,0.43
Blls,2,1,3,0.67
BlmB,3,4,7,0.43
BlmH,3,5,8,0.38
BlmJ,1,0,1,1.0
BlmL,1,0,1,1.0
BlmM,4,5,9,0.44
BlmN,7,2,9,0.78
BlmP,6,1,7,0.86
BlmS,1,6,7,0.14
Blmb,3,5,8,0.38
Blml,2,0,2,1.0
Blmm,3,1,4,0.75
Blmn,10,5,15,0.67
Blms,0,3,3,0.0
BlnB,3,2,5,0.6
BlnD,0,2,2,0.0
BlnH,3,3,6,0.5
BlnI,0,0,0,
BlnK,0,1,1,0.0
BlnL,2,2,4,0.5
BlnM,1,4,5,0.2
BlnN,9,2,11,0.82
BlnP,5,4,9,0.56
BlnS,3,2,5,0.6
Blnb,8,3,11,0.73
Blnl,2,2,4,0.5
Blnm,5,5,10,0.5
Blnn,5,4,9,0.56
Blns,3,2,5,0.6
BlsB,2,2,4,0.5
BlsH,3,2,5,0.6
BlsI,1,0,1,1.0
BlsL,1,2,3,0.33
BlsM,2,3,5,0.4
BlsN,2,2,4,0.5
BlsP,3,5,8,0.38
BlsS,4,1,5,0.8
Blsb,1,1,2,0.5
Blsl,1,4,5,0.2
Blsm,2,2,4,0.5
Blsn,2,0,2,1.0
Blss,4,1,5,0.8
BmBB,3,3,6,0.5
BmBK,1,0,1,1.0
BmBL,0,4,4,0.0
BmBM,6,2,8,0.75
BmBN,8,13,21,0.38
BmBP,7,2,9,0.78
BmBS,4,5,9,0.44
BmBb,6,5,11,0.55
BmBh,3,0,3,1.0
BmBj,2,2,4,0.5
BmBl,1,3,4,0.25
BmBm,10,3,13,0.77
BmBn,12,8,20,0.6
BmBs,2,3,5,0.4
BmBt,2,1,3,0.67
BmDB,1,0,1,1.0
BmDI,0,1,1,0.0
BmDL,1,1,2,0.5
BmDM,1,1,2,0.5
BmDN,2,0,2,1.0
BmDP,1,2,3,0.33
BmDS,1,0,1,1.0
BmDn,0,0,0,
BmDs,1,0,1,1.0
BmDt,1,0,1,1.0
BmHB,4,2,6,0.67
BmHD,1,0,1,1.0
BmHH,1,2,3,0.33
BmHI,0,2,2,0.0
BmHK,1,0,1,1.0
BmHL,2,3,5,0.4
BmHM,13,9,22,0.59
BmHN,6,8,14,0.43
BmHP,4,8,12,0.33
BmHS,3,3,6,0.5
BmHb,3,4,7,0.43
BmHh,3,7,10,0.3
BmHl,4,3,7,0.57
BmHm,4,8,12,0.33
BmHn,7,11,18,0.39
BmHs,1,5,6,0.17
BmHt,0,2,2,0.0
BmID,1,0,1,1.0
BmIH,1,0,1,1.0
BmIM,0,1,1,0.0
BmIP,0,1,1,0.0
BmIS,1,1,2,0.5
BmIb,1,0,1,1.0
BmIm,1,0,1,1.0
BmIn,0,3,3,0.0
BmJB,0,1,1,0.0
BmJH,2,0,2,1.0
BmJI,1,0,1,1.0
BmJL,2,1,3,0.67
BmJM,1,0,1,1.0
BmJN,3,3,6,0.5
BmJP,3,1,4,0.75
BmJS,1,2,3,0.33
BmJb,1,0,1,1.0
BmJl,1,0,1,1.0
BmJm,2,1,3,0.67
BmJn,4,6,10,0.4
BmJs,2,1,3,0.67
BmKb,0,0,0,
BmLB,0,3,3,0.0
BmLL,0,0,0,
BmLM,2,2,4,0.5
BmLN,5,4,9,0.56
BmLP,7,4,11,0.64
BmLS,3,1,4,0.75
BmLb,0,3,3,0.0
BmLh,2,3,5,0.4
BmLj,0,1,1,0.0
BmLl,1,0,1,1.0
BmLm,1,3,4,0.25
BmLn,5,5,10,0.5
BmLs,2,3,5,0.4
BmLt,0,1,1,0.0
BmMB,10,4,14,0.71
BmMD,1,0,1,1.0
BmML,1,2,3,0.33
BmMM,6,9,15,0.4
BmMN,7,9,16,0.44
BmMP,12,12,24,0.5
BmMS,3,5,8,0.38
BmMb,4,8,12,0.33
BmMh,7,6,13,0.54
BmMj,4,3,7,0.57
BmMl,2,1,3,0.67
BmMm,4,4,8,0.5
BmMn,16,18,34,0.47
BmMs,4,7,11,0.36
BmMt,2,2,4,0.5
BmNB,6,7,13,0.46
BmNH,4,1,5,0.8
BmNK,0,2,2,0.0
BmNL,2,2,4,0.5
BmNM,11,5,16,0.69
BmNN,8,12,20,0.4
BmNP,11,13,24,0.46
BmNS,9,11,20,0.45
BmNb,7,7,14,0.5
BmNh,3,6,9,0.33
BmNl,4,6,10,0.4
BmNm,9,3,12,0.75
BmNn,16,14,30,0.53
BmNs,2,9,11,0.18
BmNt,2,2,4,0.5
BmPB,9,10,19,0.47
BmPH,2,4,6,0.33
BmPI,1,1,2,0.5
BmPK,1,2,3,0.33
BmPL,6,7,13,0.46
BmPM,13,11,24,0.54
BmPN,9,5,14,0.64
BmPP,14,13,27,0.52
BmPS,13,6,19,0.68
BmPb,8,8,16,0.5
BmPh,2,3,5,0.4
BmPl,9,5,14,0.64
BmPm,11,8,19,0.58
BmPn,13,10,23,0.57
BmPs,4,9,13,0.31
BmPt,3,2,5,0.6
BmSB,2,3,5,0.4
BmSH,0,0,0,
BmSL,2,0,2,1.0
BmSM,3,5,8,0.38
BmSN,5,2,7,0.71
BmSP,3,6,9,0.33
BmSS,6,2,8,0.75
BmSb,1,2,3,0.33
BmSh,3,3,6,0.5
BmSl,2,0,2,1.0
BmSm,2,2,4,0.5
BmSn,11,5,16,0.69
BmSs,6,5,11,0.55
BmbB,7,4,11,0.64
BmbD,1,1,2,0.5
BmbH,2,4,6,0.33
BmbI,1,1,2,0.5
BmbJ,4,1,5,0.8
BmbL,6,2,8,0.75
BmbM,10,7,17,0.59
BmbN,12,14,26,0.46
BmbP,13,8,21,0.62
BmbS,5,2,7,0.71
Bmbb,10,8,18,0.56
Bmbl,4,1,5,0.8
Bmbm,7,8,15,0.47
Bmbn,14,16,30,0.47
Bmbs,0,1,1,0.0
BmlB,3,4,7,0.43
BmlH,1,1,2,0.5
BmlJ,1,1,2,0.5
BmlL,3,3,6,0.5
BmlM,1,4,5,0.2
BmlN,3,3,6,0.5
BmlP,4,4,8,0.5
BmlS,1,0,1,1.0
Bmlb,3,1,4,0.75
Bmll,1,1,2,0.5
Bmlm,1,0,1,1.0
Bmln,0,4,4,0.0
Bmls,1,0,1,1.0
BmmB,6,5,11,0.55
BmmH,7,3,10,0.7
BmmI,0,1,1,0.0
BmmJ,0,1,1,0.0
BmmL,2,1,3,0.67
BmmM,7,6,13,0.54
BmmN,6,8,14,0.43
BmmP,7,4,11,0.64
BmmS,2,3,5,0.4
Bmmb,7,10,17,0.41
Bmml,2,2,4,0.5
Bmmm,2,4,6,0.33
Bmmn,6,8,14,0.43
Bmms,2,2,4,0.5
BmnB,3,5,8,0.38
BmnD,1,1,2,0.5
BmnH,8,5,13,0.62
BmnI,3,1,4,0.75
BmnK,2,0,2,1.0
BmnL,1,3,4,0.25
BmnM,6,9,15,0.4
BmnN,8,12,20,0.4
BmnP,9,18,27,0.33
BmnS,3,9,12,0.25
Bmnb,10,9,19,0.53
Bmnh,0,0,0,
Bmnl,2,6,8,0.25
Bmnm,4,8,12,0.33
Bmnn,15,17,32,0.47
Bmns,4,4,8,0.5
BmsB,0,2,2,0.0
BmsH,1,4,5,0.2
BmsI,1,1,2,0.5
BmsM,2,4,6,0.33
BmsN,2,3,5,0.4
BmsP,6,3,9,0.67
BmsS,1,1,2,0.5
Bmsb,2,2,4,0.5
Bmsl,2,0,2,1.0
Bmsm,3,1,4,0.75
Bmsn,8,4,12,0.67
Bmss,1,3,4,0.25
BnBB,3,6,9,0.33
BnBK,0,2,2,0.0
BnBL,3,6,9,0.33
BnBM,6,13,19,0.32
BnBN,7,13,20,0.35
BnBP,10,14,24,0.42
BnBS,3,1,4,0.75
BnBb,6,9,15,0.4
BnBh,1,1,2,0.5
BnBj,5,2,7,0.71
BnBl,2,6,8,0.25
BnBm,8,6,14,0.57
BnBn,10,12,22,0.45
BnBs,2,6,8,0.25
BnBt,0,2,2,0.0
BnDB,2,0,2,1.0
BnDH,0,1,1,0.0
BnDI,0,1,1,0.0
BnDL,1,0,1,1.0
BnDM,1,0,1,1.0
BnDN,2,1,3,0.67
BnDP,1,1,2,0.5
BnDS,1,2,3,0.33
BnDb,0,1,1,0.0
BnDm,3,0,3,1.0
BnDn,2,0,2,1.0
BnHB,5,4,9,0.56
BnHD,1,0,1,1.0
BnHH,3,0,3,1.0
BnHI,0,1,1,0.0
BnHK,0,0,0,
BnHL,1,2,3,0.33
BnHM,6,8,14,0.43
BnHN,7,9,16,0.44
BnHP,13,8,21,0.62
BnHS,3,5,8,0.38
BnHb,3,3,6,0.5
BnHh,3,5,8,0.38
BnHl,4,2,6,0.67
BnHm,6,4,10,0.6
BnHn,12,7,19,0.63
BnHs,6,7,13,0.46
BnHt,1,2,3,0.33
BnIB,1,1,2,0.5
BnIH,2,1,3,0.67
BnIL,0,3,3,0.0
BnIM,1,1,2,0.5
BnIN,4,1,5,0.8
BnIP,1,2,3,0.33
BnIS,1,2,3,0.33
BnIb,4,5,9,0.44
BnIl,0,1,1,0.0
BnIm,2,4,6,0.33
BnIn,2,4,6,0.33
BnIs,0,0,0,
BnKB,1,1,2,0.5
BnKL,0,1,1,0.0
BnKM,1,0,1,1.0
BnKN,3,0,3,1.0
BnKP,4,1,5,0.8
BnKb,2,2,4,0.5
BnKh,0,1,1,0.0
BnKm,0,2,2,0.0
BnKn,2,0,2,1.0
BnKs,0,1,1,0.0
BnLB,5,6,11,0.45
BnLD,1,0,1,1.0
BnLK,1,0,1,1.0
BnLL,2,2,4,0.5
BnLM,3,4,7,0.43
BnLN,4,7,11,0.36
BnLP,4,7,11,0.36
BnLS,4,3,7,0.57
BnLb,7,3,10,0.7
BnLh,3,0,3,1.0
BnLj,2,2,4,0.5
BnLl,1,2,3,0.33
BnLm,4,4,8,0.5
BnLn,5,9,14,0.36
BnLs,1,3,4,0.25
BnLt,1,2,3,0.33
BnMB,13,10,23,0.57
BnMD,3,0,3,1.0
BnML,2,5,7,0.29
BnMM,13,15,28,0.46
BnMN,14,12,26,0.54
BnMP,12,8,20,0.6
BnMS,10,10,20,0.5
BnMb,12,6,18,0.67
BnMh,13,13,26,0.5
BnMj,6,5,11,0.55
BnMl,6,5,11,0.55
BnMm,17,8,25,0.68
BnMn,17,25,42,0.4
BnMs,7,3,10,0.7
BnMt,4,2,6,0.67
BnNB,20,9,29,0.69
BnND,3,2,5,0.6
BnNH,5,4,9,0.56
BnNK,1,0,1,1.0
BnNL,5,8,13,0.38
BnNM,16,18,34,0.47
BnNN,18,26,44,0.41
BnNP,25,31,56,0.45
BnNS,17,14,31,0.55
BnNb,22,10,32,0.69
BnNh,5,7,12,0.42
BnNl,6,9,15,0.4
BnNm,15,13,28,0.54
BnNn,24,23,47,0.51
BnNs,9,13,22,0.41
BnNt,1,4,5,0.2
BnPB,9,10,19,0.47
BnPD,0,2,2,0.0
BnPH,10,6,16,0.62
BnPK,3,1,4,0.75
BnPL,12,5,17,0.71
BnPM,25,26,51,0.49
BnPN,22,25,47,0.47
BnPP,31,35,66,0.47
BnPS,17,18,35,0.49
BnPb,15,25,40,0.38
BnPh,2,4,6,0.33
BnPl,9,16,25,0.36
BnPm,21,19,40,0.52
BnPn,30,29,59,0.51
BnPs,15,6,21,0.71
BnPt,3,1,4,0.75
BnSB,9,10,19,0.47
BnSD,0,1,1,0.0
BnSH,4,1,5,0.8
BnSK,1,0,1,1.0
BnSL,1,2,3,0.33
BnSM,8,11,19,0.42
BnSN,10,16,26,0.38
BnSP,12,21,33,0.36
BnSS,3,8,11,0.27
BnSb,9,7,16,0.56
BnSh,5,8,13,0.38
BnSl,3,2,5,0.6
BnSm,10,11,21,0.48
BnSn,11,11,22,0.5
BnSs,9,8,17,0.53
BnSt,1,0,1,1.0
BnbB,14,5,19,0.74
BnbD,1,1,2,0.5
BnbH,3,7,10,0.3
BnbI,0,4,4,0.0
BnbJ,4,5,9,0.44
BnbK,2,2,4,0.5
BnbL,3,10,13,0.23
BnbM,12,16,28,0.43
BnbN,18,29,47,0.38
BnbP,15,16,31,0.48
BnbS,8,9,17,0.47
Bnbb,16,10,26,0.62
Bnbl,6,1,7,0.86
Bnbm,14,11,25,0.56
Bnbn,13,14,27,0.48
Bnbs,4,5,9,0.44
BnhB,1,0,1,1.0
BnhD,0,0,0,
BnhM,0,2,2,0.0
BnhN,1,1,2,0.5
BnhP,2,0,2,1.0
BnhS,1,0,1,1.0
Bnhb,0,3,3,0.0
Bnhn,2,1,3,0.67
Bnhs,1,2,3,0.33
Bnht,1,0,1,1.0
BnlB,5,5,10,0.5
BnlD,0,1,1,0.0
BnlH,4,7,11,0.36
BnlI,0,1,1,0.0
BnlJ,1,1,2,0.5
BnlL,5,2,7,0.71
BnlM,2,5,7,0.29
BnlN,5,6,11,0.45
BnlP,6,8,14,0.43
BnlS,2,4,6,0.33
Bnlb,3,5,8,0.38
Bnll,1,1,2,0.5
Bnlm,4,5,9,0.44
Bnln,9,1,10,0.9
Bnls,2,4,6,0.33
BnmB,4,7,11,0.36
BnmD,1,0,1,1.0
BnmH,11,6,17,0.65
BnmI,0,1,1,0.0
BnmJ,1,4,5,0.2
BnmL,4,1,5,0.8
BnmM,18,8,26,0.69
BnmN,19,16,35,0.54
BnmP,20,18,38,0.53
BnmS,6,9,15,0.4
Bnmb,11,15,26,0.42
Bnml,3,3,6,0.5
Bnmm,12,5,17,0.71
Bnmn,15,8,23,0.65
Bnms,3,2,5,0.6
BnnB,13,18,31,0.42
BnnD,2,2,4,0.5
BnnH,10,9,19,0.53
BnnI,1,0,1,1.0
BnnK,1,1,2,0.5
BnnL,6,5,11,0.55
BnnM,10,19,29,0.34
BnnN,17,24,41,0.41
BnnP,34,24,58,0.59
BnnS,14,11,25,0.56
Bnnb,25,17,42,0.6
Bnnl,10,10,20,0.5
Bnnm,8,15,23,0.35
Bnnn,17,23,40,0.42
Bnns,10,18,28,0.36
BnsB,5,4,9,0.56
BnsD,2,1,3,0.67
BnsH,7,9,16,0.44
BnsI,2,0,2,1.0
BnsK,1,0,1,1.0
BnsL,5,6,11,0.45
BnsM,11,12,23,0.48
BnsN,8,11,19,0.42
BnsP,13,9,22,0.59
BnsS,6,9,15,0.4
Bnsb,7,2,9,0.78
Bnsh,1,1,2,0.5
Bnsl,3,4,7,0.43
Bnsm,4,3,7,0.57
Bnsn,8,5,13,0.62
Bnss,3,3,6,0.5
BsBB,2,2,4,0.5
BsBD,0,1,1,0.0
BsBL,0,1,1,0.0
BsBM,2,0,2,1.0
BsBN,6,3,9,0.67
BsBP,3,4,7,0.43
BsBS,3,3,6,0.5
BsBb,1,1,2,0.5
BsBj,3,0,3,1.0
BsBl,3,3,6,0.5
BsBm,4,3,7,0.57
BsBn,3,3,6,0.5
BsBs,0,1,1,0.0
BsBt,0,2,2,0.0
BsDB,1,0,1,1.0
BsDM,0,1,1,0.0
BsDN,1,0,1,1.0
BsDP,0,2,2,0.0
BsDS,1,0,1,1.0
BsDb,1,1,2,0.5
BsDn,0,1,1,0.0
BsHB,3,2,5,0.6
BsHD,0,1,1,0.0
BsHH,5,0,5,1.0
BsHL,0,5,5,0.0
BsHM,3,4,7,0.43
BsHN,4,6,10,0.4
BsHP,9,8,17,0.53
BsHS,5,5,10,0.5
BsHb,4,5,9,0.44
BsHh,2,2,4,0.5
BsHl,1,0,1,1.0
BsHm,5,2,7,0.71
BsHn,3,2,5,0.6
BsHs,3,1,4,0.75
BsHt,1,1,2,0.5
BsIB,0,0,0,
BsIH,0,0,0,
BsIL,0,1,1,0.0
BsIS,1,2,3,0.33
BsIl,0,1,1,0.0
BsIm,0,3,3,0.0
BsIs,0,1,1,0.0
BsKm,0,0,0,
BsLB,1,1,2,0.5
BsLL,1,1,2,0.5
BsLM,2,3,5,0.4
BsLN,1,2,3,0.33
BsLP,1,1,2,0.5
BsLS,1,0,1,1.0
BsLb,1,1,2,0.5
BsLh,1,0,1,1.0
BsLj,1,0,1,1.0
BsLl,2,1,3,0.67
BsLm,2,4,6,0.33
BsLn,3,4,7,0.43
BsMB,3,1,4,0.75
BsML,3,1,4,0.75
BsMM,3,2,5,0.6
BsMN,3,6,9,0.33
BsMP,7,4,11,0.64
BsMS,2,3,5,0.4
BsMb,3,3,6,0.5
BsMh,2,2,4,0.5
BsMj,1,2,3,0.33
BsMl,3,0,3,1.0
BsMm,8,4,12,0.67
BsMn,7,14,21,0.33
BsMs,2,3,5,0.4
BsMt,0,0,0,
BsNB,3,2,5,0.6
BsND,2,1,3,0.67
BsNH,1,0,1,1.0
BsNK,0,1,1,0.0
BsNL,5,0,5,1.0
BsNM,4,4,8,0.5
BsNN,9,7,16,0.56
BsNP,10,5,15,0.67
BsNS,3,5,8,0.38
BsNb,4,5,9,0.44
BsNh,1,2,3,0.33
BsNl,3,2,5,0.6
BsNm,5,3,8,0.62
BsNn,9,12,21,0.43
BsNs,0,3,3,0.0
BsNt,2,0,2,1.0
BsPB,5,6,11,0.45
BsPD,1,0,1,1.0
BsPH,3,1,4,0.75
BsPI,1,0,1,1.0
BsPK,0,2,2,0.0
BsPL,2,4,6,0.33
BsPM,8,7,15,0.53
BsPN,6,9,15,0.4
BsPP,9,11,20,0.45
BsPS,6,2,8,0.75
BsPb,9,5,14,0.64
BsPh,1,1,2,0.5
BsPl,3,2,5,0.6
BsPm,4,2,6,0.67
BsPn,8,3,11,0.73
BsPs,1,4,5,0.2
BsPt,0,1,1,0.0
BsSB,1,1,2,0.5
BsSD,1,1,2,0.5
BsSH,1,2,3,0.33
BsSL,2,2,4,0.5
BsSM,5,2,7,0.71
BsSN,2,3,5,0.4
BsSP,5,2,7,0.71
BsSS,1,4,5,0.2
BsSb,2,4,6,0.33
BsSh,5,0,5,1.0
BsSl,1,1,2,0.5
BsSm,4,8,12,0.33
BsSn,4,5,9,0.44
BsSs,4,6,10,0.4
BsSt,1,1,2,0.5
BsbB,4,5,9,0.44
BsbD,1,1,2,0.5
BsbH,1,2,3,0.33
BsbJ,1,0,1,1.0
BsbL,3,3,6,0.5
BsbM,2,4,6,0.33
BsbN,7,5,12,0.58
BsbP,6,5,11,0.55
BsbS,3,2,5,0.6
Bsbb,4,3,7,0.57
Bsbl,3,2,5,0.6
Bsbm,1,1,2,0.5
Bsbn,3,1,4,0.75
Bsbs,2,4,6,0.33
BshM,1,0,1,1.0
Bshb,1,0,1,1.0
Bshs,1,0,1,1.0
BslB,3,1,4,0.75
BslD,1,1,2,0.5
BslH,0,2,2,0.0
BslK,1,0,1,1.0
BslL,0,3,3,0.0
BslM,0,2,2,0.0
BslN,2,2,4,0.5
BslP,1,3,4,0.25
BslS,2,3,5,0.4
Bslb,2,0,2,1.0
Bsll,1,1,2,0.5
Bslm,1,0,1,1.0
Bsln,3,3,6,0.5
Bsls,1,4,5,0.2
BsmB,5,2,7,0.71
BsmD,1,0,1,1.0
BsmH,2,1,3,0.67
BsmJ,1,1,2,0.5
BsmL,1,2,3,0.33
BsmM,4,1,5,0.8
BsmN,6,7,13,0.46
BsmP,6,5,11,0.55
BsmS,2,2,4,0.5
Bsmb,5,5,10,0.5
Bsml,3,2,5,0.6
Bsmm,6,3,9,0.67
Bsmn,3,4,7,0.43
Bsms,3,0,3,1.0
BsnB,6,1,7,0.86
BsnD,1,0,1,1.0
BsnH,1,5,6,0.17
BsnI,1,1,2,0.5
BsnK,1,0,1,1.0
BsnL,1,0,1,1.0
BsnM,4,7,11,0.36
BsnN,8,5,13,0.62
BsnP,5,10,15,0.33
BsnS,3,2,5,0.6
Bsnb,6,6,12,0.5
Bsnl,2,1,3,0.67
Bsnm,2,2,4,0.5
Bsnn,7,4,11,0.64
Bsns,5,4,9,0.56
BssB,1,2,3,0.33
BssH,4,5,9,0.44
BssL,2,0,2,1.0
BssM,4,4,8,0.5
BssN,2,2,4,0.5
BssP,6,3,9,0.67
BssS,1,3,4,0.25
Bssb,0,3,3,0.0
Bssl,1,1,2,0.5
Bssm,1,1,2,0.5
Bssn,1,2,3,0.33
Bsss,1,3,4,0.25
BtBB,3,1,4,0.75
BtBL,0,0,0,
BtBM,0,2,2,0.0
BtBN,0,1,1,0.0
BtBP,2,0,2,1.0
BtBS,1,2,3,0.33
BtBb,2,0,2,1.0
BtBj,0,1,1,0.0
BtBl,0,1,1,0.0
BtBm,0,1,1,0.0
BtBn,3,3,6,0.5
BtBs,2,2,4,0.5
BtBt,1,0,1,1.0
BtDD,1,0,1,1.0
BtDS,0,1,1,0.0
BtDn,0,1,1,0.0
BtHB,0,1,1,0.0
BtHH,0,1,1,0.0
BtHL,2,0,2,1.0
BtHM,2,1,3,0.67
BtHN,2,1,3,0.67
BtHP,3,0,3,1.0
BtHS,0,1,1,0.0
BtHb,0,2,2,0.0
BtHh,1,0,1,1.0
BtHl,1,0,1,1.0
BtHm,1,1,2,0.5
BtHn,4,4,8,0.5
BtHt,0,1,1,0.0
BtLB,1,0,1,1.0
BtLD,0,1,1,0.0
BtLM,1,2,3,0.33
BtLP,2,3,5,0.4
BtLS,1,1,2,0.5
BtLb,2,0,2,1.0
BtLj,1,0,1,1.0
BtLl,0,1,1,0.0
BtLs,0,1,1,0.0
BtMB,1,3,4,0.25
BtMD,0,1,1,0.0
BtMH,0,1,1,0.0
BtML,0,2,2,0.0
BtMN,3,2,5,0.6
BtMP,2,3,5,0.4
BtMb,3,0,3,1.0
BtMh,0,4,4,0.0
BtMj,1,0,1,1.0
BtMl,1,1,2,0.5
BtMm,2,1,3,0.67
BtMn,2,3,5,0.4
BtNB,2,0,2,1.0
BtNL,2,2,4,0.5
BtNM,5,2,7,0.71
BtNN,3,0,3,1.0
BtNP,3,5,8,0.38
BtNS,3,2,5,0.6
BtNb,3,2,5,0.6
BtNh,1,1,2,0.5
BtNl,1,3,4,0.25
BtNm,0,1,1,0.0
BtNn,1,2,3,0.33
BtNs,2,1,3,0.67
BtPB,1,2,3,0.33
BtPH,1,1,2,0.5
BtPL,1,4,5,0.2
BtPM,4,4,8,0.5
BtPN,5,4,9,0.56
BtPP,5,10,15,0.33
BtPS,1,1,2,0.5
BtPb,3,2,5,0.6
BtPl,2,2,4,0.5
BtPm,7,2,9,0.78
BtPn,0,2,2,0.0
BtPs,1,1,2,0.5
BtSB,1,1,2,0.5
BtSH,1,0,1,1.0
BtSL,0,1,1,0.0
BtSM,0,2,2,0.0
BtSN,2,2,4,0.5
BtSP,6,2,8,0.75
BtSS,2,0,2,1.0
BtSb,1,3,4,0.25
BtSh,0,1,1,0.0
BtSl,1,1,2,0.5
BtSm,2,1,3,0.67
BtSn,2,1,3,0.67
BtSs,4,0,4,1.0
BtbB,4,1,5,0.8
BtbD,0,1,1,0.0
BtbL,0,1,1,0.0
BtbM,2,1,3,0.67
BtbN,1,0,1,1.0
BtbP,2,4,6,0.33
Btbb,2,1,3,0.67
Btbl,1,1,2,0.5
Btbm,2,0,2,1.0
Btbn,3,3,6,0.5
Btbs,2,1,3,0.67
BtlH,2,1,3,0.67
BtlJ,0,1,1,0.0
BtlL,1,1,2,0.5
BtlM,0,1,1,0.0
BtlN,1,1,2,0.5
BtlP,1,0,1,1.0
BtlS,1,0,1,1.0
Btlb,1,1,2,0.5
Btll,2,0,2,1.0
Btlm,2,0,2,1.0
Btls,1,0,1,1.0
BtmB,1,0,1,1.0
BtmD,0,1,1,0.0
BtmH,0,1,1,0.0
BtmL,2,0,2,1.0
BtmM,1,0,1,1.0
BtmN,3,4,7,0.43
BtmP,4,3,7,0.57
BtmS,0,2,2,0.0
Btmb,0,3,3,0.0
Btmm,3,0,3,1.0
Btmn,0,0,0,
Btms,1,0,1,1.0
BtnB,1,1,2,0.5
BtnH,1,1,2,0.5
BtnI,1,1,2,0.5
BtnL,1,0,1,1.0
BtnM,1,3,4,0.25
BtnN,5,3,8,0.62
BtnP,4,1,5,0.8
BtnS,4,2,6,0.67
Btnb,4,1,5,0.8
Btnl,0,1,1,0.0
Btnm,1,4,5,0.2
Btnn,3,0,3,1.0
Btns,1,0,1,1.0
BtsH,2,0,2,1.0
BtsM,0,1,1,0.0
BtsN,2,1,3,0.67
BtsP,4,4,8,0.5
BtsS,1,0,1,1.0
Btsl,0,1,1,0.0
Btsm,0,0,0,
Btsn,2,1,3,0.67
Btss,1,2,3,0.33
BttL,1,1,2,0.5
BttM,0,1,1,0.0
BttN,0,1,1,0.0
BttP,4,0,4,1.0
BttS,2,0,2,1.0
Bttb,0,2,2,0.0
Bttl,1,0,1,1.0
Bttn,1,0,1,1.0
DBBB,1,0,1,1.0
DBBL,0,0,0,
DBBM,0,2,2,0.0
DBBN,0,0,0,
DBBP,0,1,1,0.0
DBBS,0,1,1,0.0
DBBm,0,2,2,0.0
DBBn,0,2,2,0.0
DBBs,1,1,2,0.5
DBLB,0,1,1,0.0
DBLP,1,0,1,1.0
DBLl,2,0,2,1.0
DBML,2,0,2,1.0
DBMM,1,1,2,0.5
DBMN,0,1,1,0.0
DBMP,2,1,3,0.67
DBMS,0,0,0,
DBMb,1,0,1,1.0
DBMj,0,0,0,
DBMn,1,1,2,0.5
DBNB,1,1,2,0.5
DBNM,1,0,1,1.0
DBNN,1,1,2,0.5
DBNP,1,1,2,0.5
DBNS,1,1,2,0.5
DBNb,0,1,1,0.0
DBNh,0,0,0,
DBNl,1,0,1,1.0
DBNm,1,0,1,1.0
DBNn,0,2,2,0.0
DBNs,0,1,1,0.0
DBPB,1,1,2,0.5
DBPH,1,0,1,1.0
DBPM,1,3,4,0.25
DBPN,0,0,0,
DBPP,1,2,3,0.33
DBPb,0,1,1,0.0
DBPl,0,1,1,0.0
DBPs,1,0,1,1.0
DBSB,0,0,0,
DBSL,0,1,1,0.0
DBSM,2,0,2,1.0
DBSN,1,1,2,0.5
DBSP,0,1,1,0.0
DBSh,0,1,1,0.0
DBSm,1,2,3,0.33
DBSn,2,1,3,0.67
DBSs,1,0,1,1.0
DBbH,2,0,2,1.0
DBbN,0,0,0,
DBbP,1,0,1,1.0
DBbS,0,0,0,
DBbb,0,1,1,0.0
DBbl,1,0,1,1.0
DBbm,1,0,1,1.0
DBbn,0,2,2,0.0
DBhB,1,0,1,1.0
DBhS,1,0,1,1.0
DBhm,1,0,1,1.0
DBjB,1,0,1,1.0
DBjN,0,1,1,0.0
DBjs,1,0,1,1.0
DBlD,0,0,0,
DBlL,0,1,1,0.0
DBlM,1,0,1,1.0
DBlN,1,0,1,1.0
DBlb,1,0,1,1.0
DBls,1,0,1,1.0
DBmB,0,1,1,0.0
DBmH,0,1,1,0.0
DBmL,0,1,1,0.0
DBmN,0,1,1,0.0
DBmb,1,0,1,1.0
DBmn,0,0,0,
DBnB,0,1,1,0.0
DBnH,1,0,1,1.0
DBnM,1,0,1,1.0
DBnN,1,0,1,1.0
DBnS,0,2,2,0.0
DBnb,1,0,1,1.0
DBnm,1,1,2,0.5
DBnn,2,1,3,0.67
DBsI,1,0,1,1.0
DBsN,0,2,2,0.0
DBsS,2,0,2,1.0
DBsn,0,0,0,
DBss,0,1,1,0.0
DBtB,0,1,1,0.0
DBtL,1,0,1,1.0
DBtm,2,0,2,1.0
DBtn,0,1,1,0.0
DBts,0,1,1,0.0
DDHM,0,0,0,
DDHP,0,1,1,0.0
DDMn,1,0,1,1.0
DDMs,0,0,0,
DDNB,0,1,1,0.0
DDNN,1,0,1,1.0
DDPN,1,0,1,1.0
DDPP,1,0,1,1.0
DDSP,1,0,1,1.0
DDSn,1,0,1,1.0
DDbS,0,1,1,0.0
DDbm,1,0,1,1.0
DDlJ,0,1,1,0.0
DDmM,0,1,1,0.0
DDmm,1,0,1,1.0
DDnM,0,1,1,0.0
DDnN,0,2,2,0.0
DDnm,1,0,1,1.0
DDsN,1,0,1,1.0
DHBB,1,0,1,1.0
DHBL,1,0,1,1.0
DHBM,0,1,1,0.0
DHBN,1,0,1,1.0
DHBS,1,0,1,1.0
DHBb,1,0,1,1.0
DHBj,0,2,2,0.0
DHBl,1,0,1,1.0
DHBm,1,1,2,0.5
DHBn,2,0,2,1.0
DHBs,1,0,1,1.0
DHDN,1,0,1,1.0
DHHD,0,1,1,0.0
DHHH,0,1,1,0.0
DHHm,1,0,1,1.0
DHHn,0,0,0,
DHHs,0,0,0,
DHKP,1,0,1,1.0
DHKb,1,0,1,1.0
DHLb,1,2,3,0.33
DHLl,1,0,1,1.0
DHLs,1,0,1,1.0
DHLt,0,0,0,
DHMB,0,1,1,0.0
DHMD,0,1,1,0.0
DHMM,1,4,5,0.2
DHMN,1,0,1,1.0
DHMP,3,0,3,1.0
DHMh,0,1,1,0.0
DHMj,1,0,1,1.0
DHMl,1,1,2,0.5
DHMm,1,0,1,1.0
DHMn,0,3,3,0.0
DHMs,1,1,2,0.5
DHNH,0,1,1,0.0
DHNL,0,1,1,0.0
DHNM,1,1,2,0.5
DHNP,0,1,1,0.0
DHNS,0,3,3,0.0
DHNb,0,1,1,0.0
DHNh,2,0,2,1.0
DHNm,3,0,3,1.0
DHNn,1,2,3,0.33
DHPB,2,1,3,0.67
DHPH,0,1,1,0.0
DHPL,0,1,1,0.0
DHPM,2,2,4,0.5
DHPN,2,4,6,0.33
DHPP,0,2,2,0.0
DHPS,4,1,5,0.8
DHPb,1,2,3,0.33
DHPl,1,1,2,0.5
DHPm,3,1,4,0.75
DHPn,2,3,5,0.4
DHPs,0,2,2,0.0
DHSH,0,1,1,0.0
DHSL,0,1,1,0.0
DHSN,1,0,1,1.0
DHSP,1,1,2,0.5
DHSb,1,0,1,1.0
DHSm,0,0,0,
DHSn,0,0,0,
DHSs,2,0,2,1.0
DHbD,1,1,2,0.5
DHbL,2,1,3,0.67
DHbP,0,1,1,0.0
DHbS,1,1,2,0.5
DHbn,0,3,3,0.0
DHhB,1,0,1,1.0
DHhM,2,1,3,0.67
DHhN,0,1,1,0.0
DHhb,0,1,1,0.0
DHhh,1,0,1,1.0
DHhl,0,1,1,0.0
DHhn,1,1,2,0.5
DHlH,0,1,1,0.0
DHlM,0,1,1,0.0
DHlN,0,1,1,0.0
DHlP,0,0,0,
DHlb,1,1,2,0.5
DHll,0,1,1,0.0
DHlm,0,1,1,0.0
DHln,0,1,1,0.0
DHls,2,0,2,1.0
DHmB,1,0,1,1.0
DHmL,1,0,1,1.0
DHmM,1,0,1,1.0
DHmN,1,1,2,0.5
DHmb,1,0,1,1.0
DHml,0,0,0,
DHmm,2,2,4,0.5
DHmn,1,1,2,0.5
DHnB,0,1,1,0.0
DHnL,1,0,1,1.0
DHnM,3,1,4,0.75
DHnN,0,1,1,0.0
DHnP,0,2,2,0.0
DHnS,1,0,1,1.0
DHnl,1,0,1,1.0
DHnm,2,2,4,0.5
DHnn,0,1,1,0.0
DHns,1,0,1,1.0
DHsB,0,0,0,
DHsH,3,1,4,0.75
DHsM,2,1,3,0.67
DHsN,3,0,3,1.0
DHsP,1,1,2,0.5
DHsS,0,1,1,0.0
DHsl,0,0,0,
DHsm,0,1,1,0.0
DHsn,0,0,0,
DHss,0,1,1,0.0
DHtM,0,1,1,0.0
DHtn,0,1,1,0.0
DIBB,1,0,1,1.0
DIBN,0,0,0,
DIBb,1,0,1,1.0
DIBl,0,0,0,
DIMN,0,1,1,0.0
DIPM,1,1,2,0.5
DISs,0,0,0,
DIbM,2,0,2,1.0
DIbm,1,0,1,1.0
DImB,1,0,1,1.0
DImM,0,0,0,
DImn,1,0,1,1.0
DInN,0,1,1,0.0
DIsS,0,1,1,0.0
DIsm,0,1,1,0.0
DKMN,0,0,0,
DKMb,0,1,1,0.0
DKNn,1,0,1,1.0
DLBB,1,0,1,1.0
DLBN,2,0,2,1.0
DLBl,1,0,1,1.0
DLBm,0,1,1,0.0
DLBs,1,0,1,1.0
DLBt,1,0,1,1.0
DLDM,1,0,1,1.0
DLDS,1,0,1,1.0
DLLM,1,1,2,0.5
DLLP,0,1,1,0.0
DLLS,0,1,1,0.0
DLLb,1,0,1,1.0
DLMB,0,1,1,0.0
DLMN,0,1,1,0.0
DLMb,2,0,2,1.0
DLMl,0,1,1,0.0
DLMn,0,0,0,
DLNN,0,2,2,0.0
DLNP,0,1,1,0.0
DLNh,0,1,1,0.0
DLNs,0,1,1,0.0
DLPB,1,0,1,1.0
DLPL,1,0,1,1.0
DLPM,0,1,1,0.0
DLPP,1,2,3,0.33
DLPb,0,1,1,0.0
DLPl,0,1,1,0.0
DLPn,0,1,1,0.0
DLSH,0,1,1,0.0
DLSL,1,1,2,0.5
DLSM,0,1,1,0.0
DLSN,1,0,1,1.0
DLSb,1,1,2,0.5
DLSl,1,0,1,1.0
DLbB,1,0,1,1.0
DLbD,1,0,1,1.0
DLbH,1,0,1,1.0
DLbL,0,1,1,0.0
DLbN,1,0,1,1.0
DLbP,1,0,1,1.0
DLbS,0,1,1,0.0
DLbb,0,0,0,
DLbm,0,1,1,0.0
DLbn,2,1,3,0.67
DLhH,0,1,1,0.0
DLhh,1,0,1,1.0
DLhm,0,1,1,0.0
DLjB,0,0,0,
DLjN,1,0,1,1.0
DLjP,1,0,1,1.0
DLjS,1,0,1,1.0
DLjs,0,1,1,0.0
DLlb,0,1,1,0.0
DLlm,1,0,1,1.0
DLln,1,0,1,1.0
DLls,0,0,0,
DLmB,1,0,1,1.0
DLmH,0,0,0,
DLmM,1,0,1,1.0
DLmS,1,0,1,1.0
DLmb,0,1,1,0.0
DLnH,0,2,2,0.0
DLnM,2,1,3,0.67
DLnN,1,1,2,0.5
DLnb,1,1,2,0.5
DLnh,0,0,0,
DLnl,0,1,1,0.0
DLnm,1,0,1,1.0
DLsM,0,1,1,0.0
DLsS,0,1,1,0.0
DLsb,1,0,1,1.0
DLsn,1,0,1,1.0
DLtB,1,0,1,1.0
DLtm,1,0,1,1.0
DLts,0,1,1,0.0
DMBB,2,1,3,0.67
DMBL,0,1,1,0.0
DMBM,0,1,1,0.0
DMBN,0,2,2,0.0
DMBP,3,3,6,0.5
DMBb,1,0,1,1.0
DMBl,0,1,1,0.0
DMBm,1,3,4,0.25
DMBn,0,2,2,0.0
DMBs,1,0,1,1.0
DMDS,0,0,0,
DMLB,0,1,1,0.0
DMLP,0,2,2,0.0
DMLb,0,0,0,
DMLl,0,0,0,
DMMB,1,1,2,0.5
DMMM,0,0,0,
DMMN,0,0,0,
DMMP,0,3,3,0.0
DMMS,0,1,1,0.0
DMMb,2,1,3,0.67
DMMj,0,1,1,0.0
DMMm,0,2,2,0.0
DMMn,0,1,1,0.0
DMNB,0,1,1,0.0
DMND,0,1,1,0.0
DMNH,0,1,1,0.0
DMNL,0,1,1,0.0
DMNM,0,1,1,0.0
DMNN,0,1,1,0.0
DMNb,1,1,2,0.5
DMNl,0,1,1,0.0
DMNm,0,1,1,0.0
DMNn,1,1,2,0.5
DMNt,1,0,1,1.0
DMPB,0,1,1,0.0
DMPL,0,1,1,0.0
DMPM,0,2,2,0.0
DMPP,0,1,1,0.0
DMPS,0,0,0,
DMPb,2,0,2,1.0
DMPl,2,2,4,0.5
DMPm,1,1,2,0.5
DMPn,1,1,2,0.5
DMPs,0,2,2,0.0
DMPt,0,0,0,
DMSM,0,1,1,0.0
DMSN,1,1,2,0.5
DMSP,1,0,1,1.0
DMSS,1,0,1,1.0
DMSb,1,0,1,1.0
DMSh,0,1,1,0.0
DMSm,3,0,3,1.0
DMSn,3,0,3,1.0
DMSs,1,0,1,1.0
DMbB,2,0,2,1.0
DMbI,1,0,1,1.0
DMbM,1,1,2,0.5
DMbN,1,1,2,0.5
DMbP,1,1,2,0.5
DMbS,0,2,2,0.0
DMbb,0,1,1,0.0
DMbl,2,0,2,1.0
DMbm,1,1,2,0.5
DMbs,1,0,1,1.0
DMhB,2,0,2,1.0
DMhL,0,1,1,0.0
DMhM,2,1,3,0.67
DMhN,0,1,1,0.0
DMhP,2,2,4,0.5
DMhb,0,1,1,0.0
DMhh,1,1,2,0.5
DMhm,0,2,2,0.0
DMhn,2,2,4,0.5
DMjM,1,0,1,1.0
DMjS,0,1,1,0.0
DMjm,0,1,1,0.0
DMlD,1,0,1,1.0
DMlH,0,2,2,0.0
DMlM,0,1,1,0.0
DMlN,2,1,3,0.67
DMlP,2,0,2,1.0
DMlb,0,1,1,0.0
DMll,1,0,1,1.0
DMlm,0,1,1,0.0
DMls,0,1,1,0.0
DMmB,1,4,5,0.2
DMmM,1,0,1,1.0
DMmN,0,0,0,
DMmP,0,0,0,
DMmb,0,1,1,0.0
DMml,2,1,3,0.67
DMmm,1,1,2,0.5
DMmn,0,2,2,0.0
DMnB,2,1,3,0.67
DMnH,2,2,4,0.5
DMnL,1,0,1,1.0
DMnM,0,1,1,0.0
DMnN,4,1,5,0.8
DMnP,0,3,3,0.0
DMnS,2,1,3,0.67
DMnl,0,0,0,
DMnm,1,0,1,1.0
DMnn,0,1,1,0.0
DMns,0,2,2,0.0
DMsB,2,0,2,1.0
DMsH,1,1,2,0.5
DMsL,1,0,1,1.0
DMsM,0,0,0,
DMsN,2,2,4,0.5
DMsP,1,1,2,0.5
DMsS,1,1,2,0.5
DMsl,0,1,1,0.0
DMsn,0,3,3,0.0
DMss,1,0,1,1.0
DMtB,1,0,1,1.0
DMtM,0,0,0,
DMtm,0,1,1,0.0
DNBB,0,1,1,0.0
DNBM,1,0,1,1.0
DNBN,1,2,3,0.33
DNBP,2,2,4,0.5
DNBS,1,0,1,1.0
DNBb,0,1,1,0.0
DNBj,0,2,2,0.0
DNBn,0,1,1,0.0
DNBs,0,0,0,
DNDN,1,0,1,1.0
DNDS,0,1,1,0.0
DNDb,1,0,1,1.0
DNDl,1,0,1,1.0
DNDs,0,0,0,
DNHN,0,1,1,0.0
DNHb,0,1,1,0.0
DNHn,0,0,0,
DNHs,0,0,0,
DNKP,1,0,1,1.0
DNKS,0,1,1,0.0
DNKh,0,1,1,0.0
DNLM,0,1,1,0.0
DNLb,0,1,1,0.0
DNML,1,0,1,1.0
DNMM,2,0,2,1.0
DNMN,1,1,2,0.5
DNMP,1,1,2,0.5
DNMS,2,0,2,1.0
DNMb,0,2,2,0.0
DNMh,0,1,1,0.0
DNMm,1,0,1,1.0
DNMn,1,1,2,0.5
DNNB,0,1,1,0.0
DNNH,0,1,1,0.0
DNNL,1,1,2,0.5
DNNM,0,2,2,0.0
DNNP,2,0,2,1.0
DNNS,2,1,3,0.67
DNNb,1,0,1,1.0
DNNm,1,0,1,1.0
DNNn,2,2,4,0.5
DNNs,1,2,3,0.33
DNPB,0,1,1,0.0
DNPL,1,0,1,1.0
DNPM,1,3,4,0.25
DNPN,2,3,5,0.4
DNPP,2,1,3,0.67
DNPS,0,1,1,0.0
DNPb,3,1,4,0.75
DNPl,2,2,4,0.5
DNPm,2,0,2,1.0
DNPn,3,0,3,1.0
DNPs,2,1,3,0.67
DNPt,2,0,2,1.0
DNSD,1,0,1,1.0
DNSL,1,1,2,0.5
DNSM,0,1,1,0.0
DNSP,0,1,1,0.0
DNSS,0,1,1,0.0
DNSb,0,1,1,0.0
DNSh,3,0,3,1.0
DNSl,1,0,1,1.0
DNSm,0,2,2,0.0
DNSn,2,0,2,1.0
DNSs,0,0,0,
DNbB,0,2,2,0.0
DNbK,1,0,1,1.0
DNbL,1,0,1,1.0
DNbM,1,0,1,1.0
DNbN,0,0,0,
DNbP,0,3,3,0.0
DNbS,0,1,1,0.0
DNbb,0,1,1,0.0
DNbl,1,0,1,1.0
DNbm,1,0,1,1.0
DNbn,1,1,2,0.5
DNhM,0,1,1,0.0
DNhS,1,0,1,1.0
DNhn,0,1,1,0.0
DNlK,0,1,1,0.0
DNlN,0,1,1,0.0
DNlS,1,0,1,1.0
DNlb,0,2,2,0.0
DNll,1,1,2,0.5
DNln,1,2,3,0.33
DNls,1,0,1,1.0
DNmH,0,1,1,0.0
DNmL,0,1,1,0.0
DNmM,1,1,2,0.5
DNmN,1,1,2,0.5
DNmP,0,0,0,
DNmS,1,1,2,0.5
DNmm,1,1,2,0.5
DNmn,1,0,1,1.0
DNnH,2,1,3,0.67
DNnM,2,0,2,1.0
DNnN,0,2,2,0.0
DNnP,2,2,4,0.5
DNnS,1,0,1,1.0
DNnb,0,2,2,0.0
DNnm,1,1,2,0.5
DNnn,0,2,2,0.0
DNns,0,1,1,0.0
DNsH,1,0,1,1.0
DNsS,3,1,4,0.75
DNsl,1,1,2,0.5
DNsm,1,0,1,1.0
DNtH,1,0,1,1.0
DNtL,0,1,1,0.0
DNtP,0,1,1,0.0
DNtS,0,1,1,0.0
DNtb,1,0,1,1.0
DPBD,1,0,1,1.0
DPBM,1,1,2,0.5
DPBN,2,1,3,0.67
DPBP,0,3,3,0.0
DPBb,0,1,1,0.0
DPBj,0,1,1,0.0
DPBl,0,2,2,0.0
DPBm,0,1,1,0.0
DPBn,0,0,0,
DPDl,0,0,0,
DPHM,1,0,1,1.0
DPHS,0,1,1,0.0
DPHb,2,0,2,1.0
DPHm,1,0,1,1.0
DPKm,0,1,1,0.0
DPLB,1,0,1,1.0
DPLM,1,1,2,0.5
DPLN,0,1,1,0.0
DPLh,0,1,1,0.0
DPLm,1,1,2,0.5
DPLn,1,0,1,1.0
DPLs,1,1,2,0.5
DPLt,0,1,1,0.0
DPMB,1,1,2,0.5
DPML,1,1,2,0.5
DPMM,2,3,5,0.4
DPMN,0,0,0,
DPMP,1,5,6,0.17
DPMS,1,1,2,0.5
DPMb,4,0,4,1.0
DPMh,3,0,3,1.0
DPMj,0,1,1,0.0
DPMl,0,1,1,0.0
DPMm,1,2,3,0.33
DPMn,3,0,3,1.0
DPMs,0,0,0,
DPNB,3,1,4,0.75
DPNK,1,0,1,1.0
DPNM,2,0,2,1.0
DPNN,2,2,4,0.5
DPNP,2,1,3,0.67
DPNS,1,2,3,0.33
DPNb,1,2,3,0.33
DPNm,3,0,3,1.0
DPNn,1,2,3,0.33
DPNs,0,1,1,0.0
DPPB,3,0,3,1.0
DPPH,2,0,2,1.0
DPPK,1,0,1,1.0
DPPL,4,1,5,0.8
DPPM,3,3,6,0.5
DPPN,0,1,1,0.0
DPPP,3,2,5,0.6
DPPS,1,1,2,0.5
DPPb,2,3,5,0.4
DPPh,0,1,1,0.0
DPPl,3,2,5,0.6
DPPm,1,2,3,0.33
DPPn,1,2,3,0.33
DPPs,0,2,2,0.0
DPSB,1,2,3,0.33
DPSD,1,0,1,1.0
DPSH,0,1,1,0.0
DPSL,0,2,2,0.0
DPSM,2,0,2,1.0
DPSP,1,2,3,0.33
DPSS,1,2,3,0.33
DPSb,1,0,1,1.0
DPSh,0,1,1,0.0
DPSl,0,3,3,0.0
DPSm,0,1,1,0.0
DPSn,1,1,2,0.5
DPSs,0,3,3,0.0
DPbB,1,0,1,1.0
DPbH,0,1,1,0.0
DPbM,0,2,2,0.0
DPbN,1,0,1,1.0
DPbP,3,2,5,0.6
DPbS,0,2,2,0.0
DPbb,2,0,2,1.0
DPbm,2,1,3,0.67
DPbn,4,1,5,0.8
DPbs,0,1,1,0.0
DPhP,1,0,1,1.0
DPhb,0,1,1,0.0
DPlB,0,1,1,0.0
DPlL,1,0,1,1.0
DPlM,1,1,2,0.5
DPlN,0,1,1,0.0
DPlP,2,0,2,1.0
DPlS,1,0,1,1.0
DPlb,3,3,6,0.5
DPlm,1,0,1,1.0
DPmB,1,0,1,1.0
DPmH,1,0,1,1.0
DPmJ,0,1,1,0.0
DPmL,0,1,1,0.0
DPmM,2,1,3,0.67
DPmN,1,1,2,0.5
DPmP,2,2,4,0.5
DPmS,1,0,1,1.0
DPmb,0,2,2,0.0
DPmm,3,1,4,0.75
DPmn,1,0,1,1.0
DPms,1,0,1,1.0
DPnB,2,2,4,0.5
DPnD,0,1,1,0.0
DPnH,0,0,0,
DPnL,1,1,2,0.5
DPnM,2,0,2,1.0
DPnN,2,0,2,1.0
DPnP,3,3,6,0.5
DPnS,1,2,3,0.33
DPnb,0,2,2,0.0
DPnl,0,4,4,0.0
DPnm,1,2,3,0.33
DPnn,2,2,4,0.5
DPns,0,1,1,0.0
DPsB,1,0,1,1.0
DPsH,1,1,2,0.5
DPsI,0,1,1,0.0
DPsL,2,0,2,1.0
DPsM,2,1,3,0.67
DPsN,1,1,2,0.5
DPsP,0,1,1,0.0
DPsS,0,2,2,0.0
DPsl,1,0,1,1.0
DPsm,1,1,2,0.5
DPsn,0,1,1,0.0
DPss,1,1,2,0.5
DPtB,1,0,1,1.0
DPtS,0,1,1,0.0
DPtn,1,0,1,1.0
DSBB,2,0,2,1.0
DSBM,0,1,1,0.0
DSBN,0,0,0,
DSBl,0,0,0,
DSBn,1,1,2,0.5
DSBs,1,0,1,1.0
DSDB,1,0,1,1.0
DSDm,0,1,1,0.0
DSHM,1,0,1,1.0
DSHN,1,2,3,0.33
DSHS,1,0,1,1.0
DSKS,1,0,1,1.0
DSLM,0,0,0,
DSLN,0,0,0,
DSLn,0,0,0,
DSLs,1,0,1,1.0
DSML,3,0,3,1.0
DSMM,2,1,3,0.67
DSMN,1,1,2,0.5
DSMP,1,0,1,1.0
DSMS,0,0,0,
DSMb,0,2,2,0.0
DSMh,0,2,2,0.0
DSMl,0,2,2,0.0
DSMn,2,1,3,0.67
DSMs,2,0,2,1.0
DSNL,1,1,2,0.5
DSNM,2,0,2,1.0
DSNN,2,1,3,0.67
DSNP,2,0,2,1.0
DSNS,0,1,1,0.0
DSNm,1,0,1,1.0
DSNn,2,2,4,0.5
DSPB,0,1,1,0.0
DSPD,0,0,0,
DSPM,2,1,3,0.67
DSPN,1,1,2,0.5
DSPP,1,3,4,0.25
DSPS,0,1,1,0.0
DSPb,1,0,1,1.0
DSPm,2,0,2,1.0
DSPn,1,0,1,1.0
DSPs,3,1,4,0.75
DSPt,1,1,2,0.5
DSSB,0,2,2,0.0
DSSL,0,1,1,0.0
DSSM,2,1,3,0.67
DSSN,0,0,0,
DSSP,0,3,3,0.0
DSSS,0,1,1,0.0
DSSb,1,2,3,0.33
DSSh,0,1,1,0.0
DSSl,2,0,2,1.0
DSSm,1,2,3,0.33
DSSs,1,1,2,0.5
DSbJ,0,1,1,0.0
DSbN,1,0,1,1.0
DSbP,0,3,3,0.0
DSbb,2,0,2,1.0
DSbl,0,2,2,0.0
DSbm,1,1,2,0.5
DSbs,0,1,1,0.0
DShB,0,1,1,0.0
DShM,1,1,2,0.5
DShN,0,1,1,0.0
DShP,1,0,1,1.0
DShS,0,0,0,
DShb,0,1,1,0.0
DShh,0,1,1,0.0
DShm,1,0,1,1.0
DShn,0,0,0,
DShs,1,0,1,1.0
DSht,0,0,0,
DSlJ,0,1,1,0.0
DSlL,0,1,1,0.0
DSlS,0,1,1,0.0
DSll,0,1,1,0.0
DSln,0,2,2,0.0
DSls,0,2,2,0.0
DSmB,1,0,1,1.0
DSmL,0,1,1,0.0
DSmM,0,1,1,0.0
DSmN,1,1,2,0.5
DSmb,1,1,2,0.5
DSmm,0,0,0,
DSmn,2,0,2,1.0
DSms,0,2,2,0.0
DSnB,2,1,3,0.67
DSnH,1,1,2,0.5
DSnL,1,0,1,1.0
DSnM,1,2,3,0.33
DSnN,2,3,5,0.4
DSnP,2,1,3,0.67
DSnS,2,2,4,0.5
DSnb,2,0,2,1.0
DSnm,2,0,2,1.0
DSnn,1,1,2,0.5
DSsB,1,0,1,1.0
DSsI,0,0,0,
DSsM,2,1,3,0.67
DSsl,1,0,1,1.0
DStB,1,0,1,1.0
DStM,0,1,1,0.0
DStP,0,0,0,
DStS,1,0,1,1.0
DbBB,2,0,2,1.0
DbBM,0,1,1,0.0
DbBN,0,0,0,
DbBP,0,2,2,0.0
DbBb,1,1,2,0.5
DbBj,0,1,1,0.0
DbBm,1,0,1,1.0
DbBs,0,1,1,0.0
DbBt,0,1,1,0.0
DbDb,0,1,1,0.0
DbDs,0,1,1,0.0
DbHI,0,1,1,0.0
DbHM,1,0,1,1.0
DbHP,1,0,1,1.0
DbHm,0,1,1,0.0
DbID,0,1,1,0.0
DbIH,1,2,3,0.33
DbJB,0,1,1,0.0
DbJH,0,0,0,
DbJL,0,1,1,0.0
DbJM,0,0,0,
DbJP,0,2,2,0.0
DbJS,0,1,1,0.0
DbJm,0,2,2,0.0
DbKM,1,0,1,1.0
DbKh,0,1,1,0.0
DbLM,0,1,1,0.0
DbLP,0,1,1,0.0
DbLl,0,1,1,0.0
DbLn,1,0,1,1.0
DbMB,2,0,2,1.0
DbMD,1,0,1,1.0
DbML,0,1,1,0.0
DbMM,0,2,2,0.0
DbMP,0,0,0,
DbMS,3,1,4,0.75
DbMb,1,0,1,1.0
DbMh,2,1,3,0.67
DbMn,2,4,6,0.33
DbMs,0,1,1,0.0
DbNB,1,1,2,0.5
DbNM,1,1,2,0.5
DbNN,0,2,2,0.0
DbNS,1,0,1,1.0
DbNb,0,1,1,0.0
DbNl,1,0,1,1.0
DbNm,1,0,1,1.0
DbNn,2,0,2,1.0
DbNs,0,1,1,0.0
DbPB,1,1,2,0.5
DbPD,1,0,1,1.0
DbPH,0,1,1,0.0
DbPL,0,1,1,0.0
DbPM,1,2,3,0.33
DbPN,2,2,4,0.5
DbPP,2,3,5,0.4
DbPS,0,1,1,0.0
DbPb,0,3,3,0.0
DbPl,1,1,2,0.5
DbPm,1,1,2,0.5
DbPn,0,3,3,0.0
DbPs,0,1,1,0.0
DbSB,1,0,1,1.0
DbSL,0,1,1,0.0
DbSP,1,0,1,1.0
DbSS,1,1,2,0.5
DbSb,0,0,0,
DbSm,0,2,2,0.0
DbSs,1,0,1,1.0
DbbB,2,0,2,1.0
DbbH,1,0,1,1.0
DbbI,1,0,1,1.0
DbbL,0,1,1,0.0
DbbM,1,0,1,1.0
DbbN,1,0,1,1.0
DbbP,1,2,3,0.33
Dbbb,1,0,1,1.0
Dbbn,4,1,5,0.8
DblB,0,1,1,0.0
DblM,0,0,0,
DblN,0,1,1,0.0
DblP,1,1,2,0.5
DblS,1,0,1,1.0
Dbln,2,1,3,0.67
DbmB,1,0,1,1.0
DbmL,1,0,1,1.0
DbmM,0,1,1,0.0
DbmN,1,0,1,1.0
DbmP,2,0,2,1.0
Dbmb,1,1,2,0.5
Dbmm,0,1,1,0.0
Dbmn,0,1,1,0.0
DbnB,0,1,1,0.0
DbnH,0,1,1,0.0
DbnM,2,0,2,1.0
DbnN,4,0,4,1.0
DbnP,2,0,2,1.0
Dbnb,1,2,3,0.33
Dbnl,0,1,1,0.0
Dbnn,1,0,1,1.0
Dbns,1,0,1,1.0
DbsB,1,0,1,1.0
DbsH,0,1,1,0.0
DbsI,1,0,1,1.0
DbsM,0,1,1,0.0
DbsN,3,1,4,0.75
DbsP,0,1,1,0.0
DbsS,0,1,1,0.0
Dbsm,0,2,2,0.0
Dbsn,0,1,1,0.0
DhBm,0,1,1,0.0
DhPn,1,0,1,1.0
DhSS,0,1,1,0.0
Dhbb,1,0,1,1.0
DhnS,0,1,1,0.0
DlBL,0,0,0,
DlBM,0,0,0,
DlBS,0,3,3,0.0
DlBj,0,0,0,
DlBm,1,0,1,1.0
DlBn,0,1,1,0.0
DlBs,0,0,0,
DlDs,1,0,1,1.0
DlHM,0,1,1,0.0
DlHN,0,1,1,0.0
DlHP,2,1,3,0.67
DlHb,1,0,1,1.0
DlHl,0,1,1,0.0
DlHs,0,1,1,0.0
DlIN,0,0,0,
DlJB,0,2,2,0.0
DlJN,1,0,1,1.0
DlJP,1,0,1,1.0
DlJb,0,0,0,
DlJn,1,0,1,1.0
DlJs,1,0,1,1.0
DlLN,0,0,0,
DlLS,0,1,1,0.0
DlLh,0,1,1,0.0
DlLs,0,0,0,
DlMM,1,0,1,1.0
DlMN,1,0,1,1.0
DlMP,0,1,1,0.0
DlMS,1,0,1,1.0
DlMj,0,0,0,
DlMl,1,0,1,1.0
DlMm,1,0,1,1.0
DlMn,0,2,2,0.0
DlNK,0,1,1,0.0
DlNM,0,1,1,0.0
DlNP,2,3,5,0.4
DlNS,2,0,2,1.0
DlNb,0,3,3,0.0
DlNn,1,0,1,1.0
DlPB,1,1,2,0.5
DlPM,2,1,3,0.67
DlPP,0,1,1,0.0
DlPS,1,1,2,0.5
DlPb,1,0,1,1.0
DlPl,0,1,1,0.0
DlPn,1,0,1,1.0
DlSL,0,1,1,0.0
DlSP,0,2,2,0.0
DlSs,0,0,0,
DlbB,1,1,2,0.5
DlbI,0,0,0,
DlbJ,1,0,1,1.0
DlbL,1,0,1,1.0
DlbN,0,1,1,0.0
DlbP,2,0,2,1.0
DlbS,1,0,1,1.0
Dlbb,0,1,1,0.0
Dlbl,0,1,1,0.0
DllK,0,1,1,0.0
DllS,0,0,0,
Dllm,1,0,1,1.0
Dlls,0,1,1,0.0
DlmB,1,1,2,0.5
DlmH,0,0,0,
DlmL,1,0,1,1.0
DlmN,0,1,1,0.0
DlmS,1,0,1,1.0
Dlmm,0,1,1,0.0
Dlmn,1,0,1,1.0
Dlms,1,0,1,1.0
DlnN,2,0,2,1.0
DlnP,0,4,4,0.0
DlnS,1,1,2,0.5
Dlnm,0,1,1,0.0
DlsH,1,0,1,1.0
DlsL,1,0,1,1.0
DlsM,0,1,1,0.0
DlsN,0,1,1,0.0
DlsP,0,1,1,0.0
Dlsb,1,0,1,1.0
Dlsl,1,0,1,1.0
Dlss,1,0,1,1.0
DmBM,1,0,1,1.0
DmBN,1,1,2,0.5
DmBP,0,2,2,0.0
DmBS,0,3,3,0.0
DmBb,0,1,1,0.0
DmBj,0,0,0,
DmBl,0,1,1,0.0
DmBs,0,0,0,
DmDM,0,0,0,
DmHB,2,0,2,1.0
DmHD,0,0,0,
DmHM,0,1,1,0.0
DmHN,1,2,3,0.33
DmHP,0,1,1,0.0
DmHS,1,2,3,0.33
DmHb,2,1,3,0.67
DmHh,0,2,2,0.0
DmHl,0,0,0,
DmHn,0,1,1,0.0
DmJP,1,0,1,1.0
DmJS,0,1,1,0.0
DmJb,1,0,1,1.0
DmJm,1,0,1,1.0
DmLL,0,0,0,
DmLN,0,1,1,0.0
DmLS,0,1,1,0.0
DmLb,0,1,1,0.0
DmLh,1,0,1,1.0
DmLs,1,0,1,1.0
DmMM,2,1,3,0.67
DmMP,1,0,1,1.0
DmMb,1,1,2,0.5
DmMn,1,1,2,0.5
DmNB,2,0,2,1.0
DmNL,1,1,2,0.5
DmNM,0,1,1,0.0
DmNN,0,1,1,0.0
DmNP,2,1,3,0.67
DmNS,0,1,1,0.0
DmNl,1,0,1,1.0
DmNm,1,0,1,1.0
DmNn,1,4,5,0.2
DmNs,1,2,3,0.33
DmPB,2,0,2,1.0
DmPH,2,2,4,0.5
DmPI,0,1,1,0.0
DmPL,0,1,1,0.0
DmPM,0,1,1,0.0
DmPN,1,1,2,0.5
DmPP,1,6,7,0.14
DmPS,1,0,1,1.0
DmPb,0,1,1,0.0
DmPl,1,0,1,1.0
DmPn,1,1,2,0.5
DmPs,1,3,4,0.25
DmSB,1,0,1,1.0
DmSD,1,0,1,1.0
DmSK,1,0,1,1.0
DmSL,1,0,1,1.0
DmSN,0,2,2,0.0
DmSP,2,0,2,1.0
DmSS,1,0,1,1.0
DmSb,0,1,1,0.0
DmSh,1,0,1,1.0
DmSm,0,3,3,0.0
DmSs,1,0,1,1.0
DmbB,1,2,3,0.33
DmbJ,0,1,1,0.0
DmbL,0,1,1,0.0
DmbM,0,1,1,0.0
DmbN,2,2,4,0.5
DmbP,1,0,1,1.0
DmbS,3,1,4,0.75
Dmbb,2,0,2,1.0
Dmbm,0,1,1,0.0
Dmbn,0,1,1,0.0
DmlP,2,0,2,1.0
Dmlb,1,0,1,1.0
Dmln,0,1,1,0.0
DmmB,0,1,1,0.0
DmmH,1,0,1,1.0
DmmI,1,0,1,1.0
DmmM,4,0,4,1.0
DmmN,2,2,4,0.5
DmmP,1,1,2,0.5
DmmS,0,1,1,0.0
Dmmb,1,1,2,0.5
Dmmn,3,0,3,1.0
Dmms,1,0,1,1.0
DmnB,0,1,1,0.0
DmnD,0,0,0,
DmnH,0,1,1,0.0
DmnK,1,0,1,1.0
DmnL,0,2,2,0.0
DmnM,1,0,1,1.0
DmnN,1,2,3,0.33
DmnP,2,2,4,0.5
DmnS,2,0,2,1.0
Dmnb,1,1,2,0.5
Dmnl,0,0,0,
Dmnm,0,1,1,0.0
Dmnn,1,2,3,0.33
Dmns,2,0,2,1.0
DmsM,0,0,0,
DmsN,1,1,2,0.5
DmsS,1,0,1,1.0
Dmsb,1,0,1,1.0
Dmsm,1,1,2,0.5
Dmss,1,2,3,0.33
DnBM,0,1,1,0.0
DnBP,2,2,4,0.5
DnBS,0,1,1,0.0
DnBj,0,1,1,0.0
DnBl,0,2,2,0.0
DnBn,0,2,2,0.0
DnHB,0,1,1,0.0
DnHM,1,0,1,1.0
DnHN,2,1,3,0.67
DnHP,0,1,1,0.0
DnHS,0,0,0,
DnHb,1,1,2,0.5
DnHl,0,1,1,0.0
DnHm,1,0,1,1.0
DnHs,0,1,1,0.0
DnIB,0,1,1,0.0
DnIH,1,0,1,1.0
DnIN,1,0,1,1.0
DnIP,2,0,2,1.0
DnIS,0,1,1,0.0
DnIb,0,1,1,0.0
DnKP,0,1,1,0.0
DnLL,0,1,1,0.0
DnLN,0,1,1,0.0
DnLb,0,1,1,0.0
DnLm,0,2,2,0.0
DnLn,0,2,2,0.0
DnLs,0,1,1,0.0
DnMB,0,1,1,0.0
DnML,0,1,1,0.0
DnMM,2,2,4,0.5
DnMP,1,0,1,1.0
DnMS,0,1,1,0.0
DnMb,0,3,3,0.0
DnMh,1,0,1,1.0
DnMj,1,0,1,1.0
DnMl,3,0,3,1.0
DnMm,2,0,2,1.0
DnMn,2,3,5,0.4
DnMs,1,1,2,0.5
DnNB,0,2,2,0.0
DnNK,0,1,1,0.0
DnNL,2,0,2,1.0
DnNM,1,2,3,0.33
DnNN,2,2,4,0.5
DnNP,2,4,6,0.33
DnNS,2,1,3,0.67
DnNb,1,3,4,0.25
DnNh,1,0,1,1.0
DnNl,3,0,3,1.0
DnNm,1,1,2,0.5
DnNn,1,2,3,0.33
DnNs,1,2,3,0.33
DnPB,1,0,1,1.0
DnPH,1,1,2,0.5
DnPM,1,2,3,0.33
DnPN,0,1,1,0.0
DnPP,0,3,3,0.0
DnPS,4,0,4,1.0
DnPb,1,1,2,0.5
DnPl,1,3,4,0.25
DnPm,1,2,3,0.33
DnPn,3,0,3,1.0
DnPs,0,0,0,
DnSB,0,1,1,0.0
DnSL,0,1,1,0.0
DnSN,0,1,1,0.0
DnSP,1,2,3,0.33
DnSS,1,0,1,1.0
DnSb,0,0,0,
DnSh,1,1,2,0.5
DnSm,1,0,1,1.0
DnSn,1,0,1,1.0
DnSs,0,0,0,
DnbB,1,0,1,1.0
DnbH,0,0,0,
DnbM,1,1,2,0.5
DnbN,2,0,2,1.0
Dnbb,2,0,2,1.0
Dnbl,2,0,2,1.0
Dnbm,2,1,3,0.67
Dnbn,0,2,2,0.0
Dnbs,1,1,2,0.5
DnlL,0,1,1,0.0
DnlM,1,0,1,1.0
DnlN,1,3,4,0.25
DnlP,0,2,2,0.0
DnlS,0,0,0,
Dnlm,1,0,1,1.0
Dnls,0,1,1,0.0
DnmD,1,0,1,1.0
DnmH,1,0,1,1.0
DnmL,1,0,1,1.0
DnmM,0,2,2,0.0
DnmN,1,0,1,1.0
DnmP,3,1,4,0.75
DnmS,1,0,1,1.0
Dnmb,1,1,2,0.5
Dnmm,0,2,2,0.0
Dnmn,0,0,0,
Dnms,0,0,0,
DnnD,0,1,1,0.0
DnnL,0,1,1,0.0
DnnM,1,1,2,0.5
DnnN,1,2,3,0.33
DnnP,0,4,4,0.0
DnnS,1,1,2,0.5
Dnnb,1,0,1,1.0
Dnnl,1,0,1,1.0
Dnnm,1,0,1,1.0
Dnnn,1,3,4,0.25
Dnns,1,3,4,0.25
DnsH,0,1,1,0.0
DnsN,0,1,1,0.0
Dnsb,0,0,0,
Dnsm,1,0,1,1.0
Dnsn,1,1,2,0.5
Dnss,0,2,2,0.0
DsBL,1,0,1,1.0
DsBM,1,1,2,0.5
DsBN,1,1,2,0.5
DsBS,1,1,2,0.5
DsBb,0,2,2,0.0
DsBn,1,0,1,1.0
DsBt,0,0,0,
DsDS,0,1,1,0.0
DsHL,2,0,2,1.0
DsHN,2,1,3,0.67
DsHP,0,1,1,0.0
DsHb,1,0,1,1.0
DsHm,1,0,1,1.0
DsHn,1,1,2,0.5
DsHs,2,1,3,0.67
DsIH,1,0,1,1.0
DsIL,0,1,1,0.0
DsIn,1,0,1,1.0
DsLb,0,0,0,
DsLm,0,1,1,0.0
DsLn,0,1,1,0.0
DsLs,1,1,2,0.5
DsMB,1,0,1,1.0
DsMM,1,0,1,1.0
DsMN,1,0,1,1.0
DsMP,2,0,2,1.0
DsMS,0,1,1,0.0
DsMb,0,0,0,
DsMh,0,1,1,0.0
DsMm,4,1,5,0.8
DsMn,0,1,1,0.0
DsMs,0,0,0,
DsNB,0,0,0,
DsNM,0,3,3,0.0
DsNN,2,1,3,0.67
DsNP,2,0,2,1.0
DsNS,0,1,1,0.0
DsNh,1,0,1,1.0
DsNm,0,1,1,0.0
DsNn,0,1,1,0.0
DsNs,3,1,4,0.75
DsNt,0,1,1,0.0
DsPB,0,2,2,0.0
DsPM,3,0,3,1.0
DsPN,2,0,2,1.0
DsPP,3,3,6,0.5
DsPS,0,2,2,0.0
DsPb,0,0,0,
DsPm,0,1,1,0.0
DsPs,2,0,2,1.0
DsSB,1,2,3,0.33
DsSH,1,1,2,0.5
DsSN,1,1,2,0.5
DsSP,1,1,2,0.5
DsSS,0,1,1,0.0
DsSh,1,0,1,1.0
DsSl,1,0,1,1.0
DsSm,1,0,1,1.0
DsSs,1,0,1,1.0
DsSt,0,0,0,
DsbB,2,1,3,0.67
DsbL,1,0,1,1.0
DsbN,1,3,4,0.25
DsbP,1,0,1,1.0
DsbS,0,1,1,0.0
Dsbn,1,1,2,0.5
Dsbs,1,0,1,1.0
Dshs,1,0,1,1.0
DslB,1,0,1,1.0
DslI,1,1,2,0.5
DslN,1,1,2,0.5
DslP,0,1,1,0.0
Dslb,1,1,2,0.5
Dsll,0,1,1,0.0
Dslm,1,0,1,1.0
Dsln,0,1,1,0.0
Dsls,0,2,2,0.0
DsmB,1,0,1,1.0
DsmL,0,2,2,0.0
DsmM,1,1,2,0.5
DsmN,0,1,1,0.0
DsmP,0,1,1,0.0
DsmS,0,1,1,0.0
Dsmb,2,0,2,1.0
Dsmm,2,0,2,1.0
Dsmn,1,0,1,1.0
DsnI,0,1,1,0.0
DsnM,1,0,1,1.0
DsnN,1,1,2,0.5
DsnP,1,0,1,1.0
Dsnb,0,1,1,0.0
Dsnm,1,0,1,1.0
Dsnn,3,0,3,1.0
Dsns,0,1,1,0.0
DssD,0,2,2,0.0
DssH,2,1,3,0.67
DssM,0,1,1,0.0
DssN,2,0,2,1.0
DssP,1,1,2,0.5
DssS,0,1,1,0.0
Dssm,1,1,2,0.5
Dssn,1,0,1,1.0
DtDM,1,0,1,1.0
DtHB,1,0,1,1.0
DtHs,0,1,1,0.0
DtMS,1,0,1,1.0
DtNN,1,0,1,1.0
DtNP,1,0,1,1.0
DtNb,0,1,1,0.0
DtPM,2,0,2,1.0
DtPP,0,0,0,
DtPb,0,0,0,
DtSM,1,0,1,1.0
DtbN,0,1,1,0.0
DtbP,1,0,1,1.0
Dtbb,1,1,2,0.5
DtmM,2,1,3,0.67
Dtms,1,0,1,1.0
DtnN,0,1,1,0.0
Dtnb,0,0,0,
Dtns,1,1,2,0.5
Dtsm,1,0,1,1.0
Dtsn,0,2,2,0.0
Dtss,1,1,2,0.5
HBBB,2,0,2,1.0
HBBD,1,0,1,1.0
HBBM,3,2,5,0.6
HBBN,3,4,7,0.43
HBBP,4,3,7,0.57
HBBS,2,0,2,1.0
HBBb,3,7,10,0.3
HBBj,1,1,2,0.5
HBBl,0,1,1,0.0
HBBm,1,1,2,0.5
HBBn,5,3,8,0.62
HBBs,2,0,2,1.0
HBBt,0,1,1,0.0
HBDN,0,2,2,0.0
HBDP,0,1,1,0.0
HBDn,1,0,1,1.0
HBKB,0,1,1,0.0
HBKM,0,1,1,0.0
HBKb,0,1,1,0.0
HBKh,1,0,1,1.0
HBKn,0,0,0,
HBKs,0,1,1,0.0
HBLB,0,1,1,0.0
HBLD,0,1,1,0.0
HBLK,1,0,1,1.0
HBLM,2,2,4,0.5
HBLN,0,1,1,0.0
HBLP,2,0,2,1.0
HBLS,0,0,0,
HBLb,2,0,2,1.0
HBLh,1,0,1,1.0
HBLj,1,1,2,0.5
HBLl,1,2,3,0.33
HBLm,2,0,2,1.0
HBLn,5,2,7,0.71
HBLs,1,1,2,0.5
HBLt,1,0,1,1.0
HBMB,2,2,4,0.5
HBMD,0,2,2,0.0
HBMM,1,4,5,0.2
HBMN,3,3,6,0.5
HBMP,4,2,6,0.67
HBMS,2,1,3,0.67
HBMb,4,5,9,0.44
HBMh,4,5,9,0.44
HBMj,1,0,1,1.0
HBMl,0,1,1,0.0
HBMm,4,1,5,0.8
HBMn,5,4,9,0.56
HBMs,1,3,4,0.25
HBMt,0,1,1,0.0
HBNB,1,1,2,0.5
HBNH,0,1,1,0.0
HBNL,3,2,5,0.6
HBNM,1,2,3,0.33
HBNN,0,8,8,0.0
HBNP,7,2,9,0.78
HBNS,1,2,3,0.33
HBNb,3,2,5,0.6
HBNh,0,0,0,
HBNl,2,2,4,0.5
HBNm,4,0,4,1.0
HBNn,2,4,6,0.33
HBNs,2,4,6,0.33
HBNt,3,1,4,0.75
HBPB,3,3,6,0.5
HBPH,2,0,2,1.0
HBPL,0,3,3,0.0
HBPM,1,7,8,0.12
HBPN,0,4,4,0.0
HBPP,7,5,12,0.58
HBPS,2,1,3,0.67
HBPb,5,3,8,0.62
HBPh,0,1,1,0.0
HBPl,1,0,1,1.0
HBPm,8,5,13,0.62
HBPn,4,4,8,0.5
HBPs,0,1,1,0.0
HBPt,0,1,1,0.0
HBSB,1,1,2,0.5
HBSM,2,5,7,0.29
HBSN,3,0,3,1.0
HBSP,3,2,5,0.6
HBSS,2,1,3,0.67
HBSb,0,3,3,0.0
HBSh,1,1,2,0.5
HBSl,0,1,1,0.0
HBSm,3,1,4,0.75
HBSn,0,3,3,0.0
HBSs,0,1,1,0.0
HBSt,1,0,1,1.0
HBbB,1,4,5,0.2
HBbH,2,2,4,0.5
HBbJ,0,1,1,0.0
HBbK,0,1,1,0.0
HBbL,3,4,7,0.43
HBbM,3,3,6,0.5
HBbN,1,6,7,0.14
HBbP,3,2,5,0.6
HBbS,3,2,5,0.6
HBbb,3,3,6,0.5
HBbl,4,2,6,0.67
HBbm,1,4,5,0.2
HBbn,2,3,5,0.4
HBbs,0,2,2,0.0
HBhB,0,1,1,0.0
HBhM,0,1,1,0.0
HBhN,0,1,1,0.0
HBhS,1,0,1,1.0
HBhb,1,0,1,1.0
HBhl,0,2,2,0.0
HBhn,4,0,4,1.0
HBhs,0,1,1,0.0
HBjB,4,0,4,1.0
HBjL,0,1,1,0.0
HBjM,0,2,2,0.0
HBjN,0,1,1,0.0
HBjP,2,2,4,0.5
HBjS,1,0,1,1.0
HBjb,1,2,3,0.33
HBjl,0,1,1,0.0
HBjm,1,1,2,0.5
HBjn,2,0,2,1.0
HBlB,2,0,2,1.0
HBlH,2,2,4,0.5
HBlL,1,0,1,1.0
HBlM,1,5,6,0.17
HBlN,0,1,1,0.0
HBlP,3,1,4,0.75
HBlS,1,1,2,0.5
HBlb,5,0,5,1.0
HBll,0,1,1,0.0
HBlm,1,2,3,0.33
HBln,1,1,2,0.5
HBls,1,1,2,0.5
HBmB,2,0,2,1.0
HBmH,2,2,4,0.5
HBmI,1,0,1,1.0
HBmJ,1,0,1,1.0
HBmL,1,1,2,0.5
HBmM,1,4,5,0.2
HBmN,5,2,7,0.71
HBmP,3,5,8,0.38
HBmS,0,2,2,0.0
HBmb,0,7,7,0.0
HBml,2,0,2,1.0
HBmm,4,4,8,0.5
HBmn,6,2,8,0.75
HBms,2,1,3,0.67
HBnB,0,2,2,0.0
HBnD,1,0,1,1.0
HBnH,3,3,6,0.5
HBnL,1,0,1,1.0
HBnM,7,6,13,0.54
HBnN,1,0,1,1.0
HBnP,5,11,16,0.31
HBnS,5,3,8,0.62
HBnb,6,4,10,0.6
HBnh,0,1,1,0.0
HBnl,2,0,2,1.0
HBnm,9,2,11,0.82
HBnn,6,4,10,0.6
HBns,2,2,4,0.5
HBsB,0,4,4,0.0
HBsH,3,1,4,0.75
HBsI,0,1,1,0.0
HBsL,0,2,2,0.0
HBsM,1,1,2,0.5
HBsN,2,2,4,0.5
HBsP,4,0,4,1.0
HBsS,1,4,5,0.2
HBsb,2,0,2,1.0
HBsh,0,1,1,0.0
HBsl,1,1,2,0.5
HBsm,0,2,2,0.0
HBsn,0,2,2,0.0
HBss,2,1,3,0.67
HBtL,1,0,1,1.0
HBtM,0,1,1,0.0
HBtN,0,1,1,0.0
HBtP,1,1,2,0.5
HBtS,2,2,4,0.5
HBtl,1,0,1,1.0
HBtm,1,0,1,1.0
HBtn,1,1,2,0.5
HBtt,0,0,0,
HDBB,0,1,1,0.0
HDBP,1,0,1,1.0
HDBS,0,1,1,0.0
HDBn,1,0,1,1.0
HDDM,0,1,1,0.0
HDDs,1,0,1,1.0
HDHH,0,1,1,0.0
HDHK,0,1,1,0.0
HDHL,0,1,1,0.0
HDHM,0,2,2,0.0
HDHN,0,0,0,
HDHP,1,0,1,1.0
HDHh,0,1,1,0.0
HDHm,1,2,3,0.33
HDHs,1,0,1,1.0
HDHt,0,1,1,0.0
HDIM,1,0,1,1.0
HDLP,0,1,1,0.0
HDMM,0,1,1,0.0
HDMN,0,1,1,0.0
HDMP,2,0,2,1.0
HDMh,2,0,2,1.0
HDMm,1,0,1,1.0
HDMs,1,0,1,1.0
HDMt,0,1,1,0.0
HDNK,1,0,1,1.0
HDNN,2,0,2,1.0
HDNS,0,1,1,0.0
HDNl,0,1,1,0.0
HDNt,0,1,1,0.0
HDPL,0,1,1,0.0
HDPM,1,0,1,1.0
HDPP,1,1,2,0.5
HDPS,2,0,2,1.0
HDPb,1,0,1,1.0
HDPm,0,1,1,0.0
HDPn,0,1,1,0.0
HDPs,1,0,1,1.0
HDSH,1,0,1,1.0
HDSM,1,0,1,1.0
HDSN,0,1,1,0.0
HDSP,1,0,1,1.0
HDSb,0,2,2,0.0
HDSh,0,1,1,0.0
HDSm,1,0,1,1.0
HDSn,2,0,2,1.0
HDSt,0,0,0,
HDbB,0,1,1,0.0
HDbM,1,0,1,1.0
HDbN,1,0,1,1.0
HDbP,0,3,3,0.0
HDbS,1,0,1,1.0
HDbn,0,1,1,0.0
HDbs,2,0,2,1.0
HDlN,1,1,2,0.5
HDlP,0,1,1,0.0
HDlb,3,0,3,1.0
HDmH,1,0,1,1.0
HDmP,0,1,1,0.0
HDmm,1,1,2,0.5
HDmn,0,0,0,
HDms,0,1,1,0.0
HDnH,1,0,1,1.0
HDnM,0,1,1,0.0
HDnN,2,0,2,1.0
HDnP,1,2,3,0.33
HDnS,0,0,0,
HDnb,0,1,1,0.0
HDnl,1,0,1,1.0
HDnm,0,1,1,0.0
HDnn,0,0,0,
HDsD,1,0,1,1.0
HDsH,1,0,1,1.0
HDsL,0,1,1,0.0
HDsM,1,0,1,1.0
HDsN,1,1,2,0.5
HDsP,0,1,1,0.0
HDsb,1,0,1,1.0
HDsl,0,2,2,0.0
HDsm,0,2,2,0.0
HDsn,1,0,1,1.0
HDss,0,0,0,
HDtP,1,0,1,1.0
HDts,0,1,1,0.0
HHBB,1,0,1,1.0
HHBL,0,1,1,0.0
HHBN,1,1,2,0.5
HHBP,0,1,1,0.0
HHBS,0,1,1,0.0
HHBm,0,1,1,0.0
HHBn,1,0,1,1.0
HHDD,1,0,1,1.0
HHDb,1,0,1,1.0
HHDm,0,1,1,0.0
HHDs,0,0,0,
HHDt,0,1,1,0.0
HHHL,0,1,1,0.0
HHHP,0,2,2,0.0
HHHS,1,0,1,1.0
HHHl,1,0,1,1.0
HHHm,1,0,1,1.0
HHHs,1,0,1,1.0
HHIP,1,0,1,1.0
HHKL,1,0,1,1.0
HHKN,1,0,1,1.0
HHKh,1,0,1,1.0
HHKn,1,0,1,1.0
HHLK,1,0,1,1.0
HHLM,2,0,2,1.0
HHLP,2,0,2,1.0
HHLn,1,0,1,1.0
HHMB,1,1,2,0.5
HHMD,1,0,1,1.0
HHMM,1,2,3,0.33
HHMN,1,1,2,0.5
HHMP,1,1,2,0.5
HHMS,0,2,2,0.0
HHMb,0,2,2,0.0
HHMl,1,0,1,1.0
HHMm,0,0,0,
HHMn,2,0,2,1.0
HHMs,0,1,1,0.0
HHMt,1,0,1,1.0
HHNH,1,0,1,1.0
HHNL,1,0,1,1.0
HHNM,1,2,3,0.33
HHNP,3,2,5,0.6
HHNS,0,0,0,
HHNb,1,1,2,0.5
HHNl,1,1,2,0.5
HHNm,0,1,1,0.0
HHNn,1,1,2,0.5
HHPB,1,0,1,1.0
HHPK,1,0,1,1.0
HHPL,0,3,3,0.0
HHPM,2,1,3,0.67
HHPN,0,1,1,0.0
HHPP,1,3,4,0.25
HHPS,1,0,1,1.0
HHPb,2,1,3,0.67
HHPl,2,2,4,0.5
HHPn,1,2,3,0.33
HHPs,1,1,2,0.5
HHPt,1,0,1,1.0
HHSH,1,0,1,1.0
HHSL,0,0,0,
HHSM,0,2,2,0.0
HHSP,0,1,1,0.0
HHSS,3,0,3,1.0
HHSb,1,1,2,0.5
HHSh,0,1,1,0.0
HHSl,0,1,1,0.0
HHSm,0,2,2,0.0
HHSn,2,3,5,0.4
HHSt,0,1,1,0.0
HHbB,3,0,3,1.0
HHbH,0,1,1,0.0
HHbJ,0,0,0,
HHbM,0,2,2,0.0
HHbN,2,0,2,1.0
HHbS,0,3,3,0.0
HHbb,1,0,1,1.0
HHbs,0,1,1,0.0
HHhS,1,0,1,1.0
HHhm,1,0,1,1.0
HHhs,0,1,1,0.0
HHlH,0,1,1,0.0
HHlL,1,1,2,0.5
HHlM,1,0,1,1.0
HHlN,1,0,1,1.0
HHlP,1,1,2,0.5
HHlS,1,1,2,0.5
HHls,1,0,1,1.0
HHmB,1,1,2,0.5
HHmH,2,1,3,0.67
HHmJ,0,1,1,0.0
HHmL,1,0,1,1.0
HHmM,0,2,2,0.0
HHmN,1,0,1,1.0
HHmP,1,2,3,0.33
HHmb,0,1,1,0.0
HHmm,1,0,1,1.0
HHms,1,1,2,0.5
HHnB,1,0,1,1.0
HHnH,1,1,2,0.5
HHnI,1,0,1,1.0
HHnL,0,1,1,0.0
HHnM,1,3,4,0.25
HHnP,1,2,3,0.33
HHnS,0,1,1,0.0
HHnb,1,0,1,1.0
HHnl,0,3,3,0.0
HHnm,0,1,1,0.0
HHnn,1,1,2,0.5
HHns,1,1,2,0.5
HHsD,1,1,2,0.5
HHsH,0,2,2,0.0
HHsI,1,0,1,1.0
HHsK,1,0,1,1.0
HHsL,1,0,1,1.0
HHsM,1,1,2,0.5
HHsN,1,1,2,0.5
HHsP,1,4,5,0.2
HHsS,1,1,2,0.5
HHsb,0,2,2,0.0
HHsl,1,0,1,1.0
HHsm,0,0,0,
HHsn,0,1,1,0.0
HHss,0,1,1,0.0
HHtP,0,0,0,
HIBB,1,2,3,0.33
HIBN,1,0,1,1.0
HIBP,0,1,1,0.0
HIBS,0,1,1,0.0
HIBl,1,0,1,1.0
HIBn,1,0,1,1.0
HIDn,0,0,0,
HIHB,1,0,1,1.0
HIHM,1,1,2,0.5
HIHN,1,0,1,1.0
HIHP,0,1,1,0.0
HIHb,0,1,1,0.0
HIHm,0,1,1,0.0
HIHn,1,0,1,1.0
HIHt,1,0,1,1.0
HIIb,1,0,1,1.0
HILP,1,0,1,1.0
HILb,1,0,1,1.0
HILl,1,0,1,1.0
HILn,1,1,2,0.5
HIMB,0,0,0,
HIML,0,0,0,
HIMM,1,0,1,1.0
HIMP,0,1,1,0.0
HIMS,0,2,2,0.0
HIMh,0,1,1,0.0
HIMm,1,0,1,1.0
HIMn,2,1,3,0.67
HINB,2,0,2,1.0
HINL,0,1,1,0.0
HINM,0,0,0,
HINN,0,1,1,0.0
HINP,0,0,0,
HINb,0,1,1,0.0
HINm,0,1,1,0.0
HINn,3,0,3,1.0
HIPH,0,1,1,0.0
HIPL,1,0,1,1.0
HIPM,2,0,2,1.0
HIPN,0,3,3,0.0
HIPS,1,0,1,1.0
HIPl,0,1,1,0.0
HIPm,1,1,2,0.5
HIPn,1,1,2,0.5
HIPs,1,0,1,1.0
HISM,0,1,1,0.0
HISN,1,0,1,1.0
HISb,0,0,0,
HISh,0,1,1,0.0
HISs,0,1,1,0.0
HIbD,0,0,0,
HIbH,1,0,1,1.0
HIbJ,1,0,1,1.0
HIbL,1,0,1,1.0
HIbN,0,0,0,
HIbP,0,1,1,0.0
HIbS,0,1,1,0.0
HIbb,0,1,1,0.0
HIbn,0,0,0,
HIlM,0,1,1,0.0
HIlP,1,0,1,1.0
HImB,0,0,0,
HImN,0,1,1,0.0
HImS,0,1,1,0.0
HImm,0,1,1,0.0
HImn,1,1,2,0.5
HIms,1,1,2,0.5
HInD,1,0,1,1.0
HInM,0,1,1,0.0
HInP,0,2,2,0.0
HInb,1,1,2,0.5
HInn,1,0,1,1.0
HIsD,0,1,1,0.0
HIsH,1,0,1,1.0
HIsM,2,0,2,1.0
HIsP,0,1,1,0.0
HIsb,0,1,1,0.0
HIsm,0,1,1,0.0
HKBP,1,0,1,1.0
HKBS,0,1,1,0.0
HKBb,1,1,2,0.5
HKBn,1,0,1,1.0
HKDN,0,1,1,0.0
HKLM,1,0,1,1.0
HKLN,0,1,1,0.0
HKLl,0,1,1,0.0
HKLn,1,1,2,0.5
HKMB,1,1,2,0.5
HKMN,3,0,3,1.0
HKMP,1,0,1,1.0
HKMb,1,0,1,1.0
HKMm,0,0,0,
HKNB,1,0,1,1.0
HKNL,1,0,1,1.0
HKNS,2,0,2,1.0
HKNh,0,1,1,0.0
HKNn,1,2,3,0.33
HKNs,1,0,1,1.0
HKPB,0,1,1,0.0
HKPM,0,1,1,0.0
HKPP,1,1,2,0.5
HKPS,0,0,0,
HKPb,1,0,1,1.0
HKPm,0,1,1,0.0
HKPn,0,1,1,0.0
HKPs,1,0,1,1.0
HKSH,0,1,1,0.0
HKSN,0,1,1,0.0
HKSP,1,0,1,1.0
HKSb,1,0,1,1.0
HKSm,1,0,1,1.0
HKSs,1,0,1,1.0
HKbB,1,0,1,1.0
HKbL,0,1,1,0.0
HKbM,0,2,2,0.0
HKbN,0,1,1,0.0
HKbP,1,0,1,1.0
HKbS,0,1,1,0.0
HKbl,0,1,1,0.0
HKbs,1,0,1,1.0
HKhM,1,0,1,1.0
HKhP,0,1,1,0.0
HKhS,1,0,1,1.0
HKhb,4,0,4,1.0
HKhh,0,1,1,0.0
HKhm,1,0,1,1.0
HKhn,0,1,1,0.0
HKlS,0,1,1,0.0
HKmH,1,0,1,1.0
HKmM,1,0,1,1.0
HKmN,0,1,1,0.0
HKmP,0,1,1,0.0
HKmb,1,0,1,1.0
HKml,1,0,1,1.0
HKmm,0,0,0,
HKnB,1,0,1,1.0
HKnH,1,1,2,0.5
HKnI,0,1,1,0.0
HKnN,1,1,2,0.5
HKnS,0,2,2,0.0
HKnl,0,1,1,0.0
HKns,0,1,1,0.0
HKsB,0,1,1,0.0
HKsK,1,0,1,1.0
HKsM,1,0,1,1.0
HKsN,0,1,1,0.0
HKsS,0,0,0,
HKsm,1,0,1,1.0
HKsn,1,0,1,1.0
HKss,0,1,1,0.0
HLBB,0,1,1,0.0
HLBK,1,0,1,1.0
HLBL,2,0,2,1.0
HLBM,4,0,4,1.0
HLBN,3,0,3,1.0
HLBP,1,1,2,0.5
HLBS,1,0,1,1.0
HLBb,3,0,3,1.0
HLBh,0,1,1,0.0
HLBl,2,1,3,0.67
HLBm,1,1,2,0.5
HLBn,0,0,0,
HLBt,1,0,1,1.0
HLDN,0,1,1,0.0
HLDl,1,0,1,1.0
HLKL,1,0,1,1.0
HLKM,0,0,0,
HLKb,0,2,2,0.0
HLKs,0,0,0,
HLLB,1,0,1,1.0
HLLN,0,0,0,
HLLP,1,0,1,1.0
HLLb,0,0,0,
HLLm,1,2,3,0.33
HLLn,2,0,2,1.0
HLLs,1,1,2,0.5
HLMB,5,2,7,0.71
HLML,0,1,1,0.0
HLMM,3,1,4,0.75
HLMN,3,2,5,0.6
HLMP,1,2,3,0.33
HLMS,0,1,1,0.0
HLMb,5,4,9,0.56
HLMh,3,2,5,0.6
HLMj,2,1,3,0.67
HLMn,3,1,4,0.75
HLMs,2,1,3,0.67
HLMt,0,1,1,0.0
HLNB,2,1,3,0.67
HLNL,0,0,0,
HLNM,2,2,4,0.5
HLNN,2,0,2,1.0
HLNP,3,3,6,0.5
HLNS,1,0,1,1.0
HLNb,2,0,2,1.0
HLNh,2,2,4,0.5
HLNm,2,2,4,0.5
HLNn,5,3,8,0.62
HLNs,1,0,1,1.0
HLPB,1,0,1,1.0
HLPD,1,0,1,1.0
HLPL,1,3,4,0.25
HLPM,1,1,2,0.5
HLPN,2,2,4,0.5
HLPP,4,5,9,0.44
HLPS,0,3,3,0.0
HLPb,2,0,2,1.0
HLPl,0,2,2,0.0
HLPm,1,1,2,0.5
HLPn,0,6,6,0.0
HLPs,2,0,2,1.0
HLPt,0,2,2,0.0
HLSB,1,0,1,1.0
HLSH,0,1,1,0.0
HLSM,0,3,3,0.0
HLSP,0,1,1,0.0
HLSS,2,1,3,0.67
HLSb,2,1,3,0.67
HLSh,1,2,3,0.33
HLSl,2,1,3,0.67
HLSn,6,0,6,1.0
HLSs,1,5,6,0.17
HLSt,1,0,1,1.0
HLbB,4,2,6,0.67
HLbD,0,1,1,0.0
HLbH,0,2,2,0.0
HLbJ,0,0,0,
HLbL,1,0,1,1.0
HLbM,3,2,5,0.6
HLbN,3,4,7,0.43
HLbP,0,2,2,0.0
HLbb,2,1,3,0.67
HLbl,2,1,3,0.67
HLbm,0,2,2,0.0
HLbn,5,1,6,0.83
HLbs,0,1,1,0.0
HLhK,1,0,1,1.0
HLhN,2,0,2,1.0
HLhP,1,0,1,1.0
HLhS,1,0,1,1.0
HLhb,1,2,3,0.33
HLhn,0,2,2,0.0
HLhs,1,0,1,1.0
HLjH,1,0,1,1.0
HLjL,0,1,1,0.0
HLjM,0,1,1,0.0
HLjN,0,1,1,0.0
HLjP,1,3,4,0.25
HLjb,2,0,2,1.0
HLjl,3,0,3,1.0
HLjm,1,0,1,1.0
HLjs,0,1,1,0.0
HLlB,1,0,1,1.0
HLlH,1,0,1,1.0
HLlL,0,0,0,
HLlM,0,2,2,0.0
HLlN,3,2,5,0.6
HLlP,1,3,4,0.25
HLlS,0,2,2,0.0
HLlb,1,3,4,0.25
HLlm,1,0,1,1.0
HLls,0,0,0,
HLmB,1,1,2,0.5
HLmH,1,2,3,0.33
HLmI,0,1,1,0.0
HLmL,2,0,2,1.0
HLmM,3,0,3,1.0
HLmN,0,1,1,0.0
HLmP,5,3,8,0.62
HLmS,0,2,2,0.0
HLmb,2,1,3,0.67
HLml,0,1,1,0.0
HLmm,5,1,6,0.83
HLmn,1,0,1,1.0
HLms,0,0,0,
HLnB,2,1,3,0.67
HLnH,3,3,6,0.5
HLnL,0,1,1,0.0
HLnM,1,2,3,0.33
HLnN,4,5,9,0.44
HLnP,6,3,9,0.67
HLnS,1,1,2,0.5
HLnb,4,2,6,0.67
HLnl,2,0,2,1.0
HLnm,2,4,6,0.33
HLnn,4,2,6,0.67
HLns,0,2,2,0.0
HLsB,0,1,1,0.0
HLsD,1,1,2,0.5
HLsH,1,1,2,0.5
HLsM,2,2,4,0.5
HLsN,1,1,2,0.5
HLsP,5,0,5,1.0
HLsS,2,1,3,0.67
HLsb,0,1,1,0.0
HLsl,3,0,3,1.0
HLsm,0,0,0,
HLsn,2,1,3,0.67
HLss,0,1,1,0.0
HLtM,0,1,1,0.0
HLtP,0,0,0,
HLtb,0,1,1,0.0
HLtm,0,1,1,0.0
HLtt,1,0,1,1.0
HMBB,4,4,8,0.5
HMBL,0,1,1,0.0
HMBM,1,4,5,0.2
HMBN,2,3,5,0.4
HMBP,9,6,15,0.6
HMBS,5,3,8,0.62
HMBb,3,4,7,0.43
HMBh,0,1,1,0.0
HMBj,0,2,2,0.0
HMBl,0,2,2,0.0
HMBm,2,3,5,0.4
HMBn,3,8,11,0.27
HMBs,2,2,4,0.5
HMBt,1,0,1,1.0
HMDH,1,1,2,0.5
HMDM,0,2,2,0.0
HMDN,1,0,1,1.0
HMDl,1,0,1,1.0
HMDm,0,3,3,0.0
HMDn,0,1,1,0.0
HMKM,0,1,1,0.0
HMKN,0,1,1,0.0
HMLB,1,2,3,0.33
HMLD,1,0,1,1.0
HMLL,2,0,2,1.0
HMLM,1,3,4,0.25
HMLN,3,1,4,0.75
HMLP,1,1,2,0.5
HMLS,0,2,2,0.0
HMLb,1,1,2,0.5
HMLm,3,2,5,0.6
HMLn,4,6,10,0.4
HMLs,1,2,3,0.33
HMLt,2,0,2,1.0
HMMB,2,2,4,0.5
HMMH,0,1,1,0.0
HMML,2,0,2,1.0
HMMM,5,5,10,0.5
HMMN,6,9,15,0.4
HMMP,7,5,12,0.58
HMMS,0,2,2,0.0
HMMb,7,7,14,0.5
HMMh,2,6,8,0.25
HMMj,1,1,2,0.5
HMMl,1,4,5,0.2
HMMm,4,1,5,0.8
HMMn,6,13,19,0.32
HMMs,2,5,7,0.29
HMMt,1,0,1,1.0
HMNB,5,4,9,0.56
HMNK,0,1,1,0.0
HMNL,0,1,1,0.0
HMNM,4,5,9,0.44
HMNN,7,7,14,0.5
HMNP,6,8,14,0.43
HMNS,6,3,9,0.67
HMNb,3,5,8,0.38
HMNh,1,2,3,0.33
HMNl,2,1,3,0.67
HMNm,4,3,7,0.57
HMNn,7,10,17,0.41
HMNs,3,2,5,0.6
HMNt,1,1,2,0.5
HMPB,5,2,7,0.71
HMPD,0,1,1,0.0
HMPH,4,2,6,0.67
HMPK,2,1,3,0.67
HMPL,1,1,2,0.5
HMPM,9,4,13,0.69
HMPN,4,11,15,0.27
HMPP,12,6,18,0.67
HMPS,3,6,9,0.33
HMPb,4,7,11,0.36
HMPh,1,0,1,1.0
HMPl,0,2,2,0.0
HMPm,12,8,20,0.6
HMPn,3,6,9,0.33
HMPs,6,3,9,0.67
HMPt,0,1,1,0.0
HMSB,4,1,5,0.8
HMSH,3,0,3,1.0
HMSM,1,0,1,1.0
HMSN,3,1,4,0.75
HMSP,3,0,3,1.0
HMSS,2,6,8,0.25
HMSb,5,5,10,0.5
HMSh,3,3,6,0.5
HMSl,1,0,1,1.0
HMSm,4,4,8,0.5
HMSn,3,6,9,0.33
HMSs,2,5,7,0.29
HMSt,1,1,2,0.5
HMbB,4,4,8,0.5
HMbH,2,1,3,0.67
HMbI,0,1,1,0.0
HMbJ,1,1,2,0.5
HMbK,1,0,1,1.0
HMbL,0,1,1,0.0
HMbM,3,8,11,0.27
HMbN,7,11,18,0.39
HMbP,3,15,18,0.17
HMbS,2,5,7,0.29
HMbb,4,5,9,0.44
HMbl,1,2,3,0.33
HMbm,5,5,10,0.5
HMbn,5,7,12,0.42
HMbs,5,0,5,1.0
HMhB,1,0,1,1.0
HMhL,2,2,4,0.5
HMhM,7,0,7,1.0
HMhN,4,4,8,0.5
HMhP,4,9,13,0.31
HMhS,1,4,5,0.2
HMhb,4,5,9,0.44
HMhh,2,3,5,0.4
HMhl,2,0,2,1.0
HMhm,6,1,7,0.86
HMhn,3,2,5,0.6
HMhs,2,4,6,0.33
HMjK,0,0,0,
HMjM,2,3,5,0.4
HMjN,2,0,2,1.0
HMjP,1,5,6,0.17
HMjS,0,3,3,0.0
HMjb,0,1,1,0.0
HMjl,1,0,1,1.0
HMjs,1,1,2,0.5
HMjt,1,0,1,1.0
HMlB,0,2,2,0.0
HMlH,1,0,1,1.0
HMlI,1,0,1,1.0
HMlJ,1,0,1,1.0
HMlK,0,1,1,0.0
HMlL,2,2,4,0.5
HMlM,6,0,6,1.0
HMlN,1,2,3,0.33
HMlP,5,5,10,0.5
HMlS,2,3,5,0.4
HMlb,1,1,2,0.5
HMll,1,0,1,1.0
HMlm,5,0,5,1.0
HMln,4,4,8,0.5
HMls,2,2,4,0.5
HMmB,5,3,8,0.62
HMmD,0,1,1,0.0
HMmH,5,3,8,0.62
HMmI,0,0,0,
HMmJ,0,1,1,0.0
HMmL,2,2,4,0.5
HMmM,5,3,8,0.62
HMmN,6,3,9,0.67
HMmP,5,5,10,0.5
HMmS,1,5,6,0.17
HMmb,4,2,6,0.67
HMmm,4,6,10,0.4
HMmn,5,4,9,0.56
HMms,5,3,8,0.62
HMnB,3,2,5,0.6
HMnD,0,2,2,0.0
HMnH,4,5,9,0.44
HMnI,1,0,1,1.0
HMnK,0,1,1,0.0
HMnL,5,2,7,0.71
HMnM,11,13,24,0.46
HMnN,15,7,22,0.68
HMnP,5,11,16,0.31
HMnS,5,6,11,0.45
HMnb,5,5,10,0.5
HMnh,1,2,3,0.33
HMnl,7,4,11,0.64
HMnm,8,8,16,0.5
HMnn,12,8,20,0.6
HMns,6,5,11,0.55
HMsB,1,1,2,0.5
HMsD,0,1,1,0.0
HMsH,5,3,8,0.62
HMsI,1,0,1,1.0
HMsL,0,1,1,0.0
HMsM,1,2,3,0.33
HMsN,5,2,7,0.71
HMsP,3,2,5,0.6
HMsS,2,6,8,0.25
HMsb,2,5,7,0.29
HMsl,4,1,5,0.8
HMsm,4,4,8,0.5
HMsn,2,2,4,0.5
HMss,2,1,3,0.67
HMtB,2,1,3,0.67
HMtK,1,1,2,0.5
HMtL,1,0,1,1.0
HMtM,0,3,3,0.0
HMtN,0,2,2,0.0
HMtP,3,2,5,0.6
HMtS,0,1,1,0.0
HMtb,0,2,2,0.0
HMtl,0,1,1,0.0
HMtm,3,0,3,1.0
HMtn,1,1,2,0.5
HMts,1,1,2,0.5
HNBB,4,1,5,0.8
HNBK,0,1,1,0.0
HNBL,0,2,2,0.0
HNBM,2,4,6,0.33
HNBN,2,1,3,0.67
HNBP,6,6,12,0.5
HNBS,1,0,1,1.0
HNBb,2,3,5,0.4
HNBj,1,0,1,1.0
HNBl,0,1,1,0.0
HNBm,2,2,4,0.5
HNBn,3,7,10,0.3
HNBs,2,0,2,1.0
HNBt,2,0,2,1.0
HNDB,1,0,1,1.0
HNDH,0,0,0,
HNDM,1,0,1,1.0
HNDP,1,0,1,1.0
HNDS,2,0,2,1.0
HNDs,1,0,1,1.0
HNHB,1,1,2,0.5
HNHH,0,1,1,0.0
HNHI,0,1,1,0.0
HNHL,0,1,1,0.0
HNHM,1,2,3,0.33
HNHN,1,0,1,1.0
HNHP,2,0,2,1.0
HNHS,1,0,1,1.0
HNHh,1,0,1,1.0
HNHl,0,0,0,
HNHn,1,0,1,1.0
HNHs,0,1,1,0.0
HNIS,1,0,1,1.0
HNKL,1,0,1,1.0
HNKM,1,1,2,0.5
HNKP,2,0,2,1.0
HNKS,0,0,0,
HNKl,1,1,2,0.5
HNKm,1,3,4,0.25
HNLB,0,3,3,0.0
HNLD,1,0,1,1.0
HNLL,1,1,2,0.5
HNLM,1,1,2,0.5
HNLN,3,3,6,0.5
HNLP,1,3,4,0.25
HNLS,2,0,2,1.0
HNLb,4,3,7,0.57
HNLh,0,2,2,0.0
HNLj,2,0,2,1.0
HNLl,3,1,4,0.75
HNLm,1,1,2,0.5
HNLn,1,3,4,0.25
HNLs,0,2,2,0.0
HNLt,1,0,1,1.0
HNMB,2,3,5,0.4
HNML,1,2,3,0.33
HNMM,4,7,11,0.36
HNMN,5,9,14,0.36
HNMP,4,8,12,0.33
HNMS,0,2,2,0.0
HNMb,3,4,7,0.43
HNMh,9,5,14,0.64
HNMj,5,1,6,0.83
HNMl,4,1,5,0.8
HNMm,6,6,12,0.5
HNMn,6,10,16,0.38
HNMs,2,4,6,0.33
HNMt,0,1,1,0.0
HNNB,3,5,8,0.38
HNND,1,0,1,1.0
HNNH,2,0,2,1.0
HNNL,2,3,5,0.4
HNNM,9,5,14,0.64
HNNN,7,8,15,0.47
HNNP,8,12,20,0.4
HNNS,5,4,9,0.56
HNNb,7,4,11,0.64
HNNh,3,5,8,0.38
HNNl,3,1,4,0.75
HNNm,5,6,11,0.45
HNNn,10,11,21,0.48
HNNs,6,4,10,0.6
HNPB,1,8,9,0.11
HNPD,0,1,1,0.0
HNPH,2,4,6,0.33
HNPI,1,0,1,1.0
HNPK,1,2,3,0.33
HNPL,2,5,7,0.29
HNPM,7,9,16,0.44
HNPN,14,5,19,0.74
HNPP,6,13,19,0.32
HNPS,4,5,9,0.44
HNPb,9,9,18,0.5
HNPh,1,2,3,0.33
HNPl,2,7,9,0.22
HNPm,12,7,19,0.63
HNPn,6,9,15,0.4
HNPs,1,6,7,0.14
HNPt,4,2,6,0.67
HNSB,2,3,5,0.4
HNSH,1,1,2,0.5
HNSL,0,2,2,0.0
HNSM,1,3,4,0.25
HNSN,2,5,7,0.29
HNSP,5,5,10,0.5
HNSS,3,1,4,0.75
HNSb,6,3,9,0.67
HNSh,2,1,3,0.67
HNSl,0,1,1,0.0
HNSm,4,4,8,0.5
HNSn,3,3,6,0.5
HNSs,3,8,11,0.27
HNbB,4,6,10,0.4
HNbD,1,1,2,0.5
HNbH,0,0,0,
HNbI,0,1,1,0.0
HNbJ,3,0,3,1.0
HNbK,0,1,1,0.0
HNbL,2,0,2,1.0
HNbM,2,8,10,0.2
HNbN,9,9,18,0.5
HNbP,10,7,17,0.59
HNbS,4,3,7,0.57
HNbb,7,6,13,0.54
HNbl,4,2,6,0.67
HNbm,2,0,2,1.0
HNbn,5,5,10,0.5
HNbs,2,5,7,0.29
HNhB,0,3,3,0.0
HNhD,0,1,1,0.0
HNhL,1,1,2,0.5
HNhM,0,1,1,0.0
HNhN,1,2,3,0.33
HNhP,2,0,2,1.0
HNhS,3,1,4,0.75
HNhb,2,2,4,0.5
HNhh,1,2,3,0.33
HNhl,0,0,0,
HNhm,2,2,4,0.5
HNhn,5,2,7,0.71
HNhs,0,0,0,
HNht,1,0,1,1.0
HNlB,0,6,6,0.0
HNlH,2,1,3,0.67
HNlJ,1,3,4,0.25
HNlL,0,1,1,0.0
HNlM,3,1,4,0.75
HNlN,3,6,9,0.33
HNlP,8,1,9,0.89
HNlS,1,5,6,0.17
HNlb,3,1,4,0.75
HNll,3,0,3,1.0
HNlm,1,4,5,0.2
HNln,0,2,2,0.0
HNls,1,2,3,0.33
HNmB,2,2,4,0.5
HNmD,1,0,1,1.0
HNmH,4,7,11,0.36
HNmI,3,0,3,1.0
HNmJ,0,2,2,0.0
HNmL,0,3,3,0.0
HNmM,3,10,13,0.23
HNmN,4,5,9,0.44
HNmP,4,2,6,0.67
HNmS,5,6,11,0.45
HNmb,5,3,8,0.62
HNml,0,1,1,0.0
HNmm,3,3,6,0.5
HNmn,2,3,5,0.4
HNms,1,2,3,0.33
HNnB,6,1,7,0.86
HNnH,7,4,11,0.64
HNnI,2,1,3,0.67
HNnK,0,1,1,0.0
HNnL,3,2,5,0.6
HNnM,6,13,19,0.32
HNnN,16,8,24,0.67
HNnP,13,7,20,0.65
HNnS,3,6,9,0.33
HNnb,5,9,14,0.36
HNnh,1,0,1,1.0
HNnl,2,5,7,0.29
HNnm,5,4,9,0.56
HNnn,5,5,10,0.5
HNns,9,1,10,0.9
HNnt,0,1,1,0.0
HNsB,3,2,5,0.6
HNsD,0,0,0,
HNsH,4,2,6,0.67
HNsK,1,0,1,1.0
HNsL,3,1,4,0.75
HNsM,7,7,14,0.5
HNsN,4,0,4,1.0
HNsP,2,4,6,0.33
HNsS,2,1,3,0.67
HNsb,3,3,6,0.5
HNsh,1,0,1,1.0
HNsl,3,1,4,0.75
HNsm,5,3,8,0.62
HNsn,5,3,8,0.62
HNss,3,4,7,0.43
HNtH,1,0,1,1.0
HNtL,1,0,1,1.0
HNtM,2,0,2,1.0
HNtN,2,0,2,1.0
HNtS,2,2,4,0.5
HNtb,0,0,0,
HNtl,0,3,3,0.0
HNtm,2,1,3,0.67
HNtn,0,3,3,0.0
HNts,2,0,2,1.0
HPBB,1,4,5,0.2
HPBH,1,0,1,1.0
HPBK,0,1,1,0.0
HPBL,1,4,5,0.2
HPBM,3,4,7,0.43
HPBN,3,1,4,0.75
HPBP,11,8,19,0.58
HPBS,4,5,9,0.44
HPBb,4,7,11,0.36
HPBh,1,0,1,1.0
HPBj,2,3,5,0.4
HPBl,1,4,5,0.2
HPBm,4,7,11,0.36
HPBn,5,8,13,0.38
HPBs,3,4,7,0.43
HPDL,0,1,1,0.0
HPDM,1,0,1,1.0
HPDN,0,0,0,
HPDP,1,1,2,0.5
HPDS,2,0,2,1.0
HPDb,1,1,2,0.5
HPDm,1,1,2,0.5
HPDs,0,5,5,0.0
HPHB,1,1,2,0.5
HPHH,1,0,1,1.0
HPHK,1,0,1,1.0
HPHL,1,1,2,0.5
HPHM,0,3,3,0.0
HPHN,2,3,5,0.4
HPHP,3,1,4,0.75
HPHS,2,0,2,1.0
HPHb,1,0,1,1.0
HPHh,0,1,1,0.0
HPHl,2,0,2,1.0
HPHm,2,2,4,0.5
HPHn,0,1,1,0.0
HPHs,3,0,3,1.0
HPIB,1,0,1,1.0
HPIH,1,0,1,1.0
HPIM,2,0,2,1.0
HPIN,2,0,2,1.0
HPIP,1,2,3,0.33
HPIS,0,1,1,0.0
HPIb,0,1,1,0.0
HPIm,0,1,1,0.0
HPIs,0,1,1,0.0
HPKB,1,1,2,0.5
HPKK,0,1,1,0.0
HPKM,2,0,2,1.0
HPKN,0,1,1,0.0
HPKP,0,2,2,0.0
HPKS,2,1,3,0.67
HPKh,0,2,2,0.0
HPKl,1,2,3,0.33
HPKm,1,1,2,0.5
HPLB,0,4,4,0.0
HPLK,1,1,2,0.5
HPLL,1,2,3,0.33
HPLM,3,5,8,0.38
HPLN,3,0,3,1.0
HPLP,2,3,5,0.4
HPLS,2,5,7,0.29
HPLb,3,6,9,0.33
HPLh,1,3,4,0.25
HPLj,1,1,2,0.5
HPLl,5,4,9,0.56
HPLm,5,1,6,0.83
HPLn,6,4,10,0.6
HPLt,1,1,2,0.5
HPMB,7,5,12,0.58
HPMD,0,0,0,
HPML,4,5,9,0.44
HPMM,18,9,27,0.67
HPMN,10,9,19,0.53
HPMP,9,6,15,0.6
HPMS,7,6,13,0.54
HPMb,8,12,20,0.4
HPMh,3,5,8,0.38
HPMj,4,1,5,0.8
HPMl,3,6,9,0.33
HPMm,8,5,13,0.62
HPMn,10,7,17,0.59
HPMs,1,6,7,0.14
HPMt,2,0,2,1.0
HPNB,5,3,8,0.62
HPND,2,0,2,1.0
HPNK,0,0,0,
HPNL,1,2,3,0.33
HPNM,4,6,10,0.4
HPNN,9,8,17,0.53
HPNP,15,9,24,0.62
HPNS,4,9,13,0.31
HPNb,6,11,17,0.35
HPNh,1,1,2,0.5
HPNl,6,3,9,0.67
HPNm,5,2,7,0.71
HPNn,12,13,25,0.48
HPNs,7,5,12,0.58
HPNt,2,2,4,0.5
HPPB,7,6,13,0.54
HPPD,1,1,2,0.5
HPPH,2,3,5,0.4
HPPK,1,1,2,0.5
HPPL,5,8,13,0.38
HPPM,14,12,26,0.54
HPPN,7,5,12,0.58
HPPP,12,15,27,0.44
HPPS,11,12,23,0.48
HPPb,10,11,21,0.48
HPPh,3,2,5,0.6
HPPl,7,11,18,0.39
HPPm,7,8,15,0.47
HPPn,12,13,25,0.48
HPPs,9,4,13,0.69
HPPt,3,2,5,0.6
HPSB,3,3,6,0.5
HPSH,1,1,2,0.5
HPSI,0,1,1,0.0
HPSK,0,1,1,0.0
HPSL,3,5,8,0.38
HPSM,8,4,12,0.67
HPSN,2,2,4,0.5
HPSP,12,7,19,0.63
HPSS,2,5,7,0.29
HPSb,3,6,9,0.33
HPSh,4,3,7,0.57
HPSl,4,1,5,0.8
HPSm,4,6,10,0.4
HPSn,10,8,18,0.56
HPSs,5,2,7,0.71
HPSt,0,3,3,0.0
HPbB,4,6,10,0.4
HPbH,1,0,1,1.0
HPbI,1,0,1,1.0
HPbJ,1,3,4,0.25
HPbK,1,1,2,0.5
HPbL,1,1,2,0.5
HPbM,14,6,20,0.7
HPbN,7,10,17,0.41
HPbP,7,8,15,0.47
HPbS,3,4,7,0.43
HPbb,7,10,17,0.41
HPbl,1,6,7,0.14
HPbm,5,5,10,0.5
HPbn,7,6,13,0.54
HPbs,4,5,9,0.44
HPhB,1,0,1,1.0
HPhD,0,1,1,0.0
HPhL,1,0,1,1.0
HPhM,1,2,3,0.33
HPhP,1,3,4,0.25
HPhS,1,1,2,0.5
HPhb,0,1,1,0.0
HPhh,1,1,2,0.5
HPhl,0,2,2,0.0
HPhm,0,1,1,0.0
HPhn,0,1,1,0.0
HPhs,1,0,1,1.0
HPlB,6,1,7,0.86
HPlH,1,2,3,0.33
HPlI,2,1,3,0.67
HPlJ,0,3,3,0.0
HPlL,2,1,3,0.67
HPlM,5,1,6,0.83
HPlN,3,4,7,0.43
HPlP,3,6,9,0.33
HPlS,0,1,1,0.0
HPlb,4,2,6,0.67
HPll,3,4,7,0.43
HPlm,6,2,8,0.75
HPln,3,5,8,0.38
HPls,4,1,5,0.8
HPmB,5,7,12,0.42
HPmD,0,1,1,0.0
HPmH,2,5,7,0.29
HPmJ,3,1,4,0.75
HPmL,3,3,6,0.5
HPmM,5,7,12,0.42
HPmN,9,5,14,0.64
HPmP,10,4,14,0.71
HPmS,2,3,5,0.4
HPmb,13,6,19,0.68
HPml,3,5,8,0.38
HPmm,6,4,10,0.6
HPmn,9,5,14,0.64
HPms,0,3,3,0.0
HPnB,5,4,9,0.56
HPnD,0,0,0,
HPnH,6,3,9,0.67
HPnL,5,3,8,0.62
HPnM,8,11,19,0.42
HPnN,7,4,11,0.64
HPnP,9,9,18,0.5
HPnS,5,4,9,0.56
HPnb,8,8,16,0.5
HPnl,8,7,15,0.53
HPnm,3,7,10,0.3
HPnn,9,7,16,0.56
HPns,5,3,8,0.62
HPsB,3,3,6,0.5
HPsD,0,1,1,0.0
HPsH,7,2,9,0.78
HPsI,1,1,2,0.5
HPsK,0,1,1,0.0
HPsL,2,5,7,0.29
HPsM,6,6,12,0.5
HPsN,4,5,9,0.44
HPsP,5,4,9,0.56
HPsS,3,4,7,0.43
HPsb,3,3,6,0.5
HPsl,3,3,6,0.5
HPsm,1,6,7,0.14
HPsn,4,3,7,0.57
HPss,3,2,5,0.6
HPst,0,1,1,0.0
HPtD,1,0,1,1.0
HPtH,3,0,3,1.0
HPtM,1,1,2,0.5
HPtN,0,2,2,0.0
HPtP,2,1,3,0.67
HPtS,0,1,1,0.0
HPtb,2,1,3,0.67
HPtm,1,0,1,1.0
HPtt,0,1,1,0.0
HSBB,1,0,1,1.0
HSBM,2,1,3,0.67
HSBN,2,0,2,1.0
HSBP,0,2,2,0.0
HSBS,1,1,2,0.5
HSBb,4,3,7,0.57
HSBj,1,1,2,0.5
HSBl,1,1,2,0.5
HSBm,1,3,4,0.25
HSBn,2,0,2,1.0
HSBs,0,4,4,0.0
HSDM,1,0,1,1.0
HSDl,1,0,1,1.0
HSHB,2,0,2,1.0
HSHI,0,0,0,
HSHL,1,0,1,1.0
HSHM,0,3,3,0.0
HSHN,1,2,3,0.33
HSHP,0,2,2,0.0
HSHS,2,1,3,0.67
HSHb,1,0,1,1.0
HSHm,0,1,1,0.0
HSHn,2,2,4,0.5
HSHs,0,1,1,0.0
HSKI,1,0,1,1.0
HSKS,0,1,1,0.0
HSKh,1,0,1,1.0
HSKm,0,2,2,0.0
HSKn,0,1,1,0.0
HSLB,2,2,4,0.5
HSLK,1,0,1,1.0
HSLM,1,1,2,0.5
HSLN,1,0,1,1.0
HSLP,0,1,1,0.0
HSLS,0,2,2,0.0
HSLb,1,0,1,1.0
HSLh,1,0,1,1.0
HSLj,1,0,1,1.0
HSLl,0,1,1,0.0
HSLm,1,1,2,0.5
HSLn,3,1,4,0.75
HSLs,0,4,4,0.0
HSLt,1,0,1,1.0
HSMB,0,3,3,0.0
HSMK,0,1,1,0.0
HSML,1,2,3,0.33
HSMM,5,5,10,0.5
HSMN,3,2,5,0.6
HSMP,8,3,11,0.73
HSMS,2,0,2,1.0
HSMb,4,7,11,0.36
HSMh,2,3,5,0.4
HSMj,3,0,3,1.0
HSMl,2,1,3,0.67
HSMm,4,6,10,0.4
HSMn,4,4,8,0.5
HSMs,0,2,2,0.0
HSMt,0,1,1,0.0
HSNB,0,5,5,0.0
HSNK,1,1,2,0.5
HSNL,1,1,2,0.5
HSNM,1,5,6,0.17
HSNN,3,2,5,0.6
HSNP,5,9,14,0.36
HSNS,1,2,3,0.33
HSNb,1,4,5,0.2
HSNh,0,1,1,0.0
HSNl,3,1,4,0.75
HSNm,1,2,3,0.33
HSNn,4,3,7,0.57
HSNs,2,1,3,0.67
HSNt,1,0,1,1.0
HSPB,2,2,4,0.5
HSPD,1,0,1,1.0
HSPH,1,1,2,0.5
HSPK,1,2,3,0.33
HSPL,4,4,8,0.5
HSPM,5,4,9,0.56
HSPN,8,4,12,0.67
HSPP,9,5,14,0.64
HSPS,4,4,8,0.5
HSPb,3,4,7,0.43
HSPh,1,0,1,1.0
HSPl,4,1,5,0.8
HSPm,5,4,9,0.56
HSPn,2,4,6,0.33
HSPs,0,3,3,0.0
HSSB,0,2,2,0.0
HSSH,2,1,3,0.67
HSSL,4,0,4,1.0
HSSM,3,4,7,0.43
HSSN,0,3,3,0.0
HSSP,3,7,10,0.3
HSSS,8,1,9,0.89
HSSb,2,1,3,0.67
HSSh,4,2,6,0.67
HSSl,4,1,5,0.8
HSSm,3,2,5,0.6
HSSn,1,5,6,0.17
HSSs,5,4,9,0.56
HSbB,0,0,0,
HSbH,1,0,1,1.0
HSbJ,1,3,4,0.25
HSbK,1,0,1,1.0
HSbL,0,0,0,
HSbM,2,3,5,0.4
HSbN,2,3,5,0.4
HSbP,2,4,6,0.33
HSbS,1,2,3,0.33
HSbb,8,2,10,0.8
HSbl,1,3,4,0.25
HSbm,1,3,4,0.25
HSbn,4,7,11,0.36
HSbs,2,1,3,0.67
HShB,2,0,2,1.0
HShH,1,1,2,0.5
HShL,0,1,1,0.0
HShM,2,2,4,0.5
HShN,4,1,5,0.8
HShP,2,4,6,0.33
HShS,0,2,2,0.0
HShb,1,2,3,0.33
HShh,6,4,10,0.6
HShl,1,1,2,0.5
HShm,1,1,2,0.5
HShn,0,2,2,0.0
HShs,3,0,3,1.0
HSlB,1,0,1,1.0
HSlH,2,2,4,0.5
HSlJ,1,0,1,1.0
HSlK,0,1,1,0.0
HSlL,2,1,3,0.67
HSlM,3,2,5,0.6
HSlN,0,4,4,0.0
HSlP,2,3,5,0.4
HSlS,0,1,1,0.0
HSlb,2,1,3,0.67
HSll,2,1,3,0.67
HSlm,2,1,3,0.67
HSln,0,3,3,0.0
HSls,0,1,1,0.0
HSmH,3,2,5,0.6
HSmI,1,0,1,1.0
HSmJ,1,1,2,0.5
HSmL,1,1,2,0.5
HSmM,4,2,6,0.67
HSmN,4,3,7,0.57
HSmP,1,2,3,0.33
HSmS,2,3,5,0.4
HSmb,1,5,6,0.17
HSml,0,0,0,
HSmm,1,1,2,0.5
HSmn,5,1,6,0.83
HSms,0,2,2,0.0
HSnB,0,2,2,0.0
HSnD,0,1,1,0.0
HSnH,4,0,4,1.0
HSnK,1,0,1,1.0
HSnL,3,2,5,0.6
HSnM,3,8,11,0.27
HSnN,8,1,9,0.89
HSnP,5,8,13,0.38
HSnS,4,3,7,0.57
HSnb,3,3,6,0.5
HSnl,2,3,5,0.4
HSnm,3,2,5,0.6
HSnn,5,5,10,0.5
HSns,1,1,2,0.5
HSsB,1,3,4,0.25
HSsH,1,3,4,0.25
HSsI,1,0,1,1.0
HSsL,1,3,4,0.25
HSsM,7,7,14,0.5
HSsN,4,2,6,0.67
HSsP,2,5,7,0.29
HSsS,9,7,16,0.56
HSsb,1,2,3,0.33
HSsh,0,0,0,
HSsl,4,1,5,0.8
HSsm,2,3,5,0.4
HSsn,2,2,4,0.5
HSss,5,3,8,0.62
HSst,1,0,1,1.0
HStB,1,0,1,1.0
HStL,0,1,1,0.0
HStM,0,2,2,0.0
HStN,2,1,3,0.67
HStP,1,0,1,1.0
HStS,0,0,0,
HStm,2,1,3,0.67
HStn,1,0,1,1.0
HSts,0,1,1,0.0
HbBB,2,3,5,0.4
HbBL,1,0,1,1.0
HbBM,4,4,8,0.5
HbBN,1,4,5,0.2
HbBP,4,3,7,0.57
HbBS,5,1,6,0.83
HbBb,4,0,4,1.0
HbBh,0,2,2,0.0
HbBl,2,0,2,1.0
HbBm,4,3,7,0.57
HbBn,5,4,9,0.56
HbBs,0,2,2,0.0
HbBt,1,0,1,1.0
HbDH,1,0,1,1.0
HbDL,0,1,1,0.0
HbDS,0,1,1,0.0
HbDb,1,0,1,1.0
HbDh,0,0,0,
HbDn,1,1,2,0.5
HbDs,1,0,1,1.0
HbHB,2,0,2,1.0
HbHI,1,0,1,1.0
HbHM,3,2,5,0.6
HbHN,1,2,3,0.33
HbHP,3,2,5,0.6
HbHS,1,0,1,1.0
HbHb,3,2,5,0.6
HbHl,0,1,1,0.0
HbHm,3,1,4,0.75
HbHn,0,3,3,0.0
HbHs,0,0,0,
HbIB,0,1,1,0.0
HbIH,0,1,1,0.0
HbIL,1,1,2,0.5
HbIM,1,0,1,1.0
HbIN,1,0,1,1.0
HbIm,1,0,1,1.0
HbIn,1,0,1,1.0
HbIs,1,0,1,1.0
HbJB,0,1,1,0.0
HbJH,2,0,2,1.0
HbJM,1,3,4,0.25
HbJN,1,1,2,0.5
HbJP,0,3,3,0.0
HbJS,2,0,2,1.0
HbJb,4,0,4,1.0
HbJl,1,0,1,1.0
HbJn,2,0,2,1.0
HbJs,1,1,2,0.5
HbKL,0,1,1,0.0
HbKM,0,1,1,0.0
HbKN,2,0,2,1.0
HbKP,0,1,1,0.0
HbKS,0,2,2,0.0
HbKb,2,1,3,0.67
HbKh,0,0,0,
HbKs,1,0,1,1.0
HbKt,0,1,1,0.0
HbLB,0,1,1,0.0
HbLK,1,0,1,1.0
HbLL,1,1,2,0.5
HbLM,4,1,5,0.8
HbLN,3,2,5,0.6
HbLP,2,0,2,1.0
HbLb,2,3,5,0.4
HbLh,1,0,1,1.0
HbLj,0,0,0,
HbLl,2,0,2,1.0
HbLm,2,3,5,0.4
HbLn,3,6,9,0.33
HbLs,0,1,1,0.0
HbMB,3,3,6,0.5
HbML,0,0,0,
HbMM,3,7,10,0.3
HbMN,4,7,11,0.36
HbMP,5,4,9,0.56
HbMS,4,3,7,0.57
HbMb,6,6,12,0.5
HbMh,3,3,6,0.5
HbMj,0,2,2,0.0
HbMl,2,3,5,0.4
HbMm,3,3,6,0.5
HbMn,4,8,12,0.33
HbMs,3,3,6,0.5
HbMt,1,1,2,0.5
HbNB,6,3,9,0.67
HbND,1,0,1,1.0
HbNH,3,1,4,0.75
HbNK,1,0,1,1.0
HbNL,1,2,3,0.33
HbNM,5,1,6,0.83
HbNN,7,6,13,0.54
HbNP,7,13,20,0.35
HbNS,2,5,7,0.29
HbNb,3,3,6,0.5
HbNh,3,2,5,0.6
HbNl,0,2,2,0.0
HbNm,3,3,6,0.5
HbNn,6,12,18,0.33
HbNs,2,4,6,0.33
HbNt,2,2,4,0.5
HbPB,10,3,13,0.77
HbPD,0,1,1,0.0
HbPH,1,2,3,0.33
HbPI,0,1,1,0.0
HbPL,2,1,3,0.67
HbPM,4,2,6,0.67
HbPN,4,6,10,0.4
HbPP,10,11,21,0.48
HbPS,1,4,5,0.2
HbPb,5,7,12,0.42
HbPh,1,1,2,0.5
HbPl,6,1,7,0.86
HbPm,4,4,8,0.5
HbPn,3,3,6,0.5
HbPs,3,6,9,0.33
HbPt,0,2,2,0.0
HbSB,1,2,3,0.33
HbSD,0,1,1,0.0
HbSH,1,0,1,1.0
HbSL,2,0,2,1.0
HbSM,4,4,8,0.5
HbSN,1,1,2,0.5
HbSP,3,0,3,1.0
HbSS,5,0,5,1.0
HbSb,4,5,9,0.44
HbSh,1,4,5,0.2
HbSl,2,0,2,1.0
HbSm,1,1,2,0.5
HbSn,3,2,5,0.6
HbSs,0,0,0,
HbSt,0,1,1,0.0
HbbB,4,7,11,0.36
HbbH,0,1,1,0.0
HbbI,4,0,4,1.0
HbbJ,1,0,1,1.0
HbbK,0,1,1,0.0
HbbL,1,2,3,0.33
HbbM,7,7,14,0.5
HbbN,8,5,13,0.62
HbbP,7,3,10,0.7
HbbS,0,1,1,0.0
Hbbb,7,6,13,0.54
Hbbl,0,1,1,0.0
Hbbm,1,2,3,0.33
Hbbn,6,7,13,0.46
Hbbs,2,1,3,0.67
HblB,3,1,4,0.75
HblD,1,0,1,1.0
HblH,3,0,3,1.0
HblL,0,1,1,0.0
HblM,1,3,4,0.25
HblN,3,2,5,0.6
HblP,1,2,3,0.33
HblS,0,1,1,0.0
Hblb,1,2,3,0.33
Hbll,1,0,1,1.0
Hblm,2,1,3,0.67
Hbln,2,5,7,0.29
Hbls,0,0,0,
HbmB,3,5,8,0.38
HbmD,0,0,0,
HbmH,2,2,4,0.5
HbmJ,4,0,4,1.0
HbmL,0,2,2,0.0
HbmM,4,5,9,0.44
HbmN,2,6,8,0.25
HbmP,2,4,6,0.33
HbmS,2,2,4,0.5
Hbmb,4,3,7,0.57
Hbml,0,1,1,0.0
Hbmm,2,2,4,0.5
Hbmn,5,3,8,0.62
Hbms,2,1,3,0.67
HbnB,2,3,5,0.4
HbnH,1,0,1,1.0
HbnI,1,2,3,0.33
HbnL,2,0,2,1.0
HbnM,3,4,7,0.43
HbnN,3,3,6,0.5
HbnP,7,3,10,0.7
HbnS,2,2,4,0.5
Hbnb,4,5,9,0.44
Hbnl,1,1,2,0.5
Hbnm,10,1,11,0.91
Hbnn,5,6,11,0.45
Hbns,4,3,7,0.57
HbsB,1,3,4,0.25
HbsH,4,3,7,0.57
HbsI,0,1,1,0.0
HbsK,0,2,2,0.0
HbsL,5,0,5,1.0
HbsM,3,1,4,0.75
HbsN,4,3,7,0.57
HbsP,4,4,8,0.5
HbsS,2,2,4,0.5
Hbsb,2,1,3,0.67
Hbsm,5,1,6,0.83
Hbsn,2,2,4,0.5
Hbss,1,0,1,1.0
HhBB,1,0,1,1.0
HhBK,1,0,1,1.0
HhBM,2,0,2,1.0
HhBN,1,1,2,0.5
HhBP,1,1,2,0.5
HhBS,0,0,0,
HhBb,2,0,2,1.0
HhBj,0,1,1,0.0
HhBl,0,1,1,0.0
HhBm,0,1,1,0.0
HhBn,1,1,2,0.5
HhBs,1,0,1,1.0
HhHL,0,1,1,0.0
HhHM,1,0,1,1.0
HhHN,0,1,1,0.0
HhHS,0,1,1,0.0
HhHb,2,1,3,0.67
HhHh,0,1,1,0.0
HhHn,0,2,2,0.0
HhHs,0,1,1,0.0
HhIH,1,0,1,1.0
HhIN,1,0,1,1.0
HhLL,0,1,1,0.0
HhLM,1,1,2,0.5
HhLN,2,0,2,1.0
HhLP,1,0,1,1.0
HhLS,1,2,3,0.33
HhLl,1,0,1,1.0
HhLm,1,1,2,0.5
HhLn,1,1,2,0.5
HhLs,1,1,2,0.5
HhMB,2,0,2,1.0
HhML,2,1,3,0.67
HhMM,2,2,4,0.5
HhMN,1,3,4,0.25
HhMP,0,1,1,0.0
HhMS,0,3,3,0.0
HhMb,2,3,5,0.4
HhMh,1,2,3,0.33
HhMl,2,1,3,0.67
HhMm,0,3,3,0.0
HhMn,0,3,3,0.0
HhMs,0,2,2,0.0
HhNB,1,1,2,0.5
HhNL,0,1,1,0.0
HhNM,1,0,1,1.0
HhNN,0,4,4,0.0
HhNP,2,3,5,0.4
HhNS,0,3,3,0.0
HhNb,2,2,4,0.5
HhNl,0,1,1,0.0
HhNm,0,3,3,0.0
HhNn,1,3,4,0.25
HhNs,1,0,1,1.0
HhNt,0,1,1,0.0
HhPB,2,3,5,0.4
HhPH,1,3,4,0.25
HhPI,0,1,1,0.0
HhPK,0,0,0,
HhPL,1,2,3,0.33
HhPM,4,5,9,0.44
HhPN,3,4,7,0.43
HhPP,2,3,5,0.4
HhPS,4,0,4,1.0
HhPb,3,2,5,0.6
HhPh,1,0,1,1.0
HhPl,1,2,3,0.33
HhPm,3,1,4,0.75
HhPn,2,6,8,0.25
HhPs,1,3,4,0.25
HhPt,0,1,1,0.0
HhSB,2,1,3,0.67
HhSH,1,0,1,1.0
HhSK,1,0,1,1.0
HhSL,1,0,1,1.0
HhSM,0,0,0,
HhSN,3,1,4,0.75
HhSP,2,0,2,1.0
HhSS,2,4,6,0.33
HhSb,2,1,3,0.67
HhSh,1,0,1,1.0
HhSl,1,2,3,0.33
HhSm,4,2,6,0.67
HhSn,1,2,3,0.33
HhSs,1,0,1,1.0
HhSt,0,1,1,0.0
HhbB,0,2,2,0.0
HhbJ,0,0,0,
HhbL,1,1,2,0.5
HhbM,5,0,5,1.0
HhbN,1,1,2,0.5
HhbP,3,3,6,0.5
HhbS,2,2,4,0.5
Hhbb,1,2,3,0.33
Hhbl,1,0,1,1.0
Hhbm,0,2,2,0.0
Hhbn,1,5,6,0.17
Hhbs,1,2,3,0.33
HhhB,1,1,2,0.5
HhhD,0,1,1,0.0
HhhH,0,1,1,0.0
HhhL,0,0,0,
HhhM,0,2,2,0.0
HhhN,1,1,2,0.5
HhhP,4,0,4,1.0
HhhS,2,1,3,0.67
Hhhb,0,1,1,0.0
Hhhh,1,0,1,1.0
Hhhl,3,2,5,0.6
Hhhm,3,0,3,1.0
Hhhn,2,0,2,1.0
Hhhs,2,2,4,0.5
HhlH,2,1,3,0.67
HhlJ,1,0,1,1.0
HhlM,2,2,4,0.5
HhlN,0,1,1,0.0
HhlP,4,1,5,0.8
HhlS,2,0,2,1.0
Hhll,2,0,2,1.0
Hhlm,1,0,1,1.0
Hhln,0,1,1,0.0
Hhls,0,0,0,
HhmB,2,2,4,0.5
HhmD,1,0,1,1.0
HhmH,1,2,3,0.33
HhmL,0,1,1,0.0
HhmM,1,1,2,0.5
HhmN,2,0,2,1.0
HhmP,3,1,4,0.75
Hhmb,2,0,2,1.0
Hhml,1,1,2,0.5
Hhmm,4,0,4,1.0
Hhmn,1,1,2,0.5
HhnB,2,3,5,0.4
HhnH,1,0,1,1.0
HhnL,1,0,1,1.0
HhnM,0,2,2,0.0
HhnN,1,1,2,0.5
HhnP,1,2,3,0.33
HhnS,2,4,6,0.33
Hhnb,1,0,1,1.0
Hhnl,0,0,0,
Hhnm,2,3,5,0.4
Hhnn,1,2,3,0.33
Hhns,3,2,5,0.6
HhsB,2,1,3,0.67
HhsH,2,3,5,0.4
HhsL,2,0,2,1.0
HhsM,1,2,3,0.33
HhsN,1,0,1,1.0
HhsP,1,1,2,0.5
HhsS,0,2,2,0.0
Hhsb,0,2,2,0.0
Hhsl,1,0,1,1.0
Hhsm,2,1,3,0.67
Hhsn,2,1,3,0.67
Hhss,3,4,7,0.43
HhtB,0,0,0,
HhtH,1,0,1,1.0
HhtM,1,1,2,0.5
Hhtb,0,1,1,0.0
Hhtn,1,0,1,1.0
Hhts,1,1,2,0.5
HlBB,0,1,1,0.0
HlBM,1,2,3,0.33
HlBN,2,4,6,0.33
HlBP,0,2,2,0.0
HlBS,0,1,1,0.0
HlBb,5,1,6,0.83
HlBj,1,0,1,1.0
HlBl,2,0,2,1.0
HlBm,0,3,3,0.0
HlBn,4,1,5,0.8
HlBs,3,2,5,0.6
HlDB,0,0,0,
HlDH,0,1,1,0.0
HlDN,1,0,1,1.0
HlDP,1,0,1,1.0
HlDl,0,0,0,
HlHB,1,0,1,1.0
HlHH,1,0,1,1.0
HlHL,1,1,2,0.5
HlHM,2,0,2,1.0
HlHN,1,1,2,0.5
HlHP,0,6,6,0.0
HlHS,0,2,2,0.0
HlHb,2,3,5,0.4
HlHh,0,2,2,0.0
HlHl,0,1,1,0.0
HlHm,3,2,5,0.6
HlHn,1,0,1,1.0
HlHs,1,0,1,1.0
HlIM,0,1,1,0.0
HlIN,1,0,1,1.0
HlIP,0,1,1,0.0
HlIn,1,0,1,1.0
HlJM,0,2,2,0.0
HlJP,0,1,1,0.0
HlJb,1,2,3,0.33
HlJm,1,0,1,1.0
HlJn,0,1,1,0.0
HlJs,0,1,1,0.0
HlJt,1,0,1,1.0
HlKP,0,1,1,0.0
HlKl,0,2,2,0.0
HlKn,2,0,2,1.0
HlLL,2,0,2,1.0
HlLM,2,2,4,0.5
HlLN,0,2,2,0.0
HlLP,0,1,1,0.0
HlLS,0,1,1,0.0
HlLb,0,0,0,
HlLj,0,1,1,0.0
HlLm,2,1,3,0.67
HlLn,1,1,2,0.5
HlLs,2,0,2,1.0
HlMB,1,2,3,0.33
HlMM,3,4,7,0.43
HlMN,6,2,8,0.75
HlMP,0,2,2,0.0
HlMS,3,1,4,0.75
HlMb,4,2,6,0.67
HlMh,1,1,2,0.5
HlMl,2,1,3,0.67
HlMm,4,3,7,0.57
HlMn,4,3,7,0.57
HlMs,2,1,3,0.67
HlMt,1,1,2,0.5
HlNB,2,4,6,0.33
HlNH,1,0,1,1.0
HlNK,2,0,2,1.0
HlNM,2,2,4,0.5
HlNN,2,1,3,0.67
HlNP,5,6,11,0.45
HlNS,0,1,1,0.0
HlNb,3,7,10,0.3
HlNh,0,1,1,0.0
HlNl,0,1,1,0.0
HlNm,8,3,11,0.73
HlNn,3,3,6,0.5
HlNs,2,2,4,0.5
HlNt,0,1,1,0.0
HlPB,3,4,7,0.43
HlPH,0,1,1,0.0
HlPK,0,1,1,0.0
HlPL,1,0,1,1.0
HlPM,5,2,7,0.71
HlPN,4,3,7,0.57
HlPP,5,5,10,0.5
HlPS,3,3,6,0.5
HlPb,2,3,5,0.4
HlPl,4,3,7,0.57
HlPm,3,2,5,0.6
HlPn,5,3,8,0.62
HlPs,3,2,5,0.6
HlPt,0,2,2,0.0
HlSH,2,0,2,1.0
HlSL,0,1,1,0.0
HlSM,2,2,4,0.5
HlSN,0,1,1,0.0
HlSP,0,5,5,0.0
HlSS,2,1,3,0.67
HlSb,1,1,2,0.5
HlSh,1,0,1,1.0
HlSm,1,0,1,1.0
HlSn,4,4,8,0.5
HlSs,2,1,3,0.67
HlSt,0,1,1,0.0
HlbB,4,3,7,0.57
HlbL,3,0,3,1.0
HlbM,0,2,2,0.0
HlbN,5,3,8,0.62
HlbP,1,3,4,0.25
HlbS,2,0,2,1.0
Hlbb,2,2,4,0.5
Hlbm,4,5,9,0.44
Hlbn,1,1,2,0.5
Hlbs,0,0,0,
HllH,2,2,4,0.5
HllL,0,1,1,0.0
HllM,3,3,6,0.5
HllN,2,4,6,0.33
HllP,1,2,3,0.33
HllS,0,0,0,
Hllb,0,3,3,0.0
Hlll,1,0,1,1.0
Hllm,1,0,1,1.0
Hlln,1,3,4,0.25
Hlls,1,0,1,1.0
HlmB,3,0,3,1.0
HlmD,1,0,1,1.0
HlmH,1,1,2,0.5
HlmM,0,4,4,0.0
HlmN,0,2,2,0.0
HlmP,1,3,4,0.25
HlmS,1,3,4,0.25
Hlmb,0,1,1,0.0
Hlml,1,0,1,1.0
Hlmm,0,1,1,0.0
Hlmn,0,1,1,0.0
Hlms,3,1,4,0.75
HlnH,1,1,2,0.5
HlnI,1,0,1,1.0
HlnL,2,0,2,1.0
HlnM,2,4,6,0.33
HlnN,1,3,4,0.25
HlnP,2,4,6,0.33
HlnS,0,0,0,
Hlnb,1,2,3,0.33
Hlnl,1,1,2,0.5
Hlnm,1,4,5,0.2
Hlnn,2,0,2,1.0
Hlns,3,2,5,0.6
HlsB,4,1,5,0.8
HlsH,1,1,2,0.5
HlsL,1,0,1,1.0
HlsM,1,1,2,0.5
HlsN,4,0,4,1.0
HlsP,2,5,7,0.29
HlsS,1,0,1,1.0
Hlsb,1,2,3,0.33
Hlsl,3,0,3,1.0
Hlsm,1,1,2,0.5
Hlsn,2,1,3,0.67
Hlss,0,1,1,0.0
HmBB,2,4,6,0.33
HmBH,1,0,1,1.0
HmBM,4,1,5,0.8
HmBN,6,5,11,0.55
HmBP,2,4,6,0.33
HmBS,3,1,4,0.75
HmBb,1,5,6,0.17
HmBj,1,0,1,1.0
HmBl,3,0,3,1.0
HmBm,4,1,5,0.8
HmBn,4,4,8,0.5
HmBs,2,1,3,0.67
HmBt,0,1,1,0.0
HmDB,1,0,1,1.0
HmDL,2,2,4,0.5
HmDM,0,1,1,0.0
HmDP,0,0,0,
HmDb,0,1,1,0.0
HmDm,1,0,1,1.0
HmDn,3,0,3,1.0
HmDt,0,1,1,0.0
HmHB,2,2,4,0.5
HmHL,1,1,2,0.5
HmHM,5,3,8,0.62
HmHN,1,4,5,0.2
HmHP,3,5,8,0.38
HmHS,0,0,0,
HmHb,1,3,4,0.25
HmHh,0,1,1,0.0
HmHl,0,2,2,0.0
HmHm,4,1,5,0.8
HmHn,4,2,6,0.67
HmHs,2,2,4,0.5
HmIB,1,0,1,1.0
HmIM,0,1,1,0.0
HmIP,0,1,1,0.0
HmIb,0,0,0,
HmIl,0,1,1,0.0
HmIn,0,0,0,
HmJB,2,0,2,1.0
HmJH,0,0,0,
HmJM,0,2,2,0.0
HmJN,1,2,3,0.33
HmJS,1,0,1,1.0
HmJb,2,1,3,0.67
HmJn,1,1,2,0.5
HmJs,0,1,1,0.0
HmLB,2,1,3,0.67
HmLL,1,0,1,1.0
HmLM,2,3,5,0.4
HmLN,0,0,0,
HmLP,1,1,2,0.5
HmLS,0,1,1,0.0
HmLb,1,0,1,1.0
HmLh,1,2,3,0.33
HmLj,0,1,1,0.0
HmLl,1,0,1,1.0
HmLm,3,1,4,0.75
HmLn,2,1,3,0.67
HmLs,2,1,3,0.67
HmMB,2,0,2,1.0
HmMD,0,0,0,
HmML,2,0,2,1.0
HmMM,5,1,6,0.83
HmMN,3,2,5,0.6
HmMP,2,2,4,0.5
HmMS,6,2,8,0.75
HmMb,3,2,5,0.6
HmMh,2,8,10,0.2
HmMj,0,1,1,0.0
HmMl,1,3,4,0.25
HmMm,3,8,11,0.27
HmMn,5,10,15,0.33
HmMs,1,1,2,0.5
HmNB,2,3,5,0.4
HmND,0,1,1,0.0
HmNH,1,0,1,1.0
HmNL,0,1,1,0.0
HmNM,3,8,11,0.27
HmNN,7,4,11,0.64
HmNP,2,12,14,0.14
HmNS,5,6,11,0.45
HmNb,4,2,6,0.67
HmNh,2,0,2,1.0
HmNl,1,3,4,0.25
HmNm,1,6,7,0.14
HmNn,7,2,9,0.78
HmNs,2,3,5,0.4
HmNt,1,2,3,0.33
HmPB,4,4,8,0.5
HmPD,0,1,1,0.0
HmPH,0,2,2,0.0
HmPK,2,0,2,1.0
HmPL,1,1,2,0.5
HmPM,2,8,10,0.2
HmPN,4,5,9,0.44
HmPP,10,6,16,0.62
HmPS,1,5,6,0.17
HmPb,4,5,9,0.44
HmPh,1,0,1,1.0
HmPl,4,4,8,0.5
HmPm,3,4,7,0.43
HmPn,3,3,6,0.5
HmPs,6,4,10,0.6
HmPt,0,1,1,0.0
HmSB,1,1,2,0.5
HmSH,1,1,2,0.5
HmSM,3,2,5,0.6
HmSN,3,4,7,0.43
HmSP,7,3,10,0.7
HmSS,2,0,2,1.0
HmSb,1,1,2,0.5
HmSh,3,1,4,0.75
HmSl,1,0,1,1.0
HmSm,1,3,4,0.25
HmSn,5,2,7,0.71
HmSs,3,2,5,0.6
HmbB,2,7,9,0.22
HmbH,0,1,1,0.0
HmbJ,3,3,6,0.5
HmbL,0,3,3,0.0
HmbM,2,6,8,0.25
HmbN,5,2,7,0.71
HmbP,6,5,11,0.55
HmbS,1,1,2,0.5
Hmbb,3,6,9,0.33
Hmbl,0,1,1,0.0
Hmbm,5,5,10,0.5
Hmbn,6,9,15,0.4
Hmbs,1,2,3,0.33
HmlB,1,1,2,0.5
HmlD,0,1,1,0.0
HmlH,4,0,4,1.0
HmlI,1,0,1,1.0
HmlL,1,1,2,0.5
HmlM,0,2,2,0.0
HmlN,3,2,5,0.6
HmlP,3,2,5,0.6
HmlS,0,1,1,0.0
Hmlb,3,5,8,0.38
Hmll,1,1,2,0.5
Hmlm,1,2,3,0.33
Hmln,1,2,3,0.33
Hmls,0,2,2,0.0
HmmB,3,1,4,0.75
HmmH,5,4,9,0.56
HmmL,1,2,3,0.33
HmmM,4,4,8,0.5
HmmN,1,1,2,0.5
HmmP,2,2,4,0.5
HmmS,0,4,4,0.0
Hmmb,2,0,2,1.0
Hmml,1,1,2,0.5
Hmmm,2,2,4,0.5
Hmmn,3,1,4,0.75
Hmms,2,2,4,0.5
HmnB,2,4,6,0.33
HmnH,2,1,3,0.67
HmnK,1,0,1,1.0
HmnL,2,1,3,0.67
HmnM,2,4,6,0.33
HmnN,4,7,11,0.36
HmnP,5,3,8,0.62
HmnS,2,1,3,0.67
Hmnb,6,3,9,0.67
Hmnl,2,1,3,0.67
Hmnm,2,4,6,0.33
Hmnn,4,5,9,0.44
Hmns,8,2,10,0.8
HmsB,1,0,1,1.0
HmsH,1,3,4,0.25
HmsI,1,0,1,1.0
HmsL,1,0,1,1.0
HmsM,2,5,7,0.29
HmsN,4,0,4,1.0
HmsP,2,0,2,1.0
HmsS,2,4,6,0.33
Hmsb,0,2,2,0.0
Hmsl,0,1,1,0.0
Hmsm,0,4,4,0.0
Hmsn,2,0,2,1.0
Hmss,3,3,6,0.5
HnBB,3,1,4,0.75
HnBK,0,1,1,0.0
HnBL,3,3,6,0.5
HnBM,1,5,6,0.17
HnBN,3,4,7,0.43
HnBP,3,3,6,0.5
HnBS,1,2,3,0.33
HnBb,8,7,15,0.53
HnBj,0,2,2,0.0
HnBl,3,1,4,0.75
HnBm,1,1,2,0.5
HnBn,8,4,12,0.67
HnBs,0,2,2,0.0
HnBt,0,1,1,0.0
HnDM,2,0,2,1.0
HnDN,1,1,2,0.5
HnDP,0,1,1,0.0
HnDm,0,1,1,0.0
HnDn,1,0,1,1.0
HnHB,3,1,4,0.75
HnHD,0,1,1,0.0
HnHH,0,1,1,0.0
HnHI,0,1,1,0.0
HnHL,1,2,3,0.33
HnHM,3,3,6,0.5
HnHN,0,5,5,0.0
HnHP,6,5,11,0.55
HnHS,3,3,6,0.5
HnHb,0,2,2,0.0
HnHh,3,1,4,0.75
HnHl,2,0,2,1.0
HnHm,1,1,2,0.5
HnHn,2,4,6,0.33
HnHs,2,2,4,0.5
HnHt,1,1,2,0.5
HnIB,1,1,2,0.5
HnIH,0,1,1,0.0
HnIL,0,1,1,0.0
HnIM,1,1,2,0.5
HnIN,0,0,0,
HnIP,0,0,0,
HnIb,0,0,0,
HnIm,2,0,2,1.0
HnIn,0,1,1,0.0
HnIs,1,0,1,1.0
HnKB,1,0,1,1.0
HnKI,1,0,1,1.0
HnKM,0,0,0,
HnKP,0,2,2,0.0
HnKS,0,0,0,
HnKb,0,1,1,0.0
HnKh,1,1,2,0.5
HnKl,1,0,1,1.0
HnKm,1,2,3,0.33
HnKn,0,2,2,0.0
HnKs,1,1,2,0.5
HnKt,1,0,1,1.0
HnLB,3,1,4,0.75
HnLK,0,1,1,0.0
HnLL,0,0,0,
HnLM,6,2,8,0.75
HnLN,3,3,6,0.5
HnLP,3,2,5,0.6
HnLb,2,0,2,1.0
HnLj,3,0,3,1.0
HnLl,0,1,1,0.0
HnLm,2,2,4,0.5
HnLn,3,2,5,0.6
HnLs,0,2,2,0.0
HnLt,1,0,1,1.0
HnMB,5,5,10,0.5
HnMK,1,0,1,1.0
HnML,4,1,5,0.8
HnMM,7,6,13,0.54
HnMN,3,10,13,0.23
HnMP,6,11,17,0.35
HnMS,1,2,3,0.33
HnMb,6,7,13,0.46
HnMh,3,5,8,0.38
HnMj,2,1,3,0.67
HnMl,4,3,7,0.57
HnMm,6,2,8,0.75
HnMn,17,6,23,0.74
HnMs,1,5,6,0.17
HnMt,0,1,1,0.0
HnNB,6,11,17,0.35
HnND,1,0,1,1.0
HnNH,1,0,1,1.0
HnNL,1,3,4,0.25
HnNM,5,8,13,0.38
HnNN,7,7,14,0.5
HnNP,11,13,24,0.46
HnNS,2,4,6,0.33
HnNb,7,5,12,0.58
HnNh,3,3,6,0.5
HnNl,5,3,8,0.62
HnNm,4,7,11,0.36
HnNn,5,11,16,0.31
HnNs,4,3,7,0.57
HnNt,2,2,4,0.5
HnPB,5,5,10,0.5
HnPD,0,1,1,0.0
HnPH,6,2,8,0.75
HnPI,2,1,3,0.67
HnPK,0,0,0,
HnPL,6,2,8,0.75
HnPM,9,5,14,0.64
HnPN,9,9,18,0.5
HnPP,10,16,26,0.38
HnPS,6,10,16,0.38
HnPb,6,12,18,0.33
HnPh,3,2,5,0.6
HnPl,4,7,11,0.36
HnPm,7,6,13,0.54
HnPn,10,11,21,0.48
HnPs,7,4,11,0.64
HnPt,0,0,0,
HnSB,2,4,6,0.33
HnSH,0,4,4,0.0
HnSL,1,3,4,0.25
HnSM,8,7,15,0.53
HnSN,5,3,8,0.62
HnSP,2,4,6,0.33
HnSS,2,7,9,0.22
HnSb,5,2,7,0.71
HnSh,4,2,6,0.67
HnSl,2,3,5,0.4
HnSm,2,6,8,0.25
HnSn,2,5,7,0.29
HnSs,1,3,4,0.25
HnSt,0,2,2,0.0
HnbB,2,3,5,0.4
HnbH,2,1,3,0.67
HnbI,1,0,1,1.0
HnbJ,1,0,1,1.0
HnbK,0,2,2,0.0
HnbL,3,3,6,0.5
HnbM,11,11,22,0.5
HnbN,5,11,16,0.31
HnbP,7,5,12,0.58
HnbS,3,2,5,0.6
Hnbb,10,6,16,0.62
Hnbl,3,0,3,1.0
Hnbm,1,6,7,0.14
Hnbn,3,8,11,0.27
Hnbs,1,1,2,0.5
HnhM,1,0,1,1.0
HnhP,0,1,1,0.0
Hnhb,0,1,1,0.0
Hnht,0,0,0,
HnlB,1,2,3,0.33
HnlD,0,4,4,0.0
HnlH,1,2,3,0.33
HnlI,0,1,1,0.0
HnlJ,0,2,2,0.0
HnlL,1,1,2,0.5
HnlM,3,3,6,0.5
HnlN,7,5,12,0.58
HnlP,3,3,6,0.5
HnlS,4,2,6,0.67
Hnlb,3,3,6,0.5
Hnll,0,3,3,0.0
Hnlm,2,5,7,0.29
Hnln,1,1,2,0.5
Hnls,1,0,1,1.0
HnmB,2,7,9,0.22
HnmH,2,0,2,1.0
HnmI,2,0,2,1.0
HnmJ,1,1,2,0.5
HnmL,1,2,3,0.33
HnmM,3,2,5,0.6
HnmN,3,7,10,0.3
HnmP,5,6,11,0.45
HnmS,2,2,4,0.5
Hnmb,5,6,11,0.45
Hnml,3,2,5,0.6
Hnmm,2,6,8,0.25
Hnmn,8,4,12,0.67
Hnms,2,0,2,1.0
HnnB,8,7,15,0.53
HnnH,3,3,6,0.5
HnnI,0,2,2,0.0
HnnK,0,1,1,0.0
HnnL,3,1,4,0.75
HnnM,10,6,16,0.62
HnnN,5,6,11,0.45
HnnP,7,10,17,0.41
HnnS,6,9,15,0.4
Hnnb,8,3,11,0.73
Hnnl,6,3,9,0.67
Hnnm,6,4,10,0.6
Hnnn,6,8,14,0.43
Hnns,2,3,5,0.4
Hnnt,0,1,1,0.0
HnsB,5,1,6,0.83
HnsD,0,1,1,0.0
HnsH,5,5,10,0.5
HnsL,1,3,4,0.25
HnsM,2,3,5,0.4
HnsN,4,14,18,0.22
HnsP,14,5,19,0.74
HnsS,3,4,7,0.43
Hnsb,4,3,7,0.57
Hnsh,0,1,1,0.0
Hnsl,0,2,2,0.0
Hnsm,3,3,6,0.5
Hnsn,2,3,5,0.4
Hnss,3,4,7,0.43
HntM,0,1,1,0.0
Hntm,1,0,1,1.0
HsBB,0,1,1,0.0
HsBK,1,0,1,1.0
HsBL,2,1,3,0.67
HsBM,3,1,4,0.75
HsBN,4,3,7,0.57
HsBP,1,1,2,0.5
HsBS,1,0,1,1.0
HsBb,1,4,5,0.2
HsBh,1,0,1,1.0
HsBl,0,1,1,0.0
HsBm,1,3,4,0.25
HsBn,0,1,1,0.0
HsBs,3,2,5,0.6
HsDM,0,1,1,0.0
HsDP,1,1,2,0.5
HsDS,0,2,2,0.0
HsDl,0,1,1,0.0
HsDm,1,0,1,1.0
HsDn,0,2,2,0.0
HsDs,1,0,1,1.0
HsHB,1,4,5,0.2
HsHH,0,1,1,0.0
HsHI,1,1,2,0.5
HsHK,0,1,1,0.0
HsHL,0,2,2,0.0
HsHM,4,7,11,0.36
HsHN,3,5,8,0.38
HsHP,6,4,10,0.6
HsHS,6,2,8,0.75
HsHb,4,2,6,0.67
HsHh,0,1,1,0.0
HsHl,1,4,5,0.2
HsHm,1,2,3,0.33
HsHn,7,2,9,0.78
HsHs,1,1,2,0.5
HsHt,0,2,2,0.0
HsIN,0,1,1,0.0
HsIP,0,2,2,0.0
HsIl,0,1,1,0.0
HsIs,1,0,1,1.0
HsKP,0,1,1,0.0
HsKb,1,0,1,1.0
HsKh,0,0,0,
HsKl,1,0,1,1.0
HsLB,0,0,0,
HsLL,0,1,1,0.0
HsLM,3,0,3,1.0
HsLN,3,1,4,0.75
HsLP,2,2,4,0.5
HsLS,0,0,0,
HsLl,1,1,2,0.5
HsLm,2,0,2,1.0
HsLn,1,2,3,0.33
HsMB,3,2,5,0.6
HsML,0,1,1,0.0
HsMM,2,1,3,0.67
HsMN,3,2,5,0.6
HsMP,3,5,8,0.38
HsMS,2,1,3,0.67
HsMb,1,2,3,0.33
HsMh,3,5,8,0.38
HsMj,2,1,3,0.67
HsMl,0,1,1,0.0
HsMm,3,2,5,0.6
HsMn,8,4,12,0.67
HsMs,4,1,5,0.8
HsMt,1,0,1,1.0
HsNB,3,4,7,0.43
HsNH,3,1,4,0.75
HsNL,3,0,3,1.0
HsNM,6,6,12,0.5
HsNN,2,2,4,0.5
HsNP,3,2,5,0.6
HsNS,3,4,7,0.43
HsNb,2,2,4,0.5
HsNh,3,3,6,0.5
HsNl,2,2,4,0.5
HsNm,2,4,6,0.33
HsNn,5,3,8,0.62
HsNs,1,3,4,0.25
HsNt,1,0,1,1.0
HsPB,6,2,8,0.75
HsPH,2,3,5,0.4
HsPI,1,0,1,1.0
HsPK,1,0,1,1.0
HsPL,2,2,4,0.5
HsPM,4,7,11,0.36
HsPN,4,6,10,0.4
HsPP,2,13,15,0.13
HsPS,3,4,7,0.43
HsPb,2,4,6,0.33
HsPh,1,1,2,0.5
HsPl,3,3,6,0.5
HsPm,5,4,9,0.56
HsPn,3,6,9,0.33
HsPs,2,2,4,0.5
HsPt,0,1,1,0.0
HsSB,0,4,4,0.0
HsSD,0,1,1,0.0
HsSH,1,1,2,0.5
HsSL,2,0,2,1.0
HsSM,3,6,9,0.33
HsSN,5,1,6,0.83
HsSP,3,4,7,0.43
HsSS,4,5,9,0.44
HsSb,3,3,6,0.5
HsSh,0,1,1,0.0
HsSl,2,2,4,0.5
HsSm,2,3,5,0.4
HsSn,5,4,9,0.56
HsSs,5,5,10,0.5
HsSt,0,0,0,
HsbB,0,1,1,0.0
HsbH,1,1,2,0.5
HsbI,0,1,1,0.0
HsbJ,0,2,2,0.0
HsbL,0,1,1,0.0
HsbM,5,10,15,0.33
HsbN,7,4,11,0.64
HsbP,3,2,5,0.6
HsbS,4,1,5,0.8
Hsbb,2,2,4,0.5
Hsbl,3,1,4,0.75
Hsbm,1,2,3,0.33
Hsbn,3,2,5,0.6
Hsbs,2,2,4,0.5
HshS,1,0,1,1.0
Hshl,0,1,1,0.0
HslB,0,2,2,0.0
HslH,0,2,2,0.0
HslJ,0,1,1,0.0
HslL,2,0,2,1.0
HslM,2,1,3,0.67
HslN,1,0,1,1.0
HslP,1,1,2,0.5
HslS,1,2,3,0.33
Hslb,1,2,3,0.33
Hsll,2,0,2,1.0
Hslm,0,3,3,0.0
Hsln,1,1,2,0.5
Hsls,1,0,1,1.0
HsmB,1,1,2,0.5
HsmD,1,0,1,1.0
HsmH,3,2,5,0.6
HsmI,1,0,1,1.0
HsmJ,0,1,1,0.0
HsmL,0,1,1,0.0
HsmM,0,4,4,0.0
HsmN,2,4,6,0.33
HsmP,2,3,5,0.4
HsmS,3,1,4,0.75
Hsmb,1,6,7,0.14
Hsml,2,1,3,0.67
Hsmm,1,2,3,0.33
Hsmn,2,5,7,0.29
Hsms,3,3,6,0.5
HsnB,3,3,6,0.5
HsnD,1,0,1,1.0
HsnH,0,1,1,0.0
HsnM,2,3,5,0.4
HsnN,6,4,10,0.6
HsnP,5,5,10,0.5
HsnS,6,3,9,0.67
Hsnb,2,4,6,0.33
Hsnh,0,0,0,
Hsnl,4,1,5,0.8
Hsnm,1,2,3,0.33
Hsnn,6,0,6,1.0
Hsns,1,3,4,0.25
HssB,1,2,3,0.33
HssD,0,2,2,0.0
HssH,4,2,6,0.67
HssI,1,0,1,1.0
HssL,3,0,3,1.0
HssM,4,3,7,0.57
HssN,3,3,6,0.5
HssP,5,5,10,0.5
HssS,5,5,10,0.5
Hssb,3,3,6,0.5
Hssl,1,1,2,0.5
Hssm,3,2,5,0.6
Hssn,0,3,3,0.0
Hsss,4,3,7,0.57
HtBM,1,0,1,1.0
HtBN,0,0,0,
HtBP,1,0,1,1.0
HtBb,1,1,2,0.5
HtBj,1,0,1,1.0
HtBn,0,1,1,0.0
HtDL,1,0,1,1.0
HtHP,0,0,0,
HtHb,1,1,2,0.5
HtHm,1,0,1,1.0
HtML,0,1,1,0.0
HtMM,0,2,2,0.0
HtMN,1,1,2,0.5
HtMS,0,1,1,0.0
HtMj,0,1,1,0.0
HtMm,1,0,1,1.0
HtMn,1,1,2,0.5
HtNB,0,0,0,
HtNN,0,1,1,0.0
HtNP,1,1,2,0.5
HtNb,1,1,2,0.5
HtNh,1,0,1,1.0
HtNl,1,0,1,1.0
HtNm,0,1,1,0.0
HtNn,1,0,1,1.0
HtPB,1,1,2,0.5
HtPM,2,1,3,0.67
HtPN,0,1,1,0.0
HtPP,2,2,4,0.5
HtPm,1,1,2,0.5
HtPn,1,0,1,1.0
HtPs,2,0,2,1.0
HtSB,1,0,1,1.0
HtSD,1,0,1,1.0
HtSM,1,1,2,0.5
HtSN,1,0,1,1.0
HtSS,0,0,0,
HtSh,1,0,1,1.0
HtSl,1,0,1,1.0
HtSm,0,2,2,0.0
HtbH,1,0,1,1.0
HtbM,0,1,1,0.0
HtbN,1,0,1,1.0
HtbP,2,0,2,1.0
Htbl,1,1,2,0.5
Htbm,1,2,3,0.33
Htbs,0,1,1,0.0
HtlB,1,0,1,1.0
HtlN,1,0,1,1.0
HtlP,0,0,0,
Htll,1,0,1,1.0
Htmb,0,1,1,0.0
Htms,0,1,1,0.0
HtnB,1,0,1,1.0
HtnH,2,1,3,0.67
HtnM,1,0,1,1.0
HtnP,0,1,1,0.0
Htnl,0,1,1,0.0
Htnm,0,1,1,0.0
Htnn,1,1,2,0.5
HtsM,3,0,3,1.0
HtsN,0,0,0,
HtsP,2,0,2,1.0
HtsS,0,1,1,0.0
Htsb,0,1,1,0.0
Htsm,0,1,1,0.0
Httl,0,1,1,0.0
IBBB,0,1,1,0.0
IBBM,0,2,2,0.0
IBBN,0,1,1,0.0
IBBP,2,2,4,0.5
IBBl,0,1,1,0.0
IBBn,0,1,1,0.0
IBBt,0,1,1,0.0
IBKb,0,0,0,
IBKn,1,0,1,1.0
IBLN,0,1,1,0.0
IBLP,0,0,0,
IBLl,0,1,1,0.0
IBLn,0,0,0,
IBLs,0,0,0,
IBMB,1,1,2,0.5
IBML,1,0,1,1.0
IBMM,2,1,3,0.67
IBMb,2,0,2,1.0
IBMh,0,1,1,0.0
IBMj,1,0,1,1.0
IBMl,1,0,1,1.0
IBNB,0,1,1,0.0
IBNM,2,1,3,0.67
IBNP,3,2,5,0.6
IBNb,2,0,2,1.0
IBNl,0,1,1,0.0
IBNn,1,0,1,1.0
IBNs,0,0,0,
IBPL,1,0,1,1.0
IBPM,1,0,1,1.0
IBPN,0,2,2,0.0
IBPP,2,0,2,1.0
IBPb,1,0,1,1.0
IBPm,2,0,2,1.0
IBPn,3,1,4,0.75
IBSP,0,1,1,0.0
IBSl,0,1,1,0.0
IBbB,0,1,1,0.0
IBbH,0,1,1,0.0
IBbN,1,1,2,0.5
IBbP,0,2,2,0.0
IBbb,0,1,1,0.0
IBbm,2,0,2,1.0
IBjD,0,1,1,0.0
IBjN,0,1,1,0.0
IBjS,1,0,1,1.0
IBjs,1,0,1,1.0
IBlB,2,0,2,1.0
IBlH,0,1,1,0.0
IBlI,0,1,1,0.0
IBlJ,0,0,0,
IBlL,1,0,1,1.0
IBlM,0,1,1,0.0
IBlN,1,0,1,1.0
IBlP,1,0,1,1.0
IBlS,0,2,2,0.0
IBmB,1,0,1,1.0
IBmH,0,1,1,0.0
IBmL,1,0,1,1.0
IBmM,2,0,2,1.0
IBmN,1,0,1,1.0
IBmP,2,0,2,1.0
IBmS,1,0,1,1.0
IBmm,0,0,0,
IBmn,0,1,1,0.0
IBnI,1,0,1,1.0
IBnK,1,0,1,1.0
IBnL,3,0,3,1.0
IBnM,0,1,1,0.0
IBnN,0,3,3,0.0
IBnP,1,1,2,0.5
IBnS,0,1,1,0.0
IBnb,1,0,1,1.0
IBnm,1,0,1,1.0
IBnn,1,0,1,1.0
IBsH,0,0,0,
IBsM,1,1,2,0.5
IBsm,0,1,1,0.0
IBtn,1,0,1,1.0
IDBN,1,0,1,1.0
IDDN,1,0,1,1.0
IDHM,0,2,2,0.0
IDHh,0,0,0,
IDMB,1,0,1,1.0
IDPB,0,0,0,
IDPL,1,0,1,1.0
IDPP,1,0,1,1.0
IDPm,1,0,1,1.0
IDPn,0,0,0,
IDSP,0,0,0,
IDbM,0,0,0,
IDbN,0,1,1,0.0
IDmN,0,1,1,0.0
IDnP,2,0,2,1.0
IDsB,0,1,1,0.0
IHBB,0,1,1,0.0
IHBL,0,1,1,0.0
IHBN,1,3,4,0.25
IHBP,0,1,1,0.0
IHBb,1,0,1,1.0
IHBm,2,1,3,0.67
IHBn,0,0,0,
IHBs,1,0,1,1.0
IHBt,1,0,1,1.0
IHDS,0,1,1,0.0
IHDl,0,1,1,0.0
IHHM,1,0,1,1.0
IHHN,0,0,0,
IHLB,0,0,0,
IHLM,0,1,1,0.0
IHLS,0,2,2,0.0
IHLh,0,1,1,0.0
IHMB,1,1,2,0.5
IHMM,1,0,1,1.0
IHMN,1,1,2,0.5
IHMP,0,1,1,0.0
IHMS,0,2,2,0.0
IHMb,1,0,1,1.0
IHMl,1,0,1,1.0
IHMm,1,0,1,1.0
IHMn,1,0,1,1.0
IHMs,0,0,0,
IHNB,0,1,1,0.0
IHNL,0,1,1,0.0
IHNN,2,1,3,0.67
IHNP,0,0,0,
IHNS,1,1,2,0.5
IHNb,0,2,2,0.0
IHNm,1,1,2,0.5
IHNn,0,1,1,0.0
IHNs,0,1,1,0.0
IHPL,0,1,1,0.0
IHPM,2,0,2,1.0
IHPN,1,0,1,1.0
IHPP,0,5,5,0.0
IHPS,1,0,1,1.0
IHPb,1,1,2,0.5
IHPh,0,1,1,0.0
IHPm,1,0,1,1.0
IHPs,0,1,1,0.0
IHPt,0,1,1,0.0
IHSD,0,1,1,0.0
IHSL,1,1,2,0.5
IHSN,1,0,1,1.0
IHSP,0,1,1,0.0
IHSS,1,0,1,1.0
IHSb,1,1,2,0.5
IHSn,0,1,1,0.0
IHbB,0,1,1,0.0
IHbI,0,1,1,0.0
IHbK,0,1,1,0.0
IHbN,1,0,1,1.0
IHbP,1,0,1,1.0
IHbb,2,3,5,0.4
IHbl,0,2,2,0.0
IHbm,0,1,1,0.0
IHbs,0,0,0,
IHhN,0,2,2,0.0
IHhP,2,1,3,0.67
IHhb,0,1,1,0.0
IHhs,0,1,1,0.0
IHlL,1,0,1,1.0
IHlN,0,2,2,0.0
IHln,1,0,1,1.0
IHmH,1,2,3,0.33
IHmI,1,1,2,0.5
IHmJ,1,0,1,1.0
IHmL,0,1,1,0.0
IHmM,0,1,1,0.0
IHmb,0,2,2,0.0
IHml,0,2,2,0.0
IHmm,0,1,1,0.0
IHms,1,0,1,1.0
IHnH,1,1,2,0.5
IHnK,0,0,0,
IHnM,1,1,2,0.5
IHnN,0,1,1,0.0
IHnP,2,0,2,1.0
IHnS,0,1,1,0.0
IHnn,3,1,4,0.75
IHns,2,0,2,1.0
IHsL,0,1,1,0.0
IHsN,0,1,1,0.0
IHsP,2,1,3,0.67
IHsS,1,0,1,1.0
IHsb,1,0,1,1.0
IHsm,0,1,1,0.0
IHsn,0,2,2,0.0
IHss,1,0,1,1.0
IHtN,0,1,1,0.0
IHtS,1,0,1,1.0
IIHL,1,0,1,1.0
IIHN,0,1,1,0.0
IIMn,1,0,1,1.0
IIPN,0,1,1,0.0
IISN,1,0,1,1.0
IISP,0,0,0,
IIbB,1,0,1,1.0
IImH,1,0,1,1.0
IInN,1,0,1,1.0
IInb,0,1,1,0.0
IKPB,1,0,1,1.0
IKSb,0,1,1,0.0
ILBB,0,1,1,0.0
ILBP,0,1,1,0.0
ILBb,0,0,0,
ILKN,0,1,1,0.0
ILKP,0,0,0,
ILKl,0,1,1,0.0
ILLN,0,0,0,
ILLn,1,0,1,1.0
ILMP,1,0,1,1.0
ILMb,0,1,1,0.0
ILMh,0,1,1,0.0
ILMl,1,1,2,0.5
ILMn,0,2,2,0.0
ILNB,0,1,1,0.0
ILNK,0,1,1,0.0
ILNM,2,1,3,0.67
ILNS,1,0,1,1.0
ILNn,0,1,1,0.0
ILNs,0,1,1,0.0
ILNt,0,1,1,0.0
ILPD,0,1,1,0.0
ILPL,1,0,1,1.0
ILPM,1,0,1,1.0
ILPN,0,1,1,0.0
ILPP,1,1,2,0.5
ILPS,0,1,1,0.0
ILPm,2,0,2,1.0
ILSS,1,0,1,1.0
ILSb,1,0,1,1.0
ILSs,1,0,1,1.0
ILbD,0,0,0,
ILbH,1,0,1,1.0
ILbI,1,0,1,1.0
ILbK,0,0,0,
ILbN,0,0,0,
ILbb,2,0,2,1.0
ILbn,0,1,1,0.0
ILhS,0,1,1,0.0
ILjH,0,1,1,0.0
ILjP,0,1,1,0.0
ILjb,0,1,1,0.0
ILlL,0,1,1,0.0
ILlM,1,0,1,1.0
ILlN,0,1,1,0.0
ILlP,1,0,1,1.0
ILmH,2,1,3,0.67
ILmP,1,0,1,1.0
ILmS,0,1,1,0.0
ILmm,1,0,1,1.0
ILms,0,0,0,
ILnH,0,1,1,0.0
ILnN,1,0,1,1.0
ILnP,1,0,1,1.0
ILnS,1,1,2,0.5
ILnm,0,2,2,0.0
ILns,1,1,2,0.5
ILsH,2,1,3,0.67
ILsP,1,0,1,1.0
ILsb,0,1,1,0.0
ILsn,1,0,1,1.0
ILss,1,0,1,1.0
ILtB,1,0,1,1.0
ILtH,1,0,1,1.0
ILtN,1,0,1,1.0
ILtt,0,1,1,0.0
IMBL,1,1,2,0.5
IMBM,1,0,1,1.0
IMBN,0,1,1,0.0
IMBP,1,1,2,0.5
IMBm,1,2,3,0.33
IMBn,2,0,2,1.0
IMBs,0,1,1,0.0
IMBt,0,1,1,0.0
IMDS,1,0,1,1.0
IMDm,0,0,0,
IMLB,1,1,2,0.5
IMLM,0,1,1,0.0
IMLN,0,1,1,0.0
IMLP,1,1,2,0.5
IMLb,1,0,1,1.0
IMMB,0,1,1,0.0
IMMD,0,1,1,0.0
IMML,1,0,1,1.0
IMMM,1,0,1,1.0
IMMN,1,4,5,0.2
IMMP,0,0,0,
IMMb,1,1,2,0.5
IMMm,1,0,1,1.0
IMMn,1,2,3,0.33
IMMs,1,1,2,0.5
IMNB,0,1,1,0.0
IMNM,0,1,1,0.0
IMNN,1,2,3,0.33
IMNP,0,0,0,
IMNS,0,1,1,0.0
IMNb,2,0,2,1.0
IMNh,1,0,1,1.0
IMNl,1,0,1,1.0
IMNm,1,0,1,1.0
IMNn,0,1,1,0.0
IMNs,0,1,1,0.0
IMPB,2,0,2,1.0
IMPI,0,2,2,0.0
IMPM,0,1,1,0.0
IMPN,0,2,2,0.0
IMPP,2,0,2,1.0
IMPS,0,0,0,
IMPb,2,0,2,1.0
IMPl,1,0,1,1.0
IMPm,0,0,0,
IMPn,2,0,2,1.0
IMPs,2,0,2,1.0
IMSP,1,1,2,0.5
IMSb,0,1,1,0.0
IMSm,0,1,1,0.0
IMSn,1,0,1,1.0
IMSs,0,1,1,0.0
IMbB,0,1,1,0.0
IMbK,0,1,1,0.0
IMbL,1,0,1,1.0
IMbN,1,0,1,1.0
IMbS,0,1,1,0.0
IMbb,1,0,1,1.0
IMbn,1,0,1,1.0
IMhM,0,1,1,0.0
IMhN,0,3,3,0.0
IMhS,0,4,4,0.0
IMhb,2,0,2,1.0
IMhh,1,1,2,0.5
IMhl,0,1,1,0.0
IMhm,1,1,2,0.5
IMhn,1,0,1,1.0
IMjM,1,1,2,0.5
IMjN,0,1,1,0.0
IMjs,1,0,1,1.0
IMlH,2,0,2,1.0
IMlM,2,0,2,1.0
IMlN,0,1,1,0.0
IMlP,1,0,1,1.0
IMlb,1,0,1,1.0
IMlm,0,1,1,0.0
IMln,1,0,1,1.0
IMmB,0,2,2,0.0
IMmH,0,1,1,0.0
IMmL,1,1,2,0.5
IMmN,2,1,3,0.67
IMmP,2,1,3,0.67
IMmS,0,1,1,0.0
IMmb,1,1,2,0.5
IMml,0,1,1,0.0
IMmm,1,0,1,1.0
IMmn,0,1,1,0.0
IMnB,0,2,2,0.0
IMnH,1,1,2,0.5
IMnI,1,0,1,1.0
IMnM,1,0,1,1.0
IMnN,2,3,5,0.4
IMnP,2,1,3,0.67
IMnS,0,1,1,0.0
IMnb,0,1,1,0.0
IMnl,0,1,1,0.0
IMnm,3,1,4,0.75
IMnn,1,2,3,0.33
IMns,1,0,1,1.0
IMsM,2,0,2,1.0
IMsS,0,1,1,0.0
IMsb,0,0,0,
IMsn,0,1,1,0.0
IMtB,1,0,1,1.0
IMtP,1,0,1,1.0
IMtS,0,1,1,0.0
IMtn,1,0,1,1.0
IMtt,1,0,1,1.0
INBL,0,2,2,0.0
INBM,2,0,2,1.0
INBN,2,4,6,0.33
INBP,0,0,0,
INBS,1,1,2,0.5
INBm,1,1,2,0.5
INBn,1,2,3,0.33
INDm,1,0,1,1.0
INHS,0,1,1,0.0
INHb,1,0,1,1.0
INKm,0,1,1,0.0
INLM,0,1,1,0.0
INLN,0,1,1,0.0
INLb,0,0,0,
INLh,1,0,1,1.0
INLj,0,0,0,
INLl,0,2,2,0.0
INLn,1,3,4,0.25
INML,1,1,2,0.5
INMM,1,0,1,1.0
INMN,0,2,2,0.0
INMb,2,1,3,0.67
INMh,0,2,2,0.0
INMl,1,0,1,1.0
INMn,1,1,2,0.5
INMs,1,0,1,1.0
INNB,1,1,2,0.5
INNL,0,2,2,0.0
INNM,2,0,2,1.0
INNN,1,1,2,0.5
INNP,2,2,4,0.5
INNh,0,1,1,0.0
INNl,0,1,1,0.0
INNm,1,1,2,0.5
INNs,1,0,1,1.0
INNt,0,1,1,0.0
INPB,1,0,1,1.0
INPD,2,0,2,1.0
INPI,0,1,1,0.0
INPL,1,0,1,1.0
INPM,3,5,8,0.38
INPN,2,2,4,0.5
INPP,2,1,3,0.67
INPS,2,0,2,1.0
INPb,1,2,3,0.33
INPl,1,0,1,1.0
INPm,1,1,2,0.5
INPn,0,3,3,0.0
INPs,1,2,3,0.33
INSB,1,0,1,1.0
INSM,1,1,2,0.5
INSN,1,1,2,0.5
INSP,1,0,1,1.0
INSh,0,0,0,
INSl,1,0,1,1.0
INSm,1,0,1,1.0
INSn,0,0,0,
INbB,0,0,0,
INbJ,1,0,1,1.0
INbN,0,1,1,0.0
INbP,0,1,1,0.0
INbm,2,0,2,1.0
INbn,0,1,1,0.0
INbs,1,1,2,0.5
INhB,0,2,2,0.0
INhN,1,0,1,1.0
INhn,0,1,1,0.0
INlB,1,2,3,0.33
INlM,0,2,2,0.0
INlN,1,0,1,1.0
INlS,0,1,1,0.0
INmB,0,0,0,
INmH,1,0,1,1.0
INmM,0,1,1,0.0
INmN,3,2,5,0.6
INmP,1,2,3,0.33
INmS,1,0,1,1.0
INmb,1,0,1,1.0
INml,2,0,2,1.0
INmm,1,0,1,1.0
INmn,2,0,2,1.0
INnH,2,1,3,0.67
INnL,0,1,1,0.0
INnM,1,1,2,0.5
INnN,4,3,7,0.57
INnP,1,0,1,1.0
INnS,3,0,3,1.0
INnb,1,3,4,0.25
INnl,0,1,1,0.0
INnm,0,1,1,0.0
INnn,2,0,2,1.0
INns,3,1,4,0.75
INsP,0,1,1,0.0
INsb,1,0,1,1.0
INsl,0,0,0,
INsm,1,0,1,1.0
INss,1,1,2,0.5
INtS,0,0,0,
IPBB,0,0,0,
IPBL,0,1,1,0.0
IPBM,1,1,2,0.5
IPBN,1,0,1,1.0
IPBP,2,0,2,1.0
IPBS,1,1,2,0.5
IPBb,1,0,1,1.0
IPBh,2,0,2,1.0
IPBm,0,1,1,0.0
IPBt,0,1,1,0.0
IPHN,1,0,1,1.0
IPHl,1,1,2,0.5
IPHm,0,1,1,0.0
IPHn,0,1,1,0.0
IPHs,1,0,1,1.0
IPIl,1,0,1,1.0
IPIn,1,2,3,0.33
IPIs,1,0,1,1.0
IPLD,1,0,1,1.0
IPLL,0,1,1,0.0
IPLM,0,1,1,0.0
IPLN,1,0,1,1.0
IPLP,1,0,1,1.0
IPLb,1,0,1,1.0
IPLl,1,1,2,0.5
IPLm,0,2,2,0.0
IPLn,0,2,2,0.0
IPLt,0,0,0,
IPMB,2,0,2,1.0
IPML,0,0,0,
IPMM,4,1,5,0.8
IPMN,1,0,1,1.0
IPMP,0,1,1,0.0
IPMS,1,2,3,0.33
IPMb,2,2,4,0.5
IPMh,1,0,1,1.0
IPMl,1,0,1,1.0
IPMm,1,0,1,1.0
IPMn,5,3,8,0.62
IPMs,0,1,1,0.0
IPMt,1,0,1,1.0
IPNM,1,0,1,1.0
IPNP,4,0,4,1.0
IPNb,1,2,3,0.33
IPNh,1,1,2,0.5
IPNl,0,1,1,0.0
IPNm,1,1,2,0.5
IPNn,1,2,3,0.33
IPNs,0,2,2,0.0
IPNt,1,0,1,1.0
IPPB,1,1,2,0.5
IPPH,1,1,2,0.5
IPPL,1,0,1,1.0
IPPM,0,5,5,0.0
IPPN,1,1,2,0.5
IPPP,2,3,5,0.4
IPPS,2,2,4,0.5
IPPb,1,3,4,0.25
IPPl,1,4,5,0.2
IPPm,2,5,7,0.29
IPPn,0,4,4,0.0
IPPt,0,1,1,0.0
IPSH,1,0,1,1.0
IPSM,0,2,2,0.0
IPSP,0,1,1,0.0
IPSS,1,1,2,0.5
IPSh,0,0,0,
IPSl,1,0,1,1.0
IPSm,0,1,1,0.0
IPSn,0,0,0,
IPSs,0,1,1,0.0
IPSt,0,1,1,0.0
IPbB,0,1,1,0.0
IPbL,0,0,0,
IPbM,1,0,1,1.0
IPbN,1,0,1,1.0
IPbP,0,2,2,0.0
IPbS,1,0,1,1.0
IPbb,1,0,1,1.0
IPbl,0,2,2,0.0
IPbm,2,2,4,0.5
IPbs,1,0,1,1.0
IPhh,1,0,1,1.0
IPlH,2,0,2,1.0
IPlN,1,0,1,1.0
IPlP,0,1,1,0.0
IPlS,0,0,0,
IPlb,1,0,1,1.0
IPlm,0,1,1,0.0
IPln,0,1,1,0.0
IPls,0,1,1,0.0
IPmH,0,1,1,0.0
IPmJ,0,2,2,0.0
IPmL,0,2,2,0.0
IPmM,1,1,2,0.5
IPmP,1,2,3,0.33
IPmS,0,1,1,0.0
IPml,1,3,4,0.25
IPmm,1,0,1,1.0
IPmn,1,0,1,1.0
IPnB,2,0,2,1.0
IPnI,1,0,1,1.0
IPnM,1,1,2,0.5
IPnN,1,1,2,0.5
IPnP,2,0,2,1.0
IPnS,0,0,0,
IPnb,1,2,3,0.33
IPnl,1,1,2,0.5
IPnm,2,0,2,1.0
IPns,1,1,2,0.5
IPsH,2,1,3,0.67
IPsI,1,0,1,1.0
IPsL,1,1,2,0.5
IPsM,0,0,0,
IPsN,3,1,4,0.75
IPsl,2,0,2,1.0
IPsn,0,1,1,0.0
IPtN,0,1,1,0.0
IPtb,1,0,1,1.0
IPtm,0,1,1,0.0
ISBB,1,0,1,1.0
ISBM,2,0,2,1.0
ISBb,1,0,1,1.0
ISBj,0,1,1,0.0
ISBm,1,0,1,1.0
ISBn,0,1,1,0.0
ISBs,1,0,1,1.0
ISHB,1,0,1,1.0
ISHM,0,1,1,0.0
ISHP,0,0,0,
ISHn,1,2,3,0.33
ISLB,1,0,1,1.0
ISLh,1,0,1,1.0
ISLm,1,0,1,1.0
ISLn,0,1,1,0.0
ISMB,0,1,1,0.0
ISMM,1,0,1,1.0
ISMN,1,0,1,1.0
ISMP,1,1,2,0.5
ISMS,0,0,0,
ISMb,1,1,2,0.5
ISMh,0,2,2,0.0
ISMj,1,0,1,1.0
ISMs,1,1,2,0.5
ISNL,0,1,1,0.0
ISNM,0,0,0,
ISNN,0,0,0,
ISNP,2,1,3,0.67
ISNS,1,0,1,1.0
ISNh,0,0,0,
ISNm,1,0,1,1.0
ISNn,1,2,3,0.33
ISNt,0,1,1,0.0
ISPB,1,0,1,1.0
ISPH,1,0,1,1.0
ISPL,1,0,1,1.0
ISPM,1,1,2,0.5
ISPN,1,3,4,0.25
ISPP,3,0,3,1.0
ISPb,0,1,1,0.0
ISPl,0,1,1,0.0
ISPm,0,1,1,0.0
ISPs,0,3,3,0.0
ISSL,1,0,1,1.0
ISSM,0,1,1,0.0
ISSS,1,0,1,1.0
ISSb,0,2,2,0.0
ISSs,0,0,0,
ISSt,1,0,1,1.0
ISbL,0,1,1,0.0
ISbN,1,0,1,1.0
ISbP,1,1,2,0.5
ISbS,0,1,1,0.0
ISbb,1,1,2,0.5
IShM,0,1,1,0.0
IShN,0,1,1,0.0
IShP,1,0,1,1.0
IShb,1,0,1,1.0
IShl,0,1,1,0.0
IShs,0,1,1,0.0
ISlM,0,0,0,
ISlN,0,1,1,0.0
ISlb,0,0,0,
ISmH,0,1,1,0.0
ISmM,1,0,1,1.0
ISmN,1,0,1,1.0
ISmP,0,2,2,0.0
ISmm,1,0,1,1.0
ISmn,0,1,1,0.0
ISnB,1,1,2,0.5
ISnL,0,1,1,0.0
ISnP,0,1,1,0.0
ISnS,1,2,3,0.33
ISnb,1,1,2,0.5
ISnm,0,1,1,0.0
ISns,0,1,1,0.0
ISsD,0,1,1,0.0
ISsH,0,2,2,0.0
ISsL,0,1,1,0.0
ISsM,1,1,2,0.5
ISsN,0,1,1,0.0
ISsP,2,1,3,0.67
ISsS,0,1,1,0.0
ISsm,0,1,1,0.0
ISsn,2,0,2,1.0
ISst,1,0,1,1.0
IStM,0,1,1,0.0
IStN,1,0,1,1.0
IStl,1,0,1,1.0
IbBB,1,1,2,0.5
IbBM,0,0,0,
IbBN,1,2,3,0.33
IbBP,1,0,1,1.0
IbBS,0,2,2,0.0
IbBb,1,1,2,0.5
IbBh,0,1,1,0.0
IbDH,0,1,1,0.0
IbHH,0,1,1,0.0
IbHL,0,0,0,
IbHN,1,0,1,1.0
IbHh,0,1,1,0.0
IbHn,0,2,2,0.0
IbHs,1,1,2,0.5
IbIM,0,1,1,0.0
IbIm,1,0,1,1.0
IbJB,0,0,0,
IbJH,0,1,1,0.0
IbJM,1,0,1,1.0
IbJN,1,0,1,1.0
IbJb,0,1,1,0.0
IbJh,0,1,1,0.0
IbKS,0,1,1,0.0
IbKs,1,0,1,1.0
IbLM,1,2,3,0.33
IbLN,2,1,3,0.67
IbLP,0,1,1,0.0
IbLS,1,0,1,1.0
IbLt,1,0,1,1.0
IbMB,1,0,1,1.0
IbML,1,0,1,1.0
IbMM,3,1,4,0.75
IbMN,1,0,1,1.0
IbMP,2,0,2,1.0
IbMS,0,2,2,0.0
IbMb,1,0,1,1.0
IbMh,1,1,2,0.5
IbMj,2,0,2,1.0
IbMl,0,2,2,0.0
IbMm,0,1,1,0.0
IbMn,1,0,1,1.0
IbMt,0,1,1,0.0
IbNB,1,1,2,0.5
IbNH,0,1,1,0.0
IbNL,0,0,0,
IbNM,1,1,2,0.5
IbNN,1,1,2,0.5
IbNP,0,2,2,0.0
IbNS,0,0,0,
IbNb,1,0,1,1.0
IbNm,0,1,1,0.0
IbNs,2,1,3,0.67
IbPB,2,1,3,0.67
IbPH,0,1,1,0.0
IbPL,2,0,2,1.0
IbPM,0,2,2,0.0
IbPN,3,0,3,1.0
IbPP,0,1,1,0.0
IbPS,0,3,3,0.0
IbPb,3,0,3,1.0
IbPl,1,0,1,1.0
IbPm,1,0,1,1.0
IbPn,2,1,3,0.67
IbSL,1,0,1,1.0
IbSM,1,1,2,0.5
IbSN,0,1,1,0.0
IbSP,3,0,3,1.0
IbSb,1,1,2,0.5
IbSm,1,1,2,0.5
IbSn,0,1,1,0.0
IbbB,0,4,4,0.0
IbbM,2,2,4,0.5
IbbN,3,0,3,1.0
Ibbb,1,1,2,0.5
Ibbl,1,0,1,1.0
Ibbm,0,2,2,0.0
Ibbn,1,1,2,0.5
Ibbs,2,1,3,0.67
IblB,1,0,1,1.0
IblL,1,0,1,1.0
Iblb,1,1,2,0.5
Ibln,1,1,2,0.5
IbmH,0,1,1,0.0
IbmI,0,1,1,0.0
IbmL,0,1,1,0.0
IbmN,0,0,0,
IbmP,3,2,5,0.6
IbmS,1,0,1,1.0
Ibmb,0,1,1,0.0
Ibmm,1,0,1,1.0
Ibmn,2,0,2,1.0
IbnB,1,0,1,1.0
IbnH,0,0,0,
IbnI,0,1,1,0.0
IbnN,1,1,2,0.5
IbnP,0,3,3,0.0
IbnS,1,0,1,1.0
Ibnb,2,1,3,0.67
Ibnm,1,0,1,1.0
Ibnn,2,1,3,0.67
Ibns,0,0,0,
IbsM,0,1,1,0.0
IbsS,0,1,1,0.0
Ibsb,1,1,2,0.5
Ibsm,0,1,1,0.0
IhtP,0,1,1,0.0
IlBB,1,0,1,1.0
IlBM,1,0,1,1.0
IlBN,0,0,0,
IlBS,0,1,1,0.0
IlBb,1,1,2,0.5
IlBm,1,0,1,1.0
IlBs,1,1,2,0.5
IlDs,1,0,1,1.0
IlHM,0,0,0,
IlHN,0,1,1,0.0
IlHP,1,0,1,1.0
IlHb,1,0,1,1.0
IlHn,1,0,1,1.0
IlHs,0,1,1,0.0
IlJm,0,0,0,
IlKP,1,0,1,1.0
IlLb,0,1,1,0.0
IlLn,1,0,1,1.0
IlMl,0,2,2,0.0
IlMm,0,0,0,
IlMn,0,0,0,
IlMs,1,0,1,1.0
IlMt,1,0,1,1.0
IlNM,1,1,2,0.5
IlNb,1,0,1,1.0
IlNm,0,1,1,0.0
IlPB,0,0,0,
IlPL,1,0,1,1.0
IlPP,1,0,1,1.0
IlPb,1,0,1,1.0
IlPn,2,1,3,0.67
IlSL,0,1,1,0.0
IlSP,0,1,1,0.0
IlSS,1,0,1,1.0
IlSm,0,1,1,0.0
IlSn,1,0,1,1.0
IlSs,1,2,3,0.33
IlbD,1,0,1,1.0
IlbH,0,0,0,
IlbL,0,1,1,0.0
IlbM,0,2,2,0.0
IlbN,0,1,1,0.0
IlbP,1,0,1,1.0
Ilbb,0,1,1,0.0
Ilbs,1,0,1,1.0
IllB,1,0,1,1.0
IllL,1,0,1,1.0
IllN,1,0,1,1.0
IllP,0,1,1,0.0
Illb,0,1,1,0.0
IlmD,0,1,1,0.0
IlmP,1,0,1,1.0
Ilmm,1,0,1,1.0
Ilmn,1,1,2,0.5
IlnN,0,0,0,
IlnP,0,1,1,0.0
Ilnl,0,0,0,
IlsM,1,0,1,1.0
IlsN,0,1,1,0.0
IlsS,0,0,0,
Ilsb,0,1,1,0.0
Ilss,0,1,1,0.0
ImBB,1,0,1,1.0
ImBP,1,1,2,0.5
ImBS,0,1,1,0.0
ImBb,1,0,1,1.0
ImBm,1,0,1,1.0
ImDm,1,0,1,1.0
ImHL,1,0,1,1.0
ImHN,0,0,0,
ImHP,1,1,2,0.5
ImHS,0,1,1,0.0
ImHb,0,1,1,0.0
ImHm,0,1,1,0.0
ImHn,0,1,1,0.0
ImIl,0,1,1,0.0
ImIn,1,0,1,1.0
ImJM,0,1,1,0.0
ImLB,1,1,2,0.5
ImLM,0,1,1,0.0
ImLN,0,1,1,0.0
ImLP,1,0,1,1.0
ImLm,0,1,1,0.0
ImLt,1,0,1,1.0
ImMB,1,1,2,0.5
ImML,1,1,2,0.5
ImMM,0,1,1,0.0
ImMN,1,2,3,0.33
ImMP,1,0,1,1.0
ImMS,0,2,2,0.0
ImMb,1,0,1,1.0
ImMj,0,1,1,0.0
ImMn,1,1,2,0.5
ImMs,0,1,1,0.0
ImMt,0,1,1,0.0
ImNL,0,1,1,0.0
ImNM,1,0,1,1.0
ImNN,0,1,1,0.0
ImNP,3,1,4,0.75
ImNl,0,0,0,
ImNm,0,1,1,0.0
ImNn,3,0,3,1.0
ImNs,0,1,1,0.0
ImPB,1,0,1,1.0
ImPD,0,0,0,
ImPK,0,1,1,0.0
ImPL,1,0,1,1.0
ImPN,1,1,2,0.5
ImPP,0,2,2,0.0
ImPS,1,1,2,0.5
ImPb,1,0,1,1.0
ImPh,1,0,1,1.0
ImPn,0,1,1,0.0
ImPs,0,1,1,0.0
ImSh,2,0,2,1.0
ImSn,0,1,1,0.0
ImSs,2,0,2,1.0
ImbB,0,1,1,0.0
ImbJ,0,1,1,0.0
ImbM,1,0,1,1.0
ImbN,0,0,0,
ImbP,0,0,0,
Imbb,2,1,3,0.67
Imbn,2,1,3,0.67
ImlM,0,1,1,0.0
ImlS,1,0,1,1.0
Imlb,1,0,1,1.0
ImmM,2,0,2,1.0
ImmN,1,0,1,1.0
ImmP,2,0,2,1.0
Immb,2,0,2,1.0
Immm,1,0,1,1.0
Immn,2,1,3,0.67
ImnM,0,2,2,0.0
ImnN,0,3,3,0.0
ImnP,1,1,2,0.5
ImnS,2,0,2,1.0
Imnb,1,0,1,1.0
Imnl,1,0,1,1.0
Imnn,2,0,2,1.0
Imns,0,1,1,0.0
ImsH,1,0,1,1.0
ImsS,1,0,1,1.0
Imsb,0,1,1,0.0
Imsl,1,0,1,1.0
Imsm,1,0,1,1.0
Imsn,1,1,2,0.5
Imss,0,1,1,0.0
InBB,0,1,1,0.0
InBM,2,1,3,0.67
InBN,2,0,2,1.0
InBP,1,0,1,1.0
InBS,0,0,0,
InBj,1,0,1,1.0
InBl,1,0,1,1.0
InBs,1,0,1,1.0
InDN,0,1,1,0.0
InDb,1,1,2,0.5
InDn,0,0,0,
InHN,0,0,0,
InHP,1,0,1,1.0
InHb,0,0,0,
InHh,1,0,1,1.0
InHn,0,1,1,0.0
InHs,2,0,2,1.0
InKn,0,1,1,0.0
InLB,0,1,1,0.0
InLN,1,0,1,1.0
InLP,1,0,1,1.0
InLl,0,0,0,
InLm,1,0,1,1.0
InMN,1,1,2,0.5
InMP,1,1,2,0.5
InMS,0,0,0,
InMl,0,0,0,
InMm,1,0,1,1.0
InMt,1,0,1,1.0
InNB,1,0,1,1.0
InNL,0,1,1,0.0
InNM,1,2,3,0.33
InNN,1,1,2,0.5
InNP,1,0,1,1.0
InNS,0,1,1,0.0
InNh,2,0,2,1.0
InNl,0,1,1,0.0
InNm,1,0,1,1.0
InNn,2,1,3,0.67
InNs,0,1,1,0.0
InNt,0,1,1,0.0
InPB,0,0,0,
InPI,1,0,1,1.0
InPL,0,0,0,
InPM,1,0,1,1.0
InPN,0,3,3,0.0
InPP,1,0,1,1.0
InPS,0,1,1,0.0
InPb,2,2,4,0.5
InPm,2,1,3,0.67
InPn,0,4,4,0.0
InPs,1,0,1,1.0
InSN,1,0,1,1.0
InSS,1,0,1,1.0
InSs,1,0,1,1.0
InSt,0,1,1,0.0
InbB,0,2,2,0.0
InbH,1,0,1,1.0
InbM,1,0,1,1.0
InbN,1,0,1,1.0
InbP,1,0,1,1.0
InbS,1,1,2,0.5
Inbb,2,0,2,1.0
Inbl,2,1,3,0.67
Inbm,2,0,2,1.0
Inbn,0,1,1,0.0
Inbs,1,0,1,1.0
InlB,0,1,1,0.0
InlH,1,0,1,1.0
InlL,1,0,1,1.0
InlM,2,0,2,1.0
Inlb,1,0,1,1.0
InmB,0,0,0,
InmH,2,0,2,1.0
InmL,0,1,1,0.0
InmN,1,2,3,0.33
InmP,2,1,3,0.67
InmS,1,0,1,1.0
Inmm,0,1,1,0.0
Inmn,0,0,0,
Inms,1,0,1,1.0
InnL,1,0,1,1.0
InnN,0,1,1,0.0
InnP,0,1,1,0.0
InnS,1,0,1,1.0
Innb,0,1,1,0.0
Innm,0,1,1,0.0
Innn,3,1,4,0.75
InsB,0,0,0,
InsH,0,1,1,0.0
InsM,2,1,3,0.67
InsS,0,0,0,
Insl,0,0,0,
Insn,2,2,4,0.5
IsBB,0,2,2,0.0
IsBN,0,1,1,0.0
IsBP,1,0,1,1.0
IsBh,1,0,1,1.0
IsBm,1,0,1,1.0
IsDb,0,1,1,0.0
IsHB,0,1,1,0.0
IsHM,1,0,1,1.0
IsHN,2,1,3,0.67
IsHP,0,1,1,0.0
IsHb,0,1,1,0.0
IsHm,0,1,1,0.0
IsHn,1,0,1,1.0
IsHt,1,0,1,1.0
IsIS,0,0,0,
IsIm,0,1,1,0.0
IsKm,0,1,1,0.0
IsLB,1,1,2,0.5
IsLP,0,1,1,0.0
IsLl,0,0,0,
IsLs,1,1,2,0.5
IsMB,0,2,2,0.0
IsMM,2,1,3,0.67
IsMN,0,1,1,0.0
IsMP,1,2,3,0.33
IsMS,1,0,1,1.0
IsMn,1,1,2,0.5
IsNB,2,1,3,0.67
IsNH,1,1,2,0.5
IsNM,3,0,3,1.0
IsNn,1,0,1,1.0
IsPB,0,1,1,0.0
IsPI,0,0,0,
IsPM,1,2,3,0.33
IsPP,0,1,1,0.0
IsPS,1,1,2,0.5
IsPb,0,1,1,0.0
IsPl,1,0,1,1.0
IsPn,1,0,1,1.0
IsSH,0,1,1,0.0
IsSM,0,1,1,0.0
IsSN,1,1,2,0.5
IsSP,0,0,0,
IsSS,0,1,1,0.0
IsSb,0,1,1,0.0
IsSm,0,2,2,0.0
IsSn,0,0,0,
IsSs,0,1,1,0.0
IsbH,0,0,0,
IsbI,1,0,1,1.0
IsbL,1,0,1,1.0
IsbN,0,1,1,0.0
IsbP,2,1,3,0.67
IsbS,0,1,1,0.0
Isbm,0,0,0,
Isbn,0,1,1,0.0
IslH,1,1,2,0.5
Isll,0,1,1,0.0
IsmB,2,0,2,1.0
IsmM,0,1,1,0.0
IsmP,1,0,1,1.0
IsmS,0,0,0,
Ismb,0,2,2,0.0
Ismm,0,1,1,0.0
IsnH,0,1,1,0.0
IsnN,0,0,0,
Isnb,0,1,1,0.0
IssB,0,2,2,0.0
IssP,0,1,1,0.0
IssS,0,0,0,
Issb,0,0,0,
Issm,0,0,0,
Isss,0,1,1,0.0
ItHb,0,1,1,0.0
ItNS,1,0,1,1.0
ItSM,1,0,1,1.0
ItSN,1,0,1,1.0
ItnS,0,0,0,
Itnt,1,0,1,1.0
ItsS,1,0,1,1.0
JBBL,1,1,2,0.5
JBBN,1,0,1,1.0
JBBP,0,0,0,
JBBb,1,0,1,1.0
JBBh,0,1,1,0.0
JBBn,1,0,1,1.0
JBBs,0,0,0,
JBKH,1,0,1,1.0
JBKM,1,0,1,1.0
JBKs,1,0,1,1.0
JBLD,0,1,1,0.0
JBLM,1,1,2,0.5
JBLP,0,1,1,0.0
JBLh,1,0,1,1.0
JBLj,2,0,2,1.0
JBLl,2,0,2,1.0
JBLm,2,0,2,1.0
JBLs,1,0,1,1.0
JBMB,1,0,1,1.0
JBMN,0,1,1,0.0
JBMb,0,1,1,0.0
JBMh,1,0,1,1.0
JBMm,1,2,3,0.33
JBMs,0,0,0,
JBNL,0,2,2,0.0
JBNN,1,2,3,0.33
JBNP,0,1,1,0.0
JBNS,1,0,1,1.0
JBNb,0,1,1,0.0
JBNl,1,0,1,1.0
JBNn,1,0,1,1.0
JBNt,0,1,1,0.0
JBPB,1,0,1,1.0
JBPH,0,1,1,0.0
JBPM,0,1,1,0.0
JBPP,0,0,0,
JBPb,2,1,3,0.67
JBPl,1,0,1,1.0
JBPm,1,1,2,0.5
JBPn,0,2,2,0.0
JBPs,0,1,1,0.0
JBSM,1,0,1,1.0
JBSh,1,0,1,1.0
JBSl,1,0,1,1.0
JBSm,0,1,1,0.0
JBSn,1,1,2,0.5
JBbB,1,0,1,1.0
JBbL,0,1,1,0.0
JBbM,0,1,1,0.0
JBbN,1,1,2,0.5
JBbP,1,1,2,0.5
JBbS,1,0,1,1.0
JBbb,1,0,1,1.0
JBjB,1,0,1,1.0
JBjK,0,1,1,0.0
JBjS,0,1,1,0.0
JBjb,0,1,1,0.0
JBjh,1,1,2,0.5
JBjs,0,1,1,0.0
JBjt,1,1,2,0.5
JBlB,0,0,0,
JBlI,0,1,1,0.0
JBlN,0,1,1,0.0
JBlP,1,0,1,1.0
JBlb,0,0,0,
JBlm,2,0,2,1.0
JBmH,0,3,3,0.0
JBmL,0,0,0,
JBmP,1,0,1,1.0
JBmn,2,0,2,1.0
JBnB,1,0,1,1.0
JBnH,0,1,1,0.0
JBnL,1,0,1,1.0
JBnN,0,1,1,0.0
JBnP,1,4,5,0.2
JBnS,0,1,1,0.0
JBnb,0,2,2,0.0
JBnm,1,0,1,1.0
JBnn,3,0,3,1.0
JBns,2,0,2,1.0
JBsH,1,1,2,0.5
JBsM,0,1,1,0.0
JBsN,0,1,1,0.0
JBsP,1,2,3,0.33
JBsm,0,1,1,0.0
JBsn,1,0,1,1.0
JBtH,1,0,1,1.0
JBtL,0,1,1,0.0
JBtP,1,0,1,1.0
JDHP,0,1,1,0.0
JDMP,0,1,1,0.0
JDPM,1,0,1,1.0
JDhn,1,0,1,1.0
JHBM,1,1,2,0.5
JHBP,0,1,1,0.0
JHBm,0,1,1,0.0
JHHB,0,1,1,0.0
JHII,0,1,1,0.0
JHIP,1,0,1,1.0
JHKm,0,1,1,0.0
JHLB,0,1,1,0.0
JHLb,0,1,1,0.0
JHLm,1,0,1,1.0
JHLn,1,0,1,1.0
JHLs,0,1,1,0.0
JHMN,1,1,2,0.5
JHMP,0,0,0,
JHMS,0,0,0,
JHMb,0,1,1,0.0
JHMh,1,0,1,1.0
JHMj,1,0,1,1.0
JHMl,1,1,2,0.5
JHMm,2,0,2,1.0
JHNN,1,1,2,0.5
JHNP,1,0,1,1.0
JHNl,1,1,2,0.5
JHPH,1,0,1,1.0
JHPL,1,0,1,1.0
JHPP,2,0,2,1.0
JHPS,0,0,0,
JHPb,0,2,2,0.0
JHPh,1,0,1,1.0
JHPl,1,0,1,1.0
JHPm,2,1,3,0.67
JHPn,0,1,1,0.0
JHSS,0,1,1,0.0
JHSb,0,1,1,0.0
JHSl,1,1,2,0.5
JHSn,1,0,1,1.0
JHSs,0,1,1,0.0
JHbH,1,0,1,1.0
JHbb,1,1,2,0.5
JHbm,2,0,2,1.0
JHbs,1,0,1,1.0
JHhb,0,1,1,0.0
JHhh,1,0,1,1.0
JHhl,0,1,1,0.0
JHlH,0,0,0,
JHlM,0,1,1,0.0
JHlN,0,2,2,0.0
JHmD,0,1,1,0.0
JHmH,0,1,1,0.0
JHmM,1,0,1,1.0
JHmN,0,1,1,0.0
JHmm,1,1,2,0.5
JHnB,0,1,1,0.0
JHnH,0,1,1,0.0
JHnM,2,0,2,1.0
JHnP,0,0,0,
JHnS,0,1,1,0.0
JHnm,0,0,0,
JHnn,3,0,3,1.0
JHsb,2,0,2,1.0
JHsm,0,1,1,0.0
JHsn,0,0,0,
JHtB,1,0,1,1.0
JIDH,1,0,1,1.0
JIHm,0,1,1,0.0
JIMP,0,1,1,0.0
JINS,0,0,0,
JINm,0,0,0,
JIPP,0,0,0,
JISS,1,0,1,1.0
JIbI,0,1,1,0.0
JIbM,0,1,1,0.0
JImM,1,0,1,1.0
JInP,1,0,1,1.0
JIsn,1,0,1,1.0
JKMP,0,1,1,0.0
JKNP,1,0,1,1.0
JKPM,1,0,1,1.0
JKPb,1,0,1,1.0
JKSL,0,1,1,0.0
JKSl,0,1,1,0.0
JKhn,0,1,1,0.0
JKmN,0,1,1,0.0
JLBN,0,2,2,0.0
JLBm,1,0,1,1.0
JLBn,1,1,2,0.5
JLDB,0,1,1,0.0
JLDP,0,1,1,0.0
JLLB,0,1,1,0.0
JLLL,0,1,1,0.0
JLLM,0,0,0,
JLLS,0,1,1,0.0
JLLj,1,0,1,1.0
JLMB,0,1,1,0.0
JLML,0,1,1,0.0
JLMN,1,0,1,1.0
JLMP,0,1,1,0.0
JLMb,0,1,1,0.0
JLMj,1,0,1,1.0
JLMs,0,2,2,0.0
JLNB,0,1,1,0.0
JLNh,0,1,1,0.0
JLNm,1,1,2,0.5
JLNn,0,1,1,0.0
JLPP,1,0,1,1.0
JLPb,1,0,1,1.0
JLPs,1,1,2,0.5
JLSN,0,1,1,0.0
JLSP,1,2,3,0.33
JLSm,1,0,1,1.0
JLSt,1,0,1,1.0
JLbB,0,1,1,0.0
JLbN,0,0,0,
JLbP,0,2,2,0.0
JLbS,0,2,2,0.0
JLbb,1,2,3,0.33
JLbm,0,1,1,0.0
JLhS,1,0,1,1.0
JLhm,0,1,1,0.0
JLhs,1,0,1,1.0
JLjL,1,1,2,0.5
JLjb,1,0,1,1.0
JLlM,0,2,2,0.0
JLlN,1,1,2,0.5
JLlP,0,1,1,0.0
JLlS,0,0,0,
JLlb,0,1,1,0.0
JLll,0,1,1,0.0
JLls,1,0,1,1.0
JLmB,1,0,1,1.0
JLmN,1,0,1,1.0
JLmP,0,1,1,0.0
JLnL,0,0,0,
JLnN,1,0,1,1.0
JLnb,0,1,1,0.0
JLnm,2,2,4,0.5
JLns,0,0,0,
JLsl,1,0,1,1.0
JLsn,0,1,1,0.0
JMBM,0,1,1,0.0
JMBN,0,0,0,
JMBS,1,0,1,1.0
JMBb,1,1,2,0.5
JMBl,1,1,2,0.5
JMBm,0,1,1,0.0
JMBn,2,1,3,0.67
JMBs,0,1,1,0.0
JMLB,0,0,0,
JMLM,1,0,1,1.0
JMLN,0,1,1,0.0
JMLP,1,0,1,1.0
JMLS,2,0,2,1.0
JMLb,1,1,2,0.5
JMLl,0,1,1,0.0
JMLm,1,0,1,1.0
JMLn,1,0,1,1.0
JMMB,0,0,0,
JMMN,0,1,1,0.0
JMMP,1,0,1,1.0
JMMS,0,2,2,0.0
JMMb,0,1,1,0.0
JMMh,1,1,2,0.5
JMMm,0,1,1,0.0
JMMn,1,1,2,0.5
JMMs,2,1,3,0.67
JMNB,0,0,0,
JMNH,0,0,0,
JMNL,0,1,1,0.0
JMNM,0,1,1,0.0
JMNN,0,1,1,0.0
JMNP,0,1,1,0.0
JMNb,3,1,4,0.75
JMNh,0,1,1,0.0
JMNl,0,0,0,
JMNm,1,0,1,1.0
JMNn,2,0,2,1.0
JMPH,1,0,1,1.0
JMPK,1,0,1,1.0
JMPL,0,1,1,0.0
JMPM,1,2,3,0.33
JMPN,0,1,1,0.0
JMPP,3,0,3,1.0
JMPS,0,2,2,0.0
JMPb,0,0,0,
JMPm,0,2,2,0.0
JMPn,1,1,2,0.5
JMPs,0,1,1,0.0
JMSH,0,2,2,0.0
JMSM,0,1,1,0.0
JMSS,1,1,2,0.5
JMSb,3,0,3,1.0
JMSh,0,1,1,0.0
JMSm,1,0,1,1.0
JMbL,1,1,2,0.5
JMbM,2,0,2,1.0
JMbN,1,0,1,1.0
JMbP,1,0,1,1.0
JMbb,1,1,2,0.5
JMbl,0,1,1,0.0
JMbm,0,1,1,0.0
JMbn,0,1,1,0.0
JMhB,1,0,1,1.0
JMhH,0,1,1,0.0
JMhM,1,0,1,1.0
JMhS,0,1,1,0.0
JMhb,0,0,0,
JMhm,0,1,1,0.0
JMhn,0,2,2,0.0
JMjB,0,1,1,0.0
JMjN,0,1,1,0.0
JMjh,0,1,1,0.0
JMjn,1,0,1,1.0
JMjt,0,1,1,0.0
JMlB,1,0,1,1.0
JMlH,0,1,1,0.0
JMlM,0,1,1,0.0
JMlP,0,2,2,0.0
JMlb,0,1,1,0.0
JMll,0,0,0,
JMlm,1,0,1,1.0
JMln,0,1,1,0.0
JMmB,1,0,1,1.0
JMmH,0,1,1,0.0
JMmL,0,0,0,
JMmM,1,1,2,0.5
JMmN,1,2,3,0.33
JMmP,4,2,6,0.67
JMmS,1,0,1,1.0
JMmb,0,1,1,0.0
JMmm,1,1,2,0.5
JMmn,0,2,2,0.0
JMnB,2,1,3,0.67
JMnH,2,0,2,1.0
JMnI,1,0,1,1.0
JMnL,0,2,2,0.0
JMnM,1,1,2,0.5
JMnN,3,2,5,0.6
JMnP,2,1,3,0.67
JMnS,1,2,3,0.33
JMnb,1,1,2,0.5
JMnh,1,0,1,1.0
JMnl,0,1,1,0.0
JMnm,0,0,0,
JMnn,0,0,0,
JMns,1,0,1,1.0
JMsH,2,0,2,1.0
JMsP,1,1,2,0.5
JMsS,0,2,2,0.0
JMsl,1,1,2,0.5
JMsm,0,1,1,0.0
JMsn,0,1,1,0.0
JMss,1,0,1,1.0
JMtN,1,0,1,1.0
JMtS,1,0,1,1.0
JMtb,1,0,1,1.0
JNBK,1,0,1,1.0
JNBM,0,1,1,0.0
JNBN,1,0,1,1.0
JNBP,0,2,2,0.0
JNBS,1,0,1,1.0
JNBb,1,0,1,1.0
JNBm,0,2,2,0.0
JNHM,1,0,1,1.0
JNHN,0,1,1,0.0
JNHb,0,1,1,0.0
JNHs,1,0,1,1.0
JNKB,0,1,1,0.0
JNKM,0,1,1,0.0
JNKn,0,2,2,0.0
JNLB,0,1,1,0.0
JNLL,0,1,1,0.0
JNLP,1,0,1,1.0
JNLb,1,0,1,1.0
JNLh,0,0,0,
JNLj,0,1,1,0.0
JNLn,0,2,2,0.0
JNLs,1,0,1,1.0
JNMM,0,1,1,0.0
JNMN,1,0,1,1.0
JNMP,1,0,1,1.0
JNMS,1,1,2,0.5
JNMb,0,1,1,0.0
JNMh,0,1,1,0.0
JNMj,1,0,1,1.0
JNMl,1,0,1,1.0
JNMm,1,3,4,0.25
JNMs,0,1,1,0.0
JNMt,1,0,1,1.0
JNNB,2,0,2,1.0
JNNK,0,0,0,
JNNL,0,1,1,0.0
JNNM,0,1,1,0.0
JNNN,1,0,1,1.0
JNNP,2,0,2,1.0
JNNS,1,0,1,1.0
JNNb,0,0,0,
JNNh,0,1,1,0.0
JNNl,1,0,1,1.0
JNNm,0,3,3,0.0
JNNn,0,1,1,0.0
JNNs,1,1,2,0.5
JNPB,1,2,3,0.33
JNPD,0,1,1,0.0
JNPH,0,1,1,0.0
JNPL,1,3,4,0.25
JNPM,0,1,1,0.0
JNPN,2,0,2,1.0
JNPP,1,0,1,1.0
JNPS,0,1,1,0.0
JNPb,1,3,4,0.25
JNPl,0,2,2,0.0
JNPm,0,1,1,0.0
JNPn,1,0,1,1.0
JNPs,1,1,2,0.5
JNSB,1,0,1,1.0
JNSM,0,2,2,0.0
JNSN,1,1,2,0.5
JNSP,0,1,1,0.0
JNSb,0,0,0,
JNSs,0,2,2,0.0
JNSt,0,1,1,0.0
JNbB,0,1,1,0.0
JNbD,0,1,1,0.0
JNbJ,0,1,1,0.0
JNbM,0,3,3,0.0
JNbN,0,2,2,0.0
JNbP,0,0,0,
JNbb,0,0,0,
JNbn,1,1,2,0.5
JNhB,1,1,2,0.5
JNhM,0,1,1,0.0
JNhP,1,1,2,0.5
JNhb,0,1,1,0.0
JNhh,0,1,1,0.0
JNhn,1,1,2,0.5
JNlB,0,1,1,0.0
JNlH,0,1,1,0.0
JNlJ,0,1,1,0.0
JNlM,0,1,1,0.0
JNlN,2,1,3,0.67
JNlP,0,1,1,0.0
JNlS,1,0,1,1.0
JNls,1,0,1,1.0
JNmB,0,1,1,0.0
JNmJ,0,1,1,0.0
JNmN,1,0,1,1.0
JNmP,1,0,1,1.0
JNmS,0,0,0,
JNmb,1,2,3,0.33
JNml,0,0,0,
JNmn,0,0,0,
JNms,0,1,1,0.0
JNnB,1,2,3,0.33
JNnL,1,0,1,1.0
JNnM,2,1,3,0.67
JNnN,6,1,7,0.86
JNnP,1,3,4,0.25
JNnb,0,3,3,0.0
JNnl,1,0,1,1.0
JNnm,2,1,3,0.67
JNnn,1,0,1,1.0
JNns,0,1,1,0.0
JNsB,1,0,1,1.0
JNsH,2,1,3,0.67
JNsL,0,0,0,
JNsM,0,1,1,0.0
JNsP,1,0,1,1.0
JNsS,1,0,1,1.0
JNsb,0,2,2,0.0
JNsl,0,1,1,0.0
JNsm,0,1,1,0.0
JNsn,1,0,1,1.0
JNtL,0,1,1,0.0
JPBK,0,1,1,0.0
JPBM,2,1,3,0.67
JPBP,1,1,2,0.5
JPBS,0,1,1,0.0
JPBb,0,1,1,0.0
JPBm,2,0,2,1.0
JPBn,1,0,1,1.0
JPBs,1,0,1,1.0
JPBt,1,0,1,1.0
JPDM,0,1,1,0.0
JPHM,1,1,2,0.5
JPHN,0,1,1,0.0
JPHP,0,0,0,
JPHh,0,1,1,0.0
JPHn,1,0,1,1.0
JPKh,1,0,1,1.0
JPKm,1,0,1,1.0
JPLB,0,1,1,0.0
JPLL,1,0,1,1.0
JPLM,0,1,1,0.0
JPLP,2,1,3,0.67
JPLS,1,0,1,1.0
JPLh,0,1,1,0.0
JPLl,0,1,1,0.0
JPLn,1,1,2,0.5
JPMB,2,1,3,0.67
JPMD,0,1,1,0.0
JPMM,3,1,4,0.75
JPMN,0,0,0,
JPMP,1,2,3,0.33
JPMS,0,1,1,0.0
JPMb,2,0,2,1.0
JPMh,3,0,3,1.0
JPMl,0,1,1,0.0
JPMm,1,5,6,0.17
JPMn,1,2,3,0.33
JPMs,1,2,3,0.33
JPNL,0,1,1,0.0
JPNM,1,2,3,0.33
JPNN,1,0,1,1.0
JPNP,4,2,6,0.67
JPNS,0,1,1,0.0
JPNb,1,1,2,0.5
JPNh,1,0,1,1.0
JPNm,1,0,1,1.0
JPNn,1,0,1,1.0
JPNs,2,1,3,0.67
JPPB,0,2,2,0.0
JPPH,1,0,1,1.0
JPPL,1,0,1,1.0
JPPM,1,3,4,0.25
JPPN,0,1,1,0.0
JPPP,2,2,4,0.5
JPPS,0,2,2,0.0
JPPb,3,1,4,0.75
JPPl,1,3,4,0.25
JPPm,0,1,1,0.0
JPPn,0,0,0,
JPPs,1,0,1,1.0
JPSL,0,2,2,0.0
JPSM,1,0,1,1.0
JPSN,0,0,0,
JPSP,0,2,2,0.0
JPSb,0,1,1,0.0
JPSl,1,0,1,1.0
JPSm,0,1,1,0.0
JPSt,1,0,1,1.0
JPbB,1,1,2,0.5
JPbH,1,1,2,0.5
JPbJ,1,0,1,1.0
JPbL,2,0,2,1.0
JPbM,2,1,3,0.67
JPbN,2,2,4,0.5
JPbP,3,2,5,0.6
JPbS,1,1,2,0.5
JPbb,0,1,1,0.0
JPbl,1,3,4,0.25
JPbm,4,0,4,1.0
JPbn,1,1,2,0.5
JPhB,0,1,1,0.0
JPlB,1,0,1,1.0
JPlH,0,1,1,0.0
JPlN,0,0,0,
JPlP,3,1,4,0.75
JPlS,0,0,0,
JPlb,0,1,1,0.0
JPlm,1,0,1,1.0
JPln,0,1,1,0.0
JPls,1,1,2,0.5
JPmH,1,1,2,0.5
JPmJ,0,1,1,0.0
JPmM,0,1,1,0.0
JPmN,1,2,3,0.33
JPmP,1,1,2,0.5
JPmb,0,2,2,0.0
JPmn,0,2,2,0.0
JPnB,1,0,1,1.0
JPnH,0,0,0,
JPnM,1,1,2,0.5
JPnN,3,0,3,1.0
JPnP,0,5,5,0.0
JPnb,1,1,2,0.5
JPnm,1,1,2,0.5
JPnn,1,0,1,1.0
JPns,1,1,2,0.5
JPsB,0,2,2,0.0
JPsH,2,1,3,0.67
JPsM,1,1,2,0.5
JPsN,2,0,2,1.0
JPsP,0,1,1,0.0
JPsS,1,1,2,0.5
JPsb,1,0,1,1.0
JPsm,1,0,1,1.0
JPsn,1,0,1,1.0
JPss,0,2,2,0.0
JPtB,0,1,1,0.0
JPtM,0,1,1,0.0
JPtP,0,2,2,0.0
JSBN,0,1,1,0.0
JSBS,1,0,1,1.0
JSBb,1,0,1,1.0
JSBl,0,1,1,0.0
JSBm,1,3,4,0.25
JSDS,0,1,1,0.0
JSDb,0,1,1,0.0
JSHb,0,1,1,0.0
JSHl,0,1,1,0.0
JSHm,0,1,1,0.0
JSLL,0,1,1,0.0
JSLM,1,0,1,1.0
JSLP,0,1,1,0.0
JSMB,2,1,3,0.67
JSMM,1,4,5,0.2
JSMS,1,0,1,1.0
JSMb,1,0,1,1.0
JSMj,1,0,1,1.0
JSMm,1,0,1,1.0
JSMn,0,0,0,
JSMs,0,1,1,0.0
JSNM,0,1,1,0.0
JSNP,3,0,3,1.0
JSNl,1,0,1,1.0
JSNn,1,0,1,1.0
JSPB,1,0,1,1.0
JSPH,0,0,0,
JSPI,1,0,1,1.0
JSPM,2,0,2,1.0
JSPN,2,0,2,1.0
JSPP,2,1,3,0.67
JSPl,1,0,1,1.0
JSPm,1,1,2,0.5
JSPn,0,1,1,0.0
JSSB,1,0,1,1.0
JSSM,1,1,2,0.5
JSSN,0,1,1,0.0
JSSP,0,0,0,
JSSS,2,0,2,1.0
JSSb,0,1,1,0.0
JSSh,0,1,1,0.0
JSSn,0,1,1,0.0
JSSs,0,1,1,0.0
JSbL,0,1,1,0.0
JSbM,0,0,0,
JSbN,0,1,1,0.0
JSbP,1,0,1,1.0
JSbS,0,0,0,
JSbl,1,0,1,1.0
JSbn,1,1,2,0.5
JShM,0,1,1,0.0
JSlL,0,1,1,0.0
JSlN,1,0,1,1.0
JSlP,1,0,1,1.0
JSlb,1,0,1,1.0
JSmB,2,0,2,1.0
JSmD,0,0,0,
JSmL,0,2,2,0.0
JSmM,1,1,2,0.5
JSmP,1,0,1,1.0
JSmn,1,1,2,0.5
JSnH,0,0,0,
JSnL,1,0,1,1.0
JSnM,1,0,1,1.0
JSnN,0,1,1,0.0
JSnb,0,2,2,0.0
JSnl,0,0,0,
JSnn,0,1,1,0.0
JSns,0,2,2,0.0
JSsH,1,1,2,0.5
JSsI,0,1,1,0.0
JSsL,0,1,1,0.0
JSsN,0,2,2,0.0
JSsP,1,0,1,1.0
JSsS,1,1,2,0.5
JSsl,0,1,1,0.0
JSsm,1,0,1,1.0
JSss,2,1,3,0.67
JStt,0,1,1,0.0
JbBB,2,3,5,0.4
JbBL,0,1,1,0.0
JbBM,1,0,1,1.0
JbBN,3,0,3,1.0
JbBP,1,1,2,0.5
JbBb,0,1,1,0.0
JbBl,1,2,3,0.33
JbBm,1,0,1,1.0
JbBn,1,2,3,0.33
JbBs,0,1,1,0.0
JbDP,0,0,0,
JbHB,0,1,1,0.0
JbHS,1,0,1,1.0
JbHl,0,1,1,0.0
JbJB,0,1,1,0.0
JbJM,1,0,1,1.0
JbJP,1,0,1,1.0
JbJh,0,0,0,
JbKM,1,0,1,1.0
JbKm,1,0,1,1.0
JbKn,0,0,0,
JbLB,0,1,1,0.0
JbLN,1,0,1,1.0
JbLP,0,1,1,0.0
JbLS,1,0,1,1.0
JbLb,0,1,1,0.0
JbLj,0,1,1,0.0
JbLl,1,1,2,0.5
JbLn,1,0,1,1.0
JbMB,0,1,1,0.0
JbML,0,1,1,0.0
JbMM,1,0,1,1.0
JbMN,1,0,1,1.0
JbMP,1,0,1,1.0
JbMb,1,0,1,1.0
JbMh,1,0,1,1.0
JbMl,0,1,1,0.0
JbMm,1,0,1,1.0
JbMn,0,2,2,0.0
JbMs,0,1,1,0.0
JbNB,1,0,1,1.0
JbNL,1,2,3,0.33
JbNM,2,0,2,1.0
JbNN,1,0,1,1.0
JbNP,1,2,3,0.33
JbNS,0,2,2,0.0
JbNb,2,0,2,1.0
JbNl,1,0,1,1.0
JbNm,0,3,3,0.0
JbNn,2,0,2,1.0
JbNs,1,2,3,0.33
JbPH,1,0,1,1.0
JbPL,0,1,1,0.0
JbPM,0,1,1,0.0
JbPN,1,2,3,0.33
JbPP,0,1,1,0.0
JbPb,2,2,4,0.5
JbPl,0,1,1,0.0
JbPm,0,1,1,0.0
JbPn,2,1,3,0.67
JbPs,1,0,1,1.0
JbSB,1,1,2,0.5
JbSM,0,1,1,0.0
JbSP,1,1,2,0.5
JbSb,0,2,2,0.0
JbSh,1,0,1,1.0
JbSs,0,1,1,0.0
JbbB,2,0,2,1.0
JbbL,1,0,1,1.0
JbbM,2,3,5,0.4
JbbN,3,0,3,1.0
JbbP,1,0,1,1.0
JbbS,1,0,1,1.0
Jbbb,2,4,6,0.33
Jbbm,1,1,2,0.5
Jbbs,0,1,1,0.0
JblH,1,0,1,1.0
JblL,0,0,0,
JblM,1,0,1,1.0
JblN,2,0,2,1.0
JblP,3,0,3,1.0
JblS,1,0,1,1.0
Jblm,1,0,1,1.0
JbmB,1,0,1,1.0
JbmD,0,0,0,
JbmL,1,1,2,0.5
JbmM,2,2,4,0.5
JbmN,1,0,1,1.0
JbmP,1,3,4,0.25
Jbmb,1,0,1,1.0
Jbmm,1,1,2,0.5
Jbmn,0,1,1,0.0
Jbms,0,1,1,0.0
JbnB,0,2,2,0.0
JbnH,0,1,1,0.0
JbnL,2,1,3,0.67
JbnM,2,0,2,1.0
JbnN,2,1,3,0.67
JbnP,0,2,2,0.0
JbnS,0,1,1,0.0
Jbnm,1,0,1,1.0
Jbnn,0,1,1,0.0
Jbns,1,0,1,1.0
JbsM,1,1,2,0.5
Jbsl,0,1,1,0.0
Jbss,0,0,0,
JhBK,1,0,1,1.0
JhBM,0,0,0,
JhBm,1,0,1,1.0
JhDH,1,0,1,1.0
JhDs,1,0,1,1.0
JhHN,1,0,1,1.0
JhHP,0,0,0,
JhLj,0,1,1,0.0
JhMh,0,1,1,0.0
JhMm,2,0,2,1.0
JhMs,0,1,1,0.0
JhPs,0,1,1,0.0
JhSP,0,1,1,0.0
JhSt,0,1,1,0.0
JhhP,0,1,1,0.0
JhhS,0,1,1,0.0
JhlN,0,1,1,0.0
Jhnb,0,1,1,0.0
Jhnm,1,1,2,0.5
JhsS,1,0,1,1.0
Jhsb,1,0,1,1.0
Jhsl,0,1,1,0.0
JlBL,0,0,0,
JlBP,0,2,2,0.0
JlBs,0,1,1,0.0
JlDD,0,1,1,0.0
JlHS,0,1,1,0.0
JlHb,1,0,1,1.0
JlHm,1,0,1,1.0
JlHn,0,1,1,0.0
JlJb,1,0,1,1.0
JlLB,1,0,1,1.0
JlLM,1,0,1,1.0
JlLP,0,1,1,0.0
JlLb,1,1,2,0.5
JlLn,1,0,1,1.0
JlMM,0,1,1,0.0
JlMP,0,0,0,
JlMS,0,1,1,0.0
JlMb,1,0,1,1.0
JlMh,1,1,2,0.5
JlMs,1,0,1,1.0
JlNN,0,1,1,0.0
JlNP,1,0,1,1.0
JlNn,2,0,2,1.0
JlNs,0,1,1,0.0
JlPL,1,1,2,0.5
JlPM,1,0,1,1.0
JlPP,1,3,4,0.25
JlPb,0,1,1,0.0
JlPl,1,0,1,1.0
JlPm,1,0,1,1.0
JlSH,0,0,0,
JlSM,1,0,1,1.0
JlSN,0,1,1,0.0
JlSP,0,1,1,0.0
JlSS,1,0,1,1.0
JlSl,1,1,2,0.5
JlSm,0,0,0,
JlSn,1,0,1,1.0
JlbB,2,1,3,0.67
JlbN,0,1,1,0.0
JlbP,0,2,2,0.0
Jlbb,1,1,2,0.5
Jlbn,1,0,1,1.0
JllL,1,0,1,1.0
JllM,1,1,2,0.5
JllP,1,0,1,1.0
JlmH,0,1,1,0.0
JlmN,1,0,1,1.0
JlmP,1,1,2,0.5
JlnM,0,1,1,0.0
JlnN,2,0,2,1.0
JlnS,0,1,1,0.0
Jlnb,1,0,1,1.0
Jlnn,0,1,1,0.0
JlsH,1,0,1,1.0
JlsM,0,1,1,0.0
Jlsm,0,1,1,0.0
JmBB,1,1,2,0.5
JmBL,2,0,2,1.0
JmBP,1,1,2,0.5
JmBS,1,0,1,1.0
JmBb,0,2,2,0.0
JmBh,0,0,0,
JmBj,2,0,2,1.0
JmBm,0,1,1,0.0
JmBn,0,1,1,0.0
JmBs,1,0,1,1.0
JmDm,0,1,1,0.0
JmHB,1,0,1,1.0
JmHI,1,0,1,1.0
JmHL,0,1,1,0.0
JmHM,2,2,4,0.5
JmHN,1,0,1,1.0
JmHP,1,1,2,0.5
JmHb,1,0,1,1.0
JmHh,0,1,1,0.0
JmHm,1,0,1,1.0
JmHn,3,1,4,0.75
JmHs,0,0,0,
JmIl,0,0,0,
JmJL,1,0,1,1.0
JmJP,1,0,1,1.0
JmJs,1,1,2,0.5
JmKS,0,0,0,
JmLB,0,1,1,0.0
JmLP,0,2,2,0.0
JmLb,1,0,1,1.0
JmLn,0,1,1,0.0
JmML,1,0,1,1.0
JmMM,0,1,1,0.0
JmMP,2,1,3,0.67
JmMS,1,0,1,1.0
JmMn,2,0,2,1.0
JmMs,0,1,1,0.0
JmNM,0,1,1,0.0
JmNN,2,1,3,0.67
JmNP,2,0,2,1.0
JmNS,0,1,1,0.0
JmNb,0,2,2,0.0
JmNm,0,1,1,0.0
JmNn,0,1,1,0.0
JmNs,0,0,0,
JmNt,1,0,1,1.0
JmPM,1,2,3,0.33
JmPN,1,0,1,1.0
JmPP,1,1,2,0.5
JmPS,1,0,1,1.0
JmPb,1,0,1,1.0
JmPl,1,0,1,1.0
JmPm,1,0,1,1.0
JmPn,1,1,2,0.5
JmSB,1,1,2,0.5
JmSM,1,0,1,1.0
JmSP,0,1,1,0.0
JmSS,1,0,1,1.0
JmSs,1,0,1,1.0
JmSt,1,0,1,1.0
JmbM,1,0,1,1.0
JmbN,1,1,2,0.5
JmbS,1,1,2,0.5
Jmbb,1,0,1,1.0
Jmbm,1,0,1,1.0
Jmbn,1,0,1,1.0
JmlN,1,0,1,1.0
JmlS,0,0,0,
JmmB,1,1,2,0.5
JmmM,0,2,2,0.0
JmmP,0,1,1,0.0
JmmS,1,0,1,1.0
Jmmb,1,0,1,1.0
JmnB,1,0,1,1.0
JmnH,0,1,1,0.0
JmnM,0,1,1,0.0
JmnN,1,2,3,0.33
Jmnl,1,0,1,1.0
Jmnn,0,0,0,
JmsM,0,0,0,
JmsN,1,0,1,1.0
Jmsn,1,1,2,0.5
JnBB,0,1,1,0.0
JnBL,0,2,2,0.0
JnBM,1,1,2,0.5
JnBN,0,0,0,
JnBP,0,0,0,
JnBb,1,0,1,1.0
JnBj,1,0,1,1.0
JnBl,0,1,1,0.0
JnBm,0,1,1,0.0
JnBn,0,1,1,0.0
JnBs,0,2,2,0.0
JnDB,1,0,1,1.0
JnDl,1,1,2,0.5
JnHH,2,0,2,1.0
JnHI,1,0,1,1.0
JnHL,0,1,1,0.0
JnHP,0,1,1,0.0
JnHm,1,3,4,0.25
JnHn,3,0,3,1.0
JnHs,1,0,1,1.0
JnLB,0,1,1,0.0
JnLL,1,0,1,1.0
JnLm,0,1,1,0.0
JnLn,0,1,1,0.0
JnMB,1,0,1,1.0
JnMD,0,0,0,
JnML,0,1,1,0.0
JnMM,1,0,1,1.0
JnMN,1,2,3,0.33
JnMP,0,2,2,0.0
JnMS,1,1,2,0.5
JnMb,1,2,3,0.33
JnMh,0,0,0,
JnMj,0,1,1,0.0
JnMl,0,0,0,
JnMn,2,2,4,0.5
JnMs,0,1,1,0.0
JnNB,0,1,1,0.0
JnNH,0,0,0,
JnNM,1,1,2,0.5
JnNN,2,0,2,1.0
JnNP,2,2,4,0.5
JnNS,2,1,3,0.67
JnNb,2,0,2,1.0
JnNl,1,0,1,1.0
JnNm,0,1,1,0.0
JnNn,1,1,2,0.5
JnNs,0,1,1,0.0
JnPM,0,2,2,0.0
JnPN,2,2,4,0.5
JnPP,2,1,3,0.67
JnPS,1,0,1,1.0
JnPb,3,2,5,0.6
JnPl,0,0,0,
JnPm,2,1,3,0.67
JnPn,0,1,1,0.0
JnPs,0,1,1,0.0
JnSB,1,1,2,0.5
JnSM,0,0,0,
JnSN,1,0,1,1.0
JnSP,1,1,2,0.5
JnSb,0,1,1,0.0
JnSh,1,0,1,1.0
JnSm,0,1,1,0.0
JnSs,0,1,1,0.0
JnSt,0,1,1,0.0
JnbB,1,0,1,1.0
JnbL,1,0,1,1.0
JnbN,1,2,3,0.33
Jnbb,1,0,1,1.0
Jnbn,1,0,1,1.0
JnlI,0,0,0,
JnlJ,0,0,0,
JnlM,1,0,1,1.0
JnlN,1,0,1,1.0
JnlP,1,0,1,1.0
Jnll,1,0,1,1.0
Jnls,0,1,1,0.0
JnmI,1,0,1,1.0
JnmL,0,2,2,0.0
JnmM,1,1,2,0.5
JnmN,1,0,1,1.0
JnmP,1,1,2,0.5
Jnmb,1,0,1,1.0
Jnmn,0,1,1,0.0
Jnms,0,1,1,0.0
JnnB,0,0,0,
JnnH,0,1,1,0.0
JnnI,0,1,1,0.0
JnnM,0,1,1,0.0
JnnN,1,0,1,1.0
JnnP,0,0,0,
JnnS,0,1,1,0.0
Jnnb,2,2,4,0.5
Jnnm,1,1,2,0.5
Jnns,0,2,2,0.0
JnsB,1,0,1,1.0
JnsM,2,1,3,0.67
JnsN,1,0,1,1.0
JnsS,0,1,1,0.0
Jnsb,1,0,1,1.0
Jnsm,0,1,1,0.0
Jnsn,0,3,3,0.0
Jnss,0,1,1,0.0
JsBM,0,1,1,0.0
JsBm,1,0,1,1.0
JsBn,1,0,1,1.0
JsBs,1,0,1,1.0
JsDH,1,0,1,1.0
JsDM,1,0,1,1.0
JsHP,1,0,1,1.0
JsHm,1,0,1,1.0
JsHn,1,1,2,0.5
JsIH,1,0,1,1.0
JsIm,1,0,1,1.0
JsLh,0,1,1,0.0
JsLj,1,0,1,1.0
JsLn,0,1,1,0.0
JsLs,0,0,0,
JsML,0,2,2,0.0
JsMN,0,1,1,0.0
JsMP,1,0,1,1.0
JsMb,0,2,2,0.0
JsMh,0,1,1,0.0
JsMl,1,0,1,1.0
JsMn,2,1,3,0.67
JsMs,0,2,2,0.0
JsNB,0,1,1,0.0
JsNM,0,0,0,
JsNP,0,1,1,0.0
JsNb,1,0,1,1.0
JsNh,0,1,1,0.0
JsNn,1,1,2,0.5
JsPB,0,0,0,
JsPM,3,0,3,1.0
JsPN,1,1,2,0.5
JsPP,3,0,3,1.0
JsPl,1,0,1,1.0
JsPm,0,2,2,0.0
JsPn,1,0,1,1.0
JsPt,1,0,1,1.0
JsSM,1,0,1,1.0
JsSN,0,1,1,0.0
JsSb,0,2,2,0.0
JsSn,1,0,1,1.0
JsbB,0,1,1,0.0
JsbM,1,0,1,1.0
JsbN,1,0,1,1.0
JsbP,0,0,0,
JsbS,0,0,0,
Jsbb,2,1,3,0.67
Jshn,0,1,1,0.0
JslH,0,1,1,0.0
JslM,0,1,1,0.0
JslS,1,1,2,0.5
Jsln,0,1,1,0.0
JsmH,1,0,1,1.0
JsmM,1,0,1,1.0
JsmN,1,2,3,0.33
JsmP,1,0,1,1.0
JsmS,0,1,1,0.0
Jsmm,1,0,1,1.0
Jsmn,0,1,1,0.0
JsnB,0,2,2,0.0
JsnD,0,1,1,0.0
JsnH,0,1,1,0.0
JsnN,0,1,1,0.0
JsnP,0,0,0,
JsnS,0,0,0,
Jsnb,0,1,1,0.0
Jsnm,2,0,2,1.0
Jsnn,0,3,3,0.0
JssB,1,0,1,1.0
JssS,1,1,2,0.5
Jssl,1,0,1,1.0
Jsss,0,1,1,0.0
JtBb,1,0,1,1.0
JtLb,0,1,1,0.0
JtML,0,1,1,0.0
JtNM,1,1,2,0.5
JtNN,0,1,1,0.0
JtNP,0,0,0,
JtNS,0,1,1,0.0
JtPN,0,1,1,0.0
JtPP,0,1,1,0.0
JtSN,1,0,1,1.0
JtSs,0,1,1,0.0
Jtlm,0,1,1,0.0
JtmM,1,0,1,1.0
JtmN,1,0,1,1.0
Jtnm,1,0,1,1.0
Jtnn,0,1,1,0.0
JttH,1,0,1,1.0
KBBB,0,1,1,0.0
KBBL,1,1,2,0.5
KBBb,1,0,1,1.0
KBBn,0,1,1,0.0
KBBt,1,0,1,1.0
KBDB,0,1,1,0.0
KBKP,1,0,1,1.0
KBKS,0,1,1,0.0
KBKb,0,1,1,0.0
KBLB,2,0,2,1.0
KBLL,0,1,1,0.0
KBLS,0,1,1,0.0
KBLb,0,1,1,0.0
KBLh,0,1,1,0.0
KBLl,0,1,1,0.0
KBLm,0,0,0,
KBLn,1,0,1,1.0
KBLs,0,0,0,
KBMM,0,1,1,0.0
KBMN,0,1,1,0.0
KBMP,0,0,0,
KBMS,1,1,2,0.5
KBMb,1,2,3,0.33
KBMh,1,1,2,0.5
KBMm,0,1,1,0.0
KBMn,2,0,2,1.0
KBMs,1,0,1,1.0
KBNB,0,1,1,0.0
KBNM,0,1,1,0.0
KBNN,0,1,1,0.0
KBNP,1,0,1,1.0
KBNb,0,1,1,0.0
KBNh,0,0,0,
KBNl,2,1,3,0.67
KBNm,0,1,1,0.0
KBPI,1,0,1,1.0
KBPM,1,0,1,1.0
KBPN,1,0,1,1.0
KBPS,1,1,2,0.5
KBPb,0,2,2,0.0
KBPl,0,1,1,0.0
KBPm,0,0,0,
KBPn,2,1,3,0.67
KBPs,0,1,1,0.0
KBSM,1,0,1,1.0
KBSn,2,0,2,1.0
KBSs,1,0,1,1.0
KBbB,1,2,3,0.33
KBbH,0,1,1,0.0
KBbM,0,1,1,0.0
KBbN,2,0,2,1.0
KBbP,0,4,4,0.0
KBbS,0,1,1,0.0
KBbb,1,2,3,0.33
KBbm,0,1,1,0.0
KBbn,1,0,1,1.0
KBjM,1,0,1,1.0
KBjP,1,0,1,1.0
KBjs,0,1,1,0.0
KBlN,1,0,1,1.0
KBlP,0,0,0,
KBll,1,2,3,0.33
KBln,1,0,1,1.0
KBls,0,1,1,0.0
KBmB,1,0,1,1.0
KBmH,0,1,1,0.0
KBmN,0,3,3,0.0
KBmS,1,1,2,0.5
KBmb,1,0,1,1.0
KBml,1,0,1,1.0
KBms,0,0,0,
KBnH,1,0,1,1.0
KBnL,0,2,2,0.0
KBnM,1,1,2,0.5
KBnN,2,1,3,0.67
KBnP,0,1,1,0.0
KBnb,0,0,0,
KBnl,1,1,2,0.5
KBnm,1,0,1,1.0
KBnn,1,0,1,1.0
KBns,0,1,1,0.0
KBsL,2,0,2,1.0
KBsM,0,0,0,
KBsP,1,0,1,1.0
KBsb,1,0,1,1.0
KBsl,0,1,1,0.0
KBss,1,2,3,0.33
KBtH,0,0,0,
KDBm,1,0,1,1.0
KDBn,1,0,1,1.0
KDHB,0,1,1,0.0
KDHP,0,1,1,0.0
KDNs,0,1,1,0.0
KDbM,0,0,0,
KDbP,0,0,0,
KDmn,1,0,1,1.0
KDsN,0,1,1,0.0
KHBl,0,1,1,0.0
KHBn,0,1,1,0.0
KHDs,0,1,1,0.0
KHIN,1,0,1,1.0
KHNS,0,1,1,0.0
KHPP,0,0,0,
KHPl,0,1,1,0.0
KHPn,1,0,1,1.0
KHSB,1,0,1,1.0
KHSP,1,0,1,1.0
KHSS,0,1,1,0.0
KHSh,0,1,1,0.0
KHSs,1,0,1,1.0
KHbP,1,0,1,1.0
KHmP,1,0,1,1.0
KHnN,1,0,1,1.0
KHnl,1,0,1,1.0
KHnn,1,0,1,1.0
KHns,0,0,0,
KHsS,0,1,1,0.0
KIBP,0,1,1,0.0
KIHS,0,0,0,
KIMb,1,0,1,1.0
KINs,0,1,1,0.0
KIPL,1,0,1,1.0
KIPM,1,0,1,1.0
KIPm,1,0,1,1.0
KISs,2,0,2,1.0
KIbB,0,1,1,0.0
KIbN,1,0,1,1.0
KIbs,1,0,1,1.0
KIll,0,1,1,0.0
KKbH,0,1,1,0.0
KKhS,1,0,1,1.0
KKns,0,0,0,
KLBM,0,0,0,
KLBN,0,1,1,0.0
KLBb,0,0,0,
KLBl,1,0,1,1.0
KLBn,0,3,3,0.0
KLLB,2,0,2,1.0
KLLM,1,1,2,0.5
KLLP,1,1,2,0.5
KLLS,0,1,1,0.0
KLLl,0,1,1,0.0
KLMB,0,1,1,0.0
KLMM,1,0,1,1.0
KLMN,0,1,1,0.0
KLMS,1,1,2,0.5
KLMb,1,1,2,0.5
KLMn,1,1,2,0.5
KLNL,1,0,1,1.0
KLNM,1,0,1,1.0
KLNP,0,1,1,0.0
KLNm,1,0,1,1.0
KLNn,1,0,1,1.0
KLNs,1,0,1,1.0
KLPB,1,0,1,1.0
KLPH,0,0,0,
KLPN,1,0,1,1.0
KLPP,1,0,1,1.0
KLPS,1,1,2,0.5
KLPb,0,1,1,0.0
KLPh,0,2,2,0.0
KLPl,1,0,1,1.0
KLPm,0,1,1,0.0
KLSN,0,1,1,0.0
KLSS,1,1,2,0.5
KLSh,0,1,1,0.0
KLSm,0,0,0,
KLSn,1,0,1,1.0
KLSs,1,1,2,0.5
KLbB,0,1,1,0.0
KLbN,1,1,2,0.5
KLbP,1,0,1,1.0
KLbS,1,0,1,1.0
KLbb,0,0,0,
KLbn,1,0,1,1.0
KLbs,1,0,1,1.0
KLhL,1,0,1,1.0
KLhN,0,0,0,
KLhP,1,0,1,1.0
KLhb,1,1,2,0.5
KLjb,0,0,0,
KLlM,0,1,1,0.0
KLlS,0,1,1,0.0
KLlb,0,1,1,0.0
KLln,1,0,1,1.0
KLmB,0,1,1,0.0
KLmN,0,0,0,
KLmP,1,1,2,0.5
KLmb,0,1,1,0.0
KLmm,0,1,1,0.0
KLnB,1,0,1,1.0
KLnL,0,0,0,
KLnM,0,1,1,0.0
KLnN,0,0,0,
KLnb,2,2,4,0.5
KLnl,1,0,1,1.0
KLnn,1,0,1,1.0
KLns,1,0,1,1.0
KLsH,0,1,1,0.0
KLsM,1,0,1,1.0
KLsN,1,0,1,1.0
KLsb,1,1,2,0.5
KLsl,2,0,2,1.0
KLsm,1,0,1,1.0
KLss,1,0,1,1.0
KMBB,2,0,2,1.0
KMBM,1,0,1,1.0
KMBN,1,3,4,0.25
KMBP,0,0,0,
KMBb,0,1,1,0.0
KMBm,1,0,1,1.0
KMBn,0,1,1,0.0
KMBs,0,1,1,0.0
KMDm,0,1,1,0.0
KMKH,0,0,0,
KMLB,2,1,3,0.67
KMLN,0,1,1,0.0
KMLP,1,0,1,1.0
KMLS,0,0,0,
KMLb,0,2,2,0.0
KMLj,0,1,1,0.0
KMLl,0,1,1,0.0
KMMB,1,2,3,0.33
KMMM,0,2,2,0.0
KMMN,0,1,1,0.0
KMMP,3,0,3,1.0
KMMS,0,1,1,0.0
KMMh,1,0,1,1.0
KMMm,2,0,2,1.0
KMMn,3,1,4,0.75
KMNB,2,2,4,0.5
KMNH,0,1,1,0.0
KMNM,2,1,3,0.67
KMNP,1,0,1,1.0
KMNh,0,0,0,
KMNm,0,1,1,0.0
KMNs,0,1,1,0.0
KMNt,0,1,1,0.0
KMPB,1,0,1,1.0
KMPL,2,1,3,0.67
KMPM,0,1,1,0.0
KMPN,1,2,3,0.33
KMPP,2,0,2,1.0
KMPS,0,2,2,0.0
KMPb,0,1,1,0.0
KMPl,1,0,1,1.0
KMPn,1,0,1,1.0
KMPs,0,1,1,0.0
KMSB,2,0,2,1.0
KMSH,0,2,2,0.0
KMSL,0,1,1,0.0
KMSM,1,0,1,1.0
KMSN,3,0,3,1.0
KMSP,1,0,1,1.0
KMSb,3,0,3,1.0
KMSh,0,1,1,0.0
KMSl,0,1,1,0.0
KMSm,0,1,1,0.0
KMSn,0,1,1,0.0
KMbB,0,1,1,0.0
KMbJ,0,1,1,0.0
KMbM,1,1,2,0.5
KMbN,2,5,7,0.29
KMbP,1,1,2,0.5
KMbS,1,0,1,1.0
KMbb,0,1,1,0.0
KMbl,0,1,1,0.0
KMbm,1,3,4,0.25
KMbn,2,1,3,0.67
KMhL,1,0,1,1.0
KMhM,1,0,1,1.0
KMhN,1,2,3,0.33
KMhP,1,1,2,0.5
KMhS,0,2,2,0.0
KMhh,1,0,1,1.0
KMhl,1,0,1,1.0
KMhm,1,1,2,0.5
KMhn,1,0,1,1.0
KMhs,2,0,2,1.0
KMjB,0,1,1,0.0
KMjL,0,1,1,0.0
KMjM,0,0,0,
KMjb,1,0,1,1.0
KMlB,1,0,1,1.0
KMlJ,1,0,1,1.0
KMlL,0,0,0,
KMlN,1,2,3,0.33
KMll,2,0,2,1.0
KMln,1,1,2,0.5
KMls,0,1,1,0.0
KMmH,0,1,1,0.0
KMmJ,0,0,0,
KMmM,1,0,1,1.0
KMmN,1,1,2,0.5
KMmP,2,2,4,0.5
KMmS,2,0,2,1.0
KMmb,0,1,1,0.0
KMmn,2,2,4,0.5
KMms,1,0,1,1.0
KMnB,0,1,1,0.0
KMnM,2,1,3,0.67
KMnN,2,0,2,1.0
KMnP,2,2,4,0.5
KMnb,2,1,3,0.67
KMnm,2,2,4,0.5
KMnn,1,2,3,0.33
KMns,0,1,1,0.0
KMsH,0,2,2,0.0
KMsN,1,0,1,1.0
KMsS,1,0,1,1.0
KMsb,1,0,1,1.0
KMsl,0,0,0,
KMsm,1,0,1,1.0
KMtL,1,0,1,1.0
KMtP,1,0,1,1.0
KMtm,1,0,1,1.0
KNBN,1,1,2,0.5
KNBP,0,1,1,0.0
KNBb,1,1,2,0.5
KNBl,0,2,2,0.0
KNBn,0,1,1,0.0
KNHs,0,0,0,
KNKs,0,0,0,
KNLL,0,1,1,0.0
KNLM,1,1,2,0.5
KNLl,1,1,2,0.5
KNLm,0,1,1,0.0
KNLn,0,1,1,0.0
KNMB,1,0,1,1.0
KNMM,1,1,2,0.5
KNMS,1,0,1,1.0
KNMb,1,1,2,0.5
KNMh,0,1,1,0.0
KNMj,0,1,1,0.0
KNMm,1,0,1,1.0
KNMn,2,4,6,0.33
KNMs,0,0,0,
KNNB,1,0,1,1.0
KNNK,0,1,1,0.0
KNNL,0,1,1,0.0
KNNM,1,0,1,1.0
KNNN,2,0,2,1.0
KNNP,1,0,1,1.0
KNNS,0,1,1,0.0
KNNh,0,0,0,
KNNn,0,1,1,0.0
KNNt,1,0,1,1.0
KNPB,1,0,1,1.0
KNPI,0,1,1,0.0
KNPL,1,1,2,0.5
KNPM,1,1,2,0.5
KNPN,0,3,3,0.0
KNPP,2,4,6,0.33
KNPS,1,0,1,1.0
KNPb,0,0,0,
KNPl,0,1,1,0.0
KNPn,0,3,3,0.0
KNPs,2,0,2,1.0
KNSB,1,0,1,1.0
KNSH,1,0,1,1.0
KNSM,0,1,1,0.0
KNSN,1,0,1,1.0
KNSP,1,1,2,0.5
KNSb,2,0,2,1.0
KNSh,1,0,1,1.0
KNSn,0,2,2,0.0
KNSs,0,1,1,0.0
KNbB,1,0,1,1.0
KNbH,1,0,1,1.0
KNbJ,0,1,1,0.0
KNbP,2,1,3,0.67
KNbS,0,0,0,
KNbb,1,1,2,0.5
KNbl,0,0,0,
KNbm,1,0,1,1.0
KNbs,1,0,1,1.0
KNhL,1,0,1,1.0
KNhN,1,0,1,1.0
KNhS,1,0,1,1.0
KNhb,1,1,2,0.5
KNhl,1,0,1,1.0
KNlP,1,4,5,0.2
KNlm,1,0,1,1.0
KNln,0,1,1,0.0
KNmH,0,1,1,0.0
KNmJ,0,0,0,
KNmb,0,0,0,
KNmm,0,1,1,0.0
KNnB,1,0,1,1.0
KNnL,1,1,2,0.5
KNnM,0,1,1,0.0
KNnN,1,1,2,0.5
KNnP,5,0,5,1.0
KNnS,0,1,1,0.0
KNnb,1,1,2,0.5
KNnl,0,0,0,
KNnm,0,2,2,0.0
KNnn,2,1,3,0.67
KNns,2,0,2,1.0
KNsL,0,1,1,0.0
KNsM,1,2,3,0.33
KNsN,1,0,1,1.0
KNsb,0,1,1,0.0
KNsm,0,1,1,0.0
KNss,0,1,1,0.0
KNtL,1,0,1,1.0
KPBB,0,1,1,0.0
KPBK,0,1,1,0.0
KPBL,1,1,2,0.5
KPBN,4,1,5,0.8
KPBP,1,2,3,0.33
KPBS,1,0,1,1.0
KPBb,0,0,0,
KPBh,0,0,0,
KPBj,0,1,1,0.0
KPBn,2,2,4,0.5
KPBt,0,1,1,0.0
KPDb,1,0,1,1.0
KPDs,0,1,1,0.0
KPHN,1,0,1,1.0
KPHP,0,1,1,0.0
KPHl,1,0,1,1.0
KPKN,0,1,1,0.0
KPKS,1,0,1,1.0
KPLM,1,0,1,1.0
KPLb,0,1,1,0.0
KPLj,0,0,0,
KPLl,1,1,2,0.5
KPLn,0,1,1,0.0
KPLt,1,0,1,1.0
KPMB,0,1,1,0.0
KPMD,1,0,1,1.0
KPML,2,0,2,1.0
KPMN,0,3,3,0.0
KPMP,1,2,3,0.33
KPMS,0,1,1,0.0
KPMb,1,1,2,0.5
KPMh,1,2,3,0.33
KPMl,1,2,3,0.33
KPMm,0,2,2,0.0
KPMn,1,1,2,0.5
KPMs,1,0,1,1.0
KPMt,1,0,1,1.0
KPNB,1,0,1,1.0
KPNL,0,1,1,0.0
KPNM,0,4,4,0.0
KPNP,0,1,1,0.0
KPNS,1,2,3,0.33
KPNb,3,1,4,0.75
KPNh,0,1,1,0.0
KPNl,1,0,1,1.0
KPNm,1,0,1,1.0
KPNn,2,0,2,1.0
KPNs,1,1,2,0.5
KPNt,1,0,1,1.0
KPPB,2,1,3,0.67
KPPH,0,1,1,0.0
KPPL,0,2,2,0.0
KPPM,0,2,2,0.0
KPPN,1,2,3,0.33
KPPP,2,1,3,0.67
KPPS,0,0,0,
KPPb,6,3,9,0.67
KPPl,1,2,3,0.33
KPPm,3,0,3,1.0
KPPn,2,2,4,0.5
KPPs,1,0,1,1.0
KPSB,1,0,1,1.0
KPSL,1,0,1,1.0
KPSN,1,0,1,1.0
KPSP,2,0,2,1.0
KPSS,0,3,3,0.0
KPSb,0,0,0,
KPSm,2,1,3,0.67
KPSs,0,0,0,
KPbJ,0,0,0,
KPbM,2,1,3,0.67
KPbN,1,1,2,0.5
KPbP,2,1,3,0.67
KPbS,0,1,1,0.0
KPbb,4,0,4,1.0
KPbl,1,0,1,1.0
KPbm,2,1,3,0.67
KPbn,0,1,1,0.0
KPhL,0,1,1,0.0
KPhP,0,1,1,0.0
KPhb,0,0,0,
KPlL,0,2,2,0.0
KPlP,1,0,1,1.0
KPlS,0,0,0,
KPll,0,1,1,0.0
KPlm,0,1,1,0.0
KPln,2,0,2,1.0
KPmD,0,1,1,0.0
KPmH,1,2,3,0.33
KPmL,1,0,1,1.0
KPmM,1,3,4,0.25
KPmN,0,1,1,0.0
KPmP,2,2,4,0.5
KPmS,1,0,1,1.0
KPmb,2,1,3,0.67
KPml,2,1,3,0.67
KPmn,0,2,2,0.0
KPms,1,1,2,0.5
KPnH,0,1,1,0.0
KPnK,0,1,1,0.0
KPnL,0,1,1,0.0
KPnN,0,1,1,0.0
KPnP,2,1,3,0.67
KPnS,1,1,2,0.5
KPnb,2,0,2,1.0
KPnl,1,0,1,1.0
KPnm,0,1,1,0.0
KPnn,0,0,0,
KPsB,1,3,4,0.25
KPsH,0,2,2,0.0
KPsL,1,0,1,1.0
KPsM,2,2,4,0.5
KPsN,1,0,1,1.0
KPsP,5,0,5,1.0
KPsb,1,0,1,1.0
KPsl,1,1,2,0.5
KPsm,2,0,2,1.0
KPsn,0,1,1,0.0
KPtM,1,0,1,1.0
KPtP,2,0,2,1.0
KPtb,1,0,1,1.0
KPtn,0,0,0,
KPts,0,1,1,0.0
KSBM,0,1,1,0.0
KSBN,2,0,2,1.0
KSBP,1,0,1,1.0
KSBb,1,1,2,0.5
KSDH,1,0,1,1.0
KSHL,1,0,1,1.0
KSHM,0,1,1,0.0
KSHS,0,1,1,0.0
KSHn,0,1,1,0.0
KSHs,1,0,1,1.0
KSLM,0,1,1,0.0
KSLN,1,0,1,1.0
KSLb,1,0,1,1.0
KSLl,0,1,1,0.0
KSLm,0,1,1,0.0
KSLs,0,1,1,0.0
KSMB,1,0,1,1.0
KSMM,0,1,1,0.0
KSMP,0,1,1,0.0
KSMS,1,0,1,1.0
KSMb,2,1,3,0.67
KSMj,0,1,1,0.0
KSMl,0,1,1,0.0
KSMm,0,0,0,
KSMn,1,0,1,1.0
KSMs,0,1,1,0.0
KSND,1,0,1,1.0
KSNN,0,0,0,
KSNP,0,0,0,
KSNb,0,1,1,0.0
KSNm,1,0,1,1.0
KSPL,0,2,2,0.0
KSPM,2,2,4,0.5
KSPN,2,0,2,1.0
KSPP,3,0,3,1.0
KSPb,1,0,1,1.0
KSPl,2,0,2,1.0
KSPm,0,1,1,0.0
KSPs,1,1,2,0.5
KSSH,0,1,1,0.0
KSSM,1,1,2,0.5
KSSP,0,2,2,0.0
KSSb,1,0,1,1.0
KSSm,1,1,2,0.5
KSSn,0,1,1,0.0
KSSs,1,1,2,0.5
KSbB,1,0,1,1.0
KSbM,0,1,1,0.0
KSbP,1,1,2,0.5
KSbb,1,1,2,0.5
KSbm,1,1,2,0.5
KSbn,1,0,1,1.0
KShM,0,1,1,0.0
KShN,0,1,1,0.0
KShP,1,0,1,1.0
KShS,0,1,1,0.0
KShb,0,1,1,0.0
KShh,0,1,1,0.0
KShm,0,0,0,
KShn,1,0,1,1.0
KSlH,1,0,1,1.0
KSlS,0,1,1,0.0
KSlb,1,0,1,1.0
KSll,0,1,1,0.0
KSln,1,0,1,1.0
KSls,1,1,2,0.5
KSmB,1,0,1,1.0
KSmH,2,1,3,0.67
KSmI,1,0,1,1.0
KSmM,0,1,1,0.0
KSmN,0,0,0,
KSmP,1,2,3,0.33
KSmS,0,1,1,0.0
KSmb,0,2,2,0.0
KSml,2,0,2,1.0
KSmm,0,1,1,0.0
KSmn,1,0,1,1.0
KSnB,1,0,1,1.0
KSnH,0,0,0,
KSnI,0,1,1,0.0
KSnM,1,0,1,1.0
KSnP,1,0,1,1.0
KSnS,0,1,1,0.0
KSnb,1,0,1,1.0
KSnm,0,2,2,0.0
KSnn,1,0,1,1.0
KSsB,0,0,0,
KSsH,1,0,1,1.0
KSsM,1,1,2,0.5
KSsP,2,1,3,0.67
KSsS,1,0,1,1.0
KSsm,1,0,1,1.0
KSsn,1,1,2,0.5
KSss,1,0,1,1.0
KStS,1,0,1,1.0
KStn,0,0,0,
KbBB,0,1,1,0.0
KbBM,4,0,4,1.0
KbBP,1,0,1,1.0
KbBb,0,4,4,0.0
KbBj,1,0,1,1.0
KbBn,0,1,1,0.0
KbHb,1,0,1,1.0
KbHl,1,0,1,1.0
KbHm,0,1,1,0.0
KbHn,1,1,2,0.5
KbHs,1,0,1,1.0
KbIH,0,0,0,
KbJH,0,1,1,0.0
KbJM,0,1,1,0.0
KbJb,0,1,1,0.0
KbJm,0,1,1,0.0
KbKS,0,1,1,0.0
KbLL,0,1,1,0.0
KbLM,0,1,1,0.0
KbLb,0,1,1,0.0
KbLn,0,1,1,0.0
KbMB,3,1,4,0.75
KbMM,0,1,1,0.0
KbMN,0,2,2,0.0
KbMP,0,3,3,0.0
KbMb,2,1,3,0.67
KbMm,0,1,1,0.0
KbMn,0,1,1,0.0
KbMs,1,1,2,0.5
KbNB,2,1,3,0.67
KbNL,0,1,1,0.0
KbNM,1,1,2,0.5
KbNN,1,2,3,0.33
KbNP,2,2,4,0.5
KbNS,0,3,3,0.0
KbNb,2,0,2,1.0
KbNl,0,1,1,0.0
KbNm,1,0,1,1.0
KbNn,4,1,5,0.8
KbNs,1,0,1,1.0
KbNt,2,0,2,1.0
KbPB,0,2,2,0.0
KbPK,0,0,0,
KbPL,1,0,1,1.0
KbPM,3,1,4,0.75
KbPP,0,2,2,0.0
KbPS,1,0,1,1.0
KbPb,0,0,0,
KbPl,0,1,1,0.0
KbPm,2,0,2,1.0
KbPn,0,1,1,0.0
KbPs,1,0,1,1.0
KbSB,1,0,1,1.0
KbSD,0,1,1,0.0
KbSL,1,1,2,0.5
KbSM,1,1,2,0.5
KbSP,1,1,2,0.5
KbSS,1,1,2,0.5
KbSb,0,2,2,0.0
KbSh,0,1,1,0.0
KbSm,2,0,2,1.0
KbSn,0,1,1,0.0
KbSs,1,1,2,0.5
KbbL,1,0,1,1.0
KbbM,2,1,3,0.67
KbbP,0,1,1,0.0
Kbbm,2,0,2,1.0
Kbbn,0,1,1,0.0
Kbbs,0,1,1,0.0
KblB,0,1,1,0.0
KblJ,0,1,1,0.0
KblM,1,0,1,1.0
KblN,0,1,1,0.0
KblP,1,1,2,0.5
Kblb,1,0,1,1.0
Kblm,1,0,1,1.0
Kbls,2,0,2,1.0
KbmB,1,0,1,1.0
KbmH,1,0,1,1.0
KbmL,0,1,1,0.0
KbmN,0,1,1,0.0
KbmP,1,1,2,0.5
Kbmb,1,1,2,0.5
Kbmn,0,0,0,
KbnH,1,0,1,1.0
KbnN,0,1,1,0.0
KbnP,2,1,3,0.67
KbnS,2,0,2,1.0
Kbnb,0,2,2,0.0
Kbnm,0,1,1,0.0
Kbns,0,1,1,0.0
KbsL,1,0,1,1.0
KbsP,1,0,1,1.0
KbsS,0,1,1,0.0
Kbsl,1,0,1,1.0
Kbsm,1,1,2,0.5
KhBB,0,1,1,0.0
KhBM,0,3,3,0.0
KhBn,0,2,2,0.0
KhBs,0,1,1,0.0
KhBt,0,0,0,
KhHB,0,1,1,0.0
KhHN,1,0,1,1.0
KhLN,1,1,2,0.5
KhLP,1,1,2,0.5
KhLb,0,1,1,0.0
KhLh,0,0,0,
KhLn,0,1,1,0.0
KhMB,1,2,3,0.33
KhMM,1,1,2,0.5
KhMP,0,1,1,0.0
KhMS,1,0,1,1.0
KhMb,2,0,2,1.0
KhMh,0,1,1,0.0
KhMl,0,1,1,0.0
KhMs,0,0,0,
KhMt,0,1,1,0.0
KhNM,1,2,3,0.33
KhNb,0,1,1,0.0
KhNm,0,1,1,0.0
KhNn,0,0,0,
KhPB,0,1,1,0.0
KhPL,0,1,1,0.0
KhPM,1,0,1,1.0
KhPN,0,1,1,0.0
KhPP,1,0,1,1.0
KhPS,0,2,2,0.0
KhPb,1,0,1,1.0
KhPl,0,1,1,0.0
KhPn,3,1,4,0.75
KhPs,1,0,1,1.0
KhSL,1,0,1,1.0
KhSN,1,0,1,1.0
KhSP,0,1,1,0.0
KhSb,0,1,1,0.0
KhSh,1,0,1,1.0
KhSn,0,2,2,0.0
KhSs,0,1,1,0.0
KhbB,1,1,2,0.5
KhbJ,0,1,1,0.0
KhbM,1,0,1,1.0
KhbN,0,0,0,
KhbS,0,0,0,
Khbb,1,3,4,0.25
Khbl,1,0,1,1.0
Khbm,1,1,2,0.5
Khbs,1,0,1,1.0
KhhB,1,1,2,0.5
KhhM,0,1,1,0.0
KhhN,0,1,1,0.0
KhhP,3,0,3,1.0
KhhS,0,1,1,0.0
Khhb,0,1,1,0.0
Khhn,0,0,0,
Khht,1,0,1,1.0
KhlH,2,0,2,1.0
KhlL,1,0,1,1.0
KhlM,1,1,2,0.5
KhlN,0,2,2,0.0
KhlP,1,0,1,1.0
Khlb,1,0,1,1.0
Khll,0,0,0,
Khlm,0,1,1,0.0
Khls,2,0,2,1.0
KhmH,0,2,2,0.0
KhmL,0,1,1,0.0
KhmM,0,1,1,0.0
KhmN,1,0,1,1.0
KhmP,1,0,1,1.0
KhmS,1,1,2,0.5
Khmm,1,0,1,1.0
Khms,0,1,1,0.0
KhnK,0,1,1,0.0
KhnM,1,0,1,1.0
KhnN,0,2,2,0.0
KhnP,0,0,0,
KhnS,0,1,1,0.0
Khnb,1,1,2,0.5
Khns,1,0,1,1.0
KhsH,0,1,1,0.0
KhsL,1,1,2,0.5
KhsM,0,1,1,0.0
KhsN,0,1,1,0.0
KhsP,0,1,1,0.0
Khsb,1,0,1,1.0
Khsl,1,0,1,1.0
Khsm,1,0,1,1.0
Khss,0,1,1,0.0
Khts,0,0,0,
KlBN,0,1,1,0.0
KlBP,0,1,1,0.0
KlBm,2,0,2,1.0
KlBn,0,1,1,0.0
KlDH,1,0,1,1.0
KlDL,1,0,1,1.0
KlHB,1,0,1,1.0
KlHM,1,0,1,1.0
KlHP,1,0,1,1.0
KlHs,1,0,1,1.0
KlIH,0,0,0,
KlJB,0,1,1,0.0
KlJM,0,1,1,0.0
KlJP,0,1,1,0.0
KlJl,0,0,0,
KlJn,0,1,1,0.0
KlLD,1,0,1,1.0
KlLM,0,1,1,0.0
KlLN,0,1,1,0.0
KlLS,1,0,1,1.0
KlLb,1,0,1,1.0
KlLm,1,0,1,1.0
KlLn,0,0,0,
KlML,0,1,1,0.0
KlMM,0,0,0,
KlMN,2,0,2,1.0
KlMP,0,2,2,0.0
KlMS,0,1,1,0.0
KlMb,1,1,2,0.5
KlMj,1,0,1,1.0
KlMl,0,1,1,0.0
KlMm,0,1,1,0.0
KlMn,0,2,2,0.0
KlMs,0,1,1,0.0
KlNB,0,1,1,0.0
KlNK,0,1,1,0.0
KlNM,0,2,2,0.0
KlNP,1,3,4,0.25
KlNS,0,1,1,0.0
KlNb,0,1,1,0.0
KlNl,1,0,1,1.0
KlNn,1,0,1,1.0
KlPB,1,2,3,0.33
KlPL,0,1,1,0.0
KlPM,1,1,2,0.5
KlPN,2,2,4,0.5
KlPP,0,0,0,
KlPS,1,0,1,1.0
KlPb,0,1,1,0.0
KlPm,2,1,3,0.67
KlSb,0,0,0,
KlSh,1,1,2,0.5
KlSn,0,0,0,
KlSs,1,0,1,1.0
KlSt,0,0,0,
KlbM,2,3,5,0.4
KlbP,3,1,4,0.75
Klbb,0,1,1,0.0
Klbm,1,1,2,0.5
KllB,1,1,2,0.5
KllM,1,0,1,1.0
KllN,1,0,1,1.0
KllP,0,1,1,0.0
KlmB,2,0,2,1.0
KlmM,0,1,1,0.0
KlmN,0,1,1,0.0
KlmP,0,1,1,0.0
KlnH,0,1,1,0.0
KlnL,0,1,1,0.0
KlnM,2,0,2,1.0
KlnN,1,0,1,1.0
KlnP,1,2,3,0.33
Klnb,0,1,1,0.0
Klnl,0,1,1,0.0
Klnn,0,1,1,0.0
KlsB,1,0,1,1.0
KlsN,2,0,2,1.0
Klsb,2,1,3,0.67
Klsn,1,0,1,1.0
KmBM,0,1,1,0.0
KmBN,1,0,1,1.0
KmBP,1,0,1,1.0
KmBS,1,2,3,0.33
KmBb,0,0,0,
KmBj,0,1,1,0.0
KmBs,1,0,1,1.0
KmDs,1,0,1,1.0
KmHB,2,0,2,1.0
KmHL,1,0,1,1.0
KmHM,0,1,1,0.0
KmHN,0,0,0,
KmHP,3,0,3,1.0
KmHS,2,1,3,0.67
KmHb,0,2,2,0.0
KmHh,0,1,1,0.0
KmHn,0,1,1,0.0
KmHs,0,2,2,0.0
KmIl,1,0,1,1.0
KmJB,0,1,1,0.0
KmJM,1,0,1,1.0
KmJN,0,0,0,
KmLL,0,0,0,
KmLP,0,1,1,0.0
KmLj,1,0,1,1.0
KmLm,1,0,1,1.0
KmLn,1,0,1,1.0
KmML,0,1,1,0.0
KmMM,1,3,4,0.25
KmMN,1,0,1,1.0
KmMP,1,2,3,0.33
KmMS,0,2,2,0.0
KmMh,2,0,2,1.0
KmMn,2,2,4,0.5
KmMs,1,1,2,0.5
KmNB,2,3,5,0.4
KmNK,0,1,1,0.0
KmNL,1,0,1,1.0
KmNN,1,1,2,0.5
KmNP,0,3,3,0.0
KmNS,1,0,1,1.0
KmNl,0,1,1,0.0
KmNm,0,1,1,0.0
KmNn,1,0,1,1.0
KmNs,1,1,2,0.5
KmPB,0,1,1,0.0
KmPK,0,1,1,0.0
KmPL,1,0,1,1.0
KmPM,0,2,2,0.0
KmPN,2,1,3,0.67
KmPP,2,4,6,0.33
KmPb,0,2,2,0.0
KmPh,1,0,1,1.0
KmPl,0,2,2,0.0
KmPm,0,0,0,
KmPn,1,0,1,1.0
KmPs,0,0,0,
KmSB,1,0,1,1.0
KmSM,1,2,3,0.33
KmSm,1,0,1,1.0
KmSn,1,0,1,1.0
KmbB,0,2,2,0.0
KmbL,2,0,2,1.0
KmbM,0,1,1,0.0
KmbN,0,1,1,0.0
KmbP,1,4,5,0.2
KmbS,0,2,2,0.0
Kmbb,1,3,4,0.25
Kmbl,2,0,2,1.0
Kmbn,1,1,2,0.5
KmlL,0,1,1,0.0
Kmlb,0,1,1,0.0
Kmln,1,0,1,1.0
KmmB,1,1,2,0.5
KmmD,0,1,1,0.0
KmmL,1,0,1,1.0
KmmM,1,1,2,0.5
KmmN,2,0,2,1.0
KmmP,0,1,1,0.0
KmmS,1,0,1,1.0
Kmmb,1,0,1,1.0
Kmml,0,1,1,0.0
Kmmm,0,1,1,0.0
Kmmn,0,1,1,0.0
Kmms,1,0,1,1.0
KmnB,2,1,3,0.67
KmnH,1,1,2,0.5
KmnN,1,2,3,0.33
KmnP,2,1,3,0.67
KmnS,0,1,1,0.0
Kmnb,1,0,1,1.0
KmsB,0,0,0,
KmsI,0,1,1,0.0
KmsM,2,2,4,0.5
KmsN,0,0,0,
KmsP,0,1,1,0.0
KmsS,0,1,1,0.0
Kmsn,0,1,1,0.0
KnBB,0,1,1,0.0
KnBK,0,1,1,0.0
KnBM,2,1,3,0.67
KnBN,0,1,1,0.0
KnBP,1,2,3,0.33
KnBb,0,1,1,0.0
KnBm,1,0,1,1.0
KnBn,0,1,1,0.0
KnDP,0,1,1,0.0
KnDn,0,1,1,0.0
KnHB,3,0,3,1.0
KnHM,0,0,0,
KnHN,0,2,2,0.0
KnHP,0,2,2,0.0
KnHS,1,0,1,1.0
KnHh,0,0,0,
KnHm,0,2,2,0.0
KnHn,0,1,1,0.0
KnHs,1,0,1,1.0
KnIM,0,1,1,0.0
KnIP,0,0,0,
KnIS,2,0,2,1.0
KnIb,0,2,2,0.0
KnIn,0,1,1,0.0
KnKN,0,0,0,
KnKm,0,1,1,0.0
KnLL,0,1,1,0.0
KnLM,0,0,0,
KnLP,1,1,2,0.5
KnLb,0,1,1,0.0
KnLn,2,0,2,1.0
KnMB,1,1,2,0.5
KnML,0,0,0,
KnMM,1,1,2,0.5
KnMP,1,1,2,0.5
KnMS,1,0,1,1.0
KnMb,2,0,2,1.0
KnMh,1,1,2,0.5
KnMj,0,0,0,
KnMl,1,0,1,1.0
KnMm,1,1,2,0.5
KnMn,2,1,3,0.67
KnNH,0,1,1,0.0
KnNM,1,1,2,0.5
KnNN,1,1,2,0.5
KnNP,0,1,1,0.0
KnNS,1,0,1,1.0
KnNb,0,1,1,0.0
KnNh,0,1,1,0.0
KnNm,2,0,2,1.0
KnNn,1,0,1,1.0
KnNs,0,1,1,0.0
KnPB,2,1,3,0.67
KnPH,0,1,1,0.0
KnPK,1,0,1,1.0
KnPL,0,0,0,
KnPM,1,1,2,0.5
KnPN,1,1,2,0.5
KnPP,4,0,4,1.0
KnPS,1,0,1,1.0
KnPb,1,1,2,0.5
KnPh,1,0,1,1.0
KnPl,2,0,2,1.0
KnPm,3,1,4,0.75
KnPn,0,0,0,
KnSB,1,1,2,0.5
KnSL,0,1,1,0.0
KnSM,1,3,4,0.25
KnSN,1,0,1,1.0
KnSP,1,2,3,0.33
KnSS,0,2,2,0.0
KnSb,0,1,1,0.0
KnSh,1,0,1,1.0
KnSn,4,3,7,0.57
KnSs,0,2,2,0.0
KnSt,1,0,1,1.0
KnbB,1,0,1,1.0
KnbD,1,0,1,1.0
KnbI,0,1,1,0.0
KnbM,1,0,1,1.0
KnbN,0,2,2,0.0
KnbP,1,2,3,0.33
KnbS,0,1,1,0.0
Knbb,2,4,6,0.33
Knbl,0,1,1,0.0
Knbm,1,0,1,1.0
Knbn,0,2,2,0.0
Knbs,0,1,1,0.0
KnlM,0,1,1,0.0
KnlN,2,0,2,1.0
KnlP,1,0,1,1.0
KnlS,1,0,1,1.0
Knlb,1,1,2,0.5
Knll,1,0,1,1.0
Knls,1,0,1,1.0
KnmB,2,0,2,1.0
KnmH,1,0,1,1.0
KnmL,1,0,1,1.0
KnmM,0,1,1,0.0
KnmN,3,1,4,0.75
KnmP,1,0,1,1.0
KnmS,0,1,1,0.0
Knmb,2,2,4,0.5
Knmm,1,0,1,1.0
Knmn,1,1,2,0.5
KnnK,0,1,1,0.0
KnnM,1,1,2,0.5
KnnN,1,2,3,0.33
KnnP,1,1,2,0.5
KnnS,1,1,2,0.5
Knnb,0,0,0,
Knnl,1,0,1,1.0
Knnn,1,0,1,1.0
KnsH,0,1,1,0.0
KnsL,1,0,1,1.0
KnsN,1,1,2,0.5
KnsP,1,1,2,0.5
Knsl,1,1,2,0.5
Knsm,0,2,2,0.0
Knsn,1,0,1,1.0
Knss,2,1,3,0.67
KsBB,0,1,1,0.0
KsBP,1,1,2,0.5
KsBm,1,0,1,1.0
KsBn,0,1,1,0.0
KsDB,1,0,1,1.0
KsDP,1,0,1,1.0
KsHL,1,0,1,1.0
KsHN,1,2,3,0.33
KsHP,0,1,1,0.0
KsHb,0,1,1,0.0
KsHl,0,1,1,0.0
KsHm,2,0,2,1.0
KsHn,2,1,3,0.67
KsIP,0,1,1,0.0
KsIm,0,1,1,0.0
KsKN,0,1,1,0.0
KsLL,0,0,0,
KsLS,1,0,1,1.0
KsMK,0,1,1,0.0
KsMM,1,1,2,0.5
KsMP,1,0,1,1.0
KsMb,0,1,1,0.0
KsMh,0,2,2,0.0
KsMl,0,0,0,
KsMm,2,0,2,1.0
KsMn,0,2,2,0.0
KsMs,2,1,3,0.67
KsMt,0,1,1,0.0
KsNB,0,0,0,
KsNM,0,1,1,0.0
KsNP,3,0,3,1.0
KsNS,0,0,0,
KsNb,1,0,1,1.0
KsNh,0,1,1,0.0
KsNl,0,0,0,
KsNm,1,0,1,1.0
KsNn,1,0,1,1.0
KsNs,0,1,1,0.0
KsNt,0,1,1,0.0
KsPB,2,0,2,1.0
KsPH,0,0,0,
KsPL,1,0,1,1.0
KsPM,1,0,1,1.0
KsPP,1,3,4,0.25
KsPS,0,2,2,0.0
KsPb,0,1,1,0.0
KsPm,2,0,2,1.0
KsPn,0,1,1,0.0
KsPs,0,1,1,0.0
KsSB,0,1,1,0.0
KsSH,0,1,1,0.0
KsSN,2,1,3,0.67
KsSS,1,0,1,1.0
KsSb,1,0,1,1.0
KsSl,0,1,1,0.0
KsSs,1,0,1,1.0
KsbI,0,1,1,0.0
KsbJ,0,1,1,0.0
KsbM,0,1,1,0.0
KsbN,1,1,2,0.5
Ksbn,2,1,3,0.67
Ksbs,0,0,0,
KshS,0,1,1,0.0
KslH,1,1,2,0.5
KslM,0,1,1,0.0
Ksll,0,0,0,
Kslm,0,1,1,0.0
Ksln,1,0,1,1.0
KsmB,0,0,0,
KsmD,0,1,1,0.0
KsmJ,0,1,1,0.0
KsmN,0,2,2,0.0
KsmP,0,0,0,
KsmS,0,2,2,0.0
Ksmb,1,1,2,0.5
KsnB,0,1,1,0.0
KsnM,1,1,2,0.5
KsnN,2,0,2,1.0
KsnP,1,1,2,0.5
KsnS,2,0,2,1.0
Ksnm,1,0,1,1.0
KssB,0,1,1,0.0
KssH,1,0,1,1.0
KssL,1,1,2,0.5
KssM,0,1,1,0.0
Kssm,0,1,1,0.0
Ksss,0,0,0,
KtBN,0,1,1,0.0
KtBb,1,0,1,1.0
KtLS,0,0,0,
KtLb,1,0,1,1.0
KtMn,1,0,1,1.0
KtMs,0,1,1,0.0
KtNs,0,1,1,0.0
KtPP,1,0,1,1.0
KtPb,0,1,1,0.0
KtSH,1,0,1,1.0
KtbB,0,1,1,0.0
KtbN,0,0,0,
KtbP,0,1,1,0.0
KtlS,1,0,1,1.0
KtmP,0,1,1,0.0
Ktml,0,0,0,
KtnM,0,1,1,0.0
KtsH,1,0,1,1.0
KttP,1,0,1,1.0
LBBB,5,3,8,0.62
LBBK,1,1,2,0.5
LBBL,1,1,2,0.5
LBBM,5,4,9,0.56
LBBN,7,8,15,0.47
LBBP,5,3,8,0.62
LBBS,2,2,4,0.5
LBBb,3,3,6,0.5
LBBh,2,1,3,0.67
LBBj,0,1,1,0.0
LBBl,0,1,1,0.0
LBBm,4,3,7,0.57
LBBn,6,7,13,0.46
LBBs,2,2,4,0.5
LBBt,2,2,4,0.5
LBDM,0,1,1,0.0
LBDP,0,1,1,0.0
LBDb,1,0,1,1.0
LBDm,1,0,1,1.0
LBDs,0,1,1,0.0
LBHM,1,0,1,1.0
LBKL,1,1,2,0.5
LBKM,1,1,2,0.5
LBKN,0,2,2,0.0
LBKP,0,2,2,0.0
LBKS,1,0,1,1.0
LBKm,0,1,1,0.0
LBLB,0,0,0,
LBLL,0,2,2,0.0
LBLM,0,1,1,0.0
LBLP,0,3,3,0.0
LBLb,2,2,4,0.5
LBLh,1,1,2,0.5
LBLl,1,1,2,0.5
LBLm,0,4,4,0.0
LBLn,1,4,5,0.2
LBLs,1,0,1,1.0
LBMB,2,2,4,0.5
LBML,0,1,1,0.0
LBMM,2,4,6,0.33
LBMN,3,6,9,0.33
LBMP,2,3,5,0.4
LBMS,1,1,2,0.5
LBMb,4,4,8,0.5
LBMh,5,3,8,0.62
LBMj,1,0,1,1.0
LBMl,2,1,3,0.67
LBMm,1,4,5,0.2
LBMn,3,8,11,0.27
LBMs,4,1,5,0.8
LBMt,0,1,1,0.0
LBNB,5,2,7,0.71
LBNK,0,1,1,0.0
LBNL,3,3,6,0.5
LBNM,5,7,12,0.42
LBNN,4,3,7,0.57
LBNP,5,7,12,0.42
LBNS,3,2,5,0.6
LBNb,3,6,9,0.33
LBNh,0,3,3,0.0
LBNl,2,2,4,0.5
LBNm,4,4,8,0.5
LBNn,7,5,12,0.58
LBNs,1,2,3,0.33
LBNt,3,0,3,1.0
LBPB,1,2,3,0.33
LBPD,0,1,1,0.0
LBPH,1,1,2,0.5
LBPK,1,0,1,1.0
LBPL,2,7,9,0.22
LBPM,3,1,4,0.75
LBPN,7,3,10,0.7
LBPP,11,10,21,0.52
LBPS,3,4,7,0.43
LBPb,7,5,12,0.58
LBPh,1,3,4,0.25
LBPl,5,5,10,0.5
LBPm,7,2,9,0.78
LBPn,3,6,9,0.33
LBPs,0,5,5,0.0
LBSB,1,2,3,0.33
LBSL,1,0,1,1.0
LBSM,1,1,2,0.5
LBSN,2,1,3,0.67
LBSP,4,1,5,0.8
LBSS,0,1,1,0.0
LBSb,0,1,1,0.0
LBSh,1,1,2,0.5
LBSm,1,1,2,0.5
LBSn,1,3,4,0.25
LBSs,0,1,1,0.0
LBbB,2,2,4,0.5
LBbH,2,0,2,1.0
LBbJ,0,1,1,0.0
LBbK,1,0,1,1.0
LBbL,1,2,3,0.33
LBbM,4,3,7,0.57
LBbN,4,6,10,0.4
LBbP,5,5,10,0.5
LBbS,0,3,3,0.0
LBbb,9,6,15,0.6
LBbl,1,1,2,0.5
LBbm,2,5,7,0.29
LBbn,6,7,13,0.46
LBbs,3,0,3,1.0
LBhB,1,0,1,1.0
LBhL,0,0,0,
LBhM,1,1,2,0.5
LBhP,0,1,1,0.0
LBhb,0,1,1,0.0
LBhh,0,1,1,0.0
LBhl,0,1,1,0.0
LBhn,0,1,1,0.0
LBhs,1,0,1,1.0
LBjB,2,2,4,0.5
LBjH,0,0,0,
LBjL,1,0,1,1.0
LBjM,2,1,3,0.67
LBjN,1,2,3,0.33
LBjP,4,1,5,0.8
LBjS,0,1,1,0.0
LBjb,2,0,2,1.0
LBjl,2,0,2,1.0
LBjn,0,3,3,0.0
LBjt,0,1,1,0.0
LBlB,1,2,3,0.33
LBlH,2,2,4,0.5
LBlL,2,1,3,0.67
LBlM,2,2,4,0.5
LBlN,1,1,2,0.5
LBlP,2,0,2,1.0
LBlS,1,3,4,0.25
LBlb,3,0,3,1.0
LBll,1,2,3,0.33
LBlm,2,4,6,0.33
LBln,5,2,7,0.71
LBls,1,2,3,0.33
LBmB,3,5,8,0.38
LBmD,0,1,1,0.0
LBmH,4,2,6,0.67
LBmJ,3,1,4,0.75
LBmL,2,0,2,1.0
LBmM,2,4,6,0.33
LBmN,5,3,8,0.62
LBmP,6,8,14,0.43
LBmS,2,0,2,1.0
LBmb,7,4,11,0.64
LBml,4,1,5,0.8
LBmm,1,0,1,1.0
LBmn,2,4,6,0.33
LBms,0,0,0,
LBnB,4,2,6,0.67
LBnD,1,0,1,1.0
LBnH,1,1,2,0.5
LBnI,1,0,1,1.0
LBnK,1,0,1,1.0
LBnL,2,2,4,0.5
LBnM,7,6,13,0.54
LBnN,14,2,16,0.88
LBnP,8,16,24,0.33
LBnS,4,3,7,0.57
LBnb,7,4,11,0.64
LBnh,1,1,2,0.5
LBnl,0,2,2,0.0
LBnm,7,2,9,0.78
LBnn,8,7,15,0.53
LBns,3,5,8,0.38
LBsB,1,0,1,1.0
LBsD,0,1,1,0.0
LBsH,1,2,3,0.33
LBsI,0,1,1,0.0
LBsL,0,1,1,0.0
LBsM,0,1,1,0.0
LBsN,2,3,5,0.4
LBsP,1,4,5,0.2
LBsS,2,4,6,0.33
LBsb,2,2,4,0.5
LBsl,0,1,1,0.0
LBsm,0,1,1,0.0
LBsn,0,2,2,0.0
LBss,0,2,2,0.0
LBtB,0,1,1,0.0
LBtH,2,0,2,1.0
LBtL,1,0,1,1.0
LBtM,1,1,2,0.5
LBtN,2,1,3,0.67
LBtP,1,1,2,0.5
LBtS,0,1,1,0.0
LBtb,2,0,2,1.0
LBtl,0,1,1,0.0
LBtm,0,1,1,0.0
LBtn,0,1,1,0.0
LBtt,0,0,0,
LDBS,1,0,1,1.0
LDBj,1,0,1,1.0
LDBn,0,1,1,0.0
LDHB,0,1,1,0.0
LDHM,0,1,1,0.0
LDHP,1,0,1,1.0
LDHb,1,0,1,1.0
LDHh,0,1,1,0.0
LDHm,1,0,1,1.0
LDHn,1,0,1,1.0
LDLM,1,0,1,1.0
LDLj,1,0,1,1.0
LDMB,0,1,1,0.0
LDMM,1,0,1,1.0
LDMP,1,1,2,0.5
LDMb,1,1,2,0.5
LDMh,0,0,0,
LDMn,1,0,1,1.0
LDNP,1,1,2,0.5
LDNl,0,1,1,0.0
LDPM,0,0,0,
LDPN,2,0,2,1.0
LDPP,1,0,1,1.0
LDPb,1,0,1,1.0
LDPm,0,1,1,0.0
LDPn,0,0,0,
LDSK,0,0,0,
LDSS,0,1,1,0.0
LDSn,1,0,1,1.0
LDSt,1,0,1,1.0
LDbP,1,0,1,1.0
LDbb,0,1,1,0.0
LDbl,0,0,0,
LDbs,1,0,1,1.0
LDlL,1,0,1,1.0
LDlM,1,0,1,1.0
LDls,0,1,1,0.0
LDmB,0,1,1,0.0
LDmM,1,0,1,1.0
LDmP,1,0,1,1.0
LDmS,1,2,3,0.33
LDmn,0,1,1,0.0
LDms,1,0,1,1.0
LDnB,0,0,0,
LDnM,0,1,1,0.0
LDnl,0,1,1,0.0
LDnm,0,0,0,
LDnn,0,1,1,0.0
LHBM,0,1,1,0.0
LHLM,0,0,0,
LHMN,1,0,1,1.0
LHMP,0,1,1,0.0
LHMn,0,1,1,0.0
LHNS,1,0,1,1.0
LHPS,1,0,1,1.0
LHSl,1,0,1,1.0
LHbS,0,1,1,0.0
LHlB,0,1,1,0.0
LHmN,2,0,2,1.0
LHmS,1,1,2,0.5
LHmm,0,1,1,0.0
LHsm,0,1,1,0.0
LKBB,1,0,1,1.0
LKBK,1,0,1,1.0
LKBL,0,1,1,0.0
LKBM,0,1,1,0.0
LKBb,0,1,1,0.0
LKBm,0,1,1,0.0
LKBn,0,1,1,0.0
LKBs,0,1,1,0.0
LKDB,0,1,1,0.0
LKIb,1,0,1,1.0
LKLB,0,1,1,0.0
LKLL,0,0,0,
LKLP,1,2,3,0.33
LKLS,0,1,1,0.0
LKLb,2,1,3,0.67
LKLh,1,0,1,1.0
LKMD,0,1,1,0.0
LKMS,0,1,1,0.0
LKMh,0,1,1,0.0
LKMn,1,0,1,1.0
LKNN,1,0,1,1.0
LKNb,0,0,0,
LKNt,1,0,1,1.0
LKPN,0,1,1,0.0
LKPP,2,0,2,1.0
LKPs,2,0,2,1.0
LKSB,1,0,1,1.0
LKSm,0,3,3,0.0
LKSn,1,1,2,0.5
LKSs,0,1,1,0.0
LKbB,0,1,1,0.0
LKbN,1,0,1,1.0
LKbP,0,1,1,0.0
LKbS,1,0,1,1.0
LKbs,2,0,2,1.0
LKhL,1,0,1,1.0
LKhM,1,0,1,1.0
LKhP,1,0,1,1.0
LKhh,1,0,1,1.0
LKhs,0,1,1,0.0
LKlH,0,1,1,0.0
LKlL,0,1,1,0.0
LKlM,0,0,0,
LKlb,1,0,1,1.0
LKln,0,1,1,0.0
LKmB,1,1,2,0.5
LKmN,1,0,1,1.0
LKmP,1,0,1,1.0
LKmb,0,0,0,
LKmm,1,0,1,1.0
LKms,1,0,1,1.0
LKnB,1,0,1,1.0
LKnM,0,1,1,0.0
LKnN,1,0,1,1.0
LKnP,0,1,1,0.0
LKnS,1,0,1,1.0
LKnb,1,1,2,0.5
LKnl,1,0,1,1.0
LKnm,1,0,1,1.0
LKnn,0,0,0,
LKsN,0,1,1,0.0
LKsP,0,2,2,0.0
LKsm,0,1,1,0.0
LKts,0,1,1,0.0
LLBB,2,1,3,0.67
LLBM,4,1,5,0.8
LLBN,0,1,1,0.0
LLBP,0,4,4,0.0
LLBS,1,0,1,1.0
LLBb,2,4,6,0.33
LLBl,1,1,2,0.5
LLBn,0,0,0,
LLBs,0,1,1,0.0
LLBt,1,0,1,1.0
LLDM,0,1,1,0.0
LLDb,0,1,1,0.0
LLHS,0,1,1,0.0
LLKL,1,0,1,1.0
LLLB,0,0,0,
LLLL,0,1,1,0.0
LLLM,1,1,2,0.5
LLLN,0,1,1,0.0
LLLP,1,0,1,1.0
LLLb,1,2,3,0.33
LLLj,1,0,1,1.0
LLLm,0,1,1,0.0
LLLn,1,1,2,0.5
LLLs,1,0,1,1.0
LLMB,2,4,6,0.33
LLML,4,0,4,1.0
LLMM,0,2,2,0.0
LLMN,3,0,3,1.0
LLMP,0,2,2,0.0
LLMS,2,0,2,1.0
LLMb,2,2,4,0.5
LLMh,3,2,5,0.6
LLMl,2,2,4,0.5
LLMm,1,3,4,0.25
LLMn,1,1,2,0.5
LLMs,3,0,3,1.0
LLMt,0,0,0,
LLNB,2,2,4,0.5
LLNH,0,1,1,0.0
LLNL,2,0,2,1.0
LLNM,2,0,2,1.0
LLNN,3,3,6,0.5
LLNP,1,2,3,0.33
LLNS,1,0,1,1.0
LLNb,1,3,4,0.25
LLNh,1,0,1,1.0
LLNl,0,0,0,
LLNm,3,1,4,0.75
LLNn,0,3,3,0.0
LLNs,0,2,2,0.0
LLPB,1,1,2,0.5
LLPH,0,1,1,0.0
LLPL,4,1,5,0.8
LLPM,5,2,7,0.71
LLPN,2,2,4,0.5
LLPP,3,2,5,0.6
LLPS,0,1,1,0.0
LLPb,0,4,4,0.0
LLPh,0,2,2,0.0
LLPl,0,2,2,0.0
LLPm,2,1,3,0.67
LLPn,1,1,2,0.5
LLPs,1,0,1,1.0
LLSB,1,0,1,1.0
LLSL,0,0,0,
LLSM,1,0,1,1.0
LLSN,1,1,2,0.5
LLSP,1,0,1,1.0
LLSS,1,0,1,1.0
LLSb,0,0,0,
LLSh,0,1,1,0.0
LLSl,1,1,2,0.5
LLSm,4,2,6,0.67
LLSn,2,1,3,0.67
LLSs,0,2,2,0.0
LLbH,1,3,4,0.25
LLbI,0,1,1,0.0
LLbJ,1,1,2,0.5
LLbK,2,0,2,1.0
LLbL,1,1,2,0.5
LLbM,2,1,3,0.67
LLbN,4,1,5,0.8
LLbP,1,4,5,0.2
LLbS,2,2,4,0.5
LLbb,2,1,3,0.67
LLbl,1,0,1,1.0
LLbm,1,1,2,0.5
LLbn,3,5,8,0.38
LLbs,0,1,1,0.0
LLhB,1,0,1,1.0
LLhH,1,0,1,1.0
LLhM,0,1,1,0.0
LLhN,0,1,1,0.0
LLhP,0,2,2,0.0
LLhb,1,0,1,1.0
LLhl,1,1,2,0.5
LLhm,0,1,1,0.0
LLhn,1,1,2,0.5
LLhs,1,0,1,1.0
LLjB,2,0,2,1.0
LLjM,1,1,2,0.5
LLjP,1,1,2,0.5
LLjS,0,1,1,0.0
LLjb,0,3,3,0.0
LLjh,0,0,0,
LLjl,0,1,1,0.0
LLjm,1,1,2,0.5
LLjn,1,1,2,0.5
LLjs,0,0,0,
LLjt,0,1,1,0.0
LLlH,1,0,1,1.0
LLlI,1,0,1,1.0
LLlJ,2,0,2,1.0
LLlL,2,1,3,0.67
LLlN,2,1,3,0.67
LLlP,0,3,3,0.0
LLlb,1,2,3,0.33
LLln,1,2,3,0.33
LLls,0,0,0,
LLmB,0,2,2,0.0
LLmH,3,4,7,0.43
LLmI,1,0,1,1.0
LLmJ,0,1,1,0.0
LLmM,1,1,2,0.5
LLmN,2,5,7,0.29
LLmP,0,3,3,0.0
LLmS,1,1,2,0.5
LLmb,3,0,3,1.0
LLml,2,1,3,0.67
LLmm,1,1,2,0.5
LLmn,0,1,1,0.0
LLms,0,0,0,
LLnB,2,2,4,0.5
LLnH,1,0,1,1.0
LLnI,0,1,1,0.0
LLnL,1,0,1,1.0
LLnM,1,5,6,0.17
LLnN,3,5,8,0.38
LLnP,3,3,6,0.5
LLnb,0,1,1,0.0
LLnl,1,1,2,0.5
LLnm,0,0,0,
LLnn,3,6,9,0.33
LLns,1,1,2,0.5
LLsB,1,0,1,1.0
LLsH,1,1,2,0.5
LLsL,0,1,1,0.0
LLsM,2,2,4,0.5
LLsN,2,0,2,1.0
LLsP,3,3,6,0.5
LLsS,1,0,1,1.0
LLsb,0,1,1,0.0
LLsl,1,1,2,0.5
LLsm,0,2,2,0.0
LLsn,1,1,2,0.5
LLss,1,0,1,1.0
LLtB,0,1,1,0.0
LLtI,0,1,1,0.0
LLtM,1,0,1,1.0
LLtN,0,1,1,0.0
LLtP,0,1,1,0.0
LLtS,1,0,1,1.0
LMBB,5,7,12,0.42
LMBL,2,0,2,1.0
LMBM,2,7,9,0.22
LMBN,5,5,10,0.5
LMBP,13,9,22,0.59
LMBS,1,2,3,0.33
LMBb,6,4,10,0.6
LMBj,0,4,4,0.0
LMBl,1,2,3,0.33
LMBm,6,8,14,0.43
LMBn,2,9,11,0.18
LMBs,1,1,2,0.5
LMBt,1,2,3,0.33
LMDL,0,1,1,0.0
LMDN,0,1,1,0.0
LMKs,0,0,0,
LMLB,2,2,4,0.5
LMLL,0,1,1,0.0
LMLM,4,3,7,0.57
LMLN,2,0,2,1.0
LMLP,2,2,4,0.5
LMLS,1,1,2,0.5
LMLb,2,5,7,0.29
LMLh,0,1,1,0.0
LMLj,1,0,1,1.0
LMLm,0,2,2,0.0
LMLn,4,2,6,0.67
LMLs,0,2,2,0.0
LMMB,7,2,9,0.78
LMML,3,1,4,0.75
LMMM,4,8,12,0.33
LMMN,2,9,11,0.18
LMMP,7,4,11,0.64
LMMS,0,6,6,0.0
LMMb,4,3,7,0.57
LMMh,2,7,9,0.22
LMMj,3,1,4,0.75
LMMl,3,2,5,0.6
LMMm,2,3,5,0.4
LMMn,5,7,12,0.42
LMMs,0,3,3,0.0
LMMt,0,1,1,0.0
LMNB,1,2,3,0.33
LMND,1,0,1,1.0
LMNL,1,1,2,0.5
LMNM,6,5,11,0.55
LMNN,4,7,11,0.36
LMNP,8,4,12,0.67
LMNS,6,2,8,0.75
LMNb,7,4,11,0.64
LMNh,1,0,1,1.0
LMNl,0,4,4,0.0
LMNm,2,2,4,0.5
LMNn,10,8,18,0.56
LMNs,6,2,8,0.75
LMNt,0,1,1,0.0
LMPB,5,3,8,0.62
LMPD,0,1,1,0.0
LMPH,0,3,3,0.0
LMPL,4,4,8,0.5
LMPM,10,2,12,0.83
LMPN,8,8,16,0.5
LMPP,7,8,15,0.47
LMPS,5,3,8,0.62
LMPb,3,7,10,0.3
LMPh,0,1,1,0.0
LMPl,2,0,2,1.0
LMPm,9,2,11,0.82
LMPn,5,5,10,0.5
LMPs,9,5,14,0.64
LMPt,0,1,1,0.0
LMSB,1,3,4,0.25
LMSH,0,1,1,0.0
LMSL,0,1,1,0.0
LMSM,1,3,4,0.25
LMSN,3,2,5,0.6
LMSP,5,1,6,0.83
LMSS,2,0,2,1.0
LMSb,1,1,2,0.5
LMSh,0,0,0,
LMSl,3,0,3,1.0
LMSm,1,1,2,0.5
LMSn,3,2,5,0.6
LMSs,4,2,6,0.67
LMSt,1,0,1,1.0
LMbB,2,5,7,0.29
LMbH,1,5,6,0.17
LMbI,1,1,2,0.5
LMbJ,0,1,1,0.0
LMbL,1,3,4,0.25
LMbM,2,11,13,0.15
LMbN,10,7,17,0.59
LMbP,11,7,18,0.61
LMbS,4,5,9,0.44
LMbb,8,6,14,0.57
LMbl,0,1,1,0.0
LMbm,5,2,7,0.71
LMbn,3,7,10,0.3
LMbs,1,3,4,0.25
LMhB,4,2,6,0.67
LMhD,0,2,2,0.0
LMhK,0,1,1,0.0
LMhL,0,2,2,0.0
LMhM,5,6,11,0.45
LMhN,1,5,6,0.17
LMhP,4,5,9,0.44
LMhS,1,2,3,0.33
LMhb,3,1,4,0.75
LMhh,3,2,5,0.6
LMhl,2,1,3,0.67
LMhm,3,1,4,0.75
LMhn,10,6,16,0.62
LMhs,2,2,4,0.5
LMht,1,0,1,1.0
LMjB,3,1,4,0.75
LMjD,0,1,1,0.0
LMjH,1,0,1,1.0
LMjL,0,1,1,0.0
LMjM,1,1,2,0.5
LMjN,2,1,3,0.67
LMjP,0,2,2,0.0
LMjS,1,0,1,1.0
LMjb,2,3,5,0.4
LMjh,0,0,0,
LMjl,0,1,1,0.0
LMjm,0,2,2,0.0
LMjn,2,1,3,0.67
LMjs,1,1,2,0.5
LMlB,1,3,4,0.25
LMlH,3,4,7,0.43
LMlL,0,1,1,0.0
LMlM,3,1,4,0.75
LMlN,1,3,4,0.25
LMlP,3,3,6,0.5
LMlS,2,2,4,0.5
LMlb,2,1,3,0.67
LMll,2,1,3,0.67
LMlm,2,5,7,0.29
LMln,2,2,4,0.5
LMls,2,2,4,0.5
LMmB,3,6,9,0.33
LMmH,1,1,2,0.5
LMmI,1,0,1,1.0
LMmJ,1,0,1,1.0
LMmL,1,2,3,0.33
LMmM,1,8,9,0.11
LMmN,2,3,5,0.4
LMmP,5,6,11,0.45
LMmS,2,1,3,0.67
LMmb,2,2,4,0.5
LMml,2,2,4,0.5
LMmm,3,1,4,0.75
LMmn,4,5,9,0.44
LMms,0,2,2,0.0
LMnB,7,1,8,0.88
LMnD,1,0,1,1.0
LMnH,3,1,4,0.75
LMnI,4,2,6,0.67
LMnL,4,2,6,0.67
LMnM,8,8,16,0.5
LMnN,17,7,24,0.71
LMnP,10,7,17,0.59
LMnS,1,5,6,0.17
LMnb,5,8,13,0.38
LMnl,3,5,8,0.38
LMnm,5,4,9,0.56
LMnn,5,8,13,0.38
LMns,5,1,6,0.83
LMsB,1,1,2,0.5
LMsH,4,4,8,0.5
LMsI,1,1,2,0.5
LMsL,1,0,1,1.0
LMsM,4,4,8,0.5
LMsN,0,3,3,0.0
LMsP,4,2,6,0.67
LMsS,1,2,3,0.33
LMsb,2,2,4,0.5
LMsl,1,0,1,1.0
LMsm,4,2,6,0.67
LMsn,0,2,2,0.0
LMss,1,1,2,0.5
LMtB,1,0,1,1.0
LMtL,1,0,1,1.0
LMtM,1,1,2,0.5
LMtN,1,0,1,1.0
LMtP,3,2,5,0.6
LMtS,1,1,2,0.5
LMtb,0,2,2,0.0
LMtn,1,3,4,0.25
LMtt,0,2,2,0.0
LNBB,2,5,7,0.29
LNBL,1,1,2,0.5
LNBM,5,6,11,0.45
LNBN,10,3,13,0.77
LNBP,3,6,9,0.33
LNBS,2,0,2,1.0
LNBb,3,1,4,0.75
LNBh,1,0,1,1.0
LNBj,5,2,7,0.71
LNBl,1,0,1,1.0
LNBm,4,3,7,0.57
LNBn,4,6,10,0.4
LNBs,3,3,6,0.5
LNDB,0,1,1,0.0
LNDH,1,0,1,1.0
LNDM,1,0,1,1.0
LNDP,0,1,1,0.0
LNDb,1,0,1,1.0
LNDn,0,1,1,0.0
LNDs,0,1,1,0.0
LNHH,0,1,1,0.0
LNHM,1,1,2,0.5
LNHN,0,2,2,0.0
LNHP,2,0,2,1.0
LNHb,1,2,3,0.33
LNHl,0,1,1,0.0
LNHn,0,1,1,0.0
LNHs,1,1,2,0.5
LNKh,0,1,1,0.0
LNKl,1,1,2,0.5
LNKm,1,0,1,1.0
LNKn,0,1,1,0.0
LNLB,1,4,5,0.2
LNLD,0,1,1,0.0
LNLM,1,2,3,0.33
LNLN,3,3,6,0.5
LNLP,4,2,6,0.67
LNLS,1,1,2,0.5
LNLb,0,1,1,0.0
LNLh,2,0,2,1.0
LNLj,0,1,1,0.0
LNLl,0,1,1,0.0
LNLm,1,1,2,0.5
LNLn,2,2,4,0.5
LNLs,1,0,1,1.0
LNMB,5,5,10,0.5
LNMD,2,0,2,1.0
LNML,2,0,2,1.0
LNMM,3,4,7,0.43
LNMN,6,5,11,0.55
LNMP,6,3,9,0.67
LNMS,2,2,4,0.5
LNMb,6,3,9,0.67
LNMh,3,4,7,0.43
LNMj,0,1,1,0.0
LNMl,2,3,5,0.4
LNMm,6,2,8,0.75
LNMn,6,7,13,0.46
LNMs,3,2,5,0.6
LNMt,1,0,1,1.0
LNNB,5,1,6,0.83
LNNH,1,1,2,0.5
LNNK,0,1,1,0.0
LNNL,1,0,1,1.0
LNNM,1,6,7,0.14
LNNN,9,4,13,0.69
LNNP,7,8,15,0.47
LNNS,3,8,11,0.27
LNNb,7,5,12,0.58
LNNh,1,2,3,0.33
LNNl,4,4,8,0.5
LNNm,4,5,9,0.44
LNNn,7,7,14,0.5
LNNs,1,7,8,0.12
LNNt,1,1,2,0.5
LNPB,4,5,9,0.44
LNPD,0,1,1,0.0
LNPH,5,3,8,0.62
LNPI,1,0,1,1.0
LNPK,0,1,1,0.0
LNPL,0,3,3,0.0
LNPM,4,9,13,0.31
LNPN,9,7,16,0.56
LNPP,13,16,29,0.45
LNPS,4,3,7,0.57
LNPb,9,1,10,0.9
LNPh,0,1,1,0.0
LNPl,1,2,3,0.33
LNPm,5,5,10,0.5
LNPn,12,11,23,0.52
LNPs,5,8,13,0.38
LNSD,1,0,1,1.0
LNSH,0,0,0,
LNSL,1,1,2,0.5
LNSM,2,3,5,0.4
LNSN,2,2,4,0.5
LNSP,8,2,10,0.8
LNSS,0,1,1,0.0
LNSb,4,7,11,0.36
LNSh,4,0,4,1.0
LNSl,0,1,1,0.0
LNSm,0,4,4,0.0
LNSn,5,6,11,0.45
LNSs,3,5,8,0.38
LNSt,1,0,1,1.0
LNbB,3,3,6,0.5
LNbH,0,1,1,0.0
LNbJ,1,2,3,0.33
LNbK,1,0,1,1.0
LNbL,2,1,3,0.67
LNbM,9,2,11,0.82
LNbN,6,10,16,0.38
LNbP,5,9,14,0.36
LNbS,1,2,3,0.33
LNbb,5,5,10,0.5
LNbl,2,4,6,0.33
LNbm,1,4,5,0.2
LNbn,6,9,15,0.4
LNbs,2,2,4,0.5
LNhB,1,0,1,1.0
LNhH,0,1,1,0.0
LNhL,0,2,2,0.0
LNhM,1,3,4,0.25
LNhN,3,1,4,0.75
LNhP,2,3,5,0.4
LNhS,0,0,0,
LNhb,0,3,3,0.0
LNhh,2,2,4,0.5
LNhm,3,1,4,0.75
LNhn,2,1,3,0.67
LNhs,1,2,3,0.33
LNht,1,0,1,1.0
LNlB,1,1,2,0.5
LNlH,2,1,3,0.67
LNlI,1,0,1,1.0
LNlJ,2,0,2,1.0
LNlL,0,1,1,0.0
LNlM,2,3,5,0.4
LNlN,2,1,3,0.67
LNlP,5,2,7,0.71
LNlS,4,0,4,1.0
LNlb,3,0,3,1.0
LNll,1,1,2,0.5
LNlm,0,2,2,0.0
LNln,2,2,4,0.5
LNmB,2,3,5,0.4
LNmD,0,1,1,0.0
LNmH,3,4,7,0.43
LNmJ,2,4,6,0.33
LNmL,2,3,5,0.4
LNmM,1,2,3,0.33
LNmN,9,4,13,0.69
LNmP,5,2,7,0.71
LNmS,1,1,2,0.5
LNmb,7,3,10,0.7
LNml,2,0,2,1.0
LNmm,5,4,9,0.56
LNmn,7,0,7,1.0
LNms,3,2,5,0.6
LNnB,4,3,7,0.57
LNnD,0,1,1,0.0
LNnH,6,2,8,0.75
LNnI,0,1,1,0.0
LNnK,1,1,2,0.5
LNnL,3,1,4,0.75
LNnM,7,9,16,0.44
LNnN,11,9,20,0.55
LNnP,9,16,25,0.36
LNnS,5,7,12,0.42
LNnb,8,6,14,0.57
LNnl,2,4,6,0.33
LNnm,7,8,15,0.47
LNnn,8,9,17,0.47
LNns,1,1,2,0.5
LNsB,2,1,3,0.67
LNsH,3,1,4,0.75
LNsI,1,0,1,1.0
LNsM,5,2,7,0.71
LNsN,5,4,9,0.56
LNsP,2,4,6,0.33
LNsS,2,1,3,0.67
LNsb,0,4,4,0.0
LNsl,3,1,4,0.75
LNsm,1,3,4,0.25
LNsn,1,1,2,0.5
LNss,1,0,1,1.0
LNtB,2,0,2,1.0
LNtL,2,1,3,0.67
LNtM,2,1,3,0.67
LNtN,0,0,0,
LNtP,3,3,6,0.5
LNtb,1,0,1,1.0
LNtl,0,1,1,0.0
LNtm,1,0,1,1.0
LNtn,2,1,3,0.67
LNtt,1,0,1,1.0
LPBB,4,4,8,0.5
LPBL,1,4,5,0.2
LPBM,8,3,11,0.73
LPBN,3,2,5,0.6
LPBP,8,5,13,0.62
LPBS,1,5,6,0.17
LPBb,2,1,3,0.67
LPBj,2,0,2,1.0
LPBl,4,3,7,0.57
LPBm,5,5,10,0.5
LPBn,3,5,8,0.38
LPBs,2,2,4,0.5
LPBt,2,0,2,1.0
LPDB,0,1,1,0.0
LPDH,0,0,0,
LPDM,0,1,1,0.0
LPDN,0,0,0,
LPDS,0,0,0,
LPDb,0,0,0,
LPDh,0,1,1,0.0
LPHB,0,2,2,0.0
LPHH,0,1,1,0.0
LPHK,1,0,1,1.0
LPHL,1,0,1,1.0
LPHM,2,2,4,0.5
LPHN,2,4,6,0.33
LPHP,2,2,4,0.5
LPHS,0,0,0,
LPHb,1,1,2,0.5
LPHm,1,1,2,0.5
LPHn,1,3,4,0.25
LPHs,2,1,3,0.67
LPIH,1,0,1,1.0
LPIP,0,2,2,0.0
LPIS,0,1,1,0.0
LPIb,0,1,1,0.0
LPKL,0,1,1,0.0
LPKP,1,1,2,0.5
LPKS,0,1,1,0.0
LPKb,2,1,3,0.67
LPKh,1,0,1,1.0
LPKl,2,0,2,1.0
LPKm,1,0,1,1.0
LPKs,1,0,1,1.0
LPLB,5,1,6,0.83
LPLK,1,0,1,1.0
LPLL,2,0,2,1.0
LPLM,8,3,11,0.73
LPLN,1,0,1,1.0
LPLP,4,3,7,0.57
LPLS,4,1,5,0.8
LPLb,7,2,9,0.78
LPLh,0,2,2,0.0
LPLj,0,2,2,0.0
LPLl,1,0,1,1.0
LPLm,4,3,7,0.57
LPLn,3,5,8,0.38
LPLs,1,3,4,0.25
LPLt,1,1,2,0.5
LPMB,1,7,8,0.12
LPML,3,3,6,0.5
LPMM,3,9,12,0.25
LPMN,6,6,12,0.5
LPMP,9,9,18,0.5
LPMS,1,5,6,0.17
LPMb,5,2,7,0.71
LPMh,6,7,13,0.46
LPMj,4,4,8,0.5
LPMl,3,3,6,0.5
LPMm,3,3,6,0.5
LPMn,9,9,18,0.5
LPMs,2,3,5,0.4
LPMt,0,1,1,0.0
LPNB,3,5,8,0.38
LPND,0,2,2,0.0
LPNH,0,1,1,0.0
LPNK,1,0,1,1.0
LPNL,1,5,6,0.17
LPNM,3,10,13,0.23
LPNN,7,8,15,0.47
LPNP,8,11,19,0.42
LPNS,5,3,8,0.62
LPNb,5,9,14,0.36
LPNh,2,2,4,0.5
LPNl,3,2,5,0.6
LPNm,6,6,12,0.5
LPNn,9,11,20,0.45
LPNs,9,5,14,0.64
LPNt,4,0,4,1.0
LPPB,3,8,11,0.27
LPPD,2,0,2,1.0
LPPH,2,3,5,0.4
LPPI,2,0,2,1.0
LPPK,0,2,2,0.0
LPPL,8,9,17,0.47
LPPM,8,9,17,0.47
LPPN,17,8,25,0.68
LPPP,13,17,30,0.43
LPPS,6,6,12,0.5
LPPb,7,11,18,0.39
LPPh,1,0,1,1.0
LPPl,7,8,15,0.47
LPPm,14,16,30,0.47
LPPn,5,11,16,0.31
LPPs,4,13,17,0.24
LPPt,3,0,3,1.0
LPSB,5,2,7,0.71
LPSH,1,2,3,0.33
LPSL,1,1,2,0.5
LPSM,3,3,6,0.5
LPSN,0,3,3,0.0
LPSP,6,5,11,0.55
LPSS,2,4,6,0.33
LPSb,1,5,6,0.17
LPSh,4,3,7,0.57
LPSl,1,0,1,1.0
LPSm,4,4,8,0.5
LPSn,6,1,7,0.86
LPSs,3,5,8,0.38
LPSt,1,0,1,1.0
LPbB,5,9,14,0.36
LPbD,0,1,1,0.0
LPbH,0,1,1,0.0
LPbI,1,0,1,1.0
LPbJ,1,2,3,0.33
LPbL,3,3,6,0.5
LPbM,3,9,12,0.25
LPbN,2,6,8,0.25
LPbP,11,10,21,0.52
LPbS,3,3,6,0.5
LPbb,10,6,16,0.62
LPbl,2,8,10,0.2
LPbm,4,5,9,0.44
LPbn,5,6,11,0.45
LPbs,2,3,5,0.4
LPhB,2,0,2,1.0
LPhH,1,1,2,0.5
LPhL,1,0,1,1.0
LPhS,0,1,1,0.0
LPhb,2,1,3,0.67
LPhl,1,0,1,1.0
LPhn,0,2,2,0.0
LPht,0,1,1,0.0
LPlB,2,3,5,0.4
LPlH,6,5,11,0.55
LPlJ,2,3,5,0.4
LPlL,2,0,2,1.0
LPlM,1,1,2,0.5
LPlN,2,1,3,0.67
LPlP,9,8,17,0.53
LPlb,4,2,6,0.67
LPll,5,2,7,0.71
LPlm,5,3,8,0.62
LPln,3,0,3,1.0
LPls,3,2,5,0.6
LPmB,5,4,9,0.56
LPmD,1,0,1,1.0
LPmH,1,3,4,0.25
LPmJ,2,1,3,0.67
LPmL,2,5,7,0.29
LPmM,8,7,15,0.53
LPmN,7,4,11,0.64
LPmP,3,10,13,0.23
LPmS,5,6,11,0.45
LPmb,2,3,5,0.4
LPml,3,4,7,0.43
LPmm,3,6,9,0.33
LPmn,4,5,9,0.44
LPms,0,4,4,0.0
LPnB,3,3,6,0.5
LPnD,0,0,0,
LPnH,4,4,8,0.5
LPnI,1,0,1,1.0
LPnK,0,0,0,
LPnL,2,5,7,0.29
LPnM,6,6,12,0.5
LPnN,8,6,14,0.57
LPnP,8,8,16,0.5
LPnS,3,4,7,0.43
LPnb,7,7,14,0.5
LPnh,0,1,1,0.0
LPnl,4,9,13,0.31
LPnm,7,6,13,0.54
LPnn,6,8,14,0.43
LPns,6,2,8,0.75
LPsB,2,1,3,0.67
LPsH,4,2,6,0.67
LPsI,0,1,1,0.0
LPsL,0,1,1,0.0
LPsM,0,3,3,0.0
LPsN,4,7,11,0.36
LPsP,0,6,6,0.0
LPsS,2,3,5,0.4
LPsb,5,3,8,0.62
LPsl,2,0,2,1.0
LPsm,4,7,11,0.36
LPsn,3,4,7,0.43
LPss,5,4,9,0.56
LPtB,1,0,1,1.0
LPtM,2,0,2,1.0
LPtN,1,2,3,0.33
LPtP,1,1,2,0.5
LPtS,0,2,2,0.0
LPtb,1,2,3,0.33
LPtl,0,0,0,
LPtm,0,2,2,0.0
LPtn,2,4,6,0.33
LPts,1,0,1,1.0
LSBB,2,2,4,0.5
LSBK,0,1,1,0.0
LSBM,4,3,7,0.57
LSBN,1,2,3,0.33
LSBP,2,3,5,0.4
LSBS,1,2,3,0.33
LSBb,2,4,6,0.33
LSBj,0,3,3,0.0
LSBl,3,0,3,1.0
LSBm,2,1,3,0.67
LSBn,1,3,4,0.25
LSBs,2,0,2,1.0
LSDL,0,1,1,0.0
LSDb,1,0,1,1.0
LSDl,0,1,1,0.0
LSDn,2,1,3,0.67
LSDs,1,0,1,1.0
LSHH,0,1,1,0.0
LSHN,2,0,2,1.0
LSHP,0,1,1,0.0
LSHS,1,0,1,1.0
LSHb,1,1,2,0.5
LSHh,0,1,1,0.0
LSHl,0,1,1,0.0
LSHm,1,0,1,1.0
LSHn,1,0,1,1.0
LSKL,0,1,1,0.0
LSKS,0,0,0,
LSKl,1,0,1,1.0
LSKs,1,0,1,1.0
LSLB,2,3,5,0.4
LSLM,3,1,4,0.75
LSLN,1,2,3,0.33
LSLP,4,0,4,1.0
LSLS,3,0,3,1.0
LSLb,1,2,3,0.33
LSLh,1,1,2,0.5
LSLm,4,2,6,0.67
LSLn,3,0,3,1.0
LSLs,2,0,2,1.0
LSMB,5,1,6,0.83
LSML,3,1,4,0.75
LSMM,6,1,7,0.86
LSMN,5,1,6,0.83
LSMP,4,2,6,0.67
LSMS,0,0,0,
LSMb,3,5,8,0.38
LSMh,0,3,3,0.0
LSMj,0,0,0,
LSMl,0,3,3,0.0
LSMm,4,1,5,0.8
LSMn,0,1,1,0.0
LSMs,0,3,3,0.0
LSMt,0,1,1,0.0
LSNB,2,1,3,0.67
LSNH,1,3,4,0.25
LSNK,0,1,1,0.0
LSNL,1,0,1,1.0
LSNM,1,4,5,0.2
LSNN,2,5,7,0.29
LSNP,7,5,12,0.58
LSNS,2,1,3,0.67
LSNb,3,0,3,1.0
LSNh,1,1,2,0.5
LSNl,1,2,3,0.33
LSNm,4,1,5,0.8
LSNn,1,2,3,0.33
LSNs,0,2,2,0.0
LSNt,0,1,1,0.0
LSPB,3,3,6,0.5
LSPH,0,4,4,0.0
LSPK,0,1,1,0.0
LSPL,1,3,4,0.25
LSPM,2,3,5,0.4
LSPN,6,5,11,0.55
LSPP,7,1,8,0.88
LSPS,6,3,9,0.67
LSPb,4,4,8,0.5
LSPh,1,0,1,1.0
LSPl,3,3,6,0.5
LSPm,2,5,7,0.29
LSPn,3,2,5,0.6
LSPs,3,4,7,0.43
LSPt,0,1,1,0.0
LSSB,0,3,3,0.0
LSSH,1,1,2,0.5
LSSL,1,3,4,0.25
LSSM,1,1,2,0.5
LSSN,4,0,4,1.0
LSSP,5,2,7,0.71
LSSS,2,4,6,0.33
LSSb,3,4,7,0.43
LSSh,1,2,3,0.33
LSSl,2,2,4,0.5
LSSm,2,2,4,0.5
LSSn,1,5,6,0.17
LSSs,1,3,4,0.25
LSSt,1,0,1,1.0
LSbB,4,4,8,0.5
LSbD,0,1,1,0.0
LSbI,1,0,1,1.0
LSbJ,1,0,1,1.0
LSbL,1,1,2,0.5
LSbM,2,4,6,0.33
LSbN,4,3,7,0.57
LSbP,2,1,3,0.67
LSbS,2,0,2,1.0
LSbb,3,3,6,0.5
LSbl,1,0,1,1.0
LSbm,0,2,2,0.0
LSbn,0,5,5,0.0
LSbs,0,1,1,0.0
LShB,2,1,3,0.67
LShH,0,1,1,0.0
LShI,1,0,1,1.0
LShL,2,1,3,0.67
LShM,1,0,1,1.0
LShN,3,2,5,0.6
LShP,1,2,3,0.33
LShS,1,5,6,0.17
LShb,1,3,4,0.25
LShl,0,2,2,0.0
LShm,0,3,3,0.0
LShn,4,1,5,0.8
LShs,1,1,2,0.5
LSlB,3,2,5,0.6
LSlH,2,1,3,0.67
LSlJ,1,0,1,1.0
LSlL,1,1,2,0.5
LSlM,1,2,3,0.33
LSlN,3,7,10,0.3
LSlP,5,0,5,1.0
LSlS,0,1,1,0.0
LSll,1,0,1,1.0
LSlm,2,2,4,0.5
LSln,1,0,1,1.0
LSls,0,0,0,
LSmB,1,1,2,0.5
LSmH,0,1,1,0.0
LSmI,3,0,3,1.0
LSmJ,0,1,1,0.0
LSmL,0,2,2,0.0
LSmM,4,2,6,0.67
LSmN,0,4,4,0.0
LSmP,3,2,5,0.6
LSmS,2,4,6,0.33
LSmb,2,4,6,0.33
LSml,1,1,2,0.5
LSmm,2,2,4,0.5
LSmn,1,1,2,0.5
LSms,3,1,4,0.75
LSnB,0,5,5,0.0
LSnD,1,0,1,1.0
LSnH,1,4,5,0.2
LSnI,1,1,2,0.5
LSnL,1,3,4,0.25
LSnM,3,1,4,0.75
LSnN,5,6,11,0.45
LSnP,10,9,19,0.53
LSnS,5,4,9,0.56
LSnb,1,2,3,0.33
LSnl,1,0,1,1.0
LSnm,6,4,10,0.6
LSnn,8,4,12,0.67
LSns,1,1,2,0.5
LSsB,1,0,1,1.0
LSsD,0,1,1,0.0
LSsH,0,2,2,0.0
LSsI,0,1,1,0.0
LSsM,0,3,3,0.0
LSsN,0,3,3,0.0
LSsP,3,2,5,0.6
LSsS,2,5,7,0.29
LSsb,0,5,5,0.0
LSsh,0,1,1,0.0
LSsl,2,0,2,1.0
LSsm,4,3,7,0.57
LSsn,0,3,3,0.0
LSss,1,7,8,0.12
LStH,0,1,1,0.0
LStP,3,0,3,1.0
LStb,0,1,1,0.0
LStm,0,1,1,0.0
LStn,1,0,1,1.0
LbBB,5,3,8,0.62
LbBL,2,1,3,0.67
LbBM,1,8,9,0.11
LbBN,5,4,9,0.56
LbBP,6,5,11,0.55
LbBS,0,3,3,0.0
LbBb,5,3,8,0.62
LbBh,1,1,2,0.5
LbBj,2,2,4,0.5
LbBl,2,0,2,1.0
LbBm,3,4,7,0.43
LbBn,3,7,10,0.3
LbBs,0,4,4,0.0
LbDB,0,1,1,0.0
LbDH,0,1,1,0.0
LbDL,1,0,1,1.0
LbDN,1,0,1,1.0
LbDP,1,1,2,0.5
LbDb,0,0,0,
LbDl,0,1,1,0.0
LbDm,0,1,1,0.0
LbDn,2,1,3,0.67
LbHB,1,2,3,0.33
LbHH,2,0,2,1.0
LbHL,1,1,2,0.5
LbHM,1,3,4,0.25
LbHN,2,2,4,0.5
LbHP,1,3,4,0.25
LbHS,1,1,2,0.5
LbHb,2,3,5,0.4
LbHh,0,1,1,0.0
LbHl,1,1,2,0.5
LbHm,4,0,4,1.0
LbHn,2,3,5,0.4
LbHs,1,2,3,0.33
LbIB,2,0,2,1.0
LbIL,0,0,0,
LbIM,0,1,1,0.0
LbIN,0,1,1,0.0
LbIb,1,0,1,1.0
LbIl,0,1,1,0.0
LbIn,1,1,2,0.5
LbIs,0,0,0,
LbJB,2,1,3,0.67
LbJH,0,1,1,0.0
LbJL,0,2,2,0.0
LbJM,0,4,4,0.0
LbJN,2,1,3,0.67
LbJP,2,3,5,0.4
LbJS,2,0,2,1.0
LbJb,1,1,2,0.5
LbJh,1,0,1,1.0
LbJm,3,0,3,1.0
LbJn,1,1,2,0.5
LbJs,1,0,1,1.0
LbKB,2,0,2,1.0
LbKL,1,0,1,1.0
LbKM,0,1,1,0.0
LbKN,2,1,3,0.67
LbKP,0,1,1,0.0
LbKb,0,1,1,0.0
LbKh,0,1,1,0.0
LbKm,1,3,4,0.25
LbLB,1,3,4,0.25
LbLL,0,0,0,
LbLM,1,2,3,0.33
LbLN,4,2,6,0.67
LbLP,0,1,1,0.0
LbLS,2,0,2,1.0
LbLb,4,1,5,0.8
LbLh,2,1,3,0.67
LbLl,0,1,1,0.0
LbLm,3,2,5,0.6
LbLn,1,0,1,1.0
LbLs,0,1,1,0.0
LbMB,3,3,6,0.5
LbMK,0,0,0,
LbML,1,1,2,0.5
LbMM,3,2,5,0.6
LbMN,3,6,9,0.33
LbMP,6,7,13,0.46
LbMS,2,0,2,1.0
LbMb,4,1,5,0.8
LbMh,2,7,9,0.22
LbMj,3,1,4,0.75
LbMl,1,2,3,0.33
LbMm,3,4,7,0.43
LbMn,2,6,8,0.25
LbMs,5,2,7,0.71
LbMt,3,1,4,0.75
LbNB,9,8,17,0.53
LbND,0,1,1,0.0
LbNH,2,1,3,0.67
LbNK,1,0,1,1.0
LbNL,4,7,11,0.36
LbNM,4,5,9,0.44
LbNN,7,9,16,0.44
LbNP,9,8,17,0.53
LbNS,3,6,9,0.33
LbNb,3,7,10,0.3
LbNh,5,3,8,0.62
LbNl,1,2,3,0.33
LbNm,7,5,12,0.58
LbNn,8,17,25,0.32
LbNs,2,0,2,1.0
LbNt,0,4,4,0.0
LbPB,2,7,9,0.22
LbPD,1,0,1,1.0
LbPH,1,2,3,0.33
LbPI,1,0,1,1.0
LbPL,5,4,9,0.56
LbPM,10,9,19,0.53
LbPN,12,12,24,0.5
LbPP,10,8,18,0.56
LbPS,3,3,6,0.5
LbPb,8,8,16,0.5
LbPh,2,0,2,1.0
LbPl,6,2,8,0.75
LbPm,3,5,8,0.38
LbPn,6,8,14,0.43
LbPs,1,5,6,0.17
LbPt,0,2,2,0.0
LbSB,4,3,7,0.57
LbSH,1,0,1,1.0
LbSL,1,1,2,0.5
LbSM,2,1,3,0.67
LbSN,3,1,4,0.75
LbSP,4,6,10,0.4
LbSS,1,4,5,0.2
LbSb,3,2,5,0.6
LbSh,0,1,1,0.0
LbSl,0,1,1,0.0
LbSm,3,1,4,0.75
LbSn,2,5,7,0.29
LbSs,3,4,7,0.43
LbSt,1,1,2,0.5
LbbB,4,6,10,0.4
LbbH,2,1,3,0.67
LbbJ,2,1,3,0.67
LbbK,0,2,2,0.0
LbbL,2,3,5,0.4
LbbM,5,5,10,0.5
LbbN,5,6,11,0.45
LbbP,3,10,13,0.23
LbbS,3,4,7,0.43
Lbbb,3,3,6,0.5
Lbbl,3,1,4,0.75
Lbbm,4,3,7,0.57
Lbbn,4,7,11,0.36
Lbbs,2,1,3,0.67
LblB,2,3,5,0.4
LblD,0,0,0,
LblH,0,1,1,0.0
LblJ,3,1,4,0.75
LblL,2,1,3,0.67
LblM,3,1,4,0.75
LblN,7,5,12,0.58
LblP,1,4,5,0.2
LblS,5,1,6,0.83
Lblb,1,2,3,0.33
Lbll,1,0,1,1.0
Lblm,1,0,1,1.0
Lbln,3,6,9,0.33
Lbls,1,2,3,0.33
LbmB,4,5,9,0.44
LbmD,1,0,1,1.0
LbmH,5,2,7,0.71
LbmJ,1,0,1,1.0
LbmL,0,1,1,0.0
LbmM,4,3,7,0.57
LbmN,2,2,4,0.5
LbmP,6,7,13,0.46
LbmS,1,3,4,0.25
Lbmb,5,2,7,0.71
Lbml,1,0,1,1.0
Lbmm,1,2,3,0.33
Lbmn,6,4,10,0.6
Lbms,0,1,1,0.0
LbnB,5,5,10,0.5
LbnD,1,0,1,1.0
LbnH,2,1,3,0.67
LbnL,2,0,2,1.0
LbnM,6,6,12,0.5
LbnN,9,6,15,0.6
LbnP,7,12,19,0.37
LbnS,1,8,9,0.11
Lbnb,8,5,13,0.62
Lbnh,1,1,2,0.5
Lbnl,2,3,5,0.4
Lbnm,2,2,4,0.5
Lbnn,4,3,7,0.57
Lbns,3,0,3,1.0
LbsD,2,0,2,1.0
LbsH,4,4,8,0.5
LbsL,1,1,2,0.5
LbsM,2,3,5,0.4
LbsN,1,3,4,0.25
LbsP,4,1,5,0.8
LbsS,2,1,3,0.67
Lbsb,1,1,2,0.5
Lbsh,0,1,1,0.0
Lbsl,2,0,2,1.0
Lbsm,1,0,1,1.0
Lbsn,1,2,3,0.33
Lbss,3,2,5,0.6
LhBB,1,3,4,0.25
LhBD,0,1,1,0.0
LhBL,1,1,2,0.5
LhBM,1,2,3,0.33
LhBN,0,1,1,0.0
LhBP,1,0,1,1.0
LhBS,1,0,1,1.0
LhBb,2,3,5,0.4
LhBh,0,1,1,0.0
LhBj,0,1,1,0.0
LhBl,1,1,2,0.5
LhBm,2,2,4,0.5
LhBn,4,4,8,0.5
LhBs,1,1,2,0.5
LhBt,0,0,0,
LhDN,1,0,1,1.0
LhDl,1,0,1,1.0
LhDm,1,0,1,1.0
LhHI,1,0,1,1.0
LhHK,0,1,1,0.0
LhHM,0,1,1,0.0
LhHN,0,1,1,0.0
LhHn,1,2,3,0.33
LhHs,1,0,1,1.0
LhKM,0,1,1,0.0
LhLL,0,1,1,0.0
LhLM,0,0,0,
LhLN,2,0,2,1.0
LhLP,1,1,2,0.5
LhLS,1,0,1,1.0
LhLb,0,1,1,0.0
LhLh,1,2,3,0.33
LhLm,1,0,1,1.0
LhLn,1,0,1,1.0
LhLs,2,0,2,1.0
LhMB,1,1,2,0.5
LhML,0,0,0,
LhMM,1,3,4,0.25
LhMN,1,1,2,0.5
LhMP,2,2,4,0.5
LhMS,0,3,3,0.0
LhMb,1,3,4,0.25
LhMh,0,1,1,0.0
LhMj,2,0,2,1.0
LhMl,3,0,3,1.0
LhMm,1,3,4,0.25
LhMn,2,2,4,0.5
LhMs,1,0,1,1.0
LhMt,1,0,1,1.0
LhNB,3,2,5,0.6
LhNH,1,2,3,0.33
LhNK,0,0,0,
LhNL,0,2,2,0.0
LhNM,0,2,2,0.0
LhNN,2,1,3,0.67
LhNP,4,3,7,0.57
LhNS,1,0,1,1.0
LhNb,0,3,3,0.0
LhNh,0,1,1,0.0
LhNl,0,1,1,0.0
LhNm,3,3,6,0.5
LhNn,3,2,5,0.6
LhNs,0,3,3,0.0
LhNt,1,0,1,1.0
LhPB,3,4,7,0.43
LhPH,1,1,2,0.5
LhPL,2,0,2,1.0
LhPM,1,3,4,0.25
LhPN,4,1,5,0.8
LhPP,7,4,11,0.64
LhPS,1,3,4,0.25
LhPb,4,4,8,0.5
LhPh,0,1,1,0.0
LhPl,0,1,1,0.0
LhPm,0,1,1,0.0
LhPn,2,5,7,0.29
LhPs,0,4,4,0.0
LhPt,1,0,1,1.0
LhSB,3,3,6,0.5
LhSM,1,1,2,0.5
LhSN,3,2,5,0.6
LhSP,1,1,2,0.5
LhSb,4,0,4,1.0
LhSh,1,1,2,0.5
LhSl,1,0,1,1.0
LhSm,0,0,0,
LhSn,1,1,2,0.5
LhSs,0,0,0,
LhSt,1,0,1,1.0
LhbB,5,2,7,0.71
LhbH,1,0,1,1.0
LhbJ,0,1,1,0.0
LhbK,0,0,0,
LhbL,0,3,3,0.0
LhbM,2,3,5,0.4
LhbN,1,1,2,0.5
LhbP,1,2,3,0.33
LhbS,1,4,5,0.2
Lhbb,0,0,0,
Lhbl,2,1,3,0.67
Lhbm,4,2,6,0.67
Lhbn,1,7,8,0.12
Lhbs,5,1,6,0.83
LhhB,1,1,2,0.5
LhhH,0,0,0,
LhhM,2,2,4,0.5
LhhN,1,5,6,0.17
LhhP,2,0,2,1.0
LhhS,4,1,5,0.8
Lhhb,1,3,4,0.25
Lhhh,2,0,2,1.0
Lhhm,2,1,3,0.67
Lhhn,0,4,4,0.0
Lhhs,2,1,3,0.67
Lhht,1,0,1,1.0
LhlB,0,2,2,0.0
LhlH,2,1,3,0.67
LhlJ,1,1,2,0.5
LhlL,2,1,3,0.67
LhlM,2,0,2,1.0
LhlN,1,1,2,0.5
LhlP,1,1,2,0.5
LhlS,2,0,2,1.0
Lhlb,1,0,1,1.0
Lhlm,1,0,1,1.0
Lhln,0,1,1,0.0
Lhls,1,0,1,1.0
LhmB,1,2,3,0.33
LhmH,1,2,3,0.33
LhmL,1,2,3,0.33
LhmM,3,2,5,0.6
LhmN,3,2,5,0.6
LhmP,1,2,3,0.33
LhmS,2,0,2,1.0
Lhmb,0,3,3,0.0
Lhml,1,0,1,1.0
Lhmm,1,2,3,0.33
Lhmn,2,2,4,0.5
Lhms,1,0,1,1.0
LhnB,0,4,4,0.0
LhnD,1,0,1,1.0
LhnH,2,1,3,0.67
LhnI,1,1,2,0.5
LhnL,1,0,1,1.0
LhnM,2,3,5,0.4
LhnN,3,4,7,0.43
LhnP,4,1,5,0.8
LhnS,1,2,3,0.33
Lhnb,0,2,2,0.0
Lhnl,5,1,6,0.83
Lhnm,2,0,2,1.0
Lhnn,3,7,10,0.3
Lhns,1,3,4,0.25
LhsH,2,1,3,0.67
LhsK,1,0,1,1.0
LhsL,1,0,1,1.0
LhsM,1,1,2,0.5
LhsN,1,0,1,1.0
LhsP,1,2,3,0.33
LhsS,3,1,4,0.75
Lhsb,0,1,1,0.0
Lhsl,1,0,1,1.0
Lhsm,2,2,4,0.5
Lhsn,2,1,3,0.67
Lhss,1,0,1,1.0
LhtM,1,0,1,1.0
LhtN,0,1,1,0.0
LhtP,1,0,1,1.0
Lhtb,2,2,4,0.5
LjBD,0,1,1,0.0
LjBL,0,1,1,0.0
LjBM,3,5,8,0.38
LjBN,3,0,3,1.0
LjBP,2,0,2,1.0
LjBj,0,1,1,0.0
LjBl,2,1,3,0.67
LjBm,0,1,1,0.0
LjBn,0,2,2,0.0
LjBs,1,0,1,1.0
LjBt,1,2,3,0.33
LjHB,1,0,1,1.0
LjHM,0,2,2,0.0
LjHS,2,2,4,0.5
LjHb,0,1,1,0.0
LjHh,0,1,1,0.0
LjHn,1,0,1,1.0
LjIL,1,0,1,1.0
LjIb,1,0,1,1.0
LjIm,0,0,0,
LjKP,1,0,1,1.0
LjKl,0,1,1,0.0
LjLL,0,1,1,0.0
LjLM,1,1,2,0.5
LjLN,2,1,3,0.67
LjLP,1,2,3,0.33
LjLS,2,0,2,1.0
LjLb,1,1,2,0.5
LjLh,0,1,1,0.0
LjLj,0,1,1,0.0
LjLm,1,0,1,1.0
LjLn,1,3,4,0.25
LjLs,0,1,1,0.0
LjMB,0,1,1,0.0
LjMD,0,1,1,0.0
LjML,0,1,1,0.0
LjMN,2,0,2,1.0
LjMP,3,4,7,0.43
LjMS,1,3,4,0.25
LjMb,1,2,3,0.33
LjMh,0,1,1,0.0
LjMl,0,3,3,0.0
LjMm,0,2,2,0.0
LjMn,1,2,3,0.33
LjMs,2,0,2,1.0
LjNB,2,0,2,1.0
LjNL,3,0,3,1.0
LjNM,1,0,1,1.0
LjNN,1,1,2,0.5
LjNP,4,0,4,1.0
LjNS,1,0,1,1.0
LjNb,3,2,5,0.6
LjNh,2,1,3,0.67
LjNl,1,0,1,1.0
LjNm,0,1,1,0.0
LjNn,1,0,1,1.0
LjNs,0,1,1,0.0
LjNt,0,1,1,0.0
LjPB,3,4,7,0.43
LjPK,0,1,1,0.0
LjPL,0,1,1,0.0
LjPM,1,2,3,0.33
LjPN,2,4,6,0.33
LjPP,4,5,9,0.44
LjPS,3,1,4,0.75
LjPb,5,1,6,0.83
LjPl,0,3,3,0.0
LjPm,2,2,4,0.5
LjPn,0,3,3,0.0
LjPs,1,5,6,0.17
LjPt,0,1,1,0.0
LjSB,1,3,4,0.25
LjSD,0,1,1,0.0
LjSH,1,0,1,1.0
LjSL,1,0,1,1.0
LjSM,3,1,4,0.75
LjSN,1,0,1,1.0
LjSP,1,0,1,1.0
LjSS,1,0,1,1.0
LjSb,1,0,1,1.0
LjSh,1,0,1,1.0
LjSl,0,1,1,0.0
LjSm,2,0,2,1.0
LjSn,0,1,1,0.0
LjSs,1,1,2,0.5
LjSt,0,0,0,
LjbB,1,1,2,0.5
LjbH,0,0,0,
LjbJ,1,1,2,0.5
LjbM,4,2,6,0.67
LjbN,1,2,3,0.33
LjbP,1,3,4,0.25
LjbS,3,0,3,1.0
Ljbb,0,1,1,0.0
Ljbl,1,2,3,0.33
Ljbm,2,2,4,0.5
Ljbn,0,1,1,0.0
Ljbs,1,0,1,1.0
LjhI,0,0,0,
LjhM,1,0,1,1.0
LjhN,1,0,1,1.0
LjhP,0,1,1,0.0
Ljhl,0,1,1,0.0
Ljhm,1,0,1,1.0
Ljhn,1,0,1,1.0
Ljhs,1,0,1,1.0
LjlH,0,0,0,
LjlL,1,1,2,0.5
LjlM,0,3,3,0.0
LjlN,2,1,3,0.67
LjlP,0,2,2,0.0
LjlS,3,0,3,1.0
Ljlb,0,1,1,0.0
Ljll,1,1,2,0.5
Ljlm,1,1,2,0.5
Ljls,1,0,1,1.0
LjmD,0,1,1,0.0
LjmH,1,0,1,1.0
LjmL,3,0,3,1.0
LjmM,2,3,5,0.4
LjmN,3,2,5,0.6
LjmP,1,1,2,0.5
LjmS,3,0,3,1.0
Ljmb,0,2,2,0.0
Ljml,1,0,1,1.0
Ljmm,3,2,5,0.6
Ljmn,0,1,1,0.0
Ljms,0,2,2,0.0
LjnB,2,1,3,0.67
LjnH,2,0,2,1.0
LjnL,0,1,1,0.0
LjnM,2,0,2,1.0
LjnN,4,1,5,0.8
LjnP,3,2,5,0.6
LjnS,1,2,3,0.33
Ljnb,0,2,2,0.0
Ljnl,1,3,4,0.25
Ljnm,3,2,5,0.6
Ljnn,3,5,8,0.38
Ljns,1,2,3,0.33
LjsB,1,0,1,1.0
LjsH,0,1,1,0.0
LjsK,0,1,1,0.0
LjsN,1,0,1,1.0
LjsP,0,3,3,0.0
LjsS,0,1,1,0.0
Ljsb,0,1,1,0.0
Ljsh,1,0,1,1.0
Ljsl,1,2,3,0.33
Ljsm,3,0,3,1.0
Ljss,0,1,1,0.0
LjtB,0,1,1,0.0
LjtH,0,1,1,0.0
LjtN,0,2,2,0.0
Ljtb,1,0,1,1.0
Ljts,1,0,1,1.0
LlBB,3,2,5,0.6
LlBL,1,2,3,0.33
LlBM,2,1,3,0.67
LlBN,4,2,6,0.67
LlBP,3,3,6,0.5
LlBS,1,3,4,0.25
LlBb,1,2,3,0.33
LlBh,0,1,1,0.0
LlBj,0,0,0,
LlBm,1,0,1,1.0
LlBn,2,2,4,0.5
LlBs,0,1,1,0.0
LlBt,0,0,0,
LlDN,0,1,1,0.0
LlHH,0,0,0,
LlHL,0,1,1,0.0
LlHM,3,4,7,0.43
LlHN,4,7,11,0.36
LlHP,4,1,5,0.8
LlHS,0,1,1,0.0
LlHb,2,4,6,0.33
LlHh,0,4,4,0.0
LlHl,1,1,2,0.5
LlHm,0,3,3,0.0
LlHn,2,3,5,0.4
LlHs,0,1,1,0.0
LlIP,0,1,1,0.0
LlIS,1,1,2,0.5
LlJB,1,0,1,1.0
LlJH,0,0,0,
LlJL,2,0,2,1.0
LlJM,2,2,4,0.5
LlJN,1,1,2,0.5
LlJP,1,1,2,0.5
LlJS,0,1,1,0.0
LlJb,0,1,1,0.0
LlJm,1,0,1,1.0
LlJn,1,0,1,1.0
LlKP,1,0,1,1.0
LlKh,0,0,0,
LlKm,0,1,1,0.0
LlLB,2,0,2,1.0
LlLM,2,1,3,0.67
LlLN,2,1,3,0.67
LlLP,1,2,3,0.33
LlLS,1,0,1,1.0
LlLb,1,0,1,1.0
LlLh,1,0,1,1.0
LlLj,0,1,1,0.0
LlLl,2,0,2,1.0
LlLm,1,1,2,0.5
LlLn,1,4,5,0.2
LlLs,1,0,1,1.0
LlMB,0,4,4,0.0
LlMK,0,1,1,0.0
LlML,3,0,3,1.0
LlMM,4,1,5,0.8
LlMN,2,4,6,0.33
LlMP,3,1,4,0.75
LlMS,2,0,2,1.0
LlMb,5,3,8,0.62
LlMh,0,3,3,0.0
LlMj,0,0,0,
LlMl,1,0,1,1.0
LlMm,2,0,2,1.0
LlMn,2,5,7,0.29
LlMs,2,4,6,0.33
LlNB,2,2,4,0.5
LlNH,3,2,5,0.6
LlNM,0,6,6,0.0
LlNN,3,0,3,1.0
LlNP,0,8,8,0.0
LlNS,1,7,8,0.12
LlNb,2,4,6,0.33
LlNh,2,1,3,0.67
LlNl,0,3,3,0.0
LlNm,5,1,6,0.83
LlNn,7,5,12,0.58
LlNs,3,2,5,0.6
LlNt,2,1,3,0.67
LlPB,3,2,5,0.6
LlPD,0,0,0,
LlPH,1,1,2,0.5
LlPI,1,0,1,1.0
LlPK,1,0,1,1.0
LlPL,1,0,1,1.0
LlPM,1,1,2,0.5
LlPN,2,6,8,0.25
LlPP,6,10,16,0.38
LlPS,4,3,7,0.57
LlPb,1,6,7,0.14
LlPl,2,1,3,0.67
LlPm,2,0,2,1.0
LlPn,3,0,3,1.0
LlPs,2,1,3,0.67
LlPt,0,1,1,0.0
LlSH,1,0,1,1.0
LlSM,3,0,3,1.0
LlSN,0,1,1,0.0
LlSP,4,6,10,0.4
LlSS,0,1,1,0.0
LlSb,4,2,6,0.67
LlSh,1,1,2,0.5
LlSl,0,2,2,0.0
LlSm,1,3,4,0.25
LlSn,3,1,4,0.75
LlSs,1,0,1,1.0
LlSt,2,0,2,1.0
LlbB,1,5,6,0.17
LlbH,2,2,4,0.5
LlbI,0,1,1,0.0
LlbJ,0,1,1,0.0
LlbL,1,1,2,0.5
LlbM,0,1,1,0.0
LlbN,6,5,11,0.55
LlbP,4,4,8,0.5
LlbS,1,0,1,1.0
Llbb,1,2,3,0.33
Llbl,3,2,5,0.6
Llbm,3,2,5,0.6
Llbn,3,10,13,0.23
Llbs,3,1,4,0.75
LllB,1,1,2,0.5
LllD,2,0,2,1.0
LllH,0,1,1,0.0
LllL,2,1,3,0.67
LllM,1,2,3,0.33
LllN,3,1,4,0.75
LllP,1,1,2,0.5
LllS,2,0,2,1.0
Lllb,4,1,5,0.8
Llll,0,3,3,0.0
Lllm,1,0,1,1.0
Llln,2,2,4,0.5
LlmB,0,3,3,0.0
LlmH,2,6,8,0.25
LlmJ,0,2,2,0.0
LlmL,0,1,1,0.0
LlmM,2,2,4,0.5
LlmN,3,5,8,0.38
LlmP,2,2,4,0.5
LlmS,1,0,1,1.0
Llmb,3,1,4,0.75
Llml,1,1,2,0.5
Llmn,2,0,2,1.0
Llms,1,1,2,0.5
LlnD,3,0,3,1.0
LlnH,1,1,2,0.5
LlnI,0,1,1,0.0
LlnL,1,1,2,0.5
LlnM,2,6,8,0.25
LlnN,3,2,5,0.6
LlnP,4,4,8,0.5
LlnS,5,1,6,0.83
Llnb,2,0,2,1.0
Llnl,1,0,1,1.0
Llnm,0,0,0,
Llnn,4,1,5,0.8
Llns,1,0,1,1.0
LlsB,1,1,2,0.5
LlsD,0,0,0,
LlsH,1,0,1,1.0
LlsI,1,1,2,0.5
LlsM,0,2,2,0.0
LlsN,2,2,4,0.5
LlsP,1,8,9,0.11
LlsS,4,2,6,0.67
Llsb,0,1,1,0.0
Llsl,0,1,1,0.0
Llsm,1,0,1,1.0
Llsn,0,2,2,0.0
LmBB,4,3,7,0.57
LmBL,1,1,2,0.5
LmBM,2,0,2,1.0
LmBN,1,8,9,0.11
LmBP,7,3,10,0.7
LmBS,2,3,5,0.4
LmBb,3,2,5,0.6
LmBh,1,0,1,1.0
LmBj,2,3,5,0.4
LmBl,1,2,3,0.33
LmBm,8,4,12,0.67
LmBn,1,7,8,0.12
LmBs,1,1,2,0.5
LmBt,0,0,0,
LmDL,0,1,1,0.0
LmDb,0,1,1,0.0
LmDl,0,1,1,0.0
LmDm,0,2,2,0.0
LmDn,0,1,1,0.0
LmDs,1,0,1,1.0
LmHB,0,5,5,0.0
LmHD,1,0,1,1.0
LmHH,0,0,0,
LmHI,0,1,1,0.0
LmHK,1,0,1,1.0
LmHL,0,2,2,0.0
LmHM,5,3,8,0.62
LmHN,4,3,7,0.57
LmHP,5,3,8,0.62
LmHS,2,1,3,0.67
LmHb,3,2,5,0.6
LmHh,3,3,6,0.5
LmHl,3,0,3,1.0
LmHm,4,3,7,0.57
LmHn,4,6,10,0.4
LmHs,2,3,5,0.4
LmHt,1,0,1,1.0
LmIB,1,0,1,1.0
LmID,0,1,1,0.0
LmIH,0,2,2,0.0
LmIL,1,0,1,1.0
LmIN,0,1,1,0.0
LmIb,2,2,4,0.5
LmIn,0,2,2,0.0
LmJB,0,1,1,0.0
LmJM,1,1,2,0.5
LmJN,0,0,0,
LmJP,3,1,4,0.75
LmJS,1,2,3,0.33
LmJb,1,2,3,0.33
LmJm,1,0,1,1.0
LmJn,4,1,5,0.8
LmKb,0,1,1,0.0
LmKl,0,0,0,
LmLB,1,1,2,0.5
LmLN,2,4,6,0.33
LmLP,1,1,2,0.5
LmLS,0,2,2,0.0
LmLb,3,1,4,0.75
LmLh,0,1,1,0.0
LmLj,2,1,3,0.67
LmLl,0,0,0,
LmLm,1,3,4,0.25
LmLn,3,3,6,0.5
LmLt,1,1,2,0.5
LmMB,0,5,5,0.0
LmML,2,1,3,0.67
LmMM,5,5,10,0.5
LmMN,1,7,8,0.12
LmMP,5,5,10,0.5
LmMS,2,2,4,0.5
LmMb,7,4,11,0.64
LmMh,1,4,5,0.2
LmMj,1,2,3,0.33
LmMl,1,0,1,1.0
LmMm,5,4,9,0.56
LmMn,9,3,12,0.75
LmMs,1,1,2,0.5
LmMt,2,2,4,0.5
LmNB,6,2,8,0.75
LmND,1,0,1,1.0
LmNH,2,1,3,0.67
LmNK,0,1,1,0.0
LmNL,3,0,3,1.0
LmNM,3,3,6,0.5
LmNN,5,5,10,0.5
LmNP,3,6,9,0.33
LmNS,4,3,7,0.57
LmNb,4,4,8,0.5
LmNh,1,0,1,1.0
LmNl,1,2,3,0.33
LmNm,3,1,4,0.75
LmNn,11,4,15,0.73
LmNs,1,4,5,0.2
LmNt,2,0,2,1.0
LmPB,6,1,7,0.86
LmPD,1,0,1,1.0
LmPH,5,0,5,1.0
LmPL,7,4,11,0.64
LmPM,6,5,11,0.55
LmPN,6,6,12,0.5
LmPP,13,15,28,0.46
LmPS,3,5,8,0.38
LmPb,5,10,15,0.33
LmPl,1,1,2,0.5
LmPm,4,6,10,0.4
LmPn,5,11,16,0.31
LmPs,0,5,5,0.0
LmPt,0,1,1,0.0
LmSB,3,3,6,0.5
LmSD,0,1,1,0.0
LmSH,0,2,2,0.0
LmSL,0,1,1,0.0
LmSM,5,2,7,0.71
LmSN,3,6,9,0.33
LmSP,3,4,7,0.43
LmSS,3,2,5,0.6
LmSb,3,2,5,0.6
LmSh,2,2,4,0.5
LmSl,1,2,3,0.33
LmSm,2,0,2,1.0
LmSn,4,8,12,0.33
LmSs,5,7,12,0.42
LmSt,2,0,2,1.0
LmbB,2,9,11,0.18
LmbH,2,1,3,0.67
LmbI,1,0,1,1.0
LmbJ,2,1,3,0.67
LmbK,0,1,1,0.0
LmbL,2,1,3,0.67
LmbM,8,3,11,0.73
LmbN,3,5,8,0.38
LmbP,9,9,18,0.5
LmbS,0,2,2,0.0
Lmbb,6,3,9,0.67
Lmbl,1,1,2,0.5
Lmbm,6,5,11,0.55
Lmbn,4,7,11,0.36
Lmbs,1,0,1,1.0
LmlB,0,2,2,0.0
LmlD,1,0,1,1.0
LmlH,0,1,1,0.0
LmlI,0,1,1,0.0
LmlJ,1,1,2,0.5
LmlL,2,2,4,0.5
LmlM,1,2,3,0.33
LmlN,3,0,3,1.0
LmlP,1,0,1,1.0
LmlS,0,0,0,
Lmlb,0,3,3,0.0
Lmlm,0,1,1,0.0
Lmln,1,1,2,0.5
Lmls,1,1,2,0.5
LmmB,4,2,6,0.67
LmmH,3,2,5,0.6
LmmI,0,1,1,0.0
LmmJ,0,1,1,0.0
LmmL,3,0,3,1.0
LmmM,2,2,4,0.5
LmmN,5,3,8,0.62
LmmP,6,4,10,0.6
LmmS,1,3,4,0.25
Lmmb,1,2,3,0.33
Lmml,0,1,1,0.0
Lmmm,0,2,2,0.0
Lmmn,4,2,6,0.67
Lmms,0,1,1,0.0
LmnB,1,4,5,0.2
LmnD,1,0,1,1.0
LmnH,1,6,7,0.14
LmnI,1,0,1,1.0
LmnK,1,0,1,1.0
LmnL,3,7,10,0.3
LmnM,3,4,7,0.43
LmnN,2,6,8,0.25
LmnP,5,5,10,0.5
LmnS,4,5,9,0.44
Lmnb,5,2,7,0.71
Lmnm,4,2,6,0.67
Lmnn,5,5,10,0.5
Lmns,1,3,4,0.25
LmsB,3,0,3,1.0
LmsD,0,1,1,0.0
LmsH,2,0,2,1.0
LmsI,0,0,0,
LmsL,1,2,3,0.33
LmsM,3,0,3,1.0
LmsN,6,4,10,0.6
LmsP,8,2,10,0.8
LmsS,1,5,6,0.17
Lmsb,1,4,5,0.2
Lmsl,1,0,1,1.0
Lmsm,2,2,4,0.5
Lmsn,2,3,5,0.4
Lmss,1,1,2,0.5
LnBB,3,6,9,0.33
LnBK,1,1,2,0.5
LnBL,2,1,3,0.67
LnBM,4,7,11,0.36
LnBN,12,7,19,0.63
LnBP,4,11,15,0.27
LnBS,3,2,5,0.6
LnBb,2,5,7,0.29
LnBh,1,1,2,0.5
LnBj,0,0,0,
LnBl,3,1,4,0.75
LnBm,5,6,11,0.45
LnBn,11,7,18,0.61
LnBs,3,1,4,0.75
LnBt,0,1,1,0.0
LnDB,1,0,1,1.0
LnDM,1,1,2,0.5
LnDN,0,1,1,0.0
LnDP,1,0,1,1.0
LnDS,2,1,3,0.67
LnDb,0,1,1,0.0
LnDl,0,0,0,
LnDm,0,0,0,
LnDn,1,1,2,0.5
LnHB,1,0,1,1.0
LnHD,0,1,1,0.0
LnHH,0,2,2,0.0
LnHK,1,0,1,1.0
LnHL,1,2,3,0.33
LnHM,5,4,9,0.56
LnHN,2,7,9,0.22
LnHP,8,1,9,0.89
LnHS,6,2,8,0.75
LnHb,2,3,5,0.4
LnHh,1,0,1,1.0
LnHl,3,1,4,0.75
LnHm,3,8,11,0.27
LnHn,6,4,10,0.6
LnHs,4,0,4,1.0
LnHt,0,1,1,0.0
LnIB,2,0,2,1.0
LnIH,1,1,2,0.5
LnIL,0,0,0,
LnIM,2,1,3,0.67
LnIN,0,1,1,0.0
LnIP,0,2,2,0.0
LnIS,1,0,1,1.0
LnIb,0,2,2,0.0
LnIl,1,0,1,1.0
LnIm,1,1,2,0.5
LnIn,0,1,1,0.0
LnIs,1,0,1,1.0
LnKD,1,1,2,0.5
LnKH,0,0,0,
LnKI,0,1,1,0.0
LnKL,2,1,3,0.67
LnKM,0,2,2,0.0
LnKN,1,0,1,1.0
LnKP,0,1,1,0.0
LnKS,1,1,2,0.5
LnKb,0,1,1,0.0
LnKl,1,0,1,1.0
LnKm,2,0,2,1.0
LnKn,0,0,0,
LnLB,0,2,2,0.0
LnLL,0,2,2,0.0
LnLM,2,3,5,0.4
LnLN,5,3,8,0.62
LnLP,2,2,4,0.5
LnLS,0,2,2,0.0
LnLb,3,2,5,0.6
LnLj,1,2,3,0.33
LnLl,3,1,4,0.75
LnLm,1,2,3,0.33
LnLn,5,2,7,0.71
LnLs,2,4,6,0.33
LnLt,1,1,2,0.5
LnMB,8,7,15,0.53
LnMD,0,1,1,0.0
LnML,1,0,1,1.0
LnMM,5,2,7,0.71
LnMN,3,9,12,0.25
LnMP,8,11,19,0.42
LnMS,3,4,7,0.43
LnMb,8,8,16,0.5
LnMh,9,6,15,0.6
LnMj,1,1,2,0.5
LnMl,5,3,8,0.62
LnMm,4,11,15,0.27
LnMn,8,15,23,0.35
LnMs,4,3,7,0.57
LnMt,1,1,2,0.5
LnNB,7,9,16,0.44
LnNH,1,0,1,1.0
LnNK,1,0,1,1.0
LnNL,4,4,8,0.5
LnNM,7,5,12,0.58
LnNN,13,14,27,0.48
LnNP,15,19,34,0.44
LnNS,4,6,10,0.4
LnNb,9,8,17,0.53
LnNh,5,0,5,1.0
LnNl,4,3,7,0.57
LnNm,8,5,13,0.62
LnNn,9,11,20,0.45
LnNs,4,5,9,0.44
LnNt,4,1,5,0.8
LnPB,10,6,16,0.62
LnPD,0,2,2,0.0
LnPH,4,3,7,0.57
LnPI,1,0,1,1.0
LnPK,1,0,1,1.0
LnPL,4,3,7,0.57
LnPM,10,8,18,0.56
LnPN,16,8,24,0.67
LnPP,11,17,28,0.39
LnPS,10,9,19,0.53
LnPb,8,5,13,0.62
LnPh,2,2,4,0.5
LnPl,4,7,11,0.36
LnPm,9,8,17,0.53
LnPn,18,8,26,0.69
LnPs,7,10,17,0.41
LnPt,1,2,3,0.33
LnSB,2,8,10,0.2
LnSH,0,2,2,0.0
LnSL,1,1,2,0.5
LnSM,5,4,9,0.56
LnSN,3,7,10,0.3
LnSP,4,5,9,0.44
LnSS,5,4,9,0.56
LnSb,1,9,10,0.1
LnSh,1,3,4,0.25
LnSl,1,4,5,0.2
LnSm,3,5,8,0.38
LnSn,4,7,11,0.36
LnSs,3,5,8,0.38
LnSt,1,3,4,0.25
LnbB,3,7,10,0.3
LnbD,1,1,2,0.5
LnbH,1,2,3,0.33
LnbI,1,0,1,1.0
LnbJ,1,1,2,0.5
LnbL,2,3,5,0.4
LnbM,4,8,12,0.33
LnbN,10,8,18,0.56
LnbP,4,6,10,0.4
LnbS,0,3,3,0.0
Lnbb,11,5,16,0.69
Lnbl,2,3,5,0.4
Lnbm,7,5,12,0.58
Lnbn,11,10,21,0.52
Lnbs,5,2,7,0.71
LnhB,0,1,1,0.0
LnhP,0,0,0,
Lnhh,0,2,2,0.0
Lnhm,1,1,2,0.5
Lnhn,2,1,3,0.67
Lnhs,1,0,1,1.0
LnlB,1,3,4,0.25
LnlH,2,4,6,0.33
LnlJ,1,1,2,0.5
LnlL,1,0,1,1.0
LnlM,1,5,6,0.17
LnlN,5,5,10,0.5
LnlP,1,2,3,0.33
LnlS,2,1,3,0.67
Lnlb,3,1,4,0.75
Lnll,3,2,5,0.6
Lnlm,5,2,7,0.71
Lnln,4,8,12,0.33
LnmB,6,3,9,0.67
LnmH,10,6,16,0.62
LnmJ,1,2,3,0.33
LnmK,0,1,1,0.0
LnmL,1,0,1,1.0
LnmM,5,6,11,0.45
LnmN,8,9,17,0.47
LnmP,3,7,10,0.3
LnmS,3,3,6,0.5
Lnmb,6,3,9,0.67
Lnml,3,1,4,0.75
Lnmm,10,5,15,0.67
Lnmn,3,5,8,0.38
Lnms,5,3,8,0.62
LnnB,5,5,10,0.5
LnnD,0,3,3,0.0
LnnH,5,6,11,0.45
LnnI,1,1,2,0.5
LnnK,2,0,2,1.0
LnnL,3,3,6,0.5
LnnM,9,8,17,0.53
LnnN,16,16,32,0.5
LnnP,8,11,19,0.42
LnnS,7,11,18,0.39
Lnnb,6,10,16,0.38
Lnnl,3,4,7,0.43
Lnnm,8,5,13,0.62
Lnnn,8,10,18,0.44
Lnns,7,2,9,0.78
LnsB,4,0,4,1.0
LnsD,1,1,2,0.5
LnsH,5,5,10,0.5
LnsI,1,0,1,1.0
LnsL,0,2,2,0.0
LnsM,8,9,17,0.47
LnsN,6,2,8,0.75
LnsP,3,9,12,0.25
LnsS,7,4,11,0.64
Lnsb,4,3,7,0.57
Lnsl,2,3,5,0.4
Lnsm,4,9,13,0.31
Lnsn,2,4,6,0.33
Lnss,2,3,5,0.4
LsBB,4,0,4,1.0
LsBM,0,3,3,0.0
LsBN,2,2,4,0.5
LsBP,3,1,4,0.75
LsBS,0,1,1,0.0
LsBb,2,2,4,0.5
LsBj,1,3,4,0.25
LsBm,2,1,3,0.67
LsBn,2,5,7,0.29
LsBs,1,0,1,1.0
LsDM,1,0,1,1.0
LsDP,0,1,1,0.0
LsDl,0,1,1,0.0
LsDn,0,1,1,0.0
LsDs,1,1,2,0.5
LsHB,2,1,3,0.67
LsHD,1,0,1,1.0
LsHI,2,0,2,1.0
LsHK,0,0,0,
LsHL,1,1,2,0.5
LsHM,2,5,7,0.29
LsHN,2,4,6,0.33
LsHP,5,5,10,0.5
LsHS,1,3,4,0.25
LsHb,5,2,7,0.71
LsHh,1,0,1,1.0
LsHl,1,0,1,1.0
LsHm,2,0,2,1.0
LsHn,3,2,5,0.6
LsHs,2,9,11,0.18
LsHt,1,0,1,1.0
LsID,0,0,0,
LsIM,2,1,3,0.67
LsIP,1,0,1,1.0
LsIb,1,0,1,1.0
LsIs,1,0,1,1.0
LsLB,1,0,1,1.0
LsLL,1,0,1,1.0
LsLM,3,0,3,1.0
LsLN,1,0,1,1.0
LsLP,1,0,1,1.0
LsLS,3,2,5,0.6
LsLb,1,2,3,0.33
LsLj,1,1,2,0.5
LsLl,2,0,2,1.0
LsLm,1,0,1,1.0
LsLn,1,2,3,0.33
LsMB,3,2,5,0.6
LsMK,0,1,1,0.0
LsML,1,1,2,0.5
LsMM,2,3,5,0.4
LsMN,2,4,6,0.33
LsMP,1,3,4,0.25
LsMS,2,3,5,0.4
LsMb,2,3,5,0.4
LsMh,3,1,4,0.75
LsMj,2,2,4,0.5
LsMl,1,1,2,0.5
LsMm,2,5,7,0.29
LsMn,5,2,7,0.71
LsMs,3,0,3,1.0
LsMt,1,0,1,1.0
LsNB,1,2,3,0.33
LsND,1,1,2,0.5
LsNL,1,1,2,0.5
LsNM,1,3,4,0.25
LsNN,3,3,6,0.5
LsNP,2,2,4,0.5
LsNS,2,3,5,0.4
LsNb,2,3,5,0.4
LsNl,2,1,3,0.67
LsNm,3,5,8,0.38
LsNn,3,2,5,0.6
LsNs,1,3,4,0.25
LsPB,3,4,7,0.43
LsPD,0,1,1,0.0
LsPH,4,2,6,0.67
LsPL,2,2,4,0.5
LsPM,5,4,9,0.56
LsPN,6,4,10,0.6
LsPP,8,4,12,0.67
LsPS,4,4,8,0.5
LsPb,4,4,8,0.5
LsPh,2,1,3,0.67
LsPl,2,3,5,0.4
LsPm,1,3,4,0.25
LsPn,4,1,5,0.8
LsPs,2,4,6,0.33
LsSB,1,1,2,0.5
LsSD,1,0,1,1.0
LsSH,2,0,2,1.0
LsSL,0,3,3,0.0
LsSM,4,0,4,1.0
LsSN,4,2,6,0.67
LsSP,6,6,12,0.5
LsSS,2,3,5,0.4
LsSb,2,2,4,0.5
LsSh,1,3,4,0.25
LsSl,0,0,0,
LsSm,3,2,5,0.6
LsSn,2,4,6,0.33
LsSs,2,4,6,0.33
LsbB,2,2,4,0.5
LsbH,2,0,2,1.0
LsbJ,3,0,3,1.0
LsbL,1,0,1,1.0
LsbM,3,2,5,0.6
LsbN,4,4,8,0.5
LsbP,4,4,8,0.5
LsbS,0,1,1,0.0
Lsbb,6,4,10,0.6
Lsbl,1,1,2,0.5
Lsbm,2,0,2,1.0
Lsbn,4,3,7,0.57
Lsbs,4,3,7,0.57
LshB,1,0,1,1.0
LslB,1,2,3,0.33
LslH,2,2,4,0.5
LslJ,1,0,1,1.0
LslL,2,2,4,0.5
LslM,0,1,1,0.0
LslN,2,5,7,0.29
LslP,4,2,6,0.67
LslS,1,1,2,0.5
Lslb,3,1,4,0.75
Lslm,1,2,3,0.33
Lsln,2,0,2,1.0
Lsls,2,1,3,0.67
LsmB,2,0,2,1.0
LsmH,3,2,5,0.6
LsmL,2,2,4,0.5
LsmM,5,1,6,0.83
LsmN,5,3,8,0.62
LsmP,3,0,3,1.0
LsmS,3,0,3,1.0
Lsmb,3,1,4,0.75
Lsml,1,1,2,0.5
Lsmm,3,0,3,1.0
Lsmn,1,2,3,0.33
Lsms,0,2,2,0.0
LsnB,1,1,2,0.5
LsnD,1,0,1,1.0
LsnH,2,2,4,0.5
LsnM,1,1,2,0.5
LsnN,3,4,7,0.43
LsnP,3,5,8,0.38
LsnS,1,4,5,0.2
Lsnb,4,3,7,0.57
Lsnl,0,4,4,0.0
Lsnm,0,4,4,0.0
Lsnn,3,6,9,0.33
Lsns,3,1,4,0.75
LssB,1,0,1,1.0
LssD,0,0,0,
LssH,1,5,6,0.17
LssK,0,0,0,
LssL,2,0,2,1.0
LssM,2,2,4,0.5
LssN,1,3,4,0.25
LssP,3,2,5,0.6
LssS,1,0,1,1.0
Lssb,2,3,5,0.4
Lssl,2,0,2,1.0
Lssm,2,1,3,0.67
Lssn,1,1,2,0.5
Lsss,1,2,3,0.33
LtBK,1,0,1,1.0
LtBL,1,0,1,1.0
LtBN,3,1,4,0.75
LtBP,1,1,2,0.5
LtBS,1,0,1,1.0
LtBb,0,1,1,0.0
LtBh,1,0,1,1.0
LtBm,1,0,1,1.0
LtBn,4,0,4,1.0
LtDs,1,0,1,1.0
LtHB,0,2,2,0.0
LtHL,0,1,1,0.0
LtHM,1,0,1,1.0
LtHN,2,2,4,0.5
LtHP,1,1,2,0.5
LtHb,1,0,1,1.0
LtHl,2,0,2,1.0
LtHm,0,1,1,0.0
LtHn,1,1,2,0.5
LtIb,1,0,1,1.0
LtIl,0,0,0,
LtLb,0,0,0,
LtLn,4,0,4,1.0
LtLt,0,1,1,0.0
LtMB,2,1,3,0.67
LtMM,2,0,2,1.0
LtMN,2,0,2,1.0
LtMP,2,1,3,0.67
LtMS,4,0,4,1.0
LtMb,1,0,1,1.0
LtMh,2,2,4,0.5
LtMm,0,1,1,0.0
LtMn,1,4,5,0.2
LtNB,0,1,1,0.0
LtNL,1,2,3,0.33
LtNM,0,0,0,
LtNN,2,1,3,0.67
LtNP,0,2,2,0.0
LtNS,0,1,1,0.0
LtNb,1,0,1,1.0
LtNm,1,0,1,1.0
LtNn,3,1,4,0.75
LtNs,0,1,1,0.0
LtNt,0,0,0,
LtPB,0,1,1,0.0
LtPH,0,2,2,0.0
LtPL,2,0,2,1.0
LtPM,2,2,4,0.5
LtPN,0,2,2,0.0
LtPP,3,1,4,0.75
LtPS,0,1,1,0.0
LtPb,3,3,6,0.5
LtPm,1,0,1,1.0
LtPn,3,0,3,1.0
LtSM,1,1,2,0.5
LtSN,0,1,1,0.0
LtSP,1,0,1,1.0
LtSS,0,0,0,
LtSb,0,1,1,0.0
LtSl,1,0,1,1.0
LtSm,1,0,1,1.0
LtSn,0,2,2,0.0
LtSs,0,1,1,0.0
LtbB,2,0,2,1.0
LtbH,2,0,2,1.0
LtbJ,1,0,1,1.0
LtbL,1,0,1,1.0
LtbM,2,1,3,0.67
LtbP,1,2,3,0.33
Ltbb,0,1,1,0.0
Ltbl,0,1,1,0.0
Ltbm,1,0,1,1.0
Ltbn,1,2,3,0.33
Ltbs,0,1,1,0.0
LtlI,0,1,1,0.0
LtlJ,0,1,1,0.0
LtlN,1,1,2,0.5
LtlP,2,0,2,1.0
Ltll,2,0,2,1.0
Ltln,0,1,1,0.0
LtmB,1,0,1,1.0
LtmD,0,1,1,0.0
LtmH,0,1,1,0.0
LtmM,2,0,2,1.0
LtmN,3,1,4,0.75
LtmP,0,0,0,
Ltmb,1,0,1,1.0
Ltmm,2,1,3,0.67
Ltmn,1,0,1,1.0
LtnB,1,2,3,0.33
LtnH,0,1,1,0.0
LtnM,3,1,4,0.75
LtnN,5,0,5,1.0
LtnP,3,1,4,0.75
LtnS,2,0,2,1.0
Ltnl,0,1,1,0.0
Ltnm,2,0,2,1.0
Ltns,0,1,1,0.0
LtsL,0,1,1,0.0
LtsP,0,2,2,0.0
Ltsb,0,1,1,0.0
Ltsl,1,0,1,1.0
Ltsm,2,0,2,1.0
Ltss,0,1,1,0.0
LttN,0,0,0,
LttS,0,0,0,
Lttb,1,0,1,1.0
Lttl,0,1,1,0.0
Ltts,1,1,2,0.5
MBBB,11,13,24,0.46
MBBD,1,0,1,1.0
MBBH,1,0,1,1.0
MBBL,0,3,3,0.0
MBBM,6,6,12,0.5
MBBN,19,7,26,0.73
MBBP,16,13,29,0.55
MBBS,7,4,11,0.64
MBBb,11,18,29,0.38
MBBh,4,2,6,0.67
MBBj,1,2,3,0.33
MBBl,1,4,5,0.2
MBBm,5,11,16,0.31
MBBn,12,14,26,0.46
MBBs,3,7,10,0.3
MBBt,0,1,1,0.0
MBDD,0,1,1,0.0
MBDH,2,1,3,0.67
MBDL,0,0,0,
MBDM,3,2,5,0.6
MBDN,0,1,1,0.0
MBDP,2,0,2,1.0
MBDb,1,1,2,0.5
MBDl,0,2,2,0.0
MBDn,0,1,1,0.0
MBKB,0,1,1,0.0
MBKI,1,0,1,1.0
MBKM,0,1,1,0.0
MBKN,1,1,2,0.5
MBKP,2,0,2,1.0
MBKS,0,1,1,0.0
MBKb,1,0,1,1.0
MBKh,0,1,1,0.0
MBKl,0,1,1,0.0
MBKn,0,0,0,
MBKs,0,2,2,0.0
MBLB,1,3,4,0.25
MBLM,1,4,5,0.2
MBLN,4,2,6,0.67
MBLP,8,3,11,0.73
MBLS,2,0,2,1.0
MBLb,5,4,9,0.56
MBLh,1,1,2,0.5
MBLj,2,1,3,0.67
MBLl,4,3,7,0.57
MBLm,3,4,7,0.43
MBLn,4,7,11,0.36
MBLs,0,4,4,0.0
MBLt,0,1,1,0.0
MBMB,4,11,15,0.27
MBML,1,1,2,0.5
MBMM,11,11,22,0.5
MBMN,12,12,24,0.5
MBMP,14,17,31,0.45
MBMS,4,6,10,0.4
MBMb,13,12,25,0.52
MBMh,5,5,10,0.5
MBMj,1,2,3,0.33
MBMl,4,2,6,0.67
MBMm,14,12,26,0.54
MBMn,15,10,25,0.6
MBMs,1,5,6,0.17
MBMt,3,1,4,0.75
MBNB,11,9,20,0.55
MBND,1,1,2,0.5
MBNH,2,2,4,0.5
MBNK,1,1,2,0.5
MBNL,4,1,5,0.8
MBNM,8,11,19,0.42
MBNN,15,14,29,0.52
MBNP,23,22,45,0.51
MBNS,4,8,12,0.33
MBNb,14,13,27,0.52
MBNh,4,2,6,0.67
MBNl,3,5,8,0.38
MBNm,8,17,25,0.32
MBNn,17,19,36,0.47
MBNs,4,10,14,0.29
MBNt,2,1,3,0.67
MBPB,12,8,20,0.6
MBPD,1,2,3,0.33
MBPH,4,5,9,0.44
MBPI,3,1,4,0.75
MBPK,2,0,2,1.0
MBPL,7,10,17,0.41
MBPM,6,11,17,0.35
MBPN,16,20,36,0.44
MBPP,23,21,44,0.52
MBPS,8,8,16,0.5
MBPb,16,20,36,0.44
MBPh,0,4,4,0.0
MBPl,8,9,17,0.47
MBPm,16,11,27,0.59
MBPn,25,15,40,0.62
MBPs,4,9,13,0.31
MBPt,2,0,2,1.0
MBSB,4,2,6,0.67
MBSH,1,0,1,1.0
MBSL,3,0,3,1.0
MBSM,4,3,7,0.57
MBSN,2,2,4,0.5
MBSP,8,12,20,0.4
MBSS,7,3,10,0.7
MBSb,5,5,10,0.5
MBSh,4,0,4,1.0
MBSl,3,2,5,0.6
MBSm,2,5,7,0.29
MBSn,9,5,14,0.64
MBSs,5,2,7,0.71
MBSt,1,1,2,0.5
MBbB,11,14,25,0.44
MBbD,1,1,2,0.5
MBbH,6,5,11,0.55
MBbI,2,0,2,1.0
MBbJ,2,5,7,0.29
MBbK,2,2,4,0.5
MBbL,2,4,6,0.33
MBbM,14,13,27,0.52
MBbN,22,17,39,0.56
MBbP,12,17,29,0.41
MBbS,1,6,7,0.14
MBbb,14,20,34,0.41
MBbl,6,7,13,0.46
MBbm,10,8,18,0.56
MBbn,15,17,32,0.47
MBbs,6,5,11,0.55
MBhD,1,0,1,1.0
MBhM,0,3,3,0.0
MBhN,3,1,4,0.75
MBhP,0,1,1,0.0
MBhS,0,2,2,0.0
MBhb,1,2,3,0.33
MBhh,2,0,2,1.0
MBhl,1,1,2,0.5
MBhm,0,1,1,0.0
MBhn,2,3,5,0.4
MBhs,2,0,2,1.0
MBjB,1,1,2,0.5
MBjH,1,1,2,0.5
MBjI,0,0,0,
MBjL,2,0,2,1.0
MBjM,4,2,6,0.67
MBjN,3,2,5,0.6
MBjP,5,7,12,0.42
MBjS,1,2,3,0.33
MBjb,6,3,9,0.67
MBjh,0,1,1,0.0
MBjl,3,1,4,0.75
MBjm,3,1,4,0.75
MBjn,5,3,8,0.62
MBjs,4,4,8,0.5
MBjt,1,0,1,1.0
MBlB,8,4,12,0.67
MBlD,1,0,1,1.0
MBlH,4,6,10,0.4
MBlJ,1,2,3,0.33
MBlK,1,1,2,0.5
MBlL,1,0,1,1.0
MBlM,4,4,8,0.5
MBlN,4,6,10,0.4
MBlP,6,5,11,0.55
MBlS,2,2,4,0.5
MBlb,4,10,14,0.29
MBll,2,6,8,0.25
MBlm,4,7,11,0.36
MBln,3,6,9,0.33
MBls,4,4,8,0.5
MBmB,4,4,8,0.5
MBmD,2,0,2,1.0
MBmH,9,8,17,0.53
MBmI,0,1,1,0.0
MBmJ,1,1,2,0.5
MBmL,2,2,4,0.5
MBmM,13,5,18,0.72
MBmN,12,10,22,0.55
MBmP,12,8,20,0.6
MBmS,1,3,4,0.25
MBmb,11,11,22,0.5
MBml,3,2,5,0.6
MBmm,4,4,8,0.5
MBmn,6,11,17,0.35
MBms,5,2,7,0.71
MBnB,8,8,16,0.5
MBnD,1,1,2,0.5
MBnH,12,8,20,0.6
MBnI,0,7,7,0.0
MBnK,2,3,5,0.4
MBnL,4,3,7,0.57
MBnM,15,12,27,0.56
MBnN,21,20,41,0.51
MBnP,28,25,53,0.53
MBnS,8,10,18,0.44
MBnb,17,17,34,0.5
MBnh,3,1,4,0.75
MBnl,3,4,7,0.43
MBnm,14,12,26,0.54
MBnn,21,15,36,0.58
MBns,11,7,18,0.61
MBsB,4,3,7,0.57
MBsH,2,3,5,0.4
MBsL,1,0,1,1.0
MBsM,4,3,7,0.57
MBsN,5,2,7,0.71
MBsP,8,3,11,0.73
MBsS,2,1,3,0.67
MBsb,11,1,12,0.92
MBsl,0,2,2,0.0
MBsm,1,2,3,0.33
MBsn,5,8,13,0.38
MBss,2,2,4,0.5
MBtB,3,2,5,0.6
MBtH,0,2,2,0.0
MBtM,2,2,4,0.5
MBtN,3,2,5,0.6
MBtP,1,1,2,0.5
MBtS,1,5,6,0.17
MBtb,2,0,2,1.0
MBtl,1,0,1,1.0
MBtm,3,3,6,0.5
MBtn,2,2,4,0.5
MBts,1,0,1,1.0
MBtt,0,1,1,0.0
MDBB,1,0,1,1.0
MDBN,1,0,1,1.0
MDBP,1,0,1,1.0
MDBn,0,2,2,0.0
MDBs,0,1,1,0.0
MDHM,1,0,1,1.0
MDHN,1,2,3,0.33
MDHP,0,2,2,0.0
MDHS,0,1,1,0.0
MDHb,0,1,1,0.0
MDHm,1,0,1,1.0
MDLB,1,1,2,0.5
MDLD,1,0,1,1.0
MDLP,1,1,2,0.5
MDLb,1,1,2,0.5
MDLn,0,1,1,0.0
MDMM,0,1,1,0.0
MDMP,0,1,1,0.0
MDMb,1,0,1,1.0
MDMh,1,2,3,0.33
MDMl,1,1,2,0.5
MDMn,0,2,2,0.0
MDMs,2,0,2,1.0
MDNB,1,1,2,0.5
MDND,0,1,1,0.0
MDNM,1,0,1,1.0
MDNN,1,0,1,1.0
MDNP,0,1,1,0.0
MDNS,0,1,1,0.0
MDNb,1,1,2,0.5
MDNm,1,0,1,1.0
MDNn,2,2,4,0.5
MDNt,0,1,1,0.0
MDPB,0,0,0,
MDPM,1,1,2,0.5
MDPN,0,1,1,0.0
MDPP,5,1,6,0.83
MDPS,1,0,1,1.0
MDPb,0,0,0,
MDPm,1,0,1,1.0
MDPn,1,2,3,0.33
MDPs,2,1,3,0.67
MDSD,0,1,1,0.0
MDSL,1,0,1,1.0
MDSM,0,1,1,0.0
MDSN,2,0,2,1.0
MDSP,1,1,2,0.5
MDSS,2,0,2,1.0
MDSh,1,1,2,0.5
MDSl,1,0,1,1.0
MDSm,0,1,1,0.0
MDSn,0,2,2,0.0
MDSs,1,0,1,1.0
MDbM,0,1,1,0.0
MDbN,3,2,5,0.6
MDbP,2,0,2,1.0
MDbS,0,1,1,0.0
MDbl,1,0,1,1.0
MDbn,0,1,1,0.0
MDbs,1,0,1,1.0
MDhS,1,0,1,1.0
MDlB,1,0,1,1.0
MDlJ,1,1,2,0.5
MDlL,1,0,1,1.0
MDlP,2,0,2,1.0
MDlS,1,0,1,1.0
MDlb,0,1,1,0.0
MDln,1,0,1,1.0
MDls,1,0,1,1.0
MDmH,1,1,2,0.5
MDmJ,1,0,1,1.0
MDmP,1,0,1,1.0
MDmm,3,1,4,0.75
MDmn,0,2,2,0.0
MDnH,2,0,2,1.0
MDnL,0,1,1,0.0
MDnM,0,1,1,0.0
MDnN,1,1,2,0.5
MDnP,1,2,3,0.33
MDnb,0,1,1,0.0
MDnl,1,0,1,1.0
MDnm,2,1,3,0.67
MDns,0,1,1,0.0
MDsB,2,0,2,1.0
MDsH,1,1,2,0.5
MDsM,0,2,2,0.0
MDsN,2,1,3,0.67
MDsP,0,0,0,
MDsS,0,0,0,
MDsb,0,1,1,0.0
MDsl,0,1,1,0.0
MDsn,1,0,1,1.0
MDtb,0,1,1,0.0
MHHL,1,0,1,1.0
MHMh,0,1,1,0.0
MHNb,0,1,1,0.0
MHPM,0,1,1,0.0
MHPm,0,1,1,0.0
MHbS,0,0,0,
MHmB,1,0,1,1.0
MHmN,1,0,1,1.0
MHmm,1,0,1,1.0
MIBm,1,0,1,1.0
MKBD,1,0,1,1.0
MKHP,0,1,1,0.0
MKLm,0,1,1,0.0
MKMM,0,0,0,
MKMn,0,0,0,
MKMs,1,0,1,1.0
MKNn,1,1,2,0.5
MKPM,1,0,1,1.0
MKPN,1,0,1,1.0
MKPn,1,1,2,0.5
MKSs,0,1,1,0.0
MKbN,1,0,1,1.0
MKhh,1,0,1,1.0
MKhl,0,1,1,0.0
MKhm,0,1,1,0.0
MKhs,0,1,1,0.0
MKlJ,0,1,1,0.0
MKlN,1,0,1,1.0
MKmM,0,0,0,
MKmP,0,0,0,
MKmn,3,0,3,1.0
MKnH,0,1,1,0.0
MKnP,0,0,0,
MKnS,0,1,1,0.0
MKnb,0,1,1,0.0
MKsH,1,0,1,1.0
MKsN,1,0,1,1.0
MLBB,4,2,6,0.67
MLBL,1,1,2,0.5
MLBM,3,2,5,0.6
MLBN,4,3,7,0.57
MLBP,3,7,10,0.3
MLBS,1,4,5,0.2
MLBb,5,7,12,0.42
MLBj,2,0,2,1.0
MLBl,3,1,4,0.75
MLBm,2,2,4,0.5
MLBn,7,5,12,0.58
MLBs,3,2,5,0.6
MLBt,3,1,4,0.75
MLDB,1,0,1,1.0
MLDH,0,1,1,0.0
MLDM,0,1,1,0.0
MLDP,0,0,0,
MLDS,0,1,1,0.0
MLDm,2,0,2,1.0
MLDn,0,1,1,0.0
MLHP,0,0,0,
MLHm,1,0,1,1.0
MLKL,0,2,2,0.0
MLKM,0,0,0,
MLKS,0,1,1,0.0
MLLM,5,2,7,0.71
MLLN,0,2,2,0.0
MLLP,4,2,6,0.67
MLLS,0,1,1,0.0
MLLb,3,1,4,0.75
MLLj,1,2,3,0.33
MLLl,0,2,2,0.0
MLLm,4,2,6,0.67
MLLn,1,1,2,0.5
MLLt,1,0,1,1.0
MLMB,4,5,9,0.44
MLMD,1,0,1,1.0
MLML,1,4,5,0.2
MLMM,6,2,8,0.75
MLMN,5,5,10,0.5
MLMP,6,4,10,0.6
MLMS,2,1,3,0.67
MLMb,9,7,16,0.56
MLMh,3,6,9,0.33
MLMj,1,1,2,0.5
MLMl,1,3,4,0.25
MLMm,2,4,6,0.33
MLMn,9,6,15,0.6
MLMs,3,3,6,0.5
MLMt,1,0,1,1.0
MLNB,2,2,4,0.5
MLND,1,0,1,1.0
MLNH,0,1,1,0.0
MLNL,0,1,1,0.0
MLNM,5,4,9,0.56
MLNN,8,2,10,0.8
MLNP,5,5,10,0.5
MLNS,1,3,4,0.25
MLNb,5,9,14,0.36
MLNh,2,3,5,0.4
MLNl,3,1,4,0.75
MLNm,1,2,3,0.33
MLNn,10,3,13,0.77
MLNs,0,2,2,0.0
MLNt,0,1,1,0.0
MLPB,3,2,5,0.6
MLPH,2,2,4,0.5
MLPK,1,0,1,1.0
MLPL,3,1,4,0.75
MLPM,5,9,14,0.36
MLPN,7,5,12,0.58
MLPP,9,12,21,0.43
MLPS,4,1,5,0.8
MLPb,5,7,12,0.42
MLPh,1,1,2,0.5
MLPl,2,3,5,0.4
MLPm,8,4,12,0.67
MLPn,4,7,11,0.36
MLPs,2,6,8,0.25
MLPt,0,1,1,0.0
MLSB,3,4,7,0.43
MLSH,0,0,0,
MLSK,0,0,0,
MLSL,2,1,3,0.67
MLSM,1,4,5,0.2
MLSN,4,2,6,0.67
MLSP,2,3,5,0.4
MLSS,1,3,4,0.25
MLSb,2,3,5,0.4
MLSh,3,1,4,0.75
MLSl,2,1,3,0.67
MLSm,1,0,1,1.0
MLSn,1,4,5,0.2
MLSs,0,1,1,0.0
MLbB,1,4,5,0.2
MLbH,0,6,6,0.0
MLbI,0,2,2,0.0
MLbJ,3,1,4,0.75
MLbM,5,3,8,0.62
MLbN,11,5,16,0.69
MLbP,9,6,15,0.6
MLbS,4,2,6,0.67
MLbb,4,6,10,0.4
MLbl,4,1,5,0.8
MLbm,3,3,6,0.5
MLbn,7,5,12,0.58
MLbs,3,0,3,1.0
MLhD,0,1,1,0.0
MLhM,2,1,3,0.67
MLhN,0,3,3,0.0
MLhP,3,3,6,0.5
MLhS,4,0,4,1.0
MLhb,3,2,5,0.6
MLhh,3,3,6,0.5
MLhl,2,1,3,0.67
MLhm,4,1,5,0.8
MLhn,2,3,5,0.4
MLhs,1,0,1,1.0
MLjB,2,0,2,1.0
MLjH,2,0,2,1.0
MLjM,1,2,3,0.33
MLjN,0,1,1,0.0
MLjP,2,3,5,0.4
MLjS,0,2,2,0.0
MLjb,1,0,1,1.0
MLjm,3,4,7,0.43
MLjn,3,2,5,0.6
MLjs,0,1,1,0.0
MLlB,0,2,2,0.0
MLlH,1,1,2,0.5
MLlJ,1,0,1,1.0
MLlM,0,2,2,0.0
MLlN,2,3,5,0.4
MLlP,1,3,4,0.25
MLlS,1,2,3,0.33
MLlb,0,0,0,
MLll,3,1,4,0.75
MLlm,1,3,4,0.25
MLln,2,0,2,1.0
MLmB,5,3,8,0.62
MLmD,0,1,1,0.0
MLmH,1,4,5,0.2
MLmJ,1,0,1,1.0
MLmL,0,2,2,0.0
MLmM,1,0,1,1.0
MLmN,3,2,5,0.6
MLmP,8,6,14,0.57
MLmS,2,1,3,0.67
MLmb,5,8,13,0.38
MLml,2,0,2,1.0
MLmm,3,2,5,0.6
MLmn,3,3,6,0.5
MLms,3,1,4,0.75
MLnB,8,5,13,0.62
MLnD,1,0,1,1.0
MLnH,4,2,6,0.67
MLnI,0,1,1,0.0
MLnK,1,0,1,1.0
MLnL,1,3,4,0.25
MLnM,9,6,15,0.6
MLnN,13,7,20,0.65
MLnP,9,10,19,0.47
MLnS,4,3,7,0.57
MLnb,6,9,15,0.4
MLnh,0,1,1,0.0
MLnl,1,3,4,0.25
MLnm,11,4,15,0.73
MLnn,15,9,24,0.62
MLns,6,4,10,0.6
MLsH,2,3,5,0.4
MLsI,1,1,2,0.5
MLsL,1,1,2,0.5
MLsM,1,1,2,0.5
MLsN,2,4,6,0.33
MLsP,4,4,8,0.5
MLsS,1,1,2,0.5
MLsb,3,3,6,0.5
MLsl,1,0,1,1.0
MLsm,1,1,2,0.5
MLsn,0,3,3,0.0
MLss,0,4,4,0.0
MLtH,1,0,1,1.0
MLtI,0,1,1,0.0
MLtL,0,1,1,0.0
MLtM,1,2,3,0.33
MLtN,0,1,1,0.0
MLtP,3,2,5,0.6
MLtb,0,1,1,0.0
MLtl,0,0,0,
MLtm,1,1,2,0.5
MLtn,3,1,4,0.75
MLts,0,0,0,
MMBB,10,9,19,0.53
MMBD,0,2,2,0.0
MMBK,1,1,2,0.5
MMBL,2,2,4,0.5
MMBM,7,5,12,0.58
MMBN,15,11,26,0.58
MMBP,10,9,19,0.53
MMBS,4,3,7,0.57
MMBb,10,13,23,0.43
MMBj,7,4,11,0.64
MMBl,5,6,11,0.45
MMBm,6,6,12,0.5
MMBn,23,14,37,0.62
MMBs,3,1,4,0.75
MMBt,4,2,6,0.67
MMDL,0,1,1,0.0
MMDM,0,0,0,
MMDN,1,2,3,0.33
MMDP,1,2,3,0.33
MMDS,2,0,2,1.0
MMDb,2,1,3,0.67
MMDl,0,1,1,0.0
MMDn,1,1,2,0.5
MMDs,0,0,0,
MMHb,1,0,1,1.0
MMHm,1,0,1,1.0
MMKP,0,1,1,0.0
MMKh,0,1,1,0.0
MMKn,0,1,1,0.0
MMLB,2,3,5,0.4
MMLK,2,0,2,1.0
MMLL,0,1,1,0.0
MMLM,4,4,8,0.5
MMLN,4,1,5,0.8
MMLP,3,3,6,0.5
MMLS,2,2,4,0.5
MMLb,3,2,5,0.6
MMLj,0,1,1,0.0
MMLl,0,3,3,0.0
MMLm,1,5,6,0.17
MMLn,5,13,18,0.28
MMLs,2,2,4,0.5
MMLt,1,1,2,0.5
MMMB,13,10,23,0.57
MMMD,1,0,1,1.0
MMML,1,6,7,0.14
MMMM,7,23,30,0.23
MMMN,9,13,22,0.41
MMMP,19,14,33,0.58
MMMS,6,8,14,0.43
MMMb,12,23,35,0.34
MMMh,11,12,23,0.48
MMMj,1,3,4,0.25
MMMl,4,3,7,0.57
MMMm,12,16,28,0.43
MMMn,19,23,42,0.45
MMMs,4,2,6,0.67
MMMt,1,3,4,0.25
MMNB,10,14,24,0.42
MMND,0,0,0,
MMNH,2,2,4,0.5
MMNK,0,2,2,0.0
MMNL,1,3,4,0.25
MMNM,9,17,26,0.35
MMNN,17,8,25,0.68
MMNP,20,25,45,0.44
MMNS,8,11,19,0.42
MMNb,10,25,35,0.29
MMNh,5,6,11,0.45
MMNl,3,10,13,0.23
MMNm,6,10,16,0.38
MMNn,30,21,51,0.59
MMNs,11,8,19,0.58
MMNt,4,5,9,0.44
MMPB,16,11,27,0.59
MMPD,2,1,3,0.67
MMPH,3,4,7,0.43
MMPI,3,3,6,0.5
MMPK,1,3,4,0.25
MMPL,7,8,15,0.47
MMPM,13,19,32,0.41
MMPN,24,25,49,0.49
MMPP,26,27,53,0.49
MMPS,13,7,20,0.65
MMPb,25,12,37,0.68
MMPh,1,2,3,0.33
MMPl,2,7,9,0.22
MMPm,12,10,22,0.55
MMPn,19,21,40,0.48
MMPs,7,5,12,0.58
MMPt,2,1,3,0.67
MMSB,2,3,5,0.4
MMSD,1,0,1,1.0
MMSH,2,2,4,0.5
MMSL,1,3,4,0.25
MMSM,8,5,13,0.62
MMSN,6,6,12,0.5
MMSP,13,6,19,0.68
MMSS,6,4,10,0.6
MMSb,8,8,16,0.5
MMSh,5,5,10,0.5
MMSl,2,3,5,0.4
MMSm,7,8,15,0.47
MMSn,4,14,18,0.22
MMSs,4,2,6,0.67
MMSt,1,0,1,1.0
MMbB,16,11,27,0.59
MMbH,4,4,8,0.5
MMbI,2,2,4,0.5
MMbJ,4,5,9,0.44
MMbK,0,1,1,0.0
MMbL,4,2,6,0.67
MMbM,11,18,29,0.38
MMbN,26,26,52,0.5
MMbP,16,14,30,0.53
MMbS,8,13,21,0.38
MMbb,14,16,30,0.47
MMbl,11,5,16,0.69
MMbm,21,9,30,0.7
MMbn,26,11,37,0.7
MMbs,10,5,15,0.67
MMhB,13,7,20,0.65
MMhH,1,4,5,0.2
MMhI,0,0,0,
MMhK,1,0,1,1.0
MMhL,2,2,4,0.5
MMhM,13,6,19,0.68
MMhN,7,13,20,0.35
MMhP,11,12,23,0.48
MMhS,9,6,15,0.6
MMhb,10,7,17,0.59
MMhh,5,10,15,0.33
MMhl,8,2,10,0.8
MMhm,5,13,18,0.28
MMhn,9,9,18,0.5
MMhs,11,8,19,0.58
MMht,2,1,3,0.67
MMjB,2,2,4,0.5
MMjD,0,0,0,
MMjH,1,3,4,0.25
MMjL,1,1,2,0.5
MMjM,3,1,4,0.75
MMjN,6,5,11,0.55
MMjP,6,4,10,0.6
MMjS,2,1,3,0.67
MMjb,3,3,6,0.5
MMjh,1,1,2,0.5
MMjl,0,1,1,0.0
MMjm,0,3,3,0.0
MMjn,6,4,10,0.6
MMjs,2,3,5,0.4
MMlB,2,7,9,0.22
MMlD,0,0,0,
MMlH,3,5,8,0.38
MMlJ,1,1,2,0.5
MMlL,2,1,3,0.67
MMlM,2,10,12,0.17
MMlN,4,10,14,0.29
MMlP,5,4,9,0.56
MMlS,1,6,7,0.14
MMlb,7,5,12,0.58
MMll,1,4,5,0.2
MMlm,6,4,10,0.6
MMln,6,5,11,0.55
MMls,5,3,8,0.62
MMmB,6,10,16,0.38
MMmD,3,1,4,0.75
MMmH,9,8,17,0.53
MMmI,1,1,2,0.5
MMmJ,2,3,5,0.4
MMmL,1,3,4,0.25
MMmM,7,15,22,0.32
MMmN,12,8,20,0.6
MMmP,11,18,29,0.38
MMmS,6,9,15,0.4
MMmb,13,6,19,0.68
MMml,4,2,6,0.67
MMmm,12,12,24,0.5
MMmn,18,16,34,0.53
MMms,9,4,13,0.69
MMnB,7,13,20,0.35
MMnD,1,1,2,0.5
MMnH,11,9,20,0.55
MMnI,1,1,2,0.5
MMnK,1,3,4,0.25
MMnL,3,7,10,0.3
MMnM,25,12,37,0.68
MMnN,31,32,63,0.49
MMnP,31,39,70,0.44
MMnS,15,13,28,0.54
MMnb,15,19,34,0.44
MMnl,5,6,11,0.45
MMnm,17,16,33,0.52
MMnn,28,34,62,0.45
MMns,11,13,24,0.46
MMsB,2,4,6,0.33
MMsD,1,2,3,0.33
MMsH,8,6,14,0.57
MMsL,2,1,3,0.67
MMsM,5,6,11,0.45
MMsN,10,9,19,0.53
MMsP,11,13,24,0.46
MMsS,8,7,15,0.53
MMsb,5,5,10,0.5
MMsl,2,2,4,0.5
MMsm,6,2,8,0.75
MMsn,6,5,11,0.55
MMss,3,3,6,0.5
MMtB,2,0,2,1.0
MMtH,1,1,2,0.5
MMtL,0,1,1,0.0
MMtM,3,2,5,0.6
MMtN,1,2,3,0.33
MMtP,4,7,11,0.36
MMtS,0,1,1,0.0
MMtb,2,2,4,0.5
MMtl,1,3,4,0.25
MMtm,1,1,2,0.5
MMtn,3,5,8,0.38
MMts,2,0,2,1.0
MMtt,1,2,3,0.33
MNBB,3,9,12,0.25
MNBK,0,1,1,0.0
MNBL,0,2,2,0.0
MNBM,12,10,22,0.55
MNBN,9,9,18,0.5
MNBP,13,19,32,0.41
MNBS,3,3,6,0.5
MNBb,11,9,20,0.55
MNBj,1,2,3,0.33
MNBl,3,5,8,0.38
MNBm,4,10,14,0.29
MNBn,19,21,40,0.48
MNBs,3,3,6,0.5
MNBt,2,3,5,0.4
MNDD,0,1,1,0.0
MNDH,0,1,1,0.0
MNDM,0,3,3,0.0
MNDN,1,1,2,0.5
MNDP,5,1,6,0.83
MNDS,1,1,2,0.5
MNDb,2,1,3,0.67
MNDm,0,0,0,
MNDs,0,0,0,
MNHB,2,2,4,0.5
MNHH,1,2,3,0.33
MNHM,2,1,3,0.67
MNHN,2,1,3,0.67
MNHP,2,3,5,0.4
MNHS,2,1,3,0.67
MNHb,1,1,2,0.5
MNHm,3,1,4,0.75
MNHn,5,4,9,0.56
MNHs,2,2,4,0.5
MNKB,0,0,0,
MNKH,1,0,1,1.0
MNKI,0,1,1,0.0
MNKM,2,0,2,1.0
MNKN,1,2,3,0.33
MNKP,3,1,4,0.75
MNKS,1,0,1,1.0
MNKb,1,0,1,1.0
MNKh,0,0,0,
MNKl,0,1,1,0.0
MNKm,0,1,1,0.0
MNKn,2,2,4,0.5
MNKs,1,0,1,1.0
MNLB,6,4,10,0.6
MNLK,1,0,1,1.0
MNLL,1,2,3,0.33
MNLM,2,2,4,0.5
MNLN,7,2,9,0.78
MNLP,10,2,12,0.83
MNLS,0,6,6,0.0
MNLb,4,2,6,0.67
MNLh,1,2,3,0.33
MNLj,1,0,1,1.0
MNLl,2,1,3,0.67
MNLm,3,4,7,0.43
MNLn,6,6,12,0.5
MNLs,3,0,3,1.0
MNLt,0,1,1,0.0
MNMB,10,13,23,0.43
MNMD,1,1,2,0.5
MNML,4,4,8,0.5
MNMM,3,6,9,0.33
MNMN,9,13,22,0.41
MNMP,19,16,35,0.54
MNMS,5,9,14,0.36
MNMb,17,13,30,0.57
MNMh,8,9,17,0.47
MNMj,5,0,5,1.0
MNMl,4,5,9,0.44
MNMm,7,13,20,0.35
MNMn,21,14,35,0.6
MNMs,7,3,10,0.7
MNMt,0,4,4,0.0
MNNB,6,17,23,0.26
MNND,1,1,2,0.5
MNNH,1,1,2,0.5
MNNK,0,1,1,0.0
MNNL,3,5,8,0.38
MNNM,17,22,39,0.44
MNNN,16,21,37,0.43
MNNP,23,33,56,0.41
MNNS,9,7,16,0.56
MNNb,13,12,25,0.52
MNNh,5,10,15,0.33
MNNl,3,6,9,0.33
MNNm,21,4,25,0.84
MNNn,24,21,45,0.53
MNNs,11,7,18,0.61
MNNt,1,1,2,0.5
MNPB,19,15,34,0.56
MNPD,2,1,3,0.67
MNPH,8,4,12,0.67
MNPI,3,0,3,1.0
MNPK,2,1,3,0.67
MNPL,9,9,18,0.5
MNPM,16,22,38,0.42
MNPN,22,24,46,0.48
MNPP,28,29,57,0.49
MNPS,16,18,34,0.47
MNPb,25,26,51,0.49
MNPh,2,2,4,0.5
MNPl,8,11,19,0.42
MNPm,18,26,44,0.41
MNPn,27,24,51,0.53
MNPs,13,10,23,0.57
MNPt,4,2,6,0.67
MNSB,5,1,6,0.83
MNSD,1,0,1,1.0
MNSH,3,1,4,0.75
MNSK,1,0,1,1.0
MNSL,4,2,6,0.67
MNSM,6,12,18,0.33
MNSN,3,13,16,0.19
MNSP,8,9,17,0.47
MNSS,4,4,8,0.5
MNSb,5,7,12,0.42
MNSh,9,5,14,0.64
MNSl,4,5,9,0.44
MNSm,6,7,13,0.46
MNSn,13,6,19,0.68
MNSs,5,4,9,0.56
MNSt,2,3,5,0.4
MNbB,8,4,12,0.67
MNbD,1,0,1,1.0
MNbH,5,6,11,0.45
MNbI,3,0,3,1.0
MNbJ,5,5,10,0.5
MNbK,2,1,3,0.67
MNbL,5,5,10,0.5
MNbM,12,6,18,0.67
MNbN,30,18,48,0.62
MNbP,22,21,43,0.51
MNbS,11,2,13,0.85
MNbb,20,14,34,0.59
MNbl,6,5,11,0.55
MNbm,7,10,17,0.41
MNbn,13,24,37,0.35
MNbs,7,7,14,0.5
MNhB,3,3,6,0.5
MNhH,2,1,3,0.67
MNhL,1,0,1,1.0
MNhM,5,4,9,0.56
MNhN,3,6,9,0.33
MNhP,5,5,10,0.5
MNhS,4,0,4,1.0
MNhb,4,4,8,0.5
MNhh,1,4,5,0.2
MNhl,1,1,2,0.5
MNhm,6,2,8,0.75
MNhn,8,7,15,0.53
MNhs,4,6,10,0.4
MNht,0,0,0,
MNlB,3,2,5,0.6
MNlD,1,1,2,0.5
MNlH,7,2,9,0.78
MNlJ,0,2,2,0.0
MNlK,0,1,1,0.0
MNlL,1,0,1,1.0
MNlM,10,5,15,0.67
MNlN,5,5,10,0.5
MNlP,5,10,15,0.33
MNlS,2,6,8,0.25
MNlb,1,7,8,0.12
MNll,3,1,4,0.75
MNlm,1,5,6,0.17
MNln,6,10,16,0.38
MNls,3,2,5,0.6
MNmB,5,3,8,0.62
MNmD,2,1,3,0.67
MNmH,7,14,21,0.33
MNmI,0,1,1,0.0
MNmJ,4,0,4,1.0
MNmL,4,3,7,0.57
MNmM,8,10,18,0.44
MNmN,13,10,23,0.57
MNmP,20,7,27,0.74
MNmS,6,6,12,0.5
MNmb,5,7,12,0.42
MNml,1,3,4,0.25
MNmm,9,8,17,0.53
MNmn,12,15,27,0.44
MNms,3,2,5,0.6
MNnB,15,9,24,0.62
MNnD,1,0,1,1.0
MNnH,15,14,29,0.52
MNnI,3,4,7,0.43
MNnK,1,2,3,0.33
MNnL,4,7,11,0.36
MNnM,21,11,32,0.66
MNnN,28,26,54,0.52
MNnP,31,35,66,0.47
MNnS,21,6,27,0.78
MNnb,18,23,41,0.44
MNnh,4,0,4,1.0
MNnl,6,9,15,0.4
MNnm,16,11,27,0.59
MNnn,31,28,59,0.53
MNns,11,16,27,0.41
MNsB,2,5,7,0.29
MNsD,1,1,2,0.5
MNsH,5,12,17,0.29
MNsL,1,7,8,0.12
MNsM,10,8,18,0.56
MNsN,12,4,16,0.75
MNsP,9,12,21,0.43
MNsS,4,7,11,0.36
MNsb,8,7,15,0.53
MNsh,0,0,0,
MNsl,4,4,8,0.5
MNsm,3,2,5,0.6
MNsn,10,4,14,0.71
MNss,7,2,9,0.78
MNtB,4,1,5,0.8
MNtH,0,3,3,0.0
MNtI,1,0,1,1.0
MNtL,2,1,3,0.67
MNtM,3,2,5,0.6
MNtN,7,3,10,0.7
MNtP,4,9,13,0.31
MNtS,2,2,4,0.5
MNtb,3,5,8,0.38
MNtl,1,1,2,0.5
MNtm,2,1,3,0.67
MNtn,4,4,8,0.5
MNts,0,3,3,0.0
MPBB,12,18,30,0.4
MPBD,1,0,1,1.0
MPBK,0,3,3,0.0
MPBL,3,3,6,0.5
MPBM,10,16,26,0.38
MPBN,19,10,29,0.66
MPBP,17,23,40,0.42
MPBS,7,10,17,0.41
MPBb,10,10,20,0.5
MPBh,0,2,2,0.0
MPBj,4,3,7,0.57
MPBl,6,3,9,0.67
MPBm,8,10,18,0.44
MPBn,16,20,36,0.44
MPBs,2,4,6,0.33
MPBt,2,6,8,0.25
MPDH,1,1,2,0.5
MPDM,1,0,1,1.0
MPDN,0,0,0,
MPDP,1,0,1,1.0
MPDS,1,1,2,0.5
MPDb,2,1,3,0.67
MPDl,0,1,1,0.0
MPDm,0,1,1,0.0
MPDn,1,3,4,0.25
MPDs,1,1,2,0.5
MPHB,2,3,5,0.4
MPHD,2,0,2,1.0
MPHH,2,1,3,0.67
MPHK,0,1,1,0.0
MPHL,0,3,3,0.0
MPHM,5,3,8,0.62
MPHN,2,7,9,0.22
MPHP,8,13,21,0.38
MPHS,3,6,9,0.33
MPHb,3,4,7,0.43
MPHh,3,1,4,0.75
MPHl,6,1,7,0.86
MPHm,2,3,5,0.4
MPHn,5,4,9,0.56
MPHs,8,3,11,0.73
MPIB,1,0,1,1.0
MPIH,1,2,3,0.33
MPII,1,0,1,1.0
MPIL,1,0,1,1.0
MPIM,0,2,2,0.0
MPIN,1,1,2,0.5
MPIP,3,2,5,0.6
MPIb,0,1,1,0.0
MPIl,0,1,1,0.0
MPIm,3,1,4,0.75
MPIn,2,1,3,0.67
MPIs,0,1,1,0.0
MPKB,2,0,2,1.0
MPKI,1,0,1,1.0
MPKL,1,3,4,0.25
MPKM,0,1,1,0.0
MPKN,0,1,1,0.0
MPKP,2,0,2,1.0
MPKS,0,1,1,0.0
MPKb,4,2,6,0.67
MPKh,0,2,2,0.0
MPKl,0,1,1,0.0
MPKm,1,1,2,0.5
MPKn,1,3,4,0.25
MPKs,0,1,1,0.0
MPLB,5,5,10,0.5
MPLH,0,1,1,0.0
MPLK,0,1,1,0.0
MPLL,1,4,5,0.2
MPLM,5,5,10,0.5
MPLN,6,3,9,0.67
MPLP,6,9,15,0.4
MPLS,2,3,5,0.4
MPLb,12,11,23,0.52
MPLh,3,3,6,0.5
MPLj,0,3,3,0.0
MPLl,5,3,8,0.62
MPLm,5,8,13,0.38
MPLn,6,12,18,0.33
MPLs,6,4,10,0.6
MPMB,17,14,31,0.55
MPMD,1,2,3,0.33
MPMK,0,1,1,0.0
MPML,2,2,4,0.5
MPMM,25,18,43,0.58
MPMN,16,18,34,0.47
MPMP,25,25,50,0.5
MPMS,9,7,16,0.56
MPMb,17,18,35,0.49
MPMh,8,18,26,0.31
MPMj,5,3,8,0.62
MPMl,12,9,21,0.57
MPMm,11,13,24,0.46
MPMn,20,18,38,0.53
MPMs,10,8,18,0.56
MPMt,5,1,6,0.83
MPNB,15,18,33,0.45
MPND,1,1,2,0.5
MPNH,0,3,3,0.0
MPNL,4,6,10,0.4
MPNM,18,21,39,0.46
MPNN,16,21,37,0.43
MPNP,32,33,65,0.49
MPNS,5,12,17,0.29
MPNb,20,17,37,0.54
MPNh,5,12,17,0.29
MPNl,11,10,21,0.52
MPNm,20,19,39,0.51
MPNn,30,32,62,0.48
MPNs,9,19,28,0.32
MPNt,4,4,8,0.5
MPPB,25,14,39,0.64
MPPD,2,2,4,0.5
MPPH,17,7,24,0.71
MPPI,2,1,3,0.67
MPPK,2,4,6,0.33
MPPL,8,13,21,0.38
MPPM,23,27,50,0.46
MPPN,26,21,47,0.55
MPPP,35,18,53,0.66
MPPS,11,14,25,0.44
MPPb,21,28,49,0.43
MPPh,3,6,9,0.33
MPPl,21,21,42,0.5
MPPm,20,18,38,0.53
MPPn,21,30,51,0.41
MPPs,11,13,24,0.46
MPPt,4,7,11,0.36
MPSB,8,6,14,0.57
MPSD,1,1,2,0.5
MPSH,4,3,7,0.57
MPSK,1,0,1,1.0
MPSL,5,3,8,0.62
MPSM,15,12,27,0.56
MPSN,7,4,11,0.64
MPSP,7,16,23,0.3
MPSS,10,8,18,0.56
MPSb,12,12,24,0.5
MPSh,5,7,12,0.42
MPSl,6,8,14,0.43
MPSm,6,9,15,0.4
MPSn,18,21,39,0.46
MPSs,4,6,10,0.4
MPSt,3,2,5,0.6
MPbB,9,16,25,0.36
MPbD,1,5,6,0.17
MPbH,5,3,8,0.62
MPbI,1,0,1,1.0
MPbJ,5,4,9,0.56
MPbK,1,1,2,0.5
MPbL,6,7,13,0.46
MPbM,12,25,37,0.32
MPbN,33,20,53,0.62
MPbP,21,16,37,0.57
MPbS,4,10,14,0.29
MPbb,18,10,28,0.64
MPbl,10,9,19,0.53
MPbm,13,15,28,0.46
MPbn,23,19,42,0.55
MPbs,8,8,16,0.5
MPhB,0,3,3,0.0
MPhH,0,1,1,0.0
MPhM,1,2,3,0.33
MPhN,1,2,3,0.33
MPhP,1,3,4,0.25
MPhS,2,1,3,0.67
MPhb,1,1,2,0.5
MPhh,1,2,3,0.33
MPhm,2,5,7,0.29
MPhn,1,2,3,0.33
MPhs,2,1,3,0.67
MPht,1,0,1,1.0
MPlB,3,1,4,0.75
MPlD,1,1,2,0.5
MPlH,8,5,13,0.62
MPlI,0,0,0,
MPlJ,2,2,4,0.5
MPlL,6,7,13,0.46
MPlM,10,13,23,0.43
MPlN,6,11,17,0.35
MPlP,12,13,25,0.48
MPlS,11,2,13,0.85
MPlb,3,9,12,0.25
MPll,2,3,5,0.4
MPlm,12,4,16,0.75
MPln,5,2,7,0.71
MPls,7,2,9,0.78
MPmB,7,15,22,0.32
MPmD,1,1,2,0.5
MPmH,12,12,24,0.5
MPmI,1,0,1,1.0
MPmJ,2,4,6,0.33
MPmK,1,0,1,1.0
MPmL,5,4,9,0.56
MPmM,14,20,34,0.41
MPmN,14,17,31,0.45
MPmP,17,24,41,0.41
MPmS,12,5,17,0.71
MPmb,10,10,20,0.5
MPml,3,8,11,0.27
MPmm,11,10,21,0.52
MPmn,12,19,31,0.39
MPms,7,7,14,0.5
MPnB,9,13,22,0.41
MPnD,1,1,2,0.5
MPnH,17,8,25,0.68
MPnI,5,4,9,0.56
MPnK,0,0,0,
MPnL,5,7,12,0.42
MPnM,19,10,29,0.66
MPnN,29,34,63,0.46
MPnP,32,27,59,0.54
MPnS,7,21,28,0.25
MPnb,24,14,38,0.63
MPnh,1,0,1,1.0
MPnl,7,10,17,0.41
MPnm,17,16,33,0.52
MPnn,17,19,36,0.47
MPns,12,12,24,0.5
MPsB,2,2,4,0.5
MPsH,7,13,20,0.35
MPsI,2,0,2,1.0
MPsL,0,5,5,0.0
MPsM,10,9,19,0.53
MPsN,12,10,22,0.55
MPsP,10,12,22,0.45
MPsS,10,8,18,0.56
MPsb,13,12,25,0.52
MPsh,1,0,1,1.0
MPsl,4,3,7,0.57
MPsm,19,11,30,0.63
MPsn,9,8,17,0.53
MPss,5,2,7,0.71
MPtB,1,0,1,1.0
MPtD,0,1,1,0.0
MPtH,1,1,2,0.5
MPtL,2,1,3,0.67
MPtM,1,1,2,0.5
MPtN,0,1,1,0.0
MPtP,2,2,4,0.5
MPtS,1,0,1,1.0
MPtb,2,1,3,0.67
MPtl,1,1,2,0.5
MPtm,2,1,3,0.67
MPtn,2,2,4,0.5
MSBB,4,5,9,0.44
MSBD,2,0,2,1.0
MSBK,1,0,1,1.0
MSBL,0,2,2,0.0
MSBM,2,2,4,0.5
MSBN,9,6,15,0.6
MSBP,5,8,13,0.38
MSBS,2,3,5,0.4
MSBb,6,3,9,0.67
MSBj,0,0,0,
MSBl,4,4,8,0.5
MSBm,2,2,4,0.5
MSBn,7,4,11,0.64
MSBs,4,2,6,0.67
MSBt,2,1,3,0.67
MSDD,0,1,1,0.0
MSDL,0,0,0,
MSDM,1,0,1,1.0
MSDN,1,1,2,0.5
MSDS,0,1,1,0.0
MSDm,1,0,1,1.0
MSDn,1,1,2,0.5
MSDs,1,0,1,1.0
MSHB,1,2,3,0.33
MSHK,1,0,1,1.0
MSHM,3,2,5,0.6
MSHN,6,2,8,0.75
MSHP,4,3,7,0.57
MSHS,1,2,3,0.33
MSHb,1,3,4,0.25
MSHh,1,2,3,0.33
MSHl,1,2,3,0.33
MSHm,5,1,6,0.83
MSHn,5,2,7,0.71
MSHs,1,2,3,0.33
MSIb,0,1,1,0.0
MSKM,0,1,1,0.0
MSKm,0,1,1,0.0
MSKn,1,1,2,0.5
MSLB,0,2,2,0.0
MSLD,0,1,1,0.0
MSLM,2,2,4,0.5
MSLN,2,0,2,1.0
MSLP,5,2,7,0.71
MSLS,1,2,3,0.33
MSLb,2,2,4,0.5
MSLh,0,0,0,
MSLj,2,0,2,1.0
MSLl,2,1,3,0.67
MSLm,2,1,3,0.67
MSLn,4,4,8,0.5
MSLs,3,3,6,0.5
MSMB,6,9,15,0.4
MSML,3,2,5,0.6
MSMM,4,5,9,0.44
MSMN,6,6,12,0.5
MSMP,6,6,12,0.5
MSMS,2,1,3,0.67
MSMb,3,9,12,0.25
MSMh,10,8,18,0.56
MSMj,1,3,4,0.25
MSMl,8,1,9,0.89
MSMm,9,6,15,0.6
MSMn,13,11,24,0.54
MSMs,5,1,6,0.83
MSMt,4,1,5,0.8
MSNB,5,3,8,0.62
MSND,0,0,0,
MSNH,1,1,2,0.5
MSNK,1,0,1,1.0
MSNL,4,6,10,0.4
MSNM,5,4,9,0.56
MSNN,7,10,17,0.41
MSNP,4,9,13,0.31
MSNS,5,1,6,0.83
MSNb,4,8,12,0.33
MSNh,1,1,2,0.5
MSNl,1,1,2,0.5
MSNm,3,2,5,0.6
MSNn,14,16,30,0.47
MSNs,5,3,8,0.62
MSNt,0,3,3,0.0
MSPB,4,6,10,0.4
MSPD,2,1,3,0.67
MSPH,3,3,6,0.5
MSPI,2,1,3,0.67
MSPK,1,1,2,0.5
MSPL,4,3,7,0.57
MSPM,8,15,23,0.35
MSPN,14,18,32,0.44
MSPP,16,12,28,0.57
MSPS,8,9,17,0.47
MSPb,8,11,19,0.42
MSPh,2,2,4,0.5
MSPl,6,7,13,0.46
MSPm,4,4,8,0.5
MSPn,6,18,24,0.25
MSPs,4,7,11,0.36
MSPt,1,3,4,0.25
MSSB,2,2,4,0.5
MSSD,1,0,1,1.0
MSSH,2,3,5,0.4
MSSK,1,0,1,1.0
MSSL,0,4,4,0.0
MSSM,6,5,11,0.55
MSSN,9,4,13,0.69
MSSP,2,4,6,0.33
MSSS,8,7,15,0.53
MSSb,3,4,7,0.43
MSSh,7,5,12,0.58
MSSl,2,1,3,0.67
MSSm,3,3,6,0.5
MSSn,7,7,14,0.5
MSSs,8,4,12,0.67
MSSt,1,1,2,0.5
MSbB,6,6,12,0.5
MSbD,1,3,4,0.25
MSbH,2,2,4,0.5
MSbJ,0,1,1,0.0
MSbK,1,0,1,1.0
MSbL,4,4,8,0.5
MSbM,6,5,11,0.55
MSbN,13,14,27,0.48
MSbP,10,9,19,0.53
MSbS,5,3,8,0.62
MSbb,7,6,13,0.54
MSbl,1,5,6,0.17
MSbm,5,3,8,0.62
MSbn,15,10,25,0.6
MSbs,4,6,10,0.4
MShB,4,3,7,0.57
MShD,1,0,1,1.0
MShH,0,3,3,0.0
MShK,1,0,1,1.0
MShL,1,2,3,0.33
MShM,3,6,9,0.33
MShN,3,6,9,0.33
MShP,11,4,15,0.73
MShS,4,2,6,0.67
MShb,2,2,4,0.5
MShh,3,5,8,0.38
MShl,0,2,2,0.0
MShm,1,2,3,0.33
MShn,7,7,14,0.5
MShs,3,2,5,0.6
MSht,1,0,1,1.0
MSlB,2,3,5,0.4
MSlH,1,4,5,0.2
MSlJ,2,0,2,1.0
MSlK,1,0,1,1.0
MSlM,5,6,11,0.45
MSlN,3,4,7,0.43
MSlP,3,3,6,0.5
MSlS,1,0,1,1.0
MSlb,2,4,6,0.33
MSlh,0,0,0,
MSll,2,1,3,0.67
MSlm,6,2,8,0.75
MSln,3,2,5,0.6
MSls,1,4,5,0.2
MSmB,6,2,8,0.75
MSmD,1,1,2,0.5
MSmH,7,3,10,0.7
MSmJ,2,1,3,0.67
MSmL,0,2,2,0.0
MSmM,10,5,15,0.67
MSmN,9,6,15,0.6
MSmP,4,6,10,0.4
MSmS,6,5,11,0.55
MSmb,7,5,12,0.58
MSml,1,3,4,0.25
MSmm,4,2,6,0.67
MSmn,7,7,14,0.5
MSms,4,0,4,1.0
MSnB,5,5,10,0.5
MSnD,2,1,3,0.67
MSnH,7,4,11,0.64
MSnI,3,2,5,0.6
MSnK,2,0,2,1.0
MSnL,1,2,3,0.33
MSnM,8,7,15,0.53
MSnN,15,13,28,0.54
MSnP,17,11,28,0.61
MSnS,2,8,10,0.2
MSnb,9,17,26,0.35
MSnh,0,1,1,0.0
MSnl,2,3,5,0.4
MSnm,12,10,22,0.55
MSnn,14,15,29,0.48
MSns,8,2,10,0.8
MSnt,0,1,1,0.0
MSsB,1,4,5,0.2
MSsD,2,0,2,1.0
MSsH,10,4,14,0.71
MSsL,0,3,3,0.0
MSsM,7,8,15,0.47
MSsN,5,5,10,0.5
MSsP,3,5,8,0.38
MSsS,5,8,13,0.38
MSsb,6,5,11,0.55
MSsl,5,2,7,0.71
MSsm,5,1,6,0.83
MSsn,7,6,13,0.54
MSss,5,5,10,0.5
MSst,1,0,1,1.0
MStH,1,2,3,0.33
MStL,0,2,2,0.0
MStM,0,3,3,0.0
MStN,0,3,3,0.0
MStP,3,3,6,0.5
MStS,1,1,2,0.5
MStb,1,1,2,0.5
MStl,2,2,4,0.5
MStm,1,2,3,0.33
MStn,2,2,4,0.5
MSts,1,1,2,0.5
MbBB,15,7,22,0.68
MbBD,2,1,3,0.67
MbBK,1,2,3,0.33
MbBL,3,2,5,0.6
MbBM,12,12,24,0.5
MbBN,9,12,21,0.43
MbBP,9,10,19,0.47
MbBS,0,6,6,0.0
MbBb,8,11,19,0.42
MbBh,2,1,3,0.67
MbBj,2,9,11,0.18
MbBl,1,3,4,0.25
MbBm,8,11,19,0.42
MbBn,14,21,35,0.4
MbBs,7,6,13,0.54
MbBt,2,1,3,0.67
MbDM,0,1,1,0.0
MbDN,1,0,1,1.0
MbDP,0,2,2,0.0
MbDS,1,0,1,1.0
MbDb,1,0,1,1.0
MbDm,1,0,1,1.0
MbDs,1,0,1,1.0
MbHB,4,3,7,0.57
MbHD,0,1,1,0.0
MbHH,1,3,4,0.25
MbHI,1,0,1,1.0
MbHK,1,2,3,0.33
MbHL,2,0,2,1.0
MbHM,4,7,11,0.36
MbHN,5,7,12,0.42
MbHP,8,9,17,0.47
MbHS,2,2,4,0.5
MbHb,9,3,12,0.75
MbHh,0,2,2,0.0
MbHl,3,1,4,0.75
MbHm,5,3,8,0.62
MbHn,9,7,16,0.56
MbHs,0,4,4,0.0
MbIB,3,1,4,0.75
MbIH,0,3,3,0.0
MbII,0,1,1,0.0
MbIL,1,0,1,1.0
MbIM,0,1,1,0.0
MbIN,2,1,3,0.67
MbIP,3,1,4,0.75
MbIS,1,1,2,0.5
MbIb,2,3,5,0.4
MbIl,1,0,1,1.0
MbIm,1,2,3,0.33
MbIn,0,2,2,0.0
MbIs,0,1,1,0.0
MbJB,4,1,5,0.8
MbJH,1,1,2,0.5
MbJL,1,1,2,0.5
MbJM,2,5,7,0.29
MbJN,5,3,8,0.62
MbJP,4,7,11,0.36
MbJS,4,0,4,1.0
MbJb,7,3,10,0.7
MbJl,1,2,3,0.33
MbJm,1,3,4,0.25
MbJn,4,4,8,0.5
MbJs,2,1,3,0.67
MbKH,0,1,1,0.0
MbKL,2,0,2,1.0
MbKM,1,2,3,0.33
MbKN,0,1,1,0.0
MbKP,1,1,2,0.5
MbKS,2,1,3,0.67
MbKb,0,2,2,0.0
MbKh,2,2,4,0.5
MbKl,1,1,2,0.5
MbKm,1,1,2,0.5
MbKn,2,1,3,0.67
MbKs,2,0,2,1.0
MbKt,1,0,1,1.0
MbLB,4,4,8,0.5
MbLD,1,0,1,1.0
MbLH,1,0,1,1.0
MbLL,2,0,2,1.0
MbLM,3,5,8,0.38
MbLN,5,6,11,0.45
MbLP,7,5,12,0.58
MbLS,0,3,3,0.0
MbLb,2,6,8,0.25
MbLh,1,2,3,0.33
MbLj,0,1,1,0.0
MbLl,2,6,8,0.25
MbLm,5,5,10,0.5
MbLn,3,2,5,0.6
MbLs,3,4,7,0.43
MbLt,1,2,3,0.33
MbMB,7,14,21,0.33
MbMD,1,0,1,1.0
MbML,4,2,6,0.67
MbMM,8,10,18,0.44
MbMN,13,17,30,0.43
MbMP,15,21,36,0.42
MbMS,9,7,16,0.56
MbMb,13,11,24,0.54
MbMh,11,15,26,0.42
MbMj,4,3,7,0.57
MbMl,8,2,10,0.8
MbMm,10,16,26,0.38
MbMn,24,26,50,0.48
MbMs,10,12,22,0.45
MbMt,0,1,1,0.0
MbNB,17,8,25,0.68
MbND,1,2,3,0.33
MbNH,7,5,12,0.58
MbNK,2,1,3,0.67
MbNL,4,10,14,0.29
MbNM,24,21,45,0.53
MbNN,24,23,47,0.51
MbNP,32,22,54,0.59
MbNS,14,7,21,0.67
MbNb,25,15,40,0.62
MbNh,6,13,19,0.32
MbNl,8,4,12,0.67
MbNm,12,10,22,0.55
MbNn,27,25,52,0.52
MbNs,13,14,27,0.48
MbNt,5,1,6,0.83
MbPB,11,11,22,0.5
MbPD,1,0,1,1.0
MbPH,4,5,9,0.44
MbPI,1,0,1,1.0
MbPK,4,1,5,0.8
MbPL,6,13,19,0.32
MbPM,22,14,36,0.61
MbPN,21,17,38,0.55
MbPP,25,31,56,0.45
MbPS,9,11,20,0.45
MbPb,21,13,34,0.62
MbPh,2,4,6,0.33
MbPl,6,13,19,0.32
MbPm,11,12,23,0.48
MbPn,20,21,41,0.49
MbPs,15,8,23,0.65
MbPt,3,2,5,0.6
MbSB,4,6,10,0.4
MbSH,3,6,9,0.33
MbSL,7,2,9,0.78
MbSM,7,8,15,0.47
MbSN,7,11,18,0.39
MbSP,7,11,18,0.39
MbSS,7,5,12,0.58
MbSb,5,9,14,0.36
MbSh,2,6,8,0.25
MbSl,2,2,4,0.5
MbSm,7,8,15,0.47
MbSn,8,9,17,0.47
MbSs,9,6,15,0.6
MbSt,0,1,1,0.0
MbbB,10,13,23,0.43
MbbD,0,1,1,0.0
MbbH,2,5,7,0.29
MbbI,1,1,2,0.5
MbbJ,5,4,9,0.56
MbbK,3,1,4,0.75
MbbL,4,4,8,0.5
MbbM,18,19,37,0.49
MbbN,21,17,38,0.55
MbbP,18,18,36,0.5
MbbS,3,6,9,0.33
Mbbb,20,16,36,0.56
Mbbl,8,7,15,0.53
Mbbm,8,5,13,0.62
Mbbn,18,21,39,0.46
Mbbs,9,4,13,0.69
MblB,5,5,10,0.5
MblD,0,0,0,
MblH,3,3,6,0.5
MblJ,2,2,4,0.5
MblK,1,0,1,1.0
MblL,1,3,4,0.25
MblM,7,10,17,0.41
MblN,9,4,13,0.69
MblP,11,8,19,0.58
MblS,4,3,7,0.57
Mblb,4,12,16,0.25
Mbll,1,0,1,1.0
Mblm,6,5,11,0.55
Mbln,6,1,7,0.86
Mbls,1,2,3,0.33
MbmB,6,7,13,0.46
MbmD,0,1,1,0.0
MbmH,16,8,24,0.67
MbmI,1,1,2,0.5
MbmJ,3,3,6,0.5
MbmL,4,6,10,0.4
MbmM,11,17,28,0.39
MbmN,21,15,36,0.58
MbmP,15,13,28,0.54
MbmS,5,9,14,0.36
Mbmb,13,6,19,0.68
Mbml,3,5,8,0.38
Mbmm,7,2,9,0.78
Mbmn,10,12,22,0.45
Mbms,5,6,11,0.45
MbnB,9,9,18,0.5
MbnD,3,1,4,0.75
MbnH,12,9,21,0.57
MbnI,2,0,2,1.0
MbnK,1,1,2,0.5
MbnL,5,6,11,0.45
MbnM,17,9,26,0.65
MbnN,28,28,56,0.5
MbnP,25,28,53,0.47
MbnS,18,7,25,0.72
Mbnb,13,20,33,0.39
Mbnh,1,3,4,0.25
Mbnl,8,2,10,0.8
Mbnm,15,10,25,0.6
Mbnn,12,26,38,0.32
Mbns,5,9,14,0.36
MbsB,4,3,7,0.57
MbsD,0,1,1,0.0
MbsH,12,9,21,0.57
MbsI,1,0,1,1.0
MbsK,0,1,1,0.0
MbsL,2,5,7,0.29
MbsM,9,6,15,0.6
MbsN,7,7,14,0.5
MbsP,10,13,23,0.43
MbsS,7,7,14,0.5
Mbsb,3,9,12,0.25
Mbsh,1,0,1,1.0
Mbsl,3,1,4,0.75
Mbsm,6,2,8,0.75
Mbsn,8,7,15,0.53
Mbss,6,4,10,0.6
MhBB,10,9,19,0.53
MhBD,0,1,1,0.0
MhBL,2,2,4,0.5
MhBM,9,8,17,0.53
MhBN,11,8,19,0.58
MhBP,9,7,16,0.56
MhBS,1,2,3,0.33
MhBb,9,4,13,0.69
MhBh,0,0,0,
MhBj,3,5,8,0.38
MhBl,5,5,10,0.5
MhBm,4,5,9,0.44
MhBn,14,13,27,0.52
MhBs,5,4,9,0.56
MhBt,3,0,3,1.0
MhDB,0,2,2,0.0
MhDH,1,0,1,1.0
MhDL,0,0,0,
MhDN,0,1,1,0.0
MhDP,0,1,1,0.0
MhDb,1,1,2,0.5
MhDl,1,0,1,1.0
MhDm,0,0,0,
MhDn,0,2,2,0.0
MhDs,3,0,3,1.0
MhHB,3,4,7,0.43
MhHD,0,0,0,
MhHL,1,0,1,1.0
MhHM,3,2,5,0.6
MhHN,2,1,3,0.67
MhHP,1,3,4,0.25
MhHS,1,2,3,0.33
MhHl,1,1,2,0.5
MhHm,2,2,4,0.5
MhHn,3,1,4,0.75
MhHs,2,1,3,0.67
MhIH,1,3,4,0.25
MhIN,1,0,1,1.0
MhIP,1,0,1,1.0
MhIS,0,0,0,
MhIl,0,1,1,0.0
MhIn,1,0,1,1.0
MhKM,1,0,1,1.0
MhKN,0,1,1,0.0
MhKh,0,0,0,
MhKl,1,0,1,1.0
MhKn,0,1,1,0.0
MhLB,4,3,7,0.57
MhLK,1,1,2,0.5
MhLL,1,2,3,0.33
MhLM,5,1,6,0.83
MhLN,3,2,5,0.6
MhLP,7,5,12,0.58
MhLb,3,2,5,0.6
MhLh,4,3,7,0.57
MhLj,2,0,2,1.0
MhLl,1,2,3,0.33
MhLm,2,4,6,0.33
MhLn,8,1,9,0.89
MhLs,1,2,3,0.33
MhLt,1,1,2,0.5
MhMB,8,9,17,0.47
MhML,5,3,8,0.62
MhMM,12,16,28,0.43
MhMN,13,13,26,0.5
MhMP,15,9,24,0.62
MhMS,4,4,8,0.5
MhMb,6,12,18,0.33
MhMh,11,8,19,0.58
MhMj,2,2,4,0.5
MhMl,3,4,7,0.43
MhMm,11,8,19,0.58
MhMn,13,16,29,0.45
MhMs,8,9,17,0.47
MhMt,2,1,3,0.67
MhNB,10,12,22,0.45
MhNH,1,1,2,0.5
MhNK,2,3,5,0.4
MhNL,5,3,8,0.62
MhNM,8,9,17,0.47
MhNN,14,10,24,0.58
MhNP,21,13,34,0.62
MhNS,6,5,11,0.55
MhNb,11,9,20,0.55
MhNh,5,5,10,0.5
MhNl,5,4,9,0.56
MhNm,10,11,21,0.48
MhNn,19,14,33,0.58
MhNs,7,6,13,0.54
MhNt,3,0,3,1.0
MhPB,5,9,14,0.36
MhPH,3,4,7,0.43
MhPI,0,1,1,0.0
MhPK,0,3,3,0.0
MhPL,6,2,8,0.75
MhPM,13,12,25,0.52
MhPN,17,17,34,0.5
MhPP,15,30,45,0.33
MhPS,13,10,23,0.57
MhPb,12,14,26,0.46
MhPh,3,3,6,0.5
MhPl,8,9,17,0.47
MhPm,9,11,20,0.45
MhPn,15,21,36,0.42
MhPs,6,10,16,0.38
MhPt,4,3,7,0.57
MhSB,5,3,8,0.62
MhSD,1,0,1,1.0
MhSH,2,1,3,0.67
MhSK,1,1,2,0.5
MhSL,2,3,5,0.4
MhSM,5,11,16,0.31
MhSN,7,7,14,0.5
MhSP,9,12,21,0.43
MhSS,10,9,19,0.53
MhSb,1,3,4,0.25
MhSh,5,6,11,0.45
MhSl,7,3,10,0.7
MhSm,10,3,13,0.77
MhSn,10,9,19,0.53
MhSs,3,4,7,0.43
MhSt,2,3,5,0.4
MhbB,9,4,13,0.69
MhbD,1,2,3,0.33
MhbH,3,3,6,0.5
MhbI,1,0,1,1.0
MhbJ,1,3,4,0.25
MhbK,2,0,2,1.0
MhbL,3,4,7,0.43
MhbM,15,5,20,0.75
MhbN,20,12,32,0.62
MhbP,7,14,21,0.33
MhbS,5,7,12,0.42
Mhbb,12,13,25,0.48
Mhbl,5,5,10,0.5
Mhbm,11,7,18,0.61
Mhbn,18,7,25,0.72
Mhbs,2,7,9,0.22
MhhB,4,4,8,0.5
MhhH,4,0,4,1.0
MhhL,1,2,3,0.33
MhhM,3,11,14,0.21
MhhN,6,3,9,0.67
MhhP,6,11,17,0.35
MhhS,9,7,16,0.56
Mhhb,4,5,9,0.44
Mhhh,3,8,11,0.27
Mhhl,5,4,9,0.56
Mhhm,8,6,14,0.57
Mhhn,6,7,13,0.46
Mhhs,7,5,12,0.58
Mhht,0,3,3,0.0
MhlB,5,1,6,0.83
MhlH,3,6,9,0.33
MhlJ,3,0,3,1.0
MhlL,1,3,4,0.25
MhlM,7,4,11,0.64
MhlN,3,5,8,0.38
MhlP,11,8,19,0.58
MhlS,3,3,6,0.5
Mhlb,2,9,11,0.18
Mhll,3,1,4,0.75
Mhlm,5,1,6,0.83
Mhln,2,4,6,0.33
Mhls,4,2,6,0.67
MhmB,6,6,12,0.5
MhmD,2,2,4,0.5
MhmH,2,11,13,0.15
MhmI,1,3,4,0.25
MhmJ,3,3,6,0.5
MhmL,3,5,8,0.38
MhmM,9,13,22,0.41
MhmN,11,10,21,0.52
MhmP,9,7,16,0.56
MhmS,7,8,15,0.47
Mhmb,11,6,17,0.65
Mhml,2,2,4,0.5
Mhmm,9,6,15,0.6
Mhmn,15,6,21,0.71
Mhms,4,9,13,0.31
MhnB,10,6,16,0.62
MhnD,1,1,2,0.5
MhnH,6,9,15,0.4
MhnI,2,1,3,0.67
MhnK,0,2,2,0.0
MhnL,5,7,12,0.42
MhnM,12,6,18,0.67
MhnN,17,24,41,0.41
MhnP,29,17,46,0.63
MhnS,9,10,19,0.47
Mhnb,11,9,20,0.55
Mhnh,0,1,1,0.0
Mhnl,6,3,9,0.67
Mhnm,8,6,14,0.57
Mhnn,15,16,31,0.48
Mhns,7,7,14,0.5
MhsB,3,4,7,0.43
MhsD,0,0,0,
MhsH,9,9,18,0.5
MhsK,0,1,1,0.0
MhsL,3,5,8,0.38
MhsM,7,5,12,0.58
MhsN,4,11,15,0.27
MhsP,9,7,16,0.56
MhsS,9,6,15,0.6
Mhsb,7,6,13,0.54
Mhsl,5,2,7,0.71
Mhsm,10,9,19,0.53
Mhsn,10,11,21,0.48
Mhss,6,6,12,0.5
Mhst,1,0,1,1.0
MhtB,1,0,1,1.0
MhtL,0,1,1,0.0
MhtM,2,0,2,1.0
MhtN,2,2,4,0.5
MhtP,2,3,5,0.4
MhtS,1,0,1,1.0
Mhtb,0,1,1,0.0
Mhtl,2,2,4,0.5
Mhts,1,0,1,1.0
MjBB,2,2,4,0.5
MjBL,1,3,4,0.25
MjBM,1,4,5,0.2
MjBN,6,3,9,0.67
MjBP,4,3,7,0.57
MjBS,1,4,5,0.2
MjBb,4,2,6,0.67
MjBh,0,1,1,0.0
MjBj,1,1,2,0.5
MjBl,5,0,5,1.0
MjBm,1,4,5,0.2
MjBn,2,2,4,0.5
MjDN,2,0,2,1.0
MjDP,0,1,1,0.0
MjDm,1,1,2,0.5
MjDs,0,1,1,0.0
MjHB,1,3,4,0.25
MjHM,1,1,2,0.5
MjHN,0,1,1,0.0
MjHP,3,2,5,0.6
MjHS,1,2,3,0.33
MjHb,1,1,2,0.5
MjHh,1,0,1,1.0
MjHl,1,0,1,1.0
MjHm,1,2,3,0.33
MjHn,2,2,4,0.5
MjHs,3,1,4,0.75
MjIb,1,0,1,1.0
MjIm,0,1,1,0.0
MjIn,0,0,0,
MjKB,1,0,1,1.0
MjKL,0,2,2,0.0
MjKM,0,1,1,0.0
MjKP,0,1,1,0.0
MjKl,2,0,2,1.0
MjKn,1,1,2,0.5
MjKs,0,0,0,
MjLB,0,4,4,0.0
MjLM,0,1,1,0.0
MjLN,1,1,2,0.5
MjLP,1,2,3,0.33
MjLS,3,1,4,0.75
MjLj,0,0,0,
MjLl,1,2,3,0.33
MjLm,3,0,3,1.0
MjLn,4,1,5,0.8
MjLs,0,1,1,0.0
MjMB,5,6,11,0.45
MjML,3,2,5,0.6
MjMM,3,4,7,0.43
MjMN,7,4,11,0.64
MjMP,5,7,12,0.42
MjMS,1,2,3,0.33
MjMb,2,5,7,0.29
MjMh,1,1,2,0.5
MjMj,4,0,4,1.0
MjMl,2,0,2,1.0
MjMm,1,4,5,0.2
MjMn,6,10,16,0.38
MjMs,2,0,2,1.0
MjMt,1,0,1,1.0
MjNB,3,4,7,0.43
MjNL,2,4,6,0.33
MjNM,4,3,7,0.57
MjNN,5,9,14,0.36
MjNP,6,8,14,0.43
MjNS,5,3,8,0.62
MjNb,2,3,5,0.4
MjNh,3,4,7,0.43
MjNl,1,2,3,0.33
MjNm,4,6,10,0.4
MjNn,5,3,8,0.62
MjNs,0,3,3,0.0
MjNt,0,0,0,
MjPB,8,2,10,0.8
MjPD,0,1,1,0.0
MjPH,2,1,3,0.67
MjPI,1,0,1,1.0
MjPK,2,0,2,1.0
MjPL,2,5,7,0.29
MjPM,5,5,10,0.5
MjPN,9,2,11,0.82
MjPP,7,5,12,0.58
MjPS,2,3,5,0.4
MjPb,5,3,8,0.62
MjPh,2,0,2,1.0
MjPl,4,1,5,0.8
MjPm,8,8,16,0.5
MjPn,6,9,15,0.4
MjPs,1,1,2,0.5
MjPt,0,3,3,0.0
MjSB,1,2,3,0.33
MjSK,0,1,1,0.0
MjSL,1,0,1,1.0
MjSM,1,1,2,0.5
MjSN,2,2,4,0.5
MjSP,3,4,7,0.43
MjSS,2,3,5,0.4
MjSb,2,3,5,0.4
MjSh,2,1,3,0.67
MjSl,3,1,4,0.75
MjSm,2,2,4,0.5
MjSn,5,1,6,0.83
MjSs,0,2,2,0.0
MjSt,0,1,1,0.0
MjbB,2,3,5,0.4
MjbH,1,0,1,1.0
MjbI,0,0,0,
MjbJ,0,3,3,0.0
MjbK,0,0,0,
MjbL,2,0,2,1.0
MjbM,3,2,5,0.6
MjbN,10,5,15,0.67
MjbP,8,10,18,0.44
MjbS,0,1,1,0.0
Mjbb,2,3,5,0.4
Mjbl,4,3,7,0.57
Mjbm,2,4,6,0.33
Mjbn,2,3,5,0.4
Mjbs,1,1,2,0.5
MjhL,1,0,1,1.0
MjhM,0,1,1,0.0
MjhN,1,1,2,0.5
MjhP,1,0,1,1.0
MjhS,1,0,1,1.0
Mjhb,0,1,1,0.0
Mjhh,0,1,1,0.0
Mjhm,0,0,0,
Mjhn,0,1,1,0.0
MjlB,0,2,2,0.0
MjlD,0,0,0,
MjlH,2,2,4,0.5
MjlL,1,2,3,0.33
MjlM,4,3,7,0.57
MjlN,0,1,1,0.0
MjlP,5,2,7,0.71
MjlS,1,1,2,0.5
Mjlb,2,1,3,0.67
Mjll,3,1,4,0.75
Mjlm,2,1,3,0.67
Mjln,3,1,4,0.75
Mjls,1,2,3,0.33
MjmB,2,2,4,0.5
MjmH,3,3,6,0.5
MjmJ,1,0,1,1.0
MjmL,1,0,1,1.0
MjmM,1,2,3,0.33
MjmN,3,7,10,0.3
MjmP,3,2,5,0.6
MjmS,1,1,2,0.5
Mjmb,2,4,6,0.33
Mjml,2,2,4,0.5
Mjmm,2,1,3,0.67
Mjmn,2,4,6,0.33
Mjms,1,0,1,1.0
MjnB,4,1,5,0.8
MjnH,2,2,4,0.5
MjnL,4,3,7,0.57
MjnM,0,7,7,0.0
MjnN,4,5,9,0.44
MjnP,8,9,17,0.47
MjnS,4,3,7,0.57
Mjnb,4,6,10,0.4
Mjnl,2,1,3,0.67
Mjnm,3,2,5,0.6
Mjnn,4,5,9,0.44
Mjns,1,3,4,0.25
MjsB,2,1,3,0.67
MjsH,5,2,7,0.71
MjsI,2,0,2,1.0
MjsL,0,2,2,0.0
MjsM,3,3,6,0.5
MjsN,4,2,6,0.67
MjsP,4,1,5,0.8
MjsS,1,0,1,1.0
Mjsb,2,0,2,1.0
Mjsl,4,0,4,1.0
Mjsm,1,1,2,0.5
Mjsn,0,1,1,0.0
Mjss,1,2,3,0.33
MjtB,0,1,1,0.0
MjtH,1,0,1,1.0
MjtK,0,0,0,
MjtL,0,1,1,0.0
MjtN,2,1,3,0.67
MjtS,1,1,2,0.5
Mjtb,1,0,1,1.0
Mjtl,0,1,1,0.0
Mjtn,2,1,3,0.67
Mjts,1,1,2,0.5
MlBB,0,3,3,0.0
MlBK,0,1,1,0.0
MlBL,1,1,2,0.5
MlBM,2,6,8,0.25
MlBN,3,1,4,0.75
MlBP,7,8,15,0.47
MlBS,1,5,6,0.17
MlBb,3,6,9,0.33
MlBj,0,2,2,0.0
MlBl,2,6,8,0.25
MlBm,4,7,11,0.36
MlBn,5,9,14,0.36
MlBs,0,5,5,0.0
MlBt,1,1,2,0.5
MlDB,0,1,1,0.0
MlDH,1,0,1,1.0
MlDL,0,1,1,0.0
MlDM,0,1,1,0.0
MlDP,1,1,2,0.5
MlDb,0,1,1,0.0
MlDl,1,0,1,1.0
MlDn,1,0,1,1.0
MlHB,3,5,8,0.38
MlHH,2,0,2,1.0
MlHL,2,2,4,0.5
MlHM,4,4,8,0.5
MlHN,8,5,13,0.62
MlHP,6,8,14,0.43
MlHS,4,6,10,0.4
MlHb,4,5,9,0.44
MlHh,1,1,2,0.5
MlHl,1,1,2,0.5
MlHm,2,3,5,0.4
MlHn,5,6,11,0.45
MlHs,6,3,9,0.67
MlIB,0,1,1,0.0
MlIM,0,2,2,0.0
MlIN,0,1,1,0.0
MlIb,1,0,1,1.0
MlIm,0,1,1,0.0
MlIn,1,0,1,1.0
MlJB,2,2,4,0.5
MlJH,1,1,2,0.5
MlJI,0,0,0,
MlJL,0,1,1,0.0
MlJM,1,2,3,0.33
MlJN,4,1,5,0.8
MlJP,3,3,6,0.5
MlJS,1,2,3,0.33
MlJb,3,2,5,0.6
MlJh,1,0,1,1.0
MlJm,1,1,2,0.5
MlJn,1,2,3,0.33
MlKM,0,1,1,0.0
MlKN,1,1,2,0.5
MlKh,1,0,1,1.0
MlKm,1,0,1,1.0
MlKn,0,1,1,0.0
MlKs,1,0,1,1.0
MlLB,0,1,1,0.0
MlLD,1,0,1,1.0
MlLL,2,1,3,0.67
MlLM,2,1,3,0.67
MlLN,1,0,1,1.0
MlLP,2,1,3,0.67
MlLS,6,0,6,1.0
MlLb,2,1,3,0.67
MlLh,1,0,1,1.0
MlLj,2,1,3,0.67
MlLl,2,5,7,0.29
MlLm,0,2,2,0.0
MlLn,5,5,10,0.5
MlLs,2,2,4,0.5
MlMB,6,2,8,0.75
MlMD,0,0,0,
MlML,2,2,4,0.5
MlMM,10,5,15,0.67
MlMN,5,6,11,0.45
MlMP,9,12,21,0.43
MlMS,4,3,7,0.57
MlMb,3,10,13,0.23
MlMh,5,2,7,0.71
MlMj,2,0,2,1.0
MlMl,3,1,4,0.75
MlMm,4,4,8,0.5
MlMn,15,8,23,0.65
MlMs,5,2,7,0.71
MlMt,1,3,4,0.25
MlNB,8,7,15,0.53
MlNH,0,2,2,0.0
MlNK,1,0,1,1.0
MlNL,4,3,7,0.57
MlNM,2,9,11,0.18
MlNN,11,6,17,0.65
MlNP,7,10,17,0.41
MlNS,6,11,17,0.35
MlNb,8,9,17,0.47
MlNh,4,4,8,0.5
MlNl,4,4,8,0.5
MlNm,5,5,10,0.5
MlNn,10,12,22,0.45
MlNs,6,8,14,0.43
MlNt,2,4,6,0.33
MlPB,4,6,10,0.4
MlPD,1,0,1,1.0
MlPH,5,3,8,0.62
MlPI,1,0,1,1.0
MlPK,1,0,1,1.0
MlPL,5,3,8,0.62
MlPM,5,5,10,0.5
MlPN,9,8,17,0.53
MlPP,11,9,20,0.55
MlPS,6,6,12,0.5
MlPb,9,8,17,0.53
MlPh,1,2,3,0.33
MlPl,2,3,5,0.4
MlPm,7,5,12,0.58
MlPn,4,13,17,0.24
MlPs,3,4,7,0.43
MlPt,1,0,1,1.0
MlSB,1,2,3,0.33
MlSH,1,1,2,0.5
MlSL,3,3,6,0.5
MlSM,2,4,6,0.33
MlSN,4,1,5,0.8
MlSP,4,7,11,0.36
MlSS,2,3,5,0.4
MlSb,1,1,2,0.5
MlSh,3,2,5,0.6
MlSl,5,3,8,0.62
MlSm,4,1,5,0.8
MlSn,10,5,15,0.67
MlSs,4,6,10,0.4
MlSt,1,0,1,1.0
MlbB,4,4,8,0.5
MlbD,0,1,1,0.0
MlbH,3,4,7,0.43
MlbI,2,0,2,1.0
MlbJ,0,4,4,0.0
MlbK,0,0,0,
MlbL,1,0,1,1.0
MlbM,3,9,12,0.25
MlbN,9,7,16,0.56
MlbP,4,7,11,0.36
MlbS,5,4,9,0.56
Mlbb,6,5,11,0.55
Mlbl,2,5,7,0.29
Mlbm,6,8,14,0.43
Mlbn,13,3,16,0.81
Mlbs,1,2,3,0.33
MllB,4,0,4,1.0
MllH,2,3,5,0.4
MllJ,1,2,3,0.33
MllL,1,2,3,0.33
MllM,4,5,9,0.44
MllN,1,3,4,0.25
MllP,6,5,11,0.55
MllS,0,2,2,0.0
Mllb,4,4,8,0.5
Mlll,0,1,1,0.0
Mllm,1,2,3,0.33
Mlln,3,1,4,0.75
Mlls,2,0,2,1.0
MlmB,4,1,5,0.8
MlmH,3,1,4,0.75
MlmI,1,0,1,1.0
MlmJ,1,0,1,1.0
MlmL,0,0,0,
MlmM,5,2,7,0.71
MlmN,6,10,16,0.38
MlmP,3,10,13,0.23
MlmS,0,3,3,0.0
Mlmb,5,3,8,0.62
Mlml,1,2,3,0.33
Mlmm,6,1,7,0.86
Mlmn,9,2,11,0.82
Mlms,7,2,9,0.78
MlnB,4,10,14,0.29
MlnD,1,0,1,1.0
MlnH,5,5,10,0.5
MlnI,1,0,1,1.0
MlnL,6,3,9,0.67
MlnM,9,12,21,0.43
MlnN,9,4,13,0.69
MlnP,12,8,20,0.6
MlnS,6,3,9,0.67
Mlnb,5,8,13,0.38
Mlnl,3,0,3,1.0
Mlnm,4,9,13,0.31
Mlnn,8,7,15,0.53
Mlns,4,1,5,0.8
MlsB,2,1,3,0.67
MlsH,3,4,7,0.43
MlsL,1,1,2,0.5
MlsM,3,3,6,0.5
MlsN,2,6,8,0.25
MlsP,5,5,10,0.5
MlsS,3,4,7,0.43
Mlsb,3,4,7,0.43
Mlsh,0,1,1,0.0
Mlsl,0,1,1,0.0
Mlsm,6,4,10,0.6
Mlsn,4,1,5,0.8
Mlss,0,2,2,0.0
MmBB,4,3,7,0.57
MmBD,0,1,1,0.0
MmBH,0,1,1,0.0
MmBK,0,1,1,0.0
MmBL,3,0,3,1.0
MmBM,7,4,11,0.64
MmBN,6,11,17,0.35
MmBP,11,13,24,0.46
MmBS,6,1,7,0.86
MmBb,10,11,21,0.48
MmBh,0,1,1,0.0
MmBj,4,1,5,0.8
MmBl,2,5,7,0.29
MmBm,5,11,16,0.31
MmBn,13,7,20,0.65
MmBs,6,5,11,0.55
MmBt,2,2,4,0.5
MmDB,0,3,3,0.0
MmDH,0,0,0,
MmDN,4,1,5,0.8
MmDP,1,7,8,0.12
MmDS,0,2,2,0.0
MmDb,1,2,3,0.33
MmDl,0,1,1,0.0
MmDm,0,1,1,0.0
MmDn,2,2,4,0.5
MmDs,1,0,1,1.0
MmDt,0,1,1,0.0
MmHB,4,6,10,0.4
MmHD,1,2,3,0.33
MmHH,2,2,4,0.5
MmHI,1,0,1,1.0
MmHK,1,2,3,0.33
MmHL,2,2,4,0.5
MmHM,10,13,23,0.43
MmHN,13,13,26,0.5
MmHP,12,16,28,0.43
MmHS,8,10,18,0.44
MmHb,11,13,24,0.46
MmHh,9,2,11,0.82
MmHl,2,5,7,0.29
MmHm,6,8,14,0.43
MmHn,12,11,23,0.52
MmHs,5,2,7,0.71
MmHt,1,1,2,0.5
MmIH,0,1,1,0.0
MmIL,1,0,1,1.0
MmIM,1,2,3,0.33
MmIN,1,0,1,1.0
MmIP,1,2,3,0.33
MmIS,1,0,1,1.0
MmIb,1,1,2,0.5
MmIl,1,0,1,1.0
MmIm,0,1,1,0.0
MmIs,1,1,2,0.5
MmIt,0,1,1,0.0
MmJB,1,2,3,0.33
MmJH,0,3,3,0.0
MmJK,1,0,1,1.0
MmJL,1,1,2,0.5
MmJM,2,1,3,0.67
MmJN,1,5,6,0.17
MmJP,4,0,4,1.0
MmJS,2,1,3,0.67
MmJb,0,2,2,0.0
MmJm,2,3,5,0.4
MmJn,3,3,6,0.5
MmJs,1,0,1,1.0
MmJt,1,0,1,1.0
MmKM,1,0,1,1.0
MmKN,1,0,1,1.0
MmKP,1,0,1,1.0
MmKs,0,1,1,0.0
MmLB,3,4,7,0.43
MmLH,0,1,1,0.0
MmLL,1,0,1,1.0
MmLM,1,2,3,0.33
MmLN,1,5,6,0.17
MmLP,4,2,6,0.67
MmLS,2,2,4,0.5
MmLb,5,3,8,0.62
MmLh,3,5,8,0.38
MmLj,2,0,2,1.0
MmLl,2,1,3,0.67
MmLm,4,1,5,0.8
MmLn,6,7,13,0.46
MmLs,3,1,4,0.75
MmMB,6,7,13,0.46
MmMI,1,0,1,1.0
MmMK,1,0,1,1.0
MmML,1,2,3,0.33
MmMM,11,6,17,0.65
MmMN,8,13,21,0.38
MmMP,18,11,29,0.62
MmMS,3,7,10,0.3
MmMb,10,13,23,0.43
MmMh,3,5,8,0.38
MmMj,1,4,5,0.2
MmMl,4,3,7,0.57
MmMm,9,6,15,0.6
MmMn,30,15,45,0.67
MmMs,5,13,18,0.28
MmMt,4,2,6,0.67
MmNB,9,8,17,0.53
MmND,1,0,1,1.0
MmNH,1,4,5,0.2
MmNK,2,1,3,0.67
MmNL,2,6,8,0.25
MmNM,13,12,25,0.52
MmNN,20,15,35,0.57
MmNP,26,23,49,0.53
MmNS,12,8,20,0.6
MmNb,12,10,22,0.55
MmNh,3,2,5,0.6
MmNl,5,6,11,0.45
MmNm,7,9,16,0.44
MmNn,18,21,39,0.46
MmNs,5,7,12,0.42
MmNt,4,6,10,0.4
MmPB,5,12,17,0.29
MmPD,2,1,3,0.67
MmPH,5,7,12,0.42
MmPI,1,2,3,0.33
MmPL,2,4,6,0.33
MmPM,17,23,40,0.42
MmPN,12,23,35,0.34
MmPP,26,22,48,0.54
MmPS,9,9,18,0.5
MmPb,16,13,29,0.55
MmPh,1,3,4,0.25
MmPl,8,7,15,0.53
MmPm,11,19,30,0.37
MmPn,25,14,39,0.64
MmPs,8,7,15,0.53
MmPt,1,2,3,0.33
MmSB,4,3,7,0.57
MmSD,1,1,2,0.5
MmSH,2,1,3,0.67
MmSL,1,2,3,0.33
MmSM,7,5,12,0.58
MmSN,7,8,15,0.47
MmSP,11,5,16,0.69
MmSS,5,6,11,0.45
MmSb,6,4,10,0.6
MmSh,9,5,14,0.64
MmSl,1,6,7,0.14
MmSm,7,4,11,0.64
MmSn,9,12,21,0.43
MmSs,4,12,16,0.25
MmSt,1,1,2,0.5
MmbB,7,10,17,0.41
MmbD,2,1,3,0.67
MmbH,4,3,7,0.57
MmbI,1,1,2,0.5
MmbJ,4,1,5,0.8
MmbK,0,2,2,0.0
MmbL,2,2,4,0.5
MmbM,8,9,17,0.47
MmbN,17,14,31,0.55
MmbP,31,15,46,0.67
MmbS,4,10,14,0.29
Mmbb,6,10,16,0.38
Mmbl,6,1,7,0.86
Mmbm,9,2,11,0.82
Mmbn,4,12,16,0.25
Mmbs,6,5,11,0.55
MmlB,2,3,5,0.4
MmlH,4,1,5,0.8
MmlL,0,2,2,0.0
MmlM,2,3,5,0.4
MmlN,3,5,8,0.38
MmlP,4,5,9,0.44
MmlS,3,2,5,0.6
Mmlb,2,3,5,0.4
Mmll,2,3,5,0.4
Mmlm,2,0,2,1.0
Mmln,4,1,5,0.8
Mmls,3,1,4,0.75
MmmB,6,3,9,0.67
MmmH,5,4,9,0.56
MmmI,1,1,2,0.5
MmmJ,3,1,4,0.75
MmmL,0,1,1,0.0
MmmM,7,6,13,0.54
MmmN,14,9,23,0.61
MmmP,8,8,16,0.5
MmmS,4,5,9,0.44
Mmmb,10,9,19,0.53
Mmml,3,4,7,0.43
Mmmm,7,11,18,0.39
Mmmn,10,12,22,0.45
Mmms,2,1,3,0.67
MmnB,8,7,15,0.53
MmnD,2,1,3,0.67
MmnH,15,11,26,0.58
MmnI,4,0,4,1.0
MmnK,2,0,2,1.0
MmnL,7,3,10,0.7
MmnM,10,12,22,0.45
MmnN,14,25,39,0.36
MmnP,27,26,53,0.51
MmnS,14,10,24,0.58
Mmnb,12,10,22,0.55
Mmnl,3,3,6,0.5
Mmnm,11,11,22,0.5
Mmnn,19,17,36,0.53
Mmns,11,5,16,0.69
MmsB,1,3,4,0.25
MmsH,10,3,13,0.77
MmsI,1,0,1,1.0
MmsL,2,2,4,0.5
MmsM,3,5,8,0.38
MmsN,5,11,16,0.31
MmsP,4,8,12,0.33
MmsS,2,3,5,0.4
Mmsb,5,4,9,0.56
Mmsl,2,4,6,0.33
Mmsm,6,6,12,0.5
Mmsn,4,5,9,0.44
Mmss,4,8,12,0.33
MnBB,17,9,26,0.65
MnBD,1,1,2,0.5
MnBH,1,0,1,1.0
MnBK,1,0,1,1.0
MnBL,6,1,7,0.86
MnBM,8,12,20,0.4
MnBN,16,16,32,0.5
MnBP,16,15,31,0.52
MnBS,8,8,16,0.5
MnBb,14,15,29,0.48
MnBh,0,1,1,0.0
MnBj,5,1,6,0.83
MnBl,7,7,14,0.5
MnBm,13,10,23,0.57
MnBn,19,22,41,0.46
MnBs,5,6,11,0.45
MnBt,2,3,5,0.4
MnDB,1,0,1,1.0
MnDH,2,1,3,0.67
MnDL,0,0,0,
MnDM,1,2,3,0.33
MnDN,1,1,2,0.5
MnDP,0,3,3,0.0
MnDS,1,0,1,1.0
MnDb,0,0,0,
MnDh,1,0,1,1.0
MnDl,1,1,2,0.5
MnDn,2,3,5,0.4
MnDs,0,1,1,0.0
MnDt,0,1,1,0.0
MnHB,1,4,5,0.2
MnHD,1,2,3,0.33
MnHH,0,3,3,0.0
MnHI,0,2,2,0.0
MnHK,3,0,3,1.0
MnHL,3,3,6,0.5
MnHM,16,16,32,0.5
MnHN,15,18,33,0.45
MnHP,18,17,35,0.51
MnHS,12,6,18,0.67
MnHb,11,10,21,0.52
MnHh,3,3,6,0.5
MnHl,4,7,11,0.36
MnHm,12,6,18,0.67
MnHn,13,14,27,0.48
MnHs,6,10,16,0.38
MnHt,0,2,2,0.0
MnIB,2,1,3,0.67
MnIH,0,3,3,0.0
MnIL,0,1,1,0.0
MnIM,2,1,3,0.67
MnIN,2,3,5,0.4
MnIP,6,2,8,0.75
MnIS,1,1,2,0.5
MnIb,1,3,4,0.25
MnIl,2,1,3,0.67
MnIm,0,3,3,0.0
MnIn,0,4,4,0.0
MnIs,2,1,3,0.67
MnKB,0,1,1,0.0
MnKM,2,1,3,0.67
MnKP,4,1,5,0.8
MnKS,2,3,5,0.4
MnKb,3,1,4,0.75
MnKh,0,1,1,0.0
MnKl,0,2,2,0.0
MnKm,5,3,8,0.62
MnKn,5,1,6,0.83
MnKs,0,1,1,0.0
MnKt,0,1,1,0.0
MnLB,5,7,12,0.42
MnLD,0,3,3,0.0
MnLK,1,1,2,0.5
MnLL,1,1,2,0.5
MnLM,5,7,12,0.42
MnLN,2,5,7,0.29
MnLP,9,8,17,0.53
MnLS,3,4,7,0.43
MnLb,4,6,10,0.4
MnLh,5,1,6,0.83
MnLj,1,1,2,0.5
MnLl,1,5,6,0.17
MnLm,7,3,10,0.7
MnLn,3,9,12,0.25
MnLs,1,4,5,0.2
MnLt,0,2,2,0.0
MnMB,15,12,27,0.56
MnMD,3,2,5,0.6
MnML,5,11,16,0.31
MnMM,19,25,44,0.43
MnMN,21,26,47,0.45
MnMP,27,28,55,0.49
MnMS,15,13,28,0.54
MnMb,10,17,27,0.37
MnMh,16,19,35,0.46
MnMj,10,5,15,0.67
MnMl,3,10,13,0.23
MnMm,13,17,30,0.43
MnMn,38,28,66,0.58
MnMs,9,6,15,0.6
MnMt,5,2,7,0.71
MnNB,19,24,43,0.44
MnND,3,0,3,1.0
MnNH,4,6,10,0.4
MnNK,0,4,4,0.0
MnNL,10,10,20,0.5
MnNM,21,27,48,0.44
MnNN,45,33,78,0.58
MnNP,48,43,91,0.53
MnNS,15,20,35,0.43
MnNb,23,30,53,0.43
MnNh,15,17,32,0.47
MnNl,10,12,22,0.45
MnNm,26,21,47,0.55
MnNn,36,39,75,0.48
MnNs,14,22,36,0.39
MnNt,6,7,13,0.46
MnPB,21,27,48,0.44
MnPD,0,1,1,0.0
MnPH,13,8,21,0.62
MnPI,4,1,5,0.8
MnPK,3,2,5,0.6
MnPL,12,11,23,0.52
MnPM,21,35,56,0.38
MnPN,45,34,79,0.57
MnPP,43,50,93,0.46
MnPS,11,22,33,0.33
MnPb,29,28,57,0.51
MnPh,5,4,9,0.56
MnPl,17,11,28,0.61
MnPm,23,19,42,0.55
MnPn,38,43,81,0.47
MnPs,23,17,40,0.57
MnPt,4,0,4,1.0
MnSB,9,12,21,0.43
MnSD,1,4,5,0.2
MnSH,6,7,13,0.46
MnSI,1,0,1,1.0
MnSK,2,0,2,1.0
MnSL,4,3,7,0.57
MnSM,11,17,28,0.39
MnSN,15,7,22,0.68
MnSP,17,20,37,0.46
MnSS,10,10,20,0.5
MnSb,17,9,26,0.65
MnSh,8,12,20,0.4
MnSl,1,3,4,0.25
MnSm,15,12,27,0.56
MnSn,14,17,31,0.45
MnSs,12,10,22,0.55
MnSt,3,4,7,0.43
MnbB,8,13,21,0.38
MnbD,0,0,0,
MnbH,12,8,20,0.6
MnbI,1,2,3,0.33
MnbJ,2,7,9,0.22
MnbK,2,1,3,0.67
MnbL,6,3,9,0.67
MnbM,13,20,33,0.39
MnbN,31,28,59,0.53
MnbP,23,22,45,0.51
MnbS,14,9,23,0.61
Mnbb,10,13,23,0.43
Mnbl,4,14,18,0.22
Mnbm,17,11,28,0.61
Mnbn,24,19,43,0.56
Mnbs,9,5,14,0.64
MnhB,0,1,1,0.0
MnhD,1,0,1,1.0
MnhH,1,0,1,1.0
MnhL,0,1,1,0.0
MnhM,0,1,1,0.0
MnhN,1,0,1,1.0
MnhP,1,1,2,0.5
Mnhb,1,1,2,0.5
Mnhh,1,1,2,0.5
Mnhl,1,0,1,1.0
Mnhn,1,0,1,1.0
Mnhs,1,1,2,0.5
MnlB,4,3,7,0.57
MnlD,0,0,0,
MnlH,8,14,22,0.36
MnlI,0,1,1,0.0
MnlJ,0,0,0,
MnlL,0,4,4,0.0
MnlM,6,11,17,0.35
MnlN,11,12,23,0.48
MnlP,12,10,22,0.55
MnlS,4,8,12,0.33
Mnlb,4,11,15,0.27
Mnll,6,1,7,0.86
Mnlm,4,5,9,0.44
Mnln,12,3,15,0.8
Mnls,2,1,3,0.67
MnmB,16,11,27,0.59
MnmD,5,3,8,0.62
MnmH,14,13,27,0.52
MnmI,3,2,5,0.6
MnmJ,2,6,8,0.25
MnmK,1,0,1,1.0
MnmL,5,4,9,0.56
MnmM,17,17,34,0.5
MnmN,21,24,45,0.47
MnmP,18,24,42,0.43
MnmS,13,11,24,0.54
Mnmb,17,8,25,0.68
Mnml,5,6,11,0.45
Mnmm,12,14,26,0.46
Mnmn,17,21,38,0.45
Mnms,5,6,11,0.45
MnnB,13,7,20,0.65
MnnD,5,6,11,0.45
MnnH,10,18,28,0.36
MnnI,4,2,6,0.67
MnnK,4,1,5,0.8
MnnL,6,6,12,0.5
MnnM,29,17,46,0.63
MnnN,21,30,51,0.41
MnnP,42,34,76,0.55
MnnS,29,21,50,0.58
Mnnb,21,25,46,0.46
Mnnl,6,15,21,0.29
Mnnm,15,17,32,0.47
Mnnn,37,32,69,0.54
Mnns,11,10,21,0.52
MnsB,2,11,13,0.15
MnsD,3,2,5,0.6
MnsH,10,6,16,0.62
MnsI,1,2,3,0.33
MnsL,2,6,8,0.25
MnsM,15,13,28,0.54
MnsN,20,12,32,0.62
MnsP,14,16,30,0.47
MnsS,7,13,20,0.35
Mnsb,13,11,24,0.54
Mnsl,5,4,9,0.56
Mnsm,10,9,19,0.53
Mnsn,11,14,25,0.44
Mnss,9,9,18,0.5
MsBB,1,4,5,0.2
MsBD,1,0,1,1.0
MsBH,0,1,1,0.0
MsBK,2,0,2,1.0
MsBL,1,3,4,0.25
MsBM,4,7,11,0.36
MsBN,6,8,14,0.43
MsBP,3,3,6,0.5
MsBS,1,2,3,0.33
MsBb,4,5,9,0.44
MsBj,3,0,3,1.0
MsBl,1,0,1,1.0
MsBm,3,1,4,0.75
MsBn,4,4,8,0.5
MsBs,2,1,3,0.67
MsBt,0,2,2,0.0
MsDH,1,3,4,0.25
MsDN,0,2,2,0.0
MsDP,2,1,3,0.67
MsDS,1,0,1,1.0
MsDm,0,1,1,0.0
MsDn,0,1,1,0.0
MsDs,0,1,1,0.0
MsHB,3,4,7,0.43
MsHH,0,1,1,0.0
MsHI,1,2,3,0.33
MsHK,0,1,1,0.0
MsHL,3,2,5,0.6
MsHM,4,11,15,0.27
MsHN,6,5,11,0.55
MsHP,10,8,18,0.56
MsHS,5,5,10,0.5
MsHb,10,5,15,0.67
MsHh,5,3,8,0.62
MsHl,5,3,8,0.62
MsHm,7,5,12,0.58
MsHn,6,10,16,0.38
MsHs,6,10,16,0.38
MsID,1,0,1,1.0
MsIH,1,1,2,0.5
MsIL,0,1,1,0.0
MsIM,1,0,1,1.0
MsIP,1,0,1,1.0
MsIS,0,2,2,0.0
MsIb,1,0,1,1.0
MsIn,2,1,3,0.67
MsIs,1,2,3,0.33
MsKB,0,1,1,0.0
MsLB,3,1,4,0.75
MsLD,1,0,1,1.0
MsLM,0,1,1,0.0
MsLN,4,0,4,1.0
MsLP,5,3,8,0.62
MsLS,1,3,4,0.25
MsLb,2,0,2,1.0
MsLh,2,1,3,0.67
MsLj,1,2,3,0.33
MsLl,1,1,2,0.5
MsLm,2,2,4,0.5
MsLn,1,3,4,0.25
MsLs,3,0,3,1.0
MsMB,1,7,8,0.12
MsMD,1,0,1,1.0
MsML,1,2,3,0.33
MsMM,6,7,13,0.46
MsMN,4,5,9,0.44
MsMP,7,3,10,0.7
MsMS,4,7,11,0.36
MsMb,5,5,10,0.5
MsMh,10,2,12,0.83
MsMj,1,2,3,0.33
MsMl,3,3,6,0.5
MsMm,3,3,6,0.5
MsMn,12,13,25,0.48
MsMs,5,3,8,0.62
MsMt,2,3,5,0.4
MsNB,5,6,11,0.45
MsNH,1,0,1,1.0
MsNK,0,0,0,
MsNL,3,1,4,0.75
MsNM,11,13,24,0.46
MsNN,11,12,23,0.48
MsNP,12,11,23,0.52
MsNS,8,6,14,0.57
MsNb,6,9,15,0.4
MsNh,1,3,4,0.25
MsNl,2,3,5,0.4
MsNm,8,7,15,0.53
MsNn,11,11,22,0.5
MsNs,1,2,3,0.33
MsNt,0,1,1,0.0
MsPB,8,9,17,0.47
MsPD,1,0,1,1.0
MsPH,2,4,6,0.33
MsPI,0,2,2,0.0
MsPK,0,1,1,0.0
MsPL,3,2,5,0.6
MsPM,16,9,25,0.64
MsPN,4,15,19,0.21
MsPP,27,22,49,0.55
MsPS,5,9,14,0.36
MsPb,8,9,17,0.47
MsPh,1,4,5,0.2
MsPl,3,8,11,0.27
MsPm,14,5,19,0.74
MsPn,9,19,28,0.32
MsPs,8,12,20,0.4
MsSB,3,5,8,0.38
MsSD,1,0,1,1.0
MsSH,1,2,3,0.33
MsSL,3,2,5,0.6
MsSM,9,10,19,0.47
MsSN,6,12,18,0.33
MsSP,8,8,16,0.5
MsSS,5,10,15,0.33
MsSb,5,5,10,0.5
MsSh,4,7,11,0.36
MsSl,4,5,9,0.44
MsSm,7,7,14,0.5
MsSn,10,8,18,0.56
MsSs,7,8,15,0.47
MsSt,3,1,4,0.75
MsbB,6,4,10,0.6
MsbD,0,1,1,0.0
MsbH,6,2,8,0.75
MsbI,1,1,2,0.5
MsbJ,0,2,2,0.0
MsbK,0,4,4,0.0
MsbL,3,2,5,0.6
MsbM,6,8,14,0.43
MsbN,7,7,14,0.5
MsbP,8,3,11,0.73
MsbS,2,3,5,0.4
Msbb,5,4,9,0.56
Msbl,2,3,5,0.4
Msbm,10,4,14,0.71
Msbn,7,10,17,0.41
Msbs,2,4,6,0.33
MshH,0,1,1,0.0
MshS,1,0,1,1.0
MslB,3,1,4,0.75
MslD,0,1,1,0.0
MslH,1,2,3,0.33
MslI,0,1,1,0.0
MslJ,3,0,3,1.0
MslK,1,2,3,0.33
MslL,0,1,1,0.0
MslM,3,4,7,0.43
MslN,8,3,11,0.73
MslP,4,7,11,0.36
MslS,7,2,9,0.78
Mslb,2,3,5,0.4
Msll,1,1,2,0.5
Mslm,1,4,5,0.2
Msln,4,4,8,0.5
Msls,5,3,8,0.62
MsmB,4,0,4,1.0
MsmD,2,2,4,0.5
MsmH,7,1,8,0.88
MsmI,0,1,1,0.0
MsmJ,2,1,3,0.67
MsmL,0,4,4,0.0
MsmM,3,6,9,0.33
MsmN,7,10,17,0.41
MsmP,5,4,9,0.56
MsmS,6,4,10,0.6
Msmb,6,6,12,0.5
Msml,2,0,2,1.0
Msmm,6,5,11,0.55
Msmn,12,7,19,0.63
Msms,2,2,4,0.5
MsnB,4,8,12,0.33
MsnD,1,2,3,0.33
MsnH,7,3,10,0.7
MsnI,0,0,0,
MsnK,1,1,2,0.5
MsnL,2,0,2,1.0
MsnM,5,7,12,0.42
MsnN,12,10,22,0.55
MsnP,10,9,19,0.53
MsnS,3,3,6,0.5
Msnb,1,4,5,0.2
Msnl,4,5,9,0.44
Msnm,7,3,10,0.7
Msnn,11,10,21,0.52
Msns,8,5,13,0.62
MssB,6,6,12,0.5
MssD,0,1,1,0.0
MssH,4,7,11,0.36
MssI,2,0,2,1.0
MssL,4,2,6,0.67
MssM,5,6,11,0.45
MssN,3,5,8,0.38
MssP,7,7,14,0.5
MssS,3,4,7,0.43
Mssb,3,4,7,0.43
Mssh,0,1,1,0.0
Mssl,1,2,3,0.33
Mssm,8,5,13,0.62
Mssn,3,3,6,0.5
Msss,3,5,8,0.38
MstN,0,1,1,0.0
Mstn,1,0,1,1.0
MtBB,1,1,2,0.5
MtBK,0,0,0,
MtBL,3,0,3,1.0
MtBM,3,1,4,0.75
MtBN,0,1,1,0.0
MtBP,3,0,3,1.0
MtBS,1,0,1,1.0
MtBb,1,0,1,1.0
MtBj,1,0,1,1.0
MtBl,2,0,2,1.0
MtBm,1,1,2,0.5
MtBn,1,1,2,0.5
MtBt,2,0,2,1.0
MtDB,0,0,0,
MtDM,1,0,1,1.0
MtDN,0,1,1,0.0
MtHB,2,2,4,0.5
MtHH,1,0,1,1.0
MtHM,2,1,3,0.67
MtHN,1,1,2,0.5
MtHP,0,3,3,0.0
MtHb,0,1,1,0.0
MtHl,1,2,3,0.33
MtHm,3,1,4,0.75
MtHn,5,5,10,0.5
MtHs,0,1,1,0.0
MtIM,0,1,1,0.0
MtKB,1,0,1,1.0
MtKH,0,1,1,0.0
MtKM,0,2,2,0.0
MtKS,0,1,1,0.0
MtKb,0,1,1,0.0
MtKn,0,0,0,
MtLB,0,1,1,0.0
MtLM,2,0,2,1.0
MtLN,0,3,3,0.0
MtLP,0,2,2,0.0
MtLS,1,0,1,1.0
MtLj,1,1,2,0.5
MtLm,1,1,2,0.5
MtLn,1,0,1,1.0
MtLs,0,1,1,0.0
MtMB,2,3,5,0.4
MtML,1,0,1,1.0
MtMM,1,2,3,0.33
MtMN,3,4,7,0.43
MtMP,2,8,10,0.2
MtMS,1,2,3,0.33
MtMb,3,3,6,0.5
MtMh,2,2,4,0.5
MtMj,0,0,0,
MtMm,1,4,5,0.2
MtMn,8,3,11,0.73
MtMs,2,1,3,0.67
MtMt,1,0,1,1.0
MtNB,0,2,2,0.0
MtNL,0,0,0,
MtNM,3,6,9,0.33
MtNN,2,0,2,1.0
MtNP,6,1,7,0.86
MtNS,3,1,4,0.75
MtNb,2,2,4,0.5
MtNh,2,3,5,0.4
MtNl,3,1,4,0.75
MtNm,1,1,2,0.5
MtNn,5,4,9,0.56
MtNs,1,1,2,0.5
MtNt,2,2,4,0.5
MtPB,4,4,8,0.5
MtPH,1,0,1,1.0
MtPI,1,0,1,1.0
MtPL,2,1,3,0.67
MtPM,3,9,12,0.25
MtPN,6,4,10,0.6
MtPP,3,7,10,0.3
MtPS,4,2,6,0.67
MtPb,5,10,15,0.33
MtPl,6,1,7,0.86
MtPm,3,5,8,0.38
MtPn,7,7,14,0.5
MtPs,2,2,4,0.5
MtPt,1,0,1,1.0
MtSB,0,1,1,0.0
MtSH,4,1,5,0.8
MtSL,1,1,2,0.5
MtSM,4,1,5,0.8
MtSN,0,3,3,0.0
MtSP,0,2,2,0.0
MtSS,4,1,5,0.8
MtSb,3,1,4,0.75
MtSh,1,1,2,0.5
MtSl,2,0,2,1.0
MtSm,1,1,2,0.5
MtSn,4,3,7,0.57
MtSs,1,2,3,0.33
MtbB,3,0,3,1.0
MtbH,1,1,2,0.5
MtbJ,1,1,2,0.5
MtbK,1,0,1,1.0
MtbL,3,2,5,0.6
MtbM,4,6,10,0.4
MtbN,2,6,8,0.25
MtbP,0,2,2,0.0
MtbS,1,0,1,1.0
Mtbb,0,6,6,0.0
Mtbl,1,1,2,0.5
Mtbm,1,1,2,0.5
Mtbn,5,4,9,0.56
Mtbs,1,3,4,0.25
MtlB,0,1,1,0.0
MtlH,2,0,2,1.0
MtlK,0,0,0,
MtlM,0,1,1,0.0
MtlN,0,1,1,0.0
MtlS,0,1,1,0.0
Mtlb,1,2,3,0.33
Mtll,2,1,3,0.67
Mtlm,1,1,2,0.5
Mtln,1,1,2,0.5
Mtls,0,0,0,
MtmB,2,0,2,1.0
MtmD,0,1,1,0.0
MtmH,3,2,5,0.6
MtmL,2,1,3,0.67
MtmM,1,2,3,0.33
MtmN,5,2,7,0.71
MtmP,2,5,7,0.29
MtmS,0,3,3,0.0
Mtmb,1,0,1,1.0
Mtml,2,0,2,1.0
Mtmm,2,1,3,0.67
Mtmn,2,2,4,0.5
Mtms,0,1,1,0.0
MtnB,5,0,5,1.0
MtnD,0,0,0,
MtnH,3,1,4,0.75
MtnI,1,0,1,1.0
MtnK,1,0,1,1.0
MtnL,0,2,2,0.0
MtnM,3,2,5,0.6
MtnN,2,6,8,0.25
MtnP,6,9,15,0.4
MtnS,2,2,4,0.5
Mtnb,5,4,9,0.56
Mtnh,1,1,2,0.5
Mtnl,0,1,1,0.0
Mtnm,0,3,3,0.0
Mtnn,4,4,8,0.5
Mtns,0,1,1,0.0
MtsB,0,1,1,0.0
MtsH,2,0,2,1.0
MtsL,0,1,1,0.0
MtsM,0,2,2,0.0
MtsN,1,2,3,0.33
MtsP,3,1,4,0.75
MtsS,1,1,2,0.5
Mtsb,0,1,1,0.0
Mtsl,1,0,1,1.0
Mtsm,1,3,4,0.25
Mtss,1,2,3,0.33
MttB,1,0,1,1.0
MttH,0,0,0,
MttM,1,2,3,0.33
MttN,0,1,1,0.0
MttP,0,1,1,0.0
MttS,1,0,1,1.0
Mttb,1,2,3,0.33
Mttl,0,1,1,0.0
Mttm,1,0,1,1.0
Mttn,0,2,2,0.0
Mtts,0,1,1,0.0
NBBB,9,6,15,0.6
NBBD,0,2,2,0.0
NBBH,0,1,1,0.0
NBBK,0,1,1,0.0
NBBL,3,3,6,0.5
NBBM,8,5,13,0.62
NBBN,10,12,22,0.45
NBBP,16,13,29,0.55
NBBS,3,2,5,0.6
NBBb,6,10,16,0.38
NBBj,4,10,14,0.29
NBBl,5,6,11,0.45
NBBm,8,5,13,0.62
NBBn,12,13,25,0.48
NBBs,3,4,7,0.43
NBBt,0,3,3,0.0
NBDB,0,0,0,
NBDM,1,1,2,0.5
NBDP,0,0,0,
NBDS,2,0,2,1.0
NBDm,1,0,1,1.0
NBDs,1,0,1,1.0
NBHL,0,0,0,
NBHM,1,0,1,1.0
NBHN,0,1,1,0.0
NBHP,0,1,1,0.0
NBKB,0,1,1,0.0
NBKL,0,1,1,0.0
NBKM,0,0,0,
NBKP,2,2,4,0.5
NBKS,1,0,1,1.0
NBKb,2,0,2,1.0
NBKh,0,1,1,0.0
NBKm,2,0,2,1.0
NBLB,4,3,7,0.57
NBLD,0,1,1,0.0
NBLK,1,1,2,0.5
NBLL,1,3,4,0.25
NBLM,1,2,3,0.33
NBLN,4,3,7,0.57
NBLP,6,6,12,0.5
NBLS,1,2,3,0.33
NBLb,0,7,7,0.0
NBLh,2,3,5,0.4
NBLj,1,2,3,0.33
NBLl,2,3,5,0.4
NBLm,2,2,4,0.5
NBLn,3,9,12,0.25
NBLs,1,1,2,0.5
NBLt,0,2,2,0.0
NBMB,9,10,19,0.47
NBML,1,6,7,0.14
NBMM,6,14,20,0.3
NBMN,12,7,19,0.63
NBMP,13,11,24,0.54
NBMS,1,11,12,0.08
NBMb,13,13,26,0.5
NBMh,8,6,14,0.57
NBMj,1,3,4,0.25
NBMl,6,3,9,0.67
NBMm,10,11,21,0.48
NBMn,12,11,23,0.52
NBMs,6,5,11,0.55
NBMt,1,1,2,0.5
NBNB,7,12,19,0.37
NBND,1,2,3,0.33
NBNH,4,2,6,0.67
NBNK,0,2,2,0.0
NBNL,1,2,3,0.33
NBNM,18,15,33,0.55
NBNN,18,14,32,0.56
NBNP,16,18,34,0.47
NBNS,5,5,10,0.5
NBNb,18,12,30,0.6
NBNh,6,5,11,0.55
NBNl,0,3,3,0.0
NBNm,11,10,21,0.52
NBNn,16,20,36,0.44
NBNs,9,10,19,0.47
NBNt,3,5,8,0.38
NBPB,9,11,20,0.45
NBPD,1,1,2,0.5
NBPH,6,6,12,0.5
NBPI,2,1,3,0.67
NBPK,1,1,2,0.5
NBPL,6,3,9,0.67
NBPM,17,21,38,0.45
NBPN,21,16,37,0.57
NBPP,29,20,49,0.59
NBPS,8,1,9,0.89
NBPb,16,19,35,0.46
NBPh,1,1,2,0.5
NBPl,7,8,15,0.47
NBPm,11,11,22,0.5
NBPn,14,21,35,0.4
NBPs,7,8,15,0.47
NBPt,2,2,4,0.5
NBSB,5,5,10,0.5
NBSH,3,1,4,0.75
NBSL,1,2,3,0.33
NBSM,5,7,12,0.42
NBSN,7,3,10,0.7
NBSP,9,9,18,0.5
NBSS,3,5,8,0.38
NBSb,6,4,10,0.6
NBSh,3,3,6,0.5
NBSl,3,6,9,0.33
NBSm,7,0,7,1.0
NBSn,5,8,13,0.38
NBSs,6,3,9,0.67
NBSt,0,1,1,0.0
NBbB,4,4,8,0.5
NBbD,3,1,4,0.75
NBbH,4,1,5,0.8
NBbI,1,3,4,0.25
NBbJ,5,4,9,0.56
NBbK,2,1,3,0.67
NBbL,4,2,6,0.67
NBbM,11,17,28,0.39
NBbN,11,18,29,0.38
NBbP,12,12,24,0.5
NBbS,3,6,9,0.33
NBbb,5,11,16,0.31
NBbl,7,3,10,0.7
NBbm,14,5,19,0.74
NBbn,16,9,25,0.64
NBbs,5,6,11,0.45
NBhB,0,2,2,0.0
NBhH,0,1,1,0.0
NBhL,2,2,4,0.5
NBhM,1,2,3,0.33
NBhN,0,4,4,0.0
NBhP,1,1,2,0.5
NBhS,2,0,2,1.0
NBhb,1,1,2,0.5
NBhh,3,1,4,0.75
NBhl,1,0,1,1.0
NBhm,4,1,5,0.8
NBhn,2,0,2,1.0
NBhs,0,1,1,0.0
NBjB,4,5,9,0.44
NBjD,0,3,3,0.0
NBjH,0,0,0,
NBjI,1,0,1,1.0
NBjK,1,0,1,1.0
NBjL,2,0,2,1.0
NBjM,2,3,5,0.4
NBjN,3,3,6,0.5
NBjP,3,10,13,0.23
NBjS,1,1,2,0.5
NBjb,5,1,6,0.83
NBjh,0,2,2,0.0
NBjl,1,3,4,0.25
NBjm,4,1,5,0.8
NBjn,5,4,9,0.56
NBjs,2,1,3,0.67
NBjt,0,1,1,0.0
NBlB,4,5,9,0.44
NBlH,1,6,7,0.14
NBlJ,1,2,3,0.33
NBlL,0,0,0,
NBlM,2,6,8,0.25
NBlN,8,5,13,0.62
NBlP,9,6,15,0.6
NBlS,2,0,2,1.0
NBlb,6,2,8,0.75
NBll,5,5,10,0.5
NBlm,7,3,10,0.7
NBln,5,11,16,0.31
NBls,4,3,7,0.57
NBmB,8,5,13,0.62
NBmH,3,5,8,0.38
NBmI,0,2,2,0.0
NBmJ,0,4,4,0.0
NBmL,5,1,6,0.83
NBmM,6,5,11,0.55
NBmN,8,11,19,0.42
NBmP,11,10,21,0.52
NBmS,4,2,6,0.67
NBmb,7,10,17,0.41
NBml,0,4,4,0.0
NBmm,9,10,19,0.47
NBmn,6,10,16,0.38
NBms,1,5,6,0.17
NBnB,16,10,26,0.62
NBnD,1,1,2,0.5
NBnH,5,10,15,0.33
NBnI,5,2,7,0.71
NBnK,1,2,3,0.33
NBnL,5,4,9,0.56
NBnM,10,23,33,0.3
NBnN,22,20,42,0.52
NBnP,28,22,50,0.56
NBnS,12,9,21,0.57
NBnb,21,21,42,0.5
NBnh,2,1,3,0.67
NBnl,8,9,17,0.47
NBnm,13,11,24,0.54
NBnn,22,28,50,0.44
NBns,3,3,6,0.5
NBsB,6,0,6,1.0
NBsD,1,1,2,0.5
NBsH,6,3,9,0.67
NBsI,0,1,1,0.0
NBsL,1,4,5,0.2
NBsM,4,6,10,0.4
NBsN,7,7,14,0.5
NBsP,7,6,13,0.54
NBsS,3,6,9,0.33
NBsb,6,2,8,0.75
NBsl,6,1,7,0.86
NBsm,7,2,9,0.78
NBsn,4,11,15,0.27
NBss,1,3,4,0.25
NBtB,2,4,6,0.33
NBtH,2,1,3,0.67
NBtM,3,1,4,0.75
NBtN,3,2,5,0.6
NBtP,6,2,8,0.75
NBtS,3,5,8,0.38
NBtb,2,3,5,0.4
NBtl,0,2,2,0.0
NBtm,1,3,4,0.25
NBtn,4,2,6,0.67
NBts,2,2,4,0.5
NBtt,1,0,1,1.0
NDBB,2,1,3,0.67
NDBM,2,0,2,1.0
NDBN,1,2,3,0.33
NDBS,1,0,1,1.0
NDBb,0,2,2,0.0
NDBj,1,0,1,1.0
NDBm,2,0,2,1.0
NDBs,1,0,1,1.0
NDBt,2,1,3,0.67
NDDn,1,0,1,1.0
NDHB,2,0,2,1.0
NDHH,0,2,2,0.0
NDHL,1,0,1,1.0
NDHM,0,1,1,0.0
NDHN,0,1,1,0.0
NDHP,6,2,8,0.75
NDHS,0,1,1,0.0
NDHb,1,0,1,1.0
NDHh,1,0,1,1.0
NDHl,1,1,2,0.5
NDHm,1,2,3,0.33
NDHn,0,2,2,0.0
NDHs,2,1,3,0.67
NDIB,0,1,1,0.0
NDIS,0,1,1,0.0
NDIm,0,1,1,0.0
NDKM,1,1,2,0.5
NDKN,0,1,1,0.0
NDLB,1,0,1,1.0
NDLP,1,0,1,1.0
NDLS,1,1,2,0.5
NDLb,0,1,1,0.0
NDLh,1,0,1,1.0
NDLn,1,0,1,1.0
NDMB,1,3,4,0.25
NDMD,1,0,1,1.0
NDML,1,0,1,1.0
NDMM,2,0,2,1.0
NDMP,1,2,3,0.33
NDMS,1,1,2,0.5
NDMb,0,1,1,0.0
NDMl,0,1,1,0.0
NDMm,0,3,3,0.0
NDMn,1,3,4,0.25
NDMs,1,1,2,0.5
NDNB,2,0,2,1.0
NDNM,2,0,2,1.0
NDNN,0,1,1,0.0
NDNP,2,1,3,0.67
NDNS,1,0,1,1.0
NDNb,1,1,2,0.5
NDNh,0,1,1,0.0
NDNl,0,1,1,0.0
NDNm,0,1,1,0.0
NDNn,0,1,1,0.0
NDNs,0,1,1,0.0
NDPB,1,2,3,0.33
NDPL,2,0,2,1.0
NDPM,0,3,3,0.0
NDPN,3,3,6,0.5
NDPP,1,1,2,0.5
NDPS,0,4,4,0.0
NDPb,0,1,1,0.0
NDPl,1,3,4,0.25
NDPm,1,1,2,0.5
NDPn,3,2,5,0.6
NDPs,0,2,2,0.0
NDSB,0,1,1,0.0
NDSL,1,1,2,0.5
NDSM,2,2,4,0.5
NDSN,2,1,3,0.67
NDSP,0,1,1,0.0
NDSS,1,0,1,1.0
NDSb,0,2,2,0.0
NDSh,0,1,1,0.0
NDSm,2,1,3,0.67
NDSn,1,1,2,0.5
NDSs,1,0,1,1.0
NDSt,1,0,1,1.0
NDbD,0,1,1,0.0
NDbL,0,1,1,0.0
NDbM,1,2,3,0.33
NDbN,0,2,2,0.0
NDbP,2,1,3,0.67
NDbS,0,2,2,0.0
NDbb,1,1,2,0.5
NDbn,1,3,4,0.25
NDlB,1,0,1,1.0
NDlH,1,1,2,0.5
NDlM,1,1,2,0.5
NDlN,0,0,0,
NDlP,1,1,2,0.5
NDlb,1,0,1,1.0
NDln,1,1,2,0.5
NDls,0,1,1,0.0
NDmH,2,1,3,0.67
NDmL,0,1,1,0.0
NDmN,2,1,3,0.67
NDmP,0,0,0,
NDmS,0,1,1,0.0
NDmb,3,0,3,1.0
NDmm,2,0,2,1.0
NDmn,0,0,0,
NDms,1,0,1,1.0
NDnB,0,1,1,0.0
NDnH,1,0,1,1.0
NDnL,0,1,1,0.0
NDnM,1,1,2,0.5
NDnN,3,3,6,0.5
NDnP,1,3,4,0.25
NDnb,3,0,3,1.0
NDnl,1,1,2,0.5
NDnm,1,0,1,1.0
NDnn,2,4,6,0.33
NDns,1,0,1,1.0
NDsH,2,1,3,0.67
NDsI,0,1,1,0.0
NDsN,4,0,4,1.0
NDsP,1,3,4,0.25
NDsS,1,2,3,0.33
NDsn,0,1,1,0.0
NDss,1,0,1,1.0
NDtP,1,0,1,1.0
NHBB,1,1,2,0.5
NHBL,1,0,1,1.0
NHBM,1,5,6,0.17
NHBN,3,3,6,0.5
NHBP,0,4,4,0.0
NHBS,0,1,1,0.0
NHBb,0,1,1,0.0
NHBh,1,0,1,1.0
NHBl,1,2,3,0.33
NHBm,1,3,4,0.25
NHBn,2,4,6,0.33
NHBs,0,1,1,0.0
NHHB,1,0,1,1.0
NHHD,0,1,1,0.0
NHHM,2,0,2,1.0
NHHP,1,1,2,0.5
NHHm,0,1,1,0.0
NHHn,2,2,4,0.5
NHHs,4,0,4,1.0
NHIB,1,0,1,1.0
NHID,0,1,1,0.0
NHIH,1,0,1,1.0
NHIM,2,0,2,1.0
NHIN,0,0,0,
NHIP,1,1,2,0.5
NHIm,1,0,1,1.0
NHIs,0,0,0,
NHKM,0,1,1,0.0
NHKN,1,0,1,1.0
NHKS,0,1,1,0.0
NHKb,0,1,1,0.0
NHKs,1,0,1,1.0
NHLB,1,0,1,1.0
NHLL,0,1,1,0.0
NHLM,4,2,6,0.67
NHLN,2,1,3,0.67
NHLP,1,1,2,0.5
NHLS,1,1,2,0.5
NHLb,2,0,2,1.0
NHLh,0,0,0,
NHLj,0,1,1,0.0
NHLl,1,0,1,1.0
NHLn,1,2,3,0.33
NHLs,1,0,1,1.0
NHMB,1,2,3,0.33
NHML,1,0,1,1.0
NHMM,1,1,2,0.5
NHMN,7,5,12,0.58
NHMP,4,2,6,0.67
NHMS,1,1,2,0.5
NHMb,1,2,3,0.33
NHMh,1,2,3,0.33
NHMj,1,0,1,1.0
NHMl,0,1,1,0.0
NHMm,3,1,4,0.75
NHMn,5,3,8,0.62
NHMs,1,2,3,0.33
NHMt,0,1,1,0.0
NHNB,1,2,3,0.33
NHNH,0,0,0,
NHNL,0,3,3,0.0
NHNM,4,3,7,0.57
NHNN,4,3,7,0.57
NHNP,3,3,6,0.5
NHNS,1,1,2,0.5
NHNb,2,10,12,0.17
NHNh,0,1,1,0.0
NHNl,2,2,4,0.5
NHNm,3,2,5,0.6
NHNn,2,4,6,0.33
NHNs,1,7,8,0.12
NHPB,2,0,2,1.0
NHPD,0,1,1,0.0
NHPH,1,0,1,1.0
NHPK,2,0,2,1.0
NHPL,3,2,5,0.6
NHPM,5,5,10,0.5
NHPN,2,5,7,0.29
NHPP,3,7,10,0.3
NHPS,1,2,3,0.33
NHPb,3,5,8,0.38
NHPl,4,2,6,0.67
NHPm,2,4,6,0.33
NHPn,3,1,4,0.75
NHPs,1,0,1,1.0
NHSB,0,0,0,
NHSH,1,0,1,1.0
NHSM,2,2,4,0.5
NHSN,1,1,2,0.5
NHSP,0,2,2,0.0
NHSS,5,0,5,1.0
NHSb,2,2,4,0.5
NHSh,1,1,2,0.5
NHSl,0,0,0,
NHSm,1,1,2,0.5
NHSn,2,0,2,1.0
NHSs,2,1,3,0.67
NHbB,2,0,2,1.0
NHbD,0,2,2,0.0
NHbH,1,0,1,1.0
NHbI,0,1,1,0.0
NHbJ,0,2,2,0.0
NHbK,1,0,1,1.0
NHbL,0,1,1,0.0
NHbM,1,6,7,0.14
NHbN,2,2,4,0.5
NHbP,6,5,11,0.55
NHbb,1,2,3,0.33
NHbl,1,1,2,0.5
NHbm,3,2,5,0.6
NHbn,4,1,5,0.8
NHbs,2,2,4,0.5
NHhL,1,0,1,1.0
NHhM,0,0,0,
NHhN,0,0,0,
NHhP,1,0,1,1.0
NHhS,1,0,1,1.0
NHhl,1,0,1,1.0
NHhm,0,0,0,
NHhs,1,1,2,0.5
NHlB,2,0,2,1.0
NHlD,0,0,0,
NHlJ,1,0,1,1.0
NHlM,1,2,3,0.33
NHlN,0,0,0,
NHlP,4,1,5,0.8
NHlS,2,0,2,1.0
NHlb,1,0,1,1.0
NHll,1,1,2,0.5
NHln,0,2,2,0.0
NHls,0,2,2,0.0
NHmB,2,2,4,0.5
NHmH,1,0,1,1.0
NHmL,2,2,4,0.5
NHmM,1,3,4,0.25
NHmN,1,2,3,0.33
NHmP,0,3,3,0.0
NHmS,0,2,2,0.0
NHmb,2,1,3,0.67
NHml,1,0,1,1.0
NHmm,2,1,3,0.67
NHmn,1,5,6,0.17
NHms,3,3,6,0.5
NHnB,1,0,1,1.0
NHnD,0,0,0,
NHnH,0,1,1,0.0
NHnK,0,1,1,0.0
NHnL,1,1,2,0.5
NHnM,7,3,10,0.7
NHnN,4,5,9,0.44
NHnP,4,4,8,0.5
NHnS,0,2,2,0.0
NHnb,2,1,3,0.67
NHnl,2,0,2,1.0
NHnm,3,1,4,0.75
NHnn,5,3,8,0.62
NHns,1,3,4,0.25
NHsB,2,0,2,1.0
NHsD,0,1,1,0.0
NHsH,1,2,3,0.33
NHsM,2,3,5,0.4
NHsN,3,4,7,0.43
NHsP,3,4,7,0.43
NHsS,0,3,3,0.0
NHsb,1,2,3,0.33
NHsm,0,1,1,0.0
NHsn,2,1,3,0.67
NHss,1,2,3,0.33
NHtB,1,0,1,1.0
NHtM,0,0,0,
NHts,0,0,0,
NIDP,0,1,1,0.0
NIMN,1,0,1,1.0
NIPN,0,1,1,0.0
NIPb,1,0,1,1.0
NISN,0,1,1,0.0
NImn,1,0,1,1.0
NIsP,1,0,1,1.0
NKBL,1,0,1,1.0
NKBM,1,1,2,0.5
NKBN,1,3,4,0.25
NKBP,1,1,2,0.5
NKBb,1,1,2,0.5
NKBn,1,2,3,0.33
NKDH,0,1,1,0.0
NKHS,0,1,1,0.0
NKHb,0,0,0,
NKIH,1,0,1,1.0
NKIP,1,1,2,0.5
NKLB,1,1,2,0.5
NKLL,1,0,1,1.0
NKLM,0,1,1,0.0
NKLP,1,0,1,1.0
NKLh,1,0,1,1.0
NKLn,0,2,2,0.0
NKLs,1,1,2,0.5
NKMB,2,0,2,1.0
NKML,1,0,1,1.0
NKMM,0,3,3,0.0
NKMN,1,0,1,1.0
NKMP,2,2,4,0.5
NKMS,2,0,2,1.0
NKMb,2,3,5,0.4
NKMh,0,1,1,0.0
NKMj,1,0,1,1.0
NKMl,0,1,1,0.0
NKMm,1,0,1,1.0
NKMn,0,3,3,0.0
NKMs,1,1,2,0.5
NKNB,0,1,1,0.0
NKNL,0,1,1,0.0
NKNM,2,0,2,1.0
NKNN,2,1,3,0.67
NKNP,2,2,4,0.5
NKNb,0,0,0,
NKNh,0,1,1,0.0
NKNl,0,1,1,0.0
NKNm,0,1,1,0.0
NKNn,3,3,6,0.5
NKNs,0,1,1,0.0
NKPB,1,1,2,0.5
NKPH,1,0,1,1.0
NKPK,1,0,1,1.0
NKPL,1,0,1,1.0
NKPM,3,2,5,0.6
NKPN,2,1,3,0.67
NKPP,1,2,3,0.33
NKPS,1,0,1,1.0
NKPb,0,2,2,0.0
NKPh,1,0,1,1.0
NKPl,1,0,1,1.0
NKPm,4,3,7,0.57
NKPn,1,0,1,1.0
NKPs,1,1,2,0.5
NKPt,1,1,2,0.5
NKSB,1,1,2,0.5
NKSM,0,2,2,0.0
NKSN,0,0,0,
NKSP,0,1,1,0.0
NKSS,1,0,1,1.0
NKSb,1,1,2,0.5
NKSm,0,1,1,0.0
NKSs,0,1,1,0.0
NKbB,1,0,1,1.0
NKbL,1,0,1,1.0
NKbM,1,1,2,0.5
NKbP,1,3,4,0.25
NKbS,1,1,2,0.5
NKbl,1,1,2,0.5
NKbm,1,0,1,1.0
NKbn,0,0,0,
NKbs,0,1,1,0.0
NKhL,1,1,2,0.5
NKhM,1,0,1,1.0
NKhN,2,0,2,1.0
NKhP,1,2,3,0.33
NKhS,1,1,2,0.5
NKhb,0,1,1,0.0
NKhh,1,0,1,1.0
NKhl,2,0,2,1.0
NKhm,2,0,2,1.0
NKlB,0,1,1,0.0
NKlH,0,0,0,
NKlL,1,0,1,1.0
NKlN,1,1,2,0.5
NKlP,1,2,3,0.33
NKlS,0,1,1,0.0
NKlb,0,0,0,
NKll,0,0,0,
NKlm,2,0,2,1.0
NKln,1,0,1,1.0
NKls,1,1,2,0.5
NKmB,0,0,0,
NKmH,3,0,3,1.0
NKmL,0,1,1,0.0
NKmM,1,2,3,0.33
NKmN,2,1,3,0.67
NKmP,1,0,1,1.0
NKmS,2,0,2,1.0
NKmb,3,0,3,1.0
NKmm,1,0,1,1.0
NKmn,0,1,1,0.0
NKms,2,1,3,0.67
NKnH,0,2,2,0.0
NKnL,0,2,2,0.0
NKnM,1,1,2,0.5
NKnN,2,2,4,0.5
NKnP,4,0,4,1.0
NKnS,2,2,4,0.5
NKnb,2,4,6,0.33
NKnm,3,1,4,0.75
NKnn,3,1,4,0.75
NKsD,1,1,2,0.5
NKsH,2,0,2,1.0
NKsM,0,3,3,0.0
NKsN,1,0,1,1.0
NKsP,1,2,3,0.33
NKsS,1,1,2,0.5
NKsb,1,0,1,1.0
NKsl,1,2,3,0.33
NKsn,3,0,3,1.0
NKtB,1,0,1,1.0
NKtn,1,0,1,1.0
NLBB,5,5,10,0.5
NLBH,1,0,1,1.0
NLBK,2,0,2,1.0
NLBL,0,0,0,
NLBM,2,3,5,0.4
NLBN,3,7,10,0.3
NLBP,7,3,10,0.7
NLBS,1,0,1,1.0
NLBb,3,10,13,0.23
NLBh,0,2,2,0.0
NLBj,3,1,4,0.75
NLBl,2,4,6,0.33
NLBm,5,5,10,0.5
NLBn,6,5,11,0.55
NLBs,4,2,6,0.67
NLBt,0,2,2,0.0
NLDH,1,0,1,1.0
NLDL,0,0,0,
NLDS,0,0,0,
NLDn,0,1,1,0.0
NLHb,1,0,1,1.0
NLKB,1,1,2,0.5
NLKL,0,1,1,0.0
NLKN,0,0,0,
NLKS,1,1,2,0.5
NLKh,1,0,1,1.0
NLKl,1,0,1,1.0
NLKn,1,0,1,1.0
NLKt,0,1,1,0.0
NLLB,2,1,3,0.67
NLLL,0,2,2,0.0
NLLM,1,3,4,0.25
NLLN,3,3,6,0.5
NLLS,0,2,2,0.0
NLLb,1,2,3,0.33
NLLh,0,2,2,0.0
NLLj,1,0,1,1.0
NLLl,2,1,3,0.67
NLLm,4,2,6,0.67
NLLn,3,0,3,1.0
NLLs,1,0,1,1.0
NLLt,2,0,2,1.0
NLMB,4,3,7,0.57
NLMK,0,1,1,0.0
NLML,0,2,2,0.0
NLMM,6,2,8,0.75
NLMN,4,7,11,0.36
NLMP,6,7,13,0.46
NLMS,3,5,8,0.38
NLMb,4,4,8,0.5
NLMh,1,2,3,0.33
NLMj,2,2,4,0.5
NLMl,2,1,3,0.67
NLMm,5,3,8,0.62
NLMn,6,5,11,0.55
NLMs,1,3,4,0.25
NLMt,2,0,2,1.0
NLNB,9,6,15,0.6
NLNH,0,1,1,0.0
NLNL,2,1,3,0.67
NLNM,4,7,11,0.36
NLNN,7,7,14,0.5
NLNP,6,11,17,0.35
NLNS,2,1,3,0.67
NLNb,4,4,8,0.5
NLNh,1,1,2,0.5
NLNl,3,1,4,0.75
NLNm,5,3,8,0.62
NLNn,8,12,20,0.4
NLNs,4,3,7,0.57
NLNt,5,2,7,0.71
NLPB,3,4,7,0.43
NLPH,1,1,2,0.5
NLPI,0,1,1,0.0
NLPK,0,3,3,0.0
NLPL,2,4,6,0.33
NLPM,6,6,12,0.5
NLPN,7,11,18,0.39
NLPP,10,17,27,0.37
NLPS,5,5,10,0.5
NLPb,9,10,19,0.47
NLPh,1,1,2,0.5
NLPl,2,3,5,0.4
NLPm,9,5,14,0.64
NLPn,10,10,20,0.5
NLPs,4,3,7,0.57
NLSB,0,2,2,0.0
NLSD,0,1,1,0.0
NLSH,1,0,1,1.0
NLSL,1,1,2,0.5
NLSM,6,2,8,0.75
NLSN,2,0,2,1.0
NLSP,4,6,10,0.4
NLSS,4,3,7,0.57
NLSb,5,2,7,0.71
NLSh,2,1,3,0.67
NLSl,2,0,2,1.0
NLSm,2,3,5,0.4
NLSn,4,2,6,0.67
NLSs,2,2,4,0.5
NLbB,2,1,3,0.67
NLbD,1,0,1,1.0
NLbH,0,1,1,0.0
NLbJ,1,0,1,1.0
NLbL,1,2,3,0.33
NLbM,4,2,6,0.67
NLbN,6,8,14,0.43
NLbP,9,8,17,0.53
NLbS,1,5,6,0.17
NLbb,5,3,8,0.62
NLbl,6,1,7,0.86
NLbm,4,4,8,0.5
NLbn,5,7,12,0.42
NLbs,2,1,3,0.67
NLhB,2,4,6,0.33
NLhD,0,1,1,0.0
NLhH,0,2,2,0.0
NLhL,2,0,2,1.0
NLhM,3,2,5,0.6
NLhN,1,1,2,0.5
NLhP,1,6,7,0.14
NLhS,2,0,2,1.0
NLhb,2,2,4,0.5
NLhh,1,2,3,0.33
NLhl,3,1,4,0.75
NLhm,2,1,3,0.67
NLhn,0,5,5,0.0
NLhs,0,1,1,0.0
NLjB,1,2,3,0.33
NLjI,1,1,2,0.5
NLjL,2,1,3,0.67
NLjM,1,0,1,1.0
NLjN,1,1,2,0.5
NLjP,2,2,4,0.5
NLjS,1,0,1,1.0
NLjb,1,6,7,0.14
NLjl,2,2,4,0.5
NLjm,1,0,1,1.0
NLjn,2,2,4,0.5
NLlB,3,0,3,1.0
NLlH,2,1,3,0.67
NLlJ,1,0,1,1.0
NLlK,0,1,1,0.0
NLlL,3,1,4,0.75
NLlM,4,2,6,0.67
NLlN,2,5,7,0.29
NLlP,1,3,4,0.25
NLlS,0,2,2,0.0
NLlb,2,6,8,0.25
NLll,2,0,2,1.0
NLlm,3,1,4,0.75
NLln,1,1,2,0.5
NLls,2,1,3,0.67
NLmB,2,4,6,0.33
NLmH,2,4,6,0.33
NLmI,1,1,2,0.5
NLmJ,1,0,1,1.0
NLmL,2,1,3,0.67
NLmM,5,6,11,0.45
NLmN,7,5,12,0.58
NLmP,4,8,12,0.33
NLmS,7,1,8,0.88
NLmb,4,3,7,0.57
NLml,1,1,2,0.5
NLmm,4,3,7,0.57
NLmn,2,4,6,0.33
NLms,3,3,6,0.5
NLnB,9,7,16,0.56
NLnH,3,4,7,0.43
NLnI,1,1,2,0.5
NLnL,3,3,6,0.5
NLnM,10,6,16,0.62
NLnN,14,14,28,0.5
NLnP,15,14,29,0.52
NLnS,6,3,9,0.67
NLnb,7,11,18,0.39
NLnh,0,1,1,0.0
NLnl,5,6,11,0.45
NLnm,8,5,13,0.62
NLnn,11,9,20,0.55
NLns,6,3,9,0.67
NLsB,3,3,6,0.5
NLsH,4,2,6,0.67
NLsL,0,0,0,
NLsM,4,2,6,0.67
NLsN,3,1,4,0.75
NLsP,6,5,11,0.55
NLsS,0,4,4,0.0
NLsb,3,2,5,0.6
NLsl,2,1,3,0.67
NLsm,1,2,3,0.33
NLsn,4,4,8,0.5
NLss,4,1,5,0.8
NLtB,1,1,2,0.5
NLtH,1,1,2,0.5
NLtM,4,0,4,1.0
NLtP,0,1,1,0.0
NLtS,0,1,1,0.0
NLtb,1,2,3,0.33
NLtl,0,1,1,0.0
NLtm,1,0,1,1.0
NLtn,1,0,1,1.0
NMBB,14,11,25,0.56
NMBD,1,1,2,0.5
NMBK,1,0,1,1.0
NMBL,2,3,5,0.4
NMBM,13,14,27,0.48
NMBN,10,20,30,0.33
NMBP,16,23,39,0.41
NMBS,1,9,10,0.1
NMBb,17,13,30,0.57
NMBh,1,0,1,1.0
NMBj,4,3,7,0.57
NMBl,5,7,12,0.42
NMBm,8,9,17,0.47
NMBn,8,29,37,0.22
NMBs,1,5,6,0.17
NMBt,4,3,7,0.57
NMDB,0,1,1,0.0
NMDH,0,0,0,
NMDL,0,0,0,
NMDM,1,0,1,1.0
NMDN,0,1,1,0.0
NMDS,0,2,2,0.0
NMDb,2,2,4,0.5
NMDh,1,0,1,1.0
NMDl,0,1,1,0.0
NMDs,1,0,1,1.0
NMHH,1,0,1,1.0
NMKh,1,0,1,1.0
NMKl,0,0,0,
NMLB,5,5,10,0.5
NMLD,2,1,3,0.67
NMLK,1,0,1,1.0
NMLL,0,2,2,0.0
NMLM,4,5,9,0.44
NMLN,5,11,16,0.31
NMLP,6,7,13,0.46
NMLS,3,2,5,0.6
NMLb,4,3,7,0.57
NMLh,2,6,8,0.25
NMLj,0,3,3,0.0
NMLl,2,0,2,1.0
NMLm,3,3,6,0.5
NMLn,5,6,11,0.45
NMLs,0,2,2,0.0
NMLt,0,2,2,0.0
NMMB,7,18,25,0.28
NMMD,0,2,2,0.0
NMMK,0,0,0,
NMML,5,5,10,0.5
NMMM,8,15,23,0.35
NMMN,16,13,29,0.55
NMMP,15,15,30,0.5
NMMS,5,3,8,0.62
NMMb,14,17,31,0.45
NMMh,7,7,14,0.5
NMMj,5,3,8,0.62
NMMl,4,8,12,0.33
NMMm,13,10,23,0.57
NMMn,19,15,34,0.56
NMMs,9,6,15,0.6
NMMt,1,1,2,0.5
NMNB,7,7,14,0.5
NMND,1,1,2,0.5
NMNH,1,1,2,0.5
NMNK,2,1,3,0.67
NMNL,0,8,8,0.0
NMNM,12,11,23,0.52
NMNN,20,12,32,0.62
NMNP,28,30,58,0.48
NMNS,8,11,19,0.42
NMNb,16,13,29,0.55
NMNh,1,3,4,0.25
NMNl,6,4,10,0.6
NMNm,9,8,17,0.53
NMNn,27,26,53,0.51
NMNs,5,3,8,0.62
NMNt,3,8,11,0.27
NMPB,17,15,32,0.53
NMPD,1,1,2,0.5
NMPH,2,5,7,0.29
NMPI,0,2,2,0.0
NMPK,1,2,3,0.33
NMPL,4,13,17,0.24
NMPM,24,11,35,0.69
NMPN,24,23,47,0.51
NMPP,34,38,72,0.47
NMPS,10,14,24,0.42
NMPb,16,29,45,0.36
NMPh,4,1,5,0.8
NMPl,12,6,18,0.67
NMPm,13,9,22,0.59
NMPn,29,22,51,0.57
NMPs,8,20,28,0.29
NMPt,2,3,5,0.4
NMSB,1,7,8,0.12
NMSD,0,1,1,0.0
NMSH,2,2,4,0.5
NMSL,1,6,7,0.14
NMSM,6,5,11,0.55
NMSN,2,10,12,0.17
NMSP,10,10,20,0.5
NMSS,7,5,12,0.58
NMSb,9,4,13,0.69
NMSh,2,3,5,0.4
NMSl,0,4,4,0.0
NMSm,8,1,9,0.89
NMSn,14,7,21,0.67
NMSs,7,5,12,0.58
NMSt,1,2,3,0.33
NMbB,13,14,27,0.48
NMbD,3,2,5,0.6
NMbH,6,12,18,0.33
NMbI,1,2,3,0.33
NMbJ,3,0,3,1.0
NMbK,1,1,2,0.5
NMbL,7,5,12,0.58
NMbM,10,12,22,0.45
NMbN,31,18,49,0.63
NMbP,20,18,38,0.53
NMbS,11,14,25,0.44
NMbb,14,9,23,0.61
NMbl,4,4,8,0.5
NMbm,14,10,24,0.58
NMbn,15,24,39,0.38
NMbs,10,5,15,0.67
NMhB,13,13,26,0.5
NMhD,1,0,1,1.0
NMhH,3,1,4,0.75
NMhL,3,3,6,0.5
NMhM,13,12,25,0.52
NMhN,11,13,24,0.46
NMhP,18,17,35,0.51
NMhS,10,7,17,0.59
NMhb,10,8,18,0.56
NMhh,6,6,12,0.5
NMhl,3,4,7,0.43
NMhm,11,10,21,0.52
NMhn,13,17,30,0.43
NMhs,9,8,17,0.53
NMht,0,1,1,0.0
NMjB,4,5,9,0.44
NMjH,2,3,5,0.4
NMjK,2,1,3,0.67
NMjL,2,1,3,0.67
NMjM,4,6,10,0.4
NMjN,3,5,8,0.38
NMjP,8,5,13,0.62
NMjS,1,4,5,0.2
NMjb,9,5,14,0.64
NMjh,0,0,0,
NMjl,4,0,4,1.0
NMjm,5,1,6,0.83
NMjn,3,6,9,0.33
NMjs,2,2,4,0.5
NMjt,2,0,2,1.0
NMlB,6,5,11,0.55
NMlH,7,5,12,0.58
NMlJ,2,1,3,0.67
NMlL,2,3,5,0.4
NMlM,10,7,17,0.59
NMlN,8,12,20,0.4
NMlP,7,7,14,0.5
NMlS,3,5,8,0.38
NMlb,5,5,10,0.5
NMll,4,1,5,0.8
NMlm,6,3,9,0.67
NMln,8,6,14,0.57
NMls,2,2,4,0.5
NMmB,9,11,20,0.45
NMmD,0,1,1,0.0
NMmH,10,12,22,0.45
NMmI,0,0,0,
NMmJ,1,2,3,0.33
NMmK,1,0,1,1.0
NMmL,3,3,6,0.5
NMmM,8,15,23,0.35
NMmN,13,14,27,0.48
NMmP,27,14,41,0.66
NMmS,8,3,11,0.73
NMmb,17,16,33,0.52
NMml,4,0,4,1.0
NMmm,5,12,17,0.29
NMmn,16,15,31,0.52
NMms,6,12,18,0.33
NMnB,11,9,20,0.55
NMnD,1,1,2,0.5
NMnH,16,15,31,0.52
NMnI,4,0,4,1.0
NMnK,7,3,10,0.7
NMnL,5,5,10,0.5
NMnM,21,16,37,0.57
NMnN,33,40,73,0.45
NMnP,52,33,85,0.61
NMnS,7,23,30,0.23
NMnb,24,21,45,0.53
NMnh,1,1,2,0.5
NMnl,8,7,15,0.53
NMnm,23,21,44,0.52
NMnn,31,20,51,0.61
NMns,10,11,21,0.48
NMsB,5,4,9,0.56
NMsD,1,0,1,1.0
NMsH,3,6,9,0.33
NMsI,0,0,0,
NMsL,1,2,3,0.33
NMsM,8,6,14,0.57
NMsN,8,6,14,0.57
NMsP,8,17,25,0.32
NMsS,6,13,19,0.32
NMsb,3,9,12,0.25
NMsl,3,2,5,0.6
NMsm,5,6,11,0.45
NMsn,11,11,22,0.5
NMss,6,6,12,0.5
NMtB,1,0,1,1.0
NMtH,0,5,5,0.0
NMtK,1,0,1,1.0
NMtL,2,1,3,0.67
NMtM,3,3,6,0.5
NMtN,2,2,4,0.5
NMtP,4,7,11,0.36
NMtS,1,2,3,0.33
NMtb,7,4,11,0.64
NMtl,2,1,3,0.67
NMtm,2,1,3,0.67
NMtn,5,5,10,0.5
NMts,1,0,1,1.0
NMtt,0,2,2,0.0
NNBB,7,7,14,0.5
NNBK,1,0,1,1.0
NNBL,8,5,13,0.62
NNBM,10,13,23,0.43
NNBN,18,17,35,0.51
NNBP,11,24,35,0.31
NNBS,6,6,12,0.5
NNBb,14,18,32,0.44
NNBh,1,1,2,0.5
NNBj,5,7,12,0.42
NNBl,2,2,4,0.5
NNBm,10,10,20,0.5
NNBn,22,20,42,0.52
NNBs,5,9,14,0.36
NNBt,4,2,6,0.67
NNDB,1,0,1,1.0
NNDH,2,4,6,0.33
NNDL,1,0,1,1.0
NNDM,1,1,2,0.5
NNDN,0,0,0,
NNDP,2,1,3,0.67
NNDS,0,1,1,0.0
NNDb,2,2,4,0.5
NNDl,1,0,1,1.0
NNDm,2,2,4,0.5
NNDn,2,0,2,1.0
NNDs,0,1,1,0.0
NNHB,1,0,1,1.0
NNHH,2,1,3,0.67
NNHI,1,0,1,1.0
NNHL,3,1,4,0.75
NNHM,2,4,6,0.33
NNHN,1,6,7,0.14
NNHP,3,1,4,0.75
NNHS,1,2,3,0.33
NNHb,2,2,4,0.5
NNHh,1,0,1,1.0
NNHl,3,1,4,0.75
NNHm,2,2,4,0.5
NNHn,4,3,7,0.57
NNHs,0,0,0,
NNHt,0,1,1,0.0
NNIP,1,0,1,1.0
NNIs,1,0,1,1.0
NNKB,2,0,2,1.0
NNKI,0,0,0,
NNKL,1,0,1,1.0
NNKM,1,3,4,0.25
NNKN,0,2,2,0.0
NNKP,1,4,5,0.2
NNKS,0,2,2,0.0
NNKb,2,1,3,0.67
NNKh,1,1,2,0.5
NNKl,0,1,1,0.0
NNKn,4,0,4,1.0
NNKs,2,0,2,1.0
NNLB,5,8,13,0.38
NNLK,1,1,2,0.5
NNLL,3,0,3,1.0
NNLM,3,8,11,0.27
NNLN,5,9,14,0.36
NNLP,6,11,17,0.35
NNLS,2,2,4,0.5
NNLb,5,4,9,0.56
NNLh,1,1,2,0.5
NNLj,1,2,3,0.33
NNLl,2,2,4,0.5
NNLm,4,2,6,0.67
NNLn,15,9,24,0.62
NNLs,6,2,8,0.75
NNLt,1,0,1,1.0
NNMB,5,12,17,0.29
NNMD,1,0,1,1.0
NNML,8,4,12,0.67
NNMM,13,18,31,0.42
NNMN,20,18,38,0.53
NNMP,26,16,42,0.62
NNMS,3,7,10,0.3
NNMb,8,13,21,0.38
NNMh,18,13,31,0.58
NNMj,2,6,8,0.25
NNMl,3,6,9,0.33
NNMm,12,14,26,0.46
NNMn,37,23,60,0.62
NNMs,5,7,12,0.42
NNMt,4,7,11,0.36
NNNB,16,18,34,0.47
NNND,0,0,0,
NNNH,1,3,4,0.25
NNNK,2,5,7,0.29
NNNL,9,5,14,0.64
NNNM,20,19,39,0.51
NNNN,37,25,62,0.6
NNNP,41,40,81,0.51
NNNS,12,15,27,0.44
NNNb,18,13,31,0.58
NNNh,10,4,14,0.71
NNNl,6,8,14,0.43
NNNm,15,12,27,0.56
NNNn,40,36,76,0.53
NNNs,13,11,24,0.54
NNNt,5,3,8,0.62
NNPB,16,14,30,0.53
NNPD,0,1,1,0.0
NNPH,8,7,15,0.53
NNPI,2,1,3,0.67
NNPK,4,3,7,0.57
NNPL,4,14,18,0.22
NNPM,24,23,47,0.51
NNPN,26,43,69,0.38
NNPP,41,39,80,0.51
NNPS,15,23,38,0.39
NNPb,34,27,61,0.56
NNPh,3,1,4,0.75
NNPl,26,15,41,0.63
NNPm,30,27,57,0.53
NNPn,41,27,68,0.6
NNPs,12,16,28,0.43
NNPt,3,6,9,0.33
NNSB,6,5,11,0.55
NNSD,0,1,1,0.0
NNSH,4,2,6,0.67
NNSK,1,1,2,0.5
NNSL,3,4,7,0.43
NNSM,5,13,18,0.28
NNSN,9,13,22,0.41
NNSP,19,14,33,0.58
NNSS,5,13,18,0.28
NNSb,11,7,18,0.61
NNSh,2,9,11,0.18
NNSl,4,5,9,0.44
NNSm,8,9,17,0.47
NNSn,16,11,27,0.59
NNSs,7,8,15,0.47
NNSt,4,1,5,0.8
NNbB,11,16,27,0.41
NNbD,2,3,5,0.4
NNbH,6,7,13,0.46
NNbI,1,0,1,1.0
NNbJ,2,1,3,0.67
NNbK,1,2,3,0.33
NNbL,5,8,13,0.38
NNbM,7,17,24,0.29
NNbN,17,21,38,0.45
NNbP,21,24,45,0.47
NNbS,9,7,16,0.56
NNbb,17,5,22,0.77
NNbl,9,7,16,0.56
NNbm,10,14,24,0.42
NNbn,26,11,37,0.7
NNbs,4,5,9,0.44
NNhB,10,2,12,0.83
NNhD,0,1,1,0.0
NNhH,2,0,2,1.0
NNhI,1,1,2,0.5
NNhL,2,2,4,0.5
NNhM,8,3,11,0.73
NNhN,6,4,10,0.6
NNhP,6,7,13,0.46
NNhS,10,4,14,0.71
NNhb,10,4,14,0.71
NNhh,5,5,10,0.5
NNhl,5,4,9,0.56
NNhm,5,4,9,0.56
NNhn,7,12,19,0.37
NNhs,3,3,6,0.5
NNht,1,0,1,1.0
NNlB,2,6,8,0.25
NNlD,0,1,1,0.0
NNlH,8,6,14,0.57
NNlI,0,3,3,0.0
NNlJ,1,3,4,0.25
NNlK,1,2,3,0.33
NNlL,1,1,2,0.5
NNlM,8,4,12,0.67
NNlN,7,5,12,0.58
NNlP,7,11,18,0.39
NNlS,7,5,12,0.58
NNlb,5,10,15,0.33
NNll,6,3,9,0.67
NNlm,10,5,15,0.67
NNln,7,5,12,0.58
NNls,3,8,11,0.27
NNmB,11,7,18,0.61
NNmD,1,1,2,0.5
NNmH,8,19,27,0.3
NNmI,2,2,4,0.5
NNmJ,7,4,11,0.64
NNmL,7,5,12,0.58
NNmM,16,19,35,0.46
NNmN,19,18,37,0.51
NNmP,21,10,31,0.68
NNmS,5,12,17,0.29
NNmb,10,11,21,0.48
NNml,6,7,13,0.46
NNmm,6,9,15,0.4
NNmn,10,18,28,0.36
NNms,6,8,14,0.43
NNnB,15,19,34,0.44
NNnD,2,1,3,0.67
NNnH,15,16,31,0.48
NNnI,4,4,8,0.5
NNnK,0,2,2,0.0
NNnL,11,3,14,0.79
NNnM,21,23,44,0.48
NNnN,43,27,70,0.61
NNnP,42,51,93,0.45
NNnS,19,21,40,0.48
NNnb,39,24,63,0.62
NNnl,7,6,13,0.54
NNnm,23,20,43,0.53
NNnn,36,33,69,0.52
NNns,19,11,30,0.63
NNsB,6,4,10,0.6
NNsD,3,0,3,1.0
NNsH,6,10,16,0.38
NNsI,3,2,5,0.6
NNsK,0,2,2,0.0
NNsL,1,5,6,0.17
NNsM,13,9,22,0.59
NNsN,14,14,28,0.5
NNsP,9,18,27,0.33
NNsS,20,7,27,0.74
NNsb,11,16,27,0.41
NNsh,0,1,1,0.0
NNsl,4,6,10,0.4
NNsm,8,10,18,0.44
NNsn,17,12,29,0.59
NNss,4,9,13,0.31
NNtB,2,2,4,0.5
NNtD,0,1,1,0.0
NNtH,1,2,3,0.33
NNtL,0,2,2,0.0
NNtM,3,3,6,0.5
NNtN,5,7,12,0.42
NNtP,4,7,11,0.36
NNtS,2,3,5,0.4
NNtb,4,1,5,0.8
NNtl,2,0,2,1.0
NNtm,6,3,9,0.67
NNtn,5,7,12,0.42
NNts,2,0,2,1.0
NNtt,0,0,0,
NPBB,9,17,26,0.35
NPBD,1,0,1,1.0
NPBH,1,0,1,1.0
NPBK,0,2,2,0.0
NPBL,7,9,16,0.44
NPBM,11,12,23,0.48
NPBN,18,10,28,0.64
NPBP,24,28,52,0.46
NPBS,11,9,20,0.55
NPBb,17,14,31,0.55
NPBh,2,1,3,0.67
NPBj,8,2,10,0.8
NPBl,9,5,14,0.64
NPBm,10,14,24,0.42
NPBn,19,21,40,0.48
NPBs,8,4,12,0.67
NPBt,5,2,7,0.71
NPDH,1,0,1,1.0
NPDL,1,0,1,1.0
NPDM,2,1,3,0.67
NPDN,2,0,2,1.0
NPDP,1,3,4,0.25
NPDS,0,2,2,0.0
NPDb,1,0,1,1.0
NPDl,1,1,2,0.5
NPDm,1,1,2,0.5
NPDn,2,1,3,0.67
NPDt,1,0,1,1.0
NPHB,9,9,18,0.5
NPHD,0,1,1,0.0
NPHH,0,1,1,0.0
NPHI,0,1,1,0.0
NPHK,0,1,1,0.0
NPHL,6,7,13,0.46
NPHM,9,11,20,0.45
NPHN,10,10,20,0.5
NPHP,11,11,22,0.5
NPHS,4,7,11,0.36
NPHb,5,5,10,0.5
NPHh,3,1,4,0.75
NPHl,2,5,7,0.29
NPHm,4,4,8,0.5
NPHn,8,5,13,0.62
NPHs,4,4,8,0.5
NPHt,0,1,1,0.0
NPIB,3,4,7,0.43
NPIH,1,2,3,0.33
NPIL,1,1,2,0.5
NPIM,2,1,3,0.67
NPIN,1,0,1,1.0
NPIP,3,2,5,0.6
NPIS,1,0,1,1.0
NPIb,1,2,3,0.33
NPIl,1,1,2,0.5
NPIm,2,2,4,0.5
NPIn,0,1,1,0.0
NPIs,3,0,3,1.0
NPKB,1,2,3,0.33
NPKD,0,1,1,0.0
NPKH,1,0,1,1.0
NPKL,1,1,2,0.5
NPKM,2,3,5,0.4
NPKN,1,2,3,0.33
NPKP,3,6,9,0.33
NPKS,2,2,4,0.5
NPKb,1,0,1,1.0
NPKh,1,2,3,0.33
NPKl,4,1,5,0.8
NPKm,3,0,3,1.0
NPKn,1,2,3,0.33
NPKs,1,3,4,0.25
NPLB,11,10,21,0.52
NPLH,1,0,1,1.0
NPLK,2,0,2,1.0
NPLL,5,5,10,0.5
NPLM,5,6,11,0.45
NPLN,5,9,14,0.36
NPLP,16,10,26,0.62
NPLS,7,4,11,0.64
NPLb,15,13,28,0.54
NPLh,2,1,3,0.67
NPLj,2,5,7,0.29
NPLl,4,7,11,0.36
NPLm,11,10,21,0.52
NPLn,18,13,31,0.58
NPLs,3,3,6,0.5
NPLt,4,1,5,0.8
NPMB,21,15,36,0.58
NPMD,0,1,1,0.0
NPML,11,5,16,0.69
NPMM,21,34,55,0.38
NPMN,19,17,36,0.53
NPMP,28,28,56,0.5
NPMS,8,11,19,0.42
NPMb,31,33,64,0.48
NPMh,13,15,28,0.46
NPMj,3,8,11,0.27
NPMl,9,16,25,0.36
NPMm,29,17,46,0.63
NPMn,33,37,70,0.47
NPMs,15,18,33,0.45
NPMt,6,7,13,0.46
NPNB,17,18,35,0.49
NPND,1,3,4,0.25
NPNH,6,3,9,0.67
NPNK,4,3,7,0.57
NPNL,9,13,22,0.41
NPNM,22,29,51,0.43
NPNN,31,25,56,0.55
NPNP,49,50,99,0.49
NPNS,21,17,38,0.55
NPNb,24,27,51,0.47
NPNh,8,8,16,0.5
NPNl,23,13,36,0.64
NPNm,15,24,39,0.38
NPNn,39,42,81,0.48
NPNs,16,21,37,0.43
NPNt,3,6,9,0.33
NPPB,27,21,48,0.56
NPPD,2,3,5,0.4
NPPH,9,8,17,0.53
NPPI,1,3,4,0.25
NPPK,1,4,5,0.2
NPPL,16,18,34,0.47
NPPM,34,45,79,0.43
NPPN,39,28,67,0.58
NPPP,51,43,94,0.54
NPPS,16,20,36,0.44
NPPb,44,25,69,0.64
NPPh,2,3,5,0.4
NPPl,32,21,53,0.6
NPPm,26,29,55,0.47
NPPn,33,39,72,0.46
NPPs,21,20,41,0.51
NPPt,10,2,12,0.83
NPSB,9,13,22,0.41
NPSD,1,1,2,0.5
NPSH,3,1,4,0.75
NPSI,0,1,1,0.0
NPSL,2,11,13,0.15
NPSM,20,22,42,0.48
NPSN,15,21,36,0.42
NPSP,21,32,53,0.4
NPSS,7,15,22,0.32
NPSb,15,18,33,0.45
NPSh,7,5,12,0.58
NPSl,9,10,19,0.47
NPSm,16,10,26,0.62
NPSn,25,25,50,0.5
NPSs,11,12,23,0.48
NPSt,0,3,3,0.0
NPbB,19,19,38,0.5
NPbD,4,0,4,1.0
NPbH,8,9,17,0.47
NPbI,3,4,7,0.43
NPbJ,8,7,15,0.53
NPbK,2,4,6,0.33
NPbL,12,7,19,0.63
NPbM,32,32,64,0.5
NPbN,37,26,63,0.59
NPbP,40,33,73,0.55
NPbS,15,11,26,0.58
NPbb,29,16,45,0.64
NPbl,13,8,21,0.62
NPbm,21,10,31,0.68
NPbn,18,27,45,0.4
NPbs,10,12,22,0.45
NPhB,0,4,4,0.0
NPhH,1,0,1,1.0
NPhL,0,3,3,0.0
NPhM,1,1,2,0.5
NPhN,2,2,4,0.5
NPhP,7,4,11,0.64
NPhS,2,1,3,0.67
NPhb,4,1,5,0.8
NPhh,2,2,4,0.5
NPhl,3,1,4,0.75
NPhm,3,1,4,0.75
NPhn,1,4,5,0.2
NPhs,0,3,3,0.0
NPht,0,2,2,0.0
NPlB,6,9,15,0.4
NPlD,1,0,1,1.0
NPlH,5,4,9,0.56
NPlI,1,1,2,0.5
NPlJ,7,4,11,0.64
NPlK,1,0,1,1.0
NPlL,7,10,17,0.41
NPlM,14,12,26,0.54
NPlN,14,18,32,0.44
NPlP,12,20,32,0.38
NPlS,8,12,20,0.4
NPlb,14,10,24,0.58
NPll,6,4,10,0.6
NPlm,8,12,20,0.4
NPln,11,14,25,0.44
NPls,5,9,14,0.36
NPmB,18,14,32,0.56
NPmD,2,1,3,0.67
NPmH,13,16,29,0.45
NPmI,2,1,3,0.67
NPmJ,4,5,9,0.44
NPmL,11,7,18,0.61
NPmM,22,16,38,0.58
NPmN,27,23,50,0.54
NPmP,17,18,35,0.49
NPmS,9,17,26,0.35
NPmb,16,25,41,0.39
NPml,14,6,20,0.7
NPmm,11,14,25,0.44
NPmn,16,16,32,0.5
NPms,8,18,26,0.31
NPnB,20,18,38,0.53
NPnD,2,3,5,0.4
NPnH,9,14,23,0.39
NPnI,5,5,10,0.5
NPnK,3,0,3,1.0
NPnL,7,9,16,0.44
NPnM,28,22,50,0.56
NPnN,27,42,69,0.39
NPnP,41,37,78,0.53
NPnS,21,19,40,0.52
NPnb,26,22,48,0.54
NPnh,2,1,3,0.67
NPnl,15,12,27,0.56
NPnm,32,24,56,0.57
NPnn,24,26,50,0.48
NPns,15,17,32,0.47
NPsB,11,8,19,0.58
NPsD,2,1,3,0.67
NPsH,15,11,26,0.58
NPsI,3,1,4,0.75
NPsK,1,0,1,1.0
NPsL,12,6,18,0.67
NPsM,17,16,33,0.52
NPsN,17,5,22,0.77
NPsP,22,26,48,0.46
NPsS,11,19,30,0.37
NPsb,14,8,22,0.64
NPsh,1,0,1,1.0
NPsl,11,5,16,0.69
NPsm,13,14,27,0.48
NPsn,11,14,25,0.44
NPss,9,14,23,0.39
NPtB,4,2,6,0.67
NPtH,1,4,5,0.2
NPtK,0,1,1,0.0
NPtL,2,2,4,0.5
NPtM,2,7,9,0.22
NPtN,1,3,4,0.25
NPtP,7,6,13,0.54
NPtS,2,2,4,0.5
NPtb,3,4,7,0.43
NPtl,1,1,2,0.5
NPtm,5,2,7,0.71
NPtn,4,2,6,0.67
NPts,2,3,5,0.4
NPtt,2,0,2,1.0
NSBB,5,4,9,0.56
NSBK,2,0,2,1.0
NSBL,2,2,4,0.5
NSBM,5,4,9,0.56
NSBN,7,6,13,0.54
NSBP,7,9,16,0.44
NSBS,3,6,9,0.33
NSBb,9,3,12,0.75
NSBh,3,5,8,0.38
NSBj,2,3,5,0.4
NSBl,2,2,4,0.5
NSBm,4,6,10,0.4
NSBn,8,8,16,0.5
NSBs,2,1,3,0.67
NSBt,2,1,3,0.67
NSDB,1,1,2,0.5
NSDL,0,1,1,0.0
NSDM,1,2,3,0.33
NSDN,1,0,1,1.0
NSDP,1,1,2,0.5
NSDS,1,1,2,0.5
NSDb,2,1,3,0.67
NSDm,0,2,2,0.0
NSDn,2,1,3,0.67
NSHB,3,2,5,0.6
NSHD,1,1,2,0.5
NSHH,1,0,1,1.0
NSHK,1,0,1,1.0
NSHL,1,1,2,0.5
NSHM,2,3,5,0.4
NSHN,3,1,4,0.75
NSHP,3,3,6,0.5
NSHS,3,2,5,0.6
NSHb,3,0,3,1.0
NSHh,2,2,4,0.5
NSHl,1,1,2,0.5
NSHm,4,2,6,0.67
NSHn,3,0,3,1.0
NSHs,1,1,2,0.5
NSKB,1,1,2,0.5
NSKS,1,0,1,1.0
NSKb,1,0,1,1.0
NSLB,1,2,3,0.33
NSLL,1,5,6,0.17
NSLM,4,1,5,0.8
NSLN,3,1,4,0.75
NSLP,3,8,11,0.27
NSLS,1,1,2,0.5
NSLb,3,6,9,0.33
NSLh,2,2,4,0.5
NSLj,0,1,1,0.0
NSLl,3,4,7,0.43
NSLm,3,4,7,0.43
NSLn,3,6,9,0.33
NSLs,3,0,3,1.0
NSMB,5,7,12,0.42
NSMD,1,0,1,1.0
NSMK,0,1,1,0.0
NSML,3,3,6,0.5
NSMM,11,8,19,0.58
NSMN,11,5,16,0.69
NSMP,16,13,29,0.55
NSMS,3,7,10,0.3
NSMb,13,12,25,0.52
NSMh,8,11,19,0.42
NSMj,6,0,6,1.0
NSMl,5,8,13,0.38
NSMm,10,10,20,0.5
NSMn,19,14,33,0.58
NSMs,2,2,4,0.5
NSMt,2,5,7,0.29
NSNB,3,5,8,0.38
NSND,1,1,2,0.5
NSNH,1,3,4,0.25
NSNI,1,0,1,1.0
NSNK,1,3,4,0.25
NSNL,2,0,2,1.0
NSNM,10,9,19,0.53
NSNN,10,8,18,0.56
NSNP,22,19,41,0.54
NSNS,11,7,18,0.61
NSNb,12,10,22,0.55
NSNh,3,6,9,0.33
NSNl,3,3,6,0.5
NSNm,7,8,15,0.47
NSNn,10,14,24,0.42
NSNs,6,6,12,0.5
NSNt,2,3,5,0.4
NSPB,10,12,22,0.45
NSPD,2,1,3,0.67
NSPH,4,4,8,0.5
NSPI,1,2,3,0.33
NSPK,0,2,2,0.0
NSPL,5,3,8,0.62
NSPM,14,18,32,0.44
NSPN,16,14,30,0.53
NSPP,20,12,32,0.62
NSPS,11,13,24,0.46
NSPb,12,16,28,0.43
NSPh,1,2,3,0.33
NSPl,10,5,15,0.67
NSPm,15,8,23,0.65
NSPn,15,16,31,0.48
NSPs,9,9,18,0.5
NSPt,4,0,4,1.0
NSSB,2,4,6,0.33
NSSH,1,1,2,0.5
NSSL,2,2,4,0.5
NSSM,5,8,13,0.38
NSSN,5,8,13,0.38
NSSP,6,14,20,0.3
NSSS,12,2,14,0.86
NSSb,4,3,7,0.57
NSSh,8,2,10,0.8
NSSl,4,5,9,0.44
NSSm,0,3,3,0.0
NSSn,8,11,19,0.42
NSSs,5,8,13,0.38
NSSt,1,0,1,1.0
NSbB,4,7,11,0.36
NSbD,0,2,2,0.0
NSbH,2,5,7,0.29
NSbI,1,0,1,1.0
NSbJ,4,3,7,0.57
NSbK,0,1,1,0.0
NSbL,2,3,5,0.4
NSbM,9,7,16,0.56
NSbN,12,7,19,0.63
NSbP,20,16,36,0.56
NSbS,9,4,13,0.69
NSbb,13,8,21,0.62
NSbl,5,6,11,0.45
NSbm,5,5,10,0.5
NSbn,11,12,23,0.48
NSbs,7,2,9,0.78
NShB,9,3,12,0.75
NShD,2,1,3,0.67
NShH,1,2,3,0.33
NShL,0,2,2,0.0
NShM,8,9,17,0.47
NShN,6,7,13,0.46
NShP,11,9,20,0.55
NShS,4,5,9,0.44
NShb,4,3,7,0.57
NShh,5,3,8,0.62
NShl,2,1,3,0.67
NShm,6,4,10,0.6
NShn,8,9,17,0.47
NShs,7,7,14,0.5
NSht,1,0,1,1.0
NSlB,4,3,7,0.57
NSlD,1,0,1,1.0
NSlH,1,2,3,0.33
NSlI,0,1,1,0.0
NSlL,3,2,5,0.6
NSlM,3,4,7,0.43
NSlN,4,5,9,0.44
NSlP,6,1,7,0.86
NSlS,3,6,9,0.33
NSlb,3,4,7,0.43
NSll,0,4,4,0.0
NSlm,2,5,7,0.29
NSln,6,3,9,0.67
NSls,3,2,5,0.6
NSmB,1,3,4,0.25
NSmD,1,0,1,1.0
NSmH,7,10,17,0.41
NSmI,0,1,1,0.0
NSmJ,2,1,3,0.67
NSmL,3,2,5,0.6
NSmM,4,9,13,0.31
NSmN,12,9,21,0.57
NSmP,13,17,30,0.43
NSmS,6,8,14,0.43
NSmb,12,7,19,0.63
NSml,3,2,5,0.6
NSmm,1,5,6,0.17
NSmn,9,12,21,0.43
NSms,5,4,9,0.56
NSnB,6,11,17,0.35
NSnD,1,0,1,1.0
NSnH,6,5,11,0.55
NSnI,1,3,4,0.25
NSnK,1,2,3,0.33
NSnL,2,4,6,0.33
NSnM,11,15,26,0.42
NSnN,16,22,38,0.42
NSnP,26,18,44,0.59
NSnS,14,7,21,0.67
NSnb,18,8,26,0.69
NSnh,2,0,2,1.0
NSnl,5,2,7,0.71
NSnm,6,9,15,0.4
NSnn,5,11,16,0.31
NSns,10,6,16,0.62
NSsB,3,4,7,0.43
NSsD,1,1,2,0.5
NSsH,8,15,23,0.35
NSsI,0,1,1,0.0
NSsL,3,3,6,0.5
NSsM,7,10,17,0.41
NSsN,11,8,19,0.58
NSsP,9,16,25,0.36
NSsS,5,13,18,0.28
NSsb,8,7,15,0.53
NSsl,3,5,8,0.38
NSsm,10,6,16,0.62
NSsn,8,7,15,0.53
NSss,3,10,13,0.23
NStB,0,1,1,0.0
NStD,0,1,1,0.0
NStH,5,2,7,0.71
NStK,1,0,1,1.0
NStL,1,0,1,1.0
NStM,2,1,3,0.67
NStN,2,3,5,0.4
NStP,2,4,6,0.33
NStS,0,3,3,0.0
NStb,1,5,6,0.17
NStl,0,2,2,0.0
NStm,2,3,5,0.4
NStn,0,3,3,0.0
NSts,5,1,6,0.83
NStt,0,1,1,0.0
NbBB,5,11,16,0.31
NbBK,0,1,1,0.0
NbBL,3,2,5,0.6
NbBM,12,13,25,0.48
NbBN,11,11,22,0.5
NbBP,12,10,22,0.55
NbBS,2,11,13,0.15
NbBb,16,11,27,0.59
NbBh,1,1,2,0.5
NbBj,4,6,10,0.4
NbBl,7,8,15,0.47
NbBm,15,7,22,0.68
NbBn,12,23,35,0.34
NbBs,9,8,17,0.53
NbBt,1,2,3,0.33
NbDB,1,1,2,0.5
NbDH,0,0,0,
NbDM,0,2,2,0.0
NbDN,0,1,1,0.0
NbDP,3,3,6,0.5
NbDS,0,0,0,
NbDb,1,1,2,0.5
NbDl,1,0,1,1.0
NbDm,2,2,4,0.5
NbDn,0,3,3,0.0
NbDs,1,1,2,0.5
NbHB,1,3,4,0.25
NbHD,1,0,1,1.0
NbHH,0,1,1,0.0
NbHI,0,1,1,0.0
NbHL,2,4,6,0.33
NbHM,2,5,7,0.29
NbHN,5,3,8,0.62
NbHP,12,6,18,0.67
NbHS,2,5,7,0.29
NbHb,3,6,9,0.33
NbHh,2,0,2,1.0
NbHl,4,0,4,1.0
NbHm,5,2,7,0.71
NbHn,2,6,8,0.25
NbHs,3,7,10,0.3
NbHt,1,0,1,1.0
NbIB,0,1,1,0.0
NbIH,0,1,1,0.0
NbIL,0,1,1,0.0
NbIM,2,2,4,0.5
NbIN,0,3,3,0.0
NbIP,1,2,3,0.33
NbIS,0,0,0,
NbIb,5,0,5,1.0
NbIl,0,1,1,0.0
NbIm,2,0,2,1.0
NbIn,0,1,1,0.0
NbIs,1,0,1,1.0
NbJB,5,2,7,0.71
NbJH,2,2,4,0.5
NbJL,2,2,4,0.5
NbJM,5,5,10,0.5
NbJN,5,6,11,0.45
NbJP,6,4,10,0.6
NbJS,1,3,4,0.25
NbJb,3,2,5,0.6
NbJh,1,0,1,1.0
NbJl,4,2,6,0.67
NbJm,2,1,3,0.67
NbJn,2,5,7,0.29
NbJs,3,2,5,0.6
NbKB,1,0,1,1.0
NbKH,0,1,1,0.0
NbKL,2,1,3,0.67
NbKM,0,0,0,
NbKN,2,3,5,0.4
NbKP,1,0,1,1.0
NbKS,0,1,1,0.0
NbKb,1,0,1,1.0
NbKh,1,0,1,1.0
NbKl,1,2,3,0.33
NbKm,2,0,2,1.0
NbKs,1,2,3,0.33
NbKt,0,0,0,
NbLB,5,3,8,0.62
NbLK,1,0,1,1.0
NbLL,0,2,2,0.0
NbLM,6,6,12,0.5
NbLN,3,2,5,0.6
NbLP,5,3,8,0.62
NbLS,1,2,3,0.33
NbLb,8,6,14,0.57
NbLh,2,2,4,0.5
NbLj,4,2,6,0.67
NbLl,3,1,4,0.75
NbLm,1,3,4,0.25
NbLn,2,5,7,0.29
NbLs,4,1,5,0.8
NbLt,0,1,1,0.0
NbMB,7,10,17,0.41
NbMD,1,0,1,1.0
NbMK,0,0,0,
NbML,4,3,7,0.57
NbMM,16,10,26,0.62
NbMN,14,14,28,0.5
NbMP,14,17,31,0.45
NbMS,6,11,17,0.35
NbMb,13,14,27,0.48
NbMh,21,14,35,0.6
NbMj,5,7,12,0.42
NbMl,5,9,14,0.36
NbMm,14,8,22,0.64
NbMn,23,14,37,0.62
NbMs,8,4,12,0.67
NbMt,2,3,5,0.4
NbNB,12,13,25,0.48
NbND,1,1,2,0.5
NbNH,3,4,7,0.43
NbNK,0,2,2,0.0
NbNL,9,6,15,0.6
NbNM,26,22,48,0.54
NbNN,19,17,36,0.53
NbNP,22,36,58,0.38
NbNS,23,8,31,0.74
NbNb,22,16,38,0.58
NbNh,10,8,18,0.56
NbNl,6,5,11,0.55
NbNm,16,21,37,0.43
NbNn,31,20,51,0.61
NbNs,12,14,26,0.46
NbNt,3,3,6,0.5
NbPB,15,17,32,0.47
NbPD,0,2,2,0.0
NbPH,1,5,6,0.17
NbPI,1,1,2,0.5
NbPK,1,2,3,0.33
NbPL,8,11,19,0.42
NbPM,27,25,52,0.52
NbPN,19,18,37,0.51
NbPP,34,35,69,0.49
NbPS,13,13,26,0.5
NbPb,19,18,37,0.51
NbPh,2,0,2,1.0
NbPl,7,14,21,0.33
NbPm,14,13,27,0.52
NbPn,22,19,41,0.54
NbPs,15,9,24,0.62
NbPt,1,4,5,0.2
NbSB,5,8,13,0.38
NbSD,1,0,1,1.0
NbSH,6,3,9,0.67
NbSL,6,2,8,0.75
NbSM,10,9,19,0.53
NbSN,9,7,16,0.56
NbSP,9,10,19,0.47
NbSS,3,5,8,0.38
NbSb,3,5,8,0.38
NbSh,5,8,13,0.38
NbSl,2,2,4,0.5
NbSm,9,6,15,0.6
NbSn,8,10,18,0.44
NbSs,5,3,8,0.62
NbSt,3,4,7,0.43
NbbB,14,19,33,0.42
NbbD,2,0,2,1.0
NbbH,7,7,14,0.5
NbbJ,3,8,11,0.27
NbbK,2,3,5,0.4
NbbL,7,5,12,0.58
NbbM,14,15,29,0.48
NbbN,29,16,45,0.64
NbbP,12,31,43,0.28
NbbS,4,3,7,0.57
Nbbb,11,12,23,0.48
Nbbl,7,3,10,0.7
Nbbm,7,7,14,0.5
Nbbn,19,12,31,0.61
Nbbs,8,8,16,0.5
NblB,3,4,7,0.43
NblH,1,4,5,0.2
NblI,1,1,2,0.5
NblJ,2,1,3,0.67
NblK,1,0,1,1.0
NblL,2,2,4,0.5
NblM,5,14,19,0.26
NblN,8,8,16,0.5
NblP,7,7,14,0.5
NblS,2,4,6,0.33
Nblb,5,5,10,0.5
Nbll,3,2,5,0.6
Nblm,4,3,7,0.57
Nbln,10,2,12,0.83
Nbls,2,4,6,0.33
NbmB,4,9,13,0.31
NbmD,0,1,1,0.0
NbmH,10,6,16,0.62
NbmI,1,0,1,1.0
NbmJ,2,3,5,0.4
NbmL,4,7,11,0.36
NbmM,7,10,17,0.41
NbmN,10,17,27,0.37
NbmP,15,15,30,0.5
NbmS,2,5,7,0.29
Nbmb,8,16,24,0.33
Nbml,5,2,7,0.71
Nbmm,10,5,15,0.67
Nbmn,14,11,25,0.56
Nbms,5,4,9,0.56
NbnB,8,6,14,0.57
NbnD,0,2,2,0.0
NbnH,5,6,11,0.45
NbnI,0,2,2,0.0
NbnK,1,2,3,0.33
NbnL,7,2,9,0.78
NbnM,20,16,36,0.56
NbnN,25,35,60,0.42
NbnP,19,27,46,0.41
NbnS,10,8,18,0.56
Nbnb,18,10,28,0.64
Nbnh,1,2,3,0.33
Nbnl,7,4,11,0.64
Nbnm,11,8,19,0.58
Nbnn,23,20,43,0.53
Nbns,11,9,20,0.55
Nbnt,1,0,1,1.0
NbsB,3,2,5,0.6
NbsD,1,0,1,1.0
NbsH,5,11,16,0.31
NbsI,1,1,2,0.5
NbsK,0,0,0,
NbsL,1,6,7,0.14
NbsM,7,8,15,0.47
NbsN,9,8,17,0.53
NbsP,14,6,20,0.7
NbsS,8,5,13,0.62
Nbsb,0,10,10,0.0
Nbsl,5,5,10,0.5
Nbsm,4,2,6,0.67
Nbsn,9,8,17,0.53
Nbss,2,4,6,0.33
NhBB,1,3,4,0.25
NhBD,1,0,1,1.0
NhBK,2,1,3,0.67
NhBL,0,2,2,0.0
NhBM,2,4,6,0.33
NhBN,5,4,9,0.56
NhBP,2,8,10,0.2
NhBS,1,2,3,0.33
NhBb,9,3,12,0.75
NhBh,0,1,1,0.0
NhBj,2,2,4,0.5
NhBl,5,3,8,0.62
NhBm,3,1,4,0.75
NhBn,3,3,6,0.5
NhBs,1,2,3,0.33
NhDB,1,0,1,1.0
NhDH,1,0,1,1.0
NhDN,1,0,1,1.0
NhDm,1,0,1,1.0
NhDs,0,1,1,0.0
NhHB,1,0,1,1.0
NhHL,2,0,2,1.0
NhHM,0,3,3,0.0
NhHN,2,1,3,0.67
NhHP,2,2,4,0.5
NhHb,1,0,1,1.0
NhHl,1,0,1,1.0
NhHm,1,0,1,1.0
NhHn,2,2,4,0.5
NhHs,0,0,0,
NhIM,1,0,1,1.0
NhIN,1,1,2,0.5
NhIs,1,0,1,1.0
NhKb,0,1,1,0.0
NhLB,2,1,3,0.67
NhLK,0,0,0,
NhLL,2,2,4,0.5
NhLM,3,5,8,0.38
NhLN,0,2,2,0.0
NhLP,3,0,3,1.0
NhLb,3,1,4,0.75
NhLh,1,0,1,1.0
NhLj,0,0,0,
NhLl,1,1,2,0.5
NhLm,0,1,1,0.0
NhLn,1,5,6,0.17
NhLs,3,1,4,0.75
NhLt,1,0,1,1.0
NhMB,2,4,6,0.33
NhMD,0,0,0,
NhML,0,1,1,0.0
NhMM,7,8,15,0.47
NhMN,3,2,5,0.6
NhMP,12,6,18,0.67
NhMS,6,2,8,0.75
NhMb,7,6,13,0.54
NhMh,6,2,8,0.75
NhMj,3,1,4,0.75
NhMm,1,2,3,0.33
NhMn,5,6,11,0.45
NhMs,2,2,4,0.5
NhMt,0,1,1,0.0
NhNB,5,5,10,0.5
NhND,0,1,1,0.0
NhNH,1,1,2,0.5
NhNL,1,1,2,0.5
NhNM,6,6,12,0.5
NhNN,7,8,15,0.47
NhNP,10,9,19,0.53
NhNS,1,4,5,0.2
NhNb,6,3,9,0.67
NhNh,2,1,3,0.67
NhNl,2,1,3,0.67
NhNm,3,1,4,0.75
NhNn,9,6,15,0.6
NhNs,2,3,5,0.4
NhNt,0,0,0,
NhPB,5,7,12,0.42
NhPD,0,0,0,
NhPH,2,0,2,1.0
NhPI,0,1,1,0.0
NhPK,0,2,2,0.0
NhPL,5,1,6,0.83
NhPM,5,6,11,0.45
NhPN,13,8,21,0.62
NhPP,7,14,21,0.33
NhPS,7,8,15,0.47
NhPb,6,5,11,0.55
NhPl,2,3,5,0.4
NhPm,2,5,7,0.29
NhPn,8,7,15,0.53
NhPs,7,3,10,0.7
NhPt,0,0,0,
NhSB,5,3,8,0.62
NhSH,1,3,4,0.25
NhSL,1,0,1,1.0
NhSM,5,2,7,0.71
NhSN,4,3,7,0.57
NhSP,3,4,7,0.43
NhSS,4,2,6,0.67
NhSb,1,2,3,0.33
NhSh,3,4,7,0.43
NhSl,2,5,7,0.29
NhSm,1,3,4,0.25
NhSn,1,6,7,0.14
NhSs,5,3,8,0.62
NhSt,0,2,2,0.0
NhbB,2,5,7,0.29
NhbD,1,0,1,1.0
NhbH,3,3,6,0.5
NhbJ,2,0,2,1.0
NhbK,1,0,1,1.0
NhbL,2,0,2,1.0
NhbM,5,5,10,0.5
NhbN,6,7,13,0.46
NhbP,10,4,14,0.71
NhbS,3,5,8,0.38
Nhbb,3,6,9,0.33
Nhbl,2,1,3,0.67
Nhbm,6,3,9,0.67
Nhbn,5,7,12,0.42
Nhbs,5,1,6,0.83
NhhB,3,4,7,0.43
NhhH,0,1,1,0.0
NhhI,0,1,1,0.0
NhhL,2,4,6,0.33
NhhM,4,4,8,0.5
NhhN,2,4,6,0.33
NhhP,8,4,12,0.67
NhhS,0,2,2,0.0
Nhhb,4,4,8,0.5
Nhhh,5,2,7,0.71
Nhhl,1,5,6,0.17
Nhhm,5,5,10,0.5
Nhhn,3,3,6,0.5
Nhhs,6,2,8,0.75
Nhht,2,1,3,0.67
NhlB,2,0,2,1.0
NhlH,3,4,7,0.43
NhlJ,1,0,1,1.0
NhlL,1,1,2,0.5
NhlM,4,4,8,0.5
NhlN,2,1,3,0.67
NhlP,3,1,4,0.75
NhlS,0,5,5,0.0
Nhlb,3,1,4,0.75
Nhll,0,2,2,0.0
Nhlm,2,2,4,0.5
Nhln,0,2,2,0.0
Nhls,2,2,4,0.5
NhmB,3,4,7,0.43
NhmD,0,1,1,0.0
NhmH,2,5,7,0.29
NhmI,1,2,3,0.33
NhmJ,1,0,1,1.0
NhmL,2,0,2,1.0
NhmM,4,5,9,0.44
NhmN,4,3,7,0.57
NhmP,3,7,10,0.3
NhmS,4,4,8,0.5
Nhmb,4,2,6,0.67
Nhml,0,2,2,0.0
Nhmm,3,5,8,0.38
Nhmn,6,2,8,0.75
Nhms,1,3,4,0.25
NhnB,6,2,8,0.75
NhnD,2,1,3,0.67
NhnH,1,1,2,0.5
NhnI,0,0,0,
NhnK,2,0,2,1.0
NhnL,2,5,7,0.29
NhnM,9,6,15,0.6
NhnN,9,9,18,0.5
NhnP,6,8,14,0.43
NhnS,5,7,12,0.42
Nhnb,4,5,9,0.44
Nhnl,3,1,4,0.75
Nhnm,10,8,18,0.56
Nhnn,5,6,11,0.45
Nhns,3,4,7,0.43
NhsB,0,2,2,0.0
NhsD,1,1,2,0.5
NhsH,5,3,8,0.62
NhsI,3,0,3,1.0
NhsL,3,5,8,0.38
NhsM,5,5,10,0.5
NhsN,4,1,5,0.8
NhsP,5,9,14,0.36
NhsS,3,4,7,0.43
Nhsb,4,5,9,0.44
Nhsh,1,0,1,1.0
Nhsl,2,1,3,0.67
Nhsm,4,1,5,0.8
Nhsn,4,2,6,0.67
Nhss,4,3,7,0.57
NhtB,1,1,2,0.5
NhtD,0,1,1,0.0
NhtK,0,1,1,0.0
NhtL,0,0,0,
NhtN,3,1,4,0.75
NhtP,0,1,1,0.0
NhtS,1,0,1,1.0
Nhtb,1,0,1,1.0
Nhtl,1,1,2,0.5
Nhtn,1,0,1,1.0
Nhts,1,1,2,0.5
NlBB,1,4,5,0.2
NlBD,1,0,1,1.0
NlBK,1,0,1,1.0
NlBL,1,0,1,1.0
NlBM,6,3,9,0.67
NlBN,2,6,8,0.25
NlBP,6,10,16,0.38
NlBS,1,4,5,0.2
NlBb,10,7,17,0.59
NlBh,0,1,1,0.0
NlBj,1,0,1,1.0
NlBl,0,2,2,0.0
NlBm,5,1,6,0.83
NlBn,5,6,11,0.45
NlBs,2,1,3,0.67
NlDB,1,0,1,1.0
NlDH,0,2,2,0.0
NlDL,1,0,1,1.0
NlDM,1,0,1,1.0
NlDN,1,0,1,1.0
NlDP,1,1,2,0.5
NlDl,1,0,1,1.0
NlDn,1,1,2,0.5
NlDs,0,3,3,0.0
NlHB,4,9,13,0.31
NlHD,0,0,0,
NlHH,2,0,2,1.0
NlHI,1,0,1,1.0
NlHL,3,3,6,0.5
NlHM,8,4,12,0.67
NlHN,4,10,14,0.29
NlHP,11,5,16,0.69
NlHS,2,1,3,0.67
NlHb,3,4,7,0.43
NlHh,3,2,5,0.6
NlHl,1,0,1,1.0
NlHm,4,0,4,1.0
NlHn,4,10,14,0.29
NlHs,4,2,6,0.67
NlHt,1,0,1,1.0
NlIH,2,0,2,1.0
NlIL,0,1,1,0.0
NlIS,1,0,1,1.0
NlIb,0,0,0,
NlIm,0,2,2,0.0
NlIs,1,0,1,1.0
NlJB,1,1,2,0.5
NlJH,2,0,2,1.0
NlJL,1,1,2,0.5
NlJM,0,1,1,0.0
NlJN,1,3,4,0.25
NlJP,6,1,7,0.86
NlJS,4,0,4,1.0
NlJb,3,2,5,0.6
NlJh,1,0,1,1.0
NlJl,0,2,2,0.0
NlJm,4,0,4,1.0
NlJn,4,2,6,0.67
NlJs,0,1,1,0.0
NlKM,0,1,1,0.0
NlKP,1,0,1,1.0
NlKS,0,0,0,
NlKb,1,2,3,0.33
NlKh,1,1,2,0.5
NlKm,0,1,1,0.0
NlKn,1,0,1,1.0
NlKs,0,1,1,0.0
NlKt,1,0,1,1.0
NlLB,1,1,2,0.5
NlLH,0,1,1,0.0
NlLL,0,1,1,0.0
NlLM,2,2,4,0.5
NlLN,2,4,6,0.33
NlLP,4,1,5,0.8
NlLS,1,2,3,0.33
NlLb,1,2,3,0.33
NlLh,0,1,1,0.0
NlLj,0,3,3,0.0
NlLl,2,0,2,1.0
NlLm,2,4,6,0.33
NlLn,3,1,4,0.75
NlLs,3,0,3,1.0
NlLt,0,1,1,0.0
NlMB,5,8,13,0.38
NlMD,1,1,2,0.5
NlML,2,1,3,0.67
NlMM,7,10,17,0.41
NlMN,9,7,16,0.56
NlMP,7,9,16,0.44
NlMS,0,7,7,0.0
NlMb,7,7,14,0.5
NlMh,6,6,12,0.5
NlMj,3,1,4,0.75
NlMl,2,2,4,0.5
NlMm,5,7,12,0.42
NlMn,13,11,24,0.54
NlMs,2,6,8,0.25
NlMt,2,0,2,1.0
NlNB,7,3,10,0.7
NlNH,2,0,2,1.0
NlNL,7,7,14,0.5
NlNM,10,5,15,0.67
NlNN,7,8,15,0.47
NlNP,8,7,15,0.53
NlNS,11,6,17,0.65
NlNb,7,7,14,0.5
NlNh,3,4,7,0.43
NlNl,10,5,15,0.67
NlNm,8,5,13,0.62
NlNn,12,12,24,0.5
NlNs,7,5,12,0.58
NlNt,2,2,4,0.5
NlPB,9,12,21,0.43
NlPD,1,0,1,1.0
NlPH,3,1,4,0.75
NlPK,1,0,1,1.0
NlPL,3,6,9,0.33
NlPM,7,8,15,0.47
NlPN,10,13,23,0.43
NlPP,14,15,29,0.48
NlPS,6,5,11,0.55
NlPb,7,10,17,0.41
NlPh,2,1,3,0.67
NlPl,3,4,7,0.43
NlPm,9,11,20,0.45
NlPn,6,12,18,0.33
NlPs,2,3,5,0.4
NlPt,1,0,1,1.0
NlSB,4,4,8,0.5
NlSH,3,2,5,0.6
NlSL,1,3,4,0.25
NlSM,3,5,8,0.38
NlSN,5,7,12,0.42
NlSP,10,3,13,0.77
NlSS,0,7,7,0.0
NlSb,5,9,14,0.36
NlSh,2,2,4,0.5
NlSl,2,2,4,0.5
NlSm,2,2,4,0.5
NlSn,2,5,7,0.29
NlSs,6,1,7,0.86
NlbB,5,7,12,0.42
NlbD,0,2,2,0.0
NlbH,3,4,7,0.43
NlbJ,2,0,2,1.0
NlbL,3,6,9,0.33
NlbM,4,5,9,0.44
NlbN,8,12,20,0.4
NlbP,11,9,20,0.55
NlbS,3,0,3,1.0
Nlbb,7,6,13,0.54
Nlbl,2,3,5,0.4
Nlbm,6,0,6,1.0
Nlbn,12,7,19,0.63
Nlbs,5,4,9,0.56
NllB,3,2,5,0.6
NllD,1,1,2,0.5
NllH,0,2,2,0.0
NllJ,0,1,1,0.0
NllL,1,1,2,0.5
NllM,7,4,11,0.64
NllN,2,9,11,0.18
NllP,1,1,2,0.5
NllS,3,1,4,0.75
Nllb,3,4,7,0.43
Nlll,0,1,1,0.0
Nllm,3,2,5,0.6
Nlln,2,0,2,1.0
Nlls,2,2,4,0.5
NlmB,5,2,7,0.71
NlmH,2,3,5,0.4
NlmL,1,4,5,0.2
NlmM,2,5,7,0.29
NlmN,8,4,12,0.67
NlmP,5,5,10,0.5
NlmS,3,3,6,0.5
Nlmb,5,7,12,0.42
Nlml,2,1,3,0.67
Nlmm,4,4,8,0.5
Nlmn,8,7,15,0.53
Nlms,2,2,4,0.5
NlnB,5,2,7,0.71
NlnD,1,0,1,1.0
NlnH,4,10,14,0.29
NlnI,1,1,2,0.5
NlnL,3,2,5,0.6
NlnM,10,9,19,0.53
NlnN,14,10,24,0.58
NlnP,10,6,16,0.62
NlnS,4,4,8,0.5
Nlnb,5,6,11,0.45
Nlnh,0,0,0,
Nlnl,3,2,5,0.6
Nlnm,5,6,11,0.45
Nlnn,7,6,13,0.54
Nlns,4,4,8,0.5
NlsB,2,1,3,0.67
NlsD,1,1,2,0.5
NlsH,2,6,8,0.25
NlsI,1,0,1,1.0
NlsK,1,0,1,1.0
NlsL,0,3,3,0.0
NlsM,3,3,6,0.5
NlsN,3,4,7,0.43
NlsP,5,6,11,0.45
NlsS,2,0,2,1.0
Nlsb,5,4,9,0.56
Nlsl,2,1,3,0.67
Nlsm,5,5,10,0.5
Nlsn,8,4,12,0.67
Nlss,0,3,3,0.0
NmBB,2,6,8,0.25
NmBD,1,1,2,0.5
NmBK,0,1,1,0.0
NmBL,3,1,4,0.75
NmBM,6,10,16,0.38
NmBN,13,5,18,0.72
NmBP,10,9,19,0.53
NmBS,2,7,9,0.22
NmBb,7,7,14,0.5
NmBh,0,1,1,0.0
NmBj,2,3,5,0.4
NmBl,3,1,4,0.75
NmBm,2,8,10,0.2
NmBn,10,13,23,0.43
NmBs,4,5,9,0.44
NmBt,2,3,5,0.4
NmDB,2,0,2,1.0
NmDD,1,0,1,1.0
NmDH,1,1,2,0.5
NmDM,2,1,3,0.67
NmDN,0,1,1,0.0
NmDS,1,0,1,1.0
NmDb,0,1,1,0.0
NmDl,1,0,1,1.0
NmDm,0,1,1,0.0
NmDn,4,1,5,0.8
NmDs,1,0,1,1.0
NmDt,1,0,1,1.0
NmHB,3,6,9,0.33
NmHD,0,4,4,0.0
NmHH,1,1,2,0.5
NmHI,1,0,1,1.0
NmHK,1,0,1,1.0
NmHL,4,2,6,0.67
NmHM,13,4,17,0.76
NmHN,14,9,23,0.61
NmHP,15,14,29,0.52
NmHS,7,6,13,0.54
NmHb,6,9,15,0.4
NmHh,9,5,14,0.64
NmHl,5,7,12,0.42
NmHm,3,9,12,0.25
NmHn,17,18,35,0.49
NmHs,6,13,19,0.32
NmHt,2,3,5,0.4
NmIB,1,1,2,0.5
NmIH,1,0,1,1.0
NmIM,0,0,0,
NmIN,5,0,5,1.0
NmIS,2,0,2,1.0
NmIb,2,0,2,1.0
NmIl,0,2,2,0.0
NmIm,2,0,2,1.0
NmIn,0,3,3,0.0
NmIs,3,2,5,0.6
NmJB,1,1,2,0.5
NmJH,3,1,4,0.75
NmJI,0,1,1,0.0
NmJK,0,1,1,0.0
NmJM,5,3,8,0.62
NmJN,3,3,6,0.5
NmJP,3,5,8,0.38
NmJS,5,3,8,0.62
NmJb,4,2,6,0.67
NmJl,2,0,2,1.0
NmJm,1,0,1,1.0
NmJn,3,1,4,0.75
NmJs,3,3,6,0.5
NmJt,1,0,1,1.0
NmKB,0,1,1,0.0
NmLB,2,5,7,0.29
NmLK,1,0,1,1.0
NmLL,1,0,1,1.0
NmLM,7,4,11,0.64
NmLN,5,5,10,0.5
NmLP,2,2,4,0.5
NmLS,3,1,4,0.75
NmLb,0,3,3,0.0
NmLh,2,4,6,0.33
NmLj,1,2,3,0.33
NmLl,2,1,3,0.67
NmLm,3,0,3,1.0
NmLn,12,8,20,0.6
NmLs,5,1,6,0.83
NmLt,3,0,3,1.0
NmMB,13,2,15,0.87
NmMD,0,2,2,0.0
NmMK,1,0,1,1.0
NmML,1,2,3,0.33
NmMM,7,12,19,0.37
NmMN,7,10,17,0.41
NmMP,11,11,22,0.5
NmMS,6,4,10,0.6
NmMb,18,10,28,0.64
NmMh,9,10,19,0.47
NmMj,4,1,5,0.8
NmMl,5,4,9,0.56
NmMm,9,8,17,0.53
NmMn,32,24,56,0.57
NmMs,11,4,15,0.73
NmMt,3,4,7,0.43
NmNB,13,12,25,0.52
NmND,2,3,5,0.4
NmNH,2,3,5,0.4
NmNK,0,1,1,0.0
NmNL,5,3,8,0.62
NmNM,14,15,29,0.48
NmNN,11,24,35,0.31
NmNP,28,26,54,0.52
NmNS,11,21,32,0.34
NmNb,9,8,17,0.53
NmNh,4,2,6,0.67
NmNl,6,6,12,0.5
NmNm,12,13,25,0.48
NmNn,17,24,41,0.41
NmNs,8,10,18,0.44
NmNt,1,2,3,0.33
NmPB,11,13,24,0.46
NmPD,2,0,2,1.0
NmPH,4,4,8,0.5
NmPI,0,1,1,0.0
NmPK,0,3,3,0.0
NmPL,7,8,15,0.47
NmPM,24,26,50,0.48
NmPN,16,19,35,0.46
NmPP,28,18,46,0.61
NmPS,7,15,22,0.32
NmPb,17,12,29,0.59
NmPh,3,2,5,0.6
NmPl,9,5,14,0.64
NmPm,16,4,20,0.8
NmPn,13,23,36,0.36
NmPs,10,6,16,0.62
NmPt,3,2,5,0.6
NmSB,2,6,8,0.25
NmSD,1,1,2,0.5
NmSH,0,2,2,0.0
NmSL,2,1,3,0.67
NmSM,8,12,20,0.4
NmSN,1,6,7,0.14
NmSP,11,10,21,0.52
NmSS,6,12,18,0.33
NmSb,9,11,20,0.45
NmSh,6,2,8,0.75
NmSl,2,2,4,0.5
NmSm,6,5,11,0.55
NmSn,11,10,21,0.52
NmSs,10,7,17,0.59
NmSt,2,0,2,1.0
NmbB,9,10,19,0.47
NmbD,0,0,0,
NmbH,2,5,7,0.29
NmbI,2,0,2,1.0
NmbJ,5,0,5,1.0
NmbK,1,0,1,1.0
NmbL,4,3,7,0.57
NmbM,9,11,20,0.45
NmbN,15,9,24,0.62
NmbP,17,11,28,0.61
NmbS,6,6,12,0.5
Nmbb,3,15,18,0.17
Nmbl,6,4,10,0.6
Nmbm,4,6,10,0.4
Nmbn,13,13,26,0.5
Nmbs,6,4,10,0.6
NmlB,5,4,9,0.56
NmlD,0,1,1,0.0
NmlH,3,2,5,0.6
NmlJ,1,0,1,1.0
NmlL,1,1,2,0.5
NmlM,6,3,9,0.67
NmlN,5,5,10,0.5
NmlP,2,6,8,0.25
NmlS,3,1,4,0.75
Nmlb,7,7,14,0.5
Nmll,1,1,2,0.5
Nmlm,2,4,6,0.33
Nmln,5,2,7,0.71
Nmls,0,2,2,0.0
NmmB,6,8,14,0.43
NmmD,1,1,2,0.5
NmmH,3,9,12,0.25
NmmI,0,1,1,0.0
NmmJ,1,0,1,1.0
NmmL,4,3,7,0.57
NmmM,9,11,20,0.45
NmmN,11,12,23,0.48
NmmP,10,7,17,0.59
NmmS,5,4,9,0.56
Nmmb,13,6,19,0.68
Nmml,3,4,7,0.43
Nmmm,5,3,8,0.62
Nmmn,12,7,19,0.63
Nmms,2,6,8,0.25
NmnB,10,11,21,0.48
NmnD,0,1,1,0.0
NmnH,6,4,10,0.6
NmnI,3,2,5,0.6
NmnL,5,7,12,0.42
NmnM,8,10,18,0.44
NmnN,17,26,43,0.4
NmnP,23,24,47,0.49
NmnS,15,7,22,0.68
Nmnb,18,14,32,0.56
Nmnl,6,9,15,0.4
Nmnm,16,3,19,0.84
Nmnn,21,15,36,0.58
Nmns,3,6,9,0.33
NmsB,2,2,4,0.5
NmsH,5,6,11,0.45
NmsL,1,3,4,0.25
NmsM,5,3,8,0.62
NmsN,5,4,9,0.56
NmsP,7,9,16,0.44
NmsS,4,6,10,0.4
Nmsb,3,4,7,0.43
Nmsh,0,1,1,0.0
Nmsl,2,2,4,0.5
Nmsm,3,1,4,0.75
Nmsn,7,8,15,0.47
Nmss,4,3,7,0.57
NnBB,16,14,30,0.53
NnBD,1,1,2,0.5
NnBH,0,1,1,0.0
NnBK,0,2,2,0.0
NnBL,6,2,8,0.75
NnBM,17,9,26,0.65
NnBN,6,19,25,0.24
NnBP,17,13,30,0.57
NnBS,7,9,16,0.44
NnBb,16,10,26,0.62
NnBh,0,2,2,0.0
NnBj,7,4,11,0.64
NnBl,4,3,7,0.57
NnBm,10,8,18,0.56
NnBn,19,24,43,0.44
NnBs,2,3,5,0.4
NnBt,4,3,7,0.57
NnDB,0,1,1,0.0
NnDH,2,1,3,0.67
NnDI,0,0,0,
NnDL,1,1,2,0.5
NnDM,0,1,1,0.0
NnDN,1,3,4,0.25
NnDP,1,2,3,0.33
NnDS,1,0,1,1.0
NnDb,1,0,1,1.0
NnDl,0,2,2,0.0
NnDm,2,2,4,0.5
NnDs,0,1,1,0.0
NnHB,12,9,21,0.57
NnHD,0,1,1,0.0
NnHH,2,4,6,0.33
NnHI,1,1,2,0.5
NnHK,0,1,1,0.0
NnHL,5,4,9,0.56
NnHM,18,11,29,0.62
NnHN,14,20,34,0.41
NnHP,14,27,41,0.34
NnHS,7,15,22,0.32
NnHb,11,15,26,0.42
NnHh,4,2,6,0.67
NnHl,3,7,10,0.3
NnHm,11,12,23,0.48
NnHn,10,16,26,0.38
NnHs,6,10,16,0.38
NnHt,0,0,0,
NnIB,0,2,2,0.0
NnID,1,0,1,1.0
NnIH,4,3,7,0.57
NnII,0,1,1,0.0
NnIM,5,3,8,0.62
NnIN,6,1,7,0.86
NnIP,2,3,5,0.4
NnIS,1,3,4,0.25
NnIb,4,3,7,0.57
NnIl,2,0,2,1.0
NnIm,1,2,3,0.33
NnIn,1,3,4,0.25
NnIs,2,2,4,0.5
NnKB,2,1,3,0.67
NnKH,0,1,1,0.0
NnKI,1,0,1,1.0
NnKL,1,0,1,1.0
NnKM,1,2,3,0.33
NnKP,1,1,2,0.5
NnKS,1,1,2,0.5
NnKb,2,2,4,0.5
NnKh,0,1,1,0.0
NnKl,1,1,2,0.5
NnKm,0,1,1,0.0
NnKn,5,4,9,0.56
NnKs,3,2,5,0.6
NnLB,3,6,9,0.33
NnLD,1,0,1,1.0
NnLK,1,0,1,1.0
NnLL,3,3,6,0.5
NnLM,11,7,18,0.61
NnLN,9,8,17,0.53
NnLP,14,7,21,0.67
NnLS,7,8,15,0.47
NnLb,4,4,8,0.5
NnLh,2,3,5,0.4
NnLj,2,1,3,0.67
NnLl,3,8,11,0.27
NnLm,4,6,10,0.4
NnLn,12,9,21,0.57
NnLs,1,3,4,0.25
NnLt,1,4,5,0.2
NnMB,17,16,33,0.52
NnMD,0,2,2,0.0
NnML,8,10,18,0.44
NnMM,22,22,44,0.5
NnMN,15,25,40,0.38
NnMP,19,33,52,0.37
NnMS,12,10,22,0.55
NnMb,28,21,49,0.57
NnMh,21,14,35,0.6
NnMj,4,9,13,0.31
NnMl,7,12,19,0.37
NnMm,20,12,32,0.62
NnMn,40,28,68,0.59
NnMs,11,11,22,0.5
NnMt,7,5,12,0.58
NnNB,21,21,42,0.5
NnND,6,2,8,0.75
NnNH,2,4,6,0.33
NnNK,3,2,5,0.6
NnNL,15,9,24,0.62
NnNM,28,45,73,0.38
NnNN,42,37,79,0.53
NnNP,60,36,96,0.62
NnNS,22,19,41,0.54
NnNb,21,20,41,0.51
NnNh,10,12,22,0.45
NnNl,13,12,25,0.52
NnNm,22,20,42,0.52
NnNn,48,38,86,0.56
NnNs,20,11,31,0.65
NnNt,10,7,17,0.59
NnPB,22,26,48,0.46
NnPD,2,1,3,0.67
NnPH,20,14,34,0.59
NnPI,5,1,6,0.83
NnPK,3,5,8,0.38
NnPL,11,16,27,0.41
NnPM,26,40,66,0.39
NnPN,47,41,88,0.53
NnPP,59,47,106,0.56
NnPS,26,27,53,0.49
NnPb,42,35,77,0.55
NnPh,6,6,12,0.5
NnPl,17,21,38,0.45
NnPm,31,25,56,0.55
NnPn,51,41,92,0.55
NnPs,20,24,44,0.45
NnPt,4,2,6,0.67
NnSB,6,11,17,0.35
NnSD,3,0,3,1.0
NnSH,0,6,6,0.0
NnSL,4,5,9,0.44
NnSM,17,16,33,0.52
NnSN,8,16,24,0.33
NnSP,21,33,54,0.39
NnSS,11,13,24,0.46
NnSb,13,8,21,0.62
NnSh,9,9,18,0.5
NnSl,5,9,14,0.36
NnSm,14,12,26,0.54
NnSn,20,25,45,0.44
NnSs,10,10,20,0.5
NnSt,5,2,7,0.71
NnbB,17,13,30,0.57
NnbD,1,4,5,0.2
NnbH,4,4,8,0.5
NnbJ,6,6,12,0.5
NnbK,2,1,3,0.67
NnbL,9,13,22,0.41
NnbM,17,18,35,0.49
NnbN,29,38,67,0.43
NnbP,38,21,59,0.64
NnbS,15,12,27,0.56
Nnbb,25,17,42,0.6
Nnbl,4,13,17,0.24
Nnbm,23,10,33,0.7
Nnbn,34,15,49,0.69
Nnbs,6,10,16,0.38
NnhL,1,0,1,1.0
NnhM,2,0,2,1.0
NnhN,1,1,2,0.5
NnhP,1,2,3,0.33
NnhS,0,2,2,0.0
Nnhb,1,0,1,1.0
Nnhh,0,0,0,
Nnhm,0,1,1,0.0
Nnhn,1,0,1,1.0
NnlB,7,6,13,0.54
NnlH,6,10,16,0.38
NnlI,0,1,1,0.0
NnlJ,4,0,4,1.0
NnlL,1,0,1,1.0
NnlM,11,8,19,0.58
NnlN,9,12,21,0.43
NnlP,10,10,20,0.5
NnlS,7,9,16,0.44
Nnlb,8,8,16,0.5
Nnll,2,5,7,0.29
Nnlm,7,7,14,0.5
Nnln,4,12,16,0.25
Nnls,5,4,9,0.56
NnmB,14,9,23,0.61
NnmD,0,1,1,0.0
NnmH,14,9,23,0.61
NnmI,1,0,1,1.0
NnmJ,3,5,8,0.38
NnmL,7,9,16,0.44
NnmM,9,16,25,0.36
NnmN,22,20,42,0.52
NnmP,24,26,50,0.48
NnmS,12,7,19,0.63
Nnmb,21,10,31,0.68
Nnml,3,1,4,0.75
Nnmm,14,6,20,0.7
Nnmn,17,14,31,0.55
Nnms,7,11,18,0.39
NnnB,16,17,33,0.48
NnnD,4,4,8,0.5
NnnH,19,15,34,0.56
NnnI,3,1,4,0.75
NnnK,2,2,4,0.5
NnnL,11,7,18,0.61
NnnM,27,26,53,0.51
NnnN,46,36,82,0.56
NnnP,40,32,72,0.56
NnnS,16,15,31,0.52
Nnnb,35,24,59,0.59
Nnnh,2,0,2,1.0
Nnnl,8,6,14,0.57
Nnnm,28,24,52,0.54
Nnnn,24,34,58,0.41
Nnns,18,17,35,0.51
NnsB,6,12,18,0.33
NnsD,2,0,2,1.0
NnsH,13,6,19,0.68
NnsI,1,2,3,0.33
NnsK,1,0,1,1.0
NnsL,8,3,11,0.73
NnsM,13,8,21,0.62
NnsN,15,23,38,0.39
NnsP,29,14,43,0.67
NnsS,13,7,20,0.65
Nnsb,9,11,20,0.45
Nnsh,0,1,1,0.0
Nnsl,9,6,15,0.6
Nnsm,10,8,18,0.56
Nnsn,11,13,24,0.46
Nnss,6,14,20,0.3
Nntb,1,0,1,1.0
NsBB,5,5,10,0.5
NsBD,1,1,2,0.5
NsBK,0,1,1,0.0
NsBL,2,1,3,0.67
NsBM,6,9,15,0.4
NsBN,5,4,9,0.56
NsBP,3,6,9,0.33
NsBS,3,3,6,0.5
NsBb,5,7,12,0.42
NsBh,1,0,1,1.0
NsBj,4,2,6,0.67
NsBl,1,1,2,0.5
NsBm,2,2,4,0.5
NsBn,5,6,11,0.45
NsBs,1,3,4,0.25
NsBt,1,0,1,1.0
NsDB,1,0,1,1.0
NsDD,0,0,0,
NsDH,1,0,1,1.0
NsDL,1,1,2,0.5
NsDM,1,1,2,0.5
NsDN,0,1,1,0.0
NsDb,1,1,2,0.5
NsDl,1,2,3,0.33
NsDn,2,1,3,0.67
NsHB,3,8,11,0.27
NsHD,1,2,3,0.33
NsHH,1,2,3,0.33
NsHI,2,1,3,0.67
NsHK,0,3,3,0.0
NsHL,2,2,4,0.5
NsHM,10,12,22,0.45
NsHN,9,6,15,0.6
NsHP,11,8,19,0.58
NsHS,4,10,14,0.29
NsHb,6,8,14,0.43
NsHh,9,3,12,0.75
NsHl,5,3,8,0.62
NsHm,8,1,9,0.89
NsHn,11,12,23,0.48
NsHs,7,9,16,0.44
NsHt,1,1,2,0.5
NsIB,0,0,0,
NsIH,1,4,5,0.2
NsIL,1,0,1,1.0
NsIM,1,1,2,0.5
NsIN,5,1,6,0.83
NsIP,3,3,6,0.5
NsIS,3,1,4,0.75
NsIb,2,0,2,1.0
NsIn,0,1,1,0.0
NsIs,2,1,3,0.67
NsKM,1,0,1,1.0
NsKN,0,1,1,0.0
NsKP,0,0,0,
NsKS,0,1,1,0.0
NsKb,0,1,1,0.0
NsKh,1,0,1,1.0
NsKn,2,0,2,1.0
NsLB,0,2,2,0.0
NsLD,1,0,1,1.0
NsLK,0,1,1,0.0
NsLL,1,0,1,1.0
NsLM,4,2,6,0.67
NsLN,2,0,2,1.0
NsLP,5,6,11,0.45
NsLS,4,3,7,0.57
NsLb,7,1,8,0.88
NsLh,1,1,2,0.5
NsLj,2,2,4,0.5
NsLl,4,2,6,0.67
NsLm,3,2,5,0.6
NsLn,6,7,13,0.46
NsLs,7,4,11,0.64
NsLt,1,2,3,0.33
NsMB,7,9,16,0.44
NsMD,0,2,2,0.0
NsML,1,0,1,1.0
NsMM,9,16,25,0.36
NsMN,5,9,14,0.36
NsMP,4,8,12,0.33
NsMS,8,8,16,0.5
NsMb,5,12,17,0.29
NsMh,7,11,18,0.39
NsMj,2,4,6,0.33
NsMl,4,2,6,0.67
NsMm,8,4,12,0.67
NsMn,10,13,23,0.43
NsMs,7,9,16,0.44
NsMt,0,0,0,
NsNB,4,9,13,0.31
NsND,1,0,1,1.0
NsNH,4,2,6,0.67
NsNI,0,1,1,0.0
NsNK,2,0,2,1.0
NsNL,1,5,6,0.17
NsNM,10,10,20,0.5
NsNN,11,14,25,0.44
NsNP,15,27,42,0.36
NsNS,9,6,15,0.6
NsNb,7,9,16,0.44
NsNh,2,6,8,0.25
NsNl,4,2,6,0.67
NsNm,5,6,11,0.45
NsNn,20,16,36,0.56
NsNs,3,5,8,0.38
NsNt,1,1,2,0.5
NsPB,7,6,13,0.54
NsPD,1,0,1,1.0
NsPH,6,5,11,0.55
NsPI,2,2,4,0.5
NsPK,0,1,1,0.0
NsPL,4,6,10,0.4
NsPM,11,14,25,0.44
NsPN,12,17,29,0.41
NsPP,20,18,38,0.53
NsPS,12,9,21,0.57
NsPb,8,9,17,0.47
NsPh,2,0,2,1.0
NsPl,4,10,14,0.29
NsPm,12,8,20,0.6
NsPn,14,17,31,0.45
NsPs,11,13,24,0.46
NsPt,4,1,5,0.8
NsSB,4,3,7,0.57
NsSD,1,2,3,0.33
NsSH,2,4,6,0.33
NsSK,0,1,1,0.0
NsSL,2,6,8,0.25
NsSM,9,11,20,0.45
NsSN,13,12,25,0.52
NsSP,13,12,25,0.52
NsSS,13,11,24,0.54
NsSb,5,5,10,0.5
NsSh,7,7,14,0.5
NsSl,3,1,4,0.75
NsSm,3,6,9,0.33
NsSn,13,15,28,0.46
NsSs,9,8,17,0.53
NsSt,3,1,4,0.75
NsbB,6,2,8,0.75
NsbD,2,1,3,0.67
NsbH,6,1,7,0.86
NsbI,1,0,1,1.0
NsbJ,2,3,5,0.4
NsbK,2,1,3,0.67
NsbL,1,5,6,0.17
NsbM,5,12,17,0.29
NsbN,12,17,29,0.41
NsbP,6,10,16,0.38
NsbS,6,5,11,0.55
Nsbb,3,6,9,0.33
Nsbl,1,2,3,0.33
Nsbm,7,9,16,0.44
Nsbn,6,7,13,0.46
Nsbs,3,9,12,0.25
NshN,1,0,1,1.0
NshP,1,1,2,0.5
NshS,0,1,1,0.0
Nshh,0,1,1,0.0
Nshs,1,0,1,1.0
NslB,0,6,6,0.0
NslH,2,3,5,0.4
NslJ,3,0,3,1.0
NslK,0,0,0,
NslL,2,7,9,0.22
NslM,2,5,7,0.29
NslN,8,3,11,0.73
NslP,8,9,17,0.47
NslS,3,4,7,0.43
Nslb,4,6,10,0.4
Nsll,0,4,4,0.0
Nslm,5,2,7,0.71
Nsln,3,2,5,0.6
Nsls,1,3,4,0.25
NsmB,2,6,8,0.25
NsmD,2,2,4,0.5
NsmH,6,2,8,0.75
NsmI,0,1,1,0.0
NsmJ,2,2,4,0.5
NsmL,4,3,7,0.57
NsmM,8,8,16,0.5
NsmN,11,8,19,0.58
NsmP,9,11,20,0.45
NsmS,3,3,6,0.5
Nsmb,5,5,10,0.5
Nsml,3,7,10,0.3
Nsmm,7,4,11,0.64
Nsmn,14,8,22,0.64
Nsms,4,2,6,0.67
NsnB,8,6,14,0.57
NsnD,2,0,2,1.0
NsnH,8,6,14,0.57
NsnI,1,1,2,0.5
NsnK,0,2,2,0.0
NsnL,5,4,9,0.56
NsnM,10,12,22,0.45
NsnN,14,16,30,0.47
NsnP,15,13,28,0.54
NsnS,3,5,8,0.38
Nsnb,6,7,13,0.46
Nsnh,0,1,1,0.0
Nsnl,6,2,8,0.75
Nsnm,6,6,12,0.5
Nsnn,16,12,28,0.57
Nsns,7,11,18,0.39
Nsnt,0,1,1,0.0
NssB,4,4,8,0.5
NssD,0,1,1,0.0
NssH,8,12,20,0.4
NssI,1,0,1,1.0
NssL,1,2,3,0.33
NssM,5,9,14,0.36
NssN,10,8,18,0.56
NssP,10,9,19,0.53
NssS,6,9,15,0.4
Nssb,9,5,14,0.64
Nssl,3,0,3,1.0
Nssm,6,7,13,0.46
Nssn,10,8,18,0.56
Nsss,6,8,14,0.43
NtBB,1,2,3,0.33
NtBK,0,0,0,
NtBL,2,0,2,1.0
NtBM,2,1,3,0.67
NtBN,1,5,6,0.17
NtBP,1,0,1,1.0
NtBS,0,3,3,0.0
NtBb,2,1,3,0.67
NtBh,0,1,1,0.0
NtBj,2,0,2,1.0
NtBm,1,2,3,0.33
NtBn,4,2,6,0.67
NtBs,2,2,4,0.5
NtBt,1,0,1,1.0
NtDB,0,1,1,0.0
NtDH,1,0,1,1.0
NtDb,1,0,1,1.0
NtDm,0,1,1,0.0
NtDn,1,1,2,0.5
NtHB,1,0,1,1.0
NtHD,0,1,1,0.0
NtHK,0,1,1,0.0
NtHL,2,1,3,0.67
NtHM,3,2,5,0.6
NtHN,2,0,2,1.0
NtHP,3,1,4,0.75
NtHS,0,1,1,0.0
NtHb,3,3,6,0.5
NtHh,0,2,2,0.0
NtHl,1,0,1,1.0
NtHm,2,4,6,0.33
NtHn,1,2,3,0.33
NtHs,1,0,1,1.0
NtIN,1,0,1,1.0
NtKL,1,0,1,1.0
NtKM,1,0,1,1.0
NtKN,1,0,1,1.0
NtKS,0,1,1,0.0
NtKl,1,0,1,1.0
NtLB,0,4,4,0.0
NtLM,0,2,2,0.0
NtLN,1,2,3,0.33
NtLP,3,0,3,1.0
NtLS,1,2,3,0.33
NtLb,2,0,2,1.0
NtLj,1,0,1,1.0
NtLl,1,2,3,0.33
NtLm,1,2,3,0.33
NtLn,1,2,3,0.33
NtLs,1,2,3,0.33
NtLt,1,1,2,0.5
NtMB,1,1,2,0.5
NtML,2,2,4,0.5
NtMM,2,4,6,0.33
NtMN,4,5,9,0.44
NtMP,6,4,10,0.6
NtMS,2,2,4,0.5
NtMb,3,1,4,0.75
NtMh,2,2,4,0.5
NtMj,0,2,2,0.0
NtMl,2,0,2,1.0
NtMm,1,1,2,0.5
NtMn,3,6,9,0.33
NtMs,0,1,1,0.0
NtMt,2,0,2,1.0
NtNB,7,8,15,0.47
NtND,0,0,0,
NtNH,0,1,1,0.0
NtNL,4,0,4,1.0
NtNM,5,8,13,0.38
NtNN,2,3,5,0.4
NtNP,10,2,12,0.83
NtNS,2,3,5,0.4
NtNb,3,3,6,0.5
NtNm,5,2,7,0.71
NtNn,3,5,8,0.38
NtNs,2,2,4,0.5
NtNt,2,0,2,1.0
NtPB,6,0,6,1.0
NtPH,2,0,2,1.0
NtPK,0,0,0,
NtPL,0,1,1,0.0
NtPM,6,5,11,0.55
NtPN,7,1,8,0.88
NtPP,6,14,20,0.3
NtPS,5,4,9,0.56
NtPb,4,6,10,0.4
NtPl,2,7,9,0.22
NtPm,6,4,10,0.6
NtPn,7,4,11,0.64
NtPs,4,6,10,0.4
NtPt,0,2,2,0.0
NtSB,2,1,3,0.67
NtSD,1,0,1,1.0
NtSL,2,0,2,1.0
NtSM,7,3,10,0.7
NtSN,2,2,4,0.5
NtSP,3,1,4,0.75
NtSS,2,2,4,0.5
NtSb,2,2,4,0.5
NtSh,3,1,4,0.75
NtSl,0,1,1,0.0
NtSm,1,2,3,0.33
NtSn,8,7,15,0.53
NtSs,1,1,2,0.5
NtSt,1,2,3,0.33
NtbB,6,4,10,0.6
NtbD,1,0,1,1.0
NtbH,1,0,1,1.0
NtbJ,1,1,2,0.5
NtbL,1,1,2,0.5
NtbM,3,2,5,0.6
NtbN,5,2,7,0.71
NtbP,4,3,7,0.57
NtbS,4,2,6,0.67
Ntbb,3,2,5,0.6
Ntbl,0,3,3,0.0
Ntbm,2,1,3,0.67
Ntbn,5,3,8,0.62
Ntbs,1,3,4,0.25
NtlB,1,1,2,0.5
NtlH,0,2,2,0.0
NtlI,1,1,2,0.5
NtlJ,0,0,0,
NtlL,0,2,2,0.0
NtlM,1,2,3,0.33
NtlN,3,3,6,0.5
NtlP,1,4,5,0.2
NtlS,2,0,2,1.0
Ntlb,1,0,1,1.0
Ntll,2,0,2,1.0
Ntlm,3,1,4,0.75
Ntln,2,1,3,0.67
Ntls,0,1,1,0.0
NtmB,1,4,5,0.2
NtmH,5,2,7,0.71
NtmJ,0,1,1,0.0
NtmL,1,1,2,0.5
NtmM,1,5,6,0.17
NtmN,4,4,8,0.5
NtmP,4,4,8,0.5
NtmS,1,0,1,1.0
Ntmb,4,4,8,0.5
Ntml,1,2,3,0.33
Ntmm,2,2,4,0.5
Ntmn,0,2,2,0.0
Ntms,1,3,4,0.25
NtnB,3,1,4,0.75
NtnD,0,1,1,0.0
NtnH,0,2,2,0.0
NtnI,1,0,1,1.0
NtnM,4,3,7,0.57
NtnN,7,4,11,0.64
NtnP,5,4,9,0.56
NtnS,2,1,3,0.67
Ntnb,5,7,12,0.42
Ntnh,0,2,2,0.0
Ntnl,0,2,2,0.0
Ntnm,2,3,5,0.4
Ntnn,4,5,9,0.44
Ntns,3,2,5,0.6
NtsB,1,1,2,0.5
NtsD,1,0,1,1.0
NtsH,2,0,2,1.0
NtsM,1,1,2,0.5
NtsN,2,2,4,0.5
NtsP,3,3,6,0.5
NtsS,4,1,5,0.8
Ntsb,1,3,4,0.25
Ntsl,0,1,1,0.0
Ntsm,1,1,2,0.5
Ntsn,3,0,3,1.0
Ntss,1,1,2,0.5
NttB,1,0,1,1.0
NttH,0,2,2,0.0
NttM,2,0,2,1.0
NttN,3,0,3,1.0
NttP,0,2,2,0.0
Nttb,1,0,1,1.0
Ntth,1,0,1,1.0
Nttm,1,2,3,0.33
Nttn,1,0,1,1.0
Ntts,1,0,1,1.0
Nttt,1,0,1,1.0
PBBB,5,14,19,0.26
PBBK,0,4,4,0.0
PBBL,8,5,13,0.62
PBBM,11,12,23,0.48
PBBN,8,17,25,0.32
PBBP,16,18,34,0.47
PBBS,3,4,7,0.43
PBBb,18,18,36,0.5
PBBh,0,1,1,0.0
PBBj,5,2,7,0.71
PBBl,4,11,15,0.27
PBBm,19,11,30,0.63
PBBn,20,20,40,0.5
PBBs,4,4,8,0.5
PBBt,5,2,7,0.71
PBDH,1,0,1,1.0
PBDL,1,0,1,1.0
PBDM,0,1,1,0.0
PBDN,2,1,3,0.67
PBDb,1,1,2,0.5
PBDn,0,0,0,
PBDs,0,1,1,0.0
PBHL,0,0,0,
PBHS,1,0,1,1.0
PBHn,1,0,1,1.0
PBKB,1,0,1,1.0
PBKL,1,0,1,1.0
PBKN,0,1,1,0.0
PBKP,1,1,2,0.5
PBKS,0,0,0,
PBKb,1,2,3,0.33
PBKh,0,1,1,0.0
PBKl,2,1,3,0.67
PBKm,0,1,1,0.0
PBKn,1,1,2,0.5
PBKs,0,2,2,0.0
PBLB,4,3,7,0.57
PBLH,0,1,1,0.0
PBLK,0,1,1,0.0
PBLL,1,1,2,0.5
PBLM,4,8,12,0.33
PBLN,3,6,9,0.33
PBLP,7,7,14,0.5
PBLS,3,5,8,0.38
PBLb,6,6,12,0.5
PBLh,0,3,3,0.0
PBLj,2,2,4,0.5
PBLl,2,2,4,0.5
PBLm,8,12,20,0.4
PBLn,2,7,9,0.22
PBLs,3,3,6,0.5
PBLt,2,3,5,0.4
PBMB,13,11,24,0.54
PBMD,1,1,2,0.5
PBML,7,9,16,0.44
PBMM,11,10,21,0.52
PBMN,9,17,26,0.35
PBMP,13,22,35,0.37
PBMS,4,10,14,0.29
PBMb,10,20,30,0.33
PBMh,10,8,18,0.56
PBMj,3,8,11,0.27
PBMl,7,7,14,0.5
PBMm,11,10,21,0.52
PBMn,24,19,43,0.56
PBMs,4,5,9,0.44
PBMt,1,2,3,0.33
PBNB,17,8,25,0.68
PBND,2,0,2,1.0
PBNH,1,1,2,0.5
PBNK,2,0,2,1.0
PBNL,8,8,16,0.5
PBNM,14,11,25,0.56
PBNN,13,18,31,0.42
PBNP,16,28,44,0.36
PBNS,5,2,7,0.71
PBNb,9,14,23,0.39
PBNh,4,4,8,0.5
PBNl,5,4,9,0.56
PBNm,11,8,19,0.58
PBNn,16,19,35,0.46
PBNs,6,5,11,0.55
PBNt,1,4,5,0.2
PBPB,9,18,27,0.33
PBPD,0,3,3,0.0
PBPH,13,5,18,0.72
PBPI,0,2,2,0.0
PBPK,1,3,4,0.25
PBPL,12,13,25,0.48
PBPM,17,21,38,0.45
PBPN,21,19,40,0.52
PBPP,31,25,56,0.55
PBPS,12,11,23,0.52
PBPb,26,18,44,0.59
PBPl,11,8,19,0.58
PBPm,18,14,32,0.56
PBPn,20,16,36,0.56
PBPs,9,10,19,0.47
PBPt,2,1,3,0.67
PBSB,6,4,10,0.6
PBSD,0,1,1,0.0
PBSH,2,2,4,0.5
PBSL,2,4,6,0.33
PBSM,8,3,11,0.73
PBSN,8,3,11,0.73
PBSP,10,9,19,0.53
PBSS,2,5,7,0.29
PBSb,6,4,10,0.6
PBSh,4,9,13,0.31
PBSl,3,8,11,0.27
PBSm,5,5,10,0.5
PBSn,12,4,16,0.75
PBSs,5,4,9,0.56
PBSt,0,4,4,0.0
PBbB,9,9,18,0.5
PBbD,1,0,1,1.0
PBbH,3,9,12,0.25
PBbI,3,1,4,0.75
PBbJ,3,2,5,0.6
PBbK,0,2,2,0.0
PBbL,7,6,13,0.54
PBbM,10,18,28,0.36
PBbN,20,15,35,0.57
PBbP,19,24,43,0.44
PBbS,7,11,18,0.39
PBbb,17,9,26,0.65
PBbl,9,7,16,0.56
PBbm,13,8,21,0.62
PBbn,16,13,29,0.55
PBbs,4,6,10,0.4
PBhB,3,1,4,0.75
PBhM,2,1,3,0.67
PBhN,0,0,0,
PBhP,2,4,6,0.33
PBhS,2,6,8,0.25
PBhb,4,0,4,1.0
PBhh,2,3,5,0.4
PBhl,2,1,3,0.67
PBhm,1,2,3,0.33
PBhn,2,1,3,0.67
PBhs,0,1,1,0.0
PBjB,3,3,6,0.5
PBjH,0,1,1,0.0
PBjK,1,0,1,1.0
PBjL,2,2,4,0.5
PBjM,3,2,5,0.6
PBjN,6,3,9,0.67
PBjP,8,2,10,0.8
PBjS,4,5,9,0.44
PBjb,3,0,3,1.0
PBjl,4,9,13,0.31
PBjm,1,5,6,0.17
PBjn,6,2,8,0.75
PBjs,2,3,5,0.4
PBjt,1,1,2,0.5
PBlB,5,6,11,0.45
PBlD,3,0,3,1.0
PBlH,4,6,10,0.4
PBlI,1,3,4,0.25
PBlJ,0,4,4,0.0
PBlK,1,0,1,1.0
PBlL,3,4,7,0.43
PBlM,11,6,17,0.65
PBlN,8,8,16,0.5
PBlP,4,12,16,0.25
PBlS,8,4,12,0.67
PBlb,4,6,10,0.4
PBll,1,0,1,1.0
PBlm,8,1,9,0.89
PBln,6,6,12,0.5
PBls,5,4,9,0.56
PBmB,10,5,15,0.67
PBmD,2,0,2,1.0
PBmH,14,6,20,0.7
PBmI,0,0,0,
PBmJ,5,7,12,0.42
PBmK,0,1,1,0.0
PBmL,6,9,15,0.4
PBmM,14,14,28,0.5
PBmN,12,11,23,0.52
PBmP,10,16,26,0.38
PBmS,8,12,20,0.4
PBmb,18,17,35,0.51
PBml,4,4,8,0.5
PBmm,7,4,11,0.64
PBmn,7,13,20,0.35
PBms,6,7,13,0.46
PBnB,9,13,22,0.41
PBnD,1,0,1,1.0
PBnH,7,10,17,0.41
PBnI,4,2,6,0.67
PBnK,0,1,1,0.0
PBnL,6,8,14,0.43
PBnM,21,11,32,0.66
PBnN,23,20,43,0.53
PBnP,28,24,52,0.54
PBnS,16,7,23,0.7
PBnb,15,16,31,0.48
PBnl,10,8,18,0.56
PBnm,10,17,27,0.37
PBnn,17,19,36,0.47
PBns,14,15,29,0.48
PBsB,4,7,11,0.36
PBsH,11,5,16,0.69
PBsL,1,4,5,0.2
PBsM,8,10,18,0.44
PBsN,5,9,14,0.36
PBsP,14,4,18,0.78
PBsS,5,9,14,0.36
PBsb,2,4,6,0.33
PBsh,1,0,1,1.0
PBsl,2,4,6,0.33
PBsm,5,5,10,0.5
PBsn,7,6,13,0.54
PBss,5,2,7,0.71
PBtB,2,3,5,0.4
PBtH,1,1,2,0.5
PBtL,1,3,4,0.25
PBtM,2,3,5,0.4
PBtN,3,5,8,0.38
PBtP,7,2,9,0.78
PBtS,0,2,2,0.0
PBtb,5,3,8,0.62
PBtl,1,2,3,0.33
PBtm,0,0,0,
PBtn,4,0,4,1.0
PBts,4,1,5,0.8
PBtt,3,1,4,0.75
PDBB,1,2,3,0.33
PDBP,1,0,1,1.0
PDBS,0,1,1,0.0
PDBl,1,1,2,0.5
PDBs,0,1,1,0.0
PDBt,0,1,1,0.0
PDDb,1,0,1,1.0
PDHB,0,1,1,0.0
PDHL,0,2,2,0.0
PDHM,0,2,2,0.0
PDHP,2,1,3,0.67
PDHS,1,2,3,0.33
PDHh,2,1,3,0.67
PDHn,3,2,5,0.6
PDHs,0,1,1,0.0
PDIB,1,0,1,1.0
PDIP,1,0,1,1.0
PDIs,0,1,1,0.0
PDLB,0,1,1,0.0
PDLM,0,1,1,0.0
PDLN,1,0,1,1.0
PDLP,0,3,3,0.0
PDLb,0,0,0,
PDLm,0,1,1,0.0
PDLn,1,2,3,0.33
PDLs,1,0,1,1.0
PDMB,2,1,3,0.67
PDML,1,0,1,1.0
PDMM,1,0,1,1.0
PDMN,2,0,2,1.0
PDMS,0,2,2,0.0
PDMb,0,2,2,0.0
PDMh,2,1,3,0.67
PDMl,2,3,5,0.4
PDMm,1,2,3,0.33
PDMn,5,2,7,0.71
PDMs,2,0,2,1.0
PDMt,1,0,1,1.0
PDNN,2,0,2,1.0
PDNP,1,0,1,1.0
PDNS,2,0,2,1.0
PDNb,2,1,3,0.67
PDNl,0,2,2,0.0
PDNn,0,0,0,
PDNs,0,1,1,0.0
PDPB,1,1,2,0.5
PDPL,1,1,2,0.5
PDPM,6,3,9,0.67
PDPN,2,0,2,1.0
PDPP,1,2,3,0.33
PDPS,1,0,1,1.0
PDPb,0,3,3,0.0
PDPl,1,3,4,0.25
PDPm,2,1,3,0.67
PDPn,1,2,3,0.33
PDPs,0,1,1,0.0
PDPt,1,0,1,1.0
PDSB,0,1,1,0.0
PDSD,1,0,1,1.0
PDSM,2,1,3,0.67
PDSN,2,0,2,1.0
PDSP,3,2,5,0.6
PDSS,0,0,0,
PDSb,0,0,0,
PDSh,1,0,1,1.0
PDSm,1,2,3,0.33
PDSn,3,1,4,0.75
PDbB,1,0,1,1.0
PDbD,0,1,1,0.0
PDbJ,1,1,2,0.5
PDbK,1,0,1,1.0
PDbL,1,1,2,0.5
PDbM,2,2,4,0.5
PDbN,1,1,2,0.5
PDbP,1,2,3,0.33
PDbb,2,1,3,0.67
PDbl,1,1,2,0.5
PDbm,1,1,2,0.5
PDbn,2,0,2,1.0
PDbs,1,2,3,0.33
PDhb,0,1,1,0.0
PDlB,2,0,2,1.0
PDlH,0,2,2,0.0
PDlJ,0,0,0,
PDlN,0,1,1,0.0
PDlS,0,0,0,
PDlb,1,1,2,0.5
PDlm,3,0,3,1.0
PDls,1,1,2,0.5
PDmB,3,0,3,1.0
PDmH,0,0,0,
PDmJ,0,1,1,0.0
PDmL,1,0,1,1.0
PDmM,1,0,1,1.0
PDmN,0,2,2,0.0
PDmP,3,3,6,0.5
PDmS,1,1,2,0.5
PDmb,3,1,4,0.75
PDml,0,1,1,0.0
PDmm,0,2,2,0.0
PDmn,1,1,2,0.5
PDms,2,1,3,0.67
PDnB,1,1,2,0.5
PDnH,0,1,1,0.0
PDnI,0,1,1,0.0
PDnM,0,3,3,0.0
PDnN,3,1,4,0.75
PDnP,0,2,2,0.0
PDnS,1,1,2,0.5
PDnb,0,3,3,0.0
PDnl,1,0,1,1.0
PDnm,0,1,1,0.0
PDnn,1,2,3,0.33
PDns,0,2,2,0.0
PDsB,2,1,3,0.67
PDsL,0,0,0,
PDsN,2,0,2,1.0
PDsP,2,1,3,0.67
PDsS,0,1,1,0.0
PDsb,1,0,1,1.0
PDsl,1,2,3,0.33
PDsm,2,2,4,0.5
PDsn,2,2,4,0.5
PDss,0,2,2,0.0
PDtN,1,0,1,1.0
PDtP,0,1,1,0.0
PHBB,2,3,5,0.4
PHBL,1,2,3,0.33
PHBM,6,2,8,0.75
PHBN,3,5,8,0.38
PHBP,3,4,7,0.43
PHBS,3,6,9,0.33
PHBb,2,6,8,0.25
PHBh,1,1,2,0.5
PHBj,0,2,2,0.0
PHBl,6,6,12,0.5
PHBm,3,3,6,0.5
PHBn,6,5,11,0.55
PHBt,0,1,1,0.0
PHDB,1,1,2,0.5
PHDD,0,1,1,0.0
PHDM,1,1,2,0.5
PHDP,0,2,2,0.0
PHDS,0,1,1,0.0
PHDb,1,0,1,1.0
PHDl,0,1,1,0.0
PHDm,0,1,1,0.0
PHDs,1,1,2,0.5
PHHM,0,2,2,0.0
PHHN,3,0,3,1.0
PHHP,3,2,5,0.6
PHHS,1,2,3,0.33
PHHb,1,0,1,1.0
PHHh,0,0,0,
PHHl,2,0,2,1.0
PHHm,0,2,2,0.0
PHHn,1,0,1,1.0
PHHs,1,2,3,0.33
PHIB,1,0,1,1.0
PHIM,1,1,2,0.5
PHIN,0,1,1,0.0
PHIP,1,2,3,0.33
PHIb,0,1,1,0.0
PHIn,0,1,1,0.0
PHIs,2,0,2,1.0
PHKB,0,2,2,0.0
PHKL,1,0,1,1.0
PHKM,2,0,2,1.0
PHKN,0,1,1,0.0
PHKP,1,0,1,1.0
PHKm,1,0,1,1.0
PHKn,3,1,4,0.75
PHKs,2,0,2,1.0
PHLB,2,0,2,1.0
PHLK,0,1,1,0.0
PHLL,0,2,2,0.0
PHLM,3,3,6,0.5
PHLN,2,4,6,0.33
PHLP,3,1,4,0.75
PHLS,3,4,7,0.43
PHLb,3,3,6,0.5
PHLh,2,0,2,1.0
PHLj,0,0,0,
PHLl,2,1,3,0.67
PHLm,5,3,8,0.62
PHLn,1,6,7,0.14
PHLs,2,4,6,0.33
PHMB,6,2,8,0.75
PHMK,1,0,1,1.0
PHML,4,0,4,1.0
PHMM,6,6,12,0.5
PHMN,5,5,10,0.5
PHMP,5,10,15,0.33
PHMS,1,5,6,0.17
PHMb,5,5,10,0.5
PHMh,4,3,7,0.57
PHMj,1,0,1,1.0
PHMl,5,4,9,0.56
PHMm,8,7,15,0.53
PHMn,10,7,17,0.59
PHMs,4,6,10,0.4
PHMt,2,1,3,0.67
PHNB,6,5,11,0.55
PHNH,3,1,4,0.75
PHNI,1,0,1,1.0
PHNK,0,1,1,0.0
PHNL,4,1,5,0.8
PHNM,8,9,17,0.47
PHNN,4,10,14,0.29
PHNP,8,9,17,0.47
PHNS,2,6,8,0.25
PHNb,10,6,16,0.62
PHNh,4,1,5,0.8
PHNl,3,3,6,0.5
PHNm,4,2,6,0.67
PHNn,10,6,16,0.62
PHNs,7,2,9,0.78
PHNt,1,3,4,0.25
PHPB,5,3,8,0.62
PHPD,1,0,1,1.0
PHPH,2,7,9,0.22
PHPI,0,1,1,0.0
PHPK,1,0,1,1.0
PHPL,2,6,8,0.25
PHPM,13,10,23,0.57
PHPN,4,11,15,0.27
PHPP,12,17,29,0.41
PHPS,8,6,14,0.57
PHPb,6,7,13,0.46
PHPh,2,1,3,0.67
PHPl,2,8,10,0.2
PHPm,11,8,19,0.58
PHPn,7,6,13,0.54
PHPs,7,4,11,0.64
PHPt,1,0,1,1.0
PHSB,1,0,1,1.0
PHSH,2,0,2,1.0
PHSK,0,2,2,0.0
PHSL,5,2,7,0.71
PHSM,6,7,13,0.46
PHSN,2,4,6,0.33
PHSP,3,5,8,0.38
PHSS,5,2,7,0.71
PHSb,1,3,4,0.25
PHSh,3,2,5,0.6
PHSl,2,3,5,0.4
PHSm,4,3,7,0.57
PHSn,0,6,6,0.0
PHSs,7,7,14,0.5
PHSt,1,1,2,0.5
PHbB,6,5,11,0.55
PHbH,1,1,2,0.5
PHbJ,1,0,1,1.0
PHbL,1,2,3,0.33
PHbM,5,2,7,0.71
PHbN,6,7,13,0.46
PHbP,7,7,14,0.5
PHbS,3,3,6,0.5
PHbb,5,3,8,0.62
PHbl,2,3,5,0.4
PHbm,6,3,9,0.67
PHbn,5,3,8,0.62
PHbs,5,3,8,0.62
PHhB,0,1,1,0.0
PHhH,1,0,1,1.0
PHhL,0,2,2,0.0
PHhM,2,0,2,1.0
PHhN,0,1,1,0.0
PHhP,4,4,8,0.5
PHhS,1,1,2,0.5
PHhb,2,1,3,0.67
PHhh,0,1,1,0.0
PHhm,0,2,2,0.0
PHhn,3,2,5,0.6
PHhs,3,1,4,0.75
PHlB,0,3,3,0.0
PHlD,2,0,2,1.0
PHlH,3,0,3,1.0
PHlL,1,1,2,0.5
PHlM,6,5,11,0.55
PHlN,4,6,10,0.4
PHlP,4,5,9,0.44
PHlS,1,2,3,0.33
PHlb,2,5,7,0.29
PHll,2,3,5,0.4
PHlm,3,1,4,0.75
PHln,0,4,4,0.0
PHls,0,2,2,0.0
PHmB,1,3,4,0.25
PHmD,1,0,1,1.0
PHmH,1,6,7,0.14
PHmI,0,1,1,0.0
PHmJ,0,0,0,
PHmL,1,1,2,0.5
PHmM,3,7,10,0.3
PHmN,3,4,7,0.43
PHmP,3,7,10,0.3
PHmS,1,4,5,0.2
PHmb,4,3,7,0.57
PHml,2,1,3,0.67
PHmm,4,1,5,0.8
PHmn,3,5,8,0.38
PHms,4,3,7,0.57
PHnB,4,4,8,0.5
PHnD,1,0,1,1.0
PHnH,3,4,7,0.43
PHnI,1,0,1,1.0
PHnK,0,2,2,0.0
PHnL,2,1,3,0.67
PHnM,8,5,13,0.62
PHnN,3,12,15,0.2
PHnP,9,7,16,0.56
PHnS,3,6,9,0.33
PHnb,7,4,11,0.64
PHnl,3,4,7,0.43
PHnm,2,8,10,0.2
PHnn,4,6,10,0.4
PHns,5,4,9,0.56
PHsB,4,3,7,0.57
PHsD,1,1,2,0.5
PHsH,1,4,5,0.2
PHsI,1,1,2,0.5
PHsL,1,0,1,1.0
PHsM,7,2,9,0.78
PHsN,5,2,7,0.71
PHsP,7,6,13,0.54
PHsS,5,9,14,0.36
PHsb,3,3,6,0.5
PHsh,0,1,1,0.0
PHsl,1,3,4,0.25
PHsm,3,3,6,0.5
PHsn,3,3,6,0.5
PHss,1,2,3,0.33
PHtP,1,0,1,1.0
PHtS,1,1,2,0.5
PHtb,0,1,1,0.0
PHts,1,0,1,1.0
PIBB,2,1,3,0.67
PIBM,1,0,1,1.0
PIBN,1,1,2,0.5
PIBP,0,2,2,0.0
PIBS,0,1,1,0.0
PIBb,0,2,2,0.0
PIBl,2,0,2,1.0
PIBm,4,0,4,1.0
PIBn,4,1,5,0.8
PIDm,1,0,1,1.0
PIHB,1,1,2,0.5
PIHM,3,1,4,0.75
PIHN,1,0,1,1.0
PIHP,1,0,1,1.0
PIHS,0,2,2,0.0
PIHb,0,3,3,0.0
PIHh,0,0,0,
PIHl,1,0,1,1.0
PIHm,1,0,1,1.0
PIHn,0,0,0,
PIHs,0,2,2,0.0
PIIM,0,1,1,0.0
PIIS,0,0,0,
PILB,1,0,1,1.0
PILL,1,0,1,1.0
PILM,1,2,3,0.33
PILN,3,1,4,0.75
PILP,0,0,0,
PILS,1,2,3,0.33
PILb,0,1,1,0.0
PILh,0,0,0,
PILj,0,1,1,0.0
PILm,0,1,1,0.0
PILn,2,0,2,1.0
PILs,0,1,1,0.0
PILt,1,1,2,0.5
PIMB,0,2,2,0.0
PIML,1,0,1,1.0
PIMM,3,1,4,0.75
PIMN,0,1,1,0.0
PIMP,1,1,2,0.5
PIMS,0,1,1,0.0
PIMb,0,1,1,0.0
PIMh,2,1,3,0.67
PIMm,0,2,2,0.0
PIMn,1,2,3,0.33
PIMs,1,0,1,1.0
PINB,3,0,3,1.0
PINK,0,1,1,0.0
PINL,2,1,3,0.67
PINM,1,2,3,0.33
PINN,2,3,5,0.4
PINP,0,2,2,0.0
PINS,1,0,1,1.0
PINb,1,0,1,1.0
PINl,1,0,1,1.0
PINm,4,1,5,0.8
PINn,0,1,1,0.0
PINs,0,0,0,
PIPB,3,0,3,1.0
PIPI,0,1,1,0.0
PIPL,1,4,5,0.2
PIPM,3,4,7,0.43
PIPN,2,1,3,0.67
PIPP,3,7,10,0.3
PIPS,0,3,3,0.0
PIPb,3,3,6,0.5
PIPl,1,1,2,0.5
PIPm,2,1,3,0.67
PIPn,1,0,1,1.0
PIPs,0,2,2,0.0
PISB,1,1,2,0.5
PISM,1,1,2,0.5
PISN,2,0,2,1.0
PISP,2,0,2,1.0
PISS,0,1,1,0.0
PISb,2,1,3,0.67
PISh,1,0,1,1.0
PISn,1,0,1,1.0
PISs,2,0,2,1.0
PISt,1,0,1,1.0
PIbB,0,0,0,
PIbH,0,1,1,0.0
PIbI,1,0,1,1.0
PIbJ,2,0,2,1.0
PIbL,0,1,1,0.0
PIbM,0,2,2,0.0
PIbN,1,0,1,1.0
PIbP,4,1,5,0.8
PIbS,0,2,2,0.0
PIbb,2,3,5,0.4
PIbl,2,0,2,1.0
PIbm,1,1,2,0.5
PIbn,0,0,0,
PIlB,2,1,3,0.67
PIlD,0,1,1,0.0
PIlH,1,1,2,0.5
PIlL,0,1,1,0.0
PIlM,0,1,1,0.0
PIlN,1,0,1,1.0
PIlS,0,1,1,0.0
PIlb,1,1,2,0.5
PIll,1,0,1,1.0
PIls,0,1,1,0.0
PImB,0,1,1,0.0
PImH,0,2,2,0.0
PImL,1,1,2,0.5
PImM,1,1,2,0.5
PImN,1,0,1,1.0
PImP,4,3,7,0.57
PImS,0,1,1,0.0
PImb,0,2,2,0.0
PImm,0,0,0,
PImn,1,0,1,1.0
PIms,0,1,1,0.0
PInB,0,1,1,0.0
PInH,0,1,1,0.0
PInL,0,1,1,0.0
PInN,2,4,6,0.33
PInP,2,3,5,0.4
PInS,1,0,1,1.0
PInb,1,2,3,0.33
PInm,1,1,2,0.5
PIsB,1,0,1,1.0
PIsH,0,1,1,0.0
PIsK,0,1,1,0.0
PIsL,1,0,1,1.0
PIsM,0,0,0,
PIsN,0,1,1,0.0
PIsP,1,0,1,1.0
PIsS,0,2,2,0.0
PIsm,3,0,3,1.0
PIss,0,1,1,0.0
PKBB,2,1,3,0.67
PKBK,0,1,1,0.0
PKBL,2,1,3,0.67
PKBM,3,3,6,0.5
PKBN,1,0,1,1.0
PKBP,1,4,5,0.2
PKBS,0,1,1,0.0
PKBb,1,2,3,0.33
PKBj,0,1,1,0.0
PKBl,0,1,1,0.0
PKBm,1,1,2,0.5
PKBn,1,3,4,0.25
PKBs,3,1,4,0.75
PKDB,0,1,1,0.0
PKDb,1,0,1,1.0
PKHN,1,0,1,1.0
PKHn,0,1,1,0.0
PKHs,1,0,1,1.0
PKIB,1,0,1,1.0
PKIb,1,0,1,1.0
PKKn,0,1,1,0.0
PKLB,1,1,2,0.5
PKLL,2,0,2,1.0
PKLM,2,2,4,0.5
PKLP,3,1,4,0.75
PKLS,2,2,4,0.5
PKLb,1,0,1,1.0
PKLl,1,0,1,1.0
PKLm,0,0,0,
PKLn,1,1,2,0.5
PKLs,2,1,3,0.67
PKMB,1,1,2,0.5
PKMK,0,1,1,0.0
PKML,2,1,3,0.67
PKMM,3,3,6,0.5
PKMN,1,1,2,0.5
PKMP,2,1,3,0.67
PKMS,3,1,4,0.75
PKMb,1,1,2,0.5
PKMh,2,0,2,1.0
PKMj,0,1,1,0.0
PKMl,5,2,7,0.71
PKMm,1,1,2,0.5
PKMn,3,2,5,0.6
PKMs,0,1,1,0.0
PKMt,2,1,3,0.67
PKNM,1,3,4,0.25
PKNN,2,1,3,0.67
PKNP,2,1,3,0.67
PKNS,2,1,3,0.67
PKNb,1,3,4,0.25
PKNh,1,0,1,1.0
PKNl,1,0,1,1.0
PKNn,1,0,1,1.0
PKNs,2,0,2,1.0
PKPB,2,2,4,0.5
PKPD,0,1,1,0.0
PKPL,0,2,2,0.0
PKPM,2,3,5,0.4
PKPN,0,2,2,0.0
PKPP,4,3,7,0.57
PKPS,4,3,7,0.57
PKPb,3,2,5,0.6
PKPh,0,1,1,0.0
PKPl,0,3,3,0.0
PKPm,4,3,7,0.57
PKPn,0,1,1,0.0
PKPs,3,2,5,0.6
PKPt,0,2,2,0.0
PKSB,0,1,1,0.0
PKSD,0,0,0,
PKSH,1,1,2,0.5
PKSM,2,3,5,0.4
PKSN,1,0,1,1.0
PKSP,2,1,3,0.67
PKSS,0,3,3,0.0
PKSb,0,2,2,0.0
PKSh,1,1,2,0.5
PKSl,1,2,3,0.33
PKSm,2,2,4,0.5
PKSn,0,1,1,0.0
PKSs,1,0,1,1.0
PKbB,1,1,2,0.5
PKbH,0,1,1,0.0
PKbJ,1,1,2,0.5
PKbK,1,0,1,1.0
PKbM,2,1,3,0.67
PKbN,3,3,6,0.5
PKbP,2,2,4,0.5
PKbS,3,0,3,1.0
PKbb,1,0,1,1.0
PKbl,0,1,1,0.0
PKbm,2,1,3,0.67
PKbn,3,0,3,1.0
PKhB,3,0,3,1.0
PKhL,0,0,0,
PKhM,2,0,2,1.0
PKhN,0,1,1,0.0
PKhP,1,0,1,1.0
PKhS,0,1,1,0.0
PKhb,1,2,3,0.33
PKhh,3,1,4,0.75
PKhl,1,3,4,0.25
PKhm,2,0,2,1.0
PKhn,0,0,0,
PKhs,0,0,0,
PKlB,0,1,1,0.0
PKlL,0,1,1,0.0
PKlM,3,1,4,0.75
PKlN,4,1,5,0.8
PKlP,2,0,2,1.0
PKlS,2,0,2,1.0
PKlb,1,1,2,0.5
PKll,3,0,3,1.0
PKlm,1,0,1,1.0
PKln,2,1,3,0.67
PKls,1,3,4,0.25
PKmB,3,1,4,0.75
PKmH,1,1,2,0.5
PKmL,0,1,1,0.0
PKmM,4,1,5,0.8
PKmN,3,0,3,1.0
PKmP,2,0,2,1.0
PKmS,1,3,4,0.25
PKmb,4,3,7,0.57
PKml,0,1,1,0.0
PKmm,5,3,8,0.62
PKmn,1,0,1,1.0
PKms,2,1,3,0.67
PKnB,0,1,1,0.0
PKnH,3,1,4,0.75
PKnI,1,0,1,1.0
PKnL,0,0,0,
PKnM,3,1,4,0.75
PKnN,0,2,2,0.0
PKnP,3,4,7,0.43
PKnS,2,1,3,0.67
PKnb,2,2,4,0.5
PKnl,3,1,4,0.75
PKnm,2,4,6,0.33
PKnn,1,2,3,0.33
PKns,0,3,3,0.0
PKsB,0,1,1,0.0
PKsH,0,2,2,0.0
PKsL,1,0,1,1.0
PKsM,2,1,3,0.67
PKsN,0,1,1,0.0
PKsP,1,3,4,0.25
PKsS,1,1,2,0.5
PKsb,1,3,4,0.25
PKsh,1,0,1,1.0
PKsm,2,1,3,0.67
PKsn,0,1,1,0.0
PKss,2,1,3,0.67
PKtM,0,1,1,0.0
PKtS,0,1,1,0.0
PKtb,1,0,1,1.0
PLBB,7,5,12,0.58
PLBD,1,1,2,0.5
PLBK,1,0,1,1.0
PLBL,0,7,7,0.0
PLBM,5,11,16,0.31
PLBN,6,6,12,0.5
PLBP,6,8,14,0.43
PLBS,2,0,2,1.0
PLBb,8,4,12,0.67
PLBh,1,1,2,0.5
PLBj,3,3,6,0.5
PLBl,5,6,11,0.45
PLBm,5,5,10,0.5
PLBn,9,9,18,0.5
PLBs,1,4,5,0.2
PLBt,1,2,3,0.33
PLDH,0,0,0,
PLDM,1,0,1,1.0
PLDS,1,0,1,1.0
PLHB,1,0,1,1.0
PLHM,0,2,2,0.0
PLHm,1,0,1,1.0
PLHs,0,1,1,0.0
PLKB,2,1,3,0.67
PLKL,0,1,1,0.0
PLKM,1,0,1,1.0
PLKP,1,1,2,0.5
PLKS,0,1,1,0.0
PLKb,1,0,1,1.0
PLKh,1,0,1,1.0
PLKm,1,0,1,1.0
PLKn,1,1,2,0.5
PLKs,0,1,1,0.0
PLLB,1,2,3,0.33
PLLD,1,0,1,1.0
PLLH,1,0,1,1.0
PLLL,1,0,1,1.0
PLLM,5,4,9,0.56
PLLN,4,1,5,0.8
PLLP,6,5,11,0.55
PLLS,2,2,4,0.5
PLLb,3,5,8,0.38
PLLh,1,1,2,0.5
PLLj,2,3,5,0.4
PLLl,2,2,4,0.5
PLLm,3,5,8,0.38
PLLn,2,1,3,0.67
PLLs,0,4,4,0.0
PLLt,0,1,1,0.0
PLMB,8,7,15,0.53
PLML,4,6,10,0.4
PLMM,16,3,19,0.84
PLMN,4,10,14,0.29
PLMP,13,9,22,0.59
PLMS,5,6,11,0.45
PLMb,4,10,14,0.29
PLMh,9,2,11,0.82
PLMj,5,3,8,0.62
PLMl,2,9,11,0.18
PLMm,8,3,11,0.73
PLMn,15,9,24,0.62
PLMs,2,3,5,0.4
PLMt,1,3,4,0.25
PLNB,5,6,11,0.45
PLNH,2,1,3,0.67
PLNK,0,1,1,0.0
PLNL,3,0,3,1.0
PLNM,7,6,13,0.54
PLNN,7,11,18,0.39
PLNP,11,13,24,0.46
PLNS,5,6,11,0.45
PLNb,9,5,14,0.64
PLNh,3,1,4,0.75
PLNl,3,3,6,0.5
PLNm,6,5,11,0.55
PLNn,10,7,17,0.59
PLNs,2,3,5,0.4
PLNt,2,0,2,1.0
PLPB,6,7,13,0.46
PLPD,2,0,2,1.0
PLPH,6,2,8,0.75
PLPK,0,2,2,0.0
PLPL,11,7,18,0.61
PLPM,16,12,28,0.57
PLPN,8,9,17,0.47
PLPP,17,18,35,0.49
PLPS,6,5,11,0.55
PLPb,11,11,22,0.5
PLPh,1,0,1,1.0
PLPl,2,4,6,0.33
PLPm,9,8,17,0.53
PLPn,7,6,13,0.54
PLPs,5,8,13,0.38
PLPt,1,2,3,0.33
PLSB,5,5,10,0.5
PLSD,1,0,1,1.0
PLSH,1,1,2,0.5
PLSK,1,0,1,1.0
PLSL,4,5,9,0.44
PLSM,5,2,7,0.71
PLSN,5,4,9,0.56
PLSP,9,5,14,0.64
PLSS,3,3,6,0.5
PLSb,3,3,6,0.5
PLSh,2,4,6,0.33
PLSl,3,1,4,0.75
PLSm,5,9,14,0.36
PLSn,3,4,7,0.43
PLSs,1,7,8,0.12
PLbB,9,8,17,0.53
PLbD,1,0,1,1.0
PLbH,4,2,6,0.67
PLbI,2,1,3,0.67
PLbJ,0,1,1,0.0
PLbK,0,1,1,0.0
PLbL,2,4,6,0.33
PLbM,6,9,15,0.4
PLbN,17,11,28,0.61
PLbP,16,8,24,0.67
PLbS,6,4,10,0.6
PLbb,8,6,14,0.57
PLbl,8,3,11,0.73
PLbm,9,4,13,0.69
PLbn,7,3,10,0.7
PLbs,4,4,8,0.5
PLhB,1,3,4,0.25
PLhD,0,1,1,0.0
PLhH,2,1,3,0.67
PLhL,1,2,3,0.33
PLhM,4,2,6,0.67
PLhN,2,1,3,0.67
PLhP,6,3,9,0.67
PLhS,0,2,2,0.0
PLhb,3,7,10,0.3
PLhh,2,1,3,0.67
PLhl,2,2,4,0.5
PLhm,6,2,8,0.75
PLhn,2,6,8,0.25
PLhs,3,6,9,0.33
PLht,0,1,1,0.0
PLjB,5,2,7,0.71
PLjL,2,3,5,0.4
PLjM,2,3,5,0.4
PLjN,1,2,3,0.33
PLjP,2,5,7,0.29
PLjS,1,1,2,0.5
PLjb,3,0,3,1.0
PLjh,1,1,2,0.5
PLjl,2,2,4,0.5
PLjm,2,1,3,0.67
PLjn,2,4,6,0.33
PLjs,0,2,2,0.0
PLjt,1,0,1,1.0
PLlB,8,5,13,0.62
PLlH,4,4,8,0.5
PLlJ,2,2,4,0.5
PLlL,2,3,5,0.4
PLlM,8,7,15,0.53
PLlN,7,9,16,0.44
PLlP,10,6,16,0.62
PLlS,1,1,2,0.5
PLlb,4,6,10,0.4
PLll,4,4,8,0.5
PLlm,7,5,12,0.58
PLln,3,3,6,0.5
PLls,4,3,7,0.57
PLmB,7,7,14,0.5
PLmD,0,2,2,0.0
PLmH,7,7,14,0.5
PLmI,0,2,2,0.0
PLmJ,0,3,3,0.0
PLmK,0,1,1,0.0
PLmL,1,4,5,0.2
PLmM,8,3,11,0.73
PLmN,6,5,11,0.55
PLmP,13,9,22,0.59
PLmS,7,7,14,0.5
PLmb,9,9,18,0.5
PLml,4,3,7,0.57
PLmm,7,2,9,0.78
PLmn,9,5,14,0.64
PLms,8,3,11,0.73
PLnB,11,8,19,0.58
PLnD,1,1,2,0.5
PLnH,6,4,10,0.6
PLnI,1,0,1,1.0
PLnK,4,0,4,1.0
PLnL,5,5,10,0.5
PLnM,7,17,24,0.29
PLnN,12,11,23,0.52
PLnP,15,16,31,0.48
PLnS,5,7,12,0.42
PLnb,11,13,24,0.46
PLnh,0,1,1,0.0
PLnl,7,3,10,0.7
PLnm,13,15,28,0.46
PLnn,19,9,28,0.68
PLns,3,7,10,0.3
PLsB,4,2,6,0.67
PLsD,0,2,2,0.0
PLsH,2,6,8,0.25
PLsI,1,0,1,1.0
PLsL,3,2,5,0.6
PLsM,5,2,7,0.71
PLsN,2,3,5,0.4
PLsP,11,6,17,0.65
PLsS,4,5,9,0.44
PLsb,8,8,16,0.5
PLsl,1,2,3,0.33
PLsm,5,2,7,0.71
PLsn,3,2,5,0.6
PLss,2,6,8,0.25
PLtB,3,1,4,0.75
PLtH,1,1,2,0.5
PLtM,2,2,4,0.5
PLtN,3,1,4,0.75
PLtP,2,1,3,0.67
PLtS,0,1,1,0.0
PLtb,2,0,2,1.0
PLtl,0,2,2,0.0
PLtm,2,1,3,0.67
PLtn,3,1,4,0.75
PLts,0,0,0,
PLtt,1,1,2,0.5
PMBB,21,16,37,0.57
PMBK,0,2,2,0.0
PMBL,6,8,14,0.43
PMBM,22,16,38,0.58
PMBN,14,22,36,0.39
PMBP,22,36,58,0.38
PMBS,7,11,18,0.39
PMBb,15,25,40,0.38
PMBh,1,2,3,0.33
PMBj,6,8,14,0.43
PMBl,9,11,20,0.45
PMBm,14,10,24,0.58
PMBn,21,25,46,0.46
PMBs,6,13,19,0.32
PMBt,2,2,4,0.5
PMDB,2,1,3,0.67
PMDH,1,1,2,0.5
PMDL,1,0,1,1.0
PMDM,0,2,2,0.0
PMDN,1,0,1,1.0
PMDP,0,1,1,0.0
PMDS,1,0,1,1.0
PMDb,0,1,1,0.0
PMDl,1,0,1,1.0
PMDm,0,2,2,0.0
PMDn,1,2,3,0.33
PMDs,2,1,3,0.67
PMHP,0,1,1,0.0
PMKP,0,1,1,0.0
PMKm,0,0,0,
PMKn,2,0,2,1.0
PMLB,3,5,8,0.38
PMLH,0,0,0,
PMLL,3,2,5,0.6
PMLM,4,12,16,0.25
PMLN,2,6,8,0.25
PMLP,13,13,26,0.5
PMLS,6,4,10,0.6
PMLb,7,11,18,0.39
PMLh,3,3,6,0.5
PMLj,1,4,5,0.2
PMLl,2,2,4,0.5
PMLm,4,7,11,0.36
PMLn,10,16,26,0.38
PMLs,3,2,5,0.6
PMLt,0,3,3,0.0
PMMB,13,15,28,0.46
PMMD,3,1,4,0.75
PMMK,0,1,1,0.0
PMML,6,7,13,0.46
PMMM,31,24,55,0.56
PMMN,18,26,44,0.41
PMMP,26,28,54,0.48
PMMS,12,8,20,0.6
PMMb,22,25,47,0.47
PMMh,12,17,29,0.41
PMMj,4,7,11,0.36
PMMl,15,8,23,0.65
PMMm,20,27,47,0.43
PMMn,28,30,58,0.48
PMMs,14,9,23,0.61
PMMt,5,4,9,0.56
PMNB,11,13,24,0.46
PMND,0,1,1,0.0
PMNH,4,4,8,0.5
PMNK,3,0,3,1.0
PMNL,7,6,13,0.54
PMNM,16,19,35,0.46
PMNN,17,16,33,0.52
PMNP,23,32,55,0.42
PMNS,6,9,15,0.4
PMNb,17,17,34,0.5
PMNh,1,6,7,0.14
PMNl,7,7,14,0.5
PMNm,17,13,30,0.57
PMNn,22,34,56,0.39
PMNs,6,8,14,0.43
PMNt,4,2,6,0.67
PMPB,21,18,39,0.54
PMPD,0,1,1,0.0
PMPH,4,6,10,0.4
PMPI,2,2,4,0.5
PMPK,0,2,2,0.0
PMPL,14,18,32,0.44
PMPM,18,30,48,0.38
PMPN,30,28,58,0.52
PMPP,24,44,68,0.35
PMPS,10,22,32,0.31
PMPb,29,26,55,0.53
PMPh,2,2,4,0.5
PMPl,14,10,24,0.58
PMPm,21,15,36,0.58
PMPn,25,28,53,0.47
PMPs,6,19,25,0.24
PMPt,1,2,3,0.33
PMSB,8,6,14,0.57
PMSD,1,0,1,1.0
PMSH,5,1,6,0.83
PMSI,0,1,1,0.0
PMSL,3,2,5,0.6
PMSM,12,12,24,0.5
PMSN,8,8,16,0.5
PMSP,17,15,32,0.53
PMSS,5,7,12,0.42
PMSb,8,11,19,0.42
PMSh,6,6,12,0.5
PMSl,5,4,9,0.56
PMSm,7,10,17,0.41
PMSn,13,20,33,0.39
PMSs,11,11,22,0.5
PMSt,1,4,5,0.2
PMbB,14,9,23,0.61
PMbD,0,1,1,0.0
PMbH,7,11,18,0.39
PMbI,1,2,3,0.33
PMbJ,6,4,10,0.6
PMbK,2,6,8,0.25
PMbL,7,5,12,0.58
PMbM,22,26,48,0.46
PMbN,26,22,48,0.54
PMbP,27,28,55,0.49
PMbS,9,14,23,0.39
PMbb,19,28,47,0.4
PMbl,13,8,21,0.62
PMbm,15,17,32,0.47
PMbn,18,30,48,0.38
PMbs,12,9,21,0.57
PMhB,8,16,24,0.33
PMhD,0,2,2,0.0
PMhH,2,1,3,0.67
PMhK,2,0,2,1.0
PMhL,5,3,8,0.62
PMhM,16,15,31,0.52
PMhN,10,9,19,0.53
PMhP,23,17,40,0.57
PMhS,9,4,13,0.69
PMhb,26,17,43,0.6
PMhh,7,8,15,0.47
PMhl,16,8,24,0.67
PMhm,17,14,31,0.55
PMhn,16,15,31,0.52
PMhs,7,13,20,0.35
PMht,3,2,5,0.6
PMjB,5,1,6,0.83
PMjH,1,2,3,0.33
PMjI,0,2,2,0.0
PMjK,0,1,1,0.0
PMjL,3,2,5,0.6
PMjM,8,3,11,0.73
PMjN,4,2,6,0.67
PMjP,7,9,16,0.44
PMjS,4,6,10,0.4
PMjb,8,4,12,0.67
PMjh,1,0,1,1.0
PMjl,5,5,10,0.5
PMjm,5,7,12,0.42
PMjn,6,2,8,0.75
PMjs,2,6,8,0.25
PMjt,1,2,3,0.33
PMlB,6,8,14,0.43
PMlD,0,1,1,0.0
PMlH,9,7,16,0.56
PMlI,0,1,1,0.0
PMlJ,2,2,4,0.5
PMlK,1,0,1,1.0
PMlL,3,6,9,0.33
PMlM,9,11,20,0.45
PMlN,21,11,32,0.66
PMlP,15,12,27,0.56
PMlS,5,1,6,0.83
PMlb,11,9,20,0.55
PMll,5,9,14,0.36
PMlm,6,9,15,0.4
PMln,14,9,23,0.61
PMls,7,3,10,0.7
PMmB,8,17,25,0.32
PMmD,1,1,2,0.5
PMmH,19,11,30,0.63
PMmI,1,1,2,0.5
PMmJ,1,2,3,0.33
PMmK,1,1,2,0.5
PMmL,10,6,16,0.62
PMmM,15,17,32,0.47
PMmN,25,21,46,0.54
PMmP,25,25,50,0.5
PMmS,10,12,22,0.45
PMmb,13,13,26,0.5
PMml,5,8,13,0.38
PMmm,14,12,26,0.54
PMmn,15,26,41,0.37
PMms,5,6,11,0.45
PMnB,19,22,41,0.46
PMnD,4,0,4,1.0
PMnH,12,13,25,0.48
PMnI,1,2,3,0.33
PMnK,1,2,3,0.33
PMnL,9,8,17,0.53
PMnM,33,36,69,0.48
PMnN,31,31,62,0.5
PMnP,40,38,78,0.51
PMnS,22,20,42,0.52
PMnb,17,33,50,0.34
PMnh,2,4,6,0.33
PMnl,15,12,27,0.56
PMnm,25,20,45,0.56
PMnn,27,35,62,0.44
PMns,19,24,43,0.44
PMsB,8,1,9,0.89
PMsD,1,0,1,1.0
PMsH,10,13,23,0.43
PMsI,2,1,3,0.67
PMsL,2,6,8,0.25
PMsM,14,10,24,0.58
PMsN,10,9,19,0.53
PMsP,15,21,36,0.42
PMsS,14,12,26,0.54
PMsb,8,11,19,0.42
PMsl,10,9,19,0.53
PMsm,14,7,21,0.67
PMsn,9,10,19,0.47
PMss,12,5,17,0.71
PMtB,3,4,7,0.43
PMtH,1,6,7,0.14
PMtL,1,1,2,0.5
PMtM,2,5,7,0.29
PMtN,6,2,8,0.75
PMtP,6,3,9,0.67
PMtS,2,5,7,0.29
PMtb,6,4,10,0.6
PMtl,0,4,4,0.0
PMtm,2,3,5,0.4
PMtn,5,5,10,0.5
PMts,2,2,4,0.5
PMtt,0,1,1,0.0
PNBB,12,11,23,0.52
PNBD,2,1,3,0.67
PNBH,2,0,2,1.0
PNBK,1,1,2,0.5
PNBL,5,8,13,0.38
PNBM,15,14,29,0.52
PNBN,10,15,25,0.4
PNBP,21,19,40,0.52
PNBS,5,6,11,0.45
PNBb,17,13,30,0.57
PNBh,1,0,1,1.0
PNBj,3,6,9,0.33
PNBl,11,13,24,0.46
PNBm,9,8,17,0.53
PNBn,18,20,38,0.47
PNBs,3,5,8,0.38
PNBt,2,6,8,0.25
PNDB,1,1,2,0.5
PNDI,1,0,1,1.0
PNDK,1,0,1,1.0
PNDL,1,0,1,1.0
PNDM,0,4,4,0.0
PNDN,0,1,1,0.0
PNDP,2,3,5,0.4
PNDb,0,1,1,0.0
PNDl,0,1,1,0.0
PNDm,1,2,3,0.33
PNDn,1,3,4,0.25
PNDs,2,1,3,0.67
PNHB,2,1,3,0.67
PNHH,1,0,1,1.0
PNHI,0,1,1,0.0
PNHL,0,2,2,0.0
PNHM,2,3,5,0.4
PNHN,5,3,8,0.62
PNHP,6,6,12,0.5
PNHS,0,1,1,0.0
PNHb,0,3,3,0.0
PNHh,1,1,2,0.5
PNHl,1,2,3,0.33
PNHm,2,2,4,0.5
PNHn,3,4,7,0.43
PNHs,0,4,4,0.0
PNKB,0,1,1,0.0
PNKD,1,0,1,1.0
PNKL,2,0,2,1.0
PNKM,4,3,7,0.57
PNKN,2,1,3,0.67
PNKP,3,2,5,0.6
PNKS,2,0,2,1.0
PNKb,0,0,0,
PNKl,1,3,4,0.25
PNKm,1,0,1,1.0
PNKn,3,2,5,0.6
PNKs,0,1,1,0.0
PNKt,1,0,1,1.0
PNLB,4,16,20,0.2
PNLD,0,0,0,
PNLH,0,1,1,0.0
PNLL,2,2,4,0.5
PNLM,4,3,7,0.57
PNLN,11,5,16,0.69
PNLP,11,13,24,0.46
PNLS,5,4,9,0.56
PNLb,4,11,15,0.27
PNLh,2,3,5,0.4
PNLj,1,1,2,0.5
PNLl,4,2,6,0.67
PNLm,11,6,17,0.65
PNLn,10,9,19,0.53
PNLs,4,8,12,0.33
PNLt,1,1,2,0.5
PNMB,25,16,41,0.61
PNMD,2,0,2,1.0
PNML,5,6,11,0.45
PNMM,23,22,45,0.51
PNMN,16,15,31,0.52
PNMP,26,35,61,0.43
PNMS,5,11,16,0.31
PNMb,26,22,48,0.54
PNMh,7,15,22,0.32
PNMj,9,7,16,0.56
PNMl,16,6,22,0.73
PNMm,13,11,24,0.54
PNMn,27,34,61,0.44
PNMs,9,12,21,0.43
PNMt,2,3,5,0.4
PNNB,14,8,22,0.64
PNND,0,4,4,0.0
PNNH,5,4,9,0.56
PNNK,2,0,2,1.0
PNNL,7,14,21,0.33
PNNM,14,21,35,0.4
PNNN,22,19,41,0.54
PNNP,23,31,54,0.43
PNNS,7,8,15,0.47
PNNb,18,17,35,0.51
PNNh,7,4,11,0.64
PNNl,11,15,26,0.42
PNNm,22,15,37,0.59
PNNn,25,31,56,0.45
PNNs,18,14,32,0.56
PNNt,7,7,14,0.5
PNPB,27,11,38,0.71
PNPD,0,0,0,
PNPH,18,10,28,0.64
PNPI,2,2,4,0.5
PNPK,3,2,5,0.6
PNPL,13,11,24,0.54
PNPM,34,42,76,0.45
PNPN,31,39,70,0.44
PNPP,42,42,84,0.5
PNPS,18,23,41,0.44
PNPb,33,36,69,0.48
PNPh,7,5,12,0.58
PNPl,27,25,52,0.52
PNPm,20,29,49,0.41
PNPn,30,34,64,0.47
PNPs,24,19,43,0.56
PNPt,3,4,7,0.43
PNSB,12,8,20,0.6
PNSD,2,1,3,0.67
PNSH,3,3,6,0.5
PNSL,9,3,12,0.75
PNSM,15,12,27,0.56
PNSN,13,8,21,0.62
PNSP,17,21,38,0.45
PNSS,8,11,19,0.42
PNSb,8,19,27,0.3
PNSh,9,10,19,0.47
PNSl,6,6,12,0.5
PNSm,12,8,20,0.6
PNSn,11,10,21,0.52
PNSs,16,14,30,0.53
PNSt,3,2,5,0.6
PNbB,10,23,33,0.3
PNbD,0,1,1,0.0
PNbH,1,4,5,0.2
PNbI,4,1,5,0.8
PNbJ,5,6,11,0.45
PNbK,0,1,1,0.0
PNbL,3,8,11,0.27
PNbM,27,22,49,0.55
PNbN,29,16,45,0.64
PNbP,24,17,41,0.59
PNbS,12,13,25,0.48
PNbb,13,17,30,0.43
PNbl,11,13,24,0.46
PNbm,15,18,33,0.45
PNbn,23,26,49,0.47
PNbs,8,7,15,0.53
PNhB,4,4,8,0.5
PNhH,0,2,2,0.0
PNhL,5,0,5,1.0
PNhM,9,7,16,0.56
PNhN,3,6,9,0.33
PNhP,13,9,22,0.59
PNhS,2,8,10,0.2
PNhb,10,6,16,0.62
PNhh,5,7,12,0.42
PNhl,6,3,9,0.67
PNhm,6,6,12,0.5
PNhn,9,7,16,0.56
PNhs,7,2,9,0.78
PNht,1,1,2,0.5
PNlB,10,5,15,0.67
PNlD,1,0,1,1.0
PNlH,9,8,17,0.53
PNlJ,3,1,4,0.75
PNlK,0,0,0,
PNlL,5,5,10,0.5
PNlM,14,14,28,0.5
PNlN,19,11,30,0.63
PNlP,20,19,39,0.51
PNlS,9,7,16,0.56
PNlb,10,12,22,0.45
PNll,10,6,16,0.62
PNlm,9,6,15,0.6
PNln,11,6,17,0.65
PNls,3,9,12,0.25
PNmB,10,11,21,0.48
PNmD,0,2,2,0.0
PNmH,11,22,33,0.33
PNmI,0,3,3,0.0
PNmJ,3,2,5,0.6
PNmL,5,6,11,0.45
PNmM,11,17,28,0.39
PNmN,21,18,39,0.54
PNmP,24,21,45,0.53
PNmS,10,14,24,0.42
PNmb,19,10,29,0.66
PNml,4,4,8,0.5
PNmm,18,9,27,0.67
PNmn,18,21,39,0.46
PNms,6,7,13,0.46
PNnB,14,17,31,0.45
PNnD,0,2,2,0.0
PNnH,10,15,25,0.4
PNnI,3,4,7,0.43
PNnK,1,4,5,0.2
PNnL,16,20,36,0.44
PNnM,29,28,57,0.51
PNnN,36,28,64,0.56
PNnP,53,41,94,0.56
PNnS,21,20,41,0.51
PNnb,23,27,50,0.46
PNnh,0,1,1,0.0
PNnl,13,13,26,0.5
PNnm,14,19,33,0.42
PNnn,36,22,58,0.62
PNns,20,15,35,0.57
PNsB,9,6,15,0.6
PNsD,1,1,2,0.5
PNsH,13,15,28,0.46
PNsI,2,1,3,0.67
PNsL,4,9,13,0.31
PNsM,11,15,26,0.42
PNsN,24,16,40,0.6
PNsP,19,16,35,0.54
PNsS,13,10,23,0.57
PNsb,12,11,23,0.52
PNsl,5,5,10,0.5
PNsm,7,8,15,0.47
PNsn,12,15,27,0.44
PNss,18,14,32,0.56
PNtB,4,3,7,0.57
PNtH,1,5,6,0.17
PNtL,0,2,2,0.0
PNtM,8,5,13,0.62
PNtN,4,0,4,1.0
PNtP,9,10,19,0.47
PNtS,6,5,11,0.55
PNtb,4,6,10,0.4
PNtl,1,3,4,0.25
PNtm,1,3,4,0.25
PNtn,4,4,8,0.5
PNts,3,2,5,0.6
PNtt,1,1,2,0.5
PPBB,19,20,39,0.49
PPBH,0,1,1,0.0
PPBK,1,1,2,0.5
PPBL,8,13,21,0.38
PPBM,28,20,48,0.58
PPBN,18,16,34,0.53
PPBP,15,19,34,0.44
PPBS,7,9,16,0.44
PPBb,16,30,46,0.35
PPBh,4,3,7,0.57
PPBj,9,4,13,0.69
PPBl,14,11,25,0.56
PPBm,16,14,30,0.53
PPBn,13,21,34,0.38
PPBs,15,10,25,0.6
PPBt,6,7,13,0.46
PPDB,2,1,3,0.67
PPDH,1,1,2,0.5
PPDL,1,1,2,0.5
PPDM,2,4,6,0.33
PPDN,1,1,2,0.5
PPDP,3,1,4,0.75
PPDS,1,1,2,0.5
PPDb,2,2,4,0.5
PPDl,1,1,2,0.5
PPDm,3,4,7,0.43
PPDn,1,1,2,0.5
PPDs,2,2,4,0.5
PPHB,6,7,13,0.46
PPHD,0,1,1,0.0
PPHH,0,2,2,0.0
PPHI,0,1,1,0.0
PPHK,2,1,3,0.67
PPHL,5,3,8,0.62
PPHM,9,12,21,0.43
PPHN,11,8,19,0.58
PPHP,7,14,21,0.33
PPHS,7,8,15,0.47
PPHb,6,3,9,0.67
PPHh,1,2,3,0.33
PPHl,8,9,17,0.47
PPHm,8,2,10,0.8
PPHn,8,8,16,0.5
PPHs,7,2,9,0.78
PPHt,0,1,1,0.0
PPIH,1,0,1,1.0
PPIL,4,0,4,1.0
PPIM,2,2,4,0.5
PPIN,0,0,0,
PPIP,5,4,9,0.56
PPIS,1,1,2,0.5
PPIb,2,3,5,0.4
PPIl,3,1,4,0.75
PPIm,1,0,1,1.0
PPIn,1,1,2,0.5
PPIs,1,0,1,1.0
PPKB,2,2,4,0.5
PPKL,1,1,2,0.5
PPKM,4,4,8,0.5
PPKN,2,1,3,0.67
PPKP,6,3,9,0.67
PPKS,3,0,3,1.0
PPKb,2,5,7,0.29
PPKh,2,3,5,0.4
PPKl,3,2,5,0.6
PPKm,3,3,6,0.5
PPKn,1,6,7,0.14
PPKs,1,2,3,0.33
PPKt,1,0,1,1.0
PPLB,10,13,23,0.43
PPLH,1,0,1,1.0
PPLL,6,6,12,0.5
PPLM,18,17,35,0.51
PPLN,13,20,33,0.39
PPLP,20,12,32,0.62
PPLS,4,11,15,0.27
PPLb,13,16,29,0.45
PPLh,3,7,10,0.3
PPLj,4,2,6,0.67
PPLl,7,13,20,0.35
PPLm,18,13,31,0.58
PPLn,11,26,37,0.3
PPLs,10,13,23,0.43
PPLt,0,4,4,0.0
PPMB,31,34,65,0.48
PPMD,1,1,2,0.5
PPML,13,15,28,0.46
PPMM,39,34,73,0.53
PPMN,31,21,52,0.6
PPMP,37,40,77,0.48
PPMS,15,20,35,0.43
PPMb,44,31,75,0.59
PPMh,18,26,44,0.41
PPMj,6,3,9,0.67
PPMl,22,13,35,0.63
PPMm,34,23,57,0.6
PPMn,37,39,76,0.49
PPMs,21,19,40,0.52
PPMt,3,8,11,0.27
PPNB,19,18,37,0.51
PPND,2,0,2,1.0
PPNH,1,6,7,0.14
PPNK,2,1,3,0.67
PPNL,17,14,31,0.55
PPNM,36,37,73,0.49
PPNN,25,28,53,0.47
PPNP,41,56,97,0.42
PPNS,18,23,41,0.44
PPNb,20,23,43,0.47
PPNh,8,10,18,0.44
PPNl,15,17,32,0.47
PPNm,20,18,38,0.53
PPNn,25,30,55,0.45
PPNs,17,13,30,0.57
PPNt,4,6,10,0.4
PPPB,23,30,53,0.43
PPPD,3,1,4,0.75
PPPH,8,11,19,0.42
PPPI,2,3,5,0.4
PPPK,9,4,13,0.69
PPPL,23,24,47,0.49
PPPM,56,53,109,0.51
PPPN,43,28,71,0.61
PPPP,54,55,109,0.5
PPPS,23,24,47,0.49
PPPb,36,37,73,0.49
PPPh,4,6,10,0.4
PPPl,38,35,73,0.52
PPPm,36,34,70,0.51
PPPn,32,36,68,0.47
PPPs,16,23,39,0.41
PPPt,5,5,10,0.5
PPSB,12,14,26,0.46
PPSD,1,3,4,0.25
PPSH,9,4,13,0.69
PPSK,2,1,3,0.67
PPSL,6,5,11,0.55
PPSM,19,19,38,0.5
PPSN,12,12,24,0.5
PPSP,20,25,45,0.44
PPSS,8,15,23,0.35
PPSb,31,10,41,0.76
PPSh,7,13,20,0.35
PPSl,18,12,30,0.6
PPSm,13,15,28,0.46
PPSn,19,17,36,0.53
PPSs,17,15,32,0.53
PPSt,1,5,6,0.17
PPbB,29,22,51,0.57
PPbD,2,0,2,1.0
PPbH,10,8,18,0.56
PPbI,1,0,1,1.0
PPbJ,8,4,12,0.67
PPbK,2,2,4,0.5
PPbL,18,15,33,0.55
PPbM,39,32,71,0.55
PPbN,26,28,54,0.48
PPbP,41,37,78,0.53
PPbS,13,19,32,0.41
PPbb,31,43,74,0.42
PPbl,18,19,37,0.49
PPbm,31,22,53,0.58
PPbn,24,25,49,0.49
PPbs,12,11,23,0.52
PPhB,1,2,3,0.33
PPhL,1,1,2,0.5
PPhM,5,6,11,0.45
PPhN,1,4,5,0.2
PPhP,4,3,7,0.57
PPhS,3,3,6,0.5
PPhb,6,2,8,0.75
PPhh,5,2,7,0.71
PPhl,1,5,6,0.17
PPhm,4,7,11,0.36
PPhn,2,3,5,0.4
PPhs,2,4,6,0.33
PPht,1,0,1,1.0
PPlB,16,14,30,0.53
PPlH,18,7,25,0.72
PPlI,2,1,3,0.67
PPlJ,9,7,16,0.56
PPlK,0,1,1,0.0
PPlL,14,14,28,0.5
PPlM,25,18,43,0.58
PPlN,19,20,39,0.49
PPlP,29,22,51,0.57
PPlS,15,12,27,0.56
PPlb,24,22,46,0.52
PPll,16,11,27,0.59
PPlm,29,11,40,0.72
PPln,19,10,29,0.66
PPls,7,9,16,0.44
PPmB,16,17,33,0.48
PPmD,1,4,5,0.2
PPmH,17,19,36,0.47
PPmI,2,1,3,0.67
PPmJ,6,6,12,0.5
PPmL,13,17,30,0.43
PPmM,20,30,50,0.4
PPmN,20,26,46,0.43
PPmP,37,30,67,0.55
PPmS,17,25,42,0.4
PPmb,29,22,51,0.57
PPml,15,10,25,0.6
PPmm,26,20,46,0.57
PPmn,16,21,37,0.43
PPms,17,12,29,0.59
PPnB,19,18,37,0.51
PPnD,4,1,5,0.8
PPnH,9,12,21,0.43
PPnI,1,3,4,0.25
PPnK,2,3,5,0.4
PPnL,11,11,22,0.5
PPnM,39,24,63,0.62
PPnN,27,30,57,0.47
PPnP,35,43,78,0.45
PPnS,26,19,45,0.58
PPnb,25,23,48,0.52
PPnh,1,0,1,1.0
PPnl,24,18,42,0.57
PPnm,30,19,49,0.61
PPnn,22,23,45,0.49
PPns,16,20,36,0.44
PPsB,7,11,18,0.39
PPsD,2,0,2,1.0
PPsH,10,18,28,0.36
PPsI,3,3,6,0.5
PPsL,5,12,17,0.29
PPsM,24,18,42,0.57
PPsN,14,15,29,0.48
PPsP,29,32,61,0.48
PPsS,19,15,34,0.56
PPsb,16,20,36,0.44
PPsl,14,11,25,0.56
PPsm,15,9,24,0.62
PPsn,12,15,27,0.44
PPss,10,10,20,0.5
PPtB,3,2,5,0.6
PPtH,3,1,4,0.75
PPtL,1,4,5,0.2
PPtM,9,4,13,0.69
PPtN,3,4,7,0.43
PPtP,7,4,11,0.64
PPtS,7,4,11,0.64
PPtb,2,5,7,0.29
PPtl,3,3,6,0.5
PPtm,1,2,3,0.33
PPtn,1,5,6,0.17
PPts,1,3,4,0.25
PPtt,2,0,2,1.0
PSBB,9,4,13,0.69
PSBD,1,0,1,1.0
PSBL,3,4,7,0.43
PSBM,8,5,13,0.62
PSBN,9,4,13,0.69
PSBP,13,6,19,0.68
PSBS,6,4,10,0.6
PSBb,17,5,22,0.77
PSBh,3,0,3,1.0
PSBj,3,8,11,0.27
PSBl,5,1,6,0.83
PSBm,11,3,14,0.79
PSBn,9,15,24,0.38
PSBs,1,3,4,0.25
PSBt,0,2,2,0.0
PSDB,0,1,1,0.0
PSDM,0,0,0,
PSDN,1,1,2,0.5
PSDP,1,4,5,0.2
PSDS,1,1,2,0.5
PSDb,1,0,1,1.0
PSDl,0,1,1,0.0
PSDm,1,0,1,1.0
PSDn,1,1,2,0.5
PSDs,0,1,1,0.0
PSHB,1,0,1,1.0
PSHH,1,1,2,0.5
PSHL,1,5,6,0.17
PSHM,5,7,12,0.42
PSHN,4,5,9,0.44
PSHP,8,3,11,0.73
PSHS,2,7,9,0.22
PSHb,0,3,3,0.0
PSHh,1,0,1,1.0
PSHl,4,0,4,1.0
PSHm,2,2,4,0.5
PSHn,6,3,9,0.67
PSHs,5,2,7,0.71
PSIm,0,0,0,
PSIn,0,1,1,0.0
PSIs,1,0,1,1.0
PSKH,1,0,1,1.0
PSKL,0,0,0,
PSKN,2,2,4,0.5
PSKP,0,1,1,0.0
PSKh,1,0,1,1.0
PSKl,0,1,1,0.0
PSKm,0,2,2,0.0
PSKn,0,1,1,0.0
PSLB,5,2,7,0.71
PSLK,0,1,1,0.0
PSLL,1,0,1,1.0
PSLM,7,3,10,0.7
PSLN,3,7,10,0.3
PSLP,8,8,16,0.5
PSLS,4,1,5,0.8
PSLb,8,6,14,0.57
PSLh,1,1,2,0.5
PSLl,2,4,6,0.33
PSLm,7,5,12,0.58
PSLn,1,4,5,0.2
PSLs,5,5,10,0.5
PSLt,2,1,3,0.67
PSMB,12,8,20,0.6
PSMD,1,1,2,0.5
PSMH,1,0,1,1.0
PSML,4,3,7,0.57
PSMM,13,17,30,0.43
PSMN,13,10,23,0.57
PSMP,27,9,36,0.75
PSMS,3,10,13,0.23
PSMb,17,12,29,0.59
PSMh,10,14,24,0.42
PSMj,7,4,11,0.64
PSMl,8,9,17,0.47
PSMm,8,7,15,0.53
PSMn,20,26,46,0.43
PSMs,4,10,14,0.29
PSMt,1,4,5,0.2
PSNB,5,2,7,0.71
PSND,0,1,1,0.0
PSNH,2,2,4,0.5
PSNK,0,2,2,0.0
PSNL,2,3,5,0.4
PSNM,13,13,26,0.5
PSNN,7,14,21,0.33
PSNP,12,19,31,0.39
PSNS,4,6,10,0.4
PSNb,6,15,21,0.29
PSNh,1,3,4,0.25
PSNl,2,10,12,0.17
PSNm,6,12,18,0.33
PSNn,11,16,27,0.41
PSNs,4,7,11,0.36
PSNt,1,2,3,0.33
PSPB,13,15,28,0.46
PSPD,2,0,2,1.0
PSPH,3,6,9,0.33
PSPI,1,3,4,0.25
PSPK,0,3,3,0.0
PSPL,6,9,15,0.4
PSPM,23,19,42,0.55
PSPN,11,16,27,0.41
PSPP,19,25,44,0.43
PSPS,12,18,30,0.4
PSPb,16,15,31,0.52
PSPh,4,1,5,0.8
PSPl,10,10,20,0.5
PSPm,15,20,35,0.43
PSPn,17,14,31,0.55
PSPs,13,13,26,0.5
PSPt,2,2,4,0.5
PSSB,7,3,10,0.7
PSSD,1,0,1,1.0
PSSH,2,4,6,0.33
PSSL,6,5,11,0.55
PSSM,12,7,19,0.63
PSSN,9,8,17,0.53
PSSP,12,12,24,0.5
PSSS,5,10,15,0.33
PSSb,8,5,13,0.62
PSSh,5,9,14,0.36
PSSl,8,8,16,0.5
PSSm,6,14,20,0.3
PSSn,13,10,23,0.57
PSSs,12,14,26,0.46
PSSt,2,2,4,0.5
PSbB,13,8,21,0.62
PSbD,2,3,5,0.4
PSbH,3,5,8,0.38
PSbI,0,0,0,
PSbJ,1,2,3,0.33
PSbK,1,1,2,0.5
PSbL,6,5,11,0.55
PSbM,16,10,26,0.62
PSbN,10,12,22,0.45
PSbP,12,16,28,0.43
PSbS,3,12,15,0.2
PSbb,16,11,27,0.59
PSbl,4,6,10,0.4
PSbm,12,4,16,0.75
PSbn,10,10,20,0.5
PSbs,13,4,17,0.76
PShB,1,6,7,0.14
PShD,1,1,2,0.5
PShH,0,1,1,0.0
PShI,1,1,2,0.5
PShL,0,4,4,0.0
PShM,11,10,21,0.52
PShN,3,9,12,0.25
PShP,9,5,14,0.64
PShS,5,8,13,0.38
PShb,7,8,15,0.47
PShh,8,3,11,0.73
PShl,4,5,9,0.44
PShm,6,4,10,0.6
PShn,11,9,20,0.55
PShs,3,5,8,0.38
PSht,2,2,4,0.5
PSlB,1,6,7,0.14
PSlD,2,0,2,1.0
PSlH,6,10,16,0.38
PSlJ,3,3,6,0.5
PSlK,1,0,1,1.0
PSlL,1,5,6,0.17
PSlM,3,13,16,0.19
PSlN,11,3,14,0.79
PSlP,11,11,22,0.5
PSlS,12,9,21,0.57
PSlb,3,9,12,0.25
PSll,3,4,7,0.43
PSlm,6,5,11,0.55
PSln,5,3,8,0.62
PSls,2,9,11,0.18
PSmB,8,6,14,0.57
PSmD,0,2,2,0.0
PSmH,3,12,15,0.2
PSmI,1,1,2,0.5
PSmJ,4,2,6,0.67
PSmL,6,3,9,0.67
PSmM,10,12,22,0.45
PSmN,12,12,24,0.5
PSmP,13,12,25,0.52
PSmS,10,11,21,0.48
PSmb,11,10,21,0.52
PSml,6,4,10,0.6
PSmm,10,3,13,0.77
PSmn,10,6,16,0.62
PSms,8,7,15,0.53
PSnB,14,8,22,0.64
PSnD,3,4,7,0.43
PSnH,11,9,20,0.55
PSnI,1,0,1,1.0
PSnL,2,8,10,0.2
PSnM,11,14,25,0.44
PSnN,16,21,37,0.43
PSnP,24,20,44,0.55
PSnS,13,15,28,0.46
PSnb,23,13,36,0.64
PSnl,10,8,18,0.56
PSnm,8,14,22,0.36
PSnn,19,25,44,0.43
PSns,15,4,19,0.79
PSsB,3,2,5,0.6
PSsD,2,1,3,0.67
PSsH,11,9,20,0.55
PSsI,5,0,5,1.0
PSsK,1,2,3,0.33
PSsL,4,2,6,0.67
PSsM,10,11,21,0.48
PSsN,7,9,16,0.44
PSsP,8,16,24,0.33
PSsS,11,9,20,0.55
PSsb,8,12,20,0.4
PSsl,5,7,12,0.42
PSsm,6,3,9,0.67
PSsn,6,11,17,0.35
PSss,7,6,13,0.54
PSst,0,0,0,
PStB,0,2,2,0.0
PStH,2,4,6,0.33
PStM,0,1,1,0.0
PStN,3,3,6,0.5
PStP,2,0,2,1.0
PStS,2,0,2,1.0
PStb,3,2,5,0.6
PStl,1,3,4,0.25
PStm,2,1,3,0.67
PStn,1,3,4,0.25
PSts,0,2,2,0.0
PStt,1,1,2,0.5
PbBB,10,13,23,0.43
PbBD,2,1,3,0.67
PbBK,0,1,1,0.0
PbBL,7,5,12,0.58
PbBM,9,14,23,0.39
PbBN,12,16,28,0.43
PbBP,21,16,37,0.57
PbBS,9,15,24,0.38
PbBb,14,21,35,0.4
PbBh,0,4,4,0.0
PbBj,9,3,12,0.75
PbBl,16,7,23,0.7
PbBm,16,13,29,0.55
PbBn,30,28,58,0.52
PbBs,5,10,15,0.33
PbBt,3,1,4,0.75
PbDB,3,0,3,1.0
PbDH,4,1,5,0.8
PbDL,1,1,2,0.5
PbDM,0,2,2,0.0
PbDN,2,0,2,1.0
PbDP,1,1,2,0.5
PbDS,1,1,2,0.5
PbDb,1,0,1,1.0
PbDl,1,2,3,0.33
PbDm,0,0,0,
PbDn,1,0,1,1.0
PbDs,1,1,2,0.5
PbDt,1,0,1,1.0
PbHB,4,5,9,0.44
PbHD,0,2,2,0.0
PbHH,2,1,3,0.67
PbHI,2,0,2,1.0
PbHL,3,3,6,0.5
PbHM,5,9,14,0.36
PbHN,4,3,7,0.57
PbHP,5,8,13,0.38
PbHS,4,2,6,0.67
PbHb,6,5,11,0.55
PbHh,0,1,1,0.0
PbHl,4,2,6,0.67
PbHm,5,2,7,0.71
PbHn,6,5,11,0.55
PbHs,2,4,6,0.33
PbIB,0,3,3,0.0
PbIH,0,0,0,
PbIL,0,1,1,0.0
PbIM,0,1,1,0.0
PbIN,3,3,6,0.5
PbIP,1,2,3,0.33
PbIS,0,2,2,0.0
PbIb,1,0,1,1.0
PbIm,3,0,3,1.0
PbIn,1,1,2,0.5
PbIs,0,1,1,0.0
PbJB,4,6,10,0.4
PbJD,1,0,1,1.0
PbJH,2,2,4,0.5
PbJI,0,0,0,
PbJL,1,3,4,0.25
PbJM,4,5,9,0.44
PbJN,4,5,9,0.44
PbJP,7,2,9,0.78
PbJS,6,4,10,0.6
PbJb,4,6,10,0.4
PbJl,1,0,1,1.0
PbJm,2,5,7,0.29
PbJn,6,0,6,1.0
PbJs,5,3,8,0.62
PbJt,1,2,3,0.33
PbKB,1,0,1,1.0
PbKD,0,0,0,
PbKL,2,1,3,0.67
PbKM,2,2,4,0.5
PbKN,1,2,3,0.33
PbKP,1,1,2,0.5
PbKS,1,0,1,1.0
PbKb,5,1,6,0.83
PbKh,0,1,1,0.0
PbKl,1,2,3,0.33
PbKm,2,1,3,0.67
PbKn,1,1,2,0.5
PbKs,0,1,1,0.0
PbLB,7,9,16,0.44
PbLK,0,2,2,0.0
PbLL,5,3,8,0.62
PbLM,8,6,14,0.57
PbLN,11,5,16,0.69
PbLP,9,8,17,0.53
PbLS,5,3,8,0.62
PbLb,11,8,19,0.58
PbLh,7,1,8,0.88
PbLj,2,0,2,1.0
PbLl,2,6,8,0.25
PbLm,8,2,10,0.8
PbLn,14,8,22,0.64
PbLs,2,4,6,0.33
PbLt,1,1,2,0.5
PbMB,12,18,30,0.4
PbMD,2,1,3,0.67
PbMH,2,0,2,1.0
PbML,9,12,21,0.43
PbMM,24,37,61,0.39
PbMN,13,20,33,0.39
PbMP,22,17,39,0.56
PbMS,12,12,24,0.5
PbMb,27,18,45,0.6
PbMh,18,21,39,0.46
PbMj,3,3,6,0.5
PbMl,12,12,24,0.5
PbMm,18,7,25,0.72
PbMn,31,25,56,0.55
PbMs,6,11,17,0.35
PbMt,3,4,7,0.43
PbNB,22,18,40,0.55
PbND,3,0,3,1.0
PbNH,3,4,7,0.43
PbNL,15,7,22,0.68
PbNM,26,33,59,0.44
PbNN,15,27,42,0.36
PbNP,42,42,84,0.5
PbNS,12,11,23,0.52
PbNb,21,24,45,0.47
PbNh,8,9,17,0.47
PbNl,8,11,19,0.42
PbNm,23,20,43,0.53
PbNn,18,25,43,0.42
PbNs,10,8,18,0.56
PbNt,4,3,7,0.57
PbPB,14,17,31,0.45
PbPD,2,2,4,0.5
PbPH,13,10,23,0.57
PbPI,2,1,3,0.67
PbPK,0,0,0,
PbPL,11,20,31,0.35
PbPM,31,37,68,0.46
PbPN,21,25,46,0.46
PbPP,41,48,89,0.46
PbPS,19,9,28,0.68
PbPb,38,27,65,0.58
PbPh,2,4,6,0.33
PbPl,19,13,32,0.59
PbPm,16,12,28,0.57
PbPn,28,14,42,0.67
PbPs,10,12,22,0.45
PbPt,1,1,2,0.5
PbSB,8,7,15,0.53
PbSD,1,0,1,1.0
PbSH,6,3,9,0.67
PbSL,7,3,10,0.7
PbSM,4,13,17,0.24
PbSN,9,8,17,0.53
PbSP,22,15,37,0.59
PbSS,7,8,15,0.47
PbSb,10,6,16,0.62
PbSh,5,6,11,0.45
PbSl,4,10,14,0.29
PbSm,5,9,14,0.36
PbSn,11,17,28,0.39
PbSs,4,6,10,0.4
PbSt,3,2,5,0.6
PbbB,18,20,38,0.47
PbbD,2,2,4,0.5
PbbH,6,5,11,0.55
PbbI,2,0,2,1.0
PbbJ,4,6,10,0.4
PbbK,1,2,3,0.33
PbbL,11,10,21,0.52
PbbM,21,27,48,0.44
PbbN,25,20,45,0.56
PbbP,35,34,69,0.51
PbbS,12,7,19,0.63
Pbbb,19,31,50,0.38
Pbbl,11,4,15,0.73
Pbbm,12,12,24,0.5
Pbbn,28,14,42,0.67
Pbbs,9,7,16,0.56
PblB,7,9,16,0.44
PblD,1,0,1,1.0
PblH,6,2,8,0.75
PblI,0,1,1,0.0
PblJ,4,1,5,0.8
PblL,5,7,12,0.42
PblM,8,14,22,0.36
PblN,10,10,20,0.5
PblP,10,12,22,0.45
PblS,9,4,13,0.69
Pblb,14,11,25,0.56
Pblh,0,1,1,0.0
Pbll,4,2,6,0.67
Pblm,7,8,15,0.47
Pbln,9,13,22,0.41
Pbls,6,4,10,0.6
PbmB,13,10,23,0.57
PbmD,2,0,2,1.0
PbmH,11,5,16,0.69
PbmI,1,1,2,0.5
PbmJ,2,5,7,0.29
PbmL,7,8,15,0.47
PbmM,20,21,41,0.49
PbmN,21,17,38,0.55
PbmP,15,16,31,0.48
PbmS,9,12,21,0.43
Pbmb,13,14,27,0.48
Pbml,8,4,12,0.67
Pbmm,12,14,26,0.46
Pbmn,19,14,33,0.58
Pbms,9,6,15,0.6
PbnB,6,13,19,0.32
PbnD,1,0,1,1.0
PbnH,7,3,10,0.7
PbnI,1,1,2,0.5
PbnK,3,1,4,0.75
PbnL,13,7,20,0.65
PbnM,20,24,44,0.45
PbnN,22,22,44,0.5
PbnP,21,30,51,0.41
PbnS,11,10,21,0.52
Pbnb,27,19,46,0.59
Pbnh,2,1,3,0.67
Pbnl,10,5,15,0.67
Pbnm,14,18,32,0.44
Pbnn,22,20,42,0.52
Pbns,14,10,24,0.58
PbsB,6,7,13,0.46
PbsD,2,2,4,0.5
PbsH,9,5,14,0.64
PbsI,1,3,4,0.25
PbsK,0,1,1,0.0
PbsL,4,4,8,0.5
PbsM,14,10,24,0.58
PbsN,16,7,23,0.7
PbsP,17,10,27,0.63
PbsS,9,9,18,0.5
Pbsb,6,10,16,0.38
Pbsl,2,5,7,0.29
Pbsm,13,5,18,0.72
Pbsn,9,3,12,0.75
Pbss,5,6,11,0.45
PhBL,1,1,2,0.5
PhBM,2,1,3,0.67
PhBN,1,2,3,0.33
PhBP,1,1,2,0.5
PhBS,3,0,3,1.0
PhBb,3,3,6,0.5
PhBh,0,1,1,0.0
PhBj,0,1,1,0.0
PhBl,2,1,3,0.67
PhBm,4,0,4,1.0
PhBn,2,2,4,0.5
PhDb,0,1,1,0.0
PhDl,1,0,1,1.0
PhHB,0,1,1,0.0
PhHH,0,1,1,0.0
PhHL,1,0,1,1.0
PhHM,1,0,1,1.0
PhHN,0,1,1,0.0
PhHS,0,1,1,0.0
PhHl,1,0,1,1.0
PhHm,0,1,1,0.0
PhHn,1,0,1,1.0
PhHs,1,0,1,1.0
PhLB,1,0,1,1.0
PhLD,0,1,1,0.0
PhLL,0,1,1,0.0
PhLM,0,1,1,0.0
PhLN,0,0,0,
PhLP,1,1,2,0.5
PhLS,0,1,1,0.0
PhLb,0,2,2,0.0
PhLh,0,0,0,
PhLl,0,0,0,
PhLm,2,0,2,1.0
PhLn,0,1,1,0.0
PhLs,1,0,1,1.0
PhMB,1,3,4,0.25
PhML,2,0,2,1.0
PhMM,3,0,3,1.0
PhMP,1,2,3,0.33
PhMS,2,1,3,0.67
PhMb,1,2,3,0.33
PhMh,0,3,3,0.0
PhMj,0,1,1,0.0
PhMl,2,0,2,1.0
PhMm,1,1,2,0.5
PhMn,6,5,11,0.55
PhMs,1,1,2,0.5
PhMt,1,0,1,1.0
PhNB,1,0,1,1.0
PhNL,1,1,2,0.5
PhNM,2,2,4,0.5
PhNN,3,0,3,1.0
PhNP,2,1,3,0.67
PhNS,0,1,1,0.0
PhNb,0,3,3,0.0
PhNh,1,1,2,0.5
PhNl,1,0,1,1.0
PhNm,4,2,6,0.67
PhNn,2,1,3,0.67
PhNs,1,2,3,0.33
PhNt,0,2,2,0.0
PhPB,4,1,5,0.8
PhPH,0,2,2,0.0
PhPL,0,1,1,0.0
PhPM,3,4,7,0.43
PhPN,2,0,2,1.0
PhPP,1,3,4,0.25
PhPS,4,5,9,0.44
PhPb,2,6,8,0.25
PhPh,1,1,2,0.5
PhPl,1,5,6,0.17
PhPm,2,4,6,0.33
PhPn,1,3,4,0.25
PhPs,1,3,4,0.25
PhSB,3,3,6,0.5
PhSH,1,0,1,1.0
PhSL,1,0,1,1.0
PhSM,0,2,2,0.0
PhSN,1,0,1,1.0
PhSP,2,2,4,0.5
PhSS,0,5,5,0.0
PhSb,1,2,3,0.33
PhSh,1,0,1,1.0
PhSl,0,2,2,0.0
PhSm,2,2,4,0.5
PhSn,2,2,4,0.5
PhSs,1,2,3,0.33
PhSt,1,1,2,0.5
PhbB,3,0,3,1.0
PhbJ,1,1,2,0.5
PhbL,1,1,2,0.5
PhbM,2,5,7,0.29
PhbN,1,1,2,0.5
PhbP,0,3,3,0.0
PhbS,0,2,2,0.0
Phbb,1,1,2,0.5
Phbm,0,2,2,0.0
Phbn,1,0,1,1.0
PhhB,1,2,3,0.33
PhhD,2,0,2,1.0
PhhL,0,3,3,0.0
PhhM,1,1,2,0.5
PhhN,2,1,3,0.67
PhhP,6,0,6,1.0
PhhS,0,1,1,0.0
Phhb,3,0,3,1.0
Phhh,2,4,6,0.33
Phhl,2,0,2,1.0
Phhm,2,0,2,1.0
Phhn,1,4,5,0.2
Phhs,3,2,5,0.6
PhlB,0,1,1,0.0
PhlH,3,2,5,0.6
PhlJ,1,1,2,0.5
PhlM,1,3,4,0.25
PhlN,0,1,1,0.0
PhlP,3,1,4,0.75
PhlS,1,0,1,1.0
Phlb,2,1,3,0.67
Phll,1,2,3,0.33
Phlm,1,1,2,0.5
Phln,2,3,5,0.4
PhmB,1,2,3,0.33
PhmH,4,0,4,1.0
PhmJ,0,1,1,0.0
PhmL,1,2,3,0.33
PhmM,0,0,0,
PhmN,1,3,4,0.25
PhmP,3,1,4,0.75
PhmS,3,0,3,1.0
Phmb,2,0,2,1.0
Phml,0,1,1,0.0
Phmm,2,2,4,0.5
Phmn,3,0,3,1.0
Phms,1,2,3,0.33
PhnB,2,1,3,0.67
PhnH,0,3,3,0.0
PhnI,1,0,1,1.0
PhnM,1,4,5,0.2
PhnN,2,1,3,0.67
PhnP,5,6,11,0.45
PhnS,2,0,2,1.0
Phnb,1,2,3,0.33
Phnl,1,0,1,1.0
Phnm,3,1,4,0.75
Phnn,2,2,4,0.5
Phns,2,4,6,0.33
PhsB,1,0,1,1.0
PhsH,2,2,4,0.5
PhsI,0,0,0,
PhsL,2,1,3,0.67
PhsM,3,3,6,0.5
PhsN,3,2,5,0.6
PhsP,5,2,7,0.71
PhsS,1,1,2,0.5
Phsb,1,0,1,1.0
Phsl,1,2,3,0.33
Phsm,1,2,3,0.33
Phsn,3,2,5,0.6
Phss,1,1,2,0.5
PhtH,0,0,0,
PhtL,0,1,1,0.0
PhtM,0,1,1,0.0
PhtN,0,1,1,0.0
PhtP,0,1,1,0.0
PhtS,0,1,1,0.0
Phtb,0,1,1,0.0
Phtn,0,3,3,0.0
PlBB,8,6,14,0.57
PlBD,0,1,1,0.0
PlBL,3,3,6,0.5
PlBM,7,4,11,0.64
PlBN,5,11,16,0.31
PlBP,7,10,17,0.41
PlBS,3,5,8,0.38
PlBb,10,9,19,0.53
PlBh,0,1,1,0.0
PlBj,1,3,4,0.25
PlBl,1,4,5,0.2
PlBm,7,6,13,0.54
PlBn,6,9,15,0.4
PlBs,1,4,5,0.2
PlBt,1,1,2,0.5
PlDB,1,0,1,1.0
PlDH,0,2,2,0.0
PlDL,1,0,1,1.0
PlDM,1,2,3,0.33
PlDN,2,0,2,1.0
PlDP,2,1,3,0.67
PlDS,0,2,2,0.0
PlDb,1,0,1,1.0
PlDl,1,0,1,1.0
PlDn,1,1,2,0.5
PlHB,3,4,7,0.43
PlHD,1,1,2,0.5
PlHI,1,1,2,0.5
PlHK,1,0,1,1.0
PlHL,5,2,7,0.71
PlHM,9,13,22,0.41
PlHN,4,5,9,0.44
PlHP,13,17,30,0.43
PlHS,4,8,12,0.33
PlHb,4,5,9,0.44
PlHh,4,2,6,0.67
PlHl,5,2,7,0.71
PlHm,6,9,15,0.4
PlHn,5,8,13,0.38
PlHs,2,8,10,0.2
PlHt,0,1,1,0.0
PlIL,1,2,3,0.33
PlIM,1,1,2,0.5
PlIP,2,2,4,0.5
PlIb,1,0,1,1.0
PlIm,2,1,3,0.67
PlIs,1,0,1,1.0
PlJB,0,4,4,0.0
PlJH,1,3,4,0.25
PlJI,1,1,2,0.5
PlJL,3,1,4,0.75
PlJM,3,3,6,0.5
PlJN,2,2,4,0.5
PlJP,1,3,4,0.25
PlJS,2,3,5,0.4
PlJb,5,4,9,0.56
PlJh,0,1,1,0.0
PlJl,2,4,6,0.33
PlJm,1,4,5,0.2
PlJn,4,3,7,0.57
PlJs,2,2,4,0.5
PlKM,0,1,1,0.0
PlKP,0,2,2,0.0
PlKb,0,2,2,0.0
PlKl,0,0,0,
PlLB,3,4,7,0.43
PlLK,0,1,1,0.0
PlLL,3,4,7,0.43
PlLM,5,8,13,0.38
PlLN,2,3,5,0.4
PlLP,3,6,9,0.33
PlLS,2,4,6,0.33
PlLb,10,5,15,0.67
PlLh,3,5,8,0.38
PlLj,3,2,5,0.6
PlLl,1,2,3,0.33
PlLm,3,1,4,0.75
PlLn,12,9,21,0.57
PlLs,6,9,15,0.4
PlLt,3,3,6,0.5
PlMB,4,8,12,0.33
PlMD,0,2,2,0.0
PlML,7,6,13,0.54
PlMM,12,8,20,0.6
PlMN,12,7,19,0.63
PlMP,18,16,34,0.53
PlMS,7,6,13,0.54
PlMb,10,10,20,0.5
PlMh,5,6,11,0.45
PlMj,0,0,0,
PlMl,11,4,15,0.73
PlMm,12,5,17,0.71
PlMn,13,11,24,0.54
PlMs,8,6,14,0.57
PlMt,2,6,8,0.25
PlNB,3,7,10,0.3
PlND,0,2,2,0.0
PlNH,2,2,4,0.5
PlNK,1,2,3,0.33
PlNL,7,0,7,1.0
PlNM,17,13,30,0.57
PlNN,11,15,26,0.42
PlNP,23,16,39,0.59
PlNS,10,4,14,0.71
PlNb,9,9,18,0.5
PlNh,4,6,10,0.4
PlNl,5,3,8,0.62
PlNm,10,11,21,0.48
PlNn,14,19,33,0.42
PlNs,13,7,20,0.65
PlNt,4,1,5,0.8
PlPB,7,18,25,0.28
PlPD,0,1,1,0.0
PlPH,3,5,8,0.38
PlPI,1,0,1,1.0
PlPK,1,3,4,0.25
PlPL,6,11,17,0.35
PlPM,17,7,24,0.71
PlPN,10,19,29,0.34
PlPP,17,23,40,0.42
PlPS,11,5,16,0.69
PlPb,16,10,26,0.62
PlPh,1,2,3,0.33
PlPl,6,16,22,0.27
PlPm,15,16,31,0.48
PlPn,11,9,20,0.55
PlPs,15,9,24,0.62
PlPt,2,1,3,0.67
PlSB,5,1,6,0.83
PlSD,1,2,3,0.33
PlSH,1,3,4,0.25
PlSL,1,4,5,0.2
PlSM,8,11,19,0.42
PlSN,3,5,8,0.38
PlSP,15,6,21,0.71
PlSS,4,8,12,0.33
PlSb,4,2,6,0.67
PlSh,4,2,6,0.67
PlSl,7,4,11,0.64
PlSm,6,4,10,0.6
PlSn,6,7,13,0.46
PlSs,3,8,11,0.27
PlSt,1,2,3,0.33
PlbB,12,15,27,0.44
PlbH,4,5,9,0.44
PlbI,1,1,2,0.5
PlbJ,1,3,4,0.25
PlbK,0,1,1,0.0
PlbL,4,9,13,0.31
PlbM,7,14,21,0.33
PlbN,16,14,30,0.53
PlbP,14,8,22,0.64
PlbS,3,10,13,0.23
Plbb,8,17,25,0.32
Plbl,2,12,14,0.14
Plbm,12,11,23,0.52
Plbn,12,9,21,0.57
Plbs,8,4,12,0.67
PllB,5,4,9,0.56
PllD,0,3,3,0.0
PllH,2,2,4,0.5
PllI,0,0,0,
PllJ,0,5,5,0.0
PllK,1,0,1,1.0
PllL,2,7,9,0.22
PllM,9,4,13,0.69
PllN,8,8,16,0.5
PllP,5,9,14,0.36
PllS,2,3,5,0.4
Pllb,11,2,13,0.85
Plll,2,5,7,0.29
Pllm,2,0,2,1.0
Plln,5,6,11,0.45
Plls,2,1,3,0.67
PlmB,11,14,25,0.44
PlmH,6,8,14,0.43
PlmI,0,2,2,0.0
PlmJ,1,1,2,0.5
PlmL,3,2,5,0.6
PlmM,11,20,31,0.35
PlmN,14,15,29,0.48
PlmP,6,14,20,0.3
PlmS,2,4,6,0.33
Plmb,11,12,23,0.48
Plml,4,4,8,0.5
Plmm,7,5,12,0.58
Plmn,8,4,12,0.67
Plms,1,2,3,0.33
PlnB,3,7,10,0.3
PlnD,1,1,2,0.5
PlnH,1,9,10,0.1
PlnI,1,0,1,1.0
PlnK,1,1,2,0.5
PlnL,3,5,8,0.38
PlnM,6,12,18,0.33
PlnN,15,9,24,0.62
PlnP,11,8,19,0.58
PlnS,1,8,9,0.11
Plnb,5,7,12,0.42
Plnh,0,0,0,
Plnl,6,3,9,0.67
Plnm,8,8,16,0.5
Plnn,8,8,16,0.5
Plns,9,4,13,0.69
PlsB,4,3,7,0.57
PlsH,5,2,7,0.71
PlsK,0,1,1,0.0
PlsL,1,2,3,0.33
PlsM,7,6,13,0.54
PlsN,4,5,9,0.44
PlsP,7,6,13,0.54
PlsS,4,3,7,0.57
Plsb,6,6,12,0.5
Plsh,0,2,2,0.0
Plsl,4,3,7,0.57
Plsm,4,1,5,0.8
Plsn,9,4,13,0.69
Plss,2,3,5,0.4
PmBB,6,4,10,0.6
PmBK,1,0,1,1.0
PmBL,5,3,8,0.62
PmBM,16,16,32,0.5
PmBN,13,16,29,0.45
PmBP,19,21,40,0.48
PmBS,8,5,13,0.62
PmBb,10,11,21,0.48
PmBh,0,2,2,0.0
PmBj,4,6,10,0.4
PmBl,9,6,15,0.6
PmBm,10,10,20,0.5
PmBn,19,21,40,0.48
PmBs,7,10,17,0.41
PmBt,3,4,7,0.43
PmDH,2,3,5,0.4
PmDI,0,1,1,0.0
PmDM,2,2,4,0.5
PmDN,1,0,1,1.0
PmDP,2,1,3,0.67
PmDS,1,1,2,0.5
PmDb,1,0,1,1.0
PmDl,2,2,4,0.5
PmDm,0,2,2,0.0
PmDn,0,2,2,0.0
PmDs,0,1,1,0.0
PmHB,8,13,21,0.38
PmHD,0,0,0,
PmHH,3,3,6,0.5
PmHK,0,1,1,0.0
PmHL,6,5,11,0.55
PmHM,7,18,25,0.28
PmHN,12,8,20,0.6
PmHP,15,12,27,0.56
PmHS,5,6,11,0.45
PmHb,14,15,29,0.48
PmHh,6,4,10,0.6
PmHl,5,5,10,0.5
PmHm,3,13,16,0.19
PmHn,14,12,26,0.54
PmHs,6,3,9,0.67
PmHt,0,5,5,0.0
PmIB,0,1,1,0.0
PmIH,2,0,2,1.0
PmIL,1,1,2,0.5
PmIM,1,2,3,0.33
PmIN,2,0,2,1.0
PmIP,1,2,3,0.33
PmIS,2,0,2,1.0
PmIb,1,1,2,0.5
PmIl,1,1,2,0.5
PmIs,0,1,1,0.0
PmJB,2,5,7,0.29
PmJH,0,3,3,0.0
PmJI,0,1,1,0.0
PmJK,1,0,1,1.0
PmJL,0,4,4,0.0
PmJM,6,4,10,0.6
PmJN,3,1,4,0.75
PmJP,5,4,9,0.56
PmJS,2,1,3,0.67
PmJb,6,5,11,0.55
PmJh,1,0,1,1.0
PmJl,0,2,2,0.0
PmJm,2,3,5,0.4
PmJn,7,4,11,0.64
PmJs,3,3,6,0.5
PmKN,0,1,1,0.0
PmKn,1,0,1,1.0
PmLB,7,4,11,0.64
PmLL,2,4,6,0.33
PmLM,9,9,18,0.5
PmLN,7,8,15,0.47
PmLP,11,8,19,0.58
PmLS,5,3,8,0.62
PmLb,6,8,14,0.43
PmLh,6,1,7,0.86
PmLj,1,2,3,0.33
PmLl,2,4,6,0.33
PmLm,1,6,7,0.14
PmLn,8,12,20,0.4
PmLs,2,5,7,0.29
PmLt,0,2,2,0.0
PmMB,8,11,19,0.42
PmMD,1,2,3,0.33
PmML,1,6,7,0.14
PmMM,25,19,44,0.57
PmMN,16,20,36,0.44
PmMP,15,27,42,0.36
PmMS,18,11,29,0.62
PmMb,15,25,40,0.38
PmMh,12,8,20,0.6
PmMj,2,3,5,0.4
PmMl,10,8,18,0.56
PmMm,25,9,34,0.74
PmMn,24,25,49,0.49
PmMs,8,9,17,0.47
PmMt,2,2,4,0.5
PmNB,13,9,22,0.59
PmND,1,3,4,0.25
PmNH,1,5,6,0.17
PmNK,3,2,5,0.6
PmNL,7,9,16,0.44
PmNM,14,15,29,0.48
PmNN,19,22,41,0.46
PmNP,22,27,49,0.45
PmNS,13,14,27,0.48
PmNb,14,11,25,0.56
PmNh,3,5,8,0.38
PmNl,12,9,21,0.57
PmNm,17,10,27,0.63
PmNn,24,18,42,0.57
PmNs,15,11,26,0.58
PmNt,2,2,4,0.5
PmPB,14,10,24,0.58
PmPD,2,2,4,0.5
PmPH,6,5,11,0.55
PmPI,2,0,2,1.0
PmPK,2,2,4,0.5
PmPL,12,9,21,0.57
PmPM,24,25,49,0.49
PmPN,12,12,24,0.5
PmPP,26,40,66,0.39
PmPS,11,12,23,0.48
PmPb,26,12,38,0.68
PmPh,3,1,4,0.75
PmPl,17,12,29,0.59
PmPm,18,20,38,0.47
PmPn,18,26,44,0.41
PmPs,11,8,19,0.58
PmPt,2,6,8,0.25
PmSB,7,8,15,0.47
PmSD,1,0,1,1.0
PmSH,3,5,8,0.38
PmSK,0,1,1,0.0
PmSL,5,5,10,0.5
PmSM,11,9,20,0.55
PmSN,8,15,23,0.35
PmSP,14,8,22,0.64
PmSS,10,5,15,0.67
PmSb,9,10,19,0.47
PmSh,7,4,11,0.64
PmSl,4,6,10,0.4
PmSm,11,7,18,0.61
PmSn,12,12,24,0.5
PmSs,6,6,12,0.5
PmSt,2,1,3,0.67
PmbB,13,5,18,0.72
PmbD,0,2,2,0.0
PmbH,7,4,11,0.64
PmbI,3,1,4,0.75
PmbJ,3,3,6,0.5
PmbK,2,1,3,0.67
PmbL,5,5,10,0.5
PmbM,14,18,32,0.44
PmbN,25,32,57,0.44
PmbP,18,22,40,0.45
PmbS,8,7,15,0.53
Pmbb,17,13,30,0.57
Pmbl,6,4,10,0.6
Pmbm,13,12,25,0.52
Pmbn,20,14,34,0.59
Pmbs,9,6,15,0.6
PmlB,5,4,9,0.56
PmlH,4,1,5,0.8
PmlI,1,1,2,0.5
PmlJ,0,2,2,0.0
PmlK,0,1,1,0.0
PmlL,8,4,12,0.67
PmlM,7,6,13,0.54
PmlN,9,10,19,0.47
PmlP,14,6,20,0.7
PmlS,1,0,1,1.0
Pmlb,5,8,13,0.38
Pmll,5,2,7,0.71
Pmlm,5,7,12,0.42
Pmln,12,8,20,0.6
Pmls,0,4,4,0.0
PmmB,10,13,23,0.43
PmmD,0,4,4,0.0
PmmH,10,7,17,0.59
PmmJ,2,5,7,0.29
PmmL,1,10,11,0.09
PmmM,11,8,19,0.58
PmmN,11,13,24,0.46
PmmP,22,19,41,0.54
PmmS,7,10,17,0.41
Pmmb,17,13,30,0.57
Pmml,4,6,10,0.4
Pmmm,12,9,21,0.57
Pmmn,17,12,29,0.59
Pmms,2,7,9,0.22
PmnB,7,9,16,0.44
PmnD,0,2,2,0.0
PmnH,8,7,15,0.53
PmnI,4,0,4,1.0
PmnK,2,0,2,1.0
PmnL,4,3,7,0.57
PmnM,13,23,36,0.36
PmnN,13,18,31,0.42
PmnP,17,17,34,0.5
PmnS,9,12,21,0.43
Pmnb,20,18,38,0.53
Pmnl,4,6,10,0.4
Pmnm,13,9,22,0.59
Pmnn,19,26,45,0.42
Pmns,8,13,21,0.38
PmsB,5,3,8,0.62
PmsD,2,0,2,1.0
PmsH,8,6,14,0.57
PmsI,5,0,5,1.0
PmsK,0,0,0,
PmsL,3,2,5,0.6
PmsM,9,6,15,0.6
PmsN,9,4,13,0.69
PmsP,18,8,26,0.69
PmsS,3,5,8,0.38
Pmsb,11,6,17,0.65
Pmsl,2,6,8,0.25
Pmsm,6,3,9,0.67
Pmsn,5,8,13,0.38
Pmss,6,6,12,0.5
PnBB,13,11,24,0.54
PnBD,0,2,2,0.0
PnBH,0,1,1,0.0
PnBL,6,7,13,0.46
PnBM,15,24,39,0.38
PnBN,18,19,37,0.49
PnBP,24,18,42,0.57
PnBS,8,8,16,0.5
PnBb,16,10,26,0.62
PnBh,2,2,4,0.5
PnBj,10,4,14,0.71
PnBl,8,7,15,0.53
PnBm,15,15,30,0.5
PnBn,17,18,35,0.49
PnBs,9,9,18,0.5
PnBt,2,1,3,0.67
PnDB,4,2,6,0.67
PnDH,3,2,5,0.6
PnDL,1,2,3,0.33
PnDM,0,2,2,0.0
PnDN,1,0,1,1.0
PnDP,7,3,10,0.7
PnDS,2,1,3,0.67
PnDb,3,1,4,0.75
PnDm,0,4,4,0.0
PnDn,0,1,1,0.0
PnDs,2,0,2,1.0
PnDt,0,2,2,0.0
PnHB,4,5,9,0.44
PnHD,0,1,1,0.0
PnHH,0,1,1,0.0
PnHI,1,1,2,0.5
PnHK,1,0,1,1.0
PnHL,5,5,10,0.5
PnHM,14,10,24,0.58
PnHN,13,8,21,0.62
PnHP,18,20,38,0.47
PnHS,13,6,19,0.68
PnHb,12,11,23,0.52
PnHh,2,3,5,0.4
PnHl,5,2,7,0.71
PnHm,10,4,14,0.71
PnHn,14,7,21,0.67
PnHs,8,4,12,0.67
PnHt,1,2,3,0.33
PnIB,1,0,1,1.0
PnIH,3,4,7,0.43
PnIL,0,1,1,0.0
PnIM,2,2,4,0.5
PnIN,2,4,6,0.33
PnIP,1,3,4,0.25
PnIS,1,0,1,1.0
PnIb,5,1,6,0.83
PnIl,0,1,1,0.0
PnIm,5,1,6,0.83
PnIn,1,2,3,0.33
PnIs,3,1,4,0.75
PnKB,0,1,1,0.0
PnKI,0,1,1,0.0
PnKK,1,0,1,1.0
PnKM,4,0,4,1.0
PnKN,1,1,2,0.5
PnKP,4,4,8,0.5
PnKS,1,0,1,1.0
PnKb,1,1,2,0.5
PnKl,2,1,3,0.67
PnKm,1,3,4,0.25
PnKn,0,2,2,0.0
PnKs,3,1,4,0.75
PnLB,3,12,15,0.2
PnLD,1,1,2,0.5
PnLK,1,1,2,0.5
PnLL,5,4,9,0.56
PnLM,8,8,16,0.5
PnLN,4,6,10,0.4
PnLP,5,15,20,0.25
PnLS,6,7,13,0.46
PnLb,8,8,16,0.5
PnLh,3,3,6,0.5
PnLj,2,2,4,0.5
PnLl,5,4,9,0.56
PnLm,6,9,15,0.4
PnLn,7,7,14,0.5
PnLs,5,2,7,0.71
PnMB,23,19,42,0.55
PnML,9,4,13,0.69
PnMM,17,23,40,0.42
PnMN,32,14,46,0.7
PnMP,25,16,41,0.61
PnMS,11,17,28,0.39
PnMb,18,19,37,0.49
PnMh,13,18,31,0.42
PnMj,6,7,13,0.46
PnMl,12,6,18,0.67
PnMm,11,16,27,0.41
PnMn,33,37,70,0.47
PnMs,7,3,10,0.7
PnMt,7,3,10,0.7
PnNB,17,16,33,0.52
PnND,3,2,5,0.6
PnNH,4,5,9,0.44
PnNI,0,0,0,
PnNK,3,2,5,0.6
PnNL,10,7,17,0.59
PnNM,20,23,43,0.47
PnNN,27,31,58,0.47
PnNP,35,39,74,0.47
PnNS,18,20,38,0.47
PnNb,22,30,52,0.42
PnNh,11,13,24,0.46
PnNl,17,14,31,0.55
PnNm,12,11,23,0.52
PnNn,32,31,63,0.51
PnNs,13,15,28,0.46
PnNt,6,5,11,0.55
PnPB,20,24,44,0.45
PnPD,2,0,2,1.0
PnPH,9,6,15,0.6
PnPI,3,0,3,1.0
PnPK,2,2,4,0.5
PnPL,12,17,29,0.41
PnPM,40,35,75,0.53
PnPN,24,40,64,0.38
PnPP,48,54,102,0.47
PnPS,14,17,31,0.45
PnPb,33,22,55,0.6
PnPh,3,1,4,0.75
PnPl,19,12,31,0.61
PnPm,28,15,43,0.65
PnPn,22,29,51,0.43
PnPs,21,24,45,0.47
PnPt,2,6,8,0.25
PnSB,7,14,21,0.33
PnSD,1,1,2,0.5
PnSH,7,3,10,0.7
PnSK,0,1,1,0.0
PnSL,3,7,10,0.3
PnSM,18,14,32,0.56
PnSN,11,12,23,0.48
PnSP,14,18,32,0.44
PnSS,14,16,30,0.47
PnSb,14,20,34,0.41
PnSh,1,4,5,0.2
PnSl,14,5,19,0.74
PnSm,10,12,22,0.45
PnSn,28,23,51,0.55
PnSs,9,7,16,0.56
PnSt,1,1,2,0.5
PnbB,14,15,29,0.48
PnbD,2,1,3,0.67
PnbH,7,7,14,0.5
PnbI,2,0,2,1.0
PnbJ,6,1,7,0.86
PnbK,1,1,2,0.5
PnbL,9,9,18,0.5
PnbM,18,29,47,0.38
PnbN,19,21,40,0.48
PnbP,25,21,46,0.54
PnbS,9,13,22,0.41
Pnbb,18,16,34,0.53
Pnbl,9,7,16,0.56
Pnbm,16,17,33,0.48
Pnbn,24,17,41,0.59
Pnbs,7,7,14,0.5
PnhB,4,0,4,1.0
PnhL,0,1,1,0.0
PnhM,2,2,4,0.5
PnhN,0,1,1,0.0
PnhP,2,2,4,0.5
Pnhb,2,0,2,1.0
Pnhh,0,3,3,0.0
Pnhl,2,0,2,1.0
Pnhm,1,1,2,0.5
Pnhn,1,0,1,1.0
PnlB,8,6,14,0.57
PnlD,0,1,1,0.0
PnlH,16,11,27,0.59
PnlI,2,1,3,0.67
PnlJ,2,1,3,0.67
PnlL,7,5,12,0.58
PnlM,11,8,19,0.58
PnlN,15,8,23,0.65
PnlP,19,11,30,0.63
PnlS,8,5,13,0.62
Pnlb,11,12,23,0.48
Pnll,7,1,8,0.88
Pnlm,7,5,12,0.58
Pnln,10,11,21,0.48
Pnls,8,10,18,0.44
PnmB,15,19,34,0.44
PnmD,0,0,0,
PnmH,11,13,24,0.46
PnmI,1,1,2,0.5
PnmJ,5,1,6,0.83
PnmL,12,5,17,0.71
PnmM,22,14,36,0.61
PnmN,17,23,40,0.42
PnmP,27,11,38,0.71
PnmS,13,7,20,0.65
Pnmb,18,16,34,0.53
Pnml,10,4,14,0.71
Pnmm,9,8,17,0.53
Pnmn,14,30,44,0.32
Pnms,12,6,18,0.67
PnnB,8,14,22,0.36
PnnD,4,2,6,0.67
PnnH,13,9,22,0.59
PnnI,3,1,4,0.75
PnnK,1,2,3,0.33
PnnL,3,10,13,0.23
PnnM,20,18,38,0.53
PnnN,24,21,45,0.53
PnnP,33,30,63,0.52
PnnS,10,11,21,0.48
Pnnb,28,13,41,0.68
Pnnh,0,1,1,0.0
Pnnl,11,15,26,0.42
Pnnm,18,10,28,0.64
Pnnn,21,21,42,0.5
Pnns,19,15,34,0.56
PnsB,7,9,16,0.44
PnsD,1,0,1,1.0
PnsH,7,10,17,0.41
PnsI,2,2,4,0.5
PnsK,0,1,1,0.0
PnsL,5,12,17,0.29
PnsM,15,14,29,0.52
PnsN,21,13,34,0.62
PnsP,19,22,41,0.46
PnsS,12,9,21,0.57
Pnsb,10,11,21,0.48
Pnsl,5,2,7,0.71
Pnsm,15,11,26,0.58
Pnsn,15,11,26,0.58
Pnss,8,7,15,0.53
Pnst,0,1,1,0.0
PntM,0,1,1,0.0
PsBB,5,4,9,0.56
PsBH,1,0,1,1.0
PsBL,5,5,10,0.5
PsBM,3,13,16,0.19
PsBN,5,5,10,0.5
PsBP,6,7,13,0.46
PsBS,7,4,11,0.64
PsBb,6,10,16,0.38
PsBh,1,1,2,0.5
PsBj,2,1,3,0.67
PsBl,3,1,4,0.75
PsBm,5,7,12,0.42
PsBn,7,10,17,0.41
PsBs,3,3,6,0.5
PsDB,2,0,2,1.0
PsDH,0,1,1,0.0
PsDM,3,0,3,1.0
PsDN,1,1,2,0.5
PsDP,1,1,2,0.5
PsDS,1,1,2,0.5
PsDb,1,1,2,0.5
PsDm,1,4,5,0.2
PsDn,0,0,0,
PsDs,0,1,1,0.0
PsDt,0,1,1,0.0
PsHB,6,5,11,0.55
PsHD,2,2,4,0.5
PsHH,2,2,4,0.5
PsHI,1,0,1,1.0
PsHK,0,0,0,
PsHL,2,5,7,0.29
PsHM,7,11,18,0.39
PsHN,6,9,15,0.4
PsHP,18,15,33,0.55
PsHS,16,2,18,0.89
PsHb,9,7,16,0.56
PsHh,6,4,10,0.6
PsHl,4,4,8,0.5
PsHm,9,3,12,0.75
PsHn,14,9,23,0.61
PsHs,7,10,17,0.41
PsHt,1,1,2,0.5
PsIB,2,3,5,0.4
PsIH,1,0,1,1.0
PsIL,1,1,2,0.5
PsIM,3,1,4,0.75
PsIN,2,2,4,0.5
PsIP,1,2,3,0.33
PsIS,0,2,2,0.0
PsIb,2,3,5,0.4
PsIl,0,4,4,0.0
PsIm,0,2,2,0.0
PsIn,1,0,1,1.0
PsIs,1,0,1,1.0
PsIt,1,0,1,1.0
PsKM,1,1,2,0.5
PsKN,0,0,0,
PsKP,0,0,0,
PsKm,2,1,3,0.67
PsKs,0,0,0,
PsLB,3,3,6,0.5
PsLD,0,1,1,0.0
PsLK,1,1,2,0.5
PsLL,2,3,5,0.4
PsLM,6,7,13,0.46
PsLN,7,3,10,0.7
PsLP,3,7,10,0.3
PsLS,8,4,12,0.67
PsLb,3,3,6,0.5
PsLh,2,3,5,0.4
PsLj,2,1,3,0.67
PsLl,1,1,2,0.5
PsLm,6,2,8,0.75
PsLn,8,10,18,0.44
PsLs,3,4,7,0.43
PsLt,2,1,3,0.67
PsMB,15,6,21,0.71
PsMD,0,0,0,
PsML,3,4,7,0.43
PsMM,14,11,25,0.56
PsMN,9,10,19,0.47
PsMP,10,7,17,0.59
PsMS,6,7,13,0.46
PsMb,15,9,24,0.62
PsMh,13,12,25,0.52
PsMj,3,7,10,0.3
PsMl,3,7,10,0.3
PsMm,7,16,23,0.3
PsMn,13,12,25,0.52
PsMs,7,6,13,0.54
PsMt,1,4,5,0.2
PsNB,8,3,11,0.73
PsND,0,1,1,0.0
PsNH,1,3,4,0.25
PsNK,0,2,2,0.0
PsNL,5,7,12,0.42
PsNM,9,12,21,0.43
PsNN,13,8,21,0.62
PsNP,16,13,29,0.55
PsNS,9,10,19,0.47
PsNb,11,12,23,0.48
PsNh,5,7,12,0.42
PsNl,5,6,11,0.45
PsNm,7,6,13,0.54
PsNn,17,13,30,0.57
PsNs,8,6,14,0.57
PsNt,2,3,5,0.4
PsPB,10,18,28,0.36
PsPD,1,3,4,0.25
PsPH,2,6,8,0.25
PsPI,1,0,1,1.0
PsPK,1,3,4,0.25
PsPL,13,7,20,0.65
PsPM,13,10,23,0.57
PsPN,12,12,24,0.5
PsPP,35,36,71,0.49
PsPS,10,12,22,0.45
PsPb,16,19,35,0.46
PsPh,1,1,2,0.5
PsPl,11,9,20,0.55
PsPm,19,14,33,0.58
PsPn,19,11,30,0.63
PsPs,12,10,22,0.55
PsPt,1,0,1,1.0
PsSB,8,4,12,0.67
PsSD,0,1,1,0.0
PsSH,1,3,4,0.25
PsSK,2,0,2,1.0
PsSL,1,3,4,0.25
PsSM,9,15,24,0.38
PsSN,5,16,21,0.24
PsSP,20,22,42,0.48
PsSS,7,8,15,0.47
PsSb,9,5,14,0.64
PsSh,7,5,12,0.58
PsSl,8,8,16,0.5
PsSm,14,6,20,0.7
PsSn,7,12,19,0.37
PsSs,11,10,21,0.52
PsSt,1,1,2,0.5
PsbB,8,11,19,0.42
PsbD,2,0,2,1.0
PsbH,4,2,6,0.67
PsbI,4,0,4,1.0
PsbJ,6,3,9,0.67
PsbK,2,1,3,0.67
PsbL,4,8,12,0.33
PsbM,13,7,20,0.65
PsbN,15,8,23,0.65
PsbP,17,12,29,0.59
PsbS,8,8,16,0.5
Psbb,13,13,26,0.5
Psbl,4,4,8,0.5
Psbm,12,8,20,0.6
Psbn,9,6,15,0.6
Psbs,5,7,12,0.42
PshM,1,0,1,1.0
PshN,0,1,1,0.0
Pshb,1,0,1,1.0
Pshh,1,0,1,1.0
Pshn,1,0,1,1.0
Pshs,1,1,2,0.5
PslB,2,7,9,0.22
PslD,1,0,1,1.0
PslH,2,3,5,0.4
PslI,0,2,2,0.0
PslJ,0,3,3,0.0
PslK,0,0,0,
PslL,6,5,11,0.55
PslM,5,4,9,0.56
PslN,7,12,19,0.37
PslP,1,13,14,0.07
PslS,5,6,11,0.45
Pslb,5,5,10,0.5
Psll,3,5,8,0.38
Pslm,5,7,12,0.42
Psln,6,2,8,0.75
Psls,3,2,5,0.6
PsmB,8,6,14,0.57
PsmD,1,1,2,0.5
PsmH,12,10,22,0.55
PsmI,0,0,0,
PsmJ,1,1,2,0.5
PsmL,6,5,11,0.55
PsmM,12,16,28,0.43
PsmN,18,14,32,0.56
PsmP,14,7,21,0.67
PsmS,4,4,8,0.5
Psmb,12,11,23,0.52
Psml,5,7,12,0.42
Psmm,10,8,18,0.56
Psmn,8,19,27,0.3
Psms,5,5,10,0.5
PsnB,7,5,12,0.58
PsnD,0,3,3,0.0
PsnH,8,5,13,0.62
PsnK,0,2,2,0.0
PsnL,3,7,10,0.3
PsnM,8,11,19,0.42
PsnN,10,20,30,0.33
PsnP,24,19,43,0.56
PsnS,6,7,13,0.46
Psnb,12,10,22,0.55
Psnl,6,7,13,0.46
Psnm,5,8,13,0.38
Psnn,4,13,17,0.24
Psns,5,10,15,0.33
PssB,1,5,6,0.17
PssH,8,5,13,0.62
PssL,0,6,6,0.0
PssM,2,7,9,0.22
PssN,19,10,29,0.66
PssP,15,7,22,0.68
PssS,7,16,23,0.3
Pssb,12,3,15,0.8
Pssl,4,3,7,0.57
Pssm,5,4,9,0.56
Pssn,9,4,13,0.69
Psss,18,6,24,0.75
Pstb,0,1,1,0.0
Pstm,0,0,0,
PtBB,3,1,4,0.75
PtBD,1,0,1,1.0
PtBL,1,0,1,1.0
PtBM,3,1,4,0.75
PtBN,3,1,4,0.75
PtBP,3,4,7,0.43
PtBS,0,1,1,0.0
PtBb,1,2,3,0.33
PtBj,0,1,1,0.0
PtBl,1,1,2,0.5
PtBm,1,1,2,0.5
PtBn,0,0,0,
PtBs,2,0,2,1.0
PtDI,0,0,0,
PtDm,0,1,1,0.0
PtDs,0,1,1,0.0
PtHB,2,2,4,0.5
PtHH,0,0,0,
PtHK,0,0,0,
PtHL,1,0,1,1.0
PtHM,1,2,3,0.33
PtHN,1,0,1,1.0
PtHP,3,0,3,1.0
PtHS,1,1,2,0.5
PtHb,2,1,3,0.67
PtHl,2,1,3,0.67
PtHm,1,2,3,0.33
PtHs,0,1,1,0.0
PtKN,1,0,1,1.0
PtKb,1,0,1,1.0
PtKm,0,1,1,0.0
PtLB,1,0,1,1.0
PtLL,0,1,1,0.0
PtLN,0,2,2,0.0
PtLP,2,1,3,0.67
PtLS,0,1,1,0.0
PtLb,1,4,5,0.2
PtLl,0,0,0,
PtLn,1,0,1,1.0
PtLs,1,1,2,0.5
PtLt,0,1,1,0.0
PtMB,1,3,4,0.25
PtMM,5,3,8,0.62
PtMN,2,1,3,0.67
PtMP,1,5,6,0.17
PtMS,2,2,4,0.5
PtMb,7,3,10,0.7
PtMh,0,2,2,0.0
PtMj,2,1,3,0.67
PtMl,1,0,1,1.0
PtMm,1,6,7,0.14
PtMn,2,2,4,0.5
PtMs,3,2,5,0.6
PtNB,2,1,3,0.67
PtND,1,0,1,1.0
PtNM,3,1,4,0.75
PtNN,3,1,4,0.75
PtNP,6,1,7,0.86
PtNS,1,0,1,1.0
PtNb,2,2,4,0.5
PtNh,1,2,3,0.33
PtNl,1,0,1,1.0
PtNm,1,3,4,0.25
PtNn,4,2,6,0.67
PtNs,1,1,2,0.5
PtPB,4,0,4,1.0
PtPD,0,1,1,0.0
PtPH,0,1,1,0.0
PtPL,2,5,7,0.29
PtPM,3,4,7,0.43
PtPN,3,4,7,0.43
PtPP,3,4,7,0.43
PtPS,3,5,8,0.38
PtPb,1,4,5,0.2
PtPl,4,4,8,0.5
PtPm,5,4,9,0.56
PtPn,1,4,5,0.2
PtPs,1,2,3,0.33
PtPt,1,1,2,0.5
PtSB,2,1,3,0.67
PtSH,1,2,3,0.33
PtSL,1,2,3,0.33
PtSM,1,3,4,0.25
PtSN,3,0,3,1.0
PtSP,3,2,5,0.6
PtSS,4,1,5,0.8
PtSb,0,2,2,0.0
PtSh,1,1,2,0.5
PtSm,0,2,2,0.0
PtSn,3,5,8,0.38
PtSs,0,1,1,0.0
PtSt,1,0,1,1.0
PtbB,2,2,4,0.5
PtbD,1,0,1,1.0
PtbJ,1,0,1,1.0
PtbL,1,0,1,1.0
PtbM,2,3,5,0.4
PtbN,2,3,5,0.4
PtbP,4,3,7,0.57
PtbS,0,0,0,
Ptbb,1,5,6,0.17
Ptbl,2,3,5,0.4
Ptbm,0,4,4,0.0
Ptbn,3,2,5,0.6
Ptbs,0,2,2,0.0
PthL,1,0,1,1.0
Pthm,1,0,1,1.0
PtlB,1,0,1,1.0
PtlJ,0,1,1,0.0
PtlK,1,0,1,1.0
PtlL,2,2,4,0.5
PtlM,3,0,3,1.0
PtlN,1,0,1,1.0
PtlP,0,3,3,0.0
PtlS,2,1,3,0.67
Ptlb,1,3,4,0.25
Ptll,3,0,3,1.0
Ptlm,1,1,2,0.5
Ptln,2,0,2,1.0
Ptls,1,0,1,1.0
PtmB,0,1,1,0.0
PtmD,1,0,1,1.0
PtmI,0,1,1,0.0
PtmJ,0,1,1,0.0
PtmL,0,1,1,0.0
PtmM,3,1,4,0.75
PtmN,0,2,2,0.0
PtmP,1,1,2,0.5
PtmS,1,1,2,0.5
Ptmb,1,2,3,0.33
Ptml,1,3,4,0.25
Ptmm,1,3,4,0.25
Ptmn,1,3,4,0.25
Ptms,1,0,1,1.0
PtnB,4,1,5,0.8
PtnD,1,1,2,0.5
PtnH,0,2,2,0.0
PtnL,0,1,1,0.0
PtnM,3,3,6,0.5
PtnN,3,0,3,1.0
PtnP,3,3,6,0.5
PtnS,3,0,3,1.0
Ptnb,2,3,5,0.4
Ptnl,0,2,2,0.0
Ptnm,5,0,5,1.0
Ptnn,2,3,5,0.4
Ptns,3,1,4,0.75
PtsB,1,1,2,0.5
PtsH,0,2,2,0.0
PtsL,0,1,1,0.0
PtsM,1,1,2,0.5
PtsN,0,3,3,0.0
PtsP,2,2,4,0.5
PtsS,1,3,4,0.25
Ptsb,0,1,1,0.0
Ptsl,0,3,3,0.0
Ptsm,1,4,5,0.2
Ptsn,0,2,2,0.0
Ptss,0,1,1,0.0
PttH,1,0,1,1.0
PttL,1,1,2,0.5
PttM,2,0,2,1.0
PttN,2,0,2,1.0
PttP,1,1,2,0.5
PttS,0,2,2,0.0
Pttb,1,0,1,1.0
Ptth,0,1,1,0.0
Pttm,0,1,1,0.0
SBBB,3,7,10,0.3
SBBL,2,5,7,0.29
SBBM,5,1,6,0.83
SBBN,6,9,15,0.4
SBBP,7,8,15,0.47
SBBS,1,1,2,0.5
SBBb,4,5,9,0.44
SBBj,1,1,2,0.5
SBBl,0,2,2,0.0
SBBm,4,4,8,0.5
SBBn,13,6,19,0.68
SBBt,0,0,0,
SBDB,1,0,1,1.0
SBDL,0,1,1,0.0
SBDM,0,0,0,
SBDN,0,1,1,0.0
SBDn,0,1,1,0.0
SBDs,1,0,1,1.0
SBHN,1,0,1,1.0
SBKB,0,1,1,0.0
SBKM,1,2,3,0.33
SBKN,0,1,1,0.0
SBKP,0,1,1,0.0
SBKb,1,0,1,1.0
SBKm,0,1,1,0.0
SBKn,0,1,1,0.0
SBLB,0,2,2,0.0
SBLD,0,1,1,0.0
SBLL,1,1,2,0.5
SBLM,2,3,5,0.4
SBLN,2,0,2,1.0
SBLP,2,2,4,0.5
SBLS,1,2,3,0.33
SBLb,2,2,4,0.5
SBLh,0,3,3,0.0
SBLj,0,1,1,0.0
SBLl,0,1,1,0.0
SBLm,0,1,1,0.0
SBLn,2,1,3,0.67
SBLs,1,1,2,0.5
SBLt,2,0,2,1.0
SBMB,4,4,8,0.5
SBMD,0,1,1,0.0
SBML,1,2,3,0.33
SBMM,6,3,9,0.67
SBMN,4,5,9,0.44
SBMP,4,8,12,0.33
SBMS,4,2,6,0.67
SBMb,10,8,18,0.56
SBMh,4,3,7,0.57
SBMj,0,1,1,0.0
SBMl,3,4,7,0.43
SBMm,5,3,8,0.62
SBMn,6,7,13,0.46
SBMs,1,0,1,1.0
SBMt,0,1,1,0.0
SBNB,8,9,17,0.47
SBND,1,0,1,1.0
SBNH,1,1,2,0.5
SBNK,0,0,0,
SBNL,2,4,6,0.33
SBNM,5,5,10,0.5
SBNN,11,10,21,0.52
SBNP,9,11,20,0.45
SBNS,3,2,5,0.6
SBNb,6,6,12,0.5
SBNh,3,5,8,0.38
SBNl,2,3,5,0.4
SBNm,5,4,9,0.56
SBNn,6,7,13,0.46
SBNs,2,2,4,0.5
SBNt,3,1,4,0.75
SBPB,6,6,12,0.5
SBPD,2,0,2,1.0
SBPH,1,3,4,0.25
SBPI,0,1,1,0.0
SBPK,0,1,1,0.0
SBPL,7,5,12,0.58
SBPM,10,11,21,0.48
SBPN,6,5,11,0.55
SBPP,13,13,26,0.5
SBPS,4,5,9,0.44
SBPb,6,12,18,0.33
SBPh,2,2,4,0.5
SBPl,3,3,6,0.5
SBPm,8,9,17,0.47
SBPn,5,7,12,0.42
SBPs,4,2,6,0.67
SBSB,2,2,4,0.5
SBSH,2,1,3,0.67
SBSL,0,1,1,0.0
SBSM,2,8,10,0.2
SBSN,4,4,8,0.5
SBSP,2,6,8,0.25
SBSS,4,3,7,0.57
SBSb,2,4,6,0.33
SBSh,3,1,4,0.75
SBSl,2,2,4,0.5
SBSm,4,4,8,0.5
SBSn,3,3,6,0.5
SBSs,4,1,5,0.8
SBSt,1,0,1,1.0
SBbB,4,4,8,0.5
SBbD,0,0,0,
SBbH,1,3,4,0.25
SBbI,1,1,2,0.5
SBbJ,1,2,3,0.33
SBbL,1,3,4,0.25
SBbM,2,8,10,0.2
SBbN,13,10,23,0.57
SBbP,3,16,19,0.16
SBbS,3,9,12,0.25
SBbb,5,4,9,0.56
SBbl,3,0,3,1.0
SBbm,4,2,6,0.67
SBbn,7,8,15,0.47
SBbs,0,2,2,0.0
SBhB,0,1,1,0.0
SBhN,0,3,3,0.0
SBhP,1,3,4,0.25
SBhS,2,1,3,0.67
SBhb,3,1,4,0.75
SBhh,0,1,1,0.0
SBhl,1,1,2,0.5
SBhm,1,1,2,0.5
SBhn,1,0,1,1.0
SBhs,0,1,1,0.0
SBjB,1,1,2,0.5
SBjD,2,0,2,1.0
SBjH,1,0,1,1.0
SBjI,0,1,1,0.0
SBjL,2,0,2,1.0
SBjM,1,3,4,0.25
SBjN,1,3,4,0.25
SBjP,4,1,5,0.8
SBjS,1,2,3,0.33
SBjb,3,2,5,0.6
SBjh,0,1,1,0.0
SBjl,0,2,2,0.0
SBjm,4,0,4,1.0
SBjn,2,6,8,0.25
SBjs,1,0,1,1.0
SBjt,0,1,1,0.0
SBlB,4,0,4,1.0
SBlH,1,2,3,0.33
SBlJ,1,1,2,0.5
SBlM,5,3,8,0.62
SBlN,2,7,9,0.22
SBlP,6,3,9,0.67
SBlS,5,1,6,0.83
SBlb,2,0,2,1.0
SBll,0,0,0,
SBlm,3,1,4,0.75
SBln,4,4,8,0.5
SBls,0,1,1,0.0
SBmB,2,2,4,0.5
SBmD,3,1,4,0.75
SBmH,4,5,9,0.44
SBmJ,0,1,1,0.0
SBmL,2,4,6,0.33
SBmM,8,5,13,0.62
SBmN,6,7,13,0.46
SBmP,10,9,19,0.53
SBmS,3,2,5,0.6
SBmb,3,3,6,0.5
SBml,2,0,2,1.0
SBmm,5,5,10,0.5
SBmn,5,3,8,0.62
SBms,2,0,2,1.0
SBnB,6,6,12,0.5
SBnD,2,0,2,1.0
SBnH,5,0,5,1.0
SBnI,0,3,3,0.0
SBnK,1,1,2,0.5
SBnL,4,4,8,0.5
SBnM,8,10,18,0.44
SBnN,13,11,24,0.54
SBnP,9,13,22,0.41
SBnS,4,6,10,0.4
SBnb,3,6,9,0.33
SBnh,0,1,1,0.0
SBnl,6,1,7,0.86
SBnm,3,8,11,0.27
SBnn,13,10,23,0.57
SBns,3,4,7,0.43
SBsD,0,1,1,0.0
SBsH,5,5,10,0.5
SBsI,0,1,1,0.0
SBsL,2,2,4,0.5
SBsM,3,3,6,0.5
SBsN,7,5,12,0.58
SBsP,1,5,6,0.17
SBsS,2,3,5,0.4
SBsb,2,1,3,0.67
SBsl,2,1,3,0.67
SBsm,4,3,7,0.57
SBsn,4,0,4,1.0
SBss,1,0,1,1.0
SBtB,2,0,2,1.0
SBtD,0,1,1,0.0
SBtH,1,0,1,1.0
SBtM,1,0,1,1.0
SBtN,1,0,1,1.0
SBtP,2,1,3,0.67
SBtm,3,1,4,0.75
SBtn,1,0,1,1.0
SBts,0,1,1,0.0
SBtt,1,0,1,1.0
SDBN,1,0,1,1.0
SDBS,1,1,2,0.5
SDBb,1,3,4,0.25
SDBh,0,1,1,0.0
SDBj,0,1,1,0.0
SDBm,0,1,1,0.0
SDBn,1,2,3,0.33
SDBt,0,1,1,0.0
SDDH,1,0,1,1.0
SDDN,1,0,1,1.0
SDDS,0,0,0,
SDDm,1,0,1,1.0
SDHB,1,0,1,1.0
SDHM,3,0,3,1.0
SDHP,1,0,1,1.0
SDHb,1,0,1,1.0
SDHh,1,0,1,1.0
SDHl,0,1,1,0.0
SDHn,1,0,1,1.0
SDHs,0,1,1,0.0
SDIB,1,0,1,1.0
SDIb,1,0,1,1.0
SDIm,1,0,1,1.0
SDLS,0,1,1,0.0
SDLb,1,1,2,0.5
SDLm,0,1,1,0.0
SDLn,1,0,1,1.0
SDMN,1,0,1,1.0
SDMP,2,1,3,0.67
SDMh,1,1,2,0.5
SDMn,2,0,2,1.0
SDMs,1,1,2,0.5
SDNL,1,0,1,1.0
SDNP,2,1,3,0.67
SDNS,1,0,1,1.0
SDNh,0,0,0,
SDNl,1,0,1,1.0
SDNm,1,0,1,1.0
SDNn,1,1,2,0.5
SDPB,0,1,1,0.0
SDPH,1,0,1,1.0
SDPL,1,0,1,1.0
SDPM,0,4,4,0.0
SDPN,1,1,2,0.5
SDPP,1,1,2,0.5
SDPS,2,1,3,0.67
SDPb,1,0,1,1.0
SDPl,1,0,1,1.0
SDPm,1,0,1,1.0
SDPn,0,0,0,
SDPs,1,0,1,1.0
SDSB,1,0,1,1.0
SDSM,3,1,4,0.75
SDSN,0,2,2,0.0
SDSP,1,1,2,0.5
SDSS,1,1,2,0.5
SDSh,2,1,3,0.67
SDSl,0,1,1,0.0
SDSm,1,0,1,1.0
SDSn,2,1,3,0.67
SDSs,0,1,1,0.0
SDbM,0,1,1,0.0
SDbP,3,1,4,0.75
SDbS,1,0,1,1.0
SDbb,3,0,3,1.0
SDbm,2,2,4,0.5
SDlH,1,0,1,1.0
SDlM,0,1,1,0.0
SDlS,0,0,0,
SDlb,1,0,1,1.0
SDlm,0,1,1,0.0
SDmB,1,0,1,1.0
SDmH,0,0,0,
SDmJ,0,1,1,0.0
SDmL,1,0,1,1.0
SDmS,0,0,0,
SDmb,3,0,3,1.0
SDmn,0,2,2,0.0
SDnB,0,1,1,0.0
SDnI,1,0,1,1.0
SDnK,1,0,1,1.0
SDnL,0,1,1,0.0
SDnM,1,2,3,0.33
SDnN,2,1,3,0.67
SDnP,0,2,2,0.0
SDnS,1,2,3,0.33
SDnb,0,1,1,0.0
SDnl,1,0,1,1.0
SDnm,1,1,2,0.5
SDnn,0,0,0,
SDsB,0,1,1,0.0
SDsI,0,0,0,
SDsL,0,1,1,0.0
SDsM,0,1,1,0.0
SDsP,1,0,1,1.0
SDsS,1,0,1,1.0
SDsl,1,0,1,1.0
SDss,1,2,3,0.33
SDtD,1,0,1,1.0
SHBB,1,3,4,0.25
SHBL,0,2,2,0.0
SHBM,2,3,5,0.4
SHBN,1,0,1,1.0
SHBP,1,1,2,0.5
SHBS,2,1,3,0.67
SHBb,4,1,5,0.8
SHBj,1,0,1,1.0
SHBl,0,1,1,0.0
SHBm,2,1,3,0.67
SHBn,1,2,3,0.33
SHBs,2,2,4,0.5
SHDH,1,0,1,1.0
SHDS,1,0,1,1.0
SHDn,0,2,2,0.0
SHHB,1,0,1,1.0
SHHI,1,0,1,1.0
SHHK,1,0,1,1.0
SHHL,1,0,1,1.0
SHHM,1,0,1,1.0
SHHN,1,0,1,1.0
SHHP,1,0,1,1.0
SHHS,0,0,0,
SHHb,0,0,0,
SHHm,0,1,1,0.0
SHHs,1,0,1,1.0
SHIB,1,1,2,0.5
SHIH,1,0,1,1.0
SHIN,1,0,1,1.0
SHIP,1,0,1,1.0
SHIb,0,1,1,0.0
SHKP,0,0,0,
SHKS,0,1,1,0.0
SHKh,2,0,2,1.0
SHKm,0,1,1,0.0
SHLB,1,1,2,0.5
SHLL,0,1,1,0.0
SHLM,2,3,5,0.4
SHLP,0,0,0,
SHLS,1,1,2,0.5
SHLb,2,0,2,1.0
SHLh,0,0,0,
SHLj,1,0,1,1.0
SHLl,1,0,1,1.0
SHLm,0,3,3,0.0
SHLn,1,2,3,0.33
SHLs,2,0,2,1.0
SHMB,0,2,2,0.0
SHMD,0,1,1,0.0
SHML,1,1,2,0.5
SHMM,2,2,4,0.5
SHMN,3,3,6,0.5
SHMP,1,3,4,0.25
SHMS,2,3,5,0.4
SHMb,4,4,8,0.5
SHMh,2,2,4,0.5
SHMl,1,0,1,1.0
SHMm,3,2,5,0.6
SHMn,4,8,12,0.33
SHMs,4,0,4,1.0
SHMt,1,0,1,1.0
SHNB,0,1,1,0.0
SHNH,0,1,1,0.0
SHNL,0,4,4,0.0
SHNM,3,3,6,0.5
SHNN,5,2,7,0.71
SHNP,3,2,5,0.6
SHNS,0,4,4,0.0
SHNb,5,1,6,0.83
SHNh,1,0,1,1.0
SHNl,1,2,3,0.33
SHNm,5,1,6,0.83
SHNn,3,1,4,0.75
SHNs,2,2,4,0.5
SHPB,1,3,4,0.25
SHPH,2,1,3,0.67
SHPK,1,1,2,0.5
SHPL,2,4,6,0.33
SHPM,3,3,6,0.5
SHPN,5,2,7,0.71
SHPP,7,1,8,0.88
SHPS,4,2,6,0.67
SHPb,5,4,9,0.56
SHPh,1,0,1,1.0
SHPl,0,3,3,0.0
SHPm,1,5,6,0.17
SHPn,1,4,5,0.2
SHPs,6,2,8,0.75
SHPt,1,0,1,1.0
SHSB,1,3,4,0.25
SHSH,1,1,2,0.5
SHSL,0,1,1,0.0
SHSM,4,5,9,0.44
SHSN,3,1,4,0.75
SHSP,5,1,6,0.83
SHSS,5,3,8,0.62
SHSb,2,3,5,0.4
SHSh,2,0,2,1.0
SHSl,2,0,2,1.0
SHSm,1,1,2,0.5
SHSn,5,2,7,0.71
SHSs,5,5,10,0.5
SHSt,0,1,1,0.0
SHbB,3,3,6,0.5
SHbH,1,1,2,0.5
SHbI,1,0,1,1.0
SHbK,1,0,1,1.0
SHbL,1,0,1,1.0
SHbM,2,2,4,0.5
SHbN,3,2,5,0.6
SHbP,3,4,7,0.43
SHbS,1,2,3,0.33
SHbb,3,3,6,0.5
SHbl,0,1,1,0.0
SHbm,3,1,4,0.75
SHbn,3,1,4,0.75
SHbs,0,2,2,0.0
SHhB,0,1,1,0.0
SHhH,0,1,1,0.0
SHhM,0,1,1,0.0
SHhN,0,3,3,0.0
SHhP,2,1,3,0.67
SHhS,0,1,1,0.0
SHhb,2,1,3,0.67
SHhh,2,0,2,1.0
SHhl,0,0,0,
SHhm,1,0,1,1.0
SHhn,1,1,2,0.5
SHhs,1,0,1,1.0
SHlB,1,2,3,0.33
SHlH,1,0,1,1.0
SHlJ,0,1,1,0.0
SHlM,3,1,4,0.75
SHlN,2,2,4,0.5
SHlP,2,1,3,0.67
SHlS,0,0,0,
SHlb,3,0,3,1.0
SHll,0,1,1,0.0
SHlm,0,0,0,
SHln,0,0,0,
SHls,0,0,0,
SHmB,0,3,3,0.0
SHmD,0,1,1,0.0
SHmH,2,0,2,1.0
SHmL,0,1,1,0.0
SHmM,2,3,5,0.4
SHmN,4,4,8,0.5
SHmP,2,1,3,0.67
SHmS,0,0,0,
SHmb,4,2,6,0.67
SHml,0,3,3,0.0
SHmm,1,0,1,1.0
SHmn,1,4,5,0.2
SHms,3,1,4,0.75
SHnB,2,2,4,0.5
SHnH,1,1,2,0.5
SHnI,1,1,2,0.5
SHnM,1,2,3,0.33
SHnN,6,8,14,0.43
SHnP,2,1,3,0.67
SHnS,1,2,3,0.33
SHnb,4,2,6,0.67
SHnl,4,0,4,1.0
SHnm,2,3,5,0.4
SHnn,2,3,5,0.4
SHns,2,5,7,0.29
SHsB,2,2,4,0.5
SHsD,0,1,1,0.0
SHsH,5,3,8,0.62
SHsL,0,1,1,0.0
SHsM,2,4,6,0.33
SHsN,0,2,2,0.0
SHsP,1,2,3,0.33
SHsS,1,4,5,0.2
SHsb,3,5,8,0.38
SHsl,1,0,1,1.0
SHsm,2,2,4,0.5
SHsn,3,1,4,0.75
SHss,4,1,5,0.8
SHtP,1,0,1,1.0
SIBb,0,0,0,
SIHS,0,1,1,0.0
SIML,1,0,1,1.0
SIPP,0,0,0,
SISS,0,1,1,0.0
SISh,0,1,1,0.0
SIbl,0,1,1,0.0
SImP,0,1,1,0.0
SImb,0,0,0,
SInL,1,0,1,1.0
SIns,0,1,1,0.0
SIsN,1,0,1,1.0
SKBL,1,1,2,0.5
SKBN,0,1,1,0.0
SKBm,1,0,1,1.0
SKBn,0,1,1,0.0
SKBs,0,1,1,0.0
SKHB,0,1,1,0.0
SKIN,0,1,1,0.0
SKLb,0,1,1,0.0
SKLh,0,0,0,
SKLl,1,0,1,1.0
SKMn,0,1,1,0.0
SKNB,0,1,1,0.0
SKNL,1,1,2,0.5
SKNM,0,1,1,0.0
SKNP,2,0,2,1.0
SKNb,0,1,1,0.0
SKNl,0,0,0,
SKNn,1,0,1,1.0
SKPB,2,0,2,1.0
SKPM,1,0,1,1.0
SKPP,0,0,0,
SKPb,0,1,1,0.0
SKPs,0,1,1,0.0
SKSL,1,0,1,1.0
SKSM,1,0,1,1.0
SKSN,0,0,0,
SKSP,1,1,2,0.5
SKSS,0,1,1,0.0
SKSh,1,0,1,1.0
SKSm,1,0,1,1.0
SKSn,1,0,1,1.0
SKSs,0,1,1,0.0
SKbJ,0,1,1,0.0
SKbM,1,0,1,1.0
SKbN,1,0,1,1.0
SKhM,1,0,1,1.0
SKhN,0,1,1,0.0
SKhP,0,0,0,
SKhh,1,0,1,1.0
SKlP,1,1,2,0.5
SKlb,0,1,1,0.0
SKll,1,0,1,1.0
SKmI,0,1,1,0.0
SKmP,0,1,1,0.0
SKmb,0,1,1,0.0
SKmn,0,2,2,0.0
SKnI,1,0,1,1.0
SKnM,0,2,2,0.0
SKnP,0,1,1,0.0
SKnS,1,0,1,1.0
SKnb,1,2,3,0.33
SKnn,1,0,1,1.0
SKns,0,0,0,
SKsH,0,1,1,0.0
SKtB,0,1,1,0.0
SLBB,4,2,6,0.67
SLBL,1,1,2,0.5
SLBM,3,4,7,0.43
SLBN,2,1,3,0.67
SLBP,4,2,6,0.67
SLBS,1,1,2,0.5
SLBb,1,5,6,0.17
SLBj,2,0,2,1.0
SLBl,2,1,3,0.67
SLBm,2,3,5,0.4
SLBn,4,4,8,0.5
SLBs,2,1,3,0.67
SLBt,1,0,1,1.0
SLDH,0,1,1,0.0
SLDP,1,0,1,1.0
SLDb,0,0,0,
SLDm,0,1,1,0.0
SLKL,1,0,1,1.0
SLKb,2,0,2,1.0
SLKl,0,1,1,0.0
SLKn,1,1,2,0.5
SLLB,0,1,1,0.0
SLLL,0,0,0,
SLLM,2,1,3,0.67
SLLN,2,0,2,1.0
SLLP,1,0,1,1.0
SLLS,0,1,1,0.0
SLLb,2,1,3,0.67
SLLj,0,1,1,0.0
SLLl,0,2,2,0.0
SLLm,0,2,2,0.0
SLLn,0,2,2,0.0
SLLs,1,1,2,0.5
SLMB,3,1,4,0.75
SLML,1,0,1,1.0
SLMM,2,3,5,0.4
SLMN,2,2,4,0.5
SLMP,5,5,10,0.5
SLMS,1,1,2,0.5
SLMb,2,3,5,0.4
SLMh,1,3,4,0.25
SLMj,1,1,2,0.5
SLMl,4,0,4,1.0
SLMm,3,1,4,0.75
SLMn,3,1,4,0.75
SLMs,3,1,4,0.75
SLNB,1,1,2,0.5
SLND,1,0,1,1.0
SLNL,1,2,3,0.33
SLNM,3,3,6,0.5
SLNN,4,3,7,0.57
SLNP,3,4,7,0.43
SLNS,1,5,6,0.17
SLNb,4,2,6,0.67
SLNh,2,0,2,1.0
SLNl,0,1,1,0.0
SLNm,3,3,6,0.5
SLNn,2,3,5,0.4
SLNs,0,0,0,
SLNt,1,0,1,1.0
SLPB,3,2,5,0.6
SLPH,0,2,2,0.0
SLPI,0,1,1,0.0
SLPK,0,2,2,0.0
SLPL,2,2,4,0.5
SLPM,5,1,6,0.83
SLPN,1,2,3,0.33
SLPP,5,11,16,0.31
SLPS,3,2,5,0.6
SLPb,6,2,8,0.75
SLPl,1,5,6,0.17
SLPm,2,5,7,0.29
SLPn,6,4,10,0.6
SLPt,0,1,1,0.0
SLSB,4,1,5,0.8
SLSD,0,1,1,0.0
SLSL,0,2,2,0.0
SLSM,1,1,2,0.5
SLSN,3,1,4,0.75
SLSP,2,3,5,0.4
SLSS,0,3,3,0.0
SLSb,0,1,1,0.0
SLSh,1,3,4,0.25
SLSl,1,2,3,0.33
SLSm,1,3,4,0.25
SLSn,2,2,4,0.5
SLSs,2,0,2,1.0
SLSt,0,0,0,
SLbB,4,4,8,0.5
SLbH,2,0,2,1.0
SLbJ,0,2,2,0.0
SLbK,1,0,1,1.0
SLbL,3,0,3,1.0
SLbM,3,3,6,0.5
SLbN,3,6,9,0.33
SLbP,6,7,13,0.46
SLbS,2,1,3,0.67
SLbb,5,1,6,0.83
SLbl,1,3,4,0.25
SLbm,3,2,5,0.6
SLbn,3,4,7,0.43
SLbs,1,0,1,1.0
SLhB,2,1,3,0.67
SLhH,1,0,1,1.0
SLhM,1,2,3,0.33
SLhN,0,2,2,0.0
SLhP,1,1,2,0.5
SLhS,1,2,3,0.33
SLhb,4,1,5,0.8
SLhh,1,2,3,0.33
SLht,0,1,1,0.0
SLjB,1,0,1,1.0
SLjH,1,0,1,1.0
SLjL,1,0,1,1.0
SLjM,0,1,1,0.0
SLjN,2,0,2,1.0
SLjP,0,1,1,0.0
SLjS,1,2,3,0.33
SLjh,0,1,1,0.0
SLjm,0,1,1,0.0
SLjn,1,0,1,1.0
SLlB,0,1,1,0.0
SLlH,2,1,3,0.67
SLlI,1,0,1,1.0
SLlJ,2,0,2,1.0
SLlL,1,0,1,1.0
SLlM,3,3,6,0.5
SLlN,3,3,6,0.5
SLlP,2,1,3,0.67
SLlS,2,0,2,1.0
SLlb,1,0,1,1.0
SLll,0,2,2,0.0
SLlm,1,2,3,0.33
SLln,2,0,2,1.0
SLls,2,1,3,0.67
SLmB,0,1,1,0.0
SLmH,1,1,2,0.5
SLmJ,1,1,2,0.5
SLmL,3,3,6,0.5
SLmM,1,4,5,0.2
SLmN,5,5,10,0.5
SLmP,4,2,6,0.67
SLmS,5,2,7,0.71
SLmb,3,2,5,0.6
SLml,1,2,3,0.33
SLmm,4,0,4,1.0
SLmn,4,2,6,0.67
SLms,2,3,5,0.4
SLnB,2,5,7,0.29
SLnD,0,1,1,0.0
SLnH,4,3,7,0.57
SLnK,1,2,3,0.33
SLnL,1,2,3,0.33
SLnM,4,4,8,0.5
SLnN,3,8,11,0.27
SLnP,7,6,13,0.54
SLnS,3,3,6,0.5
SLnb,2,1,3,0.67
SLnl,2,3,5,0.4
SLnm,4,4,8,0.5
SLnn,4,6,10,0.4
SLns,1,7,8,0.12
SLsB,1,1,2,0.5
SLsH,1,2,3,0.33
SLsI,0,0,0,
SLsL,3,1,4,0.75
SLsM,2,2,4,0.5
SLsN,3,3,6,0.5
SLsP,2,4,6,0.33
SLsS,6,0,6,1.0
SLsb,2,3,5,0.4
SLsl,1,1,2,0.5
SLsm,4,0,4,1.0
SLsn,1,2,3,0.33
SLss,1,2,3,0.33
SLtB,0,0,0,
SLtD,0,1,1,0.0
SLtM,1,1,2,0.5
SLtN,2,0,2,1.0
SLtP,1,0,1,1.0
SLtm,1,0,1,1.0
SLtn,1,0,1,1.0
SLts,0,1,1,0.0
SMBB,2,6,8,0.25
SMBK,0,1,1,0.0
SMBL,2,5,7,0.29
SMBM,4,9,13,0.31
SMBN,13,4,17,0.76
SMBP,4,9,13,0.31
SMBS,4,4,8,0.5
SMBb,8,9,17,0.47
SMBh,1,3,4,0.25
SMBj,6,1,7,0.86
SMBl,6,5,11,0.55
SMBm,7,4,11,0.64
SMBn,13,10,23,0.57
SMBs,1,1,2,0.5
SMBt,4,0,4,1.0
SMDM,0,2,2,0.0
SMDP,2,0,2,1.0
SMDS,1,1,2,0.5
SMDn,1,1,2,0.5
SMDs,1,0,1,1.0
SMHP,1,0,1,1.0
SMKP,1,0,1,1.0
SMKm,1,0,1,1.0
SMLB,1,3,4,0.25
SMLD,1,0,1,1.0
SMLK,1,0,1,1.0
SMLL,1,1,2,0.5
SMLM,5,2,7,0.71
SMLN,2,0,2,1.0
SMLP,2,8,10,0.2
SMLS,4,0,4,1.0
SMLb,3,2,5,0.6
SMLh,0,4,4,0.0
SMLj,0,2,2,0.0
SMLl,1,1,2,0.5
SMLm,4,2,6,0.67
SMLn,10,6,16,0.62
SMLs,2,4,6,0.33
SMLt,0,2,2,0.0
SMMB,6,10,16,0.38
SMMD,0,0,0,
SMML,2,2,4,0.5
SMMM,9,9,18,0.5
SMMN,6,10,16,0.38
SMMP,11,8,19,0.58
SMMS,4,5,9,0.44
SMMb,9,6,15,0.6
SMMh,10,6,16,0.62
SMMj,3,1,4,0.75
SMMl,3,4,7,0.43
SMMm,6,10,16,0.38
SMMn,19,16,35,0.54
SMMs,8,3,11,0.73
SMMt,2,2,4,0.5
SMNB,4,9,13,0.31
SMND,0,1,1,0.0
SMNH,1,3,4,0.25
SMNK,1,1,2,0.5
SMNL,1,1,2,0.5
SMNM,9,10,19,0.47
SMNN,10,8,18,0.56
SMNP,13,9,22,0.59
SMNS,5,5,10,0.5
SMNb,5,10,15,0.33
SMNh,4,3,7,0.57
SMNl,3,3,6,0.5
SMNm,1,6,7,0.14
SMNn,8,6,14,0.57
SMNs,0,4,4,0.0
SMNt,2,4,6,0.33
SMPB,10,8,18,0.56
SMPD,1,1,2,0.5
SMPH,2,4,6,0.33
SMPI,1,2,3,0.33
SMPK,1,0,1,1.0
SMPL,5,8,13,0.38
SMPM,16,11,27,0.59
SMPN,12,17,29,0.41
SMPP,21,20,41,0.51
SMPS,7,9,16,0.44
SMPb,8,8,16,0.5
SMPh,1,0,1,1.0
SMPl,8,4,12,0.67
SMPm,12,4,16,0.75
SMPn,11,13,24,0.46
SMPs,2,8,10,0.2
SMPt,0,1,1,0.0
SMSB,1,3,4,0.25
SMSD,0,2,2,0.0
SMSH,1,1,2,0.5
SMSK,0,1,1,0.0
SMSL,1,0,1,1.0
SMSM,3,6,9,0.33
SMSN,6,4,10,0.6
SMSP,5,15,20,0.25
SMSS,6,6,12,0.5
SMSb,6,4,10,0.6
SMSh,3,6,9,0.33
SMSl,0,1,1,0.0
SMSm,0,4,4,0.0
SMSn,6,3,9,0.67
SMSs,3,3,6,0.5
SMSt,0,0,0,
SMbB,8,5,13,0.62
SMbH,3,1,4,0.75
SMbI,1,0,1,1.0
SMbJ,0,1,1,0.0
SMbK,1,2,3,0.33
SMbL,5,4,9,0.56
SMbM,13,13,26,0.5
SMbN,13,14,27,0.48
SMbP,15,12,27,0.56
SMbS,9,4,13,0.69
SMbb,13,9,22,0.59
SMbl,2,1,3,0.67
SMbm,12,2,14,0.86
SMbn,18,11,29,0.62
SMbs,7,8,15,0.47
SMhB,1,5,6,0.17
SMhD,0,1,1,0.0
SMhH,0,1,1,0.0
SMhL,2,4,6,0.33
SMhM,6,8,14,0.43
SMhN,10,5,15,0.67
SMhP,6,10,16,0.38
SMhS,8,3,11,0.73
SMhb,6,10,16,0.38
SMhh,10,5,15,0.67
SMhl,1,4,5,0.2
SMhm,9,6,15,0.6
SMhn,10,9,19,0.53
SMhs,3,6,9,0.33
SMht,2,2,4,0.5
SMjB,2,1,3,0.67
SMjH,0,3,3,0.0
SMjK,2,0,2,1.0
SMjL,0,1,1,0.0
SMjM,6,5,11,0.55
SMjN,7,3,10,0.7
SMjP,7,5,12,0.58
SMjS,0,1,1,0.0
SMjb,4,2,6,0.67
SMjh,0,1,1,0.0
SMjl,0,1,1,0.0
SMjm,0,2,2,0.0
SMjn,3,4,7,0.43
SMjs,2,2,4,0.5
SMjt,1,0,1,1.0
SMlB,1,6,7,0.14
SMlH,5,1,6,0.83
SMlI,1,1,2,0.5
SMlJ,1,1,2,0.5
SMlK,0,2,2,0.0
SMlL,0,3,3,0.0
SMlM,4,5,9,0.44
SMlN,4,1,5,0.8
SMlP,3,6,9,0.33
SMlS,5,5,10,0.5
SMlb,5,6,11,0.45
SMll,1,4,5,0.2
SMlm,3,6,9,0.33
SMln,4,3,7,0.57
SMls,1,0,1,1.0
SMmB,1,3,4,0.25
SMmD,1,0,1,1.0
SMmH,8,3,11,0.73
SMmI,0,1,1,0.0
SMmL,2,3,5,0.4
SMmM,10,10,20,0.5
SMmN,9,10,19,0.47
SMmP,11,13,24,0.46
SMmS,5,7,12,0.42
SMmb,8,1,9,0.89
SMml,3,1,4,0.75
SMmm,5,4,9,0.56
SMmn,7,14,21,0.33
SMms,5,6,11,0.45
SMnB,9,11,20,0.45
SMnD,0,0,0,
SMnH,4,3,7,0.57
SMnI,2,2,4,0.5
SMnK,0,0,0,
SMnL,3,1,4,0.75
SMnM,17,8,25,0.68
SMnN,21,20,41,0.51
SMnP,18,23,41,0.44
SMnS,10,5,15,0.67
SMnb,16,15,31,0.52
SMnl,5,3,8,0.62
SMnm,9,8,17,0.53
SMnn,12,19,31,0.39
SMns,11,7,18,0.61
SMsB,4,2,6,0.67
SMsH,3,4,7,0.43
SMsK,1,0,1,1.0
SMsL,1,0,1,1.0
SMsM,5,3,8,0.62
SMsN,7,3,10,0.7
SMsP,11,7,18,0.61
SMsS,9,5,14,0.64
SMsb,4,5,9,0.44
SMsl,1,4,5,0.2
SMsm,4,7,11,0.36
SMsn,2,4,6,0.33
SMss,7,5,12,0.58
SMtH,1,3,4,0.25
SMtM,2,3,5,0.4
SMtN,1,2,3,0.33
SMtP,1,3,4,0.25
SMtS,5,1,6,0.83
SMtb,2,0,2,1.0
SMtl,0,2,2,0.0
SMtm,3,1,4,0.75
SMtn,4,3,7,0.57
SMts,1,1,2,0.5
SNBB,6,7,13,0.46
SNBL,1,0,1,1.0
SNBM,2,4,6,0.33
SNBN,4,7,11,0.36
SNBP,8,9,17,0.47
SNBS,2,1,3,0.67
SNBb,1,6,7,0.14
SNBh,1,0,1,1.0
SNBj,0,1,1,0.0
SNBl,2,3,5,0.4
SNBm,1,4,5,0.2
SNBn,6,5,11,0.55
SNBs,2,3,5,0.4
SNBt,0,1,1,0.0
SNDH,1,1,2,0.5
SNDI,0,1,1,0.0
SNDL,0,1,1,0.0
SNDM,0,0,0,
SNDN,0,1,1,0.0
SNDP,2,1,3,0.67
SNDS,2,0,2,1.0
SNDm,0,1,1,0.0
SNDn,1,2,3,0.33
SNDt,0,0,0,
SNHB,2,0,2,1.0
SNHI,0,0,0,
SNHL,1,0,1,1.0
SNHM,1,1,2,0.5
SNHN,2,3,5,0.4
SNHP,2,0,2,1.0
SNHS,1,1,2,0.5
SNHb,0,1,1,0.0
SNHl,0,2,2,0.0
SNHm,2,3,5,0.4
SNHn,0,4,4,0.0
SNHs,2,1,3,0.67
SNHt,1,0,1,1.0
SNIM,1,0,1,1.0
SNKL,0,2,2,0.0
SNKM,0,2,2,0.0
SNKN,2,1,3,0.67
SNKP,1,1,2,0.5
SNKb,0,1,1,0.0
SNKh,1,0,1,1.0
SNKl,0,1,1,0.0
SNKm,2,1,3,0.67
SNKn,1,3,4,0.25
SNKs,1,0,1,1.0
SNLB,4,3,7,0.57
SNLK,1,0,1,1.0
SNLL,1,2,3,0.33
SNLM,3,1,4,0.75
SNLN,1,1,2,0.5
SNLP,4,3,7,0.57
SNLS,2,1,3,0.67
SNLb,2,1,3,0.67
SNLh,1,0,1,1.0
SNLj,0,1,1,0.0
SNLl,1,1,2,0.5
SNLm,4,4,8,0.5
SNLn,2,4,6,0.33
SNLs,1,3,4,0.25
SNMB,8,14,22,0.36
SNMD,0,2,2,0.0
SNML,4,1,5,0.8
SNMM,9,9,18,0.5
SNMN,7,8,15,0.47
SNMP,13,13,26,0.5
SNMS,5,5,10,0.5
SNMb,11,4,15,0.73
SNMh,6,9,15,0.4
SNMj,3,4,7,0.43
SNMl,3,1,4,0.75
SNMm,6,7,13,0.46
SNMn,17,16,33,0.52
SNMs,5,1,6,0.83
SNMt,1,0,1,1.0
SNNB,6,8,14,0.43
SNND,2,0,2,1.0
SNNH,0,2,2,0.0
SNNK,0,1,1,0.0
SNNL,2,2,4,0.5
SNNM,11,11,22,0.5
SNNN,16,5,21,0.76
SNNP,14,15,29,0.48
SNNS,6,12,18,0.33
SNNb,4,10,14,0.29
SNNh,5,3,8,0.62
SNNl,2,5,7,0.29
SNNm,8,6,14,0.57
SNNn,11,14,25,0.44
SNNs,8,8,16,0.5
SNNt,2,1,3,0.67
SNPB,12,11,23,0.52
SNPD,2,1,3,0.67
SNPH,9,2,11,0.82
SNPI,4,1,5,0.8
SNPK,1,0,1,1.0
SNPL,5,10,15,0.33
SNPM,20,13,33,0.61
SNPN,12,14,26,0.46
SNPP,19,23,42,0.45
SNPS,7,6,13,0.54
SNPb,14,8,22,0.64
SNPh,1,0,1,1.0
SNPl,7,7,14,0.5
SNPm,11,9,20,0.55
SNPn,15,13,28,0.54
SNPs,6,11,17,0.35
SNSB,2,5,7,0.29
SNSD,0,1,1,0.0
SNSH,3,3,6,0.5
SNSK,1,0,1,1.0
SNSL,1,2,3,0.33
SNSM,4,3,7,0.57
SNSN,4,7,11,0.36
SNSP,6,9,15,0.4
SNSS,2,3,5,0.4
SNSb,4,2,6,0.67
SNSh,3,4,7,0.43
SNSl,1,1,2,0.5
SNSm,12,5,17,0.71
SNSn,10,4,14,0.71
SNSs,3,7,10,0.3
SNSt,1,3,4,0.25
SNbB,8,7,15,0.53
SNbH,0,4,4,0.0
SNbI,2,2,4,0.5
SNbJ,5,1,6,0.83
SNbK,2,0,2,1.0
SNbL,2,2,4,0.5
SNbM,6,6,12,0.5
SNbN,10,10,20,0.5
SNbP,10,5,15,0.67
SNbS,4,4,8,0.5
SNbb,9,9,18,0.5
SNbl,3,4,7,0.43
SNbm,9,6,15,0.6
SNbn,9,5,14,0.64
SNbs,2,1,3,0.67
SNhH,1,0,1,1.0
SNhM,2,2,4,0.5
SNhN,0,3,3,0.0
SNhP,4,2,6,0.67
SNhS,3,1,4,0.75
SNhb,0,2,2,0.0
SNhh,1,4,5,0.2
SNhl,2,0,2,1.0
SNhm,1,2,3,0.33
SNhn,2,2,4,0.5
SNhs,5,0,5,1.0
SNht,1,1,2,0.5
SNlB,0,4,4,0.0
SNlD,1,0,1,1.0
SNlH,1,6,7,0.14
SNlJ,4,2,6,0.67
SNlL,1,0,1,1.0
SNlM,3,6,9,0.33
SNlN,4,7,11,0.36
SNlP,7,4,11,0.64
SNlS,1,1,2,0.5
SNlb,8,1,9,0.89
SNll,1,1,2,0.5
SNlm,1,1,2,0.5
SNln,5,1,6,0.83
SNls,2,1,3,0.67
SNmB,8,5,13,0.62
SNmD,0,1,1,0.0
SNmH,10,2,12,0.83
SNmI,0,1,1,0.0
SNmJ,3,1,4,0.75
SNmL,3,2,5,0.6
SNmM,2,4,6,0.33
SNmN,17,9,26,0.65
SNmP,9,8,17,0.53
SNmS,7,4,11,0.64
SNmb,9,3,12,0.75
SNml,7,1,8,0.88
SNmm,4,4,8,0.5
SNmn,8,6,14,0.57
SNms,3,1,4,0.75
SNnB,8,6,14,0.57
SNnD,2,0,2,1.0
SNnH,6,5,11,0.55
SNnI,1,1,2,0.5
SNnL,6,1,7,0.86
SNnM,14,7,21,0.67
SNnN,17,13,30,0.57
SNnP,20,16,36,0.56
SNnS,11,9,20,0.55
SNnb,12,9,21,0.57
SNnh,1,0,1,1.0
SNnl,6,4,10,0.6
SNnm,8,7,15,0.53
SNnn,22,20,42,0.52
SNns,9,8,17,0.53
SNsB,1,2,3,0.33
SNsH,3,0,3,1.0
SNsI,1,1,2,0.5
SNsL,0,2,2,0.0
SNsM,4,6,10,0.4
SNsN,6,6,12,0.5
SNsP,10,4,14,0.71
SNsS,4,6,10,0.4
SNsb,3,1,4,0.75
SNsl,4,3,7,0.57
SNsm,4,2,6,0.67
SNsn,6,4,10,0.6
SNss,4,3,7,0.57
SNtB,1,1,2,0.5
SNtD,0,1,1,0.0
SNtH,0,1,1,0.0
SNtL,0,3,3,0.0
SNtM,0,1,1,0.0
SNtN,3,0,3,1.0
SNtP,1,1,2,0.5
SNtS,1,1,2,0.5
SNtb,2,0,2,1.0
SNtl,1,0,1,1.0
SNtm,1,4,5,0.2
SNtn,0,2,2,0.0
SNts,1,1,2,0.5
SNtt,1,0,1,1.0
SPBB,4,8,12,0.33
SPBK,4,0,4,1.0
SPBL,6,2,8,0.75
SPBM,14,6,20,0.7
SPBN,5,9,14,0.36
SPBP,11,15,26,0.42
SPBS,0,4,4,0.0
SPBb,13,6,19,0.68
SPBh,1,4,5,0.2
SPBj,1,7,8,0.12
SPBl,5,5,10,0.5
SPBm,10,9,19,0.53
SPBn,9,5,14,0.64
SPBs,2,4,6,0.33
SPBt,3,1,4,0.75
SPDH,1,1,2,0.5
SPDI,0,1,1,0.0
SPDM,1,5,6,0.17
SPDN,1,0,1,1.0
SPDP,1,2,3,0.33
SPDS,0,1,1,0.0
SPDb,1,1,2,0.5
SPDl,1,1,2,0.5
SPDn,2,0,2,1.0
SPHB,3,2,5,0.6
SPHD,1,3,4,0.25
SPHH,2,0,2,1.0
SPHI,0,1,1,0.0
SPHK,1,1,2,0.5
SPHL,2,0,2,1.0
SPHM,2,3,5,0.4
SPHN,1,4,5,0.2
SPHP,5,7,12,0.42
SPHS,1,4,5,0.2
SPHb,4,1,5,0.8
SPHh,0,1,1,0.0
SPHl,1,1,2,0.5
SPHm,6,2,8,0.75
SPHn,4,5,9,0.44
SPHs,6,4,10,0.6
SPIB,1,2,3,0.33
SPIH,0,1,1,0.0
SPIM,1,1,2,0.5
SPIN,1,2,3,0.33
SPIP,2,0,2,1.0
SPIS,2,0,2,1.0
SPIb,2,1,3,0.67
SPIl,1,0,1,1.0
SPIm,0,0,0,
SPIn,0,0,0,
SPIs,0,0,0,
SPKB,0,2,2,0.0
SPKD,1,0,1,1.0
SPKL,1,1,2,0.5
SPKM,1,3,4,0.25
SPKN,0,1,1,0.0
SPKP,1,1,2,0.5
SPKS,1,1,2,0.5
SPKb,3,0,3,1.0
SPKh,0,0,0,
SPKm,2,1,3,0.67
SPKn,2,7,9,0.22
SPKs,1,1,2,0.5
SPLB,5,3,8,0.62
SPLK,1,0,1,1.0
SPLL,1,2,3,0.33
SPLM,7,7,14,0.5
SPLN,8,8,16,0.5
SPLP,5,6,11,0.45
SPLS,1,2,3,0.33
SPLb,4,2,6,0.67
SPLh,1,1,2,0.5
SPLj,1,1,2,0.5
SPLl,3,3,6,0.5
SPLm,3,4,7,0.43
SPLn,14,8,22,0.64
SPLs,5,2,7,0.71
SPLt,0,2,2,0.0
SPMB,2,11,13,0.15
SPMD,1,0,1,1.0
SPMK,0,1,1,0.0
SPML,4,5,9,0.44
SPMM,15,17,32,0.47
SPMN,9,13,22,0.41
SPMP,24,16,40,0.6
SPMS,4,9,13,0.31
SPMb,14,17,31,0.45
SPMh,9,11,20,0.45
SPMj,4,4,8,0.5
SPMl,5,11,16,0.31
SPMm,17,6,23,0.74
SPMn,15,21,36,0.42
SPMs,10,2,12,0.83
SPMt,3,1,4,0.75
SPNB,9,7,16,0.56
SPND,1,0,1,1.0
SPNH,0,3,3,0.0
SPNK,0,4,4,0.0
SPNL,11,2,13,0.85
SPNM,15,13,28,0.54
SPNN,9,17,26,0.35
SPNP,21,11,32,0.66
SPNS,5,6,11,0.45
SPNb,14,18,32,0.44
SPNh,3,6,9,0.33
SPNl,9,7,16,0.56
SPNm,15,9,24,0.62
SPNn,14,15,29,0.48
SPNs,9,5,14,0.64
SPNt,4,3,7,0.57
SPPB,6,13,19,0.32
SPPD,0,1,1,0.0
SPPH,1,3,4,0.25
SPPI,3,3,6,0.5
SPPK,2,2,4,0.5
SPPL,9,8,17,0.53
SPPM,15,12,27,0.56
SPPN,10,16,26,0.38
SPPP,26,31,57,0.46
SPPS,7,21,28,0.25
SPPb,20,14,34,0.59
SPPh,1,2,3,0.33
SPPl,6,11,17,0.35
SPPm,20,9,29,0.69
SPPn,16,11,27,0.59
SPPs,11,9,20,0.55
SPPt,4,3,7,0.57
SPSB,5,5,10,0.5
SPSH,3,4,7,0.43
SPSK,0,0,0,
SPSL,2,5,7,0.29
SPSM,11,10,21,0.52
SPSN,7,7,14,0.5
SPSP,17,10,27,0.63
SPSS,10,7,17,0.59
SPSb,11,8,19,0.58
SPSh,7,6,13,0.54
SPSl,4,3,7,0.57
SPSm,11,7,18,0.61
SPSn,10,10,20,0.5
SPSs,7,9,16,0.44
SPSt,1,1,2,0.5
SPbB,6,9,15,0.4
SPbD,1,0,1,1.0
SPbH,3,6,9,0.33
SPbI,2,1,3,0.67
SPbJ,3,1,4,0.75
SPbK,1,2,3,0.33
SPbL,2,4,6,0.33
SPbM,16,12,28,0.57
SPbN,17,14,31,0.55
SPbP,18,12,30,0.6
SPbS,7,11,18,0.39
SPbb,12,18,30,0.4
SPbl,6,7,13,0.46
SPbm,9,7,16,0.56
SPbn,12,12,24,0.5
SPbs,10,4,14,0.71
SPhB,0,1,1,0.0
SPhH,0,1,1,0.0
SPhL,1,1,2,0.5
SPhM,3,3,6,0.5
SPhN,0,1,1,0.0
SPhP,1,5,6,0.17
SPhS,1,3,4,0.25
SPhb,1,0,1,1.0
SPhh,1,0,1,1.0
SPhl,0,0,0,
SPhm,1,0,1,1.0
SPhn,1,1,2,0.5
SPhs,4,0,4,1.0
SPlB,6,6,12,0.5
SPlD,2,1,3,0.67
SPlH,4,6,10,0.4
SPlI,1,0,1,1.0
SPlJ,3,1,4,0.75
SPlL,5,3,8,0.62
SPlM,8,2,10,0.8
SPlN,15,6,21,0.71
SPlP,9,6,15,0.6
SPlS,5,8,13,0.38
SPlb,7,9,16,0.44
SPll,6,2,8,0.75
SPlm,9,3,12,0.75
SPln,3,3,6,0.5
SPls,2,4,6,0.33
SPmB,7,9,16,0.44
SPmD,0,1,1,0.0
SPmH,4,5,9,0.44
SPmI,1,1,2,0.5
SPmJ,2,5,7,0.29
SPmL,5,1,6,0.83
SPmM,12,8,20,0.6
SPmN,9,7,16,0.56
SPmP,10,18,28,0.36
SPmS,8,10,18,0.44
SPmb,10,9,19,0.53
SPml,4,3,7,0.57
SPmm,8,12,20,0.4
SPmn,10,9,19,0.53
SPms,6,5,11,0.55
SPnB,8,16,24,0.33
SPnD,3,3,6,0.5
SPnH,7,10,17,0.41
SPnK,0,2,2,0.0
SPnL,3,1,4,0.75
SPnM,6,11,17,0.35
SPnN,12,10,22,0.55
SPnP,22,19,41,0.54
SPnS,11,14,25,0.44
SPnb,16,7,23,0.7
SPnh,2,0,2,1.0
SPnl,7,8,15,0.47
SPnm,11,9,20,0.55
SPnn,13,10,23,0.57
SPns,12,11,23,0.52
SPsB,8,3,11,0.73
SPsH,5,3,8,0.62
SPsI,1,2,3,0.33
SPsK,0,1,1,0.0
SPsL,9,2,11,0.82
SPsM,10,8,18,0.56
SPsN,11,11,22,0.5
SPsP,10,8,18,0.56
SPsS,5,14,19,0.26
SPsb,6,4,10,0.6
SPsh,0,1,1,0.0
SPsl,7,8,15,0.47
SPsm,10,10,20,0.5
SPsn,10,9,19,0.53
SPss,15,12,27,0.56
SPtB,1,1,2,0.5
SPtD,0,1,1,0.0
SPtH,3,4,7,0.43
SPtK,0,1,1,0.0
SPtM,0,4,4,0.0
SPtN,0,0,0,
SPtP,4,2,6,0.67
SPtS,1,1,2,0.5
SPtb,1,2,3,0.33
SPth,0,1,1,0.0
SPtl,1,1,2,0.5
SPtm,0,1,1,0.0
SPtn,3,2,5,0.6
SPts,1,1,2,0.5
SPtt,1,0,1,1.0
SSBB,6,0,6,1.0
SSBK,0,1,1,0.0
SSBL,2,0,2,1.0
SSBM,8,3,11,0.73
SSBN,3,2,5,0.6
SSBP,3,6,9,0.33
SSBS,1,4,5,0.2
SSBb,8,3,11,0.73
SSBh,1,1,2,0.5
SSBj,1,2,3,0.33
SSBl,2,1,3,0.67
SSBm,6,2,8,0.75
SSBn,8,5,13,0.62
SSBs,2,3,5,0.4
SSDB,0,1,1,0.0
SSDH,0,1,1,0.0
SSDL,0,1,1,0.0
SSDN,0,1,1,0.0
SSDP,2,0,2,1.0
SSDS,1,0,1,1.0
SSDm,1,0,1,1.0
SSDn,1,0,1,1.0
SSHB,2,1,3,0.67
SSHD,0,1,1,0.0
SSHL,0,1,1,0.0
SSHM,2,3,5,0.4
SSHN,2,3,5,0.4
SSHP,1,0,1,1.0
SSHS,2,2,4,0.5
SSHb,5,2,7,0.71
SSHh,1,0,1,1.0
SSHl,1,0,1,1.0
SSHm,2,1,3,0.67
SSHn,1,6,7,0.14
SSHs,4,3,7,0.57
SSIB,0,1,1,0.0
SSKN,0,1,1,0.0
SSKP,2,0,2,1.0
SSKn,1,1,2,0.5
SSLB,2,2,4,0.5
SSLM,1,0,1,1.0
SSLN,3,6,9,0.33
SSLP,0,1,1,0.0
SSLS,2,2,4,0.5
SSLb,3,1,4,0.75
SSLh,3,0,3,1.0
SSLj,0,1,1,0.0
SSLl,2,3,5,0.4
SSLm,4,5,9,0.44
SSLn,4,3,7,0.57
SSLs,0,2,2,0.0
SSLt,2,0,2,1.0
SSMB,9,7,16,0.56
SSMD,1,0,1,1.0
SSML,3,3,6,0.5
SSMM,13,8,21,0.62
SSMN,3,7,10,0.3
SSMP,13,6,19,0.68
SSMS,5,4,9,0.56
SSMb,7,5,12,0.58
SSMh,4,5,9,0.44
SSMj,1,1,2,0.5
SSMl,3,5,8,0.38
SSMm,6,5,11,0.55
SSMn,9,5,14,0.64
SSMs,5,3,8,0.62
SSMt,2,1,3,0.67
SSNB,2,3,5,0.4
SSND,3,0,3,1.0
SSNH,1,2,3,0.33
SSNK,1,0,1,1.0
SSNL,5,1,6,0.83
SSNM,12,4,16,0.75
SSNN,7,7,14,0.5
SSNP,10,8,18,0.56
SSNS,4,8,12,0.33
SSNb,3,1,4,0.75
SSNh,3,5,8,0.38
SSNl,4,0,4,1.0
SSNm,8,0,8,1.0
SSNn,6,9,15,0.4
SSNs,6,4,10,0.6
SSNt,1,1,2,0.5
SSPB,5,7,12,0.42
SSPH,1,5,6,0.17
SSPI,1,0,1,1.0
SSPK,0,3,3,0.0
SSPL,6,4,10,0.6
SSPM,7,11,18,0.39
SSPN,3,12,15,0.2
SSPP,10,9,19,0.53
SSPS,17,9,26,0.65
SSPb,8,4,12,0.67
SSPh,0,0,0,
SSPl,7,7,14,0.5
SSPm,10,4,14,0.71
SSPn,10,15,25,0.4
SSPs,9,9,18,0.5
SSPt,1,1,2,0.5
SSSB,6,3,9,0.67
SSSH,2,2,4,0.5
SSSL,0,4,4,0.0
SSSM,7,9,16,0.44
SSSN,9,6,15,0.6
SSSP,9,13,22,0.41
SSSS,16,10,26,0.62
SSSb,11,10,21,0.52
SSSh,4,4,8,0.5
SSSl,3,0,3,1.0
SSSm,11,5,16,0.69
SSSn,7,9,16,0.44
SSSs,12,8,20,0.6
SSSt,0,2,2,0.0
SSbB,6,3,9,0.67
SSbD,1,0,1,1.0
SSbH,3,3,6,0.5
SSbJ,4,1,5,0.8
SSbK,0,1,1,0.0
SSbL,0,5,5,0.0
SSbM,5,3,8,0.62
SSbN,8,9,17,0.47
SSbP,8,7,15,0.53
SSbS,2,6,8,0.25
SSbb,9,9,18,0.5
SSbl,1,3,4,0.25
SSbm,2,1,3,0.67
SSbn,4,7,11,0.36
SSbs,5,3,8,0.62
SShB,4,2,6,0.67
SShH,1,1,2,0.5
SShI,0,1,1,0.0
SShL,2,2,4,0.5
SShM,4,3,7,0.57
SShN,7,4,11,0.64
SShP,5,8,13,0.38
SShS,7,9,16,0.44
SShb,4,7,11,0.36
SShh,5,3,8,0.62
SShl,2,2,4,0.5
SShm,1,3,4,0.25
SShn,9,7,16,0.56
SShs,4,3,7,0.57
SSlB,4,0,4,1.0
SSlH,3,2,5,0.6
SSlJ,3,1,4,0.75
SSlL,1,1,2,0.5
SSlM,2,4,6,0.33
SSlN,11,5,16,0.69
SSlP,2,4,6,0.33
SSlS,5,7,12,0.42
SSlb,3,3,6,0.5
SSll,0,5,5,0.0
SSlm,5,2,7,0.71
SSln,3,5,8,0.38
SSls,2,1,3,0.67
SSmB,7,1,8,0.88
SSmD,0,2,2,0.0
SSmH,5,1,6,0.83
SSmI,0,1,1,0.0
SSmJ,1,0,1,1.0
SSmL,1,3,4,0.25
SSmM,3,5,8,0.38
SSmN,8,4,12,0.67
SSmP,10,7,17,0.59
SSmS,4,6,10,0.4
SSmb,7,9,16,0.44
SSml,2,3,5,0.4
SSmm,3,4,7,0.43
SSmn,2,7,9,0.22
SSms,4,3,7,0.57
SSnB,5,5,10,0.5
SSnD,2,0,2,1.0
SSnH,5,11,16,0.31
SSnI,0,2,2,0.0
SSnK,1,1,2,0.5
SSnL,0,1,1,0.0
SSnM,8,4,12,0.67
SSnN,8,13,21,0.38
SSnP,12,5,17,0.71
SSnS,11,3,14,0.79
SSnb,10,6,16,0.62
SSnl,1,2,3,0.33
SSnm,8,6,14,0.57
SSnn,13,6,19,0.68
SSns,6,9,15,0.4
SSsB,5,5,10,0.5
SSsD,2,0,2,1.0
SSsH,11,5,16,0.69
SSsI,3,0,3,1.0
SSsK,1,0,1,1.0
SSsL,1,5,6,0.17
SSsM,6,4,10,0.6
SSsN,10,10,20,0.5
SSsP,11,10,21,0.52
SSsS,19,15,34,0.56
SSsb,5,8,13,0.38
SSsh,0,1,1,0.0
SSsl,3,6,9,0.33
SSsm,6,7,13,0.46
SSsn,14,6,20,0.7
SSss,5,15,20,0.25
SStB,2,1,3,0.67
SStH,1,1,2,0.5
SStL,0,1,1,0.0
SStM,2,1,3,0.67
SStN,0,1,1,0.0
SStP,3,4,7,0.43
SStS,0,4,4,0.0
SStb,2,0,2,1.0
SStl,1,0,1,1.0
SStm,2,2,4,0.5
SStn,3,1,4,0.75
SSts,1,0,1,1.0
SbBB,3,5,8,0.38
SbBH,0,1,1,0.0
SbBK,0,0,0,
SbBL,3,1,4,0.75
SbBM,7,4,11,0.64
SbBN,4,6,10,0.4
SbBP,5,10,15,0.33
SbBS,3,4,7,0.43
SbBb,4,6,10,0.4
SbBh,4,1,5,0.8
SbBj,2,4,6,0.33
SbBl,2,1,3,0.67
SbBm,7,4,11,0.64
SbBn,9,10,19,0.47
SbBs,1,4,5,0.2
SbBt,1,1,2,0.5
SbDH,1,0,1,1.0
SbDI,0,1,1,0.0
SbDL,0,0,0,
SbDM,1,0,1,1.0
SbDP,2,4,6,0.33
SbDS,1,0,1,1.0
SbDb,0,0,0,
SbDl,1,1,2,0.5
SbDm,2,1,3,0.67
SbDs,2,0,2,1.0
SbDt,0,1,1,0.0
SbHB,2,1,3,0.67
SbHH,0,2,2,0.0
SbHL,3,0,3,1.0
SbHM,2,1,3,0.67
SbHN,5,4,9,0.56
SbHP,5,3,8,0.62
SbHS,3,2,5,0.6
SbHb,5,1,6,0.83
SbHl,0,1,1,0.0
SbHm,2,2,4,0.5
SbHn,2,6,8,0.25
SbHs,2,4,6,0.33
SbID,0,0,0,
SbIL,1,0,1,1.0
SbIM,1,0,1,1.0
SbIN,0,2,2,0.0
SbIP,0,2,2,0.0
SbIS,1,0,1,1.0
SbJB,1,1,2,0.5
SbJH,0,2,2,0.0
SbJM,1,2,3,0.33
SbJN,4,0,4,1.0
SbJP,5,1,6,0.83
SbJS,1,0,1,1.0
SbJb,0,2,2,0.0
SbJl,3,2,5,0.6
SbJm,1,2,3,0.33
SbJn,0,2,2,0.0
SbJs,2,3,5,0.4
SbKB,1,0,1,1.0
SbKM,1,1,2,0.5
SbKN,1,1,2,0.5
SbKP,0,2,2,0.0
SbKh,1,1,2,0.5
SbKm,2,0,2,1.0
SbKn,1,1,2,0.5
SbKs,2,0,2,1.0
SbLB,0,1,1,0.0
SbLL,0,1,1,0.0
SbLM,2,1,3,0.67
SbLN,4,1,5,0.8
SbLP,2,5,7,0.29
SbLS,2,3,5,0.4
SbLb,1,5,6,0.17
SbLh,2,4,6,0.33
SbLj,0,0,0,
SbLl,3,8,11,0.27
SbLm,0,2,2,0.0
SbLn,2,0,2,1.0
SbLs,2,4,6,0.33
SbLt,0,0,0,
SbMB,2,5,7,0.29
SbML,3,2,5,0.6
SbMM,10,11,21,0.48
SbMN,7,7,14,0.5
SbMP,12,11,23,0.52
SbMS,3,7,10,0.3
SbMb,7,6,13,0.54
SbMh,4,6,10,0.4
SbMj,5,0,5,1.0
SbMl,2,0,2,1.0
SbMm,4,4,8,0.5
SbMn,15,11,26,0.58
SbMs,4,2,6,0.67
SbMt,1,1,2,0.5
SbNB,9,4,13,0.69
SbND,0,1,1,0.0
SbNH,0,3,3,0.0
SbNK,0,1,1,0.0
SbNL,2,3,5,0.4
SbNM,11,8,19,0.58
SbNN,17,18,35,0.49
SbNP,18,17,35,0.51
SbNS,10,4,14,0.71
SbNb,11,7,18,0.61
SbNh,5,3,8,0.62
SbNl,4,2,6,0.67
SbNm,12,4,16,0.75
SbNn,8,10,18,0.44
SbNs,9,5,14,0.64
SbNt,0,1,1,0.0
SbPB,6,7,13,0.46
SbPH,4,3,7,0.57
SbPI,1,0,1,1.0
SbPK,0,4,4,0.0
SbPL,4,1,5,0.8
SbPM,10,12,22,0.45
SbPN,6,16,22,0.27
SbPP,13,9,22,0.59
SbPS,15,1,16,0.94
SbPb,13,10,23,0.57
SbPh,3,1,4,0.75
SbPl,5,6,11,0.45
SbPm,7,6,13,0.54
SbPn,6,13,19,0.32
SbPs,6,5,11,0.55
SbPt,4,2,6,0.67
SbSB,3,1,4,0.75
SbSD,0,1,1,0.0
SbSH,1,0,1,1.0
SbSI,0,1,1,0.0
SbSL,0,1,1,0.0
SbSM,6,2,8,0.75
SbSN,5,3,8,0.62
SbSP,5,3,8,0.62
SbSS,5,5,10,0.5
SbSb,2,4,6,0.33
SbSh,5,2,7,0.71
SbSl,1,0,1,1.0
SbSm,2,7,9,0.22
SbSn,5,8,13,0.38
SbSs,5,5,10,0.5
SbbB,14,8,22,0.64
SbbD,0,1,1,0.0
SbbH,1,5,6,0.17
SbbI,0,2,2,0.0
SbbJ,3,7,10,0.3
SbbK,0,2,2,0.0
SbbL,2,1,3,0.67
SbbM,8,16,24,0.33
SbbN,12,11,23,0.52
SbbP,6,12,18,0.33
SbbS,7,5,12,0.58
Sbbb,9,15,24,0.38
Sbbl,2,2,4,0.5
Sbbm,2,4,6,0.33
Sbbn,9,10,19,0.47
Sbbs,3,7,10,0.3
SblB,1,2,3,0.33
SblH,1,3,4,0.25
SblI,1,1,2,0.5
SblJ,1,0,1,1.0
SblL,2,0,2,1.0
SblM,3,2,5,0.6
SblN,1,4,5,0.2
SblP,6,6,12,0.5
SblS,3,2,5,0.6
Sblb,5,7,12,0.42
Sbll,1,1,2,0.5
Sblm,3,1,4,0.75
Sbln,3,4,7,0.43
Sbls,4,1,5,0.8
SbmB,5,3,8,0.62
SbmD,1,0,1,1.0
SbmH,6,5,11,0.55
SbmI,1,1,2,0.5
SbmJ,1,0,1,1.0
SbmL,4,0,4,1.0
SbmM,6,7,13,0.46
SbmN,8,4,12,0.67
SbmP,7,9,16,0.44
SbmS,3,3,6,0.5
Sbmb,8,1,9,0.89
Sbml,0,1,1,0.0
Sbmm,5,1,6,0.83
Sbmn,6,5,11,0.55
Sbms,1,3,4,0.25
SbnB,4,4,8,0.5
SbnD,1,0,1,1.0
SbnH,5,4,9,0.56
SbnI,2,1,3,0.67
SbnK,0,0,0,
SbnL,4,9,13,0.31
SbnM,7,9,16,0.44
SbnN,13,13,26,0.5
SbnP,21,20,41,0.51
SbnS,0,4,4,0.0
Sbnb,11,10,21,0.52
Sbnl,5,3,8,0.62
Sbnm,11,4,15,0.73
Sbnn,11,11,22,0.5
Sbns,8,4,12,0.67
SbsB,2,0,2,1.0
SbsD,0,1,1,0.0
SbsH,9,3,12,0.75
SbsI,0,0,0,
SbsL,2,1,3,0.67
SbsM,6,4,10,0.6
SbsN,8,5,13,0.62
SbsP,14,6,20,0.7
SbsS,4,10,14,0.29
Sbsb,2,3,5,0.4
Sbsh,1,0,1,1.0
Sbsl,3,1,4,0.75
Sbsm,4,2,6,0.67
Sbsn,3,3,6,0.5
Sbss,3,4,7,0.43
ShBB,1,1,2,0.5
ShBL,1,0,1,1.0
ShBM,6,3,9,0.67
ShBN,3,5,8,0.38
ShBP,5,1,6,0.83
ShBS,2,5,7,0.29
ShBb,2,5,7,0.29
ShBh,1,2,3,0.33
ShBj,0,1,1,0.0
ShBl,2,2,4,0.5
ShBm,5,3,8,0.62
ShBn,2,4,6,0.33
ShBs,3,0,3,1.0
ShBt,1,0,1,1.0
ShDB,3,0,3,1.0
ShDM,1,0,1,1.0
ShDN,2,1,3,0.67
ShDP,0,1,1,0.0
ShDS,0,0,0,
ShDn,0,1,1,0.0
ShDs,1,2,3,0.33
ShHB,2,0,2,1.0
ShHM,2,0,2,1.0
ShHN,1,0,1,1.0
ShHP,2,1,3,0.67
ShHS,1,1,2,0.5
ShHb,1,0,1,1.0
ShHh,1,0,1,1.0
ShHl,2,0,2,1.0
ShHm,0,1,1,0.0
ShHn,2,2,4,0.5
ShHs,1,2,3,0.33
ShIL,0,1,1,0.0
ShIM,1,0,1,1.0
ShIN,0,0,0,
ShIP,0,0,0,
ShIS,2,0,2,1.0
ShIb,0,1,1,0.0
ShIm,0,1,1,0.0
ShIt,1,0,1,1.0
ShKS,0,1,1,0.0
ShKb,1,0,1,1.0
ShLB,4,0,4,1.0
ShLM,1,2,3,0.33
ShLN,1,0,1,1.0
ShLP,4,5,9,0.44
ShLS,0,1,1,0.0
ShLb,1,3,4,0.25
ShLh,1,0,1,1.0
ShLj,1,0,1,1.0
ShLm,2,1,3,0.67
ShLn,1,2,3,0.33
ShLs,3,0,3,1.0
ShLt,0,1,1,0.0
ShMB,5,4,9,0.56
ShMK,1,0,1,1.0
ShML,2,1,3,0.67
ShMM,6,6,12,0.5
ShMN,10,5,15,0.67
ShMP,4,11,15,0.27
ShMS,4,1,5,0.8
ShMb,6,5,11,0.55
ShMh,7,5,12,0.58
ShMj,1,2,3,0.33
ShMl,2,5,7,0.29
ShMm,3,4,7,0.43
ShMn,10,6,16,0.62
ShMs,6,5,11,0.55
ShMt,2,0,2,1.0
ShNB,2,1,3,0.67
ShNH,0,1,1,0.0
ShNK,0,3,3,0.0
ShNL,1,1,2,0.5
ShNM,4,6,10,0.4
ShNN,4,7,11,0.36
ShNP,6,8,14,0.43
ShNS,4,4,8,0.5
ShNb,7,3,10,0.7
ShNh,1,2,3,0.33
ShNl,4,2,6,0.67
ShNm,9,3,12,0.75
ShNn,8,6,14,0.57
ShNs,6,4,10,0.6
ShNt,0,1,1,0.0
ShPB,9,4,13,0.69
ShPD,1,0,1,1.0
ShPH,2,3,5,0.4
ShPI,1,0,1,1.0
ShPK,1,0,1,1.0
ShPL,0,2,2,0.0
ShPM,4,10,14,0.29
ShPN,7,9,16,0.44
ShPP,11,8,19,0.58
ShPS,4,7,11,0.36
ShPb,8,6,14,0.57
ShPh,1,1,2,0.5
ShPl,3,5,8,0.38
ShPm,5,3,8,0.62
ShPn,8,1,9,0.89
ShPs,2,4,6,0.33
ShPt,0,1,1,0.0
ShSB,5,3,8,0.62
ShSH,0,1,1,0.0
ShSI,1,0,1,1.0
ShSL,0,4,4,0.0
ShSM,6,0,6,1.0
ShSN,4,7,11,0.36
ShSP,2,10,12,0.17
ShSS,6,10,16,0.38
ShSb,3,7,10,0.3
ShSh,7,3,10,0.7
ShSl,3,2,5,0.6
ShSm,5,4,9,0.56
ShSn,6,3,9,0.67
ShSs,6,4,10,0.6
ShSt,0,1,1,0.0
ShbB,2,4,6,0.33
ShbH,4,2,6,0.67
ShbI,1,1,2,0.5
ShbJ,1,1,2,0.5
ShbK,0,2,2,0.0
ShbL,1,0,1,1.0
ShbM,5,2,7,0.71
ShbN,7,9,16,0.44
ShbP,2,7,9,0.22
ShbS,4,3,7,0.57
Shbb,3,6,9,0.33
Shbl,3,3,6,0.5
Shbm,7,1,8,0.88
Shbn,3,10,13,0.23
Shbs,5,2,7,0.71
ShhB,6,4,10,0.6
ShhD,0,0,0,
ShhH,3,0,3,1.0
ShhL,0,3,3,0.0
ShhM,3,2,5,0.6
ShhN,6,4,10,0.6
ShhP,6,2,8,0.75
ShhS,4,1,5,0.8
Shhb,6,2,8,0.75
Shhh,5,5,10,0.5
Shhl,2,2,4,0.5
Shhm,3,3,6,0.5
Shhn,7,4,11,0.64
Shhs,0,2,2,0.0
Shht,0,2,2,0.0
ShlB,0,2,2,0.0
ShlH,3,2,5,0.6
ShlJ,2,1,3,0.67
ShlM,3,1,4,0.75
ShlN,2,2,4,0.5
ShlP,2,4,6,0.33
ShlS,6,3,9,0.67
Shlb,1,0,1,1.0
Shll,0,0,0,
Shlm,2,0,2,1.0
Shln,2,1,3,0.67
Shls,0,1,1,0.0
ShmB,2,2,4,0.5
ShmH,3,4,7,0.43
ShmJ,0,3,3,0.0
ShmK,1,0,1,1.0
ShmL,0,0,0,
ShmM,2,7,9,0.22
ShmN,5,5,10,0.5
ShmP,3,1,4,0.75
ShmS,8,2,10,0.8
Shmb,3,6,9,0.33
Shml,2,0,2,1.0
Shmm,2,2,4,0.5
Shmn,8,2,10,0.8
Shms,2,1,3,0.67
ShnB,2,6,8,0.25
ShnH,6,7,13,0.46
ShnI,1,2,3,0.33
ShnK,1,1,2,0.5
ShnL,3,2,5,0.6
ShnM,5,5,10,0.5
ShnN,12,5,17,0.71
ShnP,9,14,23,0.39
ShnS,4,7,11,0.36
Shnb,8,9,17,0.47
Shnl,2,2,4,0.5
Shnm,4,6,10,0.4
Shnn,10,4,14,0.71
Shns,5,4,9,0.56
ShsB,2,2,4,0.5
ShsD,0,1,1,0.0
ShsH,0,8,8,0.0
ShsK,1,0,1,1.0
ShsL,1,1,2,0.5
ShsM,0,2,2,0.0
ShsN,6,2,8,0.75
ShsP,7,10,17,0.41
ShsS,3,5,8,0.38
Shsb,9,2,11,0.82
Shsh,1,1,2,0.5
Shsl,0,0,0,
Shsm,2,6,8,0.25
Shsn,5,2,7,0.71
Shss,2,4,6,0.33
ShtB,0,1,1,0.0
ShtH,2,0,2,1.0
ShtK,1,0,1,1.0
ShtL,1,0,1,1.0
ShtM,0,1,1,0.0
ShtN,1,1,2,0.5
ShtP,0,1,1,0.0
ShtS,2,1,3,0.67
Shtb,0,1,1,0.0
Shtl,1,0,1,1.0
Shtm,1,0,1,1.0
Shtn,0,2,2,0.0
Shts,0,1,1,0.0
Shtt,1,0,1,1.0
SlBB,3,7,10,0.3
SlBL,2,0,2,1.0
SlBM,2,5,7,0.29
SlBN,6,1,7,0.86
SlBP,2,5,7,0.29
SlBS,0,1,1,0.0
SlBb,0,1,1,0.0
SlBh,1,0,1,1.0
SlBj,1,0,1,1.0
SlBm,3,2,5,0.6
SlBn,4,3,7,0.57
SlBs,4,4,8,0.5
SlDM,2,0,2,1.0
SlDS,1,1,2,0.5
SlHB,1,2,3,0.33
SlHH,0,1,1,0.0
SlHL,2,2,4,0.5
SlHM,4,5,9,0.44
SlHN,7,0,7,1.0
SlHP,2,5,7,0.29
SlHS,1,3,4,0.25
SlHb,3,0,3,1.0
SlHh,0,1,1,0.0
SlHl,1,2,3,0.33
SlHm,2,6,8,0.25
SlHn,2,3,5,0.4
SlHs,3,5,8,0.38
SlHt,1,0,1,1.0
SlIn,1,0,1,1.0
SlJB,1,1,2,0.5
SlJM,1,1,2,0.5
SlJN,4,3,7,0.57
SlJP,1,2,3,0.33
SlJS,2,1,3,0.67
SlJb,2,2,4,0.5
SlJl,0,1,1,0.0
SlJm,0,1,1,0.0
SlJn,0,0,0,
SlJs,1,1,2,0.5
SlKB,0,1,1,0.0
SlKM,0,0,0,
SlKh,0,1,1,0.0
SlKn,0,1,1,0.0
SlLB,1,1,2,0.5
SlLL,0,0,0,
SlLM,1,0,1,1.0
SlLN,1,1,2,0.5
SlLP,1,1,2,0.5
SlLS,1,1,2,0.5
SlLb,2,4,6,0.33
SlLh,0,0,0,
SlLj,0,2,2,0.0
SlLl,0,1,1,0.0
SlLm,2,2,4,0.5
SlLn,4,2,6,0.67
SlLt,0,1,1,0.0
SlMB,4,2,6,0.67
SlML,2,0,2,1.0
SlMM,3,4,7,0.43
SlMN,2,5,7,0.29
SlMP,5,4,9,0.56
SlMS,2,5,7,0.29
SlMb,4,4,8,0.5
SlMh,1,4,5,0.2
SlMj,2,4,6,0.33
SlMl,2,2,4,0.5
SlMm,7,3,10,0.7
SlMn,8,9,17,0.47
SlMs,2,2,4,0.5
SlMt,1,0,1,1.0
SlNB,1,6,7,0.14
SlND,0,0,0,
SlNH,1,0,1,1.0
SlNL,4,1,5,0.8
SlNM,1,8,9,0.11
SlNN,9,5,14,0.64
SlNP,1,2,3,0.33
SlNS,4,3,7,0.57
SlNb,2,3,5,0.4
SlNh,2,3,5,0.4
SlNl,3,6,9,0.33
SlNm,5,2,7,0.71
SlNn,9,6,15,0.6
SlNs,4,0,4,1.0
SlNt,1,2,3,0.33
SlPB,4,0,4,1.0
SlPD,1,1,2,0.5
SlPH,3,0,3,1.0
SlPI,0,2,2,0.0
SlPL,4,2,6,0.67
SlPM,7,5,12,0.58
SlPN,9,7,16,0.56
SlPP,14,6,20,0.7
SlPS,4,3,7,0.57
SlPb,5,3,8,0.62
SlPh,0,1,1,0.0
SlPl,2,5,7,0.29
SlPm,5,3,8,0.62
SlPn,3,8,11,0.27
SlPs,11,7,18,0.61
SlPt,4,2,6,0.67
SlSB,1,0,1,1.0
SlSD,0,1,1,0.0
SlSH,0,0,0,
SlSK,1,0,1,1.0
SlSL,3,3,6,0.5
SlSM,6,2,8,0.75
SlSN,4,2,6,0.67
SlSP,7,4,11,0.64
SlSS,5,4,9,0.56
SlSb,3,6,9,0.33
SlSh,4,0,4,1.0
SlSl,2,1,3,0.67
SlSm,2,1,3,0.67
SlSn,7,3,10,0.7
SlSs,4,7,11,0.36
SlSt,0,3,3,0.0
SlbB,4,2,6,0.67
SlbH,0,1,1,0.0
SlbJ,0,1,1,0.0
SlbL,0,2,2,0.0
SlbM,3,3,6,0.5
SlbN,8,3,11,0.73
SlbP,6,6,12,0.5
SlbS,3,2,5,0.6
Slbb,3,4,7,0.43
Slbl,1,4,5,0.2
Slbm,4,5,9,0.44
Slbn,6,5,11,0.55
Slbs,3,3,6,0.5
SlhP,1,0,1,1.0
SllB,3,2,5,0.6
SllD,2,0,2,1.0
SllH,1,1,2,0.5
SllI,2,0,2,1.0
SllJ,1,0,1,1.0
SllL,2,0,2,1.0
SllM,2,2,4,0.5
SllN,0,2,2,0.0
SllP,6,2,8,0.75
SllS,4,1,5,0.8
Sllb,3,1,4,0.75
Slll,3,1,4,0.75
Sllm,1,0,1,1.0
Slln,2,3,5,0.4
Slls,1,1,2,0.5
SlmB,6,5,11,0.55
SlmD,0,1,1,0.0
SlmH,2,4,6,0.33
SlmJ,4,3,7,0.57
SlmL,0,3,3,0.0
SlmM,4,5,9,0.44
SlmN,6,0,6,1.0
SlmP,4,3,7,0.57
SlmS,1,4,5,0.2
Slmb,7,1,8,0.88
Slml,3,0,3,1.0
Slmm,3,4,7,0.43
Slmn,3,2,5,0.6
Slms,2,0,2,1.0
SlnB,1,4,5,0.2
SlnH,3,0,3,1.0
SlnK,0,1,1,0.0
SlnL,0,0,0,
SlnM,1,7,8,0.12
SlnN,6,5,11,0.55
SlnP,8,6,14,0.57
SlnS,1,3,4,0.25
Slnb,10,2,12,0.83
Slnl,0,4,4,0.0
Slnm,3,1,4,0.75
Slnn,4,3,7,0.57
Slns,1,4,5,0.2
SlsB,2,1,3,0.67
SlsD,0,2,2,0.0
SlsH,3,5,8,0.38
SlsI,0,1,1,0.0
SlsL,2,0,2,1.0
SlsM,2,1,3,0.67
SlsN,2,1,3,0.67
SlsP,5,2,7,0.71
SlsS,3,1,4,0.75
Slsb,3,1,4,0.75
Slsl,2,2,4,0.5
Slsm,1,3,4,0.25
Slsn,4,3,7,0.57
Slss,3,1,4,0.75
SmBB,1,3,4,0.25
SmBK,1,0,1,1.0
SmBL,2,1,3,0.67
SmBM,4,6,10,0.4
SmBN,5,9,14,0.36
SmBP,9,6,15,0.6
SmBS,3,5,8,0.38
SmBb,6,1,7,0.86
SmBh,0,2,2,0.0
SmBj,1,1,2,0.5
SmBl,2,1,3,0.67
SmBm,5,2,7,0.71
SmBn,8,5,13,0.62
SmBs,2,4,6,0.33
SmDH,1,0,1,1.0
SmDL,0,0,0,
SmDM,0,1,1,0.0
SmDN,1,1,2,0.5
SmDP,0,0,0,
SmDb,2,0,2,1.0
SmDl,0,1,1,0.0
SmDm,1,1,2,0.5
SmDn,0,2,2,0.0
SmDs,1,0,1,1.0
SmHB,6,3,9,0.67
SmHD,0,1,1,0.0
SmHL,3,3,6,0.5
SmHM,11,4,15,0.73
SmHN,3,8,11,0.27
SmHP,11,8,19,0.58
SmHS,3,2,5,0.6
SmHb,7,7,14,0.5
SmHh,6,5,11,0.55
SmHl,5,3,8,0.62
SmHm,4,4,8,0.5
SmHn,7,8,15,0.47
SmHs,7,4,11,0.64
SmIB,0,1,1,0.0
SmIH,1,0,1,1.0
SmIK,1,0,1,1.0
SmIM,2,0,2,1.0
SmIN,0,2,2,0.0
SmIP,0,1,1,0.0
SmIb,0,1,1,0.0
SmIm,0,1,1,0.0
SmIn,1,1,2,0.5
SmIs,0,1,1,0.0
SmJH,1,0,1,1.0
SmJL,0,2,2,0.0
SmJM,4,3,7,0.57
SmJN,5,1,6,0.83
SmJP,4,2,6,0.67
SmJb,0,1,1,0.0
SmJl,1,1,2,0.5
SmJm,2,0,2,1.0
SmJn,0,1,1,0.0
SmJs,1,0,1,1.0
SmJt,1,0,1,1.0
SmLB,0,2,2,0.0
SmLH,1,0,1,1.0
SmLL,2,1,3,0.67
SmLM,2,2,4,0.5
SmLN,1,3,4,0.25
SmLP,2,1,3,0.67
SmLS,2,1,3,0.67
SmLb,1,3,4,0.25
SmLh,1,2,3,0.33
SmLj,0,1,1,0.0
SmLl,3,0,3,1.0
SmLm,3,0,3,1.0
SmLn,5,3,8,0.62
SmLs,0,6,6,0.0
SmLt,1,0,1,1.0
SmMB,4,7,11,0.36
SmMM,8,8,16,0.5
SmMN,4,10,14,0.29
SmMP,9,9,18,0.5
SmMS,5,3,8,0.62
SmMb,3,3,6,0.5
SmMh,9,4,13,0.69
SmMj,4,1,5,0.8
SmMl,3,3,6,0.5
SmMm,6,5,11,0.55
SmMn,12,11,23,0.52
SmMs,6,5,11,0.55
SmMt,1,1,2,0.5
SmNB,9,5,14,0.64
SmND,3,0,3,1.0
SmNH,0,4,4,0.0
SmNK,0,1,1,0.0
SmNL,2,1,3,0.67
SmNM,12,7,19,0.63
SmNN,13,9,22,0.59
SmNP,13,16,29,0.45
SmNS,3,5,8,0.38
SmNb,12,8,20,0.6
SmNh,2,1,3,0.67
SmNl,5,3,8,0.62
SmNm,6,8,14,0.43
SmNn,4,7,11,0.36
SmNs,3,4,7,0.43
SmNt,3,2,5,0.6
SmPB,5,6,11,0.45
SmPH,5,3,8,0.62
SmPI,1,1,2,0.5
SmPK,1,0,1,1.0
SmPL,6,3,9,0.67
SmPM,6,12,18,0.33
SmPN,18,10,28,0.64
SmPP,14,11,25,0.56
SmPS,8,8,16,0.5
SmPb,11,9,20,0.55
SmPh,1,0,1,1.0
SmPl,6,5,11,0.55
SmPm,6,7,13,0.46
SmPn,11,9,20,0.55
SmPs,9,3,12,0.75
SmPt,1,1,2,0.5
SmSB,3,4,7,0.43
SmSD,0,0,0,
SmSH,2,2,4,0.5
SmSL,1,0,1,1.0
SmSM,3,5,8,0.38
SmSN,8,6,14,0.57
SmSP,11,13,24,0.46
SmSS,4,10,14,0.29
SmSb,4,6,10,0.4
SmSh,3,4,7,0.43
SmSl,1,2,3,0.33
SmSm,4,5,9,0.44
SmSn,9,6,15,0.6
SmSs,4,6,10,0.4
SmSt,3,0,3,1.0
SmbB,7,5,12,0.58
SmbH,1,4,5,0.2
SmbI,2,3,5,0.4
SmbJ,2,2,4,0.5
SmbK,0,1,1,0.0
SmbL,0,4,4,0.0
SmbM,8,5,13,0.62
SmbN,12,12,24,0.5
SmbP,11,13,24,0.46
SmbS,4,5,9,0.44
Smbb,10,10,20,0.5
Smbl,2,4,6,0.33
Smbm,6,9,15,0.4
Smbn,14,9,23,0.61
Smbs,3,7,10,0.3
SmlB,2,3,5,0.4
SmlH,1,3,4,0.25
SmlJ,0,1,1,0.0
SmlL,0,2,2,0.0
SmlM,4,2,6,0.67
SmlN,3,6,9,0.33
SmlP,5,4,9,0.56
SmlS,1,2,3,0.33
Smlb,3,5,8,0.38
Smll,4,2,6,0.67
Smlm,1,1,2,0.5
Smln,4,3,7,0.57
Smls,3,0,3,1.0
SmmB,5,2,7,0.71
SmmD,1,0,1,1.0
SmmH,3,4,7,0.43
SmmJ,3,0,3,1.0
SmmL,2,1,3,0.67
SmmM,4,3,7,0.57
SmmN,9,8,17,0.53
SmmP,4,2,6,0.67
SmmS,3,4,7,0.43
Smmb,5,6,11,0.45
Smml,1,0,1,1.0
Smmm,3,1,4,0.75
Smmn,2,7,9,0.22
Smms,2,2,4,0.5
SmnB,8,4,12,0.67
SmnH,3,5,8,0.38
SmnI,0,3,3,0.0
SmnK,1,0,1,1.0
SmnL,2,2,4,0.5
SmnM,6,12,18,0.33
SmnN,4,17,21,0.19
SmnP,11,10,21,0.52
SmnS,8,3,11,0.73
Smnb,8,3,11,0.73
Smnl,1,1,2,0.5
Smnm,5,7,12,0.42
Smnn,11,8,19,0.58
Smns,4,7,11,0.36
SmsB,4,2,6,0.67
SmsD,1,0,1,1.0
SmsH,7,3,10,0.7
SmsI,1,0,1,1.0
SmsL,1,0,1,1.0
SmsM,7,3,10,0.7
SmsN,5,6,11,0.45
SmsP,8,3,11,0.73
SmsS,6,8,14,0.43
Smsb,6,1,7,0.86
Smsl,1,0,1,1.0
Smsm,3,1,4,0.75
Smsn,3,3,6,0.5
Smss,4,1,5,0.8
SnBB,9,1,10,0.9
SnBD,0,0,0,
SnBL,4,2,6,0.67
SnBM,4,5,9,0.44
SnBN,7,9,16,0.44
SnBP,5,16,21,0.24
SnBS,6,5,11,0.55
SnBb,7,3,10,0.7
SnBh,1,1,2,0.5
SnBj,1,1,2,0.5
SnBl,2,4,6,0.33
SnBm,4,5,9,0.44
SnBn,11,11,22,0.5
SnBs,2,3,5,0.4
SnBt,0,2,2,0.0
SnDH,1,1,2,0.5
SnDL,0,1,1,0.0
SnDM,2,1,3,0.67
SnDN,0,1,1,0.0
SnDP,1,1,2,0.5
SnDS,0,1,1,0.0
SnDb,0,2,2,0.0
SnDm,1,0,1,1.0
SnDn,4,1,5,0.8
SnDs,1,2,3,0.33
SnDt,1,1,2,0.5
SnHB,7,2,9,0.78
SnHH,2,3,5,0.4
SnHK,1,0,1,1.0
SnHL,2,4,6,0.33
SnHM,5,6,11,0.45
SnHN,11,7,18,0.61
SnHP,11,11,22,0.5
SnHS,2,5,7,0.29
SnHb,5,8,13,0.38
SnHh,3,2,5,0.6
SnHl,2,3,5,0.4
SnHm,3,4,7,0.43
SnHn,9,6,15,0.6
SnHs,7,5,12,0.58
SnHt,1,1,2,0.5
SnIB,0,2,2,0.0
SnIH,1,2,3,0.33
SnIL,0,2,2,0.0
SnIM,0,1,1,0.0
SnIN,1,2,3,0.33
SnIP,1,0,1,1.0
SnIS,2,2,4,0.5
SnIb,1,3,4,0.25
SnIl,2,1,3,0.67
SnIm,2,1,3,0.67
SnIn,1,0,1,1.0
SnIs,1,0,1,1.0
SnKB,0,1,1,0.0
SnKL,1,0,1,1.0
SnKM,1,1,2,0.5
SnKN,1,0,1,1.0
SnKS,1,0,1,1.0
SnKb,0,0,0,
SnKh,0,3,3,0.0
SnKl,2,1,3,0.67
SnKm,1,0,1,1.0
SnKn,1,1,2,0.5
SnLB,2,3,5,0.4
SnLL,1,1,2,0.5
SnLM,4,2,6,0.67
SnLN,7,1,8,0.88
SnLP,8,2,10,0.8
SnLS,0,5,5,0.0
SnLb,2,3,5,0.4
SnLh,0,1,1,0.0
SnLl,0,4,4,0.0
SnLm,6,2,8,0.75
SnLn,11,3,14,0.79
SnLs,2,0,2,1.0
SnMB,7,3,10,0.7
SnML,2,3,5,0.4
SnMM,11,8,19,0.58
SnMN,9,7,16,0.56
SnMP,14,8,22,0.64
SnMS,8,6,14,0.57
SnMb,7,15,22,0.32
SnMh,8,11,19,0.42
SnMj,3,4,7,0.43
SnMl,4,7,11,0.36
SnMm,7,8,15,0.47
SnMn,12,18,30,0.4
SnMs,6,7,13,0.46
SnMt,1,4,5,0.2
SnNB,13,13,26,0.5
SnND,2,2,4,0.5
SnNH,5,2,7,0.71
SnNK,3,0,3,1.0
SnNL,4,7,11,0.36
SnNM,9,23,32,0.28
SnNN,16,12,28,0.57
SnNP,17,27,44,0.39
SnNS,7,9,16,0.44
SnNb,13,14,27,0.48
SnNh,6,5,11,0.55
SnNl,8,6,14,0.57
SnNm,18,9,27,0.67
SnNn,28,25,53,0.53
SnNs,8,6,14,0.57
SnNt,3,5,8,0.38
SnPB,11,11,22,0.5
SnPD,1,2,3,0.33
SnPH,2,10,12,0.17
SnPI,4,1,5,0.8
SnPK,2,3,5,0.4
SnPL,10,10,20,0.5
SnPM,14,18,32,0.44
SnPN,17,24,41,0.41
SnPP,32,33,65,0.49
SnPS,10,16,26,0.38
SnPb,14,15,29,0.48
SnPh,0,3,3,0.0
SnPl,6,5,11,0.55
SnPm,14,16,30,0.47
SnPn,23,16,39,0.59
SnPs,13,10,23,0.57
SnPt,2,1,3,0.67
SnSB,4,7,11,0.36
SnSD,2,0,2,1.0
SnSH,4,2,6,0.67
SnSK,1,0,1,1.0
SnSL,2,5,7,0.29
SnSM,7,12,19,0.37
SnSN,9,14,23,0.39
SnSP,6,17,23,0.26
SnSS,4,9,13,0.31
SnSb,15,4,19,0.79
SnSh,4,4,8,0.5
SnSl,5,5,10,0.5
SnSm,3,6,9,0.33
SnSn,4,18,22,0.18
SnSs,12,5,17,0.71
SnSt,0,0,0,
SnbB,3,7,10,0.3
SnbD,0,2,2,0.0
SnbH,2,7,9,0.22
SnbI,2,1,3,0.67
SnbJ,2,0,2,1.0
SnbK,0,1,1,0.0
SnbL,7,3,10,0.7
SnbM,12,12,24,0.5
SnbN,16,17,33,0.48
SnbP,14,20,34,0.41
SnbS,14,7,21,0.67
Snbb,13,14,27,0.48
Snbl,5,4,9,0.56
Snbm,7,6,13,0.54
Snbn,16,6,22,0.73
Snbs,5,5,10,0.5
SnhB,1,0,1,1.0
SnhM,0,1,1,0.0
SnhP,1,1,2,0.5
Snhb,1,0,1,1.0
Snhm,0,1,1,0.0
Snhn,1,0,1,1.0
SnlB,2,0,2,1.0
SnlD,1,0,1,1.0
SnlH,1,6,7,0.14
SnlJ,3,0,3,1.0
SnlL,1,0,1,1.0
SnlM,3,5,8,0.38
SnlN,6,4,10,0.6
SnlP,6,8,14,0.43
SnlS,1,2,3,0.33
Snlb,3,5,8,0.38
Snll,1,4,5,0.2
Snlm,1,5,6,0.17
Snln,2,5,7,0.29
Snls,2,2,4,0.5
SnmB,6,6,12,0.5
SnmD,1,0,1,1.0
SnmH,8,8,16,0.5
SnmJ,1,1,2,0.5
SnmL,4,2,6,0.67
SnmM,8,14,22,0.36
SnmN,11,11,22,0.5
SnmP,11,9,20,0.55
SnmS,6,9,15,0.4
Snmb,9,12,21,0.43
Snml,7,5,12,0.58
Snmm,8,9,17,0.47
Snmn,11,13,24,0.46
Snms,3,1,4,0.75
SnnB,4,4,8,0.5
SnnD,2,1,3,0.67
SnnH,7,4,11,0.64
SnnI,3,2,5,0.6
SnnK,1,0,1,1.0
SnnL,1,2,3,0.33
SnnM,11,18,29,0.38
SnnN,17,20,37,0.46
SnnP,27,15,42,0.64
SnnS,10,8,18,0.56
Snnb,15,9,24,0.62
Snnl,6,7,13,0.46
Snnm,10,9,19,0.53
Snnn,17,14,31,0.55
Snns,10,7,17,0.59
SnsB,4,5,9,0.44
SnsH,9,2,11,0.82
SnsI,2,1,3,0.67
SnsK,0,0,0,
SnsL,2,3,5,0.4
SnsM,9,7,16,0.56
SnsN,7,11,18,0.39
SnsP,9,9,18,0.5
SnsS,8,6,14,0.57
Snsb,6,7,13,0.46
Snsl,2,4,6,0.33
Snsm,12,7,19,0.63
Snsn,9,6,15,0.6
Snss,5,9,14,0.36
Sntm,1,0,1,1.0
SsBB,4,4,8,0.5
SsBH,0,1,1,0.0
SsBK,1,0,1,1.0
SsBL,2,0,2,1.0
SsBM,3,3,6,0.5
SsBN,3,3,6,0.5
SsBP,4,1,5,0.8
SsBS,3,7,10,0.3
SsBb,3,6,9,0.33
SsBj,1,2,3,0.33
SsBl,2,2,4,0.5
SsBm,2,2,4,0.5
SsBn,2,5,7,0.29
SsBs,3,1,4,0.75
SsBt,1,0,1,1.0
SsDB,1,0,1,1.0
SsDH,1,1,2,0.5
SsDL,1,0,1,1.0
SsDM,1,2,3,0.33
SsDN,3,0,3,1.0
SsDP,1,2,3,0.33
SsDb,1,2,3,0.33
SsDm,0,1,1,0.0
SsDn,1,1,2,0.5
SsDs,0,2,2,0.0
SsDt,0,0,0,
SsHB,3,8,11,0.27
SsHD,0,1,1,0.0
SsHH,0,4,4,0.0
SsHI,1,1,2,0.5
SsHK,1,2,3,0.33
SsHL,2,2,4,0.5
SsHM,10,5,15,0.67
SsHN,9,9,18,0.5
SsHP,12,8,20,0.6
SsHS,3,7,10,0.3
SsHb,6,6,12,0.5
SsHh,1,1,2,0.5
SsHl,7,4,11,0.64
SsHm,4,7,11,0.36
SsHn,9,11,20,0.45
SsHs,9,5,14,0.64
SsIB,1,1,2,0.5
SsIH,3,0,3,1.0
SsIM,2,3,5,0.4
SsIN,0,1,1,0.0
SsIP,3,2,5,0.6
SsIS,0,1,1,0.0
SsIl,1,1,2,0.5
SsIs,0,2,2,0.0
SsKB,0,1,1,0.0
SsKL,1,0,1,1.0
SsKN,0,1,1,0.0
SsKP,0,1,1,0.0
SsKb,2,0,2,1.0
SsKl,1,0,1,1.0
SsKm,1,0,1,1.0
SsKn,1,0,1,1.0
SsKs,1,0,1,1.0
SsLB,0,2,2,0.0
SsLL,2,1,3,0.67
SsLM,4,3,7,0.57
SsLN,2,3,5,0.4
SsLP,4,3,7,0.57
SsLS,0,1,1,0.0
SsLb,4,2,6,0.67
SsLh,1,0,1,1.0
SsLj,0,1,1,0.0
SsLl,1,1,2,0.5
SsLm,0,2,2,0.0
SsLn,1,2,3,0.33
SsLs,2,4,6,0.33
SsLt,1,0,1,1.0
SsMB,3,4,7,0.43
SsML,3,7,10,0.3
SsMM,7,4,11,0.64
SsMN,8,6,14,0.57
SsMP,9,5,14,0.64
SsMS,8,5,13,0.62
SsMb,6,7,13,0.46
SsMh,8,3,11,0.73
SsMj,0,4,4,0.0
SsMl,4,4,8,0.5
SsMm,4,5,9,0.44
SsMn,5,17,22,0.23
SsMs,9,5,14,0.64
SsMt,0,5,5,0.0
SsNB,6,3,9,0.67
SsND,0,1,1,0.0
SsNH,1,0,1,1.0
SsNK,1,2,3,0.33
SsNL,1,5,6,0.17
SsNM,10,8,18,0.56
SsNN,9,7,16,0.56
SsNP,11,12,23,0.48
SsNS,7,5,12,0.58
SsNb,4,7,11,0.36
SsNh,3,1,4,0.75
SsNl,1,4,5,0.2
SsNm,7,5,12,0.58
SsNn,16,17,33,0.48
SsNs,4,8,12,0.33
SsNt,1,4,5,0.2
SsPB,6,6,12,0.5
SsPD,1,1,2,0.5
SsPH,4,2,6,0.67
SsPI,1,0,1,1.0
SsPK,2,3,5,0.4
SsPL,1,1,2,0.5
SsPM,9,11,20,0.45
SsPN,5,11,16,0.31
SsPP,11,14,25,0.44
SsPS,12,5,17,0.71
SsPb,14,10,24,0.58
SsPh,0,2,2,0.0
SsPl,5,6,11,0.45
SsPm,7,5,12,0.58
SsPn,8,15,23,0.35
SsPs,5,8,13,0.38
SsPt,0,1,1,0.0
SsSB,5,7,12,0.42
SsSD,1,0,1,1.0
SsSH,2,3,5,0.4
SsSI,1,0,1,1.0
SsSL,3,4,7,0.43
SsSM,12,8,20,0.6
SsSN,10,9,19,0.53
SsSP,6,7,13,0.46
SsSS,15,14,29,0.52
SsSb,1,7,8,0.12
SsSh,5,8,13,0.38
SsSl,8,6,14,0.57
SsSm,9,9,18,0.5
SsSn,12,16,28,0.43
SsSs,12,7,19,0.63
SsSt,1,4,5,0.2
SsbB,4,5,9,0.44
SsbD,1,0,1,1.0
SsbH,2,0,2,1.0
SsbJ,2,1,3,0.67
SsbK,4,1,5,0.8
SsbL,3,4,7,0.43
SsbM,4,5,9,0.44
SsbN,7,7,14,0.5
SsbP,8,5,13,0.62
SsbS,5,5,10,0.5
Ssbb,9,5,14,0.64
Ssbh,0,1,1,0.0
Ssbl,4,6,10,0.4
Ssbm,8,4,12,0.67
Ssbn,11,12,23,0.48
Ssbs,2,1,3,0.67
SshN,1,0,1,1.0
Sshm,1,0,1,1.0
Sshn,0,1,1,0.0
SslB,3,4,7,0.43
SslD,0,1,1,0.0
SslH,5,2,7,0.71
SslL,3,0,3,1.0
SslM,3,2,5,0.6
SslN,2,3,5,0.4
SslP,4,4,8,0.5
SslS,5,3,8,0.62
Sslb,6,2,8,0.75
Ssll,2,0,2,1.0
Sslm,1,3,4,0.25
Ssln,4,0,4,1.0
Ssls,2,5,7,0.29
SsmB,4,6,10,0.4
SsmD,1,0,1,1.0
SsmH,9,3,12,0.75
SsmJ,0,1,1,0.0
SsmL,3,3,6,0.5
SsmM,7,5,12,0.58
SsmN,4,5,9,0.44
SsmP,9,10,19,0.47
SsmS,0,5,5,0.0
Ssmb,6,6,12,0.5
Ssml,1,2,3,0.33
Ssmm,8,7,15,0.53
Ssmn,6,5,11,0.55
Ssms,1,2,3,0.33
SsnB,3,2,5,0.6
SsnD,1,0,1,1.0
SsnH,4,6,10,0.4
SsnI,0,0,0,
SsnK,0,4,4,0.0
SsnL,2,3,5,0.4
SsnM,9,6,15,0.6
SsnN,11,11,22,0.5
SsnP,10,5,15,0.67
SsnS,2,8,10,0.2
Ssnb,8,6,14,0.57
Ssnl,4,3,7,0.57
Ssnm,4,4,8,0.5
Ssnn,7,5,12,0.58
Ssns,8,6,14,0.57
SssB,2,3,5,0.4
SssD,0,2,2,0.0
SssH,4,13,17,0.24
SssK,1,1,2,0.5
SssL,4,1,5,0.8
SssM,2,7,9,0.22
SssN,4,8,12,0.33
SssP,11,7,18,0.61
SssS,8,9,17,0.47
Sssb,5,3,8,0.62
Sssl,1,2,3,0.33
Sssm,1,10,11,0.09
Sssn,7,12,19,0.37
Ssss,5,12,17,0.29
SstM,0,3,3,0.0
SstP,2,0,2,1.0
Ssts,0,0,0,
StBB,0,1,1,0.0
StBL,1,1,2,0.5
StBM,2,1,3,0.67
StBN,1,0,1,1.0
StBP,2,1,3,0.67
StBb,0,1,1,0.0
StBh,1,1,2,0.5
StBl,0,0,0,
StBm,0,1,1,0.0
StBn,1,3,4,0.25
StBs,0,1,1,0.0
StBt,1,0,1,1.0
StDH,0,0,0,
StDm,1,1,2,0.5
StHB,1,0,1,1.0
StHD,0,1,1,0.0
StHH,0,0,0,
StHL,0,1,1,0.0
StHM,0,3,3,0.0
StHN,0,0,0,
StHP,2,2,4,0.5
StHS,1,2,3,0.33
StHb,1,3,4,0.25
StHh,1,0,1,1.0
StHl,3,1,4,0.75
StHm,0,2,2,0.0
StHn,2,2,4,0.5
StHs,1,0,1,1.0
StKL,1,0,1,1.0
StLB,1,0,1,1.0
StLL,0,0,0,
StLS,0,0,0,
StLb,0,1,1,0.0
StLh,0,1,1,0.0
StLj,1,0,1,1.0
StLn,1,3,4,0.25
StLs,1,0,1,1.0
StMB,1,0,1,1.0
StML,2,0,2,1.0
StMN,1,0,1,1.0
StMP,2,2,4,0.5
StMS,1,1,2,0.5
StMb,1,1,2,0.5
StMh,0,2,2,0.0
StMl,3,2,5,0.6
StMm,2,3,5,0.4
StMn,3,2,5,0.6
StMs,1,0,1,1.0
StNH,1,0,1,1.0
StNM,2,1,3,0.67
StNN,0,1,1,0.0
StNP,0,0,0,
StNS,2,1,3,0.67
StNb,3,3,6,0.5
StNh,0,0,0,
StNl,0,1,1,0.0
StNn,2,4,6,0.33
StNs,1,1,2,0.5
StPB,3,2,5,0.6
StPD,1,0,1,1.0
StPH,2,1,3,0.67
StPK,1,0,1,1.0
StPL,1,0,1,1.0
StPM,2,5,7,0.29
StPN,4,2,6,0.67
StPP,4,7,11,0.36
StPS,1,1,2,0.5
StPb,4,2,6,0.67
StPh,0,1,1,0.0
StPl,0,0,0,
StPm,4,4,8,0.5
StPn,0,3,3,0.0
StPs,2,4,6,0.33
StSB,0,1,1,0.0
StSD,1,0,1,1.0
StSL,0,0,0,
StSM,2,2,4,0.5
StSN,2,2,4,0.5
StSP,3,0,3,1.0
StSS,2,2,4,0.5
StSb,4,1,5,0.8
StSm,2,2,4,0.5
StSn,4,2,6,0.67
StSs,2,1,3,0.67
StSt,0,1,1,0.0
StbB,0,0,0,
StbJ,0,1,1,0.0
StbK,1,0,1,1.0
StbM,1,2,3,0.33
StbN,3,1,4,0.75
StbP,3,4,7,0.43
StbS,1,0,1,1.0
Stbb,0,1,1,0.0
Stbl,0,2,2,0.0
Stbm,3,0,3,1.0
Stbn,4,2,6,0.67
Stbs,2,2,4,0.5
StlB,2,0,2,1.0
StlL,1,1,2,0.5
StlM,0,1,1,0.0
StlN,1,2,3,0.33
StlP,2,1,3,0.67
Stlb,2,2,4,0.5
Stll,1,0,1,1.0
Stlm,1,0,1,1.0
Stln,1,1,2,0.5
Stls,0,0,0,
StmB,2,1,3,0.67
StmH,2,0,2,1.0
StmM,2,2,4,0.5
StmN,2,0,2,1.0
StmP,4,1,5,0.8
StmS,0,2,2,0.0
Stmb,1,3,4,0.25
Stml,0,0,0,
Stmm,3,2,5,0.6
Stmn,0,2,2,0.0
Stms,0,2,2,0.0
StnB,1,1,2,0.5
StnD,1,0,1,1.0
StnH,0,1,1,0.0
StnL,1,0,1,1.0
StnM,4,3,7,0.57
StnN,1,5,6,0.17
StnP,3,2,5,0.6
StnS,1,1,2,0.5
Stnb,0,1,1,0.0
Stnl,1,1,2,0.5
Stnm,0,2,2,0.0
Stnn,2,3,5,0.4
Stns,1,2,3,0.33
StsB,1,0,1,1.0
StsH,3,2,5,0.6
StsI,0,0,0,
StsM,3,1,4,0.75
StsN,3,0,3,1.0
StsP,2,2,4,0.5
StsS,2,1,3,0.67
Stsb,0,2,2,0.0
Stsl,4,1,5,0.8
Stsm,0,1,1,0.0
Stsn,0,1,1,0.0
Stss,3,1,4,0.75
SttL,0,1,1,0.0
SttM,1,0,1,1.0
SttN,1,0,1,1.0
SttS,1,0,1,1.0
Sttb,0,1,1,0.0
Sttl,1,1,2,0.5
Sttn,1,2,3,0.33
bBBB,10,6,16,0.62
bBBD,0,2,2,0.0
bBBK,0,2,2,0.0
bBBL,4,3,7,0.57
bBBM,7,6,13,0.54
bBBN,12,16,28,0.43
bBBP,7,16,23,0.3
bBBS,6,5,11,0.55
bBBb,11,17,28,0.39
bBBh,1,2,3,0.33
bBBj,2,1,3,0.67
bBBl,5,1,6,0.83
bBBm,5,1,6,0.83
bBBn,10,15,25,0.4
bBBs,6,2,8,0.75
bBBt,1,3,4,0.25
bBDH,0,1,1,0.0
bBDM,0,1,1,0.0
bBDN,1,0,1,1.0
bBDP,1,0,1,1.0
bBDS,1,0,1,1.0
bBDm,3,1,4,0.75
bBDn,0,1,1,0.0
bBDs,1,0,1,1.0
bBDt,0,0,0,
bBHl,0,1,1,0.0
bBHm,0,0,0,
bBKP,1,2,3,0.33
bBKS,0,0,0,
bBKb,0,3,3,0.0
bBKm,0,0,0,
bBKn,2,0,2,1.0
bBKs,0,2,2,0.0
bBLB,5,4,9,0.56
bBLK,0,1,1,0.0
bBLL,2,0,2,1.0
bBLM,1,1,2,0.5
bBLN,3,2,5,0.6
bBLP,2,4,6,0.33
bBLS,8,5,13,0.62
bBLb,3,0,3,1.0
bBLh,3,0,3,1.0
bBLj,0,2,2,0.0
bBLl,1,4,5,0.2
bBLm,2,1,3,0.67
bBLn,4,3,7,0.57
bBLs,2,3,5,0.4
bBLt,0,1,1,0.0
bBMB,11,10,21,0.52
bBMD,0,1,1,0.0
bBML,0,2,2,0.0
bBMM,9,7,16,0.56
bBMN,10,11,21,0.48
bBMP,17,9,26,0.65
bBMS,4,6,10,0.4
bBMb,15,15,30,0.5
bBMh,3,5,8,0.38
bBMj,1,2,3,0.33
bBMl,1,6,7,0.14
bBMm,10,9,19,0.53
bBMn,13,10,23,0.57
bBMs,6,5,11,0.55
bBMt,3,1,4,0.75
bBNB,7,9,16,0.44
bBND,1,0,1,1.0
bBNH,1,0,1,1.0
bBNL,0,1,1,0.0
bBNM,8,12,20,0.4
bBNN,8,16,24,0.33
bBNP,15,18,33,0.45
bBNS,9,5,14,0.64
bBNb,10,12,22,0.45
bBNh,1,3,4,0.25
bBNl,1,3,4,0.25
bBNm,12,5,17,0.71
bBNn,26,15,41,0.63
bBNs,2,7,9,0.22
bBNt,3,2,5,0.6
bBPB,10,10,20,0.5
bBPD,0,1,1,0.0
bBPH,7,2,9,0.78
bBPI,0,1,1,0.0
bBPK,4,2,6,0.67
bBPL,3,8,11,0.27
bBPM,10,10,20,0.5
bBPN,13,19,32,0.41
bBPP,15,24,39,0.38
bBPS,9,10,19,0.47
bBPb,21,11,32,0.66
bBPh,2,2,4,0.5
bBPl,6,7,13,0.46
bBPm,7,10,17,0.41
bBPn,21,10,31,0.68
bBPs,8,10,18,0.44
bBPt,1,1,2,0.5
bBSB,7,1,8,0.88
bBSD,2,0,2,1.0
bBSH,3,2,5,0.6
bBSL,1,3,4,0.25
bBSM,6,2,8,0.75
bBSN,5,4,9,0.56
bBSP,6,9,15,0.4
bBSS,3,5,8,0.38
bBSb,7,6,13,0.54
bBSh,3,5,8,0.38
bBSl,2,5,7,0.29
bBSm,5,8,13,0.38
bBSn,7,10,17,0.41
bBSs,6,3,9,0.67
bBSt,1,1,2,0.5
bBbB,5,6,11,0.45
bBbD,1,1,2,0.5
bBbH,7,5,12,0.58
bBbI,2,2,4,0.5
bBbJ,2,3,5,0.4
bBbK,2,1,3,0.67
bBbL,3,8,11,0.27
bBbM,19,17,36,0.53
bBbN,13,19,32,0.41
bBbP,16,20,36,0.44
bBbS,3,5,8,0.38
bBbb,12,8,20,0.6
bBbl,9,6,15,0.6
bBbm,5,7,12,0.42
bBbn,18,20,38,0.47
bBbs,2,9,11,0.18
bBhB,2,0,2,1.0
bBhH,1,0,1,1.0
bBhK,0,0,0,
bBhM,2,2,4,0.5
bBhN,4,2,6,0.67
bBhP,2,1,3,0.67
bBhS,0,1,1,0.0
bBhb,2,0,2,1.0
bBhh,2,2,4,0.5
bBhl,3,3,6,0.5
bBhm,2,1,3,0.67
bBhn,5,4,9,0.56
bBhs,2,0,2,1.0
bBjB,3,5,8,0.38
bBjH,3,0,3,1.0
bBjK,1,0,1,1.0
bBjL,0,2,2,0.0
bBjM,5,5,10,0.5
bBjN,1,6,7,0.14
bBjP,5,3,8,0.62
bBjS,1,3,4,0.25
bBjb,3,9,12,0.25
bBjh,1,2,3,0.33
bBjl,2,1,3,0.67
bBjm,3,1,4,0.75
bBjn,5,6,11,0.45
bBjs,1,0,1,1.0
bBlB,3,3,6,0.5
bBlH,7,3,10,0.7
bBlI,0,0,0,
bBlJ,0,2,2,0.0
bBlK,0,1,1,0.0
bBlL,1,4,5,0.2
bBlM,6,5,11,0.55
bBlN,4,10,14,0.29
bBlP,6,5,11,0.55
bBlS,3,3,6,0.5
bBlb,6,3,9,0.67
bBll,0,2,2,0.0
bBlm,6,6,12,0.5
bBln,1,3,4,0.25
bBls,0,2,2,0.0
bBmB,11,9,20,0.55
bBmD,2,1,3,0.67
bBmH,6,4,10,0.6
bBmI,0,1,1,0.0
bBmJ,2,2,4,0.5
bBmL,1,1,2,0.5
bBmM,4,7,11,0.36
bBmN,10,14,24,0.42
bBmP,14,18,32,0.44
bBmS,3,5,8,0.38
bBmb,6,12,18,0.33
bBml,2,4,6,0.33
bBmm,7,8,15,0.47
bBmn,8,15,23,0.35
bBms,1,3,4,0.25
bBnB,6,8,14,0.43
bBnD,0,3,3,0.0
bBnH,8,4,12,0.67
bBnI,2,2,4,0.5
bBnK,0,1,1,0.0
bBnL,7,3,10,0.7
bBnM,17,15,32,0.53
bBnN,24,25,49,0.49
bBnP,25,28,53,0.47
bBnS,11,15,26,0.42
bBnb,17,13,30,0.57
bBnh,1,1,2,0.5
bBnl,9,8,17,0.53
bBnm,13,10,23,0.57
bBnn,15,26,41,0.37
bBns,12,6,18,0.67
bBsB,1,3,4,0.25
bBsD,0,1,1,0.0
bBsH,4,5,9,0.44
bBsI,1,0,1,1.0
bBsL,2,0,2,1.0
bBsM,5,6,11,0.45
bBsN,3,6,9,0.33
bBsP,6,9,15,0.4
bBsS,3,2,5,0.6
bBsb,1,7,8,0.12
bBsl,2,2,4,0.5
bBsm,3,2,5,0.6
bBsn,9,4,13,0.69
bBss,2,2,4,0.5
bBtB,0,1,1,0.0
bBtH,1,3,4,0.25
bBtL,2,1,3,0.67
bBtM,3,0,3,1.0
bBtN,4,3,7,0.57
bBtP,0,2,2,0.0
bBtS,1,4,5,0.2
bBtb,2,3,5,0.4
bBtm,1,2,3,0.33
bBtn,3,3,6,0.5
bBts,0,1,1,0.0
bBtt,0,0,0,
bDBB,1,1,2,0.5
bDBL,1,1,2,0.5
bDBM,1,1,2,0.5
bDBN,0,3,3,0.0
bDBP,2,0,2,1.0
bDBl,1,0,1,1.0
bDBn,1,1,2,0.5
bDBs,2,0,2,1.0
bDDb,0,1,1,0.0
bDHB,0,2,2,0.0
bDHM,1,2,3,0.33
bDHN,2,1,3,0.67
bDHP,4,2,6,0.67
bDHS,1,1,2,0.5
bDHs,3,0,3,1.0
bDIB,0,1,1,0.0
bDIb,1,0,1,1.0
bDLB,1,0,1,1.0
bDLL,1,0,1,1.0
bDLM,0,1,1,0.0
bDLN,0,1,1,0.0
bDLP,0,1,1,0.0
bDLS,1,0,1,1.0
bDLb,0,2,2,0.0
bDLj,1,0,1,1.0
bDLm,1,0,1,1.0
bDLn,0,2,2,0.0
bDMB,3,1,4,0.75
bDMM,1,0,1,1.0
bDMN,1,3,4,0.25
bDMP,0,2,2,0.0
bDMS,0,1,1,0.0
bDMb,1,0,1,1.0
bDMm,0,1,1,0.0
bDMn,0,1,1,0.0
bDMs,0,1,1,0.0
bDND,0,1,1,0.0
bDNH,1,0,1,1.0
bDNM,2,1,3,0.67
bDNN,1,2,3,0.33
bDNP,1,1,2,0.5
bDNS,0,1,1,0.0
bDNb,0,1,1,0.0
bDNl,1,0,1,1.0
bDNm,0,0,0,
bDNn,1,2,3,0.33
bDNs,0,1,1,0.0
bDNt,2,0,2,1.0
bDPH,0,3,3,0.0
bDPL,2,1,3,0.67
bDPM,3,1,4,0.75
bDPN,0,2,2,0.0
bDPP,2,4,6,0.33
bDPS,2,0,2,1.0
bDPb,1,2,3,0.33
bDPh,0,0,0,
bDPl,2,0,2,1.0
bDPn,3,1,4,0.75
bDPs,1,2,3,0.33
bDSB,1,0,1,1.0
bDSH,1,0,1,1.0
bDSM,0,0,0,
bDSN,1,0,1,1.0
bDSP,0,0,0,
bDSb,0,2,2,0.0
bDSl,0,1,1,0.0
bDSm,0,1,1,0.0
bDSn,1,1,2,0.5
bDSt,1,0,1,1.0
bDbB,2,1,3,0.67
bDbH,1,0,1,1.0
bDbJ,1,0,1,1.0
bDbK,1,0,1,1.0
bDbM,0,1,1,0.0
bDbP,0,5,5,0.0
bDbS,1,0,1,1.0
bDbb,0,1,1,0.0
bDbl,2,0,2,1.0
bDbm,1,1,2,0.5
bDbn,1,0,1,1.0
bDhP,0,0,0,
bDlB,1,1,2,0.5
bDlH,1,0,1,1.0
bDlM,1,1,2,0.5
bDlN,2,0,2,1.0
bDll,0,1,1,0.0
bDlm,1,1,2,0.5
bDln,0,1,1,0.0
bDmH,1,1,2,0.5
bDmL,1,0,1,1.0
bDmM,1,0,1,1.0
bDmN,1,1,2,0.5
bDmP,3,0,3,1.0
bDmb,1,2,3,0.33
bDml,0,0,0,
bDmm,0,2,2,0.0
bDmn,2,1,3,0.67
bDnI,1,0,1,1.0
bDnM,1,3,4,0.25
bDnP,1,0,1,1.0
bDnS,1,0,1,1.0
bDnn,0,1,1,0.0
bDns,2,2,4,0.5
bDsH,0,1,1,0.0
bDsM,2,3,5,0.4
bDsP,1,0,1,1.0
bDsS,1,1,2,0.5
bDsb,0,2,2,0.0
bDsh,0,1,1,0.0
bDsl,0,1,1,0.0
bDsm,2,0,2,1.0
bDss,1,0,1,1.0
bDtN,1,0,1,1.0
bDtb,0,1,1,0.0
bDts,0,1,1,0.0
bHBB,3,4,7,0.43
bHBD,0,1,1,0.0
bHBL,2,1,3,0.67
bHBM,2,2,4,0.5
bHBN,3,1,4,0.75
bHBP,1,10,11,0.09
bHBS,1,0,1,1.0
bHBb,5,2,7,0.71
bHBh,0,1,1,0.0
bHBj,0,1,1,0.0
bHBl,2,2,4,0.5
bHBm,1,3,4,0.25
bHBn,5,1,6,0.83
bHBs,0,2,2,0.0
bHBt,1,2,3,0.33
bHDH,1,1,2,0.5
bHDP,0,1,1,0.0
bHDS,0,0,0,
bHDl,0,1,1,0.0
bHDs,1,1,2,0.5
bHHK,0,1,1,0.0
bHHM,2,0,2,1.0
bHHN,1,3,4,0.25
bHHP,1,0,1,1.0
bHHb,5,1,6,0.83
bHHl,1,0,1,1.0
bHHm,1,0,1,1.0
bHHn,0,2,2,0.0
bHHs,0,1,1,0.0
bHIB,0,1,1,0.0
bHIH,1,1,2,0.5
bHIM,0,1,1,0.0
bHIP,0,1,1,0.0
bHIS,0,1,1,0.0
bHIb,0,1,1,0.0
bHIl,1,0,1,1.0
bHIn,0,0,0,
bHIs,0,1,1,0.0
bHKL,0,2,2,0.0
bHKM,2,0,2,1.0
bHKb,3,0,3,1.0
bHKh,0,1,1,0.0
bHKm,0,2,2,0.0
bHKs,0,1,1,0.0
bHLB,2,0,2,1.0
bHLD,1,1,2,0.5
bHLL,1,2,3,0.33
bHLM,0,4,4,0.0
bHLN,3,0,3,1.0
bHLP,1,4,5,0.2
bHLS,1,1,2,0.5
bHLb,3,0,3,1.0
bHLh,1,0,1,1.0
bHLj,1,2,3,0.33
bHLl,1,0,1,1.0
bHLm,0,0,0,
bHLn,3,4,7,0.43
bHLs,1,0,1,1.0
bHLt,2,0,2,1.0
bHMB,3,1,4,0.75
bHMD,3,1,4,0.75
bHML,0,0,0,
bHMM,4,4,8,0.5
bHMN,10,4,14,0.71
bHMP,5,5,10,0.5
bHMS,2,1,3,0.67
bHMb,6,2,8,0.75
bHMh,5,0,5,1.0
bHMj,1,1,2,0.5
bHMl,5,3,8,0.62
bHMm,6,4,10,0.6
bHMn,8,7,15,0.53
bHMs,2,3,5,0.4
bHMt,1,0,1,1.0
bHNB,2,5,7,0.29
bHND,1,0,1,1.0
bHNH,2,1,3,0.67
bHNK,2,0,2,1.0
bHNL,3,2,5,0.6
bHNM,7,4,11,0.64
bHNN,8,5,13,0.62
bHNP,10,10,20,0.5
bHNS,2,2,4,0.5
bHNb,1,8,9,0.11
bHNh,0,2,2,0.0
bHNl,2,3,5,0.4
bHNm,2,7,9,0.22
bHNn,4,3,7,0.57
bHNs,4,4,8,0.5
bHNt,2,1,3,0.67
bHPB,5,6,11,0.45
bHPD,2,0,2,1.0
bHPH,0,2,2,0.0
bHPI,1,0,1,1.0
bHPK,1,0,1,1.0
bHPL,4,4,8,0.5
bHPM,9,5,14,0.64
bHPN,4,8,12,0.33
bHPP,14,15,29,0.48
bHPS,7,6,13,0.54
bHPb,4,9,13,0.31
bHPh,1,0,1,1.0
bHPl,0,2,2,0.0
bHPm,6,3,9,0.67
bHPn,9,11,20,0.45
bHPs,4,3,7,0.57
bHPt,0,1,1,0.0
bHSB,1,2,3,0.33
bHSH,1,1,2,0.5
bHSL,1,1,2,0.5
bHSM,2,7,9,0.22
bHSN,2,2,4,0.5
bHSP,4,3,7,0.57
bHSS,1,1,2,0.5
bHSb,0,1,1,0.0
bHSh,2,3,5,0.4
bHSl,1,0,1,1.0
bHSm,2,1,3,0.67
bHSn,1,5,6,0.17
bHSs,3,5,8,0.38
bHbB,3,1,4,0.75
bHbD,1,0,1,1.0
bHbH,1,3,4,0.25
bHbI,2,0,2,1.0
bHbJ,3,1,4,0.75
bHbL,3,2,5,0.6
bHbM,2,6,8,0.25
bHbN,10,7,17,0.59
bHbP,6,4,10,0.6
bHbS,2,2,4,0.5
bHbb,3,2,5,0.6
bHbl,4,2,6,0.67
bHbm,3,4,7,0.43
bHbn,3,8,11,0.27
bHbs,3,0,3,1.0
bHhB,0,1,1,0.0
bHhH,0,1,1,0.0
bHhL,0,2,2,0.0
bHhM,0,1,1,0.0
bHhN,0,0,0,
bHhP,4,0,4,1.0
bHhS,1,1,2,0.5
bHhb,5,0,5,1.0
bHhh,1,2,3,0.33
bHhn,1,1,2,0.5
bHhs,1,2,3,0.33
bHlB,1,4,5,0.2
bHlH,0,3,3,0.0
bHlJ,1,0,1,1.0
bHlK,0,1,1,0.0
bHlL,0,3,3,0.0
bHlM,3,3,6,0.5
bHlN,0,4,4,0.0
bHlP,2,2,4,0.5
bHlS,0,2,2,0.0
bHlb,1,0,1,1.0
bHll,2,1,3,0.67
bHlm,0,2,2,0.0
bHln,1,2,3,0.33
bHls,0,2,2,0.0
bHmB,4,3,7,0.57
bHmH,3,0,3,1.0
bHmI,0,1,1,0.0
bHmJ,0,2,2,0.0
bHmL,1,0,1,1.0
bHmM,2,1,3,0.67
bHmN,7,6,13,0.54
bHmP,8,4,12,0.67
bHmS,2,3,5,0.4
bHmb,2,3,5,0.4
bHml,3,2,5,0.6
bHmm,3,0,3,1.0
bHmn,5,4,9,0.56
bHms,0,2,2,0.0
bHnB,4,5,9,0.44
bHnH,4,1,5,0.8
bHnI,1,1,2,0.5
bHnK,1,1,2,0.5
bHnL,1,0,1,1.0
bHnM,2,8,10,0.2
bHnN,6,4,10,0.6
bHnP,7,7,14,0.5
bHnS,5,5,10,0.5
bHnb,2,14,16,0.12
bHnh,1,0,1,1.0
bHnl,3,3,6,0.5
bHnm,2,7,9,0.22
bHnn,5,5,10,0.5
bHns,6,2,8,0.75
bHsB,1,0,1,1.0
bHsD,1,0,1,1.0
bHsH,1,3,4,0.25
bHsM,1,2,3,0.33
bHsN,4,2,6,0.67
bHsP,5,1,6,0.83
bHsS,1,3,4,0.25
bHsb,2,2,4,0.5
bHsl,2,1,3,0.67
bHsm,2,2,4,0.5
bHsn,5,4,9,0.56
bHss,6,0,6,1.0
bHtM,1,0,1,1.0
bHtN,1,0,1,1.0
bHtS,1,0,1,1.0
bIBK,0,2,2,0.0
bIBL,1,1,2,0.5
bIBM,1,1,2,0.5
bIBN,1,2,3,0.33
bIBP,1,0,1,1.0
bIBb,2,1,3,0.67
bIBj,1,0,1,1.0
bIBl,2,1,3,0.67
bIBn,2,2,4,0.5
bIBs,1,0,1,1.0
bIBt,0,1,1,0.0
bIDD,1,0,1,1.0
bIDH,1,0,1,1.0
bIDP,1,0,1,1.0
bIDb,1,0,1,1.0
bIDs,1,0,1,1.0
bIHB,1,2,3,0.33
bIHH,2,0,2,1.0
bIHM,0,1,1,0.0
bIHN,0,2,2,0.0
bIHP,3,0,3,1.0
bIHb,0,1,1,0.0
bIHh,0,0,0,
bIHl,1,0,1,1.0
bIHm,1,0,1,1.0
bIHn,2,3,5,0.4
bIHs,1,2,3,0.33
bIIH,1,0,1,1.0
bIIn,1,0,1,1.0
bILB,0,1,1,0.0
bILL,0,1,1,0.0
bILM,0,1,1,0.0
bILN,1,0,1,1.0
bILP,2,1,3,0.67
bILb,1,0,1,1.0
bILj,1,0,1,1.0
bILl,1,0,1,1.0
bILm,0,1,1,0.0
bILs,1,1,2,0.5
bILt,1,0,1,1.0
bIMB,1,0,1,1.0
bIMD,0,1,1,0.0
bIMM,0,3,3,0.0
bIMP,1,2,3,0.33
bIMb,1,0,1,1.0
bIMh,1,3,4,0.25
bIMl,1,1,2,0.5
bIMm,0,1,1,0.0
bIMn,3,2,5,0.6
bIMs,1,2,3,0.33
bIMt,2,0,2,1.0
bINB,0,2,2,0.0
bINH,1,1,2,0.5
bINL,1,0,1,1.0
bINN,4,0,4,1.0
bINP,6,2,8,0.75
bINS,0,0,0,
bINb,1,1,2,0.5
bINh,1,0,1,1.0
bINl,3,0,3,1.0
bINm,1,2,3,0.33
bINn,1,3,4,0.25
bINs,0,1,1,0.0
bIPH,0,1,1,0.0
bIPI,0,1,1,0.0
bIPL,1,0,1,1.0
bIPM,3,2,5,0.6
bIPN,1,1,2,0.5
bIPP,2,2,4,0.5
bIPS,0,1,1,0.0
bIPb,2,1,3,0.67
bIPm,0,1,1,0.0
bIPn,2,2,4,0.5
bIPs,3,1,4,0.75
bISB,0,2,2,0.0
bISL,0,1,1,0.0
bISM,0,1,1,0.0
bISN,0,1,1,0.0
bISP,2,1,3,0.67
bISS,1,0,1,1.0
bISb,0,2,2,0.0
bISh,0,1,1,0.0
bISl,1,0,1,1.0
bISm,0,1,1,0.0
bISn,2,0,2,1.0
bISs,2,0,2,1.0
bISt,0,1,1,0.0
bIbB,1,1,2,0.5
bIbH,1,0,1,1.0
bIbJ,0,2,2,0.0
bIbL,2,0,2,1.0
bIbM,4,1,5,0.8
bIbN,3,1,4,0.75
bIbP,1,1,2,0.5
bIbb,2,2,4,0.5
bIbl,0,1,1,0.0
bIbm,0,1,1,0.0
bIbn,0,2,2,0.0
bIlB,0,1,1,0.0
bIlH,0,1,1,0.0
bIlM,0,1,1,0.0
bIlP,0,1,1,0.0
bIlS,1,0,1,1.0
bIlm,0,0,0,
bIls,2,0,2,1.0
bImB,0,2,2,0.0
bImH,0,1,1,0.0
bImL,3,0,3,1.0
bImM,2,1,3,0.67
bImN,0,1,1,0.0
bImP,1,0,1,1.0
bImS,1,1,2,0.5
bImb,0,1,1,0.0
bImm,0,0,0,
bImn,2,0,2,1.0
bInB,2,0,2,1.0
bInH,1,0,1,1.0
bInL,0,1,1,0.0
bInM,1,1,2,0.5
bInN,1,0,1,1.0
bInP,0,3,3,0.0
bInS,1,1,2,0.5
bInb,1,2,3,0.33
bInl,0,1,1,0.0
bInm,1,0,1,1.0
bInn,1,1,2,0.5
bIns,2,1,3,0.67
bIsB,1,0,1,1.0
bIsH,1,0,1,1.0
bIsL,0,1,1,0.0
bIsP,0,1,1,0.0
bIsS,1,0,1,1.0
bIsb,1,1,2,0.5
bIsm,0,1,1,0.0
bIsn,0,0,0,
bIss,2,0,2,1.0
bItS,1,0,1,1.0
bItn,1,0,1,1.0
bJBB,4,2,6,0.67
bJBK,1,1,2,0.5
bJBL,1,3,4,0.25
bJBM,2,2,4,0.5
bJBN,4,4,8,0.5
bJBP,2,4,6,0.33
bJBS,1,3,4,0.25
bJBb,5,1,6,0.83
bJBj,1,2,3,0.33
bJBl,1,2,3,0.33
bJBm,4,1,5,0.8
bJBn,5,4,9,0.56
bJBs,0,0,0,
bJBt,1,0,1,1.0
bJDM,0,0,0,
bJDP,1,0,1,1.0
bJDh,0,1,1,0.0
bJHB,2,0,2,1.0
bJHH,1,0,1,1.0
bJHI,0,2,2,0.0
bJHL,1,3,4,0.25
bJHM,2,2,4,0.5
bJHN,1,1,2,0.5
bJHP,3,2,5,0.6
bJHb,0,0,0,
bJHh,0,1,1,0.0
bJHl,1,0,1,1.0
bJHm,1,0,1,1.0
bJHn,3,1,4,0.75
bJHs,0,2,2,0.0
bJHt,1,0,1,1.0
bJIP,0,0,0,
bJIS,0,1,1,0.0
bJIm,1,0,1,1.0
bJKM,0,0,0,
bJLB,0,2,2,0.0
bJLD,1,0,1,1.0
bJLL,2,0,2,1.0
bJLM,2,1,3,0.67
bJLN,1,2,3,0.33
bJLS,1,1,2,0.5
bJLb,3,3,6,0.5
bJLh,0,0,0,
bJLj,1,1,2,0.5
bJLl,2,3,5,0.4
bJLm,1,0,1,1.0
bJLn,1,3,4,0.25
bJLs,0,2,2,0.0
bJMB,2,4,6,0.33
bJML,0,2,2,0.0
bJMM,1,5,6,0.17
bJMN,1,5,6,0.17
bJMP,6,4,10,0.6
bJMS,3,2,5,0.6
bJMb,3,4,7,0.43
bJMh,2,1,3,0.67
bJMj,1,0,1,1.0
bJMl,1,2,3,0.33
bJMm,4,6,10,0.4
bJMn,9,7,16,0.56
bJMs,3,2,5,0.6
bJMt,2,1,3,0.67
bJNB,2,2,4,0.5
bJNH,1,1,2,0.5
bJNK,1,0,1,1.0
bJNL,2,1,3,0.67
bJNM,3,4,7,0.43
bJNN,2,6,8,0.25
bJNP,6,6,12,0.5
bJNS,1,2,3,0.33
bJNb,3,2,5,0.6
bJNh,0,2,2,0.0
bJNl,3,1,4,0.75
bJNm,1,4,5,0.2
bJNn,8,4,12,0.67
bJNs,3,4,7,0.43
bJPB,2,4,6,0.33
bJPD,1,0,1,1.0
bJPH,2,2,4,0.5
bJPK,0,1,1,0.0
bJPL,1,4,5,0.2
bJPM,5,5,10,0.5
bJPN,2,3,5,0.4
bJPP,3,10,13,0.23
bJPS,4,2,6,0.67
bJPb,9,9,18,0.5
bJPh,1,0,1,1.0
bJPl,0,3,3,0.0
bJPm,4,2,6,0.67
bJPn,3,9,12,0.25
bJPs,2,2,4,0.5
bJPt,2,0,2,1.0
bJSB,0,1,1,0.0
bJSD,1,1,2,0.5
bJSL,1,1,2,0.5
bJSM,2,2,4,0.5
bJSN,1,3,4,0.25
bJSP,3,2,5,0.6
bJSS,5,1,6,0.83
bJSb,2,0,2,1.0
bJSl,0,1,1,0.0
bJSm,3,2,5,0.6
bJSn,1,1,2,0.5
bJSs,2,4,6,0.33
bJSt,1,0,1,1.0
bJbB,2,3,5,0.4
bJbH,1,1,2,0.5
bJbJ,3,0,3,1.0
bJbK,1,1,2,0.5
bJbL,3,1,4,0.75
bJbM,2,2,4,0.5
bJbN,8,7,15,0.53
bJbP,2,6,8,0.25
bJbS,3,4,7,0.43
bJbb,7,1,8,0.88
bJbl,2,1,3,0.67
bJbm,5,0,5,1.0
bJbn,7,0,7,1.0
bJbs,2,1,3,0.67
bJhB,1,2,3,0.33
bJhD,0,2,2,0.0
bJhH,1,0,1,1.0
bJhM,0,1,1,0.0
bJhP,0,0,0,
bJhS,1,0,1,1.0
bJhh,1,0,1,1.0
bJhn,0,2,2,0.0
bJhs,0,1,1,0.0
bJlB,1,1,2,0.5
bJlH,0,2,2,0.0
bJlL,2,2,4,0.5
bJlM,1,2,3,0.33
bJlN,1,1,2,0.5
bJlP,1,2,3,0.33
bJlS,1,3,4,0.25
bJlb,1,3,4,0.25
bJll,1,0,1,1.0
bJlm,1,0,1,1.0
bJln,2,1,3,0.67
bJls,1,0,1,1.0
bJmB,5,2,7,0.71
bJmH,4,4,8,0.5
bJmI,0,1,1,0.0
bJmJ,0,0,0,
bJmL,1,2,3,0.33
bJmM,1,2,3,0.33
bJmN,3,3,6,0.5
bJmP,3,3,6,0.5
bJmS,2,1,3,0.67
bJmb,5,2,7,0.71
bJmm,2,0,2,1.0
bJmn,2,1,3,0.67
bJms,1,1,2,0.5
bJnB,4,4,8,0.5
bJnD,1,2,3,0.33
bJnH,1,3,4,0.25
bJnM,7,5,12,0.58
bJnN,7,3,10,0.7
bJnP,3,10,13,0.23
bJnS,3,1,4,0.75
bJnb,1,1,2,0.5
bJnl,1,2,3,0.33
bJnm,4,0,4,1.0
bJnn,0,4,4,0.0
bJns,2,4,6,0.33
bJsB,2,1,3,0.67
bJsD,1,0,1,1.0
bJsH,0,2,2,0.0
bJsI,0,1,1,0.0
bJsL,0,2,2,0.0
bJsM,2,0,2,1.0
bJsN,1,1,2,0.5
bJsP,4,3,7,0.57
bJsS,2,2,4,0.5
bJsb,4,2,6,0.67
bJsh,0,1,1,0.0
bJsl,1,1,2,0.5
bJsm,1,3,4,0.25
bJsn,2,2,4,0.5
bJss,2,1,3,0.67
bJtN,2,0,2,1.0
bJtP,0,0,0,
bJtl,0,1,1,0.0
bJtn,0,1,1,0.0
bJtt,0,1,1,0.0
bKBB,0,1,1,0.0
bKBL,0,2,2,0.0
bKBM,0,2,2,0.0
bKBN,1,0,1,1.0
bKBP,0,1,1,0.0
bKBb,0,1,1,0.0
bKBm,2,1,3,0.67
bKBn,2,0,2,1.0
bKBs,0,1,1,0.0
bKBt,0,1,1,0.0
bKDs,1,0,1,1.0
bKHD,0,1,1,0.0
bKHP,0,0,0,
bKHb,1,0,1,1.0
bKHm,0,0,0,
bKHs,1,0,1,1.0
bKLB,0,2,2,0.0
bKLL,2,1,3,0.67
bKLM,1,0,1,1.0
bKLN,2,1,3,0.67
bKLP,2,0,2,1.0
bKLh,0,1,1,0.0
bKLl,0,1,1,0.0
bKLm,2,0,2,1.0
bKLn,1,2,3,0.33
bKLs,0,2,2,0.0
bKML,0,0,0,
bKMM,4,1,5,0.8
bKMP,1,1,2,0.5
bKMS,0,1,1,0.0
bKMb,2,2,4,0.5
bKMh,2,1,3,0.67
bKMm,1,4,5,0.2
bKMn,1,2,3,0.33
bKMs,0,2,2,0.0
bKNB,1,1,2,0.5
bKNL,1,0,1,1.0
bKNM,1,2,3,0.33
bKNN,2,0,2,1.0
bKNP,1,1,2,0.5
bKNS,1,2,3,0.33
bKNb,0,2,2,0.0
bKNh,1,1,2,0.5
bKNl,1,0,1,1.0
bKNm,1,1,2,0.5
bKNn,2,2,4,0.5
bKNs,2,1,3,0.67
bKPB,1,1,2,0.5
bKPK,1,0,1,1.0
bKPL,1,1,2,0.5
bKPM,0,1,1,0.0
bKPN,1,2,3,0.33
bKPP,3,4,7,0.43
bKPS,1,1,2,0.5
bKPb,1,1,2,0.5
bKPl,1,0,1,1.0
bKPm,0,0,0,
bKPn,0,1,1,0.0
bKPs,1,2,3,0.33
bKPt,0,0,0,
bKSH,1,0,1,1.0
bKSL,0,2,2,0.0
bKSM,0,1,1,0.0
bKSP,2,1,3,0.67
bKSb,0,1,1,0.0
bKSh,0,1,1,0.0
bKSn,1,1,2,0.5
bKSs,1,0,1,1.0
bKSt,1,0,1,1.0
bKbB,1,0,1,1.0
bKbH,0,1,1,0.0
bKbL,1,1,2,0.5
bKbM,1,1,2,0.5
bKbN,5,1,6,0.83
bKbP,2,0,2,1.0
bKbS,0,3,3,0.0
bKbb,1,1,2,0.5
bKbm,0,2,2,0.0
bKbn,0,1,1,0.0
bKbs,0,1,1,0.0
bKhB,1,2,3,0.33
bKhH,2,0,2,1.0
bKhL,0,0,0,
bKhM,2,1,3,0.67
bKhN,1,1,2,0.5
bKhP,0,4,4,0.0
bKhb,2,1,3,0.67
bKhh,1,0,1,1.0
bKhl,1,1,2,0.5
bKhm,0,0,0,
bKhn,1,0,1,1.0
bKhs,2,0,2,1.0
bKlB,0,1,1,0.0
bKlD,1,0,1,1.0
bKlI,1,0,1,1.0
bKlJ,1,1,2,0.5
bKlL,0,1,1,0.0
bKlM,1,1,2,0.5
bKlP,1,0,1,1.0
bKlS,1,0,1,1.0
bKlb,1,0,1,1.0
bKlm,1,0,1,1.0
bKln,2,0,2,1.0
bKmB,1,0,1,1.0
bKmH,1,0,1,1.0
bKmJ,2,0,2,1.0
bKmL,1,0,1,1.0
bKmM,0,3,3,0.0
bKmN,3,1,4,0.75
bKmP,3,2,5,0.6
bKmS,1,0,1,1.0
bKmb,0,1,1,0.0
bKml,0,1,1,0.0
bKmn,0,1,1,0.0
bKms,1,0,1,1.0
bKnB,1,0,1,1.0
bKnD,0,0,0,
bKnH,1,0,1,1.0
bKnL,0,1,1,0.0
bKnM,2,1,3,0.67
bKnN,2,1,3,0.67
bKnP,2,1,3,0.67
bKnS,0,2,2,0.0
bKnb,2,0,2,1.0
bKnl,0,2,2,0.0
bKnm,2,1,3,0.67
bKnn,0,1,1,0.0
bKns,1,0,1,1.0
bKsB,0,1,1,0.0
bKsH,0,2,2,0.0
bKsI,0,1,1,0.0
bKsL,1,0,1,1.0
bKsM,0,4,4,0.0
bKsN,1,3,4,0.25
bKsP,3,1,4,0.75
bKsS,1,0,1,1.0
bKsb,1,0,1,1.0
bKsm,1,0,1,1.0
bKsn,0,0,0,
bKtL,0,1,1,0.0
bKtP,0,1,1,0.0
bKtm,0,1,1,0.0
bLBB,3,2,5,0.6
bLBD,0,1,1,0.0
bLBK,2,0,2,1.0
bLBL,0,3,3,0.0
bLBM,1,3,4,0.25
bLBN,2,4,6,0.33
bLBP,2,4,6,0.33
bLBb,3,3,6,0.5
bLBh,1,0,1,1.0
bLBj,1,1,2,0.5
bLBl,0,2,2,0.0
bLBm,3,3,6,0.5
bLBn,6,6,12,0.5
bLBs,3,2,5,0.6
bLBt,1,1,2,0.5
bLDL,1,0,1,1.0
bLDM,1,0,1,1.0
bLDP,1,0,1,1.0
bLDm,1,0,1,1.0
bLHN,1,0,1,1.0
bLKI,0,1,1,0.0
bLKN,1,0,1,1.0
bLKP,0,1,1,0.0
bLKS,0,1,1,0.0
bLKl,0,1,1,0.0
bLLB,0,2,2,0.0
bLLD,0,1,1,0.0
bLLL,1,0,1,1.0
bLLM,1,2,3,0.33
bLLN,1,3,4,0.25
bLLP,3,2,5,0.6
bLLS,1,0,1,1.0
bLLb,2,1,3,0.67
bLLh,1,2,3,0.33
bLLj,1,1,2,0.5
bLLl,2,1,3,0.67
bLLm,3,0,3,1.0
bLLn,2,3,5,0.4
bLLs,0,0,0,
bLMB,4,6,10,0.4
bLML,2,2,4,0.5
bLMM,9,8,17,0.53
bLMN,3,7,10,0.3
bLMP,4,4,8,0.5
bLMS,0,2,2,0.0
bLMb,6,5,11,0.55
bLMh,8,6,14,0.57
bLMj,1,1,2,0.5
bLMl,1,2,3,0.33
bLMm,5,1,6,0.83
bLMn,7,9,16,0.44
bLMs,2,1,3,0.67
bLMt,0,1,1,0.0
bLNB,4,5,9,0.44
bLNH,0,2,2,0.0
bLNK,0,1,1,0.0
bLNL,2,0,2,1.0
bLNM,5,6,11,0.45
bLNN,2,8,10,0.2
bLNP,2,6,8,0.25
bLNS,2,7,9,0.22
bLNb,3,3,6,0.5
bLNl,2,4,6,0.33
bLNm,6,6,12,0.5
bLNn,4,8,12,0.33
bLNs,1,3,4,0.25
bLNt,0,2,2,0.0
bLPB,3,5,8,0.38
bLPH,3,0,3,1.0
bLPI,0,1,1,0.0
bLPK,1,0,1,1.0
bLPL,2,3,5,0.4
bLPM,2,2,4,0.5
bLPN,3,9,12,0.25
bLPP,9,9,18,0.5
bLPS,5,6,11,0.45
bLPb,6,7,13,0.46
bLPl,4,5,9,0.44
bLPm,8,5,13,0.62
bLPn,5,7,12,0.42
bLPs,3,5,8,0.38
bLPt,2,0,2,1.0
bLSB,0,0,0,
bLSD,0,1,1,0.0
bLSH,1,0,1,1.0
bLSK,0,1,1,0.0
bLSL,1,0,1,1.0
bLSM,5,0,5,1.0
bLSN,3,3,6,0.5
bLSP,4,7,11,0.36
bLSS,3,3,6,0.5
bLSb,3,1,4,0.75
bLSh,1,5,6,0.17
bLSm,0,1,1,0.0
bLSn,3,2,5,0.6
bLSs,3,4,7,0.43
bLbB,3,2,5,0.6
bLbD,0,2,2,0.0
bLbH,1,2,3,0.33
bLbI,2,0,2,1.0
bLbJ,2,2,4,0.5
bLbK,1,1,2,0.5
bLbL,2,1,3,0.67
bLbM,5,5,10,0.5
bLbN,8,6,14,0.57
bLbP,7,6,13,0.54
bLbS,4,3,7,0.57
bLbb,5,2,7,0.71
bLbl,4,3,7,0.57
bLbm,1,0,1,1.0
bLbn,5,5,10,0.5
bLbs,2,2,4,0.5
bLhB,1,1,2,0.5
bLhD,1,0,1,1.0
bLhL,2,1,3,0.67
bLhM,5,3,8,0.62
bLhN,2,2,4,0.5
bLhP,2,1,3,0.67
bLhS,1,0,1,1.0
bLhb,2,5,7,0.29
bLhh,4,2,6,0.67
bLhl,0,1,1,0.0
bLhm,2,2,4,0.5
bLhn,3,4,7,0.43
bLhs,1,1,2,0.5
bLjB,1,0,1,1.0
bLjH,1,0,1,1.0
bLjL,0,1,1,0.0
bLjM,2,2,4,0.5
bLjN,2,0,2,1.0
bLjP,3,2,5,0.6
bLjS,4,0,4,1.0
bLjb,1,0,1,1.0
bLjh,0,1,1,0.0
bLjl,1,0,1,1.0
bLjn,3,2,5,0.6
bLjs,0,1,1,0.0
bLjt,1,0,1,1.0
bLlH,1,2,3,0.33
bLlI,1,0,1,1.0
bLlJ,2,1,3,0.67
bLlL,0,4,4,0.0
bLlM,2,3,5,0.4
bLlN,5,3,8,0.62
bLlP,4,2,6,0.67
bLlS,1,2,3,0.33
bLlb,4,5,9,0.44
bLll,1,0,1,1.0
bLlm,4,3,7,0.57
bLln,2,2,4,0.5
bLls,5,1,6,0.83
bLmB,4,3,7,0.57
bLmD,0,1,1,0.0
bLmH,4,2,6,0.67
bLmI,1,0,1,1.0
bLmJ,1,0,1,1.0
bLmL,0,1,1,0.0
bLmM,2,5,7,0.29
bLmN,4,8,12,0.33
bLmP,6,5,11,0.55
bLmS,3,7,10,0.3
bLmb,4,5,9,0.44
bLml,0,1,1,0.0
bLmm,2,2,4,0.5
bLmn,7,7,14,0.5
bLms,4,3,7,0.57
bLnB,8,7,15,0.53
bLnD,1,0,1,1.0
bLnH,6,2,8,0.75
bLnI,1,1,2,0.5
bLnK,0,1,1,0.0
bLnL,1,0,1,1.0
bLnM,7,9,16,0.44
bLnN,6,5,11,0.55
bLnP,6,10,16,0.38
bLnS,7,2,9,0.78
bLnb,4,3,7,0.57
bLnh,1,0,1,1.0
bLnl,1,5,6,0.17
bLnm,0,3,3,0.0
bLnn,8,5,13,0.62
bLns,3,5,8,0.38
bLsB,0,1,1,0.0
bLsD,1,0,1,1.0
bLsH,4,4,8,0.5
bLsI,1,0,1,1.0
bLsL,0,2,2,0.0
bLsM,4,0,4,1.0
bLsN,0,3,3,0.0
bLsP,5,3,8,0.62
bLsS,3,3,6,0.5
bLsb,4,2,6,0.67
bLsl,2,1,3,0.67
bLsm,3,4,7,0.43
bLsn,1,5,6,0.17
bLss,2,1,3,0.67
bLtB,0,2,2,0.0
bLtH,0,1,1,0.0
bLtM,0,1,1,0.0
bLtP,3,4,7,0.43
bLtS,1,1,2,0.5
bLtb,1,1,2,0.5
bLtl,0,1,1,0.0
bLtn,2,0,2,1.0
bMBB,6,3,9,0.67
bMBD,1,2,3,0.33
bMBK,1,1,2,0.5
bMBL,0,4,4,0.0
bMBM,6,7,13,0.46
bMBN,4,10,14,0.29
bMBP,17,15,32,0.53
bMBS,2,2,4,0.5
bMBb,16,11,27,0.59
bMBh,5,1,6,0.83
bMBj,3,2,5,0.6
bMBl,6,6,12,0.5
bMBm,7,9,16,0.44
bMBn,13,21,34,0.38
bMBs,1,3,4,0.25
bMBt,2,3,5,0.4
bMDB,1,0,1,1.0
bMDL,1,1,2,0.5
bMDM,0,1,1,0.0
bMDN,0,1,1,0.0
bMDP,1,0,1,1.0
bMDS,2,2,4,0.5
bMDb,2,0,2,1.0
bMDl,0,1,1,0.0
bMDn,2,0,2,1.0
bMDs,1,0,1,1.0
bMDt,0,1,1,0.0
bMHM,1,0,1,1.0
bMHN,0,1,1,0.0
bMKS,0,1,1,0.0
bMKs,0,1,1,0.0
bMLB,3,2,5,0.6
bMLD,1,0,1,1.0
bMLL,2,3,5,0.4
bMLM,4,7,11,0.36
bMLN,3,5,8,0.38
bMLP,4,6,10,0.4
bMLS,5,1,6,0.83
bMLb,5,4,9,0.56
bMLh,3,1,4,0.75
bMLj,2,2,4,0.5
bMLl,3,0,3,1.0
bMLm,3,3,6,0.5
bMLn,5,7,12,0.42
bMLs,4,1,5,0.8
bMLt,0,2,2,0.0
bMMB,7,8,15,0.47
bMMD,0,0,0,
bMML,3,4,7,0.43
bMMM,12,12,24,0.5
bMMN,10,20,30,0.33
bMMP,20,22,42,0.48
bMMS,9,6,15,0.6
bMMb,10,14,24,0.42
bMMh,16,12,28,0.57
bMMj,2,3,5,0.4
bMMl,9,5,14,0.64
bMMm,9,7,16,0.56
bMMn,22,21,43,0.51
bMMs,11,10,21,0.52
bMMt,4,0,4,1.0
bMNB,6,12,18,0.33
bMND,0,0,0,
bMNH,0,3,3,0.0
bMNK,0,2,2,0.0
bMNL,5,5,10,0.5
bMNM,12,8,20,0.6
bMNN,10,17,27,0.37
bMNP,20,30,50,0.4
bMNS,11,9,20,0.55
bMNb,15,11,26,0.58
bMNh,6,6,12,0.5
bMNl,3,6,9,0.33
bMNm,13,9,22,0.59
bMNn,22,22,44,0.5
bMNs,7,7,14,0.5
bMNt,5,3,8,0.62
bMPB,11,8,19,0.58
bMPD,0,0,0,
bMPH,6,10,16,0.38
bMPI,0,1,1,0.0
bMPK,2,3,5,0.4
bMPL,7,7,14,0.5
bMPM,10,14,24,0.42
bMPN,18,25,43,0.42
bMPP,33,29,62,0.53
bMPS,12,7,19,0.63
bMPb,16,16,32,0.5
bMPh,3,2,5,0.6
bMPl,11,9,20,0.55
bMPm,12,16,28,0.43
bMPn,19,20,39,0.49
bMPs,7,18,25,0.28
bMPt,2,1,3,0.67
bMSB,3,5,8,0.38
bMSD,0,1,1,0.0
bMSH,0,3,3,0.0
bMSK,0,1,1,0.0
bMSL,4,5,9,0.44
bMSM,4,7,11,0.36
bMSN,3,9,12,0.25
bMSP,6,11,17,0.35
bMSS,7,9,16,0.44
bMSb,6,7,13,0.46
bMSh,2,8,10,0.2
bMSl,1,4,5,0.2
bMSm,7,1,8,0.88
bMSn,11,7,18,0.61
bMSs,6,7,13,0.46
bMSt,1,6,7,0.14
bMbB,8,11,19,0.42
bMbD,0,1,1,0.0
bMbH,7,2,9,0.78
bMbI,1,0,1,1.0
bMbJ,3,4,7,0.43
bMbK,1,1,2,0.5
bMbL,3,4,7,0.43
bMbM,20,18,38,0.53
bMbN,18,21,39,0.46
bMbP,20,15,35,0.57
bMbS,4,4,8,0.5
bMbb,13,14,27,0.48
bMbl,7,3,10,0.7
bMbm,8,6,14,0.57
bMbn,22,19,41,0.54
bMbs,8,4,12,0.67
bMhB,8,8,16,0.5
bMhD,0,2,2,0.0
bMhH,5,2,7,0.71
bMhI,0,2,2,0.0
bMhL,5,2,7,0.71
bMhM,13,14,27,0.48
bMhN,8,11,19,0.42
bMhP,14,25,39,0.36
bMhS,11,7,18,0.61
bMhb,13,11,24,0.54
bMhh,6,9,15,0.4
bMhl,5,5,10,0.5
bMhm,10,6,16,0.62
bMhn,9,21,30,0.3
bMhs,4,6,10,0.4
bMht,2,0,2,1.0
bMjB,5,5,10,0.5
bMjH,2,1,3,0.67
bMjI,1,0,1,1.0
bMjK,0,1,1,0.0
bMjL,1,0,1,1.0
bMjM,4,0,4,1.0
bMjN,8,7,15,0.53
bMjP,6,5,11,0.55
bMjS,2,2,4,0.5
bMjb,6,2,8,0.75
bMjh,0,1,1,0.0
bMjl,2,2,4,0.5
bMjm,3,2,5,0.6
bMjn,5,3,8,0.62
bMjs,2,0,2,1.0
bMjt,1,2,3,0.33
bMlB,4,6,10,0.4
bMlD,1,0,1,1.0
bMlH,3,4,7,0.43
bMlJ,1,2,3,0.33
bMlL,1,0,1,1.0
bMlM,8,6,14,0.57
bMlN,5,11,16,0.31
bMlP,9,3,12,0.75
bMlS,5,3,8,0.62
bMlb,3,11,14,0.21
bMll,2,0,2,1.0
bMlm,4,3,7,0.57
bMln,8,10,18,0.44
bMls,3,4,7,0.43
bMmB,6,9,15,0.4
bMmD,2,0,2,1.0
bMmH,14,7,21,0.67
bMmI,2,0,2,1.0
bMmJ,0,2,2,0.0
bMmL,2,1,3,0.67
bMmM,10,9,19,0.53
bMmN,22,14,36,0.61
bMmP,10,10,20,0.5
bMmS,9,9,18,0.5
bMmb,7,10,17,0.41
bMml,5,2,7,0.71
bMmm,3,7,10,0.3
bMmn,13,10,23,0.57
bMms,4,1,5,0.8
bMnB,14,15,29,0.48
bMnD,1,1,2,0.5
bMnH,8,11,19,0.42
bMnI,2,3,5,0.4
bMnK,0,4,4,0.0
bMnL,4,4,8,0.5
bMnM,22,19,41,0.54
bMnN,32,27,59,0.54
bMnP,27,33,60,0.45
bMnS,20,13,33,0.61
bMnb,15,15,30,0.5
bMnl,8,7,15,0.53
bMnm,13,18,31,0.42
bMnn,23,26,49,0.47
bMns,14,12,26,0.54
bMsB,6,5,11,0.55
bMsD,0,0,0,
bMsH,10,8,18,0.56
bMsI,0,2,2,0.0
bMsL,3,0,3,1.0
bMsM,4,7,11,0.36
bMsN,12,6,18,0.67
bMsP,17,9,26,0.65
bMsS,8,6,14,0.57
bMsb,6,8,14,0.43
bMsl,2,3,5,0.4
bMsm,3,4,7,0.43
bMsn,7,11,18,0.39
bMss,6,9,15,0.4
bMtB,1,0,1,1.0
bMtD,1,0,1,1.0
bMtH,1,0,1,1.0
bMtK,0,1,1,0.0
bMtL,1,0,1,1.0
bMtM,2,1,3,0.67
bMtN,2,3,5,0.4
bMtP,3,5,8,0.38
bMtS,1,0,1,1.0
bMtb,2,4,6,0.33
bMtl,1,1,2,0.5
bMtm,1,1,2,0.5
bMtn,0,3,3,0.0
bMtt,1,1,2,0.5
bNBB,14,16,30,0.47
bNBK,1,0,1,1.0
bNBL,2,4,6,0.33
bNBM,10,13,23,0.43
bNBN,14,20,34,0.41
bNBP,15,23,38,0.39
bNBS,6,9,15,0.4
bNBb,11,11,22,0.5
bNBh,6,4,10,0.6
bNBj,6,4,10,0.6
bNBl,6,5,11,0.55
bNBm,15,12,27,0.56
bNBn,9,21,30,0.3
bNBs,9,6,15,0.6
bNBt,3,2,5,0.6
bNDH,1,3,4,0.25
bNDI,1,0,1,1.0
bNDL,1,1,2,0.5
bNDM,1,1,2,0.5
bNDN,3,2,5,0.6
bNDP,3,1,4,0.75
bNDS,2,1,3,0.67
bNDb,1,2,3,0.33
bNDl,0,1,1,0.0
bNDm,0,1,1,0.0
bNDn,1,1,2,0.5
bNDs,1,1,2,0.5
bNHB,2,2,4,0.5
bNHH,0,2,2,0.0
bNHI,2,1,3,0.67
bNHK,0,1,1,0.0
bNHL,5,2,7,0.71
bNHM,3,2,5,0.6
bNHN,8,6,14,0.57
bNHP,2,3,5,0.4
bNHS,1,4,5,0.2
bNHb,5,4,9,0.56
bNHh,0,2,2,0.0
bNHl,1,1,2,0.5
bNHm,4,3,7,0.57
bNHn,3,2,5,0.6
bNHs,3,1,4,0.75
bNKB,0,0,0,
bNKI,1,0,1,1.0
bNKN,1,3,4,0.25
bNKP,1,0,1,1.0
bNKS,1,0,1,1.0
bNKh,2,1,3,0.67
bNKm,1,2,3,0.33
bNKn,1,1,2,0.5
bNKs,1,1,2,0.5
bNLB,3,3,6,0.5
bNLD,1,0,1,1.0
bNLK,4,1,5,0.8
bNLL,1,1,2,0.5
bNLM,10,6,16,0.62
bNLN,6,8,14,0.43
bNLP,7,11,18,0.39
bNLS,1,1,2,0.5
bNLb,7,3,10,0.7
bNLh,3,4,7,0.43
bNLj,1,1,2,0.5
bNLl,5,7,12,0.42
bNLm,7,5,12,0.58
bNLn,7,14,21,0.33
bNLs,4,4,8,0.5
bNLt,1,1,2,0.5
bNMB,22,16,38,0.58
bNML,12,4,16,0.75
bNMM,22,17,39,0.56
bNMN,18,15,33,0.55
bNMP,28,26,54,0.52
bNMS,6,14,20,0.3
bNMb,20,19,39,0.51
bNMh,24,14,38,0.63
bNMj,4,7,11,0.36
bNMl,5,9,14,0.36
bNMm,14,15,29,0.48
bNMn,34,38,72,0.47
bNMs,11,6,17,0.65
bNMt,3,6,9,0.33
bNNB,15,18,33,0.45
bNND,2,0,2,1.0
bNNH,1,3,4,0.25
bNNK,4,0,4,1.0
bNNL,5,6,11,0.45
bNNM,24,11,35,0.69
bNNN,25,17,42,0.6
bNNP,31,44,75,0.41
bNNS,14,9,23,0.61
bNNb,17,9,26,0.65
bNNh,12,10,22,0.55
bNNl,10,15,25,0.4
bNNm,15,10,25,0.6
bNNn,30,32,62,0.48
bNNs,8,14,22,0.36
bNNt,2,5,7,0.29
bNPB,20,19,39,0.51
bNPD,3,1,4,0.75
bNPH,11,8,19,0.58
bNPI,2,5,7,0.29
bNPK,3,5,8,0.38
bNPL,10,14,24,0.42
bNPM,18,37,55,0.33
bNPN,34,40,74,0.46
bNPP,39,41,80,0.49
bNPS,22,19,41,0.54
bNPb,26,22,48,0.54
bNPh,4,3,7,0.57
bNPl,16,12,28,0.57
bNPm,20,18,38,0.53
bNPn,36,25,61,0.59
bNPs,24,12,36,0.67
bNPt,5,6,11,0.45
bNSB,10,7,17,0.59
bNSD,1,0,1,1.0
bNSH,3,2,5,0.6
bNSL,5,2,7,0.71
bNSM,10,12,22,0.45
bNSN,12,11,23,0.52
bNSP,13,19,32,0.41
bNSS,7,5,12,0.58
bNSb,11,11,22,0.5
bNSh,11,6,17,0.65
bNSl,3,4,7,0.43
bNSm,14,8,22,0.64
bNSn,16,13,29,0.55
bNSs,12,8,20,0.6
bNSt,3,3,6,0.5
bNbB,14,16,30,0.47
bNbD,2,1,3,0.67
bNbH,7,6,13,0.54
bNbI,2,3,5,0.4
bNbJ,4,3,7,0.57
bNbK,1,0,1,1.0
bNbL,2,3,5,0.4
bNbM,15,13,28,0.54
bNbN,22,33,55,0.4
bNbP,25,12,37,0.68
bNbS,11,9,20,0.55
bNbb,23,11,34,0.68
bNbl,8,4,12,0.67
bNbm,5,10,15,0.33
bNbn,13,18,31,0.42
bNbs,16,8,24,0.67
bNhB,3,7,10,0.3
bNhH,1,2,3,0.33
bNhL,1,0,1,1.0
bNhM,8,5,13,0.62
bNhN,13,7,20,0.65
bNhP,8,8,16,0.5
bNhS,8,2,10,0.8
bNhb,7,5,12,0.58
bNhh,4,5,9,0.44
bNhl,5,1,6,0.83
bNhm,7,5,12,0.58
bNhn,11,4,15,0.73
bNhs,4,1,5,0.8
bNht,2,1,3,0.67
bNlB,7,4,11,0.64
bNlD,0,2,2,0.0
bNlH,9,1,10,0.9
bNlJ,1,3,4,0.25
bNlK,0,0,0,
bNlL,5,1,6,0.83
bNlM,3,8,11,0.27
bNlN,4,12,16,0.25
bNlP,11,6,17,0.65
bNlS,4,7,11,0.36
bNlb,7,7,14,0.5
bNll,4,2,6,0.67
bNlm,5,7,12,0.42
bNln,11,4,15,0.73
bNls,3,3,6,0.5
bNmB,11,10,21,0.52
bNmD,2,1,3,0.67
bNmH,14,12,26,0.54
bNmI,1,1,2,0.5
bNmJ,4,5,9,0.44
bNmL,10,2,12,0.83
bNmM,13,20,33,0.39
bNmN,20,23,43,0.47
bNmP,14,20,34,0.41
bNmS,10,5,15,0.67
bNmb,9,13,22,0.41
bNml,4,6,10,0.4
bNmm,13,11,24,0.54
bNmn,18,16,34,0.53
bNms,8,5,13,0.62
bNnB,16,17,33,0.48
bNnD,0,2,2,0.0
bNnH,18,19,37,0.49
bNnI,4,3,7,0.57
bNnK,1,5,6,0.17
bNnL,8,7,15,0.53
bNnM,25,23,48,0.52
bNnN,32,32,64,0.5
bNnP,35,49,84,0.42
bNnS,18,17,35,0.51
bNnb,27,17,44,0.61
bNnh,1,1,2,0.5
bNnl,10,7,17,0.59
bNnm,14,13,27,0.52
bNnn,26,31,57,0.46
bNns,15,17,32,0.47
bNsB,7,7,14,0.5
bNsD,1,0,1,1.0
bNsH,7,8,15,0.47
bNsI,0,3,3,0.0
bNsL,2,7,9,0.22
bNsM,5,7,12,0.42
bNsN,10,8,18,0.56
bNsP,13,10,23,0.57
bNsS,9,14,23,0.39
bNsb,7,7,14,0.5
bNsl,6,3,9,0.67
bNsm,7,8,15,0.47
bNsn,17,11,28,0.61
bNss,8,9,17,0.47
bNtB,2,1,3,0.67
bNtH,4,0,4,1.0
bNtL,0,1,1,0.0
bNtM,7,2,9,0.78
bNtN,8,5,13,0.62
bNtP,4,4,8,0.5
bNtS,3,3,6,0.5
bNtb,4,5,9,0.44
bNtl,3,2,5,0.6
bNtm,3,1,4,0.75
bNtn,5,6,11,0.45
bNts,0,3,3,0.0
bNtt,3,0,3,1.0
bPBB,17,14,31,0.55
bPBD,2,0,2,1.0
bPBK,0,0,0,
bPBL,5,7,12,0.42
bPBM,11,15,26,0.42
bPBN,13,15,28,0.46
bPBP,21,11,32,0.66
bPBS,11,4,15,0.73
bPBb,18,16,34,0.53
bPBh,2,1,3,0.67
bPBj,2,3,5,0.4
bPBl,7,10,17,0.41
bPBm,19,10,29,0.66
bPBn,19,17,36,0.53
bPBs,11,7,18,0.61
bPBt,2,1,3,0.67
bPDH,1,1,2,0.5
bPDI,1,0,1,1.0
bPDL,0,3,3,0.0
bPDM,2,2,4,0.5
bPDN,0,1,1,0.0
bPDP,1,2,3,0.33
bPDS,1,1,2,0.5
bPDb,1,0,1,1.0
bPDl,0,1,1,0.0
bPDm,2,1,3,0.67
bPDn,2,0,2,1.0
bPDs,0,1,1,0.0
bPHB,3,5,8,0.38
bPHD,1,0,1,1.0
bPHH,0,1,1,0.0
bPHI,0,2,2,0.0
bPHL,1,4,5,0.2
bPHM,4,6,10,0.4
bPHN,5,3,8,0.62
bPHP,7,2,9,0.78
bPHS,2,3,5,0.4
bPHb,9,3,12,0.75
bPHh,0,3,3,0.0
bPHl,2,7,9,0.22
bPHm,5,3,8,0.62
bPHn,12,7,19,0.63
bPHs,4,2,6,0.67
bPHt,1,0,1,1.0
bPIH,2,0,2,1.0
bPIL,2,2,4,0.5
bPIM,1,2,3,0.33
bPIN,2,0,2,1.0
bPIP,4,1,5,0.8
bPIS,1,1,2,0.5
bPIb,4,1,5,0.8
bPIm,1,2,3,0.33
bPKB,1,0,1,1.0
bPKD,0,1,1,0.0
bPKL,1,0,1,1.0
bPKM,3,0,3,1.0
bPKN,2,1,3,0.67
bPKP,3,1,4,0.75
bPKS,1,1,2,0.5
bPKb,0,1,1,0.0
bPKh,1,0,1,1.0
bPKl,2,1,3,0.67
bPKm,0,3,3,0.0
bPKn,2,2,4,0.5
bPKs,2,0,2,1.0
bPKt,0,1,1,0.0
bPLB,2,4,6,0.33
bPLH,1,0,1,1.0
bPLK,1,2,3,0.33
bPLL,4,4,8,0.5
bPLM,5,3,8,0.62
bPLN,7,9,16,0.44
bPLP,5,12,17,0.29
bPLS,5,3,8,0.62
bPLb,10,5,15,0.67
bPLh,4,4,8,0.5
bPLj,1,2,3,0.33
bPLl,7,6,13,0.54
bPLm,9,9,18,0.5
bPLn,10,9,19,0.53
bPLs,2,6,8,0.25
bPLt,3,4,7,0.43
bPMB,18,20,38,0.47
bPMD,1,2,3,0.33
bPML,9,11,20,0.45
bPMM,25,17,42,0.6
bPMN,17,22,39,0.44
bPMP,29,22,51,0.57
bPMS,9,9,18,0.5
bPMb,18,20,38,0.47
bPMh,12,16,28,0.43
bPMj,8,8,16,0.5
bPMl,5,12,17,0.29
bPMm,19,13,32,0.59
bPMn,30,24,54,0.56
bPMs,12,14,26,0.46
bPMt,4,6,10,0.4
bPNB,10,15,25,0.4
bPND,0,1,1,0.0
bPNH,6,1,7,0.86
bPNK,1,2,3,0.33
bPNL,9,7,16,0.56
bPNM,12,21,33,0.36
bPNN,18,22,40,0.45
bPNP,26,33,59,0.44
bPNS,14,8,22,0.64
bPNb,18,15,33,0.55
bPNh,7,4,11,0.64
bPNl,12,14,26,0.46
bPNm,13,12,25,0.52
bPNn,28,28,56,0.5
bPNs,13,18,31,0.42
bPNt,4,4,8,0.5
bPPB,20,22,42,0.48
bPPD,2,0,2,1.0
bPPH,10,12,22,0.45
bPPI,2,1,3,0.67
bPPK,2,4,6,0.33
bPPL,8,17,25,0.32
bPPM,39,29,68,0.57
bPPN,31,20,51,0.61
bPPP,34,37,71,0.48
bPPS,18,18,36,0.5
bPPb,33,29,62,0.53
bPPh,3,4,7,0.43
bPPl,20,13,33,0.61
bPPm,16,24,40,0.4
bPPn,23,29,52,0.44
bPPs,13,17,30,0.43
bPPt,4,4,8,0.5
bPSB,7,5,12,0.58
bPSD,1,0,1,1.0
bPSH,1,1,2,0.5
bPSL,2,4,6,0.33
bPSM,16,7,23,0.7
bPSN,5,8,13,0.38
bPSP,13,14,27,0.48
bPSS,12,9,21,0.57
bPSb,11,8,19,0.58
bPSh,4,9,13,0.31
bPSl,4,5,9,0.44
bPSm,5,7,12,0.42
bPSn,15,14,29,0.52
bPSs,4,2,6,0.67
bPSt,1,1,2,0.5
bPbB,13,19,32,0.41
bPbH,3,5,8,0.38
bPbI,1,0,1,1.0
bPbJ,5,6,11,0.45
bPbK,2,0,2,1.0
bPbL,6,7,13,0.46
bPbM,28,23,51,0.55
bPbN,22,22,44,0.5
bPbP,19,17,36,0.53
bPbS,12,9,21,0.57
bPbb,26,18,44,0.59
bPbl,8,6,14,0.57
bPbm,10,12,22,0.45
bPbn,15,15,30,0.5
bPbs,11,15,26,0.42
bPhB,3,2,5,0.6
bPhH,1,1,2,0.5
bPhL,0,1,1,0.0
bPhM,1,2,3,0.33
bPhN,2,2,4,0.5
bPhP,3,2,5,0.6
bPhS,4,3,7,0.57
bPhb,1,1,2,0.5
bPhh,2,4,6,0.33
bPhl,0,2,2,0.0
bPhm,1,2,3,0.33
bPhn,2,4,6,0.33
bPhs,0,0,0,
bPlB,5,11,16,0.31
bPlD,0,1,1,0.0
bPlH,7,8,15,0.47
bPlI,0,1,1,0.0
bPlJ,1,1,2,0.5
bPlL,2,5,7,0.29
bPlM,7,12,19,0.37
bPlN,10,11,21,0.48
bPlP,15,24,39,0.38
bPlS,8,8,16,0.5
bPlb,22,11,33,0.67
bPll,3,5,8,0.38
bPlm,9,6,15,0.6
bPln,1,11,12,0.08
bPls,1,2,3,0.33
bPmB,14,6,20,0.7
bPmD,2,0,2,1.0
bPmH,15,15,30,0.5
bPmI,1,0,1,1.0
bPmJ,0,2,2,0.0
bPmL,4,4,8,0.5
bPmM,18,13,31,0.58
bPmN,20,12,32,0.62
bPmP,11,18,29,0.38
bPmS,14,4,18,0.78
bPmb,13,10,23,0.57
bPml,5,6,11,0.45
bPmm,13,9,22,0.59
bPmn,8,18,26,0.31
bPms,2,6,8,0.25
bPnB,16,15,31,0.52
bPnD,2,2,4,0.5
bPnH,11,13,24,0.46
bPnI,5,2,7,0.71
bPnK,0,1,1,0.0
bPnL,9,5,14,0.64
bPnM,11,13,24,0.46
bPnN,24,13,37,0.65
bPnP,24,26,50,0.48
bPnS,10,8,18,0.56
bPnb,16,22,38,0.42
bPnh,1,0,1,1.0
bPnl,8,8,16,0.5
bPnm,10,16,26,0.38
bPnn,13,26,39,0.33
bPns,17,11,28,0.61
bPsB,3,3,6,0.5
bPsD,0,0,0,
bPsH,10,6,16,0.62
bPsI,3,1,4,0.75
bPsK,0,1,1,0.0
bPsL,4,6,10,0.4
bPsM,8,11,19,0.42
bPsN,13,8,21,0.62
bPsP,11,16,27,0.41
bPsS,8,10,18,0.44
bPsb,13,11,24,0.54
bPsl,4,3,7,0.57
bPsm,8,8,16,0.5
bPsn,6,10,16,0.38
bPss,5,7,12,0.42
bPst,0,1,1,0.0
bPtB,1,1,2,0.5
bPtH,1,0,1,1.0
bPtM,3,1,4,0.75
bPtN,2,1,3,0.67
bPtP,2,5,7,0.29
bPtS,4,1,5,0.8
bPtb,1,3,4,0.25
bPth,1,0,1,1.0
bPtl,1,0,1,1.0
bPtm,0,2,2,0.0
bPtn,2,2,4,0.5
bPts,2,2,4,0.5
bPtt,0,2,2,0.0
bSBB,1,4,5,0.2
bSBD,0,0,0,
bSBL,2,2,4,0.5
bSBM,2,3,5,0.4
bSBN,9,4,13,0.69
bSBP,8,5,13,0.62
bSBS,1,3,4,0.25
bSBb,5,5,10,0.5
bSBh,0,3,3,0.0
bSBj,0,2,2,0.0
bSBl,4,2,6,0.67
bSBm,12,6,18,0.67
bSBn,10,7,17,0.59
bSBs,2,4,6,0.33
bSBt,2,1,3,0.67
bSDB,1,0,1,1.0
bSDH,1,1,2,0.5
bSDI,0,1,1,0.0
bSDN,1,0,1,1.0
bSDP,2,1,3,0.67
bSDS,1,0,1,1.0
bSDb,0,1,1,0.0
bSDn,0,1,1,0.0
bSDs,0,1,1,0.0
bSHB,1,2,3,0.33
bSHD,1,0,1,1.0
bSHH,1,0,1,1.0
bSHI,1,1,2,0.5
bSHK,0,1,1,0.0
bSHL,1,3,4,0.25
bSHM,2,1,3,0.67
bSHN,3,4,7,0.43
bSHP,4,8,12,0.33
bSHS,9,3,12,0.75
bSHb,1,0,1,1.0
bSHh,1,1,2,0.5
bSHl,1,1,2,0.5
bSHm,2,2,4,0.5
bSHn,4,2,6,0.67
bSHs,3,3,6,0.5
bSIS,0,0,0,
bSIm,0,1,1,0.0
bSLB,1,5,6,0.17
bSLD,1,0,1,1.0
bSLK,0,2,2,0.0
bSLL,1,1,2,0.5
bSLM,2,4,6,0.33
bSLN,5,2,7,0.71
bSLP,3,3,6,0.5
bSLS,4,1,5,0.8
bSLb,3,3,6,0.5
bSLh,2,0,2,1.0
bSLj,1,1,2,0.5
bSLl,0,2,2,0.0
bSLm,0,3,3,0.0
bSLn,5,2,7,0.71
bSLs,3,1,4,0.75
bSMB,6,6,12,0.5
bSMD,0,1,1,0.0
bSML,1,3,4,0.25
bSMM,2,5,7,0.29
bSMN,11,4,15,0.73
bSMP,8,8,16,0.5
bSMS,5,1,6,0.83
bSMb,11,12,23,0.48
bSMh,7,7,14,0.5
bSMj,3,2,5,0.6
bSMl,1,1,2,0.5
bSMm,11,2,13,0.85
bSMn,10,10,20,0.5
bSMs,2,5,7,0.29
bSMt,1,3,4,0.25
bSNB,4,6,10,0.4
bSNH,0,2,2,0.0
bSNL,1,2,3,0.33
bSNM,12,8,20,0.6
bSNN,7,3,10,0.7
bSNP,9,8,17,0.53
bSNS,6,7,13,0.46
bSNb,6,7,13,0.46
bSNh,3,2,5,0.6
bSNl,2,1,3,0.67
bSNm,8,6,14,0.57
bSNn,7,11,18,0.39
bSNs,2,5,7,0.29
bSNt,2,1,3,0.67
bSPB,6,8,14,0.43
bSPD,0,1,1,0.0
bSPH,2,6,8,0.25
bSPI,0,1,1,0.0
bSPK,3,3,6,0.5
bSPL,6,3,9,0.67
bSPM,12,11,23,0.52
bSPN,15,15,30,0.5
bSPP,15,18,33,0.45
bSPS,7,7,14,0.5
bSPb,9,17,26,0.35
bSPh,3,0,3,1.0
bSPl,7,4,11,0.64
bSPm,10,5,15,0.67
bSPn,9,5,14,0.64
bSPs,3,11,14,0.21
bSPt,1,1,2,0.5
bSSB,2,6,8,0.25
bSSD,0,1,1,0.0
bSSH,1,2,3,0.33
bSSK,0,0,0,
bSSL,0,3,3,0.0
bSSM,6,4,10,0.6
bSSN,9,3,12,0.75
bSSP,8,5,13,0.62
bSSS,4,6,10,0.4
bSSb,2,1,3,0.67
bSSh,5,4,9,0.56
bSSl,4,1,5,0.8
bSSm,3,6,9,0.33
bSSn,10,7,17,0.59
bSSs,3,9,12,0.25
bSSt,2,2,4,0.5
bSbB,1,4,5,0.2
bSbH,4,2,6,0.67
bSbI,0,0,0,
bSbJ,2,3,5,0.4
bSbK,2,0,2,1.0
bSbL,1,3,4,0.25
bSbM,3,4,7,0.43
bSbN,5,8,13,0.38
bSbP,6,7,13,0.46
bSbS,5,5,10,0.5
bSbb,6,5,11,0.55
bSbl,2,2,4,0.5
bSbm,4,7,11,0.36
bSbn,8,6,14,0.57
bSbs,10,4,14,0.71
bShB,1,1,2,0.5
bShD,1,1,2,0.5
bShI,1,0,1,1.0
bShL,1,0,1,1.0
bShM,5,5,10,0.5
bShN,4,3,7,0.57
bShP,3,2,5,0.6
bShS,2,4,6,0.33
bShb,7,7,14,0.5
bShh,5,3,8,0.62
bShl,4,0,4,1.0
bShm,4,6,10,0.4
bShn,7,13,20,0.35
bShs,2,5,7,0.29
bSht,1,0,1,1.0
bSlB,2,1,3,0.67
bSlH,1,3,4,0.25
bSlJ,1,1,2,0.5
bSlL,3,0,3,1.0
bSlM,2,5,7,0.29
bSlN,3,2,5,0.6
bSlP,4,8,12,0.33
bSlS,5,3,8,0.62
bSlb,2,1,3,0.67
bSll,3,0,3,1.0
bSlm,4,2,6,0.67
bSln,2,3,5,0.4
bSls,2,2,4,0.5
bSmB,5,5,10,0.5
bSmD,1,0,1,1.0
bSmH,3,5,8,0.38
bSmI,1,0,1,1.0
bSmJ,2,1,3,0.67
bSmL,0,2,2,0.0
bSmM,3,3,6,0.5
bSmN,7,5,12,0.58
bSmP,6,2,8,0.75
bSmS,7,1,8,0.88
bSmb,11,8,19,0.58
bSml,1,1,2,0.5
bSmm,2,4,6,0.33
bSmn,9,8,17,0.53
bSms,5,2,7,0.71
bSnB,4,1,5,0.8
bSnD,0,1,1,0.0
bSnH,3,5,8,0.38
bSnI,3,1,4,0.75
bSnL,4,1,5,0.8
bSnM,1,8,9,0.11
bSnN,19,8,27,0.7
bSnP,18,14,32,0.56
bSnS,9,4,13,0.69
bSnb,11,7,18,0.61
bSnl,4,3,7,0.57
bSnm,7,6,13,0.54
bSnn,10,13,23,0.43
bSns,3,5,8,0.38
bSsB,4,3,7,0.57
bSsD,1,0,1,1.0
bSsH,8,5,13,0.62
bSsI,1,0,1,1.0
bSsK,1,1,2,0.5
bSsL,1,2,3,0.33
bSsM,1,8,9,0.11
bSsN,1,4,5,0.2
bSsP,8,7,15,0.53
bSsS,7,6,13,0.54
bSsb,9,7,16,0.56
bSsl,3,0,3,1.0
bSsm,3,4,7,0.43
bSsn,8,6,14,0.57
bSss,2,3,5,0.4
bSst,0,1,1,0.0
bStB,2,0,2,1.0
bStH,1,0,1,1.0
bStL,1,1,2,0.5
bStM,0,2,2,0.0
bStN,0,1,1,0.0
bStP,1,3,4,0.25
bStS,1,3,4,0.25
bStb,1,2,3,0.33
bStl,0,1,1,0.0
bStm,1,2,3,0.33
bStn,0,2,2,0.0
bSts,2,1,3,0.67
bbBB,7,8,15,0.47
bbBD,1,0,1,1.0
bbBK,0,1,1,0.0
bbBL,2,3,5,0.4
bbBM,12,15,27,0.44
bbBN,21,22,43,0.49
bbBP,19,14,33,0.58
bbBS,6,6,12,0.5
bbBb,16,21,37,0.43
bbBh,4,3,7,0.57
bbBj,3,3,6,0.5
bbBl,5,8,13,0.38
bbBm,10,15,25,0.4
bbBn,21,17,38,0.55
bbBs,4,2,6,0.67
bbBt,1,2,3,0.33
bbDB,1,0,1,1.0
bbDH,0,0,0,
bbDL,2,0,2,1.0
bbDM,2,0,2,1.0
bbDN,2,0,2,1.0
bbDP,1,2,3,0.33
bbDS,0,1,1,0.0
bbDb,1,0,1,1.0
bbDm,0,1,1,0.0
bbDn,1,1,2,0.5
bbDs,1,0,1,1.0
bbHB,3,5,8,0.38
bbHD,0,1,1,0.0
bbHH,0,0,0,
bbHL,2,1,3,0.67
bbHM,0,2,2,0.0
bbHN,10,10,20,0.5
bbHP,5,8,13,0.38
bbHS,5,3,8,0.62
bbHb,2,6,8,0.25
bbHh,1,1,2,0.5
bbHl,5,2,7,0.71
bbHm,3,3,6,0.5
bbHn,6,7,13,0.46
bbHs,3,1,4,0.75
bbIB,1,2,3,0.33
bbIH,1,1,2,0.5
bbIL,1,0,1,1.0
bbIM,1,2,3,0.33
bbIN,2,0,2,1.0
bbIP,3,1,4,0.75
bbIS,1,1,2,0.5
bbIb,1,1,2,0.5
bbIn,1,1,2,0.5
bbIs,0,2,2,0.0
bbJB,3,2,5,0.6
bbJH,2,1,3,0.67
bbJI,1,0,1,1.0
bbJK,1,0,1,1.0
bbJL,2,1,3,0.67
bbJM,3,4,7,0.43
bbJN,3,3,6,0.5
bbJP,5,11,16,0.31
bbJS,2,4,6,0.33
bbJb,1,9,10,0.1
bbJh,1,0,1,1.0
bbJl,0,2,2,0.0
bbJm,2,4,6,0.33
bbJn,3,3,6,0.5
bbJs,1,2,3,0.33
bbKM,1,2,3,0.33
bbKN,3,1,4,0.75
bbKP,3,2,5,0.6
bbKS,1,1,2,0.5
bbKb,3,1,4,0.75
bbKh,1,2,3,0.33
bbKn,2,4,6,0.33
bbLB,1,2,3,0.33
bbLL,3,3,6,0.5
bbLM,9,8,17,0.53
bbLN,5,6,11,0.45
bbLP,8,10,18,0.44
bbLS,3,1,4,0.75
bbLb,2,2,4,0.5
bbLh,2,2,4,0.5
bbLj,2,1,3,0.67
bbLl,2,3,5,0.4
bbLm,1,6,7,0.14
bbLn,12,6,18,0.67
bbLs,3,6,9,0.33
bbLt,0,0,0,
bbMB,13,13,26,0.5
bbMD,1,0,1,1.0
bbML,7,7,14,0.5
bbMM,18,15,33,0.55
bbMN,15,15,30,0.5
bbMP,16,21,37,0.43
bbMS,5,10,15,0.33
bbMb,20,20,40,0.5
bbMh,21,12,33,0.64
bbMj,2,2,4,0.5
bbMl,2,11,13,0.15
bbMm,16,8,24,0.67
bbMn,21,24,45,0.47
bbMs,11,16,27,0.41
bbMt,1,0,1,1.0
bbNB,21,12,33,0.64
bbND,0,1,1,0.0
bbNH,3,3,6,0.5
bbNL,3,8,11,0.27
bbNM,31,22,53,0.58
bbNN,21,19,40,0.52
bbNP,31,28,59,0.53
bbNS,10,15,25,0.4
bbNb,14,13,27,0.52
bbNh,4,4,8,0.5
bbNl,7,3,10,0.7
bbNm,17,14,31,0.55
bbNn,13,22,35,0.37
bbNs,14,8,22,0.64
bbNt,6,6,12,0.5
bbPB,9,24,33,0.27
bbPD,2,1,3,0.67
bbPH,4,8,12,0.33
bbPI,3,1,4,0.75
bbPK,1,0,1,1.0
bbPL,4,10,14,0.29
bbPM,27,22,49,0.55
bbPN,22,23,45,0.49
bbPP,29,21,50,0.58
bbPS,8,9,17,0.47
bbPb,20,16,36,0.56
bbPh,2,1,3,0.67
bbPl,13,9,22,0.59
bbPm,16,10,26,0.62
bbPn,25,26,51,0.49
bbPs,8,9,17,0.47
bbPt,2,0,2,1.0
bbSB,7,8,15,0.47
bbSD,2,0,2,1.0
bbSH,3,2,5,0.6
bbSL,1,2,3,0.33
bbSM,6,6,12,0.5
bbSN,6,5,11,0.55
bbSP,11,11,22,0.5
bbSS,4,6,10,0.4
bbSb,4,5,9,0.44
bbSh,1,6,7,0.14
bbSl,2,3,5,0.4
bbSm,1,2,3,0.33
bbSn,4,7,11,0.36
bbSs,4,5,9,0.44
bbSt,1,2,3,0.33
bbbB,20,21,41,0.49
bbbD,3,2,5,0.6
bbbH,5,8,13,0.38
bbbI,1,0,1,1.0
bbbJ,4,2,6,0.67
bbbK,2,0,2,1.0
bbbL,7,5,12,0.58
bbbM,18,24,42,0.43
bbbN,20,18,38,0.53
bbbP,27,21,48,0.56
bbbS,7,3,10,0.7
bbbb,21,18,39,0.54
bbbl,9,8,17,0.53
bbbm,12,8,20,0.6
bbbn,20,19,39,0.51
bbbs,6,6,12,0.5
bblB,4,7,11,0.36
bblD,2,0,2,1.0
bblH,4,2,6,0.67
bblI,1,1,2,0.5
bblK,1,0,1,1.0
bblL,3,2,5,0.6
bblM,5,5,10,0.5
bblN,10,8,18,0.56
bblP,7,6,13,0.54
bblS,5,4,9,0.56
bblb,7,7,14,0.5
bbll,1,2,3,0.33
bblm,4,2,6,0.67
bbln,5,8,13,0.38
bbls,1,4,5,0.2
bbmB,6,6,12,0.5
bbmH,4,8,12,0.33
bbmJ,5,5,10,0.5
bbmK,0,1,1,0.0
bbmL,3,4,7,0.43
bbmM,9,7,16,0.56
bbmN,17,8,25,0.68
bbmP,12,10,22,0.55
bbmS,5,4,9,0.56
bbmb,15,5,20,0.75
bbml,2,2,4,0.5
bbmm,7,4,11,0.64
bbmn,6,13,19,0.32
bbms,4,1,5,0.8
bbnB,16,9,25,0.64
bbnD,1,0,1,1.0
bbnH,15,7,22,0.68
bbnI,1,2,3,0.33
bbnK,0,1,1,0.0
bbnL,7,2,9,0.78
bbnM,20,21,41,0.49
bbnN,31,23,54,0.57
bbnP,25,28,53,0.47
bbnS,6,10,16,0.38
bbnb,20,17,37,0.54
bbnl,4,6,10,0.4
bbnm,16,6,22,0.73
bbnn,25,23,48,0.52
bbns,7,5,12,0.58
bbsB,4,3,7,0.57
bbsD,1,0,1,1.0
bbsH,6,7,13,0.46
bbsI,1,0,1,1.0
bbsL,2,0,2,1.0
bbsM,6,8,14,0.43
bbsN,6,8,14,0.43
bbsP,11,5,16,0.69
bbsS,7,3,10,0.7
bbsb,6,9,15,0.4
bbsh,0,1,1,0.0
bbsl,1,1,2,0.5
bbsm,5,6,11,0.45
bbsn,4,7,11,0.36
bbss,5,3,8,0.62
bhbb,1,0,1,1.0
blBB,7,4,11,0.64
blBL,0,0,0,
blBM,5,3,8,0.62
blBN,6,4,10,0.6
blBP,5,7,12,0.42
blBS,3,4,7,0.43
blBb,6,8,14,0.43
blBh,0,0,0,
blBj,1,2,3,0.33
blBl,2,1,3,0.67
blBm,3,1,4,0.75
blBn,7,11,18,0.39
blBs,4,1,5,0.8
blBt,2,1,3,0.67
blDB,1,1,2,0.5
blDL,0,1,1,0.0
blDM,2,0,2,1.0
blDN,1,0,1,1.0
blDP,2,1,3,0.67
blDS,0,1,1,0.0
blDt,0,1,1,0.0
blHB,5,2,7,0.71
blHD,2,0,2,1.0
blHH,2,0,2,1.0
blHI,1,0,1,1.0
blHK,0,0,0,
blHL,2,1,3,0.67
blHM,4,5,9,0.44
blHN,2,5,7,0.29
blHP,8,3,11,0.73
blHS,1,1,2,0.5
blHb,3,2,5,0.6
blHh,4,0,4,1.0
blHl,1,0,1,1.0
blHm,2,2,4,0.5
blHn,6,3,9,0.67
blHs,3,3,6,0.5
blIB,0,1,1,0.0
blIH,1,0,1,1.0
blIL,1,0,1,1.0
blIM,2,1,3,0.67
blIN,0,1,1,0.0
blIP,1,0,1,1.0
blIS,1,0,1,1.0
blIb,2,1,3,0.67
blIm,1,0,1,1.0
blJB,0,1,1,0.0
blJL,1,2,3,0.33
blJM,4,2,6,0.67
blJN,1,2,3,0.33
blJP,2,2,4,0.5
blJS,0,1,1,0.0
blJb,1,2,3,0.33
blJh,1,0,1,1.0
blJl,2,2,4,0.5
blJs,0,1,1,0.0
blKM,3,0,3,1.0
blKN,0,1,1,0.0
blKP,1,0,1,1.0
blKb,0,0,0,
blKh,0,1,1,0.0
blKn,1,0,1,1.0
blLB,1,2,3,0.33
blLD,1,0,1,1.0
blLK,0,1,1,0.0
blLL,1,1,2,0.5
blLM,6,2,8,0.75
blLN,2,1,3,0.67
blLP,6,3,9,0.67
blLS,4,0,4,1.0
blLb,2,3,5,0.4
blLh,2,0,2,1.0
blLj,0,0,0,
blLm,5,1,6,0.83
blLn,3,3,6,0.5
blLs,3,0,3,1.0
blMB,5,2,7,0.71
blML,2,0,2,1.0
blMM,8,6,14,0.57
blMN,6,4,10,0.6
blMP,4,6,10,0.4
blMS,2,3,5,0.4
blMb,7,6,13,0.54
blMh,9,6,15,0.6
blMj,1,0,1,1.0
blMl,0,5,5,0.0
blMm,4,5,9,0.44
blMn,7,10,17,0.41
blMs,2,4,6,0.33
blMt,4,0,4,1.0
blNB,7,6,13,0.54
blND,2,0,2,1.0
blNH,0,2,2,0.0
blNK,0,1,1,0.0
blNL,5,2,7,0.71
blNM,5,7,12,0.42
blNN,7,13,20,0.35
blNP,13,7,20,0.65
blNS,4,7,11,0.36
blNb,5,6,11,0.45
blNh,4,1,5,0.8
blNl,6,3,9,0.67
blNm,4,6,10,0.4
blNn,7,10,17,0.41
blNs,1,8,9,0.11
blNt,1,2,3,0.33
blPB,9,6,15,0.6
blPD,0,1,1,0.0
blPH,2,0,2,1.0
blPI,1,0,1,1.0
blPK,0,2,2,0.0
blPL,6,3,9,0.67
blPM,7,13,20,0.35
blPN,6,7,13,0.46
blPP,15,11,26,0.58
blPS,3,8,11,0.27
blPb,8,12,20,0.4
blPh,2,0,2,1.0
blPl,6,1,7,0.86
blPm,7,4,11,0.64
blPn,6,8,14,0.43
blPs,1,4,5,0.2
blPt,0,2,2,0.0
blSB,1,3,4,0.25
blSD,1,0,1,1.0
blSH,4,0,4,1.0
blSI,0,0,0,
blSL,2,1,3,0.67
blSM,8,2,10,0.8
blSN,4,2,6,0.67
blSP,9,3,12,0.75
blSS,3,4,7,0.43
blSb,2,4,6,0.33
blSh,0,5,5,0.0
blSl,0,3,3,0.0
blSm,2,3,5,0.4
blSn,2,4,6,0.33
blSs,2,4,6,0.33
blSt,2,0,2,1.0
blbB,7,7,14,0.5
blbH,2,1,3,0.67
blbI,1,1,2,0.5
blbJ,2,2,4,0.5
blbK,0,3,3,0.0
blbL,1,2,3,0.33
blbM,6,4,10,0.6
blbN,8,10,18,0.44
blbP,16,9,25,0.64
blbS,2,0,2,1.0
blbb,14,6,20,0.7
blbl,1,3,4,0.25
blbm,5,4,9,0.56
blbn,8,6,14,0.57
blbs,6,4,10,0.6
blhP,0,0,0,
bllB,2,2,4,0.5
bllD,1,0,1,1.0
bllH,1,1,2,0.5
bllI,0,1,1,0.0
bllL,0,1,1,0.0
bllM,2,4,6,0.33
bllN,1,0,1,1.0
bllP,3,2,5,0.6
bllS,4,1,5,0.8
bllb,4,1,5,0.8
blll,0,0,0,
bllm,1,2,3,0.33
blln,1,0,1,1.0
blls,2,2,4,0.5
blmB,5,3,8,0.62
blmH,4,6,10,0.4
blmJ,1,0,1,1.0
blmL,1,1,2,0.5
blmM,4,5,9,0.44
blmN,5,5,10,0.5
blmP,3,7,10,0.3
blmS,3,4,7,0.43
blmb,7,4,11,0.64
blml,1,1,2,0.5
blmm,2,3,5,0.4
blmn,3,6,9,0.33
blms,2,0,2,1.0
blnB,3,4,7,0.43
blnH,3,1,4,0.75
blnI,1,1,2,0.5
blnK,1,0,1,1.0
blnL,3,3,6,0.5
blnM,8,3,11,0.73
blnN,11,6,17,0.65
blnP,9,9,18,0.5
blnS,5,4,9,0.56
blnb,10,4,14,0.71
blnl,4,1,5,0.8
blnm,4,6,10,0.4
blnn,6,7,13,0.46
blns,5,4,9,0.56
blsB,1,2,3,0.33
blsD,1,0,1,1.0
blsH,3,3,6,0.5
blsL,2,1,3,0.67
blsM,3,3,6,0.5
blsN,2,1,3,0.67
blsP,6,10,16,0.38
blsS,3,1,4,0.75
blsb,2,1,3,0.67
blsl,3,0,3,1.0
blsm,2,3,5,0.4
blsn,2,2,4,0.5
blss,0,1,1,0.0
bmBB,2,5,7,0.29
bmBK,0,1,1,0.0
bmBL,7,1,8,0.88
bmBM,8,7,15,0.53
bmBN,4,9,13,0.31
bmBP,11,13,24,0.46
bmBS,4,5,9,0.44
bmBb,6,4,10,0.6
bmBh,1,2,3,0.33
bmBj,2,5,7,0.29
bmBl,5,5,10,0.5
bmBm,5,7,12,0.42
bmBn,14,12,26,0.54
bmBs,8,2,10,0.8
bmBt,1,2,3,0.33
bmDB,0,1,1,0.0
bmDH,0,2,2,0.0
bmDM,1,0,1,1.0
bmDN,1,1,2,0.5
bmDP,1,3,4,0.25
bmDS,1,0,1,1.0
bmDb,0,1,1,0.0
bmDn,1,0,1,1.0
bmDs,0,0,0,
bmHB,9,5,14,0.64
bmHH,2,0,2,1.0
bmHL,5,4,9,0.56
bmHM,9,6,15,0.6
bmHN,6,9,15,0.4
bmHP,10,11,21,0.48
bmHS,4,4,8,0.5
bmHb,4,4,8,0.5
bmHh,2,3,5,0.4
bmHl,4,3,7,0.57
bmHm,10,5,15,0.67
bmHn,7,8,15,0.47
bmHs,6,5,11,0.55
bmHt,2,0,2,1.0
bmIB,2,0,2,1.0
bmIH,0,1,1,0.0
bmIM,0,2,2,0.0
bmIN,1,2,3,0.33
bmIP,0,2,2,0.0
bmIS,1,2,3,0.33
bmIb,2,2,4,0.5
bmIn,0,0,0,
bmJH,0,2,2,0.0
bmJL,1,0,1,1.0
bmJM,1,3,4,0.25
bmJN,4,3,7,0.57
bmJP,6,3,9,0.67
bmJS,2,4,6,0.33
bmJb,5,4,9,0.56
bmJh,0,1,1,0.0
bmJl,2,1,3,0.67
bmJm,3,1,4,0.75
bmJn,2,1,3,0.67
bmJs,1,1,2,0.5
bmJt,1,0,1,1.0
bmKH,0,1,1,0.0
bmLB,3,3,6,0.5
bmLD,0,0,0,
bmLL,1,1,2,0.5
bmLM,1,3,4,0.25
bmLN,6,6,12,0.5
bmLP,2,5,7,0.29
bmLS,5,1,6,0.83
bmLb,7,4,11,0.64
bmLh,0,2,2,0.0
bmLj,1,0,1,1.0
bmLl,4,1,5,0.8
bmLm,0,1,1,0.0
bmLn,6,11,17,0.35
bmLs,3,1,4,0.75
bmLt,1,0,1,1.0
bmMB,2,5,7,0.29
bmMK,0,0,0,
bmML,1,3,4,0.25
bmMM,8,15,23,0.35
bmMN,16,12,28,0.57
bmMP,10,17,27,0.37
bmMS,7,9,16,0.44
bmMb,16,8,24,0.67
bmMh,6,12,18,0.33
bmMj,6,2,8,0.75
bmMl,2,1,3,0.67
bmMm,10,11,21,0.48
bmMn,19,20,39,0.49
bmMs,7,3,10,0.7
bmMt,2,5,7,0.29
bmNB,8,7,15,0.53
bmNH,5,2,7,0.71
bmNK,1,0,1,1.0
bmNL,4,1,5,0.8
bmNM,12,9,21,0.57
bmNN,19,19,38,0.5
bmNP,17,16,33,0.52
bmNS,9,10,19,0.47
bmNb,12,12,24,0.5
bmNh,0,3,3,0.0
bmNl,7,5,12,0.58
bmNm,11,6,17,0.65
bmNn,19,17,36,0.53
bmNs,8,8,16,0.5
bmNt,5,1,6,0.83
bmPB,13,11,24,0.54
bmPD,0,2,2,0.0
bmPH,5,5,10,0.5
bmPI,2,2,4,0.5
bmPK,1,0,1,1.0
bmPL,4,4,8,0.5
bmPM,10,9,19,0.53
bmPN,14,17,31,0.45
bmPP,28,16,44,0.64
bmPS,11,7,18,0.61
bmPb,15,13,28,0.54
bmPh,1,0,1,1.0
bmPl,6,9,15,0.4
bmPm,6,9,15,0.4
bmPn,8,13,21,0.38
bmPs,5,10,15,0.33
bmPt,1,2,3,0.33
bmSB,3,3,6,0.5
bmSD,0,1,1,0.0
bmSH,0,4,4,0.0
bmSL,0,1,1,0.0
bmSM,0,3,3,0.0
bmSN,13,7,20,0.65
bmSP,10,5,15,0.67
bmSS,6,5,11,0.55
bmSb,4,8,12,0.33
bmSh,1,2,3,0.33
bmSl,3,1,4,0.75
bmSm,5,6,11,0.45
bmSn,9,8,17,0.53
bmSs,5,4,9,0.56
bmSt,1,3,4,0.25
bmbB,15,14,29,0.52
bmbH,0,2,2,0.0
bmbI,1,1,2,0.5
bmbJ,6,6,12,0.5
bmbK,2,1,3,0.67
bmbL,5,3,8,0.62
bmbM,10,9,19,0.53
bmbN,10,26,36,0.28
bmbP,12,15,27,0.44
bmbS,4,8,12,0.33
bmbb,10,13,23,0.43
bmbl,3,3,6,0.5
bmbm,9,3,12,0.75
bmbn,9,7,16,0.56
bmbs,4,3,7,0.57
bmlB,1,2,3,0.33
bmlD,0,0,0,
bmlH,2,6,8,0.25
bmlI,0,1,1,0.0
bmlL,1,1,2,0.5
bmlM,3,5,8,0.38
bmlN,5,5,10,0.5
bmlP,1,4,5,0.2
bmlS,0,3,3,0.0
bmlb,4,3,7,0.57
bmll,0,1,1,0.0
bmlm,3,1,4,0.75
bmln,3,1,4,0.75
bmmB,4,8,12,0.33
bmmD,0,1,1,0.0
bmmH,3,0,3,1.0
bmmI,3,0,3,1.0
bmmJ,2,0,2,1.0
bmmL,2,4,6,0.33
bmmM,6,9,15,0.4
bmmN,13,9,22,0.59
bmmP,12,6,18,0.67
bmmS,3,4,7,0.43
bmmb,4,12,16,0.25
bmml,2,1,3,0.67
bmmm,4,2,6,0.67
bmmn,3,7,10,0.3
bmms,2,2,4,0.5
bmnB,8,5,13,0.62
bmnD,3,0,3,1.0
bmnH,7,4,11,0.64
bmnI,3,2,5,0.6
bmnL,1,5,6,0.17
bmnM,10,10,20,0.5
bmnN,18,17,35,0.51
bmnP,12,19,31,0.39
bmnS,8,7,15,0.53
bmnb,16,5,21,0.76
bmnl,4,2,6,0.67
bmnm,6,10,16,0.38
bmnn,20,13,33,0.61
bmns,7,7,14,0.5
bmsB,2,2,4,0.5
bmsD,0,1,1,0.0
bmsH,3,5,8,0.38
bmsL,2,2,4,0.5
bmsM,0,1,1,0.0
bmsN,4,5,9,0.44
bmsP,0,3,3,0.0
bmsS,5,3,8,0.62
bmsb,3,4,7,0.43
bmsl,2,2,4,0.5
bmsm,4,2,6,0.67
bmsn,2,4,6,0.33
bmss,1,4,5,0.2
bnBB,9,7,16,0.56
bnBD,1,0,1,1.0
bnBK,0,1,1,0.0
bnBL,1,6,7,0.14
bnBM,11,8,19,0.58
bnBN,12,17,29,0.41
bnBP,13,20,33,0.39
bnBS,5,6,11,0.45
bnBb,8,7,15,0.53
bnBh,2,0,2,1.0
bnBj,2,3,5,0.4
bnBl,5,3,8,0.62
bnBm,8,5,13,0.62
bnBn,14,14,28,0.5
bnBs,8,5,13,0.62
bnBt,3,0,3,1.0
bnDD,1,0,1,1.0
bnDH,3,0,3,1.0
bnDM,1,1,2,0.5
bnDN,2,2,4,0.5
bnDP,1,2,3,0.33
bnDS,1,1,2,0.5
bnDm,3,0,3,1.0
bnDn,0,1,1,0.0
bnDs,0,0,0,
bnHB,3,3,6,0.5
bnHD,1,0,1,1.0
bnHH,1,4,5,0.2
bnHK,0,1,1,0.0
bnHL,1,3,4,0.25
bnHM,8,9,17,0.47
bnHN,20,10,30,0.67
bnHP,14,15,29,0.48
bnHS,3,6,9,0.33
bnHb,6,7,13,0.46
bnHh,3,3,6,0.5
bnHl,3,1,4,0.75
bnHm,4,5,9,0.44
bnHn,12,13,25,0.48
bnHs,6,3,9,0.67
bnHt,3,3,6,0.5
bnIH,0,1,1,0.0
bnIL,0,1,1,0.0
bnIM,2,1,3,0.67
bnIN,4,0,4,1.0
bnIP,1,0,1,1.0
bnIS,0,2,2,0.0
bnIb,2,3,5,0.4
bnIl,0,0,0,
bnIm,1,1,2,0.5
bnIn,0,4,4,0.0
bnIs,1,0,1,1.0
bnIt,1,0,1,1.0
bnKH,0,1,1,0.0
bnKM,1,2,3,0.33
bnKN,1,0,1,1.0
bnKP,2,4,6,0.33
bnKS,1,1,2,0.5
bnKb,0,0,0,
bnKl,2,0,2,1.0
bnKn,1,1,2,0.5
bnLB,2,3,5,0.4
bnLD,1,0,1,1.0
bnLL,1,0,1,1.0
bnLM,5,8,13,0.38
bnLN,4,9,13,0.31
bnLP,5,4,9,0.56
bnLS,4,4,8,0.5
bnLb,5,10,15,0.33
bnLh,8,5,13,0.62
bnLj,1,0,1,1.0
bnLl,3,4,7,0.43
bnLm,3,3,6,0.5
bnLn,3,6,9,0.33
bnLs,2,1,3,0.67
bnLt,0,2,2,0.0
bnMB,12,6,18,0.67
bnMD,0,2,2,0.0
bnML,2,2,4,0.5
bnMM,17,17,34,0.5
bnMN,19,12,31,0.61
bnMP,24,11,35,0.69
bnMS,12,4,16,0.75
bnMb,15,16,31,0.48
bnMh,12,12,24,0.5
bnMj,7,6,13,0.54
bnMl,8,4,12,0.67
bnMm,14,11,25,0.56
bnMn,25,19,44,0.57
bnMs,6,8,14,0.43
bnMt,2,1,3,0.67
bnNB,11,18,29,0.38
bnND,1,2,3,0.33
bnNH,3,3,6,0.5
bnNK,1,3,4,0.25
bnNL,8,10,18,0.44
bnNM,17,27,44,0.39
bnNN,23,26,49,0.47
bnNP,35,30,65,0.54
bnNS,17,10,27,0.63
bnNb,18,18,36,0.5
bnNh,11,6,17,0.65
bnNl,9,7,16,0.56
bnNm,18,14,32,0.56
bnNn,28,26,54,0.52
bnNs,14,16,30,0.47
bnNt,4,7,11,0.36
bnPB,22,17,39,0.56
bnPH,8,8,16,0.5
bnPI,1,1,2,0.5
bnPK,2,0,2,1.0
bnPL,8,14,22,0.36
bnPM,37,24,61,0.61
bnPN,27,20,47,0.57
bnPP,33,45,78,0.42
bnPS,16,9,25,0.64
bnPb,20,30,50,0.4
bnPh,1,3,4,0.25
bnPl,10,11,21,0.48
bnPm,22,12,34,0.65
bnPn,30,20,50,0.6
bnPs,18,13,31,0.58
bnPt,1,2,3,0.33
bnSB,5,9,14,0.36
bnSD,1,1,2,0.5
bnSH,3,5,8,0.38
bnSK,2,0,2,1.0
bnSL,5,5,10,0.5
bnSM,7,9,16,0.44
bnSN,8,8,16,0.5
bnSP,3,12,15,0.2
bnSS,7,7,14,0.5
bnSb,9,7,16,0.56
bnSh,6,7,13,0.46
bnSl,1,4,5,0.2
bnSm,6,3,9,0.67
bnSn,11,12,23,0.48
bnSs,8,7,15,0.53
bnSt,2,3,5,0.4
bnbB,14,13,27,0.52
bnbD,2,1,3,0.67
bnbH,7,1,8,0.88
bnbI,2,0,2,1.0
bnbJ,3,4,7,0.43
bnbK,0,1,1,0.0
bnbL,5,5,10,0.5
bnbM,19,15,34,0.56
bnbN,27,23,50,0.54
bnbP,19,28,47,0.4
bnbS,7,7,14,0.5
bnbb,19,19,38,0.5
bnbl,7,6,13,0.54
bnbm,13,14,27,0.48
bnbn,11,17,28,0.39
bnbs,5,8,13,0.38
bnhB,0,1,1,0.0
bnhM,1,2,3,0.33
bnhP,1,1,2,0.5
bnhb,3,0,3,1.0
bnhl,0,2,2,0.0
bnhm,1,0,1,1.0
bnhs,0,0,0,
bnlB,4,6,10,0.4
bnlD,0,0,0,
bnlH,3,5,8,0.38
bnlJ,1,3,4,0.25
bnlK,0,1,1,0.0
bnlL,1,0,1,1.0
bnlM,5,7,12,0.42
bnlN,12,5,17,0.71
bnlP,10,5,15,0.67
bnlS,6,2,8,0.75
bnlb,9,2,11,0.82
bnlh,1,0,1,1.0
bnll,1,3,4,0.25
bnlm,4,2,6,0.67
bnln,3,5,8,0.38
bnls,2,1,3,0.67
bnmB,9,10,19,0.47
bnmD,2,3,5,0.4
bnmH,3,9,12,0.25
bnmI,1,2,3,0.33
bnmJ,5,1,6,0.83
bnmL,2,5,7,0.29
bnmM,12,14,26,0.46
bnmN,14,12,26,0.54
bnmP,15,14,29,0.52
bnmS,2,7,9,0.22
bnmb,5,9,14,0.36
bnml,6,4,10,0.6
bnmm,10,3,13,0.77
bnmn,17,6,23,0.74
bnms,5,3,8,0.62
bnnB,10,9,19,0.53
bnnH,12,12,24,0.5
bnnI,1,1,2,0.5
bnnK,3,2,5,0.6
bnnL,5,2,7,0.71
bnnM,20,18,38,0.53
bnnN,24,29,53,0.45
bnnP,38,18,56,0.68
bnnS,8,10,18,0.44
bnnb,22,16,38,0.58
bnnh,0,1,1,0.0
bnnl,2,4,6,0.33
bnnm,8,11,19,0.42
bnnn,23,28,51,0.45
bnns,16,11,27,0.59
bnsB,2,7,9,0.22
bnsD,1,1,2,0.5
bnsH,12,8,20,0.6
bnsI,0,0,0,
bnsK,0,1,1,0.0
bnsL,0,2,2,0.0
bnsM,3,12,15,0.2
bnsN,11,15,26,0.42
bnsP,15,14,29,0.52
bnsS,7,5,12,0.58
bnsb,7,8,15,0.47
bnsl,3,6,9,0.33
bnsm,0,4,4,0.0
bnsn,6,11,17,0.35
bnss,7,5,12,0.58
bntH,0,1,1,0.0
bsBB,1,2,3,0.33
bsBD,0,0,0,
bsBH,0,0,0,
bsBL,2,1,3,0.67
bsBM,6,6,12,0.5
bsBN,1,3,4,0.25
bsBP,3,8,11,0.27
bsBS,1,2,3,0.33
bsBb,2,3,5,0.4
bsBj,0,1,1,0.0
bsBl,2,0,2,1.0
bsBm,6,6,12,0.5
bsBn,6,4,10,0.6
bsBs,3,0,3,1.0
bsBt,1,0,1,1.0
bsDH,2,1,3,0.67
bsDL,2,1,3,0.67
bsDM,1,0,1,1.0
bsDN,0,2,2,0.0
bsDb,1,0,1,1.0
bsDm,0,1,1,0.0
bsDn,1,1,2,0.5
bsDs,1,0,1,1.0
bsHB,0,5,5,0.0
bsHD,1,2,3,0.33
bsHH,2,3,5,0.4
bsHK,0,1,1,0.0
bsHL,0,4,4,0.0
bsHM,12,13,25,0.48
bsHN,9,11,20,0.45
bsHP,10,8,18,0.56
bsHS,3,4,7,0.43
bsHb,3,7,10,0.3
bsHh,4,2,6,0.67
bsHl,5,3,8,0.62
bsHm,5,1,6,0.83
bsHn,12,4,16,0.75
bsHs,3,3,6,0.5
bsHt,1,2,3,0.33
bsIB,0,1,1,0.0
bsIL,1,0,1,1.0
bsIM,0,2,2,0.0
bsIN,1,1,2,0.5
bsIP,1,0,1,1.0
bsIS,2,0,2,1.0
bsIb,1,2,3,0.33
bsIl,1,1,2,0.5
bsIn,0,0,0,
bsIs,1,0,1,1.0
bsKK,0,1,1,0.0
bsKb,1,0,1,1.0
bsKh,0,1,1,0.0
bsKl,0,1,1,0.0
bsKn,1,0,1,1.0
bsLB,2,4,6,0.33
bsLD,0,1,1,0.0
bsLK,1,0,1,1.0
bsLL,0,1,1,0.0
bsLM,3,6,9,0.33
bsLN,3,5,8,0.38
bsLP,1,2,3,0.33
bsLS,0,1,1,0.0
bsLb,3,2,5,0.6
bsLh,3,2,5,0.6
bsLl,2,3,5,0.4
bsLm,1,1,2,0.5
bsLn,3,3,6,0.5
bsLs,2,0,2,1.0
bsMB,9,7,16,0.56
bsMD,0,1,1,0.0
bsML,2,1,3,0.67
bsMM,7,8,15,0.47
bsMN,4,5,9,0.44
bsMP,9,7,16,0.56
bsMS,5,4,9,0.56
bsMb,5,10,15,0.33
bsMh,7,2,9,0.78
bsMj,3,2,5,0.6
bsMl,1,4,5,0.2
bsMm,7,1,8,0.88
bsMn,13,6,19,0.68
bsMs,5,3,8,0.62
bsMt,1,1,2,0.5
bsNB,9,3,12,0.75
bsND,1,1,2,0.5
bsNH,0,1,1,0.0
bsNK,0,2,2,0.0
bsNL,1,2,3,0.33
bsNM,10,9,19,0.53
bsNN,12,10,22,0.55
bsNP,10,9,19,0.53
bsNS,8,8,16,0.5
bsNb,4,5,9,0.44
bsNh,4,6,10,0.4
bsNl,3,2,5,0.6
bsNm,6,2,8,0.75
bsNn,15,13,28,0.54
bsNs,5,3,8,0.62
bsPB,7,8,15,0.47
bsPD,1,1,2,0.5
bsPH,3,2,5,0.6
bsPI,1,1,2,0.5
bsPK,1,1,2,0.5
bsPL,5,5,10,0.5
bsPM,6,9,15,0.4
bsPN,12,17,29,0.41
bsPP,16,10,26,0.62
bsPS,10,6,16,0.62
bsPb,11,9,20,0.55
bsPh,1,0,1,1.0
bsPl,8,3,11,0.73
bsPm,13,6,19,0.68
bsPn,9,6,15,0.6
bsPs,2,6,8,0.25
bsPt,1,3,4,0.25
bsSB,4,1,5,0.8
bsSH,3,3,6,0.5
bsSL,2,2,4,0.5
bsSM,6,6,12,0.5
bsSN,6,4,10,0.6
bsSP,7,11,18,0.39
bsSS,3,4,7,0.43
bsSb,4,5,9,0.44
bsSh,4,7,11,0.36
bsSl,0,5,5,0.0
bsSm,4,4,8,0.5
bsSn,3,6,9,0.33
bsSs,3,0,3,1.0
bsSt,1,4,5,0.2
bsbB,3,4,7,0.43
bsbD,3,0,3,1.0
bsbH,2,6,8,0.25
bsbI,1,0,1,1.0
bsbJ,3,1,4,0.75
bsbK,0,1,1,0.0
bsbL,5,2,7,0.71
bsbM,3,3,6,0.5
bsbN,8,4,12,0.67
bsbP,9,7,16,0.56
bsbS,4,3,7,0.57
bsbb,5,14,19,0.26
bsbl,3,4,7,0.43
bsbm,7,4,11,0.64
bsbn,6,5,11,0.55
bsbs,5,4,9,0.56
bshH,0,0,0,
bshM,1,0,1,1.0
bshN,0,1,1,0.0
bshh,0,1,1,0.0
bshl,1,0,1,1.0
bshm,1,0,1,1.0
bshn,0,1,1,0.0
bslB,5,1,6,0.83
bslD,0,1,1,0.0
bslH,1,3,4,0.25
bslJ,1,0,1,1.0
bslL,1,1,2,0.5
bslM,2,3,5,0.4
bslN,4,2,6,0.67
bslP,9,4,13,0.69
bslS,2,2,4,0.5
bslb,0,4,4,0.0
bsll,1,1,2,0.5
bslm,4,1,5,0.8
bsln,3,1,4,0.75
bsls,0,1,1,0.0
bsmB,4,6,10,0.4
bsmH,8,6,14,0.57
bsmJ,2,1,3,0.67
bsmL,3,2,5,0.6
bsmM,7,6,13,0.54
bsmN,1,7,8,0.12
bsmP,6,12,18,0.33
bsmS,1,6,7,0.14
bsmb,1,6,7,0.14
bsml,1,1,2,0.5
bsmm,1,2,3,0.33
bsmn,4,5,9,0.44
bsnB,2,5,7,0.29
bsnD,0,0,0,
bsnH,6,1,7,0.86
bsnI,1,0,1,1.0
bsnK,2,0,2,1.0
bsnL,0,3,3,0.0
bsnM,6,4,10,0.6
bsnN,11,11,22,0.5
bsnP,11,8,19,0.58
bsnS,1,2,3,0.33
bsnb,8,5,13,0.62
bsnl,3,2,5,0.6
bsnm,4,1,5,0.8
bsnn,10,6,16,0.62
bsns,2,4,6,0.33
bssB,1,6,7,0.14
bssD,2,0,2,1.0
bssH,5,5,10,0.5
bssL,1,1,2,0.5
bssM,5,8,13,0.38
bssN,2,2,4,0.5
bssP,6,5,11,0.55
bssS,2,3,5,0.4
bssb,1,4,5,0.2
bssl,2,2,4,0.5
bssm,4,0,4,1.0
bssn,2,6,8,0.25
bsss,5,1,6,0.83
hBBB,1,2,3,0.33
hBBL,0,0,0,
hBBM,1,2,3,0.33
hBBN,3,2,5,0.6
hBBP,3,1,4,0.75
hBBS,0,1,1,0.0
hBBb,3,2,5,0.6
hBBl,1,3,4,0.25
hBBm,1,1,2,0.5
hBBn,1,2,3,0.33
hBBs,2,0,2,1.0
hBBt,1,0,1,1.0
hBDM,0,0,0,
hBDN,1,0,1,1.0
hBDm,1,0,1,1.0
hBDn,1,0,1,1.0
hBKL,0,1,1,0.0
hBKM,0,1,1,0.0
hBKN,0,1,1,0.0
hBKn,1,0,1,1.0
hBKt,0,1,1,0.0
hBLB,0,2,2,0.0
hBLH,1,0,1,1.0
hBLL,1,0,1,1.0
hBLM,3,0,3,1.0
hBLN,0,1,1,0.0
hBLP,1,1,2,0.5
hBLb,0,1,1,0.0
hBLh,1,0,1,1.0
hBLl,0,1,1,0.0
hBLm,1,0,1,1.0
hBLn,2,1,3,0.67
hBLs,0,1,1,0.0
hBMB,2,6,8,0.25
hBMD,1,0,1,1.0
hBML,0,2,2,0.0
hBMM,1,3,4,0.25
hBMN,2,1,3,0.67
hBMP,2,3,5,0.4
hBMS,0,1,1,0.0
hBMb,1,1,2,0.5
hBMh,5,2,7,0.71
hBMj,0,1,1,0.0
hBMl,1,1,2,0.5
hBMm,6,1,7,0.86
hBMn,2,4,6,0.33
hBMs,1,0,1,1.0
hBMt,1,0,1,1.0
hBNB,2,4,6,0.33
hBND,1,0,1,1.0
hBNK,1,0,1,1.0
hBNL,0,1,1,0.0
hBNM,1,3,4,0.25
hBNN,1,7,8,0.12
hBNP,1,2,3,0.33
hBNS,3,0,3,1.0
hBNb,4,2,6,0.67
hBNl,1,2,3,0.33
hBNm,0,1,1,0.0
hBNn,3,4,7,0.43
hBNs,2,2,4,0.5
hBNt,1,0,1,1.0
hBPB,0,1,1,0.0
hBPH,0,1,1,0.0
hBPL,1,3,4,0.25
hBPM,1,3,4,0.25
hBPN,3,5,8,0.38
hBPP,3,2,5,0.6
hBPS,2,1,3,0.67
hBPb,4,2,6,0.67
hBPh,1,0,1,1.0
hBPl,1,1,2,0.5
hBPm,3,2,5,0.6
hBPn,3,2,5,0.6
hBPs,2,1,3,0.67
hBSB,0,1,1,0.0
hBSH,1,1,2,0.5
hBSM,1,0,1,1.0
hBSN,3,0,3,1.0
hBSP,1,3,4,0.25
hBSS,1,0,1,1.0
hBSb,0,3,3,0.0
hBSh,2,1,3,0.67
hBSl,1,1,2,0.5
hBSm,0,1,1,0.0
hBSn,1,2,3,0.33
hBSs,1,0,1,1.0
hBSt,0,0,0,
hBbB,2,5,7,0.29
hBbD,0,1,1,0.0
hBbH,0,0,0,
hBbJ,1,0,1,1.0
hBbL,2,1,3,0.67
hBbM,2,3,5,0.4
hBbN,6,3,9,0.67
hBbP,3,2,5,0.6
hBbS,1,2,3,0.33
hBbb,3,2,5,0.6
hBbl,2,0,2,1.0
hBbm,1,2,3,0.33
hBbn,3,3,6,0.5
hBbs,0,4,4,0.0
hBhB,1,0,1,1.0
hBhN,0,1,1,0.0
hBhP,1,0,1,1.0
hBhb,1,1,2,0.5
hBhl,0,0,0,
hBhn,1,1,2,0.5
hBjB,1,0,1,1.0
hBjD,1,0,1,1.0
hBjH,0,1,1,0.0
hBjL,0,2,2,0.0
hBjM,0,1,1,0.0
hBjN,0,0,0,
hBjP,1,0,1,1.0
hBjb,2,1,3,0.67
hBjl,2,1,3,0.67
hBjm,0,1,1,0.0
hBjn,1,1,2,0.5
hBjs,1,2,3,0.33
hBjt,0,1,1,0.0
hBlB,1,1,2,0.5
hBlH,0,1,1,0.0
hBlL,1,1,2,0.5
hBlM,1,2,3,0.33
hBlN,0,4,4,0.0
hBlP,2,1,3,0.67
hBlS,1,2,3,0.33
hBlb,2,1,3,0.67
hBll,1,0,1,1.0
hBlm,1,1,2,0.5
hBln,1,3,4,0.25
hBls,1,1,2,0.5
hBmB,1,1,2,0.5
hBmD,1,0,1,1.0
hBmH,4,0,4,1.0
hBmJ,1,2,3,0.33
hBmL,1,1,2,0.5
hBmM,3,0,3,1.0
hBmN,4,1,5,0.8
hBmP,4,2,6,0.67
hBmS,1,1,2,0.5
hBmb,4,2,6,0.67
hBmm,1,0,1,1.0
hBmn,3,2,5,0.6
hBms,0,1,1,0.0
hBnB,0,2,2,0.0
hBnD,0,1,1,0.0
hBnH,0,2,2,0.0
hBnI,0,2,2,0.0
hBnK,1,0,1,1.0
hBnL,2,0,2,1.0
hBnM,3,3,6,0.5
hBnN,5,3,8,0.62
hBnP,6,4,10,0.6
hBnS,2,0,2,1.0
hBnb,6,1,7,0.86
hBnm,3,1,4,0.75
hBnn,1,6,7,0.14
hBns,5,3,8,0.62
hBsB,1,0,1,1.0
hBsH,0,3,3,0.0
hBsI,0,1,1,0.0
hBsL,0,1,1,0.0
hBsM,0,1,1,0.0
hBsN,1,1,2,0.5
hBsP,3,1,4,0.75
hBsS,0,3,3,0.0
hBsb,1,0,1,1.0
hBsm,1,0,1,1.0
hBsn,2,2,4,0.5
hBss,1,0,1,1.0
hBtH,0,1,1,0.0
hBtM,0,1,1,0.0
hBtN,1,1,2,0.5
hBtP,1,1,2,0.5
hDBM,1,0,1,1.0
hDBN,0,1,1,0.0
hDBb,1,0,1,1.0
hDBh,1,0,1,1.0
hDBn,1,0,1,1.0
hDHL,0,1,1,0.0
hDHM,1,0,1,1.0
hDHN,1,0,1,1.0
hDHP,1,0,1,1.0
hDLS,0,1,1,0.0
hDMS,0,1,1,0.0
hDMl,0,1,1,0.0
hDMs,0,1,1,0.0
hDNB,1,0,1,1.0
hDNL,0,1,1,0.0
hDNP,0,2,2,0.0
hDNS,1,0,1,1.0
hDNm,2,0,2,1.0
hDNn,1,1,2,0.5
hDPM,0,1,1,0.0
hDPP,0,0,0,
hDPb,1,0,1,1.0
hDPl,1,0,1,1.0
hDSs,1,0,1,1.0
hDbM,1,0,1,1.0
hDbb,1,0,1,1.0
hDbn,0,1,1,0.0
hDlJ,0,1,1,0.0
hDlL,1,0,1,1.0
hDlM,0,1,1,0.0
hDlS,0,1,1,0.0
hDmB,0,1,1,0.0
hDmM,0,1,1,0.0
hDmP,0,0,0,
hDnH,0,1,1,0.0
hDnm,0,1,1,0.0
hDsB,1,0,1,1.0
hDsH,0,1,1,0.0
hDsM,0,1,1,0.0
hDsN,1,0,1,1.0
hDsl,0,1,1,0.0
hDsm,0,1,1,0.0
hDsn,1,0,1,1.0
hHBM,1,0,1,1.0
hHBN,1,0,1,1.0
hHBP,2,1,3,0.67
hHBb,1,1,2,0.5
hHBj,1,0,1,1.0
hHBm,1,1,2,0.5
hHBn,0,0,0,
hHBt,1,0,1,1.0
hHDH,1,0,1,1.0
hHHb,0,1,1,0.0
hHHn,0,1,1,0.0
hHIS,1,0,1,1.0
hHKs,0,1,1,0.0
hHLB,1,2,3,0.33
hHLS,1,0,1,1.0
hHLm,0,1,1,0.0
hHLn,0,1,1,0.0
hHMB,0,1,1,0.0
hHML,0,1,1,0.0
hHMM,1,0,1,1.0
hHMP,0,1,1,0.0
hHMS,0,0,0,
hHMb,1,0,1,1.0
hHMh,2,1,3,0.67
hHMn,2,3,5,0.4
hHMs,0,1,1,0.0
hHNB,0,1,1,0.0
hHNH,0,0,0,
hHNM,1,2,3,0.33
hHNN,0,1,1,0.0
hHNP,0,4,4,0.0
hHNS,0,2,2,0.0
hHNb,0,1,1,0.0
hHNh,0,3,3,0.0
hHNl,1,0,1,1.0
hHNs,1,1,2,0.5
hHPB,1,2,3,0.33
hHPI,1,0,1,1.0
hHPK,1,1,2,0.5
hHPN,1,1,2,0.5
hHPP,1,1,2,0.5
hHPS,1,0,1,1.0
hHPb,1,0,1,1.0
hHPl,0,0,0,
hHPm,1,0,1,1.0
hHPn,0,1,1,0.0
hHPs,1,2,3,0.33
hHSB,1,1,2,0.5
hHSP,0,2,2,0.0
hHSb,0,1,1,0.0
hHSh,0,2,2,0.0
hHSl,0,1,1,0.0
hHSm,2,1,3,0.67
hHSn,1,0,1,1.0
hHSs,1,0,1,1.0
hHSt,1,0,1,1.0
hHbH,1,0,1,1.0
hHbL,1,0,1,1.0
hHbM,1,0,1,1.0
hHbP,1,0,1,1.0
hHbS,1,0,1,1.0
hHbb,0,1,1,0.0
hHhM,1,0,1,1.0
hHhm,0,1,1,0.0
hHlB,0,1,1,0.0
hHlH,0,0,0,
hHlK,0,1,1,0.0
hHlM,1,0,1,1.0
hHlN,1,2,3,0.33
hHlb,0,1,1,0.0
hHmL,0,0,0,
hHmP,0,1,1,0.0
hHmS,1,0,1,1.0
hHmb,1,1,2,0.5
hHmm,1,1,2,0.5
hHms,0,1,1,0.0
hHnB,0,1,1,0.0
hHnH,0,0,0,
hHnM,1,1,2,0.5
hHnN,1,0,1,1.0
hHnP,1,3,4,0.25
hHnS,3,2,5,0.6
hHnb,3,2,5,0.6
hHnm,0,1,1,0.0
hHnn,0,1,1,0.0
hHns,1,1,2,0.5
hHsB,1,0,1,1.0
hHsL,0,1,1,0.0
hHsN,1,0,1,1.0
hHsP,1,0,1,1.0
hHsS,0,1,1,0.0
hHsb,0,1,1,0.0
hHsm,1,0,1,1.0
hHss,0,1,1,0.0
hIHN,0,1,1,0.0
hIHb,0,1,1,0.0
hIHn,0,0,0,
hIHs,0,0,0,
hILs,0,1,1,0.0
hIML,1,0,1,1.0
hIMN,0,1,1,0.0
hINB,0,0,0,
hINM,0,0,0,
hINS,1,0,1,1.0
hINn,1,1,2,0.5
hIPs,0,0,0,
hIPt,1,0,1,1.0
hISH,1,0,1,1.0
hISL,0,1,1,0.0
hISN,0,0,0,
hISh,1,0,1,1.0
hIbn,0,1,1,0.0
hIlb,1,0,1,1.0
hImn,0,1,1,0.0
hInH,0,1,1,0.0
hInm,1,0,1,1.0
hIsN,1,0,1,1.0
hIsl,0,0,0,
hItN,1,0,1,1.0
hKMP,1,0,1,1.0
hKMh,1,0,1,1.0
hKMn,0,1,1,0.0
hKNn,0,0,0,
hKPB,0,1,1,0.0
hKPL,1,0,1,1.0
hKSs,0,0,0,
hKbM,1,0,1,1.0
hKbm,0,1,1,0.0
hKhs,0,1,1,0.0
hKlL,1,0,1,1.0
hKnP,0,1,1,0.0
hKnm,1,0,1,1.0
hLBB,1,3,4,0.25
hLBL,0,1,1,0.0
hLBM,0,1,1,0.0
hLBN,3,0,3,1.0
hLBP,1,1,2,0.5
hLBb,1,0,1,1.0
hLBn,1,0,1,1.0
hLBs,1,0,1,1.0
hLBt,0,1,1,0.0
hLDm,1,0,1,1.0
hLKB,0,1,1,0.0
hLKM,0,0,0,
hLKh,0,1,1,0.0
hLKs,1,0,1,1.0
hLLL,2,0,2,1.0
hLLN,0,1,1,0.0
hLLS,0,1,1,0.0
hLLb,2,1,3,0.67
hLLj,0,1,1,0.0
hLLl,0,1,1,0.0
hLLn,1,0,1,1.0
hLLs,0,1,1,0.0
hLMB,1,0,1,1.0
hLML,0,0,0,
hLMM,1,1,2,0.5
hLMP,1,1,2,0.5
hLMb,3,2,5,0.6
hLMh,2,4,6,0.33
hLMl,1,1,2,0.5
hLMm,1,0,1,1.0
hLMn,2,0,2,1.0
hLMs,1,1,2,0.5
hLMt,1,0,1,1.0
hLNB,1,1,2,0.5
hLNL,1,0,1,1.0
hLNM,0,3,3,0.0
hLNN,0,1,1,0.0
hLNP,1,0,1,1.0
hLNb,1,2,3,0.33
hLNl,1,0,1,1.0
hLNn,1,0,1,1.0
hLNt,1,1,2,0.5
hLPB,2,0,2,1.0
hLPH,1,0,1,1.0
hLPK,0,1,1,0.0
hLPL,1,0,1,1.0
hLPM,2,5,7,0.29
hLPN,3,5,8,0.38
hLPP,2,2,4,0.5
hLPb,2,2,4,0.5
hLPl,1,2,3,0.33
hLPm,1,0,1,1.0
hLPn,0,0,0,
hLPs,1,3,4,0.25
hLPt,1,0,1,1.0
hLSM,0,2,2,0.0
hLSP,0,1,1,0.0
hLSb,1,0,1,1.0
hLSl,0,0,0,
hLSm,1,0,1,1.0
hLSs,1,0,1,1.0
hLbB,0,1,1,0.0
hLbJ,1,1,2,0.5
hLbL,1,0,1,1.0
hLbM,2,0,2,1.0
hLbN,0,1,1,0.0
hLbP,4,0,4,1.0
hLbS,1,0,1,1.0
hLbb,0,1,1,0.0
hLbl,1,0,1,1.0
hLbm,3,1,4,0.75
hLbn,2,0,2,1.0
hLbs,0,0,0,
hLhB,0,2,2,0.0
hLhH,0,1,1,0.0
hLhL,0,1,1,0.0
hLhM,0,0,0,
hLhN,2,1,3,0.67
hLhP,2,0,2,1.0
hLhS,0,0,0,
hLhb,0,0,0,
hLhh,2,0,2,1.0
hLhn,0,1,1,0.0
hLhs,0,1,1,0.0
hLjL,0,1,1,0.0
hLjN,2,0,2,1.0
hLjP,1,1,2,0.5
hLjb,1,0,1,1.0
hLjn,1,0,1,1.0
hLjs,1,0,1,1.0
hLlB,1,0,1,1.0
hLlJ,1,0,1,1.0
hLlM,0,0,0,
hLlN,0,1,1,0.0
hLlS,0,1,1,0.0
hLlb,1,1,2,0.5
hLln,0,1,1,0.0
hLmB,1,0,1,1.0
hLmD,0,1,1,0.0
hLmH,1,1,2,0.5
hLmI,0,1,1,0.0
hLmK,0,1,1,0.0
hLmL,0,0,0,
hLmM,1,2,3,0.33
hLmN,1,0,1,1.0
hLmP,0,0,0,
hLmS,1,1,2,0.5
hLmb,1,2,3,0.33
hLmn,2,0,2,1.0
hLnB,0,1,1,0.0
hLnH,1,1,2,0.5
hLnL,0,0,0,
hLnM,2,1,3,0.67
hLnN,2,2,4,0.5
hLnP,2,1,3,0.67
hLnS,0,0,0,
hLnb,2,1,3,0.67
hLnh,1,0,1,1.0
hLnl,0,2,2,0.0
hLnm,0,3,3,0.0
hLnn,0,2,2,0.0
hLns,0,0,0,
hLsB,0,3,3,0.0
hLsH,2,2,4,0.5
hLsM,1,0,1,1.0
hLsN,1,1,2,0.5
hLsS,2,2,4,0.5
hLsb,0,2,2,0.0
hLsl,1,0,1,1.0
hLsn,0,0,0,
hLss,1,0,1,1.0
hLtH,0,1,1,0.0
hLtL,1,0,1,1.0
hLtS,0,1,1,0.0
hLtn,1,0,1,1.0
hMBB,1,1,2,0.5
hMBL,0,1,1,0.0
hMBM,1,2,3,0.33
hMBN,6,2,8,0.75
hMBP,3,5,8,0.38
hMBS,1,2,3,0.33
hMBb,7,5,12,0.58
hMBj,1,1,2,0.5
hMBl,0,2,2,0.0
hMBm,2,1,3,0.67
hMBn,3,2,5,0.6
hMBs,1,1,2,0.5
hMDH,1,0,1,1.0
hMKM,0,1,1,0.0
hMLB,0,3,3,0.0
hMLM,2,2,4,0.5
hMLN,0,1,1,0.0
hMLP,0,1,1,0.0
hMLb,0,1,1,0.0
hMLh,0,1,1,0.0
hMLj,0,1,1,0.0
hMLl,1,1,2,0.5
hMLm,2,0,2,1.0
hMLn,2,2,4,0.5
hMMB,1,8,9,0.11
hMMD,1,1,2,0.5
hMML,1,2,3,0.33
hMMM,4,5,9,0.44
hMMN,5,3,8,0.62
hMMP,4,2,6,0.67
hMMS,3,0,3,1.0
hMMb,6,4,10,0.6
hMMh,6,4,10,0.6
hMMj,0,1,1,0.0
hMMl,1,3,4,0.25
hMMm,4,3,7,0.57
hMMn,5,7,12,0.42
hMMs,1,0,1,1.0
hMMt,0,1,1,0.0
hMNB,1,0,1,1.0
hMND,0,0,0,
hMNH,0,1,1,0.0
hMNL,1,1,2,0.5
hMNM,0,5,5,0.0
hMNN,7,5,12,0.58
hMNP,3,7,10,0.3
hMNS,1,2,3,0.33
hMNb,2,4,6,0.33
hMNh,2,1,3,0.67
hMNm,2,2,4,0.5
hMNn,3,4,7,0.43
hMNs,1,3,4,0.25
hMPB,4,3,7,0.57
hMPL,0,1,1,0.0
hMPM,3,2,5,0.6
hMPN,1,7,8,0.12
hMPP,4,6,10,0.4
hMPS,2,4,6,0.33
hMPb,3,5,8,0.38
hMPl,2,5,7,0.29
hMPm,2,4,6,0.33
hMPn,5,3,8,0.62
hMPs,4,1,5,0.8
hMPt,1,1,2,0.5
hMSH,0,0,0,
hMSL,0,0,0,
hMSM,2,2,4,0.5
hMSN,4,2,6,0.67
hMSP,2,2,4,0.5
hMSS,3,3,6,0.5
hMSb,2,2,4,0.5
hMSl,1,1,2,0.5
hMSm,2,0,2,1.0
hMSn,4,1,5,0.8
hMSs,2,0,2,1.0
hMSt,0,1,1,0.0
hMbB,2,4,6,0.33
hMbH,1,3,4,0.25
hMbJ,2,3,5,0.4
hMbK,1,0,1,1.0
hMbL,1,0,1,1.0
hMbM,0,6,6,0.0
hMbN,3,4,7,0.43
hMbP,1,3,4,0.25
hMbS,4,1,5,0.8
hMbb,3,2,5,0.6
hMbl,2,0,2,1.0
hMbm,4,7,11,0.36
hMbn,5,5,10,0.5
hMbs,2,1,3,0.67
hMhB,2,2,4,0.5
hMhL,1,1,2,0.5
hMhM,3,0,3,1.0
hMhN,3,5,8,0.38
hMhP,3,4,7,0.43
hMhS,3,3,6,0.5
hMhb,1,1,2,0.5
hMhh,6,2,8,0.75
hMhl,0,1,1,0.0
hMhm,2,2,4,0.5
hMhn,5,3,8,0.62
hMhs,1,4,5,0.2
hMjB,1,0,1,1.0
hMjL,0,1,1,0.0
hMjM,2,1,3,0.67
hMjN,1,0,1,1.0
hMjP,1,0,1,1.0
hMjb,2,0,2,1.0
hMjh,1,0,1,1.0
hMjl,1,0,1,1.0
hMjm,0,0,0,
hMjn,0,2,2,0.0
hMlB,1,3,4,0.25
hMlH,4,1,5,0.8
hMlJ,1,0,1,1.0
hMlM,1,2,3,0.33
hMlN,3,2,5,0.6
hMlP,1,0,1,1.0
hMlS,1,1,2,0.5
hMlb,0,4,4,0.0
hMll,0,1,1,0.0
hMlm,1,0,1,1.0
hMln,3,1,4,0.75
hMls,2,0,2,1.0
hMmB,0,1,1,0.0
hMmD,0,1,1,0.0
hMmH,1,4,5,0.2
hMmL,1,0,1,1.0
hMmM,1,5,6,0.17
hMmN,1,5,6,0.17
hMmP,2,3,5,0.4
hMmS,2,3,5,0.4
hMmb,1,4,5,0.2
hMml,1,0,1,1.0
hMmm,1,4,5,0.2
hMmn,7,2,9,0.78
hMms,0,1,1,0.0
hMnB,1,3,4,0.25
hMnH,3,3,6,0.5
hMnI,0,1,1,0.0
hMnK,0,1,1,0.0
hMnL,1,2,3,0.33
hMnM,2,3,5,0.4
hMnN,9,4,13,0.69
hMnP,2,4,6,0.33
hMnS,3,4,7,0.43
hMnb,7,4,11,0.64
hMnl,4,4,8,0.5
hMnm,3,3,6,0.5
hMnn,3,5,8,0.38
hMns,1,1,2,0.5
hMsB,2,1,3,0.67
hMsH,2,2,4,0.5
hMsL,1,0,1,1.0
hMsM,1,2,3,0.33
hMsN,3,3,6,0.5
hMsP,4,4,8,0.5
hMsS,3,2,5,0.6
hMsb,3,2,5,0.6
hMsl,0,2,2,0.0
hMsm,3,2,5,0.6
hMsn,2,1,3,0.67
hMss,2,2,4,0.5
hMtD,1,0,1,1.0
hMtM,1,3,4,0.25
hMtN,1,0,1,1.0
hMtP,1,2,3,0.33
hMtS,1,1,2,0.5
hMtb,0,1,1,0.0
hMtm,0,0,0,
hMtn,1,1,2,0.5
hNBB,3,0,3,1.0
hNBL,1,0,1,1.0
hNBM,2,1,3,0.67
hNBN,4,1,5,0.8
hNBP,1,2,3,0.33
hNBS,3,3,6,0.5
hNBb,1,1,2,0.5
hNBj,0,2,2,0.0
hNBl,0,2,2,0.0
hNBm,2,1,3,0.67
hNBn,2,3,5,0.4
hNBs,1,4,5,0.2
hNBt,0,1,1,0.0
hNDl,1,0,1,1.0
hNHM,1,0,1,1.0
hNHN,1,0,1,1.0
hNHP,1,0,1,1.0
hNHS,0,0,0,
hNHb,0,1,1,0.0
hNHm,1,0,1,1.0
hNHn,1,0,1,1.0
hNHs,1,0,1,1.0
hNKB,0,1,1,0.0
hNKN,0,0,0,
hNKP,1,0,1,1.0
hNKb,1,1,2,0.5
hNKh,2,0,2,1.0
hNKl,1,0,1,1.0
hNKs,1,0,1,1.0
hNLL,1,1,2,0.5
hNLM,1,1,2,0.5
hNLN,0,1,1,0.0
hNLP,1,0,1,1.0
hNLS,0,1,1,0.0
hNLb,0,1,1,0.0
hNLh,0,1,1,0.0
hNLj,0,1,1,0.0
hNLl,0,1,1,0.0
hNLm,1,1,2,0.5
hNLn,2,3,5,0.4
hNLs,2,0,2,1.0
hNMB,2,2,4,0.5
hNMD,1,0,1,1.0
hNML,3,1,4,0.75
hNMM,0,1,1,0.0
hNMN,0,1,1,0.0
hNMP,5,2,7,0.71
hNMS,3,1,4,0.75
hNMb,5,4,9,0.56
hNMh,2,2,4,0.5
hNMj,1,0,1,1.0
hNMl,3,1,4,0.75
hNMm,2,1,3,0.67
hNMn,1,5,6,0.17
hNMs,0,4,4,0.0
hNMt,0,1,1,0.0
hNNB,4,1,5,0.8
hNNH,0,1,1,0.0
hNNL,2,2,4,0.5
hNNM,1,4,5,0.2
hNNN,2,1,3,0.67
hNNP,6,3,9,0.67
hNNS,4,3,7,0.57
hNNb,1,2,3,0.33
hNNh,2,1,3,0.67
hNNl,0,1,1,0.0
hNNm,5,3,8,0.62
hNNn,4,3,7,0.57
hNNs,2,4,6,0.33
hNNt,0,1,1,0.0
hNPB,3,1,4,0.75
hNPK,0,1,1,0.0
hNPL,1,1,2,0.5
hNPM,5,4,9,0.56
hNPN,7,7,14,0.5
hNPP,6,4,10,0.6
hNPS,2,7,9,0.22
hNPb,5,2,7,0.71
hNPl,2,2,4,0.5
hNPm,2,1,3,0.67
hNPn,7,6,13,0.54
hNPs,2,2,4,0.5
hNPt,0,1,1,0.0
hNSB,1,2,3,0.33
hNSL,0,1,1,0.0
hNSM,3,1,4,0.75
hNSN,2,0,2,1.0
hNSP,3,2,5,0.6
hNSS,2,1,3,0.67
hNSb,0,3,3,0.0
hNSh,1,1,2,0.5
hNSl,0,3,3,0.0
hNSm,3,2,5,0.6
hNSn,2,3,5,0.4
hNSs,1,0,1,1.0
hNSt,1,0,1,1.0
hNbB,2,4,6,0.33
hNbH,0,1,1,0.0
hNbJ,1,1,2,0.5
hNbL,2,0,2,1.0
hNbM,3,1,4,0.75
hNbN,4,3,7,0.57
hNbP,7,7,14,0.5
hNbS,4,1,5,0.8
hNbb,3,3,6,0.5
hNbl,3,2,5,0.6
hNbm,2,2,4,0.5
hNbn,1,1,2,0.5
hNbs,1,0,1,1.0
hNhB,1,1,2,0.5
hNhM,1,0,1,1.0
hNhN,1,0,1,1.0
hNhP,1,1,2,0.5
hNhS,1,0,1,1.0
hNhb,0,1,1,0.0
hNhl,0,1,1,0.0
hNhn,0,0,0,
hNhs,2,2,4,0.5
hNht,0,0,0,
hNlB,0,3,3,0.0
hNlD,0,1,1,0.0
hNlH,1,3,4,0.25
hNlJ,0,2,2,0.0
hNlK,0,1,1,0.0
hNlL,1,1,2,0.5
hNlM,1,0,1,1.0
hNlN,2,1,3,0.67
hNlP,2,0,2,1.0
hNlS,2,0,2,1.0
hNlb,2,1,3,0.67
hNlm,0,1,1,0.0
hNln,1,1,2,0.5
hNls,0,1,1,0.0
hNmH,3,4,7,0.43
hNmJ,0,1,1,0.0
hNmL,1,2,3,0.33
hNmM,4,3,7,0.57
hNmN,5,4,9,0.56
hNmP,3,7,10,0.3
hNmS,2,3,5,0.4
hNmb,3,7,10,0.3
hNmm,4,1,5,0.8
hNmn,5,1,6,0.83
hNms,3,2,5,0.6
hNnB,2,2,4,0.5
hNnH,1,3,4,0.25
hNnI,0,1,1,0.0
hNnK,1,1,2,0.5
hNnL,2,3,5,0.4
hNnM,4,6,10,0.4
hNnN,9,7,16,0.56
hNnP,5,5,10,0.5
hNnS,2,4,6,0.33
hNnb,2,1,3,0.67
hNnl,1,1,2,0.5
hNnm,3,0,3,1.0
hNnn,6,7,13,0.46
hNns,4,3,7,0.57
hNsB,0,0,0,
hNsH,5,1,6,0.83
hNsL,0,1,1,0.0
hNsM,1,3,4,0.25
hNsN,1,3,4,0.25
hNsP,6,2,8,0.75
hNsS,3,1,4,0.75
hNsb,2,1,3,0.67
hNsl,1,0,1,1.0
hNsm,2,1,3,0.67
hNsn,1,0,1,1.0
hNss,2,3,5,0.4
hNtB,1,0,1,1.0
hNtH,1,0,1,1.0
hNtN,1,1,2,0.5
hNtP,2,3,5,0.4
hNtS,1,0,1,1.0
hNtb,0,1,1,0.0
hNtl,1,0,1,1.0
hNtm,1,0,1,1.0
hNtn,0,0,0,
hNtt,1,0,1,1.0
hPBB,1,1,2,0.5
hPBL,2,3,5,0.4
hPBM,3,4,7,0.43
hPBN,4,2,6,0.67
hPBP,3,4,7,0.43
hPBS,0,1,1,0.0
hPBb,6,2,8,0.75
hPBh,1,0,1,1.0
hPBj,2,1,3,0.67
hPBl,2,1,3,0.67
hPBm,2,3,5,0.4
hPBn,5,4,9,0.56
hPBs,4,0,4,1.0
hPBt,0,1,1,0.0
hPDM,0,1,1,0.0
hPDP,2,0,2,1.0
hPHD,0,1,1,0.0
hPHH,0,3,3,0.0
hPHK,0,1,1,0.0
hPHL,0,0,0,
hPHM,1,1,2,0.5
hPHN,2,2,4,0.5
hPHP,1,2,3,0.33
hPHb,0,1,1,0.0
hPHh,0,1,1,0.0
hPHl,1,0,1,1.0
hPHm,0,4,4,0.0
hPHn,0,2,2,0.0
hPHs,1,0,1,1.0
hPIB,0,0,0,
hPIH,0,1,1,0.0
hPIb,1,0,1,1.0
hPIn,0,1,1,0.0
hPKB,1,0,1,1.0
hPKP,1,0,1,1.0
hPKS,0,1,1,0.0
hPKb,0,1,1,0.0
hPKl,1,0,1,1.0
hPKm,0,1,1,0.0
hPKn,1,0,1,1.0
hPKs,1,0,1,1.0
hPLB,3,2,5,0.6
hPLL,0,0,0,
hPLM,1,1,2,0.5
hPLN,3,0,3,1.0
hPLP,1,5,6,0.17
hPLS,3,0,3,1.0
hPLb,1,0,1,1.0
hPLh,0,1,1,0.0
hPLl,1,1,2,0.5
hPLm,0,2,2,0.0
hPLn,0,4,4,0.0
hPLs,1,1,2,0.5
hPMB,1,4,5,0.2
hPMK,0,1,1,0.0
hPML,1,2,3,0.33
hPMM,2,4,6,0.33
hPMN,3,3,6,0.5
hPMP,6,4,10,0.6
hPMS,5,2,7,0.71
hPMb,5,7,12,0.42
hPMh,4,1,5,0.8
hPMj,2,2,4,0.5
hPMl,1,2,3,0.33
hPMm,5,2,7,0.71
hPMn,6,4,10,0.6
hPMs,4,4,8,0.5
hPMt,0,2,2,0.0
hPNB,5,0,5,1.0
hPND,0,1,1,0.0
hPNH,0,2,2,0.0
hPNK,1,1,2,0.5
hPNL,2,4,6,0.33
hPNM,6,4,10,0.6
hPNN,3,12,15,0.2
hPNP,5,3,8,0.62
hPNS,5,6,11,0.45
hPNb,6,8,14,0.43
hPNh,2,2,4,0.5
hPNl,0,5,5,0.0
hPNm,1,3,4,0.25
hPNn,9,5,14,0.64
hPNs,2,1,3,0.67
hPPB,3,1,4,0.75
hPPD,1,3,4,0.25
hPPH,2,1,3,0.67
hPPI,0,1,1,0.0
hPPK,1,1,2,0.5
hPPL,5,3,8,0.62
hPPM,12,5,17,0.71
hPPN,10,6,16,0.62
hPPP,5,13,18,0.28
hPPS,2,0,2,1.0
hPPb,5,7,12,0.42
hPPh,0,1,1,0.0
hPPl,7,4,11,0.64
hPPm,5,10,15,0.33
hPPn,6,1,7,0.86
hPPs,3,7,10,0.3
hPPt,0,1,1,0.0
hPSB,0,2,2,0.0
hPSH,1,0,1,1.0
hPSK,1,0,1,1.0
hPSL,1,2,3,0.33
hPSM,6,6,12,0.5
hPSN,3,3,6,0.5
hPSP,3,2,5,0.6
hPSS,2,2,4,0.5
hPSb,1,3,4,0.25
hPSh,3,2,5,0.6
hPSl,4,6,10,0.4
hPSm,3,3,6,0.5
hPSn,2,4,6,0.33
hPSs,4,3,7,0.57
hPbB,2,4,6,0.33
hPbD,0,1,1,0.0
hPbH,1,2,3,0.33
hPbJ,1,0,1,1.0
hPbK,1,0,1,1.0
hPbL,1,1,2,0.5
hPbM,2,4,6,0.33
hPbN,5,3,8,0.62
hPbP,4,10,14,0.29
hPbS,4,2,6,0.67
hPbb,4,3,7,0.57
hPbl,4,1,5,0.8
hPbm,5,1,6,0.83
hPbn,3,8,11,0.27
hPbs,1,3,4,0.25
hPhB,0,1,1,0.0
hPhL,1,0,1,1.0
hPhM,1,0,1,1.0
hPhN,1,0,1,1.0
hPhP,1,0,1,1.0
hPhS,0,3,3,0.0
hPhh,1,0,1,1.0
hPhl,1,2,3,0.33
hPhm,2,0,2,1.0
hPhs,0,1,1,0.0
hPlB,0,1,1,0.0
hPlH,3,2,5,0.6
hPlJ,1,3,4,0.25
hPlL,1,1,2,0.5
hPlM,1,2,3,0.33
hPlN,3,5,8,0.38
hPlP,4,4,8,0.5
hPlS,0,0,0,
hPlb,1,2,3,0.33
hPll,1,1,2,0.5
hPlm,4,3,7,0.57
hPln,4,3,7,0.57
hPls,0,1,1,0.0
hPmB,1,1,2,0.5
hPmD,1,0,1,1.0
hPmH,2,2,4,0.5
hPmJ,3,0,3,1.0
hPmL,1,0,1,1.0
hPmM,2,5,7,0.29
hPmN,4,0,4,1.0
hPmP,4,5,9,0.44
hPmS,3,2,5,0.6
hPmb,2,3,5,0.4
hPml,0,2,2,0.0
hPmm,4,1,5,0.8
hPmn,3,2,5,0.6
hPms,1,1,2,0.5
hPnB,5,3,8,0.62
hPnH,3,2,5,0.6
hPnI,1,0,1,1.0
hPnK,0,1,1,0.0
hPnL,1,2,3,0.33
hPnM,6,6,12,0.5
hPnN,1,5,6,0.17
hPnP,4,12,16,0.25
hPnS,3,3,6,0.5
hPnb,3,4,7,0.43
hPnh,0,1,1,0.0
hPnl,4,5,9,0.44
hPnm,7,2,9,0.78
hPnn,1,4,5,0.2
hPns,2,4,6,0.33
hPsB,2,1,3,0.67
hPsH,5,2,7,0.71
hPsK,1,0,1,1.0
hPsL,1,0,1,1.0
hPsM,1,2,3,0.33
hPsN,2,2,4,0.5
hPsP,4,3,7,0.57
hPsS,3,0,3,1.0
hPsb,4,2,6,0.67
hPsl,3,3,6,0.5
hPsm,1,2,3,0.33
hPsn,4,3,7,0.57
hPss,2,3,5,0.4
hPtB,0,1,1,0.0
hPtH,1,0,1,1.0
hPtL,1,0,1,1.0
hPtM,1,2,3,0.33
hPtN,1,0,1,1.0
hPtP,1,1,2,0.5
hPtb,0,2,2,0.0
hPtn,1,0,1,1.0
hPts,1,0,1,1.0
hSBB,1,2,3,0.33
hSBL,0,1,1,0.0
hSBM,3,3,6,0.5
hSBN,3,5,8,0.38
hSBP,4,0,4,1.0
hSBS,1,0,1,1.0
hSBb,2,3,5,0.4
hSBh,0,1,1,0.0
hSBj,1,0,1,1.0
hSBl,1,1,2,0.5
hSBm,1,0,1,1.0
hSBn,3,1,4,0.75
hSBs,3,0,3,1.0
hSBt,0,0,0,
hSDS,0,0,0,
hSHL,0,1,1,0.0
hSHM,1,1,2,0.5
hSHN,1,0,1,1.0
hSHP,1,0,1,1.0
hSHS,0,0,0,
hSHb,3,0,3,1.0
hSHm,1,1,2,0.5
hSHn,0,1,1,0.0
hSHs,0,1,1,0.0
hSIH,0,0,0,
hSKB,0,1,1,0.0
hSKn,0,1,1,0.0
hSKt,1,0,1,1.0
hSLB,2,0,2,1.0
hSLD,0,1,1,0.0
hSLL,0,1,1,0.0
hSLM,0,2,2,0.0
hSLN,0,1,1,0.0
hSLP,3,2,5,0.6
hSLS,0,0,0,
hSLb,3,1,4,0.75
hSLl,1,0,1,1.0
hSLn,0,1,1,0.0
hSLs,0,0,0,
hSMB,1,1,2,0.5
hSML,0,1,1,0.0
hSMM,2,2,4,0.5
hSMN,4,1,5,0.8
hSMP,7,6,13,0.54
hSMS,3,1,4,0.75
hSMb,1,0,1,1.0
hSMh,1,3,4,0.25
hSMj,0,0,0,
hSMl,0,1,1,0.0
hSMm,0,2,2,0.0
hSMn,2,6,8,0.25
hSMs,0,1,1,0.0
hSMt,0,1,1,0.0
hSNB,1,2,3,0.33
hSNH,1,0,1,1.0
hSNL,2,1,3,0.67
hSNM,2,2,4,0.5
hSNN,2,3,5,0.4
hSNP,6,5,11,0.55
hSNS,2,0,2,1.0
hSNb,1,4,5,0.2
hSNm,2,4,6,0.33
hSNn,4,1,5,0.8
hSNs,0,0,0,
hSNt,1,0,1,1.0
hSPB,2,1,3,0.67
hSPD,1,1,2,0.5
hSPH,3,0,3,1.0
hSPK,1,0,1,1.0
hSPL,0,1,1,0.0
hSPM,5,0,5,1.0
hSPN,3,1,4,0.75
hSPP,1,4,5,0.2
hSPS,1,6,7,0.14
hSPb,5,6,11,0.45
hSPl,1,1,2,0.5
hSPm,1,3,4,0.25
hSPn,4,3,7,0.57
hSPs,4,4,8,0.5
hSSB,0,4,4,0.0
hSSD,1,1,2,0.5
hSSH,2,2,4,0.5
hSSL,1,0,1,1.0
hSSM,2,2,4,0.5
hSSN,4,0,4,1.0
hSSP,3,4,7,0.43
hSSS,1,4,5,0.2
hSSb,3,3,6,0.5
hSSh,1,0,1,1.0
hSSl,0,3,3,0.0
hSSm,4,1,5,0.8
hSSn,1,3,4,0.25
hSSs,7,3,10,0.7
hSbB,0,2,2,0.0
hSbH,1,1,2,0.5
hSbL,0,1,1,0.0
hSbM,1,0,1,1.0
hSbN,1,5,6,0.17
hSbP,2,2,4,0.5
hSbS,2,2,4,0.5
hSbb,3,1,4,0.75
hSbl,2,0,2,1.0
hSbm,0,1,1,0.0
hSbn,1,2,3,0.33
hSbs,0,1,1,0.0
hShB,2,1,3,0.67
hShD,1,0,1,1.0
hShM,2,1,3,0.67
hShN,2,4,6,0.33
hShP,1,1,2,0.5
hShS,5,3,8,0.62
hShb,1,0,1,1.0
hShh,1,3,4,0.25
hShl,0,0,0,
hShm,2,0,2,1.0
hShn,1,3,4,0.25
hShs,4,1,5,0.8
hSlB,1,3,4,0.25
hSlH,0,3,3,0.0
hSlM,4,2,6,0.67
hSlN,1,1,2,0.5
hSlP,0,1,1,0.0
hSlS,0,3,3,0.0
hSlb,1,3,4,0.25
hSll,1,0,1,1.0
hSlm,1,1,2,0.5
hSln,3,2,5,0.6
hSls,2,2,4,0.5
hSmB,2,1,3,0.67
hSmH,3,4,7,0.43
hSmJ,1,0,1,1.0
hSmL,2,0,2,1.0
hSmM,3,1,4,0.75
hSmN,2,3,5,0.4
hSmP,2,1,3,0.67
hSmS,0,4,4,0.0
hSmb,1,2,3,0.33
hSmm,4,1,5,0.8
hSmn,0,0,0,
hSms,2,1,3,0.67
hSnD,0,0,0,
hSnH,1,4,5,0.2
hSnM,3,6,9,0.33
hSnN,2,3,5,0.4
hSnP,7,2,9,0.78
hSnS,0,5,5,0.0
hSnb,2,2,4,0.5
hSnl,2,3,5,0.4
hSnm,3,0,3,1.0
hSnn,3,3,6,0.5
hSns,1,1,2,0.5
hSsB,0,0,0,
hSsD,0,0,0,
hSsH,0,1,1,0.0
hSsK,0,1,1,0.0
hSsM,2,0,2,1.0
hSsN,3,3,6,0.5
hSsP,0,2,2,0.0
hSsS,3,0,3,1.0
hSsb,0,0,0,
hSsl,2,3,5,0.4
hSsm,0,3,3,0.0
hSsn,1,1,2,0.5
hSss,2,3,5,0.4
hStD,1,0,1,1.0
hStH,0,4,4,0.0
hStM,0,2,2,0.0
hStN,1,1,2,0.5
hStP,0,2,2,0.0
hStS,0,1,1,0.0
hStb,1,3,4,0.25
hSts,2,0,2,1.0
hStt,1,0,1,1.0
hbBB,4,1,5,0.8
hbBL,0,1,1,0.0
hbBM,3,1,4,0.75
hbBN,1,2,3,0.33
hbBP,3,2,5,0.6
hbBS,1,2,3,0.33
hbBb,3,3,6,0.5
hbBh,0,1,1,0.0
hbBj,2,1,3,0.67
hbBl,2,1,3,0.67
hbBn,4,1,5,0.8
hbBs,1,2,3,0.33
hbBt,1,2,3,0.33
hbDL,0,1,1,0.0
hbDN,0,2,2,0.0
hbDP,2,0,2,1.0
hbDb,0,0,0,
hbDm,1,0,1,1.0
hbDn,0,0,0,
hbHB,0,0,0,
hbHM,0,2,2,0.0
hbHN,3,0,3,1.0
hbHP,3,1,4,0.75
hbHS,2,2,4,0.5
hbHb,1,0,1,1.0
hbHm,4,1,5,0.8
hbHn,1,1,2,0.5
hbHs,0,1,1,0.0
hbIB,0,2,2,0.0
hbIb,0,1,1,0.0
hbJB,0,0,0,
hbJH,1,0,1,1.0
hbJL,2,0,2,1.0
hbJM,0,1,1,0.0
hbJP,0,1,1,0.0
hbJS,0,1,1,0.0
hbJb,1,2,3,0.33
hbJn,2,2,4,0.5
hbKB,2,0,2,1.0
hbKM,0,1,1,0.0
hbKN,1,0,1,1.0
hbKP,1,0,1,1.0
hbKS,1,0,1,1.0
hbKh,1,0,1,1.0
hbKl,0,0,0,
hbKs,0,1,1,0.0
hbLB,1,2,3,0.33
hbLM,2,2,4,0.5
hbLP,1,3,4,0.25
hbLS,1,0,1,1.0
hbLb,2,1,3,0.67
hbLm,2,0,2,1.0
hbLn,1,0,1,1.0
hbLs,0,2,2,0.0
hbLt,1,0,1,1.0
hbMB,2,3,5,0.4
hbML,1,0,1,1.0
hbMM,7,4,11,0.64
hbMN,5,3,8,0.62
hbMP,6,5,11,0.55
hbMS,1,0,1,1.0
hbMb,1,0,1,1.0
hbMh,1,4,5,0.2
hbMj,1,2,3,0.33
hbMl,3,0,3,1.0
hbMm,1,2,3,0.33
hbMn,7,2,9,0.78
hbMs,2,1,3,0.67
hbMt,0,3,3,0.0
hbNB,1,6,7,0.14
hbND,1,1,2,0.5
hbNK,0,1,1,0.0
hbNL,2,1,3,0.67
hbNM,7,4,11,0.64
hbNN,5,6,11,0.45
hbNP,9,4,13,0.69
hbNS,2,4,6,0.33
hbNb,7,3,10,0.7
hbNh,0,2,2,0.0
hbNl,3,0,3,1.0
hbNm,1,3,4,0.25
hbNn,7,5,12,0.58
hbNs,2,4,6,0.33
hbNt,1,0,1,1.0
hbPB,2,0,2,1.0
hbPH,0,2,2,0.0
hbPK,0,1,1,0.0
hbPL,0,2,2,0.0
hbPM,6,2,8,0.75
hbPN,4,1,5,0.8
hbPP,8,4,12,0.67
hbPS,2,5,7,0.29
hbPb,1,4,5,0.2
hbPh,0,1,1,0.0
hbPl,1,4,5,0.2
hbPm,6,3,9,0.67
hbPn,3,5,8,0.38
hbPs,1,2,3,0.33
hbSB,1,2,3,0.33
hbSH,0,0,0,
hbSL,0,2,2,0.0
hbSM,0,3,3,0.0
hbSP,6,4,10,0.6
hbSS,3,0,3,1.0
hbSb,1,4,5,0.2
hbSh,1,2,3,0.33
hbSl,2,0,2,1.0
hbSm,2,4,6,0.33
hbSn,2,6,8,0.25
hbSs,1,0,1,1.0
hbSt,2,0,2,1.0
hbbB,0,1,1,0.0
hbbH,0,2,2,0.0
hbbI,2,0,2,1.0
hbbK,0,0,0,
hbbL,1,0,1,1.0
hbbM,3,6,9,0.33
hbbN,6,4,10,0.6
hbbP,2,4,6,0.33
hbbS,0,2,2,0.0
hbbb,5,3,8,0.62
hbbl,1,2,3,0.33
hbbm,4,3,7,0.57
hbbn,0,5,5,0.0
hbbs,3,0,3,1.0
hblB,1,1,2,0.5
hblH,1,2,3,0.33
hblJ,1,0,1,1.0
hblL,0,1,1,0.0
hblM,1,0,1,1.0
hblN,4,3,7,0.57
hblP,3,1,4,0.75
hblS,3,0,3,1.0
hblb,2,1,3,0.67
hbll,1,0,1,1.0
hbln,0,2,2,0.0
hbls,1,0,1,1.0
hbmB,1,3,4,0.25
hbmH,1,3,4,0.25
hbmJ,1,1,2,0.5
hbmL,2,0,2,1.0
hbmM,6,2,8,0.75
hbmN,3,0,3,1.0
hbmP,1,2,3,0.33
hbmS,0,2,2,0.0
hbmb,3,2,5,0.6
hbml,0,1,1,0.0
hbmm,1,1,2,0.5
hbmn,4,0,4,1.0
hbms,0,2,2,0.0
hbnB,2,2,4,0.5
hbnH,3,6,9,0.33
hbnI,0,1,1,0.0
hbnK,0,1,1,0.0
hbnL,1,1,2,0.5
hbnM,2,2,4,0.5
hbnN,5,5,10,0.5
hbnP,9,5,14,0.64
hbnS,1,4,5,0.2
hbnb,5,3,8,0.62
hbnl,3,1,4,0.75
hbnm,1,1,2,0.5
hbnn,3,3,6,0.5
hbns,2,3,5,0.4
hbsB,0,2,2,0.0
hbsH,2,3,5,0.4
hbsL,1,0,1,1.0
hbsM,3,1,4,0.75
hbsN,3,5,8,0.38
hbsP,0,3,3,0.0
hbsS,1,2,3,0.33
hbsl,2,0,2,1.0
hbsm,1,1,2,0.5
hbsn,1,2,3,0.33
hbss,1,1,2,0.5
hhBB,2,0,2,1.0
hhBD,1,0,1,1.0
hhBL,3,2,5,0.6
hhBM,1,1,2,0.5
hhBN,4,2,6,0.67
hhBP,2,3,5,0.4
hhBS,2,1,3,0.67
hhBb,6,2,8,0.75
hhBj,1,2,3,0.33
hhBm,2,1,3,0.67
hhBn,0,4,4,0.0
hhDM,0,1,1,0.0
hhDN,0,1,1,0.0
hhDP,0,1,1,0.0
hhDl,1,0,1,1.0
hhHL,0,1,1,0.0
hhHM,1,0,1,1.0
hhHN,2,0,2,1.0
hhHP,1,3,4,0.25
hhHS,1,2,3,0.33
hhHb,1,1,2,0.5
hhHn,0,1,1,0.0
hhIs,0,1,1,0.0
hhKP,1,0,1,1.0
hhLB,1,0,1,1.0
hhLK,1,0,1,1.0
hhLL,1,0,1,1.0
hhLM,0,1,1,0.0
hhLP,3,2,5,0.6
hhLS,1,0,1,1.0
hhLb,0,1,1,0.0
hhLh,0,1,1,0.0
hhLj,0,1,1,0.0
hhLl,1,0,1,1.0
hhLm,1,0,1,1.0
hhLn,1,5,6,0.17
hhLs,1,0,1,1.0
hhMB,0,1,1,0.0
hhML,0,2,2,0.0
hhMM,4,0,4,1.0
hhMN,0,2,2,0.0
hhMP,1,1,2,0.5
hhMS,2,0,2,1.0
hhMb,3,7,10,0.3
hhMh,4,1,5,0.8
hhMj,0,0,0,
hhMl,3,1,4,0.75
hhMm,1,2,3,0.33
hhMn,3,4,7,0.43
hhMs,1,2,3,0.33
hhNB,0,0,0,
hhNL,1,1,2,0.5
hhNM,1,2,3,0.33
hhNN,3,1,4,0.75
hhNP,1,1,2,0.5
hhNS,2,4,6,0.33
hhNb,3,3,6,0.5
hhNh,1,1,2,0.5
hhNm,3,1,4,0.75
hhNn,4,7,11,0.36
hhNs,2,1,3,0.67
hhNt,0,1,1,0.0
hhPB,2,6,8,0.25
hhPD,0,0,0,
hhPH,0,1,1,0.0
hhPL,3,1,4,0.75
hhPM,4,4,8,0.5
hhPN,2,5,7,0.29
hhPP,9,6,15,0.6
hhPS,2,3,5,0.4
hhPb,0,4,4,0.0
hhPh,3,0,3,1.0
hhPl,1,2,3,0.33
hhPm,1,3,4,0.25
hhPn,2,1,3,0.67
hhPs,0,1,1,0.0
hhPt,1,0,1,1.0
hhSB,2,0,2,1.0
hhSH,0,3,3,0.0
hhSL,1,1,2,0.5
hhSM,3,2,5,0.6
hhSN,0,2,2,0.0
hhSP,2,6,8,0.25
hhSS,0,4,4,0.0
hhSb,2,2,4,0.5
hhSh,2,1,3,0.67
hhSl,1,1,2,0.5
hhSm,0,1,1,0.0
hhSn,4,1,5,0.8
hhSs,1,3,4,0.25
hhSt,1,1,2,0.5
hhbB,1,0,1,1.0
hhbD,0,1,1,0.0
hhbH,1,0,1,1.0
hhbM,3,3,6,0.5
hhbN,3,2,5,0.6
hhbP,1,2,3,0.33
hhbS,0,3,3,0.0
hhbb,1,4,5,0.2
hhbl,2,3,5,0.4
hhbm,1,0,1,1.0
hhbn,4,0,4,1.0
hhbs,2,0,2,1.0
hhhB,1,1,2,0.5
hhhH,2,1,3,0.67
hhhK,0,1,1,0.0
hhhL,5,0,5,1.0
hhhM,1,6,7,0.14
hhhP,7,1,8,0.88
hhhS,2,2,4,0.5
hhhb,2,3,5,0.4
hhhh,3,0,3,1.0
hhhl,1,2,3,0.33
hhhm,3,2,5,0.6
hhhn,2,0,2,1.0
hhhs,3,1,4,0.75
hhlH,0,3,3,0.0
hhlL,1,0,1,1.0
hhlM,3,2,5,0.6
hhlN,0,3,3,0.0
hhlP,1,0,1,1.0
hhlS,1,0,1,1.0
hhlb,0,1,1,0.0
hhll,1,2,3,0.33
hhlm,4,0,4,1.0
hhln,1,3,4,0.25
hhls,2,0,2,1.0
hhmB,1,2,3,0.33
hhmD,1,0,1,1.0
hhmH,2,1,3,0.67
hhmJ,0,1,1,0.0
hhmL,2,1,3,0.67
hhmM,2,5,7,0.29
hhmN,5,2,7,0.71
hhmP,1,2,3,0.33
hhmS,1,3,4,0.25
hhmb,3,1,4,0.75
hhml,2,1,3,0.67
hhmm,2,1,3,0.67
hhmn,2,2,4,0.5
hhms,0,1,1,0.0
hhnB,0,2,2,0.0
hhnH,1,0,1,1.0
hhnI,1,0,1,1.0
hhnL,1,2,3,0.33
hhnM,3,1,4,0.75
hhnN,3,1,4,0.75
hhnP,5,4,9,0.56
hhnS,2,4,6,0.33
hhnb,3,1,4,0.75
hhnl,3,3,6,0.5
hhnm,0,3,3,0.0
hhnn,1,2,3,0.33
hhns,2,1,3,0.67
hhsB,4,1,5,0.8
hhsH,1,0,1,1.0
hhsK,1,0,1,1.0
hhsM,3,0,3,1.0
hhsN,3,1,4,0.75
hhsP,1,5,6,0.17
hhsS,3,2,5,0.6
hhsb,3,1,4,0.75
hhsl,1,0,1,1.0
hhsm,4,1,5,0.8
hhsn,1,2,3,0.33
hhss,1,1,2,0.5
hhtB,1,1,2,0.5
hhtH,0,0,0,
hhtM,1,0,1,1.0
hhtb,0,0,0,
hhtl,1,2,3,0.33
hhtm,0,1,1,0.0
hhtn,1,0,1,1.0
hlBB,0,1,1,0.0
hlBL,1,0,1,1.0
hlBM,2,0,2,1.0
hlBN,0,2,2,0.0
hlBP,0,1,1,0.0
hlBb,1,2,3,0.33
hlBl,1,0,1,1.0
hlBm,1,0,1,1.0
hlBn,2,1,3,0.67
hlBs,0,1,1,0.0
hlHB,3,0,3,1.0
hlHL,0,1,1,0.0
hlHM,4,0,4,1.0
hlHN,1,5,6,0.17
hlHP,3,1,4,0.75
hlHS,0,2,2,0.0
hlHb,2,3,5,0.4
hlHl,2,3,5,0.4
hlHm,1,2,3,0.33
hlHn,1,2,3,0.33
hlHs,1,1,2,0.5
hlJB,0,2,2,0.0
hlJM,0,1,1,0.0
hlJN,0,3,3,0.0
hlJP,0,1,1,0.0
hlJS,1,1,2,0.5
hlJm,0,1,1,0.0
hlJn,0,0,0,
hlJt,1,0,1,1.0
hlLB,0,1,1,0.0
hlLL,1,0,1,1.0
hlLM,0,1,1,0.0
hlLP,1,0,1,1.0
hlLS,0,0,0,
hlLb,2,0,2,1.0
hlLh,1,1,2,0.5
hlLm,0,0,0,
hlLn,0,1,1,0.0
hlMB,0,1,1,0.0
hlML,1,1,2,0.5
hlMM,2,2,4,0.5
hlMN,5,1,6,0.83
hlMP,4,1,5,0.8
hlMS,3,2,5,0.6
hlMb,3,3,6,0.5
hlMh,3,4,7,0.43
hlMl,0,2,2,0.0
hlMm,2,1,3,0.67
hlMn,1,0,1,1.0
hlMs,2,3,5,0.4
hlMt,0,0,0,
hlNB,0,2,2,0.0
hlNN,1,0,1,1.0
hlNP,5,0,5,1.0
hlNS,1,5,6,0.17
hlNb,1,2,3,0.33
hlNh,0,1,1,0.0
hlNl,1,0,1,1.0
hlNm,2,1,3,0.67
hlNn,2,4,6,0.33
hlNs,0,1,1,0.0
hlPB,4,2,6,0.67
hlPD,0,1,1,0.0
hlPH,1,1,2,0.5
hlPK,0,1,1,0.0
hlPL,0,2,2,0.0
hlPM,4,1,5,0.8
hlPN,0,2,2,0.0
hlPP,5,2,7,0.71
hlPS,2,1,3,0.67
hlPb,0,2,2,0.0
hlPl,2,0,2,1.0
hlPm,1,2,3,0.33
hlPn,0,1,1,0.0
hlPs,2,1,3,0.67
hlPt,2,1,3,0.67
hlSB,1,0,1,1.0
hlSD,1,0,1,1.0
hlSH,0,0,0,
hlSM,2,5,7,0.29
hlSN,0,1,1,0.0
hlSP,2,1,3,0.67
hlSS,2,1,3,0.67
hlSb,0,1,1,0.0
hlSh,2,2,4,0.5
hlSm,1,1,2,0.5
hlSn,1,3,4,0.25
hlSs,0,4,4,0.0
hlSt,1,1,2,0.5
hlbB,0,1,1,0.0
hlbM,2,2,4,0.5
hlbN,0,2,2,0.0
hlbP,0,1,1,0.0
hlbS,0,1,1,0.0
hlbb,2,3,5,0.4
hlbl,1,2,3,0.33
hlbm,2,1,3,0.67
hlbn,0,0,0,
hlbs,1,1,2,0.5
hllB,0,1,1,0.0
hllH,0,1,1,0.0
hllJ,1,1,2,0.5
hllL,0,1,1,0.0
hllM,0,1,1,0.0
hllN,1,0,1,1.0
hllP,2,1,3,0.67
hllS,1,0,1,1.0
hlll,0,2,2,0.0
hllm,1,3,4,0.25
hlln,3,1,4,0.75
hlls,0,0,0,
hlmB,3,2,5,0.6
hlmH,1,2,3,0.33
hlmL,1,0,1,1.0
hlmM,0,5,5,0.0
hlmN,2,1,3,0.67
hlmS,1,1,2,0.5
hlmm,1,0,1,1.0
hlmn,0,3,3,0.0
hlnB,1,0,1,1.0
hlnH,0,2,2,0.0
hlnL,2,1,3,0.67
hlnM,1,0,1,1.0
hlnN,1,1,2,0.5
hlnP,1,0,1,1.0
hlnS,2,0,2,1.0
hlnb,4,2,6,0.67
hlnm,1,0,1,1.0
hlnn,1,3,4,0.25
hlns,2,1,3,0.67
hlsH,0,2,2,0.0
hlsM,3,3,6,0.5
hlsN,0,1,1,0.0
hlsP,1,1,2,0.5
hlsS,0,2,2,0.0
hlsb,0,1,1,0.0
hlsl,0,1,1,0.0
hlsn,1,0,1,1.0
hlss,1,0,1,1.0
hmBB,1,0,1,1.0
hmBM,1,3,4,0.25
hmBN,1,1,2,0.5
hmBP,6,3,9,0.67
hmBS,2,1,3,0.67
hmBb,2,2,4,0.5
hmBl,3,0,3,1.0
hmBm,4,0,4,1.0
hmBn,4,3,7,0.57
hmBt,0,1,1,0.0
hmDH,1,0,1,1.0
hmDL,0,1,1,0.0
hmDN,1,0,1,1.0
hmDP,0,0,0,
hmDS,1,1,2,0.5
hmDb,0,1,1,0.0
hmDl,0,1,1,0.0
hmDn,1,0,1,1.0
hmDs,1,0,1,1.0
hmHB,0,2,2,0.0
hmHD,0,1,1,0.0
hmHI,1,0,1,1.0
hmHM,2,1,3,0.67
hmHN,4,2,6,0.67
hmHP,5,4,9,0.56
hmHS,1,1,2,0.5
hmHb,4,3,7,0.57
hmHh,0,3,3,0.0
hmHl,0,2,2,0.0
hmHm,2,2,4,0.5
hmHn,5,2,7,0.71
hmHs,3,1,4,0.75
hmIN,0,1,1,0.0
hmIP,1,0,1,1.0
hmIb,1,0,1,1.0
hmIl,1,0,1,1.0
hmIm,1,0,1,1.0
hmIn,0,1,1,0.0
hmIs,0,1,1,0.0
hmJB,0,1,1,0.0
hmJH,0,1,1,0.0
hmJN,0,1,1,0.0
hmJP,1,3,4,0.25
hmJb,0,2,2,0.0
hmJl,0,1,1,0.0
hmJm,2,1,3,0.67
hmKS,1,0,1,1.0
hmLB,2,0,2,1.0
hmLK,0,1,1,0.0
hmLM,0,0,0,
hmLN,1,0,1,1.0
hmLP,2,1,3,0.67
hmLb,0,2,2,0.0
hmLh,1,2,3,0.33
hmLj,0,1,1,0.0
hmLm,1,1,2,0.5
hmLn,4,2,6,0.67
hmLs,1,0,1,1.0
hmMB,3,2,5,0.6
hmML,1,0,1,1.0
hmMM,3,1,4,0.75
hmMN,3,1,4,0.75
hmMP,5,1,6,0.83
hmMS,2,2,4,0.5
hmMb,3,1,4,0.75
hmMh,3,3,6,0.5
hmMl,1,0,1,1.0
hmMm,2,3,5,0.4
hmMn,10,4,14,0.71
hmMs,1,1,2,0.5
hmMt,1,0,1,1.0
hmNB,2,1,3,0.67
hmNH,0,1,1,0.0
hmNL,2,1,3,0.67
hmNM,6,5,11,0.55
hmNN,3,4,7,0.43
hmNP,6,3,9,0.67
hmNS,0,3,3,0.0
hmNb,2,0,2,1.0
hmNh,0,1,1,0.0
hmNl,3,0,3,1.0
hmNm,0,2,2,0.0
hmNn,5,3,8,0.62
hmNs,5,2,7,0.71
hmPB,0,3,3,0.0
hmPH,0,3,3,0.0
hmPK,0,1,1,0.0
hmPL,0,2,2,0.0
hmPM,3,2,5,0.6
hmPN,3,0,3,1.0
hmPP,3,4,7,0.43
hmPS,2,1,3,0.67
hmPb,2,1,3,0.67
hmPh,0,1,1,0.0
hmPl,1,0,1,1.0
hmPm,2,0,2,1.0
hmPn,2,5,7,0.29
hmPs,1,2,3,0.33
hmSB,2,0,2,1.0
hmSL,1,0,1,1.0
hmSM,5,2,7,0.71
hmSN,3,3,6,0.5
hmSP,4,3,7,0.57
hmSS,3,2,5,0.6
hmSb,0,2,2,0.0
hmSh,2,2,4,0.5
hmSl,0,0,0,
hmSm,1,4,5,0.2
hmSn,1,2,3,0.33
hmSs,2,6,8,0.25
hmbB,2,3,5,0.4
hmbD,1,0,1,1.0
hmbH,1,0,1,1.0
hmbJ,2,0,2,1.0
hmbK,1,1,2,0.5
hmbL,0,1,1,0.0
hmbM,2,1,3,0.67
hmbN,3,3,6,0.5
hmbP,2,4,6,0.33
hmbS,3,3,6,0.5
hmbl,1,1,2,0.5
hmbm,2,3,5,0.4
hmbn,4,3,7,0.57
hmbs,1,0,1,1.0
hmlB,0,1,1,0.0
hmlJ,1,0,1,1.0
hmlL,1,2,3,0.33
hmlM,2,1,3,0.67
hmlN,2,0,2,1.0
hmlP,1,2,3,0.33
hmlb,0,1,1,0.0
hmlm,3,0,3,1.0
hmln,1,0,1,1.0
hmls,1,1,2,0.5
hmmB,2,3,5,0.4
hmmH,2,0,2,1.0
hmmJ,0,0,0,
hmmL,0,1,1,0.0
hmmM,5,3,8,0.62
hmmN,4,0,4,1.0
hmmP,2,4,6,0.33
hmmS,1,0,1,1.0
hmmb,1,1,2,0.5
hmml,0,1,1,0.0
hmmm,0,0,0,
hmmn,3,3,6,0.5
hmms,1,1,2,0.5
hmnB,0,0,0,
hmnH,0,2,2,0.0
hmnK,2,1,3,0.67
hmnL,4,2,6,0.67
hmnM,5,4,9,0.56
hmnN,6,3,9,0.67
hmnP,2,3,5,0.4
hmnS,2,3,5,0.4
hmnb,2,0,2,1.0
hmnl,0,1,1,0.0
hmnm,3,0,3,1.0
hmnn,1,3,4,0.25
hmns,1,2,3,0.33
hmsB,0,1,1,0.0
hmsD,0,1,1,0.0
hmsH,0,3,3,0.0
hmsM,1,0,1,1.0
hmsN,2,2,4,0.5
hmsP,2,3,5,0.4
hmsS,1,0,1,1.0
hmsb,0,3,3,0.0
hmsl,0,1,1,0.0
hmsm,1,3,4,0.25
hmsn,1,0,1,1.0
hmss,1,1,2,0.5
hnBB,1,2,3,0.33
hnBM,4,3,7,0.57
hnBN,3,4,7,0.43
hnBP,2,2,4,0.5
hnBS,1,1,2,0.5
hnBb,3,2,5,0.6
hnBh,1,1,2,0.5
hnBj,1,0,1,1.0
hnBl,1,0,1,1.0
hnBm,2,1,3,0.67
hnBn,4,6,10,0.4
hnBs,0,2,2,0.0
hnDN,1,0,1,1.0
hnDS,2,0,2,1.0
hnDs,0,2,2,0.0
hnDt,0,1,1,0.0
hnHB,1,0,1,1.0
hnHH,0,1,1,0.0
hnHI,0,1,1,0.0
hnHM,1,0,1,1.0
hnHN,2,5,7,0.29
hnHP,3,2,5,0.6
hnHS,1,3,4,0.25
hnHb,2,2,4,0.5
hnHh,0,1,1,0.0
hnHl,3,1,4,0.75
hnHm,0,1,1,0.0
hnHn,2,2,4,0.5
hnHs,2,2,4,0.5
hnHt,1,0,1,1.0
hnIB,1,1,2,0.5
hnIM,2,0,2,1.0
hnIN,0,1,1,0.0
hnIP,0,1,1,0.0
hnIS,0,1,1,0.0
hnIl,0,0,0,
hnIm,0,1,1,0.0
hnIn,0,1,1,0.0
hnKB,1,0,1,1.0
hnKL,0,1,1,0.0
hnKN,0,0,0,
hnKn,1,1,2,0.5
hnKs,0,2,2,0.0
hnLB,0,1,1,0.0
hnLL,0,1,1,0.0
hnLM,1,1,2,0.5
hnLN,0,3,3,0.0
hnLP,1,1,2,0.5
hnLS,1,2,3,0.33
hnLb,2,2,4,0.5
hnLj,1,1,2,0.5
hnLl,1,1,2,0.5
hnLm,1,4,5,0.2
hnLn,0,1,1,0.0
hnLs,1,1,2,0.5
hnMB,1,0,1,1.0
hnML,3,4,7,0.43
hnMM,1,4,5,0.2
hnMN,1,5,6,0.17
hnMP,6,2,8,0.75
hnMS,2,2,4,0.5
hnMb,1,1,2,0.5
hnMh,2,6,8,0.25
hnMj,1,1,2,0.5
hnMl,3,0,3,1.0
hnMm,2,3,5,0.4
hnMn,7,5,12,0.58
hnMs,3,2,5,0.6
hnNB,3,7,10,0.3
hnND,0,1,1,0.0
hnNH,1,0,1,1.0
hnNK,1,0,1,1.0
hnNL,1,1,2,0.5
hnNM,6,5,11,0.55
hnNN,7,2,9,0.78
hnNP,11,14,25,0.44
hnNS,2,3,5,0.4
hnNb,1,2,3,0.33
hnNh,3,0,3,1.0
hnNl,1,3,4,0.25
hnNm,5,1,6,0.83
hnNn,7,8,15,0.47
hnNs,5,2,7,0.71
hnNt,0,1,1,0.0
hnPB,4,4,8,0.5
hnPD,0,1,1,0.0
hnPH,4,2,6,0.67
hnPK,1,1,2,0.5
hnPL,0,3,3,0.0
hnPM,3,4,7,0.43
hnPN,6,5,11,0.55
hnPP,5,12,17,0.29
hnPS,8,5,13,0.62
hnPb,6,8,14,0.43
hnPh,0,1,1,0.0
hnPl,4,2,6,0.67
hnPm,4,3,7,0.57
hnPn,5,4,9,0.56
hnPs,5,4,9,0.56
hnPt,0,1,1,0.0
hnSB,5,3,8,0.62
hnSH,3,1,4,0.75
hnSL,0,0,0,
hnSM,2,2,4,0.5
hnSN,3,2,5,0.6
hnSP,3,3,6,0.5
hnSS,0,3,3,0.0
hnSb,6,1,7,0.86
hnSh,2,2,4,0.5
hnSl,1,2,3,0.33
hnSm,2,0,2,1.0
hnSn,7,6,13,0.54
hnSs,1,0,1,1.0
hnSt,0,1,1,0.0
hnbB,2,1,3,0.67
hnbH,2,0,2,1.0
hnbI,0,1,1,0.0
hnbJ,1,1,2,0.5
hnbK,0,0,0,
hnbL,1,3,4,0.25
hnbM,3,4,7,0.43
hnbN,3,6,9,0.33
hnbP,5,2,7,0.71
hnbS,1,3,4,0.25
hnbb,1,4,5,0.2
hnbl,0,2,2,0.0
hnbm,3,5,8,0.38
hnbn,4,3,7,0.57
hnbs,3,3,6,0.5
hnhH,0,1,1,0.0
hnhS,1,0,1,1.0
hnlB,2,0,2,1.0
hnlD,1,0,1,1.0
hnlH,0,1,1,0.0
hnlJ,0,1,1,0.0
hnlL,1,2,3,0.33
hnlM,0,2,2,0.0
hnlN,3,4,7,0.43
hnlP,2,4,6,0.33
hnlS,1,2,3,0.33
hnlb,4,3,7,0.57
hnll,0,1,1,0.0
hnln,0,2,2,0.0
hnls,1,0,1,1.0
hnmB,4,2,6,0.67
hnmH,3,6,9,0.33
hnmI,0,1,1,0.0
hnmJ,0,2,2,0.0
hnmL,1,1,2,0.5
hnmM,2,4,6,0.33
hnmN,4,0,4,1.0
hnmP,3,5,8,0.38
hnmS,3,1,4,0.75
hnmb,5,3,8,0.62
hnml,0,2,2,0.0
hnmm,2,1,3,0.67
hnmn,2,6,8,0.25
hnms,0,2,2,0.0
hnnB,3,2,5,0.6
hnnD,0,0,0,
hnnH,1,1,2,0.5
hnnI,0,1,1,0.0
hnnK,1,1,2,0.5
hnnL,2,1,3,0.67
hnnM,1,2,3,0.33
hnnN,4,8,12,0.33
hnnP,10,8,18,0.56
hnnS,5,1,6,0.83
hnnb,3,3,6,0.5
hnnh,1,1,2,0.5
hnnl,0,3,3,0.0
hnnm,4,1,5,0.8
hnnn,7,4,11,0.64
hnns,3,5,8,0.38
hnsB,3,0,3,1.0
hnsD,0,1,1,0.0
hnsH,2,5,7,0.29
hnsL,2,0,2,1.0
hnsM,3,2,5,0.6
hnsN,5,2,7,0.71
hnsP,3,7,10,0.3
hnsS,2,2,4,0.5
hnsb,4,0,4,1.0
hnsm,0,1,1,0.0
hnsn,6,2,8,0.75
hnss,3,2,5,0.6
hsBB,0,1,1,0.0
hsBL,1,1,2,0.5
hsBM,2,0,2,1.0
hsBN,4,3,7,0.57
hsBP,2,2,4,0.5
hsBS,0,1,1,0.0
hsBb,2,1,3,0.67
hsBj,2,0,2,1.0
hsBl,1,1,2,0.5
hsBm,1,0,1,1.0
hsBn,1,0,1,1.0
hsBs,1,1,2,0.5
hsDL,0,1,1,0.0
hsDS,0,1,1,0.0
hsDn,1,0,1,1.0
hsDs,1,0,1,1.0
hsHB,1,2,3,0.33
hsHK,0,0,0,
hsHL,0,1,1,0.0
hsHM,4,4,8,0.5
hsHN,2,2,4,0.5
hsHP,3,1,4,0.75
hsHS,0,2,2,0.0
hsHb,3,2,5,0.6
hsHl,2,3,5,0.4
hsHm,2,3,5,0.4
hsHn,3,1,4,0.75
hsHs,2,4,6,0.33
hsIH,0,1,1,0.0
hsIP,1,0,1,1.0
hsIS,0,0,0,
hsKB,0,1,1,0.0
hsKL,1,0,1,1.0
hsKn,0,0,0,
hsKt,0,0,0,
hsLB,2,0,2,1.0
hsLL,1,0,1,1.0
hsLM,2,0,2,1.0
hsLN,2,0,2,1.0
hsLP,2,0,2,1.0
hsLS,0,2,2,0.0
hsLb,1,1,2,0.5
hsLh,0,1,1,0.0
hsLj,0,1,1,0.0
hsLl,0,0,0,
hsLm,2,1,3,0.67
hsLn,4,3,7,0.57
hsLs,1,0,1,1.0
hsMB,0,4,4,0.0
hsML,4,1,5,0.8
hsMM,3,1,4,0.75
hsMN,0,1,1,0.0
hsMP,2,2,4,0.5
hsMS,1,2,3,0.33
hsMb,0,3,3,0.0
hsMh,2,4,6,0.33
hsMl,1,1,2,0.5
hsMm,4,1,5,0.8
hsMn,2,1,3,0.67
hsMs,1,0,1,1.0
hsMt,1,0,1,1.0
hsNB,1,3,4,0.25
hsNH,2,0,2,1.0
hsNK,1,0,1,1.0
hsNL,0,0,0,
hsNM,6,3,9,0.67
hsNN,1,0,1,1.0
hsNP,4,2,6,0.67
hsNS,1,3,4,0.25
hsNb,2,1,3,0.67
hsNh,1,0,1,1.0
hsNl,1,0,1,1.0
hsNm,1,3,4,0.25
hsNn,2,3,5,0.4
hsNs,2,2,4,0.5
hsPB,3,1,4,0.75
hsPD,0,2,2,0.0
hsPH,3,1,4,0.75
hsPK,0,1,1,0.0
hsPL,2,1,3,0.67
hsPM,3,1,4,0.75
hsPN,2,5,7,0.29
hsPP,5,6,11,0.45
hsPS,1,1,2,0.5
hsPb,2,3,5,0.4
hsPh,0,1,1,0.0
hsPl,1,4,5,0.2
hsPm,1,3,4,0.25
hsPn,3,5,8,0.38
hsPs,2,6,8,0.25
hsPt,2,0,2,1.0
hsSB,1,1,2,0.5
hsSD,0,1,1,0.0
hsSH,0,1,1,0.0
hsSM,0,5,5,0.0
hsSN,3,4,7,0.43
hsSP,2,2,4,0.5
hsSS,5,3,8,0.62
hsSb,0,3,3,0.0
hsSh,4,2,6,0.67
hsSl,2,0,2,1.0
hsSm,2,0,2,1.0
hsSn,2,3,5,0.4
hsSs,4,1,5,0.8
hsSt,0,1,1,0.0
hsbB,0,5,5,0.0
hsbI,1,0,1,1.0
hsbK,1,0,1,1.0
hsbM,4,1,5,0.8
hsbN,3,5,8,0.38
hsbP,4,2,6,0.67
hsbS,1,1,2,0.5
hsbb,2,0,2,1.0
hsbl,0,2,2,0.0
hsbm,2,2,4,0.5
hsbn,2,1,3,0.67
hsbs,1,1,2,0.5
hshM,1,0,1,1.0
hshh,1,0,1,1.0
hshs,1,0,1,1.0
hslB,0,1,1,0.0
hslD,0,1,1,0.0
hslH,0,1,1,0.0
hslL,2,1,3,0.67
hslM,3,1,4,0.75
hslN,3,1,4,0.75
hslP,3,3,6,0.5
hslS,1,1,2,0.5
hslb,1,1,2,0.5
hsll,0,1,1,0.0
hslm,0,1,1,0.0
hsls,1,0,1,1.0
hsmB,1,0,1,1.0
hsmD,1,0,1,1.0
hsmH,5,4,9,0.56
hsmL,0,2,2,0.0
hsmM,2,0,2,1.0
hsmN,1,3,4,0.25
hsmP,2,1,3,0.67
hsmS,3,2,5,0.6
hsmb,2,3,5,0.4
hsml,0,1,1,0.0
hsmm,3,2,5,0.6
hsmn,3,0,3,1.0
hsms,2,0,2,1.0
hsnB,2,2,4,0.5
hsnH,1,1,2,0.5
hsnK,1,0,1,1.0
hsnL,0,1,1,0.0
hsnM,1,2,3,0.33
hsnN,4,2,6,0.67
hsnP,2,2,4,0.5
hsnS,4,0,4,1.0
hsnb,3,2,5,0.6
hsnh,1,0,1,1.0
hsnl,0,2,2,0.0
hsnm,1,1,2,0.5
hsnn,0,2,2,0.0
hsns,2,4,6,0.33
hssB,2,0,2,1.0
hssH,3,1,4,0.75
hssM,0,3,3,0.0
hssN,2,4,6,0.33
hssP,1,2,3,0.33
hssS,4,4,8,0.5
hssb,0,4,4,0.0
hssh,0,1,1,0.0
hssl,2,1,3,0.67
hssm,4,0,4,1.0
hssn,2,1,3,0.67
hsss,1,2,3,0.33
hstM,0,1,1,0.0
htBM,0,1,1,0.0
htBN,1,0,1,1.0
htBS,0,0,0,
htBb,1,0,1,1.0
htBj,0,1,1,0.0
htBm,1,0,1,1.0
htBn,1,0,1,1.0
htBs,1,0,1,1.0
htDm,1,0,1,1.0
htHN,0,1,1,0.0
htHP,2,0,2,1.0
htHS,0,0,0,
htHh,1,0,1,1.0
htHs,0,1,1,0.0
htKM,1,0,1,1.0
htKn,0,1,1,0.0
htLN,1,0,1,1.0
htLP,0,0,0,
htLm,0,1,1,0.0
htLn,1,0,1,1.0
htMB,0,2,2,0.0
htMS,0,1,1,0.0
htMh,0,1,1,0.0
htMj,0,1,1,0.0
htMn,1,0,1,1.0
htMs,0,0,0,
htMt,0,1,1,0.0
htNB,0,1,1,0.0
htNH,0,1,1,0.0
htNL,1,0,1,1.0
htNN,0,2,2,0.0
htNP,0,1,1,0.0
htNS,0,1,1,0.0
htNl,2,0,2,1.0
htNn,2,1,3,0.67
htPB,1,0,1,1.0
htPM,0,1,1,0.0
htPP,1,3,4,0.25
htPb,1,0,1,1.0
htPh,1,0,1,1.0
htPn,0,1,1,0.0
htPs,2,1,3,0.67
htSB,2,0,2,1.0
htSN,0,1,1,0.0
htSh,0,1,1,0.0
htSl,1,0,1,1.0
htSn,0,1,1,0.0
htbD,0,1,1,0.0
htbI,0,0,0,
htbM,1,0,1,1.0
htbN,2,0,2,1.0
htbP,1,1,2,0.5
htbb,0,1,1,0.0
htbl,1,0,1,1.0
htbm,1,0,1,1.0
htbn,1,0,1,1.0
htlH,0,1,1,0.0
htlL,1,0,1,1.0
htlN,1,1,2,0.5
htlS,0,2,2,0.0
htlb,0,1,1,0.0
htlm,0,1,1,0.0
htln,0,2,2,0.0
htmN,1,0,1,1.0
html,1,0,1,1.0
htnD,0,0,0,
htnH,1,0,1,1.0
htnL,0,1,1,0.0
htnN,0,1,1,0.0
htnS,0,1,1,0.0
htnb,1,0,1,1.0
htnn,0,2,2,0.0
htns,0,2,2,0.0
htsB,0,1,1,0.0
htsD,0,1,1,0.0
htsM,0,1,1,0.0
htsP,0,2,2,0.0
htsS,0,1,1,0.0
htsm,0,0,0,
htsn,0,0,0,
htss,0,1,1,0.0
httN,0,1,1,0.0
jBBB,0,1,1,0.0
jBBM,0,1,1,0.0
jBBb,1,0,1,1.0
jBBl,1,0,1,1.0
jBBn,1,1,2,0.5
jBDP,1,0,1,1.0
jBDb,1,0,1,1.0
jBKn,1,0,1,1.0
jBLM,0,1,1,0.0
jBLP,0,1,1,0.0
jBLb,1,3,4,0.25
jBLm,0,1,1,0.0
jBLs,1,0,1,1.0
jBMB,0,1,1,0.0
jBML,2,0,2,1.0
jBMM,1,0,1,1.0
jBMN,1,1,2,0.5
jBMP,1,1,2,0.5
jBMS,0,1,1,0.0
jBMb,1,2,3,0.33
jBMl,2,1,3,0.67
jBMm,1,0,1,1.0
jBMn,0,1,1,0.0
jBMt,1,0,1,1.0
jBNB,0,2,2,0.0
jBNM,1,2,3,0.33
jBNN,3,1,4,0.75
jBNP,2,0,2,1.0
jBNS,1,0,1,1.0
jBNb,0,1,1,0.0
jBNl,0,0,0,
jBNm,0,1,1,0.0
jBNn,1,0,1,1.0
jBNs,0,0,0,
jBPH,0,1,1,0.0
jBPL,0,0,0,
jBPM,0,2,2,0.0
jBPN,1,0,1,1.0
jBPP,1,1,2,0.5
jBPS,1,1,2,0.5
jBPb,1,0,1,1.0
jBPl,1,0,1,1.0
jBPm,0,1,1,0.0
jBPn,1,1,2,0.5
jBSD,0,1,1,0.0
jBSH,1,1,2,0.5
jBSL,0,0,0,
jBSP,2,1,3,0.67
jBSb,2,1,3,0.67
jBSl,0,1,1,0.0
jBSs,2,0,2,1.0
jBbB,0,1,1,0.0
jBbH,1,0,1,1.0
jBbJ,1,0,1,1.0
jBbK,0,1,1,0.0
jBbL,1,1,2,0.5
jBbM,0,1,1,0.0
jBbN,1,0,1,1.0
jBbS,0,2,2,0.0
jBbm,0,2,2,0.0
jBbn,1,1,2,0.5
jBbs,0,0,0,
jBhH,1,0,1,1.0
jBhb,1,0,1,1.0
jBhn,1,0,1,1.0
jBhs,0,1,1,0.0
jBjN,0,1,1,0.0
jBjP,0,0,0,
jBjb,0,0,0,
jBjh,0,1,1,0.0
jBlB,0,4,4,0.0
jBlD,0,1,1,0.0
jBlM,0,1,1,0.0
jBlN,1,1,2,0.5
jBlS,1,0,1,1.0
jBlb,1,0,1,1.0
jBll,0,1,1,0.0
jBmB,0,1,1,0.0
jBmH,0,1,1,0.0
jBmI,1,0,1,1.0
jBmL,0,0,0,
jBmN,1,0,1,1.0
jBmS,0,1,1,0.0
jBmb,0,1,1,0.0
jBml,1,1,2,0.5
jBmm,1,0,1,1.0
jBms,0,1,1,0.0
jBnB,0,1,1,0.0
jBnH,0,2,2,0.0
jBnL,0,0,0,
jBnM,2,0,2,1.0
jBnN,0,1,1,0.0
jBnP,2,3,5,0.4
jBnb,2,0,2,1.0
jBnm,2,0,2,1.0
jBnn,1,1,2,0.5
jBsB,1,0,1,1.0
jBsD,1,0,1,1.0
jBsL,1,0,1,1.0
jBsl,0,1,1,0.0
jBtS,1,0,1,1.0
jBtn,0,1,1,0.0
jBts,1,0,1,1.0
jDNN,0,2,2,0.0
jDNP,0,1,1,0.0
jDPP,0,1,1,0.0
jDSH,1,0,1,1.0
jDSS,0,1,1,0.0
jDmH,1,0,1,1.0
jDmN,0,1,1,0.0
jDmP,0,1,1,0.0
jDmb,1,0,1,1.0
jDmn,1,0,1,1.0
jDnL,0,1,1,0.0
jDnn,0,1,1,0.0
jDsb,1,0,1,1.0
jHBN,0,1,1,0.0
jHBb,0,1,1,0.0
jHBh,0,1,1,0.0
jHBm,1,1,2,0.5
jHBn,0,1,1,0.0
jHLM,1,0,1,1.0
jHMN,1,0,1,1.0
jHMP,0,1,1,0.0
jHMm,0,0,0,
jHMn,1,0,1,1.0
jHMs,0,1,1,0.0
jHNP,0,1,1,0.0
jHNl,1,0,1,1.0
jHNm,1,0,1,1.0
jHNn,0,1,1,0.0
jHPH,0,1,1,0.0
jHPK,1,0,1,1.0
jHPL,0,1,1,0.0
jHPM,1,0,1,1.0
jHPP,2,1,3,0.67
jHPS,1,0,1,1.0
jHPh,0,1,1,0.0
jHPn,0,1,1,0.0
jHSN,0,2,2,0.0
jHSP,0,1,1,0.0
jHSS,0,0,0,
jHSb,0,2,2,0.0
jHSl,1,1,2,0.5
jHbD,0,1,1,0.0
jHbL,0,1,1,0.0
jHbN,1,0,1,1.0
jHbP,0,0,0,
jHbm,0,1,1,0.0
jHbn,1,0,1,1.0
jHhM,0,1,1,0.0
jHhN,1,0,1,1.0
jHhP,1,0,1,1.0
jHhS,1,0,1,1.0
jHhm,1,0,1,1.0
jHlJ,0,1,1,0.0
jHlN,0,1,1,0.0
jHmH,1,0,1,1.0
jHmJ,1,0,1,1.0
jHmM,0,2,2,0.0
jHmN,0,0,0,
jHmP,0,2,2,0.0
jHmb,1,0,1,1.0
jHnM,0,1,1,0.0
jHnN,1,1,2,0.5
jHnP,1,0,1,1.0
jHnm,1,1,2,0.5
jHnn,1,0,1,1.0
jHsH,1,0,1,1.0
jHsN,1,0,1,1.0
jHsP,1,0,1,1.0
jHsn,0,1,1,0.0
jIDM,1,0,1,1.0
jIHh,0,0,0,
jILB,0,0,0,
jIMl,0,1,1,0.0
jIbM,0,1,1,0.0
jIbN,0,1,1,0.0
jIlP,0,1,1,0.0
jImJ,1,0,1,1.0
jImb,0,1,1,0.0
jInD,0,1,1,0.0
jKBS,1,0,1,1.0
jKBl,0,0,0,
jKLb,0,1,1,0.0
jKLm,0,1,1,0.0
jKLs,0,1,1,0.0
jKMB,1,0,1,1.0
jKMP,1,0,1,1.0
jKMm,1,0,1,1.0
jKPS,0,1,1,0.0
jKPb,1,0,1,1.0
jKSL,0,1,1,0.0
jKlH,1,0,1,1.0
jKlM,1,1,2,0.5
jKlP,1,0,1,1.0
jKnH,1,0,1,1.0
jKnL,1,0,1,1.0
jKsH,0,1,1,0.0
jLBL,0,1,1,0.0
jLBP,1,2,3,0.33
jLBm,0,0,0,
jLBn,0,1,1,0.0
jLLs,0,1,1,0.0
jLMB,0,1,1,0.0
jLMb,1,1,2,0.5
jLMm,1,0,1,1.0
jLNB,1,0,1,1.0
jLNL,0,1,1,0.0
jLNM,1,0,1,1.0
jLNN,0,1,1,0.0
jLNP,2,0,2,1.0
jLNS,0,1,1,0.0
jLNm,1,1,2,0.5
jLNt,0,1,1,0.0
jLPL,0,1,1,0.0
jLPP,1,1,2,0.5
jLPS,0,1,1,0.0
jLPb,1,0,1,1.0
jLPl,0,0,0,
jLPm,0,1,1,0.0
jLPn,0,1,1,0.0
jLSB,1,0,1,1.0
jLSL,1,0,1,1.0
jLSN,1,0,1,1.0
jLSP,0,1,1,0.0
jLSS,0,1,1,0.0
jLSm,0,1,1,0.0
jLbB,1,1,2,0.5
jLbP,0,1,1,0.0
jLbl,1,0,1,1.0
jLbm,1,1,2,0.5
jLhB,0,1,1,0.0
jLhL,1,0,1,1.0
jLhn,1,0,1,1.0
jLhs,0,1,1,0.0
jLjP,1,0,1,1.0
jLjn,0,0,0,
jLlB,1,0,1,1.0
jLlH,1,0,1,1.0
jLlb,0,1,1,0.0
jLln,1,0,1,1.0
jLmL,0,1,1,0.0
jLmM,3,0,3,1.0
jLmP,1,2,3,0.33
jLnB,0,0,0,
jLnL,1,0,1,1.0
jLnM,0,2,2,0.0
jLnN,1,1,2,0.5
jLnP,0,1,1,0.0
jLnS,0,1,1,0.0
jLnb,1,1,2,0.5
jLnm,0,1,1,0.0
jLnn,1,0,1,1.0
jLns,1,0,1,1.0
jLsM,1,0,1,1.0
jLsb,0,1,1,0.0
jLsm,2,0,2,1.0
jMBB,2,0,2,1.0
jMBK,0,0,0,
jMBL,0,1,1,0.0
jMBM,1,1,2,0.5
jMBN,0,0,0,
jMBP,2,1,3,0.67
jMBS,0,1,1,0.0
jMBb,2,0,2,1.0
jMBm,0,2,2,0.0
jMBn,1,1,2,0.5
jMBs,0,1,1,0.0
jMBt,0,1,1,0.0
jMDs,1,0,1,1.0
jMLL,0,2,2,0.0
jMLM,0,1,1,0.0
jMLN,1,0,1,1.0
jMLb,0,1,1,0.0
jMLm,0,1,1,0.0
jMLn,1,1,2,0.5
jMMB,1,0,1,1.0
jMMP,2,0,2,1.0
jMMS,1,0,1,1.0
jMMb,1,0,1,1.0
jMMl,0,1,1,0.0
jMMn,1,1,2,0.5
jMMs,0,0,0,
jMNB,0,1,1,0.0
jMND,1,0,1,1.0
jMNH,0,1,1,0.0
jMNM,0,1,1,0.0
jMNN,4,1,5,0.8
jMNP,1,1,2,0.5
jMNS,0,1,1,0.0
jMNb,1,2,3,0.33
jMNm,0,1,1,0.0
jMNn,1,0,1,1.0
jMNt,1,0,1,1.0
jMPB,4,0,4,1.0
jMPH,0,1,1,0.0
jMPL,0,1,1,0.0
jMPN,0,3,3,0.0
jMPP,0,2,2,0.0
jMPS,0,1,1,0.0
jMPb,1,5,6,0.17
jMPh,0,1,1,0.0
jMPl,0,1,1,0.0
jMPm,2,1,3,0.67
jMPn,2,0,2,1.0
jMPs,1,0,1,1.0
jMSB,1,0,1,1.0
jMSD,0,1,1,0.0
jMSH,0,1,1,0.0
jMSN,1,0,1,1.0
jMSP,0,1,1,0.0
jMSh,0,1,1,0.0
jMSl,2,1,3,0.67
jMSm,0,0,0,
jMSn,1,1,2,0.5
jMSt,0,0,0,
jMbH,0,3,3,0.0
jMbJ,0,1,1,0.0
jMbK,1,0,1,1.0
jMbM,1,2,3,0.33
jMbN,1,0,1,1.0
jMbP,2,1,3,0.67
jMbS,1,1,2,0.5
jMbb,2,1,3,0.67
jMbl,0,0,0,
jMbm,0,1,1,0.0
jMbn,1,0,1,1.0
jMbs,1,0,1,1.0
jMhD,0,0,0,
jMhM,0,1,1,0.0
jMhS,1,0,1,1.0
jMhb,1,0,1,1.0
jMhh,0,1,1,0.0
jMhn,2,0,2,1.0
jMjB,1,1,2,0.5
jMjM,0,0,0,
jMjP,1,0,1,1.0
jMjS,0,1,1,0.0
jMlB,1,0,1,1.0
jMlM,1,0,1,1.0
jMlN,0,1,1,0.0
jMlP,0,1,1,0.0
jMlb,1,0,1,1.0
jMlm,0,1,1,0.0
jMln,1,0,1,1.0
jMmB,1,1,2,0.5
jMmH,0,2,2,0.0
jMmI,1,0,1,1.0
jMmP,3,2,5,0.6
jMmS,0,1,1,0.0
jMmb,3,0,3,1.0
jMmn,1,0,1,1.0
jMms,0,1,1,0.0
jMnH,1,0,1,1.0
jMnI,0,1,1,0.0
jMnK,0,1,1,0.0
jMnM,1,1,2,0.5
jMnN,3,0,3,1.0
jMnP,1,4,5,0.2
jMnS,1,2,3,0.33
jMnb,1,1,2,0.5
jMnl,2,1,3,0.67
jMnm,2,0,2,1.0
jMnn,1,2,3,0.33
jMns,1,0,1,1.0
jMsB,1,1,2,0.5
jMsH,2,0,2,1.0
jMsN,1,1,2,0.5
jMsP,0,1,1,0.0
jMsb,0,1,1,0.0
jMsm,0,1,1,0.0
jMtM,0,1,1,0.0
jMtb,1,0,1,1.0
jNBM,1,2,3,0.33
jNBN,0,2,2,0.0
jNBP,1,0,1,1.0
jNBS,1,1,2,0.5
jNBb,0,1,1,0.0
jNBm,1,0,1,1.0
jNBn,1,0,1,1.0
jNBs,1,0,1,1.0
jNBt,1,0,1,1.0
jNDP,0,1,1,0.0
jNKn,1,0,1,1.0
jNKs,0,0,0,
jNLM,2,0,2,1.0
jNLN,0,1,1,0.0
jNLS,0,2,2,0.0
jNLh,1,0,1,1.0
jNLl,0,1,1,0.0
jNLm,0,1,1,0.0
jNLn,1,1,2,0.5
jNLs,1,1,2,0.5
jNMB,1,0,1,1.0
jNML,1,0,1,1.0
jNMM,1,3,4,0.25
jNMb,2,0,2,1.0
jNMm,1,0,1,1.0
jNMn,1,1,2,0.5
jNMs,1,0,1,1.0
jNMt,1,0,1,1.0
jNNB,0,1,1,0.0
jNNK,0,1,1,0.0
jNNM,1,2,3,0.33
jNNN,2,2,4,0.5
jNNP,1,1,2,0.5
jNNb,0,1,1,0.0
jNNl,0,1,1,0.0
jNNm,2,1,3,0.67
jNNn,2,0,2,1.0
jNNs,1,1,2,0.5
jNNt,1,0,1,1.0
jNPH,0,1,1,0.0
jNPM,3,2,5,0.6
jNPN,2,3,5,0.4
jNPP,0,4,4,0.0
jNPS,2,0,2,1.0
jNPb,1,0,1,1.0
jNPl,2,0,2,1.0
jNPm,3,3,6,0.5
jNPn,2,3,5,0.4
jNPs,0,2,2,0.0
jNSL,0,1,1,0.0
jNSM,0,3,3,0.0
jNSN,0,1,1,0.0
jNSb,1,0,1,1.0
jNSh,1,0,1,1.0
jNSm,0,0,0,
jNSn,1,0,1,1.0
jNSs,0,0,0,
jNbB,1,1,2,0.5
jNbL,0,0,0,
jNbM,0,2,2,0.0
jNbN,1,2,3,0.33
jNbP,2,2,4,0.5
jNbb,1,0,1,1.0
jNbm,1,1,2,0.5
jNbn,1,0,1,1.0
jNbs,0,1,1,0.0
jNhL,2,0,2,1.0
jNhM,1,0,1,1.0
jNhN,1,0,1,1.0
jNhP,3,1,4,0.75
jNhS,1,0,1,1.0
jNhb,0,1,1,0.0
jNhm,0,1,1,0.0
jNhn,1,0,1,1.0
jNhs,0,1,1,0.0
jNlH,0,1,1,0.0
jNlI,0,1,1,0.0
jNlN,1,0,1,1.0
jNlP,1,1,2,0.5
jNlb,0,1,1,0.0
jNll,0,1,1,0.0
jNls,0,0,0,
jNmB,0,2,2,0.0
jNmD,0,1,1,0.0
jNmH,0,1,1,0.0
jNmM,2,0,2,1.0
jNmS,2,0,2,1.0
jNmb,2,0,2,1.0
jNmm,1,0,1,1.0
jNms,1,0,1,1.0
jNnB,3,1,4,0.75
jNnK,1,0,1,1.0
jNnL,0,1,1,0.0
jNnM,0,3,3,0.0
jNnN,1,1,2,0.5
jNnP,1,2,3,0.33
jNnS,0,0,0,
jNnb,2,0,2,1.0
jNnm,1,1,2,0.5
jNnn,2,1,3,0.67
jNns,2,1,3,0.67
jNsH,1,0,1,1.0
jNsM,1,0,1,1.0
jNsN,0,1,1,0.0
jNsP,1,2,3,0.33
jNsS,0,1,1,0.0
jNsm,0,1,1,0.0
jNsn,0,1,1,0.0
jNss,0,1,1,0.0
jNtD,0,1,1,0.0
jNtN,0,1,1,0.0
jNtn,0,1,1,0.0
jPBB,2,0,2,1.0
jPBD,0,1,1,0.0
jPBL,0,1,1,0.0
jPBM,2,2,4,0.5
jPBN,2,3,5,0.4
jPBP,2,1,3,0.67
jPBS,0,2,2,0.0
jPBb,1,0,1,1.0
jPBm,1,1,2,0.5
jPBn,0,2,2,0.0
jPBs,1,0,1,1.0
jPDb,0,0,0,
jPHB,0,1,1,0.0
jPHL,1,0,1,1.0
jPHS,0,1,1,0.0
jPHh,1,0,1,1.0
jPHl,1,1,2,0.5
jPHm,0,0,0,
jPIM,1,0,1,1.0
jPKL,1,0,1,1.0
jPKM,1,1,2,0.5
jPKP,0,1,1,0.0
jPKb,1,0,1,1.0
jPKh,0,0,0,
jPLB,1,0,1,1.0
jPLM,2,1,3,0.67
jPLP,1,0,1,1.0
jPLS,0,0,0,
jPLb,2,2,4,0.5
jPLh,0,0,0,
jPLm,1,0,1,1.0
jPLn,3,0,3,1.0
jPLt,1,0,1,1.0
jPMB,1,1,2,0.5
jPML,0,1,1,0.0
jPMM,1,1,2,0.5
jPMN,0,2,2,0.0
jPMP,1,1,2,0.5
jPMb,0,1,1,0.0
jPMh,1,0,1,1.0
jPMj,0,0,0,
jPMl,0,1,1,0.0
jPMm,2,1,3,0.67
jPMn,1,2,3,0.33
jPNB,2,1,3,0.67
jPNM,1,2,3,0.33
jPNN,3,2,5,0.6
jPNP,3,0,3,1.0
jPNS,1,1,2,0.5
jPNb,3,0,3,1.0
jPNh,2,0,2,1.0
jPNl,0,1,1,0.0
jPNn,1,1,2,0.5
jPNs,1,1,2,0.5
jPPB,0,3,3,0.0
jPPH,0,2,2,0.0
jPPI,0,0,0,
jPPL,1,0,1,1.0
jPPM,2,2,4,0.5
jPPN,1,2,3,0.33
jPPP,3,1,4,0.75
jPPS,1,1,2,0.5
jPPb,2,2,4,0.5
jPPl,3,1,4,0.75
jPPm,2,1,3,0.67
jPPn,2,1,3,0.67
jPPs,0,3,3,0.0
jPPt,1,0,1,1.0
jPSB,2,0,2,1.0
jPSM,0,2,2,0.0
jPSP,1,1,2,0.5
jPSS,1,2,3,0.33
jPSb,1,1,2,0.5
jPSh,2,0,2,1.0
jPSm,1,1,2,0.5
jPSn,2,0,2,1.0
jPSs,0,1,1,0.0
jPSt,1,0,1,1.0
jPbB,1,0,1,1.0
jPbH,1,1,2,0.5
jPbL,2,2,4,0.5
jPbM,4,3,7,0.57
jPbN,0,1,1,0.0
jPbP,1,2,3,0.33
jPbS,0,0,0,
jPbb,1,0,1,1.0
jPbm,2,1,3,0.67
jPbs,1,0,1,1.0
jPhM,0,2,2,0.0
jPhP,0,1,1,0.0
jPhS,1,0,1,1.0
jPhn,1,0,1,1.0
jPlB,1,0,1,1.0
jPlH,0,1,1,0.0
jPlL,2,0,2,1.0
jPlM,1,0,1,1.0
jPlN,0,0,0,
jPlP,1,1,2,0.5
jPll,0,1,1,0.0
jPlm,1,0,1,1.0
jPls,0,1,1,0.0
jPmB,3,5,8,0.38
jPmH,2,1,3,0.67
jPmJ,0,1,1,0.0
jPmL,0,1,1,0.0
jPmN,1,1,2,0.5
jPmP,2,2,4,0.5
jPmb,0,2,2,0.0
jPml,0,2,2,0.0
jPmn,2,1,3,0.67
jPms,0,1,1,0.0
jPnB,1,2,3,0.33
jPnL,3,0,3,1.0
jPnN,3,1,4,0.75
jPnP,3,1,4,0.75
jPnb,1,3,4,0.25
jPnl,1,0,1,1.0
jPnm,0,1,1,0.0
jPnn,3,2,5,0.6
jPns,2,0,2,1.0
jPsB,0,1,1,0.0
jPsH,0,0,0,
jPsM,1,0,1,1.0
jPsN,0,1,1,0.0
jPsP,0,1,1,0.0
jPsS,0,1,1,0.0
jPsb,3,0,3,1.0
jPsm,0,2,2,0.0
jPsn,0,1,1,0.0
jPss,1,0,1,1.0
jPtP,0,0,0,
jPtb,0,1,1,0.0
jPtl,0,1,1,0.0
jPtm,1,1,2,0.5
jSBM,0,2,2,0.0
jSBN,1,0,1,1.0
jSBP,3,0,3,1.0
jSBS,1,1,2,0.5
jSBb,0,1,1,0.0
jSBl,1,0,1,1.0
jSBm,0,1,1,0.0
jSBn,2,1,3,0.67
jSDn,0,1,1,0.0
jSHS,0,1,1,0.0
jSKb,1,0,1,1.0
jSLM,0,0,0,
jSLS,1,0,1,1.0
jSML,0,0,0,
jSMM,1,0,1,1.0
jSMP,1,0,1,1.0
jSMS,1,1,2,0.5
jSMb,1,0,1,1.0
jSMn,0,1,1,0.0
jSNM,1,0,1,1.0
jSNN,0,1,1,0.0
jSNP,1,1,2,0.5
jSNS,0,1,1,0.0
jSNl,1,0,1,1.0
jSNm,1,0,1,1.0
jSPB,1,1,2,0.5
jSPI,0,0,0,
jSPK,1,0,1,1.0
jSPL,1,0,1,1.0
jSPM,0,1,1,0.0
jSPN,1,0,1,1.0
jSPP,1,0,1,1.0
jSPS,1,0,1,1.0
jSPb,1,1,2,0.5
jSPl,1,1,2,0.5
jSPn,0,1,1,0.0
jSPs,0,0,0,
jSSB,0,1,1,0.0
jSSD,1,0,1,1.0
jSSL,0,1,1,0.0
jSSS,0,2,2,0.0
jSSb,1,0,1,1.0
jSSh,0,0,0,
jSSl,0,1,1,0.0
jSSn,0,0,0,
jSSs,1,0,1,1.0
jSbD,0,2,2,0.0
jSbJ,0,0,0,
jSbN,2,0,2,1.0
jSbP,0,1,1,0.0
jSbS,1,0,1,1.0
jSbb,1,0,1,1.0
jSbn,0,1,1,0.0
jSbs,1,1,2,0.5
jShL,0,1,1,0.0
jShM,1,1,2,0.5
jShN,1,0,1,1.0
jShS,1,0,1,1.0
jShm,1,0,1,1.0
jSht,1,0,1,1.0
jSlJ,1,0,1,1.0
jSlM,2,0,2,1.0
jSlN,0,1,1,0.0
jSlP,0,1,1,0.0
jSlb,0,1,1,0.0
jSlm,1,0,1,1.0
jSln,0,0,0,
jSmB,0,1,1,0.0
jSmL,1,0,1,1.0
jSmM,1,0,1,1.0
jSmS,0,1,1,0.0
jSmb,1,0,1,1.0
jSmm,0,1,1,0.0
jSnB,0,1,1,0.0
jSnM,0,1,1,0.0
jSnN,1,1,2,0.5
jSnP,2,1,3,0.67
jSnS,1,1,2,0.5
jSnm,1,1,2,0.5
jSnn,0,1,1,0.0
jSns,0,1,1,0.0
jSsH,1,0,1,1.0
jSsM,1,0,1,1.0
jSsP,2,3,5,0.4
jSsS,0,0,0,
jSsn,0,0,0,
jSss,1,0,1,1.0
jStP,1,0,1,1.0
jSts,0,1,1,0.0
jbBB,1,0,1,1.0
jbBL,1,0,1,1.0
jbBM,2,0,2,1.0
jbBP,3,2,5,0.6
jbBb,2,1,3,0.67
jbBm,0,1,1,0.0
jbBn,1,3,4,0.25
jbHB,0,0,0,
jbHN,0,1,1,0.0
jbID,0,1,1,0.0
jbJH,1,0,1,1.0
jbJP,0,1,1,0.0
jbJS,0,1,1,0.0
jbJb,0,1,1,0.0
jbJl,0,1,1,0.0
jbJn,0,1,1,0.0
jbKP,1,0,1,1.0
jbKl,1,0,1,1.0
jbLM,0,0,0,
jbLS,1,0,1,1.0
jbLh,0,1,1,0.0
jbLl,0,0,0,
jbMB,1,0,1,1.0
jbMM,0,1,1,0.0
jbMN,1,0,1,1.0
jbMP,2,2,4,0.5
jbMS,1,1,2,0.5
jbMh,2,3,5,0.4
jbMj,2,3,5,0.4
jbMn,0,2,2,0.0
jbMs,1,1,2,0.5
jbMt,0,0,0,
jbNB,2,1,3,0.67
jbNL,1,0,1,1.0
jbNM,0,2,2,0.0
jbNN,0,2,2,0.0
jbNP,4,1,5,0.8
jbNS,1,3,4,0.25
jbNb,1,0,1,1.0
jbNm,0,0,0,
jbNn,2,2,4,0.5
jbNs,1,0,1,1.0
jbPB,3,1,4,0.75
jbPH,2,0,2,1.0
jbPL,1,0,1,1.0
jbPM,0,2,2,0.0
jbPN,0,2,2,0.0
jbPP,6,3,9,0.67
jbPS,0,1,1,0.0
jbPb,2,0,2,1.0
jbPl,0,0,0,
jbPm,0,4,4,0.0
jbPn,0,1,1,0.0
jbPs,1,3,4,0.25
jbSL,0,0,0,
jbSM,0,0,0,
jbSN,0,1,1,0.0
jbSS,1,0,1,1.0
jbSh,0,1,1,0.0
jbSl,0,1,1,0.0
jbSn,1,0,1,1.0
jbSs,1,1,2,0.5
jbbB,0,1,1,0.0
jbbI,0,1,1,0.0
jbbJ,1,0,1,1.0
jbbM,0,1,1,0.0
jbbN,3,0,3,1.0
jbbP,0,1,1,0.0
jbbS,0,0,0,
jbbb,3,0,3,1.0
jbbl,0,1,1,0.0
jbbm,1,0,1,1.0
jblH,0,0,0,
jblI,1,0,1,1.0
jblM,1,0,1,1.0
jblN,1,1,2,0.5
jblP,0,1,1,0.0
jbll,1,1,2,0.5
jbln,2,0,2,1.0
jbmB,1,1,2,0.5
jbmH,1,1,2,0.5
jbmL,0,0,0,
jbmP,3,1,4,0.75
jbmS,0,0,0,
jbmb,1,0,1,1.0
jbmm,2,0,2,1.0
jbmn,3,0,3,1.0
jbms,0,2,2,0.0
jbnB,1,1,2,0.5
jbnH,0,3,3,0.0
jbnI,0,1,1,0.0
jbnK,0,1,1,0.0
jbnM,1,0,1,1.0
jbnN,1,1,2,0.5
jbnP,2,0,2,1.0
jbnS,0,1,1,0.0
jbnl,0,1,1,0.0
jbnm,1,0,1,1.0
jbnn,0,2,2,0.0
jbns,0,1,1,0.0
jbsM,1,0,1,1.0
jbsS,0,0,0,
jbsb,0,1,1,0.0
jbsl,1,0,1,1.0
jhIS,1,0,1,1.0
jhLM,0,1,1,0.0
jhMN,0,1,1,0.0
jhMn,1,1,2,0.5
jhNL,0,1,1,0.0
jhNN,0,0,0,
jhNS,1,0,1,1.0
jhNb,0,0,0,
jhNh,1,0,1,1.0
jhNs,0,1,1,0.0
jhPP,0,1,1,0.0
jhPl,0,0,0,
jhSP,1,1,2,0.5
jhbP,0,2,2,0.0
jhbS,0,0,0,
jhbn,1,0,1,1.0
jhhM,0,0,0,
jhhb,0,0,0,
jhhh,1,0,1,1.0
jhlH,0,0,0,
jhlM,0,0,0,
jhlb,0,0,0,
jhll,0,1,1,0.0
jhmM,1,0,1,1.0
jhmP,0,1,1,0.0
jhmb,1,0,1,1.0
jhnH,0,0,0,
jhnN,0,1,1,0.0
jhnb,0,0,0,
jhns,0,0,0,
jhsH,0,3,3,0.0
jhsM,0,1,1,0.0
jlBB,1,0,1,1.0
jlBP,0,1,1,0.0
jlBb,1,0,1,1.0
jlBl,0,1,1,0.0
jlDP,1,0,1,1.0
jlDn,1,0,1,1.0
jlHB,0,1,1,0.0
jlHM,0,0,0,
jlHP,2,0,2,1.0
jlHh,1,0,1,1.0
jlHl,0,1,1,0.0
jlHn,0,0,0,
jlIm,0,1,1,0.0
jlLM,0,1,1,0.0
jlLP,0,1,1,0.0
jlLS,0,0,0,
jlLh,1,0,1,1.0
jlLm,0,1,1,0.0
jlLn,2,0,2,1.0
jlMB,1,0,1,1.0
jlMM,2,0,2,1.0
jlMN,0,1,1,0.0
jlMP,1,0,1,1.0
jlMS,1,0,1,1.0
jlMb,2,3,5,0.4
jlMm,1,1,2,0.5
jlMs,1,0,1,1.0
jlNB,0,0,0,
jlNL,1,0,1,1.0
jlNN,0,1,1,0.0
jlNP,0,0,0,
jlNS,1,0,1,1.0
jlNb,1,0,1,1.0
jlNl,1,0,1,1.0
jlNs,1,0,1,1.0
jlPM,1,2,3,0.33
jlPP,0,1,1,0.0
jlPS,1,1,2,0.5
jlPb,1,0,1,1.0
jlPl,0,1,1,0.0
jlPn,1,0,1,1.0
jlPs,0,1,1,0.0
jlSB,1,0,1,1.0
jlSM,0,1,1,0.0
jlSP,0,1,1,0.0
jlSS,0,0,0,
jlSn,0,0,0,
jlSs,0,1,1,0.0
jlbB,1,0,1,1.0
jlbM,1,0,1,1.0
jlbN,0,1,1,0.0
jlbP,1,0,1,1.0
jlbb,1,1,2,0.5
jlbl,0,0,0,
jlbm,2,0,2,1.0
jlbn,0,1,1,0.0
jllB,1,1,2,0.5
jllH,1,1,2,0.5
jllN,1,0,1,1.0
jllS,0,1,1,0.0
jllb,1,0,1,1.0
jlmB,0,0,0,
jlmH,0,1,1,0.0
jlmJ,0,1,1,0.0
jlmL,1,0,1,1.0
jlmM,1,0,1,1.0
jlmb,0,0,0,
jlml,1,1,2,0.5
jlnB,0,1,1,0.0
jlnH,0,1,1,0.0
jlnM,1,1,2,0.5
jlnP,0,0,0,
jlnS,1,1,2,0.5
jlnb,1,1,2,0.5
jlnm,0,0,0,
jlsB,2,0,2,1.0
jlsN,1,0,1,1.0
jlsP,1,2,3,0.33
jlsS,0,1,1,0.0
jlsb,0,1,1,0.0
jlsn,2,0,2,1.0
jmBL,1,0,1,1.0
jmBP,0,1,1,0.0
jmBb,1,1,2,0.5
jmBj,0,2,2,0.0
jmBn,1,1,2,0.5
jmDl,1,0,1,1.0
jmHB,1,1,2,0.5
jmHM,1,0,1,1.0
jmHN,0,1,1,0.0
jmHP,0,2,2,0.0
jmHb,0,1,1,0.0
jmHl,0,0,0,
jmHn,2,0,2,1.0
jmHs,0,1,1,0.0
jmJM,1,0,1,1.0
jmJb,1,0,1,1.0
jmJl,0,0,0,
jmJm,0,1,1,0.0
jmLN,1,0,1,1.0
jmLS,0,1,1,0.0
jmLj,1,0,1,1.0
jmMB,2,1,3,0.67
jmMN,4,0,4,1.0
jmMP,1,0,1,1.0
jmMS,1,0,1,1.0
jmMb,0,2,2,0.0
jmMh,1,1,2,0.5
jmMl,0,1,1,0.0
jmMn,0,1,1,0.0
jmNL,1,1,2,0.5
jmNM,0,1,1,0.0
jmNN,2,0,2,1.0
jmNP,3,1,4,0.75
jmNS,1,1,2,0.5
jmNb,1,1,2,0.5
jmNh,0,1,1,0.0
jmNm,0,1,1,0.0
jmNn,1,2,3,0.33
jmNs,1,0,1,1.0
jmPB,0,1,1,0.0
jmPD,1,0,1,1.0
jmPM,2,0,2,1.0
jmPN,0,1,1,0.0
jmPP,3,1,4,0.75
jmPS,1,0,1,1.0
jmPl,0,1,1,0.0
jmPm,2,0,2,1.0
jmPn,0,1,1,0.0
jmSB,0,0,0,
jmSH,0,1,1,0.0
jmSM,0,2,2,0.0
jmSS,0,1,1,0.0
jmSm,1,0,1,1.0
jmSn,0,1,1,0.0
jmbB,1,1,2,0.5
jmbJ,0,0,0,
jmbM,1,0,1,1.0
jmbP,1,1,2,0.5
jmbb,1,0,1,1.0
jmbl,0,1,1,0.0
jmbn,1,2,3,0.33
jmlH,1,0,1,1.0
jmlM,0,0,0,
jmlN,1,0,1,1.0
jmlP,2,0,2,1.0
jmlb,1,0,1,1.0
jmlm,1,0,1,1.0
jmmB,0,1,1,0.0
jmmH,0,1,1,0.0
jmmN,2,1,3,0.67
jmmP,1,1,2,0.5
jmmS,0,2,2,0.0
jmmb,0,0,0,
jmmm,0,1,1,0.0
jmmn,2,1,3,0.67
jmnM,1,0,1,1.0
jmnN,1,0,1,1.0
jmnP,1,1,2,0.5
jmnS,0,1,1,0.0
jmnm,1,2,3,0.33
jmnn,1,1,2,0.5
jmns,1,0,1,1.0
jmsM,1,0,1,1.0
jmsP,0,0,0,
jmsb,1,0,1,1.0
jmsl,1,0,1,1.0
jmsm,1,0,1,1.0
jmss,0,1,1,0.0
jnBB,0,1,1,0.0
jnBK,0,1,1,0.0
jnBL,5,0,5,1.0
jnBM,2,0,2,1.0
jnBN,1,2,3,0.33
jnBP,2,0,2,1.0
jnBS,0,1,1,0.0
jnBb,0,1,1,0.0
jnBl,0,1,1,0.0
jnBm,1,1,2,0.5
jnBn,1,0,1,1.0
jnBs,1,0,1,1.0
jnHB,1,0,1,1.0
jnHK,0,1,1,0.0
jnHM,0,2,2,0.0
jnHP,1,1,2,0.5
jnHS,0,1,1,0.0
jnHb,0,1,1,0.0
jnHh,1,0,1,1.0
jnHl,1,0,1,1.0
jnHn,2,0,2,1.0
jnHs,0,1,1,0.0
jnIS,0,0,0,
jnKl,0,1,1,0.0
jnLB,1,0,1,1.0
jnLM,1,0,1,1.0
jnLN,1,1,2,0.5
jnLP,1,0,1,1.0
jnLb,0,1,1,0.0
jnLl,1,1,2,0.5
jnLm,2,0,2,1.0
jnLt,1,0,1,1.0
jnMB,1,0,1,1.0
jnMP,2,0,2,1.0
jnMS,0,1,1,0.0
jnMb,1,1,2,0.5
jnMh,0,1,1,0.0
jnMj,0,1,1,0.0
jnMm,2,2,4,0.5
jnMn,1,3,4,0.25
jnMs,0,1,1,0.0
jnNB,1,0,1,1.0
jnNH,0,1,1,0.0
jnNK,0,0,0,
jnNL,0,1,1,0.0
jnNM,3,3,6,0.5
jnNN,0,3,3,0.0
jnNP,3,1,4,0.75
jnNS,1,2,3,0.33
jnNl,1,0,1,1.0
jnNm,1,0,1,1.0
jnNn,2,1,3,0.67
jnNs,0,2,2,0.0
jnNt,0,0,0,
jnPB,2,2,4,0.5
jnPK,1,0,1,1.0
jnPL,1,0,1,1.0
jnPM,2,3,5,0.4
jnPN,1,2,3,0.33
jnPP,3,3,6,0.5
jnPS,1,0,1,1.0
jnPb,0,3,3,0.0
jnPh,0,1,1,0.0
jnPl,1,2,3,0.33
jnPm,1,0,1,1.0
jnPn,0,1,1,0.0
jnPs,1,1,2,0.5
jnPt,1,0,1,1.0
jnSB,1,0,1,1.0
jnSP,2,2,4,0.5
jnSS,0,2,2,0.0
jnSb,0,0,0,
jnSh,0,0,0,
jnSm,0,0,0,
jnSn,0,0,0,
jnSt,0,0,0,
jnbB,1,0,1,1.0
jnbH,1,0,1,1.0
jnbJ,1,0,1,1.0
jnbN,1,2,3,0.33
jnbP,1,2,3,0.33
jnbb,1,0,1,1.0
jnbl,0,1,1,0.0
jnbm,2,1,3,0.67
jnbn,1,0,1,1.0
jnbs,0,1,1,0.0
jnhn,0,1,1,0.0
jnlB,1,0,1,1.0
jnlH,0,1,1,0.0
jnlN,1,2,3,0.33
jnlP,1,1,2,0.5
jnlS,1,0,1,1.0
jnlb,0,1,1,0.0
jnll,1,0,1,1.0
jnln,0,1,1,0.0
jnls,0,1,1,0.0
jnmB,2,1,3,0.67
jnmM,1,0,1,1.0
jnmN,1,2,3,0.33
jnmP,2,0,2,1.0
jnmm,1,0,1,1.0
jnmn,2,0,2,1.0
jnms,1,1,2,0.5
jnnB,1,0,1,1.0
jnnI,0,0,0,
jnnM,1,1,2,0.5
jnnN,1,3,4,0.25
jnnP,2,2,4,0.5
jnnS,2,0,2,1.0
jnnb,3,1,4,0.75
jnnm,0,0,0,
jnnn,0,4,4,0.0
jnns,2,0,2,1.0
jnsB,1,0,1,1.0
jnsH,2,0,2,1.0
jnsL,1,0,1,1.0
jnsM,1,3,4,0.25
jnsP,4,2,6,0.67
jnsm,1,2,3,0.33
jnsn,0,2,2,0.0
jnss,0,1,1,0.0
jsBB,0,1,1,0.0
jsBM,1,0,1,1.0
jsBN,1,1,2,0.5
jsBS,0,1,1,0.0
jsBj,1,0,1,1.0
jsBn,0,1,1,0.0
jsBs,1,0,1,1.0
jsDb,0,1,1,0.0
jsHM,3,0,3,1.0
jsHN,0,2,2,0.0
jsHP,0,1,1,0.0
jsHS,0,1,1,0.0
jsHb,1,1,2,0.5
jsHh,0,0,0,
jsHn,0,1,1,0.0
jsHs,1,1,2,0.5
jsIM,0,0,0,
jsIN,1,0,1,1.0
jsKl,0,0,0,
jsLB,1,0,1,1.0
jsLm,0,1,1,0.0
jsLs,1,0,1,1.0
jsMB,2,0,2,1.0
jsMM,0,1,1,0.0
jsMS,1,0,1,1.0
jsMh,1,0,1,1.0
jsMm,0,2,2,0.0
jsMn,1,1,2,0.5
jsNB,1,0,1,1.0
jsNL,1,0,1,1.0
jsNM,1,1,2,0.5
jsNN,1,0,1,1.0
jsNP,2,0,2,1.0
jsNS,1,1,2,0.5
jsNb,0,2,2,0.0
jsNn,1,0,1,1.0
jsNs,2,0,2,1.0
jsPH,0,1,1,0.0
jsPM,2,0,2,1.0
jsPN,1,0,1,1.0
jsPP,0,1,1,0.0
jsPS,1,1,2,0.5
jsPb,0,1,1,0.0
jsPl,1,0,1,1.0
jsPm,1,1,2,0.5
jsPn,1,0,1,1.0
jsSD,0,1,1,0.0
jsSN,0,1,1,0.0
jsSP,0,2,2,0.0
jsSs,0,0,0,
jsbN,0,2,2,0.0
jsbS,0,1,1,0.0
jsbb,1,0,1,1.0
jsbn,1,0,1,1.0
jshB,0,1,1,0.0
jslB,1,0,1,1.0
jslH,1,0,1,1.0
jslM,1,0,1,1.0
jslN,2,2,4,0.5
jslP,0,1,1,0.0
jslS,1,0,1,1.0
jslb,0,1,1,0.0
jslm,0,1,1,0.0
jsmB,2,0,2,1.0
jsmL,0,1,1,0.0
jsmM,1,1,2,0.5
jsmS,0,1,1,0.0
jsmb,0,0,0,
jsml,0,1,1,0.0
jsnB,0,0,0,
jsnL,1,0,1,1.0
jsnM,0,1,1,0.0
jsnb,1,0,1,1.0
jsnm,0,0,0,
jssH,2,0,2,1.0
jssL,1,0,1,1.0
jssN,0,1,1,0.0
jssP,0,1,1,0.0
jssS,0,1,1,0.0
jssl,1,0,1,1.0
jssm,1,2,3,0.33
jsss,1,0,1,1.0
jtBm,0,1,1,0.0
jtBn,0,1,1,0.0
jtHM,0,1,1,0.0
jtHP,1,0,1,1.0
jtHm,1,0,1,1.0
jtKP,0,1,1,0.0
jtLs,1,0,1,1.0
jtMm,1,0,1,1.0
jtNP,1,0,1,1.0
jtNS,0,1,1,0.0
jtNb,1,1,2,0.5
jtNn,0,0,0,
jtNs,0,1,1,0.0
jtPb,1,0,1,1.0
jtPs,0,1,1,0.0
jtSN,0,1,1,0.0
jtSS,1,0,1,1.0
jtSl,0,1,1,0.0
jtSn,1,0,1,1.0
jtbM,1,1,2,0.5
jtlb,0,1,1,0.0
jtls,1,1,2,0.5
jtnB,0,1,1,0.0
jtnL,0,1,1,0.0
jtnM,1,0,1,1.0
jtnm,0,1,1,0.0
jtns,0,1,1,0.0
jtsL,0,1,1,0.0
jtsN,1,0,1,1.0
jtsS,0,1,1,0.0
jtss,1,0,1,1.0
lBBB,2,2,4,0.5
lBBD,0,1,1,0.0
lBBL,2,2,4,0.5
lBBM,3,3,6,0.5
lBBN,5,7,12,0.42
lBBP,5,4,9,0.56
lBBS,1,3,4,0.25
lBBb,2,5,7,0.29
lBBh,0,1,1,0.0
lBBj,1,4,5,0.2
lBBl,3,3,6,0.5
lBBm,2,4,6,0.33
lBBn,4,6,10,0.4
lBBs,4,2,6,0.67
lBBt,1,2,3,0.33
lBDM,0,2,2,0.0
lBDP,1,0,1,1.0
lBDm,1,0,1,1.0
lBKM,1,0,1,1.0
lBKb,1,0,1,1.0
lBKh,1,0,1,1.0
lBKm,0,1,1,0.0
lBKn,0,0,0,
lBLB,0,1,1,0.0
lBLL,0,2,2,0.0
lBLM,2,4,6,0.33
lBLN,1,3,4,0.25
lBLP,0,3,3,0.0
lBLS,0,1,1,0.0
lBLb,1,2,3,0.33
lBLh,1,1,2,0.5
lBLj,2,0,2,1.0
lBLl,1,1,2,0.5
lBLm,1,0,1,1.0
lBLn,5,0,5,1.0
lBLs,3,0,3,1.0
lBMB,4,5,9,0.44
lBML,1,2,3,0.33
lBMM,7,8,15,0.47
lBMN,3,8,11,0.27
lBMP,6,6,12,0.5
lBMS,3,1,4,0.75
lBMb,2,5,7,0.29
lBMh,1,2,3,0.33
lBMj,4,1,5,0.8
lBMl,1,0,1,1.0
lBMm,4,2,6,0.67
lBMn,5,4,9,0.56
lBMs,1,1,2,0.5
lBMt,0,3,3,0.0
lBNB,4,2,6,0.67
lBND,1,2,3,0.33
lBNH,1,1,2,0.5
lBNK,0,0,0,
lBNL,2,1,3,0.67
lBNM,5,5,10,0.5
lBNN,8,4,12,0.67
lBNP,8,7,15,0.53
lBNS,3,0,3,1.0
lBNb,4,2,6,0.67
lBNh,3,2,5,0.6
lBNl,3,2,5,0.6
lBNm,10,2,12,0.83
lBNn,8,5,13,0.62
lBNs,2,3,5,0.4
lBNt,4,3,7,0.57
lBPB,3,3,6,0.5
lBPH,0,1,1,0.0
lBPL,2,1,3,0.67
lBPM,7,6,13,0.54
lBPN,3,5,8,0.38
lBPP,13,10,23,0.57
lBPS,4,6,10,0.4
lBPb,8,9,17,0.47
lBPh,1,1,2,0.5
lBPl,5,5,10,0.5
lBPm,4,6,10,0.4
lBPn,11,3,14,0.79
lBPs,1,7,8,0.12
lBSB,1,1,2,0.5
lBSH,1,0,1,1.0
lBSL,1,2,3,0.33
lBSM,2,5,7,0.29
lBSN,0,3,3,0.0
lBSP,1,5,6,0.17
lBSb,2,5,7,0.29
lBSh,1,4,5,0.2
lBSl,1,0,1,1.0
lBSm,2,1,3,0.67
lBSn,8,5,13,0.62
lBSs,3,1,4,0.75
lBbB,5,4,9,0.56
lBbD,0,1,1,0.0
lBbH,2,3,5,0.4
lBbI,2,1,3,0.67
lBbJ,0,1,1,0.0
lBbK,0,1,1,0.0
lBbL,2,1,3,0.67
lBbM,3,6,9,0.33
lBbN,6,11,17,0.35
lBbP,5,11,16,0.31
lBbS,3,3,6,0.5
lBbb,7,2,9,0.78
lBbl,2,3,5,0.4
lBbm,2,1,3,0.67
lBbn,5,6,11,0.45
lBbs,5,2,7,0.71
lBhB,0,1,1,0.0
lBhL,0,1,1,0.0
lBhS,1,2,3,0.33
lBhb,0,0,0,
lBhh,1,0,1,1.0
lBhl,1,1,2,0.5
lBhn,1,0,1,1.0
lBhs,1,1,2,0.5
lBjB,0,0,0,
lBjH,1,2,3,0.33
lBjM,1,1,2,0.5
lBjN,0,1,1,0.0
lBjP,4,3,7,0.57
lBjS,1,0,1,1.0
lBjb,2,0,2,1.0
lBjh,0,1,1,0.0
lBjm,1,0,1,1.0
lBjs,3,0,3,1.0
lBlB,3,0,3,1.0
lBlH,1,3,4,0.25
lBlI,1,0,1,1.0
lBlJ,0,1,1,0.0
lBlL,1,1,2,0.5
lBlM,4,2,6,0.67
lBlN,1,2,3,0.33
lBlP,2,1,3,0.67
lBlb,3,1,4,0.75
lBll,1,3,4,0.25
lBlm,1,1,2,0.5
lBln,2,0,2,1.0
lBls,0,0,0,
lBmB,2,5,7,0.29
lBmH,4,1,5,0.8
lBmJ,0,0,0,
lBmL,4,1,5,0.8
lBmM,4,4,8,0.5
lBmN,7,3,10,0.7
lBmP,5,5,10,0.5
lBmS,4,1,5,0.8
lBmb,2,1,3,0.67
lBml,5,1,6,0.83
lBmm,3,4,7,0.43
lBmn,3,7,10,0.3
lBms,4,4,8,0.5
lBnB,5,3,8,0.62
lBnD,1,1,2,0.5
lBnH,9,8,17,0.53
lBnI,1,0,1,1.0
lBnK,0,1,1,0.0
lBnL,1,1,2,0.5
lBnM,4,5,9,0.44
lBnN,6,10,16,0.38
lBnP,5,8,13,0.38
lBnS,5,5,10,0.5
lBnb,3,7,10,0.3
lBnl,2,1,3,0.67
lBnm,5,6,11,0.45
lBnn,7,10,17,0.41
lBns,7,2,9,0.78
lBsB,1,1,2,0.5
lBsH,4,2,6,0.67
lBsI,1,0,1,1.0
lBsL,0,1,1,0.0
lBsM,1,5,6,0.17
lBsN,3,2,5,0.6
lBsP,4,2,6,0.67
lBsS,0,2,2,0.0
lBsb,0,1,1,0.0
lBsh,0,1,1,0.0
lBsl,4,0,4,1.0
lBsm,3,5,8,0.38
lBsn,3,3,6,0.5
lBss,1,2,3,0.33
lBtH,0,1,1,0.0
lBtM,2,3,5,0.4
lBtN,1,0,1,1.0
lBtP,0,1,1,0.0
lBtS,0,0,0,
lBtl,1,0,1,1.0
lBtm,0,3,3,0.0
lBtn,0,1,1,0.0
lBts,1,2,3,0.33
lBtt,0,1,1,0.0
lDBB,1,1,2,0.5
lDBN,1,0,1,1.0
lDBP,0,1,1,0.0
lDBS,1,1,2,0.5
lDBl,1,0,1,1.0
lDBm,1,0,1,1.0
lDDn,1,0,1,1.0
lDHD,1,0,1,1.0
lDHM,1,0,1,1.0
lDHN,0,1,1,0.0
lDHP,2,0,2,1.0
lDHS,0,0,0,
lDHl,0,2,2,0.0
lDHm,0,2,2,0.0
lDHn,1,0,1,1.0
lDLB,1,0,1,1.0
lDLL,1,0,1,1.0
lDLM,1,0,1,1.0
lDLh,0,2,2,0.0
lDLj,0,0,0,
lDLl,0,1,1,0.0
lDLm,1,0,1,1.0
lDLs,0,1,1,0.0
lDLt,0,1,1,0.0
lDMB,1,2,3,0.33
lDML,0,1,1,0.0
lDMM,1,1,2,0.5
lDMh,0,2,2,0.0
lDMl,1,0,1,1.0
lDMn,0,1,1,0.0
lDMs,1,0,1,1.0
lDNK,0,0,0,
lDNN,1,0,1,1.0
lDNP,1,2,3,0.33
lDNS,0,1,1,0.0
lDNb,1,0,1,1.0
lDNn,1,1,2,0.5
lDNs,1,0,1,1.0
lDPB,2,1,3,0.67
lDPM,0,1,1,0.0
lDPN,1,0,1,1.0
lDPP,0,1,1,0.0
lDPS,2,2,4,0.5
lDPb,1,1,2,0.5
lDPm,1,0,1,1.0
lDPn,1,0,1,1.0
lDSS,0,1,1,0.0
lDSl,0,1,1,0.0
lDSn,3,0,3,1.0
lDSs,1,0,1,1.0
lDbB,0,1,1,0.0
lDbH,0,1,1,0.0
lDbI,0,0,0,
lDbJ,0,1,1,0.0
lDbN,1,0,1,1.0
lDbP,1,0,1,1.0
lDbS,1,0,1,1.0
lDbm,1,0,1,1.0
lDbn,0,1,1,0.0
lDlJ,1,0,1,1.0
lDlM,0,1,1,0.0
lDlN,1,0,1,1.0
lDlP,1,0,1,1.0
lDln,1,0,1,1.0
lDmH,1,1,2,0.5
lDmJ,0,1,1,0.0
lDmN,1,0,1,1.0
lDmP,0,1,1,0.0
lDnB,0,0,0,
lDnL,0,1,1,0.0
lDnN,0,2,2,0.0
lDnP,0,1,1,0.0
lDnl,1,0,1,1.0
lDnn,1,0,1,1.0
lDns,0,1,1,0.0
lDsH,1,0,1,1.0
lDsM,0,1,1,0.0
lDsN,0,1,1,0.0
lDsP,0,0,0,
lDsS,1,0,1,1.0
lDsm,1,0,1,1.0
lDsn,0,1,1,0.0
lDss,0,1,1,0.0
lDts,0,2,2,0.0
lHBB,2,4,6,0.33
lHBD,0,1,1,0.0
lHBK,1,1,2,0.5
lHBL,0,2,2,0.0
lHBM,5,5,10,0.5
lHBN,4,3,7,0.57
lHBP,4,4,8,0.5
lHBS,2,0,2,1.0
lHBb,4,2,6,0.67
lHBh,0,1,1,0.0
lHBl,2,0,2,1.0
lHBm,0,6,6,0.0
lHBn,4,5,9,0.44
lHBs,2,1,3,0.67
lHBt,2,0,2,1.0
lHDI,1,0,1,1.0
lHDM,2,0,2,1.0
lHDS,1,1,2,0.5
lHDn,1,0,1,1.0
lHHB,1,0,1,1.0
lHHH,1,0,1,1.0
lHHL,0,1,1,0.0
lHHM,0,3,3,0.0
lHHP,1,3,4,0.25
lHHS,0,2,2,0.0
lHHb,1,0,1,1.0
lHHm,2,0,2,1.0
lHHn,0,2,2,0.0
lHHs,0,0,0,
lHIL,0,1,1,0.0
lHIM,1,1,2,0.5
lHIN,0,2,2,0.0
lHIP,0,2,2,0.0
lHIS,1,0,1,1.0
lHIm,1,1,2,0.5
lHIn,0,1,1,0.0
lHKD,1,0,1,1.0
lHKM,0,1,1,0.0
lHKh,0,2,2,0.0
lHLB,3,1,4,0.75
lHLL,0,1,1,0.0
lHLM,3,0,3,1.0
lHLN,3,3,6,0.5
lHLP,1,2,3,0.33
lHLS,0,3,3,0.0
lHLb,2,2,4,0.5
lHLh,0,1,1,0.0
lHLj,1,0,1,1.0
lHLl,2,1,3,0.67
lHLm,0,1,1,0.0
lHLn,2,2,4,0.5
lHLs,1,1,2,0.5
lHLt,1,0,1,1.0
lHMB,4,5,9,0.44
lHMD,0,1,1,0.0
lHML,1,3,4,0.25
lHMM,6,6,12,0.5
lHMN,2,2,4,0.5
lHMP,4,6,10,0.4
lHMS,4,8,12,0.33
lHMb,5,7,12,0.42
lHMh,3,4,7,0.43
lHMj,1,1,2,0.5
lHMl,5,0,5,1.0
lHMm,3,2,5,0.6
lHMn,10,4,14,0.71
lHMs,3,1,4,0.75
lHMt,1,2,3,0.33
lHNB,1,1,2,0.5
lHND,1,0,1,1.0
lHNK,0,1,1,0.0
lHNL,1,1,2,0.5
lHNM,8,7,15,0.53
lHNN,5,5,10,0.5
lHNP,9,8,17,0.53
lHNS,1,0,1,1.0
lHNb,4,4,8,0.5
lHNh,1,1,2,0.5
lHNl,3,2,5,0.6
lHNm,5,3,8,0.62
lHNn,9,5,14,0.64
lHNs,3,6,9,0.33
lHNt,2,5,7,0.29
lHPB,1,13,14,0.07
lHPD,1,3,4,0.25
lHPH,2,0,2,1.0
lHPI,4,1,5,0.8
lHPL,5,7,12,0.42
lHPM,4,6,10,0.4
lHPN,6,3,9,0.67
lHPP,13,11,24,0.54
lHPS,5,10,15,0.33
lHPb,3,6,9,0.33
lHPh,2,1,3,0.67
lHPl,4,2,6,0.67
lHPm,3,9,12,0.25
lHPn,8,12,20,0.4
lHPs,4,6,10,0.4
lHPt,1,0,1,1.0
lHSB,1,0,1,1.0
lHSK,1,0,1,1.0
lHSL,0,2,2,0.0
lHSM,2,4,6,0.33
lHSN,0,1,1,0.0
lHSP,5,2,7,0.71
lHSS,1,1,2,0.5
lHSb,3,3,6,0.5
lHSh,1,0,1,1.0
lHSl,3,1,4,0.75
lHSm,2,4,6,0.33
lHSn,6,2,8,0.75
lHSs,6,3,9,0.67
lHSt,1,0,1,1.0
lHbB,2,3,5,0.4
lHbH,3,1,4,0.75
lHbI,2,0,2,1.0
lHbJ,2,0,2,1.0
lHbL,0,4,4,0.0
lHbM,5,2,7,0.71
lHbN,6,7,13,0.46
lHbP,5,8,13,0.38
lHbS,2,2,4,0.5
lHbb,3,6,9,0.33
lHbl,1,1,2,0.5
lHbm,5,2,7,0.71
lHbn,3,2,5,0.6
lHbs,3,3,6,0.5
lHhB,1,1,2,0.5
lHhH,1,1,2,0.5
lHhM,1,0,1,1.0
lHhN,1,2,3,0.33
lHhP,0,5,5,0.0
lHhS,1,0,1,1.0
lHhb,1,3,4,0.25
lHhh,1,4,5,0.2
lHhl,1,1,2,0.5
lHhm,0,3,3,0.0
lHhn,1,2,3,0.33
lHhs,2,0,2,1.0
lHht,1,1,2,0.5
lHlB,1,1,2,0.5
lHlH,1,0,1,1.0
lHlJ,1,0,1,1.0
lHlM,1,2,3,0.33
lHlN,5,2,7,0.71
lHlP,5,5,10,0.5
lHlS,1,4,5,0.2
lHlb,0,1,1,0.0
lHll,0,0,0,
lHlm,3,2,5,0.6
lHln,3,4,7,0.43
lHls,2,1,3,0.67
lHmB,2,2,4,0.5
lHmD,2,1,3,0.67
lHmH,3,2,5,0.6
lHmJ,1,0,1,1.0
lHmL,1,1,2,0.5
lHmM,4,4,8,0.5
lHmN,4,6,10,0.4
lHmP,9,4,13,0.69
lHmS,0,4,4,0.0
lHmb,6,4,10,0.6
lHml,2,2,4,0.5
lHmm,2,2,4,0.5
lHmn,7,3,10,0.7
lHms,1,2,3,0.33
lHnB,2,3,5,0.4
lHnH,4,3,7,0.57
lHnK,0,0,0,
lHnL,0,1,1,0.0
lHnM,8,7,15,0.53
lHnN,8,5,13,0.62
lHnP,9,13,22,0.41
lHnS,4,2,6,0.67
lHnb,7,4,11,0.64
lHnh,0,1,1,0.0
lHnl,3,2,5,0.6
lHnm,3,5,8,0.38
lHnn,5,8,13,0.38
lHns,4,2,6,0.67
lHsB,1,2,3,0.33
lHsH,5,6,11,0.45
lHsI,1,0,1,1.0
lHsK,0,1,1,0.0
lHsL,0,2,2,0.0
lHsM,2,1,3,0.67
lHsN,6,3,9,0.67
lHsP,6,3,9,0.67
lHsS,4,5,9,0.44
lHsb,1,1,2,0.5
lHsl,3,2,5,0.6
lHsm,4,5,9,0.44
lHsn,5,4,9,0.56
lHss,2,4,6,0.33
lHtM,2,0,2,1.0
lHtP,0,1,1,0.0
lHtS,1,0,1,1.0
lHtb,1,0,1,1.0
lIBL,0,1,1,0.0
lIBb,1,0,1,1.0
lIBj,0,0,0,
lIBm,0,2,2,0.0
lIBn,1,0,1,1.0
lIDP,0,1,1,0.0
lIHB,1,0,1,1.0
lIHL,1,0,1,1.0
lIHP,3,0,3,1.0
lIHS,1,0,1,1.0
lIHh,1,0,1,1.0
lIIP,1,0,1,1.0
lILN,1,0,1,1.0
lILP,0,0,0,
lILb,0,1,1,0.0
lILl,1,0,1,1.0
lILn,0,1,1,0.0
lILs,0,1,1,0.0
lIMB,1,0,1,1.0
lIML,1,0,1,1.0
lIMM,1,0,1,1.0
lIMP,1,0,1,1.0
lIMS,0,1,1,0.0
lIMb,1,0,1,1.0
lIMl,0,2,2,0.0
lIMm,2,0,2,1.0
lIMn,0,1,1,0.0
lINL,0,1,1,0.0
lINM,0,1,1,0.0
lINP,3,1,4,0.75
lINb,0,0,0,
lINm,2,1,3,0.67
lINt,1,0,1,1.0
lIPB,0,1,1,0.0
lIPN,0,1,1,0.0
lIPP,2,3,5,0.4
lIPS,1,0,1,1.0
lIPb,1,0,1,1.0
lIPl,0,1,1,0.0
lIPm,0,0,0,
lIPn,0,1,1,0.0
lIPs,1,0,1,1.0
lISB,1,0,1,1.0
lISM,1,0,1,1.0
lISN,0,0,0,
lISs,1,0,1,1.0
lIbH,0,1,1,0.0
lIbK,0,1,1,0.0
lIbL,1,0,1,1.0
lIbM,1,0,1,1.0
lIbN,0,1,1,0.0
lIbP,1,1,2,0.5
lIbS,2,0,2,1.0
lIbb,2,0,2,1.0
lIbl,0,1,1,0.0
lImH,0,0,0,
lImL,1,0,1,1.0
lImM,1,1,2,0.5
lImN,0,1,1,0.0
lImP,0,1,1,0.0
lImS,0,1,1,0.0
lImb,0,1,1,0.0
lIml,1,0,1,1.0
lImm,2,0,2,1.0
lImn,1,0,1,1.0
lIms,0,1,1,0.0
lInB,1,0,1,1.0
lInD,0,1,1,0.0
lInM,0,0,0,
lInP,0,3,3,0.0
lInS,2,0,2,1.0
lInn,0,1,1,0.0
lIns,2,0,2,1.0
lIsB,1,0,1,1.0
lIsM,1,0,1,1.0
lIsP,0,1,1,0.0
lIsS,0,1,1,0.0
lIsl,1,0,1,1.0
lJBB,1,1,2,0.5
lJBK,0,1,1,0.0
lJBL,1,1,2,0.5
lJBM,0,1,1,0.0
lJBN,2,0,2,1.0
lJBP,1,4,5,0.2
lJBb,0,3,3,0.0
lJBj,3,1,4,0.75
lJBl,1,1,2,0.5
lJBm,0,2,2,0.0
lJBn,0,1,1,0.0
lJBs,4,2,6,0.67
lJDH,0,1,1,0.0
lJHB,0,0,0,
lJHL,0,2,2,0.0
lJHM,2,1,3,0.67
lJHP,0,1,1,0.0
lJHS,1,0,1,1.0
lJHl,0,0,0,
lJHm,0,1,1,0.0
lJHn,1,1,2,0.5
lJHs,0,1,1,0.0
lJID,1,0,1,1.0
lJIH,0,1,1,0.0
lJIN,1,1,2,0.5
lJIb,1,0,1,1.0
lJKS,0,1,1,0.0
lJLB,1,1,2,0.5
lJLL,1,0,1,1.0
lJLM,0,1,1,0.0
lJLP,0,2,2,0.0
lJLS,1,1,2,0.5
lJLb,1,2,3,0.33
lJLl,1,0,1,1.0
lJLm,0,1,1,0.0
lJLn,1,1,2,0.5
lJMB,1,2,3,0.33
lJML,3,1,4,0.75
lJMM,1,0,1,1.0
lJMN,1,1,2,0.5
lJMP,1,2,3,0.33
lJMS,1,3,4,0.25
lJMb,2,0,2,1.0
lJMh,2,0,2,1.0
lJMj,1,1,2,0.5
lJMl,1,2,3,0.33
lJMm,1,2,3,0.33
lJMn,4,3,7,0.57
lJMs,0,3,3,0.0
lJNB,2,2,4,0.5
lJNH,0,1,1,0.0
lJNK,1,1,2,0.5
lJNL,2,2,4,0.5
lJNM,0,0,0,
lJNN,1,0,1,1.0
lJNP,2,1,3,0.67
lJNS,4,0,4,1.0
lJNb,2,1,3,0.67
lJNh,2,0,2,1.0
lJNl,2,0,2,1.0
lJNm,1,2,3,0.33
lJNn,4,4,8,0.5
lJNs,2,0,2,1.0
lJNt,1,0,1,1.0
lJPB,2,1,3,0.67
lJPH,1,0,1,1.0
lJPK,0,0,0,
lJPL,1,0,1,1.0
lJPM,1,4,5,0.2
lJPN,4,2,6,0.67
lJPP,3,2,5,0.6
lJPS,1,0,1,1.0
lJPb,1,5,6,0.17
lJPl,2,1,3,0.67
lJPm,1,0,1,1.0
lJPn,1,0,1,1.0
lJPs,4,2,6,0.67
lJPt,1,0,1,1.0
lJSB,1,4,5,0.2
lJSM,3,1,4,0.75
lJSP,3,0,3,1.0
lJSb,0,1,1,0.0
lJSl,1,0,1,1.0
lJSm,3,0,3,1.0
lJSn,0,1,1,0.0
lJSs,2,2,4,0.5
lJbB,4,6,10,0.4
lJbH,1,0,1,1.0
lJbL,0,3,3,0.0
lJbM,2,1,3,0.67
lJbN,2,3,5,0.4
lJbP,1,3,4,0.25
lJbS,0,1,1,0.0
lJbb,4,4,8,0.5
lJbl,1,0,1,1.0
lJbm,3,3,6,0.5
lJbn,3,2,5,0.6
lJbs,0,0,0,
lJhM,0,2,2,0.0
lJhS,0,0,0,
lJhn,0,1,1,0.0
lJhs,0,1,1,0.0
lJlB,1,0,1,1.0
lJlH,1,1,2,0.5
lJlL,1,0,1,1.0
lJlM,1,1,2,0.5
lJlN,0,2,2,0.0
lJlP,1,1,2,0.5
lJlS,1,0,1,1.0
lJlb,4,0,4,1.0
lJll,2,0,2,1.0
lJlm,0,0,0,
lJln,1,0,1,1.0
lJls,0,1,1,0.0
lJmB,1,3,4,0.25
lJmH,2,2,4,0.5
lJmJ,1,0,1,1.0
lJmL,0,1,1,0.0
lJmM,0,2,2,0.0
lJmN,1,1,2,0.5
lJmP,2,1,3,0.67
lJmS,2,0,2,1.0
lJmb,0,1,1,0.0
lJmm,2,0,2,1.0
lJmn,3,0,3,1.0
lJnB,1,2,3,0.33
lJnH,1,2,3,0.33
lJnL,0,1,1,0.0
lJnM,1,3,4,0.25
lJnN,0,0,0,
lJnP,1,1,2,0.5
lJnS,2,0,2,1.0
lJnb,1,0,1,1.0
lJnl,1,0,1,1.0
lJnm,0,1,1,0.0
lJnn,3,4,7,0.43
lJns,1,2,3,0.33
lJsI,0,1,1,0.0
lJsM,0,2,2,0.0
lJsN,1,2,3,0.33
lJsP,2,1,3,0.67
lJsS,1,0,1,1.0
lJsb,0,1,1,0.0
lJsm,1,1,2,0.5
lJsn,1,1,2,0.5
lJss,1,0,1,1.0
lJtB,0,1,1,0.0
lJtL,0,1,1,0.0
lKBs,0,1,1,0.0
lKLs,0,1,1,0.0
lKMB,0,1,1,0.0
lKML,1,0,1,1.0
lKMP,0,1,1,0.0
lKMS,1,0,1,1.0
lKMh,0,1,1,0.0
lKMj,1,0,1,1.0
lKMl,0,1,1,0.0
lKMn,0,2,2,0.0
lKNM,0,1,1,0.0
lKNN,0,0,0,
lKNS,0,1,1,0.0
lKNb,2,0,2,1.0
lKNh,1,0,1,1.0
lKPL,0,1,1,0.0
lKPM,0,1,1,0.0
lKPP,1,2,3,0.33
lKPl,0,1,1,0.0
lKPm,0,2,2,0.0
lKPn,0,0,0,
lKPs,0,1,1,0.0
lKSB,0,1,1,0.0
lKSP,0,0,0,
lKSn,0,1,1,0.0
lKbM,1,0,1,1.0
lKbN,1,0,1,1.0
lKbS,0,0,0,
lKbb,0,2,2,0.0
lKbl,0,0,0,
lKbm,1,0,1,1.0
lKhM,0,1,1,0.0
lKhN,1,0,1,1.0
lKhb,0,1,1,0.0
lKhl,0,1,1,0.0
lKhs,1,1,2,0.5
lKht,0,1,1,0.0
lKlJ,0,1,1,0.0
lKlP,2,0,2,1.0
lKlb,1,0,1,1.0
lKln,0,1,1,0.0
lKmH,1,1,2,0.5
lKmL,1,0,1,1.0
lKmn,0,0,0,
lKms,1,0,1,1.0
lKnH,0,0,0,
lKnM,0,1,1,0.0
lKnN,1,0,1,1.0
lKnS,0,2,2,0.0
lKnb,0,1,1,0.0
lKnm,0,1,1,0.0
lKns,1,0,1,1.0
lKsB,0,1,1,0.0
lKsb,1,0,1,1.0
lKtL,1,0,1,1.0
lLBB,4,1,5,0.8
lLBN,3,2,5,0.6
lLBP,5,2,7,0.71
lLBS,2,0,2,1.0
lLBb,2,5,7,0.29
lLBh,1,0,1,1.0
lLBj,1,1,2,0.5
lLBl,0,1,1,0.0
lLBm,2,0,2,1.0
lLBn,1,2,3,0.33
lLBs,0,4,4,0.0
lLBt,0,1,1,0.0
lLDM,0,1,1,0.0
lLDP,1,1,2,0.5
lLHm,1,0,1,1.0
lLKD,1,0,1,1.0
lLKL,1,0,1,1.0
lLKm,0,1,1,0.0
lLKn,1,1,2,0.5
lLLB,1,0,1,1.0
lLLK,1,0,1,1.0
lLLL,0,1,1,0.0
lLLM,1,1,2,0.5
lLLN,2,1,3,0.67
lLLP,1,1,2,0.5
lLLS,1,0,1,1.0
lLLb,0,2,2,0.0
lLLh,1,1,2,0.5
lLLm,0,1,1,0.0
lLLn,2,2,4,0.5
lLLs,0,1,1,0.0
lLLt,1,0,1,1.0
lLMB,1,2,3,0.33
lLML,4,1,5,0.8
lLMM,3,2,5,0.6
lLMN,3,4,7,0.43
lLMP,7,1,8,0.88
lLMS,0,1,1,0.0
lLMb,0,2,2,0.0
lLMh,1,2,3,0.33
lLMj,1,2,3,0.33
lLMl,3,1,4,0.75
lLMm,4,2,6,0.67
lLMn,2,5,7,0.29
lLMs,4,1,5,0.8
lLNB,2,1,3,0.67
lLNH,1,0,1,1.0
lLNL,1,0,1,1.0
lLNM,0,1,1,0.0
lLNN,3,2,5,0.6
lLNP,3,5,8,0.38
lLNS,0,1,1,0.0
lLNb,5,1,6,0.83
lLNh,3,0,3,1.0
lLNl,0,1,1,0.0
lLNm,1,1,2,0.5
lLNn,4,3,7,0.57
lLNs,3,0,3,1.0
lLPB,5,2,7,0.71
lLPH,1,1,2,0.5
lLPL,1,2,3,0.33
lLPM,3,0,3,1.0
lLPN,1,5,6,0.17
lLPP,4,6,10,0.4
lLPS,2,3,5,0.4
lLPb,2,1,3,0.67
lLPh,1,1,2,0.5
lLPl,2,1,3,0.67
lLPm,2,4,6,0.33
lLPn,2,5,7,0.29
lLPs,2,3,5,0.4
lLPt,1,1,2,0.5
lLSB,1,4,5,0.2
lLSL,0,2,2,0.0
lLSM,2,0,2,1.0
lLSN,2,0,2,1.0
lLSP,5,2,7,0.71
lLSS,3,4,7,0.43
lLSb,2,0,2,1.0
lLSh,0,1,1,0.0
lLSl,4,1,5,0.8
lLSm,4,2,6,0.67
lLSn,0,4,4,0.0
lLSs,0,1,1,0.0
lLSt,0,1,1,0.0
lLbB,2,2,4,0.5
lLbD,1,1,2,0.5
lLbH,2,1,3,0.67
lLbJ,1,0,1,1.0
lLbK,1,0,1,1.0
lLbL,2,0,2,1.0
lLbM,1,6,7,0.14
lLbN,3,4,7,0.43
lLbP,10,3,13,0.77
lLbS,0,3,3,0.0
lLbb,1,4,5,0.2
lLbl,0,1,1,0.0
lLbm,3,3,6,0.5
lLbn,3,1,4,0.75
lLbs,2,1,3,0.67
lLhB,1,2,3,0.33
lLhM,1,1,2,0.5
lLhN,1,3,4,0.25
lLhP,2,2,4,0.5
lLhS,2,0,2,1.0
lLhb,1,0,1,1.0
lLhh,1,0,1,1.0
lLhl,0,1,1,0.0
lLhm,2,1,3,0.67
lLhn,6,0,6,1.0
lLhs,0,0,0,
lLht,1,0,1,1.0
lLjB,1,1,2,0.5
lLjH,0,1,1,0.0
lLjK,0,0,0,
lLjN,2,0,2,1.0
lLjP,1,1,2,0.5
lLjS,1,0,1,1.0
lLjb,0,0,0,
lLjh,0,0,0,
lLjm,3,0,3,1.0
lLjn,3,2,5,0.6
lLjs,1,0,1,1.0
lLjt,0,0,0,
lLlB,2,1,3,0.67
lLlH,2,5,7,0.29
lLlI,1,0,1,1.0
lLlL,0,1,1,0.0
lLlM,0,0,0,
lLlN,0,4,4,0.0
lLlS,3,2,5,0.6
lLlb,1,2,3,0.33
lLll,1,0,1,1.0
lLlm,1,0,1,1.0
lLln,1,1,2,0.5
lLmB,2,1,3,0.67
lLmD,0,1,1,0.0
lLmH,0,1,1,0.0
lLmI,0,1,1,0.0
lLmJ,1,0,1,1.0
lLmL,2,2,4,0.5
lLmM,0,3,3,0.0
lLmN,3,2,5,0.6
lLmP,1,1,2,0.5
lLmS,1,3,4,0.25
lLmb,4,2,6,0.67
lLml,1,0,1,1.0
lLmm,0,2,2,0.0
lLmn,2,1,3,0.67
lLms,3,2,5,0.6
lLnB,1,5,6,0.17
lLnD,0,1,1,0.0
lLnH,3,1,4,0.75
lLnI,0,1,1,0.0
lLnL,2,3,5,0.4
lLnM,5,5,10,0.5
lLnN,4,4,8,0.5
lLnP,8,5,13,0.62
lLnS,4,3,7,0.57
lLnb,4,3,7,0.57
lLnh,0,1,1,0.0
lLnl,2,1,3,0.67
lLnm,5,1,6,0.83
lLnn,5,2,7,0.71
lLns,4,1,5,0.8
lLsB,3,0,3,1.0
lLsH,1,2,3,0.33
lLsL,0,1,1,0.0
lLsM,2,5,7,0.29
lLsN,0,3,3,0.0
lLsP,3,3,6,0.5
lLsS,1,3,4,0.25
lLsb,0,1,1,0.0
lLsl,0,4,4,0.0
lLsm,1,0,1,1.0
lLsn,2,3,5,0.4
lLss,2,1,3,0.67
lLtB,1,1,2,0.5
lLtH,1,0,1,1.0
lLtL,0,1,1,0.0
lLtM,1,1,2,0.5
lLtP,0,1,1,0.0
lLtm,1,0,1,1.0
lLtn,2,1,3,0.67
lLts,1,1,2,0.5
lMBB,1,5,6,0.17
lMBL,1,1,2,0.5
lMBM,4,8,12,0.33
lMBN,5,3,8,0.62
lMBP,4,3,7,0.57
lMBS,1,0,1,1.0
lMBb,8,5,13,0.62
lMBh,0,2,2,0.0
lMBj,0,2,2,0.0
lMBl,2,4,6,0.33
lMBm,2,3,5,0.4
lMBn,10,5,15,0.67
lMBs,0,1,1,0.0
lMBt,0,1,1,0.0
lMDB,0,1,1,0.0
lMDP,0,1,1,0.0
lMDS,1,0,1,1.0
lMDb,0,1,1,0.0
lMDl,1,0,1,1.0
lMDs,1,0,1,1.0
lMKP,1,0,1,1.0
lMKm,0,1,1,0.0
lMLB,5,3,8,0.62
lMLL,2,1,3,0.67
lMLM,0,3,3,0.0
lMLN,3,0,3,1.0
lMLP,3,1,4,0.75
lMLS,1,2,3,0.33
lMLb,2,1,3,0.67
lMLj,0,2,2,0.0
lMLl,0,1,1,0.0
lMLm,0,2,2,0.0
lMLn,3,3,6,0.5
lMLs,1,1,2,0.5
lMMB,2,4,6,0.33
lMMD,0,1,1,0.0
lMML,1,3,4,0.25
lMMM,10,5,15,0.67
lMMN,9,6,15,0.6
lMMP,8,6,14,0.57
lMMS,2,6,8,0.25
lMMb,8,5,13,0.62
lMMh,5,5,10,0.5
lMMj,2,1,3,0.67
lMMl,2,5,7,0.29
lMMm,4,2,6,0.67
lMMn,6,7,13,0.46
lMMs,4,5,9,0.44
lMMt,0,3,3,0.0
lMNB,6,2,8,0.75
lMND,0,1,1,0.0
lMNH,1,0,1,1.0
lMNK,1,1,2,0.5
lMNL,3,3,6,0.5
lMNM,3,7,10,0.3
lMNN,9,13,22,0.41
lMNP,12,12,24,0.5
lMNS,5,7,12,0.42
lMNb,8,4,12,0.67
lMNh,3,4,7,0.43
lMNl,6,5,11,0.55
lMNm,5,2,7,0.71
lMNn,4,6,10,0.4
lMNs,2,1,3,0.67
lMNt,1,1,2,0.5
lMPB,6,8,14,0.43
lMPD,0,1,1,0.0
lMPH,2,1,3,0.67
lMPI,0,2,2,0.0
lMPK,1,0,1,1.0
lMPL,2,5,7,0.29
lMPM,9,12,21,0.43
lMPN,6,14,20,0.3
lMPP,10,12,22,0.45
lMPS,3,10,13,0.23
lMPb,12,5,17,0.71
lMPh,1,1,2,0.5
lMPl,6,5,11,0.55
lMPm,5,7,12,0.42
lMPn,6,13,19,0.32
lMPs,4,3,7,0.57
lMPt,0,2,2,0.0
lMSB,1,3,4,0.25
lMSD,1,0,1,1.0
lMSH,1,1,2,0.5
lMSL,0,1,1,0.0
lMSM,5,3,8,0.62
lMSN,3,2,5,0.6
lMSP,4,5,9,0.44
lMSS,5,2,7,0.71
lMSb,3,4,7,0.43
lMSh,1,3,4,0.25
lMSl,2,5,7,0.29
lMSm,2,2,4,0.5
lMSn,6,8,14,0.43
lMSs,8,2,10,0.8
lMSt,1,1,2,0.5
lMbB,4,4,8,0.5
lMbH,2,0,2,1.0
lMbI,1,2,3,0.33
lMbJ,2,0,2,1.0
lMbK,1,2,3,0.33
lMbL,4,4,8,0.5
lMbM,12,4,16,0.75
lMbN,10,13,23,0.43
lMbP,8,8,16,0.5
lMbS,4,2,6,0.67
lMbb,2,5,7,0.29
lMbl,3,4,7,0.43
lMbm,8,5,13,0.62
lMbn,7,9,16,0.44
lMbs,3,3,6,0.5
lMhB,3,2,5,0.6
lMhD,1,0,1,1.0
lMhH,0,1,1,0.0
lMhI,0,1,1,0.0
lMhL,2,0,2,1.0
lMhM,5,5,10,0.5
lMhN,4,6,10,0.4
lMhP,3,8,11,0.27
lMhS,9,3,12,0.75
lMhb,4,3,7,0.57
lMhh,1,3,4,0.25
lMhl,5,3,8,0.62
lMhm,3,6,9,0.33
lMhn,6,5,11,0.55
lMhs,3,1,4,0.75
lMht,1,0,1,1.0
lMjH,2,1,3,0.67
lMjK,0,1,1,0.0
lMjL,2,2,4,0.5
lMjM,1,4,5,0.2
lMjN,4,3,7,0.57
lMjP,6,1,7,0.86
lMjS,0,0,0,
lMjl,0,1,1,0.0
lMjm,1,0,1,1.0
lMjn,1,3,4,0.25
lMlB,0,2,2,0.0
lMlH,2,0,2,1.0
lMlI,0,2,2,0.0
lMlJ,3,2,5,0.6
lMlL,0,3,3,0.0
lMlM,2,2,4,0.5
lMlN,12,5,17,0.71
lMlP,3,2,5,0.6
lMlS,2,1,3,0.67
lMlb,6,1,7,0.86
lMll,1,0,1,1.0
lMlm,1,2,3,0.33
lMln,3,5,8,0.38
lMls,3,5,8,0.38
lMmB,2,3,5,0.4
lMmD,0,1,1,0.0
lMmH,7,7,14,0.5
lMmI,1,1,2,0.5
lMmJ,1,0,1,1.0
lMmL,1,1,2,0.5
lMmM,9,8,17,0.53
lMmN,7,6,13,0.54
lMmP,8,7,15,0.53
lMmS,1,4,5,0.2
lMmb,2,5,7,0.29
lMml,1,2,3,0.33
lMmm,2,4,6,0.33
lMmn,11,8,19,0.58
lMms,6,3,9,0.67
lMnB,5,8,13,0.38
lMnD,1,1,2,0.5
lMnH,6,6,12,0.5
lMnI,1,1,2,0.5
lMnL,2,2,4,0.5
lMnM,8,5,13,0.62
lMnN,19,14,33,0.58
lMnP,13,9,22,0.59
lMnS,7,6,13,0.54
lMnb,7,6,13,0.54
lMnh,0,0,0,
lMnl,3,3,6,0.5
lMnm,5,7,12,0.42
lMnn,12,6,18,0.67
lMns,7,10,17,0.41
lMsB,1,0,1,1.0
lMsD,0,0,0,
lMsH,1,7,8,0.12
lMsL,2,4,6,0.33
lMsM,1,4,5,0.2
lMsN,3,5,8,0.38
lMsP,1,9,10,0.1
lMsS,3,4,7,0.43
lMsb,4,3,7,0.57
lMsh,0,1,1,0.0
lMsl,2,2,4,0.5
lMsm,2,3,5,0.4
lMsn,7,1,8,0.88
lMss,4,5,9,0.44
lMtB,0,1,1,0.0
lMtH,0,0,0,
lMtI,1,0,1,1.0
lMtK,0,1,1,0.0
lMtL,2,0,2,1.0
lMtM,3,3,6,0.5
lMtN,4,1,5,0.8
lMtP,5,1,6,0.83
lMtS,1,0,1,1.0
lMtb,2,2,4,0.5
lMtl,0,0,0,
lMtm,0,1,1,0.0
lMtn,4,0,4,1.0
lMts,0,0,0,
lNBB,4,2,6,0.67
lNBD,0,0,0,
lNBH,0,0,0,
lNBK,0,1,1,0.0
lNBL,3,1,4,0.75
lNBM,5,6,11,0.45
lNBN,4,4,8,0.5
lNBP,7,8,15,0.47
lNBS,2,3,5,0.4
lNBb,4,8,12,0.33
lNBh,2,0,2,1.0
lNBj,2,1,3,0.67
lNBl,1,2,3,0.33
lNBm,3,4,7,0.43
lNBn,13,9,22,0.59
lNBs,6,3,9,0.67
lNBt,3,2,5,0.6
lNDH,0,3,3,0.0
lNDL,0,0,0,
lNDM,1,1,2,0.5
lNDN,1,0,1,1.0
lNDn,1,0,1,1.0
lNDs,1,0,1,1.0
lNHB,2,0,2,1.0
lNHK,0,1,1,0.0
lNHM,0,1,1,0.0
lNHN,0,1,1,0.0
lNHP,2,4,6,0.33
lNHS,2,1,3,0.67
lNHb,2,2,4,0.5
lNHh,0,0,0,
lNHm,1,1,2,0.5
lNHn,1,1,2,0.5
lNHs,2,0,2,1.0
lNKB,0,2,2,0.0
lNKH,1,0,1,1.0
lNKM,0,1,1,0.0
lNKN,0,1,1,0.0
lNKb,0,0,0,
lNKh,2,0,2,1.0
lNKn,0,1,1,0.0
lNKs,1,0,1,1.0
lNLB,2,3,5,0.4
lNLK,1,0,1,1.0
lNLL,2,2,4,0.5
lNLM,4,5,9,0.44
lNLN,5,8,13,0.38
lNLP,3,5,8,0.38
lNLS,1,1,2,0.5
lNLb,1,2,3,0.33
lNLh,0,2,2,0.0
lNLj,4,1,5,0.8
lNLl,3,0,3,1.0
lNLm,2,2,4,0.5
lNLn,4,5,9,0.44
lNLt,0,1,1,0.0
lNMB,8,7,15,0.53
lNMK,0,1,1,0.0
lNML,3,0,3,1.0
lNMM,7,9,16,0.44
lNMN,5,11,16,0.31
lNMP,5,9,14,0.36
lNMS,3,5,8,0.38
lNMb,8,6,14,0.57
lNMh,6,2,8,0.75
lNMj,4,2,6,0.67
lNMl,3,4,7,0.43
lNMm,3,6,9,0.33
lNMn,11,11,22,0.5
lNMs,3,6,9,0.33
lNMt,1,3,4,0.25
lNNB,10,5,15,0.67
lNND,1,1,2,0.5
lNNH,1,2,3,0.33
lNNK,0,1,1,0.0
lNNL,3,2,5,0.6
lNNM,7,12,19,0.37
lNNN,8,6,14,0.57
lNNP,12,18,30,0.4
lNNS,5,10,15,0.33
lNNb,2,8,10,0.2
lNNh,4,4,8,0.5
lNNl,4,2,6,0.67
lNNm,6,5,11,0.55
lNNn,6,16,22,0.27
lNNs,3,4,7,0.43
lNNt,3,2,5,0.6
lNPB,8,12,20,0.4
lNPH,3,2,5,0.6
lNPI,0,1,1,0.0
lNPK,2,0,2,1.0
lNPL,3,8,11,0.27
lNPM,8,7,15,0.53
lNPN,15,13,28,0.54
lNPP,17,17,34,0.5
lNPS,6,7,13,0.46
lNPb,11,8,19,0.58
lNPh,1,1,2,0.5
lNPl,4,4,8,0.5
lNPm,11,5,16,0.69
lNPn,8,13,21,0.38
lNPs,8,7,15,0.53
lNPt,5,3,8,0.62
lNSB,2,4,6,0.33
lNSD,1,1,2,0.5
lNSH,1,2,3,0.33
lNSL,0,1,1,0.0
lNSM,6,4,10,0.6
lNSN,3,2,5,0.6
lNSP,1,10,11,0.09
lNSS,3,6,9,0.33
lNSb,9,7,16,0.56
lNSh,1,4,5,0.2
lNSl,3,0,3,1.0
lNSm,3,7,10,0.3
lNSn,5,9,14,0.36
lNSs,5,4,9,0.56
lNSt,0,3,3,0.0
lNbB,3,7,10,0.3
lNbD,1,1,2,0.5
lNbH,7,1,8,0.88
lNbI,1,0,1,1.0
lNbJ,2,1,3,0.67
lNbK,1,1,2,0.5
lNbL,1,2,3,0.33
lNbM,8,9,17,0.47
lNbN,5,10,15,0.33
lNbP,17,13,30,0.57
lNbS,1,2,3,0.33
lNbb,10,7,17,0.59
lNbl,6,1,7,0.86
lNbm,4,8,12,0.33
lNbn,6,9,15,0.4
lNbs,4,5,9,0.44
lNhB,2,1,3,0.67
lNhH,1,0,1,1.0
lNhL,1,0,1,1.0
lNhM,2,3,5,0.4
lNhN,2,1,3,0.67
lNhP,1,5,6,0.17
lNhS,0,1,1,0.0
lNhb,1,3,4,0.25
lNhh,5,1,6,0.83
lNhl,2,0,2,1.0
lNhm,2,2,4,0.5
lNhn,4,2,6,0.67
lNhs,1,2,3,0.33
lNht,1,1,2,0.5
lNlB,2,2,4,0.5
lNlH,1,2,3,0.33
lNlJ,1,0,1,1.0
lNlK,0,1,1,0.0
lNlL,0,2,2,0.0
lNlM,5,5,10,0.5
lNlN,4,4,8,0.5
lNlP,7,3,10,0.7
lNlS,1,2,3,0.33
lNlb,7,5,12,0.58
lNll,3,0,3,1.0
lNlm,2,3,5,0.4
lNln,2,2,4,0.5
lNls,1,0,1,1.0
lNmB,1,3,4,0.25
lNmD,1,0,1,1.0
lNmH,4,7,11,0.36
lNmI,0,2,2,0.0
lNmJ,0,1,1,0.0
lNmL,1,4,5,0.2
lNmM,2,10,12,0.17
lNmN,7,9,16,0.44
lNmP,13,8,21,0.62
lNmS,1,4,5,0.2
lNmb,5,5,10,0.5
lNml,1,1,2,0.5
lNmm,2,3,5,0.4
lNmn,6,5,11,0.55
lNms,2,3,5,0.4
lNnB,10,4,14,0.71
lNnD,1,0,1,1.0
lNnH,6,8,14,0.43
lNnI,3,0,3,1.0
lNnK,1,2,3,0.33
lNnL,2,2,4,0.5
lNnM,11,10,21,0.52
lNnN,21,14,35,0.6
lNnP,19,15,34,0.56
lNnS,5,8,13,0.38
lNnb,12,14,26,0.46
lNnl,3,2,5,0.6
lNnm,3,8,11,0.27
lNnn,18,12,30,0.6
lNns,6,4,10,0.6
lNsB,3,3,6,0.5
lNsH,4,3,7,0.57
lNsI,1,0,1,1.0
lNsK,1,0,1,1.0
lNsL,2,2,4,0.5
lNsM,4,5,9,0.44
lNsN,3,4,7,0.43
lNsP,9,5,14,0.64
lNsS,6,4,10,0.6
lNsb,6,1,7,0.86
lNsl,4,2,6,0.67
lNsm,4,6,10,0.4
lNsn,3,9,12,0.25
lNss,3,6,9,0.33
lNtB,2,0,2,1.0
lNtH,2,1,3,0.67
lNtL,3,0,3,1.0
lNtM,4,0,4,1.0
lNtN,1,1,2,0.5
lNtP,4,2,6,0.67
lNtS,1,1,2,0.5
lNtb,3,2,5,0.6
lNtl,2,1,3,0.67
lNtm,1,1,2,0.5
lNtn,3,1,4,0.75
lNts,0,1,1,0.0
lNtt,0,1,1,0.0
lPBB,6,8,14,0.43
lPBD,0,1,1,0.0
lPBK,1,0,1,1.0
lPBL,2,1,3,0.67
lPBM,11,8,19,0.58
lPBN,7,6,13,0.54
lPBP,6,5,11,0.55
lPBS,2,2,4,0.5
lPBb,14,7,21,0.67
lPBh,2,0,2,1.0
lPBj,0,2,2,0.0
lPBl,2,0,2,1.0
lPBm,4,4,8,0.5
lPBn,7,13,20,0.35
lPBs,5,4,9,0.56
lPBt,1,2,3,0.33
lPDB,0,1,1,0.0
lPDH,1,1,2,0.5
lPDL,0,1,1,0.0
lPDM,2,0,2,1.0
lPDP,0,1,1,0.0
lPDb,1,0,1,1.0
lPDm,2,0,2,1.0
lPDn,2,0,2,1.0
lPHB,4,2,6,0.67
lPHH,0,0,0,
lPHI,0,0,0,
lPHL,1,1,2,0.5
lPHM,2,2,4,0.5
lPHN,3,4,7,0.43
lPHP,5,5,10,0.5
lPHS,2,2,4,0.5
lPHb,0,3,3,0.0
lPHl,1,0,1,1.0
lPHm,1,3,4,0.25
lPHn,1,2,3,0.33
lPHs,1,2,3,0.33
lPIB,0,0,0,
lPIL,0,1,1,0.0
lPIM,0,1,1,0.0
lPIN,2,0,2,1.0
lPIP,0,1,1,0.0
lPIm,1,0,1,1.0
lPIn,1,0,1,1.0
lPKB,2,1,3,0.67
lPKM,2,1,3,0.67
lPKP,2,3,5,0.4
lPKb,0,1,1,0.0
lPKh,1,2,3,0.33
lPKl,0,1,1,0.0
lPKn,2,2,4,0.5
lPLB,2,3,5,0.4
lPLD,1,0,1,1.0
lPLL,1,2,3,0.33
lPLM,6,8,14,0.43
lPLN,5,4,9,0.56
lPLP,7,5,12,0.58
lPLS,1,4,5,0.2
lPLb,1,2,3,0.33
lPLh,0,3,3,0.0
lPLj,2,2,4,0.5
lPLl,3,1,4,0.75
lPLm,5,7,12,0.42
lPLn,3,5,8,0.38
lPLs,1,7,8,0.12
lPLt,1,0,1,1.0
lPMB,10,4,14,0.71
lPMD,0,1,1,0.0
lPML,6,4,10,0.6
lPMM,9,7,16,0.56
lPMN,10,12,22,0.45
lPMP,15,7,22,0.68
lPMS,8,5,13,0.62
lPMb,4,9,13,0.31
lPMh,3,8,11,0.27
lPMj,0,6,6,0.0
lPMl,6,5,11,0.55
lPMm,4,2,6,0.67
lPMn,13,13,26,0.5
lPMs,4,2,6,0.67
lPMt,1,2,3,0.33
lPNB,7,2,9,0.78
lPND,2,3,5,0.4
lPNH,1,2,3,0.33
lPNK,1,1,2,0.5
lPNL,5,6,11,0.45
lPNM,9,10,19,0.47
lPNN,6,6,12,0.5
lPNP,7,13,20,0.35
lPNS,4,5,9,0.44
lPNb,7,5,12,0.58
lPNh,1,3,4,0.25
lPNl,4,5,9,0.44
lPNm,10,9,19,0.53
lPNn,7,15,22,0.32
lPNs,5,9,14,0.36
lPNt,2,1,3,0.67
lPPB,9,13,22,0.41
lPPH,8,2,10,0.8
lPPI,0,1,1,0.0
lPPK,6,3,9,0.67
lPPL,10,4,14,0.71
lPPM,18,16,34,0.53
lPPN,10,11,21,0.48
lPPP,23,15,38,0.61
lPPS,3,11,14,0.21
lPPb,11,14,25,0.44
lPPh,2,1,3,0.67
lPPl,9,13,22,0.41
lPPm,10,7,17,0.59
lPPn,13,14,27,0.48
lPPs,6,6,12,0.5
lPPt,1,1,2,0.5
lPSB,1,1,2,0.5
lPSD,1,1,2,0.5
lPSH,2,2,4,0.5
lPSK,1,1,2,0.5
lPSL,1,1,2,0.5
lPSM,7,7,14,0.5
lPSN,5,3,8,0.62
lPSP,10,10,20,0.5
lPSS,6,8,14,0.43
lPSb,5,2,7,0.71
lPSh,1,8,9,0.11
lPSl,5,2,7,0.71
lPSm,6,5,11,0.55
lPSn,8,5,13,0.62
lPSs,8,2,10,0.8
lPSt,3,1,4,0.75
lPbB,5,7,12,0.42
lPbH,4,2,6,0.67
lPbI,1,1,2,0.5
lPbJ,3,2,5,0.6
lPbK,2,1,3,0.67
lPbL,6,3,9,0.67
lPbM,9,7,16,0.56
lPbN,4,10,14,0.29
lPbP,12,9,21,0.57
lPbS,5,3,8,0.62
lPbb,7,2,9,0.78
lPbl,7,4,11,0.64
lPbm,6,11,17,0.35
lPbn,10,10,20,0.5
lPbs,5,3,8,0.62
lPhB,0,2,2,0.0
lPhH,1,1,2,0.5
lPhN,0,0,0,
lPhP,0,1,1,0.0
lPhb,1,0,1,1.0
lPhh,2,3,5,0.4
lPhl,2,0,2,1.0
lPhm,1,0,1,1.0
lPhn,0,0,0,
lPhs,1,0,1,1.0
lPlB,1,4,5,0.2
lPlD,1,0,1,1.0
lPlH,2,3,5,0.4
lPlJ,4,1,5,0.8
lPlL,2,1,3,0.67
lPlM,4,5,9,0.44
lPlN,6,7,13,0.46
lPlP,8,1,9,0.89
lPlS,0,1,1,0.0
lPlb,6,2,8,0.75
lPll,2,3,5,0.4
lPlm,4,3,7,0.57
lPln,3,4,7,0.43
lPls,2,4,6,0.33
lPmB,4,4,8,0.5
lPmD,0,1,1,0.0
lPmH,5,2,7,0.71
lPmI,1,0,1,1.0
lPmJ,1,1,2,0.5
lPmL,4,5,9,0.44
lPmM,9,11,20,0.45
lPmN,8,7,15,0.53
lPmP,9,12,21,0.43
lPmS,3,4,7,0.43
lPmb,6,5,11,0.55
lPml,7,3,10,0.7
lPmm,10,2,12,0.83
lPmn,6,10,16,0.38
lPms,4,2,6,0.67
lPnB,3,7,10,0.3
lPnD,1,1,2,0.5
lPnH,4,6,10,0.4
lPnI,0,1,1,0.0
lPnK,2,0,2,1.0
lPnL,2,4,6,0.33
lPnM,12,6,18,0.67
lPnN,16,9,25,0.64
lPnP,21,8,29,0.72
lPnS,3,3,6,0.5
lPnb,10,8,18,0.56
lPnl,7,4,11,0.64
lPnm,8,4,12,0.67
lPnn,13,10,23,0.57
lPns,10,8,18,0.56
lPsB,9,5,14,0.64
lPsH,5,4,9,0.56
lPsL,3,2,5,0.6
lPsM,7,3,10,0.7
lPsN,7,5,12,0.58
lPsP,7,6,13,0.54
lPsS,5,6,11,0.45
lPsb,3,3,6,0.5
lPsh,0,1,1,0.0
lPsl,3,4,7,0.43
lPsm,7,5,12,0.58
lPsn,6,5,11,0.55
lPss,2,1,3,0.67
lPtB,1,2,3,0.33
lPtL,0,1,1,0.0
lPtM,3,3,6,0.5
lPtN,1,0,1,1.0
lPtP,1,2,3,0.33
lPtS,1,1,2,0.5
lPtb,0,1,1,0.0
lPtl,1,1,2,0.5
lPtm,0,1,1,0.0
lPtn,2,3,5,0.4
lPts,1,1,2,0.5
lPtt,0,1,1,0.0
lSBB,6,2,8,0.75
lSBD,1,0,1,1.0
lSBK,0,0,0,
lSBL,1,0,1,1.0
lSBM,2,2,4,0.5
lSBN,1,4,5,0.2
lSBP,3,8,11,0.27
lSBS,1,0,1,1.0
lSBb,2,1,3,0.67
lSBj,2,0,2,1.0
lSBl,1,0,1,1.0
lSBm,0,1,1,0.0
lSBn,6,4,10,0.6
lSBs,1,0,1,1.0
lSDH,1,1,2,0.5
lSDI,1,1,2,0.5
lSDM,0,1,1,0.0
lSDP,2,0,2,1.0
lSDS,1,0,1,1.0
lSDs,1,0,1,1.0
lSHB,1,0,1,1.0
lSHI,1,0,1,1.0
lSHL,0,0,0,
lSHM,3,5,8,0.38
lSHN,0,2,2,0.0
lSHP,2,1,3,0.67
lSHS,1,1,2,0.5
lSHb,2,1,3,0.67
lSHn,2,2,4,0.5
lSHs,0,2,2,0.0
lSIn,1,0,1,1.0
lSKP,1,1,2,0.5
lSKS,0,1,1,0.0
lSLB,0,1,1,0.0
lSLL,2,0,2,1.0
lSLM,2,1,3,0.67
lSLN,1,0,1,1.0
lSLP,5,2,7,0.71
lSLS,2,0,2,1.0
lSLb,1,1,2,0.5
lSLl,3,0,3,1.0
lSLm,2,2,4,0.5
lSLn,2,4,6,0.33
lSLs,1,1,2,0.5
lSMB,5,2,7,0.71
lSML,2,6,8,0.25
lSMM,3,4,7,0.43
lSMN,6,6,12,0.5
lSMP,1,7,8,0.12
lSMS,1,3,4,0.25
lSMb,4,5,9,0.44
lSMh,6,0,6,1.0
lSMj,2,2,4,0.5
lSMl,1,1,2,0.5
lSMm,7,2,9,0.78
lSMn,4,6,10,0.4
lSMs,3,4,7,0.43
lSNB,1,2,3,0.33
lSND,0,1,1,0.0
lSNK,1,0,1,1.0
lSNL,2,1,3,0.67
lSNM,5,6,11,0.45
lSNN,4,1,5,0.8
lSNP,5,10,15,0.33
lSNS,1,4,5,0.2
lSNb,2,1,3,0.67
lSNh,1,1,2,0.5
lSNl,2,2,4,0.5
lSNm,4,2,6,0.67
lSNn,2,6,8,0.25
lSNs,3,3,6,0.5
lSNt,0,1,1,0.0
lSPB,10,4,14,0.71
lSPH,0,2,2,0.0
lSPK,2,1,3,0.67
lSPL,1,4,5,0.2
lSPM,8,10,18,0.44
lSPN,6,4,10,0.6
lSPP,8,7,15,0.53
lSPS,6,2,8,0.75
lSPb,6,4,10,0.6
lSPh,1,1,2,0.5
lSPl,0,3,3,0.0
lSPm,2,9,11,0.18
lSPn,10,6,16,0.62
lSPs,8,3,11,0.73
lSPt,0,2,2,0.0
lSSB,2,3,5,0.4
lSSD,0,1,1,0.0
lSSH,1,1,2,0.5
lSSL,2,0,2,1.0
lSSM,8,2,10,0.8
lSSN,4,2,6,0.67
lSSP,5,6,11,0.45
lSSS,4,2,6,0.67
lSSb,3,3,6,0.5
lSSh,4,3,7,0.57
lSSl,1,0,1,1.0
lSSm,2,0,2,1.0
lSSn,6,7,13,0.46
lSSs,3,5,8,0.38
lSSt,1,1,2,0.5
lSbB,0,5,5,0.0
lSbH,2,2,4,0.5
lSbI,1,0,1,1.0
lSbJ,1,0,1,1.0
lSbK,0,1,1,0.0
lSbL,1,1,2,0.5
lSbM,2,3,5,0.4
lSbN,6,6,12,0.5
lSbP,1,3,4,0.25
lSbS,1,2,3,0.33
lSbb,1,5,6,0.17
lSbl,2,0,2,1.0
lSbm,3,3,6,0.5
lSbn,5,7,12,0.42
lSbs,1,1,2,0.5
lShB,0,1,1,0.0
lShH,1,1,2,0.5
lShL,1,2,3,0.33
lShM,0,4,4,0.0
lShN,2,1,3,0.67
lShP,1,6,7,0.14
lShS,2,3,5,0.4
lShb,1,2,3,0.33
lShh,3,2,5,0.6
lShl,0,0,0,
lShm,4,2,6,0.67
lShn,1,3,4,0.25
lShs,1,2,3,0.33
lSlB,4,1,5,0.8
lSlH,3,0,3,1.0
lSlL,0,1,1,0.0
lSlM,3,3,6,0.5
lSlN,3,1,4,0.75
lSlP,2,5,7,0.29
lSlS,3,2,5,0.6
lSlb,2,3,5,0.4
lSll,4,0,4,1.0
lSlm,1,0,1,1.0
lSln,1,1,2,0.5
lSls,3,2,5,0.6
lSmB,5,0,5,1.0
lSmH,5,0,5,1.0
lSmL,3,3,6,0.5
lSmM,2,5,7,0.29
lSmN,1,1,2,0.5
lSmP,2,2,4,0.5
lSmS,1,3,4,0.25
lSmb,2,7,9,0.22
lSml,1,1,2,0.5
lSmm,4,2,6,0.67
lSmn,3,2,5,0.6
lSms,2,0,2,1.0
lSnB,4,5,9,0.44
lSnH,3,1,4,0.75
lSnL,1,2,3,0.33
lSnM,6,4,10,0.6
lSnN,5,6,11,0.45
lSnP,9,5,14,0.64
lSnS,5,5,10,0.5
lSnb,6,7,13,0.46
lSnh,0,1,1,0.0
lSnl,2,3,5,0.4
lSnm,6,5,11,0.55
lSnn,6,3,9,0.67
lSns,0,2,2,0.0
lSsB,2,4,6,0.33
lSsH,0,3,3,0.0
lSsL,1,2,3,0.33
lSsM,4,2,6,0.67
lSsN,6,5,11,0.55
lSsP,3,4,7,0.43
lSsS,3,4,7,0.43
lSsb,3,3,6,0.5
lSsl,3,0,3,1.0
lSsm,5,5,10,0.5
lSsn,5,4,9,0.56
lSss,6,4,10,0.6
lStB,0,1,1,0.0
lStH,1,0,1,1.0
lStL,1,1,2,0.5
lStM,0,1,1,0.0
lStN,0,1,1,0.0
lStP,1,0,1,1.0
lStS,0,1,1,0.0
lStb,1,0,1,1.0
lStl,0,1,1,0.0
lStm,2,0,2,1.0
lStn,4,0,4,1.0
lSts,0,3,3,0.0
lStt,1,0,1,1.0
lbBB,5,5,10,0.5
lbBK,0,1,1,0.0
lbBL,3,1,4,0.75
lbBM,4,5,9,0.44
lbBN,7,7,14,0.5
lbBP,5,8,13,0.38
lbBS,5,4,9,0.56
lbBb,5,8,13,0.38
lbBh,0,2,2,0.0
lbBj,2,1,3,0.67
lbBl,2,1,3,0.67
lbBm,6,6,12,0.5
lbBn,7,8,15,0.47
lbBs,5,1,6,0.83
lbBt,4,0,4,1.0
lbDB,1,0,1,1.0
lbDH,1,0,1,1.0
lbDM,0,1,1,0.0
lbDN,2,0,2,1.0
lbDl,1,0,1,1.0
lbDm,1,1,2,0.5
lbHB,4,0,4,1.0
lbHD,0,0,0,
lbHH,0,2,2,0.0
lbHK,0,1,1,0.0
lbHL,1,0,1,1.0
lbHM,4,5,9,0.44
lbHN,3,0,3,1.0
lbHP,4,1,5,0.8
lbHS,0,2,2,0.0
lbHb,0,3,3,0.0
lbHh,2,0,2,1.0
lbHl,2,1,3,0.67
lbHm,0,4,4,0.0
lbHn,6,4,10,0.6
lbHs,0,1,1,0.0
lbHt,1,0,1,1.0
lbIB,0,1,1,0.0
lbIM,2,2,4,0.5
lbIN,0,1,1,0.0
lbIP,1,0,1,1.0
lbIS,1,0,1,1.0
lbIb,1,0,1,1.0
lbIl,0,1,1,0.0
lbIm,1,0,1,1.0
lbIn,1,0,1,1.0
lbJB,0,2,2,0.0
lbJH,0,1,1,0.0
lbJL,1,1,2,0.5
lbJM,0,2,2,0.0
lbJN,0,2,2,0.0
lbJP,3,2,5,0.6
lbJS,1,1,2,0.5
lbJb,0,1,1,0.0
lbJl,0,1,1,0.0
lbJm,2,2,4,0.5
lbJn,4,0,4,1.0
lbJs,1,2,3,0.33
lbKP,1,1,2,0.5
lbKh,0,1,1,0.0
lbKl,0,1,1,0.0
lbKm,0,1,1,0.0
lbKn,1,0,1,1.0
lbLB,1,3,4,0.25
lbLM,8,1,9,0.89
lbLN,1,4,5,0.2
lbLP,1,3,4,0.25
lbLS,1,0,1,1.0
lbLb,4,2,6,0.67
lbLh,1,1,2,0.5
lbLj,0,1,1,0.0
lbLl,1,1,2,0.5
lbLm,4,1,5,0.8
lbLn,4,1,5,0.8
lbLs,4,1,5,0.8
lbLt,0,1,1,0.0
lbMB,1,4,5,0.2
lbMD,2,0,2,1.0
lbML,2,1,3,0.67
lbMM,5,11,16,0.31
lbMN,8,6,14,0.57
lbMP,7,11,18,0.39
lbMS,3,0,3,1.0
lbMb,12,3,15,0.8
lbMh,6,8,14,0.43
lbMj,1,2,3,0.33
lbMl,3,6,9,0.33
lbMm,5,2,7,0.71
lbMn,12,12,24,0.5
lbMs,4,2,6,0.67
lbMt,2,1,3,0.67
lbNB,11,6,17,0.65
lbND,1,0,1,1.0
lbNH,2,1,3,0.67
lbNL,2,2,4,0.5
lbNM,7,13,20,0.35
lbNN,8,8,16,0.5
lbNP,15,17,32,0.47
lbNS,5,9,14,0.36
lbNb,8,8,16,0.5
lbNh,7,2,9,0.78
lbNl,4,4,8,0.5
lbNm,9,8,17,0.53
lbNn,7,12,19,0.37
lbNs,2,6,8,0.25
lbNt,2,3,5,0.4
lbPB,8,11,19,0.42
lbPH,1,3,4,0.25
lbPI,1,0,1,1.0
lbPK,0,2,2,0.0
lbPL,6,4,10,0.6
lbPM,12,9,21,0.57
lbPN,5,11,16,0.31
lbPP,14,15,29,0.48
lbPS,3,7,10,0.3
lbPb,5,8,13,0.38
lbPl,6,7,13,0.46
lbPm,7,7,14,0.5
lbPn,8,10,18,0.44
lbPs,4,6,10,0.4
lbPt,1,0,1,1.0
lbSB,0,3,3,0.0
lbSD,1,0,1,1.0
lbSH,0,3,3,0.0
lbSL,0,3,3,0.0
lbSM,3,8,11,0.27
lbSN,1,3,4,0.25
lbSP,5,6,11,0.45
lbSS,1,2,3,0.33
lbSb,2,2,4,0.5
lbSh,2,4,6,0.33
lbSl,1,1,2,0.5
lbSm,3,4,7,0.43
lbSn,3,3,6,0.5
lbSs,2,1,3,0.67
lbSt,1,0,1,1.0
lbbB,7,14,21,0.33
lbbD,1,0,1,1.0
lbbH,4,5,9,0.44
lbbI,0,1,1,0.0
lbbJ,6,2,8,0.75
lbbK,1,0,1,1.0
lbbL,5,2,7,0.71
lbbM,4,7,11,0.36
lbbN,11,5,16,0.69
lbbP,12,7,19,0.63
lbbS,1,2,3,0.33
lbbb,12,6,18,0.67
lbbl,4,2,6,0.67
lbbm,9,2,11,0.82
lbbn,12,9,21,0.57
lbbs,5,2,7,0.71
lblB,3,2,5,0.6
lblH,0,3,3,0.0
lblI,1,0,1,1.0
lblJ,0,1,1,0.0
lblM,1,6,7,0.14
lblN,2,3,5,0.4
lblP,7,2,9,0.78
lblS,0,1,1,0.0
lblb,5,3,8,0.62
lbll,0,1,1,0.0
lblm,4,4,8,0.5
lbln,4,5,9,0.44
lbls,5,0,5,1.0
lbmB,9,6,15,0.6
lbmH,1,4,5,0.2
lbmI,1,0,1,1.0
lbmJ,1,1,2,0.5
lbmL,1,1,2,0.5
lbmM,6,2,8,0.75
lbmN,10,5,15,0.67
lbmP,13,7,20,0.65
lbmS,4,0,4,1.0
lbmb,6,4,10,0.6
lbml,4,1,5,0.8
lbmm,4,5,9,0.44
lbmn,8,2,10,0.8
lbms,0,3,3,0.0
lbnB,8,6,14,0.57
lbnH,4,6,10,0.4
lbnI,0,1,1,0.0
lbnL,2,5,7,0.29
lbnM,7,8,15,0.47
lbnN,8,15,23,0.35
lbnP,14,10,24,0.58
lbnS,2,5,7,0.29
lbnb,8,7,15,0.53
lbnl,1,2,3,0.33
lbnm,1,6,7,0.14
lbnn,8,6,14,0.57
lbns,0,2,2,0.0
lbsB,3,3,6,0.5
lbsH,5,0,5,1.0
lbsI,1,1,2,0.5
lbsL,2,2,4,0.5
lbsM,4,5,9,0.44
lbsN,4,3,7,0.57
lbsP,6,9,15,0.4
lbsS,1,2,3,0.33
lbsb,6,7,13,0.46
lbsh,1,0,1,1.0
lbsl,1,2,3,0.33
lbsm,0,1,1,0.0
lbsn,1,3,4,0.25
lbss,3,0,3,1.0
lhBb,0,1,1,0.0
lhPM,1,0,1,1.0
lhPP,0,1,1,0.0
llBB,1,1,2,0.5
llBK,1,0,1,1.0
llBL,2,1,3,0.67
llBM,2,1,3,0.67
llBN,2,5,7,0.29
llBP,6,0,6,1.0
llBS,2,0,2,1.0
llBb,5,4,9,0.56
llBh,2,2,4,0.5
llBj,0,1,1,0.0
llBl,1,0,1,1.0
llBm,3,0,3,1.0
llBn,3,3,6,0.5
llBs,1,2,3,0.33
llBt,2,0,2,1.0
llDB,1,0,1,1.0
llDL,2,1,3,0.67
llDN,0,0,0,
llDP,1,1,2,0.5
llDb,0,1,1,0.0
llDm,1,0,1,1.0
llDn,0,1,1,0.0
llDs,0,1,1,0.0
llHB,3,1,4,0.75
llHL,0,1,1,0.0
llHM,3,0,3,1.0
llHN,1,0,1,1.0
llHP,3,3,6,0.5
llHS,0,1,1,0.0
llHb,0,3,3,0.0
llHh,0,1,1,0.0
llHl,1,3,4,0.25
llHm,5,2,7,0.71
llHn,4,5,9,0.44
llHs,0,1,1,0.0
llIB,0,1,1,0.0
llIP,0,1,1,0.0
llIn,1,0,1,1.0
llJB,1,0,1,1.0
llJH,0,1,1,0.0
llJN,1,2,3,0.33
llJP,1,3,4,0.25
llJb,0,3,3,0.0
llJl,1,0,1,1.0
llJm,1,1,2,0.5
llJn,0,1,1,0.0
llKN,1,0,1,1.0
llKn,0,1,1,0.0
llLB,2,1,3,0.67
llLK,0,1,1,0.0
llLL,0,1,1,0.0
llLM,1,1,2,0.5
llLN,1,2,3,0.33
llLP,1,2,3,0.33
llLb,2,0,2,1.0
llLh,0,2,2,0.0
llLj,0,0,0,
llLl,0,1,1,0.0
llLm,3,2,5,0.6
llLn,2,4,6,0.33
llLs,2,1,3,0.67
llMB,2,6,8,0.25
llML,1,1,2,0.5
llMM,4,5,9,0.44
llMN,5,2,7,0.71
llMP,4,3,7,0.57
llMS,2,3,5,0.4
llMb,5,3,8,0.62
llMh,3,1,4,0.75
llMj,2,1,3,0.67
llMl,1,4,5,0.2
llMm,4,2,6,0.67
llMn,4,5,9,0.44
llMs,2,3,5,0.4
llMt,1,1,2,0.5
llNB,4,0,4,1.0
llND,1,0,1,1.0
llNK,1,1,2,0.5
llNL,4,1,5,0.8
llNM,6,1,7,0.86
llNN,3,2,5,0.6
llNP,6,2,8,0.75
llNS,0,4,4,0.0
llNb,2,2,4,0.5
llNh,0,3,3,0.0
llNl,0,2,2,0.0
llNm,2,1,3,0.67
llNn,5,8,13,0.38
llNs,4,1,5,0.8
llNt,1,0,1,1.0
llPB,1,3,4,0.25
llPH,2,0,2,1.0
llPI,1,0,1,1.0
llPK,2,1,3,0.67
llPL,2,2,4,0.5
llPM,5,4,9,0.56
llPN,2,5,7,0.29
llPP,3,7,10,0.3
llPS,1,3,4,0.25
llPb,3,9,12,0.25
llPh,0,1,1,0.0
llPl,0,1,1,0.0
llPm,4,4,8,0.5
llPn,7,9,16,0.44
llPs,4,2,6,0.67
llPt,0,2,2,0.0
llSB,1,1,2,0.5
llSH,1,1,2,0.5
llSL,1,1,2,0.5
llSM,3,5,8,0.38
llSN,3,0,3,1.0
llSP,2,3,5,0.4
llSS,2,1,3,0.67
llSb,2,0,2,1.0
llSh,1,0,1,1.0
llSl,1,1,2,0.5
llSm,1,0,1,1.0
llSn,2,3,5,0.4
llSs,2,1,3,0.67
llSt,0,1,1,0.0
llbB,2,2,4,0.5
llbH,1,0,1,1.0
llbI,1,0,1,1.0
llbJ,1,1,2,0.5
llbL,4,2,6,0.67
llbM,7,8,15,0.47
llbN,9,4,13,0.69
llbP,8,3,11,0.73
llbS,1,1,2,0.5
llbb,3,1,4,0.75
llbl,1,2,3,0.33
llbm,3,2,5,0.6
llbn,4,1,5,0.8
llbs,1,0,1,1.0
lllH,2,2,4,0.5
lllJ,1,0,1,1.0
lllM,2,3,5,0.4
lllN,0,2,2,0.0
lllP,3,3,6,0.5
lllS,1,1,2,0.5
lllb,2,1,3,0.67
llll,3,0,3,1.0
lllm,1,1,2,0.5
llln,4,0,4,1.0
llls,0,0,0,
llmB,1,2,3,0.33
llmH,0,2,2,0.0
llmJ,0,1,1,0.0
llmL,0,1,1,0.0
llmM,1,3,4,0.25
llmN,4,2,6,0.67
llmP,4,1,5,0.8
llmS,0,1,1,0.0
llmb,0,1,1,0.0
llmm,2,3,5,0.4
llmn,1,1,2,0.5
llms,2,1,3,0.67
llnB,2,2,4,0.5
llnH,2,3,5,0.4
llnI,2,0,2,1.0
llnK,0,1,1,0.0
llnL,0,1,1,0.0
llnM,3,3,6,0.5
llnN,2,4,6,0.33
llnP,6,8,14,0.43
llnS,2,1,3,0.67
llnb,2,1,3,0.67
llnm,4,1,5,0.8
llnn,4,1,5,0.8
llns,1,0,1,1.0
llsB,2,1,3,0.67
llsD,0,1,1,0.0
llsH,2,3,5,0.4
llsM,3,1,4,0.75
llsN,1,1,2,0.5
llsP,1,4,5,0.2
llsS,2,2,4,0.5
llsb,1,0,1,1.0
llsh,0,0,0,
llsl,1,0,1,1.0
llsm,0,0,0,
llsn,2,1,3,0.67
llss,1,0,1,1.0
lmBB,3,1,4,0.75
lmBD,0,1,1,0.0
lmBL,1,1,2,0.5
lmBM,8,3,11,0.73
lmBN,6,4,10,0.6
lmBP,6,3,9,0.67
lmBS,6,4,10,0.6
lmBb,7,6,13,0.54
lmBh,0,1,1,0.0
lmBj,3,1,4,0.75
lmBl,1,2,3,0.33
lmBm,2,2,4,0.5
lmBn,8,7,15,0.53
lmBs,1,1,2,0.5
lmBt,1,0,1,1.0
lmDB,1,0,1,1.0
lmDl,1,0,1,1.0
lmDm,1,1,2,0.5
lmHB,1,3,4,0.25
lmHD,2,1,3,0.67
lmHI,1,0,1,1.0
lmHL,1,1,2,0.5
lmHM,4,4,8,0.5
lmHN,4,4,8,0.5
lmHP,6,7,13,0.46
lmHS,3,1,4,0.75
lmHb,7,3,10,0.7
lmHh,1,2,3,0.33
lmHl,0,3,3,0.0
lmHm,3,2,5,0.6
lmHn,4,2,6,0.67
lmHs,0,1,1,0.0
lmIB,0,1,1,0.0
lmIH,0,1,1,0.0
lmIM,1,0,1,1.0
lmIP,1,0,1,1.0
lmIb,0,1,1,0.0
lmIn,0,1,1,0.0
lmJB,1,1,2,0.5
lmJH,0,1,1,0.0
lmJL,1,0,1,1.0
lmJM,3,1,4,0.75
lmJN,1,0,1,1.0
lmJP,1,2,3,0.33
lmJS,2,0,2,1.0
lmJb,1,2,3,0.33
lmJl,0,2,2,0.0
lmJm,0,1,1,0.0
lmJn,2,0,2,1.0
lmKB,1,0,1,1.0
lmLB,1,0,1,1.0
lmLL,1,0,1,1.0
lmLM,1,1,2,0.5
lmLN,1,1,2,0.5
lmLP,2,2,4,0.5
lmLS,0,3,3,0.0
lmLb,1,0,1,1.0
lmLh,0,2,2,0.0
lmLj,1,1,2,0.5
lmLl,0,2,2,0.0
lmLm,1,2,3,0.33
lmLn,3,4,7,0.43
lmLs,0,1,1,0.0
lmMB,2,6,8,0.25
lmML,0,1,1,0.0
lmMM,9,3,12,0.75
lmMN,11,3,14,0.79
lmMP,3,9,12,0.25
lmMS,5,2,7,0.71
lmMb,6,3,9,0.67
lmMh,5,2,7,0.71
lmMj,2,0,2,1.0
lmMl,3,5,8,0.38
lmMm,5,4,9,0.56
lmMn,11,15,26,0.42
lmMs,3,1,4,0.75
lmMt,1,1,2,0.5
lmNB,2,5,7,0.29
lmND,0,1,1,0.0
lmNH,2,2,4,0.5
lmNK,1,0,1,1.0
lmNL,2,3,5,0.4
lmNM,7,7,14,0.5
lmNN,5,11,16,0.31
lmNP,9,8,17,0.53
lmNS,5,3,8,0.62
lmNb,6,2,8,0.75
lmNh,0,1,1,0.0
lmNl,1,3,4,0.25
lmNm,6,5,11,0.55
lmNn,3,8,11,0.27
lmNs,4,7,11,0.36
lmNt,2,1,3,0.67
lmPB,6,3,9,0.67
lmPD,0,2,2,0.0
lmPH,1,4,5,0.2
lmPI,2,1,3,0.67
lmPL,2,1,3,0.67
lmPM,5,8,13,0.38
lmPN,5,5,10,0.5
lmPP,9,9,18,0.5
lmPS,2,2,4,0.5
lmPb,7,11,18,0.39
lmPh,1,0,1,1.0
lmPl,3,6,9,0.33
lmPm,3,8,11,0.27
lmPn,13,5,18,0.72
lmPs,2,3,5,0.4
lmSB,2,3,5,0.4
lmSM,1,2,3,0.33
lmSN,0,4,4,0.0
lmSP,5,3,8,0.62
lmSS,3,0,3,1.0
lmSb,2,2,4,0.5
lmSh,1,0,1,1.0
lmSl,1,0,1,1.0
lmSm,6,6,12,0.5
lmSn,4,4,8,0.5
lmSs,4,3,7,0.57
lmSt,2,0,2,1.0
lmbB,4,3,7,0.57
lmbD,1,1,2,0.5
lmbH,3,2,5,0.6
lmbJ,0,0,0,
lmbL,1,0,1,1.0
lmbM,3,8,11,0.27
lmbN,12,8,20,0.6
lmbP,9,5,14,0.64
lmbS,3,1,4,0.75
lmbb,9,8,17,0.53
lmbm,2,1,3,0.67
lmbn,5,4,9,0.56
lmbs,1,4,5,0.2
lmlB,3,1,4,0.75
lmlH,0,3,3,0.0
lmlL,1,4,5,0.2
lmlM,3,2,5,0.6
lmlN,2,2,4,0.5
lmlP,2,0,2,1.0
lmlS,2,2,4,0.5
lmlb,1,0,1,1.0
lmll,1,1,2,0.5
lmlm,0,2,2,0.0
lmln,0,4,4,0.0
lmls,1,1,2,0.5
lmmB,2,2,4,0.5
lmmD,1,0,1,1.0
lmmH,4,1,5,0.8
lmmI,2,0,2,1.0
lmmJ,2,0,2,1.0
lmmL,0,1,1,0.0
lmmM,5,8,13,0.38
lmmN,9,2,11,0.82
lmmP,2,3,5,0.4
lmmS,1,2,3,0.33
lmmb,2,3,5,0.4
lmml,2,1,3,0.67
lmmm,3,3,6,0.5
lmmn,2,3,5,0.4
lmnB,6,5,11,0.55
lmnH,4,2,6,0.67
lmnI,0,0,0,
lmnL,2,1,3,0.67
lmnM,2,7,9,0.22
lmnN,9,8,17,0.53
lmnP,5,9,14,0.36
lmnS,4,3,7,0.57
lmnb,6,2,8,0.75
lmnl,1,3,4,0.25
lmnm,1,4,5,0.2
lmnn,7,4,11,0.64
lmns,2,1,3,0.67
lmsB,1,0,1,1.0
lmsD,0,0,0,
lmsH,2,1,3,0.67
lmsI,0,1,1,0.0
lmsL,0,3,3,0.0
lmsM,2,5,7,0.29
lmsN,4,4,8,0.5
lmsP,0,0,0,
lmsS,1,1,2,0.5
lmsb,1,0,1,1.0
lmsl,1,2,3,0.33
lmsm,1,1,2,0.5
lmsn,0,3,3,0.0
lmss,2,1,3,0.67
lnBB,5,4,9,0.56
lnBD,0,1,1,0.0
lnBK,1,0,1,1.0
lnBL,0,1,1,0.0
lnBM,2,1,3,0.67
lnBN,4,6,10,0.4
lnBP,1,6,7,0.14
lnBS,2,4,6,0.33
lnBb,6,3,9,0.67
lnBj,1,4,5,0.2
lnBl,1,2,3,0.33
lnBm,7,3,10,0.7
lnBn,7,9,16,0.44
lnBs,0,2,2,0.0
lnBt,0,0,0,
lnDH,0,1,1,0.0
lnDM,1,0,1,1.0
lnDN,0,0,0,
lnDP,1,1,2,0.5
lnDS,1,0,1,1.0
lnDb,0,1,1,0.0
lnDl,0,2,2,0.0
lnHB,1,1,2,0.5
lnHH,0,1,1,0.0
lnHI,0,0,0,
lnHL,1,1,2,0.5
lnHM,1,4,5,0.2
lnHN,6,2,8,0.75
lnHP,6,7,13,0.46
lnHS,1,1,2,0.5
lnHb,2,3,5,0.4
lnHh,4,1,5,0.8
lnHl,2,2,4,0.5
lnHm,2,3,5,0.4
lnHn,6,8,14,0.43
lnHs,2,2,4,0.5
lnIB,1,1,2,0.5
lnIM,3,0,3,1.0
lnIN,1,1,2,0.5
lnIP,1,0,1,1.0
lnIS,0,1,1,0.0
lnIn,2,2,4,0.5
lnIs,0,1,1,0.0
lnKB,0,1,1,0.0
lnKM,1,0,1,1.0
lnKb,0,1,1,0.0
lnKl,1,0,1,1.0
lnKn,1,0,1,1.0
lnKs,1,2,3,0.33
lnLB,1,1,2,0.5
lnLL,3,2,5,0.6
lnLM,2,4,6,0.33
lnLN,4,5,9,0.44
lnLP,5,5,10,0.5
lnLS,1,0,1,1.0
lnLb,0,4,4,0.0
lnLh,1,0,1,1.0
lnLj,0,0,0,
lnLl,1,1,2,0.5
lnLm,0,0,0,
lnLn,3,4,7,0.43
lnLs,4,1,5,0.8
lnMB,3,1,4,0.75
lnML,2,1,3,0.67
lnMM,2,8,10,0.2
lnMN,4,6,10,0.4
lnMP,7,5,12,0.58
lnMS,3,4,7,0.43
lnMb,5,6,11,0.45
lnMh,4,6,10,0.4
lnMj,0,1,1,0.0
lnMl,0,7,7,0.0
lnMm,4,5,9,0.44
lnMn,21,12,33,0.64
lnMs,2,1,3,0.67
lnMt,1,2,3,0.33
lnNB,10,4,14,0.71
lnNH,1,1,2,0.5
lnNK,0,0,0,
lnNL,6,5,11,0.55
lnNM,10,6,16,0.62
lnNN,13,12,25,0.52
lnNP,6,12,18,0.33
lnNS,8,4,12,0.67
lnNb,7,9,16,0.44
lnNh,2,3,5,0.4
lnNl,6,5,11,0.55
lnNm,3,1,4,0.75
lnNn,17,4,21,0.81
lnNs,3,7,10,0.3
lnNt,3,0,3,1.0
lnPB,5,9,14,0.36
lnPD,2,1,3,0.67
lnPH,1,6,7,0.14
lnPK,2,1,3,0.67
lnPL,3,1,4,0.75
lnPM,5,12,17,0.29
lnPN,15,12,27,0.56
lnPP,14,13,27,0.52
lnPS,8,6,14,0.57
lnPb,11,13,24,0.46
lnPh,2,0,2,1.0
lnPl,2,5,7,0.29
lnPm,9,3,12,0.75
lnPn,10,7,17,0.59
lnPs,5,8,13,0.38
lnPt,0,2,2,0.0
lnSB,3,1,4,0.75
lnSH,1,3,4,0.25
lnSI,1,0,1,1.0
lnSK,1,0,1,1.0
lnSL,1,0,1,1.0
lnSM,2,5,7,0.29
lnSN,4,4,8,0.5
lnSP,3,4,7,0.43
lnSS,7,1,8,0.88
lnSb,2,4,6,0.33
lnSh,1,3,4,0.25
lnSl,1,2,3,0.33
lnSm,3,2,5,0.6
lnSn,5,3,8,0.62
lnSs,2,4,6,0.33
lnSt,0,1,1,0.0
lnbB,5,2,7,0.71
lnbD,1,0,1,1.0
lnbH,2,2,4,0.5
lnbJ,2,3,5,0.4
lnbL,2,3,5,0.4
lnbM,5,5,10,0.5
lnbN,13,7,20,0.65
lnbP,6,8,14,0.43
lnbS,3,3,6,0.5
lnbb,5,2,7,0.71
lnbl,0,1,1,0.0
lnbm,3,1,4,0.75
lnbn,8,7,15,0.53
lnbs,1,1,2,0.5
lnhP,1,0,1,1.0
lnhS,1,0,1,1.0
lnlB,3,1,4,0.75
lnlH,2,2,4,0.5
lnlL,1,0,1,1.0
lnlM,1,1,2,0.5
lnlN,4,3,7,0.57
lnlP,6,3,9,0.67
lnlS,0,3,3,0.0
lnlb,2,2,4,0.5
lnll,2,0,2,1.0
lnlm,1,2,3,0.33
lnln,1,2,3,0.33
lnmB,6,2,8,0.75
lnmD,1,0,1,1.0
lnmH,3,5,8,0.38
lnmJ,1,0,1,1.0
lnmL,3,0,3,1.0
lnmM,5,5,10,0.5
lnmN,7,2,9,0.78
lnmP,7,12,19,0.37
lnmS,2,0,2,1.0
lnmb,3,7,10,0.3
lnml,5,2,7,0.71
lnmm,3,3,6,0.5
lnmn,8,3,11,0.73
lnms,4,4,8,0.5
lnnB,4,6,10,0.4
lnnD,0,1,1,0.0
lnnH,5,3,8,0.62
lnnL,4,1,5,0.8
lnnM,3,8,11,0.27
lnnN,9,12,21,0.43
lnnP,9,9,18,0.5
lnnS,3,3,6,0.5
lnnb,5,6,11,0.45
lnnh,1,0,1,1.0
lnnl,1,3,4,0.25
lnnm,3,4,7,0.43
lnnn,6,6,12,0.5
lnns,5,5,10,0.5
lnsB,1,4,5,0.2
lnsD,1,0,1,1.0
lnsH,3,5,8,0.38
lnsI,0,1,1,0.0
lnsL,2,1,3,0.67
lnsM,3,3,6,0.5
lnsN,5,1,6,0.83
lnsP,4,5,9,0.44
lnsS,4,3,7,0.57
lnsb,4,1,5,0.8
lnsl,1,3,4,0.25
lnsm,2,0,2,1.0
lnsn,4,2,6,0.67
lnss,8,2,10,0.8
lsBB,1,4,5,0.2
lsBM,3,3,6,0.5
lsBN,4,2,6,0.67
lsBP,4,4,8,0.5
lsBS,3,2,5,0.6
lsBb,2,4,6,0.33
lsBl,0,1,1,0.0
lsBm,2,1,3,0.67
lsBn,1,2,3,0.33
lsBs,1,0,1,1.0
lsBt,1,0,1,1.0
lsDM,0,3,3,0.0
lsDP,1,1,2,0.5
lsDb,1,0,1,1.0
lsDl,1,0,1,1.0
lsDm,1,0,1,1.0
lsDs,1,0,1,1.0
lsHB,1,5,6,0.17
lsHD,0,0,0,
lsHH,0,1,1,0.0
lsHL,0,2,2,0.0
lsHM,2,4,6,0.33
lsHN,3,5,8,0.38
lsHP,6,2,8,0.75
lsHS,0,2,2,0.0
lsHb,4,3,7,0.57
lsHh,2,2,4,0.5
lsHl,0,1,1,0.0
lsHm,3,4,7,0.43
lsHn,4,5,9,0.44
lsHs,3,1,4,0.75
lsIM,1,0,1,1.0
lsIN,1,0,1,1.0
lsIP,0,0,0,
lsIn,0,1,1,0.0
lsIs,0,1,1,0.0
lsKH,1,0,1,1.0
lsKP,0,1,1,0.0
lsKS,1,0,1,1.0
lsLB,1,0,1,1.0
lsLL,0,2,2,0.0
lsLM,1,2,3,0.33
lsLP,1,0,1,1.0
lsLS,0,0,0,
lsLb,2,1,3,0.67
lsLm,0,3,3,0.0
lsLn,1,4,5,0.2
lsLs,2,0,2,1.0
lsMB,1,0,1,1.0
lsML,1,0,1,1.0
lsMM,3,7,10,0.3
lsMN,4,4,8,0.5
lsMP,6,5,11,0.55
lsMS,4,0,4,1.0
lsMb,2,0,2,1.0
lsMh,3,3,6,0.5
lsMj,0,1,1,0.0
lsMl,2,4,6,0.33
lsMm,2,2,4,0.5
lsMn,7,3,10,0.7
lsMs,2,2,4,0.5
lsMt,0,1,1,0.0
lsNB,3,2,5,0.6
lsND,0,1,1,0.0
lsNH,0,1,1,0.0
lsNK,1,0,1,1.0
lsNL,1,1,2,0.5
lsNM,2,3,5,0.4
lsNN,6,5,11,0.55
lsNP,5,6,11,0.45
lsNS,4,1,5,0.8
lsNb,2,0,2,1.0
lsNh,3,1,4,0.75
lsNl,1,1,2,0.5
lsNm,2,2,4,0.5
lsNn,4,1,5,0.8
lsNs,4,2,6,0.67
lsPB,3,7,10,0.3
lsPD,0,2,2,0.0
lsPH,1,2,3,0.33
lsPI,1,0,1,1.0
lsPK,0,1,1,0.0
lsPL,1,1,2,0.5
lsPM,7,3,10,0.7
lsPN,9,2,11,0.82
lsPP,5,3,8,0.62
lsPS,3,3,6,0.5
lsPb,5,3,8,0.62
lsPh,1,1,2,0.5
lsPl,2,5,7,0.29
lsPm,4,7,11,0.36
lsPn,10,8,18,0.56
lsPs,1,6,7,0.14
lsPt,0,1,1,0.0
lsSB,2,0,2,1.0
lsSH,0,0,0,
lsSL,0,2,2,0.0
lsSM,4,8,12,0.33
lsSN,1,4,5,0.2
lsSP,5,5,10,0.5
lsSS,0,3,3,0.0
lsSb,2,1,3,0.67
lsSh,1,0,1,1.0
lsSl,0,3,3,0.0
lsSm,1,2,3,0.33
lsSn,2,2,4,0.5
lsSs,1,2,3,0.33
lsbB,3,1,4,0.75
lsbD,0,1,1,0.0
lsbH,0,1,1,0.0
lsbI,1,0,1,1.0
lsbJ,1,2,3,0.33
lsbL,1,1,2,0.5
lsbM,1,5,6,0.17
lsbN,4,6,10,0.4
lsbP,5,5,10,0.5
lsbS,1,3,4,0.25
lsbb,2,3,5,0.4
lsbl,3,2,5,0.6
lsbm,5,2,7,0.71
lsbn,4,3,7,0.57
lsbs,0,3,3,0.0
lshM,1,0,1,1.0
lshl,1,0,1,1.0
lshn,1,1,2,0.5
lshs,0,0,0,
lslB,2,1,3,0.67
lslH,3,0,3,1.0
lslI,0,0,0,
lslK,1,0,1,1.0
lslL,1,0,1,1.0
lslM,4,4,8,0.5
lslN,2,1,3,0.67
lslP,3,1,4,0.75
lslS,1,2,3,0.33
lslb,2,1,3,0.67
lsll,2,1,3,0.67
lslm,2,1,3,0.67
lsln,2,1,3,0.67
lsls,0,4,4,0.0
lsmB,2,2,4,0.5
lsmD,1,0,1,1.0
lsmH,3,0,3,1.0
lsmL,0,0,0,
lsmM,1,7,8,0.12
lsmN,3,4,7,0.43
lsmP,4,5,9,0.44
lsmS,0,1,1,0.0
lsmb,4,4,8,0.5
lsml,2,1,3,0.67
lsmm,1,1,2,0.5
lsmn,8,2,10,0.8
lsms,1,2,3,0.33
lsnB,2,5,7,0.29
lsnD,1,0,1,1.0
lsnH,3,4,7,0.43
lsnK,1,1,2,0.5
lsnL,2,1,3,0.67
lsnM,6,5,11,0.55
lsnN,3,3,6,0.5
lsnP,4,7,11,0.36
lsnS,1,1,2,0.5
lsnb,4,1,5,0.8
lsnl,1,0,1,1.0
lsnm,3,2,5,0.6
lsnn,2,3,5,0.4
lsns,1,1,2,0.5
lssB,1,1,2,0.5
lssH,1,2,3,0.33
lssL,0,1,1,0.0
lssM,4,0,4,1.0
lssN,3,1,4,0.75
lssP,6,2,8,0.75
lssS,0,2,2,0.0
lssb,1,0,1,1.0
lssl,1,0,1,1.0
lssm,1,0,1,1.0
lssn,4,2,6,0.67
lsss,3,0,3,1.0
lsst,1,0,1,1.0
lstl,0,0,0,
mBBB,2,7,9,0.22
mBBD,0,1,1,0.0
mBBH,1,0,1,1.0
mBBK,2,0,2,1.0
mBBL,1,1,2,0.5
mBBM,2,4,6,0.33
mBBN,11,7,18,0.61
mBBP,3,3,6,0.5
mBBS,2,2,4,0.5
mBBb,7,2,9,0.78
mBBh,3,1,4,0.75
mBBj,2,1,3,0.67
mBBl,2,3,5,0.4
mBBm,5,1,6,0.83
mBBn,10,8,18,0.56
mBBs,0,7,7,0.0
mBBt,1,0,1,1.0
mBDB,1,0,1,1.0
mBDH,0,1,1,0.0
mBDN,1,0,1,1.0
mBDP,0,0,0,
mBDb,0,1,1,0.0
mBDm,0,1,1,0.0
mBHN,1,0,1,1.0
mBHm,0,0,0,
mBHn,0,1,1,0.0
mBKB,1,0,1,1.0
mBKM,1,0,1,1.0
mBKN,1,0,1,1.0
mBKP,0,1,1,0.0
mBKS,0,0,0,
mBKb,1,0,1,1.0
mBKh,1,0,1,1.0
mBKm,1,1,2,0.5
mBKs,0,1,1,0.0
mBLB,1,4,5,0.2
mBLD,1,1,2,0.5
mBLL,1,1,2,0.5
mBLM,2,3,5,0.4
mBLN,1,2,3,0.33
mBLP,4,5,9,0.44
mBLS,1,1,2,0.5
mBLb,2,2,4,0.5
mBLh,0,1,1,0.0
mBLj,0,1,1,0.0
mBLl,0,0,0,
mBLn,2,2,4,0.5
mBLs,1,0,1,1.0
mBLt,1,1,2,0.5
mBMB,4,5,9,0.44
mBML,6,1,7,0.86
mBMM,9,9,18,0.5
mBMN,13,8,21,0.62
mBMP,12,5,17,0.71
mBMS,2,3,5,0.4
mBMb,9,10,19,0.47
mBMh,7,5,12,0.58
mBMj,0,1,1,0.0
mBMl,4,1,5,0.8
mBMm,4,10,14,0.29
mBMn,7,11,18,0.39
mBMs,3,2,5,0.6
mBMt,1,0,1,1.0
mBNB,5,2,7,0.71
mBND,0,0,0,
mBNH,1,2,3,0.33
mBNK,0,0,0,
mBNL,1,3,4,0.25
mBNM,9,7,16,0.56
mBNN,11,12,23,0.48
mBNP,24,15,39,0.62
mBNS,8,1,9,0.89
mBNb,4,13,17,0.24
mBNh,2,5,7,0.29
mBNl,3,4,7,0.43
mBNm,4,8,12,0.33
mBNn,18,16,34,0.53
mBNs,12,8,20,0.6
mBNt,3,3,6,0.5
mBPB,7,5,12,0.58
mBPD,1,0,1,1.0
mBPH,5,2,7,0.71
mBPI,3,0,3,1.0
mBPK,1,2,3,0.33
mBPL,0,6,6,0.0
mBPM,10,18,28,0.36
mBPN,10,17,27,0.37
mBPP,15,15,30,0.5
mBPS,9,9,18,0.5
mBPb,7,12,19,0.37
mBPl,7,12,19,0.37
mBPm,12,6,18,0.67
mBPn,13,14,27,0.48
mBPs,8,4,12,0.67
mBPt,1,1,2,0.5
mBSB,8,3,11,0.73
mBSD,1,0,1,1.0
mBSH,2,1,3,0.67
mBSL,1,1,2,0.5
mBSM,5,4,9,0.56
mBSN,4,3,7,0.57
mBSP,12,8,20,0.6
mBSS,4,6,10,0.4
mBSb,6,9,15,0.4
mBSh,3,2,5,0.6
mBSl,5,5,10,0.5
mBSm,3,2,5,0.6
mBSn,7,7,14,0.5
mBSs,4,3,7,0.57
mBSt,1,0,1,1.0
mBbB,3,3,6,0.5
mBbH,6,4,10,0.6
mBbJ,4,3,7,0.57
mBbK,2,0,2,1.0
mBbL,5,3,8,0.62
mBbM,5,12,17,0.29
mBbN,10,11,21,0.48
mBbP,11,8,19,0.58
mBbS,2,4,6,0.33
mBbb,6,10,16,0.38
mBbl,2,3,5,0.4
mBbm,5,6,11,0.45
mBbn,6,11,17,0.35
mBbs,5,4,9,0.56
mBhB,1,1,2,0.5
mBhM,0,1,1,0.0
mBhP,1,4,5,0.2
mBhS,1,1,2,0.5
mBhb,2,3,5,0.4
mBhh,1,0,1,1.0
mBhl,0,0,0,
mBhm,1,1,2,0.5
mBhn,0,2,2,0.0
mBhs,1,0,1,1.0
mBjB,4,2,6,0.67
mBjH,2,2,4,0.5
mBjL,0,2,2,0.0
mBjM,3,1,4,0.75
mBjN,2,4,6,0.33
mBjP,2,3,5,0.4
mBjS,1,1,2,0.5
mBjb,3,0,3,1.0
mBjh,0,2,2,0.0
mBjl,2,0,2,1.0
mBjm,2,1,3,0.67
mBjn,9,4,13,0.69
mBjs,2,5,7,0.29
mBjt,1,0,1,1.0
mBlB,4,2,6,0.67
mBlD,1,0,1,1.0
mBlH,3,2,5,0.6
mBlJ,1,2,3,0.33
mBlL,2,3,5,0.4
mBlM,2,2,4,0.5
mBlN,4,1,5,0.8
mBlP,7,4,11,0.64
mBlS,2,2,4,0.5
mBlb,3,4,7,0.43
mBll,2,0,2,1.0
mBlm,0,3,3,0.0
mBln,3,4,7,0.43
mBls,4,3,7,0.57
mBmB,7,5,12,0.58
mBmH,2,4,6,0.33
mBmI,0,1,1,0.0
mBmJ,1,0,1,1.0
mBmL,2,1,3,0.67
mBmM,5,14,19,0.26
mBmN,8,9,17,0.47
mBmP,6,5,11,0.55
mBmS,4,4,8,0.5
mBmb,13,3,16,0.81
mBml,2,0,2,1.0
mBmm,6,3,9,0.67
mBmn,9,4,13,0.69
mBms,3,2,5,0.6
mBnB,5,11,16,0.31
mBnD,1,0,1,1.0
mBnH,2,6,8,0.25
mBnI,3,3,6,0.5
mBnK,1,1,2,0.5
mBnL,7,3,10,0.7
mBnM,12,9,21,0.57
mBnN,17,19,36,0.47
mBnP,20,19,39,0.51
mBnS,14,11,25,0.56
mBnb,17,8,25,0.68
mBnh,0,1,1,0.0
mBnl,3,2,5,0.6
mBnm,8,7,15,0.53
mBnn,23,9,32,0.72
mBns,9,2,11,0.82
mBsB,4,2,6,0.67
mBsD,1,1,2,0.5
mBsH,6,0,6,1.0
mBsI,2,1,3,0.67
mBsL,2,2,4,0.5
mBsM,3,5,8,0.38
mBsN,5,5,10,0.5
mBsP,5,12,17,0.29
mBsS,3,2,5,0.6
mBsb,5,3,8,0.62
mBsl,0,1,1,0.0
mBsm,2,5,7,0.29
mBsn,5,4,9,0.56
mBss,4,2,6,0.67
mBtB,1,1,2,0.5
mBtD,1,0,1,1.0
mBtH,1,4,5,0.2
mBtL,2,0,2,1.0
mBtN,2,0,2,1.0
mBtP,7,2,9,0.78
mBtS,1,2,3,0.33
mBtb,2,0,2,1.0
mBtl,1,1,2,0.5
mBtm,2,0,2,1.0
mBtn,5,2,7,0.71
mBts,1,2,3,0.33
mBtt,0,1,1,0.0
mDBB,1,0,1,1.0
mDBL,0,1,1,0.0
mDBM,2,0,2,1.0
mDBP,1,2,3,0.33
mDBS,1,0,1,1.0
mDBb,1,1,2,0.5
mDBl,0,0,0,
mDBm,0,1,1,0.0
mDDP,1,0,1,1.0
mDDS,0,1,1,0.0
mDHB,1,0,1,1.0
mDHK,0,1,1,0.0
mDHL,0,1,1,0.0
mDHM,1,0,1,1.0
mDHN,0,1,1,0.0
mDHP,2,1,3,0.67
mDHS,0,2,2,0.0
mDHb,2,1,3,0.67
mDHh,0,1,1,0.0
mDHl,1,1,2,0.5
mDHm,0,2,2,0.0
mDHn,1,1,2,0.5
mDHs,1,0,1,1.0
mDIb,0,1,1,0.0
mDIn,1,0,1,1.0
mDLL,1,0,1,1.0
mDLN,2,0,2,1.0
mDLS,2,0,2,1.0
mDLb,1,0,1,1.0
mDLl,0,2,2,0.0
mDLm,1,0,1,1.0
mDLn,1,2,3,0.33
mDLt,1,0,1,1.0
mDMB,0,1,1,0.0
mDMM,0,1,1,0.0
mDMN,1,1,2,0.5
mDMP,1,1,2,0.5
mDMS,2,2,4,0.5
mDMb,0,1,1,0.0
mDMh,1,1,2,0.5
mDMj,1,0,1,1.0
mDMm,0,1,1,0.0
mDMn,2,1,3,0.67
mDMs,1,0,1,1.0
mDNB,0,0,0,
mDND,1,0,1,1.0
mDNH,0,1,1,0.0
mDNM,2,2,4,0.5
mDNN,1,3,4,0.25
mDNP,1,0,1,1.0
mDNS,0,2,2,0.0
mDNb,0,1,1,0.0
mDNl,1,0,1,1.0
mDNm,0,1,1,0.0
mDNn,1,2,3,0.33
mDPB,0,1,1,0.0
mDPH,1,0,1,1.0
mDPK,0,1,1,0.0
mDPN,2,0,2,1.0
mDPP,1,2,3,0.33
mDPS,0,2,2,0.0
mDPb,2,2,4,0.5
mDPm,2,0,2,1.0
mDPn,2,1,3,0.67
mDPs,2,2,4,0.5
mDPt,1,0,1,1.0
mDSB,1,2,3,0.33
mDSH,1,0,1,1.0
mDSM,0,2,2,0.0
mDSN,1,0,1,1.0
mDSP,0,1,1,0.0
mDSS,0,2,2,0.0
mDSb,0,0,0,
mDSl,0,1,1,0.0
mDSm,0,1,1,0.0
mDSn,1,1,2,0.5
mDSs,0,1,1,0.0
mDbI,1,0,1,1.0
mDbJ,1,0,1,1.0
mDbM,0,3,3,0.0
mDbP,1,1,2,0.5
mDbb,2,1,3,0.67
mDbl,0,0,0,
mDbn,1,1,2,0.5
mDbs,2,0,2,1.0
mDlB,0,0,0,
mDlD,0,1,1,0.0
mDlH,1,1,2,0.5
mDlL,0,0,0,
mDlN,0,2,2,0.0
mDlP,1,1,2,0.5
mDlb,2,0,2,1.0
mDlm,0,1,1,0.0
mDln,0,2,2,0.0
mDls,0,1,1,0.0
mDmM,1,0,1,1.0
mDmP,1,0,1,1.0
mDmS,2,2,4,0.5
mDmb,1,1,2,0.5
mDmm,2,1,3,0.67
mDmn,2,2,4,0.5
mDms,1,0,1,1.0
mDnL,1,0,1,1.0
mDnM,3,2,5,0.6
mDnN,3,5,8,0.38
mDnP,1,3,4,0.25
mDnS,1,0,1,1.0
mDnb,1,1,2,0.5
mDnl,1,0,1,1.0
mDnm,1,1,2,0.5
mDnn,2,2,4,0.5
mDsH,1,2,3,0.33
mDsL,0,1,1,0.0
mDsM,0,1,1,0.0
mDsN,2,0,2,1.0
mDsP,1,1,2,0.5
mDsS,2,1,3,0.67
mDsb,1,0,1,1.0
mDsm,1,0,1,1.0
mDtM,1,0,1,1.0
mDtN,0,1,1,0.0
mDtb,1,0,1,1.0
mDtm,1,1,2,0.5
mDtn,0,0,0,
mHBB,2,7,9,0.22
mHBD,1,0,1,1.0
mHBK,1,0,1,1.0
mHBL,3,2,5,0.6
mHBM,6,7,13,0.46
mHBN,4,2,6,0.67
mHBP,7,6,13,0.54
mHBS,3,4,7,0.43
mHBb,6,8,14,0.43
mHBh,0,2,2,0.0
mHBj,4,2,6,0.67
mHBl,2,2,4,0.5
mHBm,8,7,15,0.53
mHBn,8,12,20,0.4
mHBs,3,4,7,0.43
mHBt,1,1,2,0.5
mHDB,1,0,1,1.0
mHDH,0,3,3,0.0
mHDM,2,0,2,1.0
mHDN,1,0,1,1.0
mHDP,1,0,1,1.0
mHDS,1,3,4,0.25
mHDb,0,2,2,0.0
mHDl,1,0,1,1.0
mHDm,0,2,2,0.0
mHDn,0,2,2,0.0
mHDs,2,0,2,1.0
mHHB,1,0,1,1.0
mHHK,1,0,1,1.0
mHHM,2,2,4,0.5
mHHN,0,3,3,0.0
mHHP,0,4,4,0.0
mHHS,1,2,3,0.33
mHHb,2,0,2,1.0
mHHl,1,0,1,1.0
mHHm,0,0,0,
mHHs,0,2,2,0.0
mHHt,0,0,0,
mHIH,1,0,1,1.0
mHIL,0,1,1,0.0
mHIM,1,1,2,0.5
mHIN,1,0,1,1.0
mHIP,2,0,2,1.0
mHIb,1,0,1,1.0
mHIl,1,0,1,1.0
mHIm,0,1,1,0.0
mHIn,0,1,1,0.0
mHKB,1,0,1,1.0
mHKN,1,0,1,1.0
mHKP,0,1,1,0.0
mHKS,0,1,1,0.0
mHKl,1,0,1,1.0
mHKn,1,0,1,1.0
mHLB,3,4,7,0.43
mHLK,0,2,2,0.0
mHLL,0,2,2,0.0
mHLM,4,2,6,0.67
mHLN,9,3,12,0.75
mHLP,5,3,8,0.62
mHLS,1,2,3,0.33
mHLb,3,6,9,0.33
mHLh,0,2,2,0.0
mHLj,0,1,1,0.0
mHLl,1,3,4,0.25
mHLm,3,4,7,0.43
mHLn,4,3,7,0.57
mHLs,1,1,2,0.5
mHLt,0,2,2,0.0
mHMB,4,7,11,0.36
mHMD,0,2,2,0.0
mHML,6,4,10,0.6
mHMM,10,12,22,0.45
mHMN,7,10,17,0.41
mHMP,11,10,21,0.52
mHMS,5,8,13,0.38
mHMb,15,11,26,0.58
mHMh,4,7,11,0.36
mHMj,1,1,2,0.5
mHMl,3,0,3,1.0
mHMm,7,10,17,0.41
mHMn,20,10,30,0.67
mHMs,2,8,10,0.2
mHMt,4,4,8,0.5
mHNB,3,7,10,0.3
mHND,0,2,2,0.0
mHNH,1,0,1,1.0
mHNK,1,1,2,0.5
mHNL,1,2,3,0.33
mHNM,7,3,10,0.7
mHNN,14,18,32,0.44
mHNP,18,13,31,0.58
mHNS,4,4,8,0.5
mHNb,10,7,17,0.59
mHNh,4,4,8,0.5
mHNl,5,2,7,0.71
mHNm,12,5,17,0.71
mHNn,15,17,32,0.47
mHNs,5,9,14,0.36
mHNt,3,1,4,0.75
mHPB,8,11,19,0.42
mHPD,1,1,2,0.5
mHPH,4,2,6,0.67
mHPK,2,2,4,0.5
mHPL,7,2,9,0.78
mHPM,20,15,35,0.57
mHPN,17,14,31,0.55
mHPP,20,17,37,0.54
mHPS,4,8,12,0.33
mHPb,7,13,20,0.35
mHPh,1,0,1,1.0
mHPl,6,6,12,0.5
mHPm,10,9,19,0.53
mHPn,13,14,27,0.48
mHPs,12,6,18,0.67
mHPt,0,1,1,0.0
mHSB,1,2,3,0.33
mHSD,1,0,1,1.0
mHSH,2,2,4,0.5
mHSL,0,1,1,0.0
mHSM,4,6,10,0.4
mHSN,5,4,9,0.56
mHSP,8,6,14,0.57
mHSS,3,6,9,0.33
mHSb,1,6,7,0.14
mHSh,4,2,6,0.67
mHSl,2,2,4,0.5
mHSm,1,2,3,0.33
mHSn,8,8,16,0.5
mHSs,9,2,11,0.82
mHSt,2,2,4,0.5
mHbB,7,8,15,0.47
mHbH,2,9,11,0.18
mHbI,0,1,1,0.0
mHbJ,2,3,5,0.4
mHbK,1,1,2,0.5
mHbL,2,8,10,0.2
mHbM,6,7,13,0.46
mHbN,13,11,24,0.54
mHbP,8,11,19,0.42
mHbS,4,3,7,0.57
mHbb,11,7,18,0.61
mHbl,2,2,4,0.5
mHbm,7,6,13,0.54
mHbn,2,9,11,0.18
mHbs,4,2,6,0.67
mHhB,2,4,6,0.33
mHhH,1,0,1,1.0
mHhI,0,1,1,0.0
mHhL,1,1,2,0.5
mHhM,2,4,6,0.33
mHhN,7,3,10,0.7
mHhP,6,4,10,0.6
mHhS,6,4,10,0.6
mHhb,6,5,11,0.55
mHhh,2,2,4,0.5
mHhl,3,1,4,0.75
mHhm,4,4,8,0.5
mHhn,6,5,11,0.55
mHhs,5,5,10,0.5
mHht,2,1,3,0.67
mHlB,2,3,5,0.4
mHlH,1,3,4,0.25
mHlI,0,1,1,0.0
mHlJ,2,1,3,0.67
mHlL,2,0,2,1.0
mHlM,4,9,13,0.31
mHlN,1,4,5,0.2
mHlP,5,6,11,0.45
mHlS,2,1,3,0.67
mHlb,12,1,13,0.92
mHll,0,2,2,0.0
mHlm,2,1,3,0.67
mHln,4,0,4,1.0
mHls,3,2,5,0.6
mHmB,9,7,16,0.56
mHmD,0,1,1,0.0
mHmH,2,5,7,0.29
mHmI,0,1,1,0.0
mHmJ,2,3,5,0.4
mHmL,2,2,4,0.5
mHmM,2,4,6,0.33
mHmN,8,7,15,0.53
mHmP,9,8,17,0.53
mHmS,5,2,7,0.71
mHmb,4,14,18,0.22
mHml,2,8,10,0.2
mHmm,3,6,9,0.33
mHmn,6,8,14,0.43
mHms,2,1,3,0.67
mHnB,6,2,8,0.75
mHnH,6,2,8,0.75
mHnI,0,1,1,0.0
mHnK,0,3,3,0.0
mHnL,6,6,12,0.5
mHnM,14,11,25,0.56
mHnN,18,14,32,0.56
mHnP,18,20,38,0.47
mHnS,11,3,14,0.79
mHnb,8,7,15,0.53
mHnl,4,3,7,0.57
mHnm,7,3,10,0.7
mHnn,22,15,37,0.59
mHns,8,3,11,0.73
mHnt,1,0,1,1.0
mHsB,2,4,6,0.33
mHsH,6,3,9,0.67
mHsK,0,1,1,0.0
mHsL,2,1,3,0.67
mHsM,3,9,12,0.25
mHsN,7,5,12,0.58
mHsP,9,7,16,0.56
mHsS,5,7,12,0.42
mHsb,10,4,14,0.71
mHsl,2,2,4,0.5
mHsm,3,5,8,0.38
mHsn,4,4,8,0.5
mHss,8,3,11,0.73
mHtB,1,2,3,0.33
mHtH,0,2,2,0.0
mHtM,0,1,1,0.0
mHtN,0,1,1,0.0
mHtP,1,1,2,0.5
mHtb,0,2,2,0.0
mHtl,0,0,0,
mHtn,1,3,4,0.25
mHts,3,1,4,0.75
mHtt,0,1,1,0.0
mIBB,2,0,2,1.0
mIBL,1,0,1,1.0
mIBM,0,1,1,0.0
mIBN,1,0,1,1.0
mIBP,0,1,1,0.0
mIBb,0,1,1,0.0
mIBm,2,0,2,1.0
mIBn,1,1,2,0.5
mIBs,0,0,0,
mIDS,0,0,0,
mIDn,0,0,0,
mIHB,0,2,2,0.0
mIHD,1,0,1,1.0
mIHN,2,0,2,1.0
mIHP,0,1,1,0.0
mIHS,1,0,1,1.0
mIHb,0,2,2,0.0
mIHm,0,0,0,
mIHn,1,1,2,0.5
mIHt,1,0,1,1.0
mIKS,0,1,1,0.0
mILM,0,1,1,0.0
mILN,1,1,2,0.5
mILb,0,1,1,0.0
mILm,0,1,1,0.0
mIMB,3,0,3,1.0
mIML,0,1,1,0.0
mIMN,2,2,4,0.5
mIMP,0,2,2,0.0
mIMb,0,1,1,0.0
mIMh,2,0,2,1.0
mIMj,1,1,2,0.5
mIMl,0,0,0,
mIMm,3,1,4,0.75
mIMn,2,1,3,0.67
mINB,3,1,4,0.75
mINL,0,1,1,0.0
mINM,0,1,1,0.0
mINN,1,0,1,1.0
mINP,1,3,4,0.25
mINb,0,1,1,0.0
mINh,1,0,1,1.0
mINm,1,0,1,1.0
mINn,2,4,6,0.33
mIPB,1,0,1,1.0
mIPH,0,1,1,0.0
mIPL,0,1,1,0.0
mIPM,1,0,1,1.0
mIPP,1,5,6,0.17
mIPS,1,0,1,1.0
mIPb,0,4,4,0.0
mIPm,1,0,1,1.0
mIPn,0,1,1,0.0
mIPs,1,2,3,0.33
mIPt,0,1,1,0.0
mISH,0,1,1,0.0
mISL,0,1,1,0.0
mISM,3,0,3,1.0
mISN,1,0,1,1.0
mISS,1,0,1,1.0
mISn,1,2,3,0.33
mIbB,2,1,3,0.67
mIbH,1,0,1,1.0
mIbM,4,0,4,1.0
mIbN,1,0,1,1.0
mIbP,2,0,2,1.0
mIbS,1,2,3,0.33
mIbb,1,1,2,0.5
mIbl,0,1,1,0.0
mIbm,0,2,2,0.0
mIbn,1,3,4,0.25
mIlB,1,0,1,1.0
mIlJ,0,1,1,0.0
mIlN,0,1,1,0.0
mIlS,1,0,1,1.0
mIlb,1,1,2,0.5
mIlm,0,3,3,0.0
mIln,1,2,3,0.33
mImH,1,0,1,1.0
mImL,0,0,0,
mImN,0,1,1,0.0
mImP,1,0,1,1.0
mImb,1,1,2,0.5
mImm,1,2,3,0.33
mImn,1,0,1,1.0
mInD,0,1,1,0.0
mInH,0,1,1,0.0
mInM,1,1,2,0.5
mInN,2,0,2,1.0
mInP,1,1,2,0.5
mInb,1,1,2,0.5
mInl,1,0,1,1.0
mInm,3,1,4,0.75
mInn,1,1,2,0.5
mIns,1,1,2,0.5
mIsB,1,0,1,1.0
mIsI,1,0,1,1.0
mIsL,0,1,1,0.0
mIsM,0,1,1,0.0
mIsN,1,0,1,1.0
mIsS,1,0,1,1.0
mIsb,2,1,3,0.67
mIsm,1,0,1,1.0
mItn,1,0,1,1.0
mJBL,2,1,3,0.67
mJBM,0,2,2,0.0
mJBN,0,1,1,0.0
mJBP,0,2,2,0.0
mJBS,1,1,2,0.5
mJBb,1,0,1,1.0
mJBj,0,0,0,
mJBl,1,1,2,0.5
mJBm,1,0,1,1.0
mJBn,5,3,8,0.62
mJBs,1,0,1,1.0
mJBt,1,0,1,1.0
mJHB,0,1,1,0.0
mJHK,0,1,1,0.0
mJHM,1,2,3,0.33
mJHN,1,1,2,0.5
mJHP,0,6,6,0.0
mJHS,0,5,5,0.0
mJHb,0,5,5,0.0
mJHh,0,2,2,0.0
mJHl,2,0,2,1.0
mJHm,2,1,3,0.67
mJHn,0,1,1,0.0
mJHs,0,1,1,0.0
mJIM,0,0,0,
mJIb,0,1,1,0.0
mJIn,0,0,0,
mJIs,0,1,1,0.0
mJKN,0,0,0,
mJKP,1,1,2,0.5
mJKS,1,0,1,1.0
mJKh,0,1,1,0.0
mJKm,1,0,1,1.0
mJLB,1,0,1,1.0
mJLD,1,0,1,1.0
mJLL,2,0,2,1.0
mJLM,1,1,2,0.5
mJLN,0,2,2,0.0
mJLP,0,1,1,0.0
mJLS,0,1,1,0.0
mJLb,1,0,1,1.0
mJLh,1,1,2,0.5
mJLj,1,0,1,1.0
mJLl,3,0,3,1.0
mJLm,1,0,1,1.0
mJLn,0,3,3,0.0
mJMB,1,3,4,0.25
mJML,3,2,5,0.6
mJMM,4,2,6,0.67
mJMN,2,4,6,0.33
mJMP,3,3,6,0.5
mJMS,0,1,1,0.0
mJMb,1,1,2,0.5
mJMh,0,4,4,0.0
mJMj,1,0,1,1.0
mJMl,0,3,3,0.0
mJMm,4,0,4,1.0
mJMn,6,1,7,0.86
mJMs,1,1,2,0.5
mJMt,1,0,1,1.0
mJNB,0,1,1,0.0
mJNH,1,0,1,1.0
mJNK,0,1,1,0.0
mJNL,0,2,2,0.0
mJNM,4,4,8,0.5
mJNN,4,4,8,0.5
mJNP,3,7,10,0.3
mJNS,0,1,1,0.0
mJNb,2,2,4,0.5
mJNh,3,2,5,0.6
mJNl,1,3,4,0.25
mJNm,2,1,3,0.67
mJNn,4,2,6,0.67
mJNs,0,3,3,0.0
mJPB,3,2,5,0.6
mJPH,1,0,1,1.0
mJPL,2,1,3,0.67
mJPM,5,8,13,0.38
mJPN,6,4,10,0.6
mJPP,5,4,9,0.56
mJPS,1,2,3,0.33
mJPb,2,1,3,0.67
mJPl,1,4,5,0.2
mJPm,1,1,2,0.5
mJPn,3,2,5,0.6
mJPs,2,2,4,0.5
mJPt,0,0,0,
mJSB,1,1,2,0.5
mJSH,0,3,3,0.0
mJSL,1,0,1,1.0
mJSM,5,1,6,0.83
mJSN,0,0,0,
mJSP,1,3,4,0.25
mJSS,2,1,3,0.67
mJSb,1,2,3,0.33
mJSh,1,0,1,1.0
mJSl,1,0,1,1.0
mJSm,0,1,1,0.0
mJSn,1,4,5,0.2
mJSs,1,3,4,0.25
mJbB,3,3,6,0.5
mJbD,0,0,0,
mJbK,0,1,1,0.0
mJbL,1,0,1,1.0
mJbM,2,3,5,0.4
mJbN,1,3,4,0.25
mJbP,2,3,5,0.4
mJbS,1,0,1,1.0
mJbb,2,4,6,0.33
mJbl,3,2,5,0.6
mJbm,3,2,5,0.6
mJbn,2,3,5,0.4
mJbs,2,0,2,1.0
mJhL,0,0,0,
mJhM,1,0,1,1.0
mJhh,1,0,1,1.0
mJhl,1,0,1,1.0
mJlB,1,0,1,1.0
mJlD,0,0,0,
mJlH,0,1,1,0.0
mJlJ,0,1,1,0.0
mJlL,0,1,1,0.0
mJlM,1,1,2,0.5
mJlN,0,1,1,0.0
mJlP,3,1,4,0.75
mJlS,0,2,2,0.0
mJlb,1,1,2,0.5
mJln,1,1,2,0.5
mJmB,2,1,3,0.67
mJmD,0,1,1,0.0
mJmH,1,3,4,0.25
mJmJ,0,1,1,0.0
mJmK,1,0,1,1.0
mJmL,1,0,1,1.0
mJmM,2,0,2,1.0
mJmN,3,2,5,0.6
mJmP,1,1,2,0.5
mJmS,1,1,2,0.5
mJml,2,0,2,1.0
mJmm,1,2,3,0.33
mJmn,1,2,3,0.33
mJms,1,1,2,0.5
mJnB,4,0,4,1.0
mJnH,0,5,5,0.0
mJnL,2,1,3,0.67
mJnM,4,3,7,0.57
mJnN,5,5,10,0.5
mJnP,3,3,6,0.5
mJnS,0,3,3,0.0
mJnb,3,1,4,0.75
mJnl,0,1,1,0.0
mJnm,1,2,3,0.33
mJnn,1,3,4,0.25
mJns,3,2,5,0.6
mJsB,0,2,2,0.0
mJsD,1,0,1,1.0
mJsH,0,2,2,0.0
mJsM,1,7,8,0.12
mJsN,1,0,1,1.0
mJsP,2,0,2,1.0
mJsS,0,2,2,0.0
mJsb,1,0,1,1.0
mJsl,1,1,2,0.5
mJsm,3,0,3,1.0
mJsn,2,4,6,0.33
mJtM,1,0,1,1.0
mJtN,3,0,3,1.0
mJtP,0,1,1,0.0
mJtS,1,1,2,0.5
mJtm,2,0,2,1.0
mJtn,0,1,1,0.0
mKBN,1,0,1,1.0
mKBb,1,0,1,1.0
mKBm,1,0,1,1.0
mKHP,0,1,1,0.0
mKMN,1,0,1,1.0
mKNM,0,1,1,0.0
mKNn,0,1,1,0.0
mKPD,0,0,0,
mKPN,1,0,1,1.0
mKSM,0,1,1,0.0
mKSh,1,0,1,1.0
mKbJ,0,1,1,0.0
mKbn,0,1,1,0.0
mKbs,0,1,1,0.0
mKlP,0,1,1,0.0
mKnB,1,0,1,1.0
mKsm,1,0,1,1.0
mLBB,4,3,7,0.57
mLBK,0,0,0,
mLBL,1,2,3,0.33
mLBM,2,0,2,1.0
mLBN,3,4,7,0.43
mLBP,3,3,6,0.5
mLBS,1,3,4,0.25
mLBb,5,2,7,0.71
mLBj,0,0,0,
mLBl,1,0,1,1.0
mLBm,3,3,6,0.5
mLBn,3,5,8,0.38
mLBs,1,0,1,1.0
mLDP,0,1,1,0.0
mLHL,1,0,1,1.0
mLHm,1,1,2,0.5
mLKh,1,0,1,1.0
mLKm,0,1,1,0.0
mLKs,0,0,0,
mLLL,0,1,1,0.0
mLLM,1,0,1,1.0
mLLN,2,4,6,0.33
mLLP,3,0,3,1.0
mLLS,0,2,2,0.0
mLLb,1,1,2,0.5
mLLh,1,1,2,0.5
mLLn,3,1,4,0.75
mLLs,2,0,2,1.0
mLMB,3,1,4,0.75
mLML,1,0,1,1.0
mLMM,3,2,5,0.6
mLMN,3,2,5,0.6
mLMP,5,9,14,0.36
mLMS,1,4,5,0.2
mLMb,5,2,7,0.71
mLMh,4,4,8,0.5
mLMj,0,2,2,0.0
mLMl,1,2,3,0.33
mLMm,1,1,2,0.5
mLMn,4,6,10,0.4
mLMs,1,3,4,0.25
mLMt,1,1,2,0.5
mLNB,2,3,5,0.4
mLND,1,1,2,0.5
mLNH,0,2,2,0.0
mLNL,0,1,1,0.0
mLNM,0,7,7,0.0
mLNN,3,8,11,0.27
mLNP,5,7,12,0.42
mLNS,4,5,9,0.44
mLNb,2,4,6,0.33
mLNh,1,4,5,0.2
mLNl,2,1,3,0.67
mLNm,5,1,6,0.83
mLNn,8,6,14,0.57
mLNs,3,3,6,0.5
mLNt,1,0,1,1.0
mLPB,5,1,6,0.83
mLPD,1,0,1,1.0
mLPH,1,1,2,0.5
mLPK,0,1,1,0.0
mLPL,3,1,4,0.75
mLPM,3,4,7,0.43
mLPN,5,9,14,0.36
mLPP,11,7,18,0.61
mLPS,2,2,4,0.5
mLPb,2,1,3,0.67
mLPl,1,3,4,0.25
mLPm,5,1,6,0.83
mLPn,3,6,9,0.33
mLPs,3,1,4,0.75
mLPt,2,2,4,0.5
mLSB,1,0,1,1.0
mLSL,0,2,2,0.0
mLSM,4,3,7,0.57
mLSN,1,4,5,0.2
mLSP,5,5,10,0.5
mLSS,0,3,3,0.0
mLSb,0,1,1,0.0
mLSh,2,2,4,0.5
mLSl,4,0,4,1.0
mLSm,2,3,5,0.4
mLSn,1,2,3,0.33
mLSs,1,2,3,0.33
mLSt,0,0,0,
mLbB,5,4,9,0.56
mLbD,0,2,2,0.0
mLbH,2,0,2,1.0
mLbI,0,1,1,0.0
mLbJ,1,1,2,0.5
mLbL,1,2,3,0.33
mLbM,2,1,3,0.67
mLbN,3,12,15,0.2
mLbP,5,3,8,0.62
mLbS,0,1,1,0.0
mLbb,4,4,8,0.5
mLbl,0,1,1,0.0
mLbm,4,1,5,0.8
mLbn,3,1,4,0.75
mLbs,2,2,4,0.5
mLhB,0,5,5,0.0
mLhL,0,1,1,0.0
mLhM,3,1,4,0.75
mLhN,4,3,7,0.57
mLhP,0,1,1,0.0
mLhS,1,1,2,0.5
mLhb,3,1,4,0.75
mLhh,0,1,1,0.0
mLhl,1,0,1,1.0
mLhm,4,4,8,0.5
mLhn,3,7,10,0.3
mLhs,1,1,2,0.5
mLht,0,1,1,0.0
mLjB,1,0,1,1.0
mLjK,0,1,1,0.0
mLjL,1,0,1,1.0
mLjM,0,1,1,0.0
mLjN,0,2,2,0.0
mLjP,2,2,4,0.5
mLjS,2,1,3,0.67
mLjb,4,0,4,1.0
mLjl,0,0,0,
mLjm,2,1,3,0.67
mLjn,2,0,2,1.0
mLjs,1,1,2,0.5
mLlB,4,0,4,1.0
mLlH,2,1,3,0.67
mLlJ,1,0,1,1.0
mLlL,1,2,3,0.33
mLlM,4,1,5,0.8
mLlN,2,4,6,0.33
mLlP,1,3,4,0.25
mLlS,1,2,3,0.33
mLlb,4,2,6,0.67
mLlm,0,1,1,0.0
mLln,0,1,1,0.0
mLls,0,1,1,0.0
mLmB,1,7,8,0.12
mLmH,2,3,5,0.4
mLmJ,1,1,2,0.5
mLmL,1,0,1,1.0
mLmM,4,2,6,0.67
mLmN,1,3,4,0.25
mLmP,3,1,4,0.75
mLmS,1,4,5,0.2
mLmb,4,1,5,0.8
mLml,2,1,3,0.67
mLmm,1,0,1,1.0
mLmn,2,2,4,0.5
mLms,2,1,3,0.67
mLnB,5,5,10,0.5
mLnD,3,0,3,1.0
mLnH,4,4,8,0.5
mLnI,1,0,1,1.0
mLnK,1,1,2,0.5
mLnL,2,3,5,0.4
mLnM,3,8,11,0.27
mLnN,10,7,17,0.59
mLnP,12,8,20,0.6
mLnS,5,7,12,0.42
mLnb,3,3,6,0.5
mLnh,0,1,1,0.0
mLnl,2,3,5,0.4
mLnm,5,7,12,0.42
mLnn,15,10,25,0.6
mLns,6,2,8,0.75
mLsB,0,1,1,0.0
mLsH,2,3,5,0.4
mLsI,0,0,0,
mLsL,2,2,4,0.5
mLsM,2,4,6,0.33
mLsN,0,1,1,0.0
mLsP,2,2,4,0.5
mLsS,4,4,8,0.5
mLsb,1,4,5,0.2
mLsl,2,0,2,1.0
mLsm,2,1,3,0.67
mLsn,2,4,6,0.33
mLss,3,0,3,1.0
mLtL,0,2,2,0.0
mLtM,0,1,1,0.0
mLtN,2,2,4,0.5
mLtS,1,1,2,0.5
mLtb,1,0,1,1.0
mLtn,2,0,2,1.0
mLts,0,1,1,0.0
mMBB,4,4,8,0.5
mMBD,1,1,2,0.5
mMBK,1,0,1,1.0
mMBL,0,5,5,0.0
mMBM,9,3,12,0.75
mMBN,10,14,24,0.42
mMBP,2,6,8,0.25
mMBS,4,3,7,0.57
mMBb,3,8,11,0.27
mMBh,0,1,1,0.0
mMBj,0,4,4,0.0
mMBl,1,3,4,0.25
mMBm,5,4,9,0.56
mMBn,3,8,11,0.27
mMBs,1,6,7,0.14
mMBt,0,1,1,0.0
mMDH,1,0,1,1.0
mMDN,2,0,2,1.0
mMDP,0,1,1,0.0
mMDn,2,0,2,1.0
mMDs,1,1,2,0.5
mMIB,0,1,1,0.0
mMKB,0,0,0,
mMKM,1,0,1,1.0
mMKN,0,1,1,0.0
mMKh,0,1,1,0.0
mMLB,1,1,2,0.5
mMLD,0,1,1,0.0
mMLL,0,0,0,
mMLM,3,2,5,0.6
mMLN,3,5,8,0.38
mMLP,5,1,6,0.83
mMLS,2,2,4,0.5
mMLb,1,3,4,0.25
mMLh,2,2,4,0.5
mMLj,2,0,2,1.0
mMLl,1,1,2,0.5
mMLm,1,3,4,0.25
mMLn,2,4,6,0.33
mMLt,1,0,1,1.0
mMMB,7,7,14,0.5
mMMD,3,0,3,1.0
mMML,1,1,2,0.5
mMMM,11,7,18,0.61
mMMN,15,11,26,0.58
mMMP,12,14,26,0.46
mMMS,1,8,9,0.11
mMMb,14,13,27,0.52
mMMh,7,10,17,0.41
mMMj,2,3,5,0.4
mMMl,3,4,7,0.43
mMMm,9,10,19,0.47
mMMn,17,23,40,0.42
mMMs,6,5,11,0.55
mMMt,3,5,8,0.38
mMNB,8,12,20,0.4
mMND,1,0,1,1.0
mMNH,3,2,5,0.6
mMNK,0,2,2,0.0
mMNL,3,1,4,0.75
mMNM,6,15,21,0.29
mMNN,16,11,27,0.59
mMNP,16,28,44,0.36
mMNS,6,8,14,0.43
mMNb,10,10,20,0.5
mMNh,7,4,11,0.64
mMNl,5,5,10,0.5
mMNm,12,6,18,0.67
mMNn,20,20,40,0.5
mMNs,5,8,13,0.38
mMNt,2,1,3,0.67
mMPB,13,12,25,0.52
mMPD,0,1,1,0.0
mMPH,3,3,6,0.5
mMPI,1,1,2,0.5
mMPK,1,0,1,1.0
mMPL,1,4,5,0.2
mMPM,10,14,24,0.42
mMPN,13,20,33,0.39
mMPP,19,20,39,0.49
mMPS,11,11,22,0.5
mMPb,10,10,20,0.5
mMPh,0,1,1,0.0
mMPl,9,8,17,0.53
mMPm,14,10,24,0.58
mMPn,14,17,31,0.45
mMPs,4,8,12,0.33
mMSB,8,6,14,0.57
mMSH,1,1,2,0.5
mMSL,1,1,2,0.5
mMSM,8,8,16,0.5
mMSN,11,3,14,0.79
mMSP,12,5,17,0.71
mMSS,5,5,10,0.5
mMSb,6,6,12,0.5
mMSh,7,5,12,0.58
mMSl,7,6,13,0.54
mMSm,8,5,13,0.62
mMSn,4,9,13,0.31
mMSs,3,4,7,0.43
mMSt,1,0,1,1.0
mMbB,12,12,24,0.5
mMbH,5,3,8,0.62
mMbI,0,2,2,0.0
mMbJ,0,4,4,0.0
mMbK,0,1,1,0.0
mMbL,3,2,5,0.6
mMbM,14,12,26,0.54
mMbN,12,18,30,0.4
mMbP,12,6,18,0.67
mMbS,4,9,13,0.31
mMbb,12,6,18,0.67
mMbl,4,5,9,0.44
mMbm,10,5,15,0.67
mMbn,12,12,24,0.5
mMbs,8,6,14,0.57
mMhB,3,4,7,0.43
mMhD,1,1,2,0.5
mMhH,4,2,6,0.67
mMhK,0,1,1,0.0
mMhL,1,2,3,0.33
mMhM,4,6,10,0.4
mMhN,7,17,24,0.29
mMhP,10,11,21,0.48
mMhS,8,8,16,0.5
mMhb,4,12,16,0.25
mMhh,6,10,16,0.38
mMhl,3,3,6,0.5
mMhm,8,11,19,0.42
mMhn,8,6,14,0.57
mMhs,8,7,15,0.53
mMht,2,1,3,0.67
mMjB,4,2,6,0.67
mMjD,2,2,4,0.5
mMjH,0,0,0,
mMjL,2,0,2,1.0
mMjM,1,5,6,0.17
mMjN,3,4,7,0.43
mMjP,1,11,12,0.08
mMjS,2,2,4,0.5
mMjb,2,2,4,0.5
mMjh,1,0,1,1.0
mMjl,3,1,4,0.75
mMjm,1,3,4,0.25
mMjn,4,2,6,0.67
mMjs,1,1,2,0.5
mMjt,0,0,0,
mMlB,2,4,6,0.33
mMlH,3,5,8,0.38
mMlI,1,1,2,0.5
mMlJ,0,1,1,0.0
mMlK,1,0,1,1.0
mMlL,1,3,4,0.25
mMlM,4,4,8,0.5
mMlN,4,4,8,0.5
mMlP,7,7,14,0.5
mMlS,1,4,5,0.2
mMlb,2,8,10,0.2
mMll,3,1,4,0.75
mMlm,1,2,3,0.33
mMln,7,3,10,0.7
mMls,2,1,3,0.67
mMmB,7,7,14,0.5
mMmD,1,1,2,0.5
mMmH,12,10,22,0.55
mMmI,1,0,1,1.0
mMmJ,5,2,7,0.71
mMmL,2,4,6,0.33
mMmM,9,11,20,0.45
mMmN,11,12,23,0.48
mMmP,8,14,22,0.36
mMmS,5,6,11,0.45
mMmb,6,10,16,0.38
mMml,1,0,1,1.0
mMmm,4,6,10,0.4
mMmn,6,9,15,0.4
mMms,8,6,14,0.57
mMnB,14,19,33,0.42
mMnH,12,11,23,0.52
mMnI,2,1,3,0.67
mMnK,1,3,4,0.25
mMnL,10,3,13,0.77
mMnM,25,25,50,0.5
mMnN,19,31,50,0.38
mMnP,20,30,50,0.4
mMnS,7,14,21,0.33
mMnb,18,9,27,0.67
mMnh,1,1,2,0.5
mMnl,7,6,13,0.54
mMnm,18,13,31,0.58
mMnn,31,22,53,0.58
mMns,11,10,21,0.52
mMsB,5,7,12,0.42
mMsD,0,1,1,0.0
mMsH,4,6,10,0.4
mMsI,0,1,1,0.0
mMsL,0,3,3,0.0
mMsM,8,4,12,0.67
mMsN,7,12,19,0.37
mMsP,7,9,16,0.44
mMsS,2,4,6,0.33
mMsb,5,6,11,0.45
mMsl,2,3,5,0.4
mMsm,3,3,6,0.5
mMsn,4,14,18,0.22
mMss,3,11,14,0.21
mMtB,1,1,2,0.5
mMtH,2,4,6,0.33
mMtK,1,0,1,1.0
mMtM,3,0,3,1.0
mMtN,6,0,6,1.0
mMtP,3,5,8,0.38
mMtS,2,3,5,0.4
mMtb,2,3,5,0.4
mMtm,2,1,3,0.67
mMtn,3,5,8,0.38
mMts,1,1,2,0.5
mMtt,1,0,1,1.0
mNBB,7,6,13,0.54
mNBD,1,0,1,1.0
mNBL,4,3,7,0.57
mNBM,3,12,15,0.2
mNBN,11,13,24,0.46
mNBP,11,11,22,0.5
mNBS,4,4,8,0.5
mNBb,8,7,15,0.53
mNBh,2,3,5,0.4
mNBj,2,3,5,0.4
mNBl,6,5,11,0.55
mNBm,1,6,7,0.14
mNBn,18,9,27,0.67
mNBs,4,4,8,0.5
mNBt,2,1,3,0.67
mNDB,1,0,1,1.0
mNDH,2,1,3,0.67
mNDK,1,0,1,1.0
mNDM,1,1,2,0.5
mNDN,2,1,3,0.67
mNDP,1,1,2,0.5
mNDS,1,1,2,0.5
mNDb,2,0,2,1.0
mNDl,0,1,1,0.0
mNDm,1,1,2,0.5
mNDn,2,1,3,0.67
mNHB,1,1,2,0.5
mNHH,0,1,1,0.0
mNHI,1,0,1,1.0
mNHK,1,0,1,1.0
mNHL,4,0,4,1.0
mNHM,4,3,7,0.57
mNHN,3,3,6,0.5
mNHP,2,4,6,0.33
mNHS,2,1,3,0.67
mNHb,4,1,5,0.8
mNHh,0,1,1,0.0
mNHl,0,1,1,0.0
mNHm,1,3,4,0.25
mNHn,3,3,6,0.5
mNHs,4,2,6,0.67
mNKB,1,0,1,1.0
mNKL,0,1,1,0.0
mNKM,1,0,1,1.0
mNKN,1,1,2,0.5
mNKP,4,3,7,0.57
mNKb,1,0,1,1.0
mNKm,1,0,1,1.0
mNKn,2,1,3,0.67
mNKs,1,1,2,0.5
mNLB,1,3,4,0.25
mNLL,2,2,4,0.5
mNLM,1,3,4,0.25
mNLN,8,7,15,0.53
mNLP,3,3,6,0.5
mNLS,1,4,5,0.2
mNLb,5,3,8,0.62
mNLh,2,0,2,1.0
mNLj,0,5,5,0.0
mNLl,1,2,3,0.33
mNLm,6,0,6,1.0
mNLn,10,8,18,0.56
mNLs,2,3,5,0.4
mNLt,3,1,4,0.75
mNMB,14,10,24,0.58
mNML,4,4,8,0.5
mNMM,8,6,14,0.57
mNMN,12,16,28,0.43
mNMP,10,15,25,0.4
mNMS,3,3,6,0.5
mNMb,11,14,25,0.44
mNMh,9,14,23,0.39
mNMj,3,8,11,0.27
mNMl,6,3,9,0.67
mNMm,13,15,28,0.46
mNMn,18,16,34,0.53
mNMs,9,9,18,0.5
mNMt,2,4,6,0.33
mNNB,11,8,19,0.58
mNND,0,3,3,0.0
mNNH,3,3,6,0.5
mNNI,0,0,0,
mNNK,2,0,2,1.0
mNNL,6,1,7,0.86
mNNM,18,16,34,0.53
mNNN,19,32,51,0.37
mNNP,21,21,42,0.5
mNNS,10,7,17,0.59
mNNb,18,17,35,0.51
mNNh,4,7,11,0.36
mNNl,4,9,13,0.31
mNNm,14,8,22,0.64
mNNn,25,38,63,0.4
mNNs,12,12,24,0.5
mNNt,4,5,9,0.44
mNPB,13,8,21,0.62
mNPD,0,1,1,0.0
mNPH,7,10,17,0.41
mNPI,2,0,2,1.0
mNPK,3,3,6,0.5
mNPL,8,3,11,0.73
mNPM,16,21,37,0.43
mNPN,21,30,51,0.41
mNPP,25,31,56,0.45
mNPS,21,15,36,0.58
mNPb,19,24,43,0.44
mNPh,1,0,1,1.0
mNPl,7,8,15,0.47
mNPm,14,17,31,0.45
mNPn,26,26,52,0.5
mNPs,12,12,24,0.5
mNPt,4,3,7,0.57
mNSB,6,1,7,0.86
mNSD,1,1,2,0.5
mNSH,1,2,3,0.33
mNSL,2,2,4,0.5
mNSM,9,10,19,0.47
mNSN,11,12,23,0.48
mNSP,21,16,37,0.57
mNSS,7,7,14,0.5
mNSb,8,8,16,0.5
mNSh,2,8,10,0.2
mNSl,4,2,6,0.67
mNSm,5,6,11,0.45
mNSn,16,11,27,0.59
mNSs,7,7,14,0.5
mNSt,1,5,6,0.17
mNbB,6,10,16,0.38
mNbD,1,2,3,0.33
mNbH,4,4,8,0.5
mNbI,0,1,1,0.0
mNbJ,1,1,2,0.5
mNbK,0,2,2,0.0
mNbL,3,1,4,0.75
mNbM,10,15,25,0.4
mNbN,21,18,39,0.54
mNbP,14,9,23,0.61
mNbS,12,8,20,0.6
mNbb,6,10,16,0.38
mNbl,7,2,9,0.78
mNbm,9,3,12,0.75
mNbn,19,8,27,0.7
mNbs,3,9,12,0.25
mNhD,1,0,1,1.0
mNhH,0,1,1,0.0
mNhI,1,0,1,1.0
mNhL,0,2,2,0.0
mNhM,1,3,4,0.25
mNhN,2,0,2,1.0
mNhP,6,4,10,0.6
mNhS,2,3,5,0.4
mNhb,2,1,3,0.67
mNhh,2,3,5,0.4
mNhl,3,0,3,1.0
mNhm,3,2,5,0.6
mNhn,5,2,7,0.71
mNhs,1,5,6,0.17
mNht,0,2,2,0.0
mNlB,4,2,6,0.67
mNlD,1,0,1,1.0
mNlH,4,4,8,0.5
mNlI,1,0,1,1.0
mNlJ,2,0,2,1.0
mNlL,3,3,6,0.5
mNlM,8,5,13,0.62
mNlN,8,9,17,0.47
mNlP,6,5,11,0.55
mNlS,4,4,8,0.5
mNlb,4,6,10,0.4
mNll,1,3,4,0.25
mNlm,7,3,10,0.7
mNln,8,11,19,0.42
mNls,6,7,13,0.46
mNmB,6,9,15,0.4
mNmD,1,0,1,1.0
mNmH,11,6,17,0.65
mNmI,2,0,2,1.0
mNmJ,0,4,4,0.0
mNmL,1,2,3,0.33
mNmM,11,13,24,0.46
mNmN,6,8,14,0.43
mNmP,17,13,30,0.57
mNmS,8,6,14,0.57
mNmb,8,10,18,0.44
mNml,1,1,2,0.5
mNmm,2,4,6,0.33
mNmn,16,12,28,0.57
mNms,2,3,5,0.4
mNnB,7,11,18,0.39
mNnD,2,3,5,0.4
mNnH,15,13,28,0.54
mNnI,2,0,2,1.0
mNnK,1,4,5,0.2
mNnL,8,5,13,0.62
mNnM,16,24,40,0.4
mNnN,30,23,53,0.57
mNnP,27,39,66,0.41
mNnS,13,7,20,0.65
mNnb,22,10,32,0.69
mNnl,11,5,16,0.69
mNnm,11,15,26,0.42
mNnn,28,26,54,0.52
mNns,6,10,16,0.38
mNsB,4,1,5,0.8
mNsD,1,2,3,0.33
mNsH,8,6,14,0.57
mNsI,5,1,6,0.83
mNsK,1,0,1,1.0
mNsL,3,3,6,0.5
mNsM,11,8,19,0.58
mNsN,4,10,14,0.29
mNsP,6,6,12,0.5
mNsS,8,7,15,0.53
mNsb,12,2,14,0.86
mNsl,5,5,10,0.5
mNsm,5,5,10,0.5
mNsn,12,9,21,0.57
mNss,7,4,11,0.64
mNtB,0,3,3,0.0
mNtD,0,1,1,0.0
mNtH,1,3,4,0.25
mNtK,2,0,2,1.0
mNtM,1,6,7,0.14
mNtN,5,4,9,0.56
mNtP,3,6,9,0.33
mNtS,1,4,5,0.2
mNtb,3,1,4,0.75
mNtl,1,2,3,0.33
mNtm,0,2,2,0.0
mNtn,4,2,6,0.67
mNts,2,0,2,1.0
mNtt,0,2,2,0.0
mPBB,18,11,29,0.62
mPBD,0,2,2,0.0
mPBL,3,3,6,0.5
mPBM,8,5,13,0.62
mPBN,12,8,20,0.6
mPBP,10,17,27,0.37
mPBS,4,4,8,0.5
mPBb,11,9,20,0.55
mPBh,1,1,2,0.5
mPBj,3,2,5,0.6
mPBl,4,5,9,0.44
mPBm,9,3,12,0.75
mPBn,13,16,29,0.45
mPBs,5,3,8,0.62
mPBt,1,1,2,0.5
mPDB,1,0,1,1.0
mPDH,1,0,1,1.0
mPDI,0,1,1,0.0
mPDM,2,2,4,0.5
mPDN,0,1,1,0.0
mPDP,2,1,3,0.67
mPDS,1,1,2,0.5
mPDb,0,2,2,0.0
mPDl,0,2,2,0.0
mPDm,1,1,2,0.5
mPDn,1,2,3,0.33
mPDs,0,2,2,0.0
mPHB,4,2,6,0.67
mPHD,1,0,1,1.0
mPHH,3,0,3,1.0
mPHI,1,0,1,1.0
mPHK,1,2,3,0.33
mPHL,2,4,6,0.33
mPHM,4,1,5,0.8
mPHN,8,4,12,0.67
mPHP,8,10,18,0.44
mPHS,4,3,7,0.57
mPHb,4,7,11,0.36
mPHh,0,2,2,0.0
mPHl,2,1,3,0.67
mPHm,1,6,7,0.14
mPHn,6,4,10,0.6
mPHs,1,4,5,0.2
mPIB,2,1,3,0.67
mPIH,0,1,1,0.0
mPIL,2,0,2,1.0
mPIN,2,1,3,0.67
mPIP,1,2,3,0.33
mPIS,1,0,1,1.0
mPIb,0,1,1,0.0
mPIn,2,1,3,0.67
mPIs,0,3,3,0.0
mPKB,1,1,2,0.5
mPKM,1,1,2,0.5
mPKN,0,1,1,0.0
mPKP,0,1,1,0.0
mPKS,0,2,2,0.0
mPKb,1,1,2,0.5
mPKh,1,1,2,0.5
mPKl,0,2,2,0.0
mPKm,2,2,4,0.5
mPKn,1,3,4,0.25
mPLB,7,5,12,0.58
mPLL,3,2,5,0.6
mPLM,8,7,15,0.53
mPLN,2,3,5,0.4
mPLP,6,5,11,0.55
mPLS,7,6,13,0.54
mPLb,6,3,9,0.67
mPLh,3,2,5,0.6
mPLj,3,3,6,0.5
mPLl,5,2,7,0.71
mPLm,5,1,6,0.83
mPLn,7,14,21,0.33
mPLs,3,0,3,1.0
mPLt,2,0,2,1.0
mPMB,9,12,21,0.43
mPMD,2,1,3,0.67
mPML,2,5,7,0.29
mPMM,18,21,39,0.46
mPMN,14,13,27,0.52
mPMP,18,20,38,0.47
mPMS,7,11,18,0.39
mPMb,11,11,22,0.5
mPMh,15,18,33,0.45
mPMj,6,4,10,0.6
mPMl,6,6,12,0.5
mPMm,15,17,32,0.47
mPMn,29,18,47,0.62
mPMs,10,8,18,0.56
mPMt,1,2,3,0.33
mPNB,11,8,19,0.58
mPNH,2,0,2,1.0
mPNK,1,0,1,1.0
mPNL,6,5,11,0.55
mPNM,14,13,27,0.52
mPNN,15,21,36,0.42
mPNP,17,24,41,0.41
mPNS,9,9,18,0.5
mPNb,13,7,20,0.65
mPNh,4,6,10,0.4
mPNl,11,3,14,0.79
mPNm,16,15,31,0.52
mPNn,18,21,39,0.46
mPNs,12,6,18,0.67
mPNt,3,6,9,0.33
mPPB,16,12,28,0.57
mPPD,2,3,5,0.4
mPPH,5,6,11,0.45
mPPI,2,0,2,1.0
mPPK,3,3,6,0.5
mPPL,12,15,27,0.44
mPPM,23,27,50,0.46
mPPN,19,28,47,0.4
mPPP,27,28,55,0.49
mPPS,10,10,20,0.5
mPPb,18,22,40,0.45
mPPh,2,4,6,0.33
mPPl,18,9,27,0.67
mPPm,23,13,36,0.64
mPPn,17,11,28,0.61
mPPs,18,9,27,0.67
mPPt,4,4,8,0.5
mPSB,6,8,14,0.43
mPSD,0,0,0,
mPSH,2,3,5,0.4
mPSK,1,0,1,1.0
mPSL,3,2,5,0.6
mPSM,4,9,13,0.31
mPSN,5,7,12,0.42
mPSP,17,13,30,0.57
mPSS,5,11,16,0.31
mPSb,8,4,12,0.67
mPSh,9,5,14,0.64
mPSl,4,9,13,0.31
mPSm,8,4,12,0.67
mPSn,9,18,27,0.33
mPSs,4,9,13,0.31
mPSt,0,2,2,0.0
mPbB,14,18,32,0.44
mPbD,1,1,2,0.5
mPbH,3,4,7,0.43
mPbI,2,2,4,0.5
mPbJ,3,1,4,0.75
mPbK,0,2,2,0.0
mPbL,3,5,8,0.38
mPbM,18,6,24,0.75
mPbN,24,20,44,0.55
mPbP,17,21,38,0.45
mPbS,8,9,17,0.47
mPbb,17,12,29,0.59
mPbl,7,7,14,0.5
mPbm,9,12,21,0.43
mPbn,14,20,34,0.41
mPbs,1,5,6,0.17
mPhB,3,0,3,1.0
mPhH,0,1,1,0.0
mPhL,0,1,1,0.0
mPhM,2,2,4,0.5
mPhN,3,1,4,0.75
mPhP,2,4,6,0.33
mPhh,0,1,1,0.0
mPhl,0,1,1,0.0
mPhm,1,0,1,1.0
mPhn,2,3,5,0.4
mPhs,0,0,0,
mPht,2,1,3,0.67
mPlB,5,2,7,0.71
mPlD,2,0,2,1.0
mPlH,7,7,14,0.5
mPlJ,1,1,2,0.5
mPlK,0,1,1,0.0
mPlL,2,3,5,0.4
mPlM,7,10,17,0.41
mPlN,12,13,25,0.48
mPlP,11,9,20,0.55
mPlS,5,3,8,0.62
mPlb,12,7,19,0.63
mPll,2,4,6,0.33
mPlm,8,5,13,0.62
mPln,6,13,19,0.32
mPls,3,3,6,0.5
mPmB,9,11,20,0.45
mPmD,1,0,1,1.0
mPmH,4,7,11,0.36
mPmI,0,1,1,0.0
mPmJ,5,2,7,0.71
mPmL,9,3,12,0.75
mPmM,14,12,26,0.54
mPmN,8,17,25,0.32
mPmP,15,11,26,0.58
mPmS,4,2,6,0.67
mPmb,14,9,23,0.61
mPml,2,6,8,0.25
mPmm,12,7,19,0.63
mPmn,12,13,25,0.48
mPms,4,6,10,0.4
mPnB,16,13,29,0.55
mPnD,2,2,4,0.5
mPnH,9,11,20,0.45
mPnI,3,3,6,0.5
mPnK,1,2,3,0.33
mPnL,8,7,15,0.53
mPnM,16,17,33,0.48
mPnN,16,20,36,0.44
mPnP,24,21,45,0.53
mPnS,14,9,23,0.61
mPnb,8,11,19,0.42
mPnh,1,1,2,0.5
mPnl,3,6,9,0.33
mPnm,13,9,22,0.59
mPnn,16,20,36,0.44
mPns,11,15,26,0.42
mPsB,3,5,8,0.38
mPsD,2,2,4,0.5
mPsH,3,8,11,0.27
mPsI,2,1,3,0.67
mPsK,0,0,0,
mPsL,4,1,5,0.8
mPsM,10,6,16,0.62
mPsN,4,8,12,0.33
mPsP,9,8,17,0.53
mPsS,4,8,12,0.33
mPsb,9,4,13,0.69
mPsh,0,1,1,0.0
mPsl,6,3,9,0.67
mPsm,12,7,19,0.63
mPsn,6,7,13,0.46
mPss,2,4,6,0.33
mPtB,0,2,2,0.0
mPtH,0,1,1,0.0
mPtK,1,0,1,1.0
mPtL,0,1,1,0.0
mPtM,2,2,4,0.5
mPtN,0,2,2,0.0
mPtP,2,2,4,0.5
mPtS,3,1,4,0.75
mPtb,2,0,2,1.0
mPtl,1,2,3,0.33
mPtm,1,1,2,0.5
mPtn,3,4,7,0.43
mPts,3,3,6,0.5
mPtt,1,0,1,1.0
mSBB,2,6,8,0.25
mSBD,0,1,1,0.0
mSBM,2,4,6,0.33
mSBN,7,2,9,0.78
mSBP,8,3,11,0.73
mSBS,2,6,8,0.25
mSBb,5,2,7,0.71
mSBh,0,0,0,
mSBj,2,2,4,0.5
mSBl,4,3,7,0.57
mSBm,3,1,4,0.75
mSBn,8,6,14,0.57
mSBs,4,1,5,0.8
mSBt,1,2,3,0.33
mSDB,1,1,2,0.5
mSDD,1,0,1,1.0
mSDH,0,1,1,0.0
mSDN,0,0,0,
mSDP,1,0,1,1.0
mSDS,2,1,3,0.67
mSDm,1,0,1,1.0
mSDn,3,0,3,1.0
mSDs,0,1,1,0.0
mSHB,1,1,2,0.5
mSHH,1,0,1,1.0
mSHL,2,0,2,1.0
mSHM,1,1,2,0.5
mSHN,1,0,1,1.0
mSHP,1,1,2,0.5
mSHS,2,1,3,0.67
mSHb,2,4,6,0.33
mSHh,0,0,0,
mSHl,1,1,2,0.5
mSHm,1,3,4,0.25
mSHn,1,4,5,0.2
mSHs,3,2,5,0.6
mSKS,0,1,1,0.0
mSKn,2,1,3,0.67
mSLB,0,3,3,0.0
mSLK,0,1,1,0.0
mSLL,1,0,1,1.0
mSLM,1,1,2,0.5
mSLN,2,3,5,0.4
mSLP,1,2,3,0.33
mSLS,0,2,2,0.0
mSLb,0,0,0,
mSLh,2,2,4,0.5
mSLj,1,0,1,1.0
mSLl,1,0,1,1.0
mSLm,1,0,1,1.0
mSLn,1,2,3,0.33
mSLs,1,2,3,0.33
mSLt,1,1,2,0.5
mSMB,4,7,11,0.36
mSMD,1,0,1,1.0
mSML,1,3,4,0.25
mSMM,9,7,16,0.56
mSMN,4,5,9,0.44
mSMP,8,4,12,0.67
mSMS,5,3,8,0.62
mSMb,8,7,15,0.53
mSMh,6,4,10,0.6
mSMj,5,1,6,0.83
mSMl,2,3,5,0.4
mSMm,6,4,10,0.6
mSMn,5,6,11,0.45
mSMs,6,3,9,0.67
mSNB,6,4,10,0.6
mSND,0,1,1,0.0
mSNH,1,1,2,0.5
mSNK,0,2,2,0.0
mSNL,2,1,3,0.67
mSNM,8,8,16,0.5
mSNN,8,11,19,0.42
mSNP,10,7,17,0.59
mSNS,1,4,5,0.2
mSNb,10,5,15,0.67
mSNh,1,1,2,0.5
mSNl,6,2,8,0.75
mSNm,0,4,4,0.0
mSNn,14,16,30,0.47
mSNs,1,3,4,0.25
mSNt,1,0,1,1.0
mSPB,8,8,16,0.5
mSPD,1,1,2,0.5
mSPH,1,2,3,0.33
mSPI,1,1,2,0.5
mSPK,2,2,4,0.5
mSPL,7,4,11,0.64
mSPM,10,16,26,0.38
mSPN,10,11,21,0.48
mSPP,15,14,29,0.52
mSPS,3,6,9,0.33
mSPb,9,6,15,0.6
mSPh,2,0,2,1.0
mSPl,6,4,10,0.6
mSPm,9,7,16,0.56
mSPn,9,9,18,0.5
mSPs,7,4,11,0.64
mSPt,2,2,4,0.5
mSSB,2,3,5,0.4
mSSH,1,1,2,0.5
mSSK,0,2,2,0.0
mSSL,1,1,2,0.5
mSSM,8,9,17,0.47
mSSN,5,3,8,0.62
mSSP,8,5,13,0.62
mSSS,6,11,17,0.35
mSSb,5,4,9,0.56
mSSh,3,3,6,0.5
mSSl,3,4,7,0.43
mSSm,3,5,8,0.38
mSSn,4,5,9,0.44
mSSs,9,5,14,0.64
mSSt,1,2,3,0.33
mSbB,5,2,7,0.71
mSbD,1,2,3,0.33
mSbH,3,4,7,0.43
mSbI,2,0,2,1.0
mSbJ,3,1,4,0.75
mSbK,0,1,1,0.0
mSbL,1,1,2,0.5
mSbM,1,3,4,0.25
mSbN,13,5,18,0.72
mSbP,10,6,16,0.62
mSbS,5,4,9,0.56
mSbb,5,7,12,0.42
mSbl,3,4,7,0.43
mSbm,2,1,3,0.67
mSbn,13,5,18,0.72
mSbs,3,1,4,0.75
mShB,2,4,6,0.33
mShH,1,1,2,0.5
mShI,1,0,1,1.0
mShL,1,0,1,1.0
mShM,4,4,8,0.5
mShN,1,6,7,0.14
mShP,5,1,6,0.83
mShS,4,3,7,0.57
mShb,2,5,7,0.29
mShh,5,7,12,0.42
mShl,1,0,1,1.0
mShm,4,4,8,0.5
mShn,3,4,7,0.43
mShs,1,2,3,0.33
mSht,0,3,3,0.0
mSlB,1,1,2,0.5
mSlH,1,1,2,0.5
mSlK,1,0,1,1.0
mSlL,1,1,2,0.5
mSlM,0,4,4,0.0
mSlN,1,4,5,0.2
mSlP,5,7,12,0.42
mSlS,5,0,5,1.0
mSlb,2,4,6,0.33
mSll,1,0,1,1.0
mSlm,3,4,7,0.43
mSln,0,4,4,0.0
mSls,1,1,2,0.5
mSmB,3,6,9,0.33
mSmD,1,0,1,1.0
mSmH,3,4,7,0.43
mSmI,0,1,1,0.0
mSmJ,2,1,3,0.67
mSmL,2,2,4,0.5
mSmM,7,2,9,0.78
mSmN,7,5,12,0.58
mSmP,8,8,16,0.5
mSmS,3,4,7,0.43
mSmb,4,11,15,0.27
mSml,2,4,6,0.33
mSmm,3,3,6,0.5
mSmn,6,11,17,0.35
mSms,2,0,2,1.0
mSnB,4,6,10,0.4
mSnD,0,2,2,0.0
mSnH,2,11,13,0.15
mSnI,2,1,3,0.67
mSnK,0,1,1,0.0
mSnL,3,3,6,0.5
mSnM,10,11,21,0.48
mSnN,15,16,31,0.48
mSnP,10,18,28,0.36
mSnS,7,6,13,0.54
mSnb,6,8,14,0.43
mSnl,2,2,4,0.5
mSnm,9,10,19,0.47
mSnn,9,9,18,0.5
mSns,4,8,12,0.33
mSsB,3,2,5,0.6
mSsD,2,1,3,0.67
mSsH,6,5,11,0.55
mSsI,0,0,0,
mSsL,3,2,5,0.6
mSsM,9,6,15,0.6
mSsN,7,6,13,0.54
mSsP,7,6,13,0.54
mSsS,10,8,18,0.56
mSsb,11,9,20,0.55
mSsl,2,3,5,0.4
mSsm,5,4,9,0.56
mSsn,2,8,10,0.2
mSss,7,3,10,0.7
mStB,1,2,3,0.33
mStH,0,0,0,
mStL,1,0,1,1.0
mStM,2,4,6,0.33
mStN,0,1,1,0.0
mStP,2,1,3,0.67
mStS,2,2,4,0.5
mStb,0,2,2,0.0
mStm,1,1,2,0.5
mStn,3,1,4,0.75
mStt,0,1,1,0.0
mbBB,11,11,22,0.5
mbBH,0,1,1,0.0
mbBK,0,2,2,0.0
mbBL,5,2,7,0.71
mbBM,6,13,19,0.32
mbBN,6,11,17,0.35
mbBP,13,10,23,0.57
mbBS,5,9,14,0.36
mbBb,18,7,25,0.72
mbBh,2,2,4,0.5
mbBj,0,3,3,0.0
mbBl,1,4,5,0.2
mbBm,4,6,10,0.4
mbBn,26,13,39,0.67
mbBs,5,4,9,0.56
mbBt,2,0,2,1.0
mbDB,2,0,2,1.0
mbDH,1,0,1,1.0
mbDI,1,0,1,1.0
mbDN,1,1,2,0.5
mbDP,3,0,3,1.0
mbDS,1,0,1,1.0
mbDb,1,2,3,0.33
mbDl,0,1,1,0.0
mbDm,0,1,1,0.0
mbDs,0,0,0,
mbHB,0,3,3,0.0
mbHH,2,1,3,0.67
mbHI,0,0,0,
mbHK,0,2,2,0.0
mbHL,1,3,4,0.25
mbHM,3,4,7,0.43
mbHN,6,5,11,0.55
mbHP,8,3,11,0.73
mbHS,3,1,4,0.75
mbHb,4,2,6,0.67
mbHh,1,1,2,0.5
mbHl,2,3,5,0.4
mbHm,3,0,3,1.0
mbHn,5,10,15,0.33
mbHs,0,1,1,0.0
mbIH,1,1,2,0.5
mbII,1,0,1,1.0
mbIL,1,1,2,0.5
mbIN,2,2,4,0.5
mbIP,0,6,6,0.0
mbIS,1,2,3,0.33
mbIb,1,0,1,1.0
mbIm,0,0,0,
mbIn,1,3,4,0.25
mbJB,4,4,8,0.5
mbJD,0,0,0,
mbJH,2,1,3,0.67
mbJL,3,0,3,1.0
mbJM,5,5,10,0.5
mbJN,4,4,8,0.5
mbJP,6,5,11,0.55
mbJS,2,0,2,1.0
mbJb,5,3,8,0.62
mbJh,1,1,2,0.5
mbJl,3,2,5,0.6
mbJm,2,1,3,0.67
mbJn,2,1,3,0.67
mbJs,0,2,2,0.0
mbJt,0,0,0,
mbKB,0,0,0,
mbKL,0,2,2,0.0
mbKM,1,1,2,0.5
mbKN,1,1,2,0.5
mbKP,2,0,2,1.0
mbKS,0,0,0,
mbKh,1,0,1,1.0
mbKl,1,1,2,0.5
mbKm,0,1,1,0.0
mbKn,2,0,2,1.0
mbKs,3,0,3,1.0
mbLB,1,3,4,0.25
mbLL,2,2,4,0.5
mbLM,4,4,8,0.5
mbLN,4,2,6,0.67
mbLP,6,8,14,0.43
mbLS,1,3,4,0.25
mbLb,2,1,3,0.67
mbLh,0,2,2,0.0
mbLj,2,2,4,0.5
mbLl,1,2,3,0.33
mbLm,3,5,8,0.38
mbLn,1,4,5,0.2
mbLs,1,4,5,0.2
mbLt,0,2,2,0.0
mbMB,8,8,16,0.5
mbMD,2,3,5,0.4
mbML,1,3,4,0.25
mbMM,9,13,22,0.41
mbMN,13,11,24,0.54
mbMP,13,13,26,0.5
mbMS,7,2,9,0.78
mbMb,9,9,18,0.5
mbMh,3,9,12,0.25
mbMj,5,2,7,0.71
mbMl,5,4,9,0.56
mbMm,10,4,14,0.71
mbMn,23,13,36,0.64
mbMs,1,6,7,0.14
mbMt,0,1,1,0.0
mbNB,16,12,28,0.57
mbND,2,1,3,0.67
mbNH,3,2,5,0.6
mbNL,7,7,14,0.5
mbNM,10,19,29,0.34
mbNN,20,16,36,0.56
mbNP,27,20,47,0.57
mbNS,6,13,19,0.32
mbNb,15,18,33,0.45
mbNh,8,2,10,0.8
mbNl,6,6,12,0.5
mbNm,17,14,31,0.55
mbNn,18,28,46,0.39
mbNs,6,9,15,0.4
mbNt,6,1,7,0.86
mbPB,12,16,28,0.43
mbPD,1,2,3,0.33
mbPH,4,4,8,0.5
mbPI,1,1,2,0.5
mbPK,2,2,4,0.5
mbPL,5,9,14,0.36
mbPM,15,21,36,0.42
mbPN,16,22,38,0.42
mbPP,29,19,48,0.6
mbPS,9,3,12,0.75
mbPb,17,13,30,0.57
mbPh,3,0,3,1.0
mbPl,11,2,13,0.85
mbPm,14,9,23,0.61
mbPn,12,20,32,0.38
mbPs,7,12,19,0.37
mbPt,1,2,3,0.33
mbSB,1,5,6,0.17
mbSH,4,0,4,1.0
mbSL,1,2,3,0.33
mbSM,7,3,10,0.7
mbSN,5,8,13,0.38
mbSP,4,4,8,0.5
mbSS,7,2,9,0.78
mbSb,6,4,10,0.6
mbSh,0,5,5,0.0
mbSl,1,0,1,1.0
mbSm,2,8,10,0.2
mbSn,12,8,20,0.6
mbSs,4,5,9,0.44
mbSt,2,1,3,0.67
mbbB,12,13,25,0.48
mbbD,2,1,3,0.67
mbbH,3,3,6,0.5
mbbI,0,2,2,0.0
mbbJ,5,2,7,0.71
mbbL,3,3,6,0.5
mbbM,11,12,23,0.48
mbbN,15,14,29,0.52
mbbP,17,16,33,0.52
mbbS,9,2,11,0.82
mbbb,21,17,38,0.55
mbbl,2,3,5,0.4
mbbm,4,6,10,0.4
mbbn,17,17,34,0.5
mbbs,3,4,7,0.43
mblB,5,2,7,0.71
mblD,2,0,2,1.0
mblH,5,1,6,0.83
mblI,1,0,1,1.0
mblJ,1,0,1,1.0
mblL,2,0,2,1.0
mblM,4,2,6,0.67
mblN,7,4,11,0.64
mblP,5,3,8,0.62
mblS,0,4,4,0.0
mblb,5,4,9,0.56
mblm,3,0,3,1.0
mbln,3,3,6,0.5
mbls,4,1,5,0.8
mbmB,3,9,12,0.25
mbmH,3,5,8,0.38
mbmI,2,1,3,0.67
mbmJ,1,2,3,0.33
mbmL,2,4,6,0.33
mbmM,7,8,15,0.47
mbmN,11,8,19,0.58
mbmP,8,10,18,0.44
mbmS,5,3,8,0.62
mbmb,6,8,14,0.43
mbml,1,1,2,0.5
mbmm,6,4,10,0.6
mbmn,8,13,21,0.38
mbms,1,3,4,0.25
mbnB,13,9,22,0.59
mbnD,2,1,3,0.67
mbnH,12,7,19,0.63
mbnI,0,1,1,0.0
mbnK,1,1,2,0.5
mbnL,4,3,7,0.57
mbnM,9,14,23,0.39
mbnN,16,15,31,0.52
mbnP,28,14,42,0.67
mbnS,11,4,15,0.73
mbnb,16,17,33,0.48
mbnh,0,1,1,0.0
mbnl,3,4,7,0.43
mbnm,7,7,14,0.5
mbnn,15,19,34,0.44
mbns,3,6,9,0.33
mbsB,2,6,8,0.25
mbsH,4,5,9,0.44
mbsI,1,0,1,1.0
mbsL,1,1,2,0.5
mbsM,5,5,10,0.5
mbsN,6,2,8,0.75
mbsP,4,7,11,0.36
mbsS,3,1,4,0.75
mbsb,5,6,11,0.45
mbsl,2,2,4,0.5
mbsm,4,3,7,0.57
mbsn,6,4,10,0.6
mbss,3,1,4,0.75
mlBB,4,2,6,0.67
mlBD,1,0,1,1.0
mlBK,0,2,2,0.0
mlBL,3,3,6,0.5
mlBM,5,4,9,0.56
mlBN,4,5,9,0.44
mlBP,2,3,5,0.4
mlBS,1,0,1,1.0
mlBb,2,4,6,0.33
mlBl,2,0,2,1.0
mlBm,5,3,8,0.62
mlBn,6,3,9,0.67
mlBs,3,2,5,0.6
mlBt,0,2,2,0.0
mlDH,0,1,1,0.0
mlDP,1,0,1,1.0
mlDb,0,1,1,0.0
mlDn,1,0,1,1.0
mlHB,2,1,3,0.67
mlHD,1,0,1,1.0
mlHH,0,1,1,0.0
mlHI,0,0,0,
mlHK,0,1,1,0.0
mlHL,1,2,3,0.33
mlHM,3,2,5,0.6
mlHN,3,1,4,0.75
mlHP,3,5,8,0.38
mlHS,2,1,3,0.67
mlHb,1,2,3,0.33
mlHh,1,2,3,0.33
mlHl,0,1,1,0.0
mlHm,1,1,2,0.5
mlHn,3,3,6,0.5
mlHs,1,0,1,1.0
mlIB,0,1,1,0.0
mlII,0,0,0,
mlIN,1,0,1,1.0
mlIm,1,0,1,1.0
mlIn,0,1,1,0.0
mlIs,1,0,1,1.0
mlJB,1,0,1,1.0
mlJM,1,1,2,0.5
mlJN,0,1,1,0.0
mlJP,1,0,1,1.0
mlJb,0,1,1,0.0
mlJl,0,1,1,0.0
mlJm,0,1,1,0.0
mlJn,1,1,2,0.5
mlJs,2,0,2,1.0
mlKL,0,1,1,0.0
mlKm,1,1,2,0.5
mlLB,5,2,7,0.71
mlLL,1,0,1,1.0
mlLM,3,1,4,0.75
mlLN,0,1,1,0.0
mlLP,7,2,9,0.78
mlLS,2,2,4,0.5
mlLb,3,2,5,0.6
mlLh,0,1,1,0.0
mlLl,1,1,2,0.5
mlLm,0,2,2,0.0
mlLn,3,3,6,0.5
mlLs,1,2,3,0.33
mlLt,1,0,1,1.0
mlMB,1,4,5,0.2
mlMK,1,0,1,1.0
mlML,1,1,2,0.5
mlMM,2,3,5,0.4
mlMN,3,2,5,0.6
mlMP,7,9,16,0.44
mlMS,4,2,6,0.67
mlMb,4,4,8,0.5
mlMh,5,0,5,1.0
mlMj,3,2,5,0.6
mlMl,3,0,3,1.0
mlMm,3,5,8,0.38
mlMn,7,4,11,0.64
mlMs,0,2,2,0.0
mlMt,0,1,1,0.0
mlNB,2,5,7,0.29
mlND,0,1,1,0.0
mlNH,1,2,3,0.33
mlNL,2,0,2,1.0
mlNM,3,2,5,0.6
mlNN,9,10,19,0.47
mlNP,7,9,16,0.44
mlNS,4,1,5,0.8
mlNb,6,5,11,0.55
mlNh,1,0,1,1.0
mlNl,2,1,3,0.67
mlNm,5,4,9,0.56
mlNn,12,2,14,0.86
mlNs,1,2,3,0.33
mlNt,1,1,2,0.5
mlPB,4,4,8,0.5
mlPD,0,1,1,0.0
mlPH,1,0,1,1.0
mlPK,1,0,1,1.0
mlPL,2,2,4,0.5
mlPM,6,5,11,0.55
mlPN,7,7,14,0.5
mlPP,5,13,18,0.28
mlPS,4,5,9,0.44
mlPb,5,1,6,0.83
mlPl,3,0,3,1.0
mlPm,6,1,7,0.86
mlPn,5,7,12,0.42
mlPs,5,4,9,0.56
mlSB,2,1,3,0.67
mlSL,1,1,2,0.5
mlSM,3,0,3,1.0
mlSN,4,1,5,0.8
mlSP,1,2,3,0.33
mlSb,3,0,3,1.0
mlSh,1,1,2,0.5
mlSl,0,0,0,
mlSm,1,2,3,0.33
mlSn,2,1,3,0.67
mlSs,1,3,4,0.25
mlbB,4,3,7,0.57
mlbH,2,2,4,0.5
mlbI,1,0,1,1.0
mlbJ,1,2,3,0.33
mlbL,1,1,2,0.5
mlbM,6,5,11,0.55
mlbN,10,3,13,0.77
mlbP,2,5,7,0.29
mlbS,2,1,3,0.67
mlbb,7,6,13,0.54
mlbl,2,1,3,0.67
mlbm,2,2,4,0.5
mlbn,4,4,8,0.5
mlbs,2,1,3,0.67
mllB,1,2,3,0.33
mllD,0,1,1,0.0
mllH,0,2,2,0.0
mllL,1,1,2,0.5
mllM,4,1,5,0.8
mllN,3,1,4,0.75
mllP,1,5,6,0.17
mllS,0,2,2,0.0
mllb,3,2,5,0.6
mlll,0,2,2,0.0
mllm,0,1,1,0.0
mlln,1,1,2,0.5
mlls,1,0,1,1.0
mlmB,0,4,4,0.0
mlmJ,0,1,1,0.0
mlmL,1,0,1,1.0
mlmM,5,2,7,0.71
mlmN,2,5,7,0.29
mlmP,0,6,6,0.0
mlmS,3,2,5,0.6
mlmb,5,3,8,0.62
mlml,0,3,3,0.0
mlmm,3,3,6,0.5
mlmn,0,4,4,0.0
mlms,0,1,1,0.0
mlnB,4,2,6,0.67
mlnH,2,1,3,0.67
mlnI,1,2,3,0.33
mlnL,0,1,1,0.0
mlnM,2,3,5,0.4
mlnN,9,8,17,0.53
mlnP,9,6,15,0.6
mlnS,1,6,7,0.14
mlnb,5,0,5,1.0
mlnl,4,1,5,0.8
mlnm,2,2,4,0.5
mlnn,6,5,11,0.55
mlns,1,4,5,0.2
mlsB,0,2,2,0.0
mlsH,0,2,2,0.0
mlsM,4,2,6,0.67
mlsN,3,0,3,1.0
mlsP,4,4,8,0.5
mlsS,1,0,1,1.0
mlsb,1,4,5,0.2
mlsh,1,0,1,1.0
mlsl,1,0,1,1.0
mlsm,0,3,3,0.0
mlsn,0,1,1,0.0
mlss,1,2,3,0.33
mmBB,8,6,14,0.57
mmBK,0,1,1,0.0
mmBL,2,2,4,0.5
mmBM,7,7,14,0.5
mmBN,5,8,13,0.38
mmBP,8,12,20,0.4
mmBS,1,5,6,0.17
mmBb,9,8,17,0.53
mmBh,0,3,3,0.0
mmBj,1,2,3,0.33
mmBl,1,2,3,0.33
mmBm,5,5,10,0.5
mmBn,12,13,25,0.48
mmBs,4,2,6,0.67
mmBt,2,3,5,0.4
mmDB,0,1,1,0.0
mmDH,0,2,2,0.0
mmDS,0,2,2,0.0
mmDl,1,0,1,1.0
mmDm,0,2,2,0.0
mmDn,2,1,3,0.67
mmDt,0,1,1,0.0
mmHB,4,4,8,0.5
mmHD,1,1,2,0.5
mmHH,1,1,2,0.5
mmHK,1,0,1,1.0
mmHL,2,5,7,0.29
mmHM,9,2,11,0.82
mmHN,7,9,16,0.44
mmHP,8,3,11,0.73
mmHS,2,2,4,0.5
mmHb,4,5,9,0.44
mmHh,1,2,3,0.33
mmHl,1,1,2,0.5
mmHm,5,6,11,0.45
mmHn,7,4,11,0.64
mmHs,3,3,6,0.5
mmHt,3,0,3,1.0
mmIB,2,0,2,1.0
mmIM,1,2,3,0.33
mmIN,1,1,2,0.5
mmIb,1,0,1,1.0
mmIl,0,1,1,0.0
mmIm,1,1,2,0.5
mmIn,2,1,3,0.67
mmIs,1,0,1,1.0
mmJB,0,2,2,0.0
mmJH,1,0,1,1.0
mmJK,0,1,1,0.0
mmJL,1,1,2,0.5
mmJM,0,2,2,0.0
mmJN,5,2,7,0.71
mmJP,1,1,2,0.5
mmJS,0,2,2,0.0
mmJn,2,1,3,0.67
mmJs,1,0,1,1.0
mmJt,0,1,1,0.0
mmLB,2,1,3,0.67
mmLL,0,1,1,0.0
mmLM,2,0,2,1.0
mmLN,1,2,3,0.33
mmLP,2,1,3,0.67
mmLS,2,1,3,0.67
mmLb,6,2,8,0.75
mmLh,2,2,4,0.5
mmLj,1,1,2,0.5
mmLl,1,1,2,0.5
mmLm,2,2,4,0.5
mmLn,8,6,14,0.57
mmLs,0,1,1,0.0
mmLt,1,0,1,1.0
mmMB,7,3,10,0.7
mmMD,1,0,1,1.0
mmML,4,0,4,1.0
mmMM,7,8,15,0.47
mmMN,7,12,19,0.37
mmMP,8,9,17,0.47
mmMS,6,8,14,0.43
mmMb,9,6,15,0.6
mmMh,6,6,12,0.5
mmMj,3,3,6,0.5
mmMl,1,5,6,0.17
mmMm,9,7,16,0.56
mmMn,18,8,26,0.69
mmMs,3,5,8,0.38
mmMt,2,1,3,0.67
mmNB,6,4,10,0.6
mmND,0,1,1,0.0
mmNH,3,0,3,1.0
mmNK,1,1,2,0.5
mmNL,0,4,4,0.0
mmNM,15,17,32,0.47
mmNN,25,13,38,0.66
mmNP,14,13,27,0.52
mmNS,8,7,15,0.53
mmNb,7,14,21,0.33
mmNh,3,2,5,0.6
mmNl,3,6,9,0.33
mmNm,9,4,13,0.69
mmNn,19,14,33,0.58
mmNs,3,5,8,0.38
mmNt,2,0,2,1.0
mmPB,8,4,12,0.67
mmPD,1,2,3,0.33
mmPH,4,3,7,0.57
mmPK,0,1,1,0.0
mmPL,2,6,8,0.25
mmPM,16,15,31,0.52
mmPN,16,6,22,0.73
mmPP,12,11,23,0.52
mmPS,1,10,11,0.09
mmPb,6,7,13,0.46
mmPh,1,1,2,0.5
mmPl,2,8,10,0.2
mmPm,5,7,12,0.42
mmPn,13,13,26,0.5
mmPs,1,3,4,0.25
mmPt,2,1,3,0.67
mmSB,6,1,7,0.86
mmSH,2,1,3,0.67
mmSK,1,1,2,0.5
mmSL,3,0,3,1.0
mmSM,4,2,6,0.67
mmSN,3,5,8,0.38
mmSP,5,11,16,0.31
mmSS,2,3,5,0.4
mmSb,5,5,10,0.5
mmSh,3,1,4,0.75
mmSl,4,1,5,0.8
mmSm,3,3,6,0.5
mmSn,8,4,12,0.67
mmSs,4,1,5,0.8
mmSt,0,1,1,0.0
mmbB,12,9,21,0.57
mmbD,1,1,2,0.5
mmbH,4,6,10,0.4
mmbI,0,2,2,0.0
mmbJ,1,3,4,0.25
mmbK,1,0,1,1.0
mmbL,2,3,5,0.4
mmbM,7,10,17,0.41
mmbN,14,11,25,0.56
mmbP,8,10,18,0.44
mmbS,4,3,7,0.57
mmbb,4,10,14,0.29
mmbl,3,3,6,0.5
mmbm,9,1,10,0.9
mmbn,6,10,16,0.38
mmbs,4,3,7,0.57
mmlB,4,3,7,0.57
mmlH,2,1,3,0.67
mmlJ,0,1,1,0.0
mmlK,1,0,1,1.0
mmlM,0,1,1,0.0
mmlN,1,2,3,0.33
mmlP,5,2,7,0.71
mmlS,1,1,2,0.5
mmlb,4,3,7,0.57
mmll,1,0,1,1.0
mmlm,3,1,4,0.75
mmln,1,5,6,0.17
mmls,0,2,2,0.0
mmmB,6,7,13,0.46
mmmH,4,2,6,0.67
mmmI,1,0,1,1.0
mmmJ,3,0,3,1.0
mmmL,1,2,3,0.33
mmmM,5,6,11,0.45
mmmN,11,11,22,0.5
mmmP,3,8,11,0.27
mmmS,0,1,1,0.0
mmmb,5,6,11,0.45
mmml,2,3,5,0.4
mmmm,6,3,9,0.67
mmmn,5,5,10,0.5
mmms,1,2,3,0.33
mmnB,8,7,15,0.53
mmnD,0,1,1,0.0
mmnH,2,2,4,0.5
mmnI,2,1,3,0.67
mmnK,1,0,1,1.0
mmnL,1,3,4,0.25
mmnM,11,5,16,0.69
mmnN,12,17,29,0.41
mmnP,20,12,32,0.62
mmnS,4,3,7,0.57
mmnb,14,8,22,0.64
mmnl,3,3,6,0.5
mmnm,8,6,14,0.57
mmnn,14,14,28,0.5
mmns,1,2,3,0.33
mmsB,2,3,5,0.4
mmsD,0,1,1,0.0
mmsH,3,2,5,0.6
mmsI,1,1,2,0.5
mmsL,1,2,3,0.33
mmsM,1,3,4,0.25
mmsN,3,3,6,0.5
mmsP,2,7,9,0.22
mmsS,2,2,4,0.5
mmsb,4,2,6,0.67
mmsl,0,1,1,0.0
mmsm,2,4,6,0.33
mmsn,4,3,7,0.57
mmss,2,2,4,0.5
mnBB,6,5,11,0.55
mnBK,1,0,1,1.0
mnBL,3,3,6,0.5
mnBM,3,9,12,0.25
mnBN,8,11,19,0.42
mnBP,13,12,25,0.52
mnBS,5,4,9,0.56
mnBb,8,5,13,0.62
mnBh,1,1,2,0.5
mnBj,3,3,6,0.5
mnBl,6,2,8,0.75
mnBm,5,6,11,0.45
mnBn,10,17,27,0.37
mnBs,3,4,7,0.43
mnBt,1,2,3,0.33
mnDB,1,0,1,1.0
mnDH,0,1,1,0.0
mnDL,1,0,1,1.0
mnDM,0,1,1,0.0
mnDN,2,0,2,1.0
mnDP,0,1,1,0.0
mnDS,0,1,1,0.0
mnDb,0,1,1,0.0
mnDl,1,0,1,1.0
mnDm,0,1,1,0.0
mnDn,2,0,2,1.0
mnDs,1,0,1,1.0
mnHB,5,3,8,0.62
mnHH,2,0,2,1.0
mnHI,1,0,1,1.0
mnHK,1,0,1,1.0
mnHL,2,4,6,0.33
mnHM,6,2,8,0.75
mnHN,10,8,18,0.56
mnHP,12,10,22,0.55
mnHS,7,1,8,0.88
mnHb,3,6,9,0.33
mnHh,3,1,4,0.75
mnHl,2,6,8,0.25
mnHm,6,4,10,0.6
mnHn,9,8,17,0.53
mnHs,1,8,9,0.11
mnHt,0,0,0,
mnIB,1,0,1,1.0
mnIH,1,0,1,1.0
mnIL,1,3,4,0.25
mnIM,1,0,1,1.0
mnIN,1,2,3,0.33
mnIP,3,5,8,0.38
mnIS,1,1,2,0.5
mnIb,0,1,1,0.0
mnIm,2,2,4,0.5
mnIn,1,1,2,0.5
mnIs,1,1,2,0.5
mnKB,2,0,2,1.0
mnKM,0,2,2,0.0
mnKN,1,1,2,0.5
mnKP,4,0,4,1.0
mnKS,1,1,2,0.5
mnKh,1,1,2,0.5
mnKm,0,0,0,
mnLB,3,2,5,0.6
mnLL,0,1,1,0.0
mnLM,3,3,6,0.5
mnLN,4,7,11,0.36
mnLP,6,3,9,0.67
mnLS,1,2,3,0.33
mnLb,4,3,7,0.57
mnLh,1,1,2,0.5
mnLj,0,2,2,0.0
mnLl,2,2,4,0.5
mnLm,5,4,9,0.56
mnLn,5,4,9,0.56
mnLs,0,3,3,0.0
mnLt,1,2,3,0.33
mnMB,3,7,10,0.3
mnMD,1,0,1,1.0
mnML,5,2,7,0.71
mnMM,8,9,17,0.47
mnMN,8,17,25,0.32
mnMP,16,12,28,0.57
mnMS,8,9,17,0.47
mnMb,6,16,22,0.27
mnMh,9,10,19,0.47
mnMj,1,3,4,0.25
mnMl,4,5,9,0.44
mnMm,8,7,15,0.53
mnMn,22,15,37,0.59
mnMs,9,8,17,0.53
mnMt,1,3,4,0.25
mnNB,8,11,19,0.42
mnND,0,1,1,0.0
mnNH,6,1,7,0.86
mnNK,0,2,2,0.0
mnNL,4,6,10,0.4
mnNM,9,10,19,0.47
mnNN,19,27,46,0.41
mnNP,25,20,45,0.56
mnNS,8,7,15,0.53
mnNb,21,12,33,0.64
mnNh,4,5,9,0.44
mnNl,12,8,20,0.6
mnNm,15,15,30,0.5
mnNn,26,25,51,0.51
mnNs,19,5,24,0.79
mnNt,4,2,6,0.67
mnPB,11,13,24,0.46
mnPD,0,1,1,0.0
mnPH,3,7,10,0.3
mnPI,1,1,2,0.5
mnPK,3,0,3,1.0
mnPL,6,10,16,0.38
mnPM,19,26,45,0.42
mnPN,20,21,41,0.49
mnPP,35,29,64,0.55
mnPS,14,9,23,0.61
mnPb,9,13,22,0.41
mnPh,1,0,1,1.0
mnPl,9,10,19,0.47
mnPm,16,16,32,0.5
mnPn,21,18,39,0.54
mnPs,10,14,24,0.42
mnPt,3,2,5,0.6
mnSB,7,6,13,0.54
mnSH,2,5,7,0.29
mnSL,2,3,5,0.4
mnSM,7,9,16,0.44
mnSN,11,8,19,0.58
mnSP,13,8,21,0.62
mnSS,4,6,10,0.4
mnSb,8,4,12,0.67
mnSh,4,4,8,0.5
mnSl,6,2,8,0.75
mnSm,8,6,14,0.57
mnSn,9,13,22,0.41
mnSs,5,5,10,0.5
mnSt,3,2,5,0.6
mnbB,12,13,25,0.48
mnbD,0,0,0,
mnbH,3,1,4,0.75
mnbI,2,1,3,0.67
mnbJ,1,2,3,0.33
mnbK,1,0,1,1.0
mnbL,3,3,6,0.5
mnbM,20,9,29,0.69
mnbN,17,29,46,0.37
mnbP,19,11,30,0.63
mnbS,4,4,8,0.5
mnbb,8,8,16,0.5
mnbl,4,3,7,0.57
mnbm,9,7,16,0.56
mnbn,13,11,24,0.54
mnbs,5,3,8,0.62
mnhB,0,1,1,0.0
mnhs,1,0,1,1.0
mnlB,2,4,6,0.33
mnlH,3,1,4,0.75
mnlJ,1,1,2,0.5
mnlK,0,1,1,0.0
mnlL,2,0,2,1.0
mnlM,2,4,6,0.33
mnlN,7,5,12,0.58
mnlP,8,11,19,0.42
mnlS,0,2,2,0.0
mnlb,4,12,16,0.25
mnll,1,0,1,1.0
mnlm,4,2,6,0.67
mnln,4,2,6,0.67
mnls,1,2,3,0.33
mnmB,5,6,11,0.45
mnmD,1,1,2,0.5
mnmH,10,12,22,0.45
mnmI,2,2,4,0.5
mnmJ,3,0,3,1.0
mnmL,2,4,6,0.33
mnmM,12,6,18,0.67
mnmN,12,5,17,0.71
mnmP,9,13,22,0.41
mnmS,7,4,11,0.64
mnmb,8,7,15,0.53
mnml,2,3,5,0.4
mnmm,10,4,14,0.71
mnmn,9,14,23,0.39
mnms,3,0,3,1.0
mnnB,11,18,29,0.38
mnnD,0,2,2,0.0
mnnH,4,10,14,0.29
mnnI,1,1,2,0.5
mnnL,8,4,12,0.67
mnnM,16,13,29,0.55
mnnN,29,16,45,0.64
mnnP,25,21,46,0.54
mnnS,10,9,19,0.53
mnnb,11,15,26,0.42
mnnl,5,8,13,0.38
mnnm,15,10,25,0.6
mnnn,24,14,38,0.63
mnns,12,7,19,0.63
mnsB,4,4,8,0.5
mnsD,1,0,1,1.0
mnsH,5,4,9,0.56
mnsI,1,1,2,0.5
mnsL,0,3,3,0.0
mnsM,1,7,8,0.12
mnsN,13,8,21,0.62
mnsP,6,10,16,0.38
mnsS,5,4,9,0.56
mnsb,7,7,14,0.5
mnsl,4,3,7,0.57
mnsm,5,3,8,0.62
mnsn,10,5,15,0.67
mnss,4,4,8,0.5
msBD,0,0,0,
msBK,1,0,1,1.0
msBL,1,1,2,0.5
msBM,1,2,3,0.33
msBN,3,7,10,0.3
msBP,2,5,7,0.29
msBS,2,2,4,0.5
msBb,2,2,4,0.5
msBh,0,1,1,0.0
msBj,1,2,3,0.33
msBl,4,0,4,1.0
msBm,0,1,1,0.0
msBn,5,4,9,0.56
msBs,3,1,4,0.75
msBt,2,0,2,1.0
msDB,0,1,1,0.0
msDM,1,1,2,0.5
msDP,1,1,2,0.5
msDb,2,1,3,0.67
msDl,1,0,1,1.0
msDn,1,1,2,0.5
msDs,0,2,2,0.0
msHB,4,4,8,0.5
msHD,0,1,1,0.0
msHH,3,1,4,0.75
msHI,1,0,1,1.0
msHK,1,0,1,1.0
msHL,0,1,1,0.0
msHM,3,5,8,0.38
msHN,7,10,17,0.41
msHP,4,7,11,0.36
msHS,5,6,11,0.45
msHb,1,4,5,0.2
msHh,2,4,6,0.33
msHl,2,1,3,0.67
msHm,3,3,6,0.5
msHn,5,7,12,0.42
msHs,4,2,6,0.67
msHt,0,0,0,
msIB,2,0,2,1.0
msIH,2,2,4,0.5
msIM,1,0,1,1.0
msIN,1,0,1,1.0
msIP,1,1,2,0.5
msIb,0,1,1,0.0
msIm,1,0,1,1.0
msIn,0,1,1,0.0
msIt,0,0,0,
msKS,1,0,1,1.0
msLB,1,1,2,0.5
msLL,0,0,0,
msLM,0,1,1,0.0
msLN,0,2,2,0.0
msLP,2,1,3,0.67
msLS,0,1,1,0.0
msLb,0,2,2,0.0
msLh,1,0,1,1.0
msLj,1,1,2,0.5
msLl,1,0,1,1.0
msLm,2,1,3,0.67
msLn,3,3,6,0.5
msLs,2,1,3,0.67
msMB,3,1,4,0.75
msML,1,3,4,0.25
msMM,3,7,10,0.3
msMN,9,3,12,0.75
msMP,5,4,9,0.56
msMS,2,2,4,0.5
msMb,9,5,14,0.64
msMh,6,4,10,0.6
msMj,0,1,1,0.0
msMl,3,5,8,0.38
msMm,2,0,2,1.0
msMn,4,10,14,0.29
msMs,1,1,2,0.5
msMt,0,2,2,0.0
msNB,2,0,2,1.0
msNH,0,1,1,0.0
msNL,2,2,4,0.5
msNM,5,8,13,0.38
msNN,12,6,18,0.67
msNP,13,9,22,0.59
msNS,7,3,10,0.7
msNb,1,6,7,0.14
msNh,2,1,3,0.67
msNl,5,2,7,0.71
msNm,3,4,7,0.43
msNn,13,9,22,0.59
msNs,4,3,7,0.57
msNt,1,2,3,0.33
msPB,1,2,3,0.33
msPH,0,1,1,0.0
msPL,5,0,5,1.0
msPM,7,6,13,0.54
msPN,13,13,26,0.5
msPP,10,8,18,0.56
msPS,5,5,10,0.5
msPb,5,9,14,0.36
msPh,1,1,2,0.5
msPl,1,4,5,0.2
msPm,6,4,10,0.6
msPn,11,5,16,0.69
msPs,7,3,10,0.7
msPt,3,0,3,1.0
msSB,2,5,7,0.29
msSD,0,2,2,0.0
msSH,1,3,4,0.25
msSK,0,0,0,
msSL,1,3,4,0.25
msSM,4,5,9,0.44
msSN,2,2,4,0.5
msSP,5,6,11,0.45
msSS,4,2,6,0.67
msSb,2,9,11,0.18
msSh,1,2,3,0.33
msSl,2,2,4,0.5
msSm,3,1,4,0.75
msSn,4,7,11,0.36
msSs,8,1,9,0.89
msSt,2,1,3,0.67
msbB,2,5,7,0.29
msbD,1,1,2,0.5
msbH,2,0,2,1.0
msbJ,1,1,2,0.5
msbK,0,3,3,0.0
msbL,3,1,4,0.75
msbM,5,4,9,0.56
msbN,3,9,12,0.25
msbP,5,1,6,0.83
msbS,3,1,4,0.75
msbb,5,5,10,0.5
msbl,0,2,2,0.0
msbm,2,5,7,0.29
msbn,5,2,7,0.71
msbs,1,5,6,0.17
mshb,0,0,0,
mslB,2,1,3,0.67
mslH,0,1,1,0.0
mslI,1,0,1,1.0
mslJ,1,0,1,1.0
mslL,0,2,2,0.0
mslM,0,3,3,0.0
mslN,0,3,3,0.0
mslP,1,4,5,0.2
mslS,3,1,4,0.75
mslb,6,1,7,0.86
mslm,5,1,6,0.83
msln,2,1,3,0.67
msls,2,1,3,0.67
msmB,4,2,6,0.67
msmD,0,1,1,0.0
msmH,6,3,9,0.67
msmI,1,0,1,1.0
msmL,3,0,3,1.0
msmM,3,5,8,0.38
msmN,5,10,15,0.33
msmP,5,3,8,0.62
msmS,2,0,2,1.0
msmb,3,1,4,0.75
msml,2,2,4,0.5
msmm,2,1,3,0.67
msmn,2,2,4,0.5
msms,1,2,3,0.33
msnB,4,1,5,0.8
msnD,2,2,4,0.5
msnH,3,4,7,0.43
msnK,0,1,1,0.0
msnL,1,1,2,0.5
msnM,4,4,8,0.5
msnN,9,6,15,0.6
msnP,5,11,16,0.31
msnS,6,1,7,0.86
msnb,1,3,4,0.25
msnl,4,2,6,0.67
msnm,2,4,6,0.33
msnn,9,7,16,0.56
msns,4,4,8,0.5
mssB,2,1,3,0.67
mssH,0,5,5,0.0
mssK,1,0,1,1.0
mssL,3,3,6,0.5
mssM,4,0,4,1.0
mssN,3,3,6,0.5
mssP,2,2,4,0.5
mssS,1,5,6,0.17
mssb,5,0,5,1.0
mssl,0,2,2,0.0
mssm,1,4,5,0.2
mssn,11,2,13,0.85
msss,5,7,12,0.42
n,0,1,1,0.0
nBBB,9,12,21,0.43
nBBK,1,0,1,1.0
nBBL,3,1,4,0.75
nBBM,5,7,12,0.42
nBBN,11,19,30,0.37
nBBP,21,10,31,0.68
nBBS,4,6,10,0.4
nBBb,9,9,18,0.5
nBBh,2,1,3,0.67
nBBj,2,3,5,0.4
nBBl,3,3,6,0.5
nBBm,5,6,11,0.45
nBBn,13,10,23,0.57
nBBs,4,6,10,0.4
nBBt,3,1,4,0.75
nBDH,0,0,0,
nBDM,1,0,1,1.0
nBDN,2,1,3,0.67
nBDP,1,1,2,0.5
nBDb,1,0,1,1.0
nBDm,0,1,1,0.0
nBDs,1,1,2,0.5
nBHM,0,1,1,0.0
nBHm,1,0,1,1.0
nBHs,0,1,1,0.0
nBKB,2,1,3,0.67
nBKM,0,1,1,0.0
nBKN,0,1,1,0.0
nBKP,1,0,1,1.0
nBKb,4,0,4,1.0
nBKl,1,0,1,1.0
nBKm,1,0,1,1.0
nBKn,2,1,3,0.67
nBKt,0,1,1,0.0
nBLB,7,4,11,0.64
nBLL,1,0,1,1.0
nBLM,3,0,3,1.0
nBLN,4,4,8,0.5
nBLP,2,1,3,0.67
nBLS,2,6,8,0.25
nBLb,5,2,7,0.71
nBLh,1,1,2,0.5
nBLj,3,4,7,0.43
nBLl,3,2,5,0.6
nBLm,4,2,6,0.67
nBLn,5,6,11,0.45
nBLs,1,1,2,0.5
nBLt,1,1,2,0.5
nBMB,5,5,10,0.5
nBMD,2,0,2,1.0
nBML,4,2,6,0.67
nBMM,6,15,21,0.29
nBMN,18,7,25,0.72
nBMP,8,13,21,0.38
nBMS,3,4,7,0.43
nBMb,13,11,24,0.54
nBMh,9,8,17,0.53
nBMj,2,3,5,0.4
nBMl,5,4,9,0.56
nBMm,15,6,21,0.71
nBMn,15,18,33,0.45
nBMs,3,6,9,0.33
nBMt,2,2,4,0.5
nBNB,8,9,17,0.47
nBND,1,0,1,1.0
nBNH,4,3,7,0.57
nBNK,0,0,0,
nBNL,4,2,6,0.67
nBNM,10,12,22,0.45
nBNN,18,11,29,0.62
nBNP,19,27,46,0.41
nBNS,2,8,10,0.2
nBNb,9,11,20,0.45
nBNh,9,5,14,0.64
nBNl,10,2,12,0.83
nBNm,9,14,23,0.39
nBNn,23,25,48,0.48
nBNs,10,11,21,0.48
nBNt,1,3,4,0.25
nBPB,11,18,29,0.38
nBPD,0,2,2,0.0
nBPH,5,2,7,0.71
nBPI,1,0,1,1.0
nBPK,2,1,3,0.67
nBPL,1,4,5,0.2
nBPM,7,13,20,0.35
nBPN,23,23,46,0.5
nBPP,25,24,49,0.51
nBPS,5,10,15,0.33
nBPb,21,11,32,0.66
nBPh,0,0,0,
nBPl,14,11,25,0.56
nBPm,10,7,17,0.59
nBPn,14,13,27,0.52
nBPs,8,10,18,0.44
nBPt,5,1,6,0.83
nBSB,6,1,7,0.86
nBSD,0,2,2,0.0
nBSH,3,1,4,0.75
nBSL,3,1,4,0.75
nBSM,3,5,8,0.38
nBSN,9,4,13,0.69
nBSP,12,12,24,0.5
nBSS,4,3,7,0.57
nBSb,3,3,6,0.5
nBSh,0,5,5,0.0
nBSl,3,2,5,0.6
nBSm,3,4,7,0.43
nBSn,14,14,28,0.5
nBSs,6,2,8,0.75
nBbB,10,8,18,0.56
nBbD,1,1,2,0.5
nBbH,5,4,9,0.56
nBbI,2,1,3,0.67
nBbJ,3,1,4,0.75
nBbK,2,1,3,0.67
nBbL,6,6,12,0.5
nBbM,14,11,25,0.56
nBbN,15,5,20,0.75
nBbP,9,11,20,0.45
nBbS,9,5,14,0.64
nBbb,6,8,14,0.43
nBbl,5,5,10,0.5
nBbm,5,5,10,0.5
nBbn,12,11,23,0.52
nBbs,3,3,6,0.5
nBhB,0,1,1,0.0
nBhL,0,0,0,
nBhM,1,2,3,0.33
nBhN,0,2,2,0.0
nBhP,3,1,4,0.75
nBhS,0,1,1,0.0
nBhb,0,0,0,
nBhl,2,0,2,1.0
nBhn,1,0,1,1.0
nBhs,2,0,2,1.0
nBjB,3,5,8,0.38
nBjH,0,3,3,0.0
nBjK,1,0,1,1.0
nBjL,2,1,3,0.67
nBjM,4,6,10,0.4
nBjN,5,4,9,0.56
nBjP,2,3,5,0.4
nBjS,4,2,6,0.67
nBjb,1,5,6,0.17
nBjl,0,4,4,0.0
nBjm,1,1,2,0.5
nBjn,3,7,10,0.3
nBjs,3,3,6,0.5
nBjt,1,0,1,1.0
nBlB,0,4,4,0.0
nBlH,5,5,10,0.5
nBlI,0,1,1,0.0
nBlJ,0,1,1,0.0
nBlL,3,5,8,0.38
nBlM,9,2,11,0.82
nBlN,4,6,10,0.4
nBlP,4,6,10,0.4
nBlS,3,1,4,0.75
nBlb,5,6,11,0.45
nBll,3,2,5,0.6
nBlm,1,4,5,0.2
nBln,5,7,12,0.42
nBls,1,2,3,0.33
nBmB,10,3,13,0.77
nBmD,0,1,1,0.0
nBmH,8,6,14,0.57
nBmI,0,0,0,
nBmJ,3,2,5,0.6
nBmL,4,2,6,0.67
nBmM,11,12,23,0.48
nBmN,10,17,27,0.37
nBmP,9,8,17,0.53
nBmS,5,6,11,0.45
nBmb,6,13,19,0.32
nBml,0,0,0,
nBmm,8,8,16,0.5
nBmn,12,16,28,0.43
nBms,0,2,2,0.0
nBnB,8,7,15,0.53
nBnD,2,0,2,1.0
nBnH,7,3,10,0.7
nBnI,3,4,7,0.43
nBnK,0,1,1,0.0
nBnL,6,4,10,0.6
nBnM,13,15,28,0.46
nBnN,25,23,48,0.52
nBnP,26,31,57,0.46
nBnS,11,17,28,0.39
nBnb,13,19,32,0.41
nBnh,0,1,1,0.0
nBnl,5,6,11,0.45
nBnm,13,14,27,0.48
nBnn,18,27,45,0.4
nBns,13,8,21,0.62
nBsB,1,3,4,0.25
nBsD,1,0,1,1.0
nBsH,5,5,10,0.5
nBsK,0,1,1,0.0
nBsM,2,2,4,0.5
nBsN,5,4,9,0.56
nBsP,9,5,14,0.64
nBsS,4,11,15,0.27
nBsb,4,4,8,0.5
nBsl,0,2,2,0.0
nBsm,7,2,9,0.78
nBsn,6,5,11,0.55
nBss,4,0,4,1.0
nBtB,1,1,2,0.5
nBtH,2,1,3,0.67
nBtM,0,1,1,0.0
nBtN,3,3,6,0.5
nBtP,4,4,8,0.5
nBtS,2,4,6,0.33
nBtb,0,1,1,0.0
nBtl,1,1,2,0.5
nBtm,4,0,4,1.0
nBtn,0,2,2,0.0
nBts,2,3,5,0.4
nBtt,1,0,1,1.0
nDBL,0,1,1,0.0
nDBM,1,1,2,0.5
nDBN,2,1,3,0.67
nDBP,0,0,0,
nDBS,1,1,2,0.5
nDBh,1,0,1,1.0
nDBn,1,1,2,0.5
nDBs,0,1,1,0.0
nDDM,0,1,1,0.0
nDDn,1,0,1,1.0
nDHB,0,2,2,0.0
nDHH,0,0,0,
nDHL,0,1,1,0.0
nDHM,1,0,1,1.0
nDHN,3,1,4,0.75
nDHP,1,2,3,0.33
nDHS,1,0,1,1.0
nDHb,1,0,1,1.0
nDHh,1,0,1,1.0
nDHl,0,1,1,0.0
nDHm,1,1,2,0.5
nDHn,0,1,1,0.0
nDHs,1,1,2,0.5
nDHt,1,0,1,1.0
nDIP,1,0,1,1.0
nDIm,1,0,1,1.0
nDLM,0,1,1,0.0
nDLN,0,0,0,
nDLP,2,0,2,1.0
nDLb,1,1,2,0.5
nDLj,1,0,1,1.0
nDLl,0,1,1,0.0
nDLm,1,0,1,1.0
nDLn,1,0,1,1.0
nDLs,0,1,1,0.0
nDLt,0,1,1,0.0
nDMB,1,2,3,0.33
nDML,0,1,1,0.0
nDMM,0,2,2,0.0
nDMN,0,2,2,0.0
nDMP,0,2,2,0.0
nDMS,0,2,2,0.0
nDMb,3,0,3,1.0
nDMh,0,0,0,
nDMj,1,0,1,1.0
nDMl,0,1,1,0.0
nDMm,2,1,3,0.67
nDMn,1,0,1,1.0
nDMs,0,1,1,0.0
nDMt,1,0,1,1.0
nDNB,2,0,2,1.0
nDND,1,0,1,1.0
nDNH,0,1,1,0.0
nDNK,1,0,1,1.0
nDNM,2,1,3,0.67
nDNN,2,2,4,0.5
nDNP,5,1,6,0.83
nDNS,0,0,0,
nDNb,0,2,2,0.0
nDNh,1,0,1,1.0
nDNl,0,1,1,0.0
nDNm,2,1,3,0.67
nDNn,0,1,1,0.0
nDPB,1,0,1,1.0
nDPD,0,1,1,0.0
nDPL,1,1,2,0.5
nDPM,0,2,2,0.0
nDPN,1,2,3,0.33
nDPP,4,4,8,0.5
nDPS,1,1,2,0.5
nDPb,0,0,0,
nDPl,0,1,1,0.0
nDPm,2,2,4,0.5
nDPn,4,4,8,0.5
nDPs,4,2,6,0.67
nDPt,0,1,1,0.0
nDSB,2,0,2,1.0
nDSH,0,0,0,
nDSM,2,3,5,0.4
nDSN,0,1,1,0.0
nDSP,2,1,3,0.67
nDSS,1,3,4,0.25
nDSb,1,1,2,0.5
nDSh,1,0,1,1.0
nDSl,1,1,2,0.5
nDSm,0,1,1,0.0
nDSn,1,0,1,1.0
nDbB,0,1,1,0.0
nDbH,0,1,1,0.0
nDbJ,0,1,1,0.0
nDbM,0,1,1,0.0
nDbN,3,2,5,0.6
nDbP,1,2,3,0.33
nDbb,1,1,2,0.5
nDbl,1,0,1,1.0
nDbm,1,1,2,0.5
nDbn,2,1,3,0.67
nDbs,1,0,1,1.0
nDhB,0,1,1,0.0
nDlB,0,2,2,0.0
nDlH,0,1,1,0.0
nDlI,1,0,1,1.0
nDlM,2,0,2,1.0
nDlN,0,2,2,0.0
nDlP,1,1,2,0.5
nDlb,0,1,1,0.0
nDln,1,1,2,0.5
nDls,0,1,1,0.0
nDmB,1,0,1,1.0
nDmH,1,0,1,1.0
nDmL,1,0,1,1.0
nDmM,0,1,1,0.0
nDmN,2,3,5,0.4
nDmP,3,1,4,0.75
nDmS,0,1,1,0.0
nDmb,2,0,2,1.0
nDml,0,1,1,0.0
nDmm,1,1,2,0.5
nDmn,2,0,2,1.0
nDms,0,1,1,0.0
nDnB,1,2,3,0.33
nDnH,1,2,3,0.33
nDnL,0,2,2,0.0
nDnM,2,2,4,0.5
nDnN,1,2,3,0.33
nDnP,3,1,4,0.75
nDnS,2,1,3,0.67
nDnb,1,2,3,0.33
nDnm,0,0,0,
nDnn,1,1,2,0.5
nDsH,0,3,3,0.0
nDsM,2,0,2,1.0
nDsN,1,1,2,0.5
nDsP,2,0,2,1.0
nDsS,0,1,1,0.0
nDsb,5,0,5,1.0
nDsl,1,0,1,1.0
nDss,1,0,1,1.0
nDtH,0,1,1,0.0
nDtP,1,0,1,1.0
nDtS,1,0,1,1.0
nDtb,0,1,1,0.0
nDtm,1,0,1,1.0
nDtn,0,2,2,0.0
nDts,0,1,1,0.0
nHBB,4,5,9,0.44
nHBD,1,0,1,1.0
nHBK,0,0,0,
nHBL,0,2,2,0.0
nHBM,3,8,11,0.27
nHBN,5,8,13,0.38
nHBP,5,6,11,0.45
nHBS,5,3,8,0.62
nHBb,3,2,5,0.6
nHBh,0,2,2,0.0
nHBj,3,2,5,0.6
nHBl,3,4,7,0.43
nHBm,3,4,7,0.43
nHBn,6,8,14,0.43
nHBs,4,3,7,0.57
nHBt,1,1,2,0.5
nHDH,0,1,1,0.0
nHDM,0,1,1,0.0
nHDN,1,1,2,0.5
nHDP,2,0,2,1.0
nHDS,0,0,0,
nHDb,2,0,2,1.0
nHDm,0,1,1,0.0
nHDn,1,0,1,1.0
nHDs,0,2,2,0.0
nHHB,1,0,1,1.0
nHHD,0,2,2,0.0
nHHH,1,1,2,0.5
nHHL,0,0,0,
nHHM,1,1,2,0.5
nHHN,0,3,3,0.0
nHHP,5,0,5,1.0
nHHS,2,2,4,0.5
nHHb,2,2,4,0.5
nHHl,0,0,0,
nHHm,0,0,0,
nHHn,3,3,6,0.5
nHHs,1,2,3,0.33
nHIB,0,1,1,0.0
nHIH,1,2,3,0.33
nHIN,2,0,2,1.0
nHIP,2,1,3,0.67
nHIS,0,1,1,0.0
nHIb,0,1,1,0.0
nHIm,0,1,1,0.0
nHIn,1,0,1,1.0
nHIs,1,1,2,0.5
nHKB,0,1,1,0.0
nHKL,0,1,1,0.0
nHKM,1,0,1,1.0
nHKN,1,2,3,0.33
nHKP,0,1,1,0.0
nHKS,1,1,2,0.5
nHKb,1,0,1,1.0
nHKh,0,1,1,0.0
nHKn,0,1,1,0.0
nHKs,1,0,1,1.0
nHLB,1,1,2,0.5
nHLL,0,2,2,0.0
nHLM,2,3,5,0.4
nHLN,3,7,10,0.3
nHLP,5,7,12,0.42
nHLS,1,4,5,0.2
nHLb,2,5,7,0.29
nHLh,1,1,2,0.5
nHLj,1,0,1,1.0
nHLl,1,0,1,1.0
nHLm,2,3,5,0.4
nHLn,7,1,8,0.88
nHLs,3,3,6,0.5
nHMB,6,5,11,0.55
nHMD,0,1,1,0.0
nHML,4,3,7,0.57
nHMM,8,16,24,0.33
nHMN,12,6,18,0.67
nHMP,15,12,27,0.56
nHMS,3,6,9,0.33
nHMb,8,8,16,0.5
nHMh,7,6,13,0.54
nHMj,3,2,5,0.6
nHMl,2,4,6,0.33
nHMm,4,6,10,0.4
nHMn,14,16,30,0.47
nHMs,5,3,8,0.62
nHMt,1,2,3,0.33
nHNB,4,5,9,0.44
nHND,2,0,2,1.0
nHNH,1,1,2,0.5
nHNK,2,1,3,0.67
nHNL,5,8,13,0.38
nHNM,10,14,24,0.42
nHNN,10,14,24,0.42
nHNP,19,18,37,0.51
nHNS,7,7,14,0.5
nHNb,13,9,22,0.59
nHNh,4,5,9,0.44
nHNl,6,4,10,0.6
nHNm,10,10,20,0.5
nHNn,15,17,32,0.47
nHNs,11,5,16,0.69
nHNt,0,4,4,0.0
nHPB,12,9,21,0.57
nHPD,0,1,1,0.0
nHPH,5,1,6,0.83
nHPI,1,2,3,0.33
nHPK,1,1,2,0.5
nHPL,4,5,9,0.44
nHPM,19,13,32,0.59
nHPN,13,18,31,0.42
nHPP,15,14,29,0.52
nHPS,12,8,20,0.6
nHPb,16,13,29,0.55
nHPh,0,2,2,0.0
nHPl,8,10,18,0.44
nHPm,12,11,23,0.52
nHPn,15,16,31,0.48
nHPs,12,9,21,0.57
nHPt,4,4,8,0.5
nHSB,0,10,10,0.0
nHSH,1,2,3,0.33
nHSL,2,0,2,1.0
nHSM,8,6,14,0.57
nHSN,8,6,14,0.57
nHSP,12,5,17,0.71
nHSS,6,6,12,0.5
nHSb,6,6,12,0.5
nHSh,7,4,11,0.64
nHSl,6,5,11,0.55
nHSm,6,7,13,0.46
nHSn,6,4,10,0.6
nHSs,6,2,8,0.75
nHSt,1,0,1,1.0
nHbB,6,3,9,0.67
nHbH,2,3,5,0.4
nHbI,0,1,1,0.0
nHbJ,1,2,3,0.33
nHbK,1,1,2,0.5
nHbL,2,4,6,0.33
nHbM,13,10,23,0.57
nHbN,6,8,14,0.43
nHbP,13,8,21,0.62
nHbS,4,2,6,0.67
nHbb,11,15,26,0.42
nHbl,3,3,6,0.5
nHbm,8,5,13,0.62
nHbn,2,11,13,0.15
nHbs,4,4,8,0.5
nHhB,2,2,4,0.5
nHhH,0,1,1,0.0
nHhI,1,0,1,1.0
nHhL,4,1,5,0.8
nHhM,5,4,9,0.56
nHhN,2,4,6,0.33
nHhP,7,5,12,0.58
nHhS,2,3,5,0.4
nHhb,2,1,3,0.67
nHhh,1,5,6,0.17
nHhl,1,2,3,0.33
nHhm,3,0,3,1.0
nHhn,7,1,8,0.88
nHhs,2,5,7,0.29
nHht,1,2,3,0.33
nHlB,0,3,3,0.0
nHlD,1,1,2,0.5
nHlH,4,4,8,0.5
nHlI,1,0,1,1.0
nHlJ,0,3,3,0.0
nHlK,0,2,2,0.0
nHlL,4,5,9,0.44
nHlM,4,2,6,0.67
nHlN,4,6,10,0.4
nHlP,5,5,10,0.5
nHlS,1,5,6,0.17
nHlb,3,6,9,0.33
nHll,3,2,5,0.6
nHlm,6,2,8,0.75
nHln,1,5,6,0.17
nHls,2,2,4,0.5
nHmB,6,7,13,0.46
nHmD,1,2,3,0.33
nHmH,4,7,11,0.36
nHmI,0,1,1,0.0
nHmJ,1,0,1,1.0
nHmL,1,2,3,0.33
nHmM,4,8,12,0.33
nHmN,12,4,16,0.75
nHmP,9,7,16,0.56
nHmS,6,3,9,0.67
nHmb,6,6,12,0.5
nHml,2,3,5,0.4
nHmm,5,2,7,0.71
nHmn,8,11,19,0.42
nHms,4,2,6,0.67
nHnB,5,12,17,0.29
nHnD,0,1,1,0.0
nHnH,5,4,9,0.56
nHnI,2,2,4,0.5
nHnK,2,1,3,0.67
nHnL,9,4,13,0.69
nHnM,5,15,20,0.25
nHnN,11,19,30,0.37
nHnP,20,16,36,0.56
nHnS,10,10,20,0.5
nHnb,13,7,20,0.65
nHnh,1,0,1,1.0
nHnl,6,6,12,0.5
nHnm,9,7,16,0.56
nHnn,9,13,22,0.41
nHns,10,1,11,0.91
nHnt,0,1,1,0.0
nHsB,6,4,10,0.6
nHsH,6,5,11,0.55
nHsL,4,0,4,1.0
nHsM,6,4,10,0.6
nHsN,6,5,11,0.55
nHsP,9,8,17,0.53
nHsS,8,4,12,0.67
nHsb,9,6,15,0.6
nHsh,1,0,1,1.0
nHsl,0,4,4,0.0
nHsm,6,4,10,0.6
nHsn,5,6,11,0.45
nHss,7,5,12,0.58
nHtB,0,1,1,0.0
nHtD,1,0,1,1.0
nHtH,1,1,2,0.5
nHtM,1,1,2,0.5
nHtN,1,2,3,0.33
nHtP,2,1,3,0.67
nHtS,2,2,4,0.5
nHtb,1,2,3,0.33
nHtl,1,0,1,1.0
nHtn,1,1,2,0.5
nHts,1,0,1,1.0
nIBM,3,2,5,0.6
nIBN,1,3,4,0.25
nIBP,4,0,4,1.0
nIBb,1,0,1,1.0
nIBj,1,0,1,1.0
nIBl,3,0,3,1.0
nIBm,1,2,3,0.33
nIBn,2,0,2,1.0
nIBs,0,1,1,0.0
nIDB,0,0,0,
nIDH,0,0,0,
nIDb,1,0,1,1.0
nIHB,3,1,4,0.75
nIHD,0,1,1,0.0
nIHL,2,0,2,1.0
nIHM,1,2,3,0.33
nIHN,3,0,3,1.0
nIHP,3,0,3,1.0
nIHS,0,1,1,0.0
nIHb,2,2,4,0.5
nIHh,0,0,0,
nIHl,1,0,1,1.0
nIHm,2,3,5,0.4
nIHn,0,1,1,0.0
nIHs,4,2,6,0.67
nIIH,1,0,1,1.0
nIIS,1,0,1,1.0
nIIm,1,0,1,1.0
nIIn,0,1,1,0.0
nIKP,1,0,1,1.0
nILK,1,0,1,1.0
nILM,0,0,0,
nILP,1,1,2,0.5
nILb,0,1,1,0.0
nILl,1,0,1,1.0
nILm,1,2,3,0.33
nILn,1,3,4,0.25
nILs,0,1,1,0.0
nIMB,2,4,6,0.33
nIMM,2,4,6,0.33
nIMN,1,1,2,0.5
nIMP,2,1,3,0.67
nIMS,1,1,2,0.5
nIMb,1,0,1,1.0
nIMh,3,3,6,0.5
nIMj,1,0,1,1.0
nIMl,1,1,2,0.5
nIMm,1,1,2,0.5
nIMn,3,4,7,0.43
nIMs,1,0,1,1.0
nIMt,1,1,2,0.5
nINB,1,1,2,0.5
nIND,0,1,1,0.0
nINL,1,1,2,0.5
nINM,3,4,7,0.43
nINN,3,2,5,0.6
nINP,4,5,9,0.44
nINS,2,1,3,0.67
nINb,0,3,3,0.0
nINh,0,1,1,0.0
nINl,1,0,1,1.0
nINn,6,5,11,0.55
nINs,0,0,0,
nIPB,3,1,4,0.75
nIPH,1,1,2,0.5
nIPI,0,1,1,0.0
nIPL,0,1,1,0.0
nIPM,4,6,10,0.4
nIPN,2,2,4,0.5
nIPP,4,1,5,0.8
nIPS,1,0,1,1.0
nIPb,1,1,2,0.5
nIPh,1,0,1,1.0
nIPl,1,1,2,0.5
nIPm,1,2,3,0.33
nIPn,2,4,6,0.33
nIPs,3,0,3,1.0
nIPt,0,1,1,0.0
nISB,1,1,2,0.5
nISH,0,1,1,0.0
nISL,2,0,2,1.0
nISM,0,1,1,0.0
nISN,2,2,4,0.5
nISP,4,4,8,0.5
nISS,1,0,1,1.0
nISb,1,0,1,1.0
nISh,0,1,1,0.0
nISl,0,1,1,0.0
nISm,1,1,2,0.5
nISn,2,2,4,0.5
nISs,1,1,2,0.5
nIbB,2,1,3,0.67
nIbH,0,2,2,0.0
nIbJ,1,0,1,1.0
nIbK,1,0,1,1.0
nIbL,2,0,2,1.0
nIbM,3,1,4,0.75
nIbN,1,2,3,0.33
nIbP,5,6,11,0.45
nIbS,1,1,2,0.5
nIbb,4,2,6,0.67
nIbm,3,2,5,0.6
nIbn,3,4,7,0.43
nIbs,0,2,2,0.0
nIlB,1,3,4,0.25
nIlH,1,1,2,0.5
nIlK,0,0,0,
nIlL,0,1,1,0.0
nIlM,0,2,2,0.0
nIlP,0,1,1,0.0
nIlS,0,2,2,0.0
nIlb,0,1,1,0.0
nIll,1,0,1,1.0
nIls,0,1,1,0.0
nImB,1,0,1,1.0
nImD,0,1,1,0.0
nImH,1,1,2,0.5
nImI,0,1,1,0.0
nImM,3,1,4,0.75
nImN,2,3,5,0.4
nImP,0,0,0,
nImS,0,1,1,0.0
nImb,2,2,4,0.5
nImm,0,1,1,0.0
nImn,2,3,5,0.4
nIms,0,3,3,0.0
nInB,1,1,2,0.5
nInH,1,0,1,1.0
nInK,0,1,1,0.0
nInL,0,0,0,
nInM,0,1,1,0.0
nInN,2,1,3,0.67
nInP,2,1,3,0.67
nInb,2,2,4,0.5
nInl,3,1,4,0.75
nInm,3,0,3,1.0
nInn,2,3,5,0.4
nIns,1,2,3,0.33
nIsB,0,1,1,0.0
nIsH,3,1,4,0.75
nIsI,0,1,1,0.0
nIsL,1,0,1,1.0
nIsM,4,2,6,0.67
nIsN,2,1,3,0.67
nIsP,3,2,5,0.6
nIsS,1,2,3,0.33
nIsb,1,0,1,1.0
nIsn,0,1,1,0.0
nIss,1,1,2,0.5
nItS,1,0,1,1.0
nKBL,1,0,1,1.0
nKBM,1,1,2,0.5
nKBN,0,1,1,0.0
nKBP,1,1,2,0.5
nKBS,0,1,1,0.0
nKBb,3,1,4,0.75
nKBj,1,0,1,1.0
nKBl,1,2,3,0.33
nKBn,1,0,1,1.0
nKDH,1,0,1,1.0
nKDm,0,1,1,0.0
nKHI,1,0,1,1.0
nKHS,2,0,2,1.0
nKHn,1,1,2,0.5
nKIP,1,0,1,1.0
nKIS,0,0,0,
nKIb,0,1,1,0.0
nKIl,0,1,1,0.0
nKKh,1,0,1,1.0
nKLM,0,2,2,0.0
nKLN,1,0,1,1.0
nKLS,1,1,2,0.5
nKLb,1,0,1,1.0
nKLj,0,1,1,0.0
nKLn,0,1,1,0.0
nKLs,0,0,0,
nKMB,2,1,3,0.67
nKML,1,1,2,0.5
nKMM,1,1,2,0.5
nKMN,1,0,1,1.0
nKMP,1,0,1,1.0
nKMS,1,3,4,0.25
nKMb,2,0,2,1.0
nKMh,3,1,4,0.75
nKMj,1,0,1,1.0
nKMl,0,1,1,0.0
nKMm,2,0,2,1.0
nKMn,0,1,1,0.0
nKMs,0,1,1,0.0
nKNB,0,1,1,0.0
nKNK,0,1,1,0.0
nKNL,0,2,2,0.0
nKNM,0,1,1,0.0
nKNN,1,0,1,1.0
nKNP,4,2,6,0.67
nKNS,0,2,2,0.0
nKNl,0,1,1,0.0
nKNm,0,0,0,
nKNn,0,1,1,0.0
nKNs,0,1,1,0.0
nKPB,6,1,7,0.86
nKPH,0,2,2,0.0
nKPM,2,3,5,0.4
nKPN,1,3,4,0.25
nKPP,3,5,8,0.38
nKPS,1,1,2,0.5
nKPb,2,4,6,0.33
nKPm,1,3,4,0.25
nKPn,2,2,4,0.5
nKPs,0,0,0,
nKPt,1,0,1,1.0
nKSH,1,0,1,1.0
nKSL,0,1,1,0.0
nKSM,0,1,1,0.0
nKSN,0,1,1,0.0
nKSP,2,1,3,0.67
nKSS,1,1,2,0.5
nKSb,1,0,1,1.0
nKSh,0,0,0,
nKSl,0,1,1,0.0
nKSm,2,1,3,0.67
nKSn,1,0,1,1.0
nKSs,2,1,3,0.67
nKSt,0,1,1,0.0
nKbB,0,2,2,0.0
nKbH,0,1,1,0.0
nKbM,2,1,3,0.67
nKbN,2,1,3,0.67
nKbP,2,0,2,1.0
nKbS,2,2,4,0.5
nKbb,2,0,2,1.0
nKbl,1,1,2,0.5
nKbn,0,1,1,0.0
nKhH,1,0,1,1.0
nKhL,0,1,1,0.0
nKhM,0,1,1,0.0
nKhP,1,0,1,1.0
nKhS,0,0,0,
nKhb,0,1,1,0.0
nKhh,1,0,1,1.0
nKhl,1,1,2,0.5
nKhm,2,0,2,1.0
nKhn,1,1,2,0.5
nKhs,1,1,2,0.5
nKlH,1,0,1,1.0
nKlJ,1,0,1,1.0
nKlL,1,1,2,0.5
nKlM,0,5,5,0.0
nKlN,0,1,1,0.0
nKlP,3,0,3,1.0
nKlb,1,1,2,0.5
nKls,0,1,1,0.0
nKmB,1,0,1,1.0
nKmH,0,1,1,0.0
nKmM,2,1,3,0.67
nKmN,2,0,2,1.0
nKmP,1,3,4,0.25
nKmb,3,1,4,0.75
nKmm,1,1,2,0.5
nKmn,1,0,1,1.0
nKms,1,0,1,1.0
nKnB,1,0,1,1.0
nKnH,1,0,1,1.0
nKnI,1,1,2,0.5
nKnK,1,1,2,0.5
nKnL,1,1,2,0.5
nKnM,0,1,1,0.0
nKnN,1,0,1,1.0
nKnP,4,1,5,0.8
nKnS,6,1,7,0.86
nKnb,1,2,3,0.33
nKnl,0,1,1,0.0
nKnm,1,1,2,0.5
nKnn,3,1,4,0.75
nKns,1,3,4,0.25
nKsB,1,1,2,0.5
nKsH,1,2,3,0.33
nKsI,0,1,1,0.0
nKsM,0,2,2,0.0
nKsN,2,0,2,1.0
nKsP,1,3,4,0.25
nKsS,2,0,2,1.0
nKsb,1,2,3,0.33
nKsm,0,1,1,0.0
nKsn,2,0,2,1.0
nKss,1,0,1,1.0
nKtM,0,1,1,0.0
nKtb,1,0,1,1.0
nKtm,0,0,0,
nKtt,0,0,0,
nLBB,4,1,5,0.8
nLBK,1,1,2,0.5
nLBL,1,0,1,1.0
nLBM,1,5,6,0.17
nLBN,10,4,14,0.71
nLBP,5,9,14,0.36
nLBS,0,1,1,0.0
nLBb,5,5,10,0.5
nLBh,1,0,1,1.0
nLBj,4,2,6,0.67
nLBl,0,4,4,0.0
nLBm,3,3,6,0.5
nLBn,10,5,15,0.67
nLBs,1,2,3,0.33
nLDH,0,1,1,0.0
nLDM,0,0,0,
nLDN,0,1,1,0.0
nLDP,0,1,1,0.0
nLDb,0,1,1,0.0
nLDm,1,0,1,1.0
nLKL,1,0,1,1.0
nLKS,0,1,1,0.0
nLKb,1,0,1,1.0
nLKh,0,0,0,
nLKm,1,0,1,1.0
nLKn,0,2,2,0.0
nLLB,3,1,4,0.75
nLLL,1,1,2,0.5
nLLM,3,2,5,0.6
nLLN,3,1,4,0.75
nLLP,1,0,1,1.0
nLLS,0,0,0,
nLLb,4,0,4,1.0
nLLh,0,1,1,0.0
nLLj,1,0,1,1.0
nLLl,0,1,1,0.0
nLLm,3,2,5,0.6
nLLn,3,2,5,0.6
nLLs,2,1,3,0.67
nLMB,8,6,14,0.57
nLMD,1,0,1,1.0
nLML,3,1,4,0.75
nLMM,5,4,9,0.56
nLMN,6,7,13,0.46
nLMP,5,6,11,0.45
nLMS,5,1,6,0.83
nLMb,7,1,8,0.88
nLMh,1,5,6,0.17
nLMj,1,1,2,0.5
nLMl,2,0,2,1.0
nLMm,4,5,9,0.44
nLMn,8,14,22,0.36
nLMs,2,2,4,0.5
nLMt,1,0,1,1.0
nLNB,4,3,7,0.57
nLND,1,1,2,0.5
nLNH,2,1,3,0.67
nLNL,4,2,6,0.67
nLNM,5,4,9,0.56
nLNN,7,6,13,0.54
nLNP,7,11,18,0.39
nLNS,3,7,10,0.3
nLNb,5,9,14,0.36
nLNh,2,1,3,0.67
nLNl,3,0,3,1.0
nLNm,3,5,8,0.38
nLNn,7,14,21,0.33
nLNs,4,5,9,0.44
nLNt,0,2,2,0.0
nLPB,6,9,15,0.4
nLPD,1,0,1,1.0
nLPH,0,2,2,0.0
nLPI,1,0,1,1.0
nLPL,1,3,4,0.25
nLPM,7,9,16,0.44
nLPN,8,7,15,0.53
nLPP,9,11,20,0.45
nLPS,4,5,9,0.44
nLPb,7,8,15,0.47
nLPh,1,1,2,0.5
nLPl,1,3,4,0.25
nLPm,7,3,10,0.7
nLPn,12,11,23,0.52
nLPs,5,5,10,0.5
nLPt,0,1,1,0.0
nLSB,1,6,7,0.14
nLSH,0,1,1,0.0
nLSK,0,1,1,0.0
nLSL,1,0,1,1.0
nLSM,2,2,4,0.5
nLSN,2,3,5,0.4
nLSP,4,2,6,0.67
nLSS,2,2,4,0.5
nLSb,5,3,8,0.62
nLSh,3,1,4,0.75
nLSl,3,3,6,0.5
nLSm,1,3,4,0.25
nLSn,8,7,15,0.53
nLSs,3,2,5,0.6
nLSt,0,1,1,0.0
nLbB,7,7,14,0.5
nLbH,3,6,9,0.33
nLbI,0,1,1,0.0
nLbJ,2,1,3,0.67
nLbK,1,2,3,0.33
nLbL,1,3,4,0.25
nLbM,1,4,5,0.2
nLbN,3,5,8,0.38
nLbP,10,5,15,0.67
nLbS,1,3,4,0.25
nLbb,8,8,16,0.5
nLbl,0,1,1,0.0
nLbm,2,3,5,0.4
nLbn,7,6,13,0.54
nLbs,2,1,3,0.67
nLhB,3,2,5,0.6
nLhL,1,1,2,0.5
nLhM,1,1,2,0.5
nLhN,2,4,6,0.33
nLhP,5,3,8,0.62
nLhS,2,2,4,0.5
nLhb,3,2,5,0.6
nLhh,2,2,4,0.5
nLhl,1,0,1,1.0
nLhm,1,1,2,0.5
nLhn,5,2,7,0.71
nLhs,0,1,1,0.0
nLht,0,1,1,0.0
nLjB,0,1,1,0.0
nLjH,1,0,1,1.0
nLjL,2,0,2,1.0
nLjM,1,3,4,0.25
nLjN,3,1,4,0.75
nLjP,2,2,4,0.5
nLjS,0,1,1,0.0
nLjb,1,1,2,0.5
nLjl,1,2,3,0.33
nLjm,2,2,4,0.5
nLjn,0,4,4,0.0
nLjs,2,0,2,1.0
nLlB,2,1,3,0.67
nLlH,2,3,5,0.4
nLlJ,1,0,1,1.0
nLlK,0,0,0,
nLlL,3,0,3,1.0
nLlM,3,3,6,0.5
nLlN,3,2,5,0.6
nLlP,5,4,9,0.56
nLlS,1,1,2,0.5
nLlb,5,7,12,0.42
nLll,2,2,4,0.5
nLlm,1,2,3,0.33
nLln,6,3,9,0.67
nLls,2,1,3,0.67
nLmB,3,2,5,0.6
nLmD,1,1,2,0.5
nLmH,3,1,4,0.75
nLmI,0,1,1,0.0
nLmJ,0,2,2,0.0
nLmL,3,3,6,0.5
nLmM,8,9,17,0.47
nLmN,5,3,8,0.62
nLmP,9,6,15,0.6
nLmS,4,1,5,0.8
nLmb,3,6,9,0.33
nLml,1,1,2,0.5
nLmm,2,5,7,0.29
nLmn,5,4,9,0.56
nLms,2,2,4,0.5
nLnB,4,1,5,0.8
nLnD,0,2,2,0.0
nLnH,5,5,10,0.5
nLnI,1,0,1,1.0
nLnK,2,0,2,1.0
nLnL,2,3,5,0.4
nLnM,6,5,11,0.55
nLnN,9,9,18,0.5
nLnP,14,9,23,0.61
nLnS,6,9,15,0.4
nLnb,6,8,14,0.43
nLnh,1,0,1,1.0
nLnl,1,5,6,0.17
nLnm,6,5,11,0.55
nLnn,5,10,15,0.33
nLns,9,8,17,0.53
nLsB,4,0,4,1.0
nLsH,2,1,3,0.67
nLsL,1,0,1,1.0
nLsM,5,1,6,0.83
nLsN,3,1,4,0.75
nLsP,5,6,11,0.45
nLsS,0,3,3,0.0
nLsb,0,7,7,0.0
nLsh,1,0,1,1.0
nLsl,1,4,5,0.2
nLsm,3,2,5,0.6
nLsn,3,4,7,0.43
nLss,2,0,2,1.0
nLtH,2,0,2,1.0
nLtM,2,0,2,1.0
nLtN,1,0,1,1.0
nLtP,2,1,3,0.67
nLtS,1,0,1,1.0
nLtb,2,2,4,0.5
nLtl,1,1,2,0.5
nLtm,1,1,2,0.5
nLtn,1,2,3,0.33
nMBB,13,14,27,0.48
nMBD,4,0,4,1.0
nMBK,2,0,2,1.0
nMBL,3,6,9,0.33
nMBM,12,17,29,0.41
nMBN,14,13,27,0.52
nMBP,10,18,28,0.36
nMBS,3,5,8,0.38
nMBb,12,16,28,0.43
nMBh,0,1,1,0.0
nMBj,2,4,6,0.33
nMBl,5,6,11,0.45
nMBm,7,5,12,0.58
nMBn,15,13,28,0.54
nMBs,3,8,11,0.27
nMBt,2,1,3,0.67
nMDB,1,0,1,1.0
nMDH,2,0,2,1.0
nMDL,0,1,1,0.0
nMDM,1,1,2,0.5
nMDN,1,0,1,1.0
nMDP,0,2,2,0.0
nMDb,2,0,2,1.0
nMDl,0,0,0,
nMDm,0,1,1,0.0
nMDn,1,1,2,0.5
nMHm,0,1,1,0.0
nMKh,0,1,1,0.0
nMKm,0,2,2,0.0
nMKn,0,0,0,
nMLB,4,6,10,0.4
nMLD,0,1,1,0.0
nMLH,0,1,1,0.0
nMLL,1,0,1,1.0
nMLM,4,6,10,0.4
nMLN,5,2,7,0.71
nMLP,7,6,13,0.54
nMLS,1,4,5,0.2
nMLb,10,5,15,0.67
nMLh,4,6,10,0.4
nMLj,2,0,2,1.0
nMLl,2,3,5,0.4
nMLm,1,2,3,0.33
nMLn,9,9,18,0.5
nMLs,1,3,4,0.25
nMLt,1,1,2,0.5
nMMB,12,11,23,0.52
nMMD,1,0,1,1.0
nMMH,0,1,1,0.0
nMMK,0,0,0,
nMML,3,6,9,0.33
nMMM,12,18,30,0.4
nMMN,16,12,28,0.57
nMMP,15,22,37,0.41
nMMS,10,9,19,0.53
nMMb,14,20,34,0.41
nMMh,8,11,19,0.42
nMMj,1,4,5,0.2
nMMl,4,7,11,0.36
nMMm,10,14,24,0.42
nMMn,37,28,65,0.57
nMMs,5,6,11,0.45
nMMt,1,4,5,0.2
nMNB,6,6,12,0.5
nMND,4,0,4,1.0
nMNH,3,1,4,0.75
nMNL,9,2,11,0.82
nMNM,15,17,32,0.47
nMNN,15,27,42,0.36
nMNP,35,18,53,0.66
nMNS,7,10,17,0.41
nMNb,10,23,33,0.3
nMNh,8,4,12,0.67
nMNl,5,5,10,0.5
nMNm,17,9,26,0.65
nMNn,23,26,49,0.47
nMNs,16,9,25,0.64
nMNt,7,4,11,0.64
nMPB,11,11,22,0.5
nMPD,1,0,1,1.0
nMPH,12,4,16,0.75
nMPI,1,2,3,0.33
nMPK,1,0,1,1.0
nMPL,4,8,12,0.33
nMPM,30,20,50,0.6
nMPN,24,29,53,0.45
nMPP,27,30,57,0.47
nMPS,13,15,28,0.46
nMPb,14,13,27,0.52
nMPh,2,2,4,0.5
nMPl,11,11,22,0.5
nMPm,14,21,35,0.4
nMPn,17,19,36,0.47
nMPs,14,12,26,0.54
nMPt,1,1,2,0.5
nMSB,3,5,8,0.38
nMSH,2,2,4,0.5
nMSK,0,1,1,0.0
nMSL,6,5,11,0.55
nMSM,10,13,23,0.43
nMSN,12,11,23,0.52
nMSP,16,10,26,0.62
nMSS,7,4,11,0.64
nMSb,8,9,17,0.47
nMSh,7,3,10,0.7
nMSl,6,0,6,1.0
nMSm,7,6,13,0.54
nMSn,11,17,28,0.39
nMSs,8,9,17,0.47
nMSt,2,5,7,0.29
nMbB,9,9,18,0.5
nMbD,1,0,1,1.0
nMbH,4,7,11,0.36
nMbI,1,2,3,0.33
nMbJ,7,9,16,0.44
nMbK,2,1,3,0.67
nMbL,4,6,10,0.4
nMbM,11,16,27,0.41
nMbN,23,14,37,0.62
nMbP,14,20,34,0.41
nMbS,13,5,18,0.72
nMbb,20,14,34,0.59
nMbl,4,5,9,0.44
nMbm,11,13,24,0.46
nMbn,23,14,37,0.62
nMbs,8,9,17,0.47
nMhB,9,10,19,0.47
nMhD,0,2,2,0.0
nMhH,4,2,6,0.67
nMhI,3,0,3,1.0
nMhK,0,1,1,0.0
nMhL,8,6,14,0.57
nMhM,13,14,27,0.48
nMhN,14,14,28,0.5
nMhP,20,18,38,0.53
nMhS,8,6,14,0.57
nMhb,12,9,21,0.57
nMhh,12,8,20,0.6
nMhl,10,4,14,0.71
nMhm,9,13,22,0.41
nMhn,22,13,35,0.63
nMhs,18,10,28,0.64
nMht,1,0,1,1.0
nMjB,2,5,7,0.29
nMjD,0,2,2,0.0
nMjH,2,2,4,0.5
nMjL,1,1,2,0.5
nMjM,8,5,13,0.62
nMjN,9,2,11,0.82
nMjP,5,4,9,0.56
nMjS,5,1,6,0.83
nMjb,3,3,6,0.5
nMjh,2,0,2,1.0
nMjl,1,3,4,0.25
nMjm,5,3,8,0.62
nMjn,14,6,20,0.7
nMjs,1,3,4,0.25
nMjt,0,1,1,0.0
nMlB,2,5,7,0.29
nMlD,1,1,2,0.5
nMlH,7,4,11,0.64
nMlI,1,0,1,1.0
nMlJ,3,1,4,0.75
nMlK,2,0,2,1.0
nMlL,1,1,2,0.5
nMlM,3,12,15,0.2
nMlN,12,8,20,0.6
nMlP,8,8,16,0.5
nMlS,5,2,7,0.71
nMlb,5,13,18,0.28
nMll,0,5,5,0.0
nMlm,3,3,6,0.5
nMln,10,8,18,0.56
nMls,5,6,11,0.45
nMmB,8,7,15,0.53
nMmD,1,1,2,0.5
nMmH,10,7,17,0.59
nMmJ,4,2,6,0.67
nMmK,0,0,0,
nMmL,2,5,7,0.29
nMmM,10,12,22,0.45
nMmN,16,13,29,0.55
nMmP,12,17,29,0.41
nMmS,8,8,16,0.5
nMmb,13,6,19,0.68
nMml,3,3,6,0.5
nMmm,14,9,23,0.61
nMmn,19,15,34,0.56
nMms,2,4,6,0.33
nMnB,18,14,32,0.56
nMnD,2,3,5,0.4
nMnH,17,20,37,0.46
nMnI,2,1,3,0.67
nMnK,0,4,4,0.0
nMnL,6,9,15,0.4
nMnM,24,28,52,0.46
nMnN,35,41,76,0.46
nMnP,41,37,78,0.53
nMnS,22,25,47,0.47
nMnb,24,23,47,0.51
nMnh,1,2,3,0.33
nMnl,10,6,16,0.62
nMnm,24,20,44,0.55
nMnn,26,28,54,0.48
nMns,12,16,28,0.43
nMsB,3,1,4,0.75
nMsD,1,3,4,0.25
nMsH,5,10,15,0.33
nMsI,1,1,2,0.5
nMsL,2,1,3,0.67
nMsM,9,6,15,0.6
nMsN,17,6,23,0.74
nMsP,10,14,24,0.42
nMsS,8,9,17,0.47
nMsb,5,8,13,0.38
nMsh,1,0,1,1.0
nMsl,6,0,6,1.0
nMsm,3,8,11,0.27
nMsn,12,5,17,0.71
nMss,7,2,9,0.78
nMst,1,1,2,0.5
nMtB,1,0,1,1.0
nMtH,2,0,2,1.0
nMtL,2,2,4,0.5
nMtM,3,6,9,0.33
nMtN,2,5,7,0.29
nMtP,5,11,16,0.31
nMtS,2,7,9,0.22
nMtb,1,3,4,0.25
nMtm,5,1,6,0.83
nMtn,4,3,7,0.57
nMts,2,4,6,0.33
nMtt,0,2,2,0.0
nNBB,11,8,19,0.58
nNBD,1,0,1,1.0
nNBH,1,0,1,1.0
nNBK,1,0,1,1.0
nNBL,4,4,8,0.5
nNBM,9,16,25,0.36
nNBN,27,20,47,0.57
nNBP,21,9,30,0.7
nNBS,4,15,19,0.21
nNBb,13,13,26,0.5
nNBh,1,4,5,0.2
nNBj,1,5,6,0.17
nNBl,10,13,23,0.43
nNBm,15,13,28,0.54
nNBn,29,31,60,0.48
nNBs,6,6,12,0.5
nNBt,5,4,9,0.56
nNDB,5,0,5,1.0
nNDH,1,2,3,0.33
nNDK,1,0,1,1.0
nNDL,1,0,1,1.0
nNDM,4,1,5,0.8
nNDN,0,1,1,0.0
nNDP,2,4,6,0.33
nNDS,2,1,3,0.67
nNDb,2,1,3,0.67
nNDl,0,2,2,0.0
nNDm,2,1,3,0.67
nNDn,2,2,4,0.5
nNDs,2,0,2,1.0
nNHB,3,4,7,0.43
nNHH,1,2,3,0.33
nNHM,3,4,7,0.43
nNHN,2,9,11,0.18
nNHP,6,5,11,0.55
nNHS,2,4,6,0.33
nNHb,4,3,7,0.57
nNHh,0,2,2,0.0
nNHl,4,2,6,0.67
nNHm,1,3,4,0.25
nNHn,2,2,4,0.5
nNHs,3,3,6,0.5
nNHt,1,0,1,1.0
nNID,0,1,1,0.0
nNIP,0,1,1,0.0
nNKB,2,1,3,0.67
nNKH,0,1,1,0.0
nNKM,2,5,7,0.29
nNKN,2,0,2,1.0
nNKP,1,1,2,0.5
nNKS,1,1,2,0.5
nNKb,0,1,1,0.0
nNKh,3,1,4,0.75
nNKl,1,2,3,0.33
nNKm,6,1,7,0.86
nNKn,0,3,3,0.0
nNKs,0,1,1,0.0
nNKt,0,1,1,0.0
nNLB,5,8,13,0.38
nNLK,1,0,1,1.0
nNLL,7,2,9,0.78
nNLM,5,5,10,0.5
nNLN,11,10,21,0.52
nNLP,9,17,26,0.35
nNLS,3,6,9,0.33
nNLb,6,11,17,0.35
nNLh,5,4,9,0.56
nNLj,1,3,4,0.25
nNLl,5,3,8,0.62
nNLm,7,13,20,0.35
nNLn,16,7,23,0.7
nNLs,2,3,5,0.4
nNLt,1,1,2,0.5
nNMB,16,15,31,0.52
nNMD,0,1,1,0.0
nNMH,0,1,1,0.0
nNMK,0,0,0,
nNML,4,5,9,0.44
nNMM,12,23,35,0.34
nNMN,16,26,42,0.38
nNMP,24,30,54,0.44
nNMS,12,13,25,0.48
nNMb,25,21,46,0.54
nNMh,11,17,28,0.39
nNMj,5,7,12,0.42
nNMl,14,6,20,0.7
nNMm,19,22,41,0.46
nNMn,20,41,61,0.33
nNMs,14,12,26,0.54
nNMt,3,4,7,0.43
nNNB,22,19,41,0.54
nNND,1,2,3,0.33
nNNH,5,4,9,0.56
nNNK,2,3,5,0.4
nNNL,12,8,20,0.6
nNNM,27,20,47,0.57
nNNN,34,29,63,0.54
nNNP,41,42,83,0.49
nNNS,10,22,32,0.31
nNNb,16,21,37,0.43
nNNh,6,12,18,0.33
nNNl,11,15,26,0.42
nNNm,18,20,38,0.47
nNNn,45,36,81,0.56
nNNs,18,22,40,0.45
nNNt,4,6,10,0.4
nNPB,17,24,41,0.41
nNPD,2,3,5,0.4
nNPH,18,8,26,0.69
nNPI,0,0,0,
nNPK,2,1,3,0.67
nNPL,14,20,34,0.41
nNPM,32,39,71,0.45
nNPN,40,29,69,0.58
nNPP,49,59,108,0.45
nNPS,25,25,50,0.5
nNPb,34,33,67,0.51
nNPh,5,6,11,0.45
nNPl,12,15,27,0.44
nNPm,28,24,52,0.54
nNPn,45,46,91,0.49
nNPs,28,20,48,0.58
nNPt,8,5,13,0.62
nNSB,6,8,14,0.43
nNSD,0,1,1,0.0
nNSH,1,4,5,0.2
nNSK,1,0,1,1.0
nNSL,1,8,9,0.11
nNSM,14,25,39,0.36
nNSN,19,11,30,0.63
nNSP,23,21,44,0.52
nNSS,11,3,14,0.79
nNSb,11,11,22,0.5
nNSh,13,6,19,0.68
nNSl,6,3,9,0.67
nNSm,15,12,27,0.56
nNSn,21,23,44,0.48
nNSs,15,9,24,0.62
nNSt,3,4,7,0.43
nNbB,17,17,34,0.5
nNbD,0,3,3,0.0
nNbH,4,1,5,0.8
nNbI,1,3,4,0.25
nNbJ,8,6,14,0.57
nNbK,2,1,3,0.67
nNbL,8,3,11,0.73
nNbM,26,27,53,0.49
nNbN,41,17,58,0.71
nNbP,22,24,46,0.48
nNbS,5,13,18,0.28
nNbb,24,20,44,0.55
nNbl,5,9,14,0.36
nNbm,14,14,28,0.5
nNbn,25,13,38,0.66
nNbs,11,13,24,0.46
nNhB,3,10,13,0.23
nNhD,1,0,1,1.0
nNhH,2,0,2,1.0
nNhK,0,1,1,0.0
nNhL,4,6,10,0.4
nNhM,8,5,13,0.62
nNhN,10,10,20,0.5
nNhP,19,12,31,0.61
nNhS,6,10,16,0.38
nNhb,7,5,12,0.58
nNhh,7,6,13,0.54
nNhl,1,5,6,0.17
nNhm,5,8,13,0.38
nNhn,10,8,18,0.56
nNhs,11,9,20,0.55
nNht,0,1,1,0.0
nNlB,7,3,10,0.7
nNlD,2,2,4,0.5
nNlH,7,8,15,0.47
nNlI,0,1,1,0.0
nNlJ,4,1,5,0.8
nNlL,2,6,8,0.25
nNlM,15,14,29,0.52
nNlN,17,17,34,0.5
nNlP,19,6,25,0.76
nNlS,6,7,13,0.46
nNlb,9,9,18,0.5
nNll,4,1,5,0.8
nNlm,2,8,10,0.2
nNln,16,16,32,0.5
nNls,7,9,16,0.44
nNmB,12,13,25,0.48
nNmD,1,2,3,0.33
nNmH,11,7,18,0.61
nNmI,1,2,3,0.33
nNmJ,4,5,9,0.44
nNmL,5,5,10,0.5
nNmM,13,26,39,0.33
nNmN,18,18,36,0.5
nNmP,30,22,52,0.58
nNmS,11,11,22,0.5
nNmb,10,12,22,0.45
nNml,5,7,12,0.42
nNmm,9,9,18,0.5
nNmn,25,19,44,0.57
nNms,11,6,17,0.65
nNnB,16,17,33,0.48
nNnD,3,0,3,1.0
nNnH,20,20,40,0.5
nNnI,2,4,6,0.33
nNnK,2,5,7,0.29
nNnL,12,7,19,0.63
nNnM,27,31,58,0.47
nNnN,51,41,92,0.55
nNnP,41,62,103,0.4
nNnS,20,26,46,0.43
nNnb,24,21,45,0.53
nNnh,2,1,3,0.67
nNnl,18,13,31,0.58
nNnm,22,18,40,0.55
nNnn,32,37,69,0.46
nNns,19,22,41,0.46
nNsB,8,7,15,0.53
nNsD,0,2,2,0.0
nNsH,14,14,28,0.5
nNsI,2,1,3,0.67
nNsL,1,9,10,0.1
nNsM,13,9,22,0.59
nNsN,13,15,28,0.46
nNsP,15,31,46,0.33
nNsS,10,13,23,0.43
nNsb,12,11,23,0.52
nNsh,1,0,1,1.0
nNsl,6,7,13,0.46
nNsm,12,11,23,0.52
nNsn,14,15,29,0.48
nNss,9,10,19,0.47
nNtB,2,2,4,0.5
nNtD,1,0,1,1.0
nNtH,1,4,5,0.2
nNtL,3,3,6,0.5
nNtM,8,2,10,0.8
nNtN,8,3,11,0.73
nNtP,10,7,17,0.59
nNtS,7,2,9,0.78
nNtb,5,4,9,0.56
nNtl,2,2,4,0.5
nNtm,5,4,9,0.56
nNtn,7,5,12,0.58
nNts,2,5,7,0.29
nNtt,0,3,3,0.0
nPBB,14,21,35,0.4
nPBD,0,1,1,0.0
nPBK,0,1,1,0.0
nPBL,3,5,8,0.38
nPBM,22,17,39,0.56
nPBN,21,20,41,0.51
nPBP,27,20,47,0.57
nPBS,12,5,17,0.71
nPBb,12,14,26,0.46
nPBh,2,4,6,0.33
nPBj,9,3,12,0.75
nPBl,6,7,13,0.46
nPBm,17,14,31,0.55
nPBn,29,27,56,0.52
nPBs,9,7,16,0.56
nPBt,7,1,8,0.88
nPDB,0,1,1,0.0
nPDH,4,2,6,0.67
nPDL,1,0,1,1.0
nPDM,0,3,3,0.0
nPDP,4,1,5,0.8
nPDS,1,0,1,1.0
nPDb,2,1,3,0.67
nPDm,2,3,5,0.4
nPDn,0,1,1,0.0
nPDs,2,3,5,0.4
nPDt,1,0,1,1.0
nPHB,6,2,8,0.75
nPHD,0,2,2,0.0
nPHI,1,0,1,1.0
nPHK,0,2,2,0.0
nPHL,2,7,9,0.22
nPHM,9,16,25,0.36
nPHN,9,9,18,0.5
nPHP,12,12,24,0.5
nPHS,11,5,16,0.69
nPHb,7,5,12,0.58
nPHh,3,1,4,0.75
nPHl,7,1,8,0.88
nPHm,4,7,11,0.36
nPHn,11,10,21,0.52
nPHs,3,5,8,0.38
nPHt,0,1,1,0.0
nPIB,0,4,4,0.0
nPIH,1,1,2,0.5
nPII,1,0,1,1.0
nPIL,2,0,2,1.0
nPIM,1,1,2,0.5
nPIN,2,5,7,0.29
nPIP,2,1,3,0.67
nPIS,1,3,4,0.25
nPIb,0,1,1,0.0
nPIl,1,1,2,0.5
nPIm,2,0,2,1.0
nPIn,1,0,1,1.0
nPIs,1,0,1,1.0
nPKB,3,6,9,0.33
nPKH,0,0,0,
nPKI,0,1,1,0.0
nPKL,2,1,3,0.67
nPKM,5,3,8,0.62
nPKN,5,2,7,0.71
nPKP,5,7,12,0.42
nPKS,2,3,5,0.4
nPKb,4,0,4,1.0
nPKl,1,1,2,0.5
nPKm,4,4,8,0.5
nPKn,1,1,2,0.5
nPKs,3,1,4,0.75
nPLB,6,5,11,0.55
nPLD,2,0,2,1.0
nPLK,0,1,1,0.0
nPLL,2,4,6,0.33
nPLM,9,13,22,0.41
nPLN,10,5,15,0.67
nPLP,18,11,29,0.62
nPLS,5,8,13,0.38
nPLb,8,7,15,0.53
nPLh,4,5,9,0.44
nPLj,6,0,6,1.0
nPLl,8,9,17,0.47
nPLm,12,5,17,0.71
nPLn,15,12,27,0.56
nPLs,8,7,15,0.53
nPLt,2,4,6,0.33
nPMB,28,23,51,0.55
nPMD,2,0,2,1.0
nPML,5,14,19,0.26
nPMM,20,38,58,0.34
nPMN,24,26,50,0.48
nPMP,26,31,57,0.46
nPMS,13,8,21,0.62
nPMb,17,28,45,0.38
nPMh,15,23,38,0.39
nPMj,5,8,13,0.38
nPMl,16,15,31,0.52
nPMm,22,14,36,0.61
nPMn,44,39,83,0.53
nPMs,19,16,35,0.54
nPMt,8,4,12,0.67
nPNB,19,19,38,0.5
nPND,1,4,5,0.2
nPNH,5,4,9,0.56
nPNK,2,2,4,0.5
nPNL,6,14,20,0.3
nPNM,33,35,68,0.49
nPNN,28,29,57,0.49
nPNP,44,48,92,0.48
nPNS,27,17,44,0.61
nPNb,26,25,51,0.51
nPNh,15,9,24,0.62
nPNl,12,10,22,0.55
nPNm,18,18,36,0.5
nPNn,44,33,77,0.57
nPNs,26,14,40,0.65
nPNt,8,4,12,0.67
nPPB,35,24,59,0.59
nPPD,2,4,6,0.33
nPPH,13,5,18,0.72
nPPI,0,2,2,0.0
nPPK,3,3,6,0.5
nPPL,24,22,46,0.52
nPPM,38,39,77,0.49
nPPN,52,31,83,0.63
nPPP,63,49,112,0.56
nPPS,20,28,48,0.42
nPPb,49,46,95,0.52
nPPh,4,7,11,0.36
nPPl,25,31,56,0.45
nPPm,36,39,75,0.48
nPPn,50,34,84,0.6
nPPs,33,26,59,0.56
nPPt,4,3,7,0.57
nPSB,9,10,19,0.47
nPSD,1,2,3,0.33
nPSH,4,7,11,0.36
nPSI,0,1,1,0.0
nPSK,0,3,3,0.0
nPSL,9,5,14,0.64
nPSM,15,22,37,0.41
nPSN,11,15,26,0.42
nPSP,31,31,62,0.5
nPSS,12,12,24,0.5
nPSb,12,13,25,0.48
nPSh,8,10,18,0.44
nPSl,8,7,15,0.53
nPSm,21,10,31,0.68
nPSn,20,24,44,0.45
nPSs,18,12,30,0.6
nPSt,1,4,5,0.2
nPbB,16,28,44,0.36
nPbD,3,1,4,0.75
nPbH,9,5,14,0.64
nPbI,2,1,3,0.67
nPbJ,6,6,12,0.5
nPbK,1,4,5,0.2
nPbL,5,13,18,0.28
nPbM,26,21,47,0.55
nPbN,37,18,55,0.67
nPbP,32,34,66,0.48
nPbS,11,10,21,0.52
nPbb,32,23,55,0.58
nPbl,12,12,24,0.5
nPbm,22,19,41,0.54
nPbn,20,26,46,0.43
nPbs,20,9,29,0.69
nPhB,0,5,5,0.0
nPhD,0,1,1,0.0
nPhH,0,1,1,0.0
nPhL,3,1,4,0.75
nPhM,2,2,4,0.5
nPhN,1,2,3,0.33
nPhP,2,7,9,0.22
nPhS,1,4,5,0.2
nPhb,3,0,3,1.0
nPhh,1,1,2,0.5
nPhl,1,1,2,0.5
nPhm,0,1,1,0.0
nPhn,2,4,6,0.33
nPhs,5,7,12,0.42
nPht,1,0,1,1.0
nPlB,4,7,11,0.36
nPlD,2,1,3,0.67
nPlH,5,8,13,0.38
nPlI,1,2,3,0.33
nPlJ,1,6,7,0.14
nPlK,2,0,2,1.0
nPlL,6,7,13,0.46
nPlM,8,14,22,0.36
nPlN,18,14,32,0.56
nPlP,11,22,33,0.33
nPlS,5,7,12,0.42
nPlb,7,20,27,0.26
nPll,9,3,12,0.75
nPlm,13,13,26,0.5
nPln,13,11,24,0.54
nPls,10,5,15,0.67
nPmB,17,21,38,0.45
nPmD,2,2,4,0.5
nPmH,15,13,28,0.54
nPmI,1,3,4,0.25
nPmJ,4,2,6,0.67
nPmL,8,9,17,0.47
nPmM,22,25,47,0.47
nPmN,27,21,48,0.56
nPmP,25,23,48,0.52
nPmS,16,9,25,0.64
nPmb,23,19,42,0.55
nPml,12,9,21,0.57
nPmm,11,21,32,0.34
nPmn,11,24,35,0.31
nPms,9,8,17,0.53
nPnB,21,23,44,0.48
nPnD,4,1,5,0.8
nPnH,9,7,16,0.56
nPnI,1,4,5,0.2
nPnK,0,1,1,0.0
nPnL,9,8,17,0.53
nPnM,50,36,86,0.58
nPnN,36,34,70,0.51
nPnP,45,34,79,0.57
nPnS,22,28,50,0.44
nPnb,26,23,49,0.53
nPnh,0,2,2,0.0
nPnl,10,13,23,0.43
nPnm,26,22,48,0.54
nPnn,23,29,52,0.44
nPns,21,6,27,0.78
nPnt,1,0,1,1.0
nPsB,11,14,25,0.44
nPsD,2,0,2,1.0
nPsH,7,13,20,0.35
nPsI,1,3,4,0.25
nPsK,1,1,2,0.5
nPsL,10,3,13,0.77
nPsM,12,17,29,0.41
nPsN,22,13,35,0.63
nPsP,22,26,48,0.46
nPsS,18,11,29,0.62
nPsb,11,16,27,0.41
nPsh,0,1,1,0.0
nPsl,10,6,16,0.62
nPsm,19,7,26,0.73
nPsn,18,13,31,0.58
nPss,13,9,22,0.59
nPtB,5,1,6,0.83
nPtH,2,3,5,0.4
nPtL,1,2,3,0.33
nPtM,2,3,5,0.4
nPtN,5,1,6,0.83
nPtP,5,4,9,0.56
nPtS,1,2,3,0.33
nPtb,1,3,4,0.25
nPtl,2,3,5,0.4
nPtm,1,2,3,0.33
nPtn,0,2,2,0.0
nPts,2,1,3,0.67
nPtt,1,0,1,1.0
nSBB,7,8,15,0.47
nSBK,2,0,2,1.0
nSBL,2,1,3,0.67
nSBM,5,11,16,0.31
nSBN,11,11,22,0.5
nSBP,13,13,26,0.5
nSBS,4,6,10,0.4
nSBb,8,9,17,0.47
nSBh,0,1,1,0.0
nSBj,2,2,4,0.5
nSBl,3,6,9,0.33
nSBm,9,4,13,0.69
nSBn,16,11,27,0.59
nSBs,7,6,13,0.54
nSBt,1,0,1,1.0
nSDB,0,2,2,0.0
nSDD,2,0,2,1.0
nSDM,0,1,1,0.0
nSDN,0,2,2,0.0
nSDP,2,1,3,0.67
nSDS,2,0,2,1.0
nSDb,0,3,3,0.0
nSDl,0,0,0,
nSDm,0,1,1,0.0
nSDn,3,0,3,1.0
nSDt,0,0,0,
nSHB,2,2,4,0.5
nSHH,0,1,1,0.0
nSHL,3,0,3,1.0
nSHM,1,3,4,0.25
nSHN,2,2,4,0.5
nSHP,4,3,7,0.57
nSHS,2,5,7,0.29
nSHb,1,2,3,0.33
nSHh,2,2,4,0.5
nSHl,4,4,8,0.5
nSHm,2,1,3,0.67
nSHn,2,8,10,0.2
nSHs,4,5,9,0.44
nSHt,1,0,1,1.0
nSIM,1,0,1,1.0
nSIS,0,1,1,0.0
nSKB,0,1,1,0.0
nSKN,1,1,2,0.5
nSKS,2,1,3,0.67
nSKh,1,0,1,1.0
nSKl,0,1,1,0.0
nSLB,4,4,8,0.5
nSLL,0,1,1,0.0
nSLM,0,2,2,0.0
nSLN,1,1,2,0.5
nSLP,4,7,11,0.36
nSLS,2,4,6,0.33
nSLb,7,2,9,0.78
nSLh,2,0,2,1.0
nSLj,1,1,2,0.5
nSLl,3,2,5,0.6
nSLm,6,2,8,0.75
nSLn,3,6,9,0.33
nSLs,4,2,6,0.67
nSLt,0,1,1,0.0
nSMB,9,12,21,0.43
nSMD,0,0,0,
nSML,6,6,12,0.5
nSMM,7,7,14,0.5
nSMN,7,5,12,0.58
nSMP,11,20,31,0.35
nSMS,9,3,12,0.75
nSMb,19,10,29,0.66
nSMh,9,4,13,0.69
nSMj,4,6,10,0.4
nSMl,7,3,10,0.7
nSMm,6,5,11,0.55
nSMn,16,17,33,0.48
nSMs,6,7,13,0.46
nSMt,1,3,4,0.25
nSNB,5,9,14,0.36
nSND,1,1,2,0.5
nSNH,4,1,5,0.8
nSNK,1,0,1,1.0
nSNL,2,3,5,0.4
nSNM,10,12,22,0.45
nSNN,16,10,26,0.62
nSNP,15,21,36,0.42
nSNS,13,6,19,0.68
nSNb,5,12,17,0.29
nSNh,1,2,3,0.33
nSNl,6,4,10,0.6
nSNm,11,6,17,0.65
nSNn,18,22,40,0.45
nSNs,11,5,16,0.69
nSNt,2,1,3,0.67
nSPB,9,6,15,0.6
nSPD,1,1,2,0.5
nSPH,1,9,10,0.1
nSPK,1,2,3,0.33
nSPL,6,8,14,0.43
nSPM,20,17,37,0.54
nSPN,11,14,25,0.44
nSPP,13,22,35,0.37
nSPS,15,14,29,0.52
nSPb,13,12,25,0.52
nSPh,0,0,0,
nSPl,11,7,18,0.61
nSPm,14,14,28,0.5
nSPn,22,18,40,0.55
nSPs,13,17,30,0.43
nSPt,2,1,3,0.67
nSSB,3,6,9,0.33
nSSD,0,0,0,
nSSH,1,2,3,0.33
nSSI,1,0,1,1.0
nSSK,0,1,1,0.0
nSSL,4,2,6,0.67
nSSM,7,7,14,0.5
nSSN,8,13,21,0.38
nSSP,19,10,29,0.66
nSSS,5,16,21,0.24
nSSb,8,7,15,0.53
nSSh,5,4,9,0.56
nSSl,5,6,11,0.45
nSSm,15,11,26,0.58
nSSn,8,10,18,0.44
nSSs,7,12,19,0.37
nSSt,1,0,1,1.0
nSbB,12,9,21,0.57
nSbD,2,0,2,1.0
nSbH,3,3,6,0.5
nSbI,0,1,1,0.0
nSbJ,2,2,4,0.5
nSbK,1,2,3,0.33
nSbL,1,7,8,0.12
nSbM,15,13,28,0.54
nSbN,17,13,30,0.57
nSbP,12,3,15,0.8
nSbS,8,4,12,0.67
nSbb,11,16,27,0.41
nSbl,1,6,7,0.14
nSbm,11,7,18,0.61
nSbn,9,10,19,0.47
nSbs,3,2,5,0.6
nShB,4,5,9,0.44
nShD,1,2,3,0.33
nShH,1,3,4,0.25
nShI,1,1,2,0.5
nShL,1,1,2,0.5
nShM,12,6,18,0.67
nShN,3,8,11,0.27
nShP,10,4,14,0.71
nShS,8,4,12,0.67
nShb,2,8,10,0.2
nShh,4,4,8,0.5
nShl,7,0,7,1.0
nShm,7,4,11,0.64
nShn,4,10,14,0.29
nShs,5,6,11,0.45
nSht,3,0,3,1.0
nSlB,4,2,6,0.67
nSlD,1,0,1,1.0
nSlH,2,2,4,0.5
nSlJ,2,1,3,0.67
nSlL,2,2,4,0.5
nSlM,3,5,8,0.38
nSlN,6,5,11,0.55
nSlP,6,12,18,0.33
nSlS,5,3,8,0.62
nSlb,6,12,18,0.33
nSll,0,1,1,0.0
nSlm,4,0,4,1.0
nSln,1,3,4,0.25
nSls,1,2,3,0.33
nSmB,4,2,6,0.67
nSmH,10,7,17,0.59
nSmI,1,0,1,1.0
nSmJ,4,1,5,0.8
nSmL,0,2,2,0.0
nSmM,13,12,25,0.52
nSmN,7,13,20,0.35
nSmP,13,19,32,0.41
nSmS,7,2,9,0.78
nSmb,10,7,17,0.59
nSml,6,5,11,0.55
nSmm,5,6,11,0.45
nSmn,8,11,19,0.42
nSms,8,5,13,0.62
nSnB,9,4,13,0.69
nSnD,1,0,1,1.0
nSnH,12,7,19,0.63
nSnI,2,3,5,0.4
nSnK,1,2,3,0.33
nSnL,8,6,14,0.57
nSnM,13,12,25,0.52
nSnN,11,23,34,0.32
nSnP,26,19,45,0.58
nSnS,5,18,23,0.22
nSnb,14,20,34,0.41
nSnl,3,2,5,0.6
nSnm,9,17,26,0.35
nSnn,21,19,40,0.52
nSns,14,19,33,0.42
nSsB,3,2,5,0.6
nSsD,0,2,2,0.0
nSsH,8,11,19,0.42
nSsI,1,2,3,0.33
nSsK,0,1,1,0.0
nSsL,2,5,7,0.29
nSsM,6,8,14,0.43
nSsN,10,14,24,0.42
nSsP,9,10,19,0.47
nSsS,9,7,16,0.56
nSsb,6,8,14,0.43
nSsl,4,1,5,0.8
nSsm,9,8,17,0.53
nSsn,5,7,12,0.42
nSss,6,6,12,0.5
nStB,2,3,5,0.4
nStD,0,1,1,0.0
nStH,1,3,4,0.25
nStL,1,0,1,1.0
nStM,0,3,3,0.0
nStN,1,1,2,0.5
nStP,3,4,7,0.43
nStS,2,3,5,0.4
nStb,1,0,1,1.0
nStl,2,1,3,0.67
nStn,4,4,8,0.5
nSts,5,3,8,0.62
nStt,2,0,2,1.0
nbBB,14,3,17,0.82
nbBD,1,2,3,0.33
nbBK,0,1,1,0.0
nbBL,4,4,8,0.5
nbBM,8,13,21,0.38
nbBN,11,12,23,0.48
nbBP,10,20,30,0.33
nbBS,7,11,18,0.39
nbBb,9,18,27,0.33
nbBh,2,4,6,0.33
nbBj,5,3,8,0.62
nbBl,7,3,10,0.7
nbBm,5,8,13,0.38
nbBn,16,14,30,0.53
nbBs,4,1,5,0.8
nbBt,2,2,4,0.5
nbDB,2,0,2,1.0
nbDD,0,1,1,0.0
nbDH,1,1,2,0.5
nbDL,0,1,1,0.0
nbDM,4,0,4,1.0
nbDN,0,1,1,0.0
nbDP,1,1,2,0.5
nbDS,0,2,2,0.0
nbDb,0,2,2,0.0
nbDl,1,1,2,0.5
nbDm,1,1,2,0.5
nbDn,0,1,1,0.0
nbDs,0,1,1,0.0
nbDt,0,1,1,0.0
nbHB,4,4,8,0.5
nbHD,0,0,0,
nbHH,0,1,1,0.0
nbHK,1,1,2,0.5
nbHL,2,2,4,0.5
nbHM,4,6,10,0.4
nbHN,3,5,8,0.38
nbHP,11,13,24,0.46
nbHS,5,0,5,1.0
nbHb,7,6,13,0.54
nbHh,2,1,3,0.67
nbHl,2,1,3,0.67
nbHm,2,5,7,0.29
nbHn,7,1,8,0.88
nbHs,0,3,3,0.0
nbIH,1,3,4,0.25
nbIL,0,1,1,0.0
nbIM,1,2,3,0.33
nbIN,0,1,1,0.0
nbIP,2,0,2,1.0
nbIS,2,0,2,1.0
nbIb,1,1,2,0.5
nbIl,1,1,2,0.5
nbIm,2,1,3,0.67
nbIn,2,0,2,1.0
nbIs,2,1,3,0.67
nbJB,6,1,7,0.86
nbJD,0,0,0,
nbJH,1,1,2,0.5
nbJL,2,3,5,0.4
nbJM,2,4,6,0.33
nbJN,4,5,9,0.44
nbJP,2,6,8,0.25
nbJS,1,1,2,0.5
nbJb,6,4,10,0.6
nbJh,0,1,1,0.0
nbJl,0,3,3,0.0
nbJm,6,2,8,0.75
nbJn,5,5,10,0.5
nbJs,5,5,10,0.5
nbJt,1,0,1,1.0
nbKB,0,2,2,0.0
nbKL,1,1,2,0.5
nbKM,0,3,3,0.0
nbKN,1,1,2,0.5
nbKP,1,0,1,1.0
nbKS,0,1,1,0.0
nbKb,2,0,2,1.0
nbKh,2,1,3,0.67
nbKl,1,0,1,1.0
nbKm,0,2,2,0.0
nbKn,1,1,2,0.5
nbKs,3,0,3,1.0
nbLB,2,4,6,0.33
nbLD,1,0,1,1.0
nbLL,2,3,5,0.4
nbLM,8,1,9,0.89
nbLN,7,7,14,0.5
nbLP,8,7,15,0.53
nbLS,4,8,12,0.33
nbLb,9,8,17,0.53
nbLh,2,3,5,0.4
nbLj,3,2,5,0.6
nbLl,1,1,2,0.5
nbLm,8,5,13,0.62
nbLn,10,7,17,0.59
nbLs,4,3,7,0.57
nbLt,2,0,2,1.0
nbMB,6,20,26,0.23
nbMD,2,2,4,0.5
nbML,4,6,10,0.4
nbMM,8,20,28,0.29
nbMN,13,21,34,0.38
nbMP,12,22,34,0.35
nbMS,11,4,15,0.73
nbMb,12,21,33,0.36
nbMh,12,16,28,0.43
nbMj,1,4,5,0.2
nbMl,11,9,20,0.55
nbMm,14,8,22,0.64
nbMn,24,27,51,0.47
nbMs,12,11,23,0.52
nbMt,2,1,3,0.67
nbNB,11,14,25,0.44
nbND,6,2,8,0.75
nbNH,5,7,12,0.42
nbNK,1,4,5,0.2
nbNL,1,9,10,0.1
nbNM,23,35,58,0.4
nbNN,30,24,54,0.56
nbNP,43,30,73,0.59
nbNS,14,18,32,0.44
nbNb,24,13,37,0.65
nbNh,10,7,17,0.59
nbNl,13,17,30,0.43
nbNm,26,21,47,0.55
nbNn,38,34,72,0.53
nbNs,19,11,30,0.63
nbNt,1,7,8,0.12
nbPB,22,20,42,0.52
nbPD,0,2,2,0.0
nbPH,5,8,13,0.38
nbPI,1,3,4,0.25
nbPK,2,0,2,1.0
nbPL,10,3,13,0.77
nbPM,27,23,50,0.54
nbPN,26,29,55,0.47
nbPP,23,37,60,0.38
nbPS,10,7,17,0.59
nbPb,18,18,36,0.5
nbPh,9,4,13,0.69
nbPl,9,11,20,0.45
nbPm,16,15,31,0.52
nbPn,12,22,34,0.35
nbPs,11,13,24,0.46
nbPt,2,3,5,0.4
nbSB,6,4,10,0.6
nbSH,4,4,8,0.5
nbSL,1,2,3,0.33
nbSM,8,10,18,0.44
nbSN,13,8,21,0.62
nbSP,14,14,28,0.5
nbSS,7,7,14,0.5
nbSb,5,15,20,0.25
nbSh,4,7,11,0.36
nbSl,7,2,9,0.78
nbSm,4,5,9,0.44
nbSn,7,9,16,0.44
nbSs,7,8,15,0.47
nbSt,1,4,5,0.2
nbbB,6,12,18,0.33
nbbH,4,3,7,0.57
nbbI,1,1,2,0.5
nbbJ,4,0,4,1.0
nbbK,1,1,2,0.5
nbbL,5,6,11,0.45
nbbM,16,14,30,0.53
nbbN,28,25,53,0.53
nbbP,26,17,43,0.6
nbbS,8,8,16,0.5
nbbb,19,17,36,0.53
nbbl,7,8,15,0.47
nbbm,13,9,22,0.59
nbbn,15,16,31,0.48
nbbs,4,7,11,0.36
nblB,3,9,12,0.25
nblD,1,0,1,1.0
nblH,6,6,12,0.5
nblI,0,1,1,0.0
nblJ,1,2,3,0.33
nblK,2,1,3,0.67
nblL,3,0,3,1.0
nblM,4,3,7,0.57
nblN,6,7,13,0.46
nblP,16,12,28,0.57
nblS,3,5,8,0.38
nblb,6,12,18,0.33
nbll,3,5,8,0.38
nblm,4,5,9,0.44
nbln,6,4,10,0.6
nbls,2,3,5,0.4
nbmB,8,8,16,0.5
nbmD,1,3,4,0.25
nbmH,8,11,19,0.42
nbmI,2,0,2,1.0
nbmJ,2,2,4,0.5
nbmL,9,5,14,0.64
nbmM,19,14,33,0.58
nbmN,13,22,35,0.37
nbmP,10,12,22,0.45
nbmS,6,7,13,0.46
nbmb,21,13,34,0.62
nbml,1,2,3,0.33
nbmm,5,3,8,0.62
nbmn,15,16,31,0.48
nbms,3,3,6,0.5
nbnB,20,9,29,0.69
nbnD,2,1,3,0.67
nbnH,12,13,25,0.48
nbnI,3,0,3,1.0
nbnK,1,0,1,1.0
nbnL,1,11,12,0.08
nbnM,19,21,40,0.48
nbnN,33,20,53,0.62
nbnP,22,21,43,0.51
nbnS,14,10,24,0.58
nbnb,16,19,35,0.46
nbnl,7,5,12,0.58
nbnm,13,9,22,0.59
nbnn,19,17,36,0.53
nbns,13,2,15,0.87
nbsB,4,6,10,0.4
nbsD,1,1,2,0.5
nbsH,7,7,14,0.5
nbsL,1,1,2,0.5
nbsM,3,5,8,0.38
nbsN,8,7,15,0.53
nbsP,12,10,22,0.55
nbsS,5,5,10,0.5
nbsb,8,5,13,0.62
nbsl,4,0,4,1.0
nbsm,8,6,14,0.57
nbsn,8,9,17,0.47
nbss,3,4,7,0.43
nhBB,2,2,4,0.5
nhBM,0,2,2,0.0
nhBN,1,0,1,1.0
nhBb,0,0,0,
nhBj,1,0,1,1.0
nhBm,0,1,1,0.0
nhBn,1,0,1,1.0
nhDM,0,1,1,0.0
nhDP,1,0,1,1.0
nhDs,0,1,1,0.0
nhHP,0,1,1,0.0
nhHS,1,0,1,1.0
nhIn,0,1,1,0.0
nhLN,1,0,1,1.0
nhLP,1,0,1,1.0
nhLl,0,0,0,
nhLs,0,1,1,0.0
nhMB,0,1,1,0.0
nhMM,1,2,3,0.33
nhMP,0,1,1,0.0
nhMS,0,0,0,
nhMb,0,0,0,
nhMh,0,1,1,0.0
nhMm,2,1,3,0.67
nhMn,1,1,2,0.5
nhMs,1,0,1,1.0
nhNH,1,0,1,1.0
nhNM,0,1,1,0.0
nhNN,1,0,1,1.0
nhNP,0,0,0,
nhNl,1,0,1,1.0
nhNm,0,1,1,0.0
nhNt,1,0,1,1.0
nhPH,1,0,1,1.0
nhPL,1,1,2,0.5
nhPM,0,0,0,
nhPN,1,0,1,1.0
nhPP,4,1,5,0.8
nhPS,0,3,3,0.0
nhPb,1,1,2,0.5
nhPl,2,1,3,0.67
nhPn,0,1,1,0.0
nhSM,2,1,3,0.67
nhSP,0,1,1,0.0
nhSh,1,0,1,1.0
nhSl,0,0,0,
nhbK,1,0,1,1.0
nhbL,2,0,2,1.0
nhbM,2,1,3,0.67
nhbN,1,1,2,0.5
nhbP,3,0,3,1.0
nhbb,1,0,1,1.0
nhbl,1,0,1,1.0
nhbm,1,0,1,1.0
nhbn,0,1,1,0.0
nhbs,0,0,0,
nhhN,1,0,1,1.0
nhhP,0,0,0,
nhhS,0,0,0,
nhhb,1,1,2,0.5
nhhl,0,1,1,0.0
nhhn,1,1,2,0.5
nhlB,0,1,1,0.0
nhlS,1,1,2,0.5
nhll,0,2,2,0.0
nhlm,1,0,1,1.0
nhmM,0,1,1,0.0
nhmS,2,0,2,1.0
nhml,2,0,2,1.0
nhmn,1,1,2,0.5
nhnB,2,0,2,1.0
nhnM,1,1,2,0.5
nhnN,0,0,0,
nhnP,3,1,4,0.75
nhnS,1,0,1,1.0
nhnl,1,0,1,1.0
nhnm,1,0,1,1.0
nhns,0,0,0,
nhsB,0,1,1,0.0
nhsM,0,1,1,0.0
nhsN,1,1,2,0.5
nhsP,2,1,3,0.67
nhsl,0,1,1,0.0
nhsm,0,1,1,0.0
nhsn,1,0,1,1.0
nhss,0,0,0,
nhtN,1,0,1,1.0
nhtP,1,0,1,1.0
nlBB,4,4,8,0.5
nlBL,0,1,1,0.0
nlBM,5,4,9,0.56
nlBN,8,5,13,0.62
nlBP,4,4,8,0.5
nlBS,2,2,4,0.5
nlBb,10,1,11,0.91
nlBh,0,1,1,0.0
nlBj,2,3,5,0.4
nlBl,3,2,5,0.6
nlBm,3,5,8,0.38
nlBn,5,9,14,0.36
nlBs,4,3,7,0.57
nlBt,2,0,2,1.0
nlDH,1,1,2,0.5
nlDL,1,0,1,1.0
nlDM,0,1,1,0.0
nlDN,0,1,1,0.0
nlDS,0,0,0,
nlDb,0,1,1,0.0
nlDl,0,1,1,0.0
nlDm,1,0,1,1.0
nlDs,1,0,1,1.0
nlDt,0,1,1,0.0
nlHB,3,2,5,0.6
nlHH,1,2,3,0.33
nlHI,2,2,4,0.5
nlHL,2,2,4,0.5
nlHM,4,8,12,0.33
nlHN,6,8,14,0.43
nlHP,10,6,16,0.62
nlHS,5,4,9,0.56
nlHb,5,4,9,0.56
nlHh,0,2,2,0.0
nlHl,2,4,6,0.33
nlHm,9,3,12,0.75
nlHn,5,4,9,0.56
nlHs,7,8,15,0.47
nlHt,1,0,1,1.0
nlIH,0,0,0,
nlIL,0,2,2,0.0
nlIN,0,0,0,
nlIP,2,0,2,1.0
nlIb,1,2,3,0.33
nlIm,1,0,1,1.0
nlIn,0,1,1,0.0
nlIs,0,2,2,0.0
nlJB,2,0,2,1.0
nlJH,1,1,2,0.5
nlJI,1,0,1,1.0
nlJL,0,1,1,0.0
nlJM,2,2,4,0.5
nlJN,0,1,1,0.0
nlJP,2,1,3,0.67
nlJS,1,1,2,0.5
nlJb,3,3,6,0.5
nlJh,0,1,1,0.0
nlJl,1,0,1,1.0
nlJm,2,0,2,1.0
nlJn,0,2,2,0.0
nlJs,0,1,1,0.0
nlKP,0,1,1,0.0
nlKl,0,0,0,
nlKn,0,1,1,0.0
nlLB,1,1,2,0.5
nlLL,0,0,0,
nlLM,1,4,5,0.2
nlLN,1,2,3,0.33
nlLP,5,3,8,0.62
nlLS,2,4,6,0.33
nlLb,2,1,3,0.67
nlLh,3,2,5,0.6
nlLj,1,1,2,0.5
nlLl,1,0,1,1.0
nlLm,1,2,3,0.33
nlLn,1,2,3,0.33
nlLs,2,0,2,1.0
nlLt,1,0,1,1.0
nlMB,3,8,11,0.27
nlML,3,0,3,1.0
nlMM,4,7,11,0.36
nlMN,9,1,10,0.9
nlMP,14,7,21,0.67
nlMS,1,4,5,0.2
nlMb,7,4,11,0.64
nlMh,3,5,8,0.38
nlMj,1,0,1,1.0
nlMl,2,3,5,0.4
nlMm,5,12,17,0.29
nlMn,11,3,14,0.79
nlMs,4,5,9,0.44
nlMt,1,3,4,0.25
nlNB,7,8,15,0.47
nlNH,1,0,1,1.0
nlNK,1,1,2,0.5
nlNL,6,6,12,0.5
nlNM,13,13,26,0.5
nlNN,8,8,16,0.5
nlNP,15,14,29,0.52
nlNS,2,4,6,0.33
nlNb,10,10,20,0.5
nlNh,1,3,4,0.25
nlNl,1,1,2,0.5
nlNm,4,5,9,0.44
nlNn,14,15,29,0.48
nlNs,4,9,13,0.31
nlNt,2,4,6,0.33
nlPB,6,7,13,0.46
nlPD,1,0,1,1.0
nlPH,1,4,5,0.2
nlPK,0,0,0,
nlPL,10,6,16,0.62
nlPM,8,10,18,0.44
nlPN,10,14,24,0.42
nlPP,18,6,24,0.75
nlPS,5,6,11,0.45
nlPb,10,4,14,0.71
nlPl,5,2,7,0.71
nlPm,7,8,15,0.47
nlPn,15,11,26,0.58
nlPs,9,5,14,0.64
nlPt,3,2,5,0.6
nlSB,2,2,4,0.5
nlSH,0,2,2,0.0
nlSK,0,0,0,
nlSL,1,1,2,0.5
nlSM,3,7,10,0.3
nlSN,7,5,12,0.58
nlSP,7,7,14,0.5
nlSS,5,2,7,0.71
nlSb,2,3,5,0.4
nlSh,2,2,4,0.5
nlSl,0,4,4,0.0
nlSm,4,4,8,0.5
nlSn,6,7,13,0.46
nlSs,9,4,13,0.69
nlbB,4,8,12,0.33
nlbD,2,1,3,0.67
nlbH,4,4,8,0.5
nlbI,1,0,1,1.0
nlbJ,2,2,4,0.5
nlbL,4,3,7,0.57
nlbM,7,7,14,0.5
nlbN,9,7,16,0.56
nlbP,15,7,22,0.68
nlbS,1,4,5,0.2
nlbb,11,10,21,0.52
nlbl,3,5,8,0.38
nlbm,3,7,10,0.3
nlbn,11,6,17,0.65
nlbs,4,8,12,0.33
nlhB,0,1,1,0.0
nllB,1,3,4,0.25
nllH,2,7,9,0.22
nllJ,2,1,3,0.67
nllL,1,0,1,1.0
nllM,6,1,7,0.86
nllN,4,3,7,0.57
nllP,2,7,9,0.22
nllS,1,2,3,0.33
nllb,4,1,5,0.8
nlll,1,1,2,0.5
nllm,3,1,4,0.75
nlln,0,3,3,0.0
nlls,3,2,5,0.6
nlmB,2,3,5,0.4
nlmH,5,1,6,0.83
nlmI,2,1,3,0.67
nlmJ,1,1,2,0.5
nlmL,2,1,3,0.67
nlmM,4,5,9,0.44
nlmN,5,8,13,0.38
nlmP,7,19,26,0.27
nlmS,2,2,4,0.5
nlmb,5,1,6,0.83
nlml,2,1,3,0.67
nlmm,6,0,6,1.0
nlmn,6,7,13,0.46
nlms,1,2,3,0.33
nlnB,3,6,9,0.33
nlnH,3,4,7,0.43
nlnK,0,1,1,0.0
nlnL,1,1,2,0.5
nlnM,5,5,10,0.5
nlnN,11,12,23,0.48
nlnP,9,9,18,0.5
nlnS,6,2,8,0.75
nlnb,4,7,11,0.36
nlnl,2,1,3,0.67
nlnm,6,3,9,0.67
nlnn,8,7,15,0.53
nlns,4,4,8,0.5
nlsB,2,1,3,0.67
nlsH,3,4,7,0.43
nlsL,0,2,2,0.0
nlsM,4,4,8,0.5
nlsN,9,4,13,0.69
nlsP,2,3,5,0.4
nlsS,2,1,3,0.67
nlsb,4,4,8,0.5
nlsl,1,3,4,0.25
nlsm,2,5,7,0.29
nlsn,2,3,5,0.4
nlss,2,2,4,0.5
nlst,0,1,1,0.0
nmBB,7,7,14,0.5
nmBD,2,0,2,1.0
nmBH,0,1,1,0.0
nmBK,1,0,1,1.0
nmBL,1,0,1,1.0
nmBM,12,6,18,0.67
nmBN,11,15,26,0.42
nmBP,7,16,23,0.3
nmBS,8,5,13,0.62
nmBb,3,7,10,0.3
nmBh,1,3,4,0.25
nmBj,3,5,8,0.38
nmBl,5,5,10,0.5
nmBm,13,5,18,0.72
nmBn,16,16,32,0.5
nmBs,4,6,10,0.4
nmBt,1,2,3,0.33
nmDB,0,0,0,
nmDD,0,0,0,
nmDH,1,2,3,0.33
nmDL,0,2,2,0.0
nmDM,2,2,4,0.5
nmDN,3,1,4,0.75
nmDP,0,1,1,0.0
nmDS,0,0,0,
nmDb,0,2,2,0.0
nmDl,1,0,1,1.0
nmDm,1,0,1,1.0
nmDn,2,0,2,1.0
nmDs,0,1,1,0.0
nmDt,0,1,1,0.0
nmHB,4,10,14,0.29
nmHD,0,1,1,0.0
nmHH,4,0,4,1.0
nmHI,0,1,1,0.0
nmHL,4,5,9,0.44
nmHM,12,21,33,0.36
nmHN,7,16,23,0.3
nmHP,21,10,31,0.68
nmHS,3,7,10,0.3
nmHb,13,7,20,0.65
nmHh,4,5,9,0.44
nmHl,6,4,10,0.6
nmHm,12,5,17,0.71
nmHn,11,10,21,0.52
nmHs,7,5,12,0.58
nmHt,1,4,5,0.2
nmIB,0,4,4,0.0
nmIH,1,1,2,0.5
nmIL,0,1,1,0.0
nmIM,3,0,3,1.0
nmIN,0,1,1,0.0
nmIP,3,2,5,0.6
nmIb,2,2,4,0.5
nmIl,0,1,1,0.0
nmIm,0,4,4,0.0
nmIn,1,0,1,1.0
nmIs,1,0,1,1.0
nmJB,1,1,2,0.5
nmJH,3,1,4,0.75
nmJL,3,1,4,0.75
nmJM,3,4,7,0.43
nmJN,2,4,6,0.33
nmJP,2,5,7,0.29
nmJS,0,3,3,0.0
nmJb,2,5,7,0.29
nmJh,1,0,1,1.0
nmJl,2,0,2,1.0
nmJm,2,2,4,0.5
nmJn,3,5,8,0.38
nmJs,0,2,2,0.0
nmJt,1,2,3,0.33
nmKB,0,1,1,0.0
nmKb,0,1,1,0.0
nmLB,4,6,10,0.4
nmLH,0,1,1,0.0
nmLL,2,1,3,0.67
nmLM,3,5,8,0.38
nmLN,6,7,13,0.46
nmLP,5,3,8,0.62
nmLS,4,3,7,0.57
nmLb,3,1,4,0.75
nmLh,2,3,5,0.4
nmLj,0,3,3,0.0
nmLl,2,2,4,0.5
nmLm,6,0,6,1.0
nmLn,5,6,11,0.45
nmLs,6,2,8,0.75
nmLt,2,0,2,1.0
nmMB,5,0,5,1.0
nmMD,0,1,1,0.0
nmMK,1,0,1,1.0
nmML,7,1,8,0.88
nmMM,11,24,35,0.31
nmMN,23,14,37,0.62
nmMP,25,9,34,0.74
nmMS,10,6,16,0.62
nmMb,9,12,21,0.43
nmMh,11,12,23,0.48
nmMj,1,4,5,0.2
nmMl,5,5,10,0.5
nmMm,6,12,18,0.33
nmMn,16,19,35,0.46
nmMs,8,5,13,0.62
nmMt,0,5,5,0.0
nmNB,9,10,19,0.47
nmND,1,1,2,0.5
nmNH,2,5,7,0.29
nmNL,1,9,10,0.1
nmNM,9,17,26,0.35
nmNN,14,38,52,0.27
nmNP,30,21,51,0.59
nmNS,11,10,21,0.52
nmNb,24,12,36,0.67
nmNh,4,5,9,0.44
nmNl,7,5,12,0.58
nmNm,8,2,10,0.8
nmNn,31,26,57,0.54
nmNs,11,7,18,0.61
nmNt,7,1,8,0.88
nmPB,9,16,25,0.36
nmPD,1,3,4,0.25
nmPH,2,5,7,0.29
nmPI,2,0,2,1.0
nmPK,1,0,1,1.0
nmPL,8,5,13,0.62
nmPM,25,10,35,0.71
nmPN,20,26,46,0.43
nmPP,26,18,44,0.59
nmPS,12,9,21,0.57
nmPb,17,18,35,0.49
nmPh,2,2,4,0.5
nmPl,11,8,19,0.58
nmPm,15,8,23,0.65
nmPn,32,16,48,0.67
nmPs,10,5,15,0.67
nmPt,2,3,5,0.4
nmSB,4,6,10,0.4
nmSD,1,1,2,0.5
nmSH,1,3,4,0.25
nmSK,0,1,1,0.0
nmSL,4,2,6,0.67
nmSM,9,8,17,0.53
nmSN,9,5,14,0.64
nmSP,12,11,23,0.52
nmSS,7,7,14,0.5
nmSb,3,7,10,0.3
nmSh,2,5,7,0.29
nmSl,3,1,4,0.75
nmSm,6,4,10,0.6
nmSn,15,8,23,0.65
nmSs,10,5,15,0.67
nmSt,3,0,3,1.0
nmbB,14,13,27,0.52
nmbD,0,1,1,0.0
nmbH,3,4,7,0.43
nmbI,0,0,0,
nmbJ,4,5,9,0.44
nmbL,5,3,8,0.62
nmbM,12,7,19,0.63
nmbN,23,18,41,0.56
nmbP,19,16,35,0.54
nmbS,5,5,10,0.5
nmbb,17,16,33,0.52
nmbl,1,5,6,0.17
nmbm,9,4,13,0.69
nmbn,13,15,28,0.46
nmbs,2,8,10,0.2
nmlB,8,5,13,0.62
nmlH,2,3,5,0.4
nmlI,1,1,2,0.5
nmlJ,1,2,3,0.33
nmlK,0,1,1,0.0
nmlL,3,2,5,0.6
nmlM,2,7,9,0.22
nmlN,7,10,17,0.41
nmlP,7,7,14,0.5
nmlS,2,2,4,0.5
nmlb,1,3,4,0.25
nmll,2,0,2,1.0
nmlm,6,1,7,0.86
nmln,7,4,11,0.64
nmls,2,3,5,0.4
nmmB,11,11,22,0.5
nmmD,2,0,2,1.0
nmmH,5,8,13,0.38
nmmI,1,2,3,0.33
nmmJ,1,0,1,1.0
nmmL,0,7,7,0.0
nmmM,5,8,13,0.38
nmmN,15,16,31,0.48
nmmP,17,9,26,0.65
nmmS,6,4,10,0.6
nmmb,11,9,20,0.55
nmml,1,2,3,0.33
nmmm,9,4,13,0.69
nmmn,9,7,16,0.56
nmms,2,3,5,0.4
nmnB,10,8,18,0.56
nmnD,1,0,1,1.0
nmnH,8,11,19,0.42
nmnI,0,3,3,0.0
nmnK,0,1,1,0.0
nmnL,2,1,3,0.67
nmnM,16,23,39,0.41
nmnN,24,17,41,0.59
nmnP,21,20,41,0.51
nmnS,8,7,15,0.53
nmnb,10,10,20,0.5
nmnh,1,0,1,1.0
nmnl,10,4,14,0.71
nmnm,9,13,22,0.41
nmnn,19,22,41,0.46
nmns,7,9,16,0.44
nmsB,5,6,11,0.45
nmsD,0,2,2,0.0
nmsH,5,4,9,0.56
nmsI,0,0,0,
nmsL,1,2,3,0.33
nmsM,5,6,11,0.45
nmsN,6,6,12,0.5
nmsP,14,8,22,0.64
nmsS,7,7,14,0.5
nmsb,5,3,8,0.62
nmsl,3,4,7,0.43
nmsm,5,2,7,0.71
nmsn,4,5,9,0.44
nmss,3,4,7,0.43
nn,1,0,1,1.0
nnBB,6,10,16,0.38
nnBD,1,0,1,1.0
nnBK,2,1,3,0.67
nnBL,1,1,2,0.5
nnBM,12,11,23,0.52
nnBN,14,17,31,0.45
nnBP,20,15,35,0.57
nnBS,7,6,13,0.54
nnBb,10,7,17,0.59
nnBh,1,0,1,1.0
nnBj,3,5,8,0.38
nnBl,5,1,6,0.83
nnBm,11,7,18,0.61
nnBn,21,20,41,0.51
nnBs,3,6,9,0.33
nnBt,6,1,7,0.86
nnDB,1,0,1,1.0
nnDH,1,0,1,1.0
nnDL,1,2,3,0.33
nnDM,2,2,4,0.5
nnDN,1,2,3,0.33
nnDP,1,2,3,0.33
nnDS,2,2,4,0.5
nnDb,2,3,5,0.4
nnDl,2,1,3,0.67
nnDm,0,3,3,0.0
nnDn,7,0,7,1.0
nnDs,2,2,4,0.5
nnDt,0,1,1,0.0
nnHB,12,4,16,0.75
nnHD,2,2,4,0.5
nnHH,1,1,2,0.5
nnHI,1,0,1,1.0
nnHL,3,2,5,0.6
nnHM,5,10,15,0.33
nnHN,13,11,24,0.54
nnHP,12,17,29,0.41
nnHS,9,9,18,0.5
nnHb,9,9,18,0.5
nnHh,5,6,11,0.45
nnHl,6,4,10,0.6
nnHm,9,6,15,0.6
nnHn,22,14,36,0.61
nnHs,6,7,13,0.46
nnHt,2,0,2,1.0
nnIB,1,1,2,0.5
nnID,1,1,2,0.5
nnIH,2,3,5,0.4
nnII,0,2,2,0.0
nnIK,0,0,0,
nnIL,0,1,1,0.0
nnIM,1,4,5,0.2
nnIN,2,2,4,0.5
nnIP,6,3,9,0.67
nnIS,1,2,3,0.33
nnIb,0,1,1,0.0
nnIl,4,0,4,1.0
nnIm,0,1,1,0.0
nnIn,1,1,2,0.5
nnIs,3,0,3,1.0
nnKB,0,2,2,0.0
nnKH,0,1,1,0.0
nnKL,1,0,1,1.0
nnKM,1,0,1,1.0
nnKN,1,3,4,0.25
nnKP,1,4,5,0.2
nnKS,0,1,1,0.0
nnKb,3,0,3,1.0
nnKh,1,1,2,0.5
nnKl,0,1,1,0.0
nnKm,0,0,0,
nnKn,1,1,2,0.5
nnKs,1,3,4,0.25
nnKt,1,1,2,0.5
nnL,0,1,1,0.0
nnLB,4,4,8,0.5
nnLK,0,1,1,0.0
nnLL,1,2,3,0.33
nnLM,7,3,10,0.7
nnLN,6,8,14,0.43
nnLP,8,10,18,0.44
nnLS,3,4,7,0.43
nnLb,4,2,6,0.67
nnLh,3,1,4,0.75
nnLj,2,4,6,0.33
nnLl,5,3,8,0.62
nnLm,8,4,12,0.67
nnLn,4,11,15,0.27
nnLs,4,5,9,0.44
nnMB,12,13,25,0.48
nnMD,0,1,1,0.0
nnMK,0,0,0,
nnML,5,6,11,0.45
nnMM,19,21,40,0.48
nnMN,15,22,37,0.41
nnMP,21,19,40,0.52
nnMS,10,13,23,0.43
nnMb,18,17,35,0.51
nnMh,13,21,34,0.38
nnMj,5,6,11,0.45
nnMl,4,6,10,0.4
nnMm,9,15,24,0.38
nnMn,21,35,56,0.38
nnMs,15,7,22,0.68
nnMt,7,4,11,0.64
nnNB,12,15,27,0.44
nnND,3,3,6,0.5
nnNH,4,4,8,0.5
nnNI,0,0,0,
nnNK,3,3,6,0.5
nnNL,10,10,20,0.5
nnNM,24,24,48,0.5
nnNN,28,26,54,0.52
nnNP,44,48,92,0.48
nnNS,17,22,39,0.44
nnNb,29,25,54,0.54
nnNh,16,8,24,0.67
nnNl,10,7,17,0.59
nnNm,23,24,47,0.49
nnNn,43,29,72,0.6
nnNs,18,13,31,0.58
nnNt,7,7,14,0.5
nnPB,31,15,46,0.67
nnPD,2,2,4,0.5
nnPH,9,4,13,0.69
nnPI,3,0,3,1.0
nnPK,6,7,13,0.46
nnPL,13,13,26,0.5
nnPM,33,34,67,0.49
nnPN,44,36,80,0.55
nnPP,51,41,92,0.55
nnPS,18,24,42,0.43
nnPb,25,26,51,0.49
nnPh,2,3,5,0.4
nnPl,12,13,25,0.48
nnPm,23,26,49,0.47
nnPn,38,27,65,0.58
nnPs,19,19,38,0.5
nnPt,5,6,11,0.45
nnSB,10,6,16,0.62
nnSD,2,1,3,0.67
nnSH,1,2,3,0.33
nnSK,1,0,1,1.0
nnSL,3,0,3,1.0
nnSM,10,17,27,0.37
nnSN,14,11,25,0.56
nnSP,18,20,38,0.47
nnSS,11,23,34,0.32
nnSb,16,12,28,0.57
nnSh,9,9,18,0.5
nnSl,5,4,9,0.56
nnSm,3,11,14,0.21
nnSn,19,27,46,0.41
nnSs,5,7,12,0.42
nnSt,3,3,6,0.5
nnbB,10,10,20,0.5
nnbD,3,0,3,1.0
nnbH,4,7,11,0.36
nnbI,0,2,2,0.0
nnbJ,5,8,13,0.38
nnbK,2,1,3,0.67
nnbL,5,10,15,0.33
nnbM,21,20,41,0.51
nnbN,37,37,74,0.5
nnbP,35,24,59,0.59
nnbS,7,11,18,0.39
nnbb,17,25,42,0.4
nnbl,5,11,16,0.31
nnbm,18,9,27,0.67
nnbn,21,20,41,0.51
nnbs,7,9,16,0.44
nnhB,1,0,1,1.0
nnhD,0,1,1,0.0
nnhL,1,0,1,1.0
nnhM,1,0,1,1.0
nnhN,0,0,0,
nnhP,1,0,1,1.0
nnhS,0,1,1,0.0
nnhb,1,0,1,1.0
nnhs,0,1,1,0.0
nnlB,6,8,14,0.43
nnlH,7,8,15,0.47
nnlI,0,4,4,0.0
nnlJ,1,3,4,0.25
nnlK,0,1,1,0.0
nnlL,2,1,3,0.67
nnlM,5,5,10,0.5
nnlN,10,6,16,0.62
nnlP,9,14,23,0.39
nnlS,3,12,15,0.2
nnlb,9,11,20,0.45
nnll,0,4,4,0.0
nnlm,10,6,16,0.62
nnln,7,7,14,0.5
nnls,3,5,8,0.38
nnmB,8,9,17,0.47
nnmD,3,0,3,1.0
nnmH,9,11,20,0.45
nnmI,1,1,2,0.5
nnmJ,2,3,5,0.4
nnmL,7,4,11,0.64
nnmM,15,14,29,0.52
nnmN,16,24,40,0.4
nnmP,10,16,26,0.38
nnmS,10,11,21,0.48
nnmb,21,17,38,0.55
nnml,4,4,8,0.5
nnmm,13,6,19,0.68
nnmn,19,14,33,0.58
nnms,5,5,10,0.5
nnnB,15,13,28,0.54
nnnD,1,1,2,0.5
nnnH,14,20,34,0.41
nnnI,1,3,4,0.25
nnnK,0,0,0,
nnnL,7,9,16,0.44
nnnM,26,19,45,0.58
nnnN,28,37,65,0.43
nnnP,37,33,70,0.53
nnnS,17,17,34,0.5
nnnb,23,21,44,0.52
nnnl,10,10,20,0.5
nnnm,18,11,29,0.62
nnnn,30,38,68,0.44
nnns,16,11,27,0.59
nnsB,5,6,11,0.45
nnsD,1,1,2,0.5
nnsH,8,10,18,0.44
nnsI,3,3,6,0.5
nnsL,10,3,13,0.77
nnsM,5,23,28,0.18
nnsN,17,11,28,0.61
nnsP,21,16,37,0.57
nnsS,5,12,17,0.29
nnsb,12,15,27,0.44
nnsh,0,0,0,
nnsl,2,5,7,0.29
nnsm,15,11,26,0.58
nnsn,10,12,22,0.45
nnss,9,8,17,0.53
nnst,1,0,1,1.0
nntl,1,0,1,1.0
nsBB,4,5,9,0.44
nsBD,1,0,1,1.0
nsBH,1,0,1,1.0
nsBL,0,1,1,0.0
nsBM,5,9,14,0.36
nsBN,4,7,11,0.36
nsBP,6,5,11,0.55
nsBS,8,0,8,1.0
nsBb,8,5,13,0.62
nsBj,2,1,3,0.67
nsBl,3,1,4,0.75
nsBm,6,2,8,0.75
nsBn,12,12,24,0.5
nsBs,2,5,7,0.29
nsBt,1,2,3,0.33
nsDB,1,1,2,0.5
nsDD,0,1,1,0.0
nsDH,1,1,2,0.5
nsDM,1,2,3,0.33
nsDN,2,1,3,0.67
nsDP,2,0,2,1.0
nsDS,0,2,2,0.0
nsDb,1,0,1,1.0
nsDm,0,2,2,0.0
nsDn,1,2,3,0.33
nsDt,0,1,1,0.0
nsHB,9,6,15,0.6
nsHD,1,1,2,0.5
nsHH,0,2,2,0.0
nsHI,0,1,1,0.0
nsHK,0,0,0,
nsHL,1,3,4,0.25
nsHM,9,11,20,0.45
nsHN,7,12,19,0.37
nsHP,15,14,29,0.52
nsHS,8,8,16,0.5
nsHb,6,3,9,0.67
nsHh,1,1,2,0.5
nsHl,6,4,10,0.6
nsHm,8,10,18,0.44
nsHn,7,11,18,0.39
nsHs,10,4,14,0.71
nsHt,0,2,2,0.0
nsIB,1,0,1,1.0
nsIH,0,2,2,0.0
nsIL,0,0,0,
nsIM,1,0,1,1.0
nsIN,1,4,5,0.2
nsIP,3,1,4,0.75
nsIS,0,0,0,
nsIb,3,2,5,0.6
nsIh,0,0,0,
nsIl,1,0,1,1.0
nsIm,1,1,2,0.5
nsIn,2,0,2,1.0
nsIs,1,1,2,0.5
nsKM,0,1,1,0.0
nsKP,1,0,1,1.0
nsKh,0,1,1,0.0
nsKm,1,0,1,1.0
nsKn,0,1,1,0.0
nsLB,2,5,7,0.29
nsLK,0,1,1,0.0
nsLL,1,3,4,0.25
nsLM,4,6,10,0.4
nsLN,4,3,7,0.57
nsLP,3,5,8,0.38
nsLS,4,3,7,0.57
nsLb,2,2,4,0.5
nsLh,3,0,3,1.0
nsLj,1,1,2,0.5
nsLl,2,3,5,0.4
nsLm,1,4,5,0.2
nsLn,8,4,12,0.67
nsLs,4,2,6,0.67
nsLt,0,1,1,0.0
nsMB,6,7,13,0.46
nsMD,0,0,0,
nsML,2,9,11,0.18
nsMM,8,5,13,0.62
nsMN,8,8,16,0.5
nsMP,9,17,26,0.35
nsMS,5,10,15,0.33
nsMb,5,10,15,0.33
nsMh,7,11,18,0.39
nsMj,3,2,5,0.6
nsMl,5,3,8,0.62
nsMm,13,15,28,0.46
nsMn,14,18,32,0.44
nsMs,4,6,10,0.4
nsMt,3,0,3,1.0
nsNB,12,9,21,0.57
nsND,1,1,2,0.5
nsNH,2,2,4,0.5
nsNK,0,0,0,
nsNL,2,1,3,0.67
nsNM,13,11,24,0.54
nsNN,16,18,34,0.47
nsNP,18,22,40,0.45
nsNS,9,9,18,0.5
nsNb,15,6,21,0.71
nsNh,6,3,9,0.67
nsNl,7,3,10,0.7
nsNm,12,11,23,0.52
nsNn,15,15,30,0.5
nsNs,13,13,26,0.5
nsNt,10,3,13,0.77
nsPB,19,12,31,0.61
nsPD,0,1,1,0.0
nsPH,3,2,5,0.6
nsPI,0,1,1,0.0
nsPK,2,3,5,0.4
nsPL,2,7,9,0.22
nsPM,11,27,38,0.29
nsPN,22,22,44,0.5
nsPP,18,20,38,0.47
nsPS,6,3,9,0.67
nsPb,18,12,30,0.6
nsPh,3,0,3,1.0
nsPl,9,8,17,0.53
nsPm,16,8,24,0.67
nsPn,22,12,34,0.65
nsPs,6,8,14,0.43
nsPt,1,1,2,0.5
nsSB,4,6,10,0.4
nsSD,1,0,1,1.0
nsSH,0,1,1,0.0
nsSK,0,1,1,0.0
nsSL,2,5,7,0.29
nsSM,6,9,15,0.4
nsSN,6,10,16,0.38
nsSP,18,11,29,0.62
nsSS,6,9,15,0.4
nsSb,8,7,15,0.53
nsSh,6,5,11,0.55
nsSl,5,1,6,0.83
nsSm,2,5,7,0.29
nsSn,12,13,25,0.48
nsSs,8,6,14,0.57
nsSt,3,2,5,0.6
nsbB,9,6,15,0.6
nsbD,0,1,1,0.0
nsbH,3,1,4,0.75
nsbI,0,1,1,0.0
nsbJ,4,1,5,0.8
nsbK,0,1,1,0.0
nsbL,1,2,3,0.33
nsbM,10,13,23,0.43
nsbN,13,13,26,0.5
nsbP,11,19,30,0.37
nsbS,6,8,14,0.43
nsbb,11,6,17,0.65
nsbl,6,3,9,0.67
nsbm,4,7,11,0.36
nsbn,7,12,19,0.37
nsbs,5,6,11,0.45
nshH,0,1,1,0.0
nshP,1,0,1,1.0
nshb,2,0,2,1.0
nshh,0,1,1,0.0
nshn,0,1,1,0.0
nslB,2,1,3,0.67
nslD,1,0,1,1.0
nslH,1,3,4,0.25
nslJ,1,0,1,1.0
nslL,2,1,3,0.67
nslM,6,6,12,0.5
nslN,6,2,8,0.75
nslP,9,1,10,0.9
nslS,2,0,2,1.0
nslb,3,6,9,0.33
nsll,2,4,6,0.33
nslm,4,2,6,0.67
nsln,5,6,11,0.45
nsls,1,0,1,1.0
nsmB,3,3,6,0.5
nsmD,1,0,1,1.0
nsmH,15,4,19,0.79
nsmJ,1,3,4,0.25
nsmL,2,2,4,0.5
nsmM,10,6,16,0.62
nsmN,10,10,20,0.5
nsmP,8,11,19,0.42
nsmS,3,8,11,0.27
nsmb,14,7,21,0.67
nsml,1,5,6,0.17
nsmm,4,4,8,0.5
nsmn,4,10,14,0.29
nsms,3,2,5,0.6
nsnB,8,6,14,0.57
nsnD,2,1,3,0.67
nsnH,8,5,13,0.62
nsnI,2,0,2,1.0
nsnK,1,0,1,1.0
nsnL,3,1,4,0.75
nsnM,14,8,22,0.64
nsnN,12,15,27,0.44
nsnP,17,21,38,0.45
nsnS,6,6,12,0.5
nsnb,8,7,15,0.53
nsnl,4,5,9,0.44
nsnm,6,3,9,0.67
nsnn,11,10,21,0.52
nsns,10,6,16,0.62
nssB,3,2,5,0.6
nssD,1,1,2,0.5
nssH,8,10,18,0.44
nssI,0,1,1,0.0
nssL,0,2,2,0.0
nssM,9,8,17,0.53
nssN,7,10,17,0.41
nssP,7,10,17,0.41
nssS,8,8,16,0.5
nssb,6,9,15,0.4
nssh,1,1,2,0.5
nssl,5,7,12,0.42
nssm,7,7,14,0.5
nssn,7,6,13,0.54
nsss,5,6,11,0.45
nstN,0,1,1,0.0
nstl,1,0,1,1.0
ntHP,1,0,1,1.0
ntLt,0,1,1,0.0
ntMn,1,1,2,0.5
ntbM,0,1,1,0.0
ntlS,0,1,1,0.0
ntmB,1,0,1,1.0
ntmN,2,0,2,1.0
sBBB,3,2,5,0.6
sBBK,1,0,1,1.0
sBBL,0,2,2,0.0
sBBM,4,0,4,1.0
sBBN,4,3,7,0.57
sBBP,4,6,10,0.4
sBBS,0,1,1,0.0
sBBb,1,2,3,0.33
sBBj,1,1,2,0.5
sBBl,1,2,3,0.33
sBBm,3,2,5,0.6
sBBn,8,5,13,0.62
sBBs,2,3,5,0.4
sBBt,0,1,1,0.0
sBDD,0,1,1,0.0
sBDL,0,1,1,0.0
sBDN,0,1,1,0.0
sBDP,1,1,2,0.5
sBDS,0,1,1,0.0
sBDn,1,0,1,1.0
sBHN,0,0,0,
sBHP,1,0,1,1.0
sBHS,0,1,1,0.0
sBHb,1,0,1,1.0
sBHn,1,0,1,1.0
sBKB,0,2,2,0.0
sBKM,2,0,2,1.0
sBKP,0,0,0,
sBKb,1,0,1,1.0
sBKm,0,1,1,0.0
sBKt,1,0,1,1.0
sBLB,2,2,4,0.5
sBLL,1,0,1,1.0
sBLM,0,2,2,0.0
sBLN,2,1,3,0.67
sBLP,2,4,6,0.33
sBLS,0,2,2,0.0
sBLb,0,1,1,0.0
sBLh,0,2,2,0.0
sBLj,1,2,3,0.33
sBLl,1,1,2,0.5
sBLm,3,1,4,0.75
sBLn,2,1,3,0.67
sBLs,2,1,3,0.67
sBLt,0,1,1,0.0
sBMB,2,4,6,0.33
sBMD,0,1,1,0.0
sBMK,1,0,1,1.0
sBML,1,4,5,0.2
sBMM,4,2,6,0.67
sBMN,0,8,8,0.0
sBMP,8,6,14,0.57
sBMS,4,3,7,0.57
sBMb,4,7,11,0.36
sBMh,5,3,8,0.62
sBMj,0,3,3,0.0
sBMl,2,1,3,0.67
sBMm,5,0,5,1.0
sBMn,9,11,20,0.45
sBMs,1,4,5,0.2
sBMt,1,0,1,1.0
sBNB,6,1,7,0.86
sBNH,1,1,2,0.5
sBNL,1,1,2,0.5
sBNM,2,5,7,0.29
sBNN,10,6,16,0.62
sBNP,7,10,17,0.41
sBNS,4,4,8,0.5
sBNb,6,5,11,0.55
sBNh,3,2,5,0.6
sBNl,0,4,4,0.0
sBNm,3,4,7,0.43
sBNn,8,7,15,0.53
sBNs,2,3,5,0.4
sBNt,2,0,2,1.0
sBPB,4,3,7,0.57
sBPD,0,1,1,0.0
sBPH,2,1,3,0.67
sBPI,1,0,1,1.0
sBPK,1,0,1,1.0
sBPL,0,2,2,0.0
sBPM,5,2,7,0.71
sBPN,7,8,15,0.47
sBPP,10,8,18,0.56
sBPS,5,2,7,0.71
sBPb,5,10,15,0.33
sBPh,1,1,2,0.5
sBPl,2,2,4,0.5
sBPm,6,3,9,0.67
sBPn,6,7,13,0.46
sBPs,3,3,6,0.5
sBPt,1,1,2,0.5
sBSB,2,4,6,0.33
sBSD,1,1,2,0.5
sBSH,0,1,1,0.0
sBSK,1,0,1,1.0
sBSL,0,1,1,0.0
sBSM,2,3,5,0.4
sBSN,2,5,7,0.29
sBSP,7,0,7,1.0
sBSS,3,2,5,0.6
sBSb,4,6,10,0.4
sBSh,2,1,3,0.67
sBSl,0,0,0,
sBSm,1,2,3,0.33
sBSn,2,5,7,0.29
sBSs,2,1,3,0.67
sBSt,1,0,1,1.0
sBbB,0,3,3,0.0
sBbH,2,2,4,0.5
sBbJ,2,0,2,1.0
sBbK,1,0,1,1.0
sBbL,1,2,3,0.33
sBbM,3,8,11,0.27
sBbN,9,5,14,0.64
sBbP,4,7,11,0.36
sBbS,1,1,2,0.5
sBbb,7,7,14,0.5
sBbl,1,2,3,0.33
sBbm,4,3,7,0.57
sBbn,7,11,18,0.39
sBbs,2,0,2,1.0
sBhB,0,0,0,
sBhM,2,0,2,1.0
sBhN,1,0,1,1.0
sBhP,0,1,1,0.0
sBhn,0,1,1,0.0
sBhs,1,0,1,1.0
sBjB,1,2,3,0.33
sBjL,0,3,3,0.0
sBjM,4,0,4,1.0
sBjN,1,3,4,0.25
sBjP,2,1,3,0.67
sBjS,2,0,2,1.0
sBjb,0,0,0,
sBjl,1,1,2,0.5
sBjm,0,2,2,0.0
sBjn,4,1,5,0.8
sBjs,2,0,2,1.0
sBlB,6,1,7,0.86
sBlH,4,2,6,0.67
sBlI,1,0,1,1.0
sBlJ,0,0,0,
sBlM,2,3,5,0.4
sBlN,1,2,3,0.33
sBlP,3,2,5,0.6
sBlS,0,1,1,0.0
sBlb,1,0,1,1.0
sBll,1,0,1,1.0
sBlm,4,0,4,1.0
sBln,0,0,0,
sBls,2,1,3,0.67
sBmB,3,7,10,0.3
sBmD,0,1,1,0.0
sBmH,1,5,6,0.17
sBmI,0,1,1,0.0
sBmJ,1,0,1,1.0
sBmL,1,0,1,1.0
sBmM,6,4,10,0.6
sBmN,6,0,6,1.0
sBmP,4,4,8,0.5
sBmS,2,3,5,0.4
sBmb,2,7,9,0.22
sBml,3,1,4,0.75
sBmm,3,2,5,0.6
sBmn,1,8,9,0.11
sBms,0,1,1,0.0
sBnB,3,2,5,0.6
sBnH,6,3,9,0.67
sBnI,0,1,1,0.0
sBnL,1,5,6,0.17
sBnM,6,5,11,0.55
sBnN,11,5,16,0.69
sBnP,13,13,26,0.5
sBnS,3,5,8,0.38
sBnb,5,6,11,0.45
sBnh,0,1,1,0.0
sBnl,2,0,2,1.0
sBnm,5,3,8,0.62
sBnn,7,8,15,0.47
sBns,6,1,7,0.86
sBsB,3,4,7,0.43
sBsH,0,2,2,0.0
sBsL,3,1,4,0.75
sBsM,2,3,5,0.4
sBsN,3,0,3,1.0
sBsP,2,0,2,1.0
sBsS,2,1,3,0.67
sBsb,4,0,4,1.0
sBsl,1,0,1,1.0
sBsm,2,0,2,1.0
sBsn,4,2,6,0.67
sBss,2,1,3,0.67
sBtB,0,1,1,0.0
sBtH,2,3,5,0.4
sBtL,0,1,1,0.0
sBtM,1,0,1,1.0
sBtN,0,1,1,0.0
sBtP,0,1,1,0.0
sBtS,2,0,2,1.0
sBtm,2,0,2,1.0
sBtn,0,0,0,
sBts,0,1,1,0.0
sDBN,2,1,3,0.67
sDBP,0,0,0,
sDBS,1,3,4,0.25
sDBb,0,0,0,
sDBs,1,0,1,1.0
sDBt,0,1,1,0.0
sDDP,1,0,1,1.0
sDDn,0,1,1,0.0
sDHB,0,1,1,0.0
sDHM,2,1,3,0.67
sDHN,0,2,2,0.0
sDHP,1,1,2,0.5
sDHS,0,1,1,0.0
sDHb,0,2,2,0.0
sDHh,1,0,1,1.0
sDHl,0,1,1,0.0
sDHn,0,2,2,0.0
sDHs,0,0,0,
sDLL,0,1,1,0.0
sDLM,0,1,1,0.0
sDLN,1,0,1,1.0
sDLS,0,1,1,0.0
sDLb,1,1,2,0.5
sDLs,1,0,1,1.0
sDMB,0,1,1,0.0
sDML,0,0,0,
sDMM,0,0,0,
sDMN,0,2,2,0.0
sDMS,1,0,1,1.0
sDMb,1,2,3,0.33
sDMh,1,0,1,1.0
sDMl,0,0,0,
sDMm,3,1,4,0.75
sDMn,2,0,2,1.0
sDNB,2,2,4,0.5
sDNL,1,0,1,1.0
sDNM,0,0,0,
sDNN,0,1,1,0.0
sDNP,0,2,2,0.0
sDNb,0,1,1,0.0
sDNl,0,1,1,0.0
sDNm,1,1,2,0.5
sDNn,1,0,1,1.0
sDNs,2,0,2,1.0
sDNt,0,0,0,
sDPB,0,0,0,
sDPL,0,1,1,0.0
sDPM,1,1,2,0.5
sDPN,3,1,4,0.75
sDPP,0,2,2,0.0
sDPS,1,1,2,0.5
sDPb,0,2,2,0.0
sDPh,0,1,1,0.0
sDPl,2,0,2,1.0
sDPm,2,0,2,1.0
sDPn,3,0,3,1.0
sDSL,0,1,1,0.0
sDSP,2,1,3,0.67
sDSS,2,0,2,1.0
sDSb,0,0,0,
sDSh,0,0,0,
sDSl,0,0,0,
sDSm,0,1,1,0.0
sDSn,2,1,3,0.67
sDSs,1,0,1,1.0
sDbB,3,1,4,0.75
sDbH,0,0,0,
sDbI,0,1,1,0.0
sDbJ,1,1,2,0.5
sDbM,4,1,5,0.8
sDbN,2,0,2,1.0
sDbb,1,2,3,0.33
sDbn,1,1,2,0.5
sDlN,0,1,1,0.0
sDlP,1,0,1,1.0
sDlb,0,0,0,
sDll,1,1,2,0.5
sDls,1,0,1,1.0
sDmD,1,0,1,1.0
sDmH,2,0,2,1.0
sDmN,1,0,1,1.0
sDmP,0,1,1,0.0
sDmS,0,0,0,
sDmb,1,0,1,1.0
sDmm,3,0,3,1.0
sDmn,2,2,4,0.5
sDnH,1,1,2,0.5
sDnI,1,1,2,0.5
sDnM,0,1,1,0.0
sDnN,2,2,4,0.5
sDnP,0,0,0,
sDnS,1,1,2,0.5
sDnb,1,1,2,0.5
sDnl,1,0,1,1.0
sDnm,1,0,1,1.0
sDnn,1,1,2,0.5
sDns,0,2,2,0.0
sDsI,1,0,1,1.0
sDsM,3,1,4,0.75
sDsN,2,0,2,1.0
sDsP,1,0,1,1.0
sDsS,0,0,0,
sDsb,2,0,2,1.0
sDsl,1,1,2,0.5
sDsn,0,1,1,0.0
sDss,1,0,1,1.0
sDtP,0,0,0,
sDtm,1,0,1,1.0
sDtn,1,0,1,1.0
sHBB,3,5,8,0.38
sHBK,0,2,2,0.0
sHBL,3,3,6,0.5
sHBM,1,3,4,0.25
sHBN,5,5,10,0.5
sHBP,6,4,10,0.6
sHBS,0,3,3,0.0
sHBb,8,10,18,0.44
sHBj,2,2,4,0.5
sHBl,1,3,4,0.25
sHBm,4,3,7,0.57
sHBn,7,8,15,0.47
sHBs,6,4,10,0.6
sHBt,3,1,4,0.75
sHDB,1,0,1,1.0
sHDH,3,1,4,0.75
sHDL,0,1,1,0.0
sHDM,1,0,1,1.0
sHDN,1,0,1,1.0
sHDP,3,1,4,0.75
sHDS,1,0,1,1.0
sHDb,1,0,1,1.0
sHDl,0,0,0,
sHDm,1,1,2,0.5
sHDn,3,0,3,1.0
sHDs,0,3,3,0.0
sHDt,0,0,0,
sHHB,2,1,3,0.67
sHHD,1,0,1,1.0
sHHH,2,1,3,0.67
sHHK,1,0,1,1.0
sHHL,1,0,1,1.0
sHHM,1,2,3,0.33
sHHN,1,2,3,0.33
sHHP,2,2,4,0.5
sHHS,1,1,2,0.5
sHHh,0,1,1,0.0
sHHl,1,0,1,1.0
sHHm,1,2,3,0.33
sHHn,2,0,2,1.0
sHHs,1,3,4,0.25
sHIB,1,0,1,1.0
sHIH,1,0,1,1.0
sHIL,0,2,2,0.0
sHIM,1,0,1,1.0
sHIN,0,1,1,0.0
sHIP,1,0,1,1.0
sHIS,0,1,1,0.0
sHIb,1,0,1,1.0
sHIm,1,1,2,0.5
sHIn,1,0,1,1.0
sHIs,0,1,1,0.0
sHKL,0,1,1,0.0
sHKN,1,1,2,0.5
sHKP,1,2,3,0.33
sHKb,1,1,2,0.5
sHKh,0,2,2,0.0
sHKm,3,0,3,1.0
sHKn,0,0,0,
sHKs,0,1,1,0.0
sHLB,1,0,1,1.0
sHLK,1,0,1,1.0
sHLL,1,0,1,1.0
sHLM,2,2,4,0.5
sHLN,0,1,1,0.0
sHLP,2,3,5,0.4
sHLS,3,2,5,0.6
sHLb,1,2,3,0.33
sHLh,0,3,3,0.0
sHLj,3,2,5,0.6
sHLl,4,2,6,0.67
sHLm,3,1,4,0.75
sHLn,4,5,9,0.44
sHLs,4,3,7,0.57
sHMB,8,8,16,0.5
sHMK,1,0,1,1.0
sHML,2,5,7,0.29
sHMM,7,5,12,0.58
sHMN,6,5,11,0.55
sHMP,9,10,19,0.47
sHMS,5,4,9,0.56
sHMb,11,5,16,0.69
sHMh,4,9,13,0.31
sHMj,2,2,4,0.5
sHMl,4,7,11,0.36
sHMm,8,6,14,0.57
sHMn,10,19,29,0.34
sHMs,6,5,11,0.55
sHMt,1,1,2,0.5
sHNB,4,1,5,0.8
sHNH,1,0,1,1.0
sHNK,0,3,3,0.0
sHNL,4,0,4,1.0
sHNM,9,6,15,0.6
sHNN,10,13,23,0.43
sHNP,8,10,18,0.44
sHNS,9,11,20,0.45
sHNb,12,3,15,0.8
sHNh,5,3,8,0.62
sHNl,3,8,11,0.27
sHNm,7,4,11,0.64
sHNn,16,12,28,0.57
sHNs,4,4,8,0.5
sHNt,1,1,2,0.5
sHPB,4,7,11,0.36
sHPD,1,2,3,0.33
sHPH,3,1,4,0.75
sHPI,2,1,3,0.67
sHPK,1,1,2,0.5
sHPL,6,3,9,0.67
sHPM,21,18,39,0.54
sHPN,12,14,26,0.46
sHPP,12,16,28,0.43
sHPS,3,8,11,0.27
sHPb,9,8,17,0.53
sHPh,2,1,3,0.67
sHPl,4,6,10,0.4
sHPm,12,11,23,0.52
sHPn,10,8,18,0.56
sHPs,6,8,14,0.43
sHPt,0,1,1,0.0
sHSB,4,3,7,0.57
sHSH,2,1,3,0.67
sHSK,0,3,3,0.0
sHSL,0,1,1,0.0
sHSM,5,6,11,0.45
sHSN,4,5,9,0.44
sHSP,11,8,19,0.58
sHSS,4,13,17,0.24
sHSb,1,10,11,0.09
sHSh,7,2,9,0.78
sHSl,3,3,6,0.5
sHSm,6,3,9,0.67
sHSn,5,5,10,0.5
sHSs,9,7,16,0.56
sHSt,2,1,3,0.67
sHbB,6,7,13,0.46
sHbD,1,0,1,1.0
sHbH,1,1,2,0.5
sHbJ,1,1,2,0.5
sHbK,2,1,3,0.67
sHbL,1,2,3,0.33
sHbM,7,7,14,0.5
sHbN,9,7,16,0.56
sHbP,6,11,17,0.35
sHbS,6,2,8,0.75
sHbb,8,8,16,0.5
sHbl,4,3,7,0.57
sHbm,2,4,6,0.33
sHbn,6,8,14,0.43
sHbs,8,4,12,0.67
sHhB,2,1,3,0.67
sHhH,0,1,1,0.0
sHhL,2,2,4,0.5
sHhM,5,6,11,0.45
sHhN,3,1,4,0.75
sHhP,5,8,13,0.38
sHhS,4,7,11,0.36
sHhb,0,5,5,0.0
sHhh,2,2,4,0.5
sHhl,1,4,5,0.2
sHhm,1,4,5,0.2
sHhn,3,3,6,0.5
sHhs,1,3,4,0.25
sHlB,2,4,6,0.33
sHlH,3,4,7,0.43
sHlI,1,0,1,1.0
sHlL,1,0,1,1.0
sHlM,4,5,9,0.44
sHlN,3,9,12,0.25
sHlP,8,6,14,0.57
sHlS,2,2,4,0.5
sHlb,4,1,5,0.8
sHll,5,4,9,0.56
sHln,2,2,4,0.5
sHls,3,3,6,0.5
sHmB,5,6,11,0.45
sHmD,1,1,2,0.5
sHmH,3,3,6,0.5
sHmI,1,0,1,1.0
sHmJ,2,0,2,1.0
sHmL,6,3,9,0.67
sHmM,7,8,15,0.47
sHmN,11,2,13,0.85
sHmP,8,6,14,0.57
sHmS,1,3,4,0.25
sHmb,7,7,14,0.5
sHml,0,2,2,0.0
sHmm,3,2,5,0.6
sHmn,4,2,6,0.67
sHms,5,4,9,0.56
sHnB,4,5,9,0.44
sHnD,2,1,3,0.67
sHnH,6,3,9,0.67
sHnI,2,0,2,1.0
sHnK,3,2,5,0.6
sHnL,6,3,9,0.67
sHnM,7,11,18,0.39
sHnN,15,7,22,0.68
sHnP,14,16,30,0.47
sHnS,15,3,18,0.83
sHnb,10,7,17,0.59
sHnh,0,1,1,0.0
sHnl,5,2,7,0.71
sHnm,3,6,9,0.33
sHnn,15,12,27,0.56
sHns,8,9,17,0.47
sHsB,2,3,5,0.4
sHsD,0,2,2,0.0
sHsH,12,8,20,0.6
sHsI,0,1,1,0.0
sHsL,5,0,5,1.0
sHsM,5,7,12,0.42
sHsN,7,11,18,0.39
sHsP,9,8,17,0.53
sHsS,9,5,14,0.64
sHsb,8,3,11,0.73
sHsl,3,4,7,0.43
sHsm,3,6,9,0.33
sHsn,9,6,15,0.6
sHss,11,6,17,0.65
sHtB,0,0,0,
sHtM,2,0,2,1.0
sHtN,0,1,1,0.0
sHtP,1,3,4,0.25
sHtS,0,0,0,
sHtb,0,2,2,0.0
sHtl,1,1,2,0.5
sHtm,0,2,2,0.0
sHtn,1,1,2,0.5
sHts,1,1,2,0.5
sIBB,1,0,1,1.0
sIBL,1,1,2,0.5
sIBM,1,1,2,0.5
sIBN,1,0,1,1.0
sIBP,0,2,2,0.0
sIBb,2,0,2,1.0
sIBl,0,2,2,0.0
sIBs,1,0,1,1.0
sIDP,1,0,1,1.0
sIHB,0,0,0,
sIHL,1,0,1,1.0
sIHM,2,1,3,0.67
sIHN,1,2,3,0.33
sIHP,1,1,2,0.5
sIHS,1,0,1,1.0
sIHb,0,1,1,0.0
sIHh,0,1,1,0.0
sIHl,0,1,1,0.0
sIHm,0,2,2,0.0
sIHn,2,2,4,0.5
sIHs,0,1,1,0.0
sILK,0,1,1,0.0
sILM,0,1,1,0.0
sILN,1,0,1,1.0
sILb,0,1,1,0.0
sILj,0,0,0,
sILm,0,0,0,
sILn,0,0,0,
sILs,0,0,0,
sILt,1,0,1,1.0
sIMB,0,1,1,0.0
sIMD,1,0,1,1.0
sIML,2,1,3,0.67
sIMM,2,1,3,0.67
sIMN,3,1,4,0.75
sIMP,1,1,2,0.5
sIMh,1,0,1,1.0
sIMj,1,0,1,1.0
sIMl,1,0,1,1.0
sIMm,1,0,1,1.0
sIMn,1,2,3,0.33
sIMs,1,0,1,1.0
sIMt,0,0,0,
sINB,3,1,4,0.75
sINL,0,2,2,0.0
sINM,1,0,1,1.0
sINN,0,0,0,
sINP,3,2,5,0.6
sINS,1,3,4,0.25
sINl,1,0,1,1.0
sINm,3,1,4,0.75
sINn,1,1,2,0.5
sINs,0,1,1,0.0
sIPB,3,0,3,1.0
sIPI,0,1,1,0.0
sIPL,1,2,3,0.33
sIPM,0,4,4,0.0
sIPN,0,0,0,
sIPP,2,4,6,0.33
sIPS,1,1,2,0.5
sIPb,1,0,1,1.0
sIPl,1,0,1,1.0
sIPm,1,2,3,0.33
sIPn,0,2,2,0.0
sIPs,0,1,1,0.0
sISB,0,0,0,
sISH,1,0,1,1.0
sISM,1,1,2,0.5
sISN,1,0,1,1.0
sISP,0,1,1,0.0
sISS,0,1,1,0.0
sISb,0,1,1,0.0
sISh,1,0,1,1.0
sISl,1,0,1,1.0
sISm,1,1,2,0.5
sISs,0,1,1,0.0
sISt,1,0,1,1.0
sIbB,3,0,3,1.0
sIbL,2,0,2,1.0
sIbM,0,1,1,0.0
sIbN,3,0,3,1.0
sIbP,1,1,2,0.5
sIbS,1,0,1,1.0
sIbb,1,1,2,0.5
sIbm,1,0,1,1.0
sIbn,0,1,1,0.0
sIbs,1,1,2,0.5
sIht,1,0,1,1.0
sIlN,1,1,2,0.5
sIlP,0,1,1,0.0
sIlS,0,1,1,0.0
sIlb,2,0,2,1.0
sIll,1,0,1,1.0
sIlm,0,1,1,0.0
sIls,1,1,2,0.5
sImH,0,1,1,0.0
sImI,0,1,1,0.0
sImM,1,0,1,1.0
sImN,0,1,1,0.0
sImP,0,0,0,
sImS,0,0,0,
sIml,0,1,1,0.0
sImm,1,1,2,0.5
sImn,0,1,1,0.0
sIms,0,1,1,0.0
sInB,1,0,1,1.0
sInH,0,1,1,0.0
sInL,1,0,1,1.0
sInM,1,0,1,1.0
sInN,1,1,2,0.5
sInP,1,1,2,0.5
sInb,0,1,1,0.0
sInm,1,1,2,0.5
sInn,0,1,1,0.0
sIsH,1,1,2,0.5
sIsL,0,1,1,0.0
sIsM,1,0,1,1.0
sIsN,1,2,3,0.33
sIsP,1,1,2,0.5
sIsS,0,1,1,0.0
sIsb,1,0,1,1.0
sIsl,0,1,1,0.0
sIsm,1,0,1,1.0
sIss,0,2,2,0.0
sItH,0,1,1,0.0
sIts,1,0,1,1.0
sKBb,1,0,1,1.0
sKBm,0,0,0,
sKBn,1,0,1,1.0
sKHS,0,0,0,
sKKb,0,1,1,0.0
sKLM,1,0,1,1.0
sKLN,0,1,1,0.0
sKML,0,1,1,0.0
sKMN,1,0,1,1.0
sKMb,0,1,1,0.0
sKMm,0,1,1,0.0
sKNP,1,0,1,1.0
sKNb,0,1,1,0.0
sKNn,0,1,1,0.0
sKPL,1,0,1,1.0
sKPM,0,1,1,0.0
sKPP,0,3,3,0.0
sKPh,1,0,1,1.0
sKPm,0,1,1,0.0
sKPs,2,1,3,0.67
sKSB,1,0,1,1.0
sKSM,1,0,1,1.0
sKSl,0,1,1,0.0
sKSm,1,0,1,1.0
sKbH,0,1,1,0.0
sKbM,0,1,1,0.0
sKbN,0,1,1,0.0
sKbS,1,0,1,1.0
sKhB,0,1,1,0.0
sKhM,0,1,1,0.0
sKhP,0,1,1,0.0
sKhb,0,1,1,0.0
sKhh,0,0,0,
sKhn,1,0,1,1.0
sKlD,0,1,1,0.0
sKlM,1,1,2,0.5
sKlP,1,0,1,1.0
sKmH,2,0,2,1.0
sKmN,1,0,1,1.0
sKmP,1,1,2,0.5
sKmm,0,0,0,
sKnB,0,0,0,
sKnM,0,1,1,0.0
sKnN,1,0,1,1.0
sKnl,1,0,1,1.0
sKnm,1,0,1,1.0
sKsM,0,1,1,0.0
sKsP,1,0,1,1.0
sKtP,0,1,1,0.0
sLBB,4,1,5,0.8
sLBD,0,1,1,0.0
sLBK,1,0,1,1.0
sLBL,0,3,3,0.0
sLBM,0,5,5,0.0
sLBN,3,1,4,0.75
sLBP,2,2,4,0.5
sLBS,0,2,2,0.0
sLBb,1,2,3,0.33
sLBj,1,1,2,0.5
sLBl,1,2,3,0.33
sLBm,3,1,4,0.75
sLBn,1,5,6,0.17
sLDB,1,0,1,1.0
sLDM,1,0,1,1.0
sLDl,1,0,1,1.0
sLDm,1,0,1,1.0
sLKB,0,1,1,0.0
sLKS,0,1,1,0.0
sLKl,1,0,1,1.0
sLKm,1,0,1,1.0
sLKn,1,0,1,1.0
sLLB,1,3,4,0.25
sLLL,0,1,1,0.0
sLLM,0,1,1,0.0
sLLN,1,0,1,1.0
sLLP,0,1,1,0.0
sLLS,3,1,4,0.75
sLLb,1,3,4,0.25
sLLh,0,1,1,0.0
sLLl,0,0,0,
sLLm,1,2,3,0.33
sLLn,2,2,4,0.5
sLLs,1,0,1,1.0
sLMB,1,6,7,0.14
sLML,0,2,2,0.0
sLMM,3,2,5,0.6
sLMN,5,3,8,0.62
sLMP,4,4,8,0.5
sLMS,3,1,4,0.75
sLMb,4,4,8,0.5
sLMh,3,0,3,1.0
sLMj,0,3,3,0.0
sLMl,2,2,4,0.5
sLMm,2,2,4,0.5
sLMn,7,1,8,0.88
sLMs,1,1,2,0.5
sLMt,0,0,0,
sLNB,1,0,1,1.0
sLND,0,0,0,
sLNK,0,1,1,0.0
sLNL,1,1,2,0.5
sLNM,3,2,5,0.6
sLNN,1,4,5,0.2
sLNP,7,6,13,0.54
sLNS,3,2,5,0.6
sLNb,2,1,3,0.67
sLNh,3,0,3,1.0
sLNl,3,2,5,0.6
sLNm,2,2,4,0.5
sLNn,3,3,6,0.5
sLNs,1,1,2,0.5
sLNt,1,0,1,1.0
sLPB,2,1,3,0.67
sLPD,1,0,1,1.0
sLPH,3,2,5,0.6
sLPL,2,2,4,0.5
sLPM,4,1,5,0.8
sLPN,2,3,5,0.4
sLPP,6,4,10,0.6
sLPS,4,1,5,0.8
sLPb,9,2,11,0.82
sLPl,1,3,4,0.25
sLPm,3,1,4,0.75
sLPn,4,3,7,0.57
sLPs,1,4,5,0.2
sLPt,3,2,5,0.6
sLSB,2,1,3,0.67
sLSH,0,1,1,0.0
sLSL,2,1,3,0.67
sLSM,3,2,5,0.6
sLSN,2,3,5,0.4
sLSP,3,3,6,0.5
sLSS,1,2,3,0.33
sLSh,2,1,3,0.67
sLSl,2,1,3,0.67
sLSm,3,0,3,1.0
sLSn,2,4,6,0.33
sLSs,1,3,4,0.25
sLSt,0,1,1,0.0
sLbB,0,3,3,0.0
sLbD,0,0,0,
sLbH,1,3,4,0.25
sLbJ,1,0,1,1.0
sLbK,0,1,1,0.0
sLbM,3,4,7,0.43
sLbN,4,4,8,0.5
sLbP,4,3,7,0.57
sLbS,2,1,3,0.67
sLbb,1,2,3,0.33
sLbl,2,1,3,0.67
sLbm,0,1,1,0.0
sLbn,1,3,4,0.25
sLbs,2,1,3,0.67
sLhB,1,0,1,1.0
sLhH,0,1,1,0.0
sLhL,1,2,3,0.33
sLhM,2,4,6,0.33
sLhP,1,3,4,0.25
sLhb,0,1,1,0.0
sLhh,1,2,3,0.33
sLhm,1,2,3,0.33
sLhn,1,2,3,0.33
sLhs,0,2,2,0.0
sLht,0,1,1,0.0
sLjB,1,0,1,1.0
sLjH,1,0,1,1.0
sLjM,0,1,1,0.0
sLjN,1,1,2,0.5
sLjP,3,0,3,1.0
sLjS,1,1,2,0.5
sLjb,1,3,4,0.25
sLjl,1,0,1,1.0
sLjm,0,1,1,0.0
sLjn,0,1,1,0.0
sLjs,1,1,2,0.5
sLlB,2,0,2,1.0
sLlD,1,0,1,1.0
sLlH,1,0,1,1.0
sLlJ,1,0,1,1.0
sLlK,1,0,1,1.0
sLlL,0,1,1,0.0
sLlM,1,3,4,0.25
sLlN,1,0,1,1.0
sLlP,1,3,4,0.25
sLlS,0,3,3,0.0
sLlb,3,4,7,0.43
sLll,0,1,1,0.0
sLlm,1,0,1,1.0
sLln,1,2,3,0.33
sLls,0,1,1,0.0
sLmB,0,3,3,0.0
sLmH,3,3,6,0.5
sLmJ,2,1,3,0.67
sLmL,1,0,1,1.0
sLmM,5,1,6,0.83
sLmN,1,2,3,0.33
sLmP,4,7,11,0.36
sLmS,2,4,6,0.33
sLmb,1,4,5,0.2
sLml,1,2,3,0.33
sLmm,1,0,1,1.0
sLmn,2,2,4,0.5
sLms,5,1,6,0.83
sLnB,2,4,6,0.33
sLnD,1,0,1,1.0
sLnH,1,5,6,0.17
sLnI,3,2,5,0.6
sLnK,1,0,1,1.0
sLnL,3,1,4,0.75
sLnM,4,4,8,0.5
sLnN,5,3,8,0.62
sLnP,12,5,17,0.71
sLnS,4,2,6,0.67
sLnb,2,6,8,0.25
sLnh,0,1,1,0.0
sLnl,0,2,2,0.0
sLnm,6,2,8,0.75
sLnn,6,4,10,0.6
sLns,5,4,9,0.56
sLsB,2,2,4,0.5
sLsD,1,0,1,1.0
sLsH,1,3,4,0.25
sLsL,0,3,3,0.0
sLsM,5,3,8,0.62
sLsN,3,0,3,1.0
sLsP,7,1,8,0.88
sLsS,2,2,4,0.5
sLsb,0,1,1,0.0
sLsl,3,0,3,1.0
sLsm,3,0,3,1.0
sLsn,1,2,3,0.33
sLss,0,3,3,0.0
sLtB,0,1,1,0.0
sLtH,2,0,2,1.0
sLtP,1,0,1,1.0
sLtS,0,1,1,0.0
sLtb,0,1,1,0.0
sLtl,0,1,1,0.0
sLtt,0,2,2,0.0
sMBB,4,11,15,0.27
sMBD,3,1,4,0.75
sMBL,0,1,1,0.0
sMBM,8,3,11,0.73
sMBN,4,10,14,0.29
sMBP,6,8,14,0.43
sMBS,4,3,7,0.57
sMBb,9,7,16,0.56
sMBh,0,1,1,0.0
sMBj,1,2,3,0.33
sMBl,2,5,7,0.29
sMBm,1,6,7,0.14
sMBn,11,8,19,0.58
sMBs,3,2,5,0.6
sMBt,3,0,3,1.0
sMDH,0,0,0,
sMDN,1,0,1,1.0
sMDP,0,0,0,
sMDb,1,0,1,1.0
sMDs,0,1,1,0.0
sMKb,1,0,1,1.0
sMKl,1,0,1,1.0
sMKn,0,1,1,0.0
sMLB,2,2,4,0.5
sMLL,1,1,2,0.5
sMLM,3,2,5,0.6
sMLN,3,5,8,0.38
sMLP,0,6,6,0.0
sMLS,3,0,3,1.0
sMLb,4,6,10,0.4
sMLh,1,1,2,0.5
sMLl,1,0,1,1.0
sMLm,2,3,5,0.4
sMLn,10,1,11,0.91
sMLs,1,2,3,0.33
sMLt,0,0,0,
sMMB,5,8,13,0.38
sMMD,0,1,1,0.0
sMML,3,2,5,0.6
sMMM,9,10,19,0.47
sMMN,9,6,15,0.6
sMMP,8,7,15,0.53
sMMS,2,2,4,0.5
sMMb,11,9,20,0.55
sMMh,2,5,7,0.29
sMMj,2,2,4,0.5
sMMl,2,3,5,0.4
sMMm,3,12,15,0.2
sMMn,7,9,16,0.44
sMMs,2,4,6,0.33
sMMt,0,1,1,0.0
sMNB,4,6,10,0.4
sMND,1,0,1,1.0
sMNH,1,0,1,1.0
sMNK,0,0,0,
sMNL,3,4,7,0.43
sMNM,5,6,11,0.45
sMNN,10,8,18,0.56
sMNP,9,18,27,0.33
sMNS,1,2,3,0.33
sMNb,6,3,9,0.67
sMNh,0,5,5,0.0
sMNl,2,0,2,1.0
sMNm,1,4,5,0.2
sMNn,14,11,25,0.56
sMNs,8,3,11,0.73
sMNt,0,2,2,0.0
sMPB,10,6,16,0.62
sMPD,0,1,1,0.0
sMPH,0,7,7,0.0
sMPK,1,4,5,0.2
sMPL,1,4,5,0.2
sMPM,5,8,13,0.38
sMPN,8,12,20,0.4
sMPP,13,11,24,0.54
sMPS,5,6,11,0.45
sMPb,8,6,14,0.57
sMPh,1,2,3,0.33
sMPl,3,5,8,0.38
sMPm,5,7,12,0.42
sMPn,7,8,15,0.47
sMPs,6,2,8,0.75
sMPt,0,1,1,0.0
sMSB,6,4,10,0.6
sMSD,3,0,3,1.0
sMSH,2,2,4,0.5
sMSK,1,0,1,1.0
sMSL,0,2,2,0.0
sMSM,6,6,12,0.5
sMSN,2,8,10,0.2
sMSP,10,5,15,0.67
sMSS,2,5,7,0.29
sMSb,4,4,8,0.5
sMSh,1,1,2,0.5
sMSl,1,1,2,0.5
sMSm,6,3,9,0.67
sMSn,6,13,19,0.32
sMSs,0,2,2,0.0
sMSt,1,0,1,1.0
sMbB,4,6,10,0.4
sMbH,5,2,7,0.71
sMbI,4,0,4,1.0
sMbJ,3,0,3,1.0
sMbK,1,2,3,0.33
sMbL,1,1,2,0.5
sMbM,8,11,19,0.42
sMbN,8,9,17,0.47
sMbP,17,8,25,0.68
sMbS,2,1,3,0.67
sMbb,4,10,14,0.29
sMbl,3,3,6,0.5
sMbm,7,3,10,0.7
sMbn,3,12,15,0.2
sMbs,5,6,11,0.45
sMhB,7,3,10,0.7
sMhD,1,0,1,1.0
sMhH,1,1,2,0.5
sMhI,0,0,0,
sMhL,2,2,4,0.5
sMhM,8,9,17,0.47
sMhN,13,11,24,0.54
sMhP,11,9,20,0.55
sMhS,3,3,6,0.5
sMhb,7,5,12,0.58
sMhh,2,5,7,0.29
sMhl,3,3,6,0.5
sMhm,8,0,8,1.0
sMhn,12,7,19,0.63
sMhs,2,7,9,0.22
sMht,0,1,1,0.0
sMjB,2,2,4,0.5
sMjL,2,1,3,0.67
sMjM,0,3,3,0.0
sMjN,2,1,3,0.67
sMjP,3,2,5,0.6
sMjS,0,1,1,0.0
sMjb,3,2,5,0.6
sMjl,2,2,4,0.5
sMjm,0,1,1,0.0
sMjn,4,6,10,0.4
sMjs,3,2,5,0.6
sMlB,3,2,5,0.6
sMlH,1,3,4,0.25
sMlI,1,0,1,1.0
sMlJ,3,1,4,0.75
sMlL,1,3,4,0.25
sMlM,0,4,4,0.0
sMlN,4,5,9,0.44
sMlP,6,8,14,0.43
sMlS,4,4,8,0.5
sMlb,5,3,8,0.62
sMll,2,0,2,1.0
sMlm,2,2,4,0.5
sMln,4,3,7,0.57
sMls,2,4,6,0.33
sMmB,3,4,7,0.43
sMmD,3,0,3,1.0
sMmH,8,8,16,0.5
sMmJ,3,0,3,1.0
sMmL,2,0,2,1.0
sMmM,4,12,16,0.25
sMmN,5,6,11,0.45
sMmP,8,14,22,0.36
sMmS,5,5,10,0.5
sMmb,7,7,14,0.5
sMml,3,3,6,0.5
sMmm,6,4,10,0.6
sMmn,6,6,12,0.5
sMms,4,4,8,0.5
sMnB,7,11,18,0.39
sMnH,6,6,12,0.5
sMnI,0,2,2,0.0
sMnK,2,1,3,0.67
sMnL,2,1,3,0.67
sMnM,9,10,19,0.47
sMnN,16,20,36,0.44
sMnP,16,15,31,0.52
sMnS,7,11,18,0.39
sMnb,11,6,17,0.65
sMnl,7,5,12,0.58
sMnm,9,15,24,0.38
sMnn,19,13,32,0.59
sMns,8,11,19,0.42
sMsB,3,3,6,0.5
sMsD,0,1,1,0.0
sMsH,3,5,8,0.38
sMsI,1,0,1,1.0
sMsL,4,1,5,0.8
sMsM,4,5,9,0.44
sMsN,8,3,11,0.73
sMsP,6,10,16,0.38
sMsS,6,5,11,0.55
sMsb,4,0,4,1.0
sMsl,1,0,1,1.0
sMsm,0,3,3,0.0
sMsn,9,8,17,0.53
sMss,4,7,11,0.36
sMtB,1,0,1,1.0
sMtD,1,0,1,1.0
sMtH,2,1,3,0.67
sMtM,2,1,3,0.67
sMtN,0,2,2,0.0
sMtP,5,5,10,0.5
sMtS,1,0,1,1.0
sMtb,2,1,3,0.67
sMtl,0,0,0,
sMtm,1,2,3,0.33
sMtn,4,1,5,0.8
sMts,3,1,4,0.75
sMtt,2,0,2,1.0
sNBB,5,5,10,0.5
sNBD,1,0,1,1.0
sNBK,1,1,2,0.5
sNBL,2,0,2,1.0
sNBM,5,3,8,0.62
sNBN,3,9,12,0.25
sNBP,4,12,16,0.25
sNBS,5,5,10,0.5
sNBb,5,4,9,0.56
sNBh,1,0,1,1.0
sNBj,2,2,4,0.5
sNBl,3,3,6,0.5
sNBm,2,5,7,0.29
sNBn,9,8,17,0.53
sNBs,5,3,8,0.62
sNBt,1,1,2,0.5
sNDB,2,0,2,1.0
sNDH,0,3,3,0.0
sNDP,0,1,1,0.0
sNDS,1,1,2,0.5
sNDl,1,1,2,0.5
sNDm,0,1,1,0.0
sNDn,1,1,2,0.5
sNHB,2,2,4,0.5
sNHK,0,0,0,
sNHL,3,1,4,0.75
sNHM,0,2,2,0.0
sNHN,0,3,3,0.0
sNHP,1,3,4,0.25
sNHS,2,0,2,1.0
sNHb,0,2,2,0.0
sNHl,1,0,1,1.0
sNHm,3,2,5,0.6
sNHn,2,1,3,0.67
sNHs,1,0,1,1.0
sNIm,0,1,1,0.0
sNKB,1,0,1,1.0
sNKM,2,0,2,1.0
sNKN,0,2,2,0.0
sNKP,1,1,2,0.5
sNKS,0,1,1,0.0
sNKb,0,1,1,0.0
sNKh,1,1,2,0.5
sNKl,0,1,1,0.0
sNKm,1,0,1,1.0
sNKn,1,0,1,1.0
sNKs,0,2,2,0.0
sNLB,3,4,7,0.43
sNLL,1,0,1,1.0
sNLM,2,2,4,0.5
sNLN,2,2,4,0.5
sNLP,2,4,6,0.33
sNLS,5,2,7,0.71
sNLb,1,2,3,0.33
sNLh,2,1,3,0.67
sNLj,1,2,3,0.33
sNLl,0,2,2,0.0
sNLm,2,0,2,1.0
sNLn,6,5,11,0.55
sNLs,2,0,2,1.0
sNLt,0,1,1,0.0
sNMB,6,7,13,0.46
sNMD,0,1,1,0.0
sNML,3,3,6,0.5
sNMM,8,8,16,0.5
sNMN,9,9,18,0.5
sNMP,19,13,32,0.59
sNMS,7,3,10,0.7
sNMb,12,10,22,0.55
sNMh,9,8,17,0.53
sNMj,3,4,7,0.43
sNMl,6,3,9,0.67
sNMm,9,3,12,0.75
sNMn,13,15,28,0.46
sNMs,3,3,6,0.5
sNMt,2,2,4,0.5
sNNB,6,9,15,0.4
sNND,0,1,1,0.0
sNNH,1,2,3,0.33
sNNI,0,1,1,0.0
sNNL,1,5,6,0.17
sNNM,8,10,18,0.44
sNNN,9,18,27,0.33
sNNP,13,23,36,0.36
sNNS,10,5,15,0.67
sNNb,9,8,17,0.53
sNNh,3,6,9,0.33
sNNl,4,3,7,0.57
sNNm,9,5,14,0.64
sNNn,16,19,35,0.46
sNNs,5,7,12,0.42
sNNt,4,2,6,0.67
sNPB,8,12,20,0.4
sNPD,1,0,1,1.0
sNPH,4,2,6,0.67
sNPI,2,3,5,0.4
sNPK,3,1,4,0.75
sNPL,5,5,10,0.5
sNPM,8,21,29,0.28
sNPN,13,14,27,0.48
sNPP,23,14,37,0.62
sNPS,12,11,23,0.52
sNPb,10,18,28,0.36
sNPh,1,2,3,0.33
sNPl,8,7,15,0.53
sNPm,11,7,18,0.61
sNPn,11,11,22,0.5
sNPs,8,8,16,0.5
sNPt,1,0,1,1.0
sNSB,6,7,13,0.46
sNSD,0,1,1,0.0
sNSH,3,1,4,0.75
sNSL,0,2,2,0.0
sNSM,8,8,16,0.5
sNSN,2,9,11,0.18
sNSP,9,15,24,0.38
sNSS,7,4,11,0.64
sNSb,9,6,15,0.6
sNSh,6,8,14,0.43
sNSl,5,4,9,0.56
sNSm,5,2,7,0.71
sNSn,10,4,14,0.71
sNSs,5,6,11,0.45
sNSt,3,2,5,0.6
sNbB,3,3,6,0.5
sNbH,2,1,3,0.67
sNbJ,0,2,2,0.0
sNbK,0,2,2,0.0
sNbL,3,1,4,0.75
sNbM,6,9,15,0.4
sNbN,15,9,24,0.62
sNbP,9,8,17,0.53
sNbS,4,2,6,0.67
sNbb,6,10,16,0.38
sNbl,3,3,6,0.5
sNbm,6,3,9,0.67
sNbn,9,8,17,0.53
sNbs,2,2,4,0.5
sNhB,3,1,4,0.75
sNhH,1,0,1,1.0
sNhI,1,0,1,1.0
sNhL,1,1,2,0.5
sNhM,5,3,8,0.62
sNhN,4,5,9,0.44
sNhP,1,1,2,0.5
sNhS,1,4,5,0.2
sNhb,0,5,5,0.0
sNhh,1,1,2,0.5
sNhl,1,0,1,1.0
sNhm,8,0,8,1.0
sNhn,2,6,8,0.25
sNhs,1,4,5,0.2
sNht,1,0,1,1.0
sNlB,3,2,5,0.6
sNlH,3,1,4,0.75
sNlI,1,0,1,1.0
sNlJ,1,0,1,1.0
sNlL,2,4,6,0.33
sNlM,6,5,11,0.55
sNlN,5,6,11,0.45
sNlP,2,8,10,0.2
sNlS,2,0,2,1.0
sNlb,3,5,8,0.38
sNll,0,1,1,0.0
sNlm,5,1,6,0.83
sNln,5,2,7,0.71
sNls,0,2,2,0.0
sNmB,4,5,9,0.44
sNmH,6,3,9,0.67
sNmJ,1,1,2,0.5
sNmK,1,0,1,1.0
sNmL,3,2,5,0.6
sNmM,3,4,7,0.43
sNmN,8,9,17,0.47
sNmP,9,11,20,0.45
sNmS,4,10,14,0.29
sNmb,6,5,11,0.55
sNml,5,3,8,0.62
sNmm,6,4,10,0.6
sNmn,4,8,12,0.33
sNms,0,3,3,0.0
sNnB,8,7,15,0.53
sNnD,0,0,0,
sNnH,6,3,9,0.67
sNnI,3,1,4,0.75
sNnK,0,1,1,0.0
sNnL,3,6,9,0.33
sNnM,17,11,28,0.61
sNnN,22,25,47,0.47
sNnP,13,20,33,0.39
sNnS,8,12,20,0.4
sNnb,15,12,27,0.56
sNnl,6,4,10,0.6
sNnm,15,7,22,0.68
sNnn,11,20,31,0.35
sNns,8,6,14,0.57
sNsB,3,2,5,0.6
sNsH,6,6,12,0.5
sNsI,1,0,1,1.0
sNsK,0,1,1,0.0
sNsL,4,3,7,0.57
sNsM,6,4,10,0.6
sNsN,10,6,16,0.62
sNsP,8,9,17,0.47
sNsS,8,4,12,0.67
sNsb,7,2,9,0.78
sNsh,1,0,1,1.0
sNsl,2,2,4,0.5
sNsm,6,5,11,0.55
sNsn,6,7,13,0.46
sNss,8,7,15,0.53
sNtB,0,2,2,0.0
sNtK,1,1,2,0.5
sNtL,1,0,1,1.0
sNtM,1,1,2,0.5
sNtN,4,2,6,0.67
sNtP,1,3,4,0.25
sNtS,2,2,4,0.5
sNtb,0,3,3,0.0
sNtm,2,3,5,0.4
sNtn,3,5,8,0.38
sNts,2,0,2,1.0
sNtt,0,1,1,0.0
sPBB,5,11,16,0.31
sPBL,5,2,7,0.71
sPBM,13,15,28,0.46
sPBN,7,7,14,0.5
sPBP,8,14,22,0.36
sPBS,4,7,11,0.36
sPBb,8,10,18,0.44
sPBh,0,1,1,0.0
sPBj,3,2,5,0.6
sPBl,6,3,9,0.67
sPBm,9,6,15,0.6
sPBn,10,13,23,0.43
sPBs,6,2,8,0.75
sPBt,2,1,3,0.67
sPDH,1,0,1,1.0
sPDL,0,1,1,0.0
sPDM,1,0,1,1.0
sPDN,0,3,3,0.0
sPDP,1,1,2,0.5
sPDS,0,2,2,0.0
sPDb,1,3,4,0.25
sPDl,0,1,1,0.0
sPDm,1,1,2,0.5
sPDn,1,1,2,0.5
sPDs,1,0,1,1.0
sPHB,1,6,7,0.14
sPHD,0,1,1,0.0
sPHH,0,2,2,0.0
sPHI,2,1,3,0.67
sPHK,1,0,1,1.0
sPHL,3,2,5,0.6
sPHM,2,5,7,0.29
sPHN,4,3,7,0.57
sPHP,5,4,9,0.56
sPHS,1,3,4,0.25
sPHb,2,3,5,0.4
sPHh,0,0,0,
sPHl,1,1,2,0.5
sPHm,3,2,5,0.6
sPHn,3,4,7,0.43
sPHs,3,3,6,0.5
sPIB,1,1,2,0.5
sPIH,0,1,1,0.0
sPIL,0,1,1,0.0
sPIM,1,0,1,1.0
sPIN,2,1,3,0.67
sPIP,2,1,3,0.67
sPIb,0,2,2,0.0
sPIl,1,0,1,1.0
sPIm,1,0,1,1.0
sPIn,1,0,1,1.0
sPIs,1,0,1,1.0
sPKB,0,0,0,
sPKL,1,0,1,1.0
sPKM,2,1,3,0.67
sPKP,2,1,3,0.67
sPKS,0,1,1,0.0
sPKh,1,1,2,0.5
sPKl,2,2,4,0.5
sPKm,2,3,5,0.4
sPKn,0,1,1,0.0
sPKs,2,2,4,0.5
sPLB,1,5,6,0.17
sPLL,0,2,2,0.0
sPLM,2,8,10,0.2
sPLN,6,4,10,0.6
sPLP,7,5,12,0.58
sPLS,4,3,7,0.57
sPLb,3,5,8,0.38
sPLh,2,3,5,0.4
sPLj,3,1,4,0.75
sPLl,2,2,4,0.5
sPLm,4,7,11,0.36
sPLn,6,2,8,0.75
sPLs,0,2,2,0.0
sPMB,8,6,14,0.57
sPMD,1,0,1,1.0
sPML,2,6,8,0.25
sPMM,16,16,32,0.5
sPMN,5,13,18,0.28
sPMP,20,12,32,0.62
sPMS,8,5,13,0.62
sPMb,9,9,18,0.5
sPMh,9,18,27,0.33
sPMj,2,6,8,0.25
sPMl,3,3,6,0.5
sPMm,10,11,21,0.48
sPMn,16,17,33,0.48
sPMs,5,10,15,0.33
sPMt,4,0,4,1.0
sPNB,8,7,15,0.53
sPND,0,2,2,0.0
sPNH,5,1,6,0.83
sPNL,7,4,11,0.64
sPNM,8,13,21,0.38
sPNN,9,10,19,0.47
sPNP,21,20,41,0.51
sPNS,8,3,11,0.73
sPNb,10,11,21,0.48
sPNh,6,10,16,0.38
sPNl,10,5,15,0.67
sPNm,7,7,14,0.5
sPNn,15,21,36,0.42
sPNs,7,10,17,0.41
sPNt,5,7,12,0.42
sPPB,15,8,23,0.65
sPPH,1,4,5,0.2
sPPI,0,0,0,
sPPK,1,2,3,0.33
sPPL,7,10,17,0.41
sPPM,16,29,45,0.36
sPPN,21,8,29,0.72
sPPP,25,27,52,0.48
sPPS,9,12,21,0.43
sPPb,21,13,34,0.62
sPPh,1,6,7,0.14
sPPl,14,11,25,0.56
sPPm,17,17,34,0.5
sPPn,14,18,32,0.44
sPPs,13,16,29,0.45
sPPt,2,1,3,0.67
sPSB,4,9,13,0.31
sPSD,1,0,1,1.0
sPSH,3,2,5,0.6
sPSL,0,5,5,0.0
sPSM,4,10,14,0.29
sPSN,7,11,18,0.39
sPSP,8,7,15,0.53
sPSS,8,8,16,0.5
sPSb,2,6,8,0.25
sPSh,9,7,16,0.56
sPSl,3,5,8,0.38
sPSm,13,4,17,0.76
sPSn,8,8,16,0.5
sPSs,5,7,12,0.42
sPSt,0,1,1,0.0
sPbB,8,11,19,0.42
sPbD,2,2,4,0.5
sPbH,2,5,7,0.29
sPbJ,0,5,5,0.0
sPbK,0,1,1,0.0
sPbL,6,3,9,0.67
sPbM,12,12,24,0.5
sPbN,14,12,26,0.54
sPbP,18,17,35,0.51
sPbS,5,8,13,0.38
sPbb,9,13,22,0.41
sPbl,4,1,5,0.8
sPbm,9,9,18,0.5
sPbn,13,6,19,0.68
sPbs,8,3,11,0.73
sPhB,1,1,2,0.5
sPhM,1,1,2,0.5
sPhN,1,2,3,0.33
sPhP,1,3,4,0.25
sPhS,2,1,3,0.67
sPhb,1,0,1,1.0
sPhh,1,2,3,0.33
sPhl,0,2,2,0.0
sPhm,1,2,3,0.33
sPhn,4,0,4,1.0
sPhs,3,0,3,1.0
sPht,0,1,1,0.0
sPlB,7,4,11,0.64
sPlD,1,1,2,0.5
sPlH,3,5,8,0.38
sPlJ,2,2,4,0.5
sPlK,0,1,1,0.0
sPlL,3,7,10,0.3
sPlM,5,10,15,0.33
sPlN,6,7,13,0.46
sPlP,8,4,12,0.67
sPlS,6,1,7,0.86
sPlb,9,4,13,0.69
sPll,5,4,9,0.56
sPlm,7,2,9,0.78
sPln,7,5,12,0.58
sPls,5,5,10,0.5
sPmB,8,10,18,0.44
sPmD,1,2,3,0.33
sPmH,9,3,12,0.75
sPmI,1,0,1,1.0
sPmJ,1,3,4,0.25
sPmK,0,1,1,0.0
sPmL,2,5,7,0.29
sPmM,7,21,28,0.25
sPmN,7,11,18,0.39
sPmP,17,14,31,0.55
sPmS,8,12,20,0.4
sPmb,12,13,25,0.48
sPml,3,1,4,0.75
sPmm,4,6,10,0.4
sPmn,3,13,16,0.19
sPms,3,8,11,0.27
sPnB,8,14,22,0.36
sPnD,2,0,2,1.0
sPnH,7,4,11,0.64
sPnI,1,3,4,0.25
sPnK,1,1,2,0.5
sPnL,8,5,13,0.62
sPnM,13,18,31,0.42
sPnN,16,16,32,0.5
sPnP,18,10,28,0.64
sPnS,4,11,15,0.27
sPnb,14,13,27,0.52
sPnh,1,1,2,0.5
sPnl,4,7,11,0.36
sPnm,4,11,15,0.27
sPnn,12,16,28,0.43
sPns,7,3,10,0.7
sPsB,2,3,5,0.4
sPsD,4,1,5,0.8
sPsH,6,7,13,0.46
sPsI,2,1,3,0.67
sPsL,1,3,4,0.25
sPsM,10,3,13,0.77
sPsN,4,7,11,0.36
sPsP,9,11,20,0.45
sPsS,10,12,22,0.45
sPsb,10,10,20,0.5
sPsl,3,4,7,0.43
sPsm,4,10,14,0.29
sPsn,5,5,10,0.5
sPss,7,6,13,0.54
sPtB,0,1,1,0.0
sPtM,0,2,2,0.0
sPtN,2,2,4,0.5
sPtP,0,2,2,0.0
sPtS,2,2,4,0.5
sPtb,1,3,4,0.25
sPtn,0,1,1,0.0
sPts,2,3,5,0.4
sPtt,1,0,1,1.0
sSBB,2,5,7,0.29
sSBK,0,1,1,0.0
sSBL,3,2,5,0.6
sSBM,3,4,7,0.43
sSBN,6,3,9,0.67
sSBP,8,5,13,0.62
sSBS,4,2,6,0.67
sSBb,5,7,12,0.42
sSBh,1,0,1,1.0
sSBj,1,1,2,0.5
sSBl,2,0,2,1.0
sSBm,3,3,6,0.5
sSBn,5,4,9,0.56
sSBs,2,2,4,0.5
sSDB,2,0,2,1.0
sSDH,1,0,1,1.0
sSDM,1,1,2,0.5
sSDS,2,0,2,1.0
sSDb,0,1,1,0.0
sSDl,1,0,1,1.0
sSDm,0,1,1,0.0
sSDn,0,2,2,0.0
sSDs,1,2,3,0.33
sSHB,2,2,4,0.5
sSHH,0,2,2,0.0
sSHK,1,0,1,1.0
sSHL,0,1,1,0.0
sSHM,4,2,6,0.67
sSHN,2,2,4,0.5
sSHP,5,3,8,0.62
sSHS,2,2,4,0.5
sSHb,3,2,5,0.6
sSHh,2,2,4,0.5
sSHm,1,4,5,0.2
sSHn,2,4,6,0.33
sSHs,1,1,2,0.5
sSIP,0,0,0,
sSKB,1,1,2,0.5
sSKL,0,1,1,0.0
sSKP,1,0,1,1.0
sSKb,0,1,1,0.0
sSKm,0,1,1,0.0
sSKn,0,0,0,
sSLB,3,1,4,0.75
sSLD,0,1,1,0.0
sSLK,0,1,1,0.0
sSLL,1,1,2,0.5
sSLM,2,1,3,0.67
sSLN,2,3,5,0.4
sSLP,0,4,4,0.0
sSLS,0,2,2,0.0
sSLb,3,4,7,0.43
sSLh,0,0,0,
sSLj,0,0,0,
sSLl,2,1,3,0.67
sSLm,1,1,2,0.5
sSLn,7,6,13,0.54
sSLs,1,2,3,0.33
sSMB,7,6,13,0.54
sSMD,1,0,1,1.0
sSML,1,4,5,0.2
sSMM,7,10,17,0.41
sSMN,6,1,7,0.86
sSMP,15,6,21,0.71
sSMS,7,4,11,0.64
sSMb,8,5,13,0.62
sSMh,8,5,13,0.62
sSMj,2,1,3,0.67
sSMl,7,5,12,0.58
sSMm,6,11,17,0.35
sSMn,14,10,24,0.58
sSMs,7,7,14,0.5
sSMt,1,1,2,0.5
sSNB,5,4,9,0.56
sSND,1,1,2,0.5
sSNH,2,1,3,0.67
sSNK,2,0,2,1.0
sSNL,0,2,2,0.0
sSNM,12,9,21,0.57
sSNN,8,5,13,0.62
sSNP,14,7,21,0.67
sSNS,7,9,16,0.44
sSNb,10,7,17,0.59
sSNh,3,1,4,0.75
sSNl,1,3,4,0.25
sSNm,9,8,17,0.53
sSNn,14,9,23,0.61
sSNs,7,4,11,0.64
sSNt,2,1,3,0.67
sSPB,9,7,16,0.56
sSPD,1,0,1,1.0
sSPH,6,2,8,0.75
sSPI,2,0,2,1.0
sSPK,0,1,1,0.0
sSPL,5,4,9,0.56
sSPM,6,11,17,0.35
sSPN,11,15,26,0.42
sSPP,15,13,28,0.54
sSPS,6,9,15,0.4
sSPb,7,13,20,0.35
sSPh,1,3,4,0.25
sSPl,8,5,13,0.62
sSPm,6,6,12,0.5
sSPn,9,8,17,0.53
sSPs,3,10,13,0.23
sSPt,1,2,3,0.33
sSSB,6,5,11,0.55
sSSH,1,2,3,0.33
sSSL,2,3,5,0.4
sSSM,7,7,14,0.5
sSSN,2,2,4,0.5
sSSP,7,12,19,0.37
sSSS,9,16,25,0.36
sSSb,5,6,11,0.45
sSSh,6,3,9,0.67
sSSl,5,4,9,0.56
sSSm,8,4,12,0.67
sSSn,9,10,19,0.47
sSSs,11,11,22,0.5
sSSt,3,1,4,0.75
sSbB,2,4,6,0.33
sSbH,1,3,4,0.25
sSbJ,0,1,1,0.0
sSbL,2,2,4,0.5
sSbM,9,7,16,0.56
sSbN,9,4,13,0.69
sSbP,7,8,15,0.47
sSbS,4,2,6,0.67
sSbb,7,6,13,0.54
sSbl,7,2,9,0.78
sSbm,7,2,9,0.78
sSbn,3,10,13,0.23
sSbs,3,6,9,0.33
sShB,2,2,4,0.5
sShH,0,1,1,0.0
sShI,1,0,1,1.0
sShL,4,0,4,1.0
sShM,4,5,9,0.44
sShN,1,5,6,0.17
sShP,5,3,8,0.62
sShS,11,4,15,0.73
sShb,9,5,14,0.64
sShh,3,2,5,0.6
sShl,2,0,2,1.0
sShm,4,4,8,0.5
sShn,3,5,8,0.38
sShs,2,6,8,0.25
sSht,1,2,3,0.33
sSlB,3,2,5,0.6
sSlH,3,2,5,0.6
sSlJ,2,3,5,0.4
sSlL,2,1,3,0.67
sSlM,6,2,8,0.75
sSlN,3,4,7,0.43
sSlP,6,9,15,0.4
sSlS,5,2,7,0.71
sSlb,6,3,9,0.67
sSll,2,1,3,0.67
sSlm,6,2,8,0.75
sSln,1,2,3,0.33
sSls,3,0,3,1.0
sSmB,2,5,7,0.29
sSmD,1,0,1,1.0
sSmH,7,3,10,0.7
sSmJ,2,1,3,0.67
sSmL,3,1,4,0.75
sSmM,4,4,8,0.5
sSmN,6,6,12,0.5
sSmP,6,11,17,0.35
sSmS,9,5,14,0.64
sSmb,10,8,18,0.56
sSml,3,6,9,0.33
sSmm,5,4,9,0.56
sSmn,6,6,12,0.5
sSms,2,4,6,0.33
sSnB,5,4,9,0.56
sSnD,0,1,1,0.0
sSnH,5,5,10,0.5
sSnI,1,2,3,0.33
sSnK,2,0,2,1.0
sSnL,4,4,8,0.5
sSnM,10,5,15,0.67
sSnN,10,12,22,0.45
sSnP,7,14,21,0.33
sSnS,7,5,12,0.58
sSnb,3,8,11,0.27
sSnh,0,1,1,0.0
sSnl,1,5,6,0.17
sSnm,8,5,13,0.62
sSnn,17,12,29,0.59
sSns,7,11,18,0.39
sSsB,6,0,6,1.0
sSsD,0,0,0,
sSsH,9,12,21,0.43
sSsI,0,1,1,0.0
sSsL,4,1,5,0.8
sSsM,6,9,15,0.4
sSsN,9,7,16,0.56
sSsP,8,14,22,0.36
sSsS,17,10,27,0.63
sSsb,4,5,9,0.44
sSsh,0,1,1,0.0
sSsl,3,2,5,0.6
sSsm,5,8,13,0.38
sSsn,10,7,17,0.59
sSss,3,6,9,0.33
sStD,0,0,0,
sStH,0,0,0,
sStM,3,1,4,0.75
sStN,0,2,2,0.0
sStP,3,5,8,0.38
sStS,5,1,6,0.83
sStb,1,3,4,0.25
sStm,2,1,3,0.67
sStn,3,0,3,1.0
sSts,0,1,1,0.0
sStt,0,2,2,0.0
sbBB,2,5,7,0.29
sbBL,3,2,5,0.6
sbBM,4,7,11,0.36
sbBN,7,7,14,0.5
sbBP,9,7,16,0.56
sbBS,1,4,5,0.2
sbBb,8,5,13,0.62
sbBh,0,2,2,0.0
sbBj,3,0,3,1.0
sbBl,2,1,3,0.67
sbBm,2,3,5,0.4
sbBn,9,6,15,0.6
sbBs,2,4,6,0.33
sbBt,1,4,5,0.2
sbDB,0,2,2,0.0
sbDH,2,1,3,0.67
sbDL,1,2,3,0.33
sbDM,1,0,1,1.0
sbDN,0,3,3,0.0
sbDP,1,1,2,0.5
sbDS,0,1,1,0.0
sbDb,1,1,2,0.5
sbDm,1,0,1,1.0
sbDs,0,2,2,0.0
sbHB,2,3,5,0.4
sbHL,1,2,3,0.33
sbHM,4,3,7,0.57
sbHN,2,3,5,0.4
sbHP,4,3,7,0.57
sbHS,1,2,3,0.33
sbHb,0,4,4,0.0
sbHh,0,1,1,0.0
sbHl,2,2,4,0.5
sbHm,0,1,1,0.0
sbHn,1,6,7,0.14
sbHs,1,1,2,0.5
sbID,0,0,0,
sbIH,1,0,1,1.0
sbIM,1,2,3,0.33
sbIN,0,2,2,0.0
sbIP,0,1,1,0.0
sbIS,1,1,2,0.5
sbIb,1,1,2,0.5
sbIl,1,0,1,1.0
sbIn,1,0,1,1.0
sbJB,1,2,3,0.33
sbJH,1,1,2,0.5
sbJI,0,1,1,0.0
sbJL,1,2,3,0.33
sbJM,5,7,12,0.42
sbJN,1,1,2,0.5
sbJP,4,1,5,0.8
sbJS,2,1,3,0.67
sbJb,3,0,3,1.0
sbJh,1,0,1,1.0
sbJl,1,0,1,1.0
sbJm,2,0,2,1.0
sbJn,3,1,4,0.75
sbJt,1,0,1,1.0
sbKH,0,1,1,0.0
sbKL,3,2,5,0.6
sbKM,1,1,2,0.5
sbKN,1,0,1,1.0
sbKP,2,0,2,1.0
sbKS,1,0,1,1.0
sbKb,2,1,3,0.67
sbKl,0,0,0,
sbKm,1,1,2,0.5
sbKn,2,0,2,1.0
sbKs,1,2,3,0.33
sbLB,3,4,7,0.43
sbLD,1,1,2,0.5
sbLK,0,0,0,
sbLL,1,0,1,1.0
sbLM,3,4,7,0.43
sbLN,2,2,4,0.5
sbLP,1,5,6,0.17
sbLS,2,1,3,0.67
sbLb,1,4,5,0.2
sbLh,0,1,1,0.0
sbLj,2,0,2,1.0
sbLl,1,1,2,0.5
sbLm,2,1,3,0.67
sbLn,4,4,8,0.5
sbLs,1,0,1,1.0
sbLt,1,0,1,1.0
sbMB,3,5,8,0.38
sbMD,1,0,1,1.0
sbML,5,6,11,0.45
sbMM,7,5,12,0.58
sbMN,7,7,14,0.5
sbMP,10,10,20,0.5
sbMS,1,7,8,0.12
sbMb,3,13,16,0.19
sbMh,5,2,7,0.71
sbMj,3,3,6,0.5
sbMl,4,2,6,0.67
sbMm,7,6,13,0.54
sbMn,12,6,18,0.67
sbMs,4,5,9,0.44
sbMt,0,1,1,0.0
sbNB,6,8,14,0.43
sbND,0,2,2,0.0
sbNH,2,2,4,0.5
sbNL,1,4,5,0.2
sbNM,12,13,25,0.48
sbNN,8,8,16,0.5
sbNP,10,8,18,0.56
sbNS,5,8,13,0.38
sbNb,9,13,22,0.41
sbNh,6,5,11,0.55
sbNl,3,4,7,0.43
sbNm,8,7,15,0.53
sbNn,24,12,36,0.67
sbNs,1,4,5,0.2
sbNt,5,5,10,0.5
sbPB,7,9,16,0.44
sbPD,2,1,3,0.67
sbPH,1,1,2,0.5
sbPI,1,0,1,1.0
sbPK,1,1,2,0.5
sbPL,7,6,13,0.54
sbPM,9,11,20,0.45
sbPN,7,9,16,0.44
sbPP,14,13,27,0.52
sbPS,5,3,8,0.62
sbPb,13,11,24,0.54
sbPh,2,2,4,0.5
sbPl,5,6,11,0.45
sbPm,10,6,16,0.62
sbPn,7,5,12,0.58
sbPs,5,5,10,0.5
sbPt,3,0,3,1.0
sbSB,2,6,8,0.25
sbSH,1,3,4,0.25
sbSI,1,0,1,1.0
sbSL,2,6,8,0.25
sbSM,1,5,6,0.17
sbSN,5,3,8,0.62
sbSP,5,5,10,0.5
sbSS,2,3,5,0.4
sbSb,0,2,2,0.0
sbSh,1,3,4,0.25
sbSl,5,0,5,1.0
sbSm,4,3,7,0.57
sbSn,8,9,17,0.47
sbSs,2,7,9,0.22
sbSt,1,0,1,1.0
sbbB,6,7,13,0.46
sbbD,0,0,0,
sbbH,4,1,5,0.8
sbbI,0,1,1,0.0
sbbJ,1,1,2,0.5
sbbK,1,1,2,0.5
sbbL,3,2,5,0.6
sbbM,7,7,14,0.5
sbbN,10,5,15,0.67
sbbP,12,5,17,0.71
sbbS,12,3,15,0.8
sbbb,9,8,17,0.53
sbbl,4,6,10,0.4
sbbm,6,4,10,0.6
sbbn,5,11,16,0.31
sbbs,4,1,5,0.8
sbhb,0,1,1,0.0
sblB,6,2,8,0.75
sblH,3,1,4,0.75
sblI,1,0,1,1.0
sblL,2,1,3,0.67
sblM,2,3,5,0.4
sblN,2,5,7,0.29
sblP,3,2,5,0.6
sblS,1,2,3,0.33
sblb,3,9,12,0.25
sbll,2,1,3,0.67
sblm,5,0,5,1.0
sbln,2,2,4,0.5
sbls,2,1,3,0.67
sbmB,8,2,10,0.8
sbmD,1,0,1,1.0
sbmH,7,4,11,0.64
sbmJ,1,1,2,0.5
sbmL,1,2,3,0.33
sbmM,4,5,9,0.44
sbmN,5,11,16,0.31
sbmP,7,4,11,0.64
sbmS,6,5,11,0.55
sbmb,6,2,8,0.75
sbml,1,1,2,0.5
sbmm,4,2,6,0.67
sbmn,12,5,17,0.71
sbms,0,4,4,0.0
sbnB,3,7,10,0.3
sbnH,3,3,6,0.5
sbnI,0,1,1,0.0
sbnK,1,1,2,0.5
sbnL,4,2,6,0.67
sbnM,8,9,17,0.47
sbnN,11,9,20,0.55
sbnP,12,10,22,0.55
sbnS,6,7,13,0.46
sbnb,7,6,13,0.54
sbnl,1,2,3,0.33
sbnm,6,6,12,0.5
sbnn,12,5,17,0.71
sbns,5,7,12,0.42
sbsB,4,3,7,0.57
sbsH,6,5,11,0.55
sbsI,0,1,1,0.0
sbsL,2,3,5,0.4
sbsM,4,1,5,0.8
sbsN,7,7,14,0.5
sbsP,5,6,11,0.45
sbsS,3,1,4,0.75
sbsb,7,5,12,0.58
sbsh,0,1,1,0.0
sbsl,2,1,3,0.67
sbsm,8,0,8,1.0
sbsn,5,2,7,0.71
sbss,4,7,11,0.36
shBM,1,0,1,1.0
shBs,1,0,1,1.0
shHH,0,1,1,0.0
shHP,0,1,1,0.0
shHn,1,0,1,1.0
shMB,0,1,1,0.0
shMM,1,0,1,1.0
shMN,0,2,2,0.0
shMP,1,1,2,0.5
shMh,0,1,1,0.0
shNM,0,0,0,
shNS,0,1,1,0.0
shNm,0,1,1,0.0
shNs,0,1,1,0.0
shPP,1,0,1,1.0
shPS,0,1,1,0.0
shPm,1,0,1,1.0
shSL,0,1,1,0.0
shSP,0,0,0,
shSS,0,0,0,
shSn,0,1,1,0.0
shbM,0,1,1,0.0
shbP,1,0,1,1.0
shbS,1,0,1,1.0
shhB,0,1,1,0.0
shhH,0,1,1,0.0
shhb,0,1,1,0.0
shhm,1,0,1,1.0
shhs,0,1,1,0.0
shlM,0,1,1,0.0
shlN,0,1,1,0.0
shlS,0,1,1,0.0
shlb,0,1,1,0.0
shmM,1,0,1,1.0
shmP,0,1,1,0.0
shnN,2,0,2,1.0
shnP,2,1,3,0.67
shnb,1,0,1,1.0
shnn,1,1,2,0.5
shns,0,0,0,
shsB,1,0,1,1.0
shsH,1,0,1,1.0
shsM,1,1,2,0.5
shsS,2,1,3,0.67
shss,1,0,1,1.0
slBB,3,6,9,0.33
slBD,1,0,1,1.0
slBL,0,2,2,0.0
slBM,4,1,5,0.8
slBN,1,5,6,0.17
slBP,6,1,7,0.86
slBS,2,2,4,0.5
slBb,2,4,6,0.33
slBl,1,0,1,1.0
slBm,1,5,6,0.17
slBn,6,2,8,0.75
slBs,0,4,4,0.0
slDB,1,0,1,1.0
slDL,1,0,1,1.0
slDS,1,0,1,1.0
slDb,2,0,2,1.0
slDm,1,0,1,1.0
slDs,1,0,1,1.0
slHB,3,2,5,0.6
slHH,0,1,1,0.0
slHL,0,1,1,0.0
slHM,2,3,5,0.4
slHN,3,1,4,0.75
slHP,5,2,7,0.71
slHS,0,3,3,0.0
slHb,2,2,4,0.5
slHh,0,2,2,0.0
slHl,3,0,3,1.0
slHm,2,2,4,0.5
slHn,3,2,5,0.6
slHs,1,2,3,0.33
slIH,0,0,0,
slIM,1,1,2,0.5
slIP,1,0,1,1.0
slIb,0,1,1,0.0
slIm,1,1,2,0.5
slIn,1,0,1,1.0
slJB,1,3,4,0.25
slJI,0,1,1,0.0
slJL,0,1,1,0.0
slJM,0,2,2,0.0
slJN,0,0,0,
slJP,1,1,2,0.5
slJS,0,1,1,0.0
slJb,1,0,1,1.0
slJl,1,0,1,1.0
slJm,1,0,1,1.0
slKM,1,0,1,1.0
slKN,1,0,1,1.0
slKP,0,2,2,0.0
slKS,1,0,1,1.0
slKl,0,1,1,0.0
slKn,0,1,1,0.0
slLB,0,2,2,0.0
slLK,1,0,1,1.0
slLL,0,1,1,0.0
slLM,3,3,6,0.5
slLN,2,2,4,0.5
slLP,1,4,5,0.2
slLS,2,1,3,0.67
slLb,0,4,4,0.0
slLh,3,0,3,1.0
slLl,0,1,1,0.0
slLm,1,4,5,0.2
slLn,4,2,6,0.67
slLs,0,2,2,0.0
slLt,0,2,2,0.0
slMB,2,0,2,1.0
slMD,1,0,1,1.0
slML,1,2,3,0.33
slMM,1,4,5,0.2
slMN,1,5,6,0.17
slMP,7,3,10,0.7
slMS,2,4,6,0.33
slMb,2,4,6,0.33
slMh,1,6,7,0.14
slMj,4,1,5,0.8
slMl,3,3,6,0.5
slMm,4,0,4,1.0
slMn,5,4,9,0.56
slMs,3,4,7,0.43
slMt,2,1,3,0.67
slNB,6,7,13,0.46
slNH,1,0,1,1.0
slNL,3,0,3,1.0
slNM,3,3,6,0.5
slNN,7,2,9,0.78
slNP,8,5,13,0.62
slNS,1,5,6,0.17
slNb,4,3,7,0.57
slNh,1,1,2,0.5
slNl,2,0,2,1.0
slNm,5,1,6,0.83
slNn,5,2,7,0.71
slNs,4,4,8,0.5
slNt,1,2,3,0.33
slPB,2,4,6,0.33
slPD,3,1,4,0.75
slPH,1,1,2,0.5
slPK,0,1,1,0.0
slPL,1,4,5,0.2
slPM,12,5,17,0.71
slPN,5,5,10,0.5
slPP,9,5,14,0.64
slPS,4,2,6,0.67
slPb,2,8,10,0.2
slPl,1,2,3,0.33
slPm,3,0,3,1.0
slPn,7,14,21,0.33
slPs,6,2,8,0.75
slPt,1,0,1,1.0
slSB,3,2,5,0.6
slSD,0,1,1,0.0
slSH,2,0,2,1.0
slSM,3,3,6,0.5
slSN,4,4,8,0.5
slSP,2,2,4,0.5
slSS,6,4,10,0.6
slSb,0,4,4,0.0
slSh,0,3,3,0.0
slSl,4,3,7,0.57
slSm,1,3,4,0.25
slSn,2,4,6,0.33
slSs,2,2,4,0.5
slSt,1,2,3,0.33
slbB,4,3,7,0.57
slbH,1,0,1,1.0
slbJ,1,1,2,0.5
slbL,1,0,1,1.0
slbM,6,4,10,0.6
slbN,5,4,9,0.56
slbP,4,8,12,0.33
slbS,2,1,3,0.67
slbb,8,7,15,0.53
slbl,1,2,3,0.33
slbm,1,1,2,0.5
slbn,5,1,6,0.83
slbs,0,2,2,0.0
sllB,2,2,4,0.5
sllD,1,0,1,1.0
sllH,1,1,2,0.5
sllL,1,0,1,1.0
sllM,2,1,3,0.67
sllN,1,2,3,0.33
sllP,2,4,6,0.33
sllS,1,0,1,1.0
sllb,3,1,4,0.75
slll,4,1,5,0.8
sllm,2,1,3,0.67
slln,2,1,3,0.67
slls,1,1,2,0.5
slmB,3,3,6,0.5
slmD,0,1,1,0.0
slmH,3,2,5,0.6
slmJ,1,0,1,1.0
slmK,1,0,1,1.0
slmL,1,1,2,0.5
slmM,7,0,7,1.0
slmN,2,4,6,0.33
slmP,2,6,8,0.25
slmS,1,2,3,0.33
slmb,3,3,6,0.5
slml,3,0,3,1.0
slmm,2,1,3,0.67
slmn,6,3,9,0.67
slms,3,1,4,0.75
slnB,1,5,6,0.17
slnD,0,0,0,
slnH,1,1,2,0.5
slnI,1,0,1,1.0
slnK,0,1,1,0.0
slnL,3,1,4,0.75
slnM,5,3,8,0.62
slnN,2,4,6,0.33
slnP,7,5,12,0.58
slnS,0,2,2,0.0
slnb,5,3,8,0.62
slnl,2,1,3,0.67
slnm,3,2,5,0.6
slnn,1,3,4,0.25
slns,2,2,4,0.5
slsB,0,2,2,0.0
slsD,1,0,1,1.0
slsH,4,0,4,1.0
slsK,0,1,1,0.0
slsL,0,1,1,0.0
slsM,2,0,2,1.0
slsN,3,2,5,0.6
slsP,3,4,7,0.43
slsS,2,1,3,0.67
slsb,4,0,4,1.0
slsl,3,2,5,0.6
slsm,3,2,5,0.6
slsn,0,4,4,0.0
slss,2,1,3,0.67
smBB,2,1,3,0.67
smBK,0,1,1,0.0
smBL,3,1,4,0.75
smBM,5,4,9,0.56
smBN,10,6,16,0.62
smBP,7,5,12,0.58
smBS,2,7,9,0.22
smBb,2,4,6,0.33
smBj,2,2,4,0.5
smBl,1,2,3,0.33
smBm,1,2,3,0.33
smBn,7,5,12,0.58
smBs,4,1,5,0.8
smBt,0,0,0,
smDB,0,1,1,0.0
smDH,0,1,1,0.0
smDL,2,0,2,1.0
smDM,0,2,2,0.0
smDN,1,1,2,0.5
smDP,1,2,3,0.33
smDS,1,1,2,0.5
smDb,0,1,1,0.0
smDn,2,1,3,0.67
smDs,1,0,1,1.0
smHB,4,9,13,0.31
smHD,1,0,1,1.0
smHI,0,2,2,0.0
smHL,7,2,9,0.78
smHM,5,9,14,0.36
smHN,8,9,17,0.47
smHP,12,8,20,0.6
smHS,8,6,14,0.57
smHb,5,4,9,0.56
smHh,0,7,7,0.0
smHl,2,1,3,0.67
smHm,3,4,7,0.43
smHn,5,2,7,0.71
smHs,4,3,7,0.57
smIM,0,1,1,0.0
smIN,0,1,1,0.0
smIP,1,0,1,1.0
smIb,0,1,1,0.0
smIn,1,0,1,1.0
smJB,1,0,1,1.0
smJH,2,2,4,0.5
smJI,0,1,1,0.0
smJL,1,0,1,1.0
smJM,0,2,2,0.0
smJN,0,2,2,0.0
smJP,0,1,1,0.0
smJS,0,1,1,0.0
smJb,0,1,1,0.0
smJh,1,0,1,1.0
smJm,1,1,2,0.5
smJn,3,1,4,0.75
smJs,1,0,1,1.0
smJt,1,0,1,1.0
smLB,2,2,4,0.5
smLK,0,1,1,0.0
smLM,3,1,4,0.75
smLN,3,3,6,0.5
smLP,5,2,7,0.71
smLS,2,2,4,0.5
smLb,5,2,7,0.71
smLh,1,1,2,0.5
smLl,4,0,4,1.0
smLm,3,2,5,0.6
smLn,4,3,7,0.57
smLs,3,2,5,0.6
smMB,5,2,7,0.71
smML,1,1,2,0.5
smMM,7,7,14,0.5
smMN,6,12,18,0.33
smMP,8,5,13,0.62
smMS,3,5,8,0.38
smMb,4,1,5,0.8
smMh,3,3,6,0.5
smMj,2,1,3,0.67
smMl,4,2,6,0.67
smMm,8,5,13,0.62
smMn,9,14,23,0.39
smMs,3,5,8,0.38
smMt,0,2,2,0.0
smNB,1,5,6,0.17
smND,1,0,1,1.0
smNH,3,5,8,0.38
smNL,6,2,8,0.75
smNM,7,14,21,0.33
smNN,10,10,20,0.5
smNP,12,12,24,0.5
smNS,3,5,8,0.38
smNb,12,3,15,0.8
smNh,0,3,3,0.0
smNl,5,2,7,0.71
smNm,3,10,13,0.23
smNn,16,18,34,0.47
smNs,5,2,7,0.71
smNt,1,2,3,0.33
smPB,6,2,8,0.75
smPD,1,1,2,0.5
smPH,3,1,4,0.75
smPK,0,1,1,0.0
smPL,3,3,6,0.5
smPM,9,5,14,0.64
smPN,8,9,17,0.47
smPP,16,11,27,0.59
smPS,9,8,17,0.53
smPb,10,16,26,0.38
smPh,0,1,1,0.0
smPl,6,5,11,0.55
smPm,3,6,9,0.33
smPn,10,5,15,0.67
smPs,5,6,11,0.45
smPt,0,2,2,0.0
smSB,3,1,4,0.75
smSD,1,1,2,0.5
smSH,1,1,2,0.5
smSL,1,1,2,0.5
smSM,3,3,6,0.5
smSN,7,5,12,0.58
smSP,10,5,15,0.67
smSS,3,3,6,0.5
smSb,2,7,9,0.22
smSh,3,2,5,0.6
smSl,0,3,3,0.0
smSm,4,4,8,0.5
smSn,3,4,7,0.43
smSs,4,5,9,0.44
smSt,1,2,3,0.33
smbB,4,5,9,0.44
smbD,0,0,0,
smbH,2,4,6,0.33
smbI,2,1,3,0.67
smbJ,0,3,3,0.0
smbK,0,2,2,0.0
smbL,2,2,4,0.5
smbM,11,4,15,0.73
smbN,15,11,26,0.58
smbP,7,6,13,0.54
smbS,3,6,9,0.33
smbb,12,5,17,0.71
smbl,3,1,4,0.75
smbm,2,5,7,0.29
smbn,11,7,18,0.61
smbs,3,3,6,0.5
smlB,4,1,5,0.8
smlH,3,0,3,1.0
smlI,0,0,0,
smlM,2,4,6,0.33
smlN,1,3,4,0.25
smlP,3,3,6,0.5
smlS,1,2,3,0.33
smlb,6,2,8,0.75
smll,2,3,5,0.4
smlm,1,3,4,0.25
smln,2,3,5,0.4
smls,3,1,4,0.75
smmB,5,5,10,0.5
smmH,3,2,5,0.6
smmI,0,1,1,0.0
smmJ,2,0,2,1.0
smmL,1,3,4,0.25
smmM,7,7,14,0.5
smmN,7,6,13,0.54
smmP,9,6,15,0.6
smmS,4,2,6,0.67
smmb,7,5,12,0.58
smml,1,1,2,0.5
smmm,4,3,7,0.57
smmn,8,6,14,0.57
smms,2,1,3,0.67
smnB,3,12,15,0.2
smnD,1,0,1,1.0
smnH,4,3,7,0.57
smnK,2,0,2,1.0
smnL,1,1,2,0.5
smnM,8,3,11,0.73
smnN,9,9,18,0.5
smnP,17,11,28,0.61
smnS,3,6,9,0.33
smnb,8,6,14,0.57
smnl,2,1,3,0.67
smnm,6,2,8,0.75
smnn,13,7,20,0.65
smns,2,8,10,0.2
smsB,2,1,3,0.67
smsD,0,0,0,
smsH,3,2,5,0.6
smsI,0,1,1,0.0
smsL,0,4,4,0.0
smsM,1,7,8,0.12
smsN,2,6,8,0.25
smsP,1,4,5,0.2
smsS,4,4,8,0.5
smsb,2,2,4,0.5
smsl,0,2,2,0.0
smsm,1,0,1,1.0
smsn,3,4,7,0.43
smss,1,3,4,0.25
snBB,5,3,8,0.62
snBK,1,0,1,1.0
snBL,0,1,1,0.0
snBM,5,7,12,0.42
snBN,5,7,12,0.42
snBP,6,7,13,0.46
snBS,4,0,4,1.0
snBb,6,3,9,0.67
snBh,1,0,1,1.0
snBj,1,0,1,1.0
snBl,2,5,7,0.29
snBm,9,5,14,0.64
snBn,9,6,15,0.6
snBs,3,1,4,0.75
snBt,2,2,4,0.5
snDB,1,0,1,1.0
snDD,0,1,1,0.0
snDH,2,1,3,0.67
snDM,2,1,3,0.67
snDN,2,1,3,0.67
snDP,2,3,5,0.4
snDS,0,1,1,0.0
snDb,0,2,2,0.0
snDm,1,2,3,0.33
snDn,1,0,1,1.0
snDs,1,1,2,0.5
snHB,3,5,8,0.38
snHD,0,1,1,0.0
snHH,0,1,1,0.0
snHI,1,0,1,1.0
snHK,0,0,0,
snHL,0,1,1,0.0
snHM,2,4,6,0.33
snHN,5,7,12,0.42
snHP,7,9,16,0.44
snHS,2,5,7,0.29
snHb,2,2,4,0.5
snHh,2,1,3,0.67
snHl,3,2,5,0.6
snHm,3,6,9,0.33
snHn,4,5,9,0.44
snHs,3,6,9,0.33
snHt,1,0,1,1.0
snIH,1,1,2,0.5
snII,1,0,1,1.0
snIM,1,0,1,1.0
snIP,0,1,1,0.0
snIS,1,1,2,0.5
snIb,0,1,1,0.0
snIs,1,0,1,1.0
snKH,0,0,0,
snKL,1,0,1,1.0
snKM,4,0,4,1.0
snKP,2,1,3,0.67
snKS,0,1,1,0.0
snKb,1,1,2,0.5
snKh,0,1,1,0.0
snKm,1,1,2,0.5
snKn,2,1,3,0.67
snKs,1,0,1,1.0
snLB,5,1,6,0.83
snLL,1,1,2,0.5
snLM,3,2,5,0.6
snLN,3,2,5,0.6
snLP,3,2,5,0.6
snLS,1,0,1,1.0
snLb,3,5,8,0.38
snLh,0,3,3,0.0
snLj,0,1,1,0.0
snLl,2,0,2,1.0
snLm,1,1,2,0.5
snLn,4,3,7,0.57
snLs,1,3,4,0.25
snMB,4,8,12,0.33
snMH,0,1,1,0.0
snMK,0,1,1,0.0
snML,2,1,3,0.67
snMM,11,10,21,0.52
snMN,8,10,18,0.44
snMP,7,10,17,0.41
snMS,5,3,8,0.62
snMb,2,14,16,0.12
snMh,6,8,14,0.43
snMj,3,2,5,0.6
snMl,4,5,9,0.44
snMm,3,4,7,0.43
snMn,11,9,20,0.55
snMs,2,7,9,0.22
snMt,1,0,1,1.0
snNB,5,7,12,0.42
snND,0,2,2,0.0
snNH,2,2,4,0.5
snNK,1,2,3,0.33
snNL,2,4,6,0.33
snNM,15,8,23,0.65
snNN,13,11,24,0.54
snNP,21,22,43,0.49
snNS,8,11,19,0.42
snNb,13,7,20,0.65
snNh,4,4,8,0.5
snNl,4,5,9,0.44
snNm,8,3,11,0.73
snNn,15,17,32,0.47
snNs,10,12,22,0.45
snNt,0,0,0,
snPB,5,13,18,0.28
snPD,2,2,4,0.5
snPH,1,1,2,0.5
snPI,0,2,2,0.0
snPK,2,3,5,0.4
snPL,4,6,10,0.4
snPM,14,11,25,0.56
snPN,18,7,25,0.72
snPP,12,27,39,0.31
snPS,5,10,15,0.33
snPb,11,6,17,0.65
snPh,2,0,2,1.0
snPl,5,5,10,0.5
snPm,11,13,24,0.46
snPn,21,8,29,0.72
snPs,5,12,17,0.29
snPt,3,1,4,0.75
snSB,4,4,8,0.5
snSH,0,2,2,0.0
snSL,1,3,4,0.25
snSM,3,3,6,0.5
snSN,6,9,15,0.4
snSP,7,7,14,0.5
snSS,6,2,8,0.75
snSb,2,5,7,0.29
snSh,6,3,9,0.67
snSl,2,2,4,0.5
snSm,6,3,9,0.67
snSn,5,10,15,0.33
snSs,5,4,9,0.56
snbB,8,5,13,0.62
snbD,0,1,1,0.0
snbH,2,0,2,1.0
snbI,1,0,1,1.0
snbJ,1,1,2,0.5
snbK,1,0,1,1.0
snbL,2,2,4,0.5
snbM,6,6,12,0.5
snbN,11,8,19,0.58
snbP,10,7,17,0.59
snbS,2,3,5,0.4
snbb,8,5,13,0.62
snbl,6,1,7,0.86
snbm,3,3,6,0.5
snbn,11,13,24,0.46
snbs,4,3,7,0.57
snhM,0,1,1,0.0
snhP,0,1,1,0.0
snhn,0,1,1,0.0
snlB,0,2,2,0.0
snlD,2,1,3,0.67
snlH,1,0,1,1.0
snlI,1,0,1,1.0
snlJ,0,2,2,0.0
snlL,0,2,2,0.0
snlM,4,3,7,0.57
snlN,3,10,13,0.23
snlP,8,3,11,0.73
snlS,3,1,4,0.75
snlb,8,6,14,0.57
snll,5,1,6,0.83
snlm,2,0,2,1.0
snln,5,4,9,0.56
snls,3,0,3,1.0
snmB,4,3,7,0.57
snmD,1,0,1,1.0
snmH,5,3,8,0.62
snmI,1,2,3,0.33
snmJ,2,2,4,0.5
snmL,2,1,3,0.67
snmM,5,1,6,0.83
snmN,9,3,12,0.75
snmP,11,6,17,0.65
snmS,3,3,6,0.5
snmb,7,5,12,0.58
snml,3,2,5,0.6
snmm,1,3,4,0.25
snmn,3,6,9,0.33
snms,2,5,7,0.29
snnB,5,3,8,0.62
snnD,1,0,1,1.0
snnH,4,5,9,0.44
snnI,1,2,3,0.33
snnK,2,2,4,0.5
snnL,3,4,7,0.43
snnM,14,8,22,0.64
snnN,11,15,26,0.42
snnP,18,13,31,0.58
snnS,3,6,9,0.33
snnb,10,8,18,0.56
snnh,1,0,1,1.0
snnl,3,2,5,0.6
snnm,5,3,8,0.62
snnn,8,12,20,0.4
snns,1,5,6,0.17
snsB,1,3,4,0.25
snsD,1,0,1,1.0
snsH,4,7,11,0.36
snsI,0,1,1,0.0
snsK,0,1,1,0.0
snsL,3,1,4,0.75
snsM,8,3,11,0.73
snsN,4,6,10,0.4
snsP,7,5,12,0.58
snsS,7,5,12,0.58
snsb,9,8,17,0.53
snsl,2,3,5,0.4
snsm,1,5,6,0.17
snsn,6,4,10,0.6
snss,4,4,8,0.5
sntm,1,0,1,1.0
ssBB,1,0,1,1.0
ssBD,1,0,1,1.0
ssBK,0,1,1,0.0
ssBM,3,2,5,0.6
ssBN,2,3,5,0.4
ssBP,4,10,14,0.29
ssBS,2,4,6,0.33
ssBb,5,4,9,0.56
ssBj,0,1,1,0.0
ssBl,3,0,3,1.0
ssBm,4,5,9,0.44
ssBn,8,2,10,0.8
ssBs,3,1,4,0.75
ssBt,1,0,1,1.0
ssDB,1,0,1,1.0
ssDH,1,0,1,1.0
ssDN,1,1,2,0.5
ssDP,0,1,1,0.0
ssDS,0,1,1,0.0
ssDb,1,1,2,0.5
ssDl,1,0,1,1.0
ssDm,0,2,2,0.0
ssDs,1,1,2,0.5
ssHB,4,5,9,0.44
ssHD,0,3,3,0.0
ssHH,1,2,3,0.33
ssHL,3,2,5,0.6
ssHM,6,5,11,0.55
ssHN,12,3,15,0.8
ssHP,8,10,18,0.44
ssHS,4,8,12,0.33
ssHb,4,10,14,0.29
ssHh,5,3,8,0.62
ssHl,3,3,6,0.5
ssHm,7,3,10,0.7
ssHn,6,9,15,0.4
ssHs,7,14,21,0.33
ssHt,0,2,2,0.0
ssIM,1,1,2,0.5
ssIN,1,0,1,1.0
ssIm,0,1,1,0.0
ssIn,0,1,1,0.0
ssIs,1,0,1,1.0
ssKP,1,1,2,0.5
ssKS,0,1,1,0.0
ssKh,1,0,1,1.0
ssLB,3,1,4,0.75
ssLL,1,1,2,0.5
ssLM,1,2,3,0.33
ssLN,4,2,6,0.67
ssLP,1,8,9,0.11
ssLS,4,1,5,0.8
ssLb,1,3,4,0.25
ssLh,0,2,2,0.0
ssLl,1,1,2,0.5
ssLm,3,1,4,0.75
ssLn,3,3,6,0.5
ssLs,0,1,1,0.0
ssLt,0,0,0,
ssMB,7,4,11,0.64
ssMK,0,1,1,0.0
ssML,2,2,4,0.5
ssMM,5,4,9,0.56
ssMN,2,4,6,0.33
ssMP,10,7,17,0.59
ssMS,1,3,4,0.25
ssMb,10,5,15,0.67
ssMh,6,3,9,0.67
ssMj,1,2,3,0.33
ssMl,3,1,4,0.75
ssMm,4,7,11,0.36
ssMn,8,1,9,0.89
ssMs,4,5,9,0.44
ssMt,1,2,3,0.33
ssNB,2,3,5,0.4
ssND,1,0,1,1.0
ssNH,1,1,2,0.5
ssNK,2,0,2,1.0
ssNL,1,2,3,0.33
ssNM,7,10,17,0.41
ssNN,10,11,21,0.48
ssNP,5,10,15,0.33
ssNS,8,7,15,0.53
ssNb,7,3,10,0.7
ssNh,3,0,3,1.0
ssNl,5,2,7,0.71
ssNm,6,6,12,0.5
ssNn,3,6,9,0.33
ssNs,7,4,11,0.64
ssNt,1,1,2,0.5
ssPB,8,2,10,0.8
ssPD,1,0,1,1.0
ssPH,3,2,5,0.6
ssPI,0,0,0,
ssPK,2,0,2,1.0
ssPL,1,5,6,0.17
ssPM,13,8,21,0.62
ssPN,9,5,14,0.64
ssPP,10,9,19,0.53
ssPS,6,7,13,0.46
ssPb,3,3,6,0.5
ssPh,1,0,1,1.0
ssPl,7,1,8,0.88
ssPm,4,5,9,0.44
ssPn,14,8,22,0.64
ssPs,7,9,16,0.44
ssPt,1,1,2,0.5
ssSB,3,3,6,0.5
ssSH,4,1,5,0.8
ssSK,1,1,2,0.5
ssSL,2,1,3,0.67
ssSM,5,7,12,0.42
ssSN,7,2,9,0.78
ssSP,2,5,7,0.29
ssSS,7,9,16,0.44
ssSb,6,4,10,0.6
ssSh,3,2,5,0.6
ssSl,1,5,6,0.17
ssSm,5,11,16,0.31
ssSn,7,5,12,0.58
ssSs,8,8,16,0.5
ssSt,2,1,3,0.67
ssbB,3,0,3,1.0
ssbD,0,1,1,0.0
ssbH,0,4,4,0.0
ssbI,1,0,1,1.0
ssbJ,1,1,2,0.5
ssbK,1,0,1,1.0
ssbL,1,1,2,0.5
ssbM,5,5,10,0.5
ssbN,8,7,15,0.53
ssbP,6,11,17,0.35
ssbS,1,3,4,0.25
ssbb,1,3,4,0.25
ssbl,2,3,5,0.4
ssbm,3,3,6,0.5
ssbn,2,6,8,0.25
ssbs,7,2,9,0.78
sshM,1,0,1,1.0
sshl,1,0,1,1.0
sshn,0,1,1,0.0
sshs,1,0,1,1.0
sslB,4,4,8,0.5
sslH,2,1,3,0.67
sslI,0,1,1,0.0
sslJ,0,1,1,0.0
sslL,1,1,2,0.5
sslM,4,3,7,0.57
sslN,6,1,7,0.86
sslP,2,1,3,0.67
sslS,1,1,2,0.5
sslb,1,1,2,0.5
ssll,2,1,3,0.67
sslm,1,3,4,0.25
ssln,1,2,3,0.33
ssls,1,2,3,0.33
ssmB,1,6,7,0.14
ssmH,5,6,11,0.45
ssmI,0,1,1,0.0
ssmJ,1,1,2,0.5
ssmL,0,5,5,0.0
ssmM,1,5,6,0.17
ssmN,4,5,9,0.44
ssmP,10,5,15,0.67
ssmS,4,4,8,0.5
ssmb,7,6,13,0.54
ssml,3,0,3,1.0
ssmm,3,4,7,0.43
ssmn,6,2,8,0.75
ssms,4,3,7,0.57
ssnB,5,6,11,0.45
ssnD,0,1,1,0.0
ssnH,3,0,3,1.0
ssnI,1,2,3,0.33
ssnK,0,1,1,0.0
ssnL,2,3,5,0.4
ssnM,9,7,16,0.56
ssnN,10,6,16,0.62
ssnP,7,8,15,0.47
ssnS,4,5,9,0.44
ssnb,3,6,9,0.33
ssnl,2,5,7,0.29
ssnm,5,5,10,0.5
ssnn,6,6,12,0.5
ssns,6,2,8,0.75
sssB,3,5,8,0.38
sssD,1,0,1,1.0
sssH,11,7,18,0.61
sssI,0,1,1,0.0
sssL,4,1,5,0.8
sssM,6,7,13,0.46
sssN,9,2,11,0.82
sssP,5,11,16,0.31
sssS,7,6,13,0.54
sssb,4,8,12,0.33
sssl,3,0,3,1.0
sssm,6,7,13,0.46
sssn,7,3,10,0.7
ssss,5,8,13,0.38
sstS,1,0,1,1.0
stMb,0,1,1,0.0
stMl,1,1,2,0.5
stMn,0,1,1,0.0
stNn,1,0,1,1.0
stNs,0,1,1,0.0
stPM,1,0,1,1.0
stPh,0,1,1,0.0
stSS,0,0,0,
stbP,0,1,1,0.0
stlP,0,2,2,0.0
stmP,0,0,0,
stnB,1,0,1,1.0
stsS,0,1,1,0.0
tBBL,0,1,1,0.0
tBBM,0,1,1,0.0
tBBN,0,2,2,0.0
tBBP,1,3,4,0.25
tBBS,0,1,1,0.0
tBBb,1,0,1,1.0
tBBl,0,1,1,0.0
tBBm,0,1,1,0.0
tBBn,2,1,3,0.67
tBBt,0,1,1,0.0
tBDS,0,1,1,0.0
tBKM,1,0,1,1.0
tBKP,1,0,1,1.0
tBKs,1,0,1,1.0
tBLL,0,0,0,
tBLM,1,0,1,1.0
tBLN,0,1,1,0.0
tBLP,2,2,4,0.5
tBLh,0,1,1,0.0
tBLm,0,1,1,0.0
tBLn,1,0,1,1.0
tBLt,1,0,1,1.0
tBMB,3,0,3,1.0
tBMM,2,0,2,1.0
tBMN,2,1,3,0.67
tBMS,2,0,2,1.0
tBMb,2,2,4,0.5
tBMj,0,1,1,0.0
tBMn,0,3,3,0.0
tBMs,0,1,1,0.0
tBMt,1,0,1,1.0
tBNB,0,1,1,0.0
tBNK,0,1,1,0.0
tBNL,0,1,1,0.0
tBNM,1,1,2,0.5
tBNN,1,2,3,0.33
tBNP,2,1,3,0.67
tBNb,0,1,1,0.0
tBNm,2,2,4,0.5
tBNn,3,1,4,0.75
tBNs,0,0,0,
tBPB,2,1,3,0.67
tBPL,0,1,1,0.0
tBPM,2,0,2,1.0
tBPN,0,1,1,0.0
tBPP,1,1,2,0.5
tBPS,2,1,3,0.67
tBPm,1,1,2,0.5
tBPn,1,1,2,0.5
tBPs,1,1,2,0.5
tBPt,0,1,1,0.0
tBSH,0,0,0,
tBSM,0,1,1,0.0
tBSN,0,2,2,0.0
tBSP,0,1,1,0.0
tBSl,1,1,2,0.5
tBSm,1,0,1,1.0
tBSn,0,0,0,
tBSs,0,1,1,0.0
tBbB,1,1,2,0.5
tBbJ,0,1,1,0.0
tBbM,1,2,3,0.33
tBbN,1,1,2,0.5
tBbS,1,1,2,0.5
tBbm,0,0,0,
tBbn,1,1,2,0.5
tBbs,1,0,1,1.0
tBhB,1,0,1,1.0
tBhH,0,1,1,0.0
tBhh,1,0,1,1.0
tBhm,0,1,1,0.0
tBjM,0,2,2,0.0
tBjN,0,1,1,0.0
tBjP,1,0,1,1.0
tBjb,1,0,1,1.0
tBjl,1,0,1,1.0
tBlM,0,0,0,
tBlN,0,1,1,0.0
tBlP,1,0,1,1.0
tBlm,1,0,1,1.0
tBmB,0,1,1,0.0
tBmL,0,0,0,
tBmM,1,1,2,0.5
tBmP,1,1,2,0.5
tBmb,1,1,2,0.5
tBml,2,0,2,1.0
tBmn,0,0,0,
tBnB,2,1,3,0.67
tBnH,1,1,2,0.5
tBnI,0,1,1,0.0
tBnK,1,0,1,1.0
tBnM,1,0,1,1.0
tBnN,2,1,3,0.67
tBnP,1,2,3,0.33
tBnS,1,1,2,0.5
tBnb,1,0,1,1.0
tBnl,0,0,0,
tBnm,0,2,2,0.0
tBnn,2,2,4,0.5
tBsB,0,2,2,0.0
tBsH,1,0,1,1.0
tBsL,1,0,1,1.0
tBsM,1,0,1,1.0
tBsN,2,0,2,1.0
tBsS,0,1,1,0.0
tBsl,1,0,1,1.0
tBsm,0,1,1,0.0
tBsn,1,0,1,1.0
tBss,0,1,1,0.0
tBtB,0,0,0,
tBtM,1,0,1,1.0
tBtP,0,1,1,0.0
tBtS,1,0,1,1.0
tDBP,1,0,1,1.0
tDBn,1,0,1,1.0
tDDH,0,0,0,
tDHB,0,1,1,0.0
tDHH,0,1,1,0.0
tDHP,0,1,1,0.0
tDIs,1,0,1,1.0
tDLB,0,1,1,0.0
tDMB,0,1,1,0.0
tDMP,0,1,1,0.0
tDNs,1,0,1,1.0
tDSn,1,0,1,1.0
tDbM,0,1,1,0.0
tDmM,0,1,1,0.0
tDmN,0,1,1,0.0
tDmP,0,1,1,0.0
tDmb,0,1,1,0.0
tDml,0,1,1,0.0
tDnN,1,0,1,1.0
tDnb,0,1,1,0.0
tDnn,1,0,1,1.0
tDsB,1,0,1,1.0
tDsm,1,0,1,1.0
tHBB,1,0,1,1.0
tHBL,0,2,2,0.0
tHBM,1,0,1,1.0
tHBN,0,1,1,0.0
tHBP,2,1,3,0.67
tHBb,1,0,1,1.0
tHBj,1,1,2,0.5
tHBm,0,1,1,0.0
tHBn,1,3,4,0.25
tHBs,2,0,2,1.0
tHDb,0,1,1,0.0
tHDn,0,1,1,0.0
tHHS,0,1,1,0.0
tHHh,0,1,1,0.0
tHHn,1,0,1,1.0
tHHs,0,0,0,
tHKP,1,0,1,1.0
tHKb,0,1,1,0.0
tHLM,1,1,2,0.5
tHLP,0,1,1,0.0
tHLS,1,2,3,0.33
tHLj,0,1,1,0.0
tHLm,0,1,1,0.0
tHLn,0,1,1,0.0
tHML,0,2,2,0.0
tHMM,0,3,3,0.0
tHMN,1,1,2,0.5
tHMP,1,0,1,1.0
tHMS,0,1,1,0.0
tHMb,2,1,3,0.67
tHMm,0,1,1,0.0
tHMn,1,4,5,0.2
tHMs,1,0,1,1.0
tHNB,0,1,1,0.0
tHNL,0,2,2,0.0
tHNM,0,2,2,0.0
tHNP,0,2,2,0.0
tHNS,1,1,2,0.5
tHNb,1,1,2,0.5
tHNh,0,1,1,0.0
tHNn,2,0,2,1.0
tHNs,0,1,1,0.0
tHPB,0,1,1,0.0
tHPH,2,0,2,1.0
tHPL,2,0,2,1.0
tHPM,1,1,2,0.5
tHPN,1,4,5,0.2
tHPP,2,2,4,0.5
tHPS,1,3,4,0.25
tHPb,2,0,2,1.0
tHPh,1,0,1,1.0
tHPl,1,0,1,1.0
tHPm,1,1,2,0.5
tHPn,1,0,1,1.0
tHSM,0,1,1,0.0
tHSb,1,0,1,1.0
tHSh,0,1,1,0.0
tHSn,3,1,4,0.75
tHSs,2,1,3,0.67
tHbB,0,1,1,0.0
tHbK,0,1,1,0.0
tHbL,1,0,1,1.0
tHbM,3,1,4,0.75
tHbN,0,0,0,
tHbP,1,0,1,1.0
tHbb,2,0,2,1.0
tHbl,1,2,3,0.33
tHbn,1,1,2,0.5
tHbs,3,1,4,0.75
tHhM,0,3,3,0.0
tHhh,0,2,2,0.0
tHhn,1,0,1,1.0
tHlB,2,0,2,1.0
tHlH,1,1,2,0.5
tHlI,1,0,1,1.0
tHlM,1,1,2,0.5
tHlN,0,2,2,0.0
tHlP,1,0,1,1.0
tHlS,0,0,0,
tHln,0,1,1,0.0
tHmB,0,1,1,0.0
tHmD,1,0,1,1.0
tHmH,0,2,2,0.0
tHmM,1,1,2,0.5
tHmN,2,1,3,0.67
tHmP,2,3,5,0.4
tHmS,1,0,1,1.0
tHmb,1,0,1,1.0
tHml,1,1,2,0.5
tHmm,0,0,0,
tHmn,2,0,2,1.0
tHms,1,0,1,1.0
tHnB,2,1,3,0.67
tHnH,1,0,1,1.0
tHnK,0,1,1,0.0
tHnM,1,2,3,0.33
tHnN,2,1,3,0.67
tHnP,1,0,1,1.0
tHnS,1,1,2,0.5
tHnb,3,2,5,0.6
tHnl,4,1,5,0.8
tHnm,1,0,1,1.0
tHnn,0,1,1,0.0
tHns,1,0,1,1.0
tHsH,1,2,3,0.33
tHsL,0,1,1,0.0
tHsN,1,0,1,1.0
tHsP,0,1,1,0.0
tHsn,0,1,1,0.0
tHss,0,0,0,
tHtn,0,1,1,0.0
tIMm,0,0,0,
tINP,1,0,1,1.0
tIbN,1,0,1,1.0
tIlP,1,0,1,1.0
tKBB,0,1,1,0.0
tKHn,0,0,0,
tKLL,1,0,1,1.0
tKLh,1,0,1,1.0
tKMM,0,1,1,0.0
tKMN,1,0,1,1.0
tKMb,2,0,2,1.0
tKNB,1,0,1,1.0
tKNP,0,1,1,0.0
tKPb,0,1,1,0.0
tKSb,0,1,1,0.0
tKSm,0,1,1,0.0
tKbN,1,0,1,1.0
tKbn,0,1,1,0.0
tKlM,0,1,1,0.0
tKmH,0,1,1,0.0
tKnP,1,0,1,1.0
tKns,1,0,1,1.0
tLBB,0,2,2,0.0
tLBD,0,0,0,
tLBM,1,0,1,1.0
tLBP,1,0,1,1.0
tLBS,0,0,0,
tLBb,1,2,3,0.33
tLBn,0,2,2,0.0
tLBs,0,1,1,0.0
tLDl,0,1,1,0.0
tLLP,1,0,1,1.0
tLLj,1,0,1,1.0
tLLn,0,1,1,0.0
tLMM,1,1,2,0.5
tLMN,1,0,1,1.0
tLMm,1,0,1,1.0
tLMn,1,0,1,1.0
tLMs,1,1,2,0.5
tLNN,0,1,1,0.0
tLNS,0,1,1,0.0
tLNb,2,0,2,1.0
tLNm,1,0,1,1.0
tLNn,2,0,2,1.0
tLNs,1,0,1,1.0
tLPB,1,1,2,0.5
tLPH,1,0,1,1.0
tLPM,1,0,1,1.0
tLPN,0,1,1,0.0
tLPP,1,2,3,0.33
tLPS,1,0,1,1.0
tLPb,1,0,1,1.0
tLPl,0,2,2,0.0
tLPm,0,1,1,0.0
tLPn,0,0,0,
tLSB,1,0,1,1.0
tLSN,0,1,1,0.0
tLSS,1,0,1,1.0
tLSb,0,0,0,
tLSh,1,0,1,1.0
tLSm,0,0,0,
tLSn,0,1,1,0.0
tLbB,1,0,1,1.0
tLbL,1,0,1,1.0
tLbM,1,0,1,1.0
tLbN,2,0,2,1.0
tLbP,1,0,1,1.0
tLbb,2,1,3,0.67
tLbm,0,1,1,0.0
tLbs,2,0,2,1.0
tLhn,1,0,1,1.0
tLjB,0,0,0,
tLjN,0,0,0,
tLjS,1,1,2,0.5
tLjb,1,0,1,1.0
tLlN,1,0,1,1.0
tLlb,1,0,1,1.0
tLlm,1,1,2,0.5
tLls,0,0,0,
tLmH,1,0,1,1.0
tLmN,0,0,0,
tLmP,1,0,1,1.0
tLmS,0,1,1,0.0
tLml,1,0,1,1.0
tLmn,3,0,3,1.0
tLnB,1,0,1,1.0
tLnH,0,0,0,
tLnL,1,0,1,1.0
tLnM,0,0,0,
tLnN,1,0,1,1.0
tLnS,1,1,2,0.5
tLnm,0,0,0,
tLnn,0,2,2,0.0
tLns,0,1,1,0.0
tLsH,1,0,1,1.0
tLsN,2,1,3,0.67
tLsP,1,1,2,0.5
tLsS,0,1,1,0.0
tLsb,1,1,2,0.5
tLss,0,0,0,
tLtN,1,0,1,1.0
tLtb,0,1,1,0.0
tLtl,1,0,1,1.0
tLtn,1,0,1,1.0
tMBB,1,1,2,0.5
tMBL,1,0,1,1.0
tMBM,1,1,2,0.5
tMBN,1,0,1,1.0
tMBP,0,2,2,0.0
tMBS,0,1,1,0.0
tMBb,3,0,3,1.0
tMBj,0,1,1,0.0
tMBm,1,0,1,1.0
tMBn,4,2,6,0.67
tMBt,1,0,1,1.0
tMDn,0,1,1,0.0
tMHm,1,0,1,1.0
tMLB,0,1,1,0.0
tMLM,2,0,2,1.0
tMLN,0,1,1,0.0
tMLP,0,1,1,0.0
tMLb,1,1,2,0.5
tMLm,2,0,2,1.0
tMLn,0,1,1,0.0
tMMB,0,1,1,0.0
tMMM,3,2,5,0.6
tMMN,1,1,2,0.5
tMMP,3,0,3,1.0
tMMS,0,1,1,0.0
tMMb,2,3,5,0.4
tMMj,1,0,1,1.0
tMMm,0,3,3,0.0
tMMn,2,0,2,1.0
tMNB,1,1,2,0.5
tMNM,2,2,4,0.5
tMNN,2,2,4,0.5
tMNP,6,4,10,0.6
tMNS,2,0,2,1.0
tMNb,1,3,4,0.25
tMNh,1,1,2,0.5
tMNl,1,0,1,1.0
tMNm,0,1,1,0.0
tMNn,2,2,4,0.5
tMNs,0,0,0,
tMPB,1,1,2,0.5
tMPH,0,1,1,0.0
tMPM,2,1,3,0.67
tMPN,3,1,4,0.75
tMPP,1,4,5,0.2
tMPS,1,0,1,1.0
tMPb,3,3,6,0.5
tMPl,0,1,1,0.0
tMPm,2,2,4,0.5
tMPn,3,4,7,0.43
tMPs,1,0,1,1.0
tMPt,0,1,1,0.0
tMSB,1,1,2,0.5
tMSM,2,0,2,1.0
tMSN,0,1,1,0.0
tMSP,0,1,1,0.0
tMSS,2,1,3,0.67
tMSb,1,1,2,0.5
tMSh,1,1,2,0.5
tMSl,0,0,0,
tMSm,1,1,2,0.5
tMSn,1,2,3,0.33
tMSs,0,1,1,0.0
tMSt,0,0,0,
tMbB,3,3,6,0.5
tMbH,0,0,0,
tMbJ,1,0,1,1.0
tMbL,2,1,3,0.67
tMbM,1,1,2,0.5
tMbN,0,1,1,0.0
tMbP,6,2,8,0.75
tMbS,1,0,1,1.0
tMbb,1,0,1,1.0
tMbl,0,0,0,
tMbm,2,2,4,0.5
tMbn,0,1,1,0.0
tMhB,1,3,4,0.25
tMhH,0,1,1,0.0
tMhL,1,0,1,1.0
tMhM,1,1,2,0.5
tMhP,4,2,6,0.67
tMhb,3,1,4,0.75
tMhl,1,1,2,0.5
tMhm,1,1,2,0.5
tMhn,0,3,3,0.0
tMjB,1,0,1,1.0
tMjM,1,0,1,1.0
tMjP,0,2,2,0.0
tMjb,1,2,3,0.33
tMjl,0,1,1,0.0
tMjm,1,0,1,1.0
tMjs,0,0,0,
tMjt,1,0,1,1.0
tMlB,0,1,1,0.0
tMlH,1,0,1,1.0
tMlJ,0,2,2,0.0
tMlK,1,0,1,1.0
tMlL,1,0,1,1.0
tMlM,1,1,2,0.5
tMlN,1,2,3,0.33
tMlP,0,0,0,
tMlS,0,1,1,0.0
tMll,0,2,2,0.0
tMlm,1,0,1,1.0
tMmB,0,1,1,0.0
tMmH,2,2,4,0.5
tMmI,0,1,1,0.0
tMmJ,2,1,3,0.67
tMmM,1,0,1,1.0
tMmN,1,3,4,0.25
tMmP,1,3,4,0.25
tMmS,1,1,2,0.5
tMmb,1,0,1,1.0
tMmm,1,0,1,1.0
tMmn,0,1,1,0.0
tMms,1,2,3,0.33
tMnB,1,2,3,0.33
tMnH,0,2,2,0.0
tMnM,1,2,3,0.33
tMnN,4,3,7,0.57
tMnP,2,4,6,0.33
tMnS,4,0,4,1.0
tMnb,5,2,7,0.71
tMnl,0,2,2,0.0
tMnm,1,0,1,1.0
tMnn,2,3,5,0.4
tMns,2,2,4,0.5
tMsH,2,1,3,0.67
tMsI,1,0,1,1.0
tMsM,0,1,1,0.0
tMsN,1,0,1,1.0
tMsP,0,1,1,0.0
tMsS,0,2,2,0.0
tMsl,1,0,1,1.0
tMsm,2,0,2,1.0
tMsn,1,0,1,1.0
tMtN,1,1,2,0.5
tMtP,1,0,1,1.0
tMtl,0,1,1,0.0
tNBB,3,2,5,0.6
tNBL,1,0,1,1.0
tNBM,0,1,1,0.0
tNBN,1,1,2,0.5
tNBP,2,1,3,0.67
tNBS,1,0,1,1.0
tNBb,2,0,2,1.0
tNBj,0,1,1,0.0
tNBl,0,2,2,0.0
tNBm,2,0,2,1.0
tNBn,2,1,3,0.67
tNBs,0,1,1,0.0
tNBt,0,1,1,0.0
tNDB,0,1,1,0.0
tNDS,0,1,1,0.0
tNHM,1,0,1,1.0
tNHP,0,1,1,0.0
tNHb,1,0,1,1.0
tNHm,1,0,1,1.0
tNKb,0,1,1,0.0
tNLB,1,2,3,0.33
tNLL,0,1,1,0.0
tNLM,2,0,2,1.0
tNLN,1,0,1,1.0
tNLP,0,1,1,0.0
tNLS,1,0,1,1.0
tNLb,0,1,1,0.0
tNLj,1,0,1,1.0
tNLn,0,1,1,0.0
tNLs,1,0,1,1.0
tNMB,2,4,6,0.33
tNMD,0,1,1,0.0
tNMM,0,1,1,0.0
tNMN,4,3,7,0.57
tNMP,1,4,5,0.2
tNMS,0,2,2,0.0
tNMb,2,2,4,0.5
tNMh,0,1,1,0.0
tNMj,0,1,1,0.0
tNMl,0,3,3,0.0
tNMm,2,1,3,0.67
tNMn,2,2,4,0.5
tNMs,1,0,1,1.0
tNNB,1,3,4,0.25
tNNL,0,1,1,0.0
tNNM,1,2,3,0.33
tNNN,0,0,0,
tNNP,4,3,7,0.57
tNNS,1,2,3,0.33
tNNb,1,1,2,0.5
tNNh,2,2,4,0.5
tNNm,1,2,3,0.33
tNNn,3,1,4,0.75
tNNs,2,0,2,1.0
tNPB,0,1,1,0.0
tNPL,4,4,8,0.5
tNPM,2,4,6,0.33
tNPN,3,2,5,0.6
tNPP,4,4,8,0.5
tNPS,3,1,4,0.75
tNPb,0,3,3,0.0
tNPm,1,1,2,0.5
tNPn,4,1,5,0.8
tNPs,3,1,4,0.75
tNPt,1,0,1,1.0
tNSB,0,2,2,0.0
tNSL,1,2,3,0.33
tNSM,0,2,2,0.0
tNSN,1,0,1,1.0
tNSP,2,1,3,0.67
tNSS,2,0,2,1.0
tNSb,1,0,1,1.0
tNSh,0,2,2,0.0
tNSl,0,1,1,0.0
tNSn,5,2,7,0.71
tNSs,1,0,1,1.0
tNbB,0,1,1,0.0
tNbH,2,0,2,1.0
tNbI,0,1,1,0.0
tNbK,1,0,1,1.0
tNbM,2,2,4,0.5
tNbN,4,0,4,1.0
tNbP,2,1,3,0.67
tNbS,4,1,5,0.8
tNbb,2,1,3,0.67
tNbl,2,0,2,1.0
tNbm,2,2,4,0.5
tNbn,1,1,2,0.5
tNbs,2,0,2,1.0
tNhP,1,1,2,0.5
tNhS,0,1,1,0.0
tNhb,1,1,2,0.5
tNhh,0,1,1,0.0
tNhn,0,2,2,0.0
tNhs,0,0,0,
tNht,0,1,1,0.0
tNlB,2,1,3,0.67
tNlJ,0,1,1,0.0
tNlL,1,0,1,1.0
tNlN,2,0,2,1.0
tNlP,1,0,1,1.0
tNlS,1,1,2,0.5
tNlb,1,1,2,0.5
tNln,1,1,2,0.5
tNmB,1,1,2,0.5
tNmH,2,0,2,1.0
tNmI,0,1,1,0.0
tNmM,0,2,2,0.0
tNmN,0,2,2,0.0
tNmP,2,1,3,0.67
tNmS,0,1,1,0.0
tNmb,0,1,1,0.0
tNml,0,2,2,0.0
tNmm,1,0,1,1.0
tNms,1,0,1,1.0
tNnB,1,1,2,0.5
tNnH,1,1,2,0.5
tNnL,0,2,2,0.0
tNnM,3,5,8,0.38
tNnN,1,4,5,0.2
tNnP,3,1,4,0.75
tNnS,0,2,2,0.0
tNnb,1,4,5,0.2
tNnl,1,2,3,0.33
tNnm,2,2,4,0.5
tNnn,1,3,4,0.25
tNns,2,0,2,1.0
tNsH,2,1,3,0.67
tNsI,0,0,0,
tNsL,1,0,1,1.0
tNsM,1,1,2,0.5
tNsP,1,3,4,0.25
tNsS,2,0,2,1.0
tNsb,1,1,2,0.5
tNsl,0,1,1,0.0
tNsm,1,0,1,1.0
tNsn,0,0,0,
tNss,1,0,1,1.0
tNtD,0,1,1,0.0
tNtL,0,1,1,0.0
tNtM,1,0,1,1.0
tNtP,0,0,0,
tNtb,0,1,1,0.0
tNtm,1,0,1,1.0
tPBB,4,4,8,0.5
tPBD,1,0,1,1.0
tPBK,0,1,1,0.0
tPBL,0,1,1,0.0
tPBM,0,4,4,0.0
tPBN,1,3,4,0.25
tPBP,2,0,2,1.0
tPBS,0,1,1,0.0
tPBb,2,1,3,0.67
tPBh,0,1,1,0.0
tPBj,0,1,1,0.0
tPBm,0,4,4,0.0
tPBn,1,1,2,0.5
tPBs,1,0,1,1.0
tPBt,0,0,0,
tPDL,0,0,0,
tPDs,0,1,1,0.0
tPHB,1,0,1,1.0
tPHM,0,1,1,0.0
tPHN,1,0,1,1.0
tPHP,0,2,2,0.0
tPHb,1,0,1,1.0
tPHm,0,1,1,0.0
tPHn,0,2,2,0.0
tPHs,2,0,2,1.0
tPIB,0,1,1,0.0
tPID,0,1,1,0.0
tPKB,1,0,1,1.0
tPKP,0,0,0,
tPLB,1,0,1,1.0
tPLK,0,1,1,0.0
tPLM,1,1,2,0.5
tPLN,1,1,2,0.5
tPLP,1,2,3,0.33
tPLS,0,1,1,0.0
tPLb,0,0,0,
tPLl,0,0,0,
tPLm,3,2,5,0.6
tPLn,0,1,1,0.0
tPLs,0,2,2,0.0
tPMB,2,4,6,0.33
tPMM,4,3,7,0.57
tPMN,2,1,3,0.67
tPMP,1,2,3,0.33
tPMS,1,0,1,1.0
tPMb,3,3,6,0.5
tPMh,1,1,2,0.5
tPMj,1,1,2,0.5
tPMl,3,3,6,0.5
tPMm,2,2,4,0.5
tPMn,4,4,8,0.5
tPMs,1,3,4,0.25
tPNB,0,2,2,0.0
tPNM,4,3,7,0.57
tPNN,2,3,5,0.4
tPNP,5,2,7,0.71
tPNS,1,2,3,0.33
tPNb,3,1,4,0.75
tPNh,1,2,3,0.33
tPNl,2,1,3,0.67
tPNm,3,0,3,1.0
tPNn,2,2,4,0.5
tPNs,3,1,4,0.75
tPNt,1,0,1,1.0
tPPB,1,0,1,1.0
tPPH,1,2,3,0.33
tPPK,0,1,1,0.0
tPPL,0,3,3,0.0
tPPM,4,2,6,0.67
tPPN,5,2,7,0.71
tPPP,9,7,16,0.56
tPPS,0,2,2,0.0
tPPb,5,8,13,0.38
tPPh,1,0,1,1.0
tPPl,2,2,4,0.5
tPPm,7,4,11,0.64
tPPn,4,2,6,0.67
tPPs,4,3,7,0.57
tPPt,2,0,2,1.0
tPSB,0,2,2,0.0
tPSD,0,1,1,0.0
tPSL,0,1,1,0.0
tPSM,0,3,3,0.0
tPSN,2,1,3,0.67
tPSP,0,1,1,0.0
tPSS,0,2,2,0.0
tPSb,0,0,0,
tPSh,2,1,3,0.67
tPSl,4,2,6,0.67
tPSm,0,3,3,0.0
tPSn,1,3,4,0.25
tPSs,0,2,2,0.0
tPbB,2,5,7,0.29
tPbH,2,1,3,0.67
tPbJ,1,0,1,1.0
tPbL,0,0,0,
tPbM,2,0,2,1.0
tPbN,5,1,6,0.83
tPbP,2,6,8,0.25
tPbS,1,0,1,1.0
tPbb,2,5,7,0.29
tPbl,1,0,1,1.0
tPbm,0,2,2,0.0
tPbn,2,6,8,0.25
tPbs,1,1,2,0.5
tPhS,1,0,1,1.0
tPhb,1,0,1,1.0
tPhl,1,0,1,1.0
tPlB,0,1,1,0.0
tPlH,0,1,1,0.0
tPlJ,1,0,1,1.0
tPlL,1,1,2,0.5
tPlN,2,2,4,0.5
tPlP,3,3,6,0.5
tPlS,2,1,3,0.67
tPlb,1,2,3,0.33
tPll,0,1,1,0.0
tPlm,0,1,1,0.0
tPln,1,3,4,0.25
tPls,0,1,1,0.0
tPmB,2,2,4,0.5
tPmD,1,0,1,1.0
tPmH,1,1,2,0.5
tPmJ,0,0,0,
tPmL,3,0,3,1.0
tPmM,3,4,7,0.43
tPmN,1,3,4,0.25
tPmP,1,4,5,0.2
tPmS,1,0,1,1.0
tPmb,1,1,2,0.5
tPml,3,0,3,1.0
tPmm,0,3,3,0.0
tPmn,2,4,6,0.33
tPms,1,1,2,0.5
tPnB,4,0,4,1.0
tPnD,0,1,1,0.0
tPnH,1,0,1,1.0
tPnL,1,0,1,1.0
tPnM,2,0,2,1.0
tPnN,4,2,6,0.67
tPnP,3,2,5,0.6
tPnS,0,2,2,0.0
tPnb,3,0,3,1.0
tPnl,1,1,2,0.5
tPnm,3,1,4,0.75
tPnn,1,2,3,0.33
tPns,1,0,1,1.0
tPsL,2,2,4,0.5
tPsM,1,1,2,0.5
tPsN,0,3,3,0.0
tPsP,1,2,3,0.33
tPsS,2,1,3,0.67
tPsb,1,1,2,0.5
tPsl,1,1,2,0.5
tPsm,5,1,6,0.83
tPsn,1,2,3,0.33
tPss,2,0,2,1.0
tPtP,0,1,1,0.0
tPtS,0,1,1,0.0
tPtl,0,2,2,0.0
tPts,0,1,1,0.0
tPtt,1,0,1,1.0
tSBB,0,1,1,0.0
tSBH,1,0,1,1.0
tSBL,2,0,2,1.0
tSBM,0,1,1,0.0
tSBP,2,1,3,0.67
tSBS,1,0,1,1.0
tSBm,1,0,1,1.0
tSBs,2,0,2,1.0
tSDB,0,1,1,0.0
tSDL,0,1,1,0.0
tSDS,0,1,1,0.0
tSHB,0,2,2,0.0
tSHH,1,0,1,1.0
tSHI,1,0,1,1.0
tSHL,1,0,1,1.0
tSHN,0,1,1,0.0
tSHP,2,0,2,1.0
tSHS,1,2,3,0.33
tSHm,0,1,1,0.0
tSLB,0,1,1,0.0
tSLL,1,1,2,0.5
tSLM,0,1,1,0.0
tSLN,1,0,1,1.0
tSLP,0,1,1,0.0
tSLb,1,0,1,1.0
tSLm,2,1,3,0.67
tSLs,1,0,1,1.0
tSMB,0,5,5,0.0
tSMM,2,2,4,0.5
tSMN,0,2,2,0.0
tSMP,0,0,0,
tSMS,1,0,1,1.0
tSMb,1,3,4,0.25
tSMh,1,2,3,0.33
tSMl,0,1,1,0.0
tSMm,1,2,3,0.33
tSMn,1,1,2,0.5
tSMs,0,1,1,0.0
tSNB,1,0,1,1.0
tSNH,1,0,1,1.0
tSNL,0,1,1,0.0
tSNM,0,1,1,0.0
tSNN,2,1,3,0.67
tSNP,1,1,2,0.5
tSNS,0,1,1,0.0
tSNh,2,0,2,1.0
tSNl,1,0,1,1.0
tSNm,3,1,4,0.75
tSNn,1,2,3,0.33
tSNs,2,0,2,1.0
tSNt,0,1,1,0.0
tSPB,0,1,1,0.0
tSPD,0,1,1,0.0
tSPL,2,1,3,0.67
tSPM,2,1,3,0.67
tSPN,2,3,5,0.4
tSPP,1,1,2,0.5
tSPS,1,0,1,1.0
tSPb,1,1,2,0.5
tSPl,0,1,1,0.0
tSPm,2,2,4,0.5
tSPn,1,0,1,1.0
tSPs,0,1,1,0.0
tSSB,1,1,2,0.5
tSSH,1,1,2,0.5
tSSL,1,1,2,0.5
tSSM,2,1,3,0.67
tSSN,1,0,1,1.0
tSSP,3,1,4,0.75
tSSS,1,1,2,0.5
tSSh,0,1,1,0.0
tSSl,2,0,2,1.0
tSSm,1,0,1,1.0
tSSn,0,1,1,0.0
tSSt,1,0,1,1.0
tSbB,2,1,3,0.67
tSbH,1,0,1,1.0
tSbL,0,1,1,0.0
tSbM,0,3,3,0.0
tSbN,1,1,2,0.5
tSbP,1,0,1,1.0
tSbb,1,1,2,0.5
tSbn,1,2,3,0.33
tSbs,2,0,2,1.0
tShD,0,0,0,
tShL,2,0,2,1.0
tShP,1,1,2,0.5
tShb,1,0,1,1.0
tShh,2,1,3,0.67
tShl,0,0,0,
tShm,1,0,1,1.0
tShn,0,1,1,0.0
tShs,0,1,1,0.0
tSlM,0,1,1,0.0
tSlN,1,3,4,0.25
tSlP,0,0,0,
tSlS,0,1,1,0.0
tSlb,0,0,0,
tSll,0,0,0,
tSlm,0,1,1,0.0
tSln,1,0,1,1.0
tSmB,0,1,1,0.0
tSmD,0,1,1,0.0
tSmH,1,1,2,0.5
tSmJ,1,0,1,1.0
tSmM,1,1,2,0.5
tSmN,0,0,0,
tSmP,1,0,1,1.0
tSmS,1,1,2,0.5
tSmb,1,1,2,0.5
tSml,2,0,2,1.0
tSmn,3,1,4,0.75
tSms,1,0,1,1.0
tSnB,2,2,4,0.5
tSnH,2,1,3,0.67
tSnI,0,1,1,0.0
tSnL,1,1,2,0.5
tSnM,1,2,3,0.33
tSnN,1,2,3,0.33
tSnP,4,1,5,0.8
tSnS,1,3,4,0.25
tSnb,4,1,5,0.8
tSnh,0,0,0,
tSnl,1,0,1,1.0
tSnm,0,2,2,0.0
tSnn,2,3,5,0.4
tSns,3,1,4,0.75
tSsB,1,0,1,1.0
tSsH,2,1,3,0.67
tSsM,1,0,1,1.0
tSsN,1,1,2,0.5
tSsP,1,0,1,1.0
tSsS,2,1,3,0.67
tSsb,0,2,2,0.0
tSsl,0,1,1,0.0
tSsm,0,1,1,0.0
tSss,1,1,2,0.5
tStH,2,0,2,1.0
tStP,1,3,4,0.25
tStl,1,0,1,1.0
tStn,0,1,1,0.0
tbBB,2,0,2,1.0
tbBL,0,2,2,0.0
tbBM,0,2,2,0.0
tbBN,3,2,5,0.6
tbBP,1,4,5,0.2
tbBb,0,3,3,0.0
tbBh,0,1,1,0.0
tbBl,1,0,1,1.0
tbBn,2,0,2,1.0
tbBs,1,0,1,1.0
tbBt,1,0,1,1.0
tbDM,1,0,1,1.0
tbDP,1,0,1,1.0
tbDb,0,1,1,0.0
tbDs,1,0,1,1.0
tbHL,2,0,2,1.0
tbHM,1,1,2,0.5
tbHh,0,1,1,0.0
tbHl,1,0,1,1.0
tbIS,0,1,1,0.0
tbIn,0,1,1,0.0
tbJL,0,1,1,0.0
tbJM,0,1,1,0.0
tbJN,0,1,1,0.0
tbJb,0,1,1,0.0
tbJh,0,1,1,0.0
tbJm,2,0,2,1.0
tbKB,0,1,1,0.0
tbKh,0,1,1,0.0
tbLB,1,0,1,1.0
tbLM,1,1,2,0.5
tbLN,0,1,1,0.0
tbLS,2,0,2,1.0
tbLm,0,1,1,0.0
tbLn,1,0,1,1.0
tbLs,1,0,1,1.0
tbML,1,0,1,1.0
tbMM,3,1,4,0.75
tbMN,2,1,3,0.67
tbMP,0,3,3,0.0
tbMS,1,0,1,1.0
tbMb,2,0,2,1.0
tbMh,1,2,3,0.33
tbMl,2,2,4,0.5
tbMm,1,5,6,0.17
tbMn,2,0,2,1.0
tbMs,0,1,1,0.0
tbNB,1,0,1,1.0
tbNK,2,0,2,1.0
tbNL,0,1,1,0.0
tbNM,2,3,5,0.4
tbNN,1,1,2,0.5
tbNP,3,2,5,0.6
tbNS,0,1,1,0.0
tbNb,1,1,2,0.5
tbNh,1,1,2,0.5
tbNl,1,0,1,1.0
tbNm,0,0,0,
tbNn,4,3,7,0.57
tbNs,0,1,1,0.0
tbNt,1,1,2,0.5
tbPB,3,1,4,0.75
tbPH,1,2,3,0.33
tbPL,0,2,2,0.0
tbPM,0,1,1,0.0
tbPN,1,2,3,0.33
tbPP,0,3,3,0.0
tbPS,1,1,2,0.5
tbPb,0,3,3,0.0
tbPh,0,1,1,0.0
tbPl,0,0,0,
tbPm,3,3,6,0.5
tbPn,1,5,6,0.17
tbPs,2,1,3,0.67
tbPt,1,0,1,1.0
tbSB,0,1,1,0.0
tbSM,1,1,2,0.5
tbSN,0,1,1,0.0
tbSP,0,0,0,
tbSh,0,1,1,0.0
tbSn,0,0,0,
tbSs,0,1,1,0.0
tbSt,0,1,1,0.0
tbbB,2,0,2,1.0
tbbH,1,0,1,1.0
tbbI,0,1,1,0.0
tbbJ,1,0,1,1.0
tbbL,1,0,1,1.0
tbbM,0,1,1,0.0
tbbN,2,1,3,0.67
tbbP,0,1,1,0.0
tbbS,0,1,1,0.0
tbbb,2,1,3,0.67
tbbl,1,1,2,0.5
tbbm,1,1,2,0.5
tbbn,2,1,3,0.67
tbbs,1,2,3,0.33
tblB,0,1,1,0.0
tblH,0,1,1,0.0
tblM,3,0,3,1.0
tblN,2,0,2,1.0
tblP,2,1,3,0.67
tblb,1,1,2,0.5
tbll,0,1,1,0.0
tblm,2,1,3,0.67
tbln,1,1,2,0.5
tbls,1,1,2,0.5
tbmB,2,1,3,0.67
tbmI,0,1,1,0.0
tbmJ,1,0,1,1.0
tbmM,1,1,2,0.5
tbmN,1,0,1,1.0
tbmP,1,1,2,0.5
tbmS,1,3,4,0.25
tbmb,1,0,1,1.0
tbml,1,1,2,0.5
tbmm,3,0,3,1.0
tbms,1,0,1,1.0
tbnB,0,2,2,0.0
tbnH,1,1,2,0.5
tbnL,0,3,3,0.0
tbnM,1,2,3,0.33
tbnN,2,3,5,0.4
tbnP,5,3,8,0.62
tbnS,1,0,1,1.0
tbnb,1,3,4,0.25
tbnl,1,0,1,1.0
tbnm,3,2,5,0.6
tbnn,3,1,4,0.75
tbns,0,2,2,0.0
tbsB,1,2,3,0.33
tbsH,0,0,0,
tbsL,1,0,1,1.0
tbsM,0,1,1,0.0
tbsP,2,1,3,0.67
tbsb,1,2,3,0.33
tbsl,1,2,3,0.33
tbsm,1,1,2,0.5
tbsn,2,1,3,0.67
tbss,1,0,1,1.0
thLM,0,1,1,0.0
thLj,0,1,1,0.0
thlN,1,0,1,1.0
thmM,1,0,1,1.0
tlBL,0,0,0,
tlBM,1,0,1,1.0
tlBP,1,0,1,1.0
tlBS,1,0,1,1.0
tlBh,1,0,1,1.0
tlBm,1,0,1,1.0
tlBn,1,0,1,1.0
tlBt,0,1,1,0.0
tlHM,2,0,2,1.0
tlHN,1,0,1,1.0
tlHP,1,0,1,1.0
tlHb,1,0,1,1.0
tlHh,1,0,1,1.0
tlHm,1,0,1,1.0
tlHn,2,0,2,1.0
tlIN,0,1,1,0.0
tlIb,1,0,1,1.0
tlIn,0,0,0,
tlJP,0,1,1,0.0
tlJb,2,0,2,1.0
tlJn,0,1,1,0.0
tlJs,0,1,1,0.0
tlKM,0,1,1,0.0
tlKN,1,0,1,1.0
tlLB,0,1,1,0.0
tlLL,0,1,1,0.0
tlLM,1,0,1,1.0
tlLN,0,0,0,
tlLS,1,0,1,1.0
tlLb,0,1,1,0.0
tlLh,0,1,1,0.0
tlLl,1,1,2,0.5
tlLn,0,2,2,0.0
tlLs,0,1,1,0.0
tlMB,2,0,2,1.0
tlMN,0,1,1,0.0
tlMb,1,0,1,1.0
tlMl,1,1,2,0.5
tlMn,1,1,2,0.5
tlMt,1,0,1,1.0
tlNB,0,2,2,0.0
tlNH,0,1,1,0.0
tlNM,2,1,3,0.67
tlNN,2,0,2,1.0
tlNP,1,2,3,0.33
tlNS,0,1,1,0.0
tlNb,1,0,1,1.0
tlNm,1,0,1,1.0
tlNn,2,2,4,0.5
tlPB,1,1,2,0.5
tlPH,1,0,1,1.0
tlPL,1,1,2,0.5
tlPN,0,1,1,0.0
tlPS,0,0,0,
tlPl,1,0,1,1.0
tlPm,2,1,3,0.67
tlPn,2,2,4,0.5
tlPs,1,1,2,0.5
tlSB,0,1,1,0.0
tlSL,0,1,1,0.0
tlSM,0,2,2,0.0
tlSP,0,1,1,0.0
tlSb,1,0,1,1.0
tlSh,0,1,1,0.0
tlSl,2,0,2,1.0
tlSm,0,1,1,0.0
tlSn,0,1,1,0.0
tlbB,1,0,1,1.0
tlbI,1,0,1,1.0
tlbL,1,0,1,1.0
tlbM,1,0,1,1.0
tlbN,1,0,1,1.0
tlbP,2,1,3,0.67
tlbS,1,0,1,1.0
tlbb,1,1,2,0.5
tlbl,2,0,2,1.0
tlbm,2,1,3,0.67
tllB,1,1,2,0.5
tllH,0,0,0,
tllM,1,1,2,0.5
tllN,3,2,5,0.6
tllP,1,1,2,0.5
tllS,2,2,4,0.5
tllb,0,1,1,0.0
tlmB,1,1,2,0.5
tlmH,1,0,1,1.0
tlmJ,0,1,1,0.0
tlmM,1,1,2,0.5
tlmN,1,0,1,1.0
tlmP,1,0,1,1.0
tlmS,1,0,1,1.0
tlmb,1,0,1,1.0
tlml,0,1,1,0.0
tlmm,1,0,1,1.0
tlmn,2,0,2,1.0
tlnB,3,0,3,1.0
tlnH,0,1,1,0.0
tlnN,1,1,2,0.5
tlnP,3,0,3,1.0
tlnl,1,0,1,1.0
tlnm,1,2,3,0.33
tlnn,1,0,1,1.0
tlns,0,0,0,
tlsB,2,0,2,1.0
tlsL,0,1,1,0.0
tlsP,1,1,2,0.5
tlsS,1,0,1,1.0
tlsl,0,0,0,
tlsm,0,1,1,0.0
tmBN,2,1,3,0.67
tmBP,1,0,1,1.0
tmBS,2,3,5,0.4
tmBj,1,1,2,0.5
tmBm,0,2,2,0.0
tmBn,3,0,3,1.0
tmDS,1,0,1,1.0
tmDb,0,1,1,0.0
tmDl,0,1,1,0.0
tmDs,0,1,1,0.0
tmHI,0,1,1,0.0
tmHM,0,1,1,0.0
tmHN,2,1,3,0.67
tmHP,0,4,4,0.0
tmHS,0,1,1,0.0
tmHh,1,0,1,1.0
tmHn,0,3,3,0.0
tmHs,3,0,3,1.0
tmHt,0,0,0,
tmIl,0,1,1,0.0
tmJH,1,0,1,1.0
tmJn,0,0,0,
tmLL,1,0,1,1.0
tmLM,0,0,0,
tmLP,1,0,1,1.0
tmLb,1,0,1,1.0
tmLh,1,0,1,1.0
tmLj,0,1,1,0.0
tmLn,1,1,2,0.5
tmMB,1,1,2,0.5
tmML,1,0,1,1.0
tmMM,0,2,2,0.0
tmMN,2,1,3,0.67
tmMP,0,2,2,0.0
tmMS,2,0,2,1.0
tmMb,5,0,5,1.0
tmMh,1,0,1,1.0
tmMm,1,0,1,1.0
tmMn,0,2,2,0.0
tmMs,0,1,1,0.0
tmMt,1,0,1,1.0
tmNB,3,0,3,1.0
tmNL,2,2,4,0.5
tmNM,1,1,2,0.5
tmNN,1,4,5,0.2
tmNP,1,0,1,1.0
tmNS,2,1,3,0.67
tmNb,2,1,3,0.67
tmNh,0,1,1,0.0
tmNl,0,1,1,0.0
tmNm,2,2,4,0.5
tmNn,1,2,3,0.33
tmPB,1,1,2,0.5
tmPD,0,1,1,0.0
tmPL,1,1,2,0.5
tmPM,3,3,6,0.5
tmPN,1,1,2,0.5
tmPP,2,1,3,0.67
tmPb,5,2,7,0.71
tmPh,0,0,0,
tmPl,0,3,3,0.0
tmPm,0,1,1,0.0
tmPn,2,0,2,1.0
tmPs,2,0,2,1.0
tmPt,0,1,1,0.0
tmSM,1,0,1,1.0
tmSP,1,2,3,0.33
tmSS,0,1,1,0.0
tmSb,1,1,2,0.5
tmSh,0,1,1,0.0
tmSl,1,1,2,0.5
tmSn,0,0,0,
tmSs,1,0,1,1.0
tmSt,0,0,0,
tmbB,2,2,4,0.5
tmbJ,1,0,1,1.0
tmbL,1,1,2,0.5
tmbM,0,1,1,0.0
tmbN,0,1,1,0.0
tmbP,0,2,2,0.0
tmbb,3,1,4,0.75
tmbl,3,1,4,0.75
tmbm,1,0,1,1.0
tmbn,0,1,1,0.0
tmbs,1,0,1,1.0
tmlH,0,0,0,
tmlM,2,1,3,0.67
tmlN,0,0,0,
tmlP,2,0,2,1.0
tmlS,0,1,1,0.0
tmlb,1,1,2,0.5
tmll,1,1,2,0.5
tmln,1,0,1,1.0
tmmB,2,0,2,1.0
tmmH,0,0,0,
tmmL,2,0,2,1.0
tmmM,1,0,1,1.0
tmmN,1,4,5,0.2
tmmP,0,3,3,0.0
tmmS,1,0,1,1.0
tmmb,1,1,2,0.5
tmmm,1,1,2,0.5
tmmn,2,1,3,0.67
tmms,0,0,0,
tmnL,1,0,1,1.0
tmnM,1,0,1,1.0
tmnP,2,2,4,0.5
tmnS,0,1,1,0.0
tmnb,1,1,2,0.5
tmnl,0,1,1,0.0
tmnm,0,3,3,0.0
tmnn,0,1,1,0.0
tmns,1,0,1,1.0
tmsB,1,0,1,1.0
tmsH,0,1,1,0.0
tmsN,0,1,1,0.0
tmsP,2,0,2,1.0
tmsb,2,2,4,0.5
tmsn,1,0,1,1.0
tnBB,2,1,3,0.67
tnBM,2,4,6,0.33
tnBN,1,1,2,0.5
tnBP,1,0,1,1.0
tnBS,0,3,3,0.0
tnBb,0,2,2,0.0
tnBj,0,1,1,0.0
tnBl,1,0,1,1.0
tnBn,2,1,3,0.67
tnBs,1,1,2,0.5
tnDB,0,1,1,0.0
tnDH,0,1,1,0.0
tnDP,0,1,1,0.0
tnDS,2,0,2,1.0
tnDl,1,0,1,1.0
tnDt,0,0,0,
tnHB,0,1,1,0.0
tnHH,1,1,2,0.5
tnHL,1,0,1,1.0
tnHM,1,0,1,1.0
tnHN,1,1,2,0.5
tnHS,1,2,3,0.33
tnHb,3,0,3,1.0
tnHl,0,3,3,0.0
tnHm,1,0,1,1.0
tnHn,1,0,1,1.0
tnHs,1,0,1,1.0
tnIH,0,1,1,0.0
tnIP,1,0,1,1.0
tnIS,0,1,1,0.0
tnIn,0,0,0,
tnKB,0,0,0,
tnLL,1,0,1,1.0
tnLN,0,1,1,0.0
tnLP,1,0,1,1.0
tnLb,1,0,1,1.0
tnLn,0,2,2,0.0
tnLs,0,1,1,0.0
tnMB,1,4,5,0.2
tnMK,0,1,1,0.0
tnML,0,0,0,
tnMM,5,3,8,0.62
tnMN,2,2,4,0.5
tnMP,1,2,3,0.33
tnMS,0,0,0,
tnMb,4,1,5,0.8
tnMh,1,0,1,1.0
tnMl,0,1,1,0.0
tnMm,0,2,2,0.0
tnMn,1,4,5,0.2
tnMt,0,1,1,0.0
tnNB,0,3,3,0.0
tnND,0,0,0,
tnNK,0,0,0,
tnNL,2,1,3,0.67
tnNM,0,4,4,0.0
tnNN,4,1,5,0.8
tnNP,5,2,7,0.71
tnNS,1,1,2,0.5
tnNb,1,2,3,0.33
tnNh,0,1,1,0.0
tnNl,2,1,3,0.67
tnNm,2,0,2,1.0
tnNn,3,4,7,0.43
tnNt,1,0,1,1.0
tnPB,3,2,5,0.6
tnPD,0,1,1,0.0
tnPI,0,0,0,
tnPK,1,1,2,0.5
tnPL,1,0,1,1.0
tnPM,3,3,6,0.5
tnPN,3,1,4,0.75
tnPP,1,7,8,0.12
tnPS,1,2,3,0.33
tnPb,5,1,6,0.83
tnPl,1,0,1,1.0
tnPm,2,2,4,0.5
tnPn,3,3,6,0.5
tnPs,3,2,5,0.6
tnSB,0,2,2,0.0
tnSD,0,0,0,
tnSH,0,0,0,
tnSL,1,1,2,0.5
tnSM,1,1,2,0.5
tnSN,2,3,5,0.4
tnSP,2,3,5,0.4
tnSS,3,0,3,1.0
tnSb,0,1,1,0.0
tnSh,0,2,2,0.0
tnSm,1,0,1,1.0
tnSn,1,1,2,0.5
tnSs,1,0,1,1.0
tnSt,0,1,1,0.0
tnbB,3,0,3,1.0
tnbH,1,0,1,1.0
tnbI,0,1,1,0.0
tnbJ,1,1,2,0.5
tnbL,1,1,2,0.5
tnbM,4,3,7,0.57
tnbN,2,0,2,1.0
tnbP,2,1,3,0.67
tnbS,1,1,2,0.5
tnbb,1,2,3,0.33
tnbl,1,0,1,1.0
tnbm,1,3,4,0.25
tnbs,0,1,1,0.0
tnhB,1,0,1,1.0
tnhI,0,1,1,0.0
tnhl,0,1,1,0.0
tnhs,1,0,1,1.0
tnlB,1,0,1,1.0
tnlI,1,0,1,1.0
tnlb,0,0,0,
tnll,1,0,1,1.0
tnlm,0,2,2,0.0
tnls,2,2,4,0.5
tnmB,0,1,1,0.0
tnmH,2,3,5,0.4
tnmJ,1,0,1,1.0
tnmM,0,0,0,
tnmN,1,3,4,0.25
tnmP,0,3,3,0.0
tnmS,0,3,3,0.0
tnmb,1,0,1,1.0
tnml,1,0,1,1.0
tnmm,1,0,1,1.0
tnmn,2,4,6,0.33
tnms,0,2,2,0.0
tnnB,2,0,2,1.0
tnnH,0,1,1,0.0
tnnI,0,1,1,0.0
tnnL,0,1,1,0.0
tnnM,1,0,1,1.0
tnnN,2,0,2,1.0
tnnP,1,4,5,0.2
tnnS,3,3,6,0.5
tnnb,2,2,4,0.5
tnnl,1,0,1,1.0
tnnm,2,2,4,0.5
tnnn,2,1,3,0.67
tnns,0,1,1,0.0
tnsB,2,1,3,0.67
tnsH,0,1,1,0.0
tnsM,0,1,1,0.0
tnsN,1,0,1,1.0
tnsP,3,4,7,0.43
tnsS,0,0,0,
tnsb,0,1,1,0.0
tnsl,0,1,1,0.0
tnsn,0,1,1,0.0
tnss,1,2,3,0.33
tntL,1,0,1,1.0
tsBM,0,0,0,
tsBN,0,1,1,0.0
tsBS,0,0,0,
tsBb,0,0,0,
tsBl,0,1,1,0.0
tsBn,0,1,1,0.0
tsBs,1,0,1,1.0
tsDB,1,0,1,1.0
tsDs,0,1,1,0.0
tsHB,3,2,5,0.6
tsHH,0,0,0,
tsHM,0,4,4,0.0
tsHN,1,0,1,1.0
tsHP,3,0,3,1.0
tsHS,1,0,1,1.0
tsHh,1,0,1,1.0
tsHl,1,1,2,0.5
tsHn,0,0,0,
tsIP,0,1,1,0.0
tsLh,1,0,1,1.0
tsLl,1,0,1,1.0
tsLm,1,0,1,1.0
tsLn,0,0,0,
tsLs,0,0,0,
tsMB,0,1,1,0.0
tsML,2,0,2,1.0
tsMM,1,0,1,1.0
tsMN,1,1,2,0.5
tsMS,1,0,1,1.0
tsMb,1,1,2,0.5
tsMh,2,1,3,0.67
tsMj,0,1,1,0.0
tsMl,1,1,2,0.5
tsMn,0,1,1,0.0
tsMs,0,1,1,0.0
tsNB,1,0,1,1.0
tsNH,0,1,1,0.0
tsNK,1,0,1,1.0
tsNM,1,1,2,0.5
tsNN,0,2,2,0.0
tsNP,3,1,4,0.75
tsNS,0,1,1,0.0
tsNh,0,1,1,0.0
tsNl,0,1,1,0.0
tsNm,2,0,2,1.0
tsNn,1,2,3,0.33
tsNs,3,0,3,1.0
tsPB,1,2,3,0.33
tsPH,1,0,1,1.0
tsPL,0,1,1,0.0
tsPM,1,0,1,1.0
tsPN,1,1,2,0.5
tsPP,3,3,6,0.5
tsPS,0,2,2,0.0
tsPb,1,0,1,1.0
tsPl,2,1,3,0.67
tsPm,2,1,3,0.67
tsPn,2,0,2,1.0
tsPs,1,1,2,0.5
tsPt,1,1,2,0.5
tsSB,1,0,1,1.0
tsSM,0,1,1,0.0
tsSN,0,2,2,0.0
tsSP,1,0,1,1.0
tsSS,1,0,1,1.0
tsSb,2,2,4,0.5
tsSh,0,1,1,0.0
tsSl,1,0,1,1.0
tsSm,1,1,2,0.5
tsSs,3,0,3,1.0
tsSt,0,0,0,
tsbH,0,1,1,0.0
tsbM,0,1,1,0.0
tsbN,1,0,1,1.0
tsbP,1,0,1,1.0
tsbb,2,0,2,1.0
tsbl,0,1,1,0.0
tsbm,2,0,2,1.0
tsbn,2,0,2,1.0
tslB,0,1,1,0.0
tslH,2,0,2,1.0
tslM,0,1,1,0.0
tslN,1,1,2,0.5
tslP,1,1,2,0.5
tslS,1,0,1,1.0
tslb,0,1,1,0.0
tsll,0,1,1,0.0
tsls,0,0,0,
tsmD,1,0,1,1.0
tsmH,0,1,1,0.0
tsmL,0,1,1,0.0
tsmM,1,1,2,0.5
tsmP,1,3,4,0.25
tsmS,1,1,2,0.5
tsmm,2,2,4,0.5
tsmn,1,1,2,0.5
tsms,4,0,4,1.0
tsnB,1,1,2,0.5
tsnH,0,2,2,0.0
tsnN,0,0,0,
tsnP,0,1,1,0.0
tsnS,1,2,3,0.33
tsnb,1,0,1,1.0
tsnn,3,1,4,0.75
tsns,0,1,1,0.0
tssB,0,1,1,0.0
tssH,1,1,2,0.5
tssM,0,1,1,0.0
tssN,4,0,4,1.0
tssP,0,1,1,0.0
tssb,0,0,0,
tssm,2,0,2,1.0
tssn,1,1,2,0.5
tsss,0,1,1,0.0
ttBL,0,1,1,0.0
ttBM,0,1,1,0.0
ttHB,0,1,1,0.0
ttHL,1,0,1,1.0
ttHP,1,0,1,1.0
ttHm,1,0,1,1.0
ttHn,0,1,1,0.0
ttLB,1,1,2,0.5
ttLb,1,0,1,1.0
ttLm,0,0,0,
ttLn,1,0,1,1.0
ttMB,1,0,1,1.0
ttMM,0,1,1,0.0
ttMP,0,2,2,0.0
ttMS,1,1,2,0.5
ttMb,1,0,1,1.0
ttMh,1,0,1,1.0
ttMj,1,0,1,1.0
ttMm,1,0,1,1.0
ttMn,1,0,1,1.0
ttNH,1,0,1,1.0
ttNK,0,1,1,0.0
ttNL,0,1,1,0.0
ttNM,1,1,2,0.5
ttNS,1,0,1,1.0
ttNb,1,0,1,1.0
ttNh,0,0,0,
ttNl,1,0,1,1.0
ttPH,0,0,0,
ttPM,2,1,3,0.67
ttPN,1,0,1,1.0
ttPP,1,0,1,1.0
ttPS,1,2,3,0.33
ttPb,0,1,1,0.0
ttPs,1,0,1,1.0
ttSH,1,0,1,1.0
ttSL,1,0,1,1.0
ttSM,1,1,2,0.5
ttSP,0,1,1,0.0
ttSh,0,1,1,0.0
ttSl,0,1,1,0.0
ttSn,0,1,1,0.0
ttbB,0,1,1,0.0
ttbI,1,0,1,1.0
ttbM,0,1,1,0.0
ttbN,0,2,2,0.0
ttbb,1,0,1,1.0
ttbl,1,0,1,1.0
ttbs,0,0,0,
tthL,1,0,1,1.0
tthl,1,0,1,1.0
ttlL,1,0,1,1.0
ttlN,1,0,1,1.0
ttlb,0,1,1,0.0
ttll,1,1,2,0.5
ttls,0,1,1,0.0
ttmB,1,0,1,1.0
ttmM,0,0,0,
ttmP,0,1,1,0.0
ttmb,2,0,2,1.0
ttmm,1,0,1,1.0
ttnD,1,0,1,1.0
ttnH,0,2,2,0.0
ttnM,0,1,1,0.0
ttnN,0,1,1,0.0
ttnP,1,2,3,0.33
ttnl,0,1,1,0.0
ttnm,1,0,1,1.0
ttsL,1,0,1,1.0
ttsM,1,0,1,1.0
ttsn,1,0,1,1.0
ttss,0,0,0,
tttS,1,0,1,1.0
