candlestick_code3,label_increase,label_decrease,occurrence,percentage
BBB,527,585,1112,0.47
BBD,54,55,109,0.5
BBH,10,1,11,0.91
BBI,0,1,1,0.0
BBK,33,41,74,0.45
BBL,157,165,322,0.49
BBM,388,452,840,0.46
BBN,533,603,1136,0.47
BBP,685,662,1347,0.51
BBS,202,219,421,0.48
BBb,528,563,1091,0.48
BBh,49,50,99,0.49
BBj,133,135,268,0.5
BBl,166,211,377,0.44
BBm,493,430,923,0.53
BBn,690,659,1349,0.51
BBs,207,194,401,0.52
BBt,69,76,145,0.48
BDB,52,45,97,0.54
BDD,36,22,58,0.62
BDH,47,64,111,0.42
BDI,6,3,9,0.67
BDK,0,1,1,0.0
BDL,29,27,56,0.52
BDM,59,61,120,0.49
BDN,54,63,117,0.46
BDP,81,70,151,0.54
BDS,57,56,113,0.5
BDb,52,56,108,0.48
BDh,1,3,4,0.25
BDl,23,23,46,0.5
BDm,91,68,159,0.57
BDn,52,51,103,0.5
BDs,45,54,99,0.45
BDt,8,7,15,0.53
BHB,5,4,9,0.56
BHD,1,0,1,1.0
BHH,1,1,2,0.5
BHI,1,2,3,0.33
BHK,0,0,0,
BHL,2,2,4,0.5
BHM,11,7,18,0.61
BHN,4,4,8,0.5
BHP,5,6,11,0.45
BHS,3,5,8,0.38
BHb,7,2,9,0.78
BHh,1,0,1,1.0
BHl,1,2,3,0.33
BHm,5,3,8,0.62
BHn,3,1,4,0.75
BHs,3,3,6,0.5
BHt,1,0,1,1.0
BIB,1,0,1,1.0
BIH,0,1,1,0.0
BIL,0,0,0,
BIM,2,0,2,1.0
BIN,0,1,1,0.0
BIm,1,1,2,0.5
BIn,0,1,1,0.0
BIs,0,1,1,0.0
BKB,38,34,72,0.53
BKD,4,8,12,0.33
BKH,7,4,11,0.64
BKI,6,4,10,0.6
BKL,15,16,31,0.48
BKM,52,48,100,0.52
BKN,29,46,75,0.39
BKP,63,64,127,0.5
BKS,24,32,56,0.43
BKb,47,40,87,0.54
BKh,26,37,63,0.41
BKl,19,20,39,0.49
BKm,54,60,114,0.47
BKn,48,42,90,0.53
BKs,30,32,62,0.48
BKt,4,2,6,0.67
BLB,148,168,316,0.47
BLD,16,20,36,0.44
BLH,3,5,8,0.38
BLK,8,13,21,0.38
BLL,51,75,126,0.4
BLM,127,168,295,0.43
BLN,130,164,294,0.44
BLP,255,236,491,0.52
BLS,84,100,184,0.46
BLb,195,172,367,0.53
BLh,67,91,158,0.42
BLj,57,65,122,0.47
BLl,97,93,190,0.51
BLm,208,169,377,0.55
BLn,217,265,482,0.45
BLs,107,83,190,0.56
BLt,29,33,62,0.47
BMB,374,468,842,0.44
BMD,52,47,99,0.53
BMH,2,4,6,0.33
BMI,1,1,2,0.5
BMK,4,6,10,0.4
BML,145,130,275,0.53
BMM,399,471,870,0.46
BMN,432,487,919,0.47
BMP,583,611,1194,0.49
BMS,210,270,480,0.44
BMb,527,538,1065,0.49
BMh,366,361,727,0.5
BMj,100,102,202,0.5
BMl,172,180,352,0.49
BMm,544,454,998,0.55
BMn,684,609,1293,0.53
BMs,247,231,478,0.52
BMt,65,59,124,0.52
BNB,463,498,961,0.48
BND,81,76,157,0.52
BNH,81,70,151,0.54
BNI,4,6,10,0.4
BNK,31,41,72,0.43
BNL,172,178,350,0.49
BNM,448,567,1015,0.44
BNN,651,727,1378,0.47
BNP,891,923,1814,0.49
BNS,331,378,709,0.47
BNb,497,523,1020,0.49
BNh,196,235,431,0.45
BNl,222,210,432,0.51
BNm,555,529,1084,0.51
BNn,839,804,1643,0.51
BNs,388,357,745,0.52
BNt,108,92,200,0.54
BPB,559,608,1167,0.48
BPD,68,78,146,0.47
BPH,166,175,341,0.49
BPI,47,50,97,0.48
BPK,67,71,138,0.49
BPL,253,322,575,0.44
BPM,586,731,1317,0.44
BPN,742,780,1522,0.49
BPP,1079,1097,2176,0.5
BPS,430,458,888,0.48
BPb,676,626,1302,0.52
BPh,71,78,149,0.48
BPl,346,323,669,0.52
BPm,716,605,1321,0.54
BPn,719,697,1416,0.51
BPs,383,421,804,0.48
BPt,61,46,107,0.57
BSB,202,208,410,0.49
BSD,36,47,83,0.43
BSH,85,111,196,0.43
BSI,9,3,12,0.75
BSK,3,5,8,0.38
BSL,86,103,189,0.46
BSM,262,301,563,0.47
BSN,274,284,558,0.49
BSP,395,378,773,0.51
BSS,246,256,502,0.49
BSb,256,252,508,0.5
BSh,154,161,315,0.49
BSl,129,131,260,0.5
BSm,289,221,510,0.57
BSn,313,330,643,0.49
BSs,259,240,499,0.52
BSt,30,34,64,0.47
BbB,477,476,953,0.5
BbD,49,45,94,0.52
BbH,163,164,327,0.5
BbI,70,48,118,0.59
BbJ,157,137,294,0.53
BbK,44,51,95,0.46
BbL,180,210,390,0.46
BbM,462,600,1062,0.44
BbN,665,704,1369,0.49
BbP,712,720,1432,0.5
BbS,232,312,544,0.43
Bbb,544,506,1050,0.52
Bbh,1,2,3,0.33
Bbl,224,180,404,0.55
Bbm,476,354,830,0.57
Bbn,588,543,1131,0.52
Bbs,258,228,486,0.53
BhB,44,45,89,0.49
BhD,3,7,10,0.3
BhH,5,8,13,0.38
BhI,0,3,3,0.0
BhK,1,0,1,1.0
BhL,26,21,47,0.55
BhM,43,61,104,0.41
BhN,65,65,130,0.5
BhP,76,88,164,0.46
BhS,37,48,85,0.44
Bhb,72,56,128,0.56
Bhh,44,45,89,0.49
Bhl,34,37,71,0.48
Bhm,61,57,118,0.52
Bhn,99,81,180,0.55
Bhs,50,40,90,0.56
Bht,4,8,12,0.33
BjB,150,147,297,0.51
BjD,11,12,23,0.48
BjH,32,36,68,0.47
BjI,11,11,22,0.5
BjK,11,7,18,0.61
BjL,51,68,119,0.43
BjM,128,166,294,0.44
BjN,136,150,286,0.48
BjP,227,212,439,0.52
BjS,88,107,195,0.45
Bjb,181,147,328,0.55
Bjh,22,38,60,0.37
Bjl,79,76,155,0.51
Bjm,121,112,233,0.52
Bjn,177,161,338,0.52
Bjs,95,85,180,0.53
Bjt,18,27,45,0.4
BlB,182,161,343,0.53
BlD,21,21,42,0.5
BlH,115,149,264,0.44
BlI,25,17,42,0.6
BlJ,45,59,104,0.43
BlK,6,8,14,0.43
BlL,71,95,166,0.43
BlM,201,211,412,0.49
BlN,208,249,457,0.46
BlP,250,237,487,0.51
BlS,157,134,291,0.54
Blb,197,174,371,0.53
Blh,0,1,1,0.0
Bll,72,95,167,0.43
Blm,203,154,357,0.57
Bln,181,202,383,0.47
Bls,111,130,241,0.46
BmB,378,421,799,0.47
BmD,121,78,199,0.61
BmH,344,350,694,0.5
BmI,35,27,62,0.56
BmJ,97,112,209,0.46
BmK,1,8,9,0.11
BmL,161,147,308,0.52
BmM,461,565,1026,0.45
BmN,613,624,1237,0.5
BmP,653,611,1264,0.52
BmS,283,328,611,0.46
Bmb,488,424,912,0.54
Bml,164,115,279,0.59
Bmm,483,396,879,0.55
Bmn,508,483,991,0.51
Bms,244,243,487,0.5
Bmt,1,0,1,1.0
BnB,513,513,1026,0.5
BnD,89,82,171,0.52
BnH,319,310,629,0.51
BnI,96,102,198,0.48
BnK,46,80,126,0.37
BnL,225,213,438,0.51
BnM,627,704,1331,0.47
BnN,958,950,1908,0.5
BnP,1024,1066,2090,0.49
BnS,461,520,981,0.47
Bnb,623,572,1195,0.52
Bnh,26,42,68,0.38
Bnl,254,247,501,0.51
Bnm,676,557,1233,0.55
Bnn,831,840,1671,0.5
Bns,461,395,856,0.54
Bnt,1,5,6,0.17
BsB,155,187,342,0.45
BsD,42,45,87,0.48
BsH,226,225,451,0.5
BsI,38,33,71,0.54
BsK,6,6,12,0.5
BsL,83,84,167,0.5
BsM,235,233,468,0.5
BsN,280,280,560,0.5
BsP,338,381,719,0.47
BsS,249,275,524,0.48
Bsb,223,204,427,0.52
Bsh,14,15,29,0.48
Bsl,104,95,199,0.52
Bsm,247,212,459,0.54
Bsn,270,229,499,0.54
Bss,205,198,403,0.51
BtB,50,74,124,0.4
BtD,8,7,15,0.53
BtH,49,52,101,0.49
BtI,2,1,3,0.67
BtK,3,4,7,0.43
BtL,32,31,63,0.51
BtM,68,78,146,0.47
BtN,102,88,190,0.54
BtP,137,143,280,0.49
BtS,60,81,141,0.43
Btb,82,85,167,0.49
Bth,1,0,1,1.0
Btl,30,29,59,0.51
Btm,90,65,155,0.58
Btn,86,80,166,0.52
Bts,49,51,100,0.49
Btt,22,14,36,0.61
DBB,67,74,141,0.48
DBD,19,17,36,0.53
DBH,1,0,1,1.0
DBK,10,14,24,0.42
DBL,16,30,46,0.35
DBM,63,79,142,0.44
DBN,70,77,147,0.48
DBP,66,83,149,0.44
DBS,50,48,98,0.51
DBb,75,51,126,0.6
DBh,7,7,14,0.5
DBj,15,12,27,0.56
DBl,27,18,45,0.6
DBm,94,74,168,0.56
DBn,91,67,158,0.58
DBs,41,30,71,0.58
DBt,6,9,15,0.4
DDB,38,24,62,0.61
DDD,60,18,78,0.77
DDH,24,32,56,0.43
DDI,4,0,4,1.0
DDK,0,0,0,
DDL,13,16,29,0.45
DDM,47,46,93,0.51
DDN,28,26,54,0.52
DDP,46,40,86,0.53
DDS,30,34,64,0.47
DDb,21,25,46,0.46
DDh,1,3,4,0.25
DDl,7,15,22,0.32
DDm,55,65,120,0.46
DDn,25,21,46,0.54
DDs,17,28,45,0.38
DDt,4,1,5,0.8
DHB,48,50,98,0.49
DHD,24,17,41,0.59
DHH,12,19,31,0.39
DHI,7,7,14,0.5
DHK,2,6,8,0.25
DHL,22,28,50,0.44
DHM,87,93,180,0.48
DHN,58,63,121,0.48
DHP,106,107,213,0.5
DHS,76,66,142,0.54
DHb,61,66,127,0.48
DHh,53,31,84,0.63
DHl,32,25,57,0.56
DHm,115,88,203,0.57
DHn,69,65,134,0.51
DHs,67,51,118,0.57
DHt,9,5,14,0.64
DIB,6,7,13,0.46
DID,2,4,6,0.33
DIH,2,5,7,0.29
DII,1,0,1,1.0
DIL,3,5,8,0.38
DIM,7,5,12,0.58
DIN,8,1,9,0.89
DIP,6,9,15,0.4
DIS,4,6,10,0.4
DIb,6,5,11,0.55
DIh,1,0,1,1.0
DIl,3,1,4,0.75
DIm,5,8,13,0.38
DIn,7,3,10,0.7
DIs,5,6,11,0.45
DIt,0,0,0,
DKB,2,0,2,1.0
DKD,2,0,2,1.0
DKI,0,0,0,
DKM,1,3,4,0.25
DKN,0,2,2,0.0
DKP,2,1,3,0.67
DKS,1,2,3,0.33
DKb,1,2,3,0.33
DKl,0,1,1,0.0
DKm,3,0,3,1.0
DKn,0,0,0,
DKs,1,2,3,0.33
DLB,30,31,61,0.49
DLD,9,8,17,0.53
DLH,1,0,1,1.0
DLK,1,7,8,0.12
DLL,16,12,28,0.57
DLM,24,46,70,0.34
DLN,27,20,47,0.57
DLP,35,39,74,0.47
DLS,32,23,55,0.58
DLb,25,33,58,0.43
DLh,11,12,23,0.48
DLj,11,4,15,0.73
DLl,11,15,26,0.42
DLm,41,29,70,0.59
DLn,39,38,77,0.51
DLs,15,16,31,0.48
DLt,5,8,13,0.38
DMB,106,109,215,0.49
DMD,37,27,64,0.58
DMH,0,3,3,0.0
DML,22,26,48,0.46
DMM,103,131,234,0.44
DMN,75,92,167,0.45
DMP,101,103,204,0.5
DMS,73,85,158,0.46
DMb,83,90,173,0.48
DMh,83,101,184,0.45
DMj,13,12,25,0.52
DMl,28,34,62,0.45
DMm,148,111,259,0.57
DMn,117,122,239,0.49
DMs,61,85,146,0.42
DMt,7,9,16,0.44
DNB,72,68,140,0.51
DND,26,22,48,0.54
DNH,11,12,23,0.48
DNI,2,2,4,0.5
DNK,9,11,20,0.45
DNL,20,21,41,0.49
DNM,90,88,178,0.51
DNN,97,75,172,0.56
DNP,96,114,210,0.46
DNS,70,58,128,0.55
DNb,57,63,120,0.48
DNh,18,17,35,0.51
DNl,27,32,59,0.46
DNm,89,78,167,0.53
DNn,103,95,198,0.52
DNs,59,54,113,0.52
DNt,14,19,33,0.42
DPB,87,92,179,0.49
DPD,27,21,48,0.56
DPH,22,25,47,0.47
DPI,10,10,20,0.5
DPK,18,10,28,0.64
DPL,59,51,110,0.54
DPM,97,145,242,0.4
DPN,96,98,194,0.49
DPP,154,165,319,0.48
DPS,90,102,192,0.47
DPb,94,93,187,0.5
DPh,9,9,18,0.5
DPl,49,46,95,0.52
DPm,144,105,249,0.58
DPn,95,90,185,0.51
DPs,82,78,160,0.51
DPt,11,8,19,0.58
DSB,68,74,142,0.48
DSD,29,20,49,0.59
DSH,26,28,54,0.48
DSI,6,3,9,0.67
DSK,2,1,3,0.67
DSL,38,24,62,0.61
DSM,94,92,186,0.51
DSN,71,68,139,0.51
DSP,99,99,198,0.5
DSS,95,91,186,0.51
DSb,67,62,129,0.52
DSh,49,42,91,0.54
DSl,27,26,53,0.51
DSm,94,94,188,0.5
DSn,94,80,174,0.54
DSs,101,86,187,0.54
DSt,12,10,22,0.55
DbB,63,67,130,0.48
DbD,8,15,23,0.35
DbH,15,17,32,0.47
DbI,10,5,15,0.67
DbJ,26,17,43,0.6
DbK,8,14,22,0.36
DbL,19,20,39,0.49
DbM,93,87,180,0.52
DbN,87,69,156,0.56
DbP,104,72,176,0.59
DbS,48,40,88,0.55
Dbb,73,75,148,0.49
Dbl,25,25,50,0.5
Dbm,86,75,161,0.53
Dbn,62,70,132,0.47
Dbs,44,31,75,0.59
DhB,2,3,5,0.4
DhD,0,0,0,
DhH,1,0,1,1.0
DhK,0,1,1,0.0
DhL,0,1,1,0.0
DhM,3,3,6,0.5
DhN,3,2,5,0.6
DhP,6,4,10,0.6
DhS,5,3,8,0.62
Dhb,2,3,5,0.4
Dhh,1,2,3,0.33
Dhl,0,1,1,0.0
Dhm,3,5,8,0.38
Dhn,6,4,10,0.6
Dhs,2,3,5,0.4
DlB,30,23,53,0.57
DlD,4,5,9,0.44
DlH,15,19,34,0.44
DlI,5,0,5,1.0
DlJ,9,11,20,0.45
DlK,2,2,4,0.5
DlL,22,5,27,0.81
DlM,37,27,64,0.58
DlN,32,23,55,0.58
DlP,40,28,68,0.59
DlS,24,17,41,0.59
Dlb,37,24,61,0.61
Dll,9,14,23,0.39
Dlm,40,32,72,0.56
Dln,24,20,44,0.55
Dls,15,23,38,0.39
DmB,91,96,187,0.49
DmD,43,40,83,0.52
DmH,85,92,177,0.48
DmI,5,3,8,0.62
DmJ,18,19,37,0.49
DmK,0,4,4,0.0
DmL,37,33,70,0.53
DmM,116,126,242,0.48
DmN,111,104,215,0.52
DmP,97,114,211,0.46
DmS,71,93,164,0.43
Dmb,102,92,194,0.53
Dmh,1,6,7,0.14
Dml,27,24,51,0.53
Dmm,134,121,255,0.53
Dmn,94,76,170,0.55
Dms,64,53,117,0.55
Dmt,0,0,0,
DnB,41,67,108,0.38
DnD,26,20,46,0.57
DnH,45,35,80,0.56
DnI,11,12,23,0.48
DnK,9,7,16,0.56
DnL,21,21,42,0.5
DnM,80,99,179,0.45
DnN,98,102,200,0.49
DnP,96,114,210,0.46
DnS,82,61,143,0.57
Dnb,75,64,139,0.54
Dnh,2,1,3,0.67
Dnl,28,20,48,0.58
Dnm,80,70,150,0.53
Dnn,77,86,163,0.47
Dns,43,51,94,0.46
DsB,44,43,87,0.51
DsD,19,20,39,0.49
DsH,66,79,145,0.46
DsI,9,6,15,0.6
DsK,0,3,3,0.0
DsL,19,23,42,0.45
DsM,59,89,148,0.4
DsN,74,52,126,0.59
DsP,65,77,142,0.46
DsS,84,85,169,0.5
Dsb,66,50,116,0.57
Dsh,3,4,7,0.43
Dsl,19,35,54,0.35
Dsm,74,64,138,0.54
Dsn,54,51,105,0.51
Dss,49,63,112,0.44
Dst,0,0,0,
DtB,13,8,21,0.62
DtD,4,4,8,0.5
DtH,6,3,9,0.67
DtK,2,0,2,1.0
DtL,3,8,11,0.27
DtM,9,14,23,0.39
DtN,13,12,25,0.52
DtP,16,18,34,0.47
DtS,9,8,17,0.53
Dtb,8,6,14,0.57
Dtl,1,4,5,0.2
Dtm,18,3,21,0.86
Dtn,10,12,22,0.45
Dts,8,7,15,0.53
Dtt,3,2,5,0.6
HBB,142,146,288,0.49
HBD,18,23,41,0.44
HBH,2,2,4,0.5
HBK,11,20,31,0.35
HBL,46,71,117,0.39
HBM,127,179,306,0.42
HBN,177,182,359,0.49
HBP,176,208,384,0.46
HBS,91,99,190,0.48
HBb,180,149,329,0.55
HBh,16,26,42,0.38
HBj,44,43,87,0.51
HBl,80,78,158,0.51
HBm,147,145,292,0.5
HBn,195,234,429,0.45
HBs,98,92,190,0.52
HBt,30,29,59,0.51
HDB,24,14,38,0.63
HDD,8,5,13,0.62
HDH,31,25,56,0.55
HDI,3,0,3,1.0
HDK,1,0,1,1.0
HDL,11,8,19,0.58
HDM,37,35,72,0.51
HDN,29,26,55,0.53
HDP,46,33,79,0.58
HDS,40,41,81,0.49
HDb,33,20,53,0.62
HDh,0,3,3,0.0
HDl,10,10,20,0.5
HDm,41,39,80,0.51
HDn,38,28,66,0.58
HDs,21,32,53,0.4
HDt,2,5,7,0.29
HHB,39,25,64,0.61
HHD,6,14,20,0.3
HHH,23,14,37,0.62
HHI,3,6,9,0.33
HHK,9,7,16,0.56
HHL,14,10,24,0.58
HHM,40,47,87,0.46
HHN,55,43,98,0.56
HHP,53,52,105,0.5
HHS,52,62,114,0.46
HHb,44,35,79,0.56
HHh,7,10,17,0.41
HHl,14,11,25,0.56
HHm,41,31,72,0.57
HHn,35,36,71,0.49
HHs,45,36,81,0.56
HHt,2,1,3,0.67
HIB,14,17,31,0.45
HID,6,3,9,0.67
HIH,17,19,36,0.47
HII,2,2,4,0.5
HIL,4,12,16,0.25
HIM,20,34,54,0.37
HIN,25,20,45,0.56
HIP,35,40,75,0.47
HIS,17,23,40,0.42
HIb,23,16,39,0.59
HIl,10,2,12,0.83
HIm,23,16,39,0.59
HIn,24,19,43,0.56
HIs,15,18,33,0.45
HIt,0,3,3,0.0
HKB,15,15,30,0.5
HKD,2,1,3,0.67
HKH,2,2,4,0.5
HKI,2,0,2,1.0
HKK,0,1,1,0.0
HKL,11,10,21,0.52
HKM,16,16,32,0.5
HKN,17,17,34,0.5
HKP,32,24,56,0.57
HKS,17,17,34,0.5
HKb,21,17,38,0.55
HKh,15,16,31,0.48
HKl,7,8,15,0.47
HKm,16,21,37,0.43
HKn,17,16,33,0.52
HKs,14,19,33,0.42
HKt,4,0,4,1.0
HLB,63,48,111,0.57
HLD,11,11,22,0.5
HLH,1,0,1,1.0
HLK,5,11,16,0.31
HLL,23,27,50,0.46
HLM,81,86,167,0.49
HLN,70,75,145,0.48
HLP,80,98,178,0.45
HLS,58,74,132,0.44
HLb,65,78,143,0.45
HLh,29,45,74,0.39
HLj,23,19,42,0.55
HLl,50,33,83,0.6
HLm,72,70,142,0.51
HLn,90,111,201,0.45
HLs,58,48,106,0.55
HLt,7,17,24,0.29
HMB,179,184,363,0.49
HMD,30,34,64,0.47
HMH,0,3,3,0.0
HMI,2,0,2,1.0
HMK,5,3,8,0.62
HML,69,74,143,0.48
HMM,202,249,451,0.45
HMN,222,223,445,0.5
HMP,262,288,550,0.48
HMS,147,176,323,0.46
HMb,219,207,426,0.51
HMh,183,204,387,0.47
HMj,56,55,111,0.5
HMl,107,85,192,0.56
HMm,237,194,431,0.55
HMn,329,324,653,0.5
HMs,142,138,280,0.51
HMt,32,35,67,0.48
HNB,148,175,323,0.46
HND,37,29,66,0.56
HNH,33,33,66,0.5
HNI,3,2,5,0.6
HNK,22,31,53,0.42
HNL,71,71,142,0.5
HNM,224,252,476,0.47
HNN,265,278,543,0.49
HNP,327,345,672,0.49
HNS,168,204,372,0.45
HNb,214,196,410,0.52
HNh,73,107,180,0.41
HNl,109,101,210,0.52
HNm,247,187,434,0.57
HNn,311,336,647,0.48
HNs,197,159,356,0.55
HNt,41,43,84,0.49
HPB,210,228,438,0.48
HPD,41,25,66,0.62
HPH,96,87,183,0.52
HPI,35,24,59,0.59
HPK,42,35,77,0.55
HPL,124,141,265,0.47
HPM,358,374,732,0.49
HPN,307,337,644,0.48
HPP,458,473,931,0.49
HPS,254,257,511,0.5
HPb,300,253,553,0.54
HPh,42,42,84,0.5
HPl,162,139,301,0.54
HPm,322,282,604,0.53
HPn,310,302,612,0.51
HPs,241,205,446,0.54
HPt,27,31,58,0.47
HSB,107,126,233,0.46
HSD,27,22,49,0.55
HSH,60,71,131,0.46
HSI,3,5,8,0.38
HSK,7,10,17,0.41
HSL,69,49,118,0.58
HSM,168,220,388,0.43
HSN,158,145,303,0.52
HSP,205,203,408,0.5
HSS,193,236,429,0.45
HSb,143,141,284,0.5
HSh,119,126,245,0.49
HSl,90,81,171,0.53
HSm,176,177,353,0.5
HSn,190,177,367,0.52
HSs,212,208,420,0.5
HSt,37,18,55,0.67
HbB,186,164,350,0.53
HbD,27,26,53,0.51
HbH,53,57,110,0.48
HbI,18,12,30,0.6
HbJ,59,49,108,0.55
HbK,22,30,52,0.42
HbL,75,94,169,0.44
HbM,197,205,402,0.49
HbN,279,223,502,0.56
HbP,280,243,523,0.54
HbS,129,109,238,0.54
Hbb,228,208,436,0.52
Hbh,0,2,2,0.0
Hbl,76,67,143,0.53
Hbm,184,137,321,0.57
Hbn,195,189,384,0.51
Hbs,121,102,223,0.54
HhB,59,55,114,0.52
HhD,7,15,22,0.32
HhH,18,29,47,0.38
HhI,6,4,10,0.6
HhK,4,5,9,0.44
HhL,29,41,70,0.41
HhM,96,115,211,0.45
HhN,78,90,168,0.46
HhP,122,133,255,0.48
HhS,92,95,187,0.49
Hhb,98,78,176,0.56
Hhh,73,80,153,0.48
Hhl,49,54,103,0.48
Hhm,94,86,180,0.52
Hhn,102,92,194,0.53
Hhs,100,81,181,0.55
Hht,15,11,26,0.58
HlB,66,87,153,0.43
HlD,17,8,25,0.68
HlH,64,52,116,0.55
HlI,7,5,12,0.58
HlJ,14,29,43,0.33
HlK,3,7,10,0.3
HlL,44,41,85,0.52
HlM,117,112,229,0.51
HlN,108,134,242,0.45
HlP,122,120,242,0.5
HlS,61,65,126,0.48
Hlb,100,104,204,0.49
Hlh,2,0,2,1.0
Hll,42,36,78,0.54
Hlm,79,63,142,0.56
Hln,66,81,147,0.45
Hls,55,65,120,0.46
HmB,170,180,350,0.49
HmD,48,44,92,0.52
HmH,150,161,311,0.48
HmI,14,12,26,0.54
HmJ,51,33,84,0.61
HmK,0,3,3,0.0
HmL,83,71,154,0.54
HmM,222,280,502,0.44
HmN,234,237,471,0.5
HmP,260,255,515,0.5
HmS,149,143,292,0.51
Hmb,219,175,394,0.56
Hmh,2,1,3,0.67
Hml,66,75,141,0.47
Hmm,197,170,367,0.54
Hmn,208,193,401,0.52
Hms,129,101,230,0.56
HnB,154,176,330,0.47
HnD,36,22,58,0.62
HnH,140,106,246,0.57
HnI,37,29,66,0.56
HnK,25,24,49,0.51
HnL,98,87,185,0.53
HnM,260,295,555,0.47
HnN,322,333,655,0.49
HnP,376,393,769,0.49
HnS,214,208,422,0.51
Hnb,241,202,443,0.54
Hnh,12,17,29,0.41
Hnl,104,87,191,0.54
Hnm,200,175,375,0.53
Hnn,301,251,552,0.55
Hns,204,150,354,0.58
Hnt,2,1,3,0.67
HsB,100,98,198,0.51
HsD,32,26,58,0.55
HsH,174,173,347,0.5
HsI,18,15,33,0.55
HsK,5,6,11,0.45
HsL,76,51,127,0.6
HsM,162,196,358,0.45
HsN,173,190,363,0.48
HsP,243,222,465,0.52
HsS,209,214,423,0.49
Hsb,147,148,295,0.5
Hsh,11,12,23,0.48
Hsl,73,72,145,0.5
Hsm,181,143,324,0.56
Hsn,171,168,339,0.5
Hss,190,171,361,0.53
Hst,2,2,4,0.5
HtB,9,12,21,0.43
HtD,2,0,2,1.0
HtH,6,13,19,0.32
HtI,1,0,1,1.0
HtK,2,1,3,0.67
HtL,6,2,8,0.75
HtM,18,15,33,0.55
HtN,16,15,31,0.52
HtP,23,21,44,0.52
HtS,16,9,25,0.64
Htb,12,17,29,0.41
Hth,2,0,2,1.0
Htl,10,4,14,0.71
Htm,15,10,25,0.6
Htn,11,17,28,0.39
Hts,20,10,30,0.67
Htt,2,2,4,0.5
IBB,34,27,61,0.56
IBD,5,3,8,0.62
IBH,0,1,1,0.0
IBI,1,0,1,1.0
IBK,5,6,11,0.45
IBL,8,9,17,0.47
IBM,34,25,59,0.58
IBN,32,38,70,0.46
IBP,32,39,71,0.45
IBS,23,17,40,0.57
IBb,28,25,53,0.53
IBh,3,4,7,0.43
IBj,11,1,12,0.92
IBl,18,12,30,0.6
IBm,34,29,63,0.54
IBn,45,39,84,0.54
IBs,16,16,32,0.5
IBt,5,5,10,0.5
IDB,9,6,15,0.6
IDD,7,3,10,0.7
IDH,8,5,13,0.62
IDI,1,0,1,1.0
IDL,3,3,6,0.5
IDM,6,8,14,0.43
IDN,7,9,16,0.44
IDP,8,13,21,0.38
IDS,9,10,19,0.47
IDb,10,8,18,0.56
IDh,0,1,1,0.0
IDl,6,5,11,0.55
IDm,10,6,16,0.62
IDn,4,5,9,0.44
IDs,11,2,13,0.85
IDt,0,0,0,
IHB,26,25,51,0.51
IHD,4,4,8,0.5
IHH,7,3,10,0.7
IHI,1,2,3,0.33
IHK,2,2,4,0.5
IHL,13,11,24,0.54
IHM,27,28,55,0.49
IHN,29,28,57,0.51
IHP,46,36,82,0.56
IHS,22,27,49,0.45
IHb,19,29,48,0.4
IHh,9,18,27,0.33
IHl,15,13,28,0.54
IHm,38,27,65,0.58
IHn,28,24,52,0.54
IHs,28,21,49,0.57
IHt,4,3,7,0.57
IIB,2,8,10,0.2
IID,0,1,1,0.0
IIH,6,3,9,0.67
III,1,0,1,1.0
IIL,1,1,2,0.5
IIM,1,8,9,0.11
IIN,3,3,6,0.5
IIP,5,2,7,0.71
IIS,4,5,9,0.44
IIb,6,3,9,0.67
IIl,2,1,3,0.67
IIm,9,3,12,0.75
IIn,2,6,8,0.25
IIs,1,3,4,0.25
IKB,0,1,1,0.0
IKL,1,0,1,1.0
IKM,2,1,3,0.67
IKN,1,1,2,0.5
IKP,2,0,2,1.0
IKS,0,1,1,0.0
IKb,1,0,1,1.0
IKh,1,0,1,1.0
IKm,0,1,1,0.0
IKn,1,0,1,1.0
IKs,1,0,1,1.0
ILB,10,16,26,0.38
ILD,3,3,6,0.5
ILK,5,3,8,0.62
ILL,6,9,15,0.4
ILM,11,19,30,0.37
ILN,23,13,36,0.64
ILP,22,18,40,0.55
ILS,7,12,19,0.37
ILb,11,16,27,0.41
ILh,3,3,6,0.5
ILj,4,2,6,0.67
ILl,11,9,20,0.55
ILm,19,18,37,0.51
ILn,19,20,39,0.49
ILs,15,8,23,0.65
ILt,6,6,12,0.5
IMB,28,36,64,0.44
IMD,8,11,19,0.42
IMH,1,0,1,1.0
IMI,0,1,1,0.0
IMK,0,1,1,0.0
IML,15,16,31,0.48
IMM,34,54,88,0.39
IMN,49,45,94,0.52
IMP,49,52,101,0.49
IMS,23,25,48,0.48
IMb,30,23,53,0.57
IMh,31,39,70,0.44
IMj,7,11,18,0.39
IMl,21,21,42,0.5
IMm,59,34,93,0.63
IMn,43,63,106,0.41
IMs,27,30,57,0.47
IMt,12,9,21,0.57
INB,33,42,75,0.44
IND,5,3,8,0.62
INH,8,11,19,0.42
INK,2,6,8,0.25
INL,18,21,39,0.46
INM,32,42,74,0.43
INN,46,45,91,0.51
INP,66,60,126,0.52
INS,38,28,66,0.58
INb,32,29,61,0.52
INh,10,7,17,0.59
INl,25,6,31,0.81
INm,46,25,71,0.65
INn,49,55,104,0.47
INs,23,22,45,0.51
INt,13,3,16,0.81
IPB,55,39,94,0.59
IPD,3,6,9,0.33
IPH,12,16,28,0.43
IPI,3,8,11,0.27
IPK,6,3,9,0.67
IPL,25,32,57,0.44
IPM,65,82,147,0.44
IPN,53,53,106,0.5
IPP,78,81,159,0.49
IPS,32,44,76,0.42
IPb,49,61,110,0.45
IPh,7,7,14,0.5
IPl,27,24,51,0.53
IPm,57,42,99,0.58
IPn,34,50,84,0.4
IPs,34,39,73,0.47
IPt,5,12,17,0.29
ISB,27,24,51,0.53
ISD,4,5,9,0.44
ISH,24,15,39,0.62
ISI,3,6,9,0.33
ISK,2,0,2,1.0
ISL,16,12,28,0.57
ISM,27,42,69,0.39
ISN,31,27,58,0.53
ISP,36,38,74,0.49
ISS,35,37,72,0.49
ISb,21,19,40,0.52
ISh,11,12,23,0.48
ISl,16,11,27,0.59
ISm,28,28,56,0.5
ISn,40,25,65,0.62
ISs,37,22,59,0.63
ISt,12,9,21,0.57
IbB,44,30,74,0.59
IbD,2,1,3,0.67
IbH,10,12,22,0.45
IbI,5,1,6,0.83
IbJ,14,13,27,0.52
IbK,4,5,9,0.44
IbL,20,10,30,0.67
IbM,44,44,88,0.5
IbN,46,37,83,0.55
IbP,65,58,123,0.53
IbS,20,25,45,0.44
Ibb,41,41,82,0.5
Ibl,16,12,28,0.57
Ibm,35,26,61,0.57
Ibn,32,45,77,0.42
Ibs,23,20,43,0.53
IhL,0,1,1,0.0
IhM,1,0,1,1.0
IhN,0,1,1,0.0
IhP,1,0,1,1.0
IhS,1,2,3,0.33
Ihb,0,1,1,0.0
Ihh,1,2,3,0.33
Ihl,0,2,2,0.0
Ihm,1,0,1,1.0
Ihs,0,0,0,
Iht,1,0,1,1.0
IlB,12,22,34,0.35
IlD,2,1,3,0.67
IlH,6,9,15,0.4
IlI,0,3,3,0.0
IlJ,4,1,5,0.8
IlK,1,1,2,0.5
IlL,5,4,9,0.56
IlM,14,10,24,0.58
IlN,11,18,29,0.38
IlP,17,17,34,0.5
IlS,9,10,19,0.47
Ilb,14,13,27,0.52
Ilh,1,0,1,1.0
Ill,12,3,15,0.8
Ilm,14,8,22,0.64
Iln,7,11,18,0.39
Ils,7,5,12,0.58
ImB,36,29,65,0.55
ImD,6,5,11,0.55
ImH,22,25,47,0.47
ImI,4,4,8,0.5
ImJ,4,4,8,0.5
ImK,1,0,1,1.0
ImL,15,9,24,0.62
ImM,53,39,92,0.58
ImN,49,44,93,0.53
ImP,38,44,82,0.46
ImS,27,28,55,0.49
Imb,42,36,78,0.54
Imh,0,1,1,0.0
Iml,8,8,16,0.5
Imm,30,27,57,0.53
Imn,36,25,61,0.59
Ims,14,22,36,0.39
InB,24,16,40,0.6
InD,7,8,15,0.47
InH,26,21,47,0.55
InI,4,7,11,0.36
InK,1,4,5,0.2
InL,9,16,25,0.36
InM,36,34,70,0.51
InN,49,41,90,0.54
InP,55,53,108,0.51
InS,30,22,52,0.58
Inb,37,37,74,0.5
Inh,0,2,2,0.0
Inl,11,12,23,0.48
Inm,37,33,70,0.53
Inn,27,31,58,0.47
Ins,23,22,45,0.51
IsB,21,11,32,0.66
IsD,4,4,8,0.5
IsH,16,21,37,0.43
IsI,5,2,7,0.71
IsK,0,1,1,0.0
IsL,11,10,21,0.52
IsM,30,24,54,0.56
IsN,25,17,42,0.6
IsP,37,27,64,0.58
IsS,29,34,63,0.46
Isb,20,18,38,0.53
Ish,2,0,2,1.0
Isl,9,12,21,0.43
Ism,28,22,50,0.56
Isn,16,18,34,0.47
Iss,25,27,52,0.48
Ist,0,1,1,0.0
ItB,1,1,2,0.5
ItD,1,2,3,0.33
ItH,2,1,3,0.67
ItM,1,0,1,1.0
ItN,5,3,8,0.62
ItP,4,5,9,0.44
ItS,3,1,4,0.75
Itb,1,0,1,1.0
Itl,0,1,1,0.0
Itm,4,2,6,0.67
Itn,4,2,6,0.67
Its,2,1,3,0.67
Itt,1,0,1,1.0
JBB,27,27,54,0.5
JBD,2,2,4,0.5
JBI,1,0,1,1.0
JBK,2,5,7,0.29
JBL,8,11,19,0.42
JBM,26,37,63,0.41
JBN,29,33,62,0.47
JBP,25,30,55,0.45
JBS,14,21,35,0.4
JBb,21,22,43,0.49
JBh,0,5,5,0.0
JBj,7,11,18,0.39
JBl,15,9,24,0.62
JBm,30,18,48,0.62
JBn,41,29,70,0.59
JBs,16,22,38,0.42
JBt,6,2,8,0.75
JDB,2,8,10,0.2
JDD,0,1,1,0.0
JDH,9,3,12,0.75
JDI,0,1,1,0.0
JDK,1,0,1,1.0
JDL,1,1,2,0.5
JDM,1,4,5,0.2
JDN,4,5,9,0.44
JDP,2,5,7,0.29
JDS,6,3,9,0.67
JDb,6,2,8,0.75
JDh,0,1,1,0.0
JDl,1,2,3,0.33
JDm,2,0,2,1.0
JDn,1,0,1,1.0
JDs,1,1,2,0.5
JDt,2,0,2,1.0
JHB,5,11,16,0.31
JHD,0,1,1,0.0
JHH,2,3,5,0.4
JHI,0,2,2,0.0
JHK,1,3,4,0.25
JHL,5,6,11,0.45
JHM,19,17,36,0.53
JHN,12,13,25,0.48
JHP,24,25,49,0.49
JHS,13,17,30,0.43
JHb,13,20,33,0.39
JHh,6,5,11,0.55
JHl,9,4,13,0.69
JHm,20,9,29,0.69
JHn,15,19,34,0.44
JHs,12,12,24,0.5
JHt,2,0,2,1.0
JIB,4,3,7,0.57
JID,3,0,3,1.0
JIH,6,1,7,0.86
JII,0,1,1,0.0
JIL,1,5,6,0.17
JIM,2,1,3,0.67
JIN,3,5,8,0.38
JIP,6,1,7,0.86
JIS,2,3,5,0.4
JIb,4,5,9,0.44
JIl,1,1,2,0.5
JIm,3,0,3,1.0
JIn,1,2,3,0.33
JIs,1,3,4,0.25
JKB,0,3,3,0.0
JKH,1,1,2,0.5
JKI,0,0,0,
JKL,1,1,2,0.5
JKM,4,2,6,0.67
JKN,2,2,4,0.5
JKP,6,6,12,0.5
JKS,2,2,4,0.5
JKb,3,3,6,0.5
JKh,1,3,4,0.25
JKl,1,1,2,0.5
JKm,3,2,5,0.6
JKn,6,3,9,0.67
JKs,3,0,3,1.0
JLB,11,13,24,0.46
JLD,4,3,7,0.57
JLK,0,1,1,0.0
JLL,13,6,19,0.68
JLM,15,17,32,0.47
JLN,11,9,20,0.55
JLP,10,22,32,0.31
JLS,11,15,26,0.42
JLb,19,11,30,0.63
JLh,3,7,10,0.3
JLj,3,2,5,0.6
JLl,13,7,20,0.65
JLm,14,13,27,0.52
JLn,15,21,36,0.42
JLs,11,10,21,0.52
JLt,4,1,5,0.8
JMB,23,31,54,0.43
JMD,5,8,13,0.38
JMI,1,0,1,1.0
JMK,1,1,2,0.5
JML,21,22,43,0.49
JMM,33,29,62,0.53
JMN,20,39,59,0.34
JMP,41,46,87,0.47
JMS,30,30,60,0.5
JMb,24,28,52,0.46
JMh,27,20,47,0.57
JMj,9,4,13,0.69
JMl,11,14,25,0.44
JMm,47,40,87,0.54
JMn,65,44,109,0.6
JMs,28,21,49,0.57
JMt,4,6,10,0.4
JNB,23,24,47,0.49
JND,5,4,9,0.56
JNH,5,8,13,0.38
JNI,0,0,0,
JNK,6,4,10,0.6
JNL,15,13,28,0.54
JNM,30,44,74,0.41
JNN,43,34,77,0.56
JNP,41,60,101,0.41
JNS,20,20,40,0.5
JNb,33,35,68,0.49
JNh,17,9,26,0.65
JNl,20,15,35,0.57
JNm,28,32,60,0.47
JNn,52,37,89,0.58
JNs,23,23,46,0.5
JNt,6,5,11,0.55
JPB,47,39,86,0.55
JPD,6,0,6,1.0
JPH,16,12,28,0.57
JPI,1,3,4,0.25
JPK,6,5,11,0.55
JPL,19,28,47,0.4
JPM,46,49,95,0.48
JPN,52,51,103,0.5
JPP,80,80,160,0.5
JPS,40,31,71,0.56
JPb,57,46,103,0.55
JPh,5,6,11,0.45
JPl,22,29,51,0.43
JPm,47,40,87,0.54
JPn,41,38,79,0.52
JPs,35,32,67,0.52
JPt,3,2,5,0.6
JSB,9,21,30,0.3
JSD,5,3,8,0.62
JSH,9,13,22,0.41
JSI,1,1,2,0.5
JSK,1,1,2,0.5
JSL,13,10,23,0.57
JSM,25,33,58,0.43
JSN,16,23,39,0.41
JSP,30,26,56,0.54
JSS,24,12,36,0.67
JSb,21,14,35,0.6
JSh,9,8,17,0.53
JSl,9,9,18,0.5
JSm,26,12,38,0.68
JSn,23,28,51,0.45
JSs,26,25,51,0.51
JSt,5,2,7,0.71
JbB,35,46,81,0.43
JbD,1,0,1,1.0
JbH,7,5,12,0.58
JbI,4,2,6,0.67
JbJ,8,10,18,0.44
JbK,2,3,5,0.4
JbL,19,16,35,0.54
JbM,43,36,79,0.54
JbN,50,42,92,0.54
JbP,45,42,87,0.52
JbS,16,16,32,0.5
Jbb,48,35,83,0.58
Jbl,23,7,30,0.77
Jbm,43,28,71,0.61
Jbn,38,29,67,0.57
Jbs,17,6,23,0.74
JhB,1,7,8,0.12
JhD,1,2,3,0.33
JhH,2,0,2,1.0
JhI,1,1,2,0.5
JhL,2,2,4,0.5
JhM,4,6,10,0.4
JhN,2,3,5,0.4
JhP,8,3,11,0.73
JhS,1,3,4,0.25
Jhb,5,2,7,0.71
Jhh,5,3,8,0.62
Jhl,1,1,2,0.5
Jhm,7,3,10,0.7
Jhn,0,7,7,0.0
Jhs,3,4,7,0.43
Jht,0,1,1,0.0
JlB,20,14,34,0.59
JlD,2,1,3,0.67
JlH,5,8,13,0.38
JlI,1,0,1,1.0
JlJ,4,4,8,0.5
JlK,1,0,1,1.0
JlL,7,11,18,0.39
JlM,17,18,35,0.49
JlN,6,20,26,0.23
JlP,14,17,31,0.45
JlS,8,13,21,0.38
Jlb,21,20,41,0.51
Jll,14,3,17,0.82
Jlm,15,10,25,0.6
Jln,18,8,26,0.69
Jls,5,6,11,0.45
JmB,36,26,62,0.58
JmD,7,4,11,0.64
JmH,21,19,40,0.52
JmI,0,2,2,0.0
JmJ,8,3,11,0.73
JmK,2,0,2,1.0
JmL,15,18,33,0.45
JmM,29,31,60,0.48
JmN,28,29,57,0.49
JmP,46,30,76,0.61
JmS,20,16,36,0.56
Jmb,37,24,61,0.61
Jmh,0,1,1,0.0
Jml,11,8,19,0.58
Jmm,38,25,63,0.6
Jmn,35,15,50,0.7
Jms,18,12,30,0.6
JnB,24,24,48,0.5
JnD,6,8,14,0.43
JnH,12,22,34,0.35
JnI,1,9,10,0.1
JnK,1,1,2,0.5
JnL,14,12,26,0.54
JnM,23,36,59,0.39
JnN,39,34,73,0.53
JnP,42,45,87,0.48
JnS,22,18,40,0.55
Jnb,30,22,52,0.58
Jnh,0,1,1,0.0
Jnl,8,13,21,0.38
Jnm,27,25,52,0.52
Jnn,24,33,57,0.42
Jns,23,22,45,0.51
JsB,23,17,40,0.57
JsD,7,3,10,0.7
JsH,9,21,30,0.3
JsI,0,3,3,0.0
JsK,0,1,1,0.0
JsL,9,9,18,0.5
JsM,23,24,47,0.49
JsN,16,20,36,0.44
JsP,38,23,61,0.62
JsS,17,22,39,0.44
Jsb,18,16,34,0.53
Jsh,2,3,5,0.4
Jsl,9,11,20,0.45
Jsm,26,16,42,0.62
Jsn,24,21,45,0.53
Jss,11,15,26,0.42
Jst,2,0,2,1.0
JtB,5,1,6,0.83
JtD,1,0,1,1.0
JtH,1,0,1,1.0
JtK,0,1,1,0.0
JtL,1,2,3,0.33
JtM,5,4,9,0.56
JtN,11,2,13,0.85
JtP,2,5,7,0.29
JtS,3,4,7,0.43
Jtb,0,2,2,0.0
Jtl,3,3,6,0.5
Jtm,3,1,4,0.75
Jtn,2,4,6,0.33
Jts,4,2,6,0.67
Jtt,0,1,1,0.0
KBB,24,20,44,0.55
KBD,4,4,8,0.5
KBH,0,1,1,0.0
KBK,5,3,8,0.62
KBL,14,13,27,0.52
KBM,25,38,63,0.4
KBN,28,32,60,0.47
KBP,35,42,77,0.45
KBS,10,17,27,0.37
KBb,40,22,62,0.65
KBh,2,2,4,0.5
KBj,7,6,13,0.54
KBl,16,14,30,0.53
KBm,42,35,77,0.55
KBn,37,38,75,0.49
KBs,20,21,41,0.49
KBt,3,3,6,0.5
KDB,4,9,13,0.31
KDD,2,5,7,0.29
KDH,5,8,13,0.38
KDK,0,0,0,
KDL,0,1,1,0.0
KDM,5,8,13,0.38
KDN,3,8,11,0.27
KDP,8,3,11,0.73
KDS,6,4,10,0.6
KDb,7,7,14,0.5
KDh,1,1,2,0.5
KDl,5,4,9,0.56
KDm,8,6,14,0.57
KDn,4,4,8,0.5
KDs,4,3,7,0.57
KDt,2,0,2,1.0
KHB,3,8,11,0.27
KHD,1,1,2,0.5
KHH,0,1,1,0.0
KHI,2,1,3,0.67
KHK,1,1,2,0.5
KHL,2,1,3,0.67
KHM,5,6,11,0.45
KHN,5,7,12,0.42
KHP,6,6,12,0.5
KHS,7,5,12,0.58
KHb,7,4,11,0.64
KHh,0,3,3,0.0
KHl,1,0,1,1.0
KHm,3,3,6,0.5
KHn,6,9,15,0.4
KHs,9,4,13,0.69
KIB,5,2,7,0.71
KID,0,0,0,
KIH,3,5,8,0.38
KIK,0,1,1,0.0
KIL,1,0,1,1.0
KIM,4,5,9,0.44
KIN,6,2,8,0.75
KIP,6,2,8,0.75
KIS,4,4,8,0.5
KIb,5,3,8,0.62
KIl,0,2,2,0.0
KIm,4,2,6,0.67
KIn,2,10,12,0.17
KIs,3,3,6,0.5
KKB,1,0,1,1.0
KKI,0,1,1,0.0
KKM,1,2,3,0.33
KKN,2,0,2,1.0
KKP,0,0,0,
KKS,1,0,1,1.0
KKb,0,2,2,0.0
KKh,1,1,2,0.5
KKl,0,1,1,0.0
KKn,1,3,4,0.25
KKs,1,2,3,0.33
KLB,17,14,31,0.55
KLD,4,0,4,1.0
KLL,11,15,26,0.42
KLM,15,21,36,0.42
KLN,12,11,23,0.52
KLP,29,21,50,0.58
KLS,12,10,22,0.55
KLb,17,10,27,0.63
KLh,6,5,11,0.55
KLj,2,6,8,0.25
KLl,11,10,21,0.52
KLm,12,17,29,0.41
KLn,16,18,34,0.47
KLs,12,14,26,0.46
KLt,4,0,4,1.0
KMB,46,39,85,0.54
KMD,5,14,19,0.26
KMI,0,1,1,0.0
KMK,1,1,2,0.5
KML,20,15,35,0.57
KMM,43,47,90,0.48
KMN,39,32,71,0.55
KMP,61,46,107,0.57
KMS,32,26,58,0.55
KMb,42,49,91,0.46
KMh,32,38,70,0.46
KMj,6,11,17,0.35
KMl,22,20,42,0.52
KMm,49,48,97,0.51
KMn,45,53,98,0.46
KMs,28,33,61,0.46
KMt,7,8,15,0.47
KNB,24,29,53,0.45
KND,1,8,9,0.11
KNH,5,4,9,0.56
KNI,0,1,1,0.0
KNK,3,5,8,0.38
KNL,13,11,24,0.54
KNM,23,46,69,0.33
KNN,29,29,58,0.5
KNP,53,58,111,0.48
KNS,26,26,52,0.5
KNb,35,33,68,0.51
KNh,10,7,17,0.59
KNl,16,18,34,0.47
KNm,29,35,64,0.45
KNn,33,33,66,0.5
KNs,27,21,48,0.56
KNt,3,5,8,0.38
KPB,56,49,105,0.53
KPD,7,10,17,0.41
KPH,7,14,21,0.33
KPI,5,2,7,0.71
KPK,4,5,9,0.44
KPL,28,31,59,0.47
KPM,62,67,129,0.48
KPN,39,49,88,0.44
KPP,85,86,171,0.5
KPS,38,49,87,0.44
KPb,66,63,129,0.51
KPh,9,8,17,0.53
KPl,32,15,47,0.68
KPm,55,54,109,0.5
KPn,34,35,69,0.49
KPs,27,31,58,0.47
KPt,5,9,14,0.36
KSB,16,17,33,0.48
KSD,3,5,8,0.38
KSH,11,9,20,0.55
KSI,0,1,1,0.0
KSK,1,1,2,0.5
KSL,16,15,31,0.52
KSM,25,46,71,0.35
KSN,11,19,30,0.37
KSP,38,34,72,0.53
KSS,33,32,65,0.51
KSb,30,24,54,0.56
KSh,20,16,36,0.56
KSl,16,13,29,0.55
KSm,29,33,62,0.47
KSn,27,32,59,0.46
KSs,27,33,60,0.45
KSt,7,4,11,0.64
KbB,30,28,58,0.52
KbD,4,5,9,0.44
KbH,8,11,19,0.42
KbI,3,0,3,1.0
KbJ,7,10,17,0.41
KbK,6,5,11,0.55
KbL,9,15,24,0.38
KbM,38,49,87,0.44
KbN,49,38,87,0.56
KbP,50,43,93,0.54
KbS,22,26,48,0.46
Kbb,42,38,80,0.52
Kbl,17,15,32,0.53
Kbm,36,22,58,0.62
Kbn,26,42,68,0.38
Kbs,24,16,40,0.6
KhB,32,21,53,0.6
KhD,7,5,12,0.58
KhH,9,9,18,0.5
KhI,3,0,3,1.0
KhK,1,1,2,0.5
KhL,17,14,31,0.55
KhM,31,37,68,0.46
KhN,26,26,52,0.5
KhP,33,55,88,0.38
KhS,22,35,57,0.39
Khb,36,45,81,0.44
Khh,24,24,48,0.5
Khl,24,26,50,0.48
Khm,37,33,70,0.53
Khn,29,29,58,0.5
Khs,24,28,52,0.46
Kht,2,5,7,0.29
KlB,13,12,25,0.52
KlD,6,3,9,0.67
KlH,15,12,27,0.56
KlI,4,2,6,0.67
KlJ,4,8,12,0.33
KlK,0,3,3,0.0
KlL,12,12,24,0.5
KlM,24,35,59,0.41
KlN,37,19,56,0.66
KlP,25,25,50,0.5
KlS,11,17,28,0.39
Klb,20,19,39,0.51
Klh,0,1,1,0.0
Kll,11,5,16,0.69
Klm,22,12,34,0.65
Kln,19,17,36,0.53
Kls,12,18,30,0.4
KmB,38,33,71,0.54
KmD,11,16,27,0.41
KmH,33,26,59,0.56
KmI,2,3,5,0.4
KmJ,10,2,12,0.83
KmL,13,19,32,0.41
KmM,53,61,114,0.46
KmN,50,38,88,0.57
KmP,58,43,101,0.57
KmS,32,22,54,0.59
Kmb,46,53,99,0.46
Kmh,0,0,0,
Kml,20,11,31,0.65
Kmm,45,45,90,0.5
Kmn,31,35,66,0.47
Kms,36,27,63,0.57
KnB,31,20,51,0.61
KnD,5,5,10,0.5
KnH,18,28,46,0.39
KnI,6,4,10,0.6
KnK,3,9,12,0.25
KnL,18,17,35,0.51
KnM,45,50,95,0.47
KnN,42,53,95,0.44
KnP,63,60,123,0.51
KnS,36,33,69,0.52
Knb,33,40,73,0.45
Knh,0,1,1,0.0
Knl,21,8,29,0.72
Knm,38,35,73,0.52
Knn,39,32,71,0.55
Kns,28,40,68,0.41
KsB,18,21,39,0.46
KsD,10,9,19,0.53
KsH,30,39,69,0.43
KsI,5,3,8,0.62
KsK,2,2,4,0.5
KsL,13,12,25,0.52
KsM,26,35,61,0.43
KsN,23,37,60,0.38
KsP,47,41,88,0.53
KsS,43,41,84,0.51
Ksb,31,31,62,0.5
Ksh,3,2,5,0.6
Ksl,13,16,29,0.45
Ksm,34,24,58,0.59
Ksn,30,15,45,0.67
Kss,28,23,51,0.55
KtB,5,2,7,0.71
KtD,3,0,3,1.0
KtH,3,1,4,0.75
KtL,3,2,5,0.6
KtM,2,7,9,0.22
KtN,6,5,11,0.55
KtP,5,6,11,0.45
KtS,1,1,2,0.5
Ktb,3,2,5,0.6
Kth,1,0,1,1.0
Ktl,1,1,2,0.5
Ktm,3,3,6,0.5
Ktn,2,2,4,0.5
Kts,2,4,6,0.33
Ktt,1,0,1,1.0
LBB,227,201,428,0.53
LBD,22,19,41,0.54
LBH,4,3,7,0.57
LBK,17,13,30,0.57
LBL,48,84,132,0.36
LBM,150,170,320,0.47
LBN,205,228,433,0.47
LBP,286,292,578,0.49
LBS,71,87,158,0.45
LBb,248,203,451,0.55
LBh,19,37,56,0.34
LBj,60,68,128,0.47
LBl,97,93,190,0.51
LBm,197,162,359,0.55
LBn,272,268,540,0.5
LBs,102,87,189,0.54
LBt,29,25,54,0.54
LDB,24,17,41,0.59
LDD,12,9,21,0.57
LDH,20,38,58,0.34
LDI,2,0,2,1.0
LDL,14,8,22,0.64
LDM,26,24,50,0.52
LDN,16,21,37,0.43
LDP,33,21,54,0.61
LDS,19,23,42,0.45
LDb,13,19,32,0.41
LDh,1,0,1,1.0
LDl,10,8,18,0.56
LDm,28,23,51,0.55
LDn,21,20,41,0.51
LDs,13,17,30,0.43
LDt,2,3,5,0.4
LHB,4,2,6,0.67
LHK,2,0,2,1.0
LHL,1,2,3,0.33
LHM,4,9,13,0.31
LHN,1,4,5,0.2
LHP,7,6,13,0.54
LHS,3,5,8,0.38
LHb,2,3,5,0.4
LHh,0,0,0,
LHl,3,1,4,0.75
LHm,8,5,13,0.62
LHn,1,2,3,0.33
LHs,4,4,8,0.5
LIB,1,1,2,0.5
LID,0,0,0,
LIH,0,2,2,0.0
LIM,1,0,1,1.0
LKB,10,18,28,0.36
LKD,2,0,2,1.0
LKH,0,4,4,0.0
LKI,0,3,3,0.0
LKL,10,7,17,0.59
LKM,12,12,24,0.5
LKN,9,14,23,0.39
LKP,15,13,28,0.54
LKS,5,13,18,0.28
LKb,11,13,24,0.46
LKh,10,8,18,0.56
LKl,8,12,20,0.4
LKm,19,13,32,0.59
LKn,13,17,30,0.43
LKs,14,11,25,0.56
LKt,0,2,2,0.0
LLB,80,97,177,0.45
LLD,5,9,14,0.36
LLH,3,1,4,0.75
LLK,5,4,9,0.56
LLL,24,33,57,0.42
LLM,87,79,166,0.52
LLN,87,63,150,0.58
LLP,115,106,221,0.52
LLS,62,63,125,0.5
LLb,87,91,178,0.49
LLh,33,45,78,0.42
LLj,34,28,62,0.55
LLl,41,44,85,0.48
LLm,104,93,197,0.53
LLn,134,100,234,0.57
LLs,54,59,113,0.48
LLt,16,12,28,0.57
LMB,248,212,460,0.54
LMD,25,23,48,0.52
LMH,1,1,2,0.5
LMK,3,3,6,0.5
LML,69,82,151,0.46
LMM,192,218,410,0.47
LMN,208,209,417,0.5
LMP,274,294,568,0.48
LMS,107,107,214,0.5
LMb,263,239,502,0.52
LMh,163,205,368,0.44
LMj,49,58,107,0.46
LMl,87,87,174,0.5
LMm,221,185,406,0.54
LMn,329,295,624,0.53
LMs,144,123,267,0.54
LMt,25,26,51,0.49
LNB,201,195,396,0.51
LND,28,32,60,0.47
LNH,33,32,65,0.51
LNI,1,0,1,1.0
LNK,11,17,28,0.39
LNL,76,80,156,0.49
LNM,173,212,385,0.45
LNN,258,261,519,0.5
LNP,297,336,633,0.47
LNS,156,156,312,0.5
LNb,225,179,404,0.56
LNh,81,89,170,0.48
LNl,109,71,180,0.61
LNm,226,173,399,0.57
LNn,292,277,569,0.51
LNs,143,146,289,0.49
LNt,44,44,88,0.5
LPB,245,238,483,0.51
LPD,28,21,49,0.57
LPH,80,76,156,0.51
LPI,20,17,37,0.54
LPK,29,29,58,0.5
LPL,151,149,300,0.5
LPM,264,320,584,0.45
LPN,317,353,670,0.47
LPP,505,474,979,0.52
LPS,220,224,444,0.5
LPb,313,290,603,0.52
LPh,26,32,58,0.45
LPl,178,167,345,0.52
LPm,328,234,562,0.58
LPn,292,292,584,0.5
LPs,219,188,407,0.54
LPt,36,30,66,0.55
LSB,115,103,218,0.53
LSD,18,22,40,0.45
LSH,37,42,79,0.47
LSI,3,1,4,0.75
LSK,7,6,13,0.54
LSL,59,81,140,0.42
LSM,144,151,295,0.49
LSN,141,132,273,0.52
LSP,209,213,422,0.5
LSS,157,164,321,0.49
LSb,125,130,255,0.49
LSh,96,99,195,0.49
LSl,107,64,171,0.63
LSm,161,139,300,0.54
LSn,149,152,301,0.5
LSs,148,135,283,0.52
LSt,17,24,41,0.41
LbB,202,199,401,0.5
LbD,13,23,36,0.36
LbH,64,62,126,0.51
LbI,19,24,43,0.44
LbJ,61,61,122,0.5
LbK,26,28,54,0.48
LbL,78,91,169,0.46
LbM,183,221,404,0.45
LbN,295,280,575,0.51
LbP,328,291,619,0.53
LbS,134,144,278,0.48
Lbb,252,219,471,0.54
Lbl,121,63,184,0.66
Lbm,179,160,339,0.53
Lbn,250,231,481,0.52
Lbs,149,108,257,0.58
LhB,72,90,162,0.44
LhD,11,8,19,0.58
LhH,14,25,39,0.36
LhI,4,3,7,0.57
LhK,1,1,2,0.5
LhL,38,47,85,0.45
LhM,103,94,197,0.52
LhN,98,93,191,0.51
LhP,138,140,278,0.5
LhS,65,67,132,0.49
Lhb,113,99,212,0.53
Lhh,88,92,180,0.49
Lhl,45,42,87,0.52
Lhm,111,71,182,0.61
Lhn,112,113,225,0.5
Lhs,92,76,168,0.55
Lht,11,14,25,0.44
LjB,50,48,98,0.51
LjD,10,1,11,0.91
LjH,16,20,36,0.44
LjI,5,3,8,0.62
LjK,5,2,7,0.71
LjL,47,32,79,0.59
LjM,47,62,109,0.43
LjN,66,72,138,0.48
LjP,99,104,203,0.49
LjS,56,53,109,0.51
Ljb,66,66,132,0.5
Ljh,12,18,30,0.4
Ljl,36,28,64,0.56
Ljm,82,55,137,0.6
Ljn,69,59,128,0.54
Ljs,36,38,74,0.49
Ljt,7,7,14,0.5
LlB,93,79,172,0.54
LlD,12,5,17,0.71
LlH,86,75,161,0.53
LlI,14,4,18,0.78
LlJ,37,34,71,0.52
LlK,7,4,11,0.64
LlL,47,60,107,0.44
LlM,118,123,241,0.49
LlN,145,139,284,0.51
LlP,147,140,287,0.51
LlS,83,98,181,0.46
Llb,111,129,240,0.46
Lll,39,52,91,0.43
Llm,99,91,190,0.52
Lln,112,108,220,0.51
Lls,87,87,174,0.5
LmB,194,192,386,0.5
LmD,44,39,83,0.53
LmH,158,175,333,0.47
LmI,13,25,38,0.34
LmJ,43,51,94,0.46
LmK,3,4,7,0.43
LmL,89,82,171,0.52
LmM,207,254,461,0.45
LmN,227,259,486,0.47
LmP,274,281,555,0.49
LmS,149,181,330,0.45
Lmb,193,206,399,0.48
Lmh,0,2,2,0.0
Lml,72,76,148,0.49
Lmm,187,165,352,0.53
Lmn,254,211,465,0.55
Lms,124,132,256,0.48
LnB,221,243,464,0.48
LnD,42,42,84,0.5
LnH,145,167,312,0.46
LnI,36,38,74,0.49
LnK,25,24,49,0.51
LnL,105,127,232,0.45
LnM,284,297,581,0.49
LnN,411,379,790,0.52
LnP,518,454,972,0.53
LnS,251,260,511,0.49
Lnb,257,273,530,0.48
Lnh,14,23,37,0.38
Lnl,134,142,276,0.49
Lnm,286,237,523,0.55
Lnn,404,332,736,0.55
Lns,221,236,457,0.48
Lnt,0,1,1,0.0
LsB,88,102,190,0.46
LsD,26,22,48,0.54
LsH,141,131,272,0.52
LsI,29,13,42,0.69
LsK,3,4,7,0.43
LsL,61,64,125,0.49
LsM,146,154,300,0.49
LsN,142,162,304,0.47
LsP,227,208,435,0.52
LsS,148,164,312,0.47
Lsb,128,114,242,0.53
Lsh,3,13,16,0.19
Lsl,69,71,140,0.49
Lsm,141,118,259,0.54
Lsn,131,142,273,0.48
Lss,122,118,240,0.51
Lst,2,0,2,1.0
LtB,31,30,61,0.51
LtD,3,6,9,0.33
LtH,24,24,48,0.5
LtI,0,3,3,0.0
LtK,2,2,4,0.5
LtL,19,14,33,0.58
LtM,44,40,84,0.52
LtN,34,41,75,0.45
LtP,48,66,114,0.42
LtS,21,29,50,0.42
Ltb,32,39,71,0.45
Lth,0,2,2,0.0
Ltl,16,22,38,0.42
Ltm,42,31,73,0.58
Ltn,49,41,90,0.54
Lts,17,29,46,0.37
Ltt,5,10,15,0.33
MBB,567,583,1150,0.49
MBD,78,68,146,0.53
MBH,4,5,9,0.44
MBI,1,0,1,1.0
MBK,43,50,93,0.46
MBL,139,171,310,0.45
MBM,458,532,990,0.46
MBN,602,671,1273,0.47
MBP,719,730,1449,0.5
MBS,229,282,511,0.45
MBb,591,624,1215,0.49
MBh,48,62,110,0.44
MBj,139,166,305,0.46
MBl,190,209,399,0.48
MBm,538,462,1000,0.54
MBn,750,784,1534,0.49
MBs,200,220,420,0.48
MBt,69,85,154,0.45
MDB,64,72,136,0.47
MDD,33,32,65,0.51
MDH,56,76,132,0.42
MDI,3,7,10,0.3
MDK,0,0,0,
MDL,29,17,46,0.63
MDM,79,122,201,0.39
MDN,80,69,149,0.54
MDP,110,79,189,0.58
MDS,84,84,168,0.5
MDb,68,84,152,0.45
MDh,4,3,7,0.57
MDl,29,25,54,0.54
MDm,107,102,209,0.51
MDn,63,74,137,0.46
MDs,56,58,114,0.49
MDt,8,2,10,0.8
MHB,2,5,7,0.29
MHD,1,1,2,0.5
MHH,1,1,2,0.5
MHI,1,2,3,0.33
MHK,0,0,0,
MHL,1,3,4,0.25
MHM,7,3,10,0.7
MHN,1,3,4,0.25
MHP,10,8,18,0.56
MHS,7,8,15,0.47
MHb,2,4,6,0.33
MHl,2,3,5,0.4
MHm,10,4,14,0.71
MHn,3,1,4,0.75
MHs,1,3,4,0.25
MIB,1,1,2,0.5
MID,1,0,1,1.0
MIH,0,1,1,0.0
MIL,0,1,1,0.0
MIM,3,3,6,0.5
MIN,2,3,5,0.4
MIP,3,0,3,1.0
MIS,3,1,4,0.75
MIh,0,1,1,0.0
MIl,1,0,1,1.0
MIm,5,0,5,1.0
MIn,1,1,2,0.5
MIs,1,0,1,1.0
MIt,1,0,1,1.0
MKB,2,3,5,0.4
MKD,2,0,2,1.0
MKH,0,2,2,0.0
MKI,2,1,3,0.67
MKL,0,3,3,0.0
MKM,4,9,13,0.31
MKN,7,7,14,0.5
MKP,14,10,24,0.58
MKS,4,11,15,0.27
MKb,6,0,6,1.0
MKh,4,11,15,0.27
MKl,3,5,8,0.38
MKm,10,5,15,0.67
MKn,7,10,17,0.41
MKs,3,6,9,0.33
MLB,167,198,365,0.46
MLD,33,17,50,0.66
MLH,2,3,5,0.4
MLK,14,6,20,0.7
MLL,56,53,109,0.51
MLM,196,205,401,0.49
MLN,194,226,420,0.46
MLP,246,267,513,0.48
MLS,115,108,223,0.52
MLb,211,189,400,0.53
MLh,86,98,184,0.47
MLj,62,55,117,0.53
MLl,88,79,167,0.53
MLm,207,179,386,0.54
MLn,277,278,555,0.5
MLs,108,109,217,0.5
MLt,23,31,54,0.43
MMB,527,602,1129,0.47
MMD,91,73,164,0.55
MMH,5,9,14,0.36
MMI,1,1,2,0.5
MMK,5,4,9,0.56
MML,139,141,280,0.5
MMM,518,626,1144,0.45
MMN,552,641,1193,0.46
MMP,750,790,1540,0.49
MMS,309,364,673,0.46
MMb,668,629,1297,0.52
MMh,432,491,923,0.47
MMj,117,131,248,0.47
MMl,207,196,403,0.51
MMm,648,566,1214,0.53
MMn,883,879,1762,0.5
MMs,367,323,690,0.53
MMt,68,77,145,0.47
MNB,447,484,931,0.48
MND,101,83,184,0.55
MNH,96,88,184,0.52
MNI,5,3,8,0.62
MNK,51,69,120,0.42
MNL,177,186,363,0.49
MNM,481,612,1093,0.44
MNN,751,776,1527,0.49
MNP,982,1013,1995,0.49
MNS,407,414,821,0.5
MNb,534,553,1087,0.49
MNh,193,220,413,0.47
MNl,215,208,423,0.51
MNm,603,480,1083,0.56
MNn,911,909,1820,0.5
MNs,381,386,767,0.5
MNt,109,111,220,0.5
MPB,666,603,1269,0.52
MPD,85,78,163,0.52
MPH,226,245,471,0.48
MPI,70,65,135,0.52
MPK,82,99,181,0.45
MPL,265,323,588,0.45
MPM,742,829,1571,0.47
MPN,806,986,1792,0.45
MPP,1188,1242,2430,0.49
MPS,563,577,1140,0.49
MPb,764,764,1528,0.5
MPh,84,101,185,0.45
MPl,364,363,727,0.5
MPm,846,704,1550,0.55
MPn,860,874,1734,0.5
MPs,517,483,1000,0.52
MPt,64,76,140,0.46
MSB,299,287,586,0.51
MSD,67,43,110,0.61
MSH,137,165,302,0.45
MSI,12,9,21,0.57
MSK,8,13,21,0.38
MSL,101,139,240,0.42
MSM,378,424,802,0.47
MSN,373,373,746,0.5
MSP,518,467,985,0.53
MSS,361,442,803,0.45
MSb,350,326,676,0.52
MSh,208,253,461,0.45
MSl,157,149,306,0.51
MSm,471,365,836,0.56
MSn,474,462,936,0.51
MSs,359,337,696,0.52
MSt,67,65,132,0.51
MbB,522,494,1016,0.51
MbD,77,66,143,0.54
MbH,207,214,421,0.49
MbI,61,58,119,0.51
MbJ,174,158,332,0.52
MbK,81,84,165,0.49
MbL,199,180,379,0.53
MbM,589,725,1314,0.45
MbN,932,861,1793,0.52
MbP,840,802,1642,0.51
MbS,361,408,769,0.47
Mbb,683,622,1305,0.52
Mbh,1,3,4,0.25
Mbl,206,207,413,0.5
Mbm,564,457,1021,0.55
Mbn,746,761,1507,0.5
Mbs,365,305,670,0.54
MhB,360,380,740,0.49
MhD,65,60,125,0.52
MhH,95,123,218,0.44
MhI,34,20,54,0.63
MhK,15,11,26,0.58
MhL,148,144,292,0.51
MhM,526,552,1078,0.49
MhN,474,474,948,0.5
MhP,654,716,1370,0.48
MhS,469,392,861,0.54
Mhb,444,419,863,0.51
Mhh,421,445,866,0.49
Mhl,260,231,491,0.53
Mhm,517,449,966,0.54
Mhn,578,531,1109,0.52
Mhs,409,368,777,0.53
Mht,52,54,106,0.49
MjB,112,112,224,0.5
MjD,14,13,27,0.52
MjH,45,51,96,0.47
MjI,9,9,18,0.5
MjK,17,15,32,0.53
MjL,44,61,105,0.42
MjM,140,147,287,0.49
MjN,141,150,291,0.48
MjP,204,210,414,0.49
MjS,99,106,205,0.48
Mjb,168,115,283,0.59
Mjh,18,21,39,0.46
Mjl,75,55,130,0.58
Mjm,129,113,242,0.53
Mjn,168,153,321,0.52
Mjs,89,89,178,0.5
Mjt,27,15,42,0.64
MlB,179,192,371,0.48
MlD,26,25,51,0.51
MlH,179,186,365,0.49
MlI,25,18,43,0.58
MlJ,75,58,133,0.56
MlK,12,14,26,0.46
MlL,99,93,192,0.52
MlM,245,289,534,0.46
MlN,308,346,654,0.47
MlP,318,315,633,0.5
MlS,168,224,392,0.43
Mlb,249,208,457,0.54
Mlh,0,2,2,0.0
Mll,101,96,197,0.51
Mlm,210,185,395,0.53
Mln,260,246,506,0.51
Mls,155,138,293,0.53
MmB,485,524,1009,0.48
MmD,177,139,316,0.56
MmH,488,546,1034,0.47
MmI,42,54,96,0.44
MmJ,111,121,232,0.48
MmK,13,15,28,0.46
MmL,179,198,377,0.47
MmM,625,726,1351,0.46
MmN,798,803,1601,0.5
MmP,800,780,1580,0.51
MmS,463,505,968,0.48
Mmb,537,540,1077,0.5
Mmh,2,12,14,0.14
Mml,158,146,304,0.52
Mmm,594,548,1142,0.52
Mmn,713,644,1357,0.53
Mms,352,364,716,0.49
MnB,611,620,1231,0.5
MnD,120,111,231,0.52
MnH,429,492,921,0.47
MnI,122,114,236,0.52
MnK,77,89,166,0.46
MnL,246,247,493,0.5
MnM,792,844,1636,0.48
MnN,1276,1272,2548,0.5
MnP,1327,1395,2722,0.49
MnS,663,753,1416,0.47
Mnb,789,750,1539,0.51
Mnh,32,42,74,0.43
Mnl,314,257,571,0.55
Mnm,841,674,1515,0.56
Mnn,1104,1042,2146,0.51
Mns,593,577,1170,0.51
Mnt,3,0,3,1.0
MsB,244,249,493,0.49
MsD,67,65,132,0.51
MsH,375,422,797,0.47
MsI,45,41,86,0.52
MsK,12,10,22,0.55
MsL,120,125,245,0.49
MsM,353,403,756,0.47
MsN,471,429,900,0.52
MsP,530,563,1093,0.48
MsS,405,485,890,0.46
Msb,322,299,621,0.52
Msh,22,15,37,0.59
Msl,155,142,297,0.52
Msm,393,314,707,0.56
Msn,415,376,791,0.52
Mss,336,316,652,0.52
Mst,4,7,11,0.36
MtB,62,62,124,0.5
MtD,14,10,24,0.58
MtH,42,62,104,0.4
MtI,1,3,4,0.25
MtK,8,5,13,0.62
MtL,43,21,64,0.67
MtM,85,107,192,0.44
MtN,115,103,218,0.53
MtP,144,150,294,0.49
MtS,69,77,146,0.47
Mtb,102,81,183,0.56
Mth,4,1,5,0.8
Mtl,17,32,49,0.35
Mtm,87,70,157,0.55
Mtn,108,120,228,0.47
Mts,45,41,86,0.52
Mtt,14,24,38,0.37
NBB,497,503,1000,0.5
NBD,60,66,126,0.48
NBH,9,3,12,0.75
NBI,0,1,1,0.0
NBK,43,46,89,0.48
NBL,155,201,356,0.44
NBM,434,541,975,0.45
NBN,620,664,1284,0.48
NBP,700,754,1454,0.48
NBS,281,308,589,0.48
NBb,519,525,1044,0.5
NBh,75,67,142,0.53
NBj,151,160,311,0.49
NBl,192,201,393,0.49
NBm,529,458,987,0.54
NBn,737,785,1522,0.48
NBs,264,275,539,0.49
NBt,106,85,191,0.55
NDB,81,81,162,0.5
NDD,30,30,60,0.5
NDH,55,106,161,0.34
NDI,9,12,21,0.43
NDK,3,3,6,0.5
NDL,31,23,54,0.57
NDM,105,102,207,0.51
NDN,95,94,189,0.5
NDP,105,115,220,0.48
NDS,97,108,205,0.47
NDb,70,62,132,0.53
NDh,3,1,4,0.75
NDl,34,33,67,0.51
NDm,118,91,209,0.56
NDn,87,92,179,0.49
NDs,53,60,113,0.47
NDt,8,10,18,0.44
NHB,85,72,157,0.54
NHD,14,14,28,0.5
NHH,24,30,54,0.44
NHI,13,14,27,0.48
NHK,17,18,35,0.49
NHL,50,39,89,0.56
NHM,114,108,222,0.51
NHN,128,158,286,0.45
NHP,142,159,301,0.47
NHS,82,106,188,0.44
NHb,89,82,171,0.52
NHh,23,31,54,0.43
NHl,48,44,92,0.52
NHm,116,93,209,0.56
NHn,131,128,259,0.51
NHs,85,87,172,0.49
NHt,7,2,9,0.78
NIB,3,4,7,0.43
NID,0,3,3,0.0
NIH,0,5,5,0.0
NII,1,1,2,0.5
NIL,2,3,5,0.4
NIM,9,5,14,0.64
NIN,2,4,6,0.33
NIP,7,6,13,0.54
NIS,6,6,12,0.5
NIb,6,6,12,0.5
NIl,1,0,1,1.0
NIm,4,5,9,0.44
NIn,3,1,4,0.75
NIs,2,1,3,0.67
NKB,44,39,83,0.53
NKD,11,8,19,0.58
NKH,8,10,18,0.44
NKI,6,7,13,0.46
NKK,0,0,0,
NKL,17,19,36,0.47
NKM,49,77,126,0.39
NKN,59,57,116,0.51
NKP,84,77,161,0.52
NKS,57,48,105,0.54
NKb,38,48,86,0.44
NKh,50,39,89,0.56
NKl,34,30,64,0.53
NKm,72,52,124,0.58
NKn,79,58,137,0.58
NKs,54,40,94,0.57
NKt,5,4,9,0.56
NLB,195,243,438,0.45
NLD,20,19,39,0.51
NLH,2,6,8,0.25
NLK,18,16,34,0.53
NLL,88,93,181,0.49
NLM,177,235,412,0.43
NLN,255,268,523,0.49
NLP,307,356,663,0.46
NLS,141,151,292,0.48
NLb,234,238,472,0.5
NLh,106,103,209,0.51
NLj,52,77,129,0.4
NLl,113,109,222,0.51
NLm,220,190,410,0.54
NLn,328,372,700,0.47
NLs,142,143,285,0.5
NLt,32,39,71,0.45
NMB,556,574,1130,0.49
NMD,83,75,158,0.53
NMH,1,4,5,0.2
NMI,1,0,1,1.0
NMK,5,10,15,0.33
NML,208,204,412,0.5
NMM,526,616,1142,0.46
NMN,665,714,1379,0.48
NMP,820,865,1685,0.49
NMS,351,431,782,0.45
NMb,658,668,1326,0.5
NMh,482,501,983,0.49
NMj,149,148,297,0.5
NMl,264,210,474,0.56
NMm,686,656,1342,0.51
NMn,1039,1007,2046,0.51
NMs,422,378,800,0.53
NMt,92,93,185,0.5
NNB,579,644,1223,0.47
NND,121,105,226,0.54
NNH,111,119,230,0.48
NNI,4,4,8,0.5
NNK,67,78,145,0.46
NNL,282,272,554,0.51
NNM,728,776,1504,0.48
NNN,1062,1089,2151,0.49
NNP,1241,1390,2631,0.47
NNS,607,608,1215,0.5
NNb,725,646,1371,0.53
NNh,287,347,634,0.45
NNl,277,314,591,0.47
NNm,772,644,1416,0.55
NNn,1230,1282,2512,0.49
NNs,600,580,1180,0.51
NNt,176,153,329,0.53
NPB,818,793,1611,0.51
NPD,118,106,224,0.53
NPH,307,320,627,0.49
NPI,103,91,194,0.53
NPK,100,132,232,0.43
NPL,426,492,918,0.46
NPM,974,1152,2126,0.46
NPN,1242,1274,2516,0.49
NPP,1661,1685,3346,0.5
NPS,879,903,1782,0.49
NPb,1028,1026,2054,0.5
NPh,126,159,285,0.44
NPl,565,500,1065,0.53
NPm,1086,935,2021,0.54
NPn,1219,1206,2425,0.5
NPs,795,783,1578,0.5
NPt,119,114,233,0.51
NSB,381,353,734,0.52
NSD,70,74,144,0.49
NSH,162,185,347,0.47
NSI,9,4,13,0.69
NSK,17,11,28,0.61
NSL,170,193,363,0.47
NSM,479,512,991,0.48
NSN,498,522,1020,0.49
NSP,694,761,1455,0.48
NSS,494,519,1013,0.49
NSb,415,395,810,0.51
NSh,342,354,696,0.49
NSl,188,182,370,0.51
NSm,547,421,968,0.57
NSn,684,569,1253,0.55
NSs,519,514,1033,0.5
NSt,85,81,166,0.51
NbB,466,531,997,0.47
NbD,66,62,128,0.52
NbH,177,188,365,0.48
NbI,48,52,100,0.48
NbJ,181,148,329,0.55
NbK,66,74,140,0.47
NbL,234,228,462,0.51
NbM,578,661,1239,0.47
NbN,870,851,1721,0.51
NbP,869,801,1670,0.52
NbS,375,378,753,0.5
Nbb,675,576,1251,0.54
Nbh,0,3,3,0.0
Nbl,231,210,441,0.52
Nbm,521,439,960,0.54
Nbn,692,639,1331,0.52
Nbs,357,304,661,0.54
Nbt,3,2,5,0.6
NhB,170,169,339,0.5
NhD,27,24,51,0.53
NhH,46,48,94,0.49
NhI,16,13,29,0.55
NhK,2,6,8,0.25
NhL,72,82,154,0.47
NhM,218,224,442,0.49
NhN,213,243,456,0.47
NhP,326,327,653,0.5
NhS,212,206,418,0.51
Nhb,219,220,439,0.5
Nhh,180,216,396,0.45
Nhl,128,88,216,0.59
Nhm,257,181,438,0.59
Nhn,290,300,590,0.49
Nhs,219,187,406,0.54
Nht,30,26,56,0.54
NlB,217,202,419,0.52
NlD,25,33,58,0.43
NlH,196,180,376,0.52
NlI,24,29,53,0.45
NlJ,67,87,154,0.44
NlK,17,15,32,0.53
NlL,115,102,217,0.53
NlM,257,295,552,0.47
NlN,348,344,692,0.5
NlP,392,363,755,0.52
NlS,198,227,425,0.47
Nlb,273,244,517,0.53
Nll,130,110,240,0.54
Nlm,224,190,414,0.54
Nln,268,277,545,0.49
Nls,160,160,320,0.5
NmB,505,503,1008,0.5
NmD,126,110,236,0.53
NmH,481,529,1010,0.48
NmI,56,53,109,0.51
NmJ,133,124,257,0.52
NmK,4,12,16,0.25
NmL,208,216,424,0.49
NmM,596,716,1312,0.45
NmN,834,822,1656,0.5
NmP,845,761,1606,0.53
NmS,425,440,865,0.49
Nmb,559,576,1135,0.49
Nmh,0,3,3,0.0
Nml,178,151,329,0.54
Nmm,544,484,1028,0.53
Nmn,697,655,1352,0.52
Nms,369,306,675,0.55
Nmt,0,0,0,
NnB,677,619,1296,0.52
NnD,148,114,262,0.56
NnH,539,579,1118,0.48
NnI,135,118,253,0.53
NnK,62,92,154,0.4
NnL,339,356,695,0.49
NnM,896,936,1832,0.49
NnN,1439,1357,2796,0.51
NnP,1461,1541,3002,0.49
NnS,789,816,1605,0.49
Nnb,857,788,1645,0.52
Nnh,32,37,69,0.46
Nnl,354,318,672,0.53
Nnm,911,740,1651,0.55
Nnn,1187,1224,2411,0.49
Nns,763,674,1437,0.53
Nnt,4,3,7,0.57
NsB,308,269,577,0.53
NsD,97,81,178,0.54
NsH,410,502,912,0.45
NsI,69,59,128,0.54
NsK,9,17,26,0.35
NsL,147,202,349,0.42
NsM,430,510,940,0.46
NsN,562,550,1112,0.51
NsP,636,686,1322,0.48
NsS,503,544,1047,0.48
Nsb,406,362,768,0.53
Nsh,24,22,46,0.52
Nsl,203,194,397,0.51
Nsm,478,427,905,0.53
Nsn,542,488,1030,0.53
Nss,446,419,865,0.52
Nst,7,4,11,0.64
NtB,103,81,184,0.56
NtD,10,26,36,0.28
NtH,63,71,134,0.47
NtI,3,3,6,0.5
NtK,12,8,20,0.6
NtL,45,53,98,0.46
NtM,119,134,253,0.47
NtN,170,142,312,0.54
NtP,190,218,408,0.47
NtS,101,126,227,0.44
Ntb,123,121,244,0.5
Nth,3,5,8,0.38
Ntl,47,42,89,0.53
Ntm,125,105,230,0.54
Ntn,158,147,305,0.52
Nts,79,68,147,0.54
Ntt,24,28,52,0.46
PBB,680,769,1449,0.47
PBD,75,89,164,0.46
PBH,7,6,13,0.54
PBI,1,2,3,0.33
PBK,59,71,130,0.45
PBL,289,327,616,0.47
PBM,627,728,1355,0.46
PBN,696,749,1445,0.48
PBP,933,969,1902,0.49
PBS,385,397,782,0.49
PBb,752,682,1434,0.52
PBh,77,96,173,0.45
PBj,207,206,413,0.5
PBl,344,288,632,0.54
PBm,733,652,1385,0.53
PBn,863,875,1738,0.5
PBs,363,325,688,0.53
PBt,124,104,228,0.54
PDB,64,70,134,0.48
PDD,30,37,67,0.45
PDH,78,76,154,0.51
PDI,7,5,12,0.58
PDK,0,0,0,
PDL,44,45,89,0.49
PDM,118,121,239,0.49
PDN,85,88,173,0.49
PDP,126,150,276,0.46
PDS,74,91,165,0.45
PDb,82,88,170,0.48
PDh,1,4,5,0.2
PDl,33,42,75,0.44
PDm,136,102,238,0.57
PDn,73,58,131,0.56
PDs,84,79,163,0.52
PDt,15,9,24,0.62
PHB,177,181,358,0.49
PHD,34,37,71,0.48
PHH,53,44,97,0.55
PHI,29,18,47,0.62
PHK,24,25,49,0.49
PHL,103,102,205,0.5
PHM,251,256,507,0.5
PHN,268,259,527,0.51
PHP,350,361,711,0.49
PHS,206,219,425,0.48
PHb,217,187,404,0.54
PHh,65,102,167,0.39
PHl,137,110,247,0.55
PHm,239,203,442,0.54
PHn,284,269,553,0.51
PHs,254,206,460,0.55
PHt,12,14,26,0.46
PIB,60,61,121,0.5
PID,13,14,27,0.48
PIH,49,56,105,0.47
PII,13,5,18,0.72
PIK,1,1,2,0.5
PIL,52,27,79,0.66
PIM,65,83,148,0.44
PIN,70,67,137,0.51
PIP,121,88,209,0.58
PIS,65,61,126,0.52
PIb,72,77,149,0.48
PIh,2,1,3,0.67
PIl,25,25,50,0.5
PIm,75,67,142,0.53
PIn,62,44,106,0.58
PIs,34,34,68,0.5
PIt,1,5,6,0.17
PKB,61,79,140,0.44
PKD,10,17,27,0.37
PKH,11,10,21,0.52
PKI,5,7,12,0.42
PKK,1,2,3,0.33
PKL,49,41,90,0.54
PKM,118,122,240,0.49
PKN,66,73,139,0.47
PKP,137,104,241,0.57
PKS,62,72,134,0.46
PKb,98,82,180,0.54
PKh,68,84,152,0.45
PKl,59,51,110,0.54
PKm,109,103,212,0.51
PKn,80,96,176,0.45
PKs,78,75,153,0.51
PKt,9,8,17,0.53
PLB,323,339,662,0.49
PLD,38,34,72,0.53
PLH,8,5,13,0.62
PLI,1,0,1,1.0
PLK,21,24,45,0.47
PLL,182,170,352,0.52
PLM,367,425,792,0.46
PLN,330,344,674,0.49
PLP,516,534,1050,0.49
PLS,278,272,550,0.51
PLb,392,386,778,0.5
PLh,147,175,322,0.46
PLj,117,112,229,0.51
PLl,231,231,462,0.5
PLm,442,367,809,0.55
PLn,479,518,997,0.48
PLs,251,238,489,0.51
PLt,64,74,138,0.46
PMB,784,816,1600,0.49
PMD,118,101,219,0.54
PMH,4,5,9,0.44
PMI,3,0,3,1.0
PMK,8,10,18,0.44
PML,331,328,659,0.5
PMM,837,958,1795,0.47
PMN,788,793,1581,0.5
PMP,1128,1204,2332,0.48
PMS,522,581,1103,0.47
PMb,931,946,1877,0.5
PMh,673,788,1461,0.46
PMj,186,213,399,0.47
PMl,470,424,894,0.53
PMm,997,805,1802,0.55
PMn,1139,1129,2268,0.5
PMs,586,597,1183,0.5
PMt,135,121,256,0.53
PNB,727,731,1458,0.5
PND,108,103,211,0.51
PNH,138,137,275,0.5
PNI,3,6,9,0.33
PNK,76,68,144,0.53
PNL,352,412,764,0.46
PNM,868,1063,1931,0.45
PNN,950,992,1942,0.49
PNP,1459,1491,2950,0.49
PNS,689,708,1397,0.49
PNb,843,845,1688,0.5
PNh,338,349,687,0.49
PNl,472,436,908,0.52
PNm,913,741,1654,0.55
PNn,1189,1197,2386,0.5
PNs,664,662,1326,0.5
PNt,159,161,320,0.5
PPB,1127,1147,2274,0.5
PPD,168,128,296,0.57
PPH,359,365,724,0.5
PPI,123,84,207,0.59
PPK,140,146,286,0.49
PPL,740,795,1535,0.48
PPM,1407,1584,2991,0.47
PPN,1344,1232,2576,0.52
PPP,2144,2122,4266,0.5
PPS,1008,1080,2088,0.48
PPb,1390,1325,2715,0.51
PPh,139,209,348,0.4
PPl,862,785,1647,0.52
PPm,1435,1190,2625,0.55
PPn,1293,1175,2468,0.52
PPs,933,909,1842,0.51
PPt,163,145,308,0.53
PSB,442,485,927,0.48
PSD,79,86,165,0.48
PSH,197,247,444,0.44
PSI,10,15,25,0.4
PSK,14,30,44,0.32
PSL,271,304,575,0.47
PSM,654,720,1374,0.48
PSN,525,573,1098,0.48
PSP,846,868,1714,0.49
PSS,594,701,1295,0.46
PSb,616,514,1130,0.55
PSh,344,443,787,0.44
PSl,377,327,704,0.54
PSm,661,560,1221,0.54
PSn,700,668,1368,0.51
PSs,634,612,1246,0.51
PSt,115,98,213,0.54
PbB,802,807,1609,0.5
PbD,84,72,156,0.54
PbH,217,245,462,0.47
PbI,92,64,156,0.59
PbJ,237,230,467,0.51
PbK,72,88,160,0.45
PbL,367,356,723,0.51
PbM,974,1048,2022,0.48
PbN,1061,984,2045,0.52
PbP,1214,1158,2372,0.51
PbS,469,479,948,0.49
Pbb,1030,915,1945,0.53
Pbh,5,3,8,0.62
Pbl,443,404,847,0.52
Pbm,804,627,1431,0.56
Pbn,810,777,1587,0.51
Pbs,441,436,877,0.5
PhB,78,87,165,0.47
PhD,13,8,21,0.62
PhH,10,28,38,0.26
PhI,3,5,8,0.38
PhK,3,2,5,0.6
PhL,41,45,86,0.48
PhM,106,103,209,0.51
PhN,79,81,160,0.49
PhP,142,169,311,0.46
PhS,81,88,169,0.48
Phb,87,81,168,0.52
Phh,94,103,197,0.48
Phl,52,63,115,0.45
Phm,108,105,213,0.51
Phn,115,95,210,0.55
Phs,91,102,193,0.47
Pht,19,9,28,0.68
PlB,351,351,702,0.5
PlD,35,29,64,0.55
PlH,269,280,549,0.49
PlI,46,28,74,0.62
PlJ,114,111,225,0.51
PlK,21,20,41,0.51
PlL,249,227,476,0.52
PlM,461,503,964,0.48
PlN,466,453,919,0.51
PlP,593,598,1191,0.5
PlS,336,303,639,0.53
Plb,495,440,935,0.53
Plh,2,2,4,0.5
Pll,237,196,433,0.55
Plm,412,302,714,0.58
Pln,360,334,694,0.52
Pls,270,246,516,0.52
PmB,719,696,1415,0.51
PmD,168,156,324,0.52
PmH,574,598,1172,0.49
PmI,58,50,108,0.54
PmJ,174,172,346,0.5
PmK,5,11,16,0.31
PmL,373,359,732,0.51
PmM,929,1053,1982,0.47
PmN,931,888,1819,0.51
PmP,1059,1098,2157,0.49
PmS,537,560,1097,0.49
Pmb,878,834,1712,0.51
Pmh,2,2,4,0.5
Pml,332,304,636,0.52
Pmm,798,655,1453,0.55
Pmn,706,696,1402,0.5
Pms,385,404,789,0.49
Pmt,2,0,2,1.0
PnB,672,672,1344,0.5
PnD,102,110,212,0.48
PnH,429,474,903,0.48
PnI,116,120,236,0.49
PnK,72,78,150,0.48
PnL,383,374,757,0.51
PnM,914,972,1886,0.48
PnN,1080,1082,2162,0.5
PnP,1405,1348,2753,0.51
PnS,699,734,1433,0.49
Pnb,851,774,1625,0.52
Pnh,49,37,86,0.57
Pnl,420,416,836,0.5
Pnm,840,717,1557,0.54
Pnn,894,880,1774,0.5
Pns,688,654,1342,0.51
Pnt,7,2,9,0.78
PsB,387,382,769,0.5
PsD,104,83,187,0.56
PsH,519,500,1019,0.51
PsI,86,59,145,0.59
PsK,21,12,33,0.64
PsL,257,262,519,0.5
PsM,580,605,1185,0.49
PsN,652,553,1205,0.54
PsP,792,909,1701,0.47
PsS,608,669,1277,0.48
Psb,539,484,1023,0.53
Psh,29,31,60,0.48
Psl,318,283,601,0.53
Psm,637,534,1171,0.54
Psn,495,486,981,0.5
Pss,498,473,971,0.51
Pst,4,10,14,0.29
PtB,71,52,123,0.58
PtD,12,13,25,0.48
PtH,51,56,107,0.48
PtI,2,3,5,0.4
PtK,9,7,16,0.56
PtL,45,46,91,0.49
PtM,98,134,232,0.42
PtN,74,80,154,0.48
PtP,119,148,267,0.45
PtS,83,92,175,0.47
Ptb,100,92,192,0.52
Pth,1,3,4,0.25
Ptl,45,53,98,0.46
Ptm,93,80,173,0.54
Ptn,91,83,174,0.52
Pts,70,52,122,0.57
Ptt,26,12,38,0.68
S,0,0,0,
SBB,290,313,603,0.48
SBD,46,34,80,0.57
SBH,2,1,3,0.67
SBI,0,1,1,0.0
SBK,34,25,59,0.58
SBL,107,126,233,0.46
SBM,246,339,585,0.42
SBN,364,367,731,0.5
SBP,441,399,840,0.52
SBS,208,227,435,0.48
SBb,368,293,661,0.56
SBh,41,52,93,0.44
SBj,96,86,182,0.53
SBl,143,125,268,0.53
SBm,353,258,611,0.58
SBn,467,436,903,0.52
SBs,183,177,360,0.51
SBt,49,58,107,0.46
SDB,54,43,97,0.56
SDD,44,28,72,0.61
SDH,56,69,125,0.45
SDI,7,4,11,0.64
SDK,0,1,1,0.0
SDL,19,22,41,0.46
SDM,84,91,175,0.48
SDN,59,58,117,0.5
SDP,89,75,164,0.54
SDS,95,103,198,0.48
SDb,56,61,117,0.48
SDh,2,6,8,0.25
SDl,18,23,41,0.44
SDm,100,81,181,0.55
SDn,79,72,151,0.52
SDs,60,63,123,0.49
SDt,5,7,12,0.42
SHB,100,103,203,0.49
SHD,24,21,45,0.53
SHH,43,45,88,0.49
SHI,27,18,45,0.6
SHK,12,20,32,0.38
SHL,52,69,121,0.43
SHM,182,175,357,0.51
SHN,145,160,305,0.48
SHP,193,179,372,0.52
SHS,206,202,408,0.5
SHb,158,161,319,0.5
SHh,54,92,146,0.37
SHl,84,71,155,0.54
SHm,185,162,347,0.53
SHn,190,152,342,0.56
SHs,174,167,341,0.51
SHt,8,11,19,0.42
SIB,8,12,20,0.4
SID,1,2,3,0.33
SIH,5,11,16,0.31
SII,1,2,3,0.33
SIK,1,0,1,1.0
SIL,3,5,8,0.38
SIM,14,15,29,0.48
SIN,5,8,13,0.38
SIP,9,10,19,0.47
SIS,14,16,30,0.47
SIb,8,11,19,0.42
SIh,0,1,1,0.0
SIl,0,5,5,0.0
SIm,25,7,32,0.78
SIn,5,6,11,0.45
SIs,12,5,17,0.71
SIt,1,3,4,0.25
SKB,11,16,27,0.41
SKD,1,0,1,1.0
SKH,4,0,4,1.0
SKI,2,2,4,0.5
SKK,1,1,2,0.5
SKL,5,8,13,0.38
SKM,14,10,24,0.58
SKN,9,13,22,0.41
SKP,16,16,32,0.5
SKS,12,10,22,0.55
SKb,10,11,21,0.48
SKh,15,5,20,0.75
SKl,8,12,20,0.4
SKm,9,19,28,0.32
SKn,14,20,34,0.41
SKs,15,15,30,0.5
SKt,1,0,1,1.0
SLB,147,169,316,0.47
SLD,24,16,40,0.6
SLH,1,3,4,0.25
SLK,5,13,18,0.28
SLL,51,68,119,0.43
SLM,132,188,320,0.41
SLN,164,163,327,0.5
SLP,234,204,438,0.53
SLS,129,124,253,0.51
SLb,161,179,340,0.47
SLh,64,59,123,0.52
SLj,49,42,91,0.54
SLl,107,74,181,0.59
SLm,179,150,329,0.54
SLn,205,208,413,0.5
SLs,116,124,240,0.48
SLt,34,28,62,0.55
SMB,395,386,781,0.51
SMD,59,62,121,0.49
SMH,5,5,10,0.5
SMI,3,0,3,1.0
SMK,7,10,17,0.41
SML,162,171,333,0.49
SMM,433,534,967,0.45
SMN,407,419,826,0.49
SMP,592,548,1140,0.52
SMS,361,355,716,0.5
SMb,480,472,952,0.5
SMh,354,384,738,0.48
SMj,100,94,194,0.52
SMl,196,183,379,0.52
SMm,540,398,938,0.58
SMn,595,622,1217,0.49
SMs,331,320,651,0.51
SMt,53,59,112,0.47
SNB,295,289,584,0.51
SND,60,62,122,0.49
SNH,88,87,175,0.5
SNI,4,3,7,0.57
SNK,45,48,93,0.48
SNL,130,132,262,0.5
SNM,395,457,852,0.46
SNN,529,526,1055,0.5
SNP,668,627,1295,0.52
SNS,376,428,804,0.47
SNb,336,335,671,0.5
SNh,127,140,267,0.48
SNl,154,156,310,0.5
SNm,421,342,763,0.55
SNn,578,638,1216,0.48
SNs,334,312,646,0.52
SNt,77,65,142,0.54
SPB,454,444,898,0.51
SPD,81,68,149,0.54
SPH,167,199,366,0.46
SPI,50,42,92,0.54
SPK,69,96,165,0.42
SPL,248,293,541,0.46
SPM,594,683,1277,0.47
SPN,678,660,1338,0.51
SPP,967,902,1869,0.52
SPS,566,570,1136,0.5
SPb,565,551,1116,0.51
SPh,64,79,143,0.45
SPl,314,267,581,0.54
SPm,601,479,1080,0.56
SPn,620,611,1231,0.5
SPs,500,513,1013,0.49
SPt,79,67,146,0.54
SS,0,0,0,
SSB,312,317,629,0.5
SSD,88,90,178,0.49
SSH,196,237,433,0.45
SSI,28,16,44,0.64
SSK,12,33,45,0.27
SSL,174,173,347,0.5
SSM,483,544,1027,0.47
SSN,433,402,835,0.52
SSP,564,594,1158,0.49
SSS,690,723,1413,0.49
SSb,418,349,767,0.54
SSh,275,290,565,0.49
SSl,188,185,373,0.5
SSm,519,431,950,0.55
SSn,531,517,1048,0.51
SSs,579,560,1139,0.51
SSt,89,68,157,0.57
SbB,341,337,678,0.5
SbD,41,36,77,0.53
SbH,106,112,218,0.49
SbI,40,13,53,0.75
SbJ,114,92,206,0.55
SbK,45,48,93,0.48
SbL,127,161,288,0.44
SbM,387,421,808,0.48
SbN,537,490,1027,0.52
SbP,493,480,973,0.51
SbS,271,294,565,0.48
Sbb,449,404,853,0.53
Sbh,1,6,7,0.14
Sbl,153,120,273,0.56
Sbm,332,243,575,0.58
Sbn,410,426,836,0.49
Sbs,234,191,425,0.55
ShB,194,168,362,0.54
ShD,35,32,67,0.52
ShH,54,78,132,0.41
ShI,27,22,49,0.55
ShK,10,4,14,0.71
ShL,102,99,201,0.51
ShM,259,311,570,0.45
ShN,227,286,513,0.44
ShP,359,348,707,0.51
ShS,322,312,634,0.51
Shb,242,253,495,0.49
Shh,256,255,511,0.5
Shl,111,108,219,0.51
Shm,284,229,513,0.55
Shn,319,326,645,0.49
Shs,290,294,584,0.5
Sht,33,36,69,0.48
SlB,137,143,280,0.49
SlD,26,12,38,0.68
SlH,123,134,257,0.48
SlI,12,11,23,0.52
SlJ,59,45,104,0.57
SlK,10,13,23,0.43
SlL,82,77,159,0.52
SlM,182,248,430,0.42
SlN,227,232,459,0.49
SlP,259,236,495,0.52
SlS,184,193,377,0.49
Slb,202,199,401,0.5
Slh,1,0,1,1.0
Sll,104,76,180,0.58
Slm,170,156,326,0.52
Sln,163,154,317,0.51
Sls,110,130,240,0.46
SmB,370,319,689,0.54
SmD,95,96,191,0.5
SmH,351,365,716,0.49
SmI,37,37,74,0.5
SmJ,93,76,169,0.55
SmK,7,14,21,0.33
SmL,164,165,329,0.5
SmM,433,503,936,0.46
SmN,541,496,1037,0.52
SmP,547,543,1090,0.5
SmS,372,399,771,0.48
Smb,468,404,872,0.54
Smh,2,6,8,0.25
Sml,145,149,294,0.49
Smm,461,362,823,0.56
Smn,433,412,845,0.51
Sms,272,229,501,0.54
Smt,2,0,2,1.0
SnB,314,343,657,0.48
SnD,91,74,165,0.55
SnH,299,291,590,0.51
SnI,60,74,134,0.45
SnK,51,50,101,0.5
SnL,150,187,337,0.45
SnM,475,521,996,0.48
SnN,718,708,1426,0.5
SnP,778,802,1580,0.49
SnS,505,515,1020,0.5
Snb,465,431,896,0.52
Snh,17,18,35,0.49
Snl,204,180,384,0.53
Snm,493,435,928,0.53
Snn,618,573,1191,0.52
Sns,419,405,824,0.51
Snt,1,1,2,0.5
SsB,244,244,488,0.5
SsD,111,89,200,0.56
SsH,442,435,877,0.5
SsI,68,50,118,0.58
SsK,18,25,43,0.42
SsL,148,183,331,0.45
SsM,440,492,932,0.47
SsN,487,492,979,0.5
SsP,525,561,1086,0.48
SsS,637,679,1316,0.48
Ssb,380,393,773,0.49
Ssh,16,31,47,0.34
Ssl,190,177,367,0.52
Ssm,497,394,891,0.56
Ssn,413,375,788,0.52
Sss,490,479,969,0.51
Sst,12,5,17,0.71
StB,50,71,121,0.41
StD,13,12,25,0.52
StH,51,58,109,0.47
StI,2,2,4,0.5
StK,6,4,10,0.6
StL,38,33,71,0.54
StM,71,94,165,0.43
StN,82,85,167,0.49
StP,117,108,225,0.52
StS,84,101,185,0.45
Stb,55,70,125,0.44
Sth,0,3,3,0.0
Stl,33,36,69,0.48
Stm,79,51,130,0.61
Stn,65,82,147,0.44
Sts,59,56,115,0.51
Stt,15,20,35,0.43
bBB,500,498,998,0.5
bBD,59,52,111,0.53
bBH,8,5,13,0.62
bBI,1,1,2,0.5
bBK,34,46,80,0.42
bBL,180,196,376,0.48
bBM,518,550,1068,0.49
bBN,621,653,1274,0.49
bBP,742,696,1438,0.52
bBS,295,344,639,0.46
bBb,584,542,1126,0.52
bBh,92,91,183,0.5
bBj,178,201,379,0.47
bBl,227,191,418,0.54
bBm,510,428,938,0.54
bBn,811,734,1545,0.52
bBs,284,257,541,0.52
bBt,86,86,172,0.5
bDB,48,49,97,0.49
bDD,14,18,32,0.44
bDH,64,49,113,0.57
bDI,2,4,6,0.33
bDK,0,2,2,0.0
bDL,24,24,48,0.5
bDM,65,62,127,0.51
bDN,58,55,113,0.51
bDP,88,84,172,0.51
bDS,56,38,94,0.6
bDb,63,49,112,0.56
bDh,3,1,4,0.75
bDl,24,17,41,0.59
bDm,80,68,148,0.54
bDn,48,48,96,0.5
bDs,38,35,73,0.52
bDt,13,9,22,0.59
bHB,135,122,257,0.53
bHD,16,19,35,0.46
bHH,31,33,64,0.48
bHI,12,16,28,0.43
bHK,11,20,31,0.35
bHL,74,64,138,0.54
bHM,183,184,367,0.5
bHN,186,204,390,0.48
bHP,266,250,516,0.52
bHS,115,114,229,0.5
bHb,180,163,343,0.52
bHh,57,44,101,0.56
bHl,76,49,125,0.61
bHm,154,120,274,0.56
bHn,210,183,393,0.53
bHs,87,100,187,0.47
bHt,8,8,16,0.5
bIB,46,43,89,0.52
bID,10,10,20,0.5
bIH,42,39,81,0.52
bII,7,3,10,0.7
bIK,2,0,2,1.0
bIL,27,22,49,0.55
bIM,63,60,123,0.51
bIN,60,68,128,0.47
bIP,78,82,160,0.49
bIS,41,50,91,0.45
bIb,58,42,100,0.58
bIh,0,1,1,0.0
bIl,24,18,42,0.57
bIm,54,39,93,0.58
bIn,55,42,97,0.57
bIs,26,33,59,0.44
bIt,3,2,5,0.6
bJB,151,145,296,0.51
bJD,19,10,29,0.66
bJH,70,86,156,0.45
bJI,16,9,25,0.64
bJK,13,17,30,0.43
bJL,85,81,166,0.51
bJM,180,202,382,0.47
bJN,172,173,345,0.5
bJP,239,267,506,0.47
bJS,113,113,226,0.5
bJb,169,173,342,0.49
bJh,25,36,61,0.41
bJl,84,78,162,0.52
bJm,161,124,285,0.56
bJn,140,132,272,0.51
bJs,107,95,202,0.53
bJt,16,12,28,0.57
bKB,43,54,97,0.44
bKD,11,11,22,0.5
bKH,8,12,20,0.4
bKI,8,3,11,0.73
bKK,0,1,1,0.0
bKL,29,29,58,0.5
bKM,75,88,163,0.46
bKN,58,51,109,0.53
bKP,94,78,172,0.55
bKS,36,57,93,0.39
bKb,73,61,134,0.54
bKh,48,69,117,0.41
bKl,40,24,64,0.62
bKm,82,64,146,0.56
bKn,56,56,112,0.5
bKs,50,46,96,0.52
bKt,6,4,10,0.6
bLB,163,205,368,0.44
bLD,25,16,41,0.61
bLH,5,4,9,0.56
bLI,1,0,1,1.0
bLK,6,16,22,0.27
bLL,90,93,183,0.49
bLM,246,241,487,0.51
bLN,229,210,439,0.52
bLP,293,303,596,0.49
bLS,166,152,318,0.52
bLb,221,217,438,0.5
bLh,95,119,214,0.44
bLj,57,59,116,0.49
bLl,105,98,203,0.52
bLm,196,200,396,0.49
bLn,346,296,642,0.54
bLs,157,144,301,0.52
bLt,38,24,62,0.61
bMB,513,521,1034,0.5
bMD,79,86,165,0.48
bMH,6,5,11,0.55
bMI,1,1,2,0.5
bMK,3,4,7,0.43
bML,193,202,395,0.49
bMM,595,662,1257,0.47
bMN,651,649,1300,0.5
bMP,803,815,1618,0.5
bMS,389,404,793,0.49
bMb,684,650,1334,0.51
bMh,512,556,1068,0.48
bMj,149,156,305,0.49
bMl,276,237,513,0.54
bMm,666,486,1152,0.58
bMn,920,872,1792,0.51
bMs,392,333,725,0.54
bMt,81,94,175,0.46
bNB,646,575,1221,0.53
bND,106,84,190,0.56
bNH,123,126,249,0.49
bNI,6,0,6,1.0
bNK,54,51,105,0.51
bNL,262,290,552,0.47
bNM,783,867,1650,0.47
bNN,948,930,1878,0.5
bNP,1234,1191,2425,0.51
bNS,546,605,1151,0.47
bNb,781,677,1458,0.54
bNh,313,306,619,0.51
bNl,320,251,571,0.56
bNm,779,580,1359,0.57
bNn,1133,993,2126,0.53
bNs,486,481,967,0.5
bNt,171,144,315,0.54
bPB,698,687,1385,0.5
bPD,91,69,160,0.57
bPH,207,210,417,0.5
bPI,73,43,116,0.63
bPK,84,79,163,0.52
bPL,382,377,759,0.5
bPM,900,965,1865,0.48
bPN,858,883,1741,0.49
bPP,1328,1250,2578,0.52
bPS,545,517,1062,0.51
bPb,936,814,1750,0.53
bPh,125,110,235,0.53
bPl,413,366,779,0.53
bPm,770,609,1379,0.56
bPn,843,793,1636,0.52
bPs,464,450,914,0.51
bPt,84,91,175,0.48
bSB,204,225,429,0.48
bSD,47,34,81,0.58
bSH,119,125,244,0.49
bSI,13,4,17,0.76
bSK,9,3,12,0.75
bSL,135,138,273,0.49
bSM,316,375,691,0.46
bSN,333,310,643,0.52
bSP,487,465,952,0.51
bSS,319,305,624,0.51
bSb,299,296,595,0.5
bSh,224,226,450,0.5
bSl,127,146,273,0.47
bSm,319,266,585,0.55
bSn,420,386,806,0.52
bSs,301,307,608,0.5
bSt,54,56,110,0.49
bbB,688,728,1416,0.49
bbD,62,51,113,0.55
bbH,191,169,360,0.53
bbI,75,48,123,0.61
bbJ,151,158,309,0.49
bbK,54,66,120,0.45
bbL,262,242,504,0.52
bbM,717,760,1477,0.49
bbN,933,818,1751,0.53
bbP,960,929,1889,0.51
bbS,338,321,659,0.51
bbb,887,735,1622,0.55
bbh,1,1,2,0.5
bbl,262,215,477,0.55
bbm,519,416,935,0.56
bbn,754,666,1420,0.53
bbs,282,235,517,0.55
bbt,0,1,1,0.0
bhB,0,3,3,0.0
bhD,0,1,1,0.0
bhI,0,1,1,0.0
bhL,1,0,1,1.0
bhM,3,1,4,0.75
bhN,1,0,1,1.0
bhP,3,2,5,0.6
bhS,4,1,5,0.8
bhb,5,3,8,0.62
bhh,1,1,2,0.5
bhl,1,1,2,0.5
bhm,6,3,9,0.67
blB,192,212,404,0.48
blD,18,12,30,0.6
blH,139,128,267,0.52
blI,21,22,43,0.49
blJ,60,43,103,0.58
blK,14,10,24,0.58
blL,97,91,188,0.52
blM,236,262,498,0.47
blN,290,303,593,0.49
blP,349,311,660,0.53
blS,153,134,287,0.53
blb,258,285,543,0.48
blh,0,2,2,0.0
bll,109,78,187,0.58
blm,191,152,343,0.56
bln,201,196,397,0.51
bls,142,105,247,0.57
bmB,476,471,947,0.5
bmD,90,57,147,0.61
bmH,341,351,692,0.49
bmI,41,32,73,0.56
bmJ,85,90,175,0.49
bmK,3,9,12,0.25
bmL,163,172,335,0.49
bmM,570,573,1143,0.5
bmN,606,580,1186,0.51
bmP,694,604,1298,0.53
bmS,282,311,593,0.48
bmb,589,489,1078,0.55
bmh,1,1,2,0.5
bml,136,130,266,0.51
bmm,449,317,766,0.59
bmn,504,446,950,0.53
bms,192,187,379,0.51
bmt,1,2,3,0.33
bnB,482,493,975,0.49
bnD,79,71,150,0.53
bnH,326,292,618,0.53
bnI,86,71,157,0.55
bnK,44,42,86,0.51
bnL,225,216,441,0.51
bnM,649,695,1344,0.48
bnN,881,888,1769,0.5
bnP,1076,942,2018,0.53
bnS,410,420,830,0.49
bnb,735,623,1358,0.54
bnh,31,39,70,0.44
bnl,238,205,443,0.54
bnm,561,387,948,0.59
bnn,742,678,1420,0.52
bns,392,337,729,0.54
bnt,2,1,3,0.67
bsB,200,194,394,0.51
bsD,52,45,97,0.54
bsH,275,297,572,0.48
bsI,45,40,85,0.53
bsK,3,11,14,0.21
bsL,125,106,231,0.54
bsM,298,330,628,0.47
bsN,338,315,653,0.52
bsP,426,374,800,0.53
bsS,289,272,561,0.52
bsb,262,261,523,0.5
bsh,10,15,25,0.4
bsl,117,98,215,0.54
bsm,279,212,491,0.57
bsn,258,242,500,0.52
bss,221,184,405,0.55
bst,1,4,5,0.2
btB,0,1,1,0.0
btH,0,1,1,0.0
btM,0,1,1,0.0
btP,0,1,1,0.0
btb,1,1,2,0.5
btm,1,0,1,1.0
hBB,98,112,210,0.47
hBD,15,12,27,0.56
hBK,13,12,25,0.52
hBL,31,39,70,0.44
hBM,100,113,213,0.47
hBN,119,127,246,0.48
hBP,126,149,275,0.46
hBS,60,77,137,0.44
hBb,132,113,245,0.54
hBh,11,24,35,0.31
hBj,31,30,61,0.51
hBl,42,38,80,0.52
hBm,116,112,228,0.51
hBn,138,139,277,0.5
hBs,72,55,127,0.57
hBt,19,13,32,0.59
hDB,10,10,20,0.5
hDD,5,6,11,0.45
hDH,15,22,37,0.41
hDI,1,2,3,0.33
hDK,0,0,0,
hDL,5,7,12,0.42
hDM,22,26,48,0.46
hDN,12,18,30,0.4
hDP,19,30,49,0.39
hDS,15,18,33,0.45
hDb,17,16,33,0.52
hDh,0,3,3,0.0
hDl,7,3,10,0.7
hDm,25,19,44,0.57
hDn,17,16,33,0.52
hDs,19,21,40,0.48
hDt,1,1,2,0.5
hHB,27,19,46,0.59
hHD,3,1,4,0.75
hHH,7,8,15,0.47
hHI,3,3,6,0.5
hHK,1,5,6,0.17
hHL,11,6,17,0.65
hHM,36,38,74,0.49
hHN,33,31,64,0.52
hHP,42,44,86,0.49
hHS,31,34,65,0.48
hHb,39,21,60,0.65
hHh,14,16,30,0.47
hHl,19,12,31,0.61
hHm,26,19,45,0.58
hHn,36,50,86,0.42
hHs,30,36,66,0.45
hHt,1,1,2,0.5
hIB,6,5,11,0.55
hID,2,1,3,0.67
hIH,8,11,19,0.42
hII,1,2,3,0.33
hIK,1,0,1,1.0
hIL,6,3,9,0.67
hIM,9,11,20,0.45
hIN,13,7,20,0.65
hIP,14,9,23,0.61
hIS,9,4,13,0.69
hIb,2,7,9,0.22
hIh,0,1,1,0.0
hIl,3,5,8,0.38
hIm,5,6,11,0.45
hIn,12,5,17,0.71
hIs,10,8,18,0.56
hIt,2,0,2,1.0
hKB,1,1,2,0.5
hKD,1,1,2,0.5
hKI,0,0,0,
hKL,3,3,6,0.5
hKM,4,5,9,0.44
hKN,4,6,10,0.4
hKP,2,1,3,0.67
hKS,1,3,4,0.25
hKb,2,2,4,0.5
hKh,0,3,3,0.0
hKl,1,0,1,1.0
hKm,3,2,5,0.6
hKn,1,5,6,0.17
hKs,3,3,6,0.5
hKt,1,0,1,1.0
hLB,52,37,89,0.58
hLD,4,4,8,0.5
hLH,1,1,2,0.5
hLI,0,0,0,
hLK,3,5,8,0.38
hLL,17,30,47,0.36
hLM,56,56,112,0.5
hLN,41,50,91,0.45
hLP,71,67,138,0.51
hLS,27,32,59,0.46
hLb,63,48,111,0.57
hLh,28,29,57,0.49
hLj,15,13,28,0.54
hLl,25,23,48,0.52
hLm,46,44,90,0.51
hLn,71,74,145,0.49
hLs,37,26,63,0.59
hLt,8,8,16,0.5
hMB,120,138,258,0.47
hMD,24,20,44,0.55
hMH,1,5,6,0.17
hMI,0,1,1,0.0
hMK,2,4,6,0.33
hML,52,48,100,0.52
hMM,149,194,343,0.43
hMN,114,150,264,0.43
hMP,192,208,400,0.48
hMS,87,105,192,0.45
hMb,140,161,301,0.47
hMh,123,157,280,0.44
hMj,35,20,55,0.64
hMl,84,57,141,0.6
hMm,155,132,287,0.54
hMn,188,191,379,0.5
hMs,96,97,193,0.5
hMt,18,16,34,0.53
hNB,111,95,206,0.54
hND,14,14,28,0.5
hNH,21,22,43,0.49
hNI,1,1,2,0.5
hNK,15,28,43,0.35
hNL,42,43,85,0.49
hNM,112,155,267,0.42
hNN,143,163,306,0.47
hNP,205,224,429,0.48
hNS,118,110,228,0.52
hNb,116,119,235,0.49
hNh,44,45,89,0.49
hNl,50,41,91,0.55
hNm,166,100,266,0.62
hNn,203,184,387,0.52
hNs,86,114,200,0.43
hNt,23,23,46,0.5
hPB,153,162,315,0.49
hPD,25,16,41,0.61
hPH,50,68,118,0.42
hPI,14,15,29,0.48
hPK,12,32,44,0.27
hPL,93,80,173,0.54
hPM,193,235,428,0.45
hPN,204,219,423,0.48
hPP,307,313,620,0.5
hPS,161,178,339,0.47
hPb,212,190,402,0.53
hPh,28,32,60,0.47
hPl,104,103,207,0.5
hPm,191,191,382,0.5
hPn,207,201,408,0.51
hPs,163,141,304,0.54
hPt,25,23,48,0.52
hSB,114,79,193,0.59
hSD,17,13,30,0.57
hSH,50,69,119,0.42
hSI,5,1,6,0.83
hSK,7,4,11,0.64
hSL,48,34,82,0.59
hSM,132,153,285,0.46
hSN,137,116,253,0.54
hSP,150,148,298,0.5
hSS,154,187,341,0.45
hSb,107,117,224,0.48
hSh,86,102,188,0.46
hSl,48,64,112,0.43
hSm,137,107,244,0.56
hSn,124,135,259,0.48
hSs,144,140,284,0.51
hSt,18,21,39,0.46
hbB,110,92,202,0.54
hbD,19,13,32,0.59
hbH,42,46,88,0.48
hbI,12,8,20,0.6
hbJ,35,41,76,0.46
hbK,20,14,34,0.59
hbL,59,63,122,0.48
hbM,152,158,310,0.49
hbN,173,170,343,0.5
hbP,179,163,342,0.52
hbS,116,109,225,0.52
hbb,145,169,314,0.46
hbh,1,0,1,1.0
hbl,66,57,123,0.54
hbm,121,94,215,0.56
hbn,139,158,297,0.47
hbs,71,58,129,0.55
hhB,103,92,195,0.53
hhD,14,16,30,0.47
hhH,36,29,65,0.55
hhI,3,4,7,0.43
hhK,1,4,5,0.2
hhL,42,49,91,0.46
hhM,135,150,285,0.47
hhN,110,97,207,0.53
hhP,192,149,341,0.56
hhS,142,137,279,0.51
hhb,123,103,226,0.54
hhh,123,130,253,0.49
hhl,64,56,120,0.53
hhm,150,121,271,0.55
hhn,131,138,269,0.49
hhs,120,115,235,0.51
hht,13,17,30,0.43
hlB,36,58,94,0.38
hlD,4,5,9,0.44
hlH,58,50,108,0.54
hlI,5,3,8,0.62
hlJ,26,16,42,0.62
hlK,3,8,11,0.27
hlL,28,27,55,0.51
hlM,77,94,171,0.45
hlN,71,87,158,0.45
hlP,95,91,186,0.51
hlS,67,61,128,0.52
hlb,58,83,141,0.41
hll,45,32,77,0.58
hlm,82,45,127,0.65
hln,53,52,105,0.5
hls,54,46,100,0.54
hmB,117,117,234,0.5
hmD,36,22,58,0.62
hmH,112,120,232,0.48
hmI,5,10,15,0.33
hmJ,24,32,56,0.43
hmK,2,5,7,0.29
hmL,56,62,118,0.47
hmM,158,208,366,0.43
hmN,159,173,332,0.48
hmP,173,144,317,0.55
hmS,133,141,274,0.49
hmb,133,140,273,0.49
hmh,0,3,3,0.0
hml,48,32,80,0.6
hmm,167,123,290,0.58
hmn,151,112,263,0.57
hms,88,83,171,0.51
hnB,118,105,223,0.53
hnD,17,15,32,0.53
hnH,83,80,163,0.51
hnI,25,16,41,0.61
hnK,14,23,37,0.38
hnL,72,50,122,0.59
hnM,151,187,338,0.45
hnN,220,207,427,0.52
hnP,247,256,503,0.49
hnS,151,175,326,0.46
hnb,160,144,304,0.53
hnh,9,6,15,0.6
hnl,71,41,112,0.63
hnm,168,125,293,0.57
hnn,177,177,354,0.5
hns,142,143,285,0.5
hsB,76,81,157,0.48
hsD,23,27,50,0.46
hsH,122,149,271,0.45
hsI,22,14,36,0.61
hsK,6,5,11,0.55
hsL,53,51,104,0.51
hsM,124,130,254,0.49
hsN,133,116,249,0.53
hsP,179,176,355,0.5
hsS,153,177,330,0.46
hsb,115,103,218,0.53
hsh,7,9,16,0.44
hsl,55,47,102,0.54
hsm,137,109,246,0.56
hsn,117,113,230,0.51
hss,110,114,224,0.49
hst,2,0,2,1.0
htB,9,14,23,0.39
htD,3,2,5,0.6
htH,5,7,12,0.42
htK,2,2,4,0.5
htL,4,7,11,0.36
htM,16,15,31,0.52
htN,14,24,38,0.37
htP,21,30,51,0.41
htS,16,13,29,0.55
htb,15,14,29,0.52
hth,0,0,0,
htl,12,11,23,0.52
htm,13,11,24,0.54
htn,11,17,28,0.39
hts,14,14,28,0.5
htt,4,2,6,0.67
jBB,24,29,53,0.45
jBD,0,2,2,0.0
jBK,2,5,7,0.29
jBL,8,17,25,0.32
jBM,25,36,61,0.41
jBN,27,40,67,0.4
jBP,34,34,68,0.5
jBS,13,18,31,0.42
jBb,31,32,63,0.49
jBh,2,9,11,0.18
jBj,10,6,16,0.62
jBl,14,16,30,0.47
jBm,29,30,59,0.49
jBn,35,38,73,0.48
jBs,13,10,23,0.57
jBt,3,4,7,0.43
jDB,1,3,4,0.25
jDH,1,5,6,0.17
jDL,2,0,2,1.0
jDM,2,4,6,0.33
jDN,4,1,5,0.8
jDP,6,2,8,0.75
jDS,5,2,7,0.71
jDb,3,2,5,0.6
jDh,1,0,1,1.0
jDm,5,3,8,0.62
jDn,3,2,5,0.6
jDs,0,2,2,0.0
jHB,8,10,18,0.44
jHH,0,3,3,0.0
jHI,1,1,2,0.5
jHL,2,5,7,0.29
jHM,5,12,17,0.29
jHN,10,9,19,0.53
jHP,15,18,33,0.45
jHS,8,10,18,0.44
jHb,11,10,21,0.52
jHh,7,2,9,0.78
jHl,4,5,9,0.44
jHm,10,7,17,0.59
jHn,9,11,20,0.45
jHs,8,7,15,0.53
jHt,0,1,1,0.0
jIB,1,2,3,0.33
jID,1,0,1,1.0
jIH,1,1,2,0.5
jIL,1,2,3,0.33
jIM,5,5,10,0.5
jIN,0,1,1,0.0
jIP,4,6,10,0.4
jIS,0,2,2,0.0
jIb,4,3,7,0.57
jIl,1,0,1,1.0
jIm,3,2,5,0.6
jIn,3,1,4,0.75
jIs,1,3,4,0.25
jIt,1,0,1,1.0
jKB,2,2,4,0.5
jKH,0,0,0,
jKL,1,4,5,0.2
jKM,1,3,4,0.25
jKN,2,2,4,0.5
jKP,3,3,6,0.5
jKS,4,2,6,0.67
jKb,1,3,4,0.25
jKh,4,1,5,0.8
jKl,2,1,3,0.67
jKm,1,5,6,0.17
jKn,2,2,4,0.5
jKs,1,0,1,1.0
jLB,11,15,26,0.42
jLD,1,1,2,0.5
jLK,4,0,4,1.0
jLL,7,8,15,0.47
jLM,11,15,26,0.42
jLN,15,14,29,0.52
jLP,14,21,35,0.4
jLS,10,5,15,0.67
jLb,15,9,24,0.62
jLh,4,7,11,0.36
jLj,6,4,10,0.6
jLl,8,9,17,0.47
jLm,14,14,28,0.5
jLn,16,25,41,0.39
jLs,10,11,21,0.48
jLt,0,0,0,
jMB,25,34,59,0.42
jMD,2,3,5,0.4
jML,5,14,19,0.26
jMM,21,21,42,0.5
jMN,34,33,67,0.51
jMP,38,42,80,0.48
jMS,21,20,41,0.51
jMb,43,34,77,0.56
jMh,18,23,41,0.44
jMj,10,9,19,0.53
jMl,15,15,30,0.5
jMm,29,31,60,0.48
jMn,44,53,97,0.45
jMs,24,18,42,0.57
jMt,6,1,7,0.86
jNB,31,19,50,0.62
jND,7,3,10,0.7
jNH,3,4,7,0.43
jNK,1,2,3,0.33
jNL,14,18,32,0.44
jNM,24,34,58,0.41
jNN,31,36,67,0.46
jNP,61,56,117,0.52
jNS,21,33,54,0.39
jNb,31,23,54,0.57
jNh,16,18,34,0.47
jNl,15,19,34,0.44
jNm,29,23,52,0.56
jNn,54,34,88,0.61
jNs,18,24,42,0.43
jNt,2,5,7,0.29
jPB,35,39,74,0.47
jPD,6,4,10,0.6
jPH,11,12,23,0.48
jPI,5,2,7,0.71
jPK,9,4,13,0.69
jPL,30,27,57,0.53
jPM,39,53,92,0.42
jPN,56,42,98,0.57
jPP,77,83,160,0.48
jPS,35,45,80,0.44
jPb,57,45,102,0.56
jPh,8,8,16,0.5
jPl,35,24,59,0.59
jPm,57,41,98,0.58
jPn,55,49,104,0.53
jPs,30,36,66,0.45
jPt,4,9,13,0.31
jSB,17,21,38,0.45
jSD,3,1,4,0.75
jSH,11,9,20,0.55
jSI,0,1,1,0.0
jSK,0,1,1,0.0
jSL,11,7,18,0.61
jSM,19,24,43,0.44
jSN,17,16,33,0.52
jSP,39,32,71,0.55
jSS,23,27,50,0.46
jSb,15,28,43,0.35
jSh,15,18,33,0.45
jSl,16,13,29,0.55
jSm,22,25,47,0.47
jSn,28,32,60,0.47
jSs,21,14,35,0.6
jSt,1,2,3,0.33
jbB,36,32,68,0.53
jbD,2,4,6,0.33
jbH,10,8,18,0.56
jbI,3,3,6,0.5
jbJ,6,9,15,0.4
jbK,1,3,4,0.25
jbL,21,18,39,0.54
jbM,40,47,87,0.46
jbN,45,34,79,0.57
jbP,56,63,119,0.47
jbS,23,26,49,0.47
jbb,38,32,70,0.54
jbl,15,19,34,0.44
jbm,31,33,64,0.48
jbn,29,23,52,0.56
jbs,16,11,27,0.59
jhB,6,2,8,0.75
jhH,1,2,3,0.33
jhI,0,0,0,
jhL,4,2,6,0.67
jhM,3,4,7,0.43
jhN,7,6,13,0.54
jhP,9,8,17,0.53
jhS,5,3,8,0.62
jhb,8,8,16,0.5
jhh,9,10,19,0.47
jhl,3,7,10,0.3
jhm,4,6,10,0.4
jhn,3,7,10,0.3
jhs,6,5,11,0.55
jht,0,0,0,
jlB,6,14,20,0.3
jlD,0,2,2,0.0
jlH,14,14,28,0.5
jlI,0,2,2,0.0
jlJ,7,5,12,0.58
jlK,1,0,1,1.0
jlL,8,6,14,0.57
jlM,15,18,33,0.45
jlN,17,18,35,0.49
jlP,22,19,41,0.54
jlS,18,13,31,0.58
jlb,15,17,32,0.47
jll,11,5,16,0.69
jlm,11,9,20,0.55
jln,13,12,25,0.52
jls,12,8,20,0.6
jmB,19,23,42,0.45
jmD,7,9,16,0.44
jmH,27,23,50,0.54
jmI,4,1,5,0.8
jmJ,6,10,16,0.38
jmK,0,1,1,0.0
jmL,16,13,29,0.55
jmM,20,28,48,0.42
jmN,39,36,75,0.52
jmP,35,39,74,0.47
jmS,20,28,48,0.42
jmb,29,22,51,0.57
jmh,1,0,1,1.0
jml,10,13,23,0.43
jmm,33,25,58,0.57
jmn,26,26,52,0.5
jms,15,14,29,0.52
jnB,28,36,64,0.44
jnD,1,2,3,0.33
jnH,19,16,35,0.54
jnI,4,4,8,0.5
jnK,4,3,7,0.57
jnL,21,13,34,0.62
jnM,29,40,69,0.42
jnN,47,41,88,0.53
jnP,54,51,105,0.51
jnS,27,37,64,0.42
jnb,33,34,67,0.49
jnh,2,2,4,0.5
jnl,25,16,41,0.61
jnm,35,27,62,0.56
jnn,40,41,81,0.49
jns,18,25,43,0.42
jsB,13,11,24,0.54
jsD,2,4,6,0.33
jsH,19,21,40,0.48
jsI,5,2,7,0.71
jsK,0,2,2,0.0
jsL,7,16,23,0.3
jsM,23,11,34,0.68
jsN,20,23,43,0.47
jsP,26,34,60,0.43
jsS,28,16,44,0.64
jsb,15,19,34,0.44
jsh,2,4,6,0.33
jsl,12,12,24,0.5
jsm,23,12,35,0.66
jsn,18,18,36,0.5
jss,22,16,38,0.58
jst,1,0,1,1.0
jtB,2,5,7,0.29
jtD,1,1,2,0.5
jtH,5,3,8,0.62
jtI,1,0,1,1.0
jtK,1,2,3,0.33
jtL,5,2,7,0.71
jtM,1,2,3,0.33
jtN,4,8,12,0.33
jtP,9,10,19,0.47
jtS,5,2,7,0.71
jtb,5,3,8,0.62
jtl,1,3,4,0.25
jtm,1,4,5,0.2
jtn,7,4,11,0.64
jts,6,2,8,0.75
jtt,0,1,1,0.0
lBB,164,184,348,0.47
lBD,25,15,40,0.62
lBH,1,2,3,0.33
lBK,18,22,40,0.45
lBL,65,92,157,0.41
lBM,208,183,391,0.53
lBN,223,259,482,0.46
lBP,273,312,585,0.47
lBS,105,158,263,0.4
lBb,227,198,425,0.53
lBh,31,21,52,0.6
lBj,53,60,113,0.47
lBl,102,82,184,0.55
lBm,220,169,389,0.57
lBn,318,260,578,0.55
lBs,112,120,232,0.48
lBt,35,33,68,0.51
lDB,23,20,43,0.53
lDD,6,6,12,0.5
lDH,18,25,43,0.42
lDI,0,2,2,0.0
lDL,18,11,29,0.62
lDM,28,30,58,0.48
lDN,25,22,47,0.53
lDP,28,27,55,0.51
lDS,12,18,30,0.4
lDb,21,21,42,0.5
lDh,0,1,1,0.0
lDl,9,5,14,0.64
lDm,34,15,49,0.69
lDn,24,23,47,0.51
lDs,27,19,46,0.59
lDt,7,7,14,0.5
lHB,123,133,256,0.48
lHD,21,14,35,0.6
lHH,32,19,51,0.63
lHI,18,13,31,0.58
lHK,9,16,25,0.36
lHL,63,73,136,0.46
lHM,174,183,357,0.49
lHN,193,182,375,0.51
lHP,255,254,509,0.5
lHS,119,137,256,0.46
lHb,165,146,311,0.53
lHh,59,85,144,0.41
lHl,74,80,154,0.48
lHm,153,139,292,0.52
lHn,177,196,373,0.47
lHs,124,121,245,0.51
lHt,14,9,23,0.61
lIB,16,17,33,0.48
lID,1,3,4,0.25
lIH,15,13,28,0.54
lII,0,3,3,0.0
lIL,6,10,16,0.38
lIM,27,26,53,0.51
lIN,26,26,52,0.5
lIP,25,30,55,0.45
lIS,15,13,28,0.54
lIb,28,20,48,0.58
lIh,0,0,0,
lIl,8,7,15,0.53
lIm,24,15,39,0.62
lIn,20,11,31,0.65
lIs,15,11,26,0.58
lIt,0,1,1,0.0
lJB,54,52,106,0.51
lJD,9,9,18,0.5
lJH,30,29,59,0.51
lJI,7,7,14,0.5
lJK,3,6,9,0.33
lJL,31,27,58,0.53
lJM,71,78,149,0.48
lJN,66,75,141,0.47
lJP,98,94,192,0.51
lJS,44,66,110,0.4
lJb,80,74,154,0.52
lJh,10,4,14,0.71
lJl,34,37,71,0.48
lJm,63,56,119,0.53
lJn,51,57,108,0.47
lJs,46,48,94,0.49
lJt,11,5,16,0.69
lKB,8,12,20,0.4
lKD,1,1,2,0.5
lKH,1,0,1,1.0
lKI,0,0,0,
lKK,2,1,3,0.67
lKL,3,5,8,0.38
lKM,14,20,34,0.41
lKN,8,6,14,0.57
lKP,18,16,34,0.53
lKS,5,5,10,0.5
lKb,12,14,26,0.46
lKh,12,16,28,0.43
lKl,5,7,12,0.42
lKm,15,11,26,0.58
lKn,17,14,31,0.55
lKs,7,6,13,0.54
lKt,2,0,2,1.0
lLB,78,94,172,0.45
lLD,6,5,11,0.55
lLH,3,2,5,0.6
lLK,6,6,12,0.5
lLL,52,49,101,0.51
lLM,107,135,242,0.44
lLN,114,95,209,0.55
lLP,141,146,287,0.49
lLS,89,79,168,0.53
lLb,100,98,198,0.51
lLh,58,50,108,0.54
lLj,35,29,64,0.55
lLl,62,56,118,0.53
lLm,90,90,180,0.5
lLn,172,149,321,0.54
lLs,92,76,168,0.55
lLt,25,23,48,0.52
lMB,215,191,406,0.53
lMD,31,26,57,0.54
lMI,0,0,0,
lMK,3,3,6,0.5
lML,103,114,217,0.47
lMM,243,267,510,0.48
lMN,253,263,516,0.49
lMP,320,368,688,0.47
lMS,168,210,378,0.44
lMb,287,237,524,0.55
lMh,188,206,394,0.48
lMj,68,61,129,0.53
lMl,146,96,242,0.6
lMm,248,232,480,0.52
lMn,383,371,754,0.51
lMs,181,181,362,0.5
lMt,46,42,88,0.52
lNB,210,209,419,0.5
lND,33,37,70,0.47
lNH,51,46,97,0.53
lNI,2,0,2,1.0
lNK,25,18,43,0.58
lNL,135,125,260,0.52
lNM,278,307,585,0.48
lNN,352,335,687,0.51
lNP,490,476,966,0.51
lNS,213,224,437,0.49
lNb,288,278,566,0.51
lNh,80,108,188,0.43
lNl,143,124,267,0.54
lNm,298,216,514,0.58
lNn,423,398,821,0.52
lNs,228,196,424,0.54
lNt,60,56,116,0.52
lPB,274,317,591,0.46
lPD,33,29,62,0.53
lPH,94,103,197,0.48
lPI,35,19,54,0.65
lPK,35,34,69,0.51
lPL,163,164,327,0.5
lPM,375,354,729,0.51
lPN,369,389,758,0.49
lPP,561,509,1070,0.52
lPS,212,248,460,0.46
lPb,328,319,647,0.51
lPh,39,32,71,0.55
lPl,185,155,340,0.54
lPm,317,229,546,0.58
lPn,341,326,667,0.51
lPs,240,206,446,0.54
lPt,45,38,83,0.54
lSB,123,116,239,0.51
lSD,22,18,40,0.55
lSH,65,45,110,0.59
lSI,3,4,7,0.43
lSK,4,4,8,0.5
lSL,71,91,162,0.44
lSM,195,212,407,0.48
lSN,195,176,371,0.53
lSP,255,248,503,0.51
lSS,176,201,377,0.47
lSb,166,165,331,0.5
lSh,96,112,208,0.46
lSl,93,95,188,0.49
lSm,163,128,291,0.56
lSn,226,189,415,0.54
lSs,191,216,407,0.47
lSt,34,35,69,0.49
lbB,267,248,515,0.52
lbD,22,15,37,0.59
lbH,74,57,131,0.56
lbI,26,14,40,0.65
lbJ,71,61,132,0.54
lbK,20,25,45,0.44
lbL,134,108,242,0.55
lbM,275,289,564,0.49
lbN,360,352,712,0.51
lbP,387,362,749,0.52
lbS,107,136,243,0.44
lbb,346,323,669,0.52
lbh,0,1,1,0.0
lbl,123,108,231,0.53
lbm,224,180,404,0.55
lbn,292,234,526,0.56
lbs,134,112,246,0.54
lhB,0,2,2,0.0
lhH,1,0,1,1.0
lhI,0,1,1,0.0
lhM,0,1,1,0.0
lhN,1,0,1,1.0
lhP,1,0,1,1.0
lhS,2,0,2,1.0
lhb,1,0,1,1.0
lhh,1,0,1,1.0
lhm,1,0,1,1.0
lhn,1,0,1,1.0
lhs,0,0,0,
lht,1,0,1,1.0
llB,117,97,214,0.55
llD,14,12,26,0.54
llH,59,79,138,0.43
llI,8,5,13,0.62
llJ,32,21,53,0.6
llK,3,10,13,0.23
llL,47,60,107,0.44
llM,129,134,263,0.49
llN,124,136,260,0.48
llP,142,151,293,0.48
llS,82,74,156,0.53
llb,138,108,246,0.56
lll,61,48,109,0.56
llm,89,74,163,0.55
lln,100,87,187,0.53
lls,47,57,104,0.45
lmB,223,198,421,0.53
lmD,26,38,64,0.41
lmH,125,159,284,0.44
lmI,16,13,29,0.55
lmJ,31,44,75,0.41
lmK,2,5,7,0.29
lmL,77,78,155,0.5
lmM,219,229,448,0.49
lmN,270,261,531,0.51
lmP,287,268,555,0.52
lmS,109,145,254,0.43
lmb,245,193,438,0.56
lmh,1,1,2,0.5
lml,86,57,143,0.6
lmm,175,151,326,0.54
lmn,227,171,398,0.57
lms,95,68,163,0.58
lnB,155,191,346,0.45
lnD,31,26,57,0.54
lnH,105,134,239,0.44
lnI,30,28,58,0.52
lnK,13,22,35,0.37
lnL,89,89,178,0.5
lnM,226,265,491,0.46
lnN,318,271,589,0.54
lnP,385,376,761,0.51
lnS,156,166,322,0.48
lnb,260,195,455,0.57
lnh,0,3,3,0.0
lnl,94,81,175,0.54
lnm,206,178,384,0.54
lnn,242,220,462,0.52
lns,137,128,265,0.52
lnt,2,1,3,0.67
lsB,105,99,204,0.51
lsD,27,35,62,0.44
lsH,128,136,264,0.48
lsI,10,19,29,0.34
lsK,2,5,7,0.29
lsL,69,64,133,0.52
lsM,153,155,308,0.5
lsN,159,133,292,0.54
lsP,221,212,433,0.51
lsS,168,121,289,0.58
lsb,128,139,267,0.48
lsh,4,13,17,0.24
lsl,87,68,155,0.56
lsm,166,105,271,0.61
lsn,150,109,259,0.58
lss,111,105,216,0.51
lst,0,2,2,0.0
ltH,1,0,1,1.0
mBB,388,384,772,0.5
mBD,87,76,163,0.53
mBH,4,5,9,0.44
mBI,1,0,1,1.0
mBK,41,59,100,0.41
mBL,155,162,317,0.49
mBM,450,515,965,0.47
mBN,602,641,1243,0.48
mBP,661,629,1290,0.51
mBS,360,343,703,0.51
mBb,471,442,913,0.52
mBh,57,85,142,0.4
mBj,144,148,292,0.49
mBl,160,172,332,0.48
mBm,525,444,969,0.54
mBn,730,675,1405,0.52
mBs,278,264,542,0.51
mBt,92,84,176,0.52
mDB,100,104,204,0.49
mDD,52,53,105,0.5
mDH,78,107,185,0.42
mDI,9,8,17,0.53
mDK,2,2,4,0.5
mDL,37,47,84,0.44
mDM,136,156,292,0.47
mDN,119,122,241,0.49
mDP,121,126,247,0.49
mDS,109,124,233,0.47
mDb,75,101,176,0.43
mDh,4,7,11,0.36
mDl,37,47,84,0.44
mDm,171,146,317,0.54
mDn,110,89,199,0.55
mDs,96,66,162,0.59
mDt,19,18,37,0.51
mHB,336,368,704,0.48
mHD,71,70,141,0.5
mHH,63,69,132,0.48
mHI,29,43,72,0.4
mHK,31,25,56,0.55
mHL,145,148,293,0.49
mHM,461,490,951,0.48
mHN,436,479,915,0.48
mHP,627,607,1234,0.51
mHS,332,284,616,0.54
mHb,390,398,788,0.49
mHh,212,234,446,0.48
mHl,186,164,350,0.53
mHm,466,399,865,0.54
mHn,557,470,1027,0.54
mHs,329,314,643,0.51
mHt,37,38,75,0.49
mIB,36,29,65,0.55
mID,12,9,21,0.57
mIH,23,30,53,0.43
mII,5,2,7,0.71
mIK,3,1,4,0.75
mIL,22,16,38,0.58
mIM,32,50,82,0.39
mIN,60,43,103,0.58
mIP,65,67,132,0.49
mIS,27,24,51,0.53
mIb,55,48,103,0.53
mIh,0,1,1,0.0
mIl,12,16,28,0.43
mIm,36,28,64,0.56
mIn,48,53,101,0.48
mIs,30,26,56,0.54
mIt,1,1,2,0.5
mJB,82,76,158,0.52
mJD,14,8,22,0.64
mJH,58,55,113,0.51
mJI,11,13,24,0.46
mJK,11,10,21,0.52
mJL,52,53,105,0.5
mJM,110,136,246,0.45
mJN,134,116,250,0.54
mJP,173,158,331,0.52
mJS,72,77,149,0.48
mJb,132,106,238,0.55
mJh,7,9,16,0.44
mJl,44,42,86,0.51
mJm,111,101,212,0.52
mJn,111,120,231,0.48
mJs,83,72,155,0.54
mJt,23,14,37,0.62
mKB,6,6,12,0.5
mKD,2,2,4,0.5
mKH,0,1,1,0.0
mKI,2,3,5,0.4
mKL,4,3,7,0.57
mKM,10,5,15,0.67
mKN,4,5,9,0.44
mKP,8,5,13,0.62
mKS,3,11,14,0.21
mKb,8,10,18,0.44
mKh,5,8,13,0.38
mKl,6,5,11,0.55
mKm,12,13,25,0.48
mKn,9,7,16,0.56
mKs,9,4,13,0.69
mKt,2,1,3,0.67
mLB,169,151,320,0.53
mLD,25,23,48,0.52
mLH,2,5,7,0.29
mLI,1,0,1,1.0
mLK,6,15,21,0.29
mLL,65,71,136,0.48
mLM,202,231,433,0.47
mLN,200,230,430,0.47
mLP,255,245,500,0.51
mLS,128,164,292,0.44
mLb,177,166,343,0.52
mLh,94,121,215,0.44
mLj,40,62,102,0.39
mLl,86,76,162,0.53
mLm,209,164,373,0.56
mLn,296,280,576,0.51
mLs,143,145,288,0.5
mLt,34,28,62,0.55
mMB,456,455,911,0.5
mMD,117,93,210,0.56
mMH,4,4,8,0.5
mMI,4,3,7,0.57
mMK,9,6,15,0.6
mML,137,159,296,0.46
mMM,600,679,1279,0.47
mMN,665,694,1359,0.49
mMP,722,780,1502,0.48
mMS,418,453,871,0.48
mMb,587,533,1120,0.52
mMh,511,515,1026,0.5
mMj,152,122,274,0.55
mMl,221,199,420,0.53
mMm,713,584,1297,0.55
mMn,935,960,1895,0.49
mMs,440,396,836,0.53
mMt,88,106,194,0.45
mNB,488,489,977,0.5
mND,116,92,208,0.56
mNH,140,142,282,0.5
mNI,5,4,9,0.56
mNK,57,64,121,0.47
mNL,204,213,417,0.49
mNM,613,710,1323,0.46
mNN,893,935,1828,0.49
mNP,1069,1088,2157,0.5
mNS,554,567,1121,0.49
mNb,610,545,1155,0.53
mNh,170,185,355,0.48
mNl,240,237,477,0.5
mNm,621,514,1135,0.55
mNn,1070,986,2056,0.52
mNs,500,485,985,0.51
mNt,139,109,248,0.56
mPB,585,629,1214,0.48
mPD,97,111,208,0.47
mPH,201,202,403,0.5
mPI,61,50,111,0.55
mPK,63,80,143,0.44
mPL,295,286,581,0.51
mPM,768,887,1655,0.46
mPN,822,815,1637,0.5
mPP,1167,1104,2271,0.51
mPS,516,521,1037,0.5
mPb,744,702,1446,0.51
mPh,80,75,155,0.52
mPl,289,321,610,0.47
mPm,692,611,1303,0.53
mPn,816,748,1564,0.52
mPs,474,443,917,0.52
mPt,73,92,165,0.44
mSB,271,318,589,0.46
mSD,94,60,154,0.61
mSH,120,160,280,0.43
mSI,11,6,17,0.65
mSK,7,9,16,0.44
mSL,103,98,201,0.51
mSM,366,425,791,0.46
mSN,380,406,786,0.48
mSP,536,472,1008,0.53
mSS,378,442,820,0.46
mSb,344,319,663,0.52
mSh,215,262,477,0.45
mSl,138,122,260,0.53
mSm,412,369,781,0.53
mSn,482,466,948,0.51
mSs,414,395,809,0.51
mSt,94,62,156,0.6
mbB,580,566,1146,0.51
mbD,66,59,125,0.53
mbH,146,133,279,0.52
mbI,69,47,116,0.59
mbJ,185,148,333,0.56
mbK,51,58,109,0.47
mbL,200,195,395,0.51
mbM,609,629,1238,0.49
mbN,797,762,1559,0.51
mbP,796,729,1525,0.52
mbS,273,303,576,0.47
mbb,707,584,1291,0.55
mbl,173,172,345,0.5
mbm,531,406,937,0.57
mbn,663,605,1268,0.52
mbs,208,199,407,0.51
mbt,0,1,1,0.0
mhB,2,2,4,0.5
mhD,1,0,1,1.0
mhI,2,2,4,0.5
mhL,0,1,1,0.0
mhM,4,2,6,0.67
mhN,0,2,2,0.0
mhP,0,3,3,0.0
mhS,1,3,4,0.25
mhb,4,3,7,0.57
mhh,2,2,4,0.5
mhl,2,1,3,0.67
mhm,9,3,12,0.75
mhn,5,4,9,0.56
mhs,3,4,7,0.43
mlB,177,170,347,0.51
mlD,23,16,39,0.59
mlH,111,99,210,0.53
mlI,12,19,31,0.39
mlJ,44,46,90,0.49
mlK,4,4,8,0.5
mlL,80,83,163,0.49
mlM,182,207,389,0.47
mlN,202,220,422,0.48
mlP,260,194,454,0.57
mlS,118,106,224,0.53
mlb,206,170,376,0.55
mlh,1,1,2,0.5
mll,69,64,133,0.52
mlm,162,127,289,0.56
mln,154,155,309,0.5
mls,82,69,151,0.54
mlt,0,0,0,
mmB,504,484,988,0.51
mmD,140,98,238,0.59
mmH,355,345,700,0.51
mmI,33,38,71,0.46
mmJ,96,88,184,0.52
mmK,9,7,16,0.56
mmL,157,181,338,0.46
mmM,524,604,1128,0.46
mmN,665,619,1284,0.52
mmP,689,603,1292,0.53
mmS,316,315,631,0.5
mmb,580,502,1082,0.54
mmh,2,5,7,0.29
mml,133,99,232,0.57
mmm,561,429,990,0.57
mmn,560,515,1075,0.52
mms,231,193,424,0.54
mmt,2,0,2,1.0
mnB,451,467,918,0.49
mnD,91,79,170,0.54
mnH,318,308,626,0.51
mnI,91,57,148,0.61
mnK,42,32,74,0.57
mnL,167,172,339,0.49
mnM,556,622,1178,0.47
mnN,769,809,1578,0.49
mnP,846,872,1718,0.49
mnS,414,397,811,0.51
mnb,572,493,1065,0.54
mnh,10,12,22,0.45
mnl,162,155,317,0.51
mnm,533,420,953,0.56
mnn,709,621,1330,0.53
mns,341,350,691,0.49
mnt,2,2,4,0.5
msB,184,200,384,0.48
msD,77,59,136,0.57
msH,241,238,479,0.5
msI,43,27,70,0.61
msK,4,6,10,0.4
msL,91,106,197,0.46
msM,258,303,561,0.46
msN,308,350,658,0.47
msP,353,364,717,0.49
msS,300,311,611,0.49
msb,258,220,478,0.54
msh,8,17,25,0.32
msl,90,86,176,0.51
msm,320,258,578,0.55
msn,311,284,595,0.52
mss,233,216,449,0.52
mst,3,3,6,0.5
mtB,0,1,1,0.0
mtD,0,1,1,0.0
mtM,1,0,1,1.0
mtN,3,0,3,1.0
mtP,0,1,1,0.0
mtS,1,1,2,0.5
mtb,2,2,4,0.5
mtt,1,1,2,0.5
nBB,454,471,925,0.49
nBD,51,73,124,0.41
nBH,3,5,8,0.38
nBK,47,46,93,0.51
nBL,164,192,356,0.46
nBM,398,557,955,0.42
nBN,599,664,1263,0.47
nBP,696,677,1373,0.51
nBS,307,309,616,0.5
nBb,494,476,970,0.51
nBh,43,66,109,0.39
nBj,164,150,314,0.52
nBl,212,193,405,0.52
nBm,511,430,941,0.54
nBn,787,755,1542,0.51
nBs,259,296,555,0.47
nBt,97,73,170,0.57
nDB,70,63,133,0.53
nDD,40,32,72,0.56
nDH,96,76,172,0.56
nDI,5,5,10,0.5
nDK,0,2,2,0.0
nDL,41,40,81,0.51
nDM,119,115,234,0.51
nDN,80,99,179,0.45
nDP,124,132,256,0.48
nDS,97,108,205,0.47
nDb,83,79,162,0.51
nDh,3,4,7,0.43
nDl,26,32,58,0.45
nDm,105,97,202,0.52
nDn,115,91,206,0.56
nDs,82,78,160,0.51
nDt,16,20,36,0.44
nHB,256,250,506,0.51
nHD,47,58,105,0.45
nHH,73,68,141,0.52
nHI,35,35,70,0.5
nHK,33,25,58,0.57
nHL,128,116,244,0.52
nHM,340,380,720,0.47
nHN,473,481,954,0.5
nHP,581,567,1148,0.51
nHS,281,311,592,0.47
nHb,348,315,663,0.52
nHh,168,161,329,0.51
nHl,174,140,314,0.55
nHm,389,320,709,0.55
nHn,511,429,940,0.54
nHs,275,305,580,0.47
nHt,28,29,57,0.49
nIB,69,79,148,0.47
nID,28,18,46,0.61
nIH,70,78,148,0.47
nII,11,15,26,0.42
nIK,1,1,2,0.5
nIL,26,43,69,0.38
nIM,98,103,201,0.49
nIN,101,101,202,0.5
nIP,165,107,272,0.61
nIS,80,81,161,0.5
nIb,83,93,176,0.47
nIh,0,2,2,0.0
nIl,41,20,61,0.67
nIm,103,89,192,0.54
nIn,92,116,208,0.44
nIs,62,51,113,0.55
nIt,9,6,15,0.6
nKB,33,41,74,0.45
nKD,16,12,28,0.57
nKH,6,14,20,0.3
nKI,9,6,15,0.6
nKK,3,2,5,0.6
nKL,21,13,34,0.62
nKM,59,85,144,0.41
nKN,47,60,107,0.44
nKP,83,94,177,0.47
nKS,40,47,87,0.46
nKb,52,48,100,0.52
nKh,47,74,121,0.39
nKl,36,28,64,0.56
nKm,69,50,119,0.58
nKn,83,63,146,0.57
nKs,55,48,103,0.53
nKt,8,4,12,0.67
nLB,182,198,380,0.48
nLD,23,27,50,0.46
nLH,3,2,5,0.6
nLK,16,18,34,0.47
nLL,102,92,194,0.53
nLM,231,230,461,0.5
nLN,262,272,534,0.49
nLP,328,335,663,0.49
nLS,153,168,321,0.48
nLb,199,234,433,0.46
nLh,95,107,202,0.47
nLj,78,64,142,0.55
nLl,124,115,239,0.52
nLm,237,190,427,0.56
nLn,354,324,678,0.52
nLs,165,161,326,0.51
nLt,38,48,86,0.44
nMB,574,583,1157,0.5
nMD,89,80,169,0.53
nMH,1,4,5,0.2
nMI,1,0,1,1.0
nMK,6,5,11,0.55
nML,189,216,405,0.47
nMM,608,717,1325,0.46
nMN,724,766,1490,0.49
nMP,883,857,1740,0.51
nMS,455,490,945,0.48
nMb,615,646,1261,0.49
nMh,547,617,1164,0.47
nMj,178,170,348,0.51
nMl,267,267,534,0.5
nMm,704,594,1298,0.54
nMn,1073,1067,2140,0.5
nMs,461,471,932,0.49
nMt,135,100,235,0.57
nNB,681,685,1366,0.5
nND,134,140,274,0.49
nNH,160,155,315,0.51
nNI,6,6,12,0.5
nNK,69,87,156,0.44
nNL,318,329,647,0.49
nNM,845,1000,1845,0.46
nNN,1175,1212,2387,0.49
nNP,1533,1478,3011,0.51
nNS,733,765,1498,0.49
nNb,797,759,1556,0.51
nNh,334,343,677,0.49
nNl,375,319,694,0.54
nNm,899,744,1643,0.55
nNn,1400,1419,2819,0.5
nNs,697,700,1397,0.5
nNt,175,172,347,0.5
nPB,845,804,1649,0.51
nPD,113,124,237,0.48
nPH,354,357,711,0.5
nPI,116,88,204,0.57
nPK,123,117,240,0.51
nPL,472,497,969,0.49
nPM,1042,1179,2221,0.47
nPN,1288,1251,2539,0.51
nPP,1796,1729,3525,0.51
nPS,849,879,1728,0.49
nPb,1069,987,2056,0.52
nPh,131,130,261,0.5
nPl,516,508,1024,0.5
nPm,1115,843,1958,0.57
nPn,1286,1176,2462,0.52
nPs,821,799,1620,0.51
nPt,126,126,252,0.5
nSB,360,381,741,0.49
nSD,84,83,167,0.5
nSH,169,210,379,0.45
nSI,12,8,20,0.6
nSK,20,13,33,0.61
nSL,164,202,366,0.45
nSM,518,585,1103,0.47
nSN,569,548,1117,0.51
nSP,750,760,1510,0.5
nSS,557,614,1171,0.48
nSb,471,400,871,0.54
nSh,360,342,702,0.51
nSl,215,203,418,0.51
nSm,570,466,1036,0.55
nSn,668,728,1396,0.48
nSs,547,499,1046,0.52
nSt,120,97,217,0.55
nbB,594,517,1111,0.53
nbD,61,55,116,0.53
nbH,190,154,344,0.55
nbI,61,56,117,0.52
nbJ,175,181,356,0.49
nbK,86,82,168,0.51
nbL,234,268,502,0.47
nbM,660,782,1442,0.46
nbN,953,975,1928,0.49
nbP,905,830,1735,0.52
nbS,394,409,803,0.49
nbb,738,662,1400,0.53
nbh,2,1,3,0.67
nbl,242,222,464,0.52
nbm,596,431,1027,0.58
nbn,793,660,1453,0.55
nbs,301,290,591,0.51
nbt,1,0,1,1.0
nhB,24,19,43,0.56
nhD,3,3,6,0.5
nhH,9,5,14,0.64
nhI,2,1,3,0.67
nhL,21,9,30,0.7
nhM,25,30,55,0.45
nhN,25,24,49,0.51
nhP,43,32,75,0.57
nhS,28,17,45,0.62
nhb,33,29,62,0.53
nhh,25,24,49,0.51
nhl,13,16,29,0.45
nhm,26,28,54,0.48
nhn,28,31,59,0.47
nhs,27,24,51,0.53
nht,4,0,4,1.0
nlB,193,204,397,0.49
nlD,30,28,58,0.52
nlH,185,204,389,0.48
nlI,20,24,44,0.45
nlJ,62,78,140,0.44
nlK,5,10,15,0.33
nlL,91,117,208,0.44
nlM,265,271,536,0.49
nlN,359,335,694,0.52
nlP,392,354,746,0.53
nlS,186,192,378,0.49
nlb,292,267,559,0.52
nlh,1,1,2,0.5
nll,108,100,208,0.52
nlm,219,155,374,0.59
nln,268,221,489,0.55
nls,146,129,275,0.53
nmB,540,510,1050,0.51
nmD,117,118,235,0.5
nmH,422,467,889,0.47
nmI,50,45,95,0.53
nmJ,122,124,246,0.5
nmK,9,3,12,0.75
nmL,200,198,398,0.5
nmM,680,655,1335,0.51
nmN,803,780,1583,0.51
nmP,858,763,1621,0.53
nmS,424,396,820,0.52
nmb,637,563,1200,0.53
nmh,0,3,3,0.0
nml,192,159,351,0.55
nmm,544,445,989,0.55
nmn,692,587,1279,0.54
nms,287,291,578,0.5
nmt,1,0,1,1.0
nnB,549,569,1118,0.49
nnD,128,122,250,0.51
nnH,421,446,867,0.49
nnI,114,99,213,0.54
nnK,74,68,142,0.52
nnL,280,247,527,0.53
nnM,803,830,1633,0.49
nnN,1105,1191,2296,0.48
nnP,1380,1283,2663,0.52
nnS,641,635,1276,0.5
nnb,793,675,1468,0.54
nnh,30,34,64,0.47
nnl,295,288,583,0.51
nnm,723,534,1257,0.58
nnn,1026,996,2022,0.51
nns,600,550,1150,0.52
nnt,3,4,7,0.43
nsB,302,289,591,0.51
nsD,89,80,169,0.53
nsH,437,471,908,0.48
nsI,62,58,120,0.52
nsK,11,7,18,0.61
nsL,177,167,344,0.51
nsM,465,505,970,0.48
nsN,586,571,1157,0.51
nsP,702,640,1342,0.52
nsS,527,492,1019,0.52
nsb,421,381,802,0.52
nsh,20,22,42,0.48
nsl,204,169,373,0.55
nsm,468,373,841,0.56
nsn,542,477,1019,0.53
nss,435,414,849,0.51
nst,4,4,8,0.5
ntB,2,2,4,0.5
ntD,1,0,1,1.0
ntH,1,1,2,0.5
ntL,1,0,1,1.0
ntM,1,6,7,0.14
ntN,6,2,8,0.75
ntP,2,2,4,0.5
ntS,0,2,2,0.0
ntb,2,1,3,0.67
nth,1,0,1,1.0
ntl,1,1,2,0.5
ntm,7,1,8,0.88
ntn,3,2,5,0.6
nts,0,2,2,0.0
ntt,1,1,2,0.5
sBB,228,229,457,0.5
sBD,41,42,83,0.49
sBH,3,2,5,0.6
sBK,28,28,56,0.5
sBL,101,90,191,0.53
sBM,229,286,515,0.44
sBN,295,307,602,0.49
sBP,342,355,697,0.49
sBS,157,180,337,0.47
sBb,236,264,500,0.47
sBh,33,30,63,0.52
sBj,75,79,154,0.49
sBl,94,108,202,0.47
sBm,259,222,481,0.54
sBn,336,368,704,0.48
sBs,161,144,305,0.53
sBt,54,35,89,0.61
sDB,45,59,104,0.43
sDD,39,37,76,0.51
sDH,64,84,148,0.43
sDI,2,3,5,0.4
sDK,1,2,3,0.33
sDL,21,29,50,0.42
sDM,75,108,183,0.41
sDN,88,77,165,0.53
sDP,89,91,180,0.49
sDS,79,77,156,0.51
sDb,80,57,137,0.58
sDh,4,1,5,0.8
sDl,20,37,57,0.35
sDm,87,79,166,0.52
sDn,72,64,136,0.53
sDs,70,52,122,0.57
sDt,12,6,18,0.67
sHB,256,273,529,0.48
sHD,63,62,125,0.5
sHH,91,80,171,0.53
sHI,43,40,83,0.52
sHK,27,33,60,0.45
sHL,114,138,252,0.45
sHM,378,443,821,0.46
sHN,392,414,806,0.49
sHP,536,452,988,0.54
sHS,368,397,765,0.48
sHb,343,321,664,0.52
sHh,223,230,453,0.49
sHl,167,160,327,0.51
sHm,393,304,697,0.56
sHn,439,427,866,0.51
sHs,372,380,752,0.49
sHt,26,36,62,0.42
sIB,34,38,72,0.47
sID,12,10,22,0.55
sIH,46,42,88,0.52
sII,7,3,10,0.7
sIK,0,0,0,
sIL,18,24,42,0.43
sIM,61,64,125,0.49
sIN,67,57,124,0.54
sIP,62,74,136,0.46
sIS,59,61,120,0.49
sIb,49,41,90,0.54
sIh,0,1,1,0.0
sIl,21,19,40,0.52
sIm,52,47,99,0.53
sIn,39,35,74,0.53
sIs,41,55,96,0.43
sIt,3,2,5,0.6
sKB,7,11,18,0.39
sKD,0,1,1,0.0
sKH,2,1,3,0.67
sKI,0,0,0,
sKK,0,1,1,0.0
sKL,10,4,14,0.71
sKM,9,12,21,0.43
sKN,4,6,10,0.4
sKP,14,12,26,0.54
sKS,12,10,22,0.55
sKb,11,10,21,0.52
sKh,8,14,22,0.36
sKl,5,4,9,0.56
sKm,17,12,29,0.59
sKn,11,9,20,0.55
sKs,11,10,21,0.52
sKt,0,1,1,0.0
sLB,131,120,251,0.52
sLD,16,16,32,0.5
sLH,1,3,4,0.25
sLI,0,1,1,0.0
sLK,15,11,26,0.58
sLL,41,77,118,0.35
sLM,142,155,297,0.48
sLN,148,139,287,0.52
sLP,188,189,377,0.5
sLS,115,138,253,0.45
sLb,129,122,251,0.51
sLh,73,63,136,0.54
sLj,41,39,80,0.51
sLl,83,93,176,0.47
sLm,160,130,290,0.55
sLn,200,198,398,0.5
sLs,128,115,243,0.53
sLt,24,21,45,0.53
sMB,323,339,662,0.49
sMD,57,50,107,0.53
sMH,6,3,9,0.67
sMI,1,0,1,1.0
sMK,3,11,14,0.21
sML,144,135,279,0.52
sMM,364,423,787,0.46
sMN,377,391,768,0.49
sMP,461,472,933,0.49
sMS,283,303,586,0.48
sMb,357,376,733,0.49
sMh,317,348,665,0.48
sMj,79,100,179,0.44
sMl,166,149,315,0.53
sMm,442,395,837,0.53
sMn,534,546,1080,0.49
sMs,289,310,599,0.48
sMt,59,67,126,0.47
sNB,334,308,642,0.52
sND,70,53,123,0.57
sNH,77,77,154,0.5
sNI,4,3,7,0.57
sNK,41,40,81,0.51
sNL,150,177,327,0.46
sNM,397,453,850,0.47
sNN,545,532,1077,0.51
sNP,705,680,1385,0.51
sNS,393,377,770,0.51
sNb,369,317,686,0.54
sNh,135,136,271,0.5
sNl,154,158,312,0.49
sNm,402,357,759,0.53
sNn,634,554,1188,0.53
sNs,406,370,776,0.52
sNt,81,87,168,0.48
sPB,420,416,836,0.5
sPD,68,64,132,0.52
sPH,168,185,353,0.48
sPI,54,41,95,0.57
sPK,51,84,135,0.38
sPL,242,256,498,0.49
sPM,497,582,1079,0.46
sPN,587,613,1200,0.49
sPP,853,852,1705,0.5
sPS,446,485,931,0.48
sPb,522,511,1033,0.51
sPh,68,68,136,0.5
sPl,264,260,524,0.5
sPm,599,477,1076,0.56
sPn,586,559,1145,0.51
sPs,422,486,908,0.46
sPt,74,56,130,0.57
sSB,273,289,562,0.49
sSD,88,88,176,0.5
sSH,152,173,325,0.47
sSI,20,6,26,0.77
sSK,16,16,32,0.5
sSL,188,175,363,0.52
sSM,378,504,882,0.43
sSN,386,451,837,0.46
sSP,562,586,1148,0.49
sSS,579,613,1192,0.49
sSb,330,307,637,0.52
sSh,290,332,622,0.47
sSl,194,165,359,0.54
sSm,457,401,858,0.53
sSn,493,496,989,0.5
sSs,607,550,1157,0.52
sSt,84,78,162,0.52
sbB,311,287,598,0.52
sbD,42,34,76,0.55
sbH,108,75,183,0.59
sbI,35,25,60,0.58
sbJ,125,93,218,0.57
sbK,41,47,88,0.47
sbL,145,135,280,0.52
sbM,404,356,760,0.53
sbN,477,470,947,0.5
sbP,489,436,925,0.53
sbS,200,219,419,0.48
sbb,432,340,772,0.56
sbh,1,1,2,0.5
sbl,137,141,278,0.49
sbm,343,239,582,0.59
sbn,376,335,711,0.53
sbs,190,186,376,0.51
shB,13,16,29,0.45
shD,2,2,4,0.5
shH,5,5,10,0.5
shI,1,0,1,1.0
shK,1,1,2,0.5
shL,8,6,14,0.57
shM,17,23,40,0.42
shN,15,24,39,0.38
shP,24,23,47,0.51
shS,12,27,39,0.31
shb,21,13,34,0.62
shh,20,21,41,0.49
shl,12,7,19,0.63
shm,32,21,53,0.6
shn,11,24,35,0.31
shs,25,17,42,0.6
sht,2,3,5,0.4
slB,139,146,285,0.49
slD,15,14,29,0.52
slH,92,111,203,0.45
slI,16,13,29,0.55
slJ,56,39,95,0.59
slK,11,7,18,0.61
slL,70,88,158,0.44
slM,169,182,351,0.48
slN,212,207,419,0.51
slP,219,204,423,0.52
slS,140,120,260,0.54
slb,171,159,330,0.52
sll,81,87,168,0.48
slm,163,122,285,0.57
sln,169,129,298,0.57
sls,116,121,237,0.49
smB,351,316,667,0.53
smD,94,82,176,0.53
smH,331,296,627,0.53
smI,29,26,55,0.53
smJ,59,89,148,0.4
smK,4,6,10,0.4
smL,140,152,292,0.48
smM,405,458,863,0.47
smN,446,492,938,0.48
smP,455,461,916,0.5
smS,303,324,627,0.48
smb,362,342,704,0.51
smh,0,2,2,0.0
sml,124,117,241,0.51
smm,402,310,712,0.56
smn,373,366,739,0.5
sms,244,193,437,0.56
snB,246,274,520,0.47
snD,80,53,133,0.6
snH,221,234,455,0.49
snI,64,50,114,0.56
snK,31,39,70,0.44
snL,124,128,252,0.49
snM,371,416,787,0.47
snN,544,542,1086,0.5
snP,558,595,1153,0.48
snS,311,347,658,0.47
snb,346,287,633,0.55
snh,9,4,13,0.69
snl,154,139,293,0.53
snm,331,301,632,0.52
snn,451,395,846,0.53
sns,310,268,578,0.54
snt,1,4,5,0.2
ssB,223,214,437,0.51
ssD,76,73,149,0.51
ssH,340,379,719,0.47
ssI,56,38,94,0.6
ssK,10,9,19,0.53
ssL,118,107,225,0.52
ssM,321,356,677,0.47
ssN,370,370,740,0.5
ssP,442,464,906,0.49
ssS,474,481,955,0.5
ssb,308,286,594,0.52
ssh,24,23,47,0.51
ssl,173,134,307,0.56
ssm,353,273,626,0.56
ssn,365,295,660,0.55
sss,392,384,776,0.51
sst,2,6,8,0.25
stB,3,4,7,0.43
stD,3,1,4,0.75
stH,2,1,3,0.67
stK,0,1,1,0.0
stL,1,3,4,0.25
stM,5,7,12,0.42
stN,3,4,7,0.43
stP,8,3,11,0.73
stS,5,6,11,0.45
stb,3,5,8,0.38
stl,6,1,7,0.86
stm,5,1,6,0.83
stn,5,2,7,0.71
sts,1,3,4,0.25
stt,0,1,1,0.0
tBB,47,40,87,0.54
tBD,5,4,9,0.56
tBK,4,1,5,0.8
tBL,17,15,32,0.53
tBM,47,47,94,0.5
tBN,33,33,66,0.5
tBP,51,39,90,0.57
tBS,18,17,35,0.51
tBb,45,32,77,0.58
tBh,5,7,12,0.42
tBj,17,9,26,0.65
tBl,22,15,37,0.59
tBm,40,39,79,0.51
tBn,51,56,107,0.48
tBs,23,20,43,0.53
tBt,10,6,16,0.62
tDB,6,9,15,0.4
tDD,3,1,4,0.75
tDH,5,9,14,0.36
tDI,0,1,1,0.0
tDK,0,0,0,
tDL,5,2,7,0.71
tDM,7,10,17,0.41
tDN,4,4,8,0.5
tDP,6,11,17,0.35
tDS,7,4,11,0.64
tDb,6,5,11,0.55
tDh,0,1,1,0.0
tDl,4,3,7,0.57
tDm,11,9,20,0.55
tDn,6,8,14,0.43
tDs,11,6,17,0.65
tDt,0,1,1,0.0
tHB,19,24,43,0.44
tHD,7,8,15,0.47
tHH,6,9,15,0.4
tHI,5,4,9,0.56
tHK,1,2,3,0.33
tHL,17,11,28,0.61
tHM,33,26,59,0.56
tHN,30,37,67,0.45
tHP,44,32,76,0.58
tHS,17,21,38,0.45
tHb,21,33,54,0.39
tHh,16,16,32,0.5
tHl,24,18,42,0.57
tHm,38,26,64,0.59
tHn,42,37,79,0.53
tHs,20,22,42,0.48
tHt,1,3,4,0.25
tIB,0,0,0,
tID,1,0,1,1.0
tIH,1,0,1,1.0
tII,0,1,1,0.0
tIM,2,2,4,0.5
tIN,2,0,2,1.0
tIP,1,2,3,0.33
tIS,1,3,4,0.25
tIb,5,1,6,0.83
tIl,0,1,1,0.0
tIm,4,0,4,1.0
tIn,1,1,2,0.5
tIs,0,1,1,0.0
tIt,1,0,1,1.0
tKB,4,3,7,0.57
tKD,1,0,1,1.0
tKH,0,2,2,0.0
tKL,2,2,4,0.5
tKM,7,6,13,0.54
tKN,3,0,3,1.0
tKP,7,5,12,0.58
tKS,4,10,14,0.29
tKb,4,1,5,0.8
tKh,4,1,5,0.8
tKl,4,2,6,0.67
tKm,0,8,8,0.0
tKn,0,3,3,0.0
tKs,3,1,4,0.75
tLB,21,16,37,0.57
tLD,1,1,2,0.5
tLK,2,0,2,1.0
tLL,7,7,14,0.5
tLM,22,29,51,0.43
tLN,20,23,43,0.47
tLP,30,27,57,0.53
tLS,12,14,26,0.46
tLb,35,24,59,0.59
tLh,15,9,24,0.62
tLj,9,3,12,0.75
tLl,10,12,22,0.45
tLm,24,12,36,0.67
tLn,31,17,48,0.65
tLs,10,13,23,0.43
tLt,3,7,10,0.3
tMB,40,55,95,0.42
tMD,5,5,10,0.5
tMH,0,2,2,0.0
tMK,0,0,0,
tML,21,17,38,0.55
tMM,48,46,94,0.51
tMN,46,55,101,0.46
tMP,68,79,147,0.46
tMS,40,44,84,0.48
tMb,76,35,111,0.68
tMh,40,44,84,0.48
tMj,9,12,21,0.43
tMl,28,26,54,0.52
tMm,63,56,119,0.53
tMn,79,81,160,0.49
tMs,42,28,70,0.6
tMt,6,7,13,0.46
tNB,51,46,97,0.53
tND,6,5,11,0.55
tNH,9,4,13,0.69
tNI,1,1,2,0.5
tNK,1,4,5,0.2
tNL,30,12,42,0.71
tNM,59,78,137,0.43
tNN,66,72,138,0.48
tNP,84,88,172,0.49
tNS,44,55,99,0.44
tNb,43,48,91,0.47
tNh,17,25,42,0.4
tNl,30,19,49,0.61
tNm,50,58,108,0.46
tNn,94,82,176,0.53
tNs,40,46,86,0.47
tNt,11,8,19,0.58
tPB,62,57,119,0.52
tPD,5,12,17,0.29
tPH,31,21,52,0.6
tPI,9,9,18,0.5
tPK,4,8,12,0.33
tPL,36,41,77,0.47
tPM,77,101,178,0.43
tPN,85,90,175,0.49
tPP,145,137,282,0.51
tPS,63,63,126,0.5
tPb,92,84,176,0.52
tPh,13,12,25,0.52
tPl,53,48,101,0.52
tPm,107,77,184,0.58
tPn,88,80,168,0.52
tPs,70,55,125,0.56
tPt,6,9,15,0.4
tSB,32,31,63,0.51
tSD,8,3,11,0.73
tSH,25,15,40,0.62
tSI,1,1,2,0.5
tSK,1,2,3,0.33
tSL,15,13,28,0.54
tSM,50,41,91,0.55
tSN,41,44,85,0.48
tSP,58,41,99,0.59
tSS,65,55,120,0.54
tSb,34,37,71,0.48
tSh,24,24,48,0.5
tSl,23,18,41,0.56
tSm,47,58,105,0.45
tSn,63,59,122,0.52
tSs,46,43,89,0.52
tSt,7,9,16,0.44
tbB,61,40,101,0.6
tbD,6,7,13,0.46
tbH,16,14,30,0.53
tbI,5,3,8,0.62
tbJ,16,16,32,0.5
tbK,6,5,11,0.55
tbL,20,27,47,0.43
tbM,55,51,106,0.52
tbN,70,71,141,0.5
tbP,52,65,117,0.44
tbS,33,21,54,0.61
tbb,54,61,115,0.47
tbl,37,24,61,0.61
tbm,45,42,87,0.52
tbn,59,61,120,0.49
tbs,22,33,55,0.4
thB,1,0,1,1.0
thL,2,0,2,1.0
thM,2,3,5,0.4
thN,1,1,2,0.5
thP,3,3,6,0.5
thS,0,0,0,
thb,1,2,3,0.33
thh,1,1,2,0.5
thl,1,0,1,1.0
thm,2,0,2,1.0
thn,2,1,3,0.67
ths,1,2,3,0.33
tlB,11,21,32,0.34
tlD,1,2,3,0.33
tlH,14,13,27,0.52
tlI,5,2,7,0.71
tlJ,3,5,8,0.38
tlK,3,1,4,0.75
tlL,16,13,29,0.55
tlM,15,18,33,0.45
tlN,28,25,53,0.53
tlP,32,34,66,0.48
tlS,19,15,34,0.56
tlb,24,26,50,0.48
tll,23,12,35,0.66
tlm,25,15,40,0.62
tln,19,15,34,0.56
tls,14,8,22,0.64
tmB,41,34,75,0.55
tmD,11,18,29,0.38
tmH,43,36,79,0.54
tmI,1,5,6,0.17
tmJ,9,13,22,0.41
tmK,0,3,3,0.0
tmL,20,22,42,0.48
tmM,65,77,142,0.46
tmN,77,51,128,0.6
tmP,69,62,131,0.53
tmS,28,47,75,0.37
tmb,49,50,99,0.49
tmh,0,0,0,
tml,21,17,38,0.55
tmm,49,39,88,0.56
tmn,37,28,65,0.57
tms,20,24,44,0.45
tnB,47,34,81,0.58
tnD,6,11,17,0.35
tnH,34,41,75,0.45
tnI,8,4,12,0.67
tnK,5,3,8,0.62
tnL,16,23,39,0.41
tnM,60,51,111,0.54
tnN,73,73,146,0.5
tnP,91,83,174,0.52
tnS,40,44,84,0.48
tnb,58,56,114,0.51
tnh,2,4,6,0.33
tnl,19,26,45,0.42
tnm,51,47,98,0.52
tnn,53,65,118,0.45
tns,43,43,86,0.5
tnt,2,0,2,1.0
tsB,18,19,37,0.49
tsD,7,7,14,0.5
tsH,36,37,73,0.49
tsI,5,4,9,0.56
tsL,6,10,16,0.38
tsM,36,42,78,0.46
tsN,33,34,67,0.49
tsP,53,54,107,0.5
tsS,40,50,90,0.44
tsb,19,23,42,0.45
tsh,0,0,0,
tsl,13,8,21,0.62
tsm,39,33,72,0.54
tsn,30,23,53,0.57
tss,36,30,66,0.55
tst,0,1,1,0.0
ttB,5,3,8,0.62
ttD,0,3,3,0.0
ttH,6,4,10,0.6
ttI,1,0,1,1.0
ttL,8,8,16,0.5
ttM,14,8,22,0.64
ttN,16,14,30,0.53
ttP,15,12,27,0.56
ttS,15,8,23,0.65
ttb,10,15,25,0.4
tth,1,2,3,0.33
ttl,3,10,13,0.23
ttm,12,10,22,0.55
ttn,10,14,24,0.42
tts,9,5,14,0.64
ttt,4,0,4,1.0
