candlestick_code5,label_increase,label_decrease,occurrence,percentage
BBBBB,70,61,131,0.53
BBBBD,20,33,53,0.38
BBBBN,41,71,112,0.37
BBBBb,63,61,124,0.51
BBBBn,54,63,117,0.46
BBBDB,25,32,57,0.44
BBBDD,11,21,32,0.34
BBBDN,21,30,51,0.41
BBBDb,31,36,67,0.46
BBBDn,35,35,70,0.5
BBBNB,64,47,111,0.58
BBBND,44,32,76,0.58
BBBNN,49,54,103,0.48
BBBNb,65,56,121,0.54
BBBNn,62,63,125,0.5
BBBbB,58,56,114,0.51
BBBbD,34,29,63,0.54
BBBbN,63,50,113,0.56
BBBbb,58,67,125,0.46
BBBbn,57,82,139,0.41
BBBnB,50,47,97,0.52
BBBnD,26,34,60,0.43
BBBnN,77,61,138,0.56
BBBnb,60,65,125,0.48
BBBnn,46,57,103,0.45
BBDBB,30,32,62,0.48
BBDBD,15,20,35,0.43
BBDBN,33,35,68,0.49
BBDBb,41,30,71,0.58
BBDBn,33,41,74,0.45
BBDDB,23,22,45,0.51
BBDDD,20,14,34,0.59
BBDDN,22,18,40,0.55
BBDDb,20,19,39,0.51
BBDDn,15,19,34,0.44
BBDNB,25,34,59,0.42
BBDND,24,22,46,0.52
BBDNN,31,38,69,0.45
BBDNb,30,36,66,0.45
BBDNn,37,23,60,0.62
BBDbB,34,31,65,0.52
BBDbD,25,22,47,0.53
BBDbN,44,49,93,0.47
BBDbb,42,41,83,0.51
BBDbn,43,40,83,0.52
BBDnB,42,30,72,0.58
BBDnD,32,15,47,0.68
BBDnN,29,42,71,0.41
BBDnb,46,37,83,0.55
BBDnn,32,31,63,0.51
BBNBB,56,61,117,0.48
BBNBD,21,22,43,0.49
BBNBN,66,55,121,0.55
BBNBb,52,58,110,0.47
BBNBn,55,51,106,0.52
BBNDB,31,39,70,0.44
BBNDD,29,20,49,0.59
BBNDN,41,49,90,0.46
BBNDb,43,34,77,0.56
BBNDn,32,47,79,0.41
BBNNB,52,48,100,0.52
BBNND,34,46,80,0.42
BBNNN,68,71,139,0.49
BBNNb,57,64,121,0.47
BBNNn,59,77,136,0.43
BBNbB,50,68,118,0.42
BBNbD,38,39,77,0.49
BBNbN,66,72,138,0.48
BBNbb,65,47,112,0.58
BBNbn,55,59,114,0.48
BBNnB,71,50,121,0.59
BBNnD,52,46,98,0.53
BBNnN,82,72,154,0.53
BBNnb,62,62,124,0.5
BBNnn,84,70,154,0.55
BBbBB,52,48,100,0.52
BBbBD,44,34,78,0.56
BBbBN,71,77,148,0.48
BBbBb,54,62,116,0.47
BBbBn,86,64,150,0.57
BBbDB,24,45,69,0.35
BBbDD,24,20,44,0.55
BBbDN,48,31,79,0.61
BBbDb,33,37,70,0.47
BBbDn,46,38,84,0.55
BBbNB,48,37,85,0.56
BBbND,49,39,88,0.56
BBbNN,72,81,153,0.47
BBbNb,71,49,120,0.59
BBbNn,90,95,185,0.49
BBbbB,63,75,138,0.46
BBbbD,42,31,73,0.58
BBbbN,50,72,122,0.41
BBbbb,56,52,108,0.52
BBbbn,76,75,151,0.5
BBbnB,56,55,111,0.5
BBbnD,43,42,85,0.51
BBbnN,70,70,140,0.5
BBbnb,61,70,131,0.47
BBbnn,78,84,162,0.48
BBnBB,52,58,110,0.47
BBnBD,24,31,55,0.44
BBnBN,60,55,115,0.52
BBnBb,49,56,105,0.47
BBnBn,58,67,125,0.46
BBnDB,38,26,64,0.59
BBnDD,23,25,48,0.48
BBnDN,41,42,83,0.49
BBnDb,51,36,87,0.59
BBnDn,42,45,87,0.48
BBnNB,54,50,104,0.52
BBnND,41,43,84,0.49
BBnNN,91,85,176,0.52
BBnNb,74,62,136,0.54
BBnNn,61,74,135,0.45
BBnbB,51,57,108,0.47
BBnbD,29,37,66,0.44
BBnbN,59,66,125,0.47
BBnbb,70,50,120,0.58
BBnbn,76,58,134,0.57
BBnnB,46,61,107,0.43
BBnnD,43,52,95,0.45
BBnnN,51,69,120,0.42
BBnnb,63,48,111,0.57
BBnnn,56,78,134,0.42
BDBBB,29,23,52,0.56
BDBBD,15,18,33,0.45
BDBBN,22,34,56,0.39
BDBBb,51,33,84,0.61
BDBBn,33,25,58,0.57
BDBDB,15,12,27,0.56
BDBDD,12,21,33,0.36
BDBDN,17,15,32,0.53
BDBDb,19,22,41,0.46
BDBDn,23,15,38,0.61
BDBNB,31,31,62,0.5
BDBND,21,19,40,0.52
BDBNN,43,29,72,0.6
BDBNb,41,36,77,0.53
BDBNn,34,44,78,0.44
BDBbB,38,39,77,0.49
BDBbD,17,18,35,0.49
BDBbN,40,37,77,0.52
BDBbb,37,32,69,0.54
BDBbn,29,45,74,0.39
BDBnB,30,40,70,0.43
BDBnD,16,16,32,0.5
BDBnN,41,37,78,0.53
BDBnb,52,28,80,0.65
BDBnn,46,41,87,0.53
BDDBB,20,20,40,0.5
BDDBD,16,19,35,0.46
BDDBN,18,27,45,0.4
BDDBb,26,21,47,0.55
BDDBn,22,18,40,0.55
BDDDB,29,19,48,0.6
BDDDD,14,26,40,0.35
BDDDN,18,18,36,0.5
BDDDb,16,22,38,0.42
BDDDn,12,14,26,0.46
BDDNB,27,24,51,0.53
BDDND,12,18,30,0.4
BDDNN,23,25,48,0.48
BDDNb,31,33,64,0.48
BDDNn,19,18,37,0.51
BDDbB,25,26,51,0.49
BDDbD,16,31,47,0.34
BDDbN,21,26,47,0.45
BDDbb,29,30,59,0.49
BDDbn,26,23,49,0.53
BDDnB,20,19,39,0.51
BDDnD,14,17,31,0.45
BDDnN,27,19,46,0.59
BDDnb,32,20,52,0.62
BDDnn,18,38,56,0.32
BDNBB,32,32,64,0.5
BDNBD,16,14,30,0.53
BDNBN,31,44,75,0.41
BDNBb,37,45,82,0.45
BDNBn,28,39,67,0.42
BDNDB,28,16,44,0.64
BDNDD,16,21,37,0.43
BDNDN,38,28,66,0.58
BDNDb,28,27,55,0.51
BDNDn,30,24,54,0.56
BDNNB,43,41,84,0.51
BDNND,24,30,54,0.44
BDNNN,48,38,86,0.56
BDNNb,43,42,85,0.51
BDNNn,46,47,93,0.49
BDNbB,36,37,73,0.49
BDNbD,24,24,48,0.5
BDNbN,38,37,75,0.51
BDNbb,50,40,90,0.56
BDNbn,39,53,92,0.42
BDNnB,35,32,67,0.52
BDNnD,26,36,62,0.42
BDNnN,30,48,78,0.38
BDNnb,44,41,85,0.52
BDNnn,38,35,73,0.52
BDbBB,42,37,79,0.53
BDbBD,28,25,53,0.53
BDbBN,37,43,80,0.46
BDbBb,56,40,96,0.58
BDbBn,38,36,74,0.51
BDbDB,29,29,58,0.5
BDbDD,12,16,28,0.43
BDbDN,23,31,54,0.43
BDbDb,28,23,51,0.55
BDbDn,25,29,54,0.46
BDbNB,35,42,77,0.45
BDbND,21,28,49,0.43
BDbNN,42,47,89,0.47
BDbNb,40,40,80,0.5
BDbNn,49,60,109,0.45
BDbbB,46,39,85,0.54
BDbbD,19,29,48,0.4
BDbbN,39,53,92,0.42
BDbbb,52,38,90,0.58
BDbbn,35,51,86,0.41
BDbnB,35,31,66,0.53
BDbnD,32,32,64,0.5
BDbnN,38,44,82,0.46
BDbnb,31,44,75,0.41
BDbnn,53,45,98,0.54
BDnBB,43,45,88,0.49
BDnBD,27,23,50,0.54
BDnBN,45,44,89,0.51
BDnBb,48,30,78,0.62
BDnBn,35,25,60,0.58
BDnDB,27,32,59,0.46
BDnDD,18,19,37,0.49
BDnDN,29,29,58,0.5
BDnDb,24,13,37,0.65
BDnDn,30,34,64,0.47
BDnNB,34,34,68,0.5
BDnND,23,28,51,0.45
BDnNN,39,45,84,0.46
BDnNb,42,40,82,0.51
BDnNn,49,50,99,0.49
BDnbB,45,46,91,0.49
BDnbD,31,17,48,0.65
BDnbN,46,38,84,0.55
BDnbb,41,44,85,0.48
BDnbn,51,30,81,0.63
BDnnB,39,38,77,0.51
BDnnD,28,35,63,0.44
BDnnN,44,44,88,0.5
BDnnb,47,41,88,0.53
BDnnn,41,30,71,0.58
BNBBB,59,46,105,0.56
BNBBD,37,25,62,0.6
BNBBN,48,64,112,0.43
BNBBb,71,60,131,0.54
BNBBn,57,66,123,0.46
BNBDB,32,26,58,0.55
BNBDD,15,20,35,0.43
BNBDN,39,33,72,0.54
BNBDb,24,42,66,0.36
BNBDn,40,32,72,0.56
BNBNB,40,65,105,0.38
BNBND,28,33,61,0.46
BNBNN,69,71,140,0.49
BNBNb,48,44,92,0.52
BNBNn,77,56,133,0.58
BNBbB,56,66,122,0.46
BNBbD,30,34,64,0.47
BNBbN,77,71,148,0.52
BNBbb,63,46,109,0.58
BNBbn,53,78,131,0.4
BNBnB,57,53,110,0.52
BNBnD,38,37,75,0.51
BNBnN,69,60,129,0.53
BNBnb,59,45,104,0.57
BNBnn,62,67,129,0.48
BNDBB,33,37,70,0.47
BNDBD,27,22,49,0.55
BNDBN,32,28,60,0.53
BNDBb,39,37,76,0.51
BNDBn,41,43,84,0.49
BNDDB,25,26,51,0.49
BNDDD,31,25,56,0.55
BNDDN,26,30,56,0.46
BNDDb,30,23,53,0.57
BNDDn,26,24,50,0.52
BNDNB,25,34,59,0.42
BNDND,27,31,58,0.47
BNDNN,58,37,95,0.61
BNDNb,41,36,77,0.53
BNDNn,46,43,89,0.52
BNDbB,41,30,71,0.58
BNDbD,21,27,48,0.44
BNDbN,43,34,77,0.56
BNDbb,49,36,85,0.58
BNDbn,37,42,79,0.47
BNDnB,32,46,78,0.41
BNDnD,32,25,57,0.56
BNDnN,53,46,99,0.54
BNDnb,39,45,84,0.46
BNDnn,49,59,108,0.45
BNNBB,46,57,103,0.45
BNNBD,40,35,75,0.53
BNNBN,55,64,119,0.46
BNNBb,74,51,125,0.59
BNNBn,69,52,121,0.57
BNNDB,35,29,64,0.55
BNNDD,31,37,68,0.46
BNNDN,61,40,101,0.6
BNNDb,56,45,101,0.55
BNNDn,47,52,99,0.47
BNNNB,52,57,109,0.48
BNNND,41,54,95,0.43
BNNNN,73,93,166,0.44
BNNNb,87,75,162,0.54
BNNNn,97,92,189,0.51
BNNbB,50,55,105,0.48
BNNbD,43,44,87,0.49
BNNbN,93,65,158,0.59
BNNbb,85,59,144,0.59
BNNbn,63,66,129,0.49
BNNnB,59,68,127,0.46
BNNnD,58,47,105,0.55
BNNnN,71,82,153,0.46
BNNnb,95,67,162,0.59
BNNnn,80,82,162,0.49
BNbBB,54,47,101,0.53
BNbBD,40,43,83,0.48
BNbBN,69,63,132,0.52
BNbBb,77,70,147,0.52
BNbBn,66,61,127,0.52
BNbDB,35,34,69,0.51
BNbDD,23,27,50,0.46
BNbDN,50,38,88,0.57
BNbDb,41,44,85,0.48
BNbDn,42,36,78,0.54
BNbNB,57,49,106,0.54
BNbND,40,50,90,0.44
BNbNN,83,82,165,0.5
BNbNb,71,65,136,0.52
BNbNn,69,78,147,0.47
BNbbB,65,60,125,0.52
BNbbD,31,28,59,0.53
BNbbN,79,90,169,0.47
BNbbb,53,52,105,0.5
BNbbn,73,68,141,0.52
BNbnB,52,62,114,0.46
BNbnD,52,42,94,0.55
BNbnN,64,82,146,0.44
BNbnb,61,40,101,0.6
BNbnn,86,70,156,0.55
BNnBB,53,53,106,0.5
BNnBD,35,44,79,0.44
BNnBN,68,81,149,0.46
BNnBb,52,64,116,0.45
BNnBn,60,72,132,0.45
BNnDB,41,48,89,0.46
BNnDD,24,35,59,0.41
BNnDN,60,53,113,0.53
BNnDb,52,50,102,0.51
BNnDn,57,48,105,0.54
BNnNB,55,67,122,0.45
BNnND,38,56,94,0.4
BNnNN,101,93,194,0.52
BNnNb,76,71,147,0.52
BNnNn,95,100,195,0.49
BNnbB,77,65,142,0.54
BNnbD,47,46,93,0.51
BNnbN,72,69,141,0.51
BNnbb,65,53,118,0.55
BNnbn,94,56,150,0.63
BNnnB,62,72,134,0.46
BNnnD,60,53,113,0.53
BNnnN,97,104,201,0.48
BNnnb,75,59,134,0.56
BNnnn,101,98,199,0.51
BbBBB,62,50,112,0.55
BbBBD,38,37,75,0.51
BbBBN,66,58,124,0.53
BbBBb,62,56,118,0.53
BbBBn,60,62,122,0.49
BbBDB,25,44,69,0.36
BbBDD,26,30,56,0.46
BbBDN,38,44,82,0.46
BbBDb,39,35,74,0.53
BbBDn,46,48,94,0.49
BbBNB,48,55,103,0.47
BbBND,30,46,76,0.39
BbBNN,82,78,160,0.51
BbBNb,76,60,136,0.56
BbBNn,83,89,172,0.48
BbBbB,55,47,102,0.54
BbBbD,34,31,65,0.52
BbBbN,66,72,138,0.48
BbBbb,67,41,108,0.62
BbBbn,75,74,149,0.5
BbBnB,49,60,109,0.45
BbBnD,50,53,103,0.49
BbBnN,77,88,165,0.47
BbBnb,87,60,147,0.59
BbBnn,66,91,157,0.42
BbDBB,32,25,57,0.56
BbDBD,31,20,51,0.61
BbDBN,40,31,71,0.56
BbDBb,44,33,77,0.57
BbDBn,48,35,83,0.58
BbDDB,20,24,44,0.45
BbDDD,20,19,39,0.51
BbDDN,31,20,51,0.61
BbDDb,20,24,44,0.45
BbDDn,29,24,53,0.55
BbDNB,26,40,66,0.39
BbDND,33,20,53,0.62
BbDNN,36,33,69,0.52
BbDNb,40,39,79,0.51
BbDNn,34,42,76,0.45
BbDbB,45,30,75,0.6
BbDbD,18,12,30,0.6
BbDbN,35,32,67,0.52
BbDbb,31,33,64,0.48
BbDbn,31,37,68,0.46
BbDnB,41,42,83,0.49
BbDnD,22,22,44,0.5
BbDnN,45,54,99,0.45
BbDnb,44,53,97,0.45
BbDnn,41,46,87,0.47
BbNBB,47,57,104,0.45
BbNBD,30,37,67,0.45
BbNBN,55,44,99,0.56
BbNBb,63,46,109,0.58
BbNBn,66,61,127,0.52
BbNDB,36,38,74,0.49
BbNDD,30,28,58,0.52
BbNDN,41,55,96,0.43
BbNDb,45,43,88,0.51
BbNDn,53,39,92,0.58
BbNNB,67,53,120,0.56
BbNND,47,58,105,0.45
BbNNN,94,100,194,0.48
BbNNb,83,71,154,0.54
BbNNn,93,120,213,0.44
BbNbB,48,65,113,0.42
BbNbD,41,49,90,0.46
BbNbN,76,78,154,0.49
BbNbb,50,55,105,0.48
BbNbn,84,75,159,0.53
BbNnB,73,67,140,0.52
BbNnD,46,43,89,0.52
BbNnN,106,104,210,0.5
BbNnb,94,78,172,0.55
BbNnn,106,99,205,0.52
BbbBB,52,51,103,0.5
BbbBD,45,35,80,0.56
BbbBN,76,67,143,0.53
BbbBb,85,51,136,0.62
BbbBn,84,66,150,0.56
BbbDB,40,48,88,0.45
BbbDD,24,25,49,0.49
BbbDN,49,30,79,0.62
BbbDb,42,32,74,0.57
BbbDn,39,30,69,0.57
BbbNB,68,38,106,0.64
BbbND,40,32,72,0.56
BbbNN,81,70,151,0.54
BbbNb,79,70,149,0.53
BbbNn,90,71,161,0.56
BbbbB,55,66,121,0.45
BbbbD,35,37,72,0.49
BbbbN,65,51,116,0.56
Bbbbb,62,49,111,0.56
Bbbbn,59,52,111,0.53
BbbnB,71,62,133,0.53
BbbnD,43,33,76,0.57
BbbnN,62,76,138,0.45
Bbbnb,63,53,116,0.54
Bbbnn,69,75,144,0.48
BbnBB,45,53,98,0.46
BbnBD,47,41,88,0.53
BbnBN,74,71,145,0.51
BbnBb,55,57,112,0.49
BbnBn,83,67,150,0.55
BbnDB,44,31,75,0.59
BbnDD,38,34,72,0.53
BbnDN,41,45,86,0.48
BbnDb,46,42,88,0.52
BbnDn,46,55,101,0.46
BbnNB,61,72,133,0.46
BbnND,54,42,96,0.56
BbnNN,73,75,148,0.49
BbnNb,59,65,124,0.48
BbnNn,83,83,166,0.5
BbnbB,61,75,136,0.45
BbnbD,38,27,65,0.58
BbnbN,75,77,152,0.49
Bbnbb,74,58,132,0.56
Bbnbn,80,66,146,0.55
BbnnB,67,75,142,0.47
BbnnD,59,45,104,0.57
BbnnN,80,82,162,0.49
Bbnnb,72,67,139,0.52
Bbnnn,87,86,173,0.5
BnBBB,45,60,105,0.43
BnBBD,23,29,52,0.44
BnBBN,53,60,113,0.47
BnBBb,62,57,119,0.52
BnBBn,72,64,136,0.53
BnBDB,27,29,56,0.48
BnBDD,23,29,52,0.44
BnBDN,33,32,65,0.51
BnBDb,36,33,69,0.52
BnBDn,41,41,82,0.5
BnBNB,55,53,108,0.51
BnBND,33,33,66,0.5
BnBNN,58,65,123,0.47
BnBNb,69,52,121,0.57
BnBNn,61,68,129,0.47
BnBbB,39,58,97,0.4
BnBbD,33,35,68,0.49
BnBbN,58,63,121,0.48
BnBbb,67,48,115,0.58
BnBbn,56,55,111,0.5
BnBnB,49,50,99,0.49
BnBnD,37,39,76,0.49
BnBnN,77,74,151,0.51
BnBnb,76,57,133,0.57
BnBnn,77,57,134,0.57
BnDBB,37,37,74,0.5
BnDBD,23,19,42,0.55
BnDBN,24,40,64,0.38
BnDBb,46,32,78,0.59
BnDBn,31,28,59,0.53
BnDDB,31,30,61,0.51
BnDDD,22,17,39,0.56
BnDDN,24,29,53,0.45
BnDDb,30,41,71,0.42
BnDDn,20,30,50,0.4
BnDNB,42,36,78,0.54
BnDND,30,31,61,0.49
BnDNN,41,47,88,0.47
BnDNb,54,30,84,0.64
BnDNn,45,53,98,0.46
BnDbB,58,50,108,0.54
BnDbD,21,29,50,0.42
BnDbN,41,55,96,0.43
BnDbb,49,42,91,0.54
BnDbn,57,45,102,0.56
BnDnB,45,35,80,0.56
BnDnD,31,35,66,0.47
BnDnN,49,47,96,0.51
BnDnb,42,44,86,0.49
BnDnn,64,48,112,0.57
BnNBB,55,61,116,0.47
BnNBD,26,37,63,0.41
BnNBN,64,73,137,0.47
BnNBb,54,54,108,0.5
BnNBn,61,68,129,0.47
BnNDB,40,44,84,0.48
BnNDD,41,37,78,0.53
BnNDN,53,54,107,0.5
BnNDb,53,43,96,0.55
BnNDn,55,65,120,0.46
BnNNB,61,72,133,0.46
BnNND,47,48,95,0.49
BnNNN,99,81,180,0.55
BnNNb,77,65,142,0.54
BnNNn,95,92,187,0.51
BnNbB,82,67,149,0.55
BnNbD,42,50,92,0.46
BnNbN,80,70,150,0.53
BnNbb,91,79,170,0.54
BnNbn,61,62,123,0.5
BnNnB,66,74,140,0.47
BnNnD,50,61,111,0.45
BnNnN,101,90,191,0.53
BnNnb,104,86,190,0.55
BnNnn,98,90,188,0.52
BnbBB,56,54,110,0.51
BnbBD,27,45,72,0.38
BnbBN,70,68,138,0.51
BnbBb,62,54,116,0.53
BnbBn,82,61,143,0.57
BnbDB,32,38,70,0.46
BnbDD,30,19,49,0.61
BnbDN,40,37,77,0.52
BnbDb,43,34,77,0.56
BnbDn,38,35,73,0.52
BnbNB,59,65,124,0.48
BnbND,46,30,76,0.61
BnbNN,85,59,144,0.59
BnbNb,76,69,145,0.52
BnbNn,86,69,155,0.55
BnbbB,69,58,127,0.54
BnbbD,30,37,67,0.45
BnbbN,78,59,137,0.57
Bnbbb,74,60,134,0.55
Bnbbn,62,52,114,0.54
BnbnB,64,71,135,0.47
BnbnD,41,42,83,0.49
BnbnN,80,87,167,0.48
Bnbnb,61,55,116,0.53
Bnbnn,75,61,136,0.55
BnnBB,50,51,101,0.5
BnnBD,51,30,81,0.63
BnnBN,62,55,117,0.53
BnnBb,52,65,117,0.44
BnnBn,63,85,148,0.43
BnnDB,31,44,75,0.41
BnnDD,28,28,56,0.5
BnnDN,52,51,103,0.5
BnnDb,55,44,99,0.56
BnnDn,59,46,105,0.56
BnnNB,58,67,125,0.46
BnnND,63,65,128,0.49
BnnNN,81,79,160,0.51
BnnNb,63,70,133,0.47
BnnNn,108,89,197,0.55
BnnbB,76,67,143,0.53
BnnbD,45,40,85,0.53
BnnbN,81,68,149,0.54
Bnnbb,68,59,127,0.54
Bnnbn,63,67,130,0.48
BnnnB,63,54,117,0.54
BnnnD,51,61,112,0.46
BnnnN,97,95,192,0.51
Bnnnb,87,69,156,0.56
Bnnnn,110,97,207,0.53
DBBBB,43,37,80,0.54
DBBBD,14,27,41,0.34
DBBBN,37,42,79,0.47
DBBBb,53,51,104,0.51
DBBBn,33,29,62,0.53
DBBDB,21,23,44,0.48
DBBDD,17,11,28,0.61
DBBDN,24,17,41,0.59
DBBDb,28,24,52,0.54
DBBDn,18,24,42,0.43
DBBNB,35,31,66,0.53
DBBND,28,24,52,0.54
DBBNN,34,38,72,0.47
DBBNb,55,34,89,0.62
DBBNn,33,45,78,0.42
DBBbB,50,50,100,0.5
DBBbD,25,32,57,0.44
DBBbN,40,49,89,0.45
DBBbb,46,46,92,0.5
DBBbn,42,39,81,0.52
DBBnB,38,28,66,0.58
DBBnD,28,26,54,0.52
DBBnN,39,38,77,0.51
DBBnb,39,46,85,0.46
DBBnn,44,34,78,0.56
DBDBB,22,24,46,0.48
DBDBD,7,8,15,0.47
DBDBN,18,24,42,0.43
DBDBb,23,21,44,0.52
DBDBn,22,32,54,0.41
DBDDB,12,16,28,0.43
DBDDD,17,14,31,0.55
DBDDN,11,15,26,0.42
DBDDb,17,24,41,0.41
DBDDn,8,13,21,0.38
DBDNB,33,28,61,0.54
DBDND,15,17,32,0.47
DBDNN,28,24,52,0.54
DBDNb,27,25,52,0.52
DBDNn,23,25,48,0.48
DBDbB,32,38,70,0.46
DBDbD,24,15,39,0.62
DBDbN,18,24,42,0.43
DBDbb,44,27,71,0.62
DBDbn,24,26,50,0.48
DBDnB,24,19,43,0.56
DBDnD,12,25,37,0.32
DBDnN,22,21,43,0.51
DBDnb,24,18,42,0.57
DBDnn,24,26,50,0.48
DBNBB,32,35,67,0.48
DBNBD,20,17,37,0.54
DBNBN,31,33,64,0.48
DBNBb,39,37,76,0.51
DBNBn,47,37,84,0.56
DBNDB,28,17,45,0.62
DBNDD,22,12,34,0.65
DBNDN,21,28,49,0.43
DBNDb,20,32,52,0.38
DBNDn,22,26,48,0.46
DBNNB,38,41,79,0.48
DBNND,24,25,49,0.49
DBNNN,51,47,98,0.52
DBNNb,46,33,79,0.58
DBNNn,35,49,84,0.42
DBNbB,37,48,85,0.44
DBNbD,20,20,40,0.5
DBNbN,36,42,78,0.46
DBNbb,43,40,83,0.52
DBNbn,42,26,68,0.62
DBNnB,40,39,79,0.51
DBNnD,30,28,58,0.52
DBNnN,33,34,67,0.49
DBNnb,43,39,82,0.52
DBNnn,52,42,94,0.55
DBbBB,55,41,96,0.57
DBbBD,29,30,59,0.49
DBbBN,46,48,94,0.49
DBbBb,61,43,104,0.59
DBbBn,43,54,97,0.44
DBbDB,18,30,48,0.38
DBbDD,15,15,30,0.5
DBbDN,24,36,60,0.4
DBbDb,26,24,50,0.52
DBbDn,24,27,51,0.47
DBbNB,18,47,65,0.28
DBbND,22,32,54,0.41
DBbNN,51,51,102,0.5
DBbNb,57,33,90,0.63
DBbNn,54,50,104,0.52
DBbbB,43,45,88,0.49
DBbbD,31,25,56,0.55
DBbbN,47,62,109,0.43
DBbbb,49,35,84,0.58
DBbbn,47,32,79,0.59
DBbnB,47,41,88,0.53
DBbnD,25,33,58,0.43
DBbnN,40,30,70,0.57
DBbnb,49,49,98,0.5
DBbnn,45,37,82,0.55
DBnBB,39,54,93,0.42
DBnBD,24,20,44,0.55
DBnBN,31,32,63,0.49
DBnBb,37,43,80,0.46
DBnBn,46,30,76,0.61
DBnDB,17,21,38,0.45
DBnDD,16,17,33,0.48
DBnDN,27,19,46,0.59
DBnDb,34,27,61,0.56
DBnDn,27,19,46,0.59
DBnNB,37,31,68,0.54
DBnND,29,32,61,0.48
DBnNN,33,34,67,0.49
DBnNb,38,45,83,0.46
DBnNn,52,50,102,0.51
DBnbB,49,42,91,0.54
DBnbD,24,25,49,0.49
DBnbN,37,47,84,0.44
DBnbb,55,45,100,0.55
DBnbn,44,35,79,0.56
DBnnB,38,39,77,0.49
DBnnD,20,23,43,0.47
DBnnN,51,48,99,0.52
DBnnb,53,42,95,0.56
DBnnn,41,45,86,0.48
DDBBB,40,32,72,0.56
DDBBD,21,18,39,0.54
DDBBN,26,36,62,0.42
DDBBb,34,38,72,0.47
DDBBn,29,29,58,0.5
DDBDB,16,17,33,0.48
DDBDD,10,14,24,0.42
DDBDN,18,20,38,0.47
DDBDb,16,28,44,0.36
DDBDn,17,15,32,0.53
DDBNB,22,27,49,0.45
DDBND,20,18,38,0.53
DDBNN,23,19,42,0.55
DDBNb,28,24,52,0.54
DDBNn,20,27,47,0.43
DDBbB,24,32,56,0.43
DDBbD,19,17,36,0.53
DDBbN,31,33,64,0.48
DDBbb,48,27,75,0.64
DDBbn,30,27,57,0.53
DDBnB,36,27,63,0.57
DDBnD,18,15,33,0.55
DDBnN,19,25,44,0.43
DDBnb,22,35,57,0.39
DDBnn,26,18,44,0.59
DDDBB,37,24,61,0.61
DDDBD,16,9,25,0.64
DDDBN,27,20,47,0.57
DDDBb,28,26,54,0.52
DDDBn,14,24,38,0.37
DDDDB,17,22,39,0.44
DDDDD,13,14,27,0.48
DDDDN,10,17,27,0.37
DDDDb,24,18,42,0.57
DDDDn,23,15,38,0.61
DDDNB,21,28,49,0.43
DDDND,10,14,24,0.42
DDDNN,19,17,36,0.53
DDDNb,32,24,56,0.57
DDDNn,24,17,41,0.59
DDDbB,29,31,60,0.48
DDDbD,19,15,34,0.56
DDDbN,27,25,52,0.52
DDDbb,28,27,55,0.51
DDDbn,20,12,32,0.62
DDDnB,19,19,38,0.5
DDDnD,19,12,31,0.61
DDDnN,13,20,33,0.39
DDDnb,19,23,42,0.45
DDDnn,16,19,35,0.46
DDNBB,23,28,51,0.45
DDNBD,16,20,36,0.44
DDNBN,26,33,59,0.44
DDNBb,31,29,60,0.52
DDNBn,25,39,64,0.39
DDNDB,14,22,36,0.39
DDNDD,17,17,34,0.5
DDNDN,16,20,36,0.44
DDNDb,28,20,48,0.58
DDNDn,19,14,33,0.58
DDNNB,39,25,64,0.61
DDNND,18,22,40,0.45
DDNNN,23,21,44,0.52
DDNNb,31,35,66,0.47
DDNNn,30,30,60,0.5
DDNbB,42,40,82,0.51
DDNbD,21,12,33,0.64
DDNbN,32,25,57,0.56
DDNbb,35,38,73,0.48
DDNbn,33,30,63,0.52
DDNnB,23,17,40,0.57
DDNnD,18,16,34,0.53
DDNnN,25,29,54,0.46
DDNnb,34,24,58,0.59
DDNnn,22,24,46,0.48
DDbBB,40,48,88,0.45
DDbBD,26,14,40,0.65
DDbBN,30,26,56,0.54
DDbBb,49,44,93,0.53
DDbBn,29,26,55,0.53
DDbDB,19,17,36,0.53
DDbDD,10,21,31,0.32
DDbDN,18,13,31,0.58
DDbDb,25,24,49,0.51
DDbDn,26,24,50,0.52
DDbNB,30,26,56,0.54
DDbND,24,23,47,0.51
DDbNN,21,25,46,0.46
DDbNb,39,32,71,0.55
DDbNn,34,24,58,0.59
DDbbB,37,59,96,0.39
DDbbD,18,24,42,0.43
DDbbN,30,30,60,0.5
DDbbb,50,39,89,0.56
DDbbn,27,35,62,0.44
DDbnB,31,27,58,0.53
DDbnD,14,17,31,0.45
DDbnN,27,29,56,0.48
DDbnb,30,22,52,0.58
DDbnn,22,21,43,0.51
DDnBB,19,29,48,0.4
DDnBD,23,17,40,0.57
DDnBN,32,22,54,0.59
DDnBb,26,27,53,0.49
DDnBn,26,23,49,0.53
DDnDB,17,19,36,0.47
DDnDD,15,11,26,0.58
DDnDN,20,23,43,0.47
DDnDb,19,21,40,0.48
DDnDn,23,18,41,0.56
DDnNB,23,30,53,0.43
DDnND,10,11,21,0.48
DDnNN,24,28,52,0.46
DDnNb,28,28,56,0.5
DDnNn,34,18,52,0.65
DDnbB,37,32,69,0.54
DDnbD,17,20,37,0.46
DDnbN,33,33,66,0.5
DDnbb,42,34,76,0.55
DDnbn,34,24,58,0.59
DDnnB,15,32,47,0.32
DDnnD,22,17,39,0.56
DDnnN,16,24,40,0.4
DDnnb,37,32,69,0.54
DDnnn,30,28,58,0.52
DNBBB,24,44,68,0.35
DNBBD,24,27,51,0.47
DNBBN,30,44,74,0.41
DNBBb,54,43,97,0.56
DNBBn,40,42,82,0.49
DNBDB,32,26,58,0.55
DNBDD,19,13,32,0.59
DNBDN,19,21,40,0.48
DNBDb,28,23,51,0.55
DNBDn,21,26,47,0.45
DNBNB,38,32,70,0.54
DNBND,23,23,46,0.5
DNBNN,37,35,72,0.51
DNBNb,49,45,94,0.52
DNBNn,37,39,76,0.49
DNBbB,52,37,89,0.58
DNBbD,24,17,41,0.59
DNBbN,47,35,82,0.57
DNBbb,53,40,93,0.57
DNBbn,43,48,91,0.47
DNBnB,44,32,76,0.58
DNBnD,24,26,50,0.48
DNBnN,46,44,90,0.51
DNBnb,48,37,85,0.56
DNBnn,48,47,95,0.51
DNDBB,34,24,58,0.59
DNDBD,17,22,39,0.44
DNDBN,21,23,44,0.48
DNDBb,43,31,74,0.58
DNDBn,14,28,42,0.33
DNDDB,30,18,48,0.62
DNDDD,10,16,26,0.38
DNDDN,12,19,31,0.39
DNDDb,22,22,44,0.5
DNDDn,17,20,37,0.46
DNDNB,29,29,58,0.5
DNDND,13,19,32,0.41
DNDNN,32,26,58,0.55
DNDNb,34,29,63,0.54
DNDNn,25,27,52,0.48
DNDbB,31,37,68,0.46
DNDbD,25,22,47,0.53
DNDbN,36,25,61,0.59
DNDbb,28,46,74,0.38
DNDbn,35,25,60,0.58
DNDnB,25,34,59,0.42
DNDnD,19,21,40,0.48
DNDnN,21,31,52,0.4
DNDnb,27,32,59,0.46
DNDnn,32,31,63,0.51
DNNBB,46,28,74,0.62
DNNBD,20,17,37,0.54
DNNBN,45,47,92,0.49
DNNBb,47,48,95,0.49
DNNBn,52,38,90,0.58
DNNDB,24,35,59,0.41
DNNDD,23,20,43,0.53
DNNDN,25,22,47,0.53
DNNDb,42,32,74,0.57
DNNDn,40,32,72,0.56
DNNNB,41,33,74,0.55
DNNND,37,32,69,0.54
DNNNN,46,37,83,0.55
DNNNb,54,46,100,0.54
DNNNn,43,43,86,0.5
DNNbB,53,44,97,0.55
DNNbD,22,23,45,0.49
DNNbN,59,36,95,0.62
DNNbb,58,31,89,0.65
DNNbn,44,51,95,0.46
DNNnB,36,41,77,0.47
DNNnD,28,33,61,0.46
DNNnN,53,49,102,0.52
DNNnb,50,46,96,0.52
DNNnn,43,53,96,0.45
DNbBB,49,43,92,0.53
DNbBD,32,29,61,0.52
DNbBN,40,45,85,0.47
DNbBb,48,46,94,0.51
DNbBn,45,41,86,0.52
DNbDB,28,33,61,0.46
DNbDD,16,20,36,0.44
DNbDN,21,27,48,0.44
DNbDb,33,24,57,0.58
DNbDn,30,24,54,0.56
DNbNB,48,44,92,0.52
DNbND,24,24,48,0.5
DNbNN,48,38,86,0.56
DNbNb,34,42,76,0.45
DNbNn,57,48,105,0.54
DNbbB,50,45,95,0.53
DNbbD,29,26,55,0.53
DNbbN,47,42,89,0.53
DNbbb,68,41,109,0.62
DNbbn,43,35,78,0.55
DNbnB,48,41,89,0.54
DNbnD,27,23,50,0.54
DNbnN,36,46,82,0.44
DNbnb,49,46,95,0.52
DNbnn,47,54,101,0.47
DNnBB,33,34,67,0.49
DNnBD,24,23,47,0.51
DNnBN,33,40,73,0.45
DNnBb,40,38,78,0.51
DNnBn,44,32,76,0.58
DNnDB,28,28,56,0.5
DNnDD,24,20,44,0.55
DNnDN,26,23,49,0.53
DNnDb,30,39,69,0.43
DNnDn,23,41,64,0.36
DNnNB,40,38,78,0.51
DNnND,31,40,71,0.44
DNnNN,45,45,90,0.5
DNnNb,49,46,95,0.52
DNnNn,57,59,116,0.49
DNnbB,55,48,103,0.53
DNnbD,28,20,48,0.58
DNnbN,46,52,98,0.47
DNnbb,48,46,94,0.51
DNnbn,34,51,85,0.4
DNnnB,37,47,84,0.44
DNnnD,30,41,71,0.42
DNnnN,44,50,94,0.47
DNnnb,57,52,109,0.52
DNnnn,48,44,92,0.52
DbBBB,52,43,95,0.55
DbBBD,26,27,53,0.49
DbBBN,44,53,97,0.45
DbBBb,64,46,110,0.58
DbBBn,53,52,105,0.5
DbBDB,30,26,56,0.54
DbBDD,18,20,38,0.47
DbBDN,36,39,75,0.48
DbBDb,42,27,69,0.61
DbBDn,24,27,51,0.47
DbBNB,55,52,107,0.51
DbBND,23,20,43,0.53
DbBNN,45,43,88,0.51
DbBNb,43,47,90,0.48
DbBNn,53,52,105,0.5
DbBbB,67,63,130,0.52
DbBbD,31,24,55,0.56
DbBbN,61,66,127,0.48
DbBbb,54,45,99,0.55
DbBbn,38,51,89,0.43
DbBnB,44,54,98,0.45
DbBnD,34,26,60,0.57
DbBnN,48,44,92,0.52
DbBnb,55,47,102,0.54
DbBnn,48,46,94,0.51
DbDBB,30,34,64,0.47
DbDBD,22,17,39,0.56
DbDBN,30,24,54,0.56
DbDBb,39,31,70,0.56
DbDBn,20,19,39,0.51
DbDDB,19,24,43,0.44
DbDDD,10,5,15,0.67
DbDDN,11,14,25,0.44
DbDDb,18,19,37,0.49
DbDDn,11,20,31,0.35
DbDNB,26,29,55,0.47
DbDND,14,18,32,0.44
DbDNN,24,28,52,0.46
DbDNb,27,19,46,0.59
DbDNn,30,23,53,0.57
DbDbB,45,40,85,0.53
DbDbD,15,13,28,0.54
DbDbN,21,28,49,0.43
DbDbb,40,32,72,0.56
DbDbn,29,38,67,0.43
DbDnB,37,28,65,0.57
DbDnD,11,18,29,0.38
DbDnN,22,31,53,0.42
DbDnb,34,21,55,0.62
DbDnn,26,27,53,0.49
DbNBB,39,42,81,0.48
DbNBD,14,27,41,0.34
DbNBN,47,40,87,0.54
DbNBb,52,56,108,0.48
DbNBn,47,35,82,0.57
DbNDB,29,28,57,0.51
DbNDD,19,21,40,0.48
DbNDN,20,30,50,0.4
DbNDb,43,23,66,0.65
DbNDn,31,35,66,0.47
DbNNB,41,45,86,0.48
DbNND,28,28,56,0.5
DbNNN,51,34,85,0.6
DbNNb,49,50,99,0.49
DbNNn,54,43,97,0.56
DbNbB,52,32,84,0.62
DbNbD,27,25,52,0.52
DbNbN,41,47,88,0.47
DbNbb,55,36,91,0.6
DbNbn,44,53,97,0.45
DbNnB,59,44,103,0.57
DbNnD,35,26,61,0.57
DbNnN,41,49,90,0.46
DbNnb,59,45,104,0.57
DbNnn,50,37,87,0.57
DbbBB,67,54,121,0.55
DbbBD,34,35,69,0.49
DbbBN,48,57,105,0.46
DbbBb,63,54,117,0.54
DbbBn,51,52,103,0.5
DbbDB,27,24,51,0.53
DbbDD,12,18,30,0.4
DbbDN,27,28,55,0.49
DbbDb,39,30,69,0.57
DbbDn,24,23,47,0.51
DbbNB,58,37,95,0.61
DbbND,27,33,60,0.45
DbbNN,44,41,85,0.52
DbbNb,47,52,99,0.47
DbbNn,59,44,103,0.57
DbbbB,57,72,129,0.44
DbbbD,32,27,59,0.54
DbbbN,54,60,114,0.47
Dbbbb,61,46,107,0.57
Dbbbn,60,59,119,0.5
DbbnB,43,36,79,0.54
DbbnD,30,19,49,0.61
DbbnN,46,44,90,0.51
Dbbnb,51,54,105,0.49
Dbbnn,46,48,94,0.49
DbnBB,40,43,83,0.48
DbnBD,22,33,55,0.4
DbnBN,39,47,86,0.45
DbnBb,39,32,71,0.55
DbnBn,53,37,90,0.59
DbnDB,24,36,60,0.4
DbnDD,13,19,32,0.41
DbnDN,24,31,55,0.44
DbnDb,33,31,64,0.52
DbnDn,30,30,60,0.5
DbnNB,34,43,77,0.44
DbnND,12,32,44,0.27
DbnNN,42,40,82,0.51
DbnNb,50,37,87,0.57
DbnNn,37,62,99,0.37
DbnbB,49,48,97,0.51
DbnbD,24,29,53,0.45
DbnbN,51,40,91,0.56
Dbnbb,55,47,102,0.54
Dbnbn,38,39,77,0.49
DbnnB,44,43,87,0.51
DbnnD,35,31,66,0.53
DbnnN,35,42,77,0.45
Dbnnb,51,45,96,0.53
Dbnnn,53,39,92,0.58
DnBBB,40,37,77,0.52
DnBBD,16,31,47,0.34
DnBBN,36,43,79,0.46
DnBBb,64,36,100,0.64
DnBBn,37,35,72,0.51
DnBDB,29,27,56,0.52
DnBDD,15,15,30,0.5
DnBDN,23,28,51,0.45
DnBDb,32,28,60,0.53
DnBDn,29,19,48,0.6
DnBNB,34,41,75,0.45
DnBND,29,26,55,0.53
DnBNN,47,43,90,0.52
DnBNb,47,33,80,0.59
DnBNn,40,40,80,0.5
DnBbB,43,38,81,0.53
DnBbD,27,28,55,0.49
DnBbN,49,54,103,0.48
DnBbb,50,50,100,0.5
DnBbn,46,42,88,0.52
DnBnB,37,41,78,0.47
DnBnD,25,31,56,0.45
DnBnN,35,46,81,0.43
DnBnb,41,35,76,0.54
DnBnn,38,40,78,0.49
DnDBB,30,40,70,0.43
DnDBD,17,20,37,0.46
DnDBN,26,27,53,0.49
DnDBb,41,31,72,0.57
DnDBn,30,30,60,0.5
DnDDB,20,28,48,0.42
DnDDD,12,11,23,0.52
DnDDN,24,17,41,0.59
DnDDb,26,24,50,0.52
DnDDn,19,31,50,0.38
DnDNB,25,24,49,0.51
DnDND,16,14,30,0.53
DnDNN,30,33,63,0.48
DnDNb,32,34,66,0.48
DnDNn,25,31,56,0.45
DnDbB,36,28,64,0.56
DnDbD,16,24,40,0.4
DnDbN,33,31,64,0.52
DnDbb,32,34,66,0.48
DnDbn,32,27,59,0.54
DnDnB,27,34,61,0.44
DnDnD,17,24,41,0.41
DnDnN,31,39,70,0.44
DnDnb,25,29,54,0.46
DnDnn,29,25,54,0.54
DnNBB,48,45,93,0.52
DnNBD,27,23,50,0.54
DnNBN,28,35,63,0.44
DnNBb,51,45,96,0.53
DnNBn,40,43,83,0.48
DnNDB,29,29,58,0.5
DnNDD,15,25,40,0.38
DnNDN,19,29,48,0.4
DnNDb,30,30,60,0.5
DnNDn,27,37,64,0.42
DnNNB,40,52,92,0.43
DnNND,37,43,80,0.46
DnNNN,42,60,102,0.41
DnNNb,55,40,95,0.58
DnNNn,56,59,115,0.49
DnNbB,42,56,98,0.43
DnNbD,24,30,54,0.44
DnNbN,57,45,102,0.56
DnNbb,54,51,105,0.51
DnNbn,51,42,93,0.55
DnNnB,41,54,95,0.43
DnNnD,28,30,58,0.48
DnNnN,48,58,106,0.45
DnNnb,43,59,102,0.42
DnNnn,60,64,124,0.48
DnbBB,46,62,108,0.43
DnbBD,29,34,63,0.46
DnbBN,48,39,87,0.55
DnbBb,58,55,113,0.51
DnbBn,46,40,86,0.53
DnbDB,22,32,54,0.41
DnbDD,13,8,21,0.62
DnbDN,29,23,52,0.56
DnbDb,34,30,64,0.53
DnbDn,25,28,53,0.47
DnbNB,45,37,82,0.55
DnbND,34,25,59,0.58
DnbNN,47,46,93,0.51
DnbNb,61,37,98,0.62
DnbNn,42,34,76,0.55
DnbbB,56,37,93,0.6
DnbbD,31,32,63,0.49
DnbbN,38,52,90,0.42
Dnbbb,73,57,130,0.56
Dnbbn,56,39,95,0.59
DnbnB,59,46,105,0.56
DnbnD,34,22,56,0.61
DnbnN,48,32,80,0.6
Dnbnb,57,44,101,0.56
Dnbnn,43,28,71,0.61
DnnBB,36,36,72,0.5
DnnBD,35,33,68,0.51
DnnBN,40,37,77,0.52
DnnBb,56,52,108,0.52
DnnBn,37,45,82,0.45
DnnDB,34,34,68,0.5
DnnDD,17,20,37,0.46
DnnDN,34,28,62,0.55
DnnDb,39,29,68,0.57
DnnDn,24,38,62,0.39
DnnNB,42,44,86,0.49
DnnND,27,33,60,0.45
DnnNN,47,54,101,0.47
DnnNb,47,42,89,0.53
DnnNn,54,50,104,0.52
DnnbB,58,51,109,0.53
DnnbD,31,27,58,0.53
DnnbN,57,51,108,0.53
Dnnbb,67,42,109,0.61
Dnnbn,39,44,83,0.47
DnnnB,50,41,91,0.55
DnnnD,39,39,78,0.5
DnnnN,42,47,89,0.47
Dnnnb,46,37,83,0.55
Dnnnn,42,44,86,0.49
NBBBB,55,66,121,0.45
NBBBD,32,24,56,0.57
NBBBN,54,42,96,0.56
NBBBb,58,66,124,0.47
NBBBn,51,43,94,0.54
NBBDB,36,38,74,0.49
NBBDD,15,16,31,0.48
NBBDN,25,40,65,0.38
NBBDb,55,29,84,0.65
NBBDn,40,30,70,0.57
NBBNB,53,45,98,0.54
NBBND,41,36,77,0.53
NBBNN,57,66,123,0.46
NBBNb,64,64,128,0.5
NBBNn,78,57,135,0.58
NBBbB,63,58,121,0.52
NBBbD,49,39,88,0.56
NBBbN,64,85,149,0.43
NBBbb,69,59,128,0.54
NBBbn,58,71,129,0.45
NBBnB,51,64,115,0.44
NBBnD,40,43,83,0.48
NBBnN,57,72,129,0.44
NBBnb,54,61,115,0.47
NBBnn,65,67,132,0.49
NBDBB,24,26,50,0.48
NBDBD,15,14,29,0.52
NBDBN,36,28,64,0.56
NBDBb,41,26,67,0.61
NBDBn,34,31,65,0.52
NBDDB,24,18,42,0.57
NBDDD,23,17,40,0.57
NBDDN,26,22,48,0.54
NBDDb,30,24,54,0.56
NBDDn,22,21,43,0.51
NBDNB,32,33,65,0.49
NBDND,26,30,56,0.46
NBDNN,43,38,81,0.53
NBDNb,35,40,75,0.47
NBDNn,35,38,73,0.48
NBDbB,33,39,72,0.46
NBDbD,26,20,46,0.57
NBDbN,41,39,80,0.51
NBDbb,39,47,86,0.45
NBDbn,46,36,82,0.56
NBDnB,45,32,77,0.58
NBDnD,24,24,48,0.5
NBDnN,45,39,84,0.54
NBDnb,42,46,88,0.48
NBDnn,47,41,88,0.53
NBNBB,61,58,119,0.51
NBNBD,33,35,68,0.49
NBNBN,57,53,110,0.52
NBNBb,70,56,126,0.56
NBNBn,67,58,125,0.54
NBNDB,32,35,67,0.48
NBNDD,20,19,39,0.51
NBNDN,30,42,72,0.42
NBNDb,37,40,77,0.48
NBNDn,54,46,100,0.54
NBNNB,68,43,111,0.61
NBNND,41,55,96,0.43
NBNNN,68,66,134,0.51
NBNNb,80,64,144,0.56
NBNNn,87,73,160,0.54
NBNbB,73,66,139,0.53
NBNbD,39,34,73,0.53
NBNbN,82,66,148,0.55
NBNbb,71,59,130,0.55
NBNbn,74,51,125,0.59
NBNnB,65,60,125,0.52
NBNnD,51,52,103,0.5
NBNnN,69,92,161,0.43
NBNnb,82,54,136,0.6
NBNnn,80,85,165,0.48
NBbBB,56,57,113,0.5
NBbBD,34,45,79,0.43
NBbBN,57,67,124,0.46
NBbBb,67,60,127,0.53
NBbBn,76,75,151,0.5
NBbDB,34,32,66,0.52
NBbDD,27,20,47,0.57
NBbDN,34,40,74,0.46
NBbDb,37,30,67,0.55
NBbDn,33,39,72,0.46
NBbNB,60,62,122,0.49
NBbND,34,36,70,0.49
NBbNN,95,85,180,0.53
NBbNb,63,75,138,0.46
NBbNn,78,86,164,0.48
NBbbB,56,66,122,0.46
NBbbD,38,39,77,0.49
NBbbN,56,76,132,0.42
NBbbb,50,66,116,0.43
NBbbn,67,68,135,0.5
NBbnB,59,68,127,0.46
NBbnD,39,47,86,0.45
NBbnN,66,81,147,0.45
NBbnb,70,51,121,0.58
NBbnn,78,83,161,0.48
NBnBB,48,58,106,0.45
NBnBD,36,30,66,0.55
NBnBN,55,63,118,0.47
NBnBb,55,54,109,0.5
NBnBn,53,62,115,0.46
NBnDB,33,39,72,0.46
NBnDD,36,41,77,0.47
NBnDN,42,42,84,0.5
NBnDb,54,42,96,0.56
NBnDn,51,37,88,0.58
NBnNB,64,60,124,0.52
NBnND,51,52,103,0.5
NBnNN,70,84,154,0.45
NBnNb,90,66,156,0.58
NBnNn,85,78,163,0.52
NBnbB,53,62,115,0.46
NBnbD,46,38,84,0.55
NBnbN,64,76,140,0.46
NBnbb,54,52,106,0.51
NBnbn,71,60,131,0.54
NBnnB,52,72,124,0.42
NBnnD,50,38,88,0.57
NBnnN,89,82,171,0.52
NBnnb,73,54,127,0.57
NBnnn,87,84,171,0.51
NDBBB,37,38,75,0.49
NDBBD,29,20,49,0.59
NDBBN,35,46,81,0.43
NDBBb,48,42,90,0.53
NDBBn,33,38,71,0.46
NDBDB,19,26,45,0.42
NDBDD,14,13,27,0.52
NDBDN,23,30,53,0.43
NDBDb,37,27,64,0.58
NDBDn,22,25,47,0.47
NDBNB,36,38,74,0.49
NDBND,22,34,56,0.39
NDBNN,44,43,87,0.51
NDBNb,43,37,80,0.54
NDBNn,39,47,86,0.45
NDBbB,51,48,99,0.52
NDBbD,27,21,48,0.56
NDBbN,37,53,90,0.41
NDBbb,61,39,100,0.61
NDBbn,44,45,89,0.49
NDBnB,37,39,76,0.49
NDBnD,23,35,58,0.4
NDBnN,41,46,87,0.47
NDBnb,52,31,83,0.63
NDBnn,55,53,108,0.51
NDDBB,36,38,74,0.49
NDDBD,22,23,45,0.49
NDDBN,20,19,39,0.51
NDDBb,30,29,59,0.51
NDDBn,31,27,58,0.53
NDDDB,32,20,52,0.62
NDDDD,17,19,36,0.47
NDDDN,33,20,53,0.62
NDDDb,38,23,61,0.62
NDDDn,24,22,46,0.52
NDDNB,32,33,65,0.49
NDDND,17,23,40,0.42
NDDNN,30,27,57,0.53
NDDNb,34,38,72,0.47
NDDNn,27,36,63,0.43
NDDbB,41,42,83,0.49
NDDbD,15,17,32,0.47
NDDbN,29,27,56,0.52
NDDbb,49,41,90,0.54
NDDbn,24,24,48,0.5
NDDnB,28,27,55,0.51
NDDnD,20,21,41,0.49
NDDnN,39,25,64,0.61
NDDnb,34,29,63,0.54
NDDnn,21,34,55,0.38
NDNBB,35,53,88,0.4
NDNBD,30,24,54,0.56
NDNBN,38,36,74,0.51
NDNBb,49,39,88,0.56
NDNBn,48,35,83,0.58
NDNDB,26,35,61,0.43
NDNDD,23,20,43,0.53
NDNDN,34,28,62,0.55
NDNDb,33,37,70,0.47
NDNDn,30,32,62,0.48
NDNNB,36,49,85,0.42
NDNND,38,39,77,0.49
NDNNN,42,63,105,0.4
NDNNb,48,43,91,0.53
NDNNn,49,45,94,0.52
NDNbB,47,51,98,0.48
NDNbD,27,31,58,0.47
NDNbN,47,55,102,0.46
NDNbb,50,40,90,0.56
NDNbn,47,36,83,0.57
NDNnB,33,48,81,0.41
NDNnD,20,34,54,0.37
NDNnN,52,53,105,0.5
NDNnb,58,43,101,0.57
NDNnn,65,58,123,0.53
NDbBB,48,48,96,0.5
NDbBD,45,34,79,0.57
NDbBN,54,43,97,0.56
NDbBb,83,39,122,0.68
NDbBn,41,61,102,0.4
NDbDB,30,37,67,0.45
NDbDD,18,15,33,0.55
NDbDN,34,27,61,0.56
NDbDb,38,34,72,0.53
NDbDn,32,17,49,0.65
NDbNB,49,51,100,0.49
NDbND,23,36,59,0.39
NDbNN,44,56,100,0.44
NDbNb,41,49,90,0.46
NDbNn,57,41,98,0.58
NDbbB,59,64,123,0.48
NDbbD,19,26,45,0.42
NDbbN,45,38,83,0.54
NDbbb,67,61,128,0.52
NDbbn,40,56,96,0.42
NDbnB,45,40,85,0.53
NDbnD,31,27,58,0.53
NDbnN,43,47,90,0.48
NDbnb,54,53,107,0.5
NDbnn,42,38,80,0.52
NDnBB,47,40,87,0.54
NDnBD,23,24,47,0.49
NDnBN,40,39,79,0.51
NDnBb,62,51,113,0.55
NDnBn,43,42,85,0.51
NDnDB,35,27,62,0.56
NDnDD,29,23,52,0.56
NDnDN,28,36,64,0.44
NDnDb,39,39,78,0.5
NDnDn,37,32,69,0.54
NDnNB,32,38,70,0.46
NDnND,38,45,83,0.46
NDnNN,64,63,127,0.5
NDnNb,60,57,117,0.51
NDnNn,53,59,112,0.47
NDnbB,49,51,100,0.49
NDnbD,34,33,67,0.51
NDnbN,47,59,106,0.44
NDnbb,59,50,109,0.54
NDnbn,58,43,101,0.57
NDnnB,52,48,100,0.52
NDnnD,42,31,73,0.58
NDnnN,56,58,114,0.49
NDnnb,68,41,109,0.62
NDnnn,64,55,119,0.54
NNBBB,64,51,115,0.56
NNBBD,33,35,68,0.49
NNBBN,55,52,107,0.51
NNBBb,62,72,134,0.46
NNBBn,68,54,122,0.56
NNBDB,35,37,72,0.49
NNBDD,26,31,57,0.46
NNBDN,49,37,86,0.57
NNBDb,41,46,87,0.47
NNBDn,43,39,82,0.52
NNBNB,66,72,138,0.48
NNBND,30,58,88,0.34
NNBNN,59,69,128,0.46
NNBNb,93,62,155,0.6
NNBNn,84,68,152,0.55
NNBbB,65,71,136,0.48
NNBbD,38,34,72,0.53
NNBbN,88,87,175,0.5
NNBbb,81,57,138,0.59
NNBbn,71,60,131,0.54
NNBnB,59,66,125,0.47
NNBnD,41,50,91,0.45
NNBnN,73,90,163,0.45
NNBnb,67,69,136,0.49
NNBnn,76,71,147,0.52
NNDBB,40,48,88,0.45
NNDBD,24,23,47,0.51
NNDBN,41,36,77,0.53
NNDBb,50,56,106,0.47
NNDBn,45,51,96,0.47
NNDDB,32,30,62,0.52
NNDDD,27,33,60,0.45
NNDDN,37,28,65,0.57
NNDDb,46,39,85,0.54
NNDDn,33,38,71,0.46
NNDNB,50,39,89,0.56
NNDND,36,40,76,0.47
NNDNN,59,59,118,0.5
NNDNb,49,42,91,0.54
NNDNn,56,56,112,0.5
NNDbB,66,55,121,0.55
NNDbD,43,34,77,0.56
NNDbN,51,72,123,0.41
NNDbb,59,48,107,0.55
NNDbn,48,45,93,0.52
NNDnB,48,47,95,0.51
NNDnD,39,47,86,0.45
NNDnN,58,60,118,0.49
NNDnb,62,54,116,0.53
NNDnn,67,47,114,0.59
NNNBB,59,70,129,0.46
NNNBD,55,42,97,0.57
NNNBN,66,80,146,0.45
NNNBb,68,74,142,0.48
NNNBn,60,65,125,0.48
NNNDB,48,59,107,0.45
NNNDD,33,37,70,0.47
NNNDN,60,50,110,0.55
NNNDb,66,47,113,0.58
NNNDn,62,49,111,0.56
NNNNB,84,70,154,0.55
NNNND,70,67,137,0.51
NNNNN,104,119,223,0.47
NNNNb,97,85,182,0.53
NNNNn,109,118,227,0.48
NNNbB,69,84,153,0.45
NNNbD,55,47,102,0.54
NNNbN,103,87,190,0.54
NNNbb,88,73,161,0.55
NNNbn,77,79,156,0.49
NNNnB,75,83,158,0.47
NNNnD,52,65,117,0.44
NNNnN,114,108,222,0.51
NNNnb,101,91,192,0.53
NNNnn,97,109,206,0.47
NNbBB,63,50,113,0.56
NNbBD,44,44,88,0.5
NNbBN,67,72,139,0.48
NNbBb,75,68,143,0.52
NNbBn,73,73,146,0.5
NNbDB,47,44,91,0.52
NNbDD,29,41,70,0.41
NNbDN,41,49,90,0.46
NNbDb,45,44,89,0.51
NNbDn,48,40,88,0.55
NNbNB,61,70,131,0.47
NNbND,61,68,129,0.47
NNbNN,98,111,209,0.47
NNbNb,67,64,131,0.51
NNbNn,92,76,168,0.55
NNbbB,81,71,152,0.53
NNbbD,37,42,79,0.47
NNbbN,97,91,188,0.52
NNbbb,67,62,129,0.52
NNbbn,75,57,132,0.57
NNbnB,63,76,139,0.45
NNbnD,47,47,94,0.5
NNbnN,64,76,140,0.46
NNbnb,84,73,157,0.54
NNbnn,83,86,169,0.49
NNnBB,51,54,105,0.49
NNnBD,41,54,95,0.43
NNnBN,66,77,143,0.46
NNnBb,75,66,141,0.53
NNnBn,66,87,153,0.43
NNnDB,48,48,96,0.5
NNnDD,41,46,87,0.47
NNnDN,49,61,110,0.45
NNnDb,66,56,122,0.54
NNnDn,52,65,117,0.44
NNnNB,84,77,161,0.52
NNnND,63,69,132,0.48
NNnNN,97,95,192,0.51
NNnNb,94,83,177,0.53
NNnNn,114,106,220,0.52
NNnbB,87,75,162,0.54
NNnbD,61,51,112,0.54
NNnbN,96,114,210,0.46
NNnbb,89,62,151,0.59
NNnbn,94,73,167,0.56
NNnnB,73,69,142,0.51
NNnnD,58,71,129,0.45
NNnnN,103,111,214,0.48
NNnnb,111,96,207,0.54
NNnnn,97,106,203,0.48
NbBBB,53,53,106,0.5
NbBBD,43,30,73,0.59
NbBBN,73,63,136,0.54
NbBBb,54,52,106,0.51
NbBBn,71,52,123,0.58
NbBDB,37,33,70,0.53
NbBDD,24,33,57,0.42
NbBDN,41,45,86,0.48
NbBDb,50,38,88,0.57
NbBDn,40,46,86,0.47
NbBNB,65,52,117,0.56
NbBND,45,44,89,0.51
NbBNN,78,80,158,0.49
NbBNb,61,66,127,0.48
NbBNn,82,86,168,0.49
NbBbB,66,65,131,0.5
NbBbD,41,46,87,0.47
NbBbN,61,75,136,0.45
NbBbb,73,61,134,0.54
NbBbn,78,78,156,0.5
NbBnB,50,53,103,0.49
NbBnD,51,49,100,0.51
NbBnN,80,94,174,0.46
NbBnb,67,58,125,0.54
NbBnn,82,88,170,0.48
NbDBB,35,31,66,0.53
NbDBD,22,25,47,0.47
NbDBN,40,49,89,0.45
NbDBb,58,32,90,0.64
NbDBn,37,46,83,0.45
NbDDB,33,31,64,0.52
NbDDD,24,19,43,0.56
NbDDN,25,20,45,0.56
NbDDb,41,34,75,0.55
NbDDn,33,28,61,0.54
NbDNB,45,42,87,0.52
NbDND,21,25,46,0.46
NbDNN,43,43,86,0.5
NbDNb,46,36,82,0.56
NbDNn,48,45,93,0.52
NbDbB,50,49,99,0.51
NbDbD,31,23,54,0.57
NbDbN,41,42,83,0.49
NbDbb,59,51,110,0.54
NbDbn,40,33,73,0.55
NbDnB,36,49,85,0.42
NbDnD,27,25,52,0.52
NbDnN,54,37,91,0.59
NbDnb,59,39,98,0.6
NbDnn,36,47,83,0.43
NbNBB,55,58,113,0.49
NbNBD,28,53,81,0.35
NbNBN,65,74,139,0.47
NbNBb,59,73,132,0.45
NbNBn,73,97,170,0.43
NbNDB,43,48,91,0.47
NbNDD,28,22,50,0.56
NbNDN,41,60,101,0.41
NbNDb,47,52,99,0.47
NbNDn,60,61,121,0.5
NbNNB,74,74,148,0.5
NbNND,51,62,113,0.45
NbNNN,92,95,187,0.49
NbNNb,68,87,155,0.44
NbNNn,99,92,191,0.52
NbNbB,66,74,140,0.47
NbNbD,37,33,70,0.53
NbNbN,66,68,134,0.49
NbNbb,75,59,134,0.56
NbNbn,81,81,162,0.5
NbNnB,61,54,115,0.53
NbNnD,54,76,130,0.42
NbNnN,96,105,201,0.48
NbNnb,82,74,156,0.53
NbNnn,93,93,186,0.5
NbbBB,66,75,141,0.47
NbbBD,33,48,81,0.41
NbbBN,80,77,157,0.51
NbbBb,68,63,131,0.52
NbbBn,73,92,165,0.44
NbbDB,37,40,77,0.48
NbbDD,27,27,54,0.5
NbbDN,48,31,79,0.61
NbbDb,47,41,88,0.53
NbbDn,47,33,80,0.59
NbbNB,75,65,140,0.54
NbbND,42,40,82,0.51
NbbNN,94,85,179,0.53
NbbNb,77,85,162,0.48
NbbNn,90,89,179,0.5
NbbbB,69,79,148,0.47
NbbbD,39,27,66,0.59
NbbbN,68,74,142,0.48
Nbbbb,64,66,130,0.49
Nbbbn,59,61,120,0.49
NbbnB,59,68,127,0.46
NbbnD,45,47,92,0.49
NbbnN,88,69,157,0.56
Nbbnb,55,59,114,0.48
Nbbnn,51,73,124,0.41
NbnBB,47,63,110,0.43
NbnBD,36,33,69,0.52
NbnBN,61,69,130,0.47
NbnBb,76,60,136,0.56
NbnBn,77,77,154,0.5
NbnDB,37,39,76,0.49
NbnDD,21,32,53,0.4
NbnDN,59,49,108,0.55
NbnDb,51,38,89,0.57
NbnDn,47,41,88,0.53
NbnNB,65,61,126,0.52
NbnND,40,56,96,0.42
NbnNN,67,77,144,0.47
NbnNb,79,54,133,0.59
NbnNn,104,78,182,0.57
NbnbB,79,64,143,0.55
NbnbD,42,43,85,0.49
NbnbN,74,71,145,0.51
Nbnbb,72,55,127,0.57
Nbnbn,71,57,128,0.55
NbnnB,84,75,159,0.53
NbnnD,46,53,99,0.46
NbnnN,90,80,170,0.53
Nbnnb,87,69,156,0.56
Nbnnn,100,79,179,0.56
NnBBB,58,56,114,0.51
NnBBD,37,30,67,0.55
NnBBN,50,68,118,0.42
NnBBb,63,74,137,0.46
NnBBn,69,51,120,0.57
NnBDB,31,35,66,0.47
NnBDD,22,26,48,0.46
NnBDN,34,40,74,0.46
NnBDb,51,55,106,0.48
NnBDn,43,39,82,0.52
NnBNB,53,67,120,0.44
NnBND,54,52,106,0.51
NnBNN,83,80,163,0.51
NnBNb,60,73,133,0.45
NnBNn,94,54,148,0.64
NnBbB,58,54,112,0.52
NnBbD,37,35,72,0.51
NnBbN,70,89,159,0.44
NnBbb,61,73,134,0.46
NnBbn,76,71,147,0.52
NnBnB,56,62,118,0.47
NnBnD,52,61,113,0.46
NnBnN,68,91,159,0.43
NnBnb,62,80,142,0.44
NnBnn,84,78,162,0.52
NnDBB,40,48,88,0.45
NnDBD,33,28,61,0.54
NnDBN,57,41,98,0.58
NnDBb,60,48,108,0.56
NnDBn,46,49,95,0.48
NnDDB,30,37,67,0.45
NnDDD,33,20,53,0.62
NnDDN,45,33,78,0.58
NnDDb,43,40,83,0.52
NnDDn,40,42,82,0.49
NnDNB,49,53,102,0.48
NnDND,28,31,59,0.47
NnDNN,59,50,109,0.54
NnDNb,53,45,98,0.54
NnDNn,62,58,120,0.52
NnDbB,59,63,122,0.48
NnDbD,29,32,61,0.48
NnDbN,62,48,110,0.56
NnDbb,55,55,110,0.5
NnDbn,51,62,113,0.45
NnDnB,41,51,92,0.45
NnDnD,38,35,73,0.52
NnDnN,48,62,110,0.44
NnDnb,68,54,122,0.56
NnDnn,62,51,113,0.55
NnNBB,59,68,127,0.46
NnNBD,50,56,106,0.47
NnNBN,78,86,164,0.48
NnNBb,77,64,141,0.55
NnNBn,70,80,150,0.47
NnNDB,46,46,92,0.5
NnNDD,31,45,76,0.41
NnNDN,55,63,118,0.47
NnNDb,69,60,129,0.53
NnNDn,72,79,151,0.48
NnNNB,80,100,180,0.44
NnNND,77,60,137,0.56
NnNNN,112,113,225,0.5
NnNNb,76,93,169,0.45
NnNNn,92,101,193,0.48
NnNbB,87,88,175,0.5
NnNbD,52,48,100,0.52
NnNbN,84,68,152,0.55
NnNbb,87,65,152,0.57
NnNbn,80,79,159,0.5
NnNnB,92,99,191,0.48
NnNnD,68,78,146,0.47
NnNnN,121,121,242,0.5
NnNnb,89,94,183,0.49
NnNnn,120,113,233,0.52
NnbBB,67,80,147,0.46
NnbBD,39,43,82,0.48
NnbBN,81,87,168,0.48
NnbBb,80,70,150,0.53
NnbBn,75,91,166,0.45
NnbDB,50,50,100,0.5
NnbDD,24,40,64,0.38
NnbDN,51,66,117,0.44
NnbDb,56,45,101,0.55
NnbDn,45,57,102,0.44
NnbNB,85,71,156,0.54
NnbND,47,50,97,0.48
NnbNN,82,80,162,0.51
NnbNb,83,77,160,0.52
NnbNn,100,90,190,0.53
NnbbB,77,82,159,0.48
NnbbD,40,42,82,0.49
NnbbN,84,92,176,0.48
Nnbbb,93,63,156,0.6
Nnbbn,77,59,136,0.57
NnbnB,68,78,146,0.47
NnbnD,50,47,97,0.52
NnbnN,90,105,195,0.46
Nnbnb,67,83,150,0.45
Nnbnn,73,79,152,0.48
NnnBB,64,59,123,0.52
NnnBD,54,65,119,0.45
NnnBN,68,84,152,0.45
NnnBb,77,73,150,0.51
NnnBn,92,89,181,0.51
NnnDB,53,55,108,0.49
NnnDD,47,42,89,0.53
NnnDN,62,60,122,0.51
NnnDb,54,70,124,0.44
NnnDn,74,65,139,0.53
NnnNB,72,82,154,0.47
NnnND,61,62,123,0.5
NnnNN,112,90,202,0.55
NnnNb,100,89,189,0.53
NnnNn,115,128,243,0.47
NnnbB,96,74,170,0.56
NnnbD,51,43,94,0.54
NnnbN,93,89,182,0.51
Nnnbb,95,84,179,0.53
Nnnbn,87,68,155,0.56
NnnnB,79,81,160,0.49
NnnnD,68,70,138,0.49
NnnnN,113,103,216,0.52
Nnnnb,111,88,199,0.56
Nnnnn,114,99,213,0.54
bBBBB,55,55,110,0.5
bBBBD,35,33,68,0.51
bBBBN,69,75,144,0.48
bBBBb,57,56,113,0.5
bBBBn,63,66,129,0.49
bBBDB,34,41,75,0.45
bBBDD,32,21,53,0.6
bBBDN,49,37,86,0.57
bBBDb,45,42,87,0.52
bBBDn,31,43,74,0.42
bBBNB,55,62,117,0.47
bBBND,39,41,80,0.49
bBBNN,67,74,141,0.48
bBBNb,72,44,116,0.62
bBBNn,77,90,167,0.46
bBBbB,71,69,140,0.51
bBBbD,40,33,73,0.55
bBBbN,55,82,137,0.4
bBBbb,65,62,127,0.51
bBBbn,73,68,141,0.52
bBBnB,61,58,119,0.51
bBBnD,41,54,95,0.43
bBBnN,68,95,163,0.42
bBBnb,61,61,122,0.5
bBBnn,76,77,153,0.5
bBDBB,27,40,67,0.4
bBDBD,21,17,38,0.55
bBDBN,33,46,79,0.42
bBDBb,37,39,76,0.49
bBDBn,35,45,80,0.44
bBDDB,23,20,43,0.53
bBDDD,23,18,41,0.56
bBDDN,27,36,63,0.43
bBDDb,36,20,56,0.64
bBDDn,22,35,57,0.39
bBDNB,32,36,68,0.47
bBDND,32,26,58,0.55
bBDNN,51,51,102,0.5
bBDNb,44,46,90,0.49
bBDNn,48,51,99,0.48
bBDbB,43,44,87,0.49
bBDbD,41,34,75,0.55
bBDbN,52,53,105,0.5
bBDbb,49,40,89,0.55
bBDbn,37,43,80,0.46
bBDnB,50,40,90,0.56
bBDnD,31,26,57,0.54
bBDnN,47,60,107,0.44
bBDnb,49,33,82,0.6
bBDnn,51,50,101,0.5
bBNBB,54,71,125,0.43
bBNBD,36,41,77,0.47
bBNBN,67,70,137,0.49
bBNBb,79,51,130,0.61
bBNBn,65,52,117,0.56
bBNDB,25,47,72,0.35
bBNDD,39,30,69,0.57
bBNDN,42,37,79,0.53
bBNDb,38,38,76,0.5
bBNDn,51,49,100,0.51
bBNNB,59,66,125,0.47
bBNND,59,50,109,0.54
bBNNN,84,120,204,0.41
bBNNb,70,74,144,0.49
bBNNn,83,110,193,0.43
bBNbB,55,56,111,0.5
bBNbD,43,51,94,0.46
bBNbN,81,71,152,0.53
bBNbb,77,57,134,0.57
bBNbn,70,84,154,0.45
bBNnB,70,62,132,0.53
bBNnD,53,57,110,0.48
bBNnN,102,86,188,0.54
bBNnb,88,91,179,0.49
bBNnn,99,95,194,0.51
bBbBB,51,67,118,0.43
bBbBD,44,48,92,0.48
bBbBN,81,86,167,0.49
bBbBb,63,63,126,0.5
bBbBn,74,72,146,0.51
bBbDB,36,48,84,0.43
bBbDD,27,26,53,0.51
bBbDN,33,41,74,0.45
bBbDb,45,29,74,0.61
bBbDn,56,48,104,0.54
bBbNB,47,65,112,0.42
bBbND,45,47,92,0.49
bBbNN,80,107,187,0.43
bBbNb,70,66,136,0.51
bBbNn,96,98,194,0.49
bBbbB,62,64,126,0.49
bBbbD,44,29,73,0.6
bBbbN,77,80,157,0.49
bBbbb,63,35,98,0.64
bBbbn,68,64,132,0.52
bBbnB,61,63,124,0.49
bBbnD,42,39,81,0.52
bBbnN,87,82,169,0.51
bBbnb,84,56,140,0.6
bBbnn,87,80,167,0.52
bBnBB,46,61,107,0.43
bBnBD,39,52,91,0.43
bBnBN,61,57,118,0.52
bBnBb,59,52,111,0.53
bBnBn,90,71,161,0.56
bBnDB,39,34,73,0.53
bBnDD,28,27,55,0.51
bBnDN,60,52,112,0.54
bBnDb,47,48,95,0.49
bBnDn,54,59,113,0.48
bBnNB,77,64,141,0.55
bBnND,63,55,118,0.53
bBnNN,101,90,191,0.53
bBnNb,74,77,151,0.49
bBnNn,113,115,228,0.5
bBnbB,71,61,132,0.54
bBnbD,27,41,68,0.4
bBnbN,78,88,166,0.47
bBnbb,74,58,132,0.56
bBnbn,73,72,145,0.5
bBnnB,70,69,139,0.5
bBnnD,57,53,110,0.52
bBnnN,72,83,155,0.46
bBnnb,94,62,156,0.6
bBnnn,109,103,212,0.51
bDBBB,34,51,85,0.4
bDBBD,19,23,42,0.45
bDBBN,39,35,74,0.53
bDBBb,36,42,78,0.46
bDBBn,39,39,78,0.5
bDBDB,24,26,50,0.48
bDBDD,13,12,25,0.52
bDBDN,40,22,62,0.65
bDBDb,19,22,41,0.46
bDBDn,28,25,53,0.53
bDBNB,30,44,74,0.41
bDBND,19,24,43,0.44
bDBNN,45,48,93,0.48
bDBNb,38,36,74,0.51
bDBNn,51,36,87,0.59
bDBbB,45,50,95,0.47
bDBbD,29,29,58,0.5
bDBbN,50,51,101,0.5
bDBbb,46,30,76,0.61
bDBbn,38,36,74,0.51
bDBnB,43,32,75,0.57
bDBnD,23,20,43,0.53
bDBnN,31,48,79,0.39
bDBnb,43,30,73,0.59
bDBnn,45,32,77,0.58
bDDBB,26,24,50,0.52
bDDBD,15,22,37,0.41
bDDBN,19,19,38,0.5
bDDBb,30,28,58,0.52
bDDBn,24,20,44,0.55
bDDDB,22,17,39,0.56
bDDDD,11,9,20,0.55
bDDDN,19,19,38,0.5
bDDDb,26,13,39,0.67
bDDDn,20,17,37,0.54
bDDNB,19,24,43,0.44
bDDND,16,16,32,0.5
bDDNN,28,30,58,0.48
bDDNb,25,24,49,0.51
bDDNn,17,18,35,0.49
bDDbB,34,36,70,0.49
bDDbD,24,17,41,0.59
bDDbN,23,30,53,0.43
bDDbb,39,32,71,0.55
bDDbn,37,21,58,0.64
bDDnB,23,25,48,0.48
bDDnD,20,16,36,0.56
bDDnN,16,31,47,0.34
bDDnb,36,26,62,0.58
bDDnn,23,26,49,0.47
bDNBB,34,41,75,0.45
bDNBD,22,24,46,0.48
bDNBN,39,37,76,0.51
bDNBb,41,48,89,0.46
bDNBn,39,47,86,0.45
bDNDB,19,25,44,0.43
bDNDD,13,20,33,0.39
bDNDN,25,31,56,0.45
bDNDb,29,29,58,0.5
bDNDn,27,22,49,0.55
bDNNB,36,38,74,0.49
bDNND,18,36,54,0.33
bDNNN,42,36,78,0.54
bDNNb,42,41,83,0.51
bDNNn,41,38,79,0.52
bDNbB,45,38,83,0.54
bDNbD,20,30,50,0.4
bDNbN,37,36,73,0.51
bDNbb,42,36,78,0.54
bDNbn,36,40,76,0.47
bDNnB,29,47,76,0.38
bDNnD,22,30,52,0.42
bDNnN,44,49,93,0.47
bDNnb,46,36,82,0.56
bDNnn,44,51,95,0.46
bDbBB,37,49,86,0.43
bDbBD,29,28,57,0.51
bDbBN,60,59,119,0.5
bDbBb,48,54,102,0.47
bDbBn,64,38,102,0.63
bDbDB,26,18,44,0.59
bDbDD,18,9,27,0.67
bDbDN,16,24,40,0.4
bDbDb,29,32,61,0.48
bDbDn,24,22,46,0.52
bDbNB,30,39,69,0.43
bDbND,25,24,49,0.51
bDbNN,44,37,81,0.54
bDbNb,33,26,59,0.56
bDbNn,43,42,85,0.51
bDbbB,51,49,100,0.51
bDbbD,29,22,51,0.57
bDbbN,51,43,94,0.54
bDbbb,53,44,97,0.55
bDbbn,50,28,78,0.64
bDbnB,45,28,73,0.62
bDbnD,28,22,50,0.56
bDbnN,31,40,71,0.44
bDbnb,58,29,87,0.67
bDbnn,40,42,82,0.49
bDnBB,34,31,65,0.52
bDnBD,14,19,33,0.42
bDnBN,41,46,87,0.47
bDnBb,45,49,94,0.48
bDnBn,44,32,76,0.58
bDnDB,25,30,55,0.45
bDnDD,17,25,42,0.4
bDnDN,25,25,50,0.5
bDnDb,29,22,51,0.57
bDnDn,34,16,50,0.68
bDnNB,39,51,90,0.43
bDnND,24,25,49,0.49
bDnNN,54,40,94,0.57
bDnNb,45,41,86,0.52
bDnNn,49,50,99,0.49
bDnbB,52,52,104,0.5
bDnbD,24,22,46,0.52
bDnbN,35,31,66,0.53
bDnbb,45,47,92,0.49
bDnbn,43,39,82,0.52
bDnnB,29,35,64,0.45
bDnnD,28,32,60,0.47
bDnnN,41,42,83,0.49
bDnnb,58,50,108,0.54
bDnnn,42,35,77,0.55
bNBBB,51,49,100,0.51
bNBBD,34,46,80,0.42
bNBBN,63,64,127,0.5
bNBBb,60,52,112,0.54
bNBBn,52,65,117,0.44
bNBDB,22,28,50,0.44
bNBDD,24,30,54,0.44
bNBDN,32,34,66,0.48
bNBDb,47,41,88,0.53
bNBDn,45,47,92,0.49
bNBNB,58,45,103,0.56
bNBND,31,47,78,0.4
bNBNN,70,86,156,0.45
bNBNb,65,62,127,0.51
bNBNn,79,94,173,0.46
bNBbB,52,56,108,0.48
bNBbD,27,37,64,0.42
bNBbN,68,68,136,0.5
bNBbb,63,66,129,0.49
bNBbn,80,54,134,0.6
bNBnB,36,53,89,0.4
bNBnD,39,36,75,0.52
bNBnN,83,86,169,0.49
bNBnb,62,59,121,0.51
bNBnn,85,82,167,0.51
bNDBB,37,34,71,0.52
bNDBD,26,24,50,0.52
bNDBN,43,55,98,0.44
bNDBb,51,39,90,0.57
bNDBn,53,41,94,0.56
bNDDB,32,24,56,0.57
bNDDD,30,14,44,0.68
bNDDN,31,26,57,0.54
bNDDb,25,26,51,0.49
bNDDn,31,32,63,0.49
bNDNB,40,37,77,0.52
bNDND,32,28,60,0.53
bNDNN,41,36,77,0.53
bNDNb,61,35,96,0.64
bNDNn,49,59,108,0.45
bNDbB,56,53,109,0.51
bNDbD,26,19,45,0.58
bNDbN,41,41,82,0.5
bNDbb,54,50,104,0.52
bNDbn,40,42,82,0.49
bNDnB,34,43,77,0.44
bNDnD,33,37,70,0.47
bNDnN,46,62,108,0.43
bNDnb,51,40,91,0.56
bNDnn,63,52,115,0.55
bNNBB,54,58,112,0.48
bNNBD,35,38,73,0.48
bNNBN,66,82,148,0.45
bNNBb,82,61,143,0.57
bNNBn,74,77,151,0.49
bNNDB,43,39,82,0.52
bNNDD,33,37,70,0.47
bNNDN,54,49,103,0.52
bNNDb,72,46,118,0.61
bNNDn,59,58,117,0.5
bNNNB,75,77,152,0.49
bNNND,51,48,99,0.52
bNNNN,116,102,218,0.53
bNNNb,82,68,150,0.55
bNNNn,104,91,195,0.53
bNNbB,70,70,140,0.5
bNNbD,48,42,90,0.53
bNNbN,77,78,155,0.5
bNNbb,78,63,141,0.55
bNNbn,73,76,149,0.49
bNNnB,60,71,131,0.46
bNNnD,52,54,106,0.49
bNNnN,96,118,214,0.45
bNNnb,103,70,173,0.6
bNNnn,111,102,213,0.52
bNbBB,71,69,140,0.51
bNbBD,37,44,81,0.46
bNbBN,72,66,138,0.52
bNbBb,58,57,115,0.5
bNbBn,65,73,138,0.47
bNbDB,37,53,90,0.41
bNbDD,39,25,64,0.61
bNbDN,36,45,81,0.44
bNbDb,45,45,90,0.5
bNbDn,37,41,78,0.47
bNbNB,74,66,140,0.53
bNbND,49,57,106,0.46
bNbNN,86,72,158,0.54
bNbNb,67,74,141,0.48
bNbNn,86,95,181,0.48
bNbbB,90,65,155,0.58
bNbbD,29,41,70,0.41
bNbbN,73,63,136,0.54
bNbbb,67,51,118,0.57
bNbbn,66,63,129,0.51
bNbnB,65,73,138,0.47
bNbnD,37,39,76,0.49
bNbnN,85,82,167,0.51
bNbnb,85,61,146,0.58
bNbnn,91,81,172,0.53
bNnBB,59,62,121,0.49
bNnBD,26,41,67,0.39
bNnBN,81,70,151,0.54
bNnBb,73,68,141,0.52
bNnBn,73,68,141,0.52
bNnDB,54,42,96,0.56
bNnDD,37,37,74,0.5
bNnDN,53,54,107,0.5
bNnDb,69,49,118,0.58
bNnDn,46,54,100,0.46
bNnNB,87,70,157,0.55
bNnND,46,66,112,0.41
bNnNN,111,80,191,0.58
bNnNb,101,79,180,0.56
bNnNn,121,111,232,0.52
bNnbB,79,72,151,0.52
bNnbD,52,47,99,0.53
bNnbN,73,76,149,0.49
bNnbb,85,70,155,0.55
bNnbn,78,71,149,0.52
bNnnB,70,93,163,0.43
bNnnD,54,65,119,0.45
bNnnN,91,98,189,0.48
bNnnb,93,82,175,0.53
bNnnn,92,97,189,0.49
bbBBB,62,67,129,0.48
bbBBD,46,43,89,0.52
bbBBN,75,79,154,0.49
bbBBb,75,68,143,0.52
bbBBn,81,71,152,0.53
bbBDB,44,34,78,0.56
bbBDD,37,25,62,0.6
bbBDN,46,44,90,0.51
bbBDb,47,40,87,0.54
bbBDn,54,41,95,0.57
bbBNB,68,63,131,0.52
bbBND,55,41,96,0.57
bbBNN,87,99,186,0.47
bbBNb,69,83,152,0.45
bbBNn,83,101,184,0.45
bbBbB,63,68,131,0.48
bbBbD,54,45,99,0.55
bbBbN,75,77,152,0.49
bbBbb,75,47,122,0.61
bbBbn,77,69,146,0.53
bbBnB,68,76,144,0.47
bbBnD,38,53,91,0.42
bbBnN,103,89,192,0.54
bbBnb,72,70,142,0.51
bbBnn,80,99,179,0.45
bbDBB,45,41,86,0.52
bbDBD,22,22,44,0.5
bbDBN,43,36,79,0.54
bbDBb,44,35,79,0.56
bbDBn,50,35,85,0.59
bbDDB,19,21,40,0.48
bbDDD,13,14,27,0.48
bbDDN,28,22,50,0.56
bbDDb,39,32,71,0.55
bbDDn,23,23,46,0.5
bbDNB,42,37,79,0.53
bbDND,20,29,49,0.41
bbDNN,33,50,83,0.4
bbDNb,34,33,67,0.51
bbDNn,33,35,68,0.49
bbDbB,55,42,97,0.57
bbDbD,16,25,41,0.39
bbDbN,40,32,72,0.56
bbDbb,45,45,90,0.5
bbDbn,33,36,69,0.48
bbDnB,24,30,54,0.44
bbDnD,28,16,44,0.64
bbDnN,47,40,87,0.54
bbDnb,32,31,63,0.51
bbDnn,38,37,75,0.51
bbNBB,67,58,125,0.54
bbNBD,40,49,89,0.45
bbNBN,69,90,159,0.43
bbNBb,57,65,122,0.47
bbNBn,66,63,129,0.51
bbNDB,45,47,92,0.49
bbNDD,36,26,62,0.58
bbNDN,40,35,75,0.53
bbNDb,44,43,87,0.51
bbNDn,35,43,78,0.45
bbNNB,57,71,128,0.45
bbNND,51,59,110,0.46
bbNNN,94,82,176,0.53
bbNNb,67,63,130,0.52
bbNNn,78,88,166,0.47
bbNbB,82,64,146,0.56
bbNbD,42,46,88,0.48
bbNbN,83,91,174,0.48
bbNbb,77,71,148,0.52
bbNbn,77,82,159,0.48
bbNnB,73,77,150,0.49
bbNnD,49,38,87,0.56
bbNnN,92,97,189,0.49
bbNnb,70,70,140,0.5
bbNnn,86,84,170,0.51
bbbBB,74,68,142,0.52
bbbBD,44,41,85,0.52
bbbBN,85,80,165,0.52
bbbBb,82,69,151,0.54
bbbBn,100,75,175,0.57
bbbDB,45,42,87,0.52
bbbDD,22,30,52,0.42
bbbDN,33,33,66,0.5
bbbDb,44,35,79,0.56
bbbDn,28,30,58,0.48
bbbNB,67,75,142,0.47
bbbND,43,29,72,0.6
bbbNN,82,70,152,0.54
bbbNb,86,62,148,0.58
bbbNn,92,71,163,0.56
bbbbB,74,72,146,0.51
bbbbD,32,28,60,0.53
bbbbN,79,70,149,0.53
bbbbb,68,72,140,0.49
bbbbn,72,61,133,0.54
bbbnB,68,60,128,0.53
bbbnD,41,23,64,0.64
bbbnN,82,62,144,0.57
bbbnb,78,60,138,0.57
bbbnn,68,46,114,0.6
bbnBB,52,53,105,0.5
bbnBD,33,38,71,0.46
bbnBN,76,83,159,0.48
bbnBb,54,68,122,0.44
bbnBn,65,67,132,0.49
bbnDB,42,34,76,0.55
bbnDD,25,27,52,0.48
bbnDN,47,48,95,0.49
bbnDb,31,40,71,0.44
bbnDn,34,34,68,0.5
bbnNB,60,66,126,0.48
bbnND,51,44,95,0.54
bbnNN,85,86,171,0.5
bbnNb,65,70,135,0.48
bbnNn,85,61,146,0.58
bbnbB,62,64,126,0.49
bbnbD,39,33,72,0.54
bbnbN,75,73,148,0.51
bbnbb,62,61,123,0.5
bbnbn,74,68,142,0.52
bbnnB,66,54,120,0.55
bbnnD,47,42,89,0.53
bbnnN,71,70,141,0.5
bbnnb,79,65,144,0.55
bbnnn,67,56,123,0.54
bnBBB,40,43,83,0.48
bnBBD,30,36,66,0.45
bnBBN,61,53,114,0.54
bnBBb,70,68,138,0.51
bnBBn,58,62,120,0.48
bnBDB,25,41,66,0.38
bnBDD,21,18,39,0.54
bnBDN,47,52,99,0.47
bnBDb,40,39,79,0.51
bnBDn,47,40,87,0.54
bnBNB,55,66,121,0.45
bnBND,32,45,77,0.42
bnBNN,75,66,141,0.53
bnBNb,66,76,142,0.46
bnBNn,88,93,181,0.49
bnBbB,59,41,100,0.59
bnBbD,30,27,57,0.53
bnBbN,70,73,143,0.49
bnBbb,69,43,112,0.62
bnBbn,83,66,149,0.56
bnBnB,79,56,135,0.59
bnBnD,32,45,77,0.42
bnBnN,79,87,166,0.48
bnBnb,69,67,136,0.51
bnBnn,80,70,150,0.53
bnDBB,25,39,64,0.39
bnDBD,22,32,54,0.41
bnDBN,47,31,78,0.6
bnDBb,42,30,72,0.58
bnDBn,29,52,81,0.36
bnDDB,30,31,61,0.49
bnDDD,24,14,38,0.63
bnDDN,26,22,48,0.54
bnDDb,34,39,73,0.47
bnDDn,27,26,53,0.51
bnDNB,42,54,96,0.44
bnDND,25,27,52,0.48
bnDNN,56,47,103,0.54
bnDNb,54,56,110,0.49
bnDNn,46,45,91,0.51
bnDbB,44,50,94,0.47
bnDbD,27,26,53,0.51
bnDbN,40,42,82,0.49
bnDbb,60,50,110,0.55
bnDbn,40,35,75,0.53
bnDnB,28,41,69,0.41
bnDnD,37,29,66,0.56
bnDnN,47,56,103,0.46
bnDnb,46,47,93,0.49
bnDnn,46,39,85,0.54
bnNBB,53,52,105,0.5
bnNBD,32,33,65,0.49
bnNBN,73,69,142,0.51
bnNBb,65,50,115,0.57
bnNBn,80,78,158,0.51
bnNDB,26,50,76,0.34
bnNDD,30,28,58,0.52
bnNDN,40,55,95,0.42
bnNDb,40,40,80,0.5
bnNDn,55,39,94,0.59
bnNNB,59,52,111,0.53
bnNND,52,64,116,0.45
bnNNN,83,80,163,0.51
bnNNb,79,59,138,0.57
bnNNn,87,97,184,0.47
bnNbB,52,69,121,0.43
bnNbD,34,53,87,0.39
bnNbN,81,89,170,0.48
bnNbb,70,70,140,0.5
bnNbn,55,61,116,0.47
bnNnB,60,74,134,0.45
bnNnD,51,49,100,0.51
bnNnN,82,88,170,0.48
bnNnb,75,77,152,0.49
bnNnn,90,96,186,0.48
bnbBB,66,67,133,0.5
bnbBD,31,43,74,0.42
bnbBN,78,89,167,0.47
bnbBb,88,63,151,0.58
bnbBn,71,66,137,0.52
bnbDB,40,34,74,0.54
bnbDD,16,23,39,0.41
bnbDN,33,40,73,0.45
bnbDb,48,33,81,0.59
bnbDn,47,36,83,0.57
bnbNB,66,59,125,0.53
bnbND,39,52,91,0.43
bnbNN,85,75,160,0.53
bnbNb,80,64,144,0.56
bnbNn,72,85,157,0.46
bnbbB,88,71,159,0.55
bnbbD,24,26,50,0.48
bnbbN,65,67,132,0.49
bnbbb,86,62,148,0.58
bnbbn,57,60,117,0.49
bnbnB,71,63,134,0.53
bnbnD,42,56,98,0.43
bnbnN,60,75,135,0.44
bnbnb,75,48,123,0.61
bnbnn,76,60,136,0.56
bnnBB,59,63,122,0.48
bnnBD,30,38,68,0.44
bnnBN,85,72,157,0.54
bnnBb,68,64,132,0.52
bnnBn,72,62,134,0.54
bnnDB,50,50,100,0.5
bnnDD,28,26,54,0.52
bnnDN,57,52,109,0.52
bnnDb,53,42,95,0.56
bnnDn,51,44,95,0.54
bnnNB,75,80,155,0.48
bnnND,42,45,87,0.48
bnnNN,83,67,150,0.55
bnnNb,73,85,158,0.46
bnnNn,74,82,156,0.47
bnnbB,89,79,168,0.53
bnnbD,40,36,76,0.53
bnnbN,81,65,146,0.55
bnnbb,74,58,132,0.56
bnnbn,57,72,129,0.44
bnnnB,75,79,154,0.49
bnnnD,55,49,104,0.53
bnnnN,95,89,184,0.52
bnnnb,73,64,137,0.53
bnnnn,76,84,160,0.48
n,1,0,1,1.0
nB,0,1,1,0.0
nBBBB,51,52,103,0.5
nBBBD,26,37,63,0.41
nBBBN,51,55,106,0.48
nBBBb,44,55,99,0.44
nBBBn,66,55,121,0.55
nBBDB,41,30,71,0.58
nBBDD,21,23,44,0.48
nBBDN,29,24,53,0.55
nBBDb,34,44,78,0.44
nBBDn,37,39,76,0.49
nBBNB,61,58,119,0.51
nBBND,35,40,75,0.47
nBBNN,60,43,103,0.58
nBBNb,55,54,109,0.5
nBBNn,79,65,144,0.55
nBBbB,54,72,126,0.43
nBBbD,33,35,68,0.49
nBBbN,65,73,138,0.47
nBBbb,75,56,131,0.57
nBBbn,71,70,141,0.5
nBBnB,60,53,113,0.53
nBBnD,35,41,76,0.46
nBBnN,88,60,148,0.59
nBBnb,57,70,127,0.45
nBBnn,51,48,99,0.52
nBDBB,31,29,60,0.52
nBDBD,15,25,40,0.38
nBDBN,33,38,71,0.46
nBDBb,38,39,77,0.49
nBDBn,49,35,84,0.58
nBDDB,23,18,41,0.56
nBDDD,21,21,42,0.5
nBDDN,29,19,48,0.6
nBDDb,19,27,46,0.41
nBDDn,30,21,51,0.59
nBDNB,27,35,62,0.44
nBDND,31,28,59,0.53
nBDNN,42,45,87,0.48
nBDNb,44,47,91,0.48
nBDNn,34,43,77,0.44
nBDbB,40,42,82,0.49
nBDbD,22,17,39,0.56
nBDbN,42,37,79,0.53
nBDbb,57,36,93,0.61
nBDbn,43,43,86,0.5
nBDnB,40,44,84,0.48
nBDnD,30,22,52,0.58
nBDnN,43,42,85,0.51
nBDnb,41,43,84,0.49
nBDnn,50,33,83,0.6
nBNBB,45,73,118,0.38
nBNBD,38,26,64,0.59
nBNBN,55,56,111,0.5
nBNBb,82,72,154,0.53
nBNBn,54,61,115,0.47
nBNDB,34,34,68,0.5
nBNDD,24,30,54,0.44
nBNDN,58,38,96,0.6
nBNDb,43,41,84,0.51
nBNDn,52,53,105,0.5
nBNNB,58,72,130,0.45
nBNND,41,49,90,0.46
nBNNN,75,88,163,0.46
nBNNb,62,76,138,0.45
nBNNn,67,78,145,0.46
nBNbB,54,76,130,0.42
nBNbD,39,37,76,0.51
nBNbN,68,59,127,0.54
nBNbb,86,56,142,0.61
nBNbn,70,71,141,0.5
nBNnB,68,62,130,0.52
nBNnD,54,54,108,0.5
nBNnN,89,90,179,0.5
nBNnb,75,64,139,0.54
nBNnn,78,75,153,0.51
nBb,0,1,1,0.0
nBbBB,58,51,109,0.53
nBbBD,34,37,71,0.48
nBbBN,60,64,124,0.48
nBbBb,39,42,81,0.48
nBbBn,52,76,128,0.41
nBbDB,33,24,57,0.58
nBbDD,28,27,55,0.51
nBbDN,43,34,77,0.56
nBbDb,32,29,61,0.52
nBbDn,46,45,91,0.51
nBbNB,60,53,113,0.53
nBbND,48,38,86,0.56
nBbNN,81,84,165,0.49
nBbNb,68,61,129,0.53
nBbNn,90,92,182,0.49
nBbbB,71,63,134,0.53
nBbbD,41,30,71,0.58
nBbbN,63,70,133,0.47
nBbbb,72,56,128,0.56
nBbbn,68,57,125,0.54
nBbn,1,0,1,1.0
nBbnB,72,71,143,0.5
nBbnD,44,59,103,0.43
nBbnN,73,63,136,0.54
nBbnb,68,72,140,0.49
nBbnn,72,73,145,0.5
nBnBB,58,62,120,0.48
nBnBD,28,32,60,0.47
nBnBN,58,72,130,0.45
nBnBb,63,46,109,0.58
nBnBn,65,60,125,0.52
nBnDB,36,44,80,0.45
nBnDD,33,31,64,0.52
nBnDN,33,44,77,0.43
nBnDb,62,50,112,0.55
nBnDn,56,59,115,0.49
nBnNB,53,75,128,0.41
nBnND,46,60,106,0.43
nBnNN,72,80,152,0.47
nBnNb,87,75,162,0.54
nBnNn,88,100,188,0.47
nBnbB,64,66,130,0.49
nBnbD,39,27,66,0.59
nBnbN,71,66,137,0.52
nBnbb,69,62,131,0.53
nBnbn,76,68,144,0.53
nBnnB,62,70,132,0.47
nBnnD,49,63,112,0.44
nBnnN,72,92,164,0.44
nBnnb,62,65,127,0.49
nBnnn,82,87,169,0.49
nDBBB,37,41,78,0.47
nDBBD,19,26,45,0.42
nDBBN,35,42,77,0.45
nDBBb,63,34,97,0.65
nDBBn,27,52,79,0.34
nDBDB,23,25,48,0.48
nDBDD,13,17,30,0.43
nDBDN,33,26,59,0.56
nDBDb,41,33,74,0.55
nDBDn,23,25,48,0.48
nDBNB,41,39,80,0.51
nDBND,28,24,52,0.54
nDBNN,54,46,100,0.54
nDBNb,46,44,90,0.51
nDBNn,41,42,83,0.49
nDBbB,68,59,127,0.54
nDBbD,31,26,57,0.54
nDBbN,37,47,84,0.44
nDBbb,50,50,100,0.5
nDBbn,44,44,88,0.5
nDBnB,34,33,67,0.51
nDBnD,26,23,49,0.53
nDBnN,37,51,88,0.42
nDBnb,35,62,97,0.36
nDBnn,46,47,93,0.49
nDDBB,31,37,68,0.46
nDDBD,17,17,34,0.5
nDDBN,19,31,50,0.38
nDDBb,39,46,85,0.46
nDDBn,37,26,63,0.59
nDDDB,25,28,53,0.47
nDDDD,19,24,43,0.44
nDDDN,25,30,55,0.45
nDDDb,27,22,49,0.55
nDDDn,15,18,33,0.45
nDDNB,33,20,53,0.62
nDDND,24,19,43,0.56
nDDNN,26,42,68,0.38
nDDNb,36,30,66,0.55
nDDNn,27,32,59,0.46
nDDbB,41,41,82,0.5
nDDbD,18,24,42,0.43
nDDbN,26,35,61,0.43
nDDbb,49,36,85,0.58
nDDbn,35,31,66,0.53
nDDnB,28,30,58,0.48
nDDnD,22,24,46,0.48
nDDnN,31,25,56,0.55
nDDnb,47,44,91,0.52
nDDnn,35,33,68,0.51
nDNBB,51,52,103,0.5
nDNBD,27,34,61,0.44
nDNBN,29,43,72,0.4
nDNBb,53,39,92,0.58
nDNBn,61,43,104,0.59
nDNDB,31,29,60,0.52
nDNDD,20,20,40,0.5
nDNDN,37,16,53,0.7
nDNDb,37,33,70,0.53
nDNDn,26,38,64,0.41
nDNNB,48,61,109,0.44
nDNND,26,45,71,0.37
nDNNN,40,50,90,0.44
nDNNb,68,39,107,0.64
nDNNn,48,56,104,0.46
nDNbB,48,41,89,0.54
nDNbD,44,29,73,0.6
nDNbN,49,59,108,0.45
nDNbb,46,45,91,0.51
nDNbn,54,49,103,0.52
nDNnB,40,48,88,0.45
nDNnD,31,28,59,0.53
nDNnN,56,58,114,0.49
nDNnb,58,37,95,0.61
nDNnn,57,65,122,0.47
nDbBB,55,61,116,0.47
nDbBD,26,36,62,0.42
nDbBN,49,54,103,0.48
nDbBb,69,45,114,0.61
nDbBn,55,53,108,0.51
nDbDB,31,27,58,0.53
nDbDD,12,18,30,0.4
nDbDN,31,18,49,0.63
nDbDb,34,30,64,0.53
nDbDn,38,26,64,0.59
nDbNB,50,45,95,0.53
nDbND,37,33,70,0.53
nDbNN,52,56,108,0.48
nDbNb,52,57,109,0.48
nDbNn,52,47,99,0.53
nDbbB,71,39,110,0.65
nDbbD,33,27,60,0.55
nDbbN,54,53,107,0.5
nDbbb,66,52,118,0.56
nDbbn,48,49,97,0.49
nDbnB,52,47,99,0.53
nDbnD,33,40,73,0.45
nDbnN,48,44,92,0.52
nDbnb,60,39,99,0.61
nDbnn,47,50,97,0.48
nDnBB,39,46,85,0.46
nDnBD,33,30,63,0.52
nDnBN,39,40,79,0.49
nDnBb,43,51,94,0.46
nDnBn,46,53,99,0.46
nDnDB,38,42,80,0.48
nDnDD,20,20,40,0.5
nDnDN,25,31,56,0.45
nDnDb,40,40,80,0.5
nDnDn,34,23,57,0.6
nDnNB,52,43,95,0.55
nDnND,33,28,61,0.54
nDnNN,53,63,116,0.46
nDnNb,63,51,114,0.55
nDnNn,51,64,115,0.44
nDnbB,54,48,102,0.53
nDnbD,24,40,64,0.38
nDnbN,51,51,102,0.5
nDnbb,49,65,114,0.43
nDnbn,46,55,101,0.46
nDnnB,53,50,103,0.51
nDnnD,37,25,62,0.6
nDnnN,59,49,108,0.55
nDnnb,55,51,106,0.52
nDnnn,48,50,98,0.49
nNBBB,55,62,117,0.47
nNBBD,38,33,71,0.54
nNBBN,55,71,126,0.44
nNBBb,70,66,136,0.51
nNBBn,73,53,126,0.58
nNBDB,25,36,61,0.41
nNBDD,22,27,49,0.45
nNBDN,37,50,87,0.43
nNBDb,51,41,92,0.55
nNBDn,43,44,87,0.49
nNBNB,59,66,125,0.47
nNBND,45,35,80,0.56
nNBNN,59,80,139,0.42
nNBNb,87,64,151,0.58
nNBNn,68,82,150,0.45
nNBbB,61,72,133,0.46
nNBbD,38,36,74,0.51
nNBbN,89,76,165,0.54
nNBbb,51,67,118,0.43
nNBbn,76,59,135,0.56
nNBnB,60,53,113,0.53
nNBnD,42,55,97,0.43
nNBnN,66,78,144,0.46
nNBnb,83,67,150,0.55
nNBnn,87,76,163,0.53
nNDBB,35,40,75,0.47
nNDBD,24,36,60,0.4
nNDBN,49,43,92,0.53
nNDBb,45,52,97,0.46
nNDBn,46,44,90,0.51
nNDDB,29,27,56,0.52
nNDDD,27,27,54,0.5
nNDDN,38,41,79,0.48
nNDDb,43,38,81,0.53
nNDDn,38,29,67,0.57
nNDNB,45,49,94,0.48
nNDND,39,36,75,0.52
nNDNN,34,49,83,0.41
nNDNb,53,52,105,0.5
nNDNn,53,66,119,0.45
nNDbB,41,65,106,0.39
nNDbD,35,40,75,0.47
nNDbN,57,44,101,0.56
nNDbb,58,58,116,0.5
nNDbn,45,51,96,0.47
nNDnB,54,52,106,0.51
nNDnD,35,40,75,0.47
nNDnN,63,58,121,0.52
nNDnb,60,50,110,0.55
nNDnn,57,68,125,0.46
nNNBB,56,82,138,0.41
nNNBD,39,55,94,0.41
nNNBN,80,76,156,0.51
nNNBb,79,69,148,0.53
nNNBn,74,76,150,0.49
nNNDB,54,59,113,0.48
nNNDD,34,39,73,0.47
nNNDN,50,66,116,0.43
nNNDb,68,47,115,0.59
nNNDn,71,54,125,0.57
nNNNB,73,74,147,0.5
nNNND,66,50,116,0.57
nNNNN,112,94,206,0.54
nNNNb,102,82,184,0.55
nNNNn,110,91,201,0.55
nNNbB,59,75,134,0.44
nNNbD,47,44,91,0.52
nNNbN,78,84,162,0.48
nNNbb,81,68,149,0.54
nNNbn,72,89,161,0.45
nNNnB,65,92,157,0.41
nNNnD,62,69,131,0.47
nNNnN,89,94,183,0.49
nNNnb,92,82,174,0.53
nNNnn,103,107,210,0.49
nNbBB,45,64,109,0.41
nNbBD,36,42,78,0.46
nNbBN,82,88,170,0.48
nNbBb,71,71,142,0.5
nNbBn,88,83,171,0.51
nNbDB,48,32,80,0.6
nNbDD,29,41,70,0.41
nNbDN,52,42,94,0.55
nNbDb,46,53,99,0.46
nNbDn,53,59,112,0.47
nNbNB,67,98,165,0.41
nNbND,43,40,83,0.52
nNbNN,76,79,155,0.49
nNbNb,92,73,165,0.56
nNbNn,80,87,167,0.48
nNbbB,85,84,169,0.5
nNbbD,43,46,89,0.48
nNbbN,77,92,169,0.46
nNbbb,83,63,146,0.57
nNbbn,89,52,141,0.63
nNbnB,65,72,137,0.47
nNbnD,50,58,108,0.46
nNbnN,82,71,153,0.54
nNbnb,72,55,127,0.57
nNbnn,81,81,162,0.5
nNnBB,65,74,139,0.47
nNnBD,40,56,96,0.42
nNnBN,91,61,152,0.6
nNnBb,80,72,152,0.53
nNnBn,104,80,184,0.57
nNnDB,52,57,109,0.48
nNnDD,50,48,98,0.51
nNnDN,66,51,117,0.56
nNnDb,65,63,128,0.51
nNnDn,66,62,128,0.52
nNnNB,91,90,181,0.5
nNnND,69,75,144,0.48
nNnNN,117,89,206,0.57
nNnNb,94,79,173,0.54
nNnNn,118,111,229,0.52
nNnbB,68,89,157,0.43
nNnbD,61,61,122,0.5
nNnbN,97,84,181,0.54
nNnbb,93,94,187,0.5
nNnbn,96,87,183,0.52
nNnnB,78,96,174,0.45
nNnnD,79,76,155,0.51
nNnnN,98,121,219,0.45
nNnnb,111,88,199,0.56
nNnnn,109,108,217,0.5
nbBBB,64,60,124,0.52
nbBBD,41,46,87,0.47
nbBBN,66,73,139,0.47
nbBBb,75,76,151,0.5
nbBBn,83,72,155,0.54
nbBDB,37,38,75,0.49
nbBDD,34,21,55,0.62
nbBDN,35,41,76,0.46
nbBDb,57,38,95,0.6
nbBDn,62,45,107,0.58
nbBNB,69,62,131,0.53
nbBND,35,48,83,0.42
nbBNN,95,82,177,0.54
nbBNb,80,71,151,0.53
nbBNn,89,91,180,0.49
nbBbB,72,77,149,0.48
nbBbD,37,50,87,0.43
nbBbN,86,75,161,0.53
nbBbb,69,63,132,0.52
nbBbn,74,68,142,0.52
nbBnB,62,72,134,0.46
nbBnD,50,51,101,0.5
nbBnN,77,101,178,0.43
nbBnb,62,63,125,0.5
nbBnn,90,88,178,0.51
nbDBB,36,46,82,0.44
nbDBD,30,22,52,0.58
nbDBN,37,35,72,0.51
nbDBb,47,43,90,0.52
nbDBn,39,39,78,0.5
nbDDB,20,18,38,0.53
nbDDD,20,24,44,0.45
nbDDN,28,21,49,0.57
nbDDb,35,22,57,0.61
nbDDn,24,23,47,0.51
nbDNB,45,37,82,0.55
nbDND,25,22,47,0.53
nbDNN,40,39,79,0.51
nbDNb,39,37,76,0.51
nbDNn,54,50,104,0.52
nbDbB,49,57,106,0.46
nbDbD,18,34,52,0.35
nbDbN,41,28,69,0.59
nbDbb,52,38,90,0.58
nbDbn,34,44,78,0.44
nbDnB,43,33,76,0.57
nbDnD,38,32,70,0.54
nbDnN,44,45,89,0.49
nbDnb,42,46,88,0.48
nbDnn,47,38,85,0.55
nbNBB,56,57,113,0.5
nbNBD,35,40,75,0.47
nbNBN,79,87,166,0.48
nbNBb,60,62,122,0.49
nbNBn,68,71,139,0.49
nbNDB,49,50,99,0.49
nbNDD,21,22,43,0.49
nbNDN,50,43,93,0.54
nbNDb,53,45,98,0.54
nbNDn,51,54,105,0.49
nbNNB,73,82,155,0.47
nbNND,47,52,99,0.47
nbNNN,105,86,191,0.55
nbNNb,101,60,161,0.63
nbNNn,83,90,173,0.48
nbNbB,83,68,151,0.55
nbNbD,45,38,83,0.54
nbNbN,88,86,174,0.51
nbNbb,73,57,130,0.56
nbNbn,78,67,145,0.54
nbNnB,62,72,134,0.46
nbNnD,57,63,120,0.48
nbNnN,86,106,192,0.45
nbNnb,69,72,141,0.49
nbNnn,93,91,184,0.51
nbbBB,86,79,165,0.52
nbbBD,42,45,87,0.48
nbbBN,76,90,166,0.46
nbbBb,53,63,116,0.46
nbbBn,91,75,166,0.55
nbbDB,46,29,75,0.61
nbbDD,25,23,48,0.52
nbbDN,27,31,58,0.47
nbbDb,40,43,83,0.48
nbbDn,36,49,85,0.42
nbbNB,66,70,136,0.49
nbbND,49,42,91,0.54
nbbNN,65,70,135,0.48
nbbNb,87,62,149,0.58
nbbNn,84,79,163,0.52
nbbbB,100,88,188,0.53
nbbbD,40,28,68,0.59
nbbbN,83,84,167,0.5
nbbbb,88,66,154,0.57
nbbbn,77,58,135,0.57
nbbnB,69,61,130,0.53
nbbnD,35,30,65,0.54
nbbnN,84,67,151,0.56
nbbnb,72,63,135,0.53
nbbnn,67,56,123,0.54
nbnBB,61,71,132,0.46
nbnBD,46,31,77,0.6
nbnBN,65,83,148,0.44
nbnBb,81,67,148,0.55
nbnBn,74,79,153,0.48
nbnDB,38,43,81,0.47
nbnDD,33,28,61,0.54
nbnDN,56,53,109,0.51
nbnDb,51,53,104,0.49
nbnDn,40,30,70,0.57
nbnNB,70,62,132,0.53
nbnND,57,33,90,0.63
nbnNN,69,85,154,0.45
nbnNb,98,67,165,0.59
nbnNn,62,87,149,0.42
nbnbB,82,70,152,0.54
nbnbD,33,47,80,0.41
nbnbN,62,71,133,0.47
nbnbb,82,56,138,0.59
nbnbn,70,63,133,0.53
nbnnB,72,63,135,0.53
nbnnD,51,43,94,0.54
nbnnN,80,79,159,0.5
nbnnb,89,42,131,0.68
nbnnn,75,61,136,0.55
nnBBB,58,60,118,0.49
nnBBD,31,43,74,0.42
nnBBN,61,64,125,0.49
nnBBb,60,74,134,0.45
nnBBn,74,59,133,0.56
nnBDB,43,41,84,0.51
nnBDD,32,23,55,0.58
nnBDN,39,47,86,0.45
nnBDb,49,50,99,0.49
nnBDn,42,36,78,0.54
nnBNB,62,72,134,0.46
nnBND,51,39,90,0.57
nnBNN,68,75,143,0.48
nnBNb,65,70,135,0.48
nnBNn,86,72,158,0.54
nnBbB,70,59,129,0.54
nnBbD,36,42,78,0.46
nnBbN,75,65,140,0.54
nnBbb,69,66,135,0.51
nnBbn,73,77,150,0.49
nnBnB,69,58,127,0.54
nnBnD,42,65,107,0.39
nnBnN,75,94,169,0.44
nnBnb,83,62,145,0.57
nnBnn,91,74,165,0.55
nnDBB,43,36,79,0.54
nnDBD,30,42,72,0.42
nnDBN,62,50,112,0.55
nnDBb,61,51,112,0.54
nnDBn,50,49,99,0.51
nnDDB,26,33,59,0.44
nnDDD,28,29,57,0.49
nnDDN,31,41,72,0.43
nnDDb,42,28,70,0.6
nnDDn,28,39,67,0.42
nnDNB,47,49,96,0.49
nnDND,44,48,92,0.48
nnDNN,52,68,120,0.43
nnDNb,49,47,96,0.51
nnDNn,63,54,117,0.54
nnDbB,54,60,114,0.47
nnDbD,23,30,53,0.43
nnDbN,62,54,116,0.53
nnDbb,58,63,121,0.48
nnDbn,49,53,102,0.48
nnDnB,54,55,109,0.5
nnDnD,43,38,81,0.53
nnDnN,64,54,118,0.54
nnDnb,67,64,131,0.51
nnDnn,53,51,104,0.51
nnNBB,71,67,138,0.51
nnNBD,40,45,85,0.47
nnNBN,71,71,142,0.5
nnNBb,98,66,164,0.6
nnNBn,76,73,149,0.51
nnNDB,51,51,102,0.5
nnNDD,36,37,73,0.49
nnNDN,53,51,104,0.51
nnNDb,68,63,131,0.52
nnNDn,72,55,127,0.57
nnNNB,93,74,167,0.56
nnNND,58,56,114,0.51
nnNNN,92,101,193,0.48
nnNNb,75,76,151,0.5
nnNNn,82,86,168,0.49
nnNbB,67,80,147,0.46
nnNbD,41,47,88,0.47
nnNbN,82,92,174,0.47
nnNbb,93,54,147,0.63
nnNbn,87,79,166,0.52
nnNnB,82,82,164,0.5
nnNnD,67,60,127,0.53
nnNnN,119,87,206,0.58
nnNnb,99,95,194,0.51
nnNnn,108,103,211,0.51
nnbBB,77,77,154,0.5
nnbBD,56,58,114,0.49
nnbBN,89,101,190,0.47
nnbBb,88,62,150,0.59
nnbBn,92,80,172,0.53
nnbDB,42,48,90,0.47
nnbDD,24,28,52,0.46
nnbDN,41,42,83,0.49
nnbDb,32,42,74,0.43
nnbDn,51,33,84,0.61
nnbNB,65,61,126,0.52
nnbND,48,66,114,0.42
nnbNN,94,113,207,0.45
nnbNb,84,62,146,0.58
nnbNn,85,81,166,0.51
nnbbB,100,75,175,0.57
nnbbD,37,49,86,0.43
nnbbN,69,83,152,0.45
nnbbb,83,68,151,0.55
nnbbn,84,66,150,0.56
nnbnB,68,78,146,0.47
nnbnD,47,39,86,0.55
nnbnN,57,64,121,0.47
nnbnb,78,70,148,0.53
nnbnn,80,75,155,0.52
nnnBB,70,79,149,0.47
nnnBD,40,43,83,0.48
nnnBN,68,91,159,0.43
nnnBb,72,74,146,0.49
nnnBn,79,63,142,0.56
nnnDB,53,64,117,0.45
nnnDD,37,39,76,0.49
nnnDN,58,51,109,0.53
nnnDb,72,59,131,0.55
nnnDn,69,57,126,0.55
nnnNB,78,94,172,0.45
nnnND,57,72,129,0.44
nnnNN,111,81,192,0.58
nnnNb,93,67,160,0.58
nnnNn,100,108,208,0.48
nnnbB,89,98,187,0.48
nnnbD,40,41,81,0.49
nnnbN,81,72,153,0.53
nnnbb,91,75,166,0.55
nnnbn,74,70,144,0.51
nnnnB,92,71,163,0.56
nnnnD,68,63,131,0.52
nnnnN,87,96,183,0.48
nnnnb,102,75,177,0.58
nnnnn,93,97,190,0.49
