candlestick_code4,label_increase,label_decrease,occurrence,percentage
BBBB,87,66,153,0.57
BBBD,6,9,15,0.4
BBBH,0,0,0,
BBBK,0,5,5,0.0
BBBL,17,9,26,0.65
BBBM,47,50,97,0.48
BBBN,55,72,127,0.43
BBBP,61,78,139,0.44
BBBS,16,17,33,0.48
BBBb,71,59,130,0.55
BBBh,6,2,8,0.75
BBBj,11,11,22,0.5
BBBl,17,23,40,0.42
BBBm,56,40,96,0.58
BBBn,75,75,150,0.5
BBBs,24,17,41,0.59
BBBt,5,8,13,0.38
BBDB,4,2,6,0.67
BBDD,7,2,9,0.78
BBDH,5,7,12,0.42
BBDI,0,1,1,0.0
BBDL,7,3,10,0.7
BBDM,0,8,8,0.0
BBDN,2,6,8,0.25
BBDP,10,10,20,0.5
BBDS,2,2,4,0.5
BBDb,4,3,7,0.57
BBDl,1,2,3,0.33
BBDm,12,2,14,0.86
BBDn,3,5,8,0.38
BBDs,3,4,7,0.43
BBDt,2,1,3,0.67
BBHB,1,1,2,0.5
BBHL,0,1,1,0.0
BBHM,2,1,3,0.67
BBHN,0,2,2,0.0
BBHP,2,1,3,0.67
BBHh,1,0,1,1.0
BBIs,0,0,0,
BBKB,3,4,7,0.43
BBKD,0,3,3,0.0
BBKH,1,0,1,1.0
BBKI,2,0,2,1.0
BBKL,0,1,1,0.0
BBKM,6,1,7,0.86
BBKN,2,1,3,0.67
BBKP,5,3,8,0.62
BBKS,4,4,8,0.5
BBKb,5,0,5,1.0
BBKh,1,4,5,0.2
BBKl,1,2,3,0.33
BBKm,4,5,9,0.44
BBKn,6,2,8,0.75
BBKs,4,1,5,0.8
BBLB,17,16,33,0.52
BBLD,1,3,4,0.25
BBLL,3,5,8,0.38
BBLM,11,16,27,0.41
BBLN,7,14,21,0.33
BBLP,22,24,46,0.48
BBLS,4,4,8,0.5
BBLb,19,16,35,0.54
BBLh,5,4,9,0.56
BBLj,8,10,18,0.44
BBLl,8,5,13,0.62
BBLm,14,17,31,0.45
BBLn,20,29,49,0.41
BBLs,5,4,9,0.56
BBLt,2,3,5,0.4
BBMB,25,49,74,0.34
BBMD,3,3,6,0.5
BBMH,0,1,1,0.0
BBMI,0,0,0,
BBMK,1,0,1,1.0
BBML,12,6,18,0.67
BBMM,33,48,81,0.41
BBMN,33,43,76,0.43
BBMP,46,56,102,0.45
BBMS,14,20,34,0.41
BBMb,47,44,91,0.52
BBMh,20,32,52,0.38
BBMj,13,7,20,0.65
BBMl,13,12,25,0.52
BBMm,51,37,88,0.58
BBMn,65,54,119,0.55
BBMs,15,13,28,0.54
BBMt,6,3,9,0.67
BBNB,47,45,92,0.51
BBND,6,4,10,0.6
BBNH,8,9,17,0.47
BBNI,0,1,1,0.0
BBNK,3,2,5,0.6
BBNL,17,16,33,0.52
BBNM,36,63,99,0.36
BBNN,65,76,141,0.46
BBNP,78,92,170,0.46
BBNS,22,19,41,0.54
BBNb,47,43,90,0.52
BBNh,18,22,40,0.45
BBNl,23,28,51,0.45
BBNm,45,61,106,0.42
BBNn,65,88,153,0.42
BBNs,42,19,61,0.69
BBNt,8,7,15,0.53
BBPB,68,61,129,0.53
BBPD,5,7,12,0.42
BBPH,12,17,29,0.41
BBPI,4,3,7,0.57
BBPK,4,5,9,0.44
BBPL,31,24,55,0.56
BBPM,66,69,135,0.49
BBPN,69,69,138,0.5
BBPP,113,108,221,0.51
BBPS,35,49,84,0.42
BBPb,58,57,115,0.5
BBPh,6,6,12,0.5
BBPl,37,34,71,0.52
BBPm,63,66,129,0.49
BBPn,67,73,140,0.48
BBPs,33,35,68,0.49
BBPt,8,4,12,0.67
BBSB,10,25,35,0.29
BBSD,2,5,7,0.29
BBSH,4,6,10,0.4
BBSL,8,5,13,0.62
BBSM,18,13,31,0.58
BBSN,26,28,54,0.48
BBSP,21,25,46,0.46
BBSS,18,15,33,0.55
BBSb,20,18,38,0.53
BBSh,10,14,24,0.42
BBSl,11,6,17,0.65
BBSm,14,16,30,0.47
BBSn,15,25,40,0.38
BBSs,19,15,34,0.56
BBSt,0,2,2,0.0
BBbB,51,43,94,0.54
BBbD,6,4,10,0.6
BBbH,21,11,32,0.66
BBbI,4,3,7,0.57
BBbJ,20,14,34,0.59
BBbK,6,4,10,0.6
BBbL,14,22,36,0.39
BBbM,49,51,100,0.49
BBbN,58,73,131,0.44
BBbP,78,82,160,0.49
BBbS,25,31,56,0.45
BBbb,45,67,112,0.4
BBbl,25,23,48,0.52
BBbm,59,42,101,0.58
BBbn,52,63,115,0.45
BBbs,24,21,45,0.53
BBhB,2,6,8,0.25
BBhD,1,0,1,1.0
BBhH,1,0,1,1.0
BBhL,5,1,6,0.83
BBhM,2,3,5,0.4
BBhN,7,2,9,0.78
BBhP,8,10,18,0.44
BBhS,2,3,5,0.4
BBhb,8,5,13,0.62
BBhh,3,4,7,0.43
BBhl,1,0,1,1.0
BBhm,3,3,6,0.5
BBhn,6,5,11,0.55
BBhs,2,5,7,0.29
BBht,1,0,1,1.0
BBjB,16,15,31,0.52
BBjD,0,1,1,0.0
BBjH,2,2,4,0.5
BBjI,1,0,1,1.0
BBjK,0,0,0,
BBjL,3,8,11,0.27
BBjM,9,6,15,0.6
BBjN,10,14,24,0.42
BBjP,20,23,43,0.47
BBjS,6,11,17,0.35
BBjb,14,17,31,0.45
BBjh,3,6,9,0.33
BBjl,7,7,14,0.5
BBjm,11,10,21,0.52
BBjn,20,11,31,0.65
BBjs,6,10,16,0.38
BBjt,2,1,3,0.67
BBlB,11,18,29,0.38
BBlD,1,3,4,0.25
BBlH,13,11,24,0.54
BBlI,2,3,5,0.4
BBlJ,3,4,7,0.43
BBlL,7,3,10,0.7
BBlM,13,14,27,0.48
BBlN,15,25,40,0.38
BBlP,12,17,29,0.41
BBlS,5,11,16,0.31
BBlb,20,23,43,0.47
BBll,7,7,14,0.5
BBlm,21,18,39,0.54
BBln,23,19,42,0.55
BBls,5,14,19,0.26
BBmB,36,49,85,0.42
BBmD,11,8,19,0.58
BBmH,33,30,63,0.52
BBmI,5,3,8,0.62
BBmJ,9,12,21,0.43
BBmL,14,12,26,0.54
BBmM,36,59,95,0.38
BBmN,65,59,124,0.52
BBmP,69,48,117,0.59
BBmS,28,29,57,0.49
BBmb,48,32,80,0.6
BBml,12,9,21,0.57
BBmm,47,41,88,0.53
BBmn,60,37,97,0.62
BBms,20,25,45,0.44
BBnB,47,61,108,0.44
BBnD,4,8,12,0.33
BBnH,22,33,55,0.4
BBnI,8,4,12,0.67
BBnK,5,8,13,0.38
BBnL,22,24,46,0.48
BBnM,48,55,103,0.47
BBnN,97,103,200,0.48
BBnP,88,77,165,0.53
BBnS,38,35,73,0.52
BBnb,46,55,101,0.46
BBnh,3,9,12,0.25
BBnl,18,24,42,0.43
BBnm,81,49,130,0.62
BBnn,70,93,163,0.43
BBns,42,30,72,0.58
BBnt,0,1,1,0.0
BBsB,16,21,37,0.43
BBsD,7,0,7,1.0
BBsH,26,19,45,0.58
BBsI,3,2,5,0.6
BBsL,9,4,13,0.69
BBsM,14,22,36,0.39
BBsN,16,18,34,0.47
BBsP,31,33,64,0.48
BBsS,17,17,34,0.5
BBsb,14,11,25,0.56
BBsh,1,0,1,1.0
BBsl,9,10,19,0.47
BBsm,24,17,41,0.59
BBsn,19,10,29,0.66
BBss,14,17,31,0.45
BBtB,7,6,13,0.54
BBtD,2,0,2,1.0
BBtH,2,1,3,0.67
BBtI,0,0,0,
BBtL,2,3,5,0.4
BBtM,3,8,11,0.27
BBtN,9,4,13,0.69
BBtP,15,16,31,0.48
BBtS,4,5,9,0.44
BBtb,2,15,17,0.12
BBtl,4,2,6,0.67
BBtm,7,4,11,0.64
BBtn,10,7,17,0.59
BBts,4,3,7,0.57
BBtt,1,1,2,0.5
BDBB,9,9,18,0.5
BDBD,0,1,1,0.0
BDBH,1,0,1,1.0
BDBK,0,1,1,0.0
BDBL,1,3,4,0.25
BDBM,4,9,13,0.31
BDBN,2,4,6,0.33
BDBP,5,13,18,0.28
BDBS,1,2,3,0.33
BDBb,5,5,10,0.5
BDBh,0,2,2,0.0
BDBj,1,1,2,0.5
BDBl,2,0,2,1.0
BDBm,4,3,7,0.57
BDBn,5,6,11,0.45
BDBs,4,1,5,0.8
BDBt,1,0,1,1.0
BDDB,3,4,7,0.43
BDDD,1,1,2,0.5
BDDH,0,8,8,0.0
BDDL,0,1,1,0.0
BDDM,3,5,8,0.38
BDDN,4,2,6,0.67
BDDP,4,2,6,0.67
BDDS,2,2,4,0.5
BDDb,4,0,4,1.0
BDDh,0,1,1,0.0
BDDl,0,1,1,0.0
BDDm,6,3,9,0.67
BDDn,0,1,1,0.0
BDDs,2,0,2,1.0
BDHB,7,2,9,0.78
BDHD,3,3,6,0.5
BDHH,1,1,2,0.5
BDHI,1,0,1,1.0
BDHK,1,0,1,1.0
BDHL,2,2,4,0.5
BDHM,6,3,9,0.67
BDHN,5,6,11,0.45
BDHP,7,5,12,0.58
BDHS,7,2,9,0.78
BDHb,3,5,8,0.38
BDHh,3,2,5,0.6
BDHl,1,0,1,1.0
BDHm,10,7,17,0.59
BDHn,6,7,13,0.46
BDHs,3,3,6,0.5
BDIB,0,0,0,
BDID,0,1,1,0.0
BDIL,1,0,1,1.0
BDIM,1,1,2,0.5
BDIN,1,1,2,0.5
BDIP,0,2,2,0.0
BDIb,0,1,1,0.0
BDIm,0,1,1,0.0
BDIn,0,1,1,0.0
BDIs,0,1,1,0.0
BDKb,0,1,1,0.0
BDLB,1,4,5,0.2
BDLD,1,0,1,1.0
BDLH,1,0,1,1.0
BDLL,0,0,0,
BDLM,2,2,4,0.5
BDLN,3,3,6,0.5
BDLP,3,5,8,0.38
BDLS,4,4,8,0.5
BDLb,2,2,4,0.5
BDLh,2,1,3,0.67
BDLj,2,0,2,1.0
BDLl,1,1,2,0.5
BDLm,1,1,2,0.5
BDLn,4,5,9,0.44
BDLs,0,3,3,0.0
BDMB,7,9,16,0.44
BDMD,2,3,5,0.4
BDML,0,2,2,0.0
BDMM,6,7,13,0.46
BDMN,6,3,9,0.67
BDMP,6,8,14,0.43
BDMS,1,5,6,0.17
BDMb,6,4,10,0.6
BDMh,3,8,11,0.27
BDMj,1,1,2,0.5
BDMl,1,0,1,1.0
BDMm,16,5,21,0.76
BDMn,6,5,11,0.55
BDMs,3,2,5,0.6
BDMt,1,0,1,1.0
BDNB,4,4,8,0.5
BDND,1,3,4,0.25
BDNH,2,1,3,0.67
BDNK,1,0,1,1.0
BDNL,0,4,4,0.0
BDNM,7,10,17,0.41
BDNN,5,4,9,0.56
BDNP,5,6,11,0.45
BDNS,2,3,5,0.4
BDNb,4,9,13,0.31
BDNh,0,2,2,0.0
BDNl,1,2,3,0.33
BDNm,8,6,14,0.57
BDNn,4,6,10,0.4
BDNs,2,5,7,0.29
BDNt,1,1,2,0.5
BDPB,7,8,15,0.47
BDPD,1,0,1,1.0
BDPH,2,3,5,0.4
BDPI,1,0,1,1.0
BDPK,0,1,1,0.0
BDPL,2,1,3,0.67
BDPM,7,12,19,0.37
BDPN,4,7,11,0.36
BDPP,13,13,26,0.5
BDPS,7,9,16,0.44
BDPb,5,4,9,0.56
BDPh,4,3,7,0.57
BDPl,3,5,8,0.38
BDPm,7,7,14,0.5
BDPn,6,5,11,0.55
BDPs,5,3,8,0.62
BDPt,0,1,1,0.0
BDSB,11,6,17,0.65
BDSD,2,0,2,1.0
BDSH,2,2,4,0.5
BDSL,2,1,3,0.67
BDSM,0,6,6,0.0
BDSN,3,2,5,0.6
BDSP,7,7,14,0.5
BDSS,4,5,9,0.44
BDSb,7,5,12,0.58
BDSh,4,1,5,0.8
BDSl,2,2,4,0.5
BDSm,6,7,13,0.46
BDSn,7,3,10,0.7
BDSs,3,4,7,0.43
BDSt,0,0,0,
BDbB,3,6,9,0.33
BDbD,0,0,0,
BDbI,1,0,1,1.0
BDbJ,2,1,3,0.67
BDbK,1,2,3,0.33
BDbL,1,2,3,0.33
BDbM,10,2,12,0.83
BDbN,5,1,6,0.83
BDbP,6,8,14,0.43
BDbS,4,4,8,0.5
BDbb,6,1,7,0.86
BDbl,0,2,2,0.0
BDbm,10,7,17,0.59
BDbn,2,6,8,0.25
BDbs,6,2,8,0.75
BDhP,0,0,0,
BDhS,1,0,1,1.0
BDhb,0,1,1,0.0
BDhm,0,1,1,0.0
BDlB,2,0,2,1.0
BDlD,0,1,1,0.0
BDlH,1,1,2,0.5
BDlI,0,0,0,
BDlJ,1,0,1,1.0
BDlM,1,0,1,1.0
BDlN,4,3,7,0.57
BDlP,1,3,4,0.25
BDlS,1,3,4,0.25
BDlb,2,2,4,0.5
BDlm,2,5,7,0.29
BDln,3,0,3,1.0
BDls,1,4,5,0.2
BDmB,9,5,14,0.64
BDmD,3,2,5,0.6
BDmH,5,6,11,0.45
BDmJ,0,1,1,0.0
BDmL,2,4,6,0.33
BDmM,5,6,11,0.45
BDmN,10,4,14,0.71
BDmP,11,13,24,0.46
BDmS,8,12,20,0.4
BDmb,4,3,7,0.57
BDmh,1,0,1,1.0
BDml,3,1,4,0.75
BDmm,10,9,19,0.53
BDmn,4,5,9,0.44
BDms,4,9,13,0.31
BDmt,0,0,0,
BDnB,4,3,7,0.57
BDnD,4,1,5,0.8
BDnH,1,2,3,0.33
BDnK,2,0,2,1.0
BDnL,1,2,3,0.33
BDnM,6,6,12,0.5
BDnN,8,4,12,0.67
BDnP,7,9,16,0.44
BDnS,3,3,6,0.5
BDnb,6,5,11,0.55
BDnl,1,2,3,0.33
BDnm,7,5,12,0.58
BDnn,5,9,14,0.36
BDns,1,4,5,0.2
BDsB,3,4,7,0.43
BDsD,0,2,2,0.0
BDsH,2,5,7,0.29
BDsI,3,0,3,1.0
BDsK,0,1,1,0.0
BDsL,1,1,2,0.5
BDsM,4,5,9,0.44
BDsN,1,5,6,0.17
BDsP,3,8,11,0.27
BDsS,7,6,13,0.54
BDsb,5,3,8,0.62
BDsh,0,1,1,0.0
BDsl,1,2,3,0.33
BDsm,4,6,10,0.4
BDsn,4,1,5,0.8
BDss,5,3,8,0.62
BDtB,1,1,2,0.5
BDtD,0,2,2,0.0
BDtH,2,0,2,1.0
BDtM,2,0,2,1.0
BDtN,0,1,1,0.0
BDtP,1,0,1,1.0
BDtS,0,2,2,0.0
BDtb,1,1,2,0.5
BDtm,1,0,1,1.0
BDts,2,0,2,1.0
BHBL,0,2,2,0.0
BHBM,0,1,1,0.0
BHBN,0,2,2,0.0
BHBl,1,0,1,1.0
BHBm,1,0,1,1.0
BHBs,2,0,2,1.0
BHDS,0,1,1,0.0
BHHN,0,1,1,0.0
BHHS,0,0,0,
BHHn,1,0,1,1.0
BHHs,1,0,1,1.0
BHIH,0,1,1,0.0
BHIM,0,1,1,0.0
BHIS,0,0,0,
BHKs,0,0,0,
BHLD,1,0,1,1.0
BHLM,1,0,1,1.0
BHLP,0,0,0,
BHLS,1,1,2,0.5
BHLb,1,0,1,1.0
BHLj,0,1,1,0.0
BHMB,3,1,4,0.75
BHML,0,1,1,0.0
BHMN,3,0,3,1.0
BHMP,0,2,2,0.0
BHMb,1,2,3,0.33
BHMh,1,1,2,0.5
BHMn,0,0,0,
BHMs,0,1,1,0.0
BHMt,1,0,1,1.0
BHNB,1,0,1,1.0
BHNH,0,1,1,0.0
BHNM,1,0,1,1.0
BHNP,0,2,2,0.0
BHNS,1,1,2,0.5
BHNb,0,1,1,0.0
BHNl,1,0,1,1.0
BHNn,2,0,2,1.0
BHPD,0,0,0,
BHPH,0,1,1,0.0
BHPK,0,1,1,0.0
BHPM,0,1,1,0.0
BHPP,1,0,1,1.0
BHPS,1,1,2,0.5
BHPb,0,1,1,0.0
BHPm,0,1,1,0.0
BHPs,0,1,1,0.0
BHSN,1,0,1,1.0
BHSP,1,0,1,1.0
BHSS,0,1,1,0.0
BHSb,1,0,1,1.0
BHSh,0,1,1,0.0
BHSn,1,0,1,1.0
BHSs,1,1,2,0.5
BHbB,0,2,2,0.0
BHbH,0,0,0,
BHbK,1,0,1,1.0
BHbL,1,2,3,0.33
BHbP,1,0,1,1.0
BHbb,0,0,0,
BHbm,0,1,1,0.0
BHhB,0,1,1,0.0
BHlM,0,0,0,
BHlP,0,1,1,0.0
BHlm,0,1,1,0.0
BHmB,1,0,1,1.0
BHmH,2,0,2,1.0
BHmJ,1,0,1,1.0
BHmL,0,1,1,0.0
BHmM,1,0,1,1.0
BHmb,1,0,1,1.0
BHmm,0,0,0,
BHmn,0,1,1,0.0
BHms,1,0,1,1.0
BHnM,0,1,1,0.0
BHnN,0,0,0,
BHnP,0,1,1,0.0
BHnm,1,0,1,1.0
BHsB,0,1,1,0.0
BHsH,1,1,2,0.5
BHsP,1,0,1,1.0
BHsS,0,0,0,
BHsh,0,1,1,0.0
BHsn,1,0,1,1.0
BHss,1,0,1,1.0
BHtH,1,0,1,1.0
BIBB,0,0,0,
BIHP,1,0,1,1.0
BILN,1,0,1,1.0
BIMP,1,0,1,1.0
BIMS,0,1,1,0.0
BINK,0,1,1,0.0
BImM,1,0,1,1.0
BImb,0,1,1,0.0
BInm,0,1,1,0.0
BIns,0,0,0,
BIsP,1,0,1,1.0
BIsS,0,0,0,
BKBB,2,0,2,1.0
BKBK,1,0,1,1.0
BKBL,1,2,3,0.33
BKBM,4,5,9,0.44
BKBN,2,9,11,0.18
BKBP,4,6,10,0.4
BKBS,2,1,3,0.67
BKBb,3,1,4,0.75
BKBl,2,2,4,0.5
BKBm,6,4,10,0.6
BKBn,5,5,10,0.5
BKBs,2,0,2,1.0
BKDB,0,0,0,
BKDD,1,2,3,0.33
BKDH,1,1,2,0.5
BKDM,1,0,1,1.0
BKDP,1,1,2,0.5
BKDb,1,2,3,0.33
BKDm,1,1,2,0.5
BKDn,1,0,1,1.0
BKDs,0,0,0,
BKDt,0,0,0,
BKHB,1,2,3,0.33
BKHL,0,1,1,0.0
BKHM,1,2,3,0.33
BKHN,0,1,1,0.0
BKHb,1,0,1,1.0
BKHm,0,0,0,
BKIM,0,1,1,0.0
BKIN,1,0,1,1.0
BKIP,2,0,2,1.0
BKIS,1,1,2,0.5
BKIm,0,1,1,0.0
BKIn,1,2,3,0.33
BKLB,0,2,2,0.0
BKLD,2,0,2,1.0
BKLM,1,3,4,0.25
BKLN,1,1,2,0.5
BKLP,5,1,6,0.83
BKLS,1,1,2,0.5
BKLb,3,0,3,1.0
BKLh,0,1,1,0.0
BKLl,0,0,0,
BKLm,0,1,1,0.0
BKLn,0,3,3,0.0
BKLs,0,1,1,0.0
BKMB,5,5,10,0.5
BKMD,0,2,2,0.0
BKML,4,2,6,0.67
BKMM,6,3,9,0.67
BKMN,2,7,9,0.22
BKMP,8,5,13,0.62
BKMS,5,2,7,0.71
BKMb,4,3,7,0.57
BKMh,4,6,10,0.4
BKMj,0,1,1,0.0
BKMl,0,3,3,0.0
BKMm,7,5,12,0.58
BKMn,3,3,6,0.5
BKMs,4,2,6,0.67
BKNB,2,6,8,0.25
BKND,0,2,2,0.0
BKNH,0,2,2,0.0
BKNK,0,1,1,0.0
BKNL,1,1,2,0.5
BKNM,0,7,7,0.0
BKNN,2,3,5,0.4
BKNP,7,5,12,0.58
BKNS,2,2,4,0.5
BKNb,4,6,10,0.4
BKNh,2,1,3,0.67
BKNl,1,1,2,0.5
BKNm,4,4,8,0.5
BKNn,6,2,8,0.75
BKNs,2,5,7,0.29
BKNt,0,1,1,0.0
BKPB,6,3,9,0.67
BKPD,1,6,7,0.14
BKPH,1,2,3,0.33
BKPI,1,0,1,1.0
BKPL,1,5,6,0.17
BKPM,6,8,14,0.43
BKPN,6,6,12,0.5
BKPP,6,6,12,0.5
BKPS,4,5,9,0.44
BKPb,8,6,14,0.57
BKPh,0,1,1,0.0
BKPl,5,2,7,0.71
BKPm,6,9,15,0.4
BKPn,3,2,5,0.6
BKPs,3,3,6,0.5
BKPt,0,1,1,0.0
BKSB,1,0,1,1.0
BKSH,3,0,3,1.0
BKSL,2,2,4,0.5
BKSM,2,5,7,0.29
BKSN,1,2,3,0.33
BKSP,7,5,12,0.58
BKSS,2,2,4,0.5
BKSb,4,1,5,0.8
BKSh,2,1,3,0.67
BKSl,2,2,4,0.5
BKSm,2,1,3,0.67
BKSn,3,2,5,0.6
BKSs,1,3,4,0.25
BKSt,0,1,1,0.0
BKbB,4,3,7,0.57
BKbD,1,0,1,1.0
BKbH,3,1,4,0.75
BKbI,1,0,1,1.0
BKbL,1,2,3,0.33
BKbM,4,3,7,0.57
BKbN,5,9,14,0.36
BKbP,3,1,4,0.75
BKbS,0,4,4,0.0
BKbb,2,6,8,0.25
BKbl,1,1,2,0.5
BKbm,7,4,11,0.64
BKbn,4,3,7,0.57
BKbs,3,1,4,0.75
BKhB,4,0,4,1.0
BKhD,1,0,1,1.0
BKhH,1,2,3,0.33
BKhI,1,0,1,1.0
BKhL,1,0,1,1.0
BKhM,2,5,7,0.29
BKhN,2,5,7,0.29
BKhP,4,5,9,0.44
BKhS,0,4,4,0.0
BKhb,2,5,7,0.29
BKhh,2,0,2,1.0
BKhl,3,0,3,1.0
BKhm,3,4,7,0.43
BKhn,3,3,6,0.5
BKhs,2,1,3,0.67
BKht,1,1,2,0.5
BKlB,2,2,4,0.5
BKlH,3,2,5,0.6
BKlI,1,0,1,1.0
BKlJ,0,1,1,0.0
BKlL,0,1,1,0.0
BKlM,3,4,7,0.43
BKlN,2,2,4,0.5
BKlP,1,1,2,0.5
BKlS,0,1,1,0.0
BKlb,0,1,1,0.0
BKll,1,1,2,0.5
BKlm,1,0,1,1.0
BKln,2,5,7,0.29
BKls,2,3,5,0.4
BKmB,3,4,7,0.43
BKmD,2,5,7,0.29
BKmH,4,1,5,0.8
BKmI,1,1,2,0.5
BKmJ,2,0,2,1.0
BKmL,1,2,3,0.33
BKmM,6,5,11,0.55
BKmN,1,8,9,0.11
BKmP,9,4,13,0.69
BKmS,4,2,6,0.67
BKmb,4,7,11,0.36
BKml,3,3,6,0.5
BKmm,4,5,9,0.44
BKmn,9,3,12,0.75
BKms,3,4,7,0.43
BKnB,7,4,11,0.64
BKnD,2,2,4,0.5
BKnH,1,2,3,0.33
BKnI,0,1,1,0.0
BKnK,0,2,2,0.0
BKnL,1,2,3,0.33
BKnM,3,9,12,0.25
BKnN,2,8,10,0.2
BKnP,4,10,14,0.29
BKnS,2,4,6,0.33
BKnb,2,3,5,0.4
BKnl,1,0,1,1.0
BKnm,4,5,9,0.44
BKnn,5,2,7,0.71
BKns,3,3,6,0.5
BKsB,0,0,0,
BKsD,3,1,4,0.75
BKsH,1,3,4,0.25
BKsI,1,1,2,0.5
BKsK,1,0,1,1.0
BKsL,3,2,5,0.6
BKsM,1,3,4,0.25
BKsN,0,4,4,0.0
BKsP,2,4,6,0.33
BKsS,2,7,9,0.22
BKsb,2,3,5,0.4
BKsh,0,1,1,0.0
BKsl,2,2,4,0.5
BKsm,3,5,8,0.38
BKsn,5,0,5,1.0
BKss,5,1,6,0.83
BKtB,0,1,1,0.0
BKtD,1,0,1,1.0
BKtH,0,1,1,0.0
BKtN,0,2,2,0.0
BKtb,1,0,1,1.0
BKtl,1,0,1,1.0
BLBB,16,17,33,0.48
BLBD,1,1,2,0.5
BLBL,5,5,10,0.5
BLBM,13,10,23,0.57
BLBN,15,21,36,0.42
BLBP,22,23,45,0.49
BLBS,4,1,5,0.8
BLBb,17,12,29,0.59
BLBh,1,6,7,0.14
BLBj,5,6,11,0.45
BLBl,7,6,13,0.54
BLBm,17,14,31,0.55
BLBn,23,28,51,0.45
BLBs,6,2,8,0.75
BLBt,4,1,5,0.8
BLDB,0,1,1,0.0
BLDD,2,1,3,0.67
BLDH,5,2,7,0.71
BLDI,1,0,1,1.0
BLDL,1,1,2,0.5
BLDM,4,1,5,0.8
BLDN,2,1,3,0.67
BLDP,2,0,2,1.0
BLDb,1,3,4,0.25
BLDm,1,4,5,0.2
BLDn,2,5,7,0.29
BLDs,1,1,2,0.5
BLHM,1,1,2,0.5
BLHN,0,1,1,0.0
BLHP,2,1,3,0.67
BLHl,1,0,1,1.0
BLHm,1,0,1,1.0
BLHs,2,0,2,1.0
BLKB,0,1,1,0.0
BLKL,0,1,1,0.0
BLKM,1,0,1,1.0
BLKN,0,1,1,0.0
BLKP,1,0,1,1.0
BLKS,0,1,1,0.0
BLKb,0,2,2,0.0
BLKh,0,0,0,
BLKl,0,1,1,0.0
BLKm,1,1,2,0.5
BLKn,0,2,2,0.0
BLKs,1,1,2,0.5
BLLB,3,9,12,0.25
BLLD,0,1,1,0.0
BLLK,0,1,1,0.0
BLLL,1,0,1,1.0
BLLM,7,6,13,0.54
BLLN,2,4,6,0.33
BLLP,6,6,12,0.5
BLLS,3,5,8,0.38
BLLb,5,9,14,0.36
BLLh,2,3,5,0.4
BLLj,3,4,7,0.43
BLLl,5,2,7,0.71
BLLm,5,13,18,0.28
BLLn,16,4,20,0.8
BLLs,6,1,7,0.86
BLLt,2,0,2,1.0
BLMB,20,15,35,0.57
BLMD,1,1,2,0.5
BLML,1,5,6,0.17
BLMM,13,8,21,0.62
BLMN,19,13,32,0.59
BLMP,18,20,38,0.47
BLMS,5,6,11,0.45
BLMb,23,13,36,0.64
BLMh,12,13,25,0.48
BLMj,2,1,3,0.67
BLMl,5,4,9,0.56
BLMm,17,16,33,0.52
BLMn,25,13,38,0.66
BLMs,13,6,19,0.68
BLMt,2,0,2,1.0
BLNB,15,14,29,0.52
BLND,4,3,7,0.57
BLNH,5,4,9,0.56
BLNK,0,1,1,0.0
BLNL,6,6,12,0.5
BLNM,15,5,20,0.75
BLNN,12,9,21,0.57
BLNP,23,17,40,0.57
BLNS,10,10,20,0.5
BLNb,22,14,36,0.61
BLNh,7,6,13,0.54
BLNl,7,4,11,0.64
BLNm,14,14,28,0.5
BLNn,21,19,40,0.52
BLNs,6,7,13,0.46
BLNt,2,2,4,0.5
BLPB,15,23,38,0.39
BLPD,2,0,2,1.0
BLPH,4,3,7,0.57
BLPI,2,3,5,0.4
BLPK,2,2,4,0.5
BLPL,7,17,24,0.29
BLPM,17,26,43,0.4
BLPN,31,31,62,0.5
BLPP,47,37,84,0.56
BLPS,14,15,29,0.48
BLPb,26,26,52,0.5
BLPh,5,1,6,0.83
BLPl,12,9,21,0.57
BLPm,24,15,39,0.62
BLPn,23,31,54,0.43
BLPs,11,15,26,0.42
BLPt,2,3,5,0.4
BLSB,9,5,14,0.64
BLSD,0,4,4,0.0
BLSH,2,2,4,0.5
BLSK,1,0,1,1.0
BLSL,5,5,10,0.5
BLSM,10,8,18,0.56
BLSN,2,7,9,0.22
BLSP,14,15,29,0.48
BLSS,7,10,17,0.41
BLSb,12,7,19,0.63
BLSh,4,6,10,0.4
BLSl,4,4,8,0.5
BLSm,9,5,14,0.64
BLSn,13,8,21,0.62
BLSs,11,7,18,0.61
BLSt,0,2,2,0.0
BLbB,13,25,38,0.34
BLbD,1,2,3,0.33
BLbH,4,1,5,0.8
BLbI,2,2,4,0.5
BLbJ,5,4,9,0.56
BLbK,4,3,7,0.57
BLbL,9,9,18,0.5
BLbM,15,19,34,0.44
BLbN,25,22,47,0.53
BLbP,30,28,58,0.52
BLbS,5,10,15,0.33
BLbb,15,12,27,0.56
BLbl,5,9,14,0.36
BLbm,12,14,26,0.46
BLbn,17,11,28,0.61
BLbs,11,7,18,0.61
BLhB,6,7,13,0.46
BLhD,0,1,1,0.0
BLhI,1,0,1,1.0
BLhL,1,2,3,0.33
BLhM,7,3,10,0.7
BLhN,7,7,14,0.5
BLhP,11,12,23,0.48
BLhS,1,1,2,0.5
BLhb,8,8,16,0.5
BLhh,7,9,16,0.44
BLhl,3,5,8,0.38
BLhm,10,3,13,0.77
BLhn,16,8,24,0.67
BLhs,4,2,6,0.67
BLht,1,1,2,0.5
BLjB,5,5,10,0.5
BLjD,1,0,1,1.0
BLjH,1,1,2,0.5
BLjI,1,1,2,0.5
BLjL,1,4,5,0.2
BLjM,1,3,4,0.25
BLjN,3,9,12,0.25
BLjP,9,13,22,0.41
BLjS,6,4,10,0.6
BLjb,7,7,14,0.5
BLjh,1,2,3,0.33
BLjl,4,2,6,0.67
BLjm,9,5,14,0.64
BLjn,6,5,11,0.55
BLjs,4,0,4,1.0
BLjt,1,1,2,0.5
BLlB,5,8,13,0.38
BLlD,1,0,1,1.0
BLlH,7,10,17,0.41
BLlI,0,1,1,0.0
BLlJ,3,7,10,0.3
BLlL,3,2,5,0.6
BLlM,11,6,17,0.65
BLlN,10,13,23,0.43
BLlP,12,9,21,0.57
BLlS,4,8,12,0.33
BLlb,5,10,15,0.33
BLll,6,5,11,0.55
BLlm,5,7,12,0.42
BLln,14,5,19,0.74
BLls,6,4,10,0.6
BLmB,21,15,36,0.58
BLmD,4,0,4,1.0
BLmH,21,16,37,0.57
BLmI,1,1,2,0.5
BLmJ,1,1,2,0.5
BLmK,0,1,1,0.0
BLmL,11,7,18,0.61
BLmM,11,20,31,0.35
BLmN,18,27,45,0.4
BLmP,16,23,39,0.41
BLmS,11,12,23,0.48
BLmb,9,15,24,0.38
BLml,2,4,6,0.33
BLmm,15,15,30,0.5
BLmn,21,22,43,0.49
BLms,8,13,21,0.38
BLnB,15,18,33,0.45
BLnD,2,3,5,0.4
BLnH,9,11,20,0.45
BLnI,3,3,6,0.5
BLnK,1,4,5,0.2
BLnL,2,10,12,0.17
BLnM,23,17,40,0.57
BLnN,25,21,46,0.54
BLnP,31,36,67,0.46
BLnS,25,16,41,0.61
BLnb,21,27,48,0.44
BLnh,0,1,1,0.0
BLnl,6,11,17,0.35
BLnm,21,19,40,0.52
BLnn,31,28,59,0.53
BLns,16,19,35,0.46
BLsB,5,4,9,0.56
BLsD,2,2,4,0.5
BLsH,8,9,17,0.47
BLsI,2,3,5,0.4
BLsK,1,2,3,0.33
BLsL,7,5,12,0.58
BLsM,9,10,19,0.47
BLsN,13,13,26,0.5
BLsP,19,16,35,0.54
BLsS,7,6,13,0.54
BLsb,9,3,12,0.75
BLsh,0,1,1,0.0
BLsl,3,8,11,0.27
BLsm,6,5,11,0.55
BLsn,7,7,14,0.5
BLss,5,14,19,0.26
BLtB,1,2,3,0.33
BLtH,1,6,7,0.14
BLtL,2,1,3,0.67
BLtM,4,1,5,0.8
BLtN,2,3,5,0.4
BLtP,6,4,10,0.6
BLtS,0,4,4,0.0
BLtb,2,2,4,0.5
BLtl,1,0,1,1.0
BLtm,2,3,5,0.4
BLtn,3,0,3,1.0
BLts,2,2,4,0.5
BLtt,1,0,1,1.0
BMBB,38,58,96,0.4
BMBD,3,3,6,0.5
BMBH,0,0,0,
BMBK,2,2,4,0.5
BMBL,11,9,20,0.55
BMBM,28,43,71,0.39
BMBN,41,50,91,0.45
BMBP,51,53,104,0.49
BMBS,14,16,30,0.47
BMBb,54,59,113,0.48
BMBh,4,6,10,0.4
BMBj,7,9,16,0.44
BMBl,21,17,38,0.55
BMBm,41,40,81,0.51
BMBn,48,59,107,0.45
BMBs,18,18,36,0.5
BMBt,6,3,9,0.67
BMDB,2,6,8,0.25
BMDD,3,2,5,0.6
BMDH,3,4,7,0.43
BMDI,0,0,0,
BMDL,0,2,2,0.0
BMDM,0,8,8,0.0
BMDN,5,7,12,0.42
BMDP,10,6,16,0.62
BMDS,7,3,10,0.7
BMDb,3,5,8,0.38
BMDl,1,3,4,0.25
BMDm,3,5,8,0.38
BMDn,3,3,6,0.5
BMDs,1,7,8,0.12
BMHB,0,1,1,0.0
BMHH,0,0,0,
BMHM,1,0,1,1.0
BMHS,1,0,1,1.0
BMHl,0,1,1,0.0
BMHm,1,0,1,1.0
BMHs,1,1,2,0.5
BMIM,0,1,1,0.0
BMIP,1,0,1,1.0
BMIm,1,0,1,1.0
BMKI,1,0,1,1.0
BMKL,0,1,1,0.0
BMKM,1,0,1,1.0
BMKN,0,0,0,
BMKP,1,1,2,0.5
BMKS,0,1,1,0.0
BMKm,1,1,2,0.5
BMKn,1,1,2,0.5
BMLB,9,18,27,0.33
BMLD,3,1,4,0.75
BMLK,0,2,2,0.0
BMLL,10,4,14,0.71
BMLM,14,19,33,0.42
BMLN,7,19,26,0.27
BMLP,11,11,22,0.5
BMLS,9,5,14,0.64
BMLb,15,7,22,0.68
BMLh,10,8,18,0.56
BMLj,3,5,8,0.38
BMLl,4,4,8,0.5
BMLm,15,14,29,0.52
BMLn,17,19,36,0.47
BMLs,3,11,14,0.21
BMLt,0,2,2,0.0
BMMB,36,41,77,0.47
BMMD,4,4,8,0.5
BMML,7,8,15,0.47
BMMM,37,36,73,0.51
BMMN,34,41,75,0.45
BMMP,56,59,115,0.49
BMMS,18,23,41,0.44
BMMb,47,47,94,0.5
BMMh,24,27,51,0.47
BMMj,8,9,17,0.47
BMMl,20,11,31,0.65
BMMm,44,42,86,0.51
BMMn,55,55,110,0.5
BMMs,15,24,39,0.38
BMMt,2,6,8,0.25
BMNB,34,38,72,0.47
BMND,10,5,15,0.67
BMNH,11,7,18,0.61
BMNI,1,0,1,1.0
BMNK,3,5,8,0.38
BMNL,21,10,31,0.68
BMNM,46,44,90,0.51
BMNN,51,56,107,0.48
BMNP,63,66,129,0.49
BMNS,21,26,47,0.45
BMNb,38,47,85,0.45
BMNh,8,16,24,0.33
BMNl,17,8,25,0.68
BMNm,42,34,76,0.55
BMNn,71,65,136,0.52
BMNs,26,25,51,0.51
BMNt,11,4,15,0.73
BMPB,58,49,107,0.54
BMPD,2,5,7,0.29
BMPH,18,22,40,0.45
BMPI,8,1,9,0.89
BMPK,6,3,9,0.67
BMPL,17,17,34,0.5
BMPM,64,48,112,0.57
BMPN,47,66,113,0.42
BMPP,73,79,152,0.48
BMPS,53,28,81,0.65
BMPb,54,51,105,0.51
BMPh,7,9,16,0.44
BMPl,23,26,49,0.47
BMPm,67,58,125,0.54
BMPn,62,56,118,0.53
BMPs,35,30,65,0.54
BMPt,5,3,8,0.62
BMSB,17,24,41,0.41
BMSD,3,2,5,0.6
BMSH,6,9,15,0.4
BMSI,0,1,1,0.0
BMSK,0,1,1,0.0
BMSL,3,9,12,0.25
BMSM,28,19,47,0.6
BMSN,18,17,35,0.51
BMSP,37,28,65,0.57
BMSS,19,22,41,0.46
BMSb,23,22,45,0.51
BMSh,12,19,31,0.39
BMSl,7,8,15,0.47
BMSm,31,25,56,0.55
BMSn,19,26,45,0.42
BMSs,24,18,42,0.57
BMSt,1,6,7,0.14
BMbB,41,40,81,0.51
BMbD,2,9,11,0.18
BMbH,24,14,38,0.63
BMbI,5,4,9,0.56
BMbJ,13,11,24,0.54
BMbK,5,7,12,0.42
BMbL,18,9,27,0.67
BMbM,40,50,90,0.44
BMbN,79,78,157,0.5
BMbP,57,66,123,0.46
BMbS,30,29,59,0.51
BMbb,58,58,116,0.5
BMbh,1,0,1,1.0
BMbl,15,16,31,0.48
BMbm,40,41,81,0.49
BMbn,58,51,109,0.53
BMbs,29,26,55,0.53
BMhB,31,38,69,0.45
BMhD,5,3,8,0.62
BMhH,5,12,17,0.29
BMhI,2,0,2,1.0
BMhK,1,0,1,1.0
BMhL,4,11,15,0.27
BMhM,40,40,80,0.5
BMhN,32,26,58,0.55
BMhP,36,59,95,0.38
BMhS,29,25,54,0.54
BMhb,34,28,62,0.55
BMhh,24,29,53,0.45
BMhl,13,14,27,0.48
BMhm,32,34,66,0.48
BMhn,33,42,75,0.44
BMhs,25,22,47,0.53
BMht,1,1,2,0.5
BMjB,6,6,12,0.5
BMjH,3,6,9,0.33
BMjI,1,1,2,0.5
BMjK,2,2,4,0.5
BMjL,2,3,5,0.4
BMjM,10,11,21,0.48
BMjN,13,14,27,0.48
BMjP,9,14,23,0.39
BMjS,5,5,10,0.5
BMjb,16,8,24,0.67
BMjh,0,2,2,0.0
BMjl,6,3,9,0.67
BMjm,10,11,21,0.48
BMjn,8,11,19,0.42
BMjs,7,6,13,0.54
BMjt,1,1,2,0.5
BMlB,10,20,30,0.33
BMlD,2,6,8,0.25
BMlH,12,15,27,0.44
BMlI,4,3,7,0.57
BMlJ,5,4,9,0.56
BMlL,8,5,13,0.62
BMlM,20,11,31,0.65
BMlN,11,26,37,0.3
BMlP,24,27,51,0.47
BMlS,10,17,27,0.37
BMlb,18,16,34,0.53
BMll,6,3,9,0.67
BMlm,14,23,37,0.38
BMln,23,17,40,0.57
BMls,10,8,18,0.56
BMmB,39,35,74,0.53
BMmD,9,11,20,0.45
BMmH,26,44,70,0.37
BMmI,2,6,8,0.25
BMmJ,6,12,18,0.33
BMmK,2,0,2,1.0
BMmL,5,15,20,0.25
BMmM,41,63,104,0.39
BMmN,67,61,128,0.52
BMmP,50,55,105,0.48
BMmS,43,34,77,0.56
BMmb,34,43,77,0.44
BMmh,0,2,2,0.0
BMml,10,10,20,0.5
BMmm,50,34,84,0.6
BMmn,47,55,102,0.46
BMms,19,27,46,0.41
BMnB,54,43,97,0.56
BMnD,7,10,17,0.41
BMnH,23,34,57,0.4
BMnI,6,3,9,0.67
BMnK,6,11,17,0.35
BMnL,17,22,39,0.44
BMnM,55,70,125,0.44
BMnN,103,92,195,0.53
BMnP,86,109,195,0.44
BMnS,45,45,90,0.5
BMnb,64,50,114,0.56
BMnh,5,2,7,0.71
BMnl,17,14,31,0.55
BMnm,65,40,105,0.62
BMnn,72,72,144,0.5
BMns,36,32,68,0.53
BMsB,16,14,30,0.53
BMsD,4,2,6,0.67
BMsH,19,18,37,0.51
BMsI,3,0,3,1.0
BMsK,1,1,2,0.5
BMsL,8,6,14,0.57
BMsM,23,22,45,0.51
BMsN,19,23,42,0.45
BMsP,25,26,51,0.49
BMsS,29,28,57,0.51
BMsb,20,17,37,0.54
BMsl,9,8,17,0.53
BMsm,21,25,46,0.46
BMsn,25,23,48,0.52
BMss,20,14,34,0.59
BMtB,4,4,8,0.5
BMtD,0,1,1,0.0
BMtH,0,3,3,0.0
BMtK,2,0,2,1.0
BMtL,1,1,2,0.5
BMtM,6,9,15,0.4
BMtN,11,7,18,0.61
BMtP,11,4,15,0.73
BMtS,4,6,10,0.4
BMtb,6,5,11,0.55
BMtl,2,2,4,0.5
BMtm,7,4,11,0.64
BMtn,8,8,16,0.5
BMts,1,2,3,0.33
BMtt,2,2,4,0.5
BNBB,47,56,103,0.46
BNBD,6,9,15,0.4
BNBH,2,0,2,1.0
BNBK,2,3,5,0.4
BNBL,12,21,33,0.36
BNBM,27,45,72,0.38
BNBN,46,50,96,0.48
BNBP,56,70,126,0.44
BNBS,24,28,52,0.46
BNBb,59,58,117,0.5
BNBh,5,9,14,0.36
BNBj,9,11,20,0.45
BNBl,13,21,34,0.38
BNBm,44,46,90,0.49
BNBn,58,70,128,0.45
BNBs,13,31,44,0.3
BNBt,9,13,22,0.41
BNDB,7,10,17,0.41
BNDD,4,2,6,0.67
BNDH,6,9,15,0.4
BNDI,0,1,1,0.0
BNDL,0,1,1,0.0
BNDM,7,6,13,0.54
BNDN,5,11,16,0.31
BNDP,7,11,18,0.39
BNDS,11,9,20,0.55
BNDb,4,5,9,0.44
BNDh,1,0,1,1.0
BNDl,1,5,6,0.17
BNDm,10,6,16,0.62
BNDn,6,11,17,0.35
BNDs,3,1,4,0.75
BNDt,2,0,2,1.0
BNHB,9,8,17,0.53
BNHD,0,1,1,0.0
BNHH,1,2,3,0.33
BNHI,2,1,3,0.67
BNHK,2,1,3,0.67
BNHL,2,4,6,0.33
BNHM,5,5,10,0.5
BNHN,6,11,17,0.35
BNHP,9,9,18,0.5
BNHS,3,3,6,0.5
BNHb,6,4,10,0.6
BNHh,4,3,7,0.57
BNHl,6,2,8,0.75
BNHm,6,3,9,0.67
BNHn,11,5,16,0.69
BNHs,4,8,12,0.33
BNHt,2,0,2,1.0
BNIM,1,0,1,1.0
BNIN,0,0,0,
BNIS,1,1,2,0.5
BNIb,1,2,3,0.33
BNIm,1,0,1,1.0
BNKB,3,2,5,0.6
BNKD,0,1,1,0.0
BNKL,1,0,1,1.0
BNKM,2,2,4,0.5
BNKN,0,1,1,0.0
BNKP,6,7,13,0.46
BNKS,9,1,10,0.9
BNKb,3,2,5,0.6
BNKh,4,2,6,0.67
BNKl,3,1,4,0.75
BNKm,5,3,8,0.62
BNKn,4,6,10,0.4
BNKs,4,2,6,0.67
BNLB,17,14,31,0.55
BNLD,3,3,6,0.5
BNLK,1,0,1,1.0
BNLL,5,5,10,0.5
BNLM,12,22,34,0.35
BNLN,21,17,38,0.55
BNLP,24,30,54,0.44
BNLS,7,8,15,0.47
BNLb,21,12,33,0.64
BNLh,8,7,15,0.53
BNLj,4,6,10,0.4
BNLl,10,3,13,0.77
BNLm,11,16,27,0.41
BNLn,18,21,39,0.46
BNLs,6,13,19,0.32
BNLt,2,0,2,1.0
BNMB,36,57,93,0.39
BNMD,5,9,14,0.36
BNMK,1,0,1,1.0
BNML,7,21,28,0.25
BNMM,34,34,68,0.5
BNMN,47,47,94,0.5
BNMP,60,63,123,0.49
BNMS,17,20,37,0.46
BNMb,53,62,115,0.46
BNMh,36,28,64,0.56
BNMj,11,4,15,0.73
BNMl,21,17,38,0.55
BNMm,52,54,106,0.49
BNMn,60,70,130,0.46
BNMs,24,26,50,0.48
BNMt,7,4,11,0.64
BNNB,48,59,107,0.45
BNND,14,5,19,0.74
BNNH,15,8,23,0.65
BNNK,8,9,17,0.47
BNNL,29,23,52,0.56
BNNM,43,56,99,0.43
BNNN,82,70,152,0.54
BNNP,83,119,202,0.41
BNNS,41,40,81,0.51
BNNb,58,57,115,0.5
BNNh,14,21,35,0.4
BNNl,21,25,46,0.46
BNNm,73,57,130,0.56
BNNn,87,99,186,0.47
BNNs,37,38,75,0.49
BNNt,14,18,32,0.44
BNPB,58,72,130,0.45
BNPD,9,6,15,0.6
BNPH,23,26,49,0.47
BNPI,7,5,12,0.58
BNPK,4,6,10,0.4
BNPL,28,37,65,0.43
BNPM,78,91,169,0.46
BNPN,79,119,198,0.4
BNPP,135,115,250,0.54
BNPS,75,61,136,0.55
BNPb,103,71,174,0.59
BNPh,8,19,27,0.3
BNPl,42,34,76,0.55
BNPm,84,80,164,0.51
BNPn,97,111,208,0.47
BNPs,56,50,106,0.53
BNPt,8,16,24,0.33
BNSB,25,26,51,0.49
BNSD,7,2,9,0.78
BNSH,6,14,20,0.3
BNSI,1,1,2,0.5
BNSL,9,10,19,0.47
BNSM,36,28,64,0.56
BNSN,22,32,54,0.41
BNSP,46,49,95,0.48
BNSS,25,35,60,0.42
BNSb,21,29,50,0.42
BNSh,26,22,48,0.54
BNSl,19,12,31,0.61
BNSm,38,29,67,0.57
BNSn,31,31,62,0.5
BNSs,32,33,65,0.49
BNSt,4,7,11,0.36
BNbB,37,38,75,0.49
BNbD,4,2,6,0.67
BNbH,18,18,36,0.5
BNbI,2,4,6,0.33
BNbJ,16,11,27,0.59
BNbK,4,5,9,0.44
BNbL,17,19,36,0.47
BNbM,40,32,72,0.56
BNbN,63,72,135,0.47
BNbP,67,68,135,0.5
BNbS,32,33,65,0.49
BNbb,49,39,88,0.56
BNbl,15,19,34,0.44
BNbm,53,39,92,0.58
BNbn,51,60,111,0.46
BNbs,36,27,63,0.57
BNhB,19,20,39,0.49
BNhD,0,2,2,0.0
BNhH,2,3,5,0.4
BNhI,1,1,2,0.5
BNhK,1,0,1,1.0
BNhL,9,8,17,0.53
BNhM,12,18,30,0.4
BNhN,8,28,36,0.22
BNhP,25,31,56,0.45
BNhS,20,17,37,0.54
BNhb,24,23,47,0.51
BNhh,17,13,30,0.57
BNhl,12,8,20,0.6
BNhm,22,18,40,0.55
BNhn,26,19,45,0.58
BNhs,21,15,36,0.58
BNht,1,1,2,0.5
BNlB,17,21,38,0.45
BNlD,3,6,9,0.33
BNlH,15,17,32,0.47
BNlI,1,3,4,0.25
BNlJ,3,7,10,0.3
BNlK,3,1,4,0.75
BNlL,9,7,16,0.56
BNlM,17,24,41,0.41
BNlN,19,30,49,0.39
BNlP,30,28,58,0.52
BNlS,16,15,31,0.52
BNlb,19,16,35,0.54
BNll,13,7,20,0.65
BNlm,25,11,36,0.69
BNln,14,27,41,0.34
BNls,11,13,24,0.46
BNmB,40,42,82,0.49
BNmD,9,8,17,0.53
BNmH,38,41,79,0.48
BNmI,6,6,12,0.5
BNmJ,5,9,14,0.36
BNmL,14,10,24,0.58
BNmM,44,44,88,0.5
BNmN,50,71,121,0.41
BNmP,65,77,142,0.46
BNmS,30,48,78,0.38
BNmb,45,53,98,0.46
BNml,12,12,24,0.5
BNmm,47,59,106,0.44
BNmn,59,51,110,0.54
BNms,45,26,71,0.63
BNnB,51,47,98,0.52
BNnD,11,8,19,0.58
BNnH,36,50,86,0.42
BNnI,12,7,19,0.63
BNnK,3,3,6,0.5
BNnL,22,26,48,0.46
BNnM,69,64,133,0.52
BNnN,107,129,236,0.45
BNnP,95,101,196,0.48
BNnS,67,62,129,0.52
BNnb,49,64,113,0.43
BNnh,1,6,7,0.14
BNnl,34,21,55,0.62
BNnm,88,68,156,0.56
BNnn,87,107,194,0.45
BNns,64,55,119,0.54
BNsB,26,21,47,0.55
BNsD,4,12,16,0.25
BNsH,30,35,65,0.46
BNsI,7,3,10,0.7
BNsK,0,1,1,0.0
BNsL,11,16,27,0.41
BNsM,37,37,74,0.5
BNsN,42,39,81,0.52
BNsP,55,55,110,0.5
BNsS,30,33,63,0.48
BNsb,36,27,63,0.57
BNsh,1,1,2,0.5
BNsl,13,11,24,0.54
BNsm,37,25,62,0.6
BNsn,39,32,71,0.55
BNss,29,23,52,0.56
BNst,1,0,1,1.0
BNtB,10,6,16,0.62
BNtD,1,3,4,0.25
BNtH,6,7,13,0.46
BNtI,1,2,3,0.33
BNtK,1,0,1,1.0
BNtL,5,2,7,0.71
BNtM,9,11,20,0.45
BNtN,7,11,18,0.39
BNtP,14,19,33,0.42
BNtS,4,5,9,0.44
BNtb,8,7,15,0.53
BNth,1,0,1,1.0
BNtl,3,3,6,0.5
BNtm,8,2,10,0.8
BNtn,10,9,19,0.53
BNts,7,8,15,0.47
BNtt,2,4,6,0.33
BPBB,56,63,119,0.47
BPBD,4,7,11,0.36
BPBH,1,0,1,1.0
BPBI,1,0,1,1.0
BPBK,4,3,7,0.57
BPBL,23,20,43,0.53
BPBM,30,49,79,0.38
BPBN,62,57,119,0.52
BPBP,78,91,169,0.46
BPBS,31,23,54,0.57
BPBb,59,58,117,0.5
BPBh,6,10,16,0.38
BPBj,15,21,36,0.42
BPBl,26,27,53,0.49
BPBm,67,49,116,0.58
BPBn,67,80,147,0.46
BPBs,15,21,36,0.42
BPBt,12,8,20,0.6
BPDB,7,5,12,0.58
BPDD,2,3,5,0.4
BPDH,8,7,15,0.53
BPDI,3,0,3,1.0
BPDL,2,2,4,0.5
BPDM,8,4,12,0.67
BPDN,5,6,11,0.45
BPDP,5,14,19,0.26
BPDS,5,5,10,0.5
BPDb,5,10,15,0.33
BPDl,5,2,7,0.71
BPDm,6,9,15,0.4
BPDn,4,1,5,0.8
BPDs,6,11,17,0.35
BPHB,10,9,19,0.53
BPHD,2,0,2,1.0
BPHH,4,4,8,0.5
BPHI,3,0,3,1.0
BPHK,2,1,3,0.67
BPHL,5,6,11,0.45
BPHM,15,8,23,0.65
BPHN,25,17,42,0.6
BPHP,24,26,50,0.48
BPHS,16,18,34,0.47
BPHb,11,14,25,0.44
BPHh,5,9,14,0.36
BPHl,8,11,19,0.42
BPHm,19,8,27,0.7
BPHn,22,20,42,0.52
BPHs,16,13,29,0.55
BPHt,0,1,1,0.0
BPIB,6,0,6,1.0
BPID,0,1,1,0.0
BPIH,2,5,7,0.29
BPIL,3,1,4,0.75
BPIM,3,10,13,0.23
BPIN,3,2,5,0.6
BPIP,7,5,12,0.58
BPIS,1,1,2,0.5
BPIb,1,5,6,0.17
BPIl,2,1,3,0.67
BPIm,7,5,12,0.58
BPIn,7,3,10,0.7
BPIs,4,2,6,0.67
BPIt,1,0,1,1.0
BPKB,2,3,5,0.4
BPKD,0,2,2,0.0
BPKH,1,2,3,0.33
BPKL,4,2,6,0.67
BPKM,11,8,19,0.58
BPKN,9,3,12,0.75
BPKP,6,2,8,0.75
BPKS,4,5,9,0.44
BPKb,6,4,10,0.6
BPKh,9,5,14,0.64
BPKl,4,3,7,0.57
BPKm,8,9,17,0.47
BPKn,2,6,8,0.25
BPKs,3,8,11,0.27
BPKt,0,2,2,0.0
BPLB,22,21,43,0.51
BPLD,3,2,5,0.6
BPLH,0,1,1,0.0
BPLK,0,3,3,0.0
BPLL,14,8,22,0.64
BPLM,18,25,43,0.42
BPLN,18,30,48,0.38
BPLP,35,35,70,0.5
BPLS,18,9,27,0.67
BPLb,25,23,48,0.52
BPLh,11,11,22,0.5
BPLj,8,9,17,0.47
BPLl,19,20,39,0.49
BPLm,32,32,64,0.5
BPLn,34,33,67,0.51
BPLs,23,15,38,0.61
BPLt,2,1,3,0.67
BPMB,64,67,131,0.49
BPMD,9,4,13,0.69
BPMH,1,1,2,0.5
BPML,16,22,38,0.42
BPMM,45,66,111,0.41
BPMN,46,44,90,0.51
BPMP,69,105,174,0.4
BPMS,30,44,74,0.41
BPMb,57,56,113,0.5
BPMh,42,52,94,0.45
BPMj,12,10,22,0.55
BPMl,38,30,68,0.56
BPMm,74,76,150,0.49
BPMn,87,72,159,0.55
BPMs,29,52,81,0.36
BPMt,5,5,10,0.5
BPNB,63,63,126,0.5
BPND,4,8,12,0.33
BPNH,8,17,25,0.32
BPNK,6,5,11,0.55
BPNL,30,37,67,0.45
BPNM,58,70,128,0.45
BPNN,73,76,149,0.49
BPNP,125,104,229,0.55
BPNS,49,55,104,0.47
BPNb,62,64,126,0.49
BPNh,24,27,51,0.47
BPNl,35,34,69,0.51
BPNm,75,68,143,0.52
BPNn,81,80,161,0.5
BPNs,51,40,91,0.56
BPNt,12,5,17,0.71
BPPB,96,94,190,0.51
BPPD,12,12,24,0.5
BPPH,19,32,51,0.37
BPPI,9,5,14,0.64
BPPK,9,15,24,0.38
BPPL,62,56,118,0.53
BPPM,91,123,214,0.43
BPPN,96,96,192,0.5
BPPP,160,171,331,0.48
BPPS,73,86,159,0.46
BPPb,89,99,188,0.47
BPPh,10,9,19,0.53
BPPl,63,61,124,0.51
BPPm,117,93,210,0.56
BPPn,101,84,185,0.55
BPPs,72,81,153,0.47
BPPt,9,6,15,0.6
BPSB,29,30,59,0.49
BPSD,4,9,13,0.31
BPSH,13,18,31,0.42
BPSI,1,0,1,1.0
BPSK,0,0,0,
BPSL,13,20,33,0.39
BPSM,31,50,81,0.38
BPSN,37,39,76,0.49
BPSP,57,49,106,0.54
BPSS,24,51,75,0.32
BPSb,33,38,71,0.46
BPSh,21,26,47,0.45
BPSl,25,16,41,0.61
BPSm,47,35,82,0.57
BPSn,46,36,82,0.56
BPSs,39,41,80,0.49
BPSt,4,4,8,0.5
BPbB,67,61,128,0.52
BPbD,7,10,17,0.41
BPbH,15,17,32,0.47
BPbI,7,3,10,0.7
BPbJ,15,14,29,0.52
BPbK,5,7,12,0.42
BPbL,23,23,46,0.5
BPbM,65,84,149,0.44
BPbN,69,83,152,0.45
BPbP,86,83,169,0.51
BPbS,36,36,72,0.5
BPbb,63,65,128,0.49
BPbl,32,28,60,0.53
BPbm,57,45,102,0.56
BPbn,73,60,133,0.55
BPbs,40,32,72,0.56
BPhB,7,0,7,1.0
BPhD,1,0,1,1.0
BPhL,0,2,2,0.0
BPhM,4,6,10,0.4
BPhN,8,11,19,0.42
BPhP,13,16,29,0.45
BPhS,5,7,12,0.42
BPhb,2,6,8,0.25
BPhh,5,5,10,0.5
BPhl,3,5,8,0.38
BPhm,9,7,16,0.56
BPhn,12,1,13,0.92
BPhs,5,8,13,0.38
BPht,1,0,1,1.0
BPlB,22,26,48,0.46
BPlD,2,8,10,0.2
BPlH,15,24,39,0.38
BPlI,3,2,5,0.6
BPlJ,10,10,20,0.5
BPlK,2,0,2,1.0
BPlL,22,15,37,0.59
BPlM,43,36,79,0.54
BPlN,40,27,67,0.6
BPlP,48,37,85,0.56
BPlS,23,16,39,0.59
BPlb,28,39,67,0.42
BPll,14,19,33,0.42
BPlm,28,28,56,0.5
BPln,27,25,52,0.52
BPls,19,18,37,0.51
BPmB,57,64,121,0.47
BPmD,9,12,21,0.43
BPmH,41,38,79,0.52
BPmI,5,5,10,0.5
BPmJ,13,13,26,0.5
BPmL,24,30,54,0.44
BPmM,61,69,130,0.47
BPmN,86,71,157,0.55
BPmP,86,75,161,0.53
BPmS,33,46,79,0.42
BPmb,54,49,103,0.52
BPmh,0,1,1,0.0
BPml,24,29,53,0.45
BPmm,60,51,111,0.54
BPmn,58,54,112,0.52
BPms,32,28,60,0.53
BPnB,62,39,101,0.61
BPnD,4,12,16,0.25
BPnH,28,40,68,0.41
BPnI,6,6,12,0.5
BPnK,4,8,12,0.33
BPnL,32,27,59,0.54
BPnM,58,74,132,0.44
BPnN,84,80,164,0.51
BPnP,97,100,197,0.49
BPnS,47,45,92,0.51
BPnb,70,67,137,0.51
BPnh,3,4,7,0.43
BPnl,32,29,61,0.52
BPnm,52,47,99,0.53
BPnn,69,75,144,0.48
BPns,49,62,111,0.44
BPnt,1,0,1,1.0
BPsB,24,25,49,0.49
BPsD,5,8,13,0.38
BPsH,38,28,66,0.58
BPsI,4,1,5,0.8
BPsK,1,0,1,1.0
BPsL,15,13,28,0.54
BPsM,25,34,59,0.42
BPsN,44,29,73,0.6
BPsP,51,61,112,0.46
BPsS,44,28,72,0.61
BPsb,32,27,59,0.54
BPsh,3,0,3,1.0
BPsl,23,19,42,0.55
BPsm,47,38,85,0.55
BPsn,33,33,66,0.5
BPss,33,35,68,0.49
BPst,0,0,0,
BPtB,3,4,7,0.43
BPtD,1,0,1,1.0
BPtH,2,5,7,0.29
BPtK,0,1,1,0.0
BPtL,2,3,5,0.4
BPtM,4,7,11,0.36
BPtN,6,6,12,0.5
BPtP,4,11,15,0.27
BPtS,2,4,6,0.33
BPtb,2,2,4,0.5
BPtl,2,1,3,0.67
BPtm,4,5,9,0.44
BPtn,6,4,10,0.6
BPts,2,3,5,0.4
BPtt,2,0,2,1.0
BSBB,23,19,42,0.55
BSBD,7,1,8,0.88
BSBK,3,1,4,0.75
BSBL,7,10,17,0.41
BSBM,11,14,25,0.44
BSBN,20,28,48,0.42
BSBP,26,22,48,0.54
BSBS,16,16,32,0.5
BSBb,24,12,36,0.67
BSBh,0,7,7,0.0
BSBj,5,4,9,0.56
BSBl,9,9,18,0.5
BSBm,15,13,28,0.54
BSBn,39,21,60,0.65
BSBs,19,8,27,0.7
BSBt,2,1,3,0.67
BSDB,2,1,3,0.67
BSDD,2,1,3,0.67
BSDH,1,1,2,0.5
BSDI,1,0,1,1.0
BSDL,0,0,0,
BSDM,5,4,9,0.56
BSDN,0,3,3,0.0
BSDP,13,2,15,0.87
BSDS,3,3,6,0.5
BSDb,6,4,10,0.6
BSDh,0,1,1,0.0
BSDl,1,1,2,0.5
BSDm,7,6,13,0.54
BSDn,1,8,9,0.11
BSDs,3,5,8,0.38
BSHB,5,7,12,0.42
BSHD,3,2,5,0.6
BSHH,2,6,8,0.25
BSHI,2,1,3,0.67
BSHK,1,2,3,0.33
BSHL,2,3,5,0.4
BSHM,12,9,21,0.57
BSHN,7,8,15,0.47
BSHP,11,9,20,0.55
BSHS,10,9,19,0.53
BSHb,15,13,28,0.54
BSHh,2,3,5,0.4
BSHl,4,6,10,0.4
BSHm,7,9,16,0.44
BSHn,12,6,18,0.67
BSHs,9,7,16,0.56
BSIB,1,1,2,0.5
BSID,0,0,0,
BSIL,0,1,1,0.0
BSIM,1,0,1,1.0
BSIN,1,1,2,0.5
BSIP,0,1,1,0.0
BSIS,0,2,2,0.0
BSIb,0,2,2,0.0
BSKB,0,1,1,0.0
BSKM,1,0,1,1.0
BSKN,1,0,1,1.0
BSKb,0,1,1,0.0
BSKm,1,0,1,1.0
BSKn,1,1,2,0.5
BSKs,0,1,1,0.0
BSLB,7,8,15,0.47
BSLD,1,0,1,1.0
BSLK,0,0,0,
BSLL,4,6,10,0.4
BSLM,9,14,23,0.39
BSLN,3,9,12,0.25
BSLP,15,6,21,0.71
BSLS,5,7,12,0.42
BSLb,11,9,20,0.55
BSLh,6,3,9,0.67
BSLj,4,4,8,0.5
BSLl,5,5,10,0.5
BSLm,14,9,23,0.61
BSLn,9,10,19,0.47
BSLs,4,8,12,0.33
BSLt,2,0,2,1.0
BSMB,24,19,43,0.56
BSMD,3,2,5,0.6
BSMH,0,2,2,0.0
BSMK,1,0,1,1.0
BSML,4,9,13,0.31
BSMM,37,40,77,0.48
BSMN,26,18,44,0.59
BSMP,24,37,61,0.39
BSMS,9,17,26,0.35
BSMb,20,38,58,0.34
BSMh,18,22,40,0.45
BSMj,4,5,9,0.44
BSMl,11,7,18,0.61
BSMm,32,27,59,0.54
BSMn,28,37,65,0.43
BSMs,21,14,35,0.6
BSMt,5,3,8,0.62
BSNB,22,16,38,0.58
BSND,2,6,8,0.25
BSNH,3,4,7,0.43
BSNI,0,1,1,0.0
BSNK,3,3,6,0.5
BSNL,9,8,17,0.53
BSNM,17,23,40,0.42
BSNN,33,38,71,0.46
BSNP,41,24,65,0.63
BSNS,18,20,38,0.47
BSNb,26,23,49,0.53
BSNh,8,6,14,0.57
BSNl,9,12,21,0.43
BSNm,23,25,48,0.48
BSNn,29,34,63,0.46
BSNs,26,15,41,0.63
BSNt,7,3,10,0.7
BSPB,29,30,59,0.49
BSPD,1,2,3,0.33
BSPH,9,8,17,0.53
BSPI,5,2,7,0.71
BSPK,1,4,5,0.2
BSPL,13,21,34,0.38
BSPM,25,43,68,0.37
BSPN,46,42,88,0.52
BSPP,62,60,122,0.51
BSPS,31,29,60,0.52
BSPb,33,27,60,0.55
BSPh,3,9,12,0.25
BSPl,23,23,46,0.5
BSPm,40,22,62,0.65
BSPn,31,33,64,0.48
BSPs,38,24,62,0.61
BSPt,1,5,6,0.17
BSSB,13,19,32,0.41
BSSD,6,5,11,0.55
BSSH,13,12,25,0.52
BSSL,5,11,16,0.31
BSSM,21,18,39,0.54
BSSN,22,13,35,0.63
BSSP,25,35,60,0.42
BSSS,22,38,60,0.37
BSSb,14,13,27,0.52
BSSh,13,19,32,0.41
BSSl,12,3,15,0.8
BSSm,32,23,55,0.58
BSSn,22,26,48,0.46
BSSs,19,24,43,0.44
BSSt,8,3,11,0.73
BSbB,19,19,38,0.5
BSbD,3,1,4,0.75
BSbH,9,5,14,0.64
BSbI,4,0,4,1.0
BSbJ,7,3,10,0.7
BSbK,1,1,2,0.5
BSbL,6,12,18,0.33
BSbM,25,17,42,0.6
BSbN,41,34,75,0.55
BSbP,37,33,70,0.53
BSbS,15,18,33,0.45
BSbb,25,17,42,0.6
BSbl,11,9,20,0.55
BSbm,17,13,30,0.57
BSbn,29,36,65,0.45
BSbs,15,18,33,0.45
BShB,5,11,16,0.31
BShD,5,2,7,0.71
BShH,7,4,11,0.64
BShI,1,1,2,0.5
BShK,0,1,1,0.0
BShL,6,8,14,0.43
BShM,14,20,34,0.41
BShN,11,23,34,0.32
BShP,20,20,40,0.5
BShS,15,11,26,0.58
BShb,13,12,25,0.52
BShh,13,11,24,0.54
BShl,6,4,10,0.6
BShm,13,11,24,0.54
BShn,23,19,42,0.55
BShs,11,13,24,0.46
BSht,0,1,1,0.0
BSlB,11,11,22,0.5
BSlD,2,1,3,0.67
BSlH,9,11,20,0.45
BSlI,3,1,4,0.75
BSlJ,3,3,6,0.5
BSlK,0,1,1,0.0
BSlL,4,5,9,0.44
BSlM,11,15,26,0.42
BSlN,13,15,28,0.46
BSlP,12,18,30,0.4
BSlS,9,11,20,0.45
BSlb,14,6,20,0.7
BSll,6,3,9,0.67
BSlm,12,15,27,0.44
BSln,7,11,18,0.39
BSls,6,5,11,0.55
BSmB,20,13,33,0.61
BSmD,10,6,16,0.62
BSmH,20,28,48,0.42
BSmI,0,3,3,0.0
BSmJ,3,4,7,0.43
BSmK,1,1,2,0.5
BSmL,9,7,16,0.56
BSmM,26,31,57,0.46
BSmN,26,29,55,0.47
BSmP,31,35,66,0.47
BSmS,19,15,34,0.56
BSmb,26,19,45,0.58
BSmh,0,1,1,0.0
BSml,6,5,11,0.55
BSmm,20,10,30,0.67
BSmn,25,30,55,0.45
BSms,13,10,23,0.57
BSnB,23,18,41,0.56
BSnD,6,1,7,0.86
BSnH,22,12,34,0.65
BSnI,2,7,9,0.22
BSnK,5,3,8,0.62
BSnL,5,9,14,0.36
BSnM,25,35,60,0.42
BSnN,49,41,90,0.54
BSnP,44,70,114,0.39
BSnS,12,25,37,0.32
BSnb,26,19,45,0.58
BSnh,0,1,1,0.0
BSnl,11,13,24,0.46
BSnm,35,25,60,0.58
BSnn,28,21,49,0.57
BSns,21,28,49,0.43
BSsB,17,16,33,0.52
BSsD,3,6,9,0.33
BSsH,21,21,42,0.5
BSsI,2,3,5,0.4
BSsK,1,1,2,0.5
BSsL,7,10,17,0.41
BSsM,15,15,30,0.5
BSsN,26,17,43,0.6
BSsP,26,27,53,0.49
BSsS,29,32,61,0.48
BSsb,18,20,38,0.47
BSsh,1,0,1,1.0
BSsl,5,11,16,0.31
BSsm,28,25,53,0.53
BSsn,27,21,48,0.56
BSss,19,17,36,0.53
BSst,0,0,0,
BStB,3,5,8,0.38
BStD,1,3,4,0.25
BStH,3,2,5,0.6
BStL,0,2,2,0.0
BStM,2,6,8,0.25
BStN,0,3,3,0.0
BStP,5,5,10,0.5
BStS,2,3,5,0.4
BStb,3,3,6,0.5
BStl,2,1,3,0.67
BStm,2,2,4,0.5
BStn,2,4,6,0.33
BSts,5,3,8,0.62
BStt,0,1,1,0.0
BbBB,49,39,88,0.56
BbBD,3,6,9,0.33
BbBK,1,5,6,0.17
BbBL,9,20,29,0.31
BbBM,29,38,67,0.43
BbBN,68,52,120,0.57
BbBP,52,69,121,0.43
BbBS,22,20,42,0.52
BbBb,48,37,85,0.56
BbBh,8,9,17,0.47
BbBj,11,26,37,0.3
BbBl,14,19,33,0.42
BbBm,35,43,78,0.45
BbBn,68,68,136,0.5
BbBs,20,25,45,0.44
BbBt,6,10,16,0.38
BbDB,5,6,11,0.45
BbDD,1,2,3,0.33
BbDH,5,1,6,0.83
BbDL,2,1,3,0.67
BbDM,2,2,4,0.5
BbDN,3,7,10,0.3
BbDP,8,13,21,0.38
BbDS,6,3,9,0.67
BbDb,2,6,8,0.25
BbDl,3,1,4,0.75
BbDm,10,3,13,0.77
BbDn,2,4,6,0.33
BbDs,2,5,7,0.29
BbHB,10,8,18,0.56
BbHD,2,3,5,0.4
BbHH,3,3,6,0.5
BbHI,0,1,1,0.0
BbHK,1,1,2,0.5
BbHL,9,6,15,0.6
BbHM,18,17,35,0.51
BbHN,23,16,39,0.59
BbHP,20,21,41,0.49
BbHS,7,9,16,0.44
BbHb,11,13,24,0.46
BbHh,7,5,12,0.58
BbHl,4,3,7,0.57
BbHm,21,17,38,0.55
BbHn,18,22,40,0.45
BbHs,11,7,18,0.61
BbHt,1,0,1,1.0
BbIB,3,5,8,0.38
BbID,1,0,1,1.0
BbIH,7,1,8,0.88
BbIL,3,1,4,0.75
BbIM,8,2,10,0.8
BbIN,9,8,17,0.53
BbIP,7,6,13,0.54
BbIS,2,6,8,0.25
BbIb,3,5,8,0.38
BbIl,1,4,5,0.2
BbIm,4,5,9,0.44
BbIn,8,5,13,0.62
BbIs,0,6,6,0.0
BbIt,1,2,3,0.33
BbJB,13,21,34,0.38
BbJD,1,0,1,1.0
BbJH,8,11,19,0.42
BbJI,0,1,1,0.0
BbJK,1,2,3,0.33
BbJL,5,7,12,0.42
BbJM,8,17,25,0.32
BbJN,13,17,30,0.43
BbJP,25,26,51,0.49
BbJS,9,14,23,0.39
BbJb,14,9,23,0.61
BbJh,3,2,5,0.6
BbJl,7,6,13,0.54
BbJm,18,7,25,0.72
BbJn,13,18,31,0.42
BbJs,6,7,13,0.46
BbJt,1,0,1,1.0
BbKB,2,5,7,0.29
BbKD,1,1,2,0.5
BbKH,1,0,1,1.0
BbKI,1,0,1,1.0
BbKL,0,2,2,0.0
BbKM,3,7,10,0.3
BbKN,5,6,11,0.45
BbKP,7,5,12,0.58
BbKS,2,3,5,0.4
BbKb,3,6,9,0.33
BbKh,6,3,9,0.67
BbKl,4,0,4,1.0
BbKm,7,1,8,0.88
BbKn,6,6,12,0.5
BbKs,4,4,8,0.5
BbLB,12,12,24,0.5
BbLD,1,2,3,0.33
BbLH,0,2,2,0.0
BbLK,0,2,2,0.0
BbLL,4,10,14,0.29
BbLM,9,15,24,0.38
BbLN,15,25,40,0.38
BbLP,24,27,51,0.47
BbLS,12,13,25,0.48
BbLb,11,22,33,0.33
BbLh,11,7,18,0.61
BbLj,3,6,9,0.33
BbLl,12,8,20,0.6
BbLm,15,20,35,0.43
BbLn,31,35,66,0.47
BbLs,10,10,20,0.5
BbLt,4,2,6,0.67
BbMB,35,45,80,0.44
BbMD,5,4,9,0.56
BbMH,0,1,1,0.0
BbMI,1,0,1,1.0
BbMK,0,1,1,0.0
BbML,10,16,26,0.38
BbMM,40,41,81,0.49
BbMN,45,58,103,0.44
BbMP,63,79,142,0.44
BbMS,21,26,47,0.45
BbMb,61,55,116,0.53
BbMh,32,44,76,0.42
BbMj,13,9,22,0.59
BbMl,23,19,42,0.55
BbMm,64,39,103,0.62
BbMn,68,69,137,0.5
BbMs,30,28,58,0.52
BbMt,3,8,11,0.27
BbNB,49,49,98,0.5
BbND,9,8,17,0.53
BbNH,13,13,26,0.5
BbNI,1,0,1,1.0
BbNK,6,1,7,0.86
BbNL,19,22,41,0.46
BbNM,49,62,111,0.44
BbNN,77,89,166,0.46
BbNP,121,94,215,0.56
BbNS,41,43,84,0.49
BbNb,62,53,115,0.54
BbNh,20,20,40,0.5
BbNl,24,22,46,0.52
BbNm,69,39,108,0.64
BbNn,105,81,186,0.56
BbNs,53,47,100,0.53
BbNt,13,9,22,0.59
BbPB,54,54,108,0.5
BbPD,10,5,15,0.67
BbPH,20,17,37,0.54
BbPI,7,6,13,0.54
BbPK,6,4,10,0.6
BbPL,20,28,48,0.42
BbPM,65,86,151,0.43
BbPN,83,73,156,0.53
BbPP,101,108,209,0.48
BbPS,37,49,86,0.43
BbPb,73,61,134,0.54
BbPh,12,12,24,0.5
BbPl,41,25,66,0.62
BbPm,57,48,105,0.54
BbPn,69,72,141,0.49
BbPs,47,36,83,0.57
BbPt,3,9,12,0.25
BbSB,11,15,26,0.42
BbSD,2,4,6,0.33
BbSH,10,11,21,0.48
BbSI,1,0,1,1.0
BbSL,5,10,15,0.33
BbSM,18,20,38,0.47
BbSN,33,22,55,0.6
BbSP,35,31,66,0.53
BbSS,22,23,45,0.49
BbSb,31,18,49,0.63
BbSh,18,20,38,0.47
BbSl,12,15,27,0.44
BbSm,27,22,49,0.55
BbSn,38,28,66,0.58
BbSs,32,25,57,0.56
BbSt,5,3,8,0.62
BbbB,55,41,96,0.57
BbbD,1,5,6,0.17
BbbH,14,17,31,0.45
BbbI,5,3,8,0.62
BbbJ,10,16,26,0.38
BbbK,2,6,8,0.25
BbbL,17,22,39,0.44
BbbM,52,60,112,0.46
BbbN,66,60,126,0.52
BbbP,71,72,143,0.5
BbbS,28,23,51,0.55
Bbbb,56,51,107,0.52
Bbbh,0,1,1,0.0
Bbbl,21,12,33,0.64
Bbbm,42,27,69,0.61
Bbbn,62,55,117,0.53
Bbbs,25,23,48,0.52
BbhB,0,1,1,0.0
BbhN,1,0,1,1.0
Bbhb,1,0,1,1.0
BblB,27,13,40,0.68
BblD,2,0,2,1.0
BblH,12,8,20,0.6
BblI,1,3,4,0.25
BblJ,4,4,8,0.5
BblK,1,2,3,0.33
BblL,8,11,19,0.42
BblM,12,17,29,0.41
BblN,29,33,62,0.47
BblP,26,28,54,0.48
BblS,11,15,26,0.42
Bblb,20,17,37,0.54
Bbll,10,6,16,0.62
Bblm,10,18,28,0.36
Bbln,14,18,32,0.44
Bbls,11,8,19,0.58
BbmB,38,39,77,0.49
BbmD,10,6,16,0.62
BbmH,30,30,60,0.5
BbmI,1,1,2,0.5
BbmJ,8,5,13,0.62
BbmL,9,14,23,0.39
BbmM,51,34,85,0.6
BbmN,49,54,103,0.48
BbmP,63,45,108,0.58
BbmS,27,33,60,0.45
Bbmb,41,42,83,0.49
Bbmh,1,0,1,1.0
Bbml,13,10,23,0.57
Bbmm,41,27,68,0.6
Bbmn,30,36,66,0.45
Bbms,15,16,31,0.48
BbnB,42,55,97,0.43
BbnD,9,12,21,0.43
BbnH,41,21,62,0.66
BbnI,4,11,15,0.27
BbnK,6,5,11,0.55
BbnL,19,14,33,0.58
BbnM,41,67,108,0.38
BbnN,72,69,141,0.51
BbnP,86,66,152,0.57
BbnS,30,36,66,0.45
Bbnb,49,49,98,0.5
Bbnh,3,1,4,0.75
Bbnl,24,15,39,0.62
Bbnm,51,38,89,0.57
Bbnn,59,56,115,0.51
Bbns,45,34,79,0.57
BbsB,18,11,29,0.62
BbsD,6,7,13,0.46
BbsH,25,36,61,0.41
BbsI,4,4,8,0.5
BbsK,0,1,1,0.0
BbsL,11,7,18,0.61
BbsM,25,31,56,0.45
BbsN,27,28,55,0.49
BbsP,32,34,66,0.48
BbsS,25,22,47,0.53
Bbsb,16,18,34,0.47
Bbsh,0,1,1,0.0
Bbsl,7,4,11,0.64
Bbsm,30,13,43,0.7
Bbsn,17,17,34,0.5
Bbss,19,21,40,0.48
Bbst,0,1,1,0.0
BhBB,2,3,5,0.4
BhBK,1,0,1,1.0
BhBL,0,3,3,0.0
BhBM,3,5,8,0.38
BhBN,7,10,17,0.41
BhBP,5,6,11,0.45
BhBS,2,1,3,0.67
BhBb,6,3,9,0.67
BhBh,1,1,2,0.5
BhBj,1,1,2,0.5
BhBl,4,1,5,0.8
BhBm,3,8,11,0.27
BhBn,3,6,9,0.33
BhBs,1,2,3,0.33
BhBt,1,1,2,0.5
BhDH,1,1,2,0.5
BhDL,0,1,1,0.0
BhDM,0,1,1,0.0
BhDN,0,1,1,0.0
BhDP,2,1,3,0.67
BhDb,1,1,2,0.5
BhDm,1,0,1,1.0
BhDn,1,0,1,1.0
BhDs,0,1,1,0.0
BhHD,0,1,1,0.0
BhHH,1,0,1,1.0
BhHI,0,0,0,
BhHM,1,1,2,0.5
BhHP,1,0,1,1.0
BhHS,2,2,4,0.5
BhHb,2,0,2,1.0
BhHm,1,0,1,1.0
BhHn,1,1,2,0.5
BhIH,1,0,1,1.0
BhIP,2,0,2,1.0
BhIl,0,1,1,0.0
BhIm,1,0,1,1.0
BhKL,0,1,1,0.0
BhKP,1,0,1,1.0
BhLB,5,2,7,0.71
BhLD,1,1,2,0.5
BhLK,0,1,1,0.0
BhLL,0,1,1,0.0
BhLM,4,0,4,1.0
BhLN,1,1,2,0.5
BhLP,3,2,5,0.6
BhLS,3,2,5,0.6
BhLb,7,0,7,1.0
BhLh,1,3,4,0.25
BhLj,2,0,2,1.0
BhLl,3,0,3,1.0
BhLm,1,0,1,1.0
BhLn,2,2,4,0.5
BhLs,1,0,1,1.0
BhLt,1,0,1,1.0
BhMB,1,4,5,0.2
BhMD,3,0,3,1.0
BhML,0,2,2,0.0
BhMM,7,5,12,0.58
BhMN,5,5,10,0.5
BhMP,7,4,11,0.64
BhMS,1,2,3,0.33
BhMb,5,5,10,0.5
BhMh,4,7,11,0.36
BhMj,2,0,2,1.0
BhMl,5,0,5,1.0
BhMm,7,4,11,0.64
BhMn,6,7,13,0.46
BhMs,4,4,8,0.5
BhMt,0,1,1,0.0
BhNB,5,5,10,0.5
BhNH,2,0,2,1.0
BhNK,1,1,2,0.5
BhNL,5,1,6,0.83
BhNM,3,9,12,0.25
BhNN,7,6,13,0.54
BhNP,8,7,15,0.53
BhNS,8,3,11,0.73
BhNb,5,9,14,0.36
BhNh,3,1,4,0.75
BhNl,2,0,2,1.0
BhNm,7,6,13,0.54
BhNn,5,10,15,0.33
BhNs,5,5,10,0.5
BhNt,2,0,2,1.0
BhPB,9,8,17,0.53
BhPD,1,2,3,0.33
BhPH,3,1,4,0.75
BhPK,0,2,2,0.0
BhPL,5,4,9,0.56
BhPM,4,4,8,0.5
BhPN,6,9,15,0.4
BhPP,3,14,17,0.18
BhPS,6,3,9,0.67
BhPb,6,6,12,0.5
BhPh,0,1,1,0.0
BhPl,1,2,3,0.33
BhPm,5,10,15,0.33
BhPn,16,4,20,0.8
BhPs,8,5,13,0.62
BhPt,0,1,1,0.0
BhSB,5,3,8,0.62
BhSD,0,1,1,0.0
BhSH,3,1,4,0.75
BhSL,1,2,3,0.33
BhSM,3,5,8,0.38
BhSN,3,3,6,0.5
BhSP,4,6,10,0.4
BhSS,3,8,11,0.27
BhSb,4,4,8,0.5
BhSh,2,4,6,0.33
BhSl,2,2,4,0.5
BhSm,0,6,6,0.0
BhSn,6,3,9,0.67
BhSs,8,3,11,0.73
BhSt,0,2,2,0.0
BhbB,5,7,12,0.42
BhbD,2,0,2,1.0
BhbH,1,7,8,0.12
BhbI,0,0,0,
BhbJ,1,2,3,0.33
BhbK,0,1,1,0.0
BhbL,2,7,9,0.22
BhbM,4,8,12,0.33
BhbN,6,8,14,0.43
BhbP,9,12,21,0.43
BhbS,3,5,8,0.38
Bhbb,3,8,11,0.27
Bhbl,1,2,3,0.33
Bhbm,5,4,9,0.56
Bhbn,5,3,8,0.62
Bhbs,1,1,2,0.5
BhhB,2,1,3,0.67
BhhH,0,3,3,0.0
BhhL,0,0,0,
BhhM,8,4,12,0.67
BhhN,6,4,10,0.6
BhhP,9,5,14,0.64
BhhS,6,3,9,0.67
Bhhb,4,1,5,0.8
Bhhh,3,3,6,0.5
Bhhl,1,0,1,1.0
Bhhm,4,5,9,0.44
Bhhn,4,6,10,0.4
Bhhs,3,6,9,0.33
Bhht,0,1,1,0.0
BhlB,1,5,6,0.17
BhlH,1,3,4,0.25
BhlJ,1,0,1,1.0
BhlL,2,2,4,0.5
BhlM,3,3,6,0.5
BhlN,6,2,8,0.75
BhlP,1,4,5,0.2
BhlS,3,2,5,0.6
Bhlb,5,4,9,0.56
Bhll,2,2,4,0.5
Bhlm,3,1,4,0.75
Bhln,5,3,8,0.62
Bhls,0,5,5,0.0
BhmB,2,6,8,0.25
BhmD,3,2,5,0.6
BhmH,8,5,13,0.62
BhmJ,0,1,1,0.0
BhmK,1,0,1,1.0
BhmL,0,3,3,0.0
BhmM,6,4,10,0.6
BhmN,7,4,11,0.64
BhmP,3,4,7,0.43
BhmS,2,4,6,0.33
Bhmb,5,8,13,0.38
Bhmh,0,1,1,0.0
Bhml,3,3,6,0.5
Bhmm,3,4,7,0.43
Bhmn,4,8,12,0.33
Bhms,4,4,8,0.5
BhnB,7,7,14,0.5
BhnD,0,2,2,0.0
BhnH,7,6,13,0.54
BhnI,1,0,1,1.0
BhnK,0,3,3,0.0
BhnL,3,2,5,0.6
BhnM,7,8,15,0.47
BhnN,13,17,30,0.43
BhnP,3,12,15,0.2
BhnS,8,7,15,0.53
Bhnb,7,14,21,0.33
Bhnh,1,0,1,1.0
Bhnl,1,2,3,0.33
Bhnm,6,5,11,0.55
Bhnn,7,4,11,0.64
Bhns,6,7,13,0.46
BhsB,5,8,13,0.38
BhsD,0,0,0,
BhsH,4,9,13,0.31
BhsL,3,1,4,0.75
BhsM,7,5,12,0.58
BhsN,3,2,5,0.6
BhsP,6,5,11,0.55
BhsS,4,2,6,0.67
Bhsb,2,3,5,0.4
Bhsl,1,3,4,0.25
Bhsm,4,1,5,0.8
Bhsn,4,6,10,0.4
Bhss,4,4,8,0.5
BhtB,1,2,3,0.33
BhtH,0,2,2,0.0
BhtP,1,0,1,1.0
Bhtb,3,0,3,1.0
Bhtl,0,0,0,
Bhtm,1,0,1,1.0
Bhtn,0,0,0,
BjBB,11,18,29,0.38
BjBD,0,1,1,0.0
BjBK,1,3,4,0.25
BjBL,4,9,13,0.31
BjBM,12,12,24,0.5
BjBN,9,18,27,0.33
BjBP,12,20,32,0.38
BjBS,6,10,16,0.38
BjBb,14,16,30,0.47
BjBh,1,3,4,0.25
BjBj,4,2,6,0.67
BjBl,5,7,12,0.42
BjBm,11,13,24,0.46
BjBn,19,18,37,0.51
BjBs,8,7,15,0.53
BjBt,2,2,4,0.5
BjDH,0,1,1,0.0
BjDL,1,0,1,1.0
BjDM,0,3,3,0.0
BjDN,1,1,2,0.5
BjDP,3,1,4,0.75
BjDS,2,1,3,0.67
BjDb,2,0,2,1.0
BjDm,2,2,4,0.5
BjDn,2,2,4,0.5
BjHB,1,4,5,0.2
BjHH,0,2,2,0.0
BjHL,2,3,5,0.4
BjHM,1,3,4,0.25
BjHN,4,6,10,0.4
BjHP,8,7,15,0.53
BjHS,2,2,4,0.5
BjHb,2,3,5,0.4
BjHh,3,1,4,0.75
BjHl,2,3,5,0.4
BjHm,5,1,6,0.83
BjHn,0,6,6,0.0
BjHs,1,4,5,0.2
BjIB,0,1,1,0.0
BjID,1,0,1,1.0
BjIH,1,1,2,0.5
BjIM,1,4,5,0.2
BjIN,0,1,1,0.0
BjIP,1,3,4,0.25
BjIS,0,2,2,0.0
BjIb,0,2,2,0.0
BjIl,1,0,1,1.0
BjIm,2,0,2,1.0
BjIn,2,1,3,0.67
BjIs,1,3,4,0.25
BjIt,1,0,1,1.0
BjKB,1,2,3,0.33
BjKH,0,0,0,
BjKL,0,1,1,0.0
BjKM,1,0,1,1.0
BjKN,0,1,1,0.0
BjKP,1,1,2,0.5
BjKS,2,2,4,0.5
BjKb,0,1,1,0.0
BjKh,2,0,2,1.0
BjKl,0,0,0,
BjKm,0,3,3,0.0
BjLB,6,3,9,0.67
BjLD,1,0,1,1.0
BjLK,3,0,3,1.0
BjLL,1,4,5,0.2
BjLM,4,6,10,0.4
BjLN,5,8,13,0.38
BjLP,6,10,16,0.38
BjLS,1,3,4,0.25
BjLb,8,3,11,0.73
BjLh,2,4,6,0.33
BjLj,2,1,3,0.67
BjLl,2,4,6,0.33
BjLm,8,7,15,0.53
BjLn,6,11,17,0.35
BjLs,4,4,8,0.5
BjMB,13,12,25,0.52
BjMD,2,0,2,1.0
BjML,2,5,7,0.29
BjMM,8,7,15,0.53
BjMN,12,17,29,0.41
BjMP,17,17,34,0.5
BjMS,11,6,17,0.65
BjMb,22,9,31,0.71
BjMh,10,9,19,0.53
BjMj,3,4,7,0.43
BjMl,5,9,14,0.36
BjMm,16,15,31,0.52
BjMn,17,21,38,0.45
BjMs,10,9,19,0.53
BjMt,1,1,2,0.5
BjNB,13,9,22,0.59
BjND,3,0,3,1.0
BjNK,0,2,2,0.0
BjNL,4,6,10,0.4
BjNM,12,17,29,0.41
BjNN,13,10,23,0.57
BjNP,24,24,48,0.5
BjNS,6,16,22,0.27
BjNb,12,8,20,0.6
BjNh,4,7,11,0.36
BjNl,7,7,14,0.5
BjNm,14,13,27,0.52
BjNn,22,13,35,0.63
BjNs,12,6,18,0.67
BjNt,0,2,2,0.0
BjPB,13,13,26,0.5
BjPD,2,0,2,1.0
BjPH,4,5,9,0.44
BjPI,3,1,4,0.75
BjPK,3,0,3,1.0
BjPL,13,10,23,0.57
BjPM,15,28,43,0.35
BjPN,29,18,47,0.62
BjPP,31,32,63,0.49
BjPS,16,23,39,0.41
BjPb,23,20,43,0.53
BjPh,3,6,9,0.33
BjPl,15,9,24,0.62
BjPm,24,12,36,0.67
BjPn,21,14,35,0.6
BjPs,14,17,31,0.45
BjPt,2,2,4,0.5
BjSB,7,3,10,0.7
BjSD,1,0,1,1.0
BjSH,2,3,5,0.4
BjSI,0,1,1,0.0
BjSL,4,2,6,0.67
BjSM,4,11,15,0.27
BjSN,7,9,16,0.44
BjSP,15,14,29,0.52
BjSS,8,11,19,0.42
BjSb,6,14,20,0.3
BjSh,5,10,15,0.33
BjSl,5,5,10,0.5
BjSm,8,12,20,0.4
BjSn,7,12,19,0.37
BjSs,12,5,17,0.71
BjSt,0,1,1,0.0
BjbB,16,12,28,0.57
BjbD,2,2,4,0.5
BjbH,5,4,9,0.56
BjbI,1,1,2,0.5
BjbJ,3,2,5,0.6
BjbK,0,2,2,0.0
BjbL,11,10,21,0.52
BjbM,15,21,36,0.42
BjbN,21,13,34,0.62
BjbP,21,27,48,0.44
BjbS,12,11,23,0.52
Bjbb,18,18,36,0.5
Bjbl,5,5,10,0.5
Bjbm,15,12,27,0.56
Bjbn,21,10,31,0.68
Bjbs,8,6,14,0.57
BjhB,3,1,4,0.75
BjhH,0,2,2,0.0
BjhL,2,0,2,1.0
BjhM,0,2,2,0.0
BjhN,4,2,6,0.67
BjhP,5,4,9,0.56
BjhS,2,3,5,0.4
Bjhb,6,4,10,0.6
Bjhh,3,2,5,0.6
Bjhl,1,5,6,0.17
Bjhm,0,4,4,0.0
Bjhn,0,3,3,0.0
Bjhs,3,2,5,0.6
Bjht,0,0,0,
BjlB,4,7,11,0.36
BjlD,0,1,1,0.0
BjlH,6,6,12,0.5
BjlI,0,2,2,0.0
BjlJ,4,2,6,0.67
BjlK,1,0,1,1.0
BjlL,4,1,5,0.8
BjlM,5,7,12,0.42
BjlN,10,6,16,0.62
BjlP,4,8,12,0.33
BjlS,8,3,11,0.73
Bjlb,6,8,14,0.43
Bjll,2,3,5,0.4
Bjlm,6,4,10,0.6
Bjln,7,8,15,0.47
Bjls,6,4,10,0.6
BjmB,6,12,18,0.33
BjmD,5,3,8,0.62
BjmH,11,8,19,0.58
BjmI,2,0,2,1.0
BjmJ,3,5,8,0.38
BjmK,0,1,1,0.0
BjmL,4,3,7,0.57
BjmM,11,10,21,0.52
BjmN,14,10,24,0.58
BjmP,21,19,40,0.52
BjmS,6,7,13,0.46
Bjmb,13,4,17,0.76
Bjmh,1,0,1,1.0
Bjml,5,5,10,0.5
Bjmm,13,8,21,0.62
Bjmn,12,12,24,0.5
Bjms,7,7,14,0.5
BjnB,10,15,25,0.4
BjnD,0,1,1,0.0
BjnH,7,10,17,0.41
BjnI,2,1,3,0.67
BjnK,2,2,4,0.5
BjnL,13,4,17,0.76
BjnM,15,22,37,0.41
BjnN,20,11,31,0.65
BjnP,27,19,46,0.59
BjnS,11,12,23,0.48
Bjnb,15,12,27,0.56
Bjnh,0,2,2,0.0
Bjnl,11,5,16,0.69
Bjnm,16,12,28,0.57
Bjnn,16,16,32,0.5
Bjns,7,11,18,0.39
BjsB,4,4,8,0.5
BjsD,0,1,1,0.0
BjsH,8,9,17,0.47
BjsI,2,1,3,0.67
BjsL,4,6,10,0.4
BjsM,6,3,9,0.67
BjsN,10,13,23,0.43
BjsP,7,17,24,0.29
BjsS,13,7,20,0.65
Bjsb,4,6,10,0.4
Bjsh,0,2,2,0.0
Bjsl,5,5,10,0.5
Bjsm,8,3,11,0.73
Bjsn,6,10,16,0.38
Bjss,11,8,19,0.58
BjtB,1,2,3,0.33
BjtD,0,1,1,0.0
BjtH,1,0,1,1.0
BjtI,1,0,1,1.0
BjtK,0,1,1,0.0
BjtL,2,0,2,1.0
BjtM,0,1,1,0.0
BjtN,1,3,4,0.25
BjtP,8,5,13,0.62
BjtS,2,1,3,0.67
Bjtb,2,1,3,0.67
Bjtl,1,2,3,0.33
Bjtm,0,3,3,0.0
Bjtn,3,3,6,0.5
Bjts,4,0,4,1.0
BlBB,20,14,34,0.59
BlBK,2,5,7,0.29
BlBL,6,8,14,0.43
BlBM,19,9,28,0.68
BlBN,20,22,42,0.48
BlBP,19,39,58,0.33
BlBS,10,6,16,0.62
BlBb,13,11,24,0.54
BlBh,1,0,1,1.0
BlBj,5,3,8,0.62
BlBl,6,4,10,0.6
BlBm,18,16,34,0.53
BlBn,24,17,41,0.59
BlBs,4,9,13,0.31
BlBt,4,3,7,0.57
BlDB,1,3,4,0.25
BlDD,1,0,1,1.0
BlDH,3,4,7,0.43
BlDL,1,0,1,1.0
BlDM,2,2,4,0.5
BlDN,2,5,7,0.29
BlDP,2,1,3,0.67
BlDS,0,2,2,0.0
BlDb,2,1,3,0.67
BlDl,1,0,1,1.0
BlDm,5,3,8,0.62
BlDn,1,2,3,0.33
BlDs,4,1,5,0.8
BlHB,9,10,19,0.47
BlHD,1,1,2,0.5
BlHH,3,1,4,0.75
BlHI,2,0,2,1.0
BlHK,1,1,2,0.5
BlHL,2,5,7,0.29
BlHM,9,9,18,0.5
BlHN,13,17,30,0.43
BlHP,15,23,38,0.39
BlHS,5,13,18,0.28
BlHb,17,8,25,0.68
BlHh,5,11,16,0.31
BlHl,6,5,11,0.55
BlHm,10,9,19,0.53
BlHn,20,19,39,0.51
BlHs,13,10,23,0.57
BlIB,3,2,5,0.6
BlID,0,0,0,
BlIH,1,1,2,0.5
BlIM,2,0,2,1.0
BlIN,1,8,9,0.11
BlIP,0,3,3,0.0
BlIS,0,1,1,0.0
BlIb,1,1,2,0.5
BlIl,1,1,2,0.5
BlIm,2,1,3,0.67
BlIn,1,4,5,0.2
BlIs,1,1,2,0.5
BlJB,3,6,9,0.33
BlJD,0,1,1,0.0
BlJH,3,2,5,0.6
BlJK,1,0,1,1.0
BlJL,4,1,5,0.8
BlJM,2,5,7,0.29
BlJN,2,6,8,0.25
BlJP,4,6,10,0.4
BlJS,4,2,6,0.67
BlJb,7,3,10,0.7
BlJl,2,6,8,0.25
BlJm,6,4,10,0.6
BlJn,4,9,13,0.31
BlJs,3,6,9,0.33
BlJt,2,0,2,1.0
BlKD,0,1,1,0.0
BlKM,2,2,4,0.5
BlKP,1,1,2,0.5
BlKS,0,1,1,0.0
BlKb,1,0,1,1.0
BlKh,1,0,1,1.0
BlKm,1,0,1,1.0
BlKn,2,1,3,0.67
BlKs,1,0,1,1.0
BlLB,3,8,11,0.27
BlLD,1,0,1,1.0
BlLH,1,0,1,1.0
BlLL,1,2,3,0.33
BlLM,3,4,7,0.43
BlLN,14,8,22,0.64
BlLP,13,13,26,0.5
BlLS,10,3,13,0.77
BlLb,11,8,19,0.58
BlLh,2,0,2,1.0
BlLj,1,3,4,0.25
BlLl,6,3,9,0.67
BlLm,6,13,19,0.32
BlLn,11,9,20,0.55
BlLs,3,6,9,0.33
BlLt,2,0,2,1.0
BlMB,25,9,34,0.74
BlMD,2,0,2,1.0
BlMK,0,1,1,0.0
BlML,6,6,12,0.5
BlMM,20,17,37,0.54
BlMN,19,28,47,0.4
BlMP,26,29,55,0.47
BlMS,11,12,23,0.48
BlMb,21,21,42,0.5
BlMh,12,12,24,0.5
BlMj,5,8,13,0.38
BlMl,14,5,19,0.74
BlMm,14,13,27,0.52
BlMn,22,21,43,0.51
BlMs,14,9,23,0.61
BlMt,2,0,2,1.0
BlNB,12,17,29,0.41
BlND,7,3,10,0.7
BlNH,3,4,7,0.43
BlNK,1,2,3,0.33
BlNL,11,10,21,0.52
BlNM,21,17,38,0.55
BlNN,27,19,46,0.59
BlNP,32,44,76,0.42
BlNS,10,14,24,0.42
BlNb,16,24,40,0.4
BlNh,3,6,9,0.33
BlNl,7,13,20,0.35
BlNm,17,13,30,0.57
BlNn,25,33,58,0.43
BlNs,22,15,37,0.59
BlNt,4,2,6,0.67
BlPB,22,21,43,0.51
BlPD,6,2,8,0.75
BlPH,11,10,21,0.52
BlPI,3,1,4,0.75
BlPK,4,2,6,0.67
BlPL,13,5,18,0.72
BlPM,20,25,45,0.44
BlPN,29,21,50,0.58
BlPP,40,33,73,0.55
BlPS,21,20,41,0.51
BlPb,30,19,49,0.61
BlPh,2,2,4,0.5
BlPl,9,9,18,0.5
BlPm,26,10,36,0.72
BlPn,26,21,47,0.55
BlPs,17,18,35,0.49
BlPt,2,0,2,1.0
BlSB,7,12,19,0.37
BlSD,4,3,7,0.57
BlSH,6,3,9,0.67
BlSL,5,6,11,0.45
BlSM,14,15,29,0.48
BlSN,22,10,32,0.69
BlSP,11,18,29,0.38
BlSS,11,19,30,0.37
BlSb,16,12,28,0.57
BlSh,6,10,16,0.38
BlSl,2,6,8,0.25
BlSm,11,8,19,0.58
BlSn,17,10,27,0.63
BlSs,11,16,27,0.41
BlSt,2,1,3,0.67
BlbB,17,15,32,0.53
BlbD,2,0,2,1.0
BlbH,6,3,9,0.67
BlbI,2,0,2,1.0
BlbJ,4,3,7,0.57
BlbK,1,2,3,0.33
BlbL,6,8,14,0.43
BlbM,24,16,40,0.6
BlbN,24,24,48,0.5
BlbP,31,20,51,0.61
BlbS,6,12,18,0.33
Blbb,19,16,35,0.54
Blbl,6,6,12,0.5
Blbm,14,9,23,0.61
Blbn,15,23,38,0.39
Blbs,10,12,22,0.45
BlhS,0,0,0,
BllB,6,4,10,0.6
BllD,0,0,0,
BllH,10,5,15,0.67
BllI,0,1,1,0.0
BllJ,4,0,4,1.0
BllL,1,10,11,0.09
BllM,4,7,11,0.36
BllN,7,2,9,0.78
BllP,14,13,27,0.52
BllS,5,4,9,0.56
Bllb,10,4,14,0.71
Blll,4,7,11,0.36
Bllm,5,7,12,0.42
Blln,9,11,20,0.45
Blls,3,2,5,0.6
BlmB,18,15,33,0.55
BlmD,1,2,3,0.33
BlmH,9,17,26,0.35
BlmI,3,0,3,1.0
BlmJ,4,3,7,0.57
BlmL,3,7,10,0.3
BlmM,13,19,32,0.41
BlmN,25,21,46,0.54
BlmP,24,14,38,0.63
BlmS,9,13,22,0.41
Blmb,18,16,34,0.53
Blml,12,3,15,0.8
Blmm,9,19,28,0.32
Blmn,20,15,35,0.57
Blms,5,3,8,0.62
BlnB,8,16,24,0.33
BlnD,2,5,7,0.29
BlnH,9,12,21,0.43
BlnI,1,2,3,0.33
BlnK,1,3,4,0.25
BlnL,7,4,11,0.64
BlnM,18,16,34,0.53
BlnN,22,18,40,0.55
BlnP,27,30,57,0.47
BlnS,14,10,24,0.58
Blnb,18,16,34,0.53
Blnl,6,5,11,0.55
Blnm,18,16,34,0.53
Blnn,18,25,43,0.42
Blns,13,14,27,0.48
BlsB,5,10,15,0.33
BlsD,1,2,3,0.33
BlsH,17,9,26,0.65
BlsI,1,0,1,1.0
BlsK,0,1,1,0.0
BlsL,5,9,14,0.36
BlsM,9,11,20,0.45
BlsN,9,6,15,0.6
BlsP,10,17,27,0.37
BlsS,14,8,22,0.64
Blsb,13,10,23,0.57
Blsh,0,2,2,0.0
Blsl,6,9,15,0.4
Blsm,9,11,20,0.45
Blsn,9,14,23,0.39
Blss,15,8,23,0.65
BmBB,32,22,54,0.59
BmBD,7,5,12,0.58
BmBH,0,1,1,0.0
BmBK,4,0,4,1.0
BmBL,7,10,17,0.41
BmBM,31,36,67,0.46
BmBN,43,48,91,0.47
BmBP,46,35,81,0.57
BmBS,29,29,58,0.5
BmBb,39,41,80,0.49
BmBh,4,7,11,0.36
BmBj,5,10,15,0.33
BmBl,12,14,26,0.46
BmBm,51,44,95,0.54
BmBn,57,59,116,0.49
BmBs,23,22,45,0.51
BmBt,9,8,17,0.53
BmDB,11,7,18,0.61
BmDD,5,2,7,0.71
BmDH,6,7,13,0.46
BmDI,0,1,1,0.0
BmDL,6,3,9,0.67
BmDM,13,13,26,0.5
BmDN,14,11,25,0.56
BmDP,13,9,22,0.59
BmDS,8,10,18,0.44
BmDb,5,7,12,0.42
BmDl,1,2,3,0.33
BmDm,10,8,18,0.56
BmDn,6,7,13,0.46
BmDs,4,4,8,0.5
BmDt,3,2,5,0.6
BmHB,22,29,51,0.43
BmHD,5,3,8,0.62
BmHH,3,7,10,0.3
BmHI,2,4,6,0.33
BmHK,3,3,6,0.5
BmHL,9,12,21,0.43
BmHM,39,31,70,0.56
BmHN,27,34,61,0.44
BmHP,45,48,93,0.48
BmHS,24,19,43,0.56
BmHb,19,23,42,0.45
BmHh,17,27,44,0.39
BmHl,16,10,26,0.62
BmHm,44,24,68,0.65
BmHn,44,43,87,0.51
BmHs,22,33,55,0.4
BmHt,2,2,4,0.5
BmIB,4,3,7,0.57
BmID,2,0,2,1.0
BmIH,3,2,5,0.6
BmIL,0,0,0,
BmIM,2,6,8,0.25
BmIN,3,3,6,0.5
BmIP,8,5,13,0.62
BmIS,3,3,6,0.5
BmIb,2,2,4,0.5
BmIh,0,1,1,0.0
BmIl,0,2,2,0.0
BmIm,3,2,5,0.6
BmIn,1,5,6,0.17
BmIs,3,4,7,0.43
BmIt,1,0,1,1.0
BmJB,5,6,11,0.45
BmJD,1,0,1,1.0
BmJH,6,3,9,0.67
BmJI,1,1,2,0.5
BmJL,5,3,8,0.62
BmJM,8,6,14,0.57
BmJN,14,16,30,0.47
BmJP,11,8,19,0.58
BmJS,5,7,12,0.42
BmJb,6,9,15,0.4
BmJh,2,2,4,0.5
BmJl,6,3,9,0.67
BmJm,6,7,13,0.46
BmJn,6,16,22,0.27
BmJs,12,8,20,0.6
BmJt,2,0,2,1.0
BmKM,1,0,1,1.0
BmKP,1,1,2,0.5
BmKb,1,0,1,1.0
BmKh,0,1,1,0.0
BmKm,1,0,1,1.0
BmKn,0,1,1,0.0
BmKs,1,1,2,0.5
BmLB,15,10,25,0.6
BmLD,1,1,2,0.5
BmLH,0,0,0,
BmLK,1,0,1,1.0
BmLL,5,4,9,0.56
BmLM,11,17,28,0.39
BmLN,17,16,33,0.52
BmLP,21,20,41,0.51
BmLS,5,12,17,0.29
BmLb,12,14,26,0.46
BmLh,6,12,18,0.33
BmLj,6,6,12,0.5
BmLl,4,3,7,0.57
BmLm,13,17,30,0.43
BmLn,15,22,37,0.41
BmLs,7,9,16,0.44
BmLt,0,2,2,0.0
BmMB,38,34,72,0.53
BmMD,7,4,11,0.64
BmMH,1,2,3,0.33
BmMI,1,0,1,1.0
BmML,9,10,19,0.47
BmMM,39,47,86,0.45
BmMN,42,49,91,0.46
BmMP,57,67,124,0.46
BmMS,31,31,62,0.5
BmMb,49,45,94,0.52
BmMh,28,38,66,0.42
BmMj,13,9,22,0.59
BmMl,10,8,18,0.56
BmMm,59,38,97,0.61
BmMn,86,91,177,0.49
BmMs,31,39,70,0.44
BmMt,11,4,15,0.73
BmNB,25,37,62,0.4
BmND,11,4,15,0.73
BmNH,15,14,29,0.52
BmNI,1,1,2,0.5
BmNK,3,5,8,0.38
BmNL,14,13,27,0.52
BmNM,52,55,107,0.49
BmNN,72,82,154,0.47
BmNP,100,91,191,0.52
BmNS,50,52,102,0.49
BmNb,45,39,84,0.54
BmNh,21,13,34,0.62
BmNl,19,27,46,0.41
BmNm,49,41,90,0.54
BmNn,92,99,191,0.48
BmNs,32,31,63,0.51
BmNt,12,10,22,0.55
BmPB,51,53,104,0.49
BmPD,6,8,14,0.43
BmPH,19,23,42,0.45
BmPI,5,5,10,0.5
BmPK,5,6,11,0.45
BmPL,19,30,49,0.39
BmPM,62,80,142,0.44
BmPN,60,63,123,0.49
BmPP,94,77,171,0.55
BmPS,35,35,70,0.5
BmPb,51,42,93,0.55
BmPh,7,10,17,0.41
BmPl,27,24,51,0.53
BmPm,64,47,111,0.58
BmPn,56,70,126,0.44
BmPs,51,40,91,0.56
BmPt,9,9,18,0.5
BmSB,17,16,33,0.52
BmSD,8,5,13,0.62
BmSH,9,14,23,0.39
BmSI,2,0,2,1.0
BmSK,1,0,1,1.0
BmSL,7,5,12,0.58
BmSM,22,31,53,0.42
BmSN,34,32,66,0.52
BmSP,32,34,66,0.48
BmSS,23,38,61,0.38
BmSb,23,18,41,0.56
BmSh,14,17,31,0.45
BmSl,7,6,13,0.54
BmSm,32,15,47,0.68
BmSn,47,31,78,0.6
BmSs,38,36,74,0.51
BmSt,4,2,6,0.67
BmbB,44,44,88,0.5
BmbD,5,8,13,0.38
BmbH,8,11,19,0.42
BmbI,6,6,12,0.5
BmbJ,14,6,20,0.7
BmbK,3,4,7,0.43
BmbL,20,14,34,0.59
BmbM,34,63,97,0.35
BmbN,59,63,122,0.48
BmbP,55,55,110,0.5
BmbS,27,28,55,0.49
Bmbb,41,39,80,0.51
Bmbl,11,11,22,0.5
Bmbm,40,29,69,0.58
Bmbn,45,51,96,0.47
Bmbs,18,14,32,0.56
BmlB,21,14,35,0.6
BmlD,0,1,1,0.0
BmlH,9,12,21,0.43
BmlI,0,3,3,0.0
BmlJ,6,3,9,0.67
BmlL,7,8,15,0.47
BmlM,14,17,31,0.45
BmlN,14,14,28,0.5
BmlP,18,10,28,0.64
BmlS,9,7,16,0.56
Bmlb,12,9,21,0.57
Bmll,4,6,10,0.4
Bmlm,11,8,19,0.58
Bmln,9,15,24,0.38
Bmls,5,7,12,0.42
BmmB,42,36,78,0.54
BmmD,11,9,20,0.55
BmmH,32,31,63,0.51
BmmI,0,5,5,0.0
BmmJ,8,11,19,0.42
BmmK,1,0,1,1.0
BmmL,12,12,24,0.5
BmmM,47,50,97,0.48
BmmN,62,63,125,0.5
BmmP,51,40,91,0.56
BmmS,25,23,48,0.52
Bmmb,38,45,83,0.46
Bmml,5,10,15,0.33
Bmmm,45,39,84,0.54
Bmmn,45,52,97,0.46
Bmms,16,19,35,0.46
BmnB,31,44,75,0.41
BmnD,12,3,15,0.8
BmnH,31,26,57,0.54
BmnI,10,8,18,0.56
BmnK,3,5,8,0.38
BmnL,14,19,33,0.42
BmnM,43,54,97,0.44
BmnN,53,61,114,0.46
BmnP,57,73,130,0.44
BmnS,39,33,72,0.54
Bmnb,40,45,85,0.47
Bmnh,0,0,0,
Bmnl,4,23,27,0.15
Bmnm,48,31,79,0.61
Bmnn,56,60,116,0.48
Bmns,26,32,58,0.45
Bmnt,0,0,0,
BmsB,14,16,30,0.47
BmsD,4,6,10,0.4
BmsH,12,14,26,0.46
BmsI,2,3,5,0.4
BmsL,5,7,12,0.42
BmsM,21,24,45,0.47
BmsN,26,29,55,0.47
BmsP,32,32,64,0.5
BmsS,12,27,39,0.31
Bmsb,19,20,39,0.49
Bmsh,0,0,0,
Bmsl,9,6,15,0.6
Bmsm,21,32,53,0.4
Bmsn,27,24,51,0.53
Bmss,13,18,31,0.42
BmtB,0,0,0,
BnBB,43,59,102,0.42
BnBD,5,8,13,0.38
BnBH,0,1,1,0.0
BnBK,3,5,8,0.38
BnBL,15,18,33,0.45
BnBM,36,52,88,0.41
BnBN,58,69,127,0.46
BnBP,65,66,131,0.5
BnBS,34,27,61,0.56
BnBb,45,48,93,0.48
BnBh,4,14,18,0.22
BnBj,12,13,25,0.48
BnBl,14,21,35,0.4
BnBm,47,36,83,0.57
BnBn,62,83,145,0.43
BnBs,23,32,55,0.42
BnBt,11,6,17,0.65
BnDB,10,5,15,0.67
BnDD,2,2,4,0.5
BnDH,5,7,12,0.42
BnDI,1,1,2,0.5
BnDK,0,1,1,0.0
BnDL,3,1,4,0.75
BnDM,10,11,21,0.48
BnDN,6,8,14,0.43
BnDP,10,10,20,0.5
BnDS,6,10,16,0.38
BnDb,6,10,16,0.38
BnDl,1,3,4,0.25
BnDm,13,9,22,0.59
BnDn,7,9,16,0.44
BnDs,4,8,12,0.33
BnDt,0,2,2,0.0
BnHB,23,28,51,0.45
BnHD,4,8,12,0.33
BnHH,7,5,12,0.58
BnHI,3,4,7,0.43
BnHK,2,2,4,0.5
BnHL,9,7,16,0.56
BnHM,26,33,59,0.44
BnHN,41,46,87,0.47
BnHP,57,53,110,0.52
BnHS,18,21,39,0.46
BnHb,18,20,38,0.47
BnHh,10,19,29,0.34
BnHl,13,9,22,0.59
BnHm,35,22,57,0.61
BnHn,47,29,76,0.62
BnHs,24,24,48,0.5
BnHt,2,2,4,0.5
BnIB,3,11,14,0.21
BnID,2,4,6,0.33
BnIH,4,8,12,0.33
BnII,0,2,2,0.0
BnIL,1,6,7,0.14
BnIM,10,7,17,0.59
BnIN,7,11,18,0.39
BnIP,15,16,31,0.48
BnIS,5,11,16,0.31
BnIb,10,12,22,0.45
BnIl,2,1,3,0.67
BnIm,11,12,23,0.48
BnIn,16,15,31,0.52
BnIs,5,2,7,0.71
BnIt,1,0,1,1.0
BnKB,2,4,6,0.33
BnKD,0,1,1,0.0
BnKH,0,1,1,0.0
BnKI,0,1,1,0.0
BnKL,0,3,3,0.0
BnKM,8,5,13,0.62
BnKN,4,3,7,0.57
BnKP,10,7,17,0.59
BnKS,4,5,9,0.44
BnKb,9,9,18,0.5
BnKh,3,3,6,0.5
BnKl,0,2,2,0.0
BnKm,6,7,13,0.46
BnKn,9,8,17,0.53
BnKs,3,8,11,0.27
BnKt,1,0,1,1.0
BnLB,18,18,36,0.5
BnLD,4,1,5,0.8
BnLH,2,0,2,1.0
BnLK,2,0,2,1.0
BnLL,11,6,17,0.65
BnLM,20,21,41,0.49
BnLN,22,24,46,0.48
BnLP,26,32,58,0.45
BnLS,19,13,32,0.59
BnLb,16,23,39,0.41
BnLh,8,8,16,0.5
BnLj,3,7,10,0.3
BnLl,8,6,14,0.57
BnLm,19,19,38,0.5
BnLn,28,29,57,0.49
BnLs,13,14,27,0.48
BnLt,1,2,3,0.33
BnMB,59,54,113,0.52
BnMD,11,7,18,0.61
BnML,12,21,33,0.36
BnMM,60,64,124,0.48
BnMN,70,64,134,0.52
BnMP,68,66,134,0.51
BnMS,39,43,82,0.48
BnMb,58,52,110,0.53
BnMh,47,54,101,0.47
BnMj,16,15,31,0.52
BnMl,24,22,46,0.52
BnMm,64,60,124,0.52
BnMn,92,94,186,0.49
BnMs,40,33,73,0.55
BnMt,11,9,20,0.55
BnNB,79,49,128,0.62
BnND,11,7,18,0.61
BnNH,18,15,33,0.55
BnNK,3,5,8,0.38
BnNL,23,29,52,0.44
BnNM,72,85,157,0.46
BnNN,112,113,225,0.5
BnNP,142,167,309,0.46
BnNS,49,89,138,0.36
BnNb,69,62,131,0.53
BnNh,27,34,61,0.44
BnNl,27,32,59,0.46
BnNm,90,87,177,0.51
BnNn,130,129,259,0.5
BnNs,56,64,120,0.47
BnNt,10,15,25,0.4
BnPB,68,67,135,0.5
BnPD,4,21,25,0.16
BnPH,31,30,61,0.51
BnPI,7,8,15,0.47
BnPK,12,9,21,0.57
BnPL,46,40,86,0.53
BnPM,88,95,183,0.48
BnPN,107,118,225,0.48
BnPP,173,147,320,0.54
BnPS,75,78,153,0.49
BnPb,77,81,158,0.49
BnPh,7,12,19,0.37
BnPl,47,50,97,0.48
BnPm,108,80,188,0.57
BnPn,121,100,221,0.55
BnPs,75,56,131,0.57
BnPt,12,9,21,0.57
BnSB,31,35,66,0.47
BnSD,6,6,12,0.5
BnSH,12,11,23,0.52
BnSI,2,2,4,0.5
BnSK,4,0,4,1.0
BnSL,12,20,32,0.38
BnSM,41,42,83,0.49
BnSN,44,56,100,0.44
BnSP,63,86,149,0.42
BnSS,38,36,74,0.51
BnSb,38,30,68,0.56
BnSh,32,29,61,0.52
BnSl,24,15,39,0.62
BnSm,50,40,90,0.56
BnSn,50,56,106,0.47
BnSs,45,42,87,0.52
BnSt,10,6,16,0.62
BnbB,56,48,104,0.54
BnbD,7,5,12,0.58
BnbH,10,16,26,0.38
BnbI,4,8,12,0.33
BnbJ,16,25,41,0.39
BnbK,5,12,17,0.29
BnbL,14,25,39,0.36
BnbM,55,71,126,0.44
BnbN,79,89,168,0.47
BnbP,68,52,120,0.57
BnbS,35,44,79,0.44
Bnbb,57,49,106,0.54
Bnbl,17,10,27,0.63
Bnbm,60,47,107,0.56
Bnbn,71,67,138,0.51
Bnbs,23,25,48,0.48
BnhB,2,2,4,0.5
BnhD,0,1,1,0.0
BnhH,1,0,1,1.0
BnhL,0,1,1,0.0
BnhM,2,3,5,0.4
BnhN,2,3,5,0.4
BnhP,4,3,7,0.57
BnhS,5,2,7,0.71
Bnhb,3,3,6,0.5
Bnhh,4,4,8,0.5
Bnhl,0,2,2,0.0
Bnhm,2,3,5,0.4
Bnhn,6,6,12,0.5
Bnhs,5,3,8,0.62
Bnht,1,0,1,1.0
BnlB,12,17,29,0.41
BnlD,2,2,4,0.5
BnlH,20,18,38,0.53
BnlI,1,3,4,0.25
BnlJ,9,6,15,0.6
BnlK,0,0,0,
BnlL,14,8,22,0.64
BnlM,22,34,56,0.39
BnlN,25,28,53,0.47
BnlP,28,36,64,0.44
BnlS,15,18,33,0.45
Bnlb,24,17,41,0.59
Bnll,9,7,16,0.56
Bnlm,22,19,41,0.54
Bnln,37,17,54,0.69
Bnls,16,20,36,0.44
BnmB,39,54,93,0.42
BnmD,11,16,27,0.41
BnmH,40,35,75,0.53
BnmI,4,3,7,0.57
BnmJ,17,20,37,0.46
BnmK,0,1,1,0.0
BnmL,21,16,37,0.57
BnmM,67,55,122,0.55
BnmN,83,86,169,0.49
BnmP,108,79,187,0.58
BnmS,38,39,77,0.49
Bnmb,46,50,96,0.48
Bnml,20,13,33,0.61
Bnmm,61,44,105,0.58
Bnmn,74,55,129,0.57
Bnms,32,37,69,0.46
BnnB,63,63,126,0.5
BnnD,8,15,23,0.35
BnnH,42,41,83,0.51
BnnI,9,10,19,0.47
BnnK,1,6,7,0.14
BnnL,19,27,46,0.41
BnnM,63,82,145,0.43
BnnN,91,119,210,0.43
BnnP,106,127,233,0.45
BnnS,65,54,119,0.55
Bnnb,72,61,133,0.54
Bnnh,2,1,3,0.67
Bnnl,30,34,64,0.47
Bnnm,81,52,133,0.61
Bnnn,99,96,195,0.51
Bnns,61,67,128,0.48
Bnnt,0,1,1,0.0
BnsB,22,18,40,0.55
BnsD,8,9,17,0.47
BnsH,44,36,80,0.55
BnsI,7,3,10,0.7
BnsK,2,0,2,1.0
BnsL,10,15,25,0.4
BnsM,42,49,91,0.46
BnsN,46,62,108,0.43
BnsP,60,48,108,0.56
BnsS,47,40,87,0.54
Bnsb,29,25,54,0.54
Bnsh,2,2,4,0.5
Bnsl,14,17,31,0.45
Bnsm,30,34,64,0.47
Bnsn,42,37,79,0.53
Bnss,39,40,79,0.49
Bnst,0,1,1,0.0
BntB,0,1,1,0.0
BntH,0,0,0,
BntP,0,1,1,0.0
Bntn,1,2,3,0.33
BsBB,10,13,23,0.43
BsBD,3,4,7,0.43
BsBK,0,2,2,0.0
BsBL,2,6,8,0.25
BsBM,14,16,30,0.47
BsBN,20,12,32,0.62
BsBP,26,28,54,0.48
BsBS,6,17,23,0.26
BsBb,16,17,33,0.48
BsBh,3,1,4,0.75
BsBj,7,7,14,0.5
BsBl,9,10,19,0.47
BsBm,14,10,24,0.58
BsBn,24,22,46,0.52
BsBs,8,9,17,0.47
BsBt,4,4,8,0.5
BsDB,5,1,6,0.83
BsDD,3,1,4,0.75
BsDH,3,4,7,0.43
BsDI,0,1,1,0.0
BsDK,1,0,1,1.0
BsDL,0,1,1,0.0
BsDM,2,2,4,0.5
BsDN,5,4,9,0.56
BsDP,5,5,10,0.5
BsDS,2,7,9,0.22
BsDb,4,4,8,0.5
BsDh,1,1,2,0.5
BsDl,0,1,1,0.0
BsDm,6,7,13,0.46
BsDn,2,5,7,0.29
BsDs,6,2,8,0.75
BsDt,1,0,1,1.0
BsHB,13,13,26,0.5
BsHD,4,4,8,0.5
BsHH,8,4,12,0.67
BsHI,2,1,3,0.67
BsHK,1,3,4,0.25
BsHL,5,14,19,0.26
BsHM,18,23,41,0.44
BsHN,21,23,44,0.48
BsHP,34,30,64,0.53
BsHS,27,21,48,0.56
BsHb,15,20,35,0.43
BsHh,10,18,28,0.36
BsHl,9,6,15,0.6
BsHm,18,18,36,0.5
BsHn,27,20,47,0.57
BsHs,19,16,35,0.54
BsHt,1,2,3,0.33
BsIB,1,1,2,0.5
BsID,1,1,2,0.5
BsIH,4,3,7,0.57
BsII,0,0,0,
BsIL,0,3,3,0.0
BsIM,4,4,8,0.5
BsIN,7,3,10,0.7
BsIP,1,5,6,0.17
BsIS,6,4,10,0.6
BsIb,3,2,5,0.6
BsIl,0,2,2,0.0
BsIm,3,5,8,0.38
BsIn,1,3,4,0.25
BsIs,5,7,12,0.42
BsKH,0,0,0,
BsKM,1,0,1,1.0
BsKP,3,0,3,1.0
BsKS,1,1,2,0.5
BsKh,0,1,1,0.0
BsKm,1,2,3,0.33
BsLB,5,5,10,0.5
BsLK,1,0,1,1.0
BsLL,5,6,11,0.45
BsLM,8,7,15,0.53
BsLN,5,7,12,0.42
BsLP,6,6,12,0.5
BsLS,4,6,10,0.4
BsLb,6,6,12,0.5
BsLh,6,4,10,0.6
BsLj,4,2,6,0.67
BsLl,4,4,8,0.5
BsLm,11,9,20,0.55
BsLn,8,13,21,0.38
BsLs,6,6,12,0.5
BsLt,2,0,2,1.0
BsMB,19,29,48,0.4
BsMD,4,1,5,0.8
BsML,8,4,12,0.67
BsMM,17,25,42,0.4
BsMN,19,27,46,0.41
BsMP,31,37,68,0.46
BsMS,15,18,33,0.45
BsMb,15,17,32,0.47
BsMh,7,20,27,0.26
BsMj,4,9,13,0.31
BsMl,11,6,17,0.65
BsMm,27,16,43,0.63
BsMn,29,39,68,0.43
BsMs,11,17,28,0.39
BsMt,2,1,3,0.67
BsNB,19,21,40,0.48
BsND,7,5,12,0.58
BsNH,5,7,12,0.42
BsNK,2,3,5,0.4
BsNL,15,4,19,0.79
BsNM,17,29,46,0.37
BsNN,30,31,61,0.49
BsNP,48,38,86,0.56
BsNS,20,24,44,0.45
BsNb,29,25,54,0.54
BsNh,9,15,24,0.38
BsNl,6,11,17,0.35
BsNm,27,17,44,0.61
BsNn,35,38,73,0.48
BsNs,9,24,33,0.27
BsNt,5,5,10,0.5
BsPB,24,26,50,0.48
BsPD,2,1,3,0.67
BsPH,13,10,23,0.57
BsPI,3,5,8,0.38
BsPK,1,6,7,0.14
BsPL,13,22,35,0.37
BsPM,30,42,72,0.42
BsPN,30,37,67,0.45
BsPP,43,56,99,0.43
BsPS,18,24,42,0.43
BsPb,39,29,68,0.57
BsPh,4,7,11,0.36
BsPl,13,14,27,0.48
BsPm,40,26,66,0.61
BsPn,40,33,73,0.55
BsPs,17,28,45,0.38
BsPt,6,2,8,0.75
BsSB,18,11,29,0.62
BsSD,7,5,12,0.58
BsSH,8,12,20,0.4
BsSI,1,1,2,0.5
BsSL,11,8,19,0.58
BsSM,11,28,39,0.28
BsSN,20,32,52,0.38
BsSP,27,25,52,0.52
BsSS,25,22,47,0.53
BsSb,12,14,26,0.46
BsSh,18,15,33,0.55
BsSl,6,7,13,0.46
BsSm,27,29,56,0.48
BsSn,29,25,54,0.54
BsSs,29,23,52,0.56
BsSt,3,3,6,0.5
BsbB,19,15,34,0.56
BsbD,2,1,3,0.67
BsbH,4,7,11,0.36
BsbI,2,1,3,0.67
BsbJ,9,7,16,0.56
BsbK,1,1,2,0.5
BsbL,10,15,25,0.4
BsbM,22,16,38,0.58
BsbN,29,30,59,0.49
BsbP,25,20,45,0.56
BsbS,10,16,26,0.38
Bsbb,32,23,55,0.58
Bsbl,7,6,13,0.54
Bsbm,17,12,29,0.59
Bsbn,24,15,39,0.62
Bsbs,12,11,23,0.52
BshB,1,0,1,1.0
BshL,1,0,1,1.0
BshM,1,1,2,0.5
BshN,1,3,4,0.25
BshP,0,1,1,0.0
BshS,1,0,1,1.0
Bshb,2,2,4,0.5
Bshh,3,0,3,1.0
Bshl,1,0,1,1.0
Bshm,2,1,3,0.67
Bshn,1,1,2,0.5
Bshs,2,1,3,0.67
Bsht,0,1,1,0.0
BslB,7,11,18,0.39
BslD,1,1,2,0.5
BslH,3,9,12,0.25
BslI,1,0,1,1.0
BslJ,2,1,3,0.67
BslK,2,1,3,0.67
BslL,2,7,9,0.22
BslM,9,10,19,0.47
BslN,7,8,15,0.47
BslP,12,15,27,0.44
BslS,8,11,19,0.42
Bslb,8,10,18,0.44
Bsll,7,4,11,0.64
Bslm,4,6,10,0.4
Bsln,12,9,21,0.57
Bsls,7,7,14,0.5
BsmB,21,18,39,0.54
BsmD,5,0,5,1.0
BsmH,14,16,30,0.47
BsmI,2,4,6,0.33
BsmJ,1,4,5,0.2
BsmL,6,5,11,0.55
BsmM,21,18,39,0.54
BsmN,22,34,56,0.39
BsmP,26,23,49,0.53
BsmS,25,17,42,0.6
Bsmb,22,20,42,0.52
Bsml,9,8,17,0.53
Bsmm,27,14,41,0.66
Bsmn,14,23,37,0.38
Bsms,14,9,23,0.61
BsnB,14,17,31,0.45
BsnD,4,2,6,0.67
BsnH,18,22,40,0.45
BsnI,3,2,5,0.6
BsnK,3,1,4,0.75
BsnL,10,7,17,0.59
BsnM,20,26,46,0.43
BsnN,37,40,77,0.48
BsnP,19,49,68,0.28
BsnS,13,17,30,0.43
Bsnb,18,16,34,0.53
Bsnh,1,0,1,1.0
Bsnl,6,6,12,0.5
Bsnm,20,15,35,0.57
Bsnn,33,26,59,0.56
Bsns,18,14,32,0.56
Bsnt,1,0,1,1.0
BssB,8,15,23,0.35
BssD,2,3,5,0.4
BssH,23,18,41,0.56
BssI,4,2,6,0.67
BssK,0,0,0,
BssL,6,3,9,0.67
BssM,16,23,39,0.41
BssN,15,14,29,0.52
BssP,33,30,63,0.52
BssS,24,22,46,0.52
Bssb,11,19,30,0.37
Bssh,1,3,4,0.25
Bssl,7,8,15,0.47
Bssm,17,19,36,0.47
Bssn,17,17,34,0.5
Bsss,17,17,34,0.5
BtBB,9,3,12,0.75
BtBD,0,1,1,0.0
BtBL,1,0,1,1.0
BtBM,6,8,14,0.43
BtBN,1,5,6,0.17
BtBP,7,4,11,0.64
BtBS,3,2,5,0.6
BtBb,9,7,16,0.56
BtBh,0,1,1,0.0
BtBj,4,2,6,0.67
BtBl,8,3,11,0.73
BtBm,2,8,10,0.2
BtBn,12,10,22,0.55
BtBs,3,4,7,0.43
BtBt,2,1,3,0.67
BtDB,0,3,3,0.0
BtDD,1,0,1,1.0
BtDH,1,1,2,0.5
BtDL,1,0,1,1.0
BtDM,1,1,2,0.5
BtDN,0,0,0,
BtDP,1,2,3,0.33
BtDS,0,1,1,0.0
BtDb,1,0,1,1.0
BtDl,1,0,1,1.0
BtDn,0,2,2,0.0
BtDs,1,0,1,1.0
BtHB,2,5,7,0.29
BtHH,2,3,5,0.4
BtHL,5,1,6,0.83
BtHM,4,3,7,0.57
BtHN,5,6,11,0.45
BtHP,9,1,10,0.9
BtHS,2,3,5,0.4
BtHb,0,7,7,0.0
BtHh,4,1,5,0.8
BtHl,2,1,3,0.67
BtHm,5,4,9,0.56
BtHn,7,10,17,0.41
BtHs,1,0,1,1.0
BtHt,0,1,1,0.0
BtII,0,1,1,0.0
BtIM,1,0,1,1.0
BtIS,0,1,1,0.0
BtIb,0,1,1,0.0
BtKL,0,2,2,0.0
BtKM,0,1,1,0.0
BtKP,1,0,1,1.0
BtKS,0,1,1,0.0
BtKb,2,0,2,1.0
BtKh,1,0,1,1.0
BtKm,0,1,1,0.0
BtKs,0,1,1,0.0
BtLB,4,1,5,0.8
BtLD,0,1,1,0.0
BtLL,1,2,3,0.33
BtLM,2,6,8,0.25
BtLN,2,4,6,0.33
BtLP,6,4,10,0.6
BtLS,1,1,2,0.5
BtLb,4,4,8,0.5
BtLh,2,1,3,0.67
BtLj,1,1,2,0.5
BtLl,0,1,1,0.0
BtLm,6,1,7,0.86
BtLn,3,2,5,0.6
BtLs,1,1,2,0.5
BtMB,8,9,17,0.47
BtMD,0,2,2,0.0
BtMH,0,2,2,0.0
BtML,2,2,4,0.5
BtMM,7,3,10,0.7
BtMN,5,6,11,0.45
BtMP,8,8,16,0.5
BtMS,3,2,5,0.6
BtMb,7,4,11,0.64
BtMh,4,7,11,0.36
BtMj,1,2,3,0.33
BtMl,4,5,9,0.44
BtMm,11,6,17,0.65
BtMn,9,8,17,0.53
BtMs,6,3,9,0.67
BtMt,1,2,3,0.33
BtNB,8,7,15,0.53
BtND,1,0,1,1.0
BtNH,0,1,1,0.0
BtNK,1,1,2,0.5
BtNL,4,4,8,0.5
BtNM,12,13,25,0.48
BtNN,8,12,20,0.4
BtNP,7,16,23,0.3
BtNS,7,14,21,0.33
BtNb,6,3,9,0.67
BtNh,5,3,8,0.62
BtNl,4,4,8,0.5
BtNm,5,12,17,0.29
BtNn,10,12,22,0.45
BtNs,8,9,17,0.47
BtNt,3,0,3,1.0
BtPB,5,9,14,0.36
BtPD,0,2,2,0.0
BtPH,4,4,8,0.5
BtPI,1,2,3,0.33
BtPK,1,1,2,0.5
BtPL,6,10,16,0.38
BtPM,8,15,23,0.35
BtPN,15,19,34,0.44
BtPP,24,28,52,0.46
BtPS,10,8,18,0.56
BtPb,17,14,31,0.55
BtPh,2,2,4,0.5
BtPl,8,9,17,0.47
BtPm,11,14,25,0.44
BtPn,13,8,21,0.62
BtPs,8,6,14,0.57
BtPt,0,1,1,0.0
BtSB,2,4,6,0.33
BtSD,0,1,1,0.0
BtSH,3,0,3,1.0
BtSL,1,6,7,0.14
BtSM,5,7,12,0.42
BtSN,5,7,12,0.42
BtSP,9,5,14,0.64
BtSS,4,5,9,0.44
BtSb,5,9,14,0.36
BtSh,1,3,4,0.25
BtSl,5,2,7,0.71
BtSm,7,10,17,0.41
BtSn,6,3,9,0.67
BtSs,7,3,10,0.7
BtSt,1,2,3,0.33
BtbB,12,4,16,0.75
BtbD,0,2,2,0.0
BtbH,1,2,3,0.33
BtbI,1,1,2,0.5
BtbJ,1,1,2,0.5
BtbK,0,1,1,0.0
BtbL,1,5,6,0.17
BtbM,10,8,18,0.56
BtbN,8,10,18,0.44
BtbP,5,9,14,0.36
BtbS,5,1,6,0.83
Btbb,10,12,22,0.45
Btbl,7,2,9,0.78
Btbm,9,12,21,0.43
Btbn,10,7,17,0.59
Btbs,5,3,8,0.62
BthS,0,0,0,
BtlB,0,2,2,0.0
BtlH,4,1,5,0.8
BtlI,1,0,1,1.0
BtlJ,0,1,1,0.0
BtlL,4,2,6,0.67
BtlM,1,3,4,0.25
BtlN,4,2,6,0.67
BtlP,4,3,7,0.57
BtlS,4,1,5,0.8
Btlb,1,2,3,0.33
Btll,4,2,6,0.67
Btlm,4,1,5,0.8
Btln,2,1,3,0.67
Btls,2,1,3,0.67
BtmB,4,6,10,0.4
BtmD,2,4,6,0.33
BtmH,3,5,8,0.38
BtmJ,0,1,1,0.0
BtmK,0,1,1,0.0
BtmL,3,7,10,0.3
BtmM,5,13,18,0.28
BtmN,9,7,16,0.56
BtmP,11,8,19,0.58
BtmS,5,7,12,0.42
Btmb,5,9,14,0.36
Btml,3,1,4,0.75
Btmm,10,7,17,0.59
Btmn,3,1,4,0.75
Btms,5,3,8,0.62
BtnB,5,4,9,0.56
BtnD,0,3,3,0.0
BtnH,5,5,10,0.5
BtnI,1,1,2,0.5
BtnK,0,0,0,
BtnL,3,4,7,0.43
BtnM,5,7,12,0.42
BtnN,14,11,25,0.56
BtnP,10,7,17,0.59
BtnS,7,7,14,0.5
Btnb,6,5,11,0.55
Btnh,0,1,1,0.0
Btnl,3,5,8,0.38
Btnm,8,9,17,0.47
Btnn,6,10,16,0.38
Btns,6,4,10,0.6
Btnt,1,0,1,1.0
BtsB,1,1,2,0.5
BtsD,0,1,1,0.0
BtsH,5,7,12,0.42
BtsI,2,3,5,0.4
BtsL,0,1,1,0.0
BtsM,6,4,10,0.6
BtsN,3,4,7,0.43
BtsP,11,6,17,0.65
BtsS,2,7,9,0.22
Btsb,3,2,5,0.6
Btsl,2,1,3,0.67
Btsm,5,5,10,0.5
Btsn,5,1,6,0.83
Btss,2,7,9,0.22
BttB,0,0,0,
BttD,0,0,0,
BttL,3,2,5,0.6
BttM,2,1,3,0.67
BttN,3,2,5,0.6
BttP,6,0,6,1.0
BttS,4,0,4,1.0
Bttb,3,2,5,0.6
Bttl,1,1,2,0.5
Bttm,1,2,3,0.33
Bttn,2,2,4,0.5
Bttt,2,0,2,1.0
DBBB,9,6,15,0.6
DBBD,0,1,1,0.0
DBBH,1,0,1,1.0
DBBK,1,2,3,0.33
DBBL,2,2,4,0.5
DBBM,2,10,12,0.17
DBBN,7,5,12,0.58
DBBP,8,5,13,0.62
DBBS,1,6,7,0.14
DBBb,8,4,12,0.67
DBBh,0,0,0,
DBBj,1,1,2,0.5
DBBl,2,0,2,1.0
DBBm,8,7,15,0.53
DBBn,7,16,23,0.3
DBBs,1,4,5,0.2
DBBt,2,1,3,0.67
DBDB,1,1,2,0.5
DBDD,2,1,3,0.67
DBDH,2,3,5,0.4
DBDI,1,0,1,1.0
DBDM,1,4,5,0.2
DBDN,0,1,1,0.0
DBDP,2,1,3,0.67
DBDS,4,0,4,1.0
DBDb,1,1,2,0.5
DBDm,3,2,5,0.6
DBDn,0,1,1,0.0
DBDs,1,4,5,0.2
DBHt,1,0,1,1.0
DBKB,0,1,1,0.0
DBKL,0,1,1,0.0
DBKM,1,2,3,0.33
DBKN,1,0,1,1.0
DBKP,3,1,4,0.75
DBKb,1,4,5,0.2
DBKh,0,1,1,0.0
DBKl,0,1,1,0.0
DBKm,2,3,5,0.4
DBKn,2,0,2,1.0
DBKt,1,0,1,1.0
DBLB,2,2,4,0.5
DBLL,1,0,1,1.0
DBLM,3,1,4,0.75
DBLN,1,3,4,0.25
DBLP,3,2,5,0.6
DBLS,0,1,1,0.0
DBLb,8,2,10,0.8
DBLh,0,2,2,0.0
DBLl,3,0,3,1.0
DBLm,3,3,6,0.5
DBLn,0,2,2,0.0
DBLs,0,0,0,
DBLt,1,0,1,1.0
DBMB,5,3,8,0.62
DBMD,0,1,1,0.0
DBML,4,1,5,0.8
DBMM,7,11,18,0.39
DBMN,3,5,8,0.38
DBMP,9,9,18,0.5
DBMS,2,8,10,0.2
DBMb,4,6,10,0.4
DBMh,5,2,7,0.71
DBMj,1,3,4,0.25
DBMl,2,0,2,1.0
DBMm,10,4,14,0.71
DBMn,11,9,20,0.55
DBMs,5,5,10,0.5
DBMt,2,0,2,1.0
DBNB,6,7,13,0.46
DBND,1,0,1,1.0
DBNH,1,0,1,1.0
DBNI,1,0,1,1.0
DBNL,0,5,5,0.0
DBNM,2,2,4,0.5
DBNN,7,6,13,0.54
DBNP,7,17,24,0.29
DBNS,8,6,14,0.57
DBNb,7,5,12,0.58
DBNh,2,1,3,0.67
DBNl,1,3,4,0.25
DBNm,9,4,13,0.69
DBNn,6,8,14,0.43
DBNs,4,5,9,0.44
DBNt,1,3,4,0.25
DBPB,6,9,15,0.4
DBPH,2,2,4,0.5
DBPK,1,0,1,1.0
DBPL,3,4,7,0.43
DBPM,4,12,16,0.25
DBPN,10,2,12,0.83
DBPP,10,8,18,0.56
DBPS,5,3,8,0.62
DBPb,7,6,13,0.54
DBPh,1,1,2,0.5
DBPl,3,5,8,0.38
DBPm,2,10,12,0.17
DBPn,5,10,15,0.33
DBPs,8,8,16,0.5
DBPt,0,1,1,0.0
DBSB,5,1,6,0.83
DBSD,2,1,3,0.67
DBSH,1,1,2,0.5
DBSL,1,2,3,0.33
DBSM,6,7,13,0.46
DBSN,6,2,8,0.75
DBSP,8,4,12,0.67
DBSS,2,5,7,0.29
DBSb,2,5,7,0.29
DBSh,1,3,4,0.25
DBSm,5,7,12,0.42
DBSn,3,5,8,0.38
DBSs,5,6,11,0.45
DBbB,5,10,15,0.33
DBbD,0,1,1,0.0
DBbH,2,3,5,0.4
DBbI,0,2,2,0.0
DBbJ,1,2,3,0.33
DBbK,0,1,1,0.0
DBbL,3,3,6,0.5
DBbM,6,7,13,0.46
DBbN,10,6,16,0.62
DBbP,9,6,15,0.6
DBbS,4,3,7,0.57
DBbb,6,5,11,0.55
DBbl,4,2,6,0.67
DBbm,5,2,7,0.71
DBbn,1,4,5,0.2
DBbs,7,4,11,0.64
DBhB,2,0,2,1.0
DBhM,0,1,1,0.0
DBhN,0,1,1,0.0
DBhP,0,1,1,0.0
DBhS,1,1,2,0.5
DBhb,0,0,0,
DBhl,0,1,1,0.0
DBhm,2,1,3,0.67
DBhn,1,0,1,1.0
DBjB,3,1,4,0.75
DBjD,1,0,1,1.0
DBjI,0,0,0,
DBjL,0,2,2,0.0
DBjM,0,2,2,0.0
DBjN,0,4,4,0.0
DBjP,2,0,2,1.0
DBjb,2,1,3,0.67
DBjh,0,1,1,0.0
DBjl,0,1,1,0.0
DBjm,1,1,2,0.5
DBjs,2,0,2,1.0
DBlB,0,2,2,0.0
DBlD,0,0,0,
DBlH,1,0,1,1.0
DBlK,0,1,1,0.0
DBlL,2,3,5,0.4
DBlM,7,3,10,0.7
DBlN,2,2,4,0.5
DBlP,2,3,5,0.4
DBlS,1,1,2,0.5
DBlb,2,1,3,0.67
DBll,1,1,2,0.5
DBlm,5,3,8,0.62
DBls,2,1,3,0.67
DBmB,6,9,15,0.4
DBmD,2,3,5,0.4
DBmH,4,3,7,0.57
DBmL,4,5,9,0.44
DBmM,10,10,20,0.5
DBmN,3,10,13,0.23
DBmP,13,10,23,0.57
DBmS,3,9,12,0.25
DBmb,6,5,11,0.55
DBml,0,0,0,
DBmm,11,5,16,0.69
DBmn,7,8,15,0.47
DBms,6,6,12,0.5
DBnB,8,8,16,0.5
DBnD,1,1,2,0.5
DBnH,3,6,9,0.33
DBnI,1,0,1,1.0
DBnK,0,1,1,0.0
DBnL,4,1,5,0.8
DBnM,8,4,12,0.67
DBnN,10,8,18,0.56
DBnP,9,8,17,0.53
DBnS,6,5,11,0.55
DBnb,5,4,9,0.56
DBnh,0,1,1,0.0
DBnl,2,2,4,0.5
DBnm,6,8,14,0.43
DBnn,8,5,13,0.62
DBns,8,2,10,0.8
DBsB,2,3,5,0.4
DBsD,0,3,3,0.0
DBsH,2,5,7,0.29
DBsI,2,0,2,1.0
DBsL,1,1,2,0.5
DBsM,2,7,9,0.22
DBsN,2,8,10,0.2
DBsP,3,3,6,0.5
DBsS,4,3,7,0.57
DBsb,4,3,7,0.57
DBsh,0,0,0,
DBsl,0,1,1,0.0
DBsm,3,2,5,0.6
DBsn,4,0,4,1.0
DBss,4,3,7,0.57
DBtB,0,1,1,0.0
DBtD,0,0,0,
DBtH,0,1,1,0.0
DBtL,1,0,1,1.0
DBtM,0,0,0,
DBtN,0,1,1,0.0
DBtP,1,2,3,0.33
DBtb,0,1,1,0.0
DBtm,3,1,4,0.75
DBtn,1,1,2,0.5
DBts,0,1,1,0.0
DDBB,6,5,11,0.55
DDBD,0,3,3,0.0
DDBK,1,3,4,0.25
DDBL,0,2,2,0.0
DDBM,2,5,7,0.29
DDBN,4,4,8,0.5
DDBP,1,4,5,0.2
DDBS,0,3,3,0.0
DDBb,2,1,3,0.67
DDBh,0,1,1,0.0
DDBj,1,0,1,1.0
DDBl,1,0,1,1.0
DDBm,1,4,5,0.2
DDBn,0,3,3,0.0
DDBs,2,1,3,0.67
DDDB,4,4,8,0.5
DDDD,29,5,34,0.85
DDDH,2,1,3,0.67
DDDK,0,0,0,
DDDL,1,1,2,0.5
DDDM,3,5,8,0.38
DDDN,3,2,5,0.6
DDDP,3,2,5,0.6
DDDS,1,2,3,0.33
DDDb,1,3,4,0.25
DDDl,0,1,1,0.0
DDDm,1,2,3,0.33
DDDn,0,0,0,
DDDs,0,3,3,0.0
DDHB,5,0,5,1.0
DDHD,2,2,4,0.5
DDHH,0,0,0,
DDHI,0,0,0,
DDHL,1,0,1,1.0
DDHM,1,2,3,0.33
DDHN,1,2,3,0.33
DDHP,4,5,9,0.44
DDHS,4,5,9,0.44
DDHb,2,5,7,0.29
DDHh,3,1,4,0.75
DDHl,3,1,4,0.75
DDHm,6,2,8,0.75
DDHn,4,1,5,0.8
DDHs,1,2,3,0.33
DDIB,0,0,0,
DDIL,0,1,1,0.0
DDIM,0,2,2,0.0
DDIP,0,1,1,0.0
DDKD,1,0,1,1.0
DDLB,1,1,2,0.5
DDLK,0,1,1,0.0
DDLM,3,3,6,0.5
DDLN,0,1,1,0.0
DDLP,4,1,5,0.8
DDLS,0,0,0,
DDLb,0,5,5,0.0
DDLj,1,0,1,1.0
DDLm,2,2,4,0.5
DDLn,1,0,1,1.0
DDLs,1,0,1,1.0
DDMB,4,4,8,0.5
DDMD,4,1,5,0.8
DDMH,0,1,1,0.0
DDMM,11,6,17,0.65
DDMN,5,1,6,0.83
DDMP,3,1,4,0.75
DDMS,2,1,3,0.67
DDMb,4,2,6,0.67
DDMh,7,6,13,0.54
DDMj,1,0,1,1.0
DDMl,1,0,1,1.0
DDMm,6,4,10,0.6
DDMn,8,2,10,0.8
DDMs,2,5,7,0.29
DDNB,2,1,3,0.67
DDND,4,1,5,0.8
DDNH,0,0,0,
DDNK,1,0,1,1.0
DDNL,2,1,3,0.67
DDNM,3,2,5,0.6
DDNN,6,1,7,0.86
DDNP,1,5,6,0.17
DDNS,4,0,4,1.0
DDNb,1,1,2,0.5
DDNh,1,1,2,0.5
DDNl,0,2,2,0.0
DDNm,3,3,6,0.5
DDNn,0,3,3,0.0
DDNs,3,1,4,0.75
DDNt,1,0,1,1.0
DDPB,6,2,8,0.75
DDPD,0,6,6,0.0
DDPH,1,1,2,0.5
DDPI,1,1,2,0.5
DDPK,0,0,0,
DDPL,4,2,6,0.67
DDPM,1,8,9,0.11
DDPN,3,2,5,0.6
DDPP,3,6,9,0.33
DDPS,0,5,5,0.0
DDPb,3,2,5,0.6
DDPl,1,0,1,1.0
DDPm,13,6,19,0.68
DDPn,2,1,3,0.67
DDPs,3,4,7,0.43
DDSB,1,0,1,1.0
DDSD,1,1,2,0.5
DDSH,0,0,0,
DDSK,1,0,1,1.0
DDSL,3,0,3,1.0
DDSM,2,7,9,0.22
DDSN,2,2,4,0.5
DDSP,7,3,10,0.7
DDSS,2,8,10,0.2
DDSb,0,3,3,0.0
DDSh,1,2,3,0.33
DDSl,1,2,3,0.33
DDSm,2,2,4,0.5
DDSn,3,1,4,0.75
DDSs,1,4,5,0.2
DDbB,1,1,2,0.5
DDbH,1,3,4,0.25
DDbI,1,0,1,1.0
DDbJ,1,0,1,1.0
DDbK,1,1,2,0.5
DDbM,4,1,5,0.8
DDbN,1,0,1,1.0
DDbP,5,3,8,0.62
DDbS,1,2,3,0.33
DDbb,2,6,8,0.25
DDbm,4,2,6,0.67
DDbn,1,1,2,0.5
DDbs,3,1,4,0.75
DDhM,0,1,1,0.0
DDhP,1,0,1,1.0
DDhl,0,1,1,0.0
DDhm,0,0,0,
DDlB,2,0,2,1.0
DDlD,0,0,0,
DDlH,0,1,1,0.0
DDlJ,0,1,1,0.0
DDlM,1,0,1,1.0
DDlP,2,0,2,1.0
DDlS,2,0,2,1.0
DDlb,1,1,2,0.5
DDlm,3,2,5,0.6
DDln,1,0,1,1.0
DDls,1,1,2,0.5
DDmB,8,4,12,0.67
DDmD,5,8,13,0.38
DDmH,2,4,6,0.33
DDmJ,0,1,1,0.0
DDmK,0,0,0,
DDmL,2,1,3,0.67
DDmM,4,10,14,0.29
DDmN,2,2,4,0.5
DDmP,4,9,13,0.31
DDmS,1,6,7,0.14
DDmb,6,7,13,0.46
DDmh,0,1,1,0.0
DDml,0,2,2,0.0
DDmm,14,8,22,0.64
DDmn,6,4,10,0.6
DDms,3,3,6,0.5
DDnB,1,2,3,0.33
DDnD,2,1,3,0.67
DDnH,1,0,1,1.0
DDnK,2,0,2,1.0
DDnM,4,2,6,0.67
DDnN,3,3,6,0.5
DDnP,4,4,8,0.5
DDnS,2,0,2,1.0
DDnb,2,1,3,0.67
DDnh,0,1,1,0.0
DDnl,2,2,4,0.5
DDnm,6,2,8,0.75
DDnn,3,2,5,0.6
DDns,1,1,2,0.5
DDsB,1,2,3,0.33
DDsD,1,0,1,1.0
DDsH,1,4,5,0.2
DDsM,0,2,2,0.0
DDsN,4,0,4,1.0
DDsP,1,3,4,0.25
DDsS,1,3,4,0.25
DDsb,1,4,5,0.2
DDsl,3,2,5,0.6
DDsm,5,3,8,0.62
DDsn,1,1,2,0.5
DDss,4,0,4,1.0
DDtB,1,0,1,1.0
DDtD,0,1,1,0.0
DDtM,0,1,1,0.0
DDtN,0,1,1,0.0
DDtb,0,0,0,
DDtn,1,0,1,1.0
DHBB,7,1,8,0.88
DHBD,2,0,2,1.0
DHBK,0,1,1,0.0
DHBL,3,1,4,0.75
DHBM,3,10,13,0.23
DHBN,4,2,6,0.67
DHBP,2,4,6,0.33
DHBS,5,2,7,0.71
DHBb,3,4,7,0.43
DHBh,2,0,2,1.0
DHBj,0,2,2,0.0
DHBl,2,2,4,0.5
DHBm,2,9,11,0.18
DHBn,6,2,8,0.75
DHBs,3,1,4,0.75
DHDB,2,1,3,0.67
DHDD,0,0,0,
DHDH,0,1,1,0.0
DHDL,1,0,1,1.0
DHDM,4,3,7,0.57
DHDN,2,1,3,0.67
DHDP,1,0,1,1.0
DHDS,1,2,3,0.33
DHDb,3,0,3,1.0
DHDl,1,0,1,1.0
DHDm,1,2,3,0.33
DHDn,2,2,4,0.5
DHDs,3,0,3,1.0
DHDt,0,2,2,0.0
DHHB,0,1,1,0.0
DHHD,0,1,1,0.0
DHHH,2,1,3,0.67
DHHI,1,0,1,1.0
DHHK,1,0,1,1.0
DHHM,1,3,4,0.25
DHHN,1,2,3,0.33
DHHP,1,1,2,0.5
DHHS,1,4,5,0.2
DHHb,1,1,2,0.5
DHHh,1,0,1,1.0
DHHm,2,0,2,1.0
DHHn,2,2,4,0.5
DHHs,1,1,2,0.5
DHII,0,0,0,
DHIL,1,0,1,1.0
DHIM,1,1,2,0.5
DHIN,1,1,2,0.5
DHIP,0,2,2,0.0
DHIS,0,1,1,0.0
DHIb,2,0,2,1.0
DHIm,1,0,1,1.0
DHIn,1,2,3,0.33
DHIs,0,1,1,0.0
DHKB,0,1,1,0.0
DHKP,1,0,1,1.0
DHKS,1,1,2,0.5
DHKb,1,0,1,1.0
DHKh,0,1,1,0.0
DHKl,1,0,1,1.0
DHKm,0,2,2,0.0
DHKs,0,1,1,0.0
DHLB,1,1,2,0.5
DHLL,2,0,2,1.0
DHLM,3,2,5,0.6
DHLN,1,1,2,0.5
DHLP,2,2,4,0.5
DHLS,0,1,1,0.0
DHLb,2,5,7,0.29
DHLh,0,1,1,0.0
DHLj,0,1,1,0.0
DHLl,3,1,4,0.75
DHLm,3,2,5,0.6
DHLn,4,1,5,0.8
DHLs,1,1,2,0.5
DHLt,0,0,0,
DHMB,7,8,15,0.47
DHMD,0,4,4,0.0
DHML,7,2,9,0.78
DHMM,9,11,20,0.45
DHMN,5,6,11,0.45
DHMP,11,8,19,0.58
DHMS,5,7,12,0.42
DHMb,10,10,20,0.5
DHMh,2,10,12,0.17
DHMj,1,2,3,0.33
DHMl,4,2,6,0.67
DHMm,12,4,16,0.75
DHMn,6,12,18,0.33
DHMs,6,7,13,0.46
DHMt,0,2,2,0.0
DHNB,5,4,9,0.56
DHND,1,2,3,0.33
DHNH,1,1,2,0.5
DHNI,0,1,1,0.0
DHNK,0,1,1,0.0
DHNL,1,3,4,0.25
DHNM,4,4,8,0.5
DHNN,6,5,11,0.55
DHNP,7,11,18,0.39
DHNS,7,10,17,0.41
DHNb,1,3,4,0.25
DHNh,4,1,5,0.8
DHNl,3,3,6,0.5
DHNm,12,3,15,0.8
DHNn,5,9,14,0.36
DHNs,3,7,10,0.3
DHNt,1,1,2,0.5
DHPB,9,6,15,0.6
DHPD,1,1,2,0.5
DHPH,3,3,6,0.5
DHPI,1,1,2,0.5
DHPK,0,1,1,0.0
DHPL,4,6,10,0.4
DHPM,11,14,25,0.44
DHPN,12,11,23,0.52
DHPP,12,11,23,0.52
DHPS,13,11,24,0.54
DHPb,5,7,12,0.42
DHPh,1,0,1,1.0
DHPl,4,5,9,0.44
DHPm,13,11,24,0.54
DHPn,10,11,21,0.48
DHPs,5,7,12,0.42
DHSB,7,3,10,0.7
DHSD,2,0,2,1.0
DHSH,3,1,4,0.75
DHSK,0,1,1,0.0
DHSL,4,1,5,0.8
DHSM,6,7,13,0.46
DHSN,6,5,11,0.55
DHSP,6,5,11,0.55
DHSS,11,10,21,0.52
DHSb,4,2,6,0.67
DHSh,4,5,9,0.44
DHSl,2,0,2,1.0
DHSm,11,5,16,0.69
DHSn,3,5,8,0.38
DHSs,11,9,20,0.55
DHSt,1,0,1,1.0
DHbB,7,5,12,0.58
DHbD,3,2,5,0.6
DHbH,1,1,2,0.5
DHbI,0,0,0,
DHbJ,0,1,1,0.0
DHbK,0,1,1,0.0
DHbL,10,3,13,0.77
DHbM,2,5,7,0.29
DHbN,6,4,10,0.6
DHbP,10,7,17,0.59
DHbS,3,3,6,0.5
DHbb,5,7,12,0.42
DHbl,2,2,4,0.5
DHbm,8,9,17,0.47
DHbn,7,6,13,0.54
DHbs,2,4,6,0.33
DHhB,3,2,5,0.6
DHhD,0,0,0,
DHhH,1,1,2,0.5
DHhK,1,1,2,0.5
DHhL,1,2,3,0.33
DHhM,11,8,19,0.58
DHhN,2,6,8,0.25
DHhP,5,4,9,0.56
DHhS,4,3,7,0.57
DHhb,3,3,6,0.5
DHhh,7,2,9,0.78
DHhl,0,4,4,0.0
DHhm,2,4,6,0.33
DHhn,4,1,5,0.8
DHhs,1,2,3,0.33
DHlB,2,3,5,0.4
DHlD,1,0,1,1.0
DHlH,4,1,5,0.8
DHlJ,0,1,1,0.0
DHlL,2,0,2,1.0
DHlM,4,5,9,0.44
DHlN,3,2,5,0.6
DHlP,5,4,9,0.56
DHlS,1,0,1,1.0
DHlb,2,5,7,0.29
DHll,1,1,2,0.5
DHlm,1,2,3,0.33
DHln,1,3,4,0.25
DHls,3,2,5,0.6
DHmB,8,6,14,0.57
DHmD,1,4,5,0.2
DHmH,8,9,17,0.47
DHmJ,0,2,2,0.0
DHmL,7,4,11,0.64
DHmM,14,11,25,0.56
DHmN,13,9,22,0.59
DHmP,9,12,21,0.43
DHmS,10,1,11,0.91
DHmb,8,9,17,0.47
DHmh,0,0,0,
DHml,4,1,5,0.8
DHmm,12,13,25,0.48
DHmn,11,7,18,0.61
DHms,3,3,6,0.5
DHnB,2,5,7,0.29
DHnD,2,2,4,0.5
DHnH,4,1,5,0.8
DHnK,0,0,0,
DHnL,4,1,5,0.8
DHnM,10,7,17,0.59
DHnN,8,5,13,0.62
DHnP,10,10,20,0.5
DHnS,4,6,10,0.4
DHnb,4,6,10,0.4
DHnl,4,0,4,1.0
DHnm,10,8,18,0.56
DHnn,9,5,14,0.64
DHns,6,6,12,0.5
DHsB,7,2,9,0.78
DHsD,4,3,7,0.57
DHsH,7,4,11,0.64
DHsI,2,0,2,1.0
DHsL,2,1,3,0.67
DHsM,6,5,11,0.55
DHsN,11,5,16,0.69
DHsP,5,5,10,0.5
DHsS,3,14,17,0.18
DHsb,1,3,4,0.25
DHsl,2,1,3,0.67
DHsm,8,9,17,0.47
DHsn,2,2,4,0.5
DHss,8,9,17,0.47
DHtB,1,0,1,1.0
DHtH,0,0,0,
DHtI,0,0,0,
DHtM,1,2,3,0.33
DHtN,1,2,3,0.33
DHtP,2,0,2,1.0
DHtS,1,0,1,1.0
DHtb,1,0,1,1.0
DHtm,0,1,1,0.0
DHtn,0,1,1,0.0
DHts,1,0,1,1.0
DIBB,2,1,3,0.67
DIBK,0,0,0,
DIBM,0,0,0,
DIBN,2,0,2,1.0
DIBP,1,0,1,1.0
DIBb,1,0,1,1.0
DIBl,1,0,1,1.0
DIBm,0,1,1,0.0
DIBn,1,0,1,1.0
DIBs,0,0,0,
DIDB,0,0,0,
DIDD,1,0,1,1.0
DIDL,1,0,1,1.0
DIDS,0,0,0,
DIDb,2,1,3,0.67
DIDm,1,0,1,1.0
DIHM,1,1,2,0.5
DIHP,3,1,4,0.75
DIHh,0,1,1,0.0
DIHm,0,1,1,0.0
DIHn,0,0,0,
DIHs,0,0,0,
DIIB,0,1,1,0.0
DIIP,0,0,0,
DILB,0,1,1,0.0
DILD,0,1,1,0.0
DILL,0,0,0,
DILM,1,0,1,1.0
DILb,0,1,1,0.0
DILl,1,0,1,1.0
DILm,1,1,2,0.5
DIMB,0,1,1,0.0
DIMI,0,1,1,0.0
DIMM,0,1,1,0.0
DIMN,2,2,4,0.5
DIMP,1,1,2,0.5
DIMS,0,1,1,0.0
DIMh,0,1,1,0.0
DIMm,1,1,2,0.5
DIMn,0,0,0,
DINB,1,1,2,0.5
DINM,0,1,1,0.0
DINN,0,0,0,
DINP,1,1,2,0.5
DINS,1,0,1,1.0
DINm,1,0,1,1.0
DIPB,0,1,1,0.0
DIPD,0,0,0,
DIPK,0,0,0,
DIPM,1,2,3,0.33
DIPN,0,1,1,0.0
DIPP,0,2,2,0.0
DIPS,0,0,0,
DIPb,1,1,2,0.5
DIPl,1,0,1,1.0
DIPm,2,1,3,0.67
DISB,1,0,1,1.0
DISH,0,0,0,
DISN,0,0,0,
DISS,1,0,1,1.0
DISm,0,0,0,
DISn,2,1,3,0.67
DISs,0,0,0,
DIbJ,0,1,1,0.0
DIbK,0,1,1,0.0
DIbL,0,0,0,
DIbM,2,1,3,0.67
DIbN,0,1,1,0.0
DIbP,1,0,1,1.0
DIbm,1,1,2,0.5
DIbn,0,1,1,0.0
DIbs,0,0,0,
DIhN,0,0,0,
DIlN,1,1,2,0.5
DIlP,1,0,1,1.0
DIlb,0,1,1,0.0
DImB,1,0,1,1.0
DImH,1,0,1,1.0
DImL,1,0,1,1.0
DImM,1,0,1,1.0
DImN,1,0,1,1.0
DImP,0,0,0,
DImb,1,1,2,0.5
DImm,0,0,0,
DImn,2,0,2,1.0
DInH,0,0,0,
DInM,0,1,1,0.0
DInN,1,1,2,0.5
DInP,0,2,2,0.0
DInS,0,1,1,0.0
DInm,1,1,2,0.5
DIsH,1,0,1,1.0
DIsI,0,0,0,
DIsM,0,1,1,0.0
DIsN,0,0,0,
DIsS,1,2,3,0.33
DIsb,1,0,1,1.0
DIsm,0,1,1,0.0
DIsn,0,1,1,0.0
DIss,0,0,0,
DItD,0,1,1,0.0
DKBP,0,1,1,0.0
DKBn,1,0,1,1.0
DKDM,0,1,1,0.0
DKDS,0,1,1,0.0
DKIH,1,0,1,1.0
DKMN,0,0,0,
DKMb,0,2,2,0.0
DKMs,0,1,1,0.0
DKNP,0,1,1,0.0
DKNl,0,1,1,0.0
DKNn,1,0,1,1.0
DKPB,0,1,1,0.0
DKPD,1,0,1,1.0
DKPM,0,1,1,0.0
DKPm,0,1,1,0.0
DKSM,0,1,1,0.0
DKSm,1,0,1,1.0
DKSn,1,0,1,1.0
DKbH,0,1,1,0.0
DKbJ,1,0,1,1.0
DKbS,0,1,1,0.0
DKbb,1,0,1,1.0
DKlJ,1,0,1,1.0
DKmB,0,1,1,0.0
DKmM,0,1,1,0.0
DKmS,0,1,1,0.0
DKnP,1,0,1,1.0
DKsD,0,1,1,0.0
DKsP,0,1,1,0.0
DKsS,1,0,1,1.0
DKsn,0,0,0,
DLBB,4,1,5,0.8
DLBD,1,1,2,0.5
DLBH,1,0,1,1.0
DLBL,2,1,3,0.67
DLBM,3,2,5,0.6
DLBN,6,1,7,0.86
DLBP,5,3,8,0.62
DLBb,1,2,3,0.33
DLBj,3,0,3,1.0
DLBl,3,1,4,0.75
DLBm,2,4,6,0.33
DLBn,4,4,8,0.5
DLBs,3,3,6,0.5
DLBt,1,0,1,1.0
DLDD,2,1,3,0.67
DLDH,0,2,2,0.0
DLDM,3,1,4,0.75
DLDP,0,0,0,
DLDS,1,1,2,0.5
DLDb,0,0,0,
DLDl,1,1,2,0.5
DLDm,0,1,1,0.0
DLDn,0,0,0,
DLDs,0,1,1,0.0
DLHN,0,1,1,0.0
DLHn,0,1,1,0.0
DLKM,0,1,1,0.0
DLKP,0,1,1,0.0
DLKb,0,1,1,0.0
DLKh,1,0,1,1.0
DLKl,1,0,1,1.0
DLKm,3,0,3,1.0
DLLB,1,1,2,0.5
DLLL,2,0,2,1.0
DLLM,3,2,5,0.6
DLLN,0,1,1,0.0
DLLP,2,2,4,0.5
DLLS,0,3,3,0.0
DLLb,4,1,5,0.8
DLLh,2,1,3,0.67
DLLl,0,1,1,0.0
DLLm,0,2,2,0.0
DLLn,1,1,2,0.5
DLLs,0,1,1,0.0
DLMB,4,4,8,0.5
DLMD,1,0,1,1.0
DLML,0,0,0,
DLMM,0,2,2,0.0
DLMN,2,5,7,0.29
DLMP,1,2,3,0.33
DLMS,2,1,3,0.67
DLMb,5,2,7,0.71
DLMh,1,1,2,0.5
DLMj,0,0,0,
DLMl,1,1,2,0.5
DLMm,8,3,11,0.73
DLMn,10,5,15,0.67
DLMs,3,1,4,0.75
DLMt,1,1,2,0.5
DLNB,4,3,7,0.57
DLNK,0,1,1,0.0
DLNL,0,2,2,0.0
DLNM,0,2,2,0.0
DLNN,2,6,8,0.25
DLNP,4,3,7,0.57
DLNS,2,1,3,0.67
DLNb,3,1,4,0.75
DLNh,0,2,2,0.0
DLNl,0,1,1,0.0
DLNm,1,1,2,0.5
DLNn,2,1,3,0.67
DLNs,0,5,5,0.0
DLPB,3,5,8,0.38
DLPD,0,1,1,0.0
DLPH,0,0,0,
DLPI,1,0,1,1.0
DLPK,1,1,2,0.5
DLPL,1,0,1,1.0
DLPM,4,6,10,0.4
DLPN,2,1,3,0.67
DLPP,6,4,10,0.6
DLPS,3,2,5,0.6
DLPb,4,1,5,0.8
DLPh,0,1,1,0.0
DLPl,0,2,2,0.0
DLPm,5,5,10,0.5
DLPn,1,4,5,0.2
DLPs,2,1,3,0.67
DLSB,2,0,2,1.0
DLSH,0,1,1,0.0
DLSL,2,2,4,0.5
DLSM,7,4,11,0.64
DLSN,2,3,5,0.4
DLSP,3,5,8,0.38
DLSS,1,4,5,0.2
DLSb,3,1,4,0.75
DLSh,1,2,3,0.33
DLSl,2,1,3,0.67
DLSm,4,3,7,0.57
DLSn,1,1,2,0.5
DLSs,1,1,2,0.5
DLbB,3,1,4,0.75
DLbD,2,0,2,1.0
DLbH,2,0,2,1.0
DLbJ,0,2,2,0.0
DLbL,0,2,2,0.0
DLbM,3,3,6,0.5
DLbN,2,1,3,0.67
DLbP,7,2,9,0.78
DLbS,0,3,3,0.0
DLbb,4,1,5,0.8
DLbl,1,0,1,1.0
DLbm,3,6,9,0.33
DLbn,5,3,8,0.62
DLbs,2,0,2,1.0
DLhB,2,1,3,0.67
DLhD,1,0,1,1.0
DLhH,0,1,1,0.0
DLhI,0,1,1,0.0
DLhL,1,1,2,0.5
DLhM,1,0,1,1.0
DLhN,1,0,1,1.0
DLhP,1,4,5,0.2
DLhb,0,1,1,0.0
DLhh,1,0,1,1.0
DLhl,0,1,1,0.0
DLhm,1,3,4,0.25
DLhn,1,0,1,1.0
DLhs,2,1,3,0.67
DLjB,0,1,1,0.0
DLjD,2,0,2,1.0
DLjH,1,0,1,1.0
DLjK,0,1,1,0.0
DLjL,1,0,1,1.0
DLjM,0,0,0,
DLjN,4,0,4,1.0
DLjP,2,1,3,0.67
DLjS,2,0,2,1.0
DLjb,1,1,2,0.5
DLjn,0,1,1,0.0
DLjs,0,1,1,0.0
DLlH,0,1,1,0.0
DLlI,1,0,1,1.0
DLlJ,0,0,0,
DLlL,1,1,2,0.5
DLlM,3,2,5,0.6
DLlN,2,0,2,1.0
DLlP,1,0,1,1.0
DLlb,2,3,5,0.4
DLll,0,1,1,0.0
DLlm,3,1,4,0.75
DLln,1,0,1,1.0
DLls,1,0,1,1.0
DLmB,3,4,7,0.43
DLmD,3,1,4,0.75
DLmH,2,0,2,1.0
DLmJ,0,1,1,0.0
DLmL,0,0,0,
DLmM,3,0,3,1.0
DLmN,1,7,8,0.12
DLmP,1,2,3,0.33
DLmS,3,2,5,0.6
DLmb,4,4,8,0.5
DLml,1,2,3,0.33
DLmm,2,3,5,0.4
DLmn,3,4,7,0.43
DLms,0,1,1,0.0
DLnB,5,5,10,0.5
DLnD,0,0,0,
DLnH,2,5,7,0.29
DLnI,0,1,1,0.0
DLnK,0,1,1,0.0
DLnL,0,2,2,0.0
DLnM,7,3,10,0.7
DLnN,3,4,7,0.43
DLnP,4,6,10,0.4
DLnS,3,2,5,0.6
DLnb,2,3,5,0.4
DLnh,0,0,0,
DLnl,2,1,3,0.67
DLnm,3,2,5,0.6
DLnn,1,4,5,0.2
DLns,5,0,5,1.0
DLsB,1,1,2,0.5
DLsH,1,3,4,0.25
DLsK,1,0,1,1.0
DLsM,0,1,1,0.0
DLsN,0,2,2,0.0
DLsP,3,4,7,0.43
DLsS,4,3,7,0.57
DLsb,2,2,4,0.5
DLsh,1,0,1,1.0
DLsl,1,0,1,1.0
DLsm,0,3,3,0.0
DLsn,2,2,4,0.5
DLss,0,1,1,0.0
DLtB,1,1,2,0.5
DLtM,0,1,1,0.0
DLtN,1,0,1,1.0
DLtP,1,1,2,0.5
DLtb,1,1,2,0.5
DLtm,2,0,2,1.0
DLtn,0,2,2,0.0
DLts,0,1,1,0.0
DMBB,17,9,26,0.65
DMBD,4,4,8,0.5
DMBK,2,1,3,0.67
DMBL,3,3,6,0.5
DMBM,8,7,15,0.53
DMBN,11,12,23,0.48
DMBP,13,15,28,0.46
DMBS,5,2,7,0.71
DMBb,8,15,23,0.35
DMBh,2,0,2,1.0
DMBj,2,1,3,0.67
DMBl,1,1,2,0.5
DMBm,9,13,22,0.41
DMBn,17,14,31,0.55
DMBs,2,1,3,0.67
DMBt,0,1,1,0.0
DMDB,2,4,6,0.33
DMDD,2,1,3,0.67
DMDH,1,0,1,1.0
DMDL,1,1,2,0.5
DMDM,1,4,5,0.2
DMDN,5,3,8,0.62
DMDP,6,1,7,0.86
DMDS,2,4,6,0.33
DMDb,1,5,6,0.17
DMDm,3,9,12,0.25
DMDn,1,2,3,0.33
DMDs,2,1,3,0.67
DMHD,0,1,1,0.0
DMHb,0,1,1,0.0
DMHm,1,0,1,1.0
DMHn,1,0,1,1.0
DMLB,2,5,7,0.29
DMLD,1,1,2,0.5
DMLL,2,0,2,1.0
DMLM,4,1,5,0.8
DMLN,1,1,2,0.5
DMLP,2,3,5,0.4
DMLS,0,1,1,0.0
DMLb,3,2,5,0.6
DMLj,2,0,2,1.0
DMLl,1,1,2,0.5
DMLm,3,1,4,0.75
DMLn,3,3,6,0.5
DMLs,2,1,3,0.67
DMLt,0,0,0,
DMMB,13,8,21,0.62
DMMD,1,3,4,0.25
DMML,2,0,2,1.0
DMMM,6,15,21,0.29
DMMN,1,8,9,0.11
DMMP,11,14,25,0.44
DMMS,7,7,14,0.5
DMMb,14,8,22,0.64
DMMh,14,10,24,0.58
DMMj,0,3,3,0.0
DMMl,5,3,8,0.62
DMMm,27,12,39,0.69
DMMn,11,10,21,0.52
DMMs,5,6,11,0.45
DMMt,1,1,2,0.5
DMNB,4,7,11,0.36
DMND,5,2,7,0.71
DMNH,1,5,6,0.17
DMNK,1,1,2,0.5
DMNL,3,5,8,0.38
DMNM,3,10,13,0.23
DMNN,4,8,12,0.33
DMNP,11,8,19,0.58
DMNS,6,4,10,0.6
DMNb,9,6,15,0.6
DMNh,3,5,8,0.38
DMNl,1,4,5,0.2
DMNm,8,12,20,0.4
DMNn,12,10,22,0.55
DMNs,5,3,8,0.62
DMNt,1,0,1,1.0
DMPB,3,6,9,0.33
DMPD,2,3,5,0.4
DMPH,3,5,8,0.38
DMPI,1,1,2,0.5
DMPK,3,3,6,0.5
DMPL,3,4,7,0.43
DMPM,8,19,27,0.3
DMPN,8,10,18,0.44
DMPP,14,7,21,0.67
DMPS,8,8,16,0.5
DMPb,7,8,15,0.47
DMPh,0,1,1,0.0
DMPl,3,4,7,0.43
DMPm,18,9,27,0.67
DMPn,15,9,24,0.62
DMPs,10,6,16,0.62
DMPt,2,4,6,0.33
DMSB,6,3,9,0.67
DMSD,1,5,6,0.17
DMSH,2,2,4,0.5
DMSI,1,0,1,1.0
DMSL,2,4,6,0.33
DMSM,6,16,22,0.27
DMSN,2,5,7,0.29
DMSP,8,8,16,0.5
DMSS,7,8,15,0.47
DMSb,4,3,7,0.57
DMSh,2,5,7,0.29
DMSl,3,2,5,0.6
DMSm,14,7,21,0.67
DMSn,9,4,13,0.69
DMSs,5,6,11,0.45
DMSt,0,1,1,0.0
DMbB,13,6,19,0.68
DMbD,0,5,5,0.0
DMbH,2,1,3,0.67
DMbI,2,0,2,1.0
DMbJ,3,1,4,0.75
DMbK,3,1,4,0.75
DMbL,4,1,5,0.8
DMbM,4,10,14,0.29
DMbN,5,4,9,0.56
DMbP,11,13,24,0.46
DMbS,3,7,10,0.3
DMbb,9,5,14,0.64
DMbl,4,2,6,0.67
DMbm,14,9,23,0.61
DMbn,8,9,17,0.47
DMbs,3,2,5,0.6
DMhB,6,10,16,0.38
DMhD,1,1,2,0.5
DMhH,0,3,3,0.0
DMhI,0,0,0,
DMhL,2,3,5,0.4
DMhM,11,9,20,0.55
DMhN,5,11,16,0.31
DMhP,8,7,15,0.53
DMhS,7,9,16,0.44
DMhb,2,9,11,0.18
DMhh,4,6,10,0.4
DMhl,5,0,5,1.0
DMhm,15,18,33,0.45
DMhn,8,7,15,0.53
DMhs,7,2,9,0.78
DMht,1,0,1,1.0
DMjB,1,3,4,0.25
DMjI,1,1,2,0.5
DMjK,0,1,1,0.0
DMjM,2,1,3,0.67
DMjN,2,1,3,0.67
DMjP,1,1,2,0.5
DMjS,1,1,2,0.5
DMjb,1,1,2,0.5
DMjl,2,0,2,1.0
DMjm,1,1,2,0.5
DMjn,1,2,3,0.33
DMjs,1,0,1,1.0
DMlB,2,2,4,0.5
DMlD,2,0,2,1.0
DMlH,2,2,4,0.5
DMlI,1,0,1,1.0
DMlJ,0,1,1,0.0
DMlL,2,1,3,0.67
DMlM,0,2,2,0.0
DMlN,4,3,7,0.57
DMlP,7,2,9,0.78
DMlS,2,3,5,0.4
DMlb,3,2,5,0.6
DMll,2,2,4,0.5
DMlm,0,2,2,0.0
DMln,2,4,6,0.33
DMls,1,4,5,0.2
DMmB,16,19,35,0.46
DMmD,9,5,14,0.64
DMmH,2,5,7,0.29
DMmI,1,0,1,1.0
DMmJ,0,3,3,0.0
DMmL,5,2,7,0.71
DMmM,12,21,33,0.36
DMmN,6,16,22,0.27
DMmP,15,10,25,0.6
DMmS,9,7,16,0.56
DMmb,10,9,19,0.53
DMml,6,3,9,0.67
DMmm,13,14,27,0.48
DMmn,14,12,26,0.54
DMms,7,7,14,0.5
DMnB,11,12,23,0.48
DMnD,3,2,5,0.6
DMnH,3,4,7,0.43
DMnI,3,5,8,0.38
DMnK,1,2,3,0.33
DMnL,4,3,7,0.57
DMnM,5,13,18,0.28
DMnN,13,14,27,0.48
DMnP,12,13,25,0.48
DMnS,10,11,21,0.48
DMnb,8,6,14,0.57
DMnl,2,5,7,0.29
DMnm,13,14,27,0.48
DMnn,13,12,25,0.52
DMns,8,7,15,0.53
DMsB,8,2,10,0.8
DMsD,0,2,2,0.0
DMsH,9,8,17,0.53
DMsI,1,3,4,0.25
DMsL,1,1,2,0.5
DMsM,5,5,10,0.5
DMsN,11,5,16,0.69
DMsP,8,3,11,0.73
DMsS,6,6,12,0.5
DMsb,7,4,11,0.64
DMsh,4,1,5,0.8
DMsl,0,1,1,0.0
DMsm,5,11,16,0.31
DMsn,8,9,17,0.47
DMss,5,7,12,0.42
DMtB,2,0,2,1.0
DMtD,1,1,2,0.5
DMtH,1,0,1,1.0
DMtK,1,0,1,1.0
DMtM,1,0,1,1.0
DMtP,1,1,2,0.5
DMtS,1,0,1,1.0
DMtb,1,1,2,0.5
DMtm,0,2,2,0.0
DMtn,1,1,2,0.5
DMts,2,0,2,1.0
DNBB,5,4,9,0.56
DNBD,1,2,3,0.33
DNBL,2,4,6,0.33
DNBM,7,6,13,0.54
DNBN,12,7,19,0.63
DNBP,12,8,20,0.6
DNBS,3,3,6,0.5
DNBb,5,9,14,0.36
DNBh,0,1,1,0.0
DNBj,1,3,4,0.25
DNBl,3,0,3,1.0
DNBm,6,11,17,0.35
DNBn,6,10,16,0.38
DNBs,1,3,4,0.25
DNBt,2,1,3,0.67
DNDB,1,4,5,0.2
DNDD,2,2,4,0.5
DNDH,0,3,3,0.0
DNDM,1,2,3,0.33
DNDN,2,1,3,0.67
DNDP,1,0,1,1.0
DNDS,4,2,6,0.67
DNDb,1,2,3,0.33
DNDl,1,1,2,0.5
DNDm,4,2,6,0.67
DNDn,1,1,2,0.5
DNDs,4,0,4,1.0
DNHB,1,0,1,1.0
DNHD,1,0,1,1.0
DNHM,1,0,1,1.0
DNHN,0,3,3,0.0
DNHP,0,1,1,0.0
DNHS,2,2,4,0.5
DNHb,1,1,2,0.5
DNHh,1,0,1,1.0
DNHl,2,0,2,1.0
DNHm,1,1,2,0.5
DNHn,2,1,3,0.67
DNHs,1,0,1,1.0
DNIM,2,0,2,1.0
DNIb,0,1,1,0.0
DNIn,0,0,0,
DNKB,1,1,2,0.5
DNKD,1,0,1,1.0
DNKM,0,3,3,0.0
DNKP,2,1,3,0.67
DNKS,2,2,4,0.5
DNKh,0,1,1,0.0
DNKl,0,1,1,0.0
DNKm,2,2,4,0.5
DNKn,3,0,3,1.0
DNKs,2,0,2,1.0
DNLB,2,0,2,1.0
DNLD,0,1,1,0.0
DNLL,1,3,4,0.25
DNLM,1,1,2,0.5
DNLN,5,2,7,0.71
DNLP,3,3,6,0.5
DNLS,1,0,1,1.0
DNLb,2,3,5,0.4
DNLh,0,1,1,0.0
DNLj,1,1,2,0.5
DNLl,2,0,2,1.0
DNLm,1,3,4,0.25
DNLn,0,4,4,0.0
DNLs,1,2,3,0.33
DNMB,9,9,18,0.5
DNMD,4,4,8,0.5
DNML,3,2,5,0.6
DNMM,13,5,18,0.72
DNMN,5,10,15,0.33
DNMP,7,9,16,0.44
DNMS,8,5,13,0.62
DNMb,8,9,17,0.47
DNMh,4,7,11,0.36
DNMj,1,0,1,1.0
DNMl,5,5,10,0.5
DNMm,10,4,14,0.71
DNMn,11,10,21,0.52
DNMs,1,5,6,0.17
DNNB,3,14,17,0.18
DNND,2,0,2,1.0
DNNH,2,1,3,0.67
DNNK,0,1,1,0.0
DNNL,3,2,5,0.6
DNNM,5,13,18,0.28
DNNN,8,10,18,0.44
DNNP,10,4,14,0.71
DNNS,10,8,18,0.56
DNNb,2,2,4,0.5
DNNh,0,1,1,0.0
DNNl,1,2,3,0.33
DNNm,5,6,11,0.45
DNNn,11,11,22,0.5
DNNs,7,8,15,0.47
DNNt,1,0,1,1.0
DNPB,10,7,17,0.59
DNPD,3,2,5,0.6
DNPH,2,1,3,0.67
DNPI,2,0,2,1.0
DNPK,1,2,3,0.33
DNPL,1,2,3,0.33
DNPM,3,8,11,0.27
DNPN,11,10,21,0.52
DNPP,13,8,21,0.62
DNPS,5,9,14,0.36
DNPb,6,11,17,0.35
DNPh,3,1,4,0.75
DNPl,7,6,13,0.54
DNPm,12,10,22,0.55
DNPn,13,8,21,0.62
DNPs,9,7,16,0.56
DNPt,2,0,2,1.0
DNSB,4,1,5,0.8
DNSD,1,0,1,1.0
DNSH,3,0,3,1.0
DNSI,0,0,0,
DNSK,1,0,1,1.0
DNSL,2,4,6,0.33
DNSM,6,8,14,0.43
DNSN,8,2,10,0.8
DNSP,8,7,15,0.53
DNSS,8,5,13,0.62
DNSb,1,4,5,0.2
DNSh,6,3,9,0.67
DNSl,1,0,1,1.0
DNSm,6,8,14,0.43
DNSn,8,5,13,0.62
DNSs,4,6,10,0.4
DNSt,0,2,2,0.0
DNbB,2,7,9,0.22
DNbH,2,1,3,0.67
DNbI,0,1,1,0.0
DNbJ,1,3,4,0.25
DNbK,3,0,3,1.0
DNbL,2,4,6,0.33
DNbM,6,7,13,0.46
DNbN,4,5,9,0.44
DNbP,10,8,18,0.56
DNbS,2,3,5,0.4
DNbb,8,9,17,0.47
DNbl,2,1,3,0.67
DNbm,4,3,7,0.57
DNbn,10,5,15,0.67
DNbs,3,1,4,0.75
DNhB,2,2,4,0.5
DNhD,1,1,2,0.5
DNhH,1,0,1,1.0
DNhL,0,1,1,0.0
DNhM,1,4,5,0.2
DNhN,2,3,5,0.4
DNhP,2,2,4,0.5
DNhS,1,0,1,1.0
DNhb,1,0,1,1.0
DNhh,0,1,1,0.0
DNhl,0,1,1,0.0
DNhm,2,2,4,0.5
DNhn,3,2,5,0.6
DNhs,5,0,5,1.0
DNht,0,1,1,0.0
DNlB,0,4,4,0.0
DNlH,1,3,4,0.25
DNlJ,0,1,1,0.0
DNlK,0,1,1,0.0
DNlL,3,0,3,1.0
DNlM,1,4,5,0.2
DNlN,4,6,10,0.4
DNlP,2,4,6,0.33
DNlS,2,0,2,1.0
DNlb,1,4,5,0.2
DNll,2,2,4,0.5
DNlm,4,2,6,0.67
DNln,6,2,8,0.75
DNls,2,2,4,0.5
DNmB,4,13,17,0.24
DNmD,3,2,5,0.6
DNmH,8,10,18,0.44
DNmI,0,2,2,0.0
DNmJ,0,3,3,0.0
DNmK,1,0,1,1.0
DNmL,0,4,4,0.0
DNmM,9,6,15,0.6
DNmN,5,13,18,0.28
DNmP,7,9,16,0.44
DNmS,6,8,14,0.43
DNmb,4,7,11,0.36
DNml,1,1,2,0.5
DNmm,10,9,19,0.53
DNmn,15,11,26,0.58
DNms,4,3,7,0.57
DNnB,5,5,10,0.5
DNnD,5,3,8,0.62
DNnH,6,4,10,0.6
DNnK,3,1,4,0.75
DNnL,4,2,6,0.67
DNnM,14,12,26,0.54
DNnN,4,9,13,0.31
DNnP,10,12,22,0.45
DNnS,8,10,18,0.44
DNnb,4,9,13,0.31
DNnh,0,1,1,0.0
DNnl,5,7,12,0.42
DNnm,8,9,17,0.47
DNnn,6,10,16,0.38
DNns,4,7,11,0.36
DNsB,2,3,5,0.4
DNsD,2,0,2,1.0
DNsH,2,3,5,0.4
DNsI,0,1,1,0.0
DNsL,1,0,1,1.0
DNsM,7,5,12,0.58
DNsN,8,7,15,0.53
DNsP,6,5,11,0.55
DNsS,9,11,20,0.45
DNsb,1,3,4,0.25
DNsh,0,1,1,0.0
DNsl,4,1,5,0.8
DNsm,8,6,14,0.57
DNsn,7,4,11,0.64
DNss,6,6,12,0.5
DNtH,1,0,1,1.0
DNtL,0,2,2,0.0
DNtM,0,2,2,0.0
DNtN,5,0,5,1.0
DNtP,1,1,2,0.5
DNtS,0,2,2,0.0
DNtb,4,2,6,0.67
DNtm,1,0,1,1.0
DNtn,3,2,5,0.6
DNts,0,2,2,0.0
DNtt,0,1,1,0.0
DPBB,11,11,22,0.5
DPBD,5,1,6,0.83
DPBK,2,1,3,0.67
DPBL,0,1,1,0.0
DPBM,4,9,13,0.31
DPBN,12,9,21,0.57
DPBP,8,14,22,0.36
DPBS,5,7,12,0.42
DPBb,10,8,18,0.56
DPBh,1,0,1,1.0
DPBj,1,1,2,0.5
DPBl,2,5,7,0.29
DPBm,15,8,23,0.65
DPBn,7,10,17,0.41
DPBs,3,1,4,0.75
DPBt,0,1,1,0.0
DPDB,2,1,3,0.67
DPDD,1,3,4,0.25
DPDL,2,2,4,0.5
DPDM,4,4,8,0.5
DPDN,3,1,4,0.75
DPDP,2,4,6,0.33
DPDS,3,2,5,0.6
DPDb,3,2,5,0.6
DPDl,0,0,0,
DPDm,6,1,7,0.86
DPDn,1,0,1,1.0
DPDs,1,4,5,0.2
DPDt,0,0,0,
DPHB,2,2,4,0.5
DPHD,0,1,1,0.0
DPHH,0,1,1,0.0
DPHI,0,0,0,
DPHK,0,1,1,0.0
DPHL,1,0,1,1.0
DPHM,4,1,5,0.8
DPHN,1,3,4,0.25
DPHP,3,2,5,0.6
DPHS,4,2,6,0.67
DPHb,4,1,5,0.8
DPHh,1,3,4,0.25
DPHl,1,0,1,1.0
DPHm,4,3,7,0.57
DPHn,3,3,6,0.5
DPHs,3,0,3,1.0
DPIB,1,0,1,1.0
DPIH,1,0,1,1.0
DPIL,1,1,2,0.5
DPIM,0,1,1,0.0
DPIN,1,0,1,1.0
DPIP,3,1,4,0.75
DPIS,1,0,1,1.0
DPIb,1,3,4,0.25
DPIm,4,0,4,1.0
DPIn,1,0,1,1.0
DPKB,0,3,3,0.0
DPKD,0,2,2,0.0
DPKL,0,1,1,0.0
DPKM,2,2,4,0.5
DPKP,1,0,1,1.0
DPKS,3,1,4,0.75
DPKb,1,3,4,0.25
DPKh,1,1,2,0.5
DPKm,1,2,3,0.33
DPKs,0,1,1,0.0
DPLB,4,6,10,0.4
DPLD,2,0,2,1.0
DPLH,1,0,1,1.0
DPLL,4,2,6,0.67
DPLM,10,7,17,0.59
DPLN,1,6,7,0.14
DPLP,4,5,9,0.44
DPLS,2,0,2,1.0
DPLb,2,1,3,0.67
DPLh,1,3,4,0.25
DPLj,1,1,2,0.5
DPLl,1,1,2,0.5
DPLm,12,6,18,0.67
DPLn,4,7,11,0.36
DPLs,6,3,9,0.67
DPLt,0,1,1,0.0
DPMB,3,7,10,0.3
DPMD,6,4,10,0.6
DPMH,0,1,1,0.0
DPMI,0,0,0,
DPML,5,6,11,0.45
DPMM,14,13,27,0.52
DPMN,5,9,14,0.36
DPMP,11,17,28,0.39
DPMS,12,5,17,0.71
DPMb,15,9,24,0.62
DPMh,10,6,16,0.62
DPMj,1,2,3,0.33
DPMl,5,4,9,0.56
DPMm,14,12,26,0.54
DPMn,14,10,24,0.58
DPMs,8,7,15,0.53
DPMt,3,3,6,0.5
DPNB,11,7,18,0.61
DPND,5,3,8,0.62
DPNH,1,0,1,1.0
DPNK,1,3,4,0.25
DPNL,2,1,3,0.67
DPNM,9,10,19,0.47
DPNN,10,9,19,0.53
DPNP,11,9,20,0.55
DPNS,6,5,11,0.55
DPNb,6,8,14,0.43
DPNh,3,3,6,0.5
DPNl,5,10,15,0.33
DPNm,9,5,14,0.64
DPNn,11,7,18,0.61
DPNs,8,5,13,0.62
DPNt,1,5,6,0.17
DPPB,12,11,23,0.52
DPPD,3,2,5,0.6
DPPH,5,3,8,0.62
DPPI,1,1,2,0.5
DPPK,2,4,6,0.33
DPPL,8,13,21,0.38
DPPM,16,18,34,0.47
DPPN,11,18,29,0.38
DPPP,22,18,40,0.55
DPPS,8,11,19,0.42
DPPb,17,15,32,0.53
DPPh,2,2,4,0.5
DPPl,13,10,23,0.57
DPPm,16,19,35,0.46
DPPn,11,10,21,0.52
DPPs,12,12,24,0.5
DPPt,3,0,3,1.0
DPSB,8,8,16,0.5
DPSD,2,3,5,0.4
DPSH,2,7,9,0.22
DPSI,1,0,1,1.0
DPSL,2,7,9,0.22
DPSM,10,11,21,0.48
DPSN,4,10,14,0.29
DPSP,4,15,19,0.21
DPSS,7,7,14,0.5
DPSb,6,6,12,0.5
DPSh,5,7,12,0.42
DPSl,4,7,11,0.36
DPSm,17,11,28,0.61
DPSn,5,9,14,0.36
DPSs,6,12,18,0.33
DPSt,1,1,2,0.5
DPbB,11,7,18,0.61
DPbD,1,0,1,1.0
DPbH,3,2,5,0.6
DPbI,2,1,3,0.67
DPbJ,1,2,3,0.33
DPbK,1,0,1,1.0
DPbL,7,2,9,0.78
DPbM,9,9,18,0.5
DPbN,10,6,16,0.62
DPbP,8,13,21,0.38
DPbS,3,9,12,0.25
DPbb,8,12,20,0.4
DPbl,3,6,9,0.33
DPbm,12,8,20,0.6
DPbn,11,5,16,0.69
DPbs,3,4,7,0.43
DPhB,0,1,1,0.0
DPhD,0,1,1,0.0
DPhM,1,1,2,0.5
DPhN,2,1,3,0.67
DPhP,1,1,2,0.5
DPhS,0,1,1,0.0
DPhb,1,1,2,0.5
DPhh,1,0,1,1.0
DPhm,0,2,2,0.0
DPhn,1,3,4,0.25
DPlB,3,5,8,0.38
DPlH,1,2,3,0.33
DPlJ,1,0,1,1.0
DPlK,0,0,0,
DPlL,3,3,6,0.5
DPlM,6,5,11,0.55
DPlN,4,7,11,0.36
DPlP,6,7,13,0.46
DPlS,3,3,6,0.5
DPlb,7,9,16,0.44
DPll,0,4,4,0.0
DPlm,3,5,8,0.38
DPln,3,2,5,0.6
DPls,2,3,5,0.4
DPmB,10,9,19,0.53
DPmD,5,7,12,0.42
DPmH,8,7,15,0.53
DPmJ,0,4,4,0.0
DPmL,10,4,14,0.71
DPmM,13,22,35,0.37
DPmN,8,16,24,0.33
DPmP,18,17,35,0.51
DPmS,4,7,11,0.36
DPmb,11,16,27,0.41
DPml,0,3,3,0.0
DPmm,16,13,29,0.55
DPmn,6,12,18,0.33
DPms,6,11,17,0.35
DPnB,7,8,15,0.47
DPnD,1,2,3,0.33
DPnH,5,3,8,0.62
DPnI,2,0,2,1.0
DPnL,4,7,11,0.36
DPnM,10,6,16,0.62
DPnN,8,7,15,0.53
DPnP,11,19,30,0.37
DPnS,11,8,19,0.58
DPnb,2,13,15,0.13
DPnl,5,5,10,0.5
DPnm,10,8,18,0.56
DPnn,7,10,17,0.41
DPns,3,9,12,0.25
DPsB,5,4,9,0.56
DPsD,1,1,2,0.5
DPsH,4,6,10,0.4
DPsI,2,4,6,0.33
DPsL,3,1,4,0.75
DPsM,15,7,22,0.68
DPsN,6,6,12,0.5
DPsP,11,5,16,0.69
DPsS,4,12,16,0.25
DPsb,4,8,12,0.33
DPsl,4,0,4,1.0
DPsm,5,13,18,0.28
DPsn,7,5,12,0.58
DPss,8,5,13,0.62
DPtB,2,0,2,1.0
DPtD,1,0,1,1.0
DPtH,1,0,1,1.0
DPtL,1,1,2,0.5
DPtM,2,1,3,0.67
DPtP,0,1,1,0.0
DPtS,2,3,5,0.4
DPtb,2,2,4,0.5
DPtl,1,0,1,1.0
DPtm,0,0,0,
DPtn,2,0,2,1.0
DPts,0,1,1,0.0
DSBB,8,9,17,0.47
DSBD,1,1,2,0.5
DSBK,0,1,1,0.0
DSBL,0,3,3,0.0
DSBM,7,9,16,0.44
DSBN,2,11,13,0.15
DSBP,4,7,11,0.36
DSBS,3,3,6,0.5
DSBb,4,4,8,0.5
DSBh,1,1,2,0.5
DSBj,2,0,2,1.0
DSBl,1,1,2,0.5
DSBm,7,11,18,0.39
DSBn,6,19,25,0.24
DSBs,4,5,9,0.44
DSBt,2,2,4,0.5
DSDB,4,2,6,0.67
DSDD,6,2,8,0.75
DSDH,1,1,2,0.5
DSDL,0,1,1,0.0
DSDM,2,4,6,0.33
DSDN,3,3,6,0.5
DSDP,1,3,4,0.25
DSDS,4,1,5,0.8
DSDb,0,2,2,0.0
DSDl,0,2,2,0.0
DSDm,2,2,4,0.5
DSDn,1,2,3,0.33
DSDs,4,3,7,0.57
DSHB,1,2,3,0.33
DSHD,0,0,0,
DSHH,0,0,0,
DSHL,1,0,1,1.0
DSHM,2,3,5,0.4
DSHN,2,4,6,0.33
DSHP,0,2,2,0.0
DSHS,3,3,6,0.5
DSHb,4,3,7,0.57
DSHh,1,1,2,0.5
DSHl,1,1,2,0.5
DSHm,3,1,4,0.75
DSHn,3,2,5,0.6
DSHs,4,3,7,0.57
DSIB,1,1,2,0.5
DSIH,0,0,0,
DSIL,1,0,1,1.0
DSIM,2,0,2,1.0
DSIb,1,0,1,1.0
DSIm,0,0,0,
DSIn,1,0,1,1.0
DSKN,0,1,1,0.0
DSKP,1,0,1,1.0
DSKS,2,0,2,1.0
DSKh,1,0,1,1.0
DSKn,0,1,1,0.0
DSLB,4,4,8,0.5
DSLD,0,1,1,0.0
DSLK,0,1,1,0.0
DSLL,1,2,3,0.33
DSLM,2,5,7,0.29
DSLN,4,1,5,0.8
DSLP,1,1,2,0.5
DSLS,3,3,6,0.5
DSLb,2,0,2,1.0
DSLh,0,1,1,0.0
DSLj,1,1,2,0.5
DSLl,0,2,2,0.0
DSLm,2,4,6,0.33
DSLn,1,2,3,0.33
DSLs,3,2,5,0.6
DSLt,1,0,1,1.0
DSMB,5,10,15,0.33
DSMD,1,2,3,0.33
DSML,9,2,11,0.82
DSMM,11,13,24,0.46
DSMN,8,9,17,0.47
DSMP,8,8,16,0.5
DSMS,7,7,14,0.5
DSMb,8,8,16,0.5
DSMh,4,7,11,0.36
DSMj,2,0,2,1.0
DSMl,3,5,8,0.38
DSMm,13,8,21,0.62
DSMn,7,8,15,0.47
DSMs,7,4,11,0.64
DSMt,1,1,2,0.5
DSNB,5,8,13,0.38
DSND,2,1,3,0.67
DSNH,3,1,4,0.75
DSNI,0,1,1,0.0
DSNL,1,2,3,0.33
DSNM,9,5,14,0.64
DSNN,9,11,20,0.45
DSNP,8,10,18,0.44
DSNS,8,7,15,0.53
DSNb,3,3,6,0.5
DSNh,2,1,3,0.67
DSNl,2,2,4,0.5
DSNm,7,4,11,0.64
DSNn,9,8,17,0.53
DSNs,8,8,16,0.5
DSPB,10,9,19,0.53
DSPD,2,3,5,0.4
DSPH,2,3,5,0.4
DSPI,0,3,3,0.0
DSPK,0,1,1,0.0
DSPL,3,4,7,0.43
DSPM,10,8,18,0.56
DSPN,11,5,16,0.69
DSPP,11,18,29,0.38
DSPS,9,7,16,0.56
DSPb,11,7,18,0.61
DSPh,0,2,2,0.0
DSPl,6,3,9,0.67
DSPm,11,3,14,0.79
DSPn,14,8,22,0.64
DSPs,8,6,14,0.57
DSPt,2,2,4,0.5
DSSB,5,6,11,0.45
DSSD,1,2,3,0.33
DSSH,1,4,5,0.2
DSSI,0,0,0,
DSSK,0,1,1,0.0
DSSL,1,9,10,0.1
DSSM,14,9,23,0.61
DSSN,9,9,18,0.5
DSSP,5,16,21,0.24
DSSS,12,10,22,0.55
DSSb,7,4,11,0.64
DSSh,5,6,11,0.45
DSSl,4,4,8,0.5
DSSm,7,8,15,0.47
DSSn,9,5,14,0.64
DSSs,10,9,19,0.53
DSSt,2,0,2,1.0
DSbB,6,4,10,0.6
DSbD,1,1,2,0.5
DSbH,1,1,2,0.5
DSbI,0,1,1,0.0
DSbJ,1,2,3,0.33
DSbK,0,1,1,0.0
DSbL,2,4,6,0.33
DSbM,5,5,10,0.5
DSbN,5,5,10,0.5
DSbP,8,7,15,0.53
DSbS,7,7,14,0.5
DSbb,5,7,12,0.42
DSbl,0,2,2,0.0
DSbm,5,8,13,0.38
DSbn,6,5,11,0.55
DSbs,5,3,8,0.62
DShB,3,5,8,0.38
DShD,1,0,1,1.0
DShH,0,1,1,0.0
DShL,3,1,4,0.75
DShM,8,4,12,0.67
DShN,3,3,6,0.5
DShP,3,3,6,0.5
DShS,11,5,16,0.69
DShb,1,1,2,0.5
DShh,3,5,8,0.38
DShl,3,2,5,0.6
DShm,2,3,5,0.4
DShn,4,5,9,0.44
DShs,7,3,10,0.7
DSht,0,2,2,0.0
DSlB,2,2,4,0.5
DSlH,1,1,2,0.5
DSlI,0,1,1,0.0
DSlJ,0,2,2,0.0
DSlK,0,1,1,0.0
DSlL,0,2,2,0.0
DSlM,1,1,2,0.5
DSlN,3,1,4,0.75
DSlP,4,2,6,0.67
DSlS,3,7,10,0.3
DSlb,3,3,6,0.5
DSll,1,3,4,0.25
DSlm,2,1,3,0.67
DSln,0,3,3,0.0
DSls,1,2,3,0.33
DSmB,10,7,17,0.59
DSmD,3,1,4,0.75
DSmH,9,12,21,0.43
DSmI,0,0,0,
DSmJ,1,1,2,0.5
DSmK,0,1,1,0.0
DSmL,4,6,10,0.4
DSmM,6,10,16,0.38
DSmN,8,6,14,0.57
DSmP,4,12,16,0.25
DSmS,7,8,15,0.47
DSmb,8,10,18,0.44
DSml,4,1,5,0.8
DSmm,13,11,24,0.54
DSmn,13,10,23,0.57
DSms,5,10,15,0.33
DSnB,10,3,13,0.77
DSnD,2,0,2,1.0
DSnH,5,5,10,0.5
DSnI,1,0,1,1.0
DSnK,0,0,0,
DSnL,2,1,3,0.67
DSnM,5,10,15,0.33
DSnN,8,15,23,0.35
DSnP,17,10,27,0.63
DSnS,11,9,20,0.55
DSnb,4,8,12,0.33
DSnl,1,0,1,1.0
DSnm,7,6,13,0.54
DSnn,9,11,20,0.45
DSns,6,7,13,0.46
DSsB,3,3,6,0.5
DSsD,4,3,7,0.57
DSsH,2,8,10,0.2
DSsI,1,0,1,1.0
DSsL,2,2,4,0.5
DSsM,16,13,29,0.55
DSsN,7,6,13,0.54
DSsP,7,5,12,0.58
DSsS,6,8,14,0.43
DSsb,2,5,7,0.29
DSsh,0,1,1,0.0
DSsl,3,2,5,0.6
DSsm,15,12,27,0.56
DSsn,7,4,11,0.64
DSss,12,12,24,0.5
DStB,2,1,3,0.67
DStH,0,0,0,
DStK,0,0,0,
DStL,0,1,1,0.0
DStM,1,1,2,0.5
DStN,0,1,1,0.0
DStP,2,4,6,0.33
DStS,3,0,3,1.0
DStb,0,1,1,0.0
DStm,2,1,3,0.67
DStn,0,2,2,0.0
DSts,0,1,1,0.0
DbBB,6,4,10,0.6
DbBD,5,2,7,0.71
DbBL,3,4,7,0.43
DbBM,5,6,11,0.45
DbBN,6,6,12,0.5
DbBP,8,9,17,0.47
DbBS,4,1,5,0.8
DbBb,3,4,7,0.43
DbBj,4,2,6,0.67
DbBl,3,1,4,0.75
DbBm,8,7,15,0.53
DbBn,7,11,18,0.39
DbBs,8,5,13,0.62
DbBt,0,3,3,0.0
DbDD,0,1,1,0.0
DbDH,1,1,2,0.5
DbDL,0,1,1,0.0
DbDM,2,1,3,0.67
DbDN,1,0,1,1.0
DbDP,2,2,4,0.5
DbDS,2,2,4,0.5
DbDb,2,2,4,0.5
DbDl,1,0,1,1.0
DbDm,1,2,3,0.33
DbDn,1,0,1,1.0
DbDs,1,1,2,0.5
DbHB,2,2,4,0.5
DbHD,0,1,1,0.0
DbHI,0,2,2,0.0
DbHL,1,0,1,1.0
DbHM,2,1,3,0.67
DbHN,0,2,2,0.0
DbHP,2,0,2,1.0
DbHS,0,1,1,0.0
DbHb,1,2,3,0.33
DbHh,1,0,1,1.0
DbHl,1,1,2,0.5
DbHm,1,3,4,0.25
DbHn,3,0,3,1.0
DbHs,1,1,2,0.5
DbIB,4,0,4,1.0
DbID,1,1,2,0.5
DbIH,2,2,4,0.5
DbIN,2,2,4,0.5
DbIP,1,0,1,1.0
DbIS,0,1,1,0.0
DbIb,1,0,1,1.0
DbIl,1,0,1,1.0
DbIm,1,0,1,1.0
DbJB,2,3,5,0.4
DbJH,0,1,1,0.0
DbJI,0,1,1,0.0
DbJK,0,2,2,0.0
DbJL,2,1,3,0.67
DbJM,5,5,10,0.5
DbJN,4,0,4,1.0
DbJP,0,4,4,0.0
DbJS,0,1,1,0.0
DbJb,2,0,2,1.0
DbJl,1,0,1,1.0
DbJm,1,4,5,0.2
DbJs,1,0,1,1.0
DbKB,0,2,2,0.0
DbKI,1,0,1,1.0
DbKM,3,0,3,1.0
DbKN,1,0,1,1.0
DbKP,1,0,1,1.0
DbKS,0,2,2,0.0
DbKb,2,0,2,1.0
DbKh,1,1,2,0.5
DbKl,0,1,1,0.0
DbKm,1,2,3,0.33
DbKn,2,0,2,1.0
DbLB,1,0,1,1.0
DbLD,1,0,1,1.0
DbLL,1,1,2,0.5
DbLM,3,2,5,0.6
DbLP,3,4,7,0.43
DbLS,4,1,5,0.8
DbLb,1,1,2,0.5
DbLh,1,1,2,0.5
DbLj,2,0,2,1.0
DbLl,0,2,2,0.0
DbLm,1,4,5,0.2
DbLn,3,2,5,0.6
DbLs,2,2,4,0.5
DbMB,7,4,11,0.64
DbMD,3,3,6,0.5
DbMK,0,0,0,
DbML,2,2,4,0.5
DbMM,9,16,25,0.36
DbMN,11,6,17,0.65
DbMP,11,9,20,0.55
DbMS,10,3,13,0.77
DbMb,6,5,11,0.55
DbMh,6,8,14,0.43
DbMj,1,0,1,1.0
DbMl,1,2,3,0.33
DbMm,11,7,18,0.61
DbMn,10,13,23,0.43
DbMs,5,3,8,0.62
DbMt,1,1,2,0.5
DbNB,6,7,13,0.46
DbND,2,1,3,0.67
DbNH,1,1,2,0.5
DbNK,0,2,2,0.0
DbNL,3,3,6,0.5
DbNM,8,7,15,0.53
DbNN,8,9,17,0.47
DbNP,5,9,14,0.36
DbNS,5,12,17,0.29
DbNb,7,7,14,0.5
DbNh,7,3,10,0.7
DbNl,1,0,1,1.0
DbNm,4,7,11,0.36
DbNn,9,5,14,0.64
DbNs,9,3,12,0.75
DbNt,0,1,1,0.0
DbPB,8,13,21,0.38
DbPD,2,1,3,0.67
DbPH,1,2,3,0.33
DbPI,1,0,1,1.0
DbPK,2,2,4,0.5
DbPL,1,4,5,0.2
DbPM,11,12,23,0.48
DbPN,8,7,15,0.53
DbPP,12,16,28,0.43
DbPS,5,6,11,0.45
DbPb,5,5,10,0.5
DbPh,0,1,1,0.0
DbPl,3,2,5,0.6
DbPm,7,12,19,0.37
DbPn,7,5,12,0.58
DbPs,1,5,6,0.17
DbPt,1,2,3,0.33
DbSB,6,5,11,0.55
DbSD,1,0,1,1.0
DbSH,0,3,3,0.0
DbSL,1,2,3,0.33
DbSM,5,4,9,0.56
DbSN,3,3,6,0.5
DbSP,9,3,12,0.75
DbSS,9,6,15,0.6
DbSb,2,4,6,0.33
DbSh,0,3,3,0.0
DbSl,0,1,1,0.0
DbSm,5,3,8,0.62
DbSn,5,4,9,0.56
DbSs,3,2,5,0.6
DbbB,10,6,16,0.62
DbbD,1,1,2,0.5
DbbH,4,1,5,0.8
DbbI,1,1,2,0.5
DbbJ,1,0,1,1.0
DbbK,0,5,5,0.0
DbbL,7,2,9,0.78
DbbM,6,7,13,0.46
DbbN,6,9,15,0.4
DbbP,8,9,17,0.47
DbbS,6,0,6,1.0
Dbbb,8,4,12,0.67
Dbbl,6,1,7,0.86
Dbbm,8,1,9,0.89
Dbbn,12,8,20,0.6
Dbbs,1,4,5,0.2
DblB,0,1,1,0.0
DblD,1,0,1,1.0
DblH,0,2,2,0.0
DblL,1,0,1,1.0
DblM,4,3,7,0.57
DblN,0,5,5,0.0
DblP,4,2,6,0.67
DblS,3,0,3,1.0
Dblb,2,2,4,0.5
Dbll,1,0,1,1.0
Dblm,3,4,7,0.43
Dbln,2,8,10,0.2
Dbls,0,3,3,0.0
DbmB,6,9,15,0.4
DbmD,4,3,7,0.57
DbmH,4,7,11,0.36
DbmI,0,1,1,0.0
DbmJ,1,1,2,0.5
DbmL,4,3,7,0.57
DbmM,9,9,18,0.5
DbmN,6,7,13,0.46
DbmP,7,10,17,0.41
DbmS,2,4,6,0.33
Dbmb,7,7,14,0.5
Dbml,3,0,3,1.0
Dbmm,16,10,26,0.62
Dbmn,7,6,13,0.54
Dbms,4,2,6,0.67
DbnB,7,4,11,0.64
DbnD,1,0,1,1.0
DbnH,0,3,3,0.0
DbnI,2,2,4,0.5
DbnK,1,0,1,1.0
DbnL,1,5,6,0.17
DbnM,7,11,18,0.39
DbnN,10,6,16,0.62
DbnP,9,7,16,0.56
DbnS,3,2,5,0.6
Dbnb,6,5,11,0.55
Dbnl,2,4,6,0.33
Dbnm,3,7,10,0.3
Dbnn,6,7,13,0.46
Dbns,6,5,11,0.55
DbsB,3,4,7,0.43
DbsD,2,1,3,0.67
DbsH,4,4,8,0.5
DbsI,3,0,3,1.0
DbsL,2,0,2,1.0
DbsM,5,3,8,0.62
DbsN,4,2,6,0.67
DbsP,7,4,11,0.64
DbsS,6,3,9,0.67
Dbsb,1,1,2,0.5
Dbsh,0,0,0,
Dbsl,2,0,2,1.0
Dbsm,1,2,3,0.33
Dbsn,4,9,13,0.31
Dbss,3,1,4,0.75
DhBB,0,1,1,0.0
DhBM,0,0,0,
DhBm,0,2,2,0.0
DhBs,1,0,1,1.0
DhDH,1,0,1,1.0
DhHL,1,0,1,1.0
DhKn,0,1,1,0.0
DhLm,0,1,1,0.0
DhLs,0,1,1,0.0
DhMB,1,0,1,1.0
DhMM,1,0,1,1.0
DhMj,0,1,1,0.0
DhMl,1,0,1,1.0
DhMm,0,0,0,
DhMn,0,2,2,0.0
DhMs,1,0,1,1.0
DhNB,0,1,1,0.0
DhND,1,0,1,1.0
DhNH,0,1,1,0.0
DhNM,2,0,2,1.0
DhNP,0,1,1,0.0
DhNS,0,1,1,0.0
DhNh,0,0,0,
DhPD,0,0,0,
DhPH,0,0,0,
DhPM,0,1,1,0.0
DhPN,1,1,2,0.5
DhPP,1,1,2,0.5
DhPS,0,0,0,
DhPb,1,0,1,1.0
DhPn,1,0,1,1.0
DhPt,0,1,1,0.0
DhSB,0,0,0,
DhSH,0,1,1,0.0
DhSL,0,0,0,
DhSN,1,0,1,1.0
DhSP,1,0,1,1.0
DhSS,0,2,2,0.0
DhSb,0,0,0,
DhSm,1,1,2,0.5
DhbH,1,0,1,1.0
DhbM,0,1,1,0.0
Dhbb,1,0,1,1.0
Dhbm,0,1,1,0.0
DhhM,1,0,1,1.0
Dhhb,0,0,0,
Dhhs,1,0,1,1.0
DhlD,0,1,1,0.0
Dhlm,0,1,1,0.0
DhmN,0,1,1,0.0
DhmP,0,2,2,0.0
DhmS,0,1,1,0.0
Dhmm,0,3,3,0.0
Dhmn,1,0,1,1.0
Dhms,2,1,3,0.67
DhnB,1,0,1,1.0
DhnM,1,0,1,1.0
DhnN,0,0,0,
DhnP,0,1,1,0.0
DhnS,1,2,3,0.33
Dhnm,2,0,2,1.0
Dhnn,1,1,2,0.5
DhsL,1,0,1,1.0
DhsN,1,0,1,1.0
Dhsb,0,1,1,0.0
Dhsm,1,0,1,1.0
Dhss,1,0,1,1.0
DlBB,1,0,1,1.0
DlBD,0,1,1,0.0
DlBL,1,0,1,1.0
DlBM,3,4,7,0.43
DlBN,3,5,8,0.38
DlBP,2,3,5,0.4
DlBS,1,6,7,0.14
DlBb,0,1,1,0.0
DlBh,0,1,1,0.0
DlBj,1,1,2,0.5
DlBl,1,0,1,1.0
DlBm,2,2,4,0.5
DlBn,2,6,8,0.25
DlBs,1,0,1,1.0
DlBt,0,2,2,0.0
DlDB,0,1,1,0.0
DlDM,1,1,2,0.5
DlDP,0,1,1,0.0
DlDb,1,0,1,1.0
DlDm,1,1,2,0.5
DlDn,0,1,1,0.0
DlDs,1,0,1,1.0
DlHB,1,0,1,1.0
DlHD,0,0,0,
DlHH,0,0,0,
DlHL,0,1,1,0.0
DlHM,4,3,7,0.57
DlHN,0,1,1,0.0
DlHP,3,2,5,0.6
DlHb,2,4,6,0.33
DlHl,2,1,3,0.67
DlHm,1,1,2,0.5
DlHn,1,0,1,1.0
DlHs,1,1,2,0.5
DlID,0,1,1,0.0
DlIH,0,1,1,0.0
DlIM,1,0,1,1.0
DlIN,0,0,0,
DlIP,0,0,0,
DlIS,1,1,2,0.5
DlJB,1,2,3,0.33
DlJD,0,0,0,
DlJH,1,0,1,1.0
DlJI,1,1,2,0.5
DlJM,0,1,1,0.0
DlJN,2,1,3,0.67
DlJP,2,0,2,1.0
DlJS,0,2,2,0.0
DlJb,1,0,1,1.0
DlJl,0,1,1,0.0
DlJm,0,2,2,0.0
DlJn,2,0,2,1.0
DlJs,2,0,2,1.0
DlKB,0,1,1,0.0
DlKM,1,0,1,1.0
DlKh,0,1,1,0.0
DlKl,0,1,1,0.0
DlKm,1,0,1,1.0
DlLB,3,2,5,0.6
DlLD,0,1,1,0.0
DlLK,0,0,0,
DlLL,1,1,2,0.5
DlLM,2,2,4,0.5
DlLN,2,1,3,0.67
DlLP,0,1,1,0.0
DlLS,2,2,4,0.5
DlLb,0,1,1,0.0
DlLh,1,3,4,0.25
DlLj,1,0,1,1.0
DlLl,0,1,1,0.0
DlLm,2,0,2,1.0
DlLn,1,1,2,0.5
DlLs,0,0,0,
DlMB,3,5,8,0.38
DlMD,1,0,1,1.0
DlML,2,1,3,0.67
DlMM,3,2,5,0.6
DlMN,3,1,4,0.75
DlMP,2,7,9,0.22
DlMS,3,2,5,0.6
DlMb,0,1,1,0.0
DlMh,0,3,3,0.0
DlMj,0,0,0,
DlMl,3,0,3,1.0
DlMm,3,2,5,0.6
DlMn,2,4,6,0.33
DlMs,1,2,3,0.33
DlMt,0,1,1,0.0
DlNB,1,0,1,1.0
DlND,1,0,1,1.0
DlNK,0,1,1,0.0
DlNL,3,3,6,0.5
DlNM,1,5,6,0.17
DlNN,2,7,9,0.22
DlNP,8,6,14,0.57
DlNS,4,1,5,0.8
DlNb,1,3,4,0.25
DlNh,1,0,1,1.0
DlNl,1,0,1,1.0
DlNm,2,4,6,0.33
DlNn,3,3,6,0.5
DlNs,1,1,2,0.5
DlPB,3,1,4,0.75
DlPD,0,2,2,0.0
DlPH,2,1,3,0.67
DlPL,1,3,4,0.25
DlPM,8,5,13,0.62
DlPN,5,1,6,0.83
DlPP,3,6,9,0.33
DlPS,3,4,7,0.43
DlPb,6,3,9,0.67
DlPh,0,2,2,0.0
DlPl,2,1,3,0.67
DlPm,2,2,4,0.5
DlPn,1,2,3,0.33
DlPs,1,1,2,0.5
DlSB,5,0,5,1.0
DlSH,2,0,2,1.0
DlSK,1,0,1,1.0
DlSL,3,2,5,0.6
DlSM,3,0,3,1.0
DlSN,4,1,5,0.8
DlSP,0,7,7,0.0
DlSS,2,2,4,0.5
DlSb,1,0,1,1.0
DlSh,1,1,2,0.5
DlSm,0,4,4,0.0
DlSn,1,2,3,0.33
DlSs,1,4,5,0.2
DlSt,0,1,1,0.0
DlbB,6,5,11,0.55
DlbD,1,0,1,1.0
DlbH,0,1,1,0.0
DlbI,0,0,0,
DlbJ,2,1,3,0.67
DlbK,1,0,1,1.0
DlbL,1,0,1,1.0
DlbM,3,2,5,0.6
DlbN,5,3,8,0.62
DlbP,5,3,8,0.62
DlbS,3,2,5,0.6
Dlbb,4,1,5,0.8
Dlbl,1,1,2,0.5
Dlbm,4,3,7,0.57
Dlbn,1,4,5,0.2
Dlbs,1,2,3,0.33
DllB,2,0,2,1.0
DllH,0,2,2,0.0
DllK,0,1,1,0.0
DllM,0,3,3,0.0
DllN,0,1,1,0.0
DllP,1,1,2,0.5
DllS,0,0,0,
Dllb,1,0,1,1.0
Dlll,3,0,3,1.0
Dllm,2,0,2,1.0
Dlln,3,1,4,0.75
Dlls,0,1,1,0.0
DlmB,6,5,11,0.55
DlmH,0,0,0,
DlmJ,0,1,1,0.0
DlmL,2,0,2,1.0
DlmM,3,4,7,0.43
DlmN,8,1,9,0.89
DlmP,1,4,5,0.2
DlmS,3,3,6,0.5
Dlmb,3,6,9,0.33
Dlml,1,1,2,0.5
Dlmm,2,4,6,0.33
Dlmn,7,3,10,0.7
Dlms,1,0,1,1.0
DlnB,1,2,3,0.33
DlnD,0,1,1,0.0
DlnH,1,3,4,0.25
DlnI,3,0,3,1.0
DlnK,0,1,1,0.0
DlnL,0,1,1,0.0
DlnM,2,2,4,0.5
DlnN,5,0,5,1.0
DlnP,3,12,15,0.2
DlnS,5,2,7,0.71
Dlnb,3,0,3,1.0
Dlnl,0,1,1,0.0
Dlnm,1,2,3,0.33
Dlnn,1,0,1,1.0
Dlns,1,0,1,1.0
DlsB,3,1,4,0.75
DlsD,2,1,3,0.67
DlsH,3,4,7,0.43
DlsL,1,0,1,1.0
DlsM,2,3,5,0.4
DlsN,1,1,2,0.5
DlsP,1,2,3,0.33
DlsS,1,2,3,0.33
Dlsb,4,2,6,0.67
Dlsh,0,1,1,0.0
Dlsl,1,0,1,1.0
Dlsm,2,3,5,0.4
Dlsn,2,1,3,0.67
Dlss,3,0,3,1.0
DmBB,6,7,13,0.46
DmBD,3,3,6,0.5
DmBK,2,1,3,0.67
DmBL,4,2,6,0.67
DmBM,9,14,23,0.39
DmBN,7,8,15,0.47
DmBP,9,18,27,0.33
DmBS,5,10,15,0.33
DmBb,6,6,12,0.5
DmBh,1,1,2,0.5
DmBj,0,1,1,0.0
DmBl,5,4,9,0.56
DmBm,10,9,19,0.53
DmBn,12,10,22,0.55
DmBs,8,5,13,0.62
DmBt,3,0,3,1.0
DmDB,3,3,6,0.5
DmDD,4,4,8,0.5
DmDH,1,6,7,0.14
DmDI,1,0,1,1.0
DmDL,1,1,2,0.5
DmDM,5,7,12,0.42
DmDN,0,4,4,0.0
DmDP,6,3,9,0.67
DmDS,2,4,6,0.33
DmDb,1,9,10,0.1
DmDl,0,0,0,
DmDm,6,3,9,0.67
DmDn,3,0,3,1.0
DmDs,2,5,7,0.29
DmHB,7,5,12,0.58
DmHD,1,2,3,0.33
DmHH,0,1,1,0.0
DmHI,0,1,1,0.0
DmHK,0,1,1,0.0
DmHL,3,3,6,0.5
DmHM,8,13,21,0.38
DmHN,9,9,18,0.5
DmHP,17,13,30,0.57
DmHS,6,4,10,0.6
DmHb,7,7,14,0.5
DmHh,2,6,8,0.25
DmHl,4,4,8,0.5
DmHm,9,11,20,0.45
DmHn,7,9,16,0.44
DmHs,2,9,11,0.18
DmHt,1,0,1,1.0
DmIH,1,0,1,1.0
DmIM,0,2,2,0.0
DmIN,1,0,1,1.0
DmIP,0,2,2,0.0
DmIS,1,0,1,1.0
DmIb,0,1,1,0.0
DmIm,0,0,0,
DmIn,1,0,1,1.0
DmJB,1,1,2,0.5
DmJD,1,0,1,1.0
DmJK,0,1,1,0.0
DmJL,1,0,1,1.0
DmJM,0,4,4,0.0
DmJN,1,2,3,0.33
DmJP,4,2,6,0.67
DmJS,3,1,4,0.75
DmJb,2,2,4,0.5
DmJl,0,1,1,0.0
DmJm,4,1,5,0.8
DmJn,0,3,3,0.0
DmJs,0,0,0,
DmJt,2,0,2,1.0
DmKD,0,1,1,0.0
DmKP,1,0,1,1.0
DmKb,1,0,1,1.0
DmKm,0,2,2,0.0
DmLB,0,1,1,0.0
DmLD,0,1,1,0.0
DmLK,0,1,1,0.0
DmLL,0,1,1,0.0
DmLM,3,2,5,0.6
DmLN,3,7,10,0.3
DmLP,4,5,9,0.44
DmLS,2,6,8,0.25
DmLb,2,3,5,0.4
DmLh,2,0,2,1.0
DmLj,0,2,2,0.0
DmLl,1,2,3,0.33
DmLm,3,1,4,0.75
DmLn,2,4,6,0.33
DmLs,3,2,5,0.6
DmLt,0,1,1,0.0
DmMB,11,5,16,0.69
DmMD,1,3,4,0.25
DmMH,0,0,0,
DmML,3,2,5,0.6
DmMM,13,19,32,0.41
DmMN,9,9,18,0.5
DmMP,11,21,32,0.34
DmMS,10,10,20,0.5
DmMb,11,8,19,0.58
DmMh,9,11,20,0.45
DmMl,6,4,10,0.6
DmMm,16,9,25,0.64
DmMn,10,21,31,0.32
DmMs,6,6,12,0.5
DmMt,1,2,3,0.33
DmNB,10,8,18,0.56
DmND,3,3,6,0.5
DmNH,2,4,6,0.33
DmNK,3,1,4,0.75
DmNL,3,2,5,0.6
DmNM,10,7,17,0.59
DmNN,19,14,33,0.58
DmNP,17,16,33,0.52
DmNS,8,14,22,0.36
DmNb,6,8,14,0.43
DmNh,3,1,4,0.75
DmNl,3,4,7,0.43
DmNm,9,4,13,0.69
DmNn,13,12,25,0.52
DmNs,13,7,20,0.65
DmNt,1,1,2,0.5
DmPB,6,9,15,0.4
DmPD,2,5,7,0.29
DmPH,2,4,6,0.33
DmPI,1,3,4,0.25
DmPK,4,0,4,1.0
DmPL,1,4,5,0.2
DmPM,15,9,24,0.62
DmPN,7,8,15,0.47
DmPP,16,20,36,0.44
DmPS,13,6,19,0.68
DmPb,18,12,30,0.6
DmPh,1,2,3,0.33
DmPl,3,1,4,0.75
DmPm,19,14,33,0.58
DmPn,12,9,21,0.57
DmPs,3,11,14,0.21
DmPt,0,1,1,0.0
DmSB,10,4,14,0.71
DmSD,3,1,4,0.75
DmSH,0,1,1,0.0
DmSK,1,0,1,1.0
DmSL,3,0,3,1.0
DmSM,8,11,19,0.42
DmSN,8,6,14,0.57
DmSP,10,6,16,0.62
DmSS,8,7,15,0.53
DmSb,3,5,8,0.38
DmSh,4,2,6,0.67
DmSl,2,2,4,0.5
DmSm,11,14,25,0.44
DmSn,7,9,16,0.44
DmSs,8,11,19,0.42
DmSt,1,0,1,1.0
DmbB,9,10,19,0.47
DmbD,1,2,3,0.33
DmbH,1,2,3,0.33
DmbJ,1,4,5,0.2
DmbK,0,3,3,0.0
DmbL,1,1,2,0.5
DmbM,10,11,21,0.48
DmbN,15,12,27,0.56
DmbP,11,14,25,0.44
DmbS,4,4,8,0.5
Dmbb,7,9,16,0.44
Dmbl,2,3,5,0.4
Dmbm,13,12,25,0.52
Dmbn,15,6,21,0.71
Dmbs,1,1,2,0.5
DmhB,0,1,1,0.0
Dmhb,1,0,1,1.0
Dmhl,1,0,1,1.0
Dmhm,1,0,1,1.0
Dmhn,1,0,1,1.0
Dmhs,0,1,1,0.0
DmlB,4,2,6,0.67
DmlD,3,1,4,0.75
DmlH,2,1,3,0.67
DmlJ,2,1,3,0.67
DmlL,1,1,2,0.5
DmlM,2,1,3,0.67
DmlN,3,0,3,1.0
DmlP,3,5,8,0.38
DmlS,4,1,5,0.8
Dmlb,3,2,5,0.6
Dmlh,1,0,1,1.0
Dmll,2,0,2,1.0
Dmlm,3,1,4,0.75
Dmln,1,2,3,0.33
Dmls,2,0,2,1.0
DmmB,7,11,18,0.39
DmmD,7,4,11,0.64
DmmH,7,11,18,0.39
DmmI,2,0,2,1.0
DmmJ,0,4,4,0.0
DmmL,4,3,7,0.57
DmmM,19,18,37,0.51
DmmN,13,7,20,0.65
DmmP,10,18,28,0.36
DmmS,8,11,19,0.42
Dmmb,13,7,20,0.65
Dmmh,0,0,0,
Dmml,2,2,4,0.5
Dmmm,12,18,30,0.4
Dmmn,16,11,27,0.59
Dmms,10,6,16,0.62
DmnB,9,10,19,0.47
DmnD,5,2,7,0.71
DmnH,3,3,6,0.5
DmnI,0,2,2,0.0
DmnK,1,0,1,1.0
DmnL,2,4,6,0.33
DmnM,7,12,19,0.37
DmnN,11,6,17,0.65
DmnP,10,14,24,0.42
DmnS,7,2,9,0.78
Dmnb,5,4,9,0.56
Dmnl,3,1,4,0.75
Dmnm,9,10,19,0.47
Dmnn,9,13,22,0.41
Dmns,3,1,4,0.75
DmsB,1,2,3,0.33
DmsD,6,2,8,0.75
DmsH,4,9,13,0.31
DmsI,1,0,1,1.0
DmsK,0,0,0,
DmsL,0,1,1,0.0
DmsM,5,4,9,0.56
DmsN,8,9,17,0.47
DmsP,6,8,14,0.43
DmsS,3,7,10,0.3
Dmsb,5,2,7,0.71
Dmsh,1,2,3,0.33
Dmsl,1,2,3,0.33
Dmsm,8,8,16,0.5
Dmsn,5,3,8,0.62
Dmss,8,5,13,0.62
DmtS,1,0,1,1.0
DnBB,3,10,13,0.23
DnBD,1,3,4,0.25
DnBH,0,0,0,
DnBK,2,0,2,1.0
DnBM,3,4,7,0.43
DnBN,6,3,9,0.67
DnBP,5,3,8,0.62
DnBS,2,6,8,0.25
DnBb,8,3,11,0.73
DnBj,2,3,5,0.4
DnBl,4,3,7,0.57
DnBm,10,7,17,0.59
DnBn,4,7,11,0.36
DnBs,4,4,8,0.5
DnBt,1,0,1,1.0
DnDB,2,1,3,0.67
DnDD,2,1,3,0.67
DnDH,4,0,4,1.0
DnDK,0,1,1,0.0
DnDL,0,1,1,0.0
DnDM,7,6,13,0.54
DnDN,1,0,1,1.0
DnDP,2,2,4,0.5
DnDS,0,1,1,0.0
DnDb,3,1,4,0.75
DnDl,0,0,0,
DnDm,1,2,3,0.33
DnDn,8,0,8,1.0
DnDs,1,1,2,0.5
DnDt,1,0,1,1.0
DnHB,1,6,7,0.14
DnHD,0,0,0,
DnHL,1,0,1,1.0
DnHM,6,4,10,0.6
DnHN,8,2,10,0.8
DnHP,7,3,10,0.7
DnHS,2,3,5,0.4
DnHb,2,3,5,0.4
DnHh,1,3,4,0.25
DnHl,1,3,4,0.25
DnHm,4,2,6,0.67
DnHn,6,4,10,0.6
DnHs,2,2,4,0.5
DnHt,0,1,1,0.0
DnIB,0,1,1,0.0
DnIH,3,1,4,0.75
DnII,0,1,1,0.0
DnIM,1,1,2,0.5
DnIN,1,1,2,0.5
DnIP,3,0,3,1.0
DnIS,0,1,1,0.0
DnIb,2,1,3,0.67
DnIl,1,0,1,1.0
DnIm,1,1,2,0.5
DnIn,0,1,1,0.0
DnIs,0,1,1,0.0
DnIt,0,1,1,0.0
DnKL,0,0,0,
DnKM,2,2,4,0.5
DnKN,2,0,2,1.0
DnKP,1,5,6,0.17
DnKb,1,0,1,1.0
DnKh,0,1,1,0.0
DnKn,1,0,1,1.0
DnKs,1,0,1,1.0
DnLB,0,2,2,0.0
DnLD,0,1,1,0.0
DnLL,1,1,2,0.5
DnLM,3,3,6,0.5
DnLN,4,3,7,0.57
DnLP,2,4,6,0.33
DnLS,0,1,1,0.0
DnLb,3,2,5,0.6
DnLh,1,2,3,0.33
DnLl,1,1,2,0.5
DnLm,1,3,4,0.25
DnLn,1,4,5,0.2
DnLs,0,2,2,0.0
DnMB,10,5,15,0.67
DnMD,3,1,4,0.75
DnMH,0,1,1,0.0
DnML,0,3,3,0.0
DnMM,9,9,18,0.5
DnMN,9,5,14,0.64
DnMP,11,3,14,0.79
DnMS,4,11,15,0.27
DnMb,6,7,13,0.46
DnMh,7,3,10,0.7
DnMj,3,1,4,0.75
DnMl,4,2,6,0.67
DnMm,5,13,18,0.28
DnMn,9,16,25,0.36
DnMs,12,5,17,0.71
DnMt,0,0,0,
DnNB,7,9,16,0.44
DnND,1,1,2,0.5
DnNH,1,0,1,1.0
DnNK,0,2,2,0.0
DnNL,2,1,3,0.67
DnNM,6,8,14,0.43
DnNN,15,8,23,0.65
DnNP,11,14,25,0.44
DnNS,6,11,17,0.35
DnNb,6,10,16,0.38
DnNh,6,2,8,0.75
DnNl,6,0,6,1.0
DnNm,10,4,14,0.71
DnNn,11,11,22,0.5
DnNs,8,8,16,0.5
DnNt,3,2,5,0.6
DnPB,7,3,10,0.7
DnPD,5,3,8,0.62
DnPH,2,3,5,0.4
DnPI,1,0,1,1.0
DnPK,1,2,3,0.33
DnPL,7,5,12,0.58
DnPM,9,16,25,0.36
DnPN,11,6,17,0.65
DnPP,10,13,23,0.43
DnPS,8,7,15,0.53
DnPb,8,9,17,0.47
DnPh,1,1,2,0.5
DnPl,5,5,10,0.5
DnPm,11,14,25,0.44
DnPn,16,6,22,0.73
DnPs,9,6,15,0.6
DnPt,1,3,4,0.25
DnSB,7,10,17,0.41
DnSD,3,3,6,0.5
DnSH,7,2,9,0.78
DnSI,0,0,0,
DnSL,1,5,6,0.17
DnSM,8,5,13,0.62
DnSN,6,7,13,0.46
DnSP,9,10,19,0.47
DnSS,6,8,14,0.43
DnSb,3,2,5,0.6
DnSh,4,6,10,0.4
DnSl,2,1,3,0.67
DnSm,8,3,11,0.73
DnSn,6,6,12,0.5
DnSs,6,3,9,0.67
DnSt,1,0,1,1.0
DnbB,9,0,9,1.0
DnbD,0,1,1,0.0
DnbH,1,2,3,0.33
DnbI,1,0,1,1.0
DnbJ,0,0,0,
DnbK,2,0,2,1.0
DnbL,3,2,5,0.6
DnbM,9,11,20,0.45
DnbN,7,10,17,0.41
DnbP,11,5,16,0.69
DnbS,2,1,3,0.67
Dnbb,8,7,15,0.53
Dnbl,3,1,4,0.75
Dnbm,9,5,14,0.64
Dnbn,9,6,15,0.6
Dnbs,3,2,5,0.6
DnhN,0,1,1,0.0
Dnhl,0,1,1,0.0
DnlB,1,3,4,0.25
DnlH,1,0,1,1.0
DnlJ,1,0,1,1.0
DnlL,0,2,2,0.0
DnlM,2,0,2,1.0
DnlN,4,4,8,0.5
DnlP,7,4,11,0.64
DnlS,3,2,5,0.6
Dnlb,0,0,0,
Dnll,0,1,1,0.0
Dnlm,2,0,2,1.0
Dnln,2,2,4,0.5
Dnls,1,2,3,0.33
DnmB,9,3,12,0.75
DnmD,1,0,1,1.0
DnmH,3,4,7,0.43
DnmJ,0,0,0,
DnmL,4,1,5,0.8
DnmM,11,9,20,0.55
DnmN,13,3,16,0.81
DnmP,11,11,22,0.5
DnmS,6,1,7,0.86
Dnmb,9,6,15,0.6
Dnml,1,1,2,0.5
Dnmm,10,8,18,0.56
Dnmn,5,8,13,0.38
Dnms,1,5,6,0.17
DnnB,4,4,8,0.5
DnnD,0,2,2,0.0
DnnH,4,3,7,0.57
DnnK,2,0,2,1.0
DnnL,2,2,4,0.5
DnnM,12,8,20,0.6
DnnN,11,10,21,0.52
DnnP,10,8,18,0.56
DnnS,7,2,9,0.78
Dnnb,14,6,20,0.7
Dnnl,3,2,5,0.6
Dnnm,6,4,10,0.6
Dnnn,8,9,17,0.47
Dnns,7,7,14,0.5
DnsB,1,2,3,0.33
DnsD,1,0,1,1.0
DnsH,4,4,8,0.5
DnsI,1,1,2,0.5
DnsL,0,2,2,0.0
DnsM,5,3,8,0.62
DnsN,5,7,12,0.42
DnsP,6,3,9,0.67
DnsS,8,5,13,0.62
Dnsb,5,1,6,0.83
Dnsl,1,0,1,1.0
Dnsm,6,3,9,0.67
Dnsn,5,2,7,0.71
Dnss,3,9,12,0.25
DsBB,4,2,6,0.67
DsBD,0,1,1,0.0
DsBH,1,0,1,1.0
DsBK,2,2,4,0.5
DsBL,2,1,3,0.67
DsBM,4,3,7,0.57
DsBN,9,4,13,0.69
DsBP,6,3,9,0.67
DsBS,5,3,8,0.62
DsBb,4,5,9,0.44
DsBh,0,1,1,0.0
DsBj,1,1,2,0.5
DsBl,1,1,2,0.5
DsBm,4,3,7,0.57
DsBn,3,2,5,0.6
DsBs,6,3,9,0.67
DsBt,0,1,1,0.0
DsDB,0,2,2,0.0
DsDD,2,1,3,0.67
DsDH,3,1,4,0.75
DsDL,0,2,2,0.0
DsDM,1,1,2,0.5
DsDN,2,2,4,0.5
DsDP,2,4,6,0.33
DsDS,1,3,4,0.25
DsDb,1,3,4,0.25
DsDl,0,1,1,0.0
DsDm,5,3,8,0.62
DsDn,1,2,3,0.33
DsDs,1,1,2,0.5
DsDt,0,0,0,
DsHB,2,5,7,0.29
DsHD,1,0,1,1.0
DsHH,1,0,1,1.0
DsHI,0,0,0,
DsHK,1,0,1,1.0
DsHL,2,2,4,0.5
DsHM,5,9,14,0.36
DsHN,5,9,14,0.36
DsHP,5,9,14,0.36
DsHS,5,3,8,0.62
DsHb,3,5,8,0.38
DsHh,3,3,6,0.5
DsHl,3,2,5,0.6
DsHm,10,5,15,0.67
DsHn,5,13,18,0.28
DsHs,8,7,15,0.53
DsHt,0,1,1,0.0
DsIB,2,0,2,1.0
DsID,1,0,1,1.0
DsIH,2,0,2,1.0
DsIL,0,1,1,0.0
DsIM,0,1,1,0.0
DsIN,0,2,2,0.0
DsIP,0,1,1,0.0
DsIS,1,0,1,1.0
DsIb,1,2,3,0.33
DsIh,0,0,0,
DsIm,1,0,1,1.0
DsIn,1,0,1,1.0
DsKI,0,0,0,
DsKP,0,0,0,
DsKs,0,1,1,0.0
DsLB,1,0,1,1.0
DsLD,0,1,1,0.0
DsLK,0,1,1,0.0
DsLL,0,1,1,0.0
DsLM,2,2,4,0.5
DsLN,0,2,2,0.0
DsLP,6,3,9,0.67
DsLS,3,5,8,0.38
DsLb,0,2,2,0.0
DsLh,1,2,3,0.33
DsLl,0,1,1,0.0
DsLm,1,3,4,0.25
DsLn,3,5,8,0.38
DsLs,5,2,7,0.71
DsLt,0,1,1,0.0
DsMB,4,3,7,0.57
DsMD,2,0,2,1.0
DsML,1,0,1,1.0
DsMM,4,4,8,0.5
DsMN,8,6,14,0.57
DsMP,8,8,16,0.5
DsMS,5,4,9,0.56
DsMb,4,9,13,0.31
DsMh,2,4,6,0.33
DsMj,1,1,2,0.5
DsMl,5,2,7,0.71
DsMm,11,10,21,0.52
DsMn,11,6,17,0.65
DsMs,7,6,13,0.54
DsNB,6,2,8,0.75
DsND,2,1,3,0.67
DsNH,1,0,1,1.0
DsNL,1,2,3,0.33
DsNM,6,12,18,0.33
DsNN,11,5,16,0.69
DsNP,14,6,20,0.7
DsNS,6,5,11,0.55
DsNb,3,4,7,0.43
DsNh,2,0,2,1.0
DsNl,0,4,4,0.0
DsNm,5,6,11,0.45
DsNn,2,6,8,0.25
DsNs,7,6,13,0.54
DsNt,1,1,2,0.5
DsPB,4,5,9,0.44
DsPD,4,3,7,0.57
DsPH,2,2,4,0.5
DsPI,2,0,2,1.0
DsPK,0,1,1,0.0
DsPL,2,1,3,0.67
DsPM,5,4,9,0.56
DsPN,10,2,12,0.83
DsPP,10,14,24,0.42
DsPS,1,7,8,0.12
DsPb,8,3,11,0.73
DsPh,0,1,1,0.0
DsPl,0,7,7,0.0
DsPm,6,8,14,0.43
DsPn,4,8,12,0.33
DsPs,9,3,12,0.75
DsPt,0,2,2,0.0
DsSB,8,7,15,0.53
DsSD,1,1,2,0.5
DsSH,4,2,6,0.67
DsSI,1,0,1,1.0
DsSK,1,0,1,1.0
DsSL,3,3,6,0.5
DsSM,8,9,17,0.47
DsSN,6,6,12,0.5
DsSP,8,8,16,0.5
DsSS,8,13,21,0.38
DsSb,5,5,10,0.5
DsSh,7,2,9,0.78
DsSl,4,4,8,0.5
DsSm,9,7,16,0.56
DsSn,6,4,10,0.6
DsSs,9,6,15,0.6
DsSt,1,0,1,1.0
DsbB,14,4,18,0.78
DsbD,1,1,2,0.5
DsbH,3,1,4,0.75
DsbI,0,0,0,
DsbJ,2,1,3,0.67
DsbK,1,2,3,0.33
DsbL,1,3,4,0.25
DsbM,4,2,6,0.67
DsbN,3,9,12,0.25
DsbP,7,6,13,0.54
DsbS,1,4,5,0.2
Dsbb,5,4,9,0.56
Dsbl,1,2,3,0.33
Dsbm,5,5,10,0.5
Dsbn,3,5,8,0.38
Dsbs,5,0,5,1.0
DshB,0,0,0,
DshL,0,0,0,
Dshb,2,0,2,1.0
Dshm,0,1,1,0.0
Dshs,1,0,1,1.0
Dsht,1,0,1,1.0
DslB,4,1,5,0.8
DslH,2,2,4,0.5
DslI,1,1,2,0.5
DslJ,1,0,1,1.0
DslK,0,0,0,
DslL,0,0,0,
DslM,3,1,4,0.75
DslN,5,1,6,0.83
DslP,0,2,2,0.0
Dslb,3,2,5,0.6
Dsll,3,2,5,0.6
Dslm,3,1,4,0.75
Dsln,1,2,3,0.33
Dsls,3,3,6,0.5
DsmB,5,6,11,0.45
DsmD,4,4,8,0.5
DsmH,2,6,8,0.25
DsmI,0,1,1,0.0
DsmJ,2,2,4,0.5
DsmK,0,1,1,0.0
DsmL,1,4,5,0.2
DsmM,10,9,19,0.53
DsmN,8,7,15,0.53
DsmP,5,10,15,0.33
DsmS,3,2,5,0.6
Dsmb,8,5,13,0.62
Dsml,1,2,3,0.33
Dsmm,13,13,26,0.5
Dsmn,4,4,8,0.5
Dsms,5,5,10,0.5
DsnB,3,5,8,0.38
DsnD,0,0,0,
DsnH,4,6,10,0.4
DsnI,2,4,6,0.33
DsnK,0,2,2,0.0
DsnL,2,0,2,1.0
DsnM,7,2,9,0.78
DsnN,7,5,12,0.58
DsnP,5,1,6,0.83
DsnS,4,7,11,0.36
Dsnb,6,5,11,0.55
Dsnh,1,0,1,1.0
Dsnl,0,1,1,0.0
Dsnm,5,6,11,0.45
Dsnn,6,3,9,0.67
Dsns,4,2,6,0.67
DssB,3,1,4,0.75
DssD,2,4,6,0.33
DssH,8,5,13,0.62
DssL,2,0,2,1.0
DssM,7,3,10,0.7
DssN,4,9,13,0.31
DssP,6,7,13,0.46
DssS,5,9,14,0.36
Dssb,4,6,10,0.4
Dssh,2,0,2,1.0
Dssl,0,3,3,0.0
Dssm,12,7,19,0.63
Dssn,8,2,10,0.8
Dsss,0,6,6,0.0
DstD,1,0,1,1.0
DtBB,2,4,6,0.33
DtBK,0,0,0,
DtBL,0,1,1,0.0
DtBM,2,3,5,0.4
DtBN,0,1,1,0.0
DtBS,1,0,1,1.0
DtBl,1,0,1,1.0
DtBm,2,1,3,0.67
DtBn,1,2,3,0.33
DtDB,0,1,1,0.0
DtDH,0,0,0,
DtDM,1,2,3,0.33
DtDP,0,0,0,
DtDb,1,1,2,0.5
DtDm,0,0,0,
DtDn,1,0,1,1.0
DtDs,1,0,1,1.0
DtHB,1,0,1,1.0
DtHM,1,1,2,0.5
DtHN,1,0,1,1.0
DtHP,0,1,1,0.0
DtHS,2,0,2,1.0
DtHb,1,0,1,1.0
DtHm,0,1,1,0.0
DtHs,0,1,1,0.0
DtKM,0,0,0,
DtKS,1,0,1,1.0
DtLB,0,1,1,0.0
DtLS,1,1,2,0.5
DtLb,0,1,1,0.0
DtLl,1,0,1,1.0
DtLm,2,1,3,0.67
DtLn,0,0,0,
DtMB,0,1,1,0.0
DtMD,1,0,1,1.0
DtML,1,0,1,1.0
DtMM,0,1,1,0.0
DtMN,3,1,4,0.75
DtMP,1,1,2,0.5
DtMS,1,1,2,0.5
DtMb,1,0,1,1.0
DtMh,1,0,1,1.0
DtMl,0,3,3,0.0
DtMm,4,1,5,0.8
DtMn,0,1,1,0.0
DtMs,1,1,2,0.5
DtNB,1,0,1,1.0
DtND,0,0,0,
DtNK,0,1,1,0.0
DtNM,2,2,4,0.5
DtNN,2,0,2,1.0
DtNP,2,1,3,0.67
DtNS,1,1,2,0.5
DtNb,0,2,2,0.0
DtNl,1,0,1,1.0
DtNm,1,1,2,0.5
DtNn,0,1,1,0.0
DtNs,1,0,1,1.0
DtPB,0,3,3,0.0
DtPI,0,0,0,
DtPL,2,0,2,1.0
DtPM,4,1,5,0.8
DtPN,0,2,2,0.0
DtPP,0,0,0,
DtPS,0,1,1,0.0
DtPb,3,0,3,1.0
DtPl,2,0,2,1.0
DtPm,2,1,3,0.67
DtPn,1,2,3,0.33
DtPs,2,0,2,1.0
DtSB,1,2,3,0.33
DtSD,0,0,0,
DtSH,0,1,1,0.0
DtSM,2,0,2,1.0
DtSP,1,2,3,0.33
DtSS,0,1,1,0.0
DtSb,0,0,0,
DtSh,1,0,1,1.0
DtSm,1,0,1,1.0
DtSn,1,1,2,0.5
DtSs,0,1,1,0.0
DtbJ,0,0,0,
DtbK,0,1,1,0.0
DtbL,0,0,0,
DtbM,1,1,2,0.5
DtbN,0,1,1,0.0
DtbP,1,2,3,0.33
DtbS,1,0,1,1.0
Dtbb,2,1,3,0.67
Dtbn,0,1,1,0.0
Dtbs,0,1,1,0.0
DtlB,0,0,0,
DtlH,0,0,0,
DtlP,1,0,1,1.0
Dtlm,0,0,0,
Dtln,0,1,1,0.0
DtmB,1,0,1,1.0
DtmH,0,2,2,0.0
DtmJ,0,1,1,0.0
DtmM,5,3,8,0.62
DtmN,4,0,4,1.0
DtmP,1,0,1,1.0
DtmS,1,1,2,0.5
Dtmb,0,1,1,0.0
Dtmm,1,0,1,1.0
Dtms,3,0,3,1.0
DtnB,0,1,1,0.0
DtnH,1,0,1,1.0
DtnL,0,1,1,0.0
DtnM,0,1,1,0.0
DtnN,0,2,2,0.0
DtnP,1,2,3,0.33
DtnS,1,1,2,0.5
Dtnb,1,0,1,1.0
Dtnm,2,0,2,1.0
Dtnn,1,1,2,0.5
Dtns,1,2,3,0.33
DtsB,1,0,1,1.0
DtsD,1,1,2,0.5
DtsH,0,1,1,0.0
DtsN,1,1,2,0.5
DtsP,1,0,1,1.0
DtsS,1,3,4,0.25
Dtsm,3,0,3,1.0
Dtsn,0,2,2,0.0
Dtss,1,2,3,0.33
DttP,1,0,1,1.0
DttS,1,1,2,0.5
Dttb,0,1,1,0.0
HBBB,20,17,37,0.54
HBBD,1,1,2,0.5
HBBL,2,6,8,0.25
HBBM,10,13,23,0.43
HBBN,12,19,31,0.39
HBBP,19,15,34,0.56
HBBS,6,5,11,0.55
HBBb,12,21,33,0.36
HBBh,2,1,3,0.67
HBBj,4,3,7,0.57
HBBl,5,4,9,0.56
HBBm,13,11,24,0.54
HBBn,20,16,36,0.56
HBBs,9,5,14,0.64
HBBt,1,1,2,0.5
HBDB,1,1,2,0.5
HBDD,0,0,0,
HBDH,3,2,5,0.6
HBDI,0,1,1,0.0
HBDL,0,2,2,0.0
HBDM,2,3,5,0.4
HBDN,1,3,4,0.25
HBDP,4,2,6,0.67
HBDS,2,3,5,0.4
HBDb,2,1,3,0.67
HBDl,0,1,1,0.0
HBDm,1,2,3,0.33
HBDn,3,1,4,0.75
HBDs,1,2,3,0.33
HBHB,1,0,1,1.0
HBHI,1,0,1,1.0
HBHS,0,1,1,0.0
HBHm,0,1,1,0.0
HBKB,0,1,1,0.0
HBKD,0,2,2,0.0
HBKH,1,0,1,1.0
HBKL,1,0,1,1.0
HBKM,1,1,2,0.5
HBKN,1,3,4,0.25
HBKP,1,0,1,1.0
HBKS,1,1,2,0.5
HBKb,1,3,4,0.25
HBKh,2,3,5,0.4
HBKl,1,2,3,0.33
HBKm,2,3,5,0.4
HBKn,0,1,1,0.0
HBKs,1,1,2,0.5
HBLB,5,5,10,0.5
HBLD,1,2,3,0.33
HBLK,1,0,1,1.0
HBLL,1,1,2,0.5
HBLM,2,5,7,0.29
HBLN,3,2,5,0.6
HBLP,6,3,9,0.67
HBLS,4,2,6,0.67
HBLb,8,3,11,0.73
HBLh,4,1,5,0.8
HBLj,2,3,5,0.4
HBLl,3,3,6,0.5
HBLm,11,6,17,0.65
HBLn,10,8,18,0.56
HBLs,5,3,8,0.62
HBLt,2,0,2,1.0
HBMB,13,10,23,0.57
HBMD,0,4,4,0.0
HBMK,0,1,1,0.0
HBML,4,2,6,0.67
HBMM,11,15,26,0.42
HBMN,9,11,20,0.45
HBMP,14,14,28,0.5
HBMS,10,5,15,0.67
HBMb,13,22,35,0.37
HBMh,13,21,34,0.38
HBMj,4,0,4,1.0
HBMl,4,7,11,0.36
HBMm,28,10,38,0.74
HBMn,25,22,47,0.53
HBMs,8,9,17,0.47
HBMt,1,1,2,0.5
HBNB,13,12,25,0.52
HBND,3,3,6,0.5
HBNH,1,2,3,0.33
HBNK,0,2,2,0.0
HBNL,9,3,12,0.75
HBNM,12,17,29,0.41
HBNN,14,24,38,0.37
HBNP,23,16,39,0.59
HBNS,14,15,29,0.48
HBNb,12,13,25,0.48
HBNh,7,7,14,0.5
HBNl,6,9,15,0.4
HBNm,17,15,32,0.53
HBNn,24,25,49,0.49
HBNs,17,13,30,0.57
HBNt,5,3,8,0.62
HBPB,17,18,35,0.49
HBPD,5,2,7,0.71
HBPH,4,6,10,0.4
HBPI,0,2,2,0.0
HBPK,0,3,3,0.0
HBPL,8,13,21,0.38
HBPM,12,19,31,0.39
HBPN,11,19,30,0.37
HBPP,31,32,63,0.49
HBPS,17,12,29,0.59
HBPb,16,17,33,0.48
HBPh,2,1,3,0.67
HBPl,12,7,19,0.63
HBPm,21,17,38,0.55
HBPn,16,18,34,0.47
HBPs,6,15,21,0.29
HBPt,1,2,3,0.33
HBSB,3,6,9,0.33
HBSD,2,1,3,0.67
HBSH,3,5,8,0.38
HBSL,0,5,5,0.0
HBSM,10,14,24,0.42
HBSN,7,5,12,0.58
HBSP,15,14,29,0.52
HBSS,12,8,20,0.6
HBSb,4,11,15,0.27
HBSh,4,7,11,0.36
HBSl,5,2,7,0.71
HBSm,6,12,18,0.33
HBSn,3,13,16,0.19
HBSs,6,12,18,0.33
HBSt,1,1,2,0.5
HBbB,17,24,41,0.41
HBbD,0,0,0,
HBbH,3,5,8,0.38
HBbI,2,2,4,0.5
HBbJ,1,4,5,0.2
HBbK,1,2,3,0.33
HBbL,5,8,13,0.38
HBbM,11,21,32,0.34
HBbN,21,22,43,0.49
HBbP,26,15,41,0.63
HBbS,8,9,17,0.47
HBbb,21,15,36,0.58
HBbl,6,6,12,0.5
HBbm,16,16,32,0.5
HBbn,12,10,22,0.55
HBbs,5,8,13,0.38
HBhB,1,4,5,0.2
HBhM,3,1,4,0.75
HBhN,2,3,5,0.4
HBhP,0,3,3,0.0
HBhS,1,1,2,0.5
HBhb,2,1,3,0.67
HBhh,1,0,1,1.0
HBhl,1,2,3,0.33
HBhm,2,2,4,0.5
HBhn,8,1,9,0.89
HBhs,1,2,3,0.33
HBjB,7,1,8,0.88
HBjH,1,2,3,0.33
HBjL,2,2,4,0.5
HBjM,4,4,8,0.5
HBjN,5,2,7,0.71
HBjP,8,7,15,0.53
HBjS,4,3,7,0.57
HBjb,7,3,10,0.7
HBjh,2,2,4,0.5
HBjl,2,2,4,0.5
HBjm,2,2,4,0.5
HBjn,6,4,10,0.6
HBjs,3,1,4,0.75
HBjt,1,1,2,0.5
HBlB,7,10,17,0.41
HBlD,1,0,1,1.0
HBlH,6,6,12,0.5
HBlI,2,1,3,0.67
HBlJ,2,2,4,0.5
HBlL,4,2,6,0.67
HBlM,7,14,21,0.33
HBlN,2,3,5,0.4
HBlP,13,7,20,0.65
HBlS,6,6,12,0.5
HBlb,9,3,12,0.75
HBll,0,2,2,0.0
HBlm,7,6,13,0.54
HBln,6,3,9,0.67
HBls,4,5,9,0.44
HBmB,7,7,14,0.5
HBmD,3,2,5,0.6
HBmH,13,13,26,0.5
HBmI,3,1,4,0.75
HBmJ,1,4,5,0.2
HBmL,5,6,11,0.45
HBmM,11,15,26,0.42
HBmN,19,24,43,0.44
HBmP,20,20,40,0.5
HBmS,6,8,14,0.43
HBmb,10,18,28,0.36
HBml,7,6,13,0.54
HBmm,16,11,27,0.59
HBmn,15,12,27,0.56
HBms,12,8,20,0.6
HBnB,8,14,22,0.36
HBnD,1,1,2,0.5
HBnH,12,9,21,0.57
HBnI,2,0,2,1.0
HBnK,2,1,3,0.67
HBnL,6,2,8,0.75
HBnM,22,20,42,0.52
HBnN,20,20,40,0.5
HBnP,25,30,55,0.45
HBnS,13,22,35,0.37
HBnb,27,17,44,0.61
HBnh,1,2,3,0.33
HBnl,8,10,18,0.44
HBnm,22,20,42,0.52
HBnn,30,25,55,0.55
HBns,12,13,25,0.48
HBsB,4,13,17,0.24
HBsH,9,6,15,0.6
HBsI,1,1,2,0.5
HBsK,0,1,1,0.0
HBsL,3,2,5,0.6
HBsM,10,8,18,0.56
HBsN,8,9,17,0.47
HBsP,12,9,21,0.57
HBsS,9,13,22,0.41
HBsb,10,7,17,0.59
HBsh,1,2,3,0.33
HBsl,3,3,6,0.5
HBsm,12,5,17,0.71
HBsn,3,9,12,0.25
HBss,10,8,18,0.56
HBtB,2,1,3,0.67
HBtH,1,2,3,0.33
HBtK,0,1,1,0.0
HBtL,2,0,2,1.0
HBtM,0,2,2,0.0
HBtN,3,3,6,0.5
HBtP,4,4,8,0.5
HBtS,3,5,8,0.38
HBtb,2,4,6,0.33
HBtl,2,0,2,1.0
HBtm,3,3,6,0.5
HBtn,2,5,7,0.29
HBts,2,3,5,0.4
HBtt,0,0,0,
HDBB,3,5,8,0.38
HDBK,0,1,1,0.0
HDBL,1,2,3,0.33
HDBM,1,1,2,0.5
HDBN,2,2,4,0.5
HDBP,2,3,5,0.4
HDBS,0,2,2,0.0
HDBb,3,2,5,0.6
HDBh,1,0,1,1.0
HDBj,1,1,2,0.5
HDBm,1,1,2,0.5
HDBn,2,0,2,1.0
HDBs,2,0,2,1.0
HDBt,0,1,1,0.0
HDDB,0,2,2,0.0
HDDD,1,1,2,0.5
HDDM,1,1,2,0.5
HDDN,1,1,2,0.5
HDDP,2,3,5,0.4
HDDS,0,2,2,0.0
HDDm,0,2,2,0.0
HDDn,1,0,1,1.0
HDDs,1,1,2,0.5
HDDt,2,0,2,1.0
HDHB,0,1,1,0.0
HDHD,1,0,1,1.0
HDHH,2,2,4,0.5
HDHK,0,1,1,0.0
HDHL,1,2,3,0.33
HDHM,2,9,11,0.18
HDHN,2,3,5,0.4
HDHP,3,2,5,0.6
HDHS,3,6,9,0.33
HDHb,2,1,3,0.67
HDHh,5,2,7,0.71
HDHl,1,1,2,0.5
HDHm,2,3,5,0.4
HDHn,1,1,2,0.5
HDHs,3,2,5,0.6
HDHt,0,1,1,0.0
HDIM,1,0,1,1.0
HDIS,1,0,1,1.0
HDIs,0,0,0,
HDKM,0,1,1,0.0
HDKP,0,1,1,0.0
HDLB,0,3,3,0.0
HDLD,1,0,1,1.0
HDLL,1,0,1,1.0
HDLM,1,1,2,0.5
HDLN,1,0,1,1.0
HDLP,1,2,3,0.33
HDLS,1,0,1,1.0
HDLh,1,0,1,1.0
HDLj,0,1,1,0.0
HDLm,2,2,4,0.5
HDLn,0,2,2,0.0
HDLs,1,1,2,0.5
HDMB,4,1,5,0.8
HDMD,0,1,1,0.0
HDML,0,1,1,0.0
HDMM,3,8,11,0.27
HDMN,2,4,6,0.33
HDMP,2,5,7,0.29
HDMS,2,2,4,0.5
HDMb,2,2,4,0.5
HDMh,6,4,10,0.6
HDMl,0,1,1,0.0
HDMm,6,5,11,0.55
HDMn,1,2,3,0.33
HDMs,3,2,5,0.6
HDMt,0,1,1,0.0
HDNB,2,1,3,0.67
HDNH,1,0,1,1.0
HDNI,1,0,1,1.0
HDNK,1,1,2,0.5
HDNL,1,0,1,1.0
HDNM,2,4,6,0.33
HDNN,4,4,8,0.5
HDNP,4,4,8,0.5
HDNS,3,3,6,0.5
HDNb,4,1,5,0.8
HDNl,0,1,1,0.0
HDNm,3,3,6,0.5
HDNn,2,3,5,0.4
HDNs,2,0,2,1.0
HDNt,1,1,2,0.5
HDPB,3,2,5,0.6
HDPD,2,0,2,1.0
HDPH,0,2,2,0.0
HDPI,0,1,1,0.0
HDPK,1,0,1,1.0
HDPL,2,4,6,0.33
HDPM,5,3,8,0.62
HDPN,4,3,7,0.57
HDPP,5,7,12,0.42
HDPS,3,3,6,0.5
HDPb,6,2,8,0.75
HDPh,0,1,1,0.0
HDPl,1,1,2,0.5
HDPm,4,4,8,0.5
HDPn,0,5,5,0.0
HDPs,2,0,2,1.0
HDPt,1,1,2,0.5
HDSB,2,3,5,0.4
HDSD,0,0,0,
HDSH,2,0,2,1.0
HDSL,1,1,2,0.5
HDSM,7,8,15,0.47
HDSN,3,2,5,0.6
HDSP,7,7,14,0.5
HDSS,6,2,8,0.75
HDSb,1,5,6,0.17
HDSh,2,2,4,0.5
HDSl,1,0,1,1.0
HDSm,5,3,8,0.62
HDSn,5,5,10,0.5
HDSs,5,4,9,0.56
HDSt,0,0,0,
HDbB,3,3,6,0.5
HDbD,1,0,1,1.0
HDbH,2,0,2,1.0
HDbJ,0,2,2,0.0
HDbK,0,1,1,0.0
HDbL,0,0,0,
HDbM,7,4,11,0.64
HDbN,3,2,5,0.6
HDbP,2,4,6,0.33
HDbS,1,1,2,0.5
HDbb,1,2,3,0.33
HDbl,0,1,1,0.0
HDbm,3,1,4,0.75
HDbn,2,3,5,0.4
HDbs,2,0,2,1.0
HDhP,1,1,2,0.5
HDhm,0,1,1,0.0
HDlB,1,1,2,0.5
HDlJ,1,0,1,1.0
HDlL,1,0,1,1.0
HDlM,1,2,3,0.33
HDlN,2,3,5,0.4
HDlP,1,2,3,0.33
HDlb,3,0,3,1.0
HDll,1,0,1,1.0
HDlm,1,0,1,1.0
HDln,0,1,1,0.0
HDls,2,0,2,1.0
HDmB,4,2,6,0.67
HDmD,4,0,4,1.0
HDmH,3,10,13,0.23
HDmL,3,1,4,0.75
HDmM,4,3,7,0.57
HDmN,1,4,5,0.2
HDmP,2,4,6,0.33
HDmS,0,5,5,0.0
HDmb,5,3,8,0.62
HDml,3,2,5,0.6
HDmm,1,6,7,0.14
HDmn,1,2,3,0.33
HDms,1,1,2,0.5
HDnB,1,4,5,0.2
HDnD,1,1,2,0.5
HDnH,1,2,3,0.33
HDnI,1,0,1,1.0
HDnK,0,1,1,0.0
HDnM,4,2,6,0.67
HDnN,5,5,10,0.5
HDnP,5,6,11,0.45
HDnS,4,3,7,0.57
HDnb,3,4,7,0.43
HDnh,1,0,1,1.0
HDnl,1,1,2,0.5
HDnm,1,4,5,0.2
HDnn,5,1,6,0.83
HDns,0,0,0,
HDsB,1,1,2,0.5
HDsD,1,0,1,1.0
HDsH,1,3,4,0.25
HDsL,0,1,1,0.0
HDsM,2,3,5,0.4
HDsN,3,1,4,0.75
HDsP,1,6,7,0.14
HDsS,5,4,9,0.56
HDsb,2,1,3,0.67
HDsl,0,5,5,0.0
HDsm,2,2,4,0.5
HDsn,3,6,9,0.33
HDss,1,3,4,0.25
HDtM,0,1,1,0.0
HDtP,1,2,3,0.33
HDtS,1,0,1,1.0
HDtb,1,0,1,1.0
HDtm,0,0,0,
HDtn,0,0,0,
HDts,0,1,1,0.0
HHBB,3,4,7,0.43
HHBL,1,2,3,0.33
HHBM,1,4,5,0.2
HHBN,5,3,8,0.62
HHBP,3,5,8,0.38
HHBS,1,4,5,0.2
HHBb,2,1,3,0.67
HHBh,1,0,1,1.0
HHBj,0,2,2,0.0
HHBl,1,0,1,1.0
HHBm,5,1,6,0.83
HHBn,1,3,4,0.25
HHBs,1,2,3,0.33
HHBt,1,0,1,1.0
HHDB,1,0,1,1.0
HHDD,1,0,1,1.0
HHDH,1,0,1,1.0
HHDM,1,0,1,1.0
HHDN,1,0,1,1.0
HHDP,1,1,2,0.5
HHDS,1,3,4,0.25
HHDb,4,1,5,0.8
HHDl,0,1,1,0.0
HHDm,0,1,1,0.0
HHDn,1,1,2,0.5
HHDs,1,0,1,1.0
HHDt,1,1,2,0.5
HHHB,3,2,5,0.6
HHHH,1,0,1,1.0
HHHL,0,1,1,0.0
HHHM,0,0,0,
HHHN,3,1,4,0.75
HHHP,1,4,5,0.2
HHHS,2,3,5,0.4
HHHb,1,1,2,0.5
HHHh,0,0,0,
HHHl,1,0,1,1.0
HHHm,3,0,3,1.0
HHHn,0,3,3,0.0
HHHs,3,1,4,0.75
HHHt,0,0,0,
HHIB,0,1,1,0.0
HHIH,2,0,2,1.0
HHIM,0,1,1,0.0
HHIP,1,1,2,0.5
HHIl,1,0,1,1.0
HHIs,1,0,1,1.0
HHKL,2,0,2,1.0
HHKM,0,0,0,
HHKN,2,1,3,0.67
HHKP,0,1,1,0.0
HHKb,1,1,2,0.5
HHKh,1,0,1,1.0
HHKm,0,0,0,
HHKn,1,2,3,0.33
HHKs,1,0,1,1.0
HHLB,3,0,3,1.0
HHLK,1,0,1,1.0
HHLL,1,0,1,1.0
HHLM,2,0,2,1.0
HHLN,2,2,4,0.5
HHLP,5,1,6,0.83
HHLS,0,2,2,0.0
HHLb,1,0,1,1.0
HHLj,0,1,1,0.0
HHLm,2,1,3,0.67
HHLn,2,1,3,0.67
HHLs,0,0,0,
HHMB,3,3,6,0.5
HHMD,1,0,1,1.0
HHMK,0,1,1,0.0
HHML,0,1,1,0.0
HHMM,1,6,7,0.14
HHMN,6,5,11,0.55
HHMP,8,4,12,0.67
HHMS,5,3,8,0.62
HHMb,6,5,11,0.55
HHMh,1,3,4,0.25
HHMj,1,2,3,0.33
HHMl,4,0,4,1.0
HHMm,1,1,2,0.5
HHMn,5,4,9,0.56
HHMs,2,4,6,0.33
HHMt,2,0,2,1.0
HHNB,1,5,6,0.17
HHNH,1,0,1,1.0
HHNK,1,1,2,0.5
HHNL,4,0,4,1.0
HHNM,5,8,13,0.38
HHNN,3,9,12,0.25
HHNP,4,4,8,0.5
HHNS,4,7,11,0.36
HHNb,1,1,2,0.5
HHNh,2,1,3,0.67
HHNl,2,2,4,0.5
HHNm,4,2,6,0.67
HHNn,6,8,14,0.43
HHNs,3,4,7,0.43
HHNt,0,2,2,0.0
HHPB,3,5,8,0.38
HHPD,3,0,3,1.0
HHPH,2,4,6,0.33
HHPI,1,1,2,0.5
HHPK,1,2,3,0.33
HHPL,0,4,4,0.0
HHPM,5,3,8,0.62
HHPN,6,5,11,0.55
HHPP,9,6,15,0.6
HHPS,4,3,7,0.57
HHPb,4,4,8,0.5
HHPh,1,0,1,1.0
HHPl,3,4,7,0.43
HHPm,1,3,4,0.25
HHPn,9,6,15,0.6
HHPs,3,5,8,0.38
HHPt,1,0,1,1.0
HHSB,4,2,6,0.67
HHSD,1,1,2,0.5
HHSH,3,0,3,1.0
HHSL,2,1,3,0.67
HHSM,2,7,9,0.22
HHSN,6,2,8,0.75
HHSP,6,1,7,0.86
HHSS,7,5,12,0.58
HHSb,3,4,7,0.43
HHSh,2,2,4,0.5
HHSl,3,2,5,0.6
HHSm,4,8,12,0.33
HHSn,7,8,15,0.47
HHSs,7,7,14,0.5
HHSt,1,1,2,0.5
HHbB,8,1,9,0.89
HHbD,0,1,1,0.0
HHbH,0,3,3,0.0
HHbJ,1,0,1,1.0
HHbK,0,1,1,0.0
HHbL,3,0,3,1.0
HHbM,3,5,8,0.38
HHbN,4,4,8,0.5
HHbP,2,1,3,0.67
HHbS,3,6,9,0.33
HHbb,4,4,8,0.5
HHbl,1,0,1,1.0
HHbm,3,3,6,0.5
HHbn,3,2,5,0.6
HHbs,2,1,3,0.67
HHhD,0,0,0,
HHhL,1,0,1,1.0
HHhM,0,1,1,0.0
HHhN,0,1,1,0.0
HHhP,2,1,3,0.67
HHhS,3,1,4,0.75
HHhb,1,0,1,1.0
HHhh,0,0,0,
HHhm,3,1,4,0.75
HHhn,0,1,1,0.0
HHhs,2,2,4,0.5
HHlH,0,1,1,0.0
HHlJ,0,1,1,0.0
HHlL,1,1,2,0.5
HHlM,5,0,5,1.0
HHlN,2,2,4,0.5
HHlP,2,1,3,0.67
HHlS,1,1,2,0.5
HHlb,2,2,4,0.5
HHll,1,0,1,1.0
HHlm,0,2,2,0.0
HHln,2,2,4,0.5
HHls,2,0,2,1.0
HHmB,3,3,6,0.5
HHmD,1,1,2,0.5
HHmH,3,6,9,0.33
HHmJ,0,1,1,0.0
HHmL,1,0,1,1.0
HHmM,5,6,11,0.45
HHmN,1,5,6,0.17
HHmP,4,5,9,0.44
HHmS,0,4,4,0.0
HHmb,3,5,8,0.38
HHml,1,2,3,0.33
HHmm,1,2,3,0.33
HHmn,2,2,4,0.5
HHms,2,4,6,0.33
HHnB,5,2,7,0.71
HHnD,0,1,1,0.0
HHnH,3,3,6,0.5
HHnI,1,0,1,1.0
HHnK,0,1,1,0.0
HHnL,0,1,1,0.0
HHnM,4,7,11,0.36
HHnN,2,4,6,0.33
HHnP,7,7,14,0.5
HHnS,0,3,3,0.0
HHnb,5,2,7,0.71
HHnh,0,1,1,0.0
HHnl,1,3,4,0.25
HHnm,1,5,6,0.17
HHnn,4,6,10,0.4
HHns,2,3,5,0.4
HHsB,1,2,3,0.33
HHsD,2,1,3,0.67
HHsH,4,7,11,0.36
HHsI,1,0,1,1.0
HHsK,1,0,1,1.0
HHsL,1,2,3,0.33
HHsM,4,3,7,0.57
HHsN,5,4,9,0.56
HHsP,7,8,15,0.47
HHsS,6,3,9,0.67
HHsb,2,3,5,0.4
HHsh,0,0,0,
HHsl,1,3,4,0.25
HHsm,5,1,6,0.83
HHsn,0,2,2,0.0
HHss,3,5,8,0.38
HHtN,0,1,1,0.0
HHtP,0,0,0,
HHtS,1,0,1,1.0
HHtn,0,2,2,0.0
HIBB,3,3,6,0.5
HIBL,0,1,1,0.0
HIBM,1,1,2,0.5
HIBN,1,1,2,0.5
HIBP,0,1,1,0.0
HIBS,1,1,2,0.5
HIBb,1,1,2,0.5
HIBh,0,1,1,0.0
HIBl,1,0,1,1.0
HIBm,4,1,5,0.8
HIBn,2,3,5,0.4
HIBs,0,1,1,0.0
HIDB,1,0,1,1.0
HIDH,0,0,0,
HIDL,0,0,0,
HIDN,2,0,2,1.0
HIDS,0,1,1,0.0
HIDb,1,0,1,1.0
HIDl,1,0,1,1.0
HIDn,0,0,0,
HIHB,2,1,3,0.67
HIHI,0,0,0,
HIHL,0,2,2,0.0
HIHM,1,2,3,0.33
HIHN,2,2,4,0.5
HIHP,3,2,5,0.6
HIHS,1,1,2,0.5
HIHb,0,3,3,0.0
HIHh,0,1,1,0.0
HIHl,0,2,2,0.0
HIHm,4,1,5,0.8
HIHn,2,0,2,1.0
HIHs,2,0,2,1.0
HIHt,1,1,2,0.5
HIIB,1,0,1,1.0
HIIH,1,0,1,1.0
HIIN,1,0,1,1.0
HIIP,2,0,2,1.0
HIIb,1,0,1,1.0
HIIs,0,1,1,0.0
HILL,0,1,1,0.0
HILP,1,1,2,0.5
HILS,0,1,1,0.0
HILb,2,1,3,0.67
HILl,1,0,1,1.0
HILm,1,2,3,0.33
HILn,2,2,4,0.5
HIMB,0,1,1,0.0
HIMD,0,2,2,0.0
HIML,0,0,0,
HIMM,2,1,3,0.67
HIMN,1,2,3,0.33
HIMP,1,4,5,0.2
HIMS,0,2,2,0.0
HIMb,2,3,5,0.4
HIMh,4,5,9,0.44
HIMj,0,1,1,0.0
HIMl,2,1,3,0.67
HIMm,2,3,5,0.4
HIMn,3,6,9,0.33
HIMs,2,3,5,0.4
HIMt,0,1,1,0.0
HINB,4,2,6,0.67
HINH,0,1,1,0.0
HINK,1,0,1,1.0
HINL,1,2,3,0.33
HINM,0,1,1,0.0
HINN,1,2,3,0.33
HINP,1,2,3,0.33
HINS,2,3,5,0.4
HINb,1,2,3,0.33
HINh,1,0,1,1.0
HINl,1,0,1,1.0
HINm,2,2,4,0.5
HINn,3,2,5,0.6
HINs,2,1,3,0.67
HINt,1,0,1,1.0
HIPB,6,3,9,0.67
HIPD,1,0,1,1.0
HIPH,1,1,2,0.5
HIPI,0,1,1,0.0
HIPL,1,1,2,0.5
HIPM,6,3,9,0.67
HIPN,3,3,6,0.5
HIPP,3,2,5,0.6
HIPS,3,2,5,0.6
HIPb,3,5,8,0.38
HIPl,2,1,3,0.67
HIPm,3,4,7,0.43
HIPn,4,5,9,0.44
HIPs,1,0,1,1.0
HISB,2,0,2,1.0
HISD,0,0,0,
HISH,1,1,2,0.5
HISL,0,0,0,
HISM,0,4,4,0.0
HISN,2,1,3,0.67
HISP,2,3,5,0.4
HISS,1,4,5,0.2
HISb,0,0,0,
HISh,0,2,2,0.0
HISl,1,1,2,0.5
HISm,0,2,2,0.0
HISn,1,1,2,0.5
HISs,5,5,10,0.5
HISt,0,1,1,0.0
HIbB,3,3,6,0.5
HIbD,0,0,0,
HIbH,2,1,3,0.67
HIbJ,1,2,3,0.33
HIbL,1,0,1,1.0
HIbM,2,2,4,0.5
HIbN,1,1,2,0.5
HIbP,3,3,6,0.5
HIbS,0,5,5,0.0
HIbb,3,1,4,0.75
HIbm,1,0,1,1.0
HIbn,0,1,1,0.0
HIbs,1,3,4,0.25
HIlB,1,2,3,0.33
HIlM,2,1,3,0.67
HIlN,1,2,3,0.33
HIlP,1,0,1,1.0
HIlb,1,0,1,1.0
HIlm,1,0,1,1.0
HImB,2,0,2,1.0
HImH,0,1,1,0.0
HImL,1,0,1,1.0
HImM,4,4,8,0.5
HImN,2,3,5,0.4
HImP,1,3,4,0.25
HImS,1,3,4,0.25
HImb,3,2,5,0.6
HImm,1,3,4,0.25
HImn,3,1,4,0.75
HIms,1,2,3,0.33
HInB,0,1,1,0.0
HInD,2,1,3,0.67
HInH,0,2,2,0.0
HInI,1,0,1,1.0
HInK,0,1,1,0.0
HInL,0,2,2,0.0
HInM,4,2,6,0.67
HInN,3,5,8,0.38
HInP,3,2,5,0.6
HInS,0,0,0,
HInb,4,4,8,0.5
HInm,3,2,5,0.6
HInn,1,1,2,0.5
HIns,1,1,2,0.5
HIsB,2,0,2,1.0
HIsD,0,1,1,0.0
HIsH,2,2,4,0.5
HIsL,0,1,1,0.0
HIsM,3,0,3,1.0
HIsN,3,0,3,1.0
HIsP,1,2,3,0.33
HIsS,0,1,1,0.0
HIsb,0,2,2,0.0
HIsh,0,0,0,
HIsm,2,3,5,0.4
HIsn,2,2,4,0.5
HIss,1,2,3,0.33
HItD,1,0,1,1.0
HItm,1,1,2,0.5
HKBB,1,1,2,0.5
HKBK,1,0,1,1.0
HKBL,1,0,1,1.0
HKBM,0,2,2,0.0
HKBN,0,3,3,0.0
HKBP,2,0,2,1.0
HKBS,2,1,3,0.67
HKBb,3,1,4,0.75
HKBl,1,0,1,1.0
HKBm,1,2,3,0.33
HKBn,2,1,3,0.67
HKBs,0,1,1,0.0
HKDD,0,2,2,0.0
HKDN,0,2,2,0.0
HKDb,1,0,1,1.0
HKDl,0,1,1,0.0
HKHB,1,0,1,1.0
HKHN,0,1,1,0.0
HKHs,1,0,1,1.0
HKIM,1,1,2,0.5
HKKn,0,1,1,0.0
HKLL,1,0,1,1.0
HKLM,2,2,4,0.5
HKLN,1,2,3,0.33
HKLj,0,1,1,0.0
HKLl,0,2,2,0.0
HKLm,1,1,2,0.5
HKLn,2,1,3,0.67
HKLs,1,0,1,1.0
HKLt,1,0,1,1.0
HKMB,3,2,5,0.6
HKMD,0,1,1,0.0
HKMM,2,0,2,1.0
HKMN,5,0,5,1.0
HKMP,1,1,2,0.5
HKMS,0,2,2,0.0
HKMb,3,3,6,0.5
HKMh,1,2,3,0.33
HKMl,0,1,1,0.0
HKMm,2,1,3,0.67
HKMn,1,1,2,0.5
HKMs,1,0,1,1.0
HKNB,2,1,3,0.67
HKND,1,0,1,1.0
HKNH,0,0,0,
HKNL,1,0,1,1.0
HKNM,2,3,5,0.4
HKNN,2,0,2,1.0
HKNP,2,1,3,0.67
HKNS,3,1,4,0.75
HKNb,0,2,2,0.0
HKNh,0,1,1,0.0
HKNl,1,0,1,1.0
HKNm,3,2,5,0.6
HKNn,3,3,6,0.5
HKNs,1,0,1,1.0
HKPB,2,7,9,0.22
HKPD,0,0,0,
HKPK,0,1,1,0.0
HKPL,1,2,3,0.33
HKPM,5,1,6,0.83
HKPN,1,1,2,0.5
HKPP,4,7,11,0.36
HKPS,3,0,3,1.0
HKPb,4,3,7,0.57
HKPl,1,0,1,1.0
HKPm,6,2,8,0.75
HKPn,0,3,3,0.0
HKPs,3,0,3,1.0
HKSH,1,2,3,0.33
HKSL,2,2,4,0.5
HKSM,0,2,2,0.0
HKSN,1,1,2,0.5
HKSP,1,1,2,0.5
HKSS,1,5,6,0.17
HKSb,2,0,2,1.0
HKSl,0,0,0,
HKSm,1,2,3,0.33
HKSn,1,2,3,0.33
HKSs,2,1,3,0.67
HKSt,3,0,3,1.0
HKbB,4,2,6,0.67
HKbD,0,0,0,
HKbH,1,0,1,1.0
HKbI,2,0,2,1.0
HKbJ,0,1,1,0.0
HKbL,0,2,2,0.0
HKbM,1,3,4,0.25
HKbN,0,4,4,0.0
HKbP,2,3,5,0.4
HKbS,2,1,3,0.67
HKbb,1,1,2,0.5
HKbl,0,2,2,0.0
HKbm,0,1,1,0.0
HKbn,2,2,4,0.5
HKbs,1,2,3,0.33
HKhB,1,1,2,0.5
HKhD,0,1,1,0.0
HKhK,0,1,1,0.0
HKhL,0,1,1,0.0
HKhM,1,1,2,0.5
HKhN,1,0,1,1.0
HKhP,2,3,5,0.4
HKhS,2,3,5,0.4
HKhb,6,2,8,0.75
HKhh,2,2,4,0.5
HKhm,3,1,4,0.75
HKhn,0,1,1,0.0
HKht,0,0,0,
HKlH,1,1,2,0.5
HKlL,1,0,1,1.0
HKlN,1,0,1,1.0
HKlP,1,1,2,0.5
HKlS,1,1,2,0.5
HKlb,0,1,1,0.0
HKlm,1,1,2,0.5
HKln,1,1,2,0.5
HKmB,1,0,1,1.0
HKmH,1,1,2,0.5
HKmL,1,0,1,1.0
HKmM,2,2,4,0.5
HKmN,2,2,4,0.5
HKmP,1,2,3,0.33
HKmS,1,0,1,1.0
HKmb,3,2,5,0.6
HKml,3,1,4,0.75
HKmm,3,0,3,1.0
HKmn,2,3,5,0.4
HKms,3,0,3,1.0
HKnB,1,0,1,1.0
HKnH,3,1,4,0.75
HKnI,0,1,1,0.0
HKnM,1,2,3,0.33
HKnN,2,5,7,0.29
HKnP,3,2,5,0.6
HKnS,2,4,6,0.33
HKnb,0,0,0,
HKnl,1,1,2,0.5
HKnm,1,1,2,0.5
HKnn,1,0,1,1.0
HKns,1,3,4,0.25
HKsB,0,2,2,0.0
HKsH,0,2,2,0.0
HKsK,1,0,1,1.0
HKsM,3,0,3,1.0
HKsN,0,2,2,0.0
HKsP,4,2,6,0.67
HKsS,3,0,3,1.0
HKsb,0,2,2,0.0
HKsl,2,0,2,1.0
HKsm,3,2,5,0.6
HKsn,2,0,2,1.0
HKss,2,1,3,0.67
HKtD,1,0,1,1.0
HKtH,1,0,1,1.0
HKtM,1,2,3,0.33
HKtN,0,1,1,0.0
HKtP,1,1,2,0.5
HLBB,7,5,12,0.58
HLBD,1,0,1,1.0
HLBK,1,0,1,1.0
HLBL,5,2,7,0.71
HLBM,6,2,8,0.75
HLBN,8,7,15,0.53
HLBP,10,7,17,0.59
HLBS,4,1,5,0.8
HLBb,8,4,12,0.67
HLBh,1,2,3,0.33
HLBj,2,0,2,1.0
HLBl,3,1,4,0.75
HLBm,5,6,11,0.45
HLBn,7,5,12,0.58
HLBs,3,0,3,1.0
HLBt,1,0,1,1.0
HLDB,1,0,1,1.0
HLDH,2,2,4,0.5
HLDM,2,0,2,1.0
HLDN,0,2,2,0.0
HLDP,0,1,1,0.0
HLDS,1,2,3,0.33
HLDb,2,1,3,0.67
HLDl,1,0,1,1.0
HLDm,2,0,2,1.0
HLDn,2,1,3,0.67
HLDs,0,1,1,0.0
HLHN,0,1,1,0.0
HLKL,1,0,1,1.0
HLKM,0,0,0,
HLKN,0,1,1,0.0
HLKS,1,1,2,0.5
HLKb,0,2,2,0.0
HLKl,1,1,2,0.5
HLKm,1,1,2,0.5
HLKn,0,2,2,0.0
HLKs,2,0,2,1.0
HLLB,2,1,3,0.67
HLLD,0,0,0,
HLLL,0,2,2,0.0
HLLM,1,2,3,0.33
HLLN,1,0,1,1.0
HLLP,1,4,5,0.2
HLLS,7,2,9,0.78
HLLb,0,0,0,
HLLh,1,1,2,0.5
HLLj,2,0,2,1.0
HLLl,3,0,3,1.0
HLLm,4,6,10,0.4
HLLn,4,4,8,0.5
HLLs,2,3,5,0.4
HLLt,0,1,1,0.0
HLMB,12,9,21,0.57
HLMD,1,1,2,0.5
HLML,3,2,5,0.6
HLMM,5,12,17,0.29
HLMN,9,7,16,0.56
HLMP,9,9,18,0.5
HLMS,3,4,7,0.43
HLMb,12,11,23,0.52
HLMh,5,7,12,0.42
HLMj,2,1,3,0.67
HLMl,0,1,1,0.0
HLMm,6,7,13,0.46
HLMn,10,9,19,0.53
HLMs,4,7,11,0.36
HLMt,0,1,1,0.0
HLNB,8,4,12,0.67
HLND,1,0,1,1.0
HLNH,0,1,1,0.0
HLNK,1,0,1,1.0
HLNL,3,1,4,0.75
HLNM,6,5,11,0.55
HLNN,11,0,11,1.0
HLNP,9,13,22,0.41
HLNS,5,4,9,0.56
HLNb,6,3,9,0.67
HLNh,2,5,7,0.29
HLNm,7,10,17,0.41
HLNn,8,10,18,0.44
HLNs,5,7,12,0.42
HLNt,2,1,3,0.67
HLPB,7,9,16,0.44
HLPD,1,1,2,0.5
HLPH,2,2,4,0.5
HLPI,0,0,0,
HLPK,1,1,2,0.5
HLPL,1,5,6,0.17
HLPM,5,5,10,0.5
HLPN,8,7,15,0.53
HLPP,9,17,26,0.35
HLPS,7,13,20,0.35
HLPb,11,9,20,0.55
HLPh,0,0,0,
HLPl,3,7,10,0.3
HLPm,4,7,11,0.36
HLPn,4,12,16,0.25
HLPs,11,5,16,0.69
HLPt,0,2,2,0.0
HLSB,2,5,7,0.29
HLSD,0,0,0,
HLSH,0,2,2,0.0
HLSL,4,2,6,0.67
HLSM,0,9,9,0.0
HLSN,4,4,8,0.5
HLSP,7,3,10,0.7
HLSS,7,5,12,0.58
HLSb,7,7,14,0.5
HLSh,3,3,6,0.5
HLSl,3,3,6,0.5
HLSm,2,6,8,0.25
HLSn,10,6,16,0.62
HLSs,3,13,16,0.19
HLSt,1,0,1,1.0
HLbB,7,6,13,0.54
HLbD,0,1,1,0.0
HLbH,1,4,5,0.2
HLbJ,1,0,1,1.0
HLbK,2,0,2,1.0
HLbL,2,1,3,0.67
HLbM,8,5,13,0.62
HLbN,9,10,19,0.47
HLbP,8,7,15,0.53
HLbS,0,4,4,0.0
HLbb,4,7,11,0.36
HLbl,5,2,7,0.71
HLbm,3,8,11,0.27
HLbn,9,8,17,0.53
HLbs,4,5,9,0.44
HLhB,2,2,4,0.5
HLhD,1,0,1,1.0
HLhH,0,1,1,0.0
HLhI,1,0,1,1.0
HLhK,1,0,1,1.0
HLhL,1,1,2,0.5
HLhM,1,2,3,0.33
HLhN,7,1,8,0.88
HLhP,8,7,15,0.53
HLhS,2,3,5,0.4
HLhb,5,6,11,0.45
HLhh,6,4,10,0.6
HLhl,0,0,0,
HLhm,1,2,3,0.33
HLhn,5,4,9,0.56
HLhs,4,2,6,0.67
HLht,2,0,2,1.0
HLjB,1,1,2,0.5
HLjH,2,0,2,1.0
HLjK,2,0,2,1.0
HLjL,1,2,3,0.33
HLjM,2,3,5,0.4
HLjN,2,3,5,0.4
HLjP,5,4,9,0.56
HLjS,1,2,3,0.33
HLjb,4,0,4,1.0
HLjl,3,0,3,1.0
HLjm,2,1,3,0.67
HLjn,0,1,1,0.0
HLjs,1,3,4,0.25
HLlB,2,3,5,0.4
HLlH,1,1,2,0.5
HLlI,1,0,1,1.0
HLlJ,0,1,1,0.0
HLlL,0,0,0,
HLlM,3,8,11,0.27
HLlN,3,7,10,0.3
HLlP,5,5,10,0.5
HLlS,6,4,10,0.6
HLlb,3,5,8,0.38
HLll,1,0,1,1.0
HLlm,4,1,5,0.8
HLln,3,4,7,0.43
HLls,1,5,6,0.17
HLmB,11,7,18,0.61
HLmD,1,2,3,0.33
HLmH,7,7,14,0.5
HLmI,3,1,4,0.75
HLmJ,0,1,1,0.0
HLmL,2,4,6,0.33
HLmM,11,3,14,0.79
HLmN,2,4,6,0.33
HLmP,10,9,19,0.53
HLmS,3,7,10,0.3
HLmb,4,7,11,0.36
HLml,1,4,5,0.2
HLmm,10,6,16,0.62
HLmn,9,2,11,0.82
HLms,3,6,9,0.33
HLnB,11,8,19,0.58
HLnD,1,2,3,0.33
HLnH,6,8,14,0.43
HLnI,0,1,1,0.0
HLnK,0,1,1,0.0
HLnL,2,4,6,0.33
HLnM,5,8,13,0.38
HLnN,7,13,20,0.35
HLnP,17,20,37,0.46
HLnS,3,10,13,0.23
HLnb,13,6,19,0.68
HLnl,9,3,12,0.75
HLnm,10,6,16,0.62
HLnn,15,9,24,0.62
HLns,8,5,13,0.62
HLsB,3,4,7,0.43
HLsD,2,1,3,0.67
HLsH,6,3,9,0.67
HLsI,0,1,1,0.0
HLsL,2,1,3,0.67
HLsM,6,7,13,0.46
HLsN,6,4,10,0.6
HLsP,13,3,16,0.81
HLsS,5,4,9,0.56
HLsb,4,3,7,0.57
HLsh,0,1,1,0.0
HLsl,5,1,6,0.83
HLsm,2,1,3,0.67
HLsn,4,7,11,0.36
HLss,6,2,8,0.75
HLtH,0,0,0,
HLtL,0,0,0,
HLtM,0,1,1,0.0
HLtN,2,0,2,1.0
HLtP,1,5,6,0.17
HLtS,0,1,1,0.0
HLtb,1,4,5,0.2
HLtl,1,0,1,1.0
HLtm,0,2,2,0.0
HLtn,3,1,4,0.75
HLtt,1,0,1,1.0
HMBB,23,16,39,0.59
HMBD,1,3,4,0.25
HMBI,1,0,1,1.0
HMBK,0,3,3,0.0
HMBL,2,6,8,0.25
HMBM,17,17,34,0.5
HMBN,16,19,35,0.46
HMBP,25,25,50,0.5
HMBS,12,8,20,0.6
HMBb,15,18,33,0.45
HMBh,2,3,5,0.4
HMBj,2,6,8,0.25
HMBl,3,7,10,0.3
HMBm,16,12,28,0.57
HMBn,20,32,52,0.38
HMBs,12,8,20,0.6
HMBt,2,0,2,1.0
HMDD,3,2,5,0.6
HMDH,7,7,14,0.5
HMDL,1,0,1,1.0
HMDM,1,7,8,0.12
HMDN,3,1,4,0.75
HMDP,2,0,2,1.0
HMDS,0,7,7,0.0
HMDb,3,1,4,0.75
HMDl,3,0,3,1.0
HMDm,5,6,11,0.45
HMDn,1,4,5,0.2
HMDs,3,2,5,0.6
HMDt,1,0,1,1.0
HMHb,0,0,0,
HMHm,2,0,2,1.0
HMIN,0,1,1,0.0
HMIt,1,0,1,1.0
HMKH,0,1,1,0.0
HMKL,0,0,0,
HMKM,0,1,1,0.0
HMKN,1,1,2,0.5
HMKS,0,2,2,0.0
HMKh,1,0,1,1.0
HMKl,0,1,1,0.0
HMLB,2,8,10,0.2
HMLD,1,0,1,1.0
HMLK,0,0,0,
HMLL,3,2,5,0.6
HMLM,4,5,9,0.44
HMLN,10,5,15,0.67
HMLP,8,8,16,0.5
HMLS,6,6,12,0.5
HMLb,6,8,14,0.43
HMLh,0,1,1,0.0
HMLj,3,3,6,0.5
HMLl,1,3,4,0.25
HMLm,9,8,17,0.53
HMLn,7,13,20,0.35
HMLs,7,4,11,0.64
HMLt,3,0,3,1.0
HMMB,15,20,35,0.43
HMMD,1,5,6,0.17
HMMH,0,1,1,0.0
HMMK,0,1,1,0.0
HMML,4,7,11,0.36
HMMM,15,27,42,0.36
HMMN,13,29,42,0.31
HMMP,33,28,61,0.54
HMMS,9,19,28,0.32
HMMb,30,21,51,0.59
HMMh,13,15,28,0.46
HMMj,4,3,7,0.57
HMMl,5,9,14,0.36
HMMm,21,11,32,0.66
HMMn,30,35,65,0.46
HMMs,13,14,27,0.48
HMMt,3,0,3,1.0
HMNB,16,17,33,0.48
HMND,4,2,6,0.67
HMNH,3,0,3,1.0
HMNK,1,3,4,0.25
HMNL,7,8,15,0.47
HMNM,18,20,38,0.47
HMNN,31,31,62,0.5
HMNP,34,42,76,0.45
HMNS,15,14,29,0.52
HMNb,11,20,31,0.35
HMNh,7,8,15,0.47
HMNl,9,10,19,0.47
HMNm,20,23,43,0.47
HMNn,28,33,61,0.46
HMNs,15,8,23,0.65
HMNt,4,2,6,0.67
HMPB,21,16,37,0.57
HMPD,0,2,2,0.0
HMPH,6,7,13,0.46
HMPI,1,2,3,0.33
HMPK,3,3,6,0.5
HMPL,8,10,18,0.44
HMPM,25,22,47,0.53
HMPN,32,33,65,0.49
HMPP,39,32,71,0.55
HMPS,20,15,35,0.57
HMPb,25,24,49,0.51
HMPh,4,1,5,0.8
HMPl,9,13,22,0.41
HMPm,44,26,70,0.63
HMPn,25,32,57,0.44
HMPs,19,11,30,0.63
HMPt,6,4,10,0.6
HMSB,15,16,31,0.48
HMSD,2,1,3,0.67
HMSH,6,4,10,0.6
HMSI,1,0,1,1.0
HMSL,3,10,13,0.23
HMSM,15,19,34,0.44
HMSN,14,9,23,0.61
HMSP,20,9,29,0.69
HMSS,8,19,27,0.3
HMSb,13,9,22,0.59
HMSh,5,10,15,0.33
HMSl,9,7,16,0.56
HMSm,22,16,38,0.58
HMSn,22,19,41,0.54
HMSs,11,16,27,0.41
HMSt,3,1,4,0.75
HMbB,19,13,32,0.59
HMbD,1,0,1,1.0
HMbH,3,8,11,0.27
HMbI,2,1,3,0.67
HMbJ,8,7,15,0.53
HMbK,2,2,4,0.5
HMbL,8,3,11,0.73
HMbM,12,29,41,0.29
HMbN,30,29,59,0.51
HMbP,26,36,62,0.42
HMbS,14,12,26,0.54
HMbb,15,21,36,0.42
HMbl,12,4,16,0.75
HMbm,20,14,34,0.59
HMbn,17,27,44,0.39
HMbs,23,6,29,0.79
HMhB,12,7,19,0.63
HMhD,2,2,4,0.5
HMhH,5,5,10,0.5
HMhI,2,2,4,0.5
HMhL,7,5,12,0.58
HMhM,20,14,34,0.59
HMhN,17,22,39,0.44
HMhP,20,30,50,0.4
HMhS,18,15,33,0.55
HMhb,14,14,28,0.5
HMhh,19,17,36,0.53
HMhl,11,13,24,0.46
HMhm,21,18,39,0.54
HMhn,21,10,31,0.68
HMhs,14,14,28,0.5
HMht,2,1,3,0.67
HMjB,3,2,5,0.6
HMjD,0,0,0,
HMjH,3,0,3,1.0
HMjI,1,0,1,1.0
HMjK,1,0,1,1.0
HMjL,1,2,3,0.33
HMjM,5,7,12,0.42
HMjN,4,3,7,0.57
HMjP,6,8,14,0.43
HMjS,6,7,13,0.46
HMjb,4,3,7,0.57
HMjh,0,0,0,
HMjl,5,0,5,1.0
HMjm,5,3,8,0.62
HMjn,9,5,14,0.64
HMjs,3,5,8,0.38
HMjt,3,0,3,1.0
HMlB,3,7,10,0.3
HMlD,2,0,2,1.0
HMlH,7,8,15,0.47
HMlI,2,0,2,1.0
HMlJ,2,2,4,0.5
HMlK,1,1,2,0.5
HMlL,5,3,8,0.62
HMlM,13,6,19,0.68
HMlN,6,14,20,0.3
HMlP,14,14,28,0.5
HMlS,6,7,13,0.46
HMlb,9,3,12,0.75
HMll,3,5,8,0.38
HMlm,10,4,14,0.71
HMln,8,10,18,0.44
HMls,4,6,10,0.4
HMmB,19,16,35,0.54
HMmD,7,7,14,0.5
HMmH,18,17,35,0.51
HMmI,1,2,3,0.33
HMmJ,5,5,10,0.5
HMmK,0,1,1,0.0
HMmL,7,4,11,0.64
HMmM,26,20,46,0.57
HMmN,29,22,51,0.57
HMmP,33,17,50,0.66
HMmS,14,22,36,0.39
HMmb,15,20,35,0.43
HMml,5,7,12,0.42
HMmm,22,19,41,0.54
HMmn,24,19,43,0.56
HMms,17,14,31,0.55
HMnB,22,22,44,0.5
HMnD,2,5,7,0.29
HMnH,20,17,37,0.54
HMnI,4,3,7,0.57
HMnK,3,1,4,0.75
HMnL,13,5,18,0.72
HMnM,30,38,68,0.44
HMnN,36,46,82,0.44
HMnP,39,44,83,0.47
HMnS,19,24,43,0.44
HMnb,21,23,44,0.48
HMnh,1,3,4,0.25
HMnl,15,13,28,0.54
HMnm,33,28,61,0.54
HMnn,40,25,65,0.62
HMns,28,16,44,0.64
HMsB,8,11,19,0.42
HMsD,0,2,2,0.0
HMsH,12,15,27,0.44
HMsI,1,1,2,0.5
HMsK,0,1,1,0.0
HMsL,1,6,7,0.14
HMsM,11,9,20,0.55
HMsN,16,18,34,0.47
HMsP,16,12,28,0.57
HMsS,22,20,42,0.52
HMsb,14,14,28,0.5
HMsh,0,0,0,
HMsl,8,9,17,0.47
HMsm,12,7,19,0.63
HMsn,10,10,20,0.5
HMss,11,11,22,0.5
HMst,0,1,1,0.0
HMtB,3,3,6,0.5
HMtD,1,1,2,0.5
HMtH,0,1,1,0.0
HMtK,1,1,2,0.5
HMtL,1,0,1,1.0
HMtM,1,7,8,0.12
HMtN,1,4,5,0.2
HMtP,9,7,16,0.56
HMtS,0,1,1,0.0
HMtb,3,3,6,0.5
HMtl,0,1,1,0.0
HMtm,8,2,10,0.8
HMtn,5,4,9,0.56
HMts,4,2,6,0.67
HMtt,1,1,2,0.5
HNBB,10,7,17,0.59
HNBD,5,1,6,0.83
HNBH,1,0,1,1.0
HNBK,2,4,6,0.33
HNBL,4,8,12,0.33
HNBM,12,21,33,0.36
HNBN,10,17,27,0.37
HNBP,14,20,34,0.41
HNBS,10,9,19,0.53
HNBb,11,20,31,0.35
HNBh,3,1,4,0.75
HNBj,4,4,8,0.5
HNBl,4,6,10,0.4
HNBm,20,14,34,0.59
HNBn,16,30,46,0.35
HNBs,12,10,22,0.55
HNBt,6,5,11,0.55
HNDB,6,3,9,0.67
HNDD,0,2,2,0.0
HNDH,1,3,4,0.25
HNDK,0,1,1,0.0
HNDL,3,0,3,1.0
HNDM,4,5,9,0.44
HNDN,3,2,5,0.6
HNDP,3,3,6,0.5
HNDS,7,2,9,0.78
HNDb,0,1,1,0.0
HNDl,1,1,2,0.5
HNDm,7,3,10,0.7
HNDn,1,4,5,0.2
HNDs,3,2,5,0.6
HNHB,2,3,5,0.4
HNHD,0,1,1,0.0
HNHH,0,1,1,0.0
HNHI,1,2,3,0.33
HNHL,1,1,2,0.5
HNHM,4,4,8,0.5
HNHN,4,1,5,0.8
HNHP,6,3,9,0.67
HNHS,4,5,9,0.44
HNHb,4,3,7,0.57
HNHh,1,0,1,1.0
HNHl,2,1,3,0.67
HNHm,3,1,4,0.75
HNHn,5,1,6,0.83
HNHs,3,4,7,0.43
HNIL,0,1,1,0.0
HNIM,1,0,1,1.0
HNIP,2,0,2,1.0
HNIS,1,0,1,1.0
HNIb,0,0,0,
HNIs,0,0,0,
HNKB,2,3,5,0.4
HNKH,1,1,2,0.5
HNKL,1,0,1,1.0
HNKM,1,4,5,0.2
HNKN,1,4,5,0.2
HNKP,4,2,6,0.67
HNKS,1,2,3,0.33
HNKb,0,1,1,0.0
HNKh,0,1,1,0.0
HNKl,2,3,5,0.4
HNKm,3,5,8,0.38
HNKn,4,2,6,0.67
HNKs,2,0,2,1.0
HNKt,0,0,0,
HNLB,1,5,6,0.17
HNLD,1,0,1,1.0
HNLL,3,5,8,0.38
HNLM,3,9,12,0.25
HNLN,11,4,15,0.73
HNLP,8,8,16,0.5
HNLS,6,6,12,0.5
HNLb,6,9,15,0.4
HNLh,3,7,10,0.3
HNLj,2,1,3,0.67
HNLl,6,3,9,0.67
HNLm,9,5,14,0.64
HNLn,9,8,17,0.53
HNLs,3,3,6,0.5
HNLt,1,1,2,0.5
HNMB,11,17,28,0.39
HNMD,1,3,4,0.25
HNML,10,11,21,0.48
HNMM,12,22,34,0.35
HNMN,22,25,47,0.47
HNMP,21,23,44,0.48
HNMS,5,15,20,0.25
HNMb,18,18,36,0.5
HNMh,22,21,43,0.51
HNMj,9,4,13,0.69
HNMl,15,4,19,0.79
HNMm,30,21,51,0.59
HNMn,32,31,63,0.51
HNMs,11,13,24,0.46
HNMt,9,5,14,0.64
HNNB,16,15,31,0.52
HNND,4,1,5,0.8
HNNH,5,1,6,0.83
HNNK,3,3,6,0.5
HNNL,6,11,17,0.35
HNNM,26,26,52,0.5
HNNN,29,33,62,0.47
HNNP,37,52,89,0.42
HNNS,17,28,45,0.38
HNNb,23,18,41,0.56
HNNh,6,8,14,0.43
HNNl,14,7,21,0.67
HNNm,23,19,42,0.55
HNNn,26,48,74,0.35
HNNs,19,16,35,0.54
HNNt,5,2,7,0.71
HNPB,19,27,46,0.41
HNPD,2,4,6,0.33
HNPH,8,14,22,0.36
HNPI,4,2,6,0.67
HNPK,1,6,7,0.14
HNPL,14,15,29,0.48
HNPM,30,26,56,0.54
HNPN,39,35,74,0.53
HNPP,44,50,94,0.47
HNPS,26,21,47,0.55
HNPb,24,27,51,0.47
HNPh,4,6,10,0.4
HNPl,17,23,40,0.42
HNPm,38,36,74,0.51
HNPn,27,37,64,0.42
HNPs,20,23,43,0.47
HNPt,6,2,8,0.75
HNSB,15,15,30,0.5
HNSD,1,3,4,0.25
HNSH,3,8,11,0.27
HNSI,1,0,1,1.0
HNSK,0,1,1,0.0
HNSL,5,7,12,0.42
HNSM,13,15,28,0.46
HNSN,10,18,28,0.36
HNSP,16,18,34,0.47
HNSS,15,13,28,0.54
HNSb,12,10,22,0.55
HNSh,13,7,20,0.65
HNSl,8,5,13,0.62
HNSm,22,17,39,0.56
HNSn,27,22,49,0.55
HNSs,16,30,46,0.35
HNSt,2,3,5,0.4
HNbB,14,14,28,0.5
HNbD,3,4,7,0.43
HNbH,2,5,7,0.29
HNbI,3,1,4,0.75
HNbJ,7,3,10,0.7
HNbK,2,4,6,0.33
HNbL,10,9,19,0.53
HNbM,12,30,42,0.29
HNbN,28,25,53,0.53
HNbP,28,30,58,0.48
HNbS,11,15,26,0.42
HNbb,23,16,39,0.59
HNbl,9,3,12,0.75
HNbm,6,13,19,0.32
HNbn,31,15,46,0.67
HNbs,9,10,19,0.47
HNhB,3,7,10,0.3
HNhD,0,2,2,0.0
HNhH,0,3,3,0.0
HNhI,1,0,1,1.0
HNhL,1,2,3,0.33
HNhM,3,8,11,0.27
HNhN,4,8,12,0.33
HNhP,10,5,15,0.67
HNhS,9,5,14,0.64
HNhb,9,10,19,0.47
HNhh,5,9,14,0.36
HNhl,3,1,4,0.75
HNhm,11,9,20,0.55
HNhn,15,13,28,0.54
HNhs,10,6,16,0.62
HNht,2,0,2,1.0
HNlB,6,10,16,0.38
HNlD,0,0,0,
HNlH,9,7,16,0.56
HNlJ,4,4,8,0.5
HNlL,3,4,7,0.43
HNlM,6,11,17,0.35
HNlN,11,15,26,0.42
HNlP,16,15,31,0.52
HNlS,7,13,20,0.35
HNlb,11,8,19,0.58
HNll,3,2,5,0.6
HNlm,6,11,17,0.35
HNln,5,8,13,0.38
HNls,6,4,10,0.6
HNmB,13,14,27,0.48
HNmD,3,0,3,1.0
HNmH,17,22,39,0.44
HNmI,4,2,6,0.67
HNmJ,7,3,10,0.7
HNmL,6,9,15,0.4
HNmM,25,32,57,0.44
HNmN,21,30,51,0.41
HNmP,23,22,45,0.51
HNmS,14,12,26,0.54
HNmb,23,21,44,0.52
HNml,10,6,16,0.62
HNmm,19,14,33,0.58
HNmn,15,22,37,0.41
HNms,13,5,18,0.72
HNnB,22,12,34,0.65
HNnD,3,3,6,0.5
HNnH,13,18,31,0.42
HNnI,9,6,15,0.6
HNnK,0,5,5,0.0
HNnL,7,12,19,0.37
HNnM,28,30,58,0.48
HNnN,53,48,101,0.52
HNnP,44,36,80,0.55
HNnS,13,32,45,0.29
HNnb,24,22,46,0.52
HNnh,1,1,2,0.5
HNnl,12,16,28,0.43
HNnm,30,25,55,0.55
HNnn,34,34,68,0.5
HNns,33,21,54,0.61
HNnt,0,1,1,0.0
HNsB,14,9,23,0.61
HNsD,2,3,5,0.4
HNsH,11,11,22,0.5
HNsI,2,2,4,0.5
HNsK,1,0,1,1.0
HNsL,7,10,17,0.41
HNsM,14,22,36,0.39
HNsN,19,17,36,0.53
HNsP,14,19,33,0.42
HNsS,15,22,37,0.41
HNsb,14,5,19,0.74
HNsh,1,0,1,1.0
HNsl,12,5,17,0.71
HNsm,14,14,28,0.5
HNsn,16,15,31,0.52
HNss,17,11,28,0.61
HNst,1,0,1,1.0
HNtB,3,2,5,0.6
HNtH,3,2,5,0.6
HNtL,1,1,2,0.5
HNtM,6,3,9,0.67
HNtN,8,2,10,0.8
HNtP,4,6,10,0.4
HNtS,7,6,13,0.54
HNtb,1,3,4,0.25
HNtl,2,3,5,0.4
HNtm,7,4,11,0.64
HNtn,2,4,6,0.33
HNts,3,1,4,0.75
HPBB,15,20,35,0.43
HPBD,1,2,3,0.33
HPBH,1,0,1,1.0
HPBK,1,4,5,0.2
HPBL,11,16,27,0.41
HPBM,15,30,45,0.33
HPBN,21,17,38,0.55
HPBP,36,33,69,0.52
HPBS,15,10,25,0.6
HPBb,23,24,47,0.49
HPBh,3,2,5,0.6
HPBj,5,9,14,0.36
HPBl,12,12,24,0.5
HPBm,21,26,47,0.45
HPBn,22,24,46,0.48
HPBs,11,13,24,0.46
HPBt,1,3,4,0.25
HPDB,2,1,3,0.67
HPDD,1,1,2,0.5
HPDH,2,2,4,0.5
HPDL,0,4,4,0.0
HPDM,5,6,11,0.45
HPDN,1,0,1,1.0
HPDP,4,4,8,0.5
HPDS,5,2,7,0.71
HPDb,1,1,2,0.5
HPDl,0,0,0,
HPDm,3,2,5,0.6
HPDn,2,1,3,0.67
HPDs,5,5,10,0.5
HPDt,1,0,1,1.0
HPHB,12,6,18,0.67
HPHD,0,0,0,
HPHH,4,1,5,0.8
HPHI,0,0,0,
HPHK,2,0,2,1.0
HPHL,4,1,5,0.8
HPHM,7,10,17,0.41
HPHN,7,7,14,0.5
HPHP,12,8,20,0.6
HPHS,7,9,16,0.44
HPHb,6,8,14,0.43
HPHh,3,2,5,0.6
HPHl,3,4,7,0.43
HPHm,7,9,16,0.44
HPHn,4,8,12,0.33
HPHs,13,5,18,0.72
HPHt,1,1,2,0.5
HPIB,3,2,5,0.6
HPID,0,1,1,0.0
HPIH,1,1,2,0.5
HPIL,1,0,1,1.0
HPIM,6,4,10,0.6
HPIN,2,0,2,1.0
HPIP,8,5,13,0.62
HPIS,3,2,5,0.6
HPIb,5,2,7,0.71
HPIm,0,5,5,0.0
HPIn,4,3,7,0.57
HPIs,2,1,3,0.67
HPKB,4,3,7,0.57
HPKD,1,0,1,1.0
HPKI,1,0,1,1.0
HPKK,0,1,1,0.0
HPKL,1,0,1,1.0
HPKM,10,3,13,0.77
HPKN,0,1,1,0.0
HPKP,1,7,8,0.12
HPKS,4,1,5,0.8
HPKb,6,4,10,0.6
HPKh,3,7,10,0.3
HPKl,1,3,4,0.25
HPKm,8,3,11,0.73
HPKn,1,1,2,0.5
HPKs,3,0,3,1.0
HPKt,0,1,1,0.0
HPLB,6,15,21,0.29
HPLD,1,0,1,1.0
HPLH,1,0,1,1.0
HPLK,2,1,3,0.67
HPLL,4,6,10,0.4
HPLM,14,17,31,0.45
HPLN,6,11,17,0.35
HPLP,10,18,28,0.36
HPLS,8,12,20,0.4
HPLb,7,20,27,0.26
HPLh,4,5,9,0.44
HPLj,4,2,6,0.67
HPLl,8,10,18,0.44
HPLm,12,10,22,0.55
HPLn,23,18,41,0.56
HPLs,8,9,17,0.47
HPLt,1,1,2,0.5
HPMB,30,30,60,0.5
HPMD,5,4,9,0.56
HPMK,1,0,1,1.0
HPML,16,12,28,0.57
HPMM,40,34,74,0.54
HPMN,29,24,53,0.55
HPMP,37,36,73,0.51
HPMS,27,28,55,0.49
HPMb,33,33,66,0.5
HPMh,25,30,55,0.45
HPMj,6,7,13,0.46
HPMl,13,13,26,0.5
HPMm,39,31,70,0.56
HPMn,41,37,78,0.53
HPMs,19,23,42,0.45
HPMt,5,2,7,0.71
HPNB,22,20,42,0.52
HPND,4,2,6,0.67
HPNH,2,1,3,0.67
HPNK,1,4,5,0.2
HPNL,10,13,23,0.43
HPNM,21,30,51,0.41
HPNN,33,36,69,0.48
HPNP,52,44,96,0.54
HPNS,14,26,40,0.35
HPNb,29,35,64,0.45
HPNh,9,7,16,0.56
HPNl,21,11,32,0.66
HPNm,28,19,47,0.6
HPNn,40,44,84,0.48
HPNs,25,23,48,0.52
HPNt,5,6,11,0.45
HPPB,42,36,78,0.54
HPPD,10,4,14,0.71
HPPH,18,15,33,0.55
HPPI,4,1,5,0.8
HPPK,3,4,7,0.43
HPPL,27,23,50,0.54
HPPM,54,53,107,0.5
HPPN,39,26,65,0.6
HPPP,58,56,114,0.51
HPPS,37,40,77,0.48
HPPb,45,39,84,0.54
HPPh,4,6,10,0.4
HPPl,34,32,66,0.52
HPPm,42,40,82,0.51
HPPn,40,42,82,0.49
HPPs,35,21,56,0.62
HPPt,8,5,13,0.62
HPSB,15,13,28,0.54
HPSD,5,1,6,0.83
HPSH,5,9,14,0.36
HPSI,1,1,2,0.5
HPSK,0,3,3,0.0
HPSL,15,12,27,0.56
HPSM,30,23,53,0.57
HPSN,18,20,38,0.47
HPSP,33,31,64,0.52
HPSS,22,24,46,0.48
HPSb,16,14,30,0.53
HPSh,19,13,32,0.59
HPSl,12,9,21,0.57
HPSm,26,22,48,0.54
HPSn,32,29,61,0.52
HPSs,33,17,50,0.66
HPSt,5,4,9,0.56
HPbB,26,27,53,0.49
HPbD,4,2,6,0.67
HPbH,5,3,8,0.62
HPbI,1,2,3,0.33
HPbJ,7,7,14,0.5
HPbK,2,3,5,0.4
HPbL,14,10,24,0.58
HPbM,36,35,71,0.51
HPbN,38,32,70,0.54
HPbP,34,33,67,0.51
HPbS,25,18,43,0.58
HPbb,27,33,60,0.45
HPbl,9,16,25,0.36
HPbm,24,15,39,0.62
HPbn,26,19,45,0.58
HPbs,15,19,34,0.44
HPhB,3,3,6,0.5
HPhD,3,2,5,0.6
HPhH,0,3,3,0.0
HPhL,3,1,4,0.75
HPhM,6,4,10,0.6
HPhN,4,2,6,0.67
HPhP,8,6,14,0.57
HPhS,6,2,8,0.75
HPhb,2,4,6,0.33
HPhh,5,3,8,0.62
HPhl,0,4,4,0.0
HPhm,4,4,8,0.5
HPhn,1,3,4,0.25
HPhs,3,5,8,0.38
HPht,2,0,2,1.0
HPlB,13,9,22,0.59
HPlD,2,1,3,0.67
HPlH,7,10,17,0.41
HPlI,4,1,5,0.8
HPlJ,0,6,6,0.0
HPlK,2,1,3,0.67
HPlL,10,10,20,0.5
HPlM,22,11,33,0.67
HPlN,20,12,32,0.62
HPlP,14,16,30,0.47
HPlS,9,12,21,0.43
HPlb,20,16,36,0.56
HPll,6,6,12,0.5
HPlm,15,9,24,0.62
HPln,12,10,22,0.55
HPls,10,6,16,0.62
HPmB,20,21,41,0.49
HPmD,7,10,17,0.41
HPmH,23,22,45,0.51
HPmI,2,0,2,1.0
HPmJ,10,2,12,0.83
HPmK,0,1,1,0.0
HPmL,8,13,21,0.38
HPmM,29,45,74,0.39
HPmN,37,29,66,0.56
HPmP,39,20,59,0.66
HPmS,28,17,45,0.62
HPmb,47,29,76,0.62
HPml,14,13,27,0.52
HPmm,29,25,54,0.54
HPmn,29,13,42,0.69
HPms,11,11,22,0.5
HPnB,24,18,42,0.57
HPnD,4,1,5,0.8
HPnH,14,15,29,0.48
HPnI,3,4,7,0.43
HPnK,1,2,3,0.33
HPnL,15,15,30,0.5
HPnM,27,38,65,0.42
HPnN,29,32,61,0.48
HPnP,35,36,71,0.49
HPnS,31,16,47,0.66
HPnb,28,22,50,0.56
HPnh,1,0,1,1.0
HPnl,17,20,37,0.46
HPnm,27,21,48,0.56
HPnn,21,25,46,0.46
HPns,27,19,46,0.59
HPsB,14,14,28,0.5
HPsD,4,4,8,0.5
HPsH,20,18,38,0.53
HPsI,6,2,8,0.75
HPsK,2,2,4,0.5
HPsL,9,14,23,0.39
HPsM,25,22,47,0.53
HPsN,15,24,39,0.38
HPsP,25,29,54,0.46
HPsS,15,34,49,0.31
HPsb,18,14,32,0.56
HPsh,1,3,4,0.25
HPsl,8,6,14,0.57
HPsm,21,28,49,0.43
HPsn,18,13,31,0.58
HPss,10,13,23,0.43
HPst,1,1,2,0.5
HPtB,5,0,5,1.0
HPtD,1,0,1,1.0
HPtH,4,1,5,0.8
HPtI,0,1,1,0.0
HPtL,0,0,0,
HPtM,2,3,5,0.4
HPtN,2,2,4,0.5
HPtP,6,4,10,0.6
HPtS,1,3,4,0.25
HPtb,4,2,6,0.67
HPth,0,0,0,
HPtl,0,1,1,0.0
HPtm,3,2,5,0.6
HPtn,3,0,3,1.0
HPts,3,1,4,0.75
HPtt,1,1,2,0.5
HSBB,8,8,16,0.5
HSBD,2,2,4,0.5
HSBK,3,1,4,0.75
HSBL,3,5,8,0.38
HSBM,13,16,29,0.45
HSBN,11,4,15,0.73
HSBP,14,13,27,0.52
HSBS,5,7,12,0.42
HSBb,15,11,26,0.58
HSBh,0,0,0,
HSBj,4,2,6,0.67
HSBl,4,6,10,0.4
HSBm,10,16,26,0.38
HSBn,15,12,27,0.56
HSBs,7,12,19,0.37
HSBt,1,4,5,0.2
HSDB,1,0,1,1.0
HSDD,0,1,1,0.0
HSDH,2,2,4,0.5
HSDI,1,0,1,1.0
HSDL,1,0,1,1.0
HSDM,6,3,9,0.67
HSDN,2,2,4,0.5
HSDP,4,3,7,0.57
HSDS,3,2,5,0.6
HSDb,2,2,4,0.5
HSDl,2,2,4,0.5
HSDm,3,2,5,0.6
HSDn,0,1,1,0.0
HSDs,1,2,3,0.33
HSDt,0,0,0,
HSHB,7,2,9,0.78
HSHD,0,0,0,
HSHH,1,2,3,0.33
HSHI,0,0,0,
HSHK,0,1,1,0.0
HSHL,1,2,3,0.33
HSHM,3,7,10,0.3
HSHN,4,6,10,0.4
HSHP,4,5,9,0.44
HSHS,10,7,17,0.59
HSHb,6,2,8,0.75
HSHh,3,4,7,0.43
HSHl,2,4,6,0.33
HSHm,5,6,11,0.45
HSHn,5,6,11,0.45
HSHs,6,10,16,0.38
HSHt,1,0,1,1.0
HSIH,1,0,1,1.0
HSIP,0,1,1,0.0
HSIS,1,1,2,0.5
HSIb,1,0,1,1.0
HSIl,0,1,1,0.0
HSIm,1,0,1,1.0
HSIs,1,1,2,0.5
HSIt,1,0,1,1.0
HSKB,0,0,0,
HSKI,1,0,1,1.0
HSKM,1,0,1,1.0
HSKN,2,0,2,1.0
HSKS,1,2,3,0.33
HSKh,1,0,1,1.0
HSKl,0,1,1,0.0
HSKm,0,2,2,0.0
HSKn,0,2,2,0.0
HSKs,0,4,4,0.0
HSLB,6,9,15,0.4
HSLD,1,0,1,1.0
HSLK,2,0,2,1.0
HSLL,2,2,4,0.5
HSLM,1,9,10,0.1
HSLN,8,7,15,0.53
HSLP,6,7,13,0.46
HSLS,4,5,9,0.44
HSLb,2,3,5,0.4
HSLh,6,2,8,0.75
HSLj,3,2,5,0.6
HSLl,3,2,5,0.6
HSLm,3,4,7,0.43
HSLn,8,10,18,0.44
HSLs,1,6,7,0.14
HSLt,3,0,3,1.0
HSMB,10,14,24,0.42
HSMD,2,1,3,0.67
HSMK,1,1,2,0.5
HSML,6,5,11,0.55
HSMM,16,15,31,0.52
HSMN,20,14,34,0.59
HSMP,22,17,39,0.56
HSMS,20,20,40,0.5
HSMb,19,21,40,0.48
HSMh,9,15,24,0.38
HSMj,5,4,9,0.56
HSMl,5,6,11,0.45
HSMm,21,23,44,0.48
HSMn,24,26,50,0.48
HSMs,15,10,25,0.6
HSMt,2,1,3,0.67
HSNB,9,11,20,0.45
HSND,0,3,3,0.0
HSNH,2,3,5,0.4
HSNK,2,4,6,0.33
HSNL,7,6,13,0.54
HSNM,9,20,29,0.31
HSNN,13,17,30,0.43
HSNP,24,27,51,0.47
HSNS,18,17,35,0.51
HSNb,11,12,23,0.48
HSNh,6,1,7,0.86
HSNl,7,6,13,0.54
HSNm,12,8,20,0.6
HSNn,21,21,42,0.5
HSNs,15,9,24,0.62
HSNt,2,0,2,1.0
HSPB,12,12,24,0.5
HSPD,7,1,8,0.88
HSPH,4,8,12,0.33
HSPI,1,1,2,0.5
HSPK,5,10,15,0.33
HSPL,11,11,22,0.5
HSPM,17,17,34,0.5
HSPN,22,16,38,0.58
HSPP,26,27,53,0.49
HSPS,15,31,46,0.33
HSPb,18,17,35,0.51
HSPh,4,1,5,0.8
HSPl,12,9,21,0.57
HSPm,27,19,46,0.59
HSPn,13,20,33,0.39
HSPs,13,11,24,0.54
HSPt,3,4,7,0.43
HSSB,10,10,20,0.5
HSSD,7,8,15,0.47
HSSH,10,7,17,0.59
HSSI,1,1,2,0.5
HSSK,0,1,1,0.0
HSSL,14,3,17,0.82
HSSM,19,19,38,0.5
HSSN,10,11,21,0.48
HSSP,19,30,49,0.39
HSSS,34,27,61,0.56
HSSb,15,19,34,0.44
HSSh,14,17,31,0.45
HSSl,6,5,11,0.55
HSSm,27,17,44,0.61
HSSn,22,22,44,0.5
HSSs,36,15,51,0.71
HSSt,2,2,4,0.5
HSbB,10,7,17,0.59
HSbD,2,0,2,1.0
HSbH,4,3,7,0.57
HSbI,1,0,1,1.0
HSbJ,2,5,7,0.29
HSbK,2,2,4,0.5
HSbL,4,7,11,0.36
HSbM,15,15,30,0.5
HSbN,22,17,39,0.56
HSbP,17,17,34,0.5
HSbS,3,10,13,0.23
HSbb,19,9,28,0.68
HSbl,6,7,13,0.46
HSbm,9,13,22,0.41
HSbn,13,18,31,0.42
HSbs,4,5,9,0.44
HShB,5,4,9,0.56
HShD,0,1,1,0.0
HShH,2,4,6,0.33
HShI,3,2,5,0.6
HShK,1,1,2,0.5
HShL,7,6,13,0.54
HShM,11,12,23,0.48
HShN,10,4,14,0.71
HShP,12,8,20,0.6
HShS,17,9,26,0.65
HShb,8,14,22,0.36
HShh,16,11,27,0.59
HShl,5,6,11,0.45
HShm,12,4,16,0.75
HShn,12,16,28,0.43
HShs,9,9,18,0.5
HSht,1,2,3,0.33
HSlB,8,6,14,0.57
HSlD,3,1,4,0.75
HSlH,4,4,8,0.5
HSlJ,3,2,5,0.6
HSlK,0,3,3,0.0
HSlL,5,3,8,0.62
HSlM,10,6,16,0.62
HSlN,12,10,22,0.55
HSlP,9,7,16,0.56
HSlS,7,8,15,0.47
HSlb,11,4,15,0.73
HSll,3,6,9,0.33
HSlm,4,6,10,0.4
HSln,3,8,11,0.27
HSls,4,4,8,0.5
HSmB,9,14,23,0.39
HSmD,5,2,7,0.71
HSmH,16,15,31,0.52
HSmI,5,1,6,0.83
HSmJ,2,3,5,0.4
HSmK,2,0,2,1.0
HSmL,3,8,11,0.27
HSmM,17,15,32,0.53
HSmN,12,14,26,0.46
HSmP,13,19,32,0.41
HSmS,17,16,33,0.52
HSmb,13,14,27,0.48
HSml,8,3,11,0.73
HSmm,15,13,28,0.54
HSmn,11,16,27,0.41
HSms,10,8,18,0.56
HSnB,11,13,24,0.46
HSnD,2,5,7,0.29
HSnH,9,9,18,0.5
HSnI,1,3,4,0.25
HSnK,2,1,3,0.67
HSnL,8,7,15,0.53
HSnM,13,22,35,0.37
HSnN,23,13,36,0.64
HSnP,29,29,58,0.5
HSnS,18,20,38,0.47
HSnb,13,16,29,0.45
HSnh,1,0,1,1.0
HSnl,7,5,12,0.58
HSnm,15,14,29,0.52
HSnn,21,19,40,0.52
HSns,14,14,28,0.5
HSsB,9,9,18,0.5
HSsD,7,3,10,0.7
HSsH,14,18,32,0.44
HSsI,1,0,1,1.0
HSsK,0,0,0,
HSsL,6,10,16,0.38
HSsM,22,30,52,0.42
HSsN,15,18,33,0.45
HSsP,14,26,40,0.35
HSsS,32,30,62,0.52
HSsb,15,13,28,0.54
HSsh,1,3,4,0.25
HSsl,8,1,9,0.89
HSsm,21,25,46,0.46
HSsn,17,16,33,0.52
HSss,27,21,48,0.56
HSst,2,0,2,1.0
HStB,1,1,2,0.5
HStD,0,1,1,0.0
HStH,2,2,4,0.5
HStI,1,0,1,1.0
HStL,0,1,1,0.0
HStM,4,6,10,0.4
HStN,7,6,13,0.54
HStP,2,1,3,0.67
HStS,2,4,6,0.33
HStb,2,2,4,0.5
HStm,3,2,5,0.6
HStn,1,1,2,0.5
HSts,2,2,4,0.5
HbBB,14,20,34,0.41
HbBD,3,2,5,0.6
HbBH,0,1,1,0.0
HbBK,0,0,0,
HbBL,7,5,12,0.58
HbBM,17,16,33,0.52
HbBN,10,21,31,0.32
HbBP,22,25,47,0.47
HbBS,15,11,26,0.58
HbBb,18,16,34,0.53
HbBh,1,5,6,0.17
HbBj,4,8,12,0.33
HbBl,9,6,15,0.6
HbBm,14,14,28,0.5
HbBn,20,21,41,0.49
HbBs,6,5,11,0.55
HbBt,2,4,6,0.33
HbDB,4,3,7,0.57
HbDD,1,0,1,1.0
HbDH,2,5,7,0.29
HbDL,2,1,3,0.67
HbDM,4,1,5,0.8
HbDN,2,4,6,0.33
HbDP,1,3,4,0.25
HbDS,0,2,2,0.0
HbDb,3,3,6,0.5
HbDh,2,0,2,1.0
HbDl,2,0,2,1.0
HbDm,5,4,9,0.56
HbDn,2,1,3,0.67
HbDs,1,0,1,1.0
HbHB,5,2,7,0.71
HbHI,1,0,1,1.0
HbHK,1,1,2,0.5
HbHL,0,2,2,0.0
HbHM,11,10,21,0.52
HbHN,5,5,10,0.5
HbHP,7,9,16,0.44
HbHS,3,2,5,0.6
HbHb,5,5,10,0.5
HbHh,1,3,4,0.25
HbHl,0,2,2,0.0
HbHm,6,4,10,0.6
HbHn,5,5,10,0.5
HbHs,3,1,4,0.75
HbIB,1,1,2,0.5
HbID,0,1,1,0.0
HbIH,3,3,6,0.5
HbIL,2,1,3,0.67
HbIM,3,0,3,1.0
HbIN,1,1,2,0.5
HbIP,3,2,5,0.6
HbIS,1,1,2,0.5
HbIb,2,0,2,1.0
HbIm,1,0,1,1.0
HbIn,3,3,6,0.5
HbIs,2,1,3,0.67
HbJB,2,4,6,0.33
HbJH,4,2,6,0.67
HbJI,0,1,1,0.0
HbJK,4,0,4,1.0
HbJL,4,3,7,0.57
HbJM,6,8,14,0.43
HbJN,9,7,16,0.56
HbJP,3,5,8,0.38
HbJS,6,3,9,0.67
HbJb,7,6,13,0.54
HbJh,2,1,3,0.67
HbJl,5,1,6,0.83
HbJm,3,6,9,0.33
HbJn,4,3,7,0.57
HbJs,2,1,3,0.67
HbKB,3,1,4,0.75
HbKD,0,1,1,0.0
HbKH,1,0,1,1.0
HbKI,0,0,0,
HbKL,2,2,4,0.5
HbKM,0,2,2,0.0
HbKN,3,0,3,1.0
HbKP,1,5,6,0.17
HbKS,2,4,6,0.33
HbKb,2,2,4,0.5
HbKh,1,4,5,0.2
HbKl,1,1,2,0.5
HbKm,5,2,7,0.71
HbKn,2,3,5,0.4
HbKs,1,0,1,1.0
HbKt,0,1,1,0.0
HbLB,7,8,15,0.47
HbLD,1,0,1,1.0
HbLH,1,0,1,1.0
HbLK,1,0,1,1.0
HbLL,2,5,7,0.29
HbLM,10,4,14,0.71
HbLN,8,6,14,0.57
HbLP,18,8,26,0.69
HbLS,3,5,8,0.38
HbLb,11,9,20,0.55
HbLh,2,6,8,0.25
HbLj,0,2,2,0.0
HbLl,2,0,2,1.0
HbLm,8,10,18,0.44
HbLn,12,9,21,0.57
HbLs,4,11,15,0.27
HbLt,1,0,1,1.0
HbMB,19,9,28,0.68
HbMD,6,2,8,0.75
HbML,6,4,10,0.6
HbMM,16,20,36,0.44
HbMN,25,22,47,0.53
HbMP,28,15,43,0.65
HbMS,16,13,29,0.55
HbMb,20,16,36,0.56
HbMh,12,19,31,0.39
HbMj,6,4,10,0.6
HbMl,6,10,16,0.38
HbMm,25,19,44,0.57
HbMn,16,22,38,0.42
HbMs,15,14,29,0.52
HbMt,3,4,7,0.43
HbNB,22,15,37,0.59
HbND,2,2,4,0.5
HbNH,7,4,11,0.64
HbNK,4,0,4,1.0
HbNL,7,8,15,0.47
HbNM,30,23,53,0.57
HbNN,32,33,65,0.49
HbNP,33,37,70,0.47
HbNS,17,18,35,0.49
HbNb,20,17,37,0.54
HbNh,9,11,20,0.45
HbNl,4,12,16,0.25
HbNm,26,15,41,0.63
HbNn,30,38,68,0.44
HbNs,10,10,20,0.5
HbNt,7,6,13,0.54
HbPB,26,18,44,0.59
HbPD,2,5,7,0.29
HbPH,3,5,8,0.38
HbPI,1,1,2,0.5
HbPK,1,4,5,0.2
HbPL,15,10,25,0.6
HbPM,33,32,65,0.51
HbPN,18,31,49,0.37
HbPP,54,45,99,0.55
HbPS,14,14,28,0.5
HbPb,27,24,51,0.53
HbPh,4,3,7,0.57
HbPl,16,4,20,0.8
HbPm,20,26,46,0.43
HbPn,22,25,47,0.47
HbPs,12,16,28,0.43
HbPt,0,9,9,0.0
HbSB,9,8,17,0.53
HbSD,1,1,2,0.5
HbSH,7,2,9,0.78
HbSI,0,0,0,
HbSK,1,0,1,1.0
HbSL,3,4,7,0.43
HbSM,10,20,30,0.33
HbSN,7,10,17,0.41
HbSP,17,16,33,0.52
HbSS,13,10,23,0.57
HbSb,8,9,17,0.47
HbSh,8,8,16,0.5
HbSl,4,2,6,0.67
HbSm,11,8,19,0.58
HbSn,19,12,31,0.61
HbSs,6,10,16,0.38
HbSt,0,5,5,0.0
HbbB,22,26,48,0.46
HbbD,2,0,2,1.0
HbbH,6,6,12,0.5
HbbI,5,1,6,0.83
HbbJ,7,4,11,0.64
HbbK,0,1,1,0.0
HbbL,8,4,12,0.67
HbbM,23,23,46,0.5
HbbN,24,27,51,0.47
HbbP,34,21,55,0.62
HbbS,8,9,17,0.47
Hbbb,33,28,61,0.54
Hbbl,4,8,12,0.33
Hbbm,21,11,32,0.66
Hbbn,16,17,33,0.48
Hbbs,8,7,15,0.53
HbhI,0,1,1,0.0
Hbhm,1,0,1,1.0
HblB,6,5,11,0.55
HblD,1,0,1,1.0
HblH,4,0,4,1.0
HblJ,1,1,2,0.5
HblL,1,2,3,0.33
HblM,9,10,19,0.47
HblN,9,6,15,0.6
HblP,7,8,15,0.47
HblS,6,5,11,0.55
Hblb,8,8,16,0.5
Hbll,2,4,6,0.33
Hblm,3,5,8,0.38
Hbln,5,10,15,0.33
Hbls,3,2,5,0.6
HbmB,19,13,32,0.59
HbmD,4,1,5,0.8
HbmH,11,11,22,0.5
HbmJ,5,2,7,0.71
HbmK,0,1,1,0.0
HbmL,6,4,10,0.6
HbmM,21,18,39,0.54
HbmN,16,22,38,0.42
HbmP,27,13,40,0.68
HbmS,5,11,16,0.31
Hbmb,15,17,32,0.47
Hbml,4,1,5,0.8
Hbmm,13,13,26,0.5
Hbmn,19,13,32,0.59
Hbms,6,4,10,0.6
Hbmt,0,1,1,0.0
HbnB,11,17,28,0.39
HbnD,1,1,2,0.5
HbnH,4,7,11,0.36
HbnI,2,2,4,0.5
HbnK,2,1,3,0.67
HbnL,9,6,15,0.6
HbnM,18,24,42,0.43
HbnN,16,24,40,0.4
HbnP,38,23,61,0.62
HbnS,13,15,28,0.46
Hbnb,30,21,51,0.59
Hbnh,1,0,1,1.0
Hbnl,8,4,12,0.67
Hbnm,21,9,30,0.7
Hbnn,18,18,36,0.5
Hbns,12,6,18,0.67
HbsB,7,5,12,0.58
HbsD,2,2,4,0.5
HbsH,7,9,16,0.44
HbsI,1,2,3,0.33
HbsK,0,3,3,0.0
HbsL,10,2,12,0.83
HbsM,11,17,28,0.39
HbsN,9,13,22,0.41
HbsP,16,14,30,0.53
HbsS,6,10,16,0.38
Hbsb,7,11,18,0.39
Hbsl,2,3,5,0.4
Hbsm,14,6,20,0.7
Hbsn,11,8,19,0.58
Hbss,6,6,12,0.5
Hbst,0,0,0,
HhBB,7,4,11,0.64
HhBD,1,0,1,1.0
HhBK,2,0,2,1.0
HhBL,0,2,2,0.0
HhBM,7,8,15,0.47
HhBN,4,7,11,0.36
HhBP,7,7,14,0.5
HhBS,3,1,4,0.75
HhBb,11,6,17,0.65
HhBj,0,2,2,0.0
HhBl,1,1,2,0.5
HhBm,3,6,9,0.33
HhBn,4,4,8,0.5
HhBs,3,2,5,0.6
HhDD,0,0,0,
HhDH,2,2,4,0.5
HhDM,1,1,2,0.5
HhDN,0,0,0,
HhDP,1,2,3,0.33
HhDS,2,1,3,0.67
HhDb,2,2,4,0.5
HhDm,2,3,5,0.4
HhDn,1,1,2,0.5
HhDs,1,2,3,0.33
HhHB,0,1,1,0.0
HhHD,1,0,1,1.0
HhHH,0,0,0,
HhHL,0,1,1,0.0
HhHM,7,2,9,0.78
HhHN,1,2,3,0.33
HhHP,2,1,3,0.67
HhHS,0,3,3,0.0
HhHb,4,1,5,0.8
HhHh,3,1,4,0.75
HhHl,0,0,0,
HhHm,5,1,6,0.83
HhHn,3,3,6,0.5
HhHs,3,5,8,0.38
HhIH,3,0,3,1.0
HhIM,1,1,2,0.5
HhIN,2,0,2,1.0
HhIP,1,1,2,0.5
HhIS,1,0,1,1.0
HhIm,1,0,1,1.0
HhIn,1,0,1,1.0
HhKM,0,1,1,0.0
HhKN,2,0,2,1.0
HhKP,0,0,0,
HhKS,0,0,0,
HhKb,1,0,1,1.0
HhKm,2,0,2,1.0
HhKs,0,1,1,0.0
HhLB,3,1,4,0.75
HhLD,0,1,1,0.0
HhLL,1,3,4,0.25
HhLM,2,4,6,0.33
HhLN,2,6,8,0.25
HhLP,6,2,8,0.75
HhLS,1,6,7,0.14
HhLb,1,2,3,0.33
HhLj,0,1,1,0.0
HhLl,1,4,5,0.2
HhLm,5,4,9,0.56
HhLn,6,7,13,0.46
HhLs,3,3,6,0.5
HhMB,9,5,14,0.64
HhMD,1,2,3,0.33
HhMH,1,0,1,1.0
HhMK,0,1,1,0.0
HhML,6,2,8,0.75
HhMM,8,11,19,0.42
HhMN,7,8,15,0.47
HhMP,10,10,20,0.5
HhMS,6,11,17,0.35
HhMb,8,11,19,0.42
HhMh,7,16,23,0.3
HhMl,7,7,14,0.5
HhMm,10,11,21,0.48
HhMn,9,9,18,0.5
HhMs,7,6,13,0.54
HhMt,1,0,1,1.0
HhNB,3,4,7,0.43
HhND,0,0,0,
HhNH,0,2,2,0.0
HhNK,1,2,3,0.33
HhNL,4,2,6,0.67
HhNM,7,8,15,0.47
HhNN,8,12,20,0.4
HhNP,8,13,21,0.38
HhNS,4,4,8,0.5
HhNb,11,3,14,0.79
HhNh,1,2,3,0.33
HhNl,1,5,6,0.17
HhNm,7,7,14,0.5
HhNn,8,11,19,0.42
HhNs,6,6,12,0.5
HhNt,1,1,2,0.5
HhPB,10,8,18,0.56
HhPD,4,1,5,0.8
HhPH,4,6,10,0.4
HhPI,2,1,3,0.67
HhPK,1,3,4,0.25
HhPL,1,5,6,0.17
HhPM,12,20,32,0.38
HhPN,12,15,27,0.44
HhPP,12,24,36,0.33
HhPS,9,3,12,0.75
HhPb,18,6,24,0.75
HhPh,3,1,4,0.75
HhPl,3,5,8,0.38
HhPm,15,14,29,0.52
HhPn,11,12,23,0.48
HhPs,14,8,22,0.64
HhPt,3,1,4,0.75
HhSB,4,4,8,0.5
HhSD,0,2,2,0.0
HhSH,4,2,6,0.67
HhSI,1,0,1,1.0
HhSK,1,1,2,0.5
HhSL,2,1,3,0.67
HhSM,7,10,17,0.41
HhSN,9,11,20,0.45
HhSP,10,6,16,0.62
HhSS,7,11,18,0.39
HhSb,10,8,18,0.56
HhSh,4,6,10,0.4
HhSl,5,4,9,0.56
HhSm,13,7,20,0.65
HhSn,7,13,20,0.35
HhSs,9,10,19,0.47
HhSt,1,4,5,0.2
HhbB,7,10,17,0.41
HhbD,2,1,3,0.67
HhbH,3,2,5,0.6
HhbI,2,0,2,1.0
HhbJ,0,3,3,0.0
HhbK,1,0,1,1.0
HhbL,4,5,9,0.44
HhbM,11,8,19,0.58
HhbN,11,5,16,0.69
HhbP,11,13,24,0.46
HhbS,11,5,16,0.69
Hhbb,7,8,15,0.47
Hhbh,1,0,1,1.0
Hhbl,2,1,3,0.67
Hhbm,5,6,11,0.45
Hhbn,6,14,20,0.3
Hhbs,4,2,6,0.67
HhhB,9,4,13,0.69
HhhD,0,1,1,0.0
HhhH,3,5,8,0.38
HhhL,1,4,5,0.2
HhhM,6,8,14,0.43
HhhN,6,5,11,0.55
HhhP,10,4,14,0.71
HhhS,7,11,18,0.39
Hhhb,8,10,18,0.44
Hhhh,8,6,14,0.57
Hhhl,4,4,8,0.5
Hhhm,10,3,13,0.77
Hhhn,6,6,12,0.5
Hhhs,8,7,15,0.53
HhlB,0,4,4,0.0
HhlD,0,1,1,0.0
HhlH,4,1,5,0.8
HhlJ,2,1,3,0.67
HhlK,0,1,1,0.0
HhlL,1,1,2,0.5
HhlM,5,11,16,0.31
HhlN,7,4,11,0.64
HhlP,7,4,11,0.64
HhlS,6,5,11,0.55
Hhlb,1,6,7,0.14
Hhll,4,1,5,0.8
Hhlm,13,2,15,0.87
Hhln,1,1,2,0.5
Hhls,2,5,7,0.29
HhmB,11,4,15,0.73
HhmD,2,0,2,1.0
HhmH,5,8,13,0.38
HhmJ,0,1,1,0.0
HhmL,3,5,8,0.38
HhmM,12,18,30,0.4
HhmN,7,6,13,0.54
HhmP,15,9,24,0.62
HhmS,7,4,11,0.64
Hhmb,9,8,17,0.53
Hhmh,0,1,1,0.0
Hhml,4,2,6,0.67
Hhmm,16,11,27,0.59
Hhmn,5,4,9,0.56
Hhms,7,4,11,0.64
HhnB,10,7,17,0.59
HhnD,1,0,1,1.0
HhnH,5,1,6,0.83
HhnI,1,1,2,0.5
HhnK,1,0,1,1.0
HhnL,3,4,7,0.43
HhnM,2,11,13,0.15
HhnN,7,9,16,0.44
HhnP,10,14,24,0.42
HhnS,15,9,24,0.62
Hhnb,5,6,11,0.45
Hhnl,1,3,4,0.25
Hhnm,11,11,22,0.5
Hhnn,8,11,19,0.42
Hhns,9,5,14,0.64
HhsB,4,4,8,0.5
HhsD,2,1,3,0.67
HhsH,7,11,18,0.39
HhsI,2,2,4,0.5
HhsK,0,1,1,0.0
HhsL,3,3,6,0.5
HhsM,12,13,25,0.48
HhsN,7,3,10,0.7
HhsP,10,10,20,0.5
HhsS,10,15,25,0.4
Hhsb,2,5,7,0.29
Hhsh,0,0,0,
Hhsl,1,3,4,0.25
Hhsm,7,6,13,0.54
Hhsn,10,5,15,0.67
Hhss,8,14,22,0.36
HhtB,0,2,2,0.0
HhtD,1,0,1,1.0
HhtH,1,0,1,1.0
HhtL,0,1,1,0.0
HhtM,1,2,3,0.33
HhtN,1,0,1,1.0
HhtP,1,1,2,0.5
HhtS,1,2,3,0.33
Hhtb,1,2,3,0.33
Hhtl,1,0,1,1.0
Hhtm,1,0,1,1.0
Hhtn,1,1,2,0.5
Hhts,1,1,2,0.5
HlBB,6,5,11,0.55
HlBD,3,0,3,1.0
HlBK,1,0,1,1.0
HlBL,2,2,4,0.5
HlBM,6,6,12,0.5
HlBN,6,7,13,0.46
HlBP,3,13,16,0.19
HlBS,2,10,12,0.17
HlBb,10,5,15,0.67
HlBh,1,2,3,0.33
HlBj,4,0,4,1.0
HlBl,6,4,10,0.6
HlBm,7,9,16,0.44
HlBn,13,8,21,0.62
HlBs,4,6,10,0.4
HlBt,3,2,5,0.6
HlDB,2,2,4,0.5
HlDH,0,1,1,0.0
HlDL,1,1,2,0.5
HlDM,1,0,1,1.0
HlDN,2,1,3,0.67
HlDP,1,1,2,0.5
HlDS,1,1,2,0.5
HlDb,0,0,0,
HlDl,0,0,0,
HlDn,0,2,2,0.0
HlDs,4,1,5,0.8
HlDt,0,1,1,0.0
HlHB,7,6,13,0.54
HlHD,1,0,1,1.0
HlHH,1,0,1,1.0
HlHK,1,1,2,0.5
HlHL,3,3,6,0.5
HlHM,6,4,10,0.6
HlHN,5,6,11,0.45
HlHP,4,9,13,0.31
HlHS,4,4,8,0.5
HlHb,5,9,14,0.36
HlHh,3,3,6,0.5
HlHl,1,2,3,0.33
HlHm,8,4,12,0.67
HlHn,2,5,7,0.29
HlHs,5,1,6,0.83
HlHt,2,0,2,1.0
HlIH,1,0,1,1.0
HlIM,0,1,1,0.0
HlIN,1,2,3,0.33
HlIP,0,2,2,0.0
HlIS,0,1,1,0.0
HlIb,0,1,1,0.0
HlIm,1,0,1,1.0
HlIn,1,0,1,1.0
HlIs,2,0,2,1.0
HlJB,0,1,1,0.0
HlJD,2,0,2,1.0
HlJH,2,1,3,0.67
HlJI,0,1,1,0.0
HlJL,0,0,0,
HlJM,0,3,3,0.0
HlJN,3,1,4,0.75
HlJP,1,2,3,0.33
HlJS,0,3,3,0.0
HlJb,3,3,6,0.5
HlJm,3,6,9,0.33
HlJn,2,3,5,0.4
HlJs,1,2,3,0.33
HlJt,1,0,1,1.0
HlKB,0,1,1,0.0
HlKM,1,0,1,1.0
HlKP,1,1,2,0.5
HlKS,0,0,0,
HlKh,1,0,1,1.0
HlKl,1,2,3,0.33
HlKn,2,1,3,0.67
HlLB,0,5,5,0.0
HlLD,0,0,0,
HlLL,2,4,6,0.33
HlLM,6,6,12,0.5
HlLN,3,4,7,0.43
HlLP,2,4,6,0.33
HlLS,4,1,5,0.8
HlLb,2,3,5,0.4
HlLh,2,0,2,1.0
HlLj,1,3,4,0.25
HlLl,1,2,3,0.33
HlLm,4,3,7,0.57
HlLn,6,5,11,0.55
HlLs,5,1,6,0.83
HlLt,1,0,1,1.0
HlMB,3,5,8,0.38
HlMD,1,1,2,0.5
HlML,1,3,4,0.25
HlMM,7,15,22,0.32
HlMN,12,13,25,0.48
HlMP,8,15,23,0.35
HlMS,13,10,23,0.57
HlMb,10,6,16,0.62
HlMh,4,11,15,0.27
HlMj,2,3,5,0.4
HlMl,8,2,10,0.8
HlMm,8,11,19,0.42
HlMn,11,16,27,0.41
HlMs,7,9,16,0.44
HlMt,2,1,3,0.67
HlNB,6,9,15,0.4
HlND,1,1,2,0.5
HlNH,2,4,6,0.33
HlNK,3,0,3,1.0
HlNL,3,1,4,0.75
HlNM,8,10,18,0.44
HlNN,13,12,25,0.52
HlNP,20,15,35,0.57
HlNS,4,13,17,0.24
HlNb,5,15,20,0.25
HlNh,2,3,5,0.4
HlNl,4,3,7,0.57
HlNm,12,8,20,0.6
HlNn,14,12,26,0.54
HlNs,8,7,15,0.53
HlNt,3,2,5,0.6
HlPB,10,9,19,0.53
HlPD,1,0,1,1.0
HlPH,4,4,8,0.5
HlPI,0,1,1,0.0
HlPK,1,1,2,0.5
HlPL,3,1,4,0.75
HlPM,12,8,20,0.6
HlPN,10,14,24,0.42
HlPP,18,15,33,0.55
HlPS,6,10,16,0.38
HlPb,13,11,24,0.54
HlPh,2,2,4,0.5
HlPl,12,10,22,0.55
HlPm,12,7,19,0.63
HlPn,11,9,20,0.55
HlPs,9,8,17,0.53
HlPt,2,3,5,0.4
HlSB,2,1,3,0.67
HlSD,0,1,1,0.0
HlSH,4,4,8,0.5
HlSL,0,4,4,0.0
HlSM,7,7,14,0.5
HlSN,0,11,11,0.0
HlSP,7,9,16,0.44
HlSS,7,5,12,0.58
HlSb,4,6,10,0.4
HlSh,6,4,10,0.6
HlSl,5,4,9,0.56
HlSm,5,3,8,0.62
HlSn,8,8,16,0.5
HlSs,5,3,8,0.62
HlSt,0,3,3,0.0
HlbB,14,10,24,0.58
HlbD,0,1,1,0.0
HlbH,1,1,2,0.5
HlbI,1,0,1,1.0
HlbJ,2,0,2,1.0
HlbK,1,1,2,0.5
HlbL,6,1,7,0.86
HlbM,8,3,11,0.73
HlbN,16,13,29,0.55
HlbP,8,15,23,0.35
HlbS,4,10,14,0.29
Hlbb,19,15,34,0.56
Hlbl,4,1,5,0.8
Hlbm,15,9,24,0.62
Hlbn,7,8,15,0.47
Hlbs,4,3,7,0.57
HlhM,0,1,1,0.0
Hlht,1,0,1,1.0
HllB,2,2,4,0.5
HllH,4,4,8,0.5
HllI,0,1,1,0.0
HllJ,0,1,1,0.0
HllL,1,1,2,0.5
HllM,6,6,12,0.5
HllN,7,8,15,0.47
HllP,6,3,9,0.67
HllS,2,4,6,0.33
Hllb,3,5,8,0.38
Hlll,2,0,2,1.0
Hllm,3,0,3,1.0
Hlln,4,4,8,0.5
Hlls,4,0,4,1.0
HlmB,9,5,14,0.64
HlmD,3,3,6,0.5
HlmH,4,6,10,0.4
HlmI,0,1,1,0.0
HlmJ,1,1,2,0.5
HlmK,0,1,1,0.0
HlmL,2,1,3,0.67
HlmM,7,14,21,0.33
HlmN,5,12,17,0.29
HlmP,4,10,14,0.29
HlmS,4,6,10,0.4
Hlmb,10,6,16,0.62
Hlml,5,2,7,0.71
Hlmm,3,5,8,0.38
Hlmn,5,6,11,0.45
Hlms,5,3,8,0.62
HlnB,3,3,6,0.5
HlnD,1,0,1,1.0
HlnH,5,5,10,0.5
HlnI,1,0,1,1.0
HlnL,2,4,6,0.33
HlnM,6,10,16,0.38
HlnN,10,8,18,0.56
HlnP,13,13,26,0.5
HlnS,2,4,6,0.33
Hlnb,6,6,12,0.5
Hlnl,2,2,4,0.5
Hlnm,4,7,11,0.36
Hlnn,10,6,16,0.62
Hlns,7,9,16,0.44
HlsB,6,3,9,0.67
HlsH,3,6,9,0.33
HlsI,0,1,1,0.0
HlsL,2,1,3,0.67
HlsM,5,7,12,0.42
HlsN,10,3,13,0.77
HlsP,9,7,16,0.56
HlsS,6,1,7,0.86
Hlsb,8,3,11,0.73
Hlsl,7,1,8,0.88
Hlsm,8,3,11,0.73
Hlsn,7,6,13,0.54
Hlss,5,3,8,0.62
HmBB,10,16,26,0.38
HmBD,4,1,5,0.8
HmBH,2,0,2,1.0
HmBK,0,5,5,0.0
HmBL,8,5,13,0.62
HmBM,12,15,27,0.44
HmBN,20,19,39,0.51
HmBP,23,18,41,0.56
HmBS,17,9,26,0.65
HmBb,15,15,30,0.5
HmBh,1,0,1,1.0
HmBj,2,2,4,0.5
HmBl,10,3,13,0.77
HmBm,23,15,38,0.61
HmBn,30,20,50,0.6
HmBs,11,7,18,0.61
HmBt,0,4,4,0.0
HmDB,6,2,8,0.75
HmDD,0,1,1,0.0
HmDH,0,3,3,0.0
HmDK,0,0,0,
HmDL,2,4,6,0.33
HmDM,7,3,10,0.7
HmDN,2,3,5,0.4
HmDP,2,3,5,0.4
HmDS,6,3,9,0.67
HmDb,4,4,8,0.5
HmDl,0,1,1,0.0
HmDm,9,4,13,0.69
HmDn,5,7,12,0.42
HmDs,0,4,4,0.0
HmDt,1,1,2,0.5
HmHB,9,15,24,0.38
HmHD,4,3,7,0.57
HmHH,3,2,5,0.6
HmHI,0,0,0,
HmHK,1,0,1,1.0
HmHL,5,5,10,0.5
HmHM,17,18,35,0.49
HmHN,9,22,31,0.29
HmHP,20,21,41,0.49
HmHS,9,9,18,0.5
HmHb,12,15,27,0.44
HmHh,10,14,24,0.42
HmHl,5,10,15,0.33
HmHm,13,15,28,0.46
HmHn,17,15,32,0.53
HmHs,9,10,19,0.47
HmHt,1,1,2,0.5
HmIB,2,1,3,0.67
HmIH,1,1,2,0.5
HmIL,1,1,2,0.5
HmIM,3,3,6,0.5
HmIP,2,1,3,0.67
HmIS,0,2,2,0.0
HmIb,0,2,2,0.0
HmIl,0,1,1,0.0
HmIn,2,1,3,0.67
HmJB,6,2,8,0.75
HmJD,3,0,3,1.0
HmJH,1,0,1,1.0
HmJL,1,2,3,0.33
HmJM,8,6,14,0.57
HmJN,7,4,11,0.64
HmJP,2,3,5,0.4
HmJS,1,6,7,0.14
HmJb,3,5,8,0.38
HmJh,1,0,1,1.0
HmJl,0,0,0,
HmJm,3,2,5,0.6
HmJn,6,1,7,0.86
HmJs,2,3,5,0.4
HmKb,0,1,1,0.0
HmKh,1,0,1,1.0
HmKn,0,1,1,0.0
HmKs,1,0,1,1.0
HmLB,8,6,14,0.57
HmLD,1,1,2,0.5
HmLK,0,0,0,
HmLL,2,2,4,0.5
HmLM,11,9,20,0.55
HmLN,13,4,17,0.76
HmLP,6,12,18,0.33
HmLS,5,6,11,0.45
HmLb,6,7,13,0.46
HmLh,4,6,10,0.4
HmLj,0,1,1,0.0
HmLl,3,2,5,0.6
HmLm,10,4,14,0.71
HmLn,7,8,15,0.47
HmLs,2,6,8,0.25
HmLt,1,0,1,1.0
HmMB,14,16,30,0.47
HmMD,8,5,13,0.62
HmMK,1,0,1,1.0
HmML,5,4,9,0.56
HmMM,26,20,46,0.57
HmMN,30,26,56,0.54
HmMP,20,28,48,0.42
HmMS,25,15,40,0.62
HmMb,21,11,32,0.66
HmMh,21,24,45,0.47
HmMj,5,8,13,0.38
HmMl,5,8,13,0.38
HmMm,26,29,55,0.47
HmMn,30,50,80,0.38
HmMs,16,16,32,0.5
HmMt,5,4,9,0.56
HmNB,14,12,26,0.54
HmND,4,6,10,0.4
HmNH,6,1,7,0.86
HmNI,0,1,1,0.0
HmNK,3,3,6,0.5
HmNL,4,8,12,0.33
HmNM,15,27,42,0.36
HmNN,26,28,54,0.48
HmNP,32,43,75,0.43
HmNS,19,19,38,0.5
HmNb,14,15,29,0.48
HmNh,10,7,17,0.59
HmNl,10,9,19,0.53
HmNm,17,17,34,0.5
HmNn,31,35,66,0.47
HmNs,24,19,43,0.56
HmNt,5,4,9,0.56
HmPB,27,21,48,0.56
HmPD,4,6,10,0.4
HmPH,1,7,8,0.12
HmPI,1,0,1,1.0
HmPK,3,4,7,0.43
HmPL,5,8,13,0.38
HmPM,19,28,47,0.4
HmPN,25,23,48,0.52
HmPP,37,39,76,0.49
HmPS,10,21,31,0.32
HmPb,24,21,45,0.53
HmPh,1,0,1,1.0
HmPl,10,19,29,0.34
HmPm,17,21,38,0.45
HmPn,25,24,49,0.51
HmPs,25,21,46,0.54
HmPt,4,2,6,0.67
HmSB,7,6,13,0.54
HmSD,4,3,7,0.57
HmSH,6,8,14,0.43
HmSL,2,2,4,0.5
HmSM,13,14,27,0.48
HmSN,10,16,26,0.38
HmSP,23,20,43,0.53
HmSS,23,14,37,0.62
HmSb,8,11,19,0.42
HmSh,9,10,19,0.47
HmSl,3,5,8,0.38
HmSm,12,14,26,0.46
HmSn,20,16,36,0.56
HmSs,11,13,24,0.46
HmSt,1,0,1,1.0
HmbB,22,25,47,0.47
HmbD,2,0,2,1.0
HmbH,5,3,8,0.62
HmbI,2,0,2,1.0
HmbJ,9,5,14,0.64
HmbK,2,3,5,0.4
HmbL,10,9,19,0.53
HmbM,20,28,48,0.42
HmbN,26,22,48,0.54
HmbP,20,28,48,0.42
HmbS,7,9,16,0.44
Hmbb,21,21,42,0.5
Hmbl,6,4,10,0.6
Hmbm,16,11,27,0.59
Hmbn,27,23,50,0.54
Hmbs,4,6,10,0.4
HmhD,1,0,1,1.0
HmhM,1,0,1,1.0
HmhS,0,0,0,
Hmhh,1,0,1,1.0
Hmhl,1,0,1,1.0
HmlB,4,5,9,0.44
HmlD,0,1,1,0.0
HmlH,7,3,10,0.7
HmlI,1,0,1,1.0
HmlJ,2,2,4,0.5
HmlL,1,3,4,0.25
HmlM,6,10,16,0.38
HmlN,7,10,17,0.41
HmlP,8,7,15,0.53
HmlS,5,3,8,0.62
Hmlb,9,7,16,0.56
Hmlh,0,1,1,0.0
Hmll,5,3,8,0.62
Hmlm,3,7,10,0.3
Hmln,4,8,12,0.33
Hmls,2,5,7,0.29
HmmB,19,13,32,0.59
HmmD,4,3,7,0.57
HmmH,16,16,32,0.5
HmmI,2,1,3,0.67
HmmJ,3,2,5,0.6
HmmK,0,1,1,0.0
HmmL,4,10,14,0.29
HmmM,23,29,52,0.44
HmmN,17,13,30,0.57
HmmP,18,18,36,0.5
HmmS,10,9,19,0.53
Hmmb,25,15,40,0.62
Hmmh,0,1,1,0.0
Hmml,5,3,8,0.62
Hmmm,18,18,36,0.5
Hmmn,20,17,37,0.54
Hmms,14,7,21,0.67
HmnB,15,16,31,0.48
HmnD,4,2,6,0.67
HmnH,11,10,21,0.52
HmnI,0,0,0,
HmnK,2,0,2,1.0
HmnL,6,5,11,0.55
HmnM,18,19,37,0.49
HmnN,27,23,50,0.54
HmnP,26,26,52,0.5
HmnS,9,13,22,0.41
Hmnb,17,11,28,0.61
Hmnl,6,7,13,0.46
Hmnm,13,19,32,0.41
Hmnn,23,26,49,0.47
Hmns,16,9,25,0.64
HmsB,12,5,17,0.71
HmsD,4,1,5,0.8
HmsH,7,9,16,0.44
HmsI,4,0,4,1.0
HmsK,0,1,1,0.0
HmsL,3,3,6,0.5
HmsM,14,11,25,0.56
HmsN,13,7,20,0.65
HmsP,9,13,22,0.41
HmsS,15,14,29,0.52
Hmsb,11,5,16,0.69
Hmsl,2,4,6,0.33
Hmsm,7,15,22,0.32
Hmsn,14,6,20,0.7
Hmss,10,13,23,0.43
HnBB,13,12,25,0.52
HnBD,2,3,5,0.4
HnBK,4,2,6,0.67
HnBL,4,5,9,0.44
HnBM,15,19,34,0.44
HnBN,15,14,29,0.52
HnBP,18,22,40,0.45
HnBS,9,15,24,0.38
HnBb,17,17,34,0.5
HnBh,0,1,1,0.0
HnBj,3,3,6,0.5
HnBl,8,9,17,0.47
HnBm,8,8,16,0.5
HnBn,28,29,57,0.49
HnBs,7,7,14,0.5
HnBt,0,2,2,0.0
HnDB,0,2,2,0.0
HnDD,2,1,3,0.67
HnDH,2,1,3,0.67
HnDI,0,1,1,0.0
HnDL,0,2,2,0.0
HnDM,6,2,8,0.75
HnDN,2,6,8,0.25
HnDP,5,3,8,0.62
HnDS,4,4,8,0.5
HnDb,2,1,3,0.67
HnDh,0,1,1,0.0
HnDl,1,1,2,0.5
HnDm,1,3,4,0.25
HnDn,1,1,2,0.5
HnDs,6,3,9,0.67
HnDt,0,0,0,
HnHB,7,7,14,0.5
HnHD,3,1,4,0.75
HnHH,2,1,3,0.67
HnHI,2,2,4,0.5
HnHK,1,2,3,0.33
HnHL,8,8,16,0.5
HnHM,15,16,31,0.48
HnHN,11,19,30,0.37
HnHP,15,14,29,0.52
HnHS,7,14,21,0.33
HnHb,7,7,14,0.5
HnHh,8,6,14,0.57
HnHl,5,4,9,0.56
HnHm,9,7,16,0.56
HnHn,13,15,28,0.46
HnHs,12,10,22,0.55
HnHt,3,1,4,0.75
HnIB,1,4,5,0.2
HnIH,2,2,4,0.5
HnIL,0,1,1,0.0
HnIM,4,6,10,0.4
HnIN,2,3,5,0.4
HnIP,4,2,6,0.67
HnIS,3,3,6,0.5
HnIb,5,3,8,0.62
HnIl,0,2,2,0.0
HnIm,3,0,3,1.0
HnIn,0,4,4,0.0
HnIs,2,2,4,0.5
HnKB,3,1,4,0.75
HnKD,2,0,2,1.0
HnKI,1,0,1,1.0
HnKL,0,0,0,
HnKM,0,4,4,0.0
HnKN,1,0,1,1.0
HnKP,2,4,6,0.33
HnKS,2,3,5,0.4
HnKb,0,2,2,0.0
HnKh,2,6,8,0.25
HnKl,1,0,1,1.0
HnKm,3,2,5,0.6
HnKn,3,4,7,0.43
HnKs,2,3,5,0.4
HnKt,1,0,1,1.0
HnLB,8,8,16,0.5
HnLD,0,1,1,0.0
HnLK,0,2,2,0.0
HnLL,4,4,8,0.5
HnLM,13,9,22,0.59
HnLN,6,8,14,0.43
HnLP,17,15,32,0.53
HnLS,6,2,8,0.75
HnLb,5,3,8,0.62
HnLh,1,2,3,0.33
HnLj,3,0,3,1.0
HnLl,5,7,12,0.42
HnLm,5,10,15,0.33
HnLn,12,9,21,0.57
HnLs,2,7,9,0.22
HnLt,1,3,4,0.25
HnMB,20,16,36,0.56
HnMD,5,1,6,0.83
HnMK,2,1,3,0.67
HnML,6,6,12,0.5
HnMM,29,28,57,0.51
HnMN,31,24,55,0.56
HnMP,31,36,67,0.46
HnMS,12,13,25,0.48
HnMb,20,21,41,0.49
HnMh,26,22,48,0.54
HnMj,5,7,12,0.42
HnMl,15,12,27,0.56
HnMm,32,17,49,0.65
HnMn,53,36,89,0.6
HnMs,13,12,25,0.52
HnMt,2,3,5,0.4
HnNB,28,31,59,0.47
HnND,3,5,8,0.38
HnNH,5,3,8,0.62
HnNK,2,0,2,1.0
HnNL,5,10,15,0.33
HnNM,22,29,51,0.43
HnNN,36,24,60,0.6
HnNP,58,45,103,0.56
HnNS,22,20,42,0.52
HnNb,21,22,43,0.49
HnNh,12,13,25,0.48
HnNl,11,10,21,0.52
HnNm,30,24,54,0.56
HnNn,36,41,77,0.47
HnNs,23,19,42,0.55
HnNt,4,7,11,0.36
HnPB,24,22,46,0.52
HnPD,3,7,10,0.3
HnPH,8,12,20,0.4
HnPI,3,5,8,0.38
HnPK,3,4,7,0.43
HnPL,24,16,40,0.6
HnPM,36,33,69,0.52
HnPN,41,39,80,0.51
HnPP,58,55,113,0.51
HnPS,30,39,69,0.43
HnPb,46,32,78,0.59
HnPh,7,6,13,0.54
HnPl,21,18,39,0.54
HnPm,33,34,67,0.49
HnPn,31,46,77,0.4
HnPs,26,33,59,0.44
HnPt,0,4,4,0.0
HnSB,14,14,28,0.5
HnSD,3,1,4,0.75
HnSH,10,9,19,0.53
HnSI,1,0,1,1.0
HnSK,0,1,1,0.0
HnSL,7,10,17,0.41
HnSM,20,17,37,0.54
HnSN,26,20,46,0.57
HnSP,29,27,56,0.52
HnSS,17,21,38,0.45
HnSb,11,9,20,0.55
HnSh,17,13,30,0.57
HnSl,8,6,14,0.57
HnSm,28,22,50,0.56
HnSn,23,20,43,0.53
HnSs,16,15,31,0.52
HnSt,1,5,6,0.17
HnbB,12,19,31,0.39
HnbD,2,1,3,0.67
HnbH,5,3,8,0.62
HnbI,3,1,4,0.75
HnbJ,9,2,11,0.82
HnbK,1,8,9,0.11
HnbL,6,10,16,0.38
HnbM,30,31,61,0.49
HnbN,28,30,58,0.48
HnbP,28,30,58,0.48
HnbS,16,12,28,0.57
Hnbb,24,22,46,0.52
Hnbl,7,5,12,0.58
Hnbm,24,15,39,0.62
Hnbn,18,22,40,0.45
Hnbs,7,8,15,0.47
HnhB,0,2,2,0.0
HnhH,2,1,3,0.67
HnhM,1,2,3,0.33
HnhN,1,0,1,1.0
HnhP,2,2,4,0.5
HnhS,3,3,6,0.5
Hnhb,0,2,2,0.0
Hnhh,0,1,1,0.0
Hnhl,1,1,2,0.5
Hnhm,1,1,2,0.5
Hnhn,0,0,0,
Hnhs,2,4,6,0.33
Hnht,0,0,0,
HnlB,3,7,10,0.3
HnlD,0,4,4,0.0
HnlH,10,5,15,0.67
HnlI,0,1,1,0.0
HnlJ,0,3,3,0.0
HnlK,0,1,1,0.0
HnlL,6,4,10,0.6
HnlM,10,8,18,0.56
HnlN,14,14,28,0.5
HnlP,7,11,18,0.39
HnlS,6,11,17,0.35
Hnlb,11,7,18,0.61
Hnll,3,8,11,0.27
Hnlm,8,8,16,0.5
Hnln,8,7,15,0.53
Hnls,3,3,6,0.5
HnmB,18,21,39,0.46
HnmD,2,4,6,0.33
HnmH,13,7,20,0.65
HnmI,4,2,6,0.67
HnmJ,3,4,7,0.43
HnmL,7,6,13,0.54
HnmM,25,18,43,0.58
HnmN,15,22,37,0.41
HnmP,21,29,50,0.42
HnmS,5,14,19,0.26
Hnmb,25,18,43,0.58
Hnml,6,7,13,0.46
Hnmm,10,24,34,0.29
Hnmn,23,15,38,0.61
Hnms,5,10,15,0.33
HnnB,22,26,48,0.46
HnnD,5,3,8,0.62
HnnH,13,16,29,0.45
HnnI,2,3,5,0.4
HnnK,3,3,6,0.5
HnnL,11,7,18,0.61
HnnM,27,31,58,0.47
HnnN,33,35,68,0.49
HnnP,40,43,83,0.48
HnnS,19,23,42,0.45
Hnnb,21,27,48,0.44
Hnnh,0,1,1,0.0
Hnnl,15,8,23,0.65
Hnnm,19,15,34,0.56
Hnnn,33,24,57,0.58
Hnns,16,13,29,0.55
Hnnt,0,1,1,0.0
HnsB,15,8,23,0.65
HnsD,2,4,6,0.33
HnsH,24,15,39,0.62
HnsI,2,1,3,0.67
HnsL,5,9,14,0.36
HnsM,13,16,29,0.45
HnsN,21,32,53,0.4
HnsP,26,21,47,0.55
HnsS,19,14,33,0.58
Hnsb,17,11,28,0.61
Hnsh,0,2,2,0.0
Hnsl,3,6,9,0.33
Hnsm,12,7,19,0.63
Hnsn,18,14,32,0.56
Hnss,13,18,31,0.42
Hnst,1,0,1,1.0
HntM,0,1,1,0.0
Hnth,1,0,1,1.0
Hntm,1,0,1,1.0
HsBB,14,8,22,0.64
HsBD,0,2,2,0.0
HsBK,1,0,1,1.0
HsBL,8,4,12,0.67
HsBM,7,11,18,0.39
HsBN,12,10,22,0.55
HsBP,8,12,20,0.4
HsBS,3,1,4,0.75
HsBb,6,10,16,0.38
HsBh,1,2,3,0.33
HsBj,2,1,3,0.67
HsBl,3,3,6,0.5
HsBm,10,13,23,0.43
HsBn,12,12,24,0.5
HsBs,9,8,17,0.53
HsBt,2,1,3,0.67
HsDB,0,2,2,0.0
HsDD,1,1,2,0.5
HsDH,3,3,6,0.5
HsDK,0,1,1,0.0
HsDL,0,2,2,0.0
HsDM,1,3,4,0.25
HsDN,4,4,8,0.5
HsDP,2,2,4,0.5
HsDS,3,3,6,0.5
HsDb,2,3,5,0.4
HsDl,1,2,3,0.33
HsDm,3,2,5,0.6
HsDn,4,3,7,0.57
HsDs,2,3,5,0.4
HsHB,14,10,24,0.58
HsHD,4,3,7,0.57
HsHH,4,6,10,0.4
HsHI,1,2,3,0.33
HsHK,1,3,4,0.25
HsHL,6,7,13,0.46
HsHM,17,28,45,0.38
HsHN,10,13,23,0.43
HsHP,23,20,43,0.53
HsHS,22,13,35,0.63
HsHb,13,17,30,0.43
HsHh,10,6,16,0.62
HsHl,8,6,14,0.57
HsHm,13,8,21,0.62
HsHn,24,9,33,0.73
HsHs,15,21,36,0.42
HsHt,1,4,5,0.2
HsID,0,2,2,0.0
HsIH,2,1,3,0.67
HsIL,0,1,1,0.0
HsIM,3,2,5,0.6
HsIN,3,3,6,0.5
HsIP,2,2,4,0.5
HsIS,1,2,3,0.33
HsIb,1,1,2,0.5
HsIl,0,1,1,0.0
HsIm,0,1,1,0.0
HsIn,0,1,1,0.0
HsIs,5,4,9,0.56
HsKB,1,0,1,1.0
HsKL,1,1,2,0.5
HsKP,1,1,2,0.5
HsKb,3,0,3,1.0
HsKh,1,1,2,0.5
HsKl,1,0,1,1.0
HsKs,0,1,1,0.0
HsLB,9,3,12,0.75
HsLD,0,1,1,0.0
HsLK,1,2,3,0.33
HsLL,1,5,6,0.17
HsLM,10,9,19,0.53
HsLN,10,4,14,0.71
HsLP,6,8,14,0.43
HsLS,4,6,10,0.4
HsLb,3,6,9,0.33
HsLh,0,3,3,0.0
HsLj,1,0,1,1.0
HsLl,3,3,6,0.5
HsLm,5,3,8,0.62
HsLn,6,8,14,0.43
HsLs,3,7,10,0.3
HsMB,14,14,28,0.5
HsMD,0,2,2,0.0
HsML,5,5,10,0.5
HsMM,17,19,36,0.47
HsMN,17,15,32,0.53
HsMP,17,21,38,0.45
HsMS,9,13,22,0.41
HsMb,10,13,23,0.43
HsMh,14,15,29,0.48
HsMj,4,3,7,0.57
HsMl,3,7,10,0.3
HsMm,25,15,40,0.62
HsMn,28,23,51,0.55
HsMs,20,7,27,0.74
HsMt,2,3,5,0.4
HsNB,12,11,23,0.52
HsND,2,1,3,0.67
HsNH,4,6,10,0.4
HsNI,1,1,2,0.5
HsNK,1,0,1,1.0
HsNL,7,7,14,0.5
HsNM,16,20,36,0.44
HsNN,11,15,26,0.42
HsNP,31,23,54,0.57
HsNS,14,15,29,0.48
HsNb,11,11,22,0.5
HsNh,5,7,12,0.42
HsNl,8,4,12,0.67
HsNm,15,14,29,0.52
HsNn,29,21,50,0.58
HsNs,18,15,33,0.55
HsNt,3,7,10,0.3
HsPB,23,18,41,0.56
HsPD,5,3,8,0.62
HsPH,5,8,13,0.38
HsPI,1,0,1,1.0
HsPK,2,1,3,0.67
HsPL,14,10,24,0.58
HsPM,19,23,42,0.45
HsPN,21,26,47,0.45
HsPP,21,37,58,0.36
HsPS,18,18,36,0.5
HsPb,23,16,39,0.59
HsPh,2,1,3,0.67
HsPl,10,9,19,0.53
HsPm,26,18,44,0.59
HsPn,27,15,42,0.64
HsPs,21,20,41,0.51
HsPt,2,2,4,0.5
HsSB,4,19,23,0.17
HsSD,3,4,7,0.43
HsSH,10,7,17,0.59
HsSI,1,1,2,0.5
HsSK,2,1,3,0.67
HsSL,9,5,14,0.64
HsSM,17,32,49,0.35
HsSN,21,13,34,0.62
HsSP,21,22,43,0.49
HsSS,30,20,50,0.6
HsSb,14,10,24,0.58
HsSh,9,12,21,0.43
HsSl,8,5,13,0.62
HsSm,19,17,36,0.53
HsSn,26,23,49,0.53
HsSs,27,20,47,0.57
HsSt,5,2,7,0.71
HsbB,13,8,21,0.62
HsbD,0,0,0,
HsbH,7,3,10,0.7
HsbI,0,2,2,0.0
HsbJ,5,3,8,0.62
HsbK,1,1,2,0.5
HsbL,2,6,8,0.25
HsbM,17,21,38,0.45
HsbN,24,12,36,0.67
HsbP,21,11,32,0.66
HsbS,8,9,17,0.47
Hsbb,15,15,30,0.5
Hsbl,6,9,15,0.4
Hsbm,15,8,23,0.65
Hsbn,15,14,29,0.52
Hsbs,9,7,16,0.56
HshB,1,1,2,0.5
HshH,1,0,1,1.0
HshL,1,1,2,0.5
HshM,1,0,1,1.0
HshN,2,0,2,1.0
HshP,1,4,5,0.2
HshS,1,1,2,0.5
Hshb,0,2,2,0.0
Hshh,1,1,2,0.5
Hshl,0,3,3,0.0
Hshn,1,1,2,0.5
Hshs,0,3,3,0.0
HslB,9,8,17,0.53
HslH,2,3,5,0.4
HslJ,1,2,3,0.33
HslK,0,0,0,
HslL,4,3,7,0.57
HslM,10,5,15,0.67
HslN,6,4,10,0.6
HslP,7,9,16,0.44
HslS,5,4,9,0.56
Hslb,8,8,16,0.5
Hsll,2,4,6,0.33
Hslm,9,6,15,0.6
Hsln,6,6,12,0.5
Hsls,5,1,6,0.83
HsmB,15,13,28,0.54
HsmD,6,3,9,0.67
HsmH,12,14,26,0.46
HsmI,1,0,1,1.0
HsmJ,3,5,8,0.38
HsmK,0,2,2,0.0
HsmL,6,7,13,0.46
HsmM,11,24,35,0.31
HsmN,21,15,36,0.58
HsmP,15,24,39,0.38
HsmS,8,11,19,0.42
Hsmb,14,15,29,0.48
Hsml,5,4,9,0.56
Hsmm,13,13,26,0.5
Hsmn,11,20,31,0.35
Hsms,11,5,16,0.69
HsnB,12,10,22,0.55
HsnD,4,1,5,0.8
HsnH,5,6,11,0.45
HsnI,3,0,3,1.0
HsnL,1,3,4,0.25
HsnM,13,16,29,0.45
HsnN,24,25,49,0.49
HsnP,22,20,42,0.52
HsnS,15,17,32,0.47
Hsnb,14,14,28,0.5
Hsnh,0,0,0,
Hsnl,10,5,15,0.67
Hsnm,16,15,31,0.52
Hsnn,22,10,32,0.69
Hsns,14,11,25,0.56
HssB,5,9,14,0.36
HssD,7,6,13,0.54
HssH,15,19,34,0.44
HssI,2,1,3,0.67
HssL,5,7,12,0.42
HssM,15,17,32,0.47
HssN,14,20,34,0.41
HssP,22,16,38,0.58
HssS,22,26,48,0.46
Hssb,14,15,29,0.48
Hssh,2,0,2,1.0
Hssl,4,7,11,0.36
Hssm,10,12,22,0.45
Hssn,10,9,19,0.53
Hsss,23,18,41,0.56
HstB,1,0,1,1.0
HstH,1,0,1,1.0
HstS,0,1,1,0.0
Hstn,1,0,1,1.0
HtBD,0,0,0,
HtBL,1,1,2,0.5
HtBM,2,1,3,0.67
HtBN,1,0,1,1.0
HtBP,2,0,2,1.0
HtBS,0,1,1,0.0
HtBb,3,2,5,0.6
HtBj,1,0,1,1.0
HtBl,0,1,1,0.0
HtBm,1,2,3,0.33
HtBn,0,2,2,0.0
HtBt,1,0,1,1.0
HtDL,1,0,1,1.0
HtDM,0,0,0,
HtDP,0,1,1,0.0
HtHB,1,0,1,1.0
HtHH,0,1,1,0.0
HtHL,0,1,1,0.0
HtHM,0,1,1,0.0
HtHN,1,0,1,1.0
HtHP,1,0,1,1.0
HtHb,3,1,4,0.75
HtHh,1,0,1,1.0
HtHl,0,1,1,0.0
HtHm,2,0,2,1.0
HtHn,3,0,3,1.0
HtHs,0,1,1,0.0
HtID,1,0,1,1.0
HtIM,1,0,1,1.0
HtKB,1,0,1,1.0
HtKP,1,0,1,1.0
HtKS,0,1,1,0.0
HtKn,0,1,1,0.0
HtLB,1,1,2,0.5
HtLL,0,0,0,
HtLM,1,0,1,1.0
HtLP,1,1,2,0.5
HtLh,0,1,1,0.0
HtLl,1,0,1,1.0
HtMB,3,1,4,0.75
HtMD,1,0,1,1.0
HtML,0,1,1,0.0
HtMM,1,3,4,0.25
HtMN,1,1,2,0.5
HtMP,0,2,2,0.0
HtMS,0,4,4,0.0
HtMb,1,1,2,0.5
HtMh,0,1,1,0.0
HtMj,0,1,1,0.0
HtMl,1,0,1,1.0
HtMm,3,2,5,0.6
HtMn,2,3,5,0.4
HtNB,1,1,2,0.5
HtND,0,0,0,
HtNI,0,1,1,0.0
HtNL,1,0,1,1.0
HtNM,1,1,2,0.5
HtNN,1,1,2,0.5
HtNP,2,1,3,0.67
HtNS,1,1,2,0.5
HtNb,2,1,3,0.67
HtNh,1,0,1,1.0
HtNl,1,1,2,0.5
HtNm,2,1,3,0.67
HtNn,3,2,5,0.6
HtNs,0,0,0,
HtPB,1,3,4,0.25
HtPI,1,1,2,0.5
HtPM,5,1,6,0.83
HtPN,2,5,7,0.29
HtPP,5,3,8,0.62
HtPS,1,5,6,0.17
HtPb,2,3,5,0.4
HtPl,1,2,3,0.33
HtPm,3,2,5,0.6
HtPn,2,1,3,0.67
HtPs,3,0,3,1.0
HtPt,1,0,1,1.0
HtSB,2,1,3,0.67
HtSD,1,0,1,1.0
HtSH,0,0,0,
HtSM,3,2,5,0.6
HtSN,1,0,1,1.0
HtSP,2,2,4,0.5
HtSS,3,0,3,1.0
HtSb,0,1,1,0.0
HtSh,1,0,1,1.0
HtSl,1,0,1,1.0
HtSm,1,3,4,0.25
HtSn,1,0,1,1.0
HtSs,1,0,1,1.0
HtSt,0,0,0,
HtbB,2,1,3,0.67
HtbH,1,0,1,1.0
HtbL,1,0,1,1.0
HtbM,0,1,1,0.0
HtbN,2,1,3,0.67
HtbP,5,2,7,0.71
HtbS,2,0,2,1.0
Htbb,2,1,3,0.67
Htbl,2,1,3,0.67
Htbm,3,2,5,0.6
Htbs,1,2,3,0.33
HthN,1,0,1,1.0
HthP,0,0,0,
HtlB,1,2,3,0.33
HtlH,0,0,0,
HtlM,0,0,0,
HtlN,1,1,2,0.5
HtlP,1,1,2,0.5
HtlS,3,0,3,1.0
Htll,1,0,1,1.0
Htlm,0,0,0,
Htln,0,1,1,0.0
HtmB,2,0,2,1.0
HtmD,0,0,0,
HtmH,0,2,2,0.0
HtmJ,0,0,0,
HtmL,0,2,2,0.0
HtmM,2,2,4,0.5
HtmN,2,1,3,0.67
HtmP,1,0,1,1.0
HtmS,0,2,2,0.0
Htmb,1,2,3,0.33
Html,1,0,1,1.0
Htmm,0,1,1,0.0
Htmn,0,1,1,0.0
Htms,1,1,2,0.5
HtnB,3,1,4,0.75
HtnH,2,1,3,0.67
HtnM,4,0,4,1.0
HtnN,0,1,1,0.0
HtnP,0,5,5,0.0
HtnS,0,1,1,0.0
Htnb,2,1,3,0.67
Htnl,0,1,1,0.0
Htnm,2,1,3,0.67
Htnn,2,2,4,0.5
Htns,0,0,0,
HtsH,0,3,3,0.0
HtsM,6,1,7,0.86
HtsN,1,0,1,1.0
HtsP,2,3,5,0.4
HtsS,1,1,2,0.5
Htsb,1,2,3,0.33
Htsm,0,1,1,0.0
Htsn,2,1,3,0.67
Htss,1,0,1,1.0
Htst,0,1,1,0.0
HttB,1,0,1,1.0
HttS,0,1,1,0.0
Httl,0,1,1,0.0
Httm,0,1,1,0.0
IBBB,8,5,13,0.62
IBBD,0,1,1,0.0
IBBK,0,1,1,0.0
IBBM,1,5,6,0.17
IBBN,3,2,5,0.6
IBBP,7,5,12,0.58
IBBS,0,2,2,0.0
IBBb,3,0,3,1.0
IBBj,0,1,1,0.0
IBBl,0,2,2,0.0
IBBm,0,1,1,0.0
IBBn,3,2,5,0.6
IBBs,1,2,3,0.33
IBBt,0,1,1,0.0
IBDB,0,0,0,
IBDL,1,0,1,1.0
IBDN,1,1,2,0.5
IBDP,1,0,1,1.0
IBDS,1,0,1,1.0
IBDb,1,1,2,0.5
IBDl,1,0,1,1.0
IBDs,0,1,1,0.0
IBHS,0,1,1,0.0
IBIL,0,0,0,
IBKB,0,2,2,0.0
IBKD,1,0,1,1.0
IBKM,0,1,1,0.0
IBKN,1,1,2,0.5
IBKb,1,0,1,1.0
IBKh,0,0,0,
IBKl,0,0,0,
IBKm,1,1,2,0.5
IBKn,1,0,1,1.0
IBLL,1,0,1,1.0
IBLN,0,1,1,0.0
IBLP,1,2,3,0.33
IBLS,0,2,2,0.0
IBLb,0,1,1,0.0
IBLh,1,0,1,1.0
IBLl,0,2,2,0.0
IBLn,2,0,2,1.0
IBLs,1,0,1,1.0
IBLt,1,0,1,1.0
IBMB,3,4,7,0.43
IBML,1,1,2,0.5
IBMM,3,6,9,0.33
IBMN,2,3,5,0.4
IBMP,4,1,5,0.8
IBMS,2,4,6,0.33
IBMb,4,1,5,0.8
IBMh,2,3,5,0.4
IBMj,1,1,2,0.5
IBMl,1,1,2,0.5
IBMm,2,1,3,0.67
IBMn,3,2,5,0.6
IBMs,0,1,1,0.0
IBMt,0,2,2,0.0
IBNB,3,1,4,0.75
IBND,1,0,1,1.0
IBNH,0,1,1,0.0
IBNI,1,0,1,1.0
IBNK,0,0,0,
IBNL,0,2,2,0.0
IBNM,5,4,9,0.56
IBNN,2,2,4,0.5
IBNP,7,4,11,0.64
IBNS,1,2,3,0.33
IBNb,4,3,7,0.57
IBNh,2,1,3,0.67
IBNl,3,3,6,0.5
IBNm,2,3,5,0.4
IBNn,4,0,4,1.0
IBNs,3,1,4,0.75
IBNt,1,0,1,1.0
IBPB,6,1,7,0.86
IBPD,0,1,1,0.0
IBPI,1,0,1,1.0
IBPL,2,0,2,1.0
IBPM,2,6,8,0.25
IBPN,3,6,9,0.33
IBPP,7,2,9,0.78
IBPS,0,2,2,0.0
IBPb,3,2,5,0.6
IBPh,0,0,0,
IBPl,2,1,3,0.67
IBPm,7,2,9,0.78
IBPn,7,3,10,0.7
IBPs,3,2,5,0.6
IBSB,0,3,3,0.0
IBSD,1,0,1,1.0
IBSH,1,1,2,0.5
IBSL,0,2,2,0.0
IBSM,1,5,6,0.17
IBSN,0,1,1,0.0
IBSP,1,2,3,0.33
IBSS,3,1,4,0.75
IBSb,2,2,4,0.5
IBSh,4,0,4,1.0
IBSl,2,2,4,0.5
IBSm,1,1,2,0.5
IBSn,1,2,3,0.33
IBSs,1,1,2,0.5
IBbB,2,1,3,0.67
IBbH,1,3,4,0.25
IBbJ,2,0,2,1.0
IBbK,0,1,1,0.0
IBbM,1,1,2,0.5
IBbN,3,3,6,0.5
IBbP,4,6,10,0.4
IBbS,0,3,3,0.0
IBbb,2,2,4,0.5
IBbm,5,0,5,1.0
IBbn,0,1,1,0.0
IBbs,3,1,4,0.75
IBhL,1,0,1,1.0
IBhM,0,0,0,
IBhN,0,1,1,0.0
IBhl,1,0,1,1.0
IBhm,1,1,2,0.5
IBhs,0,1,1,0.0
IBjB,1,0,1,1.0
IBjD,0,1,1,0.0
IBjL,0,1,1,0.0
IBjM,0,1,1,0.0
IBjN,1,2,3,0.33
IBjP,1,1,2,0.5
IBjS,1,2,3,0.33
IBjb,1,0,1,1.0
IBjh,0,1,1,0.0
IBjs,1,0,1,1.0
IBlB,2,0,2,1.0
IBlH,1,1,2,0.5
IBlI,0,1,1,0.0
IBlJ,0,0,0,
IBlL,1,0,1,1.0
IBlM,1,1,2,0.5
IBlN,2,1,3,0.67
IBlP,4,0,4,1.0
IBlS,0,3,3,0.0
IBlb,2,1,3,0.67
IBll,0,1,1,0.0
IBlm,0,1,1,0.0
IBln,0,1,1,0.0
IBls,0,1,1,0.0
IBmB,2,1,3,0.67
IBmD,0,0,0,
IBmH,1,2,3,0.33
IBmJ,1,0,1,1.0
IBmL,3,0,3,1.0
IBmM,4,2,6,0.67
IBmN,7,6,13,0.54
IBmP,8,4,12,0.67
IBmS,2,2,4,0.5
IBmb,4,1,5,0.8
IBml,2,0,2,1.0
IBmm,6,2,8,0.75
IBmn,2,1,3,0.67
IBms,5,1,6,0.83
IBnB,2,2,4,0.5
IBnD,0,1,1,0.0
IBnH,2,0,2,1.0
IBnI,2,0,2,1.0
IBnK,1,0,1,1.0
IBnL,3,1,4,0.75
IBnM,1,5,6,0.17
IBnN,6,6,12,0.5
IBnP,6,10,16,0.38
IBnS,2,2,4,0.5
IBnb,2,1,3,0.67
IBnl,3,0,3,1.0
IBnm,3,4,7,0.43
IBnn,7,3,10,0.7
IBns,3,3,6,0.5
IBnt,0,1,1,0.0
IBsB,1,1,2,0.5
IBsH,3,1,4,0.75
IBsL,1,0,1,1.0
IBsM,1,1,2,0.5
IBsN,1,1,2,0.5
IBsP,2,2,4,0.5
IBsS,2,1,3,0.67
IBsb,0,1,1,0.0
IBsl,2,0,2,1.0
IBsm,3,3,6,0.5
IBsn,2,1,3,0.67
IBss,1,0,1,1.0
IBtB,1,1,2,0.5
IBtL,0,1,1,0.0
IBtN,1,0,1,1.0
IBtP,1,0,1,1.0
IBtS,0,1,1,0.0
IBtb,1,2,3,0.33
IBtm,0,0,0,
IBtn,1,0,1,1.0
IDBL,1,0,1,1.0
IDBM,2,2,4,0.5
IDBN,3,1,4,0.75
IDBP,0,2,2,0.0
IDBS,0,2,2,0.0
IDBb,1,0,1,1.0
IDBm,1,1,2,0.5
IDBn,1,1,2,0.5
IDBs,1,0,1,1.0
IDDB,0,1,1,0.0
IDDL,0,0,0,
IDDM,1,0,1,1.0
IDDN,1,0,1,1.0
IDDP,0,1,1,0.0
IDDb,0,1,1,0.0
IDDm,0,2,2,0.0
IDDn,1,0,1,1.0
IDHB,0,1,1,0.0
IDHM,1,3,4,0.25
IDHP,0,2,2,0.0
IDHb,0,2,2,0.0
IDHh,1,0,1,1.0
IDHl,1,0,1,1.0
IDHm,0,0,0,
IDHn,0,1,1,0.0
IDIM,1,0,1,1.0
IDIP,0,1,1,0.0
IDLD,1,0,1,1.0
IDLM,0,1,1,0.0
IDLN,0,0,0,
IDLP,1,0,1,1.0
IDLj,0,0,0,
IDLn,0,0,0,
IDLs,1,0,1,1.0
IDMB,1,2,3,0.33
IDMM,0,1,1,0.0
IDMP,0,2,2,0.0
IDMS,0,1,1,0.0
IDMb,1,0,1,1.0
IDMh,1,1,2,0.5
IDMl,0,0,0,
IDMm,1,1,2,0.5
IDMn,0,1,1,0.0
IDMs,0,1,1,0.0
IDNB,1,1,2,0.5
IDND,0,1,1,0.0
IDNH,0,0,0,
IDNM,1,0,1,1.0
IDNN,1,0,1,1.0
IDNP,1,1,2,0.5
IDNS,0,1,1,0.0
IDNb,1,0,1,1.0
IDNl,1,0,1,1.0
IDNm,0,2,2,0.0
IDNn,2,0,2,1.0
IDNs,1,1,2,0.5
IDNt,0,1,1,0.0
IDPB,1,1,2,0.5
IDPD,1,0,1,1.0
IDPL,1,2,3,0.33
IDPM,0,1,1,0.0
IDPP,1,1,2,0.5
IDPS,1,0,1,1.0
IDPb,0,1,1,0.0
IDPl,2,0,2,1.0
IDPm,2,0,2,1.0
IDPn,0,1,1,0.0
IDPs,1,1,2,0.5
IDSB,1,0,1,1.0
IDSD,1,0,1,1.0
IDSH,1,0,1,1.0
IDSL,0,1,1,0.0
IDSN,1,0,1,1.0
IDSP,0,2,2,0.0
IDSS,1,1,2,0.5
IDSb,1,2,3,0.33
IDSh,0,2,2,0.0
IDSl,0,0,0,
IDSm,3,0,3,1.0
IDSs,2,0,2,1.0
IDSt,0,0,0,
IDbB,0,1,1,0.0
IDbH,1,0,1,1.0
IDbL,0,0,0,
IDbM,0,1,1,0.0
IDbN,1,1,2,0.5
IDbP,1,0,1,1.0
IDbS,1,0,1,1.0
IDbb,2,0,2,1.0
IDbl,0,1,1,0.0
IDbm,2,1,3,0.67
IDbn,1,0,1,1.0
IDbs,1,0,1,1.0
IDhm,0,1,1,0.0
IDlB,1,1,2,0.5
IDlH,2,0,2,1.0
IDlJ,1,0,1,1.0
IDlM,2,0,2,1.0
IDlN,1,0,1,1.0
IDlb,1,0,1,1.0
IDlm,1,0,1,1.0
IDmB,2,1,3,0.67
IDmH,1,0,1,1.0
IDmM,1,1,2,0.5
IDmN,0,2,2,0.0
IDmP,0,1,1,0.0
IDmS,1,0,1,1.0
IDmb,0,1,1,0.0
IDmm,2,1,3,0.67
IDmn,2,0,2,1.0
IDnB,1,0,1,1.0
IDnM,0,0,0,
IDnP,2,1,3,0.67
IDnS,1,0,1,1.0
IDnm,0,1,1,0.0
IDnn,0,1,1,0.0
IDsB,1,1,2,0.5
IDsD,1,0,1,1.0
IDsH,0,2,2,0.0
IDsL,1,0,1,1.0
IDsM,1,2,3,0.33
IDsN,1,1,2,0.5
IDsS,1,1,2,0.5
IDsn,0,1,1,0.0
IDtP,0,1,1,0.0
IHBB,2,2,4,0.5
IHBL,0,2,2,0.0
IHBN,1,6,7,0.14
IHBP,1,5,6,0.17
IHBS,4,1,5,0.8
IHBb,8,0,8,1.0
IHBj,1,0,1,1.0
IHBl,0,0,0,
IHBm,2,2,4,0.5
IHBn,1,0,1,1.0
IHBs,3,1,4,0.75
IHBt,2,2,4,0.5
IHDH,0,1,1,0.0
IHDM,2,0,2,1.0
IHDS,0,1,1,0.0
IHDl,0,1,1,0.0
IHDm,0,1,1,0.0
IHHB,1,0,1,1.0
IHHD,0,1,1,0.0
IHHI,0,1,1,0.0
IHHM,1,1,2,0.5
IHHN,2,0,2,1.0
IHHS,1,0,1,1.0
IHHb,0,0,0,
IHHn,1,0,1,1.0
IHHs,0,2,2,0.0
IHIM,0,1,1,0.0
IHIP,2,1,3,0.67
IHIb,0,1,1,0.0
IHIm,1,0,1,1.0
IHIt,0,1,1,0.0
IHKB,1,0,1,1.0
IHKP,1,0,1,1.0
IHKS,0,1,1,0.0
IHKm,0,1,1,0.0
IHKs,0,1,1,0.0
IHLB,1,1,2,0.5
IHLM,0,1,1,0.0
IHLN,1,0,1,1.0
IHLP,3,1,4,0.75
IHLS,0,4,4,0.0
IHLb,0,0,0,
IHLh,0,1,1,0.0
IHLl,1,0,1,1.0
IHLm,2,1,3,0.67
IHLn,2,1,3,0.67
IHLs,0,0,0,
IHLt,0,1,1,0.0
IHMB,3,1,4,0.75
IHMD,0,0,0,
IHMK,0,1,1,0.0
IHML,0,1,1,0.0
IHMM,2,3,5,0.4
IHMN,2,6,8,0.25
IHMP,2,3,5,0.4
IHMS,1,3,4,0.25
IHMb,1,3,4,0.25
IHMh,2,2,4,0.5
IHMj,1,0,1,1.0
IHMl,1,1,2,0.5
IHMm,2,5,7,0.29
IHMn,2,8,10,0.2
IHMs,0,0,0,
IHNB,2,4,6,0.33
IHNH,1,0,1,1.0
IHNL,0,1,1,0.0
IHNM,2,1,3,0.67
IHNN,3,2,5,0.6
IHNP,5,1,6,0.83
IHNS,6,1,7,0.86
IHNb,1,2,3,0.33
IHNh,0,1,1,0.0
IHNl,0,2,2,0.0
IHNm,3,3,6,0.5
IHNn,2,5,7,0.29
IHNs,5,3,8,0.62
IHNt,1,1,2,0.5
IHPB,2,1,3,0.67
IHPH,1,0,1,1.0
IHPL,1,3,4,0.25
IHPM,6,6,12,0.5
IHPN,7,3,10,0.7
IHPP,5,7,12,0.42
IHPS,2,2,4,0.5
IHPb,7,3,10,0.7
IHPh,0,1,1,0.0
IHPl,2,0,2,1.0
IHPm,5,2,7,0.71
IHPn,2,1,3,0.67
IHPs,3,4,7,0.43
IHPt,0,2,2,0.0
IHSB,1,1,2,0.5
IHSD,0,1,1,0.0
IHSH,1,0,1,1.0
IHSL,1,1,2,0.5
IHSM,0,2,2,0.0
IHSN,2,0,2,1.0
IHSP,5,5,10,0.5
IHSS,3,3,6,0.5
IHSb,3,1,4,0.75
IHSh,2,2,4,0.5
IHSl,2,2,4,0.5
IHSm,1,4,5,0.2
IHSn,1,2,3,0.33
IHSs,1,7,8,0.12
IHSt,1,0,1,1.0
IHbB,0,2,2,0.0
IHbD,1,0,1,1.0
IHbI,0,1,1,0.0
IHbJ,0,1,1,0.0
IHbK,0,1,1,0.0
IHbL,0,1,1,0.0
IHbM,2,3,5,0.4
IHbN,4,3,7,0.57
IHbP,4,5,9,0.44
IHbb,7,5,12,0.58
IHbl,1,2,3,0.33
IHbm,0,2,2,0.0
IHbn,1,0,1,1.0
IHbs,0,1,1,0.0
IHhB,1,0,1,1.0
IHhH,0,1,1,0.0
IHhI,1,0,1,1.0
IHhL,0,1,1,0.0
IHhM,0,2,2,0.0
IHhN,2,2,4,0.5
IHhP,4,3,7,0.57
IHhS,0,1,1,0.0
IHhb,1,1,2,0.5
IHhh,0,1,1,0.0
IHhl,1,2,3,0.33
IHhm,1,1,2,0.5
IHhn,0,2,2,0.0
IHhs,0,2,2,0.0
IHht,0,0,0,
IHlH,1,0,1,1.0
IHlJ,0,1,1,0.0
IHlL,1,0,1,1.0
IHlM,2,3,5,0.4
IHlN,1,4,5,0.2
IHlP,0,1,1,0.0
IHlS,1,1,2,0.5
IHlb,1,0,1,1.0
IHll,1,0,1,1.0
IHlm,1,0,1,1.0
IHln,4,0,4,1.0
IHls,2,2,4,0.5
IHmB,4,2,6,0.67
IHmH,1,8,9,0.11
IHmI,2,1,3,0.67
IHmJ,1,0,1,1.0
IHmL,1,2,3,0.33
IHmM,8,7,15,0.53
IHmN,2,1,3,0.67
IHmP,1,1,2,0.5
IHmS,0,1,1,0.0
IHmb,1,5,6,0.17
IHml,0,2,2,0.0
IHmm,4,5,9,0.44
IHmn,1,1,2,0.5
IHms,1,1,2,0.5
IHnB,2,3,5,0.4
IHnH,2,3,5,0.4
IHnI,1,0,1,1.0
IHnK,0,0,0,
IHnL,0,3,3,0.0
IHnM,4,3,7,0.57
IHnN,1,1,2,0.5
IHnP,4,2,6,0.67
IHnS,1,4,5,0.2
IHnb,0,2,2,0.0
IHnh,0,0,0,
IHnl,0,2,2,0.0
IHnm,0,0,0,
IHnn,6,3,9,0.67
IHns,3,1,4,0.75
IHsB,1,2,3,0.33
IHsH,3,2,5,0.6
IHsI,0,1,1,0.0
IHsL,2,1,3,0.67
IHsM,0,3,3,0.0
IHsN,1,2,3,0.33
IHsP,5,2,7,0.71
IHsS,3,4,7,0.43
IHsb,5,1,6,0.83
IHsl,1,0,1,1.0
IHsm,1,2,3,0.33
IHsn,0,3,3,0.0
IHss,1,3,4,0.25
IHst,0,1,1,0.0
IHtI,1,0,1,1.0
IHtL,2,0,2,1.0
IHtN,0,1,1,0.0
IHtS,1,0,1,1.0
IHtb,0,1,1,0.0
IHtm,0,0,0,
IIBI,1,0,1,1.0
IIBM,1,0,1,1.0
IIBN,1,0,1,1.0
IIBP,2,0,2,1.0
IIBS,1,0,1,1.0
IIBb,3,1,4,0.75
IIBm,1,0,1,1.0
IIBn,0,1,1,0.0
IIDb,1,0,1,1.0
IIHB,0,1,1,0.0
IIHI,0,1,1,0.0
IIHL,1,0,1,1.0
IIHN,0,2,2,0.0
IIHS,1,0,1,1.0
IIHb,1,0,1,1.0
IIHn,1,0,1,1.0
IIIM,1,0,1,1.0
IILB,0,1,1,0.0
IILb,1,0,1,1.0
IIML,1,0,1,1.0
IIMP,1,0,1,1.0
IIMb,1,0,1,1.0
IIMl,0,1,1,0.0
IIMm,1,1,2,0.5
IIMn,1,2,3,0.33
IIMs,0,1,1,0.0
IINB,0,0,0,
IINN,1,0,1,1.0
IINP,0,1,1,0.0
IINS,1,0,1,1.0
IINb,1,0,1,1.0
IINn,0,2,2,0.0
IIPH,1,0,1,1.0
IIPL,0,1,1,0.0
IIPN,0,2,2,0.0
IIPP,1,0,1,1.0
IIPS,0,2,2,0.0
IIPb,0,1,1,0.0
IIPm,0,1,1,0.0
IIPt,0,0,0,
IISB,1,0,1,1.0
IISD,0,1,1,0.0
IISH,0,0,0,
IISM,0,1,1,0.0
IISN,1,0,1,1.0
IISP,0,0,0,
IISm,2,1,3,0.67
IISn,1,0,1,1.0
IISs,0,0,0,
IIbB,2,0,2,1.0
IIbI,1,0,1,1.0
IIbJ,0,0,0,
IIbM,0,1,1,0.0
IIbN,1,0,1,1.0
IIbP,0,1,1,0.0
IIbS,0,2,2,0.0
IIbm,0,1,1,0.0
IIlL,1,0,1,1.0
IIlS,0,0,0,
IIlm,1,0,1,1.0
IImB,1,0,1,1.0
IImH,1,0,1,1.0
IImM,1,2,3,0.33
IImN,1,0,1,1.0
IImP,0,1,1,0.0
IImS,2,0,2,1.0
IImm,1,0,1,1.0
IImn,0,0,0,
IIms,1,0,1,1.0
IInL,0,1,1,0.0
IInN,1,0,1,1.0
IInP,1,0,1,1.0
IInS,0,0,0,
IInb,0,1,1,0.0
IInm,1,1,2,0.5
IInn,1,0,1,1.0
IIsB,0,1,1,0.0
IIsb,1,0,1,1.0
IIsm,0,1,1,0.0
IIss,0,0,0,
IKBn,0,1,1,0.0
IKLt,1,0,1,1.0
IKMB,1,0,1,1.0
IKML,0,1,1,0.0
IKMS,0,0,0,
IKNH,0,0,0,
IKNN,1,0,1,1.0
IKPB,1,0,1,1.0
IKPs,0,0,0,
IKSb,0,1,1,0.0
IKbM,0,1,1,0.0
IKhB,1,0,1,1.0
IKhP,1,0,1,1.0
IKmb,1,0,1,1.0
IKnL,1,0,1,1.0
IKsS,0,0,0,
ILBB,0,1,1,0.0
ILBL,0,1,1,0.0
ILBM,1,0,1,1.0
ILBN,1,0,1,1.0
ILBP,1,2,3,0.33
ILBS,2,1,3,0.67
ILBb,2,3,5,0.4
ILBj,1,1,2,0.5
ILBm,1,3,4,0.25
ILBn,3,2,5,0.6
ILBs,2,1,3,0.67
ILDH,1,0,1,1.0
ILDM,0,1,1,0.0
ILDN,0,1,1,0.0
ILDP,1,1,2,0.5
ILDm,0,0,0,
ILDs,0,0,0,
ILKH,0,1,1,0.0
ILKL,1,0,1,1.0
ILKM,0,2,2,0.0
ILKN,0,1,1,0.0
ILKP,0,0,0,
ILKb,0,0,0,
ILKh,1,0,1,1.0
ILKl,0,1,1,0.0
ILLB,1,1,2,0.5
ILLM,0,1,1,0.0
ILLN,2,0,2,1.0
ILLP,0,3,3,0.0
ILLb,1,0,1,1.0
ILLm,1,2,3,0.33
ILLn,3,1,4,0.75
ILLs,0,1,1,0.0
ILMB,1,0,1,1.0
ILMD,1,0,1,1.0
ILMH,1,0,1,1.0
ILMM,2,2,4,0.5
ILMN,1,1,2,0.5
ILMP,3,2,5,0.6
ILMb,0,3,3,0.0
ILMh,0,2,2,0.0
ILMj,0,0,0,
ILMl,2,1,3,0.67
ILMm,0,1,1,0.0
ILMn,2,4,6,0.33
ILMs,2,0,2,1.0
ILNB,3,2,5,0.6
ILNK,0,1,1,0.0
ILNL,0,0,0,
ILNM,3,2,5,0.6
ILNN,1,3,4,0.25
ILNP,3,2,5,0.6
ILNS,1,1,2,0.5
ILNb,1,1,2,0.5
ILNh,1,1,2,0.5
ILNl,2,0,2,1.0
ILNm,0,0,0,
ILNn,1,1,2,0.5
ILNs,0,2,2,0.0
ILNt,0,1,1,0.0
ILPB,2,2,4,0.5
ILPD,0,1,1,0.0
ILPH,1,0,1,1.0
ILPK,1,0,1,1.0
ILPL,1,3,4,0.25
ILPM,3,1,4,0.75
ILPN,1,2,3,0.33
ILPP,1,3,4,0.25
ILPS,0,2,2,0.0
ILPb,2,2,4,0.5
ILPl,1,0,1,1.0
ILPm,4,1,5,0.8
ILPn,1,1,2,0.5
ILPs,1,2,3,0.33
ILPt,1,1,2,0.5
ILSH,1,0,1,1.0
ILSL,0,1,1,0.0
ILSM,1,2,3,0.33
ILSP,1,0,1,1.0
ILSS,2,0,2,1.0
ILSb,1,0,1,1.0
ILSh,1,0,1,1.0
ILSm,0,0,0,
ILSn,3,1,4,0.75
ILSs,4,2,6,0.67
ILbB,1,1,2,0.5
ILbD,0,0,0,
ILbH,1,1,2,0.5
ILbI,1,0,1,1.0
ILbJ,2,0,2,1.0
ILbK,0,0,0,
ILbL,0,1,1,0.0
ILbM,2,1,3,0.67
ILbN,1,1,2,0.5
ILbP,2,1,3,0.67
ILbb,4,1,5,0.8
ILbl,0,0,0,
ILbm,1,1,2,0.5
ILbn,1,2,3,0.33
ILhH,1,0,1,1.0
ILhM,0,1,1,0.0
ILhS,0,1,1,0.0
ILhh,1,1,2,0.5
ILhl,0,0,0,
ILhn,1,0,1,1.0
ILjH,0,1,1,0.0
ILjN,0,2,2,0.0
ILjP,0,1,1,0.0
ILjb,0,1,1,0.0
ILjm,1,0,1,1.0
ILlH,1,0,1,1.0
ILlL,0,3,3,0.0
ILlM,1,1,2,0.5
ILlN,1,1,2,0.5
ILlP,2,0,2,1.0
ILlS,1,0,1,1.0
ILlb,0,2,2,0.0
ILll,0,2,2,0.0
ILln,0,4,4,0.0
ILls,0,0,0,
ILmB,3,1,4,0.75
ILmH,2,1,3,0.67
ILmM,1,3,4,0.25
ILmN,0,1,1,0.0
ILmP,2,3,5,0.4
ILmS,0,2,2,0.0
ILmb,1,0,1,1.0
ILml,0,0,0,
ILmm,1,1,2,0.5
ILmn,2,0,2,1.0
ILms,1,1,2,0.5
ILnB,0,2,2,0.0
ILnH,0,2,2,0.0
ILnL,1,1,2,0.5
ILnM,1,0,1,1.0
ILnN,3,3,6,0.5
ILnP,4,1,5,0.8
ILnS,4,1,5,0.8
ILnb,2,1,3,0.67
ILnm,2,3,5,0.4
ILnn,1,3,4,0.25
ILns,1,2,3,0.33
ILsB,1,3,4,0.25
ILsH,3,1,4,0.75
ILsM,1,0,1,1.0
ILsN,1,4,5,0.2
ILsP,3,1,4,0.75
ILsS,0,0,0,
ILsb,0,1,1,0.0
ILsm,2,1,3,0.67
ILsn,1,0,1,1.0
ILss,1,0,1,1.0
ILtB,1,1,2,0.5
ILtH,1,0,1,1.0
ILtN,1,1,2,0.5
ILtS,0,1,1,0.0
ILtb,2,1,3,0.67
ILtm,2,0,2,1.0
ILtt,0,1,1,0.0
IMBB,0,4,4,0.0
IMBL,1,2,3,0.33
IMBM,1,2,3,0.33
IMBN,3,5,8,0.38
IMBP,5,3,8,0.62
IMBS,4,3,7,0.57
IMBb,3,3,6,0.5
IMBj,0,0,0,
IMBl,0,2,2,0.0
IMBm,6,4,10,0.6
IMBn,7,2,9,0.78
IMBs,1,1,2,0.5
IMBt,0,1,1,0.0
IMDH,1,0,1,1.0
IMDL,1,0,1,1.0
IMDM,0,2,2,0.0
IMDN,1,0,1,1.0
IMDP,0,1,1,0.0
IMDS,2,0,2,1.0
IMDb,1,1,2,0.5
IMDh,1,0,1,1.0
IMDl,1,0,1,1.0
IMDm,0,1,1,0.0
IMDs,0,1,1,0.0
IMHM,1,0,1,1.0
IMIm,1,0,1,1.0
IMKh,0,1,1,0.0
IMKn,0,1,1,0.0
IMLB,1,1,2,0.5
IMLD,0,1,1,0.0
IMLL,1,0,1,1.0
IMLM,0,2,2,0.0
IMLN,2,3,5,0.4
IMLP,6,1,7,0.86
IMLS,0,1,1,0.0
IMLb,2,2,4,0.5
IMLh,0,2,2,0.0
IMLm,3,2,5,0.6
IMLn,1,1,2,0.5
IMLs,0,1,1,0.0
IMMB,3,5,8,0.38
IMMD,1,1,2,0.5
IMML,1,0,1,1.0
IMMM,3,3,6,0.5
IMMN,5,5,10,0.5
IMMP,7,2,9,0.78
IMMS,1,1,2,0.5
IMMb,6,1,7,0.86
IMMh,2,1,3,0.67
IMMj,1,0,1,1.0
IMMl,3,2,5,0.6
IMMm,9,1,10,0.9
IMMn,4,9,13,0.31
IMMs,2,6,8,0.25
IMMt,0,1,1,0.0
IMNB,6,3,9,0.67
IMNK,1,0,1,1.0
IMNL,2,1,3,0.67
IMNM,2,6,8,0.25
IMNN,7,7,14,0.5
IMNP,2,4,6,0.33
IMNS,4,2,6,0.67
IMNb,4,4,8,0.5
IMNh,1,1,2,0.5
IMNl,1,0,1,1.0
IMNm,3,3,6,0.5
IMNn,5,8,13,0.38
IMNs,3,5,8,0.38
IMNt,0,1,1,0.0
IMPB,4,4,8,0.5
IMPD,2,1,3,0.67
IMPH,1,1,2,0.5
IMPI,0,2,2,0.0
IMPK,0,1,1,0.0
IMPL,4,3,7,0.57
IMPM,3,2,5,0.6
IMPN,6,6,12,0.5
IMPP,5,6,11,0.45
IMPS,4,5,9,0.44
IMPb,4,4,8,0.5
IMPh,0,0,0,
IMPl,2,1,3,0.67
IMPm,2,5,7,0.29
IMPn,9,4,13,0.69
IMPs,4,5,9,0.44
IMPt,0,1,1,0.0
IMSB,2,4,6,0.33
IMSH,1,3,4,0.25
IMSM,1,3,4,0.25
IMSN,4,2,6,0.67
IMSP,4,2,6,0.67
IMSS,0,1,1,0.0
IMSb,3,1,4,0.75
IMSm,1,3,4,0.25
IMSn,5,2,7,0.71
IMSs,4,1,5,0.8
IMSt,1,0,1,1.0
IMbB,1,3,4,0.25
IMbH,1,0,1,1.0
IMbJ,0,2,2,0.0
IMbK,0,2,2,0.0
IMbL,2,3,5,0.4
IMbM,2,2,4,0.5
IMbN,2,2,4,0.5
IMbP,5,1,6,0.83
IMbS,0,3,3,0.0
IMbb,3,2,5,0.6
IMbl,0,1,1,0.0
IMbm,2,1,3,0.67
IMbn,4,3,7,0.57
IMbs,2,2,4,0.5
IMhB,1,3,4,0.25
IMhD,2,0,2,1.0
IMhH,0,2,2,0.0
IMhI,1,0,1,1.0
IMhM,3,7,10,0.3
IMhN,3,7,10,0.3
IMhP,3,3,6,0.5
IMhS,0,6,6,0.0
IMhb,4,1,5,0.8
IMhh,3,3,6,0.5
IMhl,4,2,6,0.67
IMhm,4,2,6,0.67
IMhn,4,3,7,0.57
IMhs,2,3,5,0.4
IMjB,1,0,1,1.0
IMjH,0,2,2,0.0
IMjM,2,1,3,0.67
IMjN,0,1,1,0.0
IMjP,1,3,4,0.25
IMjS,0,1,1,0.0
IMjb,2,1,3,0.67
IMjh,0,0,0,
IMjm,1,0,1,1.0
IMjn,1,0,1,1.0
IMjs,1,0,1,1.0
IMlB,1,1,2,0.5
IMlH,5,1,6,0.83
IMlI,2,0,2,1.0
IMlK,1,0,1,1.0
IMlL,1,0,1,1.0
IMlM,3,0,3,1.0
IMlN,5,4,9,0.56
IMlP,1,0,1,1.0
IMlS,1,3,4,0.25
IMlb,2,2,4,0.5
IMll,0,0,0,
IMlm,1,3,4,0.25
IMln,2,0,2,1.0
IMls,0,2,2,0.0
IMmB,4,7,11,0.36
IMmD,1,1,2,0.5
IMmH,4,3,7,0.57
IMmJ,1,0,1,1.0
IMmL,3,2,5,0.6
IMmM,4,5,9,0.44
IMmN,9,6,15,0.6
IMmP,3,5,8,0.38
IMmS,5,5,10,0.5
IMmb,4,4,8,0.5
IMml,0,2,2,0.0
IMmm,4,5,9,0.44
IMmn,2,5,7,0.29
IMms,4,2,6,0.67
IMnB,1,8,9,0.11
IMnD,0,1,1,0.0
IMnH,2,2,4,0.5
IMnI,1,0,1,1.0
IMnK,1,1,2,0.5
IMnL,1,0,1,1.0
IMnM,3,2,5,0.6
IMnN,5,9,14,0.36
IMnP,14,3,17,0.82
IMnS,3,2,5,0.6
IMnb,3,6,9,0.33
IMnh,0,1,1,0.0
IMnl,1,6,7,0.14
IMnm,7,3,10,0.7
IMnn,7,6,13,0.54
IMns,6,3,9,0.67
IMsB,1,2,3,0.33
IMsD,0,1,1,0.0
IMsH,2,2,4,0.5
IMsI,1,0,1,1.0
IMsL,1,0,1,1.0
IMsM,3,4,7,0.43
IMsN,2,1,3,0.67
IMsP,3,3,6,0.5
IMsS,2,7,9,0.22
IMsb,4,4,8,0.5
IMsl,1,1,2,0.5
IMsm,1,4,5,0.2
IMsn,4,2,6,0.67
IMss,1,0,1,1.0
IMtB,2,1,3,0.67
IMtL,0,1,1,0.0
IMtM,0,2,2,0.0
IMtN,1,0,1,1.0
IMtP,2,0,2,1.0
IMtS,2,1,3,0.67
IMtb,1,0,1,1.0
IMtm,1,1,2,0.5
IMtn,2,3,5,0.4
IMts,0,1,1,0.0
IMtt,1,0,1,1.0
INBB,4,3,7,0.57
INBL,1,2,3,0.33
INBM,4,1,5,0.8
INBN,2,6,8,0.25
INBP,4,7,11,0.36
INBS,2,1,3,0.67
INBb,0,1,1,0.0
INBh,1,1,2,0.5
INBj,2,1,3,0.67
INBl,1,0,1,1.0
INBm,6,6,12,0.5
INBn,5,6,11,0.45
INBs,4,2,6,0.67
INDB,0,1,1,0.0
INDH,1,0,1,1.0
INDM,0,1,1,0.0
INDP,1,1,2,0.5
INDS,1,0,1,1.0
INDm,1,1,2,0.5
INDn,0,0,0,
INHB,0,1,1,0.0
INHD,0,1,1,0.0
INHL,1,0,1,1.0
INHM,0,1,1,0.0
INHN,1,1,2,0.5
INHP,0,1,1,0.0
INHS,0,1,1,0.0
INHb,1,3,4,0.25
INHh,0,2,2,0.0
INHl,0,0,0,
INHm,2,0,2,1.0
INHn,1,2,3,0.33
INHs,0,1,1,0.0
INKD,1,0,1,1.0
INKI,0,1,1,0.0
INKL,0,1,1,0.0
INKM,0,1,1,0.0
INKP,0,1,1,0.0
INKb,0,1,1,0.0
INKm,2,2,4,0.5
INKn,0,1,1,0.0
INLB,0,3,3,0.0
INLM,2,5,7,0.29
INLN,0,2,2,0.0
INLP,1,1,2,0.5
INLS,1,0,1,1.0
INLb,1,1,2,0.5
INLh,3,0,3,1.0
INLj,0,0,0,
INLl,1,2,3,0.33
INLm,2,1,3,0.67
INLn,5,4,9,0.56
INLs,1,2,3,0.33
INMB,1,1,2,0.5
INML,4,2,6,0.67
INMM,2,3,5,0.4
INMN,1,6,7,0.14
INMP,2,6,8,0.25
INMS,4,2,6,0.67
INMb,4,3,7,0.57
INMh,0,3,3,0.0
INMj,1,0,1,1.0
INMl,1,1,2,0.5
INMm,3,4,7,0.43
INMn,8,5,13,0.62
INMs,4,1,5,0.8
INNB,1,4,5,0.2
INNK,1,1,2,0.5
INNL,2,4,6,0.33
INNM,9,5,14,0.64
INNN,2,3,5,0.4
INNP,9,5,14,0.64
INNS,3,4,7,0.43
INNb,1,4,5,0.2
INNh,1,3,4,0.25
INNl,0,1,1,0.0
INNm,9,6,15,0.6
INNn,6,4,10,0.6
INNs,3,3,6,0.5
INNt,0,1,1,0.0
INPB,6,3,9,0.67
INPD,5,1,6,0.83
INPH,2,1,3,0.67
INPI,1,1,2,0.5
INPK,1,0,1,1.0
INPL,8,2,10,0.8
INPM,6,8,14,0.43
INPN,5,7,12,0.42
INPP,7,6,13,0.54
INPS,10,4,14,0.71
INPb,8,3,11,0.73
INPh,1,1,2,0.5
INPl,4,0,4,1.0
INPm,6,5,11,0.55
INPn,7,7,14,0.5
INPs,2,4,6,0.33
INPt,2,0,2,1.0
INSB,6,2,8,0.75
INSD,0,1,1,0.0
INSH,3,0,3,1.0
INSL,0,4,4,0.0
INSM,3,4,7,0.43
INSN,6,3,9,0.67
INSP,6,3,9,0.67
INSS,1,5,6,0.17
INSb,1,0,1,1.0
INSh,0,1,1,0.0
INSl,2,1,3,0.67
INSm,2,3,5,0.4
INSn,2,1,3,0.67
INSs,2,4,6,0.33
INbB,2,7,9,0.22
INbD,2,1,3,0.67
INbI,1,1,2,0.5
INbJ,1,1,2,0.5
INbL,4,0,4,1.0
INbM,2,3,5,0.4
INbN,3,4,7,0.43
INbP,3,6,9,0.33
INbS,0,2,2,0.0
INbb,1,2,3,0.33
INbl,2,1,3,0.67
INbm,4,4,8,0.5
INbn,0,5,5,0.0
INbs,4,1,5,0.8
INhB,0,3,3,0.0
INhI,0,0,0,
INhL,0,1,1,0.0
INhM,1,1,2,0.5
INhN,4,0,4,1.0
INhP,1,0,1,1.0
INhS,0,1,1,0.0
INhh,0,1,1,0.0
INhm,1,0,1,1.0
INhn,1,2,3,0.33
INhs,1,0,1,1.0
INht,0,0,0,
INlB,2,2,4,0.5
INlD,1,0,1,1.0
INlH,1,0,1,1.0
INlI,1,0,1,1.0
INlJ,0,1,1,0.0
INlK,1,0,1,1.0
INlL,1,1,2,0.5
INlM,2,3,5,0.4
INlN,2,1,3,0.67
INlP,0,3,3,0.0
INlS,1,4,5,0.2
INlb,3,1,4,0.75
INln,0,1,1,0.0
INmB,5,1,6,0.83
INmD,3,0,3,1.0
INmH,1,2,3,0.33
INmJ,2,0,2,1.0
INmL,1,1,2,0.5
INmM,2,6,8,0.25
INmN,3,9,12,0.25
INmP,5,4,9,0.56
INmS,3,1,4,0.75
INmb,2,4,6,0.33
INml,3,1,4,0.75
INmm,2,1,3,0.67
INmn,4,1,5,0.8
INms,2,0,2,1.0
INnB,2,2,4,0.5
INnD,1,3,4,0.25
INnH,3,3,6,0.5
INnI,1,1,2,0.5
INnL,1,1,2,0.5
INnM,2,4,6,0.33
INnN,12,5,17,0.71
INnP,2,3,5,0.4
INnS,5,8,13,0.38
INnb,5,5,10,0.5
INnh,1,0,1,1.0
INnl,1,2,3,0.33
INnm,5,5,10,0.5
INnn,8,2,10,0.8
INns,5,3,8,0.62
INsB,1,3,4,0.25
INsD,2,1,3,0.67
INsH,2,0,2,1.0
INsL,1,0,1,1.0
INsM,1,3,4,0.25
INsN,2,6,8,0.25
INsP,3,3,6,0.5
INsS,1,4,5,0.2
INsb,1,1,2,0.5
INsl,2,1,3,0.67
INsm,3,1,4,0.75
INsn,4,2,6,0.67
INss,6,3,9,0.67
INtB,1,3,4,0.25
INtK,0,0,0,
INtL,1,1,2,0.5
INtM,1,1,2,0.5
INtN,1,2,3,0.33
INtP,1,0,1,1.0
INtS,0,1,1,0.0
INtn,1,0,1,1.0
INts,0,1,1,0.0
IPBB,5,5,10,0.5
IPBD,0,1,1,0.0
IPBK,0,0,0,
IPBL,2,4,6,0.33
IPBM,5,6,11,0.45
IPBN,5,5,10,0.5
IPBP,8,6,14,0.57
IPBS,1,2,3,0.33
IPBb,4,3,7,0.57
IPBh,2,1,3,0.67
IPBj,2,0,2,1.0
IPBl,3,1,4,0.75
IPBm,4,8,12,0.33
IPBn,1,5,6,0.17
IPBs,7,0,7,1.0
IPBt,1,1,2,0.5
IPDB,0,1,1,0.0
IPDD,0,1,1,0.0
IPDN,1,1,2,0.5
IPDP,1,1,2,0.5
IPDb,0,1,1,0.0
IPDl,0,1,1,0.0
IPDm,2,1,3,0.67
IPDn,2,0,2,1.0
IPHB,2,0,2,1.0
IPHK,0,1,1,0.0
IPHL,0,1,1,0.0
IPHM,0,0,0,
IPHN,3,0,3,1.0
IPHP,2,3,5,0.4
IPHS,0,1,1,0.0
IPHb,2,0,2,1.0
IPHh,1,0,1,1.0
IPHl,1,1,2,0.5
IPHm,2,1,3,0.67
IPHn,1,2,3,0.33
IPHs,3,1,4,0.75
IPIL,0,0,0,
IPIN,1,0,1,1.0
IPIS,0,0,0,
IPIb,0,1,1,0.0
IPIl,1,0,1,1.0
IPIm,2,0,2,1.0
IPIn,2,2,4,0.5
IPIs,1,0,1,1.0
IPKB,0,1,1,0.0
IPKD,0,1,1,0.0
IPKM,2,0,2,1.0
IPKN,1,0,1,1.0
IPKP,1,0,1,1.0
IPKS,0,1,1,0.0
IPKb,0,0,0,
IPKn,2,0,2,1.0
IPKs,1,0,1,1.0
IPLB,1,1,2,0.5
IPLD,2,0,2,1.0
IPLL,0,2,2,0.0
IPLM,2,5,7,0.29
IPLN,5,2,7,0.71
IPLP,3,1,4,0.75
IPLS,2,0,2,1.0
IPLb,4,3,7,0.57
IPLj,1,2,3,0.33
IPLl,2,2,4,0.5
IPLm,1,6,7,0.14
IPLn,2,5,7,0.29
IPLt,0,0,0,
IPMB,7,6,13,0.54
IPMD,1,0,1,1.0
IPMH,1,0,1,1.0
IPMK,1,0,1,1.0
IPML,0,1,1,0.0
IPMM,6,5,11,0.55
IPMN,6,6,12,0.5
IPMP,5,6,11,0.45
IPMS,6,5,11,0.55
IPMb,9,7,16,0.56
IPMh,5,5,10,0.5
IPMj,0,1,1,0.0
IPMl,4,2,6,0.67
IPMm,9,7,16,0.56
IPMn,12,7,19,0.63
IPMs,4,4,8,0.5
IPMt,2,2,4,0.5
IPNB,3,3,6,0.5
IPND,0,1,1,0.0
IPNH,3,1,4,0.75
IPNL,2,1,3,0.67
IPNM,4,4,8,0.5
IPNN,8,4,12,0.67
IPNP,12,5,17,0.71
IPNS,5,2,7,0.71
IPNb,1,8,9,0.11
IPNh,2,2,4,0.5
IPNl,1,4,5,0.2
IPNm,3,5,8,0.38
IPNn,5,7,12,0.42
IPNs,3,3,6,0.5
IPNt,2,0,2,1.0
IPPB,4,8,12,0.33
IPPH,1,3,4,0.25
IPPK,2,1,3,0.67
IPPL,3,5,8,0.38
IPPM,6,12,18,0.33
IPPN,10,6,16,0.62
IPPP,9,7,16,0.56
IPPS,6,6,12,0.5
IPPb,7,8,15,0.47
IPPl,5,7,12,0.42
IPPm,11,12,23,0.48
IPPn,3,7,10,0.3
IPPs,4,6,10,0.4
IPPt,1,2,3,0.33
IPSB,3,1,4,0.75
IPSH,2,2,4,0.5
IPSL,2,2,4,0.5
IPSM,3,4,7,0.43
IPSN,3,3,6,0.5
IPSP,5,10,15,0.33
IPSS,5,2,7,0.71
IPSb,3,4,7,0.43
IPSh,3,1,4,0.75
IPSl,2,1,3,0.67
IPSm,2,5,7,0.29
IPSn,2,4,6,0.33
IPSs,2,4,6,0.33
IPSt,1,1,2,0.5
IPbB,5,7,12,0.42
IPbD,1,0,1,1.0
IPbH,1,2,3,0.33
IPbI,1,0,1,1.0
IPbJ,0,0,0,
IPbK,0,1,1,0.0
IPbL,4,1,5,0.8
IPbM,3,6,9,0.33
IPbN,7,3,10,0.7
IPbP,9,5,14,0.64
IPbS,3,0,3,1.0
IPbb,3,2,5,0.6
IPbh,1,0,1,1.0
IPbl,5,5,10,0.5
IPbm,10,4,14,0.71
IPbn,5,7,12,0.42
IPbs,3,3,6,0.5
IPhB,1,0,1,1.0
IPhH,0,1,1,0.0
IPhL,0,1,1,0.0
IPhM,1,0,1,1.0
IPhS,1,0,1,1.0
IPhb,0,1,1,0.0
IPhh,1,0,1,1.0
IPhm,2,1,3,0.67
IPhs,0,1,1,0.0
IPlB,2,5,7,0.29
IPlH,3,1,4,0.75
IPlI,1,0,1,1.0
IPlJ,0,0,0,
IPlL,0,1,1,0.0
IPlM,2,3,5,0.4
IPlN,2,2,4,0.5
IPlP,3,2,5,0.6
IPlS,1,2,3,0.33
IPlb,4,3,7,0.57
IPll,0,3,3,0.0
IPlm,0,2,2,0.0
IPln,3,1,4,0.75
IPls,0,3,3,0.0
IPmB,5,3,8,0.62
IPmH,1,4,5,0.2
IPmJ,1,4,5,0.2
IPmL,2,4,6,0.33
IPmM,8,7,15,0.53
IPmN,1,4,5,0.2
IPmP,5,9,14,0.36
IPmS,4,5,9,0.44
IPmb,7,7,14,0.5
IPml,3,4,7,0.43
IPmm,6,3,9,0.67
IPmn,6,3,9,0.67
IPms,2,1,3,0.67
IPnB,4,2,6,0.67
IPnD,0,1,1,0.0
IPnH,1,0,1,1.0
IPnI,1,0,1,1.0
IPnK,0,1,1,0.0
IPnL,0,2,2,0.0
IPnM,2,4,6,0.33
IPnN,4,6,10,0.4
IPnP,7,8,15,0.47
IPnS,0,5,5,0.0
IPnb,6,3,9,0.67
IPnl,3,3,6,0.5
IPnm,8,1,9,0.89
IPnn,2,4,6,0.33
IPns,6,4,10,0.6
IPsB,2,2,4,0.5
IPsD,0,1,1,0.0
IPsH,3,3,6,0.5
IPsI,1,1,2,0.5
IPsL,2,2,4,0.5
IPsM,0,1,1,0.0
IPsN,5,3,8,0.62
IPsP,3,3,6,0.5
IPsS,2,6,8,0.25
IPsb,5,4,9,0.56
IPsl,4,1,5,0.8
IPsm,5,0,5,1.0
IPsn,2,2,4,0.5
IPss,2,5,7,0.29
IPtM,0,1,1,0.0
IPtN,0,1,1,0.0
IPtP,2,3,5,0.4
IPtb,2,2,4,0.5
IPth,0,1,1,0.0
IPtl,0,1,1,0.0
IPtm,1,2,3,0.33
IPtn,0,2,2,0.0
IPtt,0,1,1,0.0
ISBB,2,4,6,0.33
ISBD,1,0,1,1.0
ISBH,1,0,1,1.0
ISBL,1,2,3,0.33
ISBM,2,4,6,0.33
ISBN,3,1,4,0.75
ISBP,4,2,6,0.67
ISBS,2,1,3,0.67
ISBb,5,2,7,0.71
ISBj,0,2,2,0.0
ISBl,1,0,1,1.0
ISBm,1,1,2,0.5
ISBn,3,3,6,0.5
ISBs,2,1,3,0.67
ISBt,0,0,0,
ISDB,0,1,1,0.0
ISDI,0,1,1,0.0
ISDM,0,1,1,0.0
ISDP,0,1,1,0.0
ISDS,0,2,2,0.0
ISDm,0,0,0,
ISDn,1,0,1,1.0
ISDs,0,1,1,0.0
ISHB,2,2,4,0.5
ISHD,0,1,1,0.0
ISHH,0,1,1,0.0
ISHL,1,1,2,0.5
ISHM,2,6,8,0.25
ISHN,0,1,1,0.0
ISHP,2,0,2,1.0
ISHS,4,3,7,0.57
ISHb,2,1,3,0.67
ISHh,0,1,1,0.0
ISHl,0,2,2,0.0
ISHm,1,1,2,0.5
ISHn,2,3,5,0.4
ISHs,1,3,4,0.25
ISIM,1,0,1,1.0
ISIN,0,1,1,0.0
ISIP,1,2,3,0.33
ISIS,1,0,1,1.0
ISIm,2,2,4,0.5
ISKL,1,0,1,1.0
ISKS,0,1,1,0.0
ISKh,0,0,0,
ISLB,4,1,5,0.8
ISLL,0,2,2,0.0
ISLM,0,1,1,0.0
ISLN,2,2,4,0.5
ISLP,1,4,5,0.2
ISLb,0,1,1,0.0
ISLh,2,0,2,1.0
ISLl,0,1,1,0.0
ISLm,5,2,7,0.71
ISLn,1,2,3,0.33
ISMB,2,2,4,0.5
ISMD,1,0,1,1.0
ISML,1,1,2,0.5
ISMM,4,5,9,0.44
ISMN,3,3,6,0.5
ISMP,5,1,6,0.83
ISMS,0,2,2,0.0
ISMb,5,5,10,0.5
ISMh,0,3,3,0.0
ISMj,1,0,1,1.0
ISMl,1,1,2,0.5
ISMm,4,4,8,0.5
ISMn,7,0,7,1.0
ISMs,3,5,8,0.38
ISMt,1,0,1,1.0
ISNB,1,1,2,0.5
ISND,1,0,1,1.0
ISNL,1,1,2,0.5
ISNM,2,3,5,0.4
ISNN,2,1,3,0.67
ISNP,4,6,10,0.4
ISNS,7,1,8,0.88
ISNb,1,3,4,0.25
ISNh,2,0,2,1.0
ISNl,0,1,1,0.0
ISNm,5,1,6,0.83
ISNn,3,4,7,0.43
ISNs,3,0,3,1.0
ISNt,0,1,1,0.0
ISPB,4,0,4,1.0
ISPH,3,0,3,1.0
ISPI,1,0,1,1.0
ISPL,2,3,5,0.4
ISPM,4,4,8,0.5
ISPN,3,6,9,0.33
ISPP,9,5,14,0.64
ISPS,3,1,4,0.75
ISPb,7,2,9,0.78
ISPh,1,0,1,1.0
ISPl,1,2,3,0.33
ISPm,5,3,8,0.62
ISPn,4,1,5,0.8
ISPs,3,6,9,0.33
ISPt,0,1,1,0.0
ISSB,1,1,2,0.5
ISSD,0,2,2,0.0
ISSH,0,1,1,0.0
ISSI,1,0,1,1.0
ISSL,2,0,2,1.0
ISSM,3,4,7,0.43
ISSN,5,0,5,1.0
ISSP,1,4,5,0.2
ISSS,6,6,12,0.5
ISSb,2,3,5,0.4
ISSh,3,3,6,0.5
ISSl,1,0,1,1.0
ISSm,2,2,4,0.5
ISSn,3,4,7,0.43
ISSs,3,5,8,0.38
ISSt,1,1,2,0.5
ISbB,2,2,4,0.5
ISbD,2,0,2,1.0
ISbH,0,1,1,0.0
ISbJ,1,1,2,0.5
ISbK,0,1,1,0.0
ISbL,0,1,1,0.0
ISbM,1,2,3,0.33
ISbN,4,1,5,0.8
ISbP,6,4,10,0.6
ISbS,0,1,1,0.0
ISbb,2,2,4,0.5
ISbh,0,1,1,0.0
ISbm,1,2,3,0.33
ISbn,0,1,1,0.0
ISbs,2,2,4,0.5
IShB,1,1,2,0.5
IShH,1,0,1,1.0
IShL,1,1,2,0.5
IShM,1,1,2,0.5
IShN,2,1,3,0.67
IShP,2,3,5,0.4
IShS,0,2,2,0.0
IShb,1,0,1,1.0
IShh,1,1,2,0.5
IShl,0,1,1,0.0
IShm,2,0,2,1.0
IShn,2,0,2,1.0
IShs,3,1,4,0.75
ISht,1,0,1,1.0
ISlB,2,0,2,1.0
ISlH,1,0,1,1.0
ISlI,0,0,0,
ISlL,0,0,0,
ISlM,0,4,4,0.0
ISlN,1,2,3,0.33
ISlP,2,2,4,0.5
ISlS,1,0,1,1.0
ISlb,1,0,1,1.0
ISll,0,1,1,0.0
ISlm,1,1,2,0.5
ISln,0,1,1,0.0
ISls,0,1,1,0.0
ISmB,3,0,3,1.0
ISmH,1,3,4,0.25
ISmJ,1,0,1,1.0
ISmK,1,0,1,1.0
ISmL,1,1,2,0.5
ISmM,7,3,10,0.7
ISmN,4,1,5,0.8
ISmP,4,9,13,0.31
ISmS,1,2,3,0.33
ISmb,3,2,5,0.6
ISml,2,0,2,1.0
ISmm,7,1,8,0.88
ISmn,4,3,7,0.57
ISms,3,0,3,1.0
ISnB,1,2,3,0.33
ISnD,1,0,1,1.0
ISnH,2,0,2,1.0
ISnL,1,1,2,0.5
ISnM,2,2,4,0.5
ISnN,5,5,10,0.5
ISnP,3,5,8,0.38
ISnS,5,8,13,0.38
ISnb,3,3,6,0.5
ISnh,1,1,2,0.5
ISnl,2,1,3,0.67
ISnm,1,2,3,0.33
ISnn,5,2,7,0.71
ISns,3,2,5,0.6
ISsB,2,1,3,0.67
ISsD,0,2,2,0.0
ISsH,3,3,6,0.5
ISsI,0,0,0,
ISsL,0,2,2,0.0
ISsM,3,4,7,0.43
ISsN,3,4,7,0.43
ISsP,5,6,11,0.45
ISsS,1,8,9,0.11
ISsh,0,1,1,0.0
ISsl,3,3,6,0.5
ISsm,3,1,4,0.75
ISsn,2,2,4,0.5
ISss,3,0,3,1.0
ISst,1,0,1,1.0
IStH,1,0,1,1.0
IStM,0,4,4,0.0
IStN,2,1,3,0.67
IStP,1,1,2,0.5
IStS,4,1,5,0.8
IStb,0,0,0,
IStl,1,0,1,1.0
IStm,1,0,1,1.0
IStn,2,1,3,0.67
IbBB,5,6,11,0.45
IbBD,0,0,0,
IbBL,2,3,5,0.4
IbBM,2,1,3,0.67
IbBN,4,6,10,0.4
IbBP,4,5,9,0.44
IbBS,0,6,6,0.0
IbBb,4,2,6,0.67
IbBh,3,1,4,0.75
IbBj,1,2,3,0.33
IbBl,0,3,3,0.0
IbBm,2,5,7,0.29
IbBn,5,1,6,0.83
IbBs,0,1,1,0.0
IbDD,2,0,2,1.0
IbDH,0,1,1,0.0
IbDP,2,1,3,0.67
IbDm,0,0,0,
IbHB,1,0,1,1.0
IbHH,0,1,1,0.0
IbHL,0,0,0,
IbHM,1,1,2,0.5
IbHN,1,0,1,1.0
IbHP,1,0,1,1.0
IbHS,0,0,0,
IbHb,1,2,3,0.33
IbHh,0,1,1,0.0
IbHl,1,0,1,1.0
IbHn,1,2,3,0.33
IbHs,5,1,6,0.83
IbIB,1,1,2,0.5
IbID,1,0,1,1.0
IbIM,0,1,1,0.0
IbIN,1,0,1,1.0
IbIm,1,0,1,1.0
IbJB,1,0,1,1.0
IbJD,1,0,1,1.0
IbJH,0,1,1,0.0
IbJI,0,0,0,
IbJL,1,0,1,1.0
IbJM,3,0,3,1.0
IbJN,2,0,2,1.0
IbJP,1,6,7,0.14
IbJb,3,1,4,0.75
IbJh,0,1,1,0.0
IbJm,1,3,4,0.25
IbJn,0,2,2,0.0
IbJs,1,0,1,1.0
IbJt,1,0,1,1.0
IbKB,0,1,1,0.0
IbKL,0,1,1,0.0
IbKP,2,1,3,0.67
IbKS,0,1,1,0.0
IbKh,0,0,0,
IbKm,2,0,2,1.0
IbKs,2,0,2,1.0
IbLB,1,2,3,0.33
IbLM,4,2,6,0.67
IbLN,3,3,6,0.5
IbLP,2,2,4,0.5
IbLS,3,2,5,0.6
IbLb,0,0,0,
IbLh,1,0,1,1.0
IbLm,1,1,2,0.5
IbLn,2,1,3,0.67
IbLt,1,0,1,1.0
IbMB,2,2,4,0.5
IbMD,1,0,1,1.0
IbML,2,1,3,0.67
IbMM,9,2,11,0.82
IbMN,5,4,9,0.56
IbMP,4,6,10,0.4
IbMS,3,3,6,0.5
IbMb,3,4,7,0.43
IbMh,2,2,4,0.5
IbMj,3,1,4,0.75
IbMl,1,2,3,0.33
IbMm,7,3,10,0.7
IbMn,4,6,10,0.4
IbMs,2,1,3,0.67
IbMt,0,2,2,0.0
IbNB,8,3,11,0.73
IbND,0,1,1,0.0
IbNH,1,2,3,0.33
IbNL,0,2,2,0.0
IbNM,5,2,7,0.71
IbNN,6,4,10,0.6
IbNP,6,6,12,0.5
IbNS,0,2,2,0.0
IbNb,5,4,9,0.56
IbNh,0,2,2,0.0
IbNm,3,5,8,0.38
IbNn,3,6,9,0.33
IbNs,4,1,5,0.8
IbNt,2,0,2,1.0
IbPB,8,1,9,0.89
IbPD,0,1,1,0.0
IbPH,1,1,2,0.5
IbPI,2,1,3,0.67
IbPK,0,2,2,0.0
IbPL,4,1,5,0.8
IbPM,6,9,15,0.4
IbPN,5,3,8,0.62
IbPP,8,9,17,0.47
IbPS,5,4,9,0.56
IbPb,8,3,11,0.73
IbPh,2,1,3,0.67
IbPl,4,3,7,0.57
IbPm,9,4,13,0.69
IbPn,6,3,9,0.67
IbPs,0,5,5,0.0
IbPt,0,1,1,0.0
IbSB,0,2,2,0.0
IbSD,0,0,0,
IbSH,2,0,2,1.0
IbSI,1,0,1,1.0
IbSL,3,0,3,1.0
IbSM,4,3,7,0.57
IbSN,1,2,3,0.33
IbSP,6,6,12,0.5
IbSS,0,0,0,
IbSb,1,1,2,0.5
IbSh,1,3,4,0.25
IbSl,0,0,0,
IbSm,3,2,5,0.6
IbSn,2,2,4,0.5
IbSs,2,2,4,0.5
IbSt,0,1,1,0.0
IbbB,2,6,8,0.25
IbbH,0,2,2,0.0
IbbK,1,0,1,1.0
IbbL,1,1,2,0.5
IbbM,3,5,8,0.38
IbbN,4,7,11,0.36
IbbP,8,5,13,0.62
IbbS,2,2,4,0.5
Ibbb,7,7,14,0.5
Ibbl,2,1,3,0.67
Ibbm,3,5,8,0.38
Ibbn,4,2,6,0.67
Ibbs,3,2,5,0.6
IblB,2,0,2,1.0
IblH,1,0,1,1.0
IblL,3,0,3,1.0
IblM,0,3,3,0.0
IblN,2,2,4,0.5
IblP,0,0,0,
IblS,0,1,1,0.0
Iblb,3,2,5,0.6
Ibll,1,0,1,1.0
Iblm,0,0,0,
Ibln,1,1,2,0.5
Ibls,1,1,2,0.5
IbmB,3,2,5,0.6
IbmD,1,0,1,1.0
IbmH,1,1,2,0.5
IbmI,0,2,2,0.0
IbmJ,0,1,1,0.0
IbmL,0,1,1,0.0
IbmM,5,1,6,0.83
IbmN,1,2,3,0.33
IbmP,4,7,11,0.36
IbmS,4,2,6,0.67
Ibmb,2,2,4,0.5
Ibml,2,0,2,1.0
Ibmm,4,1,5,0.8
Ibmn,3,4,7,0.43
Ibms,0,2,2,0.0
IbnB,1,0,1,1.0
IbnD,1,0,1,1.0
IbnH,0,3,3,0.0
IbnI,0,1,1,0.0
IbnL,0,3,3,0.0
IbnM,4,2,6,0.67
IbnN,3,4,7,0.43
IbnP,3,5,8,0.38
IbnS,3,3,6,0.5
Ibnb,7,4,11,0.64
Ibnl,0,2,2,0.0
Ibnm,9,0,9,1.0
Ibnn,4,2,6,0.67
Ibns,3,2,5,0.6
IbsB,1,3,4,0.25
IbsD,0,1,1,0.0
IbsH,2,0,2,1.0
IbsM,1,1,2,0.5
IbsN,2,2,4,0.5
IbsP,1,2,3,0.33
IbsS,4,2,6,0.67
Ibsb,4,2,6,0.67
Ibsh,1,0,1,1.0
Ibsl,0,1,1,0.0
Ibsm,4,1,5,0.8
Ibsn,2,0,2,1.0
Ibss,0,0,0,
IhLm,1,0,1,1.0
IhMM,0,1,1,0.0
IhNS,1,0,1,1.0
IhNm,0,1,1,0.0
IhPM,0,1,1,0.0
IhSL,1,0,1,1.0
IhSb,0,1,1,0.0
IhSm,1,0,1,1.0
IhbJ,1,0,1,1.0
IhbS,0,0,0,
IhhI,0,1,1,0.0
IhhN,1,0,1,1.0
Ihhs,0,0,0,
IhlJ,0,0,0,
Ihlm,0,1,1,0.0
IhmM,1,0,1,1.0
IhsS,1,0,1,1.0
IhtP,0,1,1,0.0
IlBB,3,1,4,0.75
IlBK,0,1,1,0.0
IlBM,2,0,2,1.0
IlBN,0,0,0,
IlBP,0,2,2,0.0
IlBS,2,3,5,0.4
IlBb,2,1,3,0.67
IlBl,0,1,1,0.0
IlBm,1,1,2,0.5
IlBn,5,2,7,0.71
IlBs,2,1,3,0.67
IlBt,0,0,0,
IlDs,1,1,2,0.5
IlDt,1,0,1,1.0
IlHI,0,1,1,0.0
IlHL,0,1,1,0.0
IlHM,0,1,1,0.0
IlHN,0,3,3,0.0
IlHP,3,1,4,0.75
IlHS,1,0,1,1.0
IlHb,1,0,1,1.0
IlHm,2,0,2,1.0
IlHn,1,1,2,0.5
IlHs,0,1,1,0.0
IlID,0,1,1,0.0
IlIH,1,0,1,1.0
IlIP,1,0,1,1.0
IlIm,1,0,1,1.0
IlJL,0,1,1,0.0
IlJP,1,1,2,0.5
IlJS,1,0,1,1.0
IlJm,0,0,0,
IlJn,0,0,0,
IlKB,1,0,1,1.0
IlKH,1,0,1,1.0
IlKP,1,0,1,1.0
IlLB,1,0,1,1.0
IlLL,0,1,1,0.0
IlLN,1,0,1,1.0
IlLP,0,1,1,0.0
IlLb,0,1,1,0.0
IlLj,1,0,1,1.0
IlLm,1,0,1,1.0
IlLn,1,0,1,1.0
IlMB,1,2,3,0.33
IlML,1,1,2,0.5
IlMM,0,4,4,0.0
IlMN,1,0,1,1.0
IlMP,1,4,5,0.2
IlMS,0,1,1,0.0
IlMb,0,1,1,0.0
IlMh,0,0,0,
IlMl,0,2,2,0.0
IlMm,0,0,0,
IlMn,0,2,2,0.0
IlMs,1,0,1,1.0
IlMt,1,0,1,1.0
IlNB,0,1,1,0.0
IlND,0,1,1,0.0
IlNH,1,0,1,1.0
IlNL,1,1,2,0.5
IlNM,2,1,3,0.67
IlNN,0,2,2,0.0
IlNP,1,1,2,0.5
IlNS,1,2,3,0.33
IlNb,7,3,10,0.7
IlNm,0,1,1,0.0
IlNn,1,0,1,1.0
IlNs,0,1,1,0.0
IlPB,1,3,4,0.25
IlPH,0,1,1,0.0
IlPL,4,0,4,1.0
IlPM,1,0,1,1.0
IlPN,0,2,2,0.0
IlPP,3,2,5,0.6
IlPS,2,0,2,1.0
IlPb,2,0,2,1.0
IlPm,1,0,1,1.0
IlPn,6,1,7,0.86
IlPs,3,0,3,1.0
IlPt,0,0,0,
IlSB,0,1,1,0.0
IlSI,1,0,1,1.0
IlSL,0,1,1,0.0
IlSN,0,1,1,0.0
IlSP,1,3,4,0.25
IlSS,3,0,3,1.0
IlSh,1,1,2,0.5
IlSm,0,2,2,0.0
IlSn,3,1,4,0.75
IlSs,1,3,4,0.25
IlSt,0,1,1,0.0
IlbB,1,1,2,0.5
IlbD,1,0,1,1.0
IlbH,0,0,0,
IlbL,1,1,2,0.5
IlbM,1,4,5,0.2
IlbN,2,3,5,0.4
IlbP,2,0,2,1.0
Ilbb,4,3,7,0.57
Ilbm,0,1,1,0.0
Ilbn,0,1,1,0.0
Ilbs,1,0,1,1.0
IlhN,1,0,1,1.0
IllB,3,3,6,0.5
IllH,0,1,1,0.0
IllJ,0,1,1,0.0
IllL,1,0,1,1.0
IllM,1,0,1,1.0
IllN,1,0,1,1.0
IllP,1,1,2,0.5
IllS,1,0,1,1.0
Illb,0,1,1,0.0
Ills,0,0,0,
IlmB,3,2,5,0.6
IlmD,0,1,1,0.0
IlmL,1,0,1,1.0
IlmM,2,1,3,0.67
IlmN,0,1,1,0.0
IlmP,1,2,3,0.33
IlmS,0,1,1,0.0
Ilmb,2,0,2,1.0
Ilmm,1,0,1,1.0
Ilmn,1,2,3,0.33
IlnB,0,1,1,0.0
IlnH,0,1,1,0.0
IlnM,1,0,1,1.0
IlnN,2,0,2,1.0
IlnP,2,2,4,0.5
IlnS,0,0,0,
Ilnb,4,0,4,1.0
Ilnl,0,0,0,
Ilnm,1,0,1,1.0
Ilnn,1,0,1,1.0
IlsB,1,0,1,1.0
IlsM,3,0,3,1.0
IlsN,0,2,2,0.0
IlsP,1,0,1,1.0
IlsS,0,0,0,
Ilsb,0,1,1,0.0
Ilsm,1,0,1,1.0
Ilss,1,2,3,0.33
ImBB,1,4,5,0.2
ImBK,0,0,0,
ImBL,1,1,2,0.5
ImBM,4,4,8,0.5
ImBN,4,3,7,0.57
ImBP,6,5,11,0.55
ImBS,1,2,3,0.33
ImBb,1,5,6,0.17
ImBh,0,0,0,
ImBj,2,1,3,0.67
ImBl,1,1,2,0.5
ImBm,2,5,7,0.29
ImBn,0,5,5,0.0
ImBs,1,1,2,0.5
ImBt,1,1,2,0.5
ImDB,1,1,2,0.5
ImDD,1,0,1,1.0
ImDH,0,2,2,0.0
ImDM,1,0,1,1.0
ImDN,0,2,2,0.0
ImDP,1,0,1,1.0
ImDm,1,1,2,0.5
ImDs,0,1,1,0.0
ImHB,2,0,2,1.0
ImHD,1,0,1,1.0
ImHI,1,0,1,1.0
ImHL,1,1,2,0.5
ImHM,2,1,3,0.67
ImHN,1,1,2,0.5
ImHP,3,3,6,0.5
ImHS,3,1,4,0.75
ImHb,3,1,4,0.75
ImHh,3,1,4,0.75
ImHm,0,5,5,0.0
ImHn,4,1,5,0.8
ImHs,0,2,2,0.0
ImHt,0,1,1,0.0
ImID,0,1,1,0.0
ImIN,2,0,2,1.0
ImIl,0,1,1,0.0
ImIn,2,0,2,1.0
ImJB,1,0,1,1.0
ImJM,0,1,1,0.0
ImJN,1,0,1,1.0
ImJP,0,1,1,0.0
ImJb,1,0,1,1.0
ImJm,1,0,1,1.0
ImJn,0,1,1,0.0
ImJs,0,0,0,
ImKM,1,0,1,1.0
ImLB,2,2,4,0.5
ImLM,0,3,3,0.0
ImLN,1,3,4,0.25
ImLP,1,0,1,1.0
ImLS,2,1,3,0.67
ImLh,0,1,1,0.0
ImLl,1,0,1,1.0
ImLm,2,1,3,0.67
ImLn,1,1,2,0.5
ImLs,1,2,3,0.33
ImLt,1,0,1,1.0
ImMB,3,5,8,0.38
ImMD,1,2,3,0.33
ImML,3,1,4,0.75
ImMM,7,2,9,0.78
ImMN,3,9,12,0.25
ImMP,5,4,9,0.56
ImMS,5,6,11,0.45
ImMb,5,3,8,0.62
ImMh,2,4,6,0.33
ImMj,0,1,1,0.0
ImMl,2,0,2,1.0
ImMm,3,3,6,0.5
ImMn,5,6,11,0.45
ImMs,2,3,5,0.4
ImMt,1,1,2,0.5
ImNB,6,4,10,0.6
ImND,0,1,1,0.0
ImNK,0,0,0,
ImNL,1,2,3,0.33
ImNM,3,2,5,0.6
ImNN,3,5,8,0.38
ImNP,6,5,11,0.55
ImNS,7,1,8,0.88
ImNb,7,3,10,0.7
ImNh,2,0,2,1.0
ImNl,2,0,2,1.0
ImNm,7,5,12,0.58
ImNn,5,3,8,0.62
ImNs,2,2,4,0.5
ImNt,1,1,2,0.5
ImPB,4,3,7,0.57
ImPD,1,2,3,0.33
ImPH,0,3,3,0.0
ImPI,0,0,0,
ImPK,0,2,2,0.0
ImPL,1,1,2,0.5
ImPM,4,2,6,0.67
ImPN,3,5,8,0.38
ImPP,6,9,15,0.4
ImPS,3,4,7,0.43
ImPb,3,5,8,0.38
ImPh,1,0,1,1.0
ImPl,0,2,2,0.0
ImPm,7,6,13,0.54
ImPn,4,2,6,0.67
ImPs,3,4,7,0.43
ImSB,2,2,4,0.5
ImSD,3,0,3,1.0
ImSH,0,4,4,0.0
ImSK,0,1,1,0.0
ImSL,1,0,1,1.0
ImSM,3,4,7,0.43
ImSN,3,2,5,0.6
ImSP,2,1,3,0.67
ImSS,1,4,5,0.2
ImSb,1,1,2,0.5
ImSh,2,2,4,0.5
ImSm,0,3,3,0.0
ImSn,4,3,7,0.57
ImSs,5,3,8,0.62
ImbB,9,3,12,0.75
ImbH,1,0,1,1.0
ImbI,0,1,1,0.0
ImbJ,3,2,5,0.6
ImbK,1,1,2,0.5
ImbL,3,0,3,1.0
ImbM,6,6,12,0.5
ImbN,6,2,8,0.75
ImbP,5,5,10,0.5
ImbS,1,1,2,0.5
Imbb,8,2,10,0.8
Imbl,0,1,1,0.0
Imbm,2,4,6,0.33
Imbn,5,3,8,0.62
Imbs,1,1,2,0.5
Imbt,0,1,1,0.0
ImhS,0,0,0,
ImlD,1,0,1,1.0
ImlH,1,0,1,1.0
ImlM,2,1,3,0.67
ImlN,2,0,2,1.0
ImlP,2,0,2,1.0
ImlS,3,1,4,0.75
Imlb,2,1,3,0.67
Imln,0,1,1,0.0
ImmB,3,2,5,0.6
ImmD,1,0,1,1.0
ImmH,2,2,4,0.5
ImmJ,0,1,1,0.0
ImmL,1,1,2,0.5
ImmM,4,3,7,0.57
ImmN,4,3,7,0.57
ImmP,5,1,6,0.83
ImmS,1,1,2,0.5
Immb,4,5,9,0.44
Immm,3,4,7,0.43
Immn,3,4,7,0.43
Imms,0,2,2,0.0
ImnB,1,2,3,0.33
ImnD,0,0,0,
ImnH,1,0,1,1.0
ImnI,0,1,1,0.0
ImnM,5,7,12,0.42
ImnN,5,4,9,0.56
ImnP,4,8,12,0.33
ImnS,5,2,7,0.71
Imnb,1,0,1,1.0
Imnl,2,0,2,1.0
Imnm,1,1,2,0.5
Imnn,4,1,5,0.8
Imns,1,2,3,0.33
ImsB,2,1,3,0.67
ImsD,0,0,0,
ImsH,1,4,5,0.2
ImsL,1,1,2,0.5
ImsM,0,2,2,0.0
ImsN,2,1,3,0.67
ImsP,0,1,1,0.0
ImsS,2,1,3,0.67
Imsb,1,2,3,0.33
Imsl,2,1,3,0.67
Imsm,2,3,5,0.4
Imsn,1,2,3,0.33
Imss,1,2,3,0.33
InBB,2,4,6,0.33
InBD,0,0,0,
InBL,0,1,1,0.0
InBM,2,5,7,0.29
InBN,3,1,4,0.75
InBP,1,2,3,0.33
InBS,0,0,0,
InBb,0,3,3,0.0
InBj,3,1,4,0.75
InBl,2,2,4,0.5
InBm,2,0,2,1.0
InBn,1,1,2,0.5
InBs,2,1,3,0.67
InBt,1,1,2,0.5
InDB,1,0,1,1.0
InDD,0,2,2,0.0
InDM,0,1,1,0.0
InDN,0,2,2,0.0
InDS,0,1,1,0.0
InDb,1,1,2,0.5
InDh,0,1,1,0.0
InDm,0,3,3,0.0
InDn,0,2,2,0.0
InHB,1,1,2,0.5
InHH,1,0,1,1.0
InHI,0,1,1,0.0
InHK,0,0,0,
InHL,1,2,3,0.33
InHM,1,0,1,1.0
InHN,7,2,9,0.78
InHP,1,3,4,0.25
InHS,2,1,3,0.67
InHb,0,3,3,0.0
InHh,2,0,2,1.0
InHl,1,1,2,0.5
InHm,2,3,5,0.4
InHn,2,1,3,0.67
InHs,2,1,3,0.67
InIP,1,0,1,1.0
InIS,1,2,3,0.33
InIb,1,0,1,1.0
InIl,3,1,4,0.75
InIm,1,1,2,0.5
InIs,0,0,0,
InKH,1,0,1,1.0
InKh,1,1,2,0.5
InKm,0,1,1,0.0
InKn,0,1,1,0.0
InKs,1,0,1,1.0
InLB,1,1,2,0.5
InLL,1,0,1,1.0
InLM,0,0,0,
InLN,1,2,3,0.33
InLP,2,0,2,1.0
InLb,0,2,2,0.0
InLh,0,0,0,
InLl,0,0,0,
InLm,2,3,5,0.4
InLn,3,2,5,0.6
InLs,1,1,2,0.5
InLt,0,1,1,0.0
InMB,1,3,4,0.25
InMD,1,0,1,1.0
InML,1,2,3,0.33
InMM,3,3,6,0.5
InMN,3,6,9,0.33
InMP,7,3,10,0.7
InMS,1,6,7,0.14
InMb,2,1,3,0.67
InMh,4,1,5,0.8
InMj,1,0,1,1.0
InMl,2,0,2,1.0
InMm,3,2,5,0.6
InMn,3,5,8,0.38
InMs,5,0,5,1.0
InMt,2,3,5,0.4
InNB,3,5,8,0.38
InND,0,1,1,0.0
InNH,0,1,1,0.0
InNL,1,4,5,0.2
InNM,3,5,8,0.38
InNN,4,9,13,0.31
InNP,8,6,14,0.57
InNS,2,5,7,0.29
InNb,2,2,4,0.5
InNh,3,0,3,1.0
InNl,2,2,4,0.5
InNm,6,2,8,0.75
InNn,5,6,11,0.45
InNs,0,3,3,0.0
InNt,3,1,4,0.75
InPB,3,6,9,0.33
InPD,0,0,0,
InPH,0,0,0,
InPI,3,1,4,0.75
InPK,2,0,2,1.0
InPL,2,2,4,0.5
InPM,5,4,9,0.56
InPN,3,4,7,0.43
InPP,12,5,17,0.71
InPS,2,6,8,0.25
InPb,4,6,10,0.4
InPl,0,1,1,0.0
InPm,9,3,12,0.75
InPn,5,5,10,0.5
InPs,8,2,10,0.8
InPt,1,0,1,1.0
InSB,3,0,3,1.0
InSD,2,0,2,1.0
InSH,0,1,1,0.0
InSK,1,0,1,1.0
InSL,2,2,4,0.5
InSM,0,2,2,0.0
InSN,4,2,6,0.67
InSP,3,5,8,0.38
InSS,8,2,10,0.8
InSb,6,0,6,1.0
InSh,2,0,2,1.0
InSl,2,1,3,0.67
InSm,2,1,3,0.67
InSn,1,1,2,0.5
InSs,5,2,7,0.71
InSt,1,1,2,0.5
InbB,4,6,10,0.4
InbH,1,2,3,0.33
InbK,1,0,1,1.0
InbL,0,1,1,0.0
InbM,4,7,11,0.36
InbN,5,3,8,0.62
InbP,3,4,7,0.43
InbS,3,4,7,0.43
Inbb,5,5,10,0.5
Inbl,4,1,5,0.8
Inbm,3,3,6,0.5
Inbn,2,4,6,0.33
Inbs,1,3,4,0.25
InhH,1,0,1,1.0
Inhm,1,0,1,1.0
InlB,0,1,1,0.0
InlH,3,1,4,0.75
InlL,1,0,1,1.0
InlM,3,1,4,0.75
InlN,1,0,1,1.0
InlP,2,2,4,0.5
InlS,3,2,5,0.6
Inlb,1,1,2,0.5
Inll,0,1,1,0.0
Inlm,1,0,1,1.0
Inln,2,0,2,1.0
Inls,1,1,2,0.5
InmB,5,2,7,0.71
InmH,3,2,5,0.6
InmL,0,2,2,0.0
InmM,2,1,3,0.67
InmN,4,4,8,0.5
InmP,4,3,7,0.57
InmS,4,2,6,0.67
Inmb,2,2,4,0.5
Inml,1,1,2,0.5
Inmm,3,6,9,0.33
Inmn,4,1,5,0.8
Inms,1,3,4,0.25
InnB,2,0,2,1.0
InnD,0,1,1,0.0
InnH,2,0,2,1.0
InnI,0,1,1,0.0
InnK,1,0,1,1.0
InnL,2,0,2,1.0
InnM,3,2,5,0.6
InnN,3,8,11,0.27
InnP,3,5,8,0.38
InnS,1,2,3,0.33
Innb,1,4,5,0.2
Innh,0,0,0,
Innl,1,0,1,1.0
Innm,1,2,3,0.33
Innn,7,3,10,0.7
Inns,3,4,7,0.43
InsB,0,2,2,0.0
InsH,2,1,3,0.67
InsL,1,1,2,0.5
InsM,5,2,7,0.71
InsN,3,1,4,0.75
InsP,1,3,4,0.25
InsS,2,1,3,0.67
Insb,3,0,3,1.0
Insl,1,0,1,1.0
Insm,1,2,3,0.33
Insn,5,3,8,0.62
Inss,2,1,3,0.67
IsBB,3,2,5,0.6
IsBM,1,3,4,0.25
IsBN,1,4,5,0.2
IsBP,4,2,6,0.67
IsBS,0,3,3,0.0
IsBb,2,0,2,1.0
IsBh,1,0,1,1.0
IsBj,1,0,1,1.0
IsBm,2,1,3,0.67
IsBn,1,1,2,0.5
IsBs,2,0,2,1.0
IsBt,1,0,1,1.0
IsDH,1,0,1,1.0
IsDM,2,0,2,1.0
IsDN,1,0,1,1.0
IsDb,0,2,2,0.0
IsDn,0,1,1,0.0
IsDs,0,0,0,
IsHB,0,3,3,0.0
IsHD,0,1,1,0.0
IsHH,0,1,1,0.0
IsHI,0,1,1,0.0
IsHM,2,1,3,0.67
IsHN,2,1,3,0.67
IsHP,1,2,3,0.33
IsHS,0,3,3,0.0
IsHb,2,3,5,0.4
IsHh,1,1,2,0.5
IsHl,0,1,1,0.0
IsHm,1,3,4,0.25
IsHn,4,2,6,0.67
IsHs,3,1,4,0.75
IsHt,1,0,1,1.0
IsIB,1,0,1,1.0
IsID,0,0,0,
IsIH,1,0,1,1.0
IsIN,1,0,1,1.0
IsIP,0,0,0,
IsIS,0,3,3,0.0
IsIm,0,1,1,0.0
IsKm,0,1,1,0.0
IsLB,2,2,4,0.5
IsLL,0,0,0,
IsLM,1,1,2,0.5
IsLN,1,0,1,1.0
IsLP,2,1,3,0.67
IsLS,0,2,2,0.0
IsLb,0,1,1,0.0
IsLl,0,0,0,
IsLm,0,1,1,0.0
IsLn,3,1,4,0.75
IsLs,2,2,4,0.5
IsMB,1,3,4,0.25
IsMD,0,1,1,0.0
IsML,1,0,1,1.0
IsMM,2,4,6,0.33
IsMN,2,3,5,0.4
IsMP,1,3,4,0.25
IsMS,1,3,4,0.25
IsMh,2,2,4,0.5
IsMm,1,5,6,0.17
IsMn,5,2,7,0.71
IsMs,3,4,7,0.43
IsMt,0,1,1,0.0
IsNB,4,2,6,0.67
IsND,1,0,1,1.0
IsNH,1,1,2,0.5
IsNK,1,0,1,1.0
IsNL,1,1,2,0.5
IsNM,3,2,5,0.6
IsNN,4,2,6,0.67
IsNP,1,2,3,0.33
IsNS,1,1,2,0.5
IsNb,1,0,1,1.0
IsNm,2,1,3,0.67
IsNn,2,0,2,1.0
IsNs,2,2,4,0.5
IsNt,1,2,3,0.33
IsPB,4,3,7,0.57
IsPD,0,0,0,
IsPH,1,1,2,0.5
IsPI,0,0,0,
IsPL,1,1,2,0.5
IsPM,2,6,8,0.25
IsPN,3,3,6,0.5
IsPP,2,5,7,0.29
IsPS,1,4,5,0.2
IsPb,1,3,4,0.25
IsPl,1,0,1,1.0
IsPm,1,0,1,1.0
IsPn,4,3,7,0.57
IsPs,2,2,4,0.5
IsPt,1,0,1,1.0
IsSB,3,2,5,0.6
IsSD,0,0,0,
IsSH,1,4,5,0.2
IsSL,3,0,3,1.0
IsSM,2,1,3,0.67
IsSN,6,4,10,0.6
IsSP,2,1,3,0.67
IsSS,0,5,5,0.0
IsSb,2,4,6,0.33
IsSh,0,1,1,0.0
IsSl,1,1,2,0.5
IsSm,1,5,6,0.17
IsSn,3,1,4,0.75
IsSs,4,3,7,0.57
IsbB,2,0,2,1.0
IsbH,1,1,2,0.5
IsbI,1,0,1,1.0
IsbJ,0,1,1,0.0
IsbL,2,1,3,0.67
IsbM,4,1,5,0.8
IsbN,1,3,4,0.25
IsbP,2,2,4,0.5
IsbS,1,1,2,0.5
Isbb,2,0,2,1.0
Isbl,0,1,1,0.0
Isbm,5,0,5,1.0
Isbn,0,2,2,0.0
Isbs,0,0,0,
IshB,1,0,1,1.0
IshD,0,0,0,
IshM,0,1,1,0.0
IslB,1,1,2,0.5
IslH,1,2,3,0.33
IslJ,0,2,2,0.0
IslM,1,1,2,0.5
IslN,1,0,1,1.0
IslP,2,2,4,0.5
IslS,0,1,1,0.0
Islb,1,1,2,0.5
Isll,0,1,1,0.0
Islm,1,0,1,1.0
Isln,2,1,3,0.67
IsmB,2,3,5,0.4
IsmD,0,2,2,0.0
IsmH,2,2,4,0.5
IsmI,0,1,1,0.0
IsmJ,0,1,1,0.0
IsmK,1,0,1,1.0
IsmM,4,2,6,0.67
IsmN,0,2,2,0.0
IsmP,4,6,10,0.4
IsmS,4,3,7,0.57
Ismb,3,3,6,0.5
Isml,0,0,0,
Ismm,3,3,6,0.5
Ismn,0,2,2,0.0
Isms,1,0,1,1.0
IsnB,3,0,3,1.0
IsnH,0,2,2,0.0
IsnI,1,0,1,1.0
IsnK,1,0,1,1.0
IsnL,2,1,3,0.67
IsnM,2,1,3,0.67
IsnN,2,0,2,1.0
IsnP,3,1,4,0.75
IsnS,0,2,2,0.0
Isnb,0,1,1,0.0
Isnl,1,0,1,1.0
Isnm,1,5,6,0.17
Isnn,3,0,3,1.0
Isns,1,2,3,0.33
IssB,0,2,2,0.0
IssD,0,1,1,0.0
IssH,0,3,3,0.0
IssK,0,0,0,
IssM,2,3,5,0.4
IssN,4,0,4,1.0
IssP,1,3,4,0.25
IssS,4,4,8,0.5
Issb,2,3,5,0.4
Issh,0,1,1,0.0
Issm,3,3,6,0.5
Issn,2,4,6,0.33
Isss,2,5,7,0.29
Ists,0,1,1,0.0
ItBD,0,0,0,
ItBP,1,0,1,1.0
ItBb,0,1,1,0.0
ItBh,0,1,1,0.0
ItDK,0,0,0,
ItDl,0,0,0,
ItDs,1,0,1,1.0
ItHN,1,1,2,0.5
ItHb,0,1,1,0.0
ItMN,0,1,1,0.0
ItMP,1,0,1,1.0
ItMS,1,0,1,1.0
ItNB,0,1,1,0.0
ItNI,1,0,1,1.0
ItNM,1,1,2,0.5
ItNP,1,0,1,1.0
ItNS,1,1,2,0.5
ItNn,0,1,1,0.0
ItNs,0,1,1,0.0
ItPH,0,1,1,0.0
ItPK,0,1,1,0.0
ItPL,0,0,0,
ItPN,1,1,2,0.5
ItPS,0,0,0,
ItPh,1,0,1,1.0
ItPl,0,1,1,0.0
ItPm,1,0,1,1.0
ItSM,1,0,1,1.0
ItSN,1,0,1,1.0
ItSS,0,2,2,0.0
ItSs,1,0,1,1.0
ItbN,1,0,1,1.0
Itlm,1,0,1,1.0
ItmH,0,0,0,
ItmL,1,0,1,1.0
ItmM,0,1,1,0.0
ItmP,0,1,1,0.0
ItmS,0,1,1,0.0
Itml,0,0,0,
Itmm,0,1,1,0.0
ItnI,0,0,0,
ItnL,0,1,1,0.0
ItnP,1,1,2,0.5
ItnS,0,0,0,
Itns,0,1,1,0.0
Itnt,1,0,1,1.0
ItsN,0,1,1,0.0
ItsP,0,0,0,
ItsS,1,0,1,1.0
Itsn,0,0,0,
IttM,0,0,0,
JBBB,1,2,3,0.33
JBBL,3,2,5,0.6
JBBM,1,4,5,0.2
JBBN,2,5,7,0.29
JBBP,2,2,4,0.5
JBBS,1,0,1,1.0
JBBb,2,1,3,0.67
JBBh,0,1,1,0.0
JBBj,0,1,1,0.0
JBBl,1,4,5,0.2
JBBm,0,6,6,0.0
JBBn,5,5,10,0.5
JBBs,0,0,0,
JBBt,0,0,0,
JBDD,1,0,1,1.0
JBDM,1,0,1,1.0
JBDP,1,0,1,1.0
JBDn,0,1,1,0.0
JBDs,1,1,2,0.5
JBIn,0,0,0,
JBKH,1,0,1,1.0
JBKI,0,0,0,
JBKM,1,0,1,1.0
JBKP,0,2,2,0.0
JBKs,1,0,1,1.0
JBLB,1,0,1,1.0
JBLD,0,1,1,0.0
JBLM,1,2,3,0.33
JBLP,0,1,1,0.0
JBLb,1,1,2,0.5
JBLh,1,0,1,1.0
JBLj,2,0,2,1.0
JBLl,2,0,2,1.0
JBLm,3,1,4,0.75
JBLn,0,1,1,0.0
JBLs,1,0,1,1.0
JBLt,1,0,1,1.0
JBMB,2,2,4,0.5
JBML,2,2,4,0.5
JBMM,1,1,2,0.5
JBMN,2,1,3,0.67
JBMP,3,0,3,1.0
JBMS,1,3,4,0.25
JBMb,4,5,9,0.44
JBMh,3,4,7,0.43
JBMj,1,0,1,1.0
JBMl,0,2,2,0.0
JBMm,4,6,10,0.4
JBMn,1,5,6,0.17
JBMs,1,2,3,0.33
JBMt,0,0,0,
JBNB,3,3,6,0.5
JBND,1,2,3,0.33
JBNH,1,0,1,1.0
JBNL,0,2,2,0.0
JBNM,0,5,5,0.0
JBNN,5,3,8,0.62
JBNP,2,2,4,0.5
JBNS,4,3,7,0.57
JBNb,2,4,6,0.33
JBNl,2,1,3,0.67
JBNm,3,2,5,0.6
JBNn,6,5,11,0.55
JBNs,2,2,4,0.5
JBNt,0,1,1,0.0
JBPB,4,3,7,0.57
JBPD,0,1,1,0.0
JBPH,0,1,1,0.0
JBPI,1,0,1,1.0
JBPL,2,1,3,0.67
JBPM,2,3,5,0.4
JBPN,2,1,3,0.67
JBPP,4,2,6,0.67
JBPS,1,2,3,0.33
JBPb,3,2,5,0.6
JBPh,1,0,1,1.0
JBPl,1,1,2,0.5
JBPm,2,2,4,0.5
JBPn,5,4,9,0.56
JBPs,0,2,2,0.0
JBSB,0,1,1,0.0
JBSD,1,0,1,1.0
JBSH,2,2,4,0.5
JBSL,1,0,1,1.0
JBSM,2,2,4,0.5
JBSN,1,2,3,0.33
JBSP,2,3,5,0.4
JBSS,0,1,1,0.0
JBSb,0,4,4,0.0
JBSh,1,0,1,1.0
JBSl,1,0,1,1.0
JBSm,0,2,2,0.0
JBSn,3,2,5,0.6
JBSs,1,2,3,0.33
JBbB,2,0,2,1.0
JBbI,1,0,1,1.0
JBbJ,2,0,2,1.0
JBbL,0,2,2,0.0
JBbM,2,2,4,0.5
JBbN,3,2,5,0.6
JBbP,6,4,10,0.6
JBbS,1,2,3,0.33
JBbb,5,3,8,0.62
JBbl,0,1,1,0.0
JBbm,1,3,4,0.25
JBbn,2,1,3,0.67
JBbs,0,1,1,0.0
JBhH,0,0,0,
JBhb,0,2,2,0.0
JBhn,2,1,3,0.67
JBjB,2,0,2,1.0
JBjK,0,1,1,0.0
JBjN,1,1,2,0.5
JBjP,1,0,1,1.0
JBjS,0,1,1,0.0
JBjb,1,1,2,0.5
JBjh,1,1,2,0.5
JBjl,0,1,1,0.0
JBjm,1,1,2,0.5
JBjn,1,0,1,1.0
JBjs,0,1,1,0.0
JBjt,1,1,2,0.5
JBlB,0,0,0,
JBlH,0,3,3,0.0
JBlI,0,1,1,0.0
JBlL,2,0,2,1.0
JBlM,2,1,3,0.67
JBlN,2,1,3,0.67
JBlP,1,2,3,0.33
JBlS,1,0,1,1.0
JBlb,1,1,2,0.5
JBlm,2,0,2,1.0
JBls,0,1,1,0.0
JBmB,3,3,6,0.5
JBmH,2,7,9,0.22
JBmJ,0,1,1,0.0
JBmL,0,0,0,
JBmM,0,2,2,0.0
JBmN,4,2,6,0.67
JBmP,3,4,7,0.43
JBmS,1,3,4,0.25
JBmb,1,0,1,1.0
JBml,3,0,3,1.0
JBmm,1,0,1,1.0
JBmn,4,1,5,0.8
JBnB,4,1,5,0.8
JBnD,1,1,2,0.5
JBnH,1,3,4,0.25
JBnK,0,1,1,0.0
JBnL,2,2,4,0.5
JBnM,5,2,7,0.71
JBnN,3,6,9,0.33
JBnP,2,9,11,0.18
JBnS,2,4,6,0.33
JBnb,4,2,6,0.67
JBnl,1,3,4,0.25
JBnm,3,3,6,0.5
JBnn,4,1,5,0.8
JBns,2,0,2,1.0
JBsB,0,1,1,0.0
JBsH,2,1,3,0.67
JBsM,2,1,3,0.67
JBsN,1,3,4,0.25
JBsP,1,6,7,0.14
JBsS,1,1,2,0.5
JBsb,2,1,3,0.67
JBsl,2,0,2,1.0
JBsm,2,2,4,0.5
JBsn,2,2,4,0.5
JBss,2,1,3,0.67
JBtH,1,0,1,1.0
JBtL,0,2,2,0.0
JBtM,0,1,1,0.0
JBtN,0,1,1,0.0
JBtP,2,0,2,1.0
JBtb,0,1,1,0.0
JBtn,0,0,0,
JDBM,1,0,1,1.0
JDBS,0,0,0,
JDBl,0,1,1,0.0
JDBm,2,2,4,0.5
JDBn,1,0,1,1.0
JDBs,0,1,1,0.0
JDDH,1,1,2,0.5
JDDP,0,0,0,
JDDn,1,0,1,1.0
JDHB,0,2,2,0.0
JDHL,1,1,2,0.5
JDHM,3,1,4,0.75
JDHP,0,1,1,0.0
JDHS,0,0,0,
JDHh,1,0,1,1.0
JDHl,0,1,1,0.0
JDHm,0,1,1,0.0
JDIl,1,0,1,1.0
JDKB,1,0,1,1.0
JDLD,1,0,1,1.0
JDLN,1,0,1,1.0
JDLb,1,0,1,1.0
JDLj,1,0,1,1.0
JDMD,0,2,2,0.0
JDMN,0,1,1,0.0
JDMP,0,1,1,0.0
JDMb,0,0,0,
JDMl,1,0,1,1.0
JDMn,0,1,1,0.0
JDMs,1,0,1,1.0
JDNM,1,1,2,0.5
JDNN,1,0,1,1.0
JDNP,0,1,1,0.0
JDNS,1,0,1,1.0
JDNb,1,0,1,1.0
JDNh,0,1,1,0.0
JDNn,1,1,2,0.5
JDPB,0,0,0,
JDPH,1,0,1,1.0
JDPK,1,0,1,1.0
JDPM,1,0,1,1.0
JDPP,1,0,1,1.0
JDPb,2,0,2,1.0
JDPn,0,1,1,0.0
JDPs,0,1,1,0.0
JDSB,0,3,3,0.0
JDSL,0,1,1,0.0
JDSM,0,0,0,
JDSb,0,1,1,0.0
JDSh,0,1,1,0.0
JDSs,1,2,3,0.33
JDbB,0,1,1,0.0
JDbM,0,1,1,0.0
JDbP,1,0,1,1.0
JDbm,1,0,1,1.0
JDbn,0,1,1,0.0
JDhn,1,0,1,1.0
JDlB,1,0,1,1.0
JDlH,0,1,1,0.0
JDls,0,0,0,
JDmM,0,1,1,0.0
JDmN,0,1,1,0.0
JDmP,0,0,0,
JDnM,1,0,1,1.0
JDsD,2,0,2,1.0
JDsP,2,0,2,1.0
JDsS,1,0,1,1.0
JDsb,0,1,1,0.0
JDtM,0,1,1,0.0
JHBB,0,1,1,0.0
JHBM,1,1,2,0.5
JHBP,4,1,5,0.8
JHBb,1,1,2,0.5
JHBl,0,1,1,0.0
JHBm,0,3,3,0.0
JHBn,0,1,1,0.0
JHBs,1,1,2,0.5
JHBt,1,0,1,1.0
JHDP,1,1,2,0.5
JHDm,1,0,1,1.0
JHHB,0,1,1,0.0
JHHL,1,0,1,1.0
JHHb,0,1,1,0.0
JHHh,0,0,0,
JHHm,1,0,1,1.0
JHHn,0,1,1,0.0
JHHt,0,1,1,0.0
JHII,0,1,1,0.0
JHIP,1,0,1,1.0
JHKB,1,0,1,1.0
JHKm,0,1,1,0.0
JHKn,1,1,2,0.5
JHLB,1,1,2,0.5
JHLM,0,2,2,0.0
JHLP,0,1,1,0.0
JHLS,1,1,2,0.5
JHLb,0,1,1,0.0
JHLm,1,0,1,1.0
JHLn,1,1,2,0.5
JHLs,1,1,2,0.5
JHMB,0,1,1,0.0
JHMD,1,0,1,1.0
JHMM,2,1,3,0.67
JHMN,2,1,3,0.67
JHMP,2,4,6,0.33
JHMS,1,2,3,0.33
JHMb,2,2,4,0.5
JHMh,1,0,1,1.0
JHMj,3,1,4,0.75
JHMl,2,2,4,0.5
JHMm,3,2,5,0.6
JHMn,1,1,2,0.5
JHMs,1,0,1,1.0
JHNB,1,1,2,0.5
JHNK,1,0,1,1.0
JHNM,0,0,0,
JHNN,5,1,6,0.83
JHNP,2,3,5,0.4
JHNS,1,1,2,0.5
JHNb,1,1,2,0.5
JHNh,1,1,2,0.5
JHNl,1,1,2,0.5
JHNm,2,0,2,1.0
JHNn,2,0,2,1.0
JHNs,1,0,1,1.0
JHNt,0,1,1,0.0
JHPB,3,2,5,0.6
JHPH,1,0,1,1.0
JHPI,0,1,1,0.0
JHPK,0,0,0,
JHPL,1,0,1,1.0
JHPM,5,0,5,1.0
JHPN,6,2,8,0.75
JHPP,3,1,4,0.75
JHPS,2,1,3,0.67
JHPb,1,3,4,0.25
JHPh,1,0,1,1.0
JHPl,3,0,3,1.0
JHPm,3,2,5,0.6
JHPn,1,3,4,0.25
JHPs,4,1,5,0.8
JHSB,2,1,3,0.67
JHSM,2,2,4,0.5
JHSP,0,1,1,0.0
JHSS,1,3,4,0.25
JHSb,3,2,5,0.6
JHSl,2,1,3,0.67
JHSm,1,1,2,0.5
JHSn,2,0,2,1.0
JHSs,1,3,4,0.25
JHbB,2,0,2,1.0
JHbH,1,0,1,1.0
JHbK,0,1,1,0.0
JHbM,1,2,3,0.33
JHbN,4,2,6,0.67
JHbP,2,1,3,0.67
JHbS,0,1,1,0.0
JHbb,2,4,6,0.33
JHbl,0,1,1,0.0
JHbm,4,2,6,0.67
JHbn,1,0,1,1.0
JHbs,2,0,2,1.0
JHhB,2,0,2,1.0
JHhI,0,0,0,
JHhM,1,1,2,0.5
JHhP,0,4,4,0.0
JHhS,0,1,1,0.0
JHhb,0,1,1,0.0
JHhh,2,0,2,1.0
JHhl,1,1,2,0.5
JHht,1,0,1,1.0
JHlB,0,1,1,0.0
JHlH,0,0,0,
JHlJ,0,1,1,0.0
JHlL,1,0,1,1.0
JHlM,0,2,2,0.0
JHlN,0,4,4,0.0
JHlP,2,0,2,1.0
JHlb,1,0,1,1.0
JHll,0,1,1,0.0
JHln,0,1,1,0.0
JHls,1,1,2,0.5
JHmB,3,1,4,0.75
JHmD,0,1,1,0.0
JHmH,2,1,3,0.67
JHmI,1,0,1,1.0
JHmL,1,0,1,1.0
JHmM,1,6,7,0.14
JHmN,0,3,3,0.0
JHmP,0,0,0,
JHmS,1,1,2,0.5
JHmb,1,0,1,1.0
JHmm,1,3,4,0.25
JHms,1,1,2,0.5
JHnB,0,4,4,0.0
JHnD,1,1,2,0.5
JHnH,0,1,1,0.0
JHnI,0,1,1,0.0
JHnL,0,1,1,0.0
JHnM,2,2,4,0.5
JHnN,0,3,3,0.0
JHnP,1,3,4,0.25
JHnS,0,1,1,0.0
JHnb,3,2,5,0.6
JHnh,0,1,1,0.0
JHnl,1,0,1,1.0
JHnm,2,2,4,0.5
JHnn,5,0,5,1.0
JHns,1,0,1,1.0
JHsB,2,1,3,0.67
JHsD,1,0,1,1.0
JHsH,1,0,1,1.0
JHsM,0,1,1,0.0
JHsN,0,1,1,0.0
JHsP,3,1,4,0.75
JHsS,1,2,3,0.33
JHsb,3,0,3,1.0
JHsl,0,1,1,0.0
JHsm,0,2,2,0.0
JHsn,0,0,0,
JHss,2,2,4,0.5
JHtB,1,0,1,1.0
JHtM,0,1,1,0.0
JIBB,0,1,1,0.0
JIBL,1,0,1,1.0
JIBM,1,0,1,1.0
JIBN,0,1,1,0.0
JIBm,1,1,2,0.5
JIBn,1,0,1,1.0
JIDH,1,0,1,1.0
JIDM,0,2,2,0.0
JIHM,1,1,2,0.5
JIHS,0,1,1,0.0
JIHh,0,2,2,0.0
JIHm,0,1,1,0.0
JIHn,1,0,1,1.0
JIHs,0,1,1,0.0
JIIm,0,0,0,
JILP,0,1,1,0.0
JILS,1,0,1,1.0
JILb,0,1,1,0.0
JILm,1,0,1,1.0
JILn,0,1,1,0.0
JILs,1,0,1,1.0
JIMM,1,0,1,1.0
JIMP,0,1,1,0.0
JIMh,0,1,1,0.0
JIMl,1,0,1,1.0
JINB,0,1,1,0.0
JINP,0,1,1,0.0
JINS,0,0,0,
JINh,0,1,1,0.0
JINl,1,0,1,1.0
JINm,1,0,1,1.0
JINn,0,0,0,
JINt,1,0,1,1.0
JIPB,1,0,1,1.0
JIPK,1,0,1,1.0
JIPL,1,0,1,1.0
JIPM,1,1,2,0.5
JIPN,1,0,1,1.0
JIPP,0,2,2,0.0
JIPb,0,1,1,0.0
JIPt,0,0,0,
JISL,0,1,1,0.0
JISM,1,0,1,1.0
JISS,1,0,1,1.0
JISh,1,0,1,1.0
JISm,0,1,1,0.0
JIbB,1,0,1,1.0
JIbI,0,1,1,0.0
JIbM,0,2,2,0.0
JIbN,0,1,1,0.0
JIbP,1,0,1,1.0
JIbb,0,1,1,0.0
JIbn,0,2,2,0.0
JIlI,0,1,1,0.0
JIlM,0,1,1,0.0
JImL,0,1,1,0.0
JImM,1,0,1,1.0
JIms,1,0,1,1.0
JInL,0,1,1,0.0
JInP,2,0,2,1.0
JInb,1,0,1,1.0
JIsS,0,1,1,0.0
JIsb,1,0,1,1.0
JIsm,0,0,0,
JIsn,1,0,1,1.0
JKBb,1,2,3,0.33
JKHB,0,1,1,0.0
JKHm,0,1,1,0.0
JKIb,1,0,1,1.0
JKLL,0,1,1,0.0
JKLn,1,0,1,1.0
JKMB,1,0,1,1.0
JKMD,0,1,1,0.0
JKML,1,0,1,1.0
JKMN,0,1,1,0.0
JKMP,0,2,2,0.0
JKMS,0,1,1,0.0
JKMl,1,0,1,1.0
JKMs,1,0,1,1.0
JKNB,1,0,1,1.0
JKNP,1,0,1,1.0
JKNS,0,1,1,0.0
JKNl,1,0,1,1.0
JKNm,1,0,1,1.0
JKPH,2,0,2,1.0
JKPL,0,2,2,0.0
JKPM,2,0,2,1.0
JKPP,0,0,0,
JKPS,0,2,2,0.0
JKPb,1,0,1,1.0
JKPl,1,0,1,1.0
JKPn,2,0,2,1.0
JKSH,0,1,1,0.0
JKSL,0,1,1,0.0
JKSN,0,1,1,0.0
JKSS,1,0,1,1.0
JKSl,0,1,1,0.0
JKbB,0,1,1,0.0
JKbK,1,0,1,1.0
JKbM,0,1,1,0.0
JKbN,1,0,1,1.0
JKbm,1,0,1,1.0
JKbn,0,1,1,0.0
JKhS,0,0,0,
JKhl,0,1,1,0.0
JKhn,1,1,2,0.5
JKht,0,1,1,0.0
JKlB,0,1,1,0.0
JKll,0,1,1,0.0
JKmM,0,1,1,0.0
JKmN,0,1,1,0.0
JKml,1,0,1,1.0
JKmm,0,1,1,0.0
JKnK,0,1,1,0.0
JKnM,1,0,1,1.0
JKnN,0,1,1,0.0
JKnP,1,0,1,1.0
JKnS,1,1,2,0.5
JKnb,1,0,1,1.0
JKnm,1,0,1,1.0
JKns,0,1,1,0.0
JKsB,0,0,0,
JKsM,1,0,1,1.0
JKsS,1,0,1,1.0
JLBB,1,0,1,1.0
JLBL,0,0,0,
JLBM,1,1,2,0.5
JLBN,1,6,7,0.14
JLBP,0,1,1,0.0
JLBb,1,0,1,1.0
JLBj,1,0,1,1.0
JLBl,0,1,1,0.0
JLBm,1,1,2,0.5
JLBn,2,3,5,0.4
JLDB,0,1,1,0.0
JLDN,1,0,1,1.0
JLDP,0,1,1,0.0
JLDb,0,1,1,0.0
JLDm,0,1,1,0.0
JLDn,1,0,1,1.0
JLKm,0,1,1,0.0
JLLB,0,2,2,0.0
JLLL,0,1,1,0.0
JLLM,0,3,3,0.0
JLLN,2,1,3,0.67
JLLS,1,1,2,0.5
JLLb,0,2,2,0.0
JLLh,0,1,1,0.0
JLLj,1,0,1,1.0
JLLm,1,2,3,0.33
JLLn,1,0,1,1.0
JLMB,1,2,3,0.33
JLML,1,1,2,0.5
JLMM,1,1,2,0.5
JLMN,2,1,3,0.67
JLMP,0,2,2,0.0
JLMS,0,3,3,0.0
JLMb,0,3,3,0.0
JLMh,1,3,4,0.25
JLMj,1,0,1,1.0
JLMl,1,0,1,1.0
JLMm,1,2,3,0.33
JLMn,3,3,6,0.5
JLMs,1,3,4,0.25
JLMt,0,1,1,0.0
JLNB,2,2,4,0.5
JLND,0,1,1,0.0
JLNL,1,1,2,0.5
JLNM,2,1,3,0.67
JLNN,1,2,3,0.33
JLNP,2,1,3,0.67
JLNh,0,1,1,0.0
JLNm,2,2,4,0.5
JLNn,1,3,4,0.25
JLPB,0,1,1,0.0
JLPH,1,0,1,1.0
JLPI,1,0,1,1.0
JLPK,1,0,1,1.0
JLPM,1,2,3,0.33
JLPN,1,0,1,1.0
JLPP,2,2,4,0.5
JLPS,3,1,4,0.75
JLPb,4,0,4,1.0
JLPl,1,1,2,0.5
JLPm,1,2,3,0.33
JLPn,2,0,2,1.0
JLPs,2,3,5,0.4
JLSB,1,1,2,0.5
JLSH,1,0,1,1.0
JLSL,0,2,2,0.0
JLSM,0,1,1,0.0
JLSN,0,1,1,0.0
JLSP,3,3,6,0.5
JLSS,0,2,2,0.0
JLSh,1,0,1,1.0
JLSl,1,1,2,0.5
JLSm,3,5,8,0.38
JLSs,0,1,1,0.0
JLSt,1,0,1,1.0
JLbB,1,3,4,0.25
JLbD,1,0,1,1.0
JLbH,2,0,2,1.0
JLbJ,0,1,1,0.0
JLbL,1,0,1,1.0
JLbM,2,1,3,0.67
JLbN,1,3,4,0.25
JLbP,0,4,4,0.0
JLbS,0,2,2,0.0
JLbb,1,2,3,0.33
JLbl,0,0,0,
JLbm,0,1,1,0.0
JLbn,0,2,2,0.0
JLbs,0,1,1,0.0
JLhH,0,1,1,0.0
JLhN,0,1,1,0.0
JLhP,0,2,2,0.0
JLhS,1,2,3,0.33
JLhh,0,1,1,0.0
JLhm,1,2,3,0.33
JLhs,1,0,1,1.0
JLjB,1,0,1,1.0
JLjL,1,1,2,0.5
JLjb,1,0,1,1.0
JLjl,0,1,1,0.0
JLjs,0,0,0,
JLlB,1,0,1,1.0
JLlD,1,0,1,1.0
JLlH,0,1,1,0.0
JLlM,0,3,3,0.0
JLlN,2,3,5,0.4
JLlP,0,1,1,0.0
JLlS,0,0,0,
JLlb,0,1,1,0.0
JLll,0,1,1,0.0
JLlm,0,0,0,
JLln,1,2,3,0.33
JLls,1,0,1,1.0
JLmB,1,0,1,1.0
JLmD,0,1,1,0.0
JLmI,0,1,1,0.0
JLmK,1,0,1,1.0
JLmL,1,0,1,1.0
JLmM,3,0,3,1.0
JLmN,1,1,2,0.5
JLmP,1,1,2,0.5
JLmS,1,1,2,0.5
JLmb,1,0,1,1.0
JLml,1,0,1,1.0
JLmm,2,0,2,1.0
JLmn,0,1,1,0.0
JLms,3,0,3,1.0
JLnB,1,0,1,1.0
JLnD,0,1,1,0.0
JLnH,0,0,0,
JLnK,0,1,1,0.0
JLnL,0,1,1,0.0
JLnN,6,3,9,0.67
JLnP,1,1,2,0.5
JLnS,0,2,2,0.0
JLnb,1,3,4,0.25
JLnm,2,2,4,0.5
JLnn,1,4,5,0.2
JLns,2,2,4,0.5
JLsB,1,0,1,1.0
JLsH,1,0,1,1.0
JLsI,1,0,1,1.0
JLsM,0,3,3,0.0
JLsN,0,0,0,
JLsP,0,1,1,0.0
JLsS,3,1,4,0.75
JLsb,0,1,1,0.0
JLsl,2,1,3,0.67
JLsm,1,2,3,0.33
JLsn,1,1,2,0.5
JLss,0,1,1,0.0
JLtB,1,0,1,1.0
JLtM,1,1,2,0.5
JLtN,1,0,1,1.0
JLtP,0,1,1,0.0
JLtb,0,1,1,0.0
JMBB,2,1,3,0.67
JMBK,0,1,1,0.0
JMBL,0,1,1,0.0
JMBM,3,4,7,0.43
JMBN,1,0,1,1.0
JMBP,1,4,5,0.2
JMBS,5,2,7,0.71
JMBb,3,4,7,0.43
JMBj,0,1,1,0.0
JMBl,3,3,6,0.5
JMBm,2,1,3,0.67
JMBn,5,2,7,0.71
JMBs,1,1,2,0.5
JMDH,1,0,1,1.0
JMDL,1,0,1,1.0
JMDM,0,1,1,0.0
JMDP,1,1,2,0.5
JMDS,2,0,2,1.0
JMDb,1,1,2,0.5
JMDm,1,1,2,0.5
JMDn,0,1,1,0.0
JMDs,1,0,1,1.0
JMIN,0,1,1,0.0
JMKN,0,1,1,0.0
JMKl,0,1,1,0.0
JMLB,1,1,2,0.5
JMLL,1,0,1,1.0
JMLM,3,2,5,0.6
JMLN,0,4,4,0.0
JMLP,2,1,3,0.67
JMLS,2,1,3,0.67
JMLb,2,3,5,0.4
JMLl,2,2,4,0.5
JMLm,3,1,4,0.75
JMLn,2,2,4,0.5
JMLs,2,0,2,1.0
JMLt,1,0,1,1.0
JMMB,2,1,3,0.67
JMMD,1,1,2,0.5
JMMI,0,1,1,0.0
JMML,0,1,1,0.0
JMMM,0,8,8,0.0
JMMN,1,4,5,0.2
JMMP,3,4,7,0.43
JMMS,3,4,7,0.43
JMMb,1,1,2,0.5
JMMh,1,4,5,0.2
JMMl,1,0,1,1.0
JMMm,0,8,8,0.0
JMMn,5,3,8,0.62
JMMs,2,3,5,0.4
JMMt,0,0,0,
JMNB,2,1,3,0.67
JMND,1,0,1,1.0
JMNH,0,0,0,
JMNL,0,2,2,0.0
JMNM,2,4,6,0.33
JMNN,3,2,5,0.6
JMNP,4,5,9,0.44
JMNS,3,0,3,1.0
JMNb,6,2,8,0.75
JMNh,0,2,2,0.0
JMNl,0,0,0,
JMNm,1,2,3,0.33
JMNn,6,8,14,0.43
JMNs,1,2,3,0.33
JMNt,1,0,1,1.0
JMPB,2,2,4,0.5
JMPH,3,0,3,1.0
JMPK,1,1,2,0.5
JMPL,3,4,7,0.43
JMPM,9,5,14,0.64
JMPN,0,2,2,0.0
JMPP,6,7,13,0.46
JMPS,3,6,9,0.33
JMPb,6,6,12,0.5
JMPh,0,0,0,
JMPl,3,4,7,0.43
JMPm,2,4,6,0.33
JMPn,4,5,9,0.44
JMPs,3,2,5,0.6
JMSB,3,1,4,0.75
JMSH,0,2,2,0.0
JMSL,1,1,2,0.5
JMSM,1,3,4,0.25
JMSN,0,5,5,0.0
JMSP,5,5,10,0.5
JMSS,2,5,7,0.29
JMSb,3,3,6,0.5
JMSh,2,2,4,0.5
JMSl,0,0,0,
JMSm,1,6,7,0.14
JMSn,1,5,6,0.17
JMSs,1,2,3,0.33
JMSt,0,1,1,0.0
JMbB,3,1,4,0.75
JMbD,0,1,1,0.0
JMbI,0,0,0,
JMbJ,1,1,2,0.5
JMbK,0,0,0,
JMbL,1,2,3,0.33
JMbM,3,4,7,0.43
JMbN,3,4,7,0.43
JMbP,3,2,5,0.6
JMbS,1,0,1,1.0
JMbb,3,3,6,0.5
JMbl,1,3,4,0.25
JMbm,1,3,4,0.25
JMbn,1,2,3,0.33
JMbs,0,1,1,0.0
JMhB,3,3,6,0.5
JMhD,0,1,1,0.0
JMhH,0,1,1,0.0
JMhK,0,1,1,0.0
JMhL,2,0,2,1.0
JMhM,1,4,5,0.2
JMhN,2,2,4,0.5
JMhP,5,1,6,0.83
JMhS,2,2,4,0.5
JMhb,2,0,2,1.0
JMhh,2,2,4,0.5
JMhl,0,1,1,0.0
JMhm,0,4,4,0.0
JMhn,2,3,5,0.4
JMhs,0,3,3,0.0
JMjB,0,1,1,0.0
JMjM,0,1,1,0.0
JMjN,2,2,4,0.5
JMjP,0,1,1,0.0
JMjb,1,0,1,1.0
JMjh,0,1,1,0.0
JMjm,1,0,1,1.0
JMjn,1,1,2,0.5
JMjt,0,1,1,0.0
JMlB,2,1,3,0.67
JMlH,1,1,2,0.5
JMlI,0,0,0,
JMlL,1,0,1,1.0
JMlM,0,2,2,0.0
JMlN,1,2,3,0.33
JMlP,1,3,4,0.25
JMlS,2,1,3,0.67
JMlb,1,2,3,0.33
JMll,0,0,0,
JMlm,2,0,2,1.0
JMln,0,2,2,0.0
JMmB,6,0,6,1.0
JMmD,0,1,1,0.0
JMmH,6,4,10,0.6
JMmL,0,0,0,
JMmM,6,2,8,0.75
JMmN,5,7,12,0.42
JMmP,7,5,12,0.58
JMmS,2,7,9,0.22
JMmb,2,2,4,0.5
JMmh,0,1,1,0.0
JMml,3,1,4,0.75
JMmm,7,3,10,0.7
JMmn,5,4,9,0.56
JMms,1,1,2,0.5
JMnB,4,5,9,0.44
JMnD,1,0,1,1.0
JMnH,3,1,4,0.75
JMnI,1,1,2,0.5
JMnL,2,3,5,0.4
JMnM,4,4,8,0.5
JMnN,8,8,16,0.5
JMnP,7,4,11,0.64
JMnS,2,5,7,0.29
JMnb,6,4,10,0.6
JMnh,1,0,1,1.0
JMnl,1,2,3,0.33
JMnm,2,0,2,1.0
JMnn,5,1,6,0.83
JMns,2,1,3,0.67
JMnt,0,0,0,
JMsB,1,1,2,0.5
JMsD,0,1,1,0.0
JMsH,5,2,7,0.71
JMsI,1,0,1,1.0
JMsL,2,0,2,1.0
JMsM,1,4,5,0.2
JMsN,4,3,7,0.57
JMsP,6,2,8,0.75
JMsS,0,3,3,0.0
JMsb,3,0,3,1.0
JMsl,2,2,4,0.5
JMsm,1,1,2,0.5
JMsn,2,2,4,0.5
JMss,3,2,5,0.6
JMtH,0,2,2,0.0
JMtL,0,0,0,
JMtN,1,0,1,1.0
JMtP,0,1,1,0.0
JMtS,1,0,1,1.0
JMtb,2,0,2,1.0
JMtn,2,0,2,1.0
JNBB,1,0,1,1.0
JNBK,2,0,2,1.0
JNBL,1,2,3,0.33
JNBM,2,2,4,0.5
JNBN,3,5,8,0.38
JNBP,5,4,9,0.56
JNBS,3,2,5,0.6
JNBb,2,4,6,0.33
JNBj,1,1,2,0.5
JNBl,2,1,3,0.67
JNBm,2,3,5,0.4
JNBn,2,2,4,0.5
JNBs,0,1,1,0.0
JNDB,2,0,2,1.0
JNDL,1,0,1,1.0
JNDN,0,1,1,0.0
JNDS,0,1,1,0.0
JNDb,0,2,2,0.0
JNDm,1,0,1,1.0
JNDs,1,0,1,1.0
JNHB,0,0,0,
JNHM,1,0,1,1.0
JNHN,0,2,2,0.0
JNHP,0,1,1,0.0
JNHS,1,0,1,1.0
JNHb,0,1,1,0.0
JNHh,0,0,0,
JNHl,0,1,1,0.0
JNHn,1,0,1,1.0
JNHs,2,0,2,1.0
JNIH,0,1,1,0.0
JNKB,0,1,1,0.0
JNKL,0,1,1,0.0
JNKM,1,1,2,0.5
JNKN,0,0,0,
JNKP,0,0,0,
JNKS,1,0,1,1.0
JNKm,0,0,0,
JNKn,0,2,2,0.0
JNKs,0,0,0,
JNLB,3,2,5,0.6
JNLL,0,1,1,0.0
JNLM,1,1,2,0.5
JNLN,0,2,2,0.0
JNLP,2,1,3,0.67
JNLS,0,1,1,0.0
JNLb,1,1,2,0.5
JNLh,2,0,2,1.0
JNLj,0,1,1,0.0
JNLl,1,0,1,1.0
JNLm,1,1,2,0.5
JNLn,0,4,4,0.0
JNLs,2,1,3,0.67
JNMB,0,5,5,0.0
JNML,1,2,3,0.33
JNMM,2,4,6,0.33
JNMN,2,2,4,0.5
JNMP,10,2,12,0.83
JNMS,2,3,5,0.4
JNMb,1,5,6,0.17
JNMh,1,2,3,0.33
JNMj,2,0,2,1.0
JNMl,1,0,1,1.0
JNMm,1,11,12,0.08
JNMn,6,7,13,0.46
JNMs,1,2,3,0.33
JNMt,1,0,1,1.0
JNNB,7,3,10,0.7
JNND,0,0,0,
JNNH,1,0,1,1.0
JNNK,0,0,0,
JNNL,0,1,1,0.0
JNNM,8,6,14,0.57
JNNN,4,4,8,0.5
JNNP,4,3,7,0.57
JNNS,5,3,8,0.62
JNNb,2,3,5,0.4
JNNh,0,1,1,0.0
JNNl,3,1,4,0.75
JNNm,3,4,7,0.43
JNNn,2,4,6,0.33
JNNs,2,3,5,0.4
JNPB,4,2,6,0.67
JNPD,0,1,1,0.0
JNPH,1,2,3,0.33
JNPK,0,1,1,0.0
JNPL,4,3,7,0.57
JNPM,2,1,3,0.67
JNPN,6,6,12,0.5
JNPP,9,4,13,0.69
JNPS,5,4,9,0.56
JNPb,6,6,12,0.5
JNPh,0,1,1,0.0
JNPl,2,2,4,0.5
JNPm,3,3,6,0.5
JNPn,7,4,11,0.64
JNPs,3,6,9,0.33
JNSB,2,2,4,0.5
JNSH,0,0,0,
JNSL,1,1,2,0.5
JNSM,1,2,3,0.33
JNSN,3,2,5,0.6
JNSP,4,4,8,0.5
JNSS,3,1,4,0.75
JNSb,0,1,1,0.0
JNSh,1,3,4,0.25
JNSl,1,0,1,1.0
JNSm,0,3,3,0.0
JNSn,1,2,3,0.33
JNSs,1,5,6,0.17
JNSt,0,1,1,0.0
JNbB,0,2,2,0.0
JNbD,0,1,1,0.0
JNbH,0,0,0,
JNbI,1,0,1,1.0
JNbJ,1,1,2,0.5
JNbL,2,0,2,1.0
JNbM,2,6,8,0.25
JNbN,4,7,11,0.36
JNbP,4,3,7,0.57
JNbS,2,0,2,1.0
JNbb,3,2,5,0.6
JNbl,1,2,3,0.33
JNbm,2,2,4,0.5
JNbn,4,7,11,0.36
JNbs,0,1,1,0.0
JNhB,1,2,3,0.33
JNhM,1,3,4,0.25
JNhN,0,1,1,0.0
JNhP,2,1,3,0.67
JNhS,0,1,1,0.0
JNhb,1,1,2,0.5
JNhh,2,1,3,0.67
JNhm,1,0,1,1.0
JNhn,2,2,4,0.5
JNhs,1,1,2,0.5
JNlB,1,2,3,0.33
JNlH,0,1,1,0.0
JNlI,0,1,1,0.0
JNlJ,1,2,3,0.33
JNlL,1,0,1,1.0
JNlM,3,2,5,0.6
JNlN,3,3,6,0.5
JNlP,1,5,6,0.17
JNlS,2,1,3,0.67
JNlb,1,1,2,0.5
JNll,0,1,1,0.0
JNlm,2,0,2,1.0
JNln,0,2,2,0.0
JNls,2,0,2,1.0
JNmB,2,1,3,0.67
JNmD,1,1,2,0.5
JNmH,5,3,8,0.62
JNmJ,0,1,1,0.0
JNmL,1,0,1,1.0
JNmM,1,3,4,0.25
JNmN,4,3,7,0.57
JNmP,2,2,4,0.5
JNmS,2,0,2,1.0
JNmb,3,5,8,0.38
JNml,1,0,1,1.0
JNmm,1,1,2,0.5
JNmn,1,4,5,0.2
JNms,1,1,2,0.5
JNnB,5,3,8,0.62
JNnD,2,0,2,1.0
JNnH,1,2,3,0.33
JNnL,1,6,7,0.14
JNnM,8,2,10,0.8
JNnN,10,2,12,0.83
JNnP,4,12,16,0.25
JNnS,2,2,4,0.5
JNnb,2,7,9,0.22
JNnl,2,0,2,1.0
JNnm,5,2,7,0.71
JNnn,3,2,5,0.6
JNns,4,2,6,0.67
JNsB,1,1,2,0.5
JNsH,4,3,7,0.57
JNsL,0,1,1,0.0
JNsM,3,4,7,0.43
JNsN,2,0,2,1.0
JNsP,2,6,8,0.25
JNsS,1,6,7,0.14
JNsb,1,2,3,0.33
JNsl,0,2,2,0.0
JNsm,3,2,5,0.6
JNsn,2,2,4,0.5
JNtL,0,1,1,0.0
JNtM,0,2,2,0.0
JNtN,1,0,1,1.0
JNtP,1,1,2,0.5
JNtS,0,1,1,0.0
JNtb,1,1,2,0.5
JNth,0,1,1,0.0
JNtm,0,0,0,
JNtn,2,0,2,1.0
JNts,0,0,0,
JNtt,0,1,1,0.0
JPBB,2,7,9,0.22
JPBK,0,2,2,0.0
JPBL,2,3,5,0.4
JPBM,5,8,13,0.38
JPBN,5,1,6,0.83
JPBP,3,6,9,0.33
JPBS,2,2,4,0.5
JPBb,3,4,7,0.43
JPBj,1,1,2,0.5
JPBm,8,2,10,0.8
JPBn,5,5,10,0.5
JPBs,3,0,3,1.0
JPBt,2,0,2,1.0
JPDB,1,1,2,0.5
JPDK,0,0,0,
JPDM,1,1,2,0.5
JPDP,1,0,1,1.0
JPHB,0,1,1,0.0
JPHK,0,1,1,0.0
JPHM,5,2,7,0.71
JPHN,0,1,1,0.0
JPHP,0,1,1,0.0
JPHS,2,0,2,1.0
JPHb,0,3,3,0.0
JPHh,0,2,2,0.0
JPHm,0,0,0,
JPHn,1,3,4,0.25
JPHs,0,2,2,0.0
JPHt,0,1,1,0.0
JPIS,0,1,1,0.0
JPIb,1,0,1,1.0
JPIl,1,0,1,1.0
JPIm,0,1,1,0.0
JPKD,1,0,1,1.0
JPKM,0,3,3,0.0
JPKN,0,1,1,0.0
JPKP,0,0,0,
JPKS,1,1,2,0.5
JPKh,2,1,3,0.67
JPKl,0,0,0,
JPKm,1,0,1,1.0
JPKs,1,0,1,1.0
JPLB,1,2,3,0.33
JPLD,0,1,1,0.0
JPLK,1,0,1,1.0
JPLL,2,0,2,1.0
JPLM,1,2,3,0.33
JPLN,1,1,2,0.5
JPLP,3,5,8,0.38
JPLS,2,0,2,1.0
JPLb,0,2,2,0.0
JPLh,0,2,2,0.0
JPLj,0,0,0,
JPLl,0,3,3,0.0
JPLm,5,1,6,0.83
JPLn,2,4,6,0.33
JPLs,1,1,2,0.5
JPLt,0,2,2,0.0
JPMB,4,4,8,0.5
JPMD,0,2,2,0.0
JPML,1,1,2,0.5
JPMM,5,8,13,0.38
JPMN,3,2,5,0.6
JPMP,5,6,11,0.45
JPMS,2,3,5,0.4
JPMb,8,5,13,0.62
JPMh,7,3,10,0.7
JPMj,2,1,3,0.67
JPMl,1,1,2,0.5
JPMm,4,6,10,0.4
JPMn,2,3,5,0.4
JPMs,4,5,9,0.44
JPMt,0,3,3,0.0
JPNB,4,2,6,0.67
JPNK,1,1,2,0.5
JPNL,2,5,7,0.29
JPNM,3,8,11,0.27
JPNN,3,3,6,0.5
JPNP,13,10,23,0.57
JPNS,3,2,5,0.6
JPNb,4,6,10,0.4
JPNh,3,0,3,1.0
JPNl,3,0,3,1.0
JPNm,3,5,8,0.38
JPNn,6,7,13,0.46
JPNs,3,1,4,0.75
JPNt,2,0,2,1.0
JPPB,4,5,9,0.44
JPPD,0,1,1,0.0
JPPH,1,0,1,1.0
JPPI,2,1,3,0.67
JPPK,1,0,1,1.0
JPPL,4,2,6,0.67
JPPM,12,9,21,0.57
JPPN,9,10,19,0.47
JPPP,18,13,31,0.58
JPPS,3,10,13,0.23
JPPb,10,7,17,0.59
JPPh,0,1,1,0.0
JPPl,4,8,12,0.33
JPPm,7,6,13,0.54
JPPn,2,7,9,0.22
JPPs,4,3,7,0.57
JPPt,1,0,1,1.0
JPSB,2,4,6,0.33
JPSH,2,0,2,1.0
JPSL,0,3,3,0.0
JPSM,4,4,8,0.5
JPSN,3,2,5,0.6
JPSP,1,7,8,0.12
JPSS,5,5,10,0.5
JPSb,1,2,3,0.33
JPSh,0,1,1,0.0
JPSl,3,0,3,1.0
JPSm,3,2,5,0.6
JPSn,3,2,5,0.6
JPSs,4,4,8,0.5
JPSt,1,0,1,1.0
JPbB,7,6,13,0.54
JPbH,1,2,3,0.33
JPbI,2,1,3,0.67
JPbJ,3,0,3,1.0
JPbL,3,3,6,0.5
JPbM,5,7,12,0.42
JPbN,5,8,13,0.38
JPbP,9,9,18,0.5
JPbS,2,3,5,0.4
JPbb,3,4,7,0.43
JPbl,4,4,8,0.5
JPbm,10,0,10,1.0
JPbn,2,3,5,0.4
JPbs,0,3,3,0.0
JPhB,0,1,1,0.0
JPhL,1,0,1,1.0
JPhN,0,1,1,0.0
JPhP,2,2,4,0.5
JPhS,1,0,1,1.0
JPhb,1,0,1,1.0
JPhh,1,0,1,1.0
JPhl,0,1,1,0.0
JPhm,1,0,1,1.0
JPhn,1,1,2,0.5
JPlB,4,1,5,0.8
JPlH,2,4,6,0.33
JPlI,0,1,1,0.0
JPlJ,0,0,0,
JPlL,0,1,1,0.0
JPlM,3,2,5,0.6
JPlN,1,2,3,0.33
JPlP,3,4,7,0.43
JPlS,1,0,1,1.0
JPlb,3,4,7,0.43
JPll,2,0,2,1.0
JPlm,2,2,4,0.5
JPln,0,2,2,0.0
JPls,4,1,5,0.8
JPmB,3,2,5,0.6
JPmD,1,1,2,0.5
JPmH,5,7,12,0.42
JPmJ,1,1,2,0.5
JPmL,4,2,6,0.67
JPmM,3,4,7,0.43
JPmN,2,7,9,0.22
JPmP,8,7,15,0.53
JPmS,1,3,4,0.25
JPmb,3,9,12,0.25
JPml,3,3,6,0.5
JPmm,7,2,9,0.78
JPmn,4,2,6,0.67
JPms,3,0,3,1.0
JPnB,5,1,6,0.83
JPnD,0,1,1,0.0
JPnH,0,1,1,0.0
JPnK,1,0,1,1.0
JPnL,2,0,2,1.0
JPnM,5,9,14,0.36
JPnN,5,4,9,0.56
JPnP,3,13,16,0.19
JPnS,2,3,5,0.4
JPnb,5,3,8,0.62
JPnh,1,0,1,1.0
JPnl,1,0,1,1.0
JPnm,2,1,3,0.67
JPnn,5,2,7,0.71
JPns,3,4,7,0.43
JPsB,1,5,6,0.17
JPsD,1,0,1,1.0
JPsH,2,3,5,0.4
JPsI,0,1,1,0.0
JPsK,0,1,1,0.0
JPsL,0,4,4,0.0
JPsM,2,5,7,0.29
JPsN,5,2,7,0.71
JPsP,2,3,5,0.4
JPsS,5,2,7,0.71
JPsb,4,2,6,0.67
JPsl,4,0,4,1.0
JPsm,6,2,8,0.75
JPsn,2,2,4,0.5
JPss,3,3,6,0.5
JPtB,0,1,1,0.0
JPtM,0,1,1,0.0
JPtP,2,2,4,0.5
JPtb,1,0,1,1.0
JPtn,1,1,2,0.5
JSBB,0,1,1,0.0
JSBL,1,0,1,1.0
JSBM,1,1,2,0.5
JSBN,0,2,2,0.0
JSBP,1,1,2,0.5
JSBS,1,0,1,1.0
JSBb,5,2,7,0.71
JSBj,1,0,1,1.0
JSBl,1,1,2,0.5
JSBm,4,3,7,0.57
JSBn,2,1,3,0.67
JSBs,1,1,2,0.5
JSDB,0,1,1,0.0
JSDH,1,0,1,1.0
JSDM,2,0,2,1.0
JSDS,1,2,3,0.33
JSDb,0,1,1,0.0
JSDm,0,1,1,0.0
JSDs,0,1,1,0.0
JSHB,2,0,2,1.0
JSHK,1,0,1,1.0
JSHM,1,1,2,0.5
JSHN,1,0,1,1.0
JSHP,1,1,2,0.5
JSHS,0,1,1,0.0
JSHb,3,1,4,0.75
JSHl,0,1,1,0.0
JSHm,0,2,2,0.0
JSHn,1,0,1,1.0
JSHs,1,2,3,0.33
JSIN,0,0,0,
JSIS,1,0,1,1.0
JSKM,0,1,1,0.0
JSKs,1,0,1,1.0
JSLB,0,1,1,0.0
JSLL,0,2,2,0.0
JSLM,3,0,3,1.0
JSLN,3,0,3,1.0
JSLP,0,1,1,0.0
JSLS,0,1,1,0.0
JSLb,0,1,1,0.0
JSLh,1,0,1,1.0
JSLj,1,0,1,1.0
JSLl,0,0,0,
JSLm,1,0,1,1.0
JSLn,3,0,3,1.0
JSLs,1,1,2,0.5
JSMB,3,1,4,0.75
JSMD,0,0,0,
JSML,0,2,2,0.0
JSMM,1,7,8,0.12
JSMN,1,0,1,1.0
JSMP,3,1,4,0.75
JSMS,3,2,5,0.6
JSMb,1,3,4,0.25
JSMh,2,1,3,0.67
JSMj,1,0,1,1.0
JSMl,1,2,3,0.33
JSMm,5,0,5,1.0
JSMn,3,2,5,0.6
JSMs,1,2,3,0.33
JSMt,0,1,1,0.0
JSNB,1,1,2,0.5
JSNH,0,1,1,0.0
JSNM,1,1,2,0.5
JSNN,2,1,3,0.67
JSNP,5,1,6,0.83
JSNS,1,1,2,0.5
JSNb,0,4,4,0.0
JSNh,1,1,2,0.5
JSNl,1,1,2,0.5
JSNm,6,1,7,0.86
JSNn,1,3,4,0.25
JSNs,2,1,3,0.67
JSPB,3,1,4,0.75
JSPD,1,0,1,1.0
JSPH,1,0,1,1.0
JSPI,1,1,2,0.5
JSPK,0,1,1,0.0
JSPL,2,1,3,0.67
JSPM,3,3,6,0.5
JSPN,5,0,5,1.0
JSPP,6,5,11,0.55
JSPS,3,3,6,0.5
JSPb,2,1,3,0.67
JSPl,3,0,3,1.0
JSPm,3,1,4,0.75
JSPn,3,3,6,0.5
JSPs,1,2,3,0.33
JSSB,4,0,4,1.0
JSSD,1,0,1,1.0
JSSH,0,2,2,0.0
JSSL,2,0,2,1.0
JSSM,4,4,8,0.5
JSSN,2,2,4,0.5
JSSP,2,0,2,1.0
JSSS,2,1,3,0.67
JSSb,0,3,3,0.0
JSSh,1,1,2,0.5
JSSl,0,2,2,0.0
JSSm,1,0,1,1.0
JSSn,1,1,2,0.5
JSSs,0,4,4,0.0
JSSt,0,2,2,0.0
JSbB,2,3,5,0.4
JSbD,0,1,1,0.0
JSbH,1,0,1,1.0
JSbJ,0,1,1,0.0
JSbL,0,2,2,0.0
JSbM,3,1,4,0.75
JSbN,3,3,6,0.5
JSbP,1,1,2,0.5
JSbS,3,2,5,0.6
JSbb,2,0,2,1.0
JSbl,1,2,3,0.33
JSbm,1,1,2,0.5
JSbn,1,2,3,0.33
JSbs,0,2,2,0.0
JShB,1,0,1,1.0
JShM,1,1,2,0.5
JShN,2,0,2,1.0
JShP,0,1,1,0.0
JShS,1,0,1,1.0
JShb,1,0,1,1.0
JShl,0,0,0,
JShn,1,2,3,0.33
JShs,3,0,3,1.0
JSlB,1,1,2,0.5
JSlL,0,2,2,0.0
JSlM,1,0,1,1.0
JSlN,1,1,2,0.5
JSlP,1,1,2,0.5
JSlb,1,2,3,0.33
JSlm,2,0,2,1.0
JSln,3,1,4,0.75
JSls,0,2,2,0.0
JSmB,2,0,2,1.0
JSmD,1,5,6,0.17
JSmH,2,1,3,0.67
JSmL,2,5,7,0.29
JSmM,3,3,6,0.5
JSmN,1,0,1,1.0
JSmP,3,1,4,0.75
JSmS,0,3,3,0.0
JSmb,2,0,2,1.0
JSmm,0,1,1,0.0
JSmn,2,3,5,0.4
JSms,0,1,1,0.0
JSnB,1,3,4,0.25
JSnH,0,3,3,0.0
JSnL,1,1,2,0.5
JSnM,1,4,5,0.2
JSnN,2,2,4,0.5
JSnP,2,2,4,0.5
JSnS,2,3,5,0.4
JSnb,2,2,4,0.5
JSnl,3,0,3,1.0
JSnm,1,0,1,1.0
JSnn,0,5,5,0.0
JSns,1,6,7,0.14
JSsB,0,1,1,0.0
JSsH,2,1,3,0.67
JSsI,0,1,1,0.0
JSsL,1,3,4,0.25
JSsM,1,4,5,0.2
JSsN,2,2,4,0.5
JSsP,2,2,4,0.5
JSsS,3,2,5,0.6
JSsb,2,0,2,1.0
JSsh,1,3,4,0.25
JSsl,2,1,3,0.67
JSsm,3,1,4,0.75
JSsn,2,2,4,0.5
JSss,3,1,4,0.75
JStB,0,1,1,0.0
JStD,0,2,2,0.0
JStM,0,2,2,0.0
JStP,2,0,2,1.0
JStS,0,1,1,0.0
JStb,0,2,2,0.0
JStt,0,1,1,0.0
JbBB,2,4,6,0.33
JbBD,0,0,0,
JbBK,0,0,0,
JbBL,1,3,4,0.25
JbBM,3,3,6,0.5
JbBN,7,3,10,0.7
JbBP,7,8,15,0.47
JbBS,1,1,2,0.5
JbBb,0,8,8,0.0
JbBh,0,1,1,0.0
JbBj,2,1,3,0.67
JbBl,3,4,7,0.43
JbBm,3,2,5,0.6
JbBn,6,3,9,0.67
JbBs,1,1,2,0.5
JbBt,1,0,1,1.0
JbDP,0,2,2,0.0
JbDS,1,0,1,1.0
JbHB,0,1,1,0.0
JbHH,0,1,1,0.0
JbHN,1,3,4,0.25
JbHP,1,2,3,0.33
JbHS,1,0,1,1.0
JbHb,1,1,2,0.5
JbHl,0,1,1,0.0
JbHn,1,0,1,1.0
JbII,1,0,1,1.0
JbIM,1,0,1,1.0
JbIP,1,0,1,1.0
JbIS,0,2,2,0.0
JbJB,0,1,1,0.0
JbJH,1,0,1,1.0
JbJI,2,0,2,1.0
JbJK,0,1,1,0.0
JbJL,0,1,1,0.0
JbJM,1,2,3,0.33
JbJN,2,0,2,1.0
JbJP,1,1,2,0.5
JbJb,0,2,2,0.0
JbJh,0,0,0,
JbJl,1,1,2,0.5
JbJm,0,2,2,0.0
JbJn,0,1,1,0.0
JbKB,0,0,0,
JbKM,1,0,1,1.0
JbKm,2,0,2,1.0
JbKn,0,0,0,
JbLB,0,1,1,0.0
JbLM,3,1,4,0.75
JbLN,3,1,4,0.75
JbLP,1,2,3,0.33
JbLS,1,3,4,0.25
JbLb,3,2,5,0.6
JbLh,0,1,1,0.0
JbLj,0,1,1,0.0
JbLl,1,2,3,0.33
JbLm,1,1,2,0.5
JbLn,3,1,4,0.75
JbLs,1,0,1,1.0
JbMB,6,3,9,0.67
JbMD,0,2,2,0.0
JbML,2,3,5,0.4
JbMM,1,5,6,0.17
JbMN,4,2,6,0.67
JbMP,3,5,8,0.38
JbMS,5,3,8,0.62
JbMb,4,3,7,0.57
JbMh,2,1,3,0.67
JbMl,1,2,3,0.33
JbMm,6,3,9,0.67
JbMn,3,5,8,0.38
JbMs,6,1,7,0.86
JbNB,6,6,12,0.5
JbND,0,1,1,0.0
JbNK,0,0,0,
JbNL,1,6,7,0.14
JbNM,4,4,8,0.5
JbNN,1,5,6,0.17
JbNP,7,4,11,0.64
JbNS,1,4,5,0.2
JbNb,5,3,8,0.62
JbNh,6,0,6,1.0
JbNl,4,2,6,0.67
JbNm,6,7,13,0.46
JbNn,5,0,5,1.0
JbNs,2,3,5,0.4
JbNt,0,0,0,
JbPB,0,4,4,0.0
JbPH,2,1,3,0.67
JbPK,2,1,3,0.67
JbPL,1,6,7,0.14
JbPM,4,3,7,0.57
JbPN,3,6,9,0.33
JbPP,5,10,15,0.33
JbPS,5,4,9,0.56
JbPb,5,3,8,0.62
JbPl,3,4,7,0.43
JbPm,4,2,6,0.67
JbPn,4,3,7,0.57
JbPs,1,1,2,0.5
JbPt,2,1,3,0.67
JbSB,3,2,5,0.6
JbSD,0,1,1,0.0
JbSL,0,2,2,0.0
JbSM,1,2,3,0.33
JbSN,0,1,1,0.0
JbSP,1,3,4,0.25
JbSS,0,1,1,0.0
JbSb,2,2,4,0.5
JbSh,1,0,1,1.0
JbSl,0,1,1,0.0
JbSm,0,2,2,0.0
JbSn,1,1,2,0.5
JbSs,1,4,5,0.2
JbSt,0,1,1,0.0
JbbB,6,5,11,0.55
JbbH,1,0,1,1.0
JbbL,3,1,4,0.75
JbbM,4,8,12,0.33
JbbN,7,4,11,0.64
JbbP,10,5,15,0.67
JbbS,1,1,2,0.5
Jbbb,8,6,14,0.57
Jbbm,5,4,9,0.56
Jbbn,3,4,7,0.43
Jbbs,1,2,3,0.33
JblB,1,1,2,0.5
JblD,1,0,1,1.0
JblH,2,0,2,1.0
JblK,1,0,1,1.0
JblL,1,0,1,1.0
JblM,3,3,6,0.5
JblN,4,2,6,0.67
JblP,5,1,6,0.83
JblS,1,2,3,0.33
Jblb,2,0,2,1.0
Jblm,1,0,1,1.0
Jbln,1,0,1,1.0
JbmB,4,4,8,0.5
JbmD,1,1,2,0.5
JbmH,0,1,1,0.0
JbmL,1,3,4,0.25
JbmM,3,5,8,0.38
JbmN,4,2,6,0.67
JbmP,3,10,13,0.23
JbmS,1,0,1,1.0
Jbmb,3,4,7,0.43
Jbml,2,0,2,1.0
Jbmm,7,2,9,0.78
Jbmn,2,1,3,0.67
Jbms,1,1,2,0.5
JbnB,0,4,4,0.0
JbnH,2,2,4,0.5
JbnL,3,4,7,0.43
JbnM,7,2,9,0.78
JbnN,5,2,7,0.71
JbnP,3,7,10,0.3
JbnS,4,1,5,0.8
Jbnb,4,2,6,0.67
Jbnl,0,0,0,
Jbnm,4,1,5,0.8
Jbnn,2,3,5,0.4
Jbns,3,0,3,1.0
JbsB,0,2,2,0.0
JbsL,0,1,1,0.0
JbsM,4,1,5,0.8
JbsN,2,0,2,1.0
JbsP,2,2,4,0.5
JbsS,1,1,2,0.5
Jbsl,0,1,1,0.0
Jbsm,0,1,1,0.0
Jbss,0,1,1,0.0
JhBK,1,0,1,1.0
JhBM,0,0,0,
JhBS,0,1,1,0.0
JhBb,0,2,2,0.0
JhBm,1,0,1,1.0
JhBn,1,1,2,0.5
JhDH,1,0,1,1.0
JhDM,0,1,1,0.0
JhDs,1,0,1,1.0
JhHB,1,0,1,1.0
JhHN,1,0,1,1.0
JhHP,0,1,1,0.0
JhIP,0,0,0,
JhIl,1,0,1,1.0
JhLB,0,1,1,0.0
JhLL,0,0,0,
JhLj,0,1,1,0.0
JhLm,0,1,1,0.0
JhLn,0,1,1,0.0
JhMS,0,2,2,0.0
JhMb,0,1,1,0.0
JhMh,0,1,1,0.0
JhMm,2,1,3,0.67
JhMn,1,0,1,1.0
JhMs,0,1,1,0.0
JhMt,0,1,1,0.0
JhNM,1,0,1,1.0
JhNb,0,0,0,
JhNh,1,0,1,1.0
JhNn,1,1,2,0.5
JhPK,1,0,1,1.0
JhPL,3,1,4,0.75
JhPN,0,1,1,0.0
JhPP,1,1,2,0.5
JhPb,0,1,1,0.0
JhPh,1,0,1,1.0
JhPl,1,0,1,1.0
JhPm,0,1,1,0.0
JhPs,0,1,1,0.0
JhSH,0,1,1,0.0
JhSP,0,1,1,0.0
JhSb,1,0,1,1.0
JhSn,1,0,1,1.0
JhSt,0,1,1,0.0
JhbL,1,1,2,0.5
JhbM,0,0,0,
JhbN,0,1,1,0.0
JhbS,0,1,1,0.0
Jhbb,0,1,1,0.0
Jhbm,0,0,0,
Jhbs,0,1,1,0.0
JhhM,1,0,1,1.0
JhhP,0,2,2,0.0
JhhS,0,2,2,0.0
Jhhl,1,0,1,1.0
Jhhm,1,0,1,1.0
JhlN,0,1,1,0.0
Jhlm,0,1,1,0.0
JhmB,1,1,2,0.5
JhmM,1,0,1,1.0
JhmN,0,3,3,0.0
JhmP,0,1,1,0.0
JhmS,0,1,1,0.0
Jhmb,0,0,0,
Jhml,0,0,0,
Jhmn,1,0,1,1.0
JhnS,1,1,2,0.5
Jhnb,0,1,1,0.0
Jhnh,0,0,0,
Jhnl,1,0,1,1.0
Jhnm,1,1,2,0.5
Jhnn,0,1,1,0.0
Jhns,1,0,1,1.0
JhsM,2,0,2,1.0
JhsP,1,1,2,0.5
JhsS,2,0,2,1.0
Jhsb,1,0,1,1.0
Jhsl,0,1,1,0.0
Jhss,1,0,1,1.0
Jhtb,0,0,0,
JlBB,1,2,3,0.33
JlBL,0,1,1,0.0
JlBM,2,2,4,0.5
JlBN,1,3,4,0.25
JlBP,0,2,2,0.0
JlBS,0,1,1,0.0
JlBb,0,2,2,0.0
JlBl,1,1,2,0.5
JlBm,2,2,4,0.5
JlBn,3,0,3,1.0
JlBs,1,2,3,0.33
JlBt,0,1,1,0.0
JlDB,0,1,1,0.0
JlDD,0,1,1,0.0
JlDM,0,1,1,0.0
JlDn,1,0,1,1.0
JlHM,1,0,1,1.0
JlHP,2,3,5,0.4
JlHS,1,1,2,0.5
JlHb,1,0,1,1.0
JlHh,1,0,1,1.0
JlHl,0,1,1,0.0
JlHm,1,0,1,1.0
JlHn,1,1,2,0.5
JlHs,1,0,1,1.0
JlHt,1,0,1,1.0
JlIN,1,0,1,1.0
JlJB,1,1,2,0.5
JlJH,1,0,1,1.0
JlJN,0,2,2,0.0
JlJP,1,0,1,1.0
JlJb,2,0,2,1.0
JlKM,0,0,0,
JlLB,1,0,1,1.0
JlLM,2,0,2,1.0
JlLN,1,0,1,1.0
JlLP,1,2,3,0.33
JlLS,1,0,1,1.0
JlLb,1,1,2,0.5
JlLj,2,0,2,1.0
JlLm,2,0,2,1.0
JlLn,1,1,2,0.5
JlLs,2,1,3,0.67
JlMB,1,2,3,0.33
JlML,1,0,1,1.0
JlMM,2,4,6,0.33
JlMN,1,1,2,0.5
JlMP,1,3,4,0.25
JlMS,0,2,2,0.0
JlMb,1,2,3,0.33
JlMh,2,3,5,0.4
JlMj,0,0,0,
JlMl,0,1,1,0.0
JlMm,1,0,1,1.0
JlMn,0,1,1,0.0
JlMs,3,1,4,0.75
JlMt,1,0,1,1.0
JlNB,0,1,1,0.0
JlNH,0,1,1,0.0
JlNM,0,2,2,0.0
JlNN,0,2,2,0.0
JlNP,5,1,6,0.83
JlNS,0,0,0,
JlNb,2,1,3,0.67
JlNm,1,0,1,1.0
JlNn,4,1,5,0.8
JlNs,3,2,5,0.6
JlPB,0,1,1,0.0
JlPH,2,1,3,0.67
JlPL,2,2,4,0.5
JlPM,1,3,4,0.25
JlPN,1,0,1,1.0
JlPP,2,5,7,0.29
JlPb,0,1,1,0.0
JlPl,2,0,2,1.0
JlPm,2,1,3,0.67
JlPn,1,3,4,0.25
JlPs,2,1,3,0.67
JlSB,1,1,2,0.5
JlSH,1,1,2,0.5
JlSL,1,0,1,1.0
JlSM,1,0,1,1.0
JlSN,0,2,2,0.0
JlSP,1,1,2,0.5
JlSS,1,0,1,1.0
JlSh,0,1,1,0.0
JlSl,1,2,3,0.33
JlSm,2,0,2,1.0
JlSn,1,1,2,0.5
JlSs,1,0,1,1.0
JlbB,2,2,4,0.5
JlbD,1,0,1,1.0
JlbI,0,1,1,0.0
JlbK,1,0,1,1.0
JlbL,1,1,2,0.5
JlbM,3,1,4,0.75
JlbN,4,3,7,0.57
JlbP,2,3,5,0.4
JlbS,0,1,1,0.0
Jlbb,4,3,7,0.57
Jlbl,2,1,3,0.67
Jlbm,1,1,2,0.5
Jlbn,3,1,4,0.75
Jlbs,0,1,1,0.0
JllB,2,0,2,1.0
JllI,0,1,1,0.0
JllJ,0,1,1,0.0
JllL,2,0,2,1.0
JllM,1,5,6,0.17
JllN,0,2,2,0.0
JllP,1,1,2,0.5
Jllm,0,1,1,0.0
Jlls,0,0,0,
JlmB,0,1,1,0.0
JlmH,1,1,2,0.5
JlmL,0,1,1,0.0
JlmM,0,1,1,0.0
JlmN,5,2,7,0.71
JlmP,3,1,4,0.75
JlmS,1,1,2,0.5
Jlmb,3,0,3,1.0
Jlmm,1,2,3,0.33
Jlmn,0,0,0,
Jlms,1,0,1,1.0
JlnB,2,2,4,0.5
JlnD,1,1,2,0.5
JlnL,0,1,1,0.0
JlnM,1,4,5,0.2
JlnN,3,1,4,0.75
JlnP,0,1,1,0.0
JlnS,0,2,2,0.0
Jlnb,2,2,4,0.5
Jlnl,0,1,1,0.0
Jlnm,1,0,1,1.0
Jlnn,0,1,1,0.0
Jlns,0,1,1,0.0
JlsH,2,1,3,0.67
JlsL,1,0,1,1.0
JlsM,0,1,1,0.0
JlsP,1,0,1,1.0
JlsS,0,1,1,0.0
Jlsb,2,0,2,1.0
Jlsm,0,2,2,0.0
Jlsn,1,0,1,1.0
Jlss,1,1,2,0.5
JmBB,4,7,11,0.36
JmBL,2,0,2,1.0
JmBM,3,0,3,1.0
JmBN,0,4,4,0.0
JmBP,2,6,8,0.25
JmBS,1,4,5,0.2
JmBb,3,2,5,0.6
JmBh,0,0,0,
JmBj,2,0,2,1.0
JmBl,0,1,1,0.0
JmBm,4,4,8,0.5
JmBn,3,2,5,0.6
JmBs,3,2,5,0.6
JmBt,1,1,2,0.5
JmDB,0,4,4,0.0
JmDD,0,0,0,
JmDH,0,1,1,0.0
JmDL,0,1,1,0.0
JmDM,1,1,2,0.5
JmDP,0,1,1,0.0
JmDm,1,1,2,0.5
JmDn,0,0,0,
JmHB,1,2,3,0.33
JmHI,1,0,1,1.0
JmHL,0,3,3,0.0
JmHM,4,3,7,0.57
JmHN,2,3,5,0.4
JmHP,3,1,4,0.75
JmHb,1,0,1,1.0
JmHh,1,2,3,0.33
JmHl,0,2,2,0.0
JmHm,2,0,2,1.0
JmHn,5,2,7,0.71
JmHs,4,1,5,0.8
JmIP,0,1,1,0.0
JmIl,0,0,0,
JmIn,0,1,1,0.0
JmJB,1,0,1,1.0
JmJL,2,0,2,1.0
JmJM,0,2,2,0.0
JmJN,1,0,1,1.0
JmJP,1,1,2,0.5
JmJb,0,1,1,0.0
JmJn,0,1,1,0.0
JmJs,1,1,2,0.5
JmKL,0,0,0,
JmKS,0,0,0,
JmLB,2,3,5,0.4
JmLL,1,0,1,1.0
JmLM,0,0,0,
JmLN,1,0,1,1.0
JmLP,0,3,3,0.0
JmLS,4,3,7,0.57
JmLb,2,2,4,0.5
JmLh,0,0,0,
JmLj,0,1,1,0.0
JmLl,2,1,3,0.67
JmLm,4,1,5,0.8
JmLn,2,2,4,0.5
JmLs,1,0,1,1.0
JmMB,3,3,6,0.5
JmMD,2,0,2,1.0
JmML,3,0,3,1.0
JmMM,3,3,6,0.5
JmMN,4,4,8,0.5
JmMP,7,2,9,0.78
JmMS,1,1,2,0.5
JmMb,3,2,5,0.6
JmMh,2,2,4,0.5
JmMj,0,2,2,0.0
JmMm,4,1,5,0.8
JmMn,6,5,11,0.55
JmMs,0,2,2,0.0
JmMt,1,0,1,1.0
JmNB,2,2,4,0.5
JmNL,0,1,1,0.0
JmNM,2,3,5,0.4
JmNN,4,3,7,0.57
JmNP,9,7,16,0.56
JmNS,0,3,3,0.0
JmNb,1,4,5,0.2
JmNh,1,0,1,1.0
JmNm,3,3,6,0.5
JmNn,3,6,9,0.33
JmNs,1,1,2,0.5
JmNt,1,0,1,1.0
JmPB,5,5,10,0.5
JmPH,0,0,0,
JmPI,0,2,2,0.0
JmPK,0,2,2,0.0
JmPL,2,1,3,0.67
JmPM,3,9,12,0.25
JmPN,6,1,7,0.86
JmPP,6,5,11,0.55
JmPS,3,1,4,0.75
JmPb,5,2,7,0.71
JmPh,1,1,2,0.5
JmPl,2,2,4,0.5
JmPm,3,1,4,0.75
JmPn,3,1,4,0.75
JmPs,1,2,3,0.33
JmPt,1,0,1,1.0
JmSB,1,3,4,0.25
JmSH,0,1,1,0.0
JmSL,0,0,0,
JmSM,3,1,4,0.75
JmSN,0,1,1,0.0
JmSP,2,4,6,0.33
JmSS,1,3,4,0.25
JmSb,1,0,1,1.0
JmSh,1,1,2,0.5
JmSl,0,0,0,
JmSm,0,2,2,0.0
JmSn,0,3,3,0.0
JmSs,4,1,5,0.8
JmSt,2,0,2,1.0
JmbB,3,4,7,0.43
JmbD,1,0,1,1.0
JmbH,0,0,0,
JmbJ,1,0,1,1.0
JmbK,0,0,0,
JmbL,1,1,2,0.5
JmbM,1,4,5,0.2
JmbN,7,5,12,0.58
JmbP,3,4,7,0.43
JmbS,3,3,6,0.5
Jmbb,7,2,9,0.78
Jmbm,4,1,5,0.8
Jmbn,3,1,4,0.75
Jmbs,2,1,3,0.67
Jmhh,0,1,1,0.0
JmlB,2,1,3,0.67
JmlH,0,0,0,
JmlI,0,0,0,
JmlM,1,0,1,1.0
JmlN,1,0,1,1.0
JmlP,0,2,2,0.0
JmlS,2,0,2,1.0
Jmlb,0,1,1,0.0
Jmll,2,0,2,1.0
Jmlm,1,1,2,0.5
Jmln,0,1,1,0.0
JmmB,7,2,9,0.78
JmmD,1,0,1,1.0
JmmH,1,1,2,0.5
JmmI,0,0,0,
JmmJ,0,0,0,
JmmL,1,2,3,0.33
JmmM,4,4,8,0.5
JmmN,1,2,3,0.33
JmmP,3,3,6,0.5
JmmS,1,4,5,0.2
Jmmb,4,4,8,0.5
Jmmm,1,4,5,0.2
Jmmn,2,2,4,0.5
Jmms,1,0,1,1.0
JmnB,3,3,6,0.5
JmnD,0,0,0,
JmnH,1,2,3,0.33
JmnK,0,1,1,0.0
JmnL,0,0,0,
JmnM,2,4,6,0.33
JmnN,4,5,9,0.44
JmnP,4,4,8,0.5
JmnS,0,2,2,0.0
Jmnb,2,1,3,0.67
Jmnl,1,0,1,1.0
Jmnm,3,0,3,1.0
Jmnn,0,2,2,0.0
Jmns,1,0,1,1.0
JmsB,0,2,2,0.0
JmsH,1,0,1,1.0
JmsI,0,1,1,0.0
JmsL,3,0,3,1.0
JmsM,0,0,0,
JmsN,4,2,6,0.67
JmsP,1,1,2,0.5
JmsS,2,1,3,0.67
Jmsm,2,1,3,0.67
Jmsn,4,2,6,0.67
Jmss,2,1,3,0.67
JnBB,1,2,3,0.33
JnBL,1,4,5,0.2
JnBM,2,2,4,0.5
JnBN,1,2,3,0.33
JnBP,4,3,7,0.57
JnBS,0,2,2,0.0
JnBb,2,1,3,0.67
JnBh,0,0,0,
JnBj,3,1,4,0.75
JnBl,0,4,4,0.0
JnBm,2,4,6,0.33
JnBn,2,1,3,0.67
JnBs,1,3,4,0.25
JnDB,1,2,3,0.33
JnDH,1,0,1,1.0
JnDM,1,1,2,0.5
JnDN,0,1,1,0.0
JnDP,0,0,0,
JnDb,1,1,2,0.5
JnDl,1,1,2,0.5
JnDm,1,2,3,0.33
JnDn,0,0,0,
JnHB,0,1,1,0.0
JnHH,2,0,2,1.0
JnHI,1,0,1,1.0
JnHK,1,0,1,1.0
JnHL,0,1,1,0.0
JnHM,1,2,3,0.33
JnHN,3,0,3,1.0
JnHP,1,1,2,0.5
JnHb,2,1,3,0.67
JnHh,0,1,1,0.0
JnHm,4,4,8,0.5
JnHn,4,1,5,0.8
JnHs,1,1,2,0.5
JnIH,1,0,1,1.0
JnII,0,1,1,0.0
JnIP,0,1,1,0.0
JnIb,2,0,2,1.0
JnIl,1,0,1,1.0
JnIm,1,1,2,0.5
JnIn,0,1,1,0.0
JnIs,1,0,1,1.0
JnKL,2,0,2,1.0
JnKP,0,0,0,
JnLB,1,5,6,0.17
JnLL,2,0,2,1.0
JnLM,0,0,0,
JnLN,0,2,2,0.0
JnLP,2,3,5,0.4
JnLS,0,0,0,
JnLb,1,0,1,1.0
JnLl,2,0,2,1.0
JnLm,1,1,2,0.5
JnLn,0,2,2,0.0
JnLs,3,1,4,0.75
JnMB,3,0,3,1.0
JnMD,0,0,0,
JnML,1,1,2,0.5
JnMM,3,1,4,0.75
JnMN,2,3,5,0.4
JnMP,4,3,7,0.57
JnMS,2,1,3,0.67
JnMb,6,5,11,0.55
JnMh,3,3,6,0.5
JnMj,0,1,1,0.0
JnMl,1,1,2,0.5
JnMm,1,2,3,0.33
JnMn,4,4,8,0.5
JnMs,1,1,2,0.5
JnMt,0,1,1,0.0
JnNB,1,3,4,0.25
JnND,1,1,2,0.5
JnNH,0,0,0,
JnNL,2,1,3,0.67
JnNM,6,3,9,0.67
JnNN,5,2,7,0.71
JnNP,5,4,9,0.56
JnNS,8,1,9,0.89
JnNb,3,2,5,0.6
JnNh,1,0,1,1.0
JnNl,1,0,1,1.0
JnNm,3,6,9,0.33
JnNn,6,4,10,0.6
JnNs,0,2,2,0.0
JnNt,1,0,1,1.0
JnPB,4,1,5,0.8
JnPH,0,4,4,0.0
JnPK,0,1,1,0.0
JnPL,3,1,4,0.75
JnPM,1,3,4,0.25
JnPN,5,8,13,0.38
JnPP,8,4,12,0.67
JnPS,5,5,10,0.5
JnPb,4,5,9,0.44
JnPh,0,0,0,
JnPl,3,1,4,0.75
JnPm,5,2,7,0.71
JnPn,5,3,8,0.62
JnPs,1,2,3,0.33
JnPt,0,1,1,0.0
JnSB,2,1,3,0.67
JnSH,0,0,0,
JnSL,1,0,1,1.0
JnSM,3,4,7,0.43
JnSN,2,1,3,0.67
JnSP,1,4,5,0.2
JnSS,2,3,5,0.4
JnSb,2,2,4,0.5
JnSh,2,0,2,1.0
JnSl,1,0,1,1.0
JnSm,0,2,2,0.0
JnSn,2,1,3,0.67
JnSs,1,3,4,0.25
JnSt,0,3,3,0.0
JnbB,5,4,9,0.56
JnbH,1,0,1,1.0
JnbJ,1,1,2,0.5
JnbL,1,0,1,1.0
JnbM,1,2,3,0.33
JnbN,6,4,10,0.6
JnbP,3,4,7,0.43
JnbS,0,1,1,0.0
Jnbb,3,4,7,0.43
Jnbl,1,1,2,0.5
Jnbm,1,0,1,1.0
Jnbn,6,1,7,0.86
Jnbs,1,0,1,1.0
Jnhs,0,1,1,0.0
JnlB,0,1,1,0.0
JnlH,1,0,1,1.0
JnlI,0,0,0,
JnlJ,0,1,1,0.0
JnlM,1,1,2,0.5
JnlN,1,1,2,0.5
JnlP,1,0,1,1.0
JnlS,1,1,2,0.5
Jnlb,1,1,2,0.5
Jnll,1,1,2,0.5
Jnlm,1,1,2,0.5
Jnln,1,0,1,1.0
Jnls,1,1,2,0.5
JnmB,0,2,2,0.0
JnmD,0,2,2,0.0
JnmH,0,0,0,
JnmI,1,0,1,1.0
JnmJ,1,0,1,1.0
JnmL,1,4,5,0.2
JnmM,5,3,8,0.62
JnmN,3,1,4,0.75
JnmP,3,2,5,0.6
JnmS,1,3,4,0.25
Jnmb,5,4,9,0.56
Jnmm,0,2,2,0.0
Jnmn,2,3,5,0.4
Jnms,2,2,4,0.5
JnnB,4,1,5,0.8
JnnD,1,2,3,0.33
JnnH,1,3,4,0.25
JnnI,0,2,2,0.0
JnnL,0,1,1,0.0
JnnM,0,3,3,0.0
JnnN,3,2,5,0.6
JnnP,6,4,10,0.6
JnnS,2,3,5,0.4
Jnnb,6,2,8,0.75
Jnnh,0,1,1,0.0
Jnnl,0,2,2,0.0
Jnnm,1,2,3,0.33
Jnnn,2,4,6,0.33
Jnns,1,2,3,0.33
JnsB,1,2,3,0.33
JnsH,0,0,0,
JnsI,0,1,1,0.0
JnsM,2,4,6,0.33
JnsN,4,0,4,1.0
JnsS,3,4,7,0.43
Jnsb,3,0,3,1.0
Jnsm,3,2,5,0.6
Jnsn,0,7,7,0.0
Jnss,3,1,4,0.75
JsBB,0,2,2,0.0
JsBD,1,0,1,1.0
JsBM,3,3,6,0.5
JsBN,2,3,5,0.4
JsBP,2,3,5,0.4
JsBS,1,2,3,0.33
JsBb,1,0,1,1.0
JsBj,0,1,1,0.0
JsBl,1,0,1,1.0
JsBm,1,3,4,0.25
JsBn,3,2,5,0.6
JsBs,1,1,2,0.5
JsBt,0,0,0,
JsDH,1,1,2,0.5
JsDM,1,2,3,0.33
JsDN,0,2,2,0.0
JsDS,1,0,1,1.0
JsDn,1,0,1,1.0
JsDs,0,1,1,0.0
JsHB,1,2,3,0.33
JsHD,0,0,0,
JsHK,1,0,1,1.0
JsHL,0,1,1,0.0
JsHM,0,1,1,0.0
JsHP,4,3,7,0.57
JsHS,0,1,1,0.0
JsHb,2,1,3,0.67
JsHh,0,2,2,0.0
JsHl,1,4,5,0.2
JsHm,4,0,4,1.0
JsHn,1,2,3,0.33
JsHs,2,0,2,1.0
JsIH,1,0,1,1.0
JsIm,2,0,2,1.0
JsKm,0,1,1,0.0
JsLB,0,1,1,0.0
JsLM,2,1,3,0.67
JsLN,0,3,3,0.0
JsLP,0,2,2,0.0
JsLS,0,0,0,
JsLh,2,1,3,0.67
JsLj,1,0,1,1.0
JsLl,0,1,1,0.0
JsLm,2,0,2,1.0
JsLn,0,2,2,0.0
JsLs,1,1,2,0.5
JsLt,0,1,1,0.0
JsMB,0,1,1,0.0
JsMD,0,1,1,0.0
JsML,2,2,4,0.5
JsMM,1,1,2,0.5
JsMN,4,2,6,0.67
JsMP,2,4,6,0.33
JsMS,1,1,2,0.5
JsMb,1,2,3,0.33
JsMh,0,4,4,0.0
JsMl,2,1,3,0.67
JsMm,1,0,1,1.0
JsMn,4,5,9,0.44
JsMs,1,2,3,0.33
JsMt,1,0,1,1.0
JsNB,0,1,1,0.0
JsNK,0,0,0,
JsNL,2,1,3,0.67
JsNM,3,0,3,1.0
JsNN,1,2,3,0.33
JsNP,2,5,7,0.29
JsNS,0,2,2,0.0
JsNb,2,2,4,0.5
JsNh,0,1,1,0.0
JsNl,0,1,1,0.0
JsNm,4,2,6,0.67
JsNn,2,2,4,0.5
JsNs,3,2,5,0.6
JsPB,2,4,6,0.33
JsPH,3,1,4,0.75
JsPK,1,1,2,0.5
JsPL,0,2,2,0.0
JsPM,5,3,8,0.62
JsPN,5,3,8,0.62
JsPP,5,5,10,0.5
JsPS,0,1,1,0.0
JsPb,0,2,2,0.0
JsPh,0,1,1,0.0
JsPl,2,1,3,0.67
JsPm,0,4,4,0.0
JsPn,1,5,6,0.17
JsPs,2,0,2,1.0
JsPt,1,1,2,0.5
JsSB,2,1,3,0.67
JsSH,3,1,4,0.75
JsSL,1,0,1,1.0
JsSM,2,2,4,0.5
JsSN,0,3,3,0.0
JsSP,3,2,5,0.6
JsSS,1,2,3,0.33
JsSb,0,3,3,0.0
JsSh,0,0,0,
JsSl,2,0,2,1.0
JsSm,3,0,3,1.0
JsSn,2,2,4,0.5
JsSs,2,4,6,0.33
JsSt,1,0,1,1.0
JsbB,1,2,3,0.33
JsbM,4,1,5,0.8
JsbN,1,1,2,0.5
JsbP,7,2,9,0.78
JsbS,0,3,3,0.0
Jsbb,3,3,6,0.5
Jsbl,1,0,1,1.0
Jsbm,2,1,3,0.67
Jsbn,3,1,4,0.75
Jsbs,1,1,2,0.5
JshB,0,0,0,
JshL,0,1,1,0.0
Jshb,1,0,1,1.0
Jshm,0,0,0,
Jshn,0,1,1,0.0
JslB,0,0,0,
JslH,1,1,2,0.5
JslI,0,1,1,0.0
JslL,1,0,1,1.0
JslM,1,1,2,0.5
JslN,0,1,1,0.0
JslP,0,1,1,0.0
JslS,2,3,5,0.4
Jslb,1,1,2,0.5
Jslm,1,0,1,1.0
Jsln,1,1,2,0.5
Jsls,1,0,1,1.0
JsmB,2,3,5,0.4
JsmH,2,0,2,1.0
JsmJ,0,1,1,0.0
JsmL,0,3,3,0.0
JsmM,1,1,2,0.5
JsmN,3,4,7,0.43
JsmP,3,2,5,0.6
JsmS,5,2,7,0.71
Jsmb,1,1,2,0.5
Jsml,1,0,1,1.0
Jsmm,2,1,3,0.67
Jsmn,0,4,4,0.0
Jsms,0,1,1,0.0
JsnB,0,3,3,0.0
JsnD,0,1,1,0.0
JsnH,0,1,1,0.0
JsnI,0,1,1,0.0
JsnM,4,2,6,0.67
JsnN,1,2,3,0.33
JsnP,3,2,5,0.6
JsnS,0,4,4,0.0
Jsnb,1,2,3,0.33
Jsnl,1,0,1,1.0
Jsnm,3,1,4,0.75
Jsnn,2,4,6,0.33
Jsns,1,1,2,0.5
JssB,1,0,1,1.0
JssD,0,1,1,0.0
JssH,1,1,2,0.5
JssL,1,0,1,1.0
JssM,1,1,2,0.5
JssP,2,4,6,0.33
JssS,5,1,6,0.83
Jssb,1,2,3,0.33
Jssl,4,1,5,0.8
Jssn,2,1,3,0.67
Jsss,2,2,4,0.5
JstP,1,0,1,1.0
Jsts,0,1,1,0.0
JtBK,0,1,1,0.0
JtBL,0,1,1,0.0
JtBM,2,1,3,0.67
JtBP,0,1,1,0.0
JtBb,1,0,1,1.0
JtBn,0,1,1,0.0
JtBt,1,0,1,1.0
JtDM,0,0,0,
JtDP,0,1,1,0.0
JtHP,0,1,1,0.0
JtHh,0,1,1,0.0
JtKs,1,0,1,1.0
JtLP,1,1,2,0.5
JtLS,1,0,1,1.0
JtLb,0,1,1,0.0
JtMB,0,0,0,
JtML,0,1,1,0.0
JtMN,1,0,1,1.0
JtMP,1,1,2,0.5
JtMS,1,0,1,1.0
JtMl,1,0,1,1.0
JtMm,0,1,1,0.0
JtMn,0,1,1,0.0
JtNL,0,0,0,
JtNM,2,2,4,0.5
JtNN,1,1,2,0.5
JtNP,0,0,0,
JtNS,1,2,3,0.33
JtNm,2,0,2,1.0
JtPM,0,1,1,0.0
JtPN,0,1,1,0.0
JtPP,0,1,1,0.0
JtPb,2,0,2,1.0
JtPm,0,1,1,0.0
JtPs,0,1,1,0.0
JtSB,1,0,1,1.0
JtSN,1,0,1,1.0
JtSS,0,1,1,0.0
JtSh,0,1,1,0.0
JtSm,1,0,1,1.0
JtSn,0,0,0,
JtSs,0,1,1,0.0
Jtbl,1,0,1,1.0
Jtbn,0,1,1,0.0
JtlJ,0,0,0,
JtlL,1,0,1,1.0
JtlN,2,0,2,1.0
Jtll,1,0,1,1.0
Jtlm,0,1,1,0.0
JtmM,1,0,1,1.0
JtmN,1,0,1,1.0
Jtmb,0,1,1,0.0
Jtmh,0,0,0,
JtnD,0,0,0,
JtnH,0,1,1,0.0
JtnM,1,0,1,1.0
JtnN,0,1,1,0.0
JtnS,1,1,2,0.5
Jtnb,0,1,1,0.0
Jtnm,1,0,1,1.0
Jtnn,1,1,2,0.5
JtsH,1,0,1,1.0
JtsM,0,1,1,0.0
JtsN,1,1,2,0.5
JtsP,0,0,0,
JtsS,1,0,1,1.0
Jtsn,3,0,3,1.0
JttH,1,0,1,1.0
KBBB,1,4,5,0.2
KBBD,0,1,1,0.0
KBBL,2,1,3,0.67
KBBM,1,3,4,0.25
KBBN,0,5,5,0.0
KBBP,1,2,3,0.33
KBBS,0,1,1,0.0
KBBb,2,2,4,0.5
KBBj,0,3,3,0.0
KBBl,1,0,1,1.0
KBBm,0,1,1,0.0
KBBn,3,5,8,0.38
KBBs,2,1,3,0.67
KBBt,1,0,1,1.0
KBDB,0,2,2,0.0
KBDD,1,0,1,1.0
KBDN,1,0,1,1.0
KBDP,0,1,1,0.0
KBDb,0,1,1,0.0
KBDm,1,2,3,0.33
KBDs,1,0,1,1.0
KBHm,1,0,1,1.0
KBKB,1,0,1,1.0
KBKM,1,0,1,1.0
KBKP,1,0,1,1.0
KBKS,1,1,2,0.5
KBKb,0,2,2,0.0
KBKl,1,0,1,1.0
KBKn,0,1,1,0.0
KBLB,5,0,5,1.0
KBLL,0,1,1,0.0
KBLM,0,2,2,0.0
KBLN,2,0,2,1.0
KBLP,2,1,3,0.67
KBLS,1,2,3,0.33
KBLb,0,1,1,0.0
KBLh,1,1,2,0.5
KBLl,1,3,4,0.25
KBLm,1,0,1,1.0
KBLn,2,2,4,0.5
KBLs,2,0,2,1.0
KBMB,2,2,4,0.5
KBMM,2,3,5,0.4
KBMN,4,3,7,0.57
KBMP,6,3,9,0.67
KBMS,2,5,7,0.29
KBMb,5,7,12,0.42
KBMh,3,3,6,0.5
KBMl,1,1,2,0.5
KBMm,2,6,8,0.25
KBMn,4,2,6,0.67
KBMs,1,1,2,0.5
KBNB,3,4,7,0.43
KBND,0,1,1,0.0
KBNL,2,3,5,0.4
KBNM,0,4,4,0.0
KBNN,1,2,3,0.33
KBNP,4,4,8,0.5
KBNS,4,2,6,0.67
KBNb,3,2,5,0.6
KBNh,0,0,0,
KBNl,5,1,6,0.83
KBNm,6,2,8,0.75
KBNn,2,4,6,0.33
KBNs,0,1,1,0.0
KBPB,2,7,9,0.22
KBPD,0,1,1,0.0
KBPH,0,1,1,0.0
KBPI,1,0,1,1.0
KBPK,0,1,1,0.0
KBPL,1,1,2,0.5
KBPM,4,3,7,0.57
KBPN,2,3,5,0.4
KBPP,3,4,7,0.43
KBPS,5,1,6,0.83
KBPb,1,4,5,0.2
KBPh,0,0,0,
KBPl,1,2,3,0.33
KBPm,5,6,11,0.45
KBPn,2,5,7,0.29
KBPs,4,3,7,0.57
KBSH,2,1,3,0.67
KBSI,0,1,1,0.0
KBSL,1,0,1,1.0
KBSM,1,3,4,0.25
KBSN,3,1,4,0.75
KBSP,1,2,3,0.33
KBSb,1,1,2,0.5
KBSl,1,3,4,0.25
KBSm,0,1,1,0.0
KBSn,2,1,3,0.67
KBSs,2,1,3,0.67
KBSt,1,0,1,1.0
KBbB,4,7,11,0.36
KBbD,1,0,1,1.0
KBbH,0,1,1,0.0
KBbI,0,1,1,0.0
KBbL,0,2,2,0.0
KBbM,3,5,8,0.38
KBbN,4,2,6,0.67
KBbP,6,7,13,0.46
KBbS,2,2,4,0.5
KBbb,5,5,10,0.5
KBbm,3,1,4,0.75
KBbn,1,1,2,0.5
KBhL,1,0,1,1.0
KBhM,0,0,0,
KBhS,0,0,0,
KBhn,1,0,1,1.0
KBjL,1,1,2,0.5
KBjM,1,1,2,0.5
KBjN,0,1,1,0.0
KBjP,3,0,3,1.0
KBjS,0,1,1,0.0
KBjb,1,0,1,1.0
KBjl,0,1,1,0.0
KBjm,2,0,2,1.0
KBjn,2,0,2,1.0
KBjs,1,1,2,0.5
KBlB,2,3,5,0.4
KBlH,2,0,2,1.0
KBlK,0,1,1,0.0
KBlL,0,1,1,0.0
KBlM,0,2,2,0.0
KBlN,1,0,1,1.0
KBlP,0,2,2,0.0
KBlS,1,2,3,0.33
KBlb,0,2,2,0.0
KBll,2,3,5,0.4
KBlm,1,1,2,0.5
KBln,2,0,2,1.0
KBls,0,1,1,0.0
KBmB,3,3,6,0.5
KBmD,0,1,1,0.0
KBmH,3,2,5,0.6
KBmJ,0,2,2,0.0
KBmK,0,1,1,0.0
KBmL,5,0,5,1.0
KBmM,5,3,8,0.62
KBmN,4,3,7,0.57
KBmP,3,3,6,0.5
KBmS,5,2,7,0.71
KBmb,5,2,7,0.71
KBml,2,1,3,0.67
KBmm,4,5,9,0.44
KBmn,1,1,2,0.5
KBms,1,2,3,0.33
KBnB,0,2,2,0.0
KBnD,1,1,2,0.5
KBnH,2,1,3,0.67
KBnI,1,0,1,1.0
KBnL,1,4,5,0.2
KBnM,6,3,9,0.67
KBnN,3,3,6,0.5
KBnP,3,6,9,0.33
KBnS,3,3,6,0.5
KBnb,4,4,8,0.5
KBnh,0,0,0,
KBnl,1,1,2,0.5
KBnm,3,3,6,0.5
KBnn,5,1,6,0.83
KBns,1,2,3,0.33
KBsD,1,0,1,1.0
KBsH,1,0,1,1.0
KBsI,1,0,1,1.0
KBsL,3,1,4,0.75
KBsM,1,1,2,0.5
KBsN,3,2,5,0.6
KBsP,3,3,6,0.5
KBsS,1,2,3,0.33
KBsb,3,0,3,1.0
KBsl,1,1,2,0.5
KBsm,2,1,3,0.67
KBsn,0,2,2,0.0
KBss,4,2,6,0.67
KBtH,1,0,1,1.0
KBtL,0,1,1,0.0
KBtM,0,1,1,0.0
KBtP,0,2,2,0.0
KBtl,0,0,0,
KBtn,0,0,0,
KDBB,1,0,1,1.0
KDBM,1,1,2,0.5
KDBN,1,0,1,1.0
KDBP,0,1,1,0.0
KDBS,1,0,1,1.0
KDBb,0,1,1,0.0
KDBm,3,0,3,1.0
KDBn,1,1,2,0.5
KDDD,1,0,1,1.0
KDDH,1,0,1,1.0
KDDL,0,0,0,
KDDM,1,0,1,1.0
KDDP,1,0,1,1.0
KDDb,0,2,2,0.0
KDDm,0,1,1,0.0
KDHB,1,1,2,0.5
KDHD,1,0,1,1.0
KDHI,1,1,2,0.5
KDHL,0,1,1,0.0
KDHM,1,0,1,1.0
KDHP,0,2,2,0.0
KDHS,1,0,1,1.0
KDHh,1,0,1,1.0
KDHl,0,1,1,0.0
KDHm,0,1,1,0.0
KDHn,0,0,0,
KDHs,1,1,2,0.5
KDKS,0,1,1,0.0
KDLD,1,0,1,1.0
KDLN,0,1,1,0.0
KDLP,0,1,1,0.0
KDLh,0,0,0,
KDLm,0,0,0,
KDMB,3,0,3,1.0
KDMM,1,0,1,1.0
KDMP,1,0,1,1.0
KDMS,0,1,1,0.0
KDMb,1,1,2,0.5
KDMh,0,1,1,0.0
KDMl,0,1,1,0.0
KDMn,1,1,2,0.5
KDMs,1,0,1,1.0
KDND,0,1,1,0.0
KDNK,0,0,0,
KDNM,0,2,2,0.0
KDNN,1,0,1,1.0
KDNb,1,1,2,0.5
KDNm,1,1,2,0.5
KDNs,2,1,3,0.67
KDPB,1,0,1,1.0
KDPM,2,1,3,0.67
KDPP,2,0,2,1.0
KDPS,0,0,0,
KDPm,1,0,1,1.0
KDPs,1,1,2,0.5
KDSB,0,0,0,
KDSM,2,0,2,1.0
KDSN,0,1,1,0.0
KDSS,1,1,2,0.5
KDSm,0,3,3,0.0
KDSn,1,0,1,1.0
KDSs,0,1,1,0.0
KDbK,1,0,1,1.0
KDbM,0,1,1,0.0
KDbN,1,2,3,0.33
KDbP,0,0,0,
KDbb,1,1,2,0.5
KDbl,0,2,2,0.0
KDbm,0,2,2,0.0
KDbn,0,1,1,0.0
KDhD,0,0,0,
KDhb,0,1,1,0.0
KDlH,1,0,1,1.0
KDlL,1,0,1,1.0
KDlM,1,0,1,1.0
KDlP,1,0,1,1.0
KDlb,0,0,0,
KDlm,0,1,1,0.0
KDls,0,1,1,0.0
KDmH,0,1,1,0.0
KDmM,1,2,3,0.33
KDmN,1,0,1,1.0
KDmP,1,1,2,0.5
KDmS,1,0,1,1.0
KDmb,1,0,1,1.0
KDmm,1,2,3,0.33
KDmn,1,0,1,1.0
KDnK,1,0,1,1.0
KDnM,1,0,1,1.0
KDnN,0,0,0,
KDnS,0,1,1,0.0
KDnb,0,1,1,0.0
KDnm,2,0,2,1.0
KDnn,0,1,1,0.0
KDsB,0,1,1,0.0
KDsD,1,0,1,1.0
KDsH,0,1,1,0.0
KDsM,0,0,0,
KDsN,0,1,1,0.0
KDsS,1,0,1,1.0
KDsl,0,1,1,0.0
KDsm,1,0,1,1.0
KDss,0,0,0,
KDtK,1,0,1,1.0
KDtL,1,0,1,1.0
KDtM,0,1,1,0.0
KHBB,0,1,1,0.0
KHBM,1,0,1,1.0
KHBN,0,1,1,0.0
KHBP,0,1,1,0.0
KHBb,0,1,1,0.0
KHBj,0,1,1,0.0
KHBl,0,1,1,0.0
KHBm,0,1,1,0.0
KHBn,1,1,2,0.5
KHBs,1,0,1,1.0
KHDK,0,0,0,
KHDs,0,1,1,0.0
KHHn,1,0,1,1.0
KHIN,1,0,1,1.0
KHIP,0,1,1,0.0
KHIS,1,0,1,1.0
KHKN,0,1,1,0.0
KHKP,0,1,1,0.0
KHKb,0,1,1,0.0
KHLN,0,0,0,
KHLS,1,0,1,1.0
KHLs,0,0,0,
KHMB,1,1,2,0.5
KHMM,0,1,1,0.0
KHMP,1,0,1,1.0
KHMS,0,1,1,0.0
KHMb,0,1,1,0.0
KHMh,0,1,1,0.0
KHMl,0,1,1,0.0
KHMn,0,0,0,
KHMs,1,0,1,1.0
KHNB,1,0,1,1.0
KHNK,0,0,0,
KHNP,0,1,1,0.0
KHNS,1,1,2,0.5
KHNb,2,0,2,1.0
KHNl,0,1,1,0.0
KHNm,0,2,2,0.0
KHNn,1,0,1,1.0
KHNs,0,1,1,0.0
KHPB,0,1,1,0.0
KHPL,0,1,1,0.0
KHPM,0,2,2,0.0
KHPP,0,0,0,
KHPS,1,1,2,0.5
KHPl,0,1,1,0.0
KHPm,2,0,2,1.0
KHPn,1,0,1,1.0
KHSB,1,0,1,1.0
KHSM,0,1,1,0.0
KHSN,0,0,0,
KHSP,1,0,1,1.0
KHSS,0,3,3,0.0
KHSb,1,0,1,1.0
KHSh,0,1,1,0.0
KHSn,2,0,2,1.0
KHSs,1,1,2,0.5
KHbB,1,0,1,1.0
KHbD,0,1,1,0.0
KHbJ,1,0,1,1.0
KHbM,1,0,1,1.0
KHbN,1,1,2,0.5
KHbP,2,0,2,1.0
KHbS,1,0,1,1.0
KHbl,1,0,1,1.0
KHbm,0,0,0,
KHbn,1,0,1,1.0
KHhm,0,0,0,
KHhs,0,1,1,0.0
KHlD,1,0,1,1.0
KHlN,0,0,0,
KHmB,0,0,0,
KHmH,1,0,1,1.0
KHmM,0,1,1,0.0
KHmN,0,1,1,0.0
KHmP,2,2,4,0.5
KHmS,0,1,1,0.0
KHmm,0,1,1,0.0
KHmn,0,0,0,
KHnB,1,1,2,0.5
KHnM,0,0,0,
KHnN,2,0,2,1.0
KHnP,0,2,2,0.0
KHnS,0,1,1,0.0
KHnl,1,0,1,1.0
KHnm,0,1,1,0.0
KHnn,2,0,2,1.0
KHns,2,1,3,0.67
KHsD,0,1,1,0.0
KHsH,1,0,1,1.0
KHsL,0,1,1,0.0
KHsM,0,1,1,0.0
KHsN,0,2,2,0.0
KHsP,0,0,0,
KHsS,0,2,2,0.0
KHsb,1,0,1,1.0
KHsn,1,0,1,1.0
KIBB,1,0,1,1.0
KIBM,0,1,1,0.0
KIBN,1,0,1,1.0
KIBP,0,1,1,0.0
KIBj,1,0,1,1.0
KIBm,0,0,0,
KIBs,1,0,1,1.0
KIDH,1,0,1,1.0
KIHL,0,1,1,0.0
KIHN,1,0,1,1.0
KIHP,0,1,1,0.0
KIHS,0,0,0,
KIHl,1,0,1,1.0
KIHm,1,0,1,1.0
KIHs,2,0,2,1.0
KIKs,1,0,1,1.0
KILB,0,1,1,0.0
KILD,1,0,1,1.0
KILh,1,0,1,1.0
KIMB,0,1,1,0.0
KIMM,1,2,3,0.33
KIMb,1,0,1,1.0
KIMh,1,0,1,1.0
KIMl,1,2,3,0.33
KINB,0,1,1,0.0
KINL,1,0,1,1.0
KINM,0,0,0,
KINN,0,1,1,0.0
KINP,1,0,1,1.0
KINm,0,1,1,0.0
KINs,1,1,2,0.5
KIPL,2,0,2,1.0
KIPM,2,1,3,0.67
KIPP,1,0,1,1.0
KIPm,1,1,2,0.5
KISB,1,0,1,1.0
KISP,1,0,1,1.0
KISS,2,0,2,1.0
KISh,0,1,1,0.0
KISl,1,0,1,1.0
KISm,0,2,2,0.0
KISs,3,0,3,1.0
KISt,1,0,1,1.0
KIbB,0,1,1,0.0
KIbL,0,1,1,0.0
KIbM,1,0,1,1.0
KIbN,1,0,1,1.0
KIbP,0,1,1,0.0
KIbl,0,1,1,0.0
KIbm,1,0,1,1.0
KIbs,1,0,1,1.0
KIlH,1,0,1,1.0
KIll,0,1,1,0.0
KIln,0,1,1,0.0
KImB,0,1,1,0.0
KImH,0,0,0,
KImL,1,0,1,1.0
KImP,0,0,0,
KImS,0,1,1,0.0
KIms,1,0,1,1.0
KInM,0,1,1,0.0
KInN,1,0,1,1.0
KInP,0,0,0,
KInS,0,1,1,0.0
KInb,1,2,3,0.33
KInm,0,0,0,
KInn,1,1,2,0.5
KIns,0,2,2,0.0
KIsB,0,1,1,0.0
KIsH,0,0,0,
KIsN,0,1,1,0.0
KIsP,0,1,1,0.0
KIsS,1,0,1,1.0
KIsb,2,0,2,1.0
KIsl,0,1,1,0.0
KKBB,1,0,1,1.0
KKIs,0,0,0,
KKMS,0,1,1,0.0
KKMm,0,1,1,0.0
KKMs,0,1,1,0.0
KKNL,1,0,1,1.0
KKNN,0,1,1,0.0
KKPn,0,0,0,
KKSM,0,0,0,
KKbH,0,1,1,0.0
KKbb,1,0,1,1.0
KKhS,1,0,1,1.0
KKhn,1,0,1,1.0
KKls,0,1,1,0.0
KKnM,1,0,1,1.0
KKnb,1,0,1,1.0
KKns,0,0,0,
KKsM,0,1,1,0.0
KKsb,0,1,1,0.0
KKsm,0,0,0,
KLBB,2,1,3,0.67
KLBK,0,1,1,0.0
KLBL,2,0,2,1.0
KLBM,1,1,2,0.5
KLBN,1,2,3,0.33
KLBP,4,4,8,0.5
KLBb,0,0,0,
KLBj,1,0,1,1.0
KLBl,1,0,1,1.0
KLBm,1,2,3,0.33
KLBn,1,4,5,0.2
KLBs,1,0,1,1.0
KLBt,0,1,1,0.0
KLDB,2,0,2,1.0
KLDN,0,1,1,0.0
KLDb,1,0,1,1.0
KLLB,3,0,3,1.0
KLLD,0,1,1,0.0
KLLM,1,1,2,0.5
KLLP,1,2,3,0.33
KLLS,1,1,2,0.5
KLLb,2,0,2,1.0
KLLl,1,3,4,0.25
KLLm,0,2,2,0.0
KLLn,0,3,3,0.0
KLLs,1,0,1,1.0
KLLt,0,2,2,0.0
KLMB,1,2,3,0.33
KLMD,1,0,1,1.0
KLMM,4,0,4,1.0
KLMN,0,1,1,0.0
KLMP,1,3,4,0.25
KLMS,1,1,2,0.5
KLMb,2,2,4,0.5
KLMh,3,2,5,0.6
KLMj,1,0,1,1.0
KLMl,0,2,2,0.0
KLMm,2,1,3,0.67
KLMn,3,2,5,0.6
KLMs,0,2,2,0.0
KLNB,1,1,2,0.5
KLNL,2,1,3,0.67
KLNM,2,0,2,1.0
KLNN,1,0,1,1.0
KLNP,1,1,2,0.5
KLNS,0,0,0,
KLNb,2,1,3,0.67
KLNl,0,1,1,0.0
KLNm,3,0,3,1.0
KLNn,2,1,3,0.67
KLNs,1,0,1,1.0
KLPB,2,0,2,1.0
KLPH,0,0,0,
KLPL,1,3,4,0.25
KLPM,2,4,6,0.33
KLPN,2,2,4,0.5
KLPP,3,1,4,0.75
KLPS,2,6,8,0.25
KLPb,1,3,4,0.25
KLPh,0,2,2,0.0
KLPl,2,0,2,1.0
KLPm,2,4,6,0.33
KLPn,2,0,2,1.0
KLPs,0,3,3,0.0
KLPt,0,1,1,0.0
KLSB,1,2,3,0.33
KLSH,0,1,1,0.0
KLSM,0,1,1,0.0
KLSN,1,1,2,0.5
KLSP,1,0,1,1.0
KLSS,4,1,5,0.8
KLSb,1,2,3,0.33
KLSh,0,2,2,0.0
KLSm,1,0,1,1.0
KLSn,1,0,1,1.0
KLSs,1,1,2,0.5
KLbB,1,1,2,0.5
KLbJ,0,1,1,0.0
KLbL,1,0,1,1.0
KLbM,0,0,0,
KLbN,2,1,3,0.67
KLbP,2,4,6,0.33
KLbS,1,1,2,0.5
KLbb,2,1,3,0.67
KLbl,1,0,1,1.0
KLbm,1,0,1,1.0
KLbn,1,2,3,0.33
KLbs,1,0,1,1.0
KLhB,1,0,1,1.0
KLhL,1,0,1,1.0
KLhN,1,0,1,1.0
KLhP,1,0,1,1.0
KLhS,2,0,2,1.0
KLhb,2,1,3,0.67
KLhh,0,1,1,0.0
KLhm,1,0,1,1.0
KLhs,0,1,1,0.0
KLjL,0,1,1,0.0
KLjP,1,0,1,1.0
KLjb,1,1,2,0.5
KLjm,1,0,1,1.0
KLjn,1,0,1,1.0
KLjs,0,1,1,0.0
KLlB,1,0,1,1.0
KLlD,1,0,1,1.0
KLlH,1,0,1,1.0
KLlM,1,1,2,0.5
KLlN,1,2,3,0.33
KLlP,2,2,4,0.5
KLlS,1,2,3,0.33
KLlb,1,2,3,0.33
KLlm,0,1,1,0.0
KLln,2,0,2,1.0
KLls,1,0,1,1.0
KLmB,0,2,2,0.0
KLmD,1,0,1,1.0
KLmJ,0,1,1,0.0
KLmL,0,1,1,0.0
KLmM,0,1,1,0.0
KLmN,2,0,2,1.0
KLmP,3,2,5,0.6
KLmS,0,1,1,0.0
KLmb,2,2,4,0.5
KLml,0,1,1,0.0
KLmm,3,3,6,0.5
KLmn,1,1,2,0.5
KLnB,2,1,3,0.67
KLnD,1,2,3,0.33
KLnH,0,1,1,0.0
KLnI,1,0,1,1.0
KLnL,0,3,3,0.0
KLnM,2,1,3,0.67
KLnN,2,3,5,0.4
KLnP,0,1,1,0.0
KLnS,1,0,1,1.0
KLnb,2,4,6,0.33
KLnl,1,0,1,1.0
KLnm,3,3,6,0.5
KLnn,2,0,2,1.0
KLns,2,0,2,1.0
KLsB,1,0,1,1.0
KLsH,1,3,4,0.25
KLsL,1,0,1,1.0
KLsM,2,1,3,0.67
KLsN,1,2,3,0.33
KLsP,1,1,2,0.5
KLsS,2,1,3,0.67
KLsb,1,1,2,0.5
KLsl,3,0,3,1.0
KLsm,1,1,2,0.5
KLsn,1,0,1,1.0
KLss,1,0,1,1.0
KLst,0,0,0,
KLtB,1,0,1,1.0
KLtM,1,0,1,1.0
KLtP,0,3,3,0.0
KMBB,5,3,8,0.62
KMBL,1,0,1,1.0
KMBM,8,3,11,0.73
KMBN,3,8,11,0.27
KMBP,2,3,5,0.4
KMBS,3,2,5,0.6
KMBb,2,8,10,0.2
KMBh,0,1,1,0.0
KMBj,2,0,2,1.0
KMBl,1,1,2,0.5
KMBm,4,3,7,0.57
KMBn,2,5,7,0.29
KMBs,1,1,2,0.5
KMBt,1,0,1,1.0
KMDB,0,2,2,0.0
KMDD,0,2,2,0.0
KMDH,0,1,1,0.0
KMDI,1,0,1,1.0
KMDK,0,0,0,
KMDM,1,0,1,1.0
KMDN,1,0,1,1.0
KMDS,0,1,1,0.0
KMDb,0,1,1,0.0
KMDl,1,1,2,0.5
KMDm,3,2,5,0.6
KMDn,0,2,2,0.0
KMDs,1,0,1,1.0
KMIS,0,1,1,0.0
KMKH,0,0,0,
KMKN,1,0,1,1.0
KMLB,2,4,6,0.33
KMLL,0,1,1,0.0
KMLM,1,3,4,0.25
KMLN,0,4,4,0.0
KMLP,3,2,5,0.6
KMLS,1,0,1,1.0
KMLb,1,4,5,0.2
KMLh,0,2,2,0.0
KMLj,0,1,1,0.0
KMLl,1,3,4,0.25
KMLm,1,0,1,1.0
KMLn,2,2,4,0.5
KMMB,4,10,14,0.29
KMMD,1,0,1,1.0
KMML,1,1,2,0.5
KMMM,1,10,11,0.09
KMMN,2,2,4,0.5
KMMP,11,2,13,0.85
KMMS,2,7,9,0.22
KMMb,3,3,6,0.5
KMMh,3,1,4,0.75
KMMj,2,0,2,1.0
KMMl,2,0,2,1.0
KMMm,8,3,11,0.73
KMMn,8,6,14,0.57
KMMs,1,0,1,1.0
KMNB,2,3,5,0.4
KMND,2,2,4,0.5
KMNH,1,1,2,0.5
KMNK,0,1,1,0.0
KMNL,0,2,2,0.0
KMNM,5,2,7,0.71
KMNN,3,3,6,0.5
KMNP,8,3,11,0.73
KMNS,2,0,2,1.0
KMNb,5,1,6,0.83
KMNh,2,2,4,0.5
KMNl,1,2,3,0.33
KMNm,6,3,9,0.67
KMNn,2,3,5,0.4
KMNs,1,2,3,0.33
KMNt,1,1,2,0.5
KMPB,4,2,6,0.67
KMPD,0,0,0,
KMPH,0,1,1,0.0
KMPI,0,1,1,0.0
KMPK,1,1,2,0.5
KMPL,3,4,7,0.43
KMPM,7,10,17,0.41
KMPN,3,8,11,0.27
KMPP,12,5,17,0.71
KMPS,5,3,8,0.62
KMPb,4,5,9,0.44
KMPl,4,1,5,0.8
KMPm,4,6,10,0.4
KMPn,4,3,7,0.57
KMPs,3,4,7,0.43
KMSB,5,1,6,0.83
KMSD,1,0,1,1.0
KMSH,0,3,3,0.0
KMSK,0,0,0,
KMSL,0,2,2,0.0
KMSM,2,5,7,0.29
KMSN,5,1,6,0.83
KMSP,2,4,6,0.33
KMSS,1,1,2,0.5
KMSb,4,5,9,0.44
KMSh,1,2,3,0.33
KMSl,0,3,3,0.0
KMSm,1,2,3,0.33
KMSn,2,2,4,0.5
KMSs,2,0,2,1.0
KMSt,0,1,1,0.0
KMbB,3,3,6,0.5
KMbD,0,0,0,
KMbH,2,1,3,0.67
KMbJ,0,3,3,0.0
KMbK,1,0,1,1.0
KMbL,1,0,1,1.0
KMbM,4,3,7,0.57
KMbN,6,8,14,0.43
KMbP,8,5,13,0.62
KMbS,5,3,8,0.62
KMbb,3,3,6,0.5
KMbl,2,2,4,0.5
KMbm,5,9,14,0.36
KMbn,6,5,11,0.55
KMbs,3,4,7,0.43
KMhB,0,4,4,0.0
KMhH,0,2,2,0.0
KMhL,1,1,2,0.5
KMhM,2,1,3,0.67
KMhN,2,5,7,0.29
KMhP,5,7,12,0.42
KMhS,3,4,7,0.43
KMhb,4,0,4,1.0
KMhh,2,2,4,0.5
KMhl,4,2,6,0.67
KMhm,3,4,7,0.43
KMhn,4,1,5,0.8
KMhs,5,0,5,1.0
KMht,2,0,2,1.0
KMjB,0,1,1,0.0
KMjL,0,1,1,0.0
KMjM,0,1,1,0.0
KMjN,0,0,0,
KMjP,1,0,1,1.0
KMjS,1,0,1,1.0
KMjb,3,0,3,1.0
KMjl,1,0,1,1.0
KMjm,1,0,1,1.0
KMjn,2,1,3,0.67
KMjs,1,1,2,0.5
KMlB,2,1,3,0.67
KMlD,1,0,1,1.0
KMlH,1,0,1,1.0
KMlJ,1,1,2,0.5
KMlL,0,3,3,0.0
KMlM,3,1,4,0.75
KMlN,1,3,4,0.25
KMlP,3,3,6,0.5
KMlS,1,3,4,0.25
KMlb,1,1,2,0.5
KMll,2,0,2,1.0
KMlm,2,2,4,0.5
KMln,4,2,6,0.67
KMls,3,1,4,0.75
KMmB,2,1,3,0.67
KMmD,2,1,3,0.67
KMmH,6,9,15,0.4
KMmJ,0,1,1,0.0
KMmL,2,2,4,0.5
KMmM,3,8,11,0.27
KMmN,6,7,13,0.46
KMmP,7,3,10,0.7
KMmS,7,2,9,0.78
KMmb,2,2,4,0.5
KMml,0,1,1,0.0
KMmm,3,11,14,0.21
KMmn,5,4,9,0.56
KMms,5,3,8,0.62
KMnB,4,4,8,0.5
KMnD,1,1,2,0.5
KMnH,1,1,2,0.5
KMnK,1,1,2,0.5
KMnL,0,2,2,0.0
KMnM,7,6,13,0.54
KMnN,9,5,14,0.64
KMnP,10,5,15,0.67
KMnS,1,4,5,0.2
KMnb,6,4,10,0.6
KMnl,1,2,3,0.33
KMnm,7,3,10,0.7
KMnn,4,6,10,0.4
KMns,2,3,5,0.4
KMsB,2,1,3,0.67
KMsH,1,3,4,0.25
KMsI,0,0,0,
KMsK,0,1,1,0.0
KMsM,2,0,2,1.0
KMsN,4,4,8,0.5
KMsP,1,2,3,0.33
KMsS,3,1,4,0.75
KMsb,2,0,2,1.0
KMsl,1,4,5,0.2
KMsm,6,2,8,0.75
KMsn,3,1,4,0.75
KMss,1,2,3,0.33
KMtB,1,0,1,1.0
KMtL,1,0,1,1.0
KMtM,2,1,3,0.67
KMtN,1,0,1,1.0
KMtP,2,1,3,0.67
KMtb,1,0,1,1.0
KMtm,2,1,3,0.67
KMtn,0,3,3,0.0
KMts,0,1,1,0.0
KNBB,3,2,5,0.6
KNBD,1,1,2,0.5
KNBK,1,0,1,1.0
KNBL,2,1,3,0.67
KNBM,3,1,4,0.75
KNBN,5,2,7,0.71
KNBP,3,3,6,0.5
KNBS,3,0,3,1.0
KNBb,5,4,9,0.56
KNBl,1,2,3,0.33
KNBm,2,2,4,0.5
KNBn,4,5,9,0.44
KNBs,2,0,2,1.0
KNDB,1,0,1,1.0
KNDH,1,0,1,1.0
KNDP,0,0,0,
KNDb,0,1,1,0.0
KNDm,1,2,3,0.33
KNDn,1,0,1,1.0
KNDs,1,1,2,0.5
KNHK,0,1,1,0.0
KNHM,2,0,2,1.0
KNHP,1,1,2,0.5
KNHS,1,0,1,1.0
KNHh,0,1,1,0.0
KNHm,1,0,1,1.0
KNHn,1,0,1,1.0
KNHs,0,1,1,0.0
KNIm,0,0,0,
KNKL,1,0,1,1.0
KNKM,0,1,1,0.0
KNKN,0,0,0,
KNKS,1,0,1,1.0
KNKm,1,0,1,1.0
KNKn,1,1,2,0.5
KNKs,1,0,1,1.0
KNLB,0,0,0,
KNLL,2,1,3,0.67
KNLM,2,4,6,0.33
KNLN,1,0,1,1.0
KNLP,1,3,4,0.25
KNLb,2,1,3,0.67
KNLh,0,0,0,
KNLl,1,1,2,0.5
KNLm,0,2,2,0.0
KNLn,2,1,3,0.67
KNLs,0,0,0,
KNMB,3,1,4,0.75
KNMM,8,3,11,0.73
KNMN,2,1,3,0.67
KNMP,2,2,4,0.5
KNMS,4,0,4,1.0
KNMb,2,5,7,0.29
KNMh,2,2,4,0.5
KNMj,0,1,1,0.0
KNMl,0,2,2,0.0
KNMm,4,8,12,0.33
KNMn,4,8,12,0.33
KNMs,3,1,4,0.75
KNMt,0,1,1,0.0
KNNB,2,0,2,1.0
KNND,0,1,1,0.0
KNNK,1,1,2,0.5
KNNL,0,4,4,0.0
KNNM,3,2,5,0.6
KNNN,3,5,8,0.38
KNNP,6,2,8,0.75
KNNS,2,2,4,0.5
KNNb,2,0,2,1.0
KNNh,0,0,0,
KNNl,3,0,3,1.0
KNNm,0,4,4,0.0
KNNn,4,4,8,0.5
KNNs,4,2,6,0.67
KNNt,1,1,2,0.5
KNPB,6,4,10,0.6
KNPH,1,4,5,0.2
KNPI,0,1,1,0.0
KNPK,0,1,1,0.0
KNPL,2,3,5,0.4
KNPM,4,3,7,0.57
KNPN,6,6,12,0.5
KNPP,8,13,21,0.38
KNPS,4,5,9,0.44
KNPb,3,4,7,0.43
KNPh,1,2,3,0.33
KNPl,3,1,4,0.75
KNPm,9,3,12,0.75
KNPn,5,5,10,0.5
KNPs,4,4,8,0.5
KNSB,3,2,5,0.6
KNSD,0,0,0,
KNSH,1,0,1,1.0
KNSI,0,1,1,0.0
KNSL,0,1,1,0.0
KNSM,2,5,7,0.29
KNSN,1,0,1,1.0
KNSP,3,2,5,0.6
KNSS,2,2,4,0.5
KNSb,3,0,3,1.0
KNSh,2,0,2,1.0
KNSl,0,2,2,0.0
KNSm,1,1,2,0.5
KNSn,0,4,4,0.0
KNSs,2,3,5,0.4
KNSt,0,1,1,0.0
KNbB,5,1,6,0.83
KNbD,0,2,2,0.0
KNbH,2,0,2,1.0
KNbI,0,2,2,0.0
KNbJ,1,1,2,0.5
KNbK,0,2,2,0.0
KNbL,1,1,2,0.5
KNbM,3,4,7,0.43
KNbN,1,2,3,0.33
KNbP,7,3,10,0.7
KNbS,2,3,5,0.4
KNbb,3,2,5,0.6
KNbl,1,1,2,0.5
KNbm,2,4,6,0.33
KNbn,0,4,4,0.0
KNbs,5,2,7,0.71
KNhB,3,0,3,1.0
KNhL,1,0,1,1.0
KNhM,2,0,2,1.0
KNhN,1,1,2,0.5
KNhP,0,1,1,0.0
KNhS,1,0,1,1.0
KNhb,1,1,2,0.5
KNhl,2,1,3,0.67
KNhn,0,1,1,0.0
KNhs,1,0,1,1.0
KNht,1,0,1,1.0
KNlB,0,1,1,0.0
KNlH,4,0,4,1.0
KNlL,2,0,2,1.0
KNlM,1,1,2,0.5
KNlN,1,2,3,0.33
KNlP,6,5,11,0.55
KNlS,2,1,3,0.67
KNlb,0,1,1,0.0
KNll,2,0,2,1.0
KNlm,3,1,4,0.75
KNln,1,2,3,0.33
KNls,1,0,1,1.0
KNmB,0,1,1,0.0
KNmH,2,3,5,0.4
KNmI,1,1,2,0.5
KNmJ,0,0,0,
KNmK,0,0,0,
KNmL,0,1,1,0.0
KNmM,3,2,5,0.6
KNmN,1,1,2,0.5
KNmP,1,4,5,0.2
KNmS,7,1,8,0.88
KNmb,3,6,9,0.33
KNmm,3,3,6,0.5
KNmn,5,1,6,0.83
KNms,0,1,1,0.0
KNnB,4,1,5,0.8
KNnH,1,0,1,1.0
KNnI,0,1,1,0.0
KNnK,1,0,1,1.0
KNnL,1,1,2,0.5
KNnM,4,1,5,0.8
KNnN,1,4,5,0.2
KNnP,8,1,9,0.89
KNnS,1,5,6,0.17
KNnb,3,3,6,0.5
KNnl,1,1,2,0.5
KNnm,4,5,9,0.44
KNnn,4,1,5,0.8
KNns,3,1,4,0.75
KNsB,2,2,4,0.5
KNsD,0,0,0,
KNsL,0,1,1,0.0
KNsM,3,4,7,0.43
KNsN,1,5,6,0.17
KNsP,3,4,7,0.43
KNsS,5,1,6,0.83
KNsb,0,2,2,0.0
KNsl,1,2,3,0.33
KNsm,3,2,5,0.6
KNsn,1,1,2,0.5
KNss,4,3,7,0.57
KNtH,0,1,1,0.0
KNtL,1,0,1,1.0
KNtM,0,1,1,0.0
KNtP,0,2,2,0.0
KNtb,0,1,1,0.0
KNtm,0,2,2,0.0
KNts,0,1,1,0.0
KPBB,3,9,12,0.25
KPBK,0,1,1,0.0
KPBL,3,3,6,0.5
KPBM,2,5,7,0.29
KPBN,7,4,11,0.64
KPBP,7,11,18,0.39
KPBS,2,3,5,0.4
KPBb,6,3,9,0.67
KPBh,0,0,0,
KPBj,1,3,4,0.25
KPBl,0,3,3,0.0
KPBm,4,5,9,0.44
KPBn,4,6,10,0.4
KPBs,3,0,3,1.0
KPBt,1,3,4,0.25
KPDH,0,1,1,0.0
KPDL,0,0,0,
KPDM,0,1,1,0.0
KPDN,1,1,2,0.5
KPDP,0,3,3,0.0
KPDS,0,2,2,0.0
KPDb,2,0,2,1.0
KPDl,0,1,1,0.0
KPDm,2,2,4,0.5
KPDn,1,1,2,0.5
KPDs,1,2,3,0.33
KPHL,0,2,2,0.0
KPHM,0,1,1,0.0
KPHN,2,0,2,1.0
KPHP,4,1,5,0.8
KPHS,0,1,1,0.0
KPHb,1,0,1,1.0
KPHh,1,0,1,1.0
KPHl,2,0,2,1.0
KPHm,2,0,2,1.0
KPHn,0,0,0,
KPHs,2,1,3,0.67
KPHt,0,1,1,0.0
KPIB,0,1,1,0.0
KPIL,1,1,2,0.5
KPIm,0,1,1,0.0
KPIn,1,1,2,0.5
KPIs,0,1,1,0.0
KPKL,1,0,1,1.0
KPKN,0,1,1,0.0
KPKP,0,1,1,0.0
KPKS,2,0,2,1.0
KPKb,0,1,1,0.0
KPKm,1,0,1,1.0
KPKs,1,0,1,1.0
KPLB,1,2,3,0.33
KPLD,0,1,1,0.0
KPLK,1,0,1,1.0
KPLL,2,2,4,0.5
KPLM,2,1,3,0.67
KPLN,2,3,5,0.4
KPLP,3,3,6,0.5
KPLS,3,2,5,0.6
KPLb,3,4,7,0.43
KPLh,1,1,2,0.5
KPLj,0,0,0,
KPLl,3,4,7,0.43
KPLm,4,1,5,0.8
KPLn,0,4,4,0.0
KPLs,2,0,2,1.0
KPLt,1,1,2,0.5
KPMB,2,10,12,0.17
KPMD,1,0,1,1.0
KPMK,0,1,1,0.0
KPML,4,1,5,0.8
KPMM,3,7,10,0.3
KPMN,2,12,14,0.14
KPMP,5,10,15,0.33
KPMS,2,5,7,0.29
KPMb,8,5,13,0.62
KPMh,6,4,10,0.6
KPMl,4,6,10,0.4
KPMm,5,8,13,0.38
KPMn,6,4,10,0.6
KPMs,2,3,5,0.4
KPMt,2,0,2,1.0
KPNB,4,2,6,0.67
KPND,1,1,2,0.5
KPNH,1,1,2,0.5
KPNK,1,1,2,0.5
KPNL,1,3,4,0.25
KPNM,2,9,11,0.18
KPNN,4,4,8,0.5
KPNP,2,8,10,0.2
KPNS,1,2,3,0.33
KPNb,5,5,10,0.5
KPNh,0,2,2,0.0
KPNl,6,1,7,0.86
KPNm,4,2,6,0.67
KPNn,6,3,9,0.67
KPNs,3,4,7,0.43
KPNt,1,1,2,0.5
KPPB,9,5,14,0.64
KPPH,1,1,2,0.5
KPPK,1,0,1,1.0
KPPL,2,9,11,0.18
KPPM,6,12,18,0.33
KPPN,5,7,12,0.42
KPPP,12,7,19,0.63
KPPS,1,4,5,0.2
KPPb,9,12,21,0.43
KPPh,1,1,2,0.5
KPPl,5,5,10,0.5
KPPm,13,6,19,0.68
KPPn,5,6,11,0.45
KPPs,5,5,10,0.5
KPPt,1,1,2,0.5
KPSB,5,2,7,0.71
KPSD,2,0,2,1.0
KPSH,2,1,3,0.67
KPSL,1,1,2,0.5
KPSM,10,2,12,0.83
KPSN,1,1,2,0.5
KPSP,7,2,9,0.78
KPSS,5,6,11,0.45
KPSb,4,2,6,0.67
KPSh,1,2,3,0.33
KPSl,4,1,5,0.8
KPSm,6,3,9,0.67
KPSn,0,3,3,0.0
KPSs,7,3,10,0.7
KPSt,1,1,2,0.5
KPbB,4,6,10,0.4
KPbH,1,3,4,0.25
KPbI,1,0,1,1.0
KPbJ,1,1,2,0.5
KPbK,0,1,1,0.0
KPbL,4,2,6,0.67
KPbM,7,5,12,0.58
KPbN,7,9,16,0.44
KPbP,5,8,13,0.38
KPbS,6,2,8,0.75
KPbb,10,6,16,0.62
KPbl,4,5,9,0.44
KPbm,3,4,7,0.43
KPbn,2,3,5,0.4
KPbs,4,1,5,0.8
KPhD,0,1,1,0.0
KPhK,1,0,1,1.0
KPhL,1,1,2,0.5
KPhM,0,2,2,0.0
KPhP,1,2,3,0.33
KPhb,2,1,3,0.67
KPhh,0,1,1,0.0
KPhl,0,0,0,
KPhm,0,1,1,0.0
KPhs,0,1,1,0.0
KPlB,1,0,1,1.0
KPlH,1,2,3,0.33
KPlL,4,3,7,0.57
KPlM,1,6,7,0.14
KPlN,2,2,4,0.5
KPlP,3,3,6,0.5
KPlS,3,1,4,0.75
KPlb,1,2,3,0.33
KPll,0,3,3,0.0
KPlm,3,1,4,0.75
KPln,4,0,4,1.0
KPls,1,0,1,1.0
KPmB,5,4,9,0.56
KPmD,2,1,3,0.67
KPmH,6,4,10,0.6
KPmI,0,0,0,
KPmJ,0,1,1,0.0
KPmK,0,1,1,0.0
KPmL,2,2,4,0.5
KPmM,5,4,9,0.56
KPmN,3,6,9,0.33
KPmP,8,11,19,0.42
KPmS,4,1,5,0.8
KPmb,5,6,11,0.45
KPml,5,2,7,0.71
KPmm,4,5,9,0.44
KPmn,2,5,7,0.29
KPms,3,3,6,0.5
KPnB,2,3,5,0.4
KPnD,0,1,1,0.0
KPnH,1,2,3,0.33
KPnI,1,0,1,1.0
KPnK,0,1,1,0.0
KPnL,2,4,6,0.33
KPnM,2,1,3,0.67
KPnN,2,3,5,0.4
KPnP,8,8,16,0.5
KPnS,5,2,7,0.71
KPnb,6,3,9,0.67
KPnl,2,2,4,0.5
KPnm,1,2,3,0.33
KPnn,3,1,4,0.75
KPns,4,2,6,0.67
KPsB,1,3,4,0.25
KPsD,0,1,1,0.0
KPsH,1,5,6,0.17
KPsL,2,1,3,0.67
KPsM,3,4,7,0.43
KPsN,3,2,5,0.6
KPsP,10,3,13,0.77
KPsS,5,1,6,0.83
KPsb,3,1,4,0.75
KPsl,3,2,5,0.6
KPsm,4,4,8,0.5
KPsn,2,1,3,0.67
KPss,1,2,3,0.33
KPtB,0,1,1,0.0
KPtI,0,0,0,
KPtM,2,0,2,1.0
KPtN,1,0,1,1.0
KPtP,2,1,3,0.67
KPtb,1,2,3,0.33
KPtl,0,1,1,0.0
KPtm,0,2,2,0.0
KPtn,0,0,0,
KPts,0,1,1,0.0
KSBB,0,2,2,0.0
KSBL,1,0,1,1.0
KSBM,0,2,2,0.0
KSBN,4,2,6,0.67
KSBP,2,3,5,0.4
KSBS,1,0,1,1.0
KSBb,2,3,5,0.4
KSBh,0,1,1,0.0
KSBl,2,0,2,1.0
KSBm,3,0,3,1.0
KSBn,1,1,2,0.5
KSBs,1,1,2,0.5
KSDB,0,1,1,0.0
KSDD,1,0,1,1.0
KSDH,1,0,1,1.0
KSDN,1,0,1,1.0
KSDP,1,0,1,1.0
KSDS,0,2,2,0.0
KSDm,2,1,3,0.67
KSDn,0,1,1,0.0
KSDs,1,1,2,0.5
KSHB,1,0,1,1.0
KSHL,1,1,2,0.5
KSHM,1,1,2,0.5
KSHN,0,1,1,0.0
KSHP,3,2,5,0.6
KSHS,0,3,3,0.0
KSHb,0,1,1,0.0
KSHh,0,1,1,0.0
KSHl,1,0,1,1.0
KSHm,0,1,1,0.0
KSHn,0,2,2,0.0
KSHs,3,1,4,0.75
KSIm,0,0,0,
KSKL,0,1,1,0.0
KSKm,0,0,0,
KSLB,2,1,3,0.67
KSLM,1,2,3,0.33
KSLN,4,2,6,0.67
KSLP,2,0,2,1.0
KSLS,0,1,1,0.0
KSLb,3,1,4,0.75
KSLh,0,2,2,0.0
KSLj,1,0,1,1.0
KSLl,0,1,1,0.0
KSLm,3,2,5,0.6
KSLn,1,2,3,0.33
KSLs,0,1,1,0.0
KSMB,6,2,8,0.75
KSMD,0,2,2,0.0
KSMH,1,0,1,1.0
KSML,2,0,2,1.0
KSMM,1,2,3,0.33
KSMN,3,1,4,0.75
KSMP,1,3,4,0.25
KSMS,5,2,7,0.71
KSMb,5,4,9,0.56
KSMh,6,3,9,0.67
KSMj,0,2,2,0.0
KSMl,1,2,3,0.33
KSMm,5,1,6,0.83
KSMn,2,4,6,0.33
KSMs,5,3,8,0.62
KSMt,0,1,1,0.0
KSNB,0,1,1,0.0
KSND,1,1,2,0.5
KSNH,1,0,1,1.0
KSNK,0,0,0,
KSNM,0,2,2,0.0
KSNN,2,0,2,1.0
KSNP,1,1,2,0.5
KSNS,1,1,2,0.5
KSNb,2,2,4,0.5
KSNl,2,0,2,1.0
KSNm,3,1,4,0.75
KSNn,0,0,0,
KSNs,3,3,6,0.5
KSNt,2,0,2,1.0
KSPB,4,4,8,0.5
KSPD,0,2,2,0.0
KSPH,1,2,3,0.33
KSPK,1,4,5,0.2
KSPL,0,3,3,0.0
KSPM,3,5,8,0.38
KSPN,4,4,8,0.5
KSPP,6,3,9,0.67
KSPS,3,3,6,0.5
KSPb,8,4,12,0.67
KSPl,6,0,6,1.0
KSPm,2,6,8,0.25
KSPn,1,4,5,0.2
KSPs,2,4,6,0.33
KSPt,2,0,2,1.0
KSSB,2,0,2,1.0
KSSD,1,0,1,1.0
KSSH,3,2,5,0.6
KSSL,0,1,1,0.0
KSSM,2,8,10,0.2
KSSN,0,6,6,0.0
KSSP,5,7,12,0.42
KSSS,6,6,12,0.5
KSSb,2,1,3,0.67
KSSh,0,3,3,0.0
KSSl,1,0,1,1.0
KSSm,2,4,6,0.33
KSSn,2,3,5,0.4
KSSs,6,2,8,0.75
KSbB,5,3,8,0.62
KSbH,1,0,1,1.0
KSbJ,1,1,2,0.5
KSbK,1,1,2,0.5
KSbL,2,2,4,0.5
KSbM,2,2,4,0.5
KSbN,2,3,5,0.4
KSbP,3,5,8,0.38
KSbS,1,2,3,0.33
KSbb,3,4,7,0.43
KSbl,2,1,3,0.67
KSbm,2,2,4,0.5
KSbn,5,2,7,0.71
KShB,2,0,2,1.0
KShH,0,1,1,0.0
KShL,0,1,1,0.0
KShM,4,3,7,0.57
KShN,1,3,4,0.25
KShP,2,1,3,0.67
KShS,0,1,1,0.0
KShb,2,3,5,0.4
KShh,1,4,5,0.2
KShl,1,0,1,1.0
KShm,2,1,3,0.67
KShn,1,1,2,0.5
KShs,1,2,3,0.33
KSht,1,0,1,1.0
KSlB,1,3,4,0.25
KSlH,1,1,2,0.5
KSlI,1,0,1,1.0
KSlJ,0,0,0,
KSlL,1,0,1,1.0
KSlM,0,1,1,0.0
KSlN,1,0,1,1.0
KSlP,2,2,4,0.5
KSlS,1,3,4,0.25
KSlb,2,0,2,1.0
KSlh,0,0,0,
KSll,0,1,1,0.0
KSln,3,1,4,0.75
KSls,1,1,2,0.5
KSmB,6,3,9,0.67
KSmD,0,0,0,
KSmH,2,1,3,0.67
KSmI,1,0,1,1.0
KSmL,1,0,1,1.0
KSmM,2,4,6,0.33
KSmN,2,4,6,0.33
KSmP,3,4,7,0.43
KSmS,0,3,3,0.0
KSmb,5,3,8,0.62
KSml,2,0,2,1.0
KSmm,5,2,7,0.71
KSmn,6,1,7,0.86
KSms,3,0,3,1.0
KSnB,1,0,1,1.0
KSnD,0,2,2,0.0
KSnH,1,0,1,1.0
KSnI,0,1,1,0.0
KSnL,0,2,2,0.0
KSnM,6,5,11,0.55
KSnN,1,2,3,0.33
KSnP,6,2,8,0.75
KSnS,1,2,3,0.33
KSnb,4,0,4,1.0
KSnl,2,1,3,0.67
KSnm,3,2,5,0.6
KSnn,7,3,10,0.7
KSns,4,1,5,0.8
KSsB,2,1,3,0.67
KSsD,0,1,1,0.0
KSsH,3,2,5,0.6
KSsI,0,1,1,0.0
KSsK,1,1,2,0.5
KSsL,1,1,2,0.5
KSsM,1,2,3,0.33
KSsN,0,0,0,
KSsP,3,3,6,0.5
KSsS,3,5,8,0.38
KSsb,2,3,5,0.4
KSsl,0,2,2,0.0
KSsm,2,1,3,0.67
KSsn,2,6,8,0.25
KSss,6,3,9,0.67
KStL,1,0,1,1.0
KStM,1,0,1,1.0
KStN,1,1,2,0.5
KStP,0,0,0,
KStS,2,0,2,1.0
KStl,0,0,0,
KStm,1,0,1,1.0
KStn,0,0,0,
KSts,0,0,0,
KbBB,2,1,3,0.67
KbBK,1,0,1,1.0
KbBL,1,0,1,1.0
KbBM,6,2,8,0.75
KbBN,4,2,6,0.67
KbBP,7,3,10,0.7
KbBS,3,3,6,0.5
KbBb,4,8,12,0.33
KbBj,2,0,2,1.0
KbBl,1,0,1,1.0
KbBm,5,2,7,0.71
KbBn,2,5,7,0.29
KbBs,1,0,1,1.0
KbDB,0,1,1,0.0
KbDH,1,2,3,0.33
KbDN,0,0,0,
KbDP,1,1,2,0.5
KbDS,0,1,1,0.0
KbDm,2,2,4,0.5
KbHB,1,1,2,0.5
KbHD,1,0,1,1.0
KbHL,0,1,1,0.0
KbHM,2,0,2,1.0
KbHN,0,2,2,0.0
KbHP,1,1,2,0.5
KbHS,0,1,1,0.0
KbHb,1,2,3,0.33
KbHl,1,0,1,1.0
KbHm,0,2,2,0.0
KbHn,1,2,3,0.33
KbHs,1,0,1,1.0
KbIH,0,1,1,0.0
KbIM,0,1,1,0.0
KbIS,0,1,1,0.0
KbJB,1,0,1,1.0
KbJH,0,3,3,0.0
KbJL,1,0,1,1.0
KbJM,0,1,1,0.0
KbJN,0,2,2,0.0
KbJP,1,2,3,0.33
KbJb,1,1,2,0.5
KbJm,0,2,2,0.0
KbJn,0,1,1,0.0
KbJs,0,2,2,0.0
KbJt,1,0,1,1.0
KbKB,1,0,1,1.0
KbKM,0,2,2,0.0
KbKP,0,2,2,0.0
KbKS,0,1,1,0.0
KbKb,0,1,1,0.0
KbKh,1,2,3,0.33
KbKl,1,0,1,1.0
KbKm,2,0,2,1.0
KbLB,0,1,1,0.0
KbLD,0,0,0,
KbLL,0,1,1,0.0
KbLM,0,2,2,0.0
KbLN,2,0,2,1.0
KbLP,0,1,1,0.0
KbLS,2,1,3,0.67
KbLb,1,3,4,0.25
KbLh,0,1,1,0.0
KbLj,0,0,0,
KbLm,2,1,3,0.67
KbLn,2,2,4,0.5
KbLs,1,0,1,1.0
KbMB,4,3,7,0.57
KbMD,1,0,1,1.0
KbMM,4,8,12,0.33
KbMN,0,4,4,0.0
KbMP,5,6,11,0.45
KbMS,1,2,3,0.33
KbMb,7,5,12,0.58
KbMh,4,2,6,0.67
KbMj,2,2,4,0.5
KbMl,1,2,3,0.33
KbMm,5,4,9,0.56
KbMn,3,3,6,0.5
KbMs,4,4,8,0.5
KbNB,3,2,5,0.6
KbND,0,1,1,0.0
KbNL,0,2,2,0.0
KbNM,5,8,13,0.38
KbNN,6,5,11,0.55
KbNP,9,10,19,0.47
KbNS,2,3,5,0.4
KbNb,5,2,7,0.71
KbNh,3,2,5,0.6
KbNl,2,2,4,0.5
KbNm,5,3,8,0.62
KbNn,4,2,6,0.67
KbNs,6,1,7,0.86
KbNt,2,2,4,0.5
KbPB,5,4,9,0.56
KbPD,0,1,1,0.0
KbPH,1,0,1,1.0
KbPK,2,1,3,0.67
KbPL,2,3,5,0.4
KbPM,10,6,16,0.62
KbPN,4,4,8,0.5
KbPP,2,6,8,0.25
KbPS,2,3,5,0.4
KbPb,8,3,11,0.73
KbPh,2,0,2,1.0
KbPl,4,2,6,0.67
KbPm,6,2,8,0.75
KbPn,2,5,7,0.29
KbPs,2,2,4,0.5
KbSB,2,0,2,1.0
KbSD,0,1,1,0.0
KbSH,0,1,1,0.0
KbSL,1,2,3,0.33
KbSM,2,4,6,0.33
KbSN,1,0,1,1.0
KbSP,6,2,8,0.75
KbSS,1,4,5,0.2
KbSb,2,3,5,0.4
KbSh,4,1,5,0.8
KbSl,0,4,4,0.0
KbSm,3,2,5,0.6
KbSn,2,1,3,0.67
KbSs,2,4,6,0.33
KbbB,4,2,6,0.67
KbbD,1,0,1,1.0
KbbH,2,0,2,1.0
KbbL,3,2,5,0.6
KbbM,10,7,17,0.59
KbbN,3,1,4,0.75
KbbP,2,5,7,0.29
KbbS,3,2,5,0.6
Kbbb,8,7,15,0.53
Kbbl,2,2,4,0.5
Kbbm,6,2,8,0.75
Kbbn,3,2,5,0.6
Kbbs,1,1,2,0.5
KblB,1,2,3,0.33
KblH,2,1,3,0.67
KblJ,0,1,1,0.0
KblL,1,1,2,0.5
KblM,1,0,1,1.0
KblN,3,1,4,0.75
KblP,2,6,8,0.25
KblS,0,2,2,0.0
Kblb,2,0,2,1.0
Kbll,1,1,2,0.5
Kblm,1,0,1,1.0
Kbln,1,1,2,0.5
Kbls,2,2,4,0.5
KbmB,4,2,6,0.67
KbmH,2,2,4,0.5
KbmJ,0,1,1,0.0
KbmL,0,2,2,0.0
KbmM,3,5,8,0.38
KbmN,3,5,8,0.38
KbmP,6,3,9,0.67
KbmS,2,3,5,0.4
Kbmb,4,5,9,0.44
Kbml,0,2,2,0.0
Kbmm,2,0,2,1.0
Kbmn,3,1,4,0.75
Kbms,1,3,4,0.25
KbnB,4,0,4,1.0
KbnD,0,0,0,
KbnH,2,1,3,0.67
KbnK,0,1,1,0.0
KbnM,4,2,6,0.67
KbnN,2,2,4,0.5
KbnP,5,5,10,0.5
KbnS,6,0,6,1.0
Kbnb,4,4,8,0.5
Kbnl,4,2,6,0.67
Kbnm,2,4,6,0.33
Kbnn,3,7,10,0.3
Kbns,3,3,6,0.5
KbsB,0,2,2,0.0
KbsD,1,0,1,1.0
KbsH,1,2,3,0.33
KbsL,1,0,1,1.0
KbsM,3,1,4,0.75
KbsN,2,0,2,1.0
KbsP,2,0,2,1.0
KbsS,4,4,8,0.5
Kbsb,1,1,2,0.5
Kbsl,1,1,2,0.5
Kbsm,4,2,6,0.67
Kbss,1,1,2,0.5
KhBB,0,2,2,0.0
KhBD,0,1,1,0.0
KhBK,1,0,1,1.0
KhBL,3,1,4,0.75
KhBM,2,8,10,0.2
KhBN,2,1,3,0.67
KhBP,2,3,5,0.4
KhBS,1,3,4,0.25
KhBb,1,2,3,0.33
KhBh,0,1,1,0.0
KhBj,1,1,2,0.5
KhBl,3,1,4,0.75
KhBm,0,3,3,0.0
KhBn,1,4,5,0.2
KhBs,1,1,2,0.5
KhBt,0,0,0,
KhDH,1,0,1,1.0
KhDL,1,0,1,1.0
KhDM,3,0,3,1.0
KhDP,1,4,5,0.2
KhDm,2,1,3,0.67
KhDn,1,0,1,1.0
KhDs,1,0,1,1.0
KhHB,0,1,1,0.0
KhHL,1,0,1,1.0
KhHM,0,4,4,0.0
KhHN,1,1,2,0.5
KhHP,0,2,2,0.0
KhHS,0,0,0,
KhHb,2,1,3,0.67
KhHl,0,1,1,0.0
KhHm,1,1,2,0.5
KhHn,1,2,3,0.33
KhIB,0,1,1,0.0
KhIM,1,0,1,1.0
KhIN,0,0,0,
KhIl,0,0,0,
KhKL,0,1,1,0.0
KhKm,0,0,0,
KhLB,1,0,1,1.0
KhLM,6,1,7,0.86
KhLN,1,1,2,0.5
KhLP,2,2,4,0.5
KhLS,0,1,1,0.0
KhLb,2,3,5,0.4
KhLh,1,1,2,0.5
KhLj,1,0,1,1.0
KhLl,0,1,1,0.0
KhLm,3,1,4,0.75
KhLn,1,1,2,0.5
KhMB,3,2,5,0.6
KhMD,2,0,2,1.0
KhML,3,2,5,0.6
KhMM,4,4,8,0.5
KhMN,0,2,2,0.0
KhMP,5,8,13,0.38
KhMS,2,3,5,0.4
KhMb,3,3,6,0.5
KhMh,2,3,5,0.4
KhMj,1,0,1,1.0
KhMl,0,4,4,0.0
KhMm,4,3,7,0.57
KhMn,3,1,4,0.75
KhMs,1,4,5,0.2
KhMt,0,2,2,0.0
KhNB,3,1,4,0.75
KhNH,0,3,3,0.0
KhNL,1,0,1,1.0
KhNM,3,4,7,0.43
KhNN,3,4,7,0.43
KhNP,2,0,2,1.0
KhNS,2,2,4,0.5
KhNb,1,1,2,0.5
KhNh,1,0,1,1.0
KhNl,3,0,3,1.0
KhNm,2,3,5,0.4
KhNn,5,3,8,0.62
KhNs,2,0,2,1.0
KhPB,2,3,5,0.4
KhPD,0,0,0,
KhPH,2,3,5,0.4
KhPI,0,2,2,0.0
KhPK,1,1,2,0.5
KhPL,3,2,5,0.6
KhPM,7,3,10,0.7
KhPN,2,3,5,0.4
KhPP,7,4,11,0.64
KhPS,2,4,6,0.33
KhPb,4,8,12,0.33
KhPl,2,2,4,0.5
KhPm,4,3,7,0.57
KhPn,3,2,5,0.6
KhPs,6,2,8,0.75
KhSB,2,2,4,0.5
KhSD,2,0,2,1.0
KhSH,1,0,1,1.0
KhSI,0,1,1,0.0
KhSL,1,0,1,1.0
KhSM,2,3,5,0.4
KhSN,3,3,6,0.5
KhSP,2,3,5,0.4
KhSS,3,0,3,1.0
KhSb,1,2,3,0.33
KhSh,4,0,4,1.0
KhSl,0,2,2,0.0
KhSm,3,4,7,0.43
KhSn,2,6,8,0.25
KhSs,3,3,6,0.5
KhbB,5,2,7,0.71
KhbD,0,0,0,
KhbH,1,2,3,0.33
KhbJ,0,1,1,0.0
KhbK,1,1,2,0.5
KhbL,1,4,5,0.2
KhbM,2,5,7,0.29
KhbN,2,3,5,0.4
KhbP,5,5,10,0.5
KhbS,4,3,7,0.57
Khbb,8,7,15,0.53
Khbl,2,0,2,1.0
Khbm,5,3,8,0.62
Khbn,1,5,6,0.17
Khbs,3,1,4,0.75
KhhB,3,2,5,0.6
KhhD,0,2,2,0.0
KhhH,0,0,0,
KhhK,1,0,1,1.0
KhhL,0,0,0,
KhhM,3,3,6,0.5
KhhN,0,4,4,0.0
KhhP,6,3,9,0.67
KhhS,0,6,6,0.0
Khhb,2,4,6,0.33
Khhh,1,0,1,1.0
Khhl,4,0,4,1.0
Khhm,1,1,2,0.5
Khhn,1,1,2,0.5
Khhs,0,2,2,0.0
Khht,1,0,1,1.0
KhlB,0,2,2,0.0
KhlH,3,0,3,1.0
KhlI,1,0,1,1.0
KhlJ,2,0,2,1.0
KhlK,0,1,1,0.0
KhlL,3,0,3,1.0
KhlM,1,3,4,0.25
KhlN,1,5,6,0.17
KhlP,3,4,7,0.43
KhlS,1,1,2,0.5
Khlb,3,2,5,0.6
Khll,1,2,3,0.33
Khlm,0,1,1,0.0
Khln,4,1,5,0.8
Khls,2,0,2,1.0
KhmB,1,2,3,0.33
KhmD,0,1,1,0.0
KhmH,2,2,4,0.5
KhmJ,1,0,1,1.0
KhmK,0,1,1,0.0
KhmL,0,2,2,0.0
KhmM,5,3,8,0.62
KhmN,2,2,4,0.5
KhmP,2,4,6,0.33
KhmS,5,5,10,0.5
Khmb,4,2,6,0.67
Khml,1,0,1,1.0
Khmm,7,8,15,0.47
Khmn,2,1,3,0.67
Khms,0,2,2,0.0
KhnB,3,0,3,1.0
KhnI,0,0,0,
KhnK,0,3,3,0.0
KhnL,2,3,5,0.4
KhnM,1,4,5,0.2
KhnN,5,6,11,0.45
KhnP,2,3,5,0.4
KhnS,1,4,5,0.2
Khnb,3,4,7,0.43
Khnl,3,2,5,0.6
Khnm,4,2,6,0.67
Khnn,2,3,5,0.4
Khns,2,3,5,0.4
KhsB,0,3,3,0.0
KhsD,0,1,1,0.0
KhsH,2,2,4,0.5
KhsI,0,1,1,0.0
KhsL,2,3,5,0.4
KhsM,0,3,3,0.0
KhsN,1,1,2,0.5
KhsP,3,5,8,0.38
KhsS,0,1,1,0.0
Khsb,1,1,2,0.5
Khsl,2,4,6,0.33
Khsm,4,2,6,0.67
Khsn,1,1,2,0.5
Khss,1,1,2,0.5
KhtD,1,0,1,1.0
KhtL,0,1,1,0.0
Khtn,1,1,2,0.5
Khts,1,0,1,1.0
KlBB,0,1,1,0.0
KlBL,1,0,1,1.0
KlBM,1,1,2,0.5
KlBN,3,2,5,0.6
KlBP,3,1,4,0.75
KlBb,2,1,3,0.67
KlBh,1,0,1,1.0
KlBl,0,1,1,0.0
KlBm,3,0,3,1.0
KlBn,1,2,3,0.33
KlBs,1,0,1,1.0
KlDB,1,1,2,0.5
KlDH,1,0,1,1.0
KlDL,1,1,2,0.5
KlDM,1,0,1,1.0
KlDP,0,1,1,0.0
KlDb,0,1,1,0.0
KlDm,1,0,1,1.0
KlDt,0,1,1,0.0
KlHB,2,1,3,0.67
KlHD,1,0,1,1.0
KlHM,1,0,1,1.0
KlHN,5,2,7,0.71
KlHP,2,1,3,0.67
KlHS,0,2,2,0.0
KlHb,1,0,1,1.0
KlHl,0,0,0,
KlHm,0,2,2,0.0
KlHn,1,0,1,1.0
KlHs,2,1,3,0.67
KlIB,0,0,0,
KlIH,0,0,0,
KlIM,0,1,1,0.0
KlIS,0,0,0,
KlIl,1,0,1,1.0
KlIn,1,0,1,1.0
KlJB,0,2,2,0.0
KlJL,0,1,1,0.0
KlJM,0,1,1,0.0
KlJP,0,1,1,0.0
KlJh,1,0,1,1.0
KlJl,1,0,1,1.0
KlJm,0,1,1,0.0
KlJn,1,2,3,0.33
KlJs,0,0,0,
KlKm,0,0,0,
KlKn,2,0,2,1.0
KlKs,0,1,1,0.0
KlLB,1,2,3,0.33
KlLD,1,0,1,1.0
KlLM,2,2,4,0.5
KlLN,1,2,3,0.33
KlLS,1,1,2,0.5
KlLb,1,1,2,0.5
KlLl,0,1,1,0.0
KlLm,4,0,4,1.0
KlLn,1,1,2,0.5
KlLs,1,0,1,1.0
KlMB,1,2,3,0.33
KlMI,0,0,0,
KlML,1,1,2,0.5
KlMM,1,3,4,0.25
KlMN,2,3,5,0.4
KlMP,4,3,7,0.57
KlMS,0,1,1,0.0
KlMb,5,1,6,0.83
KlMh,2,0,2,1.0
KlMj,1,0,1,1.0
KlMl,2,2,4,0.5
KlMm,2,6,8,0.25
KlMn,3,4,7,0.43
KlMs,2,2,4,0.5
KlNB,1,2,3,0.33
KlND,0,1,1,0.0
KlNH,0,1,1,0.0
KlNK,0,2,2,0.0
KlNL,1,1,2,0.5
KlNM,4,5,9,0.44
KlNN,6,2,8,0.75
KlNP,6,4,10,0.6
KlNS,2,2,4,0.5
KlNb,2,4,6,0.33
KlNh,0,1,1,0.0
KlNl,1,3,4,0.25
KlNm,1,0,1,1.0
KlNn,1,1,2,0.5
KlNs,3,0,3,1.0
KlNt,0,2,2,0.0
KlPB,1,3,4,0.25
KlPH,0,1,1,0.0
KlPK,3,0,3,1.0
KlPL,0,1,1,0.0
KlPM,4,2,6,0.67
KlPN,4,2,6,0.67
KlPP,1,3,4,0.25
KlPS,1,2,3,0.33
KlPb,3,2,5,0.6
KlPl,2,2,4,0.5
KlPm,3,3,6,0.5
KlPn,2,2,4,0.5
KlPt,1,0,1,1.0
KlSB,0,2,2,0.0
KlSH,1,0,1,1.0
KlSM,1,0,1,1.0
KlSN,1,2,3,0.33
KlSP,1,0,1,1.0
KlSS,0,1,1,0.0
KlSb,1,3,4,0.25
KlSh,1,1,2,0.5
KlSl,0,1,1,0.0
KlSn,0,1,1,0.0
KlSs,3,4,7,0.43
KlSt,0,0,0,
KlbB,4,0,4,1.0
KlbI,0,0,0,
KlbK,0,0,0,
KlbM,3,3,6,0.5
KlbN,4,1,5,0.8
KlbP,4,4,8,0.5
KlbS,0,1,1,0.0
Klbb,3,3,6,0.5
Klbl,1,0,1,1.0
Klbm,2,1,3,0.67
Klbn,5,0,5,1.0
Klhn,0,0,0,
KllB,1,1,2,0.5
KllK,0,1,1,0.0
KllM,1,3,4,0.25
KllN,1,1,2,0.5
KllP,0,2,2,0.0
KllS,1,0,1,1.0
Kllb,1,0,1,1.0
Kllm,1,0,1,1.0
Klln,0,0,0,
Klls,1,1,2,0.5
KlmB,3,1,4,0.75
KlmD,0,1,1,0.0
KlmH,1,1,2,0.5
KlmL,1,3,4,0.25
KlmM,1,2,3,0.33
KlmN,1,1,2,0.5
KlmP,6,3,9,0.67
KlmS,1,2,3,0.33
Klmb,2,1,3,0.67
Klml,2,0,2,1.0
Klmm,0,1,1,0.0
Klmn,2,2,4,0.5
Klms,2,0,2,1.0
KlnH,0,1,1,0.0
KlnI,0,0,0,
KlnK,0,1,1,0.0
KlnL,2,1,3,0.67
KlnM,4,0,4,1.0
KlnN,6,2,8,0.75
KlnP,1,2,3,0.33
KlnS,0,1,1,0.0
Klnb,0,3,3,0.0
Klnl,0,3,3,0.0
Klnm,1,0,1,1.0
Klnn,2,2,4,0.5
Klns,1,0,1,1.0
KlsB,3,1,4,0.75
KlsD,0,0,0,
KlsH,2,2,4,0.5
KlsI,0,0,0,
KlsM,0,2,2,0.0
KlsN,2,2,4,0.5
KlsP,3,1,4,0.75
KlsS,2,0,2,1.0
Klsb,3,2,5,0.6
Klsm,0,0,0,
Klsn,3,0,3,1.0
Klss,0,2,2,0.0
KmBB,3,3,6,0.5
KmBD,0,0,0,
KmBK,0,1,1,0.0
KmBL,0,1,1,0.0
KmBM,3,5,8,0.38
KmBN,5,3,8,0.62
KmBP,3,3,6,0.5
KmBS,3,2,5,0.6
KmBb,3,2,5,0.6
KmBj,2,3,5,0.4
KmBl,2,1,3,0.67
KmBm,2,1,3,0.67
KmBn,5,5,10,0.5
KmBs,2,2,4,0.5
KmDB,0,1,1,0.0
KmDD,0,1,1,0.0
KmDH,2,1,3,0.67
KmDL,0,0,0,
KmDM,1,2,3,0.33
KmDN,0,1,1,0.0
KmDP,1,1,2,0.5
KmDS,0,0,0,
KmDb,0,0,0,
KmDl,1,1,2,0.5
KmDm,4,4,8,0.5
KmDs,2,1,3,0.67
KmDt,1,0,1,1.0
KmHB,4,1,5,0.8
KmHD,0,1,1,0.0
KmHH,1,0,1,1.0
KmHK,0,1,1,0.0
KmHL,1,2,3,0.33
KmHM,7,4,11,0.64
KmHN,1,1,2,0.5
KmHP,10,2,12,0.83
KmHS,5,2,7,0.71
KmHb,1,3,4,0.25
KmHh,1,4,5,0.2
KmHl,1,1,2,0.5
KmHm,1,2,3,0.33
KmHn,4,1,5,0.8
KmHs,3,3,6,0.5
KmIM,1,0,1,1.0
KmIN,1,0,1,1.0
KmIP,0,1,1,0.0
KmIb,1,0,1,1.0
KmIl,1,0,1,1.0
KmIn,0,1,1,0.0
KmJB,0,2,2,0.0
KmJH,0,1,1,0.0
KmJL,1,0,1,1.0
KmJM,2,1,3,0.67
KmJN,0,1,1,0.0
KmJP,0,2,2,0.0
KmJS,0,2,2,0.0
KmJb,1,1,2,0.5
KmLB,4,0,4,1.0
KmLD,0,1,1,0.0
KmLH,1,0,1,1.0
KmLK,0,0,0,
KmLL,1,0,1,1.0
KmLM,2,1,3,0.67
KmLP,5,1,6,0.83
KmLS,0,1,1,0.0
KmLb,2,1,3,0.67
KmLh,0,0,0,
KmLj,1,0,1,1.0
KmLl,0,1,1,0.0
KmLm,1,0,1,1.0
KmLn,3,2,5,0.6
KmLs,2,1,3,0.67
KmLt,0,1,1,0.0
KmMB,1,2,3,0.33
KmMD,0,1,1,0.0
KmML,0,2,2,0.0
KmMM,9,14,23,0.39
KmMN,1,5,6,0.17
KmMP,8,4,12,0.67
KmMS,0,5,5,0.0
KmMb,5,3,8,0.62
KmMh,9,2,11,0.82
KmMj,2,1,3,0.67
KmMl,3,0,3,1.0
KmMm,6,7,13,0.46
KmMn,8,6,14,0.57
KmMs,3,3,6,0.5
KmNB,3,4,7,0.43
KmND,0,0,0,
KmNH,0,3,3,0.0
KmNK,0,3,3,0.0
KmNL,3,2,5,0.6
KmNM,6,8,14,0.43
KmNN,2,3,5,0.4
KmNP,4,10,14,0.29
KmNS,5,5,10,0.5
KmNb,0,2,2,0.0
KmNh,1,1,2,0.5
KmNl,2,3,5,0.4
KmNm,2,1,3,0.67
KmNn,2,6,8,0.25
KmNs,4,4,8,0.5
KmNt,1,2,3,0.33
KmPB,6,5,11,0.55
KmPD,0,1,1,0.0
KmPH,1,0,1,1.0
KmPK,0,2,2,0.0
KmPL,3,1,4,0.75
KmPM,1,8,9,0.11
KmPN,13,7,20,0.65
KmPP,9,6,15,0.6
KmPS,2,3,5,0.4
KmPb,3,5,8,0.38
KmPh,2,0,2,1.0
KmPl,1,6,7,0.14
KmPm,4,1,5,0.8
KmPn,4,1,5,0.8
KmPs,4,1,5,0.8
KmPt,1,0,1,1.0
KmSB,2,2,4,0.5
KmSD,1,0,1,1.0
KmSH,1,1,2,0.5
KmSK,0,1,1,0.0
KmSL,2,0,2,1.0
KmSM,2,8,10,0.2
KmSN,0,3,3,0.0
KmSP,4,8,12,0.33
KmSS,1,8,9,0.11
KmSb,2,0,2,1.0
KmSh,1,1,2,0.5
KmSl,0,3,3,0.0
KmSm,3,3,6,0.5
KmSn,2,0,2,1.0
KmSs,4,2,6,0.67
KmbB,1,5,6,0.17
KmbD,3,0,3,1.0
KmbH,1,1,2,0.5
KmbK,0,0,0,
KmbL,3,3,6,0.5
KmbM,6,2,8,0.75
KmbN,5,5,10,0.5
KmbP,3,9,12,0.25
KmbS,1,5,6,0.17
Kmbb,6,7,13,0.46
Kmbl,2,4,6,0.33
Kmbm,5,6,11,0.45
Kmbn,4,5,9,0.44
Kmbs,1,1,2,0.5
KmhP,0,1,1,0.0
KmlB,1,1,2,0.5
KmlH,1,1,2,0.5
KmlL,0,6,6,0.0
KmlM,1,2,3,0.33
KmlN,1,3,4,0.25
KmlP,0,2,2,0.0
KmlS,1,0,1,1.0
Kmlb,1,1,2,0.5
Kmll,1,0,1,1.0
Kmlm,1,1,2,0.5
Kmln,4,1,5,0.8
Kmls,1,0,1,1.0
KmmB,4,4,8,0.5
KmmD,1,2,3,0.33
KmmH,4,5,9,0.44
KmmJ,1,0,1,1.0
KmmK,0,1,1,0.0
KmmL,3,1,4,0.75
KmmM,4,5,9,0.44
KmmN,4,4,8,0.5
KmmP,2,7,9,0.22
KmmS,2,5,7,0.29
Kmmb,4,4,8,0.5
Kmml,1,2,3,0.33
Kmmm,1,7,8,0.12
Kmmn,3,6,9,0.33
Kmms,1,2,3,0.33
KmnB,5,2,7,0.71
KmnD,1,1,2,0.5
KmnH,2,2,4,0.5
KmnI,0,1,1,0.0
KmnK,0,0,0,
KmnL,0,2,2,0.0
KmnM,1,4,5,0.2
KmnN,2,4,6,0.33
KmnP,8,6,14,0.57
KmnS,3,2,5,0.6
Kmnb,4,2,6,0.67
Kmnl,3,1,4,0.75
Kmnm,1,1,2,0.5
Kmnn,3,0,3,1.0
Kmns,2,2,4,0.5
KmsB,1,2,3,0.33
KmsD,1,1,2,0.5
KmsH,2,3,5,0.4
KmsI,0,2,2,0.0
KmsL,0,1,1,0.0
KmsM,4,10,14,0.29
KmsN,1,1,2,0.5
KmsP,2,4,6,0.33
KmsS,4,3,7,0.57
Kmsb,2,1,3,0.67
Kmsh,1,0,1,1.0
Kmsl,2,1,3,0.67
Kmsm,4,3,7,0.57
Kmsn,0,3,3,0.0
Kmss,1,1,2,0.5
KnBB,2,3,5,0.4
KnBK,0,2,2,0.0
KnBL,1,1,2,0.5
KnBM,4,5,9,0.44
KnBN,2,2,4,0.5
KnBP,2,5,7,0.29
KnBS,1,2,3,0.33
KnBb,0,4,4,0.0
KnBj,1,0,1,1.0
KnBl,0,1,1,0.0
KnBm,3,1,4,0.75
KnBn,5,4,9,0.56
KnBs,0,1,1,0.0
KnBt,0,1,1,0.0
KnDD,1,0,1,1.0
KnDM,0,1,1,0.0
KnDN,0,1,1,0.0
KnDP,0,2,2,0.0
KnDS,1,0,1,1.0
KnDb,1,0,1,1.0
KnDl,0,1,1,0.0
KnDm,0,1,1,0.0
KnDn,0,1,1,0.0
KnHB,5,3,8,0.62
KnHM,2,1,3,0.67
KnHN,0,2,2,0.0
KnHP,3,6,9,0.33
KnHS,1,1,2,0.5
KnHb,1,0,1,1.0
KnHh,0,0,0,
KnHl,1,1,2,0.5
KnHm,4,4,8,0.5
KnHn,3,5,8,0.38
KnHs,1,1,2,0.5
KnID,0,0,0,
KnIM,1,2,3,0.33
KnIN,0,1,1,0.0
KnIP,1,0,1,1.0
KnIS,2,0,2,1.0
KnIb,0,2,2,0.0
KnIn,0,1,1,0.0
KnKM,0,0,0,
KnKN,0,2,2,0.0
KnKS,1,0,1,1.0
KnKb,1,0,1,1.0
KnKh,0,1,1,0.0
KnKm,3,1,4,0.75
KnKn,0,2,2,0.0
KnLB,4,1,5,0.8
KnLL,1,1,2,0.5
KnLM,1,1,2,0.5
KnLN,1,0,1,1.0
KnLP,3,2,5,0.6
KnLS,0,0,0,
KnLb,0,3,3,0.0
KnLl,1,0,1,1.0
KnLm,3,2,5,0.6
KnLn,3,0,3,1.0
KnLs,1,1,2,0.5
KnMB,3,3,6,0.5
KnMD,2,0,2,1.0
KnML,0,2,2,0.0
KnMM,4,4,8,0.5
KnMN,1,4,5,0.2
KnMP,6,6,12,0.5
KnMS,4,6,10,0.4
KnMb,4,3,7,0.57
KnMh,3,6,9,0.33
KnMj,0,1,1,0.0
KnMl,4,1,5,0.8
KnMm,7,7,14,0.5
KnMn,4,4,8,0.5
KnMs,3,0,3,1.0
KnMt,1,1,2,0.5
KnNB,3,2,5,0.6
KnND,0,1,1,0.0
KnNH,0,2,2,0.0
KnNK,1,0,1,1.0
KnNL,3,0,3,1.0
KnNM,2,8,10,0.2
KnNN,3,3,6,0.5
KnNP,8,4,12,0.67
KnNS,4,5,9,0.44
KnNb,4,5,9,0.44
KnNh,0,4,4,0.0
KnNl,4,3,7,0.57
KnNm,7,1,8,0.88
KnNn,8,3,11,0.73
KnNs,3,3,6,0.5
KnNt,1,2,3,0.33
KnPB,4,3,7,0.57
KnPD,1,0,1,1.0
KnPH,0,3,3,0.0
KnPI,1,0,1,1.0
KnPK,3,0,3,1.0
KnPL,4,1,5,0.8
KnPM,4,6,10,0.4
KnPN,5,8,13,0.38
KnPP,12,7,19,0.63
KnPS,4,3,7,0.57
KnPb,6,7,13,0.46
KnPh,1,0,1,1.0
KnPl,5,1,6,0.83
KnPm,8,5,13,0.62
KnPn,3,1,4,0.75
KnPs,4,2,6,0.67
KnPt,2,0,2,1.0
KnSB,1,2,3,0.33
KnSD,0,1,1,0.0
KnSH,2,0,2,1.0
KnSL,0,1,1,0.0
KnSM,3,7,10,0.3
KnSN,4,1,5,0.8
KnSP,4,2,6,0.67
KnSS,2,9,11,0.18
KnSb,2,3,5,0.4
KnSh,4,4,8,0.5
KnSl,1,0,1,1.0
KnSm,0,5,5,0.0
KnSn,7,6,13,0.54
KnSs,2,5,7,0.29
KnSt,1,0,1,1.0
KnbB,3,1,4,0.75
KnbD,1,0,1,1.0
KnbH,1,0,1,1.0
KnbI,0,1,1,0.0
KnbJ,4,1,5,0.8
KnbL,1,0,1,1.0
KnbM,3,3,6,0.5
KnbN,5,5,10,0.5
KnbP,6,6,12,0.5
KnbS,2,2,4,0.5
Knbb,4,10,14,0.29
Knbl,1,2,3,0.33
Knbm,4,1,5,0.8
Knbn,0,3,3,0.0
Knbs,1,2,3,0.33
Knhl,1,0,1,1.0
KnlB,5,0,5,1.0
KnlH,1,1,2,0.5
KnlL,1,2,3,0.33
KnlM,1,3,4,0.25
KnlN,2,2,4,0.5
KnlP,2,2,4,0.5
KnlS,3,0,3,1.0
Knlb,1,2,3,0.33
Knll,1,0,1,1.0
Knlm,1,0,1,1.0
Knls,1,0,1,1.0
KnmB,4,1,5,0.8
KnmD,1,0,1,1.0
KnmH,2,1,3,0.67
KnmJ,0,2,2,0.0
KnmL,3,0,3,1.0
KnmM,3,5,8,0.38
KnmN,6,3,9,0.67
KnmP,6,6,12,0.5
KnmS,0,3,3,0.0
Knmb,5,5,10,0.5
Knml,2,1,3,0.67
Knmm,5,1,6,0.83
Knmn,2,1,3,0.67
Knms,4,0,4,1.0
KnnB,2,4,6,0.33
KnnD,1,1,2,0.5
KnnH,3,2,5,0.6
KnnK,0,1,1,0.0
KnnL,0,1,1,0.0
KnnM,2,8,10,0.2
KnnN,3,5,8,0.38
KnnP,5,6,11,0.45
KnnS,3,2,5,0.6
Knnb,1,1,2,0.5
Knnh,1,0,1,1.0
Knnl,2,0,2,1.0
Knnm,4,0,4,1.0
Knnn,4,4,8,0.5
Knns,2,2,4,0.5
KnsB,0,0,0,
KnsD,1,0,1,1.0
KnsH,2,2,4,0.5
KnsL,3,2,5,0.6
KnsM,2,2,4,0.5
KnsN,4,2,6,0.67
KnsP,4,5,9,0.44
KnsS,4,3,7,0.57
Knsb,1,4,5,0.2
Knsl,3,3,6,0.5
Knsm,4,5,9,0.44
Knsn,3,1,4,0.75
Knss,5,2,7,0.71
KsBB,2,4,6,0.33
KsBD,1,0,1,1.0
KsBL,1,1,2,0.5
KsBM,0,2,2,0.0
KsBN,1,3,4,0.25
KsBP,3,2,5,0.6
KsBS,2,2,4,0.5
KsBb,3,0,3,1.0
KsBj,0,1,1,0.0
KsBl,1,0,1,1.0
KsBm,2,1,3,0.67
KsBn,3,2,5,0.6
KsBs,0,2,2,0.0
KsBt,1,0,1,1.0
KsDB,1,0,1,1.0
KsDH,0,1,1,0.0
KsDM,2,2,4,0.5
KsDN,0,1,1,0.0
KsDP,3,0,3,1.0
KsDS,0,1,1,0.0
KsDb,1,1,2,0.5
KsDm,3,0,3,1.0
KsDn,0,1,1,0.0
KsDs,0,1,1,0.0
KsHB,2,3,5,0.4
KsHD,0,2,2,0.0
KsHH,1,0,1,1.0
KsHI,0,2,2,0.0
KsHK,1,0,1,1.0
KsHL,1,2,3,0.33
KsHM,0,2,2,0.0
KsHN,4,4,8,0.5
KsHP,6,5,11,0.55
KsHS,2,0,2,1.0
KsHb,3,3,6,0.5
KsHh,3,2,5,0.6
KsHl,1,3,4,0.25
KsHm,5,2,7,0.71
KsHn,2,4,6,0.33
KsHs,5,2,7,0.71
KsHt,0,1,1,0.0
KsIB,1,0,1,1.0
KsIN,1,1,2,0.5
KsIP,1,2,3,0.33
KsIS,0,1,1,0.0
KsIm,0,1,1,0.0
KsKM,1,0,1,1.0
KsKN,0,1,1,0.0
KsKP,0,1,1,0.0
KsKb,1,0,1,1.0
KsLL,0,1,1,0.0
KsLM,1,3,4,0.25
KsLN,1,2,3,0.33
KsLP,1,0,1,1.0
KsLS,3,0,3,1.0
KsLb,0,2,2,0.0
KsLh,0,1,1,0.0
KsLl,1,2,3,0.33
KsLm,2,1,3,0.67
KsLn,1,1,2,0.5
KsMB,3,0,3,1.0
KsMD,1,1,2,0.5
KsMK,0,1,1,0.0
KsML,1,0,1,1.0
KsMM,2,5,7,0.29
KsMN,4,2,6,0.67
KsMP,3,2,5,0.6
KsMS,5,1,6,0.83
KsMb,0,3,3,0.0
KsMh,1,6,7,0.14
KsMj,2,0,2,1.0
KsMl,1,0,1,1.0
KsMm,4,2,6,0.67
KsMn,3,8,11,0.27
KsMs,5,3,8,0.62
KsMt,1,1,2,0.5
KsNB,0,1,1,0.0
KsNK,1,0,1,1.0
KsNM,2,4,6,0.33
KsNN,1,0,1,1.0
KsNP,3,3,6,0.5
KsNS,5,3,8,0.62
KsNb,4,4,8,0.5
KsNh,1,1,2,0.5
KsNl,0,0,0,
KsNm,3,2,5,0.6
KsNn,6,0,6,1.0
KsNs,2,5,7,0.29
KsNt,0,2,2,0.0
KsPB,2,1,3,0.67
KsPH,1,0,1,1.0
KsPI,0,1,1,0.0
KsPK,1,1,2,0.5
KsPL,1,5,6,0.17
KsPM,3,4,7,0.43
KsPN,5,6,11,0.45
KsPP,6,7,13,0.46
KsPS,4,6,10,0.4
KsPb,5,3,8,0.62
KsPh,1,0,1,1.0
KsPl,1,2,3,0.33
KsPm,4,3,7,0.57
KsPn,2,7,9,0.22
KsPs,0,2,2,0.0
KsSB,3,6,9,0.33
KsSD,1,0,1,1.0
KsSH,1,2,3,0.33
KsSL,5,0,5,1.0
KsSM,5,5,10,0.5
KsSN,4,1,5,0.8
KsSP,6,6,12,0.5
KsSS,3,5,8,0.38
KsSb,1,1,2,0.5
KsSh,2,3,5,0.4
KsSl,2,1,3,0.67
KsSm,9,5,14,0.64
KsSn,5,3,8,0.62
KsSs,8,2,10,0.8
KsSt,0,1,1,0.0
KsbB,1,5,6,0.17
KsbI,1,1,2,0.5
KsbJ,0,1,1,0.0
KsbL,0,1,1,0.0
KsbM,3,2,5,0.6
KsbN,8,3,11,0.73
KsbP,3,2,5,0.6
KsbS,1,1,2,0.5
Ksbb,4,0,4,1.0
Ksbm,3,1,4,0.75
Ksbn,9,4,13,0.69
Ksbs,3,1,4,0.75
KshB,0,1,1,0.0
KshS,0,1,1,0.0
Kshl,1,0,1,1.0
Kshn,1,0,1,1.0
KslB,0,1,1,0.0
KslH,2,1,3,0.67
KslJ,0,1,1,0.0
KslK,1,0,1,1.0
KslL,0,1,1,0.0
KslM,0,1,1,0.0
KslN,0,3,3,0.0
KslP,0,2,2,0.0
KslS,0,1,1,0.0
Kslb,0,4,4,0.0
Ksll,0,1,1,0.0
Kslm,0,4,4,0.0
Ksln,3,0,3,1.0
Ksls,0,1,1,0.0
KsmB,1,1,2,0.5
KsmD,0,2,2,0.0
KsmH,2,3,5,0.4
KsmJ,0,2,2,0.0
KsmL,1,0,1,1.0
KsmM,2,6,8,0.25
KsmN,1,6,7,0.14
KsmP,1,5,6,0.17
KsmS,2,5,7,0.29
Ksmb,3,2,5,0.6
Ksmm,3,2,5,0.6
Ksmn,2,3,5,0.4
Ksms,3,0,3,1.0
KsnB,2,1,3,0.67
KsnD,0,0,0,
KsnI,0,1,1,0.0
KsnK,1,0,1,1.0
KsnL,0,0,0,
KsnM,3,2,5,0.6
KsnN,9,1,10,0.9
KsnP,6,2,8,0.75
KsnS,4,4,8,0.5
Ksnb,2,0,2,1.0
Ksnm,2,2,4,0.5
Ksnn,3,2,5,0.6
Ksns,1,1,2,0.5
KssB,3,3,6,0.5
KssD,1,1,2,0.5
KssH,2,1,3,0.67
KssL,2,1,3,0.67
KssM,2,3,5,0.4
KssN,1,2,3,0.33
KssP,1,3,4,0.25
KssS,3,1,4,0.75
Kssb,4,0,4,1.0
Kssl,0,1,1,0.0
Kssm,3,1,4,0.75
Kssn,3,0,3,1.0
Ksss,3,2,5,0.6
KtBB,0,2,2,0.0
KtBM,0,1,1,0.0
KtBN,0,1,1,0.0
KtBS,0,1,1,0.0
KtBb,1,0,1,1.0
KtBs,0,1,1,0.0
KtBt,0,0,0,
KtDH,1,0,1,1.0
KtDL,1,0,1,1.0
KtDS,0,0,0,
KtHK,1,0,1,1.0
KtHM,1,1,2,0.5
KtHP,0,0,0,
KtHh,0,1,1,0.0
KtHm,1,0,1,1.0
KtLN,1,1,2,0.5
KtLS,0,0,0,
KtLb,2,0,2,1.0
KtMP,0,1,1,0.0
KtMS,0,1,1,0.0
KtMb,1,0,1,1.0
KtMh,1,0,1,1.0
KtMm,0,0,0,
KtMn,1,2,3,0.33
KtMs,0,1,1,0.0
KtNB,2,1,3,0.67
KtNN,1,0,1,1.0
KtNP,0,2,2,0.0
KtNl,0,0,0,
KtNn,0,1,1,0.0
KtNs,0,1,1,0.0
KtNt,0,1,1,0.0
KtPL,1,0,1,1.0
KtPM,2,2,4,0.5
KtPP,3,0,3,1.0
KtPb,1,2,3,0.33
KtPm,0,1,1,0.0
KtSH,1,0,1,1.0
KtSP,1,0,1,1.0
KtSs,1,0,1,1.0
KtbB,0,1,1,0.0
KtbN,0,0,0,
KtbP,0,1,1,0.0
Ktbb,1,0,1,1.0
Ktbm,1,0,1,1.0
KthM,1,0,1,1.0
KtlS,1,0,1,1.0
Ktlb,0,1,1,0.0
Ktls,0,1,1,0.0
KtmB,1,1,2,0.5
KtmN,1,0,1,1.0
KtmP,0,1,1,0.0
Ktml,0,0,0,
Ktmm,0,0,0,
Ktms,0,1,1,0.0
KtnM,0,1,1,0.0
KtnS,1,0,1,1.0
Ktnb,0,1,1,0.0
Ktnn,1,0,1,1.0
KtsH,1,2,3,0.33
KtsL,0,1,1,0.0
KtsP,1,0,1,1.0
Ktsm,0,1,1,0.0
Ktss,0,0,0,
KttB,0,0,0,
KttP,1,0,1,1.0
LBBB,26,27,53,0.49
LBBD,1,1,2,0.5
LBBK,3,3,6,0.5
LBBL,6,11,17,0.35
LBBM,19,14,33,0.58
LBBN,21,30,51,0.41
LBBP,35,27,62,0.56
LBBS,10,10,20,0.5
LBBb,31,17,48,0.65
LBBh,3,1,4,0.75
LBBj,5,4,9,0.56
LBBl,7,10,17,0.41
LBBm,27,12,39,0.69
LBBn,20,21,41,0.49
LBBs,8,7,15,0.53
LBBt,6,5,11,0.55
LBDB,0,3,3,0.0
LBDD,0,0,0,
LBDH,2,0,2,1.0
LBDL,2,1,3,0.67
LBDM,4,2,6,0.67
LBDN,3,2,5,0.6
LBDP,2,3,5,0.4
LBDS,1,1,2,0.5
LBDb,3,2,5,0.6
LBDl,1,1,2,0.5
LBDm,1,0,1,1.0
LBDn,0,1,1,0.0
LBDs,0,4,4,0.0
LBHH,1,0,1,1.0
LBHM,1,1,2,0.5
LBHN,0,0,0,
LBHP,0,0,0,
LBHs,1,1,2,0.5
LBKL,2,1,3,0.67
LBKM,1,1,2,0.5
LBKN,1,4,5,0.2
LBKP,1,3,4,0.25
LBKS,1,2,3,0.33
LBKb,1,1,2,0.5
LBKh,0,0,0,
LBKl,1,0,1,1.0
LBKm,1,2,3,0.33
LBKn,3,1,4,0.75
LBKs,0,0,0,
LBLB,4,4,8,0.5
LBLK,1,0,1,1.0
LBLL,1,3,4,0.25
LBLM,5,3,8,0.62
LBLN,2,5,7,0.29
LBLP,6,16,22,0.27
LBLS,2,1,3,0.67
LBLb,8,8,16,0.5
LBLh,2,4,6,0.33
LBLj,2,4,6,0.33
LBLl,6,4,10,0.6
LBLm,3,11,14,0.21
LBLn,5,15,20,0.25
LBLs,2,1,3,0.67
LBLt,0,2,2,0.0
LBMB,18,13,31,0.58
LBMD,1,1,2,0.5
LBMK,1,0,1,1.0
LBML,7,4,11,0.64
LBMM,14,16,30,0.47
LBMN,14,17,31,0.45
LBMP,16,29,45,0.36
LBMS,7,4,11,0.64
LBMb,15,19,34,0.44
LBMh,12,8,20,0.6
LBMj,2,1,3,0.67
LBMl,7,7,14,0.5
LBMm,13,15,28,0.46
LBMn,20,28,48,0.42
LBMs,11,7,18,0.61
LBMt,2,5,7,0.29
LBNB,19,19,38,0.5
LBND,1,2,3,0.33
LBNH,3,0,3,1.0
LBNK,3,4,7,0.43
LBNL,6,5,11,0.55
LBNM,16,13,29,0.55
LBNN,24,25,49,0.49
LBNP,33,39,72,0.46
LBNS,8,16,24,0.33
LBNb,22,20,42,0.52
LBNh,3,8,11,0.27
LBNl,6,9,15,0.4
LBNm,17,22,39,0.44
LBNn,38,25,63,0.6
LBNs,10,12,22,0.45
LBNt,6,4,10,0.6
LBPB,22,21,43,0.51
LBPD,1,4,5,0.2
LBPH,3,7,10,0.3
LBPI,0,1,1,0.0
LBPK,2,0,2,1.0
LBPL,8,21,29,0.28
LBPM,20,30,50,0.4
LBPN,32,28,60,0.53
LBPP,51,42,93,0.55
LBPS,14,13,27,0.52
LBPb,34,28,62,0.55
LBPh,4,6,10,0.4
LBPl,18,22,40,0.45
LBPm,29,24,53,0.55
LBPn,25,27,52,0.48
LBPs,14,12,26,0.54
LBPt,3,2,5,0.6
LBSB,4,9,13,0.31
LBSD,0,4,4,0.0
LBSH,1,3,4,0.25
LBSL,3,2,5,0.6
LBSM,7,6,13,0.54
LBSN,7,10,17,0.41
LBSP,14,10,24,0.58
LBSS,7,3,10,0.7
LBSb,6,6,12,0.5
LBSh,4,4,8,0.5
LBSl,3,2,5,0.6
LBSm,8,6,14,0.57
LBSn,6,10,16,0.38
LBSs,8,10,18,0.44
LBSt,1,0,1,1.0
LBbB,21,24,45,0.47
LBbD,0,1,1,0.0
LBbH,6,4,10,0.6
LBbI,5,4,9,0.56
LBbJ,3,3,6,0.5
LBbK,3,3,6,0.5
LBbL,8,9,17,0.47
LBbM,17,20,37,0.46
LBbN,32,32,64,0.5
LBbP,23,29,52,0.44
LBbS,14,15,29,0.48
LBbb,27,14,41,0.66
LBbl,9,7,16,0.56
LBbm,18,16,34,0.53
LBbn,16,23,39,0.41
LBbs,13,8,21,0.62
LBhB,1,1,2,0.5
LBhL,1,1,2,0.5
LBhM,1,2,3,0.33
LBhN,0,4,4,0.0
LBhP,2,2,4,0.5
LBhS,1,1,2,0.5
LBhb,2,6,8,0.25
LBhh,1,2,3,0.33
LBhl,2,6,8,0.25
LBhm,3,2,5,0.6
LBhn,2,2,4,0.5
LBhs,3,2,5,0.6
LBht,0,1,1,0.0
LBjB,8,8,16,0.5
LBjH,0,1,1,0.0
LBjI,0,0,0,
LBjK,1,0,1,1.0
LBjL,4,2,6,0.67
LBjM,8,9,17,0.47
LBjN,4,5,9,0.44
LBjP,9,3,12,0.75
LBjS,3,2,5,0.6
LBjb,7,3,10,0.7
LBjh,0,0,0,
LBjl,7,3,10,0.7
LBjm,5,4,9,0.56
LBjn,3,11,14,0.21
LBjs,4,2,6,0.67
LBjt,0,3,3,0.0
LBlB,7,8,15,0.47
LBlD,0,1,1,0.0
LBlH,4,11,15,0.27
LBlI,1,0,1,1.0
LBlJ,2,0,2,1.0
LBlL,4,6,10,0.4
LBlM,3,11,14,0.21
LBlN,10,11,21,0.48
LBlP,12,5,17,0.71
LBlS,7,5,12,0.58
LBlb,8,7,15,0.53
LBll,3,3,6,0.5
LBlm,11,9,20,0.55
LBln,12,11,23,0.52
LBls,5,6,11,0.45
LBmB,14,17,31,0.45
LBmD,4,4,8,0.5
LBmH,14,16,30,0.47
LBmI,0,0,0,
LBmJ,8,6,14,0.57
LBmL,7,4,11,0.64
LBmM,11,25,36,0.31
LBmN,24,29,53,0.45
LBmP,28,25,53,0.53
LBmS,8,9,17,0.47
LBmb,23,12,35,0.66
LBml,8,4,12,0.67
LBmm,18,9,27,0.67
LBmn,19,21,40,0.48
LBms,7,3,10,0.7
LBnB,17,24,41,0.41
LBnD,2,5,7,0.29
LBnH,10,4,14,0.71
LBnI,2,3,5,0.4
LBnK,2,6,8,0.25
LBnL,9,8,17,0.53
LBnM,17,25,42,0.4
LBnN,48,25,73,0.66
LBnP,48,48,96,0.5
LBnS,12,15,27,0.44
LBnb,25,27,52,0.48
LBnh,1,1,2,0.5
LBnl,12,11,23,0.52
LBnm,19,9,28,0.68
LBnn,34,41,75,0.45
LBns,13,23,36,0.36
LBsB,6,5,11,0.55
LBsD,2,2,4,0.5
LBsH,8,9,17,0.47
LBsI,0,2,2,0.0
LBsL,4,4,8,0.5
LBsM,5,6,11,0.45
LBsN,10,14,24,0.42
LBsP,8,13,21,0.38
LBsS,12,11,23,0.52
LBsb,10,5,15,0.67
LBsh,1,2,3,0.33
LBsl,3,4,7,0.43
LBsm,9,5,14,0.64
LBsn,4,12,16,0.25
LBss,4,8,12,0.33
LBtB,1,2,3,0.33
LBtH,3,2,5,0.6
LBtL,3,0,3,1.0
LBtM,4,2,6,0.67
LBtN,6,4,10,0.6
LBtP,4,8,12,0.33
LBtS,1,1,2,0.5
LBtb,4,1,5,0.8
LBtl,0,2,2,0.0
LBtm,3,3,6,0.5
LBtn,1,3,4,0.25
LBts,0,1,1,0.0
LBtt,0,0,0,
LDBB,4,2,6,0.67
LDBD,1,1,2,0.5
LDBM,0,4,4,0.0
LDBN,4,3,7,0.57
LDBP,1,1,2,0.5
LDBS,3,2,5,0.6
LDBb,2,1,3,0.67
LDBj,1,0,1,1.0
LDBm,2,1,3,0.67
LDBn,2,5,7,0.29
LDBs,0,1,1,0.0
LDBt,1,0,1,1.0
LDDB,2,0,2,1.0
LDDD,1,0,1,1.0
LDDH,1,0,1,1.0
LDDL,1,0,1,1.0
LDDM,1,0,1,1.0
LDDN,1,1,2,0.5
LDDP,0,3,3,0.0
LDDS,1,0,1,1.0
LDDb,1,1,2,0.5
LDDl,1,0,1,1.0
LDDm,2,1,3,0.67
LDDn,1,0,1,1.0
LDDs,0,1,1,0.0
LDHB,1,1,2,0.5
LDHH,1,1,2,0.5
LDHI,0,1,1,0.0
LDHL,0,2,2,0.0
LDHM,4,5,9,0.44
LDHN,1,0,1,1.0
LDHP,2,7,9,0.22
LDHS,0,1,1,0.0
LDHb,4,2,6,0.67
LDHh,1,1,2,0.5
LDHl,1,1,2,0.5
LDHm,9,4,13,0.69
LDHn,2,2,4,0.5
LDHs,2,1,3,0.67
LDIB,0,1,1,0.0
LDIM,0,1,1,0.0
LDLB,2,0,2,1.0
LDLL,2,2,4,0.5
LDLM,1,3,4,0.25
LDLN,1,2,3,0.33
LDLP,0,1,1,0.0
LDLS,0,1,1,0.0
LDLb,2,1,3,0.67
LDLj,1,0,1,1.0
LDLl,1,0,1,1.0
LDLm,1,0,1,1.0
LDLn,3,1,4,0.75
LDLs,0,0,0,
LDMB,2,3,5,0.4
LDMD,0,1,1,0.0
LDML,1,0,1,1.0
LDMM,4,1,5,0.8
LDMN,2,1,3,0.67
LDMP,3,3,6,0.5
LDMS,1,2,3,0.33
LDMb,3,2,5,0.6
LDMh,1,3,4,0.25
LDMl,0,1,1,0.0
LDMm,3,2,5,0.6
LDMn,5,2,7,0.71
LDMs,4,1,5,0.8
LDNB,2,0,2,1.0
LDND,2,1,3,0.67
LDNM,3,2,5,0.6
LDNN,1,1,2,0.5
LDNP,1,3,4,0.25
LDNS,2,1,3,0.67
LDNb,0,5,5,0.0
LDNh,1,0,1,1.0
LDNl,0,3,3,0.0
LDNm,2,1,3,0.67
LDNn,1,1,2,0.5
LDNs,2,3,5,0.4
LDNt,1,0,1,1.0
LDPB,5,0,5,1.0
LDPH,1,0,1,1.0
LDPL,0,2,2,0.0
LDPM,4,2,6,0.67
LDPN,6,2,8,0.75
LDPP,5,2,7,0.71
LDPS,2,1,3,0.67
LDPb,3,1,4,0.75
LDPl,1,0,1,1.0
LDPm,5,1,6,0.83
LDPn,1,1,2,0.5
LDPs,1,1,2,0.5
LDPt,2,0,2,1.0
LDSB,2,0,2,1.0
LDSD,1,0,1,1.0
LDSH,1,1,2,0.5
LDSI,1,0,1,1.0
LDSK,0,0,0,
LDSL,0,1,1,0.0
LDSM,2,4,6,0.33
LDSN,1,2,3,0.33
LDSP,0,2,2,0.0
LDSS,1,4,5,0.2
LDSb,3,1,4,0.75
LDSh,0,0,0,
LDSl,0,1,1,0.0
LDSm,2,1,3,0.67
LDSn,3,2,5,0.6
LDSs,3,1,4,0.75
LDSt,1,0,1,1.0
LDbB,2,2,4,0.5
LDbI,0,0,0,
LDbJ,2,0,2,1.0
LDbL,1,1,2,0.5
LDbM,1,1,2,0.5
LDbN,0,2,2,0.0
LDbP,2,2,4,0.5
LDbS,0,2,2,0.0
LDbb,2,2,4,0.5
LDbl,1,2,3,0.33
LDbm,2,2,4,0.5
LDbn,0,0,0,
LDbs,1,1,2,0.5
LDhM,0,1,1,0.0
LDhP,0,0,0,
LDlB,1,2,3,0.33
LDlL,1,0,1,1.0
LDlM,3,2,5,0.6
LDlN,1,0,1,1.0
LDlP,0,1,1,0.0
LDlS,1,0,1,1.0
LDlm,2,2,4,0.5
LDln,1,0,1,1.0
LDls,1,2,3,0.33
LDmB,1,3,4,0.25
LDmD,1,1,2,0.5
LDmH,1,1,2,0.5
LDmJ,1,0,1,1.0
LDmL,1,1,2,0.5
LDmM,4,2,6,0.67
LDmN,2,3,5,0.4
LDmP,4,1,5,0.8
LDmS,4,3,7,0.57
LDmb,2,1,3,0.67
LDml,1,0,1,1.0
LDmm,2,0,2,1.0
LDmn,3,6,9,0.33
LDms,2,1,3,0.67
LDnB,2,1,3,0.67
LDnH,1,0,1,1.0
LDnI,0,0,0,
LDnK,1,1,2,0.5
LDnL,1,0,1,1.0
LDnM,2,4,6,0.33
LDnN,2,2,4,0.5
LDnP,2,3,5,0.4
LDnS,4,3,7,0.57
LDnb,1,0,1,1.0
LDnl,0,2,2,0.0
LDnm,2,0,2,1.0
LDnn,2,5,7,0.29
LDns,0,0,0,
LDsB,3,0,3,1.0
LDsH,1,0,1,1.0
LDsL,1,0,1,1.0
LDsN,3,2,5,0.6
LDsP,2,2,4,0.5
LDsS,3,2,5,0.6
LDsb,0,0,0,
LDsl,0,2,2,0.0
LDsm,3,2,5,0.6
LDsn,1,2,3,0.33
LDss,1,3,4,0.25
LDtB,1,0,1,1.0
LDtP,1,1,2,0.5
LDtn,0,1,1,0.0
LDts,0,1,1,0.0
LDtt,1,0,1,1.0
LHBM,1,1,2,0.5
LHBN,1,1,2,0.5
LHBb,1,0,1,1.0
LHBl,0,1,1,0.0
LHKM,0,1,1,0.0
LHKS,0,1,1,0.0
LHLM,0,0,0,
LHLn,0,1,1,0.0
LHLs,1,0,1,1.0
LHML,0,0,0,
LHMN,1,1,2,0.5
LHMP,2,1,3,0.67
LHMS,1,1,2,0.5
LHMj,0,1,1,0.0
LHMl,2,0,2,1.0
LHMn,0,2,2,0.0
LHMs,1,0,1,1.0
LHNP,0,1,1,0.0
LHNS,1,0,1,1.0
LHNm,2,0,2,1.0
LHNn,1,0,1,1.0
LHPB,0,1,1,0.0
LHPM,2,1,3,0.67
LHPN,1,0,1,1.0
LHPP,2,1,3,0.67
LHPS,1,0,1,1.0
LHPb,1,1,2,0.5
LHPl,1,1,2,0.5
LHPn,0,2,2,0.0
LHSL,1,0,1,1.0
LHSM,1,0,1,1.0
LHSP,1,2,3,0.33
LHSh,1,0,1,1.0
LHSl,1,0,1,1.0
LHSm,2,0,2,1.0
LHSn,1,0,1,1.0
LHSs,0,0,0,
LHbD,1,0,1,1.0
LHbM,0,0,0,
LHbS,0,1,1,0.0
LHbb,0,1,1,0.0
LHbl,0,1,1,0.0
LHbm,0,1,1,0.0
LHhh,0,1,1,0.0
LHlB,0,1,1,0.0
LHlM,1,0,1,1.0
LHlN,1,0,1,1.0
LHlm,0,1,1,0.0
LHmB,0,2,2,0.0
LHmJ,0,0,0,
LHmM,1,0,1,1.0
LHmN,2,0,2,1.0
LHmS,1,1,2,0.5
LHmb,0,1,1,0.0
LHmm,0,2,2,0.0
LHmn,1,0,1,1.0
LHnP,1,2,3,0.33
LHnb,0,1,1,0.0
LHnm,1,0,1,1.0
LHsB,0,1,1,0.0
LHsN,1,0,1,1.0
LHsP,0,1,1,0.0
LHsS,1,0,1,1.0
LHsm,1,2,3,0.33
LHsn,0,1,1,0.0
LHss,0,1,1,0.0
LIBB,0,1,1,0.0
LIBn,1,0,1,1.0
LIDl,0,1,1,0.0
LIHS,0,1,1,0.0
LIHm,1,0,1,1.0
LIMN,0,1,1,0.0
LKBB,2,0,2,1.0
LKBK,1,0,1,1.0
LKBL,0,1,1,0.0
LKBM,1,4,5,0.2
LKBN,0,1,1,0.0
LKBP,2,1,3,0.67
LKBb,1,2,3,0.33
LKBj,0,0,0,
LKBm,3,2,5,0.6
LKBn,2,2,4,0.5
LKBs,1,2,3,0.33
LKDB,0,1,1,0.0
LKDL,0,1,1,0.0
LKHb,0,0,0,
LKHm,0,0,0,
LKHn,1,0,1,1.0
LKIb,1,1,2,0.5
LKIm,1,0,1,1.0
LKLB,3,1,4,0.75
LKLL,0,1,1,0.0
LKLP,2,4,6,0.33
LKLS,0,2,2,0.0
LKLb,2,2,4,0.5
LKLh,1,0,1,1.0
LKLn,0,1,1,0.0
LKLs,1,1,2,0.5
LKMB,1,3,4,0.25
LKMD,0,1,1,0.0
LKMM,3,0,3,1.0
LKMP,0,1,1,0.0
LKMS,2,2,4,0.5
LKMb,2,1,3,0.67
LKMh,1,1,2,0.5
LKMm,2,0,2,1.0
LKMn,3,0,3,1.0
LKMs,0,1,1,0.0
LKNB,0,2,2,0.0
LKNL,0,1,1,0.0
LKNM,1,1,2,0.5
LKNN,1,1,2,0.5
LKNP,2,2,4,0.5
LKNS,1,2,3,0.33
LKNb,2,2,4,0.5
LKNh,0,1,1,0.0
LKNl,0,1,1,0.0
LKNm,2,1,3,0.67
LKNn,0,0,0,
LKNs,1,0,1,1.0
LKNt,1,0,1,1.0
LKPB,1,0,1,1.0
LKPL,2,0,2,1.0
LKPM,2,0,2,1.0
LKPN,1,2,3,0.33
LKPP,6,4,10,0.6
LKPS,2,1,3,0.67
LKPb,1,0,1,1.0
LKPl,2,0,2,1.0
LKPm,4,0,4,1.0
LKPn,1,0,1,1.0
LKPs,2,0,2,1.0
LKSB,1,1,2,0.5
LKSM,2,0,2,1.0
LKSP,1,0,1,1.0
LKSS,0,1,1,0.0
LKSb,0,2,2,0.0
LKSl,2,0,2,1.0
LKSm,0,3,3,0.0
LKSn,1,3,4,0.25
LKSs,0,1,1,0.0
LKbB,0,1,1,0.0
LKbJ,1,0,1,1.0
LKbL,0,1,1,0.0
LKbM,0,1,1,0.0
LKbN,1,3,4,0.25
LKbP,2,4,6,0.33
LKbS,1,0,1,1.0
LKbl,2,1,3,0.67
LKbm,1,0,1,1.0
LKbn,1,1,2,0.5
LKbs,2,1,3,0.67
LKhB,1,2,3,0.33
LKhL,1,0,1,1.0
LKhM,1,0,1,1.0
LKhN,2,1,3,0.67
LKhP,2,2,4,0.5
LKhS,0,0,0,
LKhb,0,1,1,0.0
LKhh,1,1,2,0.5
LKhl,0,1,1,0.0
LKhm,0,1,1,0.0
LKhs,2,2,4,0.5
LKlH,0,2,2,0.0
LKlL,0,1,1,0.0
LKlM,1,0,1,1.0
LKlN,1,0,1,1.0
LKlP,0,2,2,0.0
LKlS,1,2,3,0.33
LKlb,2,0,2,1.0
LKlm,0,0,0,
LKln,0,1,1,0.0
LKls,0,1,1,0.0
LKmB,3,1,4,0.75
LKmD,0,1,1,0.0
LKmH,1,0,1,1.0
LKmL,0,1,1,0.0
LKmM,0,3,3,0.0
LKmN,5,0,5,1.0
LKmP,2,4,6,0.33
LKmS,0,0,0,
LKmb,2,2,4,0.5
LKmm,4,0,4,1.0
LKmn,1,0,1,1.0
LKms,1,2,3,0.33
LKnB,3,1,4,0.75
LKnD,1,0,1,1.0
LKnH,0,1,1,0.0
LKnK,0,0,0,
LKnL,0,2,2,0.0
LKnM,0,2,2,0.0
LKnN,2,1,3,0.67
LKnP,0,4,4,0.0
LKnS,1,1,2,0.5
LKnb,2,2,4,0.5
LKnl,1,0,1,1.0
LKnm,1,0,1,1.0
LKnn,0,2,2,0.0
LKns,2,1,3,0.67
LKsB,0,1,1,0.0
LKsH,2,1,3,0.67
LKsI,0,0,0,
LKsL,0,2,2,0.0
LKsM,2,1,3,0.67
LKsN,0,3,3,0.0
LKsP,2,4,6,0.33
LKsS,0,0,0,
LKsb,1,1,2,0.5
LKsm,2,4,6,0.33
LKsn,0,1,1,0.0
LKtP,1,0,1,1.0
LKtb,0,1,1,0.0
LKts,0,1,1,0.0
LLBB,7,11,18,0.39
LLBD,0,2,2,0.0
LLBK,1,0,1,1.0
LLBL,1,1,2,0.5
LLBM,12,8,20,0.6
LLBN,0,8,8,0.0
LLBP,10,13,23,0.43
LLBS,4,3,7,0.57
LLBb,14,13,27,0.52
LLBh,1,0,1,1.0
LLBj,3,3,6,0.5
LLBl,4,5,9,0.44
LLBm,3,7,10,0.3
LLBn,12,12,24,0.5
LLBs,5,5,10,0.5
LLBt,2,0,2,1.0
LLDD,1,0,1,1.0
LLDH,0,0,0,
LLDL,2,0,2,1.0
LLDM,0,1,1,0.0
LLDP,0,1,1,0.0
LLDb,0,1,1,0.0
LLDl,1,0,1,1.0
LLDm,1,0,1,1.0
LLDn,1,3,4,0.25
LLDs,0,0,0,
LLHB,1,0,1,1.0
LLHK,1,0,1,1.0
LLHM,0,0,0,
LLHS,0,1,1,0.0
LLHs,0,1,1,0.0
LLKB,2,1,3,0.67
LLKL,1,0,1,1.0
LLKb,0,1,1,0.0
LLKh,1,0,1,1.0
LLKm,0,1,1,0.0
LLKs,1,1,2,0.5
LLLB,1,5,6,0.17
LLLD,1,0,1,1.0
LLLK,0,1,1,0.0
LLLL,0,1,1,0.0
LLLM,4,3,7,0.57
LLLN,3,1,4,0.75
LLLP,3,2,5,0.6
LLLS,1,1,2,0.5
LLLb,5,6,11,0.45
LLLh,0,1,1,0.0
LLLj,1,1,2,0.5
LLLl,0,4,4,0.0
LLLm,2,3,5,0.4
LLLn,2,3,5,0.4
LLLs,2,1,3,0.67
LLMB,6,5,11,0.55
LLMD,0,1,1,0.0
LLML,5,2,7,0.71
LLMM,6,9,15,0.4
LLMN,11,10,21,0.52
LLMP,13,7,20,0.65
LLMS,4,4,8,0.5
LLMb,6,12,18,0.33
LLMh,7,7,14,0.5
LLMj,1,2,3,0.33
LLMl,4,5,9,0.44
LLMm,5,8,13,0.38
LLMn,6,10,16,0.38
LLMs,5,1,6,0.83
LLMt,1,1,2,0.5
LLNB,9,8,17,0.53
LLNH,1,1,2,0.5
LLNL,4,2,6,0.67
LLNM,5,5,10,0.5
LLNN,12,15,27,0.44
LLNP,7,10,17,0.41
LLNS,3,7,10,0.3
LLNb,4,3,7,0.57
LLNh,3,3,6,0.5
LLNl,4,1,5,0.8
LLNm,9,5,14,0.64
LLNn,5,6,11,0.45
LLNs,6,8,14,0.43
LLNt,0,1,1,0.0
LLPB,7,6,13,0.54
LLPD,1,0,1,1.0
LLPH,3,1,4,0.75
LLPK,1,0,1,1.0
LLPL,7,5,12,0.58
LLPM,12,7,19,0.63
LLPN,14,15,29,0.48
LLPP,22,11,33,0.67
LLPS,9,7,16,0.56
LLPb,10,13,23,0.43
LLPh,0,2,2,0.0
LLPl,8,7,15,0.53
LLPm,8,6,14,0.57
LLPn,7,8,15,0.47
LLPs,7,5,12,0.58
LLPt,0,2,2,0.0
LLSB,8,2,10,0.8
LLSD,0,0,0,
LLSH,2,1,3,0.67
LLSL,3,0,3,1.0
LLSM,6,3,9,0.67
LLSN,6,7,13,0.46
LLSP,4,5,9,0.44
LLSS,4,3,7,0.57
LLSb,3,8,11,0.27
LLSh,5,3,8,0.62
LLSl,4,5,9,0.44
LLSm,7,4,11,0.64
LLSn,8,4,12,0.67
LLSs,3,6,9,0.33
LLSt,0,2,2,0.0
LLbB,5,9,14,0.36
LLbD,1,0,1,1.0
LLbH,3,4,7,0.43
LLbI,0,3,3,0.0
LLbJ,2,4,6,0.33
LLbK,2,1,3,0.67
LLbL,6,3,9,0.67
LLbM,4,9,13,0.31
LLbN,14,6,20,0.7
LLbP,12,15,27,0.44
LLbS,7,4,11,0.64
LLbb,6,4,10,0.6
LLbl,2,1,3,0.67
LLbm,12,7,19,0.63
LLbn,10,13,23,0.43
LLbs,5,5,10,0.5
LLhB,3,5,8,0.38
LLhH,2,2,4,0.5
LLhL,2,3,5,0.4
LLhM,3,3,6,0.5
LLhN,2,1,3,0.67
LLhP,5,10,15,0.33
LLhS,0,5,5,0.0
LLhb,3,3,6,0.5
LLhh,1,6,7,0.14
LLhl,3,3,6,0.5
LLhm,4,3,7,0.57
LLhn,2,3,5,0.4
LLhs,1,4,5,0.2
LLjB,3,2,5,0.6
LLjI,1,0,1,1.0
LLjL,2,0,2,1.0
LLjM,4,2,6,0.67
LLjN,3,2,5,0.6
LLjP,5,7,12,0.42
LLjS,2,5,7,0.29
LLjb,2,6,8,0.25
LLjh,0,1,1,0.0
LLjl,1,1,2,0.5
LLjm,1,1,2,0.5
LLjn,5,3,8,0.62
LLjs,2,1,3,0.67
LLjt,0,2,2,0.0
LLlB,0,4,4,0.0
LLlH,4,1,5,0.8
LLlI,2,1,3,0.67
LLlJ,2,0,2,1.0
LLlL,4,5,9,0.44
LLlM,1,1,2,0.5
LLlN,8,3,11,0.73
LLlP,6,9,15,0.4
LLlS,1,3,4,0.25
LLlb,1,6,7,0.14
LLll,1,1,2,0.5
LLlm,1,4,5,0.2
LLln,2,6,8,0.25
LLls,3,2,5,0.6
LLmB,14,9,23,0.61
LLmD,3,1,4,0.75
LLmH,7,12,19,0.37
LLmI,1,2,3,0.33
LLmJ,2,3,5,0.4
LLmL,2,3,5,0.4
LLmM,8,7,15,0.53
LLmN,12,9,21,0.57
LLmP,9,14,23,0.39
LLmS,2,7,9,0.22
LLmb,11,3,14,0.79
LLml,6,4,10,0.6
LLmm,8,3,11,0.73
LLmn,11,6,17,0.65
LLms,3,7,10,0.3
LLnB,6,12,18,0.33
LLnD,0,1,1,0.0
LLnH,1,1,2,0.5
LLnI,0,4,4,0.0
LLnL,3,5,8,0.38
LLnM,9,20,29,0.31
LLnN,16,19,35,0.46
LLnP,21,19,40,0.52
LLnS,6,11,17,0.35
LLnb,4,4,8,0.5
LLnh,0,1,1,0.0
LLnl,4,6,10,0.4
LLnm,9,5,14,0.64
LLnn,15,17,32,0.47
LLns,9,6,15,0.6
LLsB,4,5,9,0.44
LLsH,5,3,8,0.62
LLsL,4,1,5,0.8
LLsM,5,4,9,0.56
LLsN,7,5,12,0.58
LLsP,12,11,23,0.52
LLsS,6,4,10,0.6
LLsb,2,3,5,0.4
LLsh,0,1,1,0.0
LLsl,5,2,7,0.71
LLsm,5,6,11,0.45
LLsn,5,6,11,0.45
LLss,4,2,6,0.67
LLtB,1,1,2,0.5
LLtH,0,2,2,0.0
LLtI,0,1,1,0.0
LLtL,3,0,3,1.0
LLtM,4,1,5,0.8
LLtN,0,2,2,0.0
LLtP,1,2,3,0.33
LLtS,1,0,1,1.0
LLtb,0,1,1,0.0
LLtm,2,1,3,0.67
LLtn,2,1,3,0.67
LLts,1,2,3,0.33
LLtt,0,1,1,0.0
LMBB,37,20,57,0.65
LMBD,3,1,4,0.75
LMBK,0,1,1,0.0
LMBL,7,7,14,0.5
LMBM,11,22,33,0.33
LMBN,28,34,62,0.45
LMBP,38,32,70,0.54
LMBS,10,12,22,0.45
LMBb,25,24,49,0.51
LMBh,1,1,2,0.5
LMBj,4,8,12,0.33
LMBl,2,9,11,0.18
LMBm,20,25,45,0.44
LMBn,24,31,55,0.44
LMBs,3,7,10,0.3
LMBt,2,7,9,0.22
LMDB,1,3,4,0.25
LMDD,0,1,1,0.0
LMDH,0,1,1,0.0
LMDL,0,3,3,0.0
LMDM,4,3,7,0.57
LMDN,2,2,4,0.5
LMDP,1,2,3,0.33
LMDS,2,1,3,0.67
LMDb,1,2,3,0.33
LMDl,0,0,0,
LMDm,4,2,6,0.67
LMDn,2,4,6,0.33
LMDs,2,1,3,0.67
LMDt,0,0,0,
LMHN,0,1,1,0.0
LMHm,0,0,0,
LMKM,0,1,1,0.0
LMKN,0,0,0,
LMKP,1,0,1,1.0
LMKS,0,1,1,0.0
LMKh,0,1,1,0.0
LMKs,0,0,0,
LMLB,4,5,9,0.44
LMLD,4,0,4,1.0
LMLH,0,0,0,
LMLL,1,1,2,0.5
LMLM,10,7,17,0.59
LMLN,9,5,14,0.64
LMLP,8,7,15,0.53
LMLS,7,4,11,0.64
LMLb,8,18,26,0.31
LMLh,1,2,3,0.33
LMLj,3,2,5,0.6
LMLl,5,1,6,0.83
LMLm,8,7,15,0.53
LMLn,10,7,17,0.59
LMLs,5,5,10,0.5
LMLt,2,0,2,1.0
LMMB,21,15,36,0.58
LMMD,2,3,5,0.4
LMMH,0,1,1,0.0
LMMK,1,0,1,1.0
LMML,7,3,10,0.7
LMMM,12,26,38,0.32
LMMN,16,21,37,0.43
LMMP,25,32,57,0.44
LMMS,9,13,22,0.41
LMMb,22,25,47,0.47
LMMh,8,22,30,0.27
LMMj,5,5,10,0.5
LMMl,7,8,15,0.47
LMMm,26,16,42,0.62
LMMn,26,29,55,0.47
LMMs,7,13,20,0.35
LMMt,2,3,5,0.4
LMNB,13,14,27,0.48
LMND,3,1,4,0.75
LMNH,2,1,3,0.67
LMNK,2,2,4,0.5
LMNL,8,9,17,0.47
LMNM,21,23,44,0.48
LMNN,22,26,48,0.46
LMNP,24,32,56,0.43
LMNS,16,8,24,0.67
LMNb,18,19,37,0.49
LMNh,5,1,6,0.83
LMNl,4,12,16,0.25
LMNm,17,13,30,0.57
LMNn,29,33,62,0.47
LMNs,14,9,23,0.61
LMNt,2,6,8,0.25
LMPB,26,19,45,0.58
LMPD,0,3,3,0.0
LMPH,8,11,19,0.42
LMPI,4,0,4,1.0
LMPK,0,3,3,0.0
LMPL,12,12,24,0.5
LMPM,34,16,50,0.68
LMPN,32,26,58,0.55
LMPP,46,47,93,0.49
LMPS,17,17,34,0.5
LMPb,29,30,59,0.49
LMPh,2,4,6,0.33
LMPl,8,9,17,0.47
LMPm,37,18,55,0.67
LMPn,25,30,55,0.45
LMPs,26,19,45,0.58
LMPt,3,3,6,0.5
LMSB,5,12,17,0.29
LMSD,2,0,2,1.0
LMSH,4,3,7,0.57
LMSI,1,0,1,1.0
LMSK,0,1,1,0.0
LMSL,2,6,8,0.25
LMSM,12,9,21,0.57
LMSN,11,9,20,0.55
LMSP,19,11,30,0.63
LMSS,10,10,20,0.5
LMSb,5,6,11,0.45
LMSh,3,2,5,0.6
LMSl,8,1,9,0.89
LMSm,9,7,16,0.56
LMSn,13,13,26,0.5
LMSs,11,11,22,0.5
LMSt,3,0,3,1.0
LMbB,23,24,47,0.49
LMbD,4,2,6,0.67
LMbH,6,14,20,0.3
LMbI,6,2,8,0.75
LMbJ,5,7,12,0.42
LMbK,2,1,3,0.67
LMbL,8,9,17,0.47
LMbM,19,39,58,0.33
LMbN,38,32,70,0.54
LMbP,28,24,52,0.54
LMbS,13,16,29,0.45
LMbb,32,19,51,0.63
LMbl,10,3,13,0.77
LMbm,25,18,43,0.58
LMbn,15,31,46,0.33
LMbs,9,14,23,0.39
LMhB,13,12,25,0.52
LMhD,1,5,6,0.17
LMhH,1,2,3,0.33
LMhI,0,3,3,0.0
LMhK,1,2,3,0.33
LMhL,7,6,13,0.54
LMhM,14,17,31,0.45
LMhN,12,16,28,0.43
LMhP,22,25,47,0.47
LMhS,5,10,15,0.33
LMhb,16,15,31,0.52
LMhh,15,14,29,0.52
LMhl,8,11,19,0.42
LMhm,17,13,30,0.57
LMhn,25,16,41,0.61
LMhs,14,13,27,0.52
LMht,2,1,3,0.67
LMjB,5,5,10,0.5
LMjD,0,2,2,0.0
LMjH,2,1,3,0.67
LMjK,1,0,1,1.0
LMjL,0,2,2,0.0
LMjM,5,7,12,0.42
LMjN,3,3,6,0.5
LMjP,8,9,17,0.47
LMjS,4,2,6,0.67
LMjb,10,4,14,0.71
LMjh,0,0,0,
LMjl,5,1,6,0.83
LMjm,4,6,10,0.4
LMjn,3,3,6,0.5
LMjs,2,2,4,0.5
LMjt,3,1,4,0.75
LMlB,7,3,10,0.7
LMlD,0,1,1,0.0
LMlH,10,7,17,0.59
LMlI,0,1,1,0.0
LMlJ,0,0,0,
LMlL,1,3,4,0.25
LMlM,9,5,14,0.64
LMlN,8,10,18,0.44
LMlP,11,14,25,0.44
LMlS,10,10,20,0.5
LMlb,6,4,10,0.6
LMll,7,5,12,0.58
LMlm,7,11,18,0.39
LMln,4,11,15,0.27
LMls,6,5,11,0.55
LMmB,16,19,35,0.46
LMmD,7,6,13,0.54
LMmH,9,12,21,0.43
LMmI,2,2,4,0.5
LMmJ,4,5,9,0.44
LMmK,0,1,1,0.0
LMmL,5,8,13,0.38
LMmM,17,25,42,0.4
LMmN,17,22,39,0.44
LMmP,27,28,55,0.49
LMmS,17,12,29,0.59
LMmb,8,17,25,0.32
LMml,9,7,16,0.56
LMmm,28,15,43,0.65
LMmn,26,24,50,0.52
LMms,7,9,16,0.44
LMnB,26,26,52,0.5
LMnD,3,5,8,0.38
LMnH,12,9,21,0.57
LMnI,8,5,13,0.62
LMnK,1,5,6,0.17
LMnL,12,6,18,0.67
LMnM,25,37,62,0.4
LMnN,59,36,95,0.62
LMnP,43,44,87,0.49
LMnS,12,27,39,0.31
LMnb,32,22,54,0.59
LMnh,1,0,1,1.0
LMnl,9,15,24,0.38
LMnm,23,20,43,0.53
LMnn,34,30,64,0.53
LMns,23,19,42,0.55
LMsB,12,5,17,0.71
LMsD,0,1,1,0.0
LMsH,11,13,24,0.46
LMsI,3,4,7,0.43
LMsK,0,1,1,0.0
LMsL,3,3,6,0.5
LMsM,12,11,23,0.52
LMsN,13,17,30,0.43
LMsP,21,19,40,0.52
LMsS,5,20,25,0.2
LMsb,11,6,17,0.65
LMsh,0,1,1,0.0
LMsl,3,1,4,0.75
LMsm,14,14,28,0.5
LMsn,8,10,18,0.44
LMss,11,12,23,0.48
LMtB,3,1,4,0.75
LMtH,0,2,2,0.0
LMtL,1,0,1,1.0
LMtM,2,1,3,0.67
LMtN,6,1,7,0.86
LMtP,6,10,16,0.38
LMtS,2,2,4,0.5
LMtb,5,4,9,0.56
LMth,1,0,1,1.0
LMtm,0,0,0,
LMtn,4,5,9,0.44
LMts,1,2,3,0.33
LMtt,0,2,2,0.0
LNBB,17,21,38,0.45
LNBH,0,1,1,0.0
LNBK,1,1,2,0.5
LNBL,2,9,11,0.18
LNBM,20,17,37,0.54
LNBN,29,30,59,0.49
LNBP,26,35,61,0.43
LNBS,10,7,17,0.59
LNBb,21,15,36,0.58
LNBh,3,0,3,1.0
LNBj,9,6,15,0.6
LNBl,5,5,10,0.5
LNBm,21,7,28,0.75
LNBn,24,32,56,0.43
LNBs,11,10,21,0.52
LNBt,0,1,1,0.0
LNDB,3,5,8,0.38
LNDD,0,1,1,0.0
LNDH,2,5,7,0.29
LNDL,0,1,1,0.0
LNDM,4,2,6,0.67
LNDN,1,2,3,0.33
LNDP,3,3,6,0.5
LNDS,1,2,3,0.33
LNDb,2,1,3,0.67
LNDl,1,1,2,0.5
LNDm,4,3,7,0.57
LNDn,4,4,8,0.5
LNDs,1,1,2,0.5
LNDt,1,0,1,1.0
LNHB,2,3,5,0.4
LNHD,0,1,1,0.0
LNHH,1,1,2,0.5
LNHI,0,0,0,
LNHL,1,1,2,0.5
LNHM,4,3,7,0.57
LNHN,4,4,8,0.5
LNHP,4,7,11,0.36
LNHS,1,0,1,1.0
LNHb,4,3,7,0.57
LNHh,1,0,1,1.0
LNHl,3,1,4,0.75
LNHm,1,1,2,0.5
LNHn,2,4,6,0.33
LNHs,1,4,5,0.2
LNIM,1,0,1,1.0
LNKB,1,3,4,0.25
LNKD,1,0,1,1.0
LNKH,1,0,1,1.0
LNKM,0,1,1,0.0
LNKN,3,0,3,1.0
LNKP,0,2,2,0.0
LNKS,0,1,1,0.0
LNKb,2,1,3,0.67
LNKh,1,1,2,0.5
LNKl,2,1,3,0.67
LNKm,2,0,2,1.0
LNKn,3,1,4,0.75
LNKs,2,0,2,1.0
LNLB,8,10,18,0.44
LNLD,1,1,2,0.5
LNLK,1,0,1,1.0
LNLL,2,1,3,0.67
LNLM,6,8,14,0.43
LNLN,7,7,14,0.5
LNLP,14,10,24,0.58
LNLS,4,5,9,0.44
LNLb,3,7,10,0.3
LNLh,3,2,5,0.6
LNLj,1,2,3,0.33
LNLl,3,6,9,0.33
LNLm,5,7,12,0.42
LNLn,11,15,26,0.42
LNLs,6,1,7,0.86
LNLt,0,3,3,0.0
LNMB,18,18,36,0.5
LNMD,3,3,6,0.5
LNMK,0,0,0,
LNML,7,7,14,0.5
LNMM,18,20,38,0.47
LNMN,21,16,37,0.57
LNMP,28,26,54,0.52
LNMS,10,10,20,0.5
LNMb,21,22,43,0.49
LNMh,8,14,22,0.36
LNMj,3,5,8,0.38
LNMl,7,4,11,0.64
LNMm,18,18,36,0.5
LNMn,30,28,58,0.52
LNMs,10,8,18,0.56
LNMt,1,2,3,0.33
LNNB,18,19,37,0.49
LNND,2,0,2,1.0
LNNH,3,5,8,0.38
LNNK,2,2,4,0.5
LNNL,9,8,17,0.53
LNNM,10,24,34,0.29
LNNN,36,34,70,0.51
LNNP,39,37,76,0.51
LNNS,19,17,36,0.53
LNNb,26,23,49,0.53
LNNh,6,11,17,0.35
LNNl,10,16,26,0.38
LNNm,20,12,32,0.62
LNNn,31,33,64,0.48
LNNs,11,25,36,0.31
LNNt,1,1,2,0.5
LNPB,22,21,43,0.51
LNPD,4,4,8,0.5
LNPH,9,8,17,0.53
LNPI,1,2,3,0.33
LNPK,0,3,3,0.0
LNPL,12,12,24,0.5
LNPM,25,35,60,0.42
LNPN,39,28,67,0.58
LNPP,42,58,100,0.42
LNPS,21,22,43,0.49
LNPb,25,27,52,0.48
LNPh,4,4,8,0.5
LNPl,21,11,32,0.66
LNPm,29,31,60,0.48
LNPn,37,42,79,0.47
LNPs,18,25,43,0.42
LNPt,1,2,3,0.33
LNSB,9,6,15,0.6
LNSD,3,1,4,0.75
LNSH,4,3,7,0.57
LNSK,1,1,2,0.5
LNSL,10,7,17,0.59
LNSM,10,15,25,0.4
LNSN,15,17,32,0.47
LNSP,30,19,49,0.61
LNSS,12,7,19,0.63
LNSb,13,12,25,0.52
LNSh,12,6,18,0.67
LNSl,3,5,8,0.38
LNSm,13,14,27,0.48
LNSn,17,20,37,0.46
LNSs,9,11,20,0.45
LNSt,3,2,5,0.6
LNbB,12,15,27,0.44
LNbD,2,0,2,1.0
LNbH,3,5,8,0.38
LNbI,0,1,1,0.0
LNbJ,2,4,6,0.33
LNbK,3,0,3,1.0
LNbL,8,9,17,0.47
LNbM,23,19,42,0.55
LNbN,30,32,62,0.48
LNbP,31,31,62,0.5
LNbS,15,13,28,0.54
LNbb,14,19,33,0.42
LNbh,0,0,0,
LNbl,6,9,15,0.4
LNbm,17,14,31,0.55
LNbn,23,20,43,0.53
LNbs,9,13,22,0.41
LNhB,5,3,8,0.62
LNhD,2,0,2,1.0
LNhH,0,3,3,0.0
LNhI,0,0,0,
LNhK,1,0,1,1.0
LNhL,0,5,5,0.0
LNhM,3,8,11,0.27
LNhN,7,10,17,0.41
LNhP,11,9,20,0.55
LNhS,9,5,14,0.64
LNhb,4,8,12,0.33
LNhh,7,6,13,0.54
LNhl,5,6,11,0.45
LNhm,9,10,19,0.47
LNhn,9,8,17,0.53
LNhs,6,7,13,0.46
LNht,1,0,1,1.0
LNlB,15,4,19,0.79
LNlD,1,0,1,1.0
LNlH,7,5,12,0.58
LNlI,2,1,3,0.67
LNlJ,4,1,5,0.8
LNlK,0,1,1,0.0
LNlL,3,6,9,0.33
LNlM,7,8,15,0.47
LNlN,10,12,22,0.45
LNlP,12,11,23,0.52
LNlS,11,7,18,0.61
LNlb,8,4,12,0.67
LNll,4,5,9,0.44
LNlm,2,6,8,0.25
LNln,5,5,10,0.5
LNls,2,4,6,0.33
LNmB,17,16,33,0.52
LNmD,1,2,3,0.33
LNmH,20,15,35,0.57
LNmI,1,0,1,1.0
LNmJ,4,7,11,0.36
LNmL,12,10,22,0.55
LNmM,13,20,33,0.39
LNmN,29,23,52,0.56
LNmP,26,13,39,0.67
LNmS,15,8,23,0.65
LNmb,19,19,38,0.5
LNml,8,1,9,0.89
LNmm,18,15,33,0.55
LNmn,18,14,32,0.56
LNms,18,12,30,0.6
LNnB,20,13,33,0.61
LNnD,1,6,7,0.14
LNnH,14,19,33,0.42
LNnI,3,3,6,0.5
LNnK,1,1,2,0.5
LNnL,10,8,18,0.56
LNnM,31,27,58,0.53
LNnN,33,44,77,0.43
LNnP,32,61,93,0.34
LNnS,20,28,48,0.42
LNnb,26,22,48,0.54
LNnh,2,1,3,0.67
LNnl,14,15,29,0.48
LNnm,26,27,53,0.49
LNnn,31,31,62,0.5
LNns,14,11,25,0.56
LNnt,1,0,1,1.0
LNsB,9,6,15,0.6
LNsD,1,0,1,1.0
LNsH,10,18,28,0.36
LNsI,3,1,4,0.75
LNsK,1,0,1,1.0
LNsL,8,6,14,0.57
LNsM,15,15,30,0.5
LNsN,15,16,31,0.48
LNsP,21,25,46,0.46
LNsS,7,11,18,0.39
LNsb,6,11,17,0.35
LNsl,7,6,13,0.54
LNsm,14,14,28,0.5
LNsn,21,8,29,0.72
LNss,11,8,19,0.58
LNtB,2,0,2,1.0
LNtD,0,1,1,0.0
LNtH,0,1,1,0.0
LNtK,1,0,1,1.0
LNtL,3,1,4,0.75
LNtM,7,3,10,0.7
LNtN,4,5,9,0.44
LNtP,6,9,15,0.4
LNtS,0,3,3,0.0
LNtb,5,5,10,0.5
LNtl,3,1,4,0.75
LNtm,5,2,7,0.71
LNtn,4,5,9,0.44
LNts,3,1,4,0.75
LNtt,1,0,1,1.0
LPBB,24,28,52,0.46
LPBD,3,2,5,0.6
LPBK,1,0,1,1.0
LPBL,4,10,14,0.29
LPBM,29,23,52,0.56
LPBN,15,28,43,0.35
LPBP,36,30,66,0.55
LPBS,10,16,26,0.38
LPBb,28,25,53,0.53
LPBh,0,3,3,0.0
LPBj,8,4,12,0.67
LPBl,10,9,19,0.53
LPBm,23,17,40,0.57
LPBn,30,29,59,0.51
LPBs,7,9,16,0.44
LPBt,6,6,12,0.5
LPDB,2,4,6,0.33
LPDD,2,2,4,0.5
LPDH,0,0,0,
LPDL,2,1,3,0.67
LPDM,3,2,5,0.6
LPDN,2,2,4,0.5
LPDP,2,6,8,0.25
LPDS,0,1,1,0.0
LPDb,4,4,8,0.5
LPDh,0,1,1,0.0
LPDl,0,0,0,
LPDm,2,1,3,0.67
LPDn,0,1,1,0.0
LPDs,3,1,4,0.75
LPDt,0,0,0,
LPHB,5,6,11,0.45
LPHD,0,2,2,0.0
LPHH,1,1,2,0.5
LPHI,1,0,1,1.0
LPHK,3,0,3,1.0
LPHL,5,2,7,0.71
LPHM,4,8,12,0.33
LPHN,8,11,19,0.42
LPHP,10,14,24,0.42
LPHS,4,6,10,0.4
LPHb,3,6,9,0.33
LPHh,0,5,5,0.0
LPHl,7,0,7,1.0
LPHm,3,4,7,0.43
LPHn,6,11,17,0.35
LPHs,13,7,20,0.65
LPHt,0,1,1,0.0
LPIB,3,2,5,0.6
LPIH,2,1,3,0.67
LPIM,3,1,4,0.75
LPIN,2,3,5,0.4
LPIP,2,2,4,0.5
LPIS,2,2,4,0.5
LPIb,1,3,4,0.25
LPIl,0,1,1,0.0
LPIm,2,3,5,0.4
LPIn,0,1,1,0.0
LPIs,3,1,4,0.75
LPIt,0,0,0,
LPKB,0,2,2,0.0
LPKD,0,0,0,
LPKL,1,4,5,0.2
LPKM,1,2,3,0.33
LPKN,1,2,3,0.33
LPKP,4,3,7,0.57
LPKS,3,4,7,0.43
LPKb,2,4,6,0.33
LPKh,4,1,5,0.8
LPKl,3,0,3,1.0
LPKm,4,2,6,0.67
LPKn,0,1,1,0.0
LPKs,4,3,7,0.57
LPLB,14,11,25,0.56
LPLD,0,3,3,0.0
LPLK,1,0,1,1.0
LPLL,4,8,12,0.33
LPLM,16,14,30,0.53
LPLN,6,15,21,0.29
LPLP,17,18,35,0.49
LPLS,12,13,25,0.48
LPLb,21,14,35,0.6
LPLh,5,5,10,0.5
LPLj,2,9,11,0.18
LPLl,9,6,15,0.6
LPLm,14,10,24,0.58
LPLn,13,21,34,0.38
LPLs,10,14,24,0.42
LPLt,3,4,7,0.43
LPMB,16,31,47,0.34
LPMD,1,2,3,0.33
LPMH,1,1,2,0.5
LPML,11,8,19,0.58
LPMM,20,37,57,0.35
LPMN,28,18,46,0.61
LPMP,38,38,76,0.5
LPMS,9,16,25,0.36
LPMb,27,23,50,0.54
LPMh,20,29,49,0.41
LPMj,8,10,18,0.44
LPMl,16,14,30,0.53
LPMm,26,19,45,0.58
LPMn,41,39,80,0.51
LPMs,25,14,39,0.64
LPMt,2,1,3,0.67
LPNB,28,26,54,0.52
LPND,3,4,7,0.43
LPNH,3,6,9,0.33
LPNK,1,1,2,0.5
LPNL,9,16,25,0.36
LPNM,21,42,63,0.33
LPNN,28,38,66,0.42
LPNP,49,49,98,0.5
LPNS,22,23,45,0.49
LPNb,27,29,56,0.48
LPNh,7,15,22,0.32
LPNl,13,9,22,0.59
LPNm,36,32,68,0.53
LPNn,38,46,84,0.45
LPNs,20,19,39,0.51
LPNt,8,5,13,0.62
LPPB,26,42,68,0.38
LPPD,8,3,11,0.73
LPPH,3,8,11,0.27
LPPI,5,0,5,1.0
LPPK,6,4,10,0.6
LPPL,39,38,77,0.51
LPPM,41,56,97,0.42
LPPN,41,40,81,0.51
LPPP,85,79,164,0.52
LPPS,32,26,58,0.55
LPPb,44,48,92,0.48
LPPh,7,5,12,0.58
LPPl,30,26,56,0.54
LPPm,47,53,100,0.47
LPPn,25,43,68,0.37
LPPs,29,40,69,0.42
LPPt,6,2,8,0.75
LPSB,18,7,25,0.72
LPSD,2,2,4,0.5
LPSH,4,9,13,0.31
LPSI,0,1,1,0.0
LPSK,1,0,1,1.0
LPSL,13,9,22,0.59
LPSM,15,17,32,0.47
LPSN,14,18,32,0.44
LPSP,38,19,57,0.67
LPSS,19,26,45,0.42
LPSb,18,23,41,0.44
LPSh,10,11,21,0.48
LPSl,13,10,23,0.57
LPSm,19,13,32,0.59
LPSn,24,22,46,0.52
LPSs,19,14,33,0.58
LPSt,5,5,10,0.5
LPbB,27,34,61,0.44
LPbD,2,4,6,0.33
LPbH,9,9,18,0.5
LPbI,4,2,6,0.67
LPbJ,10,7,17,0.59
LPbK,0,5,5,0.0
LPbL,16,11,27,0.59
LPbM,30,34,64,0.47
LPbN,21,29,50,0.42
LPbP,49,38,87,0.56
LPbS,17,15,32,0.53
LPbb,34,33,67,0.51
LPbl,11,17,28,0.39
LPbm,20,21,41,0.49
LPbn,21,22,43,0.49
LPbs,12,19,31,0.39
LPhB,2,4,6,0.33
LPhH,1,3,4,0.25
LPhL,2,1,3,0.67
LPhM,1,3,4,0.25
LPhN,2,1,3,0.67
LPhP,2,2,4,0.5
LPhS,0,5,5,0.0
LPhb,3,6,9,0.33
LPhh,2,1,3,0.67
LPhl,2,2,4,0.5
LPhm,2,1,3,0.67
LPhn,2,5,7,0.29
LPhs,2,1,3,0.67
LPht,0,1,1,0.0
LPlB,15,11,26,0.58
LPlD,0,1,1,0.0
LPlH,17,16,33,0.52
LPlI,1,3,4,0.25
LPlJ,8,4,12,0.67
LPlL,15,10,25,0.6
LPlM,11,17,28,0.39
LPlN,10,21,31,0.32
LPlP,20,32,52,0.38
LPlS,9,12,21,0.43
LPlb,13,9,22,0.59
LPll,16,8,24,0.67
LPlm,18,9,27,0.67
LPln,9,11,20,0.45
LPls,15,11,26,0.58
LPmB,25,28,53,0.47
LPmD,7,4,11,0.64
LPmH,23,14,37,0.62
LPmI,1,2,3,0.33
LPmJ,6,7,13,0.46
LPmL,7,21,28,0.25
LPmM,30,28,58,0.52
LPmN,29,37,66,0.44
LPmP,33,38,71,0.46
LPmS,25,18,43,0.58
LPmb,22,24,46,0.48
LPml,12,13,25,0.48
LPmm,25,24,49,0.51
LPmn,19,21,40,0.48
LPms,11,14,25,0.44
LPnB,26,15,41,0.63
LPnD,2,2,4,0.5
LPnH,15,16,31,0.48
LPnI,4,2,6,0.67
LPnK,2,2,4,0.5
LPnL,13,21,34,0.38
LPnM,38,25,63,0.6
LPnN,31,31,62,0.5
LPnP,37,44,81,0.46
LPnS,19,15,34,0.56
LPnb,25,26,51,0.49
LPnh,3,3,6,0.5
LPnl,11,18,29,0.38
LPnm,32,25,57,0.56
LPnn,24,25,49,0.49
LPns,16,24,40,0.4
LPsB,13,19,32,0.41
LPsD,5,1,6,0.83
LPsH,13,12,25,0.52
LPsI,5,3,8,0.62
LPsL,7,9,16,0.44
LPsM,13,23,36,0.36
LPsN,17,22,39,0.44
LPsP,24,36,60,0.4
LPsS,22,22,44,0.5
LPsb,19,9,28,0.68
LPsh,1,1,2,0.5
LPsl,8,12,20,0.4
LPsm,16,20,36,0.44
LPsn,12,12,24,0.5
LPss,20,15,35,0.57
LPtB,3,2,5,0.6
LPtD,0,1,1,0.0
LPtH,1,2,3,0.33
LPtL,2,0,2,1.0
LPtM,4,1,5,0.8
LPtN,5,3,8,0.62
LPtP,5,6,11,0.45
LPtS,3,3,6,0.5
LPtb,3,4,7,0.43
LPtl,2,0,2,1.0
LPtm,0,5,5,0.0
LPtn,2,6,8,0.25
LPts,3,1,4,0.75
LPtt,1,0,1,1.0
LSBB,8,13,21,0.38
LSBD,1,0,1,1.0
LSBK,1,1,2,0.5
LSBL,5,3,8,0.62
LSBM,14,11,25,0.56
LSBN,11,16,27,0.41
LSBP,17,15,32,0.53
LSBS,7,3,10,0.7
LSBb,12,11,23,0.52
LSBh,0,2,2,0.0
LSBj,0,4,4,0.0
LSBl,4,6,10,0.4
LSBm,11,7,18,0.61
LSBn,12,11,23,0.52
LSBs,8,2,10,0.8
LSBt,1,2,3,0.33
LSDB,2,0,2,1.0
LSDD,0,1,1,0.0
LSDH,1,1,2,0.5
LSDL,0,2,2,0.0
LSDM,1,2,3,0.33
LSDN,3,3,6,0.5
LSDP,3,2,5,0.6
LSDS,0,2,2,0.0
LSDb,1,2,3,0.33
LSDl,0,2,2,0.0
LSDm,2,6,8,0.25
LSDn,4,3,7,0.57
LSDs,1,1,2,0.5
LSHB,1,3,4,0.25
LSHD,0,0,0,
LSHH,0,2,2,0.0
LSHL,1,4,5,0.2
LSHM,3,2,5,0.6
LSHN,3,9,12,0.25
LSHP,6,8,14,0.43
LSHS,6,1,7,0.86
LSHb,7,3,10,0.7
LSHh,2,2,4,0.5
LSHl,3,4,7,0.43
LSHm,1,4,5,0.2
LSHn,6,3,9,0.67
LSHs,7,3,10,0.7
LSID,0,0,0,
LSIP,1,0,1,1.0
LSIS,1,0,1,1.0
LSIm,1,0,1,1.0
LSIt,0,2,2,0.0
LSKL,0,2,2,0.0
LSKM,1,0,1,1.0
LSKN,0,2,2,0.0
LSKS,0,1,1,0.0
LSKl,2,1,3,0.67
LSKn,0,2,2,0.0
LSKs,2,1,3,0.67
LSLB,3,8,11,0.27
LSLD,1,0,1,1.0
LSLH,1,0,1,1.0
LSLK,0,1,1,0.0
LSLL,1,3,4,0.25
LSLM,5,7,12,0.42
LSLN,6,8,14,0.43
LSLP,10,2,12,0.83
LSLS,5,5,10,0.5
LSLb,12,8,20,0.6
LSLh,3,2,5,0.6
LSLj,1,0,1,1.0
LSLl,4,2,6,0.67
LSLm,9,11,20,0.45
LSLn,10,6,16,0.62
LSLs,5,3,8,0.62
LSLt,0,1,1,0.0
LSMB,15,11,26,0.58
LSML,8,3,11,0.73
LSMM,12,11,23,0.52
LSMN,15,10,25,0.6
LSMP,25,20,45,0.56
LSMS,9,7,16,0.56
LSMb,13,17,30,0.43
LSMh,7,13,20,0.35
LSMj,2,1,3,0.67
LSMl,8,9,17,0.47
LSMm,16,9,25,0.64
LSMn,10,11,21,0.48
LSMs,7,8,15,0.47
LSMt,3,2,5,0.6
LSNB,12,14,26,0.46
LSND,0,1,1,0.0
LSNH,4,5,9,0.44
LSNK,2,1,3,0.67
LSNL,2,5,7,0.29
LSNM,14,14,28,0.5
LSNN,16,21,37,0.43
LSNP,21,16,37,0.57
LSNS,9,10,19,0.47
LSNb,14,10,24,0.58
LSNh,1,3,4,0.25
LSNl,8,4,12,0.67
LSNm,16,10,26,0.62
LSNn,11,15,26,0.42
LSNs,4,4,8,0.5
LSNt,2,4,6,0.33
LSPB,10,14,24,0.42
LSPD,0,3,3,0.0
LSPH,5,10,15,0.33
LSPI,1,3,4,0.25
LSPK,1,3,4,0.25
LSPL,9,12,21,0.43
LSPM,23,28,51,0.45
LSPN,17,23,40,0.42
LSPP,29,30,59,0.49
LSPS,20,13,33,0.61
LSPb,17,18,35,0.49
LSPh,2,2,4,0.5
LSPl,9,15,24,0.38
LSPm,15,12,27,0.56
LSPn,28,21,49,0.57
LSPs,17,21,38,0.45
LSPt,4,2,6,0.67
LSSB,7,9,16,0.44
LSSD,2,1,3,0.67
LSSH,4,7,11,0.36
LSSI,1,0,1,1.0
LSSL,12,5,17,0.71
LSSM,11,18,29,0.38
LSSN,15,10,25,0.6
LSSP,17,17,34,0.5
LSSS,14,25,39,0.36
LSSb,16,14,30,0.53
LSSh,6,5,11,0.55
LSSl,8,6,14,0.57
LSSm,14,16,30,0.47
LSSn,15,13,28,0.54
LSSs,14,19,33,0.42
LSSt,3,2,5,0.6
LSbB,14,16,30,0.47
LSbD,0,1,1,0.0
LSbH,3,2,5,0.6
LSbI,3,1,4,0.75
LSbJ,5,4,9,0.56
LSbK,1,1,2,0.5
LSbL,3,5,8,0.38
LSbM,11,13,24,0.46
LSbN,18,8,26,0.69
LSbP,17,11,28,0.61
LSbS,8,5,13,0.62
LSbb,14,14,28,0.5
LSbl,11,5,16,0.69
LSbm,9,15,24,0.38
LSbn,7,12,19,0.37
LSbs,7,2,9,0.78
LShB,5,6,11,0.45
LShD,0,1,1,0.0
LShH,0,2,2,0.0
LShI,2,1,3,0.67
LShL,8,3,11,0.73
LShM,8,4,12,0.67
LShN,13,6,19,0.68
LShP,13,17,30,0.43
LShS,8,12,20,0.4
LShb,7,6,13,0.54
LShh,7,3,10,0.7
LShl,3,6,9,0.33
LShm,7,12,19,0.37
LShn,10,7,17,0.59
LShs,11,5,16,0.69
LSht,1,1,2,0.5
LSlB,7,8,15,0.47
LSlD,1,0,1,1.0
LSlH,3,2,5,0.6
LSlJ,2,2,4,0.5
LSlK,0,1,1,0.0
LSlL,5,5,10,0.5
LSlM,10,13,23,0.43
LSlN,12,15,27,0.44
LSlP,11,8,19,0.58
LSlS,7,8,15,0.47
LSlb,5,3,8,0.62
LSll,4,2,6,0.67
LSlm,7,4,11,0.64
LSln,6,5,11,0.55
LSls,4,6,10,0.4
LSmB,6,6,12,0.5
LSmD,5,0,5,1.0
LSmH,8,9,17,0.47
LSmI,4,0,4,1.0
LSmJ,1,3,4,0.25
LSmK,0,1,1,0.0
LSmL,7,7,14,0.5
LSmM,12,20,32,0.38
LSmN,19,16,35,0.54
LSmP,18,12,30,0.6
LSmS,7,10,17,0.41
LSmb,16,12,28,0.57
LSml,5,4,9,0.56
LSmm,17,12,29,0.59
LSmn,8,16,24,0.33
LSms,12,8,20,0.6
LSnB,9,14,23,0.39
LSnD,4,3,7,0.57
LSnH,4,6,10,0.4
LSnI,2,2,4,0.5
LSnK,2,0,2,1.0
LSnL,5,6,11,0.45
LSnM,7,10,17,0.41
LSnN,19,23,42,0.45
LSnP,30,27,57,0.53
LSnS,14,20,34,0.41
LSnb,9,12,21,0.43
LSnl,5,3,8,0.62
LSnm,17,20,37,0.46
LSnn,20,12,32,0.62
LSns,14,14,28,0.5
LSsB,9,7,16,0.56
LSsD,1,5,6,0.17
LSsH,13,8,21,0.62
LSsI,2,2,4,0.5
LSsL,5,3,8,0.62
LSsM,10,15,25,0.4
LSsN,19,9,28,0.68
LSsP,17,17,34,0.5
LSsS,19,25,44,0.43
LSsb,8,11,19,0.42
LSsh,0,4,4,0.0
LSsl,7,1,8,0.88
LSsm,21,14,35,0.6
LSsn,7,10,17,0.41
LSss,7,22,29,0.24
LSst,0,1,1,0.0
LStB,1,3,4,0.25
LStD,1,1,2,0.5
LStH,1,2,3,0.33
LStL,2,1,3,0.67
LStM,4,0,4,1.0
LStP,8,3,11,0.73
LStS,1,0,1,1.0
LStb,1,2,3,0.33
LSth,0,1,1,0.0
LStl,2,1,3,0.67
LStm,1,2,3,0.33
LStn,3,3,6,0.5
LSts,1,1,2,0.5
LbBB,20,19,39,0.51
LbBD,1,1,2,0.5
LbBH,0,1,1,0.0
LbBK,0,2,2,0.0
LbBL,8,4,12,0.67
LbBM,14,18,32,0.44
LbBN,24,25,49,0.49
LbBP,24,19,43,0.56
LbBS,10,12,22,0.45
LbBb,16,17,33,0.48
LbBh,5,3,8,0.62
LbBj,7,10,17,0.41
LbBl,6,5,11,0.55
LbBm,14,18,32,0.44
LbBn,25,32,57,0.44
LbBs,7,14,21,0.33
LbBt,4,2,6,0.67
LbDB,0,3,3,0.0
LbDD,0,2,2,0.0
LbDH,2,1,3,0.67
LbDL,1,0,1,1.0
LbDM,0,3,3,0.0
LbDN,1,2,3,0.33
LbDP,3,2,5,0.6
LbDS,0,0,0,
LbDb,2,1,3,0.67
LbDl,1,1,2,0.5
LbDm,1,3,4,0.25
LbDn,4,4,8,0.5
LbDs,1,1,2,0.5
LbDt,0,1,1,0.0
LbHB,7,5,12,0.58
LbHH,2,1,3,0.67
LbHI,0,0,0,
LbHK,0,1,1,0.0
LbHL,3,2,5,0.6
LbHM,4,4,8,0.5
LbHN,5,6,11,0.45
LbHP,3,13,16,0.19
LbHS,3,5,8,0.38
LbHb,4,5,9,0.44
LbHh,4,3,7,0.57
LbHl,2,1,3,0.67
LbHm,5,4,9,0.56
LbHn,5,9,14,0.36
LbHs,3,6,9,0.33
LbIB,3,0,3,1.0
LbID,0,0,0,
LbIH,1,1,2,0.5
LbII,0,1,1,0.0
LbIL,1,1,2,0.5
LbIM,0,3,3,0.0
LbIN,1,2,3,0.33
LbIP,6,2,8,0.75
LbIS,0,3,3,0.0
LbIb,3,3,6,0.5
LbIl,1,1,2,0.5
LbIm,0,1,1,0.0
LbIn,1,4,5,0.2
LbIs,0,0,0,
LbJB,5,4,9,0.56
LbJD,0,1,1,0.0
LbJH,3,3,6,0.5
LbJI,1,1,2,0.5
LbJK,0,1,1,0.0
LbJL,2,6,8,0.25
LbJM,7,5,12,0.58
LbJN,8,6,14,0.57
LbJP,8,12,20,0.4
LbJS,4,4,8,0.5
LbJb,5,7,12,0.42
LbJh,1,1,2,0.5
LbJl,1,4,5,0.2
LbJm,5,3,8,0.62
LbJn,9,2,11,0.82
LbJs,4,3,7,0.57
LbKB,2,2,4,0.5
LbKD,0,0,0,
LbKL,3,1,4,0.75
LbKM,1,5,6,0.17
LbKN,2,2,4,0.5
LbKP,3,2,5,0.6
LbKS,1,3,4,0.25
LbKb,4,4,8,0.5
LbKh,1,2,3,0.33
LbKl,2,0,2,1.0
LbKm,4,5,9,0.44
LbKn,0,2,2,0.0
LbKs,1,2,3,0.33
LbKt,1,0,1,1.0
LbLB,8,9,17,0.47
LbLD,0,1,1,0.0
LbLL,4,3,7,0.57
LbLM,8,6,14,0.57
LbLN,8,11,19,0.42
LbLP,8,8,16,0.5
LbLS,2,5,7,0.29
LbLb,10,5,15,0.67
LbLh,6,3,9,0.67
LbLj,1,1,2,0.5
LbLl,2,3,5,0.4
LbLm,8,9,17,0.47
LbLn,19,11,30,0.63
LbLs,3,3,6,0.5
LbLt,0,1,1,0.0
LbMB,16,16,32,0.5
LbMD,3,5,8,0.38
LbMK,0,0,0,
LbML,4,8,12,0.33
LbMM,13,11,24,0.54
LbMN,17,17,34,0.5
LbMP,26,34,60,0.43
LbMS,9,11,20,0.45
LbMb,16,22,38,0.42
LbMh,19,19,38,0.5
LbMj,8,8,16,0.5
LbMl,8,6,14,0.57
LbMm,25,15,40,0.62
LbMn,23,28,51,0.45
LbMs,18,8,26,0.69
LbMt,5,3,8,0.62
LbNB,28,29,57,0.49
LbND,0,2,2,0.0
LbNH,4,4,8,0.5
LbNK,1,0,1,1.0
LbNL,11,16,27,0.41
LbNM,18,16,34,0.53
LbNN,24,35,59,0.41
LbNP,45,39,84,0.54
LbNS,21,25,46,0.46
LbNb,26,22,48,0.54
LbNh,10,9,19,0.53
LbNl,11,12,23,0.48
LbNm,22,15,37,0.59
LbNn,39,40,79,0.49
LbNs,18,15,33,0.55
LbNt,4,9,13,0.31
LbPB,24,26,50,0.48
LbPD,3,2,5,0.6
LbPH,8,12,20,0.4
LbPI,3,1,4,0.75
LbPK,2,1,3,0.67
LbPL,15,16,31,0.48
LbPM,35,25,60,0.58
LbPN,37,36,73,0.51
LbPP,48,55,103,0.47
LbPS,24,12,36,0.67
LbPb,28,37,65,0.43
LbPh,6,3,9,0.67
LbPl,19,8,27,0.7
LbPm,22,28,50,0.44
LbPn,26,31,57,0.46
LbPs,16,16,32,0.5
LbPt,3,6,9,0.33
LbSB,7,8,15,0.47
LbSD,3,0,3,1.0
LbSH,4,2,6,0.67
LbSI,1,0,1,1.0
LbSL,6,7,13,0.46
LbSM,13,13,26,0.5
LbSN,15,14,29,0.52
LbSP,19,16,35,0.54
LbSS,10,14,24,0.42
LbSb,12,12,24,0.5
LbSh,12,5,17,0.71
LbSl,2,7,9,0.22
LbSm,16,5,21,0.76
LbSn,11,13,24,0.46
LbSs,14,14,28,0.5
LbSt,1,3,4,0.25
LbbB,25,22,47,0.53
LbbD,1,1,2,0.5
LbbH,8,5,13,0.62
LbbI,1,1,2,0.5
LbbJ,4,3,7,0.57
LbbK,1,2,3,0.33
LbbL,13,6,19,0.68
LbbM,20,26,46,0.43
LbbN,27,32,59,0.46
LbbP,30,36,66,0.45
LbbS,19,17,36,0.53
Lbbb,28,24,52,0.54
Lbbl,10,6,16,0.62
Lbbm,15,11,26,0.58
Lbbn,30,27,57,0.53
Lbbs,13,3,16,0.81
LblB,5,13,18,0.28
LblD,0,1,1,0.0
LblH,8,5,13,0.62
LblJ,4,2,6,0.67
LblL,6,4,10,0.6
LblM,10,12,22,0.45
LblN,20,16,36,0.56
LblP,9,12,21,0.43
LblS,11,7,18,0.61
Lblb,3,9,12,0.25
Lbll,2,1,3,0.67
Lblm,7,4,11,0.64
Lbln,6,8,14,0.43
Lbls,5,6,11,0.45
LbmB,14,20,34,0.41
LbmD,3,2,5,0.6
LbmH,10,11,21,0.48
LbmI,4,1,5,0.8
LbmJ,2,1,3,0.67
LbmL,5,3,8,0.62
LbmM,21,19,40,0.52
LbmN,18,16,34,0.53
LbmP,29,32,61,0.48
LbmS,8,8,16,0.5
Lbmb,21,16,37,0.57
Lbml,8,4,12,0.67
Lbmm,9,12,21,0.43
Lbmn,21,20,41,0.51
Lbms,11,8,19,0.58
LbnB,12,18,30,0.4
LbnD,4,2,6,0.67
LbnH,7,8,15,0.47
LbnI,1,2,3,0.33
LbnK,1,1,2,0.5
LbnL,12,6,18,0.67
LbnM,26,24,50,0.52
LbnN,31,26,57,0.54
LbnP,41,37,78,0.53
LbnS,17,14,31,0.55
Lbnb,25,20,45,0.56
Lbnh,3,1,4,0.75
Lbnl,8,8,16,0.5
Lbnm,25,12,37,0.68
Lbnn,25,25,50,0.5
Lbns,10,13,23,0.43
LbsB,3,11,14,0.21
LbsD,3,3,6,0.5
LbsH,10,14,24,0.42
LbsI,3,3,6,0.5
LbsL,5,6,11,0.45
LbsM,8,12,20,0.4
LbsN,13,16,29,0.45
LbsP,24,16,40,0.6
LbsS,19,12,31,0.61
Lbsb,10,13,23,0.43
Lbsh,0,3,3,0.0
Lbsl,6,4,10,0.6
Lbsm,4,9,13,0.31
Lbsn,8,9,17,0.47
Lbss,7,12,19,0.37
LhBB,7,8,15,0.47
LhBD,1,2,3,0.33
LhBL,1,2,3,0.33
LhBM,10,8,18,0.56
LhBN,5,5,10,0.5
LhBP,4,14,18,0.22
LhBS,6,4,10,0.6
LhBb,6,11,17,0.35
LhBh,0,1,1,0.0
LhBj,2,1,3,0.67
LhBl,2,5,7,0.29
LhBm,8,6,14,0.57
LhBn,10,10,20,0.5
LhBs,11,7,18,0.61
LhBt,2,1,3,0.67
LhDD,0,1,1,0.0
LhDM,3,2,5,0.6
LhDN,1,2,3,0.33
LhDP,1,2,3,0.33
LhDb,1,0,1,1.0
LhDl,1,0,1,1.0
LhDm,2,0,2,1.0
LhDn,1,2,3,0.33
LhDt,0,1,1,0.0
LhHB,1,0,1,1.0
LhHH,0,3,3,0.0
LhHI,1,0,1,1.0
LhHK,0,1,1,0.0
LhHM,2,2,4,0.5
LhHN,2,2,4,0.5
LhHP,3,0,3,1.0
LhHS,3,0,3,1.0
LhHb,3,0,3,1.0
LhHl,0,0,0,
LhHm,0,1,1,0.0
LhHn,3,4,7,0.43
LhHs,4,1,5,0.8
LhID,1,0,1,1.0
LhIL,0,1,1,0.0
LhIN,1,0,1,1.0
LhIP,1,0,1,1.0
LhIb,1,0,1,1.0
LhIl,1,1,2,0.5
LhIs,0,0,0,
LhKM,0,1,1,0.0
LhKS,0,1,1,0.0
LhKh,0,0,0,
LhKs,1,0,1,1.0
LhLB,1,1,2,0.5
LhLK,1,0,1,1.0
LhLL,1,3,4,0.25
LhLM,2,4,6,0.33
LhLN,5,3,8,0.62
LhLP,2,6,8,0.25
LhLS,6,2,8,0.75
LhLb,7,5,12,0.58
LhLh,4,3,7,0.57
LhLj,1,0,1,1.0
LhLl,1,1,2,0.5
LhLm,4,5,9,0.44
LhLn,6,4,10,0.6
LhLs,4,1,5,0.8
LhLt,0,1,1,0.0
LhMB,6,5,11,0.55
LhMD,2,1,3,0.67
LhMH,0,1,1,0.0
LhML,4,1,5,0.8
LhMM,11,18,29,0.38
LhMN,2,11,13,0.15
LhMP,15,16,31,0.48
LhMS,1,5,6,0.17
LhMb,6,10,16,0.38
LhMh,9,13,22,0.41
LhMj,5,0,5,1.0
LhMl,10,4,14,0.71
LhMm,6,6,12,0.5
LhMn,7,7,14,0.5
LhMs,5,8,13,0.38
LhMt,3,0,3,1.0
LhNB,10,7,17,0.59
LhND,0,0,0,
LhNH,5,2,7,0.71
LhNK,1,0,1,1.0
LhNL,4,4,8,0.5
LhNM,9,9,18,0.5
LhNN,10,9,19,0.53
LhNP,10,22,32,0.31
LhNS,5,8,13,0.38
LhNb,2,13,15,0.13
LhNh,1,3,4,0.25
LhNl,2,6,8,0.25
LhNm,9,6,15,0.6
LhNn,9,7,16,0.56
LhNs,4,14,18,0.22
LhNt,3,2,5,0.6
LhPB,9,12,21,0.43
LhPH,2,5,7,0.29
LhPI,0,1,1,0.0
LhPK,0,1,1,0.0
LhPL,10,7,17,0.59
LhPM,5,24,29,0.17
LhPN,14,10,24,0.58
LhPP,29,27,56,0.52
LhPS,8,12,20,0.4
LhPb,12,16,28,0.43
LhPh,2,1,3,0.67
LhPl,5,6,11,0.45
LhPm,10,10,20,0.5
LhPn,13,18,31,0.42
LhPs,9,10,19,0.47
LhPt,1,0,1,1.0
LhSB,7,5,12,0.58
LhSD,1,0,1,1.0
LhSH,2,1,3,0.67
LhSL,2,1,3,0.67
LhSM,3,4,7,0.43
LhSN,7,4,11,0.64
LhSP,8,6,14,0.57
LhSS,7,7,14,0.5
LhSb,7,3,10,0.7
LhSh,1,6,7,0.14
LhSl,2,3,5,0.4
LhSm,4,5,9,0.44
LhSn,10,6,16,0.62
LhSs,10,5,15,0.67
LhSt,2,0,2,1.0
LhbB,9,10,19,0.47
LhbD,2,1,3,0.67
LhbH,3,1,4,0.75
LhbI,0,0,0,
LhbJ,2,4,6,0.33
LhbK,0,0,0,
LhbL,3,5,8,0.38
LhbM,10,12,22,0.45
LhbN,12,10,22,0.55
LhbP,19,10,29,0.66
LhbS,9,12,21,0.43
Lhbb,10,11,21,0.48
Lhbl,10,2,12,0.83
Lhbm,7,7,14,0.5
Lhbn,5,12,17,0.29
Lhbs,9,3,12,0.75
LhhB,4,3,7,0.57
LhhH,1,2,3,0.33
LhhI,0,1,1,0.0
LhhL,2,6,8,0.25
LhhM,7,11,18,0.39
LhhN,10,9,19,0.53
LhhP,12,12,24,0.5
LhhS,10,11,21,0.48
Lhhb,6,7,13,0.46
Lhhh,6,7,13,0.46
Lhhl,2,2,4,0.5
Lhhm,16,6,22,0.73
Lhhn,5,9,14,0.36
Lhhs,7,7,14,0.5
Lhht,1,0,1,1.0
LhlB,4,6,10,0.4
LhlD,1,1,2,0.5
LhlH,4,2,6,0.67
LhlJ,2,1,3,0.67
LhlK,0,0,0,
LhlL,4,3,7,0.57
LhlM,3,2,5,0.6
LhlN,6,1,7,0.86
LhlP,7,5,12,0.58
LhlS,5,3,8,0.62
Lhlb,9,1,10,0.9
Lhll,3,0,3,1.0
Lhlm,5,1,6,0.83
Lhln,1,4,5,0.2
Lhls,5,3,8,0.62
LhmB,8,9,17,0.47
LhmD,0,1,1,0.0
LhmH,6,8,14,0.43
LhmJ,2,2,4,0.5
LhmK,0,0,0,
LhmL,1,8,9,0.11
LhmM,16,8,24,0.67
LhmN,10,9,19,0.53
LhmP,7,6,13,0.54
LhmS,7,7,14,0.5
Lhmb,10,7,17,0.59
Lhml,4,2,6,0.67
Lhmm,6,7,13,0.46
Lhmn,6,5,11,0.55
Lhms,6,2,8,0.75
LhnB,8,10,18,0.44
LhnD,1,0,1,1.0
LhnH,4,3,7,0.57
LhnI,2,2,4,0.5
LhnK,1,1,2,0.5
LhnL,6,3,9,0.67
LhnM,14,8,22,0.64
LhnN,18,11,29,0.62
LhnP,21,14,35,0.6
LhnS,4,13,17,0.24
Lhnb,6,11,17,0.35
Lhnl,8,3,11,0.73
Lhnm,7,6,13,0.54
Lhnn,8,18,26,0.31
Lhns,7,7,14,0.5
LhsB,4,7,11,0.36
LhsD,2,3,5,0.4
LhsH,9,6,15,0.6
LhsI,1,1,2,0.5
LhsK,1,0,1,1.0
LhsL,4,2,6,0.67
LhsM,7,4,11,0.64
LhsN,9,9,18,0.5
LhsP,15,12,27,0.56
LhsS,19,11,30,0.63
Lhsb,8,7,15,0.53
Lhsh,0,1,1,0.0
Lhsl,6,0,6,1.0
Lhsm,4,6,10,0.4
Lhsn,6,7,13,0.46
Lhss,7,1,8,0.88
LhtM,1,0,1,1.0
LhtN,0,3,3,0.0
LhtP,3,4,7,0.43
LhtS,1,1,2,0.5
Lhtb,4,3,7,0.57
Lhtl,1,0,1,1.0
Lhtm,0,1,1,0.0
Lhts,1,0,1,1.0
Lhtt,1,0,1,1.0
LjBB,2,4,6,0.33
LjBD,0,1,1,0.0
LjBK,0,1,1,0.0
LjBL,0,2,2,0.0
LjBM,5,8,13,0.38
LjBN,7,7,14,0.5
LjBP,8,4,12,0.67
LjBS,1,0,1,1.0
LjBb,4,5,9,0.44
LjBj,2,2,4,0.5
LjBl,3,4,7,0.43
LjBm,3,5,8,0.38
LjBn,6,6,12,0.5
LjBs,1,1,2,0.5
LjBt,1,2,3,0.33
LjDB,1,2,3,0.33
LjDH,0,1,1,0.0
LjDM,1,1,2,0.5
LjDP,1,0,1,1.0
LjDS,2,1,3,0.67
LjDm,1,0,1,1.0
LjDs,0,1,1,0.0
LjHB,4,0,4,1.0
LjHH,0,1,1,0.0
LjHI,0,1,1,0.0
LjHM,1,2,3,0.33
LjHN,0,1,1,0.0
LjHP,1,2,3,0.33
LjHS,3,2,5,0.6
LjHb,4,2,6,0.67
LjHh,1,1,2,0.5
LjHl,0,2,2,0.0
LjHm,0,3,3,0.0
LjHn,2,0,2,1.0
LjHs,0,0,0,
LjIL,1,1,2,0.5
LjIM,1,1,2,0.5
LjIP,0,1,1,0.0
LjIb,2,0,2,1.0
LjIm,0,0,0,
LjKB,0,0,0,
LjKL,0,1,1,0.0
LjKM,0,1,1,0.0
LjKP,2,0,2,1.0
LjKS,1,0,1,1.0
LjKh,0,0,0,
LjKl,0,1,1,0.0
LjKs,1,0,1,1.0
LjLB,3,7,10,0.3
LjLD,0,1,1,0.0
LjLL,5,4,9,0.56
LjLM,5,3,8,0.62
LjLN,6,3,9,0.67
LjLP,3,2,5,0.6
LjLS,5,1,6,0.83
LjLb,2,1,3,0.67
LjLh,0,1,1,0.0
LjLj,0,2,2,0.0
LjLl,2,2,4,0.5
LjLm,2,2,4,0.5
LjLn,1,8,9,0.11
LjLs,2,5,7,0.29
LjLt,0,0,0,
LjMB,2,7,9,0.22
LjMD,0,1,1,0.0
LjML,0,3,3,0.0
LjMM,3,4,7,0.43
LjMN,6,2,8,0.75
LjMP,8,8,16,0.5
LjMS,2,5,7,0.29
LjMb,4,8,12,0.33
LjMh,1,6,7,0.14
LjMj,2,2,4,0.5
LjMl,3,5,8,0.38
LjMm,3,5,8,0.38
LjMn,8,7,15,0.53
LjMs,4,4,8,0.5
LjMt,1,0,1,1.0
LjNB,6,3,9,0.67
LjND,1,0,1,1.0
LjNH,1,2,3,0.33
LjNK,1,0,1,1.0
LjNL,4,4,8,0.5
LjNM,2,7,9,0.22
LjNN,5,7,12,0.42
LjNP,15,7,22,0.68
LjNS,6,2,8,0.75
LjNb,11,4,15,0.73
LjNh,3,3,6,0.5
LjNl,4,5,9,0.44
LjNm,2,1,3,0.67
LjNn,9,7,16,0.56
LjNs,0,9,9,0.0
LjNt,0,1,1,0.0
LjPB,8,12,20,0.4
LjPD,1,2,3,0.33
LjPH,2,2,4,0.5
LjPK,1,2,3,0.33
LjPL,3,6,9,0.33
LjPM,9,8,17,0.53
LjPN,7,10,17,0.41
LjPP,18,16,34,0.53
LjPS,9,5,14,0.64
LjPb,13,9,22,0.59
LjPh,3,1,4,0.75
LjPl,6,7,13,0.46
LjPm,12,9,21,0.57
LjPn,6,7,13,0.46
LjPs,6,9,15,0.4
LjPt,1,1,2,0.5
LjSB,3,6,9,0.33
LjSD,1,1,2,0.5
LjSH,4,2,6,0.67
LjSL,3,3,6,0.5
LjSM,4,6,10,0.4
LjSN,4,3,7,0.57
LjSP,6,4,10,0.6
LjSS,5,3,8,0.62
LjSb,2,4,6,0.33
LjSh,5,2,7,0.71
LjSl,1,5,6,0.17
LjSm,5,4,9,0.56
LjSn,7,7,14,0.5
LjSs,3,2,5,0.6
LjSt,1,0,1,1.0
LjbB,5,7,12,0.42
LjbH,1,0,1,1.0
LjbI,2,1,3,0.67
LjbJ,1,2,3,0.33
LjbK,0,0,0,
LjbL,5,2,7,0.71
LjbM,10,7,17,0.59
LjbN,3,7,10,0.3
LjbP,12,11,23,0.52
LjbS,5,1,6,0.83
Ljbb,5,4,9,0.56
Ljbl,4,3,7,0.57
Ljbm,6,11,17,0.35
Ljbn,3,2,5,0.6
Ljbs,3,0,3,1.0
LjhB,1,1,2,0.5
LjhH,1,0,1,1.0
LjhI,0,0,0,
LjhL,0,2,2,0.0
LjhM,3,0,3,1.0
LjhN,1,1,2,0.5
LjhP,2,2,4,0.5
LjhS,2,0,2,1.0
Ljhb,0,3,3,0.0
Ljhh,2,1,3,0.67
Ljhl,0,1,1,0.0
Ljhm,1,1,2,0.5
Ljhn,2,1,3,0.67
Ljhs,2,0,2,1.0
LjlB,1,0,1,1.0
LjlH,3,1,4,0.75
LjlJ,2,1,3,0.67
LjlL,2,2,4,0.5
LjlM,2,4,6,0.33
LjlN,2,3,5,0.4
LjlP,4,4,8,0.5
LjlS,6,4,10,0.6
Ljlb,2,2,4,0.5
Ljll,2,1,3,0.67
Ljlm,2,1,3,0.67
Ljln,1,2,3,0.33
Ljls,2,0,2,1.0
LjmB,4,5,9,0.44
LjmD,2,4,6,0.33
LjmH,6,3,9,0.67
LjmI,2,1,3,0.67
LjmJ,0,1,1,0.0
LjmK,0,0,0,
LjmL,7,4,11,0.64
LjmM,3,11,14,0.21
LjmN,7,10,17,0.41
LjmP,4,6,10,0.4
LjmS,7,6,13,0.54
Ljmb,6,7,13,0.46
Ljml,2,3,5,0.4
Ljmm,9,7,16,0.56
Ljmn,4,4,8,0.5
Ljms,3,5,8,0.38
LjnB,4,8,12,0.33
LjnD,0,0,0,
LjnH,5,1,6,0.83
LjnI,1,0,1,1.0
LjnL,2,3,5,0.4
LjnM,5,4,9,0.56
LjnN,9,12,21,0.43
LjnP,11,9,20,0.55
LjnS,4,6,10,0.4
Ljnb,5,4,9,0.56
Ljnl,4,7,11,0.36
Ljnm,7,3,10,0.7
Ljnn,8,9,17,0.47
Ljns,1,3,4,0.25
LjsB,1,3,4,0.25
LjsD,0,1,1,0.0
LjsH,1,2,3,0.33
LjsK,0,1,1,0.0
LjsL,1,3,4,0.25
LjsM,5,3,8,0.62
LjsN,4,3,7,0.57
LjsP,6,7,13,0.46
LjsS,3,2,5,0.6
Ljsb,4,9,13,0.31
Ljsh,2,1,3,0.67
Ljsl,2,3,5,0.4
Ljsm,5,5,10,0.5
Ljsn,2,1,3,0.67
Ljss,2,4,6,0.33
LjtB,1,2,3,0.33
LjtH,0,3,3,0.0
LjtN,0,2,2,0.0
LjtS,1,0,1,1.0
Ljtb,2,1,3,0.67
Ljtm,0,1,1,0.0
Ljts,1,0,1,1.0
LlBB,9,10,19,0.47
LlBD,0,1,1,0.0
LlBL,1,5,6,0.17
LlBM,4,8,12,0.33
LlBN,10,17,27,0.37
LlBP,14,13,27,0.52
LlBS,4,5,9,0.44
LlBb,9,11,20,0.45
LlBh,1,1,2,0.5
LlBj,0,0,0,
LlBl,4,2,6,0.67
LlBm,7,4,11,0.64
LlBn,9,11,20,0.45
LlBs,1,3,4,0.25
LlBt,2,0,2,1.0
LlDB,1,1,2,0.5
LlDH,3,1,4,0.75
LlDI,0,1,1,0.0
LlDL,0,1,1,0.0
LlDM,0,0,0,
LlDN,1,3,4,0.25
LlDP,0,1,1,0.0
LlDb,1,0,1,1.0
LlDn,0,2,2,0.0
LlHB,7,6,13,0.54
LlHD,2,0,2,1.0
LlHH,0,0,0,
LlHI,0,1,1,0.0
LlHK,0,0,0,
LlHL,3,3,6,0.5
LlHM,9,10,19,0.47
LlHN,13,12,25,0.52
LlHP,10,12,22,0.45
LlHS,5,6,11,0.45
LlHb,5,12,17,0.29
LlHh,1,9,10,0.1
LlHl,5,2,7,0.71
LlHm,3,7,10,0.3
LlHn,7,10,17,0.41
LlHs,4,4,8,0.5
LlHt,0,0,0,
LlIB,0,3,3,0.0
LlIH,1,1,2,0.5
LlIL,0,0,0,
LlIM,1,3,4,0.25
LlIP,1,3,4,0.25
LlIS,1,2,3,0.33
LlIb,1,1,2,0.5
LlIm,0,1,1,0.0
LlJB,4,1,5,0.8
LlJD,1,1,2,0.5
LlJH,2,0,2,1.0
LlJI,0,1,1,0.0
LlJL,3,1,4,0.75
LlJM,6,2,8,0.75
LlJN,2,2,4,0.5
LlJP,6,7,13,0.46
LlJS,0,5,5,0.0
LlJb,2,5,7,0.29
LlJl,2,1,3,0.67
LlJm,9,2,11,0.82
LlJn,2,0,2,1.0
LlJs,2,2,4,0.5
LlKB,0,0,0,
LlKL,0,1,1,0.0
LlKM,1,0,1,1.0
LlKN,0,1,1,0.0
LlKP,2,2,4,0.5
LlKb,1,0,1,1.0
LlKh,0,0,0,
LlKm,0,1,1,0.0
LlKs,0,0,0,
LlLB,3,4,7,0.43
LlLL,0,1,1,0.0
LlLM,4,3,7,0.57
LlLN,6,4,10,0.6
LlLP,5,6,11,0.45
LlLS,3,3,6,0.5
LlLb,6,4,10,0.6
LlLh,5,3,8,0.62
LlLj,2,2,4,0.5
LlLl,6,3,9,0.67
LlLm,4,4,8,0.5
LlLn,9,8,17,0.53
LlLs,5,2,7,0.71
LlLt,1,0,1,1.0
LlMB,6,10,16,0.38
LlMD,0,0,0,
LlMK,0,1,1,0.0
LlML,7,3,10,0.7
LlMM,14,9,23,0.61
LlMN,6,16,22,0.27
LlMP,9,12,21,0.43
LlMS,7,4,11,0.64
LlMb,12,10,22,0.55
LlMh,8,16,24,0.33
LlMj,4,3,7,0.57
LlMl,4,4,8,0.5
LlMm,8,8,16,0.5
LlMn,10,20,30,0.33
LlMs,10,7,17,0.59
LlMt,1,0,1,1.0
LlNB,12,8,20,0.6
LlND,1,2,3,0.33
LlNH,4,3,7,0.57
LlNK,0,0,0,
LlNL,7,5,12,0.58
LlNM,10,19,29,0.34
LlNN,19,6,25,0.76
LlNP,14,31,45,0.31
LlNS,9,12,21,0.43
LlNb,10,7,17,0.59
LlNh,4,5,9,0.44
LlNl,7,8,15,0.47
LlNm,17,5,22,0.77
LlNn,15,21,36,0.42
LlNs,7,10,17,0.41
LlNt,6,3,9,0.67
LlPB,12,13,25,0.48
LlPD,1,0,1,1.0
LlPH,5,2,7,0.71
LlPI,2,0,2,1.0
LlPK,2,1,3,0.67
LlPL,4,7,11,0.36
LlPM,9,11,20,0.45
LlPN,14,25,39,0.36
LlPP,21,23,44,0.48
LlPS,7,11,18,0.39
LlPb,5,18,23,0.22
LlPh,0,1,1,0.0
LlPl,7,5,12,0.58
LlPm,13,11,24,0.54
LlPn,15,7,22,0.68
LlPs,11,8,19,0.58
LlPt,5,3,8,0.62
LlSB,4,6,10,0.4
LlSD,1,0,1,1.0
LlSH,3,3,6,0.5
LlSI,0,1,1,0.0
LlSL,4,4,8,0.5
LlSM,10,5,15,0.67
LlSN,10,7,17,0.59
LlSP,12,12,24,0.5
LlSS,6,6,12,0.5
LlSb,9,3,12,0.75
LlSh,5,5,10,0.5
LlSl,4,3,7,0.57
LlSm,10,8,18,0.56
LlSn,15,7,22,0.68
LlSs,12,13,25,0.48
LlSt,3,0,3,1.0
LlbB,5,10,15,0.33
LlbH,4,4,8,0.5
LlbI,1,1,2,0.5
LlbJ,0,2,2,0.0
LlbK,0,1,1,0.0
LlbL,7,4,11,0.64
LlbM,9,7,16,0.56
LlbN,21,10,31,0.68
LlbP,16,15,31,0.52
LlbS,1,3,4,0.25
Llbb,14,11,25,0.56
Llbl,9,6,15,0.6
Llbm,8,9,17,0.47
Llbn,12,18,30,0.4
Llbs,6,2,8,0.75
LllB,4,1,5,0.8
LllD,2,0,2,1.0
LllH,3,3,6,0.5
LllL,5,3,8,0.62
LllM,2,3,5,0.4
LllN,5,3,8,0.62
LllP,4,7,11,0.36
LllS,4,2,6,0.67
Lllb,8,4,12,0.67
Llll,6,3,9,0.67
Lllm,2,4,6,0.33
Llln,4,4,8,0.5
Llls,3,3,6,0.5
LlmB,9,7,16,0.56
LlmD,1,0,1,1.0
LlmH,5,12,17,0.29
LlmI,0,1,1,0.0
LlmJ,4,3,7,0.57
LlmL,0,2,2,0.0
LlmM,9,12,21,0.43
LlmN,8,17,25,0.32
LlmP,15,10,25,0.6
LlmS,3,8,11,0.27
Llmb,10,4,14,0.71
Llml,3,4,7,0.43
Llmm,11,6,17,0.65
Llmn,10,5,15,0.67
Llms,2,1,3,0.67
LlnB,4,10,14,0.29
LlnD,6,4,10,0.6
LlnH,3,9,12,0.25
LlnI,1,3,4,0.25
LlnK,0,1,1,0.0
LlnL,1,7,8,0.12
LlnM,10,13,23,0.43
LlnN,14,8,22,0.64
LlnP,22,17,39,0.56
LlnS,8,8,16,0.5
Llnb,11,9,20,0.55
Llnl,7,5,12,0.58
Llnm,8,9,17,0.47
Llnn,9,5,14,0.64
Llns,6,3,9,0.67
LlsB,6,5,11,0.55
LlsD,2,2,4,0.5
LlsH,7,5,12,0.58
LlsI,1,2,3,0.33
LlsK,0,0,0,
LlsL,4,1,5,0.8
LlsM,8,11,19,0.42
LlsN,5,12,17,0.29
LlsP,7,11,18,0.39
LlsS,9,6,15,0.6
Llsb,0,6,6,0.0
Llsh,1,0,1,1.0
Llsl,4,8,12,0.33
Llsm,19,6,25,0.76
Llsn,3,7,10,0.3
Llss,7,7,14,0.5
Llst,0,1,1,0.0
LmBB,18,19,37,0.49
LmBD,3,1,4,0.75
LmBH,0,0,0,
LmBK,2,2,4,0.5
LmBL,9,7,16,0.56
LmBM,16,11,27,0.59
LmBN,18,24,42,0.43
LmBP,22,16,38,0.58
LmBS,13,15,28,0.46
LmBb,19,10,29,0.66
LmBh,4,5,9,0.44
LmBj,5,5,10,0.5
LmBl,3,3,6,0.5
LmBm,33,12,45,0.73
LmBn,23,29,52,0.44
LmBs,12,10,22,0.55
LmBt,5,4,9,0.56
LmDB,4,1,5,0.8
LmDD,2,0,2,1.0
LmDH,0,2,2,0.0
LmDL,1,2,3,0.33
LmDM,5,7,12,0.42
LmDN,4,2,6,0.67
LmDP,6,6,12,0.5
LmDS,2,3,5,0.4
LmDb,4,2,6,0.67
LmDl,2,2,4,0.5
LmDm,5,6,11,0.45
LmDn,5,5,10,0.5
LmDs,3,1,4,0.75
LmHB,6,13,19,0.32
LmHD,2,0,2,1.0
LmHH,0,3,3,0.0
LmHI,0,2,2,0.0
LmHK,1,0,1,1.0
LmHL,2,6,8,0.25
LmHM,15,20,35,0.43
LmHN,18,20,38,0.47
LmHP,33,26,59,0.56
LmHS,8,5,13,0.62
LmHb,14,8,22,0.64
LmHh,12,11,23,0.52
LmHl,8,4,12,0.67
LmHm,20,12,32,0.62
LmHn,11,21,32,0.34
LmHs,15,9,24,0.62
LmHt,2,1,3,0.67
LmIB,2,2,4,0.5
LmID,0,1,1,0.0
LmIH,2,3,5,0.4
LmII,1,1,2,0.5
LmIL,1,0,1,1.0
LmIM,0,2,2,0.0
LmIN,1,3,4,0.25
LmIP,1,1,2,0.5
LmIb,5,4,9,0.56
LmIm,3,1,4,0.75
LmIn,1,3,4,0.25
LmJB,2,3,5,0.4
LmJD,0,2,2,0.0
LmJH,0,2,2,0.0
LmJI,0,2,2,0.0
LmJL,1,4,5,0.2
LmJM,2,6,8,0.25
LmJN,4,2,6,0.67
LmJP,9,4,13,0.69
LmJS,6,4,10,0.6
LmJb,5,5,10,0.5
LmJl,3,1,4,0.75
LmJm,5,5,10,0.5
LmJn,5,5,10,0.5
LmJs,4,3,7,0.57
LmJt,1,0,1,1.0
LmKM,2,0,2,1.0
LmKN,0,1,1,0.0
LmKP,0,1,1,0.0
LmKb,0,1,1,0.0
LmKl,0,0,0,
LmKn,2,0,2,1.0
LmLB,14,5,19,0.74
LmLD,2,1,3,0.67
LmLL,1,1,2,0.5
LmLM,6,5,11,0.55
LmLN,9,11,20,0.45
LmLP,9,8,17,0.53
LmLS,3,9,12,0.25
LmLb,5,3,8,0.62
LmLh,5,3,8,0.62
LmLj,4,3,7,0.57
LmLl,7,4,11,0.64
LmLm,6,8,14,0.43
LmLn,14,9,23,0.61
LmLs,3,7,10,0.3
LmLt,3,3,6,0.5
LmMB,19,20,39,0.49
LmMD,2,4,6,0.33
LmMK,1,0,1,1.0
LmML,3,4,7,0.43
LmMM,18,27,45,0.4
LmMN,18,26,44,0.41
LmMP,29,34,63,0.46
LmMS,12,14,26,0.46
LmMb,19,18,37,0.51
LmMh,15,13,28,0.54
LmMj,9,5,14,0.64
LmMl,5,10,15,0.33
LmMm,31,22,53,0.58
LmMn,38,30,68,0.56
LmMs,14,10,24,0.58
LmMt,4,5,9,0.44
LmNB,17,17,34,0.5
LmND,6,0,6,1.0
LmNH,5,5,10,0.5
LmNK,0,3,3,0.0
LmNL,8,2,10,0.8
LmNM,17,15,32,0.53
LmNN,30,36,66,0.45
LmNP,25,38,63,0.4
LmNS,24,15,39,0.62
LmNb,14,18,32,0.44
LmNh,5,2,7,0.71
LmNl,5,7,12,0.42
LmNm,20,12,32,0.62
LmNn,49,34,83,0.59
LmNs,14,25,39,0.36
LmNt,8,2,10,0.8
LmPB,22,17,39,0.56
LmPD,3,3,6,0.5
LmPH,14,4,18,0.78
LmPI,0,0,0,
LmPK,3,6,9,0.33
LmPL,22,13,35,0.63
LmPM,19,28,47,0.4
LmPN,31,28,59,0.53
LmPP,48,52,100,0.48
LmPS,18,18,36,0.5
LmPb,29,22,51,0.57
LmPh,5,2,7,0.71
LmPl,13,9,22,0.59
LmPm,28,23,51,0.55
LmPn,24,28,52,0.46
LmPs,18,27,45,0.4
LmPt,0,2,2,0.0
LmSB,11,13,24,0.46
LmSD,2,2,4,0.5
LmSH,2,3,5,0.4
LmSL,2,6,8,0.25
LmSM,14,16,30,0.47
LmSN,13,17,30,0.43
LmSP,23,24,47,0.49
LmSS,9,12,21,0.43
LmSb,17,11,28,0.61
LmSh,4,9,13,0.31
LmSl,7,8,15,0.47
LmSm,10,11,21,0.48
LmSn,18,23,41,0.44
LmSs,22,26,48,0.46
LmSt,5,3,8,0.62
LmbB,7,24,31,0.23
LmbD,0,3,3,0.0
LmbH,9,3,12,0.75
LmbI,1,3,4,0.25
LmbJ,7,3,10,0.7
LmbK,0,2,2,0.0
LmbL,13,9,22,0.59
LmbM,23,23,46,0.5
LmbN,19,23,42,0.45
LmbP,27,24,51,0.53
LmbS,11,9,20,0.55
Lmbb,26,19,45,0.58
Lmbl,4,7,11,0.36
Lmbm,23,15,38,0.61
Lmbn,22,20,42,0.52
Lmbs,8,11,19,0.42
Lmhh,0,1,1,0.0
Lmhm,1,0,1,1.0
Lmhn,0,0,0,
LmlB,5,8,13,0.38
LmlD,1,1,2,0.5
LmlH,2,4,6,0.33
LmlI,0,1,1,0.0
LmlJ,4,1,5,0.8
LmlK,1,0,1,1.0
LmlL,3,5,8,0.38
LmlM,5,4,9,0.56
LmlN,11,3,14,0.79
LmlP,11,5,16,0.69
LmlS,11,3,14,0.79
Lmlb,9,8,17,0.53
Lmll,3,2,5,0.6
Lmlm,7,7,14,0.5
Lmln,7,7,14,0.5
Lmls,4,2,6,0.67
LmmB,16,10,26,0.62
LmmD,5,2,7,0.71
LmmH,17,10,27,0.63
LmmI,0,2,2,0.0
LmmJ,2,3,5,0.4
LmmK,0,0,0,
LmmL,10,6,16,0.62
LmmM,12,17,29,0.41
LmmN,21,14,35,0.6
LmmP,32,24,56,0.57
LmmS,9,13,22,0.41
Lmmb,18,18,36,0.5
Lmml,2,6,8,0.25
Lmmm,18,14,32,0.56
Lmmn,20,19,39,0.51
Lmms,7,8,15,0.47
Lmmt,1,0,1,1.0
LmnB,19,20,39,0.49
LmnD,4,1,5,0.8
LmnH,12,13,25,0.48
LmnI,2,0,2,1.0
LmnK,2,0,2,1.0
LmnL,12,10,22,0.55
LmnM,20,18,38,0.53
LmnN,36,38,74,0.49
LmnP,34,29,63,0.54
LmnS,13,21,34,0.38
Lmnb,25,17,42,0.6
Lmnl,5,4,9,0.56
Lmnm,21,13,34,0.62
Lmnn,24,22,46,0.52
Lmns,12,23,35,0.34
LmsB,7,6,13,0.54
LmsD,1,3,4,0.25
LmsH,9,8,17,0.53
LmsI,2,3,5,0.4
LmsK,1,0,1,1.0
LmsL,4,4,8,0.5
LmsM,7,10,17,0.41
LmsN,14,13,27,0.52
LmsP,20,13,33,0.61
LmsS,8,12,20,0.4
Lmsb,14,13,27,0.52
Lmsl,3,5,8,0.38
Lmsm,13,12,25,0.52
Lmsn,11,17,28,0.39
Lmss,9,8,17,0.53
LnBB,18,23,41,0.44
LnBD,2,1,3,0.67
LnBK,2,3,5,0.4
LnBL,8,8,16,0.5
LnBM,15,27,42,0.36
LnBN,27,24,51,0.53
LnBP,30,34,64,0.47
LnBS,9,5,14,0.64
LnBb,17,24,41,0.41
LnBh,3,2,5,0.6
LnBj,1,5,6,0.17
LnBl,10,8,18,0.56
LnBm,22,12,34,0.65
LnBn,33,33,66,0.5
LnBs,12,14,26,0.46
LnBt,3,4,7,0.43
LnDB,3,2,5,0.6
LnDD,0,1,1,0.0
LnDH,0,4,4,0.0
LnDI,1,0,1,1.0
LnDL,2,5,7,0.29
LnDM,8,2,10,0.8
LnDN,1,5,6,0.17
LnDP,3,7,10,0.3
LnDS,4,2,6,0.67
LnDb,3,5,8,0.38
LnDl,2,2,4,0.5
LnDm,2,4,6,0.33
LnDn,6,3,9,0.67
LnDs,2,3,5,0.4
LnHB,8,5,13,0.62
LnHD,0,2,2,0.0
LnHH,1,3,4,0.25
LnHK,3,1,4,0.75
LnHL,4,4,8,0.5
LnHM,14,19,33,0.42
LnHN,19,21,40,0.48
LnHP,22,10,32,0.69
LnHS,10,13,23,0.43
LnHb,13,10,23,0.57
LnHh,4,0,4,1.0
LnHl,11,8,19,0.58
LnHm,22,18,40,0.55
LnHn,24,22,46,0.52
LnHs,11,9,20,0.55
LnHt,1,2,3,0.33
LnIB,6,1,7,0.86
LnID,1,1,2,0.5
LnIH,3,3,6,0.5
LnIL,1,0,1,1.0
LnIM,5,3,8,0.62
LnIN,3,4,7,0.43
LnIP,9,7,16,0.56
LnIS,3,3,6,0.5
LnIb,3,5,8,0.38
LnIl,2,1,3,0.67
LnIm,4,1,5,0.8
LnIn,5,4,9,0.56
LnIs,1,3,4,0.25
LnIt,0,0,0,
LnKB,2,0,2,1.0
LnKD,2,1,3,0.67
LnKH,0,1,1,0.0
LnKI,0,1,1,0.0
LnKK,0,1,1,0.0
LnKL,2,1,3,0.67
LnKM,1,6,7,0.14
LnKN,2,0,2,1.0
LnKP,4,3,7,0.57
LnKS,4,1,5,0.8
LnKb,0,2,2,0.0
LnKh,1,1,2,0.5
LnKl,3,0,3,1.0
LnKm,4,0,4,1.0
LnKn,0,1,1,0.0
LnKs,3,3,6,0.5
LnKt,1,0,1,1.0
LnLB,4,9,13,0.31
LnLD,1,0,1,1.0
LnLK,0,1,1,0.0
LnLL,2,5,7,0.29
LnLM,6,10,16,0.38
LnLN,12,14,26,0.46
LnLP,17,16,33,0.52
LnLS,1,6,7,0.14
LnLb,10,10,20,0.5
LnLh,3,3,6,0.5
LnLj,8,5,13,0.62
LnLl,10,4,14,0.71
LnLm,10,9,19,0.53
LnLn,16,16,32,0.5
LnLs,12,6,18,0.67
LnLt,1,3,4,0.25
LnMB,28,32,60,0.47
LnMD,3,2,5,0.6
LnML,9,7,16,0.56
LnMM,19,25,44,0.43
LnMN,26,30,56,0.46
LnMP,44,34,78,0.56
LnMS,14,17,31,0.45
LnMb,24,30,54,0.44
LnMh,22,17,39,0.56
LnMj,8,4,12,0.67
LnMl,14,7,21,0.67
LnMm,24,25,49,0.49
LnMn,38,44,82,0.46
LnMs,18,17,35,0.51
LnMt,4,5,9,0.44
LnNB,35,25,60,0.58
LnND,3,5,8,0.38
LnNH,3,4,7,0.43
LnNK,2,0,2,1.0
LnNL,12,17,29,0.41
LnNM,31,35,66,0.47
LnNN,54,53,107,0.5
LnNP,49,62,111,0.44
LnNS,27,28,55,0.49
LnNb,29,30,59,0.49
LnNh,15,16,31,0.48
LnNl,15,17,32,0.47
LnNm,33,31,64,0.52
LnNn,39,53,92,0.42
LnNs,27,27,54,0.5
LnNt,8,5,13,0.62
LnPB,34,41,75,0.45
LnPD,4,4,8,0.5
LnPH,13,15,28,0.46
LnPI,3,2,5,0.6
LnPK,6,3,9,0.67
LnPL,22,19,41,0.54
LnPM,45,48,93,0.48
LnPN,59,53,112,0.53
LnPP,56,61,117,0.48
LnPS,42,32,74,0.57
LnPb,43,27,70,0.61
LnPh,4,5,9,0.44
LnPl,17,25,42,0.4
LnPm,41,35,76,0.54
LnPn,66,39,105,0.63
LnPs,32,31,63,0.51
LnPt,3,7,10,0.3
LnSB,12,19,31,0.39
LnSD,2,2,4,0.5
LnSH,3,8,11,0.27
LnSI,1,0,1,1.0
LnSK,1,1,2,0.5
LnSL,9,6,15,0.6
LnSM,22,21,43,0.51
LnSN,28,28,56,0.5
LnSP,29,25,54,0.54
LnSS,27,25,52,0.52
LnSb,20,28,48,0.42
LnSh,13,15,28,0.46
LnSl,6,7,13,0.46
LnSm,23,25,48,0.48
LnSn,21,33,54,0.39
LnSs,21,17,38,0.55
LnSt,6,5,11,0.55
LnbB,20,23,43,0.47
LnbD,3,2,5,0.6
LnbH,3,11,14,0.21
LnbI,2,5,7,0.29
LnbJ,8,9,17,0.47
LnbK,1,3,4,0.25
LnbL,10,12,22,0.45
LnbM,15,30,45,0.33
LnbN,36,29,65,0.55
LnbP,25,32,57,0.44
LnbS,12,16,28,0.43
Lnbb,28,28,56,0.5
Lnbl,10,8,18,0.56
Lnbm,29,16,45,0.64
Lnbn,38,23,61,0.62
Lnbs,13,13,26,0.5
LnhB,1,2,3,0.33
LnhD,1,0,1,1.0
LnhL,2,0,2,1.0
LnhM,1,2,3,0.33
LnhN,1,0,1,1.0
LnhP,1,1,2,0.5
LnhS,1,0,1,1.0
Lnhb,0,3,3,0.0
Lnhh,2,3,5,0.4
Lnhl,1,1,2,0.5
Lnhm,2,2,4,0.5
Lnhn,4,3,7,0.57
Lnhs,3,2,5,0.6
LnlB,9,11,20,0.45
LnlD,2,1,3,0.67
LnlH,11,14,25,0.44
LnlI,0,1,1,0.0
LnlJ,3,2,5,0.6
LnlK,0,2,2,0.0
LnlL,2,2,4,0.5
LnlM,11,14,25,0.44
LnlN,27,17,44,0.61
LnlP,12,12,24,0.5
LnlS,7,5,12,0.58
Lnlb,10,11,21,0.48
Lnll,5,8,13,0.38
Lnlm,16,5,21,0.76
Lnln,20,21,41,0.49
Lnls,1,7,8,0.12
LnmB,20,20,40,0.5
LnmD,5,1,6,0.83
LnmH,21,26,47,0.45
LnmI,3,2,5,0.6
LnmJ,5,9,14,0.36
LnmK,0,1,1,0.0
LnmL,9,11,20,0.45
LnmM,25,27,52,0.48
LnmN,34,34,68,0.5
LnmP,29,35,64,0.45
LnmS,16,13,29,0.55
Lnmb,17,24,41,0.41
Lnml,6,5,11,0.55
Lnmm,29,23,52,0.56
Lnmn,18,23,41,0.44
Lnms,11,10,21,0.52
LnnB,21,23,44,0.48
LnnD,7,5,12,0.58
LnnH,17,15,32,0.53
LnnI,3,4,7,0.43
LnnK,7,1,8,0.88
LnnL,11,13,24,0.46
LnnM,33,34,67,0.49
LnnN,55,52,107,0.51
LnnP,51,51,102,0.5
LnnS,34,37,71,0.48
Lnnb,24,22,46,0.52
Lnnh,2,3,5,0.4
Lnnl,18,10,28,0.64
Lnnm,23,25,48,0.48
Lnnn,51,38,89,0.57
Lnns,24,15,39,0.62
LnsB,9,11,20,0.45
LnsD,6,4,10,0.6
LnsH,18,21,39,0.46
LnsI,5,4,9,0.56
LnsL,3,6,9,0.33
LnsM,28,21,49,0.57
LnsN,21,16,37,0.57
LnsP,24,24,48,0.5
LnsS,27,27,54,0.5
Lnsb,21,11,32,0.66
Lnsh,1,1,2,0.5
Lnsl,8,6,14,0.57
Lnsm,26,29,55,0.47
Lnsn,20,21,41,0.49
Lnss,21,18,39,0.54
Lntm,1,0,1,1.0
LsBB,8,8,16,0.5
LsBD,1,5,6,0.17
LsBL,3,0,3,1.0
LsBM,6,12,18,0.33
LsBN,6,12,18,0.33
LsBP,12,13,25,0.48
LsBS,6,7,13,0.46
LsBb,16,4,20,0.8
LsBh,2,1,3,0.67
LsBj,2,3,5,0.4
LsBl,0,7,7,0.0
LsBm,13,4,17,0.76
LsBn,14,19,33,0.42
LsBs,4,7,11,0.36
LsBt,3,0,3,1.0
LsDB,2,2,4,0.5
LsDD,2,1,3,0.67
LsDH,1,0,1,1.0
LsDI,0,1,1,0.0
LsDL,0,2,2,0.0
LsDM,2,0,2,1.0
LsDN,2,2,4,0.5
LsDP,4,7,11,0.36
LsDS,6,1,7,0.86
LsDb,1,1,2,0.5
LsDl,0,2,2,0.0
LsDm,4,5,9,0.44
LsDn,3,2,5,0.6
LsDs,3,1,4,0.75
LsHB,5,8,13,0.38
LsHD,2,2,4,0.5
LsHH,3,0,3,1.0
LsHI,2,1,3,0.67
LsHK,1,0,1,1.0
LsHL,6,4,10,0.6
LsHM,11,18,29,0.38
LsHN,13,19,32,0.41
LsHP,17,16,33,0.52
LsHS,3,18,21,0.14
LsHb,14,8,22,0.64
LsHh,8,7,15,0.53
LsHl,6,6,12,0.5
LsHm,5,7,12,0.42
LsHn,13,14,27,0.48
LsHs,11,17,28,0.39
LsHt,2,1,3,0.67
LsIB,1,2,3,0.33
LsID,1,1,2,0.5
LsIH,2,1,3,0.67
LsII,1,0,1,1.0
LsIK,0,0,0,
LsIL,2,0,2,1.0
LsIM,4,4,8,0.5
LsIN,5,3,8,0.62
LsIP,3,1,4,0.75
LsIS,3,0,3,1.0
LsIb,3,1,4,0.75
LsIl,1,0,1,1.0
LsIm,1,0,1,1.0
LsIn,3,0,3,1.0
LsIs,1,0,1,1.0
LsKL,1,0,1,1.0
LsKN,1,1,2,0.5
LsKS,0,1,1,0.0
LsKb,1,0,1,1.0
LsKn,0,0,0,
LsKs,0,2,2,0.0
LsLB,8,7,15,0.53
LsLD,0,2,2,0.0
LsLK,0,1,1,0.0
LsLL,4,1,5,0.8
LsLM,6,5,11,0.55
LsLN,5,4,9,0.56
LsLP,7,5,12,0.58
LsLS,6,8,14,0.43
LsLb,4,6,10,0.4
LsLh,2,1,3,0.67
LsLj,3,1,4,0.75
LsLl,3,6,9,0.33
LsLm,5,6,11,0.45
LsLn,6,9,15,0.4
LsLs,4,5,9,0.44
LsMB,17,16,33,0.52
LsMD,2,0,2,1.0
LsMH,1,0,1,1.0
LsMK,0,1,1,0.0
LsML,5,3,8,0.62
LsMM,10,14,24,0.42
LsMN,10,12,22,0.45
LsMP,15,18,33,0.45
LsMS,7,11,18,0.39
LsMb,14,17,31,0.45
LsMh,10,11,21,0.48
LsMj,4,3,7,0.57
LsMl,11,5,16,0.69
LsMm,8,20,28,0.29
LsMn,17,15,32,0.53
LsMs,16,8,24,0.67
LsMt,4,0,4,1.0
LsNB,5,8,13,0.38
LsND,4,4,8,0.5
LsNH,2,1,3,0.67
LsNK,0,1,1,0.0
LsNL,12,5,17,0.71
LsNM,9,13,22,0.41
LsNN,19,13,32,0.59
LsNP,24,23,47,0.51
LsNS,14,10,24,0.58
LsNb,15,6,21,0.71
LsNh,2,2,4,0.5
LsNl,6,5,11,0.55
LsNm,11,19,30,0.37
LsNn,21,21,42,0.5
LsNs,10,12,22,0.45
LsNt,2,5,7,0.29
LsPB,16,13,29,0.55
LsPD,0,4,4,0.0
LsPH,7,10,17,0.41
LsPI,1,1,2,0.5
LsPK,1,0,1,1.0
LsPL,10,5,15,0.67
LsPM,15,21,36,0.42
LsPN,21,22,43,0.49
LsPP,29,36,65,0.45
LsPS,17,18,35,0.49
LsPb,17,16,33,0.52
LsPh,3,3,6,0.5
LsPl,12,13,25,0.48
LsPm,20,20,40,0.5
LsPn,22,20,42,0.52
LsPs,16,12,28,0.57
LsPt,1,1,2,0.5
LsSB,6,6,12,0.5
LsSD,4,2,6,0.67
LsSH,6,0,6,1.0
LsSI,1,0,1,1.0
LsSK,1,0,1,1.0
LsSL,6,11,17,0.35
LsSM,11,12,23,0.48
LsSN,9,13,22,0.41
LsSP,21,20,41,0.51
LsSS,18,23,41,0.44
LsSb,14,12,26,0.54
LsSh,12,12,24,0.5
LsSl,5,7,12,0.42
LsSm,16,6,22,0.73
LsSn,14,12,26,0.54
LsSs,22,13,35,0.63
LsSt,2,1,3,0.67
LsbB,15,12,27,0.56
LsbD,1,1,2,0.5
LsbH,6,3,9,0.67
LsbI,0,1,1,0.0
LsbJ,5,1,6,0.83
LsbK,1,1,2,0.5
LsbL,6,4,10,0.6
LsbM,10,10,20,0.5
LsbN,16,11,27,0.59
LsbP,19,15,34,0.56
LsbS,7,7,14,0.5
Lsbb,15,11,26,0.58
Lsbl,6,5,11,0.55
Lsbm,7,2,9,0.78
Lsbn,11,15,26,0.42
Lsbs,7,5,12,0.58
LshB,1,0,1,1.0
LshK,0,0,0,
LshN,0,1,1,0.0
LshP,1,0,1,1.0
Lshh,0,2,2,0.0
Lshl,0,0,0,
Lshm,1,1,2,0.5
Lshn,2,1,3,0.67
Lshs,2,1,3,0.67
LslB,8,4,12,0.67
LslH,5,7,12,0.42
LslI,0,1,1,0.0
LslJ,4,0,4,1.0
LslL,4,4,8,0.5
LslM,6,5,11,0.55
LslN,7,11,18,0.39
LslP,5,8,13,0.38
LslS,3,5,8,0.38
Lslb,5,4,9,0.56
Lsll,3,4,7,0.43
Lslm,7,6,13,0.54
Lsln,6,4,10,0.6
Lsls,6,6,12,0.5
LsmB,12,11,23,0.52
LsmD,4,4,8,0.5
LsmH,8,7,15,0.53
LsmI,2,0,2,1.0
LsmJ,5,1,6,0.83
LsmL,5,6,11,0.45
LsmM,17,13,30,0.57
LsmN,21,16,37,0.57
LsmP,17,11,28,0.61
LsmS,10,12,22,0.45
Lsmb,12,9,21,0.57
Lsml,6,3,9,0.67
Lsmm,9,11,20,0.45
Lsmn,7,14,21,0.33
Lsms,12,6,18,0.67
LsnB,4,9,13,0.31
LsnD,1,6,7,0.14
LsnH,4,8,12,0.33
LsnI,1,2,3,0.33
LsnK,1,1,2,0.5
LsnL,4,7,11,0.36
LsnM,10,13,23,0.43
LsnN,9,17,26,0.35
LsnP,17,22,39,0.44
LsnS,7,18,25,0.28
Lsnb,17,14,31,0.55
Lsnh,1,0,1,1.0
Lsnl,3,6,9,0.33
Lsnm,11,14,25,0.44
Lsnn,17,14,31,0.55
Lsns,11,7,18,0.61
LssB,7,4,11,0.64
LssD,2,1,3,0.67
LssH,7,13,20,0.35
LssI,0,0,0,
LssK,0,0,0,
LssL,7,4,11,0.64
LssM,9,8,17,0.53
LssN,8,16,24,0.33
LssP,14,14,28,0.5
LssS,9,13,22,0.41
Lssb,9,14,23,0.39
Lssl,7,3,10,0.7
Lssm,11,12,23,0.48
Lssn,6,11,17,0.35
Lsss,10,12,22,0.45
LstB,0,1,1,0.0
LstP,1,0,1,1.0
LstS,0,1,1,0.0
LtBB,2,1,3,0.67
LtBD,0,1,1,0.0
LtBK,1,0,1,1.0
LtBL,2,2,4,0.5
LtBM,1,2,3,0.33
LtBN,5,3,8,0.62
LtBP,1,1,2,0.5
LtBS,1,3,4,0.25
LtBb,4,2,6,0.67
LtBh,1,0,1,1.0
LtBj,0,1,1,0.0
LtBl,0,1,1,0.0
LtBm,3,1,4,0.75
LtBn,7,2,9,0.78
LtBs,3,1,4,0.75
LtBt,0,1,1,0.0
LtDB,2,0,2,1.0
LtDH,0,0,0,
LtDI,0,1,1,0.0
LtDM,0,1,1,0.0
LtDP,0,2,2,0.0
LtDm,1,1,2,0.5
LtDn,1,0,1,1.0
LtDs,1,0,1,1.0
LtHB,1,6,7,0.14
LtHD,2,0,2,1.0
LtHI,1,0,1,1.0
LtHL,1,2,3,0.33
LtHM,1,0,1,1.0
LtHN,4,4,8,0.5
LtHP,1,4,5,0.2
LtHS,1,2,3,0.33
LtHb,2,0,2,1.0
LtHh,1,0,1,1.0
LtHl,3,1,4,0.75
LtHm,2,1,3,0.67
LtHn,4,2,6,0.67
LtHs,1,1,2,0.5
LtID,0,0,0,
LtIb,1,0,1,1.0
LtIl,0,0,0,
LtKB,0,1,1,0.0
LtKM,0,0,0,
LtKm,0,1,1,0.0
LtKs,1,0,1,1.0
LtLB,1,1,2,0.5
LtLK,1,0,1,1.0
LtLL,2,0,2,1.0
LtLM,1,4,5,0.2
LtLN,0,2,2,0.0
LtLP,2,1,3,0.67
LtLS,0,1,1,0.0
LtLb,1,1,2,0.5
LtLh,2,1,3,0.67
LtLl,0,1,1,0.0
LtLm,0,0,0,
LtLn,4,1,5,0.8
LtLs,1,0,1,1.0
LtLt,0,1,1,0.0
LtMB,4,3,7,0.57
LtML,2,1,3,0.67
LtMM,4,5,9,0.44
LtMN,3,0,3,1.0
LtMP,8,8,16,0.5
LtMS,5,0,5,1.0
LtMb,3,1,4,0.75
LtMh,6,4,10,0.6
LtMj,1,0,1,1.0
LtMl,1,2,3,0.33
LtMm,3,3,6,0.5
LtMn,5,6,11,0.45
LtMs,0,2,2,0.0
LtMt,0,1,1,0.0
LtNB,0,1,1,0.0
LtNH,2,0,2,1.0
LtNI,0,0,0,
LtNL,4,3,7,0.57
LtNM,2,1,3,0.67
LtNN,6,1,7,0.86
LtNP,9,5,14,0.64
LtNS,3,5,8,0.38
LtNb,2,2,4,0.5
LtNh,1,0,1,1.0
LtNl,3,0,3,1.0
LtNm,2,5,7,0.29
LtNn,6,9,15,0.4
LtNs,2,1,3,0.67
LtNt,0,1,1,0.0
LtPB,3,4,7,0.43
LtPD,0,1,1,0.0
LtPH,2,4,6,0.33
LtPI,0,1,1,0.0
LtPK,0,0,0,
LtPL,2,0,2,1.0
LtPM,7,7,14,0.5
LtPN,2,10,12,0.17
LtPP,13,6,19,0.68
LtPS,0,2,2,0.0
LtPb,5,5,10,0.5
LtPh,0,1,1,0.0
LtPl,3,6,9,0.33
LtPm,6,5,11,0.55
LtPn,10,3,13,0.77
LtPs,6,5,11,0.55
LtSB,1,0,1,1.0
LtSD,0,1,1,0.0
LtSL,1,0,1,1.0
LtSM,3,5,8,0.38
LtSN,0,2,2,0.0
LtSP,5,1,6,0.83
LtSS,1,2,3,0.33
LtSb,0,1,1,0.0
LtSh,2,2,4,0.5
LtSl,1,1,2,0.5
LtSm,3,4,7,0.43
LtSn,1,5,6,0.17
LtSs,3,2,5,0.6
LtSt,0,0,0,
LtbB,6,0,6,1.0
LtbD,1,0,1,1.0
LtbH,4,0,4,1.0
LtbI,1,0,1,1.0
LtbJ,1,0,1,1.0
LtbL,1,1,2,0.5
LtbM,4,3,7,0.57
LtbN,2,2,4,0.5
LtbP,5,6,11,0.45
LtbS,2,1,3,0.67
Ltbb,2,5,7,0.29
Ltbl,3,4,7,0.43
Ltbm,3,0,3,1.0
Ltbn,2,7,9,0.22
Ltbs,2,3,5,0.4
LthP,2,0,2,1.0
LtlB,1,2,3,0.33
LtlD,0,1,1,0.0
LtlH,1,0,1,1.0
LtlI,1,1,2,0.5
LtlJ,1,1,2,0.5
LtlK,1,0,1,1.0
LtlL,0,1,1,0.0
LtlM,0,1,1,0.0
LtlN,4,1,5,0.8
LtlP,5,1,6,0.83
Ltlb,1,2,3,0.33
Ltll,4,0,4,1.0
Ltlm,3,0,3,1.0
Ltln,1,1,2,0.5
Ltls,1,1,2,0.5
LtmB,3,2,5,0.6
LtmD,2,1,3,0.67
LtmH,2,1,3,0.67
LtmK,0,1,1,0.0
LtmL,3,1,4,0.75
LtmM,6,3,9,0.67
LtmN,8,2,10,0.8
LtmP,8,5,13,0.62
LtmS,0,3,3,0.0
Ltmb,5,3,8,0.62
Ltml,1,0,1,1.0
Ltmm,7,3,10,0.7
Ltmn,4,1,5,0.8
Ltms,0,2,2,0.0
LtnB,3,3,6,0.5
LtnH,0,2,2,0.0
LtnK,1,0,1,1.0
LtnL,2,1,3,0.67
LtnM,6,4,10,0.6
LtnN,10,3,13,0.77
LtnP,7,3,10,0.7
LtnS,3,5,8,0.38
Ltnb,4,4,8,0.5
Ltnl,5,2,7,0.71
Ltnm,5,2,7,0.71
Ltnn,2,4,6,0.33
Ltns,3,2,5,0.6
LtsB,0,0,0,
LtsD,0,1,1,0.0
LtsH,2,2,4,0.5
LtsI,0,1,1,0.0
LtsL,0,1,1,0.0
LtsM,4,2,6,0.67
LtsN,2,4,6,0.33
LtsP,6,3,9,0.67
LtsS,1,0,1,1.0
Ltsb,3,3,6,0.5
Ltsl,3,0,3,1.0
Ltsm,4,2,6,0.67
Ltsn,3,0,3,1.0
Ltss,2,2,4,0.5
LttL,1,1,2,0.5
LttN,0,1,1,0.0
LttS,0,1,1,0.0
Lttb,2,0,2,1.0
Lttl,0,1,1,0.0
Lttn,1,1,2,0.5
Ltts,2,1,3,0.67
MBBB,58,78,136,0.43
MBBD,6,7,13,0.46
MBBH,3,0,3,1.0
MBBK,2,5,7,0.29
MBBL,9,18,27,0.33
MBBM,40,64,104,0.38
MBBN,62,65,127,0.49
MBBP,90,70,160,0.56
MBBS,24,15,39,0.62
MBBb,55,72,127,0.43
MBBh,6,5,11,0.55
MBBj,16,17,33,0.48
MBBl,13,22,35,0.37
MBBm,45,53,98,0.46
MBBn,75,76,151,0.5
MBBs,21,25,46,0.46
MBBt,2,7,9,0.22
MBDB,7,9,16,0.44
MBDD,1,2,3,0.33
MBDH,7,7,14,0.5
MBDI,0,1,1,0.0
MBDL,1,3,4,0.25
MBDM,6,7,13,0.46
MBDN,4,8,12,0.33
MBDP,9,4,13,0.69
MBDS,2,6,8,0.25
MBDb,4,5,9,0.44
MBDh,0,1,1,0.0
MBDl,3,5,8,0.38
MBDm,14,4,18,0.78
MBDn,5,7,12,0.42
MBDs,6,7,13,0.46
MBHB,0,1,1,0.0
MBHI,0,1,1,0.0
MBHL,0,0,0,
MBHM,2,0,2,1.0
MBHP,0,1,1,0.0
MBHS,0,1,1,0.0
MBHb,2,1,3,0.67
MBHs,1,1,2,0.5
MBIN,0,1,1,0.0
MBKB,1,2,3,0.33
MBKD,1,0,1,1.0
MBKH,1,0,1,1.0
MBKI,1,1,2,0.5
MBKL,2,1,3,0.67
MBKM,4,7,11,0.36
MBKN,4,5,9,0.44
MBKP,7,4,11,0.64
MBKS,3,4,7,0.43
MBKb,5,4,9,0.56
MBKh,3,3,6,0.5
MBKl,3,2,5,0.6
MBKm,6,3,9,0.67
MBKn,1,6,7,0.14
MBKs,4,5,9,0.44
MBLB,9,18,27,0.33
MBLD,0,2,2,0.0
MBLH,1,1,2,0.5
MBLK,1,1,2,0.5
MBLL,0,8,8,0.0
MBLM,7,12,19,0.37
MBLN,12,22,34,0.35
MBLP,30,18,48,0.62
MBLS,8,6,14,0.57
MBLb,22,19,41,0.54
MBLh,6,6,12,0.5
MBLj,8,6,14,0.57
MBLl,8,7,15,0.53
MBLm,14,11,25,0.56
MBLn,17,23,40,0.42
MBLs,11,8,19,0.58
MBLt,0,4,4,0.0
MBMB,45,47,92,0.49
MBMD,7,3,10,0.7
MBMH,0,0,0,
MBMK,1,0,1,1.0
MBML,9,5,14,0.64
MBMM,39,39,78,0.5
MBMN,55,53,108,0.51
MBMP,63,73,136,0.46
MBMS,24,28,52,0.46
MBMb,60,59,119,0.5
MBMh,36,37,73,0.49
MBMj,7,6,13,0.54
MBMl,17,16,33,0.52
MBMm,49,45,94,0.52
MBMn,76,46,122,0.62
MBMs,17,19,36,0.47
MBMt,9,7,16,0.56
MBNB,46,60,106,0.43
MBND,4,6,10,0.4
MBNH,5,9,14,0.36
MBNI,1,1,2,0.5
MBNK,3,7,10,0.3
MBNL,17,14,31,0.55
MBNM,38,60,98,0.39
MBNN,81,77,158,0.51
MBNP,103,98,201,0.51
MBNS,28,34,62,0.45
MBNb,57,54,111,0.51
MBNh,14,18,32,0.44
MBNl,17,19,36,0.47
MBNm,55,66,121,0.45
MBNn,83,97,180,0.46
MBNs,29,43,72,0.4
MBNt,7,9,16,0.44
MBPB,61,67,128,0.48
MBPD,7,12,19,0.37
MBPH,21,23,44,0.48
MBPI,4,5,9,0.44
MBPK,12,11,23,0.52
MBPL,31,30,61,0.51
MBPM,51,68,119,0.43
MBPN,70,83,153,0.46
MBPP,118,111,229,0.52
MBPS,43,42,85,0.51
MBPb,73,60,133,0.55
MBPh,6,12,18,0.33
MBPl,27,37,64,0.42
MBPm,78,64,142,0.55
MBPn,84,78,162,0.52
MBPs,39,41,80,0.49
MBPt,5,1,6,0.83
MBSB,20,20,40,0.5
MBSD,6,2,8,0.75
MBSH,8,4,12,0.67
MBSI,2,0,2,1.0
MBSL,8,8,16,0.5
MBSM,21,22,43,0.49
MBSN,14,19,33,0.42
MBSP,38,34,72,0.53
MBSS,22,22,44,0.5
MBSb,23,20,43,0.53
MBSh,13,14,27,0.48
MBSl,9,6,15,0.6
MBSm,28,23,51,0.55
MBSn,33,22,55,0.6
MBSs,24,23,47,0.51
MBSt,4,3,7,0.57
MBbB,57,53,110,0.52
MBbD,5,6,11,0.45
MBbH,25,20,45,0.56
MBbI,9,4,13,0.69
MBbJ,20,19,39,0.51
MBbK,5,6,11,0.45
MBbL,14,20,34,0.41
MBbM,38,74,112,0.34
MBbN,72,82,154,0.47
MBbP,66,78,144,0.46
MBbS,21,36,57,0.37
MBbb,60,62,122,0.49
MBbh,1,0,1,1.0
MBbl,22,17,39,0.56
MBbm,58,52,110,0.53
MBbn,67,79,146,0.46
MBbs,25,21,46,0.54
MBhB,3,1,4,0.75
MBhD,1,0,1,1.0
MBhL,1,2,3,0.33
MBhM,1,8,9,0.11
MBhN,6,6,12,0.5
MBhP,3,4,7,0.43
MBhS,2,5,7,0.29
MBhb,5,8,13,0.38
MBhh,8,2,10,0.8
MBhl,3,3,6,0.5
MBhm,3,5,8,0.38
MBhn,6,12,18,0.33
MBhs,6,2,8,0.75
MBjB,15,10,25,0.6
MBjD,2,1,3,0.67
MBjH,3,6,9,0.33
MBjI,1,3,4,0.25
MBjK,1,0,1,1.0
MBjL,5,5,10,0.5
MBjM,9,16,25,0.36
MBjN,14,13,27,0.52
MBjP,25,24,49,0.51
MBjS,5,15,20,0.25
MBjb,28,13,41,0.68
MBjh,2,3,5,0.4
MBjl,6,5,11,0.55
MBjm,11,11,22,0.5
MBjn,19,18,37,0.51
MBjs,10,7,17,0.59
MBjt,2,2,4,0.5
MBlB,23,15,38,0.61
MBlD,5,2,7,0.71
MBlH,8,17,25,0.32
MBlJ,4,6,10,0.4
MBlK,1,2,3,0.33
MBlL,4,6,10,0.4
MBlM,17,17,34,0.5
MBlN,20,17,37,0.54
MBlP,21,24,45,0.47
MBlS,11,13,24,0.46
MBlb,19,22,41,0.46
MBll,3,17,20,0.15
MBlm,20,20,40,0.5
MBln,19,22,41,0.46
MBls,15,13,28,0.54
MBmB,48,38,86,0.56
MBmD,12,8,20,0.6
MBmH,32,47,79,0.41
MBmI,2,3,5,0.4
MBmJ,12,14,26,0.46
MBmL,13,7,20,0.65
MBmM,54,56,110,0.49
MBmN,65,70,135,0.48
MBmP,67,52,119,0.56
MBmS,21,29,50,0.42
MBmb,48,33,81,0.59
MBml,17,14,31,0.55
MBmm,39,47,86,0.45
MBmn,52,53,105,0.5
MBms,25,27,52,0.48
MBnB,59,53,112,0.53
MBnD,9,8,17,0.53
MBnH,34,36,70,0.49
MBnI,8,18,26,0.31
MBnK,9,10,19,0.47
MBnL,19,19,38,0.5
MBnM,60,83,143,0.42
MBnN,86,100,186,0.46
MBnP,112,112,224,0.5
MBnS,46,54,100,0.46
MBnb,72,73,145,0.5
MBnh,5,8,13,0.38
MBnl,23,20,43,0.53
MBnm,72,47,119,0.61
MBnn,106,80,186,0.57
MBns,46,31,77,0.6
MBsB,13,15,28,0.46
MBsD,2,7,9,0.22
MBsH,16,17,33,0.48
MBsI,4,2,6,0.67
MBsL,4,3,7,0.57
MBsM,23,16,39,0.59
MBsN,21,21,42,0.5
MBsP,32,28,60,0.53
MBsS,25,16,41,0.61
MBsb,23,14,37,0.62
MBsh,1,1,2,0.5
MBsl,5,7,12,0.42
MBsm,13,22,35,0.37
MBsn,23,23,46,0.5
MBss,17,16,33,0.52
MBtB,7,7,14,0.5
MBtD,1,0,1,1.0
MBtH,7,6,13,0.54
MBtI,1,0,1,1.0
MBtK,0,1,1,0.0
MBtL,2,2,4,0.5
MBtM,8,2,10,0.8
MBtN,8,6,14,0.57
MBtP,12,11,23,0.52
MBtS,2,8,10,0.2
MBtb,9,10,19,0.47
MBtl,5,1,6,0.83
MBtm,12,3,15,0.8
MBtn,11,5,16,0.69
MBts,4,2,6,0.67
MBtt,0,1,1,0.0
MDBB,6,6,12,0.5
MDBD,2,0,2,1.0
MDBK,0,3,3,0.0
MDBL,2,3,5,0.4
MDBM,6,5,11,0.55
MDBN,11,5,16,0.69
MDBP,7,9,16,0.44
MDBS,5,2,7,0.71
MDBb,10,6,16,0.62
MDBh,1,0,1,1.0
MDBj,1,1,2,0.5
MDBl,1,3,4,0.25
MDBm,11,8,19,0.58
MDBn,7,7,14,0.5
MDBs,7,1,8,0.88
MDBt,0,1,1,0.0
MDDB,2,2,4,0.5
MDDD,5,2,7,0.71
MDDH,5,5,10,0.5
MDDL,2,0,2,1.0
MDDM,3,4,7,0.43
MDDN,1,3,4,0.25
MDDP,7,4,11,0.64
MDDS,2,5,7,0.29
MDDb,3,2,5,0.6
MDDh,0,1,1,0.0
MDDl,1,0,1,1.0
MDDm,4,6,10,0.4
MDDn,1,2,3,0.33
MDDs,1,1,2,0.5
MDDt,1,1,2,0.5
MDHB,4,0,4,1.0
MDHD,4,2,6,0.67
MDHH,1,0,1,1.0
MDHI,1,1,2,0.5
MDHK,0,1,1,0.0
MDHL,3,2,5,0.6
MDHM,5,6,11,0.45
MDHN,5,5,10,0.5
MDHP,12,14,26,0.46
MDHS,2,5,7,0.29
MDHb,3,5,8,0.38
MDHh,5,3,8,0.62
MDHl,2,0,2,1.0
MDHm,12,4,16,0.75
MDHn,4,5,9,0.44
MDHs,3,3,6,0.5
MDHt,0,1,1,0.0
MDID,1,0,1,1.0
MDIH,0,0,0,
MDII,1,0,1,1.0
MDIN,1,0,1,1.0
MDIP,0,1,1,0.0
MDIS,0,1,1,0.0
MDIb,1,0,1,1.0
MDIm,1,1,2,0.5
MDIn,2,0,2,1.0
MDKb,1,0,1,1.0
MDLB,6,6,12,0.5
MDLD,1,1,2,0.5
MDLK,1,0,1,1.0
MDLM,2,4,6,0.33
MDLN,0,1,1,0.0
MDLP,4,2,6,0.67
MDLS,3,2,5,0.6
MDLb,2,2,4,0.5
MDLh,0,1,1,0.0
MDLj,0,0,0,
MDLl,0,2,2,0.0
MDLm,1,3,4,0.25
MDLn,0,3,3,0.0
MDLs,1,0,1,1.0
MDLt,0,1,1,0.0
MDMB,6,8,14,0.43
MDMD,4,5,9,0.44
MDML,3,1,4,0.75
MDMM,7,14,21,0.33
MDMN,7,10,17,0.41
MDMP,10,15,25,0.4
MDMS,5,10,15,0.33
MDMb,7,5,12,0.58
MDMh,7,13,20,0.35
MDMj,1,2,3,0.33
MDMl,2,5,7,0.29
MDMm,15,14,29,0.52
MDMn,12,18,30,0.4
MDMs,6,9,15,0.4
MDMt,0,1,1,0.0
MDNB,3,8,11,0.27
MDND,1,5,6,0.17
MDNH,1,2,3,0.33
MDNI,1,0,1,1.0
MDNK,0,1,1,0.0
MDNL,2,4,6,0.33
MDNM,8,7,15,0.53
MDNN,10,8,18,0.56
MDNP,3,5,8,0.38
MDNS,5,8,13,0.38
MDNb,8,5,13,0.62
MDNh,4,1,5,0.8
MDNl,2,1,3,0.67
MDNm,3,3,6,0.5
MDNn,6,14,20,0.3
MDNs,3,6,9,0.33
MDNt,0,5,5,0.0
MDPB,6,11,17,0.35
MDPD,3,2,5,0.6
MDPH,3,0,3,1.0
MDPI,0,2,2,0.0
MDPK,2,1,3,0.67
MDPL,5,6,11,0.45
MDPM,11,10,21,0.52
MDPN,12,9,21,0.57
MDPP,12,19,31,0.39
MDPS,9,6,15,0.6
MDPb,4,4,8,0.5
MDPh,1,1,2,0.5
MDPl,1,6,7,0.14
MDPm,15,6,21,0.71
MDPn,6,10,16,0.38
MDPs,9,6,15,0.6
MDPt,2,2,4,0.5
MDSB,4,8,12,0.33
MDSD,1,4,5,0.2
MDSH,0,4,4,0.0
MDSI,1,0,1,1.0
MDSL,2,2,4,0.5
MDSM,9,7,16,0.56
MDSN,7,8,15,0.47
MDSP,11,8,19,0.58
MDSS,12,5,17,0.71
MDSb,7,3,10,0.7
MDSh,3,4,7,0.43
MDSl,3,1,4,0.75
MDSm,8,7,15,0.53
MDSn,7,12,19,0.37
MDSs,9,12,21,0.43
MDSt,2,0,2,1.0
MDbB,6,2,8,0.75
MDbD,1,1,2,0.5
MDbH,1,1,2,0.5
MDbI,2,0,2,1.0
MDbJ,2,3,5,0.4
MDbK,0,1,1,0.0
MDbL,1,2,3,0.33
MDbM,3,9,12,0.25
MDbN,14,10,24,0.58
MDbP,7,5,12,0.58
MDbS,5,4,9,0.56
MDbb,5,4,9,0.56
MDbl,4,2,6,0.67
MDbm,9,9,18,0.5
MDbn,11,7,18,0.61
MDbs,2,7,9,0.22
MDhL,0,1,1,0.0
MDhP,1,0,1,1.0
MDhS,2,0,2,1.0
MDhh,0,1,1,0.0
MDhn,0,2,2,0.0
MDhs,1,0,1,1.0
MDlB,3,1,4,0.75
MDlD,0,1,1,0.0
MDlH,1,4,5,0.2
MDlI,1,0,1,1.0
MDlJ,1,1,2,0.5
MDlK,0,1,1,0.0
MDlL,3,0,3,1.0
MDlM,6,2,8,0.75
MDlN,4,2,6,0.67
MDlP,5,2,7,0.71
MDlS,4,1,5,0.8
MDlb,1,2,3,0.33
MDll,1,0,1,1.0
MDlm,5,1,6,0.83
MDln,3,2,5,0.6
MDls,1,0,1,1.0
MDmB,6,10,16,0.38
MDmD,4,2,6,0.67
MDmH,12,7,19,0.63
MDmI,0,1,1,0.0
MDmJ,5,3,8,0.62
MDmL,4,1,5,0.8
MDmM,18,13,31,0.58
MDmN,7,12,19,0.37
MDmP,6,5,11,0.55
MDmS,1,10,11,0.09
MDmb,7,6,13,0.54
MDml,3,2,5,0.6
MDmm,18,8,26,0.69
MDmn,7,9,16,0.44
MDms,5,2,7,0.71
MDnB,1,4,5,0.2
MDnD,1,1,2,0.5
MDnH,6,2,8,0.75
MDnI,2,0,2,1.0
MDnK,1,0,1,1.0
MDnL,2,1,3,0.67
MDnM,7,11,18,0.39
MDnN,11,10,21,0.52
MDnP,12,11,23,0.52
MDnS,3,5,8,0.38
MDnb,8,6,14,0.57
MDnl,2,1,3,0.67
MDnm,8,9,17,0.47
MDnn,3,4,7,0.43
MDns,4,6,10,0.4
MDsB,4,1,5,0.8
MDsD,0,1,1,0.0
MDsH,8,7,15,0.53
MDsI,1,0,1,1.0
MDsL,2,0,2,1.0
MDsM,5,9,14,0.36
MDsN,5,3,8,0.62
MDsP,4,4,8,0.5
MDsS,10,3,13,0.77
MDsb,2,4,6,0.33
MDsh,1,0,1,1.0
MDsl,2,3,5,0.4
MDsm,12,6,18,0.67
MDsn,6,2,8,0.75
MDss,2,6,8,0.25
MDtB,1,0,1,1.0
MDtL,1,0,1,1.0
MDtM,0,1,1,0.0
MDtN,2,1,3,0.67
MDtP,0,1,1,0.0
MDtS,0,1,1,0.0
MDtb,0,1,1,0.0
MHBK,0,1,1,0.0
MHBM,1,0,1,1.0
MHBS,0,1,1,0.0
MHBb,2,0,2,1.0
MHBm,2,0,2,1.0
MHBs,1,0,1,1.0
MHDN,0,1,1,0.0
MHDm,0,1,1,0.0
MHHD,1,0,1,1.0
MHHH,1,1,2,0.5
MHHL,1,0,1,1.0
MHHS,1,0,1,1.0
MHHb,1,0,1,1.0
MHIS,0,1,1,0.0
MHIm,0,1,1,0.0
MHIn,0,1,1,0.0
MHKP,0,1,1,0.0
MHKh,0,0,0,
MHLM,1,0,1,1.0
MHLb,1,0,1,1.0
MHLm,2,0,2,1.0
MHMB,0,1,1,0.0
MHMM,0,2,2,0.0
MHMN,1,0,1,1.0
MHMP,1,0,1,1.0
MHMS,0,1,1,0.0
MHMh,1,2,3,0.33
MHMm,0,0,0,
MHMs,0,2,2,0.0
MHNB,0,1,1,0.0
MHNP,0,0,0,
MHNb,0,1,1,0.0
MHNm,0,1,1,0.0
MHPB,1,1,2,0.5
MHPH,0,1,1,0.0
MHPM,0,3,3,0.0
MHPN,0,1,1,0.0
MHPP,2,0,2,1.0
MHPS,3,0,3,1.0
MHPb,0,3,3,0.0
MHPl,1,1,2,0.5
MHPm,1,2,3,0.33
MHPs,0,1,1,0.0
MHSB,0,0,0,
MHSH,0,1,1,0.0
MHSL,1,0,1,1.0
MHSM,0,1,1,0.0
MHSN,0,1,1,0.0
MHSb,1,0,1,1.0
MHSh,1,0,1,1.0
MHSl,0,1,1,0.0
MHSm,1,1,2,0.5
MHSn,1,1,2,0.5
MHSs,0,1,1,0.0
MHbJ,0,0,0,
MHbK,0,1,1,0.0
MHbP,0,1,1,0.0
MHbS,0,0,0,
MHbb,1,1,2,0.5
MHbl,0,0,0,
MHlB,0,1,1,0.0
MHlH,0,1,1,0.0
MHlI,0,1,1,0.0
MHlb,0,1,1,0.0
MHmB,1,0,1,1.0
MHmH,0,1,1,0.0
MHmM,1,3,4,0.25
MHmN,2,0,2,1.0
MHmP,0,1,1,0.0
MHmS,0,1,1,0.0
MHmm,2,0,2,1.0
MHnH,1,0,1,1.0
MHnM,0,1,1,0.0
MHnN,0,1,1,0.0
MHnh,0,0,0,
MHsH,0,1,1,0.0
MHsS,2,0,2,1.0
MHsb,0,1,1,0.0
MHss,1,0,1,1.0
MIBB,0,1,1,0.0
MIBm,1,0,1,1.0
MIDL,0,1,1,0.0
MIDP,0,1,1,0.0
MIHm,0,1,1,0.0
MILn,0,1,1,0.0
MIMB,0,0,0,
MIMD,1,0,1,1.0
MIMN,0,0,0,
MIMS,1,0,1,1.0
MIMm,1,0,1,1.0
MIMt,0,1,1,0.0
MINB,0,1,1,0.0
MINH,0,1,1,0.0
MINP,0,2,2,0.0
MINh,0,1,1,0.0
MIPM,1,0,1,1.0
MIPS,0,0,0,
MIPh,1,0,1,1.0
MIPn,1,0,1,1.0
MISM,1,1,2,0.5
MISS,0,0,0,
MISb,0,1,1,0.0
MISn,1,1,2,0.5
MIhb,0,1,1,0.0
MIlB,0,0,0,
MImB,0,0,0,
MImM,0,1,1,0.0
MImS,1,0,1,1.0
MInP,1,0,1,1.0
MInS,1,0,1,1.0
MInb,1,0,1,1.0
MIsS,0,1,1,0.0
MItl,0,1,1,0.0
MKBB,0,1,1,0.0
MKBD,2,0,2,1.0
MKBP,0,2,2,0.0
MKBS,0,1,1,0.0
MKBb,1,0,1,1.0
MKBm,1,0,1,1.0
MKBn,0,1,1,0.0
MKDH,1,0,1,1.0
MKDS,0,1,1,0.0
MKHP,0,1,1,0.0
MKHn,0,1,1,0.0
MKHs,0,1,1,0.0
MKIB,1,0,1,1.0
MKIS,0,0,0,
MKIm,0,1,1,0.0
MKLP,1,0,1,1.0
MKLm,0,2,2,0.0
MKLs,0,0,0,
MKMB,1,0,1,1.0
MKMD,0,0,0,
MKMM,0,1,1,0.0
MKMN,0,1,1,0.0
MKMb,0,1,1,0.0
MKMh,1,1,2,0.5
MKMm,0,1,1,0.0
MKMn,1,0,1,1.0
MKMs,1,1,2,0.5
MKNB,0,1,1,0.0
MKNM,0,1,1,0.0
MKNN,0,1,1,0.0
MKNP,3,1,4,0.75
MKNS,0,1,1,0.0
MKNb,1,1,2,0.5
MKNl,0,1,1,0.0
MKNm,0,1,1,0.0
MKNn,1,2,3,0.33
MKPB,1,0,1,1.0
MKPL,1,0,1,1.0
MKPM,1,2,3,0.33
MKPN,1,4,5,0.2
MKPP,2,2,4,0.5
MKPb,0,4,4,0.0
MKPm,1,0,1,1.0
MKPn,1,2,3,0.33
MKSB,0,0,0,
MKSH,0,1,1,0.0
MKSM,1,0,1,1.0
MKSN,0,0,0,
MKSP,0,1,1,0.0
MKSS,0,1,1,0.0
MKSb,3,0,3,1.0
MKSl,0,0,0,
MKSm,1,0,1,1.0
MKSn,1,1,2,0.5
MKSs,0,3,3,0.0
MKbB,1,0,1,1.0
MKbH,1,0,1,1.0
MKbL,1,0,1,1.0
MKbM,1,2,3,0.33
MKbN,1,0,1,1.0
MKbP,0,1,1,0.0
MKhH,0,1,1,0.0
MKhM,0,1,1,0.0
MKhN,2,0,2,1.0
MKhP,1,1,2,0.5
MKhb,0,1,1,0.0
MKhh,1,2,3,0.33
MKhl,0,1,1,0.0
MKhm,1,1,2,0.5
MKhn,0,1,1,0.0
MKhs,0,1,1,0.0
MKlD,0,0,0,
MKlI,0,1,1,0.0
MKlJ,0,2,2,0.0
MKlN,3,0,3,1.0
MKlb,1,0,1,1.0
MKlm,0,1,1,0.0
MKln,1,0,1,1.0
MKmB,1,0,1,1.0
MKmL,1,2,3,0.33
MKmM,0,1,1,0.0
MKmN,2,0,2,1.0
MKmP,0,2,2,0.0
MKmS,0,1,1,0.0
MKmm,0,1,1,0.0
MKmn,3,0,3,1.0
MKms,0,1,1,0.0
MKnD,0,1,1,0.0
MKnH,0,2,2,0.0
MKnM,1,0,1,1.0
MKnN,1,0,1,1.0
MKnP,2,2,4,0.5
MKnS,1,1,2,0.5
MKnb,0,2,2,0.0
MKnm,0,2,2,0.0
MKnn,2,0,2,1.0
MKsB,1,0,1,1.0
MKsH,1,0,1,1.0
MKsM,0,1,1,0.0
MKsN,2,0,2,1.0
MKsb,0,1,1,0.0
MKsm,1,0,1,1.0
MKsn,1,0,1,1.0
MLBB,14,18,32,0.44
MLBD,1,0,1,1.0
MLBK,2,2,4,0.5
MLBL,3,3,6,0.5
MLBM,17,19,36,0.47
MLBN,16,14,30,0.53
MLBP,26,29,55,0.47
MLBS,7,12,19,0.37
MLBb,26,24,50,0.52
MLBh,0,5,5,0.0
MLBj,2,5,7,0.29
MLBl,10,9,19,0.53
MLBm,14,11,25,0.56
MLBn,24,23,47,0.51
MLBs,6,7,13,0.46
MLBt,5,3,8,0.62
MLDB,6,1,7,0.86
MLDD,1,1,2,0.5
MLDH,1,5,6,0.17
MLDL,1,0,1,1.0
MLDM,4,2,6,0.67
MLDN,1,3,4,0.25
MLDP,2,1,3,0.67
MLDS,0,6,6,0.0
MLDb,1,0,1,1.0
MLDh,0,0,0,
MLDl,1,0,1,1.0
MLDm,5,2,7,0.71
MLDn,2,2,4,0.5
MLDs,2,0,2,1.0
MLDt,0,1,1,0.0
MLHB,0,1,1,0.0
MLHM,0,2,2,0.0
MLHP,1,1,2,0.5
MLHS,0,1,1,0.0
MLHm,1,1,2,0.5
MLHs,0,1,1,0.0
MLKB,0,1,1,0.0
MLKD,1,0,1,1.0
MLKH,0,1,1,0.0
MLKL,1,2,3,0.33
MLKM,0,2,2,0.0
MLKN,1,1,2,0.5
MLKP,0,1,1,0.0
MLKS,1,3,4,0.25
MLKb,1,1,2,0.5
MLKh,2,0,2,1.0
MLKm,1,0,1,1.0
MLKs,0,2,2,0.0
MLLB,5,7,12,0.42
MLLD,0,1,1,0.0
MLLK,0,0,0,
MLLM,6,7,13,0.46
MLLN,0,6,6,0.0
MLLP,9,8,17,0.53
MLLS,2,6,8,0.25
MLLb,10,4,14,0.71
MLLh,2,4,6,0.33
MLLj,4,5,9,0.44
MLLl,1,3,4,0.25
MLLm,5,3,8,0.62
MLLn,3,4,7,0.43
MLLs,5,3,8,0.62
MLLt,2,2,4,0.5
MLMB,21,22,43,0.49
MLMD,1,2,3,0.33
MLMH,0,1,1,0.0
MLML,5,10,15,0.33
MLMM,19,16,35,0.54
MLMN,20,15,35,0.57
MLMP,23,17,40,0.57
MLMS,9,6,15,0.6
MLMb,23,25,48,0.48
MLMh,10,18,28,0.36
MLMj,3,6,9,0.33
MLMl,4,5,9,0.44
MLMm,17,11,28,0.61
MLMn,31,23,54,0.57
MLMs,10,9,19,0.53
MLMt,2,0,2,1.0
MLNB,10,12,22,0.45
MLND,2,2,4,0.5
MLNH,3,2,5,0.6
MLNK,2,1,3,0.67
MLNL,4,6,10,0.4
MLNM,13,19,32,0.41
MLNN,36,16,52,0.69
MLNP,33,31,64,0.52
MLNS,16,11,27,0.59
MLNb,21,28,49,0.43
MLNh,5,14,19,0.26
MLNl,6,6,12,0.5
MLNm,27,9,36,0.75
MLNn,36,22,58,0.62
MLNs,12,11,23,0.52
MLNt,5,2,7,0.71
MLPB,20,22,42,0.48
MLPD,3,0,3,1.0
MLPH,4,8,12,0.33
MLPI,1,2,3,0.33
MLPK,4,2,6,0.67
MLPL,10,8,18,0.56
MLPM,25,29,54,0.46
MLPN,29,27,56,0.52
MLPP,35,39,74,0.47
MLPS,20,20,40,0.5
MLPb,24,29,53,0.45
MLPh,1,4,5,0.2
MLPl,15,14,29,0.52
MLPm,26,26,52,0.5
MLPn,23,26,49,0.47
MLPs,11,17,28,0.39
MLPt,1,1,2,0.5
MLSB,7,6,13,0.54
MLSD,1,2,3,0.33
MLSH,6,4,10,0.6
MLSI,1,0,1,1.0
MLSK,1,1,2,0.5
MLSL,4,3,7,0.57
MLSM,6,13,19,0.32
MLSN,15,15,30,0.5
MLSP,14,18,32,0.44
MLSS,7,10,17,0.41
MLSb,7,10,17,0.41
MLSh,7,7,14,0.5
MLSl,9,3,12,0.75
MLSm,7,12,19,0.37
MLSn,8,9,17,0.47
MLSs,9,7,16,0.56
MLSt,1,1,2,0.5
MLbB,12,21,33,0.36
MLbD,0,4,4,0.0
MLbH,1,11,12,0.08
MLbI,0,4,4,0.0
MLbJ,13,3,16,0.81
MLbK,2,1,3,0.67
MLbL,4,8,12,0.33
MLbM,14,16,30,0.47
MLbN,29,31,60,0.48
MLbP,25,22,47,0.53
MLbS,13,13,26,0.5
MLbb,21,21,42,0.5
MLbl,8,3,11,0.73
MLbm,15,14,29,0.52
MLbn,17,25,42,0.4
MLbs,12,8,20,0.6
MLhB,4,3,7,0.57
MLhD,2,1,3,0.67
MLhH,0,2,2,0.0
MLhL,1,7,8,0.12
MLhM,11,10,21,0.52
MLhN,12,7,19,0.63
MLhP,12,10,22,0.55
MLhS,8,5,13,0.62
MLhb,9,8,17,0.53
MLhh,9,7,16,0.56
MLhl,5,2,7,0.71
MLhm,11,6,17,0.65
MLhn,8,11,19,0.42
MLhs,4,7,11,0.36
MLjB,7,4,11,0.64
MLjH,3,0,3,1.0
MLjL,2,3,5,0.4
MLjM,5,8,13,0.38
MLjN,3,8,11,0.27
MLjP,8,7,15,0.53
MLjS,1,6,7,0.14
MLjb,6,5,11,0.55
MLjh,0,1,1,0.0
MLjl,1,1,2,0.5
MLjm,11,7,18,0.61
MLjn,7,3,10,0.7
MLjs,3,2,5,0.6
MLjt,0,2,2,0.0
MLlB,6,6,12,0.5
MLlH,5,10,15,0.33
MLlJ,3,1,4,0.75
MLlK,1,0,1,1.0
MLlL,4,4,8,0.5
MLlM,8,7,15,0.53
MLlN,6,8,14,0.43
MLlP,6,7,13,0.46
MLlS,4,6,10,0.4
MLlb,11,2,13,0.85
MLll,4,2,6,0.67
MLlm,8,9,17,0.47
MLln,8,8,16,0.5
MLls,5,9,14,0.36
MLmB,20,23,43,0.47
MLmD,3,5,8,0.38
MLmH,9,12,21,0.43
MLmI,2,0,2,1.0
MLmJ,4,3,7,0.57
MLmL,6,9,15,0.4
MLmM,16,18,34,0.47
MLmN,27,18,45,0.6
MLmP,19,29,48,0.4
MLmS,14,11,25,0.56
MLmb,20,15,35,0.57
MLmh,0,0,0,
MLml,5,2,7,0.71
MLmm,19,19,38,0.5
MLmn,20,20,40,0.5
MLms,7,8,15,0.47
MLnB,23,20,43,0.53
MLnD,2,2,4,0.5
MLnH,10,11,21,0.48
MLnI,5,6,11,0.45
MLnK,2,1,3,0.67
MLnL,7,8,15,0.47
MLnM,33,20,53,0.62
MLnN,51,28,79,0.65
MLnP,42,48,90,0.47
MLnS,15,18,33,0.45
MLnb,16,28,44,0.36
MLnh,2,2,4,0.5
MLnl,8,10,18,0.44
MLnm,24,17,41,0.59
MLnn,39,26,65,0.6
MLns,19,23,42,0.45
MLsB,3,5,8,0.38
MLsD,1,1,2,0.5
MLsH,12,9,21,0.57
MLsI,2,2,4,0.5
MLsK,0,0,0,
MLsL,1,2,3,0.33
MLsM,8,11,19,0.42
MLsN,12,21,33,0.36
MLsP,15,17,32,0.47
MLsS,10,13,23,0.43
MLsb,14,11,25,0.56
MLsl,4,3,7,0.57
MLsm,8,9,17,0.47
MLsn,6,13,19,0.32
MLss,5,7,12,0.42
MLtB,2,1,3,0.67
MLtH,1,0,1,1.0
MLtI,0,1,1,0.0
MLtL,0,1,1,0.0
MLtM,4,4,8,0.5
MLtN,0,3,3,0.0
MLtP,3,5,8,0.38
MLtS,0,6,6,0.0
MLtb,1,2,3,0.33
MLtl,1,2,3,0.33
MLtm,4,3,7,0.57
MLtn,5,8,13,0.38
MLts,2,1,3,0.67
MMBB,60,60,120,0.5
MMBD,4,14,18,0.22
MMBK,6,5,11,0.55
MMBL,13,10,23,0.57
MMBM,47,45,92,0.51
MMBN,70,64,134,0.52
MMBP,63,69,132,0.48
MMBS,19,17,36,0.53
MMBb,57,71,128,0.45
MMBh,5,7,12,0.42
MMBj,15,15,30,0.5
MMBl,21,23,44,0.48
MMBm,55,44,99,0.56
MMBn,89,81,170,0.52
MMBs,16,20,36,0.44
MMBt,9,8,17,0.53
MMDB,3,11,14,0.21
MMDD,3,2,5,0.6
MMDH,6,8,14,0.43
MMDL,4,1,5,0.8
MMDM,7,15,22,0.32
MMDN,5,4,9,0.56
MMDP,9,9,18,0.5
MMDS,4,3,7,0.57
MMDb,3,5,8,0.38
MMDh,0,1,1,0.0
MMDl,1,4,5,0.2
MMDm,12,9,21,0.57
MMDn,2,3,5,0.4
MMDs,1,8,9,0.11
MMDt,2,0,2,1.0
MMHB,0,1,1,0.0
MMHH,0,0,0,
MMHL,0,1,1,0.0
MMHM,0,1,1,0.0
MMHP,1,5,6,0.17
MMHS,0,2,2,0.0
MMHb,1,0,1,1.0
MMHl,1,0,1,1.0
MMHm,2,0,2,1.0
MMID,1,0,1,1.0
MMIM,1,0,1,1.0
MMIS,1,0,1,1.0
MMKB,1,1,2,0.5
MMKP,0,1,1,0.0
MMKS,1,1,2,0.5
MMKb,1,0,1,1.0
MMKh,0,3,3,0.0
MMKl,0,0,0,
MMKm,0,0,0,
MMKn,0,1,1,0.0
MMLB,10,17,27,0.37
MMLD,1,0,1,1.0
MMLH,0,1,1,0.0
MMLK,4,0,4,1.0
MMLL,2,3,5,0.4
MMLM,17,10,27,0.63
MMLN,20,9,29,0.69
MMLP,19,23,42,0.45
MMLS,11,5,16,0.69
MMLb,17,15,32,0.53
MMLh,5,7,12,0.42
MMLj,4,5,9,0.44
MMLl,4,7,11,0.36
MMLm,9,10,19,0.47
MMLn,12,28,40,0.3
MMLs,10,4,14,0.71
MMLt,2,3,5,0.4
MMMB,52,61,113,0.46
MMMD,11,7,18,0.61
MMMH,2,0,2,1.0
MMMI,1,0,1,1.0
MMML,8,11,19,0.42
MMMM,47,67,114,0.41
MMMN,35,60,95,0.37
MMMP,66,56,122,0.54
MMMS,32,41,73,0.44
MMMb,74,75,149,0.5
MMMh,28,46,74,0.38
MMMj,11,11,22,0.5
MMMl,15,11,26,0.58
MMMm,59,62,121,0.49
MMMn,72,95,167,0.43
MMMs,21,11,32,0.66
MMMt,3,8,11,0.27
MMNB,42,52,94,0.45
MMND,8,4,12,0.67
MMNH,10,8,18,0.56
MMNI,1,1,2,0.5
MMNK,3,4,7,0.43
MMNL,9,13,22,0.41
MMNM,44,46,90,0.49
MMNN,59,64,123,0.48
MMNP,83,105,188,0.44
MMNS,39,44,83,0.47
MMNb,44,70,114,0.39
MMNh,19,15,34,0.56
MMNl,20,21,41,0.49
MMNm,59,46,105,0.56
MMNn,73,111,184,0.4
MMNs,40,34,74,0.54
MMNt,7,14,21,0.33
MMPB,75,57,132,0.57
MMPD,14,8,22,0.64
MMPH,16,19,35,0.46
MMPI,8,7,15,0.53
MMPK,8,12,20,0.4
MMPL,23,23,46,0.5
MMPM,50,90,140,0.36
MMPN,73,90,163,0.45
MMPP,99,105,204,0.49
MMPS,48,50,98,0.49
MMPb,83,70,153,0.54
MMPh,8,14,22,0.36
MMPl,26,35,61,0.43
MMPm,77,60,137,0.56
MMPn,81,103,184,0.44
MMPs,36,46,82,0.44
MMPt,5,6,11,0.45
MMSB,21,23,44,0.48
MMSD,3,3,6,0.5
MMSH,17,13,30,0.57
MMSI,0,1,1,0.0
MMSK,1,2,3,0.33
MMSL,7,11,18,0.39
MMSM,34,33,67,0.51
MMSN,34,30,64,0.53
MMSP,45,32,77,0.58
MMSS,33,31,64,0.52
MMSb,29,29,58,0.5
MMSh,16,20,36,0.44
MMSl,9,12,21,0.43
MMSm,31,37,68,0.46
MMSn,33,41,74,0.45
MMSs,27,21,48,0.56
MMSt,4,1,5,0.8
MMbB,59,47,106,0.56
MMbD,7,9,16,0.44
MMbH,16,20,36,0.44
MMbI,5,3,8,0.62
MMbJ,21,23,44,0.48
MMbK,5,4,9,0.56
MMbL,15,14,29,0.52
MMbM,46,73,119,0.39
MMbN,107,96,203,0.53
MMbP,78,82,160,0.49
MMbS,35,49,84,0.42
MMbb,58,59,117,0.5
MMbl,32,21,53,0.6
MMbm,52,43,95,0.55
MMbn,70,66,136,0.51
MMbs,40,27,67,0.6
MMhB,41,30,71,0.58
MMhD,9,7,16,0.56
MMhH,10,13,23,0.43
MMhI,1,1,2,0.5
MMhK,3,0,3,1.0
MMhL,10,17,27,0.37
MMhM,51,44,95,0.54
MMhN,40,45,85,0.47
MMhP,49,67,116,0.42
MMhS,39,37,76,0.51
MMhb,50,33,83,0.6
MMhh,37,42,79,0.47
MMhl,19,15,34,0.56
MMhm,38,38,76,0.5
MMhn,39,45,84,0.46
MMhs,48,31,79,0.61
MMht,6,7,13,0.46
MMjB,9,9,18,0.5
MMjD,2,2,4,0.5
MMjH,4,6,10,0.4
MMjI,2,1,3,0.67
MMjK,1,1,2,0.5
MMjL,4,3,7,0.57
MMjM,13,12,25,0.52
MMjN,11,16,27,0.41
MMjP,21,14,35,0.6
MMjS,8,3,11,0.73
MMjb,11,11,22,0.5
MMjh,4,5,9,0.44
MMjl,3,1,4,0.75
MMjm,7,8,15,0.47
MMjn,21,22,43,0.49
MMjs,8,5,13,0.62
MMjt,1,0,1,1.0
MMlB,12,17,29,0.41
MMlD,1,1,2,0.5
MMlH,13,12,25,0.52
MMlI,1,0,1,1.0
MMlJ,10,3,13,0.77
MMlK,1,1,2,0.5
MMlL,4,6,10,0.4
MMlM,15,25,40,0.38
MMlN,23,34,57,0.4
MMlP,23,19,42,0.55
MMlS,10,13,23,0.43
MMlb,16,21,37,0.43
MMll,3,11,14,0.21
MMlm,18,12,30,0.6
MMln,21,19,40,0.52
MMls,12,15,27,0.44
MMmB,50,47,97,0.52
MMmD,21,10,31,0.68
MMmH,40,59,99,0.4
MMmI,2,5,7,0.29
MMmJ,12,10,22,0.55
MMmK,1,1,2,0.5
MMmL,11,19,30,0.37
MMmM,56,66,122,0.46
MMmN,73,60,133,0.55
MMmP,81,79,160,0.51
MMmS,47,40,87,0.54
MMmb,44,46,90,0.49
MMmh,0,0,0,
MMml,12,11,23,0.52
MMmm,52,54,106,0.49
MMmn,71,66,137,0.52
MMms,37,34,71,0.52
MMnB,54,52,106,0.51
MMnD,11,9,20,0.55
MMnH,39,45,84,0.46
MMnI,10,10,20,0.5
MMnK,4,6,10,0.4
MMnL,18,21,39,0.46
MMnM,84,60,144,0.58
MMnN,118,133,251,0.47
MMnP,114,124,238,0.48
MMnS,73,67,140,0.52
MMnb,68,91,159,0.43
MMnh,2,3,5,0.4
MMnl,20,18,38,0.53
MMnm,76,67,143,0.53
MMnn,105,107,212,0.5
MMns,47,53,100,0.47
MMnt,2,0,2,1.0
MMsB,15,20,35,0.43
MMsD,5,5,10,0.5
MMsH,36,38,74,0.49
MMsI,3,0,3,1.0
MMsK,1,1,2,0.5
MMsL,10,10,20,0.5
MMsM,35,40,75,0.47
MMsN,39,37,76,0.51
MMsP,45,39,84,0.54
MMsS,38,30,68,0.56
MMsb,25,20,45,0.56
MMsh,2,1,3,0.67
MMsl,8,12,20,0.4
MMsm,39,29,68,0.57
MMsn,36,28,64,0.56
MMss,20,15,35,0.57
MMst,0,0,0,
MMtB,6,1,7,0.86
MMtD,1,2,3,0.33
MMtH,3,6,9,0.33
MMtK,1,0,1,1.0
MMtL,4,2,6,0.67
MMtM,4,11,15,0.27
MMtN,6,8,14,0.43
MMtP,10,14,24,0.42
MMtS,3,6,9,0.33
MMtb,13,4,17,0.76
MMtl,5,4,9,0.56
MMtm,3,4,7,0.43
MMtn,4,11,15,0.27
MMts,4,4,8,0.5
MMtt,1,3,4,0.25
MNBB,36,46,82,0.44
MNBD,5,7,12,0.42
MNBK,4,5,9,0.44
MNBL,8,9,17,0.47
MNBM,42,38,80,0.52
MNBN,56,68,124,0.45
MNBP,64,62,126,0.51
MNBS,25,18,43,0.58
MNBb,44,41,85,0.52
MNBh,7,6,13,0.54
MNBj,14,11,25,0.56
MNBl,13,20,33,0.39
MNBm,50,41,91,0.55
MNBn,68,77,145,0.47
MNBs,18,18,36,0.5
MNBt,10,6,16,0.62
MNDB,9,6,15,0.6
MNDD,2,5,7,0.29
MNDH,3,8,11,0.27
MNDI,2,0,2,1.0
MNDK,0,1,1,0.0
MNDL,2,3,5,0.4
MNDM,11,10,21,0.52
MNDN,10,8,18,0.56
MNDP,14,9,23,0.61
MNDS,7,10,17,0.41
MNDb,9,11,20,0.45
MNDl,0,0,0,
MNDm,5,11,16,0.31
MNDn,9,7,16,0.56
MNDs,3,2,5,0.6
MNDt,1,1,2,0.5
MNHB,6,5,11,0.55
MNHD,0,1,1,0.0
MNHH,3,5,8,0.38
MNHK,0,1,1,0.0
MNHL,1,2,3,0.33
MNHM,12,7,19,0.63
MNHN,6,15,21,0.29
MNHP,11,15,26,0.42
MNHS,8,15,23,0.35
MNHb,5,3,8,0.62
MNHh,2,2,4,0.5
MNHl,1,1,2,0.5
MNHm,13,4,17,0.76
MNHn,10,18,28,0.36
MNHs,4,7,11,0.36
MNIM,1,1,2,0.5
MNIN,1,1,2,0.5
MNIP,1,1,2,0.5
MNIS,1,0,1,1.0
MNIm,1,0,1,1.0
MNKB,2,2,4,0.5
MNKD,2,0,2,1.0
MNKH,3,1,4,0.75
MNKI,0,1,1,0.0
MNKL,2,3,5,0.4
MNKM,4,2,6,0.67
MNKN,6,5,11,0.55
MNKP,12,5,17,0.71
MNKS,7,6,13,0.54
MNKb,1,6,7,0.14
MNKh,2,4,6,0.33
MNKl,2,6,8,0.25
MNKm,3,6,9,0.33
MNKn,10,6,16,0.62
MNKs,6,4,10,0.6
MNLB,18,14,32,0.56
MNLD,1,0,1,1.0
MNLH,0,1,1,0.0
MNLK,2,0,2,1.0
MNLL,4,6,10,0.4
MNLM,13,14,27,0.48
MNLN,23,20,43,0.53
MNLP,33,21,54,0.61
MNLS,11,10,21,0.52
MNLb,17,18,35,0.49
MNLh,8,12,20,0.4
MNLj,4,3,7,0.57
MNLl,6,6,12,0.5
MNLm,17,11,28,0.61
MNLn,27,34,61,0.44
MNLs,10,6,16,0.62
MNLt,0,3,3,0.0
MNMB,49,52,101,0.49
MNMD,7,8,15,0.47
MNMH,0,1,1,0.0
MNMK,1,0,1,1.0
MNML,12,17,29,0.41
MNMM,28,40,68,0.41
MNMN,55,58,113,0.49
MNMP,71,56,127,0.56
MNMS,22,28,50,0.44
MNMb,55,55,110,0.5
MNMh,28,32,60,0.47
MNMj,7,5,12,0.58
MNMl,17,10,27,0.63
MNMm,51,52,103,0.5
MNMn,97,80,177,0.55
MNMs,28,22,50,0.56
MNMt,7,9,16,0.44
MNNB,42,67,109,0.39
MNND,13,8,21,0.62
MNNH,6,11,17,0.35
MNNK,3,6,9,0.33
MNNL,19,20,39,0.49
MNNM,65,61,126,0.52
MNNN,89,107,196,0.45
MNNP,100,122,222,0.45
MNNS,51,41,92,0.55
MNNb,74,56,130,0.57
MNNh,24,34,58,0.41
MNNl,17,19,36,0.47
MNNm,59,53,112,0.53
MNNn,111,120,231,0.48
MNNs,49,39,88,0.56
MNNt,14,8,22,0.64
MNPB,74,75,149,0.5
MNPD,15,7,22,0.68
MNPH,24,23,47,0.51
MNPI,12,7,19,0.63
MNPK,8,5,13,0.62
MNPL,31,47,78,0.4
MNPM,67,88,155,0.43
MNPN,105,109,214,0.49
MNPP,135,146,281,0.48
MNPS,81,75,156,0.52
MNPb,89,90,179,0.5
MNPh,8,11,19,0.42
MNPl,39,39,78,0.5
MNPm,79,91,170,0.46
MNPn,109,119,228,0.48
MNPs,68,67,135,0.5
MNPt,8,8,16,0.5
MNSB,27,26,53,0.51
MNSD,6,8,14,0.43
MNSH,18,9,27,0.67
MNSI,1,1,2,0.5
MNSK,1,0,1,1.0
MNSL,12,12,24,0.5
MNSM,25,42,67,0.37
MNSN,37,47,84,0.44
MNSP,41,56,97,0.42
MNSS,38,49,87,0.44
MNSb,37,29,66,0.56
MNSh,29,25,54,0.54
MNSl,19,12,31,0.61
MNSm,41,33,74,0.55
MNSn,49,39,88,0.56
MNSs,22,32,54,0.41
MNSt,4,7,11,0.36
MNbB,35,30,65,0.54
MNbD,9,4,13,0.69
MNbH,25,14,39,0.64
MNbI,7,3,10,0.7
MNbJ,19,17,36,0.53
MNbK,4,2,6,0.67
MNbL,15,27,42,0.36
MNbM,43,48,91,0.47
MNbN,80,82,162,0.49
MNbP,72,72,144,0.5
MNbS,32,24,56,0.57
MNbb,59,50,109,0.54
MNbl,17,21,38,0.45
MNbm,43,42,85,0.51
MNbn,59,69,128,0.46
MNbs,29,27,56,0.52
MNbt,1,0,1,1.0
MNhB,17,11,28,0.61
MNhD,4,2,6,0.67
MNhH,5,4,9,0.56
MNhI,1,2,3,0.33
MNhL,4,7,11,0.36
MNhM,24,13,37,0.65
MNhN,16,21,37,0.43
MNhP,26,28,54,0.48
MNhS,11,15,26,0.42
MNhb,15,15,30,0.5
MNhh,10,22,32,0.31
MNhl,5,6,11,0.45
MNhm,28,13,41,0.68
MNhn,19,27,46,0.41
MNhs,19,21,40,0.48
MNht,2,2,4,0.5
MNlB,18,15,33,0.55
MNlD,4,4,8,0.5
MNlH,15,14,29,0.52
MNlI,3,2,5,0.6
MNlJ,2,4,6,0.33
MNlK,1,2,3,0.33
MNlL,6,4,10,0.6
MNlM,25,24,49,0.51
MNlN,26,22,48,0.54
MNlP,32,29,61,0.52
MNlS,9,23,32,0.28
MNlb,12,24,36,0.33
MNll,9,9,18,0.5
MNlm,13,9,22,0.59
MNln,19,27,46,0.41
MNls,9,13,22,0.41
MNmB,30,43,73,0.41
MNmD,8,7,15,0.53
MNmH,38,57,95,0.4
MNmI,4,5,9,0.44
MNmJ,11,4,15,0.73
MNmK,1,0,1,1.0
MNmL,16,18,34,0.47
MNmM,51,53,104,0.49
MNmN,79,77,156,0.51
MNmP,72,47,119,0.61
MNmS,33,45,78,0.42
MNmb,31,48,79,0.39
MNml,7,13,20,0.35
MNmm,54,41,95,0.57
MNmn,51,76,127,0.4
MNms,30,27,57,0.53
MNnB,59,56,115,0.51
MNnD,12,5,17,0.71
MNnH,53,70,123,0.43
MNnI,12,13,25,0.48
MNnK,7,13,20,0.35
MNnL,13,31,44,0.3
MNnM,81,69,150,0.54
MNnN,110,122,232,0.47
MNnP,126,151,277,0.45
MNnS,64,57,121,0.53
MNnb,71,69,140,0.51
MNnh,6,3,9,0.67
MNnl,24,24,48,0.5
MNnm,81,67,148,0.55
MNnn,127,107,234,0.54
MNns,66,71,137,0.48
MNnt,0,0,0,
MNsB,25,18,43,0.58
MNsD,5,2,7,0.71
MNsH,32,46,78,0.41
MNsI,2,4,6,0.33
MNsL,8,17,25,0.32
MNsM,33,44,77,0.43
MNsN,40,35,75,0.53
MNsP,36,36,72,0.5
MNsS,32,41,73,0.44
MNsb,36,26,62,0.58
MNsh,3,4,7,0.43
MNsl,15,12,27,0.56
MNsm,33,30,63,0.52
MNsn,53,36,89,0.6
MNss,28,27,55,0.51
MNst,0,0,0,
MNtB,8,9,17,0.47
MNtD,3,1,4,0.75
MNtH,0,9,9,0.0
MNtI,1,0,1,1.0
MNtL,3,3,6,0.5
MNtM,6,11,17,0.35
MNtN,16,11,27,0.59
MNtP,17,22,39,0.44
MNtS,9,10,19,0.47
MNtb,11,9,20,0.55
MNth,0,1,1,0.0
MNtl,4,3,7,0.57
MNtm,10,6,16,0.62
MNtn,17,18,35,0.49
MNts,6,4,10,0.6
MNtt,1,2,3,0.33
MPBB,60,80,140,0.43
MPBD,6,10,16,0.38
MPBI,0,1,1,0.0
MPBK,2,8,10,0.2
MPBL,24,27,51,0.47
MPBM,45,57,102,0.44
MPBN,78,67,145,0.54
MPBP,82,83,165,0.5
MPBS,31,38,69,0.45
MPBb,58,59,117,0.5
MPBh,9,10,19,0.47
MPBj,19,14,33,0.58
MPBl,20,19,39,0.51
MPBm,55,61,116,0.47
MPBn,74,90,164,0.45
MPBs,20,30,50,0.4
MPBt,11,13,24,0.46
MPDB,4,5,9,0.44
MPDD,4,3,7,0.57
MPDH,8,5,13,0.62
MPDI,1,0,1,1.0
MPDL,3,2,5,0.6
MPDM,8,12,20,0.4
MPDN,7,4,11,0.64
MPDP,8,14,22,0.36
MPDS,5,6,11,0.45
MPDb,9,4,13,0.69
MPDl,4,1,5,0.8
MPDm,8,11,19,0.42
MPDn,4,4,8,0.5
MPDs,7,5,12,0.58
MPDt,1,0,1,1.0
MPHB,12,15,27,0.44
MPHD,4,5,9,0.44
MPHH,3,2,5,0.6
MPHI,2,0,2,1.0
MPHK,0,1,1,0.0
MPHL,6,12,18,0.33
MPHM,22,28,50,0.44
MPHN,15,25,40,0.38
MPHP,31,34,65,0.48
MPHS,23,21,44,0.52
MPHb,24,18,42,0.57
MPHh,10,5,15,0.67
MPHl,12,8,20,0.6
MPHm,17,17,34,0.5
MPHn,24,30,54,0.44
MPHs,22,20,42,0.52
MPHt,1,1,2,0.5
MPIB,4,5,9,0.44
MPID,2,0,2,1.0
MPIH,7,7,14,0.5
MPII,1,1,2,0.5
MPIL,2,0,2,1.0
MPIM,6,9,15,0.4
MPIN,5,3,8,0.62
MPIP,13,8,21,0.62
MPIS,9,3,12,0.75
MPIb,3,5,8,0.38
MPIh,0,1,1,0.0
MPIl,0,3,3,0.0
MPIm,11,5,16,0.69
MPIn,4,5,9,0.44
MPIs,2,5,7,0.29
MPIt,0,1,1,0.0
MPKB,6,9,15,0.4
MPKD,0,2,2,0.0
MPKH,1,1,2,0.5
MPKI,1,0,1,1.0
MPKL,3,3,6,0.5
MPKM,8,11,19,0.42
MPKN,4,3,7,0.57
MPKP,14,10,24,0.58
MPKS,7,6,13,0.54
MPKb,14,5,19,0.74
MPKh,5,7,12,0.42
MPKl,4,4,8,0.5
MPKm,13,9,22,0.59
MPKn,6,6,12,0.5
MPKs,6,8,14,0.43
MPKt,2,1,3,0.67
MPLB,26,25,51,0.51
MPLD,2,3,5,0.4
MPLH,0,1,1,0.0
MPLI,0,0,0,
MPLK,2,5,7,0.29
MPLL,7,10,17,0.41
MPLM,17,24,41,0.41
MPLN,28,16,44,0.64
MPLP,46,48,94,0.49
MPLS,14,17,31,0.45
MPLb,32,28,60,0.53
MPLh,14,11,25,0.56
MPLj,7,10,17,0.41
MPLl,16,13,29,0.55
MPLm,25,24,49,0.51
MPLn,37,39,76,0.49
MPLs,23,17,40,0.57
MPLt,5,4,9,0.56
MPMB,63,79,142,0.44
MPMD,12,10,22,0.55
MPMI,1,0,1,1.0
MPMK,0,1,1,0.0
MPML,18,21,39,0.46
MPMM,90,75,165,0.55
MPMN,62,81,143,0.43
MPMP,97,105,202,0.48
MPMS,39,40,79,0.49
MPMb,84,70,154,0.55
MPMh,48,60,108,0.44
MPMj,11,10,21,0.52
MPMl,43,32,75,0.57
MPMm,80,71,151,0.53
MPMn,86,94,180,0.48
MPMs,39,45,84,0.46
MPMt,9,4,13,0.69
MPNB,60,83,143,0.42
MPND,14,10,24,0.58
MPNH,16,13,29,0.55
MPNI,1,1,2,0.5
MPNK,10,5,15,0.67
MPNL,18,28,46,0.39
MPNM,73,90,163,0.45
MPNN,82,77,159,0.52
MPNP,116,135,251,0.46
MPNS,48,56,104,0.46
MPNb,86,77,163,0.53
MPNh,34,28,62,0.55
MPNl,36,39,75,0.48
MPNm,86,80,166,0.52
MPNn,110,129,239,0.46
MPNs,36,61,97,0.37
MPNt,17,15,32,0.53
MPPB,106,91,197,0.54
MPPD,24,9,33,0.73
MPPH,44,39,83,0.53
MPPI,11,7,18,0.61
MPPK,9,11,20,0.45
MPPL,40,55,95,0.42
MPPM,117,119,236,0.5
MPPN,108,113,221,0.49
MPPP,165,165,330,0.5
MPPS,74,95,169,0.44
MPPb,112,123,235,0.48
MPPh,12,22,34,0.35
MPPl,59,58,117,0.5
MPPm,125,104,229,0.55
MPPn,115,118,233,0.49
MPPs,72,70,142,0.51
MPPt,10,15,25,0.4
MPSB,40,45,85,0.47
MPSD,8,7,15,0.53
MPSH,17,30,47,0.36
MPSI,1,0,1,1.0
MPSK,1,1,2,0.5
MPSL,20,21,41,0.49
MPSM,63,48,111,0.57
MPSN,51,33,84,0.61
MPSP,52,72,124,0.42
MPSS,42,55,97,0.43
MPSb,53,39,92,0.58
MPSh,26,36,62,0.42
MPSl,30,22,52,0.58
MPSm,48,42,90,0.53
MPSn,59,64,123,0.48
MPSs,54,47,101,0.53
MPSt,13,6,19,0.68
MPbB,59,51,110,0.54
MPbD,7,9,16,0.44
MPbH,21,17,38,0.55
MPbI,4,3,7,0.57
MPbJ,18,21,39,0.46
MPbK,7,7,14,0.5
MPbL,24,26,50,0.48
MPbM,81,95,176,0.46
MPbN,116,88,204,0.57
MPbP,94,96,190,0.49
MPbS,29,43,72,0.4
MPbb,89,72,161,0.55
MPbl,36,30,66,0.55
MPbm,83,52,135,0.61
MPbn,77,71,148,0.52
MPbs,41,38,79,0.52
MPhB,10,4,14,0.71
MPhH,0,3,3,0.0
MPhI,1,0,1,1.0
MPhL,2,4,6,0.33
MPhM,7,9,16,0.44
MPhN,7,10,17,0.41
MPhP,10,16,26,0.38
MPhS,8,6,14,0.57
MPhb,8,9,17,0.47
MPhh,5,14,19,0.26
MPhl,1,4,5,0.2
MPhm,7,13,20,0.35
MPhn,10,7,17,0.59
MPhs,9,8,17,0.53
MPht,3,2,5,0.6
MPlB,23,21,44,0.52
MPlD,6,3,9,0.67
MPlH,22,21,43,0.51
MPlI,4,2,6,0.67
MPlJ,9,7,16,0.56
MPlK,1,3,4,0.25
MPlL,19,19,38,0.5
MPlM,33,50,83,0.4
MPlN,38,38,76,0.5
MPlP,49,45,94,0.52
MPlS,28,19,47,0.6
MPlb,26,30,56,0.46
MPll,20,7,27,0.74
MPlm,37,18,55,0.67
MPln,30,34,64,0.47
MPls,23,18,41,0.56
MPmB,48,64,112,0.43
MPmD,12,21,33,0.36
MPmH,63,64,127,0.5
MPmI,6,7,13,0.46
MPmJ,11,20,31,0.35
MPmK,2,0,2,1.0
MPmL,24,26,50,0.48
MPmM,80,93,173,0.46
MPmN,84,89,173,0.49
MPmP,110,121,231,0.48
MPmS,45,34,79,0.57
MPmb,71,54,125,0.57
MPmh,1,1,2,0.5
MPml,26,31,57,0.46
MPmm,74,58,132,0.56
MPmn,76,74,150,0.51
MPms,24,39,63,0.38
MPnB,46,80,126,0.37
MPnD,8,9,17,0.47
MPnH,48,41,89,0.54
MPnI,15,14,29,0.52
MPnK,8,2,10,0.8
MPnL,26,26,52,0.5
MPnM,83,85,168,0.49
MPnN,108,120,228,0.47
MPnP,131,123,254,0.52
MPnS,53,80,133,0.4
MPnb,76,63,139,0.55
MPnh,5,1,6,0.83
MPnl,31,33,64,0.48
MPnm,87,61,148,0.59
MPnn,98,84,182,0.54
MPns,75,68,143,0.52
MPsB,25,28,53,0.47
MPsD,8,11,19,0.42
MPsH,51,35,86,0.59
MPsI,5,3,8,0.62
MPsK,1,0,1,1.0
MPsL,16,21,37,0.43
MPsM,56,45,101,0.55
MPsN,66,53,119,0.55
MPsP,63,78,141,0.45
MPsS,46,48,94,0.49
MPsb,34,42,76,0.45
MPsh,2,1,3,0.67
MPsl,22,13,35,0.63
MPsm,49,45,94,0.52
MPsn,43,46,89,0.48
MPss,44,30,74,0.59
MPst,0,2,2,0.0
MPtB,2,2,4,0.5
MPtD,0,1,1,0.0
MPtH,5,6,11,0.45
MPtL,7,3,10,0.7
MPtM,6,7,13,0.46
MPtN,2,1,3,0.67
MPtP,15,13,28,0.54
MPtS,4,6,10,0.4
MPtb,9,7,16,0.56
MPtl,4,4,8,0.5
MPtm,8,4,12,0.67
MPtn,7,9,16,0.44
MPts,1,1,2,0.5
MPtt,2,0,2,1.0
MSBB,27,22,49,0.55
MSBD,7,3,10,0.7
MSBK,3,0,3,1.0
MSBL,6,9,15,0.4
MSBM,23,36,59,0.39
MSBN,35,32,67,0.52
MSBP,32,37,69,0.46
MSBS,23,13,36,0.64
MSBb,26,16,42,0.62
MSBh,0,3,3,0.0
MSBj,7,4,11,0.64
MSBl,11,12,23,0.48
MSBm,22,27,49,0.45
MSBn,35,32,67,0.52
MSBs,13,13,26,0.5
MSBt,6,7,13,0.46
MSDB,5,0,5,1.0
MSDD,2,4,6,0.33
MSDH,4,6,10,0.4
MSDI,1,0,1,1.0
MSDL,0,1,1,0.0
MSDM,9,10,19,0.47
MSDN,6,7,13,0.46
MSDP,7,5,12,0.58
MSDS,3,10,13,0.23
MSDb,3,2,5,0.6
MSDh,0,2,2,0.0
MSDl,1,1,2,0.5
MSDm,7,7,14,0.5
MSDn,4,4,8,0.5
MSDs,4,6,10,0.4
MSDt,1,0,1,1.0
MSHB,9,6,15,0.6
MSHD,1,4,5,0.2
MSHH,5,5,10,0.5
MSHI,5,1,6,0.83
MSHK,4,2,6,0.67
MSHL,3,3,6,0.5
MSHM,15,15,30,0.5
MSHN,15,14,29,0.52
MSHP,17,15,32,0.53
MSHS,19,16,35,0.54
MSHb,10,19,29,0.34
MSHh,3,9,12,0.25
MSHl,6,12,18,0.33
MSHm,15,10,25,0.6
MSHn,25,12,37,0.68
MSHs,13,13,26,0.5
MSHt,1,0,1,1.0
MSIB,0,2,2,0.0
MSID,0,0,0,
MSIH,0,1,1,0.0
MSIM,2,4,6,0.33
MSIN,0,0,0,
MSIP,0,1,1,0.0
MSIS,2,0,2,1.0
MSIb,1,2,3,0.33
MSIh,0,0,0,
MSIl,0,2,2,0.0
MSIm,3,0,3,1.0
MSIn,1,0,1,1.0
MSIs,1,0,1,1.0
MSKB,0,1,1,0.0
MSKM,1,2,3,0.33
MSKN,0,1,1,0.0
MSKP,1,1,2,0.5
MSKS,1,0,1,1.0
MSKb,0,0,0,
MSKh,1,0,1,1.0
MSKl,0,0,0,
MSKm,1,1,2,0.5
MSKn,3,1,4,0.75
MSKs,1,2,3,0.33
MSLB,3,12,15,0.2
MSLD,2,1,3,0.67
MSLK,1,0,1,1.0
MSLL,1,1,2,0.5
MSLM,8,7,15,0.53
MSLN,13,10,23,0.57
MSLP,20,13,33,0.61
MSLS,6,7,13,0.46
MSLb,12,14,26,0.46
MSLh,5,2,7,0.71
MSLj,3,1,4,0.75
MSLl,9,5,14,0.64
MSLm,11,11,22,0.5
MSLn,15,18,33,0.45
MSLs,10,14,24,0.42
MSLt,3,1,4,0.75
MSMB,29,38,67,0.43
MSMD,1,5,6,0.17
MSMI,1,0,1,1.0
MSMK,1,0,1,1.0
MSML,14,10,24,0.58
MSMM,27,47,74,0.36
MSMN,36,36,72,0.5
MSMP,38,38,76,0.5
MSMS,32,24,56,0.57
MSMb,33,42,75,0.44
MSMh,35,31,66,0.53
MSMj,9,8,17,0.53
MSMl,17,8,25,0.68
MSMm,43,35,78,0.55
MSMn,46,57,103,0.45
MSMs,27,13,40,0.68
MSMt,6,3,9,0.67
MSNB,19,17,36,0.53
MSND,3,2,5,0.6
MSNH,4,10,14,0.29
MSNK,6,6,12,0.5
MSNL,12,20,32,0.38
MSNM,32,37,69,0.46
MSNN,46,41,87,0.53
MSNP,43,48,91,0.47
MSNS,24,27,51,0.47
MSNb,30,28,58,0.52
MSNh,9,7,16,0.56
MSNl,7,5,12,0.58
MSNm,33,21,54,0.61
MSNn,51,59,110,0.46
MSNs,25,16,41,0.61
MSNt,6,11,17,0.35
MSPB,41,29,70,0.59
MSPD,8,5,13,0.62
MSPH,18,12,30,0.6
MSPI,8,4,12,0.67
MSPK,11,6,17,0.65
MSPL,17,14,31,0.55
MSPM,33,61,94,0.35
MSPN,62,66,128,0.48
MSPP,88,62,150,0.59
MSPS,41,43,84,0.49
MSPb,43,45,88,0.49
MSPh,6,3,9,0.67
MSPl,24,20,44,0.55
MSPm,39,36,75,0.52
MSPn,45,56,101,0.45
MSPs,38,29,67,0.57
MSPt,4,7,11,0.36
MSSB,23,23,46,0.5
MSSD,9,5,14,0.64
MSSH,13,23,36,0.36
MSSI,2,1,3,0.67
MSSK,2,3,5,0.4
MSSL,7,7,14,0.5
MSSM,37,40,77,0.48
MSSN,26,34,60,0.43
MSSP,35,31,66,0.53
MSSS,55,68,123,0.45
MSSb,37,27,64,0.58
MSSh,23,19,42,0.55
MSSl,10,9,19,0.53
MSSm,41,24,65,0.63
MSSn,40,40,80,0.5
MSSs,51,43,94,0.54
MSSt,8,2,10,0.8
MSbB,26,28,54,0.48
MSbD,7,6,13,0.54
MSbH,8,7,15,0.53
MSbI,2,1,3,0.67
MSbJ,5,9,14,0.36
MSbK,8,4,12,0.67
MSbL,9,11,20,0.45
MSbM,34,36,70,0.49
MSbN,37,57,94,0.39
MSbP,40,42,82,0.49
MSbS,23,22,45,0.51
MSbb,43,29,72,0.6
MSbh,0,1,1,0.0
MSbl,9,9,18,0.5
MSbm,27,15,42,0.64
MSbn,46,42,88,0.52
MSbs,20,14,34,0.59
MShB,13,14,27,0.48
MShD,1,1,2,0.5
MShH,5,8,13,0.38
MShK,2,0,2,1.0
MShL,8,4,12,0.67
MShM,18,29,47,0.38
MShN,20,26,46,0.43
MShP,34,21,55,0.62
MShS,24,15,39,0.62
MShb,18,13,31,0.58
MShh,25,19,44,0.57
MShl,4,7,11,0.36
MShm,24,20,44,0.55
MShn,27,32,59,0.46
MShs,31,21,52,0.6
MSht,3,3,6,0.5
MSlB,8,11,19,0.42
MSlD,2,0,2,1.0
MSlH,8,16,24,0.33
MSlI,1,1,2,0.5
MSlJ,4,3,7,0.57
MSlK,1,0,1,1.0
MSlL,8,3,11,0.73
MSlM,19,21,40,0.48
MSlN,18,14,32,0.56
MSlP,18,17,35,0.51
MSlS,7,13,20,0.35
MSlb,14,17,31,0.45
MSlh,0,0,0,
MSll,8,6,14,0.57
MSlm,18,11,29,0.62
MSln,12,11,23,0.52
MSls,6,9,15,0.4
MSmB,35,20,55,0.64
MSmD,5,9,14,0.36
MSmH,27,37,64,0.42
MSmI,3,0,3,1.0
MSmJ,4,7,11,0.36
MSmK,0,3,3,0.0
MSmL,11,12,23,0.48
MSmM,47,38,85,0.55
MSmN,51,52,103,0.5
MSmP,38,40,78,0.49
MSmS,29,41,70,0.41
MSmb,42,39,81,0.52
MSmh,1,1,2,0.5
MSml,6,14,20,0.3
MSmm,32,40,72,0.44
MSmn,38,44,82,0.46
MSms,23,15,38,0.61
MSnB,22,27,49,0.45
MSnD,5,5,10,0.5
MSnH,28,30,58,0.48
MSnI,5,5,10,0.5
MSnK,2,5,7,0.29
MSnL,7,14,21,0.33
MSnM,37,32,69,0.54
MSnN,76,60,136,0.56
MSnP,56,63,119,0.47
MSnS,40,40,80,0.5
MSnb,34,39,73,0.47
MSnh,4,2,6,0.67
MSnl,13,15,28,0.46
MSnm,45,29,74,0.61
MSnn,56,52,108,0.52
MSns,42,21,63,0.67
MSnt,0,1,1,0.0
MSsB,17,18,35,0.49
MSsD,13,3,16,0.81
MSsH,35,29,64,0.55
MSsI,5,4,9,0.56
MSsK,1,0,1,1.0
MSsL,9,16,25,0.36
MSsM,35,38,73,0.48
MSsN,38,34,72,0.53
MSsP,26,41,67,0.39
MSsS,43,47,90,0.48
MSsb,21,27,48,0.44
MSsh,2,2,4,0.5
MSsl,22,6,28,0.79
MSsm,44,19,63,0.7
MSsn,24,25,49,0.49
MSss,32,22,54,0.59
MSst,1,0,1,1.0
MStB,2,10,12,0.17
MStD,0,0,0,
MStH,3,4,7,0.43
MStL,1,2,3,0.33
MStM,5,11,16,0.31
MStN,6,6,12,0.5
MStP,11,12,23,0.48
MStS,4,8,12,0.33
MStb,3,6,9,0.33
MStl,3,6,9,0.33
MStm,4,9,13,0.31
MStn,4,9,13,0.31
MSts,3,2,5,0.6
MStt,1,2,3,0.33
MbBB,55,41,96,0.57
MbBD,6,8,14,0.43
MbBH,1,1,2,0.5
MbBI,0,1,1,0.0
MbBK,3,6,9,0.33
MbBL,12,13,25,0.48
MbBM,52,59,111,0.47
MbBN,49,58,107,0.46
MbBP,61,56,117,0.52
MbBS,15,24,39,0.38
MbBb,49,46,95,0.52
MbBh,16,9,25,0.64
MbBj,15,23,38,0.39
MbBl,8,16,24,0.33
MbBm,47,36,83,0.57
MbBn,71,72,143,0.5
MbBs,29,21,50,0.58
MbBt,7,9,16,0.44
MbDB,4,3,7,0.57
MbDD,3,0,3,1.0
MbDH,7,7,14,0.5
MbDL,0,1,1,0.0
MbDM,10,10,20,0.5
MbDN,10,4,14,0.71
MbDP,11,7,18,0.61
MbDS,12,1,13,0.92
MbDb,3,5,8,0.38
MbDl,0,3,3,0.0
MbDm,8,10,18,0.44
MbDn,7,6,13,0.54
MbDs,3,7,10,0.3
MbDt,0,1,1,0.0
MbHB,15,13,28,0.54
MbHD,0,3,3,0.0
MbHH,4,6,10,0.4
MbHI,3,2,5,0.6
MbHK,1,3,4,0.25
MbHL,8,8,16,0.5
MbHM,16,25,41,0.39
MbHN,21,21,42,0.5
MbHP,26,34,60,0.43
MbHS,17,12,29,0.59
MbHb,26,25,51,0.51
MbHh,7,6,13,0.54
MbHl,7,4,11,0.64
MbHm,15,16,31,0.48
MbHn,28,19,47,0.6
MbHs,7,11,18,0.39
MbHt,0,2,2,0.0
MbIB,4,3,7,0.57
MbID,0,1,1,0.0
MbIH,6,7,13,0.46
MbII,1,1,2,0.5
MbIL,1,4,5,0.2
MbIM,6,7,13,0.46
MbIN,7,7,14,0.5
MbIP,9,5,14,0.64
MbIS,3,4,7,0.43
MbIb,6,9,15,0.4
MbIl,4,0,4,1.0
MbIm,5,6,11,0.45
MbIn,7,2,9,0.78
MbIs,2,2,4,0.5
MbIt,1,0,1,1.0
MbJB,8,9,17,0.47
MbJD,4,2,6,0.67
MbJH,6,7,13,0.46
MbJI,4,1,5,0.8
MbJK,1,1,2,0.5
MbJL,10,8,18,0.56
MbJM,15,19,34,0.44
MbJN,22,16,38,0.58
MbJP,22,25,47,0.47
MbJS,13,10,23,0.57
MbJb,16,14,30,0.53
MbJh,3,2,5,0.6
MbJl,7,6,13,0.54
MbJm,15,12,27,0.56
MbJn,16,15,31,0.52
MbJs,11,6,17,0.65
MbJt,3,0,3,1.0
MbKB,3,5,8,0.38
MbKD,3,1,4,0.75
MbKH,1,2,3,0.33
MbKI,1,1,2,0.5
MbKL,5,1,6,0.83
MbKM,11,8,19,0.58
MbKN,4,6,10,0.4
MbKP,14,13,27,0.52
MbKS,6,10,16,0.38
MbKb,2,5,7,0.29
MbKh,11,12,23,0.48
MbKl,4,4,8,0.5
MbKm,5,4,9,0.56
MbKn,8,8,16,0.5
MbKs,12,5,17,0.71
MbKt,2,1,3,0.67
MbLB,19,19,38,0.5
MbLD,4,1,5,0.8
MbLH,1,0,1,1.0
MbLI,1,0,1,1.0
MbLK,0,2,2,0.0
MbLL,6,1,7,0.86
MbLM,19,21,40,0.48
MbLN,20,16,36,0.56
MbLP,30,24,54,0.56
MbLS,5,15,20,0.25
MbLb,11,11,22,0.5
MbLh,5,9,14,0.36
MbLj,3,9,12,0.25
MbLl,6,7,13,0.46
MbLm,16,20,36,0.44
MbLn,21,22,43,0.49
MbLs,14,14,28,0.5
MbLt,8,2,10,0.8
MbMB,41,49,90,0.46
MbMD,12,12,24,0.5
MbMH,2,0,2,1.0
MbML,12,13,25,0.48
MbMM,51,59,110,0.46
MbMN,51,65,116,0.44
MbMP,68,78,146,0.47
MbMS,38,42,80,0.48
MbMb,56,42,98,0.57
MbMh,54,61,115,0.47
MbMj,15,11,26,0.58
MbMl,28,19,47,0.6
MbMm,62,66,128,0.48
MbMn,95,95,190,0.5
MbMs,39,43,82,0.48
MbMt,5,5,10,0.5
MbNB,57,52,109,0.52
MbND,14,5,19,0.74
MbNH,20,13,33,0.61
MbNK,3,5,8,0.38
MbNL,19,38,57,0.33
MbNM,65,75,140,0.46
MbNN,112,119,231,0.48
MbNP,135,122,257,0.53
MbNS,58,82,140,0.41
MbNb,82,69,151,0.54
MbNh,35,41,76,0.46
MbNl,29,18,47,0.62
MbNm,78,46,124,0.63
MbNn,119,124,243,0.49
MbNs,45,72,117,0.38
MbNt,24,13,37,0.65
MbPB,69,58,127,0.54
MbPD,3,7,10,0.3
MbPH,20,23,43,0.47
MbPI,6,5,11,0.55
MbPK,11,6,17,0.65
MbPL,27,39,66,0.41
MbPM,72,79,151,0.48
MbPN,76,96,172,0.44
MbPP,124,120,244,0.51
MbPS,57,61,118,0.48
MbPb,85,67,152,0.56
MbPh,15,14,29,0.52
MbPl,30,41,71,0.42
MbPm,60,54,114,0.53
MbPn,111,85,196,0.57
MbPs,52,50,102,0.51
MbPt,8,9,17,0.47
MbSB,21,23,44,0.48
MbSD,5,1,6,0.83
MbSH,15,16,31,0.48
MbSI,2,2,4,0.5
MbSK,1,0,1,1.0
MbSL,17,14,31,0.55
MbSM,33,38,71,0.46
MbSN,32,38,70,0.46
MbSP,43,55,98,0.44
MbSS,37,29,66,0.56
MbSb,27,29,56,0.48
MbSh,33,22,55,0.6
MbSl,14,18,32,0.44
MbSm,36,25,61,0.59
MbSn,54,41,95,0.57
MbSs,40,29,69,0.58
MbSt,2,5,7,0.29
MbbB,62,55,117,0.53
MbbD,5,7,12,0.42
MbbH,18,22,40,0.45
MbbI,6,4,10,0.6
MbbJ,14,20,34,0.41
MbbK,10,3,13,0.77
MbbL,19,17,36,0.53
MbbM,64,74,138,0.46
MbbN,84,92,176,0.48
MbbP,89,101,190,0.47
MbbS,19,38,57,0.33
Mbbb,70,56,126,0.56
Mbbl,26,19,45,0.58
Mbbm,44,42,86,0.51
Mbbn,105,72,177,0.59
Mbbs,30,22,52,0.58
MbhP,1,0,1,1.0
MbhS,1,0,1,1.0
Mbhb,2,0,2,1.0
Mbhm,0,1,1,0.0
MblB,7,24,31,0.23
MblD,0,0,0,
MblH,13,13,26,0.5
MblI,0,2,2,0.0
MblJ,5,3,8,0.62
MblK,3,0,3,1.0
MblL,3,8,11,0.27
MblM,23,21,44,0.52
MblN,22,25,47,0.47
MblP,37,22,59,0.63
MblS,16,10,26,0.62
Mblb,21,30,51,0.41
Mbll,3,5,8,0.38
Mblm,17,17,34,0.5
Mbln,20,17,37,0.54
Mbls,16,9,25,0.64
MbmB,31,35,66,0.47
MbmD,4,7,11,0.36
MbmH,53,28,81,0.65
MbmI,3,4,7,0.43
MbmJ,8,15,23,0.35
MbmK,0,1,1,0.0
MbmL,16,19,35,0.46
MbmM,66,62,128,0.52
MbmN,68,60,128,0.53
MbmP,69,67,136,0.51
MbmS,30,30,60,0.5
Mbmb,53,46,99,0.54
Mbml,10,15,25,0.4
Mbmm,51,31,82,0.62
Mbmn,51,45,96,0.53
Mbms,21,25,46,0.46
MbnB,48,50,98,0.49
MbnD,9,8,17,0.53
MbnH,39,32,71,0.55
MbnI,14,10,24,0.58
MbnK,4,5,9,0.44
MbnL,16,20,36,0.44
MbnM,73,61,134,0.54
MbnN,104,111,215,0.48
MbnP,128,113,241,0.53
MbnS,50,38,88,0.57
Mbnb,72,72,144,0.5
Mbnh,5,7,12,0.42
Mbnl,26,20,46,0.57
Mbnm,65,43,108,0.6
Mbnn,84,91,175,0.48
Mbns,43,40,83,0.52
Mbnt,1,0,1,1.0
MbsB,25,12,37,0.68
MbsD,8,2,10,0.8
MbsH,36,30,66,0.55
MbsI,7,6,13,0.54
MbsK,1,1,2,0.5
MbsL,7,13,20,0.35
MbsM,35,38,73,0.48
MbsN,36,40,76,0.47
MbsP,47,39,86,0.55
MbsS,33,31,64,0.52
Mbsb,31,24,55,0.56
Mbsh,1,0,1,1.0
Mbsl,9,8,17,0.53
Mbsm,30,17,47,0.64
Mbsn,26,33,59,0.44
Mbss,32,14,46,0.7
Mbst,1,1,2,0.5
MhBB,39,39,78,0.5
MhBD,5,5,10,0.5
MhBK,3,5,8,0.38
MhBL,10,6,16,0.62
MhBM,28,31,59,0.47
MhBN,37,40,77,0.48
MhBP,39,57,96,0.41
MhBS,16,23,39,0.41
MhBb,35,32,67,0.52
MhBh,2,6,8,0.25
MhBj,11,12,23,0.48
MhBl,11,13,24,0.46
MhBm,39,36,75,0.52
MhBn,55,48,103,0.53
MhBs,19,14,33,0.58
MhBt,9,3,12,0.75
MhDB,2,6,8,0.25
MhDD,3,1,4,0.75
MhDH,6,5,11,0.55
MhDL,2,2,4,0.5
MhDM,4,9,13,0.31
MhDN,2,7,9,0.22
MhDP,5,11,16,0.31
MhDS,6,7,13,0.46
MhDb,4,7,11,0.36
MhDh,0,1,1,0.0
MhDl,2,1,3,0.67
MhDm,5,9,14,0.36
MhDn,11,6,17,0.65
MhDs,8,5,13,0.62
MhDt,1,0,1,1.0
MhHB,14,8,22,0.64
MhHD,1,0,1,1.0
MhHH,3,1,4,0.75
MhHI,0,1,1,0.0
MhHK,0,1,1,0.0
MhHL,2,0,2,1.0
MhHM,9,9,18,0.5
MhHN,6,9,15,0.4
MhHP,12,16,28,0.43
MhHS,8,12,20,0.4
MhHb,10,9,19,0.53
MhHh,4,6,10,0.4
MhHl,3,6,9,0.33
MhHm,11,8,19,0.58
MhHn,10,14,24,0.42
MhHs,11,10,21,0.52
MhHt,1,0,1,1.0
MhIB,3,1,4,0.75
MhID,1,0,1,1.0
MhIH,3,4,7,0.43
MhII,0,1,1,0.0
MhIM,1,3,4,0.25
MhIN,4,4,8,0.5
MhIP,6,1,7,0.86
MhIS,4,2,6,0.67
MhIb,0,2,2,0.0
MhIl,0,3,3,0.0
MhIm,0,2,2,0.0
MhIn,4,1,5,0.8
MhIs,4,2,6,0.67
MhIt,1,0,1,1.0
MhKB,1,0,1,1.0
MhKD,0,1,1,0.0
MhKL,1,0,1,1.0
MhKM,3,2,5,0.6
MhKN,2,3,5,0.4
MhKP,0,1,1,0.0
MhKS,0,1,1,0.0
MhKb,0,1,1,0.0
MhKh,0,0,0,
MhKl,1,0,1,1.0
MhKn,1,2,3,0.33
MhKs,1,0,1,1.0
MhKt,1,0,1,1.0
MhLB,14,12,26,0.54
MhLD,1,0,1,1.0
MhLK,1,2,3,0.33
MhLL,5,5,10,0.5
MhLM,17,10,27,0.63
MhLN,14,15,29,0.48
MhLP,22,23,45,0.49
MhLS,4,8,12,0.33
MhLb,17,11,28,0.61
MhLh,10,8,18,0.56
MhLj,4,4,8,0.5
MhLl,5,11,16,0.31
MhLm,8,11,19,0.42
MhLn,21,14,35,0.6
MhLs,5,5,10,0.5
MhLt,4,1,5,0.8
MhMB,45,58,103,0.44
MhMD,5,9,14,0.36
MhMH,0,2,2,0.0
MhML,18,20,38,0.47
MhMM,45,63,108,0.42
MhMN,43,57,100,0.43
MhMP,59,57,116,0.51
MhMS,27,34,61,0.44
MhMb,34,60,94,0.36
MhMh,31,42,73,0.42
MhMj,5,9,14,0.36
MhMl,23,16,39,0.59
MhMm,51,36,87,0.59
MhMn,64,71,135,0.47
MhMs,28,28,56,0.5
MhMt,2,7,9,0.22
MhNB,44,38,82,0.54
MhND,5,4,9,0.56
MhNH,3,7,10,0.3
MhNI,0,0,0,
MhNK,7,8,15,0.47
MhNL,12,13,25,0.48
MhNM,36,53,89,0.4
MhNN,52,47,99,0.53
MhNP,73,71,144,0.51
MhNS,43,33,76,0.57
MhNb,36,36,72,0.5
MhNh,15,19,34,0.44
MhNl,17,14,31,0.55
MhNm,40,29,69,0.58
MhNn,63,53,116,0.54
MhNs,25,34,59,0.42
MhNt,10,6,16,0.62
MhPB,36,44,80,0.45
MhPD,10,5,15,0.67
MhPH,14,26,40,0.35
MhPI,3,2,5,0.6
MhPK,4,10,14,0.29
MhPL,31,19,50,0.62
MhPM,66,65,131,0.5
MhPN,64,72,136,0.47
MhPP,98,94,192,0.51
MhPS,57,48,105,0.54
MhPb,60,59,119,0.5
MhPh,5,11,16,0.31
MhPl,31,29,60,0.52
MhPm,64,64,128,0.5
MhPn,63,72,135,0.47
MhPs,41,55,96,0.43
MhPt,12,8,20,0.6
MhSB,36,21,57,0.63
MhSD,5,4,9,0.56
MhSH,14,17,31,0.45
MhSI,2,0,2,1.0
MhSK,1,2,3,0.33
MhSL,18,7,25,0.72
MhSM,45,44,89,0.51
MhSN,48,28,76,0.63
MhSP,40,47,87,0.46
MhSS,55,52,107,0.51
MhSb,22,39,61,0.36
MhSh,27,27,54,0.5
MhSl,12,14,26,0.46
MhSm,42,23,65,0.65
MhSn,37,32,69,0.54
MhSs,35,37,72,0.49
MhSt,3,5,8,0.38
MhbB,29,20,49,0.59
MhbD,3,5,8,0.38
MhbH,11,11,22,0.5
MhbI,2,2,4,0.5
MhbJ,16,12,28,0.57
MhbK,7,5,12,0.58
MhbL,16,17,33,0.48
MhbM,54,45,99,0.55
MhbN,56,59,115,0.49
MhbP,48,55,103,0.47
MhbS,29,26,55,0.53
Mhbb,42,50,92,0.46
Mhbl,17,13,30,0.57
Mhbm,39,31,70,0.56
Mhbn,55,44,99,0.56
Mhbs,18,21,39,0.46
MhhB,33,25,58,0.57
MhhD,1,4,5,0.2
MhhH,11,4,15,0.73
MhhI,2,1,3,0.67
MhhK,0,1,1,0.0
MhhL,12,16,28,0.43
MhhM,44,50,94,0.47
MhhN,32,22,54,0.59
MhhP,45,47,92,0.49
MhhS,52,44,96,0.54
Mhhb,44,21,65,0.68
Mhhh,32,46,78,0.41
Mhhl,18,17,35,0.51
Mhhm,40,37,77,0.52
Mhhn,47,47,94,0.5
Mhhs,33,32,65,0.51
Mhht,4,5,9,0.44
MhlB,15,18,33,0.45
MhlD,1,2,3,0.33
MhlH,15,19,34,0.44
MhlI,2,3,5,0.4
MhlJ,9,5,14,0.64
MhlK,2,1,3,0.67
MhlL,4,9,13,0.31
MhlM,22,32,54,0.41
MhlN,17,31,48,0.35
MhlP,36,28,64,0.56
MhlS,20,23,43,0.47
Mhlb,12,28,40,0.3
Mhll,18,5,23,0.78
Mhlm,24,15,39,0.62
Mhln,17,19,36,0.47
Mhls,24,11,35,0.69
MhmB,36,34,70,0.51
MhmD,13,7,20,0.65
MhmH,34,41,75,0.45
MhmI,1,7,8,0.12
MhmJ,6,11,17,0.35
MhmK,0,1,1,0.0
MhmL,18,18,36,0.5
MhmM,47,64,111,0.42
MhmN,49,58,107,0.46
MhmP,57,48,105,0.54
MhmS,43,47,90,0.48
Mhmb,43,38,81,0.53
Mhml,6,7,13,0.46
Mhmm,58,37,95,0.61
Mhmn,49,36,85,0.58
Mhms,34,29,63,0.54
MhnB,38,29,67,0.57
MhnD,5,5,10,0.5
MhnH,27,28,55,0.49
MhnI,9,5,14,0.64
MhnK,5,11,16,0.31
MhnL,32,18,50,0.64
MhnM,44,58,102,0.43
MhnN,70,65,135,0.52
MhnP,81,74,155,0.52
MhnS,53,48,101,0.52
Mhnb,44,46,90,0.49
Mhnh,3,2,5,0.6
Mhnl,22,9,31,0.71
Mhnm,49,32,81,0.6
Mhnn,56,45,101,0.55
Mhns,43,41,84,0.51
MhsB,15,20,35,0.43
MhsD,5,7,12,0.42
MhsH,37,35,72,0.51
MhsI,3,2,5,0.6
MhsK,2,2,4,0.5
MhsL,15,12,27,0.56
MhsM,30,36,66,0.45
MhsN,39,41,80,0.49
MhsP,52,45,97,0.54
MhsS,54,45,99,0.55
Mhsb,31,24,55,0.56
Mhsh,2,3,5,0.4
Mhsl,10,15,25,0.4
Mhsm,44,36,80,0.55
Mhsn,35,39,74,0.47
Mhss,22,35,57,0.39
Mhst,1,0,1,1.0
MhtB,3,3,6,0.5
MhtD,1,0,1,1.0
MhtH,1,3,4,0.25
MhtL,0,2,2,0.0
MhtM,7,5,12,0.58
MhtN,2,7,9,0.22
MhtP,6,11,17,0.35
MhtS,5,3,8,0.62
Mhtb,3,5,8,0.38
Mhth,0,0,0,
Mhtl,4,2,6,0.67
Mhtm,5,5,10,0.5
Mhtn,2,3,5,0.4
Mhts,6,3,9,0.67
Mhtt,1,2,3,0.33
MjBB,11,7,18,0.61
MjBD,0,0,0,
MjBK,1,1,2,0.5
MjBL,4,6,10,0.4
MjBM,8,16,24,0.33
MjBN,11,15,26,0.42
MjBP,14,10,24,0.58
MjBS,6,8,14,0.43
MjBb,13,11,24,0.54
MjBh,1,6,7,0.14
MjBj,4,2,6,0.67
MjBl,6,5,11,0.55
MjBm,15,12,27,0.56
MjBn,10,14,24,0.42
MjBs,4,2,6,0.67
MjBt,0,0,0,
MjDB,0,1,1,0.0
MjDH,1,3,4,0.25
MjDL,1,0,1,1.0
MjDM,1,0,1,1.0
MjDN,3,0,3,1.0
MjDP,2,1,3,0.67
MjDS,1,0,1,1.0
MjDb,1,2,3,0.33
MjDh,1,0,1,1.0
MjDm,2,1,3,0.67
MjDn,1,0,1,1.0
MjDs,0,1,1,0.0
MjHB,3,6,9,0.33
MjHI,1,0,1,1.0
MjHL,0,2,2,0.0
MjHM,3,7,10,0.3
MjHN,6,2,8,0.75
MjHP,6,9,15,0.4
MjHS,3,6,9,0.33
MjHb,5,5,10,0.5
MjHh,3,0,3,1.0
MjHl,2,0,2,1.0
MjHm,5,3,8,0.62
MjHn,7,5,12,0.58
MjHs,7,3,10,0.7
MjHt,0,1,1,0.0
MjIB,1,1,2,0.5
MjIL,0,1,1,0.0
MjIM,3,0,3,1.0
MjIP,3,2,5,0.6
MjIb,2,1,3,0.67
MjIm,1,2,3,0.33
MjIn,1,0,1,1.0
MjKB,1,0,1,1.0
MjKL,1,2,3,0.33
MjKM,0,2,2,0.0
MjKN,2,1,3,0.67
MjKP,0,2,2,0.0
MjKS,1,0,1,1.0
MjKb,1,2,3,0.33
MjKh,2,1,3,0.67
MjKl,2,0,2,1.0
MjKm,1,2,3,0.33
MjKn,2,2,4,0.5
MjKs,0,0,0,
MjLB,2,5,7,0.29
MjLK,1,0,1,1.0
MjLL,1,0,1,1.0
MjLM,2,6,8,0.25
MjLN,4,3,7,0.57
MjLP,5,9,14,0.36
MjLS,4,1,5,0.8
MjLb,5,5,10,0.5
MjLh,2,2,4,0.5
MjLj,4,1,5,0.8
MjLl,4,3,7,0.57
MjLm,4,5,9,0.44
MjLn,9,6,15,0.6
MjLs,4,2,6,0.67
MjMB,10,15,25,0.4
MjMD,0,2,2,0.0
MjML,3,6,9,0.33
MjMM,10,10,20,0.5
MjMN,16,14,30,0.53
MjMP,13,17,30,0.43
MjMS,8,9,17,0.47
MjMb,17,17,34,0.5
MjMh,7,8,15,0.47
MjMj,5,3,8,0.62
MjMl,7,1,8,0.88
MjMm,10,11,21,0.48
MjMn,19,25,44,0.43
MjMs,10,5,15,0.67
MjMt,4,0,4,1.0
MjNB,12,7,19,0.63
MjND,3,3,6,0.5
MjNH,2,2,4,0.5
MjNL,6,8,14,0.43
MjNM,10,10,20,0.5
MjNN,13,19,32,0.41
MjNP,22,25,47,0.47
MjNS,9,15,24,0.38
MjNb,8,11,19,0.42
MjNh,9,8,17,0.53
MjNl,4,7,11,0.36
MjNm,13,9,22,0.59
MjNn,23,14,37,0.62
MjNs,6,9,15,0.4
MjNt,2,2,4,0.5
MjPB,14,14,28,0.5
MjPD,3,2,5,0.6
MjPH,5,5,10,0.5
MjPI,2,1,3,0.67
MjPK,5,2,7,0.71
MjPL,14,11,25,0.56
MjPM,15,17,32,0.47
MjPN,20,14,34,0.59
MjPP,28,35,63,0.44
MjPS,10,17,27,0.37
MjPb,21,16,37,0.57
MjPh,2,1,3,0.67
MjPl,14,8,22,0.64
MjPm,21,20,41,0.51
MjPn,28,28,56,0.5
MjPs,10,10,20,0.5
MjPt,1,6,7,0.14
MjSB,7,12,19,0.37
MjSD,1,0,1,1.0
MjSH,5,4,9,0.56
MjSK,0,1,1,0.0
MjSL,4,2,6,0.67
MjSM,11,7,18,0.61
MjSN,6,4,10,0.6
MjSP,18,14,32,0.56
MjSS,10,13,23,0.43
MjSb,7,10,17,0.41
MjSh,5,6,11,0.45
MjSl,10,3,13,0.77
MjSm,9,9,18,0.5
MjSn,14,13,27,0.52
MjSs,6,7,13,0.46
MjSt,0,1,1,0.0
MjbB,15,13,28,0.54
MjbD,0,2,2,0.0
MjbH,4,4,8,0.5
MjbI,0,1,1,0.0
MjbJ,2,5,7,0.29
MjbK,1,1,2,0.5
MjbL,5,6,11,0.45
MjbM,15,19,34,0.44
MjbN,21,14,35,0.6
MjbP,23,25,48,0.48
MjbS,6,14,20,0.3
Mjbb,15,10,25,0.6
Mjbl,6,11,17,0.35
Mjbm,10,10,20,0.5
Mjbn,5,11,16,0.31
Mjbs,5,5,10,0.5
MjhB,2,0,2,1.0
MjhL,2,0,2,1.0
MjhM,0,2,2,0.0
MjhN,2,3,5,0.4
MjhP,2,2,4,0.5
MjhS,1,0,1,1.0
Mjhb,2,1,3,0.67
Mjhh,4,7,11,0.36
Mjhl,2,1,3,0.67
Mjhm,3,1,4,0.75
Mjhn,1,3,4,0.25
Mjhs,1,3,4,0.25
MjlB,1,7,8,0.12
MjlD,0,1,1,0.0
MjlH,5,7,12,0.42
MjlJ,1,2,3,0.33
MjlL,2,3,5,0.4
MjlM,8,7,15,0.53
MjlN,5,9,14,0.36
MjlP,14,7,21,0.67
MjlS,4,6,10,0.4
Mjlb,7,7,14,0.5
Mjll,7,1,8,0.88
Mjlm,3,4,7,0.43
Mjln,5,2,7,0.71
Mjls,4,4,8,0.5
MjmB,9,6,15,0.6
MjmD,0,2,2,0.0
MjmH,10,12,22,0.45
MjmI,0,0,0,
MjmJ,3,4,7,0.43
MjmL,5,6,11,0.45
MjmM,6,7,13,0.46
MjmN,18,16,34,0.53
MjmP,10,14,24,0.42
MjmS,7,15,22,0.32
Mjmb,10,11,21,0.48
Mjml,3,5,8,0.38
Mjmm,11,10,21,0.52
Mjmn,10,10,20,0.5
Mjms,5,2,7,0.71
MjnB,14,13,27,0.52
MjnD,1,1,2,0.5
MjnH,7,5,12,0.58
MjnI,1,3,4,0.25
MjnK,2,1,3,0.67
MjnL,6,6,12,0.5
MjnM,9,14,23,0.39
MjnN,18,18,36,0.5
MjnP,16,23,39,0.41
MjnS,12,19,31,0.39
Mjnb,13,18,31,0.42
Mjnh,2,0,2,1.0
Mjnl,10,4,14,0.71
Mjnm,12,12,24,0.5
Mjnn,16,16,32,0.5
Mjns,10,11,21,0.48
MjsB,8,4,12,0.67
MjsD,2,2,4,0.5
MjsH,10,10,20,0.5
MjsI,3,1,4,0.75
MjsK,0,1,1,0.0
MjsL,2,7,9,0.22
MjsM,12,5,17,0.71
MjsN,6,7,13,0.46
MjsP,13,10,23,0.57
MjsS,12,7,19,0.63
Mjsb,7,4,11,0.64
Mjsh,0,1,1,0.0
Mjsl,5,4,9,0.56
Mjsm,10,4,14,0.71
Mjsn,10,7,17,0.59
Mjss,9,4,13,0.69
Mjst,1,0,1,1.0
MjtB,0,1,1,0.0
MjtD,1,0,1,1.0
MjtH,4,0,4,1.0
MjtK,1,1,2,0.5
MjtL,3,2,5,0.6
MjtM,1,1,2,0.5
MjtN,3,3,6,0.5
MjtP,1,5,6,0.17
MjtS,2,1,3,0.67
Mjtb,1,1,2,0.5
Mjtl,0,1,1,0.0
Mjtm,1,0,1,1.0
Mjtn,4,1,5,0.8
Mjts,1,2,3,0.33
Mjtt,0,1,1,0.0
MlBB,11,16,27,0.41
MlBD,3,2,5,0.6
MlBK,1,3,4,0.25
MlBL,4,11,15,0.27
MlBM,13,16,29,0.45
MlBN,17,28,45,0.38
MlBP,23,19,42,0.55
MlBS,6,14,20,0.3
MlBb,16,17,33,0.48
MlBh,2,1,3,0.67
MlBj,4,6,10,0.4
MlBl,4,14,18,0.22
MlBm,19,18,37,0.51
MlBn,28,22,50,0.56
MlBs,7,15,22,0.32
MlBt,2,3,5,0.4
MlDB,3,2,5,0.6
MlDD,1,1,2,0.5
MlDH,3,2,5,0.6
MlDI,0,1,1,0.0
MlDL,1,1,2,0.5
MlDM,2,5,7,0.29
MlDN,0,2,2,0.0
MlDP,3,3,6,0.5
MlDS,2,1,3,0.67
MlDb,1,4,5,0.2
MlDl,1,0,1,1.0
MlDm,4,2,6,0.67
MlDn,4,0,4,1.0
MlDs,0,1,1,0.0
MlHB,9,11,20,0.45
MlHD,2,0,2,1.0
MlHH,3,1,4,0.75
MlHI,1,0,1,1.0
MlHK,0,0,0,
MlHL,5,5,10,0.5
MlHM,13,12,25,0.52
MlHN,27,17,44,0.61
MlHP,29,23,52,0.56
MlHS,22,21,43,0.51
MlHb,17,13,30,0.57
MlHh,7,9,16,0.44
MlHl,6,6,12,0.5
MlHm,18,9,27,0.67
MlHn,24,22,46,0.52
MlHs,17,18,35,0.49
MlHt,3,0,3,1.0
MlIB,0,2,2,0.0
MlID,0,0,0,
MlIH,0,2,2,0.0
MlII,0,1,1,0.0
MlIL,0,1,1,0.0
MlIM,4,6,10,0.4
MlIN,2,3,5,0.4
MlIP,3,3,6,0.5
MlIS,2,1,3,0.67
MlIb,3,4,7,0.43
MlIh,0,0,0,
MlIm,0,2,2,0.0
MlIn,1,0,1,1.0
MlIs,0,0,0,
MlIt,0,1,1,0.0
MlJB,6,6,12,0.5
MlJD,1,0,1,1.0
MlJH,6,3,9,0.67
MlJI,1,0,1,1.0
MlJL,2,2,4,0.5
MlJM,7,4,11,0.64
MlJN,13,10,23,0.57
MlJP,11,9,20,0.55
MlJS,5,10,15,0.33
MlJb,5,8,13,0.38
MlJh,1,0,1,1.0
MlJl,3,2,5,0.6
MlJm,6,4,10,0.6
MlJn,3,3,6,0.5
MlJs,3,4,7,0.43
MlJt,2,0,2,1.0
MlKB,1,0,1,1.0
MlKM,1,2,3,0.33
MlKN,2,2,4,0.5
MlKP,2,1,3,0.67
MlKb,1,0,1,1.0
MlKh,1,1,2,0.5
MlKl,1,0,1,1.0
MlKm,2,1,3,0.67
MlKn,2,4,6,0.33
MlKs,1,0,1,1.0
MlLB,11,6,17,0.65
MlLD,1,1,2,0.5
MlLH,1,0,1,1.0
MlLK,1,0,1,1.0
MlLL,7,7,14,0.5
MlLM,12,9,21,0.57
MlLN,9,4,13,0.69
MlLP,17,13,30,0.57
MlLS,11,5,16,0.69
MlLb,4,7,11,0.36
MlLh,5,2,7,0.71
MlLj,3,5,8,0.38
MlLl,4,7,11,0.36
MlLm,3,6,9,0.33
MlLn,17,11,28,0.61
MlLs,6,5,11,0.55
MlLt,0,0,0,
MlMB,24,17,41,0.59
MlMD,2,2,4,0.5
MlML,8,10,18,0.44
MlMM,25,18,43,0.58
MlMN,20,35,55,0.36
MlMP,29,34,63,0.46
MlMS,13,14,27,0.48
MlMb,28,24,52,0.54
MlMh,19,13,32,0.59
MlMj,8,4,12,0.67
MlMl,10,5,15,0.67
MlMm,16,23,39,0.41
MlMn,49,49,98,0.5
MlMs,17,14,31,0.55
MlMt,5,4,9,0.56
MlNB,21,15,36,0.58
MlND,1,5,6,0.17
MlNH,6,5,11,0.55
MlNI,0,0,0,
MlNK,1,0,1,1.0
MlNL,6,11,17,0.35
MlNM,21,26,47,0.45
MlNN,39,36,75,0.52
MlNP,41,41,82,0.5
MlNS,24,29,53,0.45
MlNb,24,29,53,0.45
MlNh,10,16,26,0.38
MlNl,15,15,30,0.5
MlNm,36,27,63,0.57
MlNn,38,42,80,0.48
MlNs,29,23,52,0.56
MlNt,10,10,20,0.5
MlPB,20,22,42,0.48
MlPD,6,2,8,0.75
MlPH,9,11,20,0.45
MlPI,6,1,7,0.86
MlPK,3,4,7,0.43
MlPL,13,13,26,0.5
MlPM,27,30,57,0.47
MlPN,32,31,63,0.51
MlPP,60,51,111,0.54
MlPS,16,19,35,0.46
MlPb,32,30,62,0.52
MlPh,6,3,9,0.67
MlPl,14,10,24,0.58
MlPm,24,20,44,0.55
MlPn,37,28,65,0.57
MlPs,13,18,31,0.42
MlPt,5,3,8,0.62
MlSB,6,12,18,0.33
MlSD,4,3,7,0.57
MlSH,4,5,9,0.44
MlSI,0,1,1,0.0
MlSK,0,0,0,
MlSL,6,5,11,0.55
MlSM,14,17,31,0.45
MlSN,19,13,32,0.59
MlSP,24,37,61,0.39
MlSS,18,20,38,0.47
MlSb,19,19,38,0.5
MlSh,9,14,23,0.39
MlSl,11,9,20,0.55
MlSm,18,9,27,0.67
MlSn,26,24,50,0.52
MlSs,18,27,45,0.4
MlSt,1,1,2,0.5
MlbB,17,18,35,0.49
MlbD,2,3,5,0.4
MlbH,8,8,16,0.5
MlbI,3,1,4,0.75
MlbJ,3,7,10,0.3
MlbK,4,2,6,0.67
MlbL,7,8,15,0.47
MlbM,20,35,55,0.36
MlbN,31,35,66,0.47
MlbP,23,27,50,0.46
MlbS,12,16,28,0.43
Mlbb,26,24,50,0.52
Mlbl,10,7,17,0.59
Mlbm,16,18,34,0.47
Mlbn,24,16,40,0.6
Mlbs,4,10,14,0.29
Mlhb,1,0,1,1.0
Mlhn,1,0,1,1.0
MllB,11,4,15,0.73
MllD,1,2,3,0.33
MllH,4,5,9,0.44
MllI,2,0,2,1.0
MllJ,6,3,9,0.67
MllK,0,1,1,0.0
MllL,2,9,11,0.18
MllM,10,11,21,0.48
MllN,10,11,21,0.48
MllP,13,11,24,0.54
MllS,5,6,11,0.45
Mllb,9,11,20,0.45
Mlll,2,1,3,0.67
Mllm,10,6,16,0.62
Mlln,11,8,19,0.58
Mlls,2,3,5,0.4
MlmB,24,15,39,0.62
MlmD,5,3,8,0.62
MlmH,14,16,30,0.47
MlmI,4,1,5,0.8
MlmJ,4,4,8,0.5
MlmL,9,2,11,0.82
MlmM,14,21,35,0.4
MlmN,24,29,53,0.45
MlmP,23,27,50,0.46
MlmS,11,12,23,0.48
Mlmb,18,17,35,0.51
Mlml,6,4,10,0.6
Mlmm,20,13,33,0.61
Mlmn,36,13,49,0.73
Mlms,14,11,25,0.56
MlnB,15,21,36,0.42
MlnD,3,5,8,0.38
MlnH,15,15,30,0.5
MlnI,3,3,6,0.5
MlnK,1,4,5,0.2
MlnL,10,6,16,0.62
MlnM,26,35,61,0.43
MlnN,26,36,62,0.42
MlnP,36,28,64,0.56
MlnS,14,21,35,0.4
Mlnb,26,26,52,0.5
Mlnh,0,1,1,0.0
Mlnl,8,7,15,0.53
Mlnm,22,20,42,0.52
Mlnn,31,21,52,0.6
Mlns,21,9,30,0.7
Mlnt,1,0,1,1.0
MlsB,7,6,13,0.54
MlsD,1,1,2,0.5
MlsH,15,10,25,0.6
MlsI,1,1,2,0.5
MlsL,5,4,9,0.56
MlsM,16,13,29,0.55
MlsN,14,21,35,0.4
MlsP,16,17,33,0.48
MlsS,17,16,33,0.52
Mlsb,11,14,25,0.44
Mlsh,0,1,1,0.0
Mlsl,3,3,6,0.5
Mlsm,17,9,26,0.65
Mlsn,18,9,27,0.67
Mlss,11,10,21,0.52
MmBB,33,39,72,0.46
MmBD,7,12,19,0.37
MmBH,0,2,2,0.0
MmBK,7,6,13,0.54
MmBL,15,15,30,0.5
MmBM,40,50,90,0.44
MmBN,51,70,121,0.42
MmBP,71,64,135,0.53
MmBS,38,27,65,0.58
MmBb,49,47,96,0.51
MmBh,8,9,17,0.47
MmBj,15,9,24,0.62
MmBl,10,17,27,0.37
MmBm,59,56,115,0.51
MmBn,70,58,128,0.55
MmBs,27,29,56,0.48
MmBt,10,10,20,0.5
MmDB,13,14,27,0.48
MmDD,0,4,4,0.0
MmDH,11,15,26,0.42
MmDI,1,2,3,0.33
MmDL,5,2,7,0.71
MmDM,11,24,35,0.31
MmDN,22,22,44,0.5
MmDP,17,13,30,0.57
MmDS,14,17,31,0.45
MmDb,6,9,15,0.4
MmDh,0,2,2,0.0
MmDl,3,5,8,0.38
MmDm,24,17,41,0.59
MmDn,14,8,22,0.64
MmDs,13,5,18,0.72
MmDt,0,2,2,0.0
MmHB,35,32,67,0.52
MmHD,11,8,19,0.58
MmHH,9,9,18,0.5
MmHI,2,2,4,0.5
MmHK,2,5,7,0.29
MmHL,13,6,19,0.68
MmHM,50,59,109,0.46
MmHN,53,50,103,0.51
MmHP,73,72,145,0.5
MmHS,47,41,88,0.53
MmHb,40,54,94,0.43
MmHh,29,19,48,0.6
MmHl,13,15,28,0.46
MmHm,55,55,110,0.5
MmHn,59,53,112,0.53
MmHs,45,37,82,0.55
MmHt,1,6,7,0.14
MmIB,4,2,6,0.67
MmID,4,1,5,0.8
MmIH,2,5,7,0.29
MmIK,1,0,1,1.0
MmIL,3,0,3,1.0
MmIM,4,5,9,0.44
MmIN,4,1,5,0.8
MmIP,7,7,14,0.5
MmIS,6,2,8,0.75
MmIb,5,3,8,0.62
MmIl,2,3,5,0.4
MmIm,4,3,7,0.57
MmIn,9,8,17,0.53
MmIs,1,3,4,0.25
MmIt,0,1,1,0.0
MmJB,8,7,15,0.53
MmJD,1,2,3,0.33
MmJH,5,8,13,0.38
MmJI,0,2,2,0.0
MmJK,1,2,3,0.33
MmJL,2,5,7,0.29
MmJM,8,14,22,0.36
MmJN,13,13,26,0.5
MmJP,14,14,28,0.5
MmJS,6,5,11,0.55
MmJb,10,7,17,0.59
MmJh,0,1,1,0.0
MmJl,1,2,3,0.33
MmJm,7,16,23,0.3
MmJn,10,21,31,0.32
MmJs,8,6,14,0.57
MmJt,2,2,4,0.5
MmKB,1,3,4,0.25
MmKD,1,0,1,1.0
MmKH,0,0,0,
MmKI,1,0,1,1.0
MmKL,0,1,1,0.0
MmKM,1,0,1,1.0
MmKN,3,1,4,0.75
MmKP,2,0,2,1.0
MmKS,1,2,3,0.33
MmKb,1,1,2,0.5
MmKh,1,0,1,1.0
MmKm,3,0,3,1.0
MmKn,1,1,2,0.5
MmKs,1,1,2,0.5
MmLB,14,14,28,0.5
MmLD,3,1,4,0.75
MmLH,0,1,1,0.0
MmLK,2,0,2,1.0
MmLL,8,6,14,0.57
MmLM,15,19,34,0.44
MmLN,15,22,37,0.41
MmLP,20,22,42,0.48
MmLS,11,11,22,0.5
MmLb,10,8,18,0.56
MmLh,9,12,21,0.43
MmLj,3,3,6,0.5
MmLl,8,10,18,0.44
MmLm,24,12,36,0.67
MmLn,19,37,56,0.34
MmLs,13,16,29,0.45
MmLt,4,2,6,0.67
MmMB,44,48,92,0.48
MmMD,12,8,20,0.6
MmMH,1,0,1,1.0
MmMI,3,0,3,1.0
MmMK,1,2,3,0.33
MmML,14,16,30,0.47
MmMM,62,46,108,0.57
MmMN,63,78,141,0.45
MmMP,74,71,145,0.51
MmMS,49,50,99,0.49
MmMb,54,49,103,0.52
MmMh,51,61,112,0.46
MmMj,11,17,28,0.39
MmMl,17,16,33,0.52
MmMm,85,55,140,0.61
MmMn,94,87,181,0.52
MmMs,33,47,80,0.41
MmMt,17,7,24,0.71
MmNB,39,45,84,0.46
MmND,9,17,26,0.35
MmNH,14,26,40,0.35
MmNI,1,0,1,1.0
MmNK,6,9,15,0.4
MmNL,20,23,43,0.47
MmNM,55,71,126,0.44
MmNN,106,99,205,0.52
MmNP,128,113,241,0.53
MmNS,69,51,120,0.57
MmNb,62,66,128,0.48
MmNh,25,22,47,0.53
MmNl,16,20,36,0.44
MmNm,65,60,125,0.52
MmNn,131,98,229,0.57
MmNs,47,53,100,0.47
MmNt,12,12,24,0.5
MmPB,43,58,101,0.43
MmPD,12,6,18,0.67
MmPH,16,24,40,0.4
MmPI,10,8,18,0.56
MmPK,3,7,10,0.3
MmPL,25,22,47,0.53
MmPM,79,88,167,0.47
MmPN,87,90,177,0.49
MmPP,120,119,239,0.5
MmPS,53,62,115,0.46
MmPb,66,80,146,0.45
MmPh,9,12,21,0.43
MmPl,24,20,44,0.55
MmPm,74,67,141,0.52
MmPn,96,84,180,0.53
MmPs,45,43,88,0.51
MmPt,6,10,16,0.38
MmSB,31,34,65,0.48
MmSD,10,8,18,0.56
MmSH,11,11,22,0.5
MmSI,2,0,2,1.0
MmSK,0,0,0,
MmSL,6,11,17,0.35
MmSM,34,43,77,0.44
MmSN,49,50,99,0.49
MmSP,62,47,109,0.57
MmSS,38,53,91,0.42
MmSb,44,29,73,0.6
MmSh,29,39,68,0.43
MmSl,10,15,25,0.4
MmSm,50,48,98,0.51
MmSn,59,53,112,0.53
MmSs,46,42,88,0.52
MmSt,11,5,16,0.69
MmbB,50,42,92,0.54
MmbD,8,10,18,0.44
MmbH,17,18,35,0.49
MmbI,9,6,15,0.6
MmbJ,25,14,39,0.64
MmbK,8,9,17,0.47
MmbL,11,9,20,0.55
MmbM,50,57,107,0.47
MmbN,75,71,146,0.51
MmbP,88,55,143,0.62
MmbS,29,32,61,0.48
Mmbb,57,47,104,0.55
Mmbl,17,11,28,0.61
Mmbm,44,23,67,0.66
Mmbn,67,64,131,0.51
Mmbs,29,21,50,0.58
MmhI,1,0,1,1.0
MmhM,2,0,2,1.0
MmhN,0,0,0,
MmhS,0,0,0,
Mmhb,0,1,1,0.0
Mmhl,0,1,1,0.0
Mmhm,3,1,4,0.75
Mmhn,1,1,2,0.5
Mmhs,0,0,0,
MmlB,10,12,22,0.45
MmlD,3,2,5,0.6
MmlH,10,8,18,0.56
MmlI,0,1,1,0.0
MmlJ,5,4,9,0.56
MmlL,4,5,9,0.44
MmlM,13,16,29,0.45
MmlN,16,23,39,0.41
MmlP,19,25,44,0.43
MmlS,10,18,28,0.36
Mmlb,16,13,29,0.55
Mmll,6,9,15,0.4
Mmlm,11,11,22,0.5
Mmln,18,13,31,0.58
Mmls,6,10,16,0.38
MmmB,41,48,89,0.46
MmmD,19,13,32,0.59
MmmH,38,39,77,0.49
MmmI,5,4,9,0.56
MmmJ,7,9,16,0.44
MmmK,0,1,1,0.0
MmmL,13,7,20,0.65
MmmM,61,61,122,0.5
MmmN,66,61,127,0.52
MmmP,68,54,122,0.56
MmmS,34,34,68,0.5
Mmmb,56,47,103,0.54
Mmmh,0,1,1,0.0
Mmml,14,8,22,0.64
Mmmm,63,53,116,0.54
Mmmn,67,54,121,0.55
Mmms,26,30,56,0.46
Mmmt,1,0,1,1.0
MmnB,40,44,84,0.48
MmnD,11,8,19,0.58
MmnH,43,46,89,0.48
MmnI,11,6,17,0.65
MmnK,5,7,12,0.42
MmnL,19,13,32,0.59
MmnM,57,70,127,0.45
MmnN,95,107,202,0.47
MmnP,101,106,207,0.49
MmnS,56,45,101,0.55
Mmnb,56,47,103,0.54
Mmnh,1,3,4,0.25
Mmnl,17,16,33,0.52
Mmnm,55,52,107,0.51
Mmnn,83,79,162,0.51
Mmns,44,36,80,0.55
MmsB,27,22,49,0.55
MmsD,7,12,19,0.37
MmsH,36,30,66,0.55
MmsI,6,2,8,0.75
MmsK,0,1,1,0.0
MmsL,14,9,23,0.61
MmsM,23,35,58,0.4
MmsN,36,41,77,0.47
MmsP,43,35,78,0.55
MmsS,33,21,54,0.61
Mmsb,29,23,52,0.56
Mmsh,2,0,2,1.0
Mmsl,5,6,11,0.45
Mmsm,39,36,75,0.52
Mmsn,41,36,77,0.53
Mmss,29,32,61,0.48
Mmst,0,0,0,
MnBB,61,54,115,0.53
MnBD,4,9,13,0.31
MnBH,1,0,1,1.0
MnBK,7,6,13,0.54
MnBL,17,16,33,0.52
MnBM,35,55,90,0.39
MnBN,82,84,166,0.49
MnBP,74,84,158,0.47
MnBS,30,33,63,0.48
MnBb,52,56,108,0.48
MnBh,5,7,12,0.42
MnBj,22,11,33,0.67
MnBl,29,20,49,0.59
MnBm,55,43,98,0.56
MnBn,96,87,183,0.52
MnBs,20,25,45,0.44
MnBt,10,13,23,0.43
MnDB,9,7,16,0.56
MnDD,3,3,6,0.5
MnDH,6,6,12,0.5
MnDI,1,0,1,1.0
MnDL,3,2,5,0.6
MnDM,11,18,29,0.38
MnDN,10,6,16,0.62
MnDP,10,20,30,0.33
MnDS,11,11,22,0.5
MnDb,10,8,18,0.56
MnDh,1,0,1,1.0
MnDl,3,5,8,0.38
MnDm,16,6,22,0.73
MnDn,19,13,32,0.59
MnDs,8,9,17,0.47
MnDt,2,4,6,0.33
MnHB,21,16,37,0.57
MnHD,5,5,10,0.5
MnHH,7,9,16,0.44
MnHI,4,10,14,0.29
MnHK,5,4,9,0.56
MnHL,13,13,26,0.5
MnHM,38,45,83,0.46
MnHN,52,65,117,0.44
MnHP,63,76,139,0.45
MnHS,35,27,62,0.56
MnHb,40,34,74,0.54
MnHh,17,17,34,0.5
MnHl,19,17,36,0.53
MnHm,50,33,83,0.6
MnHn,58,64,122,0.48
MnHs,25,34,59,0.42
MnHt,3,2,5,0.6
MnIB,7,9,16,0.44
MnID,4,0,4,1.0
MnIH,6,8,14,0.43
MnII,3,1,4,0.75
MnIL,3,3,6,0.5
MnIM,8,10,18,0.44
MnIN,9,17,26,0.35
MnIP,23,10,33,0.7
MnIS,7,12,19,0.37
MnIb,6,11,17,0.35
MnIl,2,3,5,0.4
MnIm,12,15,27,0.44
MnIn,14,19,33,0.42
MnIs,6,7,13,0.46
MnIt,0,1,1,0.0
MnKB,1,4,5,0.2
MnKD,3,1,4,0.75
MnKI,0,0,0,
MnKK,0,0,0,
MnKL,1,1,2,0.5
MnKM,6,13,19,0.32
MnKN,2,8,10,0.2
MnKP,12,12,24,0.5
MnKS,8,7,15,0.53
MnKb,7,4,11,0.64
MnKh,3,9,12,0.25
MnKl,1,3,4,0.25
MnKm,12,9,21,0.57
MnKn,15,7,22,0.68
MnKs,4,5,9,0.44
MnKt,1,1,2,0.5
MnLB,25,21,46,0.54
MnLD,1,4,5,0.2
MnLK,1,2,3,0.33
MnLL,7,5,12,0.58
MnLM,25,23,48,0.52
MnLN,24,20,44,0.55
MnLP,35,31,66,0.53
MnLS,13,11,24,0.54
MnLb,21,18,39,0.54
MnLh,13,11,24,0.54
MnLj,5,8,13,0.38
MnLl,6,11,17,0.35
MnLm,26,19,45,0.58
MnLn,34,36,70,0.49
MnLs,14,20,34,0.41
MnLt,5,5,10,0.5
MnMB,63,64,127,0.5
MnMD,12,10,22,0.55
MnMI,1,0,1,1.0
MnML,21,27,48,0.44
MnMM,59,93,152,0.39
MnMN,77,84,161,0.48
MnMP,91,96,187,0.49
MnMS,37,43,80,0.46
MnMb,52,66,118,0.44
MnMh,64,60,124,0.52
MnMj,29,17,46,0.63
MnMl,19,24,43,0.44
MnMm,79,67,146,0.54
MnMn,116,130,246,0.47
MnMs,48,49,97,0.49
MnMt,14,9,23,0.61
MnNB,72,82,154,0.47
MnND,20,12,32,0.62
MnNH,21,21,42,0.5
MnNI,1,1,2,0.5
MnNK,6,14,20,0.3
MnNL,38,38,76,0.5
MnNM,103,122,225,0.46
MnNN,172,150,322,0.53
MnNP,182,191,373,0.49
MnNS,74,98,172,0.43
MnNb,87,105,192,0.45
MnNh,46,50,96,0.48
MnNl,41,34,75,0.55
MnNm,102,86,188,0.54
MnNn,174,190,364,0.48
MnNs,76,85,161,0.47
MnNt,25,24,49,0.51
MnPB,96,87,183,0.52
MnPD,15,6,21,0.71
MnPH,51,40,91,0.56
MnPI,20,13,33,0.61
MnPK,13,10,23,0.57
MnPL,48,48,96,0.5
MnPM,106,137,243,0.44
MnPN,172,146,318,0.54
MnPP,208,184,392,0.53
MnPS,86,106,192,0.45
MnPb,124,113,237,0.52
MnPh,24,19,43,0.56
MnPl,63,46,109,0.58
MnPm,110,95,205,0.54
MnPn,166,168,334,0.5
MnPs,102,101,203,0.5
MnPt,16,10,26,0.62
MnSB,28,46,74,0.38
MnSD,11,14,25,0.44
MnSH,17,23,40,0.42
MnSI,1,0,1,1.0
MnSK,3,2,5,0.6
MnSL,18,16,34,0.53
MnSM,54,66,120,0.45
MnSN,71,52,123,0.58
MnSP,71,86,157,0.45
MnSS,72,83,155,0.46
MnSb,64,36,100,0.64
MnSh,52,39,91,0.57
MnSl,26,26,52,0.5
MnSm,66,50,116,0.57
MnSn,86,92,178,0.48
MnSs,56,73,129,0.43
MnSt,13,9,22,0.59
MnbB,49,51,100,0.49
MnbD,4,2,6,0.67
MnbH,34,31,65,0.52
MnbI,6,5,11,0.55
MnbJ,15,28,43,0.35
MnbK,10,11,21,0.48
MnbL,24,25,49,0.49
MnbM,64,93,157,0.41
MnbN,109,108,217,0.5
MnbP,83,87,170,0.49
MnbS,56,47,103,0.54
Mnbb,63,69,132,0.48
Mnbh,0,1,1,0.0
Mnbl,19,44,63,0.3
Mnbm,75,44,119,0.63
Mnbn,90,86,176,0.51
Mnbs,40,28,68,0.59
Mnbt,1,0,1,1.0
MnhB,0,1,1,0.0
MnhD,1,0,1,1.0
MnhH,2,1,3,0.67
MnhL,0,1,1,0.0
MnhM,2,3,5,0.4
MnhN,7,5,12,0.58
MnhP,4,2,6,0.67
MnhS,1,2,3,0.33
Mnhb,7,1,8,0.88
Mnhh,5,2,7,0.71
Mnhl,3,2,5,0.6
Mnhm,4,5,9,0.44
Mnhn,3,4,7,0.43
Mnhs,2,4,6,0.33
MnlB,18,21,39,0.46
MnlD,1,3,4,0.25
MnlH,27,31,58,0.47
MnlI,4,2,6,0.67
MnlJ,3,7,10,0.3
MnlK,2,0,2,1.0
MnlL,8,13,21,0.38
MnlM,23,32,55,0.42
MnlN,43,40,83,0.52
MnlP,32,33,65,0.49
MnlS,18,25,43,0.42
Mnlb,17,31,48,0.35
Mnll,11,6,17,0.65
Mnlm,22,14,36,0.61
Mnln,35,19,54,0.65
Mnls,12,9,21,0.57
MnmB,63,55,118,0.53
MnmD,22,14,36,0.61
MnmH,59,63,122,0.48
MnmI,9,3,12,0.75
MnmJ,10,18,28,0.36
MnmK,3,0,3,1.0
MnmL,17,20,37,0.46
MnmM,82,76,158,0.52
MnmN,96,92,188,0.51
MnmP,95,77,172,0.55
MnmS,51,51,102,0.5
Mnmb,71,48,119,0.6
Mnmh,0,1,1,0.0
Mnml,21,22,43,0.49
Mnmm,73,62,135,0.54
Mnmn,74,75,149,0.5
Mnms,26,37,63,0.41
MnnB,64,58,122,0.52
MnnD,15,16,31,0.48
MnnH,58,66,124,0.47
MnnI,18,15,33,0.55
MnnK,11,9,20,0.55
MnnL,33,24,57,0.58
MnnM,95,94,189,0.5
MnnN,133,150,283,0.47
MnnP,173,174,347,0.5
MnnS,91,82,173,0.53
Mnnb,82,87,169,0.49
Mnnh,3,6,9,0.33
Mnnl,24,37,61,0.39
Mnnm,79,74,153,0.52
Mnnn,144,137,281,0.51
Mnns,66,56,122,0.54
Mnnt,1,1,2,0.5
MnsB,36,29,65,0.55
MnsD,7,13,20,0.35
MnsH,51,59,110,0.46
MnsI,6,6,12,0.5
MnsK,1,0,1,1.0
MnsL,19,22,41,0.46
MnsM,46,50,96,0.48
MnsN,78,65,143,0.55
MnsP,88,65,153,0.58
MnsS,50,54,104,0.48
Mnsb,40,37,77,0.52
Mnsh,4,2,6,0.67
Mnsl,18,18,36,0.5
Mnsm,53,41,94,0.56
Mnsn,72,65,137,0.53
Mnss,41,42,83,0.49
MntH,0,0,0,
MntM,1,0,1,1.0
MntN,1,0,1,1.0
MsBB,22,18,40,0.55
MsBD,2,8,10,0.2
MsBH,0,1,1,0.0
MsBK,5,5,10,0.5
MsBL,7,12,19,0.37
MsBM,22,27,49,0.45
MsBN,23,29,52,0.44
MsBP,27,20,47,0.57
MsBS,9,20,29,0.31
MsBb,19,24,43,0.44
MsBh,1,2,3,0.33
MsBj,5,6,11,0.45
MsBl,10,7,17,0.59
MsBm,21,20,41,0.51
MsBn,37,34,71,0.52
MsBs,15,10,25,0.6
MsBt,2,2,4,0.5
MsDB,2,4,6,0.33
MsDD,2,1,3,0.67
MsDH,7,8,15,0.47
MsDI,1,0,1,1.0
MsDL,1,2,3,0.33
MsDM,2,6,8,0.25
MsDN,6,10,16,0.38
MsDP,8,8,16,0.5
MsDS,6,11,17,0.35
MsDb,2,1,3,0.67
MsDh,1,0,1,1.0
MsDl,3,4,7,0.43
MsDm,6,5,11,0.55
MsDn,3,5,8,0.38
MsDs,5,3,8,0.62
MsHB,20,17,37,0.54
MsHD,8,2,10,0.8
MsHH,8,5,13,0.62
MsHI,4,5,9,0.44
MsHK,1,3,4,0.25
MsHL,11,10,21,0.52
MsHM,41,38,79,0.52
MsHN,33,40,73,0.45
MsHP,53,27,80,0.66
MsHS,27,30,57,0.47
MsHb,35,34,69,0.51
MsHh,26,24,50,0.52
MsHl,17,17,34,0.5
MsHm,39,35,74,0.53
MsHn,35,50,85,0.41
MsHs,29,42,71,0.41
MsHt,2,3,5,0.4
MsIB,0,5,5,0.0
MsID,2,1,3,0.67
MsIH,3,5,8,0.38
MsII,1,1,2,0.5
MsIL,0,1,1,0.0
MsIM,5,2,7,0.71
MsIN,2,2,4,0.5
MsIP,2,6,8,0.25
MsIS,5,8,13,0.38
MsIb,2,2,4,0.5
MsIl,4,1,5,0.8
MsIm,7,4,11,0.64
MsIn,4,2,6,0.67
MsIs,2,8,10,0.2
MsIt,0,1,1,0.0
MsKB,1,3,4,0.25
MsKL,0,1,1,0.0
MsKN,2,0,2,1.0
MsKP,0,0,0,
MsKS,0,0,0,
MsKb,1,2,3,0.33
MsKh,0,2,2,0.0
MsKn,2,1,3,0.67
MsKs,3,0,3,1.0
MsLB,10,7,17,0.59
MsLD,3,0,3,1.0
MsLH,0,0,0,
MsLL,1,5,6,0.17
MsLM,6,9,15,0.4
MsLN,20,13,33,0.61
MsLP,17,12,29,0.59
MsLS,6,10,16,0.38
MsLb,8,12,20,0.4
MsLh,8,6,14,0.57
MsLj,2,3,5,0.4
MsLl,3,9,12,0.25
MsLm,10,6,16,0.62
MsLn,19,18,37,0.51
MsLs,9,4,13,0.69
MsLt,1,1,2,0.5
MsMB,13,32,45,0.29
MsMD,8,4,12,0.67
MsML,12,6,18,0.67
MsMM,36,35,71,0.51
MsMN,25,28,53,0.47
MsMP,39,41,80,0.49
MsMS,24,23,47,0.51
MsMb,32,37,69,0.46
MsMh,29,24,53,0.55
MsMj,5,8,13,0.38
MsMl,10,13,23,0.43
MsMm,39,23,62,0.63
MsMn,57,54,111,0.51
MsMs,22,18,40,0.55
MsMt,3,8,11,0.27
MsNB,32,25,57,0.56
MsND,8,2,10,0.8
MsNH,2,10,12,0.17
MsNI,2,0,2,1.0
MsNK,1,1,2,0.5
MsNL,12,16,28,0.43
MsNM,41,39,80,0.51
MsNN,51,57,108,0.47
MsNP,76,58,134,0.57
MsNS,40,37,77,0.52
MsNb,31,39,70,0.44
MsNh,14,18,32,0.44
MsNl,8,11,19,0.42
MsNm,33,29,62,0.53
MsNn,58,50,108,0.54
MsNs,46,35,81,0.57
MsNt,10,12,22,0.45
MsPB,38,47,85,0.45
MsPD,6,5,11,0.55
MsPH,19,15,34,0.56
MsPI,2,4,6,0.33
MsPK,8,6,14,0.57
MsPL,12,13,25,0.48
MsPM,57,43,100,0.57
MsPN,48,61,109,0.44
MsPP,79,72,151,0.52
MsPS,34,42,76,0.45
MsPb,50,43,93,0.54
MsPh,6,10,16,0.38
MsPl,22,26,48,0.46
MsPm,60,42,102,0.59
MsPn,48,49,97,0.49
MsPs,34,52,86,0.4
MsPt,10,6,16,0.62
MsSB,21,30,51,0.41
MsSD,12,4,16,0.75
MsSH,14,18,32,0.44
MsSK,1,1,2,0.5
MsSL,14,10,24,0.58
MsSM,34,34,68,0.5
MsSN,33,47,80,0.41
MsSP,43,41,84,0.51
MsSS,52,53,105,0.5
MsSb,33,33,66,0.5
MsSh,26,31,57,0.46
MsSl,13,13,26,0.5
MsSm,51,44,95,0.54
MsSn,51,42,93,0.55
MsSs,45,36,81,0.56
MsSt,8,6,14,0.57
MsbB,20,23,43,0.47
MsbD,2,4,6,0.33
MsbH,16,6,22,0.73
MsbI,1,5,6,0.17
MsbJ,3,7,10,0.3
MsbK,1,7,8,0.12
MsbL,8,11,19,0.42
MsbM,40,38,78,0.51
MsbN,45,45,90,0.5
MsbP,37,32,69,0.54
MsbS,21,17,38,0.55
Msbb,35,32,67,0.52
Msbl,6,7,13,0.46
Msbm,30,22,52,0.58
Msbn,37,26,63,0.59
Msbs,20,18,38,0.53
MshB,1,1,2,0.5
MshD,1,1,2,0.5
MshH,0,1,1,0.0
MshL,1,1,2,0.5
MshM,0,4,4,0.0
MshN,2,2,4,0.5
MshP,3,1,4,0.75
MshS,2,3,5,0.4
Mshb,1,2,3,0.33
Mshh,5,2,7,0.71
Mshl,2,0,2,1.0
Mshm,1,0,1,1.0
Mshn,0,0,0,
Mshs,3,0,3,1.0
Msht,1,0,1,1.0
MslB,8,6,14,0.57
MslD,2,2,4,0.5
MslH,7,4,11,0.64
MslI,2,2,4,0.5
MslJ,5,5,10,0.5
MslK,1,2,3,0.33
MslL,4,6,10,0.4
MslM,16,13,29,0.55
MslN,25,19,44,0.57
MslP,25,18,43,0.58
MslS,16,10,26,0.62
Mslb,11,10,21,0.52
Msll,6,5,11,0.55
Mslm,16,13,29,0.55
Msln,13,14,27,0.48
Msls,16,12,28,0.57
MsmB,28,18,46,0.61
MsmD,11,11,22,0.5
MsmH,29,26,55,0.53
MsmI,1,4,5,0.2
MsmJ,5,5,10,0.5
MsmK,2,0,2,1.0
MsmL,10,13,23,0.43
MsmM,46,46,92,0.5
MsmN,35,48,83,0.42
MsmP,44,35,79,0.56
MsmS,28,27,55,0.51
Msmb,31,27,58,0.53
Msml,9,4,13,0.69
Msmm,37,27,64,0.58
Msmn,42,32,74,0.57
Msms,27,14,41,0.66
MsnB,19,35,54,0.35
MsnD,12,6,18,0.67
MsnH,23,16,39,0.59
MsnI,6,5,11,0.55
MsnK,1,5,6,0.17
MsnL,7,11,18,0.39
MsnM,45,29,74,0.61
MsnN,49,54,103,0.48
MsnP,51,48,99,0.52
MsnS,36,21,57,0.63
Msnb,24,21,45,0.53
Msnh,0,1,1,0.0
Msnl,14,14,28,0.5
Msnm,35,22,57,0.61
Msnn,49,45,94,0.52
Msns,32,24,56,0.57
Msnt,0,0,0,
MssB,17,24,41,0.41
MssD,8,5,13,0.62
MssH,33,31,64,0.52
MssI,5,5,10,0.5
MssL,12,5,17,0.71
MssM,33,32,65,0.51
MssN,26,34,60,0.43
MssP,32,41,73,0.44
MssS,34,36,70,0.49
Mssb,19,24,43,0.44
Mssh,3,2,5,0.6
Mssl,7,10,17,0.41
Mssm,33,24,57,0.58
Mssn,25,25,50,0.5
Msss,32,36,68,0.47
MstB,0,1,1,0.0
MstM,2,0,2,1.0
MstN,0,1,1,0.0
MstS,0,1,1,0.0
Mstb,0,2,2,0.0
Mstl,1,0,1,1.0
Mstm,1,0,1,1.0
Mstn,2,0,2,1.0
MtBB,4,10,14,0.29
MtBK,0,0,0,
MtBL,4,0,4,1.0
MtBM,8,3,11,0.73
MtBN,3,3,6,0.5
MtBP,12,5,17,0.71
MtBS,4,2,6,0.67
MtBb,3,2,5,0.6
MtBj,4,2,6,0.67
MtBl,5,1,6,0.83
MtBm,7,8,15,0.47
MtBn,4,9,13,0.31
MtBs,4,5,9,0.44
MtBt,2,2,4,0.5
MtDB,3,0,3,1.0
MtDD,0,0,0,
MtDH,0,1,1,0.0
MtDL,1,0,1,1.0
MtDM,1,3,4,0.25
MtDN,0,1,1,0.0
MtDP,1,2,3,0.33
MtDS,2,0,2,1.0
MtDb,0,1,1,0.0
MtDl,0,1,1,0.0
MtDm,2,0,2,1.0
MtDn,0,2,2,0.0
MtDs,2,0,2,1.0
MtHB,4,3,7,0.57
MtHD,0,1,1,0.0
MtHH,2,1,3,0.67
MtHI,2,1,3,0.67
MtHK,0,1,1,0.0
MtHL,2,1,3,0.67
MtHM,6,2,8,0.75
MtHN,3,8,11,0.27
MtHP,5,7,12,0.42
MtHS,3,2,5,0.6
MtHb,5,5,10,0.5
MtHh,3,2,5,0.6
MtHl,4,3,7,0.57
MtHm,8,3,11,0.73
MtHn,9,7,16,0.56
MtHs,2,5,7,0.29
MtIM,0,1,1,0.0
MtIS,1,0,1,1.0
MtIb,1,0,1,1.0
MtIn,1,1,2,0.5
MtIs,0,1,1,0.0
MtKB,2,0,2,1.0
MtKD,0,0,0,
MtKH,0,1,1,0.0
MtKM,0,2,2,0.0
MtKN,1,0,1,1.0
MtKP,1,0,1,1.0
MtKS,1,1,2,0.5
MtKb,0,1,1,0.0
MtKh,1,0,1,1.0
MtKm,0,1,1,0.0
MtKn,0,0,0,
MtLB,2,3,5,0.4
MtLL,0,2,2,0.0
MtLM,7,4,11,0.64
MtLN,1,7,8,0.12
MtLP,2,6,8,0.25
MtLS,1,3,4,0.25
MtLb,4,3,7,0.57
MtLh,1,1,2,0.5
MtLj,3,1,4,0.75
MtLl,1,2,3,0.33
MtLm,4,1,5,0.8
MtLn,2,1,3,0.67
MtLs,0,1,1,0.0
MtLt,1,0,1,1.0
MtMB,7,9,16,0.44
MtML,1,2,3,0.33
MtMM,6,11,17,0.35
MtMN,8,12,20,0.4
MtMP,7,11,18,0.39
MtMS,11,4,15,0.73
MtMb,21,4,25,0.84
MtMh,8,8,16,0.5
MtMj,2,2,4,0.5
MtMl,1,2,3,0.33
MtMm,7,11,18,0.39
MtMn,16,14,30,0.53
MtMs,9,4,13,0.69
MtMt,1,0,1,1.0
MtNB,6,8,14,0.43
MtND,1,2,3,0.33
MtNH,1,0,1,1.0
MtNK,0,1,1,0.0
MtNL,3,1,4,0.75
MtNM,7,15,22,0.32
MtNN,15,13,28,0.54
MtNP,15,16,31,0.48
MtNS,7,6,13,0.54
MtNb,10,4,14,0.71
MtNh,3,7,10,0.3
MtNl,3,2,5,0.6
MtNm,7,9,16,0.44
MtNn,23,12,35,0.66
MtNs,3,7,10,0.3
MtNt,4,3,7,0.57
MtPB,12,10,22,0.55
MtPD,0,4,4,0.0
MtPH,8,2,10,0.8
MtPI,3,1,4,0.75
MtPK,1,1,2,0.5
MtPL,5,7,12,0.42
MtPM,10,19,29,0.34
MtPN,20,14,34,0.59
MtPP,19,21,40,0.48
MtPS,14,10,24,0.58
MtPb,14,15,29,0.48
MtPh,0,1,1,0.0
MtPl,9,4,13,0.69
MtPm,16,14,30,0.53
MtPn,15,25,40,0.38
MtPs,8,5,13,0.62
MtPt,2,1,3,0.67
MtSB,3,4,7,0.43
MtSD,1,1,2,0.5
MtSH,10,3,13,0.77
MtSI,1,0,1,1.0
MtSL,2,1,3,0.67
MtSM,5,5,10,0.5
MtSN,3,11,14,0.21
MtSP,6,6,12,0.5
MtSS,13,9,22,0.59
MtSb,8,4,12,0.67
MtSh,5,5,10,0.5
MtSl,5,1,6,0.83
MtSm,6,6,12,0.5
MtSn,9,11,20,0.45
MtSs,5,6,11,0.45
MtSt,2,0,2,1.0
MtbB,10,5,15,0.67
MtbH,3,5,8,0.38
MtbI,1,0,1,1.0
MtbJ,4,1,5,0.8
MtbK,2,1,3,0.67
MtbL,5,3,8,0.62
MtbM,10,12,22,0.45
MtbN,11,16,27,0.41
MtbP,4,9,13,0.31
MtbS,4,1,5,0.8
Mtbb,10,12,22,0.45
Mtbl,5,3,8,0.62
Mtbm,1,7,8,0.12
Mtbn,6,10,16,0.38
Mtbs,3,6,9,0.33
MthM,0,2,2,0.0
MthP,0,1,1,0.0
Mthh,0,1,1,0.0
Mthm,0,0,0,
MtlB,0,2,2,0.0
MtlH,2,0,2,1.0
MtlJ,0,1,1,0.0
MtlK,0,1,1,0.0
MtlL,1,0,1,1.0
MtlM,2,2,4,0.5
MtlN,1,4,5,0.2
MtlP,3,2,5,0.6
MtlS,0,2,2,0.0
Mtlb,2,3,5,0.4
Mtll,2,1,3,0.67
Mtlm,4,3,7,0.57
Mtln,4,1,5,0.8
Mtls,4,1,5,0.8
MtmB,7,4,11,0.64
MtmD,1,4,5,0.2
MtmH,5,6,11,0.45
MtmJ,2,2,4,0.5
MtmL,3,2,5,0.6
MtmM,10,11,21,0.48
MtmN,14,7,21,0.67
MtmP,12,9,21,0.57
MtmS,2,7,9,0.22
Mtmb,7,3,10,0.7
Mtml,7,1,8,0.88
Mtmm,5,4,9,0.56
Mtmn,12,6,18,0.67
Mtms,0,6,6,0.0
MtnB,10,5,15,0.67
MtnD,1,1,2,0.5
MtnH,11,7,18,0.61
MtnI,1,1,2,0.5
MtnK,1,1,2,0.5
MtnL,3,6,9,0.33
MtnM,7,6,13,0.54
MtnN,11,13,24,0.46
MtnP,17,19,36,0.47
MtnS,6,10,16,0.38
Mtnb,16,13,29,0.55
Mtnh,1,1,2,0.5
Mtnl,3,3,6,0.5
Mtnm,2,8,10,0.2
Mtnn,13,10,23,0.57
Mtns,5,8,13,0.38
MtsB,3,3,6,0.5
MtsD,2,0,2,1.0
MtsH,6,6,12,0.5
MtsL,1,1,2,0.5
MtsM,2,6,8,0.25
MtsN,3,4,7,0.43
MtsP,7,7,14,0.5
MtsS,3,7,10,0.3
Mtsb,5,1,6,0.83
Mtsl,1,0,1,1.0
Mtsm,6,5,11,0.55
Mtsn,4,1,5,0.8
Mtss,3,9,12,0.25
MttB,2,1,3,0.67
MttD,0,1,1,0.0
MttH,2,1,3,0.67
MttM,2,2,4,0.5
MttN,2,2,4,0.5
MttP,2,1,3,0.67
MttS,1,0,1,1.0
Mttb,2,3,5,0.4
Mttl,1,1,2,0.5
Mttm,3,0,3,1.0
Mttn,1,5,6,0.17
Mtts,1,2,3,0.33
NBBB,52,62,114,0.46
NBBD,7,6,13,0.54
NBBH,0,1,1,0.0
NBBK,2,3,5,0.4
NBBL,12,20,32,0.38
NBBM,41,34,75,0.55
NBBN,56,63,119,0.47
NBBP,69,68,137,0.5
NBBS,17,17,34,0.5
NBBb,40,59,99,0.4
NBBh,5,2,7,0.71
NBBj,22,18,40,0.55
NBBl,13,24,37,0.35
NBBm,51,43,94,0.54
NBBn,64,70,134,0.48
NBBs,23,14,37,0.62
NBBt,7,9,16,0.44
NBDB,7,3,10,0.7
NBDD,6,1,7,0.86
NBDH,4,5,9,0.44
NBDL,1,3,4,0.25
NBDM,6,3,9,0.67
NBDN,3,7,10,0.3
NBDP,6,1,7,0.86
NBDS,6,8,14,0.43
NBDb,6,5,11,0.55
NBDl,1,3,4,0.25
NBDm,9,7,16,0.56
NBDn,11,3,14,0.79
NBDs,8,3,11,0.73
NBHB,1,1,2,0.5
NBHL,0,1,1,0.0
NBHM,2,1,3,0.67
NBHN,0,1,1,0.0
NBHP,0,1,1,0.0
NBHl,1,1,2,0.5
NBHn,1,0,1,1.0
NBIm,1,0,1,1.0
NBKB,4,3,7,0.57
NBKD,0,0,0,
NBKH,0,1,1,0.0
NBKL,2,1,3,0.67
NBKM,4,2,6,0.67
NBKN,3,7,10,0.3
NBKP,5,8,13,0.38
NBKS,1,4,5,0.2
NBKb,5,4,9,0.56
NBKh,3,5,8,0.38
NBKl,3,0,3,1.0
NBKm,5,4,9,0.56
NBKn,5,8,13,0.38
NBKs,1,5,6,0.17
NBLB,10,18,28,0.36
NBLD,3,3,6,0.5
NBLK,1,2,3,0.33
NBLL,9,6,15,0.6
NBLM,14,15,29,0.48
NBLN,15,12,27,0.56
NBLP,29,25,54,0.54
NBLS,6,11,17,0.35
NBLb,14,22,36,0.39
NBLh,7,9,16,0.44
NBLj,5,5,10,0.5
NBLl,7,11,18,0.39
NBLm,19,12,31,0.61
NBLn,24,32,56,0.43
NBLs,9,8,17,0.53
NBLt,1,2,3,0.33
NBMB,49,55,104,0.47
NBMD,6,7,13,0.46
NBMH,0,1,1,0.0
NBML,8,17,25,0.32
NBMM,35,49,84,0.42
NBMN,45,37,82,0.55
NBMP,56,53,109,0.51
NBMS,18,34,52,0.35
NBMb,48,52,100,0.48
NBMh,45,29,74,0.61
NBMj,8,5,13,0.62
NBMl,16,20,36,0.44
NBMm,50,47,97,0.52
NBMn,68,64,132,0.52
NBMs,21,28,49,0.43
NBMt,3,6,9,0.33
NBNB,36,65,101,0.36
NBND,7,11,18,0.39
NBNH,12,11,23,0.52
NBNI,0,1,1,0.0
NBNK,1,10,11,0.09
NBNL,19,20,39,0.49
NBNM,43,55,98,0.44
NBNN,63,74,137,0.46
NBNP,86,105,191,0.45
NBNS,28,40,68,0.41
NBNb,66,45,111,0.59
NBNh,29,24,53,0.55
NBNl,26,17,43,0.6
NBNm,62,49,111,0.56
NBNn,88,76,164,0.54
NBNs,45,37,82,0.55
NBNt,13,13,26,0.5
NBPB,55,58,113,0.49
NBPD,6,10,16,0.38
NBPH,13,18,31,0.42
NBPI,5,12,17,0.29
NBPK,4,5,9,0.44
NBPL,20,30,50,0.4
NBPM,65,85,150,0.43
NBPN,81,84,165,0.49
NBPP,117,131,248,0.47
NBPS,43,47,90,0.48
NBPb,55,66,121,0.45
NBPh,7,5,12,0.58
NBPl,31,29,60,0.52
NBPm,64,57,121,0.53
NBPn,81,89,170,0.48
NBPs,45,43,88,0.51
NBPt,5,4,9,0.56
NBSB,22,20,42,0.52
NBSD,3,1,4,0.75
NBSH,8,10,18,0.44
NBSI,1,0,1,1.0
NBSL,11,9,20,0.55
NBSM,24,24,48,0.5
NBSN,26,27,53,0.49
NBSP,39,46,85,0.46
NBSS,26,29,55,0.47
NBSb,26,29,55,0.47
NBSh,15,13,28,0.54
NBSl,15,21,36,0.42
NBSm,27,18,45,0.6
NBSn,24,34,58,0.41
NBSs,27,16,43,0.63
NBSt,1,7,8,0.12
NBbB,33,40,73,0.45
NBbD,9,3,12,0.75
NBbH,13,12,25,0.52
NBbI,7,7,14,0.5
NBbJ,16,17,33,0.48
NBbK,4,5,9,0.44
NBbL,14,15,29,0.48
NBbM,43,62,105,0.41
NBbN,65,78,143,0.45
NBbP,78,66,144,0.54
NBbS,18,28,46,0.39
NBbb,46,43,89,0.52
NBbh,0,1,1,0.0
NBbl,23,13,36,0.64
NBbm,58,26,84,0.69
NBbn,69,45,114,0.61
NBbs,33,27,60,0.55
NBhB,2,4,6,0.33
NBhD,0,1,1,0.0
NBhH,1,3,4,0.25
NBhI,0,0,0,
NBhK,1,0,1,1.0
NBhL,3,5,8,0.38
NBhM,6,10,16,0.38
NBhN,5,10,15,0.33
NBhP,3,9,12,0.25
NBhS,4,5,9,0.44
NBhb,5,4,9,0.56
NBhh,5,9,14,0.36
NBhl,4,1,5,0.8
NBhm,10,5,15,0.67
NBhn,7,8,15,0.47
NBhs,2,4,6,0.33
NBht,1,0,1,1.0
NBjB,20,13,33,0.61
NBjD,0,6,6,0.0
NBjH,1,4,5,0.2
NBjI,1,1,2,0.5
NBjK,2,0,2,1.0
NBjL,3,2,5,0.6
NBjM,9,16,25,0.36
NBjN,13,17,30,0.43
NBjP,25,33,58,0.43
NBjS,7,9,16,0.44
NBjb,18,11,29,0.62
NBjh,2,2,4,0.5
NBjl,4,10,14,0.29
NBjm,11,13,24,0.46
NBjn,20,15,35,0.57
NBjs,7,6,13,0.54
NBjt,2,2,4,0.5
NBlB,13,12,25,0.52
NBlD,4,1,5,0.8
NBlH,10,15,25,0.4
NBlI,4,1,5,0.8
NBlJ,3,4,7,0.43
NBlL,5,9,14,0.36
NBlM,22,17,39,0.56
NBlN,29,21,50,0.58
NBlP,25,22,47,0.53
NBlS,15,8,23,0.65
NBlb,16,11,27,0.59
NBll,9,13,22,0.41
NBlm,24,13,37,0.65
NBln,15,24,39,0.38
NBls,14,13,27,0.52
NBmB,37,43,80,0.46
NBmD,8,6,14,0.57
NBmH,27,30,57,0.47
NBmI,3,6,9,0.33
NBmJ,6,14,20,0.3
NBmK,1,0,1,1.0
NBmL,17,17,34,0.5
NBmM,43,53,96,0.45
NBmN,50,59,109,0.46
NBmP,74,67,141,0.52
NBmS,25,30,55,0.45
NBmb,48,45,93,0.52
NBml,20,13,33,0.61
NBmm,52,41,93,0.56
NBmn,44,54,98,0.45
NBms,21,28,49,0.43
NBnB,60,40,100,0.6
NBnD,10,11,21,0.48
NBnH,29,31,60,0.48
NBnI,11,10,21,0.52
NBnK,3,9,12,0.25
NBnL,18,22,40,0.45
NBnM,49,87,136,0.36
NBnN,118,84,202,0.58
NBnP,92,97,189,0.49
NBnS,65,46,111,0.59
NBnb,78,65,143,0.55
NBnh,3,2,5,0.6
NBnl,28,26,54,0.52
NBnm,83,64,147,0.56
NBnn,86,109,195,0.44
NBns,38,41,79,0.48
NBnt,0,1,1,0.0
NBsB,23,12,35,0.66
NBsD,5,4,9,0.56
NBsH,21,20,41,0.51
NBsI,2,3,5,0.4
NBsL,7,11,18,0.39
NBsM,28,25,53,0.53
NBsN,30,23,53,0.57
NBsP,38,48,86,0.44
NBsS,18,27,45,0.4
NBsb,16,21,37,0.43
NBsh,2,2,4,0.5
NBsl,14,10,24,0.58
NBsm,32,17,49,0.65
NBsn,33,27,60,0.55
NBss,16,23,39,0.41
NBtB,5,14,19,0.26
NBtD,0,1,1,0.0
NBtH,4,4,8,0.5
NBtK,0,1,1,0.0
NBtL,4,2,6,0.67
NBtM,7,9,16,0.44
NBtN,11,13,24,0.46
NBtP,14,13,27,0.52
NBtS,6,10,16,0.38
NBtb,8,14,22,0.36
NBth,1,0,1,1.0
NBtl,1,6,7,0.14
NBtm,7,7,14,0.5
NBtn,10,10,20,0.5
NBts,3,5,8,0.38
NBtt,5,0,5,1.0
NDBB,5,13,18,0.28
NDBD,1,3,4,0.25
NDBK,2,0,2,1.0
NDBL,3,1,4,0.75
NDBM,5,9,14,0.36
NDBN,7,12,19,0.37
NDBP,5,3,8,0.62
NDBS,6,2,8,0.75
NDBb,9,6,15,0.6
NDBh,1,2,3,0.33
NDBj,1,1,2,0.5
NDBl,2,1,3,0.67
NDBm,11,6,17,0.65
NDBn,16,4,20,0.8
NDBs,7,2,9,0.78
NDBt,2,1,3,0.67
NDDB,2,0,2,1.0
NDDD,3,1,4,0.75
NDDH,2,3,5,0.4
NDDL,0,1,1,0.0
NDDM,4,6,10,0.4
NDDN,5,4,9,0.56
NDDP,8,0,8,1.0
NDDS,2,3,5,0.4
NDDb,1,1,2,0.5
NDDl,0,2,2,0.0
NDDm,5,7,12,0.42
NDDn,2,3,5,0.4
NDDs,5,1,6,0.83
NDHB,5,4,9,0.56
NDHD,1,0,1,1.0
NDHH,1,2,3,0.33
NDHI,1,1,2,0.5
NDHK,0,1,1,0.0
NDHL,1,1,2,0.5
NDHM,5,3,8,0.62
NDHN,4,4,8,0.5
NDHP,19,14,33,0.58
NDHS,7,6,13,0.54
NDHb,7,6,13,0.54
NDHh,3,1,4,0.75
NDHl,6,1,7,0.86
NDHm,8,11,19,0.42
NDHn,8,9,17,0.47
NDHs,13,8,21,0.62
NDHt,3,0,3,1.0
NDIB,2,1,3,0.67
NDIH,0,1,1,0.0
NDII,0,0,0,
NDIL,1,0,1,1.0
NDIN,1,0,1,1.0
NDIP,1,1,2,0.5
NDIS,0,2,2,0.0
NDIb,0,1,1,0.0
NDIh,1,0,1,1.0
NDIm,0,3,3,0.0
NDIn,1,1,2,0.5
NDIs,1,3,4,0.25
NDKM,1,1,2,0.5
NDKN,0,1,1,0.0
NDKb,0,0,0,
NDKm,1,0,1,1.0
NDKs,1,0,1,1.0
NDLB,3,2,5,0.6
NDLH,0,0,0,
NDLK,0,1,1,0.0
NDLL,1,0,1,1.0
NDLM,1,1,2,0.5
NDLN,2,3,5,0.4
NDLP,2,3,5,0.4
NDLS,4,3,7,0.57
NDLb,0,2,2,0.0
NDLh,2,3,5,0.4
NDLj,1,1,2,0.5
NDLl,0,3,3,0.0
NDLm,2,2,4,0.5
NDLn,4,2,6,0.67
NDLs,1,0,1,1.0
NDLt,0,1,1,0.0
NDMB,9,15,24,0.38
NDMD,3,1,4,0.75
NDML,4,4,8,0.5
NDMM,8,9,17,0.47
NDMN,7,11,18,0.39
NDMP,14,10,24,0.58
NDMS,6,7,13,0.46
NDMb,4,13,17,0.24
NDMh,9,10,19,0.47
NDMj,0,2,2,0.0
NDMl,4,1,5,0.8
NDMm,9,10,19,0.47
NDMn,5,17,22,0.23
NDMs,6,11,17,0.35
NDMt,1,0,1,1.0
NDNB,11,9,20,0.55
NDND,5,2,7,0.71
NDNH,1,1,2,0.5
NDNI,0,1,1,0.0
NDNK,0,2,2,0.0
NDNL,3,2,5,0.6
NDNM,13,11,24,0.54
NDNN,11,6,17,0.65
NDNP,7,11,18,0.39
NDNS,7,5,12,0.58
NDNb,5,3,8,0.62
NDNh,1,3,4,0.25
NDNl,3,2,5,0.6
NDNm,16,13,29,0.55
NDNn,8,14,22,0.36
NDNs,4,3,7,0.57
NDNt,1,2,3,0.33
NDPB,8,7,15,0.53
NDPD,3,1,4,0.75
NDPH,1,2,3,0.33
NDPI,1,1,2,0.5
NDPK,0,1,1,0.0
NDPL,7,0,7,1.0
NDPM,10,12,22,0.45
NDPN,10,12,22,0.45
NDPP,13,15,28,0.46
NDPS,7,15,22,0.32
NDPb,8,14,22,0.36
NDPh,0,1,1,0.0
NDPl,3,9,12,0.25
NDPm,15,11,26,0.58
NDPn,13,10,23,0.57
NDPs,9,8,17,0.53
NDPt,1,0,1,1.0
NDSB,11,8,19,0.58
NDSD,4,2,6,0.67
NDSH,2,2,4,0.5
NDSI,1,0,1,1.0
NDSL,5,3,8,0.62
NDSM,14,6,20,0.7
NDSN,8,5,13,0.62
NDSP,8,11,19,0.42
NDSS,13,7,20,0.65
NDSb,6,9,15,0.4
NDSh,5,5,10,0.5
NDSl,2,1,3,0.67
NDSm,16,11,27,0.59
NDSn,11,9,20,0.55
NDSs,11,8,19,0.58
NDSt,2,1,3,0.67
NDbB,5,6,11,0.45
NDbD,1,4,5,0.2
NDbH,0,1,1,0.0
NDbI,1,0,1,1.0
NDbJ,1,0,1,1.0
NDbK,0,2,2,0.0
NDbL,0,2,2,0.0
NDbM,13,8,21,0.62
NDbN,6,10,16,0.38
NDbP,11,3,14,0.79
NDbS,6,3,9,0.67
NDbb,6,5,11,0.55
NDbl,0,1,1,0.0
NDbm,6,6,12,0.5
NDbn,5,10,15,0.33
NDbs,0,3,3,0.0
NDhM,0,1,1,0.0
NDhN,1,0,1,1.0
NDhS,0,1,1,0.0
NDhh,0,1,1,0.0
NDhs,1,0,1,1.0
NDlB,4,0,4,1.0
NDlD,0,0,0,
NDlH,1,2,3,0.33
NDlI,1,0,1,1.0
NDlK,0,1,1,0.0
NDlL,1,1,2,0.5
NDlM,4,5,9,0.44
NDlN,4,3,7,0.57
NDlP,2,3,5,0.4
NDlS,3,3,6,0.5
NDlb,3,3,6,0.5
NDll,0,3,3,0.0
NDlm,2,3,5,0.4
NDln,2,4,6,0.33
NDls,0,3,3,0.0
NDmB,8,9,17,0.47
NDmD,6,3,9,0.67
NDmH,10,10,20,0.5
NDmI,2,0,2,1.0
NDmJ,3,0,3,1.0
NDmK,0,1,1,0.0
NDmL,2,4,6,0.33
NDmM,17,11,28,0.61
NDmN,11,12,23,0.48
NDmP,6,11,17,0.35
NDmS,9,12,21,0.43
NDmb,7,7,14,0.5
NDml,2,3,5,0.4
NDmm,10,10,20,0.5
NDmn,5,5,10,0.5
NDms,3,3,6,0.5
NDnB,8,4,12,0.67
NDnD,3,3,6,0.5
NDnH,5,6,11,0.45
NDnI,1,1,2,0.5
NDnK,0,1,1,0.0
NDnL,0,2,2,0.0
NDnM,7,10,17,0.41
NDnN,11,12,23,0.48
NDnP,10,12,22,0.45
NDnS,8,8,16,0.5
NDnb,13,6,19,0.68
NDnl,4,3,7,0.57
NDnm,11,5,16,0.69
NDnn,11,13,24,0.46
NDns,9,6,15,0.6
NDsB,4,1,5,0.8
NDsD,0,3,3,0.0
NDsH,9,10,19,0.47
NDsI,2,1,3,0.67
NDsL,3,3,6,0.5
NDsM,4,4,8,0.5
NDsN,12,2,14,0.86
NDsP,4,11,15,0.27
NDsS,5,8,13,0.38
NDsb,9,5,14,0.64
NDsh,1,0,1,1.0
NDsl,0,2,2,0.0
NDsm,8,5,13,0.62
NDsn,4,6,10,0.4
NDss,4,3,7,0.57
NDtB,1,1,2,0.5
NDtL,0,2,2,0.0
NDtM,0,2,2,0.0
NDtN,1,1,2,0.5
NDtP,2,2,4,0.5
NDtm,1,0,1,1.0
NDtn,1,2,3,0.33
NDts,0,0,0,
NDtt,0,1,1,0.0
NHBB,9,6,15,0.6
NHBD,1,0,1,1.0
NHBK,1,1,2,0.5
NHBL,5,2,7,0.71
NHBM,7,10,17,0.41
NHBN,11,9,20,0.55
NHBP,3,10,13,0.23
NHBS,2,5,7,0.29
NHBb,7,9,16,0.44
NHBh,1,2,3,0.33
NHBj,0,1,1,0.0
NHBl,7,5,12,0.58
NHBm,8,8,16,0.5
NHBn,5,8,13,0.38
NHBs,3,2,5,0.6
NHBt,0,2,2,0.0
NHDB,0,0,0,
NHDD,1,0,1,1.0
NHDH,0,1,1,0.0
NHDL,1,0,1,1.0
NHDM,1,0,1,1.0
NHDN,1,1,2,0.5
NHDP,5,1,6,0.83
NHDS,2,1,3,0.67
NHDb,0,1,1,0.0
NHDl,1,0,1,1.0
NHDm,1,2,3,0.33
NHDn,2,1,3,0.67
NHDs,4,0,4,1.0
NHHB,3,2,5,0.6
NHHD,0,1,1,0.0
NHHH,0,0,0,
NHHI,0,1,1,0.0
NHHL,1,0,1,1.0
NHHM,5,0,5,1.0
NHHN,1,0,1,1.0
NHHP,2,4,6,0.33
NHHS,0,3,3,0.0
NHHb,3,1,4,0.75
NHHl,1,0,1,1.0
NHHm,5,3,8,0.62
NHHn,3,2,5,0.6
NHHs,4,0,4,1.0
NHHt,1,0,1,1.0
NHIB,1,2,3,0.33
NHID,0,1,1,0.0
NHIH,1,1,2,0.5
NHII,2,1,3,0.67
NHIM,2,0,2,1.0
NHIN,1,1,2,0.5
NHIP,2,2,4,0.5
NHIS,0,3,3,0.0
NHIb,0,1,1,0.0
NHIl,1,0,1,1.0
NHIm,1,0,1,1.0
NHIn,1,1,2,0.5
NHIs,0,2,2,0.0
NHKB,2,0,2,1.0
NHKD,0,0,0,
NHKM,3,2,5,0.6
NHKN,3,0,3,1.0
NHKP,1,0,1,1.0
NHKS,1,2,3,0.33
NHKb,0,2,2,0.0
NHKl,0,2,2,0.0
NHKm,0,1,1,0.0
NHKn,2,5,7,0.29
NHKs,1,2,3,0.33
NHKt,0,0,0,
NHLB,3,4,7,0.43
NHLL,2,2,4,0.5
NHLM,7,6,13,0.54
NHLN,3,5,8,0.38
NHLP,3,5,8,0.38
NHLS,6,2,8,0.75
NHLb,6,3,9,0.67
NHLh,0,2,2,0.0
NHLj,0,1,1,0.0
NHLl,1,0,1,1.0
NHLm,2,3,5,0.4
NHLn,6,7,13,0.46
NHLs,4,1,5,0.8
NHLt,0,1,1,0.0
NHMB,8,6,14,0.57
NHMD,1,2,3,0.33
NHMK,1,1,2,0.5
NHML,2,2,4,0.5
NHMM,12,8,20,0.6
NHMN,15,17,32,0.47
NHMP,11,10,21,0.52
NHMS,7,6,13,0.54
NHMb,5,7,12,0.42
NHMh,11,8,19,0.58
NHMj,3,8,11,0.27
NHMl,4,2,6,0.67
NHMm,12,12,24,0.5
NHMn,19,13,32,0.59
NHMs,5,8,13,0.38
NHMt,0,1,1,0.0
NHNB,9,9,18,0.5
NHND,2,0,2,1.0
NHNH,1,0,1,1.0
NHNK,1,0,1,1.0
NHNL,2,6,8,0.25
NHNM,9,13,22,0.41
NHNN,18,14,32,0.56
NHNP,16,18,34,0.47
NHNS,13,8,21,0.62
NHNb,13,22,35,0.37
NHNh,8,5,13,0.62
NHNl,6,6,12,0.5
NHNm,12,11,23,0.52
NHNn,16,20,36,0.44
NHNs,13,16,29,0.45
NHNt,1,1,2,0.5
NHPB,8,7,15,0.53
NHPD,2,1,3,0.67
NHPH,9,2,11,0.82
NHPI,2,1,3,0.67
NHPK,3,1,4,0.75
NHPL,7,6,13,0.54
NHPM,23,18,41,0.56
NHPN,15,16,31,0.48
NHPP,22,28,50,0.44
NHPS,10,8,18,0.56
NHPb,17,11,28,0.61
NHPh,4,3,7,0.57
NHPl,11,7,18,0.61
NHPm,17,18,35,0.49
NHPn,12,14,26,0.46
NHPs,9,5,14,0.64
NHPt,1,2,3,0.33
NHSB,4,2,6,0.67
NHSD,1,0,1,1.0
NHSH,5,3,8,0.62
NHSI,0,1,1,0.0
NHSK,0,1,1,0.0
NHSL,2,3,5,0.4
NHSM,10,9,19,0.53
NHSN,8,6,14,0.57
NHSP,13,11,24,0.54
NHSS,12,3,15,0.8
NHSb,8,5,13,0.62
NHSh,3,8,11,0.27
NHSl,2,3,5,0.4
NHSm,11,9,20,0.55
NHSn,21,9,30,0.7
NHSs,8,8,16,0.5
NHSt,0,1,1,0.0
NHbB,13,5,18,0.72
NHbD,0,2,2,0.0
NHbH,1,0,1,1.0
NHbI,1,1,2,0.5
NHbJ,3,6,9,0.33
NHbK,2,0,2,1.0
NHbL,1,5,6,0.17
NHbM,6,14,20,0.3
NHbN,9,7,16,0.56
NHbP,15,18,33,0.45
NHbS,3,5,8,0.38
NHbb,5,7,12,0.42
NHbl,1,1,2,0.5
NHbm,12,5,17,0.71
NHbn,13,7,20,0.65
NHbs,8,6,14,0.57
NHhH,1,1,2,0.5
NHhL,3,4,7,0.43
NHhM,0,4,4,0.0
NHhN,0,1,1,0.0
NHhP,2,1,3,0.67
NHhS,2,1,3,0.67
NHhb,2,2,4,0.5
NHhh,1,1,2,0.5
NHhl,1,1,2,0.5
NHhm,3,2,5,0.6
NHhn,1,1,2,0.5
NHhs,2,3,5,0.4
NHht,0,0,0,
NHlB,5,1,6,0.83
NHlD,0,0,0,
NHlH,1,4,5,0.2
NHlJ,1,1,2,0.5
NHlL,3,2,5,0.6
NHlM,3,3,6,0.5
NHlN,5,5,10,0.5
NHlP,9,6,15,0.6
NHlS,6,4,10,0.6
NHlb,7,2,9,0.78
NHll,2,2,4,0.5
NHlm,2,2,4,0.5
NHln,0,3,3,0.0
NHls,2,4,6,0.33
NHmB,12,5,17,0.71
NHmD,4,2,6,0.67
NHmH,9,3,12,0.75
NHmJ,4,1,5,0.8
NHmL,6,10,16,0.38
NHmM,8,13,21,0.38
NHmN,9,9,18,0.5
NHmP,9,18,27,0.33
NHmS,7,8,15,0.47
NHmb,12,5,17,0.71
NHml,5,1,6,0.83
NHmm,9,4,13,0.69
NHmn,9,10,19,0.47
NHms,9,7,16,0.56
NHnB,5,8,13,0.38
NHnD,1,0,1,1.0
NHnH,5,4,9,0.56
NHnI,1,2,3,0.33
NHnK,0,2,2,0.0
NHnL,2,5,7,0.29
NHnM,16,19,35,0.46
NHnN,14,23,37,0.38
NHnP,18,26,44,0.41
NHnS,6,10,16,0.38
NHnb,12,9,21,0.57
NHnh,1,1,2,0.5
NHnl,3,6,9,0.33
NHnm,14,8,22,0.64
NHnn,15,14,29,0.52
NHns,7,6,13,0.54
NHsB,2,3,5,0.4
NHsD,1,2,3,0.33
NHsH,5,9,14,0.36
NHsI,0,1,1,0.0
NHsL,4,2,6,0.67
NHsM,7,10,17,0.41
NHsN,11,11,22,0.5
NHsP,10,12,22,0.45
NHsS,13,9,22,0.59
NHsb,4,9,13,0.31
NHsh,0,1,1,0.0
NHsl,2,5,7,0.29
NHsm,4,4,8,0.5
NHsn,8,7,15,0.53
NHss,12,9,21,0.57
NHtB,1,1,2,0.5
NHtM,1,1,2,0.5
NHtN,0,0,0,
NHtS,0,0,0,
NHtm,0,0,0,
NHts,1,0,1,1.0
NIBB,0,1,1,0.0
NIBN,0,1,1,0.0
NIBP,0,1,1,0.0
NIBh,0,1,1,0.0
NIBm,0,0,0,
NIBs,1,0,1,1.0
NIDP,0,1,1,0.0
NIDb,0,1,1,0.0
NIDl,1,0,1,1.0
NIHm,0,4,4,0.0
NIHs,0,0,0,
NIIB,0,1,1,0.0
NIIb,0,1,1,0.0
NILL,0,0,0,
NILM,0,1,1,0.0
NILP,1,0,1,1.0
NILb,0,1,1,0.0
NILm,1,0,1,1.0
NIMB,1,0,1,1.0
NIMM,1,1,2,0.5
NIMN,1,0,1,1.0
NIMP,1,1,2,0.5
NIMS,0,1,1,0.0
NIMb,1,0,1,1.0
NIMh,0,0,0,
NIMj,1,0,1,1.0
NIMm,0,1,1,0.0
NIMn,2,0,2,1.0
NIMt,0,1,1,0.0
NINN,0,1,1,0.0
NINP,0,1,1,0.0
NINb,0,1,1,0.0
NINh,0,0,0,
NINm,1,0,1,1.0
NINs,0,1,1,0.0
NIPB,1,2,3,0.33
NIPI,0,1,1,0.0
NIPK,0,1,1,0.0
NIPM,0,1,1,0.0
NIPN,1,2,3,0.33
NIPP,1,0,1,1.0
NIPb,3,1,4,0.75
NIPs,0,2,2,0.0
NISB,0,1,1,0.0
NISH,0,1,1,0.0
NISI,1,0,1,1.0
NISL,1,0,1,1.0
NISM,0,2,2,0.0
NISN,0,1,1,0.0
NISS,1,2,3,0.33
NISl,1,0,1,1.0
NISm,2,0,2,1.0
NISs,0,0,0,
NIbB,0,2,2,0.0
NIbD,0,0,0,
NIbJ,2,0,2,1.0
NIbL,0,0,0,
NIbN,1,0,1,1.0
NIbP,2,0,2,1.0
NIbb,0,2,2,0.0
NIbl,1,0,1,1.0
NIbm,2,1,3,0.67
NIbs,2,0,2,1.0
NIlh,1,0,1,1.0
NImL,1,0,1,1.0
NImN,0,1,1,0.0
NImP,1,0,1,1.0
NImS,1,2,3,0.33
NImb,1,0,1,1.0
NImm,0,1,1,0.0
NImn,1,0,1,1.0
NIms,1,1,2,0.5
NInB,0,1,1,0.0
NInL,0,1,1,0.0
NInP,0,2,2,0.0
NInS,1,1,2,0.5
NIsB,0,0,0,
NIsP,1,0,1,1.0
NIsm,0,1,1,0.0
NIss,1,0,1,1.0
NKBB,2,2,4,0.5
NKBD,1,0,1,1.0
NKBK,0,1,1,0.0
NKBL,2,1,3,0.67
NKBM,3,4,7,0.43
NKBN,8,6,14,0.57
NKBP,8,6,14,0.57
NKBS,1,1,2,0.5
NKBb,7,1,8,0.88
NKBj,1,1,2,0.5
NKBl,2,4,6,0.33
NKBm,4,4,8,0.5
NKBn,4,4,8,0.5
NKBs,4,3,7,0.57
NKBt,0,2,2,0.0
NKDB,1,0,1,1.0
NKDH,0,2,2,0.0
NKDL,0,0,0,
NKDM,1,0,1,1.0
NKDN,0,4,4,0.0
NKDP,1,0,1,1.0
NKDS,0,1,1,0.0
NKDb,2,1,3,0.67
NKDh,0,1,1,0.0
NKDm,0,1,1,0.0
NKDn,0,2,2,0.0
NKHB,0,0,0,
NKHK,0,1,1,0.0
NKHM,2,0,2,1.0
NKHN,1,1,2,0.5
NKHP,1,1,2,0.5
NKHS,0,1,1,0.0
NKHb,2,0,2,1.0
NKHh,0,1,1,0.0
NKHl,1,0,1,1.0
NKHm,0,1,1,0.0
NKHn,2,0,2,1.0
NKHs,0,1,1,0.0
NKIB,1,0,1,1.0
NKIH,1,1,2,0.5
NKIN,2,1,3,0.67
NKIP,1,1,2,0.5
NKIS,1,0,1,1.0
NKIl,0,1,1,0.0
NKIm,1,0,1,1.0
NKIn,0,1,1,0.0
NKIs,1,1,2,0.5
NKKI,0,1,1,0.0
NKLB,2,1,3,0.67
NKLL,1,2,3,0.33
NKLM,1,3,4,0.25
NKLP,3,2,5,0.6
NKLS,1,2,3,0.33
NKLb,1,2,3,0.33
NKLh,1,2,3,0.33
NKLj,0,0,0,
NKLl,2,1,3,0.67
NKLm,2,4,6,0.33
NKLn,1,2,3,0.33
NKLs,4,2,6,0.67
NKMB,5,5,10,0.5
NKMD,2,2,4,0.5
NKML,3,1,4,0.75
NKMM,4,9,13,0.31
NKMN,4,4,8,0.5
NKMP,9,9,18,0.5
NKMS,5,1,6,0.83
NKMb,7,7,14,0.5
NKMh,3,2,5,0.6
NKMj,2,1,3,0.67
NKMl,2,1,3,0.67
NKMm,6,5,11,0.55
NKMn,8,10,18,0.44
NKMs,2,7,9,0.22
NKMt,0,0,0,
NKNB,5,5,10,0.5
NKND,0,2,2,0.0
NKNH,2,1,3,0.67
NKNK,0,1,1,0.0
NKNL,3,2,5,0.6
NKNM,10,5,15,0.67
NKNN,6,7,13,0.46
NKNP,8,7,15,0.53
NKNS,1,4,5,0.2
NKNb,7,4,11,0.64
NKNh,0,1,1,0.0
NKNl,1,3,4,0.25
NKNm,1,9,10,0.1
NKNn,6,5,11,0.55
NKNs,2,3,5,0.4
NKNt,0,1,1,0.0
NKPB,9,5,14,0.64
NKPH,1,4,5,0.2
NKPI,0,1,1,0.0
NKPK,1,0,1,1.0
NKPL,2,4,6,0.33
NKPM,9,7,16,0.56
NKPN,7,6,13,0.54
NKPP,15,20,35,0.43
NKPS,4,6,10,0.4
NKPb,6,8,14,0.43
NKPh,2,1,3,0.67
NKPl,2,0,2,1.0
NKPm,7,9,16,0.44
NKPn,8,5,13,0.62
NKPs,4,5,9,0.44
NKPt,3,2,5,0.6
NKSB,6,2,8,0.75
NKSD,0,2,2,0.0
NKSH,1,1,2,0.5
NKSL,1,3,4,0.25
NKSM,4,10,14,0.29
NKSN,3,2,5,0.6
NKSP,2,3,5,0.4
NKSS,7,4,11,0.64
NKSb,4,3,7,0.57
NKSh,1,4,5,0.2
NKSl,1,2,3,0.33
NKSm,5,4,9,0.56
NKSn,4,6,10,0.4
NKSs,6,2,8,0.75
NKSt,2,0,2,1.0
NKbB,3,3,6,0.5
NKbD,1,1,2,0.5
NKbH,1,1,2,0.5
NKbI,0,0,0,
NKbJ,1,1,2,0.5
NKbK,0,0,0,
NKbL,1,2,3,0.33
NKbM,3,5,8,0.38
NKbN,2,2,4,0.5
NKbP,5,7,12,0.42
NKbS,2,3,5,0.4
NKbb,3,4,7,0.43
NKbl,3,4,7,0.43
NKbm,5,3,8,0.62
NKbn,2,6,8,0.25
NKbs,4,2,6,0.67
NKhB,6,6,12,0.5
NKhD,0,1,1,0.0
NKhH,0,1,1,0.0
NKhI,1,0,1,1.0
NKhL,2,1,3,0.67
NKhM,1,2,3,0.33
NKhN,7,3,10,0.7
NKhP,3,8,11,0.27
NKhS,4,6,10,0.4
NKhb,2,6,8,0.25
NKhh,2,1,3,0.67
NKhl,3,1,4,0.75
NKhm,3,1,4,0.75
NKhn,3,2,5,0.6
NKhs,4,4,8,0.5
NKlB,2,2,4,0.5
NKlH,1,1,2,0.5
NKlI,1,0,1,1.0
NKlL,2,2,4,0.5
NKlM,1,5,6,0.17
NKlN,7,4,11,0.64
NKlP,2,4,6,0.33
NKlS,3,1,4,0.75
NKlb,3,2,5,0.6
NKll,0,1,1,0.0
NKlm,4,2,6,0.67
NKln,2,3,5,0.4
NKls,2,1,3,0.67
NKmB,1,6,7,0.14
NKmD,2,5,7,0.29
NKmH,6,4,10,0.6
NKmI,1,0,1,1.0
NKmJ,0,0,0,
NKmL,0,2,2,0.0
NKmM,12,10,22,0.55
NKmN,9,4,13,0.69
NKmP,5,3,8,0.62
NKmS,7,3,10,0.7
NKmb,9,6,15,0.6
NKml,1,0,1,1.0
NKmm,4,4,8,0.5
NKmn,3,5,8,0.38
NKms,3,5,8,0.38
NKnB,4,1,5,0.8
NKnD,0,2,2,0.0
NKnH,1,6,7,0.14
NKnI,0,0,0,
NKnK,0,2,2,0.0
NKnL,3,6,9,0.33
NKnM,4,4,8,0.5
NKnN,9,15,24,0.38
NKnP,13,12,25,0.52
NKnS,4,4,8,0.5
NKnb,3,10,13,0.23
NKnl,0,1,1,0.0
NKnm,9,3,12,0.75
NKnn,5,9,14,0.36
NKns,3,7,10,0.3
NKsB,0,5,5,0.0
NKsD,1,2,3,0.33
NKsH,5,7,12,0.42
NKsI,1,0,1,1.0
NKsM,4,5,9,0.44
NKsN,4,4,8,0.5
NKsP,7,7,14,0.5
NKsS,5,14,19,0.26
NKsb,4,4,8,0.5
NKsh,2,0,2,1.0
NKsl,4,2,6,0.67
NKsm,6,1,7,0.86
NKsn,5,6,11,0.45
NKss,5,0,5,1.0
NKtB,1,0,1,1.0
NKtM,0,1,1,0.0
NKtN,3,1,4,0.75
NKtm,1,0,1,1.0
NKtn,1,0,1,1.0
NKts,0,2,2,0.0
NLBB,25,21,46,0.54
NLBD,3,2,5,0.6
NLBH,1,0,1,1.0
NLBK,2,2,4,0.5
NLBL,3,8,11,0.27
NLBM,9,12,21,0.43
NLBN,16,33,49,0.33
NLBP,31,23,54,0.57
NLBS,7,2,9,0.78
NLBb,24,22,46,0.52
NLBh,3,6,9,0.33
NLBj,6,5,11,0.55
NLBl,9,14,23,0.39
NLBm,26,20,46,0.57
NLBn,36,29,65,0.55
NLBs,11,7,18,0.61
NLBt,2,3,5,0.4
NLDB,0,2,2,0.0
NLDD,1,0,1,1.0
NLDH,2,2,4,0.5
NLDL,1,0,1,1.0
NLDM,2,4,6,0.33
NLDN,3,0,3,1.0
NLDP,3,3,6,0.5
NLDS,4,2,6,0.67
NLDb,1,1,2,0.5
NLDl,1,1,2,0.5
NLDm,2,0,2,1.0
NLDn,5,2,7,0.71
NLDs,0,2,2,0.0
NLDt,0,0,0,
NLHB,1,0,1,1.0
NLHM,1,0,1,1.0
NLHb,1,0,1,1.0
NLHl,1,1,2,0.5
NLHn,0,1,1,0.0
NLHs,1,0,1,1.0
NLKB,1,3,4,0.25
NLKH,0,1,1,0.0
NLKL,1,1,2,0.5
NLKM,1,1,2,0.5
NLKN,1,1,2,0.5
NLKP,4,0,4,1.0
NLKS,1,2,3,0.33
NLKb,1,0,1,1.0
NLKh,2,0,2,1.0
NLKl,2,1,3,0.67
NLKm,2,1,3,0.67
NLKn,1,0,1,1.0
NLKs,0,2,2,0.0
NLKt,0,2,2,0.0
NLLB,12,9,21,0.57
NLLK,0,1,1,0.0
NLLL,2,4,6,0.33
NLLM,4,5,9,0.44
NLLN,10,7,17,0.59
NLLP,12,3,15,0.8
NLLS,4,7,11,0.36
NLLb,5,10,15,0.33
NLLh,2,5,7,0.29
NLLj,5,2,7,0.71
NLLl,4,5,9,0.44
NLLm,11,7,18,0.61
NLLn,18,8,26,0.69
NLLs,5,4,9,0.56
NLLt,3,2,5,0.6
NLMB,16,14,30,0.53
NLMD,2,2,4,0.5
NLMK,0,2,2,0.0
NLML,1,7,8,0.12
NLMM,15,14,29,0.52
NLMN,17,19,36,0.47
NLMP,18,39,57,0.32
NLMS,11,10,21,0.52
NLMb,28,22,50,0.56
NLMh,12,13,25,0.48
NLMj,9,7,16,0.56
NLMl,8,6,14,0.57
NLMm,18,15,33,0.55
NLMn,33,30,63,0.52
NLMs,10,9,19,0.53
NLMt,2,3,5,0.4
NLNB,29,28,57,0.51
NLND,3,3,6,0.5
NLNH,2,3,5,0.4
NLNK,0,1,1,0.0
NLNL,6,12,18,0.33
NLNM,21,21,42,0.5
NLNN,26,29,55,0.47
NLNP,30,30,60,0.5
NLNS,13,13,26,0.5
NLNb,23,13,36,0.64
NLNh,8,6,14,0.57
NLNl,8,5,13,0.62
NLNm,24,24,48,0.5
NLNn,28,43,71,0.39
NLNs,13,22,35,0.37
NLNt,8,3,11,0.73
NLPB,22,22,44,0.5
NLPD,4,3,7,0.57
NLPH,8,2,10,0.8
NLPI,1,4,5,0.2
NLPK,1,4,5,0.2
NLPL,12,19,31,0.39
NLPM,26,27,53,0.49
NLPN,34,46,80,0.42
NLPP,47,54,101,0.47
NLPS,17,16,33,0.52
NLPb,31,30,61,0.51
NLPh,3,4,7,0.43
NLPl,22,16,38,0.58
NLPm,34,22,56,0.61
NLPn,39,33,72,0.54
NLPs,21,17,38,0.55
NLPt,4,0,4,1.0
NLSB,10,8,18,0.56
NLSD,4,1,5,0.8
NLSH,2,6,8,0.25
NLSK,0,1,1,0.0
NLSL,4,8,12,0.33
NLSM,12,12,24,0.5
NLSN,6,12,18,0.33
NLSP,16,21,37,0.43
NLSS,16,12,28,0.57
NLSb,12,5,17,0.71
NLSh,8,7,15,0.53
NLSl,14,3,17,0.82
NLSm,12,12,24,0.5
NLSn,15,15,30,0.5
NLSs,18,9,27,0.67
NLSt,3,1,4,0.75
NLbB,15,12,27,0.56
NLbD,1,1,2,0.5
NLbH,4,7,11,0.36
NLbI,2,3,5,0.4
NLbJ,7,2,9,0.78
NLbK,2,2,4,0.5
NLbL,7,7,14,0.5
NLbM,23,19,42,0.55
NLbN,31,32,63,0.49
NLbP,31,27,58,0.53
NLbS,18,14,32,0.56
NLbb,22,24,46,0.48
NLbl,18,7,25,0.72
NLbm,12,20,32,0.38
NLbn,26,23,49,0.53
NLbs,18,9,27,0.67
NLhB,4,12,16,0.25
NLhD,3,2,5,0.6
NLhH,1,4,5,0.2
NLhK,0,0,0,
NLhL,9,6,15,0.6
NLhM,8,8,16,0.5
NLhN,6,13,19,0.32
NLhP,10,18,28,0.36
NLhS,8,8,16,0.5
NLhb,7,14,21,0.33
NLhh,7,11,18,0.39
NLhl,3,5,8,0.38
NLhm,10,6,16,0.62
NLhn,3,12,15,0.2
NLhs,11,7,18,0.61
NLht,0,2,2,0.0
NLjB,4,6,10,0.4
NLjD,1,1,2,0.5
NLjH,0,3,3,0.0
NLjI,1,1,2,0.5
NLjK,0,0,0,
NLjL,3,2,5,0.6
NLjM,4,5,9,0.44
NLjN,2,6,8,0.25
NLjP,7,7,14,0.5
NLjS,5,2,7,0.71
NLjb,6,14,20,0.3
NLjh,2,1,3,0.67
NLjl,6,3,9,0.67
NLjm,9,6,15,0.6
NLjn,4,8,12,0.33
NLjs,1,3,4,0.25
NLlB,9,7,16,0.56
NLlD,0,2,2,0.0
NLlH,5,5,10,0.5
NLlI,2,1,3,0.67
NLlJ,3,3,6,0.5
NLlK,0,2,2,0.0
NLlL,5,4,9,0.56
NLlM,13,15,28,0.46
NLlN,12,11,23,0.52
NLlP,12,11,23,0.52
NLlS,6,6,12,0.5
NLlb,7,13,20,0.35
NLll,2,5,7,0.29
NLlm,9,6,15,0.6
NLln,13,12,25,0.52
NLls,7,5,12,0.58
NLmB,12,16,28,0.43
NLmD,3,2,5,0.6
NLmH,13,25,38,0.34
NLmI,1,2,3,0.33
NLmJ,3,2,5,0.6
NLmL,8,6,14,0.57
NLmM,19,21,40,0.48
NLmN,22,20,42,0.52
NLmP,27,30,57,0.47
NLmS,17,16,33,0.52
NLmb,18,22,40,0.45
NLml,4,8,12,0.33
NLmm,19,13,32,0.59
NLmn,17,21,38,0.45
NLms,14,11,25,0.56
NLnB,19,29,48,0.4
NLnD,2,2,4,0.5
NLnH,14,11,25,0.56
NLnI,4,4,8,0.5
NLnK,2,0,2,1.0
NLnL,9,12,21,0.43
NLnM,23,31,54,0.43
NLnN,39,42,81,0.48
NLnP,60,54,114,0.53
NLnS,29,21,50,0.58
NLnb,28,31,59,0.47
NLnh,2,4,6,0.33
NLnl,13,18,31,0.42
NLnm,36,27,63,0.57
NLnn,43,36,79,0.54
NLns,32,23,55,0.58
NLsB,7,9,16,0.44
NLsD,5,2,7,0.71
NLsH,12,13,25,0.48
NLsI,6,0,6,1.0
NLsL,4,5,9,0.44
NLsM,18,10,28,0.64
NLsN,11,14,25,0.44
NLsP,25,18,43,0.58
NLsS,11,15,26,0.42
NLsb,18,10,28,0.64
NLsh,1,2,3,0.33
NLsl,4,6,10,0.4
NLsm,8,12,20,0.4
NLsn,12,13,25,0.48
NLss,13,10,23,0.57
NLtB,3,2,5,0.6
NLtH,2,3,5,0.4
NLtI,0,0,0,
NLtK,0,2,2,0.0
NLtL,1,0,1,1.0
NLtM,7,1,8,0.88
NLtN,3,3,6,0.5
NLtP,2,7,9,0.22
NLtS,2,3,5,0.4
NLtb,4,5,9,0.44
NLtl,0,2,2,0.0
NLtm,4,2,6,0.67
NLtn,6,5,11,0.55
NLts,2,3,5,0.4
NLtt,0,1,1,0.0
NMBB,52,60,112,0.46
NMBD,4,5,9,0.44
NMBH,2,0,2,1.0
NMBK,2,1,3,0.67
NMBL,14,19,33,0.42
NMBM,51,52,103,0.5
NMBN,50,79,129,0.39
NMBP,77,83,160,0.48
NMBS,12,30,42,0.29
NMBb,60,50,110,0.55
NMBh,3,3,6,0.5
NMBj,17,19,36,0.47
NMBl,15,21,36,0.42
NMBm,56,39,95,0.59
NMBn,51,103,154,0.33
NMBs,23,16,39,0.59
NMBt,7,10,17,0.41
NMDB,2,8,10,0.2
NMDD,5,1,6,0.83
NMDH,5,7,12,0.42
NMDI,0,1,1,0.0
NMDL,3,1,4,0.75
NMDM,10,11,21,0.48
NMDN,6,10,16,0.38
NMDP,8,8,16,0.5
NMDS,8,8,16,0.5
NMDb,8,7,15,0.53
NMDh,1,0,1,1.0
NMDl,3,3,6,0.5
NMDm,10,7,17,0.59
NMDn,4,6,10,0.4
NMDs,5,5,10,0.5
NMHH,1,0,1,1.0
NMHI,1,1,2,0.5
NMHM,1,0,1,1.0
NMHP,0,1,1,0.0
NMHS,1,0,1,1.0
NMHm,0,1,1,0.0
NMIM,1,0,1,1.0
NMKM,1,1,2,0.5
NMKN,1,0,1,1.0
NMKP,1,2,3,0.33
NMKb,1,0,1,1.0
NMKh,1,2,3,0.33
NMKl,0,0,0,
NMKm,3,0,3,1.0
NMKn,1,0,1,1.0
NMKs,0,2,2,0.0
NMLB,22,20,42,0.52
NMLD,5,2,7,0.71
NMLK,1,0,1,1.0
NMLL,1,8,9,0.11
NMLM,12,19,31,0.39
NMLN,16,30,46,0.35
NMLP,23,37,60,0.38
NMLS,10,9,19,0.53
NMLb,16,14,30,0.53
NMLh,7,15,22,0.32
NMLj,2,6,8,0.25
NMLl,10,5,15,0.67
NMLm,24,23,47,0.51
NMLn,25,26,51,0.49
NMLs,8,10,18,0.44
NMLt,1,5,6,0.17
NMMB,54,58,112,0.48
NMMD,8,6,14,0.57
NMMH,0,1,1,0.0
NMMK,0,0,0,
NMML,14,17,31,0.45
NMMM,42,55,97,0.43
NMMN,59,65,124,0.48
NMMP,71,57,128,0.55
NMMS,20,21,41,0.49
NMMb,60,54,114,0.53
NMMh,29,40,69,0.42
NMMj,15,12,27,0.56
NMMl,14,20,34,0.41
NMMm,54,45,99,0.55
NMMn,86,85,171,0.5
NMMs,30,26,56,0.54
NMMt,5,6,11,0.45
NMNB,44,54,98,0.45
NMND,8,9,17,0.47
NMNH,13,6,19,0.68
NMNI,0,0,0,
NMNK,8,5,13,0.62
NMNL,10,20,30,0.33
NMNM,50,61,111,0.45
NMNN,89,73,162,0.55
NMNP,106,111,217,0.49
NMNS,40,38,78,0.51
NMNb,52,52,104,0.5
NMNh,11,26,37,0.3
NMNl,20,21,41,0.49
NMNm,59,55,114,0.52
NMNn,105,117,222,0.47
NMNs,34,31,65,0.52
NMNt,10,12,22,0.45
NMPB,53,77,130,0.41
NMPD,6,6,12,0.5
NMPH,23,21,44,0.52
NMPI,8,6,14,0.57
NMPK,7,10,17,0.41
NMPL,16,45,61,0.26
NMPM,76,62,138,0.55
NMPN,68,106,174,0.39
NMPP,141,145,286,0.49
NMPS,47,73,120,0.39
NMPb,71,88,159,0.45
NMPh,7,12,19,0.37
NMPl,41,33,74,0.55
NMPm,65,64,129,0.5
NMPn,104,89,193,0.54
NMPs,56,55,111,0.5
NMPt,4,8,12,0.33
NMSB,18,24,42,0.43
NMSD,7,2,9,0.78
NMSH,13,18,31,0.42
NMSI,3,0,3,1.0
NMSK,0,1,1,0.0
NMSL,8,13,21,0.38
NMSM,28,40,68,0.41
NMSN,27,42,69,0.39
NMSP,51,51,102,0.5
NMSS,37,36,73,0.51
NMSb,41,31,72,0.57
NMSh,18,24,42,0.43
NMSl,9,15,24,0.38
NMSm,41,34,75,0.55
NMSn,47,41,88,0.53
NMSs,31,32,63,0.49
NMSt,3,5,8,0.38
NMbB,50,46,96,0.52
NMbD,14,8,22,0.64
NMbH,28,25,53,0.53
NMbI,4,9,13,0.31
NMbJ,18,7,25,0.72
NMbK,6,5,11,0.55
NMbL,20,23,43,0.47
NMbM,48,58,106,0.45
NMbN,97,87,184,0.53
NMbP,83,67,150,0.55
NMbS,43,46,89,0.48
NMbb,55,57,112,0.49
NMbh,0,1,1,0.0
NMbl,16,22,38,0.42
NMbm,58,38,96,0.6
NMbn,75,93,168,0.45
NMbs,42,39,81,0.52
NMhB,36,35,71,0.51
NMhD,6,5,11,0.55
NMhH,14,8,22,0.64
NMhI,4,0,4,1.0
NMhK,1,0,1,1.0
NMhL,14,9,23,0.61
NMhM,48,50,98,0.49
NMhN,45,43,88,0.51
NMhP,66,79,145,0.46
NMhS,45,35,80,0.56
NMhb,48,28,76,0.63
NMhh,32,47,79,0.41
NMhl,15,19,34,0.44
NMhm,47,34,81,0.58
NMhn,58,55,113,0.51
NMhs,35,34,69,0.51
NMht,4,6,10,0.4
NMjB,13,18,31,0.42
NMjD,3,0,3,1.0
NMjH,6,6,12,0.5
NMjK,3,4,7,0.43
NMjL,7,4,11,0.64
NMjM,10,16,26,0.38
NMjN,15,14,29,0.52
NMjP,17,25,42,0.4
NMjS,8,11,19,0.42
NMjb,17,18,35,0.49
NMjh,1,0,1,1.0
NMjl,5,2,7,0.71
NMjm,15,13,28,0.54
NMjn,13,19,32,0.41
NMjs,8,8,16,0.5
NMjt,3,2,5,0.6
NMlB,18,16,34,0.53
NMlD,0,1,1,0.0
NMlH,16,11,27,0.59
NMlI,0,1,1,0.0
NMlJ,9,6,15,0.6
NMlK,0,0,0,
NMlL,9,8,17,0.53
NMlM,24,30,54,0.44
NMlN,29,44,73,0.4
NMlP,30,33,63,0.48
NMlS,11,20,31,0.35
NMlb,25,15,40,0.62
NMll,10,10,20,0.5
NMlm,18,11,29,0.62
NMln,22,25,47,0.47
NMls,18,8,26,0.69
NMmB,44,63,107,0.41
NMmD,15,12,27,0.56
NMmH,51,55,106,0.48
NMmI,2,6,8,0.25
NMmJ,10,13,23,0.43
NMmK,2,1,3,0.67
NMmL,18,18,36,0.5
NMmM,46,71,117,0.39
NMmN,87,86,173,0.5
NMmP,89,58,147,0.61
NMmS,36,36,72,0.5
NMmb,61,65,126,0.48
NMmh,0,1,1,0.0
NMml,14,15,29,0.48
NMmm,64,67,131,0.49
NMmn,87,57,144,0.6
NMms,39,46,85,0.46
NMnB,67,55,122,0.55
NMnD,14,8,22,0.64
NMnH,50,49,99,0.51
NMnI,13,8,21,0.62
NMnK,13,10,23,0.57
NMnL,25,31,56,0.45
NMnM,78,84,162,0.48
NMnN,133,154,287,0.46
NMnP,155,170,325,0.48
NMnS,67,93,160,0.42
NMnb,77,87,164,0.47
NMnh,4,3,7,0.57
NMnl,31,25,56,0.55
NMnm,85,62,147,0.58
NMnn,137,100,237,0.58
NMns,61,56,117,0.52
NMsB,28,23,51,0.55
NMsD,5,1,6,0.83
NMsH,33,42,75,0.44
NMsI,3,2,5,0.6
NMsL,9,10,19,0.47
NMsM,36,36,72,0.5
NMsN,47,49,96,0.49
NMsP,41,59,100,0.41
NMsS,36,50,86,0.42
NMsb,19,24,43,0.44
NMsh,2,0,2,1.0
NMsl,17,13,30,0.57
NMsm,38,33,71,0.54
NMsn,39,46,85,0.46
NMss,27,35,62,0.44
NMtB,6,6,12,0.5
NMtD,1,1,2,0.5
NMtH,2,8,10,0.2
NMtK,1,0,1,1.0
NMtL,5,1,6,0.83
NMtM,11,9,20,0.55
NMtN,11,15,26,0.42
NMtP,12,19,31,0.39
NMtS,4,4,8,0.5
NMtb,14,8,22,0.64
NMtl,2,3,5,0.4
NMtm,12,5,17,0.71
NMtn,10,10,20,0.5
NMts,6,2,8,0.75
NMtt,0,3,3,0.0
NNBB,56,53,109,0.51
NNBD,5,8,13,0.38
NNBH,1,1,2,0.5
NNBK,4,10,14,0.29
NNBL,17,19,36,0.47
NNBM,33,64,97,0.34
NNBN,69,74,143,0.48
NNBP,76,88,164,0.46
NNBS,24,33,57,0.42
NNBb,60,64,124,0.48
NNBh,5,7,12,0.42
NNBj,25,21,46,0.54
NNBl,20,16,36,0.56
NNBm,64,51,115,0.56
NNBn,73,97,170,0.43
NNBs,25,25,50,0.5
NNBt,14,6,20,0.7
NNDB,9,10,19,0.47
NNDD,4,3,7,0.57
NNDH,8,14,22,0.36
NNDI,0,0,0,
NNDL,4,1,5,0.8
NNDM,13,12,25,0.52
NNDN,13,8,21,0.62
NNDP,12,21,33,0.36
NNDS,10,15,25,0.4
NNDb,8,5,13,0.62
NNDl,5,2,7,0.71
NNDm,14,9,23,0.61
NNDn,9,12,21,0.43
NNDs,3,13,16,0.19
NNDt,0,1,1,0.0
NNHB,8,8,16,0.5
NNHD,2,1,3,0.67
NNHH,6,2,8,0.75
NNHI,1,0,1,1.0
NNHK,1,4,5,0.2
NNHL,6,4,10,0.6
NNHM,15,12,27,0.56
NNHN,7,12,19,0.37
NNHP,17,13,30,0.57
NNHS,6,16,22,0.27
NNHb,6,11,17,0.35
NNHh,2,2,4,0.5
NNHl,5,6,11,0.45
NNHm,9,7,16,0.56
NNHn,13,16,29,0.45
NNHs,6,7,13,0.46
NNHt,0,1,1,0.0
NNIM,1,1,2,0.5
NNIN,0,1,1,0.0
NNIP,1,0,1,1.0
NNIS,0,1,1,0.0
NNIm,0,1,1,0.0
NNIn,0,1,1,0.0
NNIs,1,1,2,0.5
NNKB,4,1,5,0.8
NNKD,3,1,4,0.75
NNKH,0,0,0,
NNKI,1,0,1,1.0
NNKL,2,1,3,0.67
NNKM,7,5,12,0.58
NNKN,3,6,9,0.33
NNKP,4,13,17,0.24
NNKS,7,10,17,0.41
NNKb,4,5,9,0.44
NNKh,7,7,14,0.5
NNKl,4,2,6,0.67
NNKm,4,6,10,0.4
NNKn,14,4,18,0.78
NNKs,8,5,13,0.62
NNKt,1,1,2,0.5
NNLB,22,35,57,0.39
NNLD,0,3,3,0.0
NNLK,2,3,5,0.4
NNLL,7,10,17,0.41
NNLM,17,25,42,0.4
NNLN,25,26,51,0.49
NNLP,23,30,53,0.43
NNLS,13,17,30,0.43
NNLb,32,22,54,0.59
NNLh,9,9,18,0.5
NNLj,6,9,15,0.4
NNLl,6,7,13,0.46
NNLm,27,22,49,0.55
NNLn,43,40,83,0.52
NNLs,22,10,32,0.69
NNLt,3,5,8,0.38
NNMB,49,53,102,0.48
NNMD,4,7,11,0.36
NNMH,0,1,1,0.0
NNMK,1,3,4,0.25
NNML,20,16,36,0.56
NNMM,64,69,133,0.48
NNMN,89,83,172,0.52
NNMP,86,98,184,0.47
NNMS,30,40,70,0.43
NNMb,49,69,118,0.42
NNMh,52,47,99,0.53
NNMj,9,15,24,0.38
NNMl,17,18,35,0.49
NNMm,73,69,142,0.51
NNMn,108,110,218,0.5
NNMs,36,35,71,0.51
NNMt,10,14,24,0.42
NNNB,69,59,128,0.54
NNND,10,10,20,0.5
NNNH,10,22,32,0.31
NNNI,1,0,1,1.0
NNNK,8,11,19,0.42
NNNL,34,27,61,0.56
NNNM,94,86,180,0.52
NNNN,144,130,274,0.53
NNNP,178,187,365,0.49
NNNS,65,78,143,0.45
NNNb,81,77,158,0.51
NNNh,38,42,80,0.48
NNNl,28,32,60,0.47
NNNm,86,91,177,0.49
NNNn,159,158,317,0.5
NNNs,74,69,143,0.52
NNNt,18,14,32,0.56
NNPB,90,75,165,0.55
NNPD,9,13,22,0.41
NNPH,27,36,63,0.43
NNPI,10,12,22,0.45
NNPK,11,19,30,0.37
NNPL,38,55,93,0.41
NNPM,105,119,224,0.47
NNPN,140,129,269,0.52
NNPP,209,190,399,0.52
NNPS,106,110,216,0.49
NNPb,124,125,249,0.5
NNPh,10,13,23,0.43
NNPl,74,67,141,0.52
NNPm,121,110,231,0.52
NNPn,152,113,265,0.57
NNPs,92,99,191,0.48
NNPt,11,16,27,0.41
NNSB,37,48,85,0.44
NNSD,6,8,14,0.43
NNSH,13,19,32,0.41
NNSI,0,1,1,0.0
NNSK,5,2,7,0.71
NNSL,22,17,39,0.56
NNSM,36,48,84,0.43
NNSN,60,70,130,0.46
NNSP,87,80,167,0.52
NNSS,44,79,123,0.36
NNSb,49,38,87,0.56
NNSh,33,40,73,0.45
NNSl,16,18,34,0.47
NNSm,47,43,90,0.52
NNSn,80,65,145,0.55
NNSs,54,60,114,0.47
NNSt,13,4,17,0.76
NNbB,53,47,100,0.53
NNbD,8,6,14,0.57
NNbH,23,21,44,0.52
NNbI,7,3,10,0.7
NNbJ,25,12,37,0.68
NNbK,11,9,20,0.55
NNbL,27,35,62,0.44
NNbM,61,80,141,0.43
NNbN,84,108,192,0.44
NNbP,93,90,183,0.51
NNbS,45,31,76,0.59
NNbb,72,53,125,0.58
NNbl,26,22,48,0.54
NNbm,43,49,92,0.47
NNbn,89,62,151,0.59
NNbs,39,31,70,0.56
NNbt,0,1,1,0.0
NNhB,19,17,36,0.53
NNhD,4,2,6,0.67
NNhH,4,7,11,0.36
NNhI,4,1,5,0.8
NNhK,0,1,1,0.0
NNhL,6,9,15,0.4
NNhM,34,23,57,0.6
NNhN,29,20,49,0.59
NNhP,33,33,66,0.5
NNhS,32,23,55,0.58
NNhb,30,23,53,0.57
NNhh,16,29,45,0.36
NNhl,18,12,30,0.6
NNhm,34,22,56,0.61
NNhn,36,40,76,0.47
NNhs,27,23,50,0.54
NNht,4,2,6,0.67
NNlB,17,17,34,0.5
NNlD,1,1,2,0.5
NNlH,24,16,40,0.6
NNlI,2,6,8,0.25
NNlJ,5,12,17,0.29
NNlK,2,3,5,0.4
NNlL,11,7,18,0.61
NNlM,21,23,44,0.48
NNlN,37,30,67,0.55
NNlP,35,38,73,0.48
NNlS,20,22,42,0.48
NNlb,25,31,56,0.45
NNll,16,12,28,0.57
NNlm,23,26,49,0.47
NNln,32,29,61,0.52
NNls,19,22,41,0.46
NNmB,55,43,98,0.56
NNmD,15,10,25,0.6
NNmH,52,64,116,0.45
NNmI,9,5,14,0.64
NNmJ,18,18,36,0.5
NNmL,21,18,39,0.54
NNmM,77,89,166,0.46
NNmN,99,84,183,0.54
NNmP,96,88,184,0.52
NNmS,36,41,77,0.47
NNmb,57,45,102,0.56
NNml,21,17,38,0.55
NNmm,62,59,121,0.51
NNmn,81,78,159,0.51
NNms,46,36,82,0.56
NNnB,75,87,162,0.46
NNnD,17,13,30,0.57
NNnH,69,75,144,0.48
NNnI,10,15,25,0.4
NNnK,6,7,13,0.46
NNnL,36,45,81,0.44
NNnM,75,105,180,0.42
NNnN,194,148,342,0.57
NNnP,179,192,371,0.48
NNnS,83,97,180,0.46
NNnb,120,90,210,0.57
NNnh,2,4,6,0.33
NNnl,32,32,64,0.5
NNnm,109,102,211,0.52
NNnn,148,154,302,0.49
NNns,87,78,165,0.53
NNnt,1,0,1,1.0
NNsB,30,32,62,0.48
NNsD,18,14,32,0.56
NNsH,51,61,112,0.46
NNsI,10,6,16,0.62
NNsK,1,4,5,0.2
NNsL,21,20,41,0.51
NNsM,48,57,105,0.46
NNsN,60,63,123,0.49
NNsP,74,73,147,0.5
NNsS,63,54,117,0.54
NNsb,46,49,95,0.48
NNsh,4,1,5,0.8
NNsl,21,21,42,0.5
NNsm,52,45,97,0.54
NNsn,65,56,121,0.54
NNss,38,39,77,0.49
NNst,1,2,3,0.33
NNtB,12,9,21,0.57
NNtD,0,4,4,0.0
NNtH,11,7,18,0.61
NNtI,1,0,1,1.0
NNtK,3,1,4,0.75
NNtL,7,3,10,0.7
NNtM,13,15,28,0.46
NNtN,19,26,45,0.42
NNtP,17,35,52,0.33
NNtS,15,16,31,0.48
NNtb,14,7,21,0.67
NNth,0,1,1,0.0
NNtl,5,3,8,0.62
NNtm,14,19,33,0.42
NNtn,22,16,38,0.58
NNts,7,6,13,0.54
NNtt,2,3,5,0.4
NPBB,68,95,163,0.42
NPBD,8,10,18,0.44
NPBH,1,1,2,0.5
NPBK,4,11,15,0.27
NPBL,26,35,61,0.43
NPBM,60,84,144,0.42
NPBN,81,82,163,0.5
NPBP,105,117,222,0.47
NPBS,55,37,92,0.6
NPBb,77,81,158,0.49
NPBh,9,6,15,0.6
NPBj,29,23,52,0.56
NPBl,44,27,71,0.62
NPBm,79,52,131,0.6
NPBn,100,93,193,0.52
NPBs,34,34,68,0.5
NPBt,13,12,25,0.52
NPDB,5,5,10,0.5
NPDD,2,4,6,0.33
NPDH,12,11,23,0.52
NPDL,7,5,12,0.58
NPDM,11,12,23,0.48
NPDN,7,7,14,0.5
NPDP,15,20,35,0.43
NPDS,9,11,20,0.45
NPDb,7,5,12,0.58
NPDl,3,4,7,0.43
NPDm,16,9,25,0.64
NPDn,9,9,18,0.5
NPDs,11,4,15,0.73
NPDt,2,4,6,0.33
NPHB,28,27,55,0.51
NPHD,3,4,7,0.43
NPHH,5,4,9,0.56
NPHI,3,2,5,0.6
NPHK,2,3,5,0.4
NPHL,10,13,23,0.43
NPHM,29,33,62,0.47
NPHN,32,35,67,0.48
NPHP,46,45,91,0.51
NPHS,21,24,45,0.47
NPHb,23,23,46,0.5
NPHh,7,13,20,0.35
NPHl,11,11,22,0.5
NPHm,30,18,48,0.62
NPHn,41,30,71,0.58
NPHs,29,30,59,0.49
NPHt,0,1,1,0.0
NPIB,9,7,16,0.56
NPID,3,2,5,0.6
NPIH,6,9,15,0.4
NPII,2,1,3,0.67
NPIK,0,1,1,0.0
NPIL,3,5,8,0.38
NPIM,8,7,15,0.53
NPIN,7,10,17,0.41
NPIP,12,13,25,0.48
NPIS,4,6,10,0.4
NPIb,10,11,21,0.48
NPIh,1,0,1,1.0
NPIl,3,4,7,0.43
NPIm,11,13,24,0.46
NPIn,8,5,13,0.62
NPIs,7,5,12,0.58
NPIt,0,1,1,0.0
NPKB,11,4,15,0.73
NPKD,1,3,4,0.25
NPKH,2,0,2,1.0
NPKI,0,1,1,0.0
NPKL,3,5,8,0.38
NPKM,17,13,30,0.57
NPKN,6,11,17,0.35
NPKP,16,18,34,0.47
NPKS,7,4,11,0.64
NPKb,12,11,23,0.52
NPKh,3,10,13,0.23
NPKl,10,8,18,0.56
NPKm,14,12,26,0.54
NPKn,10,20,30,0.33
NPKs,6,10,16,0.38
NPKt,2,0,2,1.0
NPLB,38,43,81,0.47
NPLD,2,3,5,0.4
NPLH,3,0,3,1.0
NPLK,4,2,6,0.67
NPLL,15,19,34,0.44
NPLM,29,39,68,0.43
NPLN,39,44,83,0.47
NPLP,62,54,116,0.53
NPLS,33,26,59,0.56
NPLb,49,44,93,0.53
NPLh,14,15,29,0.48
NPLj,13,11,24,0.54
NPLl,15,27,42,0.36
NPLm,48,42,90,0.53
NPLn,55,57,112,0.49
NPLs,26,26,52,0.5
NPLt,9,6,15,0.6
NPMB,91,84,175,0.52
NPMD,16,10,26,0.62
NPMH,0,1,1,0.0
NPMI,1,0,1,1.0
NPMK,1,0,1,1.0
NPML,35,25,60,0.58
NPMM,72,106,178,0.4
NPMN,83,85,168,0.49
NPMP,120,133,253,0.47
NPMS,46,68,114,0.4
NPMb,93,97,190,0.49
NPMh,70,83,153,0.46
NPMj,22,20,42,0.52
NPMl,52,41,93,0.56
NPMm,104,87,191,0.54
NPMn,129,143,272,0.47
NPMs,74,74,148,0.5
NPMt,15,17,32,0.47
NPNB,81,110,191,0.42
NPND,10,23,33,0.3
NPNH,23,19,42,0.55
NPNI,0,1,1,0.0
NPNK,14,12,26,0.54
NPNL,39,44,83,0.47
NPNM,102,124,226,0.45
NPNN,140,146,286,0.49
NPNP,186,185,371,0.5
NPNS,99,83,182,0.54
NPNb,91,97,188,0.48
NPNh,44,43,87,0.51
NPNl,73,48,121,0.6
NPNm,114,83,197,0.58
NPNn,140,157,297,0.47
NPNs,82,98,180,0.46
NPNt,8,16,24,0.33
NPPB,119,109,228,0.52
NPPD,15,16,31,0.48
NPPH,33,46,79,0.42
NPPI,15,10,25,0.6
NPPK,11,20,31,0.35
NPPL,79,73,152,0.52
NPPM,172,173,345,0.5
NPPN,172,143,315,0.55
NPPP,270,251,521,0.52
NPPS,123,114,237,0.52
NPPb,149,139,288,0.52
NPPh,24,18,42,0.57
NPPl,105,96,201,0.52
NPPm,162,111,273,0.59
NPPn,157,141,298,0.53
NPPs,126,121,247,0.51
NPPt,28,14,42,0.67
NPSB,48,56,104,0.46
NPSD,6,7,13,0.46
NPSH,19,27,46,0.41
NPSI,0,1,1,0.0
NPSK,0,3,3,0.0
NPSL,41,42,83,0.49
NPSM,79,81,160,0.49
NPSN,89,87,176,0.51
NPSP,105,127,232,0.45
NPSS,67,87,154,0.44
NPSb,85,65,150,0.57
NPSh,46,49,95,0.48
NPSl,42,30,72,0.58
NPSm,98,64,162,0.6
NPSn,106,100,206,0.51
NPSs,70,78,148,0.47
NPSt,9,10,19,0.47
NPbB,75,80,155,0.48
NPbD,13,5,18,0.72
NPbH,19,34,53,0.36
NPbI,9,14,23,0.39
NPbJ,30,28,58,0.52
NPbK,11,9,20,0.55
NPbL,35,38,73,0.48
NPbM,105,113,218,0.48
NPbN,127,112,239,0.53
NPbP,139,147,286,0.49
NPbS,60,61,121,0.5
NPbb,122,97,219,0.56
NPbh,1,0,1,1.0
NPbl,44,58,102,0.43
NPbm,92,64,156,0.59
NPbn,93,111,204,0.46
NPbs,55,57,112,0.49
NPhB,10,11,21,0.48
NPhD,2,1,3,0.67
NPhH,4,0,4,1.0
NPhL,4,7,11,0.36
NPhM,6,16,22,0.27
NPhN,9,7,16,0.56
NPhP,25,23,48,0.52
NPhS,12,7,19,0.63
NPhb,11,8,19,0.58
NPhh,11,11,22,0.5
NPhl,5,7,12,0.42
NPhm,17,20,37,0.46
NPhn,12,11,23,0.52
NPhs,15,19,34,0.44
NPht,2,2,4,0.5
NPlB,38,43,81,0.47
NPlD,5,2,7,0.71
NPlH,23,27,50,0.46
NPlI,8,5,13,0.62
NPlJ,15,12,27,0.56
NPlK,6,1,7,0.86
NPlL,35,30,65,0.54
NPlM,54,67,121,0.45
NPlN,58,55,113,0.51
NPlP,56,65,121,0.46
NPlS,34,41,75,0.45
NPlb,59,35,94,0.63
NPll,20,19,39,0.51
NPlm,39,35,74,0.53
NPln,53,41,94,0.56
NPls,23,31,54,0.43
NPmB,70,70,140,0.5
NPmD,19,21,40,0.48
NPmH,61,74,135,0.45
NPmI,6,4,10,0.6
NPmJ,25,18,43,0.58
NPmK,1,1,2,0.5
NPmL,47,38,85,0.55
NPmM,106,121,227,0.47
NPmN,125,125,250,0.5
NPmP,115,121,236,0.49
NPmS,60,72,132,0.45
NPmb,94,110,204,0.46
NPml,39,42,81,0.48
NPmm,99,66,165,0.6
NPmn,86,78,164,0.52
NPms,42,55,97,0.43
NPmt,1,0,1,1.0
NPnB,77,82,159,0.48
NPnD,8,10,18,0.44
NPnH,53,61,114,0.46
NPnI,15,20,35,0.43
NPnK,11,11,22,0.5
NPnL,45,42,87,0.52
NPnM,101,114,215,0.47
NPnN,124,169,293,0.42
NPnP,179,177,356,0.5
NPnS,79,89,168,0.47
NPnb,121,92,213,0.57
NPnh,9,6,15,0.6
NPnl,50,43,93,0.54
NPnm,121,96,217,0.56
NPnn,112,118,230,0.49
NPns,97,74,171,0.57
NPnt,0,1,1,0.0
NPsB,44,39,83,0.53
NPsD,16,7,23,0.7
NPsH,66,68,134,0.49
NPsI,13,8,21,0.62
NPsK,2,1,3,0.67
NPsL,40,29,69,0.58
NPsM,64,83,147,0.44
NPsN,86,69,155,0.55
NPsP,116,101,217,0.53
NPsS,78,84,162,0.48
NPsb,64,45,109,0.59
NPsh,8,3,11,0.73
NPsl,34,33,67,0.51
NPsm,72,66,138,0.52
NPsn,77,63,140,0.55
NPss,65,71,136,0.48
NPst,0,2,2,0.0
NPtB,12,10,22,0.55
NPtD,1,0,1,1.0
NPtH,3,5,8,0.38
NPtI,0,1,1,0.0
NPtK,1,3,4,0.25
NPtL,8,3,11,0.73
NPtM,9,15,24,0.38
NPtN,12,10,22,0.55
NPtP,11,14,25,0.44
NPtS,6,12,18,0.33
NPtb,16,9,25,0.64
NPtl,1,7,8,0.12
NPtm,19,7,26,0.73
NPtn,12,7,19,0.63
NPts,5,7,12,0.42
NPtt,2,0,2,1.0
NSBB,27,35,62,0.44
NSBD,2,4,6,0.33
NSBK,3,5,8,0.38
NSBL,7,14,21,0.33
NSBM,20,29,49,0.41
NSBN,43,48,91,0.47
NSBP,61,53,114,0.54
NSBS,20,19,39,0.51
NSBb,39,36,75,0.52
NSBh,7,10,17,0.41
NSBj,12,13,25,0.48
NSBl,8,7,15,0.53
NSBm,28,30,58,0.48
NSBn,45,45,90,0.5
NSBs,17,20,37,0.46
NSBt,4,8,12,0.33
NSDB,5,10,15,0.33
NSDD,1,1,2,0.5
NSDH,6,10,16,0.38
NSDI,0,0,0,
NSDL,1,4,5,0.2
NSDM,8,5,13,0.62
NSDN,6,4,10,0.6
NSDP,8,7,15,0.53
NSDS,8,8,16,0.5
NSDb,7,5,12,0.58
NSDl,1,2,3,0.33
NSDm,10,11,21,0.48
NSDn,11,6,17,0.65
NSDs,3,6,9,0.33
NSDt,0,1,1,0.0
NSHB,8,8,16,0.5
NSHD,2,3,5,0.4
NSHH,6,2,8,0.75
NSHI,1,1,2,0.5
NSHK,2,1,3,0.67
NSHL,5,6,11,0.45
NSHM,10,14,24,0.42
NSHN,23,20,43,0.53
NSHP,14,17,31,0.45
NSHS,23,21,44,0.52
NSHb,15,13,28,0.54
NSHh,6,8,14,0.43
NSHl,10,7,17,0.59
NSHm,23,13,36,0.64
NSHn,16,8,24,0.67
NSHs,14,21,35,0.4
NSHt,2,3,5,0.4
NSIB,0,0,0,
NSID,0,1,1,0.0
NSIH,0,2,2,0.0
NSIK,1,0,1,1.0
NSIM,1,3,4,0.25
NSIN,0,1,1,0.0
NSIP,0,0,0,
NSIb,0,0,0,
NSIm,1,2,3,0.33
NSKB,4,3,7,0.57
NSKL,1,0,1,1.0
NSKM,1,0,1,1.0
NSKN,1,0,1,1.0
NSKP,3,1,4,0.75
NSKS,1,0,1,1.0
NSKb,2,0,2,1.0
NSKh,3,0,3,1.0
NSKl,0,1,1,0.0
NSKm,1,3,4,0.25
NSKn,0,1,1,0.0
NSKs,1,1,2,0.5
NSLB,14,9,23,0.61
NSLD,2,1,3,0.67
NSLL,3,11,14,0.21
NSLM,16,15,31,0.52
NSLN,16,19,35,0.46
NSLP,25,23,48,0.52
NSLS,13,10,23,0.57
NSLb,10,19,29,0.34
NSLh,5,5,10,0.5
NSLj,3,4,7,0.43
NSLl,6,12,18,0.33
NSLm,21,20,41,0.51
NSLn,22,18,40,0.55
NSLs,16,11,27,0.59
NSLt,7,4,11,0.64
NSMB,46,42,88,0.52
NSMD,8,5,13,0.62
NSMK,0,1,1,0.0
NSML,20,18,38,0.53
NSMM,34,54,88,0.39
NSMN,41,44,85,0.48
NSMP,54,59,113,0.48
NSMS,35,34,69,0.51
NSMb,47,53,100,0.47
NSMh,38,41,79,0.48
NSMj,12,7,19,0.63
NSMl,16,19,35,0.46
NSMm,44,30,74,0.59
NSMn,67,61,128,0.52
NSMs,29,31,60,0.48
NSMt,2,8,10,0.2
NSNB,26,28,54,0.48
NSND,5,7,12,0.42
NSNH,9,15,24,0.38
NSNI,3,0,3,1.0
NSNK,4,6,10,0.4
NSNL,13,8,21,0.62
NSNM,42,42,84,0.5
NSNN,78,54,132,0.59
NSNP,97,88,185,0.52
NSNS,45,47,92,0.49
NSNb,41,28,69,0.59
NSNh,13,19,32,0.41
NSNl,15,13,28,0.54
NSNm,36,43,79,0.46
NSNn,68,75,143,0.48
NSNs,41,41,82,0.5
NSNt,10,8,18,0.56
NSPB,57,49,106,0.54
NSPD,6,8,14,0.43
NSPH,22,20,42,0.52
NSPI,4,4,8,0.5
NSPK,5,12,17,0.29
NSPL,25,25,50,0.5
NSPM,68,77,145,0.47
NSPN,78,80,158,0.49
NSPP,111,110,221,0.5
NSPS,52,58,110,0.47
NSPb,57,75,132,0.43
NSPh,7,9,16,0.44
NSPl,26,30,56,0.46
NSPm,72,55,127,0.57
NSPn,78,87,165,0.47
NSPs,56,51,107,0.52
NSPt,9,5,14,0.64
NSSB,35,31,66,0.53
NSSD,6,6,12,0.5
NSSH,18,13,31,0.58
NSSI,0,3,3,0.0
NSSK,0,4,4,0.0
NSSL,20,19,39,0.51
NSSM,41,59,100,0.41
NSSN,45,49,94,0.48
NSSP,54,60,114,0.47
NSSS,61,46,107,0.57
NSSb,30,28,58,0.52
NSSh,24,21,45,0.53
NSSl,15,25,40,0.38
NSSm,49,42,91,0.54
NSSn,60,54,114,0.53
NSSs,47,53,100,0.47
NSSt,4,7,11,0.36
NSbB,23,26,49,0.47
NSbD,2,4,6,0.33
NSbH,6,11,17,0.35
NSbI,3,0,3,1.0
NSbJ,12,8,20,0.6
NSbK,3,4,7,0.43
NSbL,8,13,21,0.38
NSbM,42,44,86,0.49
NSbN,53,51,104,0.51
NSbP,54,51,105,0.51
NSbS,35,25,60,0.58
NSbb,47,40,87,0.54
NSbl,17,11,28,0.61
NSbm,33,23,56,0.59
NSbn,48,46,94,0.51
NSbs,21,26,47,0.45
NShB,31,12,43,0.72
NShD,7,7,14,0.5
NShH,14,7,21,0.67
NShI,4,2,6,0.67
NShK,1,0,1,1.0
NShL,2,12,14,0.14
NShM,30,40,70,0.43
NShN,26,31,57,0.46
NShP,38,39,77,0.49
NShS,31,40,71,0.44
NShb,25,24,49,0.51
NShh,28,21,49,0.57
NShl,13,12,25,0.52
NShm,37,27,64,0.58
NShn,28,27,55,0.51
NShs,28,38,66,0.42
NSht,2,2,4,0.5
NSlB,10,18,28,0.36
NSlD,2,1,3,0.67
NSlH,13,11,24,0.54
NSlI,0,2,2,0.0
NSlJ,9,4,13,0.69
NSlK,1,2,3,0.33
NSlL,6,5,11,0.55
NSlM,14,17,31,0.45
NSlN,26,23,49,0.53
NSlP,27,10,37,0.73
NSlS,16,13,29,0.55
NSlb,15,16,31,0.48
NSll,6,7,13,0.46
NSlm,15,20,35,0.43
NSln,13,17,30,0.43
NSls,11,13,24,0.46
NSmB,34,38,72,0.47
NSmD,9,9,18,0.5
NSmH,34,35,69,0.49
NSmI,3,4,7,0.43
NSmJ,10,8,18,0.56
NSmK,3,1,4,0.75
NSmL,18,13,31,0.58
NSmM,34,52,86,0.4
NSmN,58,66,124,0.47
NSmP,68,61,129,0.53
NSmS,42,36,78,0.54
NSmb,37,34,71,0.52
NSml,10,8,18,0.56
NSmm,44,44,88,0.5
NSmn,49,45,94,0.52
NSms,25,23,48,0.52
NSnB,28,46,74,0.38
NSnD,11,9,20,0.55
NSnH,40,24,64,0.62
NSnI,6,9,15,0.4
NSnK,10,12,22,0.45
NSnL,23,25,48,0.48
NSnM,52,66,118,0.44
NSnN,86,93,179,0.48
NSnP,105,87,192,0.55
NSnS,56,47,103,0.54
NSnb,57,34,91,0.63
NSnh,3,3,6,0.5
NSnl,24,14,38,0.63
NSnm,55,42,97,0.57
NSnn,64,60,124,0.52
NSns,45,38,83,0.54
NSsB,32,24,56,0.57
NSsD,14,10,24,0.58
NSsH,50,47,97,0.52
NSsI,4,5,9,0.44
NSsK,2,1,3,0.67
NSsL,14,21,35,0.4
NSsM,48,42,90,0.53
NSsN,52,58,110,0.47
NSsP,57,68,125,0.46
NSsS,58,64,122,0.48
NSsb,46,34,80,0.57
NSsh,1,2,3,0.33
NSsl,16,20,36,0.44
NSsm,49,45,94,0.52
NSsn,49,35,84,0.58
NSss,43,56,99,0.43
NStB,3,8,11,0.27
NStD,2,2,4,0.5
NStH,9,4,13,0.69
NStK,2,1,3,0.67
NStL,4,1,5,0.8
NStM,11,5,16,0.69
NStN,10,8,18,0.56
NStP,10,14,24,0.42
NStS,5,9,14,0.36
NStb,2,11,13,0.15
NStl,3,7,10,0.3
NStm,7,5,12,0.58
NStn,3,13,16,0.19
NSts,8,5,13,0.62
NStt,1,1,2,0.5
NbBB,37,43,80,0.46
NbBD,10,5,15,0.67
NbBK,4,8,12,0.33
NbBL,12,21,33,0.36
NbBM,54,42,96,0.56
NbBN,54,45,99,0.55
NbBP,63,64,127,0.5
NbBS,17,30,47,0.36
NbBb,53,48,101,0.52
NbBh,7,3,10,0.7
NbBj,16,14,30,0.53
NbBl,21,21,42,0.5
NbBm,48,41,89,0.54
NbBn,71,81,152,0.47
NbBs,25,27,52,0.48
NbBt,6,7,13,0.46
NbDB,4,2,6,0.67
NbDD,1,0,1,1.0
NbDH,1,3,4,0.25
NbDL,1,2,3,0.33
NbDM,9,5,14,0.64
NbDN,4,10,14,0.29
NbDP,10,11,21,0.48
NbDS,5,3,8,0.62
NbDb,9,2,11,0.82
NbDl,2,0,2,1.0
NbDm,9,7,16,0.56
NbDn,7,7,14,0.5
NbDs,5,2,7,0.71
NbDt,3,1,4,0.75
NbHB,10,13,23,0.43
NbHD,2,2,4,0.5
NbHH,1,7,8,0.12
NbHI,0,4,4,0.0
NbHK,0,2,2,0.0
NbHL,9,10,19,0.47
NbHM,15,12,27,0.56
NbHN,19,24,43,0.44
NbHP,43,20,63,0.68
NbHS,7,16,23,0.3
NbHb,17,18,35,0.49
NbHh,6,4,10,0.6
NbHl,9,5,14,0.64
NbHm,18,13,31,0.58
NbHn,22,18,40,0.55
NbHs,9,15,24,0.38
NbHt,1,0,1,1.0
NbIB,5,3,8,0.62
NbIH,3,4,7,0.43
NbII,2,0,2,1.0
NbIL,0,2,2,0.0
NbIM,2,4,6,0.33
NbIN,3,5,8,0.38
NbIP,4,10,14,0.29
NbIS,2,6,8,0.25
NbIb,9,4,13,0.69
NbIl,3,2,5,0.6
NbIm,9,4,13,0.69
NbIn,5,2,7,0.71
NbIs,4,3,7,0.57
NbJB,19,11,30,0.63
NbJD,1,0,1,1.0
NbJH,7,10,17,0.41
NbJI,3,2,5,0.6
NbJK,0,1,1,0.0
NbJL,12,6,18,0.67
NbJM,23,18,41,0.56
NbJN,17,21,38,0.45
NbJP,29,25,54,0.54
NbJS,14,9,23,0.61
NbJb,13,12,25,0.52
NbJh,4,2,6,0.67
NbJl,7,7,14,0.5
NbJm,17,11,28,0.61
NbJn,10,15,25,0.4
NbJs,15,12,27,0.56
NbJt,0,1,1,0.0
NbKB,5,5,10,0.5
NbKD,2,2,4,0.5
NbKH,2,2,4,0.5
NbKI,0,1,1,0.0
NbKK,0,1,1,0.0
NbKL,5,3,8,0.62
NbKM,6,5,11,0.55
NbKN,7,7,14,0.5
NbKP,9,5,14,0.64
NbKS,5,5,10,0.5
NbKb,10,4,14,0.71
NbKh,4,4,8,0.5
NbKl,4,3,7,0.57
NbKm,9,7,16,0.56
NbKn,4,1,5,0.8
NbKs,3,11,14,0.21
NbKt,1,0,1,1.0
NbLB,16,12,28,0.57
NbLD,0,1,1,0.0
NbLK,2,0,2,1.0
NbLL,9,9,18,0.5
NbLM,26,21,47,0.55
NbLN,19,11,30,0.63
NbLP,24,26,50,0.48
NbLS,25,18,43,0.58
NbLb,24,24,48,0.5
NbLh,7,11,18,0.39
NbLj,10,7,17,0.59
NbLl,12,10,22,0.55
NbLm,20,17,37,0.54
NbLn,29,29,58,0.5
NbLs,19,12,31,0.61
NbLt,5,3,8,0.62
NbMB,50,41,91,0.55
NbMD,9,4,13,0.69
NbMI,0,0,0,
NbMK,0,1,1,0.0
NbML,18,17,35,0.51
NbMM,51,51,102,0.5
NbMN,62,58,120,0.52
NbMP,83,70,153,0.54
NbMS,25,35,60,0.42
NbMb,61,51,112,0.54
NbMh,66,54,120,0.55
NbMj,16,18,34,0.47
NbMl,20,20,40,0.5
NbMm,54,46,100,0.54
NbMn,100,76,176,0.57
NbMs,39,25,64,0.61
NbMt,8,12,20,0.4
NbNB,56,58,114,0.49
NbND,10,9,19,0.53
NbNH,14,13,27,0.52
NbNI,1,0,1,1.0
NbNK,4,9,13,0.31
NbNL,32,25,57,0.56
NbNM,85,84,169,0.5
NbNN,92,80,172,0.53
NbNP,103,140,243,0.42
NbNS,60,54,114,0.53
NbNb,83,64,147,0.56
NbNh,31,21,52,0.6
NbNl,33,26,59,0.56
NbNm,64,75,139,0.46
NbNn,112,92,204,0.55
NbNs,53,55,108,0.49
NbNt,16,16,32,0.5
NbPB,57,69,126,0.45
NbPD,6,7,13,0.46
NbPH,11,14,25,0.44
NbPI,8,4,12,0.67
NbPK,9,8,17,0.53
NbPL,37,47,84,0.44
NbPM,95,88,183,0.52
NbPN,96,83,179,0.54
NbPP,142,121,263,0.54
NbPS,58,52,110,0.53
NbPb,85,76,161,0.53
NbPh,8,8,16,0.5
NbPl,29,38,67,0.43
NbPm,66,67,133,0.5
NbPn,83,76,159,0.52
NbPs,51,38,89,0.57
NbPt,8,13,21,0.38
NbSB,23,18,41,0.56
NbSD,6,0,6,1.0
NbSH,12,14,26,0.46
NbSI,2,0,2,1.0
NbSK,1,1,2,0.5
NbSL,18,9,27,0.67
NbSM,36,40,76,0.47
NbSN,38,35,73,0.52
NbSP,59,36,95,0.62
NbSS,32,28,60,0.53
NbSb,31,29,60,0.52
NbSh,27,27,54,0.5
NbSl,14,10,24,0.58
NbSm,33,22,55,0.6
NbSn,38,32,70,0.54
NbSs,29,33,62,0.47
NbSt,9,6,15,0.6
NbbB,48,74,122,0.39
NbbD,5,5,10,0.5
NbbH,19,17,36,0.53
NbbI,2,5,7,0.29
NbbJ,13,21,34,0.38
NbbK,10,8,18,0.56
NbbL,24,30,54,0.44
NbbM,68,48,116,0.59
NbbN,100,88,188,0.53
NbbP,84,97,181,0.46
NbbS,23,23,46,0.5
Nbbb,67,60,127,0.53
Nbbl,21,23,44,0.48
Nbbm,41,41,82,0.5
Nbbn,71,56,127,0.56
Nbbs,28,26,54,0.52
NbhP,1,0,1,1.0
NbhS,0,1,1,0.0
Nbhb,1,1,2,0.5
Nbhm,1,0,1,1.0
NblB,14,21,35,0.4
NblD,1,2,3,0.33
NblH,9,12,21,0.43
NblI,2,2,4,0.5
NblJ,6,5,11,0.55
NblK,2,1,3,0.67
NblL,9,8,17,0.53
NblM,17,28,45,0.38
NblN,26,23,49,0.53
NblP,29,31,60,0.48
NblS,13,9,22,0.59
Nblb,25,24,49,0.51
Nbll,9,7,16,0.56
Nblm,22,13,35,0.63
Nbln,25,13,38,0.66
Nbls,9,13,22,0.41
NbmB,50,41,91,0.55
NbmD,9,6,15,0.6
NbmH,34,36,70,0.49
NbmI,4,3,7,0.57
NbmJ,10,10,20,0.5
NbmK,0,2,2,0.0
NbmL,14,23,37,0.38
NbmM,41,62,103,0.4
NbmN,55,62,117,0.47
NbmP,66,63,129,0.51
NbmS,19,25,44,0.43
Nbmb,52,49,101,0.51
Nbml,17,12,29,0.59
Nbmm,42,29,71,0.59
Nbmn,43,53,96,0.45
Nbms,21,15,36,0.58
NbnB,36,45,81,0.44
NbnD,10,6,16,0.62
NbnH,28,23,51,0.55
NbnI,10,6,16,0.62
NbnK,3,4,7,0.43
NbnL,16,19,35,0.46
NbnM,63,60,123,0.51
NbnN,85,109,194,0.44
NbnP,104,104,208,0.5
NbnS,47,54,101,0.47
Nbnb,65,47,112,0.58
Nbnh,6,9,15,0.4
Nbnl,21,29,50,0.42
Nbnm,67,40,107,0.63
Nbnn,84,62,146,0.58
Nbns,38,29,67,0.57
Nbnt,1,0,1,1.0
NbsB,23,20,43,0.53
NbsD,6,2,8,0.75
NbsH,21,40,61,0.34
NbsI,3,6,9,0.33
NbsK,0,2,2,0.0
NbsL,7,13,20,0.35
NbsM,37,39,76,0.49
NbsN,40,33,73,0.55
NbsP,43,42,85,0.51
NbsS,34,15,49,0.69
Nbsb,25,31,56,0.45
Nbsh,0,0,0,
Nbsl,15,11,26,0.58
Nbsm,22,16,38,0.58
Nbsn,24,31,55,0.44
Nbss,27,22,49,0.55
Nbst,0,1,1,0.0
NbtM,0,1,1,0.0
NbtP,0,1,1,0.0
Nbtb,1,0,1,1.0
Nbtm,1,0,1,1.0
NhBB,10,16,26,0.38
NhBD,1,0,1,1.0
NhBK,3,5,8,0.38
NhBL,1,9,10,0.1
NhBM,13,12,25,0.52
NhBN,20,21,41,0.49
NhBP,23,26,49,0.47
NhBS,6,9,15,0.4
NhBb,24,18,42,0.57
NhBh,0,6,6,0.0
NhBj,6,3,9,0.67
NhBl,6,6,12,0.5
NhBm,16,15,31,0.52
NhBn,27,19,46,0.59
NhBs,12,7,19,0.63
NhBt,3,3,6,0.5
NhDB,2,2,4,0.5
NhDD,2,1,3,0.67
NhDH,1,3,4,0.25
NhDK,0,0,0,
NhDL,1,1,2,0.5
NhDM,3,4,7,0.43
NhDN,4,3,7,0.57
NhDP,2,0,2,1.0
NhDS,0,3,3,0.0
NhDb,3,2,5,0.6
NhDm,3,4,7,0.43
NhDn,1,1,2,0.5
NhDs,1,5,6,0.17
NhHB,2,1,3,0.67
NhHD,0,0,0,
NhHH,2,0,2,1.0
NhHK,0,0,0,
NhHL,2,0,2,1.0
NhHM,4,9,13,0.31
NhHN,10,6,16,0.62
NhHP,6,7,13,0.46
NhHS,2,2,4,0.5
NhHb,9,1,10,0.9
NhHh,4,2,6,0.67
NhHl,3,1,4,0.75
NhHm,3,1,4,0.75
NhHn,5,12,17,0.29
NhHs,1,2,3,0.33
NhIB,1,1,2,0.5
NhIH,0,3,3,0.0
NhIK,1,0,1,1.0
NhIL,1,0,1,1.0
NhIM,3,2,5,0.6
NhIN,1,2,3,0.33
NhIP,1,2,3,0.33
NhIS,0,0,0,
NhIb,0,1,1,0.0
NhIh,0,1,1,0.0
NhIl,1,0,1,1.0
NhIm,0,1,1,0.0
NhIn,2,1,3,0.67
NhIs,4,2,6,0.67
NhKN,0,2,2,0.0
NhKb,0,1,1,0.0
NhKh,0,0,0,
NhKm,1,2,3,0.33
NhKs,0,0,0,
NhLB,9,4,13,0.69
NhLD,1,0,1,1.0
NhLK,0,1,1,0.0
NhLL,2,4,6,0.33
NhLM,8,11,19,0.42
NhLN,5,4,9,0.56
NhLP,9,7,16,0.56
NhLS,1,3,4,0.25
NhLb,13,5,18,0.72
NhLh,3,2,5,0.6
NhLj,1,2,3,0.33
NhLl,7,2,9,0.78
NhLm,6,7,13,0.46
NhLn,11,13,24,0.46
NhLs,10,4,14,0.71
NhLt,1,2,3,0.33
NhMB,10,17,27,0.37
NhMD,1,1,2,0.5
NhMI,0,0,0,
NhML,5,6,11,0.45
NhMM,21,26,47,0.45
NhMN,13,21,34,0.38
NhMP,31,32,63,0.49
NhMS,17,14,31,0.55
NhMb,24,28,52,0.46
NhMh,20,15,35,0.57
NhMj,8,3,11,0.73
NhMl,8,9,17,0.47
NhMm,20,12,32,0.62
NhMn,26,22,48,0.54
NhMs,9,9,18,0.5
NhMt,3,2,5,0.6
NhNB,13,14,27,0.48
NhND,3,6,9,0.33
NhNH,3,3,6,0.5
NhNK,4,5,9,0.44
NhNL,5,7,12,0.42
NhNM,17,19,36,0.47
NhNN,16,30,46,0.35
NhNP,52,43,95,0.55
NhNS,17,13,30,0.57
NhNb,21,18,39,0.54
NhNh,9,5,14,0.64
NhNl,11,3,14,0.79
NhNm,21,17,38,0.55
NhNn,36,31,67,0.54
NhNs,8,18,26,0.31
NhNt,4,1,5,0.8
NhPB,24,18,42,0.57
NhPD,4,2,6,0.67
NhPH,7,6,13,0.54
NhPI,4,4,8,0.5
NhPK,1,6,7,0.14
NhPL,9,11,20,0.45
NhPM,32,33,65,0.49
NhPN,39,32,71,0.55
NhPP,55,50,105,0.52
NhPS,28,29,57,0.49
NhPb,24,28,52,0.46
NhPh,2,5,7,0.29
NhPl,21,13,34,0.62
NhPm,25,24,49,0.51
NhPn,33,38,71,0.46
NhPs,25,18,43,0.58
NhPt,4,4,8,0.5
NhSB,19,8,27,0.7
NhSD,4,2,6,0.67
NhSH,11,14,25,0.44
NhSK,2,0,2,1.0
NhSL,7,4,11,0.64
NhSM,17,26,43,0.4
NhSN,16,23,39,0.41
NhSP,20,20,40,0.5
NhSS,20,22,42,0.48
NhSb,16,18,34,0.47
NhSh,15,17,32,0.47
NhSl,6,12,18,0.33
NhSm,16,18,34,0.47
NhSn,13,23,36,0.36
NhSs,18,18,36,0.5
NhSt,1,5,6,0.17
NhbB,17,13,30,0.57
NhbD,2,3,5,0.4
NhbH,8,9,17,0.47
NhbI,4,2,6,0.67
NhbJ,8,8,16,0.5
NhbK,3,0,3,1.0
NhbL,9,6,15,0.6
NhbM,19,21,40,0.48
NhbN,33,28,61,0.54
NhbP,30,20,50,0.6
NhbS,19,10,29,0.66
Nhbb,21,22,43,0.49
Nhbl,12,13,25,0.48
Nhbm,19,12,31,0.61
Nhbn,15,26,41,0.37
Nhbs,13,8,21,0.62
NhhB,15,14,29,0.52
NhhD,5,1,6,0.83
NhhH,4,5,9,0.44
NhhI,0,1,1,0.0
NhhK,0,1,1,0.0
NhhL,9,5,14,0.64
NhhM,25,20,45,0.56
NhhN,11,16,27,0.41
NhhP,34,21,55,0.62
NhhS,12,20,32,0.38
Nhhb,20,21,41,0.49
Nhhh,15,14,29,0.52
Nhhl,6,12,18,0.33
Nhhm,18,19,37,0.49
Nhhn,18,20,38,0.47
Nhhs,19,16,35,0.54
Nhht,2,3,5,0.4
NhlB,6,7,13,0.46
NhlH,8,9,17,0.47
NhlJ,1,3,4,0.25
NhlK,0,3,3,0.0
NhlL,4,5,9,0.44
NhlM,11,16,27,0.41
NhlN,14,8,22,0.64
NhlP,13,17,30,0.43
NhlS,4,6,10,0.4
Nhlb,6,9,15,0.4
Nhll,6,5,11,0.55
Nhlm,6,7,13,0.46
Nhln,6,5,11,0.55
Nhls,5,8,13,0.38
NhmB,13,20,33,0.39
NhmD,2,2,4,0.5
NhmH,16,14,30,0.53
NhmI,2,2,4,0.5
NhmJ,7,1,8,0.88
NhmK,0,2,2,0.0
NhmL,5,3,8,0.62
NhmM,23,34,57,0.4
NhmN,27,23,50,0.54
NhmP,29,23,52,0.56
NhmS,15,18,33,0.45
Nhmb,14,20,34,0.41
Nhml,8,3,11,0.73
Nhmm,19,20,39,0.49
Nhmn,21,16,37,0.57
Nhms,7,10,17,0.41
NhnB,14,18,32,0.44
NhnD,3,2,5,0.6
NhnH,10,13,23,0.43
NhnI,3,1,4,0.75
NhnK,2,0,2,1.0
NhnL,7,8,15,0.47
NhnM,26,31,57,0.46
NhnN,35,43,78,0.45
NhnP,47,46,93,0.51
NhnS,23,27,50,0.46
Nhnb,25,21,46,0.54
Nhnh,0,1,1,0.0
Nhnl,13,6,19,0.68
Nhnm,35,29,64,0.55
Nhnn,30,30,60,0.5
Nhns,19,24,43,0.44
NhsB,12,9,21,0.57
NhsD,4,3,7,0.57
NhsH,19,22,41,0.46
NhsI,5,1,6,0.83
NhsK,1,0,1,1.0
NhsL,9,11,20,0.45
NhsM,19,21,40,0.48
NhsN,21,13,34,0.62
NhsP,29,24,53,0.55
NhsS,16,31,47,0.34
Nhsb,18,16,34,0.53
Nhsh,2,0,2,1.0
Nhsl,8,4,12,0.67
Nhsm,19,14,33,0.58
Nhsn,14,15,29,0.48
Nhss,16,14,30,0.53
NhtB,3,3,6,0.5
NhtD,0,1,1,0.0
NhtK,1,1,2,0.5
NhtL,1,1,2,0.5
NhtM,2,3,5,0.4
NhtN,3,4,7,0.43
NhtP,3,8,11,0.27
NhtS,3,1,4,0.75
Nhtb,1,0,1,1.0
Nhtl,2,3,5,0.4
Nhtm,1,2,3,0.33
Nhtn,3,4,7,0.43
Nhts,1,3,4,0.25
NlBB,10,21,31,0.32
NlBD,2,4,6,0.33
NlBK,1,0,1,1.0
NlBL,8,4,12,0.67
NlBM,21,11,32,0.66
NlBN,18,33,51,0.35
NlBP,22,37,59,0.37
NlBS,13,17,30,0.43
NlBb,29,18,47,0.62
NlBh,5,3,8,0.62
NlBj,7,7,14,0.5
NlBl,6,7,13,0.46
NlBm,24,12,36,0.67
NlBn,22,26,48,0.46
NlBs,11,4,15,0.73
NlBt,2,2,4,0.5
NlDB,2,0,2,1.0
NlDD,2,0,2,1.0
NlDH,1,4,5,0.2
NlDL,4,0,4,1.0
NlDM,3,3,6,0.5
NlDN,4,0,4,1.0
NlDP,4,3,7,0.57
NlDb,0,2,2,0.0
NlDl,1,0,1,1.0
NlDm,4,2,6,0.67
NlDn,4,6,10,0.4
NlDs,3,5,8,0.38
NlDt,1,1,2,0.5
NlHB,10,16,26,0.38
NlHD,1,1,2,0.5
NlHH,6,2,8,0.75
NlHI,3,3,6,0.5
NlHK,0,2,2,0.0
NlHL,5,7,12,0.42
NlHM,24,20,44,0.55
NlHN,20,20,40,0.5
NlHP,33,24,57,0.58
NlHS,14,14,28,0.5
NlHb,15,17,32,0.47
NlHh,7,10,17,0.41
NlHl,5,8,13,0.38
NlHm,12,11,23,0.52
NlHn,13,24,37,0.35
NlHs,15,11,26,0.58
NlHt,2,2,4,0.5
NlIB,2,1,3,0.67
NlID,0,0,0,
NlIH,6,1,7,0.86
NlII,0,1,1,0.0
NlIL,0,3,3,0.0
NlIM,1,2,3,0.33
NlIN,2,2,4,0.5
NlIP,1,3,4,0.25
NlIS,1,2,3,0.33
NlIb,1,1,2,0.5
NlIl,0,1,1,0.0
NlIm,4,2,6,0.67
NlIn,4,2,6,0.67
NlIs,5,1,6,0.83
NlJB,6,4,10,0.6
NlJD,0,1,1,0.0
NlJH,2,3,5,0.4
NlJI,0,1,1,0.0
NlJL,1,2,3,0.33
NlJM,8,8,16,0.5
NlJN,5,8,13,0.38
NlJP,13,7,20,0.65
NlJS,7,4,11,0.64
NlJb,9,8,17,0.53
NlJh,1,1,2,0.5
NlJl,4,4,8,0.5
NlJm,8,7,15,0.53
NlJn,7,11,18,0.39
NlJs,5,4,9,0.56
NlJt,2,2,4,0.5
NlKB,2,1,3,0.67
NlKL,1,0,1,1.0
NlKM,0,4,4,0.0
NlKP,2,0,2,1.0
NlKS,0,0,0,
NlKb,2,3,5,0.4
NlKh,3,3,6,0.5
NlKm,1,1,2,0.5
NlKn,4,1,5,0.8
NlKs,0,1,1,0.0
NlKt,2,0,2,1.0
NlLB,8,6,14,0.57
NlLH,0,2,2,0.0
NlLK,2,1,3,0.67
NlLL,5,2,7,0.71
NlLM,11,16,27,0.41
NlLN,7,9,16,0.44
NlLP,15,9,24,0.62
NlLS,9,10,19,0.47
NlLb,5,8,13,0.38
NlLh,5,3,8,0.62
NlLj,2,4,6,0.33
NlLl,6,7,13,0.46
NlLm,8,8,16,0.5
NlLn,8,13,21,0.38
NlLs,8,6,14,0.57
NlLt,2,4,6,0.33
NlMB,22,19,41,0.54
NlMD,3,4,7,0.43
NlML,5,9,14,0.36
NlMM,20,29,49,0.41
NlMN,32,19,51,0.63
NlMP,36,40,76,0.47
NlMS,6,23,29,0.21
NlMb,21,17,38,0.55
NlMh,26,20,46,0.57
NlMj,7,5,12,0.58
NlMl,13,12,25,0.52
NlMm,23,24,47,0.49
NlMn,36,47,83,0.43
NlMs,15,21,36,0.42
NlMt,4,1,5,0.8
NlNB,26,20,46,0.57
NlND,4,1,5,0.8
NlNH,5,0,5,1.0
NlNK,2,1,3,0.67
NlNL,22,19,41,0.54
NlNM,31,33,64,0.48
NlNN,35,29,64,0.55
NlNP,46,43,89,0.52
NlNS,31,20,51,0.61
NlNb,28,24,52,0.54
NlNh,7,13,20,0.35
NlNl,19,17,36,0.53
NlNm,38,17,55,0.69
NlNn,48,37,85,0.56
NlNs,28,20,48,0.58
NlNt,4,9,13,0.31
NlPB,22,31,53,0.42
NlPD,4,4,8,0.5
NlPH,10,9,19,0.53
NlPI,3,1,4,0.75
NlPK,4,2,6,0.67
NlPL,13,16,29,0.45
NlPM,41,36,77,0.53
NlPN,38,53,91,0.42
NlPP,52,52,104,0.5
NlPS,27,26,53,0.51
NlPb,27,44,71,0.38
NlPh,6,3,9,0.67
NlPl,14,15,29,0.48
NlPm,35,29,64,0.55
NlPn,26,38,64,0.41
NlPs,20,30,50,0.4
NlPt,5,0,5,1.0
NlSB,11,11,22,0.5
NlSD,1,1,2,0.5
NlSH,7,3,10,0.7
NlSL,7,7,14,0.5
NlSM,20,23,43,0.47
NlSN,15,19,34,0.44
NlSP,32,23,55,0.58
NlSS,13,23,36,0.36
NlSb,18,29,47,0.38
NlSh,9,10,19,0.47
NlSl,8,10,18,0.44
NlSm,18,11,29,0.62
NlSn,21,25,46,0.46
NlSs,21,17,38,0.55
NlSt,2,5,7,0.29
NlbB,28,27,55,0.51
NlbD,5,5,10,0.5
NlbH,8,5,13,0.62
NlbI,0,1,1,0.0
NlbJ,7,5,12,0.58
NlbK,1,2,3,0.33
NlbL,14,14,28,0.5
NlbM,24,28,52,0.46
NlbN,24,35,59,0.41
NlbP,45,29,74,0.61
NlbS,12,9,21,0.57
Nlbb,25,27,52,0.48
Nlbl,10,14,24,0.42
Nlbm,19,16,35,0.54
Nlbn,32,17,49,0.65
Nlbs,15,9,24,0.62
NllB,11,10,21,0.52
NllD,1,1,2,0.5
NllH,8,10,18,0.44
NllJ,2,2,4,0.5
NllK,1,0,1,1.0
NllL,3,3,6,0.5
NllM,20,15,35,0.57
NllN,11,19,30,0.37
NllP,12,13,25,0.48
NllS,6,4,10,0.6
Nllb,12,9,21,0.57
Nlll,6,6,12,0.5
Nllm,13,6,19,0.68
Nlln,14,8,22,0.64
Nlls,3,4,7,0.43
NlmB,20,22,42,0.48
NlmD,4,2,6,0.67
NlmH,10,13,23,0.43
NlmI,1,2,3,0.33
NlmJ,0,5,5,0.0
NlmK,0,1,1,0.0
NlmL,6,9,15,0.4
NlmM,17,18,35,0.49
NlmN,25,22,47,0.53
NlmP,26,23,49,0.53
NlmS,12,14,26,0.46
Nlmb,30,23,53,0.57
Nlml,3,5,8,0.38
Nlmm,16,12,28,0.57
Nlmn,20,23,43,0.47
Nlms,10,9,19,0.53
NlnB,21,17,38,0.55
NlnD,3,1,4,0.75
NlnH,12,18,30,0.4
NlnI,2,3,5,0.4
NlnK,1,2,3,0.33
NlnL,11,7,18,0.61
NlnM,23,35,58,0.4
NlnN,34,28,62,0.55
NlnP,44,41,85,0.52
NlnS,18,19,37,0.49
Nlnb,33,20,53,0.62
Nlnh,0,1,1,0.0
Nlnl,12,6,18,0.67
Nlnm,29,17,46,0.63
Nlnn,28,26,54,0.52
Nlns,16,15,31,0.52
NlsB,11,10,21,0.52
NlsD,1,1,2,0.5
NlsH,12,13,25,0.48
NlsI,1,3,4,0.25
NlsK,2,1,3,0.67
NlsL,5,8,13,0.38
NlsM,9,16,25,0.36
NlsN,17,18,35,0.49
NlsP,21,21,42,0.5
NlsS,12,14,26,0.46
Nlsb,11,11,22,0.5
Nlsh,1,1,2,0.5
Nlsl,9,4,13,0.69
Nlsm,19,15,34,0.56
Nlsn,17,14,31,0.55
Nlss,12,10,22,0.55
NmBB,35,37,72,0.49
NmBD,9,10,19,0.47
NmBK,3,4,7,0.43
NmBL,13,16,29,0.45
NmBM,41,55,96,0.43
NmBN,75,56,131,0.57
NmBP,47,71,118,0.4
NmBS,24,32,56,0.43
NmBb,42,47,89,0.47
NmBh,2,9,11,0.18
NmBj,18,14,32,0.56
NmBl,17,10,27,0.63
NmBm,48,37,85,0.56
NmBn,67,60,127,0.53
NmBs,26,33,59,0.44
NmBt,13,7,20,0.65
NmDB,9,10,19,0.47
NmDD,1,8,9,0.11
NmDH,9,9,18,0.5
NmDI,1,1,2,0.5
NmDK,0,1,1,0.0
NmDL,5,8,13,0.38
NmDM,11,14,25,0.44
NmDN,10,9,19,0.53
NmDP,12,12,24,0.5
NmDS,12,11,23,0.52
NmDb,6,11,17,0.35
NmDl,1,9,10,0.1
NmDm,11,16,27,0.41
NmDn,14,5,19,0.74
NmDs,7,6,13,0.54
NmDt,2,0,2,1.0
NmHB,35,36,71,0.49
NmHD,8,9,17,0.47
NmHH,7,9,16,0.44
NmHI,1,8,9,0.11
NmHK,4,1,5,0.8
NmHL,16,11,27,0.59
NmHM,46,47,93,0.49
NmHN,62,53,115,0.54
NmHP,57,54,111,0.51
NmHS,44,23,67,0.66
NmHb,34,47,81,0.42
NmHh,27,25,52,0.52
NmHl,17,24,41,0.41
NmHm,53,47,100,0.53
NmHn,65,60,125,0.52
NmHs,31,46,77,0.4
NmHt,8,5,13,0.62
NmIB,4,4,8,0.5
NmIH,4,4,8,0.5
NmII,1,0,1,1.0
NmIL,3,3,6,0.5
NmIM,2,3,5,0.4
NmIN,8,4,12,0.67
NmIP,6,12,18,0.33
NmIS,3,4,7,0.43
NmIb,5,3,8,0.62
NmIl,1,2,3,0.33
NmIm,6,2,8,0.75
NmIn,3,6,9,0.33
NmIs,8,4,12,0.67
NmJB,7,6,13,0.54
NmJD,2,0,2,1.0
NmJH,7,5,12,0.58
NmJI,2,2,4,0.5
NmJK,2,2,4,0.5
NmJL,6,11,17,0.35
NmJM,16,20,36,0.44
NmJN,18,6,24,0.75
NmJP,23,17,40,0.57
NmJS,11,10,21,0.52
NmJb,16,8,24,0.67
NmJl,6,3,9,0.67
NmJm,11,11,22,0.5
NmJn,12,7,19,0.63
NmJs,9,8,17,0.53
NmJt,2,0,2,1.0
NmKB,1,1,2,0.5
NmKD,0,0,0,
NmKI,0,1,1,0.0
NmKM,0,0,0,
NmKN,0,1,1,0.0
NmKb,2,4,6,0.33
NmKh,1,1,2,0.5
NmKl,1,1,2,0.5
NmKm,0,1,1,0.0
NmKn,0,1,1,0.0
NmKs,1,0,1,1.0
NmLB,7,15,22,0.32
NmLD,1,3,4,0.25
NmLK,1,3,4,0.25
NmLL,6,4,10,0.6
NmLM,20,21,41,0.49
NmLN,26,20,46,0.57
NmLP,24,27,51,0.47
NmLS,17,12,29,0.59
NmLb,5,15,20,0.25
NmLh,12,13,25,0.48
NmLj,5,7,12,0.42
NmLl,6,12,18,0.33
NmLm,14,13,27,0.52
NmLn,50,28,78,0.64
NmLs,21,11,32,0.66
NmLt,4,2,6,0.67
NmMB,42,38,80,0.52
NmMD,6,9,15,0.4
NmMH,0,1,1,0.0
NmMI,0,1,1,0.0
NmMK,1,2,3,0.33
NmML,11,14,25,0.44
NmMM,53,47,100,0.53
NmMN,69,65,134,0.51
NmMP,70,96,166,0.42
NmMS,32,52,84,0.38
NmMb,50,45,95,0.53
NmMh,65,52,117,0.56
NmMj,16,14,30,0.53
NmMl,20,18,38,0.53
NmMm,61,58,119,0.51
NmMn,104,102,206,0.5
NmMs,54,34,88,0.61
NmMt,12,10,22,0.55
NmNB,55,59,114,0.48
NmND,13,13,26,0.5
NmNH,14,16,30,0.47
NmNK,6,8,14,0.43
NmNL,20,17,37,0.54
NmNM,67,73,140,0.48
NmNN,112,98,210,0.53
NmNP,117,111,228,0.51
NmNS,54,70,124,0.44
NmNb,68,57,125,0.54
NmNh,22,23,45,0.49
NmNl,22,29,51,0.43
NmNm,58,50,108,0.54
NmNn,122,133,255,0.48
NmNs,57,58,115,0.5
NmNt,17,12,29,0.59
NmPB,54,62,116,0.47
NmPD,8,9,17,0.47
NmPH,29,27,56,0.52
NmPI,8,2,10,0.8
NmPK,3,10,13,0.23
NmPL,33,27,60,0.55
NmPM,84,101,185,0.45
NmPN,89,103,192,0.46
NmPP,124,100,224,0.55
NmPS,53,63,116,0.46
NmPb,62,59,121,0.51
NmPh,8,6,14,0.57
NmPl,29,30,59,0.49
NmPm,76,57,133,0.57
NmPn,85,90,175,0.49
NmPs,48,47,95,0.51
NmPt,9,7,16,0.56
NmSB,27,31,58,0.47
NmSD,5,5,10,0.5
NmSH,13,18,31,0.42
NmSL,10,13,23,0.43
NmSM,39,38,77,0.51
NmSN,39,41,80,0.49
NmSP,43,54,97,0.44
NmSS,29,49,78,0.37
NmSb,26,30,56,0.46
NmSh,29,18,47,0.62
NmSl,16,9,25,0.64
NmSm,36,28,64,0.56
NmSn,62,53,115,0.54
NmSs,40,40,80,0.5
NmSt,13,2,15,0.87
NmbB,52,45,97,0.54
NmbD,7,6,13,0.54
NmbH,16,18,34,0.47
NmbI,8,3,11,0.73
NmbJ,22,14,36,0.61
NmbK,5,5,10,0.5
NmbL,12,15,27,0.44
NmbM,54,51,105,0.51
NmbN,79,78,157,0.5
NmbP,82,71,153,0.54
NmbS,28,27,55,0.51
Nmbb,51,64,115,0.44
Nmbl,24,17,41,0.59
Nmbm,59,44,103,0.57
Nmbn,63,66,129,0.49
Nmbs,22,13,35,0.63
NmhI,0,1,1,0.0
NmhL,0,1,1,0.0
NmhS,0,1,1,0.0
Nmhn,0,1,1,0.0
Nmhs,1,0,1,1.0
NmlB,20,16,36,0.56
NmlD,0,3,3,0.0
NmlH,14,8,22,0.64
NmlI,0,3,3,0.0
NmlJ,4,3,7,0.57
NmlK,1,0,1,1.0
NmlL,5,5,10,0.5
NmlM,19,17,36,0.53
NmlN,22,19,41,0.54
NmlP,16,17,33,0.48
NmlS,14,11,25,0.56
Nmlb,23,16,39,0.59
Nmll,5,4,9,0.56
Nmlm,15,10,25,0.6
Nmln,17,8,25,0.68
Nmls,10,5,15,0.67
NmmB,38,45,83,0.46
NmmD,16,5,21,0.76
NmmH,37,41,78,0.47
NmmI,5,4,9,0.56
NmmJ,7,12,19,0.37
NmmK,1,1,2,0.5
NmmL,11,19,30,0.37
NmmM,44,54,98,0.45
NmmN,67,65,132,0.51
NmmP,64,49,113,0.57
NmmS,28,19,47,0.6
Nmmb,59,46,105,0.56
Nmml,10,15,25,0.4
Nmmm,49,30,79,0.62
Nmmn,66,46,112,0.59
Nmms,15,19,34,0.44
NmnB,54,45,99,0.55
NmnD,8,11,19,0.42
NmnH,39,31,70,0.56
NmnI,12,10,22,0.55
NmnK,2,3,5,0.4
NmnL,21,22,43,0.49
NmnM,53,67,120,0.44
NmnN,89,93,182,0.49
NmnP,104,114,218,0.48
NmnS,53,51,104,0.51
Nmnb,67,50,117,0.57
Nmnh,0,2,2,0.0
Nmnl,18,20,38,0.47
Nmnm,62,42,104,0.6
Nmnn,81,73,154,0.53
Nmns,42,40,82,0.51
Nmnt,0,1,1,0.0
NmsB,14,25,39,0.36
NmsD,6,5,11,0.55
NmsH,17,23,40,0.42
NmsI,2,3,5,0.4
NmsK,0,0,0,
NmsL,10,10,20,0.5
NmsM,28,30,58,0.48
NmsN,41,44,85,0.48
NmsP,35,47,82,0.43
NmsS,34,38,72,0.47
Nmsb,25,20,45,0.56
Nmsh,1,3,4,0.25
Nmsl,9,10,19,0.47
Nmsm,35,14,49,0.71
Nmsn,43,36,79,0.54
Nmss,24,17,41,0.59
Nmst,1,0,1,1.0
Nmtt,1,0,1,1.0
NnBB,61,59,120,0.51
NnBD,7,4,11,0.64
NnBH,1,1,2,0.5
NnBK,6,8,14,0.43
NnBL,19,20,39,0.49
NnBM,50,71,121,0.41
NnBN,66,83,149,0.44
NnBP,89,85,174,0.51
NnBS,34,49,83,0.41
NnBb,60,52,112,0.54
NnBh,3,8,11,0.27
NnBj,20,19,39,0.51
NnBl,25,22,47,0.53
NnBm,54,52,106,0.51
NnBn,95,95,190,0.5
NnBs,23,29,52,0.44
NnBt,13,9,22,0.59
NnDB,8,7,15,0.53
NnDD,8,4,12,0.67
NnDH,13,9,22,0.59
NnDI,0,0,0,
NnDL,7,4,11,0.64
NnDM,11,19,30,0.37
NnDN,14,26,40,0.35
NnDP,14,15,29,0.48
NnDS,11,8,19,0.58
NnDb,12,7,19,0.63
NnDl,4,5,9,0.44
NnDm,12,12,24,0.5
NnDn,9,12,21,0.43
NnDs,12,8,20,0.6
NnDt,1,5,6,0.17
NnHB,33,38,71,0.46
NnHD,5,10,15,0.33
NnHH,13,10,23,0.57
NnHI,5,3,8,0.62
NnHK,4,4,8,0.5
NnHL,16,17,33,0.48
NnHM,46,46,92,0.5
NnHN,77,66,143,0.54
NnHP,76,79,155,0.49
NnHS,47,48,95,0.49
NnHb,47,52,99,0.47
NnHh,19,22,41,0.46
NnHl,23,22,45,0.51
NnHm,40,43,83,0.48
NnHn,63,63,126,0.5
NnHs,35,55,90,0.39
NnHt,2,1,3,0.67
NnIB,13,8,21,0.62
NnID,4,2,6,0.67
NnIH,16,9,25,0.64
NnII,3,2,5,0.6
NnIK,1,0,1,1.0
NnIL,5,8,13,0.38
NnIM,17,8,25,0.68
NnIN,18,11,29,0.62
NnIP,16,13,29,0.55
NnIS,14,8,22,0.64
NnIb,11,12,23,0.48
NnIh,0,1,1,0.0
NnIl,7,1,8,0.88
NnIm,10,14,24,0.42
NnIn,6,14,20,0.3
NnIs,7,7,14,0.5
NnIt,0,1,1,0.0
NnKB,8,4,12,0.67
NnKD,2,3,5,0.4
NnKH,0,2,2,0.0
NnKI,1,0,1,1.0
NnKL,3,3,6,0.5
NnKM,6,8,14,0.43
NnKN,5,6,11,0.45
NnKP,7,12,19,0.37
NnKS,3,8,11,0.27
NnKb,8,5,13,0.62
NnKh,4,5,9,0.44
NnKl,7,5,12,0.58
NnKm,5,7,12,0.42
NnKn,13,8,21,0.62
NnKs,10,8,18,0.56
NnKt,2,0,2,1.0
NnLB,22,25,47,0.47
NnLD,2,6,8,0.25
NnLH,1,1,2,0.5
NnLK,3,2,5,0.6
NnLL,12,14,26,0.46
NnLM,26,31,57,0.46
NnLN,40,34,74,0.54
NnLP,50,35,85,0.59
NnLS,23,23,46,0.5
NnLb,18,27,45,0.4
NnLh,13,14,27,0.48
NnLj,6,4,10,0.6
NnLl,14,15,29,0.48
NnLm,23,24,47,0.49
NnLn,51,51,102,0.5
NnLs,33,28,61,0.54
NnLt,6,8,14,0.43
NnMB,67,73,140,0.48
NnMD,10,16,26,0.38
NnMK,1,1,2,0.5
NnML,25,31,56,0.45
NnMM,87,81,168,0.52
NnMN,87,98,185,0.47
NnMP,97,121,218,0.44
NnMS,59,56,115,0.51
NnMb,89,80,169,0.53
NnMh,68,86,154,0.44
NnMj,19,23,42,0.45
NnMl,25,37,62,0.4
NnMm,86,59,145,0.59
NnMn,142,122,264,0.54
NnMs,53,44,97,0.55
NnMt,15,16,31,0.48
NnNB,91,99,190,0.48
NnND,22,15,37,0.59
NnNH,22,21,43,0.51
NnNI,0,1,1,0.0
NnNK,11,17,28,0.39
NnNL,52,43,95,0.55
NnNM,119,138,257,0.46
NnNN,153,168,321,0.48
NnNP,218,182,400,0.55
NnNS,95,107,202,0.47
NnNb,91,84,175,0.52
NnNh,37,46,83,0.45
NnNl,62,45,107,0.58
NnNm,124,89,213,0.58
NnNn,185,185,370,0.5
NnNs,93,101,194,0.48
NnNt,32,18,50,0.64
NnPB,106,99,205,0.52
NnPD,11,16,27,0.41
NnPH,57,43,100,0.57
NnPI,10,16,26,0.38
NnPK,11,14,25,0.44
NnPL,48,60,108,0.44
NnPM,115,146,261,0.44
NnPN,157,177,334,0.47
NnPP,254,231,485,0.52
NnPS,106,118,224,0.47
NnPb,148,134,282,0.52
NnPh,21,16,37,0.57
NnPl,50,73,123,0.41
NnPm,138,103,241,0.57
NnPn,163,164,327,0.5
NnPs,100,110,210,0.48
NnPt,18,8,26,0.69
NnSB,40,49,89,0.45
NnSD,14,14,28,0.5
NnSH,13,28,41,0.32
NnSI,2,0,2,1.0
NnSK,1,1,2,0.5
NnSL,19,24,43,0.44
NnSM,63,71,134,0.47
NnSN,74,79,153,0.48
NnSP,92,97,189,0.49
NnSS,74,83,157,0.47
NnSb,59,42,101,0.58
NnSh,43,43,86,0.5
NnSl,24,30,54,0.44
NnSm,96,65,161,0.6
NnSn,92,111,203,0.45
NnSs,64,67,131,0.49
NnSt,24,14,38,0.63
NnbB,62,68,130,0.48
NnbD,7,8,15,0.47
NnbH,24,17,41,0.59
NnbI,7,9,16,0.44
NnbJ,24,22,46,0.52
NnbK,12,5,17,0.71
NnbL,22,39,61,0.36
NnbM,80,91,171,0.47
NnbN,113,123,236,0.48
NnbP,111,105,216,0.51
NnbS,56,49,105,0.53
Nnbb,91,77,168,0.54
Nnbl,21,26,47,0.45
Nnbm,65,40,105,0.62
Nnbn,104,93,197,0.53
Nnbs,42,38,80,0.52
NnhB,1,0,1,1.0
NnhH,0,1,1,0.0
NnhL,5,1,6,0.83
NnhM,4,2,6,0.67
NnhN,5,2,7,0.71
NnhP,8,6,14,0.57
NnhS,2,5,7,0.29
Nnhb,3,4,7,0.43
Nnhh,3,2,5,0.6
Nnhl,0,1,1,0.0
Nnhm,4,3,7,0.57
Nnhn,2,4,6,0.33
Nnhs,5,1,6,0.83
NnlB,22,24,46,0.48
NnlD,4,3,7,0.57
NnlH,22,23,45,0.49
NnlI,2,2,4,0.5
NnlJ,13,9,22,0.59
NnlK,0,1,1,0.0
NnlL,9,9,18,0.5
NnlM,38,31,69,0.55
NnlN,41,47,88,0.47
NnlP,54,41,95,0.57
NnlS,23,25,48,0.48
Nnlb,44,32,76,0.58
Nnll,11,12,23,0.48
Nnlm,22,24,46,0.48
Nnln,26,34,60,0.43
Nnls,22,17,39,0.56
NnmB,59,55,114,0.52
NnmD,10,15,25,0.4
NnmH,58,62,120,0.48
NnmI,4,3,7,0.57
NnmJ,16,16,32,0.5
NnmK,1,0,1,1.0
NnmL,24,26,50,0.48
NnmM,73,87,160,0.46
NnmN,100,113,213,0.47
NnmP,118,108,226,0.52
NnmS,71,52,123,0.58
Nnmb,93,58,151,0.62
Nnml,21,26,47,0.45
Nnmm,73,46,119,0.61
Nnmn,92,75,167,0.55
Nnms,43,41,84,0.51
NnnB,67,69,136,0.49
NnnD,15,14,29,0.52
NnnH,62,76,138,0.45
NnnI,12,12,24,0.5
NnnK,9,8,17,0.53
NnnL,47,32,79,0.59
NnnM,102,112,214,0.48
NnnN,150,149,299,0.5
NnnP,203,165,368,0.55
NnnS,85,77,162,0.52
Nnnb,120,99,219,0.55
Nnnh,4,11,15,0.27
Nnnl,31,39,70,0.44
Nnnm,117,79,196,0.6
Nnnn,118,152,270,0.44
Nnns,86,78,164,0.52
Nnnt,1,0,1,1.0
NnsB,41,44,85,0.48
NnsD,17,14,31,0.55
NnsH,63,56,119,0.53
NnsI,8,5,13,0.62
NnsK,2,1,3,0.67
NnsL,24,23,47,0.51
NnsM,53,67,120,0.44
NnsN,86,80,166,0.52
NnsP,107,91,198,0.54
NnsS,80,63,143,0.56
Nnsb,50,54,104,0.48
Nnsh,2,1,3,0.67
Nnsl,39,20,59,0.66
Nnsm,62,53,115,0.54
Nnsn,65,67,132,0.49
Nnss,63,57,120,0.52
Nnst,1,0,1,1.0
NntD,1,0,1,1.0
NntH,1,0,1,1.0
NntM,0,2,2,0.0
NntN,1,0,1,1.0
NntP,0,0,0,
NntS,0,0,0,
Nntb,2,0,2,1.0
Nntm,1,0,1,1.0
Nntt,1,0,1,1.0
NsBB,27,28,55,0.49
NsBD,4,3,7,0.57
NsBK,3,1,4,0.75
NsBL,10,6,16,0.62
NsBM,24,43,67,0.36
NsBN,35,32,67,0.52
NsBP,35,42,77,0.45
NsBS,15,16,31,0.48
NsBb,19,30,49,0.39
NsBh,3,5,8,0.38
NsBj,10,8,18,0.56
NsBl,5,7,12,0.42
NsBm,26,19,45,0.58
NsBn,34,34,68,0.5
NsBs,17,17,34,0.5
NsBt,3,1,4,0.75
NsDB,4,5,9,0.44
NsDD,1,6,7,0.14
NsDH,7,12,19,0.37
NsDI,1,1,2,0.5
NsDK,0,1,1,0.0
NsDL,4,7,11,0.36
NsDM,7,11,18,0.39
NsDN,6,9,15,0.4
NsDP,7,10,17,0.41
NsDS,11,7,18,0.61
NsDb,8,7,15,0.53
NsDl,1,8,9,0.11
NsDm,5,6,11,0.45
NsDn,13,9,22,0.59
NsDs,5,3,8,0.62
NsDt,2,1,3,0.67
NsHB,23,25,48,0.48
NsHD,8,10,18,0.44
NsHH,9,10,19,0.47
NsHI,8,3,11,0.73
NsHK,3,4,7,0.43
NsHL,13,13,26,0.5
NsHM,40,40,80,0.5
NsHN,42,41,83,0.51
NsHP,58,51,109,0.53
NsHS,34,51,85,0.4
NsHb,36,37,73,0.49
NsHh,28,21,49,0.57
NsHl,20,19,39,0.51
NsHm,47,30,77,0.61
NsHn,61,59,120,0.51
NsHs,41,43,84,0.49
NsHt,1,3,4,0.25
NsIB,3,5,8,0.38
NsID,0,1,1,0.0
NsIH,7,7,14,0.5
NsII,1,0,1,1.0
NsIL,3,0,3,1.0
NsIM,8,4,12,0.67
NsIN,10,6,16,0.62
NsIP,12,9,21,0.57
NsIS,9,1,10,0.9
NsIb,6,1,7,0.86
NsIl,3,0,3,1.0
NsIm,6,5,11,0.55
NsIn,6,6,12,0.5
NsIs,4,6,10,0.4
NsKB,1,2,3,0.33
NsKD,0,1,1,0.0
NsKH,1,0,1,1.0
NsKL,2,0,2,1.0
NsKM,1,0,1,1.0
NsKN,0,1,1,0.0
NsKP,1,0,1,1.0
NsKS,1,1,2,0.5
NsKb,1,2,3,0.33
NsKh,1,1,2,0.5
NsKl,0,1,1,0.0
NsKm,2,1,3,0.67
NsKn,3,1,4,0.75
NsKs,1,0,1,1.0
NsLB,9,15,24,0.38
NsLD,2,3,5,0.4
NsLK,2,2,4,0.5
NsLL,6,5,11,0.55
NsLM,12,12,24,0.5
NsLN,8,13,21,0.38
NsLP,17,20,37,0.46
NsLS,14,13,27,0.52
NsLb,14,17,31,0.45
NsLh,10,4,14,0.71
NsLj,5,7,12,0.42
NsLl,8,10,18,0.44
NsLm,17,9,26,0.65
NsLn,20,23,43,0.47
NsLs,23,18,41,0.56
NsLt,3,6,9,0.33
NsMB,36,30,66,0.55
NsMD,3,10,13,0.23
NsMK,1,3,4,0.25
NsML,13,10,23,0.57
NsMM,35,49,84,0.42
NsMN,43,42,85,0.51
NsMP,46,49,95,0.48
NsMS,35,37,72,0.49
NsMb,33,47,80,0.41
NsMh,23,38,61,0.38
NsMj,6,11,17,0.35
NsMl,26,14,40,0.65
NsMm,42,40,82,0.51
NsMn,64,75,139,0.46
NsMs,36,35,71,0.51
NsMt,4,6,10,0.4
NsNB,32,52,84,0.38
NsND,13,7,20,0.65
NsNH,15,8,23,0.65
NsNI,0,1,1,0.0
NsNK,3,4,7,0.43
NsNL,17,18,35,0.49
NsNM,42,44,86,0.49
NsNN,64,57,121,0.53
NsNP,77,95,172,0.45
NsNS,52,43,95,0.55
NsNb,44,36,80,0.55
NsNh,14,19,33,0.42
NsNl,19,9,28,0.68
NsNm,47,51,98,0.48
NsNn,73,77,150,0.49
NsNs,40,49,89,0.45
NsNt,5,4,9,0.56
NsPB,41,42,83,0.49
NsPD,9,5,14,0.64
NsPH,27,22,49,0.55
NsPI,4,6,10,0.4
NsPK,5,12,17,0.29
NsPL,24,31,55,0.44
NsPM,61,60,121,0.5
NsPN,68,64,132,0.52
NsPP,96,91,187,0.51
NsPS,51,60,111,0.46
NsPb,51,49,100,0.51
NsPh,5,5,10,0.5
NsPl,29,29,58,0.5
NsPm,74,45,119,0.62
NsPn,68,68,136,0.5
NsPs,43,64,107,0.4
NsPt,14,7,21,0.67
NsSB,20,25,45,0.44
NsSD,8,13,21,0.38
NsSH,10,17,27,0.37
NsSI,0,1,1,0.0
NsSK,3,3,6,0.5
NsSL,15,17,32,0.47
NsSM,36,47,83,0.43
NsSN,51,55,106,0.48
NsSP,56,59,115,0.49
NsSS,67,60,127,0.53
NsSb,35,29,64,0.55
NsSh,33,30,63,0.52
NsSl,22,11,33,0.67
NsSm,46,32,78,0.59
NsSn,69,68,137,0.5
NsSs,62,63,125,0.5
NsSt,9,5,14,0.64
NsbB,27,35,62,0.44
NsbD,9,4,13,0.69
NsbH,17,8,25,0.68
NsbI,6,0,6,1.0
NsbJ,16,10,26,0.62
NsbK,4,5,9,0.44
NsbL,15,17,32,0.47
NsbM,42,31,73,0.58
NsbN,52,54,106,0.49
NsbP,53,37,90,0.59
NsbS,24,30,54,0.44
Nsbb,33,34,67,0.49
Nsbh,1,0,1,1.0
Nsbl,14,15,29,0.48
Nsbm,34,24,58,0.59
Nsbn,38,33,71,0.54
Nsbs,15,26,41,0.37
NshB,1,2,3,0.33
NshD,1,1,2,0.5
NshH,1,1,2,0.5
NshL,1,1,2,0.5
NshM,2,2,4,0.5
NshN,2,4,6,0.33
NshP,5,1,6,0.83
NshS,4,2,6,0.67
Nshb,1,2,3,0.33
Nshh,2,3,5,0.4
Nshl,1,0,1,1.0
Nshm,8,1,9,0.89
Nshn,0,4,4,0.0
Nshs,2,1,3,0.67
NslB,12,24,36,0.33
NslD,1,0,1,1.0
NslH,9,14,23,0.39
NslI,1,1,2,0.5
NslJ,12,2,14,0.86
NslK,0,1,1,0.0
NslL,7,11,18,0.39
NslM,12,21,33,0.36
NslN,25,22,47,0.53
NslP,23,27,50,0.46
NslS,13,13,26,0.5
Nslb,16,14,30,0.53
Nsll,6,9,15,0.4
Nslm,21,13,34,0.62
Nsln,24,13,37,0.65
Nsls,10,13,23,0.43
NsmB,35,36,71,0.49
NsmD,14,13,27,0.52
NsmH,33,30,63,0.52
NsmI,4,2,6,0.67
NsmJ,10,9,19,0.53
NsmL,16,12,28,0.57
NsmM,38,39,77,0.49
NsmN,54,51,105,0.51
NsmP,57,59,116,0.49
NsmS,43,26,69,0.62
Nsmb,33,32,65,0.51
Nsml,17,17,34,0.5
Nsmm,47,36,83,0.57
Nsmn,51,41,92,0.55
Nsms,29,24,53,0.55
NsnB,35,30,65,0.54
NsnD,12,4,16,0.75
NsnH,22,25,47,0.47
NsnI,7,6,13,0.54
NsnK,3,3,6,0.5
NsnL,20,22,42,0.48
NsnM,43,61,104,0.41
NsnN,57,67,124,0.46
NsnP,68,67,135,0.5
NsnS,41,40,81,0.51
Nsnb,43,40,83,0.52
Nsnh,1,1,2,0.5
Nsnl,25,10,35,0.71
Nsnm,42,34,76,0.55
Nsnn,65,48,113,0.58
Nsns,40,33,73,0.55
Nsnt,0,2,2,0.0
NssB,31,19,50,0.62
NssD,7,10,17,0.41
NssH,37,47,84,0.44
NssI,9,6,15,0.6
NssK,1,1,2,0.5
NssL,10,8,18,0.56
NssM,28,38,66,0.42
NssN,39,39,78,0.5
NssP,51,45,96,0.53
NssS,55,61,116,0.47
Nssb,31,31,62,0.5
Nssh,2,2,4,0.5
Nssl,18,12,30,0.6
Nssm,31,40,71,0.44
Nssn,37,37,74,0.5
Nsss,32,45,77,0.42
Nsst,1,2,3,0.33
NstD,0,0,0,
NstL,0,2,2,0.0
NstM,0,1,1,0.0
NstN,2,0,2,1.0
NstS,0,1,1,0.0
Nstb,1,0,1,1.0
Nstl,1,0,1,1.0
Nstm,0,1,1,0.0
Nstt,0,1,1,0.0
NtBB,14,7,21,0.67
NtBD,2,0,2,1.0
NtBK,2,0,2,1.0
NtBL,3,4,7,0.43
NtBM,12,10,22,0.55
NtBN,6,12,18,0.33
NtBP,8,9,17,0.47
NtBS,1,5,6,0.17
NtBb,11,5,16,0.69
NtBh,3,2,5,0.6
NtBj,4,0,4,1.0
NtBl,3,4,7,0.43
NtBm,7,6,13,0.54
NtBn,11,11,22,0.5
NtBs,5,2,7,0.71
NtBt,2,1,3,0.67
NtDB,1,2,3,0.33
NtDH,1,2,3,0.33
NtDL,1,1,2,0.5
NtDN,1,2,3,0.33
NtDP,1,2,3,0.33
NtDS,1,1,2,0.5
NtDb,4,1,5,0.8
NtDl,1,0,1,1.0
NtDm,4,2,6,0.67
NtDn,1,2,3,0.33
NtDs,3,2,5,0.6
NtHB,2,3,5,0.4
NtHD,2,3,5,0.4
NtHH,0,1,1,0.0
NtHI,0,1,1,0.0
NtHK,0,1,1,0.0
NtHL,5,4,9,0.56
NtHM,7,5,12,0.58
NtHN,8,7,15,0.53
NtHP,8,8,16,0.5
NtHS,2,3,5,0.4
NtHb,5,6,11,0.45
NtHh,3,5,8,0.38
NtHl,4,2,6,0.67
NtHm,8,7,15,0.53
NtHn,6,6,12,0.5
NtHs,9,2,11,0.82
NtHt,0,2,2,0.0
NtIM,0,1,1,0.0
NtIN,2,0,2,1.0
NtIP,0,1,1,0.0
NtIS,0,0,0,
NtIb,1,0,1,1.0
NtIl,0,1,1,0.0
NtIm,1,0,1,1.0
NtKB,0,1,1,0.0
NtKL,1,0,1,1.0
NtKM,1,0,1,1.0
NtKN,1,0,1,1.0
NtKP,2,2,4,0.5
NtKS,1,3,4,0.25
NtKb,1,0,1,1.0
NtKh,1,0,1,1.0
NtKl,2,1,3,0.67
NtKm,0,1,1,0.0
NtKn,0,1,1,0.0
NtLB,3,4,7,0.43
NtLD,1,0,1,1.0
NtLK,0,0,0,
NtLL,0,1,1,0.0
NtLM,3,4,7,0.43
NtLN,5,3,8,0.62
NtLP,6,4,10,0.6
NtLS,5,2,7,0.71
NtLb,9,5,14,0.64
NtLh,3,0,3,1.0
NtLj,2,0,2,1.0
NtLl,2,3,5,0.4
NtLm,3,4,7,0.43
NtLn,6,6,12,0.5
NtLs,1,6,7,0.14
NtLt,2,2,4,0.5
NtMB,8,8,16,0.5
NtMD,3,1,4,0.75
NtMK,0,0,0,
NtML,4,2,6,0.67
NtMM,10,11,21,0.48
NtMN,8,17,25,0.32
NtMP,21,18,39,0.54
NtMS,7,12,19,0.37
NtMb,11,11,22,0.5
NtMh,6,10,16,0.38
NtMj,1,2,3,0.33
NtMl,6,2,8,0.75
NtMm,15,8,23,0.65
NtMn,14,24,38,0.37
NtMs,4,6,10,0.4
NtMt,2,1,3,0.67
NtNB,14,15,29,0.48
NtND,2,0,2,1.0
NtNH,1,1,2,0.5
NtNL,9,0,9,1.0
NtNM,16,25,41,0.39
NtNN,15,18,33,0.45
NtNP,26,21,47,0.55
NtNS,7,11,18,0.39
NtNb,7,13,20,0.35
NtNh,2,8,10,0.2
NtNl,8,4,12,0.67
NtNm,14,9,23,0.61
NtNn,26,15,41,0.63
NtNs,11,10,21,0.52
NtNt,2,2,4,0.5
NtPB,18,10,28,0.64
NtPD,0,2,2,0.0
NtPH,7,4,11,0.64
NtPI,1,3,4,0.25
NtPK,0,1,1,0.0
NtPL,6,9,15,0.4
NtPM,14,22,36,0.39
NtPN,18,14,32,0.56
NtPP,33,38,71,0.46
NtPS,12,13,25,0.48
NtPb,25,16,41,0.61
NtPh,3,2,5,0.6
NtPl,11,10,21,0.52
NtPm,20,14,34,0.59
NtPn,22,19,41,0.54
NtPs,15,17,32,0.47
NtPt,1,4,5,0.2
NtSB,4,6,10,0.4
NtSD,2,0,2,1.0
NtSH,3,3,6,0.5
NtSK,0,1,1,0.0
NtSL,5,2,7,0.71
NtSM,17,6,23,0.74
NtSN,9,11,20,0.45
NtSP,13,11,24,0.54
NtSS,9,7,16,0.56
NtSb,8,7,15,0.53
NtSh,6,5,11,0.55
NtSl,5,4,9,0.56
NtSm,9,8,17,0.53
NtSn,23,14,37,0.62
NtSs,10,11,21,0.48
NtSt,2,4,6,0.33
NtbB,13,13,26,0.5
NtbD,2,2,4,0.5
NtbH,2,4,6,0.33
NtbI,1,1,2,0.5
NtbJ,2,7,9,0.22
NtbK,1,1,2,0.5
NtbL,4,8,12,0.33
NtbM,10,8,18,0.56
NtbN,22,12,34,0.65
NtbP,12,11,23,0.52
NtbS,8,9,17,0.47
Ntbb,9,8,17,0.53
Ntbl,4,3,7,0.57
Ntbm,9,3,12,0.75
Ntbn,20,16,36,0.56
Ntbs,5,8,13,0.38
NthB,1,0,1,1.0
NthM,0,1,1,0.0
NthN,0,1,1,0.0
Nthn,2,1,3,0.67
Nths,1,1,2,0.5
NtlB,2,4,6,0.33
NtlD,1,0,1,1.0
NtlH,2,7,9,0.22
NtlI,1,1,2,0.5
NtlJ,2,1,3,0.67
NtlL,1,3,4,0.25
NtlM,2,5,7,0.29
NtlN,5,8,13,0.38
NtlP,1,10,11,0.09
NtlS,7,4,11,0.64
Ntlb,6,0,6,1.0
Ntll,3,3,6,0.5
Ntlm,6,1,7,0.86
Ntln,2,2,4,0.5
Ntls,3,1,4,0.75
NtmB,8,11,19,0.42
NtmD,2,5,7,0.29
NtmH,12,9,21,0.57
NtmI,0,3,3,0.0
NtmJ,3,5,8,0.38
NtmK,0,1,1,0.0
NtmL,5,3,8,0.62
NtmM,12,18,30,0.4
NtmN,13,15,28,0.46
NtmP,16,14,30,0.53
NtmS,5,4,9,0.56
Ntmb,11,12,23,0.48
Ntml,4,6,10,0.4
Ntmm,10,6,16,0.62
Ntmn,6,7,13,0.46
Ntms,6,7,13,0.46
NtnB,11,6,17,0.65
NtnD,0,2,2,0.0
NtnH,4,9,13,0.31
NtnI,3,1,4,0.75
NtnK,2,1,3,0.67
NtnL,5,5,10,0.5
NtnM,17,12,29,0.59
NtnN,19,17,36,0.53
NtnP,25,15,40,0.62
NtnS,10,7,17,0.59
Ntnb,18,14,32,0.56
Ntnh,0,2,2,0.0
Ntnl,4,5,9,0.44
Ntnm,12,10,22,0.55
Ntnn,13,16,29,0.45
Ntns,12,7,19,0.63
NtsB,6,5,11,0.55
NtsD,1,2,3,0.33
NtsH,7,4,11,0.64
NtsI,1,0,1,1.0
NtsL,2,0,2,1.0
NtsM,8,10,18,0.44
NtsN,6,7,13,0.46
NtsP,8,12,20,0.4
NtsS,11,7,18,0.61
Ntsb,3,8,11,0.27
Ntsh,0,0,0,
Ntsl,2,2,4,0.5
Ntsm,7,6,13,0.54
Ntsn,7,3,10,0.7
Ntss,7,4,11,0.64
NttB,1,0,1,1.0
NttD,0,1,1,0.0
NttH,1,3,4,0.25
NttI,1,0,1,1.0
NttL,0,1,1,0.0
NttM,4,1,5,0.8
NttN,4,5,9,0.44
NttP,1,7,8,0.12
NttS,2,1,3,0.67
Nttb,2,2,4,0.5
Ntth,1,1,2,0.5
Nttl,0,3,3,0.0
Nttm,2,5,7,0.29
Nttn,1,2,3,0.33
Ntts,4,2,6,0.67
Nttt,1,0,1,1.0
PBBB,72,82,154,0.47
PBBD,7,1,8,0.88
PBBH,1,0,1,1.0
PBBK,3,7,10,0.3
PBBL,24,31,55,0.44
PBBM,53,67,120,0.44
PBBN,63,81,144,0.44
PBBP,95,117,212,0.45
PBBS,27,36,63,0.43
PBBb,77,88,165,0.47
PBBh,5,5,10,0.5
PBBj,17,19,36,0.47
PBBl,33,43,76,0.43
PBBm,70,67,137,0.51
PBBn,101,86,187,0.54
PBBs,20,27,47,0.43
PBBt,10,7,17,0.59
PBDB,4,7,11,0.36
PBDD,3,5,8,0.38
PBDH,5,3,8,0.62
PBDI,2,0,2,1.0
PBDL,2,2,4,0.5
PBDM,6,9,15,0.4
PBDN,7,8,15,0.47
PBDP,8,5,13,0.62
PBDS,5,6,11,0.45
PBDb,5,13,18,0.28
PBDl,4,6,10,0.4
PBDm,14,9,23,0.61
PBDn,5,6,11,0.45
PBDs,3,7,10,0.3
PBDt,0,1,1,0.0
PBHB,2,0,2,1.0
PBHH,0,1,1,0.0
PBHL,0,0,0,
PBHM,1,0,1,1.0
PBHP,1,0,1,1.0
PBHS,2,0,2,1.0
PBHb,1,1,2,0.5
PBHm,1,1,2,0.5
PBHn,1,0,1,1.0
PBIM,1,0,1,1.0
PBIm,0,1,1,0.0
PBIn,0,1,1,0.0
PBKB,7,2,9,0.78
PBKD,0,1,1,0.0
PBKH,0,2,2,0.0
PBKI,0,1,1,0.0
PBKL,2,3,5,0.4
PBKM,8,8,16,0.5
PBKN,4,6,10,0.4
PBKP,11,10,21,0.52
PBKS,3,1,4,0.75
PBKb,5,5,10,0.5
PBKh,6,6,12,0.5
PBKl,2,2,4,0.5
PBKm,9,11,20,0.45
PBKn,5,6,11,0.45
PBKs,3,3,6,0.5
PBLB,24,29,53,0.45
PBLD,2,0,2,1.0
PBLH,0,1,1,0.0
PBLK,1,1,2,0.5
PBLL,10,16,26,0.38
PBLM,22,34,56,0.39
PBLN,22,30,52,0.42
PBLP,45,34,79,0.57
PBLS,13,20,33,0.39
PBLb,26,34,60,0.43
PBLh,5,17,22,0.23
PBLj,6,11,17,0.35
PBLl,16,17,33,0.48
PBLm,41,39,80,0.51
PBLn,23,34,57,0.4
PBLs,14,17,31,0.45
PBLt,6,4,10,0.6
PBMB,50,58,108,0.46
PBMD,6,5,11,0.55
PBMK,0,1,1,0.0
PBML,23,31,54,0.43
PBMM,56,60,116,0.48
PBMN,48,67,115,0.42
PBMP,87,86,173,0.5
PBMS,25,46,71,0.35
PBMb,74,66,140,0.53
PBMh,45,49,94,0.48
PBMj,14,16,30,0.47
PBMl,26,27,53,0.49
PBMm,64,68,132,0.48
PBMn,90,88,178,0.51
PBMs,47,24,71,0.66
PBMt,7,7,14,0.5
PBNB,63,55,118,0.53
PBND,7,9,16,0.44
PBNH,8,8,16,0.5
PBNI,0,1,1,0.0
PBNK,4,2,6,0.67
PBNL,31,29,60,0.52
PBNM,65,66,131,0.5
PBNN,65,90,155,0.42
PBNP,104,106,210,0.5
PBNS,35,48,83,0.42
PBNb,64,75,139,0.46
PBNh,25,17,42,0.6
PBNl,29,34,63,0.46
PBNm,66,52,118,0.56
PBNn,85,87,172,0.49
PBNs,43,38,81,0.53
PBNt,15,6,21,0.71
PBPB,69,92,161,0.43
PBPD,3,10,13,0.23
PBPH,27,24,51,0.53
PBPI,6,7,13,0.46
PBPK,9,10,19,0.47
PBPL,43,51,94,0.46
PBPM,73,93,166,0.44
PBPN,104,90,194,0.54
PBPP,142,158,300,0.47
PBPS,52,47,99,0.53
PBPb,116,83,199,0.58
PBPh,2,10,12,0.17
PBPl,53,40,93,0.57
PBPm,115,82,197,0.58
PBPn,84,70,154,0.55
PBPs,45,60,105,0.43
PBPt,8,4,12,0.67
PBSB,29,30,59,0.49
PBSD,0,7,7,0.0
PBSH,3,12,15,0.2
PBSI,4,1,5,0.8
PBSL,15,20,35,0.43
PBSM,44,40,84,0.52
PBSN,33,31,64,0.52
PBSP,44,54,98,0.45
PBSS,18,32,50,0.36
PBSb,34,31,65,0.52
PBSh,18,32,50,0.36
PBSl,19,24,43,0.44
PBSm,39,29,68,0.57
PBSn,33,32,65,0.51
PBSs,30,29,59,0.51
PBSt,5,5,10,0.5
PBbB,74,64,138,0.54
PBbD,2,6,8,0.25
PBbH,16,19,35,0.46
PBbI,9,4,13,0.69
PBbJ,17,15,32,0.53
PBbK,3,6,9,0.33
PBbL,34,40,74,0.46
PBbM,61,75,136,0.45
PBbN,84,85,169,0.5
PBbP,86,104,190,0.45
PBbS,31,46,77,0.4
PBbb,80,53,133,0.6
PBbl,43,29,72,0.6
PBbm,64,48,112,0.57
PBbn,78,52,130,0.6
PBbs,33,32,65,0.51
PBhB,10,7,17,0.59
PBhH,0,0,0,
PBhI,0,1,1,0.0
PBhL,5,3,8,0.62
PBhM,7,5,12,0.58
PBhN,7,5,12,0.58
PBhP,11,17,28,0.39
PBhS,5,7,12,0.42
PBhb,15,2,17,0.88
PBhh,7,7,14,0.5
PBhl,5,8,13,0.38
PBhm,8,9,17,0.47
PBhn,10,7,17,0.59
PBhs,7,2,9,0.78
PBht,0,1,1,0.0
PBjB,15,29,44,0.34
PBjD,2,0,2,1.0
PBjH,6,2,8,0.75
PBjI,3,2,5,0.6
PBjK,1,1,2,0.5
PBjL,10,14,24,0.42
PBjM,20,19,39,0.51
PBjN,15,14,29,0.52
PBjP,28,23,51,0.55
PBjS,11,20,31,0.35
PBjb,26,24,50,0.52
PBjh,0,3,3,0.0
PBjl,13,14,27,0.48
PBjm,14,13,27,0.52
PBjn,25,18,43,0.58
PBjs,13,11,24,0.54
PBjt,2,5,7,0.29
PBlB,34,21,55,0.62
PBlD,4,6,10,0.4
PBlH,11,15,26,0.42
PBlI,5,5,10,0.5
PBlJ,8,11,19,0.42
PBlK,3,1,4,0.75
PBlL,8,15,23,0.35
PBlM,33,36,69,0.48
PBlN,32,40,72,0.44
PBlP,37,41,78,0.47
PBlS,30,28,58,0.52
PBlb,26,21,47,0.55
PBll,11,8,19,0.58
PBlm,28,17,45,0.62
PBln,23,22,45,0.51
PBls,21,21,42,0.5
PBmB,45,59,104,0.43
PBmD,23,8,31,0.74
PBmH,55,38,93,0.59
PBmI,3,2,5,0.6
PBmJ,14,17,31,0.45
PBmK,0,3,3,0.0
PBmL,26,32,58,0.45
PBmM,64,83,147,0.44
PBmN,71,66,137,0.52
PBmP,86,99,185,0.46
PBmS,41,53,94,0.44
PBmb,79,70,149,0.53
PBml,28,24,52,0.54
PBmm,60,55,115,0.52
PBmn,55,61,116,0.47
PBms,32,37,69,0.46
PBnB,71,68,139,0.51
PBnD,11,8,19,0.58
PBnH,38,39,77,0.49
PBnI,14,14,28,0.5
PBnK,3,7,10,0.3
PBnL,31,30,61,0.51
PBnM,81,76,157,0.52
PBnN,94,100,194,0.48
PBnP,129,118,247,0.52
PBnS,49,63,112,0.44
PBnb,72,66,138,0.52
PBnh,2,3,5,0.4
PBnl,43,33,76,0.57
PBnm,72,71,143,0.5
PBnn,87,90,177,0.49
PBns,54,63,117,0.46
PBsB,28,30,58,0.48
PBsD,2,6,8,0.25
PBsH,30,24,54,0.56
PBsI,7,3,10,0.7
PBsK,1,0,1,1.0
PBsL,16,9,25,0.64
PBsM,34,34,68,0.5
PBsN,36,30,66,0.55
PBsP,41,51,92,0.45
PBsS,32,37,69,0.46
PBsb,30,30,60,0.5
PBsh,2,3,5,0.4
PBsl,10,22,32,0.31
PBsm,30,35,65,0.46
PBsn,27,25,52,0.52
PBss,25,22,47,0.53
PBtB,3,9,12,0.25
PBtD,1,2,3,0.33
PBtH,7,7,14,0.5
PBtK,0,1,1,0.0
PBtL,3,7,10,0.3
PBtM,10,14,24,0.42
PBtN,17,10,27,0.63
PBtP,19,16,35,0.54
PBtS,7,6,13,0.54
PBtb,23,6,29,0.79
PBtl,1,2,3,0.33
PBtm,6,12,18,0.33
PBtn,9,5,14,0.64
PBts,14,6,20,0.7
PBtt,4,1,5,0.8
PDBB,3,9,12,0.25
PDBD,2,2,4,0.5
PDBK,0,0,0,
PDBL,1,5,6,0.17
PDBM,4,6,10,0.4
PDBN,4,10,14,0.29
PDBP,8,8,16,0.5
PDBS,4,4,8,0.5
PDBb,7,5,12,0.58
PDBh,0,1,1,0.0
PDBj,2,1,3,0.67
PDBl,5,2,7,0.71
PDBm,10,7,17,0.59
PDBn,5,5,10,0.5
PDBs,3,4,7,0.43
PDBt,0,1,1,0.0
PDDB,2,3,5,0.4
PDDD,2,1,3,0.67
PDDH,1,1,2,0.5
PDDL,1,4,5,0.2
PDDM,6,5,11,0.55
PDDN,1,1,2,0.5
PDDP,0,2,2,0.0
PDDS,2,1,3,0.67
PDDb,2,0,2,1.0
PDDl,1,4,5,0.2
PDDm,3,8,11,0.27
PDDn,3,5,8,0.38
PDDs,0,1,1,0.0
PDHB,3,8,11,0.27
PDHD,1,1,2,0.5
PDHH,1,1,2,0.5
PDHI,1,0,1,1.0
PDHL,2,4,6,0.33
PDHM,11,12,23,0.48
PDHN,6,5,11,0.55
PDHP,9,12,21,0.43
PDHS,7,6,13,0.54
PDHb,8,5,13,0.62
PDHh,6,5,11,0.55
PDHl,3,1,4,0.75
PDHm,11,13,24,0.46
PDHn,8,5,13,0.62
PDHs,6,4,10,0.6
PDIB,1,2,3,0.33
PDID,0,1,1,0.0
PDIH,0,1,1,0.0
PDIL,0,1,1,0.0
PDIM,1,0,1,1.0
PDIN,1,0,1,1.0
PDIP,2,0,2,1.0
PDIb,1,0,1,1.0
PDIl,1,0,1,1.0
PDIs,0,1,1,0.0
PDKN,0,1,1,0.0
PDLB,4,3,7,0.57
PDLD,1,3,4,0.25
PDLK,0,1,1,0.0
PDLL,1,2,3,0.33
PDLM,1,9,10,0.1
PDLN,3,1,4,0.75
PDLP,7,8,15,0.47
PDLS,5,1,6,0.83
PDLb,5,2,7,0.71
PDLh,3,3,6,0.5
PDLj,2,0,2,1.0
PDLl,3,0,3,1.0
PDLm,7,3,10,0.7
PDLn,8,3,11,0.73
PDLs,1,1,2,0.5
PDLt,1,0,1,1.0
PDMB,9,12,21,0.43
PDMD,3,4,7,0.43
PDMH,0,0,0,
PDML,4,2,6,0.67
PDMM,15,19,34,0.44
PDMN,8,7,15,0.53
PDMP,6,14,20,0.3
PDMS,9,7,16,0.56
PDMb,9,13,22,0.41
PDMh,10,11,21,0.48
PDMj,1,1,2,0.5
PDMl,5,8,13,0.38
PDMm,11,15,26,0.42
PDMn,14,13,27,0.52
PDMs,3,7,10,0.3
PDMt,1,2,3,0.33
PDNB,6,10,16,0.38
PDND,2,1,3,0.67
PDNK,1,1,2,0.5
PDNL,2,2,4,0.5
PDNM,4,7,11,0.36
PDNN,8,11,19,0.42
PDNP,13,14,27,0.48
PDNS,5,9,14,0.36
PDNb,7,9,16,0.44
PDNh,1,2,3,0.33
PDNl,4,5,9,0.44
PDNm,7,9,16,0.44
PDNn,15,6,21,0.71
PDNs,6,5,11,0.55
PDNt,0,2,2,0.0
PDPB,11,11,22,0.5
PDPD,2,4,6,0.33
PDPH,2,2,4,0.5
PDPI,1,2,3,0.33
PDPK,1,0,1,1.0
PDPL,10,4,14,0.71
PDPM,11,18,29,0.38
PDPN,8,13,21,0.38
PDPP,18,20,38,0.47
PDPS,7,11,18,0.39
PDPb,10,15,25,0.4
PDPh,0,0,0,
PDPl,8,6,14,0.57
PDPm,20,12,32,0.62
PDPn,12,10,22,0.55
PDPs,14,13,27,0.52
PDPt,2,2,4,0.5
PDSB,6,6,12,0.5
PDSD,2,2,4,0.5
PDSH,2,1,3,0.67
PDSL,6,1,7,0.86
PDSM,6,8,14,0.43
PDSN,8,6,14,0.57
PDSP,10,12,22,0.45
PDSS,4,5,9,0.44
PDSb,7,3,10,0.7
PDSh,4,4,8,0.5
PDSl,1,5,6,0.17
PDSm,12,13,25,0.48
PDSn,9,8,17,0.53
PDSs,11,3,14,0.79
PDSt,2,0,2,1.0
PDbB,7,4,11,0.64
PDbD,1,4,5,0.2
PDbH,2,1,3,0.67
PDbJ,3,1,4,0.75
PDbK,1,0,1,1.0
PDbL,2,4,6,0.33
PDbM,12,16,28,0.43
PDbN,8,5,13,0.62
PDbP,8,9,17,0.47
PDbS,6,5,11,0.55
PDbb,8,9,17,0.47
PDbl,5,5,10,0.5
PDbm,8,8,16,0.5
PDbn,6,7,13,0.46
PDbs,6,4,10,0.6
PDhb,1,1,2,0.5
PDhn,1,0,1,1.0
PDhs,0,1,1,0.0
PDlB,7,4,11,0.64
PDlD,1,1,2,0.5
PDlH,0,2,2,0.0
PDlJ,0,2,2,0.0
PDlL,1,1,2,0.5
PDlM,7,2,9,0.78
PDlN,2,1,3,0.67
PDlP,3,2,5,0.6
PDlS,2,1,3,0.67
PDlb,8,2,10,0.8
PDll,1,3,4,0.25
PDlm,9,3,12,0.75
PDln,3,1,4,0.75
PDls,2,1,3,0.67
PDmB,12,8,20,0.6
PDmD,3,4,7,0.43
PDmH,6,13,19,0.32
PDmI,0,1,1,0.0
PDmJ,5,3,8,0.62
PDmL,5,9,14,0.36
PDmM,8,17,25,0.32
PDmN,12,8,20,0.6
PDmP,10,17,27,0.37
PDmS,11,8,19,0.58
PDmb,10,12,22,0.45
PDml,3,1,4,0.75
PDmm,8,12,20,0.4
PDmn,7,8,15,0.47
PDms,8,5,13,0.62
PDnB,2,10,12,0.17
PDnD,1,2,3,0.33
PDnH,3,2,5,0.6
PDnI,1,2,3,0.33
PDnK,0,0,0,
PDnL,3,1,4,0.75
PDnM,6,12,18,0.33
PDnN,8,8,16,0.5
PDnP,6,6,12,0.5
PDnS,9,8,17,0.53
PDnb,4,7,11,0.36
PDnh,1,0,1,1.0
PDnl,4,2,6,0.67
PDnm,3,6,9,0.33
PDnn,5,5,10,0.5
PDns,5,9,14,0.36
PDsB,5,8,13,0.38
PDsD,2,2,4,0.5
PDsH,8,9,17,0.47
PDsI,0,1,1,0.0
PDsL,3,1,4,0.75
PDsM,6,11,17,0.35
PDsN,10,4,14,0.71
PDsP,9,4,13,0.69
PDsS,8,11,19,0.42
PDsb,5,4,9,0.56
PDsl,2,5,7,0.29
PDsm,7,10,17,0.41
PDsn,5,4,9,0.56
PDss,4,12,16,0.25
PDst,0,0,0,
PDtB,4,2,6,0.67
PDtD,0,0,0,
PDtL,0,1,1,0.0
PDtM,1,0,1,1.0
PDtN,3,2,5,0.6
PDtP,4,1,5,0.8
PDtS,1,0,1,1.0
PDtb,0,0,0,
PDtl,0,1,1,0.0
PDtm,1,1,2,0.5
PDtn,1,1,2,0.5
PDts,1,0,1,1.0
PHBB,12,20,32,0.38
PHBD,2,1,3,0.67
PHBK,0,3,3,0.0
PHBL,5,9,14,0.36
PHBM,14,21,35,0.4
PHBN,18,18,36,0.5
PHBP,18,23,41,0.44
PHBS,8,11,19,0.42
PHBb,12,21,33,0.36
PHBh,4,2,6,0.67
PHBj,7,6,13,0.54
PHBl,13,16,29,0.45
PHBm,15,16,31,0.48
PHBn,16,20,36,0.44
PHBs,7,13,20,0.35
PHBt,0,3,3,0.0
PHDB,1,3,4,0.25
PHDD,0,2,2,0.0
PHDH,3,1,4,0.75
PHDL,1,1,2,0.5
PHDM,5,4,9,0.56
PHDN,3,1,4,0.75
PHDP,2,4,6,0.33
PHDS,7,2,9,0.78
PHDb,5,1,6,0.83
PHDl,0,3,3,0.0
PHDm,5,3,8,0.62
PHDn,1,3,4,0.25
PHDs,2,3,5,0.4
PHHB,4,1,5,0.8
PHHD,1,1,2,0.5
PHHH,3,2,5,0.6
PHHI,0,1,1,0.0
PHHK,0,2,2,0.0
PHHL,2,2,4,0.5
PHHM,4,5,9,0.44
PHHN,9,3,12,0.75
PHHP,5,9,14,0.36
PHHS,6,9,15,0.4
PHHb,2,4,6,0.33
PHHh,0,3,3,0.0
PHHl,2,0,2,1.0
PHHm,4,6,10,0.4
PHHn,4,1,5,0.8
PHHs,4,3,7,0.57
PHIB,3,3,6,0.5
PHID,1,0,1,1.0
PHIH,0,2,2,0.0
PHIL,1,1,2,0.5
PHIM,1,5,6,0.17
PHIN,2,2,4,0.5
PHIP,5,6,11,0.45
PHIS,4,1,5,0.8
PHIb,2,3,5,0.4
PHIl,1,0,1,1.0
PHIm,3,0,3,1.0
PHIn,0,1,1,0.0
PHIs,3,1,4,0.75
PHKB,2,3,5,0.4
PHKD,0,0,0,
PHKL,1,2,3,0.33
PHKM,4,1,5,0.8
PHKN,0,4,4,0.0
PHKP,2,4,6,0.33
PHKS,3,3,6,0.5
PHKb,3,0,3,1.0
PHKh,2,2,4,0.5
PHKl,0,1,1,0.0
PHKm,4,2,6,0.67
PHKn,3,1,4,0.75
PHKs,2,2,4,0.5
PHKt,0,0,0,
PHLB,6,8,14,0.43
PHLK,0,1,1,0.0
PHLL,2,4,6,0.33
PHLM,10,9,19,0.53
PHLN,7,10,17,0.41
PHLP,11,10,21,0.52
PHLS,10,10,20,0.5
PHLb,5,8,13,0.38
PHLh,6,5,11,0.55
PHLj,3,1,4,0.75
PHLl,7,3,10,0.7
PHLm,9,8,17,0.53
PHLn,6,20,26,0.23
PHLs,6,12,18,0.33
PHLt,0,3,3,0.0
PHMB,18,19,37,0.49
PHMD,2,3,5,0.4
PHMH,0,1,1,0.0
PHMI,1,0,1,1.0
PHMK,1,0,1,1.0
PHML,13,6,19,0.68
PHMM,21,27,48,0.44
PHMN,14,25,39,0.36
PHMP,31,27,58,0.53
PHMS,16,21,37,0.43
PHMb,20,24,44,0.45
PHMh,21,25,46,0.46
PHMj,6,2,8,0.75
PHMl,15,8,23,0.65
PHMm,22,22,44,0.5
PHMn,35,28,63,0.56
PHMs,16,16,32,0.5
PHMt,3,1,4,0.75
PHNB,17,23,40,0.42
PHND,4,2,6,0.67
PHNH,6,4,10,0.6
PHNI,1,1,2,0.5
PHNK,3,4,7,0.43
PHNL,12,4,16,0.75
PHNM,28,38,66,0.42
PHNN,28,26,54,0.52
PHNP,44,43,87,0.51
PHNS,9,19,28,0.32
PHNb,27,22,49,0.55
PHNh,5,10,15,0.33
PHNl,11,14,25,0.44
PHNm,26,22,48,0.54
PHNn,23,28,51,0.45
PHNs,22,10,32,0.69
PHNt,8,5,13,0.62
PHPB,23,24,47,0.49
PHPD,3,0,3,1.0
PHPH,5,13,18,0.28
PHPI,3,6,9,0.33
PHPK,6,2,8,0.75
PHPL,10,23,33,0.3
PHPM,43,35,78,0.55
PHPN,32,40,72,0.44
PHPP,46,70,116,0.4
PHPS,27,21,48,0.56
PHPb,38,25,63,0.6
PHPh,6,5,11,0.55
PHPl,28,20,48,0.58
PHPm,34,25,59,0.58
PHPn,38,30,68,0.56
PHPs,27,21,48,0.56
PHPt,2,3,5,0.4
PHSB,8,13,21,0.38
PHSD,1,1,2,0.5
PHSH,6,5,11,0.55
PHSI,0,1,1,0.0
PHSK,1,2,3,0.33
PHSL,12,6,18,0.67
PHSM,21,22,43,0.49
PHSN,16,17,33,0.48
PHSP,15,22,37,0.41
PHSS,18,19,37,0.49
PHSb,15,17,32,0.47
PHSh,18,11,29,0.62
PHSl,11,12,23,0.48
PHSm,14,14,28,0.5
PHSn,18,15,33,0.55
PHSs,28,22,50,0.56
PHSt,6,3,9,0.67
PHbB,19,17,36,0.53
PHbD,0,4,4,0.0
PHbH,6,3,9,0.67
PHbI,2,1,3,0.67
PHbJ,5,1,6,0.83
PHbK,1,1,2,0.5
PHbL,7,9,16,0.44
PHbM,19,18,37,0.51
PHbN,32,27,59,0.54
PHbP,41,22,63,0.65
PHbS,13,11,24,0.54
PHbb,25,18,43,0.58
PHbl,12,8,20,0.6
PHbm,22,11,33,0.67
PHbn,14,10,24,0.58
PHbs,12,12,24,0.5
PHhB,6,7,13,0.46
PHhD,0,2,2,0.0
PHhH,1,3,4,0.25
PHhK,0,1,1,0.0
PHhL,0,4,4,0.0
PHhM,4,2,6,0.67
PHhN,3,6,9,0.33
PHhP,12,10,22,0.55
PHhS,4,8,12,0.33
PHhb,10,6,16,0.62
PHhh,6,7,13,0.46
PHhl,6,2,8,0.75
PHhm,6,7,13,0.46
PHhn,12,13,25,0.48
PHhs,7,10,17,0.41
PHht,1,0,1,1.0
PHlB,7,8,15,0.47
PHlD,5,0,5,1.0
PHlH,9,4,13,0.69
PHlI,1,0,1,1.0
PHlJ,1,4,5,0.2
PHlK,1,0,1,1.0
PHlL,5,6,11,0.45
PHlM,20,13,33,0.61
PHlN,15,14,29,0.52
PHlP,9,21,30,0.3
PHlS,8,10,18,0.44
PHlb,12,15,27,0.44
PHlh,1,0,1,1.0
PHll,6,8,14,0.43
PHlm,10,2,12,0.83
PHln,4,12,16,0.25
PHls,5,6,11,0.45
PHmB,15,24,39,0.38
PHmD,3,4,7,0.43
PHmH,10,19,29,0.34
PHmI,0,1,1,0.0
PHmJ,6,0,6,1.0
PHmL,7,7,14,0.5
PHmM,13,34,47,0.28
PHmN,21,21,42,0.5
PHmP,23,24,47,0.49
PHmS,20,16,36,0.56
PHmb,23,21,44,0.52
PHml,7,7,14,0.5
PHmm,25,12,37,0.68
PHmn,21,26,47,0.45
PHms,12,14,26,0.46
PHnB,12,17,29,0.41
PHnD,4,0,4,1.0
PHnH,9,19,28,0.32
PHnI,4,2,6,0.67
PHnK,1,3,4,0.25
PHnL,9,7,16,0.56
PHnM,30,28,58,0.52
PHnN,25,36,61,0.41
PHnP,47,47,94,0.5
PHnS,23,27,50,0.46
PHnb,20,23,43,0.47
PHnh,0,3,3,0.0
PHnl,12,9,21,0.57
PHnm,17,22,39,0.44
PHnn,31,25,56,0.55
PHns,23,17,40,0.57
PHsB,20,9,29,0.69
PHsD,2,1,3,0.67
PHsH,13,18,31,0.42
PHsI,5,1,6,0.83
PHsK,3,0,3,1.0
PHsL,7,5,12,0.58
PHsM,25,24,49,0.51
PHsN,23,21,44,0.52
PHsP,29,26,55,0.53
PHsS,31,25,56,0.55
PHsb,16,14,30,0.53
PHsh,2,3,5,0.4
PHsl,5,14,19,0.26
PHsm,27,20,47,0.57
PHsn,19,12,31,0.61
PHss,14,14,28,0.5
PHtB,0,2,2,0.0
PHtH,0,1,1,0.0
PHtK,1,0,1,1.0
PHtL,0,1,1,0.0
PHtM,1,2,3,0.33
PHtN,1,0,1,1.0
PHtP,1,3,4,0.25
PHtS,2,1,3,0.67
PHtb,0,2,2,0.0
PHth,1,0,1,1.0
PHtl,1,0,1,1.0
PHtm,1,2,3,0.33
PHtn,0,0,0,
PHts,1,1,2,0.5
PIBB,7,7,14,0.5
PIBD,1,0,1,1.0
PIBH,0,1,1,0.0
PIBK,1,0,1,1.0
PIBL,2,1,3,0.67
PIBM,5,4,9,0.56
PIBN,6,6,12,0.5
PIBP,6,8,14,0.43
PIBS,5,3,8,0.62
PIBb,4,6,10,0.4
PIBh,2,0,2,1.0
PIBj,1,0,1,1.0
PIBl,6,5,11,0.55
PIBm,7,10,17,0.41
PIBn,10,5,15,0.67
PIBs,0,2,2,0.0
PIBt,0,1,1,0.0
PIDB,1,0,1,1.0
PIDH,1,3,4,0.25
PIDL,0,1,1,0.0
PIDN,0,3,3,0.0
PIDP,0,1,1,0.0
PIDS,6,1,7,0.86
PIDb,1,0,1,1.0
PIDl,3,2,5,0.6
PIDm,4,1,5,0.8
PIDn,0,2,2,0.0
PIHB,3,4,7,0.43
PIHD,1,1,2,0.5
PIHH,2,0,2,1.0
PIHL,2,3,5,0.4
PIHM,5,5,10,0.5
PIHN,1,5,6,0.17
PIHP,8,10,18,0.44
PIHS,2,7,9,0.22
PIHb,1,5,6,0.17
PIHh,1,3,4,0.25
PIHl,5,1,6,0.83
PIHm,7,7,14,0.5
PIHn,1,6,7,0.14
PIHs,1,6,7,0.14
PIHt,1,0,1,1.0
PIIB,1,1,2,0.5
PIID,0,1,1,0.0
PIIH,1,1,2,0.5
PIIM,0,2,2,0.0
PIIN,0,2,2,0.0
PIIS,0,0,0,
PIIb,1,2,3,0.33
PIIm,1,0,1,1.0
PIIn,0,2,2,0.0
PIKL,1,0,1,1.0
PIKn,1,0,1,1.0
PILB,5,4,9,0.56
PILD,0,1,1,0.0
PILK,1,2,3,0.33
PILL,3,2,5,0.6
PILM,3,9,12,0.25
PILN,6,3,9,0.67
PILP,4,3,7,0.57
PILS,3,5,8,0.38
PILb,3,2,5,0.6
PILh,0,1,1,0.0
PILj,0,2,2,0.0
PILl,2,0,2,1.0
PILm,3,4,7,0.43
PILn,3,0,3,1.0
PILs,3,1,4,0.75
PILt,1,2,3,0.33
PIMB,7,11,18,0.39
PIMD,1,2,3,0.33
PIML,4,2,6,0.67
PIMM,8,10,18,0.44
PIMN,4,7,11,0.36
PIMP,9,7,16,0.56
PIMS,2,2,4,0.5
PIMb,3,3,6,0.5
PIMh,6,7,13,0.46
PIMj,0,1,1,0.0
PIMl,3,3,6,0.5
PIMm,11,5,16,0.69
PIMn,7,12,19,0.37
PIMs,6,4,10,0.6
PIMt,2,1,3,0.67
PINB,4,6,10,0.4
PIND,1,0,1,1.0
PINH,1,0,1,1.0
PINK,1,1,2,0.5
PINL,6,4,10,0.6
PINM,4,8,12,0.33
PINN,8,6,14,0.57
PINP,10,9,19,0.53
PINS,7,4,11,0.64
PINb,7,4,11,0.64
PINh,1,1,2,0.5
PINl,5,3,8,0.62
PINm,9,4,13,0.69
PINn,2,13,15,0.13
PINs,4,6,10,0.4
PINt,3,1,4,0.75
PIPB,10,9,19,0.53
PIPD,0,1,1,0.0
PIPH,3,4,7,0.43
PIPI,1,2,3,0.33
PIPK,0,0,0,
PIPL,4,11,15,0.27
PIPM,14,14,28,0.5
PIPN,5,6,11,0.45
PIPP,9,19,28,0.32
PIPS,3,10,13,0.23
PIPb,7,10,17,0.41
PIPh,2,3,5,0.4
PIPl,4,8,12,0.33
PIPm,10,6,16,0.62
PIPn,4,5,9,0.44
PIPs,8,8,16,0.5
PIPt,2,1,3,0.67
PISB,4,5,9,0.44
PISH,2,5,7,0.29
PISI,0,1,1,0.0
PISK,0,0,0,
PISL,7,2,9,0.78
PISM,3,6,9,0.33
PISN,5,2,7,0.71
PISP,7,4,11,0.64
PISS,9,6,15,0.6
PISb,5,8,13,0.38
PISh,4,2,6,0.67
PISl,1,3,4,0.25
PISm,3,3,6,0.5
PISn,6,4,10,0.6
PISs,9,5,14,0.64
PISt,3,1,4,0.75
PIbB,6,5,11,0.55
PIbD,0,1,1,0.0
PIbH,2,2,4,0.5
PIbI,2,0,2,1.0
PIbJ,6,2,8,0.75
PIbK,1,1,2,0.5
PIbL,4,2,6,0.67
PIbM,7,10,17,0.41
PIbN,4,3,7,0.57
PIbP,16,9,25,0.64
PIbS,2,7,9,0.22
PIbb,7,9,16,0.44
PIbl,4,4,8,0.5
PIbm,9,3,12,0.75
PIbn,8,3,11,0.73
PIbs,3,0,3,1.0
PIhM,1,0,1,1.0
PIhS,1,0,1,1.0
PIhh,0,1,1,0.0
PIhl,0,1,1,0.0
PIlB,2,4,6,0.33
PIlD,0,1,1,0.0
PIlH,2,2,4,0.5
PIlI,0,1,1,0.0
PIlJ,2,0,2,1.0
PIlL,1,2,3,0.33
PIlM,3,2,5,0.6
PIlN,2,1,3,0.67
PIlP,4,3,7,0.57
PIlS,0,2,2,0.0
PIlb,5,2,7,0.71
PIll,4,1,5,0.8
PIlm,1,2,3,0.33
PIln,0,3,3,0.0
PIls,1,1,2,0.5
PImB,5,6,11,0.45
PImD,0,1,1,0.0
PImH,7,2,9,0.78
PImI,1,0,1,1.0
PImL,3,4,7,0.43
PImM,11,7,18,0.61
PImN,9,2,11,0.82
PImP,10,9,19,0.53
PImS,8,4,12,0.67
PImb,11,10,21,0.52
PIml,3,1,4,0.75
PImm,3,5,8,0.38
PImn,5,4,9,0.56
PIms,1,5,6,0.17
PInB,3,5,8,0.38
PInH,4,3,7,0.57
PInI,1,0,1,1.0
PInK,0,1,1,0.0
PInL,1,3,4,0.25
PInM,7,4,11,0.64
PInN,7,9,16,0.44
PInP,11,4,15,0.73
PInS,7,3,10,0.7
PInb,6,7,13,0.46
PInl,1,2,3,0.33
PInm,6,2,8,0.75
PInn,3,6,9,0.33
PIns,1,3,4,0.25
PIsB,4,1,5,0.8
PIsD,0,0,0,
PIsH,3,3,6,0.5
PIsI,0,1,1,0.0
PIsK,0,1,1,0.0
PIsL,3,1,4,0.75
PIsM,2,3,5,0.4
PIsN,0,3,3,0.0
PIsP,6,3,9,0.67
PIsS,6,5,11,0.55
PIsb,1,3,4,0.25
PIsl,3,3,6,0.5
PIsm,8,3,11,0.73
PIsn,2,0,2,1.0
PIss,2,3,5,0.4
PItD,0,1,1,0.0
PItH,1,0,1,1.0
PItN,1,0,1,1.0
PItP,1,1,2,0.5
PItS,0,0,0,
PItm,2,0,2,1.0
PItn,0,0,0,
PKBB,9,6,15,0.6
PKBD,0,4,4,0.0
PKBK,0,1,1,0.0
PKBL,3,3,6,0.5
PKBM,7,11,18,0.39
PKBN,5,1,6,0.83
PKBP,1,9,10,0.1
PKBS,0,8,8,0.0
PKBb,9,6,15,0.6
PKBh,2,0,2,1.0
PKBj,0,2,2,0.0
PKBl,6,5,11,0.55
PKBm,9,9,18,0.5
PKBn,7,8,15,0.47
PKBs,4,5,9,0.44
PKBt,1,0,1,1.0
PKDB,2,3,5,0.4
PKDD,0,1,1,0.0
PKDH,0,3,3,0.0
PKDM,0,2,2,0.0
PKDN,0,1,1,0.0
PKDP,1,1,2,0.5
PKDS,2,0,2,1.0
PKDb,2,0,2,1.0
PKDl,1,3,4,0.25
PKDm,2,0,2,1.0
PKDn,2,2,4,0.5
PKDs,1,1,2,0.5
PKHB,0,2,2,0.0
PKHI,1,0,1,1.0
PKHM,1,1,2,0.5
PKHN,1,1,2,0.5
PKHP,2,1,3,0.67
PKHS,2,2,4,0.5
PKHb,1,0,1,1.0
PKHn,0,3,3,0.0
PKHs,3,1,4,0.75
PKIB,1,1,2,0.5
PKIL,1,0,1,1.0
PKIP,1,0,1,1.0
PKIS,1,0,1,1.0
PKIb,2,1,3,0.67
PKIl,0,0,0,
PKIm,2,0,2,1.0
PKIn,0,1,1,0.0
PKIs,0,1,1,0.0
PKKh,0,1,1,0.0
PKKn,1,1,2,0.5
PKLB,10,2,12,0.83
PKLD,1,0,1,1.0
PKLL,3,4,7,0.43
PKLM,5,6,11,0.45
PKLN,1,3,4,0.25
PKLP,9,6,15,0.6
PKLS,6,2,8,0.75
PKLb,4,0,4,1.0
PKLh,0,0,0,
PKLj,1,2,3,0.33
PKLl,7,3,10,0.7
PKLm,1,4,5,0.2
PKLn,4,3,7,0.57
PKLs,3,3,6,0.5
PKMB,9,13,22,0.41
PKMD,1,2,3,0.33
PKMK,0,1,1,0.0
PKML,6,4,10,0.6
PKMM,12,15,27,0.44
PKMN,9,4,13,0.69
PKMP,14,11,25,0.56
PKMS,9,7,16,0.56
PKMb,7,14,21,0.33
PKMh,7,11,18,0.39
PKMj,1,3,4,0.25
PKMl,9,7,16,0.56
PKMm,14,10,24,0.58
PKMn,8,7,15,0.53
PKMs,3,7,10,0.3
PKMt,4,3,7,0.57
PKNB,4,3,7,0.57
PKND,0,1,1,0.0
PKNH,0,1,1,0.0
PKNK,0,1,1,0.0
PKNL,3,0,3,1.0
PKNM,4,9,13,0.31
PKNN,3,8,11,0.27
PKNP,10,14,24,0.42
PKNS,6,4,10,0.6
PKNb,5,8,13,0.38
PKNh,3,1,4,0.75
PKNl,3,5,8,0.38
PKNm,8,7,15,0.53
PKNn,4,5,9,0.44
PKNs,7,6,13,0.54
PKNt,2,2,4,0.5
PKPB,9,8,17,0.53
PKPD,3,1,4,0.75
PKPH,0,1,1,0.0
PKPI,1,0,1,1.0
PKPK,1,1,2,0.5
PKPL,9,7,16,0.56
PKPM,14,18,32,0.44
PKPN,6,13,19,0.32
PKPP,20,12,32,0.62
PKPS,10,16,26,0.38
PKPb,18,16,34,0.53
PKPh,4,3,7,0.57
PKPl,4,7,11,0.36
PKPm,10,11,21,0.48
PKPn,3,6,9,0.33
PKPs,5,7,12,0.42
PKPt,0,2,2,0.0
PKSB,2,6,8,0.25
PKSD,1,2,3,0.33
PKSH,1,2,3,0.33
PKSI,0,1,1,0.0
PKSL,4,1,5,0.8
PKSM,7,10,17,0.41
PKSN,3,4,7,0.43
PKSP,5,6,11,0.45
PKSS,9,9,18,0.5
PKSb,7,5,12,0.58
PKSh,4,3,7,0.57
PKSl,4,5,9,0.44
PKSm,7,7,14,0.5
PKSn,3,5,8,0.38
PKSs,3,4,7,0.43
PKSt,0,0,0,
PKbB,11,5,16,0.69
PKbD,1,0,1,1.0
PKbH,0,2,2,0.0
PKbJ,1,3,4,0.25
PKbK,1,2,3,0.33
PKbL,2,5,7,0.29
PKbM,8,10,18,0.44
PKbN,12,11,23,0.52
PKbP,12,14,26,0.46
PKbS,6,5,11,0.55
PKbb,9,11,20,0.45
PKbl,1,4,5,0.2
PKbm,8,4,12,0.67
PKbn,7,9,16,0.44
PKbs,7,3,10,0.7
PKhB,9,4,13,0.69
PKhD,2,2,4,0.5
PKhH,1,1,2,0.5
PKhL,2,6,8,0.25
PKhM,11,6,17,0.65
PKhN,1,5,6,0.17
PKhP,10,9,19,0.53
PKhS,5,6,11,0.45
PKhb,9,11,20,0.45
PKhh,4,8,12,0.33
PKhl,5,6,11,0.45
PKhm,5,10,15,0.33
PKhn,7,7,14,0.5
PKhs,1,5,6,0.17
PKht,0,1,1,0.0
PKlB,6,4,10,0.6
PKlD,4,1,5,0.8
PKlH,2,1,3,0.67
PKlI,1,1,2,0.5
PKlJ,1,1,2,0.5
PKlL,1,2,3,0.33
PKlM,5,5,10,0.5
PKlN,11,5,16,0.69
PKlP,8,5,13,0.62
PKlS,4,3,7,0.57
PKlb,6,6,12,0.5
PKll,5,0,5,1.0
PKlm,8,4,12,0.67
PKln,4,3,7,0.57
PKls,4,5,9,0.44
PKmB,9,9,18,0.5
PKmD,4,1,5,0.8
PKmH,8,4,12,0.67
PKmI,0,1,1,0.0
PKmJ,5,1,6,0.83
PKmL,2,5,7,0.29
PKmM,15,10,25,0.6
PKmN,10,7,17,0.59
PKmP,13,4,17,0.76
PKmS,7,10,17,0.41
PKmb,11,11,22,0.5
PKml,8,3,11,0.73
PKmm,8,14,22,0.36
PKmn,3,5,8,0.38
PKms,13,7,20,0.65
PKnB,7,5,12,0.58
PKnD,0,0,0,
PKnH,4,6,10,0.4
PKnI,2,0,2,1.0
PKnK,1,1,2,0.5
PKnL,3,2,5,0.6
PKnM,10,9,19,0.53
PKnN,6,13,19,0.32
PKnP,14,12,26,0.54
PKnS,8,4,12,0.67
PKnb,10,7,17,0.59
PKnl,9,2,11,0.82
PKnm,6,10,16,0.38
PKnn,5,6,11,0.45
PKns,1,12,13,0.08
PKsB,9,3,12,0.75
PKsD,2,4,6,0.33
PKsH,4,9,13,0.31
PKsI,2,0,2,1.0
PKsK,0,2,2,0.0
PKsL,6,4,10,0.6
PKsM,7,4,11,0.64
PKsN,4,4,8,0.5
PKsP,9,10,19,0.47
PKsS,9,6,15,0.6
PKsb,11,7,18,0.61
PKsh,1,1,2,0.5
PKsl,1,9,10,0.1
PKsm,11,1,12,0.92
PKsn,4,2,6,0.67
PKss,4,8,12,0.33
PKtB,1,0,1,1.0
PKtD,1,0,1,1.0
PKtH,1,0,1,1.0
PKtL,0,1,1,0.0
PKtM,1,2,3,0.33
PKtN,2,0,2,1.0
PKtP,1,0,1,1.0
PKtS,0,1,1,0.0
PKtb,1,0,1,1.0
PKth,1,0,1,1.0
PKtl,0,0,0,
PKtm,1,1,2,0.5
PKts,0,1,1,0.0
PLBB,30,35,65,0.46
PLBD,6,2,8,0.75
PLBH,0,2,2,0.0
PLBK,4,2,6,0.67
PLBL,4,19,23,0.17
PLBM,22,30,52,0.42
PLBN,41,31,72,0.57
PLBP,42,54,96,0.44
PLBS,15,16,31,0.48
PLBb,38,30,68,0.56
PLBh,4,6,10,0.4
PLBj,8,11,19,0.42
PLBl,22,19,41,0.54
PLBm,25,25,50,0.5
PLBn,39,43,82,0.48
PLBs,12,17,29,0.41
PLBt,2,4,6,0.33
PLDB,4,4,8,0.5
PLDD,0,3,3,0.0
PLDH,2,4,6,0.33
PLDL,2,1,3,0.67
PLDM,2,3,5,0.4
PLDN,1,3,4,0.25
PLDP,10,4,14,0.71
PLDS,4,2,6,0.67
PLDb,0,3,3,0.0
PLDh,1,0,1,1.0
PLDl,2,1,3,0.67
PLDm,3,5,8,0.38
PLDn,2,1,3,0.67
PLDs,1,2,3,0.33
PLHB,2,1,3,0.67
PLHM,1,2,3,0.33
PLHN,0,1,1,0.0
PLHP,1,2,3,0.33
PLHS,1,0,1,1.0
PLHb,1,1,2,0.5
PLHh,0,0,0,
PLHm,1,1,2,0.5
PLHs,0,1,1,0.0
PLIB,0,1,1,0.0
PLIH,0,1,1,0.0
PLKB,2,1,3,0.67
PLKI,0,1,1,0.0
PLKL,1,2,3,0.33
PLKM,2,3,5,0.4
PLKN,1,3,4,0.25
PLKP,2,2,4,0.5
PLKS,0,1,1,0.0
PLKb,2,3,5,0.4
PLKh,1,2,3,0.33
PLKl,1,1,2,0.5
PLKm,2,2,4,0.5
PLKn,3,2,5,0.6
PLKs,2,1,3,0.67
PLLB,13,22,35,0.37
PLLD,1,1,2,0.5
PLLH,1,0,1,1.0
PLLK,1,0,1,1.0
PLLL,7,8,15,0.47
PLLM,17,14,31,0.55
PLLN,21,7,28,0.75
PLLP,28,28,56,0.5
PLLS,12,11,23,0.52
PLLb,10,21,31,0.32
PLLh,7,5,12,0.58
PLLj,5,6,11,0.45
PLLl,7,9,16,0.44
PLLm,18,17,35,0.51
PLLn,19,17,36,0.53
PLLs,13,8,21,0.62
PLLt,2,1,3,0.67
PLMB,43,39,82,0.52
PLMD,3,5,8,0.38
PLML,18,18,36,0.5
PLMM,40,32,72,0.56
PLMN,29,35,64,0.45
PLMP,49,45,94,0.52
PLMS,19,18,37,0.51
PLMb,36,42,78,0.46
PLMh,30,36,66,0.45
PLMj,11,5,16,0.69
PLMl,6,28,34,0.18
PLMm,32,36,68,0.47
PLMn,50,42,92,0.54
PLMs,20,14,34,0.59
PLMt,3,7,10,0.3
PLNB,31,30,61,0.51
PLND,1,5,6,0.17
PLNH,4,5,9,0.44
PLNI,1,0,1,1.0
PLNK,3,3,6,0.5
PLNL,12,13,25,0.48
PLNM,31,25,56,0.55
PLNN,28,31,59,0.47
PLNP,39,50,89,0.44
PLNS,25,20,45,0.56
PLNb,38,24,62,0.61
PLNh,9,9,18,0.5
PLNl,24,11,35,0.69
PLNm,29,27,56,0.52
PLNn,41,33,74,0.55
PLNs,23,14,37,0.62
PLNt,7,5,12,0.58
PLPB,45,34,79,0.57
PLPD,6,1,7,0.86
PLPH,12,15,27,0.44
PLPI,4,1,5,0.8
PLPK,3,4,7,0.43
PLPL,36,31,67,0.54
PLPM,58,54,112,0.52
PLPN,41,47,88,0.47
PLPP,85,74,159,0.53
PLPS,36,27,63,0.57
PLPb,48,51,99,0.48
PLPh,4,2,6,0.67
PLPl,37,31,68,0.54
PLPm,55,37,92,0.6
PLPn,41,37,78,0.53
PLPs,40,36,76,0.53
PLPt,5,3,8,0.62
PLSB,25,16,41,0.61
PLSD,3,2,5,0.6
PLSH,6,7,13,0.46
PLSI,0,0,0,
PLSK,3,0,3,1.0
PLSL,13,15,28,0.46
PLSM,32,17,49,0.65
PLSN,31,23,54,0.57
PLSP,35,37,72,0.49
PLSS,29,30,59,0.49
PLSb,24,16,40,0.6
PLSh,14,16,30,0.47
PLSl,22,12,34,0.65
PLSm,31,24,55,0.56
PLSn,13,20,33,0.39
PLSs,15,18,33,0.45
PLSt,1,7,8,0.12
PLbB,45,26,71,0.63
PLbD,2,2,4,0.5
PLbH,10,8,18,0.56
PLbI,5,4,9,0.56
PLbJ,5,5,10,0.5
PLbK,1,4,5,0.2
PLbL,12,15,27,0.44
PLbM,33,36,69,0.48
PLbN,51,42,93,0.55
PLbP,51,51,102,0.5
PLbS,26,26,52,0.5
PLbb,41,34,75,0.55
PLbl,29,8,37,0.78
PLbm,40,23,63,0.63
PLbn,42,28,70,0.6
PLbs,29,23,52,0.56
PLhB,19,16,35,0.54
PLhD,1,2,3,0.33
PLhH,3,1,4,0.75
PLhL,4,5,9,0.44
PLhM,20,19,39,0.51
PLhN,6,11,17,0.35
PLhP,22,18,40,0.55
PLhS,11,9,20,0.55
PLhb,18,14,32,0.56
PLhh,10,10,20,0.5
PLhl,8,8,16,0.5
PLhm,22,12,34,0.65
PLhn,6,18,24,0.25
PLhs,18,19,37,0.49
PLht,3,2,5,0.6
PLjB,11,8,19,0.58
PLjH,0,2,2,0.0
PLjI,1,0,1,1.0
PLjL,9,10,19,0.47
PLjM,5,12,17,0.29
PLjN,11,10,21,0.52
PLjP,16,19,35,0.46
PLjS,6,7,13,0.46
PLjb,14,6,20,0.7
PLjh,5,8,13,0.38
PLjl,7,5,12,0.58
PLjm,11,10,21,0.52
PLjn,8,14,22,0.36
PLjs,5,5,10,0.5
PLjt,2,0,2,1.0
PLlB,19,22,41,0.46
PLlD,1,1,2,0.5
PLlH,17,11,28,0.61
PLlI,0,0,0,
PLlJ,5,5,10,0.5
PLlK,1,0,1,1.0
PLlL,10,19,29,0.34
PLlM,29,25,54,0.54
PLlN,27,20,47,0.57
PLlP,31,35,66,0.47
PLlS,15,12,27,0.56
PLlb,26,24,50,0.52
PLll,10,14,24,0.42
PLlm,22,18,40,0.55
PLln,13,19,32,0.41
PLls,16,20,36,0.44
PLmB,32,32,64,0.5
PLmD,10,7,17,0.59
PLmH,27,30,57,0.47
PLmI,1,5,6,0.17
PLmJ,7,8,15,0.47
PLmK,0,2,2,0.0
PLmL,14,16,30,0.47
PLmM,39,40,79,0.49
PLmN,39,43,82,0.48
PLmP,56,45,101,0.55
PLmS,29,33,62,0.47
PLmb,29,44,73,0.4
PLml,24,15,39,0.62
PLmm,30,22,52,0.58
PLmn,44,28,72,0.61
PLms,19,21,40,0.48
PLnB,37,33,70,0.53
PLnD,7,4,11,0.64
PLnH,16,18,34,0.47
PLnI,5,3,8,0.62
PLnK,5,1,6,0.83
PLnL,18,19,37,0.49
PLnM,42,51,93,0.45
PLnN,51,46,97,0.53
PLnP,86,57,143,0.6
PLnS,40,36,76,0.53
PLnb,43,49,92,0.47
PLnh,2,1,3,0.67
PLnl,28,21,49,0.57
PLnm,45,46,91,0.49
PLnn,60,46,106,0.57
PLns,28,39,67,0.42
PLsB,16,19,35,0.46
PLsD,4,4,8,0.5
PLsH,14,16,30,0.47
PLsI,5,1,6,0.83
PLsK,0,1,1,0.0
PLsL,12,9,21,0.57
PLsM,25,20,45,0.56
PLsN,19,20,39,0.49
PLsP,38,30,68,0.56
PLsS,29,24,53,0.55
PLsb,18,19,37,0.49
PLsh,0,1,1,0.0
PLsl,10,13,23,0.43
PLsm,23,19,42,0.55
PLsn,22,15,37,0.59
PLss,14,20,34,0.41
PLst,1,0,1,1.0
PLtB,8,6,14,0.57
PLtD,1,1,2,0.5
PLtH,2,1,3,0.67
PLtI,0,1,1,0.0
PLtL,2,1,3,0.67
PLtM,8,7,15,0.53
PLtN,8,9,17,0.47
PLtP,6,10,16,0.38
PLtS,1,2,3,0.33
PLtb,6,5,11,0.55
PLtl,3,3,6,0.5
PLtm,10,5,15,0.67
PLtn,6,5,11,0.55
PLts,4,7,11,0.36
PLtt,2,1,3,0.67
PMBB,92,84,176,0.52
PMBD,8,2,10,0.8
PMBH,1,0,1,1.0
PMBK,7,4,11,0.64
PMBL,27,30,57,0.47
PMBM,72,78,150,0.48
PMBN,90,84,174,0.52
PMBP,95,128,223,0.43
PMBS,31,40,71,0.44
PMBb,87,94,181,0.48
PMBh,10,13,23,0.43
PMBj,21,23,44,0.48
PMBl,26,40,66,0.39
PMBm,83,70,153,0.54
PMBn,96,81,177,0.54
PMBs,35,42,77,0.45
PMBt,4,10,14,0.29
PMDB,17,10,27,0.63
PMDD,1,4,5,0.2
PMDH,3,4,7,0.43
PMDI,0,1,1,0.0
PMDL,5,1,6,0.83
PMDM,10,17,27,0.37
PMDN,7,12,19,0.37
PMDP,14,6,20,0.7
PMDS,10,8,18,0.56
PMDb,5,14,19,0.26
PMDl,6,4,10,0.6
PMDm,13,15,28,0.46
PMDn,8,11,19,0.42
PMDs,9,8,17,0.53
PMDt,1,0,1,1.0
PMHB,1,0,1,1.0
PMHH,0,1,1,0.0
PMHK,0,0,0,
PMHL,0,1,1,0.0
PMHM,1,0,1,1.0
PMHP,4,1,5,0.8
PMHS,2,0,2,1.0
PMHn,1,0,1,1.0
PMHs,0,0,0,
PMIL,0,1,1,0.0
PMIM,0,1,1,0.0
PMIn,0,1,1,0.0
PMKB,1,1,2,0.5
PMKD,1,0,1,1.0
PMKI,0,1,1,0.0
PMKL,0,1,1,0.0
PMKM,0,1,1,0.0
PMKN,1,0,1,1.0
PMKP,1,3,4,0.25
PMKS,0,1,1,0.0
PMKb,1,0,1,1.0
PMKh,1,0,1,1.0
PMKm,1,1,2,0.5
PMKn,3,1,4,0.75
PMLB,29,31,60,0.48
PMLD,2,1,3,0.67
PMLH,2,0,2,1.0
PMLK,1,0,1,1.0
PMLL,10,11,21,0.48
PMLM,21,34,55,0.38
PMLN,35,33,68,0.51
PMLP,39,41,80,0.49
PMLS,14,25,39,0.36
PMLb,30,34,64,0.47
PMLh,12,14,26,0.46
PMLj,15,9,24,0.62
PMLl,19,11,30,0.63
PMLm,27,30,57,0.47
PMLn,38,52,90,0.42
PMLs,14,19,33,0.42
PMLt,1,6,7,0.14
PMMB,68,85,153,0.44
PMMD,14,7,21,0.67
PMMH,0,1,1,0.0
PMMK,2,1,3,0.67
PMML,25,23,48,0.52
PMMM,83,75,158,0.53
PMMN,68,87,155,0.44
PMMP,101,131,232,0.44
PMMS,52,48,100,0.52
PMMb,96,79,175,0.55
PMMh,59,75,134,0.44
PMMj,19,22,41,0.46
PMMl,33,33,66,0.5
PMMm,94,78,172,0.55
PMMn,111,109,220,0.5
PMMs,61,54,115,0.53
PMMt,11,15,26,0.42
PMNB,65,58,123,0.53
PMND,7,8,15,0.47
PMNH,10,11,21,0.48
PMNI,0,1,1,0.0
PMNK,9,9,18,0.5
PMNL,21,29,50,0.42
PMNM,59,76,135,0.44
PMNN,94,79,173,0.54
PMNP,131,122,253,0.52
PMNS,40,52,92,0.43
PMNb,72,57,129,0.56
PMNh,24,28,52,0.46
PMNl,41,30,71,0.58
PMNm,66,53,119,0.55
PMNn,103,98,201,0.51
PMNs,42,48,90,0.47
PMNt,13,16,29,0.45
PMPB,106,83,189,0.56
PMPD,9,8,17,0.53
PMPH,24,35,59,0.41
PMPI,8,6,14,0.57
PMPK,10,17,27,0.37
PMPL,45,55,100,0.45
PMPM,100,122,222,0.45
PMPN,114,130,244,0.47
PMPP,156,181,337,0.46
PMPS,60,83,143,0.42
PMPb,111,105,216,0.51
PMPh,8,11,19,0.42
PMPl,55,60,115,0.48
PMPm,117,107,224,0.52
PMPn,122,96,218,0.56
PMPs,75,70,145,0.52
PMPt,9,9,18,0.5
PMSB,41,40,81,0.51
PMSD,8,1,9,0.89
PMSH,13,16,29,0.45
PMSI,1,2,3,0.33
PMSK,0,2,2,0.0
PMSL,15,11,26,0.58
PMSM,41,61,102,0.4
PMSN,47,41,88,0.53
PMSP,56,74,130,0.43
PMSS,40,58,98,0.41
PMSb,34,47,81,0.42
PMSh,27,32,59,0.46
PMSl,23,30,53,0.43
PMSm,63,53,116,0.54
PMSn,55,53,108,0.51
PMSs,61,49,110,0.55
PMSt,11,8,19,0.58
PMbB,77,59,136,0.57
PMbD,7,7,14,0.5
PMbH,32,37,69,0.46
PMbI,6,5,11,0.55
PMbJ,22,17,39,0.56
PMbK,8,16,24,0.33
PMbL,33,29,62,0.53
PMbM,87,113,200,0.44
PMbN,112,104,216,0.52
PMbP,130,111,241,0.54
PMbS,44,56,100,0.44
PMbb,124,99,223,0.56
PMbl,34,34,68,0.5
PMbm,86,60,146,0.59
PMbn,96,114,210,0.46
PMbs,48,31,79,0.61
PMhB,51,58,109,0.47
PMhD,5,5,10,0.5
PMhH,12,18,30,0.4
PMhI,4,4,8,0.5
PMhK,3,0,3,1.0
PMhL,21,23,44,0.48
PMhM,63,80,143,0.44
PMhN,52,60,112,0.46
PMhP,100,87,187,0.53
PMhS,57,44,101,0.56
PMhb,58,63,121,0.48
PMhh,66,55,121,0.55
PMhl,57,42,99,0.58
PMhm,76,73,149,0.51
PMhn,82,67,149,0.55
PMhs,42,47,89,0.47
PMht,8,7,15,0.53
PMjB,16,15,31,0.52
PMjD,1,0,1,1.0
PMjH,3,7,10,0.3
PMjI,1,2,3,0.33
PMjK,2,2,4,0.5
PMjL,7,11,18,0.39
PMjM,17,12,29,0.59
PMjN,13,17,30,0.43
PMjP,24,28,52,0.46
PMjS,14,13,27,0.52
PMjb,26,16,42,0.62
PMjh,4,2,6,0.67
PMjl,13,13,26,0.5
PMjm,18,22,40,0.45
PMjn,15,13,28,0.54
PMjs,12,14,26,0.46
PMjt,6,2,8,0.75
PMlB,35,25,60,0.58
PMlD,7,1,8,0.88
PMlH,25,29,54,0.46
PMlI,4,3,7,0.57
PMlJ,9,10,19,0.47
PMlK,2,1,3,0.67
PMlL,22,18,40,0.55
PMlM,35,53,88,0.4
PMlN,52,58,110,0.47
PMlP,54,59,113,0.48
PMlS,26,29,55,0.47
PMlb,43,24,67,0.64
PMll,25,22,47,0.53
PMlm,47,31,78,0.6
PMln,31,39,70,0.44
PMls,26,17,43,0.6
PMmB,56,77,133,0.42
PMmD,17,12,29,0.59
PMmH,74,65,139,0.53
PMmI,4,5,9,0.44
PMmJ,13,12,25,0.52
PMmK,2,3,5,0.4
PMmL,31,39,70,0.44
PMmM,95,106,201,0.47
PMmN,95,98,193,0.49
PMmP,132,121,253,0.52
PMmS,62,77,139,0.45
PMmb,74,67,141,0.52
PMmh,0,1,1,0.0
PMml,18,24,42,0.43
PMmm,82,81,163,0.5
PMmn,71,95,166,0.43
PMms,44,48,92,0.48
PMnB,76,91,167,0.46
PMnD,16,9,25,0.64
PMnH,50,61,111,0.45
PMnI,16,15,31,0.52
PMnK,11,8,19,0.58
PMnL,39,39,78,0.5
PMnM,106,114,220,0.48
PMnN,125,139,264,0.47
PMnP,156,166,322,0.48
PMnS,83,82,165,0.5
PMnb,85,103,188,0.45
PMnh,3,7,10,0.3
PMnl,37,41,78,0.47
PMnm,98,92,190,0.52
PMnn,114,131,245,0.47
PMns,77,78,155,0.5
PMsB,36,27,63,0.57
PMsD,13,8,21,0.62
PMsH,59,69,128,0.46
PMsI,5,5,10,0.5
PMsK,2,1,3,0.67
PMsL,17,20,37,0.46
PMsM,49,53,102,0.48
PMsN,62,53,115,0.54
PMsP,67,93,160,0.42
PMsS,51,67,118,0.43
PMsb,43,48,91,0.47
PMsh,4,4,8,0.5
PMsl,25,26,51,0.49
PMsm,62,36,98,0.63
PMsn,45,52,97,0.46
PMss,52,35,87,0.6
PMst,0,1,1,0.0
PMtB,8,15,23,0.35
PMtD,3,1,4,0.75
PMtH,3,9,12,0.25
PMtL,4,3,7,0.57
PMtM,13,12,25,0.52
PMtN,16,12,28,0.57
PMtP,14,18,32,0.44
PMtS,9,13,22,0.41
PMtb,16,13,29,0.55
PMth,2,1,3,0.67
PMtl,4,7,11,0.36
PMtm,8,9,17,0.47
PMtn,13,16,29,0.45
PMts,6,6,12,0.5
PMtt,2,4,6,0.33
PNBB,69,79,148,0.47
PNBD,7,8,15,0.47
PNBH,2,1,3,0.67
PNBK,3,2,5,0.6
PNBL,21,34,55,0.38
PNBM,54,65,119,0.45
PNBN,61,88,149,0.41
PNBP,101,107,208,0.49
PNBS,30,42,72,0.42
PNBb,63,71,134,0.47
PNBh,6,2,8,0.75
PNBj,16,25,41,0.39
PNBl,44,30,74,0.59
PNBm,78,56,134,0.58
PNBn,90,85,175,0.51
PNBs,33,33,66,0.5
PNBt,8,13,21,0.38
PNDB,7,6,13,0.54
PNDD,1,0,1,1.0
PNDH,3,8,11,0.27
PNDI,1,2,3,0.33
PNDK,1,0,1,1.0
PNDL,1,4,5,0.2
PNDM,18,15,33,0.55
PNDN,7,9,16,0.44
PNDP,14,13,27,0.52
PNDS,9,9,18,0.5
PNDb,10,8,18,0.56
PNDh,1,0,1,1.0
PNDl,6,6,12,0.5
PNDm,10,12,22,0.45
PNDn,5,7,12,0.42
PNDs,5,9,14,0.36
PNDt,1,2,3,0.33
PNHB,13,6,19,0.68
PNHD,1,1,2,0.5
PNHH,1,1,2,0.5
PNHI,0,4,4,0.0
PNHK,4,0,4,1.0
PNHL,7,10,17,0.41
PNHM,9,11,20,0.45
PNHN,18,15,33,0.55
PNHP,22,20,42,0.52
PNHS,7,8,15,0.47
PNHb,5,12,17,0.29
PNHh,3,2,5,0.6
PNHl,5,7,12,0.42
PNHm,9,15,24,0.38
PNHn,12,16,28,0.43
PNHs,9,15,24,0.38
PNIB,1,0,1,1.0
PNIL,0,1,1,0.0
PNIS,1,0,1,1.0
PNIb,1,0,1,1.0
PNIm,0,2,2,0.0
PNIn,0,0,0,
PNKB,7,4,11,0.64
PNKD,1,1,2,0.5
PNKH,0,2,2,0.0
PNKI,1,2,3,0.33
PNKK,0,0,0,
PNKL,3,2,5,0.6
PNKM,7,11,18,0.39
PNKN,11,9,20,0.55
PNKP,9,13,22,0.41
PNKS,8,1,9,0.89
PNKb,6,2,8,0.75
PNKh,6,3,9,0.67
PNKl,1,4,5,0.2
PNKm,7,4,11,0.64
PNKn,6,6,12,0.5
PNKs,6,5,11,0.55
PNKt,1,2,3,0.33
PNLB,20,48,68,0.29
PNLD,0,3,3,0.0
PNLH,1,4,5,0.2
PNLK,1,4,5,0.2
PNLL,16,11,27,0.59
PNLM,20,29,49,0.41
PNLN,42,38,80,0.52
PNLP,40,66,106,0.38
PNLS,20,24,44,0.45
PNLb,37,33,70,0.53
PNLh,15,17,32,0.47
PNLj,4,11,15,0.27
PNLl,21,22,43,0.49
PNLm,47,31,78,0.6
PNLn,42,47,89,0.47
PNLs,22,24,46,0.48
PNLt,3,5,8,0.38
PNMB,75,86,161,0.47
PNMD,13,5,18,0.72
PNMI,1,0,1,1.0
PNMK,0,1,1,0.0
PNML,33,23,56,0.59
PNMM,70,96,166,0.42
PNMN,79,77,156,0.51
PNMP,106,116,222,0.48
PNMS,45,64,109,0.41
PNMb,89,91,180,0.49
PNMh,59,71,130,0.45
PNMj,22,27,49,0.45
PNMl,41,33,74,0.55
PNMm,96,63,159,0.6
PNMn,116,127,243,0.48
PNMs,70,51,121,0.58
PNMt,9,9,18,0.5
PNNB,55,67,122,0.45
PNND,14,18,32,0.44
PNNH,14,13,27,0.52
PNNK,6,11,17,0.35
PNNL,43,42,85,0.51
PNNM,75,91,166,0.45
PNNN,109,109,218,0.5
PNNP,127,135,262,0.48
PNNS,63,64,127,0.5
PNNb,80,68,148,0.54
PNNh,28,28,56,0.5
PNNl,40,42,82,0.49
PNNm,99,71,170,0.58
PNNn,118,120,238,0.5
PNNs,80,74,154,0.52
PNNt,20,19,39,0.51
PNPB,100,107,207,0.48
PNPD,12,15,27,0.44
PNPH,40,36,76,0.53
PNPI,17,10,27,0.63
PNPK,15,18,33,0.45
PNPL,66,74,140,0.47
PNPM,158,133,291,0.54
PNPN,138,149,287,0.48
PNPP,196,211,407,0.48
PNPS,96,109,205,0.47
PNPb,121,144,265,0.46
PNPh,19,15,34,0.56
PNPl,94,88,182,0.52
PNPm,141,114,255,0.55
PNPn,141,127,268,0.53
PNPs,111,95,206,0.54
PNPt,15,15,30,0.5
PNSB,44,39,83,0.53
PNSD,9,9,18,0.5
PNSH,18,20,38,0.47
PNSI,1,0,1,1.0
PNSK,0,3,3,0.0
PNSL,28,27,55,0.51
PNSM,59,72,131,0.45
PNSN,53,53,106,0.5
PNSP,75,111,186,0.4
PNSS,59,62,121,0.49
PNSb,56,46,102,0.55
PNSh,42,65,107,0.39
PNSl,24,39,63,0.38
PNSm,72,54,126,0.57
PNSn,69,49,118,0.58
PNSs,72,61,133,0.54
PNSt,10,10,20,0.5
PNbB,57,86,143,0.4
PNbD,6,6,12,0.5
PNbH,13,28,41,0.32
PNbI,7,4,11,0.64
PNbJ,16,20,36,0.44
PNbK,8,8,16,0.5
PNbL,33,31,64,0.52
PNbM,74,89,163,0.45
PNbN,98,90,188,0.52
PNbP,108,106,214,0.5
PNbS,51,60,111,0.46
PNbb,103,70,173,0.6
PNbh,0,1,1,0.0
PNbl,45,34,79,0.57
PNbm,74,62,136,0.54
PNbn,76,81,157,0.48
PNbs,45,45,90,0.5
PNbt,1,1,2,0.5
PNhB,22,26,48,0.46
PNhD,3,2,5,0.6
PNhH,5,6,11,0.45
PNhI,1,3,4,0.25
PNhK,0,1,1,0.0
PNhL,19,8,27,0.7
PNhM,35,35,70,0.5
PNhN,23,29,52,0.44
PNhP,51,46,97,0.53
PNhS,35,30,65,0.54
PNhb,25,30,55,0.45
PNhh,23,25,48,0.48
PNhl,20,19,39,0.51
PNhm,30,23,53,0.57
PNhn,32,36,68,0.47
PNhs,32,25,57,0.56
PNht,3,1,4,0.75
PNlB,40,28,68,0.59
PNlD,3,2,5,0.6
PNlH,32,30,62,0.52
PNlI,4,2,6,0.67
PNlJ,10,8,18,0.56
PNlK,1,0,1,1.0
PNlL,20,25,45,0.44
PNlM,39,56,95,0.41
PNlN,54,40,94,0.57
PNlP,59,58,117,0.5
PNlS,32,33,65,0.49
PNlb,40,33,73,0.55
PNll,27,21,48,0.56
PNlm,42,35,77,0.55
PNln,36,42,78,0.46
PNls,23,28,51,0.45
PNmB,76,55,131,0.58
PNmD,13,24,37,0.35
PNmH,48,68,116,0.41
PNmI,6,5,11,0.55
PNmJ,15,21,36,0.42
PNmK,0,1,1,0.0
PNmL,35,31,66,0.53
PNmM,71,81,152,0.47
PNmN,108,89,197,0.55
PNmP,101,93,194,0.52
PNmS,65,60,125,0.52
PNmb,76,80,156,0.49
PNmh,0,0,0,
PNml,23,21,44,0.52
PNmm,72,62,134,0.54
PNmn,88,84,172,0.51
PNms,42,41,83,0.51
PNnB,71,78,149,0.48
PNnD,16,11,27,0.59
PNnH,44,59,103,0.43
PNnI,17,15,32,0.53
PNnK,9,9,18,0.5
PNnL,43,53,96,0.45
PNnM,120,128,248,0.48
PNnN,153,122,275,0.56
PNnP,195,183,378,0.52
PNnS,95,95,190,0.5
PNnb,101,92,193,0.52
PNnh,2,5,7,0.29
PNnl,49,52,101,0.49
PNnm,106,81,187,0.57
PNnn,129,122,251,0.51
PNns,82,81,163,0.5
PNnt,0,0,0,
PNsB,32,35,67,0.48
PNsD,9,11,20,0.45
PNsH,63,64,127,0.5
PNsI,6,8,14,0.43
PNsK,2,3,5,0.4
PNsL,21,30,51,0.41
PNsM,49,74,123,0.4
PNsN,78,68,146,0.53
PNsP,86,94,180,0.48
PNsS,61,65,126,0.48
PNsb,46,52,98,0.47
PNsh,2,3,5,0.4
PNsl,24,25,49,0.49
PNsm,58,65,123,0.47
PNsn,46,55,101,0.46
PNss,72,69,141,0.51
PNst,1,0,1,1.0
PNtB,13,11,24,0.54
PNtD,0,4,4,0.0
PNtH,5,10,15,0.33
PNtK,0,1,1,0.0
PNtL,4,7,11,0.36
PNtM,16,18,34,0.47
PNtN,14,14,28,0.5
PNtP,28,28,56,0.5
PNtS,13,15,28,0.46
PNtb,13,19,32,0.41
PNtl,6,8,14,0.43
PNtm,16,10,26,0.62
PNtn,17,21,38,0.45
PNts,11,5,16,0.69
PNtt,3,3,6,0.5
PPBB,98,115,213,0.46
PPBD,13,4,17,0.76
PPBH,0,1,1,0.0
PPBK,10,10,20,0.5
PPBL,60,67,127,0.47
PPBM,108,115,223,0.48
PPBN,81,98,179,0.45
PPBP,122,165,287,0.43
PPBS,47,65,112,0.42
PPBb,114,124,238,0.48
PPBh,16,12,28,0.57
PPBj,39,36,75,0.52
PPBl,65,61,126,0.52
PPBm,107,110,217,0.49
PPBn,105,108,213,0.49
PPBs,63,58,121,0.52
PPBt,22,19,41,0.54
PPDB,12,6,18,0.67
PPDD,3,4,7,0.43
PPDH,8,12,20,0.4
PPDI,0,1,1,0.0
PPDL,8,4,12,0.67
PPDM,23,23,46,0.5
PPDN,13,10,23,0.57
PPDP,22,13,35,0.63
PPDS,10,12,22,0.45
PPDb,13,17,30,0.43
PPDl,3,6,9,0.33
PPDm,16,14,30,0.53
PPDn,9,7,16,0.56
PPDs,12,10,22,0.55
PPDt,3,3,6,0.5
PPHB,22,29,51,0.43
PPHD,5,6,11,0.45
PPHH,10,5,15,0.67
PPHI,6,3,9,0.67
PPHK,2,2,4,0.5
PPHL,13,12,25,0.52
PPHM,37,43,80,0.46
PPHN,36,34,70,0.51
PPHP,40,38,78,0.51
PPHS,30,28,58,0.52
PPHb,35,20,55,0.64
PPHh,4,15,19,0.21
PPHl,25,26,51,0.49
PPHm,39,29,68,0.57
PPHn,28,36,64,0.44
PPHs,31,21,52,0.6
PPHt,2,3,5,0.4
PPIB,8,12,20,0.4
PPID,1,2,3,0.33
PPIH,6,5,11,0.55
PPII,2,1,3,0.67
PPIL,11,1,12,0.92
PPIM,7,11,18,0.39
PPIN,4,6,10,0.4
PPIP,21,19,40,0.52
PPIS,9,15,24,0.38
PPIb,16,13,29,0.55
PPIh,1,0,1,1.0
PPIl,4,6,10,0.4
PPIm,7,6,13,0.54
PPIn,7,9,16,0.44
PPIs,1,1,2,0.5
PPIt,0,1,1,0.0
PPKB,8,8,16,0.5
PPKD,1,0,1,1.0
PPKH,2,1,3,0.67
PPKI,1,1,2,0.5
PPKK,1,0,1,1.0
PPKL,9,6,15,0.6
PPKM,20,25,45,0.44
PPKN,7,10,17,0.41
PPKP,25,14,39,0.64
PPKS,9,10,19,0.47
PPKb,10,14,24,0.42
PPKh,7,15,22,0.32
PPKl,11,6,17,0.65
PPKm,11,13,24,0.46
PPKn,11,15,26,0.42
PPKs,10,7,17,0.59
PPKt,3,2,5,0.6
PPLB,59,69,128,0.46
PPLD,7,3,10,0.7
PPLH,1,1,2,0.5
PPLK,2,5,7,0.29
PPLL,36,34,70,0.51
PPLM,72,89,161,0.45
PPLN,58,57,115,0.5
PPLP,102,103,205,0.5
PPLS,46,55,101,0.46
PPLb,76,74,150,0.51
PPLh,20,27,47,0.43
PPLj,25,15,40,0.62
PPLl,44,43,87,0.51
PPLm,84,62,146,0.58
PPLn,81,86,167,0.49
PPLs,45,51,96,0.47
PPLt,7,13,20,0.35
PPMB,127,138,265,0.48
PPMD,13,16,29,0.45
PPMH,0,0,0,
PPMK,2,0,2,1.0
PPML,65,70,135,0.48
PPMM,146,140,286,0.51
PPMN,122,86,208,0.59
PPMP,197,181,378,0.52
PPMS,80,86,166,0.48
PPMb,171,154,325,0.53
PPMh,83,109,192,0.43
PPMj,26,30,56,0.46
PPMl,78,72,150,0.52
PPMm,147,116,263,0.56
PPMn,166,138,304,0.55
PPMs,106,97,203,0.52
PPMt,19,24,43,0.44
PPNB,94,102,196,0.48
PPND,17,10,27,0.63
PPNH,11,17,28,0.39
PPNI,1,2,3,0.33
PPNK,7,4,11,0.64
PPNL,61,61,122,0.5
PPNM,131,156,287,0.46
PPNN,112,105,217,0.52
PPNP,191,227,418,0.46
PPNS,73,99,172,0.42
PPNb,112,108,220,0.51
PPNh,35,39,74,0.47
PPNl,62,74,136,0.46
PPNm,114,95,209,0.55
PPNn,124,138,262,0.47
PPNs,76,92,168,0.45
PPNt,20,24,44,0.45
PPPB,159,180,339,0.47
PPPD,23,13,36,0.64
PPPH,49,47,96,0.51
PPPI,13,10,23,0.57
PPPK,27,17,44,0.61
PPPL,128,141,269,0.48
PPPM,210,269,479,0.44
PPPN,172,153,325,0.53
PPPP,295,313,608,0.49
PPPS,146,151,297,0.49
PPPb,209,203,412,0.51
PPPh,17,33,50,0.34
PPPl,142,128,270,0.53
PPPm,228,158,386,0.59
PPPn,183,171,354,0.52
PPPs,121,115,236,0.51
PPPt,21,22,43,0.49
PPSB,70,69,139,0.5
PPSD,9,13,22,0.41
PPSH,32,25,57,0.56
PPSI,2,2,4,0.5
PPSK,5,5,10,0.5
PPSL,34,60,94,0.36
PPSM,102,118,220,0.46
PPSN,69,80,149,0.46
PPSP,109,124,233,0.47
PPSS,89,100,189,0.47
PPSb,115,83,198,0.58
PPSh,49,55,104,0.47
PPSl,66,72,138,0.48
PPSm,100,81,181,0.55
PPSn,90,75,165,0.55
PPSs,102,90,192,0.53
PPSt,14,10,24,0.58
PPbB,120,139,259,0.46
PPbD,12,8,20,0.6
PPbH,39,34,73,0.53
PPbI,13,4,17,0.76
PPbJ,42,39,81,0.52
PPbK,8,13,21,0.38
PPbL,67,64,131,0.51
PPbM,139,155,294,0.47
PPbN,128,128,256,0.5
PPbP,180,173,353,0.51
PPbS,75,82,157,0.48
PPbb,151,152,303,0.5
PPbh,2,0,2,1.0
PPbl,75,71,146,0.51
PPbm,138,112,250,0.55
PPbn,111,105,216,0.51
PPbs,70,51,121,0.58
PPhB,7,12,19,0.37
PPhD,2,0,2,1.0
PPhH,0,1,1,0.0
PPhI,0,3,3,0.0
PPhK,1,0,1,1.0
PPhL,7,8,15,0.47
PPhM,20,15,35,0.57
PPhN,7,8,15,0.47
PPhP,19,22,41,0.46
PPhS,11,9,20,0.55
PPhb,19,13,32,0.59
PPhh,19,10,29,0.66
PPhl,11,10,21,0.52
PPhm,27,19,46,0.59
PPhn,20,11,31,0.65
PPhs,12,13,25,0.48
PPht,4,0,4,1.0
PPlB,73,62,135,0.54
PPlD,5,3,8,0.62
PPlH,52,41,93,0.56
PPlI,6,5,11,0.55
PPlJ,22,21,43,0.51
PPlK,2,5,7,0.29
PPlL,51,40,91,0.56
PPlM,83,86,169,0.49
PPlN,72,73,145,0.5
PPlP,112,106,218,0.51
PPlS,65,50,115,0.57
PPlb,81,82,163,0.5
PPlh,0,2,2,0.0
PPll,59,34,93,0.63
PPlm,71,50,121,0.59
PPln,53,49,102,0.52
PPls,48,46,94,0.51
PPmB,109,108,217,0.5
PPmD,24,18,42,0.57
PPmH,92,82,174,0.53
PPmI,11,6,17,0.65
PPmJ,23,22,45,0.51
PPmK,0,2,2,0.0
PPmL,70,67,137,0.51
PPmM,150,168,318,0.47
PPmN,110,97,207,0.53
PPmP,161,158,319,0.5
PPmS,88,82,170,0.52
PPmb,141,130,271,0.52
PPmh,0,0,0,
PPml,64,50,114,0.56
PPmm,121,94,215,0.56
PPmn,92,83,175,0.53
PPms,85,67,152,0.56
PPmt,1,0,1,1.0
PPnB,90,88,178,0.51
PPnD,13,13,26,0.5
PPnH,39,46,85,0.46
PPnI,10,13,23,0.43
PPnK,9,10,19,0.47
PPnL,57,56,113,0.5
PPnM,117,129,246,0.48
PPnN,149,122,271,0.55
PPnP,171,183,354,0.48
PPnS,105,99,204,0.51
PPnb,121,96,217,0.56
PPnh,6,4,10,0.6
PPnl,80,61,141,0.57
PPnm,101,104,205,0.49
PPnn,96,101,197,0.49
PPns,75,86,161,0.47
PPnt,0,1,1,0.0
PPsB,61,62,123,0.5
PPsD,10,11,21,0.48
PPsH,69,67,136,0.51
PPsI,9,6,15,0.6
PPsK,6,1,7,0.86
PPsL,37,52,89,0.42
PPsM,84,89,173,0.49
PPsN,87,54,141,0.62
PPsP,132,134,266,0.5
PPsS,99,96,195,0.51
PPsb,82,95,177,0.46
PPsh,5,5,10,0.5
PPsl,55,50,105,0.52
PPsm,87,63,150,0.58
PPsn,59,65,124,0.48
PPss,70,66,136,0.51
PPst,1,0,1,1.0
PPtB,9,8,17,0.53
PPtD,0,2,2,0.0
PPtH,12,4,16,0.75
PPtK,2,0,2,1.0
PPtL,4,11,15,0.27
PPtM,20,22,42,0.48
PPtN,3,15,18,0.17
PPtP,14,25,39,0.36
PPtS,21,17,38,0.55
PPtb,18,19,37,0.49
PPtl,9,8,17,0.53
PPtm,14,10,24,0.58
PPtn,10,9,19,0.53
PPts,12,5,17,0.71
PPtt,4,2,6,0.67
PSBB,40,35,75,0.53
PSBD,6,4,10,0.6
PSBK,4,2,6,0.67
PSBL,21,20,41,0.51
PSBM,35,40,75,0.47
PSBN,40,50,90,0.44
PSBP,54,46,100,0.54
PSBS,22,36,58,0.38
PSBb,62,41,103,0.6
PSBh,7,1,8,0.88
PSBj,14,18,32,0.44
PSBl,26,19,45,0.58
PSBm,61,24,85,0.72
PSBn,58,68,126,0.46
PSBs,19,25,44,0.43
PSBt,8,7,15,0.53
PSDB,8,5,13,0.62
PSDD,3,1,4,0.75
PSDH,4,6,10,0.4
PSDI,1,0,1,1.0
PSDL,2,2,4,0.5
PSDM,7,8,15,0.47
PSDN,5,6,11,0.45
PSDP,6,13,19,0.32
PSDS,7,9,16,0.44
PSDb,12,7,19,0.63
PSDl,2,2,4,0.5
PSDm,11,11,22,0.5
PSDn,10,4,14,0.71
PSDs,9,4,13,0.69
PSDt,0,1,1,0.0
PSHB,10,12,22,0.45
PSHD,2,1,3,0.67
PSHH,4,7,11,0.36
PSHI,7,3,10,0.7
PSHK,1,1,2,0.5
PSHL,9,14,23,0.39
PSHM,28,25,53,0.53
PSHN,20,20,40,0.5
PSHP,23,24,47,0.49
PSHS,18,22,40,0.45
PSHb,14,23,37,0.38
PSHh,6,9,15,0.4
PSHl,11,7,18,0.61
PSHm,22,27,49,0.45
PSHn,28,13,41,0.68
PSHs,25,23,48,0.52
PSHt,0,1,1,0.0
PSIB,1,0,1,1.0
PSIH,0,1,1,0.0
PSII,1,1,2,0.5
PSIL,0,1,1,0.0
PSIM,0,1,1,0.0
PSIS,2,2,4,0.5
PSIb,0,0,0,
PSIm,2,1,3,0.67
PSIn,1,2,3,0.33
PSIs,3,1,4,0.75
PSKB,1,1,2,0.5
PSKD,1,0,1,1.0
PSKH,2,0,2,1.0
PSKI,0,1,1,0.0
PSKK,0,1,1,0.0
PSKL,0,1,1,0.0
PSKM,0,0,0,
PSKN,2,2,4,0.5
PSKP,2,1,3,0.67
PSKS,0,1,1,0.0
PSKb,1,3,4,0.25
PSKh,5,3,8,0.62
PSKl,3,4,7,0.43
PSKm,2,4,6,0.33
PSKn,1,2,3,0.33
PSKs,1,3,4,0.25
PSLB,30,26,56,0.54
PSLD,2,0,2,1.0
PSLH,0,1,1,0.0
PSLK,1,3,4,0.25
PSLL,10,3,13,0.77
PSLM,21,34,55,0.38
PSLN,19,23,42,0.45
PSLP,43,45,88,0.49
PSLS,23,13,36,0.64
PSLb,32,35,67,0.48
PSLh,5,10,15,0.33
PSLj,5,10,15,0.33
PSLl,12,11,23,0.52
PSLm,29,21,50,0.58
PSLn,24,33,57,0.42
PSLs,20,22,42,0.48
PSLt,4,7,11,0.36
PSMB,51,58,109,0.47
PSMD,7,10,17,0.41
PSMH,2,1,3,0.67
PSMK,0,3,3,0.0
PSML,17,32,49,0.35
PSMM,68,77,145,0.47
PSMN,51,51,102,0.5
PSMP,92,75,167,0.55
PSMS,34,41,75,0.45
PSMb,68,58,126,0.54
PSMh,51,58,109,0.47
PSMj,18,16,34,0.53
PSMl,39,29,68,0.57
PSMm,66,43,109,0.61
PSMn,68,89,157,0.43
PSMs,42,49,91,0.46
PSMt,8,9,17,0.47
PSNB,34,29,63,0.54
PSND,10,7,17,0.59
PSNH,14,14,28,0.5
PSNI,0,1,1,0.0
PSNK,2,8,10,0.2
PSNL,20,22,42,0.48
PSNM,65,61,126,0.52
PSNN,48,53,101,0.48
PSNP,76,86,162,0.47
PSNS,30,33,63,0.48
PSNb,46,47,93,0.49
PSNh,16,12,28,0.57
PSNl,21,32,53,0.4
PSNm,49,46,95,0.52
PSNn,67,72,139,0.48
PSNs,27,43,70,0.39
PSNt,9,6,15,0.6
PSPB,63,67,130,0.48
PSPD,13,3,16,0.81
PSPH,21,21,42,0.5
PSPI,7,10,17,0.41
PSPK,4,6,10,0.4
PSPL,42,40,82,0.51
PSPM,81,97,178,0.46
PSPN,75,76,151,0.5
PSPP,126,103,229,0.55
PSPS,69,75,144,0.48
PSPb,75,80,155,0.48
PSPh,9,9,18,0.5
PSPl,54,40,94,0.57
PSPm,74,80,154,0.48
PSPn,73,72,145,0.5
PSPs,60,68,128,0.47
PSPt,12,9,21,0.57
PSSB,41,32,73,0.56
PSSD,12,7,19,0.63
PSSH,16,33,49,0.33
PSSI,4,1,5,0.8
PSSK,1,5,6,0.17
PSSL,28,25,53,0.53
PSSM,53,67,120,0.44
PSSN,52,36,88,0.59
PSSP,68,69,137,0.5
PSSS,75,70,145,0.52
PSSb,56,34,90,0.62
PSSh,30,37,67,0.45
PSSl,31,37,68,0.46
PSSm,58,59,117,0.5
PSSn,69,61,130,0.53
PSSs,71,64,135,0.53
PSSt,12,12,24,0.5
PSbB,55,45,100,0.55
PSbD,6,7,13,0.46
PSbH,12,16,28,0.43
PSbI,4,1,5,0.8
PSbJ,16,14,30,0.53
PSbK,8,6,14,0.57
PSbL,30,22,52,0.58
PSbM,62,67,129,0.48
PSbN,68,64,132,0.52
PSbP,67,77,144,0.47
PSbS,30,53,83,0.36
PSbb,68,65,133,0.51
PSbh,0,2,2,0.0
PSbl,19,21,40,0.48
PSbm,60,27,87,0.69
PSbn,40,49,89,0.45
PSbs,41,21,62,0.66
PShB,25,24,49,0.51
PShD,3,1,4,0.75
PShH,7,12,19,0.37
PShI,2,3,5,0.4
PShK,1,0,1,1.0
PShL,9,14,23,0.39
PShM,38,35,73,0.52
PShN,15,31,46,0.33
PShP,42,52,94,0.45
PShS,40,36,76,0.53
PShb,39,37,76,0.51
PShh,29,36,65,0.45
PShl,14,26,40,0.35
PShm,42,24,66,0.64
PShn,40,33,73,0.55
PShs,33,35,68,0.49
PSht,2,3,5,0.4
PSlB,16,25,41,0.39
PSlD,4,2,6,0.67
PSlH,26,29,55,0.47
PSlI,2,1,3,0.67
PSlJ,12,6,18,0.67
PSlK,3,0,3,1.0
PSlL,16,19,35,0.46
PSlM,33,48,81,0.41
PSlN,39,28,67,0.58
PSlP,40,44,84,0.48
PSlS,34,38,72,0.47
PSlb,33,30,63,0.52
PSlh,1,0,1,1.0
PSll,17,12,29,0.59
PSlm,24,25,49,0.49
PSln,27,17,44,0.61
PSls,16,26,42,0.38
PSmB,52,35,87,0.6
PSmD,4,13,17,0.24
PSmH,43,54,97,0.44
PSmI,4,6,10,0.4
PSmJ,16,14,30,0.53
PSmL,19,27,46,0.41
PSmM,54,69,123,0.44
PSmN,78,63,141,0.55
PSmP,86,78,164,0.52
PSmS,41,44,85,0.48
PSmb,59,48,107,0.55
PSmh,0,1,1,0.0
PSml,30,21,51,0.59
PSmm,74,36,110,0.67
PSmn,45,39,84,0.54
PSms,39,37,76,0.51
PSmt,1,0,1,1.0
PSnB,47,34,81,0.58
PSnD,10,9,19,0.53
PSnH,37,33,70,0.53
PSnI,4,8,12,0.33
PSnK,6,6,12,0.5
PSnL,12,32,44,0.27
PSnM,64,70,134,0.48
PSnN,76,68,144,0.53
PSnP,93,108,201,0.46
PSnS,69,61,130,0.53
PSnb,69,47,116,0.59
PSnh,2,2,4,0.5
PSnl,27,32,59,0.46
PSnm,60,49,109,0.55
PSnn,73,76,149,0.49
PSns,52,30,82,0.63
PSsB,30,26,56,0.54
PSsD,15,9,24,0.62
PSsH,47,50,97,0.48
PSsI,15,3,18,0.83
PSsK,2,4,6,0.33
PSsL,19,33,52,0.37
PSsM,51,64,115,0.44
PSsN,62,57,119,0.52
PSsP,61,67,128,0.48
PSsS,76,75,151,0.5
PSsb,60,65,125,0.48
PSsh,1,2,3,0.33
PSsl,27,32,59,0.46
PSsm,64,41,105,0.61
PSsn,43,44,87,0.49
PSss,44,53,97,0.45
PSst,1,0,1,1.0
PStB,4,7,11,0.36
PStD,0,1,1,0.0
PStH,6,12,18,0.33
PStK,0,1,1,0.0
PStL,9,7,16,0.56
PStM,8,12,20,0.4
PStN,13,10,23,0.57
PStP,17,10,27,0.63
PStS,12,12,24,0.5
PStb,11,9,20,0.55
PSth,0,1,1,0.0
PStl,4,5,9,0.44
PStm,8,5,13,0.62
PStn,6,10,16,0.38
PSts,5,10,15,0.33
PStt,2,3,5,0.4
PbBB,68,78,146,0.47
PbBD,5,4,9,0.56
PbBH,3,0,3,1.0
PbBK,6,8,14,0.43
PbBL,36,29,65,0.55
PbBM,71,79,150,0.47
PbBN,71,69,140,0.51
PbBP,121,97,218,0.56
PbBS,47,47,94,0.5
PbBb,83,77,160,0.52
PbBh,4,14,18,0.22
PbBj,30,30,60,0.5
PbBl,47,40,87,0.54
PbBm,83,61,144,0.58
PbBn,103,96,199,0.52
PbBs,34,35,69,0.49
PbBt,16,10,26,0.62
PbDB,5,11,16,0.31
PbDD,2,2,4,0.5
PbDH,10,6,16,0.62
PbDL,5,3,8,0.62
PbDM,5,13,18,0.28
PbDN,8,2,10,0.8
PbDP,13,7,20,0.65
PbDS,7,4,11,0.64
PbDb,11,5,16,0.69
PbDh,0,1,1,0.0
PbDl,6,3,9,0.67
PbDm,10,5,15,0.67
PbDn,7,4,11,0.64
PbDs,5,4,9,0.56
PbDt,2,1,3,0.67
PbHB,20,13,33,0.61
PbHD,2,3,5,0.4
PbHH,6,6,12,0.5
PbHI,4,3,7,0.57
PbHK,1,2,3,0.33
PbHL,12,8,20,0.6
PbHM,15,21,36,0.42
PbHN,13,27,40,0.32
PbHP,27,35,62,0.44
PbHS,18,10,28,0.64
PbHb,22,16,38,0.58
PbHh,6,7,13,0.46
PbHl,15,10,25,0.6
PbHm,23,15,38,0.61
PbHn,32,21,53,0.6
PbHs,15,14,29,0.52
PbHt,1,0,1,1.0
PbIB,9,10,19,0.47
PbID,3,0,3,1.0
PbIH,2,2,4,0.5
PbIL,6,5,11,0.55
PbIM,6,6,12,0.5
PbIN,5,8,13,0.38
PbIP,10,14,24,0.42
PbIS,6,7,13,0.46
PbIb,9,3,12,0.75
PbIl,2,2,4,0.5
PbIm,12,4,16,0.75
PbIn,7,6,13,0.54
PbIs,7,6,13,0.54
PbJB,17,21,38,0.45
PbJD,2,0,2,1.0
PbJH,10,14,24,0.42
PbJI,1,0,1,1.0
PbJK,0,2,2,0.0
PbJL,14,10,24,0.58
PbJM,22,35,57,0.39
PbJN,22,24,46,0.48
PbJP,29,30,59,0.49
PbJS,17,11,28,0.61
PbJb,20,29,49,0.41
PbJh,2,7,9,0.22
PbJl,12,11,23,0.52
PbJm,22,16,38,0.58
PbJn,24,9,33,0.73
PbJs,23,16,39,0.59
PbJt,3,4,7,0.43
PbKB,4,7,11,0.36
PbKD,0,2,2,0.0
PbKH,0,0,0,
PbKI,2,0,2,1.0
PbKL,5,2,7,0.71
PbKM,11,12,23,0.48
PbKN,10,6,16,0.62
PbKP,7,9,16,0.44
PbKS,3,6,9,0.33
PbKb,12,5,17,0.71
PbKh,1,5,6,0.17
PbKl,10,9,19,0.53
PbKm,10,7,17,0.59
PbKn,5,2,7,0.71
PbKs,5,4,9,0.56
PbLB,28,39,67,0.42
PbLD,3,0,3,1.0
PbLK,1,4,5,0.2
PbLL,19,13,32,0.59
PbLM,28,44,72,0.39
PbLN,34,26,60,0.57
PbLP,44,36,80,0.55
PbLS,23,21,44,0.52
PbLb,41,37,78,0.53
PbLh,17,16,33,0.52
PbLj,7,7,14,0.5
PbLl,13,15,28,0.46
PbLm,26,23,49,0.53
PbLn,50,45,95,0.53
PbLs,18,23,41,0.44
PbLt,5,6,11,0.45
PbMB,72,86,158,0.46
PbMD,4,13,17,0.24
PbMH,2,1,3,0.67
PbMI,0,1,1,0.0
PbMK,1,1,2,0.5
PbML,35,41,76,0.46
PbMM,97,117,214,0.45
PbMN,80,88,168,0.48
PbMP,106,114,220,0.48
PbMS,56,52,108,0.52
PbMb,107,101,208,0.51
PbMh,77,79,156,0.49
PbMj,15,21,36,0.42
PbMl,54,40,94,0.57
PbMm,100,78,178,0.56
PbMn,127,105,232,0.55
PbMs,57,56,113,0.5
PbMt,14,14,28,0.5
PbNB,74,68,142,0.52
PbND,12,11,23,0.52
PbNH,11,13,24,0.46
PbNI,3,0,3,1.0
PbNK,8,4,12,0.67
PbNL,42,35,77,0.55
PbNM,112,128,240,0.47
PbNN,93,103,196,0.47
PbNP,151,151,302,0.5
PbNS,60,73,133,0.45
PbNb,89,87,176,0.51
PbNh,38,43,81,0.47
PbNl,42,29,71,0.59
PbNm,106,76,182,0.58
PbNn,128,114,242,0.53
PbNs,59,47,106,0.56
PbNt,15,13,28,0.54
PbPB,95,78,173,0.55
PbPD,11,10,21,0.52
PbPH,37,30,67,0.55
PbPI,8,5,13,0.62
PbPK,10,5,15,0.67
PbPL,80,63,143,0.56
PbPM,124,146,270,0.46
PbPN,108,108,216,0.5
PbPP,172,181,353,0.49
PbPS,83,65,148,0.56
PbPb,148,122,270,0.55
PbPh,11,11,22,0.5
PbPl,73,65,138,0.53
PbPm,114,76,190,0.6
PbPn,124,71,195,0.64
PbPs,63,59,122,0.52
PbPt,11,7,18,0.61
PbSB,28,37,65,0.43
PbSD,6,8,14,0.43
PbSH,15,16,31,0.48
PbSI,1,1,2,0.5
PbSK,2,2,4,0.5
PbSL,29,21,50,0.58
PbSM,31,43,74,0.42
PbSN,38,40,78,0.49
PbSP,68,65,133,0.51
PbSS,25,41,66,0.38
PbSb,36,43,79,0.46
PbSh,31,34,65,0.48
PbSl,20,28,48,0.42
PbSm,42,27,69,0.61
PbSn,48,47,95,0.51
PbSs,30,31,61,0.49
PbSt,8,6,14,0.57
PbbB,98,96,194,0.51
PbbD,9,8,17,0.53
PbbH,20,23,43,0.47
PbbI,9,5,14,0.64
PbbJ,17,21,38,0.45
PbbK,9,10,19,0.47
PbbL,44,38,82,0.54
PbbM,104,118,222,0.47
PbbN,109,95,204,0.53
PbbP,144,146,290,0.5
PbbS,50,45,95,0.53
Pbbb,117,112,229,0.51
Pbbl,39,41,80,0.49
Pbbm,73,64,137,0.53
Pbbn,95,86,181,0.52
Pbbs,40,26,66,0.61
PbhB,0,1,1,0.0
PbhD,0,1,1,0.0
PbhL,1,0,1,1.0
PbhM,1,0,1,1.0
PbhP,1,1,2,0.5
PbhS,1,0,1,1.0
Pbhh,1,0,1,1.0
Pbhl,1,0,1,1.0
Pbhm,1,0,1,1.0
PblB,36,30,66,0.55
PblD,4,4,8,0.5
PblH,21,23,44,0.48
PblI,4,3,7,0.57
PblJ,15,7,22,0.68
PblL,16,19,35,0.46
PblM,48,50,98,0.49
PblN,41,41,82,0.5
PblP,57,64,121,0.47
PblS,26,19,45,0.58
Pblb,44,45,89,0.49
Pblh,0,2,2,0.0
Pbll,29,11,40,0.72
Pblm,32,28,60,0.53
Pbln,47,31,78,0.6
Pbls,24,15,39,0.62
PbmB,64,70,134,0.48
PbmD,17,6,23,0.74
PbmH,40,46,86,0.47
PbmI,7,4,11,0.64
PbmJ,11,16,27,0.41
PbmK,1,1,2,0.5
PbmL,26,26,52,0.5
PbmM,81,86,167,0.49
PbmN,70,73,143,0.49
PbmP,110,79,189,0.58
PbmS,42,47,89,0.47
Pbmb,100,67,167,0.6
Pbmh,0,1,1,0.0
Pbml,27,29,56,0.48
Pbmm,56,48,104,0.54
Pbmn,77,47,124,0.62
Pbms,27,25,52,0.52
Pbmt,0,1,1,0.0
PbnB,46,63,109,0.42
PbnD,2,11,13,0.15
PbnH,34,33,67,0.51
PbnI,9,5,14,0.64
PbnK,6,5,11,0.55
PbnL,33,31,64,0.52
PbnM,81,87,168,0.48
PbnN,88,102,190,0.46
PbnP,113,110,223,0.51
PbnS,45,44,89,0.51
Pbnb,104,73,177,0.59
Pbnh,5,5,10,0.5
Pbnl,40,23,63,0.63
Pbnm,70,50,120,0.58
Pbnn,79,71,150,0.53
Pbns,48,44,92,0.52
PbsB,31,30,61,0.51
PbsD,9,6,15,0.6
PbsH,33,32,65,0.51
PbsI,6,5,11,0.55
PbsK,0,1,1,0.0
PbsL,17,19,36,0.47
PbsM,42,39,81,0.52
PbsN,56,41,97,0.58
PbsP,57,56,113,0.5
PbsS,36,44,80,0.45
Pbsb,33,39,72,0.46
Pbsh,1,1,2,0.5
Pbsl,17,25,42,0.4
Pbsm,43,44,87,0.49
Pbsn,40,31,71,0.56
Pbss,29,26,55,0.53
Pbst,0,1,1,0.0
PhBB,1,8,9,0.11
PhBD,0,0,0,
PhBK,0,2,2,0.0
PhBL,2,6,8,0.25
PhBM,7,7,14,0.5
PhBN,8,9,17,0.47
PhBP,5,7,12,0.42
PhBS,5,8,13,0.38
PhBb,10,9,19,0.53
PhBh,3,1,4,0.75
PhBj,0,1,1,0.0
PhBl,4,3,7,0.57
PhBm,9,7,16,0.56
PhBn,10,11,21,0.48
PhBs,5,3,8,0.62
PhBt,0,2,2,0.0
PhDB,1,0,1,1.0
PhDD,0,1,1,0.0
PhDH,1,0,1,1.0
PhDL,1,1,2,0.5
PhDM,1,0,1,1.0
PhDN,1,1,2,0.5
PhDP,2,2,4,0.5
PhDS,1,1,2,0.5
PhDb,0,1,1,0.0
PhDh,0,1,1,0.0
PhDl,1,1,2,0.5
PhDm,0,1,1,0.0
PhDn,0,1,1,0.0
PhDs,0,0,0,
PhHB,0,2,2,0.0
PhHH,0,1,1,0.0
PhHK,1,0,1,1.0
PhHL,1,0,1,1.0
PhHM,3,0,3,1.0
PhHN,0,1,1,0.0
PhHP,3,1,4,0.75
PhHS,2,2,4,0.5
PhHb,1,2,3,0.33
PhHh,0,2,2,0.0
PhHl,3,1,4,0.75
PhHm,2,3,5,0.4
PhHn,1,2,3,0.33
PhHs,2,3,5,0.4
PhIB,1,0,1,1.0
PhIL,1,1,2,0.5
PhIN,1,0,1,1.0
PhIP,1,1,2,0.5
PhIb,0,1,1,0.0
PhIl,0,0,0,
PhIm,1,0,1,1.0
PhIn,2,0,2,1.0
PhIs,1,0,1,1.0
PhKB,0,0,0,
PhKh,0,2,2,0.0
PhKn,0,1,1,0.0
PhKs,0,1,1,0.0
PhLB,4,4,8,0.5
PhLD,0,2,2,0.0
PhLH,0,1,1,0.0
PhLL,2,5,7,0.29
PhLM,3,6,9,0.33
PhLN,1,2,3,0.33
PhLP,3,1,4,0.75
PhLS,3,1,4,0.75
PhLb,2,5,7,0.29
PhLh,2,2,4,0.5
PhLl,1,0,1,1.0
PhLm,5,3,8,0.62
PhLn,7,4,11,0.64
PhLs,3,3,6,0.5
PhLt,0,1,1,0.0
PhMB,5,14,19,0.26
PhMD,4,1,5,0.8
PhMH,0,1,1,0.0
PhMK,0,1,1,0.0
PhML,6,3,9,0.67
PhMM,12,10,22,0.55
PhMN,8,6,14,0.57
PhMP,9,11,20,0.45
PhMS,9,7,16,0.56
PhMb,12,6,18,0.67
PhMh,9,11,20,0.45
PhMj,3,1,4,0.75
PhMl,5,3,8,0.62
PhMm,8,9,17,0.47
PhMn,13,15,28,0.46
PhMs,7,4,11,0.64
PhMt,1,1,2,0.5
PhNB,5,4,9,0.56
PhND,1,0,1,1.0
PhNH,1,1,2,0.5
PhNK,0,1,1,0.0
PhNL,1,5,6,0.17
PhNM,7,6,13,0.54
PhNN,11,8,19,0.58
PhNP,7,9,16,0.44
PhNS,5,8,13,0.38
PhNb,6,7,13,0.46
PhNh,4,5,9,0.44
PhNl,3,1,4,0.75
PhNm,17,7,24,0.71
PhNn,12,6,18,0.67
PhNs,3,4,7,0.43
PhNt,0,3,3,0.0
PhPB,10,11,21,0.48
PhPD,0,2,2,0.0
PhPH,4,6,10,0.4
PhPI,2,2,4,0.5
PhPK,0,2,2,0.0
PhPL,4,8,12,0.33
PhPM,13,21,34,0.38
PhPN,12,9,21,0.57
PhPP,19,17,36,0.53
PhPS,12,17,29,0.41
PhPb,21,12,33,0.64
PhPh,3,2,5,0.6
PhPl,14,11,25,0.56
PhPm,13,16,29,0.45
PhPn,14,12,26,0.54
PhPs,16,10,26,0.62
PhPt,1,1,2,0.5
PhSB,8,5,13,0.62
PhSH,3,4,7,0.43
PhSK,1,0,1,1.0
PhSL,4,2,6,0.67
PhSM,1,10,11,0.09
PhSN,11,5,16,0.69
PhSP,10,6,16,0.62
PhSS,4,11,15,0.27
PhSb,6,6,12,0.5
PhSh,5,8,13,0.38
PhSl,1,4,5,0.2
PhSm,8,9,17,0.47
PhSn,7,12,19,0.37
PhSs,4,7,11,0.36
PhSt,2,1,3,0.67
PhbB,9,5,14,0.64
PhbD,1,0,1,1.0
PhbH,2,1,3,0.67
PhbI,1,2,3,0.33
PhbJ,1,5,6,0.17
PhbK,1,0,1,1.0
PhbL,3,5,8,0.38
PhbM,7,12,19,0.37
PhbN,5,12,17,0.29
PhbP,6,12,18,0.33
PhbS,8,9,17,0.47
Phbb,11,7,18,0.61
Phbl,6,3,9,0.67
Phbm,5,8,13,0.38
Phbn,6,10,16,0.38
Phbs,3,2,5,0.6
PhhB,7,10,17,0.41
PhhD,4,2,6,0.67
PhhH,1,2,3,0.33
PhhL,7,8,15,0.47
PhhM,6,9,15,0.4
PhhN,6,7,13,0.46
PhhP,18,7,25,0.72
PhhS,9,9,18,0.5
Phhb,6,8,14,0.43
Phhh,12,9,21,0.57
Phhl,7,3,10,0.7
Phhm,12,10,22,0.55
Phhn,6,10,16,0.38
Phhs,11,10,21,0.52
Phht,1,1,2,0.5
PhlB,3,2,5,0.6
PhlD,1,0,1,1.0
PhlH,6,4,10,0.6
PhlI,1,0,1,1.0
PhlJ,1,1,2,0.5
PhlL,0,3,3,0.0
PhlM,6,6,12,0.5
PhlN,6,4,10,0.6
PhlP,6,6,12,0.5
PhlS,5,4,9,0.56
Phlb,6,5,11,0.55
Phll,2,5,7,0.29
Phlm,9,6,15,0.6
Phln,5,3,8,0.62
Phls,1,1,2,0.5
PhmB,9,10,19,0.47
PhmD,4,2,6,0.67
PhmH,11,7,18,0.61
PhmJ,2,2,4,0.5
PhmL,9,7,16,0.56
PhmM,9,10,19,0.47
PhmN,6,10,16,0.38
PhmP,13,9,22,0.59
PhmS,6,7,13,0.46
Phmb,10,7,17,0.59
Phmh,0,1,1,0.0
Phml,6,5,11,0.55
Phmm,16,10,26,0.62
Phmn,11,5,16,0.69
Phms,4,8,12,0.33
PhnB,8,3,11,0.73
PhnD,2,1,3,0.67
PhnH,3,10,13,0.23
PhnI,2,0,2,1.0
PhnK,1,0,1,1.0
PhnL,4,1,5,0.8
PhnM,11,13,24,0.46
PhnN,14,7,21,0.67
PhnP,14,16,30,0.47
PhnS,9,10,19,0.47
Phnb,8,5,13,0.62
Phnh,0,1,1,0.0
Phnl,3,0,3,1.0
Phnm,10,7,17,0.59
Phnn,13,9,22,0.59
Phns,11,12,23,0.48
PhsB,5,3,8,0.62
PhsD,2,3,5,0.4
PhsH,8,11,19,0.42
PhsI,3,1,4,0.75
PhsL,3,7,10,0.3
PhsM,8,9,17,0.47
PhsN,6,7,13,0.46
PhsP,15,10,25,0.6
PhsS,8,5,13,0.62
Phsb,12,2,14,0.86
Phsh,1,0,1,1.0
Phsl,3,6,9,0.33
Phsm,11,5,16,0.69
Phsn,12,7,19,0.63
Phss,7,4,11,0.64
PhtB,0,1,1,0.0
PhtH,0,0,0,
PhtL,0,1,1,0.0
PhtM,2,1,3,0.67
PhtN,0,3,3,0.0
PhtP,2,2,4,0.5
PhtS,2,3,5,0.4
Phtb,1,1,2,0.5
Phtm,1,0,1,1.0
Phtn,0,3,3,0.0
PlBB,28,25,53,0.53
PlBD,3,2,5,0.6
PlBH,1,0,1,1.0
PlBK,3,2,5,0.6
PlBL,9,19,28,0.32
PlBM,41,33,74,0.55
PlBN,32,34,66,0.48
PlBP,37,43,80,0.46
PlBS,19,27,46,0.41
PlBb,41,32,73,0.56
PlBh,5,3,8,0.62
PlBj,9,11,20,0.45
PlBl,18,20,38,0.47
PlBm,38,29,67,0.57
PlBn,43,37,80,0.54
PlBs,11,21,32,0.34
PlBt,5,6,11,0.45
PlDB,3,2,5,0.6
PlDD,1,0,1,1.0
PlDH,0,7,7,0.0
PlDL,2,2,4,0.5
PlDM,3,4,7,0.43
PlDN,5,2,7,0.71
PlDP,3,2,5,0.6
PlDS,2,3,5,0.4
PlDb,5,2,7,0.71
PlDl,3,1,4,0.75
PlDm,4,0,4,1.0
PlDn,3,2,5,0.6
PlDs,2,3,5,0.4
PlHB,20,20,40,0.5
PlHD,3,3,6,0.5
PlHH,1,1,2,0.5
PlHI,6,3,9,0.67
PlHK,3,1,4,0.75
PlHL,14,11,25,0.56
PlHM,31,31,62,0.5
PlHN,25,26,51,0.49
PlHP,36,45,81,0.44
PlHS,12,21,33,0.36
PlHb,28,21,49,0.57
PlHh,9,12,21,0.43
PlHl,19,20,39,0.49
PlHm,24,27,51,0.47
PlHn,25,23,48,0.52
PlHs,16,19,35,0.46
PlHt,1,3,4,0.25
PlIB,4,1,5,0.8
PlID,1,1,2,0.5
PlIH,0,0,0,
PlIL,4,2,6,0.67
PlIM,4,5,9,0.44
PlIN,6,4,10,0.6
PlIP,6,6,12,0.5
PlIS,3,2,5,0.6
PlIb,4,4,8,0.5
PlIl,1,3,4,0.25
PlIm,3,3,6,0.5
PlIn,2,1,3,0.67
PlIs,1,0,1,1.0
PlJB,6,8,14,0.43
PlJD,0,1,1,0.0
PlJH,2,8,10,0.2
PlJI,1,1,2,0.5
PlJK,1,3,4,0.25
PlJL,6,4,10,0.6
PlJM,12,10,22,0.55
PlJN,12,10,22,0.55
PlJP,10,15,25,0.4
PlJS,5,10,15,0.33
PlJb,15,13,28,0.54
PlJh,1,1,2,0.5
PlJl,8,6,14,0.57
PlJm,5,11,16,0.31
PlJn,6,8,14,0.43
PlJs,10,6,16,0.62
PlKB,1,3,4,0.25
PlKL,1,2,3,0.33
PlKM,0,6,6,0.0
PlKN,0,2,2,0.0
PlKP,1,4,5,0.2
PlKS,2,0,2,1.0
PlKb,2,4,6,0.33
PlKh,2,1,3,0.67
PlKl,0,1,1,0.0
PlKm,4,1,5,0.8
PlKn,2,1,3,0.67
PlKs,2,0,2,1.0
PlLB,16,27,43,0.37
PlLD,0,2,2,0.0
PlLK,1,2,3,0.33
PlLL,13,14,27,0.48
PlLM,21,26,47,0.45
PlLN,15,14,29,0.52
PlLP,28,34,62,0.45
PlLS,12,13,25,0.48
PlLb,26,14,40,0.65
PlLh,12,15,27,0.44
PlLj,10,4,14,0.71
PlLl,15,7,22,0.68
PlLm,13,12,25,0.52
PlLn,31,28,59,0.53
PlLs,14,22,36,0.39
PlLt,7,6,13,0.54
PlMB,28,26,54,0.52
PlMD,4,6,10,0.4
PlMK,0,0,0,
PlML,24,28,52,0.46
PlMM,50,44,94,0.53
PlMN,41,37,78,0.53
PlMP,58,51,109,0.53
PlMS,24,37,61,0.39
PlMb,45,43,88,0.51
PlMh,26,35,61,0.43
PlMj,6,6,12,0.5
PlMl,30,12,42,0.71
PlMm,47,45,92,0.51
PlMn,63,52,115,0.55
PlMs,34,29,63,0.54
PlMt,6,14,20,0.3
PlNB,30,34,64,0.47
PlND,1,9,10,0.1
PlNH,9,5,14,0.64
PlNK,4,4,8,0.5
PlNL,20,21,41,0.49
PlNM,42,52,94,0.45
PlNN,37,46,83,0.45
PlNP,75,73,148,0.51
PlNS,37,24,61,0.61
PlNb,53,32,85,0.62
PlNh,12,17,29,0.41
PlNl,23,20,43,0.53
PlNm,37,38,75,0.49
PlNn,53,54,107,0.5
PlNs,31,27,58,0.53
PlNt,8,4,12,0.67
PlPB,47,56,103,0.46
PlPD,0,4,4,0.0
PlPH,13,12,25,0.52
PlPI,8,6,14,0.57
PlPK,9,4,13,0.69
PlPL,26,35,61,0.43
PlPM,66,52,118,0.56
PlPN,45,67,112,0.4
PlPP,69,96,165,0.42
PlPS,35,31,66,0.53
PlPb,59,51,110,0.54
PlPh,7,7,14,0.5
PlPl,40,38,78,0.51
PlPm,63,44,107,0.59
PlPn,45,48,93,0.48
PlPs,49,32,81,0.6
PlPt,3,5,8,0.38
PlSB,24,22,46,0.52
PlSD,3,2,5,0.6
PlSH,15,8,23,0.65
PlSI,1,0,1,1.0
PlSK,1,1,2,0.5
PlSL,5,13,18,0.28
PlSM,35,39,74,0.47
PlSN,30,29,59,0.51
PlSP,46,26,72,0.64
PlSS,29,35,64,0.45
PlSb,29,22,51,0.57
PlSh,15,13,28,0.54
PlSl,21,12,33,0.64
PlSm,26,16,42,0.62
PlSn,33,28,61,0.54
PlSs,22,43,65,0.34
PlSt,5,3,8,0.62
PlbB,48,37,85,0.56
PlbD,2,2,4,0.5
PlbH,17,9,26,0.65
PlbI,5,3,8,0.62
PlbJ,11,15,26,0.42
PlbK,1,4,5,0.2
PlbL,28,26,54,0.52
PlbM,45,56,101,0.45
PlbN,53,51,104,0.51
PlbP,63,61,124,0.51
PlbS,23,22,45,0.51
Plbb,47,50,97,0.48
Plbh,0,1,1,0.0
Plbl,24,22,46,0.52
Plbm,40,32,72,0.56
Plbn,40,36,76,0.53
Plbs,30,20,50,0.6
PlhH,1,0,1,1.0
PlhM,0,0,0,
PlhS,1,0,1,1.0
Plhh,1,0,1,1.0
Plhm,1,0,1,1.0
PllB,22,19,41,0.54
PllD,1,3,4,0.25
PllH,9,6,15,0.6
PllI,1,0,1,1.0
PllJ,3,6,9,0.33
PllK,1,1,2,0.5
PllL,11,12,23,0.48
PllM,25,20,45,0.56
PllN,20,28,48,0.42
PllP,27,26,53,0.51
PllS,9,14,23,0.39
Pllb,32,27,59,0.54
Plll,11,8,19,0.58
Pllm,8,13,21,0.38
Plln,15,16,31,0.48
Plls,10,11,21,0.48
PlmB,30,33,63,0.48
PlmD,3,7,10,0.3
PlmH,19,25,44,0.43
PlmI,0,3,3,0.0
PlmJ,3,9,12,0.25
PlmL,19,14,33,0.58
PlmM,43,40,83,0.52
PlmN,47,42,89,0.53
PlmP,43,42,85,0.51
PlmS,16,18,34,0.47
Plmb,39,40,79,0.49
Plmh,0,1,1,0.0
Plml,13,14,27,0.48
Plmm,32,23,55,0.58
Plmn,28,16,44,0.64
Plms,12,10,22,0.55
PlnB,21,30,51,0.41
PlnD,3,3,6,0.5
PlnH,11,18,29,0.38
PlnI,3,3,6,0.5
PlnK,1,2,3,0.33
PlnL,12,19,31,0.39
PlnM,41,40,81,0.51
PlnN,39,39,78,0.5
PlnP,59,46,105,0.56
PlnS,26,24,50,0.52
Plnb,34,26,60,0.57
Plnh,0,0,0,
Plnl,15,12,27,0.56
Plnm,29,27,56,0.52
Plnn,36,28,64,0.56
Plns,21,24,45,0.47
PlsB,14,17,31,0.45
PlsD,8,9,17,0.47
PlsH,19,21,40,0.48
PlsI,2,6,8,0.25
PlsK,0,2,2,0.0
PlsL,8,12,20,0.4
PlsM,30,34,64,0.47
PlsN,25,18,43,0.58
PlsP,28,28,56,0.5
PlsS,24,22,46,0.52
Plsb,23,22,45,0.51
Plsh,0,5,5,0.0
Plsl,15,11,26,0.58
Plsm,20,11,31,0.65
Plsn,29,15,44,0.66
Plss,15,22,37,0.41
PmBB,45,43,88,0.51
PmBD,13,10,23,0.57
PmBH,0,0,0,
PmBK,10,5,15,0.67
PmBL,27,34,61,0.44
PmBM,54,83,137,0.39
PmBN,80,81,161,0.5
PmBP,109,103,212,0.51
PmBS,53,42,95,0.56
PmBb,61,58,119,0.51
PmBh,6,6,12,0.5
PmBj,17,30,47,0.36
PmBl,31,27,58,0.53
PmBm,63,60,123,0.51
PmBn,79,93,172,0.46
PmBs,30,38,68,0.44
PmBt,14,12,26,0.54
PmDB,10,17,27,0.37
PmDD,6,3,9,0.67
PmDH,18,11,29,0.62
PmDI,2,3,5,0.4
PmDL,5,6,11,0.45
PmDM,18,16,34,0.53
PmDN,10,11,21,0.48
PmDP,24,14,38,0.63
PmDS,18,16,34,0.53
PmDb,9,12,21,0.43
PmDh,1,0,1,1.0
PmDl,6,7,13,0.46
PmDm,20,21,41,0.49
PmDn,15,11,26,0.58
PmDs,12,13,25,0.48
PmDt,4,3,7,0.57
PmHB,48,48,96,0.5
PmHD,9,10,19,0.47
PmHH,7,7,14,0.5
PmHI,4,3,7,0.57
PmHK,4,3,7,0.57
PmHL,24,31,55,0.44
PmHM,53,69,122,0.43
PmHN,50,56,106,0.47
PmHP,73,81,154,0.47
PmHS,41,33,74,0.55
PmHb,52,62,114,0.46
PmHh,26,19,45,0.58
PmHl,27,20,47,0.57
PmHm,54,65,119,0.45
PmHn,70,43,113,0.62
PmHs,42,33,75,0.56
PmHt,5,6,11,0.45
PmIB,1,5,6,0.17
PmID,2,2,4,0.5
PmIH,5,3,8,0.62
PmII,2,1,3,0.67
PmIK,0,1,1,0.0
PmIL,4,1,5,0.8
PmIM,4,6,10,0.4
PmIN,10,3,13,0.77
PmIP,7,7,14,0.5
PmIS,4,1,5,0.8
PmIb,9,4,13,0.69
PmIl,3,1,4,0.75
PmIm,6,4,10,0.6
PmIn,6,4,10,0.6
PmIs,1,7,8,0.12
PmJB,13,14,27,0.48
PmJD,2,1,3,0.67
PmJH,8,7,15,0.53
PmJI,2,1,3,0.67
PmJK,5,1,6,0.83
PmJL,3,9,12,0.25
PmJM,20,13,33,0.61
PmJN,23,12,35,0.66
PmJP,27,23,50,0.54
PmJS,11,9,20,0.55
PmJb,17,14,31,0.55
PmJh,1,2,3,0.33
PmJl,9,7,16,0.56
PmJm,16,12,28,0.57
PmJn,18,19,37,0.49
PmJs,15,13,28,0.54
PmJt,1,4,5,0.2
PmKB,0,1,1,0.0
PmKD,0,0,0,
PmKH,0,0,0,
PmKI,0,1,1,0.0
PmKL,1,0,1,1.0
PmKN,0,1,1,0.0
PmKb,1,0,1,1.0
PmKh,1,1,2,0.5
PmKl,1,1,2,0.5
PmKm,1,2,3,0.33
PmKn,2,0,2,1.0
PmKs,1,0,1,1.0
PmLB,28,30,58,0.48
PmLD,3,4,7,0.43
PmLH,0,1,1,0.0
PmLK,1,2,3,0.33
PmLL,11,19,30,0.37
PmLM,41,48,89,0.46
PmLN,26,39,65,0.4
PmLP,42,42,84,0.5
PmLS,17,31,48,0.35
PmLb,40,32,72,0.56
PmLh,17,19,36,0.47
PmLj,7,9,16,0.44
PmLl,15,13,28,0.54
PmLm,30,20,50,0.6
PmLn,44,41,85,0.52
PmLs,24,24,48,0.5
PmLt,7,6,13,0.54
PmMB,68,75,143,0.48
PmMD,9,11,20,0.45
PmMH,1,0,1,1.0
PmMK,1,0,1,1.0
PmML,20,31,51,0.39
PmMM,101,103,204,0.5
PmMN,79,87,166,0.48
PmMP,96,112,208,0.46
PmMS,62,70,132,0.47
PmMb,93,97,190,0.49
PmMh,77,66,143,0.54
PmMj,20,10,30,0.67
PmMl,48,39,87,0.55
PmMm,115,88,203,0.57
PmMn,123,109,232,0.53
PmMs,53,64,117,0.45
PmMt,7,13,20,0.35
PmNB,71,55,126,0.56
PmND,19,10,29,0.66
PmNH,15,13,28,0.54
PmNI,1,0,1,1.0
PmNK,6,6,12,0.5
PmNL,40,28,68,0.59
PmNM,84,88,172,0.49
PmNN,92,104,196,0.47
PmNP,128,137,265,0.48
PmNS,61,63,124,0.49
PmNb,78,66,144,0.54
PmNh,14,30,44,0.32
PmNl,38,32,70,0.54
PmNm,90,64,154,0.58
PmNn,125,94,219,0.57
PmNs,74,59,133,0.56
PmNt,14,17,31,0.45
PmPB,81,85,166,0.49
PmPD,16,15,31,0.52
PmPH,33,17,50,0.66
PmPI,7,9,16,0.44
PmPK,8,11,19,0.42
PmPL,46,44,90,0.51
PmPM,102,124,226,0.45
PmPN,105,84,189,0.56
PmPP,146,173,319,0.46
PmPS,73,79,152,0.48
PmPb,116,102,218,0.53
PmPh,7,8,15,0.47
PmPl,45,59,104,0.43
PmPm,93,84,177,0.53
PmPn,102,116,218,0.47
PmPs,58,62,120,0.48
PmPt,11,13,24,0.46
PmSB,41,49,90,0.46
PmSD,13,6,19,0.68
PmSH,18,21,39,0.46
PmSI,1,0,1,1.0
PmSK,0,4,4,0.0
PmSL,14,19,33,0.42
PmSM,48,64,112,0.43
PmSN,51,47,98,0.52
PmSP,72,50,122,0.59
PmSS,50,48,98,0.51
PmSb,42,37,79,0.53
PmSh,18,40,58,0.31
PmSl,25,17,42,0.6
PmSm,57,52,109,0.52
PmSn,47,58,105,0.45
PmSs,48,49,97,0.49
PmSt,10,10,20,0.5
PmbB,82,69,151,0.54
PmbD,9,11,20,0.45
PmbH,23,17,40,0.57
PmbI,13,5,18,0.72
PmbJ,30,21,51,0.59
PmbK,9,1,10,0.9
PmbL,36,41,77,0.47
PmbM,96,91,187,0.51
PmbN,101,107,208,0.49
PmbP,108,105,213,0.51
PmbS,38,39,77,0.49
Pmbb,106,95,201,0.53
Pmbl,32,33,65,0.49
Pmbm,77,77,154,0.5
Pmbn,86,63,149,0.58
Pmbs,37,28,65,0.57
PmhB,1,0,1,1.0
PmhM,0,1,1,0.0
PmhN,0,1,1,0.0
PmhS,1,0,1,1.0
Pmhb,1,1,2,0.5
Pmhh,1,0,1,1.0
Pmhs,0,1,1,0.0
PmlB,24,25,49,0.49
PmlD,4,2,6,0.67
PmlH,24,14,38,0.63
PmlI,3,3,6,0.5
PmlJ,4,10,14,0.29
PmlK,0,1,1,0.0
PmlL,17,13,30,0.57
PmlM,35,27,62,0.56
PmlN,32,44,76,0.42
PmlP,52,22,74,0.7
PmlS,12,15,27,0.44
Pmlb,27,37,64,0.42
Pmll,16,14,30,0.53
Pmlm,27,26,53,0.51
Pmln,26,26,52,0.5
Pmls,7,13,20,0.35
PmmB,65,66,131,0.5
PmmD,16,22,38,0.42
PmmH,43,50,93,0.46
PmmI,1,4,5,0.2
PmmJ,14,15,29,0.48
PmmK,1,1,2,0.5
PmmL,20,44,64,0.31
PmmM,61,88,149,0.41
PmmN,84,91,175,0.48
PmmP,108,91,199,0.54
PmmS,40,50,90,0.44
Pmmb,92,59,151,0.61
Pmmh,1,2,3,0.33
Pmml,18,15,33,0.55
Pmmm,80,54,134,0.6
Pmmn,84,58,142,0.59
Pmms,26,27,53,0.49
PmnB,43,45,88,0.49
PmnD,6,11,17,0.35
PmnH,35,39,74,0.47
PmnI,12,2,14,0.86
PmnK,7,2,9,0.78
PmnL,22,17,39,0.56
PmnM,78,90,168,0.46
PmnN,72,70,142,0.51
PmnP,93,94,187,0.5
PmnS,50,49,99,0.51
Pmnb,73,65,138,0.53
Pmnl,22,20,42,0.52
Pmnm,77,61,138,0.56
Pmnn,78,77,155,0.5
Pmns,40,41,81,0.49
PmsB,22,19,41,0.54
PmsD,8,4,12,0.67
PmsH,38,29,67,0.57
PmsI,11,2,13,0.85
PmsK,1,1,2,0.5
PmsL,16,12,28,0.57
PmsM,37,36,73,0.51
PmsN,34,35,69,0.49
PmsP,55,52,107,0.51
PmsS,36,46,82,0.44
Pmsb,36,32,68,0.53
Pmsh,3,6,9,0.33
Pmsl,11,16,27,0.41
Pmsm,34,33,67,0.51
Pmsn,40,33,73,0.55
Pmss,35,23,58,0.6
PmtP,0,1,1,0.0
Pmtb,0,1,1,0.0
PnBB,59,50,109,0.54
PnBD,2,9,11,0.18
PnBH,0,1,1,0.0
PnBK,2,1,3,0.67
PnBL,29,37,66,0.44
PnBM,54,80,134,0.4
PnBN,68,73,141,0.48
PnBP,100,77,177,0.56
PnBS,40,39,79,0.51
PnBb,63,56,119,0.53
PnBh,4,10,14,0.29
PnBj,26,17,43,0.6
PnBl,28,23,51,0.55
PnBm,69,60,129,0.53
PnBn,78,86,164,0.48
PnBs,39,39,78,0.5
PnBt,14,7,21,0.67
PnDB,10,3,13,0.77
PnDD,6,1,7,0.86
PnDH,11,9,20,0.55
PnDI,0,0,0,
PnDL,6,8,14,0.43
PnDM,2,11,13,0.15
PnDN,7,1,8,0.88
PnDP,23,16,39,0.59
PnDS,12,15,27,0.44
PnDb,9,7,16,0.56
PnDl,0,2,2,0.0
PnDm,10,11,21,0.48
PnDn,8,7,15,0.53
PnDs,6,7,13,0.46
PnDt,2,3,5,0.4
PnHB,25,29,54,0.46
PnHD,4,6,10,0.4
PnHH,5,9,14,0.36
PnHI,2,2,4,0.5
PnHK,4,1,5,0.8
PnHL,20,18,38,0.53
PnHM,37,52,89,0.42
PnHN,45,41,86,0.52
PnHP,65,75,140,0.46
PnHS,36,33,69,0.52
PnHb,48,39,87,0.55
PnHh,19,15,34,0.56
PnHl,24,16,40,0.6
PnHm,49,36,85,0.58
PnHn,49,43,92,0.53
PnHs,32,29,61,0.52
PnHt,2,4,6,0.33
PnIB,10,6,16,0.62
PnID,1,2,3,0.33
PnIH,9,7,16,0.56
PnII,1,0,1,1.0
PnIK,0,1,1,0.0
PnIL,2,5,7,0.29
PnIM,10,11,21,0.48
PnIN,10,13,23,0.43
PnIP,13,17,30,0.43
PnIS,10,4,14,0.71
PnIb,14,12,26,0.54
PnIl,3,4,7,0.43
PnIm,18,7,25,0.72
PnIn,10,11,21,0.48
PnIs,10,2,12,0.83
PnIt,1,0,1,1.0
PnKB,5,5,10,0.5
PnKD,2,1,3,0.67
PnKI,3,1,4,0.75
PnKK,2,0,2,1.0
PnKL,3,1,4,0.75
PnKM,8,7,15,0.53
PnKN,8,6,14,0.57
PnKP,10,10,20,0.5
PnKS,5,4,9,0.56
PnKb,7,8,15,0.47
PnKh,8,15,23,0.35
PnKl,5,3,8,0.62
PnKm,10,6,16,0.62
PnKn,10,4,14,0.71
PnKs,8,2,10,0.8
PnKt,0,1,1,0.0
PnLB,27,34,61,0.44
PnLD,4,4,8,0.5
PnLK,6,2,8,0.75
PnLL,19,18,37,0.51
PnLM,31,26,57,0.54
PnLN,32,38,70,0.46
PnLP,47,41,88,0.53
PnLS,26,37,63,0.41
PnLb,28,39,67,0.42
PnLh,13,12,25,0.52
PnLj,11,15,26,0.42
PnLl,20,22,42,0.48
PnLm,44,25,69,0.64
PnLn,46,43,89,0.52
PnLs,22,17,39,0.56
PnLt,4,7,11,0.36
PnMB,86,78,164,0.52
PnMD,12,13,25,0.48
PnMK,0,1,1,0.0
PnML,34,28,62,0.55
PnMM,70,90,160,0.44
PnMN,96,79,175,0.55
PnMP,112,108,220,0.51
PnMS,61,62,123,0.5
PnMb,83,86,169,0.49
PnMh,58,74,132,0.44
PnMj,19,22,41,0.46
PnMl,45,42,87,0.52
PnMm,88,78,166,0.53
PnMn,121,115,236,0.51
PnMs,46,59,105,0.44
PnMt,21,11,32,0.66
PnNB,71,61,132,0.54
PnND,11,16,27,0.41
PnNH,8,19,27,0.3
PnNI,1,0,1,1.0
PnNK,4,10,14,0.29
PnNL,39,41,80,0.49
PnNM,89,105,194,0.46
PnNN,103,126,229,0.45
PnNP,171,151,322,0.53
PnNS,89,73,162,0.55
PnNb,102,90,192,0.53
PnNh,33,31,64,0.52
PnNl,46,42,88,0.52
PnNm,91,82,173,0.53
PnNn,138,129,267,0.52
PnNs,77,64,141,0.55
PnNt,18,12,30,0.6
PnPB,104,95,199,0.52
PnPD,11,8,19,0.58
PnPH,31,40,71,0.44
PnPI,17,8,25,0.68
PnPK,11,13,24,0.46
PnPL,70,82,152,0.46
PnPM,145,156,301,0.48
PnPN,118,136,254,0.46
PnPP,210,200,410,0.51
PnPS,99,100,199,0.5
PnPb,129,120,249,0.52
PnPh,12,7,19,0.63
PnPl,88,79,167,0.53
PnPm,138,78,216,0.64
PnPn,130,112,242,0.54
PnPs,97,105,202,0.48
PnPt,17,22,39,0.44
PnSB,36,49,85,0.42
PnSD,8,8,16,0.5
PnSH,25,26,51,0.49
PnSI,1,3,4,0.25
PnSK,1,3,4,0.25
PnSL,26,33,59,0.44
PnSM,81,69,150,0.54
PnSN,46,69,115,0.4
PnSP,88,80,168,0.52
PnSS,71,82,153,0.46
PnSb,61,55,116,0.53
PnSh,35,37,72,0.49
PnSl,36,33,69,0.52
PnSm,60,56,116,0.52
PnSn,79,81,160,0.49
PnSs,53,64,117,0.45
PnSt,7,10,17,0.41
PnbB,76,54,130,0.58
PnbD,6,6,12,0.5
PnbH,16,18,34,0.47
PnbI,10,6,16,0.62
PnbJ,24,18,42,0.57
PnbK,10,10,20,0.5
PnbL,44,38,82,0.54
PnbM,74,89,163,0.45
PnbN,106,104,210,0.5
PnbP,124,111,235,0.53
PnbS,45,53,98,0.46
Pnbb,87,82,169,0.51
Pnbh,1,0,1,1.0
Pnbl,37,35,72,0.51
Pnbm,76,64,140,0.54
Pnbn,80,62,142,0.56
Pnbs,40,31,71,0.56
PnhB,8,2,10,0.8
PnhD,0,0,0,
PnhH,1,0,1,1.0
PnhL,2,4,6,0.33
PnhM,5,10,15,0.33
PnhN,0,3,3,0.0
PnhP,6,4,10,0.6
PnhS,2,3,5,0.4
Pnhb,3,5,8,0.38
Pnhh,3,4,7,0.43
Pnhl,4,2,6,0.67
Pnhm,5,5,10,0.5
Pnhn,2,4,6,0.33
Pnhs,2,1,3,0.67
Pnht,1,0,1,1.0
PnlB,28,24,52,0.54
PnlD,6,2,8,0.75
PnlH,32,28,60,0.53
PnlI,5,5,10,0.5
PnlJ,11,16,27,0.41
PnlK,1,0,1,1.0
PnlL,23,23,46,0.5
PnlM,41,39,80,0.51
PnlN,43,45,88,0.49
PnlP,61,51,112,0.54
PnlS,25,26,51,0.49
Pnlb,51,34,85,0.6
Pnll,18,11,29,0.62
Pnlm,21,23,44,0.48
Pnln,34,34,68,0.5
Pnls,26,25,51,0.51
PnmB,80,80,160,0.5
PnmD,8,9,17,0.47
PnmH,49,55,104,0.47
PnmI,6,6,12,0.5
PnmJ,18,9,27,0.67
PnmK,1,0,1,1.0
PnmL,30,31,61,0.49
PnmM,76,75,151,0.5
PnmN,78,81,159,0.49
PnmP,101,90,191,0.53
PnmS,57,39,96,0.59
Pnmb,92,72,164,0.56
Pnml,34,23,57,0.6
Pnmm,58,44,102,0.57
Pnmn,71,74,145,0.49
Pnms,45,34,79,0.57
Pnmt,0,0,0,
PnnB,56,64,120,0.47
PnnD,18,13,31,0.58
PnnH,42,33,75,0.56
PnnI,13,5,18,0.72
PnnK,8,8,16,0.5
PnnL,29,26,55,0.53
PnnM,83,84,167,0.5
PnnN,96,114,210,0.46
PnnP,145,130,275,0.53
PnnS,57,70,127,0.45
Pnnb,93,71,164,0.57
Pnnh,1,3,4,0.25
Pnnl,45,44,89,0.51
Pnnm,79,46,125,0.63
Pnnn,89,90,179,0.5
Pnns,65,53,118,0.55
PnsB,40,29,69,0.58
PnsD,10,3,13,0.77
PnsH,47,51,98,0.48
PnsI,6,7,13,0.46
PnsK,2,2,4,0.5
PnsL,31,26,57,0.54
PnsM,71,64,135,0.53
PnsN,73,59,132,0.55
PnsP,85,81,166,0.51
PnsS,62,61,123,0.5
Pnsb,50,55,105,0.48
Pnsh,3,1,4,0.75
Pnsl,35,28,63,0.56
Pnsm,60,49,109,0.55
Pnsn,74,54,128,0.58
Pnss,45,41,86,0.52
Pnst,0,1,1,0.0
PntB,2,0,2,1.0
PntM,0,2,2,0.0
PntN,2,0,2,1.0
PntP,1,0,1,1.0
PntS,0,1,1,0.0
Pntm,1,0,1,1.0
Pnts,0,1,1,0.0
PsBB,38,25,63,0.6
PsBD,8,5,13,0.62
PsBH,1,0,1,1.0
PsBK,2,4,6,0.33
PsBL,19,19,38,0.5
PsBM,32,44,76,0.42
PsBN,43,49,92,0.47
PsBP,51,47,98,0.52
PsBS,18,18,36,0.5
PsBb,37,37,74,0.5
PsBh,7,4,11,0.64
PsBj,10,8,18,0.56
PsBl,13,22,35,0.37
PsBm,42,36,78,0.54
PsBn,39,53,92,0.42
PsBs,17,16,33,0.52
PsBt,3,4,7,0.43
PsDB,5,10,15,0.33
PsDD,8,3,11,0.73
PsDH,5,13,18,0.28
PsDL,2,1,3,0.67
PsDM,12,14,26,0.46
PsDN,13,10,23,0.57
PsDP,7,10,17,0.41
PsDS,7,4,11,0.64
PsDb,9,7,16,0.56
PsDl,3,3,6,0.5
PsDm,9,10,19,0.47
PsDn,5,5,10,0.5
PsDs,7,9,16,0.44
PsDt,1,1,2,0.5
PsHB,34,33,67,0.51
PsHD,9,8,17,0.53
PsHH,12,13,25,0.48
PsHI,5,3,8,0.62
PsHK,1,5,6,0.17
PsHL,23,23,46,0.5
PsHM,46,62,108,0.43
PsHN,46,44,90,0.51
PsHP,71,66,137,0.52
PsHS,48,35,83,0.58
PsHb,48,44,92,0.52
PsHh,30,34,64,0.47
PsHl,21,18,39,0.54
PsHm,44,32,76,0.58
PsHn,54,41,95,0.57
PsHs,45,32,77,0.58
PsHt,1,4,5,0.2
PsIB,6,8,14,0.43
PsID,1,0,1,1.0
PsIH,6,3,9,0.67
PsII,0,0,0,
PsIL,6,4,10,0.6
PsIM,10,10,20,0.5
PsIN,10,8,18,0.56
PsIP,8,13,21,0.38
PsIS,5,8,13,0.38
PsIb,4,7,11,0.36
PsIl,5,5,10,0.5
PsIm,6,10,16,0.38
PsIn,4,2,6,0.67
PsIs,4,3,7,0.57
PsIt,1,0,1,1.0
PsKB,1,0,1,1.0
PsKL,3,1,4,0.75
PsKM,3,2,5,0.6
PsKN,1,1,2,0.5
PsKP,2,2,4,0.5
PsKS,1,2,3,0.33
PsKh,1,1,2,0.5
PsKl,0,0,0,
PsKm,5,1,6,0.83
PsKn,0,1,1,0.0
PsKs,1,0,1,1.0
PsKt,0,1,1,0.0
PsLB,17,22,39,0.44
PsLD,2,3,5,0.4
PsLH,0,1,1,0.0
PsLI,0,1,1,0.0
PsLK,2,2,4,0.5
PsLL,5,15,20,0.25
PsLM,27,28,55,0.49
PsLN,21,16,37,0.57
PsLP,25,27,52,0.48
PsLS,23,27,50,0.46
PsLb,24,14,38,0.63
PsLh,13,12,25,0.52
PsLj,4,7,11,0.36
PsLl,19,15,34,0.56
PsLm,36,24,60,0.6
PsLn,33,29,62,0.53
PsLs,14,18,32,0.44
PsLt,7,4,11,0.64
PsMB,54,34,88,0.61
PsMD,10,7,17,0.59
PsMH,1,2,3,0.33
PsMI,0,0,0,
PsMK,1,2,3,0.33
PsML,26,29,55,0.47
PsMM,51,49,100,0.51
PsMN,46,52,98,0.47
PsMP,52,61,113,0.46
PsMS,42,35,77,0.55
PsMb,61,46,107,0.57
PsMh,52,46,98,0.53
PsMj,15,18,33,0.45
PsMl,22,25,47,0.47
PsMm,61,63,124,0.49
PsMn,53,65,118,0.45
PsMs,30,33,63,0.48
PsMt,8,12,20,0.4
PsNB,43,37,80,0.54
PsND,4,7,11,0.36
PsNH,5,6,11,0.45
PsNK,6,6,12,0.5
PsNL,22,28,50,0.44
PsNM,49,57,106,0.46
PsNN,68,63,131,0.52
PsNP,85,96,181,0.47
PsNS,42,55,97,0.43
PsNb,57,51,108,0.53
PsNh,18,25,43,0.42
PsNl,18,31,49,0.37
PsNm,44,31,75,0.59
PsNn,59,63,122,0.48
PsNs,50,48,98,0.51
PsNt,9,9,18,0.5
PsPB,59,63,122,0.48
PsPD,2,9,11,0.18
PsPH,16,28,44,0.36
PsPI,7,6,13,0.54
PsPK,6,11,17,0.35
PsPL,43,46,89,0.48
PsPM,55,90,145,0.38
PsPN,69,79,148,0.47
PsPP,139,150,289,0.48
PsPS,65,65,130,0.5
PsPb,72,90,162,0.44
PsPh,5,7,12,0.42
PsPl,43,51,94,0.46
PsPm,76,73,149,0.51
PsPn,89,84,173,0.51
PsPs,74,60,134,0.55
PsPt,7,3,10,0.7
PsSB,44,29,73,0.6
PsSD,6,9,15,0.4
PsSH,29,15,44,0.66
PsSI,2,0,2,1.0
PsSK,2,2,4,0.5
PsSL,27,26,53,0.51
PsSM,49,71,120,0.41
PsSN,24,66,90,0.27
PsSP,91,93,184,0.49
PsSS,49,70,119,0.41
PsSb,40,35,75,0.53
PsSh,33,41,74,0.45
PsSl,31,38,69,0.45
PsSm,60,48,108,0.56
PsSn,56,62,118,0.47
PsSs,68,80,148,0.46
PsSt,7,11,18,0.39
PsbB,37,38,75,0.49
PsbD,7,3,10,0.7
PsbH,10,10,20,0.5
PsbI,9,5,14,0.64
PsbJ,28,16,44,0.64
PsbK,9,2,11,0.82
PsbL,32,21,53,0.6
PsbM,67,57,124,0.54
PsbN,62,57,119,0.52
PsbP,73,69,142,0.51
PsbS,28,33,61,0.46
Psbb,71,50,121,0.59
Psbh,0,0,0,
Psbl,23,14,37,0.62
Psbm,43,29,72,0.6
Psbn,39,50,89,0.44
Psbs,17,25,42,0.4
PshB,3,1,4,0.75
PshH,0,0,0,
PshK,0,1,1,0.0
PshL,1,2,3,0.33
PshM,5,4,9,0.56
PshN,4,2,6,0.67
PshP,3,3,6,0.5
PshS,0,4,4,0.0
Pshb,2,0,2,1.0
Pshh,3,0,3,1.0
Pshl,1,0,1,1.0
Pshm,5,3,8,0.62
Pshn,2,3,5,0.4
Pshs,3,2,5,0.6
PslB,15,24,39,0.38
PslD,3,1,4,0.75
PslH,14,13,27,0.52
PslI,2,4,6,0.33
PslJ,9,14,23,0.39
PslK,2,0,2,1.0
PslL,17,15,32,0.53
PslM,32,30,62,0.52
PslN,29,41,70,0.41
PslP,36,28,64,0.56
PslS,20,20,40,0.5
Pslb,32,27,59,0.54
Psll,13,16,29,0.45
Pslm,26,21,47,0.55
Psln,21,28,49,0.43
Psls,19,19,38,0.5
PsmB,55,41,96,0.57
PsmD,9,5,14,0.64
PsmH,54,42,96,0.56
PsmI,5,3,8,0.62
PsmJ,5,14,19,0.26
PsmK,1,2,3,0.33
PsmL,29,29,58,0.5
PsmM,55,61,116,0.47
PsmN,62,62,124,0.5
PsmP,59,60,119,0.5
PsmS,29,43,72,0.4
Psmb,62,53,115,0.54
Psmh,0,1,1,0.0
Psml,21,24,45,0.47
Psmm,63,42,105,0.6
Psmn,44,51,95,0.46
Psms,28,25,53,0.53
PsnB,31,40,71,0.44
PsnD,6,9,15,0.4
PsnH,24,27,51,0.47
PsnI,6,6,12,0.5
PsnK,2,6,8,0.25
PsnL,17,20,37,0.46
PsnM,38,48,86,0.44
PsnN,51,66,117,0.44
PsnP,67,79,146,0.46
PsnS,33,46,79,0.42
Psnb,55,40,95,0.58
Psnh,1,0,1,1.0
Psnl,19,24,43,0.44
Psnm,32,41,73,0.44
Psnn,36,52,88,0.41
Psns,30,42,72,0.42
PssB,27,26,53,0.51
PssD,12,5,17,0.71
PssH,40,42,82,0.49
PssI,5,7,12,0.42
PssK,1,1,2,0.5
PssL,17,17,34,0.5
PssM,35,47,82,0.43
PssN,55,47,102,0.54
PssP,59,66,125,0.47
PssS,60,63,123,0.49
Pssb,49,36,85,0.58
Pssh,3,1,4,0.75
Pssl,26,17,43,0.6
Pssm,39,29,68,0.57
Pssn,41,32,73,0.56
Psss,62,44,106,0.58
PstL,0,1,1,0.0
PstM,1,1,2,0.5
PstN,1,0,1,1.0
PstP,1,1,2,0.5
Pstb,0,1,1,0.0
Pstl,2,1,3,0.67
Pstm,1,0,1,1.0
Pstn,0,1,1,0.0
PtBB,7,5,12,0.58
PtBD,2,1,3,0.67
PtBL,5,4,9,0.56
PtBM,9,8,17,0.53
PtBN,8,5,13,0.62
PtBP,8,12,20,0.4
PtBS,1,3,4,0.25
PtBb,2,7,9,0.22
PtBh,0,0,0,
PtBj,1,2,3,0.33
PtBl,3,3,6,0.5
PtBm,9,3,12,0.75
PtBn,6,5,11,0.55
PtBs,3,1,4,0.75
PtBt,1,0,1,1.0
PtDB,0,1,1,0.0
PtDH,2,3,5,0.4
PtDI,0,0,0,
PtDM,2,1,3,0.67
PtDN,1,1,2,0.5
PtDP,1,0,1,1.0
PtDS,2,0,2,1.0
PtDb,0,1,1,0.0
PtDl,0,2,2,0.0
PtDm,1,2,3,0.33
PtDn,2,0,2,1.0
PtDs,1,3,4,0.25
PtHB,6,3,9,0.67
PtHD,1,2,3,0.33
PtHH,1,2,3,0.33
PtHI,2,1,3,0.67
PtHK,0,0,0,
PtHL,2,1,3,0.67
PtHM,4,4,8,0.5
PtHN,6,7,13,0.46
PtHP,7,3,10,0.7
PtHS,2,3,5,0.4
PtHb,3,4,7,0.43
PtHh,1,2,3,0.33
PtHl,6,7,13,0.46
PtHm,4,4,8,0.5
PtHn,3,6,9,0.33
PtHs,3,4,7,0.43
PtHt,1,0,1,1.0
PtIH,1,0,1,1.0
PtIP,0,0,0,
PtIS,0,2,2,0.0
PtIb,1,0,1,1.0
PtIm,2,0,2,1.0
PtKB,0,1,1,0.0
PtKM,2,2,4,0.5
PtKN,1,0,1,1.0
PtKP,1,0,1,1.0
PtKS,0,2,2,0.0
PtKb,1,0,1,1.0
PtKh,0,1,1,0.0
PtKl,1,0,1,1.0
PtKm,0,3,3,0.0
PtKs,1,0,1,1.0
PtLB,7,2,9,0.78
PtLL,3,1,4,0.75
PtLM,6,5,11,0.55
PtLN,3,5,8,0.38
PtLP,8,6,14,0.57
PtLS,0,3,3,0.0
PtLb,9,6,15,0.6
PtLh,2,2,4,0.5
PtLj,1,1,2,0.5
PtLl,2,3,5,0.4
PtLm,4,1,5,0.8
PtLn,8,0,8,1.0
PtLs,4,3,7,0.57
PtLt,0,1,1,0.0
PtMB,5,11,16,0.31
PtMD,0,1,1,0.0
PtMK,0,0,0,
PtML,4,5,9,0.44
PtMM,10,7,17,0.59
PtMN,6,8,14,0.43
PtMP,12,14,26,0.46
PtMS,5,10,15,0.33
PtMb,21,8,29,0.72
PtMh,5,6,11,0.45
PtMj,3,2,5,0.6
PtMl,8,6,14,0.57
PtMm,8,11,19,0.42
PtMn,14,11,25,0.56
PtMs,12,5,17,0.71
PtMt,2,1,3,0.67
PtNB,9,7,16,0.56
PtND,1,0,1,1.0
PtNH,2,1,3,0.67
PtNK,0,0,0,
PtNL,3,1,4,0.75
PtNM,6,9,15,0.4
PtNN,7,8,15,0.47
PtNP,13,7,20,0.65
PtNS,4,2,6,0.67
PtNb,7,8,15,0.47
PtNh,2,4,6,0.33
PtNl,3,3,6,0.5
PtNm,6,9,15,0.4
PtNn,9,9,18,0.5
PtNs,4,8,12,0.33
PtNt,1,0,1,1.0
PtPB,9,4,13,0.69
PtPD,2,2,4,0.5
PtPH,4,3,7,0.57
PtPI,0,1,1,0.0
PtPK,0,1,1,0.0
PtPL,7,8,15,0.47
PtPM,12,12,24,0.5
PtPN,11,9,20,0.55
PtPP,26,11,37,0.7
PtPS,13,14,27,0.48
PtPb,10,12,22,0.45
PtPh,2,3,5,0.4
PtPl,11,11,22,0.5
PtPm,28,15,43,0.65
PtPn,10,10,20,0.5
PtPs,9,9,18,0.5
PtPt,1,2,3,0.33
PtSB,4,6,10,0.4
PtSD,2,0,2,1.0
PtSH,4,5,9,0.44
PtSK,1,0,1,1.0
PtSL,2,4,6,0.33
PtSM,5,8,13,0.38
PtSN,9,4,13,0.69
PtSP,12,3,15,0.8
PtSS,14,11,25,0.56
PtSb,3,6,9,0.33
PtSh,4,2,6,0.67
PtSl,3,4,7,0.43
PtSm,9,10,19,0.47
PtSn,8,10,18,0.44
PtSs,8,8,16,0.5
PtSt,2,0,2,1.0
PtbB,12,8,20,0.6
PtbD,1,0,1,1.0
PtbH,3,1,4,0.75
PtbI,0,1,1,0.0
PtbJ,6,6,12,0.5
PtbL,5,6,11,0.45
PtbM,10,7,17,0.59
PtbN,8,18,26,0.31
PtbP,12,14,26,0.46
PtbS,6,5,11,0.55
Ptbb,8,9,17,0.47
Ptbl,6,7,13,0.46
Ptbm,7,8,15,0.47
Ptbn,7,8,15,0.47
Ptbs,2,5,7,0.29
PthL,1,0,1,1.0
PthP,1,1,2,0.5
Pthb,0,1,1,0.0
Pthh,1,0,1,1.0
Pthm,1,0,1,1.0
PtlB,4,6,10,0.4
PtlH,2,2,4,0.5
PtlI,2,0,2,1.0
PtlJ,0,1,1,0.0
PtlK,2,0,2,1.0
PtlL,4,4,8,0.5
PtlM,5,4,9,0.56
PtlN,4,1,5,0.8
PtlP,9,7,16,0.56
PtlS,3,4,7,0.43
Ptlb,7,8,15,0.47
Ptll,3,4,7,0.43
Ptlm,4,6,10,0.4
Ptln,4,0,4,1.0
Ptls,1,0,1,1.0
PtmB,4,4,8,0.5
PtmD,2,1,3,0.67
PtmH,8,5,13,0.62
PtmI,1,1,2,0.5
PtmJ,4,2,6,0.67
PtmL,3,5,8,0.38
PtmM,13,9,22,0.59
PtmN,6,12,18,0.33
PtmP,8,14,22,0.36
PtmS,9,11,20,0.45
Ptmb,10,7,17,0.59
Ptml,4,5,9,0.44
Ptmm,9,7,16,0.56
Ptmn,5,6,11,0.45
Ptms,3,1,4,0.75
PtnB,7,8,15,0.47
PtnD,2,3,5,0.4
PtnH,2,6,8,0.25
PtnI,1,0,1,1.0
PtnK,0,0,0,
PtnL,0,1,1,0.0
PtnM,7,10,17,0.41
PtnN,12,8,20,0.6
PtnP,13,12,25,0.52
PtnS,6,5,11,0.55
Ptnb,4,9,13,0.31
Ptnh,1,0,1,1.0
Ptnl,0,4,4,0.0
Ptnm,11,4,15,0.73
Ptnn,7,6,13,0.54
Ptns,8,6,14,0.57
PtsB,4,5,9,0.44
PtsD,1,1,2,0.5
PtsH,3,3,6,0.5
PtsI,1,0,1,1.0
PtsL,0,3,3,0.0
PtsM,4,9,13,0.31
PtsN,3,7,10,0.3
PtsP,10,10,20,0.5
PtsS,8,11,19,0.42
Ptsb,3,2,5,0.6
Ptsl,0,3,3,0.0
Ptsm,6,5,11,0.55
Ptsn,0,6,6,0.0
Ptss,5,3,8,0.62
PttB,0,1,1,0.0
PttD,0,0,0,
PttH,2,0,2,1.0
PttL,3,2,5,0.6
PttM,5,1,6,0.83
PttN,4,1,5,0.8
PttP,1,1,2,0.5
PttS,4,2,6,0.67
Pttb,1,1,2,0.5
Ptth,0,1,1,0.0
Pttl,0,2,2,0.0
Pttm,0,1,1,0.0
Pttn,2,1,3,0.67
Pttt,1,0,1,1.0
S,0,0,0,
SBBB,16,38,54,0.3
SBBD,4,4,8,0.5
SBBK,5,1,6,0.83
SBBL,13,9,22,0.59
SBBM,23,23,46,0.5
SBBN,31,25,56,0.55
SBBP,36,45,81,0.44
SBBS,15,17,32,0.47
SBBb,27,36,63,0.43
SBBh,5,4,9,0.56
SBBj,6,7,13,0.46
SBBl,5,13,18,0.28
SBBm,34,30,64,0.53
SBBn,45,45,90,0.5
SBBs,10,9,19,0.53
SBBt,3,4,7,0.43
SBDB,5,1,6,0.83
SBDD,1,2,3,0.33
SBDH,3,3,6,0.5
SBDI,1,0,1,1.0
SBDL,3,2,5,0.6
SBDM,4,3,7,0.57
SBDN,5,6,11,0.45
SBDP,6,6,12,0.5
SBDS,4,3,7,0.57
SBDb,2,1,3,0.67
SBDl,2,0,2,1.0
SBDm,3,3,6,0.5
SBDn,3,4,7,0.43
SBDs,2,0,2,1.0
SBDt,2,0,2,1.0
SBHL,1,0,1,1.0
SBHN,1,0,1,1.0
SBHm,1,0,1,1.0
SBIs,0,1,1,0.0
SBKB,5,2,7,0.71
SBKD,0,0,0,
SBKH,1,0,1,1.0
SBKI,1,0,1,1.0
SBKL,2,0,2,1.0
SBKM,4,4,8,0.5
SBKN,0,2,2,0.0
SBKP,3,5,8,0.38
SBKS,2,1,3,0.67
SBKb,3,2,5,0.6
SBKh,0,4,4,0.0
SBKl,1,1,2,0.5
SBKm,3,3,6,0.5
SBKn,2,1,3,0.67
SBKs,3,1,4,0.75
SBLB,7,9,16,0.44
SBLD,0,4,4,0.0
SBLH,1,1,2,0.5
SBLK,1,1,2,0.5
SBLL,5,12,17,0.29
SBLM,7,6,13,0.54
SBLN,8,8,16,0.5
SBLP,13,12,25,0.52
SBLS,4,8,12,0.33
SBLb,15,12,27,0.56
SBLh,2,9,11,0.18
SBLj,5,3,8,0.62
SBLl,3,5,8,0.38
SBLm,16,12,28,0.57
SBLn,12,17,29,0.41
SBLs,12,8,20,0.6
SBLt,4,3,7,0.57
SBMB,24,27,51,0.47
SBMD,1,7,8,0.12
SBMH,0,1,1,0.0
SBMI,1,0,1,1.0
SBMK,0,2,2,0.0
SBML,5,10,15,0.33
SBMM,25,19,44,0.57
SBMN,17,22,39,0.44
SBMP,27,36,63,0.43
SBMS,17,9,26,0.65
SBMb,37,32,69,0.54
SBMh,25,14,39,0.64
SBMj,4,7,11,0.36
SBMl,11,16,27,0.41
SBMm,34,31,65,0.52
SBMn,41,33,74,0.55
SBMs,18,7,25,0.72
SBMt,5,3,8,0.62
SBNB,29,35,64,0.45
SBND,5,4,9,0.56
SBNH,2,5,7,0.29
SBNK,1,2,3,0.33
SBNL,19,9,28,0.68
SBNM,27,29,56,0.48
SBNN,47,43,90,0.52
SBNP,55,53,108,0.51
SBNS,18,27,45,0.4
SBNb,29,32,61,0.48
SBNh,11,16,27,0.41
SBNl,10,11,21,0.48
SBNm,37,30,67,0.55
SBNn,41,45,86,0.48
SBNs,23,21,44,0.52
SBNt,6,5,11,0.55
SBPB,39,40,79,0.49
SBPD,9,2,11,0.82
SBPH,6,6,12,0.5
SBPI,1,3,4,0.25
SBPK,4,4,8,0.5
SBPL,20,18,38,0.53
SBPM,40,49,89,0.45
SBPN,44,54,98,0.45
SBPP,69,69,138,0.5
SBPS,23,25,48,0.48
SBPb,29,37,66,0.44
SBPh,8,4,12,0.67
SBPl,16,16,32,0.5
SBPm,44,40,84,0.52
SBPn,42,38,80,0.52
SBPs,19,18,37,0.51
SBPt,3,7,10,0.3
SBSB,9,20,29,0.31
SBSD,1,4,5,0.2
SBSH,5,5,10,0.5
SBSI,0,1,1,0.0
SBSK,2,2,4,0.5
SBSL,5,7,12,0.42
SBSM,22,33,55,0.4
SBSN,19,19,38,0.5
SBSP,23,23,46,0.5
SBSS,18,19,37,0.49
SBSb,25,17,42,0.6
SBSh,12,7,19,0.63
SBSl,11,7,18,0.61
SBSm,28,17,45,0.62
SBSn,23,16,39,0.59
SBSs,17,18,35,0.49
SBSt,1,4,5,0.2
SBbB,31,30,61,0.51
SBbD,1,3,4,0.25
SBbH,2,14,16,0.12
SBbI,2,1,3,0.67
SBbJ,10,11,21,0.48
SBbK,4,1,5,0.8
SBbL,14,14,28,0.5
SBbM,29,40,69,0.42
SBbN,43,40,83,0.52
SBbP,48,50,98,0.49
SBbS,13,20,33,0.39
SBbb,33,21,54,0.61
SBbl,13,11,24,0.54
SBbm,28,19,47,0.6
SBbn,38,30,68,0.56
SBbs,15,12,27,0.56
SBhB,2,1,3,0.67
SBhD,0,0,0,
SBhL,0,2,2,0.0
SBhM,1,3,4,0.25
SBhN,8,5,13,0.62
SBhP,8,9,17,0.47
SBhS,5,2,7,0.71
SBhb,9,2,11,0.82
SBhh,3,3,6,0.5
SBhl,4,3,7,0.57
SBhm,6,5,11,0.55
SBhn,7,5,12,0.58
SBhs,3,3,6,0.5
SBht,0,2,2,0.0
SBjB,10,9,19,0.53
SBjD,2,0,2,1.0
SBjH,4,1,5,0.8
SBjI,2,1,3,0.67
SBjK,0,2,2,0.0
SBjL,2,4,6,0.33
SBjM,5,14,19,0.26
SBjN,9,9,18,0.5
SBjP,17,11,28,0.61
SBjS,5,6,11,0.45
SBjb,5,7,12,0.42
SBjh,0,3,3,0.0
SBjl,2,5,7,0.29
SBjm,10,7,17,0.59
SBjn,6,15,21,0.29
SBjs,4,3,7,0.57
SBjt,1,1,2,0.5
SBlB,13,7,20,0.65
SBlD,0,2,2,0.0
SBlH,4,5,9,0.44
SBlJ,1,2,3,0.33
SBlK,0,0,0,
SBlL,4,4,8,0.5
SBlM,9,13,22,0.41
SBlN,9,28,37,0.24
SBlP,17,19,36,0.47
SBlS,19,10,29,0.66
SBlb,15,16,31,0.48
SBll,2,4,6,0.33
SBlm,13,12,25,0.52
SBln,10,14,24,0.42
SBls,6,7,13,0.46
SBmB,20,22,42,0.48
SBmD,11,7,18,0.61
SBmH,16,17,33,0.48
SBmI,2,1,3,0.67
SBmJ,1,8,9,0.11
SBmK,0,1,1,0.0
SBmL,6,14,20,0.3
SBmM,34,31,65,0.52
SBmN,52,35,87,0.6
SBmP,44,35,79,0.56
SBmS,21,20,41,0.51
SBmb,18,24,42,0.43
SBml,12,3,15,0.8
SBmm,32,22,54,0.59
SBmn,33,25,58,0.57
SBms,15,12,27,0.56
SBnB,33,40,73,0.45
SBnD,6,7,13,0.46
SBnH,15,9,24,0.62
SBnI,6,5,11,0.55
SBnK,1,6,7,0.14
SBnL,12,14,26,0.46
SBnM,40,39,79,0.51
SBnN,59,59,118,0.5
SBnP,64,61,125,0.51
SBnS,27,32,59,0.46
SBnb,28,30,58,0.48
SBnh,2,3,5,0.4
SBnl,15,11,26,0.58
SBnm,36,45,81,0.44
SBnn,49,48,97,0.51
SBns,32,26,58,0.55
SBsB,8,8,16,0.5
SBsD,4,6,10,0.4
SBsH,17,13,30,0.57
SBsI,1,2,3,0.33
SBsL,6,9,15,0.4
SBsM,20,10,30,0.67
SBsN,23,15,38,0.61
SBsP,16,26,42,0.38
SBsS,18,26,44,0.41
SBsb,11,18,29,0.38
SBsl,12,3,15,0.8
SBsm,20,15,35,0.57
SBsn,19,19,38,0.5
SBss,13,12,25,0.52
SBtB,4,0,4,1.0
SBtD,0,2,2,0.0
SBtH,4,1,5,0.8
SBtK,1,0,1,1.0
SBtL,1,1,2,0.5
SBtM,3,4,7,0.43
SBtN,9,2,11,0.82
SBtP,6,12,18,0.33
SBtS,5,3,8,0.62
SBtb,5,3,8,0.62
SBtl,3,1,4,0.75
SBtm,15,6,21,0.71
SBtn,7,5,12,0.58
SBts,2,2,4,0.5
SBtt,1,2,3,0.33
SDBB,3,3,6,0.5
SDBD,2,0,2,1.0
SDBK,0,1,1,0.0
SDBL,1,2,3,0.33
SDBM,4,7,11,0.36
SDBN,6,4,10,0.6
SDBP,5,5,10,0.5
SDBS,1,5,6,0.17
SDBb,5,6,11,0.45
SDBh,0,1,1,0.0
SDBj,2,5,7,0.29
SDBl,1,0,1,1.0
SDBm,4,3,7,0.57
SDBn,5,8,13,0.38
SDBs,1,1,2,0.5
SDBt,0,3,3,0.0
SDDB,4,2,6,0.67
SDDD,6,1,7,0.86
SDDH,1,5,6,0.17
SDDL,1,2,3,0.33
SDDM,8,3,11,0.73
SDDN,1,0,1,1.0
SDDP,3,3,6,0.5
SDDS,4,5,9,0.44
SDDb,1,2,3,0.33
SDDh,0,1,1,0.0
SDDl,1,2,3,0.33
SDDm,7,8,15,0.47
SDDn,1,3,4,0.25
SDDs,0,3,3,0.0
SDHB,2,3,5,0.4
SDHD,2,3,5,0.4
SDHH,1,3,4,0.25
SDHI,1,0,1,1.0
SDHL,2,1,3,0.67
SDHM,8,12,20,0.4
SDHN,2,11,13,0.15
SDHP,3,11,14,0.21
SDHS,4,4,8,0.5
SDHb,6,9,15,0.4
SDHh,4,2,6,0.67
SDHl,2,4,6,0.33
SDHm,12,5,17,0.71
SDHn,3,2,5,0.6
SDHs,3,7,10,0.3
SDHt,0,1,1,0.0
SDIB,1,1,2,0.5
SDID,0,0,0,
SDIL,1,0,1,1.0
SDIM,0,1,1,0.0
SDIN,1,0,1,1.0
SDIS,2,1,3,0.67
SDIb,1,0,1,1.0
SDIm,2,0,2,1.0
SDIn,0,0,0,
SDKD,1,0,1,1.0
SDKs,0,1,1,0.0
SDLB,2,1,3,0.67
SDLD,1,0,1,1.0
SDLK,0,2,2,0.0
SDLL,1,0,1,1.0
SDLM,2,2,4,0.5
SDLN,1,2,3,0.33
SDLP,0,4,4,0.0
SDLS,1,2,3,0.33
SDLb,2,4,6,0.33
SDLh,1,0,1,1.0
SDLj,0,0,0,
SDLl,1,1,2,0.5
SDLm,2,2,4,0.5
SDLn,2,2,4,0.5
SDLs,1,0,1,1.0
SDLt,0,1,1,0.0
SDMB,14,12,26,0.54
SDMD,8,1,9,0.89
SDMH,0,1,1,0.0
SDML,3,0,3,1.0
SDMM,5,13,18,0.28
SDMN,5,3,8,0.62
SDMP,12,7,19,0.63
SDMS,9,9,18,0.5
SDMb,11,8,19,0.58
SDMh,6,6,12,0.5
SDMj,1,1,2,0.5
SDMl,1,1,2,0.5
SDMm,13,7,20,0.65
SDMn,10,4,14,0.71
SDMs,6,9,15,0.4
SDMt,1,0,1,1.0
SDNB,3,3,6,0.5
SDND,2,0,2,1.0
SDNI,0,1,1,0.0
SDNK,0,1,1,0.0
SDNL,4,1,5,0.8
SDNM,7,6,13,0.54
SDNN,5,5,10,0.5
SDNP,5,10,15,0.33
SDNS,7,5,12,0.58
SDNb,3,6,9,0.33
SDNh,0,2,2,0.0
SDNl,2,1,3,0.67
SDNm,7,9,16,0.44
SDNn,5,7,12,0.42
SDNs,3,4,7,0.43
SDNt,2,2,4,0.5
SDPB,10,7,17,0.59
SDPD,1,1,2,0.5
SDPH,1,1,2,0.5
SDPK,3,1,4,0.75
SDPL,3,8,11,0.27
SDPM,8,17,25,0.32
SDPN,8,4,12,0.67
SDPP,11,5,16,0.69
SDPS,9,8,17,0.53
SDPb,10,7,17,0.59
SDPh,1,0,1,1.0
SDPl,6,1,7,0.86
SDPm,10,12,22,0.45
SDPn,1,5,6,0.17
SDPs,4,4,8,0.5
SDPt,0,1,1,0.0
SDSB,7,6,13,0.54
SDSD,5,2,7,0.71
SDSH,3,5,8,0.38
SDSI,1,1,2,0.5
SDSK,0,0,0,
SDSL,3,4,7,0.43
SDSM,16,5,21,0.76
SDSN,7,12,19,0.37
SDSP,8,2,10,0.8
SDSS,12,10,22,0.55
SDSb,8,2,10,0.8
SDSh,6,4,10,0.6
SDSl,2,3,5,0.4
SDSm,11,10,21,0.52
SDSn,5,6,11,0.45
SDSs,14,10,24,0.58
SDSt,1,1,2,0.5
SDbB,3,4,7,0.43
SDbD,0,1,1,0.0
SDbH,3,1,4,0.75
SDbJ,6,0,6,1.0
SDbL,1,1,2,0.5
SDbM,7,5,12,0.58
SDbN,7,2,9,0.78
SDbP,11,5,16,0.69
SDbS,5,3,8,0.62
SDbb,6,7,13,0.46
SDbl,1,1,2,0.5
SDbm,7,7,14,0.5
SDbn,3,3,6,0.5
SDbs,2,1,3,0.67
SDhM,1,0,1,1.0
SDhN,1,1,2,0.5
SDhP,0,0,0,
SDhS,2,0,2,1.0
SDhm,0,1,1,0.0
SDhn,1,0,1,1.0
SDhs,0,0,0,
SDlB,1,2,3,0.33
SDlD,0,1,1,0.0
SDlH,1,1,2,0.5
SDlK,1,0,1,1.0
SDlL,4,0,4,1.0
SDlM,1,1,2,0.5
SDlN,1,1,2,0.5
SDlP,1,0,1,1.0
SDlS,1,1,2,0.5
SDlb,3,4,7,0.43
SDll,0,1,1,0.0
SDlm,4,3,7,0.57
SDln,0,2,2,0.0
SDls,1,2,3,0.33
SDmB,7,6,13,0.54
SDmD,4,1,5,0.8
SDmH,5,4,9,0.56
SDmI,1,1,2,0.5
SDmJ,1,1,2,0.5
SDmL,1,2,3,0.33
SDmM,6,13,19,0.32
SDmN,5,16,21,0.24
SDmP,9,9,18,0.5
SDmS,4,6,10,0.4
SDmb,13,5,18,0.72
SDmh,0,2,2,0.0
SDml,3,1,4,0.75
SDmm,7,12,19,0.37
SDmn,7,4,11,0.64
SDms,5,3,8,0.62
SDnB,3,10,13,0.23
SDnD,2,2,4,0.5
SDnH,2,2,4,0.5
SDnI,2,3,5,0.4
SDnK,1,2,3,0.33
SDnL,0,1,1,0.0
SDnM,6,7,13,0.46
SDnN,8,11,19,0.42
SDnP,8,11,19,0.42
SDnS,6,8,14,0.43
SDnb,4,5,9,0.44
SDnl,3,3,6,0.5
SDnm,10,7,17,0.59
SDnn,4,5,9,0.44
SDns,3,3,6,0.5
SDsB,4,4,8,0.5
SDsD,1,3,4,0.25
SDsH,6,1,7,0.86
SDsI,0,0,0,
SDsK,0,2,2,0.0
SDsL,1,3,4,0.25
SDsM,5,9,14,0.36
SDsN,3,3,6,0.5
SDsP,8,5,13,0.62
SDsS,8,8,16,0.5
SDsb,7,7,14,0.5
SDsh,0,1,1,0.0
SDsl,1,3,4,0.25
SDsm,5,8,13,0.38
SDsn,6,3,9,0.67
SDss,7,9,16,0.44
SDtD,1,0,1,1.0
SDtH,0,1,1,0.0
SDtL,0,1,1,0.0
SDtM,0,1,1,0.0
SDtP,0,2,2,0.0
SDtS,2,1,3,0.67
SDtl,0,1,1,0.0
SDtm,2,0,2,1.0
SDtn,1,0,1,1.0
SDts,1,0,1,1.0
SHBB,11,12,23,0.48
SHBD,2,1,3,0.67
SHBL,1,3,4,0.25
SHBM,6,13,19,0.32
SHBN,12,9,21,0.57
SHBP,6,12,18,0.33
SHBS,7,7,14,0.5
SHBb,18,10,28,0.64
SHBh,0,1,1,0.0
SHBj,4,3,7,0.57
SHBl,4,6,10,0.4
SHBm,9,6,15,0.6
SHBn,8,13,21,0.38
SHBs,6,10,16,0.38
SHBt,0,3,3,0.0
SHDB,1,1,2,0.5
SHDD,2,0,2,1.0
SHDH,3,1,4,0.75
SHDI,0,0,0,
SHDK,1,0,1,1.0
SHDL,0,1,1,0.0
SHDM,3,2,5,0.6
SHDN,0,2,2,0.0
SHDP,1,4,5,0.2
SHDS,2,4,6,0.33
SHDb,1,2,3,0.33
SHDh,0,1,1,0.0
SHDl,0,1,1,0.0
SHDm,1,5,6,0.17
SHDn,2,5,7,0.29
SHDs,1,1,2,0.5
SHDt,0,0,0,
SHHB,5,2,7,0.71
SHHD,1,1,2,0.5
SHHH,2,0,2,1.0
SHHI,1,0,1,1.0
SHHK,1,0,1,1.0
SHHL,3,1,4,0.75
SHHM,2,4,6,0.33
SHHN,5,5,10,0.5
SHHP,6,4,10,0.6
SHHS,7,6,13,0.54
SHHb,3,5,8,0.38
SHHh,0,0,0,
SHHl,2,4,6,0.33
SHHm,4,5,9,0.44
SHHn,1,1,2,0.5
SHHs,7,6,13,0.54
SHIB,4,5,9,0.44
SHID,1,1,2,0.5
SHIH,2,1,3,0.67
SHIL,2,0,2,1.0
SHIM,0,3,3,0.0
SHIN,2,3,5,0.4
SHIP,3,2,5,0.6
SHIS,1,3,4,0.25
SHIb,4,2,6,0.67
SHIm,2,2,4,0.5
SHIn,2,3,5,0.4
SHIs,1,1,2,0.5
SHKB,0,1,1,0.0
SHKH,1,0,1,1.0
SHKK,0,1,1,0.0
SHKL,0,1,1,0.0
SHKM,0,1,1,0.0
SHKN,0,1,1,0.0
SHKP,4,1,5,0.8
SHKS,1,2,3,0.33
SHKb,1,3,4,0.25
SHKh,2,1,3,0.67
SHKl,1,0,1,1.0
SHKm,1,2,3,0.33
SHKn,2,0,2,1.0
SHKs,2,0,2,1.0
SHKt,0,0,0,
SHLB,6,3,9,0.67
SHLD,3,0,3,1.0
SHLK,1,0,1,1.0
SHLL,2,1,3,0.67
SHLM,5,5,10,0.5
SHLN,7,2,9,0.78
SHLP,2,5,7,0.29
SHLS,2,2,4,0.5
SHLb,5,7,12,0.42
SHLh,3,4,7,0.43
SHLj,3,2,5,0.6
SHLl,7,3,10,0.7
SHLm,4,4,8,0.5
SHLn,8,8,16,0.5
SHLs,8,0,8,1.0
SHMB,11,17,28,0.39
SHMD,0,3,3,0.0
SHMH,0,1,1,0.0
SHMK,0,0,0,
SHML,5,8,13,0.38
SHMM,18,23,41,0.44
SHMN,12,17,29,0.41
SHMP,15,23,38,0.39
SHMS,16,15,31,0.52
SHMb,16,15,31,0.52
SHMh,13,16,29,0.45
SHMj,1,5,6,0.17
SHMl,5,8,13,0.38
SHMm,17,14,31,0.55
SHMn,21,23,44,0.48
SHMs,8,6,14,0.57
SHMt,3,3,6,0.5
SHNB,6,12,18,0.33
SHND,4,2,6,0.67
SHNH,0,6,6,0.0
SHNI,0,0,0,
SHNK,1,0,1,1.0
SHNL,5,7,12,0.42
SHNM,18,12,30,0.6
SHNN,17,11,28,0.61
SHNP,19,23,42,0.45
SHNS,7,11,18,0.39
SHNb,16,7,23,0.7
SHNh,5,4,9,0.56
SHNl,5,9,14,0.36
SHNm,19,10,29,0.66
SHNn,14,18,32,0.44
SHNs,14,8,22,0.64
SHNt,2,1,3,0.67
SHPB,17,13,30,0.57
SHPD,0,2,2,0.0
SHPH,3,8,11,0.27
SHPI,3,0,3,1.0
SHPK,2,4,6,0.33
SHPL,6,12,18,0.33
SHPM,22,21,43,0.51
SHPN,16,18,34,0.47
SHPP,28,26,54,0.52
SHPS,17,16,33,0.52
SHPb,17,19,36,0.47
SHPh,2,2,4,0.5
SHPl,7,9,16,0.44
SHPm,13,19,32,0.41
SHPn,12,18,30,0.4
SHPs,22,16,38,0.58
SHPt,2,0,2,1.0
SHSB,19,15,34,0.56
SHSD,2,3,5,0.4
SHSH,5,17,22,0.23
SHSI,1,1,2,0.5
SHSK,2,1,3,0.67
SHSL,5,6,11,0.45
SHSM,14,25,39,0.36
SHSN,19,11,30,0.63
SHSP,18,10,28,0.64
SHSS,26,36,62,0.42
SHSb,11,18,29,0.38
SHSh,16,9,25,0.64
SHSl,5,7,12,0.42
SHSm,21,13,34,0.62
SHSn,16,6,22,0.73
SHSs,23,28,51,0.45
SHSt,1,1,2,0.5
SHbB,17,11,28,0.61
SHbD,5,2,7,0.71
SHbH,4,3,7,0.57
SHbI,4,0,4,1.0
SHbJ,7,3,10,0.7
SHbK,2,5,7,0.29
SHbL,5,6,11,0.45
SHbM,16,12,28,0.57
SHbN,18,16,34,0.53
SHbP,19,15,34,0.56
SHbS,14,7,21,0.67
SHbb,20,12,32,0.62
SHbl,6,3,9,0.67
SHbm,21,9,30,0.7
SHbn,18,10,28,0.64
SHbs,7,12,19,0.37
SHhB,4,4,8,0.5
SHhD,1,2,3,0.33
SHhH,1,3,4,0.25
SHhI,0,1,1,0.0
SHhL,1,2,3,0.33
SHhM,2,5,7,0.29
SHhN,3,7,10,0.3
SHhP,7,7,14,0.5
SHhS,9,6,15,0.6
SHhb,12,8,20,0.6
SHhh,4,6,10,0.4
SHhl,4,2,6,0.67
SHhm,9,13,22,0.41
SHhn,3,9,12,0.25
SHhs,11,3,14,0.79
SHht,0,1,1,0.0
SHlB,2,8,10,0.2
SHlD,2,1,3,0.67
SHlH,6,2,8,0.75
SHlI,1,0,1,1.0
SHlJ,0,2,2,0.0
SHlL,6,4,10,0.6
SHlM,13,7,20,0.65
SHlN,6,7,13,0.46
SHlP,10,11,21,0.48
SHlS,6,5,11,0.55
SHlb,7,9,16,0.44
SHll,4,3,7,0.57
SHlm,10,4,14,0.71
SHln,3,6,9,0.33
SHls,3,9,12,0.25
SHmB,14,11,25,0.56
SHmD,6,7,13,0.46
SHmH,12,9,21,0.57
SHmJ,3,4,7,0.43
SHmL,6,5,11,0.55
SHmM,25,23,48,0.52
SHmN,18,17,35,0.51
SHmP,23,10,33,0.7
SHmS,18,15,33,0.55
SHmb,17,10,27,0.63
SHml,8,6,14,0.57
SHmm,20,19,39,0.51
SHmn,15,14,29,0.52
SHms,14,10,24,0.58
SHnB,11,14,25,0.44
SHnD,4,4,8,0.5
SHnH,6,4,10,0.6
SHnI,4,3,7,0.57
SHnK,1,2,3,0.33
SHnL,2,7,9,0.22
SHnM,22,10,32,0.69
SHnN,25,22,47,0.53
SHnP,21,12,33,0.64
SHnS,15,14,29,0.52
SHnb,12,11,23,0.52
SHnh,3,2,5,0.6
SHnl,5,3,8,0.62
SHnm,14,13,27,0.52
SHnn,14,13,27,0.52
SHns,15,16,31,0.48
SHsB,10,7,17,0.59
SHsD,3,2,5,0.6
SHsH,11,24,35,0.31
SHsK,1,2,3,0.33
SHsL,7,2,9,0.78
SHsM,11,16,27,0.41
SHsN,13,16,29,0.45
SHsP,17,19,36,0.47
SHsS,17,26,43,0.4
SHsb,21,17,38,0.55
SHsh,2,3,5,0.4
SHsl,13,1,14,0.93
SHsm,15,13,28,0.54
SHsn,12,14,26,0.46
SHss,17,18,35,0.49
SHst,1,0,1,1.0
SHtB,0,1,1,0.0
SHtL,1,0,1,1.0
SHtM,0,2,2,0.0
SHtN,0,1,1,0.0
SHtP,1,2,3,0.33
SHtS,0,1,1,0.0
SHtb,4,2,6,0.67
SHtm,1,0,1,1.0
SHtn,0,1,1,0.0
SHts,3,0,3,1.0
SIBB,1,0,1,1.0
SIBD,1,2,3,0.33
SIBM,2,1,3,0.67
SIBN,1,1,2,0.5
SIBP,1,1,2,0.5
SIBS,0,1,1,0.0
SIBb,1,2,3,0.33
SIBm,1,1,2,0.5
SIBn,1,0,1,1.0
SIBs,1,1,2,0.5
SIDD,2,1,3,0.67
SIDP,0,1,1,0.0
SIDS,0,1,1,0.0
SIDm,0,1,1,0.0
SIDn,0,1,1,0.0
SIDs,1,0,1,1.0
SIHB,1,0,1,1.0
SIHN,1,1,2,0.5
SIHP,1,1,2,0.5
SIHS,1,1,2,0.5
SIHb,1,1,2,0.5
SIHh,1,1,2,0.5
SIHl,0,1,1,0.0
SIHm,3,1,4,0.75
SIHs,2,1,3,0.67
SIIS,0,1,1,0.0
SIIm,1,0,1,1.0
SIKh,0,0,0,
SILB,0,1,1,0.0
SILM,0,0,0,
SILP,2,0,2,1.0
SILb,1,0,1,1.0
SILm,3,0,3,1.0
SILs,0,1,1,0.0
SIMB,1,3,4,0.25
SIMD,3,0,3,1.0
SIML,2,0,2,1.0
SIMM,1,6,7,0.14
SIMP,1,1,2,0.5
SIMS,3,1,4,0.75
SIMb,2,1,3,0.67
SIMh,0,1,1,0.0
SIMj,0,1,1,0.0
SIMl,0,0,0,
SIMm,2,0,2,1.0
SIMn,0,2,2,0.0
SIMs,0,0,0,
SINB,0,1,1,0.0
SIND,1,0,1,1.0
SINM,3,1,4,0.75
SINN,1,1,2,0.5
SINP,1,2,3,0.33
SINm,1,0,1,1.0
SINn,2,0,2,1.0
SINs,0,1,1,0.0
SIPB,1,0,1,1.0
SIPK,1,0,1,1.0
SIPM,0,2,2,0.0
SIPN,1,2,3,0.33
SIPP,1,1,2,0.5
SIPS,3,1,4,0.75
SIPb,2,2,4,0.5
SIPl,1,0,1,1.0
SIPm,3,0,3,1.0
SIPs,1,2,3,0.33
SISB,4,0,4,1.0
SISD,1,0,1,1.0
SISI,1,1,2,0.5
SISL,0,1,1,0.0
SISM,1,2,3,0.33
SISN,0,0,0,
SISP,0,0,0,
SISS,0,5,5,0.0
SISb,2,0,2,1.0
SISh,0,2,2,0.0
SISl,1,1,2,0.5
SISm,3,3,6,0.5
SISn,1,0,1,1.0
SISs,0,2,2,0.0
SISt,1,0,1,1.0
SIbB,0,3,3,0.0
SIbH,1,0,1,1.0
SIbJ,2,1,3,0.67
SIbN,0,2,2,0.0
SIbP,3,0,3,1.0
SIbb,0,1,1,0.0
SIbl,0,1,1,0.0
SIbm,0,1,1,0.0
SIbn,1,3,4,0.25
SIbs,0,2,2,0.0
SIhN,0,1,1,0.0
SIhS,0,1,1,0.0
SIlI,0,1,1,0.0
SIlS,0,1,1,0.0
SIll,1,0,1,1.0
SIln,0,0,0,
SImB,1,1,2,0.5
SImD,1,2,3,0.33
SImH,1,1,2,0.5
SImJ,0,1,1,0.0
SImK,1,0,1,1.0
SImM,1,2,3,0.33
SImN,3,1,4,0.75
SImP,0,1,1,0.0
SImS,1,1,2,0.5
SImb,1,1,2,0.5
SImh,0,1,1,0.0
SImm,1,1,2,0.5
SIms,0,0,0,
SInH,1,0,1,1.0
SInK,1,0,1,1.0
SInL,1,0,1,1.0
SInM,1,1,2,0.5
SInP,1,0,1,1.0
SInb,1,1,2,0.5
SInl,0,0,0,
SInn,1,2,3,0.33
SIns,0,1,1,0.0
SIsL,0,1,1,0.0
SIsM,2,0,2,1.0
SIsN,1,1,2,0.5
SIsP,3,2,5,0.6
SIsS,4,0,4,1.0
SIsb,0,1,1,0.0
SIsh,1,0,1,1.0
SIsl,0,1,1,0.0
SIsm,1,0,1,1.0
SIsn,0,1,1,0.0
SIss,1,1,2,0.5
SItM,0,0,0,
SItP,1,0,1,1.0
SItm,1,0,1,1.0
SItn,1,0,1,1.0
SKBB,0,1,1,0.0
SKBK,1,0,1,1.0
SKBL,2,1,3,0.67
SKBM,0,2,2,0.0
SKBN,2,2,4,0.5
SKBP,2,1,3,0.67
SKBb,0,1,1,0.0
SKBj,0,1,1,0.0
SKBm,2,1,3,0.67
SKBn,2,4,6,0.33
SKBs,0,1,1,0.0
SKDP,1,0,1,1.0
SKHB,0,1,1,0.0
SKHL,2,0,2,1.0
SKHN,0,1,1,0.0
SKHP,1,0,1,1.0
SKIM,0,1,1,0.0
SKIN,0,1,1,0.0
SKIS,0,1,1,0.0
SKIn,0,2,2,0.0
SKKB,1,0,1,1.0
SKKP,0,0,0,
SKKs,0,1,1,0.0
SKLM,1,0,1,1.0
SKLN,1,0,1,1.0
SKLP,1,2,3,0.33
SKLS,1,0,1,1.0
SKLb,1,1,2,0.5
SKLh,0,0,0,
SKLl,1,0,1,1.0
SKLm,2,0,2,1.0
SKLs,0,1,1,0.0
SKLt,1,0,1,1.0
SKMB,3,1,4,0.75
SKMM,1,1,2,0.5
SKMN,2,0,2,1.0
SKMP,3,2,5,0.6
SKMS,2,1,3,0.67
SKMb,1,0,1,1.0
SKMh,0,2,2,0.0
SKMj,0,1,1,0.0
SKMl,0,1,1,0.0
SKMm,1,0,1,1.0
SKMn,1,2,3,0.33
SKNB,0,2,2,0.0
SKNK,1,0,1,1.0
SKNL,1,2,3,0.33
SKNM,0,2,2,0.0
SKNN,1,0,1,1.0
SKNP,3,1,4,0.75
SKNS,0,1,1,0.0
SKNb,0,1,1,0.0
SKNl,1,2,3,0.33
SKNm,1,1,2,0.5
SKNn,2,3,5,0.4
SKNs,0,0,0,
SKPB,6,1,7,0.86
SKPH,1,0,1,1.0
SKPK,1,0,1,1.0
SKPM,1,1,2,0.5
SKPN,1,0,1,1.0
SKPP,0,1,1,0.0
SKPS,0,1,1,0.0
SKPb,2,2,4,0.5
SKPl,1,1,2,0.5
SKPm,2,0,2,1.0
SKPn,1,2,3,0.33
SKPs,0,1,1,0.0
SKPt,0,1,1,0.0
SKSL,2,0,2,1.0
SKSM,1,3,4,0.25
SKSN,0,0,0,
SKSP,2,2,4,0.5
SKSS,1,1,2,0.5
SKSh,2,0,2,1.0
SKSm,1,0,1,1.0
SKSn,1,2,3,0.33
SKSs,0,3,3,0.0
SKbB,0,1,1,0.0
SKbJ,0,1,1,0.0
SKbL,1,0,1,1.0
SKbM,3,1,4,0.75
SKbN,2,0,2,1.0
SKbP,2,1,3,0.67
SKbb,1,1,2,0.5
SKbl,2,0,2,1.0
SKbm,0,2,2,0.0
SKbn,2,2,4,0.5
SKhB,1,0,1,1.0
SKhH,1,0,1,1.0
SKhL,3,0,3,1.0
SKhM,1,3,4,0.25
SKhN,1,2,3,0.33
SKhP,0,3,3,0.0
SKhS,1,0,1,1.0
SKhb,1,1,2,0.5
SKhh,2,1,3,0.67
SKhl,0,1,1,0.0
SKhs,0,1,1,0.0
SKlB,1,0,1,1.0
SKlH,2,0,2,1.0
SKlK,0,1,1,0.0
SKlL,1,0,1,1.0
SKlM,0,2,2,0.0
SKlN,0,2,2,0.0
SKlP,1,1,2,0.5
SKlS,0,1,1,0.0
SKlb,2,2,4,0.5
SKll,2,1,3,0.67
SKlm,1,1,2,0.5
SKls,0,1,1,0.0
SKmH,0,0,0,
SKmI,0,1,1,0.0
SKmJ,1,0,1,1.0
SKmM,1,2,3,0.33
SKmN,1,2,3,0.33
SKmP,4,3,7,0.57
SKmb,2,2,4,0.5
SKml,0,1,1,0.0
SKmm,1,2,3,0.33
SKmn,0,4,4,0.0
SKms,0,2,2,0.0
SKnB,1,0,1,1.0
SKnH,0,1,1,0.0
SKnI,1,0,1,1.0
SKnL,1,0,1,1.0
SKnM,1,3,4,0.25
SKnN,2,1,3,0.67
SKnP,0,1,1,0.0
SKnS,3,1,4,0.75
SKnb,2,4,6,0.33
SKnl,2,0,2,1.0
SKnm,1,0,1,1.0
SKnn,3,0,3,1.0
SKns,2,2,4,0.5
SKsB,0,1,1,0.0
SKsD,2,0,2,1.0
SKsH,1,1,2,0.5
SKsK,0,0,0,
SKsL,0,0,0,
SKsM,3,2,5,0.6
SKsN,2,2,4,0.5
SKsP,1,1,2,0.5
SKsb,0,3,3,0.0
SKsl,2,1,3,0.67
SKsm,1,2,3,0.33
SKsn,2,0,2,1.0
SKss,1,0,1,1.0
SKtB,0,1,1,0.0
SLBB,19,20,39,0.49
SLBD,1,2,3,0.33
SLBH,1,0,1,1.0
SLBK,0,1,1,0.0
SLBL,4,9,13,0.31
SLBM,9,20,29,0.31
SLBN,14,17,31,0.45
SLBP,17,25,42,0.4
SLBS,4,8,12,0.33
SLBb,18,14,32,0.56
SLBh,2,0,2,1.0
SLBj,4,6,10,0.4
SLBl,6,5,11,0.55
SLBm,18,13,31,0.58
SLBn,22,15,37,0.59
SLBs,10,6,16,0.62
SLBt,2,0,2,1.0
SLDB,2,0,2,1.0
SLDD,1,0,1,1.0
SLDH,1,6,7,0.14
SLDL,3,0,3,1.0
SLDM,3,6,9,0.33
SLDN,1,1,2,0.5
SLDP,3,1,4,0.75
SLDb,1,4,5,0.2
SLDl,0,1,1,0.0
SLDm,2,2,4,0.5
SLDn,0,1,1,0.0
SLDs,0,2,2,0.0
SLHP,0,1,1,0.0
SLHl,1,0,1,1.0
SLHm,0,1,1,0.0
SLKB,0,1,1,0.0
SLKL,1,0,1,1.0
SLKM,1,0,1,1.0
SLKN,0,1,1,0.0
SLKP,0,1,1,0.0
SLKS,1,0,1,1.0
SLKb,2,2,4,0.5
SLKh,0,2,2,0.0
SLKl,2,2,4,0.5
SLKm,1,0,1,1.0
SLKn,2,2,4,0.5
SLLB,7,2,9,0.78
SLLD,0,1,1,0.0
SLLH,1,0,1,1.0
SLLK,2,0,2,1.0
SLLL,2,3,5,0.4
SLLM,5,3,8,0.62
SLLN,4,3,7,0.57
SLLP,7,10,17,0.41
SLLS,4,5,9,0.44
SLLb,10,8,18,0.56
SLLh,1,3,4,0.25
SLLj,1,4,5,0.2
SLLl,3,5,8,0.38
SLLm,4,3,7,0.57
SLLn,6,6,12,0.5
SLLs,2,3,5,0.4
SLLt,0,1,1,0.0
SLMB,20,11,31,0.65
SLMD,1,0,1,1.0
SLMK,1,0,1,1.0
SLML,3,1,4,0.75
SLMM,10,18,28,0.36
SLMN,8,15,23,0.35
SLMP,17,25,42,0.4
SLMS,6,10,16,0.38
SLMb,19,12,31,0.61
SLMh,10,9,19,0.53
SLMj,1,8,9,0.11
SLMl,15,3,18,0.83
SLMm,13,12,25,0.52
SLMn,25,22,47,0.53
SLMs,11,6,17,0.65
SLMt,0,2,2,0.0
SLNB,13,17,30,0.43
SLND,4,1,5,0.8
SLNH,3,0,3,1.0
SLNK,1,2,3,0.33
SLNL,7,9,16,0.44
SLNM,11,18,29,0.38
SLNN,14,25,39,0.36
SLNP,15,23,38,0.39
SLNS,12,13,25,0.48
SLNb,14,11,25,0.56
SLNh,6,2,8,0.75
SLNl,7,5,12,0.58
SLNm,16,13,29,0.55
SLNn,17,18,35,0.49
SLNs,10,16,26,0.38
SLNt,1,4,5,0.2
SLPB,14,25,39,0.36
SLPD,1,3,4,0.25
SLPH,8,6,14,0.57
SLPI,1,3,4,0.25
SLPK,0,4,4,0.0
SLPL,17,12,29,0.59
SLPM,24,13,37,0.65
SLPN,20,13,33,0.61
SLPP,36,35,71,0.51
SLPS,14,16,30,0.47
SLPb,23,17,40,0.57
SLPh,1,2,3,0.33
SLPl,14,8,22,0.64
SLPm,23,14,37,0.62
SLPn,20,18,38,0.53
SLPs,15,7,22,0.68
SLPt,0,1,1,0.0
SLSB,11,13,24,0.46
SLSD,0,4,4,0.0
SLSH,2,2,4,0.5
SLSI,1,0,1,1.0
SLSK,0,1,1,0.0
SLSL,4,8,12,0.33
SLSM,7,12,19,0.37
SLSN,11,6,17,0.65
SLSP,12,11,23,0.52
SLSS,10,16,26,0.38
SLSb,5,11,16,0.31
SLSh,9,11,20,0.45
SLSl,7,6,13,0.54
SLSm,14,12,26,0.54
SLSn,10,7,17,0.59
SLSs,7,11,18,0.39
SLSt,2,1,3,0.67
SLbB,13,17,30,0.43
SLbD,3,1,4,0.75
SLbH,6,1,7,0.86
SLbI,1,1,2,0.5
SLbJ,3,6,9,0.33
SLbK,1,3,4,0.25
SLbL,10,4,14,0.71
SLbM,9,13,22,0.41
SLbN,15,18,33,0.45
SLbP,28,23,51,0.55
SLbS,13,12,25,0.52
SLbb,24,12,36,0.67
SLbl,12,10,22,0.55
SLbm,11,11,22,0.5
SLbn,14,19,33,0.42
SLbs,6,10,16,0.38
SLhB,3,5,8,0.38
SLhD,0,1,1,0.0
SLhH,3,1,4,0.75
SLhK,0,0,0,
SLhL,3,4,7,0.43
SLhM,7,7,14,0.5
SLhN,6,6,12,0.5
SLhP,12,7,19,0.63
SLhS,1,5,6,0.17
SLhb,9,7,16,0.56
SLhh,6,8,14,0.43
SLhl,5,0,5,1.0
SLhm,5,5,10,0.5
SLhn,1,5,6,0.17
SLhs,4,0,4,1.0
SLht,0,1,1,0.0
SLjB,2,3,5,0.4
SLjD,1,0,1,1.0
SLjH,2,1,3,0.67
SLjK,1,0,1,1.0
SLjL,9,1,10,0.9
SLjM,5,4,9,0.56
SLjN,6,1,7,0.86
SLjP,7,4,11,0.64
SLjS,7,2,9,0.78
SLjb,2,6,8,0.25
SLjh,1,1,2,0.5
SLjl,3,4,7,0.43
SLjm,3,4,7,0.43
SLjn,2,1,3,0.67
SLjs,3,3,6,0.5
SLjt,1,1,2,0.5
SLlB,5,6,11,0.45
SLlD,2,1,3,0.67
SLlH,4,3,7,0.57
SLlI,2,0,2,1.0
SLlJ,4,2,6,0.67
SLlK,1,0,1,1.0
SLlL,7,2,9,0.78
SLlM,7,9,16,0.44
SLlN,21,9,30,0.7
SLlP,14,7,21,0.67
SLlS,7,13,20,0.35
SLlb,5,2,7,0.71
SLll,1,3,4,0.25
SLlm,9,6,15,0.6
SLln,9,8,17,0.53
SLls,5,5,10,0.5
SLmB,15,12,27,0.56
SLmD,1,2,3,0.33
SLmH,10,7,17,0.59
SLmI,1,2,3,0.33
SLmJ,5,7,12,0.42
SLmL,6,6,12,0.5
SLmM,13,26,39,0.33
SLmN,17,18,35,0.49
SLmP,20,14,34,0.59
SLmS,13,14,27,0.48
SLmb,12,13,25,0.48
SLmh,0,1,1,0.0
SLml,3,3,6,0.5
SLmm,15,9,24,0.62
SLmn,30,11,41,0.73
SLms,10,10,20,0.5
SLnB,13,17,30,0.43
SLnD,9,2,11,0.82
SLnH,7,9,16,0.44
SLnI,0,1,1,0.0
SLnK,2,3,5,0.4
SLnL,7,13,20,0.35
SLnM,16,19,35,0.46
SLnN,26,26,52,0.5
SLnP,32,28,60,0.53
SLnS,15,14,29,0.52
SLnb,14,12,26,0.54
SLnh,1,2,3,0.33
SLnl,13,10,23,0.57
SLnm,20,12,32,0.62
SLnn,28,24,52,0.54
SLns,11,17,28,0.39
SLsB,8,6,14,0.57
SLsD,1,0,1,1.0
SLsH,13,9,22,0.59
SLsI,0,3,3,0.0
SLsL,8,4,12,0.67
SLsM,9,9,18,0.5
SLsN,12,10,22,0.55
SLsP,15,18,33,0.45
SLsS,10,19,29,0.34
SLsb,10,8,18,0.56
SLsh,0,1,1,0.0
SLsl,5,4,9,0.56
SLsm,16,5,21,0.76
SLsn,12,12,24,0.5
SLss,15,10,25,0.6
SLtB,2,3,5,0.4
SLtD,0,2,2,0.0
SLtH,1,3,4,0.25
SLtK,2,0,2,1.0
SLtL,2,1,3,0.67
SLtM,2,5,7,0.29
SLtN,3,4,7,0.43
SLtP,3,3,6,0.5
SLtS,2,1,3,0.67
SLtb,2,2,4,0.5
SLth,0,1,1,0.0
SLtl,0,3,3,0.0
SLtm,4,4,8,0.5
SLtn,3,3,6,0.5
SLts,1,1,2,0.5
SLtt,0,1,1,0.0
SMBB,36,39,75,0.48
SMBD,11,4,15,0.73
SMBH,0,1,1,0.0
SMBK,3,5,8,0.38
SMBL,15,10,25,0.6
SMBM,32,34,66,0.48
SMBN,50,42,92,0.54
SMBP,45,48,93,0.48
SMBS,18,31,49,0.37
SMBb,54,42,96,0.56
SMBh,4,7,11,0.36
SMBj,13,7,20,0.65
SMBl,16,16,32,0.5
SMBm,34,31,65,0.52
SMBn,53,52,105,0.5
SMBs,8,5,13,0.62
SMBt,10,2,12,0.83
SMDB,3,5,8,0.38
SMDD,3,5,8,0.38
SMDH,1,6,7,0.14
SMDI,0,2,2,0.0
SMDL,1,1,2,0.5
SMDM,7,11,18,0.39
SMDN,3,4,7,0.43
SMDP,10,7,17,0.59
SMDS,9,8,17,0.53
SMDb,6,8,14,0.43
SMDh,0,1,1,0.0
SMDl,1,0,1,1.0
SMDm,12,5,17,0.71
SMDn,6,9,15,0.4
SMDs,8,2,10,0.8
SMHL,1,0,1,1.0
SMHM,0,0,0,
SMHN,0,1,1,0.0
SMHP,1,0,1,1.0
SMHS,2,2,4,0.5
SMHb,0,1,1,0.0
SMHn,0,1,1,0.0
SMHs,0,2,2,0.0
SMIM,1,1,2,0.5
SMIN,1,0,1,1.0
SMIS,0,0,0,
SMKB,0,0,0,
SMKM,0,3,3,0.0
SMKP,3,1,4,0.75
SMKS,1,1,2,0.5
SMKb,1,0,1,1.0
SMKh,0,0,0,
SMKl,1,0,1,1.0
SMKm,2,0,2,1.0
SMKn,0,1,1,0.0
SMKs,1,2,3,0.33
SMLB,6,12,18,0.33
SMLD,4,2,6,0.67
SMLH,0,0,0,
SMLK,3,1,4,0.75
SMLL,1,1,2,0.5
SMLM,21,17,38,0.55
SMLN,13,17,30,0.43
SMLP,19,19,38,0.5
SMLS,14,6,20,0.7
SMLb,17,10,27,0.63
SMLh,9,7,16,0.56
SMLj,8,4,12,0.67
SMLl,8,6,14,0.57
SMLm,14,14,28,0.5
SMLn,23,21,44,0.52
SMLs,8,8,16,0.5
SMLt,2,5,7,0.29
SMMB,44,47,91,0.48
SMMD,6,7,13,0.46
SMMH,1,0,1,1.0
SMMI,0,0,0,
SMMK,1,0,1,1.0
SMML,9,8,17,0.53
SMMM,50,42,92,0.54
SMMN,31,41,72,0.43
SMMP,59,60,119,0.5
SMMS,24,22,46,0.52
SMMb,56,44,100,0.56
SMMh,40,32,72,0.56
SMMj,11,6,17,0.65
SMMl,16,17,33,0.48
SMMm,48,51,99,0.48
SMMn,69,56,125,0.55
SMMs,35,17,52,0.67
SMMt,6,6,12,0.5
SMNB,24,38,62,0.39
SMND,6,7,13,0.46
SMNH,4,8,12,0.33
SMNI,1,0,1,1.0
SMNK,3,3,6,0.5
SMNL,16,10,26,0.62
SMNM,32,46,78,0.41
SMNN,47,44,91,0.52
SMNP,64,67,131,0.49
SMNS,24,26,50,0.48
SMNb,44,36,80,0.55
SMNh,7,19,26,0.27
SMNl,12,15,27,0.44
SMNm,36,35,71,0.51
SMNn,44,43,87,0.51
SMNs,27,34,61,0.44
SMNt,9,12,21,0.43
SMPB,47,39,86,0.55
SMPD,10,8,18,0.56
SMPH,16,11,27,0.59
SMPI,5,6,11,0.45
SMPK,7,3,10,0.7
SMPL,25,22,47,0.53
SMPM,53,62,115,0.46
SMPN,54,73,127,0.43
SMPP,86,92,178,0.48
SMPS,47,40,87,0.54
SMPb,45,37,82,0.55
SMPh,6,5,11,0.55
SMPl,30,27,57,0.53
SMPm,55,39,94,0.59
SMPn,59,61,120,0.49
SMPs,32,36,68,0.47
SMPt,7,4,11,0.64
SMSB,28,28,56,0.5
SMSD,7,5,12,0.58
SMSH,9,11,20,0.45
SMSI,1,1,2,0.5
SMSK,0,2,2,0.0
SMSL,8,9,17,0.47
SMSM,28,47,75,0.37
SMSN,38,28,66,0.58
SMSP,26,38,64,0.41
SMSS,28,53,81,0.35
SMSb,33,29,62,0.53
SMSh,14,28,42,0.33
SMSl,10,9,19,0.53
SMSm,41,26,67,0.61
SMSn,39,28,67,0.58
SMSs,34,25,59,0.58
SMSt,3,2,5,0.6
SMbB,35,34,69,0.51
SMbD,3,5,8,0.38
SMbH,12,11,23,0.52
SMbI,5,4,9,0.56
SMbJ,8,6,14,0.57
SMbK,5,11,16,0.31
SMbL,19,14,33,0.58
SMbM,51,51,102,0.5
SMbN,58,57,115,0.5
SMbP,54,56,110,0.49
SMbS,34,32,66,0.52
SMbb,46,44,90,0.51
SMbh,0,1,1,0.0
SMbl,11,9,20,0.55
SMbm,44,38,82,0.54
SMbn,57,52,109,0.52
SMbs,36,25,61,0.59
SMhB,29,24,53,0.55
SMhD,5,4,9,0.56
SMhH,2,6,8,0.25
SMhI,3,0,3,1.0
SMhK,0,2,2,0.0
SMhL,14,11,25,0.56
SMhM,35,35,70,0.5
SMhN,26,29,55,0.47
SMhP,44,44,88,0.5
SMhS,33,28,61,0.54
SMhb,24,35,59,0.41
SMhh,35,33,68,0.51
SMhl,11,16,27,0.41
SMhm,46,34,80,0.57
SMhn,36,40,76,0.47
SMhs,30,30,60,0.5
SMht,5,7,12,0.42
SMjB,7,5,12,0.58
SMjD,1,1,2,0.5
SMjH,5,5,10,0.5
SMjI,0,1,1,0.0
SMjK,2,1,3,0.67
SMjL,3,8,11,0.27
SMjM,12,12,24,0.5
SMjN,12,8,20,0.6
SMjP,16,13,29,0.55
SMjS,2,7,9,0.22
SMjb,12,7,19,0.63
SMjh,1,1,2,0.5
SMjl,4,4,8,0.5
SMjm,8,5,13,0.62
SMjn,9,10,19,0.47
SMjs,5,8,13,0.38
SMjt,1,0,1,1.0
SMlB,11,19,30,0.37
SMlD,0,3,3,0.0
SMlH,14,10,24,0.58
SMlI,4,1,5,0.8
SMlJ,3,8,11,0.27
SMlK,0,2,2,0.0
SMlL,2,6,8,0.25
SMlM,22,23,45,0.49
SMlN,19,16,35,0.54
SMlP,18,20,38,0.47
SMlS,18,20,38,0.47
SMlb,19,15,34,0.56
SMll,6,8,14,0.43
SMlm,14,18,32,0.44
SMln,18,15,33,0.55
SMls,8,5,13,0.62
SMmB,40,32,72,0.56
SMmD,17,7,24,0.71
SMmH,39,34,73,0.53
SMmI,5,4,9,0.56
SMmJ,10,5,15,0.67
SMmK,1,3,4,0.25
SMmL,20,16,36,0.56
SMmM,44,61,105,0.42
SMmN,49,52,101,0.49
SMmP,62,50,112,0.55
SMmS,29,48,77,0.38
SMmb,41,42,83,0.49
SMmh,1,1,2,0.5
SMml,11,5,16,0.69
SMmm,39,41,80,0.49
SMmn,40,49,89,0.45
SMms,37,24,61,0.61
SMnB,43,39,82,0.52
SMnD,9,9,18,0.5
SMnH,29,25,54,0.54
SMnI,11,13,24,0.46
SMnK,6,3,9,0.67
SMnL,14,17,31,0.45
SMnM,49,52,101,0.49
SMnN,80,78,158,0.51
SMnP,86,84,170,0.51
SMnS,48,46,94,0.51
SMnb,51,69,120,0.42
SMnh,1,2,3,0.33
SMnl,27,11,38,0.71
SMnm,52,51,103,0.5
SMnn,65,79,144,0.45
SMns,46,35,81,0.57
SMsB,19,24,43,0.44
SMsD,8,8,16,0.5
SMsH,32,29,61,0.52
SMsI,3,3,6,0.5
SMsK,1,0,1,1.0
SMsL,5,12,17,0.29
SMsM,35,29,64,0.55
SMsN,32,19,51,0.63
SMsP,45,57,102,0.44
SMsS,40,46,86,0.47
SMsb,29,31,60,0.48
SMsh,1,1,2,0.5
SMsl,16,11,27,0.59
SMsm,28,22,50,0.56
SMsn,33,21,54,0.61
SMss,24,28,52,0.46
SMst,1,1,2,0.5
SMtB,5,3,8,0.62
SMtD,1,0,1,1.0
SMtH,2,3,5,0.4
SMtI,0,0,0,
SMtL,4,0,4,1.0
SMtM,4,6,10,0.4
SMtN,4,6,10,0.4
SMtP,8,9,17,0.47
SMtS,8,7,15,0.53
SMtb,4,5,9,0.44
SMtl,1,4,5,0.2
SMtm,7,4,11,0.64
SMtn,9,7,16,0.56
SMts,2,2,4,0.5
SMtt,1,2,3,0.33
SNBB,28,32,60,0.47
SNBD,4,4,8,0.5
SNBK,4,1,5,0.8
SNBL,9,8,17,0.53
SNBM,23,31,54,0.43
SNBN,34,28,62,0.55
SNBP,27,35,62,0.44
SNBS,15,18,33,0.45
SNBb,28,25,53,0.53
SNBh,4,1,5,0.8
SNBj,10,7,17,0.59
SNBl,9,11,20,0.45
SNBm,30,22,52,0.58
SNBn,41,28,69,0.59
SNBs,10,20,30,0.33
SNBt,3,4,7,0.43
SNDB,3,3,6,0.5
SNDD,5,2,7,0.71
SNDH,5,5,10,0.5
SNDI,1,1,2,0.5
SNDL,2,2,4,0.5
SNDM,6,4,10,0.6
SNDN,7,5,12,0.58
SNDP,7,3,10,0.7
SNDS,8,6,14,0.57
SNDb,2,3,5,0.4
SNDl,1,3,4,0.25
SNDm,11,3,14,0.79
SNDn,6,6,12,0.5
SNDs,2,6,8,0.25
SNDt,0,1,1,0.0
SNHB,3,3,6,0.5
SNHD,1,0,1,1.0
SNHH,1,1,2,0.5
SNHI,2,1,3,0.67
SNHK,0,1,1,0.0
SNHL,6,3,9,0.67
SNHM,8,9,17,0.47
SNHN,15,9,24,0.62
SNHP,7,8,15,0.47
SNHS,8,8,16,0.5
SNHb,7,4,11,0.64
SNHh,1,5,6,0.17
SNHl,2,4,6,0.33
SNHm,12,10,22,0.55
SNHn,7,9,16,0.44
SNHs,7,2,9,0.78
SNHt,1,1,2,0.5
SNIH,0,2,2,0.0
SNIM,1,1,2,0.5
SNIP,0,1,1,0.0
SNIS,0,2,2,0.0
SNIb,1,1,2,0.5
SNIm,0,1,1,0.0
SNKB,2,2,4,0.5
SNKD,1,1,2,0.5
SNKH,0,1,1,0.0
SNKL,1,3,4,0.25
SNKM,3,10,13,0.23
SNKN,6,3,9,0.67
SNKP,11,7,18,0.61
SNKS,2,5,7,0.29
SNKb,3,6,9,0.33
SNKh,2,1,3,0.67
SNKl,3,4,7,0.43
SNKm,7,7,14,0.5
SNKn,5,6,11,0.45
SNKs,2,3,5,0.4
SNLB,9,8,17,0.53
SNLD,2,2,4,0.5
SNLK,2,0,2,1.0
SNLL,6,10,16,0.38
SNLM,9,10,19,0.47
SNLN,13,11,24,0.54
SNLP,14,21,35,0.4
SNLS,17,9,26,0.65
SNLb,14,6,20,0.7
SNLh,3,3,6,0.5
SNLj,4,6,10,0.4
SNLl,8,8,16,0.5
SNLm,10,9,19,0.53
SNLn,19,18,37,0.51
SNLs,8,9,17,0.47
SNLt,1,0,1,1.0
SNMB,34,40,74,0.46
SNMD,8,5,13,0.62
SNMH,0,0,0,
SNML,8,14,22,0.36
SNMM,41,41,82,0.5
SNMN,40,44,84,0.48
SNMP,52,46,98,0.53
SNMS,26,30,56,0.46
SNMb,47,30,77,0.61
SNMh,22,25,47,0.47
SNMj,10,12,22,0.45
SNMl,15,10,25,0.6
SNMm,45,38,83,0.54
SNMn,60,62,122,0.49
SNMs,22,22,44,0.5
SNMt,4,2,6,0.67
SNNB,33,36,69,0.48
SNND,8,7,15,0.53
SNNH,4,7,11,0.36
SNNK,4,2,6,0.67
SNNL,12,15,27,0.44
SNNM,52,46,98,0.53
SNNN,74,66,140,0.53
SNNP,59,73,132,0.45
SNNS,36,37,73,0.49
SNNb,48,37,85,0.56
SNNh,20,20,40,0.5
SNNl,14,18,32,0.44
SNNm,49,27,76,0.64
SNNn,77,80,157,0.49
SNNs,48,29,77,0.62
SNNt,16,7,23,0.7
SNPB,41,46,87,0.47
SNPD,7,8,15,0.47
SNPH,20,16,36,0.56
SNPI,9,5,14,0.64
SNPK,7,8,15,0.47
SNPL,15,34,49,0.31
SNPM,63,63,126,0.5
SNPN,85,64,149,0.57
SNPP,97,87,184,0.53
SNPS,54,58,112,0.48
SNPb,61,58,119,0.51
SNPh,6,9,15,0.4
SNPl,32,19,51,0.63
SNPm,57,56,113,0.5
SNPn,60,64,124,0.48
SNPs,40,48,88,0.45
SNPt,2,6,8,0.25
SNSB,31,30,61,0.51
SNSD,8,5,13,0.62
SNSH,15,19,34,0.44
SNSI,1,0,1,1.0
SNSK,4,1,5,0.8
SNSL,14,16,30,0.47
SNSM,34,29,63,0.54
SNSN,43,31,74,0.58
SNSP,49,44,93,0.53
SNSS,33,39,72,0.46
SNSb,30,23,53,0.57
SNSh,12,23,35,0.34
SNSl,12,13,25,0.48
SNSm,49,32,81,0.6
SNSn,54,39,93,0.58
SNSs,34,35,69,0.49
SNSt,4,7,11,0.36
SNbB,32,31,63,0.51
SNbD,0,3,3,0.0
SNbH,8,13,21,0.38
SNbI,4,9,13,0.31
SNbJ,18,10,28,0.64
SNbK,5,5,10,0.5
SNbL,8,11,19,0.42
SNbM,31,38,69,0.45
SNbN,37,40,77,0.48
SNbP,34,39,73,0.47
SNbS,24,20,44,0.55
SNbb,33,27,60,0.55
SNbl,14,13,27,0.52
SNbm,36,31,67,0.54
SNbn,37,25,62,0.6
SNbs,17,14,31,0.55
SNhB,7,11,18,0.39
SNhD,2,0,2,1.0
SNhH,3,3,6,0.5
SNhI,0,2,2,0.0
SNhK,0,1,1,0.0
SNhL,2,3,5,0.4
SNhM,10,10,20,0.5
SNhN,11,8,19,0.58
SNhP,16,20,36,0.44
SNhS,12,11,23,0.52
SNhb,8,10,18,0.44
SNhh,9,12,21,0.43
SNhl,7,3,10,0.7
SNhm,15,10,25,0.6
SNhn,22,16,38,0.58
SNhs,17,2,19,0.89
SNht,2,2,4,0.5
SNlB,7,13,20,0.35
SNlD,1,0,1,1.0
SNlH,9,13,22,0.41
SNlI,4,3,7,0.57
SNlJ,9,8,17,0.53
SNlK,1,1,2,0.5
SNlL,3,2,5,0.6
SNlM,8,18,26,0.31
SNlN,24,22,46,0.52
SNlP,28,18,46,0.61
SNlS,9,16,25,0.36
SNlb,20,7,27,0.74
SNll,6,4,10,0.6
SNlm,14,9,23,0.61
SNln,18,10,28,0.64
SNls,11,8,19,0.58
SNmB,26,28,54,0.48
SNmD,8,7,15,0.53
SNmH,37,30,67,0.55
SNmI,2,2,4,0.5
SNmJ,9,10,19,0.47
SNmK,0,2,2,0.0
SNmL,14,11,25,0.56
SNmM,28,50,78,0.36
SNmN,57,49,106,0.54
SNmP,49,44,93,0.53
SNmS,31,31,62,0.5
SNmb,27,33,60,0.45
SNml,14,6,20,0.7
SNmm,26,32,58,0.45
SNmn,37,36,73,0.51
SNms,27,19,46,0.59
SNnB,34,35,69,0.49
SNnD,8,8,16,0.5
SNnH,30,28,58,0.52
SNnI,8,8,16,0.5
SNnK,2,4,6,0.33
SNnL,25,13,38,0.66
SNnM,49,46,95,0.52
SNnN,75,74,149,0.5
SNnP,92,85,177,0.52
SNnS,69,41,110,0.63
SNnb,46,49,95,0.48
SNnh,4,1,5,0.8
SNnl,24,18,42,0.57
SNnm,48,42,90,0.53
SNnn,77,79,156,0.49
SNns,50,56,106,0.47
SNnt,0,0,0,
SNsB,20,12,32,0.62
SNsD,5,2,7,0.71
SNsH,27,23,50,0.54
SNsI,4,4,8,0.5
SNsK,1,3,4,0.25
SNsL,7,9,16,0.44
SNsM,30,32,62,0.48
SNsN,31,42,73,0.42
SNsP,47,37,84,0.56
SNsS,33,38,71,0.46
SNsb,17,20,37,0.46
SNsh,0,1,1,0.0
SNsl,14,13,27,0.52
SNsm,29,25,54,0.54
SNsn,40,29,69,0.58
SNss,31,23,54,0.57
SNst,0,0,0,
SNtB,7,5,12,0.58
SNtD,1,3,4,0.25
SNtH,4,2,6,0.67
SNtK,0,1,1,0.0
SNtL,2,8,10,0.2
SNtM,2,8,10,0.2
SNtN,10,7,17,0.59
SNtP,14,8,22,0.64
SNtS,6,7,13,0.46
SNtb,7,3,10,0.7
SNtl,4,1,5,0.8
SNtm,4,9,13,0.31
SNtn,8,7,15,0.53
SNts,6,4,10,0.6
SNtt,1,0,1,1.0
SPBB,42,42,84,0.5
SPBD,6,6,12,0.5
SPBH,2,1,3,0.67
SPBK,8,3,11,0.73
SPBL,18,19,37,0.49
SPBM,42,38,80,0.52
SPBN,37,53,90,0.41
SPBP,51,58,109,0.47
SPBS,22,27,49,0.45
SPBb,49,38,87,0.56
SPBh,2,10,12,0.17
SPBj,8,13,21,0.38
SPBl,21,12,33,0.64
SPBm,44,40,84,0.52
SPBn,50,53,103,0.49
SPBs,19,22,41,0.46
SPBt,6,5,11,0.55
SPDB,7,5,12,0.58
SPDD,4,2,6,0.67
SPDH,7,10,17,0.41
SPDI,0,1,1,0.0
SPDL,3,4,7,0.43
SPDM,6,14,20,0.3
SPDN,4,10,14,0.29
SPDP,7,8,15,0.47
SPDS,6,7,13,0.46
SPDb,5,3,8,0.62
SPDl,3,8,11,0.27
SPDm,12,6,18,0.67
SPDn,6,4,10,0.6
SPDs,5,4,9,0.56
SPDt,3,0,3,1.0
SPHB,12,10,22,0.55
SPHD,3,3,6,0.5
SPHH,5,1,6,0.83
SPHI,0,2,2,0.0
SPHK,3,1,4,0.75
SPHL,4,3,7,0.57
SPHM,12,16,28,0.43
SPHN,18,19,37,0.49
SPHP,24,37,61,0.39
SPHS,15,19,34,0.44
SPHb,14,7,21,0.67
SPHh,8,11,19,0.42
SPHl,8,6,14,0.57
SPHm,28,11,39,0.72
SPHn,13,17,30,0.43
SPHs,20,23,43,0.47
SPIB,1,3,4,0.25
SPID,0,1,1,0.0
SPIH,1,4,5,0.2
SPIL,0,1,1,0.0
SPIM,5,5,10,0.5
SPIN,8,4,12,0.67
SPIP,8,8,16,0.5
SPIS,7,5,12,0.58
SPIb,4,2,6,0.67
SPIl,4,1,5,0.8
SPIm,4,5,9,0.44
SPIn,3,2,5,0.6
SPIs,4,1,5,0.8
SPIt,0,1,1,0.0
SPKB,3,9,12,0.25
SPKD,2,3,5,0.4
SPKL,5,3,8,0.62
SPKM,8,11,19,0.42
SPKN,3,8,11,0.27
SPKP,9,6,15,0.6
SPKS,4,8,12,0.33
SPKb,14,7,21,0.67
SPKh,8,5,13,0.62
SPKl,6,5,11,0.55
SPKm,8,10,18,0.44
SPKn,7,10,17,0.41
SPKs,4,3,7,0.57
SPLB,19,20,39,0.49
SPLD,3,0,3,1.0
SPLK,2,2,4,0.5
SPLL,10,8,18,0.56
SPLM,25,32,57,0.44
SPLN,30,22,52,0.58
SPLP,21,33,54,0.39
SPLS,13,18,31,0.42
SPLb,30,24,54,0.56
SPLh,10,6,16,0.62
SPLj,5,12,17,0.29
SPLl,17,10,27,0.63
SPLm,27,30,57,0.47
SPLn,35,29,64,0.55
SPLs,15,17,32,0.47
SPLt,0,8,8,0.0
SPMB,51,47,98,0.52
SPMD,3,5,8,0.38
SPMK,1,3,4,0.25
SPML,20,18,38,0.53
SPMM,57,62,119,0.48
SPMN,50,52,102,0.49
SPMP,68,79,147,0.46
SPMS,31,35,66,0.47
SPMb,59,71,130,0.45
SPMh,54,47,101,0.53
SPMj,8,18,26,0.31
SPMl,36,31,67,0.54
SPMm,76,43,119,0.64
SPMn,63,85,148,0.43
SPMs,41,30,71,0.58
SPMt,9,11,20,0.45
SPNB,51,35,86,0.59
SPND,5,2,7,0.71
SPNH,4,7,11,0.36
SPNK,6,9,15,0.4
SPNL,27,21,48,0.56
SPNM,67,66,133,0.5
SPNN,59,71,130,0.45
SPNP,119,72,191,0.62
SPNS,54,50,104,0.52
SPNb,49,70,119,0.41
SPNh,18,25,43,0.42
SPNl,30,24,54,0.56
SPNm,71,41,112,0.63
SPNn,67,75,142,0.47
SPNs,49,36,85,0.58
SPNt,7,7,14,0.5
SPPB,79,74,153,0.52
SPPD,6,14,20,0.3
SPPH,23,17,40,0.57
SPPI,10,7,17,0.59
SPPK,10,10,20,0.5
SPPL,48,47,95,0.51
SPPM,74,91,165,0.45
SPPN,76,100,176,0.43
SPPP,134,139,273,0.49
SPPS,62,91,153,0.41
SPPb,89,73,162,0.55
SPPh,7,14,21,0.33
SPPl,45,52,97,0.46
SPPm,94,77,171,0.55
SPPn,80,81,161,0.5
SPPs,71,67,138,0.51
SPPt,11,11,22,0.5
SPSB,33,51,84,0.39
SPSD,7,5,12,0.58
SPSH,16,23,39,0.41
SPSI,2,3,5,0.4
SPSK,0,6,6,0.0
SPSL,20,20,40,0.5
SPSM,65,58,123,0.53
SPSN,32,40,72,0.44
SPSP,73,61,134,0.54
SPSS,56,61,117,0.48
SPSb,51,51,102,0.5
SPSh,31,31,62,0.5
SPSl,20,13,33,0.61
SPSm,45,45,90,0.5
SPSn,51,51,102,0.5
SPSs,60,47,107,0.56
SPSt,14,10,24,0.58
SPbB,48,44,92,0.52
SPbD,8,5,13,0.62
SPbH,10,18,28,0.36
SPbI,6,5,11,0.55
SPbJ,16,10,26,0.62
SPbK,6,7,13,0.46
SPbL,20,14,34,0.59
SPbM,58,64,122,0.48
SPbN,52,78,130,0.4
SPbP,87,68,155,0.56
SPbS,33,37,70,0.47
SPbb,62,68,130,0.48
SPbh,0,1,1,0.0
SPbl,33,22,55,0.6
SPbm,46,27,73,0.63
SPbn,48,47,95,0.51
SPbs,40,31,71,0.56
SPhB,3,3,6,0.5
SPhD,1,0,1,1.0
SPhH,1,1,2,0.5
SPhI,0,0,0,
SPhK,0,1,1,0.0
SPhL,2,3,5,0.4
SPhM,7,10,17,0.41
SPhN,2,3,5,0.4
SPhP,7,12,19,0.37
SPhS,2,10,12,0.17
SPhb,5,2,7,0.71
SPhh,1,7,8,0.12
SPhl,4,3,7,0.57
SPhm,5,3,8,0.62
SPhn,7,10,17,0.41
SPhs,9,5,14,0.64
SPht,1,1,2,0.5
SPlB,19,27,46,0.41
SPlD,2,2,4,0.5
SPlH,12,25,37,0.32
SPlI,5,1,6,0.83
SPlJ,7,5,12,0.58
SPlK,0,1,1,0.0
SPlL,14,13,27,0.52
SPlM,27,29,56,0.48
SPlN,38,27,65,0.58
SPlP,42,25,67,0.63
SPlS,26,27,53,0.49
SPlb,33,30,63,0.52
SPlh,2,0,2,1.0
SPll,10,13,23,0.43
SPlm,27,22,49,0.55
SPln,19,17,36,0.53
SPls,15,15,30,0.5
SPmB,44,45,89,0.49
SPmD,12,12,24,0.5
SPmH,34,41,75,0.45
SPmI,2,4,6,0.33
SPmJ,12,9,21,0.57
SPmL,25,16,41,0.61
SPmM,50,63,113,0.44
SPmN,58,53,111,0.52
SPmP,58,79,137,0.42
SPmS,37,45,82,0.45
SPmb,54,52,106,0.51
SPml,25,13,38,0.66
SPmm,43,48,91,0.47
SPmn,46,41,87,0.53
SPms,19,30,49,0.39
SPnB,30,53,83,0.36
SPnD,5,9,14,0.36
SPnH,27,27,54,0.5
SPnI,9,7,16,0.56
SPnK,5,8,13,0.38
SPnL,24,22,46,0.52
SPnM,51,56,107,0.48
SPnN,75,68,143,0.52
SPnP,101,82,183,0.55
SPnS,51,55,106,0.48
SPnb,55,52,107,0.51
SPnh,2,3,5,0.4
SPnl,26,28,54,0.48
SPnm,55,50,105,0.52
SPnn,67,40,107,0.63
SPns,40,59,99,0.4
SPsB,31,29,60,0.52
SPsD,8,4,12,0.67
SPsH,35,39,74,0.47
SPsI,6,4,10,0.6
SPsK,1,1,2,0.5
SPsL,25,16,41,0.61
SPsM,52,51,103,0.5
SPsN,54,47,101,0.53
SPsP,40,66,106,0.38
SPsS,46,61,107,0.43
SPsb,39,39,78,0.5
SPsh,1,5,6,0.17
SPsl,27,26,53,0.51
SPsm,50,43,93,0.54
SPsn,43,42,85,0.51
SPss,51,47,98,0.52
SPst,1,0,1,1.0
SPtB,4,3,7,0.57
SPtD,3,2,5,0.6
SPtH,5,9,14,0.36
SPtK,1,1,2,0.5
SPtL,0,4,4,0.0
SPtM,8,9,17,0.47
SPtN,5,8,13,0.38
SPtP,11,7,18,0.61
SPtS,5,6,11,0.45
SPtb,8,4,12,0.67
SPth,0,1,1,0.0
SPtl,3,4,7,0.43
SPtm,4,3,7,0.57
SPtn,9,6,15,0.6
SPts,6,4,10,0.6
SPtt,1,3,4,0.25
SS,0,0,0,
SSBB,34,27,61,0.56
SSBD,4,3,7,0.57
SSBI,0,1,1,0.0
SSBK,1,4,5,0.2
SSBL,11,9,20,0.55
SSBM,27,37,64,0.42
SSBN,32,24,56,0.57
SSBP,42,41,83,0.51
SSBS,16,30,46,0.35
SSBb,32,26,58,0.55
SSBh,7,5,12,0.58
SSBj,10,6,16,0.62
SSBl,15,9,24,0.62
SSBm,39,23,62,0.63
SSBn,37,40,77,0.48
SSBs,8,12,20,0.4
SSBt,6,5,11,0.55
SSD,0,0,0,
SSDB,7,6,13,0.54
SSDD,11,6,17,0.65
SSDH,6,9,15,0.4
SSDL,3,2,5,0.6
SSDM,14,12,26,0.54
SSDN,8,7,15,0.53
SSDP,9,15,24,0.38
SSDS,13,12,25,0.52
SSDb,5,9,14,0.36
SSDh,1,0,1,1.0
SSDl,2,1,3,0.67
SSDm,12,9,21,0.57
SSDn,12,10,22,0.55
SSDs,5,6,11,0.45
SSDt,1,0,1,1.0
SSHB,12,10,22,0.55
SSHD,4,5,9,0.44
SSHH,5,3,8,0.62
SSHI,2,5,7,0.29
SSHK,2,1,3,0.67
SSHL,4,10,14,0.29
SSHM,23,23,46,0.5
SSHN,16,15,31,0.52
SSHP,18,21,39,0.46
SSHS,25,24,49,0.51
SSHb,21,23,44,0.48
SSHh,8,12,20,0.4
SSHl,9,2,11,0.82
SSHm,32,18,50,0.64
SSHn,26,20,46,0.57
SSHs,24,15,39,0.62
SSHt,1,0,1,1.0
SSIB,2,4,6,0.33
SSID,0,0,0,
SSII,0,1,1,0.0
SSIL,1,0,1,1.0
SSIM,1,4,5,0.2
SSIN,3,1,4,0.75
SSIP,4,2,6,0.67
SSIS,1,2,3,0.33
SSIb,3,3,6,0.5
SSIh,0,1,1,0.0
SSIl,0,2,2,0.0
SSIm,4,0,4,1.0
SSIn,1,1,2,0.5
SSIs,3,0,3,1.0
SSKB,2,2,4,0.5
SSKH,1,0,1,1.0
SSKK,0,0,0,
SSKM,0,3,3,0.0
SSKN,0,2,2,0.0
SSKP,4,2,6,0.67
SSKS,1,0,1,1.0
SSKb,3,3,6,0.5
SSKh,0,0,0,
SSKl,2,1,3,0.67
SSKm,2,3,5,0.4
SSKn,2,2,4,0.5
SSKs,4,0,4,1.0
SSLB,16,16,32,0.5
SSLD,6,3,9,0.67
SSLK,1,0,1,1.0
SSLL,7,7,14,0.5
SSLM,11,10,21,0.52
SSLN,10,20,30,0.33
SSLP,19,21,40,0.48
SSLS,14,15,29,0.48
SSLb,18,22,40,0.45
SSLh,7,7,14,0.5
SSLj,6,2,8,0.75
SSLl,14,3,17,0.82
SSLm,10,13,23,0.43
SSLn,26,15,41,0.63
SSLs,8,9,17,0.47
SSLt,3,2,5,0.6
SSMB,47,36,83,0.57
SSMD,9,7,16,0.56
SSMH,2,1,3,0.67
SSMK,1,0,1,1.0
SSML,11,24,35,0.31
SSMM,51,52,103,0.5
SSMN,42,47,89,0.47
SSMP,59,46,105,0.56
SSMS,39,49,88,0.44
SSMb,39,39,78,0.5
SSMh,30,35,65,0.46
SSMj,8,6,14,0.57
SSMl,19,14,33,0.58
SSMm,64,39,103,0.62
SSMn,58,65,123,0.47
SSMs,41,35,76,0.54
SSMt,5,4,9,0.56
SSNB,26,28,54,0.48
SSND,6,3,9,0.67
SSNH,9,7,16,0.56
SSNK,2,2,4,0.5
SSNL,9,7,16,0.56
SSNM,44,45,89,0.49
SSNN,54,42,96,0.56
SSNP,57,49,106,0.54
SSNS,39,46,85,0.46
SSNb,31,29,60,0.52
SSNh,10,13,23,0.43
SSNl,15,6,21,0.71
SSNm,43,20,63,0.68
SSNn,66,41,107,0.62
SSNs,37,28,65,0.57
SSNt,6,9,15,0.4
SSPB,31,42,73,0.42
SSPD,6,8,14,0.43
SSPH,17,29,46,0.37
SSPI,8,3,11,0.73
SSPK,4,7,11,0.36
SSPL,25,19,44,0.57
SSPM,55,48,103,0.53
SSPN,52,66,118,0.44
SSPP,80,75,155,0.52
SSPS,66,52,118,0.56
SSPb,55,38,93,0.59
SSPh,5,9,14,0.36
SSPl,20,23,43,0.47
SSPm,59,45,104,0.57
SSPn,50,54,104,0.48
SSPs,50,58,108,0.46
SSPt,4,3,7,0.57
SSSB,35,43,78,0.45
SSSD,10,13,23,0.43
SSSH,32,37,69,0.46
SSSI,5,2,7,0.71
SSSK,3,3,6,0.5
SSSL,19,20,39,0.49
SSSM,74,66,140,0.53
SSSN,58,54,112,0.52
SSSP,69,82,151,0.46
SSSS,123,122,245,0.5
SSSb,55,39,94,0.59
SSSh,35,43,78,0.45
SSSl,19,14,33,0.58
SSSm,64,65,129,0.5
SSSn,54,57,111,0.49
SSSs,69,74,143,0.48
SSSt,14,11,25,0.56
SSbB,39,36,75,0.52
SSbD,2,2,4,0.5
SSbH,7,6,13,0.54
SSbI,4,1,5,0.8
SSbJ,13,7,20,0.65
SSbK,5,9,14,0.36
SSbL,12,18,30,0.4
SSbM,44,41,85,0.52
SSbN,47,46,93,0.51
SSbP,50,45,95,0.53
SSbS,18,32,50,0.36
SSbb,45,36,81,0.56
SSbh,1,1,2,0.5
SSbl,11,10,21,0.52
SSbm,33,22,55,0.6
SSbn,36,40,76,0.47
SSbs,19,14,33,0.58
SShB,20,11,31,0.65
SShD,1,1,2,0.5
SShH,2,7,9,0.22
SShI,1,2,3,0.33
SShK,1,2,3,0.33
SShL,10,9,19,0.53
SShM,24,26,50,0.48
SShN,31,27,58,0.53
SShP,31,33,64,0.48
SShS,34,41,75,0.45
SShb,16,26,42,0.38
SShh,19,25,44,0.43
SShl,12,7,19,0.63
SShm,24,19,43,0.56
SShn,35,27,62,0.56
SShs,28,32,60,0.47
SSht,2,2,4,0.5
SSlB,15,3,18,0.83
SSlD,1,1,2,0.5
SSlH,13,8,21,0.62
SSlI,1,0,1,1.0
SSlJ,7,6,13,0.54
SSlK,1,2,3,0.33
SSlL,3,9,12,0.25
SSlM,15,21,36,0.42
SSlN,22,25,47,0.47
SSlP,22,17,39,0.56
SSlS,22,16,38,0.58
SSlb,18,21,39,0.46
SSll,7,8,15,0.47
SSlm,15,13,28,0.54
SSln,17,16,33,0.52
SSls,9,7,16,0.56
SSmB,45,36,81,0.56
SSmD,19,12,31,0.61
SSmH,38,24,62,0.61
SSmI,5,4,9,0.56
SSmJ,9,4,13,0.69
SSmL,23,14,37,0.62
SSmM,42,51,93,0.45
SSmN,55,34,89,0.62
SSmP,50,51,101,0.5
SSmS,53,50,103,0.51
SSmb,48,35,83,0.58
SSml,12,19,31,0.39
SSmm,44,39,83,0.53
SSmn,39,39,78,0.5
SSms,27,27,54,0.5
SSnB,24,38,62,0.39
SSnD,9,11,20,0.45
SSnH,26,24,50,0.52
SSnI,4,4,8,0.5
SSnK,5,4,9,0.56
SSnL,12,12,24,0.5
SSnM,54,36,90,0.6
SSnN,57,71,128,0.45
SSnP,73,63,136,0.54
SSnS,60,52,112,0.54
SSnb,41,31,72,0.57
SSnh,0,2,2,0.0
SSnl,14,15,29,0.48
SSnm,53,45,98,0.54
SSnn,63,60,123,0.51
SSns,39,38,77,0.51
SSsB,22,25,47,0.47
SSsD,9,7,16,0.56
SSsH,46,58,104,0.44
SSsI,11,11,22,0.5
SSsK,3,5,8,0.38
SSsL,10,22,32,0.31
SSsM,53,61,114,0.46
SSsN,47,51,98,0.48
SSsP,58,63,121,0.48
SSsS,92,91,183,0.5
SSsb,34,45,79,0.43
SSsh,5,3,8,0.62
SSsl,17,23,40,0.42
SSsm,44,43,87,0.51
SSsn,44,39,83,0.53
SSss,57,70,127,0.45
SSst,3,0,3,1.0
SStB,5,5,10,0.5
SStD,2,0,2,1.0
SStH,9,8,17,0.53
SStL,5,3,8,0.62
SStM,12,4,16,0.75
SStN,5,10,15,0.33
SStP,8,11,19,0.42
SStS,9,16,25,0.36
SStb,9,4,13,0.69
SStl,1,2,3,0.33
SStm,9,6,15,0.6
SStn,6,4,10,0.6
SSts,8,6,14,0.57
SStt,1,2,3,0.33
SbBB,24,34,58,0.41
SbBD,3,6,9,0.33
SbBH,1,1,2,0.5
SbBK,5,1,6,0.83
SbBL,13,12,25,0.52
SbBM,37,32,69,0.54
SbBN,35,39,74,0.47
SbBP,34,38,72,0.47
SbBS,15,32,47,0.32
SbBb,34,37,71,0.48
SbBh,7,4,11,0.64
SbBj,5,7,12,0.42
SbBl,12,9,21,0.57
SbBm,37,19,56,0.66
SbBn,46,43,89,0.52
SbBs,16,24,40,0.4
SbBt,2,2,4,0.5
SbDB,2,2,4,0.5
SbDD,0,2,2,0.0
SbDH,3,2,5,0.6
SbDI,0,1,1,0.0
SbDL,1,0,1,1.0
SbDM,7,3,10,0.7
SbDN,5,0,5,1.0
SbDP,7,7,14,0.5
SbDS,5,4,9,0.56
SbDb,4,1,5,0.8
SbDl,1,3,4,0.25
SbDm,8,4,12,0.67
SbDn,0,3,3,0.0
SbDs,3,2,5,0.6
SbDt,1,1,2,0.5
SbHB,8,6,14,0.57
SbHD,0,1,1,0.0
SbHH,0,3,3,0.0
SbHI,0,1,1,0.0
SbHK,3,0,3,1.0
SbHL,5,1,6,0.83
SbHM,15,13,28,0.54
SbHN,15,13,28,0.54
SbHP,16,14,30,0.53
SbHS,5,3,8,0.62
SbHb,20,11,31,0.65
SbHh,2,1,3,0.67
SbHl,4,3,7,0.57
SbHm,12,4,16,0.75
SbHn,17,13,30,0.57
SbHs,5,7,12,0.42
SbHt,0,1,1,0.0
SbIB,1,0,1,1.0
SbID,0,1,1,0.0
SbIH,1,1,2,0.5
SbIK,1,0,1,1.0
SbIL,3,1,4,0.75
SbIM,4,4,8,0.5
SbIN,2,7,9,0.22
SbIP,4,5,9,0.44
SbIS,4,3,7,0.57
SbIb,1,2,3,0.33
SbIl,0,0,0,
SbIm,1,1,2,0.5
SbIn,3,1,4,0.75
SbIs,1,1,2,0.5
SbJB,9,6,15,0.6
SbJD,1,1,2,0.5
SbJH,5,8,13,0.38
SbJK,1,3,4,0.25
SbJL,2,7,9,0.22
SbJM,9,16,25,0.36
SbJN,15,7,22,0.68
SbJP,19,12,31,0.61
SbJS,9,7,16,0.56
SbJb,13,10,23,0.57
SbJh,1,1,2,0.5
SbJl,8,5,13,0.62
SbJm,8,8,16,0.5
SbJn,1,5,6,0.17
SbJs,9,8,17,0.53
SbJt,0,1,1,0.0
SbKB,3,3,6,0.5
SbKD,2,2,4,0.5
SbKH,1,1,2,0.5
SbKL,1,3,4,0.25
SbKM,4,6,10,0.4
SbKN,4,2,6,0.67
SbKP,7,6,13,0.54
SbKS,2,5,7,0.29
SbKb,2,2,4,0.5
SbKh,2,8,10,0.2
SbKl,1,1,2,0.5
SbKm,8,3,11,0.73
SbKn,6,6,12,0.5
SbKs,6,1,7,0.86
SbLB,8,7,15,0.53
SbLD,4,1,5,0.8
SbLK,0,1,1,0.0
SbLL,6,7,13,0.46
SbLM,8,12,20,0.4
SbLN,13,20,33,0.39
SbLP,17,17,34,0.5
SbLS,11,10,21,0.52
SbLb,16,19,35,0.46
SbLh,4,9,13,0.31
SbLj,2,4,6,0.33
SbLl,8,14,22,0.36
SbLm,13,12,25,0.52
SbLn,20,12,32,0.62
SbLs,13,10,23,0.57
SbLt,1,2,3,0.33
SbMB,31,31,62,0.5
SbMD,4,5,9,0.44
SbMI,0,0,0,
SbML,15,9,24,0.62
SbMM,29,49,78,0.37
SbMN,34,47,81,0.42
SbMP,44,48,92,0.48
SbMS,31,32,63,0.49
SbMb,43,40,83,0.52
SbMh,24,39,63,0.38
SbMj,10,8,18,0.56
SbMl,18,13,31,0.58
SbMm,43,22,65,0.66
SbMn,56,50,106,0.53
SbMs,21,15,36,0.58
SbMt,3,4,7,0.43
SbNB,44,24,68,0.65
SbND,4,5,9,0.44
SbNH,6,7,13,0.46
SbNI,1,0,1,1.0
SbNK,7,5,12,0.58
SbNL,17,12,29,0.59
SbNM,51,45,96,0.53
SbNN,66,64,130,0.51
SbNP,62,64,126,0.49
SbNS,40,32,72,0.56
SbNb,44,41,85,0.52
SbNh,18,24,42,0.43
SbNl,21,13,34,0.62
SbNm,50,30,80,0.62
SbNn,70,57,127,0.55
SbNs,45,29,74,0.61
SbNt,4,5,9,0.44
SbPB,41,28,69,0.59
SbPD,8,6,14,0.57
SbPH,15,9,24,0.62
SbPI,4,1,5,0.8
SbPK,4,12,16,0.25
SbPL,19,19,38,0.5
SbPM,51,55,106,0.48
SbPN,39,54,93,0.42
SbPP,85,75,160,0.53
SbPS,45,25,70,0.64
SbPb,55,48,103,0.53
SbPh,7,7,14,0.5
SbPl,21,24,45,0.47
SbPm,55,36,91,0.6
SbPn,37,55,92,0.4
SbPs,28,22,50,0.56
SbPt,9,6,15,0.6
SbSB,12,17,29,0.41
SbSD,2,2,4,0.5
SbSH,5,10,15,0.33
SbSI,1,1,2,0.5
SbSL,4,4,8,0.5
SbSM,23,31,54,0.43
SbSN,25,26,51,0.49
SbSP,33,37,70,0.47
SbSS,29,35,64,0.45
SbSb,28,24,52,0.54
SbSh,17,8,25,0.68
SbSl,10,2,12,0.83
SbSm,25,28,53,0.47
SbSn,25,32,57,0.44
SbSs,17,27,44,0.39
SbSt,5,7,12,0.42
SbbB,52,34,86,0.6
SbbD,5,1,6,0.83
SbbH,12,15,27,0.44
SbbI,4,5,9,0.44
SbbJ,8,19,27,0.3
SbbK,0,7,7,0.0
SbbL,19,16,35,0.54
SbbM,35,46,81,0.43
SbbN,43,50,93,0.46
SbbP,52,61,113,0.46
SbbS,20,27,47,0.43
Sbbb,59,40,99,0.6
Sbbh,1,0,1,1.0
Sbbl,13,19,32,0.41
Sbbm,33,26,59,0.56
Sbbn,44,27,71,0.62
Sbbs,22,19,41,0.54
SbhS,2,0,2,1.0
Sbhb,0,1,1,0.0
Sbhl,0,1,1,0.0
Sbhm,3,1,4,0.75
SblB,12,13,25,0.48
SblD,0,1,1,0.0
SblH,6,9,15,0.4
SblI,1,1,2,0.5
SblJ,2,2,4,0.5
SblK,0,0,0,
SblL,6,9,15,0.4
SblM,8,14,22,0.36
SblN,11,17,28,0.39
SblP,25,20,45,0.56
SblS,16,9,25,0.64
Sblb,16,14,30,0.53
Sbll,5,3,8,0.62
Sblm,10,7,17,0.59
Sbln,9,11,20,0.45
Sbls,12,4,16,0.75
SbmB,26,33,59,0.44
SbmD,9,3,12,0.75
SbmH,22,26,48,0.46
SbmI,6,4,10,0.6
SbmJ,5,3,8,0.62
SbmK,1,1,2,0.5
SbmL,9,5,14,0.64
SbmM,27,36,63,0.43
SbmN,49,25,74,0.66
SbmP,35,38,73,0.48
SbmS,16,20,36,0.44
Sbmb,26,26,52,0.5
Sbml,6,8,14,0.43
Sbmm,33,17,50,0.66
Sbmn,26,28,54,0.48
Sbms,14,13,27,0.52
SbnB,33,28,61,0.54
SbnD,7,3,10,0.7
SbnH,19,14,33,0.58
SbnI,12,2,14,0.86
SbnK,3,2,5,0.6
SbnL,9,17,26,0.35
SbnM,38,44,82,0.46
SbnN,43,48,91,0.47
SbnP,71,61,132,0.54
SbnS,17,29,46,0.37
Sbnb,53,39,92,0.58
Sbnh,0,4,4,0.0
Sbnl,13,14,27,0.48
Sbnm,40,24,64,0.62
Sbnn,48,47,95,0.51
Sbns,28,16,44,0.64
SbsB,12,13,25,0.48
SbsD,1,5,6,0.17
SbsH,24,23,47,0.51
SbsI,1,1,2,0.5
SbsL,6,10,16,0.38
SbsM,13,15,28,0.46
SbsN,24,21,45,0.53
SbsP,34,23,57,0.6
SbsS,20,25,45,0.44
Sbsb,22,14,36,0.61
Sbsh,1,2,3,0.33
Sbsl,9,3,12,0.75
Sbsm,19,12,31,0.61
Sbsn,21,17,38,0.55
Sbss,16,20,36,0.44
ShBB,15,20,35,0.43
ShBD,2,1,3,0.67
ShBK,1,0,1,1.0
ShBL,7,2,9,0.78
ShBM,16,26,42,0.38
ShBN,21,17,38,0.55
ShBP,25,18,43,0.58
ShBS,9,18,27,0.33
ShBb,16,19,35,0.46
ShBh,1,6,7,0.14
ShBj,5,4,9,0.56
ShBl,9,4,13,0.69
ShBm,22,15,37,0.59
ShBn,14,19,33,0.42
ShBs,12,13,25,0.48
ShBt,2,1,3,0.67
ShDB,4,2,6,0.67
ShDD,0,1,1,0.0
ShDH,0,6,6,0.0
ShDI,0,2,2,0.0
ShDL,0,1,1,0.0
ShDM,5,2,7,0.71
ShDN,3,3,6,0.5
ShDP,3,4,7,0.43
ShDS,3,4,7,0.43
ShDb,3,1,4,0.75
ShDh,0,0,0,
ShDl,2,0,2,1.0
ShDm,6,1,7,0.86
ShDn,1,2,3,0.33
ShDs,4,7,11,0.36
ShDt,0,0,0,
ShHB,7,3,10,0.7
ShHH,1,2,3,0.33
ShHI,2,1,3,0.67
ShHK,0,3,3,0.0
ShHL,0,2,2,0.0
ShHM,5,8,13,0.38
ShHN,7,8,15,0.47
ShHP,7,5,12,0.58
ShHS,7,6,13,0.54
ShHb,4,4,8,0.5
ShHh,3,4,7,0.43
ShHl,7,2,9,0.78
ShHm,2,4,6,0.33
ShHn,8,9,17,0.47
ShHs,6,10,16,0.38
ShIB,1,1,2,0.5
ShIH,1,4,5,0.2
ShII,1,1,2,0.5
ShIL,3,1,4,0.75
ShIM,3,3,6,0.5
ShIN,4,0,4,1.0
ShIP,1,2,3,0.33
ShIS,3,1,4,0.75
ShIb,0,1,1,0.0
ShIl,0,0,0,
ShIm,2,1,3,0.67
ShIn,2,2,4,0.5
ShIs,0,2,2,0.0
ShIt,1,0,1,1.0
ShKB,0,1,1,0.0
ShKI,0,0,0,
ShKL,2,1,3,0.67
ShKN,0,1,1,0.0
ShKS,1,1,2,0.5
ShKb,1,0,1,1.0
ShKh,0,1,1,0.0
ShKn,0,1,1,0.0
ShKs,0,1,1,0.0
ShLB,8,5,13,0.62
ShLD,1,0,1,1.0
ShLH,1,0,1,1.0
ShLL,3,5,8,0.38
ShLM,4,9,13,0.31
ShLN,7,13,20,0.35
ShLP,13,17,30,0.43
ShLS,4,7,11,0.36
ShLb,7,10,17,0.41
ShLh,6,7,13,0.46
ShLj,2,2,4,0.5
ShLl,5,2,7,0.71
ShLm,10,7,17,0.59
ShLn,7,18,25,0.28
ShLs,6,4,10,0.6
ShLt,1,3,4,0.25
ShMB,23,17,40,0.57
ShMD,5,4,9,0.56
ShMH,0,1,1,0.0
ShMK,2,2,4,0.5
ShML,6,5,11,0.55
ShMM,23,30,53,0.43
ShMN,26,28,54,0.48
ShMP,34,48,82,0.41
ShMS,14,19,33,0.42
ShMb,28,25,53,0.53
ShMh,25,24,49,0.51
ShMj,8,3,11,0.73
ShMl,16,7,23,0.7
ShMm,21,23,44,0.48
ShMn,39,35,74,0.53
ShMs,20,21,41,0.49
ShMt,5,1,6,0.83
ShNB,14,13,27,0.52
ShND,1,1,2,0.5
ShNH,4,2,6,0.67
ShNI,0,1,1,0.0
ShNK,1,8,9,0.11
ShNL,9,7,16,0.56
ShNM,12,24,36,0.33
ShNN,21,31,52,0.4
ShNP,24,40,64,0.38
ShNS,22,18,40,0.55
ShNb,22,20,42,0.52
ShNh,4,7,11,0.36
ShNl,7,7,14,0.5
ShNm,46,13,59,0.78
ShNn,44,42,86,0.51
ShNs,21,23,44,0.48
ShNt,0,7,7,0.0
ShPB,29,38,67,0.43
ShPD,4,4,8,0.5
ShPH,7,9,16,0.44
ShPI,2,1,3,0.67
ShPK,1,3,4,0.25
ShPL,12,10,22,0.55
ShPM,23,42,65,0.35
ShPN,35,41,76,0.46
ShPP,45,49,94,0.48
ShPS,25,33,58,0.43
ShPb,42,32,74,0.57
ShPh,7,5,12,0.58
ShPl,14,20,34,0.41
ShPm,34,24,58,0.59
ShPn,34,24,58,0.59
ShPs,30,25,55,0.55
ShPt,2,4,6,0.33
ShSB,18,20,38,0.47
ShSD,3,3,6,0.5
ShSH,7,18,25,0.28
ShSI,2,0,2,1.0
ShSK,1,1,2,0.5
ShSL,9,9,18,0.5
ShSM,26,27,53,0.49
ShSN,24,30,54,0.44
ShSP,28,32,60,0.47
ShSS,42,48,90,0.47
ShSb,26,25,51,0.51
ShSh,19,24,43,0.44
ShSl,10,13,23,0.43
ShSm,30,21,51,0.59
ShSn,29,26,55,0.53
ShSs,40,38,78,0.51
ShSt,8,2,10,0.8
ShbB,18,13,31,0.58
ShbD,5,1,6,0.83
ShbH,8,8,16,0.5
ShbI,2,1,3,0.67
ShbJ,5,4,9,0.56
ShbK,5,6,11,0.45
ShbL,10,6,16,0.62
ShbM,22,25,47,0.47
ShbN,26,29,55,0.47
ShbP,28,22,50,0.56
ShbS,22,26,48,0.46
Shbb,23,30,53,0.43
Shbl,10,10,20,0.5
Shbm,20,12,32,0.62
Shbn,28,35,63,0.44
Shbs,10,12,22,0.45
ShhB,17,20,37,0.46
ShhD,3,4,7,0.43
ShhH,10,2,12,0.83
ShhI,1,0,1,1.0
ShhL,4,6,10,0.4
ShhM,21,22,43,0.49
ShhN,25,15,40,0.62
ShhP,30,23,53,0.57
ShhS,29,18,47,0.62
Shhb,18,13,31,0.58
Shhh,25,29,54,0.46
Shhl,13,11,24,0.54
Shhm,31,22,53,0.58
Shhn,28,22,50,0.56
Shhs,21,19,40,0.52
Shht,4,4,8,0.5
ShlB,4,7,11,0.36
ShlD,1,0,1,1.0
ShlH,13,6,19,0.68
ShlI,1,0,1,1.0
ShlJ,5,2,7,0.71
ShlK,0,2,2,0.0
ShlL,5,1,6,0.83
ShlM,12,9,21,0.57
ShlN,6,17,23,0.26
ShlP,12,14,26,0.46
ShlS,13,9,22,0.59
Shlb,9,11,20,0.45
Shll,5,3,8,0.62
Shlm,13,4,17,0.76
Shln,10,7,17,0.59
Shls,9,9,18,0.5
ShmB,22,17,39,0.56
ShmD,7,5,12,0.58
ShmH,19,20,39,0.49
ShmI,2,0,2,1.0
ShmJ,4,8,12,0.33
ShmK,1,0,1,1.0
ShmL,6,11,17,0.35
ShmM,13,39,52,0.25
ShmN,28,31,59,0.47
ShmP,24,21,45,0.53
ShmS,32,25,57,0.56
Shmb,23,26,49,0.47
Shml,8,4,12,0.67
Shmm,20,14,34,0.59
Shmn,28,19,47,0.6
Shms,20,11,31,0.65
ShnB,19,17,36,0.53
ShnD,1,3,4,0.25
ShnH,18,15,33,0.55
ShnI,4,6,10,0.4
ShnK,3,4,7,0.43
ShnL,13,6,19,0.68
ShnM,30,28,58,0.52
ShnN,40,31,71,0.56
ShnP,37,48,85,0.44
ShnS,22,37,59,0.37
Shnb,37,25,62,0.6
Shnh,3,0,3,1.0
Shnl,10,8,18,0.56
Shnm,28,17,45,0.62
Shnn,37,32,69,0.54
Shns,25,29,54,0.46
ShsB,17,16,33,0.52
ShsD,5,6,11,0.45
ShsH,23,32,55,0.42
ShsI,3,3,6,0.5
ShsK,1,2,3,0.33
ShsL,6,11,17,0.35
ShsM,25,23,48,0.52
ShsN,27,21,48,0.56
ShsP,31,36,67,0.46
ShsS,24,42,66,0.36
Shsb,27,27,54,0.5
Shsh,2,4,6,0.33
Shsl,15,8,23,0.65
Shsm,29,25,54,0.54
Shsn,25,22,47,0.53
Shss,29,28,57,0.51
Shst,0,0,0,
ShtB,1,2,3,0.33
ShtH,3,1,4,0.75
ShtK,1,1,2,0.5
ShtL,3,0,3,1.0
ShtM,2,3,5,0.4
ShtN,5,4,9,0.56
ShtP,1,2,3,0.33
ShtS,4,2,6,0.67
Shtb,1,3,4,0.25
Shtl,2,3,5,0.4
Shtm,4,2,6,0.67
Shtn,2,4,6,0.33
Shts,3,6,9,0.33
Shtt,1,0,1,1.0
SlBB,14,18,32,0.44
SlBD,4,1,5,0.8
SlBH,0,1,1,0.0
SlBK,2,0,2,1.0
SlBL,5,4,9,0.56
SlBM,11,15,26,0.42
SlBN,18,12,30,0.6
SlBP,20,16,36,0.56
SlBS,7,10,17,0.41
SlBb,11,9,20,0.55
SlBh,3,1,4,0.75
SlBj,2,1,3,0.67
SlBl,6,3,9,0.67
SlBm,13,11,24,0.54
SlBn,21,12,33,0.64
SlBs,20,12,32,0.62
SlBt,0,2,2,0.0
SlDB,1,1,2,0.5
SlDD,0,1,1,0.0
SlDH,5,0,5,1.0
SlDL,3,0,3,1.0
SlDM,4,1,5,0.8
SlDN,3,0,3,1.0
SlDP,4,1,5,0.8
SlDS,3,4,7,0.43
SlDb,2,0,2,1.0
SlDh,0,0,0,
SlDl,1,1,2,0.5
SlDm,1,1,2,0.5
SlDn,1,2,3,0.33
SlDs,2,2,4,0.5
SlHB,3,12,15,0.2
SlHH,1,4,5,0.2
SlHI,1,1,2,0.5
SlHK,0,4,4,0.0
SlHL,6,5,11,0.55
SlHM,10,18,28,0.36
SlHN,13,15,28,0.46
SlHP,19,24,43,0.44
SlHS,11,11,22,0.5
SlHb,13,10,23,0.57
SlHh,3,3,6,0.5
SlHl,4,7,11,0.36
SlHm,10,15,25,0.4
SlHn,8,12,20,0.4
SlHs,10,11,21,0.48
SlHt,2,1,3,0.67
SlIB,2,0,2,1.0
SlIH,0,1,1,0.0
SlII,0,1,1,0.0
SlIL,1,0,1,1.0
SlIM,2,1,3,0.67
SlIN,1,0,1,1.0
SlIP,3,1,4,0.75
SlIS,1,2,3,0.33
SlIb,1,0,1,1.0
SlIm,1,1,2,0.5
SlIn,1,1,2,0.5
SlIs,1,3,4,0.25
SlJB,2,4,6,0.33
SlJD,2,0,2,1.0
SlJH,1,3,4,0.25
SlJI,1,0,1,1.0
SlJL,2,3,5,0.4
SlJM,2,4,6,0.33
SlJN,8,9,17,0.47
SlJP,7,9,16,0.44
SlJS,5,6,11,0.45
SlJb,7,8,15,0.47
SlJh,2,0,2,1.0
SlJl,1,1,2,0.5
SlJm,1,3,4,0.25
SlJn,2,1,3,0.67
SlJs,7,5,12,0.58
SlKB,0,2,2,0.0
SlKI,0,0,0,
SlKK,1,0,1,1.0
SlKM,1,1,2,0.5
SlKN,1,0,1,1.0
SlKP,0,0,0,
SlKS,1,0,1,1.0
SlKb,0,3,3,0.0
SlKh,0,4,4,0.0
SlKl,1,0,1,1.0
SlKm,2,1,3,0.67
SlKn,0,1,1,0.0
SlLB,8,4,12,0.67
SlLD,1,0,1,1.0
SlLL,2,3,5,0.4
SlLM,4,12,16,0.25
SlLN,13,8,21,0.62
SlLP,5,7,12,0.42
SlLS,5,6,11,0.45
SlLb,6,10,16,0.38
SlLh,5,1,6,0.83
SlLj,2,2,4,0.5
SlLl,2,2,4,0.5
SlLm,5,8,13,0.38
SlLn,10,16,26,0.38
SlLs,6,2,8,0.75
SlLt,2,2,4,0.5
SlMB,13,13,26,0.5
SlMD,4,3,7,0.57
SlML,7,10,17,0.41
SlMM,16,18,34,0.47
SlMN,9,19,28,0.32
SlMP,25,26,51,0.49
SlMS,14,24,38,0.37
SlMb,27,12,39,0.69
SlMh,10,12,22,0.45
SlMj,6,7,13,0.46
SlMl,9,7,16,0.56
SlMm,22,13,35,0.63
SlMn,44,31,75,0.59
SlMs,12,15,27,0.44
SlMt,4,2,6,0.67
SlNB,12,16,28,0.43
SlND,1,3,4,0.25
SlNH,2,1,3,0.67
SlNI,1,0,1,1.0
SlNK,1,0,1,1.0
SlNL,11,4,15,0.73
SlNM,18,21,39,0.46
SlNN,25,33,58,0.43
SlNP,27,26,53,0.51
SlNS,19,11,30,0.63
SlNb,18,21,39,0.46
SlNh,5,8,13,0.38
SlNl,7,12,19,0.37
SlNm,17,26,43,0.4
SlNn,39,19,58,0.67
SlNs,14,12,26,0.54
SlNt,3,2,5,0.6
SlPB,11,18,29,0.38
SlPD,5,3,8,0.62
SlPH,8,5,13,0.62
SlPI,0,4,4,0.0
SlPK,1,5,6,0.17
SlPL,10,11,21,0.48
SlPM,27,28,55,0.49
SlPN,30,31,61,0.49
SlPP,48,32,80,0.6
SlPS,13,18,31,0.42
SlPb,18,18,36,0.5
SlPh,2,2,4,0.5
SlPl,10,14,24,0.42
SlPm,19,11,30,0.63
SlPn,22,24,46,0.48
SlPs,21,15,36,0.58
SlPt,6,5,11,0.55
SlSB,11,5,16,0.69
SlSD,2,5,7,0.29
SlSH,3,1,4,0.75
SlSK,1,0,1,1.0
SlSL,7,13,20,0.35
SlSM,20,23,43,0.47
SlSN,17,9,26,0.65
SlSP,26,17,43,0.6
SlSS,25,24,49,0.51
SlSb,17,18,35,0.49
SlSh,8,8,16,0.5
SlSl,10,12,22,0.45
SlSm,20,17,37,0.54
SlSn,22,10,32,0.69
SlSs,20,19,39,0.51
SlSt,3,5,8,0.38
SlbB,20,20,40,0.5
SlbD,1,0,1,1.0
SlbH,5,4,9,0.56
SlbI,2,1,3,0.67
SlbJ,5,2,7,0.71
SlbK,0,3,3,0.0
SlbL,9,7,16,0.56
SlbM,20,13,33,0.61
SlbN,30,26,56,0.54
SlbP,20,39,59,0.34
SlbS,8,7,15,0.53
Slbb,21,24,45,0.47
Slbl,9,8,17,0.53
Slbm,14,15,29,0.48
Slbn,26,19,45,0.58
Slbs,11,11,22,0.5
SlhP,1,0,1,1.0
SlhS,1,0,1,1.0
SllB,14,9,23,0.61
SllD,2,0,2,1.0
SllH,3,7,10,0.3
SllI,3,0,3,1.0
SllJ,2,1,3,0.67
SllK,0,1,1,0.0
SllL,5,4,9,0.56
SllM,8,10,18,0.44
SllN,6,14,20,0.3
SllP,12,10,22,0.55
SllS,12,9,21,0.57
Sllb,9,4,13,0.69
Slll,9,4,13,0.69
Sllm,8,3,11,0.73
Slln,7,5,12,0.58
Slls,2,8,10,0.2
SlmB,17,12,29,0.59
SlmD,3,6,9,0.33
SlmH,14,13,27,0.52
SlmI,0,1,1,0.0
SlmJ,4,3,7,0.57
SlmK,0,1,1,0.0
SlmL,4,9,13,0.31
SlmM,17,17,34,0.5
SlmN,21,9,30,0.7
SlmP,18,20,38,0.47
SlmS,10,17,27,0.37
Slmb,24,13,37,0.65
Slml,9,2,11,0.82
Slmm,15,15,30,0.5
Slmn,15,15,30,0.5
Slms,9,6,15,0.6
SlnB,10,13,23,0.43
SlnD,2,1,3,0.67
SlnH,10,4,14,0.71
SlnI,3,2,5,0.6
SlnK,0,1,1,0.0
SlnL,4,7,11,0.36
SlnM,9,22,31,0.29
SlnN,24,19,43,0.56
SlnP,27,33,60,0.45
SlnS,11,14,25,0.44
Slnb,22,7,29,0.76
Slnl,7,9,16,0.44
Slnm,12,12,24,0.5
Slnn,13,14,27,0.48
Slns,9,9,18,0.5
Slnt,1,1,2,0.5
SlsB,7,4,11,0.64
SlsD,3,8,11,0.27
SlsH,13,13,26,0.5
SlsI,2,2,4,0.5
SlsL,8,3,11,0.73
SlsM,8,7,15,0.53
SlsN,10,6,16,0.62
SlsP,27,22,49,0.55
SlsS,15,8,23,0.65
Slsb,6,17,23,0.26
Slsh,0,0,0,
Slsl,5,4,9,0.56
Slsm,19,13,32,0.59
Slsn,13,3,16,0.81
Slss,8,9,17,0.47
SmBB,24,34,58,0.41
SmBD,7,5,12,0.58
SmBH,1,0,1,1.0
SmBK,2,5,7,0.29
SmBL,13,5,18,0.72
SmBM,34,37,71,0.48
SmBN,45,41,86,0.52
SmBP,44,43,87,0.51
SmBS,26,30,56,0.46
SmBb,27,34,61,0.44
SmBh,5,11,16,0.31
SmBj,11,13,24,0.46
SmBl,8,17,25,0.32
SmBm,36,24,60,0.6
SmBn,36,43,79,0.46
SmBs,23,14,37,0.62
SmBt,2,9,11,0.18
SmDB,8,6,14,0.57
SmDD,7,4,11,0.64
SmDH,4,5,9,0.44
SmDI,2,1,3,0.67
SmDK,1,0,1,1.0
SmDL,4,1,5,0.8
SmDM,11,13,24,0.46
SmDN,4,7,11,0.36
SmDP,4,6,10,0.4
SmDS,11,16,27,0.41
SmDb,10,6,16,0.62
SmDh,2,1,3,0.67
SmDl,5,5,10,0.5
SmDm,15,9,24,0.62
SmDn,5,8,13,0.38
SmDs,15,1,16,0.94
SmDt,0,3,3,0.0
SmHB,32,31,63,0.51
SmHD,5,3,8,0.62
SmHH,6,6,12,0.5
SmHI,5,1,6,0.83
SmHK,4,3,7,0.57
SmHL,11,13,24,0.46
SmHM,48,32,80,0.6
SmHN,28,33,61,0.46
SmHP,38,39,77,0.49
SmHS,20,27,47,0.43
SmHb,27,32,59,0.46
SmHh,19,15,34,0.56
SmHl,15,17,32,0.47
SmHm,37,33,70,0.53
SmHn,38,36,74,0.51
SmHs,27,26,53,0.51
SmHt,4,2,6,0.67
SmIB,3,2,5,0.6
SmID,2,1,3,0.67
SmIH,1,2,3,0.33
SmIK,1,0,1,1.0
SmIL,1,4,5,0.2
SmIM,3,5,8,0.38
SmIN,6,4,10,0.6
SmIP,2,4,6,0.33
SmIS,0,3,3,0.0
SmIb,3,6,9,0.33
SmIl,1,1,2,0.5
SmIm,3,2,5,0.6
SmIn,4,3,7,0.57
SmIs,4,3,7,0.57
SmJB,8,5,13,0.62
SmJD,0,0,0,
SmJH,6,6,12,0.5
SmJI,1,1,2,0.5
SmJK,1,0,1,1.0
SmJL,2,3,5,0.4
SmJM,8,11,19,0.42
SmJN,10,9,19,0.53
SmJP,13,13,26,0.5
SmJS,3,10,13,0.23
SmJb,6,3,9,0.67
SmJh,0,2,2,0.0
SmJl,1,3,4,0.25
SmJm,5,14,19,0.26
SmJn,11,6,17,0.65
SmJs,7,7,14,0.5
SmJt,4,0,4,1.0
SmKB,0,0,0,
SmKL,1,1,2,0.5
SmKM,1,0,1,1.0
SmKP,1,2,3,0.33
SmKS,0,2,2,0.0
SmKb,0,1,1,0.0
SmKh,0,1,1,0.0
SmKl,0,1,1,0.0
SmKm,1,0,1,1.0
SmKn,3,1,4,0.75
SmKs,2,1,3,0.67
SmLB,14,13,27,0.52
SmLD,2,1,3,0.67
SmLH,1,1,2,0.5
SmLK,1,2,3,0.33
SmLL,3,6,9,0.33
SmLM,11,19,30,0.37
SmLN,13,23,36,0.36
SmLP,14,20,34,0.41
SmLS,11,16,27,0.41
SmLb,13,16,29,0.45
SmLh,4,6,10,0.4
SmLj,1,4,5,0.2
SmLl,8,3,11,0.73
SmLm,17,12,29,0.59
SmLn,21,15,36,0.58
SmLs,9,21,30,0.3
SmLt,2,3,5,0.4
SmMB,37,25,62,0.6
SmMD,14,6,20,0.7
SmMH,0,0,0,
SmMI,0,1,1,0.0
SmMK,0,0,0,
SmML,8,13,21,0.38
SmMM,31,56,87,0.36
SmMN,49,53,102,0.48
SmMP,45,49,94,0.48
SmMS,39,28,67,0.58
SmMb,44,35,79,0.56
SmMh,41,31,72,0.57
SmMj,12,3,15,0.8
SmMl,17,12,29,0.59
SmMm,50,42,92,0.54
SmMn,58,67,125,0.46
SmMs,40,23,63,0.63
SmMt,3,5,8,0.38
SmNB,42,39,81,0.52
SmND,11,5,16,0.69
SmNH,8,11,19,0.42
SmNI,1,0,1,1.0
SmNK,3,8,11,0.27
SmNL,14,16,30,0.47
SmNM,47,47,94,0.5
SmNN,60,63,123,0.49
SmNP,72,87,159,0.45
SmNS,45,48,93,0.48
SmNb,42,40,82,0.51
SmNh,13,9,22,0.59
SmNl,23,14,37,0.62
SmNm,41,41,82,0.5
SmNn,55,61,116,0.47
SmNs,38,31,69,0.55
SmNt,13,7,20,0.65
SmPB,28,54,82,0.34
SmPD,9,8,17,0.53
SmPH,15,12,27,0.56
SmPI,3,4,7,0.43
SmPK,8,5,13,0.62
SmPL,24,25,49,0.49
SmPM,47,71,118,0.4
SmPN,69,62,131,0.53
SmPP,84,68,152,0.55
SmPS,52,28,80,0.65
SmPb,57,58,115,0.5
SmPh,5,2,7,0.71
SmPl,15,19,34,0.44
SmPm,55,33,88,0.62
SmPn,58,55,113,0.51
SmPs,37,33,70,0.53
SmPt,5,10,15,0.33
SmSB,22,27,49,0.45
SmSD,9,5,14,0.64
SmSH,18,15,33,0.55
SmSI,2,1,3,0.67
SmSK,3,0,3,1.0
SmSL,10,6,16,0.62
SmSM,32,41,73,0.44
SmSN,32,37,69,0.46
SmSP,52,39,91,0.57
SmSS,33,52,85,0.39
SmSb,34,33,67,0.51
SmSh,21,28,49,0.43
SmSl,7,7,14,0.5
SmSm,45,36,81,0.56
SmSn,37,43,80,0.46
SmSs,35,33,68,0.51
SmSt,8,6,14,0.57
SmbB,45,37,82,0.55
SmbD,1,2,3,0.33
SmbH,9,8,17,0.53
SmbI,2,6,8,0.25
SmbJ,12,10,22,0.55
SmbK,2,5,7,0.29
SmbL,10,16,26,0.38
SmbM,41,44,85,0.48
SmbN,56,60,116,0.48
SmbP,63,59,122,0.52
SmbS,21,31,52,0.4
Smbb,52,40,92,0.57
Smbl,12,16,28,0.43
Smbm,34,29,63,0.54
Smbn,52,33,85,0.61
Smbs,13,22,35,0.37
SmhM,1,0,1,1.0
SmhN,0,1,1,0.0
SmhS,0,1,1,0.0
Smhm,1,0,1,1.0
Smhn,0,2,2,0.0
Smhs,1,1,2,0.5
SmlB,11,18,29,0.38
SmlD,3,1,4,0.75
SmlH,7,7,14,0.5
SmlI,2,1,3,0.67
SmlJ,4,3,7,0.57
SmlK,0,1,1,0.0
SmlL,6,6,12,0.5
SmlM,19,16,35,0.54
SmlN,16,20,36,0.44
SmlP,20,17,37,0.54
SmlS,9,8,17,0.53
Smlb,17,16,33,0.52
Smll,7,7,14,0.5
Smlm,17,9,26,0.65
Smln,12,13,25,0.48
Smls,15,3,18,0.83
SmmB,44,32,76,0.58
SmmD,7,5,12,0.58
SmmH,36,24,60,0.6
SmmI,0,2,2,0.0
SmmJ,13,7,20,0.65
SmmK,2,1,3,0.67
SmmL,14,11,25,0.56
SmmM,36,51,87,0.41
SmmN,45,49,94,0.48
SmmP,52,35,87,0.6
SmmS,34,28,62,0.55
Smmb,40,44,84,0.48
Smml,13,5,18,0.72
Smmm,41,30,71,0.58
Smmn,31,44,75,0.41
Smms,18,16,34,0.53
SmnB,41,31,72,0.57
SmnD,4,8,12,0.33
SmnH,18,27,45,0.4
SmnI,9,4,13,0.69
SmnK,3,3,6,0.5
SmnL,9,10,19,0.47
SmnM,36,45,81,0.44
SmnN,42,60,102,0.41
SmnP,54,58,112,0.48
SmnS,34,29,63,0.54
Smnb,29,41,70,0.41
Smnh,1,0,1,1.0
Smnl,10,10,20,0.5
Smnm,45,26,71,0.63
Smnn,54,47,101,0.53
Smns,26,25,51,0.51
SmsB,14,20,34,0.41
SmsD,5,6,11,0.45
SmsH,27,22,49,0.55
SmsI,5,3,8,0.62
SmsK,0,1,1,0.0
SmsL,9,6,15,0.6
SmsM,23,27,50,0.46
SmsN,22,27,49,0.45
SmsP,32,33,65,0.49
SmsS,34,33,67,0.51
Smsb,17,18,35,0.49
Smsl,6,8,14,0.43
Smsm,27,16,43,0.63
Smsn,22,25,47,0.47
Smss,23,19,42,0.55
Smst,1,1,2,0.5
SmtB,0,1,1,0.0
SmtD,0,1,1,0.0
SmtN,1,0,1,1.0
SnBB,28,21,49,0.57
SnBD,5,5,10,0.5
SnBH,0,0,0,
SnBK,7,3,10,0.7
SnBL,8,10,18,0.44
SnBM,23,22,45,0.51
SnBN,37,40,77,0.48
SnBP,36,52,88,0.41
SnBS,23,23,46,0.5
SnBb,26,19,45,0.58
SnBh,1,3,4,0.25
SnBj,7,18,25,0.28
SnBl,12,11,23,0.52
SnBm,31,29,60,0.52
SnBn,54,46,100,0.54
SnBs,19,19,38,0.5
SnBt,5,8,13,0.38
SnDB,5,5,10,0.5
SnDD,3,3,6,0.5
SnDH,10,5,15,0.67
SnDI,1,1,2,0.5
SnDK,0,0,0,
SnDL,4,2,6,0.67
SnDM,12,12,24,0.5
SnDN,3,9,12,0.25
SnDP,7,7,14,0.5
SnDS,8,9,17,0.47
SnDb,4,3,7,0.57
SnDh,0,0,0,
SnDl,0,1,1,0.0
SnDm,12,5,17,0.71
SnDn,11,8,19,0.58
SnDs,7,8,15,0.47
SnDt,2,2,4,0.5
SnHB,19,16,35,0.54
SnHD,4,5,9,0.44
SnHH,7,6,13,0.54
SnHI,3,3,6,0.5
SnHK,2,2,4,0.5
SnHL,7,8,15,0.47
SnHM,22,33,55,0.4
SnHN,36,28,64,0.56
SnHP,45,43,88,0.51
SnHS,20,32,52,0.38
SnHb,22,28,50,0.44
SnHh,11,11,22,0.5
SnHl,11,12,23,0.48
SnHm,28,27,55,0.51
SnHn,33,21,54,0.61
SnHs,20,28,48,0.42
SnHt,3,4,7,0.43
SnIB,3,7,10,0.3
SnID,1,0,1,1.0
SnIH,5,7,12,0.42
SnIK,0,0,0,
SnIL,2,3,5,0.4
SnIM,1,8,9,0.11
SnIN,6,7,13,0.46
SnIP,11,2,13,0.85
SnIS,4,5,9,0.44
SnIb,6,11,17,0.35
SnIh,0,0,0,
SnIl,4,1,5,0.8
SnIm,10,3,13,0.77
SnIn,7,7,14,0.5
SnIs,4,2,6,0.67
SnIt,0,2,2,0.0
SnKB,4,6,10,0.4
SnKD,0,0,0,
SnKH,1,0,1,1.0
SnKI,1,1,2,0.5
SnKL,2,0,2,1.0
SnKM,7,7,14,0.5
SnKN,2,8,10,0.2
SnKP,3,5,8,0.38
SnKS,2,4,6,0.33
SnKb,3,4,7,0.43
SnKh,5,12,17,0.29
SnKl,6,3,9,0.67
SnKm,5,3,8,0.62
SnKn,6,6,12,0.5
SnKs,3,2,5,0.6
SnKt,1,0,1,1.0
SnLB,6,13,19,0.32
SnLD,1,3,4,0.25
SnLH,0,0,0,
SnLK,2,3,5,0.4
SnLL,4,4,8,0.5
SnLM,11,16,27,0.41
SnLN,18,14,32,0.56
SnLP,18,21,39,0.46
SnLS,9,17,26,0.35
SnLb,16,11,27,0.59
SnLh,5,6,11,0.45
SnLj,3,3,6,0.5
SnLl,11,8,19,0.58
SnLm,21,11,32,0.66
SnLn,37,23,60,0.62
SnLs,11,4,15,0.73
SnLt,3,3,6,0.5
SnMB,40,37,77,0.52
SnMD,4,2,6,0.67
SnMH,0,1,1,0.0
SnMK,1,0,1,1.0
SnML,12,11,23,0.52
SnMM,29,64,93,0.31
SnMN,37,51,88,0.42
SnMP,61,50,111,0.55
SnMS,40,32,72,0.56
SnMb,44,55,99,0.44
SnMh,33,50,83,0.4
SnMj,8,13,21,0.38
SnMl,15,16,31,0.48
SnMm,41,45,86,0.48
SnMn,65,69,134,0.49
SnMs,23,42,65,0.35
SnMt,6,7,13,0.46
SnNB,46,53,99,0.46
SnND,15,9,24,0.62
SnNH,13,8,21,0.62
SnNK,6,7,13,0.46
SnNL,24,27,51,0.47
SnNM,63,75,138,0.46
SnNN,83,70,153,0.54
SnNP,99,88,187,0.53
SnNS,55,54,109,0.5
SnNb,57,54,111,0.51
SnNh,25,16,41,0.61
SnNl,21,16,37,0.57
SnNm,59,51,110,0.54
SnNn,97,109,206,0.47
SnNs,57,45,102,0.56
SnNt,11,15,26,0.42
SnPB,46,60,106,0.43
SnPD,8,13,21,0.38
SnPH,19,28,47,0.4
SnPI,10,5,15,0.67
SnPK,8,11,19,0.42
SnPL,32,36,68,0.47
SnPM,67,76,143,0.47
SnPN,75,88,163,0.46
SnPP,111,124,235,0.47
SnPS,63,62,125,0.5
SnPb,77,60,137,0.56
SnPh,10,12,22,0.45
SnPl,35,29,64,0.55
SnPm,82,66,148,0.55
SnPn,96,73,169,0.57
SnPs,58,45,103,0.56
SnPt,6,4,10,0.6
SnSB,26,36,62,0.42
SnSD,9,8,17,0.53
SnSH,17,14,31,0.55
SnSI,0,1,1,0.0
SnSK,2,1,3,0.67
SnSL,11,20,31,0.35
SnSM,50,55,105,0.48
SnSN,44,46,90,0.49
SnSP,76,72,148,0.51
SnSS,48,55,103,0.47
SnSb,39,33,72,0.54
SnSh,35,28,63,0.56
SnSl,15,18,33,0.45
SnSm,40,36,76,0.53
SnSn,48,68,116,0.41
SnSs,61,36,97,0.63
SnSt,10,3,13,0.77
SnbB,33,36,69,0.48
SnbD,3,5,8,0.38
SnbH,13,13,26,0.5
SnbI,4,3,7,0.57
SnbJ,10,5,15,0.67
SnbK,7,5,12,0.58
SnbL,16,15,31,0.52
SnbM,44,43,87,0.51
SnbN,66,55,121,0.55
SnbP,62,69,131,0.47
SnbS,31,26,57,0.54
Snbb,46,44,90,0.51
Snbl,21,11,32,0.66
Snbm,36,32,68,0.53
Snbn,67,39,106,0.63
Snbs,18,24,42,0.43
SnhB,1,4,5,0.2
SnhH,1,0,1,1.0
SnhL,3,0,3,1.0
SnhM,1,1,2,0.5
SnhN,2,4,6,0.33
SnhP,4,4,8,0.5
Snhb,2,2,4,0.5
Snhh,1,3,4,0.25
Snhl,0,1,1,0.0
Snhm,1,1,2,0.5
Snhn,1,1,2,0.5
Snhs,1,2,3,0.33
Snht,1,0,1,1.0
SnlB,13,14,27,0.48
SnlD,3,1,4,0.75
SnlH,8,15,23,0.35
SnlI,1,0,1,1.0
SnlJ,7,3,10,0.7
SnlK,0,1,1,0.0
SnlL,5,8,13,0.38
SnlM,19,14,33,0.58
SnlN,35,22,57,0.61
SnlP,27,31,58,0.47
SnlS,9,10,19,0.47
Snlb,17,25,42,0.4
Snll,7,8,15,0.47
Snlm,9,12,21,0.43
Snln,13,17,30,0.43
Snls,11,5,16,0.69
SnmB,27,36,63,0.43
SnmD,5,12,17,0.29
SnmH,26,39,65,0.4
SnmI,4,4,8,0.5
SnmJ,5,10,15,0.33
SnmL,10,10,20,0.5
SnmM,44,56,100,0.44
SnmN,58,60,118,0.49
SnmP,60,37,97,0.62
SnmS,33,34,67,0.49
Snmb,53,58,111,0.48
Snmh,0,1,1,0.0
Snml,15,8,23,0.65
Snmm,36,38,74,0.49
Snmn,49,40,89,0.55
Snms,22,21,43,0.51
Snmt,0,0,0,
SnnB,24,26,50,0.48
SnnD,11,6,17,0.65
SnnH,35,25,60,0.58
SnnI,9,9,18,0.5
SnnK,5,7,12,0.42
SnnL,20,19,39,0.51
SnnM,52,68,120,0.43
SnnN,74,92,166,0.45
SnnP,100,71,171,0.58
SnnS,48,49,97,0.49
Snnb,51,39,90,0.57
Snnh,1,0,1,1.0
Snnl,22,16,38,0.58
Snnm,49,43,92,0.53
Snnn,61,74,135,0.45
Snns,37,38,75,0.49
SnsB,19,27,46,0.41
SnsD,5,7,12,0.42
SnsH,29,33,62,0.47
SnsI,8,7,15,0.53
SnsK,0,1,1,0.0
SnsL,9,18,27,0.33
SnsM,32,41,73,0.44
SnsN,32,44,76,0.42
SnsP,46,58,104,0.44
SnsS,48,41,89,0.54
Snsb,34,28,62,0.55
Snsh,2,3,5,0.4
Snsl,14,13,27,0.52
Snsm,38,30,68,0.56
Snsn,45,35,80,0.56
Snss,44,41,85,0.52
Snst,0,1,1,0.0
SntB,0,0,0,
Sntm,1,0,1,1.0
SsBB,24,21,45,0.53
SsBD,3,1,4,0.75
SsBH,0,1,1,0.0
SsBK,3,2,5,0.6
SsBL,13,5,18,0.72
SsBM,20,20,40,0.5
SsBN,30,20,50,0.6
SsBP,32,20,52,0.62
SsBS,20,18,38,0.53
SsBb,15,27,42,0.36
SsBh,0,2,2,0.0
SsBj,6,10,16,0.38
SsBl,8,10,18,0.44
SsBm,20,19,39,0.51
SsBn,29,43,72,0.4
SsBs,15,12,27,0.56
SsBt,7,1,8,0.88
SsDB,3,10,13,0.23
SsDD,7,2,9,0.78
SsDH,11,9,20,0.55
SsDL,3,3,6,0.5
SsDM,12,14,26,0.46
SsDN,12,6,18,0.67
SsDP,14,11,25,0.56
SsDS,11,11,22,0.5
SsDb,14,9,23,0.61
SsDh,1,0,1,1.0
SsDl,2,2,4,0.5
SsDm,7,7,14,0.5
SsDn,6,6,12,0.5
SsDs,8,6,14,0.57
SsDt,3,1,4,0.75
SsHB,27,33,60,0.45
SsHD,7,8,15,0.47
SsHH,7,11,18,0.39
SsHI,6,11,17,0.35
SsHK,4,4,8,0.5
SsHL,9,12,21,0.43
SsHM,41,39,80,0.51
SsHN,45,58,103,0.44
SsHP,55,40,95,0.58
SsHS,51,55,106,0.48
SsHb,31,23,54,0.57
SsHh,17,19,36,0.47
SsHl,18,20,38,0.47
SsHm,39,26,65,0.6
SsHn,46,46,92,0.5
SsHs,42,46,88,0.48
SsHt,2,2,4,0.5
SsIB,4,4,8,0.5
SsID,1,1,2,0.5
SsIH,6,4,10,0.6
SsII,1,0,1,1.0
SsIL,2,2,4,0.5
SsIM,9,7,16,0.56
SsIN,4,8,12,0.33
SsIP,9,7,16,0.56
SsIS,8,12,20,0.4
SsIb,7,3,10,0.7
SsIl,4,3,7,0.57
SsIm,2,3,5,0.4
SsIn,5,0,5,1.0
SsIs,5,7,12,0.42
SsKB,1,4,5,0.2
SsKH,0,1,1,0.0
SsKK,0,0,0,
SsKL,1,0,1,1.0
SsKM,0,4,4,0.0
SsKN,0,1,1,0.0
SsKP,1,1,2,0.5
SsKS,2,3,5,0.4
SsKb,2,0,2,1.0
SsKh,1,2,3,0.33
SsKl,3,1,4,0.75
SsKm,4,1,5,0.8
SsKn,2,2,4,0.5
SsKs,3,2,5,0.6
SsLB,19,14,33,0.58
SsLD,3,0,3,1.0
SsLK,2,1,3,0.67
SsLL,5,3,8,0.62
SsLM,13,19,32,0.41
SsLN,13,13,26,0.5
SsLP,25,23,48,0.52
SsLS,7,10,17,0.41
SsLb,20,13,33,0.61
SsLh,3,3,6,0.5
SsLj,4,4,8,0.5
SsLl,11,8,19,0.58
SsLm,13,14,27,0.48
SsLn,17,16,33,0.52
SsLs,16,13,29,0.55
SsLt,5,2,7,0.71
SsMB,29,42,71,0.41
SsMD,3,7,10,0.3
SsMK,0,1,1,0.0
SsML,19,18,37,0.51
SsMM,38,42,80,0.48
SsMN,46,38,84,0.55
SsMP,47,51,98,0.48
SsMS,37,37,74,0.5
SsMb,40,31,71,0.56
SsMh,37,23,60,0.62
SsMj,6,12,18,0.33
SsMl,16,14,30,0.53
SsMm,48,51,99,0.48
SsMn,49,62,111,0.44
SsMs,34,34,68,0.5
SsMt,5,9,14,0.36
SsNB,36,26,62,0.58
SsND,9,3,12,0.75
SsNH,10,4,14,0.71
SsNI,0,0,0,
SsNK,3,7,10,0.3
SsNL,8,21,29,0.28
SsNM,45,48,93,0.48
SsNN,50,55,105,0.48
SsNP,61,60,121,0.5
SsNS,47,44,91,0.52
SsNb,27,35,62,0.44
SsNh,16,8,24,0.67
SsNl,13,15,28,0.46
SsNm,45,33,78,0.58
SsNn,80,65,145,0.55
SsNs,42,46,88,0.48
SsNt,10,10,20,0.5
SsPB,41,35,76,0.54
SsPD,9,8,17,0.53
SsPH,16,18,34,0.47
SsPI,8,2,10,0.8
SsPK,8,13,21,0.38
SsPL,24,21,45,0.53
SsPM,48,50,98,0.49
SsPN,49,53,102,0.48
SsPP,88,76,164,0.54
SsPS,65,41,106,0.61
SsPb,46,55,101,0.46
SsPh,5,7,12,0.42
SsPl,27,22,49,0.55
SsPm,59,44,103,0.57
SsPn,40,56,96,0.42
SsPs,46,54,100,0.46
SsPt,8,4,12,0.67
SsSB,28,44,72,0.39
SsSD,13,14,27,0.48
SsSH,18,27,45,0.4
SsSI,4,2,6,0.67
SsSK,2,3,5,0.4
SsSL,25,18,43,0.58
SsSM,52,52,104,0.5
SsSN,45,50,95,0.47
SsSP,60,80,140,0.43
SsSS,97,108,205,0.47
SsSb,32,32,64,0.5
SsSh,39,53,92,0.42
SsSl,35,20,55,0.64
SsSm,60,49,109,0.55
SsSn,66,58,124,0.53
SsSs,96,88,184,0.52
SsSt,13,13,26,0.5
SsbB,31,28,59,0.53
SsbD,5,1,6,0.83
SsbH,7,4,11,0.64
SsbI,2,2,4,0.5
SsbJ,11,7,18,0.61
SsbK,8,6,14,0.57
SsbL,13,14,27,0.48
SsbM,30,34,64,0.47
SsbN,48,42,90,0.53
SsbP,48,45,93,0.52
SsbS,19,23,42,0.45
Ssbb,50,34,84,0.6
Ssbh,0,1,1,0.0
Ssbl,23,16,39,0.59
Ssbm,38,32,70,0.54
Ssbn,45,39,84,0.54
Ssbs,22,15,37,0.59
SshB,0,3,3,0.0
SshH,1,0,1,1.0
SshI,0,0,0,
SshM,0,0,0,
SshN,4,3,7,0.57
SshP,1,4,5,0.2
SshS,0,6,6,0.0
Sshb,5,3,8,0.62
Sshh,1,2,3,0.33
Sshl,1,0,1,1.0
Sshm,2,3,5,0.4
Sshn,0,2,2,0.0
Sshs,1,4,5,0.2
Ssht,0,1,1,0.0
SslB,10,13,23,0.43
SslD,2,2,4,0.5
SslH,13,10,23,0.57
SslI,4,0,4,1.0
SslJ,2,0,2,1.0
SslK,1,0,1,1.0
SslL,10,8,18,0.56
SslM,13,22,35,0.37
SslN,16,24,40,0.4
SslP,23,22,45,0.51
SslS,10,10,20,0.5
Sslb,21,14,35,0.6
Ssll,10,8,18,0.56
Sslm,19,9,28,0.68
Ssln,21,8,29,0.72
Ssls,12,16,28,0.43
SsmB,35,32,67,0.52
SsmD,8,7,15,0.53
SsmH,41,24,65,0.63
SsmI,4,2,6,0.67
SsmJ,6,12,18,0.33
SsmK,0,0,0,
SsmL,13,12,25,0.52
SsmM,54,50,104,0.52
SsmN,47,48,95,0.49
SsmP,49,47,96,0.51
SsmS,36,47,83,0.43
Ssmb,34,41,75,0.45
Ssmh,0,1,1,0.0
Ssml,12,11,23,0.52
Ssmm,48,31,79,0.61
Ssmn,54,33,87,0.62
Ssms,23,28,51,0.45
SsnB,16,19,35,0.46
SsnD,7,2,9,0.78
SsnH,23,34,57,0.4
SsnI,12,2,14,0.86
SsnK,4,7,11,0.36
SsnL,9,7,16,0.56
SsnM,35,42,77,0.45
SsnN,65,46,111,0.59
SsnP,58,53,111,0.52
SsnS,33,31,64,0.52
Ssnb,30,29,59,0.51
Ssnh,0,1,1,0.0
Ssnl,10,10,20,0.5
Ssnm,33,37,70,0.47
Ssnn,39,37,76,0.51
Ssns,33,29,62,0.53
Ssnt,0,0,0,
SssB,25,22,47,0.53
SssD,8,9,17,0.47
SssH,41,61,102,0.4
SssI,10,6,16,0.62
SssK,2,1,3,0.67
SssL,12,11,23,0.52
SssM,44,42,86,0.51
SssN,45,47,92,0.49
SssP,48,60,108,0.44
SssS,63,66,129,0.49
Sssb,53,27,80,0.66
Sssh,2,2,4,0.5
Sssl,21,15,36,0.58
Sssm,46,30,76,0.61
Sssn,52,34,86,0.6
Ssss,50,66,116,0.43
Ssst,0,1,1,0.0
SstB,1,2,3,0.33
SstD,1,0,1,1.0
SstM,1,3,4,0.25
SstN,0,1,1,0.0
SstP,3,0,3,1.0
SstS,1,1,2,0.5
Sstm,2,0,2,1.0
Ssts,0,0,0,
StBB,4,8,12,0.33
StBD,1,1,2,0.5
StBK,0,0,0,
StBL,1,1,2,0.5
StBM,4,5,9,0.44
StBN,7,3,10,0.7
StBP,7,5,12,0.58
StBS,5,0,5,1.0
StBb,4,4,8,0.5
StBh,1,3,4,0.25
StBj,1,0,1,1.0
StBl,2,2,4,0.5
StBm,4,7,11,0.36
StBn,5,9,14,0.36
StBs,3,5,8,0.38
StBt,1,0,1,1.0
StDB,0,0,0,
StDD,1,1,2,0.5
StDH,0,0,0,
StDL,0,1,1,0.0
StDM,0,1,1,0.0
StDN,2,0,2,1.0
StDP,2,1,3,0.67
StDS,0,2,2,0.0
StDb,0,1,1,0.0
StDh,0,1,1,0.0
StDl,1,0,1,1.0
StDm,2,2,4,0.5
StDn,1,1,2,0.5
StDs,0,1,1,0.0
StHB,1,1,2,0.5
StHD,1,1,2,0.5
StHH,1,0,1,1.0
StHL,1,1,2,0.5
StHM,8,5,13,0.62
StHN,1,2,3,0.33
StHP,8,6,14,0.57
StHS,5,6,11,0.45
StHb,2,9,11,0.18
StHh,2,4,6,0.33
StHl,5,2,7,0.71
StHm,4,5,9,0.44
StHn,8,4,12,0.67
StHs,4,5,9,0.44
StIP,0,1,1,0.0
StIb,1,0,1,1.0
StIm,1,0,1,1.0
StIt,1,0,1,1.0
StKB,1,0,1,1.0
StKD,1,0,1,1.0
StKL,1,0,1,1.0
StKM,3,0,3,1.0
StKP,0,2,2,0.0
StKS,1,1,2,0.5
StKh,1,0,1,1.0
StKl,0,1,1,0.0
StKm,0,1,1,0.0
StLB,2,1,3,0.67
StLK,1,0,1,1.0
StLL,0,1,1,0.0
StLM,2,4,6,0.33
StLN,6,1,7,0.86
StLP,4,3,7,0.57
StLS,3,2,5,0.6
StLb,1,2,3,0.33
StLh,2,1,3,0.67
StLj,2,0,2,1.0
StLl,1,2,3,0.33
StLm,4,1,5,0.8
StLn,5,7,12,0.42
StLs,1,1,2,0.5
StLt,0,1,1,0.0
StMB,3,8,11,0.27
StMD,0,1,1,0.0
StML,6,2,8,0.75
StMM,5,2,7,0.71
StMN,7,7,14,0.5
StMP,5,11,16,0.31
StMS,4,6,10,0.4
StMb,6,5,11,0.55
StMh,7,6,13,0.54
StMj,0,2,2,0.0
StMl,4,3,7,0.57
StMm,7,11,18,0.39
StMn,13,6,19,0.68
StMs,8,4,12,0.67
StMt,0,1,1,0.0
StNB,8,3,11,0.73
StND,1,2,3,0.33
StNH,2,0,2,1.0
StNL,4,2,6,0.67
StNM,7,7,14,0.5
StNN,7,13,20,0.35
StNP,3,12,15,0.2
StNS,6,8,14,0.43
StNb,5,10,15,0.33
StNh,2,1,3,0.67
StNl,3,4,7,0.43
StNm,6,4,10,0.6
StNn,8,18,26,0.31
StNs,7,7,14,0.5
StPB,9,9,18,0.5
StPD,3,1,4,0.75
StPH,5,3,8,0.62
StPI,2,0,2,1.0
StPK,2,2,4,0.5
StPL,5,3,8,0.62
StPM,7,16,23,0.3
StPN,12,13,25,0.48
StPP,9,22,31,0.29
StPS,11,4,15,0.73
StPb,8,11,19,0.42
StPh,4,2,6,0.67
StPl,6,2,8,0.75
StPm,15,6,21,0.71
StPn,11,7,18,0.61
StPs,11,9,20,0.55
StPt,1,1,2,0.5
StSB,7,6,13,0.54
StSD,1,0,1,1.0
StSH,2,1,3,0.67
StSI,0,1,1,0.0
StSL,2,0,2,1.0
StSM,6,5,11,0.55
StSN,10,6,16,0.62
StSP,8,7,15,0.53
StSS,13,13,26,0.5
StSb,9,8,17,0.53
StSh,3,3,6,0.5
StSl,1,2,3,0.33
StSm,7,13,20,0.35
StSn,13,13,26,0.5
StSs,6,9,15,0.4
StSt,0,3,3,0.0
StbB,4,3,7,0.57
StbD,2,1,3,0.67
StbH,2,1,3,0.67
StbJ,2,1,3,0.67
StbK,3,0,3,1.0
StbL,2,2,4,0.5
StbM,6,6,12,0.5
StbN,10,5,15,0.67
StbP,6,7,13,0.46
StbS,4,2,6,0.67
Stbb,5,9,14,0.36
Stbl,3,4,7,0.43
Stbm,7,6,13,0.54
Stbn,8,6,14,0.57
Stbs,4,5,9,0.44
SthP,0,1,1,0.0
Sthb,1,1,2,0.5
Sthm,1,0,1,1.0
StlB,2,1,3,0.67
StlH,2,1,3,0.67
StlL,2,2,4,0.5
StlM,3,2,5,0.6
StlN,5,6,11,0.45
StlP,6,6,12,0.5
StlS,1,0,1,1.0
Stlb,6,5,11,0.55
Stll,3,0,3,1.0
Stlm,3,1,4,0.75
Stln,5,5,10,0.5
Stls,2,0,2,1.0
StmB,8,4,12,0.67
StmD,1,2,3,0.33
StmH,9,3,12,0.75
StmI,0,1,1,0.0
StmJ,0,0,0,
StmL,1,1,2,0.5
StmM,7,14,21,0.33
StmN,13,5,18,0.72
StmP,9,8,17,0.53
StmS,4,8,12,0.33
Stmb,5,9,14,0.36
Stml,0,3,3,0.0
Stmm,6,8,14,0.43
Stmn,5,5,10,0.5
Stms,0,3,3,0.0
StnB,6,3,9,0.67
StnD,2,1,3,0.67
StnH,6,6,12,0.5
StnI,2,1,3,0.67
StnK,0,1,1,0.0
StnL,2,1,3,0.67
StnM,7,5,12,0.58
StnN,6,12,18,0.33
StnP,9,11,20,0.45
StnS,5,5,10,0.5
Stnb,4,6,10,0.4
Stnl,2,5,7,0.29
Stnm,5,7,12,0.42
Stnn,6,8,14,0.43
Stns,6,7,13,0.46
StsB,2,2,4,0.5
StsD,2,0,2,1.0
StsH,9,8,17,0.53
StsI,0,0,0,
StsL,2,0,2,1.0
StsM,4,5,9,0.44
StsN,8,5,13,0.62
StsP,6,8,14,0.43
StsS,9,8,17,0.53
Stsb,0,4,4,0.0
Stsl,5,2,7,0.71
Stsm,5,6,11,0.45
Stsn,2,6,8,0.25
Stss,10,1,11,0.91
SttB,1,0,1,1.0
SttD,0,1,1,0.0
SttH,0,0,0,
SttL,1,1,2,0.5
SttM,1,1,2,0.5
SttN,3,1,4,0.75
SttP,3,3,6,0.5
SttS,1,1,2,0.5
Sttb,0,4,4,0.0
Sttl,1,1,2,0.5
Sttm,4,0,4,1.0
Sttn,3,3,6,0.5
Stts,2,0,2,1.0
bBBB,59,35,94,0.63
bBBD,1,5,6,0.17
bBBH,2,0,2,1.0
bBBK,3,3,6,0.5
bBBL,24,13,37,0.65
bBBM,42,40,82,0.51
bBBN,59,64,123,0.48
bBBP,56,55,111,0.5
bBBS,26,27,53,0.49
bBBb,60,63,123,0.49
bBBh,2,9,11,0.18
bBBj,10,8,18,0.56
bBBl,19,16,35,0.54
bBBm,39,47,86,0.45
bBBn,62,63,125,0.5
bBBs,22,18,40,0.55
bBBt,9,10,19,0.47
bBDB,2,3,5,0.4
bBDD,5,1,6,0.83
bBDH,2,11,13,0.15
bBDI,0,0,0,
bBDL,4,1,5,0.8
bBDM,10,5,15,0.67
bBDN,6,4,10,0.6
bBDP,8,5,13,0.62
bBDS,7,8,15,0.47
bBDb,4,6,10,0.4
bBDl,1,0,1,1.0
bBDm,7,7,14,0.5
bBDn,4,2,6,0.67
bBDs,6,4,10,0.6
bBDt,0,0,0,
bBHH,0,0,0,
bBHM,2,3,5,0.4
bBHN,1,1,2,0.5
bBHP,0,0,0,
bBHS,0,1,1,0.0
bBHl,0,1,1,0.0
bBHm,0,0,0,
bBHs,0,0,0,
bBIB,1,0,1,1.0
bBIH,0,1,1,0.0
bBKB,2,4,6,0.33
bBKD,0,1,1,0.0
bBKI,0,1,1,0.0
bBKM,1,4,5,0.2
bBKN,2,3,5,0.4
bBKP,9,5,14,0.64
bBKS,0,6,6,0.0
bBKb,3,9,12,0.25
bBKh,3,5,8,0.38
bBKl,2,0,2,1.0
bBKm,5,7,12,0.42
bBKn,4,3,7,0.57
bBKs,1,3,4,0.25
bBKt,1,0,1,1.0
bBLB,17,16,33,0.52
bBLD,4,1,5,0.8
bBLK,0,5,5,0.0
bBLL,5,3,8,0.62
bBLM,14,15,29,0.48
bBLN,16,15,31,0.52
bBLP,24,21,45,0.53
bBLS,20,15,35,0.57
bBLb,13,12,25,0.52
bBLh,6,9,15,0.4
bBLj,4,5,9,0.44
bBLl,11,9,20,0.55
bBLm,20,17,37,0.54
bBLn,25,27,52,0.48
bBLs,12,14,26,0.46
bBLt,0,3,3,0.0
bBMB,39,48,87,0.45
bBMD,4,2,6,0.67
bBMH,1,0,1,1.0
bBML,13,15,28,0.46
bBMM,50,54,104,0.48
bBMN,49,56,105,0.47
bBMP,66,65,131,0.5
bBMS,28,31,59,0.47
bBMb,57,56,113,0.5
bBMh,32,38,70,0.46
bBMj,11,12,23,0.48
bBMl,12,21,33,0.36
bBMm,52,43,95,0.55
bBMn,71,52,123,0.58
bBMs,31,28,59,0.53
bBMt,13,8,21,0.62
bBNB,45,48,93,0.48
bBND,12,6,18,0.67
bBNH,8,6,14,0.57
bBNI,1,1,2,0.5
bBNK,4,3,7,0.57
bBNL,10,15,25,0.4
bBNM,56,59,115,0.49
bBNN,63,64,127,0.5
bBNP,96,102,198,0.48
bBNS,42,46,88,0.48
bBNb,43,57,100,0.43
bBNh,18,42,60,0.3
bBNl,24,19,43,0.56
bBNm,62,46,108,0.57
bBNn,100,81,181,0.55
bBNs,33,32,65,0.51
bBNt,8,10,18,0.44
bBPB,54,58,112,0.48
bBPD,5,5,10,0.5
bBPH,26,15,41,0.63
bBPI,7,7,14,0.5
bBPK,9,10,19,0.47
bBPL,21,35,56,0.38
bBPM,61,66,127,0.48
bBPN,75,83,158,0.47
bBPP,92,98,190,0.48
bBPS,48,50,98,0.49
bBPb,66,57,123,0.54
bBPh,12,11,23,0.52
bBPl,35,29,64,0.55
bBPm,67,48,115,0.58
bBPn,76,69,145,0.52
bBPs,43,52,95,0.45
bBPt,9,5,14,0.64
bBSB,26,17,43,0.6
bBSD,5,3,8,0.62
bBSH,16,12,28,0.57
bBSL,8,13,21,0.38
bBSM,19,27,46,0.41
bBSN,32,26,58,0.55
bBSP,41,41,82,0.5
bBSS,25,28,53,0.47
bBSb,30,20,50,0.6
bBSh,23,16,39,0.59
bBSl,9,16,25,0.36
bBSm,41,31,72,0.57
bBSn,28,47,75,0.37
bBSs,27,19,46,0.59
bBSt,3,5,8,0.38
bBbB,44,45,89,0.49
bBbD,7,6,13,0.54
bBbH,21,19,40,0.52
bBbI,9,5,14,0.64
bBbJ,12,12,24,0.5
bBbK,5,8,13,0.38
bBbL,19,22,41,0.46
bBbM,53,64,117,0.45
bBbN,73,71,144,0.51
bBbP,80,75,155,0.52
bBbS,27,26,53,0.51
bBbb,64,59,123,0.52
bBbl,27,18,45,0.6
bBbm,34,34,68,0.5
bBbn,71,59,130,0.55
bBbs,20,32,52,0.38
bBhB,7,4,11,0.64
bBhD,0,3,3,0.0
bBhH,1,1,2,0.5
bBhK,0,0,0,
bBhL,2,1,3,0.67
bBhM,10,11,21,0.48
bBhN,14,5,19,0.74
bBhP,10,9,19,0.53
bBhS,6,4,10,0.6
bBhb,7,6,13,0.54
bBhh,5,10,15,0.33
bBhl,3,5,8,0.38
bBhm,5,7,12,0.42
bBhn,20,12,32,0.62
bBhs,6,5,11,0.55
bBjB,15,13,28,0.54
bBjD,1,1,2,0.5
bBjH,6,3,9,0.67
bBjI,0,2,2,0.0
bBjK,3,2,5,0.6
bBjL,7,4,11,0.64
bBjM,14,28,42,0.33
bBjN,14,18,32,0.44
bBjP,18,25,43,0.42
bBjS,7,7,14,0.5
bBjb,18,24,42,0.43
bBjh,4,5,9,0.44
bBjl,12,7,19,0.63
bBjm,18,13,31,0.58
bBjn,25,21,46,0.54
bBjs,11,5,16,0.69
bBjt,2,5,7,0.29
bBlB,14,19,33,0.42
bBlD,0,2,2,0.0
bBlH,14,13,27,0.52
bBlI,1,2,3,0.33
bBlJ,4,5,9,0.44
bBlK,1,1,2,0.5
bBlL,6,9,15,0.4
bBlM,25,22,47,0.53
bBlN,24,31,55,0.44
bBlP,26,29,55,0.47
bBlS,17,10,27,0.63
bBlb,19,17,36,0.53
bBll,8,11,19,0.42
bBlm,21,11,32,0.66
bBln,13,24,37,0.35
bBls,2,11,13,0.15
bBmB,43,29,72,0.6
bBmD,13,8,21,0.62
bBmH,37,37,74,0.5
bBmI,2,5,7,0.29
bBmJ,9,11,20,0.45
bBmL,16,12,28,0.57
bBmM,36,53,89,0.4
bBmN,57,66,123,0.46
bBmP,60,64,124,0.48
bBmS,23,32,55,0.42
bBmb,51,45,96,0.53
bBml,10,10,20,0.5
bBmm,43,33,76,0.57
bBmn,52,47,99,0.53
bBms,19,20,39,0.49
bBnB,53,47,100,0.53
bBnD,15,6,21,0.71
bBnH,36,32,68,0.53
bBnI,11,11,22,0.5
bBnK,4,4,8,0.5
bBnL,29,26,55,0.53
bBnM,63,73,136,0.46
bBnN,105,111,216,0.49
bBnP,103,104,207,0.5
bBnS,52,53,105,0.5
bBnb,62,55,117,0.53
bBnh,4,3,7,0.57
bBnl,32,27,59,0.54
bBnm,70,56,126,0.56
bBnn,87,89,176,0.49
bBns,48,39,87,0.55
bBsB,11,18,29,0.38
bBsD,3,3,6,0.5
bBsH,25,27,52,0.48
bBsI,3,1,4,0.75
bBsL,4,7,11,0.36
bBsM,31,24,55,0.56
bBsN,30,32,62,0.48
bBsP,41,41,82,0.5
bBsS,32,23,55,0.58
bBsb,17,23,40,0.42
bBsh,4,0,4,1.0
bBsl,17,8,25,0.68
bBsm,18,13,31,0.58
bBsn,25,22,47,0.53
bBss,19,14,33,0.58
bBtB,3,8,11,0.27
bBtD,2,1,3,0.67
bBtH,4,6,10,0.4
bBtI,0,1,1,0.0
bBtK,1,0,1,1.0
bBtL,3,7,10,0.3
bBtM,8,6,14,0.57
bBtN,10,11,21,0.48
bBtP,13,13,26,0.5
bBtS,6,9,15,0.4
bBtb,9,10,19,0.47
bBtl,6,3,9,0.67
bBtm,2,7,9,0.22
bBtn,9,11,20,0.45
bBts,2,3,5,0.4
bBtt,1,1,2,0.5
bDBB,4,4,8,0.5
bDBD,3,0,3,1.0
bDBK,1,1,2,0.5
bDBL,3,2,5,0.6
bDBM,4,5,9,0.44
bDBN,5,10,15,0.33
bDBP,8,4,12,0.67
bDBS,6,2,8,0.75
bDBb,8,4,12,0.67
bDBl,2,1,3,0.67
bDBm,5,7,12,0.42
bDBn,5,2,7,0.71
bDBs,5,1,6,0.83
bDDB,1,0,1,1.0
bDDD,1,2,3,0.33
bDDH,2,1,3,0.67
bDDL,1,1,2,0.5
bDDM,4,2,6,0.67
bDDN,0,1,1,0.0
bDDP,1,1,2,0.5
bDDS,2,2,4,0.5
bDDb,2,3,5,0.4
bDDm,2,4,6,0.33
bDDn,1,1,2,0.5
bDDs,1,3,4,0.25
bDHB,1,8,9,0.11
bDHD,0,1,1,0.0
bDHH,0,3,3,0.0
bDHI,0,1,1,0.0
bDHK,0,1,1,0.0
bDHL,0,2,2,0.0
bDHM,12,7,19,0.63
bDHN,6,5,11,0.55
bDHP,10,8,18,0.56
bDHS,9,4,13,0.69
bDHb,2,3,5,0.4
bDHh,2,2,4,0.5
bDHl,1,2,3,0.33
bDHm,9,4,13,0.69
bDHn,8,2,10,0.8
bDHs,6,1,7,0.86
bDHt,1,1,2,0.5
bDIB,0,1,1,0.0
bDIb,2,1,3,0.67
bDIm,0,1,1,0.0
bDIt,0,0,0,
bDKl,0,1,1,0.0
bDKm,1,0,1,1.0
bDLB,3,1,4,0.75
bDLD,0,0,0,
bDLL,3,0,3,1.0
bDLM,2,2,4,0.5
bDLN,2,1,3,0.67
bDLP,0,3,3,0.0
bDLS,3,2,5,0.6
bDLb,2,2,4,0.5
bDLh,1,0,1,1.0
bDLj,1,0,1,1.0
bDLl,1,1,2,0.5
bDLm,2,2,4,0.5
bDLn,3,3,6,0.5
bDLs,1,0,1,1.0
bDMB,9,4,13,0.69
bDMD,3,0,3,1.0
bDML,2,4,6,0.33
bDMM,7,3,10,0.7
bDMN,3,12,15,0.2
bDMP,7,6,13,0.54
bDMS,3,6,9,0.33
bDMb,6,4,10,0.6
bDMh,5,1,6,0.83
bDMj,0,1,1,0.0
bDMl,4,3,7,0.57
bDMm,8,4,12,0.67
bDMn,3,9,12,0.25
bDMs,3,4,7,0.43
bDMt,0,1,1,0.0
bDNB,7,4,11,0.64
bDND,1,1,2,0.5
bDNH,1,0,1,1.0
bDNK,1,0,1,1.0
bDNL,0,1,1,0.0
bDNM,7,3,10,0.7
bDNN,5,5,10,0.5
bDNP,8,8,16,0.5
bDNS,10,6,16,0.62
bDNb,5,3,8,0.62
bDNh,0,1,1,0.0
bDNl,2,1,3,0.67
bDNm,1,3,4,0.25
bDNn,12,4,16,0.75
bDNs,6,6,12,0.5
bDNt,2,0,2,1.0
bDPB,4,6,10,0.4
bDPD,2,0,2,1.0
bDPH,1,6,7,0.14
bDPI,2,0,2,1.0
bDPK,0,0,0,
bDPL,6,5,11,0.55
bDPM,11,9,20,0.55
bDPN,7,5,12,0.58
bDPP,10,9,19,0.53
bDPS,7,3,10,0.7
bDPb,7,6,13,0.54
bDPh,0,1,1,0.0
bDPl,4,4,8,0.5
bDPm,6,5,11,0.55
bDPn,8,8,16,0.5
bDPs,5,7,12,0.42
bDSB,6,4,10,0.6
bDSD,2,2,4,0.5
bDSH,3,1,4,0.75
bDSI,0,0,0,
bDSL,4,1,5,0.8
bDSM,6,6,12,0.5
bDSN,3,2,5,0.6
bDSP,7,5,12,0.58
bDSS,1,4,5,0.2
bDSb,3,3,6,0.5
bDSh,1,2,3,0.33
bDSl,0,2,2,0.0
bDSm,4,5,9,0.44
bDSn,5,4,9,0.56
bDSs,2,5,7,0.29
bDSt,2,2,4,0.5
bDbB,6,8,14,0.43
bDbD,1,1,2,0.5
bDbH,2,2,4,0.5
bDbI,1,0,1,1.0
bDbJ,1,2,3,0.33
bDbK,1,0,1,1.0
bDbL,4,3,7,0.57
bDbM,5,6,11,0.45
bDbN,5,5,10,0.5
bDbP,7,11,18,0.39
bDbS,4,4,8,0.5
bDbb,5,10,15,0.33
bDbl,3,0,3,1.0
bDbm,3,5,8,0.38
bDbn,3,2,5,0.6
bDbs,4,1,5,0.8
bDhL,0,0,0,
bDhM,1,0,1,1.0
bDhP,0,0,0,
bDhm,0,0,0,
bDlB,3,5,8,0.38
bDlD,1,0,1,1.0
bDlH,2,0,2,1.0
bDlJ,1,0,1,1.0
bDlK,0,0,0,
bDlL,2,0,2,1.0
bDlM,3,4,7,0.43
bDlN,2,1,3,0.67
bDlP,4,1,5,0.8
bDlS,2,0,2,1.0
bDlb,0,1,1,0.0
bDll,1,2,3,0.33
bDlm,3,1,4,0.75
bDln,0,2,2,0.0
bDls,1,0,1,1.0
bDmB,5,6,11,0.45
bDmD,0,1,1,0.0
bDmH,4,9,13,0.31
bDmJ,1,2,3,0.33
bDmK,0,2,2,0.0
bDmL,3,2,5,0.6
bDmM,6,7,13,0.46
bDmN,7,7,14,0.5
bDmP,7,4,11,0.64
bDmS,6,4,10,0.6
bDmb,8,10,18,0.44
bDmh,0,1,1,0.0
bDml,1,2,3,0.33
bDmm,6,9,15,0.4
bDmn,5,7,12,0.42
bDms,5,3,8,0.62
bDnB,2,1,3,0.67
bDnD,1,2,3,0.33
bDnH,0,2,2,0.0
bDnI,2,2,4,0.5
bDnK,1,0,1,1.0
bDnL,2,1,3,0.67
bDnM,7,8,15,0.47
bDnN,4,3,7,0.57
bDnP,4,6,10,0.4
bDnS,7,4,11,0.64
bDnb,4,2,6,0.67
bDnm,6,4,10,0.6
bDnn,5,4,9,0.56
bDns,4,3,7,0.57
bDsB,2,1,3,0.67
bDsD,1,0,1,1.0
bDsH,2,4,6,0.33
bDsL,1,1,2,0.5
bDsM,5,7,12,0.42
bDsN,1,2,3,0.33
bDsP,2,6,8,0.25
bDsS,4,4,8,0.5
bDsb,2,4,6,0.33
bDsh,0,1,1,0.0
bDsl,0,2,2,0.0
bDsm,6,0,6,1.0
bDsn,4,0,4,1.0
bDss,1,1,2,0.5
bDtB,0,1,1,0.0
bDtD,0,1,1,0.0
bDtK,1,0,1,1.0
bDtL,0,2,2,0.0
bDtM,2,1,3,0.67
bDtN,2,0,2,1.0
bDtP,2,3,5,0.4
bDtS,1,0,1,1.0
bDtb,1,1,2,0.5
bDtl,1,1,2,0.5
bDtm,1,0,1,1.0
bDtn,1,0,1,1.0
bDts,0,2,2,0.0
bHBB,6,14,20,0.3
bHBD,0,4,4,0.0
bHBH,1,0,1,1.0
bHBK,1,0,1,1.0
bHBL,4,10,14,0.29
bHBM,8,15,23,0.35
bHBN,16,10,26,0.62
bHBP,15,26,41,0.37
bHBS,5,8,13,0.38
bHBb,12,7,19,0.63
bHBh,0,5,5,0.0
bHBj,3,5,8,0.38
bHBl,6,5,11,0.55
bHBm,7,11,18,0.39
bHBn,20,26,46,0.43
bHBs,4,7,11,0.36
bHBt,2,5,7,0.29
bHDB,0,1,1,0.0
bHDH,1,1,2,0.5
bHDM,2,2,4,0.5
bHDN,0,0,0,
bHDP,3,2,5,0.6
bHDS,4,1,5,0.8
bHDb,2,1,3,0.67
bHDl,4,1,5,0.8
bHDm,2,2,4,0.5
bHDn,1,2,3,0.33
bHDs,2,1,3,0.67
bHDt,0,1,1,0.0
bHHB,2,0,2,1.0
bHHD,1,1,2,0.5
bHHH,1,1,2,0.5
bHHI,0,1,1,0.0
bHHK,0,2,2,0.0
bHHL,1,0,1,1.0
bHHM,2,4,6,0.33
bHHN,3,7,10,0.3
bHHP,5,2,7,0.71
bHHS,3,3,6,0.5
bHHb,6,4,10,0.6
bHHl,3,1,4,0.75
bHHm,3,1,4,0.75
bHHn,0,3,3,0.0
bHHs,2,1,3,0.67
bHIB,0,2,2,0.0
bHIH,1,3,4,0.25
bHII,0,0,0,
bHIL,0,2,2,0.0
bHIM,1,2,3,0.33
bHIP,3,4,7,0.43
bHIS,1,2,3,0.33
bHIb,1,2,3,0.33
bHIl,1,0,1,1.0
bHIm,1,1,2,0.5
bHIn,1,3,4,0.25
bHIs,2,1,3,0.67
bHKB,1,0,1,1.0
bHKD,1,0,1,1.0
bHKL,0,3,3,0.0
bHKM,2,2,4,0.5
bHKN,1,0,1,1.0
bHKP,6,0,6,1.0
bHKb,7,1,8,0.88
bHKh,1,2,3,0.33
bHKm,1,3,4,0.25
bHKn,1,0,1,1.0
bHKs,1,2,3,0.33
bHKt,1,0,1,1.0
bHLB,5,4,9,0.56
bHLD,1,5,6,0.17
bHLK,0,1,1,0.0
bHLL,2,4,6,0.33
bHLM,8,7,15,0.53
bHLN,6,5,11,0.55
bHLP,6,8,14,0.43
bHLS,4,7,11,0.36
bHLb,9,4,13,0.69
bHLh,3,2,5,0.6
bHLj,1,2,3,0.33
bHLl,3,3,6,0.5
bHLm,2,7,9,0.22
bHLn,6,11,17,0.35
bHLs,6,1,7,0.86
bHLt,4,1,5,0.8
bHMB,18,11,29,0.62
bHMD,5,1,6,0.83
bHML,4,3,7,0.57
bHMM,12,27,39,0.31
bHMN,26,11,37,0.7
bHMP,22,17,39,0.56
bHMS,11,12,23,0.48
bHMb,17,13,30,0.57
bHMh,19,13,32,0.59
bHMj,5,4,9,0.56
bHMl,11,5,16,0.69
bHMm,21,15,36,0.58
bHMn,23,27,50,0.46
bHMs,5,8,13,0.38
bHMt,2,1,3,0.67
bHNB,11,13,24,0.46
bHND,3,3,6,0.5
bHNH,2,1,3,0.67
bHNK,3,2,5,0.6
bHNL,4,5,9,0.44
bHNM,17,13,30,0.57
bHNN,20,23,43,0.47
bHNP,27,28,55,0.49
bHNS,7,19,26,0.27
bHNb,17,21,38,0.45
bHNh,7,11,18,0.39
bHNl,13,6,19,0.68
bHNm,13,19,32,0.41
bHNn,20,32,52,0.38
bHNs,13,9,22,0.59
bHNt,2,3,5,0.4
bHPB,16,20,36,0.44
bHPD,5,3,8,0.62
bHPH,6,9,15,0.4
bHPI,2,2,4,0.5
bHPK,3,1,4,0.75
bHPL,14,10,24,0.58
bHPM,23,29,52,0.44
bHPN,22,30,52,0.42
bHPP,49,45,94,0.52
bHPS,18,20,38,0.47
bHPb,19,22,41,0.46
bHPh,3,2,5,0.6
bHPl,8,10,18,0.44
bHPm,24,18,42,0.57
bHPn,25,32,57,0.44
bHPs,20,14,34,0.59
bHPt,2,2,4,0.5
bHSB,5,3,8,0.62
bHSD,2,1,3,0.67
bHSH,2,4,6,0.33
bHSL,5,3,8,0.62
bHSM,12,13,25,0.48
bHSN,12,10,22,0.55
bHSP,10,11,21,0.48
bHSS,8,13,21,0.38
bHSb,7,5,12,0.58
bHSh,7,9,16,0.44
bHSl,8,1,9,0.89
bHSm,14,7,21,0.67
bHSn,6,14,20,0.3
bHSs,16,13,29,0.55
bHSt,3,0,3,1.0
bHbB,11,10,21,0.52
bHbD,3,2,5,0.6
bHbH,3,10,13,0.23
bHbI,2,1,3,0.67
bHbJ,11,3,14,0.79
bHbK,2,0,2,1.0
bHbL,8,6,14,0.57
bHbM,12,19,31,0.39
bHbN,25,26,51,0.49
bHbP,23,18,41,0.56
bHbS,11,7,18,0.61
bHbb,18,14,32,0.56
bHbl,6,5,11,0.55
bHbm,6,12,18,0.33
bHbn,20,25,45,0.44
bHbs,13,6,19,0.68
bHhB,1,1,2,0.5
bHhH,1,1,2,0.5
bHhI,1,1,2,0.5
bHhK,1,0,1,1.0
bHhL,2,3,5,0.4
bHhM,10,7,17,0.59
bHhN,2,6,8,0.25
bHhP,10,7,17,0.59
bHhS,2,7,9,0.22
bHhb,8,4,12,0.67
bHhh,4,6,10,0.4
bHhl,1,2,3,0.33
bHhm,3,3,6,0.5
bHhn,6,2,8,0.75
bHhs,4,5,9,0.44
bHlB,6,12,18,0.33
bHlH,1,6,7,0.14
bHlJ,1,1,2,0.5
bHlK,0,1,1,0.0
bHlL,4,5,9,0.44
bHlM,5,6,11,0.45
bHlN,3,15,18,0.17
bHlP,7,6,13,0.54
bHlS,3,5,8,0.38
bHlb,6,3,9,0.67
bHll,4,3,7,0.57
bHlm,1,5,6,0.17
bHln,6,5,11,0.55
bHls,1,5,6,0.17
bHmB,11,11,22,0.5
bHmD,0,2,2,0.0
bHmH,6,9,15,0.4
bHmI,0,2,2,0.0
bHmJ,4,4,8,0.5
bHmL,4,5,9,0.44
bHmM,15,11,26,0.58
bHmN,23,19,42,0.55
bHmP,27,17,44,0.61
bHmS,3,11,14,0.21
bHmb,17,10,27,0.63
bHmh,1,0,1,1.0
bHml,5,4,9,0.56
bHmm,9,10,19,0.47
bHmn,17,14,31,0.55
bHms,9,7,16,0.56
bHnB,15,11,26,0.58
bHnD,2,2,4,0.5
bHnH,16,4,20,0.8
bHnI,1,2,3,0.33
bHnK,3,1,4,0.75
bHnL,4,2,6,0.67
bHnM,18,20,38,0.47
bHnN,25,32,57,0.44
bHnP,32,21,53,0.6
bHnS,16,21,37,0.43
bHnb,18,22,40,0.45
bHnh,2,2,4,0.5
bHnl,6,7,13,0.46
bHnm,14,12,26,0.54
bHnn,25,17,42,0.6
bHns,21,7,28,0.75
bHsB,4,3,7,0.57
bHsD,4,3,7,0.57
bHsH,9,7,16,0.56
bHsI,1,0,1,1.0
bHsL,5,3,8,0.62
bHsM,5,9,14,0.36
bHsN,7,14,21,0.33
bHsP,16,14,30,0.53
bHsS,8,8,16,0.5
bHsb,7,7,14,0.5
bHsh,0,0,0,
bHsl,4,4,8,0.5
bHsm,8,5,13,0.62
bHsn,15,9,24,0.62
bHss,12,6,18,0.67
bHtH,1,0,1,1.0
bHtM,1,0,1,1.0
bHtN,2,1,3,0.67
bHtP,2,3,5,0.4
bHtS,1,0,1,1.0
bHtb,0,1,1,0.0
bHtl,2,0,2,1.0
bHtm,0,1,1,0.0
bHtn,0,1,1,0.0
bHtt,1,0,1,1.0
bIBB,5,0,5,1.0
bIBD,1,0,1,1.0
bIBK,0,2,2,0.0
bIBL,1,3,4,0.25
bIBM,9,2,11,0.82
bIBN,5,7,12,0.42
bIBP,3,5,8,0.38
bIBS,2,6,8,0.25
bIBb,8,4,12,0.67
bIBj,1,1,2,0.5
bIBl,2,1,3,0.67
bIBm,1,0,1,1.0
bIBn,5,4,9,0.56
bIBs,4,1,5,0.8
bIBt,3,1,4,0.75
bIDB,2,1,3,0.67
bIDD,2,0,2,1.0
bIDH,1,0,1,1.0
bIDI,1,0,1,1.0
bIDM,3,1,4,0.75
bIDN,1,0,1,1.0
bIDP,1,1,2,0.5
bIDS,1,0,1,1.0
bIDb,2,0,2,1.0
bIDl,1,1,2,0.5
bIDm,1,0,1,1.0
bIDn,1,1,2,0.5
bIDs,2,1,3,0.67
bIHB,2,5,7,0.29
bIHH,2,0,2,1.0
bIHI,1,1,2,0.5
bIHK,0,1,1,0.0
bIHL,2,2,4,0.5
bIHM,2,4,6,0.33
bIHN,6,4,10,0.6
bIHP,6,2,8,0.75
bIHS,4,5,9,0.44
bIHb,2,4,6,0.33
bIHh,1,1,2,0.5
bIHl,4,0,4,1.0
bIHm,3,1,4,0.75
bIHn,4,3,7,0.57
bIHs,6,2,8,0.75
bIHt,0,1,1,0.0
bIIH,1,1,2,0.5
bIIM,0,2,2,0.0
bIIN,2,0,2,1.0
bIIP,0,0,0,
bIIb,1,0,1,1.0
bIIn,1,0,1,1.0
bIKN,0,1,1,0.0
bIKP,1,0,1,1.0
bILB,0,2,2,0.0
bILD,1,0,1,1.0
bILL,2,1,3,0.67
bILM,1,3,4,0.25
bILN,3,1,4,0.75
bILP,4,4,8,0.5
bILS,1,2,3,0.33
bILb,3,2,5,0.6
bILh,1,0,1,1.0
bILj,2,0,2,1.0
bILl,1,1,2,0.5
bILm,2,2,4,0.5
bILn,1,1,2,0.5
bILs,4,1,5,0.8
bILt,2,1,3,0.67
bIMB,4,2,6,0.67
bIMD,0,3,3,0.0
bIML,0,2,2,0.0
bIMM,5,7,12,0.42
bIMN,9,7,16,0.56
bIMP,6,10,16,0.38
bIMS,9,5,14,0.64
bIMb,2,6,8,0.25
bIMh,4,9,13,0.31
bIMj,0,3,3,0.0
bIMl,3,3,6,0.5
bIMm,2,5,7,0.29
bIMn,8,4,12,0.67
bIMs,5,8,13,0.38
bIMt,3,1,4,0.75
bINB,3,8,11,0.27
bIND,1,1,2,0.5
bINH,1,2,3,0.33
bINL,2,1,3,0.67
bINM,3,5,8,0.38
bINN,7,4,11,0.64
bINP,13,3,16,0.81
bINS,6,2,8,0.75
bINb,5,3,8,0.62
bINh,2,1,3,0.67
bINl,4,1,5,0.8
bINm,5,5,10,0.5
bINn,10,10,20,0.5
bINs,2,4,6,0.33
bINt,1,0,1,1.0
bIPB,8,4,12,0.67
bIPD,0,1,1,0.0
bIPH,0,3,3,0.0
bIPI,0,2,2,0.0
bIPK,1,0,1,1.0
bIPL,5,3,8,0.62
bIPM,6,12,18,0.33
bIPN,9,7,16,0.56
bIPP,12,11,23,0.52
bIPS,6,3,9,0.67
bIPb,9,9,18,0.5
bIPl,2,5,7,0.29
bIPm,6,6,12,0.5
bIPn,9,8,17,0.53
bIPs,7,5,12,0.58
bIPt,0,2,2,0.0
bISB,2,6,8,0.25
bISD,0,1,1,0.0
bISH,4,0,4,1.0
bISI,0,1,1,0.0
bISL,1,1,2,0.5
bISM,3,6,9,0.33
bISN,3,4,7,0.43
bISP,6,6,12,0.5
bISS,4,1,5,0.8
bISb,5,5,10,0.5
bISh,2,2,4,0.5
bISl,3,0,3,1.0
bISm,6,5,11,0.55
bISn,7,2,9,0.78
bISs,5,2,7,0.71
bISt,0,3,3,0.0
bIbB,4,3,7,0.57
bIbD,1,0,1,1.0
bIbH,1,2,3,0.33
bIbJ,0,2,2,0.0
bIbK,0,1,1,0.0
bIbL,4,1,5,0.8
bIbM,11,6,17,0.65
bIbN,8,5,13,0.62
bIbP,7,9,16,0.44
bIbS,4,0,4,1.0
bIbb,10,5,15,0.67
bIbl,2,1,3,0.67
bIbm,0,3,3,0.0
bIbn,4,5,9,0.44
bIbs,3,2,5,0.6
bIhP,1,0,1,1.0
bIlB,1,4,5,0.2
bIlH,1,3,4,0.25
bIlI,0,0,0,
bIlJ,1,0,1,1.0
bIlK,0,1,1,0.0
bIlL,1,0,1,1.0
bIlM,4,1,5,0.8
bIlN,0,3,3,0.0
bIlP,1,1,2,0.5
bIlS,3,1,4,0.75
bIlb,1,2,3,0.33
bIll,1,1,2,0.5
bIlm,0,0,0,
bIln,3,1,4,0.75
bIls,2,1,3,0.67
bImB,1,5,6,0.17
bImD,0,1,1,0.0
bImH,3,6,9,0.33
bImJ,1,0,1,1.0
bImL,3,0,3,1.0
bImM,6,4,10,0.6
bImN,7,7,14,0.5
bImP,4,4,8,0.5
bImS,4,1,5,0.8
bImb,6,3,9,0.67
bIml,2,1,3,0.67
bImm,1,2,3,0.33
bImn,5,5,10,0.5
bIms,2,0,2,1.0
bInB,7,3,10,0.7
bInD,1,0,1,1.0
bInH,4,2,6,0.67
bInI,1,1,2,0.5
bInL,1,4,5,0.2
bInM,8,2,10,0.8
bInN,9,5,14,0.64
bInP,4,10,14,0.29
bInS,2,3,5,0.4
bInb,2,7,9,0.22
bInh,0,1,1,0.0
bInl,1,2,3,0.33
bInm,1,1,2,0.5
bInn,1,4,5,0.2
bIns,8,1,9,0.89
bIsB,3,0,3,1.0
bIsD,1,0,1,1.0
bIsH,1,3,4,0.25
bIsL,0,2,2,0.0
bIsM,4,1,5,0.8
bIsN,1,1,2,0.5
bIsP,3,4,7,0.43
bIsS,1,5,6,0.17
bIsb,1,4,5,0.2
bIsl,1,3,4,0.25
bIsm,7,4,11,0.64
bIsn,3,2,5,0.6
bIss,3,4,7,0.43
bItM,1,0,1,1.0
bItN,0,1,1,0.0
bItP,0,1,1,0.0
bItS,1,0,1,1.0
bItn,1,0,1,1.0
bJBB,12,12,24,0.5
bJBD,1,0,1,1.0
bJBK,2,4,6,0.33
bJBL,3,6,9,0.33
bJBM,15,12,27,0.56
bJBN,18,17,35,0.51
bJBP,16,12,28,0.57
bJBS,5,15,20,0.25
bJBb,13,7,20,0.65
bJBh,0,3,3,0.0
bJBj,3,6,9,0.33
bJBl,10,5,15,0.67
bJBm,17,9,26,0.65
bJBn,26,13,39,0.67
bJBs,8,12,20,0.4
bJBt,5,0,5,1.0
bJDB,2,1,3,0.67
bJDD,0,1,1,0.0
bJDH,5,0,5,1.0
bJDL,0,1,1,0.0
bJDM,1,2,3,0.33
bJDN,2,1,3,0.67
bJDP,1,2,3,0.33
bJDS,4,0,4,1.0
bJDb,2,1,3,0.67
bJDh,0,1,1,0.0
bJDl,0,2,2,0.0
bJDm,1,0,1,1.0
bJDs,0,0,0,
bJDt,1,0,1,1.0
bJHB,3,3,6,0.5
bJHD,0,0,0,
bJHH,2,2,4,0.5
bJHI,0,2,2,0.0
bJHK,1,0,1,1.0
bJHL,3,3,6,0.5
bJHM,11,6,17,0.65
bJHN,6,4,10,0.6
bJHP,14,9,23,0.61
bJHS,4,5,9,0.44
bJHb,4,6,10,0.4
bJHh,3,1,4,0.75
bJHl,6,4,10,0.6
bJHm,6,1,7,0.86
bJHn,9,12,21,0.43
bJHs,8,6,14,0.57
bJHt,1,0,1,1.0
bJIB,2,2,4,0.5
bJID,2,0,2,1.0
bJIH,4,0,4,1.0
bJIL,0,2,2,0.0
bJIM,1,0,1,1.0
bJIN,0,2,2,0.0
bJIP,2,1,3,0.67
bJIS,2,2,4,0.5
bJIb,0,2,2,0.0
bJIl,1,0,1,1.0
bJIm,2,0,2,1.0
bJIn,0,1,1,0.0
bJIs,1,1,2,0.5
bJKB,0,3,3,0.0
bJKL,1,1,2,0.5
bJKM,0,0,0,
bJKN,1,2,3,0.33
bJKP,2,2,4,0.5
bJKS,0,1,1,0.0
bJKb,3,0,3,1.0
bJKh,0,0,0,
bJKl,1,1,2,0.5
bJKm,1,0,1,1.0
bJKn,5,3,8,0.62
bJKs,2,0,2,1.0
bJLB,4,6,10,0.4
bJLD,2,1,3,0.67
bJLL,7,0,7,1.0
bJLM,11,10,21,0.52
bJLN,7,3,10,0.7
bJLP,6,11,17,0.35
bJLS,4,9,13,0.31
bJLb,11,6,17,0.65
bJLh,0,3,3,0.0
bJLj,2,2,4,0.5
bJLl,8,5,13,0.62
bJLm,6,6,12,0.5
bJLn,9,7,16,0.56
bJLs,6,5,11,0.55
bJLt,3,0,3,1.0
bJMB,13,16,29,0.45
bJMD,2,2,4,0.5
bJMI,1,0,1,1.0
bJMK,0,1,1,0.0
bJML,9,14,23,0.39
bJMM,18,14,32,0.56
bJMN,6,16,22,0.27
bJMP,21,20,41,0.51
bJMS,15,15,30,0.5
bJMb,11,14,25,0.44
bJMh,14,10,24,0.58
bJMj,4,3,7,0.57
bJMl,5,7,12,0.42
bJMm,19,19,38,0.5
bJMn,28,28,56,0.5
bJMs,20,9,29,0.69
bJMt,3,4,7,0.43
bJNB,11,13,24,0.46
bJND,2,3,5,0.4
bJNH,3,4,7,0.43
bJNK,4,1,5,0.8
bJNL,6,5,11,0.55
bJNM,12,21,33,0.36
bJNN,18,16,34,0.53
bJNP,23,24,47,0.49
bJNS,7,11,18,0.39
bJNb,14,18,32,0.44
bJNh,7,6,13,0.54
bJNl,12,4,16,0.75
bJNm,16,17,33,0.48
bJNn,21,14,35,0.6
bJNs,11,13,24,0.46
bJNt,3,2,5,0.6
bJPB,17,22,39,0.44
bJPD,2,0,2,1.0
bJPH,9,6,15,0.6
bJPI,1,0,1,1.0
bJPK,2,3,5,0.4
bJPL,11,15,26,0.42
bJPM,19,19,38,0.5
bJPN,21,21,42,0.5
bJPP,39,47,86,0.45
bJPS,15,15,30,0.5
bJPb,32,25,57,0.56
bJPh,3,3,6,0.5
bJPl,9,17,26,0.35
bJPm,28,21,49,0.57
bJPn,19,21,40,0.48
bJPs,12,11,23,0.52
bJPt,2,1,3,0.67
bJSB,4,6,10,0.4
bJSD,3,2,5,0.6
bJSH,4,4,8,0.5
bJSK,1,1,2,0.5
bJSL,6,6,12,0.5
bJSM,11,18,29,0.38
bJSN,5,10,15,0.33
bJSP,13,11,24,0.54
bJSS,15,7,22,0.68
bJSb,10,3,13,0.77
bJSh,2,5,7,0.29
bJSl,5,6,11,0.45
bJSm,11,6,17,0.65
bJSn,12,9,21,0.57
bJSs,12,11,23,0.52
bJSt,3,1,4,0.75
bJbB,9,15,24,0.38
bJbD,1,0,1,1.0
bJbH,4,3,7,0.57
bJbI,2,1,3,0.67
bJbJ,7,4,11,0.64
bJbK,1,1,2,0.5
bJbL,11,5,16,0.69
bJbM,17,15,32,0.53
bJbN,28,21,49,0.57
bJbP,23,25,48,0.48
bJbS,8,9,17,0.47
bJbb,21,18,39,0.54
bJbl,13,3,16,0.81
bJbm,21,16,37,0.57
bJbn,18,11,29,0.62
bJbs,9,2,11,0.82
bJhB,1,7,8,0.12
bJhD,1,2,3,0.33
bJhH,1,0,1,1.0
bJhI,1,0,1,1.0
bJhL,0,1,1,0.0
bJhM,2,3,5,0.4
bJhN,2,2,4,0.5
bJhP,4,3,7,0.57
bJhS,1,2,3,0.33
bJhb,5,2,7,0.71
bJhh,4,0,4,1.0
bJhm,5,2,7,0.71
bJhn,0,6,6,0.0
bJhs,2,3,5,0.4
bJht,0,1,1,0.0
bJlB,11,9,20,0.55
bJlD,1,0,1,1.0
bJlH,2,5,7,0.29
bJlJ,1,3,4,0.25
bJlL,4,8,12,0.33
bJlM,10,9,19,0.53
bJlN,5,6,11,0.45
bJlP,2,8,10,0.2
bJlS,3,8,11,0.27
bJlb,10,14,24,0.42
bJll,5,3,8,0.62
bJlm,9,3,12,0.75
bJln,8,3,11,0.73
bJls,5,2,7,0.71
bJmB,19,11,30,0.63
bJmD,5,2,7,0.71
bJmH,11,12,23,0.48
bJmI,0,2,2,0.0
bJmJ,2,1,3,0.67
bJmK,1,0,1,1.0
bJmL,6,10,16,0.38
bJmM,9,13,22,0.41
bJmN,13,15,28,0.46
bJmP,25,14,39,0.64
bJmS,9,7,16,0.56
bJmb,20,11,31,0.65
bJmh,0,1,1,0.0
bJml,2,4,6,0.33
bJmm,19,10,29,0.66
bJmn,13,5,18,0.72
bJms,6,6,12,0.5
bJnB,9,12,21,0.43
bJnD,3,4,7,0.43
bJnH,7,10,17,0.41
bJnI,0,4,4,0.0
bJnK,0,0,0,
bJnL,6,2,8,0.75
bJnM,12,20,32,0.38
bJnN,17,17,34,0.5
bJnP,16,23,39,0.41
bJnS,13,10,23,0.57
bJnb,13,16,29,0.45
bJnh,0,1,1,0.0
bJnl,5,8,13,0.38
bJnm,16,9,25,0.64
bJnn,4,12,16,0.25
bJns,8,8,16,0.5
bJsB,13,8,21,0.62
bJsD,3,2,5,0.6
bJsH,4,12,16,0.25
bJsI,0,1,1,0.0
bJsL,5,4,9,0.56
bJsM,11,6,17,0.65
bJsN,6,5,11,0.55
bJsP,16,13,29,0.55
bJsS,8,10,18,0.44
bJsb,8,8,16,0.5
bJsh,1,2,3,0.33
bJsl,4,6,10,0.4
bJsm,11,5,16,0.69
bJsn,10,4,14,0.71
bJss,4,4,8,0.5
bJst,1,0,1,1.0
bJtB,2,0,2,1.0
bJtH,1,0,1,1.0
bJtL,1,0,1,1.0
bJtM,2,1,3,0.67
bJtN,4,0,4,1.0
bJtP,0,1,1,0.0
bJtS,1,1,2,0.5
bJtb,0,1,1,0.0
bJtl,0,1,1,0.0
bJtm,0,1,1,0.0
bJtn,1,1,2,0.5
bJts,2,1,3,0.67
bJtt,0,1,1,0.0
bKBB,4,4,8,0.5
bKBD,1,0,1,1.0
bKBH,0,1,1,0.0
bKBL,3,2,5,0.6
bKBM,4,4,8,0.5
bKBN,5,4,9,0.56
bKBP,7,7,14,0.5
bKBS,1,1,2,0.5
bKBb,5,2,7,0.71
bKBh,0,1,1,0.0
bKBj,2,0,2,1.0
bKBl,3,0,3,1.0
bKBm,6,7,13,0.46
bKBn,5,5,10,0.5
bKBs,4,4,8,0.5
bKBt,0,1,1,0.0
bKDB,0,1,1,0.0
bKDH,1,1,2,0.5
bKDK,0,0,0,
bKDL,0,0,0,
bKDM,1,1,2,0.5
bKDN,1,0,1,1.0
bKDP,2,1,3,0.67
bKDS,1,1,2,0.5
bKDb,0,3,3,0.0
bKDl,1,0,1,1.0
bKDm,3,1,4,0.75
bKDs,2,0,2,1.0
bKDt,1,0,1,1.0
bKHB,0,1,1,0.0
bKHD,1,1,2,0.5
bKHI,0,1,1,0.0
bKHK,1,0,1,1.0
bKHM,1,2,3,0.33
bKHN,2,1,3,0.67
bKHP,0,1,1,0.0
bKHS,0,1,1,0.0
bKHb,2,1,3,0.67
bKHh,0,1,1,0.0
bKHm,3,1,4,0.75
bKHn,1,1,2,0.5
bKHs,2,0,2,1.0
bKIB,0,1,1,0.0
bKIK,0,1,1,0.0
bKIL,0,0,0,
bKIM,1,2,3,0.33
bKIN,1,0,1,1.0
bKIP,1,0,1,1.0
bKIS,0,0,0,
bKIn,0,2,2,0.0
bKIs,1,0,1,1.0
bKKN,1,0,1,1.0
bKKs,0,1,1,0.0
bKLB,1,4,5,0.2
bKLL,4,2,6,0.67
bKLM,2,1,3,0.67
bKLN,5,3,8,0.62
bKLP,5,5,10,0.5
bKLS,1,1,2,0.5
bKLb,4,1,5,0.8
bKLh,1,1,2,0.5
bKLj,1,0,1,1.0
bKLl,0,2,2,0.0
bKLm,4,1,5,0.8
bKLn,3,5,8,0.38
bKLs,1,2,3,0.33
bKLt,1,0,1,1.0
bKMB,5,3,8,0.62
bKMD,1,1,2,0.5
bKMI,0,1,1,0.0
bKML,2,2,4,0.5
bKMM,8,6,14,0.57
bKMN,3,10,13,0.23
bKMP,7,7,14,0.5
bKMS,4,3,7,0.57
bKMb,3,10,13,0.23
bKMh,5,8,13,0.38
bKMj,1,2,3,0.33
bKMl,6,2,8,0.75
bKMm,7,11,18,0.39
bKMn,6,13,19,0.32
bKMs,7,4,11,0.64
bKMt,2,2,4,0.5
bKNB,3,4,7,0.43
bKND,0,1,1,0.0
bKNH,2,0,2,1.0
bKNK,1,0,1,1.0
bKNL,1,0,1,1.0
bKNM,4,10,14,0.29
bKNN,5,3,8,0.62
bKNP,4,12,16,0.25
bKNS,5,4,9,0.56
bKNb,6,5,11,0.55
bKNh,4,2,6,0.67
bKNl,2,1,3,0.67
bKNm,2,5,7,0.29
bKNn,4,6,10,0.4
bKNs,4,2,6,0.67
bKNt,0,0,0,
bKPB,8,9,17,0.47
bKPD,2,0,2,1.0
bKPH,2,2,4,0.5
bKPI,1,0,1,1.0
bKPK,1,1,2,0.5
bKPL,4,6,10,0.4
bKPM,10,11,21,0.48
bKPN,9,8,17,0.53
bKPP,11,9,20,0.55
bKPS,5,8,13,0.38
bKPb,11,7,18,0.61
bKPh,0,0,0,
bKPl,5,1,6,0.83
bKPm,7,7,14,0.5
bKPn,7,8,15,0.47
bKPs,3,7,10,0.3
bKPt,0,0,0,
bKSB,0,2,2,0.0
bKSD,1,1,2,0.5
bKSH,2,0,2,1.0
bKSL,4,2,6,0.67
bKSM,2,8,10,0.2
bKSN,3,3,6,0.5
bKSP,7,4,11,0.64
bKSS,3,2,5,0.6
bKSb,5,6,11,0.45
bKSh,3,4,7,0.43
bKSl,5,1,6,0.83
bKSm,3,5,8,0.38
bKSn,3,4,7,0.43
bKSs,9,6,15,0.6
bKSt,1,0,1,1.0
bKbB,5,2,7,0.71
bKbH,1,1,2,0.5
bKbJ,2,2,4,0.5
bKbK,1,1,2,0.5
bKbL,2,1,3,0.67
bKbM,8,10,18,0.44
bKbN,14,5,19,0.74
bKbP,8,4,12,0.67
bKbS,4,7,11,0.36
bKbb,9,8,17,0.53
bKbl,1,1,2,0.5
bKbm,6,4,10,0.6
bKbn,2,7,9,0.22
bKbs,6,3,9,0.67
bKhB,3,4,7,0.43
bKhD,3,0,3,1.0
bKhH,3,3,6,0.5
bKhI,1,0,1,1.0
bKhK,1,0,1,1.0
bKhL,4,1,5,0.8
bKhM,5,4,9,0.56
bKhN,3,7,10,0.3
bKhP,2,13,15,0.13
bKhS,3,4,7,0.43
bKhb,10,6,16,0.62
bKhh,6,4,10,0.6
bKhl,4,4,8,0.5
bKhm,8,6,14,0.57
bKhn,2,3,5,0.4
bKhs,10,4,14,0.71
bKht,1,0,1,1.0
bKlB,1,2,3,0.33
bKlD,1,1,2,0.5
bKlH,1,1,2,0.5
bKlI,1,0,1,1.0
bKlJ,1,1,2,0.5
bKlK,0,1,1,0.0
bKlL,1,4,5,0.2
bKlM,6,6,12,0.5
bKlN,4,1,5,0.8
bKlP,3,3,6,0.5
bKlS,1,5,6,0.17
bKlb,4,3,7,0.57
bKlh,0,1,1,0.0
bKll,1,0,1,1.0
bKlm,2,0,2,1.0
bKln,4,2,6,0.67
bKls,1,1,2,0.5
bKmB,9,3,12,0.75
bKmD,2,2,4,0.5
bKmH,3,5,8,0.38
bKmJ,2,0,2,1.0
bKmL,4,3,7,0.57
bKmM,10,14,24,0.42
bKmN,11,8,19,0.58
bKmP,10,7,17,0.59
bKmS,5,0,5,1.0
bKmb,5,7,12,0.42
bKml,1,1,2,0.5
bKmm,13,8,21,0.62
bKmn,2,4,6,0.33
bKms,5,3,8,0.62
bKnB,4,3,7,0.57
bKnD,1,0,1,1.0
bKnH,2,6,8,0.25
bKnI,1,0,1,1.0
bKnK,0,1,1,0.0
bKnL,2,4,6,0.33
bKnM,7,6,13,0.54
bKnN,9,5,14,0.64
bKnP,6,4,10,0.6
bKnS,1,3,4,0.25
bKnb,5,4,9,0.56
bKnh,0,1,1,0.0
bKnl,4,3,7,0.57
bKnm,3,6,9,0.33
bKnn,4,4,8,0.5
bKns,8,3,11,0.73
bKsB,3,3,6,0.5
bKsD,1,1,2,0.5
bKsH,2,7,9,0.22
bKsI,0,1,1,0.0
bKsL,2,1,3,0.67
bKsM,2,5,7,0.29
bKsN,4,9,13,0.31
bKsP,8,5,13,0.62
bKsS,6,3,9,0.67
bKsb,6,4,10,0.6
bKsl,1,0,1,1.0
bKsm,4,4,8,0.5
bKsn,3,3,6,0.5
bKss,3,5,8,0.38
bKtB,1,0,1,1.0
bKtL,0,1,1,0.0
bKtM,0,0,0,
bKtN,1,0,1,1.0
bKtP,0,2,2,0.0
bKtb,0,1,1,0.0
bKtm,0,2,2,0.0
bKtn,0,1,1,0.0
bKts,1,0,1,1.0
bLBB,20,6,26,0.77
bLBD,0,3,3,0.0
bLBH,1,0,1,1.0
bLBK,3,1,4,0.75
bLBL,3,10,13,0.23
bLBM,14,15,29,0.48
bLBN,17,16,33,0.52
bLBP,20,18,38,0.53
bLBS,7,4,11,0.64
bLBb,30,16,46,0.65
bLBh,2,2,4,0.5
bLBj,5,8,13,0.38
bLBl,5,8,13,0.38
bLBm,14,13,27,0.52
bLBn,27,30,57,0.47
bLBs,9,10,19,0.47
bLBt,3,4,7,0.43
bLDB,2,2,4,0.5
bLDH,2,1,3,0.67
bLDL,1,2,3,0.33
bLDM,2,1,3,0.67
bLDN,0,3,3,0.0
bLDP,1,0,1,1.0
bLDS,2,4,6,0.33
bLDb,0,1,1,0.0
bLDl,0,1,1,0.0
bLDm,2,1,3,0.67
bLDn,1,0,1,1.0
bLDs,2,3,5,0.4
bLDt,1,0,1,1.0
bLHM,1,1,2,0.5
bLHN,1,0,1,1.0
bLHP,1,0,1,1.0
bLHS,1,1,2,0.5
bLHb,0,2,2,0.0
bLHm,0,1,1,0.0
bLHs,1,0,1,1.0
bLIB,1,0,1,1.0
bLKB,0,1,1,0.0
bLKI,0,1,1,0.0
bLKM,1,1,2,0.5
bLKN,1,1,2,0.5
bLKP,1,5,6,0.17
bLKS,0,2,2,0.0
bLKb,0,0,0,
bLKl,0,2,2,0.0
bLKm,1,2,3,0.33
bLKn,3,0,3,1.0
bLKs,1,0,1,1.0
bLLB,6,8,14,0.43
bLLD,0,1,1,0.0
bLLH,0,0,0,
bLLK,1,1,2,0.5
bLLL,2,3,5,0.4
bLLM,10,9,19,0.53
bLLN,9,8,17,0.53
bLLP,6,10,16,0.38
bLLS,4,5,9,0.44
bLLb,8,2,10,0.8
bLLh,5,5,10,0.5
bLLj,4,3,7,0.57
bLLl,8,2,10,0.8
bLLm,10,7,17,0.59
bLLn,9,13,22,0.41
bLLs,5,6,11,0.45
bLLt,2,0,2,1.0
bLMB,22,20,42,0.52
bLMD,1,1,2,0.5
bLML,5,11,16,0.31
bLMM,24,27,51,0.47
bLMN,23,23,46,0.5
bLMP,27,29,56,0.48
bLMS,11,12,23,0.48
bLMb,23,27,50,0.46
bLMh,20,23,43,0.47
bLMj,1,4,5,0.2
bLMl,5,5,10,0.5
bLMm,22,18,40,0.55
bLMn,23,27,50,0.46
bLMs,10,15,25,0.4
bLMt,4,3,7,0.57
bLNB,14,15,29,0.48
bLND,2,6,8,0.25
bLNH,2,4,6,0.33
bLNK,1,1,2,0.5
bLNL,6,4,10,0.6
bLNM,10,22,32,0.31
bLNN,29,33,62,0.47
bLNP,26,26,52,0.5
bLNS,15,21,36,0.42
bLNb,15,12,27,0.56
bLNh,4,9,13,0.31
bLNl,15,9,24,0.62
bLNm,18,16,34,0.53
bLNn,26,26,52,0.5
bLNs,17,10,27,0.63
bLNt,2,7,9,0.22
bLPB,27,22,49,0.55
bLPD,1,1,2,0.5
bLPH,11,9,20,0.55
bLPI,2,1,3,0.67
bLPK,3,1,4,0.75
bLPL,9,13,22,0.41
bLPM,16,37,53,0.3
bLPN,27,38,65,0.42
bLPP,38,39,77,0.49
bLPS,27,25,52,0.52
bLPb,23,28,51,0.45
bLPh,0,3,3,0.0
bLPl,24,16,40,0.6
bLPm,37,23,60,0.62
bLPn,28,30,58,0.48
bLPs,20,19,39,0.51
bLPt,4,2,6,0.67
bLSB,13,8,21,0.62
bLSD,1,3,4,0.25
bLSH,2,3,5,0.4
bLSK,0,2,2,0.0
bLSL,3,9,12,0.25
bLSM,15,11,26,0.58
bLSN,17,11,28,0.61
bLSP,24,24,48,0.5
bLSS,20,16,36,0.56
bLSb,14,12,26,0.54
bLSh,11,15,26,0.42
bLSl,8,4,12,0.67
bLSm,18,6,24,0.75
bLSn,8,12,20,0.4
bLSs,17,14,31,0.55
bLSt,1,1,2,0.5
bLbB,23,11,34,0.68
bLbD,1,4,5,0.2
bLbH,7,5,12,0.58
bLbI,4,0,4,1.0
bLbJ,5,13,18,0.28
bLbK,2,4,6,0.33
bLbL,6,16,22,0.27
bLbM,15,24,39,0.38
bLbN,32,21,53,0.6
bLbP,29,19,48,0.6
bLbS,18,12,30,0.6
bLbb,28,16,44,0.64
bLbl,9,5,14,0.64
bLbm,12,12,24,0.5
bLbn,28,21,49,0.57
bLbs,15,9,24,0.62
bLhB,6,5,11,0.55
bLhD,1,1,2,0.5
bLhH,0,3,3,0.0
bLhI,1,0,1,1.0
bLhK,0,1,1,0.0
bLhL,5,2,7,0.71
bLhM,14,11,25,0.56
bLhN,13,6,19,0.68
bLhP,12,12,24,0.5
bLhS,5,7,12,0.42
bLhb,14,14,28,0.5
bLhh,9,4,13,0.69
bLhl,3,2,5,0.6
bLhm,11,3,14,0.79
bLhn,21,10,31,0.68
bLhs,8,5,13,0.62
bLht,0,0,0,
bLjB,2,3,5,0.4
bLjD,1,0,1,1.0
bLjH,1,6,7,0.14
bLjL,3,2,5,0.6
bLjM,6,8,14,0.43
bLjN,5,6,11,0.45
bLjP,10,10,20,0.5
bLjS,7,3,10,0.7
bLjb,7,0,7,1.0
bLjh,0,1,1,0.0
bLjl,3,3,6,0.5
bLjm,6,3,9,0.67
bLjn,11,7,18,0.61
bLjs,3,4,7,0.43
bLjt,2,0,2,1.0
bLlB,6,2,8,0.75
bLlD,2,0,2,1.0
bLlH,8,8,16,0.5
bLlI,2,0,2,1.0
bLlJ,3,3,6,0.5
bLlK,2,0,2,1.0
bLlL,3,7,10,0.3
bLlM,7,10,17,0.41
bLlN,16,17,33,0.48
bLlP,12,17,29,0.41
bLlS,8,5,13,0.62
bLlb,9,12,21,0.43
bLll,1,3,4,0.25
bLlm,7,10,17,0.41
bLln,10,12,22,0.45
bLls,9,6,15,0.6
bLmB,22,13,35,0.63
bLmD,3,2,5,0.6
bLmH,12,14,26,0.46
bLmI,2,1,3,0.67
bLmJ,5,6,11,0.45
bLmK,0,0,0,
bLmL,8,5,13,0.62
bLmM,10,24,34,0.29
bLmN,15,19,34,0.44
bLmP,27,17,44,0.61
bLmS,14,13,27,0.52
bLmb,21,28,49,0.43
bLml,2,4,6,0.33
bLmm,13,14,27,0.48
bLmn,23,31,54,0.43
bLms,11,11,22,0.5
bLnB,23,28,51,0.45
bLnD,3,2,5,0.6
bLnH,18,19,37,0.49
bLnI,4,4,8,0.5
bLnK,1,4,5,0.2
bLnL,9,9,18,0.5
bLnM,27,34,61,0.44
bLnN,41,41,82,0.5
bLnP,48,39,87,0.55
bLnS,33,24,57,0.58
bLnb,23,19,42,0.55
bLnh,2,2,4,0.5
bLnl,15,18,33,0.45
bLnm,17,16,33,0.52
bLnn,39,29,68,0.57
bLns,16,26,42,0.38
bLsB,8,12,20,0.4
bLsD,1,2,3,0.33
bLsH,11,21,32,0.34
bLsI,1,0,1,1.0
bLsL,6,9,15,0.4
bLsM,14,16,30,0.47
bLsN,9,12,21,0.43
bLsP,22,16,38,0.58
bLsS,15,17,32,0.47
bLsb,13,16,29,0.45
bLsh,0,2,2,0.0
bLsl,4,6,10,0.4
bLsm,11,12,23,0.48
bLsn,15,10,25,0.6
bLss,10,10,20,0.5
bLtB,3,3,6,0.5
bLtH,1,1,2,0.5
bLtL,3,2,5,0.6
bLtM,2,3,5,0.4
bLtN,2,1,3,0.67
bLtP,7,8,15,0.47
bLtS,4,4,8,0.5
bLtb,3,3,6,0.5
bLtl,1,1,2,0.5
bLtm,1,0,1,1.0
bLtn,2,3,5,0.4
bLts,0,4,4,0.0
bMBB,44,39,83,0.53
bMBD,7,7,14,0.5
bMBH,1,4,5,0.2
bMBK,5,7,12,0.42
bMBL,10,20,30,0.33
bMBM,51,42,93,0.55
bMBN,48,64,112,0.43
bMBP,74,66,140,0.53
bMBS,20,31,51,0.39
bMBb,58,43,101,0.57
bMBh,7,4,11,0.64
bMBj,15,17,32,0.47
bMBl,25,19,44,0.57
bMBm,47,35,82,0.57
bMBn,75,77,152,0.49
bMBs,18,18,36,0.5
bMBt,6,9,15,0.4
bMDB,5,7,12,0.42
bMDD,2,3,5,0.4
bMDH,4,8,12,0.33
bMDL,2,3,5,0.4
bMDM,8,7,15,0.53
bMDN,4,2,6,0.67
bMDP,15,2,17,0.88
bMDS,9,7,16,0.56
bMDb,8,10,18,0.44
bMDh,1,0,1,1.0
bMDl,3,3,6,0.5
bMDm,13,7,20,0.65
bMDn,8,5,13,0.62
bMDs,6,4,10,0.6
bMDt,2,1,3,0.67
bMHM,2,2,4,0.5
bMHN,0,1,1,0.0
bMHP,1,0,1,1.0
bMHS,0,1,1,0.0
bMHb,1,1,2,0.5
bMHm,1,0,1,1.0
bMHn,1,0,1,1.0
bMID,0,0,0,
bMIH,0,1,1,0.0
bMIS,0,0,0,
bMIh,0,1,1,0.0
bMKN,1,1,2,0.5
bMKP,1,0,1,1.0
bMKS,0,1,1,0.0
bMKh,0,1,1,0.0
bMKn,1,0,1,1.0
bMKs,0,1,1,0.0
bMLB,15,15,30,0.5
bMLD,5,1,6,0.83
bMLK,0,1,1,0.0
bMLL,4,8,12,0.33
bMLM,15,19,34,0.44
bMLN,11,26,37,0.3
bMLP,23,22,45,0.51
bMLS,16,11,27,0.59
bMLb,22,15,37,0.59
bMLh,13,11,24,0.54
bMLj,7,6,13,0.54
bMLl,9,5,14,0.64
bMLm,22,13,35,0.63
bMLn,24,28,52,0.46
bMLs,13,6,19,0.68
bMLt,1,7,8,0.12
bMMB,40,48,88,0.45
bMMD,5,6,11,0.45
bMMK,0,1,1,0.0
bMML,14,12,26,0.54
bMMM,44,59,103,0.43
bMMN,79,76,155,0.51
bMMP,79,96,175,0.45
bMMS,39,39,78,0.5
bMMb,48,60,108,0.44
bMMh,46,53,99,0.46
bMMj,5,11,16,0.31
bMMl,20,14,34,0.59
bMMm,36,43,79,0.46
bMMn,90,79,169,0.53
bMMs,55,33,88,0.62
bMMt,10,3,13,0.77
bMNB,43,43,86,0.5
bMND,13,7,20,0.65
bMNH,6,12,18,0.33
bMNI,0,1,1,0.0
bMNK,4,7,11,0.36
bMNL,22,15,37,0.59
bMNM,50,59,109,0.46
bMNN,71,83,154,0.46
bMNP,87,100,187,0.47
bMNS,39,44,83,0.47
bMNb,54,53,107,0.5
bMNh,25,31,56,0.45
bMNl,18,17,35,0.51
bMNm,60,46,106,0.57
bMNn,92,79,171,0.54
bMNs,34,45,79,0.43
bMNt,16,11,27,0.59
bMPB,60,42,102,0.59
bMPD,7,6,13,0.54
bMPH,28,33,61,0.46
bMPI,3,6,9,0.33
bMPK,8,9,17,0.47
bMPL,27,32,59,0.46
bMPM,68,81,149,0.46
bMPN,93,97,190,0.49
bMPP,128,121,249,0.51
bMPS,59,48,107,0.55
bMPb,84,76,160,0.52
bMPh,16,9,25,0.64
bMPl,42,31,73,0.58
bMPm,81,65,146,0.55
bMPn,76,98,174,0.44
bMPs,45,48,93,0.48
bMPt,8,9,17,0.47
bMSB,27,21,48,0.56
bMSD,5,4,9,0.56
bMSH,11,22,33,0.33
bMSI,0,1,1,0.0
bMSK,0,2,2,0.0
bMSL,17,17,34,0.5
bMSM,35,31,66,0.53
bMSN,27,39,66,0.41
bMSP,46,51,97,0.47
bMSS,41,52,93,0.44
bMSb,27,28,55,0.49
bMSh,26,25,51,0.51
bMSl,16,13,29,0.55
bMSm,38,28,66,0.58
bMSn,51,43,94,0.54
bMSs,18,36,54,0.33
bMSt,7,8,15,0.47
bMbB,55,45,100,0.55
bMbD,15,4,19,0.79
bMbH,24,17,41,0.59
bMbI,5,7,12,0.42
bMbJ,15,15,30,0.5
bMbK,8,5,13,0.62
bMbL,12,15,27,0.44
bMbM,76,75,151,0.5
bMbN,99,88,187,0.53
bMbP,87,78,165,0.53
bMbS,33,30,63,0.52
bMbb,72,67,139,0.52
bMbh,0,1,1,0.0
bMbl,17,22,39,0.44
bMbm,53,32,85,0.62
bMbn,91,73,164,0.55
bMbs,32,27,59,0.54
bMhB,34,32,66,0.52
bMhD,4,5,9,0.44
bMhH,12,11,23,0.52
bMhI,3,8,11,0.27
bMhK,1,0,1,1.0
bMhL,21,13,34,0.62
bMhM,51,55,106,0.48
bMhN,50,37,87,0.57
bMhP,68,68,136,0.5
bMhS,64,38,102,0.63
bMhb,34,47,81,0.42
bMhh,41,50,91,0.45
bMhl,26,25,51,0.51
bMhm,41,43,84,0.49
bMhn,54,62,116,0.47
bMhs,38,30,68,0.56
bMht,6,6,12,0.5
bMjB,14,15,29,0.48
bMjD,1,1,2,0.5
bMjH,4,4,8,0.5
bMjI,2,0,2,1.0
bMjK,2,1,3,0.67
bMjL,4,3,7,0.57
bMjM,19,12,31,0.61
bMjN,13,20,33,0.39
bMjP,21,26,47,0.45
bMjS,6,11,17,0.35
bMjb,24,8,32,0.75
bMjh,1,3,4,0.25
bMjl,10,6,16,0.62
bMjm,13,12,25,0.52
bMjn,15,13,28,0.54
bMjs,15,4,19,0.79
bMjt,2,3,5,0.4
bMlB,18,20,38,0.47
bMlD,3,2,5,0.6
bMlH,23,23,46,0.5
bMlI,1,0,1,1.0
bMlJ,7,4,11,0.64
bMlK,0,2,2,0.0
bMlL,13,7,20,0.65
bMlM,24,30,54,0.44
bMlN,25,35,60,0.42
bMlP,29,27,56,0.52
bMlS,13,25,38,0.34
bMlb,23,25,48,0.48
bMll,6,5,11,0.55
bMlm,20,14,34,0.59
bMln,27,22,49,0.55
bMls,9,16,25,0.36
bMmB,43,47,90,0.48
bMmD,11,13,24,0.46
bMmH,52,38,90,0.58
bMmI,8,6,14,0.57
bMmJ,9,16,25,0.36
bMmK,0,3,3,0.0
bMmL,22,14,36,0.61
bMmM,57,59,116,0.49
bMmN,80,81,161,0.5
bMmP,56,71,127,0.44
bMmS,40,46,86,0.47
bMmb,49,45,94,0.52
bMml,14,12,26,0.54
bMmm,48,33,81,0.59
bMmn,70,53,123,0.57
bMms,22,31,53,0.42
bMnB,49,60,109,0.45
bMnD,12,12,24,0.5
bMnH,43,45,88,0.49
bMnI,11,11,22,0.5
bMnK,9,8,17,0.53
bMnL,19,19,38,0.5
bMnM,82,81,163,0.5
bMnN,130,117,247,0.53
bMnP,142,151,293,0.48
bMnS,71,81,152,0.47
bMnb,87,60,147,0.59
bMnh,4,3,7,0.57
bMnl,28,21,49,0.57
bMnm,74,61,135,0.55
bMnn,107,91,198,0.54
bMns,55,50,105,0.52
bMsB,18,20,38,0.47
bMsD,7,6,13,0.54
bMsH,46,33,79,0.58
bMsI,3,4,7,0.43
bMsK,1,0,1,1.0
bMsL,11,10,21,0.52
bMsM,21,39,60,0.35
bMsN,44,53,97,0.45
bMsP,57,36,93,0.61
bMsS,42,39,81,0.52
bMsb,34,25,59,0.58
bMsh,0,1,1,0.0
bMsl,8,6,14,0.57
bMsm,27,17,44,0.61
bMsn,30,33,63,0.48
bMss,32,35,67,0.48
bMst,1,0,1,1.0
bMtB,6,4,10,0.6
bMtD,2,1,3,0.67
bMtH,8,4,12,0.67
bMtI,0,1,1,0.0
bMtK,0,1,1,0.0
bMtL,4,1,5,0.8
bMtM,3,9,12,0.25
bMtN,11,9,20,0.55
bMtP,9,9,18,0.5
bMtS,7,4,11,0.64
bMtb,7,10,17,0.41
bMtl,1,4,5,0.2
bMtm,8,7,15,0.53
bMtn,10,15,25,0.4
bMts,1,2,3,0.33
bMtt,1,1,2,0.5
bNBB,61,41,102,0.6
bNBD,5,5,10,0.5
bNBH,1,0,1,1.0
bNBI,0,1,1,0.0
bNBK,3,4,7,0.43
bNBL,19,21,40,0.48
bNBM,54,56,110,0.49
bNBN,75,84,159,0.47
bNBP,70,95,165,0.42
bNBS,32,35,67,0.48
bNBb,58,54,112,0.52
bNBh,11,10,21,0.52
bNBj,18,21,39,0.46
bNBl,19,17,36,0.53
bNBm,54,52,106,0.51
bNBn,71,87,158,0.45
bNBs,26,32,58,0.45
bNBt,7,7,14,0.5
bNDB,6,4,10,0.6
bNDD,0,0,0,
bNDH,3,10,13,0.23
bNDI,2,2,4,0.5
bNDL,2,3,5,0.4
bNDM,10,12,22,0.45
bNDN,10,8,18,0.56
bNDP,14,14,28,0.5
bNDS,10,9,19,0.53
bNDb,10,6,16,0.62
bNDl,4,1,5,0.8
bNDm,9,4,13,0.69
bNDn,10,7,17,0.59
bNDs,3,6,9,0.33
bNDt,0,2,2,0.0
bNHB,9,11,20,0.45
bNHD,2,2,4,0.5
bNHH,1,5,6,0.17
bNHI,3,1,4,0.75
bNHK,1,3,4,0.25
bNHL,5,3,8,0.62
bNHM,14,13,27,0.52
bNHN,14,20,34,0.41
bNHP,11,13,24,0.46
bNHS,7,5,12,0.58
bNHb,10,8,18,0.56
bNHh,2,5,7,0.29
bNHl,5,5,10,0.5
bNHm,15,11,26,0.58
bNHn,13,14,27,0.48
bNHs,5,10,15,0.33
bNIB,1,1,2,0.5
bNIH,0,1,1,0.0
bNIM,0,1,1,0.0
bNIN,0,1,1,0.0
bNIP,0,1,1,0.0
bNKB,3,5,8,0.38
bNKH,0,1,1,0.0
bNKI,2,0,2,1.0
bNKL,3,0,3,1.0
bNKM,5,6,11,0.45
bNKN,7,9,16,0.44
bNKP,5,3,8,0.62
bNKS,5,1,6,0.83
bNKb,7,5,12,0.58
bNKh,7,3,10,0.7
bNKl,3,0,3,1.0
bNKm,5,3,8,0.62
bNKn,5,5,10,0.5
bNKs,2,4,6,0.33
bNLB,20,19,39,0.51
bNLD,5,1,6,0.83
bNLK,6,3,9,0.67
bNLL,6,8,14,0.43
bNLM,23,22,45,0.51
bNLN,29,28,57,0.51
bNLP,35,40,75,0.47
bNLS,15,20,35,0.43
bNLb,25,29,54,0.46
bNLh,15,13,28,0.54
bNLj,6,6,12,0.5
bNLl,14,13,27,0.52
bNLm,19,18,37,0.51
bNLn,29,40,69,0.42
bNLs,17,13,30,0.57
bNLt,8,8,16,0.5
bNMB,68,57,125,0.54
bNMD,8,4,12,0.67
bNMH,0,1,1,0.0
bNML,33,19,52,0.63
bNMM,55,67,122,0.45
bNMN,75,64,139,0.54
bNMP,91,95,186,0.49
bNMS,46,69,115,0.4
bNMb,65,69,134,0.49
bNMh,79,62,141,0.56
bNMj,16,20,36,0.44
bNMl,25,28,53,0.47
bNMm,54,64,118,0.46
bNMn,131,128,259,0.51
bNMs,66,45,111,0.59
bNMt,14,12,26,0.54
bNNB,63,74,137,0.46
bNND,10,13,23,0.43
bNNH,6,10,16,0.38
bNNK,7,2,9,0.78
bNNL,29,33,62,0.47
bNNM,81,72,153,0.53
bNNN,129,118,247,0.52
bNNP,133,160,293,0.45
bNNS,60,56,116,0.52
bNNb,82,63,145,0.57
bNNh,37,42,79,0.47
bNNl,31,41,72,0.43
bNNm,77,62,139,0.55
bNNn,136,130,266,0.51
bNNs,51,62,113,0.45
bNNt,20,17,37,0.54
bNPB,87,74,161,0.54
bNPD,12,5,17,0.71
bNPH,42,36,78,0.54
bNPI,12,12,24,0.5
bNPK,15,13,28,0.54
bNPL,47,55,102,0.46
bNPM,98,128,226,0.43
bNPN,139,143,282,0.49
bNPP,184,165,349,0.53
bNPS,76,95,171,0.44
bNPb,113,123,236,0.48
bNPh,18,20,38,0.47
bNPl,55,50,105,0.52
bNPm,118,79,197,0.6
bNPn,142,106,248,0.57
bNPs,73,69,142,0.51
bNPt,13,15,28,0.46
bNSB,35,24,59,0.59
bNSD,9,3,12,0.75
bNSH,25,26,51,0.49
bNSI,1,0,1,1.0
bNSK,0,0,0,
bNSL,16,20,36,0.44
bNSM,57,43,100,0.57
bNSN,61,48,109,0.56
bNSP,69,79,148,0.47
bNSS,54,52,106,0.51
bNSb,49,43,92,0.53
bNSh,37,32,69,0.54
bNSl,21,14,35,0.6
bNSm,67,35,102,0.66
bNSn,70,54,124,0.56
bNSs,61,48,109,0.56
bNSt,11,6,17,0.65
bNbB,62,68,130,0.48
bNbD,8,8,16,0.5
bNbH,27,24,51,0.53
bNbI,7,6,13,0.54
bNbJ,17,17,34,0.5
bNbK,3,7,10,0.3
bNbL,23,23,46,0.5
bNbM,64,77,141,0.45
bNbN,112,108,220,0.51
bNbP,109,68,177,0.62
bNbS,35,43,78,0.45
bNbb,78,76,154,0.51
bNbh,0,1,1,0.0
bNbl,23,21,44,0.52
bNbm,54,48,102,0.53
bNbn,67,81,148,0.45
bNbs,43,26,69,0.62
bNhB,19,23,42,0.45
bNhD,4,1,5,0.8
bNhH,6,10,16,0.38
bNhI,1,0,1,1.0
bNhK,0,1,1,0.0
bNhL,7,11,18,0.39
bNhM,29,26,55,0.53
bNhN,33,28,61,0.54
bNhP,49,39,88,0.56
bNhS,24,27,51,0.47
bNhb,28,24,52,0.54
bNhh,20,25,45,0.44
bNhl,14,11,25,0.56
bNhm,30,21,51,0.59
bNhn,40,29,69,0.58
bNhs,19,17,36,0.53
bNht,5,4,9,0.56
bNlB,25,19,44,0.57
bNlD,3,8,11,0.27
bNlH,21,12,33,0.64
bNlI,2,3,5,0.4
bNlJ,5,9,14,0.36
bNlK,2,1,3,0.67
bNlL,13,8,21,0.62
bNlM,25,32,57,0.44
bNlN,30,51,81,0.37
bNlP,44,38,82,0.54
bNlS,14,20,34,0.41
bNlb,32,24,56,0.57
bNll,10,8,18,0.56
bNlm,18,16,34,0.53
bNln,31,20,51,0.61
bNls,15,10,25,0.6
bNmB,60,53,113,0.53
bNmD,11,8,19,0.58
bNmH,51,47,98,0.52
bNmI,8,5,13,0.62
bNmJ,15,16,31,0.48
bNmK,0,1,1,0.0
bNmL,33,14,47,0.7
bNmM,65,85,150,0.43
bNmN,105,93,198,0.53
bNmP,77,82,159,0.48
bNmS,40,34,74,0.54
bNmb,59,55,114,0.52
bNmh,0,0,0,
bNml,26,10,36,0.72
bNmm,54,48,102,0.53
bNmn,72,63,135,0.53
bNms,31,25,56,0.55
bNnB,67,58,125,0.54
bNnD,10,10,20,0.5
bNnH,54,61,115,0.47
bNnI,17,11,28,0.61
bNnK,8,11,19,0.42
bNnL,36,33,69,0.52
bNnM,82,95,177,0.46
bNnN,155,137,292,0.53
bNnP,167,165,332,0.5
bNnS,95,99,194,0.49
bNnb,91,72,163,0.56
bNnh,5,4,9,0.56
bNnl,33,36,69,0.48
bNnm,84,57,141,0.6
bNnn,109,127,236,0.46
bNns,64,60,124,0.52
bNsB,29,30,59,0.49
bNsD,11,4,15,0.73
bNsH,26,40,66,0.39
bNsI,5,11,16,0.31
bNsK,1,1,2,0.5
bNsL,10,19,29,0.34
bNsM,33,40,73,0.45
bNsN,63,49,112,0.56
bNsP,65,59,124,0.52
bNsS,43,48,91,0.47
bNsb,42,34,76,0.55
bNsh,1,3,4,0.25
bNsl,22,25,47,0.47
bNsm,44,35,79,0.56
bNsn,55,47,102,0.54
bNss,41,39,80,0.51
bNst,0,1,1,0.0
bNtB,10,7,17,0.59
bNtD,1,1,2,0.5
bNtH,9,5,14,0.64
bNtK,2,1,3,0.67
bNtL,2,4,6,0.33
bNtM,18,16,34,0.53
bNtN,25,18,43,0.58
bNtP,19,25,44,0.43
bNtS,6,16,22,0.27
bNtb,13,15,28,0.46
bNth,1,1,2,0.5
bNtl,4,9,13,0.31
bNtm,14,8,22,0.64
bNtn,16,15,31,0.52
bNts,13,10,23,0.57
bNtt,6,3,9,0.67
bPBB,65,61,126,0.52
bPBD,9,11,20,0.45
bPBH,1,0,1,1.0
bPBI,0,1,1,0.0
bPBK,5,9,14,0.36
bPBL,24,30,54,0.44
bPBM,58,79,137,0.42
bPBN,74,68,142,0.52
bPBP,98,78,176,0.56
bPBS,44,31,75,0.59
bPBb,69,64,133,0.52
bPBh,7,10,17,0.41
bPBj,15,17,32,0.47
bPBl,22,30,52,0.42
bPBm,67,55,122,0.55
bPBn,91,83,174,0.52
bPBs,39,27,66,0.59
bPBt,9,12,21,0.43
bPDB,6,8,14,0.43
bPDD,1,2,3,0.33
bPDH,6,3,9,0.67
bPDI,1,0,1,1.0
bPDL,9,5,14,0.64
bPDM,9,8,17,0.53
bPDN,8,4,12,0.67
bPDP,11,17,28,0.39
bPDS,9,7,16,0.56
bPDb,5,7,12,0.42
bPDl,2,5,7,0.29
bPDm,11,2,13,0.85
bPDn,8,3,11,0.73
bPDs,7,3,10,0.7
bPDt,1,0,1,1.0
bPHB,15,24,39,0.38
bPHD,2,2,4,0.5
bPHH,4,2,6,0.67
bPHI,0,7,7,0.0
bPHK,1,3,4,0.25
bPHL,11,12,23,0.48
bPHM,17,23,40,0.42
bPHN,21,17,38,0.55
bPHP,26,24,50,0.52
bPHS,13,8,21,0.62
bPHb,16,13,29,0.55
bPHh,2,10,12,0.17
bPHl,9,14,23,0.39
bPHm,22,18,40,0.55
bPHn,26,15,41,0.63
bPHs,19,13,32,0.59
bPHt,1,0,1,1.0
bPIB,4,4,8,0.5
bPID,1,0,1,1.0
bPIH,3,3,6,0.5
bPII,4,0,4,1.0
bPIL,8,3,11,0.73
bPIM,8,10,18,0.44
bPIN,7,5,12,0.58
bPIP,11,2,13,0.85
bPIS,4,4,8,0.5
bPIb,10,5,15,0.67
bPIl,1,0,1,1.0
bPIm,3,6,9,0.33
bPIn,2,2,4,0.5
bPIs,1,0,1,1.0
bPKB,6,10,16,0.38
bPKD,2,2,4,0.5
bPKH,1,3,4,0.25
bPKL,2,5,7,0.29
bPKM,9,8,17,0.53
bPKN,10,8,18,0.56
bPKP,13,7,20,0.65
bPKS,2,9,11,0.18
bPKb,6,4,10,0.6
bPKh,8,4,12,0.67
bPKl,6,4,10,0.6
bPKm,4,6,10,0.4
bPKn,8,6,14,0.57
bPKs,9,5,14,0.64
bPKt,0,2,2,0.0
bPLB,25,27,52,0.48
bPLD,3,2,5,0.6
bPLH,1,2,3,0.33
bPLK,1,2,3,0.33
bPLL,18,13,31,0.58
bPLM,35,33,68,0.51
bPLN,34,31,65,0.52
bPLP,36,49,85,0.42
bPLS,29,22,51,0.57
bPLb,30,31,61,0.49
bPLh,17,19,36,0.47
bPLj,10,10,20,0.5
bPLl,27,22,49,0.55
bPLm,37,29,66,0.56
bPLn,46,43,89,0.52
bPLs,22,23,45,0.49
bPLt,12,14,26,0.46
bPMB,75,80,155,0.48
bPMD,15,11,26,0.58
bPMH,0,0,0,
bPMK,0,2,2,0.0
bPML,35,38,73,0.48
bPMM,84,80,164,0.51
bPMN,69,90,159,0.43
bPMP,102,107,209,0.49
bPMS,53,64,117,0.45
bPMb,81,93,174,0.47
bPMh,62,76,138,0.45
bPMj,19,26,45,0.42
bPMl,40,32,72,0.56
bPMm,83,75,158,0.53
bPMn,114,119,233,0.49
bPMs,57,49,106,0.54
bPMt,18,13,31,0.58
bPNB,58,61,119,0.49
bPND,9,5,14,0.64
bPNH,19,12,31,0.61
bPNI,0,1,1,0.0
bPNK,6,4,10,0.6
bPNL,36,41,77,0.47
bPNM,64,95,159,0.4
bPNN,79,89,168,0.47
bPNP,120,124,244,0.49
bPNS,60,58,118,0.51
bPNb,84,74,158,0.53
bPNh,26,28,54,0.48
bPNl,39,41,80,0.49
bPNm,71,57,128,0.55
bPNn,128,102,230,0.56
bPNs,58,59,117,0.5
bPNt,12,17,29,0.41
bPPB,103,114,217,0.47
bPPD,15,8,23,0.65
bPPH,37,47,84,0.44
bPPI,10,5,15,0.67
bPPK,9,17,26,0.35
bPPL,57,74,131,0.44
bPPM,143,132,275,0.52
bPPN,123,126,249,0.49
bPPP,190,191,381,0.5
bPPS,96,94,190,0.51
bPPb,144,117,261,0.55
bPPh,17,23,40,0.42
bPPl,72,61,133,0.54
bPPm,102,115,217,0.47
bPPn,112,100,212,0.53
bPPs,72,78,150,0.48
bPPt,13,16,29,0.45
bPSB,43,23,66,0.65
bPSD,5,5,10,0.5
bPSH,17,15,32,0.53
bPSI,0,3,3,0.0
bPSK,1,2,3,0.33
bPSL,20,24,44,0.45
bPSM,60,41,101,0.59
bPSN,27,35,62,0.44
bPSP,63,64,127,0.5
bPSS,41,51,92,0.45
bPSb,54,38,92,0.59
bPSh,24,49,73,0.33
bPSl,24,31,55,0.44
bPSm,37,48,85,0.44
bPSn,43,47,90,0.48
bPSs,41,44,85,0.48
bPSt,8,2,10,0.8
bPbB,86,68,154,0.56
bPbD,4,5,9,0.44
bPbH,15,21,36,0.42
bPbI,8,8,16,0.5
bPbJ,25,29,54,0.46
bPbK,6,5,11,0.55
bPbL,35,41,76,0.46
bPbM,93,115,208,0.45
bPbN,119,94,213,0.56
bPbP,110,96,206,0.53
bPbS,47,37,84,0.56
bPbb,121,86,207,0.58
bPbh,1,0,1,1.0
bPbl,41,31,72,0.57
bPbm,70,51,121,0.58
bPbn,73,64,137,0.53
bPbs,36,48,84,0.43
bPhB,6,19,25,0.24
bPhD,1,0,1,1.0
bPhH,1,1,2,0.5
bPhI,0,1,1,0.0
bPhL,3,7,10,0.3
bPhM,11,9,20,0.55
bPhN,8,10,18,0.44
bPhP,18,24,42,0.43
bPhS,8,12,20,0.4
bPhb,9,10,19,0.47
bPhh,8,13,21,0.38
bPhl,7,6,13,0.54
bPhm,5,7,12,0.42
bPhn,13,13,26,0.5
bPhs,4,8,12,0.33
bPlB,32,32,64,0.5
bPlD,1,1,2,0.5
bPlH,32,23,55,0.58
bPlI,2,3,5,0.4
bPlJ,7,5,12,0.58
bPlK,2,3,5,0.4
bPlL,17,16,33,0.52
bPlM,34,48,82,0.41
bPlN,40,42,82,0.49
bPlP,46,62,108,0.43
bPlS,27,29,56,0.48
bPlb,50,41,91,0.55
bPll,20,20,40,0.5
bPlm,36,24,60,0.6
bPln,27,31,58,0.47
bPls,18,20,38,0.47
bPmB,75,56,131,0.57
bPmD,15,7,22,0.68
bPmH,51,63,114,0.45
bPmI,5,3,8,0.62
bPmJ,5,11,16,0.31
bPmL,24,23,47,0.51
bPmM,80,74,154,0.52
bPmN,77,50,127,0.61
bPmP,82,103,185,0.44
bPmS,49,46,95,0.52
bPmb,75,73,148,0.51
bPmh,0,0,0,
bPml,22,22,44,0.5
bPmm,59,48,107,0.55
bPmn,55,59,114,0.48
bPms,27,22,49,0.55
bPnB,67,58,125,0.54
bPnD,9,16,25,0.36
bPnH,50,60,110,0.45
bPnI,11,7,18,0.61
bPnK,5,3,8,0.62
bPnL,42,31,73,0.58
bPnM,70,72,142,0.49
bPnN,79,88,167,0.47
bPnP,131,113,244,0.54
bPnS,65,64,129,0.5
bPnb,68,80,148,0.46
bPnh,7,3,10,0.7
bPnl,27,34,61,0.44
bPnm,54,58,112,0.48
bPnn,66,82,148,0.45
bPns,59,41,100,0.59
bPsB,33,20,53,0.62
bPsD,5,5,10,0.5
bPsH,47,29,76,0.62
bPsI,7,2,9,0.78
bPsK,1,1,2,0.5
bPsL,13,24,37,0.35
bPsM,50,40,90,0.56
bPsN,43,42,85,0.51
bPsP,56,58,114,0.49
bPsS,48,41,89,0.54
bPsb,55,33,88,0.62
bPsh,2,0,2,1.0
bPsl,20,17,37,0.54
bPsm,46,33,79,0.58
bPsn,32,33,65,0.49
bPss,33,32,65,0.51
bPst,0,2,2,0.0
bPtB,6,3,9,0.67
bPtD,0,1,1,0.0
bPtH,3,2,5,0.6
bPtI,1,0,1,1.0
bPtK,0,1,1,0.0
bPtL,2,0,2,1.0
bPtM,11,11,22,0.5
bPtN,7,6,13,0.54
bPtP,8,16,24,0.33
bPtS,6,6,12,0.5
bPtb,8,10,18,0.44
bPth,1,0,1,1.0
bPtl,6,3,9,0.67
bPtm,12,5,17,0.71
bPtn,7,7,14,0.5
bPts,5,3,8,0.62
bPtt,5,3,8,0.62
bSBB,18,22,40,0.45
bSBD,1,3,4,0.25
bSBK,3,1,4,0.75
bSBL,8,7,15,0.53
bSBM,9,15,24,0.38
bSBN,26,25,51,0.51
bSBP,31,18,49,0.63
bSBS,8,16,24,0.33
bSBb,24,26,50,0.48
bSBh,3,6,9,0.33
bSBj,8,5,13,0.62
bSBl,10,9,19,0.53
bSBm,28,18,46,0.61
bSBn,34,32,66,0.52
bSBs,12,11,23,0.52
bSBt,3,4,7,0.43
bSDB,2,2,4,0.5
bSDD,3,2,5,0.6
bSDH,6,1,7,0.86
bSDI,0,1,1,0.0
bSDL,3,1,4,0.75
bSDM,2,6,8,0.25
bSDN,3,5,8,0.38
bSDP,7,5,12,0.58
bSDS,4,6,10,0.4
bSDb,3,2,5,0.6
bSDh,0,1,1,0.0
bSDl,2,3,5,0.4
bSDm,6,5,11,0.55
bSDn,2,2,4,0.5
bSDs,0,2,2,0.0
bSDt,2,0,2,1.0
bSHB,5,9,14,0.36
bSHD,3,2,5,0.6
bSHH,6,2,8,0.75
bSHI,4,1,5,0.8
bSHK,0,3,3,0.0
bSHL,2,6,8,0.25
bSHM,15,10,25,0.6
bSHN,13,12,25,0.52
bSHP,13,21,34,0.38
bSHS,18,11,29,0.62
bSHb,9,7,16,0.56
bSHh,2,3,5,0.4
bSHl,8,4,12,0.67
bSHm,17,10,27,0.63
bSHn,10,9,19,0.53
bSHs,12,9,21,0.57
bSHt,0,1,1,0.0
bSID,0,1,1,0.0
bSIH,2,1,3,0.67
bSIL,0,2,2,0.0
bSIM,1,0,1,1.0
bSIN,0,0,0,
bSIS,0,3,3,0.0
bSIb,0,1,1,0.0
bSIm,2,1,3,0.67
bSIn,0,2,2,0.0
bSIs,0,1,1,0.0
bSKL,1,0,1,1.0
bSKM,2,0,2,1.0
bSKP,1,1,2,0.5
bSKS,2,0,2,1.0
bSKb,1,0,1,1.0
bSKh,0,0,0,
bSKn,1,1,2,0.5
bSKs,0,0,0,
bSLB,6,10,16,0.38
bSLD,3,1,4,0.75
bSLK,0,3,3,0.0
bSLL,1,9,10,0.1
bSLM,6,17,23,0.26
bSLN,17,8,25,0.68
bSLP,14,12,26,0.54
bSLS,15,15,30,0.5
bSLb,10,12,22,0.45
bSLh,11,2,13,0.85
bSLj,4,8,12,0.33
bSLl,5,6,11,0.45
bSLm,6,14,20,0.3
bSLn,16,19,35,0.46
bSLs,5,9,14,0.36
bSLt,2,1,3,0.67
bSMB,16,24,40,0.4
bSMD,6,8,14,0.43
bSMI,0,0,0,
bSMK,1,0,1,1.0
bSML,10,12,22,0.45
bSMM,31,24,55,0.56
bSMN,32,39,71,0.45
bSMP,37,37,74,0.5
bSMS,33,18,51,0.65
bSMb,40,33,73,0.55
bSMh,31,32,63,0.49
bSMj,10,6,16,0.62
bSMl,13,13,26,0.5
bSMm,42,28,70,0.6
bSMn,45,35,80,0.56
bSMs,14,22,36,0.39
bSMt,2,7,9,0.22
bSNB,20,32,52,0.38
bSND,5,4,9,0.56
bSNH,4,5,9,0.44
bSNK,3,2,5,0.6
bSNL,13,8,21,0.62
bSNM,32,30,62,0.52
bSNN,34,35,69,0.49
bSNP,49,45,94,0.52
bSNS,33,34,67,0.49
bSNb,29,22,51,0.57
bSNh,8,15,23,0.35
bSNl,12,11,23,0.52
bSNm,36,21,57,0.63
bSNn,34,39,73,0.47
bSNs,18,21,39,0.46
bSNt,5,4,9,0.56
bSPB,29,35,64,0.45
bSPD,5,8,13,0.38
bSPH,11,16,27,0.41
bSPI,3,3,6,0.5
bSPK,10,7,17,0.59
bSPL,19,27,46,0.41
bSPM,55,47,102,0.54
bSPN,54,49,103,0.52
bSPP,72,68,140,0.51
bSPS,49,39,88,0.56
bSPb,41,49,90,0.46
bSPh,5,8,13,0.38
bSPl,26,11,37,0.7
bSPm,46,35,81,0.57
bSPn,44,34,78,0.56
bSPs,29,39,68,0.43
bSPt,6,2,8,0.75
bSSB,16,20,36,0.44
bSSD,3,8,11,0.27
bSSH,15,11,26,0.58
bSSI,3,2,5,0.6
bSSK,0,2,2,0.0
bSSL,10,12,22,0.45
bSSM,29,27,56,0.52
bSSN,29,22,51,0.57
bSSP,38,34,72,0.53
bSSS,43,34,77,0.56
bSSb,25,16,41,0.61
bSSh,17,21,38,0.45
bSSl,9,6,15,0.6
bSSm,24,22,46,0.52
bSSn,38,32,70,0.54
bSSs,20,34,54,0.37
bSSt,6,8,14,0.43
bSbB,23,24,47,0.49
bSbD,1,1,2,0.5
bSbH,11,12,23,0.48
bSbI,1,3,4,0.25
bSbJ,3,6,9,0.33
bSbK,3,4,7,0.43
bSbL,10,9,19,0.53
bSbM,22,26,48,0.46
bSbN,29,40,69,0.42
bSbP,41,42,83,0.49
bSbS,25,15,40,0.62
bSbb,32,27,59,0.54
bSbh,0,1,1,0.0
bSbl,14,7,21,0.67
bSbm,20,16,36,0.56
bSbn,30,31,61,0.49
bSbs,20,17,37,0.54
bShB,15,10,25,0.6
bShD,3,2,5,0.6
bShH,2,6,8,0.25
bShI,3,1,4,0.75
bShL,12,5,17,0.71
bShM,18,27,45,0.4
bShN,22,15,37,0.59
bShP,32,24,56,0.57
bShS,21,22,43,0.49
bShb,21,30,51,0.41
bShh,19,21,40,0.48
bShl,8,3,11,0.73
bShm,14,17,31,0.45
bShn,23,30,53,0.43
bShs,12,16,28,0.43
bSht,3,1,4,0.75
bSlB,12,7,19,0.63
bSlD,4,1,5,0.8
bSlH,8,14,22,0.36
bSlI,2,1,3,0.67
bSlJ,1,1,2,0.5
bSlL,4,4,8,0.5
bSlM,10,18,28,0.36
bSlN,9,11,20,0.45
bSlP,23,21,44,0.52
bSlS,9,9,18,0.5
bSlb,16,16,32,0.5
bSll,11,6,17,0.65
bSlm,13,11,24,0.54
bSln,17,13,30,0.57
bSls,11,13,24,0.46
bSmB,32,21,53,0.6
bSmD,4,5,9,0.44
bSmH,19,25,44,0.43
bSmI,2,2,4,0.5
bSmJ,9,7,16,0.56
bSmL,8,7,15,0.53
bSmM,26,31,57,0.46
bSmN,36,37,73,0.49
bSmP,33,29,62,0.53
bSmS,26,18,44,0.59
bSmb,35,29,64,0.55
bSmh,0,0,0,
bSml,8,6,14,0.57
bSmm,30,17,47,0.64
bSmn,38,20,58,0.66
bSms,14,14,28,0.5
bSmt,0,0,0,
bSnB,17,24,41,0.41
bSnD,5,3,8,0.62
bSnH,16,20,36,0.44
bSnI,8,5,13,0.62
bSnK,3,3,6,0.5
bSnL,11,12,23,0.48
bSnM,40,36,76,0.53
bSnN,55,57,112,0.49
bSnP,55,52,107,0.51
bSnS,38,29,67,0.57
bSnb,34,35,69,0.49
bSnh,2,2,4,0.5
bSnl,15,9,24,0.62
bSnm,30,28,58,0.52
bSnn,42,39,81,0.52
bSns,30,29,59,0.51
bSsB,21,18,39,0.54
bSsD,2,4,6,0.33
bSsH,27,21,48,0.56
bSsI,4,2,6,0.67
bSsK,3,2,5,0.6
bSsL,11,5,16,0.69
bSsM,17,30,47,0.36
bSsN,28,28,56,0.5
bSsP,32,30,62,0.52
bSsS,29,39,68,0.43
bSsb,35,37,72,0.49
bSsh,1,1,2,0.5
bSsl,10,8,18,0.56
bSsm,25,18,43,0.58
bSsn,34,27,61,0.56
bSss,23,16,39,0.59
bSst,0,1,1,0.0
bStB,4,1,5,0.8
bStD,1,0,1,1.0
bStH,3,2,5,0.6
bStK,1,0,1,1.0
bStL,4,2,6,0.67
bStM,3,5,8,0.38
bStN,4,7,11,0.36
bStP,5,9,14,0.36
bStS,7,11,18,0.39
bStb,4,6,10,0.4
bSth,0,0,0,
bStl,2,3,5,0.4
bStm,3,2,5,0.6
bStn,3,5,8,0.38
bSts,3,6,9,0.33
bStt,0,0,0,
bbBB,55,46,101,0.54
bbBD,10,5,15,0.67
bbBH,2,0,2,1.0
bbBK,3,4,7,0.43
bbBL,21,17,38,0.55
bbBM,76,61,137,0.55
bbBN,89,87,176,0.51
bbBP,99,74,173,0.57
bbBS,41,39,80,0.51
bbBb,82,81,163,0.5
bbBh,13,12,25,0.52
bbBj,21,16,37,0.57
bbBl,20,24,44,0.45
bbBm,62,54,116,0.53
bbBn,102,78,180,0.57
bbBs,41,24,65,0.63
bbBt,10,6,16,0.62
bbDB,5,3,8,0.62
bbDD,1,0,1,1.0
bbDH,12,4,16,0.75
bbDI,1,0,1,1.0
bbDL,4,1,5,0.8
bbDM,5,5,10,0.5
bbDN,6,5,11,0.55
bbDP,5,9,14,0.36
bbDS,7,1,8,0.88
bbDb,8,4,12,0.67
bbDm,6,6,12,0.5
bbDn,6,3,9,0.67
bbDs,4,4,8,0.5
bbDt,4,0,4,1.0
bbHB,15,12,27,0.56
bbHD,1,3,4,0.25
bbHH,4,0,4,1.0
bbHK,2,0,2,1.0
bbHL,6,3,9,0.67
bbHM,12,20,32,0.38
bbHN,24,28,52,0.46
bbHP,23,27,50,0.46
bbHS,16,14,30,0.53
bbHb,16,23,39,0.41
bbHh,3,5,8,0.38
bbHl,9,4,13,0.69
bbHm,16,13,29,0.55
bbHn,16,18,34,0.47
bbHs,9,6,15,0.6
bbHt,0,1,1,0.0
bbIB,3,4,7,0.43
bbID,1,0,1,1.0
bbIH,2,3,5,0.4
bbII,1,0,1,1.0
bbIL,2,1,3,0.67
bbIM,14,9,23,0.61
bbIN,9,4,13,0.69
bbIP,9,13,22,0.41
bbIS,5,1,6,0.83
bbIb,4,6,10,0.4
bbIh,0,1,1,0.0
bbIl,3,0,3,1.0
bbIm,2,4,6,0.33
bbIn,7,5,12,0.58
bbIs,2,5,7,0.29
bbJB,8,11,19,0.42
bbJD,0,1,1,0.0
bbJH,6,6,12,0.5
bbJI,2,0,2,1.0
bbJK,1,1,2,0.5
bbJL,7,5,12,0.58
bbJM,21,15,36,0.58
bbJN,14,13,27,0.52
bbJP,24,30,54,0.44
bbJS,12,11,23,0.52
bbJb,12,22,34,0.35
bbJh,1,1,2,0.5
bbJl,4,7,11,0.36
bbJm,14,13,27,0.52
bbJn,18,15,33,0.55
bbJs,7,8,15,0.47
bbJt,2,2,4,0.5
bbKB,6,5,11,0.55
bbKD,1,0,1,1.0
bbKH,1,1,2,0.5
bbKI,0,1,1,0.0
bbKL,1,2,3,0.33
bbKM,7,7,14,0.5
bbKN,6,3,9,0.67
bbKP,7,5,12,0.58
bbKS,3,5,8,0.38
bbKb,10,9,19,0.53
bbKh,4,5,9,0.44
bbKl,4,2,6,0.67
bbKm,6,7,13,0.46
bbKn,4,11,15,0.27
bbKs,2,3,5,0.4
bbLB,14,21,35,0.4
bbLD,4,2,6,0.67
bbLH,1,1,2,0.5
bbLK,1,1,2,0.5
bbLL,11,11,22,0.5
bbLM,35,29,64,0.55
bbLN,26,31,57,0.46
bbLP,32,33,65,0.49
bbLS,15,13,28,0.54
bbLb,18,18,36,0.5
bbLh,6,12,18,0.33
bbLj,6,4,10,0.6
bbLl,9,10,19,0.47
bbLm,16,17,33,0.48
bbLn,45,23,68,0.66
bbLs,16,15,31,0.52
bbLt,3,0,3,1.0
bbMB,63,50,113,0.56
bbMD,8,10,18,0.44
bbMH,1,1,2,0.5
bbML,25,26,51,0.49
bbMM,79,72,151,0.52
bbMN,68,66,134,0.51
bbMP,103,91,194,0.53
bbMS,42,45,87,0.48
bbMb,81,81,162,0.5
bbMh,67,60,127,0.53
bbMj,15,16,31,0.48
bbMl,23,36,59,0.39
bbMm,52,42,94,0.55
bbMn,107,92,199,0.54
bbMs,34,32,66,0.52
bbMt,8,10,18,0.44
bbNB,78,64,142,0.55
bbND,10,8,18,0.56
bbNH,12,11,23,0.52
bbNK,5,3,8,0.62
bbNL,27,29,56,0.48
bbNM,106,93,199,0.53
bbNN,105,86,191,0.55
bbNP,125,123,248,0.5
bbNS,62,68,130,0.48
bbNb,80,72,152,0.53
bbNh,35,31,66,0.53
bbNl,31,25,56,0.55
bbNm,68,51,119,0.57
bbNn,97,106,203,0.48
bbNs,50,48,98,0.51
bbNt,24,11,35,0.69
bbPB,82,91,173,0.47
bbPD,7,6,13,0.54
bbPH,16,22,38,0.42
bbPI,9,5,14,0.64
bbPK,10,4,14,0.71
bbPL,41,37,78,0.53
bbPM,103,106,209,0.49
bbPN,95,86,181,0.52
bbPP,128,117,245,0.52
bbPS,46,43,89,0.52
bbPb,104,95,199,0.52
bbPh,14,13,27,0.52
bbPl,44,34,78,0.56
bbPm,80,59,139,0.58
bbPn,115,99,214,0.54
bbPs,47,44,91,0.52
bbPt,10,10,20,0.5
bbSB,28,18,46,0.61
bbSD,3,1,4,0.75
bbSH,8,10,18,0.44
bbSI,2,0,2,1.0
bbSL,10,14,24,0.42
bbSM,40,34,74,0.54
bbSN,34,20,54,0.63
bbSP,37,44,81,0.46
bbSS,24,21,45,0.53
bbSb,26,25,51,0.51
bbSh,14,19,33,0.42
bbSl,7,12,19,0.37
bbSm,23,28,51,0.45
bbSn,41,38,79,0.52
bbSs,22,28,50,0.44
bbSt,6,4,10,0.6
bbbB,74,113,187,0.4
bbbD,10,8,18,0.56
bbbH,23,18,41,0.56
bbbI,9,8,17,0.53
bbbJ,19,14,33,0.58
bbbK,4,2,6,0.67
bbbL,27,27,54,0.5
bbbM,81,102,183,0.44
bbbN,115,88,203,0.57
bbbP,126,113,239,0.53
bbbS,33,29,62,0.53
bbbb,104,104,208,0.5
bbbl,35,19,54,0.65
bbbm,54,41,95,0.57
bbbn,81,62,143,0.57
bbbs,24,25,49,0.49
bbhI,0,0,0,
bbhM,0,1,1,0.0
bblB,17,19,36,0.47
bblD,3,1,4,0.75
bblH,13,11,24,0.54
bblI,3,3,6,0.5
bblJ,7,0,7,1.0
bblK,2,2,4,0.5
bblL,11,10,21,0.52
bblM,26,26,52,0.5
bblN,31,39,70,0.44
bblP,31,23,54,0.57
bblS,10,11,21,0.48
bblb,27,38,65,0.42
bbll,13,11,24,0.54
bblm,21,10,31,0.68
bbln,16,20,36,0.44
bbls,8,12,20,0.4
bbmB,44,45,89,0.49
bbmD,5,7,12,0.42
bbmH,33,31,64,0.52
bbmI,3,4,7,0.43
bbmJ,9,10,19,0.47
bbmK,0,1,1,0.0
bbmL,19,18,37,0.51
bbmM,52,49,101,0.51
bbmN,58,49,107,0.54
bbmP,71,59,130,0.55
bbmS,29,21,50,0.58
bbmb,66,46,112,0.59
bbml,10,14,24,0.42
bbmm,42,25,67,0.63
bbmn,49,42,91,0.54
bbms,17,10,27,0.63
bbnB,55,56,111,0.5
bbnD,5,6,11,0.45
bbnH,35,25,60,0.58
bbnI,6,6,12,0.5
bbnK,0,5,5,0.0
bbnL,26,14,40,0.65
bbnM,88,83,171,0.51
bbnN,99,94,193,0.51
bbnP,113,97,210,0.54
bbnS,30,54,84,0.36
bbnb,82,70,152,0.54
bbnh,3,4,7,0.43
bbnl,17,22,39,0.44
bbnm,54,37,91,0.59
bbnn,82,71,153,0.54
bbns,30,40,70,0.43
bbsB,19,18,37,0.51
bbsD,1,3,4,0.25
bbsH,23,29,52,0.44
bbsI,1,3,4,0.25
bbsK,0,1,1,0.0
bbsL,15,9,24,0.62
bbsM,26,37,63,0.41
bbsN,24,26,50,0.48
bbsP,36,25,61,0.59
bbsS,20,21,41,0.49
bbsb,20,24,44,0.45
bbsh,0,3,3,0.0
bbsl,10,5,15,0.67
bbsm,29,20,49,0.59
bbsn,20,23,43,0.47
bbss,19,10,29,0.66
bbtb,0,1,1,0.0
bhBm,0,1,1,0.0
bhBn,0,1,1,0.0
bhBs,1,0,1,1.0
bhDn,0,1,1,0.0
bhIb,1,0,1,1.0
bhIm,0,1,1,0.0
bhLB,1,0,1,1.0
bhMB,0,0,0,
bhML,1,1,2,0.5
bhMm,1,0,1,1.0
bhNS,0,1,1,0.0
bhPB,0,1,1,0.0
bhPM,1,1,2,0.5
bhPP,0,1,1,0.0
bhPb,0,0,0,
bhPs,1,0,1,1.0
bhSM,0,0,0,
bhSN,1,0,1,1.0
bhSP,1,0,1,1.0
bhSS,0,1,1,0.0
bhSs,0,1,1,0.0
bhbD,0,0,0,
bhbM,1,1,2,0.5
bhbN,1,0,1,1.0
bhbS,1,0,1,1.0
bhbb,2,0,2,1.0
bhbm,1,0,1,1.0
bhhM,1,0,1,1.0
bhhm,0,0,0,
bhhs,0,1,1,0.0
bhlL,0,1,1,0.0
bhll,0,0,0,
bhmB,1,0,1,1.0
bhmH,0,1,1,0.0
bhmL,0,1,1,0.0
bhmM,1,0,1,1.0
bhmN,0,2,2,0.0
bhmP,0,1,1,0.0
bhmS,1,0,1,1.0
bhmn,1,0,1,1.0
blBB,15,17,32,0.47
blBD,4,0,4,1.0
blBK,1,3,4,0.25
blBL,5,6,11,0.45
blBM,16,12,28,0.57
blBN,19,14,33,0.58
blBP,39,38,77,0.51
blBS,8,20,28,0.29
blBb,24,24,48,0.5
blBh,0,2,2,0.0
blBj,4,9,13,0.31
blBl,11,8,19,0.58
blBm,18,16,34,0.53
blBn,31,33,64,0.48
blBs,12,9,21,0.57
blBt,7,5,12,0.58
blDB,2,1,3,0.67
blDL,0,2,2,0.0
blDM,2,1,3,0.67
blDN,1,2,3,0.33
blDP,3,1,4,0.75
blDS,1,1,2,0.5
blDb,1,2,3,0.33
blDm,3,1,4,0.75
blDn,1,1,2,0.5
blDs,2,0,2,1.0
blDt,1,1,2,0.5
blHB,15,9,24,0.62
blHD,3,0,3,1.0
blHH,7,2,9,0.78
blHI,2,0,2,1.0
blHK,0,0,0,
blHL,4,7,11,0.36
blHM,19,14,33,0.58
blHN,14,11,25,0.56
blHP,14,13,27,0.52
blHS,5,7,12,0.42
blHb,11,9,20,0.55
blHh,7,6,13,0.54
blHl,6,4,10,0.6
blHm,10,10,20,0.5
blHn,15,11,26,0.58
blHs,7,10,17,0.41
blHt,0,2,2,0.0
blIB,1,3,4,0.25
blIH,1,0,1,1.0
blIL,1,0,1,1.0
blIM,5,3,8,0.62
blIN,2,2,4,0.5
blIP,3,1,4,0.75
blIS,1,1,2,0.5
blIb,6,3,9,0.67
blIl,2,0,2,1.0
blIm,3,2,5,0.6
blIn,0,0,0,
blIs,1,1,2,0.5
blJB,6,1,7,0.86
blJD,0,0,0,
blJH,3,0,3,1.0
blJI,1,0,1,1.0
blJL,4,5,9,0.44
blJM,11,6,17,0.65
blJN,6,2,8,0.75
blJP,7,4,11,0.64
blJS,2,3,5,0.4
blJb,4,7,11,0.36
blJh,3,0,3,1.0
blJl,3,6,9,0.33
blJm,4,0,4,1.0
blJn,4,3,7,0.57
blJs,2,3,5,0.4
blJt,3,0,3,1.0
blKB,1,1,2,0.5
blKK,1,1,2,0.5
blKM,4,0,4,1.0
blKN,0,1,1,0.0
blKP,3,1,4,0.75
blKb,0,2,2,0.0
blKh,1,2,3,0.33
blKm,1,1,2,0.5
blKn,1,1,2,0.5
blLB,7,9,16,0.44
blLD,1,0,1,1.0
blLK,0,1,1,0.0
blLL,4,5,9,0.44
blLM,11,9,20,0.55
blLN,9,9,18,0.5
blLP,16,13,29,0.55
blLS,11,4,15,0.73
blLb,10,6,16,0.62
blLh,4,4,8,0.5
blLj,4,1,5,0.8
blLl,2,1,3,0.67
blLm,9,9,18,0.5
blLn,16,10,26,0.62
blLs,9,4,13,0.69
blLt,0,1,1,0.0
blMB,19,12,31,0.61
blMD,3,2,5,0.6
blML,10,7,17,0.59
blMM,19,22,41,0.46
blMN,23,23,46,0.5
blMP,20,36,56,0.36
blMS,18,14,32,0.56
blMb,20,22,42,0.48
blMh,20,17,37,0.54
blMj,5,5,10,0.5
blMl,14,12,26,0.54
blMm,23,13,36,0.64
blMn,30,30,60,0.5
blMs,8,14,22,0.36
blMt,7,3,10,0.7
blNB,29,19,48,0.6
blND,2,1,3,0.67
blNH,1,7,8,0.12
blNK,0,1,1,0.0
blNL,8,12,20,0.4
blNM,29,23,52,0.56
blNN,27,33,60,0.45
blNP,46,41,87,0.53
blNS,12,16,28,0.43
blNb,29,32,61,0.48
blNh,12,8,20,0.6
blNl,18,10,28,0.64
blNm,22,24,46,0.48
blNn,42,36,78,0.54
blNs,10,17,27,0.37
blNt,4,3,7,0.57
blPB,30,26,56,0.54
blPD,1,2,3,0.33
blPH,9,7,16,0.56
blPI,5,3,8,0.62
blPK,0,3,3,0.0
blPL,20,12,32,0.62
blPM,36,36,72,0.5
blPN,32,37,69,0.46
blPP,51,52,103,0.5
blPS,18,29,47,0.38
blPb,33,31,64,0.52
blPh,3,1,4,0.75
blPl,19,6,25,0.76
blPm,26,23,49,0.53
blPn,33,29,62,0.53
blPs,15,19,34,0.44
blPt,5,4,9,0.56
blSB,11,8,19,0.58
blSD,2,0,2,1.0
blSH,5,3,8,0.62
blSI,0,0,0,
blSL,5,6,11,0.45
blSM,16,13,29,0.55
blSN,17,12,29,0.59
blSP,22,16,38,0.58
blSS,10,14,24,0.42
blSb,8,14,22,0.36
blSh,6,11,17,0.35
blSl,7,6,13,0.54
blSm,8,11,19,0.42
blSn,16,12,28,0.57
blSs,12,12,24,0.5
blSt,5,2,7,0.71
blbB,29,28,57,0.51
blbD,2,0,2,1.0
blbH,4,6,10,0.4
blbI,3,2,5,0.6
blbJ,9,5,14,0.64
blbK,2,3,5,0.4
blbL,8,18,26,0.31
blbM,21,22,43,0.49
blbN,30,36,66,0.45
blbP,40,26,66,0.61
blbS,5,11,16,0.31
blbb,45,27,72,0.62
blbl,11,12,23,0.48
blbm,17,18,35,0.49
blbn,36,27,63,0.57
blbs,14,9,23,0.61
blhP,0,0,0,
blhs,0,0,0,
bllB,11,9,20,0.55
bllD,1,1,2,0.5
bllH,2,6,8,0.25
bllI,2,1,3,0.67
bllJ,5,1,6,0.83
bllK,0,1,1,0.0
bllL,7,6,13,0.54
bllM,6,11,17,0.35
bllN,15,4,19,0.79
bllP,11,11,22,0.5
bllS,9,2,11,0.82
bllb,14,9,23,0.61
blll,0,4,4,0.0
bllm,6,5,11,0.55
blln,4,1,5,0.8
blls,4,6,10,0.4
blmB,23,20,43,0.53
blmD,0,2,2,0.0
blmH,12,12,24,0.5
blmI,3,0,3,1.0
blmJ,3,2,5,0.6
blmL,7,9,16,0.44
blmM,18,18,36,0.5
blmN,14,17,31,0.45
blmP,26,23,49,0.53
blmS,10,11,21,0.48
blmb,20,22,42,0.48
blmh,1,0,1,1.0
blml,6,4,10,0.6
blmm,9,9,18,0.5
blmn,18,19,37,0.49
blms,5,4,9,0.56
blnB,12,17,29,0.41
blnD,4,0,4,1.0
blnH,9,7,16,0.56
blnI,4,3,7,0.57
blnK,3,1,4,0.75
blnL,9,10,19,0.47
blnM,17,15,32,0.53
blnN,26,18,44,0.59
blnP,34,39,73,0.47
blnS,12,10,22,0.55
blnb,25,18,43,0.58
blnh,0,1,1,0.0
blnl,8,6,14,0.57
blnm,13,21,34,0.38
blnn,18,21,39,0.46
blns,10,13,23,0.43
blsB,11,9,20,0.55
blsD,2,4,6,0.33
blsH,7,5,12,0.58
blsI,0,0,0,
blsL,7,5,12,0.58
blsM,12,9,21,0.57
blsN,15,10,25,0.6
blsP,19,16,35,0.54
blsS,12,15,27,0.44
blsb,7,12,19,0.37
blsh,0,1,1,0.0
blsl,11,2,13,0.85
blsm,7,7,14,0.5
blsn,11,8,19,0.58
blss,8,9,17,0.47
bmBB,30,32,62,0.48
bmBD,6,4,10,0.6
bmBK,3,4,7,0.43
bmBL,16,12,28,0.57
bmBM,45,39,84,0.54
bmBN,45,71,116,0.39
bmBP,69,46,115,0.6
bmBS,26,23,49,0.53
bmBb,39,37,76,0.51
bmBh,5,8,13,0.38
bmBj,14,17,31,0.45
bmBl,24,22,46,0.52
bmBm,37,33,70,0.53
bmBn,79,71,150,0.53
bmBs,24,21,45,0.53
bmBt,8,8,16,0.5
bmDB,4,11,15,0.27
bmDD,5,1,6,0.83
bmDH,1,7,8,0.12
bmDL,1,4,5,0.2
bmDM,11,9,20,0.55
bmDN,10,13,23,0.43
bmDP,7,9,16,0.44
bmDS,5,4,9,0.56
bmDb,3,9,12,0.25
bmDh,0,0,0,
bmDl,2,0,2,1.0
bmDm,9,6,15,0.6
bmDn,4,7,11,0.36
bmDs,9,3,12,0.75
bmDt,2,0,2,1.0
bmHB,33,32,65,0.51
bmHD,3,6,9,0.33
bmHH,5,2,7,0.71
bmHI,3,3,6,0.5
bmHK,3,1,4,0.75
bmHL,15,13,28,0.54
bmHM,35,36,71,0.49
bmHN,35,31,66,0.53
bmHP,46,50,96,0.48
bmHS,23,20,43,0.53
bmHb,39,28,67,0.58
bmHh,11,16,27,0.41
bmHl,17,11,28,0.61
bmHm,38,19,57,0.67
bmHn,45,37,82,0.55
bmHs,27,20,47,0.57
bmHt,3,2,5,0.6
bmIB,6,2,8,0.75
bmIH,0,4,4,0.0
bmIL,2,1,3,0.67
bmIM,1,4,5,0.2
bmIN,7,4,11,0.64
bmIP,7,6,13,0.54
bmIS,3,3,6,0.5
bmIb,6,7,13,0.46
bmIm,1,2,3,0.33
bmIn,3,2,5,0.6
bmIs,1,0,1,1.0
bmJB,5,5,10,0.5
bmJD,2,0,2,1.0
bmJH,2,4,6,0.33
bmJK,1,1,2,0.5
bmJL,5,4,9,0.56
bmJM,3,10,13,0.23
bmJN,7,11,18,0.39
bmJP,17,10,27,0.63
bmJS,5,4,9,0.56
bmJb,17,10,27,0.63
bmJh,0,2,2,0.0
bmJl,4,4,8,0.5
bmJm,10,6,16,0.62
bmJn,11,7,18,0.61
bmJs,5,5,10,0.5
bmJt,4,0,4,1.0
bmKD,0,1,1,0.0
bmKH,0,1,1,0.0
bmKP,1,0,1,1.0
bmKS,0,1,1,0.0
bmKb,2,0,2,1.0
bmKh,1,1,2,0.5
bmKm,1,2,3,0.33
bmKs,1,0,1,1.0
bmKt,1,0,1,1.0
bmLB,18,11,29,0.62
bmLD,2,4,6,0.33
bmLI,1,0,1,1.0
bmLK,0,1,1,0.0
bmLL,4,2,6,0.67
bmLM,13,20,33,0.39
bmLN,16,21,37,0.43
bmLP,25,17,42,0.6
bmLS,9,5,14,0.64
bmLb,15,15,30,0.5
bmLh,7,9,16,0.44
bmLj,1,3,4,0.25
bmLl,9,4,13,0.69
bmLm,12,12,24,0.5
bmLn,24,24,48,0.5
bmLs,11,9,20,0.55
bmLt,2,2,4,0.5
bmMB,34,30,64,0.53
bmMD,11,4,15,0.73
bmMH,1,0,1,1.0
bmMK,0,0,0,
bmML,9,16,25,0.36
bmMM,60,58,118,0.51
bmMN,64,50,114,0.56
bmMP,58,65,123,0.47
bmMS,29,34,63,0.46
bmMb,46,42,88,0.52
bmMh,36,43,79,0.46
bmMj,18,9,27,0.67
bmMl,17,15,32,0.53
bmMm,57,54,111,0.51
bmMn,74,84,158,0.47
bmMs,37,24,61,0.61
bmMt,7,12,19,0.37
bmNB,54,47,101,0.53
bmND,5,4,9,0.56
bmNH,16,10,26,0.62
bmNI,1,0,1,1.0
bmNK,2,2,4,0.5
bmNL,14,17,31,0.45
bmNM,52,46,98,0.53
bmNN,86,73,159,0.54
bmNP,84,72,156,0.54
bmNS,43,40,83,0.52
bmNb,54,43,97,0.56
bmNh,12,13,25,0.48
bmNl,23,20,43,0.53
bmNm,53,45,98,0.54
bmNn,87,78,165,0.53
bmNs,41,31,72,0.57
bmNt,14,3,17,0.82
bmPB,49,55,104,0.47
bmPD,7,9,16,0.44
bmPH,13,17,30,0.43
bmPI,4,8,12,0.33
bmPK,5,5,10,0.5
bmPL,26,24,50,0.52
bmPM,60,78,138,0.43
bmPN,67,85,152,0.44
bmPP,92,88,180,0.51
bmPS,45,47,92,0.49
bmPb,76,63,139,0.55
bmPh,9,6,15,0.6
bmPl,24,26,50,0.48
bmPm,49,40,89,0.55
bmPn,62,58,120,0.52
bmPs,34,38,72,0.47
bmPt,3,6,9,0.33
bmSB,20,19,39,0.51
bmSD,5,4,9,0.56
bmSH,5,13,18,0.28
bmSI,1,0,1,1.0
bmSK,1,0,1,1.0
bmSL,9,5,14,0.64
bmSM,22,20,42,0.52
bmSN,30,29,59,0.51
bmSP,35,25,60,0.58
bmSS,37,24,61,0.61
bmSb,21,27,48,0.44
bmSh,21,14,35,0.6
bmSl,15,11,26,0.58
bmSm,30,31,61,0.49
bmSn,34,32,66,0.52
bmSs,30,22,52,0.58
bmSt,5,7,12,0.42
bmbB,56,65,121,0.46
bmbD,1,2,3,0.33
bmbH,7,8,15,0.47
bmbI,5,1,6,0.83
bmbJ,20,16,36,0.56
bmbK,5,7,12,0.42
bmbL,23,23,46,0.5
bmbM,61,53,114,0.54
bmbN,74,67,141,0.52
bmbP,79,69,148,0.53
bmbS,31,28,59,0.53
bmbb,72,52,124,0.58
bmbl,13,14,27,0.48
bmbm,44,28,72,0.61
bmbn,61,60,121,0.5
bmbs,16,16,32,0.5
bmhS,0,1,1,0.0
bmhm,1,0,1,1.0
bmlB,14,16,30,0.47
bmlD,2,1,3,0.67
bmlH,5,8,13,0.38
bmlI,2,4,6,0.33
bmlJ,0,5,5,0.0
bmlK,0,0,0,
bmlL,4,5,9,0.44
bmlM,12,20,32,0.38
bmlN,17,22,39,0.44
bmlP,19,13,32,0.59
bmlS,4,9,13,0.31
bmlb,22,11,33,0.67
bmll,2,5,7,0.29
bmlm,13,8,21,0.62
bmln,14,16,30,0.47
bmls,3,2,5,0.6
bmmB,51,47,98,0.52
bmmD,6,6,12,0.5
bmmH,19,18,37,0.51
bmmI,3,1,4,0.75
bmmJ,8,5,13,0.62
bmmK,2,0,2,1.0
bmmL,12,15,27,0.44
bmmM,37,45,82,0.45
bmmN,54,45,99,0.55
bmmP,48,42,90,0.53
bmmS,20,18,38,0.53
bmmb,46,47,93,0.49
bmmh,0,1,1,0.0
bmml,11,3,14,0.79
bmmm,41,25,66,0.62
bmmn,24,34,58,0.41
bmms,18,5,23,0.78
bmnB,32,37,69,0.46
bmnD,7,5,12,0.58
bmnH,24,23,47,0.51
bmnI,7,7,14,0.5
bmnK,2,2,4,0.5
bmnL,9,17,26,0.35
bmnM,44,39,83,0.53
bmnN,69,69,138,0.5
bmnP,68,71,139,0.49
bmnS,25,32,57,0.44
bmnb,54,48,102,0.53
bmnh,1,2,3,0.33
bmnl,14,10,24,0.58
bmnm,35,36,71,0.49
bmnn,54,41,95,0.57
bmns,28,30,58,0.48
bmsB,10,13,23,0.43
bmsD,5,3,8,0.62
bmsH,9,12,21,0.43
bmsI,3,1,4,0.75
bmsL,3,5,8,0.38
bmsM,17,20,37,0.46
bmsN,14,30,44,0.32
bmsP,17,20,37,0.46
bmsS,19,15,34,0.56
bmsb,22,15,37,0.59
bmsh,0,2,2,0.0
bmsl,6,5,11,0.55
bmsm,25,14,39,0.64
bmsn,14,19,33,0.42
bmss,13,15,28,0.46
bmtN,1,0,1,1.0
bmtb,1,1,2,0.5
bnBB,39,42,81,0.48
bnBD,5,3,8,0.62
bnBH,0,1,1,0.0
bnBK,1,4,5,0.2
bnBL,9,30,39,0.23
bnBM,41,54,95,0.43
bnBN,55,56,111,0.5
bnBP,68,60,128,0.53
bnBS,34,26,60,0.57
bnBb,51,44,95,0.54
bnBh,6,8,14,0.43
bnBj,16,15,31,0.52
bnBl,19,13,32,0.59
bnBm,50,33,83,0.6
bnBn,70,68,138,0.51
bnBs,29,27,56,0.52
bnBt,9,3,12,0.75
bnDB,3,6,9,0.33
bnDD,2,1,3,0.67
bnDH,12,5,17,0.71
bnDI,0,0,0,
bnDL,2,2,4,0.5
bnDM,9,3,12,0.75
bnDN,7,10,17,0.41
bnDP,12,11,23,0.52
bnDS,6,8,14,0.43
bnDb,7,3,10,0.7
bnDl,0,2,2,0.0
bnDm,13,4,17,0.76
bnDn,5,4,9,0.56
bnDs,9,4,13,0.69
bnDt,3,0,3,1.0
bnHB,24,23,47,0.51
bnHD,5,2,7,0.71
bnHH,2,7,9,0.22
bnHI,2,0,2,1.0
bnHK,1,1,2,0.5
bnHL,11,10,21,0.52
bnHM,29,30,59,0.49
bnHN,44,42,86,0.51
bnHP,46,50,96,0.48
bnHS,17,24,41,0.41
bnHb,31,26,57,0.54
bnHh,15,9,24,0.62
bnHl,13,8,21,0.62
bnHm,31,22,53,0.58
bnHn,38,36,74,0.51
bnHs,21,13,34,0.62
bnHt,5,6,11,0.45
bnIB,6,8,14,0.43
bnID,1,2,3,0.33
bnIH,4,7,11,0.36
bnII,0,1,1,0.0
bnIL,5,5,10,0.5
bnIM,6,5,11,0.55
bnIN,11,6,17,0.65
bnIP,11,2,13,0.85
bnIS,6,5,11,0.55
bnIb,9,6,15,0.6
bnIl,5,0,5,1.0
bnIm,11,8,19,0.58
bnIn,6,8,14,0.43
bnIs,7,4,11,0.64
bnIt,1,0,1,1.0
bnKB,1,1,2,0.5
bnKD,3,1,4,0.75
bnKH,1,1,2,0.5
bnKI,1,0,1,1.0
bnKK,1,1,2,0.5
bnKL,3,1,4,0.75
bnKM,3,8,11,0.27
bnKN,4,7,11,0.36
bnKP,9,10,19,0.47
bnKS,1,1,2,0.5
bnKb,2,5,7,0.29
bnKh,2,3,5,0.4
bnKl,4,2,6,0.67
bnKm,3,1,4,0.75
bnKn,3,3,6,0.5
bnKs,3,3,6,0.5
bnLB,12,10,22,0.55
bnLD,3,2,5,0.6
bnLK,0,2,2,0.0
bnLL,9,4,13,0.69
bnLM,20,22,42,0.48
bnLN,17,22,39,0.44
bnLP,23,22,45,0.51
bnLS,19,17,36,0.53
bnLb,19,21,40,0.48
bnLh,12,10,22,0.55
bnLj,8,3,11,0.73
bnLl,12,11,23,0.52
bnLm,16,16,32,0.5
bnLn,26,24,50,0.52
bnLs,13,14,27,0.48
bnLt,4,4,8,0.5
bnMB,54,45,99,0.55
bnMD,8,6,14,0.57
bnML,13,15,28,0.46
bnMM,58,60,118,0.49
bnMN,78,69,147,0.53
bnMP,77,76,153,0.5
bnMS,34,42,76,0.45
bnMb,54,58,112,0.48
bnMh,44,51,95,0.46
bnMj,22,17,39,0.56
bnMl,29,20,49,0.59
bnMm,76,43,119,0.64
bnMn,106,84,190,0.56
bnMs,35,53,88,0.4
bnMt,11,6,17,0.65
bnNB,59,58,117,0.5
bnND,5,13,18,0.28
bnNH,14,11,25,0.56
bnNI,2,1,3,0.67
bnNK,10,7,17,0.59
bnNL,25,22,47,0.53
bnNM,73,96,169,0.43
bnNN,89,89,178,0.5
bnNP,144,104,248,0.58
bnNS,79,64,143,0.55
bnNb,79,80,159,0.5
bnNh,23,34,57,0.4
bnNl,32,32,64,0.5
bnNm,70,47,117,0.6
bnNn,122,111,233,0.52
bnNs,72,59,131,0.55
bnNt,15,17,32,0.47
bnPB,79,71,150,0.53
bnPD,12,11,23,0.52
bnPH,39,34,73,0.53
bnPI,8,4,12,0.67
bnPK,9,7,16,0.56
bnPL,37,43,80,0.46
bnPM,100,107,207,0.48
bnPN,116,105,221,0.52
bnPP,167,150,317,0.53
bnPS,65,65,130,0.5
bnPb,87,91,178,0.49
bnPh,10,12,22,0.45
bnPl,39,36,75,0.52
bnPm,91,73,164,0.55
bnPn,92,85,177,0.52
bnPs,53,56,109,0.49
bnPt,11,18,29,0.38
bnSB,36,21,57,0.63
bnSD,6,3,9,0.67
bnSH,11,18,29,0.38
bnSK,2,1,3,0.67
bnSL,16,14,30,0.53
bnSM,31,45,76,0.41
bnSN,37,30,67,0.55
bnSP,44,52,96,0.46
bnSS,37,35,72,0.51
bnSb,27,39,66,0.41
bnSh,23,26,49,0.47
bnSl,6,13,19,0.32
bnSm,32,27,59,0.54
bnSn,44,57,101,0.44
bnSs,46,36,82,0.56
bnSt,10,14,24,0.42
bnbB,71,54,125,0.57
bnbD,10,5,15,0.67
bnbH,23,6,29,0.79
bnbI,4,2,6,0.67
bnbJ,18,18,36,0.5
bnbK,5,7,12,0.42
bnbL,19,26,45,0.42
bnbM,65,73,138,0.47
bnbN,102,99,201,0.51
bnbP,91,92,183,0.5
bnbS,32,35,67,0.48
bnbb,80,83,163,0.49
bnbh,1,0,1,1.0
bnbl,21,17,38,0.55
bnbm,45,46,91,0.49
bnbn,80,57,137,0.58
bnbs,27,28,55,0.49
bnhB,3,2,5,0.6
bnhD,1,0,1,1.0
bnhH,0,0,0,
bnhL,4,1,5,0.8
bnhM,4,4,8,0.5
bnhN,3,3,6,0.5
bnhP,4,4,8,0.5
bnhS,3,0,3,1.0
bnhb,9,3,12,0.75
bnhh,2,1,3,0.67
bnhl,1,3,4,0.25
bnhm,2,1,3,0.67
bnhn,3,3,6,0.5
bnhs,3,1,4,0.75
bnlB,17,16,33,0.52
bnlD,1,0,1,1.0
bnlH,7,17,24,0.29
bnlI,1,1,2,0.5
bnlJ,3,4,7,0.43
bnlK,0,1,1,0.0
bnlL,5,13,18,0.28
bnlM,25,19,44,0.57
bnlN,38,19,57,0.67
bnlP,31,30,61,0.51
bnlS,23,13,36,0.64
bnlb,31,20,51,0.61
bnlh,1,0,1,1.0
bnll,6,9,15,0.4
bnlm,21,14,35,0.6
bnln,18,18,36,0.5
bnls,8,5,13,0.62
bnmB,45,39,84,0.54
bnmD,10,11,21,0.48
bnmH,36,33,69,0.52
bnmI,4,4,8,0.5
bnmJ,13,5,18,0.72
bnmK,1,0,1,1.0
bnmL,16,18,34,0.47
bnmM,55,57,112,0.49
bnmN,63,63,126,0.5
bnmP,68,58,126,0.54
bnmS,28,36,64,0.44
bnmb,39,40,79,0.49
bnml,14,10,24,0.58
bnmm,43,26,69,0.62
bnmn,56,38,94,0.6
bnms,21,12,33,0.64
bnmt,1,0,1,1.0
bnnB,47,50,97,0.48
bnnD,9,6,15,0.6
bnnH,31,41,72,0.43
bnnI,11,5,16,0.69
bnnK,5,7,12,0.42
bnnL,22,11,33,0.67
bnnM,72,77,149,0.48
bnnN,101,94,195,0.52
bnnP,121,108,229,0.53
bnnS,46,53,99,0.46
bnnb,73,57,130,0.56
bnnh,3,3,6,0.5
bnnl,22,23,45,0.49
bnnm,62,37,99,0.63
bnnn,91,80,171,0.53
bnns,47,43,90,0.52
bnnt,1,0,1,1.0
bnsB,21,21,42,0.5
bnsD,7,7,14,0.5
bnsH,39,40,79,0.49
bnsI,2,3,5,0.4
bnsK,1,1,2,0.5
bnsL,11,4,15,0.73
bnsM,33,37,70,0.47
bnsN,41,35,76,0.54
bnsP,51,51,102,0.5
bnsS,36,30,66,0.55
bnsb,29,27,56,0.52
bnsh,1,3,4,0.25
bnsl,11,13,24,0.46
bnsm,43,27,70,0.61
bnsn,30,40,70,0.43
bnss,20,27,47,0.43
bntB,0,0,0,
bntH,0,1,1,0.0
bntm,1,0,1,1.0
bsBB,12,16,28,0.43
bsBD,0,2,2,0.0
bsBH,0,0,0,
bsBK,1,0,1,1.0
bsBL,8,13,21,0.38
bsBM,16,21,37,0.43
bsBN,18,19,37,0.49
bsBP,25,27,52,0.48
bsBS,13,14,27,0.48
bsBb,22,18,40,0.55
bsBh,3,4,7,0.43
bsBj,6,9,15,0.4
bsBl,7,4,11,0.64
bsBm,26,14,40,0.65
bsBn,29,22,51,0.57
bsBs,7,9,16,0.44
bsBt,4,1,5,0.8
bsDB,1,2,3,0.33
bsDD,3,2,5,0.6
bsDH,2,6,8,0.25
bsDI,0,0,0,
bsDL,3,2,5,0.6
bsDM,4,10,14,0.29
bsDN,5,6,11,0.45
bsDP,6,5,11,0.55
bsDS,4,4,8,0.5
bsDb,5,1,6,0.83
bsDl,2,0,2,1.0
bsDm,4,6,10,0.4
bsDn,6,3,9,0.67
bsDs,4,6,10,0.4
bsDt,1,0,1,1.0
bsHB,20,22,42,0.48
bsHD,1,4,5,0.2
bsHH,8,4,12,0.67
bsHI,2,2,4,0.5
bsHK,0,1,1,0.0
bsHL,7,10,17,0.41
bsHM,28,39,67,0.42
bsHN,26,26,52,0.5
bsHP,45,31,76,0.59
bsHS,25,21,46,0.54
bsHb,20,26,46,0.43
bsHh,12,6,18,0.67
bsHl,16,12,28,0.57
bsHm,27,17,44,0.61
bsHn,34,28,62,0.55
bsHs,27,16,43,0.63
bsHt,2,3,5,0.4
bsIB,2,3,5,0.4
bsID,2,1,3,0.67
bsIH,0,4,4,0.0
bsII,2,0,2,1.0
bsIL,2,2,4,0.5
bsIM,1,11,12,0.08
bsIN,4,1,5,0.8
bsIP,4,4,8,0.5
bsIS,5,2,7,0.71
bsIb,2,9,11,0.18
bsIh,0,1,1,0.0
bsIl,1,2,3,0.33
bsIm,3,6,9,0.33
bsIn,3,6,9,0.33
bsIs,3,1,4,0.75
bsKK,0,1,1,0.0
bsKP,0,2,2,0.0
bsKS,1,0,1,1.0
bsKb,1,1,2,0.5
bsKh,1,1,2,0.5
bsKl,0,1,1,0.0
bsKm,1,2,3,0.33
bsKn,1,1,2,0.5
bsKs,1,0,1,1.0
bsLB,12,8,20,0.6
bsLD,3,3,6,0.5
bsLH,0,2,2,0.0
bsLK,2,0,2,1.0
bsLL,0,5,5,0.0
bsLM,14,14,28,0.5
bsLN,19,16,35,0.54
bsLP,13,17,30,0.43
bsLS,8,3,11,0.73
bsLb,9,9,18,0.5
bsLh,9,8,17,0.53
bsLj,2,1,3,0.67
bsLl,5,8,13,0.38
bsLm,8,9,17,0.47
bsLn,15,11,26,0.58
bsLs,5,4,9,0.56
bsLt,0,2,2,0.0
bsMB,30,21,51,0.59
bsMD,5,4,9,0.56
bsML,10,9,19,0.53
bsMM,32,39,71,0.45
bsMN,15,25,40,0.38
bsMP,34,32,66,0.52
bsMS,21,19,40,0.52
bsMb,29,29,58,0.5
bsMh,23,23,46,0.5
bsMj,7,6,13,0.54
bsMl,10,17,27,0.37
bsMm,37,21,58,0.64
bsMn,49,25,74,0.66
bsMs,26,19,45,0.58
bsMt,3,4,7,0.43
bsNB,34,18,52,0.65
bsND,2,4,6,0.33
bsNH,9,7,16,0.56
bsNK,3,6,9,0.33
bsNL,3,8,11,0.27
bsNM,27,34,61,0.44
bsNN,58,38,96,0.6
bsNP,47,46,93,0.51
bsNS,22,26,48,0.46
bsNb,22,15,37,0.59
bsNh,7,9,16,0.44
bsNl,14,10,24,0.58
bsNm,33,23,56,0.59
bsNn,55,35,90,0.61
bsNs,25,17,42,0.6
bsNt,2,5,7,0.29
bsPB,23,36,59,0.39
bsPD,6,6,12,0.5
bsPH,9,8,17,0.53
bsPI,6,3,9,0.67
bsPK,4,2,6,0.67
bsPL,23,23,46,0.5
bsPM,37,38,75,0.49
bsPN,37,55,92,0.4
bsPP,65,48,113,0.58
bsPS,26,31,57,0.46
bsPb,38,25,63,0.6
bsPh,6,4,10,0.6
bsPl,22,13,35,0.63
bsPm,44,35,79,0.56
bsPn,37,30,67,0.55
bsPs,25,20,45,0.56
bsPt,6,8,14,0.43
bsSB,24,11,35,0.69
bsSD,1,3,4,0.25
bsSH,11,13,24,0.46
bsSI,4,1,5,0.8
bsSK,0,0,0,
bsSL,11,17,28,0.39
bsSM,19,25,44,0.43
bsSN,24,25,49,0.49
bsSP,33,44,77,0.43
bsSS,26,29,55,0.47
bsSb,24,22,46,0.52
bsSh,18,26,44,0.41
bsSl,11,10,21,0.52
bsSm,24,17,41,0.59
bsSn,23,30,53,0.43
bsSs,23,29,52,0.44
bsSt,5,7,12,0.42
bsbB,22,18,40,0.55
bsbD,7,1,8,0.88
bsbH,6,10,16,0.38
bsbI,3,1,4,0.75
bsbJ,10,11,21,0.48
bsbK,3,6,9,0.33
bsbL,15,7,22,0.68
bsbM,21,19,40,0.52
bsbN,36,29,65,0.55
bsbP,34,39,73,0.47
bsbS,19,11,30,0.63
bsbb,31,30,61,0.51
bsbl,6,14,20,0.3
bsbm,31,15,46,0.67
bsbn,31,20,51,0.61
bsbs,11,15,26,0.42
bshB,0,0,0,
bshH,0,1,1,0.0
bshM,1,1,2,0.5
bshN,0,1,1,0.0
bshP,0,2,2,0.0
bshS,1,1,2,0.5
bshb,1,0,1,1.0
bshh,1,4,5,0.2
bshl,1,0,1,1.0
bshm,5,2,7,0.71
bshn,1,2,3,0.33
bshs,0,1,1,0.0
bslB,14,11,25,0.56
bslD,0,1,1,0.0
bslH,3,6,9,0.33
bslI,1,0,1,1.0
bslJ,4,6,10,0.4
bslK,1,0,1,1.0
bslL,3,3,6,0.5
bslM,6,12,18,0.33
bslN,14,11,25,0.56
bslP,21,11,32,0.66
bslS,6,4,10,0.6
bslb,8,15,23,0.35
bsll,9,3,12,0.75
bslm,7,6,13,0.54
bsln,11,4,15,0.73
bsls,4,9,13,0.31
bsmB,26,22,48,0.54
bsmD,1,5,6,0.17
bsmH,21,20,41,0.51
bsmI,1,1,2,0.5
bsmJ,5,5,10,0.5
bsmL,12,7,19,0.63
bsmM,18,21,39,0.46
bsmN,22,30,52,0.42
bsmP,32,33,65,0.49
bsmS,14,25,39,0.36
bsmb,21,27,48,0.44
bsml,6,7,13,0.46
bsmm,18,20,38,0.47
bsmn,25,24,49,0.51
bsms,5,14,19,0.26
bsnB,14,18,32,0.44
bsnD,5,2,7,0.71
bsnH,11,17,28,0.39
bsnI,5,3,8,0.62
bsnK,2,0,2,1.0
bsnL,8,10,18,0.44
bsnM,22,20,42,0.52
bsnN,40,36,76,0.53
bsnP,50,32,82,0.61
bsnS,12,16,28,0.43
bsnb,25,16,41,0.61
bsnl,11,11,22,0.5
bsnm,15,16,31,0.48
bsnn,33,26,59,0.56
bsns,22,11,33,0.67
bssB,18,20,38,0.47
bssD,4,1,5,0.8
bssH,20,25,45,0.44
bssI,4,1,5,0.8
bssK,0,1,1,0.0
bssL,6,11,17,0.35
bssM,18,20,38,0.47
bssN,23,15,38,0.61
bssP,23,25,48,0.48
bssS,22,24,46,0.48
bssb,13,18,31,0.42
bssh,1,1,2,0.5
bssl,11,5,16,0.69
bssm,19,3,22,0.86
bssn,18,15,33,0.55
bsss,19,13,32,0.59
bstD,0,0,0,
bstM,1,0,1,1.0
bstP,0,1,1,0.0
bstS,1,1,2,0.5
bstm,0,0,0,
bstn,0,1,1,0.0
bsts,0,0,0,
btBb,1,0,1,1.0
btHM,0,1,1,0.0
btMS,0,1,1,0.0
btMl,1,0,1,1.0
btPn,0,1,1,0.0
btbN,0,1,1,0.0
btbm,1,0,1,1.0
btmB,0,0,0,
hBBB,8,13,21,0.38
hBBD,1,2,3,0.33
hBBK,1,0,1,1.0
hBBL,3,0,3,1.0
hBBM,10,12,22,0.45
hBBN,12,5,17,0.71
hBBP,16,10,26,0.62
hBBS,0,6,6,0.0
hBBb,12,16,28,0.43
hBBh,1,1,2,0.5
hBBj,3,1,4,0.75
hBBl,3,5,8,0.38
hBBm,9,8,17,0.53
hBBn,9,19,28,0.32
hBBs,7,4,11,0.64
hBBt,2,1,3,0.67
hBDB,3,3,6,0.5
hBDD,2,0,2,1.0
hBDH,2,0,2,1.0
hBDM,1,1,2,0.5
hBDN,2,2,4,0.5
hBDP,0,1,1,0.0
hBDS,0,2,2,0.0
hBDb,1,1,2,0.5
hBDm,3,1,4,0.75
hBDn,1,0,1,1.0
hBDs,2,2,4,0.5
hBDt,1,1,2,0.5
hBKB,0,1,1,0.0
hBKL,0,1,1,0.0
hBKM,0,2,2,0.0
hBKN,1,3,4,0.25
hBKP,2,2,4,0.5
hBKS,0,1,1,0.0
hBKb,3,1,4,0.75
hBKl,0,1,1,0.0
hBKm,3,1,4,0.75
hBKn,2,1,3,0.67
hBKs,0,1,1,0.0
hBKt,0,1,1,0.0
hBLB,3,6,9,0.33
hBLH,1,0,1,1.0
hBLK,0,1,1,0.0
hBLL,3,1,4,0.75
hBLM,4,3,7,0.57
hBLN,1,4,5,0.2
hBLP,2,8,10,0.2
hBLS,0,1,1,0.0
hBLb,5,2,7,0.71
hBLh,1,1,2,0.5
hBLj,1,2,3,0.33
hBLl,3,2,5,0.6
hBLm,6,1,7,0.86
hBLn,5,4,9,0.56
hBLs,1,3,4,0.25
hBLt,1,0,1,1.0
hBMB,11,12,23,0.48
hBMD,4,0,4,1.0
hBMH,0,0,0,
hBML,2,3,5,0.4
hBMM,10,11,21,0.48
hBMN,10,12,22,0.45
hBMP,8,14,22,0.36
hBMS,5,5,10,0.5
hBMb,8,9,17,0.47
hBMh,12,6,18,0.67
hBMj,2,2,4,0.5
hBMl,4,4,8,0.5
hBMm,16,12,28,0.57
hBMn,13,15,28,0.46
hBMs,4,4,8,0.5
hBMt,1,1,2,0.5
hBNB,7,16,23,0.3
hBND,4,0,4,1.0
hBNH,0,1,1,0.0
hBNK,2,1,3,0.67
hBNL,2,6,8,0.25
hBNM,9,12,21,0.43
hBNN,5,15,20,0.25
hBNP,12,7,19,0.63
hBNS,8,8,16,0.5
hBNb,8,15,23,0.35
hBNh,5,3,8,0.62
hBNl,2,6,8,0.25
hBNm,8,17,25,0.32
hBNn,21,12,33,0.64
hBNs,7,5,12,0.58
hBNt,5,2,7,0.71
hBPB,8,13,21,0.38
hBPD,2,2,4,0.5
hBPH,4,3,7,0.57
hBPI,2,3,5,0.4
hBPK,0,1,1,0.0
hBPL,4,4,8,0.5
hBPM,10,17,27,0.37
hBPN,14,12,26,0.54
hBPP,20,22,42,0.48
hBPS,7,12,19,0.37
hBPb,17,15,32,0.53
hBPh,2,0,2,1.0
hBPl,8,3,11,0.73
hBPm,16,14,30,0.53
hBPn,10,17,27,0.37
hBPs,9,6,15,0.6
hBPt,0,1,1,0.0
hBSB,4,1,5,0.8
hBSD,0,0,0,
hBSH,2,5,7,0.29
hBSL,1,2,3,0.33
hBSM,8,4,12,0.67
hBSN,7,4,11,0.64
hBSP,11,12,23,0.48
hBSS,7,5,12,0.58
hBSb,3,11,14,0.21
hBSh,4,2,6,0.67
hBSl,2,4,6,0.33
hBSm,6,3,9,0.67
hBSn,8,8,16,0.5
hBSs,3,1,4,0.75
hBSt,1,1,2,0.5
hBbB,7,14,21,0.33
hBbD,0,1,1,0.0
hBbH,3,1,4,0.75
hBbI,1,0,1,1.0
hBbJ,3,2,5,0.6
hBbK,0,2,2,0.0
hBbL,8,5,13,0.62
hBbM,13,12,25,0.52
hBbN,14,16,30,0.47
hBbP,18,16,34,0.53
hBbS,7,7,14,0.5
hBbb,9,6,15,0.6
hBbl,4,5,9,0.44
hBbm,8,9,17,0.47
hBbn,10,16,26,0.38
hBbs,5,11,16,0.31
hBhB,2,2,4,0.5
hBhH,0,0,0,
hBhM,1,1,2,0.5
hBhN,0,2,2,0.0
hBhP,2,2,4,0.5
hBhS,0,1,1,0.0
hBhb,2,3,5,0.4
hBhl,1,1,2,0.5
hBhm,2,2,4,0.5
hBhn,2,4,6,0.33
hBhs,0,2,2,0.0
hBjB,2,2,4,0.5
hBjD,1,0,1,1.0
hBjH,1,1,2,0.5
hBjI,1,0,1,1.0
hBjK,1,0,1,1.0
hBjL,0,4,4,0.0
hBjM,4,4,8,0.5
hBjN,2,2,4,0.5
hBjP,4,4,8,0.5
hBjS,2,4,6,0.33
hBjb,5,2,7,0.71
hBjh,1,3,4,0.25
hBjl,2,1,3,0.67
hBjm,3,1,4,0.75
hBjn,3,3,6,0.5
hBjs,2,4,6,0.33
hBjt,1,1,2,0.5
hBlB,2,1,3,0.67
hBlD,1,0,1,1.0
hBlH,1,6,7,0.14
hBlJ,1,2,3,0.33
hBlL,1,3,4,0.25
hBlM,3,4,7,0.43
hBlN,3,8,11,0.27
hBlP,5,3,8,0.62
hBlS,5,2,7,0.71
hBlb,3,4,7,0.43
hBll,2,3,5,0.4
hBlm,2,2,4,0.5
hBln,3,5,8,0.38
hBls,1,2,3,0.33
hBmB,8,10,18,0.44
hBmD,3,1,4,0.75
hBmH,13,8,21,0.62
hBmI,1,0,1,1.0
hBmJ,4,2,6,0.67
hBmL,1,2,3,0.33
hBmM,10,10,20,0.5
hBmN,18,12,30,0.6
hBmP,13,20,33,0.39
hBmS,4,5,9,0.44
hBmb,12,7,19,0.63
hBml,7,4,11,0.64
hBmm,15,12,27,0.56
hBmn,17,8,25,0.68
hBms,2,3,5,0.4
hBnB,10,8,18,0.56
hBnD,1,1,2,0.5
hBnH,3,5,8,0.38
hBnI,0,2,2,0.0
hBnK,2,2,4,0.5
hBnL,7,5,12,0.58
hBnM,12,14,26,0.46
hBnN,16,16,32,0.5
hBnP,25,24,49,0.51
hBnS,5,13,18,0.28
hBnb,16,7,23,0.7
hBnh,1,0,1,1.0
hBnl,5,6,11,0.45
hBnm,14,10,24,0.58
hBnn,14,13,27,0.52
hBns,15,10,25,0.6
hBsB,5,5,10,0.5
hBsD,1,0,1,1.0
hBsH,2,6,8,0.25
hBsI,2,1,3,0.67
hBsL,2,5,7,0.29
hBsM,3,4,7,0.43
hBsN,9,5,14,0.64
hBsP,11,8,19,0.58
hBsS,6,7,13,0.46
hBsb,5,3,8,0.62
hBsh,1,1,2,0.5
hBsl,2,1,3,0.67
hBsm,9,2,11,0.82
hBsn,8,5,13,0.62
hBss,2,9,11,0.18
hBtB,1,0,1,1.0
hBtH,2,2,4,0.5
hBtK,1,0,1,1.0
hBtM,1,2,3,0.33
hBtN,4,2,6,0.67
hBtP,3,1,4,0.75
hBtS,2,2,4,0.5
hBtb,3,2,5,0.6
hBtl,0,1,1,0.0
hBtn,1,2,3,0.33
hBts,0,1,1,0.0
hDBB,0,1,1,0.0
hDBD,0,0,0,
hDBL,0,1,1,0.0
hDBM,2,1,3,0.67
hDBN,0,1,1,0.0
hDBP,1,0,1,1.0
hDBS,1,1,2,0.5
hDBb,1,0,1,1.0
hDBh,1,0,1,1.0
hDBl,1,0,1,1.0
hDBm,1,2,3,0.33
hDBn,2,2,4,0.5
hDDB,0,0,0,
hDDD,0,1,1,0.0
hDDH,1,0,1,1.0
hDDM,0,1,1,0.0
hDDN,0,1,1,0.0
hDDS,0,2,2,0.0
hDDm,1,1,2,0.5
hDDn,1,0,1,1.0
hDDs,1,0,1,1.0
hDDt,0,0,0,
hDHB,1,1,2,0.5
hDHD,0,0,0,
hDHL,0,2,2,0.0
hDHM,2,4,6,0.33
hDHN,1,1,2,0.5
hDHP,3,1,4,0.75
hDHS,1,2,3,0.33
hDHb,4,4,8,0.5
hDHh,3,0,3,1.0
hDHm,1,0,1,1.0
hDHn,2,2,4,0.5
hDHs,1,1,2,0.5
hDHt,1,0,1,1.0
hDIL,0,1,1,0.0
hDIm,0,1,1,0.0
hDIn,0,1,1,0.0
hDKP,0,0,0,
hDLB,2,0,2,1.0
hDLD,0,1,1,0.0
hDLM,1,0,1,1.0
hDLP,1,0,1,1.0
hDLS,0,2,2,0.0
hDLb,0,1,1,0.0
hDLh,0,1,1,0.0
hDLl,1,0,1,1.0
hDLm,1,0,1,1.0
hDLn,0,1,1,0.0
hDLs,2,0,2,1.0
hDMB,3,1,4,0.75
hDMD,0,1,1,0.0
hDMM,2,3,5,0.4
hDMN,2,2,4,0.5
hDMS,2,3,5,0.4
hDMb,2,1,3,0.67
hDMh,0,1,1,0.0
hDMj,1,0,1,1.0
hDMl,0,1,1,0.0
hDMm,3,3,6,0.5
hDMn,3,4,7,0.43
hDMs,1,3,4,0.25
hDNB,3,1,4,0.75
hDNH,0,1,1,0.0
hDNL,0,2,2,0.0
hDNM,1,0,1,1.0
hDNN,1,0,1,1.0
hDNP,1,4,5,0.2
hDNS,2,0,2,1.0
hDNb,1,0,1,1.0
hDNl,0,1,1,0.0
hDNm,4,2,6,0.67
hDNn,2,2,4,0.5
hDNs,0,1,1,0.0
hDPB,1,1,2,0.5
hDPH,1,1,2,0.5
hDPI,0,0,0,
hDPK,0,1,1,0.0
hDPL,1,0,1,1.0
hDPM,0,2,2,0.0
hDPN,1,3,4,0.25
hDPP,3,1,4,0.75
hDPS,1,1,2,0.5
hDPb,3,2,5,0.6
hDPl,1,4,5,0.2
hDPm,2,3,5,0.4
hDPn,2,0,2,1.0
hDPs,1,3,4,0.25
hDPt,0,0,0,
hDSB,0,1,1,0.0
hDSD,0,3,3,0.0
hDSH,2,1,3,0.67
hDSM,3,3,6,0.5
hDSN,1,0,1,1.0
hDSP,0,0,0,
hDSS,3,0,3,1.0
hDSb,2,3,5,0.4
hDSh,1,1,2,0.5
hDSl,1,0,1,1.0
hDSm,1,1,2,0.5
hDSn,0,1,1,0.0
hDSs,4,1,5,0.8
hDbB,3,1,4,0.75
hDbD,0,1,1,0.0
hDbI,0,0,0,
hDbK,0,1,1,0.0
hDbL,1,0,1,1.0
hDbM,3,0,3,1.0
hDbN,4,0,4,1.0
hDbP,1,2,3,0.33
hDbS,1,0,1,1.0
hDbb,4,0,4,1.0
hDbl,0,1,1,0.0
hDbm,1,1,2,0.5
hDbn,0,4,4,0.0
hDhH,1,0,1,1.0
hDhN,0,0,0,
hDhP,1,0,1,1.0
hDhm,1,0,1,1.0
hDlB,1,0,1,1.0
hDlH,1,0,1,1.0
hDlJ,0,1,1,0.0
hDlL,1,0,1,1.0
hDlM,0,1,1,0.0
hDlN,1,0,1,1.0
hDlS,0,3,3,0.0
hDlb,0,1,1,0.0
hDlm,0,1,1,0.0
hDln,0,0,0,
hDmB,0,5,5,0.0
hDmD,0,2,2,0.0
hDmH,2,2,4,0.5
hDmL,0,1,1,0.0
hDmM,4,3,7,0.57
hDmN,1,3,4,0.25
hDmP,1,0,1,1.0
hDmS,2,2,4,0.5
hDmb,3,1,4,0.75
hDml,0,1,1,0.0
hDmm,0,4,4,0.0
hDmn,3,0,3,1.0
hDms,1,3,4,0.25
hDnB,1,1,2,0.5
hDnH,0,1,1,0.0
hDnL,1,0,1,1.0
hDnM,0,3,3,0.0
hDnN,0,3,3,0.0
hDnP,3,0,3,1.0
hDnS,3,1,4,0.75
hDnb,0,3,3,0.0
hDnl,1,0,1,1.0
hDnm,0,3,3,0.0
hDnn,2,0,2,1.0
hDns,1,0,1,1.0
hDsB,1,1,2,0.5
hDsD,0,1,1,0.0
hDsH,1,3,4,0.25
hDsI,1,0,1,1.0
hDsL,1,1,2,0.5
hDsM,2,4,6,0.33
hDsN,2,1,3,0.67
hDsP,0,1,1,0.0
hDsS,2,0,2,1.0
hDsl,0,1,1,0.0
hDsm,3,2,5,0.6
hDsn,2,6,8,0.25
hDss,0,0,0,
hDtD,1,0,1,1.0
hDtM,0,1,1,0.0
hDtb,1,1,2,0.5
hDts,0,0,0,
hHBB,2,3,5,0.4
hHBK,0,0,0,
hHBL,0,1,1,0.0
hHBM,2,1,3,0.67
hHBN,3,1,4,0.75
hHBP,5,3,8,0.62
hHBS,1,3,4,0.25
hHBb,3,2,5,0.6
hHBj,3,0,3,1.0
hHBl,0,1,1,0.0
hHBm,2,2,4,0.5
hHBn,4,1,5,0.8
hHBt,3,0,3,1.0
hHDB,1,0,1,1.0
hHDD,2,0,2,1.0
hHDH,1,0,1,1.0
hHDS,1,0,1,1.0
hHDb,1,0,1,1.0
hHHB,0,1,1,0.0
hHHD,0,1,1,0.0
hHHH,1,0,1,1.0
hHHK,1,0,1,1.0
hHHM,2,0,2,1.0
hHHN,2,1,3,0.67
hHHP,1,0,1,1.0
hHHS,1,1,2,0.5
hHHb,0,2,2,0.0
hHHh,0,1,1,0.0
hHHm,0,0,0,
hHHn,2,1,3,0.67
hHHs,0,1,1,0.0
hHIL,0,0,0,
hHIM,0,0,0,
hHIP,1,0,1,1.0
hHIS,1,0,1,1.0
hHIb,0,1,1,0.0
hHIn,0,1,1,0.0
hHKB,1,0,1,1.0
hHKP,1,0,1,1.0
hHKS,1,0,1,1.0
hHKb,1,0,1,1.0
hHKn,0,2,2,0.0
hHKs,0,2,2,0.0
hHLB,2,3,5,0.4
hHLL,0,1,1,0.0
hHLM,0,1,1,0.0
hHLP,1,1,2,0.5
hHLS,2,0,2,1.0
hHLb,0,0,0,
hHLj,1,0,1,1.0
hHLm,1,1,2,0.5
hHLn,0,1,1,0.0
hHMB,2,1,3,0.67
hHML,0,2,2,0.0
hHMM,5,1,6,0.83
hHMN,4,3,7,0.57
hHMP,0,4,4,0.0
hHMS,1,4,5,0.2
hHMb,5,3,8,0.62
hHMh,3,2,5,0.6
hHMj,0,0,0,
hHMl,1,2,3,0.33
hHMm,3,1,4,0.75
hHMn,5,8,13,0.38
hHMs,2,2,4,0.5
hHMt,1,2,3,0.33
hHNB,4,4,8,0.5
hHNH,0,1,1,0.0
hHNM,3,3,6,0.5
hHNN,4,4,8,0.5
hHNP,2,4,6,0.33
hHNS,2,4,6,0.33
hHNb,1,4,5,0.2
hHNh,1,4,5,0.2
hHNl,2,1,3,0.67
hHNm,3,1,4,0.75
hHNn,4,3,7,0.57
hHNs,4,4,8,0.5
hHPB,2,4,6,0.33
hHPD,1,0,1,1.0
hHPH,1,1,2,0.5
hHPI,2,0,2,1.0
hHPK,1,2,3,0.33
hHPL,3,1,4,0.75
hHPM,5,1,6,0.83
hHPN,3,7,10,0.3
hHPP,4,7,11,0.36
hHPS,6,3,9,0.67
hHPb,3,1,4,0.75
hHPh,1,0,1,1.0
hHPl,2,1,3,0.67
hHPm,2,3,5,0.4
hHPn,3,6,9,0.33
hHPs,5,5,10,0.5
hHPt,0,0,0,
hHSB,3,2,5,0.6
hHSD,0,0,0,
hHSH,0,0,0,
hHSK,1,0,1,1.0
hHSM,3,2,5,0.6
hHSN,2,2,4,0.5
hHSP,2,6,8,0.25
hHSS,7,6,13,0.54
hHSb,2,5,7,0.29
hHSh,0,5,5,0.0
hHSl,2,2,4,0.5
hHSm,6,4,10,0.6
hHSn,1,1,2,0.5
hHSs,3,3,6,0.5
hHSt,1,0,1,1.0
hHbB,4,3,7,0.57
hHbD,0,0,0,
hHbH,2,0,2,1.0
hHbJ,0,1,1,0.0
hHbK,2,0,2,1.0
hHbL,2,1,3,0.67
hHbM,3,0,3,1.0
hHbN,4,3,7,0.57
hHbP,5,3,8,0.62
hHbS,2,5,7,0.29
hHbb,3,1,4,0.75
hHbl,0,1,1,0.0
hHbm,4,4,8,0.5
hHbn,1,2,3,0.33
hHbs,2,0,2,1.0
hHhD,0,0,0,
hHhH,1,0,1,1.0
hHhI,1,0,1,1.0
hHhL,0,0,0,
hHhM,3,0,3,1.0
hHhN,4,3,7,0.57
hHhP,0,2,2,0.0
hHhS,1,2,3,0.33
hHhb,2,3,5,0.4
hHhh,1,1,2,0.5
hHhl,0,1,1,0.0
hHhm,1,2,3,0.33
hHhn,1,1,2,0.5
hHhs,1,1,2,0.5
hHlB,2,3,5,0.4
hHlD,0,1,1,0.0
hHlH,1,0,1,1.0
hHlK,0,2,2,0.0
hHlL,0,1,1,0.0
hHlM,3,1,4,0.75
hHlN,3,3,6,0.5
hHlP,3,1,4,0.75
hHlS,1,0,1,1.0
hHlb,1,2,3,0.33
hHll,2,0,2,1.0
hHlm,0,2,2,0.0
hHln,2,0,2,1.0
hHls,0,1,1,0.0
hHmB,1,1,2,0.5
hHmH,2,2,4,0.5
hHmJ,0,2,2,0.0
hHmL,0,0,0,
hHmM,5,3,8,0.62
hHmN,4,1,5,0.8
hHmP,0,3,3,0.0
hHmS,2,3,5,0.4
hHmb,2,2,4,0.5
hHml,1,0,1,1.0
hHmm,3,4,7,0.43
hHmn,2,1,3,0.67
hHms,2,2,4,0.5
hHnB,2,3,5,0.4
hHnH,3,0,3,1.0
hHnI,2,0,2,1.0
hHnK,2,0,2,1.0
hHnM,3,4,7,0.43
hHnN,2,2,4,0.5
hHnP,2,6,8,0.25
hHnS,7,4,11,0.64
hHnb,8,6,14,0.57
hHnh,0,1,1,0.0
hHnl,2,0,2,1.0
hHnm,1,8,9,0.11
hHnn,2,6,8,0.25
hHns,4,1,5,0.8
hHsB,3,1,4,0.75
hHsH,0,3,3,0.0
hHsI,2,1,3,0.67
hHsL,0,1,1,0.0
hHsM,2,4,6,0.33
hHsN,6,1,7,0.86
hHsP,5,2,7,0.71
hHsS,0,4,4,0.0
hHsb,2,6,8,0.25
hHsl,2,1,3,0.67
hHsm,2,2,4,0.5
hHsn,6,4,10,0.6
hHss,2,1,3,0.67
hHtH,1,0,1,1.0
hHtM,0,1,1,0.0
hIBB,0,1,1,0.0
hIBL,0,0,0,
hIBN,0,0,0,
hIBP,1,1,2,0.5
hIBS,1,1,2,0.5
hIBb,0,1,1,0.0
hIBj,1,0,1,1.0
hIBn,0,1,1,0.0
hIBs,1,0,1,1.0
hIDM,0,1,1,0.0
hIDN,1,0,1,1.0
hIDb,0,1,1,0.0
hIHD,0,1,1,0.0
hIHH,1,0,1,1.0
hIHI,0,0,0,
hIHK,1,0,1,1.0
hIHL,0,1,1,0.0
hIHM,2,0,2,1.0
hIHN,0,1,1,0.0
hIHP,2,0,2,1.0
hIHS,2,1,3,0.67
hIHb,2,1,3,0.67
hIHh,1,0,1,1.0
hIHm,2,0,2,1.0
hIHn,0,0,0,
hIHs,0,0,0,
hIIS,1,0,1,1.0
hIIm,1,0,1,1.0
hIIn,1,1,2,0.5
hIKN,1,0,1,1.0
hILB,0,1,1,0.0
hILS,0,0,0,
hILh,0,0,0,
hILl,1,0,1,1.0
hILn,1,0,1,1.0
hILs,0,1,1,0.0
hIMB,1,1,2,0.5
hIML,1,1,2,0.5
hIMM,0,0,0,
hIMN,0,1,1,0.0
hIMS,1,0,1,1.0
hIMb,1,0,1,1.0
hIMh,1,0,1,1.0
hIMj,0,0,0,
hIMl,1,0,1,1.0
hIMm,3,1,4,0.75
hIMn,3,2,5,0.6
hIMs,1,0,1,1.0
hINB,0,1,1,0.0
hINH,0,1,1,0.0
hINK,0,1,1,0.0
hINL,1,0,1,1.0
hINM,1,0,1,1.0
hINN,1,1,2,0.5
hINP,0,1,1,0.0
hINS,2,0,2,1.0
hINb,1,2,3,0.33
hINh,1,0,1,1.0
hINm,0,0,0,
hINn,1,1,2,0.5
hINs,0,1,1,0.0
hIPB,1,1,2,0.5
hIPH,1,0,1,1.0
hIPM,0,1,1,0.0
hIPN,3,1,4,0.75
hIPP,2,1,3,0.67
hIPS,0,0,0,
hIPb,2,0,2,1.0
hIPh,0,1,1,0.0
hIPl,0,1,1,0.0
hIPm,1,2,3,0.33
hIPn,1,2,3,0.33
hIPs,0,0,0,
hIPt,2,0,2,1.0
hISB,0,1,1,0.0
hISH,1,0,1,1.0
hISL,0,1,1,0.0
hISM,2,0,2,1.0
hISN,1,1,2,0.5
hISP,0,1,1,0.0
hISS,2,1,3,0.67
hISh,1,0,1,1.0
hISl,1,1,2,0.5
hISm,1,1,2,0.5
hIbM,1,0,1,1.0
hIbN,1,0,1,1.0
hIbP,0,1,1,0.0
hIbS,1,0,1,1.0
hIbb,1,0,1,1.0
hIbl,0,2,2,0.0
hIbn,0,1,1,0.0
hIbs,1,1,2,0.5
hIhL,0,1,1,0.0
hIlD,1,0,1,1.0
hIlH,0,1,1,0.0
hIlK,1,0,1,1.0
hIlL,1,0,1,1.0
hIlM,1,1,2,0.5
hIlb,1,1,2,0.5
hIlm,2,0,2,1.0
hIln,0,0,0,
hImB,0,1,1,0.0
hImD,1,0,1,1.0
hImH,0,1,1,0.0
hImM,1,0,1,1.0
hImN,0,0,0,
hImb,2,0,2,1.0
hImm,2,0,2,1.0
hImn,1,1,2,0.5
hIms,0,1,1,0.0
hInB,1,1,2,0.5
hInD,1,0,1,1.0
hInH,0,1,1,0.0
hInM,1,1,2,0.5
hInN,1,2,3,0.33
hInP,2,0,2,1.0
hInS,1,1,2,0.5
hInb,1,0,1,1.0
hInm,3,1,4,0.75
hInn,1,0,1,1.0
hIsB,2,0,2,1.0
hIsL,0,1,1,0.0
hIsM,1,1,2,0.5
hIsN,1,1,2,0.5
hIsP,0,1,1,0.0
hIsS,1,1,2,0.5
hIsb,1,0,1,1.0
hIsl,2,0,2,1.0
hIsm,0,0,0,
hIsn,0,3,3,0.0
hIss,0,2,2,0.0
hItN,1,0,1,1.0
hItP,0,0,0,
hItS,0,0,0,
hKBj,0,2,2,0.0
hKBs,1,0,1,1.0
hKDB,0,1,1,0.0
hKDb,0,1,1,0.0
hKIH,0,1,1,0.0
hKLB,0,1,1,0.0
hKLS,0,1,1,0.0
hKLb,1,1,2,0.5
hKLn,0,1,1,0.0
hKLs,0,0,0,
hKMB,0,0,0,
hKMN,0,1,1,0.0
hKMP,1,0,1,1.0
hKMb,1,2,3,0.33
hKMh,1,0,1,1.0
hKMm,1,0,1,1.0
hKMn,0,1,1,0.0
hKNB,2,0,2,1.0
hKNM,1,0,1,1.0
hKNN,0,1,1,0.0
hKNS,0,1,1,0.0
hKNl,1,1,2,0.5
hKNm,1,1,2,0.5
hKNn,0,0,0,
hKNs,0,1,1,0.0
hKPB,0,1,1,0.0
hKPI,0,0,0,
hKPL,1,0,1,1.0
hKPP,1,0,1,1.0
hKSH,1,0,1,1.0
hKSP,3,0,3,1.0
hKSS,1,0,1,1.0
hKSb,0,0,0,
hKSh,0,0,0,
hKSm,0,1,1,0.0
hKSn,0,0,0,
hKSs,0,0,0,
hKbH,1,0,1,1.0
hKbM,1,0,1,1.0
hKbN,0,0,0,
hKbl,1,0,1,1.0
hKbm,0,1,1,0.0
hKbn,1,0,1,1.0
hKhP,0,1,1,0.0
hKhS,1,0,1,1.0
hKhh,1,1,2,0.5
hKhl,1,0,1,1.0
hKhn,0,2,2,0.0
hKhs,0,1,1,0.0
hKlJ,0,1,1,0.0
hKlK,0,1,1,0.0
hKlL,1,0,1,1.0
hKlM,1,0,1,1.0
hKmB,0,1,1,0.0
hKmN,0,0,0,
hKmS,2,0,2,1.0
hKmb,0,1,1,0.0
hKmn,0,0,0,
hKms,1,0,1,1.0
hKnL,1,0,1,1.0
hKnP,0,1,1,0.0
hKnb,1,0,1,1.0
hKnm,3,0,3,1.0
hKsH,1,1,2,0.5
hKsM,1,0,1,1.0
hKsP,2,1,3,0.67
hKsb,1,0,1,1.0
hKsn,0,1,1,0.0
hKss,0,1,1,0.0
hKtN,0,1,1,0.0
hKtt,1,0,1,1.0
hLBB,8,10,18,0.44
hLBD,0,1,1,0.0
hLBK,1,0,1,1.0
hLBL,2,1,3,0.67
hLBM,1,3,4,0.25
hLBN,7,5,12,0.58
hLBP,6,5,11,0.55
hLBS,0,2,2,0.0
hLBb,4,3,7,0.57
hLBh,1,1,2,0.5
hLBj,0,3,3,0.0
hLBl,1,2,3,0.33
hLBm,3,2,5,0.6
hLBn,5,3,8,0.62
hLBs,2,3,5,0.4
hLBt,0,1,1,0.0
hLDB,0,1,1,0.0
hLDH,0,1,1,0.0
hLDL,1,0,1,1.0
hLDm,1,1,2,0.5
hLDs,0,1,1,0.0
hLHP,0,1,1,0.0
hLHS,0,1,1,0.0
hLID,0,0,0,
hLKB,0,1,1,0.0
hLKI,0,1,1,0.0
hLKM,1,0,1,1.0
hLKb,1,0,1,1.0
hLKh,0,1,1,0.0
hLKm,1,0,1,1.0
hLKs,2,0,2,1.0
hLLB,0,1,1,0.0
hLLD,1,1,2,0.5
hLLL,3,1,4,0.75
hLLM,2,1,3,0.67
hLLN,1,3,4,0.25
hLLP,3,2,5,0.6
hLLS,0,1,1,0.0
hLLb,4,4,8,0.5
hLLj,0,1,1,0.0
hLLl,2,2,4,0.5
hLLm,2,1,3,0.67
hLLn,6,4,10,0.6
hLLs,0,2,2,0.0
hLMB,4,3,7,0.57
hLMD,1,1,2,0.5
hLMK,2,0,2,1.0
hLML,4,4,8,0.5
hLMM,4,6,10,0.4
hLMN,2,3,5,0.4
hLMP,7,7,14,0.5
hLMS,2,2,4,0.5
hLMb,7,5,12,0.58
hLMh,5,7,12,0.42
hLMj,1,0,1,1.0
hLMl,1,1,2,0.5
hLMm,7,4,11,0.64
hLMn,6,4,10,0.6
hLMs,3,5,8,0.38
hLMt,3,1,4,0.75
hLNB,4,4,8,0.5
hLND,1,1,2,0.5
hLNH,1,0,1,1.0
hLNL,3,0,3,1.0
hLNM,2,7,9,0.22
hLNN,1,3,4,0.25
hLNP,4,7,11,0.36
hLNS,2,3,5,0.4
hLNb,7,4,11,0.64
hLNh,4,0,4,1.0
hLNl,5,0,5,1.0
hLNm,4,0,4,1.0
hLNn,7,6,13,0.54
hLNs,2,1,3,0.67
hLNt,2,1,3,0.67
hLPB,8,3,11,0.73
hLPD,2,0,2,1.0
hLPH,2,0,2,1.0
hLPK,0,2,2,0.0
hLPL,6,2,8,0.75
hLPM,4,8,12,0.33
hLPN,10,9,19,0.53
hLPP,5,10,15,0.33
hLPS,3,5,8,0.38
hLPb,5,8,13,0.38
hLPh,0,1,1,0.0
hLPl,2,5,7,0.29
hLPm,6,5,11,0.55
hLPn,5,7,12,0.42
hLPs,3,6,9,0.33
hLPt,4,0,4,1.0
hLSB,2,2,4,0.5
hLSD,0,0,0,
hLSH,1,0,1,1.0
hLSM,1,5,6,0.17
hLSN,2,2,4,0.5
hLSP,5,2,7,0.71
hLSS,4,4,8,0.5
hLSb,2,3,5,0.4
hLSh,1,2,3,0.33
hLSl,1,2,3,0.33
hLSm,3,2,5,0.6
hLSn,3,4,7,0.43
hLSs,4,2,6,0.67
hLSt,1,2,3,0.33
hLbB,9,6,15,0.6
hLbJ,1,3,4,0.25
hLbK,3,1,4,0.75
hLbL,2,0,2,1.0
hLbM,7,5,12,0.58
hLbN,6,7,13,0.46
hLbP,6,4,10,0.6
hLbS,4,5,9,0.44
hLbb,3,8,11,0.27
hLbl,4,2,6,0.67
hLbm,4,2,6,0.67
hLbn,4,4,8,0.5
hLbs,4,3,7,0.57
hLhB,1,3,4,0.25
hLhH,0,1,1,0.0
hLhI,0,1,1,0.0
hLhL,0,1,1,0.0
hLhM,2,1,3,0.67
hLhN,5,1,6,0.83
hLhP,5,3,8,0.62
hLhS,2,1,3,0.67
hLhb,4,1,5,0.8
hLhh,3,2,5,0.6
hLhl,1,1,2,0.5
hLhm,2,1,3,0.67
hLhn,2,4,6,0.33
hLhs,1,5,6,0.17
hLht,0,2,2,0.0
hLjB,0,1,1,0.0
hLjH,1,0,1,1.0
hLjL,0,2,2,0.0
hLjM,1,2,3,0.33
hLjN,4,0,4,1.0
hLjP,5,3,8,0.62
hLjb,2,0,2,1.0
hLjh,1,0,1,1.0
hLjl,0,1,1,0.0
hLjm,0,2,2,0.0
hLjn,2,1,3,0.67
hLjs,2,2,4,0.5
hLlB,5,1,6,0.83
hLlH,2,1,3,0.67
hLlI,1,0,1,1.0
hLlJ,2,1,3,0.67
hLlK,0,0,0,
hLlL,0,2,2,0.0
hLlM,1,2,3,0.33
hLlN,1,4,5,0.2
hLlP,2,1,3,0.67
hLlS,1,2,3,0.33
hLlb,3,4,7,0.43
hLll,1,2,3,0.33
hLlm,2,0,2,1.0
hLln,0,1,1,0.0
hLls,0,2,2,0.0
hLmB,2,5,7,0.29
hLmD,0,1,1,0.0
hLmH,2,2,4,0.5
hLmI,0,1,1,0.0
hLmJ,0,2,2,0.0
hLmK,1,1,2,0.5
hLmL,1,0,1,1.0
hLmM,3,7,10,0.3
hLmN,4,4,8,0.5
hLmP,5,7,12,0.42
hLmS,4,3,7,0.57
hLmb,4,6,10,0.4
hLml,1,2,3,0.33
hLmm,5,5,10,0.5
hLmn,4,4,8,0.5
hLms,3,5,8,0.38
hLnB,2,7,9,0.22
hLnH,4,2,6,0.67
hLnI,1,1,2,0.5
hLnK,1,0,1,1.0
hLnL,4,1,5,0.8
hLnM,9,3,12,0.75
hLnN,14,6,20,0.7
hLnP,8,6,14,0.57
hLnS,2,8,10,0.2
hLnb,6,4,10,0.6
hLnh,1,0,1,1.0
hLnl,0,5,5,0.0
hLnm,9,7,16,0.56
hLnn,4,5,9,0.44
hLns,4,7,11,0.36
hLsB,0,5,5,0.0
hLsD,0,1,1,0.0
hLsH,4,3,7,0.57
hLsI,1,0,1,1.0
hLsL,1,0,1,1.0
hLsM,3,2,5,0.6
hLsN,4,7,11,0.36
hLsP,5,4,9,0.56
hLsS,7,3,10,0.7
hLsb,1,2,3,0.33
hLsl,2,1,3,0.67
hLsm,3,0,3,1.0
hLsn,3,2,5,0.6
hLss,3,2,5,0.6
hLtB,0,3,3,0.0
hLtH,1,1,2,0.5
hLtL,2,1,3,0.67
hLtP,1,0,1,1.0
hLtS,0,1,1,0.0
hLtl,0,1,1,0.0
hLtm,2,0,2,1.0
hLtn,1,0,1,1.0
hLts,0,2,2,0.0
hMBB,12,9,21,0.57
hMBD,3,1,4,0.75
hMBK,1,0,1,1.0
hMBL,2,5,7,0.29
hMBM,10,14,24,0.42
hMBN,10,16,26,0.38
hMBP,19,25,44,0.43
hMBS,6,7,13,0.46
hMBb,14,17,31,0.45
hMBh,1,1,2,0.5
hMBj,5,2,7,0.71
hMBl,4,4,8,0.5
hMBm,18,11,29,0.62
hMBn,11,15,26,0.42
hMBs,1,4,5,0.2
hMBt,1,3,4,0.25
hMDB,1,1,2,0.5
hMDD,0,0,0,
hMDH,2,1,3,0.67
hMDL,3,1,4,0.75
hMDM,1,2,3,0.33
hMDN,2,1,3,0.67
hMDP,3,2,5,0.6
hMDS,6,2,8,0.75
hMDb,2,4,6,0.33
hMDl,2,1,3,0.67
hMDm,2,4,6,0.33
hMHH,0,0,0,
hMHP,1,0,1,1.0
hMHS,0,1,1,0.0
hMHl,1,0,1,1.0
hMHm,0,1,1,0.0
hMHn,0,0,0,
hMHs,0,0,0,
hMIP,0,0,0,
hMIl,1,0,1,1.0
hMKM,0,1,1,0.0
hMKP,0,1,1,0.0
hMKS,0,0,0,
hMKm,1,0,1,1.0
hMKn,0,1,1,0.0
hMLB,8,5,13,0.62
hMLD,0,1,1,0.0
hMLK,3,0,3,1.0
hMLL,1,0,1,1.0
hMLM,7,7,14,0.5
hMLN,2,3,5,0.4
hMLP,6,4,10,0.6
hMLS,1,3,4,0.25
hMLb,2,3,5,0.4
hMLh,4,2,6,0.67
hMLj,0,1,1,0.0
hMLl,5,2,7,0.71
hMLm,4,6,10,0.4
hMLn,7,3,10,0.7
hMLs,1,2,3,0.33
hMLt,1,0,1,1.0
hMMB,14,19,33,0.42
hMMD,6,2,8,0.75
hMMH,0,1,1,0.0
hMML,6,5,11,0.55
hMMM,13,15,28,0.46
hMMN,18,12,30,0.6
hMMP,21,18,39,0.54
hMMS,6,7,13,0.46
hMMb,17,23,40,0.42
hMMh,12,9,21,0.57
hMMj,1,5,6,0.17
hMMl,9,6,15,0.6
hMMm,18,17,35,0.51
hMMn,17,23,40,0.42
hMMs,13,10,23,0.57
hMMt,1,2,3,0.33
hMNB,9,7,16,0.56
hMND,2,1,3,0.67
hMNH,0,4,4,0.0
hMNK,0,2,2,0.0
hMNL,4,5,9,0.44
hMNM,9,17,26,0.35
hMNN,13,11,24,0.54
hMNP,14,24,38,0.37
hMNS,9,6,15,0.6
hMNb,16,13,29,0.55
hMNh,4,5,9,0.44
hMNl,4,3,7,0.57
hMNm,14,11,25,0.56
hMNn,18,13,31,0.58
hMNs,6,14,20,0.3
hMNt,1,1,2,0.5
hMPB,17,13,30,0.57
hMPD,2,2,4,0.5
hMPH,2,3,5,0.4
hMPI,2,1,3,0.67
hMPK,0,3,3,0.0
hMPL,9,8,17,0.53
hMPM,19,25,44,0.43
hMPN,13,29,42,0.31
hMPP,24,30,54,0.44
hMPS,14,11,25,0.56
hMPb,24,20,44,0.55
hMPh,0,1,1,0.0
hMPl,8,10,18,0.44
hMPm,24,19,43,0.56
hMPn,26,20,46,0.57
hMPs,14,7,21,0.67
hMPt,1,1,2,0.5
hMSB,6,3,9,0.67
hMSD,1,2,3,0.33
hMSH,2,7,9,0.22
hMSL,1,1,2,0.5
hMSM,6,8,14,0.43
hMSN,9,8,17,0.53
hMSP,9,9,18,0.5
hMSS,12,14,26,0.46
hMSb,13,9,22,0.59
hMSh,4,3,7,0.57
hMSl,4,8,12,0.33
hMSm,12,5,17,0.71
hMSn,14,10,24,0.58
hMSs,8,4,12,0.67
hMSt,0,4,4,0.0
hMbB,9,11,20,0.45
hMbD,4,0,4,1.0
hMbH,3,11,14,0.21
hMbI,0,1,1,0.0
hMbJ,6,7,13,0.46
hMbK,3,2,5,0.6
hMbL,6,1,7,0.86
hMbM,11,23,34,0.32
hMbN,15,16,31,0.48
hMbP,18,25,43,0.42
hMbS,13,7,20,0.65
hMbb,12,13,25,0.48
hMbl,5,4,9,0.56
hMbm,14,23,37,0.38
hMbn,22,16,38,0.58
hMbs,10,4,14,0.71
hMhB,7,9,16,0.44
hMhD,1,1,2,0.5
hMhH,0,1,1,0.0
hMhI,1,0,1,1.0
hMhK,1,0,1,1.0
hMhL,3,5,8,0.38
hMhM,15,17,32,0.47
hMhN,13,15,28,0.46
hMhP,12,18,30,0.4
hMhS,12,10,22,0.55
hMhb,12,10,22,0.55
hMhh,23,13,36,0.64
hMhl,4,7,11,0.36
hMhm,20,8,28,0.71
hMhn,12,12,24,0.5
hMhs,9,10,19,0.47
hMht,1,1,2,0.5
hMjB,1,1,2,0.5
hMjD,0,1,1,0.0
hMjH,0,1,1,0.0
hMjL,0,2,2,0.0
hMjM,8,3,11,0.73
hMjN,6,2,8,0.75
hMjP,2,5,7,0.29
hMjS,1,1,2,0.5
hMjb,3,0,3,1.0
hMjh,1,1,2,0.5
hMjl,1,1,2,0.5
hMjm,2,1,3,0.67
hMjn,3,4,7,0.43
hMjs,0,1,1,0.0
hMjt,0,0,0,
hMlB,11,4,15,0.73
hMlH,7,3,10,0.7
hMlI,0,2,2,0.0
hMlJ,2,1,3,0.67
hMlK,0,2,2,0.0
hMlL,3,3,6,0.5
hMlM,8,6,14,0.57
hMlN,9,10,19,0.47
hMlP,11,3,14,0.79
hMlS,6,9,15,0.4
hMlb,7,8,15,0.47
hMll,0,1,1,0.0
hMlm,5,5,10,0.5
hMln,8,3,11,0.73
hMls,5,2,7,0.71
hMmB,7,8,15,0.47
hMmD,2,3,5,0.4
hMmH,8,14,22,0.36
hMmI,1,2,3,0.33
hMmJ,0,4,4,0.0
hMmK,1,0,1,1.0
hMmL,3,2,5,0.6
hMmM,17,19,36,0.47
hMmN,18,26,44,0.41
hMmP,14,20,34,0.41
hMmS,14,12,26,0.54
hMmb,14,19,33,0.42
hMml,5,3,8,0.62
hMmm,12,13,25,0.48
hMmn,16,14,30,0.53
hMms,4,5,9,0.44
hMnB,6,15,21,0.29
hMnD,2,3,5,0.4
hMnH,5,16,21,0.24
hMnI,1,3,4,0.25
hMnK,1,3,4,0.25
hMnL,6,9,15,0.4
hMnM,14,14,28,0.5
hMnN,24,19,43,0.56
hMnP,26,27,53,0.49
hMnS,12,17,29,0.41
hMnb,20,15,35,0.57
hMnh,0,1,1,0.0
hMnl,13,9,22,0.59
hMnm,15,19,34,0.44
hMnn,11,29,40,0.28
hMns,7,12,19,0.37
hMsB,9,5,14,0.64
hMsD,2,1,3,0.67
hMsH,11,5,16,0.69
hMsI,0,2,2,0.0
hMsK,1,1,2,0.5
hMsL,5,1,6,0.83
hMsM,5,10,15,0.33
hMsN,12,11,23,0.52
hMsP,15,13,28,0.54
hMsS,11,7,18,0.61
hMsb,13,8,21,0.62
hMsh,0,0,0,
hMsl,1,7,8,0.12
hMsm,8,10,18,0.44
hMsn,6,8,14,0.43
hMss,9,7,16,0.56
hMst,0,1,1,0.0
hMtD,1,0,1,1.0
hMtH,1,2,3,0.33
hMtK,0,0,0,
hMtL,1,0,1,1.0
hMtM,2,4,6,0.33
hMtN,3,2,5,0.6
hMtP,4,2,6,0.67
hMtS,2,2,4,0.5
hMtb,2,5,7,0.29
hMtm,1,0,1,1.0
hMtn,1,2,3,0.33
hNBB,8,8,16,0.5
hNBD,2,2,4,0.5
hNBK,1,0,1,1.0
hNBL,2,2,4,0.5
hNBM,13,12,25,0.52
hNBN,14,12,26,0.54
hNBP,12,10,22,0.55
hNBS,5,9,14,0.36
hNBb,2,11,13,0.15
hNBh,1,0,1,1.0
hNBj,3,4,7,0.43
hNBl,2,5,7,0.29
hNBm,9,6,15,0.6
hNBn,12,14,26,0.46
hNBs,8,6,14,0.57
hNBt,0,1,1,0.0
hNDD,0,0,0,
hNDH,1,1,2,0.5
hNDI,0,1,1,0.0
hNDM,1,1,2,0.5
hNDN,1,3,4,0.25
hNDP,1,1,2,0.5
hNDS,2,3,5,0.4
hNDb,0,0,0,
hNDh,0,0,0,
hNDl,1,0,1,1.0
hNDm,2,1,3,0.67
hNDn,3,1,4,0.75
hNDs,0,0,0,
hNHB,0,1,1,0.0
hNHD,1,0,1,1.0
hNHK,1,0,1,1.0
hNHL,2,3,5,0.4
hNHM,2,4,6,0.33
hNHN,1,2,3,0.33
hNHP,3,3,6,0.5
hNHS,1,1,2,0.5
hNHb,2,2,4,0.5
hNHl,0,1,1,0.0
hNHm,1,4,5,0.2
hNHn,2,2,4,0.5
hNHs,4,1,5,0.8
hNID,0,1,1,0.0
hNIP,1,0,1,1.0
hNIn,1,0,1,1.0
hNKB,2,1,3,0.67
hNKD,1,0,1,1.0
hNKH,0,0,0,
hNKL,0,1,1,0.0
hNKM,1,2,3,0.33
hNKN,3,0,3,1.0
hNKP,4,0,4,1.0
hNKS,2,0,2,1.0
hNKb,2,1,3,0.67
hNKh,3,3,6,0.5
hNKl,3,1,4,0.75
hNKm,6,1,7,0.86
hNKn,1,1,2,0.5
hNKs,2,1,3,0.67
hNKt,1,0,1,1.0
hNLB,1,4,5,0.2
hNLD,1,0,1,1.0
hNLH,0,1,1,0.0
hNLL,2,5,7,0.29
hNLM,4,3,7,0.57
hNLN,2,8,10,0.2
hNLP,5,3,8,0.62
hNLS,3,2,5,0.6
hNLb,2,4,6,0.33
hNLh,3,1,4,0.75
hNLj,0,3,3,0.0
hNLl,2,2,4,0.5
hNLm,2,2,4,0.5
hNLn,7,7,14,0.5
hNLs,5,0,5,1.0
hNLt,0,1,1,0.0
hNMB,7,11,18,0.39
hNMD,3,1,4,0.75
hNML,6,4,10,0.6
hNMM,6,5,11,0.55
hNMN,8,16,24,0.33
hNMP,15,19,34,0.44
hNMS,10,6,16,0.62
hNMb,13,18,31,0.42
hNMh,10,10,20,0.5
hNMj,4,2,6,0.67
hNMl,7,3,10,0.7
hNMm,12,17,29,0.41
hNMn,20,19,39,0.51
hNMs,5,10,15,0.33
hNMt,1,3,4,0.25
hNNB,7,10,17,0.41
hNND,5,1,6,0.83
hNNH,3,4,7,0.43
hNNI,0,1,1,0.0
hNNK,3,1,4,0.75
hNNL,5,6,11,0.45
hNNM,11,14,25,0.44
hNNN,13,14,27,0.48
hNNP,24,16,40,0.6
hNNS,16,9,25,0.64
hNNb,13,9,22,0.59
hNNh,5,14,19,0.26
hNNl,1,9,10,0.1
hNNm,12,15,27,0.44
hNNn,15,18,33,0.45
hNNs,16,12,28,0.57
hNNt,5,3,8,0.62
hNPB,20,11,31,0.65
hNPD,1,2,3,0.33
hNPH,2,4,6,0.33
hNPI,0,1,1,0.0
hNPK,1,3,4,0.25
hNPL,9,4,13,0.69
hNPM,18,21,39,0.46
hNPN,19,30,49,0.39
hNPP,36,31,67,0.54
hNPS,14,18,32,0.44
hNPb,19,20,39,0.49
hNPh,2,4,6,0.33
hNPl,11,11,22,0.5
hNPm,21,9,30,0.7
hNPn,20,30,50,0.4
hNPs,18,16,34,0.53
hNPt,0,1,1,0.0
hNSB,7,8,15,0.47
hNSD,1,0,1,1.0
hNSH,0,4,4,0.0
hNSL,3,5,8,0.38
hNSM,15,10,25,0.6
hNSN,5,11,16,0.31
hNSP,18,14,32,0.56
hNSS,21,9,30,0.7
hNSb,10,9,19,0.53
hNSh,9,3,12,0.75
hNSl,0,4,4,0.0
hNSm,6,5,11,0.55
hNSn,12,14,26,0.46
hNSs,13,10,23,0.57
hNSt,3,1,4,0.75
hNbB,8,9,17,0.47
hNbD,2,0,2,1.0
hNbH,5,2,7,0.71
hNbI,0,2,2,0.0
hNbJ,5,4,9,0.56
hNbK,2,2,4,0.5
hNbL,6,3,9,0.67
hNbM,10,9,19,0.53
hNbN,12,12,24,0.5
hNbP,21,23,44,0.48
hNbS,15,8,23,0.65
hNbb,12,12,24,0.5
hNbl,5,4,9,0.56
hNbm,11,7,18,0.61
hNbn,12,10,22,0.55
hNbs,6,3,9,0.67
hNhB,3,4,7,0.43
hNhD,0,2,2,0.0
hNhH,0,1,1,0.0
hNhL,1,0,1,1.0
hNhM,3,6,9,0.33
hNhN,2,2,4,0.5
hNhP,4,5,9,0.44
hNhS,2,4,6,0.33
hNhb,5,3,8,0.62
hNhh,3,3,6,0.5
hNhl,4,1,5,0.8
hNhm,2,2,4,0.5
hNhn,2,3,5,0.4
hNhs,4,5,9,0.44
hNht,0,1,1,0.0
hNlB,0,4,4,0.0
hNlD,0,1,1,0.0
hNlH,5,3,8,0.62
hNlJ,1,3,4,0.25
hNlK,1,1,2,0.5
hNlL,4,1,5,0.8
hNlM,5,2,7,0.71
hNlN,9,8,17,0.53
hNlP,8,4,12,0.67
hNlS,6,4,10,0.6
hNlb,5,4,9,0.56
hNll,1,0,1,1.0
hNlm,6,3,9,0.67
hNln,4,4,8,0.5
hNls,4,4,8,0.5
hNmB,6,8,14,0.43
hNmD,4,3,7,0.57
hNmH,11,16,27,0.41
hNmI,0,0,0,
hNmJ,1,2,3,0.33
hNmK,0,0,0,
hNmL,3,6,9,0.33
hNmM,19,16,35,0.54
hNmN,20,16,36,0.56
hNmP,12,22,34,0.35
hNmS,8,14,22,0.36
hNmb,10,12,22,0.45
hNml,1,2,3,0.33
hNmm,5,8,13,0.38
hNmn,11,12,23,0.48
hNms,9,7,16,0.56
hNnB,13,14,27,0.48
hNnD,2,1,3,0.67
hNnH,8,6,14,0.57
hNnI,2,2,4,0.5
hNnK,3,2,5,0.6
hNnL,6,5,11,0.55
hNnM,21,17,38,0.55
hNnN,27,24,51,0.53
hNnP,23,22,45,0.51
hNnS,17,13,30,0.57
hNnb,19,15,34,0.56
hNnl,3,5,8,0.38
hNnm,14,10,24,0.58
hNnn,23,25,48,0.48
hNns,17,9,26,0.65
hNnt,1,0,1,1.0
hNsB,3,4,7,0.43
hNsD,2,3,5,0.4
hNsH,10,8,18,0.56
hNsL,1,3,4,0.25
hNsM,7,10,17,0.41
hNsN,8,13,21,0.38
hNsP,14,10,24,0.58
hNsS,12,6,18,0.67
hNsb,10,8,18,0.56
hNsh,1,0,1,1.0
hNsl,7,4,11,0.64
hNsm,11,6,17,0.65
hNsn,7,8,15,0.47
hNss,8,12,20,0.4
hNtB,4,2,6,0.67
hNtH,1,1,2,0.5
hNtK,1,0,1,1.0
hNtM,2,2,4,0.5
hNtN,1,6,7,0.14
hNtP,3,5,8,0.38
hNtS,1,0,1,1.0
hNtb,1,4,5,0.2
hNtl,4,0,4,1.0
hNtm,2,2,4,0.5
hNtn,0,4,4,0.0
hNts,1,0,1,1.0
hNtt,2,0,2,1.0
hPBB,17,17,34,0.5
hPBD,1,3,4,0.25
hPBH,0,1,1,0.0
hPBK,0,4,4,0.0
hPBL,4,11,15,0.27
hPBM,9,16,25,0.36
hPBN,11,13,24,0.46
hPBP,22,17,39,0.56
hPBS,6,7,13,0.46
hPBb,20,19,39,0.51
hPBh,3,1,4,0.75
hPBj,5,4,9,0.56
hPBl,7,6,13,0.54
hPBm,12,12,24,0.5
hPBn,20,18,38,0.53
hPBs,13,3,16,0.81
hPBt,0,2,2,0.0
hPDB,4,3,7,0.57
hPDD,0,1,1,0.0
hPDH,2,1,3,0.67
hPDM,4,3,7,0.57
hPDN,1,3,4,0.25
hPDP,7,4,11,0.64
hPDS,0,1,1,0.0
hPDb,1,1,2,0.5
hPDl,0,1,1,0.0
hPDm,4,4,8,0.5
hPDn,0,3,3,0.0
hPDs,0,0,0,
hPDt,0,0,0,
hPHB,5,1,6,0.83
hPHD,3,1,4,0.75
hPHH,1,4,5,0.2
hPHI,0,2,2,0.0
hPHK,0,1,1,0.0
hPHL,1,1,2,0.5
hPHM,3,4,7,0.43
hPHN,4,6,10,0.4
hPHP,11,7,18,0.61
hPHS,5,3,8,0.62
hPHb,2,6,8,0.25
hPHh,1,3,4,0.25
hPHl,3,3,6,0.5
hPHm,4,11,15,0.27
hPHn,5,4,9,0.56
hPHs,8,5,13,0.62
hPIB,2,0,2,1.0
hPID,0,0,0,
hPIH,2,2,4,0.5
hPIL,0,2,2,0.0
hPIM,1,2,3,0.33
hPIN,2,1,3,0.67
hPIP,2,1,3,0.67
hPIS,1,0,1,1.0
hPIb,4,0,4,1.0
hPIl,1,0,1,1.0
hPIm,2,0,2,1.0
hPIn,0,3,3,0.0
hPKB,2,1,3,0.67
hPKH,0,1,1,0.0
hPKI,0,1,1,0.0
hPKL,0,1,1,0.0
hPKM,1,0,1,1.0
hPKN,3,2,5,0.6
hPKP,4,0,4,1.0
hPKS,0,2,2,0.0
hPKb,3,3,6,0.5
hPKh,0,3,3,0.0
hPKl,2,0,2,1.0
hPKm,3,3,6,0.5
hPKn,2,1,3,0.67
hPKs,3,6,9,0.33
hPKt,0,0,0,
hPLB,9,8,17,0.53
hPLD,0,2,2,0.0
hPLL,7,5,12,0.58
hPLM,10,9,19,0.53
hPLN,8,3,11,0.73
hPLP,11,9,20,0.55
hPLS,8,7,15,0.53
hPLb,10,8,18,0.56
hPLh,1,3,4,0.25
hPLj,0,1,1,0.0
hPLl,6,4,10,0.6
hPLm,11,9,20,0.55
hPLn,7,9,16,0.44
hPLs,4,4,8,0.5
hPLt,1,0,1,1.0
hPMB,15,17,32,0.47
hPMD,1,0,1,1.0
hPMK,0,1,1,0.0
hPML,7,9,16,0.44
hPMM,16,15,31,0.52
hPMN,21,13,34,0.62
hPMP,32,23,55,0.58
hPMS,22,11,33,0.67
hPMb,19,24,43,0.44
hPMh,11,14,25,0.44
hPMj,7,6,13,0.54
hPMl,8,9,17,0.47
hPMm,25,24,49,0.51
hPMn,28,17,45,0.62
hPMs,19,12,31,0.61
hPMt,1,4,5,0.2
hPNB,17,18,35,0.49
hPND,2,2,4,0.5
hPNH,3,7,10,0.3
hPNI,1,0,1,1.0
hPNK,1,3,4,0.25
hPNL,7,9,16,0.44
hPNM,24,21,45,0.53
hPNN,17,22,39,0.44
hPNP,20,22,42,0.48
hPNS,17,16,33,0.52
hPNb,19,25,44,0.43
hPNh,9,9,18,0.5
hPNl,8,14,22,0.36
hPNm,10,16,26,0.38
hPNn,29,23,52,0.56
hPNs,15,14,29,0.52
hPNt,3,2,5,0.6
hPPB,21,14,35,0.6
hPPD,1,7,8,0.12
hPPH,9,2,11,0.82
hPPI,1,3,4,0.25
hPPK,1,4,5,0.2
hPPL,12,13,25,0.48
hPPM,36,34,70,0.51
hPPN,38,24,62,0.61
hPPP,42,54,96,0.44
hPPS,27,21,48,0.56
hPPb,32,31,63,0.51
hPPh,1,4,5,0.2
hPPl,29,21,50,0.58
hPPm,26,26,52,0.5
hPPn,28,15,43,0.65
hPPs,18,22,40,0.45
hPPt,1,4,5,0.2
hPSB,7,13,20,0.35
hPSD,3,3,6,0.5
hPSH,6,6,12,0.5
hPSK,1,0,1,1.0
hPSL,10,13,23,0.43
hPSM,18,23,41,0.44
hPSN,11,12,23,0.48
hPSP,20,17,37,0.54
hPSS,14,10,24,0.58
hPSb,14,15,29,0.48
hPSh,8,7,15,0.53
hPSl,12,9,21,0.57
hPSm,19,12,31,0.61
hPSn,12,13,25,0.48
hPSs,15,21,36,0.42
hPSt,3,2,5,0.6
hPbB,16,16,32,0.5
hPbD,0,3,3,0.0
hPbH,4,6,10,0.4
hPbI,2,2,4,0.5
hPbJ,3,3,6,0.5
hPbK,4,1,5,0.8
hPbL,7,7,14,0.5
hPbM,27,26,53,0.51
hPbN,25,21,46,0.54
hPbP,21,35,56,0.38
hPbS,10,12,22,0.45
hPbb,18,23,41,0.44
hPbl,10,6,16,0.62
hPbm,10,19,29,0.34
hPbn,23,17,40,0.57
hPbs,8,7,15,0.53
hPhB,2,3,5,0.4
hPhD,0,0,0,
hPhK,1,0,1,1.0
hPhL,3,0,3,1.0
hPhM,2,3,5,0.4
hPhN,3,1,4,0.75
hPhP,3,1,4,0.75
hPhS,2,4,6,0.33
hPhb,3,3,6,0.5
hPhh,4,3,7,0.57
hPhl,3,2,5,0.6
hPhm,5,2,7,0.71
hPhn,1,0,1,1.0
hPhs,2,3,5,0.4
hPlB,7,9,16,0.44
hPlD,0,0,0,
hPlH,15,6,21,0.71
hPlI,1,0,1,1.0
hPlJ,1,3,4,0.25
hPlK,0,0,0,
hPlL,2,3,5,0.4
hPlM,10,10,20,0.5
hPlN,11,12,23,0.48
hPlP,17,13,30,0.57
hPlS,7,3,10,0.7
hPlb,14,10,24,0.58
hPll,5,2,7,0.71
hPlm,8,6,14,0.57
hPln,11,5,16,0.69
hPls,8,5,13,0.62
hPmB,14,10,24,0.58
hPmD,7,3,10,0.7
hPmH,10,7,17,0.59
hPmI,3,3,6,0.5
hPmJ,6,3,9,0.67
hPmL,8,3,11,0.73
hPmM,27,26,53,0.51
hPmN,15,16,31,0.48
hPmP,19,28,47,0.4
hPmS,18,15,33,0.55
hPmb,17,19,36,0.47
hPml,3,10,13,0.23
hPmm,25,20,45,0.56
hPmn,15,20,35,0.43
hPms,8,9,17,0.47
hPnB,13,12,25,0.52
hPnD,4,3,7,0.57
hPnH,9,13,22,0.41
hPnI,3,1,4,0.75
hPnK,3,5,8,0.38
hPnL,2,6,8,0.25
hPnM,17,28,45,0.38
hPnN,20,18,38,0.53
hPnP,20,36,56,0.36
hPnS,15,20,35,0.43
hPnb,14,21,35,0.4
hPnh,1,1,2,0.5
hPnl,12,13,25,0.48
hPnm,28,11,39,0.72
hPnn,20,18,38,0.53
hPns,6,20,26,0.23
hPsB,8,6,14,0.57
hPsD,3,0,3,1.0
hPsH,16,16,32,0.5
hPsI,0,1,1,0.0
hPsK,2,1,3,0.67
hPsL,5,8,13,0.38
hPsM,13,11,24,0.54
hPsN,12,15,27,0.44
hPsP,22,17,39,0.56
hPsS,22,19,41,0.54
hPsb,14,5,19,0.74
hPsh,0,1,1,0.0
hPsl,8,9,17,0.47
hPsm,20,15,35,0.57
hPsn,11,10,21,0.52
hPss,14,10,24,0.58
hPtB,2,2,4,0.5
hPtD,1,0,1,1.0
hPtH,3,2,5,0.6
hPtL,4,1,5,0.8
hPtM,3,4,7,0.43
hPtN,2,4,6,0.33
hPtP,2,1,3,0.67
hPtS,1,2,3,0.33
hPtb,0,3,3,0.0
hPtl,1,1,2,0.5
hPtm,1,3,4,0.25
hPtn,3,3,6,0.5
hPts,3,1,4,0.75
hSBB,5,11,16,0.31
hSBD,4,0,4,1.0
hSBK,1,0,1,1.0
hSBL,2,3,5,0.4
hSBM,11,11,22,0.5
hSBN,10,21,31,0.32
hSBP,15,6,21,0.71
hSBS,9,5,14,0.64
hSBb,13,12,25,0.52
hSBh,0,1,1,0.0
hSBj,2,1,3,0.67
hSBl,1,6,7,0.14
hSBm,5,5,10,0.5
hSBn,16,4,20,0.8
hSBs,5,5,10,0.5
hSBt,1,0,1,1.0
hSDB,1,1,2,0.5
hSDD,1,0,1,1.0
hSDH,0,2,2,0.0
hSDK,0,1,1,0.0
hSDL,0,1,1,0.0
hSDM,3,1,4,0.75
hSDN,0,1,1,0.0
hSDP,3,2,5,0.6
hSDS,2,0,2,1.0
hSDb,1,0,1,1.0
hSDh,0,1,1,0.0
hSDl,1,1,2,0.5
hSDm,4,2,6,0.67
hSDn,1,0,1,1.0
hSDs,4,1,5,0.8
hSDt,0,1,1,0.0
hSHB,4,1,5,0.8
hSHD,0,1,1,0.0
hSHH,1,1,2,0.5
hSHI,0,1,1,0.0
hSHL,0,2,2,0.0
hSHM,8,4,12,0.67
hSHN,5,4,9,0.56
hSHP,6,4,10,0.6
hSHS,6,9,15,0.4
hSHb,4,5,9,0.44
hSHh,1,1,2,0.5
hSHl,3,1,4,0.75
hSHm,10,8,18,0.56
hSHn,8,5,13,0.62
hSHs,6,5,11,0.55
hSIH,0,3,3,0.0
hSIM,0,1,1,0.0
hSIP,0,1,1,0.0
hSIS,1,0,1,1.0
hSKB,0,2,2,0.0
hSKM,0,1,1,0.0
hSKN,2,0,2,1.0
hSKP,0,2,2,0.0
hSKS,1,0,1,1.0
hSKm,0,1,1,0.0
hSKn,0,1,1,0.0
hSKs,0,1,1,0.0
hSKt,1,0,1,1.0
hSLB,7,2,9,0.78
hSLD,0,1,1,0.0
hSLK,0,1,1,0.0
hSLL,1,1,2,0.5
hSLM,2,5,7,0.29
hSLN,3,5,8,0.38
hSLP,7,9,16,0.44
hSLS,6,4,10,0.6
hSLb,4,4,8,0.5
hSLh,2,1,3,0.67
hSLj,0,1,1,0.0
hSLl,4,1,5,0.8
hSLm,1,2,3,0.33
hSLn,1,4,5,0.2
hSLs,0,3,3,0.0
hSMB,10,9,19,0.53
hSMD,3,2,5,0.6
hSMH,0,1,1,0.0
hSMI,1,0,1,1.0
hSMK,0,1,1,0.0
hSML,4,5,9,0.44
hSMM,12,16,28,0.43
hSMN,14,6,20,0.7
hSMP,18,25,43,0.42
hSMS,15,12,27,0.56
hSMb,16,8,24,0.67
hSMh,8,18,26,0.31
hSMj,1,1,2,0.5
hSMl,2,12,14,0.14
hSMm,15,18,33,0.45
hSMn,8,17,25,0.32
hSMs,12,11,23,0.52
hSMt,2,2,4,0.5
hSNB,8,9,17,0.47
hSNH,4,2,6,0.67
hSNK,1,2,3,0.33
hSNL,5,7,12,0.42
hSNM,7,9,16,0.44
hSNN,14,18,32,0.44
hSNP,16,21,37,0.43
hSNS,14,12,26,0.54
hSNb,6,14,20,0.3
hSNh,3,8,11,0.27
hSNl,1,4,5,0.2
hSNm,12,18,30,0.4
hSNn,15,11,26,0.58
hSNs,3,4,7,0.43
hSNt,3,1,4,0.75
hSPB,11,7,18,0.61
hSPD,1,3,4,0.25
hSPH,7,5,12,0.58
hSPI,1,1,2,0.5
hSPK,4,1,5,0.8
hSPL,4,6,10,0.4
hSPM,16,12,28,0.57
hSPN,15,18,33,0.45
hSPP,23,22,45,0.51
hSPS,14,22,36,0.39
hSPb,20,12,32,0.62
hSPh,3,3,6,0.5
hSPl,2,6,8,0.25
hSPm,16,5,21,0.76
hSPn,15,12,27,0.56
hSPs,16,10,26,0.62
hSPt,2,0,2,1.0
hSSB,12,17,29,0.41
hSSD,3,2,5,0.6
hSSH,15,8,23,0.65
hSSI,3,1,4,0.75
hSSK,2,1,3,0.67
hSSL,4,4,8,0.5
hSSM,11,20,31,0.35
hSSN,19,9,28,0.68
hSSP,14,19,33,0.42
hSSS,18,27,45,0.4
hSSb,15,15,30,0.5
hSSh,11,5,16,0.69
hSSl,3,7,10,0.3
hSSm,19,5,24,0.79
hSSn,17,11,28,0.61
hSSs,16,18,34,0.47
hSSt,1,1,2,0.5
hSbB,8,15,23,0.35
hSbD,2,1,3,0.67
hSbH,3,2,5,0.6
hSbI,1,0,1,1.0
hSbJ,3,2,5,0.6
hSbK,1,1,2,0.5
hSbL,2,4,6,0.33
hSbM,10,11,21,0.48
hSbN,13,12,25,0.52
hSbP,12,7,19,0.63
hSbS,8,11,19,0.42
hSbb,14,10,24,0.58
hSbl,7,1,8,0.88
hSbm,6,9,15,0.4
hSbn,16,15,31,0.52
hSbs,3,5,8,0.38
hShB,9,4,13,0.69
hShD,1,2,3,0.33
hShH,1,1,2,0.5
hShI,2,1,3,0.67
hShK,2,0,2,1.0
hShL,3,3,6,0.5
hShM,6,11,17,0.35
hShN,8,7,15,0.53
hShP,7,8,15,0.47
hShS,12,9,21,0.57
hShb,6,7,13,0.46
hShh,4,13,17,0.24
hShl,4,6,10,0.4
hShm,6,3,9,0.67
hShn,12,8,20,0.6
hShs,16,8,24,0.67
hSlB,1,8,9,0.11
hSlD,0,1,1,0.0
hSlH,2,8,10,0.2
hSlI,1,0,1,1.0
hSlJ,1,1,2,0.5
hSlK,0,1,1,0.0
hSlL,1,1,2,0.5
hSlM,7,7,14,0.5
hSlN,3,7,10,0.3
hSlP,5,4,9,0.56
hSlS,5,6,11,0.45
hSlb,2,9,11,0.18
hSll,4,0,4,1.0
hSlm,4,9,13,0.31
hSln,9,5,14,0.64
hSls,5,5,10,0.5
hSmB,11,7,18,0.61
hSmD,2,3,5,0.4
hSmH,13,15,28,0.46
hSmI,0,0,0,
hSmJ,3,1,4,0.75
hSmK,0,0,0,
hSmL,5,3,8,0.62
hSmM,11,14,25,0.44
hSmN,22,15,37,0.59
hSmP,10,7,17,0.59
hSmS,7,13,20,0.35
hSmb,8,8,16,0.5
hSmh,0,1,1,0.0
hSml,3,4,7,0.43
hSmm,15,11,26,0.58
hSmn,6,11,17,0.35
hSms,7,7,14,0.5
hSnB,8,6,14,0.57
hSnD,3,2,5,0.6
hSnH,12,8,20,0.6
hSnI,2,0,2,1.0
hSnK,0,1,1,0.0
hSnL,3,1,4,0.75
hSnM,15,17,32,0.47
hSnN,15,11,26,0.58
hSnP,12,16,28,0.43
hSnS,6,16,22,0.27
hSnb,10,11,21,0.48
hSnh,1,0,1,1.0
hSnl,8,7,15,0.53
hSnm,18,8,26,0.69
hSnn,13,15,28,0.46
hSns,7,13,20,0.35
hSnt,1,0,1,1.0
hSsB,2,4,6,0.33
hSsD,6,0,6,1.0
hSsH,9,13,22,0.41
hSsI,1,0,1,1.0
hSsK,1,2,3,0.33
hSsL,5,3,8,0.62
hSsM,12,11,23,0.52
hSsN,20,14,34,0.59
hSsP,11,21,32,0.34
hSsS,23,20,43,0.53
hSsb,5,9,14,0.36
hSsh,0,1,1,0.0
hSsl,4,8,12,0.33
hSsm,12,14,26,0.46
hSsn,6,16,22,0.27
hSss,12,18,30,0.4
hSst,0,1,1,0.0
hStB,1,3,4,0.25
hStD,2,0,2,1.0
hStH,0,4,4,0.0
hStM,3,2,5,0.6
hStN,2,1,3,0.67
hStP,2,2,4,0.5
hStS,3,4,7,0.43
hStb,1,3,4,0.25
hStl,0,2,2,0.0
hStm,1,1,2,0.5
hStn,1,2,3,0.33
hSts,3,0,3,1.0
hStt,1,0,1,1.0
hbBB,7,5,12,0.58
hbBD,0,0,0,
hbBK,0,0,0,
hbBL,2,4,6,0.33
hbBM,11,11,22,0.5
hbBN,10,13,23,0.43
hbBP,14,9,23,0.61
hbBS,6,13,19,0.32
hbBb,8,12,20,0.4
hbBh,3,2,5,0.6
hbBj,5,6,11,0.45
hbBl,8,2,10,0.8
hbBm,8,6,14,0.57
hbBn,11,8,19,0.58
hbBs,6,5,11,0.55
hbBt,4,3,7,0.57
hbDB,3,1,4,0.75
hbDD,0,2,2,0.0
hbDH,1,0,1,1.0
hbDL,0,1,1,0.0
hbDM,0,0,0,
hbDN,2,5,7,0.29
hbDP,2,0,2,1.0
hbDS,2,1,3,0.67
hbDb,1,0,1,1.0
hbDh,1,0,1,1.0
hbDl,1,0,1,1.0
hbDm,3,2,5,0.6
hbDn,2,0,2,1.0
hbDs,1,1,2,0.5
hbDt,0,1,1,0.0
hbHB,0,4,4,0.0
hbHD,1,0,1,1.0
hbHH,1,0,1,1.0
hbHL,1,2,3,0.33
hbHM,4,8,12,0.33
hbHN,4,4,8,0.5
hbHP,9,9,18,0.5
hbHS,2,4,6,0.33
hbHb,1,5,6,0.17
hbHh,1,1,2,0.5
hbHl,2,2,4,0.5
hbHm,5,2,7,0.71
hbHn,4,5,9,0.44
hbHs,1,6,7,0.14
hbIB,1,3,4,0.25
hbIH,1,1,2,0.5
hbIM,1,1,2,0.5
hbIN,0,1,1,0.0
hbIP,1,2,3,0.33
hbIS,3,1,4,0.75
hbIb,0,1,1,0.0
hbIl,0,1,1,0.0
hbIm,0,1,1,0.0
hbIs,1,2,3,0.33
hbJB,3,3,6,0.5
hbJD,1,0,1,1.0
hbJH,2,1,3,0.67
hbJI,1,0,1,1.0
hbJK,1,0,1,1.0
hbJL,3,1,4,0.75
hbJM,3,5,8,0.38
hbJN,1,3,4,0.25
hbJP,6,5,11,0.55
hbJS,0,2,2,0.0
hbJb,10,4,14,0.71
hbJl,2,5,7,0.29
hbJm,4,2,6,0.67
hbJn,3,2,5,0.6
hbJs,2,3,5,0.4
hbKB,3,2,5,0.6
hbKL,1,1,2,0.5
hbKM,3,4,7,0.43
hbKN,1,1,2,0.5
hbKP,2,3,5,0.4
hbKS,1,1,2,0.5
hbKb,1,1,2,0.5
hbKh,2,4,6,0.33
hbKl,0,0,0,
hbKm,1,1,2,0.5
hbKn,0,1,1,0.0
hbKs,0,1,1,0.0
hbKt,1,1,2,0.5
hbLB,9,8,17,0.53
hbLD,1,0,1,1.0
hbLL,2,4,6,0.33
hbLM,3,7,10,0.3
hbLN,4,4,8,0.5
hbLP,5,7,12,0.42
hbLS,4,3,7,0.57
hbLb,10,8,18,0.56
hbLh,2,1,3,0.67
hbLj,2,0,2,1.0
hbLl,3,2,5,0.6
hbLm,4,5,9,0.44
hbLn,9,6,15,0.6
hbLs,2,4,6,0.33
hbLt,2,0,2,1.0
hbMB,11,14,25,0.44
hbMD,0,1,1,0.0
hbML,5,3,8,0.62
hbMM,17,13,30,0.57
hbMN,18,7,25,0.72
hbMP,21,21,42,0.5
hbMS,9,8,17,0.53
hbMb,11,19,30,0.37
hbMh,12,18,30,0.4
hbMj,5,3,8,0.62
hbMl,5,6,11,0.45
hbMm,14,11,25,0.56
hbMn,22,20,42,0.52
hbMs,8,9,17,0.47
hbMt,4,5,9,0.44
hbNB,11,13,24,0.46
hbND,3,1,4,0.75
hbNH,2,4,6,0.33
hbNK,0,3,3,0.0
hbNL,8,4,12,0.67
hbNM,18,18,36,0.5
hbNN,20,18,38,0.53
hbNP,27,11,38,0.71
hbNS,5,13,18,0.28
hbNb,17,16,33,0.52
hbNh,4,4,8,0.5
hbNl,12,2,14,0.86
hbNm,15,12,27,0.56
hbNn,24,20,44,0.55
hbNs,7,19,26,0.27
hbNt,5,2,7,0.71
hbPB,13,9,22,0.59
hbPD,4,1,5,0.8
hbPH,1,8,9,0.11
hbPI,1,0,1,1.0
hbPK,2,4,6,0.33
hbPL,8,7,15,0.53
hbPM,29,18,47,0.62
hbPN,15,15,30,0.5
hbPP,31,25,56,0.55
hbPS,8,19,27,0.3
hbPb,17,16,33,0.52
hbPh,4,4,8,0.5
hbPl,9,9,18,0.5
hbPm,20,10,30,0.67
hbPn,9,12,21,0.43
hbPs,8,11,19,0.42
hbSB,5,4,9,0.56
hbSD,3,0,3,1.0
hbSH,2,4,6,0.33
hbSL,2,9,11,0.18
hbSM,9,19,28,0.32
hbSN,8,11,19,0.42
hbSP,13,15,28,0.46
hbSS,14,10,24,0.58
hbSb,6,8,14,0.43
hbSh,3,8,11,0.27
hbSl,3,9,12,0.25
hbSm,6,11,17,0.35
hbSn,12,15,27,0.44
hbSs,7,11,18,0.39
hbSt,2,1,3,0.67
hbbB,8,12,20,0.4
hbbD,0,1,1,0.0
hbbH,7,5,12,0.58
hbbI,4,2,6,0.67
hbbJ,2,2,4,0.5
hbbK,1,1,2,0.5
hbbL,6,5,11,0.55
hbbM,15,18,33,0.45
hbbN,22,15,37,0.59
hbbP,16,21,37,0.43
hbbS,9,6,15,0.6
hbbb,18,10,28,0.64
hbbl,6,6,12,0.5
hbbm,14,13,27,0.52
hbbn,9,24,33,0.27
hbbs,13,4,17,0.76
hbhB,0,1,1,0.0
hblB,3,5,8,0.38
hblH,3,6,9,0.33
hblJ,4,1,5,0.8
hblK,1,1,2,0.5
hblL,1,1,2,0.5
hblM,4,8,12,0.33
hblN,14,9,23,0.61
hblP,7,7,14,0.5
hblS,6,1,7,0.86
hblb,5,5,10,0.5
hbll,5,3,8,0.62
hblm,3,3,6,0.5
hbln,3,6,9,0.33
hbls,3,3,6,0.5
hbmB,6,8,14,0.43
hbmD,1,3,4,0.25
hbmH,3,7,10,0.3
hbmJ,2,1,3,0.67
hbmL,8,5,13,0.62
hbmM,15,7,22,0.68
hbmN,11,6,17,0.65
hbmP,11,10,21,0.52
hbmS,3,13,16,0.19
hbmb,15,8,23,0.65
hbml,4,4,8,0.5
hbmm,8,8,16,0.5
hbmn,10,8,18,0.56
hbms,6,7,13,0.46
hbnB,8,6,14,0.57
hbnD,2,1,3,0.67
hbnH,7,15,22,0.32
hbnI,3,3,6,0.5
hbnK,3,1,4,0.75
hbnL,3,3,6,0.5
hbnM,11,10,21,0.52
hbnN,18,18,36,0.5
hbnP,29,17,46,0.63
hbnS,10,13,23,0.43
hbnb,14,16,30,0.47
hbnh,0,1,1,0.0
hbnl,6,6,12,0.5
hbnm,13,7,20,0.65
hbnn,11,20,31,0.35
hbns,13,8,21,0.62
hbsB,4,5,9,0.44
hbsD,3,1,4,0.75
hbsH,10,6,16,0.62
hbsI,1,2,3,0.33
hbsK,1,0,1,1.0
hbsL,3,3,6,0.5
hbsM,8,6,14,0.57
hbsN,7,7,14,0.5
hbsP,11,8,19,0.58
hbsS,6,9,15,0.4
hbsb,2,1,3,0.67
hbsl,3,2,5,0.6
hbsm,6,3,9,0.67
hbsn,10,7,17,0.59
hbss,5,4,9,0.56
hbst,0,0,0,
hhBB,9,8,17,0.53
hhBD,4,2,6,0.67
hhBK,1,0,1,1.0
hhBL,6,6,12,0.5
hhBM,8,5,13,0.62
hhBN,10,14,24,0.42
hhBP,11,7,18,0.61
hhBS,11,5,16,0.69
hhBb,16,6,22,0.73
hhBh,3,1,4,0.75
hhBj,2,4,6,0.33
hhBl,1,1,2,0.5
hhBm,10,10,20,0.5
hhBn,10,14,24,0.42
hhBs,5,3,8,0.62
hhBt,2,2,4,0.5
hhDD,0,1,1,0.0
hhDH,0,4,4,0.0
hhDI,1,0,1,1.0
hhDL,0,1,1,0.0
hhDM,1,4,5,0.2
hhDN,1,1,2,0.5
hhDP,1,2,3,0.33
hhDS,3,2,5,0.6
hhDb,3,0,3,1.0
hhDl,1,1,2,0.5
hhDm,4,0,4,1.0
hhDn,0,2,2,0.0
hhDs,2,0,2,1.0
hhHB,2,1,3,0.67
hhHD,0,0,0,
hhHH,0,0,0,
hhHI,0,1,1,0.0
hhHL,3,2,5,0.6
hhHM,5,2,7,0.71
hhHN,5,0,5,1.0
hhHP,6,6,12,0.5
hhHS,3,4,7,0.43
hhHb,3,2,5,0.6
hhHh,0,1,1,0.0
hhHl,2,1,3,0.67
hhHm,1,0,1,1.0
hhHn,3,2,5,0.6
hhHs,1,4,5,0.2
hhHt,0,1,1,0.0
hhIB,0,1,1,0.0
hhID,0,1,1,0.0
hhIN,0,1,1,0.0
hhIP,0,2,2,0.0
hhIm,0,1,1,0.0
hhIs,1,2,3,0.33
hhKM,0,1,1,0.0
hhKP,1,0,1,1.0
hhKS,0,0,0,
hhKl,0,0,0,
hhKm,0,0,0,
hhKs,1,0,1,1.0
hhLB,4,2,6,0.67
hhLI,0,0,0,
hhLK,1,0,1,1.0
hhLL,3,2,5,0.6
hhLM,6,4,10,0.6
hhLN,2,2,4,0.5
hhLP,7,5,12,0.58
hhLS,4,1,5,0.8
hhLb,5,4,9,0.56
hhLh,1,1,2,0.5
hhLj,3,2,5,0.6
hhLl,2,2,4,0.5
hhLm,2,3,5,0.4
hhLn,9,9,18,0.5
hhLs,4,4,8,0.5
hhLt,1,0,1,1.0
hhMB,13,8,21,0.62
hhMD,1,2,3,0.33
hhML,1,6,7,0.14
hhMM,11,19,30,0.37
hhMN,8,9,17,0.47
hhMP,17,16,33,0.52
hhMS,7,6,13,0.54
hhMb,19,10,29,0.66
hhMh,12,17,29,0.41
hhMj,2,2,4,0.5
hhMl,6,4,10,0.6
hhMm,19,18,37,0.51
hhMn,16,15,31,0.52
hhMs,9,7,16,0.56
hhMt,2,1,3,0.67
hhNB,9,6,15,0.6
hhND,3,3,6,0.5
hhNH,0,0,0,
hhNK,0,2,2,0.0
hhNL,1,3,4,0.25
hhNM,11,13,24,0.46
hhNN,8,12,20,0.4
hhNP,15,16,31,0.48
hhNS,9,15,24,0.38
hhNb,8,7,15,0.53
hhNh,3,2,5,0.6
hhNl,1,4,5,0.2
hhNm,11,5,16,0.69
hhNn,16,15,31,0.52
hhNs,9,4,13,0.69
hhNt,0,2,2,0.0
hhPB,15,15,30,0.5
hhPD,1,0,1,1.0
hhPH,3,5,8,0.38
hhPI,1,2,3,0.33
hhPK,3,3,6,0.5
hhPL,11,7,18,0.61
hhPM,23,17,40,0.57
hhPN,14,20,34,0.41
hhPP,27,25,52,0.52
hhPS,9,15,24,0.38
hhPb,16,17,33,0.48
hhPh,5,3,8,0.62
hhPl,10,10,20,0.5
hhPm,11,15,26,0.42
hhPn,16,15,31,0.52
hhPs,7,4,11,0.64
hhPt,2,2,4,0.5
hhSB,9,7,16,0.56
hhSD,2,1,3,0.67
hhSH,4,7,11,0.36
hhSK,0,0,0,
hhSL,3,7,10,0.3
hhSM,23,14,37,0.62
hhSN,13,7,20,0.65
hhSP,19,15,34,0.56
hhSS,6,22,28,0.21
hhSb,10,11,21,0.48
hhSh,4,9,13,0.31
hhSl,6,8,14,0.43
hhSm,16,12,28,0.57
hhSn,9,10,19,0.47
hhSs,12,14,26,0.46
hhSt,1,1,2,0.5
hhbB,8,7,15,0.53
hhbD,2,1,3,0.67
hhbH,2,5,7,0.29
hhbI,1,1,2,0.5
hhbJ,1,0,1,1.0
hhbK,1,1,2,0.5
hhbL,5,3,8,0.62
hhbM,12,15,27,0.44
hhbN,14,12,26,0.54
hhbP,10,10,20,0.5
hhbS,6,9,15,0.4
hhbb,9,12,21,0.43
hhbl,3,10,13,0.23
hhbm,11,7,18,0.61
hhbn,13,6,19,0.68
hhbs,9,4,13,0.69
hhhB,8,8,16,0.5
hhhD,1,2,3,0.33
hhhH,4,4,8,0.5
hhhK,0,2,2,0.0
hhhL,6,3,9,0.67
hhhM,12,19,31,0.39
hhhN,10,9,19,0.53
hhhP,19,20,39,0.49
hhhS,13,8,21,0.62
hhhb,11,12,23,0.48
hhhh,11,13,24,0.46
hhhl,5,5,10,0.5
hhhm,13,13,26,0.5
hhhn,12,9,21,0.57
hhhs,11,11,22,0.5
hhht,0,1,1,0.0
hhlB,3,5,8,0.38
hhlH,4,4,8,0.5
hhlJ,2,2,4,0.5
hhlK,1,0,1,1.0
hhlL,3,1,4,0.75
hhlM,9,8,17,0.53
hhlN,4,10,14,0.29
hhlP,9,6,15,0.6
hhlS,5,6,11,0.45
hhlb,4,10,14,0.29
hhll,4,5,9,0.44
hhlm,7,2,9,0.78
hhln,3,6,9,0.33
hhls,5,4,9,0.56
hhmB,7,8,15,0.47
hhmD,4,2,6,0.67
hhmH,9,10,19,0.47
hhmI,0,1,1,0.0
hhmJ,2,6,8,0.25
hhmK,0,1,1,0.0
hhmL,9,2,11,0.82
hhmM,14,20,34,0.41
hhmN,19,13,32,0.59
hhmP,19,10,29,0.66
hhmS,12,14,26,0.46
hhmb,10,17,27,0.37
hhml,5,5,10,0.5
hhmm,19,5,24,0.79
hhmn,13,10,23,0.57
hhms,3,7,10,0.3
hhnB,8,11,19,0.42
hhnD,2,1,3,0.67
hhnH,3,3,6,0.5
hhnI,3,0,3,1.0
hhnK,1,1,2,0.5
hhnL,2,5,7,0.29
hhnM,12,20,32,0.38
hhnN,11,11,22,0.5
hhnP,19,19,38,0.5
hhnS,10,13,23,0.43
hhnb,16,7,23,0.7
hhnh,2,1,3,0.67
hhnl,6,6,12,0.5
hhnm,10,11,21,0.48
hhnn,12,18,30,0.4
hhns,13,11,24,0.54
hhsB,10,7,17,0.59
hhsD,2,2,4,0.5
hhsH,8,11,19,0.42
hhsI,2,1,3,0.67
hhsK,1,0,1,1.0
hhsL,6,1,7,0.86
hhsM,12,10,22,0.55
hhsN,14,8,22,0.64
hhsP,8,24,32,0.25
hhsS,9,16,25,0.36
hhsb,9,11,20,0.45
hhsh,0,1,1,0.0
hhsl,6,0,6,1.0
hhsm,11,8,19,0.58
hhsn,7,11,18,0.39
hhss,6,11,17,0.35
hhtB,1,1,2,0.5
hhtD,0,1,1,0.0
hhtH,0,1,1,0.0
hhtM,1,1,2,0.5
hhtN,1,2,3,0.33
hhtP,2,1,3,0.67
hhtS,0,0,0,
hhtb,1,0,1,1.0
hhtl,2,2,4,0.5
hhtm,0,1,1,0.0
hhtn,2,1,3,0.67
hhts,1,1,2,0.5
hlBB,0,4,4,0.0
hlBD,1,1,2,0.5
hlBL,2,3,5,0.4
hlBM,2,6,8,0.25
hlBN,4,5,9,0.44
hlBP,4,4,8,0.5
hlBS,2,2,4,0.5
hlBb,5,10,15,0.33
hlBh,2,0,2,1.0
hlBj,2,1,3,0.67
hlBl,5,2,7,0.71
hlBm,5,2,7,0.71
hlBn,7,5,12,0.58
hlBs,1,4,5,0.2
hlDN,0,3,3,0.0
hlDb,0,1,1,0.0
hlDl,1,0,1,1.0
hlDm,2,0,2,1.0
hlDn,0,1,1,0.0
hlDt,0,1,1,0.0
hlHB,5,4,9,0.56
hlHD,0,1,1,0.0
hlHK,0,1,1,0.0
hlHL,0,3,3,0.0
hlHM,10,6,16,0.62
hlHN,1,11,12,0.08
hlHP,9,5,14,0.64
hlHS,5,5,10,0.5
hlHb,4,5,9,0.44
hlHh,1,1,2,0.5
hlHl,2,4,6,0.33
hlHm,3,6,9,0.33
hlHn,4,6,10,0.4
hlHs,3,2,5,0.6
hlHt,1,0,1,1.0
hlIM,2,0,2,1.0
hlIN,0,1,1,0.0
hlIb,1,1,2,0.5
hlIn,1,0,1,1.0
hlIs,1,0,1,1.0
hlJB,1,2,3,0.33
hlJH,0,1,1,0.0
hlJI,0,0,0,
hlJK,0,1,1,0.0
hlJL,1,0,1,1.0
hlJM,3,3,6,0.5
hlJN,0,3,3,0.0
hlJP,4,4,8,0.5
hlJS,2,4,6,0.33
hlJb,1,2,3,0.33
hlJh,1,0,1,1.0
hlJl,2,0,2,1.0
hlJm,0,2,2,0.0
hlJn,0,0,0,
hlJs,1,1,2,0.5
hlJt,1,0,1,1.0
hlKM,0,1,1,0.0
hlKN,1,0,1,1.0
hlKP,1,1,2,0.5
hlKS,0,1,1,0.0
hlKb,1,0,1,1.0
hlKh,1,1,2,0.5
hlKl,1,0,1,1.0
hlKm,1,1,2,0.5
hlKn,0,0,0,
hlKs,0,1,1,0.0
hlLB,0,1,1,0.0
hlLD,1,0,1,1.0
hlLK,1,0,1,1.0
hlLL,1,0,1,1.0
hlLM,1,4,5,0.2
hlLN,3,4,7,0.43
hlLP,2,5,7,0.29
hlLS,0,4,4,0.0
hlLb,2,4,6,0.33
hlLh,2,4,6,0.33
hlLj,0,1,1,0.0
hlLl,0,0,0,
hlLm,1,1,2,0.5
hlLn,5,1,6,0.83
hlLs,2,1,3,0.67
hlLt,2,0,2,1.0
hlMB,6,5,11,0.55
hlMD,0,0,0,
hlMK,2,0,2,1.0
hlML,2,5,7,0.29
hlMM,7,7,14,0.5
hlMN,9,6,15,0.6
hlMP,8,14,22,0.36
hlMS,4,7,11,0.36
hlMb,13,7,20,0.65
hlMh,6,11,17,0.35
hlMj,1,3,4,0.25
hlMl,3,3,6,0.5
hlMm,6,4,10,0.6
hlMn,13,8,21,0.62
hlMs,7,9,16,0.44
hlMt,2,1,3,0.67
hlNB,2,5,7,0.29
hlND,4,0,4,1.0
hlNH,0,2,2,0.0
hlNK,1,1,2,0.5
hlNL,4,0,4,1.0
hlNM,1,6,7,0.14
hlNN,10,9,19,0.53
hlNP,12,9,21,0.57
hlNS,4,13,17,0.24
hlNb,7,8,15,0.47
hlNh,1,6,7,0.14
hlNl,3,5,8,0.38
hlNm,9,5,14,0.64
hlNn,7,12,19,0.37
hlNs,12,3,15,0.8
hlNt,1,0,1,1.0
hlPB,8,8,16,0.5
hlPD,0,1,1,0.0
hlPH,1,2,3,0.33
hlPI,1,0,1,1.0
hlPK,1,3,4,0.25
hlPL,5,4,9,0.56
hlPM,8,8,16,0.5
hlPN,8,9,17,0.47
hlPP,13,13,26,0.5
hlPS,9,4,13,0.69
hlPb,5,5,10,0.5
hlPh,1,0,1,1.0
hlPl,8,4,12,0.67
hlPm,11,8,19,0.58
hlPn,5,8,13,0.38
hlPs,11,6,17,0.65
hlPt,2,2,4,0.5
hlSB,3,3,6,0.5
hlSD,1,0,1,1.0
hlSH,0,1,1,0.0
hlSI,1,0,1,1.0
hlSK,0,1,1,0.0
hlSL,2,5,7,0.29
hlSM,6,9,15,0.4
hlSN,3,7,10,0.3
hlSP,7,8,15,0.47
hlSS,5,6,11,0.45
hlSb,6,1,7,0.86
hlSh,5,6,11,0.45
hlSl,2,3,5,0.4
hlSm,2,4,6,0.33
hlSn,8,9,17,0.47
hlSs,6,8,14,0.43
hlSt,2,3,5,0.4
hlbB,3,3,6,0.5
hlbD,1,0,1,1.0
hlbH,0,2,2,0.0
hlbI,3,0,3,1.0
hlbJ,4,0,4,1.0
hlbK,2,1,3,0.67
hlbL,4,1,5,0.8
hlbM,5,10,15,0.33
hlbN,6,7,13,0.46
hlbP,4,7,11,0.36
hlbS,0,5,5,0.0
hlbb,17,11,28,0.61
hlbl,3,4,7,0.43
hlbm,9,9,18,0.5
hlbn,4,7,11,0.36
hlbs,3,2,5,0.6
hllB,3,4,7,0.43
hllD,0,1,1,0.0
hllH,0,5,5,0.0
hllJ,2,1,3,0.67
hllL,1,3,4,0.25
hllM,4,4,8,0.5
hllN,9,7,16,0.56
hllP,5,4,9,0.56
hllS,8,0,8,1.0
hllb,1,3,4,0.25
hlll,1,5,6,0.17
hllm,2,6,8,0.25
hlln,5,3,8,0.62
hlls,2,0,2,1.0
hlmB,6,6,12,0.5
hlmD,0,1,1,0.0
hlmH,3,4,7,0.43
hlmJ,1,1,2,0.5
hlmL,6,5,11,0.55
hlmM,5,11,16,0.31
hlmN,9,9,18,0.5
hlmP,6,4,10,0.6
hlmS,5,4,9,0.56
hlmb,2,3,5,0.4
hlml,2,1,3,0.67
hlmm,3,2,5,0.6
hlmn,1,6,7,0.14
hlms,5,3,8,0.62
hlnB,3,3,6,0.5
hlnD,1,1,2,0.5
hlnH,0,4,4,0.0
hlnI,0,1,1,0.0
hlnL,2,4,6,0.33
hlnM,3,7,10,0.3
hlnN,9,4,13,0.69
hlnP,11,9,20,0.55
hlnS,2,3,5,0.4
hlnb,10,9,19,0.53
hlnl,2,1,3,0.67
hlnm,4,1,5,0.8
hlnn,5,5,10,0.5
hlns,5,4,9,0.56
hlsB,4,2,6,0.67
hlsD,1,0,1,1.0
hlsH,4,7,11,0.36
hlsI,0,1,1,0.0
hlsL,0,3,3,0.0
hlsM,8,7,15,0.53
hlsN,3,3,6,0.5
hlsP,9,4,13,0.69
hlsS,7,3,10,0.7
hlsb,6,6,12,0.5
hlsl,0,2,2,0.0
hlsm,7,2,9,0.78
hlsn,3,2,5,0.6
hlss,2,0,2,1.0
hmBB,11,10,21,0.52
hmBD,4,1,5,0.8
hmBK,0,1,1,0.0
hmBL,1,2,3,0.33
hmBM,11,14,25,0.44
hmBN,12,14,26,0.46
hmBP,11,11,22,0.5
hmBS,7,5,12,0.58
hmBb,12,12,24,0.5
hmBh,2,4,6,0.33
hmBj,4,4,8,0.5
hmBl,4,3,7,0.57
hmBm,10,13,23,0.43
hmBn,17,12,29,0.59
hmBs,5,6,11,0.45
hmBt,0,1,1,0.0
hmDB,2,3,5,0.4
hmDD,4,3,7,0.57
hmDH,3,3,6,0.5
hmDK,0,0,0,
hmDL,0,2,2,0.0
hmDM,3,2,5,0.6
hmDN,5,2,7,0.71
hmDP,0,1,1,0.0
hmDS,6,2,8,0.75
hmDb,1,2,3,0.33
hmDl,1,2,3,0.33
hmDm,6,2,8,0.75
hmDn,1,2,3,0.33
hmDs,1,1,2,0.5
hmDt,0,1,1,0.0
hmHB,4,14,18,0.22
hmHD,0,2,2,0.0
hmHH,2,1,3,0.67
hmHI,1,0,1,1.0
hmHK,1,0,1,1.0
hmHL,2,5,7,0.29
hmHM,10,11,21,0.48
hmHN,10,13,23,0.43
hmHP,16,20,36,0.44
hmHS,10,10,20,0.5
hmHb,18,8,26,0.69
hmHh,5,8,13,0.38
hmHl,5,6,11,0.45
hmHm,11,9,20,0.55
hmHn,16,6,22,0.73
hmHs,10,8,18,0.56
hmHt,0,2,2,0.0
hmID,0,2,2,0.0
hmIM,1,1,2,0.5
hmIN,0,2,2,0.0
hmIP,1,2,3,0.33
hmIS,1,0,1,1.0
hmIb,1,1,2,0.5
hmIl,1,0,1,1.0
hmIm,2,0,2,1.0
hmIn,0,2,2,0.0
hmIs,1,1,2,0.5
hmJB,2,3,5,0.4
hmJD,0,1,1,0.0
hmJH,1,1,2,0.5
hmJK,0,1,1,0.0
hmJL,0,1,1,0.0
hmJM,0,3,3,0.0
hmJN,1,5,6,0.17
hmJP,4,4,8,0.5
hmJS,1,3,4,0.25
hmJb,2,4,6,0.33
hmJl,0,2,2,0.0
hmJm,6,6,12,0.5
hmJn,2,2,4,0.5
hmJs,1,3,4,0.25
hmKI,0,1,1,0.0
hmKM,1,0,1,1.0
hmKS,2,1,3,0.67
hmKm,0,2,2,0.0
hmKs,1,1,2,0.5
hmLB,4,6,10,0.4
hmLD,1,1,2,0.5
hmLK,0,1,1,0.0
hmLL,2,1,3,0.67
hmLM,6,7,13,0.46
hmLN,6,1,7,0.86
hmLP,7,6,13,0.54
hmLS,4,4,8,0.5
hmLb,3,5,8,0.38
hmLh,2,3,5,0.4
hmLj,1,3,4,0.25
hmLl,0,0,0,
hmLm,6,7,13,0.46
hmLn,13,9,22,0.59
hmLs,5,3,8,0.62
hmLt,1,0,1,1.0
hmMB,11,13,24,0.46
hmMD,7,1,8,0.88
hmMK,1,0,1,1.0
hmML,9,7,16,0.56
hmMM,15,15,30,0.5
hmMN,16,10,26,0.62
hmMP,16,15,31,0.52
hmMS,12,12,24,0.5
hmMb,19,19,38,0.5
hmMh,15,12,27,0.56
hmMj,1,2,3,0.33
hmMl,5,5,10,0.5
hmMm,20,20,40,0.5
hmMn,23,21,44,0.52
hmMs,14,8,22,0.64
hmMt,2,1,3,0.67
hmNB,8,9,17,0.47
hmND,2,1,3,0.67
hmNH,4,2,6,0.67
hmNK,0,1,1,0.0
hmNL,6,7,13,0.46
hmNM,20,17,37,0.54
hmNN,15,21,36,0.42
hmNP,17,29,46,0.37
hmNS,5,13,18,0.28
hmNb,14,13,27,0.52
hmNh,3,5,8,0.38
hmNl,11,3,14,0.79
hmNm,11,14,25,0.44
hmNn,22,24,46,0.48
hmNs,14,15,29,0.48
hmNt,0,3,3,0.0
hmPB,14,17,31,0.45
hmPD,2,1,3,0.67
hmPH,3,5,8,0.38
hmPK,1,1,2,0.5
hmPL,6,6,12,0.5
hmPM,19,14,33,0.58
hmPN,17,13,30,0.57
hmPP,21,25,46,0.46
hmPS,9,8,17,0.53
hmPb,19,12,31,0.61
hmPh,1,2,3,0.33
hmPl,3,4,7,0.43
hmPm,20,5,25,0.8
hmPn,16,13,29,0.55
hmPs,7,6,13,0.54
hmPt,2,2,4,0.5
hmSB,12,6,18,0.67
hmSD,2,0,2,1.0
hmSH,2,2,4,0.5
hmSL,1,2,3,0.33
hmSM,19,12,31,0.61
hmSN,7,13,20,0.35
hmSP,17,16,33,0.52
hmSS,13,17,30,0.43
hmSb,9,17,26,0.35
hmSh,4,5,9,0.44
hmSl,3,5,8,0.38
hmSm,11,14,25,0.44
hmSn,12,11,23,0.52
hmSs,18,17,35,0.51
hmSt,4,3,7,0.57
hmbB,10,14,24,0.42
hmbD,2,1,3,0.67
hmbH,5,2,7,0.71
hmbI,3,2,5,0.6
hmbJ,5,3,8,0.62
hmbK,1,1,2,0.5
hmbL,3,6,9,0.33
hmbM,17,13,30,0.57
hmbN,12,16,28,0.43
hmbP,17,19,36,0.47
hmbS,7,10,17,0.41
hmbb,12,15,27,0.44
hmbl,7,7,14,0.5
hmbm,17,10,27,0.63
hmbn,16,18,34,0.47
hmbs,3,6,9,0.33
hmhb,0,1,1,0.0
hmhh,0,0,0,
hmhm,1,0,1,1.0
hmhs,0,1,1,0.0
hmlB,2,5,7,0.29
hmlH,0,2,2,0.0
hmlJ,3,0,3,1.0
hmlL,3,4,7,0.43
hmlM,5,4,9,0.56
hmlN,4,4,8,0.5
hmlP,5,5,10,0.5
hmlS,1,3,4,0.25
hmlb,4,4,8,0.5
hmll,0,3,3,0.0
hmlm,8,1,9,0.89
hmln,2,2,4,0.5
hmls,3,1,4,0.75
hmmB,16,11,27,0.59
hmmD,4,1,5,0.8
hmmH,10,7,17,0.59
hmmJ,2,2,4,0.5
hmmK,0,1,1,0.0
hmmL,5,4,9,0.56
hmmM,18,9,27,0.67
hmmN,16,16,32,0.5
hmmP,22,24,46,0.48
hmmS,6,7,13,0.46
hmmb,13,15,28,0.46
hmmh,1,0,1,1.0
hmml,6,3,9,0.67
hmmm,11,8,19,0.58
hmmn,10,15,25,0.4
hmms,7,6,13,0.54
hmnB,8,8,16,0.5
hmnD,3,3,6,0.5
hmnH,2,10,12,0.17
hmnI,5,3,8,0.62
hmnK,2,1,3,0.67
hmnL,6,4,10,0.6
hmnM,16,14,30,0.53
hmnN,16,19,35,0.46
hmnP,13,17,30,0.43
hmnS,9,13,22,0.41
hmnb,9,7,16,0.56
hmnh,2,0,2,1.0
hmnl,1,3,4,0.25
hmnm,11,12,23,0.48
hmnn,15,10,25,0.6
hmns,7,7,14,0.5
hmsB,6,3,9,0.67
hmsD,6,1,7,0.86
hmsH,6,11,17,0.35
hmsL,1,2,3,0.33
hmsM,5,9,14,0.36
hmsN,8,9,17,0.47
hmsP,9,10,19,0.47
hmsS,12,7,19,0.63
hmsb,2,6,8,0.25
hmsl,7,1,8,0.88
hmsm,13,9,22,0.59
hmsn,12,7,19,0.63
hmss,8,5,13,0.62
hnBB,12,11,23,0.52
hnBD,1,1,2,0.5
hnBH,0,1,1,0.0
hnBK,0,1,1,0.0
hnBL,6,3,9,0.67
hnBM,12,11,23,0.52
hnBN,12,20,32,0.38
hnBP,13,9,22,0.59
hnBS,4,1,5,0.8
hnBb,16,6,22,0.73
hnBh,1,1,2,0.5
hnBj,1,1,2,0.5
hnBl,2,4,6,0.33
hnBm,16,10,26,0.62
hnBn,14,14,28,0.5
hnBs,4,3,7,0.57
hnBt,0,1,1,0.0
hnDB,0,1,1,0.0
hnDH,1,1,2,0.5
hnDL,1,1,2,0.5
hnDM,1,2,3,0.33
hnDN,2,1,3,0.67
hnDP,3,1,4,0.75
hnDS,4,2,6,0.67
hnDb,0,2,2,0.0
hnDm,2,3,5,0.4
hnDn,2,1,3,0.67
hnDs,2,2,4,0.5
hnDt,0,1,1,0.0
hnHB,5,2,7,0.71
hnHD,2,0,2,1.0
hnHH,1,2,3,0.33
hnHI,0,4,4,0.0
hnHK,0,1,1,0.0
hnHL,3,4,7,0.43
hnHM,7,6,13,0.54
hnHN,8,11,19,0.42
hnHP,8,14,22,0.36
hnHS,7,10,17,0.41
hnHb,7,7,14,0.5
hnHh,1,4,5,0.2
hnHl,4,2,6,0.67
hnHm,7,8,15,0.47
hnHn,10,5,15,0.67
hnHs,8,8,16,0.5
hnHt,1,1,2,0.5
hnIB,2,1,3,0.67
hnID,1,0,1,1.0
hnIH,2,3,5,0.4
hnII,0,1,1,0.0
hnIL,1,1,2,0.5
hnIM,7,2,9,0.78
hnIN,3,2,5,0.6
hnIP,4,2,6,0.67
hnIS,1,2,3,0.33
hnIb,1,0,1,1.0
hnIl,0,0,0,
hnIm,0,4,4,0.0
hnIn,0,3,3,0.0
hnIs,1,1,2,0.5
hnKB,2,1,3,0.67
hnKH,0,2,2,0.0
hnKI,0,2,2,0.0
hnKL,0,1,1,0.0
hnKM,1,2,3,0.33
hnKN,1,2,3,0.33
hnKP,0,3,3,0.0
hnKS,2,0,2,1.0
hnKh,3,0,3,1.0
hnKl,2,0,2,1.0
hnKm,1,3,4,0.25
hnKn,4,2,6,0.67
hnKs,1,3,4,0.25
hnLB,5,8,13,0.38
hnLD,1,0,1,1.0
hnLL,2,1,3,0.67
hnLM,6,7,13,0.46
hnLN,5,6,11,0.45
hnLP,7,10,17,0.41
hnLS,6,3,9,0.67
hnLb,4,7,11,0.36
hnLh,0,2,2,0.0
hnLj,3,3,6,0.5
hnLl,2,5,7,0.29
hnLm,3,5,8,0.38
hnLn,5,2,7,0.71
hnLs,2,1,3,0.67
hnLt,4,1,5,0.8
hnMB,8,10,18,0.44
hnMD,0,1,1,0.0
hnMH,1,0,1,1.0
hnML,7,10,17,0.41
hnMM,13,13,26,0.5
hnMN,15,16,31,0.48
hnMP,14,11,25,0.56
hnMS,8,13,21,0.38
hnMb,13,11,24,0.54
hnMh,15,19,34,0.44
hnMj,3,4,7,0.43
hnMl,9,10,19,0.47
hnMm,19,14,33,0.58
hnMn,18,33,51,0.35
hnMs,12,12,24,0.5
hnMt,3,2,5,0.6
hnNB,15,16,31,0.48
hnND,4,5,9,0.44
hnNH,3,3,6,0.5
hnNI,0,2,2,0.0
hnNK,2,0,2,1.0
hnNL,9,4,13,0.69
hnNM,23,24,47,0.49
hnNN,29,16,45,0.64
hnNP,41,32,73,0.56
hnNS,13,16,29,0.45
hnNb,13,11,24,0.54
hnNh,5,6,11,0.45
hnNl,11,7,18,0.61
hnNm,16,13,29,0.55
hnNn,26,34,60,0.43
hnNs,11,12,23,0.48
hnNt,1,5,6,0.17
hnPB,12,18,30,0.4
hnPD,0,3,3,0.0
hnPH,10,10,20,0.5
hnPI,3,2,5,0.6
hnPK,4,3,7,0.57
hnPL,4,13,17,0.24
hnPM,23,27,50,0.46
hnPN,32,26,58,0.55
hnPP,39,44,83,0.47
hnPS,20,18,38,0.53
hnPb,23,23,46,0.5
hnPh,4,3,7,0.57
hnPl,10,6,16,0.62
hnPm,30,23,53,0.57
hnPn,20,38,58,0.34
hnPs,18,12,30,0.6
hnPt,0,2,2,0.0
hnSB,10,8,18,0.56
hnSD,3,3,6,0.5
hnSH,8,8,16,0.5
hnSK,1,0,1,1.0
hnSL,6,4,10,0.6
hnSM,15,19,34,0.44
hnSN,18,10,28,0.64
hnSP,25,20,45,0.56
hnSS,14,14,28,0.5
hnSb,15,16,31,0.48
hnSh,10,7,17,0.59
hnSl,8,3,11,0.73
hnSm,17,7,24,0.71
hnSn,24,15,39,0.62
hnSs,13,13,26,0.5
hnSt,2,2,4,0.5
hnbB,12,7,19,0.63
hnbD,2,1,3,0.67
hnbH,9,3,12,0.75
hnbI,0,2,2,0.0
hnbJ,1,2,3,0.33
hnbK,0,0,0,
hnbL,5,12,17,0.29
hnbM,12,26,38,0.32
hnbN,16,21,37,0.43
hnbP,16,19,35,0.46
hnbS,7,12,19,0.37
hnbb,18,15,33,0.55
hnbl,6,7,13,0.46
hnbm,8,10,18,0.44
hnbn,18,11,29,0.62
hnbs,11,11,22,0.5
hnhB,2,0,2,1.0
hnhH,0,1,1,0.0
hnhL,1,1,2,0.5
hnhM,1,0,1,1.0
hnhP,1,1,2,0.5
hnhS,2,0,2,1.0
hnhb,0,2,2,0.0
hnhl,1,0,1,1.0
hnhn,1,0,1,1.0
hnhs,0,1,1,0.0
hnlB,3,5,8,0.38
hnlD,1,1,2,0.5
hnlH,1,5,6,0.17
hnlI,0,1,1,0.0
hnlJ,2,2,4,0.5
hnlK,0,1,1,0.0
hnlL,2,3,5,0.4
hnlM,4,6,10,0.4
hnlN,6,8,14,0.43
hnlP,18,9,27,0.67
hnlS,4,4,8,0.5
hnlb,6,5,11,0.55
hnll,0,3,3,0.0
hnlm,5,3,8,0.62
hnln,5,3,8,0.62
hnls,4,2,6,0.67
hnmB,8,12,20,0.4
hnmD,1,1,2,0.5
hnmH,8,14,22,0.36
hnmI,0,1,1,0.0
hnmJ,3,4,7,0.43
hnmK,1,0,1,1.0
hnmL,8,10,18,0.44
hnmM,14,20,34,0.41
hnmN,20,18,38,0.53
hnmP,17,26,43,0.4
hnmS,10,9,19,0.53
hnmb,14,11,25,0.56
hnml,4,5,9,0.44
hnmm,11,9,20,0.55
hnmn,15,18,33,0.45
hnms,2,11,13,0.15
hnnB,10,9,19,0.53
hnnD,2,1,3,0.67
hnnH,9,9,18,0.5
hnnI,2,1,3,0.67
hnnK,1,4,5,0.2
hnnL,10,10,20,0.5
hnnM,13,14,27,0.48
hnnN,22,22,44,0.5
hnnP,34,33,67,0.51
hnnS,7,14,21,0.33
hnnb,14,20,34,0.41
hnnh,2,3,5,0.4
hnnl,2,8,10,0.2
hnnm,14,9,23,0.61
hnnn,22,18,40,0.55
hnns,9,15,24,0.38
hnsB,12,6,18,0.67
hnsD,2,2,4,0.5
hnsH,12,23,35,0.34
hnsI,0,1,1,0.0
hnsL,6,4,10,0.6
hnsM,15,9,24,0.62
hnsN,18,16,34,0.53
hnsP,20,18,38,0.53
hnsS,14,11,25,0.56
hnsb,19,7,26,0.73
hnsl,8,1,9,0.89
hnsm,7,8,15,0.47
hnsn,19,10,29,0.66
hnss,11,11,22,0.5
hsBB,6,13,19,0.32
hsBD,1,1,2,0.5
hsBL,2,2,4,0.5
hsBM,7,7,14,0.5
hsBN,8,9,17,0.47
hsBP,14,13,27,0.52
hsBS,1,3,4,0.25
hsBb,9,8,17,0.53
hsBh,0,1,1,0.0
hsBj,2,5,7,0.29
hsBl,5,6,11,0.45
hsBm,8,3,11,0.73
hsBn,8,7,15,0.53
hsBs,6,7,13,0.46
hsBt,1,1,2,0.5
hsDB,2,2,4,0.5
hsDD,1,0,1,1.0
hsDH,1,1,2,0.5
hsDL,0,2,2,0.0
hsDM,2,1,3,0.67
hsDN,2,1,3,0.67
hsDP,2,4,6,0.33
hsDS,2,3,5,0.4
hsDb,3,2,5,0.6
hsDm,5,3,8,0.62
hsDn,1,1,2,0.5
hsDs,3,3,6,0.5
hsDt,0,0,0,
hsHB,6,8,14,0.43
hsHD,1,1,2,0.5
hsHH,3,2,5,0.6
hsHK,0,2,2,0.0
hsHL,0,5,5,0.0
hsHM,9,24,33,0.27
hsHN,8,11,19,0.42
hsHP,15,13,28,0.54
hsHS,12,15,27,0.44
hsHb,11,6,17,0.65
hsHh,8,10,18,0.44
hsHl,9,10,19,0.47
hsHm,18,11,29,0.62
hsHn,18,18,36,0.5
hsHs,12,14,26,0.46
hsHt,1,0,1,1.0
hsIB,1,0,1,1.0
hsIH,1,3,4,0.25
hsIL,0,1,1,0.0
hsIM,1,3,4,0.25
hsIN,2,1,3,0.67
hsIP,1,1,2,0.5
hsIS,2,4,6,0.33
hsIb,1,1,2,0.5
hsIm,2,4,6,0.33
hsIn,0,1,1,0.0
hsIs,0,4,4,0.0
hsKB,1,1,2,0.5
hsKL,1,0,1,1.0
hsKM,1,0,1,1.0
hsKS,0,0,0,
hsKb,0,1,1,0.0
hsKh,0,0,0,
hsKm,2,0,2,1.0
hsKn,1,0,1,1.0
hsKs,1,0,1,1.0
hsKt,0,0,0,
hsLB,7,5,12,0.58
hsLD,0,1,1,0.0
hsLL,1,0,1,1.0
hsLM,6,1,7,0.86
hsLN,4,2,6,0.67
hsLP,8,5,13,0.62
hsLS,4,5,9,0.44
hsLb,7,4,11,0.64
hsLh,2,3,5,0.4
hsLj,1,3,4,0.25
hsLl,0,5,5,0.0
hsLm,6,2,8,0.75
hsLn,8,9,17,0.47
hsLs,3,3,6,0.5
hsLt,2,0,2,1.0
hsMB,11,9,20,0.55
hsMD,4,1,5,0.8
hsML,6,4,10,0.6
hsMM,13,12,25,0.52
hsMN,7,12,19,0.37
hsMP,11,10,21,0.52
hsMS,13,8,21,0.62
hsMb,9,11,20,0.45
hsMh,13,15,28,0.46
hsMj,3,1,4,0.75
hsMl,7,2,9,0.78
hsMm,12,12,24,0.5
hsMn,8,11,19,0.42
hsMs,5,12,17,0.29
hsMt,2,2,4,0.5
hsNB,3,12,15,0.2
hsND,1,1,2,0.5
hsNH,5,1,6,0.83
hsNI,1,1,2,0.5
hsNK,2,0,2,1.0
hsNL,5,8,13,0.38
hsNM,15,12,27,0.56
hsNN,14,12,26,0.54
hsNP,18,18,36,0.5
hsNS,5,14,19,0.26
hsNb,8,5,13,0.62
hsNh,2,3,5,0.4
hsNl,4,5,9,0.44
hsNm,9,13,22,0.41
hsNn,14,9,23,0.61
hsNs,9,9,18,0.5
hsNt,1,1,2,0.5
hsPB,15,9,24,0.62
hsPD,0,3,3,0.0
hsPH,6,3,9,0.67
hsPI,1,3,4,0.25
hsPK,2,2,4,0.5
hsPL,12,7,19,0.63
hsPM,12,14,26,0.46
hsPN,18,15,33,0.55
hsPP,27,22,49,0.55
hsPS,12,15,27,0.44
hsPb,15,18,33,0.45
hsPh,3,1,4,0.75
hsPl,5,8,13,0.38
hsPm,16,12,28,0.57
hsPn,16,21,37,0.43
hsPs,15,17,32,0.47
hsPt,2,1,3,0.67
hsSB,7,13,20,0.35
hsSD,5,4,9,0.56
hsSH,2,6,8,0.25
hsSI,1,0,1,1.0
hsSK,0,2,2,0.0
hsSL,7,0,7,1.0
hsSM,10,20,30,0.33
hsSN,12,14,26,0.46
hsSP,23,20,43,0.53
hsSS,26,23,49,0.53
hsSb,11,10,21,0.52
hsSh,8,8,16,0.5
hsSl,10,8,18,0.56
hsSm,17,12,29,0.59
hsSn,9,19,28,0.32
hsSs,21,22,43,0.49
hsSt,2,4,6,0.33
hsbB,8,10,18,0.44
hsbD,0,3,3,0.0
hsbH,4,3,7,0.57
hsbI,1,1,2,0.5
hsbJ,0,2,2,0.0
hsbK,3,0,3,1.0
hsbL,3,2,5,0.6
hsbM,12,10,22,0.55
hsbN,15,23,38,0.39
hsbP,14,15,29,0.48
hsbS,6,7,13,0.46
hsbb,10,10,20,0.5
hsbl,4,4,8,0.5
hsbm,16,7,23,0.7
hsbn,13,9,22,0.59
hsbs,3,4,7,0.43
hshB,1,0,1,1.0
hshD,0,0,0,
hshL,1,0,1,1.0
hshM,1,0,1,1.0
hshP,2,0,2,1.0
hshS,0,3,3,0.0
hshb,0,1,1,0.0
hshh,2,0,2,1.0
hshl,0,0,0,
hshm,3,0,3,1.0
hshn,1,0,1,1.0
hshs,2,0,2,1.0
hsht,0,1,1,0.0
hslB,0,6,6,0.0
hslD,0,2,2,0.0
hslH,3,5,8,0.38
hslJ,1,1,2,0.5
hslK,0,1,1,0.0
hslL,3,5,8,0.38
hslM,8,8,16,0.5
hslN,5,5,10,0.5
hslP,6,6,12,0.5
hslS,9,3,12,0.75
hslb,8,5,13,0.62
hsll,1,7,8,0.12
hslm,2,4,6,0.33
hsln,1,2,3,0.33
hsls,4,4,8,0.5
hsmB,4,6,10,0.4
hsmD,3,4,7,0.43
hsmH,10,13,23,0.43
hsmI,1,0,1,1.0
hsmJ,1,2,3,0.33
hsmL,4,6,10,0.4
hsmM,12,14,26,0.46
hsmN,21,18,39,0.54
hsmP,12,19,31,0.39
hsmS,9,8,17,0.53
hsmb,14,12,26,0.54
hsml,2,4,6,0.33
hsmm,13,9,22,0.59
hsmn,8,5,13,0.62
hsms,11,5,16,0.69
hsnB,8,5,13,0.62
hsnD,1,1,2,0.5
hsnH,3,5,8,0.38
hsnI,1,2,3,0.33
hsnK,2,0,2,1.0
hsnL,1,2,3,0.33
hsnM,10,13,23,0.43
hsnN,14,10,24,0.58
hsnP,13,18,31,0.42
hsnS,12,15,27,0.44
hsnb,9,7,16,0.56
hsnh,1,0,1,1.0
hsnl,2,5,7,0.29
hsnm,5,5,10,0.5
hsnn,15,10,25,0.6
hsns,12,13,25,0.48
hsnt,0,1,1,0.0
hssB,4,4,8,0.5
hssD,3,3,6,0.5
hssH,8,4,12,0.67
hssI,1,0,1,1.0
hssL,3,4,7,0.43
hssM,10,12,22,0.45
hssN,6,14,20,0.3
hssP,12,14,26,0.46
hssS,20,14,34,0.59
hssb,5,12,17,0.29
hssh,0,1,1,0.0
hssl,5,4,9,0.56
hssm,16,5,21,0.76
hssn,9,9,18,0.5
hsss,16,14,30,0.53
hsst,0,1,1,0.0
hstB,1,0,1,1.0
hstM,0,1,1,0.0
hstP,1,0,1,1.0
htBB,2,0,2,1.0
htBK,1,0,1,1.0
htBM,1,2,3,0.33
htBN,1,0,1,1.0
htBP,2,1,3,0.67
htBS,0,0,0,
htBb,3,0,3,1.0
htBj,1,2,3,0.33
htBl,0,0,0,
htBm,3,1,4,0.75
htBn,2,3,5,0.4
htBs,1,1,2,0.5
htDB,0,1,1,0.0
htDH,0,1,1,0.0
htDm,1,0,1,1.0
htDs,1,0,1,1.0
htHM,1,1,2,0.5
htHN,0,1,1,0.0
htHP,2,1,3,0.67
htHS,0,0,0,
htHh,1,0,1,1.0
htHm,1,0,1,1.0
htHn,2,1,3,0.67
htHs,0,3,3,0.0
htKM,1,0,1,1.0
htKS,0,1,1,0.0
htKn,0,1,1,0.0
htKs,0,0,0,
htLL,1,0,1,1.0
htLN,1,0,1,1.0
htLP,0,0,0,
htLS,0,0,0,
htLb,3,0,3,1.0
htLh,1,1,2,0.5
htLl,2,0,2,1.0
htLm,0,1,1,0.0
htLn,2,0,2,1.0
htMB,1,4,5,0.2
htML,0,1,1,0.0
htMM,2,1,3,0.67
htMN,2,1,3,0.67
htMP,1,2,3,0.33
htMS,0,1,1,0.0
htMb,2,0,2,1.0
htMh,0,1,1,0.0
htMj,0,1,1,0.0
htMl,0,2,2,0.0
htMm,1,1,2,0.5
htMn,3,1,4,0.75
htMs,0,1,1,0.0
htMt,0,1,1,0.0
htNB,0,1,1,0.0
htNH,0,1,1,0.0
htNL,1,0,1,1.0
htNN,0,4,4,0.0
htNP,4,2,6,0.67
htNS,3,1,4,0.75
htNb,1,2,3,0.33
htNh,1,1,2,0.5
htNl,2,0,2,1.0
htNm,3,6,9,0.33
htNn,4,2,6,0.67
htNs,1,0,1,1.0
htPB,1,4,5,0.2
htPH,1,0,1,1.0
htPL,1,2,3,0.33
htPM,2,2,4,0.5
htPN,2,0,2,1.0
htPP,7,4,11,0.64
htPS,1,3,4,0.25
htPb,2,2,4,0.5
htPh,1,0,1,1.0
htPl,2,2,4,0.5
htPm,2,1,3,0.67
htPn,2,3,5,0.4
htPs,6,2,8,0.75
htSB,4,1,5,0.8
htSH,1,2,3,0.33
htSL,1,0,1,1.0
htSM,1,0,1,1.0
htSN,1,2,3,0.33
htSP,1,2,3,0.33
htSS,3,2,5,0.6
htSb,0,1,1,0.0
htSh,0,1,1,0.0
htSl,1,0,1,1.0
htSm,1,2,3,0.33
htSn,0,1,1,0.0
htSs,2,1,3,0.67
htbB,2,1,3,0.67
htbD,0,1,1,0.0
htbI,0,0,0,
htbL,1,2,3,0.33
htbM,1,1,2,0.5
htbN,3,2,5,0.6
htbP,2,2,4,0.5
htbS,0,1,1,0.0
htbb,1,1,2,0.5
htbl,2,0,2,1.0
htbm,3,1,4,0.75
htbn,2,3,5,0.4
hthP,0,0,0,
htlB,0,1,1,0.0
htlH,0,2,2,0.0
htlL,2,0,2,1.0
htlM,1,1,2,0.5
htlN,1,2,3,0.33
htlP,0,0,0,
htlS,0,3,3,0.0
htlb,0,3,3,0.0
htll,1,0,1,1.0
htlm,0,1,1,0.0
htln,0,2,2,0.0
htls,0,1,1,0.0
htmD,1,0,1,1.0
htmH,1,1,2,0.5
htmJ,0,2,2,0.0
htmL,1,1,2,0.5
htmM,1,2,3,0.33
htmN,2,1,3,0.67
htmP,1,0,1,1.0
htmS,1,1,2,0.5
htmb,1,0,1,1.0
html,1,0,1,1.0
htmm,0,2,2,0.0
htmn,0,1,1,0.0
htms,2,0,2,1.0
htnB,0,0,0,
htnD,0,0,0,
htnH,1,1,2,0.5
htnK,1,0,1,1.0
htnL,1,1,2,0.5
htnM,3,0,3,1.0
htnN,0,3,3,0.0
htnP,4,4,8,0.5
htnS,0,1,1,0.0
htnb,2,0,2,1.0
htnm,1,3,4,0.25
htnn,1,3,4,0.25
htns,2,5,7,0.29
htsB,1,3,4,0.25
htsD,0,1,1,0.0
htsH,2,0,2,1.0
htsI,1,0,1,1.0
htsL,0,1,1,0.0
htsM,0,2,2,0.0
htsN,1,0,1,1.0
htsP,0,2,2,0.0
htsS,2,4,6,0.33
htsb,1,1,2,0.5
htsm,0,0,0,
htsn,2,2,4,0.5
htss,1,1,2,0.5
httM,0,1,1,0.0
httN,0,1,1,0.0
httS,1,0,1,1.0
httm,1,1,2,0.5
htts,0,0,0,
jBBB,0,4,4,0.0
jBBD,1,0,1,1.0
jBBM,0,6,6,0.0
jBBN,1,2,3,0.33
jBBP,3,4,7,0.43
jBBS,2,0,2,1.0
jBBb,4,3,7,0.57
jBBj,1,1,2,0.5
jBBl,2,1,3,0.67
jBBm,3,1,4,0.75
jBBn,2,2,4,0.5
jBBs,0,1,1,0.0
jBBt,1,0,1,1.0
jBDH,0,1,1,0.0
jBDP,2,0,2,1.0
jBDb,1,1,2,0.5
jBDs,0,0,0,
jBKB,0,1,1,0.0
jBKM,0,0,0,
jBKP,1,0,1,1.0
jBKl,0,1,1,0.0
jBKn,2,0,2,1.0
jBKs,0,0,0,
jBLB,2,1,3,0.67
jBLD,1,0,1,1.0
jBLL,0,1,1,0.0
jBLM,1,1,2,0.5
jBLN,0,1,1,0.0
jBLP,0,4,4,0.0
jBLS,0,0,0,
jBLb,1,4,5,0.2
jBLl,1,2,3,0.33
jBLm,1,1,2,0.5
jBLn,1,2,3,0.33
jBLs,1,0,1,1.0
jBMB,1,2,3,0.33
jBMD,1,1,2,0.5
jBML,5,0,5,1.0
jBMM,2,2,4,0.5
jBMN,2,4,6,0.33
jBMP,4,3,7,0.57
jBMS,0,1,1,0.0
jBMb,5,5,10,0.5
jBMh,1,0,1,1.0
jBMj,0,2,2,0.0
jBMl,2,1,3,0.67
jBMm,7,1,8,0.88
jBMn,2,5,7,0.29
jBMt,2,0,2,1.0
jBNB,1,4,5,0.2
jBND,0,1,1,0.0
jBNH,2,0,2,1.0
jBNM,2,4,6,0.33
jBNN,5,3,8,0.62
jBNP,5,3,8,0.62
jBNS,1,1,2,0.5
jBNb,5,7,12,0.42
jBNh,2,0,2,1.0
jBNl,0,2,2,0.0
jBNm,3,3,6,0.5
jBNn,3,3,6,0.5
jBNs,1,0,1,1.0
jBNt,1,1,2,0.5
jBPB,3,2,5,0.6
jBPD,1,0,1,1.0
jBPH,1,1,2,0.5
jBPI,1,0,1,1.0
jBPL,1,2,3,0.33
jBPM,2,3,5,0.4
jBPN,4,4,8,0.5
jBPP,4,7,11,0.36
jBPS,1,2,3,0.33
jBPb,3,5,8,0.38
jBPl,4,4,8,0.5
jBPm,1,3,4,0.25
jBPn,5,3,8,0.62
jBPs,2,1,3,0.67
jBPt,1,0,1,1.0
jBSB,2,0,2,1.0
jBSD,0,1,1,0.0
jBSH,1,1,2,0.5
jBSL,1,0,1,1.0
jBSM,1,0,1,1.0
jBSN,0,2,2,0.0
jBSP,2,2,4,0.5
jBSS,3,1,4,0.75
jBSb,3,1,4,0.75
jBSh,2,1,3,0.67
jBSl,1,2,3,0.33
jBSn,2,1,3,0.67
jBSs,4,0,4,1.0
jBSt,1,0,1,1.0
jBbB,1,4,5,0.2
jBbD,1,0,1,1.0
jBbH,1,1,2,0.5
jBbI,1,1,2,0.5
jBbJ,2,0,2,1.0
jBbK,0,1,1,0.0
jBbL,1,3,4,0.25
jBbM,2,3,5,0.4
jBbN,4,2,6,0.67
jBbP,4,1,5,0.8
jBbS,0,4,4,0.0
jBbb,5,6,11,0.45
jBbl,0,2,2,0.0
jBbm,2,3,5,0.4
jBbn,3,1,4,0.75
jBbs,1,0,1,1.0
jBhH,1,0,1,1.0
jBhP,2,0,2,1.0
jBhb,1,1,2,0.5
jBhl,0,1,1,0.0
jBhn,2,0,2,1.0
jBhs,2,2,4,0.5
jBjB,1,2,3,0.33
jBjL,1,2,3,0.33
jBjM,1,0,1,1.0
jBjN,0,1,1,0.0
jBjP,0,0,0,
jBjb,2,0,2,1.0
jBjh,0,1,1,0.0
jBjm,1,0,1,1.0
jBjs,0,1,1,0.0
jBlB,1,4,5,0.2
jBlD,0,1,1,0.0
jBlH,1,0,1,1.0
jBlI,1,0,1,1.0
jBlJ,1,0,1,1.0
jBlL,0,0,0,
jBlM,1,2,3,0.33
jBlN,2,2,4,0.5
jBlP,2,0,2,1.0
jBlS,1,0,1,1.0
jBlb,3,1,4,0.75
jBll,0,1,1,0.0
jBlm,1,1,2,0.5
jBln,1,0,1,1.0
jBls,1,0,1,1.0
jBmB,0,4,4,0.0
jBmH,2,2,4,0.5
jBmI,1,1,2,0.5
jBmL,1,0,1,1.0
jBmM,1,4,5,0.2
jBmN,1,5,6,0.17
jBmP,2,3,5,0.4
jBmS,1,2,3,0.33
jBmb,2,5,7,0.29
jBml,2,1,3,0.67
jBmm,2,2,4,0.5
jBmn,2,2,4,0.5
jBms,0,3,3,0.0
jBnB,2,2,4,0.5
jBnD,0,1,1,0.0
jBnH,0,3,3,0.0
jBnL,1,0,1,1.0
jBnM,3,4,7,0.43
jBnN,1,6,7,0.14
jBnP,9,10,19,0.47
jBnS,4,1,5,0.8
jBnb,8,1,9,0.89
jBnl,2,1,3,0.67
jBnm,4,1,5,0.8
jBnn,3,5,8,0.38
jBns,1,0,1,1.0
jBsB,1,0,1,1.0
jBsD,1,0,1,1.0
jBsH,1,0,1,1.0
jBsK,0,1,1,0.0
jBsL,1,1,2,0.5
jBsM,0,3,3,0.0
jBsN,0,1,1,0.0
jBsP,1,2,3,0.33
jBsS,1,0,1,1.0
jBsb,0,1,1,0.0
jBsl,0,1,1,0.0
jBsn,3,0,3,1.0
jBss,1,0,1,1.0
jBtD,0,1,1,0.0
jBtN,0,1,1,0.0
jBtP,1,0,1,1.0
jBtS,1,1,2,0.5
jBtb,1,0,1,1.0
jBtm,1,0,1,1.0
jBtn,0,1,1,0.0
jBts,1,0,1,1.0
jDBM,0,0,0,
jDBm,1,1,2,0.5
jDBn,1,0,1,1.0
jDHI,0,1,1,0.0
jDHP,1,0,1,1.0
jDHh,1,0,1,1.0
jDHl,1,0,1,1.0
jDHm,1,0,1,1.0
jDHn,0,1,1,0.0
jDLL,0,1,1,0.0
jDLN,0,0,0,
jDMB,1,0,1,1.0
jDMM,0,1,1,0.0
jDMP,0,1,1,0.0
jDMS,0,0,0,
jDMb,0,0,0,
jDMh,1,0,1,1.0
jDMl,1,0,1,1.0
jDMm,1,1,2,0.5
jDNN,0,2,2,0.0
jDNP,0,1,1,0.0
jDNS,0,1,1,0.0
jDNm,0,0,0,
jDPL,1,0,1,1.0
jDPM,1,2,3,0.33
jDPN,0,2,2,0.0
jDPP,1,1,2,0.5
jDPl,0,1,1,0.0
jDSB,1,0,1,1.0
jDSH,1,0,1,1.0
jDSL,1,0,1,1.0
jDSM,0,1,1,0.0
jDSP,0,1,1,0.0
jDSS,0,1,1,0.0
jDSh,1,0,1,1.0
jDSs,0,0,0,
jDbJ,1,0,1,1.0
jDbM,1,0,1,1.0
jDbN,0,1,1,0.0
jDbS,0,1,1,0.0
jDbb,1,0,1,1.0
jDbl,1,0,1,1.0
jDhN,0,0,0,
jDmB,0,1,1,0.0
jDmH,2,0,2,1.0
jDmM,0,1,1,0.0
jDmN,1,1,2,0.5
jDmP,0,1,1,0.0
jDmb,1,0,1,1.0
jDmm,1,0,1,1.0
jDmn,1,0,1,1.0
jDnK,0,1,1,0.0
jDnL,0,1,1,0.0
jDnM,0,1,1,0.0
jDnP,0,1,1,0.0
jDnn,0,1,1,0.0
jDsP,0,0,0,
jDsb,1,0,1,1.0
jHBB,0,0,0,
jHBL,0,1,1,0.0
jHBM,2,0,2,1.0
jHBN,0,1,1,0.0
jHBP,1,2,3,0.33
jHBb,1,1,2,0.5
jHBh,0,1,1,0.0
jHBj,0,0,0,
jHBl,0,1,1,0.0
jHBm,1,2,3,0.33
jHBn,1,1,2,0.5
jHHH,1,0,1,1.0
jHHI,1,0,1,1.0
jHHh,0,0,0,
jHIM,0,0,0,
jHIs,0,1,1,0.0
jHLK,0,1,1,0.0
jHLM,1,0,1,1.0
jHLP,0,1,1,0.0
jHLb,1,1,2,0.5
jHLn,0,1,1,0.0
jHLs,1,0,1,1.0
jHLt,0,1,1,0.0
jHMB,1,0,1,1.0
jHML,1,0,1,1.0
jHMN,2,0,2,1.0
jHMP,0,1,1,0.0
jHMS,0,1,1,0.0
jHMl,0,1,1,0.0
jHMm,1,1,2,0.5
jHMn,2,2,4,0.5
jHMs,1,1,2,0.5
jHNL,0,1,1,0.0
jHNM,0,3,3,0.0
jHNN,0,1,1,0.0
jHNP,1,2,3,0.33
jHNS,0,1,1,0.0
jHNh,0,1,1,0.0
jHNl,2,2,4,0.5
jHNm,2,0,2,1.0
jHNn,1,1,2,0.5
jHNs,0,1,1,0.0
jHNt,0,0,0,
jHPB,0,1,1,0.0
jHPH,0,2,2,0.0
jHPK,1,0,1,1.0
jHPL,2,1,3,0.67
jHPM,2,0,2,1.0
jHPN,0,2,2,0.0
jHPP,2,3,5,0.4
jHPS,1,0,1,1.0
jHPb,2,0,2,1.0
jHPh,0,2,2,0.0
jHPl,0,2,2,0.0
jHPm,2,1,3,0.67
jHPn,2,3,5,0.4
jHPs,1,0,1,1.0
jHPt,1,0,1,1.0
jHSB,0,1,1,0.0
jHSH,1,0,1,1.0
jHSM,1,0,1,1.0
jHSN,1,2,3,0.33
jHSP,0,2,2,0.0
jHSS,2,0,2,1.0
jHSb,0,2,2,0.0
jHSl,1,1,2,0.5
jHSm,0,1,1,0.0
jHSn,0,0,0,
jHSs,1,1,2,0.5
jHbB,1,1,2,0.5
jHbD,0,1,1,0.0
jHbJ,1,0,1,1.0
jHbL,0,2,2,0.0
jHbM,1,1,2,0.5
jHbN,2,1,3,0.67
jHbP,2,1,3,0.67
jHbS,1,0,1,1.0
jHbb,0,1,1,0.0
jHbl,1,0,1,1.0
jHbm,1,2,3,0.33
jHbn,1,1,2,0.5
jHhM,1,2,3,0.33
jHhN,1,0,1,1.0
jHhP,2,0,2,1.0
jHhS,2,2,4,0.5
jHhm,1,0,1,1.0
jHhs,1,0,1,1.0
jHlJ,0,1,1,0.0
jHlM,0,0,0,
jHlN,0,1,1,0.0
jHlP,1,0,1,1.0
jHlS,1,0,1,1.0
jHlb,2,0,2,1.0
jHln,1,1,2,0.5
jHmB,0,1,1,0.0
jHmH,1,0,1,1.0
jHmJ,1,0,1,1.0
jHmK,0,1,1,0.0
jHmM,0,3,3,0.0
jHmN,0,0,0,
jHmP,3,3,6,0.5
jHmS,0,1,1,0.0
jHmb,2,0,2,1.0
jHmm,0,2,2,0.0
jHnB,0,0,0,
jHnH,0,0,0,
jHnI,0,1,1,0.0
jHnM,0,2,2,0.0
jHnN,1,2,3,0.33
jHnP,1,0,1,1.0
jHnS,0,2,2,0.0
jHnb,2,0,2,1.0
jHnm,1,2,3,0.33
jHnn,2,0,2,1.0
jHns,0,0,0,
jHsH,1,0,1,1.0
jHsM,1,1,2,0.5
jHsN,1,2,3,0.33
jHsP,2,0,2,1.0
jHsl,0,1,1,0.0
jHsm,2,0,2,1.0
jHsn,0,1,1,0.0
jHss,0,1,1,0.0
jHtn,1,0,1,1.0
jIBB,0,0,0,
jIBK,1,0,1,1.0
jIBl,0,0,0,
jIDM,1,0,1,1.0
jIHP,1,0,1,1.0
jIHh,0,1,1,0.0
jIHl,0,1,1,0.0
jILB,0,0,0,
jILl,1,0,1,1.0
jILn,1,0,1,1.0
jIMB,0,1,1,0.0
jIML,1,0,1,1.0
jIMM,1,0,1,1.0
jIMN,1,0,1,1.0
jIMS,0,1,1,0.0
jIMb,1,0,1,1.0
jIMl,0,1,1,0.0
jIMm,0,0,0,
jIMn,0,1,1,0.0
jIMs,0,0,0,
jINP,0,0,0,
jINb,0,1,1,0.0
jIPL,0,1,1,0.0
jIPM,1,0,1,1.0
jIPN,1,0,1,1.0
jIPP,0,1,1,0.0
jIPb,2,1,3,0.67
jIPh,0,0,0,
jIPl,0,1,1,0.0
jIPn,0,0,0,
jIPs,0,1,1,0.0
jISH,0,0,0,
jISm,0,1,1,0.0
jIbM,0,2,2,0.0
jIbN,0,2,2,0.0
jIbP,0,0,0,
jIbb,0,1,1,0.0
jIbm,1,1,2,0.5
jIbn,1,0,1,1.0
jIlM,1,0,1,1.0
jIlP,0,1,1,0.0
jImB,1,0,1,1.0
jImJ,1,0,1,1.0
jImM,0,1,1,0.0
jImb,1,1,2,0.5
jInD,0,1,1,0.0
jInI,0,1,1,0.0
jInP,1,0,1,1.0
jInS,1,0,1,1.0
jInh,0,1,1,0.0
jIsM,0,1,1,0.0
jIsm,0,0,0,
jIsn,0,1,1,0.0
jIss,0,0,0,
jItB,1,0,1,1.0
jKBS,2,0,2,1.0
jKBb,0,1,1,0.0
jKBl,0,0,0,
jKBn,1,0,1,1.0
jKHP,1,0,1,1.0
jKLb,0,1,1,0.0
jKLh,1,0,1,1.0
jKLm,0,1,1,0.0
jKLn,1,0,1,1.0
jKLs,0,1,1,0.0
jKMB,1,0,1,1.0
jKMD,0,1,1,0.0
jKMP,2,0,2,1.0
jKMb,0,1,1,0.0
jKMm,1,1,2,0.5
jKNL,0,1,1,0.0
jKNN,1,0,1,1.0
jKNP,1,0,1,1.0
jKNl,0,1,1,0.0
jKNm,0,1,1,0.0
jKPS,0,2,2,0.0
jKPb,2,1,3,0.67
jKPt,0,1,1,0.0
jKSL,1,1,2,0.5
jKSS,1,0,1,1.0
jKSm,0,1,1,0.0
jKSt,0,1,1,0.0
jKbD,0,1,1,0.0
jKbH,0,1,1,0.0
jKbN,1,0,1,1.0
jKbb,1,0,1,1.0
jKbm,1,0,1,1.0
jKhD,0,1,1,0.0
jKhM,1,3,4,0.25
jKhP,1,0,1,1.0
jKhl,0,1,1,0.0
jKlH,1,0,1,1.0
jKlM,1,1,2,0.5
jKlP,1,0,1,1.0
jKmB,1,0,1,1.0
jKmb,1,0,1,1.0
jKmm,1,1,2,0.5
jKms,2,0,2,1.0
jKnH,1,0,1,1.0
jKnL,1,0,1,1.0
jKnN,0,1,1,0.0
jKnS,0,1,1,0.0
jKnm,1,0,1,1.0
jKsH,0,1,1,0.0
jKsM,0,0,0,
jLBB,0,1,1,0.0
jLBD,1,0,1,1.0
jLBL,1,1,2,0.5
jLBM,1,1,2,0.5
jLBN,0,1,1,0.0
jLBP,2,6,8,0.25
jLBS,1,0,1,1.0
jLBb,0,0,0,
jLBh,0,1,1,0.0
jLBj,1,0,1,1.0
jLBm,2,2,4,0.5
jLBn,1,3,4,0.25
jLBs,1,0,1,1.0
jLDL,1,0,1,1.0
jLDb,0,1,1,0.0
jLKB,0,1,1,0.0
jLKM,1,1,2,0.5
jLLB,1,0,1,1.0
jLLM,1,2,3,0.33
jLLN,1,1,2,0.5
jLLS,1,0,1,1.0
jLLh,0,0,0,
jLLm,1,1,2,0.5
jLLn,2,0,2,1.0
jLLs,0,1,1,0.0
jLMB,2,1,3,0.67
jLML,2,0,2,1.0
jLMM,0,1,1,0.0
jLMN,0,1,1,0.0
jLMP,2,1,3,0.67
jLMS,1,0,1,1.0
jLMb,3,2,5,0.6
jLMh,0,1,1,0.0
jLMl,1,1,2,0.5
jLMm,2,0,2,1.0
jLMn,3,1,4,0.75
jLMs,1,0,1,1.0
jLNB,3,1,4,0.75
jLND,1,0,1,1.0
jLNH,0,0,0,
jLNL,0,1,1,0.0
jLNM,2,2,4,0.5
jLNN,0,2,2,0.0
jLNP,4,1,5,0.8
jLNS,0,1,1,0.0
jLNb,2,0,2,1.0
jLNl,0,1,1,0.0
jLNm,2,2,4,0.5
jLNn,1,0,1,1.0
jLNs,0,1,1,0.0
jLNt,0,2,2,0.0
jLPB,0,1,1,0.0
jLPD,0,1,1,0.0
jLPH,0,1,1,0.0
jLPL,0,2,2,0.0
jLPM,1,2,3,0.33
jLPN,2,2,4,0.5
jLPP,1,4,5,0.2
jLPS,1,1,2,0.5
jLPb,1,1,2,0.5
jLPl,0,2,2,0.0
jLPm,1,2,3,0.33
jLPn,2,3,5,0.4
jLPs,3,0,3,1.0
jLSB,2,0,2,1.0
jLSH,0,1,1,0.0
jLSL,2,0,2,1.0
jLSM,0,1,1,0.0
jLSN,1,0,1,1.0
jLSP,0,2,2,0.0
jLSS,2,1,3,0.67
jLSl,2,0,2,1.0
jLSm,0,1,1,0.0
jLSn,0,1,1,0.0
jLSs,0,1,1,0.0
jLbB,1,2,3,0.33
jLbH,0,2,2,0.0
jLbI,0,1,1,0.0
jLbJ,1,2,3,0.33
jLbK,0,1,1,0.0
jLbM,1,2,3,0.33
jLbN,1,2,3,0.33
jLbP,2,4,6,0.33
jLbS,1,1,2,0.5
jLbl,1,0,1,1.0
jLbm,2,2,4,0.5
jLbn,0,0,0,
jLhB,0,2,2,0.0
jLhL,1,0,1,1.0
jLhP,1,1,2,0.5
jLhh,1,1,2,0.5
jLhm,1,1,2,0.5
jLhn,2,1,3,0.67
jLhs,0,1,1,0.0
jLjB,1,0,1,1.0
jLjL,1,0,1,1.0
jLjM,0,0,0,
jLjN,1,0,1,1.0
jLjP,1,2,3,0.33
jLjS,0,0,0,
jLjh,0,1,1,0.0
jLjm,0,0,0,
jLjn,1,0,1,1.0
jLjs,0,1,1,0.0
jLlB,3,0,3,1.0
jLlH,1,1,2,0.5
jLlJ,0,1,1,0.0
jLlM,1,1,2,0.5
jLlP,3,0,3,1.0
jLlb,2,2,4,0.5
jLln,1,0,1,1.0
jLls,0,0,0,
jLmB,0,1,1,0.0
jLmH,1,1,2,0.5
jLmJ,1,0,1,1.0
jLmL,0,1,1,0.0
jLmM,3,3,6,0.5
jLmN,0,3,3,0.0
jLmP,1,3,4,0.25
jLmb,1,1,2,0.5
jLml,0,1,1,0.0
jLmm,0,2,2,0.0
jLmn,1,2,3,0.33
jLms,0,1,1,0.0
jLnB,2,0,2,1.0
jLnH,1,1,2,0.5
jLnL,2,0,2,1.0
jLnM,2,2,4,0.5
jLnN,2,4,6,0.33
jLnP,4,4,8,0.5
jLnS,0,1,1,0.0
jLnb,2,2,4,0.5
jLnl,1,1,2,0.5
jLnm,2,6,8,0.25
jLnn,3,2,5,0.6
jLns,2,0,2,1.0
jLsB,0,1,1,0.0
jLsD,1,0,1,1.0
jLsH,0,1,1,0.0
jLsM,3,0,3,1.0
jLsN,1,0,1,1.0
jLsP,1,2,3,0.33
jLsS,1,2,3,0.33
jLsb,0,2,2,0.0
jLsl,1,1,2,0.5
jLsm,2,0,2,1.0
jLsn,0,1,1,0.0
jLss,0,1,1,0.0
jLtS,1,0,1,1.0
jMBB,4,1,5,0.8
jMBK,2,0,2,1.0
jMBL,0,2,2,0.0
jMBM,2,2,4,0.5
jMBN,1,2,3,0.33
jMBP,3,3,6,0.5
jMBS,1,2,3,0.33
jMBb,4,3,7,0.57
jMBh,0,1,1,0.0
jMBj,2,0,2,1.0
jMBl,3,0,3,1.0
jMBm,0,4,4,0.0
jMBn,6,3,9,0.67
jMBs,2,1,3,0.67
jMBt,1,2,3,0.33
jMDD,0,0,0,
jMDH,0,0,0,
jMDM,0,1,1,0.0
jMDN,1,0,1,1.0
jMDP,1,0,1,1.0
jMDm,0,1,1,0.0
jMDs,1,1,2,0.5
jMLL,0,2,2,0.0
jMLM,0,1,1,0.0
jMLN,2,0,2,1.0
jMLP,3,0,3,1.0
jMLb,2,1,3,0.67
jMLl,0,1,1,0.0
jMLm,1,2,3,0.33
jMLn,4,2,6,0.67
jMLs,0,1,1,0.0
jMMB,2,1,3,0.67
jMML,1,1,2,0.5
jMMM,1,3,4,0.25
jMMN,3,2,5,0.6
jMMP,2,2,4,0.5
jMMS,1,0,1,1.0
jMMb,3,3,6,0.5
jMMh,1,2,3,0.33
jMMj,0,2,2,0.0
jMMl,0,1,1,0.0
jMMm,2,0,2,1.0
jMMn,4,3,7,0.57
jMMs,0,0,0,
jMNB,2,3,5,0.4
jMND,1,0,1,1.0
jMNH,0,1,1,0.0
jMNK,0,1,1,0.0
jMNL,0,1,1,0.0
jMNM,3,2,5,0.6
jMNN,5,4,9,0.56
jMNP,8,10,18,0.44
jMNS,2,1,3,0.67
jMNb,3,2,5,0.6
jMNh,2,1,3,0.67
jMNl,1,1,2,0.5
jMNm,2,2,4,0.5
jMNn,5,2,7,0.71
jMNs,0,2,2,0.0
jMNt,1,0,1,1.0
jMPB,11,4,15,0.73
jMPD,2,0,2,1.0
jMPH,0,1,1,0.0
jMPI,1,1,2,0.5
jMPL,1,3,4,0.25
jMPM,1,2,3,0.33
jMPN,1,3,4,0.25
jMPP,3,5,8,0.38
jMPS,1,1,2,0.5
jMPb,2,6,8,0.25
jMPh,0,1,1,0.0
jMPl,0,2,2,0.0
jMPm,6,5,11,0.55
jMPn,4,1,5,0.8
jMPs,3,1,4,0.75
jMSB,2,0,2,1.0
jMSD,0,1,1,0.0
jMSH,0,2,2,0.0
jMSM,1,2,3,0.33
jMSN,3,4,7,0.43
jMSP,2,4,6,0.33
jMSS,1,2,3,0.33
jMSb,1,2,3,0.33
jMSh,1,2,3,0.33
jMSl,4,1,5,0.8
jMSm,0,0,0,
jMSn,2,2,4,0.5
jMSs,1,0,1,1.0
jMSt,1,0,1,1.0
jMbB,1,4,5,0.2
jMbD,1,0,1,1.0
jMbH,0,4,4,0.0
jMbI,1,0,1,1.0
jMbJ,0,2,2,0.0
jMbK,1,0,1,1.0
jMbL,2,0,2,1.0
jMbM,5,8,13,0.38
jMbN,1,8,9,0.11
jMbP,5,10,15,0.33
jMbS,1,5,6,0.17
jMbb,4,4,8,0.5
jMbl,1,1,2,0.5
jMbm,1,3,4,0.25
jMbn,2,5,7,0.29
jMbs,1,4,5,0.2
jMhD,0,0,0,
jMhH,0,0,0,
jMhK,1,0,1,1.0
jMhL,0,2,2,0.0
jMhM,2,4,6,0.33
jMhN,3,0,3,1.0
jMhP,1,1,2,0.5
jMhS,2,3,5,0.4
jMhb,2,2,4,0.5
jMhh,1,2,3,0.33
jMhl,1,1,2,0.5
jMhn,4,2,6,0.67
jMhs,3,1,4,0.75
jMjB,1,1,2,0.5
jMjL,1,0,1,1.0
jMjM,0,1,1,0.0
jMjN,1,3,4,0.25
jMjP,2,0,2,1.0
jMjS,0,1,1,0.0
jMjb,0,2,2,0.0
jMjl,0,1,1,0.0
jMjm,1,1,2,0.5
jMjn,0,3,3,0.0
jMjs,1,1,2,0.5
jMlB,1,3,4,0.25
jMlH,1,0,1,1.0
jMlI,1,1,2,0.5
jMlL,1,0,1,1.0
jMlM,2,2,4,0.5
jMlN,2,1,3,0.67
jMlP,1,2,3,0.33
jMlb,1,1,2,0.5
jMll,1,0,1,1.0
jMlm,0,3,3,0.0
jMln,1,0,1,1.0
jMls,1,1,2,0.5
jMmB,6,1,7,0.86
jMmD,1,0,1,1.0
jMmH,1,2,3,0.33
jMmI,1,0,1,1.0
jMmJ,3,2,5,0.6
jMmL,1,0,1,1.0
jMmM,2,2,4,0.5
jMmN,2,3,5,0.4
jMmP,4,3,7,0.57
jMmS,3,2,5,0.6
jMmb,6,2,8,0.75
jMml,0,0,0,
jMmm,3,3,6,0.5
jMmn,2,2,4,0.5
jMms,1,3,4,0.25
jMnB,4,1,5,0.8
jMnH,2,4,6,0.33
jMnI,1,1,2,0.5
jMnK,0,1,1,0.0
jMnL,1,1,2,0.5
jMnM,9,3,12,0.75
jMnN,9,1,10,0.9
jMnP,5,6,11,0.45
jMnS,1,4,5,0.2
jMnb,3,3,6,0.5
jMnh,1,0,1,1.0
jMnl,3,3,6,0.5
jMnm,6,2,8,0.75
jMnn,5,9,14,0.36
jMns,3,2,5,0.6
jMsB,2,4,6,0.33
jMsH,2,1,3,0.67
jMsL,1,1,2,0.5
jMsM,2,2,4,0.5
jMsN,3,6,9,0.33
jMsP,5,2,7,0.71
jMsS,1,2,3,0.33
jMsb,2,2,4,0.5
jMsl,3,1,4,0.75
jMsm,1,2,3,0.33
jMsn,0,1,1,0.0
jMss,1,2,3,0.33
jMtB,0,0,0,
jMtL,0,1,1,0.0
jMtM,0,1,1,0.0
jMtN,2,1,3,0.67
jMtS,1,0,1,1.0
jMtb,1,0,1,1.0
jNBB,2,3,5,0.4
jNBK,1,0,1,1.0
jNBL,0,0,0,
jNBM,2,2,4,0.5
jNBN,3,5,8,0.38
jNBP,6,1,7,0.86
jNBS,3,4,7,0.43
jNBb,0,1,1,0.0
jNBj,2,0,2,1.0
jNBl,0,0,0,
jNBm,4,0,4,1.0
jNBn,4,2,6,0.67
jNBs,1,0,1,1.0
jNBt,1,0,1,1.0
jNDB,0,1,1,0.0
jNDH,0,0,0,
jNDL,1,0,1,1.0
jNDN,1,1,2,0.5
jNDP,1,1,2,0.5
jNDS,1,0,1,1.0
jNDm,0,0,0,
jNDs,1,0,1,1.0
jNHD,1,0,1,1.0
jNHH,1,0,1,1.0
jNHI,1,0,1,1.0
jNHM,0,1,1,0.0
jNHN,2,0,2,1.0
jNHP,1,1,2,0.5
jNHl,0,1,1,0.0
jNHs,1,0,1,1.0
jNKM,0,1,1,0.0
jNKn,1,0,1,1.0
jNKs,0,0,0,
jNLB,1,1,2,0.5
jNLM,4,0,4,1.0
jNLN,0,2,2,0.0
jNLP,3,0,3,1.0
jNLS,2,2,4,0.5
jNLb,0,3,3,0.0
jNLh,1,0,1,1.0
jNLj,1,0,1,1.0
jNLl,0,2,2,0.0
jNLm,1,4,5,0.2
jNLn,1,3,4,0.25
jNLs,1,2,3,0.33
jNMB,2,2,4,0.5
jNMD,0,0,0,
jNML,1,1,2,0.5
jNMM,1,4,5,0.2
jNMN,2,3,5,0.4
jNMP,1,1,2,0.5
jNMS,0,2,2,0.0
jNMb,4,3,7,0.57
jNMh,0,1,1,0.0
jNMj,0,1,1,0.0
jNMl,2,3,5,0.4
jNMm,1,5,6,0.17
jNMn,6,6,12,0.5
jNMs,1,2,3,0.33
jNMt,1,0,1,1.0
jNNB,2,4,6,0.33
jNNK,0,1,1,0.0
jNNL,1,0,1,1.0
jNNM,2,4,6,0.33
jNNN,4,6,10,0.4
jNNP,7,4,11,0.64
jNNS,4,0,4,1.0
jNNb,4,4,8,0.5
jNNh,2,2,4,0.5
jNNl,0,1,1,0.0
jNNm,3,3,6,0.5
jNNn,4,4,8,0.5
jNNs,1,3,4,0.25
jNNt,1,0,1,1.0
jNPB,5,3,8,0.62
jNPH,1,2,3,0.33
jNPL,1,3,4,0.25
jNPM,7,6,13,0.54
jNPN,6,7,13,0.46
jNPP,5,11,16,0.31
jNPS,12,4,16,0.75
jNPb,3,2,5,0.6
jNPh,0,1,1,0.0
jNPl,7,3,10,0.7
jNPm,7,8,15,0.47
jNPn,7,5,12,0.58
jNPs,4,4,8,0.5
jNSB,2,2,4,0.5
jNSH,0,1,1,0.0
jNSK,1,0,1,1.0
jNSL,0,2,2,0.0
jNSM,1,4,5,0.2
jNSN,2,1,3,0.67
jNSP,3,3,6,0.5
jNSS,0,1,1,0.0
jNSb,7,4,11,0.64
jNSh,1,0,1,1.0
jNSm,1,1,2,0.5
jNSn,2,4,6,0.33
jNSs,2,2,4,0.5
jNSt,0,1,1,0.0
jNbB,4,3,7,0.57
jNbK,0,0,0,
jNbL,0,1,1,0.0
jNbM,1,5,6,0.17
jNbN,3,5,8,0.38
jNbP,5,12,17,0.29
jNbS,1,2,3,0.33
jNbb,5,0,5,1.0
jNbl,0,1,1,0.0
jNbm,3,4,7,0.43
jNbn,2,2,4,0.5
jNbs,3,1,4,0.75
jNhB,1,0,1,1.0
jNhD,0,1,1,0.0
jNhH,0,1,1,0.0
jNhL,2,1,3,0.67
jNhM,2,0,2,1.0
jNhN,2,1,3,0.67
jNhP,3,4,7,0.43
jNhS,1,1,2,0.5
jNhb,1,4,5,0.2
jNhh,1,2,3,0.33
jNhl,0,2,2,0.0
jNhm,0,1,1,0.0
jNhn,2,1,3,0.67
jNhs,0,2,2,0.0
jNlB,2,2,4,0.5
jNlD,1,0,1,1.0
jNlH,1,1,2,0.5
jNlI,0,2,2,0.0
jNlJ,0,1,1,0.0
jNlL,1,1,2,0.5
jNlN,2,0,2,1.0
jNlP,3,3,6,0.5
jNlS,2,2,4,0.5
jNlb,2,1,3,0.67
jNll,0,2,2,0.0
jNlm,0,1,1,0.0
jNln,1,0,1,1.0
jNls,1,2,3,0.33
jNmB,2,4,6,0.33
jNmD,0,2,2,0.0
jNmH,0,5,5,0.0
jNmI,1,0,1,1.0
jNmJ,2,0,2,1.0
jNmL,0,3,3,0.0
jNmM,2,0,2,1.0
jNmN,0,6,6,0.0
jNmP,3,5,8,0.38
jNmS,3,1,4,0.75
jNmb,4,1,5,0.8
jNmm,1,1,2,0.5
jNmn,2,1,3,0.67
jNms,1,1,2,0.5
jNnB,6,5,11,0.55
jNnD,0,1,1,0.0
jNnH,4,1,5,0.8
jNnI,0,1,1,0.0
jNnK,1,0,1,1.0
jNnL,2,3,5,0.4
jNnM,6,6,12,0.5
jNnN,4,2,6,0.67
jNnP,5,6,11,0.45
jNnS,6,1,7,0.86
jNnb,2,4,6,0.33
jNnh,1,0,1,1.0
jNnl,1,0,1,1.0
jNnm,8,2,10,0.8
jNnn,5,6,11,0.45
jNns,3,2,5,0.6
jNsB,0,1,1,0.0
jNsD,0,1,1,0.0
jNsH,4,2,6,0.67
jNsL,0,1,1,0.0
jNsM,2,2,4,0.5
jNsN,2,2,4,0.5
jNsP,3,4,7,0.43
jNsS,2,3,5,0.4
jNsb,3,2,5,0.6
jNsl,0,1,1,0.0
jNsm,2,2,4,0.5
jNsn,0,1,1,0.0
jNss,2,3,5,0.4
jNtB,1,0,1,1.0
jNtD,0,1,1,0.0
jNtN,0,1,1,0.0
jNtP,1,0,1,1.0
jNtm,0,1,1,0.0
jNtn,2,1,3,0.67
jNts,1,0,1,1.0
jPBB,5,2,7,0.71
jPBD,0,1,1,0.0
jPBK,1,0,1,1.0
jPBL,1,1,2,0.5
jPBM,3,7,10,0.3
jPBN,2,7,9,0.22
jPBP,10,6,16,0.62
jPBS,0,2,2,0.0
jPBb,4,0,4,1.0
jPBl,3,1,4,0.75
jPBm,9,1,10,0.9
jPBn,5,4,9,0.56
jPBs,1,2,3,0.33
jPBt,0,1,1,0.0
jPDB,0,1,1,0.0
jPDD,0,0,0,
jPDM,1,1,2,0.5
jPDN,0,1,1,0.0
jPDS,1,0,1,1.0
jPDb,0,0,0,
jPDm,1,0,1,1.0
jPDs,1,0,1,1.0
jPHB,0,1,1,0.0
jPHD,0,1,1,0.0
jPHL,1,1,2,0.5
jPHM,1,1,2,0.5
jPHN,1,0,1,1.0
jPHP,1,1,2,0.5
jPHS,0,1,1,0.0
jPHb,1,0,1,1.0
jPHh,1,0,1,1.0
jPHl,2,3,5,0.4
jPHm,0,1,1,0.0
jPHn,3,0,3,1.0
jPHs,0,1,1,0.0
jPIB,1,0,1,1.0
jPIL,1,0,1,1.0
jPIM,1,1,2,0.5
jPIN,1,0,1,1.0
jPIP,1,0,1,1.0
jPIn,0,0,0,
jPKL,2,0,2,1.0
jPKM,1,1,2,0.5
jPKN,1,0,1,1.0
jPKP,1,3,4,0.25
jPKS,0,1,1,0.0
jPKb,2,0,2,1.0
jPKh,0,0,0,
jPKs,0,1,1,0.0
jPLB,2,5,7,0.29
jPLD,1,0,1,1.0
jPLL,1,0,1,1.0
jPLM,4,2,6,0.67
jPLN,2,4,6,0.33
jPLP,4,4,8,0.5
jPLS,1,1,2,0.5
jPLb,4,5,9,0.44
jPLh,0,1,1,0.0
jPLj,0,1,1,0.0
jPLl,1,0,1,1.0
jPLm,2,1,3,0.67
jPLn,4,3,7,0.57
jPLs,1,1,2,0.5
jPLt,1,1,2,0.5
jPMB,5,4,9,0.56
jPML,3,2,5,0.6
jPMM,2,2,4,0.5
jPMN,3,8,11,0.27
jPMP,6,5,11,0.55
jPMS,1,3,4,0.25
jPMb,5,4,9,0.56
jPMh,4,3,7,0.57
jPMj,0,1,1,0.0
jPMl,1,2,3,0.33
jPMm,8,6,14,0.57
jPMn,3,7,10,0.3
jPMs,5,2,7,0.71
jPMt,0,1,1,0.0
jPNB,4,2,6,0.67
jPND,1,0,1,1.0
jPNH,0,1,1,0.0
jPNL,3,3,6,0.5
jPNM,2,5,7,0.29
jPNN,7,5,12,0.58
jPNP,13,7,20,0.65
jPNS,2,1,3,0.67
jPNb,4,3,7,0.57
jPNh,3,3,6,0.5
jPNl,1,4,5,0.2
jPNm,3,2,5,0.6
jPNn,6,5,11,0.55
jPNs,2,2,4,0.5
jPPB,3,8,11,0.27
jPPD,2,0,2,1.0
jPPH,1,2,3,0.33
jPPI,3,1,4,0.75
jPPK,0,1,1,0.0
jPPL,2,3,5,0.4
jPPM,7,11,18,0.39
jPPN,5,9,14,0.36
jPPP,9,15,24,0.38
jPPS,10,1,11,0.91
jPPb,10,10,20,0.5
jPPh,0,2,2,0.0
jPPl,11,2,13,0.85
jPPm,3,6,9,0.33
jPPn,8,3,11,0.73
jPPs,5,5,10,0.5
jPPt,2,2,4,0.5
jPSB,4,0,4,1.0
jPSH,1,1,2,0.5
jPSL,3,2,5,0.6
jPSM,4,5,9,0.44
jPSN,2,2,4,0.5
jPSP,2,9,11,0.18
jPSS,4,6,10,0.4
jPSb,2,2,4,0.5
jPSh,3,2,5,0.6
jPSl,1,4,5,0.2
jPSm,3,4,7,0.43
jPSn,6,1,7,0.86
jPSs,5,4,9,0.56
jPSt,3,0,3,1.0
jPbB,1,4,5,0.2
jPbD,0,0,0,
jPbH,1,1,2,0.5
jPbJ,1,0,1,1.0
jPbK,1,1,2,0.5
jPbL,2,3,5,0.4
jPbM,8,13,21,0.38
jPbN,9,4,13,0.69
jPbP,8,11,19,0.42
jPbS,0,0,0,
jPbb,5,3,8,0.62
jPbl,1,2,3,0.33
jPbm,6,6,12,0.5
jPbn,7,0,7,1.0
jPbs,2,0,2,1.0
jPhB,1,1,2,0.5
jPhD,1,0,1,1.0
jPhM,1,2,3,0.33
jPhP,1,1,2,0.5
jPhS,2,0,2,1.0
jPhb,0,1,1,0.0
jPhm,2,0,2,1.0
jPhn,1,1,2,0.5
jPhs,0,1,1,0.0
jPlB,3,2,5,0.6
jPlD,0,0,0,
jPlH,0,2,2,0.0
jPlI,1,0,1,1.0
jPlJ,1,0,1,1.0
jPlK,1,0,1,1.0
jPlL,2,5,7,0.29
jPlM,4,2,6,0.67
jPlN,0,2,2,0.0
jPlP,4,5,9,0.44
jPlS,3,2,5,0.6
jPlb,4,2,6,0.67
jPll,1,1,2,0.5
jPlm,2,1,3,0.67
jPln,0,2,2,0.0
jPls,3,3,6,0.5
jPmB,7,9,16,0.44
jPmD,0,0,0,
jPmH,4,5,9,0.44
jPmJ,3,3,6,0.5
jPmL,2,4,6,0.33
jPmM,4,3,7,0.57
jPmN,2,4,6,0.33
jPmP,4,8,12,0.33
jPmS,3,3,6,0.5
jPmb,4,6,10,0.4
jPml,1,3,4,0.25
jPmm,2,1,3,0.67
jPmn,5,4,9,0.56
jPms,3,2,5,0.6
jPnB,5,4,9,0.56
jPnD,0,1,1,0.0
jPnH,2,2,4,0.5
jPnI,0,1,1,0.0
jPnK,0,1,1,0.0
jPnL,4,1,5,0.8
jPnM,2,6,8,0.25
jPnN,8,5,13,0.62
jPnP,13,4,17,0.76
jPnS,1,7,8,0.12
jPnb,5,5,10,0.5
jPnl,2,5,7,0.29
jPnm,1,6,7,0.14
jPnn,7,4,11,0.64
jPns,3,0,3,1.0
jPsB,2,1,3,0.67
jPsD,0,1,1,0.0
jPsH,2,0,2,1.0
jPsI,0,0,0,
jPsK,0,1,1,0.0
jPsL,3,2,5,0.6
jPsM,4,3,7,0.57
jPsN,1,1,2,0.5
jPsP,3,6,9,0.33
jPsS,1,3,4,0.25
jPsb,6,1,7,0.86
jPsl,0,1,1,0.0
jPsm,3,6,9,0.33
jPsn,3,3,6,0.5
jPss,2,1,3,0.67
jPtM,1,1,2,0.5
jPtP,0,1,1,0.0
jPtS,0,0,0,
jPtb,0,1,1,0.0
jPtl,2,1,3,0.67
jPtm,1,1,2,0.5
jPts,2,0,2,1.0
jSBB,1,2,3,0.33
jSBM,2,3,5,0.4
jSBN,2,0,2,1.0
jSBP,7,2,9,0.78
jSBS,2,1,3,0.67
jSBb,1,2,3,0.33
jSBl,1,1,2,0.5
jSBm,1,1,2,0.5
jSBn,2,5,7,0.29
jSBs,1,3,4,0.25
jSBt,1,2,3,0.33
jSDL,1,0,1,1.0
jSDP,1,0,1,1.0
jSDn,0,1,1,0.0
jSHB,1,0,1,1.0
jSHL,0,1,1,0.0
jSHM,2,0,2,1.0
jSHN,1,2,3,0.33
jSHP,1,2,3,0.33
jSHS,1,2,3,0.33
jSHb,2,1,3,0.67
jSHl,1,0,1,1.0
jSHm,1,0,1,1.0
jSHn,0,1,1,0.0
jSHs,0,1,1,0.0
jSIb,0,0,0,
jSKS,0,1,1,0.0
jSKb,1,0,1,1.0
jSLB,1,0,1,1.0
jSLD,0,1,1,0.0
jSLL,1,0,1,1.0
jSLM,0,1,1,0.0
jSLN,0,3,3,0.0
jSLS,3,0,3,1.0
jSLb,0,0,0,
jSLj,0,1,1,0.0
jSLm,1,0,1,1.0
jSLn,1,0,1,1.0
jSLs,0,0,0,
jSLt,1,0,1,1.0
jSMB,1,1,2,0.5
jSML,0,1,1,0.0
jSMM,2,3,5,0.4
jSMN,1,1,2,0.5
jSMP,7,2,9,0.78
jSMS,4,2,6,0.67
jSMb,6,0,6,1.0
jSMh,0,1,1,0.0
jSMj,1,0,1,1.0
jSMl,1,1,2,0.5
jSMm,1,3,4,0.25
jSMn,4,2,6,0.67
jSMs,1,1,2,0.5
jSNB,0,1,1,0.0
jSNH,0,0,0,
jSNL,0,1,1,0.0
jSNM,2,2,4,0.5
jSNN,0,1,1,0.0
jSNP,3,5,8,0.38
jSNS,2,1,3,0.67
jSNb,0,4,4,0.0
jSNh,1,2,3,0.33
jSNl,1,0,1,1.0
jSNm,1,0,1,1.0
jSNn,1,2,3,0.33
jSNs,1,2,3,0.33
jSNt,0,2,2,0.0
jSPB,3,4,7,0.43
jSPD,1,0,1,1.0
jSPH,1,0,1,1.0
jSPI,0,1,1,0.0
jSPK,1,0,1,1.0
jSPL,2,0,2,1.0
jSPM,3,2,5,0.6
jSPN,8,4,12,0.67
jSPP,6,5,11,0.55
jSPS,2,3,5,0.4
jSPb,6,3,9,0.67
jSPh,0,2,2,0.0
jSPl,3,3,6,0.5
jSPm,2,1,3,0.67
jSPn,1,3,4,0.25
jSPs,1,2,3,0.33
jSSB,2,3,5,0.4
jSSD,3,0,3,1.0
jSSH,0,2,2,0.0
jSSK,0,1,1,0.0
jSSL,0,1,1,0.0
jSSM,2,0,2,1.0
jSSN,1,2,3,0.33
jSSP,3,2,5,0.6
jSSS,2,5,7,0.29
jSSb,3,1,4,0.75
jSSh,0,0,0,
jSSl,0,1,1,0.0
jSSm,5,1,6,0.83
jSSn,1,2,3,0.33
jSSs,1,4,5,0.2
jSbB,4,1,5,0.8
jSbD,0,2,2,0.0
jSbH,0,1,1,0.0
jSbI,1,0,1,1.0
jSbJ,0,2,2,0.0
jSbL,0,1,1,0.0
jSbN,3,2,5,0.6
jSbP,2,1,3,0.67
jSbS,1,0,1,1.0
jSbb,1,2,3,0.33
jSbl,0,1,1,0.0
jSbm,4,2,6,0.67
jSbn,5,1,6,0.83
jSbs,2,4,6,0.33
jShL,1,1,2,0.5
jShM,2,3,5,0.4
jShN,1,2,3,0.33
jShP,1,1,2,0.5
jShS,1,1,2,0.5
jShb,1,1,2,0.5
jShh,1,2,3,0.33
jShl,1,1,2,0.5
jShm,2,0,2,1.0
jShn,2,3,5,0.4
jShs,1,6,7,0.14
jSht,1,0,1,1.0
jSlB,1,0,1,1.0
jSlH,1,2,3,0.33
jSlJ,2,0,2,1.0
jSlL,1,0,1,1.0
jSlM,4,2,6,0.67
jSlN,1,5,6,0.17
jSlP,1,1,2,0.5
jSlS,0,1,1,0.0
jSlb,1,2,3,0.33
jSll,0,0,0,
jSlm,3,0,3,1.0
jSln,2,0,2,1.0
jSmB,1,3,4,0.25
jSmH,1,0,1,1.0
jSmL,2,0,2,1.0
jSmM,4,1,5,0.8
jSmN,2,2,4,0.5
jSmP,2,2,4,0.5
jSmS,0,4,4,0.0
jSmb,2,3,5,0.4
jSml,1,2,3,0.33
jSmm,4,2,6,0.67
jSmn,4,2,6,0.67
jSms,2,3,5,0.4
jSnB,1,2,3,0.33
jSnH,1,0,1,1.0
jSnI,1,1,2,0.5
jSnL,1,1,2,0.5
jSnM,1,4,5,0.2
jSnN,2,5,7,0.29
jSnP,2,2,4,0.5
jSnS,3,5,8,0.38
jSnb,4,1,5,0.8
jSnl,3,0,3,1.0
jSnm,7,2,9,0.78
jSnn,3,4,7,0.43
jSns,0,4,4,0.0
jSsB,0,1,1,0.0
jSsH,3,0,3,1.0
jSsK,0,0,0,
jSsL,0,1,1,0.0
jSsM,5,0,5,1.0
jSsN,2,2,4,0.5
jSsP,7,5,12,0.58
jSsS,2,1,3,0.67
jSsb,0,0,0,
jSsh,0,1,1,0.0
jSsl,0,1,1,0.0
jSsm,1,1,2,0.5
jSsn,2,0,2,1.0
jSss,4,1,5,0.8
jStH,1,0,1,1.0
jStN,1,0,1,1.0
jStP,1,0,1,1.0
jSts,0,1,1,0.0
jbBB,9,4,13,0.69
jbBH,1,0,1,1.0
jbBL,1,1,2,0.5
jbBM,3,1,4,0.75
jbBN,3,0,3,1.0
jbBP,8,8,16,0.5
jbBS,2,3,5,0.4
jbBb,7,2,9,0.78
jbBh,2,0,2,1.0
jbBj,2,0,2,1.0
jbBl,1,0,1,1.0
jbBm,1,3,4,0.25
jbBn,1,8,9,0.11
jbBs,1,0,1,1.0
jbBt,1,0,1,1.0
jbDI,0,1,1,0.0
jbDK,0,1,1,0.0
jbDN,0,1,1,0.0
jbDm,1,1,2,0.5
jbDs,0,0,0,
jbHB,0,0,0,
jbHD,2,0,2,1.0
jbHM,1,3,4,0.25
jbHN,1,2,3,0.33
jbHP,2,0,2,1.0
jbHS,1,0,1,1.0
jbHb,0,1,1,0.0
jbHh,0,1,1,0.0
jbHl,0,1,1,0.0
jbHm,0,0,0,
jbHn,2,0,2,1.0
jbHs,1,1,2,0.5
jbID,0,1,1,0.0
jbIK,1,0,1,1.0
jbIM,0,1,1,0.0
jbIS,1,0,1,1.0
jbIl,0,1,1,0.0
jbIn,0,1,1,0.0
jbIs,1,0,1,1.0
jbJB,1,0,1,1.0
jbJH,1,0,1,1.0
jbJM,0,1,1,0.0
jbJN,1,0,1,1.0
jbJP,1,2,3,0.33
jbJS,1,2,3,0.33
jbJb,1,2,3,0.33
jbJl,1,1,2,0.5
jbJn,1,1,2,0.5
jbJs,0,1,1,0.0
jbKN,0,1,1,0.0
jbKP,2,0,2,1.0
jbKb,1,0,1,1.0
jbKh,1,0,1,1.0
jbKl,1,0,1,1.0
jbKn,0,1,1,0.0
jbLB,2,2,4,0.5
jbLD,0,1,1,0.0
jbLL,2,2,4,0.5
jbLM,0,2,2,0.0
jbLN,0,2,2,0.0
jbLP,3,4,7,0.43
jbLS,3,1,4,0.75
jbLb,3,0,3,1.0
jbLh,0,2,2,0.0
jbLj,1,0,1,1.0
jbLl,2,2,4,0.5
jbLm,1,1,2,0.5
jbLn,2,1,3,0.67
jbMB,3,1,4,0.75
jbML,0,3,3,0.0
jbMM,3,6,9,0.33
jbMN,5,3,8,0.62
jbMP,6,7,13,0.46
jbMS,5,3,8,0.62
jbMb,2,7,9,0.22
jbMh,2,4,6,0.33
jbMj,2,4,6,0.33
jbMl,2,2,4,0.5
jbMm,4,2,6,0.67
jbMn,3,4,7,0.43
jbMs,3,3,6,0.5
jbMt,1,1,2,0.5
jbNB,6,2,8,0.75
jbND,1,0,1,1.0
jbNL,2,0,2,1.0
jbNM,2,9,11,0.18
jbNN,3,7,10,0.3
jbNP,4,4,8,0.5
jbNS,2,7,9,0.22
jbNb,1,1,2,0.5
jbNh,2,1,3,0.67
jbNl,3,0,3,1.0
jbNm,6,0,6,1.0
jbNn,7,5,12,0.58
jbNs,1,1,2,0.5
jbPB,4,2,6,0.67
jbPH,3,1,4,0.75
jbPI,1,1,2,0.5
jbPK,0,0,0,
jbPL,2,3,5,0.4
jbPM,2,6,8,0.25
jbPN,4,9,13,0.31
jbPP,9,5,14,0.64
jbPS,4,7,11,0.36
jbPb,7,9,16,0.44
jbPh,1,0,1,1.0
jbPl,2,1,3,0.67
jbPm,6,7,13,0.46
jbPn,3,3,6,0.5
jbPs,3,8,11,0.27
jbPt,0,0,0,
jbSH,0,2,2,0.0
jbSK,1,0,1,1.0
jbSL,1,1,2,0.5
jbSM,1,1,2,0.5
jbSN,3,3,6,0.5
jbSP,1,1,2,0.5
jbSS,3,2,5,0.6
jbSb,2,1,3,0.67
jbSh,2,2,4,0.5
jbSl,0,2,2,0.0
jbSm,0,3,3,0.0
jbSn,2,4,6,0.33
jbSs,2,4,6,0.33
jbSt,1,0,1,1.0
jbbB,1,5,6,0.17
jbbH,1,1,2,0.5
jbbI,0,1,1,0.0
jbbJ,1,1,2,0.5
jbbL,1,1,2,0.5
jbbM,5,4,9,0.56
jbbN,7,2,9,0.78
jbbP,5,7,12,0.42
jbbS,2,4,6,0.33
jbbb,8,1,9,0.89
jbbl,0,1,1,0.0
jbbm,3,6,9,0.33
jbbn,2,3,5,0.4
jblB,1,1,2,0.5
jblH,1,2,3,0.33
jblI,1,0,1,1.0
jblJ,1,0,1,1.0
jblK,1,0,1,1.0
jblM,1,1,2,0.5
jblN,2,1,3,0.67
jblP,1,2,3,0.33
jblS,0,1,1,0.0
jblb,1,2,3,0.33
jbll,2,2,4,0.5
jblm,0,1,1,0.0
jbln,2,4,6,0.33
jbls,1,0,1,1.0
jbmB,4,3,7,0.57
jbmD,0,0,0,
jbmH,1,3,4,0.25
jbmJ,0,0,0,
jbmL,0,2,2,0.0
jbmM,5,2,7,0.71
jbmN,2,2,4,0.5
jbmP,5,2,7,0.71
jbmS,1,1,2,0.5
jbmb,7,4,11,0.64
jbml,0,1,1,0.0
jbmm,5,0,5,1.0
jbmn,4,2,6,0.67
jbms,0,2,2,0.0
jbnB,2,2,4,0.5
jbnD,0,1,1,0.0
jbnH,3,4,7,0.43
jbnI,0,1,1,0.0
jbnK,0,1,1,0.0
jbnL,0,0,0,
jbnM,1,0,1,1.0
jbnN,6,3,9,0.67
jbnP,7,1,8,0.88
jbnS,1,2,3,0.33
jbnb,1,2,3,0.33
jbnh,1,0,1,1.0
jbnl,2,1,3,0.67
jbnm,2,1,3,0.67
jbnn,0,5,5,0.0
jbns,0,2,2,0.0
jbsD,0,1,1,0.0
jbsH,0,2,2,0.0
jbsI,0,1,1,0.0
jbsL,1,0,1,1.0
jbsM,2,4,6,0.33
jbsN,0,1,1,0.0
jbsP,0,1,1,0.0
jbsS,2,0,2,1.0
jbsb,0,1,1,0.0
jbsh,0,1,1,0.0
jbsl,1,0,1,1.0
jbsm,0,1,1,0.0
jbsn,3,3,6,0.5
jbss,1,0,1,1.0
jhBB,1,0,1,1.0
jhBM,2,1,3,0.67
jhBS,0,1,1,0.0
jhBl,0,2,2,0.0
jhHP,1,0,1,1.0
jhHs,1,0,1,1.0
jhIS,1,0,1,1.0
jhLB,0,2,2,0.0
jhLL,0,1,1,0.0
jhLM,0,1,1,0.0
jhLP,1,0,1,1.0
jhLm,1,0,1,1.0
jhMB,0,1,1,0.0
jhMM,1,0,1,1.0
jhMN,0,1,1,0.0
jhMP,0,0,0,
jhMm,1,0,1,1.0
jhMn,1,1,2,0.5
jhMs,0,1,1,0.0
jhNL,0,1,1,0.0
jhNM,0,2,2,0.0
jhNN,0,1,1,0.0
jhNP,1,0,1,1.0
jhNS,1,0,1,1.0
jhNb,0,0,0,
jhNh,1,0,1,1.0
jhNl,0,0,0,
jhNm,1,0,1,1.0
jhNn,1,0,1,1.0
jhNs,0,2,2,0.0
jhPB,0,1,1,0.0
jhPD,1,0,1,1.0
jhPH,0,1,1,0.0
jhPL,0,2,2,0.0
jhPM,1,1,2,0.5
jhPP,1,2,3,0.33
jhPS,1,1,2,0.5
jhPb,1,0,1,1.0
jhPl,0,2,2,0.0
jhPm,0,1,1,0.0
jhPs,0,1,1,0.0
jhSB,1,0,1,1.0
jhSH,0,0,0,
jhSM,1,0,1,1.0
jhSN,0,1,1,0.0
jhSP,1,1,2,0.5
jhSS,0,1,1,0.0
jhSb,1,0,1,1.0
jhSs,1,1,2,0.5
jhbB,0,3,3,0.0
jhbN,0,1,1,0.0
jhbP,2,2,4,0.5
jhbS,1,0,1,1.0
jhbb,0,2,2,0.0
jhbl,1,1,2,0.5
jhbn,1,0,1,1.0
jhbs,1,0,1,1.0
jhhB,1,1,2,0.5
jhhH,1,1,2,0.5
jhhM,0,0,0,
jhhN,0,2,2,0.0
jhhP,1,1,2,0.5
jhhS,0,1,1,0.0
jhhb,1,0,1,1.0
jhhh,3,0,3,1.0
jhhl,1,0,1,1.0
jhhm,1,2,3,0.33
jhhn,0,1,1,0.0
jhhs,1,0,1,1.0
jhlH,0,0,0,
jhlM,1,0,1,1.0
jhlN,0,0,0,
jhlP,0,1,1,0.0
jhlS,1,0,1,1.0
jhlb,1,2,3,0.33
jhll,0,1,1,0.0
jhlm,1,0,1,1.0
jhmB,1,0,1,1.0
jhmM,1,0,1,1.0
jhmN,0,1,1,0.0
jhmP,0,1,1,0.0
jhmb,1,0,1,1.0
jhml,0,0,0,
jhmn,2,1,3,0.67
jhms,0,1,1,0.0
jhnH,1,0,1,1.0
jhnN,1,1,2,0.5
jhnP,3,2,5,0.6
jhnb,1,0,1,1.0
jhnm,0,1,1,0.0
jhns,0,0,0,
jhsB,1,0,1,1.0
jhsH,0,3,3,0.0
jhsI,1,0,1,1.0
jhsL,0,0,0,
jhsM,0,1,1,0.0
jhsN,1,0,1,1.0
jhsS,0,0,0,
jhsm,0,2,2,0.0
jhss,1,0,1,1.0
jhtP,1,0,1,1.0
jlBB,1,0,1,1.0
jlBM,1,0,1,1.0
jlBP,2,2,4,0.5
jlBb,4,2,6,0.67
jlBj,2,0,2,1.0
jlBl,1,1,2,0.5
jlBn,3,1,4,0.75
jlDP,1,0,1,1.0
jlDm,0,1,1,0.0
jlDn,1,0,1,1.0
jlHB,0,2,2,0.0
jlHD,0,1,1,0.0
jlHH,1,0,1,1.0
jlHM,2,2,4,0.5
jlHN,1,2,3,0.33
jlHP,3,0,3,1.0
jlHS,0,0,0,
jlHb,1,2,3,0.33
jlHh,1,3,4,0.25
jlHl,1,1,2,0.5
jlHn,2,2,4,0.5
jlIP,1,0,1,1.0
jlIm,0,1,1,0.0
jlIn,0,0,0,
jlJL,1,1,2,0.5
jlJM,0,1,1,0.0
jlJN,1,0,1,1.0
jlJP,4,0,4,1.0
jlJS,0,1,1,0.0
jlJm,1,1,2,0.5
jlJn,1,0,1,1.0
jlJs,1,0,1,1.0
jlKM,0,1,1,0.0
jlLL,1,0,1,1.0
jlLM,0,2,2,0.0
jlLN,1,1,2,0.5
jlLP,0,1,1,0.0
jlLS,0,0,0,
jlLb,0,1,1,0.0
jlLh,1,0,1,1.0
jlLj,0,1,1,0.0
jlLl,1,0,1,1.0
jlLm,0,1,1,0.0
jlLn,2,0,2,1.0
jlLs,0,1,1,0.0
jlMB,1,1,2,0.5
jlML,1,0,1,1.0
jlMM,3,1,4,0.75
jlMN,1,2,3,0.33
jlMP,3,2,5,0.6
jlMS,3,0,3,1.0
jlMb,2,4,6,0.33
jlMh,0,1,1,0.0
jlMj,1,1,2,0.5
jlMl,0,2,2,0.0
jlMm,3,1,4,0.75
jlMn,2,0,2,1.0
jlMs,1,0,1,1.0
jlNB,1,2,3,0.33
jlND,0,2,2,0.0
jlNH,0,0,0,
jlNL,2,0,2,1.0
jlNM,1,2,3,0.33
jlNN,1,3,4,0.25
jlNP,5,4,9,0.56
jlNS,3,1,4,0.75
jlNb,1,2,3,0.33
jlNl,1,0,1,1.0
jlNm,0,0,0,
jlNn,2,4,6,0.33
jlNs,2,1,3,0.67
jlNt,0,1,1,0.0
jlPB,5,0,5,1.0
jlPH,0,1,1,0.0
jlPM,1,3,4,0.25
jlPN,3,1,4,0.75
jlPP,3,3,6,0.5
jlPS,1,2,3,0.33
jlPb,3,2,5,0.6
jlPl,2,1,3,0.67
jlPm,1,0,1,1.0
jlPn,4,0,4,1.0
jlPs,2,1,3,0.67
jlSB,4,1,5,0.8
jlSH,1,0,1,1.0
jlSL,0,1,1,0.0
jlSM,1,2,3,0.33
jlSN,1,1,2,0.5
jlSP,1,3,4,0.25
jlSS,1,1,2,0.5
jlSb,4,1,5,0.8
jlSl,1,0,1,1.0
jlSm,1,0,1,1.0
jlSn,0,1,1,0.0
jlSs,0,2,2,0.0
jlbB,3,0,3,1.0
jlbJ,0,1,1,0.0
jlbL,1,0,1,1.0
jlbM,3,0,3,1.0
jlbN,2,4,6,0.33
jlbP,1,4,5,0.2
jlbb,2,6,8,0.25
jlbl,0,0,0,
jlbm,3,0,3,1.0
jlbn,1,1,2,0.5
jlbs,0,1,1,0.0
jllB,2,1,3,0.67
jllH,1,1,2,0.5
jllM,1,1,2,0.5
jllN,1,1,2,0.5
jllP,0,0,0,
jllS,0,1,1,0.0
jllb,1,1,2,0.5
jlln,0,1,1,0.0
jlls,0,1,1,0.0
jlmB,0,0,0,
jlmH,0,3,3,0.0
jlmI,1,0,1,1.0
jlmJ,0,1,1,0.0
jlmL,1,0,1,1.0
jlmM,3,1,4,0.75
jlmN,1,1,2,0.5
jlmP,1,1,2,0.5
jlmS,0,1,1,0.0
jlmb,0,0,0,
jlml,2,1,3,0.67
jlmm,1,0,1,1.0
jlnB,0,1,1,0.0
jlnH,0,2,2,0.0
jlnK,1,0,1,1.0
jlnL,1,0,1,1.0
jlnM,2,2,4,0.5
jlnN,1,0,1,1.0
jlnP,1,2,3,0.33
jlnS,1,1,2,0.5
jlnb,3,3,6,0.5
jlnl,0,1,1,0.0
jlnm,1,0,1,1.0
jlnn,0,2,2,0.0
jlns,0,1,1,0.0
jlsB,3,0,3,1.0
jlsH,0,1,1,0.0
jlsM,1,0,1,1.0
jlsN,2,0,2,1.0
jlsP,3,3,6,0.5
jlsS,0,2,2,0.0
jlsb,1,2,3,0.33
jlsl,0,1,1,0.0
jlsn,2,1,3,0.67
jmBB,1,2,3,0.33
jmBL,1,0,1,1.0
jmBM,0,0,0,
jmBN,1,3,4,0.25
jmBP,2,3,5,0.4
jmBS,3,2,5,0.6
jmBb,4,2,6,0.67
jmBh,0,1,1,0.0
jmBj,1,3,4,0.25
jmBl,0,2,2,0.0
jmBm,0,2,2,0.0
jmBn,5,3,8,0.62
jmBs,2,1,3,0.67
jmBt,1,0,1,1.0
jmDB,0,2,2,0.0
jmDH,0,2,2,0.0
jmDL,0,1,1,0.0
jmDM,0,1,1,0.0
jmDP,1,1,2,0.5
jmDS,0,0,0,
jmDb,1,1,2,0.5
jmDh,0,1,1,0.0
jmDl,1,0,1,1.0
jmDn,2,1,3,0.67
jmDs,0,1,1,0.0
jmHB,5,1,6,0.83
jmHD,0,1,1,0.0
jmHH,1,0,1,1.0
jmHL,0,2,2,0.0
jmHM,2,2,4,0.5
jmHN,3,2,5,0.6
jmHP,5,5,10,0.5
jmHS,2,2,4,0.5
jmHb,5,3,8,0.62
jmHh,1,1,2,0.5
jmHl,0,1,1,0.0
jmHm,1,1,2,0.5
jmHn,7,0,7,1.0
jmHs,2,1,3,0.67
jmIH,1,1,2,0.5
jmIL,1,0,1,1.0
jmIN,2,0,2,1.0
jmIP,1,1,2,0.5
jmIb,1,0,1,1.0
jmJL,0,2,2,0.0
jmJM,2,1,3,0.67
jmJN,1,0,1,1.0
jmJP,0,1,1,0.0
jmJb,4,0,4,1.0
jmJl,0,0,0,
jmJm,1,1,2,0.5
jmJn,0,1,1,0.0
jmJs,0,1,1,0.0
jmKS,0,0,0,
jmKl,1,0,1,1.0
jmLB,1,0,1,1.0
jmLD,1,0,1,1.0
jmLL,0,2,2,0.0
jmLM,0,2,2,0.0
jmLN,5,1,6,0.83
jmLP,0,2,2,0.0
jmLS,0,1,1,0.0
jmLb,0,5,5,0.0
jmLh,0,2,2,0.0
jmLj,1,0,1,1.0
jmLm,1,1,2,0.5
jmLn,2,0,2,1.0
jmLs,0,0,0,
jmMB,3,1,4,0.75
jmMD,1,0,1,1.0
jmMM,1,2,3,0.33
jmMN,4,1,5,0.8
jmMP,3,2,5,0.6
jmMS,1,1,2,0.5
jmMb,3,4,7,0.43
jmMh,1,1,2,0.5
jmMj,2,0,2,1.0
jmMl,1,3,4,0.25
jmMm,4,1,5,0.8
jmMn,1,4,5,0.2
jmMs,1,2,3,0.33
jmNB,0,1,1,0.0
jmNH,0,1,1,0.0
jmNK,0,1,1,0.0
jmNL,1,2,3,0.33
jmNM,2,4,6,0.33
jmNN,6,4,10,0.6
jmNP,7,3,10,0.7
jmNS,3,6,9,0.33
jmNb,2,5,7,0.29
jmNh,0,2,2,0.0
jmNl,0,2,2,0.0
jmNm,4,2,6,0.67
jmNn,3,5,8,0.38
jmNs,2,3,5,0.4
jmNt,1,0,1,1.0
jmPB,2,4,6,0.33
jmPD,1,1,2,0.5
jmPH,1,2,3,0.33
jmPK,0,2,2,0.0
jmPL,1,2,3,0.33
jmPM,5,4,9,0.56
jmPN,2,4,6,0.33
jmPP,5,4,9,0.56
jmPS,1,0,1,1.0
jmPb,3,3,6,0.5
jmPl,6,1,7,0.86
jmPm,4,5,9,0.44
jmPn,4,6,10,0.4
jmPs,2,0,2,1.0
jmPt,1,1,2,0.5
jmSB,0,2,2,0.0
jmSD,1,0,1,1.0
jmSH,0,2,2,0.0
jmSL,0,0,0,
jmSM,0,5,5,0.0
jmSN,1,3,4,0.25
jmSP,1,1,2,0.5
jmSS,0,4,4,0.0
jmSb,1,2,3,0.33
jmSh,0,1,1,0.0
jmSl,1,0,1,1.0
jmSm,3,3,6,0.5
jmSn,1,3,4,0.25
jmSs,6,5,11,0.55
jmSt,1,1,2,0.5
jmbB,5,4,9,0.56
jmbD,1,0,1,1.0
jmbH,1,1,2,0.5
jmbI,1,1,2,0.5
jmbJ,0,1,1,0.0
jmbK,0,1,1,0.0
jmbL,1,0,1,1.0
jmbM,3,3,6,0.5
jmbN,1,0,1,1.0
jmbP,3,5,8,0.38
jmbS,3,2,5,0.6
jmbb,6,0,6,1.0
jmbl,0,2,2,0.0
jmbm,0,1,1,0.0
jmbn,4,3,7,0.57
jmbs,0,1,1,0.0
jmhB,0,1,1,0.0
jmlH,1,1,2,0.5
jmlM,1,1,2,0.5
jmlN,1,2,3,0.33
jmlP,3,2,5,0.6
jmlS,0,1,1,0.0
jmlb,3,0,3,1.0
jmlm,2,1,3,0.67
jmls,1,0,1,1.0
jmmB,2,4,6,0.33
jmmD,1,0,1,1.0
jmmH,2,1,3,0.67
jmmJ,1,0,1,1.0
jmmL,1,0,1,1.0
jmmM,3,1,4,0.75
jmmN,3,7,10,0.3
jmmP,4,5,9,0.44
jmmS,1,3,4,0.25
jmmb,3,2,5,0.6
jmmm,0,2,2,0.0
jmmn,4,4,8,0.5
jmms,2,1,3,0.67
jmnB,2,4,6,0.33
jmnD,0,0,0,
jmnI,1,0,1,1.0
jmnL,0,2,2,0.0
jmnM,2,2,4,0.5
jmnN,4,4,8,0.5
jmnP,3,3,6,0.5
jmnS,3,3,6,0.5
jmnb,1,0,1,1.0
jmnl,1,0,1,1.0
jmnm,1,4,5,0.2
jmnn,5,6,11,0.45
jmns,2,1,3,0.67
jmsB,1,1,2,0.5
jmsD,0,1,1,0.0
jmsM,1,1,2,0.5
jmsN,1,1,2,0.5
jmsP,1,1,2,0.5
jmsS,3,1,4,0.75
jmsb,2,0,2,1.0
jmsl,2,1,3,0.67
jmsm,1,0,1,1.0
jmsn,0,1,1,0.0
jmss,1,3,4,0.25
jmst,0,1,1,0.0
jnBB,1,1,2,0.5
jnBD,1,0,1,1.0
jnBK,0,1,1,0.0
jnBL,7,1,8,0.88
jnBM,4,3,7,0.57
jnBN,4,4,8,0.5
jnBP,6,0,6,1.0
jnBS,1,1,2,0.5
jnBb,3,4,7,0.43
jnBl,2,1,3,0.67
jnBm,3,3,6,0.5
jnBn,5,4,9,0.56
jnBs,1,3,4,0.25
jnDH,0,1,1,0.0
jnDP,0,1,1,0.0
jnDn,1,0,1,1.0
jnDs,1,1,2,0.5
jnHB,2,1,3,0.67
jnHI,0,0,0,
jnHK,0,3,3,0.0
jnHM,2,3,5,0.4
jnHN,3,2,5,0.6
jnHP,3,5,8,0.38
jnHS,1,2,3,0.33
jnHb,0,3,3,0.0
jnHh,2,1,3,0.67
jnHl,3,0,3,1.0
jnHm,3,1,4,0.75
jnHn,2,0,2,1.0
jnHs,1,1,2,0.5
jnIH,1,0,1,1.0
jnIL,0,1,1,0.0
jnIM,0,0,0,
jnIN,0,1,1,0.0
jnIP,1,1,2,0.5
jnIS,0,0,0,
jnIm,0,1,1,0.0
jnIs,0,1,1,0.0
jnKB,0,1,1,0.0
jnKM,1,1,2,0.5
jnKN,0,1,1,0.0
jnKl,0,2,2,0.0
jnKm,0,1,1,0.0
jnLB,2,0,2,1.0
jnLL,0,1,1,0.0
jnLM,2,4,6,0.33
jnLN,3,2,5,0.6
jnLP,1,2,3,0.33
jnLS,0,2,2,0.0
jnLb,1,1,2,0.5
jnLj,2,0,2,1.0
jnLl,1,1,2,0.5
jnLm,3,0,3,1.0
jnLn,1,2,3,0.33
jnLs,1,1,2,0.5
jnLt,1,0,1,1.0
jnMB,3,2,5,0.6
jnMD,0,2,2,0.0
jnML,2,0,2,1.0
jnMM,4,2,6,0.67
jnMN,0,2,2,0.0
jnMP,6,3,9,0.67
jnMS,2,3,5,0.4
jnMb,2,2,4,0.5
jnMh,1,3,4,0.25
jnMj,2,1,3,0.67
jnMl,1,1,2,0.5
jnMm,5,3,8,0.62
jnMn,5,7,12,0.42
jnMs,5,1,6,0.83
jnNB,3,3,6,0.5
jnNH,0,1,1,0.0
jnNK,0,0,0,
jnNL,3,1,4,0.75
jnNM,4,5,9,0.44
jnNN,2,11,13,0.15
jnNP,4,2,6,0.67
jnNS,4,4,8,0.5
jnNb,1,3,4,0.25
jnNh,1,1,2,0.5
jnNl,2,1,3,0.67
jnNm,2,3,5,0.4
jnNn,8,8,16,0.5
jnNs,2,5,7,0.29
jnNt,0,0,0,
jnPB,7,5,12,0.58
jnPH,1,0,1,1.0
jnPK,2,0,2,1.0
jnPL,2,0,2,1.0
jnPM,6,6,12,0.5
jnPN,3,3,6,0.5
jnPP,11,10,21,0.52
jnPS,6,3,9,0.67
jnPb,3,5,8,0.38
jnPh,0,2,2,0.0
jnPl,1,2,3,0.33
jnPm,2,0,2,1.0
jnPn,2,6,8,0.25
jnPs,7,4,11,0.64
jnPt,1,1,2,0.5
jnSB,4,1,5,0.8
jnSH,0,1,1,0.0
jnSL,0,0,0,
jnSM,2,1,3,0.67
jnSN,3,1,4,0.75
jnSP,4,5,9,0.44
jnSS,2,5,7,0.29
jnSb,3,1,4,0.75
jnSh,4,2,6,0.67
jnSl,1,0,1,1.0
jnSm,1,3,4,0.25
jnSn,4,4,8,0.5
jnSs,2,2,4,0.5
jnSt,1,0,1,1.0
jnbB,3,1,4,0.75
jnbH,1,2,3,0.33
jnbJ,1,1,2,0.5
jnbK,2,0,2,1.0
jnbL,0,2,2,0.0
jnbM,2,2,4,0.5
jnbN,2,6,8,0.25
jnbP,5,6,11,0.45
jnbS,1,2,3,0.33
jnbb,5,1,6,0.83
jnbl,0,3,3,0.0
jnbm,4,3,7,0.57
jnbn,5,2,7,0.71
jnbs,1,1,2,0.5
jnhL,1,0,1,1.0
jnhP,1,2,3,0.33
jnhn,0,1,1,0.0
jnlB,2,3,5,0.4
jnlD,0,0,0,
jnlH,2,1,3,0.67
jnlL,0,1,1,0.0
jnlM,3,2,5,0.6
jnlN,3,4,7,0.43
jnlP,4,1,5,0.8
jnlS,1,0,1,1.0
jnlb,3,1,4,0.75
jnll,2,1,3,0.67
jnlm,0,1,1,0.0
jnln,2,1,3,0.67
jnls,0,1,1,0.0
jnmB,8,3,11,0.73
jnmH,2,1,3,0.67
jnmL,0,2,2,0.0
jnmM,3,2,5,0.6
jnmN,4,6,10,0.4
jnmP,7,2,9,0.78
jnmS,1,1,2,0.5
jnmb,0,2,2,0.0
jnml,0,1,1,0.0
jnmm,2,4,6,0.33
jnmn,6,2,8,0.75
jnms,5,2,7,0.71
jnnB,4,1,5,0.8
jnnD,0,0,0,
jnnH,0,1,1,0.0
jnnI,3,0,3,1.0
jnnK,0,1,1,0.0
jnnL,1,3,4,0.25
jnnM,3,3,6,0.5
jnnN,2,9,11,0.18
jnnP,9,4,13,0.69
jnnS,4,4,8,0.5
jnnb,5,2,7,0.71
jnnh,1,0,1,1.0
jnnl,1,2,3,0.33
jnnm,2,3,5,0.4
jnnn,2,6,8,0.25
jnns,4,1,5,0.8
jnsB,1,0,1,1.0
jnsH,2,2,4,0.5
jnsI,0,0,0,
jnsL,1,0,1,1.0
jnsM,2,8,10,0.2
jnsN,2,0,2,1.0
jnsP,8,4,12,0.67
jnsS,1,2,3,0.33
jnsb,2,1,3,0.67
jnsl,3,0,3,1.0
jnsm,2,3,5,0.4
jnsn,1,2,3,0.33
jnss,1,3,4,0.25
jsBB,0,2,2,0.0
jsBD,0,1,1,0.0
jsBK,1,0,1,1.0
jsBM,1,1,2,0.5
jsBN,1,2,3,0.33
jsBP,1,0,1,1.0
jsBS,0,3,3,0.0
jsBb,1,0,1,1.0
jsBj,1,0,1,1.0
jsBm,1,2,3,0.33
jsBn,2,1,3,0.67
jsBs,1,2,3,0.33
jsBt,1,0,1,1.0
jsDD,0,0,0,
jsDM,1,0,1,1.0
jsDN,0,1,1,0.0
jsDb,1,1,2,0.5
jsDm,1,0,1,1.0
jsHB,1,0,1,1.0
jsHM,5,0,5,1.0
jsHN,2,4,6,0.33
jsHP,2,1,3,0.67
jsHS,0,5,5,0.0
jsHb,2,1,3,0.67
jsHh,1,2,3,0.33
jsHl,1,1,2,0.5
jsHm,1,2,3,0.33
jsHn,4,3,7,0.57
jsHs,2,3,5,0.4
jsIL,0,1,1,0.0
jsIM,0,0,0,
jsIN,2,0,2,1.0
jsIP,1,0,1,1.0
jsIS,1,0,1,1.0
jsIl,0,1,1,0.0
jsIs,0,1,1,0.0
jsKl,0,0,0,
jsKn,0,1,1,0.0
jsLB,2,1,3,0.67
jsLD,0,2,2,0.0
jsLL,0,0,0,
jsLN,0,0,0,
jsLP,0,1,1,0.0
jsLS,0,1,1,0.0
jsLb,2,1,3,0.67
jsLl,2,0,2,1.0
jsLm,0,2,2,0.0
jsLn,0,2,2,0.0
jsLs,4,1,5,0.8
jsMB,4,3,7,0.57
jsMD,0,1,1,0.0
jsML,0,1,1,0.0
jsMM,1,2,3,0.33
jsMN,1,0,1,1.0
jsMP,1,1,2,0.5
jsMS,3,2,5,0.6
jsMb,0,2,2,0.0
jsMh,4,0,4,1.0
jsMj,0,1,1,0.0
jsMm,1,2,3,0.33
jsMn,1,2,3,0.33
jsMs,0,1,1,0.0
jsNB,2,3,5,0.4
jsNH,0,1,1,0.0
jsNL,1,0,1,1.0
jsNM,3,2,5,0.6
jsNN,2,0,2,1.0
jsNP,4,1,5,0.8
jsNS,3,2,5,0.6
jsNb,2,5,7,0.29
jsNl,0,1,1,0.0
jsNm,1,2,3,0.33
jsNn,2,3,5,0.4
jsNs,3,0,3,1.0
jsPB,2,2,4,0.5
jsPD,0,1,1,0.0
jsPH,1,1,2,0.5
jsPI,1,0,1,1.0
jsPK,0,0,0,
jsPL,0,0,0,
jsPM,3,2,5,0.6
jsPN,4,3,7,0.57
jsPP,2,3,5,0.4
jsPS,4,3,7,0.57
jsPb,2,4,6,0.33
jsPh,0,1,1,0.0
jsPl,2,2,4,0.5
jsPm,5,5,10,0.5
jsPn,5,2,7,0.71
jsPs,2,0,2,1.0
jsSB,0,2,2,0.0
jsSD,0,1,1,0.0
jsSH,0,1,1,0.0
jsSL,2,2,4,0.5
jsSM,1,6,7,0.14
jsSN,1,3,4,0.25
jsSP,1,7,8,0.12
jsSS,3,1,4,0.75
jsSb,0,2,2,0.0
jsSh,2,0,2,1.0
jsSm,3,2,5,0.6
jsSn,0,1,1,0.0
jsSs,3,2,5,0.6
jsbB,0,1,1,0.0
jsbD,1,0,1,1.0
jsbH,1,0,1,1.0
jsbJ,1,0,1,1.0
jsbL,1,0,1,1.0
jsbM,1,3,4,0.25
jsbN,1,5,6,0.17
jsbP,1,0,1,1.0
jsbS,0,1,1,0.0
jsbb,4,5,9,0.44
jsbl,0,3,3,0.0
jsbm,1,0,1,1.0
jsbn,2,0,2,1.0
jsbs,1,1,2,0.5
jshB,0,1,1,0.0
jshN,0,1,1,0.0
jshP,0,1,1,0.0
jshb,0,1,1,0.0
jshm,0,0,0,
jshn,0,1,1,0.0
jslB,1,1,2,0.5
jslH,3,0,3,1.0
jslJ,0,0,0,
jslM,1,2,3,0.33
jslN,2,2,4,0.5
jslP,0,1,1,0.0
jslS,2,1,3,0.67
jslb,2,1,3,0.67
jsll,1,1,2,0.5
jslm,2,1,3,0.67
jsln,0,1,1,0.0
jsmB,3,1,4,0.75
jsmH,0,1,1,0.0
jsmJ,0,1,1,0.0
jsmL,3,1,4,0.75
jsmM,3,2,5,0.6
jsmN,4,1,5,0.8
jsmP,0,2,2,0.0
jsmS,0,1,1,0.0
jsmb,1,1,2,0.5
jsml,0,1,1,0.0
jsmm,1,1,2,0.5
jsmn,0,2,2,0.0
jsms,1,0,1,1.0
jsnB,0,1,1,0.0
jsnD,1,0,1,1.0
jsnH,0,1,1,0.0
jsnI,0,0,0,
jsnL,1,1,2,0.5
jsnM,0,3,3,0.0
jsnN,4,2,6,0.67
jsnP,2,2,4,0.5
jsnS,1,0,1,1.0
jsnb,3,0,3,1.0
jsnh,1,0,1,1.0
jsnl,1,2,3,0.33
jsnm,1,1,2,0.5
jsnn,2,0,2,1.0
jsns,1,1,2,0.5
jssB,1,0,1,1.0
jssD,1,0,1,1.0
jssH,3,1,4,0.75
jssI,0,0,0,
jssL,1,2,3,0.33
jssM,2,1,3,0.67
jssN,1,2,3,0.33
jssP,2,6,8,0.25
jssS,0,3,3,0.0
jssb,1,2,3,0.33
jssl,2,1,3,0.67
jssm,1,2,3,0.33
jssn,1,2,3,0.33
jsss,4,2,6,0.67
jstP,1,0,1,1.0
jtBM,0,1,1,0.0
jtBN,1,0,1,1.0
jtBb,1,1,2,0.5
jtBm,0,2,2,0.0
jtBn,1,1,2,0.5
jtDS,1,0,1,1.0
jtDm,0,1,1,0.0
jtHH,0,1,1,0.0
jtHM,0,1,1,0.0
jtHN,0,1,1,0.0
jtHP,1,0,1,1.0
jtHh,0,0,0,
jtHl,0,1,1,0.0
jtHm,1,0,1,1.0
jtIB,0,0,0,
jtKM,0,1,1,0.0
jtKP,1,1,2,0.5
jtKl,1,0,1,1.0
jtLM,0,2,2,0.0
jtLN,1,0,1,1.0
jtLh,1,0,1,1.0
jtLs,2,0,2,1.0
jtLt,0,1,1,0.0
jtMN,1,0,1,1.0
jtMm,1,0,1,1.0
jtMn,0,1,1,0.0
jtNB,1,0,1,1.0
jtNP,1,2,3,0.33
jtNS,0,1,1,0.0
jtNb,1,1,2,0.5
jtNh,0,1,1,0.0
jtNl,1,0,1,1.0
jtNn,0,0,0,
jtNs,2,1,3,0.67
jtPB,2,0,2,1.0
jtPL,0,1,1,0.0
jtPM,2,1,3,0.67
jtPN,0,0,0,
jtPP,1,2,3,0.33
jtPS,0,0,0,
jtPb,2,0,2,1.0
jtPl,0,1,1,0.0
jtPm,0,2,2,0.0
jtPn,0,0,0,
jtPs,1,1,2,0.5
jtSB,1,0,1,1.0
jtSM,0,1,1,0.0
jtSN,1,1,2,0.5
jtSS,1,0,1,1.0
jtSh,0,1,1,0.0
jtSl,0,1,1,0.0
jtSn,1,0,1,1.0
jtbM,2,1,3,0.67
jtbP,0,1,1,0.0
jtbS,0,0,0,
jtbb,1,0,1,1.0
jtbl,1,0,1,1.0
jtbn,1,0,1,1.0
jtlJ,0,0,0,
jtlP,0,0,0,
jtlb,0,1,1,0.0
jtls,1,1,2,0.5
jtmP,1,1,2,0.5
jtmb,1,0,1,1.0
jtml,0,1,1,0.0
jtmm,0,0,0,
jtmn,1,0,1,1.0
jtnB,0,1,1,0.0
jtnL,0,1,1,0.0
jtnM,1,0,1,1.0
jtnN,0,1,1,0.0
jtnP,1,0,1,1.0
jtnS,0,1,1,0.0
jtnm,0,1,1,0.0
jtnn,0,1,1,0.0
jtns,0,1,1,0.0
jtsL,0,1,1,0.0
jtsN,4,0,4,1.0
jtsP,0,1,1,0.0
jtsS,0,1,1,0.0
jtss,3,0,3,1.0
jttl,0,0,0,
lBBB,9,15,24,0.38
lBBD,3,2,5,0.6
lBBK,1,1,2,0.5
lBBL,6,5,11,0.55
lBBM,13,14,27,0.48
lBBN,23,16,39,0.59
lBBP,26,24,50,0.52
lBBS,11,11,22,0.5
lBBb,8,24,32,0.25
lBBh,0,3,3,0.0
lBBj,8,10,18,0.44
lBBl,9,9,18,0.5
lBBm,16,13,29,0.55
lBBn,26,22,48,0.54
lBBs,9,5,14,0.64
lBBt,3,3,6,0.5
lBDB,2,0,2,1.0
lBDD,0,0,0,
lBDH,1,2,3,0.33
lBDL,1,2,3,0.33
lBDM,1,3,4,0.25
lBDN,3,1,4,0.75
lBDP,2,3,5,0.4
lBDS,1,0,1,1.0
lBDb,1,0,1,1.0
lBDl,1,0,1,1.0
lBDm,4,1,5,0.8
lBDn,3,1,4,0.75
lBDs,2,0,2,1.0
lBHM,0,0,0,
lBHP,0,1,1,0.0
lBHm,1,0,1,1.0
lBKB,2,0,2,1.0
lBKL,1,3,4,0.25
lBKM,1,3,4,0.25
lBKN,2,0,2,1.0
lBKP,1,2,3,0.33
lBKS,1,2,3,0.33
lBKb,2,0,2,1.0
lBKh,3,1,4,0.75
lBKl,0,0,0,
lBKm,4,2,6,0.67
lBKn,3,0,3,1.0
lBKs,1,4,5,0.2
lBLB,3,5,8,0.38
lBLL,2,3,5,0.4
lBLM,5,10,15,0.33
lBLN,8,6,14,0.57
lBLP,10,8,18,0.56
lBLS,0,3,3,0.0
lBLb,3,6,9,0.33
lBLh,5,5,10,0.5
lBLj,3,3,6,0.5
lBLl,7,4,11,0.64
lBLm,9,5,14,0.64
lBLn,16,10,26,0.62
lBLs,7,5,12,0.58
lBLt,0,4,4,0.0
lBMB,14,25,39,0.36
lBMD,1,1,2,0.5
lBMH,0,1,1,0.0
lBML,8,5,13,0.62
lBMM,13,25,38,0.34
lBMN,19,30,49,0.39
lBMP,24,25,49,0.49
lBMS,12,6,18,0.67
lBMb,17,19,36,0.47
lBMh,12,14,26,0.46
lBMj,8,8,16,0.5
lBMl,8,7,15,0.53
lBMm,18,17,35,0.51
lBMn,23,23,46,0.5
lBMs,10,12,22,0.45
lBMt,2,3,5,0.4
lBNB,14,19,33,0.42
lBND,1,3,4,0.25
lBNH,4,2,6,0.67
lBNK,1,0,1,1.0
lBNL,7,4,11,0.64
lBNM,17,19,36,0.47
lBNN,23,32,55,0.42
lBNP,39,37,76,0.51
lBNS,14,14,28,0.5
lBNb,18,18,36,0.5
lBNh,8,10,18,0.44
lBNl,16,10,26,0.62
lBNm,30,12,42,0.71
lBNn,31,28,59,0.53
lBNs,12,12,24,0.5
lBNt,7,5,12,0.58
lBPB,13,22,35,0.37
lBPD,2,1,3,0.67
lBPH,5,5,10,0.5
lBPI,0,1,1,0.0
lBPK,2,2,4,0.5
lBPL,9,7,16,0.56
lBPM,30,23,53,0.57
lBPN,34,35,69,0.49
lBPP,55,43,98,0.56
lBPS,17,31,48,0.35
lBPb,39,23,62,0.63
lBPh,5,4,9,0.56
lBPl,26,16,42,0.62
lBPm,26,27,53,0.49
lBPn,38,25,63,0.6
lBPs,19,18,37,0.51
lBPt,1,0,1,1.0
lBSB,6,5,11,0.55
lBSD,1,1,2,0.5
lBSH,6,6,12,0.5
lBSL,3,3,6,0.5
lBSM,11,14,25,0.44
lBSN,11,15,26,0.42
lBSP,14,15,29,0.48
lBSS,7,7,14,0.5
lBSb,16,13,29,0.55
lBSh,6,8,14,0.43
lBSl,9,4,13,0.69
lBSm,13,4,17,0.76
lBSn,28,18,46,0.61
lBSs,13,9,22,0.59
lBSt,0,2,2,0.0
lBbB,18,17,35,0.51
lBbD,3,2,5,0.6
lBbH,7,8,15,0.47
lBbI,5,2,7,0.71
lBbJ,3,4,7,0.43
lBbK,0,2,2,0.0
lBbL,6,8,14,0.43
lBbM,21,31,52,0.4
lBbN,25,22,47,0.53
lBbP,32,33,65,0.49
lBbS,5,13,18,0.28
lBbb,24,18,42,0.57
lBbl,8,6,14,0.57
lBbm,10,9,19,0.53
lBbn,23,21,44,0.52
lBbs,13,6,19,0.68
lBhB,1,2,3,0.33
lBhH,0,1,1,0.0
lBhL,1,1,2,0.5
lBhM,1,4,5,0.2
lBhN,0,3,3,0.0
lBhP,5,5,10,0.5
lBhS,2,6,8,0.25
lBhb,2,1,3,0.67
lBhh,4,0,4,1.0
lBhl,1,2,3,0.33
lBhm,0,2,2,0.0
lBhn,4,0,4,1.0
lBhs,2,1,3,0.67
lBht,0,0,0,
lBjB,4,4,8,0.5
lBjD,0,1,1,0.0
lBjH,3,3,6,0.5
lBjK,1,0,1,1.0
lBjL,1,2,3,0.33
lBjM,4,7,11,0.36
lBjN,6,8,14,0.43
lBjP,11,6,17,0.65
lBjS,4,2,6,0.67
lBjb,6,2,8,0.75
lBjh,0,1,1,0.0
lBjl,6,3,9,0.67
lBjm,3,6,9,0.33
lBjn,2,3,5,0.4
lBjs,4,4,8,0.5
lBjt,0,0,0,
lBlB,11,6,17,0.65
lBlD,0,2,2,0.0
lBlH,3,8,11,0.27
lBlI,3,0,3,1.0
lBlJ,0,6,6,0.0
lBlL,4,9,13,0.31
lBlM,13,13,26,0.5
lBlN,7,7,14,0.5
lBlP,13,13,26,0.5
lBlS,5,5,10,0.5
lBlb,15,6,21,0.71
lBll,5,5,10,0.5
lBlm,6,5,11,0.55
lBln,9,7,16,0.56
lBls,3,3,6,0.5
lBmB,12,21,33,0.36
lBmD,2,1,3,0.67
lBmH,8,11,19,0.42
lBmI,1,0,1,1.0
lBmJ,5,3,8,0.62
lBmK,0,1,1,0.0
lBmL,10,2,12,0.83
lBmM,18,20,38,0.47
lBmN,25,24,49,0.51
lBmP,25,23,48,0.52
lBmS,15,9,24,0.62
lBmb,17,14,31,0.55
lBml,8,6,14,0.57
lBmm,16,15,31,0.52
lBmn,14,25,39,0.36
lBms,15,8,23,0.65
lBnB,19,17,36,0.53
lBnD,3,7,10,0.3
lBnH,19,22,41,0.46
lBnI,1,5,6,0.17
lBnK,0,5,5,0.0
lBnL,8,12,20,0.4
lBnM,30,27,57,0.53
lBnN,38,43,81,0.47
lBnP,33,38,71,0.46
lBnS,18,29,47,0.38
lBnb,15,19,34,0.44
lBnh,1,1,2,0.5
lBnl,10,5,15,0.67
lBnm,22,27,49,0.45
lBnn,33,34,67,0.49
lBns,22,10,32,0.69
lBsB,6,5,11,0.55
lBsD,1,3,4,0.25
lBsH,7,10,17,0.41
lBsI,2,4,6,0.33
lBsK,1,1,2,0.5
lBsL,2,4,6,0.33
lBsM,7,13,20,0.35
lBsN,11,12,23,0.48
lBsP,19,14,33,0.58
lBsS,3,13,16,0.19
lBsb,8,11,19,0.42
lBsh,0,1,1,0.0
lBsl,7,3,10,0.7
lBsm,11,7,18,0.61
lBsn,13,11,24,0.54
lBss,7,7,14,0.5
lBtB,2,1,3,0.67
lBtD,1,0,1,1.0
lBtH,3,2,5,0.6
lBtK,0,0,0,
lBtL,1,0,1,1.0
lBtM,2,5,7,0.29
lBtN,3,4,7,0.43
lBtP,2,12,14,0.14
lBtS,2,4,6,0.33
lBtb,3,2,5,0.6
lBtl,1,0,1,1.0
lBtm,4,7,11,0.36
lBtn,3,3,6,0.5
lBts,1,5,6,0.17
lBtt,0,2,2,0.0
lDBB,1,2,3,0.33
lDBM,4,1,5,0.8
lDBN,3,3,6,0.5
lDBP,0,4,4,0.0
lDBS,3,4,7,0.43
lDBb,4,0,4,1.0
lDBl,1,0,1,1.0
lDBm,5,2,7,0.71
lDBn,2,2,4,0.5
lDBs,0,0,0,
lDDB,1,0,1,1.0
lDDH,0,0,0,
lDDL,0,1,1,0.0
lDDM,0,0,0,
lDDP,2,0,2,1.0
lDDS,1,0,1,1.0
lDDm,1,1,2,0.5
lDDn,1,1,2,0.5
lDDs,1,0,1,1.0
lDHB,0,2,2,0.0
lDHD,2,0,2,1.0
lDHM,4,0,4,1.0
lDHN,1,3,4,0.25
lDHP,5,0,5,1.0
lDHS,1,0,1,1.0
lDHb,0,2,2,0.0
lDHl,1,6,7,0.14
lDHm,2,3,5,0.4
lDHn,3,0,3,1.0
lDHs,2,1,3,0.67
lDIl,0,1,1,0.0
lDIm,0,1,1,0.0
lDLB,2,2,4,0.5
lDLK,0,1,1,0.0
lDLL,2,0,2,1.0
lDLM,3,2,5,0.6
lDLP,0,1,1,0.0
lDLS,1,0,1,1.0
lDLh,0,2,2,0.0
lDLj,0,0,0,
lDLl,1,2,3,0.33
lDLm,2,3,5,0.4
lDLn,1,1,2,0.5
lDLs,0,1,1,0.0
lDLt,0,1,1,0.0
lDMB,2,5,7,0.29
lDMH,0,1,1,0.0
lDML,1,3,4,0.25
lDMM,3,5,8,0.38
lDMN,1,2,3,0.33
lDMP,4,3,7,0.57
lDMS,2,0,2,1.0
lDMb,4,2,6,0.67
lDMh,2,4,6,0.33
lDMj,1,1,2,0.5
lDMl,1,0,1,1.0
lDMm,5,2,7,0.71
lDMn,2,2,4,0.5
lDMs,1,3,4,0.25
lDNB,6,0,6,1.0
lDNH,0,1,1,0.0
lDNK,0,0,0,
lDNL,1,2,3,0.33
lDNM,4,0,4,1.0
lDNN,3,1,4,0.75
lDNP,4,5,9,0.44
lDNS,1,1,2,0.5
lDNb,3,1,4,0.75
lDNh,0,1,1,0.0
lDNl,2,0,2,1.0
lDNm,3,0,3,1.0
lDNn,4,2,6,0.67
lDNs,2,0,2,1.0
lDNt,0,1,1,0.0
lDPB,5,1,6,0.83
lDPD,2,1,3,0.67
lDPH,0,3,3,0.0
lDPK,0,2,2,0.0
lDPL,0,2,2,0.0
lDPM,3,2,5,0.6
lDPN,4,1,5,0.8
lDPP,4,4,8,0.5
lDPS,3,5,8,0.38
lDPb,2,2,4,0.5
lDPl,2,0,2,1.0
lDPm,4,1,5,0.8
lDPn,2,2,4,0.5
lDPs,4,1,5,0.8
lDSB,0,2,2,0.0
lDSD,0,1,1,0.0
lDSH,0,1,1,0.0
lDSI,0,1,1,0.0
lDSL,1,0,1,1.0
lDSM,0,1,1,0.0
lDSN,1,0,1,1.0
lDSP,0,2,2,0.0
lDSS,0,1,1,0.0
lDSb,1,1,2,0.5
lDSh,1,1,2,0.5
lDSl,1,1,2,0.5
lDSm,4,3,7,0.57
lDSn,3,0,3,1.0
lDSs,2,0,2,1.0
lDSt,0,1,1,0.0
lDbB,2,2,4,0.5
lDbD,0,1,1,0.0
lDbH,0,2,2,0.0
lDbI,0,0,0,
lDbJ,0,2,2,0.0
lDbL,1,1,2,0.5
lDbM,3,2,5,0.6
lDbN,1,3,4,0.25
lDbP,8,1,9,0.89
lDbS,1,0,1,1.0
lDbb,3,3,6,0.5
lDbl,0,2,2,0.0
lDbm,2,1,3,0.67
lDbn,0,4,4,0.0
lDbs,0,1,1,0.0
lDhh,1,0,1,1.0
lDhs,0,1,1,0.0
lDlD,1,0,1,1.0
lDlJ,1,1,2,0.5
lDlM,0,2,2,0.0
lDlN,2,0,2,1.0
lDlP,4,1,5,0.8
lDlS,0,1,1,0.0
lDlb,1,0,1,1.0
lDlm,0,1,1,0.0
lDln,2,0,2,1.0
lDmB,3,2,5,0.6
lDmD,1,0,1,1.0
lDmH,1,2,3,0.33
lDmJ,0,1,1,0.0
lDmL,2,1,3,0.67
lDmM,3,0,3,1.0
lDmN,7,1,8,0.88
lDmP,2,5,7,0.29
lDmS,1,2,3,0.33
lDmb,0,2,2,0.0
lDmm,4,2,6,0.67
lDmn,4,2,6,0.67
lDnB,1,2,3,0.33
lDnH,1,2,3,0.33
lDnI,0,0,0,
lDnL,2,3,5,0.4
lDnM,2,2,4,0.5
lDnN,0,5,5,0.0
lDnP,2,3,5,0.4
lDnb,2,1,3,0.67
lDnl,3,1,4,0.75
lDnm,2,2,4,0.5
lDnn,2,1,3,0.67
lDns,0,1,1,0.0
lDsB,1,1,2,0.5
lDsH,5,3,8,0.62
lDsI,0,1,1,0.0
lDsL,0,2,2,0.0
lDsM,0,4,4,0.0
lDsN,4,2,6,0.67
lDsP,2,1,3,0.67
lDsS,1,2,3,0.33
lDsb,1,1,2,0.5
lDsl,1,0,1,1.0
lDsm,1,1,2,0.5
lDsn,2,2,4,0.5
lDss,0,2,2,0.0
lDtB,1,0,1,1.0
lDtD,1,0,1,1.0
lDtL,0,1,1,0.0
lDtM,1,0,1,1.0
lDtN,1,0,1,1.0
lDtP,0,1,1,0.0
lDtS,2,1,3,0.67
lDtb,1,1,2,0.5
lDtn,1,1,2,0.5
lDts,0,2,2,0.0
lHBB,11,11,22,0.5
lHBD,1,2,3,0.33
lHBK,1,4,5,0.2
lHBL,3,6,9,0.33
lHBM,10,13,23,0.43
lHBN,16,14,30,0.53
lHBP,16,15,31,0.52
lHBS,10,5,15,0.67
lHBb,18,11,29,0.62
lHBh,1,1,2,0.5
lHBj,3,4,7,0.43
lHBl,6,2,8,0.75
lHBm,8,16,24,0.33
lHBn,16,18,34,0.47
lHBs,7,4,11,0.64
lHBt,5,0,5,1.0
lHDB,1,2,3,0.33
lHDD,0,0,0,
lHDH,3,1,4,0.75
lHDI,1,0,1,1.0
lHDL,2,0,2,1.0
lHDM,4,2,6,0.67
lHDN,0,2,2,0.0
lHDP,3,1,4,0.75
lHDS,1,3,4,0.25
lHDb,0,1,1,0.0
lHDl,1,0,1,1.0
lHDm,1,0,1,1.0
lHDn,3,2,5,0.6
lHDs,0,3,3,0.0
lHHB,1,1,2,0.5
lHHH,2,1,3,0.67
lHHL,2,1,3,0.67
lHHM,4,3,7,0.57
lHHN,5,4,9,0.56
lHHP,5,4,9,0.56
lHHS,4,3,7,0.57
lHHb,3,0,3,1.0
lHHh,0,0,0,
lHHm,2,0,2,1.0
lHHn,1,4,5,0.2
lHHs,2,0,2,1.0
lHHt,1,0,1,1.0
lHIL,0,1,1,0.0
lHIM,1,2,3,0.33
lHIN,5,2,7,0.71
lHIP,0,5,5,0.0
lHIS,3,2,5,0.6
lHIb,1,0,1,1.0
lHIl,0,1,1,0.0
lHIm,2,2,4,0.5
lHIn,4,1,5,0.8
lHIs,1,1,2,0.5
lHKB,0,1,1,0.0
lHKD,1,0,1,1.0
lHKL,1,0,1,1.0
lHKM,0,2,2,0.0
lHKN,1,0,1,1.0
lHKP,3,1,4,0.75
lHKS,1,1,2,0.5
lHKb,1,3,4,0.25
lHKh,0,3,3,0.0
lHKl,1,1,2,0.5
lHKm,0,4,4,0.0
lHKn,1,0,1,1.0
lHKs,1,1,2,0.5
lHLB,5,2,7,0.71
lHLL,2,2,4,0.5
lHLM,10,4,14,0.71
lHLN,7,7,14,0.5
lHLP,6,8,14,0.43
lHLS,1,7,8,0.12
lHLb,6,6,12,0.5
lHLh,0,5,5,0.0
lHLj,3,0,3,1.0
lHLl,7,6,13,0.54
lHLm,4,4,8,0.5
lHLn,5,11,16,0.31
lHLs,3,4,7,0.43
lHLt,1,1,2,0.5
lHMB,10,15,25,0.4
lHMD,2,2,4,0.5
lHMH,0,1,1,0.0
lHML,5,9,14,0.36
lHMM,15,18,33,0.45
lHMN,16,15,31,0.52
lHMP,15,27,42,0.36
lHMS,11,14,25,0.44
lHMb,15,14,29,0.52
lHMh,9,13,22,0.41
lHMj,6,1,7,0.86
lHMl,12,8,20,0.6
lHMm,14,15,29,0.48
lHMn,32,19,51,0.63
lHMs,8,7,15,0.53
lHMt,1,3,4,0.25
lHNB,11,13,24,0.46
lHND,1,1,2,0.5
lHNH,1,0,1,1.0
lHNK,1,2,3,0.33
lHNL,5,6,11,0.45
lHNM,19,29,48,0.4
lHNN,15,22,37,0.41
lHNP,25,22,47,0.53
lHNS,8,7,15,0.53
lHNb,15,15,30,0.5
lHNh,4,8,12,0.33
lHNl,12,5,17,0.71
lHNm,11,10,21,0.52
lHNn,24,20,44,0.55
lHNs,15,13,28,0.54
lHNt,3,8,11,0.27
lHPB,15,23,38,0.39
lHPD,1,3,4,0.25
lHPH,10,5,15,0.67
lHPI,6,2,8,0.75
lHPK,1,0,1,1.0
lHPL,11,16,27,0.41
lHPM,21,24,45,0.47
lHPN,19,13,32,0.59
lHPP,35,39,74,0.47
lHPS,21,30,51,0.41
lHPb,25,21,46,0.54
lHPh,5,4,9,0.56
lHPl,11,10,21,0.52
lHPm,24,20,44,0.55
lHPn,27,28,55,0.49
lHPs,19,19,38,0.5
lHPt,5,0,5,1.0
lHSB,5,14,19,0.26
lHSD,2,2,4,0.5
lHSH,3,6,9,0.33
lHSK,2,0,2,1.0
lHSL,8,5,13,0.62
lHSM,10,8,18,0.56
lHSN,6,13,19,0.32
lHSP,9,12,21,0.43
lHSS,6,7,13,0.46
lHSb,12,7,19,0.63
lHSh,4,10,14,0.29
lHSl,9,7,16,0.56
lHSm,8,13,21,0.38
lHSn,12,12,24,0.5
lHSs,15,13,28,0.54
lHSt,4,1,5,0.8
lHbB,15,13,28,0.54
lHbD,1,2,3,0.33
lHbH,10,3,13,0.77
lHbI,3,0,3,1.0
lHbJ,5,4,9,0.56
lHbK,2,1,3,0.67
lHbL,7,11,18,0.39
lHbM,21,12,33,0.64
lHbN,20,20,40,0.5
lHbP,27,25,52,0.52
lHbS,6,7,13,0.46
lHbb,15,17,32,0.47
lHbl,4,6,10,0.4
lHbm,15,9,24,0.62
lHbn,12,16,28,0.43
lHbs,7,11,18,0.39
lHhB,1,5,6,0.17
lHhD,0,2,2,0.0
lHhH,2,4,6,0.33
lHhL,2,1,3,0.67
lHhM,5,5,10,0.5
lHhN,3,6,9,0.33
lHhP,9,11,20,0.45
lHhS,5,4,9,0.56
lHhb,4,7,11,0.36
lHhh,5,9,14,0.36
lHhl,5,4,9,0.56
lHhm,3,8,11,0.27
lHhn,7,10,17,0.41
lHhs,5,11,16,0.31
lHht,1,2,3,0.33
lHlB,2,8,10,0.2
lHlH,7,3,10,0.7
lHlJ,2,0,2,1.0
lHlK,0,0,0,
lHlL,1,3,4,0.25
lHlM,8,11,19,0.42
lHlN,12,6,18,0.67
lHlP,9,12,21,0.43
lHlS,3,4,7,0.43
lHlb,4,12,16,0.25
lHll,3,1,4,0.75
lHlm,9,5,14,0.64
lHln,5,11,16,0.31
lHls,4,7,11,0.36
lHmB,13,13,26,0.5
lHmD,6,7,13,0.46
lHmH,14,8,22,0.64
lHmJ,3,1,4,0.75
lHmL,4,2,6,0.67
lHmM,16,16,32,0.5
lHmN,10,20,30,0.33
lHmP,24,20,44,0.55
lHmS,5,10,15,0.33
lHmb,19,14,33,0.58
lHmh,1,0,1,1.0
lHml,8,5,13,0.62
lHmm,11,8,19,0.58
lHmn,20,8,28,0.71
lHms,6,8,14,0.43
lHnB,8,10,18,0.44
lHnD,1,3,4,0.25
lHnH,9,9,18,0.5
lHnI,2,2,4,0.5
lHnK,2,3,5,0.4
lHnL,8,12,20,0.4
lHnM,19,24,43,0.44
lHnN,19,25,44,0.43
lHnP,30,29,59,0.51
lHnS,15,11,26,0.58
lHnb,24,16,40,0.6
lHnh,0,1,1,0.0
lHnl,11,11,22,0.5
lHnm,11,13,24,0.46
lHnn,25,20,45,0.56
lHns,13,6,19,0.68
lHsB,4,9,13,0.31
lHsD,1,0,1,1.0
lHsH,10,12,22,0.45
lHsI,2,1,3,0.67
lHsK,0,1,1,0.0
lHsL,4,4,8,0.5
lHsM,11,12,23,0.48
lHsN,8,14,22,0.36
lHsP,15,12,27,0.56
lHsS,17,15,32,0.53
lHsb,8,3,11,0.73
lHsh,0,2,2,0.0
lHsl,9,5,14,0.64
lHsm,14,10,24,0.58
lHsn,13,14,27,0.48
lHss,8,14,22,0.36
lHst,1,0,1,1.0
lHtB,1,1,2,0.5
lHtH,0,3,3,0.0
lHtK,0,0,0,
lHtM,2,1,3,0.67
lHtN,1,1,2,0.5
lHtP,2,1,3,0.67
lHtS,3,1,4,0.75
lHtb,2,0,2,1.0
lHtl,2,0,2,1.0
lHtm,3,0,3,1.0
lHtn,0,1,1,0.0
lHts,1,1,2,0.5
lIBB,2,1,3,0.67
lIBK,1,0,1,1.0
lIBL,0,1,1,0.0
lIBM,3,4,7,0.43
lIBP,0,2,2,0.0
lIBS,2,2,4,0.5
lIBb,1,0,1,1.0
lIBh,0,1,1,0.0
lIBj,1,0,1,1.0
lIBl,1,0,1,1.0
lIBm,1,3,4,0.25
lIBn,4,3,7,0.57
lIBs,0,2,2,0.0
lIDH,1,1,2,0.5
lIDP,0,2,2,0.0
lIDS,0,1,1,0.0
lIDb,0,1,1,0.0
lIDs,1,0,1,1.0
lIHB,2,2,4,0.5
lIHD,0,1,1,0.0
lIHH,0,1,1,0.0
lIHL,1,0,1,1.0
lIHN,4,0,4,1.0
lIHP,5,1,6,0.83
lIHS,3,0,3,1.0
lIHb,0,4,4,0.0
lIHh,1,0,1,1.0
lIHl,0,2,2,0.0
lIHm,0,1,1,0.0
lIHn,0,2,2,0.0
lIHt,1,0,1,1.0
lIII,1,0,1,1.0
lIIP,1,0,1,1.0
lIIb,1,0,1,1.0
lIIl,1,0,1,1.0
lIIm,1,0,1,1.0
lILB,0,1,1,0.0
lILN,3,1,4,0.75
lILP,2,0,2,1.0
lILb,0,1,1,0.0
lILj,1,0,1,1.0
lILl,1,1,2,0.5
lILm,1,1,2,0.5
lILn,0,1,1,0.0
lILs,0,2,2,0.0
lIMB,1,1,2,0.5
lIML,2,1,3,0.67
lIMM,3,4,7,0.43
lIMN,2,2,4,0.5
lIMP,4,5,9,0.44
lIMS,0,2,2,0.0
lIMb,4,0,4,1.0
lIMh,1,1,2,0.5
lIMj,0,1,1,0.0
lIMl,0,4,4,0.0
lIMm,5,3,8,0.62
lIMn,1,5,6,0.17
lIMt,0,1,1,0.0
lINB,1,2,3,0.33
lINH,0,1,1,0.0
lINK,0,1,1,0.0
lINL,1,1,2,0.5
lINM,2,1,3,0.67
lINN,2,5,7,0.29
lINP,5,4,9,0.56
lINS,3,1,4,0.75
lINb,3,2,5,0.6
lINl,3,0,3,1.0
lINm,3,2,5,0.6
lINn,0,2,2,0.0
lINs,2,1,3,0.67
lINt,2,1,3,0.67
lIPB,2,2,4,0.5
lIPD,0,2,2,0.0
lIPH,2,1,3,0.67
lIPL,2,1,3,0.67
lIPM,2,3,5,0.4
lIPN,2,3,5,0.4
lIPP,7,4,11,0.64
lIPS,2,1,3,0.67
lIPb,4,1,5,0.8
lIPh,1,1,2,0.5
lIPl,2,3,5,0.4
lIPm,2,1,3,0.67
lIPn,0,5,5,0.0
lIPs,1,1,2,0.5
lISB,3,2,5,0.6
lISH,0,1,1,0.0
lISM,2,1,3,0.67
lISN,1,1,2,0.5
lISP,3,3,6,0.5
lISS,2,0,2,1.0
lISb,0,0,0,
lISl,2,0,2,1.0
lISm,0,1,1,0.0
lISn,0,0,0,
lISs,3,0,3,1.0
lISt,3,0,3,1.0
lIbB,4,2,6,0.67
lIbH,1,1,2,0.5
lIbJ,1,0,1,1.0
lIbK,0,1,1,0.0
lIbL,1,1,2,0.5
lIbM,1,2,3,0.33
lIbN,3,3,6,0.5
lIbP,3,3,6,0.5
lIbS,4,0,4,1.0
lIbb,3,0,3,1.0
lIbl,1,1,2,0.5
lIbm,1,2,3,0.33
lIbn,2,4,6,0.33
lIhS,0,1,1,0.0
lIlB,1,1,2,0.5
lIlH,0,0,0,
lIlM,1,1,2,0.5
lIlN,1,0,1,1.0
lIlP,3,3,6,0.5
lIlS,0,1,1,0.0
lIlb,1,0,1,1.0
lIlm,1,0,1,1.0
lIln,1,1,2,0.5
lIls,0,0,0,
lImB,2,1,3,0.67
lImH,1,3,4,0.25
lImI,1,0,1,1.0
lImL,2,1,3,0.67
lImM,2,2,4,0.5
lImN,2,7,9,0.22
lImP,0,2,2,0.0
lImS,0,3,3,0.0
lImb,2,1,3,0.67
lIml,1,0,1,1.0
lImm,2,1,3,0.67
lImn,2,1,3,0.67
lIms,0,1,1,0.0
lInB,2,0,2,1.0
lInD,1,1,2,0.5
lInM,3,1,4,0.75
lInN,2,2,4,0.5
lInP,3,5,8,0.38
lInS,2,0,2,1.0
lInb,2,2,4,0.5
lInl,0,1,1,0.0
lInm,1,1,2,0.5
lInn,0,1,1,0.0
lIns,2,1,3,0.67
lIsB,3,0,3,1.0
lIsH,1,1,2,0.5
lIsI,0,0,0,
lIsL,1,0,1,1.0
lIsM,3,0,3,1.0
lIsN,2,1,3,0.67
lIsP,3,5,8,0.38
lIsS,0,2,2,0.0
lIsb,1,0,1,1.0
lIsl,2,0,2,1.0
lIsn,0,0,0,
lIss,0,2,2,0.0
lIts,0,0,0,
lJBB,6,7,13,0.46
lJBD,0,1,1,0.0
lJBK,0,1,1,0.0
lJBL,2,3,5,0.4
lJBM,3,10,13,0.23
lJBN,3,7,10,0.3
lJBP,6,8,14,0.43
lJBS,3,2,5,0.6
lJBb,3,6,9,0.33
lJBj,3,4,7,0.43
lJBl,1,3,4,0.25
lJBm,6,3,9,0.67
lJBn,4,5,9,0.44
lJBs,5,6,11,0.45
lJBt,0,1,1,0.0
lJDB,0,1,1,0.0
lJDH,3,1,4,0.75
lJDI,0,1,1,0.0
lJDK,1,0,1,1.0
lJDL,0,0,0,
lJDM,0,1,1,0.0
lJDN,1,2,3,0.33
lJDP,0,2,2,0.0
lJDS,1,2,3,0.33
lJDb,2,0,2,1.0
lJDl,1,0,1,1.0
lJDm,1,0,1,1.0
lJHB,1,3,4,0.25
lJHL,1,2,3,0.33
lJHM,3,5,8,0.38
lJHN,1,3,4,0.25
lJHP,2,7,9,0.22
lJHS,3,0,3,1.0
lJHb,2,5,7,0.29
lJHh,1,1,2,0.5
lJHl,1,0,1,1.0
lJHm,5,2,7,0.71
lJHn,4,2,6,0.67
lJHs,1,2,3,0.33
lJHt,1,0,1,1.0
lJID,1,0,1,1.0
lJIH,1,1,2,0.5
lJIL,1,1,2,0.5
lJIM,0,1,1,0.0
lJIN,1,3,4,0.25
lJIP,1,0,1,1.0
lJIS,0,1,1,0.0
lJIb,1,0,1,1.0
lJIm,1,0,1,1.0
lJIn,1,0,1,1.0
lJKI,0,0,0,
lJKM,2,0,2,1.0
lJKP,0,1,1,0.0
lJKS,0,1,1,0.0
lJKb,0,3,3,0.0
lJKh,0,1,1,0.0
lJKm,0,1,1,0.0
lJLB,2,3,5,0.4
lJLD,1,1,2,0.5
lJLL,3,4,7,0.43
lJLM,1,3,4,0.25
lJLN,1,1,2,0.5
lJLP,1,6,7,0.14
lJLS,3,1,4,0.75
lJLb,3,3,6,0.5
lJLh,2,1,3,0.67
lJLl,2,1,3,0.67
lJLm,3,1,4,0.75
lJLn,2,4,6,0.33
lJLs,1,3,4,0.25
lJLt,1,0,1,1.0
lJMB,7,7,14,0.5
lJMD,0,3,3,0.0
lJMK,1,0,1,1.0
lJML,5,3,8,0.62
lJMM,6,7,13,0.46
lJMN,6,5,11,0.55
lJMP,7,10,17,0.41
lJMS,6,7,13,0.46
lJMb,7,6,13,0.54
lJMh,7,0,7,1.0
lJMj,2,1,3,0.67
lJMl,5,2,7,0.71
lJMm,7,7,14,0.5
lJMn,15,5,20,0.75
lJMs,3,4,7,0.43
lJMt,0,1,1,0.0
lJNB,5,6,11,0.45
lJND,1,0,1,1.0
lJNH,0,1,1,0.0
lJNI,0,0,0,
lJNK,1,2,3,0.33
lJNL,5,5,10,0.5
lJNM,5,5,10,0.5
lJNN,9,3,12,0.75
lJNP,4,8,12,0.33
lJNS,8,3,11,0.73
lJNb,10,3,13,0.77
lJNh,3,0,3,1.0
lJNl,5,4,9,0.56
lJNm,2,7,9,0.22
lJNn,12,10,22,0.55
lJNs,9,1,10,0.9
lJNt,1,1,2,0.5
lJPB,11,7,18,0.61
lJPD,1,0,1,1.0
lJPH,2,3,5,0.4
lJPK,2,0,2,1.0
lJPL,1,5,6,0.17
lJPM,8,12,20,0.4
lJPN,11,10,21,0.52
lJPP,21,17,38,0.55
lJPS,10,4,14,0.71
lJPb,12,10,22,0.55
lJPh,0,1,1,0.0
lJPl,5,5,10,0.5
lJPm,7,7,14,0.5
lJPn,7,2,9,0.78
lJPs,9,10,19,0.47
lJPt,1,0,1,1.0
lJSB,2,7,9,0.22
lJSD,1,0,1,1.0
lJSH,2,2,4,0.5
lJSL,2,2,4,0.5
lJSM,5,7,12,0.42
lJSN,4,5,9,0.44
lJSP,11,6,17,0.65
lJSS,3,2,5,0.6
lJSb,3,4,7,0.43
lJSh,1,0,1,1.0
lJSl,3,2,5,0.6
lJSm,9,2,11,0.82
lJSn,7,4,11,0.64
lJSs,8,8,16,0.5
lJSt,1,0,1,1.0
lJbB,10,15,25,0.4
lJbH,1,1,2,0.5
lJbI,2,0,2,1.0
lJbL,4,6,10,0.4
lJbM,11,7,18,0.61
lJbN,9,7,16,0.56
lJbP,10,7,17,0.59
lJbS,1,3,4,0.25
lJbb,16,9,25,0.64
lJbl,4,0,4,1.0
lJbm,8,5,13,0.62
lJbn,7,8,15,0.47
lJbs,1,2,3,0.33
lJhB,0,0,0,
lJhI,0,1,1,0.0
lJhL,1,1,2,0.5
lJhM,1,2,3,0.33
lJhS,0,0,0,
lJhh,0,3,3,0.0
lJhl,0,1,1,0.0
lJhn,0,1,1,0.0
lJhs,0,1,1,0.0
lJlB,4,3,7,0.57
lJlD,1,0,1,1.0
lJlH,3,1,4,0.75
lJlJ,3,0,3,1.0
lJlL,2,0,2,1.0
lJlM,2,6,8,0.25
lJlN,0,6,6,0.0
lJlP,4,1,5,0.8
lJlS,3,2,5,0.6
lJlb,5,0,5,1.0
lJll,8,0,8,1.0
lJlm,2,3,5,0.4
lJln,5,1,6,0.83
lJls,0,2,2,0.0
lJmB,4,5,9,0.44
lJmD,1,1,2,0.5
lJmH,6,2,8,0.75
lJmJ,4,0,4,1.0
lJmL,4,2,6,0.67
lJmM,8,11,19,0.42
lJmN,4,4,8,0.5
lJmP,10,6,16,0.62
lJmS,3,6,9,0.33
lJmb,3,5,8,0.38
lJml,4,2,6,0.67
lJmm,6,1,7,0.86
lJmn,9,2,11,0.82
lJms,5,1,6,0.83
lJnB,5,4,9,0.56
lJnD,0,3,3,0.0
lJnH,3,4,7,0.43
lJnI,1,1,2,0.5
lJnK,1,1,2,0.5
lJnL,4,3,7,0.57
lJnM,3,7,10,0.3
lJnN,4,3,7,0.57
lJnP,8,7,15,0.53
lJnS,4,3,7,0.57
lJnb,4,1,5,0.8
lJnl,1,2,3,0.33
lJnm,5,3,8,0.62
lJnn,6,10,16,0.38
lJns,2,5,7,0.29
lJsB,5,3,8,0.62
lJsH,0,5,5,0.0
lJsI,0,1,1,0.0
lJsL,1,2,3,0.33
lJsM,3,3,6,0.5
lJsN,3,5,8,0.38
lJsP,10,5,15,0.67
lJsS,3,2,5,0.6
lJsb,4,3,7,0.57
lJsh,1,1,2,0.5
lJsl,3,2,5,0.6
lJsm,5,5,10,0.5
lJsn,5,5,10,0.5
lJss,3,4,7,0.43
lJtB,0,1,1,0.0
lJtK,0,1,1,0.0
lJtL,0,1,1,0.0
lJtM,1,0,1,1.0
lJtN,1,1,2,0.5
lJtP,1,2,3,0.33
lJtS,1,2,3,0.33
lJtb,0,1,1,0.0
lJtl,2,0,2,1.0
lJts,0,1,1,0.0
lKBB,1,1,2,0.5
lKBL,1,1,2,0.5
lKBN,0,2,2,0.0
lKBP,2,3,5,0.4
lKBS,0,0,0,
lKBb,1,2,3,0.33
lKBl,1,1,2,0.5
lKBm,1,0,1,1.0
lKBn,1,1,2,0.5
lKBs,1,2,3,0.33
lKDM,0,1,1,0.0
lKDl,1,0,1,1.0
lKHN,0,1,1,0.0
lKIH,0,1,1,0.0
lKKM,0,2,2,0.0
lKKb,0,1,1,0.0
lKLB,1,0,1,1.0
lKLL,0,1,1,0.0
lKLS,0,0,0,
lKLj,0,1,1,0.0
lKLl,1,0,1,1.0
lKLm,0,1,1,0.0
lKLn,2,0,2,1.0
lKLs,0,1,1,0.0
lKMB,0,3,3,0.0
lKML,1,1,2,0.5
lKMM,0,0,0,
lKMN,1,0,1,1.0
lKMP,4,1,5,0.8
lKMS,1,1,2,0.5
lKMb,2,0,2,1.0
lKMh,0,2,2,0.0
lKMj,1,1,2,0.5
lKMl,0,1,1,0.0
lKMm,0,2,2,0.0
lKMn,2,5,7,0.29
lKMs,2,3,5,0.4
lKMt,0,1,1,0.0
lKNL,0,1,1,0.0
lKNM,0,1,1,0.0
lKNN,0,2,2,0.0
lKNP,0,1,1,0.0
lKNS,0,1,1,0.0
lKNb,3,0,3,1.0
lKNh,1,0,1,1.0
lKNl,1,0,1,1.0
lKNm,0,1,1,0.0
lKNt,0,1,1,0.0
lKPB,1,2,3,0.33
lKPH,0,0,0,
lKPL,1,1,2,0.5
lKPM,0,4,4,0.0
lKPN,0,1,1,0.0
lKPP,4,4,8,0.5
lKPS,1,2,3,0.33
lKPb,1,2,3,0.33
lKPl,1,1,2,0.5
lKPm,0,3,3,0.0
lKPn,1,0,1,1.0
lKPs,0,1,1,0.0
lKPt,1,0,1,1.0
lKSB,0,2,2,0.0
lKSD,1,0,1,1.0
lKSH,1,0,1,1.0
lKSM,0,1,1,0.0
lKSN,0,1,1,0.0
lKSP,1,2,3,0.33
lKSS,1,0,1,1.0
lKSb,1,0,1,1.0
lKSh,1,0,1,1.0
lKSm,0,1,1,0.0
lKSn,0,1,1,0.0
lKbB,1,3,4,0.25
lKbM,1,0,1,1.0
lKbN,2,0,2,1.0
lKbP,1,0,1,1.0
lKbS,1,1,2,0.5
lKbb,2,4,6,0.33
lKbl,1,0,1,1.0
lKbm,1,1,2,0.5
lKbn,0,0,0,
lKbs,0,1,1,0.0
lKhB,1,1,2,0.5
lKhD,0,0,0,
lKhH,1,0,1,1.0
lKhL,1,0,1,1.0
lKhM,1,3,4,0.25
lKhN,1,0,1,1.0
lKhP,1,2,3,0.33
lKhS,1,1,2,0.5
lKhb,0,2,2,0.0
lKhh,0,1,1,0.0
lKhl,3,2,5,0.6
lKhm,2,0,2,1.0
lKhn,1,2,3,0.33
lKhs,1,1,2,0.5
lKht,0,1,1,0.0
lKlH,0,1,1,0.0
lKlJ,0,1,1,0.0
lKlM,1,0,1,1.0
lKlN,1,0,1,1.0
lKlP,2,1,3,0.67
lKlS,1,1,2,0.5
lKlb,1,1,2,0.5
lKlm,0,1,1,0.0
lKln,0,1,1,0.0
lKmB,0,1,1,0.0
lKmH,2,2,4,0.5
lKmL,1,1,2,0.5
lKmM,0,1,1,0.0
lKmN,2,1,3,0.67
lKmP,2,2,4,0.5
lKmS,1,2,3,0.33
lKmb,2,5,7,0.29
lKmn,0,1,1,0.0
lKms,1,1,2,0.5
lKnB,1,0,1,1.0
lKnH,0,0,0,
lKnL,3,0,3,1.0
lKnM,3,2,5,0.6
lKnN,1,0,1,1.0
lKnP,1,2,3,0.33
lKnS,0,3,3,0.0
lKnb,0,1,1,0.0
lKnm,0,1,1,0.0
lKnn,1,4,5,0.2
lKns,1,0,1,1.0
lKsB,0,1,1,0.0
lKsM,0,1,1,0.0
lKsN,0,1,1,0.0
lKsP,1,0,1,1.0
lKsS,1,2,3,0.33
lKsb,1,0,1,1.0
lKsl,1,1,2,0.5
lKsm,0,1,1,0.0
lKsn,0,1,1,0.0
lKss,0,2,2,0.0
lKtL,1,0,1,1.0
lKtM,0,1,1,0.0
lLBB,9,11,20,0.45
lLBD,1,1,2,0.5
lLBK,1,0,1,1.0
lLBL,2,1,3,0.67
lLBM,3,4,7,0.43
lLBN,7,6,13,0.54
lLBP,17,8,25,0.68
lLBS,4,1,5,0.8
lLBb,8,12,20,0.4
lLBh,1,2,3,0.33
lLBj,4,3,7,0.57
lLBl,5,3,8,0.62
lLBm,10,7,17,0.59
lLBn,9,7,16,0.56
lLBs,8,8,16,0.5
lLBt,1,3,4,0.25
lLDH,1,1,2,0.5
lLDL,1,0,1,1.0
lLDM,0,1,1,0.0
lLDP,1,2,3,0.33
lLDS,0,0,0,
lLDm,1,1,2,0.5
lLDn,0,1,1,0.0
lLDs,1,0,1,1.0
lLHM,0,1,1,0.0
lLHS,0,0,0,
lLHm,1,0,1,1.0
lLHn,1,0,1,1.0
lLKB,1,0,1,1.0
lLKD,1,0,1,1.0
lLKH,0,1,1,0.0
lLKL,2,1,3,0.67
lLKM,1,0,1,1.0
lLKN,0,1,1,0.0
lLKP,1,0,1,1.0
lLKm,1,1,2,0.5
lLKn,1,2,3,0.33
lLLB,6,8,14,0.43
lLLD,0,1,1,0.0
lLLK,1,0,1,1.0
lLLL,0,2,2,0.0
lLLM,5,4,9,0.56
lLLN,10,3,13,0.77
lLLP,8,3,11,0.73
lLLS,2,2,4,0.5
lLLb,0,7,7,0.0
lLLh,2,5,7,0.29
lLLj,1,0,1,1.0
lLLl,0,2,2,0.0
lLLm,5,3,8,0.62
lLLn,6,5,11,0.55
lLLs,3,4,7,0.43
lLLt,2,1,3,0.67
lLMB,11,10,21,0.52
lLMD,1,1,2,0.5
lLMK,0,0,0,
lLML,9,1,10,0.9
lLMM,7,11,18,0.39
lLMN,10,12,22,0.45
lLMP,15,9,24,0.62
lLMS,3,3,6,0.5
lLMb,11,8,19,0.58
lLMh,7,6,13,0.54
lLMj,3,3,6,0.5
lLMl,7,4,11,0.64
lLMm,15,13,28,0.54
lLMn,10,20,30,0.33
lLMs,14,8,22,0.64
lLMt,0,0,0,
lLNB,6,8,14,0.43
lLND,0,2,2,0.0
lLNH,4,2,6,0.67
lLNK,0,1,1,0.0
lLNL,3,3,6,0.5
lLNM,6,14,20,0.3
lLNN,18,13,31,0.58
lLNP,13,13,26,0.5
lLNS,4,9,13,0.31
lLNb,8,12,20,0.4
lLNh,5,2,7,0.71
lLNl,4,4,8,0.5
lLNm,6,7,13,0.46
lLNn,10,11,21,0.48
lLNs,6,6,12,0.5
lLNt,3,2,5,0.6
lLPB,11,14,25,0.44
lLPD,0,2,2,0.0
lLPH,6,5,11,0.55
lLPI,2,1,3,0.67
lLPK,2,1,3,0.67
lLPL,4,5,9,0.44
lLPM,15,6,21,0.71
lLPN,15,21,36,0.42
lLPP,25,16,41,0.61
lLPS,8,10,18,0.44
lLPb,14,7,21,0.67
lLPh,1,2,3,0.33
lLPl,6,11,17,0.35
lLPm,11,13,24,0.46
lLPn,11,9,20,0.55
lLPs,9,12,21,0.43
lLPt,1,4,5,0.2
lLSB,2,9,11,0.18
lLSH,3,2,5,0.6
lLSK,0,0,0,
lLSL,2,4,6,0.33
lLSM,7,7,14,0.5
lLSN,7,6,13,0.54
lLSP,12,6,18,0.67
lLSS,12,14,26,0.46
lLSb,5,4,9,0.56
lLSh,5,5,10,0.5
lLSl,8,4,12,0.67
lLSm,5,12,17,0.29
lLSn,8,8,16,0.5
lLSs,6,7,13,0.46
lLSt,0,4,4,0.0
lLbB,10,5,15,0.67
lLbD,1,3,4,0.25
lLbH,5,3,8,0.62
lLbJ,3,1,4,0.75
lLbK,3,1,4,0.75
lLbL,3,0,3,1.0
lLbM,7,14,21,0.33
lLbN,10,9,19,0.53
lLbP,22,16,38,0.58
lLbS,4,5,9,0.44
lLbb,8,14,22,0.36
lLbl,3,3,6,0.5
lLbm,14,5,19,0.74
lLbn,12,9,21,0.57
lLbs,6,5,11,0.55
lLhB,4,8,12,0.33
lLhH,0,1,1,0.0
lLhL,0,2,2,0.0
lLhM,6,4,10,0.6
lLhN,5,7,12,0.42
lLhP,7,7,14,0.5
lLhS,4,2,6,0.67
lLhb,4,2,6,0.67
lLhh,3,6,9,0.33
lLhl,1,1,2,0.5
lLhm,5,3,8,0.62
lLhn,9,1,10,0.9
lLhs,3,2,5,0.6
lLht,3,0,3,1.0
lLjB,3,4,7,0.43
lLjH,0,2,2,0.0
lLjK,1,0,1,1.0
lLjL,4,0,4,1.0
lLjM,2,2,4,0.5
lLjN,3,5,8,0.38
lLjP,3,4,7,0.43
lLjS,3,4,7,0.43
lLjb,1,0,1,1.0
lLjh,0,0,0,
lLjl,1,1,2,0.5
lLjm,7,3,10,0.7
lLjn,4,3,7,0.57
lLjs,2,2,4,0.5
lLjt,1,0,1,1.0
lLlB,3,7,10,0.3
lLlH,6,7,13,0.46
lLlI,2,0,2,1.0
lLlJ,3,0,3,1.0
lLlK,0,1,1,0.0
lLlL,2,3,5,0.4
lLlM,4,3,7,0.57
lLlN,11,6,17,0.65
lLlP,6,5,11,0.55
lLlS,3,8,11,0.27
lLlb,7,7,14,0.5
lLll,1,1,2,0.5
lLlm,3,3,6,0.5
lLln,5,6,11,0.45
lLls,5,3,8,0.62
lLmB,4,8,12,0.33
lLmD,1,3,4,0.25
lLmH,2,8,10,0.2
lLmI,1,1,2,0.5
lLmJ,5,1,6,0.83
lLmL,3,3,6,0.5
lLmM,6,9,15,0.4
lLmN,7,14,21,0.33
lLmP,12,16,28,0.43
lLmS,3,6,9,0.33
lLmb,13,8,21,0.62
lLml,3,3,6,0.5
lLmm,4,9,13,0.31
lLmn,11,2,13,0.85
lLms,6,4,10,0.6
lLnB,9,10,19,0.47
lLnD,1,5,6,0.17
lLnH,5,12,17,0.29
lLnI,0,1,1,0.0
lLnK,0,2,2,0.0
lLnL,6,9,15,0.4
lLnM,18,14,32,0.56
lLnN,16,17,33,0.48
lLnP,22,19,41,0.54
lLnS,12,15,27,0.44
lLnb,14,14,28,0.5
lLnh,0,3,3,0.0
lLnl,9,6,15,0.6
lLnm,17,12,29,0.59
lLnn,21,14,35,0.6
lLns,10,9,19,0.53
lLsB,3,5,8,0.38
lLsH,6,7,13,0.46
lLsI,1,1,2,0.5
lLsL,2,8,10,0.2
lLsM,4,14,18,0.22
lLsN,6,5,11,0.55
lLsP,7,11,18,0.39
lLsS,6,6,12,0.5
lLsb,7,1,8,0.88
lLsl,2,9,11,0.18
lLsm,10,5,15,0.67
lLsn,6,6,12,0.5
lLss,8,3,11,0.73
lLtB,3,1,4,0.75
lLtD,1,1,2,0.5
lLtH,2,1,3,0.67
lLtL,0,1,1,0.0
lLtM,4,3,7,0.57
lLtN,2,2,4,0.5
lLtP,3,5,8,0.38
lLtS,1,1,2,0.5
lLtb,1,0,1,1.0
lLtl,2,3,5,0.4
lLtm,2,2,4,0.5
lLtn,2,2,4,0.5
lLts,2,2,4,0.5
lMBB,13,30,43,0.3
lMBD,3,3,6,0.5
lMBK,0,0,0,
lMBL,4,3,7,0.57
lMBM,15,24,39,0.38
lMBN,32,18,50,0.64
lMBP,22,22,44,0.5
lMBS,12,7,19,0.63
lMBb,25,16,41,0.61
lMBh,2,3,5,0.4
lMBj,8,12,20,0.4
lMBl,8,7,15,0.53
lMBm,10,16,26,0.38
lMBn,30,27,57,0.53
lMBs,3,8,11,0.27
lMBt,1,6,7,0.14
lMDB,3,2,5,0.6
lMDD,1,1,2,0.5
lMDH,2,2,4,0.5
lMDL,1,1,2,0.5
lMDM,3,2,5,0.6
lMDN,0,5,5,0.0
lMDP,4,6,10,0.4
lMDS,4,1,5,0.8
lMDb,1,4,5,0.2
lMDl,2,2,4,0.5
lMDm,4,0,4,1.0
lMDn,3,0,3,1.0
lMDs,2,1,3,0.67
lMIS,1,0,1,1.0
lMKD,1,0,1,1.0
lMKI,1,0,1,1.0
lMKM,0,1,1,0.0
lMKP,1,0,1,1.0
lMKS,0,1,1,0.0
lMKm,1,1,2,0.5
lMKs,1,0,1,1.0
lMLB,9,11,20,0.45
lMLK,1,1,2,0.5
lMLL,5,1,6,0.83
lMLM,12,10,22,0.55
lMLN,10,5,15,0.67
lMLP,15,11,26,0.58
lMLS,3,5,8,0.38
lMLb,6,9,15,0.4
lMLh,5,3,8,0.62
lMLj,3,6,9,0.33
lMLl,3,2,5,0.6
lMLm,12,11,23,0.52
lMLn,22,10,32,0.69
lMLs,6,5,11,0.55
lMLt,4,0,4,1.0
lMMB,16,16,32,0.5
lMMD,3,5,8,0.38
lMML,6,3,9,0.67
lMMM,25,29,54,0.46
lMMN,18,18,36,0.5
lMMP,34,28,62,0.55
lMMS,14,16,30,0.47
lMMb,24,23,47,0.51
lMMh,22,21,43,0.51
lMMj,4,6,10,0.4
lMMl,7,9,16,0.44
lMMm,23,19,42,0.55
lMMn,34,39,73,0.47
lMMs,19,18,37,0.51
lMMt,5,5,10,0.5
lMNB,24,13,37,0.65
lMND,1,2,3,0.33
lMNH,4,1,5,0.8
lMNK,2,5,7,0.29
lMNL,5,10,15,0.33
lMNM,17,23,40,0.42
lMNN,25,39,64,0.39
lMNP,40,42,82,0.49
lMNS,13,16,29,0.45
lMNb,22,29,51,0.43
lMNh,8,6,14,0.57
lMNl,15,8,23,0.65
lMNm,25,18,43,0.58
lMNn,30,34,64,0.47
lMNs,11,12,23,0.48
lMNt,4,4,8,0.5
lMPB,24,20,44,0.55
lMPD,3,3,6,0.5
lMPH,12,5,17,0.71
lMPI,3,4,7,0.43
lMPK,4,3,7,0.57
lMPL,12,12,24,0.5
lMPM,29,41,70,0.41
lMPN,24,42,66,0.36
lMPP,52,53,105,0.5
lMPS,15,22,37,0.41
lMPb,46,37,83,0.55
lMPh,6,7,13,0.46
lMPl,16,17,33,0.48
lMPm,26,37,63,0.41
lMPn,30,37,67,0.45
lMPs,17,22,39,0.44
lMPt,1,7,8,0.12
lMSB,15,10,25,0.6
lMSD,4,1,5,0.8
lMSH,9,6,15,0.6
lMSK,2,0,2,1.0
lMSL,1,4,5,0.2
lMSM,16,16,32,0.5
lMSN,18,16,34,0.53
lMSP,19,25,44,0.43
lMSS,19,12,31,0.61
lMSb,17,11,28,0.61
lMSh,8,13,21,0.38
lMSl,8,12,20,0.4
lMSm,25,14,39,0.64
lMSn,22,26,48,0.46
lMSs,25,8,33,0.76
lMSt,3,2,5,0.6
lMbB,14,22,36,0.39
lMbD,1,1,2,0.5
lMbH,8,2,10,0.8
lMbI,1,7,8,0.12
lMbJ,11,9,20,0.55
lMbK,1,4,5,0.2
lMbL,12,9,21,0.57
lMbM,32,24,56,0.57
lMbN,48,34,82,0.59
lMbP,33,41,74,0.45
lMbS,13,11,24,0.54
lMbb,18,14,32,0.56
lMbl,7,14,21,0.33
lMbm,25,15,40,0.62
lMbn,32,28,60,0.53
lMbs,6,14,20,0.3
lMhB,13,12,25,0.52
lMhD,3,5,8,0.38
lMhH,3,6,9,0.33
lMhI,0,1,1,0.0
lMhL,6,3,9,0.67
lMhM,22,24,46,0.48
lMhN,16,16,32,0.5
lMhP,25,30,55,0.45
lMhS,23,15,38,0.61
lMhb,19,21,40,0.48
lMhh,17,16,33,0.52
lMhl,13,8,21,0.62
lMhm,18,17,35,0.51
lMhn,19,20,39,0.49
lMhs,13,15,28,0.46
lMht,1,2,3,0.33
lMjB,5,2,7,0.71
lMjD,2,0,2,1.0
lMjH,4,2,6,0.67
lMjK,0,2,2,0.0
lMjL,3,5,8,0.38
lMjM,6,7,13,0.46
lMjN,8,9,17,0.47
lMjP,15,4,19,0.79
lMjS,5,5,10,0.5
lMjb,3,4,7,0.43
lMjh,0,3,3,0.0
lMjl,4,4,8,0.5
lMjm,6,2,8,0.75
lMjn,7,7,14,0.5
lMjs,4,7,11,0.36
lMjt,0,1,1,0.0
lMlB,10,4,14,0.71
lMlD,0,1,1,0.0
lMlH,5,6,11,0.45
lMlI,0,2,2,0.0
lMlJ,5,2,7,0.71
lMlK,2,1,3,0.67
lMlL,5,5,10,0.5
lMlM,14,18,32,0.44
lMlN,29,14,43,0.67
lMlP,12,10,22,0.55
lMlS,10,10,20,0.5
lMlb,17,6,23,0.74
lMll,2,1,3,0.67
lMlm,8,5,13,0.62
lMln,12,11,23,0.52
lMls,8,10,18,0.44
lMmB,16,24,40,0.4
lMmD,3,5,8,0.38
lMmH,19,21,40,0.48
lMmI,1,2,3,0.33
lMmJ,4,3,7,0.57
lMmK,3,1,4,0.75
lMmL,6,9,15,0.4
lMmM,25,22,47,0.53
lMmN,27,26,53,0.51
lMmP,22,31,53,0.42
lMmS,13,15,28,0.46
lMmb,23,27,50,0.46
lMmh,1,1,2,0.5
lMml,7,5,12,0.58
lMmm,20,20,40,0.5
lMmn,33,28,61,0.54
lMms,16,10,26,0.62
lMnB,19,31,50,0.38
lMnD,6,6,12,0.5
lMnH,22,18,40,0.55
lMnI,6,4,10,0.6
lMnK,2,2,4,0.5
lMnL,11,10,21,0.52
lMnM,31,36,67,0.46
lMnN,63,47,110,0.57
lMnP,65,52,117,0.56
lMnS,33,28,61,0.54
lMnb,21,20,41,0.51
lMnh,1,2,3,0.33
lMnl,13,10,23,0.57
lMnm,27,25,52,0.52
lMnn,59,36,95,0.62
lMns,20,26,46,0.43
lMsB,10,10,20,0.5
lMsD,3,4,7,0.43
lMsH,10,21,31,0.32
lMsI,0,2,2,0.0
lMsK,0,2,2,0.0
lMsL,8,8,16,0.5
lMsM,11,18,29,0.38
lMsN,17,16,33,0.52
lMsP,24,32,56,0.43
lMsS,13,26,39,0.33
lMsb,17,8,25,0.68
lMsh,2,2,4,0.5
lMsl,9,7,16,0.56
lMsm,19,11,30,0.63
lMsn,23,12,35,0.66
lMss,15,14,29,0.52
lMtB,1,3,4,0.25
lMtH,0,2,2,0.0
lMtI,1,0,1,1.0
lMtK,0,1,1,0.0
lMtL,2,0,2,1.0
lMtM,6,8,14,0.43
lMtN,9,2,11,0.82
lMtP,11,5,16,0.69
lMtS,2,2,4,0.5
lMtb,5,3,8,0.62
lMtl,0,2,2,0.0
lMtm,2,2,4,0.5
lMtn,6,3,9,0.67
lMts,3,2,5,0.6
lNBB,15,14,29,0.52
lNBD,2,0,2,1.0
lNBH,0,0,0,
lNBK,0,1,1,0.0
lNBL,10,3,13,0.77
lNBM,16,28,44,0.36
lNBN,23,17,40,0.57
lNBP,25,31,56,0.45
lNBS,13,15,28,0.46
lNBb,18,27,45,0.4
lNBh,4,2,6,0.67
lNBj,6,6,12,0.5
lNBl,3,8,11,0.27
lNBm,14,14,28,0.5
lNBn,31,27,58,0.53
lNBs,14,11,25,0.56
lNBt,5,3,8,0.62
lNDB,1,0,1,1.0
lNDD,0,0,0,
lNDH,1,7,8,0.12
lNDL,4,1,5,0.8
lNDM,2,2,4,0.5
lNDN,8,3,11,0.73
lNDP,0,3,3,0.0
lNDS,4,5,9,0.44
lNDb,1,3,4,0.25
lNDl,2,0,2,1.0
lNDm,5,3,8,0.62
lNDn,4,3,7,0.57
lNDs,4,0,4,1.0
lNHB,7,0,7,1.0
lNHH,1,1,2,0.5
lNHK,1,1,2,0.5
lNHL,1,0,1,1.0
lNHM,5,4,9,0.56
lNHN,3,7,10,0.3
lNHP,4,12,16,0.25
lNHS,4,6,10,0.4
lNHb,5,3,8,0.62
lNHh,0,2,2,0.0
lNHl,1,2,3,0.33
lNHm,5,2,7,0.71
lNHn,6,8,14,0.43
lNHs,4,0,4,1.0
lNHt,1,0,1,1.0
lNIL,0,1,1,0.0
lNIM,1,0,1,1.0
lNIP,0,0,0,
lNIs,1,0,1,1.0
lNKB,2,2,4,0.5
lNKH,1,0,1,1.0
lNKM,2,6,8,0.25
lNKN,1,3,4,0.25
lNKP,3,1,4,0.75
lNKS,1,1,2,0.5
lNKb,1,3,4,0.25
lNKh,6,0,6,1.0
lNKl,1,1,2,0.5
lNKm,0,0,0,
lNKn,1,3,4,0.25
lNKs,1,0,1,1.0
lNLB,9,10,19,0.47
lNLH,1,0,1,1.0
lNLK,1,1,2,0.5
lNLL,8,3,11,0.73
lNLM,13,16,29,0.45
lNLN,13,19,32,0.41
lNLP,19,19,38,0.5
lNLS,7,3,10,0.7
lNLb,11,12,23,0.48
lNLh,5,4,9,0.56
lNLj,6,2,8,0.75
lNLl,4,6,10,0.4
lNLm,9,13,22,0.41
lNLn,14,17,31,0.45
lNLs,6,8,14,0.43
lNLt,1,2,3,0.33
lNMB,26,19,45,0.58
lNMD,2,2,4,0.5
lNMK,0,1,1,0.0
lNML,10,6,16,0.62
lNMM,22,34,56,0.39
lNMN,25,32,57,0.44
lNMP,26,39,65,0.4
lNMS,13,16,29,0.45
lNMb,26,29,55,0.47
lNMh,27,15,42,0.64
lNMj,10,5,15,0.67
lNMl,12,11,23,0.52
lNMm,27,29,56,0.48
lNMn,45,37,82,0.55
lNMs,16,16,32,0.5
lNMt,2,5,7,0.29
lNNB,25,21,46,0.54
lNND,5,6,11,0.45
lNNH,3,5,8,0.38
lNNI,0,1,1,0.0
lNNK,2,3,5,0.4
lNNL,14,12,26,0.54
lNNM,33,34,67,0.49
lNNN,45,41,86,0.52
lNNP,49,63,112,0.44
lNNS,20,27,47,0.43
lNNb,21,29,50,0.42
lNNh,15,19,34,0.44
lNNl,14,10,24,0.58
lNNm,27,23,50,0.54
lNNn,40,53,93,0.43
lNNs,22,15,37,0.59
lNNt,7,9,16,0.44
lNPB,36,38,74,0.49
lNPD,4,4,8,0.5
lNPH,13,12,25,0.52
lNPI,3,5,8,0.38
lNPK,5,6,11,0.45
lNPL,20,17,37,0.54
lNPM,49,50,99,0.49
lNPN,60,50,110,0.55
lNPP,72,73,145,0.5
lNPS,36,35,71,0.51
lNPb,46,36,82,0.56
lNPh,5,9,14,0.36
lNPl,29,19,48,0.6
lNPm,44,30,74,0.59
lNPn,45,47,92,0.49
lNPs,34,33,67,0.51
lNPt,10,4,14,0.71
lNSB,11,16,27,0.41
lNSD,1,3,4,0.25
lNSH,5,14,19,0.26
lNSL,8,6,14,0.57
lNSM,25,21,46,0.54
lNSN,14,17,31,0.45
lNSP,19,26,45,0.42
lNSS,15,23,38,0.39
lNSb,21,19,40,0.52
lNSh,7,15,22,0.32
lNSl,6,3,9,0.67
lNSm,19,15,34,0.56
lNSn,25,29,54,0.46
lNSs,26,17,43,0.6
lNSt,3,3,6,0.5
lNbB,26,28,54,0.48
lNbD,3,2,5,0.6
lNbH,8,6,14,0.57
lNbI,2,2,4,0.5
lNbJ,7,12,19,0.37
lNbK,1,4,5,0.2
lNbL,11,7,18,0.61
lNbM,31,25,56,0.55
lNbN,32,34,66,0.48
lNbP,50,40,90,0.56
lNbS,10,15,25,0.4
lNbb,29,23,52,0.56
lNbh,0,1,1,0.0
lNbl,12,9,21,0.57
lNbm,27,22,49,0.55
lNbn,32,29,61,0.52
lNbs,12,13,25,0.48
lNhB,4,1,5,0.8
lNhD,1,1,2,0.5
lNhH,2,3,5,0.4
lNhI,1,1,2,0.5
lNhL,2,3,5,0.4
lNhM,7,11,18,0.39
lNhN,12,8,20,0.6
lNhP,8,17,25,0.32
lNhS,5,6,11,0.45
lNhb,9,13,22,0.41
lNhh,12,8,20,0.6
lNhl,6,2,8,0.75
lNhm,7,8,15,0.47
lNhn,12,9,21,0.57
lNhs,3,7,10,0.3
lNht,1,2,3,0.33
lNlB,15,14,29,0.52
lNlD,1,1,2,0.5
lNlH,5,9,14,0.36
lNlI,0,1,1,0.0
lNlJ,6,1,7,0.86
lNlK,0,1,1,0.0
lNlL,4,5,9,0.44
lNlM,15,15,30,0.5
lNlN,15,12,27,0.56
lNlP,19,11,30,0.63
lNlS,6,10,16,0.38
lNlb,15,9,24,0.62
lNll,10,0,10,1.0
lNlm,13,9,22,0.59
lNln,14,14,28,0.5
lNls,5,6,11,0.45
lNmB,20,22,42,0.48
lNmD,3,4,7,0.43
lNmH,13,27,40,0.32
lNmI,2,4,6,0.33
lNmJ,4,3,7,0.57
lNmL,8,12,20,0.4
lNmM,21,35,56,0.38
lNmN,33,38,71,0.46
lNmP,50,33,83,0.6
lNmS,13,10,23,0.57
lNmb,25,25,50,0.5
lNml,4,8,12,0.33
lNmm,19,13,32,0.59
lNmn,23,21,44,0.52
lNms,9,15,24,0.38
lNnB,31,20,51,0.61
lNnD,3,4,7,0.43
lNnH,26,31,57,0.46
lNnI,6,0,6,1.0
lNnK,4,4,8,0.5
lNnL,19,11,30,0.63
lNnM,47,36,83,0.57
lNnN,62,47,109,0.57
lNnP,60,57,117,0.51
lNnS,24,30,54,0.44
lNnb,41,41,82,0.5
lNnh,2,0,2,1.0
lNnl,15,6,21,0.71
lNnm,28,28,56,0.5
lNnn,49,42,91,0.54
lNns,31,18,49,0.63
lNsB,8,11,19,0.42
lNsD,2,0,2,1.0
lNsH,15,17,32,0.47
lNsI,4,3,7,0.57
lNsK,1,0,1,1.0
lNsL,10,8,18,0.56
lNsM,19,16,35,0.54
lNsN,19,20,39,0.49
lNsP,29,31,60,0.48
lNsS,26,22,48,0.54
lNsb,21,12,33,0.64
lNsh,1,2,3,0.33
lNsl,7,5,12,0.58
lNsm,21,17,38,0.55
lNsn,16,22,38,0.42
lNss,18,17,35,0.51
lNst,1,0,1,1.0
lNtB,7,1,8,0.88
lNtD,0,1,1,0.0
lNtH,3,2,5,0.6
lNtL,6,2,8,0.75
lNtM,9,2,11,0.82
lNtN,3,4,7,0.43
lNtP,5,4,9,0.56
lNtS,4,6,10,0.4
lNtb,6,10,16,0.38
lNtl,3,1,4,0.75
lNtm,5,1,6,0.83
lNtn,5,4,9,0.56
lNts,4,6,10,0.4
lNtt,1,1,2,0.5
lPBB,19,22,41,0.46
lPBD,4,3,7,0.57
lPBK,6,1,7,0.86
lPBL,17,14,31,0.55
lPBM,32,34,66,0.48
lPBN,24,23,47,0.51
lPBP,30,36,66,0.45
lPBS,17,20,37,0.46
lPBb,46,22,68,0.68
lPBh,5,1,6,0.83
lPBj,3,10,13,0.23
lPBl,15,9,24,0.62
lPBm,27,25,52,0.52
lPBn,38,31,69,0.55
lPBs,18,18,36,0.5
lPBt,5,3,8,0.62
lPDB,0,6,6,0.0
lPDH,2,2,4,0.5
lPDL,1,3,4,0.25
lPDM,3,2,5,0.6
lPDN,3,1,4,0.75
lPDP,3,5,8,0.38
lPDS,2,1,3,0.67
lPDb,3,3,6,0.5
lPDm,4,1,5,0.8
lPDn,5,4,9,0.56
lPDs,3,2,5,0.6
lPDt,2,1,3,0.67
lPHB,7,5,12,0.58
lPHD,3,0,3,1.0
lPHH,1,6,7,0.14
lPHI,1,0,1,1.0
lPHK,0,1,1,0.0
lPHL,3,3,6,0.5
lPHM,14,9,23,0.61
lPHN,12,10,22,0.55
lPHP,16,14,30,0.53
lPHS,7,10,17,0.41
lPHb,14,9,23,0.61
lPHh,3,0,3,1.0
lPHl,6,0,6,1.0
lPHm,7,6,13,0.54
lPHn,8,13,21,0.38
lPHs,5,12,17,0.29
lPHt,3,0,3,1.0
lPIB,1,2,3,0.33
lPID,1,1,2,0.5
lPIH,1,2,3,0.33
lPII,0,1,1,0.0
lPIL,2,1,3,0.67
lPIM,1,6,7,0.14
lPIN,5,4,9,0.56
lPIP,6,2,8,0.75
lPIS,3,3,6,0.5
lPIb,3,3,6,0.5
lPIh,0,0,0,
lPIl,2,3,5,0.4
lPIm,1,1,2,0.5
lPIn,1,0,1,1.0
lPIs,0,1,1,0.0
lPKB,3,3,6,0.5
lPKD,1,0,1,1.0
lPKH,1,0,1,1.0
lPKL,3,0,3,1.0
lPKM,3,7,10,0.3
lPKN,1,3,4,0.25
lPKP,6,6,12,0.5
lPKS,1,2,3,0.33
lPKb,0,3,3,0.0
lPKh,2,3,5,0.4
lPKl,1,2,3,0.33
lPKm,3,3,6,0.5
lPKn,3,5,8,0.38
lPKs,1,1,2,0.5
lPKt,1,0,1,1.0
lPLB,13,11,24,0.54
lPLD,3,1,4,0.75
lPLK,1,0,1,1.0
lPLL,4,7,11,0.36
lPLM,12,21,33,0.36
lPLN,13,13,26,0.5
lPLP,21,16,37,0.57
lPLS,10,14,24,0.42
lPLb,10,14,24,0.42
lPLh,6,15,21,0.29
lPLj,3,2,5,0.6
lPLl,11,8,19,0.58
lPLm,19,12,31,0.61
lPLn,16,20,36,0.44
lPLs,6,14,20,0.3
lPLt,4,2,6,0.67
lPMB,38,26,64,0.59
lPMD,0,3,3,0.0
lPML,20,14,34,0.59
lPMM,37,32,69,0.54
lPMN,33,34,67,0.49
lPMP,46,38,84,0.55
lPMS,24,25,49,0.49
lPMb,37,47,84,0.44
lPMh,25,27,52,0.48
lPMj,9,16,25,0.36
lPMl,15,15,30,0.5
lPMm,33,20,53,0.62
lPMn,38,45,83,0.46
lPMs,17,13,30,0.57
lPMt,6,4,10,0.6
lPNB,38,21,59,0.64
lPND,7,8,15,0.47
lPNH,2,6,8,0.25
lPNI,0,1,1,0.0
lPNK,2,2,4,0.5
lPNL,14,26,40,0.35
lPNM,27,45,72,0.38
lPNN,28,31,59,0.47
lPNP,42,65,107,0.39
lPNS,25,21,46,0.54
lPNb,29,36,65,0.45
lPNh,11,15,26,0.42
lPNl,18,14,32,0.56
lPNm,44,24,68,0.65
lPNn,45,50,95,0.47
lPNs,21,30,51,0.41
lPNt,9,8,17,0.53
lPPB,58,43,101,0.57
lPPD,5,6,11,0.45
lPPH,15,11,26,0.58
lPPI,7,3,10,0.7
lPPK,11,3,14,0.79
lPPL,33,25,58,0.57
lPPM,56,60,116,0.48
lPPN,54,36,90,0.6
lPPP,99,72,171,0.58
lPPS,36,37,73,0.49
lPPb,47,52,99,0.47
lPPh,4,9,13,0.31
lPPl,34,34,68,0.5
lPPm,43,34,77,0.56
lPPn,45,45,90,0.5
lPPs,35,30,65,0.54
lPPt,5,3,8,0.62
lPSB,5,16,21,0.24
lPSD,2,2,4,0.5
lPSH,10,11,21,0.48
lPSI,0,1,1,0.0
lPSK,1,1,2,0.5
lPSL,12,6,18,0.67
lPSM,16,25,41,0.39
lPSN,20,17,37,0.54
lPSP,37,36,73,0.51
lPSS,17,18,35,0.49
lPSb,19,17,36,0.53
lPSh,4,16,20,0.2
lPSl,15,12,27,0.56
lPSm,25,16,41,0.61
lPSn,26,19,45,0.58
lPSs,25,10,35,0.71
lPSt,4,3,7,0.57
lPbB,32,24,56,0.57
lPbD,0,1,1,0.0
lPbH,11,12,23,0.48
lPbI,1,5,6,0.17
lPbJ,10,9,19,0.53
lPbK,3,2,5,0.6
lPbL,22,14,36,0.61
lPbM,40,37,77,0.52
lPbN,26,34,60,0.43
lPbP,55,33,88,0.62
lPbS,11,18,29,0.38
lPbb,46,19,65,0.71
lPbh,0,1,1,0.0
lPbl,22,16,38,0.58
lPbm,27,18,45,0.6
lPbn,36,34,70,0.51
lPbs,10,11,21,0.48
lPhB,5,4,9,0.56
lPhD,0,0,0,
lPhH,1,1,2,0.5
lPhI,0,0,0,
lPhL,2,0,2,1.0
lPhM,6,1,7,0.86
lPhN,1,4,5,0.2
lPhP,2,5,7,0.29
lPhS,2,2,4,0.5
lPhb,4,2,6,0.67
lPhh,3,5,8,0.38
lPhl,3,4,7,0.43
lPhm,2,0,2,1.0
lPhn,2,1,3,0.67
lPhs,4,3,7,0.57
lPlB,7,14,21,0.33
lPlD,2,0,2,1.0
lPlH,8,13,21,0.38
lPlI,3,0,3,1.0
lPlJ,5,3,8,0.62
lPlK,0,1,1,0.0
lPlL,11,3,14,0.79
lPlM,24,21,45,0.53
lPlN,19,17,36,0.53
lPlP,25,27,52,0.48
lPlS,16,8,24,0.67
lPlb,22,17,39,0.56
lPll,8,8,16,0.5
lPlm,10,11,21,0.48
lPln,4,11,15,0.27
lPls,11,9,20,0.55
lPmB,17,19,36,0.47
lPmD,2,2,4,0.5
lPmH,13,26,39,0.33
lPmI,6,0,6,1.0
lPmJ,9,6,15,0.6
lPmL,17,11,28,0.61
lPmM,35,45,80,0.44
lPmN,30,30,60,0.5
lPmP,40,35,75,0.53
lPmS,13,18,31,0.42
lPmb,28,19,47,0.6
lPml,14,12,26,0.54
lPmm,24,13,37,0.65
lPmn,30,29,59,0.51
lPms,5,7,12,0.42
lPnB,25,17,42,0.6
lPnD,3,1,4,0.75
lPnH,17,18,35,0.49
lPnI,1,7,8,0.12
lPnK,7,2,9,0.78
lPnL,8,10,18,0.44
lPnM,38,34,72,0.53
lPnN,41,34,75,0.55
lPnP,52,49,101,0.51
lPnS,20,23,43,0.47
lPnb,31,21,52,0.6
lPnh,3,1,4,0.75
lPnl,19,15,34,0.56
lPnm,29,23,52,0.56
lPnn,38,29,67,0.57
lPns,19,23,42,0.45
lPsB,22,14,36,0.61
lPsD,1,1,2,0.5
lPsH,20,12,32,0.62
lPsI,3,3,6,0.5
lPsK,0,0,0,
lPsL,7,5,12,0.58
lPsM,22,23,45,0.49
lPsN,23,21,44,0.52
lPsP,24,32,56,0.43
lPsS,22,23,45,0.49
lPsb,13,12,25,0.52
lPsh,0,1,1,0.0
lPsl,18,11,29,0.62
lPsm,25,20,45,0.56
lPsn,13,20,33,0.39
lPss,14,9,23,0.61
lPtB,4,3,7,0.57
lPtD,0,2,2,0.0
lPtH,1,4,5,0.2
lPtL,2,1,3,0.67
lPtM,4,10,14,0.29
lPtN,5,4,9,0.56
lPtP,3,5,8,0.38
lPtS,7,3,10,0.7
lPtb,1,5,6,0.17
lPtl,2,3,5,0.4
lPtm,1,4,5,0.2
lPtn,5,6,11,0.45
lPts,3,2,5,0.6
lPtt,0,1,1,0.0
lSBB,16,16,32,0.5
lSBD,3,0,3,1.0
lSBK,0,1,1,0.0
lSBL,5,6,11,0.45
lSBM,6,9,15,0.4
lSBN,14,14,28,0.5
lSBP,11,16,27,0.41
lSBS,5,5,10,0.5
lSBb,9,11,20,0.45
lSBh,6,2,8,0.75
lSBj,5,5,10,0.5
lSBl,7,4,11,0.64
lSBm,6,7,13,0.46
lSBn,22,16,38,0.58
lSBs,3,8,11,0.27
lSBt,0,1,1,0.0
lSDB,1,1,2,0.5
lSDD,0,1,1,0.0
lSDH,2,4,6,0.33
lSDI,1,1,2,0.5
lSDL,1,1,2,0.5
lSDM,1,2,3,0.33
lSDN,3,1,4,0.75
lSDP,4,0,4,1.0
lSDS,2,3,5,0.4
lSDb,1,2,3,0.33
lSDm,0,1,1,0.0
lSDn,1,2,3,0.33
lSDs,3,2,5,0.6
lSHB,3,3,6,0.5
lSHD,0,1,1,0.0
lSHH,0,2,2,0.0
lSHI,1,0,1,1.0
lSHL,3,3,6,0.5
lSHM,9,10,19,0.47
lSHN,3,5,8,0.38
lSHP,7,9,16,0.44
lSHS,8,6,14,0.57
lSHb,9,3,12,0.75
lSHh,1,1,2,0.5
lSHl,0,1,1,0.0
lSHm,2,4,6,0.33
lSHn,4,5,9,0.44
lSHs,1,3,4,0.25
lSIB,0,1,1,0.0
lSIL,0,1,1,0.0
lSIM,1,0,1,1.0
lSIP,0,1,1,0.0
lSIS,0,1,1,0.0
lSIb,1,0,1,1.0
lSIm,1,0,1,1.0
lSIn,1,0,1,1.0
lSIs,0,1,1,0.0
lSKM,1,0,1,1.0
lSKP,1,4,5,0.2
lSKS,0,1,1,0.0
lSKh,0,1,1,0.0
lSKl,0,1,1,0.0
lSKm,0,1,1,0.0
lSKn,2,0,2,1.0
lSLB,1,8,9,0.11
lSLD,1,0,1,1.0
lSLH,0,0,0,
lSLL,4,1,5,0.8
lSLM,5,8,13,0.38
lSLN,8,6,14,0.57
lSLP,14,10,24,0.58
lSLS,5,5,10,0.5
lSLb,7,7,14,0.5
lSLh,0,4,4,0.0
lSLj,0,1,1,0.0
lSLl,7,3,10,0.7
lSLm,13,8,21,0.62
lSLn,11,7,18,0.61
lSLs,6,2,8,0.75
lSLt,1,1,2,0.5
lSMB,17,12,29,0.59
lSMD,2,2,4,0.5
lSMK,0,2,2,0.0
lSML,8,7,15,0.53
lSMM,17,24,41,0.41
lSMN,15,18,33,0.45
lSMP,22,19,41,0.54
lSMS,10,18,28,0.36
lSMb,16,20,36,0.44
lSMh,14,11,25,0.56
lSMj,4,4,8,0.5
lSMl,3,7,10,0.3
lSMm,25,15,40,0.62
lSMn,20,31,51,0.39
lSMs,12,14,26,0.46
lSMt,4,0,4,1.0
lSNB,16,8,24,0.67
lSND,0,1,1,0.0
lSNH,3,1,4,0.75
lSNI,0,0,0,
lSNK,3,1,4,0.75
lSNL,6,4,10,0.6
lSNM,11,24,35,0.31
lSNN,20,26,46,0.43
lSNP,18,34,52,0.35
lSNS,12,23,35,0.34
lSNb,11,9,20,0.55
lSNh,7,5,12,0.58
lSNl,6,6,12,0.5
lSNm,20,12,32,0.62
lSNn,24,34,58,0.41
lSNs,11,13,24,0.46
lSNt,3,5,8,0.38
lSPB,24,19,43,0.56
lSPD,3,1,4,0.75
lSPH,6,8,14,0.43
lSPI,1,0,1,1.0
lSPK,4,3,7,0.57
lSPL,12,22,34,0.35
lSPM,19,34,53,0.36
lSPN,21,22,43,0.49
lSPP,33,41,74,0.45
lSPS,15,20,35,0.43
lSPb,23,24,47,0.49
lSPh,5,3,8,0.62
lSPl,14,8,22,0.64
lSPm,18,21,39,0.46
lSPn,29,22,51,0.57
lSPs,21,16,37,0.57
lSPt,1,4,5,0.2
lSSB,16,12,28,0.57
lSSD,1,3,4,0.25
lSSH,8,7,15,0.53
lSSK,1,0,1,1.0
lSSL,8,9,17,0.47
lSSM,18,19,37,0.49
lSSN,17,9,26,0.65
lSSP,21,15,36,0.58
lSSS,26,19,45,0.58
lSSb,10,14,24,0.42
lSSh,14,10,24,0.58
lSSl,10,2,12,0.83
lSSm,17,16,33,0.52
lSSn,16,22,38,0.42
lSSs,24,26,50,0.48
lSSt,3,2,5,0.6
lSbB,16,13,29,0.55
lSbD,1,3,4,0.25
lSbH,11,7,18,0.61
lSbI,1,0,1,1.0
lSbJ,5,1,6,0.83
lSbK,0,1,1,0.0
lSbL,4,8,12,0.33
lSbM,13,12,25,0.52
lSbN,22,26,48,0.46
lSbP,17,12,29,0.59
lSbS,13,9,22,0.59
lSbb,20,20,40,0.5
lSbl,3,3,6,0.5
lSbm,13,17,30,0.43
lSbn,21,20,41,0.51
lSbs,8,7,15,0.53
lShB,9,9,18,0.5
lShH,1,3,4,0.25
lShL,2,4,6,0.33
lShM,6,10,16,0.38
lShN,9,5,14,0.64
lShP,7,21,28,0.25
lShS,11,7,18,0.61
lShb,9,8,17,0.53
lShh,10,11,21,0.48
lShl,2,5,7,0.29
lShm,13,7,20,0.65
lShn,12,15,27,0.44
lShs,15,11,26,0.58
lSht,1,1,2,0.5
lSlB,6,7,13,0.46
lSlD,1,0,1,1.0
lSlH,7,2,9,0.78
lSlI,0,1,1,0.0
lSlJ,3,0,3,1.0
lSlL,3,4,7,0.43
lSlM,6,12,18,0.33
lSlN,8,6,14,0.57
lSlP,12,12,24,0.5
lSlS,6,9,15,0.4
lSlb,11,6,17,0.65
lSll,9,3,12,0.75
lSlm,10,7,17,0.59
lSln,5,3,8,0.62
lSls,6,9,15,0.4
lSmB,14,11,25,0.56
lSmD,2,1,3,0.67
lSmH,12,7,19,0.63
lSmI,0,2,2,0.0
lSmJ,5,3,8,0.62
lSmK,0,1,1,0.0
lSmL,8,8,16,0.5
lSmM,11,20,31,0.35
lSmN,10,12,22,0.45
lSmP,17,24,41,0.41
lSmS,10,14,24,0.42
lSmb,13,13,26,0.5
lSml,6,7,13,0.46
lSmm,14,5,19,0.74
lSmn,16,14,30,0.53
lSms,10,5,15,0.67
lSnB,17,18,35,0.49
lSnD,3,5,8,0.38
lSnH,11,9,20,0.55
lSnI,6,3,9,0.67
lSnK,2,2,4,0.5
lSnL,3,6,9,0.33
lSnM,15,28,43,0.35
lSnN,21,24,45,0.47
lSnP,36,25,61,0.59
lSnS,16,20,36,0.44
lSnb,18,19,37,0.49
lSnh,0,1,1,0.0
lSnl,10,11,21,0.48
lSnm,17,14,31,0.55
lSnn,16,17,33,0.48
lSns,7,14,21,0.33
lSsB,3,12,15,0.2
lSsD,2,2,4,0.5
lSsH,19,14,33,0.58
lSsI,1,1,2,0.5
lSsK,1,1,2,0.5
lSsL,7,9,16,0.44
lSsM,18,17,35,0.51
lSsN,21,18,39,0.54
lSsP,25,23,48,0.52
lSsS,13,26,39,0.33
lSsb,16,16,32,0.5
lSsh,1,0,1,1.0
lSsl,9,9,18,0.5
lSsm,24,16,40,0.6
lSsn,17,12,29,0.59
lSss,28,17,45,0.62
lStB,4,2,6,0.67
lStD,1,0,1,1.0
lStH,1,0,1,1.0
lStK,0,0,0,
lStL,4,1,5,0.8
lStM,0,6,6,0.0
lStN,2,3,5,0.4
lStP,2,3,5,0.4
lStS,2,1,3,0.67
lStb,4,2,6,0.67
lStl,4,2,6,0.67
lStm,5,3,8,0.62
lStn,6,2,8,0.75
lSts,3,4,7,0.43
lStt,3,0,3,1.0
lbBB,21,18,39,0.54
lbBD,2,0,2,1.0
lbBK,0,2,2,0.0
lbBL,10,4,14,0.71
lbBM,22,24,46,0.48
lbBN,23,32,55,0.42
lbBP,41,27,68,0.6
lbBS,15,18,33,0.45
lbBb,32,21,53,0.6
lbBh,6,3,9,0.67
lbBj,6,6,12,0.5
lbBl,10,2,12,0.83
lbBm,25,17,42,0.6
lbBn,37,30,67,0.55
lbBs,17,11,28,0.61
lbBt,6,4,10,0.6
lbDB,1,2,3,0.33
lbDH,3,2,5,0.6
lbDL,0,2,2,0.0
lbDM,0,2,2,0.0
lbDN,2,4,6,0.33
lbDP,1,1,2,0.5
lbDS,0,1,1,0.0
lbDb,2,2,4,0.5
lbDl,2,0,2,1.0
lbDm,3,1,4,0.75
lbDn,0,1,1,0.0
lbDs,1,0,1,1.0
lbHB,4,5,9,0.44
lbHD,0,0,0,
lbHH,1,2,3,0.33
lbHK,1,1,2,0.5
lbHL,3,1,4,0.75
lbHM,13,6,19,0.68
lbHN,4,8,12,0.33
lbHP,13,7,20,0.65
lbHS,6,5,11,0.55
lbHb,7,7,14,0.5
lbHh,2,0,2,1.0
lbHl,3,2,5,0.6
lbHm,2,5,7,0.29
lbHn,13,4,17,0.76
lbHs,2,2,4,0.5
lbHt,1,0,1,1.0
lbIB,2,2,4,0.5
lbID,2,0,2,1.0
lbIH,2,0,2,1.0
lbII,1,0,1,1.0
lbIL,1,2,3,0.33
lbIM,2,5,7,0.29
lbIN,1,4,5,0.2
lbIP,3,1,4,0.75
lbIS,2,0,2,1.0
lbIb,1,0,1,1.0
lbIl,1,2,3,0.33
lbIm,5,0,5,1.0
lbIn,3,0,3,1.0
lbIs,1,0,1,1.0
lbJB,8,9,17,0.47
lbJD,0,1,1,0.0
lbJH,3,3,6,0.5
lbJL,4,3,7,0.57
lbJM,6,7,13,0.46
lbJN,4,6,10,0.4
lbJP,11,10,21,0.52
lbJS,2,5,7,0.29
lbJb,6,7,13,0.46
lbJh,0,2,2,0.0
lbJl,2,2,4,0.5
lbJm,5,5,10,0.5
lbJn,5,2,7,0.71
lbJs,4,3,7,0.57
lbJt,1,0,1,1.0
lbKB,1,1,2,0.5
lbKD,0,0,0,
lbKH,0,1,1,0.0
lbKM,4,2,6,0.67
lbKN,3,0,3,1.0
lbKP,2,7,9,0.22
lbKS,1,0,1,1.0
lbKb,2,4,6,0.33
lbKh,0,3,3,0.0
lbKl,3,1,4,0.75
lbKm,2,2,4,0.5
lbKn,3,0,3,1.0
lbKs,2,2,4,0.5
lbKt,1,0,1,1.0
lbLB,6,11,17,0.35
lbLD,0,2,2,0.0
lbLL,5,6,11,0.45
lbLM,20,10,30,0.67
lbLN,8,13,21,0.38
lbLP,11,18,29,0.38
lbLS,10,10,20,0.5
lbLb,13,7,20,0.65
lbLh,6,4,10,0.6
lbLj,1,4,5,0.2
lbLl,8,2,10,0.8
lbLm,7,5,12,0.58
lbLn,17,15,32,0.53
lbLs,12,5,17,0.71
lbLt,1,1,2,0.5
lbMB,15,20,35,0.43
lbMD,2,1,3,0.67
lbML,7,4,11,0.64
lbMM,34,30,64,0.53
lbMN,26,29,55,0.47
lbMP,37,41,78,0.47
lbMS,20,15,35,0.57
lbMb,27,20,47,0.57
lbMh,21,21,42,0.5
lbMj,6,5,11,0.55
lbMl,15,13,28,0.54
lbMm,26,11,37,0.7
lbMn,38,41,79,0.48
lbMs,21,11,32,0.66
lbMt,5,2,7,0.71
lbNB,30,24,54,0.56
lbND,4,1,5,0.8
lbNH,5,5,10,0.5
lbNK,2,1,3,0.67
lbNL,13,10,23,0.57
lbNM,20,48,68,0.29
lbNN,30,32,62,0.48
lbNP,58,69,127,0.46
lbNS,19,24,43,0.44
lbNb,40,29,69,0.58
lbNh,18,11,29,0.62
lbNl,18,8,26,0.69
lbNm,30,32,62,0.48
lbNn,42,43,85,0.49
lbNs,11,22,33,0.33
lbNt,8,11,19,0.42
lbPB,26,39,65,0.4
lbPD,5,2,7,0.71
lbPH,9,7,16,0.56
lbPI,3,3,6,0.5
lbPK,3,3,6,0.5
lbPL,20,13,33,0.61
lbPM,44,39,83,0.53
lbPN,37,42,79,0.47
lbPP,67,63,130,0.52
lbPS,18,21,39,0.46
lbPb,56,37,93,0.6
lbPh,3,3,6,0.5
lbPl,21,18,39,0.54
lbPm,33,29,62,0.53
lbPn,32,33,65,0.49
lbPs,15,20,35,0.43
lbPt,5,0,5,1.0
lbSB,8,9,17,0.47
lbSD,4,3,7,0.57
lbSH,7,7,14,0.5
lbSL,5,5,10,0.5
lbSM,7,13,20,0.35
lbSN,8,7,15,0.53
lbSP,17,25,42,0.4
lbSS,8,8,16,0.5
lbSb,11,13,24,0.46
lbSh,7,9,16,0.44
lbSl,6,9,15,0.4
lbSm,14,9,23,0.61
lbSn,13,14,27,0.48
lbSs,13,9,22,0.59
lbSt,2,0,2,1.0
lbbB,36,40,76,0.47
lbbD,3,2,5,0.6
lbbH,15,10,25,0.6
lbbI,3,1,4,0.75
lbbJ,11,3,14,0.79
lbbK,1,5,6,0.17
lbbL,15,12,27,0.56
lbbM,34,21,55,0.62
lbbN,42,37,79,0.53
lbbP,57,34,91,0.63
lbbS,10,12,22,0.45
lbbb,46,27,73,0.63
lbbl,10,12,22,0.45
lbbm,28,19,47,0.6
lbbn,40,37,77,0.52
lbbs,23,9,32,0.72
lbhm,0,1,1,0.0
lblB,11,11,22,0.5
lblD,1,1,2,0.5
lblH,2,6,8,0.25
lblI,1,2,3,0.33
lblJ,1,2,3,0.33
lblL,3,1,4,0.75
lblM,11,20,31,0.35
lblN,11,18,29,0.38
lblP,22,13,35,0.63
lblS,5,7,12,0.42
lblb,10,9,19,0.53
lbll,4,5,9,0.44
lblm,12,9,21,0.57
lbln,7,7,14,0.5
lbls,14,7,21,0.67
lbmB,28,20,48,0.58
lbmD,2,1,3,0.67
lbmH,11,20,31,0.35
lbmI,1,0,1,1.0
lbmJ,2,3,5,0.4
lbmL,4,6,10,0.4
lbmM,18,15,33,0.55
lbmN,30,29,59,0.51
lbmP,27,29,56,0.48
lbmS,10,11,21,0.48
lbmb,26,19,45,0.58
lbml,6,3,9,0.67
lbmm,13,17,30,0.43
lbmn,28,18,46,0.61
lbms,2,8,10,0.2
lbnB,26,22,48,0.54
lbnD,3,1,4,0.75
lbnH,9,10,19,0.47
lbnI,4,2,6,0.67
lbnK,1,1,2,0.5
lbnL,11,10,21,0.52
lbnM,20,27,47,0.43
lbnN,38,33,71,0.54
lbnP,42,39,81,0.52
lbnS,21,12,33,0.64
lbnb,33,28,61,0.54
lbnh,0,1,1,0.0
lbnl,8,8,16,0.5
lbnm,12,19,31,0.39
lbnn,32,28,60,0.53
lbns,7,11,18,0.39
lbsB,11,5,16,0.69
lbsD,1,0,1,1.0
lbsH,13,5,18,0.72
lbsI,2,1,3,0.67
lbsK,0,1,1,0.0
lbsL,6,7,13,0.46
lbsM,11,14,25,0.44
lbsN,17,14,31,0.55
lbsP,22,14,36,0.61
lbsS,9,14,23,0.39
lbsb,16,16,32,0.5
lbsh,2,0,2,1.0
lbsl,6,3,9,0.67
lbsm,6,9,15,0.4
lbsn,9,5,14,0.64
lbss,7,9,16,0.44
lhBb,1,1,2,0.5
lhHB,0,1,1,0.0
lhIb,0,1,1,0.0
lhMM,0,1,1,0.0
lhMm,1,0,1,1.0
lhNM,1,0,1,1.0
lhPK,0,0,0,
lhPM,1,0,1,1.0
lhPP,0,1,1,0.0
lhSM,1,1,2,0.5
lhSS,0,1,1,0.0
lhbL,1,0,1,1.0
lhhM,0,0,0,
lhhh,0,0,0,
lhmS,0,0,0,
lhnP,0,0,0,
lhnS,1,0,1,1.0
lhss,0,0,0,
lhtt,1,0,1,1.0
llBB,9,12,21,0.43
llBD,1,2,3,0.33
llBK,2,1,3,0.67
llBL,5,3,8,0.62
llBM,9,13,22,0.41
llBN,7,14,21,0.33
llBP,12,11,23,0.52
llBS,6,9,15,0.4
llBb,11,9,20,0.55
llBh,4,2,6,0.67
llBj,2,6,8,0.25
llBl,5,3,8,0.62
llBm,9,10,19,0.47
llBn,17,11,28,0.61
llBs,1,8,9,0.11
llBt,2,0,2,1.0
llDB,3,0,3,1.0
llDH,1,2,3,0.33
llDL,2,1,3,0.67
llDM,2,1,3,0.67
llDN,0,0,0,
llDP,1,1,2,0.5
llDS,1,1,2,0.5
llDb,1,2,3,0.33
llDm,2,0,2,1.0
llDn,1,1,2,0.5
llDs,1,1,2,0.5
llHB,6,7,13,0.46
llHD,1,2,3,0.33
llHH,2,0,2,1.0
llHK,2,1,3,0.67
llHL,5,4,9,0.56
llHM,5,3,8,0.62
llHN,5,5,10,0.5
llHP,12,12,24,0.5
llHS,1,3,4,0.25
llHb,5,4,9,0.56
llHh,2,2,4,0.5
llHl,4,4,8,0.5
llHm,13,9,22,0.59
llHn,11,12,23,0.48
llHs,4,2,6,0.67
llIB,0,3,3,0.0
llIH,2,0,2,1.0
llIN,2,0,2,1.0
llIP,0,2,2,0.0
llIb,1,0,1,1.0
llIl,0,0,0,
llIm,1,0,1,1.0
llIn,1,0,1,1.0
llJB,2,2,4,0.5
llJD,1,0,1,1.0
llJH,1,2,3,0.33
llJI,0,1,1,0.0
llJK,0,0,0,
llJM,5,3,8,0.62
llJN,2,7,9,0.22
llJP,3,5,8,0.38
llJS,1,2,3,0.33
llJb,2,7,9,0.22
llJl,1,0,1,1.0
llJm,1,3,4,0.25
llJn,1,1,2,0.5
llKB,0,0,0,
llKM,0,1,1,0.0
llKN,1,0,1,1.0
llKP,4,0,4,1.0
llKb,2,0,2,1.0
llKl,0,2,2,0.0
llKn,0,1,1,0.0
llKs,1,1,2,0.5
llLB,3,2,5,0.6
llLK,0,1,1,0.0
llLL,3,2,5,0.6
llLM,5,6,11,0.45
llLN,4,4,8,0.5
llLP,4,5,9,0.44
llLS,3,2,5,0.6
llLb,5,5,10,0.5
llLh,2,2,4,0.5
llLj,1,0,1,1.0
llLl,2,3,5,0.4
llLm,4,5,9,0.44
llLn,7,9,16,0.44
llLs,4,5,9,0.44
llLt,2,1,3,0.67
llMB,14,13,27,0.52
llMD,1,1,2,0.5
llML,3,4,7,0.43
llMM,13,10,23,0.57
llMN,11,9,20,0.55
llMP,10,13,23,0.43
llMS,11,8,19,0.58
llMb,13,12,25,0.52
llMh,7,7,14,0.5
llMj,4,3,7,0.57
llMl,3,7,10,0.3
llMm,10,9,19,0.53
llMn,13,19,32,0.41
llMs,7,10,17,0.41
llMt,2,1,3,0.67
llNB,10,7,17,0.59
llND,2,1,3,0.67
llNH,4,4,8,0.5
llNK,2,1,3,0.67
llNL,7,5,12,0.58
llNM,15,12,27,0.56
llNN,10,13,23,0.43
llNP,20,10,30,0.67
llNS,5,12,17,0.29
llNb,7,15,22,0.32
llNh,6,4,10,0.6
llNl,6,8,14,0.43
llNm,11,8,19,0.58
llNn,19,16,35,0.54
llNs,9,5,14,0.64
llNt,3,1,4,0.75
llPB,12,17,29,0.41
llPD,2,1,3,0.67
llPH,3,4,7,0.43
llPI,2,1,3,0.67
llPK,2,2,4,0.5
llPL,7,5,12,0.58
llPM,22,14,36,0.61
llPN,13,12,25,0.52
llPP,14,20,34,0.41
llPS,4,10,14,0.29
llPb,16,21,37,0.43
llPh,0,3,3,0.0
llPl,9,5,14,0.64
llPm,16,12,28,0.57
llPn,12,16,28,0.43
llPs,13,7,20,0.65
llPt,0,5,5,0.0
llSB,6,2,8,0.75
llSH,2,2,4,0.5
llSL,7,4,11,0.64
llSM,8,9,17,0.47
llSN,7,2,9,0.78
llSP,16,10,26,0.62
llSS,9,6,15,0.6
llSb,5,2,7,0.71
llSh,4,2,6,0.67
llSl,4,6,10,0.4
llSm,6,5,11,0.55
llSn,10,7,17,0.59
llSs,4,6,10,0.4
llSt,0,3,3,0.0
llbB,7,9,16,0.44
llbH,5,1,6,0.83
llbI,2,0,2,1.0
llbJ,6,3,9,0.67
llbK,0,2,2,0.0
llbL,7,3,10,0.7
llbM,14,15,29,0.48
llbN,20,24,44,0.45
llbP,25,20,45,0.56
llbS,7,4,11,0.64
llbb,12,15,27,0.44
llbl,5,6,11,0.45
llbm,7,7,14,0.5
llbn,14,6,20,0.7
llbs,8,3,11,0.73
lllB,1,2,3,0.33
lllD,1,2,3,0.33
lllH,4,2,6,0.67
lllJ,1,1,2,0.5
lllL,1,0,1,1.0
lllM,13,9,22,0.59
lllN,4,7,11,0.36
lllP,9,4,13,0.69
lllS,4,3,7,0.57
lllb,6,4,10,0.6
llll,4,1,5,0.8
lllm,3,1,4,0.75
llln,7,4,11,0.64
llls,2,2,4,0.5
llmB,6,8,14,0.43
llmD,0,1,1,0.0
llmH,3,4,7,0.43
llmJ,0,3,3,0.0
llmL,1,2,3,0.33
llmM,8,9,17,0.47
llmN,14,10,24,0.58
llmP,13,11,24,0.54
llmS,3,2,5,0.6
llmb,7,9,16,0.44
llml,3,3,6,0.5
llmm,8,6,14,0.57
llmn,9,8,17,0.53
llms,6,5,11,0.55
llnB,9,6,15,0.6
llnD,1,0,1,1.0
llnH,8,11,19,0.42
llnI,4,1,5,0.8
llnK,2,2,4,0.5
llnL,2,5,7,0.29
llnM,10,8,18,0.56
llnN,11,14,25,0.44
llnP,14,13,27,0.52
llnS,7,3,10,0.7
llnb,5,9,14,0.36
llnl,2,3,5,0.4
llnm,8,5,13,0.62
llnn,13,8,21,0.62
llns,3,2,5,0.6
llsB,4,4,8,0.5
llsD,0,2,2,0.0
llsH,3,7,10,0.3
llsI,1,0,1,1.0
llsL,0,1,1,0.0
llsM,7,4,11,0.64
llsN,4,3,7,0.57
llsP,7,15,22,0.32
llsS,8,2,10,0.8
llsb,6,5,11,0.55
llsh,0,0,0,
llsl,4,2,6,0.67
llsm,5,2,7,0.71
llsn,7,3,10,0.7
llss,4,5,9,0.44
lmBB,16,11,27,0.59
lmBD,2,4,6,0.33
lmBH,1,0,1,1.0
lmBK,0,1,1,0.0
lmBL,5,9,14,0.36
lmBM,26,13,39,0.67
lmBN,31,17,48,0.65
lmBP,27,19,46,0.59
lmBS,18,12,30,0.6
lmBb,19,19,38,0.5
lmBh,4,4,8,0.5
lmBj,7,8,15,0.47
lmBl,4,4,8,0.5
lmBm,17,15,32,0.53
lmBn,33,28,61,0.54
lmBs,8,9,17,0.47
lmBt,2,3,5,0.4
lmDB,3,1,4,0.75
lmDD,0,1,1,0.0
lmDH,2,1,3,0.67
lmDI,1,0,1,1.0
lmDL,0,1,1,0.0
lmDM,2,1,3,0.67
lmDN,2,4,6,0.33
lmDP,2,4,6,0.33
lmDS,1,3,4,0.25
lmDb,4,3,7,0.57
lmDh,0,1,1,0.0
lmDl,2,0,2,1.0
lmDm,5,8,13,0.38
lmDn,0,3,3,0.0
lmDs,3,1,4,0.75
lmDt,0,2,2,0.0
lmHB,7,12,19,0.37
lmHD,3,2,5,0.6
lmHH,0,3,3,0.0
lmHI,1,1,2,0.5
lmHK,0,1,1,0.0
lmHL,6,3,9,0.67
lmHM,14,14,28,0.5
lmHN,21,11,32,0.66
lmHP,18,20,38,0.47
lmHS,7,7,14,0.5
lmHb,17,12,29,0.59
lmHh,5,7,12,0.42
lmHl,9,10,19,0.47
lmHm,10,10,20,0.5
lmHn,18,8,26,0.69
lmHs,15,6,21,0.71
lmHt,0,0,0,
lmIB,2,1,3,0.67
lmID,0,1,1,0.0
lmIH,0,1,1,0.0
lmIL,1,0,1,1.0
lmIM,2,1,3,0.67
lmIN,2,0,2,1.0
lmIP,3,1,4,0.75
lmIS,1,1,2,0.5
lmIb,1,4,5,0.2
lmIm,2,1,3,0.67
lmIn,1,1,2,0.5
lmJB,3,2,5,0.6
lmJD,0,0,0,
lmJH,1,4,5,0.2
lmJI,0,1,1,0.0
lmJK,1,0,1,1.0
lmJL,2,1,3,0.67
lmJM,5,3,8,0.62
lmJN,4,3,7,0.57
lmJP,7,9,16,0.44
lmJS,5,1,6,0.83
lmJb,2,6,8,0.25
lmJl,0,4,4,0.0
lmJm,2,4,6,0.33
lmJn,6,3,9,0.67
lmJs,1,3,4,0.25
lmKB,1,0,1,1.0
lmKL,1,0,1,1.0
lmKl,1,0,1,1.0
lmKm,1,2,3,0.33
lmKn,0,1,1,0.0
lmLB,7,2,9,0.78
lmLD,1,0,1,1.0
lmLL,3,4,7,0.43
lmLM,10,9,19,0.53
lmLN,6,10,16,0.38
lmLP,10,12,22,0.45
lmLS,2,7,9,0.22
lmLb,5,5,10,0.5
lmLh,1,5,6,0.17
lmLj,1,4,5,0.2
lmLl,1,5,6,0.17
lmLm,7,8,15,0.47
lmLn,10,9,19,0.53
lmLs,6,4,10,0.6
lmMB,13,22,35,0.37
lmMD,6,4,10,0.6
lmMH,0,1,1,0.0
lmML,4,4,8,0.5
lmMM,27,15,42,0.64
lmMN,30,23,53,0.57
lmMP,26,29,55,0.47
lmMS,16,9,25,0.64
lmMb,22,12,34,0.65
lmMh,19,21,40,0.48
lmMj,4,4,8,0.5
lmMl,12,6,18,0.67
lmMm,20,18,38,0.53
lmMn,34,33,67,0.51
lmMs,17,7,24,0.71
lmMt,2,5,7,0.29
lmNB,13,23,36,0.36
lmND,0,1,1,0.0
lmNH,5,6,11,0.45
lmNK,2,2,4,0.5
lmNL,9,15,24,0.38
lmNM,27,28,55,0.49
lmNN,25,33,58,0.43
lmNP,39,33,72,0.54
lmNS,17,23,40,0.42
lmNb,27,26,53,0.51
lmNh,2,6,8,0.25
lmNl,9,11,20,0.45
lmNm,31,14,45,0.69
lmNn,33,20,53,0.62
lmNs,17,25,42,0.4
lmNt,5,4,9,0.56
lmPB,30,26,56,0.54
lmPD,2,3,5,0.4
lmPH,5,8,13,0.38
lmPI,3,1,4,0.75
lmPK,2,4,6,0.33
lmPL,13,4,17,0.76
lmPM,24,33,57,0.42
lmPN,32,25,57,0.56
lmPP,44,59,103,0.43
lmPS,17,15,32,0.53
lmPb,24,29,53,0.45
lmPh,5,3,8,0.62
lmPl,15,14,29,0.52
lmPm,21,24,45,0.47
lmPn,38,20,58,0.66
lmPs,13,10,23,0.57
lmPt,3,5,8,0.38
lmSB,6,10,16,0.38
lmSD,1,4,5,0.2
lmSH,3,3,6,0.5
lmSI,0,1,1,0.0
lmSL,0,4,4,0.0
lmSM,11,12,23,0.48
lmSN,5,11,16,0.31
lmSP,19,12,31,0.61
lmSS,10,6,16,0.62
lmSb,15,11,26,0.58
lmSh,6,6,12,0.5
lmSl,5,5,10,0.5
lmSm,15,15,30,0.5
lmSn,12,11,23,0.52
lmSs,8,15,23,0.35
lmSt,2,2,4,0.5
lmbB,22,19,41,0.54
lmbD,2,1,3,0.67
lmbH,4,6,10,0.4
lmbI,3,1,4,0.75
lmbJ,2,4,6,0.33
lmbK,1,3,4,0.25
lmbL,5,8,13,0.38
lmbM,22,22,44,0.5
lmbN,36,31,67,0.54
lmbP,35,27,62,0.56
lmbS,8,13,21,0.38
lmbb,30,24,54,0.56
lmbl,1,2,3,0.33
lmbm,18,19,37,0.49
lmbn,20,25,45,0.44
lmbs,4,8,12,0.33
lmhB,0,0,0,
lmhs,1,0,1,1.0
lmlB,11,11,22,0.5
lmlD,1,0,1,1.0
lmlH,3,4,7,0.43
lmlI,1,0,1,1.0
lmlJ,1,1,2,0.5
lmlK,1,0,1,1.0
lmlL,1,6,7,0.14
lmlM,9,8,17,0.53
lmlN,11,7,18,0.61
lmlP,14,11,25,0.56
lmlS,5,3,8,0.62
lmlb,5,2,7,0.71
lmll,1,3,4,0.25
lmlm,6,8,14,0.43
lmln,1,13,14,0.07
lmls,3,3,6,0.5
lmlt,0,0,0,
lmmB,18,12,30,0.6
lmmD,3,1,4,0.75
lmmH,7,8,15,0.47
lmmI,4,2,6,0.67
lmmJ,7,0,7,1.0
lmmL,6,9,15,0.4
lmmM,15,14,29,0.52
lmmN,23,18,41,0.56
lmmP,23,26,49,0.47
lmmS,9,8,17,0.53
lmmb,22,16,38,0.58
lmmh,0,0,0,
lmml,12,2,14,0.86
lmmm,18,15,33,0.55
lmmn,9,17,26,0.35
lmms,6,4,10,0.6
lmnB,17,20,37,0.46
lmnD,1,4,5,0.2
lmnH,13,7,20,0.65
lmnI,1,1,2,0.5
lmnK,2,0,2,1.0
lmnL,8,7,15,0.53
lmnM,16,21,37,0.43
lmnN,34,30,64,0.53
lmnP,26,28,54,0.48
lmnS,11,10,21,0.52
lmnb,18,18,36,0.5
lmnh,0,1,1,0.0
lmnl,6,8,14,0.43
lmnm,7,14,21,0.33
lmnn,27,11,38,0.71
lmns,7,12,19,0.37
lmsB,8,6,14,0.57
lmsD,2,0,2,1.0
lmsH,8,5,13,0.62
lmsI,0,2,2,0.0
lmsK,1,0,1,1.0
lmsL,1,6,7,0.14
lmsM,7,13,20,0.35
lmsN,12,8,20,0.6
lmsP,8,10,18,0.44
lmsS,7,5,12,0.58
lmsb,9,3,12,0.75
lmsh,0,2,2,0.0
lmsl,2,2,4,0.5
lmsm,10,5,15,0.67
lmsn,4,7,11,0.36
lmss,4,6,10,0.4
lnBB,10,18,28,0.36
lnBD,1,1,2,0.5
lnBH,0,0,0,
lnBK,1,0,1,1.0
lnBL,4,7,11,0.36
lnBM,13,15,28,0.46
lnBN,18,17,35,0.51
lnBP,18,25,43,0.42
lnBS,6,8,14,0.43
lnBb,17,16,33,0.52
lnBh,2,0,2,1.0
lnBj,6,8,14,0.43
lnBl,8,10,18,0.44
lnBm,22,22,44,0.5
lnBn,26,31,57,0.46
lnBs,5,8,13,0.38
lnBt,0,2,2,0.0
lnDB,1,2,3,0.33
lnDH,2,3,5,0.4
lnDI,0,1,1,0.0
lnDL,1,1,2,0.5
lnDM,7,1,8,0.88
lnDN,3,1,4,0.75
lnDP,3,2,5,0.6
lnDS,1,1,2,0.5
lnDb,1,3,4,0.25
lnDl,3,3,6,0.5
lnDm,1,0,1,1.0
lnDn,4,2,6,0.67
lnDs,3,4,7,0.43
lnHB,9,6,15,0.6
lnHD,0,1,1,0.0
lnHH,5,3,8,0.62
lnHI,2,1,3,0.67
lnHK,1,0,1,1.0
lnHL,3,4,7,0.43
lnHM,9,12,21,0.43
lnHN,14,12,26,0.54
lnHP,23,17,40,0.57
lnHS,7,6,13,0.54
lnHb,12,12,24,0.5
lnHh,7,5,12,0.58
lnHl,7,5,12,0.58
lnHm,8,9,17,0.47
lnHn,15,19,34,0.44
lnHs,6,8,14,0.43
lnHt,0,0,0,
lnIB,1,3,4,0.25
lnID,1,0,1,1.0
lnIH,0,2,2,0.0
lnII,0,1,1,0.0
lnIL,0,2,2,0.0
lnIM,5,3,8,0.62
lnIN,4,2,6,0.67
lnIP,9,0,9,1.0
lnIS,0,1,1,0.0
lnIb,0,1,1,0.0
lnIl,1,0,1,1.0
lnIm,2,4,6,0.33
lnIn,6,2,8,0.75
lnIs,2,3,5,0.4
lnKB,0,2,2,0.0
lnKH,2,0,2,1.0
lnKI,1,0,1,1.0
lnKM,1,1,2,0.5
lnKN,1,1,2,0.5
lnKP,1,2,3,0.33
lnKS,0,1,1,0.0
lnKb,1,2,3,0.33
lnKh,1,1,2,0.5
lnKl,1,2,3,0.33
lnKm,3,0,3,1.0
lnKn,4,1,5,0.8
lnKs,2,2,4,0.5
lnLB,4,3,7,0.57
lnLD,1,1,2,0.5
lnLK,1,0,1,1.0
lnLL,6,5,11,0.55
lnLM,13,8,21,0.62
lnLN,9,9,18,0.5
lnLP,11,14,25,0.44
lnLS,4,5,9,0.44
lnLb,6,10,16,0.38
lnLh,4,2,6,0.67
lnLj,2,2,4,0.5
lnLl,3,4,7,0.43
lnLm,5,2,7,0.71
lnLn,12,17,29,0.41
lnLs,7,6,13,0.54
lnLt,1,0,1,1.0
lnMB,6,18,24,0.25
lnMD,1,2,3,0.33
lnMK,1,0,1,1.0
lnML,9,5,14,0.64
lnMM,15,22,37,0.41
lnMN,20,17,37,0.54
lnMP,29,32,61,0.48
lnMS,12,17,29,0.41
lnMb,15,18,33,0.45
lnMh,15,21,36,0.42
lnMj,6,3,9,0.67
lnMl,5,13,18,0.28
lnMm,21,21,42,0.5
lnMn,46,36,82,0.56
lnMs,16,10,26,0.62
lnMt,3,2,5,0.6
lnNB,32,14,46,0.7
lnND,1,3,4,0.25
lnNH,4,3,7,0.57
lnNI,0,1,1,0.0
lnNK,3,4,7,0.43
lnNL,12,11,23,0.52
lnNM,21,25,46,0.46
lnNN,34,40,74,0.46
lnNP,41,41,82,0.5
lnNS,24,20,44,0.55
lnNb,14,31,45,0.31
lnNh,9,9,18,0.5
lnNl,10,12,22,0.45
lnNm,22,18,40,0.55
lnNn,48,28,76,0.63
lnNs,15,17,32,0.47
lnNt,10,6,16,0.62
lnPB,20,30,50,0.4
lnPD,4,2,6,0.67
lnPH,8,14,22,0.36
lnPI,1,3,4,0.25
lnPK,3,5,8,0.38
lnPL,17,14,31,0.55
lnPM,32,43,75,0.43
lnPN,51,41,92,0.55
lnPP,48,56,104,0.46
lnPS,27,25,52,0.52
lnPb,42,41,83,0.51
lnPh,6,5,11,0.55
lnPl,15,19,34,0.44
lnPm,38,16,54,0.7
lnPn,36,40,76,0.47
lnPs,28,27,55,0.51
lnPt,5,6,11,0.45
lnSB,8,10,18,0.44
lnSD,0,1,1,0.0
lnSH,6,9,15,0.4
lnSI,1,0,1,1.0
lnSK,1,0,1,1.0
lnSL,6,4,10,0.6
lnSM,15,21,36,0.42
lnSN,13,13,26,0.5
lnSP,21,22,43,0.49
lnSS,14,9,23,0.61
lnSb,12,16,28,0.43
lnSh,10,9,19,0.53
lnSl,5,6,11,0.45
lnSm,14,17,31,0.45
lnSn,22,13,35,0.63
lnSs,9,11,20,0.45
lnSt,6,4,10,0.6
lnbB,23,17,40,0.57
lnbD,3,4,7,0.43
lnbH,7,6,13,0.54
lnbI,2,1,3,0.67
lnbJ,7,6,13,0.54
lnbK,3,1,4,0.75
lnbL,11,14,25,0.44
lnbM,26,25,51,0.51
lnbN,39,24,63,0.62
lnbP,33,32,65,0.51
lnbS,8,10,18,0.44
lnbb,28,13,41,0.68
lnbl,5,8,13,0.38
lnbm,17,9,26,0.65
lnbn,22,18,40,0.55
lnbs,4,10,14,0.29
lnhP,2,0,2,1.0
lnhS,1,0,1,1.0
lnhb,0,0,0,
lnhn,0,1,1,0.0
lnhs,0,1,1,0.0
lnlB,8,6,14,0.57
lnlD,2,1,3,0.67
lnlH,2,10,12,0.17
lnlI,0,1,1,0.0
lnlJ,2,3,5,0.4
lnlL,1,4,5,0.2
lnlM,4,8,12,0.33
lnlN,13,11,24,0.54
lnlP,17,13,30,0.57
lnlS,6,7,13,0.46
lnlb,11,7,18,0.61
lnlh,0,1,1,0.0
lnll,6,4,10,0.6
lnlm,5,6,11,0.45
lnln,9,5,14,0.64
lnls,3,0,3,1.0
lnmB,18,12,30,0.6
lnmD,7,2,9,0.78
lnmH,9,18,27,0.33
lnmI,0,1,1,0.0
lnmJ,2,4,6,0.33
lnmK,0,0,0,
lnmL,5,5,10,0.5
lnmM,18,23,41,0.44
lnmN,28,16,44,0.64
lnmP,25,28,53,0.47
lnmS,12,9,21,0.57
lnmb,16,20,36,0.44
lnml,9,6,15,0.6
lnmm,17,7,24,0.71
lnmn,28,16,44,0.64
lnms,15,6,21,0.71
lnnB,16,17,33,0.48
lnnD,3,2,5,0.6
lnnH,10,14,24,0.42
lnnI,0,5,5,0.0
lnnK,2,2,4,0.5
lnnL,13,12,25,0.52
lnnM,31,25,56,0.55
lnnN,26,36,62,0.42
lnnP,32,33,65,0.49
lnnS,12,12,24,0.5
lnnb,24,20,44,0.55
lnnh,2,0,2,1.0
lnnl,7,10,17,0.41
lnnm,9,13,22,0.41
lnnn,28,20,48,0.58
lnns,20,19,39,0.51
lnsB,8,8,16,0.5
lnsD,2,1,3,0.67
lnsH,10,13,23,0.43
lnsI,1,1,2,0.5
lnsK,1,0,1,1.0
lnsL,7,4,11,0.64
lnsM,17,17,34,0.5
lnsN,11,13,24,0.46
lnsP,19,16,35,0.54
lnsS,11,8,19,0.58
lnsb,15,16,31,0.48
lnsh,3,0,3,1.0
lnsl,5,7,12,0.42
lnsm,10,7,17,0.59
lnsn,17,9,26,0.65
lnss,12,7,19,0.63
lntM,0,0,0,
lntN,0,1,1,0.0
lntl,0,1,1,0.0
lnts,0,1,1,0.0
lsBB,5,12,17,0.29
lsBD,0,1,1,0.0
lsBK,3,1,4,0.75
lsBL,4,2,6,0.67
lsBM,13,7,20,0.65
lsBN,11,10,21,0.52
lsBP,13,18,31,0.42
lsBS,5,11,16,0.31
lsBb,7,10,17,0.41
lsBh,2,1,3,0.67
lsBj,3,0,3,1.0
lsBl,4,4,8,0.5
lsBm,13,11,24,0.54
lsBn,3,13,16,0.19
lsBs,6,3,9,0.67
lsBt,5,2,7,0.71
lsDB,0,2,2,0.0
lsDD,1,0,1,1.0
lsDH,2,3,5,0.4
lsDL,1,0,1,1.0
lsDM,2,9,11,0.18
lsDN,4,2,6,0.67
lsDP,2,3,5,0.4
lsDS,1,0,1,1.0
lsDb,5,5,10,0.5
lsDh,0,0,0,
lsDl,2,2,4,0.5
lsDm,4,3,7,0.57
lsDn,3,1,4,0.75
lsDs,1,0,1,1.0
lsHB,11,11,22,0.5
lsHD,1,1,2,0.5
lsHH,3,2,5,0.6
lsHI,0,0,0,
lsHK,1,0,1,1.0
lsHL,4,7,11,0.36
lsHM,10,13,23,0.43
lsHN,15,11,26,0.58
lsHP,14,7,21,0.67
lsHS,7,11,18,0.39
lsHb,24,7,31,0.77
lsHh,5,5,10,0.5
lsHl,3,3,6,0.5
lsHm,15,15,30,0.5
lsHn,10,12,22,0.45
lsHs,11,5,16,0.69
lsHt,0,2,2,0.0
lsIB,0,1,1,0.0
lsID,0,1,1,0.0
lsIH,2,0,2,1.0
lsIL,0,0,0,
lsIM,2,0,2,1.0
lsIN,1,0,1,1.0
lsIP,2,4,6,0.33
lsIS,1,2,3,0.33
lsIb,1,2,3,0.33
lsIl,0,2,2,0.0
lsIm,1,0,1,1.0
lsIn,0,2,2,0.0
lsIs,2,2,4,0.5
lsKB,0,1,1,0.0
lsKH,1,0,1,1.0
lsKP,0,1,1,0.0
lsKS,2,0,2,1.0
lsKb,0,1,1,0.0
lsKh,0,1,1,0.0
lsKl,1,0,1,1.0
lsKn,1,0,1,1.0
lsLB,3,2,5,0.6
lsLD,2,0,2,1.0
lsLL,6,6,12,0.5
lsLM,8,8,16,0.5
lsLN,6,7,13,0.46
lsLP,7,8,15,0.47
lsLS,4,4,8,0.5
lsLb,6,4,10,0.6
lsLh,2,3,5,0.4
lsLj,2,1,3,0.67
lsLl,3,0,3,1.0
lsLm,7,7,14,0.5
lsLn,5,12,17,0.29
lsLs,7,3,10,0.7
lsLt,1,0,1,1.0
lsMB,9,12,21,0.43
lsMD,1,2,3,0.33
lsMH,1,0,1,1.0
lsML,4,9,13,0.31
lsMM,16,18,34,0.47
lsMN,12,16,28,0.43
lsMP,16,13,29,0.55
lsMS,16,6,22,0.73
lsMb,13,15,28,0.46
lsMh,7,9,16,0.44
lsMj,2,4,6,0.33
lsMl,5,7,12,0.42
lsMm,12,17,29,0.41
lsMn,18,12,30,0.6
lsMs,8,13,21,0.38
lsMt,2,2,4,0.5
lsNB,15,9,24,0.62
lsND,0,1,1,0.0
lsNH,0,2,2,0.0
lsNK,5,1,6,0.83
lsNL,5,8,13,0.38
lsNM,9,16,25,0.36
lsNN,15,19,34,0.44
lsNP,17,18,35,0.49
lsNS,8,14,22,0.36
lsNb,15,5,20,0.75
lsNh,12,4,16,0.75
lsNl,7,5,12,0.58
lsNm,11,7,18,0.61
lsNn,12,12,24,0.5
lsNs,17,12,29,0.59
lsNt,1,0,1,1.0
lsPB,10,20,30,0.33
lsPD,2,4,6,0.33
lsPH,7,8,15,0.47
lsPI,1,2,3,0.33
lsPK,0,2,2,0.0
lsPL,6,12,18,0.33
lsPM,21,27,48,0.44
lsPN,36,11,47,0.77
lsPP,27,22,49,0.55
lsPS,15,21,36,0.42
lsPb,18,18,36,0.5
lsPh,4,3,7,0.57
lsPl,10,10,20,0.5
lsPm,12,13,25,0.48
lsPn,24,28,52,0.46
lsPs,14,27,41,0.34
lsPt,2,2,4,0.5
lsSB,6,6,12,0.5
lsSD,1,1,2,0.5
lsSH,3,7,10,0.3
lsSL,3,5,8,0.38
lsSM,14,18,32,0.44
lsSN,10,23,33,0.3
lsSP,18,17,35,0.51
lsSS,13,24,37,0.35
lsSb,14,11,25,0.56
lsSh,10,10,20,0.5
lsSl,3,5,8,0.38
lsSm,17,10,27,0.63
lsSn,7,18,25,0.28
lsSs,11,9,20,0.55
lsSt,3,1,4,0.75
lsbB,14,11,25,0.56
lsbD,1,2,3,0.33
lsbH,3,2,5,0.6
lsbI,1,1,2,0.5
lsbJ,7,5,12,0.58
lsbK,1,1,2,0.5
lsbL,7,4,11,0.64
lsbM,13,10,23,0.57
lsbN,12,17,29,0.41
lsbP,21,20,41,0.51
lsbS,6,9,15,0.4
lsbb,15,14,29,0.52
lsbl,6,6,12,0.5
lsbm,18,10,28,0.64
lsbn,15,14,29,0.52
lsbs,7,8,15,0.47
lshB,1,2,3,0.33
lshH,1,1,2,0.5
lshM,1,0,1,1.0
lshN,0,1,1,0.0
lshP,0,1,1,0.0
lshh,0,1,1,0.0
lshl,1,1,2,0.5
lshm,1,2,3,0.33
lshn,1,2,3,0.33
lshs,1,0,1,1.0
lslB,6,6,12,0.5
lslD,0,2,2,0.0
lslH,4,3,7,0.57
lslI,0,0,0,
lslJ,2,0,2,1.0
lslK,1,1,2,0.5
lslL,3,7,10,0.3
lslM,6,9,15,0.4
lslN,10,6,16,0.62
lslP,7,10,17,0.41
lslS,4,10,14,0.29
lslb,12,4,16,0.75
lsll,3,2,5,0.6
lslm,4,3,7,0.57
lsln,12,5,17,0.71
lsls,4,7,11,0.36
lsmB,18,16,34,0.53
lsmD,3,4,7,0.43
lsmH,8,6,14,0.57
lsmI,2,2,4,0.5
lsmJ,2,5,7,0.29
lsmL,7,9,16,0.44
lsmM,9,24,33,0.27
lsmN,12,21,33,0.36
lsmP,14,17,31,0.45
lsmS,6,12,18,0.33
lsmb,10,9,19,0.53
lsml,6,8,14,0.43
lsmm,5,6,11,0.45
lsmn,14,9,23,0.61
lsms,5,5,10,0.5
lsnB,7,8,15,0.47
lsnD,1,0,1,1.0
lsnH,8,8,16,0.5
lsnI,0,2,2,0.0
lsnK,1,2,3,0.33
lsnL,5,3,8,0.62
lsnM,19,20,39,0.49
lsnN,12,16,28,0.43
lsnP,18,19,37,0.49
lsnS,12,9,21,0.57
lsnb,9,7,16,0.56
lsnl,4,5,9,0.44
lsnm,12,6,18,0.67
lsnn,12,12,24,0.5
lsns,7,5,12,0.58
lsnt,0,1,1,0.0
lssB,8,8,16,0.5
lssD,3,3,6,0.5
lssH,13,9,22,0.59
lssI,1,2,3,0.33
lssK,1,0,1,1.0
lssL,2,3,5,0.4
lssM,7,9,16,0.44
lssN,13,5,18,0.72
lssP,21,14,35,0.6
lssS,13,18,31,0.42
lssb,7,5,12,0.58
lssh,0,0,0,
lssl,7,6,13,0.54
lssm,12,4,16,0.75
lssn,12,11,23,0.52
lsss,9,5,14,0.64
lsst,1,1,2,0.5
lstb,0,1,1,0.0
lstl,0,0,0,
ltHB,0,1,1,0.0
mBBB,30,44,74,0.41
mBBD,10,6,16,0.62
mBBH,2,0,2,1.0
mBBK,4,5,9,0.44
mBBL,10,10,20,0.5
mBBM,26,32,58,0.45
mBBN,50,53,103,0.49
mBBP,57,39,96,0.59
mBBS,16,12,28,0.57
mBBb,42,27,69,0.61
mBBh,6,9,15,0.4
mBBj,11,11,22,0.5
mBBl,13,13,26,0.5
mBBm,41,30,71,0.58
mBBn,65,52,117,0.56
mBBs,16,22,38,0.42
mBBt,4,3,7,0.57
mBDB,8,4,12,0.67
mBDD,4,5,9,0.44
mBDH,6,7,13,0.46
mBDI,2,0,2,1.0
mBDL,4,2,6,0.67
mBDM,6,7,13,0.46
mBDN,9,6,15,0.6
mBDP,9,9,18,0.5
mBDS,9,6,15,0.6
mBDb,6,8,14,0.43
mBDh,1,0,1,1.0
mBDl,2,1,3,0.67
mBDm,5,14,19,0.26
mBDn,7,4,11,0.64
mBDs,4,6,10,0.4
mBDt,2,2,4,0.5
mBHD,1,0,1,1.0
mBHI,0,1,1,0.0
mBHM,1,0,1,1.0
mBHN,1,0,1,1.0
mBHP,0,2,2,0.0
mBHS,1,0,1,1.0
mBHb,1,0,1,1.0
mBHm,0,0,0,
mBHn,0,1,1,0.0
mBIM,1,0,1,1.0
mBKB,3,4,7,0.43
mBKD,2,0,2,1.0
mBKH,1,0,1,1.0
mBKL,3,1,4,0.75
mBKM,10,4,14,0.71
mBKN,4,2,6,0.67
mBKP,3,8,11,0.27
mBKS,3,3,6,0.5
mBKb,5,3,8,0.62
mBKh,5,3,8,0.62
mBKl,1,4,5,0.2
mBKm,4,9,13,0.31
mBKn,5,5,10,0.5
mBKs,4,4,8,0.5
mBKt,0,0,0,
mBLB,14,14,28,0.5
mBLD,2,2,4,0.5
mBLH,0,1,1,0.0
mBLK,0,1,1,0.0
mBLL,2,6,8,0.25
mBLM,12,14,26,0.46
mBLN,11,14,25,0.44
mBLP,23,24,47,0.49
mBLS,9,9,18,0.5
mBLb,18,10,28,0.64
mBLh,9,6,15,0.6
mBLj,4,4,8,0.5
mBLl,3,1,4,0.75
mBLm,16,11,27,0.59
mBLn,23,25,48,0.48
mBLs,10,3,13,0.77
mBLt,2,3,5,0.4
mBMB,27,36,63,0.43
mBMD,8,5,13,0.62
mBMH,1,0,1,1.0
mBML,20,6,26,0.77
mBMM,44,51,95,0.46
mBMN,46,47,93,0.49
mBMP,60,60,120,0.5
mBMS,15,27,42,0.36
mBMb,39,49,88,0.44
mBMh,46,38,84,0.55
mBMj,7,10,17,0.41
mBMl,16,10,26,0.62
mBMm,56,49,105,0.53
mBMn,62,51,113,0.55
mBMs,27,29,56,0.48
mBMt,3,3,6,0.5
mBNB,51,45,96,0.53
mBND,12,13,25,0.48
mBNH,5,7,12,0.42
mBNI,0,1,1,0.0
mBNK,3,1,4,0.75
mBNL,10,12,22,0.45
mBNM,48,55,103,0.47
mBNN,66,79,145,0.46
mBNP,99,69,168,0.59
mBNS,54,39,93,0.58
mBNb,40,48,88,0.45
mBNh,19,23,42,0.45
mBNl,15,13,28,0.54
mBNm,48,58,106,0.45
mBNn,110,87,197,0.56
mBNs,54,41,95,0.57
mBNt,9,12,21,0.43
mBPB,37,46,83,0.45
mBPD,12,11,23,0.52
mBPH,18,23,41,0.44
mBPI,4,2,6,0.67
mBPK,10,7,17,0.59
mBPL,21,27,48,0.44
mBPM,59,79,138,0.43
mBPN,68,76,144,0.47
mBPP,85,94,179,0.47
mBPS,44,41,85,0.52
mBPb,52,64,116,0.45
mBPh,3,4,7,0.43
mBPl,22,29,51,0.43
mBPm,64,53,117,0.55
mBPn,66,60,126,0.52
mBPs,40,45,85,0.47
mBPt,5,6,11,0.45
mBSB,31,21,52,0.6
mBSD,6,5,11,0.55
mBSH,10,16,26,0.38
mBSI,1,0,1,1.0
mBSK,0,3,3,0.0
mBSL,6,10,16,0.38
mBSM,31,34,65,0.48
mBSN,40,43,83,0.48
mBSP,50,39,89,0.56
mBSS,31,35,66,0.47
mBSb,22,27,49,0.45
mBSh,20,17,37,0.54
mBSl,11,13,24,0.46
mBSm,35,18,53,0.66
mBSn,33,40,73,0.45
mBSs,30,37,67,0.45
mBSt,6,0,6,1.0
mBbB,39,25,64,0.61
mBbD,6,6,12,0.5
mBbH,17,20,37,0.46
mBbI,3,6,9,0.33
mBbJ,11,13,24,0.46
mBbK,4,5,9,0.44
mBbL,14,11,25,0.56
mBbM,37,51,88,0.42
mBbN,51,76,127,0.4
mBbP,64,57,121,0.53
mBbS,21,31,52,0.4
mBbb,50,48,98,0.51
mBbh,0,1,1,0.0
mBbl,11,16,27,0.41
mBbm,41,32,73,0.56
mBbn,58,43,101,0.57
mBbs,20,13,33,0.61
mBhB,6,6,12,0.5
mBhD,0,0,0,
mBhH,0,1,1,0.0
mBhI,0,2,2,0.0
mBhL,3,0,3,1.0
mBhM,5,8,13,0.38
mBhN,9,8,17,0.53
mBhP,7,9,16,0.44
mBhS,4,2,6,0.67
mBhb,7,3,10,0.7
mBhh,5,1,6,0.83
mBhl,4,1,5,0.8
mBhm,9,7,16,0.56
mBhn,8,11,19,0.42
mBhs,8,4,12,0.67
mBjB,11,12,23,0.48
mBjD,2,0,2,1.0
mBjH,4,5,9,0.44
mBjI,1,1,2,0.5
mBjK,0,1,1,0.0
mBjL,3,5,8,0.38
mBjM,15,14,29,0.52
mBjN,23,16,39,0.59
mBjP,16,16,32,0.5
mBjS,7,9,16,0.44
mBjb,15,16,31,0.48
mBjh,1,2,3,0.33
mBjl,9,3,12,0.75
mBjm,13,11,24,0.54
mBjn,19,12,31,0.61
mBjs,9,13,22,0.41
mBjt,1,1,2,0.5
mBlB,12,14,26,0.46
mBlD,3,1,4,0.75
mBlH,10,15,25,0.4
mBlI,1,1,2,0.5
mBlJ,11,6,17,0.65
mBlK,1,0,1,1.0
mBlL,7,4,11,0.64
mBlM,13,14,27,0.48
mBlN,21,17,38,0.55
mBlP,17,11,28,0.61
mBlS,9,12,21,0.43
mBlb,14,13,27,0.52
mBlh,0,1,1,0.0
mBll,3,4,7,0.43
mBlm,12,10,22,0.55
mBln,17,19,36,0.47
mBls,11,8,19,0.58
mBmB,34,50,84,0.4
mBmD,17,8,25,0.68
mBmH,32,25,57,0.56
mBmI,4,4,8,0.5
mBmJ,8,8,16,0.5
mBmK,0,1,1,0.0
mBmL,10,11,21,0.48
mBmM,48,63,111,0.43
mBmN,61,60,121,0.5
mBmP,46,50,96,0.48
mBmS,29,30,59,0.49
mBmb,49,39,88,0.56
mBml,7,6,13,0.54
mBmm,46,43,89,0.52
mBmn,61,45,106,0.58
mBms,29,22,51,0.57
mBnB,50,49,99,0.51
mBnD,12,6,18,0.67
mBnH,33,29,62,0.53
mBnI,9,9,18,0.5
mBnK,6,9,15,0.4
mBnL,21,13,34,0.62
mBnM,76,72,148,0.51
mBnN,98,96,194,0.51
mBnP,112,111,223,0.5
mBnS,45,51,96,0.47
mBnb,68,57,125,0.54
mBnh,1,4,5,0.2
mBnl,17,14,31,0.55
mBnm,49,52,101,0.49
mBnn,91,71,162,0.56
mBns,34,34,68,0.5
mBnt,0,1,1,0.0
mBsB,16,14,30,0.53
mBsD,6,4,10,0.6
mBsH,21,25,46,0.46
mBsI,4,5,9,0.44
mBsK,1,0,1,1.0
mBsL,9,9,18,0.5
mBsM,21,22,43,0.49
mBsN,26,38,64,0.41
mBsP,23,47,70,0.33
mBsS,32,26,58,0.55
mBsb,23,22,45,0.51
mBsh,0,1,1,0.0
mBsl,1,7,8,0.12
mBsm,18,33,51,0.35
mBsn,33,18,51,0.65
mBss,28,27,55,0.51
mBtB,5,11,16,0.31
mBtD,1,0,1,1.0
mBtH,4,7,11,0.36
mBtL,6,2,8,0.75
mBtM,10,6,16,0.62
mBtN,6,5,11,0.55
mBtP,16,13,29,0.55
mBtS,7,9,16,0.44
mBtb,9,6,15,0.6
mBtl,3,5,8,0.38
mBtm,10,5,15,0.67
mBtn,13,8,21,0.62
mBts,4,9,13,0.31
mBtt,2,3,5,0.4
mDBB,10,11,21,0.48
mDBD,1,6,7,0.14
mDBK,3,2,5,0.6
mDBL,2,6,8,0.25
mDBM,14,12,26,0.54
mDBN,8,7,15,0.53
mDBP,9,14,23,0.39
mDBS,7,4,11,0.64
mDBb,9,9,18,0.5
mDBh,2,0,2,1.0
mDBj,1,0,1,1.0
mDBl,4,2,6,0.67
mDBm,14,12,26,0.54
mDBn,13,7,20,0.65
mDBs,3,9,12,0.25
mDBt,0,0,0,
mDDB,8,3,11,0.73
mDDD,6,2,8,0.75
mDDH,4,4,8,0.5
mDDI,1,0,1,1.0
mDDL,4,2,6,0.67
mDDM,4,5,9,0.44
mDDN,3,4,7,0.43
mDDP,7,7,14,0.5
mDDS,9,3,12,0.75
mDDb,3,4,7,0.43
mDDl,0,3,3,0.0
mDDm,11,10,21,0.52
mDDn,5,0,5,1.0
mDDs,2,7,9,0.22
mDDt,1,0,1,1.0
mDHB,7,6,13,0.54
mDHD,5,3,8,0.62
mDHH,0,3,3,0.0
mDHI,0,1,1,0.0
mDHK,0,1,1,0.0
mDHL,1,2,3,0.33
mDHM,7,12,19,0.37
mDHN,3,7,10,0.3
mDHP,11,8,19,0.58
mDHS,9,10,19,0.47
mDHb,11,6,17,0.65
mDHh,2,8,10,0.2
mDHl,5,2,7,0.71
mDHm,11,15,26,0.42
mDHn,7,7,14,0.5
mDHs,12,5,17,0.71
mDHt,3,1,4,0.75
mDIB,1,0,1,1.0
mDID,0,2,2,0.0
mDIH,1,2,3,0.33
mDIL,0,1,1,0.0
mDIM,3,0,3,1.0
mDIN,2,0,2,1.0
mDIP,1,0,1,1.0
mDIS,0,1,1,0.0
mDIb,1,1,2,0.5
mDIl,1,0,1,1.0
mDIn,3,0,3,1.0
mDIs,1,0,1,1.0
mDKB,1,0,1,1.0
mDKN,0,0,0,
mDKP,1,0,1,1.0
mDKm,1,0,1,1.0
mDKn,0,0,0,
mDKs,0,1,1,0.0
mDLB,1,2,3,0.33
mDLD,0,3,3,0.0
mDLK,0,0,0,
mDLL,1,3,4,0.25
mDLM,2,7,9,0.22
mDLN,4,2,6,0.67
mDLP,6,2,8,0.75
mDLS,6,1,7,0.86
mDLb,5,3,8,0.62
mDLh,0,0,0,
mDLj,0,1,1,0.0
mDLl,0,2,2,0.0
mDLm,5,3,8,0.62
mDLn,4,6,10,0.4
mDLs,3,5,8,0.38
mDLt,3,0,3,1.0
mDMB,12,11,23,0.52
mDMD,7,3,10,0.7
mDML,1,0,1,1.0
mDMM,13,18,31,0.42
mDMN,15,9,24,0.62
mDMP,14,10,24,0.58
mDMS,13,17,30,0.43
mDMb,6,14,20,0.3
mDMh,11,19,30,0.37
mDMj,3,1,4,0.75
mDMl,3,2,5,0.6
mDMm,19,18,37,0.51
mDMn,18,15,33,0.55
mDMs,12,11,23,0.52
mDMt,0,2,2,0.0
mDNB,7,9,16,0.44
mDND,4,1,5,0.8
mDNH,3,3,6,0.5
mDNK,3,1,4,0.75
mDNL,2,1,3,0.67
mDNM,13,13,26,0.5
mDNN,15,15,30,0.5
mDNP,9,8,17,0.53
mDNS,9,6,15,0.6
mDNb,6,10,16,0.38
mDNh,1,1,2,0.5
mDNl,5,5,10,0.5
mDNm,11,11,22,0.5
mDNn,15,12,27,0.56
mDNs,8,9,17,0.47
mDNt,2,1,3,0.67
mDPB,9,14,23,0.39
mDPD,7,3,10,0.7
mDPH,3,1,4,0.75
mDPI,1,1,2,0.5
mDPK,4,2,6,0.67
mDPL,4,3,7,0.57
mDPM,11,19,30,0.37
mDPN,10,6,16,0.62
mDPP,24,18,42,0.57
mDPS,13,12,25,0.52
mDPb,15,14,29,0.52
mDPh,2,0,2,1.0
mDPl,4,0,4,1.0
mDPm,15,14,29,0.52
mDPn,15,8,23,0.65
mDPs,8,8,16,0.5
mDPt,2,0,2,1.0
mDSB,4,10,14,0.29
mDSD,3,1,4,0.75
mDSH,3,2,5,0.6
mDSI,2,0,2,1.0
mDSK,1,1,2,0.5
mDSL,3,2,5,0.6
mDSM,15,9,24,0.62
mDSN,16,10,26,0.62
mDSP,12,14,26,0.46
mDSS,8,18,26,0.31
mDSb,5,9,14,0.36
mDSh,6,0,6,1.0
mDSl,5,2,7,0.71
mDSm,10,11,21,0.48
mDSn,11,10,21,0.52
mDSs,13,13,26,0.5
mDSt,0,2,2,0.0
mDbB,7,8,15,0.47
mDbD,1,0,1,1.0
mDbH,1,1,2,0.5
mDbI,2,3,5,0.4
mDbJ,2,2,4,0.5
mDbK,0,2,2,0.0
mDbL,1,2,3,0.33
mDbM,7,12,19,0.37
mDbN,10,6,16,0.62
mDbP,9,4,13,0.69
mDbS,5,4,9,0.56
mDbb,10,11,21,0.48
mDbl,3,3,6,0.5
mDbm,14,10,24,0.58
mDbn,11,8,19,0.58
mDbs,6,1,7,0.86
mDhB,1,0,1,1.0
mDhK,0,1,1,0.0
mDhN,0,0,0,
mDhP,1,3,4,0.25
mDhS,0,2,2,0.0
mDhm,2,0,2,1.0
mDhn,1,0,1,1.0
mDhs,0,1,1,0.0
mDlB,1,3,4,0.25
mDlD,0,1,1,0.0
mDlH,2,3,5,0.4
mDlJ,2,0,2,1.0
mDlL,4,1,5,0.8
mDlM,1,2,3,0.33
mDlN,4,4,8,0.5
mDlP,6,7,13,0.46
mDlS,2,1,3,0.67
mDlb,4,5,9,0.44
mDll,2,1,3,0.67
mDlm,3,4,7,0.43
mDln,1,4,5,0.2
mDls,2,3,5,0.4
mDmB,8,21,29,0.28
mDmD,5,9,14,0.36
mDmH,18,7,25,0.72
mDmI,0,0,0,
mDmJ,0,4,4,0.0
mDmL,4,4,8,0.5
mDmM,18,11,29,0.62
mDmN,25,11,36,0.69
mDmP,9,13,22,0.41
mDmS,11,11,22,0.5
mDmb,12,15,27,0.44
mDmh,0,2,2,0.0
mDml,4,1,5,0.8
mDmm,29,19,48,0.6
mDmn,15,8,23,0.65
mDms,16,7,23,0.7
mDnB,3,7,10,0.3
mDnD,3,3,6,0.5
mDnH,8,6,14,0.57
mDnI,0,1,1,0.0
mDnK,0,0,0,
mDnL,3,4,7,0.43
mDnM,17,11,28,0.61
mDnN,15,15,30,0.5
mDnP,14,15,29,0.48
mDnS,14,4,18,0.78
mDnb,11,8,19,0.58
mDnl,3,0,3,1.0
mDnm,10,10,20,0.5
mDnn,14,14,28,0.5
mDns,1,6,7,0.14
mDsB,4,5,9,0.44
mDsD,5,4,9,0.56
mDsH,10,4,14,0.71
mDsI,1,2,3,0.33
mDsL,1,6,7,0.14
mDsM,12,10,22,0.55
mDsN,8,11,19,0.42
mDsP,11,9,20,0.55
mDsS,11,11,22,0.5
mDsb,8,7,15,0.53
mDsl,4,3,7,0.57
mDsm,7,3,10,0.7
mDsn,3,4,7,0.43
mDss,6,7,13,0.46
mDtB,2,1,3,0.67
mDtD,0,0,0,
mDtH,1,0,1,1.0
mDtL,0,1,1,0.0
mDtM,1,2,3,0.33
mDtN,2,2,4,0.5
mDtP,1,2,3,0.33
mDtS,1,1,2,0.5
mDtb,2,0,2,1.0
mDtl,0,1,1,0.0
mDtm,6,2,8,0.75
mDtn,2,1,3,0.67
mDts,2,0,2,1.0
mDtt,1,1,2,0.5
mHBB,30,21,51,0.59
mHBD,3,5,8,0.38
mHBH,1,1,2,0.5
mHBK,3,4,7,0.43
mHBL,8,12,20,0.4
mHBM,33,34,67,0.49
mHBN,39,39,78,0.5
mHBP,37,37,74,0.5
mHBS,23,20,43,0.53
mHBb,32,32,64,0.5
mHBh,2,6,8,0.25
mHBj,8,7,15,0.53
mHBl,14,14,28,0.5
mHBm,38,36,74,0.51
mHBn,38,53,91,0.42
mHBs,23,17,40,0.57
mHBt,6,6,12,0.5
mHDB,7,3,10,0.7
mHDD,1,1,2,0.5
mHDH,6,8,14,0.43
mHDL,2,3,5,0.4
mHDM,8,8,16,0.5
mHDN,4,5,9,0.44
mHDP,11,8,19,0.58
mHDS,7,13,20,0.35
mHDb,9,7,16,0.56
mHDh,0,1,1,0.0
mHDl,2,1,3,0.67
mHDm,12,9,21,0.57
mHDn,4,8,12,0.33
mHDs,2,5,7,0.29
mHDt,1,0,1,1.0
mHHB,8,4,12,0.67
mHHD,1,2,3,0.33
mHHH,2,3,5,0.4
mHHI,0,1,1,0.0
mHHK,3,1,4,0.75
mHHL,1,3,4,0.25
mHHM,6,9,15,0.4
mHHN,4,6,10,0.4
mHHP,3,7,10,0.3
mHHS,5,5,10,0.5
mHHb,10,6,16,0.62
mHHh,0,1,1,0.0
mHHl,3,3,6,0.5
mHHm,7,7,14,0.5
mHHn,3,7,10,0.3
mHHs,3,4,7,0.43
mHHt,0,0,0,
mHIB,0,1,1,0.0
mHID,1,0,1,1.0
mHIH,3,4,7,0.43
mHII,0,0,0,
mHIL,0,1,1,0.0
mHIM,3,7,10,0.3
mHIN,4,4,8,0.5
mHIP,7,3,10,0.7
mHIS,2,2,4,0.5
mHIb,5,2,7,0.71
mHIl,5,0,5,1.0
mHIm,5,6,11,0.45
mHIn,3,4,7,0.43
mHIs,1,0,1,1.0
mHIt,0,2,2,0.0
mHKB,4,3,7,0.57
mHKD,0,1,1,0.0
mHKI,1,0,1,1.0
mHKL,2,0,2,1.0
mHKM,2,3,5,0.4
mHKN,4,3,7,0.57
mHKP,4,3,7,0.57
mHKS,1,2,3,0.33
mHKb,1,2,3,0.33
mHKh,2,2,4,0.5
mHKl,1,2,3,0.33
mHKm,2,3,5,0.4
mHKn,2,1,3,0.67
mHKs,2,2,4,0.5
mHLB,10,11,21,0.48
mHLD,4,5,9,0.44
mHLK,0,5,5,0.0
mHLL,2,6,8,0.25
mHLM,14,12,26,0.54
mHLN,19,16,35,0.54
mHLP,13,24,37,0.35
mHLS,12,9,21,0.57
mHLb,5,18,23,0.22
mHLh,5,9,14,0.36
mHLj,4,2,6,0.67
mHLl,7,7,14,0.5
mHLm,19,18,37,0.51
mHLn,17,17,34,0.5
mHLs,6,7,13,0.46
mHLt,1,3,4,0.25
mHMB,30,40,70,0.43
mHMD,5,10,15,0.33
mHMK,0,0,0,
mHML,15,11,26,0.58
mHMM,46,49,95,0.48
mHMN,40,42,82,0.49
mHMP,50,47,97,0.52
mHMS,29,33,62,0.47
mHMb,43,40,83,0.52
mHMh,33,34,67,0.49
mHMj,8,10,18,0.44
mHMl,17,10,27,0.63
mHMm,49,40,89,0.55
mHMn,69,63,132,0.52
mHMs,29,28,57,0.51
mHMt,10,8,18,0.56
mHNB,24,31,55,0.44
mHND,7,10,17,0.41
mHNH,8,7,15,0.53
mHNK,4,6,10,0.4
mHNL,10,12,22,0.45
mHNM,44,37,81,0.54
mHNN,51,55,106,0.48
mHNP,71,59,130,0.55
mHNS,33,34,67,0.49
mHNb,39,27,66,0.59
mHNh,11,16,27,0.41
mHNl,19,14,33,0.58
mHNm,55,27,82,0.67
mHNn,52,72,124,0.42
mHNs,42,29,71,0.59
mHNt,9,8,17,0.53
mHPB,50,48,98,0.51
mHPD,11,3,14,0.79
mHPH,19,11,30,0.63
mHPI,3,2,5,0.6
mHPK,12,4,16,0.75
mHPL,22,16,38,0.58
mHPM,65,80,145,0.45
mHPN,60,61,121,0.5
mHPP,81,84,165,0.49
mHPS,41,40,81,0.51
mHPb,53,56,109,0.49
mHPh,5,9,14,0.36
mHPl,26,21,47,0.55
mHPm,65,61,126,0.52
mHPn,65,60,125,0.52
mHPs,49,34,83,0.59
mHPt,3,9,12,0.25
mHSB,21,21,42,0.5
mHSD,8,5,13,0.62
mHSH,7,10,17,0.41
mHSI,2,0,2,1.0
mHSK,1,0,1,1.0
mHSL,10,6,16,0.62
mHSM,31,41,72,0.43
mHSN,26,24,50,0.52
mHSP,41,40,81,0.51
mHSS,30,36,66,0.45
mHSb,19,22,41,0.46
mHSh,15,17,32,0.47
mHSl,5,9,14,0.36
mHSm,14,34,48,0.29
mHSn,29,34,63,0.46
mHSs,36,22,58,0.62
mHSt,5,5,10,0.5
mHbB,29,32,61,0.48
mHbD,6,5,11,0.55
mHbH,9,22,31,0.29
mHbI,3,2,5,0.6
mHbJ,10,9,19,0.53
mHbK,1,6,7,0.14
mHbL,12,19,31,0.39
mHbM,36,38,74,0.49
mHbN,65,38,103,0.63
mHbP,37,47,84,0.44
mHbS,27,15,42,0.64
mHbb,46,41,87,0.53
mHbh,0,1,1,0.0
mHbl,9,10,19,0.47
mHbm,39,27,66,0.59
mHbn,37,47,84,0.44
mHbs,24,14,38,0.63
mHhB,10,13,23,0.43
mHhD,4,5,9,0.44
mHhH,5,1,6,0.83
mHhI,0,1,1,0.0
mHhK,2,1,3,0.67
mHhL,5,11,16,0.31
mHhM,19,25,44,0.43
mHhN,28,14,42,0.67
mHhP,29,27,56,0.52
mHhS,23,19,42,0.55
mHhb,23,16,39,0.59
mHhh,12,16,28,0.43
mHhl,9,13,22,0.41
mHhm,27,14,41,0.66
mHhn,20,25,45,0.44
mHhs,27,10,37,0.73
mHht,6,4,10,0.6
mHlB,15,9,24,0.62
mHlD,1,3,4,0.25
mHlH,7,7,14,0.5
mHlI,2,1,3,0.67
mHlJ,4,6,10,0.4
mHlK,1,1,2,0.5
mHlL,8,5,13,0.62
mHlM,19,29,48,0.4
mHlN,23,23,46,0.5
mHlP,23,17,40,0.57
mHlS,13,8,21,0.62
mHlb,27,18,45,0.6
mHll,3,4,7,0.43
mHlm,18,4,22,0.82
mHln,15,10,25,0.6
mHls,12,10,22,0.55
mHmB,31,48,79,0.39
mHmD,9,7,16,0.56
mHmH,25,30,55,0.45
mHmI,5,4,9,0.56
mHmJ,9,11,20,0.45
mHmK,0,2,2,0.0
mHmL,14,11,25,0.56
mHmM,41,58,99,0.41
mHmN,39,48,87,0.45
mHmP,47,48,95,0.49
mHmS,31,22,53,0.58
mHmb,34,37,71,0.48
mHmh,0,1,1,0.0
mHml,7,19,26,0.27
mHmm,44,41,85,0.52
mHmn,35,43,78,0.45
mHms,26,12,38,0.68
mHnB,41,31,72,0.57
mHnD,6,3,9,0.67
mHnH,24,22,46,0.52
mHnI,6,2,8,0.75
mHnK,6,6,12,0.5
mHnL,22,15,37,0.59
mHnM,51,56,107,0.48
mHnN,77,69,146,0.53
mHnP,73,77,150,0.49
mHnS,44,32,76,0.58
mHnb,44,36,80,0.55
mHnh,3,1,4,0.75
mHnl,12,15,27,0.44
mHnm,42,30,72,0.58
mHnn,63,47,110,0.57
mHns,36,25,61,0.59
mHnt,2,0,2,1.0
mHsB,16,23,39,0.41
mHsD,4,3,7,0.57
mHsH,32,23,55,0.58
mHsI,2,4,6,0.33
mHsK,0,1,1,0.0
mHsL,12,11,23,0.52
mHsM,29,36,65,0.45
mHsN,28,29,57,0.49
mHsP,35,49,84,0.42
mHsS,27,38,65,0.42
mHsb,26,26,52,0.5
mHsh,2,0,2,1.0
mHsl,5,8,13,0.38
mHsm,37,19,56,0.66
mHsn,35,31,66,0.53
mHss,35,23,58,0.6
mHtB,3,4,7,0.43
mHtH,0,4,4,0.0
mHtK,1,0,1,1.0
mHtL,2,0,2,1.0
mHtM,3,2,5,0.6
mHtN,3,2,5,0.6
mHtP,5,4,9,0.56
mHtS,1,1,2,0.5
mHtb,1,3,4,0.25
mHth,1,0,1,1.0
mHtl,1,1,2,0.5
mHtm,4,1,5,0.8
mHtn,6,5,11,0.55
mHts,6,1,7,0.86
mHtt,1,2,3,0.33
mIBB,4,2,6,0.67
mIBK,1,0,1,1.0
mIBL,1,0,1,1.0
mIBM,1,5,6,0.17
mIBN,3,8,11,0.27
mIBP,3,1,4,0.75
mIBS,3,0,3,1.0
mIBb,1,3,4,0.25
mIBj,2,0,2,1.0
mIBl,0,1,1,0.0
mIBm,6,0,6,1.0
mIBn,4,6,10,0.4
mIBs,0,0,0,
mIBt,0,1,1,0.0
mIDB,2,0,2,1.0
mIDL,0,1,1,0.0
mIDM,1,1,2,0.5
mIDN,1,2,3,0.33
mIDP,1,1,2,0.5
mIDS,0,2,2,0.0
mIDb,0,1,1,0.0
mIDl,0,1,1,0.0
mIDm,1,2,3,0.33
mIDn,2,0,2,1.0
mIDs,1,0,1,1.0
mIHB,1,4,5,0.2
mIHD,1,0,1,1.0
mIHI,0,0,0,
mIHK,0,0,0,
mIHM,2,2,4,0.5
mIHN,3,1,4,0.75
mIHP,3,2,5,0.6
mIHS,1,2,3,0.33
mIHb,4,2,6,0.67
mIHh,1,3,4,0.25
mIHm,3,0,3,1.0
mIHn,6,3,9,0.67
mIHs,2,1,3,0.67
mIHt,1,0,1,1.0
mIIB,0,1,1,0.0
mIIH,1,0,1,1.0
mIIL,1,0,1,1.0
mIIM,0,1,1,0.0
mIIS,1,0,1,1.0
mIIm,0,1,1,0.0
mIIs,1,0,1,1.0
mIKB,0,1,1,0.0
mIKM,1,0,1,1.0
mIKS,0,1,1,0.0
mIKb,1,0,1,1.0
mILB,2,3,5,0.4
mILD,1,1,2,0.5
mILL,0,2,2,0.0
mILM,2,3,5,0.4
mILN,2,2,4,0.5
mILP,2,1,3,0.67
mILS,0,2,2,0.0
mILb,0,1,1,0.0
mILh,1,1,2,0.5
mILl,0,2,2,0.0
mILm,2,2,4,0.5
mILn,2,4,6,0.33
mILs,1,1,2,0.5
mILt,0,1,1,0.0
mIMB,4,1,5,0.8
mIMD,1,1,2,0.5
mIMK,0,1,1,0.0
mIML,0,3,3,0.0
mIMM,2,3,5,0.4
mIMN,6,3,9,0.67
mIMP,1,3,4,0.25
mIMS,1,1,2,0.5
mIMb,0,2,2,0.0
mIMh,4,3,7,0.57
mIMj,3,2,5,0.6
mIMl,2,1,3,0.67
mIMm,5,3,8,0.62
mIMn,5,9,14,0.36
mIMs,2,7,9,0.22
mIMt,1,1,2,0.5
mINB,7,6,13,0.54
mIND,0,1,1,0.0
mINH,1,2,3,0.33
mINL,1,5,6,0.17
mINM,5,4,9,0.56
mINN,8,6,14,0.57
mINP,6,10,16,0.38
mINS,2,4,6,0.33
mINb,3,2,5,0.6
mINh,1,1,2,0.5
mINl,1,0,1,1.0
mINm,6,2,8,0.75
mINn,6,9,15,0.4
mINs,4,0,4,1.0
mINt,1,0,1,1.0
mIPB,8,4,12,0.67
mIPH,0,3,3,0.0
mIPI,1,0,1,1.0
mIPL,2,2,4,0.5
mIPM,7,4,11,0.64
mIPN,9,3,12,0.75
mIPP,11,12,23,0.48
mIPS,5,1,6,0.83
mIPb,5,10,15,0.33
mIPh,0,2,2,0.0
mIPl,4,0,4,1.0
mIPm,6,2,8,0.75
mIPn,4,9,13,0.31
mIPs,2,4,6,0.33
mIPt,0,4,4,0.0
mISB,2,2,4,0.5
mISD,0,2,2,0.0
mISH,2,1,3,0.67
mISI,0,2,2,0.0
mISL,0,2,2,0.0
mISM,6,4,10,0.6
mISN,3,2,5,0.6
mISP,1,5,6,0.17
mISS,2,1,3,0.67
mISb,2,0,2,1.0
mISh,1,0,1,1.0
mISm,2,1,3,0.67
mISn,4,2,6,0.67
mISs,3,0,3,1.0
mIbB,7,2,9,0.78
mIbD,0,0,0,
mIbH,1,3,4,0.25
mIbJ,0,1,1,0.0
mIbL,0,2,2,0.0
mIbM,7,4,11,0.64
mIbN,11,6,17,0.65
mIbP,8,7,15,0.53
mIbS,1,3,4,0.25
mIbb,3,7,10,0.3
mIbl,0,2,2,0.0
mIbm,6,4,10,0.6
mIbn,3,6,9,0.33
mIbs,3,1,4,0.75
mIhb,0,0,0,
mIlB,3,2,5,0.6
mIlH,1,1,2,0.5
mIlJ,0,1,1,0.0
mIlM,0,1,1,0.0
mIlN,0,3,3,0.0
mIlP,0,1,1,0.0
mIlS,1,0,1,1.0
mIlb,2,3,5,0.4
mIlm,2,4,6,0.33
mIln,2,3,5,0.4
mImB,4,1,5,0.8
mImD,1,0,1,1.0
mImH,3,4,7,0.43
mImI,1,0,1,1.0
mImJ,0,1,1,0.0
mImL,2,1,3,0.67
mImM,3,1,4,0.75
mImN,4,3,7,0.57
mImP,5,8,13,0.38
mImS,2,1,3,0.67
mImb,3,3,6,0.5
mIml,0,3,3,0.0
mImm,2,4,6,0.33
mImn,2,1,3,0.67
mIms,1,1,2,0.5
mInB,3,0,3,1.0
mInD,2,2,4,0.5
mInH,4,4,8,0.5
mInI,0,3,3,0.0
mInK,0,0,0,
mInL,1,1,2,0.5
mInM,3,2,5,0.6
mInN,9,3,12,0.75
mInP,4,5,9,0.44
mInS,6,3,9,0.67
mInb,5,5,10,0.5
mInl,2,2,4,0.5
mInm,5,3,8,0.62
mInn,2,8,10,0.2
mIns,2,4,6,0.33
mIsB,2,2,4,0.5
mIsH,0,3,3,0.0
mIsI,3,0,3,1.0
mIsL,1,1,2,0.5
mIsM,4,5,9,0.44
mIsN,3,1,4,0.75
mIsP,3,1,4,0.75
mIsS,3,4,7,0.43
mIsb,4,1,5,0.8
mIsl,0,2,2,0.0
mIsm,1,1,2,0.5
mIsn,2,1,3,0.67
mIss,1,3,4,0.25
mItn,1,0,1,1.0
mIts,1,0,1,1.0
mJBB,9,8,17,0.53
mJBD,1,1,2,0.5
mJBI,1,0,1,1.0
mJBL,3,2,5,0.6
mJBM,8,15,23,0.35
mJBN,8,9,17,0.47
mJBP,3,10,13,0.23
mJBS,6,4,10,0.6
mJBb,5,9,14,0.36
mJBh,0,2,2,0.0
mJBj,1,1,2,0.5
mJBl,4,1,5,0.8
mJBm,7,6,13,0.54
mJBn,11,11,22,0.5
mJBs,3,4,7,0.43
mJBt,1,1,2,0.5
mJDB,0,6,6,0.0
mJDH,1,2,3,0.33
mJDL,1,0,1,1.0
mJDM,0,1,1,0.0
mJDN,1,2,3,0.33
mJDP,1,1,2,0.5
mJDS,1,1,2,0.5
mJDb,2,1,3,0.67
mJDm,0,0,0,
mJDn,1,0,1,1.0
mJDs,1,1,2,0.5
mJDt,1,0,1,1.0
mJHB,1,5,6,0.17
mJHD,0,1,1,0.0
mJHH,0,1,1,0.0
mJHK,0,3,3,0.0
mJHL,1,1,2,0.5
mJHM,5,6,11,0.45
mJHN,5,6,11,0.45
mJHP,8,9,17,0.47
mJHS,6,12,18,0.33
mJHb,7,9,16,0.44
mJHh,2,3,5,0.4
mJHl,2,0,2,1.0
mJHm,9,6,15,0.6
mJHn,2,5,7,0.29
mJHs,3,4,7,0.43
mJIB,2,1,3,0.67
mJIH,1,0,1,1.0
mJII,0,1,1,0.0
mJIL,0,2,2,0.0
mJIM,1,0,1,1.0
mJIN,2,0,2,1.0
mJIP,3,0,3,1.0
mJIb,3,3,6,0.5
mJIl,0,1,1,0.0
mJIn,0,1,1,0.0
mJIs,0,2,2,0.0
mJKH,1,1,2,0.5
mJKM,2,2,4,0.5
mJKN,1,0,1,1.0
mJKP,4,3,7,0.57
mJKS,2,0,2,1.0
mJKh,1,2,3,0.33
mJKm,2,1,3,0.67
mJKn,1,0,1,1.0
mJKs,1,0,1,1.0
mJLB,5,4,9,0.56
mJLD,1,1,2,0.5
mJLK,0,1,1,0.0
mJLL,3,2,5,0.6
mJLM,3,4,7,0.43
mJLN,3,5,8,0.38
mJLP,3,5,8,0.38
mJLS,4,5,9,0.44
mJLb,5,2,7,0.71
mJLh,1,3,4,0.25
mJLj,1,0,1,1.0
mJLl,3,1,4,0.75
mJLm,5,6,11,0.45
mJLn,4,10,14,0.29
mJLs,4,2,6,0.67
mJLt,0,1,1,0.0
mJMB,3,8,11,0.27
mJMD,3,3,6,0.5
mJML,7,5,12,0.58
mJMM,9,8,17,0.53
mJMN,8,18,26,0.31
mJMP,13,16,29,0.45
mJMS,9,8,17,0.53
mJMb,6,8,14,0.43
mJMh,6,10,16,0.38
mJMj,3,0,3,1.0
mJMl,1,5,6,0.17
mJMm,21,14,35,0.6
mJMn,22,11,33,0.67
mJMs,5,8,13,0.38
mJMt,1,1,2,0.5
mJNB,7,5,12,0.58
mJND,2,1,3,0.67
mJNH,2,3,5,0.4
mJNK,1,1,2,0.5
mJNL,4,3,7,0.57
mJNM,13,18,31,0.42
mJNN,16,15,31,0.52
mJNP,14,28,42,0.33
mJNS,5,6,11,0.45
mJNb,9,14,23,0.39
mJNh,7,3,10,0.7
mJNl,3,7,10,0.3
mJNm,10,8,18,0.56
mJNn,19,13,32,0.59
mJNs,3,9,12,0.25
mJNt,2,2,4,0.5
mJPB,19,10,29,0.66
mJPD,3,0,3,1.0
mJPH,5,3,8,0.62
mJPI,0,3,3,0.0
mJPK,2,2,4,0.5
mJPL,7,8,15,0.47
mJPM,19,18,37,0.51
mJPN,20,20,40,0.5
mJPP,20,16,36,0.56
mJPS,15,12,27,0.56
mJPb,13,11,24,0.54
mJPh,2,2,4,0.5
mJPl,8,7,15,0.53
mJPm,12,12,24,0.5
mJPn,15,15,30,0.5
mJPs,14,11,25,0.56
mJPt,0,1,1,0.0
mJSB,3,8,11,0.27
mJSD,1,1,2,0.5
mJSH,3,7,10,0.3
mJSI,1,1,2,0.5
mJSL,5,2,7,0.71
mJSM,9,8,17,0.53
mJSN,7,8,15,0.47
mJSP,6,9,15,0.4
mJSS,6,3,9,0.67
mJSb,8,7,15,0.53
mJSh,6,3,9,0.67
mJSl,1,1,2,0.5
mJSm,6,4,10,0.6
mJSn,4,15,19,0.21
mJSs,6,6,12,0.5
mJSt,1,1,2,0.5
mJbB,16,16,32,0.5
mJbD,0,0,0,
mJbH,2,1,3,0.67
mJbI,0,1,1,0.0
mJbJ,1,6,7,0.14
mJbK,1,2,3,0.33
mJbL,4,5,9,0.44
mJbM,15,14,29,0.52
mJbN,13,14,27,0.48
mJbP,12,10,22,0.55
mJbS,7,4,11,0.64
mJbb,11,8,19,0.58
mJbl,6,4,10,0.6
mJbm,14,7,21,0.67
mJbn,13,10,23,0.57
mJbs,7,2,9,0.78
mJhH,1,0,1,1.0
mJhL,1,0,1,1.0
mJhM,1,1,2,0.5
mJhN,0,1,1,0.0
mJhP,4,0,4,1.0
mJhS,0,1,1,0.0
mJhh,1,0,1,1.0
mJhl,1,0,1,1.0
mJhm,2,1,3,0.67
mJhs,1,0,1,1.0
mJlB,5,2,7,0.71
mJlD,0,1,1,0.0
mJlH,0,2,2,0.0
mJlI,1,0,1,1.0
mJlJ,0,1,1,0.0
mJlK,1,0,1,1.0
mJlL,1,3,4,0.25
mJlM,5,3,8,0.62
mJlN,1,8,9,0.11
mJlP,8,8,16,0.5
mJlS,2,3,5,0.4
mJlb,6,6,12,0.5
mJll,1,0,1,1.0
mJlm,4,4,8,0.5
mJln,5,4,9,0.56
mJls,0,2,2,0.0
mJmB,13,10,23,0.57
mJmD,1,1,2,0.5
mJmH,4,5,9,0.44
mJmI,0,0,0,
mJmJ,2,2,4,0.5
mJmK,1,0,1,1.0
mJmL,5,6,11,0.45
mJmM,12,7,19,0.63
mJmN,11,10,21,0.52
mJmP,11,10,21,0.52
mJmS,8,3,11,0.73
mJmb,14,8,22,0.64
mJmh,0,0,0,
mJml,5,2,7,0.71
mJmm,13,14,27,0.48
mJmn,13,8,21,0.62
mJms,7,5,12,0.58
mJnB,10,8,18,0.56
mJnD,3,1,4,0.75
mJnH,2,8,10,0.2
mJnI,0,4,4,0.0
mJnL,4,7,11,0.36
mJnM,8,9,17,0.47
mJnN,18,14,32,0.56
mJnP,18,15,33,0.55
mJnS,5,5,10,0.5
mJnb,13,5,18,0.72
mJnl,2,3,5,0.4
mJnm,6,13,19,0.32
mJnn,14,11,25,0.56
mJns,13,9,22,0.59
mJsB,5,6,11,0.45
mJsD,4,1,5,0.8
mJsH,5,4,9,0.56
mJsI,0,1,1,0.0
mJsK,0,1,1,0.0
mJsL,3,3,6,0.5
mJsM,9,15,24,0.38
mJsN,7,10,17,0.41
mJsP,12,5,17,0.71
mJsS,6,10,16,0.38
mJsb,6,5,11,0.55
mJsl,2,3,5,0.4
mJsm,10,6,16,0.62
mJsn,9,12,21,0.43
mJss,4,7,11,0.36
mJst,1,0,1,1.0
mJtB,3,0,3,1.0
mJtD,1,0,1,1.0
mJtL,0,1,1,0.0
mJtM,2,3,5,0.4
mJtN,6,1,7,0.86
mJtP,1,2,3,0.33
mJtS,1,1,2,0.5
mJtl,1,2,3,0.33
mJtm,3,0,3,1.0
mJtn,1,3,4,0.25
mJts,2,0,2,1.0
mKBM,0,1,1,0.0
mKBN,3,0,3,1.0
mKBP,1,0,1,1.0
mKBS,0,1,1,0.0
mKBb,2,0,2,1.0
mKBj,1,0,1,1.0
mKBm,2,0,2,1.0
mKBn,0,0,0,
mKBs,1,0,1,1.0
mKDB,1,0,1,1.0
mKDD,1,0,1,1.0
mKDP,1,0,1,1.0
mKDh,1,0,1,1.0
mKDs,0,2,2,0.0
mKHP,0,2,2,0.0
mKHS,1,0,1,1.0
mKHh,0,1,1,0.0
mKIB,1,0,1,1.0
mKID,0,0,0,
mKIH,0,1,1,0.0
mKIS,0,2,2,0.0
mKIn,1,0,1,1.0
mKIs,1,0,1,1.0
mKLB,0,1,1,0.0
mKLM,1,1,2,0.5
mKLh,0,1,1,0.0
mKLl,0,1,1,0.0
mKLn,0,1,1,0.0
mKLs,0,1,1,0.0
mKMM,1,2,3,0.33
mKMN,3,0,3,1.0
mKMP,0,1,1,0.0
mKMS,1,0,1,1.0
mKMn,1,0,1,1.0
mKMs,0,1,1,0.0
mKMt,1,0,1,1.0
mKNB,1,0,1,1.0
mKNI,0,1,1,0.0
mKNL,0,1,1,0.0
mKNM,0,1,1,0.0
mKNP,1,1,2,0.5
mKNS,0,1,1,0.0
mKNb,0,1,1,0.0
mKNn,0,1,1,0.0
mKNs,1,0,1,1.0
mKNt,0,0,0,
mKPB,0,2,2,0.0
mKPD,0,0,0,
mKPM,1,0,1,1.0
mKPN,1,1,2,0.5
mKPS,0,2,2,0.0
mKPb,2,0,2,1.0
mKPh,1,0,1,1.0
mKPm,0,0,0,
mKPs,0,0,0,
mKSB,0,1,1,0.0
mKSD,0,0,0,
mKSM,0,2,2,0.0
mKSP,0,2,2,0.0
mKSb,1,0,1,1.0
mKSh,1,0,1,1.0
mKSl,1,0,1,1.0
mKSm,1,1,2,0.5
mKSn,2,0,2,1.0
mKSs,0,1,1,0.0
mKbB,0,2,2,0.0
mKbD,0,1,1,0.0
mKbJ,0,1,1,0.0
mKbK,1,1,2,0.5
mKbM,1,1,2,0.5
mKbN,1,0,1,1.0
mKbP,1,1,2,0.5
mKbS,0,2,2,0.0
mKbb,1,1,2,0.5
mKbm,1,0,1,1.0
mKbn,1,4,5,0.2
mKbs,0,1,1,0.0
mKhB,1,1,2,0.5
mKhM,0,3,3,0.0
mKhP,0,1,1,0.0
mKhb,1,0,1,1.0
mKhh,0,0,0,
mKhl,0,2,2,0.0
mKhm,1,0,1,1.0
mKhn,1,0,1,1.0
mKlH,1,0,1,1.0
mKlJ,0,1,1,0.0
mKlL,1,0,1,1.0
mKlM,1,0,1,1.0
mKlN,2,2,4,0.5
mKlP,0,1,1,0.0
mKlS,0,0,0,
mKlm,1,0,1,1.0
mKln,1,0,1,1.0
mKmB,1,2,3,0.33
mKmD,0,0,0,
mKmH,1,0,1,1.0
mKmL,0,0,0,
mKmM,1,1,2,0.5
mKmN,0,1,1,0.0
mKmP,0,1,1,0.0
mKmb,0,1,1,0.0
mKmh,0,0,0,
mKml,1,1,2,0.5
mKmm,1,2,3,0.33
mKmn,5,1,6,0.83
mKms,0,1,1,0.0
mKnB,1,1,2,0.5
mKnI,0,1,1,0.0
mKnM,1,2,3,0.33
mKnP,0,0,0,
mKnS,0,1,1,0.0
mKnb,0,0,0,
mKnm,0,1,1,0.0
mKnn,1,0,1,1.0
mKsB,1,1,2,0.5
mKsD,1,0,1,1.0
mKsH,1,0,1,1.0
mKsL,0,1,1,0.0
mKsM,1,1,2,0.5
mKsP,1,0,1,1.0
mKsS,0,1,1,0.0
mKsm,1,0,1,1.0
mKsn,0,1,1,0.0
mKtB,1,0,1,1.0
mKtP,1,0,1,1.0
mKtm,1,0,1,1.0
mLBB,24,18,42,0.57
mLBD,2,2,4,0.5
mLBH,0,1,1,0.0
mLBK,0,2,2,0.0
mLBL,4,6,10,0.4
mLBM,14,14,28,0.5
mLBN,17,15,32,0.53
mLBP,22,22,44,0.5
mLBS,6,12,18,0.33
mLBb,16,10,26,0.62
mLBh,1,1,2,0.5
mLBj,3,3,6,0.5
mLBl,8,4,12,0.67
mLBm,24,10,34,0.71
mLBn,15,13,28,0.54
mLBs,9,4,13,0.69
mLBt,2,1,3,0.67
mLDB,3,1,4,0.75
mLDD,3,0,3,1.0
mLDH,2,5,7,0.29
mLDI,1,0,1,1.0
mLDL,0,2,2,0.0
mLDN,3,2,5,0.6
mLDP,7,3,10,0.7
mLDS,4,3,7,0.57
mLDb,1,2,3,0.33
mLDl,0,1,1,0.0
mLDm,1,4,5,0.2
mLDn,4,2,6,0.67
mLDs,1,1,2,0.5
mLDt,0,1,1,0.0
mLHL,1,1,2,0.5
mLHP,1,0,1,1.0
mLHS,0,0,0,
mLHm,1,1,2,0.5
mLHn,0,0,0,
mLHs,0,0,0,
mLIM,1,0,1,1.0
mLKB,1,0,1,1.0
mLKM,0,1,1,0.0
mLKN,1,1,2,0.5
mLKP,1,2,3,0.33
mLKS,0,1,1,0.0
mLKb,1,0,1,1.0
mLKh,1,0,1,1.0
mLKl,0,1,1,0.0
mLKm,1,3,4,0.25
mLKn,1,2,3,0.33
mLKs,0,0,0,
mLLB,6,6,12,0.5
mLLL,1,2,3,0.33
mLLM,5,2,7,0.71
mLLN,8,6,14,0.57
mLLP,15,8,23,0.65
mLLS,5,7,12,0.42
mLLb,7,6,13,0.54
mLLh,3,3,6,0.5
mLLj,1,2,3,0.33
mLLl,2,1,3,0.67
mLLm,13,5,18,0.72
mLLn,12,5,17,0.71
mLLs,5,3,8,0.62
mLLt,1,0,1,1.0
mLMB,20,13,33,0.61
mLMD,4,2,6,0.67
mLML,5,4,9,0.56
mLMM,18,17,35,0.51
mLMN,22,14,36,0.61
mLMP,23,24,47,0.49
mLMS,9,9,18,0.5
mLMb,17,18,35,0.49
mLMh,19,18,37,0.51
mLMj,4,7,11,0.36
mLMl,9,8,17,0.53
mLMm,20,14,34,0.59
mLMn,32,31,63,0.51
mLMs,15,16,31,0.48
mLMt,3,6,9,0.33
mLNB,15,22,37,0.41
mLND,2,3,5,0.4
mLNH,4,3,7,0.57
mLNK,1,1,2,0.5
mLNL,5,4,9,0.56
mLNM,13,20,33,0.39
mLNN,16,25,41,0.39
mLNP,25,33,58,0.43
mLNS,18,12,30,0.6
mLNb,21,20,41,0.51
mLNh,9,19,28,0.32
mLNl,8,7,15,0.53
mLNm,20,11,31,0.65
mLNn,28,27,55,0.51
mLNs,12,15,27,0.44
mLNt,4,4,8,0.5
mLPB,24,16,40,0.6
mLPD,2,1,3,0.67
mLPH,4,7,11,0.36
mLPI,2,0,2,1.0
mLPK,3,3,6,0.5
mLPL,16,6,22,0.73
mLPM,16,30,46,0.35
mLPN,27,32,59,0.46
mLPP,47,42,89,0.53
mLPS,18,19,37,0.49
mLPb,19,26,45,0.42
mLPh,4,2,6,0.67
mLPl,11,9,20,0.55
mLPm,23,18,41,0.56
mLPn,21,23,44,0.48
mLPs,22,11,33,0.67
mLPt,3,2,5,0.6
mLSB,8,9,17,0.47
mLSD,5,2,7,0.71
mLSH,3,4,7,0.43
mLSI,1,0,1,1.0
mLSK,0,0,0,
mLSL,4,8,12,0.33
mLSM,15,15,30,0.5
mLSN,9,12,21,0.43
mLSP,21,20,41,0.51
mLSS,5,8,13,0.38
mLSb,15,14,29,0.52
mLSh,7,8,15,0.47
mLSl,6,8,14,0.43
mLSm,14,14,28,0.5
mLSn,10,16,26,0.38
mLSs,17,8,25,0.68
mLSt,1,0,1,1.0
mLbB,13,15,28,0.46
mLbD,0,2,2,0.0
mLbH,6,4,10,0.6
mLbI,2,1,3,0.67
mLbJ,4,7,11,0.36
mLbK,2,0,2,1.0
mLbL,4,10,14,0.29
mLbM,13,19,32,0.41
mLbN,22,28,50,0.44
mLbP,19,28,47,0.4
mLbS,4,13,17,0.24
mLbb,22,19,41,0.54
mLbl,7,2,9,0.78
mLbm,13,7,20,0.65
mLbn,20,14,34,0.59
mLbs,9,9,18,0.5
mLhB,3,10,13,0.23
mLhD,1,0,1,1.0
mLhH,1,3,4,0.25
mLhI,0,0,0,
mLhL,2,5,7,0.29
mLhM,7,5,12,0.58
mLhN,6,13,19,0.32
mLhP,8,12,20,0.4
mLhS,7,11,18,0.39
mLhb,10,8,18,0.56
mLhh,5,7,12,0.42
mLhl,6,3,9,0.67
mLhm,9,12,21,0.43
mLhn,14,16,30,0.47
mLhs,14,7,21,0.67
mLht,1,2,3,0.33
mLjB,3,1,4,0.75
mLjD,1,0,1,1.0
mLjH,1,1,2,0.5
mLjI,0,1,1,0.0
mLjK,0,1,1,0.0
mLjL,1,0,1,1.0
mLjM,3,1,4,0.75
mLjN,6,9,15,0.4
mLjP,8,10,18,0.44
mLjS,4,4,8,0.5
mLjb,6,6,12,0.5
mLjl,3,1,4,0.75
mLjm,11,6,17,0.65
mLjn,7,1,8,0.88
mLjs,3,3,6,0.5
mLjt,0,1,1,0.0
mLlB,9,2,11,0.82
mLlD,2,0,2,1.0
mLlH,9,4,13,0.69
mLlI,1,0,1,1.0
mLlJ,3,3,6,0.5
mLlL,2,3,5,0.4
mLlM,12,9,21,0.57
mLlN,7,10,17,0.41
mLlP,10,6,16,0.62
mLlS,9,8,17,0.53
mLlb,5,6,11,0.45
mLll,2,1,3,0.67
mLlm,6,7,13,0.46
mLln,9,7,16,0.56
mLls,7,8,15,0.47
mLmB,14,13,27,0.52
mLmD,8,3,11,0.73
mLmH,13,12,25,0.52
mLmI,0,2,2,0.0
mLmJ,3,4,7,0.43
mLmL,11,7,18,0.61
mLmM,19,18,37,0.51
mLmN,22,29,51,0.43
mLmP,21,21,42,0.5
mLmS,15,15,30,0.5
mLmb,12,9,21,0.57
mLml,9,10,19,0.47
mLmm,13,13,26,0.5
mLmn,24,22,46,0.52
mLms,10,8,18,0.56
mLnB,23,14,37,0.62
mLnD,6,7,13,0.46
mLnH,23,16,39,0.59
mLnI,2,0,2,1.0
mLnK,2,2,4,0.5
mLnL,9,7,16,0.56
mLnM,19,18,37,0.51
mLnN,41,31,72,0.57
mLnP,41,41,82,0.5
mLnS,24,33,57,0.42
mLnb,20,24,44,0.45
mLnh,0,4,4,0.0
mLnl,7,8,15,0.47
mLnm,26,21,47,0.55
mLnn,41,28,69,0.59
mLns,21,18,39,0.54
mLnt,0,1,1,0.0
mLsB,6,7,13,0.46
mLsD,2,3,5,0.4
mLsH,17,11,28,0.61
mLsI,3,1,4,0.75
mLsK,1,0,1,1.0
mLsL,7,8,15,0.47
mLsM,13,16,29,0.45
mLsN,11,10,21,0.52
mLsP,8,19,27,0.3
mLsS,18,16,34,0.53
mLsb,11,11,22,0.5
mLsh,0,0,0,
mLsl,6,2,8,0.75
mLsm,12,15,27,0.44
mLsn,13,13,26,0.5
mLss,10,11,21,0.48
mLtB,2,1,3,0.67
mLtD,1,1,2,0.5
mLtH,3,1,4,0.75
mLtL,1,3,4,0.25
mLtM,2,4,6,0.33
mLtN,4,6,10,0.4
mLtP,3,1,4,0.75
mLtS,2,1,3,0.67
mLtb,2,3,5,0.4
mLth,0,1,1,0.0
mLtl,1,1,2,0.5
mLtm,2,2,4,0.5
mLtn,6,4,10,0.6
mLts,0,1,1,0.0
mLtt,0,1,1,0.0
mMBB,45,41,86,0.52
mMBD,7,8,15,0.47
mMBK,6,5,11,0.55
mMBL,6,16,22,0.27
mMBM,36,39,75,0.48
mMBN,56,65,121,0.46
mMBP,57,37,94,0.61
mMBS,21,28,49,0.43
mMBb,36,50,86,0.42
mMBh,2,5,7,0.29
mMBj,8,12,20,0.4
mMBl,13,10,23,0.57
mMBm,43,48,91,0.47
mMBn,70,60,130,0.54
mMBs,17,25,42,0.4
mMBt,2,6,8,0.25
mMDB,13,10,23,0.57
mMDD,2,4,6,0.33
mMDH,12,17,29,0.41
mMDI,1,0,1,1.0
mMDL,2,0,2,1.0
mMDM,12,11,23,0.52
mMDN,11,7,18,0.61
mMDP,8,11,19,0.42
mMDS,8,15,23,0.35
mMDb,7,3,10,0.7
mMDl,3,1,4,0.75
mMDm,7,12,19,0.37
mMDn,12,11,23,0.52
mMDs,9,8,17,0.53
mMDt,1,1,2,0.5
mMHD,1,0,1,1.0
mMHK,0,0,0,
mMHM,1,0,1,1.0
mMHP,1,0,1,1.0
mMHS,0,2,2,0.0
mMHb,0,1,1,0.0
mMHm,1,0,1,1.0
mMIB,1,1,2,0.5
mMIN,1,0,1,1.0
mMIS,1,0,1,1.0
mMIm,3,0,3,1.0
mMIs,1,0,1,1.0
mMKB,0,1,1,0.0
mMKH,0,1,1,0.0
mMKL,0,1,1,0.0
mMKM,1,0,1,1.0
mMKN,1,2,3,0.33
mMKP,2,0,2,1.0
mMKS,0,1,1,0.0
mMKb,0,0,0,
mMKh,1,1,2,0.5
mMKl,0,1,1,0.0
mMKn,1,1,2,0.5
mMLB,12,12,24,0.5
mMLD,1,2,3,0.33
mMLL,4,2,6,0.67
mMLM,18,11,29,0.62
mMLN,16,18,34,0.47
mMLP,21,25,46,0.46
mMLS,7,10,17,0.41
mMLb,21,13,34,0.62
mMLh,8,7,15,0.53
mMLj,5,4,9,0.56
mMLl,5,5,10,0.5
mMLm,15,15,30,0.5
mMLn,20,16,36,0.56
mMLs,13,8,21,0.62
mMLt,3,1,4,0.75
mMMB,63,52,115,0.55
mMMD,18,8,26,0.69
mMMH,2,3,5,0.4
mMMK,1,1,2,0.5
mMML,11,13,24,0.46
mMMM,51,49,100,0.51
mMMN,67,69,136,0.49
mMMP,57,67,124,0.46
mMMS,25,36,61,0.41
mMMb,60,46,106,0.57
mMMh,47,54,101,0.47
mMMj,12,15,27,0.44
mMMl,17,13,30,0.57
mMMm,73,54,127,0.57
mMMn,95,86,181,0.52
mMMs,30,33,63,0.48
mMMt,12,9,21,0.57
mMNB,39,57,96,0.41
mMND,9,17,26,0.35
mMNH,14,7,21,0.67
mMNI,2,0,2,1.0
mMNK,7,7,14,0.5
mMNL,15,13,28,0.54
mMNM,36,61,97,0.37
mMNN,99,85,184,0.54
mMNP,97,95,192,0.51
mMNS,55,53,108,0.51
mMNb,54,48,102,0.53
mMNh,30,21,51,0.59
mMNl,17,23,40,0.42
mMNm,67,45,112,0.6
mMNn,115,93,208,0.55
mMNs,34,35,69,0.49
mMNt,11,8,19,0.58
mMPB,56,54,110,0.51
mMPD,9,12,21,0.43
mMPH,16,28,44,0.36
mMPI,7,9,16,0.44
mMPK,10,11,21,0.48
mMPL,15,21,36,0.42
mMPM,54,75,129,0.42
mMPN,76,105,181,0.42
mMPP,114,105,219,0.52
mMPS,61,54,115,0.53
mMPb,57,62,119,0.48
mMPh,7,11,18,0.39
mMPl,34,33,67,0.51
mMPm,92,67,159,0.58
mMPn,76,88,164,0.46
mMPs,48,40,88,0.55
mMPt,4,5,9,0.44
mMSB,33,30,63,0.52
mMSD,8,4,12,0.67
mMSH,17,20,37,0.46
mMSI,0,1,1,0.0
mMSK,2,0,2,1.0
mMSL,9,12,21,0.43
mMSM,46,35,81,0.57
mMSN,45,37,82,0.55
mMSP,62,36,98,0.63
mMSS,37,43,80,0.46
mMSb,33,28,61,0.54
mMSh,24,20,44,0.55
mMSl,18,12,30,0.6
mMSm,49,37,86,0.57
mMSn,42,44,86,0.49
mMSs,32,41,73,0.44
mMSt,5,8,13,0.38
mMbB,55,54,109,0.5
mMbD,4,3,7,0.57
mMbH,15,16,31,0.48
mMbI,4,8,12,0.33
mMbJ,8,15,23,0.35
mMbK,10,10,20,0.5
mMbL,8,16,24,0.33
mMbM,62,60,122,0.51
mMbN,79,73,152,0.52
mMbP,72,52,124,0.58
mMbS,28,52,80,0.35
mMbb,63,47,110,0.57
mMbl,17,14,31,0.55
mMbm,50,32,82,0.61
mMbn,65,66,131,0.5
mMbs,23,23,46,0.5
mMhB,23,37,60,0.38
mMhD,8,8,16,0.5
mMhH,15,14,29,0.52
mMhI,5,1,6,0.83
mMhK,2,1,3,0.67
mMhL,11,10,21,0.52
mMhM,44,61,105,0.42
mMhN,56,55,111,0.5
mMhP,55,76,131,0.42
mMhS,55,42,97,0.57
mMhb,34,42,76,0.45
mMhh,37,41,78,0.47
mMhl,25,13,38,0.66
mMhm,53,42,95,0.56
mMhn,58,46,104,0.56
mMhs,38,47,85,0.45
mMht,6,9,15,0.4
mMjB,11,8,19,0.58
mMjD,3,3,6,0.5
mMjH,1,5,6,0.17
mMjI,0,1,1,0.0
mMjK,1,1,2,0.5
mMjL,7,5,12,0.58
mMjM,9,15,24,0.38
mMjN,15,14,29,0.52
mMjP,20,26,46,0.43
mMjS,13,13,26,0.5
mMjb,13,7,20,0.65
mMjh,1,1,2,0.5
mMjl,4,5,9,0.44
mMjm,15,13,28,0.54
mMjn,15,14,29,0.52
mMjs,5,5,10,0.5
mMjt,1,2,3,0.33
mMlB,13,16,29,0.45
mMlD,2,2,4,0.5
mMlH,13,23,36,0.36
mMlI,2,2,4,0.5
mMlJ,5,7,12,0.42
mMlK,1,2,3,0.33
mMlL,3,5,8,0.38
mMlM,14,27,41,0.34
mMlN,25,26,51,0.49
mMlP,24,25,49,0.49
mMlS,11,15,26,0.42
mMlb,15,15,30,0.5
mMlh,0,1,1,0.0
mMll,10,8,18,0.56
mMlm,13,10,23,0.57
mMln,30,24,54,0.56
mMls,14,9,23,0.61
mMmB,43,52,95,0.45
mMmD,24,18,42,0.57
mMmH,47,68,115,0.41
mMmI,5,7,12,0.42
mMmJ,12,13,25,0.48
mMmK,0,0,0,
mMmL,20,15,35,0.57
mMmM,55,67,122,0.45
mMmN,81,94,175,0.46
mMmP,76,94,170,0.45
mMmS,43,53,96,0.45
mMmb,50,44,94,0.53
mMmh,0,2,2,0.0
mMml,14,10,24,0.58
mMmm,52,58,110,0.47
mMmn,66,57,123,0.54
mMms,29,34,63,0.46
mMnB,60,57,117,0.51
mMnD,11,11,22,0.5
mMnH,48,65,113,0.42
mMnI,10,12,22,0.45
mMnK,4,9,13,0.31
mMnL,25,13,38,0.66
mMnM,85,82,167,0.51
mMnN,125,134,259,0.48
mMnP,125,148,273,0.46
mMnS,51,80,131,0.39
mMnb,83,55,138,0.6
mMnh,2,4,6,0.33
mMnl,30,20,50,0.6
mMnm,99,66,165,0.6
mMnn,137,122,259,0.53
mMns,51,62,113,0.45
mMsB,21,35,56,0.38
mMsD,10,10,20,0.5
mMsH,32,50,82,0.39
mMsI,2,6,8,0.25
mMsK,3,0,3,1.0
mMsL,5,11,16,0.31
mMsM,41,36,77,0.53
mMsN,52,42,94,0.55
mMsP,41,59,100,0.41
mMsS,40,49,89,0.45
mMsb,28,29,57,0.49
mMsh,2,0,2,1.0
mMsl,14,11,25,0.56
mMsm,42,32,74,0.57
mMsn,43,50,93,0.46
mMss,30,34,64,0.47
mMst,1,1,2,0.5
mMtB,5,9,14,0.36
mMtD,1,0,1,1.0
mMtH,7,9,16,0.44
mMtI,0,1,1,0.0
mMtK,2,0,2,1.0
mMtL,2,3,5,0.4
mMtM,10,3,13,0.77
mMtN,11,11,22,0.5
mMtP,13,14,27,0.48
mMtS,8,9,17,0.47
mMtb,7,9,16,0.44
mMth,1,0,1,1.0
mMtl,1,2,3,0.33
mMtm,9,10,19,0.47
mMtn,9,15,24,0.38
mMts,7,5,12,0.58
mMtt,1,1,2,0.5
mNBB,40,43,83,0.48
mNBD,7,9,16,0.44
mNBH,1,0,1,1.0
mNBK,7,6,13,0.54
mNBL,14,15,29,0.48
mNBM,34,49,83,0.41
mNBN,55,54,109,0.5
mNBP,51,60,111,0.46
mNBS,19,33,52,0.37
mNBb,48,41,89,0.54
mNBh,8,12,20,0.4
mNBj,6,9,15,0.4
mNBl,21,17,38,0.55
mNBm,31,45,76,0.41
mNBn,76,72,148,0.51
mNBs,24,21,45,0.53
mNBt,15,3,18,0.83
mNDB,6,9,15,0.4
mNDD,4,4,8,0.5
mNDH,9,12,21,0.43
mNDI,2,3,5,0.4
mNDK,1,1,2,0.5
mNDL,2,3,5,0.4
mNDM,11,13,24,0.46
mNDN,12,14,26,0.46
mNDP,11,10,21,0.52
mNDS,4,13,17,0.24
mNDb,3,2,5,0.6
mNDh,1,0,1,1.0
mNDl,4,4,8,0.5
mNDm,8,13,21,0.38
mNDn,10,12,22,0.45
mNDs,5,4,9,0.56
mNDt,1,2,3,0.33
mNHB,9,6,15,0.6
mNHD,2,1,3,0.67
mNHH,2,6,8,0.25
mNHI,1,2,3,0.33
mNHK,2,1,3,0.67
mNHL,8,2,10,0.8
mNHM,10,10,20,0.5
mNHN,26,19,45,0.58
mNHP,11,22,33,0.33
mNHS,15,15,30,0.5
mNHb,16,5,21,0.76
mNHh,2,3,5,0.4
mNHl,3,3,6,0.5
mNHm,16,8,24,0.67
mNHn,21,13,34,0.62
mNHs,10,10,20,0.5
mNII,0,1,1,0.0
mNIL,1,0,1,1.0
mNIN,1,0,1,1.0
mNIP,1,0,1,1.0
mNIS,0,1,1,0.0
mNIb,0,2,2,0.0
mNIl,1,0,1,1.0
mNKB,4,6,10,0.4
mNKD,0,1,1,0.0
mNKH,1,0,1,1.0
mNKI,0,0,0,
mNKL,2,3,5,0.4
mNKM,5,3,8,0.62
mNKN,7,8,15,0.47
mNKP,10,9,19,0.53
mNKS,2,4,6,0.33
mNKb,4,5,9,0.44
mNKh,3,5,8,0.38
mNKl,2,1,3,0.67
mNKm,10,4,14,0.71
mNKn,11,2,13,0.85
mNKs,5,6,11,0.45
mNKt,1,0,1,1.0
mNLB,17,23,40,0.42
mNLD,1,2,3,0.33
mNLL,4,10,14,0.29
mNLM,11,20,31,0.35
mNLN,18,26,44,0.41
mNLP,25,25,50,0.5
mNLS,9,10,19,0.47
mNLb,21,21,42,0.5
mNLh,11,4,15,0.73
mNLj,2,10,12,0.17
mNLl,4,6,10,0.4
mNLm,16,12,28,0.57
mNLn,32,37,69,0.46
mNLs,11,9,20,0.55
mNLt,6,2,8,0.75
mNMB,46,40,86,0.53
mNMD,9,3,12,0.75
mNMK,2,2,4,0.5
mNML,16,20,36,0.44
mNMM,49,50,99,0.49
mNMN,61,82,143,0.43
mNMP,84,98,182,0.46
mNMS,37,38,75,0.49
mNMb,63,47,110,0.57
mNMh,36,55,91,0.4
mNMj,9,16,25,0.36
mNMl,23,16,39,0.59
mNMm,66,70,136,0.49
mNMn,112,83,195,0.57
mNMs,37,34,71,0.52
mNMt,10,9,19,0.53
mNNB,56,58,114,0.49
mNND,13,14,27,0.48
mNNH,18,15,33,0.55
mNNI,2,0,2,1.0
mNNK,6,8,14,0.43
mNNL,22,18,40,0.55
mNNM,81,82,163,0.5
mNNN,110,136,246,0.45
mNNP,112,134,246,0.46
mNNS,60,60,120,0.5
mNNb,77,68,145,0.53
mNNh,28,30,58,0.48
mNNl,17,25,42,0.4
mNNm,79,55,134,0.59
mNNn,126,147,273,0.46
mNNs,61,59,120,0.51
mNNt,16,19,35,0.46
mNPB,76,70,146,0.52
mNPD,11,9,20,0.55
mNPH,33,42,75,0.44
mNPI,9,10,19,0.47
mNPK,7,11,18,0.39
mNPL,42,29,71,0.59
mNPM,81,107,188,0.43
mNPN,110,147,257,0.43
mNPP,155,166,321,0.48
mNPS,89,82,171,0.52
mNPb,91,89,180,0.51
mNPh,12,9,21,0.57
mNPl,39,37,76,0.51
mNPm,108,96,204,0.53
mNPn,121,126,247,0.49
mNPs,72,76,148,0.49
mNPt,8,6,14,0.57
mNSB,42,34,76,0.55
mNSD,8,13,21,0.38
mNSH,18,16,34,0.53
mNSI,2,0,2,1.0
mNSK,0,1,1,0.0
mNSL,16,16,32,0.5
mNSM,45,48,93,0.48
mNSN,43,54,97,0.44
mNSP,70,70,140,0.5
mNSS,66,45,111,0.59
mNSb,39,39,78,0.5
mNSh,36,33,69,0.52
mNSl,16,16,32,0.5
mNSm,49,39,88,0.56
mNSn,69,68,137,0.5
mNSs,56,41,97,0.58
mNSt,8,9,17,0.47
mNbB,39,43,82,0.48
mNbD,7,8,15,0.47
mNbH,15,23,38,0.39
mNbI,4,5,9,0.44
mNbJ,15,10,25,0.6
mNbK,4,4,8,0.5
mNbL,25,8,33,0.76
mNbM,51,67,118,0.43
mNbN,94,73,167,0.56
mNbP,83,67,150,0.55
mNbS,29,43,72,0.4
mNbb,47,60,107,0.44
mNbl,13,11,24,0.54
mNbm,46,32,78,0.59
mNbn,67,55,122,0.55
mNbs,30,31,61,0.49
mNhB,16,11,27,0.59
mNhD,2,4,6,0.33
mNhH,7,1,8,0.88
mNhI,2,1,3,0.67
mNhK,0,1,1,0.0
mNhL,2,4,6,0.33
mNhM,11,19,30,0.37
mNhN,15,17,32,0.47
mNhP,28,21,49,0.57
mNhS,17,15,32,0.53
mNhb,20,14,34,0.59
mNhh,15,18,33,0.45
mNhl,5,2,7,0.71
mNhm,18,10,28,0.64
mNhn,19,22,41,0.46
mNhs,15,19,34,0.44
mNht,1,3,4,0.25
mNlB,15,15,30,0.5
mNlD,1,3,4,0.25
mNlH,9,9,18,0.5
mNlI,1,2,3,0.33
mNlJ,4,10,14,0.29
mNlL,7,8,15,0.47
mNlM,23,19,42,0.55
mNlN,30,29,59,0.51
mNlP,27,21,48,0.56
mNlS,15,16,31,0.48
mNlb,24,26,50,0.48
mNll,6,16,22,0.27
mNlm,13,19,32,0.41
mNln,29,34,63,0.46
mNls,16,14,30,0.53
mNmB,53,59,112,0.47
mNmD,13,12,25,0.52
mNmH,53,45,98,0.54
mNmI,4,5,9,0.44
mNmJ,13,9,22,0.59
mNmK,1,2,3,0.33
mNmL,14,18,32,0.44
mNmM,55,62,117,0.47
mNmN,62,73,135,0.46
mNmP,82,59,141,0.58
mNmS,42,36,78,0.54
mNmb,59,51,110,0.54
mNml,11,16,27,0.41
mNmm,39,35,74,0.53
mNmn,69,58,127,0.54
mNms,19,25,44,0.43
mNmt,0,0,0,
mNnB,67,67,134,0.5
mNnD,24,18,42,0.57
mNnH,61,54,115,0.53
mNnI,16,11,27,0.59
mNnK,3,11,14,0.21
mNnL,30,33,63,0.48
mNnM,85,103,188,0.45
mNnN,145,168,313,0.46
mNnP,129,138,267,0.48
mNnS,65,71,136,0.48
mNnb,78,75,153,0.51
mNnh,2,4,6,0.33
mNnl,28,19,47,0.6
mNnm,91,83,174,0.52
mNnn,108,124,232,0.47
mNns,78,56,134,0.58
mNnt,0,1,1,0.0
mNsB,36,28,64,0.56
mNsD,12,9,21,0.57
mNsH,40,54,94,0.43
mNsI,7,7,14,0.5
mNsK,1,0,1,1.0
mNsL,12,12,24,0.5
mNsM,45,46,91,0.49
mNsN,42,56,98,0.43
mNsP,45,54,99,0.45
mNsS,50,61,111,0.45
mNsb,35,21,56,0.62
mNsh,2,4,6,0.33
mNsl,15,15,30,0.5
mNsm,36,43,79,0.46
mNsn,58,55,113,0.51
mNss,54,34,88,0.61
mNtB,7,13,20,0.35
mNtD,2,2,4,0.5
mNtH,5,14,19,0.26
mNtK,2,0,2,1.0
mNtL,5,3,8,0.62
mNtM,8,15,23,0.35
mNtN,19,11,30,0.63
mNtP,15,19,34,0.44
mNtS,11,9,20,0.55
mNtb,12,10,22,0.55
mNth,1,0,1,1.0
mNtl,4,3,7,0.57
mNtm,10,13,23,0.43
mNtn,15,8,23,0.65
mNts,6,6,12,0.5
mNtt,0,6,6,0.0
mPBB,55,51,106,0.52
mPBD,4,12,16,0.25
mPBK,4,4,8,0.5
mPBL,19,26,45,0.42
mPBM,61,44,105,0.58
mPBN,59,72,131,0.45
mPBP,73,80,153,0.48
mPBS,35,28,63,0.56
mPBb,62,49,111,0.56
mPBh,6,11,17,0.35
mPBj,10,12,22,0.45
mPBl,22,20,42,0.52
mPBm,77,53,130,0.59
mPBn,76,61,137,0.55
mPBs,40,27,67,0.6
mPBt,8,2,10,0.8
mPDB,6,4,10,0.6
mPDD,3,5,8,0.38
mPDH,9,8,17,0.53
mPDI,1,1,2,0.5
mPDL,2,1,3,0.67
mPDM,11,11,22,0.5
mPDN,14,14,28,0.5
mPDP,13,15,28,0.46
mPDS,5,13,18,0.28
mPDb,8,9,17,0.47
mPDh,1,1,2,0.5
mPDl,9,4,13,0.69
mPDm,12,14,26,0.46
mPDn,7,8,15,0.47
mPDs,6,13,19,0.32
mPDt,0,1,1,0.0
mPHB,12,11,23,0.52
mPHD,1,2,3,0.33
mPHH,5,3,8,0.62
mPHI,4,0,4,1.0
mPHK,2,6,8,0.25
mPHL,10,10,20,0.5
mPHM,26,16,42,0.62
mPHN,26,19,45,0.58
mPHP,24,33,57,0.42
mPHS,16,15,31,0.52
mPHb,13,14,27,0.48
mPHh,5,8,13,0.38
mPHl,11,6,17,0.65
mPHm,17,21,38,0.45
mPHn,28,16,44,0.64
mPHs,15,12,27,0.56
mPIB,8,6,14,0.57
mPID,0,2,2,0.0
mPIH,5,8,13,0.38
mPIL,5,2,7,0.71
mPIM,2,2,4,0.5
mPIN,4,11,15,0.27
mPIP,1,10,11,0.09
mPIS,6,3,9,0.67
mPIb,3,5,8,0.38
mPIl,1,2,3,0.33
mPIm,7,5,12,0.58
mPIn,8,3,11,0.73
mPIs,2,4,6,0.33
mPIt,0,0,0,
mPKB,5,3,8,0.62
mPKD,1,1,2,0.5
mPKH,1,0,1,1.0
mPKI,1,2,3,0.33
mPKL,3,2,5,0.6
mPKM,8,8,16,0.5
mPKN,5,9,14,0.36
mPKP,9,6,15,0.6
mPKS,4,3,7,0.57
mPKb,4,8,12,0.33
mPKh,5,5,10,0.5
mPKl,1,5,6,0.17
mPKm,8,10,18,0.44
mPKn,15,8,23,0.65
mPKs,9,2,11,0.82
mPKt,1,0,1,1.0
mPLB,29,15,44,0.66
mPLD,3,3,6,0.5
mPLH,0,0,0,
mPLK,0,2,2,0.0
mPLL,17,15,32,0.53
mPLM,30,27,57,0.53
mPLN,20,29,49,0.41
mPLP,37,34,71,0.52
mPLS,25,22,47,0.53
mPLb,29,22,51,0.57
mPLh,13,11,24,0.54
mPLj,10,14,24,0.42
mPLl,9,10,19,0.47
mPLm,31,20,51,0.61
mPLn,34,44,78,0.44
mPLs,19,10,29,0.66
mPLt,6,4,10,0.6
mPMB,53,58,111,0.48
mPMD,18,10,28,0.64
mPMH,1,0,1,1.0
mPMI,1,0,1,1.0
mPMK,0,0,0,
mPML,21,21,42,0.5
mPMM,67,83,150,0.45
mPMN,64,83,147,0.44
mPMP,89,88,177,0.5
mPMS,36,46,82,0.44
mPMb,61,74,135,0.45
mPMh,82,76,158,0.52
mPMj,20,13,33,0.61
mPMl,33,43,76,0.43
mPMm,79,77,156,0.51
mPMn,98,111,209,0.47
mPMs,41,46,87,0.47
mPMt,7,8,15,0.47
mPNB,57,54,111,0.51
mPND,10,3,13,0.77
mPNH,11,13,24,0.46
mPNK,5,2,7,0.71
mPNL,23,35,58,0.4
mPNM,90,86,176,0.51
mPNN,89,98,187,0.48
mPNP,102,141,243,0.42
mPNS,54,60,114,0.47
mPNb,71,66,137,0.52
mPNh,21,19,40,0.52
mPNl,29,29,58,0.5
mPNm,82,54,136,0.6
mPNn,95,97,192,0.49
mPNs,63,41,104,0.61
mPNt,16,20,36,0.44
mPPB,87,93,180,0.48
mPPD,18,13,31,0.58
mPPH,27,28,55,0.49
mPPI,9,5,14,0.64
mPPK,15,15,30,0.5
mPPL,51,69,120,0.42
mPPM,117,121,238,0.49
mPPN,100,109,209,0.48
mPPP,159,177,336,0.47
mPPS,75,77,152,0.49
mPPb,102,101,203,0.5
mPPh,9,20,29,0.31
mPPl,65,48,113,0.58
mPPm,126,113,239,0.53
mPPn,100,74,174,0.57
mPPs,83,57,140,0.59
mPPt,14,14,28,0.5
mPSB,30,49,79,0.38
mPSD,5,10,15,0.33
mPSH,17,25,42,0.4
mPSI,0,1,1,0.0
mPSK,2,2,4,0.5
mPSL,17,16,33,0.52
mPSM,39,47,86,0.45
mPSN,47,56,103,0.46
mPSP,77,48,125,0.62
mPSS,44,50,94,0.47
mPSb,41,32,73,0.56
mPSh,25,36,61,0.41
mPSl,16,30,46,0.35
mPSm,46,41,87,0.53
mPSn,49,56,105,0.47
mPSs,32,44,76,0.42
mPSt,8,7,15,0.53
mPbB,69,75,144,0.48
mPbD,7,8,15,0.47
mPbH,21,19,40,0.52
mPbI,9,6,15,0.6
mPbJ,17,15,32,0.53
mPbK,6,8,14,0.43
mPbL,23,25,48,0.48
mPbM,78,68,146,0.53
mPbN,90,78,168,0.54
mPbP,99,88,187,0.53
mPbS,33,36,69,0.48
mPbb,85,79,164,0.52
mPbh,0,0,0,
mPbl,32,27,59,0.54
mPbm,67,61,128,0.52
mPbn,63,62,125,0.5
mPbs,26,31,57,0.46
mPhB,9,5,14,0.64
mPhD,1,1,2,0.5
mPhH,0,3,3,0.0
mPhI,1,1,2,0.5
mPhK,0,1,1,0.0
mPhL,2,4,6,0.33
mPhM,7,8,15,0.47
mPhN,7,9,16,0.44
mPhP,6,11,17,0.35
mPhS,6,5,11,0.55
mPhb,6,6,12,0.5
mPhh,4,4,8,0.5
mPhl,2,4,6,0.33
mPhm,4,6,10,0.4
mPhn,8,11,19,0.42
mPhs,2,3,5,0.4
mPht,3,1,4,0.75
mPlB,19,23,42,0.45
mPlD,2,2,4,0.5
mPlH,13,19,32,0.41
mPlI,3,1,4,0.75
mPlJ,4,8,12,0.33
mPlK,0,1,1,0.0
mPlL,7,13,20,0.35
mPlM,25,30,55,0.45
mPlN,29,32,61,0.48
mPlP,40,42,82,0.49
mPlS,26,18,44,0.59
mPlb,42,28,70,0.6
mPll,13,14,27,0.48
mPlm,37,21,58,0.64
mPln,31,32,63,0.49
mPls,14,14,28,0.5
mPmB,65,45,110,0.59
mPmD,15,14,29,0.52
mPmH,38,42,80,0.48
mPmI,3,4,7,0.43
mPmJ,19,16,35,0.54
mPmK,0,2,2,0.0
mPmL,33,21,54,0.61
mPmM,64,78,142,0.45
mPmN,74,79,153,0.48
mPmP,71,81,152,0.47
mPmS,34,31,65,0.52
mPmb,76,75,151,0.5
mPml,19,13,32,0.59
mPmm,69,51,120,0.57
mPmn,59,57,116,0.51
mPms,26,32,58,0.45
mPnB,61,49,110,0.55
mPnD,10,12,22,0.45
mPnH,39,38,77,0.51
mPnI,9,14,23,0.39
mPnK,6,5,11,0.55
mPnL,34,37,71,0.48
mPnM,90,90,180,0.5
mPnN,100,82,182,0.55
mPnP,129,108,237,0.54
mPnS,54,56,110,0.49
mPnb,64,66,130,0.49
mPnh,4,2,6,0.67
mPnl,27,23,50,0.54
mPnm,62,52,114,0.54
mPnn,86,84,170,0.51
mPns,68,51,119,0.57
mPnt,3,0,3,1.0
mPsB,26,32,58,0.45
mPsD,12,9,21,0.57
mPsH,31,48,79,0.39
mPsI,6,1,7,0.86
mPsK,0,0,0,
mPsL,14,12,26,0.54
mPsM,44,43,87,0.51
mPsN,47,40,87,0.54
mPsP,45,60,105,0.43
mPsS,37,60,97,0.38
mPsb,39,36,75,0.52
mPsh,0,4,4,0.0
mPsl,17,17,34,0.5
mPsm,50,28,78,0.64
mPsn,32,41,73,0.44
mPss,27,33,60,0.45
mPst,1,0,1,1.0
mPtB,6,5,11,0.55
mPtD,1,1,2,0.5
mPtH,5,4,9,0.56
mPtI,0,1,1,0.0
mPtK,2,1,3,0.67
mPtL,2,7,9,0.22
mPtM,7,11,18,0.39
mPtN,3,7,10,0.3
mPtP,11,7,18,0.61
mPtS,7,5,12,0.58
mPtb,9,4,13,0.69
mPtl,4,3,7,0.57
mPtm,8,6,14,0.57
mPtn,10,6,16,0.62
mPts,11,6,17,0.65
mPtt,2,1,3,0.67
mSBB,23,22,45,0.51
mSBD,4,2,6,0.67
mSBH,0,1,1,0.0
mSBK,4,1,5,0.8
mSBL,8,8,16,0.5
mSBM,18,17,35,0.51
mSBN,30,28,58,0.52
mSBP,35,33,68,0.51
mSBS,23,23,46,0.5
mSBb,28,22,50,0.56
mSBh,4,5,9,0.44
mSBj,7,9,16,0.44
mSBl,18,8,26,0.69
mSBm,36,22,58,0.62
mSBn,45,52,97,0.46
mSBs,17,14,31,0.55
mSBt,4,7,11,0.36
mSDB,9,3,12,0.75
mSDD,4,2,6,0.67
mSDH,5,8,13,0.38
mSDL,4,1,5,0.8
mSDM,10,11,21,0.48
mSDN,3,7,10,0.3
mSDP,5,6,11,0.45
mSDS,17,17,34,0.5
mSDb,2,7,9,0.22
mSDl,1,1,2,0.5
mSDm,11,4,15,0.73
mSDn,12,6,18,0.67
mSDs,8,6,14,0.57
mSDt,0,2,2,0.0
mSHB,5,7,12,0.42
mSHD,3,1,4,0.75
mSHH,4,4,8,0.5
mSHI,0,1,1,0.0
mSHK,0,3,3,0.0
mSHL,8,2,10,0.8
mSHM,11,17,28,0.39
mSHN,6,9,15,0.4
mSHP,20,11,31,0.65
mSHS,16,13,29,0.55
mSHb,11,12,23,0.48
mSHh,5,12,17,0.29
mSHl,11,7,18,0.61
mSHm,13,20,33,0.39
mSHn,12,14,26,0.46
mSHs,10,10,20,0.5
mSHt,0,1,1,0.0
mSIB,0,2,2,0.0
mSIH,0,3,3,0.0
mSIM,0,0,0,
mSIN,0,1,1,0.0
mSIP,0,1,1,0.0
mSIS,0,2,2,0.0
mSIb,0,2,2,0.0
mSIm,2,0,2,1.0
mSIn,0,0,0,
mSIs,2,0,2,1.0
mSKB,1,0,1,1.0
mSKH,1,0,1,1.0
mSKL,1,0,1,1.0
mSKM,3,0,3,1.0
mSKP,0,2,2,0.0
mSKS,0,1,1,0.0
mSKb,0,1,1,0.0
mSKl,0,1,1,0.0
mSKm,0,1,1,0.0
mSKn,2,3,5,0.4
mSLB,6,12,18,0.33
mSLD,2,1,3,0.67
mSLK,0,1,1,0.0
mSLL,2,2,4,0.5
mSLM,12,9,21,0.57
mSLN,11,8,19,0.58
mSLP,11,12,23,0.48
mSLS,8,11,19,0.42
mSLb,4,8,12,0.33
mSLh,3,4,7,0.43
mSLj,4,2,6,0.67
mSLl,9,5,14,0.64
mSLm,12,5,17,0.71
mSLn,10,8,18,0.56
mSLs,6,12,18,0.33
mSLt,3,3,6,0.5
mSMB,25,35,60,0.42
mSMD,9,9,18,0.5
mSMH,0,0,0,
mSMK,0,1,1,0.0
mSML,12,10,22,0.55
mSMM,36,44,80,0.45
mSMN,28,42,70,0.4
mSMP,45,34,79,0.57
mSMS,31,30,61,0.51
mSMb,38,30,68,0.56
mSMh,25,25,50,0.5
mSMj,6,9,15,0.4
mSMl,18,9,27,0.67
mSMm,44,30,74,0.59
mSMn,54,48,102,0.53
mSMs,19,33,52,0.37
mSMt,2,5,7,0.29
mSNB,31,24,55,0.56
mSND,6,9,15,0.4
mSNH,7,3,10,0.7
mSNK,7,4,11,0.64
mSNL,8,11,19,0.42
mSNM,36,39,75,0.48
mSNN,42,49,91,0.46
mSNP,59,39,98,0.6
mSNS,27,45,72,0.38
mSNb,26,21,47,0.55
mSNh,8,12,20,0.4
mSNl,13,17,30,0.43
mSNm,29,24,53,0.55
mSNn,55,60,115,0.48
mSNs,28,27,55,0.51
mSNt,8,2,10,0.8
mSPB,41,36,77,0.53
mSPD,6,6,12,0.5
mSPH,8,15,23,0.35
mSPI,3,2,5,0.6
mSPK,5,10,15,0.33
mSPL,23,19,42,0.55
mSPM,50,59,109,0.46
mSPN,56,41,97,0.58
mSPP,63,74,137,0.46
mSPS,38,51,89,0.43
mSPb,40,40,80,0.5
mSPh,6,5,11,0.55
mSPl,24,18,42,0.57
mSPm,37,35,72,0.51
mSPn,52,51,103,0.5
mSPs,36,36,72,0.5
mSPt,13,6,19,0.68
mSSB,20,26,46,0.43
mSSD,10,7,17,0.59
mSSH,8,22,30,0.27
mSSI,3,2,5,0.6
mSSK,0,3,3,0.0
mSSL,7,8,15,0.47
mSSM,42,41,83,0.51
mSSN,33,31,64,0.52
mSSP,53,35,88,0.6
mSSS,46,52,98,0.47
mSSb,35,23,58,0.6
mSSh,24,19,43,0.56
mSSl,7,20,27,0.26
mSSm,33,39,72,0.46
mSSn,36,35,71,0.51
mSSs,54,48,102,0.53
mSSt,7,7,14,0.5
mSbB,25,24,49,0.51
mSbD,4,2,6,0.67
mSbH,10,13,23,0.43
mSbI,7,3,10,0.7
mSbJ,11,8,19,0.58
mSbK,4,3,7,0.57
mSbL,11,9,20,0.55
mSbM,18,38,56,0.32
mSbN,51,39,90,0.57
mSbP,44,46,90,0.49
mSbS,16,33,49,0.33
mSbb,33,27,60,0.55
mSbl,14,9,23,0.61
mSbm,25,16,41,0.61
mSbn,39,29,68,0.57
mSbs,14,17,31,0.45
mShB,11,15,26,0.42
mShD,4,2,6,0.67
mShH,6,5,11,0.55
mShI,1,2,3,0.33
mShL,4,4,8,0.5
mShM,22,24,46,0.48
mShN,9,29,38,0.24
mShP,22,21,43,0.51
mShS,24,14,38,0.63
mShb,21,22,43,0.49
mShh,27,21,48,0.56
mShl,9,6,15,0.6
mShm,26,25,51,0.51
mShn,25,29,54,0.46
mShs,17,17,34,0.5
mSht,0,4,4,0.0
mSlB,8,10,18,0.44
mSlD,3,1,4,0.75
mSlH,6,9,15,0.4
mSlI,0,1,1,0.0
mSlJ,3,2,5,0.6
mSlK,1,0,1,1.0
mSlL,10,4,14,0.71
mSlM,8,15,23,0.35
mSlN,15,13,28,0.54
mSlP,17,17,34,0.5
mSlS,12,10,22,0.55
mSlb,13,13,26,0.5
mSll,9,3,12,0.75
mSlm,7,11,18,0.39
mSln,7,12,19,0.37
mSls,4,8,12,0.33
mSmB,26,30,56,0.46
mSmD,9,11,20,0.45
mSmH,36,25,61,0.59
mSmI,4,5,9,0.44
mSmJ,7,4,11,0.64
mSmK,0,1,1,0.0
mSmL,13,15,28,0.46
mSmM,42,41,83,0.51
mSmN,39,45,84,0.46
mSmP,44,37,81,0.54
mSmS,24,41,65,0.37
mSmb,47,43,90,0.52
mSmh,1,0,1,1.0
mSml,9,16,25,0.36
mSmm,33,35,68,0.49
mSmn,42,47,89,0.47
mSms,29,11,40,0.72
mSmt,1,0,1,1.0
mSnB,19,36,55,0.35
mSnD,10,7,17,0.59
mSnH,22,34,56,0.39
mSnI,4,6,10,0.4
mSnK,1,4,5,0.2
mSnL,16,11,27,0.59
mSnM,37,48,85,0.44
mSnN,73,55,128,0.57
mSnP,59,72,131,0.45
mSnS,45,31,76,0.59
mSnb,36,37,73,0.49
mSnh,1,1,2,0.5
mSnl,16,13,29,0.55
mSnm,40,47,87,0.46
mSnn,50,50,100,0.5
mSns,36,35,71,0.51
mSsB,23,22,45,0.51
mSsD,9,8,17,0.53
mSsH,31,29,60,0.52
mSsI,8,3,11,0.73
mSsK,1,2,3,0.33
mSsL,13,11,24,0.54
mSsM,31,39,70,0.44
mSsN,41,48,89,0.46
mSsP,47,41,88,0.53
mSsS,53,43,96,0.55
mSsb,35,37,72,0.49
mSsh,0,3,3,0.0
mSsl,11,13,24,0.46
mSsm,38,26,64,0.59
mSsn,31,30,61,0.51
mSss,39,44,83,0.47
mSst,1,0,1,1.0
mStB,8,10,18,0.44
mStD,1,0,1,1.0
mStH,1,5,6,0.17
mStI,1,1,2,0.5
mStK,0,1,1,0.0
mStL,5,5,10,0.5
mStM,5,12,17,0.29
mStN,9,11,20,0.45
mStP,8,3,11,0.73
mStS,5,7,12,0.42
mStb,2,5,7,0.29
mStl,2,4,6,0.33
mStm,14,7,21,0.67
mStn,6,4,10,0.6
mSts,6,0,6,1.0
mStt,2,1,3,0.67
mbBB,45,48,93,0.48
mbBD,3,8,11,0.27
mbBH,0,1,1,0.0
mbBK,4,5,9,0.44
mbBL,16,15,31,0.52
mbBM,43,65,108,0.4
mbBN,65,76,141,0.46
mbBP,78,59,137,0.57
mbBS,26,31,57,0.46
mbBb,57,48,105,0.54
mbBh,5,11,16,0.31
mbBj,16,22,38,0.42
mbBl,22,15,37,0.59
mbBm,51,39,90,0.57
mbBn,95,77,172,0.55
mbBs,35,19,54,0.65
mbBt,8,8,16,0.5
mbDB,9,4,13,0.69
mbDD,1,2,3,0.33
mbDH,7,5,12,0.58
mbDI,1,1,2,0.5
mbDK,0,1,1,0.0
mbDL,5,6,11,0.45
mbDM,6,5,11,0.55
mbDN,2,2,4,0.5
mbDP,10,3,13,0.77
mbDS,5,5,10,0.5
mbDb,7,9,16,0.44
mbDl,0,1,1,0.0
mbDm,5,9,14,0.36
mbDn,6,5,11,0.55
mbDs,5,3,8,0.62
mbDt,2,0,2,1.0
mbHB,11,12,23,0.48
mbHD,1,2,3,0.33
mbHH,4,1,5,0.8
mbHI,3,1,4,0.75
mbHK,0,4,4,0.0
mbHL,4,8,12,0.33
mbHM,16,17,33,0.48
mbHN,21,15,36,0.58
mbHP,25,15,40,0.62
mbHS,10,9,19,0.53
mbHb,21,3,24,0.88
mbHh,6,1,7,0.86
mbHl,4,4,8,0.5
mbHm,14,6,20,0.7
mbHn,9,20,29,0.31
mbHs,5,9,14,0.36
mbHt,1,1,2,0.5
mbIB,3,4,7,0.43
mbID,1,4,5,0.2
mbIH,3,3,6,0.5
mbII,1,1,2,0.5
mbIL,6,3,9,0.67
mbIM,10,2,12,0.83
mbIN,11,7,18,0.61
mbIP,6,11,17,0.35
mbIS,4,8,12,0.33
mbIb,9,1,10,0.9
mbIl,2,1,3,0.67
mbIm,4,5,9,0.44
mbIn,5,4,9,0.56
mbIs,1,4,5,0.2
mbJB,23,20,43,0.53
mbJD,3,0,3,1.0
mbJH,4,5,9,0.44
mbJI,1,0,1,1.0
mbJK,3,3,6,0.5
mbJL,8,4,12,0.67
mbJM,16,17,33,0.48
mbJN,17,17,34,0.5
mbJP,21,24,45,0.47
mbJS,8,17,25,0.32
mbJb,18,16,34,0.53
mbJh,5,5,10,0.5
mbJl,8,6,14,0.57
mbJm,15,14,29,0.52
mbJn,10,17,27,0.37
mbJs,4,6,10,0.4
mbJt,1,2,3,0.33
mbKB,4,1,5,0.8
mbKD,2,2,4,0.5
mbKH,0,3,3,0.0
mbKI,2,0,2,1.0
mbKL,0,4,4,0.0
mbKM,9,10,19,0.47
mbKN,2,6,8,0.25
mbKP,9,5,14,0.64
mbKS,4,3,7,0.57
mbKb,4,4,8,0.5
mbKh,7,4,11,0.64
mbKl,1,1,2,0.5
mbKm,8,6,14,0.57
mbKn,5,4,9,0.56
mbKs,4,3,7,0.57
mbLB,12,17,29,0.41
mbLD,1,1,2,0.5
mbLH,0,0,0,
mbLK,0,1,1,0.0
mbLL,8,6,14,0.57
mbLM,23,20,43,0.53
mbLN,17,11,28,0.61
mbLP,19,35,54,0.35
mbLS,9,7,16,0.56
mbLb,8,16,24,0.33
mbLh,7,17,24,0.29
mbLj,8,7,15,0.53
mbLl,7,9,16,0.44
mbLm,17,24,41,0.41
mbLn,24,26,50,0.48
mbLs,11,13,24,0.46
mbLt,3,5,8,0.38
mbMB,54,47,101,0.53
mbMD,8,14,22,0.36
mbMH,1,0,1,1.0
mbMK,1,0,1,1.0
mbML,13,14,27,0.48
mbMM,54,66,120,0.45
mbMN,75,65,140,0.54
mbMP,74,70,144,0.51
mbMS,31,41,72,0.43
mbMb,67,56,123,0.54
mbMh,34,42,76,0.45
mbMj,12,13,25,0.48
mbMl,26,15,41,0.63
mbMm,64,31,95,0.67
mbMn,98,79,177,0.55
mbMs,29,23,52,0.56
mbMt,6,8,14,0.43
mbNB,61,61,122,0.5
mbND,12,11,23,0.52
mbNH,8,11,19,0.42
mbNK,5,4,9,0.56
mbNL,24,22,46,0.52
mbNM,79,78,157,0.5
mbNN,107,84,191,0.56
mbNP,116,104,220,0.53
mbNS,42,45,87,0.48
mbNb,81,70,151,0.54
mbNh,27,24,51,0.53
mbNl,28,24,52,0.54
mbNm,71,58,129,0.55
mbNn,103,76,179,0.58
mbNs,42,40,82,0.51
mbNt,16,13,29,0.55
mbPB,78,64,142,0.55
mbPD,11,7,18,0.61
mbPH,18,22,40,0.45
mbPI,4,2,6,0.67
mbPK,10,9,19,0.53
mbPL,28,26,54,0.52
mbPM,70,109,179,0.39
mbPN,74,85,159,0.47
mbPP,133,99,232,0.57
mbPS,42,39,81,0.52
mbPb,78,71,149,0.52
mbPh,11,9,20,0.55
mbPl,34,21,55,0.62
mbPm,80,53,133,0.6
mbPn,78,84,162,0.48
mbPs,44,37,81,0.54
mbPt,6,8,14,0.43
mbSB,11,15,26,0.42
mbSD,3,4,7,0.43
mbSH,16,8,24,0.67
mbSI,1,0,1,1.0
mbSK,1,0,1,1.0
mbSL,5,10,15,0.33
mbSM,24,24,48,0.5
mbSN,26,26,52,0.5
mbSP,35,22,57,0.61
mbSS,34,20,54,0.63
mbSb,28,21,49,0.57
mbSh,15,13,28,0.54
mbSl,6,5,11,0.55
mbSm,22,28,50,0.44
mbSn,37,31,68,0.54
mbSs,18,25,43,0.42
mbSt,7,3,10,0.7
mbbB,84,72,156,0.54
mbbD,10,4,14,0.71
mbbH,13,11,24,0.54
mbbI,8,3,11,0.73
mbbJ,15,14,29,0.52
mbbK,8,6,14,0.57
mbbL,16,14,30,0.53
mbbM,60,78,138,0.43
mbbN,96,71,167,0.57
mbbP,88,71,159,0.55
mbbS,35,25,60,0.58
mbbb,88,73,161,0.55
mbbl,18,9,27,0.67
mbbm,42,34,76,0.55
mbbn,77,71,148,0.52
mbbs,16,21,37,0.43
mblB,23,14,37,0.62
mblD,2,0,2,1.0
mblH,18,5,23,0.78
mblI,6,1,7,0.86
mblJ,4,4,8,0.5
mblK,0,1,1,0.0
mblL,6,8,14,0.43
mblM,23,9,32,0.72
mblN,18,13,31,0.58
mblP,30,15,45,0.67
mblS,7,10,17,0.41
mblb,19,22,41,0.46
mbll,5,7,12,0.42
mblm,17,7,24,0.71
mbln,12,13,25,0.48
mbls,11,4,15,0.73
mbmB,47,47,94,0.5
mbmD,7,1,8,0.88
mbmH,26,32,58,0.45
mbmI,4,4,8,0.5
mbmJ,6,6,12,0.5
mbmL,17,17,34,0.5
mbmM,44,61,105,0.42
mbmN,64,60,124,0.52
mbmP,54,46,100,0.54
mbmS,32,23,55,0.58
mbmb,56,47,103,0.54
mbml,6,11,17,0.35
mbmm,43,36,79,0.54
mbmn,48,48,96,0.5
mbms,14,16,30,0.47
mbnB,51,43,94,0.54
mbnD,9,6,15,0.6
mbnH,37,31,68,0.54
mbnI,6,5,11,0.55
mbnK,5,4,9,0.56
mbnL,22,19,41,0.54
mbnM,69,67,136,0.51
mbnN,102,83,185,0.55
mbnP,112,82,194,0.58
mbnS,37,25,62,0.6
mbnb,74,60,134,0.55
mbnh,0,1,1,0.0
mbnl,19,13,32,0.59
mbnm,42,30,72,0.58
mbnn,69,67,136,0.51
mbns,31,30,61,0.51
mbnt,0,1,1,0.0
mbsB,9,21,30,0.3
mbsD,2,3,5,0.4
mbsH,21,20,41,0.51
mbsI,4,4,8,0.5
mbsL,9,4,13,0.69
mbsM,20,24,44,0.45
mbsN,25,20,45,0.56
mbsP,26,31,57,0.46
mbsS,19,17,36,0.53
mbsb,17,19,36,0.47
mbsh,1,0,1,1.0
mbsl,9,12,21,0.43
mbsm,18,12,30,0.6
mbsn,17,18,35,0.49
mbss,14,8,22,0.64
mbtH,0,1,1,0.0
mhBM,0,0,0,
mhBN,0,1,1,0.0
mhBS,0,2,2,0.0
mhBb,1,0,1,1.0
mhDH,1,0,1,1.0
mhDM,1,0,1,1.0
mhIL,1,0,1,1.0
mhIM,0,1,1,0.0
mhIP,1,0,1,1.0
mhIn,1,0,1,1.0
mhLK,0,1,1,0.0
mhMM,1,0,1,1.0
mhMS,0,1,1,0.0
mhMm,0,1,1,0.0
mhMs,1,0,1,1.0
mhNI,1,0,1,1.0
mhNN,1,0,1,1.0
mhNP,1,0,1,1.0
mhPb,0,1,1,0.0
mhPm,1,1,2,0.5
mhSB,0,0,0,
mhSD,0,0,0,
mhSP,1,0,1,1.0
mhSS,1,0,1,1.0
mhSh,0,0,0,
mhSl,1,0,1,1.0
mhSn,1,0,1,1.0
mhbM,1,1,2,0.5
mhbN,1,0,1,1.0
mhbS,0,0,0,
mhbb,1,2,3,0.33
mhbm,0,1,1,0.0
mhhB,0,1,1,0.0
mhhL,0,1,1,0.0
mhhM,0,1,1,0.0
mhhP,1,0,1,1.0
mhhb,0,1,1,0.0
mhhh,0,0,0,
mhhm,0,0,0,
mhlB,0,1,1,0.0
mhlJ,0,0,0,
mhlM,0,1,1,0.0
mhlP,0,1,1,0.0
mhmB,0,1,1,0.0
mhmH,1,0,1,1.0
mhmL,0,1,1,0.0
mhmM,2,0,2,1.0
mhmN,1,2,3,0.33
mhmP,0,0,0,
mhmS,0,2,2,0.0
mhmb,1,0,1,1.0
mhmm,1,0,1,1.0
mhnB,0,1,1,0.0
mhnN,1,0,1,1.0
mhnP,1,1,2,0.5
mhnS,1,0,1,1.0
mhnb,1,0,1,1.0
mhnl,1,0,1,1.0
mhnm,1,0,1,1.0
mhnn,0,2,2,0.0
mhns,1,0,1,1.0
mhsH,1,0,1,1.0
mhsI,1,0,1,1.0
mhsN,1,0,1,1.0
mhsP,0,0,0,
mhsS,0,2,2,0.0
mhsh,0,0,0,
mhsl,1,1,2,0.5
mhsm,1,1,2,0.5
mlBB,12,11,23,0.52
mlBD,1,0,1,1.0
mlBH,0,1,1,0.0
mlBK,1,2,3,0.33
mlBL,8,13,21,0.38
mlBM,13,17,30,0.43
mlBN,24,21,45,0.53
mlBP,17,22,39,0.44
mlBS,9,10,19,0.47
mlBb,10,17,27,0.37
mlBh,0,1,1,0.0
mlBj,1,5,6,0.17
mlBl,7,3,10,0.7
mlBm,16,13,29,0.55
mlBn,26,21,47,0.55
mlBs,10,13,23,0.43
mlBt,2,2,4,0.5
mlDB,0,2,2,0.0
mlDD,1,0,1,1.0
mlDH,0,1,1,0.0
mlDL,0,1,1,0.0
mlDM,5,2,7,0.71
mlDN,1,1,2,0.5
mlDP,1,3,4,0.25
mlDS,0,2,2,0.0
mlDb,2,2,4,0.5
mlDl,1,0,1,1.0
mlDm,2,1,3,0.67
mlDn,4,1,5,0.8
mlDs,1,1,2,0.5
mlDt,2,1,3,0.67
mlHB,10,8,18,0.56
mlHD,3,0,3,1.0
mlHH,1,2,3,0.33
mlHI,1,1,2,0.5
mlHK,0,1,1,0.0
mlHL,3,2,5,0.6
mlHM,6,11,17,0.35
mlHN,13,11,24,0.54
mlHP,13,23,36,0.36
mlHS,12,5,17,0.71
mlHb,12,7,19,0.63
mlHh,2,5,7,0.29
mlHl,1,3,4,0.25
mlHm,5,4,9,0.56
mlHn,11,17,28,0.39
mlHs,3,5,8,0.38
mlHt,1,0,1,1.0
mlIB,1,1,2,0.5
mlIH,1,0,1,1.0
mlII,0,0,0,
mlIL,0,1,1,0.0
mlIM,1,0,1,1.0
mlIN,3,2,5,0.6
mlIP,1,2,3,0.33
mlIS,2,0,2,1.0
mlIb,2,0,2,1.0
mlIl,0,2,2,0.0
mlIm,2,1,3,0.67
mlIn,2,1,3,0.67
mlIs,2,1,3,0.67
mlJB,4,4,8,0.5
mlJD,2,1,3,0.67
mlJH,1,4,5,0.2
mlJK,1,1,2,0.5
mlJL,2,2,4,0.5
mlJM,5,7,12,0.42
mlJN,1,4,5,0.2
mlJP,8,8,16,0.5
mlJS,4,3,7,0.57
mlJb,4,2,6,0.67
mlJl,1,3,4,0.25
mlJm,5,3,8,0.62
mlJn,7,3,10,0.7
mlJs,5,2,7,0.71
mlKB,0,1,1,0.0
mlKL,0,1,1,0.0
mlKM,1,0,1,1.0
mlKS,0,1,1,0.0
mlKb,1,0,1,1.0
mlKh,0,1,1,0.0
mlKm,1,1,2,0.5
mlKs,0,1,1,0.0
mlLB,7,6,13,0.54
mlLD,0,0,0,
mlLL,3,1,4,0.75
mlLM,5,15,20,0.25
mlLN,9,9,18,0.5
mlLP,11,10,21,0.52
mlLS,5,7,12,0.42
mlLb,6,4,10,0.6
mlLh,1,4,5,0.2
mlLj,1,0,1,1.0
mlLl,6,6,12,0.5
mlLm,6,6,12,0.5
mlLn,12,8,20,0.6
mlLs,8,7,15,0.53
mlLt,1,1,2,0.5
mlMB,10,15,25,0.4
mlMD,3,2,5,0.6
mlMK,1,0,1,1.0
mlML,3,6,9,0.33
mlMM,15,23,38,0.39
mlMN,20,17,37,0.54
mlMP,29,23,52,0.56
mlMS,12,8,20,0.6
mlMb,22,11,33,0.67
mlMh,19,9,28,0.68
mlMj,4,4,8,0.5
mlMl,12,5,17,0.71
mlMm,22,23,45,0.49
mlMn,29,14,43,0.67
mlMs,8,13,21,0.38
mlMt,1,3,4,0.25
mlNB,8,14,22,0.36
mlND,4,4,8,0.5
mlNH,3,2,5,0.6
mlNK,2,0,2,1.0
mlNL,6,6,12,0.5
mlNM,25,19,44,0.57
mlNN,30,26,56,0.54
mlNP,38,42,80,0.48
mlNS,13,7,20,0.65
mlNb,23,20,43,0.53
mlNh,5,2,7,0.71
mlNl,9,3,12,0.75
mlNm,22,15,37,0.59
mlNn,34,29,63,0.54
mlNs,10,13,23,0.43
mlNt,3,4,7,0.43
mlPB,27,27,54,0.5
mlPD,0,3,3,0.0
mlPH,5,4,9,0.56
mlPI,1,0,1,1.0
mlPK,2,1,3,0.67
mlPL,10,7,17,0.59
mlPM,28,27,55,0.51
mlPN,27,19,46,0.59
mlPP,46,36,82,0.56
mlPS,15,14,29,0.52
mlPb,19,14,33,0.58
mlPh,4,1,5,0.8
mlPl,12,7,19,0.63
mlPm,16,9,25,0.64
mlPn,24,30,54,0.44
mlPs,13,8,21,0.62
mlPt,1,1,2,0.5
mlSB,9,12,21,0.43
mlSD,1,1,2,0.5
mlSH,1,3,4,0.25
mlSI,0,2,2,0.0
mlSL,3,8,11,0.27
mlSM,10,9,19,0.53
mlSN,16,17,33,0.48
mlSP,10,11,21,0.48
mlSS,6,6,12,0.5
mlSb,10,6,16,0.62
mlSh,5,9,14,0.36
mlSl,5,3,8,0.62
mlSm,7,8,15,0.47
mlSn,10,8,18,0.56
mlSs,7,16,23,0.3
mlSt,3,0,3,1.0
mlbB,18,16,34,0.53
mlbD,1,1,2,0.5
mlbH,5,5,10,0.5
mlbI,1,2,3,0.33
mlbJ,6,6,12,0.5
mlbK,2,0,2,1.0
mlbL,10,6,16,0.62
mlbM,23,26,49,0.47
mlbN,26,18,44,0.59
mlbP,24,24,48,0.5
mlbS,7,10,17,0.41
mlbb,23,21,44,0.52
mlbl,6,4,10,0.6
mlbm,10,8,18,0.56
mlbn,21,18,39,0.54
mlbs,5,3,8,0.62
mlhB,0,1,1,0.0
mlhh,0,0,0,
mllB,6,9,15,0.4
mllD,0,1,1,0.0
mllH,3,4,7,0.43
mllJ,2,1,3,0.67
mllK,1,0,1,1.0
mllL,3,4,7,0.43
mllM,5,6,11,0.45
mllN,6,3,9,0.67
mllP,6,8,14,0.43
mllS,2,8,10,0.2
mllb,7,11,18,0.39
mlll,2,2,4,0.5
mllm,5,2,7,0.71
mlln,4,6,10,0.4
mlls,2,4,6,0.33
mlmB,18,17,35,0.51
mlmD,3,3,6,0.5
mlmH,7,9,16,0.44
mlmI,1,1,2,0.5
mlmJ,2,4,6,0.33
mlmL,3,3,6,0.5
mlmM,21,11,32,0.66
mlmN,19,19,38,0.5
mlmP,20,17,37,0.54
mlmS,6,9,15,0.4
mlmb,18,10,28,0.64
mlml,5,6,11,0.45
mlmm,13,14,27,0.48
mlmn,15,13,28,0.54
mlms,7,3,10,0.7
mlnB,13,10,23,0.57
mlnD,0,1,1,0.0
mlnH,6,5,11,0.55
mlnI,3,3,6,0.5
mlnL,4,2,6,0.67
mlnM,14,16,30,0.47
mlnN,24,18,42,0.57
mlnP,29,25,54,0.54
mlnS,6,15,21,0.29
mlnb,17,9,26,0.65
mlnl,9,2,11,0.82
mlnm,15,15,30,0.5
mlnn,16,18,34,0.47
mlns,6,8,14,0.43
mlnt,0,0,0,
mlsB,2,5,7,0.29
mlsD,1,1,2,0.5
mlsH,2,3,5,0.4
mlsL,4,1,5,0.8
mlsM,12,10,22,0.55
mlsN,14,11,25,0.56
mlsP,11,11,22,0.5
mlsS,8,3,11,0.73
mlsb,7,7,14,0.5
mlsh,1,0,1,1.0
mlsl,4,4,8,0.5
mlsm,10,6,16,0.62
mlsn,2,6,8,0.25
mlss,3,4,7,0.43
mltH,1,0,1,1.0
mmBB,49,38,87,0.56
mmBD,13,10,23,0.57
mmBH,0,0,0,
mmBI,1,0,1,1.0
mmBK,4,9,13,0.31
mmBL,12,17,29,0.41
mmBM,42,42,84,0.5
mmBN,61,69,130,0.47
mmBP,58,53,111,0.52
mmBS,27,34,61,0.44
mmBb,54,36,90,0.6
mmBh,7,7,14,0.5
mmBj,7,8,15,0.47
mmBl,10,15,25,0.4
mmBm,45,44,89,0.51
mmBn,70,65,135,0.52
mmBs,20,20,40,0.5
mmBt,7,6,13,0.54
mmDB,6,9,15,0.4
mmDD,10,10,20,0.5
mmDH,8,15,23,0.35
mmDI,1,0,1,1.0
mmDK,1,0,1,1.0
mmDL,4,1,5,0.8
mmDM,16,14,30,0.53
mmDN,12,9,21,0.57
mmDP,9,11,20,0.45
mmDS,12,13,25,0.48
mmDb,6,10,16,0.38
mmDh,0,1,1,0.0
mmDl,4,4,8,0.5
mmDm,13,13,26,0.5
mmDn,9,6,15,0.6
mmDs,7,2,9,0.78
mmDt,3,1,4,0.75
mmHB,27,36,63,0.43
mmHD,5,5,10,0.5
mmHH,4,6,10,0.4
mmHI,1,2,3,0.33
mmHK,2,2,4,0.5
mmHL,9,13,22,0.41
mmHM,33,43,76,0.43
mmHN,36,35,71,0.51
mmHP,52,44,96,0.54
mmHS,20,23,43,0.47
mmHb,27,37,64,0.42
mmHh,9,17,26,0.35
mmHl,14,8,22,0.64
mmHm,35,34,69,0.51
mmHn,49,45,94,0.52
mmHs,15,22,37,0.41
mmHt,6,1,7,0.86
mmIB,4,0,4,1.0
mmID,1,0,1,1.0
mmIL,1,0,1,1.0
mmIM,2,5,7,0.29
mmIN,5,3,8,0.62
mmIP,2,5,7,0.29
mmIS,3,1,4,0.75
mmIb,3,1,4,0.75
mmIl,1,2,3,0.33
mmIm,3,2,5,0.6
mmIn,6,7,13,0.46
mmIs,8,2,10,0.8
mmJB,8,6,14,0.57
mmJD,1,1,2,0.5
mmJH,5,2,7,0.71
mmJI,4,0,4,1.0
mmJK,0,1,1,0.0
mmJL,4,2,6,0.67
mmJM,11,11,22,0.5
mmJN,13,16,29,0.45
mmJP,9,15,24,0.38
mmJS,5,6,11,0.45
mmJb,12,8,20,0.6
mmJl,5,2,7,0.71
mmJm,11,4,15,0.73
mmJn,4,12,16,0.25
mmJs,5,2,7,0.71
mmJt,1,2,3,0.33
mmKD,1,0,1,1.0
mmKH,0,0,0,
mmKI,0,0,0,
mmKM,1,2,3,0.33
mmKN,1,0,1,1.0
mmKP,1,1,2,0.5
mmKS,0,3,3,0.0
mmKb,0,1,1,0.0
mmKh,0,2,2,0.0
mmKl,0,1,1,0.0
mmKm,1,1,2,0.5
mmKn,1,0,1,1.0
mmKt,1,1,2,0.5
mmLB,4,13,17,0.24
mmLD,4,3,7,0.57
mmLH,0,1,1,0.0
mmLK,0,3,3,0.0
mmLL,2,5,7,0.29
mmLM,16,15,31,0.52
mmLN,13,16,29,0.45
mmLP,24,14,38,0.63
mmLS,11,13,24,0.46
mmLb,21,12,33,0.64
mmLh,9,14,23,0.39
mmLj,2,6,8,0.25
mmLl,6,7,13,0.46
mmLm,15,20,35,0.43
mmLn,24,21,45,0.53
mmLs,9,9,18,0.5
mmLt,1,3,4,0.25
mmMB,36,39,75,0.48
mmMD,18,13,31,0.58
mmMI,0,1,1,0.0
mmMK,0,1,1,0.0
mmML,5,10,15,0.33
mmMM,45,80,125,0.36
mmMN,57,54,111,0.51
mmMP,58,55,113,0.51
mmMS,23,47,70,0.33
mmMb,36,53,89,0.4
mmMh,45,31,76,0.59
mmMj,14,17,31,0.45
mmMl,11,16,27,0.41
mmMm,56,50,106,0.53
mmMn,80,85,165,0.48
mmMs,45,34,79,0.57
mmMt,6,13,19,0.32
mmNB,45,45,90,0.5
mmND,16,11,27,0.59
mmNH,11,6,17,0.65
mmNI,0,1,1,0.0
mmNK,10,5,15,0.67
mmNL,13,13,26,0.5
mmNM,48,71,119,0.4
mmNN,97,92,189,0.51
mmNP,84,94,178,0.47
mmNS,45,54,99,0.45
mmNb,52,40,92,0.57
mmNh,9,15,24,0.38
mmNl,18,16,34,0.53
mmNm,56,50,106,0.53
mmNn,94,80,174,0.54
mmNs,41,36,77,0.53
mmNt,9,11,20,0.45
mmPB,64,49,113,0.57
mmPD,9,14,23,0.39
mmPH,23,16,39,0.59
mmPI,6,3,9,0.67
mmPK,6,4,10,0.6
mmPL,22,24,46,0.48
mmPM,76,75,151,0.5
mmPN,77,62,139,0.55
mmPP,84,74,158,0.53
mmPS,46,38,84,0.55
mmPb,49,56,105,0.47
mmPh,6,9,15,0.4
mmPl,21,30,51,0.41
mmPm,56,68,124,0.45
mmPn,68,60,128,0.53
mmPs,37,22,59,0.63
mmPt,8,5,13,0.62
mmSB,23,26,49,0.47
mmSD,7,8,15,0.47
mmSH,13,13,26,0.5
mmSI,2,2,4,0.5
mmSK,1,2,3,0.33
mmSL,13,7,20,0.65
mmSM,28,33,61,0.46
mmSN,28,33,61,0.46
mmSP,30,42,72,0.42
mmSS,28,27,55,0.51
mmSb,33,25,58,0.57
mmSh,17,14,31,0.55
mmSl,12,7,19,0.63
mmSm,30,29,59,0.51
mmSn,35,28,63,0.56
mmSs,28,16,44,0.64
mmSt,6,7,13,0.46
mmbB,53,67,120,0.44
mmbD,11,3,14,0.79
mmbH,15,13,28,0.54
mmbI,6,5,11,0.55
mmbJ,9,14,23,0.39
mmbK,3,8,11,0.27
mmbL,15,9,24,0.62
mmbM,56,71,127,0.44
mmbN,86,77,163,0.53
mmbP,67,64,131,0.51
mmbS,13,23,36,0.36
mmbb,70,52,122,0.57
mmbl,10,13,23,0.43
mmbm,55,40,95,0.58
mmbn,55,60,115,0.48
mmbs,16,13,29,0.55
mmhB,1,0,1,1.0
mmhD,0,0,0,
mmhM,0,1,1,0.0
mmhP,0,1,1,0.0
mmhb,2,0,2,1.0
mmhh,0,0,0,
mmhm,0,2,2,0.0
mmhn,1,0,1,1.0
mmhs,0,0,0,
mmlB,15,15,30,0.5
mmlD,1,1,2,0.5
mmlH,8,7,15,0.53
mmlJ,1,1,2,0.5
mmlK,1,0,1,1.0
mmlL,5,4,9,0.56
mmlM,10,18,28,0.36
mmlN,13,12,25,0.52
mmlP,15,16,31,0.48
mmlS,6,7,13,0.46
mmlb,17,12,29,0.59
mmll,2,0,2,1.0
mmlm,12,8,20,0.6
mmln,9,10,19,0.47
mmls,3,6,9,0.33
mmmB,51,52,103,0.5
mmmD,14,8,22,0.64
mmmH,39,30,69,0.57
mmmI,4,6,10,0.4
mmmJ,10,8,18,0.56
mmmK,2,0,2,1.0
mmmL,12,8,20,0.6
mmmM,52,61,113,0.46
mmmN,67,50,117,0.57
mmmP,61,56,117,0.52
mmmS,33,22,55,0.6
mmmb,51,42,93,0.55
mmmh,0,0,0,
mmml,12,8,20,0.6
mmmm,64,33,97,0.66
mmmn,54,39,93,0.58
mmms,26,12,38,0.68
mmnB,45,48,93,0.48
mmnD,10,6,16,0.62
mmnH,19,26,45,0.42
mmnI,6,4,10,0.6
mmnK,5,4,9,0.56
mmnL,13,15,28,0.46
mmnM,53,45,98,0.54
mmnN,80,74,154,0.52
mmnP,85,71,156,0.54
mmnS,32,28,60,0.53
mmnb,67,47,114,0.59
mmnh,0,1,1,0.0
mmnl,17,11,28,0.61
mmnm,48,35,83,0.58
mmnn,70,51,121,0.58
mmns,30,19,49,0.61
mmnt,0,1,1,0.0
mmsB,13,16,29,0.45
mmsD,5,6,11,0.45
mmsH,21,19,40,0.52
mmsI,4,3,7,0.57
mmsL,10,13,23,0.43
mmsM,18,25,43,0.42
mmsN,17,23,40,0.42
mmsP,17,26,43,0.4
mmsS,22,31,53,0.42
mmsb,19,25,44,0.43
mmsl,5,4,9,0.56
mmsm,22,11,33,0.67
mmsn,20,17,37,0.54
mmss,11,11,22,0.5
mmst,1,0,1,1.0
mmtM,1,0,1,1.0
mmtN,1,0,1,1.0
mnBB,44,30,74,0.59
mnBD,8,11,19,0.42
mnBK,4,2,6,0.67
mnBL,13,13,26,0.5
mnBM,27,47,74,0.36
mnBN,47,56,103,0.46
mnBP,58,54,112,0.52
mnBS,35,27,62,0.56
mnBb,39,43,82,0.48
mnBh,3,5,8,0.38
mnBj,18,14,32,0.56
mnBl,23,12,35,0.66
mnBm,39,42,81,0.48
mnBn,72,58,130,0.55
mnBs,26,25,51,0.51
mnBt,9,4,13,0.69
mnDB,6,5,11,0.55
mnDD,2,9,11,0.18
mnDH,10,6,16,0.62
mnDL,5,3,8,0.62
mnDM,12,7,19,0.63
mnDN,11,5,16,0.69
mnDP,16,8,24,0.67
mnDS,9,10,19,0.47
mnDb,6,6,12,0.5
mnDl,4,1,5,0.8
mnDm,8,8,16,0.5
mnDn,8,10,18,0.44
mnDs,4,6,10,0.4
mnDt,1,1,2,0.5
mnHB,22,25,47,0.47
mnHD,6,7,13,0.46
mnHH,11,4,15,0.73
mnHI,5,2,7,0.71
mnHK,3,2,5,0.6
mnHL,10,7,17,0.59
mnHM,24,24,48,0.5
mnHN,36,40,76,0.47
mnHP,52,35,87,0.6
mnHS,21,19,40,0.52
mnHb,19,21,40,0.48
mnHh,14,18,32,0.44
mnHl,8,11,19,0.42
mnHm,28,28,56,0.5
mnHn,48,26,74,0.65
mnHs,20,25,45,0.44
mnHt,1,3,4,0.25
mnIB,11,9,20,0.55
mnID,2,1,3,0.67
mnIH,7,5,12,0.58
mnII,1,0,1,1.0
mnIL,2,3,5,0.4
mnIM,4,8,12,0.33
mnIN,7,8,15,0.47
mnIP,14,11,25,0.56
mnIS,8,10,18,0.44
mnIb,1,10,11,0.09
mnIl,0,1,1,0.0
mnIm,5,4,9,0.56
mnIn,4,12,16,0.25
mnIs,3,5,8,0.38
mnIt,2,0,2,1.0
mnKB,3,3,6,0.5
mnKD,2,2,4,0.5
mnKH,0,1,1,0.0
mnKI,1,0,1,1.0
mnKL,2,0,2,1.0
mnKM,2,9,11,0.18
mnKN,4,3,7,0.57
mnKP,8,3,11,0.73
mnKS,2,3,5,0.4
mnKb,2,1,3,0.67
mnKh,6,3,9,0.67
mnKl,2,1,3,0.67
mnKm,4,2,6,0.67
mnKn,6,4,10,0.6
mnKs,3,1,4,0.75
mnLB,11,16,27,0.41
mnLD,1,1,2,0.5
mnLK,0,1,1,0.0
mnLL,3,8,11,0.27
mnLM,17,9,26,0.65
mnLN,22,23,45,0.49
mnLP,21,17,38,0.55
mnLS,9,8,17,0.53
mnLb,20,11,31,0.65
mnLh,6,11,17,0.35
mnLj,4,4,8,0.5
mnLl,7,5,12,0.58
mnLm,15,12,27,0.56
mnLn,18,19,37,0.49
mnLs,9,14,23,0.39
mnLt,2,6,8,0.25
mnMB,41,52,93,0.44
mnMD,3,7,10,0.3
mnML,11,15,26,0.42
mnMM,45,43,88,0.51
mnMN,54,76,130,0.42
mnMP,79,60,139,0.57
mnMS,43,40,83,0.52
mnMb,46,49,95,0.48
mnMh,29,45,74,0.39
mnMj,4,15,19,0.21
mnMl,16,21,37,0.43
mnMm,52,41,93,0.56
mnMn,97,89,186,0.52
mnMs,52,37,89,0.58
mnMt,14,9,23,0.61
mnNB,43,48,91,0.47
mnND,7,16,23,0.3
mnNH,21,13,34,0.62
mnNK,3,3,6,0.5
mnNL,22,24,46,0.48
mnNM,62,70,132,0.47
mnNN,90,105,195,0.46
mnNP,111,119,230,0.48
mnNS,52,38,90,0.58
mnNb,57,45,102,0.56
mnNh,22,23,45,0.49
mnNl,27,24,51,0.53
mnNm,72,74,146,0.49
mnNn,119,126,245,0.49
mnNs,54,64,118,0.46
mnNt,7,15,22,0.32
mnPB,59,56,115,0.51
mnPD,13,7,20,0.65
mnPH,22,34,56,0.39
mnPI,10,8,18,0.56
mnPK,9,9,18,0.5
mnPL,33,38,71,0.46
mnPM,73,90,163,0.45
mnPN,104,99,203,0.51
mnPP,143,132,275,0.52
mnPS,64,54,118,0.54
mnPb,66,84,150,0.44
mnPh,8,8,16,0.5
mnPl,31,33,64,0.48
mnPm,88,62,150,0.59
mnPn,99,86,185,0.54
mnPs,64,58,122,0.52
mnPt,11,8,19,0.58
mnSB,35,27,62,0.56
mnSD,4,3,7,0.57
mnSH,14,14,28,0.5
mnSI,2,0,2,1.0
mnSK,0,1,1,0.0
mnSL,12,14,26,0.46
mnSM,32,47,79,0.41
mnSN,45,38,83,0.54
mnSP,50,39,89,0.56
mnSS,33,33,66,0.5
mnSb,35,14,49,0.71
mnSh,21,25,46,0.46
mnSl,16,10,26,0.62
mnSm,49,28,77,0.64
mnSn,46,44,90,0.51
mnSs,39,33,72,0.54
mnSt,11,7,18,0.61
mnbB,57,51,108,0.53
mnbD,4,5,9,0.44
mnbH,13,5,18,0.72
mnbI,6,4,10,0.6
mnbJ,13,11,24,0.54
mnbK,8,6,14,0.57
mnbL,17,17,34,0.5
mnbM,68,58,126,0.54
mnbN,63,83,146,0.43
mnbP,78,54,132,0.59
mnbS,23,30,53,0.43
mnbb,75,37,112,0.67
mnbl,23,12,35,0.66
mnbm,48,34,82,0.59
mnbn,59,49,108,0.55
mnbs,26,19,45,0.58
mnhB,1,2,3,0.33
mnhD,0,1,1,0.0
mnhH,1,0,1,1.0
mnhM,0,0,0,
mnhN,1,0,1,1.0
mnhP,1,1,2,0.5
mnhS,5,0,5,1.0
mnhb,1,1,2,0.5
mnhh,1,1,2,0.5
mnhm,1,2,3,0.33
mnhn,3,1,4,0.75
mnhs,1,0,1,1.0
mnht,1,0,1,1.0
mnlB,13,11,24,0.54
mnlD,1,3,4,0.25
mnlH,14,7,21,0.67
mnlI,1,2,3,0.33
mnlJ,2,4,6,0.33
mnlK,0,1,1,0.0
mnlL,5,3,8,0.62
mnlM,17,19,36,0.47
mnlN,18,16,34,0.53
mnlP,24,27,51,0.47
mnlS,5,9,14,0.36
mnlb,13,25,38,0.34
mnll,6,3,9,0.67
mnlm,13,5,18,0.72
mnln,15,9,24,0.62
mnls,12,8,20,0.6
mnmB,49,41,90,0.54
mnmD,9,10,19,0.47
mnmH,28,35,63,0.44
mnmI,3,6,9,0.33
mnmJ,7,6,13,0.54
mnmL,9,13,22,0.41
mnmM,57,53,110,0.52
mnmN,64,50,114,0.56
mnmP,55,53,108,0.51
mnmS,23,20,43,0.53
mnmb,42,53,95,0.44
mnmh,0,1,1,0.0
mnml,8,8,16,0.5
mnmm,38,35,73,0.52
mnmn,66,55,121,0.55
mnms,11,11,22,0.5
mnnB,47,60,107,0.44
mnnD,13,11,24,0.54
mnnH,24,28,52,0.46
mnnI,10,9,19,0.53
mnnK,6,5,11,0.55
mnnL,20,15,35,0.57
mnnM,57,60,117,0.49
mnnN,110,94,204,0.54
mnnP,106,92,198,0.54
mnnS,47,35,82,0.57
mnnb,47,55,102,0.46
mnnh,2,0,2,1.0
mnnl,19,19,38,0.5
mnnm,59,41,100,0.59
mnnn,90,65,155,0.58
mnns,43,32,75,0.57
mnnt,0,1,1,0.0
mnsB,23,29,52,0.44
mnsD,7,6,13,0.54
mnsH,24,24,48,0.5
mnsI,8,5,13,0.62
mnsL,8,11,19,0.42
mnsM,22,33,55,0.4
mnsN,41,41,82,0.5
mnsP,41,38,79,0.52
mnsS,31,34,65,0.48
mnsb,33,33,66,0.5
mnsh,0,3,3,0.0
mnsl,12,11,23,0.52
mnsm,28,17,45,0.62
mnsn,43,33,76,0.57
mnss,27,26,53,0.51
mntB,0,1,1,0.0
mntN,0,1,1,0.0
mntP,0,0,0,
mntm,0,1,1,0.0
mntn,1,0,1,1.0
msBB,8,10,18,0.44
msBD,2,2,4,0.5
msBK,2,3,5,0.4
msBL,7,7,14,0.5
msBM,12,16,28,0.43
msBN,24,28,52,0.46
msBP,22,31,53,0.42
msBS,11,11,22,0.5
msBb,14,16,30,0.47
msBh,2,2,4,0.5
msBj,6,6,12,0.5
msBl,8,7,15,0.53
msBm,17,19,36,0.47
msBn,26,28,54,0.48
msBs,13,14,27,0.48
msBt,5,4,9,0.56
msDB,4,9,13,0.31
msDD,3,7,10,0.3
msDH,2,2,4,0.5
msDL,2,1,3,0.67
msDM,7,12,19,0.37
msDN,10,5,15,0.67
msDP,4,2,6,0.67
msDS,6,6,12,0.5
msDb,6,5,11,0.55
msDh,1,0,1,1.0
msDl,3,2,5,0.6
msDm,10,11,21,0.48
msDn,8,7,15,0.53
msDs,6,2,8,0.75
msDt,0,1,1,0.0
msHB,20,17,37,0.54
msHD,5,7,12,0.42
msHH,4,5,9,0.44
msHI,4,4,8,0.5
msHK,3,1,4,0.75
msHL,6,8,14,0.43
msHM,23,27,50,0.46
msHN,34,30,64,0.53
msHP,30,28,58,0.52
msHS,25,24,49,0.51
msHb,16,17,33,0.48
msHh,10,21,31,0.32
msHl,7,6,13,0.54
msHm,34,24,58,0.59
msHn,22,22,44,0.5
msHs,23,14,37,0.62
msHt,2,0,2,1.0
msIB,5,1,6,0.83
msIH,2,4,6,0.33
msII,0,1,1,0.0
msIL,1,0,1,1.0
msIM,5,7,12,0.42
msIN,1,3,4,0.25
msIP,4,3,7,0.57
msIS,4,3,7,0.57
msIb,1,5,6,0.17
msIm,6,0,6,1.0
msIn,1,2,3,0.33
msIs,1,4,5,0.2
msIt,0,0,0,
msKB,1,0,1,1.0
msKM,0,1,1,0.0
msKP,1,0,1,1.0
msKS,1,0,1,1.0
msKb,0,2,2,0.0
msKh,1,1,2,0.5
msKm,0,1,1,0.0
msKn,0,1,1,0.0
msKs,0,2,2,0.0
msLB,6,6,12,0.5
msLD,0,0,0,
msLH,1,0,1,1.0
msLK,1,0,1,1.0
msLL,1,7,8,0.12
msLM,4,11,15,0.27
msLN,6,7,13,0.46
msLP,12,7,19,0.63
msLS,9,7,16,0.56
msLb,4,5,9,0.44
msLh,4,2,6,0.67
msLj,2,3,5,0.4
msLl,4,3,7,0.57
msLm,13,9,22,0.59
msLn,15,15,30,0.5
msLs,8,6,14,0.57
msLt,1,1,2,0.5
msMB,23,18,41,0.56
msMD,3,5,8,0.38
msMH,1,0,1,1.0
msMK,0,0,0,
msML,5,6,11,0.45
msMM,25,29,54,0.46
msMN,33,27,60,0.55
msMP,33,30,63,0.52
msMS,12,18,30,0.4
msMb,28,25,53,0.53
msMh,24,33,57,0.42
msMj,2,6,8,0.25
msMl,7,9,16,0.44
msMm,27,25,52,0.52
msMn,42,38,80,0.52
msMs,17,24,41,0.41
msMt,4,7,11,0.36
msNB,20,19,39,0.51
msND,8,3,11,0.73
msNH,5,3,8,0.62
msNI,0,0,0,
msNK,0,3,3,0.0
msNL,9,13,22,0.41
msNM,23,32,55,0.42
msNN,39,32,71,0.55
msNP,51,45,96,0.53
msNS,29,21,50,0.58
msNb,21,22,43,0.49
msNh,6,6,12,0.5
msNl,8,11,19,0.42
msNm,34,27,61,0.56
msNn,48,41,89,0.54
msNs,28,21,49,0.57
msNt,4,3,7,0.57
msPB,27,22,49,0.55
msPD,4,4,8,0.5
msPH,5,11,16,0.31
msPI,4,1,5,0.8
msPK,4,10,14,0.29
msPL,16,12,28,0.57
msPM,26,34,60,0.43
msPN,38,44,82,0.46
msPP,57,49,106,0.54
msPS,20,36,56,0.36
msPb,20,41,61,0.33
msPh,7,7,14,0.5
msPl,13,16,29,0.45
msPm,41,33,74,0.55
msPn,38,32,70,0.54
msPs,25,25,50,0.5
msPt,6,3,9,0.67
msSB,21,25,46,0.46
msSD,3,12,15,0.2
msSH,10,10,20,0.5
msSK,1,1,2,0.5
msSL,6,11,17,0.35
msSM,31,31,62,0.5
msSN,24,20,44,0.55
msSP,31,45,76,0.41
msSS,38,21,59,0.64
msSb,19,27,46,0.41
msSh,15,19,34,0.44
msSl,8,7,15,0.53
msSm,20,23,43,0.47
msSn,25,37,62,0.4
msSs,43,22,65,0.66
msSt,11,6,17,0.65
msbB,17,22,39,0.44
msbD,3,5,8,0.38
msbH,6,5,11,0.55
msbI,1,1,2,0.5
msbJ,8,7,15,0.53
msbK,2,4,6,0.33
msbL,9,3,12,0.75
msbM,34,24,58,0.59
msbN,26,34,60,0.43
msbP,32,29,61,0.52
msbS,15,11,26,0.58
msbb,29,25,54,0.54
msbl,13,7,20,0.65
msbm,15,20,35,0.43
msbn,20,16,36,0.56
msbs,9,8,17,0.53
mshB,0,2,2,0.0
mshH,0,0,0,
mshI,1,0,1,1.0
mshM,0,2,2,0.0
mshN,0,1,1,0.0
mshP,0,2,2,0.0
mshS,0,3,3,0.0
mshb,1,0,1,1.0
mshh,1,0,1,1.0
mshl,1,1,2,0.5
mshm,1,2,3,0.33
mshn,0,1,1,0.0
mshs,1,0,1,1.0
mslB,12,4,16,0.75
mslD,0,1,1,0.0
mslH,3,4,7,0.43
mslI,3,0,3,1.0
mslJ,3,0,3,1.0
mslK,1,0,1,1.0
mslL,2,7,9,0.22
mslM,5,9,14,0.36
mslN,10,8,18,0.56
mslP,14,11,25,0.56
mslS,9,5,14,0.64
mslb,7,6,13,0.54
msll,2,3,5,0.4
mslm,14,3,17,0.82
msln,6,7,13,0.46
msls,6,7,13,0.46
msmB,34,22,56,0.61
msmD,10,4,14,0.71
msmH,23,21,44,0.52
msmI,3,2,5,0.6
msmJ,4,1,5,0.8
msmL,6,8,14,0.43
msmM,29,38,67,0.43
msmN,28,39,67,0.42
msmP,31,27,58,0.53
msmS,24,17,41,0.59
msmb,18,17,35,0.51
msml,9,7,16,0.56
msmm,36,23,59,0.61
msmn,24,27,51,0.47
msms,15,15,30,0.5
msnB,16,20,36,0.44
msnD,12,12,24,0.5
msnH,14,18,32,0.44
msnI,1,1,2,0.5
msnK,4,2,6,0.67
msnL,10,10,20,0.5
msnM,30,36,66,0.45
msnN,36,35,71,0.51
msnP,26,44,70,0.37
msnS,24,18,42,0.57
msnb,20,24,44,0.45
msnl,12,6,18,0.67
msnm,29,26,55,0.53
msnn,30,28,58,0.52
msns,23,17,40,0.57
mssB,19,12,31,0.61
mssD,6,7,13,0.46
mssH,16,20,36,0.44
mssI,1,1,2,0.5
mssK,1,0,1,1.0
mssL,12,8,20,0.6
mssM,14,15,29,0.48
mssN,28,22,50,0.56
mssP,28,17,45,0.62
mssS,21,25,46,0.46
mssb,17,11,28,0.61
mssh,1,3,4,0.25
mssl,10,6,16,0.62
mssm,18,21,39,0.46
mssn,32,14,46,0.7
msss,26,20,46,0.57
mstD,0,1,1,0.0
mstH,1,1,2,0.5
mstM,0,1,1,0.0
mstS,2,0,2,1.0
mstb,1,1,2,0.5
msts,0,0,0,
mtBP,1,0,1,1.0
mtBS,1,0,1,1.0
mtDn,0,0,0,
mtMM,1,0,1,1.0
mtNB,0,0,0,
mtNM,1,0,1,1.0
mtPn,1,0,1,1.0
mtSM,0,0,0,
mtSm,0,0,0,
mtbB,0,1,1,0.0
mtbH,0,1,1,0.0
mtbM,1,0,1,1.0
mttM,0,1,1,0.0
mttb,0,1,1,0.0
nBBB,44,54,98,0.45
nBBD,4,4,8,0.5
nBBH,0,0,0,
nBBI,0,1,1,0.0
nBBK,4,3,7,0.57
nBBL,16,19,35,0.46
nBBM,32,41,73,0.44
nBBN,44,60,104,0.42
nBBP,72,61,133,0.54
nBBS,21,27,48,0.44
nBBb,44,49,93,0.47
nBBh,6,6,12,0.5
nBBj,15,9,24,0.62
nBBl,15,12,27,0.56
nBBm,48,42,90,0.53
nBBn,69,54,123,0.56
nBBs,27,18,45,0.6
nBBt,8,7,15,0.53
nBDB,3,2,5,0.6
nBDD,1,1,2,0.5
nBDH,4,8,12,0.33
nBDI,0,0,0,
nBDL,1,4,5,0.2
nBDM,8,4,12,0.67
nBDN,4,4,8,0.5
nBDP,8,8,16,0.5
nBDS,6,5,11,0.55
nBDb,6,5,11,0.55
nBDl,5,4,9,0.56
nBDm,7,5,12,0.58
nBDn,6,8,14,0.43
nBDs,4,7,11,0.36
nBDt,1,1,2,0.5
nBHB,0,1,1,0.0
nBHH,0,0,0,
nBHK,0,0,0,
nBHL,1,0,1,1.0
nBHM,0,1,1,0.0
nBHP,1,0,1,1.0
nBHb,2,0,2,1.0
nBHm,1,1,2,0.5
nBHs,1,1,2,0.5
nBKB,7,4,11,0.64
nBKI,2,0,2,1.0
nBKL,0,2,2,0.0
nBKM,5,5,10,0.5
nBKN,2,5,7,0.29
nBKP,8,6,14,0.57
nBKS,4,2,6,0.67
nBKb,5,2,7,0.71
nBKh,0,1,1,0.0
nBKl,2,3,5,0.4
nBKm,5,1,6,0.83
nBKn,4,5,9,0.44
nBKs,4,3,7,0.57
nBKt,1,1,2,0.5
nBLB,21,12,33,0.64
nBLD,1,2,3,0.33
nBLH,0,1,1,0.0
nBLK,1,1,2,0.5
nBLL,2,4,6,0.33
nBLM,13,15,28,0.46
nBLN,16,14,30,0.53
nBLP,24,19,43,0.56
nBLS,10,9,19,0.53
nBLb,21,13,34,0.62
nBLh,5,10,15,0.33
nBLj,5,4,9,0.56
nBLl,13,12,25,0.52
nBLm,22,15,37,0.59
nBLn,20,22,42,0.48
nBLs,10,4,14,0.71
nBLt,5,4,9,0.56
nBMB,28,43,71,0.39
nBMD,7,4,11,0.64
nBMK,0,2,2,0.0
nBML,14,12,26,0.54
nBMM,27,42,69,0.39
nBMN,50,42,92,0.54
nBMP,50,44,94,0.53
nBMS,9,22,31,0.29
nBMb,55,52,107,0.51
nBMh,29,47,76,0.38
nBMj,10,12,22,0.45
nBMl,19,18,37,0.51
nBMm,57,42,99,0.58
nBMn,72,67,139,0.52
nBMs,19,25,44,0.43
nBMt,7,5,12,0.58
nBNB,56,43,99,0.57
nBND,8,7,15,0.53
nBNH,18,6,24,0.75
nBNK,2,2,4,0.5
nBNL,15,20,35,0.43
nBNM,45,63,108,0.42
nBNN,77,72,149,0.52
nBNP,86,108,194,0.44
nBNS,26,39,65,0.4
nBNb,48,54,102,0.47
nBNh,22,31,53,0.42
nBNl,30,14,44,0.68
nBNm,51,58,109,0.47
nBNn,90,92,182,0.49
nBNs,44,53,97,0.45
nBNt,9,9,18,0.5
nBPB,52,60,112,0.46
nBPD,6,6,12,0.5
nBPH,18,14,32,0.56
nBPI,8,2,10,0.8
nBPK,8,7,15,0.53
nBPL,20,30,50,0.4
nBPM,52,80,132,0.39
nBPN,80,90,170,0.47
nBPP,100,112,212,0.47
nBPS,42,50,92,0.46
nBPb,71,65,136,0.52
nBPh,8,10,18,0.44
nBPl,28,28,56,0.5
nBPm,73,53,126,0.58
nBPn,70,63,133,0.53
nBPs,33,39,72,0.46
nBPt,8,5,13,0.62
nBSB,22,15,37,0.59
nBSD,3,6,9,0.33
nBSH,9,12,21,0.43
nBSI,1,0,1,1.0
nBSL,11,14,25,0.44
nBSM,23,28,51,0.45
nBSN,33,32,65,0.51
nBSP,38,35,73,0.52
nBSS,30,25,55,0.55
nBSb,24,17,41,0.59
nBSh,11,17,28,0.39
nBSl,12,13,25,0.48
nBSm,19,23,42,0.45
nBSn,49,35,84,0.58
nBSs,32,20,52,0.62
nBSt,3,3,6,0.5
nBbB,42,43,85,0.49
nBbD,6,5,11,0.55
nBbH,16,15,31,0.52
nBbI,7,5,12,0.58
nBbJ,19,14,33,0.58
nBbK,7,2,9,0.78
nBbL,18,17,35,0.51
nBbM,51,45,96,0.53
nBbN,69,54,123,0.56
nBbP,57,61,118,0.48
nBbS,19,24,43,0.44
nBbb,41,47,88,0.47
nBbl,15,17,32,0.47
nBbm,37,24,61,0.61
nBbn,52,56,108,0.48
nBbs,28,18,46,0.61
nBhB,3,4,7,0.43
nBhD,1,1,2,0.5
nBhH,0,1,1,0.0
nBhI,0,0,0,
nBhL,2,2,4,0.5
nBhM,2,2,4,0.5
nBhN,4,7,11,0.36
nBhP,13,5,18,0.72
nBhS,3,6,9,0.33
nBhb,6,12,18,0.33
nBhh,0,4,4,0.0
nBhl,4,1,5,0.8
nBhm,5,1,6,0.83
nBhn,9,6,15,0.6
nBhs,3,0,3,1.0
nBht,1,1,2,0.5
nBjB,14,19,33,0.42
nBjD,0,1,1,0.0
nBjH,1,3,4,0.25
nBjI,1,1,2,0.5
nBjK,1,0,1,1.0
nBjL,6,4,10,0.6
nBjM,18,13,31,0.58
nBjN,14,16,30,0.47
nBjP,21,22,43,0.49
nBjS,17,10,27,0.63
nBjb,16,16,32,0.5
nBjh,6,3,9,0.67
nBjl,4,11,15,0.27
nBjm,11,10,21,0.52
nBjn,15,20,35,0.43
nBjs,10,10,20,0.5
nBjt,1,3,4,0.25
nBlB,12,15,27,0.44
nBlD,2,0,2,1.0
nBlH,12,13,25,0.48
nBlI,2,2,4,0.5
nBlJ,2,10,12,0.17
nBlK,0,2,2,0.0
nBlL,10,16,26,0.38
nBlM,21,14,35,0.6
nBlN,18,24,42,0.43
nBlP,19,24,43,0.44
nBlS,17,13,30,0.57
nBlb,18,19,37,0.49
nBll,10,6,16,0.62
nBlm,15,17,32,0.47
nBln,15,20,35,0.43
nBls,13,12,25,0.52
nBmB,43,20,63,0.68
nBmD,7,8,15,0.47
nBmH,37,38,75,0.49
nBmI,4,0,4,1.0
nBmJ,15,3,18,0.83
nBmK,0,1,1,0.0
nBmL,12,15,27,0.44
nBmM,52,48,100,0.52
nBmN,56,68,124,0.45
nBmP,62,52,114,0.54
nBmS,28,32,60,0.47
nBmb,44,46,90,0.49
nBml,12,11,23,0.52
nBmm,42,32,74,0.57
nBmn,47,48,95,0.49
nBms,21,23,44,0.48
nBnB,45,48,93,0.48
nBnD,7,5,12,0.58
nBnH,40,28,68,0.59
nBnI,15,12,27,0.56
nBnK,5,9,14,0.36
nBnL,23,18,41,0.56
nBnM,66,72,138,0.48
nBnN,103,115,218,0.47
nBnP,115,142,257,0.45
nBnS,52,68,120,0.43
nBnb,65,54,119,0.55
nBnh,0,2,2,0.0
nBnl,22,35,57,0.39
nBnm,78,55,133,0.59
nBnn,76,87,163,0.47
nBns,55,45,100,0.55
nBnt,1,1,2,0.5
nBsB,7,19,26,0.27
nBsD,4,4,8,0.5
nBsH,23,25,48,0.48
nBsI,4,5,9,0.44
nBsK,2,1,3,0.67
nBsL,6,4,10,0.6
nBsM,14,22,36,0.39
nBsN,34,31,65,0.52
nBsP,39,31,70,0.56
nBsS,21,31,52,0.4
nBsb,31,21,52,0.6
nBsh,1,1,2,0.5
nBsl,13,9,22,0.59
nBsm,27,21,48,0.56
nBsn,32,30,62,0.52
nBss,20,12,32,0.62
nBtB,7,8,15,0.47
nBtD,0,0,0,
nBtH,3,5,8,0.38
nBtL,1,1,2,0.5
nBtM,4,11,15,0.27
nBtN,10,11,21,0.48
nBtP,16,15,31,0.52
nBtS,9,11,20,0.45
nBtb,3,5,8,0.38
nBtl,2,4,6,0.33
nBtm,10,4,14,0.71
nBtn,6,7,13,0.46
nBts,11,6,17,0.65
nBtt,6,2,8,0.75
nDBB,8,3,11,0.73
nDBD,3,0,3,1.0
nDBK,1,2,3,0.33
nDBL,1,2,3,0.33
nDBM,3,7,10,0.3
nDBN,5,6,11,0.45
nDBP,6,8,14,0.43
nDBS,8,7,15,0.53
nDBb,1,1,2,0.5
nDBh,1,0,1,1.0
nDBj,2,2,4,0.5
nDBl,5,4,9,0.56
nDBm,13,4,17,0.76
nDBn,12,5,17,0.71
nDBs,1,5,6,0.17
nDBt,1,0,1,1.0
nDDB,6,2,8,0.75
nDDD,2,1,3,0.67
nDDI,1,0,1,1.0
nDDL,2,0,2,1.0
nDDM,4,5,9,0.44
nDDN,5,2,7,0.71
nDDP,4,3,7,0.57
nDDS,2,3,5,0.4
nDDb,1,1,2,0.5
nDDl,1,1,2,0.5
nDDm,8,4,12,0.67
nDDn,3,3,6,0.5
nDDs,2,3,5,0.4
nDHB,7,6,13,0.54
nDHD,2,1,3,0.67
nDHH,2,1,3,0.67
nDHI,1,0,1,1.0
nDHK,0,1,1,0.0
nDHL,4,1,5,0.8
nDHM,9,6,15,0.6
nDHN,15,5,20,0.75
nDHP,11,10,21,0.52
nDHS,14,7,21,0.67
nDHb,5,6,11,0.45
nDHh,8,3,11,0.73
nDHl,1,3,4,0.25
nDHm,8,4,12,0.67
nDHn,6,9,15,0.4
nDHs,6,3,9,0.67
nDHt,1,0,1,1.0
nDIB,0,1,1,0.0
nDID,1,0,1,1.0
nDIH,0,1,1,0.0
nDIL,0,1,1,0.0
nDIM,0,0,0,
nDIP,1,1,2,0.5
nDIS,0,1,1,0.0
nDIm,2,0,2,1.0
nDIs,2,0,2,1.0
nDKP,1,0,1,1.0
nDKS,0,1,1,0.0
nDKs,0,0,0,
nDLB,3,5,8,0.38
nDLK,0,1,1,0.0
nDLL,2,3,5,0.4
nDLM,2,6,8,0.25
nDLN,6,2,8,0.75
nDLP,3,2,5,0.6
nDLS,3,1,4,0.75
nDLb,1,8,9,0.11
nDLh,1,1,2,0.5
nDLj,2,0,2,1.0
nDLl,1,3,4,0.25
nDLm,7,1,8,0.88
nDLn,7,2,9,0.78
nDLs,1,4,5,0.2
nDLt,0,2,2,0.0
nDMB,11,16,27,0.41
nDMD,1,2,3,0.33
nDML,2,4,6,0.33
nDMM,8,14,22,0.36
nDMN,8,14,22,0.36
nDMP,10,8,18,0.56
nDMS,14,10,24,0.58
nDMb,9,2,11,0.82
nDMh,4,7,11,0.36
nDMj,3,0,3,1.0
nDMl,1,7,8,0.12
nDMm,13,11,24,0.54
nDMn,13,16,29,0.45
nDMs,4,12,16,0.25
nDMt,2,1,3,0.67
nDNB,6,9,15,0.4
nDND,2,2,4,0.5
nDNH,0,3,3,0.0
nDNK,1,2,3,0.33
nDNL,0,0,0,
nDNM,7,10,17,0.41
nDNN,8,7,15,0.53
nDNP,28,15,43,0.65
nDNS,5,6,11,0.45
nDNb,4,5,9,0.44
nDNh,6,1,7,0.86
nDNl,1,6,7,0.14
nDNm,11,7,18,0.61
nDNn,14,13,27,0.52
nDNs,3,3,6,0.5
nDNt,0,1,1,0.0
nDPB,4,12,16,0.25
nDPD,1,1,2,0.5
nDPH,1,2,3,0.33
nDPI,2,2,4,0.5
nDPK,2,0,2,1.0
nDPL,9,9,18,0.5
nDPM,5,17,22,0.23
nDPN,9,15,24,0.38
nDPP,15,23,38,0.39
nDPS,10,15,25,0.4
nDPb,7,11,18,0.39
nDPh,1,1,2,0.5
nDPl,6,5,11,0.55
nDPm,14,12,26,0.54
nDPn,16,12,28,0.57
nDPs,12,11,23,0.52
nDPt,1,1,2,0.5
nDSB,5,10,15,0.33
nDSD,1,1,2,0.5
nDSH,3,3,6,0.5
nDSI,0,1,1,0.0
nDSL,4,2,6,0.67
nDSM,9,8,17,0.53
nDSN,4,11,15,0.27
nDSP,9,15,24,0.38
nDSS,18,12,30,0.6
nDSb,6,9,15,0.4
nDSh,6,4,10,0.6
nDSl,5,3,8,0.62
nDSm,2,11,13,0.15
nDSn,11,12,23,0.48
nDSs,11,11,22,0.5
nDSt,0,2,2,0.0
nDbB,9,7,16,0.56
nDbD,1,0,1,1.0
nDbH,2,1,3,0.67
nDbI,1,1,2,0.5
nDbJ,3,3,6,0.5
nDbK,1,2,3,0.33
nDbL,5,1,6,0.83
nDbM,5,4,9,0.56
nDbN,12,13,25,0.48
nDbP,15,10,25,0.6
nDbS,3,3,6,0.5
nDbb,6,5,11,0.55
nDbl,3,2,5,0.6
nDbm,11,7,18,0.61
nDbn,12,7,19,0.63
nDbs,2,7,9,0.22
nDhB,0,1,1,0.0
nDhM,1,0,1,1.0
nDhN,0,1,1,0.0
nDhP,1,0,1,1.0
nDhb,1,0,1,1.0
nDhn,1,2,3,0.33
nDlB,2,3,5,0.4
nDlD,1,0,1,1.0
nDlH,3,3,6,0.5
nDlI,1,0,1,1.0
nDlJ,1,3,4,0.25
nDlK,1,0,1,1.0
nDlL,2,1,3,0.67
nDlM,3,2,5,0.6
nDlN,3,3,6,0.5
nDlP,5,3,8,0.62
nDlS,3,0,3,1.0
nDlb,5,3,8,0.62
nDll,1,1,2,0.5
nDlm,1,2,3,0.33
nDln,4,4,8,0.5
nDls,0,2,2,0.0
nDmB,7,7,14,0.5
nDmD,3,3,6,0.5
nDmH,6,8,14,0.43
nDmI,2,0,2,1.0
nDmJ,1,1,2,0.5
nDmL,6,1,7,0.86
nDmM,9,15,24,0.38
nDmN,8,9,17,0.47
nDmP,13,12,25,0.52
nDmS,6,6,12,0.5
nDmb,10,12,22,0.45
nDml,2,4,6,0.33
nDmm,9,10,19,0.47
nDmn,10,6,16,0.62
nDms,7,8,15,0.47
nDnB,7,9,16,0.44
nDnD,5,3,8,0.62
nDnH,8,5,13,0.62
nDnI,1,2,3,0.33
nDnK,0,1,1,0.0
nDnL,2,4,6,0.33
nDnM,5,14,19,0.26
nDnN,11,16,27,0.41
nDnP,13,14,27,0.48
nDnS,10,7,17,0.59
nDnb,8,8,16,0.5
nDnl,2,1,3,0.67
nDnm,7,6,13,0.54
nDnn,10,12,22,0.45
nDns,4,5,9,0.44
nDsB,4,6,10,0.4
nDsD,2,3,5,0.4
nDsH,8,10,18,0.44
nDsI,0,1,1,0.0
nDsL,1,3,4,0.25
nDsM,6,9,15,0.4
nDsN,10,7,17,0.59
nDsP,8,9,17,0.47
nDsS,6,12,18,0.33
nDsb,13,3,16,0.81
nDsh,0,1,1,0.0
nDsl,2,3,5,0.4
nDsm,6,11,17,0.35
nDsn,9,7,16,0.56
nDss,6,8,14,0.43
nDtB,0,2,2,0.0
nDtH,2,1,3,0.67
nDtM,0,1,1,0.0
nDtN,1,3,4,0.25
nDtP,4,1,5,0.8
nDtS,1,0,1,1.0
nDtb,0,1,1,0.0
nDtl,0,0,0,
nDtm,5,0,5,1.0
nDtn,1,4,5,0.2
nDts,2,1,3,0.67
nHBB,20,23,43,0.47
nHBD,4,3,7,0.57
nHBK,2,1,3,0.67
nHBL,1,8,9,0.11
nHBM,17,28,45,0.38
nHBN,21,45,66,0.32
nHBP,26,34,60,0.43
nHBS,15,16,31,0.48
nHBb,25,16,41,0.61
nHBh,2,4,6,0.33
nHBj,9,7,16,0.56
nHBl,15,13,28,0.54
nHBm,24,14,38,0.63
nHBn,36,43,79,0.46
nHBs,14,15,29,0.48
nHBt,5,5,10,0.5
nHDB,3,0,3,1.0
nHDD,0,1,1,0.0
nHDH,5,6,11,0.45
nHDI,1,0,1,1.0
nHDL,1,0,1,1.0
nHDM,2,6,8,0.25
nHDN,6,6,12,0.5
nHDP,5,4,9,0.56
nHDS,8,5,13,0.62
nHDb,5,4,9,0.56
nHDl,0,1,1,0.0
nHDm,3,9,12,0.25
nHDn,10,2,12,0.83
nHDs,2,9,11,0.18
nHHB,4,2,6,0.67
nHHD,0,2,2,0.0
nHHH,3,2,5,0.6
nHHK,1,2,3,0.33
nHHL,1,2,3,0.33
nHHM,8,10,18,0.44
nHHN,8,3,11,0.73
nHHP,10,5,15,0.67
nHHS,5,12,17,0.29
nHHb,7,4,11,0.64
nHHh,2,2,4,0.5
nHHl,1,1,2,0.5
nHHm,3,3,6,0.5
nHHn,6,4,10,0.6
nHHs,7,10,17,0.41
nHIB,1,2,3,0.33
nHID,2,1,3,0.67
nHIH,5,3,8,0.62
nHIL,0,2,2,0.0
nHIM,6,3,9,0.67
nHIN,7,3,10,0.7
nHIP,5,6,11,0.45
nHIS,1,4,5,0.2
nHIb,3,2,5,0.6
nHIm,4,2,6,0.67
nHIn,4,2,6,0.67
nHIs,2,5,7,0.29
nHKB,1,3,4,0.25
nHKH,1,0,1,1.0
nHKL,2,2,4,0.5
nHKM,2,3,5,0.4
nHKN,3,4,7,0.43
nHKP,5,7,12,0.42
nHKS,5,1,6,0.83
nHKb,2,1,3,0.67
nHKh,4,1,5,0.8
nHKl,1,2,3,0.33
nHKm,3,1,4,0.75
nHKn,2,2,4,0.5
nHKs,3,1,4,0.75
nHKt,3,0,3,1.0
nHLB,8,5,13,0.62
nHLD,1,1,2,0.5
nHLK,0,2,2,0.0
nHLL,3,4,7,0.43
nHLM,7,20,27,0.26
nHLN,10,18,28,0.36
nHLP,18,13,31,0.58
nHLS,4,13,17,0.24
nHLb,12,11,23,0.52
nHLh,8,8,16,0.5
nHLj,4,2,6,0.67
nHLl,5,1,6,0.83
nHLm,8,6,14,0.57
nHLn,19,8,27,0.7
nHLs,13,7,20,0.65
nHLt,0,3,3,0.0
nHMB,29,21,50,0.58
nHMD,4,4,8,0.5
nHML,10,9,19,0.53
nHMM,29,37,66,0.44
nHMN,36,37,73,0.49
nHMP,48,53,101,0.48
nHMS,18,22,40,0.45
nHMb,36,32,68,0.53
nHMh,38,30,68,0.56
nHMj,11,9,20,0.55
nHMl,10,17,27,0.37
nHMm,34,22,56,0.61
nHMn,52,52,104,0.5
nHMs,24,18,42,0.57
nHMt,6,7,13,0.46
nHNB,28,27,55,0.51
nHND,6,6,12,0.5
nHNH,3,8,11,0.27
nHNI,1,0,1,1.0
nHNK,3,4,7,0.43
nHNL,17,18,35,0.49
nHNM,45,48,93,0.48
nHNN,52,50,102,0.51
nHNP,62,71,133,0.47
nHNS,30,44,74,0.41
nHNb,39,39,78,0.5
nHNh,14,19,33,0.42
nHNl,19,13,32,0.59
nHNm,44,44,88,0.5
nHNn,62,58,120,0.52
nHNs,41,27,68,0.6
nHNt,7,7,14,0.5
nHPB,32,42,74,0.43
nHPD,9,3,12,0.75
nHPH,17,19,36,0.47
nHPI,7,3,10,0.7
nHPK,5,5,10,0.5
nHPL,22,24,46,0.48
nHPM,57,67,124,0.46
nHPN,49,61,110,0.45
nHPP,87,76,163,0.53
nHPS,44,41,85,0.52
nHPb,56,41,97,0.58
nHPh,3,7,10,0.3
nHPl,26,23,49,0.53
nHPm,52,53,105,0.5
nHPn,60,52,112,0.54
nHPs,43,40,83,0.52
nHPt,7,8,15,0.47
nHSB,11,25,36,0.31
nHSD,2,4,6,0.33
nHSH,8,13,21,0.38
nHSI,0,1,1,0.0
nHSK,0,0,0,
nHSL,10,4,14,0.71
nHSM,28,31,59,0.47
nHSN,21,25,46,0.46
nHSP,36,33,69,0.52
nHSS,26,29,55,0.47
nHSb,18,15,33,0.55
nHSh,13,20,33,0.39
nHSl,19,12,31,0.61
nHSm,29,34,63,0.46
nHSn,31,35,66,0.47
nHSs,28,24,52,0.54
nHSt,3,5,8,0.38
nHbB,27,34,61,0.44
nHbD,2,2,4,0.5
nHbH,10,7,17,0.59
nHbI,2,4,6,0.33
nHbJ,6,11,17,0.35
nHbK,3,3,6,0.5
nHbL,8,19,27,0.3
nHbM,39,35,74,0.53
nHbN,39,39,78,0.5
nHbP,43,41,84,0.51
nHbS,21,13,34,0.62
nHbb,31,40,71,0.44
nHbh,0,1,1,0.0
nHbl,15,11,26,0.58
nHbm,23,20,43,0.53
nHbn,28,31,59,0.47
nHbs,12,18,30,0.4
nHhB,14,8,22,0.64
nHhD,0,0,0,
nHhH,2,7,9,0.22
nHhI,2,0,2,1.0
nHhK,0,1,1,0.0
nHhL,6,5,11,0.55
nHhM,22,21,43,0.51
nHhN,13,13,26,0.5
nHhP,20,21,41,0.49
nHhS,17,14,31,0.55
nHhb,9,13,22,0.41
nHhh,12,13,25,0.48
nHhl,11,6,17,0.65
nHhm,12,5,17,0.71
nHhn,24,11,35,0.69
nHhs,15,9,24,0.62
nHht,5,2,7,0.71
nHlB,10,13,23,0.43
nHlD,2,2,4,0.5
nHlH,13,12,25,0.52
nHlI,1,0,1,1.0
nHlJ,3,5,8,0.38
nHlK,1,3,4,0.25
nHlL,8,13,21,0.38
nHlM,11,12,23,0.48
nHlN,13,25,38,0.34
nHlP,20,13,33,0.61
nHlS,7,13,20,0.35
nHlb,13,18,31,0.42
nHlh,1,0,1,1.0
nHll,5,6,11,0.45
nHlm,15,15,30,0.5
nHln,9,13,22,0.41
nHls,9,10,19,0.47
nHmB,26,25,51,0.51
nHmD,9,5,14,0.64
nHmH,31,28,59,0.53
nHmI,3,1,4,0.75
nHmJ,6,4,10,0.6
nHmL,16,15,31,0.52
nHmM,27,35,62,0.44
nHmN,48,45,93,0.52
nHmP,43,39,82,0.52
nHmS,30,24,54,0.56
nHmb,31,25,56,0.55
nHml,8,10,18,0.44
nHmm,30,25,55,0.55
nHmn,39,36,75,0.52
nHms,16,14,30,0.53
nHnB,29,34,63,0.46
nHnD,4,5,9,0.44
nHnH,28,21,49,0.57
nHnI,5,7,12,0.42
nHnK,3,2,5,0.6
nHnL,23,20,43,0.53
nHnM,40,55,95,0.42
nHnN,63,51,114,0.55
nHnP,69,76,145,0.48
nHnS,43,40,83,0.52
nHnb,40,30,70,0.57
nHnh,2,1,3,0.67
nHnl,18,20,38,0.47
nHnm,35,19,54,0.65
nHnn,48,50,98,0.49
nHns,33,22,55,0.6
nHnt,0,1,1,0.0
nHsB,15,13,28,0.54
nHsD,6,4,10,0.6
nHsH,28,21,49,0.57
nHsI,1,4,5,0.2
nHsK,0,2,2,0.0
nHsL,19,6,25,0.76
nHsM,23,30,53,0.43
nHsN,24,26,50,0.48
nHsP,36,30,66,0.55
nHsS,26,27,53,0.49
nHsb,23,23,46,0.5
nHsh,2,0,2,1.0
nHsl,11,8,19,0.58
nHsm,28,19,47,0.6
nHsn,30,32,62,0.48
nHss,36,25,61,0.59
nHtB,1,2,3,0.33
nHtD,1,0,1,1.0
nHtH,3,1,4,0.75
nHtM,4,1,5,0.8
nHtN,6,4,10,0.6
nHtP,4,5,9,0.44
nHtS,3,2,5,0.6
nHtb,1,4,5,0.2
nHtl,1,0,1,1.0
nHtm,2,2,4,0.5
nHtn,2,2,4,0.5
nHts,1,3,4,0.25
nIBB,5,6,11,0.45
nIBD,1,1,2,0.5
nIBK,0,3,3,0.0
nIBL,1,2,3,0.33
nIBM,5,6,11,0.45
nIBN,11,10,21,0.52
nIBP,13,11,24,0.54
nIBS,4,2,6,0.67
nIBb,3,3,6,0.5
nIBj,4,0,4,1.0
nIBl,5,2,7,0.71
nIBm,7,8,15,0.47
nIBn,13,11,24,0.54
nIBs,7,3,10,0.7
nIBt,1,2,3,0.33
nIDB,3,3,6,0.5
nIDD,2,2,4,0.5
nIDH,1,0,1,1.0
nIDL,1,0,1,1.0
nIDM,0,3,3,0.0
nIDN,2,4,6,0.33
nIDP,5,3,8,0.62
nIDS,1,3,4,0.25
nIDb,3,2,5,0.6
nIDh,0,1,1,0.0
nIDm,2,1,3,0.67
nIDn,0,1,1,0.0
nIDs,1,0,1,1.0
nIHB,9,7,16,0.56
nIHD,0,1,1,0.0
nIHH,1,2,3,0.33
nIHK,1,0,1,1.0
nIHL,4,1,5,0.8
nIHM,6,10,16,0.38
nIHN,7,5,12,0.58
nIHP,5,8,13,0.38
nIHS,4,4,8,0.5
nIHb,7,7,14,0.5
nIHh,2,3,5,0.4
nIHl,3,3,6,0.5
nIHm,10,6,16,0.62
nIHn,6,7,13,0.46
nIHs,11,6,17,0.65
nIHt,0,1,1,0.0
nIIB,0,3,3,0.0
nIIH,2,1,3,0.67
nIIL,0,1,1,0.0
nIIM,0,2,2,0.0
nIIN,0,1,1,0.0
nIIP,0,1,1,0.0
nIIS,2,2,4,0.5
nIIb,1,0,1,1.0
nIIl,0,1,1,0.0
nIIm,5,1,6,0.83
nIIn,0,1,1,0.0
nIIs,0,2,2,0.0
nIKM,1,1,2,0.5
nIKP,1,0,1,1.0
nIKm,0,1,1,0.0
nILB,2,0,2,1.0
nILK,4,0,4,1.0
nILL,1,1,2,0.5
nILM,2,1,3,0.67
nILN,5,6,11,0.45
nILP,4,5,9,0.44
nILS,1,1,2,0.5
nILb,1,2,3,0.33
nILh,0,1,1,0.0
nILl,3,3,6,0.5
nILm,3,4,7,0.43
nILn,8,6,14,0.57
nILs,3,1,4,0.75
nILt,1,1,2,0.5
nIMB,4,10,14,0.29
nIMD,0,3,3,0.0
nIMK,0,0,0,
nIML,1,2,3,0.33
nIMM,5,13,18,0.28
nIMN,14,10,24,0.58
nIMP,14,9,23,0.61
nIMS,5,4,9,0.56
nIMb,8,6,14,0.57
nIMh,8,8,16,0.5
nIMj,1,1,2,0.5
nIMl,6,4,10,0.6
nIMm,15,9,24,0.62
nIMn,7,16,23,0.3
nIMs,5,3,8,0.62
nIMt,5,2,7,0.71
nINB,4,7,11,0.36
nIND,2,1,3,0.67
nINH,3,3,6,0.5
nINK,0,1,1,0.0
nINL,3,4,7,0.43
nINM,7,12,19,0.37
nINN,13,14,27,0.48
nINP,12,18,30,0.4
nINS,6,8,14,0.43
nINb,8,9,17,0.47
nINh,1,2,3,0.33
nINl,7,2,9,0.78
nINm,10,5,15,0.67
nINn,18,12,30,0.6
nINs,1,4,5,0.2
nINt,3,0,3,1.0
nIPB,12,12,24,0.5
nIPD,1,1,2,0.5
nIPH,4,3,7,0.57
nIPI,0,1,1,0.0
nIPK,2,1,3,0.67
nIPL,3,8,11,0.27
nIPM,20,27,47,0.43
nIPN,15,16,31,0.48
nIPP,19,13,32,0.59
nIPS,8,13,21,0.38
nIPb,3,11,14,0.21
nIPh,3,0,3,1.0
nIPl,4,3,7,0.57
nIPm,15,12,27,0.56
nIPn,3,12,15,0.2
nIPs,9,10,19,0.47
nIPt,1,4,5,0.2
nISB,3,4,7,0.43
nISD,2,1,3,0.67
nISH,5,3,8,0.62
nISK,1,0,1,1.0
nISL,5,2,7,0.71
nISM,4,9,13,0.31
nISN,11,11,22,0.5
nISP,8,8,16,0.5
nISS,6,6,12,0.5
nISb,5,3,8,0.62
nISh,1,2,3,0.33
nISl,2,3,5,0.4
nISm,3,6,9,0.33
nISn,9,8,17,0.53
nISs,6,5,11,0.55
nISt,2,2,4,0.5
nIbB,9,7,16,0.56
nIbD,0,0,0,
nIbH,2,3,5,0.4
nIbI,0,0,0,
nIbJ,1,2,3,0.33
nIbK,2,1,3,0.67
nIbL,8,3,11,0.73
nIbM,7,8,15,0.47
nIbN,8,10,18,0.44
nIbP,12,15,27,0.44
nIbS,4,6,10,0.4
nIbb,10,11,21,0.48
nIbl,7,0,7,1.0
nIbm,9,8,17,0.53
nIbn,8,12,20,0.4
nIbs,7,6,13,0.54
nIhh,1,0,1,1.0
nIhl,0,1,1,0.0
nIhs,0,0,0,
nIlB,4,6,10,0.4
nIlD,1,0,1,1.0
nIlH,1,2,3,0.33
nIlJ,0,0,0,
nIlK,0,0,0,
nIlL,0,1,1,0.0
nIlM,0,2,2,0.0
nIlN,3,4,7,0.43
nIlP,5,5,10,0.5
nIlS,2,3,5,0.4
nIlb,0,3,3,0.0
nIll,4,0,4,1.0
nIlm,4,1,5,0.8
nIln,1,1,2,0.5
nIls,1,1,2,0.5
nImB,11,8,19,0.58
nImD,2,1,3,0.67
nImH,3,6,9,0.33
nImI,1,3,4,0.25
nImJ,1,1,2,0.5
nImL,0,1,1,0.0
nImM,13,9,22,0.59
nImN,16,13,29,0.55
nImP,11,9,20,0.55
nImS,3,8,11,0.27
nImb,9,10,19,0.47
nIml,0,1,1,0.0
nImm,9,6,15,0.6
nImn,11,6,17,0.65
nIms,2,10,12,0.17
nInB,5,4,9,0.56
nInD,0,1,1,0.0
nInH,11,6,17,0.65
nInI,1,1,2,0.5
nInK,0,2,2,0.0
nInL,3,3,6,0.5
nInM,7,14,21,0.33
nInN,11,7,18,0.61
nInP,16,14,30,0.53
nInS,5,8,13,0.38
nInb,11,6,17,0.65
nInl,6,5,11,0.55
nInm,12,13,25,0.48
nInn,13,6,19,0.68
nIns,6,7,13,0.46
nIsB,4,4,8,0.5
nIsD,1,2,3,0.33
nIsH,4,5,9,0.44
nIsI,0,1,1,0.0
nIsL,4,1,5,0.8
nIsM,7,6,13,0.54
nIsN,12,4,16,0.75
nIsP,13,5,18,0.72
nIsS,9,6,15,0.6
nIsb,3,1,4,0.75
nIsh,1,0,1,1.0
nIsm,5,5,10,0.5
nIsn,4,5,9,0.44
nIss,6,4,10,0.6
nIst,0,1,1,0.0
nItB,0,1,1,0.0
nItH,1,0,1,1.0
nItM,0,0,0,
nItN,1,2,3,0.33
nItP,2,3,5,0.4
nItS,2,1,3,0.67
nItb,1,0,1,1.0
nItm,0,1,1,0.0
nItn,1,1,2,0.5
nKBB,2,3,5,0.4
nKBK,1,1,2,0.5
nKBL,1,1,2,0.5
nKBM,4,5,9,0.44
nKBN,2,4,6,0.33
nKBP,4,5,9,0.44
nKBS,2,2,4,0.5
nKBb,6,3,9,0.67
nKBh,0,1,1,0.0
nKBj,1,0,1,1.0
nKBl,1,2,3,0.33
nKBm,4,4,8,0.5
nKBn,5,5,10,0.5
nKBs,1,3,4,0.25
nKBt,1,0,1,1.0
nKDB,0,3,3,0.0
nKDH,2,1,3,0.67
nKDM,2,3,5,0.4
nKDN,2,1,3,0.67
nKDP,1,0,1,1.0
nKDS,2,0,2,1.0
nKDb,1,0,1,1.0
nKDl,1,0,1,1.0
nKDm,2,3,5,0.4
nKDn,1,0,1,1.0
nKDs,1,0,1,1.0
nKDt,1,0,1,1.0
nKHB,0,1,1,0.0
nKHH,0,1,1,0.0
nKHI,1,0,1,1.0
nKHM,0,1,1,0.0
nKHN,1,0,1,1.0
nKHS,4,1,5,0.8
nKHb,1,2,3,0.33
nKHn,1,4,5,0.2
nKHs,3,1,4,0.75
nKIB,1,0,1,1.0
nKIH,1,0,1,1.0
nKIL,0,0,0,
nKIM,2,0,2,1.0
nKIN,2,0,2,1.0
nKIP,1,1,2,0.5
nKIS,1,0,1,1.0
nKIb,1,1,2,0.5
nKIl,0,1,1,0.0
nKIn,0,2,2,0.0
nKIs,0,1,1,0.0
nKKM,1,0,1,1.0
nKKN,1,0,1,1.0
nKKh,1,0,1,1.0
nKKl,0,1,1,0.0
nKKn,0,1,1,0.0
nKKs,1,0,1,1.0
nKLB,0,2,2,0.0
nKLD,1,0,1,1.0
nKLL,1,3,4,0.25
nKLM,0,5,5,0.0
nKLN,3,0,3,1.0
nKLP,2,0,2,1.0
nKLS,2,1,3,0.67
nKLb,1,1,2,0.5
nKLh,1,0,1,1.0
nKLj,0,1,1,0.0
nKLl,0,1,1,0.0
nKLm,1,2,3,0.33
nKLn,2,1,3,0.67
nKLs,2,1,3,0.67
nKMB,10,3,13,0.77
nKMD,1,2,3,0.33
nKML,2,2,4,0.5
nKMM,5,7,12,0.42
nKMN,7,3,10,0.7
nKMP,10,5,15,0.67
nKMS,1,5,6,0.17
nKMb,7,4,11,0.64
nKMh,9,3,12,0.75
nKMj,1,2,3,0.33
nKMl,2,3,5,0.4
nKMm,6,10,16,0.38
nKMn,10,8,18,0.56
nKMs,7,5,12,0.58
nKMt,0,2,2,0.0
nKNB,2,5,7,0.29
nKND,0,1,1,0.0
nKNH,1,0,1,1.0
nKNK,1,2,3,0.33
nKNL,2,2,4,0.5
nKNM,1,6,7,0.14
nKNN,7,1,8,0.88
nKNP,9,10,19,0.47
nKNS,7,3,10,0.7
nKNb,7,2,9,0.78
nKNl,4,1,5,0.8
nKNm,6,2,8,0.75
nKNn,6,4,10,0.6
nKNs,8,4,12,0.67
nKPB,12,7,19,0.63
nKPD,0,2,2,0.0
nKPH,0,5,5,0.0
nKPI,2,1,3,0.67
nKPK,0,2,2,0.0
nKPL,4,2,6,0.67
nKPM,9,12,21,0.43
nKPN,4,5,9,0.44
nKPP,12,14,26,0.46
nKPS,8,2,10,0.8
nKPb,8,12,20,0.4
nKPh,1,3,4,0.25
nKPl,8,3,11,0.73
nKPm,11,10,21,0.52
nKPn,5,6,11,0.45
nKPs,5,5,10,0.5
nKPt,1,2,3,0.33
nKSB,4,3,7,0.57
nKSD,0,0,0,
nKSH,1,1,2,0.5
nKSK,1,1,2,0.5
nKSL,0,1,1,0.0
nKSM,5,4,9,0.56
nKSN,0,3,3,0.0
nKSP,7,6,13,0.54
nKSS,4,4,8,0.5
nKSb,2,2,4,0.5
nKSh,5,4,9,0.56
nKSl,1,1,2,0.5
nKSm,6,5,11,0.55
nKSn,4,2,6,0.67
nKSs,4,8,12,0.33
nKSt,1,2,3,0.33
nKbB,0,5,5,0.0
nKbD,1,2,3,0.33
nKbH,0,2,2,0.0
nKbJ,1,1,2,0.5
nKbK,1,1,2,0.5
nKbL,1,1,2,0.5
nKbM,6,7,13,0.46
nKbN,5,3,8,0.62
nKbP,10,5,15,0.67
nKbS,5,2,7,0.71
nKbb,10,2,12,0.83
nKbl,4,2,6,0.67
nKbm,5,2,7,0.71
nKbn,3,5,8,0.38
nKbs,0,2,2,0.0
nKhB,3,1,4,0.75
nKhD,1,0,1,1.0
nKhH,2,1,3,0.67
nKhL,3,3,6,0.5
nKhM,7,4,11,0.64
nKhN,5,3,8,0.62
nKhP,5,6,11,0.45
nKhS,3,8,11,0.27
nKhb,5,8,13,0.38
nKhh,2,3,5,0.4
nKhl,4,6,10,0.4
nKhm,9,9,18,0.5
nKhn,7,5,12,0.58
nKhs,4,8,12,0.33
nKht,0,1,1,0.0
nKlB,1,0,1,1.0
nKlD,1,0,1,1.0
nKlH,3,3,6,0.5
nKlJ,1,0,1,1.0
nKlL,3,2,5,0.6
nKlM,3,8,11,0.27
nKlN,5,3,8,0.62
nKlP,5,4,9,0.56
nKlS,0,2,2,0.0
nKlb,1,2,3,0.33
nKll,2,1,3,0.67
nKlm,4,1,5,0.8
nKln,4,1,5,0.8
nKls,2,4,6,0.33
nKmB,6,5,11,0.55
nKmD,1,2,3,0.33
nKmH,4,6,10,0.4
nKmJ,0,1,1,0.0
nKmL,3,2,5,0.6
nKmM,4,10,14,0.29
nKmN,5,3,8,0.62
nKmP,9,9,18,0.5
nKmS,5,1,6,0.83
nKmb,6,5,11,0.55
nKml,0,1,1,0.0
nKmm,4,7,11,0.36
nKmn,3,8,11,0.27
nKms,3,0,3,1.0
nKnB,2,4,6,0.33
nKnD,1,0,1,1.0
nKnH,6,3,9,0.67
nKnI,1,1,2,0.5
nKnK,2,2,4,0.5
nKnL,2,1,3,0.67
nKnM,10,10,20,0.5
nKnN,6,3,9,0.67
nKnP,15,8,23,0.65
nKnS,13,4,17,0.76
nKnb,4,6,10,0.4
nKnl,2,1,3,0.67
nKnm,7,5,12,0.58
nKnn,11,5,16,0.69
nKns,4,7,11,0.36
nKsB,3,2,5,0.6
nKsH,11,6,17,0.65
nKsI,1,1,2,0.5
nKsL,2,0,2,1.0
nKsM,1,7,8,0.12
nKsN,4,7,11,0.36
nKsP,6,4,10,0.6
nKsS,14,8,22,0.64
nKsb,4,5,9,0.44
nKsl,0,1,1,0.0
nKsm,2,2,4,0.5
nKsn,6,0,6,1.0
nKss,7,5,12,0.58
nKtB,1,0,1,1.0
nKtH,1,0,1,1.0
nKtL,2,0,2,1.0
nKtM,0,1,1,0.0
nKtP,1,2,3,0.33
nKtS,1,0,1,1.0
nKtb,1,0,1,1.0
nKtl,0,1,1,0.0
nKtm,0,0,0,
nKtn,1,0,1,1.0
nKts,1,0,1,1.0
nKtt,0,0,0,
nLBB,17,8,25,0.68
nLBD,1,1,2,0.5
nLBK,1,2,3,0.33
nLBL,6,10,16,0.38
nLBM,11,17,28,0.39
nLBN,24,31,55,0.44
nLBP,34,33,67,0.51
nLBS,3,12,15,0.2
nLBb,25,20,45,0.56
nLBh,2,3,5,0.4
nLBj,8,5,13,0.62
nLBl,6,10,16,0.38
nLBm,16,16,32,0.5
nLBn,26,24,50,0.52
nLBs,7,8,15,0.47
nLBt,2,3,5,0.4
nLDB,1,3,4,0.25
nLDD,1,2,3,0.33
nLDH,0,6,6,0.0
nLDL,0,2,2,0.0
nLDM,2,1,3,0.67
nLDN,2,2,4,0.5
nLDP,3,2,5,0.6
nLDS,2,2,4,0.5
nLDb,3,1,4,0.75
nLDl,2,0,2,1.0
nLDm,4,1,5,0.8
nLDn,1,2,3,0.33
nLDs,3,3,6,0.5
nLDt,1,0,1,1.0
nLHL,0,1,1,0.0
nLHM,0,1,1,0.0
nLHS,1,1,2,0.5
nLHb,0,0,0,
nLHm,1,0,1,1.0
nLKB,0,1,1,0.0
nLKL,1,0,1,1.0
nLKM,2,0,2,1.0
nLKN,2,0,2,1.0
nLKP,4,1,5,0.8
nLKS,0,1,1,0.0
nLKb,1,1,2,0.5
nLKh,1,0,1,1.0
nLKl,0,0,0,
nLKm,2,0,2,1.0
nLKn,1,5,6,0.17
nLKs,4,3,7,0.57
nLLB,8,8,16,0.5
nLLL,3,4,7,0.43
nLLM,12,9,21,0.57
nLLN,10,7,17,0.59
nLLP,7,7,14,0.5
nLLS,7,1,8,0.88
nLLb,8,4,12,0.67
nLLh,3,6,9,0.33
nLLj,3,0,3,1.0
nLLl,3,3,6,0.5
nLLm,13,9,22,0.59
nLLn,14,12,26,0.54
nLLs,3,11,14,0.21
nLLt,2,1,3,0.67
nLMB,29,23,52,0.56
nLMD,4,4,8,0.5
nLML,6,6,12,0.5
nLMM,17,22,39,0.44
nLMN,17,21,38,0.45
nLMP,27,30,57,0.47
nLMS,13,9,22,0.59
nLMb,32,15,47,0.68
nLMh,12,25,37,0.32
nLMj,6,7,13,0.46
nLMl,10,6,16,0.62
nLMm,19,15,34,0.56
nLMn,37,27,64,0.58
nLMs,12,12,24,0.5
nLMt,2,0,2,1.0
nLNB,23,16,39,0.59
nLND,3,3,6,0.5
nLNH,4,5,9,0.44
nLNK,1,1,2,0.5
nLNL,11,11,22,0.5
nLNM,22,29,51,0.43
nLNN,33,29,62,0.53
nLNP,34,43,77,0.44
nLNS,14,20,34,0.41
nLNb,28,24,52,0.54
nLNh,9,7,16,0.56
nLNl,9,4,13,0.69
nLNm,23,19,42,0.55
nLNn,34,35,69,0.49
nLNs,19,14,33,0.58
nLNt,4,4,8,0.5
nLPB,23,21,44,0.52
nLPD,4,5,9,0.44
nLPH,9,10,19,0.47
nLPI,2,1,3,0.67
nLPK,2,4,6,0.33
nLPL,14,13,27,0.52
nLPM,17,36,53,0.32
nLPN,35,31,66,0.53
nLPP,58,55,113,0.51
nLPS,19,29,48,0.4
nLPb,38,25,63,0.6
nLPh,4,4,8,0.5
nLPl,14,16,30,0.47
nLPm,41,20,61,0.67
nLPn,36,31,67,0.54
nLPs,26,18,44,0.59
nLPt,6,5,11,0.55
nLSB,5,11,16,0.31
nLSD,2,1,3,0.67
nLSH,4,3,7,0.57
nLSI,0,1,1,0.0
nLSK,1,1,2,0.5
nLSL,5,4,9,0.56
nLSM,12,16,28,0.43
nLSN,14,12,26,0.54
nLSP,22,22,44,0.5
nLSS,14,17,31,0.45
nLSb,10,16,26,0.38
nLSh,11,10,21,0.52
nLSl,7,5,12,0.58
nLSm,12,14,26,0.46
nLSn,21,23,44,0.48
nLSs,16,14,30,0.53
nLSt,2,1,3,0.67
nLbB,15,21,36,0.42
nLbD,0,1,1,0.0
nLbH,10,7,17,0.59
nLbI,2,5,7,0.29
nLbJ,4,5,9,0.44
nLbK,1,5,6,0.17
nLbL,7,9,16,0.44
nLbM,12,19,31,0.39
nLbN,21,29,50,0.42
nLbP,32,22,54,0.59
nLbS,11,11,22,0.5
nLbb,27,26,53,0.51
nLbl,10,6,16,0.62
nLbm,16,15,31,0.52
nLbn,28,32,60,0.47
nLbs,17,7,24,0.71
nLhB,6,6,12,0.5
nLhD,1,0,1,1.0
nLhH,3,1,4,0.75
nLhI,1,0,1,1.0
nLhL,3,3,6,0.5
nLhM,7,6,13,0.54
nLhN,13,14,27,0.48
nLhP,13,8,21,0.62
nLhS,8,4,12,0.67
nLhb,14,9,23,0.61
nLhh,12,11,23,0.52
nLhl,3,4,7,0.43
nLhm,9,7,16,0.56
nLhn,13,12,25,0.52
nLhs,8,7,15,0.53
nLht,1,2,3,0.33
nLjB,2,9,11,0.18
nLjD,0,0,0,
nLjH,3,3,6,0.5
nLjK,1,0,1,1.0
nLjL,5,3,8,0.62
nLjM,7,8,15,0.47
nLjN,8,4,12,0.67
nLjP,8,9,17,0.47
nLjS,6,8,14,0.43
nLjb,3,6,9,0.33
nLjh,1,1,2,0.5
nLjl,2,4,6,0.33
nLjm,5,3,8,0.62
nLjn,6,8,14,0.43
nLjs,6,2,8,0.75
nLlB,9,7,16,0.56
nLlH,8,5,13,0.62
nLlI,0,1,1,0.0
nLlJ,4,4,8,0.5
nLlK,1,1,2,0.5
nLlL,4,3,7,0.57
nLlM,10,12,22,0.45
nLlN,9,12,21,0.43
nLlP,14,19,33,0.42
nLlS,11,12,23,0.48
nLlb,14,14,28,0.5
nLll,4,6,10,0.4
nLlm,7,8,15,0.47
nLln,16,8,24,0.67
nLls,11,8,19,0.58
nLmB,11,18,29,0.38
nLmD,2,6,8,0.25
nLmH,19,12,31,0.61
nLmI,0,5,5,0.0
nLmJ,4,7,11,0.36
nLmL,8,6,14,0.57
nLmM,20,30,50,0.4
nLmN,25,24,49,0.51
nLmP,25,29,54,0.46
nLmS,11,22,33,0.33
nLmb,19,19,38,0.5
nLml,6,6,12,0.5
nLmm,13,14,27,0.48
nLmn,16,20,36,0.44
nLms,13,11,24,0.54
nLnB,17,21,38,0.45
nLnD,3,5,8,0.38
nLnH,17,23,40,0.42
nLnI,4,5,9,0.44
nLnK,6,3,9,0.67
nLnL,14,10,24,0.58
nLnM,30,33,63,0.48
nLnN,45,46,91,0.49
nLnP,58,46,104,0.56
nLnS,21,32,53,0.4
nLnb,31,28,59,0.53
nLnh,3,0,3,1.0
nLnl,10,15,25,0.4
nLnm,23,20,43,0.53
nLnn,33,35,68,0.49
nLns,21,23,44,0.48
nLsB,13,10,23,0.57
nLsD,4,3,7,0.57
nLsH,12,10,22,0.55
nLsI,4,0,4,1.0
nLsL,4,5,9,0.44
nLsM,17,23,40,0.42
nLsN,13,18,31,0.42
nLsP,15,20,35,0.43
nLsS,8,19,27,0.3
nLsb,12,12,24,0.5
nLsh,1,1,2,0.5
nLsl,5,7,12,0.42
nLsm,17,15,32,0.53
nLsn,11,19,30,0.37
nLss,14,12,26,0.54
nLtB,1,2,3,0.33
nLtD,0,1,1,0.0
nLtH,5,3,8,0.62
nLtL,2,2,4,0.5
nLtM,3,6,9,0.33
nLtN,2,3,5,0.4
nLtP,8,8,16,0.5
nLtS,4,2,6,0.67
nLtb,6,5,11,0.55
nLtl,5,5,10,0.5
nLtm,4,4,8,0.5
nLtn,7,4,11,0.64
nLts,1,1,2,0.5
nLtt,1,1,2,0.5
nMBB,58,59,117,0.5
nMBD,13,8,21,0.62
nMBK,6,8,14,0.43
nMBL,12,21,33,0.36
nMBM,42,60,102,0.41
nMBN,62,63,125,0.5
nMBP,73,71,144,0.51
nMBS,21,26,47,0.45
nMBb,51,60,111,0.46
nMBh,3,4,7,0.43
nMBj,11,21,32,0.34
nMBl,13,15,28,0.46
nMBm,56,40,96,0.58
nMBn,91,87,178,0.51
nMBs,22,31,53,0.42
nMBt,9,14,23,0.39
nMDB,6,3,9,0.67
nMDD,6,4,10,0.6
nMDH,6,7,13,0.46
nMDI,0,3,3,0.0
nMDL,2,2,4,0.5
nMDM,8,11,19,0.42
nMDN,16,5,21,0.76
nMDP,10,11,21,0.48
nMDS,3,7,10,0.3
nMDb,6,10,16,0.38
nMDh,1,0,1,1.0
nMDl,0,1,1,0.0
nMDm,7,11,18,0.39
nMDn,10,6,16,0.62
nMDs,3,4,7,0.43
nMHS,1,0,1,1.0
nMHl,0,1,1,0.0
nMHm,1,2,3,0.33
nMIN,0,1,1,0.0
nMKB,0,0,0,
nMKN,0,0,0,
nMKP,1,1,2,0.5
nMKS,1,0,1,1.0
nMKh,0,2,2,0.0
nMKm,1,2,3,0.33
nMKn,0,1,1,0.0
nMKs,1,0,1,1.0
nMLB,19,21,40,0.48
nMLD,4,3,7,0.57
nMLH,0,2,2,0.0
nMLK,0,1,1,0.0
nMLL,6,5,11,0.55
nMLM,20,23,43,0.47
nMLN,23,19,42,0.55
nMLP,23,26,49,0.47
nMLS,6,10,16,0.38
nMLb,25,15,40,0.62
nMLh,9,12,21,0.43
nMLj,5,0,5,1.0
nMLl,7,12,19,0.37
nMLm,24,13,37,0.65
nMLn,33,33,66,0.5
nMLs,10,14,24,0.42
nMLt,2,1,3,0.67
nMMB,57,59,116,0.49
nMMD,7,4,11,0.64
nMMH,0,1,1,0.0
nMMK,0,0,0,
nMML,12,16,28,0.43
nMMM,52,60,112,0.46
nMMN,58,66,124,0.47
nMMP,69,80,149,0.46
nMMS,32,43,75,0.43
nMMb,65,69,134,0.49
nMMh,43,48,91,0.47
nMMj,6,12,18,0.33
nMMl,24,25,49,0.49
nMMm,70,54,124,0.56
nMMn,109,104,213,0.51
nMMs,33,29,62,0.53
nMMt,3,7,10,0.3
nMNB,44,48,92,0.48
nMND,13,12,25,0.52
nMNH,12,11,23,0.52
nMNK,5,9,14,0.36
nMNL,21,19,40,0.52
nMNM,51,73,124,0.41
nMNN,73,106,179,0.41
nMNP,135,96,231,0.58
nMNS,58,47,105,0.55
nMNb,54,64,118,0.46
nMNh,26,19,45,0.58
nMNl,24,22,46,0.52
nMNm,83,51,134,0.62
nMNn,104,99,203,0.51
nMNs,56,46,102,0.55
nMNt,11,14,25,0.44
nMPB,61,66,127,0.48
nMPD,11,6,17,0.65
nMPH,37,23,60,0.62
nMPI,6,9,15,0.4
nMPK,9,7,16,0.56
nMPL,21,29,50,0.42
nMPM,95,94,189,0.5
nMPN,103,107,210,0.49
nMPP,129,133,262,0.49
nMPS,61,74,135,0.45
nMPb,56,91,147,0.38
nMPh,8,12,20,0.4
nMPl,33,33,66,0.5
nMPm,85,82,167,0.51
nMPn,85,90,175,0.49
nMPs,53,49,102,0.52
nMPt,4,6,10,0.4
nMSB,32,24,56,0.57
nMSD,4,5,9,0.44
nMSH,12,13,25,0.48
nMSI,2,2,4,0.5
nMSK,2,2,4,0.5
nMSL,15,17,32,0.47
nMSM,36,43,79,0.46
nMSN,43,49,92,0.47
nMSP,58,45,103,0.56
nMSS,40,44,84,0.48
nMSb,40,35,75,0.53
nMSh,31,29,60,0.52
nMSl,19,10,29,0.66
nMSm,52,40,92,0.57
nMSn,59,53,112,0.53
nMSs,41,44,85,0.48
nMSt,17,11,28,0.61
nMbB,35,36,71,0.49
nMbD,4,9,13,0.31
nMbH,23,23,46,0.5
nMbI,7,5,12,0.58
nMbJ,19,19,38,0.5
nMbK,13,6,19,0.68
nMbL,18,23,41,0.44
nMbM,56,66,122,0.46
nMbN,98,76,174,0.56
nMbP,82,80,162,0.51
nMbS,31,33,64,0.48
nMbb,67,66,133,0.5
nMbl,14,19,33,0.42
nMbm,41,47,88,0.47
nMbn,83,62,145,0.57
nMbs,33,32,65,0.51
nMhB,34,41,75,0.45
nMhD,6,6,12,0.5
nMhH,10,11,21,0.48
nMhI,6,0,6,1.0
nMhK,0,2,2,0.0
nMhL,17,15,32,0.53
nMhM,67,56,123,0.54
nMhN,60,48,108,0.56
nMhP,77,65,142,0.54
nMhS,40,42,82,0.49
nMhb,50,41,91,0.55
nMhh,39,56,95,0.41
nMhl,32,20,52,0.62
nMhm,48,46,94,0.51
nMhn,84,59,143,0.59
nMhs,55,37,92,0.6
nMht,7,2,9,0.78
nMjB,12,16,28,0.43
nMjD,1,3,4,0.25
nMjH,7,5,12,0.58
nMjI,1,2,3,0.33
nMjK,1,0,1,1.0
nMjL,3,8,11,0.27
nMjM,17,20,37,0.46
nMjN,17,12,29,0.59
nMjP,23,20,43,0.53
nMjS,17,13,30,0.57
nMjb,11,17,28,0.39
nMjh,4,1,5,0.8
nMjl,4,8,12,0.33
nMjm,11,10,21,0.52
nMjn,35,12,47,0.74
nMjs,7,12,19,0.37
nMjt,4,2,6,0.67
nMlB,11,18,29,0.38
nMlD,4,5,9,0.44
nMlH,15,21,36,0.42
nMlI,1,1,2,0.5
nMlJ,10,3,13,0.77
nMlK,2,1,3,0.67
nMlL,11,8,19,0.58
nMlM,19,32,51,0.37
nMlN,36,29,65,0.55
nMlP,35,31,66,0.53
nMlS,19,17,36,0.53
nMlb,22,35,57,0.39
nMlh,0,1,1,0.0
nMll,11,10,21,0.52
nMlm,17,17,34,0.5
nMln,32,26,58,0.55
nMls,17,15,32,0.53
nMmB,46,42,88,0.52
nMmD,20,14,34,0.59
nMmH,52,47,99,0.53
nMmI,5,2,7,0.71
nMmJ,15,11,26,0.58
nMmK,0,0,0,
nMmL,10,17,27,0.37
nMmM,67,64,131,0.51
nMmN,87,84,171,0.51
nMmP,71,70,141,0.5
nMmS,46,55,101,0.46
nMmb,56,43,99,0.57
nMmh,0,1,1,0.0
nMml,13,17,30,0.43
nMmm,60,51,111,0.54
nMmn,86,61,147,0.59
nMms,35,32,67,0.52
nMnB,70,55,125,0.56
nMnD,17,15,32,0.53
nMnH,53,62,115,0.46
nMnI,13,8,21,0.62
nMnK,10,11,21,0.48
nMnL,29,34,63,0.46
nMnM,78,95,173,0.45
nMnN,142,163,305,0.47
nMnP,158,159,317,0.5
nMnS,78,82,160,0.49
nMnb,94,91,185,0.51
nMnh,3,6,9,0.33
nMnl,39,22,61,0.64
nMnm,97,70,167,0.58
nMnn,121,117,238,0.51
nMns,68,82,150,0.45
nMnt,1,0,1,1.0
nMsB,19,26,45,0.42
nMsD,7,9,16,0.44
nMsH,27,45,72,0.38
nMsI,9,5,14,0.64
nMsL,17,18,35,0.49
nMsM,36,44,80,0.45
nMsN,63,39,102,0.62
nMsP,71,63,134,0.53
nMsS,36,50,86,0.42
nMsb,34,40,74,0.46
nMsh,5,2,7,0.71
nMsl,20,13,33,0.61
nMsm,33,38,71,0.46
nMsn,55,40,95,0.58
nMss,42,30,72,0.58
nMst,1,2,3,0.33
nMtB,8,5,13,0.62
nMtD,0,1,1,0.0
nMtH,11,5,16,0.69
nMtI,0,1,1,0.0
nMtK,0,1,1,0.0
nMtL,6,7,13,0.46
nMtM,14,18,32,0.44
nMtN,16,16,32,0.5
nMtP,20,23,43,0.47
nMtS,9,12,21,0.43
nMtb,6,7,13,0.46
nMtl,1,1,2,0.5
nMtm,11,11,22,0.5
nMtn,16,12,28,0.57
nMts,4,7,11,0.36
nMtt,2,3,5,0.4
nNBB,60,58,118,0.51
nNBD,5,7,12,0.42
nNBH,1,0,1,1.0
nNBK,5,4,9,0.56
nNBL,23,26,49,0.47
nNBM,47,73,120,0.39
nNBN,83,82,165,0.5
nNBP,97,66,163,0.6
nNBS,32,35,67,0.48
nNBb,66,57,123,0.54
nNBh,12,10,22,0.55
nNBj,19,19,38,0.5
nNBl,23,26,49,0.47
nNBm,64,47,111,0.58
nNBn,109,103,212,0.51
nNBs,36,32,68,0.53
nNBt,15,14,29,0.52
nNDB,13,12,25,0.52
nNDD,4,7,11,0.36
nNDH,7,11,18,0.39
nNDI,1,1,2,0.5
nNDK,1,0,1,1.0
nNDL,7,3,10,0.7
nNDM,12,12,24,0.5
nNDN,6,13,19,0.32
nNDP,10,11,21,0.48
nNDS,10,14,24,0.42
nNDb,14,8,22,0.64
nNDh,0,0,0,
nNDl,6,8,14,0.43
nNDm,20,9,29,0.69
nNDn,12,11,23,0.52
nNDs,11,9,20,0.55
nNDt,2,0,2,1.0
nNHB,7,10,17,0.41
nNHD,1,3,4,0.25
nNHH,3,4,7,0.43
nNHI,2,2,4,0.5
nNHK,5,4,9,0.56
nNHL,4,4,8,0.5
nNHM,12,16,28,0.43
nNHN,13,27,40,0.32
nNHP,28,20,48,0.58
nNHS,9,16,25,0.36
nNHb,13,10,23,0.57
nNHh,3,3,6,0.5
nNHl,11,6,17,0.65
nNHm,11,13,24,0.46
nNHn,17,14,31,0.55
nNHs,16,11,27,0.59
nNHt,3,0,3,1.0
nNIB,1,1,2,0.5
nNID,0,2,2,0.0
nNIL,1,0,1,1.0
nNIM,0,1,1,0.0
nNIP,0,2,2,0.0
nNIS,1,1,2,0.5
nNIb,2,0,2,1.0
nNIm,2,0,2,1.0
nNKB,7,6,13,0.54
nNKD,0,0,0,
nNKH,1,3,4,0.25
nNKI,1,1,2,0.5
nNKL,1,2,3,0.33
nNKM,6,8,14,0.43
nNKN,9,5,14,0.64
nNKP,7,7,14,0.5
nNKS,6,11,17,0.35
nNKb,4,7,11,0.36
nNKh,6,5,11,0.55
nNKl,8,3,11,0.73
nNKm,9,5,14,0.64
nNKn,6,10,16,0.38
nNKs,6,5,11,0.55
nNKt,0,1,1,0.0
nNLB,35,32,67,0.52
nNLD,3,3,6,0.5
nNLK,2,4,6,0.33
nNLL,14,10,24,0.58
nNLM,19,29,48,0.4
nNLN,32,32,64,0.5
nNLP,34,54,88,0.39
nNLS,11,22,33,0.33
nNLb,22,40,62,0.35
nNLh,11,15,26,0.42
nNLj,6,10,16,0.38
nNLl,18,16,34,0.53
nNLm,29,26,55,0.53
nNLn,43,39,82,0.52
nNLs,9,27,36,0.25
nNLt,6,6,12,0.5
nNMB,84,65,149,0.56
nNMD,9,11,20,0.45
nNMH,1,1,2,0.5
nNMK,0,2,2,0.0
nNML,17,22,39,0.44
nNMM,66,78,144,0.46
nNMN,88,105,193,0.46
nNMP,105,108,213,0.49
nNMS,45,51,96,0.47
nNMb,93,86,179,0.52
nNMh,59,76,135,0.44
nNMj,20,20,40,0.5
nNMl,32,25,57,0.56
nNMm,95,93,188,0.51
nNMn,129,130,259,0.5
nNMs,55,59,114,0.48
nNMt,13,11,24,0.54
nNNB,90,85,175,0.51
nNND,13,17,30,0.43
nNNH,15,11,26,0.58
nNNK,10,10,20,0.5
nNNL,35,28,63,0.56
nNNM,89,102,191,0.47
nNNN,124,133,257,0.48
nNNP,175,184,359,0.49
nNNS,90,89,179,0.5
nNNb,94,89,183,0.51
nNNh,43,50,93,0.46
nNNl,41,46,87,0.47
nNNm,96,90,186,0.52
nNNn,190,162,352,0.54
nNNs,77,81,158,0.49
nNNt,18,24,42,0.43
nNPB,108,101,209,0.52
nNPD,19,18,37,0.51
nNPH,38,43,81,0.47
nNPI,8,9,17,0.47
nNPK,12,18,30,0.4
nNPL,61,63,124,0.49
nNPM,128,171,299,0.43
nNPN,180,143,323,0.56
nNPP,207,228,435,0.48
nNPS,105,119,224,0.47
nNPb,125,120,245,0.51
nNPh,21,25,46,0.46
nNPl,55,57,112,0.49
nNPm,139,111,250,0.56
nNPn,153,174,327,0.47
nNPs,114,101,215,0.53
nNPt,21,18,39,0.54
nNSB,45,40,85,0.53
nNSD,8,13,21,0.38
nNSH,21,20,41,0.51
nNSI,0,0,0,
nNSK,3,2,5,0.6
nNSL,13,21,34,0.38
nNSM,67,75,142,0.47
nNSN,78,76,154,0.51
nNSP,96,116,212,0.45
nNSS,67,51,118,0.57
nNSb,38,54,92,0.41
nNSh,52,39,91,0.57
nNSl,28,16,44,0.64
nNSm,71,54,125,0.57
nNSn,107,81,188,0.57
nNSs,70,70,140,0.5
nNSt,12,13,25,0.48
nNbB,56,72,128,0.44
nNbD,9,10,19,0.47
nNbH,14,15,29,0.48
nNbI,3,5,8,0.38
nNbJ,23,16,39,0.59
nNbK,7,10,17,0.41
nNbL,28,28,56,0.5
nNbM,76,81,157,0.48
nNbN,117,100,217,0.54
nNbP,96,91,187,0.51
nNbS,40,48,88,0.45
nNbb,94,77,171,0.55
nNbl,21,25,46,0.46
nNbm,63,39,102,0.62
nNbn,86,80,166,0.52
nNbs,46,40,86,0.53
nNhB,20,21,41,0.49
nNhD,3,3,6,0.5
nNhH,8,3,11,0.73
nNhI,2,2,4,0.5
nNhK,0,1,1,0.0
nNhL,10,16,26,0.38
nNhM,27,29,56,0.48
nNhN,28,39,67,0.42
nNhP,46,46,92,0.5
nNhS,21,32,53,0.4
nNhb,27,25,52,0.52
nNhh,26,22,48,0.54
nNhl,19,13,32,0.59
nNhm,25,25,50,0.5
nNhn,38,49,87,0.44
nNhs,27,28,55,0.49
nNht,3,5,8,0.38
nNlB,24,18,42,0.57
nNlD,4,7,11,0.36
nNlH,28,23,51,0.55
nNlI,1,2,3,0.33
nNlJ,9,8,17,0.53
nNlK,3,3,6,0.5
nNlL,16,15,31,0.52
nNlM,41,36,77,0.53
nNlN,48,40,88,0.55
nNlP,50,43,93,0.54
nNlS,31,29,60,0.52
nNlb,37,28,65,0.57
nNll,16,14,30,0.53
nNlm,20,24,44,0.45
nNln,33,36,69,0.48
nNls,21,20,41,0.51
nNmB,64,65,129,0.5
nNmD,20,13,33,0.61
nNmH,52,45,97,0.54
nNmI,4,9,13,0.31
nNmJ,22,13,35,0.63
nNmK,0,5,5,0.0
nNmL,19,32,51,0.37
nNmM,72,88,160,0.45
nNmN,99,99,198,0.5
nNmP,114,98,212,0.54
nNmS,52,59,111,0.47
nNmb,69,73,142,0.49
nNmh,0,2,2,0.0
nNml,22,24,46,0.48
nNmm,68,61,129,0.53
nNmn,99,80,179,0.55
nNms,51,37,88,0.58
nNnB,91,80,171,0.53
nNnD,23,16,39,0.59
nNnH,81,72,153,0.53
nNnI,14,20,34,0.41
nNnK,10,15,25,0.4
nNnL,54,53,107,0.5
nNnM,107,126,233,0.46
nNnN,195,177,372,0.52
nNnP,188,213,401,0.47
nNnS,99,100,199,0.5
nNnb,121,98,219,0.55
nNnh,2,4,6,0.33
nNnl,49,46,95,0.52
nNnm,117,82,199,0.59
nNnn,162,177,339,0.48
nNns,102,98,200,0.51
nNnt,0,1,1,0.0
nNsB,38,39,77,0.49
nNsD,11,12,23,0.48
nNsH,46,85,131,0.35
nNsI,13,9,22,0.59
nNsK,0,2,2,0.0
nNsL,17,29,46,0.37
nNsM,49,56,105,0.47
nNsN,88,68,156,0.56
nNsP,89,113,202,0.44
nNsS,62,68,130,0.48
nNsb,52,56,108,0.48
nNsh,4,1,5,0.8
nNsl,27,32,59,0.46
nNsm,62,59,121,0.51
nNsn,65,76,141,0.46
nNss,45,59,104,0.43
nNst,1,0,1,1.0
nNtB,13,5,18,0.72
nNtD,2,4,6,0.33
nNtH,10,9,19,0.53
nNtI,0,1,1,0.0
nNtK,1,1,2,0.5
nNtL,3,9,12,0.25
nNtM,14,13,27,0.52
nNtN,27,14,41,0.66
nNtP,36,23,59,0.61
nNtS,17,22,39,0.44
nNtb,14,14,28,0.5
nNth,0,1,1,0.0
nNtl,4,6,10,0.4
nNtm,17,14,31,0.55
nNtn,22,17,39,0.56
nNts,5,11,16,0.31
nNtt,4,3,7,0.57
nPBB,91,82,173,0.53
nPBD,7,11,18,0.39
nPBH,1,2,3,0.33
nPBK,7,7,14,0.5
nPBL,33,22,55,0.6
nPBM,79,70,149,0.53
nPBN,85,90,175,0.49
nPBP,103,80,183,0.56
nPBS,41,47,88,0.47
nPBb,77,73,150,0.51
nPBh,4,11,15,0.27
nPBj,30,22,52,0.58
nPBl,46,28,74,0.62
nPBm,65,83,148,0.44
nPBn,110,97,207,0.53
nPBs,41,37,78,0.53
nPBt,18,10,28,0.64
nPDB,3,9,12,0.25
nPDD,3,5,8,0.38
nPDH,10,9,19,0.53
nPDI,0,1,1,0.0
nPDL,2,4,6,0.33
nPDM,14,10,24,0.58
nPDN,10,12,22,0.45
nPDP,17,16,33,0.52
nPDS,8,12,20,0.4
nPDb,11,11,22,0.5
nPDh,0,1,1,0.0
nPDl,2,5,7,0.29
nPDm,20,15,35,0.57
nPDn,8,9,17,0.47
nPDs,12,9,21,0.57
nPDt,1,0,1,1.0
nPHB,23,19,42,0.55
nPHD,5,6,11,0.45
nPHH,7,8,15,0.47
nPHI,4,0,4,1.0
nPHK,4,3,7,0.57
nPHL,19,15,34,0.56
nPHM,30,39,69,0.43
nPHN,35,36,71,0.49
nPHP,52,49,101,0.51
nPHS,35,29,64,0.55
nPHb,30,25,55,0.55
nPHh,6,11,17,0.35
nPHl,24,8,32,0.75
nPHm,18,29,47,0.38
nPHn,50,39,89,0.56
nPHs,33,22,55,0.6
nPHt,2,2,4,0.5
nPIB,4,13,17,0.24
nPID,2,2,4,0.5
nPIH,5,5,10,0.5
nPII,3,0,3,1.0
nPIK,1,0,1,1.0
nPIL,9,4,13,0.69
nPIM,9,7,16,0.56
nPIN,12,15,27,0.44
nPIP,19,5,24,0.79
nPIS,12,8,20,0.6
nPIb,7,8,15,0.47
nPIl,2,1,3,0.67
nPIm,10,7,17,0.59
nPIn,11,3,14,0.79
nPIs,5,7,12,0.42
nPIt,0,1,1,0.0
nPKB,8,13,21,0.38
nPKD,0,1,1,0.0
nPKH,1,1,2,0.5
nPKI,1,1,2,0.5
nPKL,10,9,19,0.53
nPKM,10,13,23,0.43
nPKN,13,6,19,0.68
nPKP,15,14,29,0.52
nPKS,11,10,21,0.52
nPKb,12,6,18,0.67
nPKh,6,8,14,0.43
nPKl,6,6,12,0.5
nPKm,13,15,28,0.46
nPKn,10,11,21,0.48
nPKs,7,7,14,0.5
nPLB,31,30,61,0.51
nPLD,3,8,11,0.27
nPLH,1,0,1,1.0
nPLK,3,1,4,0.75
nPLL,24,18,42,0.57
nPLM,40,50,90,0.44
nPLN,39,40,79,0.49
nPLP,69,63,132,0.52
nPLS,34,36,70,0.49
nPLb,35,43,78,0.45
nPLh,20,24,44,0.45
nPLj,17,7,24,0.71
nPLl,30,33,63,0.48
nPLm,47,37,84,0.56
nPLn,60,57,117,0.51
nPLs,26,20,46,0.57
nPLt,7,7,14,0.5
nPMB,89,88,177,0.5
nPMD,9,16,25,0.36
nPMK,1,1,2,0.5
nPML,34,39,73,0.47
nPMM,82,126,208,0.39
nPMN,113,95,208,0.54
nPMP,126,139,265,0.48
nPMS,59,64,123,0.48
nPMb,110,114,224,0.49
nPMh,79,101,180,0.44
nPMj,18,25,43,0.42
nPMl,47,45,92,0.51
nPMm,114,80,194,0.59
nPMn,132,134,266,0.5
nPMs,62,72,134,0.46
nPMt,25,12,37,0.68
nPNB,92,66,158,0.58
nPND,12,14,26,0.46
nPNH,16,12,28,0.57
nPNK,11,9,20,0.55
nPNL,42,47,89,0.47
nPNM,129,131,260,0.5
nPNN,121,116,237,0.51
nPNP,190,190,380,0.5
nPNS,100,97,197,0.51
nPNb,109,87,196,0.56
nPNh,63,57,120,0.52
nPNl,57,46,103,0.55
nPNm,102,93,195,0.52
nPNn,172,150,322,0.53
nPNs,100,77,177,0.56
nPNt,20,17,37,0.54
nPPB,130,152,282,0.46
nPPD,18,16,34,0.53
nPPH,56,39,95,0.59
nPPI,14,16,30,0.47
nPPK,13,13,26,0.5
nPPL,94,90,184,0.51
nPPM,160,182,342,0.47
nPPN,188,143,331,0.57
nPPP,266,249,515,0.52
nPPS,123,140,263,0.47
nPPb,184,166,350,0.53
nPPh,15,23,38,0.39
nPPl,92,86,178,0.52
nPPm,171,133,304,0.56
nPPn,180,142,322,0.56
nPPs,116,104,220,0.53
nPPt,16,23,39,0.41
nPSB,51,50,101,0.5
nPSD,12,9,21,0.57
nPSH,20,24,44,0.45
nPSI,1,2,3,0.33
nPSK,2,6,8,0.25
nPSL,32,32,64,0.5
nPSM,72,100,172,0.42
nPSN,58,74,132,0.44
nPSP,107,114,221,0.48
nPSS,84,85,169,0.5
nPSb,73,50,123,0.59
nPSh,40,58,98,0.41
nPSl,52,36,88,0.59
nPSm,72,59,131,0.55
nPSn,97,91,188,0.52
nPSs,76,79,155,0.49
nPSt,13,22,35,0.37
nPbB,93,99,192,0.48
nPbD,9,6,15,0.6
nPbH,29,29,58,0.5
nPbI,15,5,20,0.75
nPbJ,23,22,45,0.51
nPbK,10,11,21,0.48
nPbL,35,52,87,0.4
nPbM,119,110,229,0.52
nPbN,138,114,252,0.55
nPbP,140,141,281,0.5
nPbS,46,40,86,0.53
nPbb,124,89,213,0.58
nPbl,52,44,96,0.54
nPbm,84,66,150,0.56
nPbn,85,99,184,0.46
nPbs,45,50,95,0.47
nPhB,5,12,17,0.29
nPhD,1,2,3,0.33
nPhH,1,6,7,0.14
nPhL,8,4,12,0.67
nPhM,15,9,24,0.62
nPhN,9,10,19,0.47
nPhP,13,15,28,0.46
nPhS,9,13,22,0.41
nPhb,4,7,11,0.36
nPhh,15,16,31,0.48
nPhl,6,6,12,0.5
nPhm,11,8,19,0.58
nPhn,15,13,28,0.54
nPhs,9,15,24,0.38
nPht,3,0,3,1.0
nPlB,37,36,73,0.51
nPlD,4,4,8,0.5
nPlH,32,28,60,0.53
nPlI,2,4,6,0.33
nPlJ,13,16,29,0.45
nPlK,4,1,5,0.8
nPlL,19,26,45,0.42
nPlM,49,54,103,0.48
nPlN,61,52,113,0.54
nPlP,61,75,136,0.45
nPlS,32,45,77,0.42
nPlb,52,54,106,0.49
nPlh,0,0,0,
nPll,25,17,42,0.6
nPlm,51,34,85,0.6
nPln,43,36,79,0.54
nPls,37,21,58,0.64
nPmB,92,86,178,0.52
nPmD,16,11,27,0.59
nPmH,66,68,134,0.49
nPmI,4,10,14,0.29
nPmJ,21,14,35,0.6
nPmK,2,0,2,1.0
nPmL,41,44,85,0.48
nPmM,116,111,227,0.51
nPmN,118,99,217,0.54
nPmP,129,121,250,0.52
nPmS,57,72,129,0.44
nPmb,98,95,193,0.51
nPml,31,21,52,0.6
nPmm,88,83,171,0.51
nPmn,68,83,151,0.45
nPms,42,40,82,0.51
nPnB,79,93,172,0.46
nPnD,20,10,30,0.67
nPnH,53,67,120,0.44
nPnI,17,13,30,0.57
nPnK,3,8,11,0.27
nPnL,41,45,86,0.48
nPnM,132,131,263,0.5
nPnN,137,142,279,0.49
nPnP,184,171,355,0.52
nPnS,100,97,197,0.51
nPnb,101,93,194,0.52
nPnh,3,6,9,0.33
nPnl,50,50,100,0.5
nPnm,102,99,201,0.51
nPnn,109,125,234,0.47
nPns,88,63,151,0.58
nPnt,2,0,2,1.0
nPsB,46,49,95,0.48
nPsD,16,10,26,0.62
nPsH,68,72,140,0.49
nPsI,9,15,24,0.38
nPsK,3,2,5,0.6
nPsL,40,29,69,0.58
nPsM,60,82,142,0.42
nPsN,91,82,173,0.53
nPsP,98,127,225,0.44
nPsS,66,70,136,0.49
nPsb,59,72,131,0.45
nPsh,2,6,8,0.25
nPsl,39,36,75,0.52
nPsm,86,56,142,0.61
nPsn,71,56,127,0.56
nPss,56,62,118,0.47
nPst,0,3,3,0.0
nPtB,9,6,15,0.6
nPtD,1,2,3,0.33
nPtH,3,11,14,0.21
nPtI,1,0,1,1.0
nPtK,3,0,3,1.0
nPtL,8,10,18,0.44
nPtM,12,14,26,0.46
nPtN,12,8,20,0.6
nPtP,17,14,31,0.55
nPtS,10,15,25,0.4
nPtb,12,9,21,0.57
nPth,0,1,1,0.0
nPtl,6,11,17,0.35
nPtm,13,14,27,0.48
nPtn,11,12,23,0.48
nPts,7,9,16,0.44
nPtt,2,0,2,1.0
nSBB,28,37,65,0.43
nSBD,2,4,6,0.33
nSBK,5,1,6,0.83
nSBL,8,11,19,0.42
nSBM,28,49,77,0.36
nSBN,45,34,79,0.57
nSBP,43,51,94,0.46
nSBS,19,25,44,0.43
nSBb,36,27,63,0.57
nSBh,1,6,7,0.14
nSBj,13,7,20,0.65
nSBl,15,12,27,0.56
nSBm,46,22,68,0.68
nSBn,61,45,106,0.58
nSBs,20,18,38,0.53
nSBt,4,8,12,0.33
nSDB,2,4,6,0.33
nSDD,6,3,9,0.67
nSDH,6,11,17,0.35
nSDI,2,0,2,1.0
nSDL,2,3,5,0.4
nSDM,6,13,19,0.32
nSDN,5,4,9,0.56
nSDP,10,8,18,0.56
nSDS,9,12,21,0.43
nSDb,8,9,17,0.47
nSDh,0,0,0,
nSDl,1,2,3,0.33
nSDm,12,5,17,0.71
nSDn,14,10,24,0.58
nSDs,4,7,11,0.36
nSDt,1,0,1,1.0
nSHB,12,12,24,0.5
nSHD,3,0,3,1.0
nSHH,4,4,8,0.5
nSHI,3,1,4,0.75
nSHK,0,4,4,0.0
nSHL,5,5,10,0.5
nSHM,14,13,27,0.52
nSHN,15,18,33,0.45
nSHP,27,16,43,0.63
nSHS,14,21,35,0.4
nSHb,12,18,30,0.4
nSHh,7,13,20,0.35
nSHl,8,9,17,0.47
nSHm,19,8,27,0.7
nSHn,19,25,44,0.43
nSHs,16,16,32,0.5
nSHt,2,2,4,0.5
nSIB,1,0,1,1.0
nSIH,1,0,1,1.0
nSIM,2,1,3,0.67
nSIN,1,2,3,0.33
nSIP,2,0,2,1.0
nSIS,1,2,3,0.33
nSIb,0,1,1,0.0
nSIm,2,0,2,1.0
nSIn,0,1,1,0.0
nSIs,2,0,2,1.0
nSKB,2,3,5,0.4
nSKL,1,1,2,0.5
nSKM,1,1,2,0.5
nSKN,1,2,3,0.33
nSKP,2,0,2,1.0
nSKS,2,1,3,0.67
nSKh,2,1,3,0.67
nSKl,1,2,3,0.33
nSKm,2,2,4,0.5
nSKn,2,0,2,1.0
nSKs,2,1,3,0.67
nSLB,15,17,32,0.47
nSLD,2,1,3,0.67
nSLL,7,6,13,0.54
nSLM,12,19,31,0.39
nSLN,16,16,32,0.5
nSLP,26,18,44,0.59
nSLS,9,11,20,0.45
nSLb,16,18,34,0.47
nSLh,6,8,14,0.43
nSLj,5,3,8,0.62
nSLl,13,8,21,0.62
nSLm,23,11,34,0.68
nSLn,19,32,51,0.37
nSLs,17,13,30,0.57
nSLt,2,4,6,0.33
nSMB,52,33,85,0.61
nSMD,2,3,5,0.4
nSMI,1,0,1,1.0
nSMK,1,0,1,1.0
nSML,19,15,34,0.56
nSMM,44,54,98,0.45
nSMN,38,46,84,0.45
nSMP,59,75,134,0.44
nSMS,42,35,77,0.55
nSMb,58,47,105,0.55
nSMh,32,32,64,0.5
nSMj,10,14,24,0.42
nSMl,21,18,39,0.54
nSMm,46,40,86,0.53
nSMn,80,65,145,0.55
nSMs,36,30,66,0.55
nSMt,7,8,15,0.47
nSNB,39,33,72,0.54
nSND,11,9,20,0.55
nSNH,10,8,18,0.56
nSNI,0,0,0,
nSNK,5,5,10,0.5
nSNL,16,11,27,0.59
nSNM,38,61,99,0.38
nSNN,72,69,141,0.51
nSNP,84,78,162,0.52
nSNS,44,49,93,0.47
nSNb,32,45,77,0.42
nSNh,16,15,31,0.52
nSNl,16,17,33,0.48
nSNm,48,44,92,0.52
nSNn,66,86,152,0.43
nSNs,41,42,83,0.49
nSNt,6,5,11,0.55
nSPB,42,46,88,0.48
nSPD,9,7,16,0.56
nSPH,14,29,43,0.33
nSPI,4,3,7,0.57
nSPK,8,9,17,0.47
nSPL,19,33,52,0.37
nSPM,76,81,157,0.48
nSPN,82,83,165,0.5
nSPP,111,103,214,0.52
nSPS,83,60,143,0.58
nSPb,65,55,120,0.54
nSPh,5,7,12,0.42
nSPl,35,27,62,0.56
nSPm,76,51,127,0.6
nSPn,79,78,157,0.5
nSPs,53,68,121,0.44
nSPt,10,8,18,0.56
nSSB,29,26,55,0.53
nSSD,4,10,14,0.29
nSSH,17,20,37,0.46
nSSI,4,1,5,0.8
nSSK,2,3,5,0.4
nSSL,16,14,30,0.53
nSSM,46,61,107,0.43
nSSN,50,61,111,0.45
nSSP,77,69,146,0.53
nSSS,56,74,130,0.43
nSSb,46,44,90,0.51
nSSh,26,31,57,0.46
nSSl,22,16,38,0.58
nSSm,56,50,106,0.53
nSSn,63,69,132,0.48
nSSs,54,56,110,0.49
nSSt,6,4,10,0.6
nSbB,37,36,73,0.51
nSbD,6,3,9,0.67
nSbH,11,16,27,0.41
nSbI,2,2,4,0.5
nSbJ,14,10,24,0.58
nSbK,3,6,9,0.33
nSbL,15,18,33,0.45
nSbM,43,51,94,0.46
nSbN,71,45,116,0.61
nSbP,46,37,83,0.55
nSbS,43,23,66,0.65
nSbb,37,54,91,0.41
nSbl,11,13,24,0.46
nSbm,38,21,59,0.64
nSbn,39,42,81,0.48
nSbs,28,17,45,0.62
nShB,21,25,46,0.46
nShD,6,5,11,0.55
nShH,3,8,11,0.27
nShI,5,4,9,0.56
nShL,10,10,20,0.5
nShM,27,34,61,0.44
nShN,30,44,74,0.41
nShP,45,37,82,0.55
nShS,31,44,75,0.41
nShb,22,29,51,0.43
nShh,30,28,58,0.52
nShl,18,7,25,0.72
nShm,27,27,54,0.5
nShn,33,37,70,0.47
nShs,31,35,66,0.47
nSht,11,7,18,0.61
nSlB,14,10,24,0.58
nSlD,2,1,3,0.67
nSlH,8,11,19,0.42
nSlI,1,2,3,0.33
nSlJ,4,5,9,0.44
nSlL,9,5,14,0.64
nSlM,14,27,41,0.34
nSlN,20,33,53,0.38
nSlP,26,32,58,0.45
nSlS,20,18,38,0.53
nSlb,21,37,58,0.36
nSll,12,8,20,0.6
nSlm,14,6,20,0.7
nSln,21,14,35,0.6
nSls,11,13,24,0.46
nSmB,23,42,65,0.35
nSmD,9,10,19,0.47
nSmH,39,38,77,0.51
nSmI,3,4,7,0.43
nSmJ,12,9,21,0.57
nSmK,0,1,1,0.0
nSmL,16,18,34,0.47
nSmM,51,58,109,0.47
nSmN,68,58,126,0.54
nSmP,66,74,140,0.47
nSmS,43,44,87,0.49
nSmb,53,47,100,0.53
nSml,14,19,33,0.42
nSmm,41,39,80,0.51
nSmn,44,40,84,0.52
nSms,24,27,51,0.47
nSnB,42,35,77,0.55
nSnD,9,3,12,0.75
nSnH,38,31,69,0.55
nSnI,10,9,19,0.53
nSnK,7,3,10,0.7
nSnL,21,23,44,0.48
nSnM,50,58,108,0.46
nSnN,85,83,168,0.51
nSnP,95,105,200,0.48
nSnS,55,62,117,0.47
nSnb,62,67,129,0.48
nSnh,1,2,3,0.33
nSnl,25,16,41,0.61
nSnm,45,58,103,0.44
nSnn,85,64,149,0.57
nSns,52,58,110,0.47
nSsB,22,27,49,0.45
nSsD,7,14,21,0.33
nSsH,50,59,109,0.46
nSsI,6,6,12,0.5
nSsK,0,4,4,0.0
nSsL,17,20,37,0.46
nSsM,43,54,97,0.44
nSsN,56,62,118,0.47
nSsP,62,61,123,0.5
nSsS,63,66,129,0.49
nSsb,36,32,68,0.53
nSsh,0,2,2,0.0
nSsl,24,15,39,0.62
nSsm,45,39,84,0.54
nSsn,47,42,89,0.53
nSss,54,43,97,0.56
nSst,1,0,1,1.0
nStB,9,11,20,0.45
nStD,1,1,2,0.5
nStH,4,10,14,0.29
nStI,0,1,1,0.0
nStK,0,1,1,0.0
nStL,2,4,6,0.33
nStM,7,11,18,0.39
nStN,12,8,20,0.6
nStP,16,12,28,0.57
nStS,10,15,25,0.4
nStb,10,3,13,0.77
nSth,0,1,1,0.0
nStl,6,1,7,0.86
nStm,10,1,11,0.91
nStn,12,13,25,0.48
nSts,8,8,16,0.5
nStt,4,1,5,0.8
nbBB,42,49,91,0.46
nbBD,4,4,8,0.5
nbBK,3,1,4,0.75
nbBL,15,25,40,0.38
nbBM,44,57,101,0.44
nbBN,59,80,139,0.42
nbBP,57,84,141,0.4
nbBS,31,37,68,0.46
nbBb,54,47,101,0.53
nbBh,9,9,18,0.5
nbBj,18,18,36,0.5
nbBl,28,13,41,0.68
nbBm,39,36,75,0.52
nbBn,86,60,146,0.59
nbBs,20,23,43,0.47
nbBt,8,10,18,0.44
nbDB,6,2,8,0.75
nbDD,2,4,6,0.33
nbDH,4,6,10,0.4
nbDI,0,1,1,0.0
nbDL,1,3,4,0.25
nbDM,6,9,15,0.4
nbDN,7,3,10,0.7
nbDP,8,7,15,0.53
nbDS,4,6,10,0.4
nbDb,3,5,8,0.38
nbDl,2,4,6,0.33
nbDm,3,4,7,0.43
nbDn,4,7,11,0.36
nbDs,4,3,7,0.57
nbDt,0,2,2,0.0
nbHB,16,12,28,0.57
nbHD,3,1,4,0.75
nbHH,2,2,4,0.5
nbHI,1,0,1,1.0
nbHK,1,4,5,0.2
nbHL,7,5,12,0.58
nbHM,25,18,43,0.58
nbHN,19,21,40,0.48
nbHP,35,28,63,0.56
nbHS,13,12,25,0.52
nbHb,17,12,29,0.59
nbHh,9,3,12,0.75
nbHl,9,3,12,0.75
nbHm,14,11,25,0.56
nbHn,22,10,32,0.69
nbHs,4,10,14,0.29
nbHt,2,3,5,0.4
nbIB,3,4,7,0.43
nbID,0,1,1,0.0
nbIH,5,9,14,0.36
nbIL,2,1,3,0.67
nbIM,3,8,11,0.27
nbIN,4,9,13,0.31
nbIP,10,6,16,0.62
nbIS,5,3,8,0.62
nbIb,6,5,11,0.55
nbIl,2,4,6,0.33
nbIm,9,5,14,0.64
nbIn,4,6,10,0.4
nbIs,3,3,6,0.5
nbJB,23,12,35,0.66
nbJD,2,2,4,0.5
nbJH,7,5,12,0.58
nbJI,1,0,1,1.0
nbJK,1,0,1,1.0
nbJL,6,10,16,0.38
nbJM,16,18,34,0.47
nbJN,14,18,32,0.44
nbJP,22,27,49,0.45
nbJS,7,10,17,0.41
nbJb,19,18,37,0.51
nbJh,0,7,7,0.0
nbJl,12,12,24,0.5
nbJm,20,7,27,0.74
nbJn,17,20,37,0.46
nbJs,12,14,26,0.46
nbJt,1,2,3,0.33
nbKB,3,9,12,0.25
nbKH,1,0,1,1.0
nbKK,0,0,0,
nbKL,1,5,6,0.17
nbKM,10,13,23,0.43
nbKN,5,8,13,0.38
nbKP,10,5,15,0.67
nbKS,4,5,9,0.44
nbKb,12,7,19,0.63
nbKh,5,8,13,0.38
nbKl,2,1,3,0.67
nbKm,5,10,15,0.33
nbKn,8,8,16,0.5
nbKs,6,6,12,0.5
nbKt,0,1,1,0.0
nbLB,14,18,32,0.44
nbLD,3,0,3,1.0
nbLH,1,1,2,0.5
nbLK,0,5,5,0.0
nbLL,7,10,17,0.41
nbLM,29,21,50,0.58
nbLN,36,21,57,0.63
nbLP,38,25,63,0.6
nbLS,18,13,31,0.58
nbLb,29,17,46,0.63
nbLh,12,14,26,0.46
nbLj,5,5,10,0.5
nbLl,10,6,16,0.62
nbLm,33,16,49,0.67
nbLn,38,32,70,0.54
nbLs,18,13,31,0.58
nbLt,3,0,3,1.0
nbMB,51,57,108,0.47
nbMD,10,8,18,0.56
nbMH,0,2,2,0.0
nbMK,1,1,2,0.5
nbML,21,24,45,0.47
nbMM,46,58,104,0.44
nbMN,69,67,136,0.51
nbMP,69,85,154,0.45
nbMS,41,32,73,0.56
nbMb,71,76,147,0.48
nbMh,45,55,100,0.45
nbMj,13,23,36,0.36
nbMl,28,20,48,0.58
nbMm,67,50,117,0.57
nbMn,104,114,218,0.48
nbMs,42,37,79,0.53
nbMt,12,11,23,0.52
nbNB,63,65,128,0.49
nbND,19,11,30,0.63
nbNH,10,18,28,0.36
nbNK,4,10,14,0.29
nbNL,19,42,61,0.31
nbNM,79,103,182,0.43
nbNN,105,109,214,0.49
nbNP,149,133,282,0.53
nbNS,73,68,141,0.52
nbNb,89,67,156,0.57
nbNh,29,38,67,0.43
nbNl,39,39,78,0.5
nbNm,102,66,168,0.61
nbNn,152,124,276,0.55
nbNs,51,46,97,0.53
nbNt,19,15,34,0.56
nbPB,58,80,138,0.42
nbPD,12,6,18,0.67
nbPH,30,27,57,0.53
nbPI,8,7,15,0.53
nbPK,5,6,11,0.45
nbPL,41,31,72,0.57
nbPM,97,87,184,0.53
nbPN,105,90,195,0.54
nbPP,122,127,249,0.49
nbPS,56,57,113,0.5
nbPb,88,85,173,0.51
nbPh,19,15,34,0.56
nbPl,38,45,83,0.46
nbPm,78,52,130,0.6
nbPn,70,89,159,0.44
nbPs,42,47,89,0.47
nbPt,10,7,17,0.59
nbSB,19,26,45,0.42
nbSD,5,5,10,0.5
nbSH,13,12,25,0.52
nbSI,0,0,0,
nbSK,1,0,1,1.0
nbSL,16,11,27,0.59
nbSM,37,39,76,0.49
nbSN,36,37,73,0.49
nbSP,54,58,112,0.48
nbSS,39,26,65,0.6
nbSb,28,40,68,0.41
nbSh,17,24,41,0.41
nbSl,18,11,29,0.62
nbSm,39,27,66,0.59
nbSn,45,38,83,0.54
nbSs,42,30,72,0.58
nbSt,2,6,8,0.25
nbbB,54,74,128,0.42
nbbD,6,3,9,0.67
nbbH,17,11,28,0.61
nbbI,13,2,15,0.87
nbbJ,17,10,27,0.63
nbbK,4,6,10,0.4
nbbL,25,22,47,0.53
nbbM,76,62,138,0.55
nbbN,117,83,200,0.58
nbbP,89,75,164,0.54
nbbS,38,35,73,0.52
nbbb,98,75,173,0.57
nbbl,31,19,50,0.62
nbbm,53,42,95,0.56
nbbn,64,66,130,0.49
nbbs,20,24,44,0.45
nbbt,0,1,1,0.0
nbhM,1,0,1,1.0
nbhP,0,0,0,
nbhS,0,0,0,
nbhb,1,0,1,1.0
nbhh,0,1,1,0.0
nblB,10,26,36,0.28
nblD,2,2,4,0.5
nblH,11,14,25,0.44
nblI,0,5,5,0.0
nblJ,4,8,12,0.33
nblK,3,3,6,0.5
nblL,14,6,20,0.7
nblM,18,22,40,0.45
nblN,25,34,59,0.42
nblP,40,38,78,0.51
nblS,12,15,27,0.44
nblb,32,29,61,0.52
nbll,10,7,17,0.59
nblm,14,19,33,0.42
nbln,21,16,37,0.57
nbls,10,7,17,0.59
nbmB,49,51,100,0.49
nbmD,7,9,16,0.44
nbmH,39,36,75,0.52
nbmI,6,1,7,0.86
nbmJ,8,10,18,0.44
nbmK,1,0,1,1.0
nbmL,20,13,33,0.61
nbmM,57,66,123,0.46
nbmN,60,63,123,0.49
nbmP,57,57,114,0.5
nbmS,27,32,59,0.46
nbmb,65,51,116,0.56
nbml,11,7,18,0.61
nbmm,34,21,55,0.62
nbmn,46,53,99,0.46
nbms,17,16,33,0.52
nbmt,1,0,1,1.0
nbnB,69,53,122,0.57
nbnD,11,9,20,0.55
nbnH,36,41,77,0.47
nbnI,7,9,16,0.44
nbnK,6,2,8,0.75
nbnL,21,27,48,0.44
nbnM,60,76,136,0.44
nbnN,110,99,209,0.53
nbnP,113,105,218,0.52
nbnS,52,48,100,0.52
nbnb,68,75,143,0.48
nbnh,1,3,4,0.25
nbnl,29,21,50,0.58
nbnm,50,32,82,0.61
nbnn,85,57,142,0.6
nbns,51,28,79,0.65
nbsB,18,17,35,0.51
nbsD,4,7,11,0.36
nbsH,29,26,55,0.53
nbsI,6,0,6,1.0
nbsL,13,6,19,0.68
nbsM,21,32,53,0.4
nbsN,34,29,63,0.54
nbsP,45,36,81,0.56
nbsS,26,26,52,0.5
nbsb,33,22,55,0.6
nbsh,1,2,3,0.33
nbsl,12,6,18,0.67
nbsm,27,30,57,0.47
nbsn,26,17,43,0.6
nbss,18,15,33,0.55
nbtB,0,1,1,0.0
nhBB,5,2,7,0.71
nhBD,1,1,2,0.5
nhBL,0,1,1,0.0
nhBM,2,2,4,0.5
nhBN,3,1,4,0.75
nhBP,3,3,6,0.5
nhBS,0,1,1,0.0
nhBb,1,2,3,0.33
nhBh,0,1,1,0.0
nhBj,2,0,2,1.0
nhBl,1,1,2,0.5
nhBm,3,1,4,0.75
nhBn,1,0,1,1.0
nhBs,0,1,1,0.0
nhDB,1,0,1,1.0
nhDH,0,1,1,0.0
nhDM,0,1,1,0.0
nhDP,1,2,3,0.33
nhDb,0,1,1,0.0
nhDh,0,1,1,0.0
nhDs,0,1,1,0.0
nhHB,0,0,0,
nhHL,1,1,2,0.5
nhHM,0,1,1,0.0
nhHN,0,1,1,0.0
nhHP,1,4,5,0.2
nhHS,2,1,3,0.67
nhHb,1,0,1,1.0
nhHh,0,0,0,
nhHl,1,0,1,1.0
nhHn,0,1,1,0.0
nhHs,0,1,1,0.0
nhIM,0,1,1,0.0
nhIS,0,1,1,0.0
nhIn,0,1,1,0.0
nhLB,2,1,3,0.67
nhLL,0,1,1,0.0
nhLM,3,4,7,0.43
nhLN,2,3,5,0.4
nhLP,3,0,3,1.0
nhLS,0,0,0,
nhLb,2,1,3,0.67
nhLh,0,2,2,0.0
nhLl,0,0,0,
nhLn,0,1,1,0.0
nhLs,0,1,1,0.0
nhMB,0,4,4,0.0
nhMD,0,0,0,
nhMI,0,1,1,0.0
nhML,1,0,1,1.0
nhMM,2,4,6,0.33
nhMN,1,0,1,1.0
nhMP,2,5,7,0.29
nhMS,2,1,3,0.67
nhMb,1,1,2,0.5
nhMh,2,3,5,0.4
nhMj,1,0,1,1.0
nhMl,1,1,2,0.5
nhMm,4,5,9,0.44
nhMn,1,4,5,0.2
nhMs,1,2,3,0.33
nhMt,1,0,1,1.0
nhNB,3,1,4,0.75
nhNH,1,1,2,0.5
nhNL,0,0,0,
nhNM,3,4,7,0.43
nhNN,4,3,7,0.57
nhNP,3,1,4,0.75
nhNS,0,3,3,0.0
nhNb,3,3,6,0.5
nhNh,1,0,1,1.0
nhNl,3,1,4,0.75
nhNm,3,1,4,0.75
nhNn,1,1,2,0.5
nhNs,1,2,3,0.33
nhNt,2,1,3,0.67
nhPB,5,3,8,0.62
nhPH,2,0,2,1.0
nhPL,3,4,7,0.43
nhPM,3,1,4,0.75
nhPN,3,3,6,0.5
nhPP,6,1,7,0.86
nhPS,1,8,9,0.11
nhPb,2,3,5,0.4
nhPh,0,2,2,0.0
nhPl,2,3,5,0.4
nhPm,7,3,10,0.7
nhPn,1,1,2,0.5
nhPs,4,1,5,0.8
nhSB,3,2,5,0.6
nhSH,0,1,1,0.0
nhSK,1,0,1,1.0
nhSL,0,0,0,
nhSM,2,5,7,0.29
nhSN,1,1,2,0.5
nhSP,2,2,4,0.5
nhSS,5,0,5,1.0
nhSb,2,0,2,1.0
nhSh,3,1,4,0.75
nhSl,1,0,1,1.0
nhSm,2,0,2,1.0
nhSn,1,1,2,0.5
nhSs,0,1,1,0.0
nhbB,2,2,4,0.5
nhbD,0,1,1,0.0
nhbJ,0,2,2,0.0
nhbK,1,0,1,1.0
nhbL,3,4,7,0.43
nhbM,5,2,7,0.71
nhbN,3,2,5,0.6
nhbP,8,2,10,0.8
nhbS,1,1,2,0.5
nhbb,6,5,11,0.55
nhbl,2,0,2,1.0
nhbm,3,1,4,0.75
nhbn,2,2,4,0.5
nhbs,0,2,2,0.0
nhhB,1,2,3,0.33
nhhM,0,1,1,0.0
nhhN,3,2,5,0.6
nhhP,6,2,8,0.75
nhhS,3,1,4,0.75
nhhb,2,1,3,0.67
nhhh,4,2,6,0.67
nhhl,0,2,2,0.0
nhhm,1,1,2,0.5
nhhn,3,5,8,0.38
nhhs,3,2,5,0.6
nhht,0,1,1,0.0
nhlB,0,1,1,0.0
nhlH,0,2,2,0.0
nhlJ,0,1,1,0.0
nhlL,0,1,1,0.0
nhlM,3,0,3,1.0
nhlN,2,1,3,0.67
nhlS,3,1,4,0.75
nhlb,2,1,3,0.67
nhll,0,3,3,0.0
nhlm,1,3,4,0.25
nhln,1,3,4,0.25
nhmB,3,3,6,0.5
nhmH,0,2,2,0.0
nhmL,2,0,2,1.0
nhmM,0,5,5,0.0
nhmN,1,3,4,0.25
nhmP,2,3,5,0.4
nhmS,2,3,5,0.4
nhmb,2,4,6,0.33
nhml,3,0,3,1.0
nhmm,0,2,2,0.0
nhmn,4,1,5,0.8
nhms,0,2,2,0.0
nhnB,2,1,3,0.67
nhnD,1,1,2,0.5
nhnH,2,0,2,1.0
nhnM,3,4,7,0.43
nhnN,2,5,7,0.29
nhnP,6,3,9,0.67
nhnS,1,1,2,0.5
nhnb,2,3,5,0.4
nhnh,0,1,1,0.0
nhnl,2,1,3,0.67
nhnm,2,1,3,0.67
nhnn,2,1,3,0.67
nhns,4,4,8,0.5
nhsB,1,2,3,0.33
nhsD,0,1,1,0.0
nhsH,2,5,7,0.29
nhsI,0,2,2,0.0
nhsM,1,3,4,0.25
nhsN,2,5,7,0.29
nhsP,5,2,7,0.71
nhsS,3,1,4,0.75
nhsb,2,3,5,0.4
nhsh,0,0,0,
nhsl,1,1,2,0.5
nhsm,2,1,3,0.67
nhsn,2,0,2,1.0
nhss,4,1,5,0.8
nhst,1,0,1,1.0
nhtL,0,1,1,0.0
nhtN,2,0,2,1.0
nhtP,1,0,1,1.0
nhtS,0,0,0,
nlBB,11,16,27,0.41
nlBD,0,1,1,0.0
nlBK,3,1,4,0.75
nlBL,5,7,12,0.42
nlBM,25,14,39,0.64
nlBN,32,24,56,0.57
nlBP,29,27,56,0.52
nlBS,11,7,18,0.61
nlBb,25,8,33,0.76
nlBh,2,2,4,0.5
nlBj,8,7,15,0.53
nlBl,13,4,17,0.76
nlBm,22,15,37,0.59
nlBn,35,32,67,0.52
nlBs,13,8,21,0.62
nlBt,4,3,7,0.57
nlDB,2,1,3,0.67
nlDD,0,2,2,0.0
nlDH,1,1,2,0.5
nlDL,1,1,2,0.5
nlDM,0,9,9,0.0
nlDN,5,2,7,0.71
nlDP,3,3,6,0.5
nlDS,1,2,3,0.33
nlDb,2,3,5,0.4
nlDh,0,1,1,0.0
nlDl,0,2,2,0.0
nlDm,4,2,6,0.67
nlDn,1,1,2,0.5
nlDs,3,2,5,0.6
nlDt,2,1,3,0.67
nlHB,10,13,23,0.43
nlHD,3,4,7,0.43
nlHH,2,3,5,0.4
nlHI,2,3,5,0.4
nlHK,1,2,3,0.33
nlHL,10,10,20,0.5
nlHM,16,27,43,0.37
nlHN,20,15,35,0.57
nlHP,32,20,52,0.62
nlHS,16,12,28,0.57
nlHb,14,16,30,0.47
nlHh,5,3,8,0.62
nlHl,8,8,16,0.5
nlHm,20,13,33,0.61
nlHn,18,19,37,0.49
nlHs,15,16,31,0.48
nlHt,1,1,2,0.5
nlIB,2,1,3,0.67
nlIH,0,4,4,0.0
nlIL,0,2,2,0.0
nlIM,1,1,2,0.5
nlIN,2,0,2,1.0
nlIP,3,2,5,0.6
nlIS,3,0,3,1.0
nlIb,5,2,7,0.71
nlIl,2,0,2,1.0
nlIm,4,0,4,1.0
nlIn,1,1,2,0.5
nlIs,1,3,4,0.25
nlJB,5,3,8,0.62
nlJD,0,3,3,0.0
nlJH,3,2,5,0.6
nlJI,2,0,2,1.0
nlJK,0,1,1,0.0
nlJL,1,3,4,0.25
nlJM,4,13,17,0.24
nlJN,5,9,14,0.36
nlJP,13,8,21,0.62
nlJS,5,5,10,0.5
nlJb,9,4,13,0.69
nlJh,0,1,1,0.0
nlJl,4,5,9,0.44
nlJm,7,5,12,0.58
nlJn,5,9,14,0.36
nlJs,3,6,9,0.33
nlJt,0,2,2,0.0
nlKB,1,0,1,1.0
nlKL,0,0,0,
nlKM,0,1,1,0.0
nlKN,0,0,0,
nlKP,0,3,3,0.0
nlKb,1,2,3,0.33
nlKh,1,0,1,1.0
nlKl,1,0,1,1.0
nlKm,0,2,2,0.0
nlKn,1,1,2,0.5
nlKs,0,1,1,0.0
nlLB,4,4,8,0.5
nlLL,6,0,6,1.0
nlLM,11,13,24,0.46
nlLN,11,9,20,0.55
nlLP,15,13,28,0.54
nlLS,6,7,13,0.46
nlLb,8,12,20,0.4
nlLh,6,4,10,0.6
nlLj,2,3,5,0.4
nlLl,5,4,9,0.56
nlLm,10,7,17,0.59
nlLn,21,17,38,0.55
nlLs,7,4,11,0.64
nlLt,2,3,5,0.4
nlMB,19,24,43,0.44
nlMD,4,2,6,0.67
nlML,16,10,26,0.62
nlMM,15,24,39,0.38
nlMN,29,16,45,0.64
nlMP,26,38,64,0.41
nlMS,15,21,36,0.42
nlMb,29,24,53,0.55
nlMh,16,16,32,0.5
nlMj,9,5,14,0.64
nlMl,8,9,17,0.47
nlMm,24,25,49,0.49
nlMn,33,32,65,0.51
nlMs,16,16,32,0.5
nlMt,4,7,11,0.36
nlNB,24,22,46,0.52
nlND,1,1,2,0.5
nlNH,4,5,9,0.44
nlNK,7,3,10,0.7
nlNL,14,16,30,0.47
nlNM,30,36,66,0.45
nlNN,41,32,73,0.56
nlNP,60,47,107,0.56
nlNS,19,24,43,0.44
nlNb,34,24,58,0.59
nlNh,9,8,17,0.53
nlNl,14,3,17,0.82
nlNm,30,16,46,0.65
nlNn,44,52,96,0.46
nlNs,25,23,48,0.52
nlNt,6,10,16,0.38
nlPB,26,39,65,0.4
nlPD,2,2,4,0.5
nlPH,7,16,23,0.3
nlPI,1,1,2,0.5
nlPK,2,1,3,0.67
nlPL,22,27,49,0.45
nlPM,36,35,71,0.51
nlPN,50,35,85,0.59
nlPP,70,39,109,0.64
nlPS,22,34,56,0.39
nlPb,36,27,63,0.57
nlPh,4,3,7,0.57
nlPl,16,16,32,0.5
nlPm,28,23,51,0.55
nlPn,44,27,71,0.62
nlPs,24,20,44,0.55
nlPt,5,7,12,0.42
nlSB,10,10,20,0.5
nlSH,5,4,9,0.56
nlSK,0,0,0,
nlSL,10,5,15,0.67
nlSM,16,23,39,0.41
nlSN,21,18,39,0.54
nlSP,20,29,49,0.41
nlSS,14,16,30,0.47
nlSb,12,16,28,0.43
nlSh,13,9,22,0.59
nlSl,4,10,14,0.29
nlSm,18,13,31,0.58
nlSn,22,22,44,0.5
nlSs,27,13,40,0.68
nlSt,4,1,5,0.8
nlbB,26,32,58,0.45
nlbD,3,3,6,0.5
nlbH,10,4,14,0.71
nlbI,2,2,4,0.5
nlbJ,6,6,12,0.5
nlbK,1,1,2,0.5
nlbL,14,6,20,0.7
nlbM,26,27,53,0.49
nlbN,41,33,74,0.55
nlbP,43,37,80,0.54
nlbS,10,15,25,0.4
nlbb,34,42,76,0.45
nlbl,14,10,24,0.58
nlbm,26,15,41,0.63
nlbn,30,17,47,0.64
nlbs,14,17,31,0.45
nlhB,0,1,1,0.0
nlhI,0,1,1,0.0
nllB,6,8,14,0.43
nllD,3,0,3,1.0
nllH,6,15,21,0.29
nllI,0,1,1,0.0
nllJ,4,2,6,0.67
nllK,0,4,4,0.0
nllL,1,3,4,0.25
nllM,13,8,21,0.62
nllN,11,12,23,0.48
nllP,7,22,29,0.24
nllS,8,6,14,0.57
nllb,9,9,18,0.5
nlll,2,3,5,0.4
nllm,9,10,19,0.47
nlln,8,9,17,0.47
nlls,7,7,14,0.5
nlmB,14,16,30,0.47
nlmD,2,1,3,0.67
nlmH,14,8,22,0.64
nlmI,3,1,4,0.75
nlmJ,2,1,3,0.67
nlmL,4,4,8,0.5
nlmM,21,12,33,0.64
nlmN,25,25,50,0.5
nlmP,35,40,75,0.47
nlmS,7,11,18,0.39
nlmb,21,9,30,0.7
nlml,4,3,7,0.57
nlmm,21,7,28,0.75
nlmn,22,17,39,0.56
nlms,6,5,11,0.55
nlnB,14,23,37,0.38
nlnD,3,3,6,0.5
nlnH,10,11,21,0.48
nlnI,0,1,1,0.0
nlnK,2,2,4,0.5
nlnL,11,7,18,0.61
nlnM,26,24,50,0.52
nlnN,35,44,79,0.44
nlnP,38,40,78,0.49
nlnS,18,16,34,0.53
nlnb,25,20,45,0.56
nlnl,9,7,16,0.56
nlnm,22,13,35,0.63
nlnn,26,25,51,0.51
nlns,10,12,22,0.45
nlsB,11,11,22,0.5
nlsD,1,2,3,0.33
nlsH,9,22,31,0.29
nlsI,1,1,2,0.5
nlsL,10,9,19,0.53
nlsM,11,12,23,0.48
nlsN,19,10,29,0.66
nlsP,21,20,41,0.51
nlsS,14,5,19,0.74
nlsb,10,10,20,0.5
nlsh,1,1,2,0.5
nlsl,9,9,18,0.5
nlsm,8,9,17,0.47
nlsn,14,9,23,0.61
nlss,9,10,19,0.47
nlst,0,1,1,0.0
nmBB,40,37,77,0.52
nmBD,7,7,14,0.5
nmBH,0,2,2,0.0
nmBK,4,10,14,0.29
nmBL,12,21,33,0.36
nmBM,44,49,93,0.47
nmBN,61,61,122,0.5
nmBP,70,62,132,0.53
nmBS,40,32,72,0.56
nmBb,38,39,77,0.49
nmBh,5,11,16,0.31
nmBj,15,8,23,0.65
nmBl,10,20,30,0.33
nmBm,52,34,86,0.6
nmBn,88,71,159,0.55
nmBs,38,29,67,0.57
nmBt,10,6,16,0.62
nmDB,7,7,14,0.5
nmDD,4,6,10,0.4
nmDH,4,10,14,0.29
nmDL,1,8,9,0.11
nmDM,11,15,26,0.42
nmDN,16,10,26,0.62
nmDP,5,18,23,0.22
nmDS,3,13,16,0.19
nmDb,7,8,15,0.47
nmDh,1,0,1,1.0
nmDl,3,7,10,0.3
nmDm,19,15,34,0.56
nmDn,16,13,29,0.55
nmDs,13,6,19,0.68
nmDt,2,2,4,0.5
nmHB,32,29,61,0.52
nmHD,4,9,13,0.31
nmHH,8,7,15,0.53
nmHI,4,9,13,0.31
nmHK,1,2,3,0.33
nmHL,15,11,26,0.58
nmHM,44,53,97,0.45
nmHN,37,61,98,0.38
nmHP,68,61,129,0.53
nmHS,36,31,67,0.54
nmHb,43,33,76,0.57
nmHh,22,15,37,0.59
nmHl,20,17,37,0.54
nmHm,49,34,83,0.59
nmHn,55,55,110,0.5
nmHs,34,25,59,0.58
nmHt,1,7,8,0.12
nmIB,0,5,5,0.0
nmID,1,0,1,1.0
nmIH,3,3,6,0.5
nmIL,2,6,8,0.25
nmIM,4,6,10,0.4
nmIN,5,6,11,0.45
nmIP,14,8,22,0.64
nmIS,2,3,5,0.4
nmIb,6,6,12,0.5
nmIl,2,1,3,0.67
nmIm,1,7,8,0.12
nmIn,6,4,10,0.6
nmIs,1,1,2,0.5
nmJB,4,10,14,0.29
nmJD,1,1,2,0.5
nmJH,6,6,12,0.5
nmJI,1,1,2,0.5
nmJK,0,0,0,
nmJL,12,5,17,0.71
nmJM,8,18,26,0.31
nmJN,10,12,22,0.45
nmJP,20,19,39,0.51
nmJS,4,6,10,0.4
nmJb,18,12,30,0.6
nmJh,2,0,2,1.0
nmJl,5,6,11,0.45
nmJm,15,6,21,0.71
nmJn,9,11,20,0.45
nmJs,5,6,11,0.45
nmJt,3,4,7,0.43
nmKB,2,1,3,0.67
nmKL,1,0,1,1.0
nmKM,1,3,4,0.25
nmKN,0,0,0,
nmKP,1,0,1,1.0
nmKS,0,1,1,0.0
nmKb,0,1,1,0.0
nmKh,0,1,1,0.0
nmKn,0,1,1,0.0
nmLB,14,10,24,0.58
nmLD,1,1,2,0.5
nmLH,0,1,1,0.0
nmLL,8,11,19,0.42
nmLM,21,18,39,0.54
nmLN,14,22,36,0.39
nmLP,22,20,42,0.52
nmLS,14,13,27,0.52
nmLb,17,7,24,0.71
nmLh,6,9,15,0.4
nmLj,5,5,10,0.5
nmLl,5,7,12,0.42
nmLm,26,11,37,0.7
nmLn,26,25,51,0.51
nmLs,15,12,27,0.56
nmLt,6,2,8,0.75
nmMB,39,44,83,0.47
nmMD,9,8,17,0.53
nmMK,3,1,4,0.75
nmML,20,13,33,0.61
nmMM,51,79,130,0.39
nmMN,82,80,162,0.51
nmMP,87,73,160,0.54
nmMS,45,42,87,0.52
nmMb,55,50,105,0.52
nmMh,46,57,103,0.45
nmMj,12,13,25,0.48
nmMl,28,23,51,0.55
nmMm,58,50,108,0.54
nmMn,90,92,182,0.49
nmMs,41,35,76,0.54
nmMt,2,15,17,0.12
nmNB,47,57,104,0.45
nmND,8,13,21,0.38
nmNH,11,12,23,0.48
nmNI,0,1,1,0.0
nmNK,9,5,14,0.64
nmNL,15,30,45,0.33
nmNM,64,79,143,0.45
nmNN,81,113,194,0.42
nmNP,125,119,244,0.51
nmNS,59,49,108,0.55
nmNb,79,54,133,0.59
nmNh,18,25,43,0.42
nmNl,25,24,49,0.51
nmNm,62,42,104,0.6
nmNn,126,130,256,0.49
nmNs,45,46,91,0.49
nmNt,16,13,29,0.55
nmPB,59,65,124,0.48
nmPD,11,9,20,0.55
nmPH,12,24,36,0.33
nmPI,9,3,12,0.75
nmPK,7,3,10,0.7
nmPL,32,29,61,0.52
nmPM,94,80,174,0.54
nmPN,86,98,184,0.47
nmPP,133,112,245,0.54
nmPS,50,51,101,0.5
nmPb,84,60,144,0.58
nmPh,8,8,16,0.5
nmPl,28,25,53,0.53
nmPm,66,68,134,0.49
nmPn,96,79,175,0.55
nmPs,49,44,93,0.53
nmPt,9,11,20,0.45
nmSB,26,35,61,0.43
nmSD,11,6,17,0.65
nmSH,11,19,30,0.37
nmSI,1,1,2,0.5
nmSK,0,1,1,0.0
nmSL,13,8,21,0.62
nmSM,34,36,70,0.49
nmSN,33,39,72,0.46
nmSP,66,43,109,0.61
nmSS,38,37,75,0.51
nmSb,26,29,55,0.47
nmSh,17,29,46,0.37
nmSl,14,8,22,0.64
nmSm,38,25,63,0.6
nmSn,53,44,97,0.55
nmSs,32,35,67,0.48
nmSt,13,6,19,0.68
nmbB,68,53,121,0.56
nmbD,8,6,14,0.57
nmbH,15,13,28,0.54
nmbI,5,4,9,0.56
nmbJ,14,17,31,0.45
nmbK,4,1,5,0.8
nmbL,21,20,41,0.51
nmbM,68,45,113,0.6
nmbN,87,79,166,0.52
nmbP,78,70,148,0.53
nmbS,25,22,47,0.53
nmbb,75,61,136,0.55
nmbl,15,15,30,0.5
nmbm,48,28,76,0.63
nmbn,81,64,145,0.56
nmbs,18,22,40,0.45
nmhI,1,0,1,1.0
nmhm,1,0,1,1.0
nmhn,1,0,1,1.0
nmlB,24,13,37,0.65
nmlD,2,2,4,0.5
nmlH,8,12,20,0.4
nmlI,2,2,4,0.5
nmlJ,3,7,10,0.3
nmlK,0,1,1,0.0
nmlL,15,7,22,0.68
nmlM,14,19,33,0.42
nmlN,21,22,43,0.49
nmlP,33,17,50,0.66
nmlS,15,9,24,0.62
nmlb,12,20,32,0.38
nmll,5,2,7,0.71
nmlm,19,7,26,0.73
nmln,21,10,31,0.68
nmls,5,9,14,0.36
nmmB,44,51,95,0.46
nmmD,15,7,22,0.68
nmmH,26,25,51,0.51
nmmI,5,4,9,0.56
nmmJ,4,5,9,0.44
nmmK,0,0,0,
nmmL,10,13,23,0.43
nmmM,48,51,99,0.48
nmmN,65,63,128,0.51
nmmP,74,68,142,0.52
nmmS,27,36,63,0.43
nmmb,54,53,107,0.5
nmmh,0,0,0,
nmml,12,8,20,0.6
nmmm,46,41,87,0.53
nmmn,53,56,109,0.49
nmms,25,18,43,0.58
nmnB,55,48,103,0.53
nmnD,5,5,10,0.5
nmnH,44,29,73,0.6
nmnI,7,5,12,0.58
nmnK,1,3,4,0.25
nmnL,19,19,38,0.5
nmnM,65,78,143,0.45
nmnN,83,90,173,0.48
nmnP,103,91,194,0.53
nmnS,37,37,74,0.5
nmnb,58,52,110,0.53
nmnh,1,2,3,0.33
nmnl,22,9,31,0.71
nmnm,53,36,89,0.6
nmnn,75,65,140,0.54
nmns,33,41,74,0.45
nmnt,2,0,2,1.0
nmsB,16,19,35,0.46
nmsD,8,3,11,0.73
nmsH,27,26,53,0.51
nmsI,1,1,2,0.5
nmsK,1,2,3,0.33
nmsL,7,12,19,0.37
nmsM,24,26,50,0.48
nmsN,28,32,60,0.47
nmsP,39,34,73,0.53
nmsS,30,23,53,0.57
nmsb,30,20,50,0.6
nmsh,0,1,1,0.0
nmsl,10,8,18,0.56
nmsm,32,26,58,0.55
nmsn,32,22,54,0.59
nmss,25,15,40,0.62
nmst,0,1,1,0.0
nmtS,0,1,1,0.0
nmtb,1,0,1,1.0
nmtt,0,1,1,0.0
nnBB,35,45,80,0.44
nnBD,4,8,12,0.33
nnBH,0,0,0,
nnBK,7,6,13,0.54
nnBL,19,10,29,0.66
nnBM,40,50,90,0.44
nnBN,71,77,148,0.48
nnBP,75,64,139,0.54
nnBS,33,26,59,0.56
nnBb,51,53,104,0.49
nnBh,9,6,15,0.6
nnBj,16,15,31,0.52
nnBl,16,17,33,0.48
nnBm,49,45,94,0.52
nnBn,92,78,170,0.54
nnBs,27,35,62,0.44
nnBt,16,7,23,0.7
nnDB,8,12,20,0.4
nnDD,4,3,7,0.57
nnDH,12,15,27,0.44
nnDI,1,0,1,1.0
nnDL,5,5,10,0.5
nnDM,12,7,19,0.63
nnDN,8,10,18,0.44
nnDP,8,14,22,0.36
nnDS,10,12,22,0.45
nnDb,9,11,20,0.45
nnDh,0,1,1,0.0
nnDl,4,3,7,0.57
nnDm,8,18,26,0.31
nnDn,20,10,30,0.67
nnDs,13,11,24,0.54
nnDt,4,1,5,0.8
nnHB,34,25,59,0.58
nnHD,5,7,12,0.42
nnHH,5,4,9,0.56
nnHI,3,1,4,0.75
nnHK,2,1,3,0.67
nnHL,16,6,22,0.73
nnHM,34,37,71,0.48
nnHN,43,54,97,0.44
nnHP,60,55,115,0.52
nnHS,29,30,59,0.49
nnHb,41,31,72,0.57
nnHh,26,21,47,0.55
nnHl,22,11,33,0.67
nnHm,36,27,63,0.57
nnHn,64,56,120,0.53
nnHs,35,29,64,0.55
nnHt,3,1,4,0.75
nnIB,3,5,8,0.38
nnID,3,4,7,0.43
nnIH,6,12,18,0.33
nnII,1,4,5,0.2
nnIK,0,0,0,
nnIL,2,3,5,0.4
nnIM,12,18,30,0.4
nnIN,15,7,22,0.68
nnIP,21,16,37,0.57
nnIS,10,6,16,0.62
nnIb,8,5,13,0.62
nnIh,0,1,1,0.0
nnIl,7,4,11,0.64
nnIm,9,8,17,0.53
nnIn,9,9,18,0.5
nnIs,10,7,17,0.59
nnIt,3,1,4,0.75
nnKB,1,8,9,0.11
nnKD,0,1,1,0.0
nnKH,0,3,3,0.0
nnKI,0,0,0,
nnKL,2,0,2,1.0
nnKM,7,9,16,0.44
nnKN,9,9,18,0.5
nnKP,9,12,21,0.43
nnKS,4,6,10,0.4
nnKb,9,2,11,0.82
nnKh,6,9,15,0.4
nnKl,2,3,5,0.4
nnKm,8,4,12,0.67
nnKn,5,8,13,0.38
nnKs,6,5,11,0.55
nnKt,1,1,2,0.5
nnLB,20,15,35,0.57
nnLD,1,2,3,0.33
nnLK,0,2,2,0.0
nnLL,13,10,23,0.57
nnLM,24,24,48,0.5
nnLN,29,32,61,0.48
nnLP,28,49,77,0.36
nnLS,9,20,29,0.31
nnLb,17,29,46,0.37
nnLh,13,15,28,0.46
nnLj,13,9,22,0.59
nnLl,15,11,26,0.58
nnLm,25,20,45,0.56
nnLn,36,27,63,0.57
nnLs,12,13,25,0.48
nnLt,4,2,6,0.67
nnMB,54,55,109,0.5
nnMD,10,7,17,0.59
nnMH,0,1,1,0.0
nnMK,0,0,0,
nnML,19,24,43,0.44
nnMM,59,71,130,0.45
nnMN,73,98,171,0.43
nnMP,88,92,180,0.49
nnMS,55,53,108,0.51
nnMb,64,61,125,0.51
nnMh,61,61,122,0.5
nnMj,22,18,40,0.55
nnMl,19,27,46,0.41
nnMm,64,66,130,0.49
nnMn,102,115,217,0.47
nnMs,51,61,112,0.46
nnMt,18,11,29,0.62
nnNB,60,80,140,0.43
nnND,19,15,34,0.56
nnNH,15,18,33,0.45
nnNI,0,0,0,
nnNK,11,9,20,0.55
nnNL,32,35,67,0.48
nnNM,90,111,201,0.45
nnNN,116,150,266,0.44
nnNP,161,175,336,0.48
nnNS,79,76,155,0.51
nnNb,102,82,184,0.55
nnNh,40,38,78,0.51
nnNl,35,28,63,0.56
nnNm,106,83,189,0.56
nnNn,175,164,339,0.52
nnNs,82,75,157,0.52
nnNt,19,21,40,0.48
nnPB,119,91,210,0.57
nnPD,11,11,22,0.5
nnPH,47,28,75,0.63
nnPI,13,7,20,0.65
nnPK,14,14,28,0.5
nnPL,52,50,102,0.51
nnPM,122,124,246,0.5
nnPN,155,137,292,0.53
nnPP,187,193,380,0.49
nnPS,101,105,206,0.49
nnPb,116,99,215,0.54
nnPh,10,14,24,0.42
nnPl,54,57,111,0.49
nnPm,127,91,218,0.58
nnPn,152,141,293,0.52
nnPs,96,89,185,0.52
nnPt,14,16,30,0.47
nnSB,48,30,78,0.62
nnSD,8,9,17,0.47
nnSH,13,24,37,0.35
nnSI,1,1,2,0.5
nnSK,2,2,4,0.5
nnSL,12,18,30,0.4
nnSM,49,63,112,0.44
nnSN,68,60,128,0.53
nnSP,92,77,169,0.54
nnSS,56,74,130,0.43
nnSb,51,46,97,0.53
nnSh,35,36,71,0.49
nnSl,15,20,35,0.43
nnSm,42,49,91,0.46
nnSn,83,76,159,0.52
nnSs,65,47,112,0.58
nnSt,9,5,14,0.64
nnbB,63,50,113,0.56
nnbD,8,6,14,0.57
nnbH,18,18,36,0.5
nnbI,6,6,12,0.5
nnbJ,19,24,43,0.44
nnbK,14,14,28,0.5
nnbL,27,21,48,0.56
nnbM,73,81,154,0.47
nnbN,116,130,246,0.47
nnbP,109,79,188,0.58
nnbS,44,36,80,0.55
nnbb,73,77,150,0.49
nnbl,28,28,56,0.5
nnbm,59,44,103,0.57
nnbn,83,75,158,0.53
nnbs,26,28,54,0.48
nnhB,4,2,6,0.67
nnhD,0,1,1,0.0
nnhH,0,1,1,0.0
nnhI,2,0,2,1.0
nnhL,1,0,1,1.0
nnhM,3,1,4,0.75
nnhN,2,1,3,0.67
nnhP,5,0,5,1.0
nnhS,3,1,4,0.75
nnhb,4,2,6,0.67
nnhh,4,3,7,0.57
nnhl,1,1,2,0.5
nnhm,3,4,7,0.43
nnhn,3,2,5,0.6
nnhs,2,3,5,0.4
nnlB,25,29,54,0.46
nnlD,5,2,7,0.71
nnlH,14,22,36,0.39
nnlI,1,4,5,0.2
nnlJ,5,12,17,0.29
nnlK,1,2,3,0.33
nnlL,9,12,21,0.43
nnlM,24,27,51,0.47
nnlN,35,28,63,0.56
nnlP,39,35,74,0.53
nnlS,18,25,43,0.42
nnlb,30,32,62,0.48
nnll,6,11,17,0.35
nnlm,34,17,51,0.67
nnln,27,22,49,0.55
nnls,13,11,24,0.54
nnmB,54,48,102,0.53
nnmD,15,11,26,0.58
nnmH,35,49,84,0.42
nnmI,6,6,12,0.5
nnmJ,12,10,22,0.55
nnmK,1,1,2,0.5
nnmL,23,15,38,0.61
nnmM,83,65,148,0.56
nnmN,85,79,164,0.52
nnmP,85,74,159,0.53
nnmS,46,43,89,0.52
nnmb,65,57,122,0.53
nnml,16,14,30,0.53
nnmm,47,38,85,0.55
nnmn,73,52,125,0.58
nnms,25,24,49,0.51
nnnB,68,64,132,0.52
nnnD,7,17,24,0.29
nnnH,44,56,100,0.44
nnnI,17,7,24,0.71
nnnK,9,3,12,0.75
nnnL,25,27,52,0.48
nnnM,98,87,185,0.53
nnnN,124,134,258,0.48
nnnP,157,159,316,0.5
nnnS,74,83,157,0.47
nnnb,93,66,159,0.58
nnnh,2,1,3,0.67
nnnl,36,27,63,0.57
nnnm,87,67,154,0.56
nnnn,124,113,237,0.52
nnns,75,69,144,0.52
nnsB,34,31,65,0.52
nnsD,8,4,12,0.67
nnsH,44,65,109,0.4
nnsI,5,10,15,0.33
nnsL,27,14,41,0.66
nnsM,49,53,102,0.48
nnsN,63,63,126,0.5
nnsP,70,71,141,0.5
nnsS,44,63,107,0.41
nnsb,41,40,81,0.51
nnsh,1,3,4,0.25
nnsl,16,13,29,0.55
nnsm,64,37,101,0.63
nnsn,53,55,108,0.49
nnss,55,44,99,0.56
nnst,1,1,2,0.5
nntH,0,0,0,
nntM,0,1,1,0.0
nntP,1,0,1,1.0
nntb,0,1,1,0.0
nntl,1,0,1,1.0
nntt,0,1,1,0.0
nsBB,26,25,51,0.51
nsBD,7,6,13,0.54
nsBH,1,0,1,1.0
nsBK,3,5,8,0.38
nsBL,4,5,9,0.44
nsBM,27,30,57,0.47
nsBN,29,35,64,0.45
nsBP,32,37,69,0.46
nsBS,30,13,43,0.7
nsBb,24,35,59,0.41
nsBh,8,3,11,0.73
nsBj,8,9,17,0.47
nsBl,9,10,19,0.47
nsBm,21,24,45,0.47
nsBn,38,41,79,0.48
nsBs,18,13,31,0.58
nsBt,8,7,15,0.53
nsDB,9,4,13,0.69
nsDD,1,6,7,0.14
nsDH,7,8,15,0.47
nsDL,0,4,4,0.0
nsDM,10,13,23,0.43
nsDN,8,5,13,0.62
nsDP,14,8,22,0.64
nsDS,8,6,14,0.57
nsDb,9,2,11,0.82
nsDl,1,6,7,0.14
nsDm,9,6,15,0.6
nsDn,6,7,13,0.46
nsDs,11,6,17,0.65
nsDt,2,2,4,0.5
nsHB,31,29,60,0.52
nsHD,5,4,9,0.56
nsHH,10,7,17,0.59
nsHI,6,4,10,0.6
nsHK,5,5,10,0.5
nsHL,12,16,28,0.43
nsHM,38,40,78,0.49
nsHN,46,49,95,0.48
nsHP,56,56,112,0.5
nsHS,42,42,84,0.5
nsHb,39,35,74,0.53
nsHh,25,21,46,0.54
nsHl,15,14,29,0.52
nsHm,34,41,75,0.45
nsHn,42,52,94,0.45
nsHs,38,42,80,0.48
nsHt,4,6,10,0.4
nsIB,3,4,7,0.43
nsID,2,1,3,0.67
nsIH,4,7,11,0.36
nsII,0,1,1,0.0
nsIL,2,3,5,0.4
nsIM,3,6,9,0.33
nsIN,7,8,15,0.47
nsIP,8,10,18,0.44
nsIS,1,4,5,0.2
nsIb,11,3,14,0.79
nsIh,0,0,0,
nsIl,2,0,2,1.0
nsIm,8,3,11,0.73
nsIn,9,4,13,0.69
nsIs,4,4,8,0.5
nsIt,2,1,3,0.67
nsKL,1,0,1,1.0
nsKM,1,3,4,0.25
nsKN,0,1,1,0.0
nsKP,1,1,2,0.5
nsKS,1,1,2,0.5
nsKb,1,1,2,0.5
nsKh,1,2,3,0.33
nsKm,1,0,1,1.0
nsKn,1,1,2,0.5
nsKs,0,1,1,0.0
nsLB,12,13,25,0.48
nsLD,0,0,0,
nsLK,1,2,3,0.33
nsLL,3,8,11,0.27
nsLM,16,13,29,0.55
nsLN,16,16,32,0.5
nsLP,22,22,44,0.5
nsLS,8,18,26,0.31
nsLb,11,11,22,0.5
nsLh,7,5,12,0.58
nsLj,6,5,11,0.55
nsLl,10,7,17,0.59
nsLm,12,16,28,0.43
nsLn,26,12,38,0.68
nsLs,13,12,25,0.52
nsLt,1,3,4,0.25
nsMB,31,42,73,0.42
nsMD,5,1,6,0.83
nsMH,1,1,2,0.5
nsMI,1,0,1,1.0
nsMK,0,2,2,0.0
nsML,9,17,26,0.35
nsMM,30,38,68,0.44
nsMN,51,56,107,0.48
nsMP,59,53,112,0.53
nsMS,18,40,58,0.31
nsMb,29,42,71,0.41
nsMh,38,46,84,0.45
nsMj,13,9,22,0.59
nsMl,17,18,35,0.49
nsMm,44,45,89,0.49
nsMn,64,61,125,0.51
nsMs,22,31,53,0.42
nsMt,10,6,16,0.62
nsNB,49,31,80,0.61
nsND,6,10,16,0.38
nsNH,9,12,21,0.43
nsNI,0,0,0,
nsNK,6,5,11,0.55
nsNL,19,20,39,0.49
nsNM,57,47,104,0.55
nsNN,60,83,143,0.42
nsNP,87,88,175,0.5
nsNS,54,32,86,0.63
nsNb,42,30,72,0.58
nsNh,18,12,30,0.6
nsNl,26,16,42,0.62
nsNm,43,57,100,0.43
nsNn,78,73,151,0.52
nsNs,51,38,89,0.57
nsNt,21,13,34,0.62
nsPB,59,43,102,0.58
nsPD,9,7,16,0.56
nsPH,17,19,36,0.47
nsPI,7,6,13,0.54
nsPK,3,7,10,0.3
nsPL,23,23,46,0.5
nsPM,59,67,126,0.47
nsPN,78,84,162,0.48
nsPP,84,93,177,0.47
nsPS,48,49,97,0.49
nsPb,66,54,120,0.55
nsPh,12,5,17,0.71
nsPl,28,21,49,0.57
nsPm,68,49,117,0.58
nsPn,78,62,140,0.56
nsPs,34,49,83,0.41
nsPt,3,5,8,0.38
nsSB,36,23,59,0.61
nsSD,14,7,21,0.67
nsSH,2,11,13,0.15
nsSI,3,0,3,1.0
nsSK,0,2,2,0.0
nsSL,19,20,39,0.49
nsSM,41,59,100,0.41
nsSN,62,46,108,0.57
nsSP,64,47,111,0.58
nsSS,49,61,110,0.45
nsSb,42,25,67,0.63
nsSh,34,30,64,0.53
nsSl,16,11,27,0.59
nsSm,34,46,80,0.42
nsSn,50,54,104,0.48
nsSs,58,59,117,0.5
nsSt,5,6,11,0.45
nsbB,38,26,64,0.59
nsbD,3,4,7,0.43
nsbH,10,5,15,0.67
nsbI,4,1,5,0.8
nsbJ,13,3,16,0.81
nsbK,2,4,6,0.33
nsbL,11,14,25,0.44
nsbM,49,42,91,0.54
nsbN,62,60,122,0.51
nsbP,46,54,100,0.46
nsbS,22,23,45,0.49
nsbb,44,27,71,0.62
nsbl,14,15,29,0.48
nsbm,34,25,59,0.58
nsbn,43,39,82,0.52
nsbs,26,23,49,0.53
nshB,2,2,4,0.5
nshH,0,1,1,0.0
nshI,0,0,0,
nshK,1,0,1,1.0
nshM,2,1,3,0.67
nshN,0,2,2,0.0
nshP,5,1,6,0.83
nshS,2,2,4,0.5
nshb,4,0,4,1.0
nshh,0,2,2,0.0
nshl,0,1,1,0.0
nshm,0,2,2,0.0
nshn,0,3,3,0.0
nshs,4,2,6,0.67
nslB,12,11,23,0.52
nslD,4,2,6,0.67
nslH,8,16,24,0.33
nslI,1,1,2,0.5
nslJ,7,2,9,0.78
nslK,0,0,0,
nslL,6,5,11,0.55
nslM,16,19,35,0.46
nslN,30,26,56,0.54
nslP,23,17,40,0.57
nslS,18,11,29,0.62
nslb,14,21,35,0.4
nsll,7,11,18,0.39
nslm,12,13,25,0.48
nsln,18,13,31,0.58
nsls,8,8,16,0.5
nsmB,29,32,61,0.48
nsmD,10,8,18,0.56
nsmH,41,36,77,0.53
nsmI,1,1,2,0.5
nsmJ,6,12,18,0.33
nsmK,0,1,1,0.0
nsmL,12,13,25,0.48
nsmM,37,54,91,0.41
nsmN,54,54,108,0.5
nsmP,44,43,87,0.51
nsmS,30,33,63,0.48
nsmb,48,37,85,0.56
nsml,9,10,19,0.47
nsmm,37,32,69,0.54
nsmn,31,41,72,0.43
nsms,24,18,42,0.57
nsnB,32,27,59,0.54
nsnD,8,5,13,0.62
nsnH,39,21,60,0.65
nsnI,9,6,15,0.6
nsnK,5,6,11,0.45
nsnL,17,10,27,0.63
nsnM,44,44,88,0.5
nsnN,78,80,158,0.49
nsnP,87,80,167,0.52
nsnS,33,41,74,0.45
nsnb,48,32,80,0.6
nsnh,0,1,1,0.0
nsnl,18,18,36,0.5
nsnm,36,29,65,0.55
nsnn,51,42,93,0.55
nsns,36,38,74,0.49
nssB,28,18,46,0.61
nssD,4,6,10,0.4
nssH,40,38,78,0.51
nssI,6,4,10,0.6
nssK,2,1,3,0.67
nssL,7,14,21,0.33
nssM,44,38,82,0.54
nssN,48,54,102,0.47
nssP,49,50,99,0.49
nssS,55,41,96,0.57
nssb,34,35,69,0.49
nssh,5,2,7,0.71
nssl,25,14,39,0.64
nssm,42,29,71,0.59
nssn,44,39,83,0.53
nsss,40,31,71,0.56
nsst,0,1,1,0.0
nstK,0,1,1,0.0
nstL,1,0,1,1.0
nstN,0,1,1,0.0
nstb,1,0,1,1.0
nstl,1,0,1,1.0
nstn,1,0,1,1.0
nsts,1,0,1,1.0
ntBD,0,0,0,
ntBM,0,1,1,0.0
ntBP,1,0,1,1.0
ntBb,0,0,0,
ntBn,2,0,2,1.0
ntBs,1,0,1,1.0
ntDM,1,0,1,1.0
ntHI,0,1,1,0.0
ntHM,0,1,1,0.0
ntHP,1,0,1,1.0
ntHS,0,1,1,0.0
ntLt,0,1,1,0.0
ntMM,1,0,1,1.0
ntMP,0,0,0,
ntMb,1,0,1,1.0
ntMh,0,0,0,
ntMm,1,0,1,1.0
ntMn,1,1,2,0.5
ntMs,2,0,2,1.0
ntNB,0,1,1,0.0
ntNM,0,1,1,0.0
ntNN,1,1,2,0.5
ntNS,0,1,1,0.0
ntNb,1,0,1,1.0
ntNn,0,0,0,
ntNt,0,1,1,0.0
ntPL,1,0,1,1.0
ntPN,0,0,0,
ntPP,2,0,2,1.0
ntPb,0,1,1,0.0
ntPn,0,1,1,0.0
ntSD,1,0,1,1.0
ntSl,0,1,1,0.0
ntSm,1,0,1,1.0
ntbB,0,1,1,0.0
ntbM,0,1,1,0.0
ntbn,0,1,1,0.0
nthM,1,0,1,1.0
ntlS,0,1,1,0.0
ntlb,1,0,1,1.0
ntmB,1,0,1,1.0
ntmH,1,0,1,1.0
ntmM,1,1,2,0.5
ntmN,3,0,3,1.0
ntmb,0,1,1,0.0
ntnB,1,0,1,1.0
ntnN,1,0,1,1.0
ntnP,1,0,1,1.0
ntnb,0,1,1,0.0
ntnm,1,0,1,1.0
ntsP,0,1,1,0.0
ntsm,0,1,1,0.0
nttS,0,1,1,0.0
nttb,0,1,1,0.0
sBBB,23,29,52,0.44
sBBD,2,4,6,0.33
sBBH,1,0,1,1.0
sBBK,3,2,5,0.6
sBBL,6,6,12,0.5
sBBM,22,17,39,0.56
sBBN,28,26,54,0.52
sBBP,27,28,55,0.49
sBBS,9,6,15,0.6
sBBb,25,19,44,0.57
sBBh,2,1,3,0.67
sBBj,3,8,11,0.27
sBBl,6,8,14,0.43
sBBm,26,12,38,0.68
sBBn,35,27,62,0.56
sBBs,6,15,21,0.29
sBBt,3,8,11,0.27
sBDB,5,3,8,0.62
sBDD,2,2,4,0.5
sBDH,1,5,6,0.17
sBDK,0,1,1,0.0
sBDL,2,1,3,0.67
sBDM,2,2,4,0.5
sBDN,3,4,7,0.43
sBDP,3,10,13,0.23
sBDS,6,4,10,0.6
sBDb,4,2,6,0.67
sBDh,0,2,2,0.0
sBDl,1,0,1,1.0
sBDm,7,8,15,0.47
sBDn,1,4,5,0.2
sBDs,1,2,3,0.33
sBDt,0,1,1,0.0
sBHN,1,0,1,1.0
sBHP,1,0,1,1.0
sBHS,0,1,1,0.0
sBHb,1,0,1,1.0
sBHn,1,0,1,1.0
sBKB,3,3,6,0.5
sBKD,0,1,1,0.0
sBKH,1,1,2,0.5
sBKI,0,1,1,0.0
sBKM,3,3,6,0.5
sBKN,1,3,4,0.25
sBKP,1,4,5,0.2
sBKS,0,0,0,
sBKb,2,0,2,1.0
sBKh,0,1,1,0.0
sBKl,1,1,2,0.5
sBKm,0,5,5,0.0
sBKn,3,2,5,0.6
sBKs,1,1,2,0.5
sBKt,1,0,1,1.0
sBLB,4,12,16,0.25
sBLD,1,0,1,1.0
sBLK,1,0,1,1.0
sBLL,4,5,9,0.44
sBLM,3,14,17,0.18
sBLN,6,11,17,0.35
sBLP,12,12,24,0.5
sBLS,3,6,9,0.33
sBLb,13,5,18,0.72
sBLh,7,6,13,0.54
sBLj,2,4,6,0.33
sBLl,1,4,5,0.2
sBLm,7,5,12,0.58
sBLn,8,12,20,0.4
sBLs,4,4,8,0.5
sBLt,2,1,3,0.67
sBMB,12,25,37,0.32
sBMD,3,3,6,0.5
sBMH,0,0,0,
sBMI,0,1,1,0.0
sBMK,1,0,1,1.0
sBML,7,10,17,0.41
sBMM,23,15,38,0.61
sBMN,17,30,47,0.36
sBMP,31,36,67,0.46
sBMS,16,11,27,0.59
sBMb,29,28,57,0.51
sBMh,20,14,34,0.59
sBMj,7,9,16,0.44
sBMl,10,8,18,0.56
sBMm,25,17,42,0.6
sBMn,33,39,72,0.46
sBMs,11,14,25,0.44
sBMt,1,5,6,0.17
sBNB,19,16,35,0.54
sBND,7,3,10,0.7
sBNH,2,3,5,0.4
sBNK,4,4,8,0.5
sBNL,7,10,17,0.41
sBNM,24,33,57,0.42
sBNN,34,36,70,0.49
sBNP,46,58,104,0.44
sBNS,16,15,31,0.52
sBNb,19,26,45,0.42
sBNh,9,10,19,0.47
sBNl,6,11,17,0.35
sBNm,29,26,55,0.53
sBNn,38,38,76,0.5
sBNs,16,20,36,0.44
sBNt,7,2,9,0.78
sBPB,37,25,62,0.6
sBPD,4,3,7,0.57
sBPH,4,8,12,0.33
sBPI,2,1,3,0.67
sBPK,1,5,6,0.17
sBPL,5,19,24,0.21
sBPM,29,24,53,0.55
sBPN,36,35,71,0.51
sBPP,50,43,93,0.54
sBPS,28,26,54,0.52
sBPb,31,32,63,0.49
sBPh,4,4,8,0.5
sBPl,19,16,35,0.54
sBPm,35,34,69,0.51
sBPn,34,42,76,0.45
sBPs,19,20,39,0.49
sBPt,3,3,6,0.5
sBSB,8,13,21,0.38
sBSD,3,5,8,0.38
sBSH,3,7,10,0.3
sBSK,1,0,1,1.0
sBSL,3,1,4,0.75
sBSM,12,24,36,0.33
sBSN,8,14,22,0.36
sBSP,32,14,46,0.7
sBSS,14,18,32,0.44
sBSb,13,17,30,0.43
sBSh,4,6,10,0.4
sBSl,6,5,11,0.55
sBSm,17,10,27,0.63
sBSn,19,18,37,0.51
sBSs,10,20,30,0.33
sBSt,1,1,2,0.5
sBbB,23,26,49,0.47
sBbD,2,0,2,1.0
sBbH,9,8,17,0.53
sBbI,5,1,6,0.83
sBbJ,14,6,20,0.7
sBbK,1,2,3,0.33
sBbL,8,7,15,0.53
sBbM,20,28,48,0.42
sBbN,33,31,64,0.52
sBbP,22,25,47,0.47
sBbS,13,11,24,0.54
sBbb,21,29,50,0.42
sBbl,14,7,21,0.67
sBbm,23,15,38,0.61
sBbn,32,33,65,0.49
sBbs,12,9,21,0.57
sBhB,1,3,4,0.25
sBhD,0,2,2,0.0
sBhH,1,0,1,1.0
sBhL,1,3,4,0.25
sBhM,3,2,5,0.6
sBhN,3,3,6,0.5
sBhP,1,3,4,0.25
sBhS,1,4,5,0.2
sBhb,1,0,1,1.0
sBhh,0,2,2,0.0
sBhl,0,2,2,0.0
sBhm,2,2,4,0.5
sBhn,3,6,9,0.33
sBhs,5,5,10,0.5
sBht,0,2,2,0.0
sBjB,4,8,12,0.33
sBjH,0,3,3,0.0
sBjI,0,0,0,
sBjK,0,0,0,
sBjL,2,5,7,0.29
sBjM,7,8,15,0.47
sBjN,5,5,10,0.5
sBjP,14,13,27,0.52
sBjS,9,5,14,0.64
sBjb,7,5,12,0.58
sBjh,0,1,1,0.0
sBjl,4,2,6,0.67
sBjm,4,8,12,0.33
sBjn,11,10,21,0.52
sBjs,8,4,12,0.67
sBjt,0,1,1,0.0
sBlB,14,5,19,0.74
sBlD,0,0,0,
sBlH,13,8,21,0.62
sBlI,3,0,3,1.0
sBlJ,3,1,4,0.75
sBlL,2,3,5,0.4
sBlM,11,10,21,0.52
sBlN,8,8,16,0.5
sBlP,19,15,34,0.56
sBlS,6,4,10,0.6
sBlb,6,6,12,0.5
sBll,5,5,10,0.5
sBlm,11,8,19,0.58
sBln,11,11,22,0.5
sBls,8,11,19,0.42
sBmB,17,31,48,0.35
sBmD,5,5,10,0.5
sBmH,9,21,30,0.3
sBmI,3,1,4,0.75
sBmJ,3,7,10,0.3
sBmL,10,7,17,0.59
sBmM,21,24,45,0.47
sBmN,29,22,51,0.57
sBmP,23,30,53,0.43
sBmS,21,19,40,0.52
sBmb,21,22,43,0.49
sBml,4,3,7,0.57
sBmm,29,17,46,0.63
sBmn,20,28,48,0.42
sBms,13,12,25,0.52
sBmt,1,0,1,1.0
sBnB,21,23,44,0.48
sBnD,5,4,9,0.56
sBnH,15,18,33,0.45
sBnI,3,8,11,0.27
sBnK,2,1,3,0.67
sBnL,9,12,21,0.43
sBnM,33,38,71,0.46
sBnN,48,39,87,0.55
sBnP,46,54,100,0.46
sBnS,20,21,41,0.49
sBnb,23,29,52,0.44
sBnh,1,3,4,0.25
sBnl,11,12,23,0.48
sBnm,35,28,63,0.56
sBnn,35,40,75,0.47
sBns,32,21,53,0.6
sBsB,8,12,20,0.4
sBsD,3,2,5,0.6
sBsH,8,15,23,0.35
sBsI,2,2,4,0.5
sBsK,1,2,3,0.33
sBsL,4,10,14,0.29
sBsM,16,12,28,0.57
sBsN,17,15,32,0.53
sBsP,15,14,29,0.52
sBsS,14,18,32,0.44
sBsb,13,11,24,0.54
sBsh,0,1,1,0.0
sBsl,2,4,6,0.33
sBsm,13,11,24,0.54
sBsn,19,12,31,0.61
sBss,16,13,29,0.55
sBtB,2,4,6,0.33
sBtH,3,6,9,0.33
sBtI,1,0,1,1.0
sBtK,0,0,0,
sBtL,3,1,4,0.75
sBtM,7,4,11,0.64
sBtN,4,10,14,0.29
sBtP,7,2,9,0.78
sBtS,4,6,10,0.4
sBtb,0,3,3,0.0
sBtl,2,2,4,0.5
sBtm,6,1,7,0.86
sBtn,2,6,8,0.25
sBts,1,2,3,0.33
sBtt,1,1,2,0.5
sDBB,4,1,5,0.8
sDBD,3,1,4,0.75
sDBK,2,0,2,1.0
sDBL,0,1,1,0.0
sDBM,6,4,10,0.6
sDBN,5,3,8,0.62
sDBP,7,4,11,0.64
sDBS,4,6,10,0.4
sDBb,8,4,12,0.67
sDBj,2,0,2,1.0
sDBl,1,3,4,0.25
sDBm,4,9,13,0.31
sDBn,7,9,16,0.44
sDBs,5,2,7,0.71
sDBt,1,2,3,0.33
sDDB,3,1,4,0.75
sDDD,2,0,2,1.0
sDDH,3,3,6,0.5
sDDI,2,0,2,1.0
sDDL,0,3,3,0.0
sDDM,4,4,8,0.5
sDDN,2,4,6,0.33
sDDP,3,9,12,0.25
sDDS,2,2,4,0.5
sDDb,2,5,7,0.29
sDDh,1,0,1,1.0
sDDl,2,1,3,0.67
sDDm,4,5,9,0.44
sDDn,3,1,4,0.75
sDDs,1,4,5,0.2
sDDt,0,0,0,
sDHB,3,3,6,0.5
sDHD,0,1,1,0.0
sDHH,2,1,3,0.67
sDHK,1,0,1,1.0
sDHL,4,4,8,0.5
sDHM,6,8,14,0.43
sDHN,4,5,9,0.44
sDHP,4,4,8,0.5
sDHS,7,8,15,0.47
sDHb,3,4,7,0.43
sDHh,4,1,5,0.8
sDHl,3,1,4,0.75
sDHm,12,10,22,0.55
sDHn,6,11,17,0.35
sDHs,5,8,13,0.38
sDIB,1,0,1,1.0
sDIH,1,0,1,1.0
sDIN,1,0,1,1.0
sDIP,1,2,3,0.33
sDIS,1,0,1,1.0
sDIb,0,1,1,0.0
sDIn,1,0,1,1.0
sDKI,0,0,0,
sDKM,0,1,1,0.0
sDKb,0,1,1,0.0
sDLD,1,0,1,1.0
sDLL,2,1,3,0.67
sDLM,0,3,3,0.0
sDLN,2,1,3,0.67
sDLP,3,4,7,0.43
sDLS,0,3,3,0.0
sDLb,3,1,4,0.75
sDLh,0,0,0,
sDLj,0,1,1,0.0
sDLl,1,0,1,1.0
sDLm,5,5,10,0.5
sDLn,2,6,8,0.25
sDLs,1,1,2,0.5
sDLt,1,2,3,0.33
sDMB,7,3,10,0.7
sDMD,2,2,4,0.5
sDML,1,4,5,0.2
sDMM,10,9,19,0.53
sDMN,4,12,16,0.25
sDMP,8,7,15,0.53
sDMS,4,4,8,0.5
sDMb,6,16,22,0.27
sDMh,9,6,15,0.6
sDMj,0,2,2,0.0
sDMl,3,2,5,0.6
sDMm,16,9,25,0.64
sDMn,16,8,24,0.67
sDMs,5,5,10,0.5
sDMt,1,1,2,0.5
sDNB,9,8,17,0.53
sDND,2,3,5,0.4
sDNH,2,0,2,1.0
sDNK,0,2,2,0.0
sDNL,3,0,3,1.0
sDNM,9,10,19,0.47
sDNN,11,5,16,0.69
sDNP,5,12,17,0.29
sDNS,7,2,9,0.78
sDNb,2,3,5,0.4
sDNh,3,1,4,0.75
sDNl,3,2,5,0.6
sDNm,9,5,14,0.64
sDNn,12,7,19,0.63
sDNs,11,6,17,0.65
sDNt,2,2,4,0.5
sDPB,6,9,15,0.4
sDPD,2,2,4,0.5
sDPH,2,0,2,1.0
sDPK,4,1,5,0.8
sDPL,4,3,7,0.57
sDPM,5,9,14,0.36
sDPN,10,14,24,0.42
sDPP,11,17,28,0.39
sDPS,11,8,19,0.58
sDPb,7,8,15,0.47
sDPh,0,1,1,0.0
sDPl,5,4,9,0.56
sDPm,9,10,19,0.47
sDPn,11,11,22,0.5
sDPs,3,5,8,0.38
sDPt,0,0,0,
sDSB,7,5,12,0.58
sDSD,6,1,7,0.86
sDSH,1,4,5,0.2
sDSK,0,0,0,
sDSL,3,4,7,0.43
sDSM,3,12,15,0.2
sDSN,6,4,10,0.6
sDSP,12,7,19,0.63
sDSS,8,6,14,0.57
sDSb,10,3,13,0.77
sDSh,7,9,16,0.44
sDSl,2,3,5,0.4
sDSm,8,5,13,0.62
sDSn,12,7,19,0.63
sDSs,9,7,16,0.56
sDSt,2,1,3,0.67
sDbB,6,11,17,0.35
sDbD,1,2,3,0.33
sDbH,0,4,4,0.0
sDbI,1,1,2,0.5
sDbJ,2,1,3,0.67
sDbK,2,2,4,0.5
sDbL,1,1,2,0.5
sDbM,12,12,24,0.5
sDbN,7,6,13,0.54
sDbP,8,4,12,0.67
sDbS,5,4,9,0.56
sDbb,5,9,14,0.36
sDbl,4,0,4,1.0
sDbm,3,4,7,0.43
sDbn,5,6,11,0.45
sDbs,7,2,9,0.78
sDhB,1,2,3,0.33
sDhN,1,0,1,1.0
sDhP,0,0,0,
sDhS,0,0,0,
sDhn,1,0,1,1.0
sDlB,0,1,1,0.0
sDlH,0,1,1,0.0
sDlI,1,0,1,1.0
sDlJ,0,2,2,0.0
sDlL,1,1,2,0.5
sDlM,3,2,5,0.6
sDlN,1,2,3,0.33
sDlP,5,3,8,0.62
sDlS,1,2,3,0.33
sDlb,4,0,4,1.0
sDll,2,3,5,0.4
sDlm,4,3,7,0.57
sDln,4,0,4,1.0
sDls,3,3,6,0.5
sDmB,8,6,14,0.57
sDmD,3,4,7,0.43
sDmH,7,7,14,0.5
sDmJ,1,2,3,0.33
sDmK,0,1,1,0.0
sDmL,1,1,2,0.5
sDmM,8,8,16,0.5
sDmN,10,7,17,0.59
sDmP,11,7,18,0.61
sDmS,5,6,11,0.45
sDmb,13,5,18,0.72
sDml,2,2,4,0.5
sDmm,11,7,18,0.61
sDmn,13,10,23,0.57
sDms,1,4,5,0.2
sDnB,4,8,12,0.33
sDnD,3,1,4,0.75
sDnH,7,3,10,0.7
sDnI,1,1,2,0.5
sDnL,4,1,5,0.8
sDnM,4,6,10,0.4
sDnN,11,3,14,0.79
sDnP,4,12,16,0.25
sDnS,6,6,12,0.5
sDnb,8,6,14,0.57
sDnl,1,2,3,0.33
sDnm,5,5,10,0.5
sDnn,5,7,12,0.42
sDns,9,7,16,0.56
sDsB,4,6,10,0.4
sDsD,2,1,3,0.67
sDsH,4,12,16,0.25
sDsI,1,0,1,1.0
sDsL,2,1,3,0.67
sDsM,7,8,15,0.47
sDsN,7,6,13,0.54
sDsP,7,8,15,0.47
sDsS,10,7,17,0.59
sDsb,9,6,15,0.6
sDsh,1,0,1,1.0
sDsl,2,1,3,0.67
sDsm,3,5,8,0.38
sDsn,4,6,10,0.4
sDss,6,4,10,0.6
sDtB,1,0,1,1.0
sDtD,1,0,1,1.0
sDtH,1,1,2,0.5
sDtL,1,0,1,1.0
sDtM,2,1,3,0.67
sDtN,1,1,2,0.5
sDtP,0,1,1,0.0
sDtS,0,2,2,0.0
sDtb,1,0,1,1.0
sDtm,1,0,1,1.0
sDtn,1,2,3,0.33
sDts,0,0,0,
sDtt,1,0,1,1.0
sHBB,28,26,54,0.52
sHBD,3,6,9,0.33
sHBH,0,1,1,0.0
sHBK,2,5,7,0.29
sHBL,14,10,24,0.58
sHBM,19,24,43,0.44
sHBN,28,19,47,0.6
sHBP,36,27,63,0.57
sHBS,10,14,24,0.42
sHBb,29,33,62,0.47
sHBh,3,4,7,0.43
sHBj,5,4,9,0.56
sHBl,11,10,21,0.52
sHBm,23,15,38,0.61
sHBn,38,38,76,0.5
sHBs,19,18,37,0.51
sHBt,5,3,8,0.62
sHDB,6,3,9,0.67
sHDD,1,1,2,0.5
sHDH,8,4,12,0.67
sHDI,1,0,1,1.0
sHDL,1,3,4,0.25
sHDM,5,6,11,0.45
sHDN,12,7,19,0.63
sHDP,12,7,19,0.63
sHDS,6,4,10,0.6
sHDb,2,1,3,0.67
sHDh,0,1,1,0.0
sHDl,1,0,1,1.0
sHDm,13,4,17,0.76
sHDn,12,1,13,0.92
sHDs,3,8,11,0.27
sHDt,0,1,1,0.0
sHHB,7,6,13,0.54
sHHD,1,3,4,0.25
sHHH,4,3,7,0.57
sHHI,0,1,1,0.0
sHHK,2,0,2,1.0
sHHL,1,0,1,1.0
sHHM,5,8,13,0.38
sHHN,12,9,21,0.57
sHHP,14,11,25,0.56
sHHS,14,12,26,0.54
sHHb,4,6,10,0.4
sHHh,3,2,5,0.6
sHHl,1,2,3,0.33
sHHm,7,6,13,0.54
sHHn,8,7,15,0.53
sHHs,9,7,16,0.56
sHIB,5,1,6,0.83
sHID,1,0,1,1.0
sHIH,3,4,7,0.43
sHIL,0,5,5,0.0
sHIM,5,6,11,0.45
sHIN,2,4,6,0.33
sHIP,5,6,11,0.45
sHIS,1,3,4,0.25
sHIb,5,1,6,0.83
sHIl,1,1,2,0.5
sHIm,3,2,5,0.6
sHIn,7,0,7,1.0
sHIs,3,4,7,0.43
sHKB,1,3,4,0.25
sHKD,0,0,0,
sHKH,0,2,2,0.0
sHKI,1,0,1,1.0
sHKL,3,2,5,0.6
sHKM,3,1,4,0.75
sHKN,3,3,6,0.5
sHKP,3,4,7,0.43
sHKS,3,3,6,0.5
sHKb,3,2,5,0.6
sHKh,3,4,7,0.43
sHKl,2,0,2,1.0
sHKm,5,1,6,0.83
sHKn,2,2,4,0.5
sHKs,1,5,6,0.17
sHLB,11,3,14,0.79
sHLD,1,0,1,1.0
sHLK,3,1,4,0.75
sHLL,5,3,8,0.62
sHLM,9,14,23,0.39
sHLN,7,9,16,0.44
sHLP,8,17,25,0.32
sHLS,13,11,24,0.54
sHLb,11,14,25,0.44
sHLh,4,8,12,0.33
sHLj,4,5,9,0.44
sHLl,9,9,18,0.5
sHLm,12,14,26,0.46
sHLn,13,20,33,0.39
sHLs,7,14,21,0.33
sHLt,1,2,3,0.33
sHMB,33,37,70,0.47
sHMD,7,5,12,0.58
sHMK,3,0,3,1.0
sHML,7,14,21,0.33
sHMM,28,30,58,0.48
sHMN,34,35,69,0.49
sHMP,39,54,93,0.42
sHMS,22,28,50,0.44
sHMb,40,32,72,0.56
sHMh,28,44,72,0.39
sHMj,10,10,20,0.5
sHMl,17,18,35,0.49
sHMm,44,37,81,0.54
sHMn,53,58,111,0.48
sHMs,31,29,60,0.52
sHMt,2,7,9,0.22
sHNB,25,26,51,0.49
sHND,8,2,10,0.8
sHNH,8,4,12,0.67
sHNI,1,0,1,1.0
sHNK,3,10,13,0.23
sHNL,10,6,16,0.62
sHNM,29,40,69,0.42
sHNN,42,52,94,0.45
sHNP,42,49,91,0.46
sHNS,33,33,66,0.5
sHNb,35,23,58,0.6
sHNh,10,23,33,0.3
sHNl,12,16,28,0.43
sHNm,37,30,67,0.55
sHNn,71,57,128,0.55
sHNs,21,26,47,0.45
sHNt,7,5,12,0.58
sHPB,27,28,55,0.49
sHPD,5,9,14,0.36
sHPH,16,8,24,0.67
sHPI,5,5,10,0.5
sHPK,7,11,18,0.39
sHPL,19,18,37,0.51
sHPM,64,63,127,0.5
sHPN,56,60,116,0.48
sHPP,66,62,128,0.52
sHPS,38,52,90,0.42
sHPb,46,34,80,0.57
sHPh,7,6,13,0.54
sHPl,27,22,49,0.55
sHPm,62,39,101,0.61
sHPn,38,34,72,0.53
sHPs,29,30,59,0.49
sHPt,2,5,7,0.29
sHSB,14,22,36,0.39
sHSD,5,3,8,0.62
sHSH,16,11,27,0.59
sHSI,0,1,1,0.0
sHSK,0,5,5,0.0
sHSL,8,11,19,0.42
sHSM,27,47,74,0.36
sHSN,31,26,57,0.54
sHSP,40,39,79,0.51
sHSS,34,59,93,0.37
sHSb,34,33,67,0.51
sHSh,32,24,56,0.57
sHSl,17,20,37,0.46
sHSm,38,27,65,0.58
sHSn,31,34,65,0.48
sHSs,30,43,73,0.41
sHSt,11,1,12,0.92
sHbB,31,26,57,0.54
sHbD,5,2,7,0.71
sHbH,6,5,11,0.55
sHbI,1,2,3,0.33
sHbJ,9,9,18,0.5
sHbK,6,8,14,0.43
sHbL,10,9,19,0.53
sHbM,32,39,71,0.45
sHbN,44,32,76,0.58
sHbP,43,38,81,0.53
sHbS,23,27,50,0.46
sHbb,43,33,76,0.57
sHbl,16,13,29,0.55
sHbm,23,18,41,0.56
sHbn,34,30,64,0.53
sHbs,23,16,39,0.59
sHhB,15,14,29,0.52
sHhD,2,4,6,0.33
sHhH,3,6,9,0.33
sHhI,1,1,2,0.5
sHhK,0,1,1,0.0
sHhL,6,8,14,0.43
sHhM,18,28,46,0.39
sHhN,15,25,40,0.38
sHhP,16,32,48,0.33
sHhS,20,26,46,0.43
sHhb,22,14,36,0.61
sHhh,17,15,32,0.53
sHhl,10,15,25,0.4
sHhm,21,26,47,0.45
sHhn,22,15,37,0.59
sHhs,21,20,41,0.51
sHht,1,2,3,0.33
sHlB,11,19,30,0.37
sHlD,5,1,6,0.83
sHlH,13,9,22,0.59
sHlI,1,3,4,0.25
sHlJ,2,5,7,0.29
sHlL,4,1,5,0.8
sHlM,21,16,37,0.57
sHlN,20,18,38,0.53
sHlP,20,25,45,0.44
sHlS,9,14,23,0.39
sHlb,14,16,30,0.47
sHll,9,6,15,0.6
sHlm,12,16,28,0.43
sHln,12,12,24,0.5
sHls,9,8,17,0.53
sHmB,25,25,50,0.5
sHmD,7,4,11,0.64
sHmH,22,23,45,0.49
sHmI,3,3,6,0.5
sHmJ,13,2,15,0.87
sHmK,0,0,0,
sHmL,15,9,24,0.62
sHmM,39,47,86,0.45
sHmN,37,32,69,0.54
sHmP,40,43,83,0.48
sHmS,20,19,39,0.51
sHmb,45,29,74,0.61
sHmh,0,0,0,
sHml,10,17,27,0.37
sHmm,24,19,43,0.56
sHmn,32,26,58,0.55
sHms,26,16,42,0.62
sHnB,17,31,48,0.35
sHnD,10,1,11,0.91
sHnH,28,13,41,0.68
sHnI,8,6,14,0.57
sHnK,6,3,9,0.67
sHnL,21,13,34,0.62
sHnM,38,50,88,0.43
sHnN,50,53,103,0.49
sHnP,58,69,127,0.46
sHnS,39,30,69,0.57
sHnb,45,31,76,0.59
sHnh,1,3,4,0.25
sHnl,24,10,34,0.71
sHnm,34,30,64,0.53
sHnn,50,38,88,0.57
sHns,36,37,73,0.49
sHsB,15,21,36,0.42
sHsD,4,5,9,0.44
sHsH,47,37,84,0.56
sHsI,2,2,4,0.5
sHsL,12,9,21,0.57
sHsM,34,40,74,0.46
sHsN,33,39,72,0.46
sHsP,54,37,91,0.59
sHsS,52,34,86,0.6
sHsb,26,35,61,0.43
sHsh,3,2,5,0.6
sHsl,16,19,35,0.46
sHsm,28,32,60,0.47
sHsn,29,34,63,0.46
sHss,35,38,73,0.48
sHst,0,1,1,0.0
sHtB,1,1,2,0.5
sHtD,1,0,1,1.0
sHtH,0,4,4,0.0
sHtK,0,1,1,0.0
sHtL,1,1,2,0.5
sHtM,5,1,6,0.83
sHtN,2,2,4,0.5
sHtP,4,3,7,0.57
sHtS,3,3,6,0.5
sHtb,3,4,7,0.43
sHtl,3,3,6,0.5
sHtm,3,3,6,0.5
sHtn,2,3,5,0.4
sHts,6,4,10,0.6
sIBB,4,2,6,0.67
sIBD,1,0,1,1.0
sIBK,1,1,2,0.5
sIBL,2,1,3,0.67
sIBM,6,1,7,0.86
sIBN,1,3,4,0.25
sIBP,2,7,9,0.22
sIBS,4,1,5,0.8
sIBb,5,4,9,0.56
sIBh,1,1,2,0.5
sIBl,2,3,5,0.4
sIBm,4,4,8,0.5
sIBn,3,4,7,0.43
sIBs,1,6,7,0.14
sIBt,1,0,1,1.0
sIDB,0,1,1,0.0
sIDH,2,1,3,0.67
sIDL,1,0,1,1.0
sIDM,1,0,1,1.0
sIDN,0,0,0,
sIDP,1,1,2,0.5
sIDS,1,1,2,0.5
sIDb,0,1,1,0.0
sIDm,1,1,2,0.5
sIDn,1,0,1,1.0
sIDs,5,1,6,0.83
sIDt,0,0,0,
sIHB,6,1,7,0.86
sIHD,2,0,2,1.0
sIHH,1,0,1,1.0
sIHI,0,0,0,
sIHK,0,1,1,0.0
sIHL,2,1,3,0.67
sIHM,7,3,10,0.7
sIHN,4,7,11,0.36
sIHP,8,8,16,0.5
sIHS,3,4,7,0.43
sIHb,1,2,3,0.33
sIHh,1,2,3,0.33
sIHl,2,3,5,0.4
sIHm,4,3,7,0.57
sIHn,7,3,10,0.7
sIHs,2,4,6,0.33
sIIB,0,1,1,0.0
sIIM,0,1,1,0.0
sIIP,2,1,3,0.67
sIIS,0,2,2,0.0
sIIl,1,0,1,1.0
sIIm,0,1,1,0.0
sIIn,0,2,2,0.0
sIKh,1,0,1,1.0
sILB,1,1,2,0.5
sILD,0,0,0,
sILK,0,1,1,0.0
sILL,0,2,2,0.0
sILM,2,2,4,0.5
sILN,3,0,3,1.0
sILP,2,3,5,0.4
sILS,1,1,2,0.5
sILb,0,4,4,0.0
sILj,1,0,1,1.0
sILl,0,2,2,0.0
sILm,1,2,3,0.33
sILn,1,4,5,0.2
sILs,3,0,3,1.0
sILt,2,1,3,0.67
sIMB,5,3,8,0.62
sIMD,2,0,2,1.0
sIMH,1,0,1,1.0
sIML,3,5,8,0.38
sIMM,4,6,10,0.4
sIMN,9,8,17,0.53
sIMP,9,10,19,0.47
sIMS,1,4,5,0.2
sIMb,4,2,6,0.67
sIMh,2,3,5,0.4
sIMj,2,1,3,0.67
sIMl,2,1,3,0.67
sIMm,11,2,13,0.85
sIMn,6,4,10,0.6
sIMs,5,4,9,0.56
sIMt,1,0,1,1.0
sINB,8,5,13,0.62
sIND,0,0,0,
sINH,2,0,2,1.0
sINK,0,1,1,0.0
sINL,2,4,6,0.33
sINM,7,9,16,0.44
sINN,4,4,8,0.5
sINP,15,5,20,0.75
sINS,8,6,14,0.57
sINb,3,3,6,0.5
sINh,3,0,3,1.0
sINl,3,0,3,1.0
sINm,7,4,11,0.64
sINn,7,4,11,0.64
sINs,7,2,9,0.78
sINt,1,1,2,0.5
sIPB,5,1,6,0.83
sIPD,1,1,2,0.5
sIPH,0,1,1,0.0
sIPI,1,1,2,0.5
sIPK,1,1,2,0.5
sIPL,5,4,9,0.56
sIPM,3,11,14,0.21
sIPN,3,7,10,0.3
sIPP,10,13,23,0.43
sIPS,2,11,13,0.15
sIPb,7,8,15,0.47
sIPl,7,2,9,0.78
sIPm,8,5,13,0.62
sIPn,8,4,12,0.67
sIPs,5,6,11,0.45
sIPt,0,1,1,0.0
sISB,4,3,7,0.57
sISD,1,0,1,1.0
sISH,9,3,12,0.75
sISI,1,1,2,0.5
sISK,1,0,1,1.0
sISL,2,2,4,0.5
sISM,4,6,10,0.4
sISN,4,4,8,0.5
sISP,8,8,16,0.5
sISS,4,10,14,0.29
sISb,2,2,4,0.5
sISh,1,1,2,0.5
sISl,3,1,4,0.75
sISm,6,1,7,0.86
sISn,8,5,13,0.62
sISs,3,3,6,0.5
sISt,2,2,4,0.5
sIbB,8,2,10,0.8
sIbD,1,0,1,1.0
sIbI,2,0,2,1.0
sIbJ,1,2,3,0.33
sIbK,1,0,1,1.0
sIbL,2,0,2,1.0
sIbM,4,4,8,0.5
sIbN,5,3,8,0.62
sIbP,9,9,18,0.5
sIbS,4,2,6,0.67
sIbb,4,3,7,0.57
sIbl,1,0,1,1.0
sIbm,4,1,5,0.8
sIbn,4,7,11,0.36
sIbs,2,4,6,0.33
sIhh,0,1,1,0.0
sIhm,1,0,1,1.0
sIht,1,0,1,1.0
sIlB,0,3,3,0.0
sIlJ,1,0,1,1.0
sIlL,1,1,2,0.5
sIlM,2,0,2,1.0
sIlN,3,4,7,0.43
sIlP,1,3,4,0.25
sIlS,3,2,5,0.6
sIlb,2,1,3,0.67
sIll,2,0,2,1.0
sIlm,2,1,3,0.67
sIln,0,1,1,0.0
sIls,3,2,5,0.6
sImB,7,4,11,0.64
sImD,1,0,1,1.0
sImH,2,1,3,0.67
sImI,0,1,1,0.0
sImJ,1,1,2,0.5
sImL,1,1,2,0.5
sImM,6,6,12,0.5
sImN,4,7,11,0.36
sImP,6,7,13,0.46
sImS,3,4,7,0.43
sImb,2,3,5,0.4
sIml,2,2,4,0.5
sImm,8,4,12,0.67
sImn,4,6,10,0.4
sIms,3,1,4,0.75
sInB,3,1,4,0.75
sInD,0,2,2,0.0
sInH,2,2,4,0.5
sInI,0,1,1,0.0
sInL,2,0,2,1.0
sInM,2,5,7,0.29
sInN,4,7,11,0.36
sInP,6,9,15,0.4
sInS,4,1,5,0.8
sInb,2,2,4,0.5
sInl,1,0,1,1.0
sInm,4,7,11,0.36
sInn,3,2,5,0.6
sIns,3,2,5,0.6
sIsB,1,2,3,0.33
sIsD,2,1,3,0.67
sIsH,4,4,8,0.5
sIsI,2,0,2,1.0
sIsL,2,2,4,0.5
sIsM,4,6,10,0.4
sIsN,2,4,6,0.33
sIsP,3,3,6,0.5
sIsS,3,6,9,0.33
sIsb,4,6,10,0.4
sIsl,1,2,3,0.33
sIsm,3,3,6,0.5
sIsn,2,2,4,0.5
sIss,10,6,16,0.62
sItH,0,1,1,0.0
sItN,1,0,1,1.0
sItm,0,0,0,
sItn,0,1,1,0.0
sIts,1,1,2,0.5
sItt,1,0,1,1.0
sKBM,2,0,2,1.0
sKBN,1,0,1,1.0
sKBP,1,1,2,0.5
sKBS,0,1,1,0.0
sKBb,1,0,1,1.0
sKBj,2,0,2,1.0
sKBm,2,2,4,0.5
sKBn,2,1,3,0.67
sKBs,1,0,1,1.0
sKDl,1,0,1,1.0
sKHB,1,0,1,1.0
sKHP,1,0,1,1.0
sKHS,0,0,0,
sKHn,1,0,1,1.0
sKIH,0,1,1,0.0
sKKS,1,0,1,1.0
sKKb,0,1,1,0.0
sKLL,0,1,1,0.0
sKLM,2,0,2,1.0
sKLN,0,2,2,0.0
sKLP,1,1,2,0.5
sKLS,0,0,0,
sKLb,0,1,1,0.0
sKLh,0,0,0,
sKLj,0,1,1,0.0
sKLs,0,0,0,
sKMB,0,1,1,0.0
sKMD,0,0,0,
sKMK,1,0,1,1.0
sKML,1,2,3,0.33
sKMM,1,2,3,0.33
sKMN,1,0,1,1.0
sKMP,1,0,1,1.0
sKMS,1,0,1,1.0
sKMb,2,1,3,0.67
sKMl,1,1,2,0.5
sKMm,1,1,2,0.5
sKMn,1,2,3,0.33
sKNB,0,0,0,
sKND,0,1,1,0.0
sKNM,0,0,0,
sKNN,0,1,1,0.0
sKNP,2,0,2,1.0
sKNS,1,0,1,1.0
sKNb,0,1,1,0.0
sKNl,0,0,0,
sKNn,0,2,2,0.0
sKNs,1,0,1,1.0
sKPB,0,2,2,0.0
sKPD,0,1,1,0.0
sKPL,2,1,3,0.67
sKPM,1,2,3,0.33
sKPN,1,1,2,0.5
sKPP,3,7,10,0.3
sKPS,0,2,2,0.0
sKPb,1,1,2,0.5
sKPh,1,0,1,1.0
sKPl,2,0,2,1.0
sKPm,1,2,3,0.33
sKPn,1,0,1,1.0
sKPs,2,2,4,0.5
sKSB,2,0,2,1.0
sKSH,0,1,1,0.0
sKSL,0,2,2,0.0
sKSM,1,0,1,1.0
sKSN,0,1,1,0.0
sKSP,1,2,3,0.33
sKSS,2,2,4,0.5
sKSb,0,2,2,0.0
sKSh,0,0,0,
sKSl,0,1,1,0.0
sKSm,1,1,2,0.5
sKSn,2,3,5,0.4
sKbB,1,0,1,1.0
sKbH,0,1,1,0.0
sKbL,0,1,1,0.0
sKbM,1,3,4,0.25
sKbN,1,1,2,0.5
sKbP,3,2,5,0.6
sKbS,1,0,1,1.0
sKbb,1,0,1,1.0
sKbl,1,0,1,1.0
sKbn,1,1,2,0.5
sKbs,1,0,1,1.0
sKhB,1,1,2,0.5
sKhI,0,0,0,
sKhL,0,1,1,0.0
sKhM,0,2,2,0.0
sKhN,1,0,1,1.0
sKhP,0,1,1,0.0
sKhS,0,2,2,0.0
sKhb,0,2,2,0.0
sKhh,1,0,1,1.0
sKhl,1,0,1,1.0
sKhm,2,0,2,1.0
sKhn,3,2,5,0.6
sKlB,0,0,0,
sKlD,0,1,1,0.0
sKlM,1,2,3,0.33
sKlP,1,2,3,0.33
sKlm,0,1,1,0.0
sKls,1,1,2,0.5
sKmB,3,0,3,1.0
sKmH,3,1,4,0.75
sKmL,0,1,1,0.0
sKmM,2,0,2,1.0
sKmN,2,1,3,0.67
sKmP,3,2,5,0.6
sKmS,0,2,2,0.0
sKmb,0,2,2,0.0
sKml,2,0,2,1.0
sKmm,1,0,1,1.0
sKmn,0,1,1,0.0
sKms,1,0,1,1.0
sKnB,0,1,1,0.0
sKnI,1,0,1,1.0
sKnM,2,1,3,0.67
sKnN,2,0,2,1.0
sKnP,2,2,4,0.5
sKnS,0,1,1,0.0
sKnb,2,1,3,0.67
sKnl,1,0,1,1.0
sKnm,1,1,2,0.5
sKnn,1,0,1,1.0
sKns,2,0,2,1.0
sKsB,1,2,3,0.33
sKsH,1,1,2,0.5
sKsL,0,2,2,0.0
sKsM,0,3,3,0.0
sKsN,0,1,1,0.0
sKsP,4,2,6,0.67
sKsS,1,0,1,1.0
sKsb,1,0,1,1.0
sKsm,0,2,2,0.0
sKsn,1,0,1,1.0
sKss,1,0,1,1.0
sKtP,0,1,1,0.0
sKtn,0,1,1,0.0
sLBB,20,12,32,0.62
sLBD,3,1,4,0.75
sLBK,1,0,1,1.0
sLBL,1,5,6,0.17
sLBM,11,11,22,0.5
sLBN,12,12,24,0.5
sLBP,16,12,28,0.57
sLBS,3,11,14,0.21
sLBb,13,15,28,0.46
sLBh,0,2,2,0.0
sLBj,3,8,11,0.27
sLBl,6,5,11,0.55
sLBm,11,6,17,0.65
sLBn,15,18,33,0.45
sLBs,7,4,11,0.64
sLBt,1,1,2,0.5
sLDB,3,1,4,0.75
sLDD,0,1,1,0.0
sLDH,1,1,2,0.5
sLDM,2,2,4,0.5
sLDN,2,1,3,0.67
sLDP,0,1,1,0.0
sLDS,1,1,2,0.5
sLDb,2,0,2,1.0
sLDl,1,1,2,0.5
sLDm,3,0,3,1.0
sLDn,0,0,0,
sLDs,2,0,2,1.0
sLDt,0,1,1,0.0
sLHK,1,0,1,1.0
sLHM,0,1,1,0.0
sLHP,1,0,1,1.0
sLHm,2,0,2,1.0
sLHs,0,1,1,0.0
sLIH,0,1,1,0.0
sLKB,3,5,8,0.38
sLKM,1,0,1,1.0
sLKN,1,1,2,0.5
sLKP,1,0,1,1.0
sLKS,1,1,2,0.5
sLKb,2,0,2,1.0
sLKh,0,3,3,0.0
sLKl,1,2,3,0.33
sLKm,2,0,2,1.0
sLKn,1,0,1,1.0
sLKs,1,1,2,0.5
sLKt,0,0,0,
sLLB,4,6,10,0.4
sLLD,2,1,3,0.67
sLLH,1,0,1,1.0
sLLL,1,2,3,0.33
sLLM,3,5,8,0.38
sLLN,3,2,5,0.6
sLLP,5,7,12,0.42
sLLS,7,5,12,0.58
sLLb,7,7,14,0.5
sLLh,3,2,5,0.6
sLLj,2,0,2,1.0
sLLl,2,1,3,0.67
sLLm,9,6,15,0.6
sLLn,11,9,20,0.55
sLLs,2,7,9,0.22
sLMB,14,14,28,0.5
sLMD,2,1,3,0.67
sLMK,0,1,1,0.0
sLML,0,9,9,0.0
sLMM,6,17,23,0.26
sLMN,14,11,25,0.56
sLMP,19,20,39,0.49
sLMS,7,9,16,0.44
sLMb,15,15,30,0.5
sLMh,8,11,19,0.42
sLMj,3,5,8,0.38
sLMl,8,5,13,0.62
sLMm,13,6,19,0.68
sLMn,17,19,36,0.47
sLMs,9,7,16,0.56
sLMt,2,0,2,1.0
sLNB,9,7,16,0.56
sLND,4,1,5,0.8
sLNH,0,2,2,0.0
sLNK,1,1,2,0.5
sLNL,3,4,7,0.43
sLNM,9,14,23,0.39
sLNN,15,12,27,0.56
sLNP,23,29,52,0.44
sLNS,16,8,24,0.67
sLNb,8,8,16,0.5
sLNh,8,1,9,0.89
sLNl,8,11,19,0.42
sLNm,16,13,29,0.55
sLNn,19,12,31,0.61
sLNs,10,6,16,0.62
sLNt,4,5,9,0.44
sLPB,12,11,23,0.52
sLPD,1,1,2,0.5
sLPH,4,7,11,0.36
sLPI,1,1,2,0.5
sLPK,4,0,4,1.0
sLPL,8,5,13,0.62
sLPM,15,24,39,0.38
sLPN,16,23,39,0.41
sLPP,33,26,59,0.56
sLPS,15,8,23,0.65
sLPb,28,12,40,0.7
sLPh,3,2,5,0.6
sLPl,6,11,17,0.35
sLPm,20,12,32,0.62
sLPn,22,16,38,0.58
sLPs,12,9,21,0.57
sLPt,5,3,8,0.62
sLSB,5,5,10,0.5
sLSD,2,3,5,0.4
sLSH,2,3,5,0.4
sLSK,1,0,1,1.0
sLSL,3,9,12,0.25
sLSM,13,13,26,0.5
sLSN,12,9,21,0.57
sLSP,12,18,30,0.4
sLSS,12,11,23,0.52
sLSb,4,12,16,0.25
sLSh,6,2,8,0.75
sLSl,8,3,11,0.73
sLSm,18,7,25,0.72
sLSn,15,16,31,0.48
sLSs,14,12,26,0.54
sLSt,2,2,4,0.5
sLbB,11,15,26,0.42
sLbD,0,2,2,0.0
sLbH,2,4,6,0.33
sLbJ,5,2,7,0.71
sLbK,1,2,3,0.33
sLbL,2,5,7,0.29
sLbM,10,13,23,0.43
sLbN,18,14,32,0.56
sLbP,20,13,33,0.61
sLbS,6,5,11,0.55
sLbb,15,14,29,0.52
sLbl,4,4,8,0.5
sLbm,7,9,16,0.44
sLbn,15,13,28,0.54
sLbs,8,6,14,0.57
sLhB,6,4,10,0.6
sLhH,0,3,3,0.0
sLhI,0,1,1,0.0
sLhL,3,4,7,0.43
sLhM,7,12,19,0.37
sLhN,5,5,10,0.5
sLhP,9,9,18,0.5
sLhS,4,2,6,0.67
sLhb,5,3,8,0.62
sLhh,6,3,9,0.67
sLhl,4,7,11,0.36
sLhm,8,2,10,0.8
sLhn,6,7,13,0.46
sLhs,7,5,12,0.58
sLht,0,2,2,0.0
sLjB,5,0,5,1.0
sLjD,3,0,3,1.0
sLjH,1,0,1,1.0
sLjI,1,0,1,1.0
sLjL,1,0,1,1.0
sLjM,2,4,6,0.33
sLjN,5,7,12,0.42
sLjP,4,3,7,0.57
sLjS,4,5,9,0.44
sLjb,2,7,9,0.22
sLjh,1,1,2,0.5
sLjl,2,1,3,0.67
sLjm,5,4,9,0.56
sLjn,5,2,7,0.71
sLjs,1,5,6,0.17
sLlB,8,4,12,0.67
sLlD,2,1,3,0.67
sLlH,6,5,11,0.55
sLlJ,2,3,5,0.4
sLlK,1,0,1,1.0
sLlL,2,2,4,0.5
sLlM,5,8,13,0.38
sLlN,6,11,17,0.35
sLlP,9,5,14,0.64
sLlS,6,8,14,0.43
sLlb,8,14,22,0.36
sLll,5,5,10,0.5
sLlm,11,8,19,0.58
sLln,5,4,9,0.56
sLls,8,10,18,0.44
sLmB,8,12,20,0.4
sLmD,0,3,3,0.0
sLmH,9,13,22,0.41
sLmI,0,1,1,0.0
sLmJ,3,4,7,0.43
sLmK,1,0,1,1.0
sLmL,8,7,15,0.53
sLmM,19,20,39,0.49
sLmN,12,15,27,0.44
sLmP,18,16,34,0.53
sLmS,6,14,20,0.3
sLmb,10,10,20,0.5
sLmh,0,1,1,0.0
sLml,3,6,9,0.33
sLmm,14,12,26,0.54
sLmn,13,13,26,0.5
sLms,13,13,26,0.5
sLnB,11,16,27,0.41
sLnD,5,4,9,0.56
sLnH,11,15,26,0.42
sLnI,6,4,10,0.6
sLnK,3,1,4,0.75
sLnL,11,12,23,0.48
sLnM,16,20,36,0.44
sLnN,22,24,46,0.48
sLnP,33,26,59,0.56
sLnS,13,13,26,0.5
sLnb,14,12,26,0.54
sLnh,0,3,3,0.0
sLnl,7,7,14,0.5
sLnm,17,12,29,0.59
sLnn,27,19,46,0.59
sLns,13,15,28,0.46
sLsB,8,6,14,0.57
sLsD,3,3,6,0.5
sLsH,14,7,21,0.67
sLsI,3,1,4,0.75
sLsK,0,1,1,0.0
sLsL,2,6,8,0.25
sLsM,9,7,16,0.56
sLsN,13,12,25,0.52
sLsP,23,15,38,0.61
sLsS,6,8,14,0.43
sLsb,3,7,10,0.3
sLsh,0,3,3,0.0
sLsl,7,7,14,0.5
sLsm,12,7,19,0.63
sLsn,9,15,24,0.38
sLss,13,12,25,0.52
sLst,1,0,1,1.0
sLtB,0,3,3,0.0
sLtH,4,2,6,0.67
sLtL,1,1,2,0.5
sLtM,2,2,4,0.5
sLtN,2,2,4,0.5
sLtP,3,3,6,0.5
sLtS,3,2,5,0.6
sLtb,1,2,3,0.33
sLtl,0,1,1,0.0
sLtm,1,3,4,0.25
sLtn,1,2,3,0.33
sLts,2,2,4,0.5
sLtt,0,3,3,0.0
sMBB,27,44,71,0.38
sMBD,7,5,12,0.58
sMBH,0,0,0,
sMBK,1,6,7,0.14
sMBL,9,7,16,0.56
sMBM,22,39,61,0.36
sMBN,23,42,65,0.35
sMBP,52,37,89,0.58
sMBS,14,14,28,0.5
sMBb,27,43,70,0.39
sMBh,2,3,5,0.4
sMBj,7,12,19,0.37
sMBl,13,14,27,0.48
sMBm,32,24,56,0.57
sMBn,45,42,87,0.52
sMBs,15,13,28,0.54
sMBt,7,2,9,0.78
sMDB,4,0,4,1.0
sMDD,2,0,2,1.0
sMDH,2,2,4,0.5
sMDI,1,0,1,1.0
sMDL,1,0,1,1.0
sMDM,6,7,13,0.46
sMDN,8,6,14,0.57
sMDP,7,6,13,0.54
sMDS,8,9,17,0.47
sMDb,12,2,14,0.86
sMDh,0,1,1,0.0
sMDl,2,1,3,0.67
sMDm,8,5,13,0.62
sMDn,3,6,9,0.33
sMDs,2,5,7,0.29
sMDt,1,0,1,1.0
sMHB,1,3,4,0.25
sMHH,0,0,0,
sMHL,0,1,1,0.0
sMHN,1,0,1,1.0
sMHP,1,1,2,0.5
sMHl,0,1,1,0.0
sMIP,2,0,2,1.0
sMIn,1,0,1,1.0
sMKM,1,0,1,1.0
sMKN,1,1,2,0.5
sMKP,2,0,2,1.0
sMKS,1,0,1,1.0
sMKb,2,0,2,1.0
sMKl,2,2,4,0.5
sMKn,0,2,2,0.0
sMKs,0,1,1,0.0
sMLB,16,10,26,0.62
sMLD,1,2,3,0.33
sMLK,1,0,1,1.0
sMLL,4,4,8,0.5
sMLM,15,12,27,0.56
sMLN,12,21,33,0.36
sMLP,14,19,33,0.42
sMLS,7,5,12,0.58
sMLb,15,14,29,0.52
sMLh,3,5,8,0.38
sMLj,2,3,5,0.4
sMLl,4,9,13,0.31
sMLm,8,8,16,0.5
sMLn,25,10,35,0.71
sMLs,6,10,16,0.38
sMLt,0,1,1,0.0
sMMB,23,51,74,0.31
sMMD,1,3,4,0.25
sMML,11,11,22,0.5
sMMM,27,42,69,0.39
sMMN,40,28,68,0.59
sMMP,38,50,88,0.43
sMMS,11,12,23,0.48
sMMb,39,41,80,0.49
sMMh,37,31,68,0.54
sMMj,9,8,17,0.53
sMMl,9,12,21,0.43
sMMm,30,45,75,0.4
sMMn,54,50,104,0.52
sMMs,20,22,42,0.48
sMMt,4,4,8,0.5
sMNB,31,24,55,0.56
sMND,8,4,12,0.67
sMNH,5,4,9,0.56
sMNK,2,5,7,0.29
sMNL,11,12,23,0.48
sMNM,30,35,65,0.46
sMNN,46,52,98,0.47
sMNP,59,64,123,0.48
sMNS,19,29,48,0.4
sMNb,21,22,43,0.49
sMNh,7,12,19,0.37
sMNl,9,10,19,0.47
sMNm,32,25,57,0.56
sMNn,59,55,114,0.52
sMNs,31,29,60,0.52
sMNt,6,4,10,0.6
sMPB,35,38,73,0.48
sMPD,6,5,11,0.55
sMPH,13,17,30,0.43
sMPI,4,2,6,0.67
sMPK,5,7,12,0.42
sMPL,20,19,39,0.51
sMPM,41,48,89,0.46
sMPN,54,47,101,0.53
sMPP,57,76,133,0.43
sMPS,35,32,67,0.52
sMPb,45,36,81,0.56
sMPh,4,2,6,0.67
sMPl,23,19,42,0.55
sMPm,41,30,71,0.58
sMPn,43,48,91,0.47
sMPs,32,27,59,0.54
sMPt,5,5,10,0.5
sMSB,21,21,42,0.5
sMSD,11,7,18,0.61
sMSH,15,11,26,0.58
sMSI,2,0,2,1.0
sMSK,1,0,1,1.0
sMSL,9,12,21,0.43
sMSM,34,31,65,0.52
sMSN,24,29,53,0.45
sMSP,46,30,76,0.61
sMSS,20,28,48,0.42
sMSb,20,25,45,0.44
sMSh,11,16,27,0.41
sMSl,9,6,15,0.6
sMSm,36,22,58,0.62
sMSn,32,43,75,0.43
sMSs,23,20,43,0.53
sMSt,4,5,9,0.44
sMbB,20,39,59,0.34
sMbD,9,2,11,0.82
sMbH,8,9,17,0.47
sMbI,7,2,9,0.78
sMbJ,14,5,19,0.74
sMbK,7,8,15,0.47
sMbL,7,5,12,0.58
sMbM,26,31,57,0.46
sMbN,48,56,104,0.46
sMbP,50,44,94,0.53
sMbS,18,13,31,0.58
sMbb,35,36,71,0.49
sMbh,0,0,0,
sMbl,8,15,23,0.35
sMbm,30,27,57,0.53
sMbn,43,55,98,0.44
sMbs,25,22,47,0.53
sMhB,25,19,44,0.57
sMhD,6,2,8,0.75
sMhH,4,6,10,0.4
sMhI,1,0,1,1.0
sMhK,1,2,3,0.33
sMhL,6,9,15,0.4
sMhM,33,29,62,0.53
sMhN,39,33,72,0.54
sMhP,45,42,87,0.52
sMhS,32,24,56,0.57
sMhb,30,27,57,0.53
sMhh,23,14,37,0.62
sMhl,11,18,29,0.38
sMhm,36,20,56,0.64
sMhn,33,36,69,0.48
sMhs,27,27,54,0.5
sMht,0,4,4,0.0
sMjB,6,4,10,0.6
sMjH,3,1,4,0.75
sMjI,0,0,0,
sMjK,1,0,1,1.0
sMjL,2,3,5,0.4
sMjM,4,8,12,0.33
sMjN,5,10,15,0.33
sMjP,16,11,27,0.59
sMjS,7,12,19,0.37
sMjb,10,6,16,0.62
sMjh,1,0,1,1.0
sMjl,6,5,11,0.55
sMjm,9,4,13,0.69
sMjn,10,12,22,0.45
sMjs,9,9,18,0.5
sMjt,1,0,1,1.0
sMlB,11,11,22,0.5
sMlD,2,2,4,0.5
sMlH,8,11,19,0.42
sMlI,2,1,3,0.67
sMlJ,7,3,10,0.7
sMlK,1,1,2,0.5
sMlL,6,10,16,0.38
sMlM,17,12,29,0.59
sMlN,21,15,36,0.58
sMlP,18,23,41,0.44
sMlS,12,19,31,0.39
sMlb,16,13,29,0.55
sMll,7,2,9,0.78
sMlm,10,13,23,0.43
sMln,14,14,28,0.5
sMls,10,13,23,0.43
sMmB,28,28,56,0.5
sMmD,11,11,22,0.5
sMmH,28,44,72,0.39
sMmI,2,3,5,0.4
sMmJ,5,5,10,0.5
sMmK,1,0,1,1.0
sMmL,9,14,23,0.39
sMmM,44,41,85,0.52
sMmN,53,43,96,0.55
sMmP,42,56,98,0.43
sMmS,28,29,57,0.49
sMmb,39,38,77,0.51
sMmh,0,2,2,0.0
sMml,15,10,25,0.6
sMmm,34,24,58,0.59
sMmn,42,34,76,0.55
sMms,26,31,57,0.46
sMnB,36,40,76,0.47
sMnD,5,5,10,0.5
sMnH,20,28,48,0.42
sMnI,6,12,18,0.33
sMnK,4,7,11,0.36
sMnL,8,10,18,0.44
sMnM,38,47,85,0.45
sMnN,81,69,150,0.54
sMnP,75,76,151,0.5
sMnS,46,47,93,0.49
sMnb,52,33,85,0.61
sMnh,3,4,7,0.43
sMnl,26,15,41,0.63
sMnm,57,48,105,0.54
sMnn,58,58,116,0.5
sMns,47,35,82,0.57
sMsB,18,16,34,0.53
sMsD,3,3,6,0.5
sMsH,24,25,49,0.49
sMsI,6,4,10,0.6
sMsK,2,1,3,0.67
sMsL,14,8,22,0.64
sMsM,22,37,59,0.37
sMsN,27,26,53,0.51
sMsP,35,40,75,0.47
sMsS,25,28,53,0.47
sMsb,17,18,35,0.49
sMsh,0,2,2,0.0
sMsl,9,9,18,0.5
sMsm,28,18,46,0.61
sMsn,42,23,65,0.65
sMss,30,32,62,0.48
sMtB,2,7,9,0.22
sMtD,1,1,2,0.5
sMtH,4,5,9,0.44
sMtK,0,1,1,0.0
sMtL,5,1,6,0.83
sMtM,5,6,11,0.45
sMtN,4,8,12,0.33
sMtP,10,12,22,0.45
sMtS,6,8,14,0.43
sMtb,8,4,12,0.67
sMtl,0,1,1,0.0
sMtm,7,8,15,0.47
sMtn,7,5,12,0.58
sMts,4,2,6,0.67
sMtt,2,2,4,0.5
sNBB,31,25,56,0.55
sNBD,5,3,8,0.62
sNBK,3,4,7,0.43
sNBL,6,14,20,0.3
sNBM,37,27,64,0.58
sNBN,34,34,68,0.5
sNBP,46,44,90,0.51
sNBS,24,15,39,0.62
sNBb,24,21,45,0.53
sNBh,5,4,9,0.56
sNBj,4,8,12,0.33
sNBl,8,14,22,0.36
sNBm,26,26,52,0.5
sNBn,43,35,78,0.55
sNBs,23,18,41,0.56
sNBt,10,7,17,0.59
sNDB,7,6,13,0.54
sNDD,3,1,4,0.75
sNDH,3,9,12,0.25
sNDI,0,1,1,0.0
sNDL,2,1,3,0.67
sNDM,5,4,9,0.56
sNDN,7,5,12,0.58
sNDP,6,10,16,0.38
sNDS,7,5,12,0.58
sNDb,6,4,10,0.6
sNDh,0,1,1,0.0
sNDl,1,1,2,0.5
sNDm,5,8,13,0.38
sNDn,5,5,10,0.5
sNDs,3,5,8,0.38
sNDt,0,1,1,0.0
sNHB,8,5,13,0.62
sNHD,2,1,3,0.67
sNHH,3,1,4,0.75
sNHI,0,1,1,0.0
sNHK,0,1,1,0.0
sNHL,5,2,7,0.71
sNHM,9,8,17,0.53
sNHN,7,9,16,0.44
sNHP,7,7,14,0.5
sNHS,5,5,10,0.5
sNHb,3,9,12,0.25
sNHh,1,1,2,0.5
sNHl,2,2,4,0.5
sNHm,10,13,23,0.43
sNHn,7,5,12,0.58
sNHs,7,6,13,0.54
sNHt,0,0,0,
sNIB,0,2,2,0.0
sNIH,0,1,1,0.0
sNIM,0,0,0,
sNIN,0,1,1,0.0
sNIP,0,1,1,0.0
sNIS,1,0,1,1.0
sNIb,1,0,1,1.0
sNIm,0,1,1,0.0
sNIn,2,0,2,1.0
sNKB,4,0,4,1.0
sNKD,0,3,3,0.0
sNKH,0,1,1,0.0
sNKI,1,2,3,0.33
sNKL,0,2,2,0.0
sNKM,5,10,15,0.33
sNKN,1,4,5,0.2
sNKP,7,6,13,0.54
sNKS,3,3,6,0.5
sNKb,1,2,3,0.33
sNKh,3,3,6,0.5
sNKl,0,1,1,0.0
sNKm,6,3,9,0.67
sNKn,3,2,5,0.6
sNKs,4,5,9,0.44
sNKt,1,0,1,1.0
sNLB,7,13,20,0.35
sNLD,2,0,2,1.0
sNLK,0,1,1,0.0
sNLL,7,3,10,0.7
sNLM,14,12,26,0.54
sNLN,11,21,32,0.34
sNLP,22,19,41,0.54
sNLS,12,11,23,0.52
sNLb,15,13,28,0.54
sNLh,6,8,14,0.43
sNLj,4,4,8,0.5
sNLl,6,6,12,0.5
sNLm,14,7,21,0.67
sNLn,26,29,55,0.47
sNLs,11,13,24,0.46
sNLt,1,3,4,0.25
sNMB,35,31,66,0.53
sNMD,6,9,15,0.4
sNMK,0,1,1,0.0
sNML,18,16,34,0.53
sNMM,33,35,68,0.49
sNMN,33,40,73,0.45
sNMP,48,45,93,0.52
sNMS,27,28,55,0.49
sNMb,40,39,79,0.51
sNMh,35,27,62,0.56
sNMj,15,9,24,0.62
sNMl,19,16,35,0.54
sNMm,43,30,73,0.59
sNMn,54,59,113,0.48
sNMs,25,23,48,0.52
sNMt,3,5,8,0.38
sNNB,39,41,80,0.49
sNND,8,3,11,0.73
sNNH,6,5,11,0.55
sNNI,1,2,3,0.33
sNNK,2,6,8,0.25
sNNL,18,17,35,0.51
sNNM,37,43,80,0.46
sNNN,54,64,118,0.46
sNNP,76,80,156,0.49
sNNS,39,39,78,0.5
sNNb,32,36,68,0.47
sNNh,18,17,35,0.51
sNNl,21,15,36,0.58
sNNm,42,41,83,0.51
sNNn,78,79,157,0.5
sNNs,33,36,69,0.48
sNNt,17,9,26,0.65
sNPB,53,52,105,0.5
sNPD,5,7,12,0.42
sNPH,18,13,31,0.58
sNPI,6,8,14,0.43
sNPK,11,11,22,0.5
sNPL,21,30,51,0.41
sNPM,46,84,130,0.35
sNPN,66,84,150,0.44
sNPP,94,108,202,0.47
sNPS,54,66,120,0.45
sNPb,56,60,116,0.48
sNPh,4,8,12,0.33
sNPl,31,28,59,0.53
sNPm,62,50,112,0.55
sNPn,65,75,140,0.46
sNPs,51,54,105,0.49
sNPt,9,5,14,0.64
sNSB,35,28,63,0.56
sNSD,2,5,7,0.29
sNSH,9,11,20,0.45
sNSI,1,0,1,1.0
sNSK,1,0,1,1.0
sNSL,8,14,22,0.36
sNSM,42,34,76,0.55
sNSN,35,39,74,0.47
sNSP,47,53,100,0.47
sNSS,27,37,64,0.42
sNSb,25,32,57,0.44
sNSh,23,34,57,0.4
sNSl,11,20,31,0.35
sNSm,38,31,69,0.55
sNSn,50,33,83,0.6
sNSs,37,42,79,0.47
sNSt,8,4,12,0.67
sNbB,20,26,46,0.43
sNbD,3,5,8,0.38
sNbH,8,13,21,0.38
sNbI,0,2,2,0.0
sNbJ,6,6,12,0.5
sNbK,8,10,18,0.44
sNbL,12,12,24,0.5
sNbM,42,39,81,0.52
sNbN,59,49,108,0.55
sNbP,40,41,81,0.49
sNbS,24,14,38,0.63
sNbb,34,36,70,0.49
sNbl,16,9,25,0.64
sNbm,27,18,45,0.6
sNbn,42,28,70,0.6
sNbs,17,15,32,0.53
sNbt,1,0,1,1.0
sNhB,8,6,14,0.57
sNhD,1,1,2,0.5
sNhH,2,0,2,1.0
sNhI,2,0,2,1.0
sNhL,4,2,6,0.67
sNhM,13,10,23,0.57
sNhN,16,17,33,0.48
sNhP,9,15,24,0.38
sNhS,10,12,22,0.45
sNhb,10,14,24,0.42
sNhh,11,17,28,0.39
sNhl,8,0,8,1.0
sNhm,19,6,25,0.76
sNhn,11,16,27,0.41
sNhs,8,8,16,0.5
sNht,4,1,5,0.8
sNlB,9,11,20,0.45
sNlD,1,0,1,1.0
sNlH,9,15,24,0.38
sNlI,3,1,4,0.75
sNlJ,3,5,8,0.38
sNlK,2,0,2,1.0
sNlL,7,8,15,0.47
sNlM,15,15,30,0.5
sNlN,19,19,38,0.5
sNlP,16,25,41,0.39
sNlS,12,9,21,0.57
sNlb,15,20,35,0.43
sNll,4,6,10,0.4
sNlm,20,7,27,0.74
sNln,17,13,30,0.57
sNls,11,8,19,0.58
sNmB,26,27,53,0.49
sNmD,10,6,16,0.62
sNmH,32,25,57,0.56
sNmI,2,1,3,0.67
sNmJ,3,5,8,0.38
sNmK,1,1,2,0.5
sNmL,11,17,28,0.39
sNmM,34,40,74,0.46
sNmN,54,41,95,0.57
sNmP,56,50,106,0.53
sNmS,23,29,52,0.44
sNmb,38,30,68,0.56
sNmh,0,1,1,0.0
sNml,13,9,22,0.59
sNmm,38,21,59,0.64
sNmn,43,34,77,0.56
sNms,19,22,41,0.46
sNnB,43,32,75,0.57
sNnD,9,4,13,0.69
sNnH,30,21,51,0.59
sNnI,7,2,9,0.78
sNnK,1,6,7,0.14
sNnL,29,18,47,0.62
sNnM,55,51,106,0.52
sNnN,93,85,178,0.52
sNnP,93,93,186,0.5
sNnS,54,56,110,0.49
sNnb,47,42,89,0.53
sNnh,1,3,4,0.25
sNnl,22,14,36,0.61
sNnm,54,36,90,0.6
sNnn,70,65,135,0.52
sNns,47,42,89,0.53
sNnt,1,0,1,1.0
sNsB,29,14,43,0.67
sNsD,11,6,17,0.65
sNsH,34,31,65,0.52
sNsI,6,0,6,1.0
sNsK,0,3,3,0.0
sNsL,11,17,28,0.39
sNsM,33,40,73,0.45
sNsN,40,41,81,0.49
sNsP,38,45,83,0.46
sNsS,44,43,87,0.51
sNsb,36,27,63,0.57
sNsh,4,1,5,0.8
sNsl,12,10,22,0.55
sNsm,44,34,78,0.56
sNsn,44,34,78,0.56
sNss,34,40,74,0.46
sNst,1,1,2,0.5
sNtB,4,7,11,0.36
sNtD,0,0,0,
sNtH,5,1,6,0.83
sNtK,1,3,4,0.25
sNtL,2,5,7,0.29
sNtM,6,10,16,0.38
sNtN,10,10,20,0.5
sNtP,6,8,14,0.43
sNtS,6,6,12,0.5
sNtb,12,9,21,0.57
sNth,0,0,0,
sNtl,1,1,2,0.5
sNtm,10,12,22,0.45
sNtn,11,15,26,0.42
sNts,6,2,8,0.75
sNtt,1,1,2,0.5
sPBB,37,49,86,0.43
sPBD,2,3,5,0.4
sPBK,4,1,5,0.8
sPBL,18,14,32,0.56
sPBM,35,43,78,0.45
sPBN,29,49,78,0.37
sPBP,51,54,105,0.49
sPBS,21,28,49,0.43
sPBb,40,26,66,0.61
sPBh,4,7,11,0.36
sPBj,15,14,29,0.52
sPBl,24,17,41,0.59
sPBm,40,35,75,0.53
sPBn,53,72,125,0.42
sPBs,21,21,42,0.5
sPBt,8,3,11,0.73
sPDB,3,5,8,0.38
sPDD,4,1,5,0.8
sPDH,3,4,7,0.43
sPDI,1,1,2,0.5
sPDL,3,8,11,0.27
sPDM,7,7,14,0.5
sPDN,5,11,16,0.31
sPDP,8,6,14,0.57
sPDS,5,8,13,0.38
sPDb,4,10,14,0.29
sPDh,0,1,1,0.0
sPDl,2,1,3,0.67
sPDm,11,9,20,0.55
sPDn,5,3,8,0.62
sPDs,3,5,8,0.38
sPDt,0,0,0,
sPHB,8,12,20,0.4
sPHD,3,4,7,0.43
sPHH,3,2,5,0.6
sPHI,5,2,7,0.71
sPHK,3,0,3,1.0
sPHL,10,7,17,0.59
sPHM,22,13,35,0.63
sPHN,19,18,37,0.51
sPHP,19,19,38,0.5
sPHS,4,23,27,0.15
sPHb,14,18,32,0.44
sPHh,7,3,10,0.7
sPHl,4,7,11,0.36
sPHm,19,14,33,0.58
sPHn,19,20,39,0.49
sPHs,20,17,37,0.54
sPHt,1,2,3,0.33
sPIB,5,2,7,0.71
sPID,3,1,4,0.75
sPIH,6,3,9,0.67
sPII,1,1,2,0.5
sPIL,5,5,10,0.5
sPIM,4,5,9,0.44
sPIN,6,3,9,0.67
sPIP,5,6,11,0.45
sPIS,3,8,11,0.27
sPIb,3,8,11,0.27
sPIl,2,3,5,0.4
sPIm,3,3,6,0.5
sPIn,3,2,5,0.6
sPIs,2,5,7,0.29
sPKB,1,7,8,0.12
sPKH,0,1,1,0.0
sPKI,0,1,1,0.0
sPKK,0,1,1,0.0
sPKL,2,0,2,1.0
sPKM,7,6,13,0.54
sPKN,2,5,7,0.29
sPKP,11,7,18,0.61
sPKS,0,3,3,0.0
sPKb,6,5,11,0.55
sPKh,3,8,11,0.27
sPKl,4,4,8,0.5
sPKm,8,6,14,0.57
sPKn,3,6,9,0.33
sPKs,10,12,22,0.45
sPLB,21,26,47,0.45
sPLD,2,2,4,0.5
sPLI,1,0,1,1.0
sPLK,1,0,1,1.0
sPLL,11,10,21,0.52
sPLM,26,23,49,0.53
sPLN,19,15,34,0.56
sPLP,29,30,59,0.49
sPLS,15,14,29,0.52
sPLb,21,25,46,0.46
sPLh,8,15,23,0.35
sPLj,11,5,16,0.69
sPLl,11,10,21,0.52
sPLm,24,29,53,0.45
sPLn,23,35,58,0.4
sPLs,12,10,22,0.55
sPLt,3,5,8,0.38
sPMB,42,29,71,0.59
sPMD,8,4,12,0.67
sPMH,0,1,1,0.0
sPMK,1,1,2,0.5
sPML,17,20,37,0.46
sPMM,40,60,100,0.4
sPMN,41,49,90,0.46
sPMP,69,75,144,0.48
sPMS,39,31,70,0.56
sPMb,47,51,98,0.48
sPMh,38,56,94,0.4
sPMj,14,13,27,0.52
sPMl,30,25,55,0.55
sPMm,65,43,108,0.6
sPMn,68,52,120,0.57
sPMs,29,44,73,0.4
sPMt,7,7,14,0.5
sPNB,37,47,84,0.44
sPND,4,5,9,0.44
sPNH,13,4,17,0.76
sPNK,3,3,6,0.5
sPNL,22,19,41,0.54
sPNM,32,63,95,0.34
sPNN,48,54,102,0.47
sPNP,84,86,170,0.49
sPNS,52,47,99,0.53
sPNb,40,43,83,0.48
sPNh,24,23,47,0.51
sPNl,27,29,56,0.48
sPNm,52,51,103,0.5
sPNn,75,70,145,0.52
sPNs,41,51,92,0.45
sPNt,15,13,28,0.54
sPPB,62,58,120,0.52
sPPD,7,4,11,0.64
sPPH,15,22,37,0.41
sPPI,8,7,15,0.53
sPPK,10,6,16,0.62
sPPL,45,46,91,0.49
sPPM,80,95,175,0.46
sPPN,81,64,145,0.56
sPPP,128,125,253,0.51
sPPS,69,62,131,0.53
sPPb,76,70,146,0.52
sPPh,8,15,23,0.35
sPPl,48,42,90,0.53
sPPm,88,66,154,0.57
sPPn,83,73,156,0.53
sPPs,45,64,109,0.41
sPPt,11,4,15,0.73
sPSB,26,40,66,0.39
sPSD,7,8,15,0.47
sPSH,11,13,24,0.46
sPSI,1,0,1,1.0
sPSK,0,1,1,0.0
sPSL,15,11,26,0.58
sPSM,30,57,87,0.34
sPSN,33,40,73,0.45
sPSP,50,57,107,0.47
sPSS,40,51,91,0.44
sPSb,24,31,55,0.44
sPSh,25,40,65,0.38
sPSl,30,19,49,0.61
sPSm,44,50,94,0.47
sPSn,45,38,83,0.54
sPSs,41,49,90,0.46
sPSt,7,10,17,0.41
sPbB,47,48,95,0.49
sPbD,7,4,11,0.64
sPbH,8,15,23,0.35
sPbI,7,2,9,0.78
sPbJ,12,22,34,0.35
sPbK,2,7,9,0.22
sPbL,24,18,42,0.57
sPbM,65,62,127,0.51
sPbN,62,54,116,0.53
sPbP,72,68,140,0.51
sPbS,26,26,52,0.5
sPbb,50,61,111,0.45
sPbl,27,14,41,0.66
sPbm,42,44,86,0.49
sPbn,48,38,86,0.56
sPbs,29,25,54,0.54
sPhB,6,3,9,0.67
sPhH,1,5,6,0.17
sPhI,1,0,1,1.0
sPhL,1,2,3,0.33
sPhM,8,3,11,0.73
sPhN,9,3,12,0.75
sPhP,10,8,18,0.56
sPhS,5,4,9,0.56
sPhb,4,1,5,0.8
sPhh,8,8,16,0.5
sPhl,3,5,8,0.38
sPhm,3,11,14,0.21
sPhn,8,2,10,0.8
sPhs,15,7,22,0.68
sPht,0,2,2,0.0
sPlB,27,21,48,0.56
sPlD,4,2,6,0.67
sPlH,11,14,25,0.44
sPlI,2,0,2,1.0
sPlJ,10,10,20,0.5
sPlK,1,3,4,0.25
sPlL,15,12,27,0.56
sPlM,26,25,51,0.51
sPlN,19,26,45,0.42
sPlP,34,25,59,0.58
sPlS,18,13,31,0.58
sPlb,33,22,55,0.6
sPll,16,16,32,0.5
sPlm,23,17,40,0.57
sPln,26,21,47,0.55
sPls,17,21,38,0.45
sPmB,44,45,89,0.49
sPmD,13,9,22,0.59
sPmH,30,25,55,0.55
sPmI,2,2,4,0.5
sPmJ,6,16,22,0.27
sPmK,0,4,4,0.0
sPmL,20,27,47,0.43
sPmM,60,84,144,0.42
sPmN,60,60,120,0.5
sPmP,66,55,121,0.55
sPmS,31,39,70,0.44
sPmb,59,53,112,0.53
sPmh,1,0,1,1.0
sPml,22,19,41,0.54
sPmm,40,44,84,0.48
sPmn,42,53,95,0.44
sPms,30,29,59,0.51
sPnB,41,49,90,0.46
sPnD,11,4,15,0.73
sPnH,27,21,48,0.56
sPnI,6,11,17,0.35
sPnK,5,7,12,0.42
sPnL,28,20,48,0.58
sPnM,65,58,123,0.53
sPnN,65,65,130,0.5
sPnP,79,66,145,0.54
sPnS,36,38,74,0.49
sPnb,48,45,93,0.52
sPnh,1,3,4,0.25
sPnl,22,29,51,0.43
sPnm,61,45,106,0.58
sPnn,58,45,103,0.56
sPns,43,39,82,0.52
sPnt,1,0,1,1.0
sPsB,24,23,47,0.51
sPsD,9,7,16,0.56
sPsH,30,33,63,0.48
sPsI,7,4,11,0.64
sPsK,2,0,2,1.0
sPsL,15,17,32,0.47
sPsM,41,33,74,0.55
sPsN,45,35,80,0.56
sPsP,62,76,138,0.45
sPsS,40,53,93,0.43
sPsb,44,37,81,0.54
sPsh,4,1,5,0.8
sPsl,22,26,48,0.46
sPsm,37,49,86,0.43
sPsn,29,35,64,0.45
sPss,41,32,73,0.56
sPtB,3,2,5,0.6
sPtD,1,1,2,0.5
sPtH,3,1,4,0.75
sPtL,3,2,5,0.6
sPtM,2,15,17,0.12
sPtN,8,5,13,0.62
sPtP,5,16,21,0.24
sPtS,8,6,14,0.57
sPtb,4,6,10,0.4
sPth,0,0,0,
sPtl,2,2,4,0.5
sPtm,4,6,10,0.4
sPtn,3,3,6,0.5
sPts,6,6,12,0.5
sPtt,3,0,3,1.0
sSBB,21,26,47,0.45
sSBD,1,6,7,0.14
sSBK,3,5,8,0.38
sSBL,10,16,26,0.38
sSBM,18,31,49,0.37
sSBN,34,24,58,0.59
sSBP,35,29,64,0.55
sSBS,25,21,46,0.54
sSBb,26,22,48,0.54
sSBh,5,2,7,0.71
sSBj,5,5,10,0.5
sSBl,8,13,21,0.38
sSBm,27,27,54,0.5
sSBn,32,29,61,0.52
sSBs,24,17,41,0.59
sSBt,5,0,5,1.0
sSDB,5,4,9,0.56
sSDD,4,2,6,0.67
sSDH,10,7,17,0.59
sSDI,0,1,1,0.0
sSDK,0,0,0,
sSDL,1,2,3,0.33
sSDM,6,9,15,0.4
sSDN,10,5,15,0.67
sSDP,7,3,10,0.7
sSDS,18,11,29,0.62
sSDb,4,7,11,0.36
sSDh,1,1,2,0.5
sSDl,4,3,7,0.57
sSDm,10,7,17,0.59
sSDn,5,11,16,0.31
sSDs,9,9,18,0.5
sSDt,0,2,2,0.0
sSHB,10,15,25,0.4
sSHD,2,0,2,1.0
sSHH,4,4,8,0.5
sSHI,1,3,4,0.25
sSHK,1,2,3,0.33
sSHL,5,6,11,0.45
sSHM,17,14,31,0.55
sSHN,10,10,20,0.5
sSHP,16,10,26,0.62
sSHS,23,27,50,0.46
sSHb,13,11,24,0.54
sSHh,4,12,16,0.25
sSHl,6,3,9,0.67
sSHm,12,18,30,0.4
sSHn,13,17,30,0.43
sSHs,22,21,43,0.51
sSHt,1,2,3,0.33
sSIB,1,1,2,0.5
sSID,0,0,0,
sSIH,1,0,1,1.0
sSIL,1,0,1,1.0
sSIM,2,1,3,0.67
sSIN,0,1,1,0.0
sSIP,1,0,1,1.0
sSIS,3,1,4,0.75
sSIb,1,0,1,1.0
sSIm,3,1,4,0.75
sSIs,0,1,1,0.0
sSIt,0,1,1,0.0
sSKB,1,3,4,0.25
sSKI,1,1,2,0.5
sSKK,1,0,1,1.0
sSKL,0,3,3,0.0
sSKM,2,2,4,0.5
sSKN,0,2,2,0.0
sSKP,1,2,3,0.33
sSKS,1,1,2,0.5
sSKb,1,3,4,0.25
sSKh,2,0,2,1.0
sSKl,0,0,0,
sSKm,0,1,1,0.0
sSKn,0,2,2,0.0
sSKs,3,1,4,0.75
sSLB,21,20,41,0.51
sSLD,1,5,6,0.17
sSLH,0,2,2,0.0
sSLK,0,3,3,0.0
sSLL,4,9,13,0.31
sSLM,17,24,41,0.41
sSLN,18,16,34,0.53
sSLP,19,17,36,0.53
sSLS,9,10,19,0.47
sSLb,17,15,32,0.53
sSLh,2,6,8,0.25
sSLj,8,2,10,0.8
sSLl,16,6,22,0.73
sSLm,13,12,25,0.52
sSLn,26,21,47,0.55
sSLs,13,7,20,0.65
sSLt,2,3,5,0.4
sSMB,31,32,63,0.49
sSMD,3,3,6,0.5
sSMK,1,1,2,0.5
sSML,16,14,30,0.53
sSMM,23,39,62,0.37
sSMN,32,29,61,0.52
sSMP,70,48,118,0.59
sSMS,30,31,61,0.49
sSMb,43,43,86,0.5
sSMh,42,33,75,0.56
sSMj,5,11,16,0.31
sSMl,16,20,36,0.44
sSMm,51,41,92,0.55
sSMn,59,60,119,0.5
sSMs,37,30,67,0.55
sSMt,2,4,6,0.33
sSNB,23,27,50,0.46
sSND,8,8,16,0.5
sSNH,10,8,18,0.56
sSNI,1,0,1,1.0
sSNK,5,4,9,0.56
sSNL,8,10,18,0.44
sSNM,31,34,65,0.48
sSNN,39,42,81,0.48
sSNP,57,45,102,0.56
sSNS,40,49,89,0.45
sSNb,26,30,56,0.46
sSNh,13,19,32,0.41
sSNl,17,19,36,0.47
sSNm,38,38,76,0.5
sSNn,54,63,117,0.46
sSNs,37,32,69,0.54
sSNt,7,3,10,0.7
sSPB,36,37,73,0.49
sSPD,11,6,17,0.65
sSPH,16,12,28,0.57
sSPI,2,1,3,0.67
sSPK,4,12,16,0.25
sSPL,16,30,46,0.35
sSPM,46,54,100,0.46
sSPN,58,52,110,0.53
sSPP,92,86,178,0.52
sSPS,48,57,105,0.46
sSPb,41,51,92,0.45
sSPh,3,7,10,0.3
sSPl,25,28,53,0.47
sSPm,54,47,101,0.53
sSPn,54,47,101,0.53
sSPs,53,59,112,0.47
sSPt,6,9,15,0.4
sSSB,38,35,73,0.52
sSSD,9,11,20,0.45
sSSH,19,25,44,0.43
sSSI,1,1,2,0.5
sSSK,1,5,6,0.17
sSSL,17,19,36,0.47
sSSM,52,59,111,0.47
sSSN,34,40,74,0.46
sSSP,50,62,112,0.45
sSSS,77,89,166,0.46
sSSb,49,46,95,0.52
sSSh,24,25,49,0.49
sSSl,26,28,54,0.48
sSSm,59,36,95,0.62
sSSn,62,48,110,0.56
sSSs,81,55,136,0.6
sSSt,10,4,14,0.71
sSbB,23,34,57,0.4
sSbD,2,1,3,0.67
sSbH,7,8,15,0.47
sSbI,5,0,5,1.0
sSbJ,14,7,21,0.67
sSbK,5,3,8,0.62
sSbL,8,14,22,0.36
sSbM,36,35,71,0.51
sSbN,42,30,72,0.58
sSbP,29,39,68,0.43
sSbS,21,22,43,0.49
sSbb,34,35,69,0.49
sSbl,17,9,26,0.65
sSbm,27,19,46,0.59
sSbn,27,32,59,0.46
sSbs,22,16,38,0.58
sShB,16,17,33,0.48
sShD,3,5,8,0.38
sShH,2,8,10,0.2
sShI,3,3,6,0.5
sShK,2,0,2,1.0
sShL,14,11,25,0.56
sShM,19,25,44,0.43
sShN,13,27,40,0.32
sShP,44,36,80,0.55
sShS,39,42,81,0.48
sShb,29,18,47,0.62
sShh,19,21,40,0.48
sShl,6,9,15,0.4
sShm,27,28,55,0.49
sShn,27,34,61,0.44
sShs,31,37,68,0.46
sSht,4,7,11,0.36
sSlB,13,12,25,0.52
sSlD,1,2,3,0.33
sSlH,10,5,15,0.67
sSlI,0,0,0,
sSlJ,5,6,11,0.45
sSlK,3,2,5,0.6
sSlL,6,5,11,0.55
sSlM,17,16,33,0.52
sSlN,22,18,40,0.55
sSlP,26,17,43,0.6
sSlS,22,21,43,0.51
sSlb,19,13,32,0.59
sSll,6,7,13,0.46
sSlm,18,14,32,0.56
sSln,8,15,23,0.35
sSls,14,5,19,0.74
sSmB,40,28,68,0.59
sSmD,7,7,14,0.5
sSmH,28,32,60,0.47
sSmI,2,6,8,0.25
sSmJ,7,7,14,0.5
sSmK,0,4,4,0.0
sSmL,12,10,22,0.55
sSmM,35,38,73,0.48
sSmN,45,40,85,0.53
sSmP,50,43,93,0.54
sSmS,40,31,71,0.56
sSmb,44,38,82,0.54
sSmh,0,2,2,0.0
sSml,16,19,35,0.46
sSmm,49,39,88,0.56
sSmn,38,30,68,0.56
sSms,22,21,43,0.51
sSnB,30,22,52,0.58
sSnD,10,8,18,0.56
sSnH,23,39,62,0.37
sSnI,4,10,14,0.29
sSnK,4,6,10,0.4
sSnL,17,19,36,0.47
sSnM,48,33,81,0.59
sSnN,62,71,133,0.47
sSnP,53,59,112,0.47
sSnS,50,55,105,0.48
sSnb,30,46,76,0.39
sSnh,1,1,2,0.5
sSnl,13,23,36,0.36
sSnm,39,40,79,0.49
sSnn,59,57,116,0.51
sSns,39,47,86,0.45
sSsB,28,29,57,0.49
sSsD,17,12,29,0.59
sSsH,62,53,115,0.54
sSsI,7,8,15,0.47
sSsK,2,2,4,0.5
sSsL,19,10,29,0.66
sSsM,53,51,104,0.51
sSsN,42,56,98,0.43
sSsP,59,53,112,0.53
sSsS,87,89,176,0.49
sSsb,42,35,77,0.55
sSsh,2,2,4,0.5
sSsl,20,19,39,0.51
sSsm,54,49,103,0.52
sSsn,51,41,92,0.55
sSss,73,59,132,0.55
sSst,2,2,4,0.5
sStB,3,3,6,0.5
sStD,1,1,2,0.5
sStH,2,3,5,0.4
sStK,3,0,3,1.0
sStL,1,2,3,0.33
sStM,5,7,12,0.42
sStN,7,8,15,0.47
sStP,15,15,30,0.5
sStS,12,8,20,0.6
sStb,3,8,11,0.27
sStl,2,2,4,0.5
sStm,8,5,13,0.62
sStn,9,8,17,0.53
sSts,3,7,10,0.3
sStt,0,7,7,0.0
sbBB,35,35,70,0.5
sbBD,4,0,4,1.0
sbBI,1,0,1,1.0
sbBK,4,4,8,0.5
sbBL,10,10,20,0.5
sbBM,27,29,56,0.48
sbBN,33,30,63,0.52
sbBP,35,34,69,0.51
sbBS,22,15,37,0.59
sbBb,26,25,51,0.51
sbBh,3,3,6,0.5
sbBj,12,8,20,0.6
sbBl,12,11,23,0.52
sbBm,21,22,43,0.49
sbBn,49,37,86,0.57
sbBs,14,16,30,0.47
sbBt,4,6,10,0.4
sbDB,0,6,6,0.0
sbDD,0,1,1,0.0
sbDH,4,3,7,0.57
sbDL,2,2,4,0.5
sbDM,6,3,9,0.67
sbDN,5,6,11,0.45
sbDP,2,7,9,0.22
sbDS,0,4,4,0.0
sbDb,6,3,9,0.67
sbDl,2,0,2,1.0
sbDm,5,3,8,0.62
sbDn,0,3,3,0.0
sbDs,1,2,3,0.33
sbDt,1,1,2,0.5
sbHB,10,12,22,0.45
sbHD,0,0,0,
sbHH,3,0,3,1.0
sbHI,0,2,2,0.0
sbHK,0,1,1,0.0
sbHL,4,6,10,0.4
sbHM,12,7,19,0.63
sbHN,9,7,16,0.56
sbHP,11,13,24,0.46
sbHS,4,10,14,0.29
sbHb,7,10,17,0.41
sbHh,2,2,4,0.5
sbHl,4,3,7,0.57
sbHm,2,5,7,0.29
sbHn,9,14,23,0.39
sbHs,3,2,5,0.6
sbHt,1,0,1,1.0
sbIB,3,2,5,0.6
sbID,0,0,0,
sbIH,4,1,5,0.8
sbIM,2,5,7,0.29
sbIN,4,3,7,0.57
sbIP,3,4,7,0.43
sbIS,3,1,4,0.75
sbIb,3,3,6,0.5
sbIl,4,0,4,1.0
sbIm,0,3,3,0.0
sbIn,2,2,4,0.5
sbIs,0,0,0,
sbIt,1,0,1,1.0
sbJB,8,9,17,0.47
sbJD,2,1,3,0.67
sbJH,3,5,8,0.38
sbJI,0,2,2,0.0
sbJL,4,8,12,0.33
sbJM,18,12,30,0.6
sbJN,7,11,18,0.39
sbJP,13,17,30,0.43
sbJS,11,6,17,0.65
sbJb,9,11,20,0.45
sbJh,3,2,5,0.6
sbJl,5,4,9,0.56
sbJm,11,6,17,0.65
sbJn,9,4,13,0.69
sbJs,5,2,7,0.71
sbJt,2,0,2,1.0
sbKB,3,4,7,0.43
sbKH,0,2,2,0.0
sbKI,1,0,1,1.0
sbKL,5,2,7,0.71
sbKM,2,5,7,0.29
sbKN,5,3,8,0.62
sbKP,8,5,13,0.62
sbKS,2,2,4,0.5
sbKb,5,7,12,0.42
sbKh,1,3,4,0.25
sbKl,2,0,2,1.0
sbKm,4,6,10,0.4
sbKn,2,3,5,0.4
sbKs,2,3,5,0.4
sbLB,5,14,19,0.26
sbLD,2,4,6,0.33
sbLH,1,0,1,1.0
sbLK,1,0,1,1.0
sbLL,3,3,6,0.5
sbLM,14,21,35,0.4
sbLN,13,6,19,0.68
sbLP,10,23,33,0.3
sbLS,14,11,25,0.56
sbLb,9,14,23,0.39
sbLh,6,5,11,0.55
sbLj,5,2,7,0.71
sbLl,8,4,12,0.67
sbLm,7,12,19,0.37
sbLn,13,23,36,0.36
sbLs,10,9,19,0.53
sbLt,1,2,3,0.33
sbMB,30,41,71,0.42
sbMD,3,2,5,0.6
sbML,13,12,25,0.52
sbMM,37,37,74,0.5
sbMN,52,35,87,0.6
sbMP,47,32,79,0.59
sbMS,20,33,53,0.38
sbMb,35,46,81,0.43
sbMh,30,23,53,0.57
sbMj,6,9,15,0.4
sbMl,12,8,20,0.6
sbMm,33,31,64,0.52
sbMn,35,43,78,0.45
sbMs,16,18,34,0.47
sbMt,3,4,7,0.43
sbNB,34,28,62,0.55
sbND,4,6,10,0.4
sbNH,8,6,14,0.57
sbNK,3,4,7,0.43
sbNL,17,12,29,0.59
sbNM,39,55,94,0.41
sbNN,54,43,97,0.56
sbNP,69,57,126,0.55
sbNS,32,29,61,0.52
sbNb,41,49,90,0.46
sbNh,18,19,37,0.49
sbNl,13,15,28,0.46
sbNm,47,39,86,0.55
sbNn,70,53,123,0.57
sbNs,20,16,36,0.56
sbNt,11,15,26,0.42
sbPB,44,45,89,0.49
sbPD,7,2,9,0.78
sbPH,10,7,17,0.59
sbPI,6,1,7,0.86
sbPK,5,7,12,0.42
sbPL,21,20,41,0.51
sbPM,46,52,98,0.47
sbPN,44,49,93,0.47
sbPP,77,55,132,0.58
sbPS,33,32,65,0.51
sbPb,53,47,100,0.53
sbPh,6,5,11,0.55
sbPl,20,19,39,0.51
sbPm,46,37,83,0.55
sbPn,42,34,76,0.55
sbPs,26,27,53,0.49
sbPt,7,3,10,0.7
sbSB,10,15,25,0.4
sbSD,2,3,5,0.4
sbSH,3,6,9,0.33
sbSI,1,0,1,1.0
sbSK,1,0,1,1.0
sbSL,6,12,18,0.33
sbSM,20,23,43,0.47
sbSN,21,14,35,0.6
sbSP,31,27,58,0.53
sbSS,17,25,42,0.4
sbSb,15,13,28,0.54
sbSh,12,17,29,0.41
sbSl,10,9,19,0.53
sbSm,13,13,26,0.5
sbSn,24,31,55,0.44
sbSs,20,16,36,0.56
sbSt,4,3,7,0.57
sbbB,40,40,80,0.5
sbbD,2,4,6,0.33
sbbH,9,5,14,0.64
sbbI,5,3,8,0.62
sbbJ,11,8,19,0.58
sbbK,3,4,7,0.43
sbbL,13,18,31,0.42
sbbM,48,46,94,0.51
sbbN,55,52,107,0.51
sbbP,41,43,84,0.49
sbbS,32,19,51,0.63
sbbb,56,44,100,0.56
sbbl,15,15,30,0.5
sbbm,30,25,55,0.55
sbbn,28,42,70,0.4
sbbs,11,13,24,0.46
sbhM,1,0,1,1.0
sbhP,0,1,1,0.0
sbhb,0,1,1,0.0
sblB,13,11,24,0.54
sblH,12,9,21,0.57
sblI,1,0,1,1.0
sblJ,2,2,4,0.5
sblL,5,3,8,0.62
sblM,10,14,24,0.42
sblN,16,14,30,0.53
sblP,14,16,30,0.47
sblS,9,9,18,0.5
sblb,16,26,42,0.38
sbll,6,4,10,0.6
sblm,15,6,21,0.71
sbln,8,10,18,0.44
sbls,11,6,17,0.65
sbmB,37,28,65,0.57
sbmD,6,1,7,0.86
sbmH,17,19,36,0.47
sbmI,2,2,4,0.5
sbmJ,6,2,8,0.75
sbmK,0,1,1,0.0
sbmL,5,8,13,0.38
sbmM,42,33,75,0.56
sbmN,38,40,78,0.49
sbmP,46,27,73,0.63
sbmS,21,23,44,0.48
sbmb,27,27,54,0.5
sbml,4,7,11,0.36
sbmm,23,20,43,0.53
sbmn,34,20,54,0.63
sbms,14,11,25,0.56
sbnB,28,24,52,0.54
sbnD,5,4,9,0.56
sbnH,19,17,36,0.53
sbnI,5,4,9,0.56
sbnK,2,4,6,0.33
sbnL,23,13,36,0.64
sbnM,32,40,72,0.44
sbnN,45,49,94,0.48
sbnP,50,52,102,0.49
sbnS,20,27,47,0.43
sbnb,38,31,69,0.55
sbnh,3,2,5,0.6
sbnl,9,11,20,0.45
sbnm,22,25,47,0.47
sbnn,45,32,77,0.58
sbns,19,21,40,0.48
sbsB,14,12,26,0.54
sbsD,3,1,4,0.75
sbsH,14,19,33,0.42
sbsI,1,2,3,0.33
sbsK,1,1,2,0.5
sbsL,9,6,15,0.6
sbsM,26,15,41,0.63
sbsN,13,22,35,0.37
sbsP,15,23,38,0.39
sbsS,19,13,32,0.59
sbsb,20,21,41,0.49
sbsh,2,1,3,0.67
sbsl,7,4,11,0.64
sbsm,20,11,31,0.65
sbsn,16,11,27,0.59
sbss,16,13,29,0.55
shBB,2,1,3,0.67
shBD,0,0,0,
shBL,1,1,2,0.5
shBM,2,0,2,1.0
shBN,2,1,3,0.67
shBP,2,0,2,1.0
shBS,1,0,1,1.0
shBb,4,2,6,0.67
shBh,1,0,1,1.0
shBj,1,1,2,0.5
shBm,2,2,4,0.5
shBn,2,2,4,0.5
shBs,1,2,3,0.33
shDB,0,0,0,
shDM,0,1,1,0.0
shDb,0,1,1,0.0
shDm,0,0,0,
shDs,1,0,1,1.0
shHB,0,1,1,0.0
shHD,1,0,1,1.0
shHH,0,1,1,0.0
shHN,0,1,1,0.0
shHP,0,1,1,0.0
shHS,2,2,4,0.5
shHb,0,1,1,0.0
shHm,0,0,0,
shHn,1,0,1,1.0
shHs,1,0,1,1.0
shIb,0,1,1,0.0
shKD,1,0,1,1.0
shKM,1,0,1,1.0
shKl,0,0,0,
shLB,0,2,2,0.0
shLL,0,0,0,
shLM,1,1,2,0.5
shLN,1,0,1,1.0
shLP,0,2,2,0.0
shLS,1,1,2,0.5
shLb,0,2,2,0.0
shLj,1,0,1,1.0
shLm,0,1,1,0.0
shLn,1,0,1,1.0
shLs,1,0,1,1.0
shMB,4,3,7,0.57
shML,1,0,1,1.0
shMM,2,1,3,0.67
shMN,1,2,3,0.33
shMP,3,1,4,0.75
shMS,1,0,1,1.0
shMb,0,1,1,0.0
shMh,1,5,6,0.17
shMj,0,1,1,0.0
shMl,2,1,3,0.67
shMm,0,2,2,0.0
shMn,2,2,4,0.5
shMs,3,2,5,0.6
shNB,1,1,2,0.5
shND,0,0,0,
shNH,2,0,2,1.0
shNK,0,1,1,0.0
shNM,0,4,4,0.0
shNN,2,0,2,1.0
shNP,1,1,2,0.5
shNS,1,1,2,0.5
shNb,1,2,3,0.33
shNh,0,1,1,0.0
shNm,2,5,7,0.29
shNn,2,3,5,0.4
shNs,2,2,4,0.5
shNt,1,0,1,1.0
shPB,3,0,3,1.0
shPH,2,0,2,1.0
shPK,0,1,1,0.0
shPL,1,0,1,1.0
shPM,2,1,3,0.67
shPN,2,3,5,0.4
shPP,3,2,5,0.6
shPS,1,5,6,0.17
shPb,5,1,6,0.83
shPh,0,1,1,0.0
shPm,2,3,5,0.4
shPn,1,3,4,0.25
shPs,2,1,3,0.67
shPt,0,1,1,0.0
shSB,2,2,4,0.5
shSH,1,2,3,0.33
shSL,0,1,1,0.0
shSM,1,4,5,0.2
shSP,3,3,6,0.5
shSS,1,1,2,0.5
shSb,1,0,1,1.0
shSh,2,0,2,1.0
shSl,2,2,4,0.5
shSm,1,1,2,0.5
shSn,1,2,3,0.33
shSs,4,2,6,0.67
shbB,1,0,1,1.0
shbD,0,0,0,
shbH,1,0,1,1.0
shbJ,0,0,0,
shbL,1,0,1,1.0
shbM,3,2,5,0.6
shbN,3,0,3,1.0
shbP,3,0,3,1.0
shbS,2,2,4,0.5
shbb,1,4,5,0.2
shbl,0,2,2,0.0
shbm,1,0,1,1.0
shbn,2,1,3,0.67
shbs,0,1,1,0.0
shhB,3,1,4,0.75
shhH,1,1,2,0.5
shhI,0,0,0,
shhL,1,0,1,1.0
shhM,0,2,2,0.0
shhN,0,2,2,0.0
shhP,1,2,3,0.33
shhS,1,3,4,0.25
shhb,1,4,5,0.2
shhh,3,1,4,0.75
shhl,2,0,2,1.0
shhm,2,2,4,0.5
shhn,1,1,2,0.5
shhs,2,2,4,0.5
shht,0,1,1,0.0
shlB,0,0,0,
shlJ,1,0,1,1.0
shlL,2,0,2,1.0
shlM,1,3,4,0.25
shlN,1,3,4,0.25
shlP,1,1,2,0.5
shlS,1,1,2,0.5
shlb,0,4,4,0.0
shls,1,0,1,1.0
shmB,2,2,4,0.5
shmD,1,0,1,1.0
shmH,1,2,3,0.33
shmL,3,1,4,0.75
shmM,6,3,9,0.67
shmN,2,5,7,0.29
shmP,2,1,3,0.67
shmS,1,3,4,0.25
shmb,1,3,4,0.25
shml,0,1,1,0.0
shmm,2,2,4,0.5
shmn,3,6,9,0.33
shms,1,2,3,0.33
shnB,0,1,1,0.0
shnD,1,0,1,1.0
shnH,3,1,4,0.75
shnI,0,1,1,0.0
shnM,0,2,2,0.0
shnN,3,1,4,0.75
shnP,3,3,6,0.5
shnS,1,1,2,0.5
shnb,4,1,5,0.8
shnl,0,1,1,0.0
shnm,2,2,4,0.5
shnn,1,2,3,0.33
shns,1,0,1,1.0
shsB,2,2,4,0.5
shsD,1,0,1,1.0
shsH,1,2,3,0.33
shsI,1,0,1,1.0
shsL,1,0,1,1.0
shsM,1,2,3,0.33
shsN,1,6,7,0.14
shsP,4,2,6,0.67
shsS,3,5,8,0.38
shsb,2,3,5,0.4
shsl,1,1,2,0.5
shsm,0,2,2,0.0
shsn,1,0,1,1.0
shss,3,0,3,1.0
shtN,0,1,1,0.0
shtS,0,1,1,0.0
shtl,0,1,1,0.0
shtm,0,0,0,
shts,0,0,0,
slBB,12,11,23,0.52
slBD,2,0,2,1.0
slBK,1,4,5,0.2
slBL,3,6,9,0.33
slBM,17,16,33,0.52
slBN,9,17,26,0.35
slBP,24,18,42,0.57
slBS,4,11,15,0.27
slBb,13,19,32,0.41
slBh,3,2,5,0.6
slBj,2,2,4,0.5
slBl,7,3,10,0.7
slBm,12,8,20,0.6
slBn,26,12,38,0.68
slBs,12,5,17,0.71
slBt,2,1,3,0.67
slDB,2,2,4,0.5
slDD,0,1,1,0.0
slDH,0,2,2,0.0
slDL,2,0,2,1.0
slDM,2,0,2,1.0
slDN,1,1,2,0.5
slDP,1,5,6,0.17
slDS,1,1,2,0.5
slDb,3,0,3,1.0
slDl,0,1,1,0.0
slDm,1,1,2,0.5
slDn,2,1,3,0.67
slDs,3,1,4,0.75
slHB,8,8,16,0.5
slHD,0,1,1,0.0
slHH,4,3,7,0.57
slHK,1,2,3,0.33
slHL,0,5,5,0.0
slHM,6,12,18,0.33
slHN,17,8,25,0.68
slHP,15,10,25,0.6
slHS,4,11,15,0.27
slHb,11,8,19,0.58
slHh,2,7,9,0.22
slHl,4,3,7,0.57
slHm,10,12,22,0.45
slHn,9,10,19,0.47
slHs,7,9,16,0.44
slHt,0,0,0,
slIB,0,0,0,
slIH,0,2,2,0.0
slIL,0,1,1,0.0
slIM,3,3,6,0.5
slIN,3,0,3,1.0
slIP,2,1,3,0.67
slIS,0,0,0,
slIb,1,2,3,0.33
slIl,1,0,1,1.0
slIm,2,1,3,0.67
slIn,4,1,5,0.8
slIs,0,1,1,0.0
slJB,6,5,11,0.55
slJD,0,1,1,0.0
slJH,2,0,2,1.0
slJI,0,1,1,0.0
slJL,4,1,5,0.8
slJM,5,7,12,0.42
slJN,3,1,4,0.75
slJP,2,6,8,0.25
slJS,3,6,9,0.33
slJb,7,4,11,0.64
slJh,0,1,1,0.0
slJl,2,2,4,0.5
slJm,7,2,9,0.78
slJn,4,3,7,0.57
slJs,1,4,5,0.2
slJt,0,1,1,0.0
slKB,1,1,2,0.5
slKD,1,0,1,1.0
slKL,1,1,2,0.5
slKM,2,0,2,1.0
slKN,2,0,2,1.0
slKP,0,2,2,0.0
slKS,2,2,4,0.5
slKh,0,1,1,0.0
slKl,0,1,1,0.0
slKm,1,1,2,0.5
slKn,1,2,3,0.33
slKs,1,0,1,1.0
slLB,2,7,9,0.22
slLD,0,1,1,0.0
slLH,1,0,1,1.0
slLK,1,1,2,0.5
slLL,1,5,6,0.17
slLM,6,6,12,0.5
slLN,5,5,10,0.5
slLP,7,9,16,0.44
slLS,4,8,12,0.33
slLb,5,7,12,0.42
slLh,5,3,8,0.62
slLj,2,0,2,1.0
slLl,5,8,13,0.38
slLm,8,5,13,0.62
slLn,13,7,20,0.65
slLs,10,8,18,0.56
slLt,2,4,6,0.33
slMB,15,11,26,0.58
slMD,2,3,5,0.4
slMK,0,1,1,0.0
slML,3,10,13,0.23
slMM,13,17,30,0.43
slMN,14,16,30,0.47
slMP,24,15,39,0.62
slMS,12,20,32,0.38
slMb,16,18,34,0.47
slMh,10,19,29,0.34
slMj,5,3,8,0.62
slMl,12,5,17,0.71
slMm,13,12,25,0.52
slMn,20,18,38,0.53
slMs,18,10,28,0.64
slMt,2,4,6,0.33
slNB,14,15,29,0.48
slND,3,2,5,0.6
slNH,7,1,8,0.88
slNI,1,0,1,1.0
slNK,1,2,3,0.33
slNL,9,8,17,0.53
slNM,16,17,33,0.48
slNN,28,22,50,0.56
slNP,29,34,63,0.46
slNS,13,19,32,0.41
slNb,20,11,31,0.65
slNh,3,10,13,0.23
slNl,8,2,10,0.8
slNm,22,8,30,0.73
slNn,31,24,55,0.56
slNs,14,15,29,0.48
slNt,5,3,8,0.62
slPB,15,19,34,0.44
slPD,4,3,7,0.57
slPH,4,11,15,0.27
slPI,2,0,2,1.0
slPK,1,4,5,0.2
slPL,8,12,20,0.4
slPM,27,24,51,0.53
slPN,27,22,49,0.55
slPP,45,26,71,0.63
slPS,10,12,22,0.45
slPb,17,19,36,0.47
slPh,2,2,4,0.5
slPl,6,10,16,0.38
slPm,17,15,32,0.53
slPn,20,27,47,0.43
slPs,15,10,25,0.6
slPt,2,0,2,1.0
slSB,8,5,13,0.62
slSD,3,2,5,0.6
slSH,5,4,9,0.56
slSK,1,2,3,0.33
slSL,6,5,11,0.55
slSM,12,15,27,0.44
slSN,10,14,24,0.42
slSP,17,16,33,0.52
slSS,15,16,31,0.48
slSb,5,12,17,0.29
slSh,2,5,7,0.29
slSl,6,7,13,0.46
slSm,10,7,17,0.59
slSn,12,12,24,0.5
slSs,18,8,26,0.69
slSt,4,6,10,0.4
slbB,18,12,30,0.6
slbH,1,4,5,0.2
slbJ,5,5,10,0.5
slbK,3,3,6,0.5
slbL,9,4,13,0.69
slbM,21,19,40,0.52
slbN,18,24,42,0.43
slbP,26,26,52,0.5
slbS,7,7,14,0.5
slbb,25,21,46,0.54
slbl,6,6,12,0.5
slbm,15,7,22,0.68
slbn,19,13,32,0.59
slbs,7,6,13,0.54
sllB,7,9,16,0.44
sllD,2,1,3,0.67
sllH,2,3,5,0.4
sllJ,1,0,1,1.0
sllK,0,0,0,
sllL,3,2,5,0.6
sllM,8,11,19,0.42
sllN,7,9,16,0.44
sllP,11,12,23,0.48
sllS,2,7,9,0.22
sllb,14,5,19,0.74
slll,7,3,10,0.7
sllm,11,9,20,0.55
slln,4,5,9,0.44
slls,2,4,6,0.33
slmB,15,11,26,0.58
slmD,1,4,5,0.2
slmH,8,13,21,0.38
slmI,0,2,2,0.0
slmJ,2,2,4,0.5
slmK,2,2,4,0.5
slmL,8,7,15,0.53
slmM,15,14,29,0.52
slmN,16,21,37,0.43
slmP,19,16,35,0.54
slmS,6,10,16,0.38
slmb,16,13,29,0.55
slml,10,3,13,0.77
slmm,8,10,18,0.44
slmn,13,8,21,0.62
slms,5,5,10,0.5
slnB,15,15,30,0.5
slnD,1,0,1,1.0
slnH,6,5,11,0.55
slnI,2,3,5,0.4
slnK,1,2,3,0.33
slnL,11,4,15,0.73
slnM,12,15,27,0.44
slnN,25,12,37,0.68
slnP,18,20,38,0.47
slnS,11,9,20,0.55
slnb,13,12,25,0.52
slnl,6,10,16,0.38
slnm,15,9,24,0.62
slnn,12,13,25,0.48
slns,7,4,11,0.64
slsB,4,9,13,0.31
slsD,3,2,5,0.6
slsH,10,7,17,0.59
slsI,0,2,2,0.0
slsK,0,1,1,0.0
slsL,8,6,14,0.57
slsM,12,7,19,0.63
slsN,9,5,14,0.64
slsP,24,15,39,0.62
slsS,17,13,30,0.57
slsb,10,7,17,0.59
slsh,0,1,1,0.0
slsl,9,7,16,0.56
slsm,14,4,18,0.78
slsn,9,11,20,0.45
slss,7,3,10,0.7
smBB,28,21,49,0.57
smBD,2,3,5,0.4
smBK,0,4,4,0.0
smBL,9,5,14,0.64
smBM,33,41,74,0.45
smBN,39,43,82,0.48
smBP,37,49,86,0.43
smBS,25,28,53,0.47
smBb,37,27,64,0.58
smBh,2,1,3,0.67
smBj,16,9,25,0.64
smBl,7,8,15,0.47
smBm,30,33,63,0.48
smBn,49,38,87,0.56
smBs,15,13,28,0.54
smBt,6,4,10,0.6
smDB,12,5,17,0.71
smDD,3,4,7,0.43
smDH,7,7,14,0.5
smDI,0,0,0,
smDK,0,1,1,0.0
smDL,2,2,4,0.5
smDM,7,12,19,0.37
smDN,8,12,20,0.4
smDP,10,14,24,0.42
smDS,7,7,14,0.5
smDb,6,6,12,0.5
smDh,0,1,1,0.0
smDl,5,1,6,0.83
smDm,9,10,19,0.47
smDn,9,5,14,0.64
smDs,5,7,12,0.42
smDt,1,0,1,1.0
smHB,25,29,54,0.46
smHD,9,5,14,0.64
smHH,7,5,12,0.58
smHI,1,5,6,0.17
smHK,5,2,7,0.71
smHL,12,7,19,0.63
smHM,31,29,60,0.52
smHN,30,40,70,0.43
smHP,42,40,82,0.51
smHS,24,25,49,0.49
smHb,28,22,50,0.56
smHh,11,25,36,0.31
smHl,15,4,19,0.79
smHm,28,23,51,0.55
smHn,41,27,68,0.6
smHs,21,22,43,0.49
smHt,3,2,5,0.6
smIB,3,2,5,0.6
smIH,0,1,1,0.0
smII,1,0,1,1.0
smIK,1,0,1,1.0
smIL,2,0,2,1.0
smIM,3,1,4,0.75
smIN,3,10,13,0.23
smIP,4,3,7,0.57
smIS,0,1,1,0.0
smIb,6,3,9,0.67
smIl,0,1,1,0.0
smIm,1,2,3,0.33
smIn,3,5,8,0.38
smIs,2,1,3,0.67
smJB,6,4,10,0.6
smJD,0,0,0,
smJH,8,5,13,0.62
smJI,0,2,2,0.0
smJK,0,1,1,0.0
smJL,3,0,3,1.0
smJM,8,5,13,0.62
smJN,6,4,10,0.6
smJP,12,11,23,0.52
smJS,5,3,8,0.62
smJb,10,10,20,0.5
smJh,1,0,1,1.0
smJl,4,3,7,0.57
smJm,7,6,13,0.54
smJn,10,2,12,0.83
smJs,6,3,9,0.67
smJt,1,2,3,0.33
smKB,1,0,1,1.0
smKI,1,0,1,1.0
smKL,0,1,1,0.0
smKM,1,0,1,1.0
smKN,0,1,1,0.0
smKS,0,1,1,0.0
smKb,0,0,0,
smKl,1,1,2,0.5
smKm,2,0,2,1.0
smLB,12,9,21,0.57
smLD,2,0,2,1.0
smLK,0,2,2,0.0
smLL,6,3,9,0.67
smLM,14,15,29,0.48
smLN,15,12,27,0.56
smLP,16,12,28,0.57
smLS,11,13,24,0.46
smLb,14,14,28,0.5
smLh,9,5,14,0.64
smLj,2,4,6,0.33
smLl,9,1,10,0.9
smLm,17,15,32,0.53
smLn,15,20,35,0.43
smLs,9,9,18,0.5
smLt,2,1,3,0.67
smMB,34,31,65,0.52
smMD,3,8,11,0.27
smML,8,12,20,0.4
smMM,30,42,72,0.42
smMN,42,60,102,0.41
smMP,44,47,91,0.48
smMS,22,24,46,0.48
smMb,43,31,74,0.58
smMh,25,38,63,0.4
smMj,10,2,12,0.83
smMl,8,14,22,0.36
smMm,35,35,70,0.5
smMn,62,61,123,0.5
smMs,29,34,63,0.46
smMt,5,8,13,0.38
smNB,32,21,53,0.6
smND,8,3,11,0.73
smNH,13,11,24,0.54
smNK,3,2,5,0.6
smNL,14,13,27,0.52
smNM,35,63,98,0.36
smNN,51,51,102,0.5
smNP,67,75,142,0.47
smNS,33,34,67,0.49
smNb,39,41,80,0.49
smNh,8,10,18,0.44
smNl,14,14,28,0.5
smNm,36,43,79,0.46
smNn,72,59,131,0.55
smNs,32,35,67,0.48
smNt,6,7,13,0.46
smPB,36,36,72,0.5
smPD,4,9,13,0.31
smPH,14,9,23,0.61
smPI,3,1,4,0.75
smPK,5,6,11,0.45
smPL,11,17,28,0.39
smPM,49,49,98,0.5
smPN,40,47,87,0.46
smPP,85,65,150,0.57
smPS,29,39,68,0.43
smPb,45,63,108,0.42
smPh,3,4,7,0.43
smPl,20,26,46,0.43
smPm,32,42,74,0.43
smPn,56,28,84,0.67
smPs,32,28,60,0.53
smPt,1,7,8,0.12
smSB,13,31,44,0.3
smSD,9,3,12,0.75
smSH,6,10,16,0.38
smSI,0,1,1,0.0
smSL,9,9,18,0.5
smSM,29,35,64,0.45
smSN,36,25,61,0.59
smSP,38,41,79,0.48
smSS,31,37,68,0.46
smSb,35,27,62,0.56
smSh,18,22,40,0.45
smSl,7,12,19,0.37
smSm,27,24,51,0.53
smSn,30,39,69,0.43
smSs,26,22,48,0.54
smSt,7,8,15,0.47
smbB,37,33,70,0.53
smbD,4,4,8,0.5
smbH,9,8,17,0.53
smbI,5,2,7,0.71
smbJ,10,13,23,0.43
smbK,5,4,9,0.56
smbL,11,7,18,0.61
smbM,36,37,73,0.49
smbN,48,40,88,0.55
smbP,44,38,82,0.54
smbS,14,14,28,0.5
smbb,55,32,87,0.63
smbl,13,7,20,0.65
smbm,29,24,53,0.55
smbn,35,37,72,0.49
smbs,11,12,23,0.48
smhI,0,1,1,0.0
smhn,1,0,1,1.0
smlB,9,7,16,0.56
smlD,2,0,2,1.0
smlH,7,6,13,0.54
smlI,1,1,2,0.5
smlJ,4,3,7,0.57
smlK,0,1,1,0.0
smlL,6,5,11,0.55
smlM,10,20,30,0.33
smlN,9,11,20,0.45
smlP,18,16,34,0.53
smlS,7,6,13,0.54
smlb,20,8,28,0.71
smll,6,5,11,0.55
smlm,6,13,19,0.32
smln,7,8,15,0.47
smls,10,3,13,0.77
smmB,31,35,66,0.47
smmD,8,9,17,0.47
smmH,17,23,40,0.42
smmI,2,3,5,0.4
smmJ,7,4,11,0.64
smmK,0,0,0,
smmL,12,15,27,0.44
smmM,31,37,68,0.46
smmN,50,41,91,0.55
smmP,43,34,77,0.56
smmS,27,18,45,0.6
smmb,37,29,66,0.56
smml,9,6,15,0.6
smmm,45,31,76,0.59
smmn,42,34,76,0.55
smms,13,10,23,0.57
smnB,30,38,68,0.44
smnD,9,9,18,0.5
smnH,18,11,29,0.62
smnI,8,3,11,0.73
smnK,4,1,5,0.8
smnL,4,5,9,0.44
smnM,35,32,67,0.52
smnN,46,49,95,0.48
smnP,50,51,101,0.5
smnS,26,21,47,0.55
smnb,43,33,76,0.57
smnh,3,1,4,0.75
smnl,10,11,21,0.48
smnm,42,24,66,0.64
smnn,44,34,78,0.56
smns,19,27,46,0.41
smsB,15,20,35,0.43
smsD,9,3,12,0.75
smsH,14,13,27,0.52
smsI,2,1,3,0.67
smsL,3,14,17,0.18
smsM,22,19,41,0.54
smsN,27,33,60,0.45
smsP,21,23,44,0.48
smsS,24,24,48,0.5
smsb,13,12,25,0.52
smsh,0,1,1,0.0
smsl,8,6,14,0.57
smsm,21,17,38,0.55
smsn,20,22,42,0.48
smss,14,21,35,0.4
smst,0,0,0,
snBB,17,25,42,0.4
snBD,3,7,10,0.3
snBH,1,0,1,1.0
snBK,1,2,3,0.33
snBL,4,7,11,0.36
snBM,19,27,46,0.41
snBN,20,35,55,0.36
snBP,31,28,59,0.53
snBS,11,13,24,0.46
snBb,23,22,45,0.51
snBh,2,0,2,1.0
snBj,6,2,8,0.75
snBl,7,12,19,0.37
snBm,28,21,49,0.57
snBn,44,26,70,0.63
snBs,15,18,33,0.45
snBt,5,5,10,0.5
snDB,3,2,5,0.6
snDD,4,1,5,0.8
snDH,7,3,10,0.7
snDI,0,1,1,0.0
snDL,2,2,4,0.5
snDM,9,10,19,0.47
snDN,5,6,11,0.45
snDP,8,10,18,0.44
snDS,5,14,19,0.26
snDb,8,7,15,0.53
snDh,2,1,3,0.67
snDl,2,2,4,0.5
snDm,5,6,11,0.45
snDn,6,7,13,0.46
snDs,4,3,7,0.57
snDt,0,1,1,0.0
snHB,17,16,33,0.52
snHD,4,4,8,0.5
snHH,2,4,6,0.33
snHI,3,2,5,0.6
snHK,4,1,5,0.8
snHL,5,6,11,0.45
snHM,22,15,37,0.59
snHN,21,22,43,0.49
snHP,32,24,56,0.57
snHS,17,22,39,0.44
snHb,32,17,49,0.65
snHh,11,7,18,0.61
snHl,7,6,13,0.54
snHm,24,25,49,0.49
snHn,27,18,45,0.6
snHs,17,22,39,0.44
snHt,2,1,3,0.67
snIB,2,5,7,0.29
snID,7,2,9,0.78
snIH,1,3,4,0.25
snII,2,0,2,1.0
snIL,1,2,3,0.33
snIM,7,10,17,0.41
snIN,5,6,11,0.45
snIP,7,5,12,0.58
snIS,6,7,13,0.46
snIb,3,2,5,0.6
snIl,3,1,4,0.75
snIm,5,5,10,0.5
snIn,9,5,14,0.64
snIs,3,3,6,0.5
snIt,1,0,1,1.0
snKB,1,1,2,0.5
snKD,0,1,1,0.0
snKH,1,3,4,0.25
snKL,1,2,3,0.33
snKM,6,3,9,0.67
snKN,2,3,5,0.4
snKP,7,3,10,0.7
snKS,2,3,5,0.4
snKb,2,4,6,0.33
snKh,1,4,5,0.2
snKl,1,2,3,0.33
snKm,2,3,5,0.4
snKn,4,4,8,0.5
snKs,3,3,6,0.5
snKt,0,1,1,0.0
snLB,11,7,18,0.61
snLD,2,1,3,0.67
snLH,0,1,1,0.0
snLK,1,0,1,1.0
snLL,4,5,9,0.44
snLM,13,16,29,0.45
snLN,17,17,34,0.5
snLP,13,17,30,0.43
snLS,7,3,10,0.7
snLb,13,16,29,0.45
snLh,2,8,10,0.2
snLj,3,1,4,0.75
snLl,6,3,9,0.67
snLm,9,8,17,0.53
snLn,23,15,38,0.61
snLs,8,9,17,0.47
snLt,1,1,2,0.5
snMB,25,27,52,0.48
snMD,4,3,7,0.57
snMH,0,1,1,0.0
snMK,1,1,2,0.5
snML,7,7,14,0.5
snMM,35,35,70,0.5
snMN,40,36,76,0.53
snMP,52,50,102,0.51
snMS,25,28,53,0.47
snMb,24,38,62,0.39
snMh,45,38,83,0.54
snMj,11,7,18,0.61
snMl,18,10,28,0.64
snMm,34,26,60,0.57
snMn,46,57,103,0.45
snMs,28,34,62,0.45
snMt,9,4,13,0.69
snNB,28,40,68,0.41
snND,9,13,22,0.41
snNH,9,11,20,0.45
snNI,1,0,1,1.0
snNK,5,9,14,0.36
snNL,10,17,27,0.37
snNM,54,47,101,0.53
snNN,67,72,139,0.48
snNP,64,83,147,0.44
snNS,43,50,93,0.46
snNb,50,36,86,0.58
snNh,27,14,41,0.66
snNl,19,12,31,0.61
snNm,50,38,88,0.57
snNn,65,80,145,0.45
snNs,39,44,83,0.47
snNt,5,7,12,0.42
snPB,43,42,85,0.51
snPD,11,10,21,0.52
snPH,15,19,34,0.44
snPI,6,6,12,0.5
snPK,10,10,20,0.5
snPL,17,28,45,0.38
snPM,56,49,105,0.53
snPN,66,50,116,0.57
snPP,78,98,176,0.44
snPS,42,46,88,0.48
snPb,56,45,101,0.55
snPh,5,7,12,0.42
snPl,29,26,55,0.53
snPm,50,52,102,0.49
snPn,72,57,129,0.56
snPs,37,52,89,0.42
snPt,7,5,12,0.58
snSB,18,18,36,0.5
snSD,5,6,11,0.45
snSH,10,14,24,0.42
snSI,0,1,1,0.0
snSK,1,0,1,1.0
snSL,4,9,13,0.31
snSM,27,26,53,0.51
snSN,28,31,59,0.47
snSP,46,42,88,0.52
snSS,32,36,68,0.47
snSb,21,26,47,0.45
snSh,17,20,37,0.46
snSl,16,11,27,0.59
snSm,37,25,62,0.6
snSn,24,38,62,0.39
snSs,39,29,68,0.57
snSt,4,8,12,0.33
snbB,29,23,52,0.56
snbD,1,1,2,0.5
snbH,9,1,10,0.9
snbI,6,2,8,0.75
snbJ,3,5,8,0.38
snbK,3,0,3,1.0
snbL,13,8,21,0.62
snbM,29,36,65,0.45
snbN,50,45,95,0.53
snbP,46,34,80,0.57
snbS,17,24,41,0.41
snbb,34,33,67,0.51
snbh,0,0,0,
snbl,14,3,17,0.82
snbm,28,14,42,0.67
snbn,36,37,73,0.49
snbs,16,16,32,0.5
snhL,2,0,2,1.0
snhM,0,2,2,0.0
snhN,0,2,2,0.0
snhP,0,1,1,0.0
snhS,0,1,1,0.0
snhb,1,1,2,0.5
snhh,0,0,0,
snhm,0,1,1,0.0
snhn,0,1,1,0.0
snlB,11,10,21,0.52
snlD,2,5,7,0.29
snlH,7,4,11,0.64
snlI,2,1,3,0.67
snlJ,1,6,7,0.14
snlK,1,0,1,1.0
snlL,0,8,8,0.0
snlM,16,12,28,0.57
snlN,9,24,33,0.27
snlP,25,15,40,0.62
snlS,16,7,23,0.7
snlb,20,13,33,0.61
snll,15,5,20,0.75
snlm,15,1,16,0.94
snln,13,12,25,0.52
snls,9,8,17,0.53
snmB,28,24,52,0.54
snmD,9,8,17,0.53
snmH,27,19,46,0.59
snmI,2,4,6,0.33
snmJ,6,7,13,0.46
snmK,1,0,1,1.0
snmL,11,7,18,0.61
snmM,32,22,54,0.59
snmN,46,37,83,0.55
snmP,39,35,74,0.53
snmS,22,23,45,0.49
snmb,37,33,70,0.53
snml,12,8,20,0.6
snmm,26,24,50,0.52
snmn,31,28,59,0.53
snms,14,23,37,0.38
snnB,21,28,49,0.43
snnD,11,4,15,0.73
snnH,20,16,36,0.56
snnI,3,9,12,0.25
snnK,4,3,7,0.57
snnL,14,12,26,0.54
snnM,53,36,89,0.6
snnN,60,61,121,0.5
snnP,71,58,129,0.55
snnS,34,29,63,0.54
snnb,45,29,74,0.61
snnh,4,1,5,0.8
snnl,15,7,22,0.68
snnm,23,18,41,0.56
snnn,45,58,103,0.44
snns,30,33,63,0.48
snsB,14,20,34,0.41
snsD,5,6,11,0.45
snsH,19,23,42,0.45
snsI,3,3,6,0.5
snsK,2,2,4,0.5
snsL,12,5,17,0.71
snsM,25,23,48,0.52
snsN,35,31,66,0.53
snsP,42,31,73,0.58
snsS,35,26,61,0.57
snsb,25,27,52,0.48
snsh,1,1,2,0.5
snsl,12,10,22,0.55
snsm,18,17,35,0.51
snsn,25,19,44,0.57
snss,26,21,47,0.55
sntB,0,0,0,
sntN,1,0,1,1.0
sntP,0,1,1,0.0
sntS,0,1,1,0.0
sntm,1,0,1,1.0
sntn,1,0,1,1.0
ssBB,18,18,36,0.5
ssBD,7,0,7,1.0
ssBK,2,3,5,0.4
ssBL,9,7,16,0.56
ssBM,18,19,37,0.49
ssBN,22,23,45,0.49
ssBP,27,33,60,0.45
ssBS,12,17,29,0.41
ssBb,21,22,43,0.49
ssBh,0,0,0,
ssBj,4,4,8,0.5
ssBl,6,9,15,0.4
ssBm,18,20,38,0.47
ssBn,29,30,59,0.49
ssBs,13,10,23,0.57
ssBt,3,6,9,0.33
ssDB,5,4,9,0.56
ssDD,4,6,10,0.4
ssDH,8,10,18,0.44
ssDI,0,0,0,
ssDL,5,0,5,1.0
ssDM,3,8,11,0.27
ssDN,8,7,15,0.53
ssDP,8,11,19,0.42
ssDS,10,9,19,0.53
ssDb,8,2,10,0.8
ssDl,2,3,5,0.4
ssDm,5,5,10,0.5
ssDn,10,6,16,0.62
ssDs,8,3,11,0.73
ssDt,2,0,2,1.0
ssHB,23,29,52,0.44
ssHD,7,5,12,0.58
ssHH,9,10,19,0.47
ssHI,3,1,4,0.75
ssHK,3,2,5,0.6
ssHL,9,4,13,0.69
ssHM,40,32,72,0.56
ssHN,38,29,67,0.57
ssHP,40,44,84,0.48
ssHS,35,46,81,0.43
ssHb,28,33,61,0.46
ssHh,24,25,49,0.49
ssHl,10,8,18,0.56
ssHm,36,24,60,0.6
ssHn,34,31,65,0.52
ssHs,34,57,91,0.37
ssHt,6,2,8,0.75
ssIB,4,4,8,0.5
ssID,1,0,1,1.0
ssIH,3,0,3,1.0
ssII,1,0,1,1.0
ssIL,0,5,5,0.0
ssIM,6,1,7,0.86
ssIN,6,8,14,0.43
ssIP,4,5,9,0.44
ssIS,7,5,12,0.58
ssIb,6,2,8,0.75
ssIl,1,2,3,0.33
ssIm,4,4,8,0.5
ssIn,2,6,8,0.25
ssIs,5,3,8,0.62
ssKL,0,1,1,0.0
ssKM,1,2,3,0.33
ssKP,4,3,7,0.57
ssKS,2,1,3,0.67
ssKh,1,1,2,0.5
ssKl,0,1,1,0.0
ssKm,1,2,3,0.33
ssKs,1,1,2,0.5
ssLB,9,9,18,0.5
ssLD,1,0,1,1.0
ssLK,3,0,3,1.0
ssLL,3,9,12,0.25
ssLM,6,12,18,0.33
ssLN,12,12,24,0.5
ssLP,13,22,35,0.37
ssLS,12,12,24,0.5
ssLb,9,7,16,0.56
ssLh,2,5,7,0.29
ssLj,4,2,6,0.67
ssLl,6,11,17,0.35
ssLm,11,9,20,0.55
ssLn,14,11,25,0.56
ssLs,5,10,15,0.33
ssLt,1,0,1,1.0
ssMB,24,25,49,0.49
ssMD,6,2,8,0.75
ssMH,1,0,1,1.0
ssMI,0,0,0,
ssMK,1,1,2,0.5
ssML,13,11,24,0.54
ssMM,30,36,66,0.45
ssMN,30,27,57,0.53
ssMP,45,34,79,0.57
ssMS,15,26,41,0.37
ssMb,34,28,62,0.55
ssMh,23,24,47,0.49
ssMj,5,6,11,0.45
ssMl,12,8,20,0.6
ssMm,39,25,64,0.61
ssMn,31,36,67,0.46
ssMs,24,39,63,0.38
ssMt,8,5,13,0.62
ssNB,21,30,51,0.41
ssND,3,4,7,0.43
ssNH,3,7,10,0.3
ssNK,6,3,9,0.67
ssNL,10,17,27,0.37
ssNM,26,38,64,0.41
ssNN,45,42,87,0.52
ssNP,52,50,102,0.51
ssNS,25,24,49,0.51
ssNb,34,21,55,0.62
ssNh,9,5,14,0.64
ssNl,15,15,30,0.5
ssNm,32,23,55,0.58
ssNn,53,34,87,0.61
ssNs,38,27,65,0.58
ssNt,5,8,13,0.38
ssPB,28,22,50,0.56
ssPD,10,1,11,0.91
ssPH,12,19,31,0.39
ssPI,6,1,7,0.86
ssPK,5,6,11,0.45
ssPL,16,19,35,0.46
ssPM,37,47,84,0.44
ssPN,40,40,80,0.5
ssPP,63,55,118,0.53
ssPS,42,41,83,0.51
ssPb,48,37,85,0.56
ssPh,5,5,10,0.5
ssPl,21,13,34,0.62
ssPm,42,41,83,0.51
ssPn,36,32,68,0.53
ssPs,40,48,88,0.45
ssPt,3,8,11,0.27
ssSB,20,28,48,0.42
ssSD,9,8,17,0.53
ssSH,19,18,37,0.51
ssSI,2,0,2,1.0
ssSK,3,1,4,0.75
ssSL,20,20,40,0.5
ssSM,34,47,81,0.42
ssSN,29,25,54,0.54
ssSP,50,48,98,0.51
ssSS,69,68,137,0.5
ssSb,28,25,53,0.53
ssSh,23,37,60,0.38
ssSl,15,14,29,0.52
ssSm,38,43,81,0.47
ssSn,50,33,83,0.6
ssSs,68,65,133,0.51
ssSt,9,11,20,0.45
ssbB,30,27,57,0.53
ssbD,0,4,4,0.0
ssbH,6,5,11,0.55
ssbI,3,3,6,0.5
ssbJ,6,11,17,0.35
ssbK,3,7,10,0.3
ssbL,9,11,20,0.45
ssbM,30,31,61,0.49
ssbN,33,31,64,0.52
ssbP,43,34,77,0.56
ssbS,11,13,24,0.46
ssbb,31,23,54,0.57
ssbl,6,15,21,0.29
ssbm,25,26,51,0.49
ssbn,26,31,57,0.46
ssbs,21,15,36,0.58
sshH,1,0,1,1.0
sshL,2,0,2,1.0
sshM,3,7,10,0.3
sshN,0,3,3,0.0
sshP,3,1,4,0.75
sshS,1,1,2,0.5
sshb,1,0,1,1.0
sshh,1,4,5,0.2
sshl,2,1,3,0.67
sshm,3,3,6,0.5
sshn,1,2,3,0.33
sshs,3,2,5,0.6
sslB,20,12,32,0.62
sslD,2,0,2,1.0
sslH,6,11,17,0.35
sslI,0,2,2,0.0
sslJ,3,3,6,0.5
sslK,1,1,2,0.5
sslL,4,6,10,0.4
sslM,23,12,35,0.66
sslN,19,14,33,0.58
sslP,14,11,25,0.56
sslS,13,7,20,0.65
sslb,14,11,25,0.56
ssll,8,5,13,0.62
sslm,15,13,28,0.54
ssln,10,11,21,0.48
ssls,11,8,19,0.58
ssmB,24,32,56,0.43
ssmD,5,6,11,0.45
ssmH,26,26,52,0.5
ssmI,2,3,5,0.4
ssmJ,4,7,11,0.36
ssmL,8,14,22,0.36
ssmM,36,31,67,0.54
ssmN,29,34,63,0.46
ssmP,36,31,67,0.54
ssmS,25,27,52,0.48
ssmb,23,28,51,0.45
ssml,10,7,17,0.59
ssmm,22,20,42,0.52
ssmn,40,29,69,0.58
ssms,26,18,44,0.59
ssnB,29,23,52,0.56
ssnD,6,2,8,0.75
ssnH,20,14,34,0.59
ssnI,7,5,12,0.58
ssnK,1,3,4,0.25
ssnL,10,13,23,0.43
ssnM,25,36,61,0.41
ssnN,44,38,82,0.54
ssnP,40,52,92,0.43
ssnS,26,38,64,0.41
ssnb,19,18,37,0.51
ssnh,2,0,2,1.0
ssnl,16,16,32,0.5
ssnm,29,26,55,0.53
ssnn,29,34,63,0.46
ssns,23,15,38,0.61
sssB,18,24,42,0.43
sssD,6,6,12,0.5
sssH,30,40,70,0.43
sssI,8,3,11,0.73
sssK,2,4,6,0.33
sssL,10,9,19,0.53
sssM,33,40,73,0.45
sssN,35,28,63,0.56
sssP,36,46,82,0.44
sssS,51,50,101,0.5
sssb,33,25,58,0.57
sssh,2,4,6,0.33
sssl,16,21,37,0.43
sssm,37,30,67,0.55
sssn,45,30,75,0.6
ssss,43,41,84,0.51
sstD,1,0,1,1.0
sstN,0,1,1,0.0
sstP,0,1,1,0.0
sstS,1,0,1,1.0
sstb,0,0,0,
sstl,1,0,1,1.0
sstm,1,0,1,1.0
ssts,0,1,1,0.0
stBB,2,0,2,1.0
stBP,0,1,1,0.0
stBb,1,1,2,0.5
stBm,1,0,1,1.0
stBs,0,0,0,
stDB,0,1,1,0.0
stDM,1,1,2,0.5
stDP,0,0,0,
stDS,1,0,1,1.0
stDm,0,0,0,
stDn,0,1,1,0.0
stHB,1,0,1,1.0
stHS,0,1,1,0.0
stHm,0,1,1,0.0
stKH,0,1,1,0.0
stLK,0,0,0,
stLM,0,0,0,
stLm,1,0,1,1.0
stLn,0,0,0,
stLs,0,1,1,0.0
stMB,0,1,1,0.0
stMM,0,1,1,0.0
stMN,1,0,1,1.0
stMP,1,0,1,1.0
stMS,0,0,0,
stMb,0,1,1,0.0
stMh,0,0,0,
stMl,1,1,2,0.5
stMm,1,0,1,1.0
stMn,0,1,1,0.0
stNB,1,0,1,1.0
stND,0,1,1,0.0
stNL,1,0,1,1.0
stNm,1,0,1,1.0
stNn,1,0,1,1.0
stNs,0,1,1,0.0
stPB,1,1,2,0.5
stPM,1,1,2,0.5
stPN,0,0,0,
stPS,0,0,0,
stPb,1,1,2,0.5
stPh,0,1,1,0.0
stPm,0,1,1,0.0
stSB,1,1,2,0.5
stSM,0,1,1,0.0
stSP,0,1,1,0.0
stSS,1,0,1,1.0
stSb,1,0,1,1.0
stSl,1,0,1,1.0
stSm,0,0,0,
stSs,0,1,1,0.0
stbK,0,1,1,0.0
stbL,0,0,0,
stbM,0,1,1,0.0
stbP,0,1,1,0.0
stbS,1,0,1,1.0
stbb,1,1,2,0.5
stbl,1,0,1,1.0
stbm,0,1,1,0.0
stbn,0,1,1,0.0
stlB,1,1,2,0.5
stlH,1,0,1,1.0
stlL,0,1,1,0.0
stlM,1,0,1,1.0
stlP,1,2,3,0.33
stln,0,1,1,0.0
stmB,0,1,1,0.0
stmH,0,2,2,0.0
stmL,0,0,0,
stmM,1,0,1,1.0
stmN,0,0,0,
stmP,0,0,0,
stmS,0,1,1,0.0
stmb,0,1,1,0.0
stms,0,0,0,
stnB,1,0,1,1.0
stnD,0,0,0,
stnL,0,1,1,0.0
stnM,1,1,2,0.5
stnP,0,2,2,0.0
stnl,2,0,2,1.0
stsM,0,1,1,0.0
stsP,1,0,1,1.0
stsS,0,1,1,0.0
stsm,2,0,2,1.0
stsn,1,0,1,1.0
sttm,1,0,1,1.0
tBBB,4,4,8,0.5
tBBK,1,0,1,1.0
tBBL,2,3,5,0.4
tBBM,5,3,8,0.62
tBBN,4,5,9,0.44
tBBP,5,7,12,0.42
tBBS,0,4,4,0.0
tBBb,5,3,8,0.62
tBBj,0,2,2,0.0
tBBl,2,2,4,0.5
tBBm,7,6,13,0.54
tBBn,4,3,7,0.57
tBBs,1,0,1,1.0
tBBt,2,1,3,0.67
tBDB,0,1,1,0.0
tBDD,0,0,0,
tBDL,0,1,1,0.0
tBDM,1,0,1,1.0
tBDP,0,1,1,0.0
tBDS,1,2,3,0.33
tBDb,1,0,1,1.0
tBDm,0,1,1,0.0
tBDn,0,3,3,0.0
tBKL,0,1,1,0.0
tBKM,1,0,1,1.0
tBKN,0,1,1,0.0
tBKP,1,1,2,0.5
tBKS,0,0,0,
tBKs,2,0,2,1.0
tBLB,0,1,1,0.0
tBLL,2,0,2,1.0
tBLM,3,0,3,1.0
tBLN,0,2,2,0.0
tBLP,3,2,5,0.6
tBLb,0,1,1,0.0
tBLh,0,1,1,0.0
tBLj,0,1,1,0.0
tBLl,1,2,3,0.33
tBLm,2,2,4,0.5
tBLn,4,0,4,1.0
tBLs,0,1,1,0.0
tBLt,1,0,1,1.0
tBMB,6,7,13,0.46
tBMH,0,0,0,
tBML,1,0,1,1.0
tBMM,4,4,8,0.5
tBMN,7,4,11,0.64
tBMP,9,4,13,0.69
tBMS,3,1,4,0.75
tBMb,6,7,13,0.46
tBMh,5,2,7,0.71
tBMj,0,1,1,0.0
tBMl,3,2,5,0.6
tBMm,6,3,9,0.67
tBMn,4,4,8,0.5
tBMs,1,3,4,0.25
tBMt,1,0,1,1.0
tBNB,2,1,3,0.67
tBND,1,1,2,0.5
tBNH,1,0,1,1.0
tBNK,0,1,1,0.0
tBNL,1,3,4,0.25
tBNM,3,4,7,0.43
tBNN,4,4,8,0.5
tBNP,6,3,9,0.67
tBNS,0,4,4,0.0
tBNb,3,2,5,0.6
tBNh,2,2,4,0.5
tBNl,1,0,1,1.0
tBNm,5,3,8,0.62
tBNn,4,3,7,0.57
tBNs,3,2,5,0.6
tBPB,6,5,11,0.55
tBPH,2,1,3,0.67
tBPI,0,1,1,0.0
tBPK,1,0,1,1.0
tBPL,3,5,8,0.38
tBPM,4,2,6,0.67
tBPN,3,6,9,0.33
tBPP,8,11,19,0.42
tBPS,5,3,8,0.62
tBPb,2,3,5,0.4
tBPl,3,4,7,0.43
tBPm,4,3,7,0.57
tBPn,2,3,5,0.4
tBPs,2,1,3,0.67
tBPt,1,1,2,0.5
tBSB,1,1,2,0.5
tBSD,0,1,1,0.0
tBSH,0,2,2,0.0
tBSL,0,0,0,
tBSM,1,1,2,0.5
tBSN,1,3,4,0.25
tBSP,1,3,4,0.25
tBSS,3,2,5,0.6
tBSb,2,2,4,0.5
tBSh,2,0,2,1.0
tBSl,2,1,3,0.67
tBSm,2,0,2,1.0
tBSn,0,1,1,0.0
tBSs,0,1,1,0.0
tBSt,1,0,1,1.0
tBbB,6,6,12,0.5
tBbD,0,1,1,0.0
tBbJ,1,1,2,0.5
tBbK,1,0,1,1.0
tBbL,0,2,2,0.0
tBbM,5,8,13,0.38
tBbN,1,7,8,0.12
tBbP,5,5,10,0.5
tBbS,3,1,4,0.75
tBbb,0,3,3,0.0
tBbl,0,0,0,
tBbm,6,3,9,0.67
tBbn,3,5,8,0.38
tBbs,1,4,5,0.2
tBhB,1,0,1,1.0
tBhH,0,1,1,0.0
tBhP,1,0,1,1.0
tBhh,2,1,3,0.67
tBhm,0,3,3,0.0
tBhn,1,1,2,0.5
tBht,1,1,2,0.5
tBjB,2,1,3,0.67
tBjL,1,1,2,0.5
tBjM,0,4,4,0.0
tBjN,0,2,2,0.0
tBjP,4,1,5,0.8
tBjb,2,2,4,0.5
tBjl,1,0,1,1.0
tBjm,0,1,1,0.0
tBjs,0,2,2,0.0
tBjt,2,0,2,1.0
tBlB,4,1,5,0.8
tBlH,1,2,3,0.33
tBlJ,0,0,0,
tBlL,0,2,2,0.0
tBlM,0,3,3,0.0
tBlN,1,3,4,0.25
tBlP,5,0,5,1.0
tBlS,1,1,2,0.5
tBlb,1,0,1,1.0
tBll,1,1,2,0.5
tBlm,3,0,3,1.0
tBln,2,0,2,1.0
tBls,0,0,0,
tBmB,0,5,5,0.0
tBmH,6,3,9,0.67
tBmI,1,0,1,1.0
tBmJ,1,0,1,1.0
tBmL,1,1,2,0.5
tBmM,3,4,7,0.43
tBmN,2,4,6,0.33
tBmP,7,2,9,0.78
tBmS,1,5,6,0.17
tBmb,2,4,6,0.33
tBml,3,0,3,1.0
tBmm,4,4,8,0.5
tBmn,3,6,9,0.33
tBms,1,3,4,0.25
tBnB,4,6,10,0.4
tBnH,5,2,7,0.71
tBnI,2,1,3,0.67
tBnK,1,1,2,0.5
tBnM,7,5,12,0.58
tBnN,5,10,15,0.33
tBnP,3,7,10,0.3
tBnS,2,3,5,0.4
tBnb,3,6,9,0.33
tBnh,1,0,1,1.0
tBnl,1,6,7,0.14
tBnm,4,5,9,0.44
tBnn,6,5,11,0.55
tBns,3,2,5,0.6
tBsB,0,5,5,0.0
tBsD,0,1,1,0.0
tBsH,4,2,6,0.67
tBsL,1,0,1,1.0
tBsM,3,2,5,0.6
tBsN,2,2,4,0.5
tBsP,2,2,4,0.5
tBsS,1,3,4,0.25
tBsb,3,1,4,0.75
tBsl,1,1,2,0.5
tBsm,1,1,2,0.5
tBsn,1,1,2,0.5
tBss,2,4,6,0.33
tBtB,0,1,1,0.0
tBtL,0,1,1,0.0
tBtM,1,1,2,0.5
tBtN,1,0,1,1.0
tBtP,1,3,4,0.25
tBtS,1,0,1,1.0
tBtm,1,2,3,0.33
tBtn,0,1,1,0.0
tBts,0,2,2,0.0
tBtt,1,0,1,1.0
tDBD,1,0,1,1.0
tDBL,0,0,0,
tDBN,0,2,2,0.0
tDBP,1,0,1,1.0
tDBj,0,0,0,
tDBl,1,1,2,0.5
tDBm,1,1,2,0.5
tDBn,4,0,4,1.0
tDBs,0,1,1,0.0
tDDH,0,0,0,
tDDP,1,0,1,1.0
tDDS,0,2,2,0.0
tDDn,0,1,1,0.0
tDHB,1,1,2,0.5
tDHH,0,1,1,0.0
tDHL,0,1,1,0.0
tDHN,2,1,3,0.67
tDHP,2,1,3,0.67
tDHb,1,1,2,0.5
tDHl,0,0,0,
tDHm,1,1,2,0.5
tDHn,1,0,1,1.0
tDHs,0,1,1,0.0
tDIs,1,1,2,0.5
tDKS,1,0,1,1.0
tDLB,0,1,1,0.0
tDLM,1,0,1,1.0
tDLN,1,0,1,1.0
tDLS,1,1,2,0.5
tDLm,1,0,1,1.0
tDLn,0,1,1,0.0
tDMB,2,3,5,0.4
tDML,0,1,1,0.0
tDMP,1,2,3,0.33
tDMb,2,1,3,0.67
tDMh,1,0,1,1.0
tDMl,0,1,1,0.0
tDMm,3,0,3,1.0
tDMn,0,2,2,0.0
tDNL,0,1,1,0.0
tDNN,1,0,1,1.0
tDNP,1,1,2,0.5
tDNS,0,1,1,0.0
tDNb,1,1,2,0.5
tDNl,1,0,1,1.0
tDNs,1,0,1,1.0
tDNt,1,0,1,1.0
tDPH,2,1,3,0.67
tDPI,1,0,1,1.0
tDPM,1,1,2,0.5
tDPP,2,4,6,0.33
tDPS,0,0,0,
tDPb,2,0,2,1.0
tDPl,1,0,1,1.0
tDPm,2,1,3,0.67
tDPs,0,1,1,0.0
tDSB,0,2,2,0.0
tDSH,0,1,1,0.0
tDSM,0,1,1,0.0
tDSN,0,1,1,0.0
tDSP,1,1,2,0.5
tDSS,1,1,2,0.5
tDSh,1,0,1,1.0
tDSl,1,0,1,1.0
tDSm,0,1,1,0.0
tDSn,1,0,1,1.0
tDbM,0,2,2,0.0
tDbN,2,0,2,1.0
tDbP,2,1,3,0.67
tDbm,0,2,2,0.0
tDbs,2,0,2,1.0
tDhm,0,1,1,0.0
tDlI,1,0,1,1.0
tDlN,0,0,0,
tDlS,2,1,3,0.67
tDlb,1,0,1,1.0
tDls,0,1,1,0.0
tDmB,3,0,3,1.0
tDmD,1,0,1,1.0
tDmH,0,1,1,0.0
tDmJ,0,0,0,
tDmL,1,0,1,1.0
tDmM,0,2,2,0.0
tDmN,1,1,2,0.5
tDmP,1,1,2,0.5
tDmb,0,2,2,0.0
tDml,0,2,2,0.0
tDmm,1,2,3,0.33
tDms,3,1,4,0.75
tDnB,0,1,1,0.0
tDnH,1,0,1,1.0
tDnM,1,0,1,1.0
tDnN,1,2,3,0.33
tDnS,2,0,2,1.0
tDnb,1,1,2,0.5
tDnl,1,0,1,1.0
tDnm,0,1,1,0.0
tDnn,1,1,2,0.5
tDns,1,0,1,1.0
tDsB,2,0,2,1.0
tDsH,0,1,1,0.0
tDsL,1,0,1,1.0
tDsM,0,2,2,0.0
tDsN,0,1,1,0.0
tDsP,1,0,1,1.0
tDsS,0,3,3,0.0
tDsb,1,0,1,1.0
tDsl,1,0,1,1.0
tDsm,1,0,1,1.0
tDss,2,2,4,0.5
tDtn,0,0,0,
tHBB,1,1,2,0.5
tHBD,0,1,1,0.0
tHBK,1,0,1,1.0
tHBL,1,2,3,0.33
tHBM,1,3,4,0.25
tHBN,2,2,4,0.5
tHBP,3,3,6,0.5
tHBS,0,2,2,0.0
tHBb,6,0,6,1.0
tHBj,1,1,2,0.5
tHBm,0,3,3,0.0
tHBn,4,6,10,0.4
tHBs,3,1,4,0.75
tHDB,1,0,1,1.0
tHDH,0,0,0,
tHDL,2,0,2,1.0
tHDM,0,2,2,0.0
tHDP,1,0,1,1.0
tHDS,0,1,1,0.0
tHDb,1,1,2,0.5
tHDl,0,1,1,0.0
tHDm,1,0,1,1.0
tHDn,0,1,1,0.0
tHDs,1,1,2,0.5
tHHB,1,2,3,0.33
tHHN,0,1,1,0.0
tHHP,0,1,1,0.0
tHHS,2,1,3,0.67
tHHb,3,0,3,1.0
tHHh,1,1,2,0.5
tHHn,2,0,2,1.0
tHHs,2,0,2,1.0
tHIM,0,2,2,0.0
tHIP,0,1,1,0.0
tHIS,2,1,3,0.67
tHIb,0,1,1,0.0
tHIn,1,0,1,1.0
tHIs,1,1,2,0.5
tHKB,1,0,1,1.0
tHKP,1,1,2,0.5
tHKb,0,1,1,0.0
tHLB,1,2,3,0.33
tHLH,1,0,1,1.0
tHLM,3,3,6,0.5
tHLP,2,1,3,0.67
tHLS,1,4,5,0.2
tHLj,0,1,1,0.0
tHLm,1,1,2,0.5
tHLn,1,2,3,0.33
tHLs,1,0,1,1.0
tHLt,0,1,1,0.0
tHMB,2,1,3,0.67
tHMD,2,0,2,1.0
tHMI,1,0,1,1.0
tHML,0,5,5,0.0
tHMM,2,5,7,0.29
tHMN,3,2,5,0.6
tHMP,4,3,7,0.57
tHMS,3,2,5,0.6
tHMb,2,4,6,0.33
tHMh,0,0,0,
tHMl,2,0,2,1.0
tHMm,2,3,5,0.4
tHMn,4,4,8,0.5
tHMs,2,1,3,0.67
tHMt,1,0,1,1.0
tHNB,2,2,4,0.5
tHND,1,1,2,0.5
tHNH,1,0,1,1.0
tHNK,1,1,2,0.5
tHNL,1,2,3,0.33
tHNM,0,3,3,0.0
tHNN,1,3,4,0.25
tHNP,0,3,3,0.0
tHNS,5,3,8,0.62
tHNb,6,7,13,0.46
tHNh,1,2,3,0.33
tHNl,1,6,7,0.14
tHNm,2,2,4,0.5
tHNn,5,5,10,0.5
tHNs,0,1,1,0.0
tHNt,0,0,0,
tHPB,2,1,3,0.67
tHPH,3,0,3,1.0
tHPK,0,1,1,0.0
tHPL,2,0,2,1.0
tHPM,4,6,10,0.4
tHPN,3,7,10,0.3
tHPP,4,7,11,0.36
tHPS,4,7,11,0.36
tHPb,6,1,7,0.86
tHPh,3,1,4,0.75
tHPl,2,2,4,0.5
tHPm,2,4,6,0.33
tHPn,5,2,7,0.71
tHPs,2,2,4,0.5
tHPt,1,0,1,1.0
tHSB,2,1,3,0.67
tHSD,1,1,2,0.5
tHSH,0,0,0,
tHSL,0,2,2,0.0
tHSM,0,2,2,0.0
tHSN,1,1,2,0.5
tHSP,1,3,4,0.25
tHSS,2,3,5,0.4
tHSb,1,3,4,0.25
tHSh,1,2,3,0.33
tHSl,1,1,2,0.5
tHSm,1,2,3,0.33
tHSn,7,1,8,0.88
tHSs,2,2,4,0.5
tHbB,1,2,3,0.33
tHbK,0,1,1,0.0
tHbL,1,1,2,0.5
tHbM,3,2,5,0.6
tHbN,2,0,2,1.0
tHbP,4,0,4,1.0
tHbS,1,1,2,0.5
tHbb,3,2,5,0.6
tHbl,1,3,4,0.25
tHbm,3,2,5,0.6
tHbn,4,2,6,0.67
tHbs,7,1,8,0.88
tHhB,2,0,2,1.0
tHhH,0,1,1,0.0
tHhL,2,0,2,1.0
tHhM,0,4,4,0.0
tHhN,2,0,2,1.0
tHhP,4,3,7,0.57
tHhS,0,0,0,
tHhb,1,0,1,1.0
tHhh,2,2,4,0.5
tHhl,0,1,1,0.0
tHhm,2,0,2,1.0
tHhn,2,1,3,0.67
tHhs,3,2,5,0.6
tHlB,4,0,4,1.0
tHlH,1,2,3,0.33
tHlI,1,0,1,1.0
tHlM,2,4,6,0.33
tHlN,1,5,6,0.17
tHlP,2,1,3,0.67
tHlS,1,0,1,1.0
tHlb,1,1,2,0.5
tHll,1,1,2,0.5
tHlm,0,2,2,0.0
tHln,2,2,4,0.5
tHls,2,0,2,1.0
tHmB,2,2,4,0.5
tHmD,2,0,2,1.0
tHmH,1,5,6,0.17
tHmJ,0,1,1,0.0
tHmL,1,0,1,1.0
tHmM,2,3,5,0.4
tHmN,5,6,11,0.45
tHmP,5,9,14,0.36
tHmS,1,4,5,0.2
tHmb,3,2,5,0.6
tHml,2,1,3,0.67
tHmm,2,0,2,1.0
tHmn,3,4,7,0.43
tHms,1,2,3,0.33
tHnB,4,2,6,0.67
tHnD,1,0,1,1.0
tHnH,2,2,4,0.5
tHnI,2,1,3,0.67
tHnK,1,1,2,0.5
tHnL,3,0,3,1.0
tHnM,3,6,9,0.33
tHnN,8,4,12,0.67
tHnP,2,3,5,0.4
tHnS,1,2,3,0.33
tHnb,4,5,9,0.44
tHnl,4,1,5,0.8
tHnm,2,2,4,0.5
tHnn,0,7,7,0.0
tHns,2,2,4,0.5
tHsD,0,1,1,0.0
tHsH,1,4,5,0.2
tHsL,1,3,4,0.25
tHsM,4,1,5,0.8
tHsN,1,3,4,0.25
tHsP,3,4,7,0.43
tHsS,2,3,5,0.4
tHsb,2,0,2,1.0
tHsl,2,1,3,0.67
tHsm,1,3,4,0.25
tHsn,0,2,2,0.0
tHss,3,2,5,0.6
tHtM,0,1,1,0.0
tHtP,2,0,2,1.0
tHtm,1,0,1,1.0
tHtn,0,1,1,0.0
tIBn,0,1,1,0.0
tIDB,0,1,1,0.0
tIDP,0,1,1,0.0
tIHL,1,0,1,1.0
tIIb,1,0,1,1.0
tIMN,0,2,2,0.0
tIMm,0,0,0,
tIMs,1,0,1,1.0
tINB,1,0,1,1.0
tINP,1,0,1,1.0
tIPM,1,0,1,1.0
tIPP,1,0,1,1.0
tIPb,1,0,1,1.0
tIPm,0,1,1,0.0
tISP,0,0,0,
tISS,0,1,1,0.0
tISl,0,1,1,0.0
tISm,0,0,0,
tISn,0,1,1,0.0
tIbM,1,2,3,0.33
tIbN,2,0,2,1.0
tIbn,1,0,1,1.0
tIbs,0,1,1,0.0
tIlP,1,0,1,1.0
tIlb,1,0,1,1.0
tImB,0,1,1,0.0
tImM,2,0,2,1.0
tImS,1,0,1,1.0
tInH,0,1,1,0.0
tInM,0,0,0,
tIsm,1,0,1,1.0
tItN,1,0,1,1.0
tKBB,0,1,1,0.0
tKBL,0,1,1,0.0
tKBP,1,0,1,1.0
tKBm,1,0,1,1.0
tKBt,1,0,1,1.0
tKDM,0,0,0,
tKDS,1,0,1,1.0
tKHb,0,1,1,0.0
tKHn,0,0,0,
tKLL,1,0,1,1.0
tKLh,1,0,1,1.0
tKLm,1,0,1,1.0
tKLn,0,0,0,
tKMB,1,0,1,1.0
tKMD,0,1,1,0.0
tKMM,0,1,1,0.0
tKMN,2,1,3,0.67
tKMP,1,1,2,0.5
tKMS,1,0,1,1.0
tKMb,3,0,3,1.0
tKMl,1,0,1,1.0
tKMm,1,0,1,1.0
tKMn,0,1,1,0.0
tKNB,2,0,2,1.0
tKNP,0,2,2,0.0
tKPB,0,1,1,0.0
tKPL,0,1,1,0.0
tKPM,1,0,1,1.0
tKPN,1,1,2,0.5
tKPP,1,0,1,1.0
tKPS,1,0,1,1.0
tKPb,1,1,2,0.5
tKPm,0,0,0,
tKPn,1,1,2,0.5
tKSM,0,0,0,
tKSN,0,1,1,0.0
tKSP,1,0,1,1.0
tKSS,0,1,1,0.0
tKSb,1,2,3,0.33
tKSh,1,0,1,1.0
tKSm,0,1,1,0.0
tKSn,1,1,2,0.5
tKSs,2,1,3,0.67
tKbK,1,0,1,1.0
tKbM,0,1,1,0.0
tKbN,1,0,1,1.0
tKbP,1,0,1,1.0
tKbn,0,1,1,0.0
tKhB,0,0,0,
tKhL,0,1,1,0.0
tKhP,1,0,1,1.0
tKhS,1,1,2,0.5
tKhs,0,0,0,
tKlB,0,1,1,0.0
tKlL,1,0,1,1.0
tKlM,0,2,2,0.0
tKlb,0,1,1,0.0
tKmH,0,2,2,0.0
tKmJ,0,0,0,
tKmb,0,2,2,0.0
tKmm,1,0,1,1.0
tKms,0,1,1,0.0
tKnP,1,0,1,1.0
tKnm,0,0,0,
tKns,1,1,2,0.5
tKsM,0,1,1,0.0
tKsN,3,0,3,1.0
tKsn,1,0,1,1.0
tLBB,4,5,9,0.44
tLBD,0,0,0,
tLBL,0,1,1,0.0
tLBM,1,0,1,1.0
tLBN,2,2,4,0.5
tLBP,1,4,5,0.2
tLBS,0,1,1,0.0
tLBb,3,3,6,0.5
tLBj,0,1,1,0.0
tLBl,1,0,1,1.0
tLBm,4,0,4,1.0
tLBn,1,2,3,0.33
tLBs,0,2,2,0.0
tLBt,1,0,1,1.0
tLDN,0,1,1,0.0
tLDl,0,1,1,0.0
tLKB,0,1,1,0.0
tLKN,1,1,2,0.5
tLKh,0,0,0,
tLLB,1,1,2,0.5
tLLH,0,1,1,0.0
tLLM,1,0,1,1.0
tLLN,0,3,3,0.0
tLLP,2,1,3,0.67
tLLS,1,0,1,1.0
tLLb,1,0,1,1.0
tLLj,1,0,1,1.0
tLLl,0,1,1,0.0
tLLm,0,1,1,0.0
tLLn,1,1,2,0.5
tLLt,0,1,1,0.0
tLMB,1,5,6,0.17
tLMD,0,1,1,0.0
tLML,1,1,2,0.5
tLMM,1,3,4,0.25
tLMN,2,2,4,0.5
tLMP,2,3,5,0.4
tLMS,1,0,1,1.0
tLMb,1,2,3,0.33
tLMh,1,3,4,0.25
tLMj,0,2,2,0.0
tLMl,0,1,1,0.0
tLMm,4,3,7,0.57
tLMn,3,3,6,0.5
tLMs,1,2,3,0.33
tLMt,0,0,0,
tLNB,2,1,3,0.67
tLND,0,1,1,0.0
tLNK,0,2,2,0.0
tLNM,0,1,1,0.0
tLNN,2,8,10,0.2
tLNP,2,3,5,0.4
tLNS,0,2,2,0.0
tLNb,2,0,2,1.0
tLNh,1,2,3,0.33
tLNl,2,1,3,0.67
tLNm,5,0,5,1.0
tLNn,5,3,8,0.62
tLNs,1,1,2,0.5
tLPB,3,1,4,0.75
tLPH,1,0,1,1.0
tLPL,1,0,1,1.0
tLPM,3,3,6,0.5
tLPN,2,6,8,0.25
tLPP,5,5,10,0.5
tLPS,4,2,6,0.67
tLPb,1,2,3,0.33
tLPl,0,2,2,0.0
tLPm,3,2,5,0.6
tLPn,4,3,7,0.57
tLPs,3,2,5,0.6
tLSB,2,1,3,0.67
tLSL,1,1,2,0.5
tLSM,0,1,1,0.0
tLSN,1,1,2,0.5
tLSP,3,1,4,0.75
tLSS,1,0,1,1.0
tLSb,0,2,2,0.0
tLSh,2,0,2,1.0
tLSl,1,0,1,1.0
tLSm,1,0,1,1.0
tLSn,2,1,3,0.67
tLSs,2,1,3,0.67
tLSt,1,0,1,1.0
tLbB,4,2,6,0.67
tLbJ,0,0,0,
tLbK,0,0,0,
tLbL,2,1,3,0.67
tLbM,5,3,8,0.62
tLbN,5,3,8,0.62
tLbP,2,1,3,0.67
tLbS,3,3,6,0.5
tLbb,5,3,8,0.62
tLbl,2,1,3,0.67
tLbm,1,3,4,0.25
tLbn,1,2,3,0.33
tLbs,2,1,3,0.67
tLhB,2,1,3,0.67
tLhL,1,1,2,0.5
tLhM,2,2,4,0.5
tLhN,3,0,3,1.0
tLhP,1,0,1,1.0
tLhS,1,1,2,0.5
tLhb,1,0,1,1.0
tLhh,1,0,1,1.0
tLhn,2,1,3,0.67
tLhs,2,1,3,0.67
tLjB,0,0,0,
tLjL,3,1,4,0.75
tLjN,0,0,0,
tLjS,2,1,3,0.67
tLjb,1,0,1,1.0
tLjn,0,1,1,0.0
tLjs,0,0,0,
tLlB,2,0,2,1.0
tLlD,0,0,0,
tLlH,1,1,2,0.5
tLlM,1,0,1,1.0
tLlN,2,2,4,0.5
tLlP,0,1,1,0.0
tLlS,0,1,1,0.0
tLlb,2,0,2,1.0
tLlm,2,2,4,0.5
tLln,0,2,2,0.0
tLls,1,0,1,1.0
tLmB,1,1,2,0.5
tLmD,1,0,1,1.0
tLmH,2,3,5,0.4
tLmJ,0,0,0,
tLmL,0,1,1,0.0
tLmM,3,4,7,0.43
tLmN,1,3,4,0.25
tLmP,1,0,1,1.0
tLmS,3,2,5,0.6
tLmb,2,0,2,1.0
tLml,1,1,2,0.5
tLmm,1,2,3,0.33
tLmn,4,1,5,0.8
tLms,0,1,1,0.0
tLnB,2,2,4,0.5
tLnD,0,0,0,
tLnH,1,2,3,0.33
tLnI,1,0,1,1.0
tLnK,0,0,0,
tLnL,1,1,2,0.5
tLnM,2,3,5,0.4
tLnN,1,2,3,0.33
tLnP,6,2,8,0.75
tLnS,5,3,8,0.62
tLnb,1,2,3,0.33
tLnh,1,0,1,1.0
tLnl,1,2,3,0.33
tLnm,0,1,1,0.0
tLnn,0,3,3,0.0
tLns,1,2,3,0.33
tLsH,1,2,3,0.33
tLsL,0,1,1,0.0
tLsN,3,3,6,0.5
tLsP,2,1,3,0.67
tLsS,0,3,3,0.0
tLsb,3,1,4,0.75
tLsl,0,0,0,
tLsm,2,0,2,1.0
tLsn,1,0,1,1.0
tLss,0,0,0,
tLtB,1,0,1,1.0
tLtN,1,2,3,0.33
tLtb,0,2,2,0.0
tLtl,1,0,1,1.0
tLtn,2,1,3,0.67
tMBB,2,6,8,0.25
tMBK,0,1,1,0.0
tMBL,2,0,2,1.0
tMBM,2,5,7,0.29
tMBN,7,4,11,0.64
tMBP,4,6,10,0.4
tMBS,1,4,5,0.2
tMBb,8,4,12,0.67
tMBj,0,1,1,0.0
tMBl,2,0,2,1.0
tMBm,6,2,8,0.75
tMBn,10,11,21,0.48
tMBs,2,0,2,1.0
tMBt,1,1,2,0.5
tMDB,2,0,2,1.0
tMDH,0,1,1,0.0
tMDL,1,0,1,1.0
tMDM,0,2,2,0.0
tMDP,1,0,1,1.0
tMDb,0,1,1,0.0
tMDl,0,1,1,0.0
tMDm,0,0,0,
tMDn,0,1,1,0.0
tMHI,0,1,1,0.0
tMHm,1,0,1,1.0
tMKN,0,1,1,0.0
tMKS,0,1,1,0.0
tMLB,0,2,2,0.0
tMLD,1,0,1,1.0
tMLM,2,3,5,0.4
tMLN,5,4,9,0.56
tMLP,1,7,8,0.12
tMLS,1,1,2,0.5
tMLb,1,2,3,0.33
tMLm,5,1,6,0.83
tMLn,2,2,4,0.5
tMMB,0,5,5,0.0
tMMD,1,1,2,0.5
tMML,0,1,1,0.0
tMMM,9,5,14,0.64
tMMN,4,7,11,0.36
tMMP,7,4,11,0.64
tMMS,4,5,9,0.44
tMMb,3,6,9,0.33
tMMh,3,0,3,1.0
tMMj,4,1,5,0.8
tMMl,0,2,2,0.0
tMMm,6,5,11,0.55
tMMn,3,3,6,0.5
tMMs,5,4,9,0.56
tMMt,0,1,1,0.0
tMNB,3,4,7,0.43
tMNH,0,1,1,0.0
tMNL,2,2,4,0.5
tMNM,3,4,7,0.43
tMNN,9,3,12,0.75
tMNP,12,17,29,0.41
tMNS,2,4,6,0.33
tMNb,7,8,15,0.47
tMNh,4,2,6,0.67
tMNl,1,1,2,0.5
tMNm,3,3,6,0.5
tMNn,10,5,15,0.67
tMNs,1,2,3,0.33
tMNt,0,1,1,0.0
tMPB,3,12,15,0.2
tMPD,0,0,0,
tMPH,0,2,2,0.0
tMPI,1,1,2,0.5
tMPK,0,2,2,0.0
tMPL,1,0,1,1.0
tMPM,6,5,11,0.55
tMPN,5,6,11,0.45
tMPP,4,13,17,0.24
tMPS,5,7,12,0.42
tMPb,11,8,19,0.58
tMPh,1,1,2,0.5
tMPl,4,5,9,0.44
tMPm,3,3,6,0.5
tMPn,10,4,14,0.71
tMPs,6,5,11,0.55
tMPt,0,1,1,0.0
tMSB,2,2,4,0.5
tMSD,0,0,0,
tMSH,0,0,0,
tMSM,8,3,11,0.73
tMSN,4,2,6,0.67
tMSP,3,5,8,0.38
tMSS,6,3,9,0.67
tMSb,7,3,10,0.7
tMSh,3,1,4,0.75
tMSl,1,0,1,1.0
tMSm,4,3,7,0.57
tMSn,7,7,14,0.5
tMSs,0,3,3,0.0
tMSt,1,1,2,0.5
tMbB,9,7,16,0.56
tMbD,1,1,2,0.5
tMbH,0,1,1,0.0
tMbI,1,0,1,1.0
tMbJ,2,1,3,0.67
tMbK,1,0,1,1.0
tMbL,5,4,9,0.56
tMbM,5,6,11,0.45
tMbN,7,9,16,0.44
tMbP,10,9,19,0.53
tMbS,2,4,6,0.33
tMbb,6,5,11,0.55
tMbl,0,1,1,0.0
tMbm,3,4,7,0.43
tMbn,1,3,4,0.25
tMbs,0,2,2,0.0
tMhB,1,6,7,0.14
tMhD,1,0,1,1.0
tMhH,2,2,4,0.5
tMhI,1,0,1,1.0
tMhK,0,1,1,0.0
tMhL,2,1,3,0.67
tMhM,4,5,9,0.44
tMhN,1,4,5,0.2
tMhP,13,7,20,0.65
tMhS,3,3,6,0.5
tMhb,7,3,10,0.7
tMhh,1,3,4,0.25
tMhl,1,4,5,0.2
tMhm,2,1,3,0.67
tMhn,2,5,7,0.29
tMhs,4,2,6,0.67
tMht,0,0,0,
tMjB,1,0,1,1.0
tMjL,0,1,1,0.0
tMjM,1,0,1,1.0
tMjN,1,1,2,0.5
tMjP,1,2,3,0.33
tMjS,1,0,1,1.0
tMjb,1,2,3,0.33
tMjh,0,1,1,0.0
tMjl,2,1,3,0.67
tMjm,1,1,2,0.5
tMjn,0,1,1,0.0
tMjs,0,1,1,0.0
tMjt,1,0,1,1.0
tMlB,1,4,5,0.2
tMlH,1,3,4,0.25
tMlJ,0,3,3,0.0
tMlK,1,0,1,1.0
tMlL,2,2,4,0.5
tMlM,3,4,7,0.43
tMlN,2,2,4,0.5
tMlP,2,0,2,1.0
tMlS,0,3,3,0.0
tMlb,5,0,5,1.0
tMll,0,3,3,0.0
tMlm,4,1,5,0.8
tMln,1,2,3,0.33
tMls,3,1,4,0.75
tMmB,4,6,10,0.4
tMmD,0,2,2,0.0
tMmH,6,5,11,0.55
tMmI,0,2,2,0.0
tMmJ,2,1,3,0.67
tMmK,0,1,1,0.0
tMmL,1,2,3,0.33
tMmM,8,4,12,0.67
tMmN,7,9,16,0.44
tMmP,9,4,13,0.69
tMmS,5,3,8,0.62
tMmb,5,5,10,0.5
tMml,2,3,5,0.4
tMmm,1,2,3,0.33
tMmn,6,5,11,0.55
tMms,2,3,5,0.4
tMnB,5,4,9,0.56
tMnH,4,6,10,0.4
tMnI,1,0,1,1.0
tMnL,2,2,4,0.5
tMnM,9,6,15,0.6
tMnN,13,8,21,0.62
tMnP,9,10,19,0.47
tMnS,8,8,16,0.5
tMnb,8,8,16,0.5
tMnh,0,1,1,0.0
tMnl,1,5,6,0.17
tMnm,5,3,8,0.62
tMnn,10,11,21,0.48
tMns,6,5,11,0.55
tMsB,1,3,4,0.25
tMsD,0,1,1,0.0
tMsH,4,3,7,0.57
tMsI,1,0,1,1.0
tMsL,2,0,2,1.0
tMsM,3,4,7,0.43
tMsN,4,7,11,0.36
tMsP,4,3,7,0.57
tMsS,5,6,11,0.45
tMsb,0,1,1,0.0
tMsh,0,0,0,
tMsl,1,0,1,1.0
tMsm,8,2,10,0.8
tMsn,3,5,8,0.38
tMss,2,1,3,0.67
tMtD,1,0,1,1.0
tMtH,0,1,1,0.0
tMtL,2,0,2,1.0
tMtM,1,0,1,1.0
tMtN,1,1,2,0.5
tMtP,2,1,3,0.67
tMtb,0,0,0,
tMtl,0,1,1,0.0
tMtm,1,0,1,1.0
tMtn,1,0,1,1.0
tMts,0,1,1,0.0
tNBB,4,8,12,0.33
tNBK,0,1,1,0.0
tNBL,2,3,5,0.4
tNBM,4,3,7,0.57
tNBN,6,1,7,0.86
tNBP,5,8,13,0.38
tNBS,4,1,5,0.8
tNBb,5,1,6,0.83
tNBh,0,1,1,0.0
tNBj,2,3,5,0.4
tNBl,1,2,3,0.33
tNBm,4,9,13,0.31
tNBn,4,3,7,0.57
tNBs,3,2,5,0.6
tNBt,1,1,2,0.5
tNDB,0,1,1,0.0
tNDD,1,1,2,0.5
tNDH,1,1,2,0.5
tNDM,0,1,1,0.0
tNDN,2,0,2,1.0
tNDP,0,1,1,0.0
tNDS,1,3,4,0.25
tNDm,1,1,2,0.5
tNDn,1,1,2,0.5
tNDs,0,1,1,0.0
tNHB,1,2,3,0.33
tNHM,1,0,1,1.0
tNHN,1,1,2,0.5
tNHP,0,2,2,0.0
tNHS,0,0,0,
tNHb,1,0,1,1.0
tNHl,0,1,1,0.0
tNHm,1,0,1,1.0
tNHs,1,0,1,1.0
tNII,1,0,1,1.0
tNIP,1,0,1,1.0
tNIS,0,0,0,
tNKN,1,0,1,1.0
tNKP,0,0,0,
tNKb,0,1,1,0.0
tNKl,0,1,1,0.0
tNKm,0,1,1,0.0
tNKn,1,0,1,1.0
tNKs,1,0,1,1.0
tNLB,5,2,7,0.71
tNLL,1,1,2,0.5
tNLM,3,5,8,0.38
tNLN,2,3,5,0.4
tNLP,1,2,3,0.33
tNLS,2,1,3,0.67
tNLb,2,3,5,0.4
tNLj,1,2,3,0.33
tNLn,0,4,4,0.0
tNLs,1,0,1,1.0
tNLt,0,0,0,
tNMB,3,10,13,0.23
tNMD,1,1,2,0.5
tNML,2,1,3,0.67
tNMM,2,6,8,0.25
tNMN,10,3,13,0.77
tNMP,5,13,18,0.28
tNMS,0,4,4,0.0
tNMb,7,8,15,0.47
tNMh,2,3,5,0.4
tNMj,0,2,2,0.0
tNMl,4,4,8,0.5
tNMm,5,6,11,0.45
tNMn,10,7,17,0.59
tNMs,7,3,10,0.7
tNMt,0,2,2,0.0
tNNB,3,8,11,0.27
tNND,0,1,1,0.0
tNNH,0,1,1,0.0
tNNK,1,0,1,1.0
tNNL,1,1,2,0.5
tNNM,4,9,13,0.31
tNNN,3,6,9,0.33
tNNP,13,10,23,0.57
tNNS,6,6,12,0.5
tNNb,5,3,8,0.62
tNNh,2,4,6,0.33
tNNl,1,4,5,0.2
tNNm,10,5,15,0.67
tNNn,9,8,17,0.53
tNNs,5,6,11,0.45
tNNt,2,1,3,0.67
tNPB,3,5,8,0.38
tNPH,3,1,4,0.75
tNPI,2,1,3,0.67
tNPK,1,1,2,0.5
tNPL,6,7,13,0.46
tNPM,6,10,16,0.38
tNPN,9,8,17,0.53
tNPP,13,15,28,0.46
tNPS,10,6,16,0.62
tNPb,5,10,15,0.33
tNPh,0,1,1,0.0
tNPl,3,5,8,0.38
tNPm,8,13,21,0.38
tNPn,11,6,17,0.65
tNPs,6,2,8,0.75
tNPt,3,0,3,1.0
tNSB,1,4,5,0.2
tNSD,0,0,0,
tNSH,0,1,1,0.0
tNSL,3,3,6,0.5
tNSM,2,9,11,0.18
tNSN,2,1,3,0.67
tNSP,7,7,14,0.5
tNSS,4,4,8,0.5
tNSb,3,3,6,0.5
tNSh,1,3,4,0.25
tNSl,1,2,3,0.33
tNSm,5,4,9,0.56
tNSn,11,9,20,0.55
tNSs,6,4,10,0.6
tNbB,2,4,6,0.33
tNbH,4,0,4,1.0
tNbI,0,1,1,0.0
tNbJ,1,0,1,1.0
tNbK,1,2,3,0.33
tNbL,2,0,2,1.0
tNbM,6,2,8,0.75
tNbN,9,3,12,0.75
tNbP,8,3,11,0.73
tNbS,5,1,6,0.83
tNbb,8,3,11,0.73
tNbl,3,4,7,0.43
tNbm,6,6,12,0.5
tNbn,4,1,5,0.8
tNbs,4,3,7,0.57
tNhB,1,1,2,0.5
tNhH,1,0,1,1.0
tNhL,2,1,3,0.67
tNhM,0,0,0,
tNhN,0,2,2,0.0
tNhP,2,4,6,0.33
tNhS,2,1,3,0.67
tNhb,1,2,3,0.33
tNhh,3,2,5,0.6
tNhm,3,1,4,0.75
tNhn,1,5,6,0.17
tNhs,3,1,4,0.75
tNht,0,1,1,0.0
tNlB,4,2,6,0.67
tNlH,1,2,3,0.33
tNlJ,1,2,3,0.33
tNlL,1,0,1,1.0
tNlM,3,2,5,0.6
tNlN,4,2,6,0.67
tNlP,4,4,8,0.5
tNlS,1,2,3,0.33
tNlb,3,2,5,0.6
tNll,1,1,2,0.5
tNlm,0,1,1,0.0
tNln,3,1,4,0.75
tNls,1,2,3,0.33
tNmB,6,8,14,0.43
tNmD,1,1,2,0.5
tNmH,3,4,7,0.43
tNmI,2,1,3,0.67
tNmJ,2,0,2,1.0
tNmL,0,1,1,0.0
tNmM,4,4,8,0.5
tNmN,5,7,12,0.42
tNmP,4,9,13,0.31
tNmS,2,2,4,0.5
tNmb,5,8,13,0.38
tNml,1,4,5,0.2
tNmm,6,1,7,0.86
tNmn,4,8,12,0.33
tNms,2,3,5,0.4
tNnB,11,4,15,0.73
tNnD,1,0,1,1.0
tNnH,5,5,10,0.5
tNnI,1,2,3,0.33
tNnL,0,2,2,0.0
tNnM,12,14,26,0.46
tNnN,6,10,16,0.38
tNnP,9,10,19,0.47
tNnS,2,9,11,0.18
tNnb,7,9,16,0.44
tNnl,5,4,9,0.56
tNnm,5,9,14,0.36
tNnn,7,9,16,0.44
tNns,9,3,12,0.75
tNsB,3,0,3,1.0
tNsD,0,1,1,0.0
tNsH,3,1,4,0.75
tNsI,0,0,0,
tNsL,1,3,4,0.25
tNsM,2,3,5,0.4
tNsN,2,3,5,0.4
tNsP,6,13,19,0.32
tNsS,7,7,14,0.5
tNsb,3,4,7,0.43
tNsl,0,3,3,0.0
tNsm,4,2,6,0.67
tNsn,3,5,8,0.38
tNss,2,3,5,0.4
tNtB,1,1,2,0.5
tNtD,0,1,1,0.0
tNtL,0,1,1,0.0
tNtM,2,1,3,0.67
tNtP,2,3,5,0.4
tNtS,2,1,3,0.67
tNtb,1,2,3,0.33
tNtm,2,0,2,1.0
tNtn,1,1,2,0.5
tPBB,7,10,17,0.41
tPBD,2,2,4,0.5
tPBK,0,2,2,0.0
tPBL,0,4,4,0.0
tPBM,5,11,16,0.31
tPBN,8,6,14,0.57
tPBP,10,4,14,0.71
tPBS,0,4,4,0.0
tPBb,3,2,5,0.6
tPBh,0,1,1,0.0
tPBj,1,2,3,0.33
tPBl,2,1,3,0.67
tPBm,9,10,19,0.47
tPBn,5,6,11,0.45
tPBs,5,2,7,0.71
tPBt,1,0,1,1.0
tPDD,0,0,0,
tPDH,1,1,2,0.5
tPDL,0,0,0,
tPDS,1,1,2,0.5
tPDb,1,0,1,1.0
tPDl,0,3,3,0.0
tPDm,0,1,1,0.0
tPDn,2,0,2,1.0
tPDs,1,1,2,0.5
tPDt,1,0,1,1.0
tPHB,2,3,5,0.4
tPHL,0,1,1,0.0
tPHM,3,1,4,0.75
tPHN,3,1,4,0.75
tPHP,5,5,10,0.5
tPHS,4,1,5,0.8
tPHb,4,2,6,0.67
tPHh,0,2,2,0.0
tPHl,0,2,2,0.0
tPHm,1,3,4,0.25
tPHn,2,2,4,0.5
tPHs,2,1,3,0.67
tPHt,1,0,1,1.0
tPIB,0,2,2,0.0
tPID,0,1,1,0.0
tPIH,1,1,2,0.5
tPIM,1,2,3,0.33
tPIP,2,1,3,0.67
tPIb,0,3,3,0.0
tPIl,1,0,1,1.0
tPIm,1,1,2,0.5
tPKB,2,0,2,1.0
tPKH,1,0,1,1.0
tPKM,0,1,1,0.0
tPKP,1,0,1,1.0
tPKS,0,1,1,0.0
tPKb,0,0,0,
tPKh,2,1,3,0.67
tPKl,0,1,1,0.0
tPKm,1,0,1,1.0
tPKs,0,1,1,0.0
tPLB,2,2,4,0.5
tPLD,1,0,1,1.0
tPLK,0,1,1,0.0
tPLL,2,3,5,0.4
tPLM,4,5,9,0.44
tPLN,1,2,3,0.33
tPLP,3,6,9,0.33
tPLS,3,4,7,0.43
tPLb,4,1,5,0.8
tPLh,2,1,3,0.67
tPLj,0,1,1,0.0
tPLl,2,5,7,0.29
tPLm,7,6,13,0.54
tPLn,3,4,7,0.43
tPLs,2,3,5,0.4
tPLt,2,0,2,1.0
tPMB,9,11,20,0.45
tPML,3,0,3,1.0
tPMM,11,7,18,0.61
tPMN,8,2,10,0.8
tPMP,6,13,19,0.32
tPMS,4,2,6,0.67
tPMb,7,9,16,0.44
tPMh,2,7,9,0.22
tPMj,3,4,7,0.43
tPMl,6,7,13,0.46
tPMm,12,4,16,0.75
tPMn,11,12,23,0.48
tPMs,5,5,10,0.5
tPNB,3,9,12,0.25
tPND,0,2,2,0.0
tPNH,2,0,2,1.0
tPNL,4,2,6,0.67
tPNM,9,8,17,0.53
tPNN,9,8,17,0.53
tPNP,12,8,20,0.6
tPNS,5,5,10,0.5
tPNb,15,4,19,0.79
tPNh,2,4,6,0.33
tPNl,8,5,13,0.62
tPNm,6,9,15,0.4
tPNn,11,7,18,0.61
tPNs,8,6,14,0.57
tPNt,1,0,1,1.0
tPPB,7,10,17,0.41
tPPD,1,0,1,1.0
tPPH,2,3,5,0.4
tPPI,1,2,3,0.33
tPPK,0,1,1,0.0
tPPL,6,13,19,0.32
tPPM,9,14,23,0.39
tPPN,16,9,25,0.64
tPPP,23,20,43,0.53
tPPS,7,14,21,0.33
tPPb,15,12,27,0.56
tPPh,1,2,3,0.33
tPPl,6,8,14,0.43
tPPm,14,18,32,0.44
tPPn,15,13,28,0.54
tPPs,8,8,16,0.5
tPPt,2,1,3,0.67
tPSB,5,8,13,0.38
tPSD,0,2,2,0.0
tPSH,1,1,2,0.5
tPSL,1,3,4,0.25
tPSM,3,6,9,0.33
tPSN,6,4,10,0.6
tPSP,6,6,12,0.5
tPSS,9,6,15,0.6
tPSb,4,2,6,0.67
tPSh,4,3,7,0.57
tPSl,6,5,11,0.55
tPSm,4,7,11,0.36
tPSn,4,8,12,0.33
tPSs,3,4,7,0.43
tPSt,1,0,1,1.0
tPbB,9,11,20,0.45
tPbD,2,2,4,0.5
tPbH,4,1,5,0.8
tPbI,0,1,1,0.0
tPbJ,3,1,4,0.75
tPbL,2,2,4,0.5
tPbM,6,10,16,0.38
tPbN,12,9,21,0.57
tPbP,9,13,22,0.41
tPbS,7,4,11,0.64
tPbb,9,11,20,0.45
tPbh,0,1,1,0.0
tPbl,2,2,4,0.5
tPbm,3,10,13,0.23
tPbn,6,10,16,0.38
tPbs,2,6,8,0.25
tPhB,1,1,2,0.5
tPhM,3,2,5,0.6
tPhN,1,0,1,1.0
tPhP,1,2,3,0.33
tPhS,1,1,2,0.5
tPhb,3,0,3,1.0
tPhh,1,2,3,0.33
tPhl,2,0,2,1.0
tPhm,2,0,2,1.0
tPhn,1,2,3,0.33
tPhs,0,1,1,0.0
tPlB,6,4,10,0.6
tPlH,3,2,5,0.6
tPlJ,1,1,2,0.5
tPlL,3,4,7,0.43
tPlM,4,1,5,0.8
tPlN,2,4,6,0.33
tPlP,10,7,17,0.59
tPlS,5,2,7,0.71
tPlb,3,7,10,0.3
tPll,2,2,4,0.5
tPlm,2,7,9,0.22
tPln,5,4,9,0.56
tPls,2,1,3,0.67
tPmB,9,8,17,0.53
tPmD,2,3,5,0.4
tPmH,5,5,10,0.5
tPmI,2,0,2,1.0
tPmJ,3,2,5,0.6
tPmL,5,3,8,0.62
tPmM,8,8,16,0.5
tPmN,12,16,28,0.43
tPmP,7,11,18,0.39
tPmS,3,6,9,0.33
tPmb,12,8,20,0.6
tPml,5,1,6,0.83
tPmm,7,6,13,0.54
tPmn,8,5,13,0.62
tPms,6,4,10,0.6
tPnB,8,1,9,0.89
tPnD,0,2,2,0.0
tPnH,1,3,4,0.25
tPnI,3,0,3,1.0
tPnK,2,2,4,0.5
tPnL,4,2,6,0.67
tPnM,6,12,18,0.33
tPnN,11,6,17,0.65
tPnP,17,8,25,0.68
tPnS,5,12,17,0.29
tPnb,5,3,8,0.62
tPnl,3,5,8,0.38
tPnm,7,7,14,0.5
tPnn,6,8,14,0.43
tPns,7,6,13,0.54
tPsB,5,7,12,0.42
tPsD,0,1,1,0.0
tPsH,3,6,9,0.33
tPsI,3,0,3,1.0
tPsK,0,1,1,0.0
tPsL,4,3,7,0.57
tPsM,7,6,13,0.54
tPsN,2,6,8,0.25
tPsP,5,14,19,0.26
tPsS,6,6,12,0.5
tPsb,5,2,7,0.71
tPsl,2,4,6,0.33
tPsm,8,5,13,0.62
tPsn,6,4,10,0.6
tPss,4,2,6,0.67
tPtB,1,0,1,1.0
tPtD,1,0,1,1.0
tPtM,1,1,2,0.5
tPtN,1,0,1,1.0
tPtP,1,1,2,0.5
tPtS,0,1,1,0.0
tPtb,0,1,1,0.0
tPtl,0,2,2,0.0
tPtm,0,1,1,0.0
tPtn,0,2,2,0.0
tPts,1,1,2,0.5
tPtt,1,0,1,1.0
tSBB,1,2,3,0.33
tSBD,0,1,1,0.0
tSBH,1,0,1,1.0
tSBK,0,1,1,0.0
tSBL,3,0,3,1.0
tSBM,1,5,6,0.17
tSBN,2,3,5,0.4
tSBP,7,4,11,0.64
tSBS,1,3,4,0.25
tSBb,5,7,12,0.42
tSBh,0,0,0,
tSBj,1,1,2,0.5
tSBl,1,2,3,0.33
tSBm,3,1,4,0.75
tSBn,2,0,2,1.0
tSBs,2,1,3,0.67
tSBt,1,0,1,1.0
tSDB,0,1,1,0.0
tSDD,0,1,1,0.0
tSDL,0,1,1,0.0
tSDM,2,0,2,1.0
tSDN,1,0,1,1.0
tSDS,1,1,2,0.5
tSDb,1,0,1,1.0
tSDm,1,1,2,0.5
tSDn,0,1,1,0.0
tSDs,1,0,1,1.0
tSHB,2,4,6,0.33
tSHD,1,0,1,1.0
tSHH,1,0,1,1.0
tSHI,1,0,1,1.0
tSHL,1,0,1,1.0
tSHM,6,1,7,0.86
tSHN,1,2,3,0.33
tSHP,4,2,6,0.67
tSHS,2,3,5,0.4
tSHb,1,2,3,0.33
tSHh,3,0,3,1.0
tSHm,2,2,4,0.5
tSHn,0,1,1,0.0
tSHs,0,1,1,0.0
tSHt,0,1,1,0.0
tSIB,1,0,1,1.0
tSID,1,0,1,1.0
tSIm,1,0,1,1.0
tSKN,0,1,1,0.0
tSKb,1,0,1,1.0
tSKn,0,1,1,0.0
tSLB,1,5,6,0.17
tSLL,2,1,3,0.67
tSLM,1,1,2,0.5
tSLN,3,0,3,1.0
tSLP,1,3,4,0.25
tSLS,1,1,2,0.5
tSLb,1,2,3,0.33
tSLl,0,1,1,0.0
tSLm,2,1,3,0.67
tSLn,1,1,2,0.5
tSLs,1,1,2,0.5
tSLt,0,1,1,0.0
tSMB,5,7,12,0.42
tSMD,2,1,3,0.67
tSML,1,1,2,0.5
tSMM,6,7,13,0.46
tSMN,1,5,6,0.17
tSMP,3,3,6,0.5
tSMS,3,4,7,0.43
tSMb,5,3,8,0.62
tSMh,2,3,5,0.4
tSMj,1,0,1,1.0
tSMl,1,1,2,0.5
tSMm,3,4,7,0.43
tSMn,5,4,9,0.56
tSMs,2,5,7,0.29
tSMt,1,0,1,1.0
tSNB,3,1,4,0.75
tSND,0,0,0,
tSNH,1,0,1,1.0
tSNL,0,1,1,0.0
tSNM,3,5,8,0.38
tSNN,5,7,12,0.42
tSNP,5,4,9,0.56
tSNS,4,5,9,0.44
tSNb,1,1,2,0.5
tSNh,3,1,4,0.75
tSNl,1,0,1,1.0
tSNm,4,5,9,0.44
tSNn,3,11,14,0.21
tSNs,4,3,7,0.57
tSNt,1,1,2,0.5
tSPB,4,3,7,0.57
tSPD,1,2,3,0.33
tSPH,1,1,2,0.5
tSPK,1,0,1,1.0
tSPL,4,3,7,0.57
tSPM,7,3,10,0.7
tSPN,9,7,16,0.56
tSPP,13,5,18,0.72
tSPS,5,3,8,0.62
tSPb,3,3,6,0.5
tSPl,1,1,2,0.5
tSPm,5,2,7,0.71
tSPn,6,5,11,0.55
tSPs,5,3,8,0.62
tSSB,3,4,7,0.43
tSSH,4,1,5,0.8
tSSI,0,1,1,0.0
tSSK,0,1,1,0.0
tSSL,2,6,8,0.25
tSSM,4,5,9,0.44
tSSN,6,4,10,0.6
tSSP,8,7,15,0.53
tSSS,12,4,16,0.75
tSSb,1,5,6,0.17
tSSh,5,5,10,0.5
tSSl,4,0,4,1.0
tSSm,9,2,11,0.82
tSSn,1,12,13,0.08
tSSs,3,7,10,0.3
tSSt,2,0,2,1.0
tSbB,4,1,5,0.8
tSbH,1,1,2,0.5
tSbI,1,0,1,1.0
tSbJ,1,1,2,0.5
tSbK,0,0,0,
tSbL,1,1,2,0.5
tSbM,1,5,6,0.17
tSbN,6,7,13,0.46
tSbP,2,3,5,0.4
tSbS,1,4,5,0.2
tSbb,5,6,11,0.45
tSbm,2,2,4,0.5
tSbn,2,3,5,0.4
tSbs,3,1,4,0.75
tShB,2,0,2,1.0
tShD,0,2,2,0.0
tShH,1,1,2,0.5
tShL,2,2,4,0.5
tShM,2,2,4,0.5
tShN,1,2,3,0.33
tShP,4,2,6,0.67
tShS,2,1,3,0.67
tShb,2,2,4,0.5
tShh,4,2,6,0.67
tShl,2,0,2,1.0
tShm,4,1,5,0.8
tShn,2,1,3,0.67
tShs,2,5,7,0.29
tSlB,1,1,2,0.5
tSlH,2,0,2,1.0
tSlJ,0,2,2,0.0
tSlL,0,1,1,0.0
tSlM,2,4,6,0.33
tSlN,1,5,6,0.17
tSlP,1,4,5,0.2
tSlS,3,2,5,0.6
tSlb,2,1,3,0.67
tSll,1,0,1,1.0
tSlm,1,2,3,0.33
tSln,3,1,4,0.75
tSls,1,1,2,0.5
tSmB,1,5,6,0.17
tSmD,1,2,3,0.33
tSmH,3,4,7,0.43
tSmI,1,0,1,1.0
tSmJ,3,1,4,0.75
tSmL,2,4,6,0.33
tSmM,3,4,7,0.43
tSmN,5,2,7,0.71
tSmP,7,5,12,0.58
tSmS,6,6,12,0.5
tSmb,7,7,14,0.5
tSml,3,1,4,0.75
tSmm,4,5,9,0.44
tSmn,5,2,7,0.71
tSms,4,2,6,0.67
tSnB,3,2,5,0.6
tSnD,1,1,2,0.5
tSnH,2,4,6,0.33
tSnI,0,1,1,0.0
tSnK,2,0,2,1.0
tSnL,2,4,6,0.33
tSnM,3,5,8,0.38
tSnN,3,9,12,0.25
tSnP,8,5,13,0.62
tSnS,4,10,14,0.29
tSnb,9,4,13,0.69
tSnh,0,0,0,
tSnl,5,2,7,0.71
tSnm,5,4,9,0.56
tSnn,4,6,10,0.4
tSns,7,6,13,0.54
tSsB,2,0,2,1.0
tSsD,2,0,2,1.0
tSsH,5,1,6,0.83
tSsL,2,1,3,0.67
tSsM,6,2,8,0.75
tSsN,6,8,14,0.43
tSsP,6,2,8,0.75
tSsS,5,8,13,0.38
tSsb,3,4,7,0.43
tSsl,2,2,4,0.5
tSsm,4,4,8,0.5
tSsn,1,3,4,0.25
tSss,4,4,8,0.5
tStH,5,0,5,1.0
tStL,0,1,1,0.0
tStN,1,1,2,0.5
tStP,2,3,5,0.4
tStS,1,1,2,0.5
tStb,0,3,3,0.0
tStl,1,0,1,1.0
tStn,1,1,2,0.5
tSts,1,0,1,1.0
tStt,0,1,1,0.0
tbBB,4,4,8,0.5
tbBD,0,1,1,0.0
tbBL,1,6,7,0.14
tbBM,2,6,8,0.25
tbBN,7,9,16,0.44
tbBP,7,8,15,0.47
tbBS,3,1,4,0.75
tbBb,6,6,12,0.5
tbBh,0,2,2,0.0
tbBj,1,2,3,0.33
tbBl,2,0,2,1.0
tbBm,7,3,10,0.7
tbBn,6,3,9,0.67
tbBs,3,1,4,0.75
tbBt,1,2,3,0.33
tbDH,1,0,1,1.0
tbDM,3,0,3,1.0
tbDN,0,0,0,
tbDP,2,1,3,0.67
tbDb,0,1,1,0.0
tbDl,1,1,2,0.5
tbDm,0,2,2,0.0
tbDs,1,0,1,1.0
tbHB,0,1,1,0.0
tbHD,1,0,1,1.0
tbHL,2,1,3,0.67
tbHM,1,1,2,0.5
tbHN,1,0,1,1.0
tbHP,1,2,3,0.33
tbHS,2,1,3,0.67
tbHb,2,2,4,0.5
tbHh,0,1,1,0.0
tbHl,1,0,1,1.0
tbHn,2,1,3,0.67
tbHs,2,1,3,0.67
tbIB,0,1,1,0.0
tbIM,1,1,2,0.5
tbIP,1,1,2,0.5
tbIS,0,2,2,0.0
tbIb,1,0,1,1.0
tbIn,0,1,1,0.0
tbIs,1,0,1,1.0
tbJB,0,1,1,0.0
tbJD,1,1,2,0.5
tbJH,0,1,1,0.0
tbJL,0,1,1,0.0
tbJM,1,1,2,0.5
tbJN,0,5,5,0.0
tbJP,3,4,7,0.43
tbJS,0,1,1,0.0
tbJb,0,2,2,0.0
tbJh,0,2,2,0.0
tbJl,1,0,1,1.0
tbJm,2,3,5,0.4
tbJn,0,0,0,
tbJs,1,3,4,0.25
tbKB,0,1,1,0.0
tbKP,3,0,3,1.0
tbKS,0,1,1,0.0
tbKb,1,0,1,1.0
tbKh,0,1,1,0.0
tbKm,1,1,2,0.5
tbKn,1,0,1,1.0
tbKs,0,1,1,0.0
tbLB,1,4,5,0.2
tbLK,0,0,0,
tbLL,1,1,2,0.5
tbLM,4,1,5,0.8
tbLN,0,3,3,0.0
tbLP,4,3,7,0.57
tbLS,2,0,2,1.0
tbLb,2,4,6,0.33
tbLh,2,0,2,1.0
tbLj,1,0,1,1.0
tbLl,2,2,4,0.5
tbLm,0,2,2,0.0
tbLn,6,1,7,0.86
tbLs,3,0,3,1.0
tbMB,3,2,5,0.6
tbMD,0,0,0,
tbML,3,2,5,0.6
tbMM,5,1,6,0.83
tbMN,4,6,10,0.4
tbMP,5,4,9,0.56
tbMS,6,5,11,0.55
tbMb,6,1,7,0.86
tbMh,3,5,8,0.38
tbMj,1,1,2,0.5
tbMl,4,2,6,0.67
tbMm,4,6,10,0.4
tbMn,8,7,15,0.53
tbMs,3,2,5,0.6
tbNB,10,5,15,0.67
tbNH,1,1,2,0.5
tbNK,2,0,2,1.0
tbNL,1,2,3,0.33
tbNM,8,9,17,0.47
tbNN,7,5,12,0.58
tbNP,9,14,23,0.39
tbNS,6,3,9,0.67
tbNb,4,4,8,0.5
tbNh,3,2,5,0.6
tbNl,5,2,7,0.71
tbNm,7,4,11,0.64
tbNn,14,7,21,0.67
tbNs,0,6,6,0.0
tbNt,1,3,4,0.25
tbPB,6,4,10,0.6
tbPH,1,2,3,0.33
tbPI,1,0,1,1.0
tbPL,0,4,4,0.0
tbPM,3,7,10,0.3
tbPN,7,6,13,0.54
tbPP,8,13,21,0.38
tbPS,3,4,7,0.43
tbPb,6,5,11,0.55
tbPh,0,1,1,0.0
tbPl,2,3,5,0.4
tbPm,7,7,14,0.5
tbPn,3,8,11,0.27
tbPs,6,6,12,0.5
tbPt,1,0,1,1.0
tbSB,1,3,4,0.25
tbSD,1,0,1,1.0
tbSH,0,1,1,0.0
tbSL,3,1,4,0.75
tbSM,2,4,6,0.33
tbSN,4,1,5,0.8
tbSP,3,3,6,0.5
tbSS,2,2,4,0.5
tbSb,3,1,4,0.75
tbSh,2,3,5,0.4
tbSl,1,1,2,0.5
tbSm,1,1,2,0.5
tbSn,3,2,5,0.6
tbSs,1,3,4,0.25
tbSt,0,2,2,0.0
tbbB,7,5,12,0.58
tbbD,1,1,2,0.5
tbbH,2,0,2,1.0
tbbI,0,3,3,0.0
tbbJ,1,2,3,0.33
tbbL,1,4,5,0.2
tbbM,9,7,16,0.56
tbbN,6,5,11,0.55
tbbP,6,7,13,0.46
tbbS,0,4,4,0.0
tbbb,8,6,14,0.57
tbbl,3,2,5,0.6
tbbm,4,2,6,0.67
tbbn,8,5,13,0.62
tbbs,3,4,7,0.43
tblB,3,2,5,0.6
tblH,1,2,3,0.33
tblI,1,0,1,1.0
tblJ,0,1,1,0.0
tblL,2,0,2,1.0
tblM,8,1,9,0.89
tblN,6,4,10,0.6
tblP,3,3,6,0.5
tblS,1,1,2,0.5
tblb,2,3,5,0.4
tbll,1,1,2,0.5
tblm,3,1,4,0.75
tbln,1,2,3,0.33
tbls,1,3,4,0.25
tbmB,2,1,3,0.67
tbmH,4,4,8,0.5
tbmI,0,1,1,0.0
tbmJ,2,3,5,0.4
tbmK,0,1,1,0.0
tbmL,0,0,0,
tbmM,9,3,12,0.75
tbmN,4,3,7,0.57
tbmP,4,7,11,0.36
tbmS,3,4,7,0.43
tbmb,3,6,9,0.33
tbml,3,2,5,0.6
tbmm,7,0,7,1.0
tbmn,3,1,4,0.75
tbms,1,3,4,0.25
tbnB,3,3,6,0.5
tbnH,4,2,6,0.67
tbnI,1,0,1,1.0
tbnK,1,0,1,1.0
tbnL,1,5,6,0.17
tbnM,6,8,14,0.43
tbnN,4,6,10,0.4
tbnP,9,11,20,0.45
tbnS,4,3,7,0.57
tbnb,6,5,11,0.55
tbnl,2,2,4,0.5
tbnm,9,8,17,0.53
tbnn,6,9,15,0.4
tbns,2,5,7,0.29
tbsB,2,3,5,0.4
tbsH,2,0,2,1.0
tbsI,2,0,2,1.0
tbsL,3,0,3,1.0
tbsM,0,1,1,0.0
tbsN,3,0,3,1.0
tbsP,6,4,10,0.6
tbsS,0,3,3,0.0
tbsb,4,3,7,0.57
tbsh,0,1,1,0.0
tbsl,1,5,6,0.17
tbsm,2,3,5,0.4
tbsn,4,3,7,0.57
tbss,1,1,2,0.5
thBP,0,1,1,0.0
thLM,0,1,1,0.0
thLj,0,1,1,0.0
thMM,0,1,1,0.0
thMh,1,0,1,1.0
thMl,0,1,1,0.0
thMm,0,1,1,0.0
thNB,1,0,1,1.0
thNn,0,1,1,0.0
thPB,1,0,1,1.0
thPP,0,0,0,
thPS,2,0,2,1.0
thPm,0,2,2,0.0
thPn,1,0,1,1.0
thSn,0,1,1,0.0
thbH,1,0,1,1.0
thbM,1,0,1,1.0
thbm,0,1,1,0.0
thhS,0,0,0,
thhn,0,1,1,0.0
thlN,1,0,1,1.0
thmM,1,0,1,1.0
thmP,0,1,1,0.0
thmS,0,0,0,
thnS,0,2,2,0.0
thnb,1,0,1,1.0
thsH,1,0,1,1.0
thsS,0,1,1,0.0
thsn,0,0,0,
thss,0,1,1,0.0
tlBB,1,0,1,1.0
tlBD,1,0,1,1.0
tlBL,0,0,0,
tlBM,2,0,2,1.0
tlBN,0,1,1,0.0
tlBP,3,2,5,0.6
tlBS,1,0,1,1.0
tlBb,2,1,3,0.67
tlBh,1,0,1,1.0
tlBj,0,1,1,0.0
tlBl,1,1,2,0.5
tlBm,4,1,5,0.8
tlBn,2,2,4,0.5
tlBt,0,1,1,0.0
tlDN,0,0,0,
tlDP,1,0,1,1.0
tlDb,0,1,1,0.0
tlHB,1,0,1,1.0
tlHL,3,1,4,0.75
tlHM,2,0,2,1.0
tlHN,1,0,1,1.0
tlHP,1,4,5,0.2
tlHS,1,1,2,0.5
tlHb,2,1,3,0.67
tlHh,3,1,4,0.75
tlHl,0,1,1,0.0
tlHm,3,0,3,1.0
tlHn,4,2,6,0.67
tlHs,1,0,1,1.0
tlIB,1,0,1,1.0
tlIH,1,0,1,1.0
tlIN,0,2,2,0.0
tlIP,0,1,1,0.0
tlIb,1,0,1,1.0
tlIn,0,0,0,
tlJB,1,0,1,1.0
tlJD,0,0,0,
tlJM,1,0,1,1.0
tlJN,1,0,1,1.0
tlJP,1,2,3,0.33
tlJb,2,0,2,1.0
tlJn,0,1,1,0.0
tlJs,0,3,3,0.0
tlKB,0,1,1,0.0
tlKM,0,1,1,0.0
tlKN,1,0,1,1.0
tlKh,1,1,2,0.5
tlKs,1,0,1,1.0
tlLB,0,1,1,0.0
tlLL,2,1,3,0.67
tlLM,1,0,1,1.0
tlLN,0,0,0,
tlLS,2,3,5,0.4
tlLb,2,1,3,0.67
tlLh,0,2,2,0.0
tlLl,1,1,2,0.5
tlLm,0,2,2,0.0
tlLn,0,4,4,0.0
tlLs,2,1,3,0.67
tlLt,1,1,2,0.5
tlMB,4,0,4,1.0
tlMD,1,0,1,1.0
tlML,2,0,2,1.0
tlMN,0,2,2,0.0
tlMP,1,3,4,0.25
tlMS,2,2,4,0.5
tlMb,2,1,3,0.67
tlMh,1,1,2,0.5
tlMj,0,1,1,0.0
tlMl,1,1,2,0.5
tlMm,3,0,3,1.0
tlMn,3,3,6,0.5
tlMs,0,0,0,
tlMt,2,0,2,1.0
tlNB,1,2,3,0.33
tlNH,0,1,1,0.0
tlNL,0,2,2,0.0
tlNM,3,1,4,0.75
tlNN,2,3,5,0.4
tlNP,5,4,9,0.56
tlNS,3,4,7,0.43
tlNb,1,3,4,0.25
tlNh,0,1,1,0.0
tlNl,0,2,2,0.0
tlNm,4,1,5,0.8
tlNn,3,2,5,0.6
tlNs,0,1,1,0.0
tlNt,0,0,0,
tlPB,2,3,5,0.4
tlPD,1,0,1,1.0
tlPH,1,1,2,0.5
tlPI,1,0,1,1.0
tlPK,0,1,1,0.0
tlPL,2,3,5,0.4
tlPM,1,7,8,0.12
tlPN,1,7,8,0.12
tlPP,2,2,4,0.5
tlPS,2,2,4,0.5
tlPb,4,3,7,0.57
tlPl,1,2,3,0.33
tlPm,2,1,3,0.67
tlPn,7,6,13,0.54
tlPs,1,4,5,0.2
tlPt,1,0,1,1.0
tlSB,1,2,3,0.33
tlSL,0,2,2,0.0
tlSM,1,3,4,0.25
tlSN,2,1,3,0.67
tlSP,1,2,3,0.33
tlSS,1,1,2,0.5
tlSb,2,1,3,0.67
tlSh,0,2,2,0.0
tlSl,2,1,3,0.67
tlSm,1,2,3,0.33
tlSn,1,1,2,0.5
tlSs,2,2,4,0.5
tlbB,1,3,4,0.25
tlbI,1,0,1,1.0
tlbJ,1,0,1,1.0
tlbL,1,0,1,1.0
tlbM,2,2,4,0.5
tlbN,3,2,5,0.6
tlbP,5,2,7,0.71
tlbS,2,1,3,0.67
tlbb,2,3,5,0.4
tlbl,2,0,2,1.0
tlbm,4,2,6,0.67
tlbn,2,2,4,0.5
tlbs,1,1,2,0.5
tllB,3,2,5,0.6
tllH,0,0,0,
tllI,0,0,0,
tllM,1,1,2,0.5
tllN,3,4,7,0.43
tllP,2,2,4,0.5
tllS,4,4,8,0.5
tllb,1,1,2,0.5
tlll,2,1,3,0.67
tllm,1,1,2,0.5
tlln,1,1,2,0.5
tlmB,2,2,4,0.5
tlmD,0,1,1,0.0
tlmH,1,2,3,0.33
tlmJ,1,1,2,0.5
tlmL,0,0,0,
tlmM,2,4,6,0.33
tlmN,3,2,5,0.6
tlmP,3,0,3,1.0
tlmS,2,2,4,0.5
tlmb,2,1,3,0.67
tlml,0,1,1,0.0
tlmm,2,3,5,0.4
tlmn,5,0,5,1.0
tlnB,4,1,5,0.8
tlnH,0,3,3,0.0
tlnM,1,1,2,0.5
tlnN,2,2,4,0.5
tlnP,6,3,9,0.67
tlnS,1,4,5,0.2
tlnb,3,0,3,1.0
tlnl,1,0,1,1.0
tlnm,2,4,6,0.33
tlnn,3,0,3,1.0
tlns,1,0,1,1.0
tlsB,3,2,5,0.6
tlsD,1,0,1,1.0
tlsL,1,1,2,0.5
tlsM,0,1,1,0.0
tlsN,0,2,2,0.0
tlsP,3,2,5,0.6
tlsS,2,0,2,1.0
tlsb,0,2,2,0.0
tlsl,0,1,1,0.0
tlsm,1,2,3,0.33
tlss,0,0,0,
tmBB,2,2,4,0.5
tmBD,0,0,0,
tmBK,0,1,1,0.0
tmBL,0,0,0,
tmBM,2,7,9,0.22
tmBN,4,6,10,0.4
tmBP,5,4,9,0.56
tmBS,4,5,9,0.44
tmBb,3,3,6,0.5
tmBh,1,1,2,0.5
tmBj,1,3,4,0.25
tmBl,2,0,2,1.0
tmBm,3,3,6,0.5
tmBn,7,3,10,0.7
tmBs,0,2,2,0.0
tmDB,1,0,1,1.0
tmDD,0,1,1,0.0
tmDH,2,0,2,1.0
tmDM,2,2,4,0.5
tmDP,1,0,1,1.0
tmDS,2,2,4,0.5
tmDb,2,2,4,0.5
tmDl,0,1,1,0.0
tmDm,4,2,6,0.67
tmDn,2,1,3,0.67
tmDs,0,4,4,0.0
tmDt,0,1,1,0.0
tmHB,2,3,5,0.4
tmHD,1,1,2,0.5
tmHH,0,1,1,0.0
tmHI,2,2,4,0.5
tmHL,1,1,2,0.5
tmHM,3,5,8,0.38
tmHN,4,4,8,0.5
tmHP,8,7,15,0.53
tmHS,3,2,5,0.6
tmHb,3,3,6,0.5
tmHh,1,2,3,0.33
tmHm,6,0,6,1.0
tmHn,2,8,10,0.2
tmHs,5,1,6,0.83
tmHt,0,0,0,
tmIB,1,0,1,1.0
tmIb,1,1,2,0.5
tmIl,0,1,1,0.0
tmIm,1,0,1,1.0
tmJB,2,0,2,1.0
tmJH,2,1,3,0.67
tmJL,2,1,3,0.67
tmJM,1,1,2,0.5
tmJP,0,1,1,0.0
tmJS,1,0,1,1.0
tmJb,0,1,1,0.0
tmJl,0,1,1,0.0
tmJm,1,0,1,1.0
tmJn,1,2,3,0.33
tmJs,2,0,2,1.0
tmKl,1,0,1,1.0
tmKm,1,1,2,0.5
tmLB,1,1,2,0.5
tmLD,0,0,0,
tmLL,2,0,2,1.0
tmLM,2,1,3,0.67
tmLN,1,2,3,0.33
tmLP,5,2,7,0.71
tmLb,5,2,7,0.71
tmLh,1,2,3,0.33
tmLj,0,1,1,0.0
tmLl,1,1,2,0.5
tmLm,1,1,2,0.5
tmLn,4,3,7,0.57
tmLs,2,0,2,1.0
tmMB,6,4,10,0.6
tmMD,0,2,2,0.0
tmMK,0,0,0,
tmML,3,0,3,1.0
tmMM,9,4,13,0.69
tmMN,3,5,8,0.38
tmMP,8,6,14,0.57
tmMS,4,2,6,0.67
tmMb,9,6,15,0.6
tmMh,4,8,12,0.33
tmMj,3,5,8,0.38
tmMl,6,2,8,0.75
tmMm,7,4,11,0.64
tmMn,9,6,15,0.6
tmMs,4,5,9,0.44
tmMt,2,1,3,0.67
tmNB,5,4,9,0.56
tmND,1,0,1,1.0
tmNH,1,1,2,0.5
tmNK,1,0,1,1.0
tmNL,5,2,7,0.71
tmNM,7,6,13,0.54
tmNN,6,13,19,0.32
tmNP,8,5,13,0.62
tmNS,7,7,14,0.5
tmNb,6,5,11,0.55
tmNh,1,1,2,0.5
tmNl,0,2,2,0.0
tmNm,7,6,13,0.54
tmNn,5,9,14,0.36
tmNs,2,4,6,0.33
tmNt,3,0,3,1.0
tmPB,4,5,9,0.44
tmPD,0,2,2,0.0
tmPI,1,1,2,0.5
tmPL,3,4,7,0.43
tmPM,6,6,12,0.5
tmPN,6,7,13,0.46
tmPP,13,9,22,0.59
tmPS,4,3,7,0.57
tmPb,10,8,18,0.56
tmPh,1,0,1,1.0
tmPl,3,4,7,0.43
tmPm,4,5,9,0.44
tmPn,7,4,11,0.64
tmPs,7,4,11,0.64
tmPt,0,1,1,0.0
tmSB,0,2,2,0.0
tmSD,0,0,0,
tmSH,2,1,3,0.67
tmSL,1,1,2,0.5
tmSM,5,1,6,0.83
tmSN,1,1,2,0.5
tmSP,5,5,10,0.5
tmSS,5,2,7,0.71
tmSb,3,6,9,0.33
tmSh,0,4,4,0.0
tmSl,4,2,6,0.67
tmSm,2,2,4,0.5
tmSn,2,6,8,0.25
tmSs,5,7,12,0.42
tmSt,1,0,1,1.0
tmbB,5,3,8,0.62
tmbH,0,1,1,0.0
tmbI,0,1,1,0.0
tmbJ,1,1,2,0.5
tmbK,2,0,2,1.0
tmbL,1,4,5,0.2
tmbM,5,5,10,0.5
tmbN,5,4,9,0.56
tmbP,8,8,16,0.5
tmbS,2,3,5,0.4
tmbb,5,3,8,0.62
tmbl,4,5,9,0.44
tmbm,3,5,8,0.38
tmbn,2,3,5,0.4
tmbs,4,2,6,0.67
tmhP,0,1,1,0.0
tmlB,0,1,1,0.0
tmlH,2,1,3,0.67
tmlJ,1,2,3,0.33
tmlK,0,0,0,
tmlL,2,0,2,1.0
tmlM,4,6,10,0.4
tmlN,1,4,5,0.2
tmlP,4,2,6,0.67
tmlS,0,1,1,0.0
tmlb,4,2,6,0.67
tmll,2,1,3,0.67
tmln,2,1,3,0.67
tmls,2,0,2,1.0
tmmB,5,3,8,0.62
tmmD,1,1,2,0.5
tmmH,2,3,5,0.4
tmmJ,2,0,2,1.0
tmmL,6,1,7,0.86
tmmM,5,6,11,0.45
tmmN,3,7,10,0.3
tmmP,1,8,9,0.11
tmmS,1,6,7,0.14
tmmb,1,4,5,0.2
tmml,1,3,4,0.25
tmmm,5,3,8,0.62
tmmn,7,3,10,0.7
tmms,0,1,1,0.0
tmnB,1,2,3,0.33
tmnD,1,0,1,1.0
tmnH,2,3,5,0.4
tmnK,1,0,1,1.0
tmnL,3,1,4,0.75
tmnM,5,1,6,0.83
tmnN,1,3,4,0.25
tmnP,3,8,11,0.27
tmnS,2,4,6,0.33
tmnb,3,5,8,0.38
tmnh,1,0,1,1.0
tmnl,0,1,1,0.0
tmnm,1,3,4,0.25
tmnn,4,3,7,0.57
tmns,2,2,4,0.5
tmsB,1,2,3,0.33
tmsD,0,2,2,0.0
tmsH,2,1,3,0.67
tmsL,1,0,1,1.0
tmsM,2,1,3,0.67
tmsN,0,5,5,0.0
tmsP,6,1,7,0.86
tmsS,0,2,2,0.0
tmsb,2,3,5,0.4
tmsm,4,3,7,0.57
tmsn,1,2,3,0.33
tmss,2,1,3,0.67
tnBB,5,2,7,0.71
tnBL,0,1,1,0.0
tnBM,3,8,11,0.27
tnBN,7,4,11,0.64
tnBP,3,4,7,0.43
tnBS,1,6,7,0.14
tnBb,4,5,9,0.44
tnBh,0,1,1,0.0
tnBj,1,4,5,0.2
tnBl,3,0,3,1.0
tnBm,1,2,3,0.33
tnBn,6,4,10,0.6
tnBs,2,3,5,0.4
tnDB,0,1,1,0.0
tnDD,1,0,1,1.0
tnDH,0,1,1,0.0
tnDL,0,1,1,0.0
tnDM,1,1,2,0.5
tnDN,0,1,1,0.0
tnDP,0,3,3,0.0
tnDS,5,0,5,1.0
tnDb,0,3,3,0.0
tnDl,1,0,1,1.0
tnDm,0,0,0,
tnDn,0,1,1,0.0
tnDt,0,0,0,
tnHB,0,2,2,0.0
tnHH,2,1,3,0.67
tnHL,1,1,2,0.5
tnHM,5,2,7,0.71
tnHN,5,6,11,0.45
tnHP,2,4,6,0.33
tnHS,4,5,9,0.44
tnHb,6,1,7,0.86
tnHh,1,2,3,0.33
tnHl,1,4,5,0.2
tnHm,5,1,6,0.83
tnHn,5,1,6,0.83
tnHs,2,5,7,0.29
tnIB,1,1,2,0.5
tnIH,0,1,1,0.0
tnII,0,1,1,0.0
tnIL,1,0,1,1.0
tnIM,0,1,1,0.0
tnIN,0,1,1,0.0
tnIP,2,2,4,0.5
tnIS,0,1,1,0.0
tnIb,1,0,1,1.0
tnIn,0,0,0,
tnIs,0,1,1,0.0
tnKB,0,0,0,
tnKN,0,1,1,0.0
tnKP,0,3,3,0.0
tnKS,0,1,1,0.0
tnKh,1,0,1,1.0
tnKl,1,0,1,1.0
tnKs,2,0,2,1.0
tnLB,1,2,3,0.33
tnLD,1,0,1,1.0
tnLK,0,1,1,0.0
tnLL,1,0,1,1.0
tnLN,0,2,2,0.0
tnLP,5,4,9,0.56
tnLS,2,0,2,1.0
tnLb,1,1,2,0.5
tnLh,1,1,2,0.5
tnLj,4,0,4,1.0
tnLl,0,1,1,0.0
tnLm,6,1,7,0.86
tnLn,2,3,5,0.4
tnLs,1,2,3,0.33
tnLt,0,2,2,0.0
tnMB,3,9,12,0.25
tnMD,0,0,0,
tnMK,0,1,1,0.0
tnML,0,1,1,0.0
tnMM,7,9,16,0.44
tnMN,5,4,9,0.56
tnMP,6,7,13,0.46
tnMS,3,4,7,0.43
tnMb,9,3,12,0.75
tnMh,2,3,5,0.4
tnMj,0,1,1,0.0
tnMl,2,1,3,0.67
tnMm,3,5,8,0.38
tnMn,6,7,13,0.46
tnMs,0,1,1,0.0
tnMt,1,1,2,0.5
tnNB,5,7,12,0.42
tnND,2,2,4,0.5
tnNH,3,1,4,0.75
tnNI,1,0,1,1.0
tnNK,0,0,0,
tnNL,4,4,8,0.5
tnNM,2,9,11,0.18
tnNN,8,3,11,0.73
tnNP,16,8,24,0.67
tnNS,8,6,14,0.57
tnNb,10,5,15,0.67
tnNh,2,6,8,0.25
tnNl,3,2,5,0.6
tnNm,6,5,11,0.55
tnNn,8,8,16,0.5
tnNs,2,3,5,0.4
tnNt,2,0,2,1.0
tnPB,10,7,17,0.59
tnPD,0,2,2,0.0
tnPI,0,0,0,
tnPK,2,2,4,0.5
tnPL,4,1,5,0.8
tnPM,9,13,22,0.41
tnPN,8,7,15,0.53
tnPP,11,15,26,0.42
tnPS,4,7,11,0.36
tnPb,10,5,15,0.67
tnPh,1,1,2,0.5
tnPl,3,1,4,0.75
tnPm,6,11,17,0.35
tnPn,11,6,17,0.65
tnPs,6,8,14,0.43
tnPt,1,2,3,0.33
tnSB,1,5,6,0.17
tnSD,0,1,1,0.0
tnSH,1,0,1,1.0
tnSL,2,2,4,0.5
tnSM,2,4,6,0.33
tnSN,8,4,12,0.67
tnSP,3,9,12,0.25
tnSS,4,1,5,0.8
tnSb,2,2,4,0.5
tnSh,1,3,4,0.25
tnSl,3,3,6,0.5
tnSm,5,5,10,0.5
tnSn,6,6,12,0.5
tnSs,4,1,5,0.8
tnSt,3,1,4,0.75
tnbB,7,4,11,0.64
tnbD,0,3,3,0.0
tnbH,1,0,1,1.0
tnbI,0,1,1,0.0
tnbJ,2,3,5,0.4
tnbK,2,0,2,1.0
tnbL,1,1,2,0.5
tnbM,6,10,16,0.38
tnbN,5,7,12,0.42
tnbP,3,9,12,0.25
tnbS,4,5,9,0.44
tnbb,9,6,15,0.6
tnbl,4,0,4,1.0
tnbm,5,4,9,0.56
tnbn,5,5,10,0.5
tnbs,1,3,4,0.25
tnhB,1,0,1,1.0
tnhI,0,1,1,0.0
tnhM,1,0,1,1.0
tnhN,1,0,1,1.0
tnhP,0,1,1,0.0
tnhb,0,0,0,
tnhl,0,1,1,0.0
tnhs,1,0,1,1.0
tnlB,3,1,4,0.75
tnlH,2,2,4,0.5
tnlI,2,0,2,1.0
tnlL,0,2,2,0.0
tnlM,1,1,2,0.5
tnlN,1,5,6,0.17
tnlP,1,1,2,0.5
tnlS,0,2,2,0.0
tnlb,1,3,4,0.25
tnll,1,1,2,0.5
tnlm,1,2,3,0.33
tnln,1,0,1,1.0
tnls,2,4,6,0.33
tnmB,6,2,8,0.75
tnmD,1,2,3,0.33
tnmH,3,4,7,0.43
tnmJ,4,0,4,1.0
tnmL,2,1,3,0.67
tnmM,5,1,6,0.83
tnmN,3,12,15,0.2
tnmP,6,10,16,0.38
tnmS,0,4,4,0.0
tnmb,6,2,8,0.75
tnml,2,0,2,1.0
tnmm,2,4,6,0.33
tnmn,3,8,11,0.27
tnms,2,2,4,0.5
tnnB,7,2,9,0.78
tnnD,2,3,5,0.4
tnnH,4,1,5,0.8
tnnI,2,2,4,0.5
tnnL,1,5,6,0.17
tnnM,4,2,6,0.67
tnnN,8,5,13,0.62
tnnP,8,12,20,0.4
tnnS,5,4,9,0.56
tnnb,7,7,14,0.5
tnnl,2,0,2,1.0
tnnm,8,4,12,0.67
tnnn,8,5,13,0.62
tnns,4,3,7,0.57
tnsB,5,2,7,0.71
tnsD,1,0,1,1.0
tnsH,3,3,6,0.5
tnsL,0,1,1,0.0
tnsM,3,6,9,0.33
tnsN,2,4,6,0.33
tnsP,4,12,16,0.25
tnsS,5,5,10,0.5
tnsb,4,4,8,0.5
tnsl,1,3,4,0.25
tnsm,1,2,3,0.33
tnsn,5,3,8,0.62
tnss,4,5,9,0.44
tnst,1,0,1,1.0
tntL,1,0,1,1.0
tntN,1,0,1,1.0
tsBB,1,2,3,0.33
tsBD,1,0,1,1.0
tsBL,2,0,2,1.0
tsBM,2,1,3,0.67
tsBN,0,3,3,0.0
tsBP,2,4,6,0.33
tsBS,0,1,1,0.0
tsBb,0,1,1,0.0
tsBh,0,1,1,0.0
tsBj,1,0,1,1.0
tsBl,4,1,5,0.8
tsBn,2,2,4,0.5
tsBs,3,1,4,0.75
tsBt,1,0,1,1.0
tsDB,2,0,2,1.0
tsDH,0,2,2,0.0
tsDM,2,0,2,1.0
tsDP,1,1,2,0.5
tsDS,0,1,1,0.0
tsDb,1,1,2,0.5
tsDl,0,1,1,0.0
tsDm,1,0,1,1.0
tsDs,0,2,2,0.0
tsHB,3,5,8,0.38
tsHH,1,0,1,1.0
tsHM,4,7,11,0.36
tsHN,2,2,4,0.5
tsHP,7,3,10,0.7
tsHS,3,3,6,0.5
tsHb,1,1,2,0.5
tsHh,2,3,5,0.4
tsHl,2,4,6,0.33
tsHm,3,4,7,0.43
tsHn,3,1,4,0.75
tsHs,5,2,7,0.71
tsHt,0,2,2,0.0
tsIH,0,0,0,
tsIM,0,2,2,0.0
tsIN,1,0,1,1.0
tsIP,0,1,1,0.0
tsIS,0,2,2,0.0
tsIl,0,0,0,
tsIn,0,0,0,
tsIs,0,1,1,0.0
tsLN,1,2,3,0.33
tsLP,1,0,1,1.0
tsLS,0,1,1,0.0
tsLb,2,2,4,0.5
tsLh,2,0,2,1.0
tsLl,1,0,1,1.0
tsLm,1,0,1,1.0
tsLn,1,1,2,0.5
tsLs,0,0,0,
tsMB,1,5,6,0.17
tsML,4,1,5,0.8
tsMM,4,2,6,0.67
tsMN,4,1,5,0.8
tsMP,1,4,5,0.2
tsMS,4,1,5,0.8
tsMb,5,2,7,0.71
tsMh,8,5,13,0.62
tsMj,0,2,2,0.0
tsMl,1,1,2,0.5
tsMm,3,3,6,0.5
tsMn,1,7,8,0.12
tsMs,2,4,6,0.33
tsNB,1,0,1,1.0
tsNH,1,1,2,0.5
tsNK,1,0,1,1.0
tsNL,1,0,1,1.0
tsNM,4,4,8,0.5
tsNN,2,6,8,0.25
tsNP,7,5,12,0.58
tsNS,6,5,11,0.55
tsNb,1,1,2,0.5
tsNh,0,1,1,0.0
tsNl,2,4,6,0.33
tsNm,3,0,3,1.0
tsNn,5,4,9,0.56
tsNs,6,2,8,0.75
tsNt,1,0,1,1.0
tsPB,2,5,7,0.29
tsPH,1,1,2,0.5
tsPK,0,3,3,0.0
tsPL,2,3,5,0.4
tsPM,2,7,9,0.22
tsPN,7,5,12,0.58
tsPP,10,11,21,0.48
tsPS,5,3,8,0.62
tsPb,3,5,8,0.38
tsPl,3,3,6,0.5
tsPm,5,6,11,0.45
tsPn,7,4,11,0.64
tsPs,3,3,6,0.5
tsPt,2,1,3,0.67
tsSB,2,1,3,0.67
tsSH,1,2,3,0.33
tsSL,1,2,3,0.33
tsSM,1,5,6,0.17
tsSN,5,5,10,0.5
tsSP,4,1,5,0.8
tsSS,5,5,10,0.5
tsSb,4,7,11,0.36
tsSh,1,2,3,0.33
tsSl,2,3,5,0.4
tsSm,3,6,9,0.33
tsSn,2,4,6,0.33
tsSs,8,4,12,0.67
tsSt,0,1,1,0.0
tsbB,2,2,4,0.5
tsbH,1,2,3,0.33
tsbJ,1,0,1,1.0
tsbK,1,0,1,1.0
tsbL,1,1,2,0.5
tsbM,1,4,5,0.2
tsbN,3,4,7,0.43
tsbP,3,4,7,0.43
tsbS,1,0,1,1.0
tsbb,3,0,3,1.0
tsbl,1,2,3,0.33
tsbm,4,0,4,1.0
tsbn,2,2,4,0.5
tsbs,1,3,4,0.25
tshP,0,1,1,0.0
tslB,0,2,2,0.0
tslH,3,0,3,1.0
tslK,0,0,0,
tslL,0,0,0,
tslM,1,1,2,0.5
tslN,1,1,2,0.5
tslP,1,3,4,0.25
tslS,2,1,3,0.67
tslb,0,1,1,0.0
tsll,0,1,1,0.0
tsln,1,0,1,1.0
tsls,0,0,0,
tsmB,2,3,5,0.4
tsmD,1,0,1,1.0
tsmH,3,3,6,0.5
tsmI,0,0,0,
tsmL,1,3,4,0.25
tsmM,2,5,7,0.29
tsmN,2,2,4,0.5
tsmP,6,7,13,0.46
tsmS,2,6,8,0.25
tsmb,4,3,7,0.57
tsml,1,0,1,1.0
tsmm,5,6,11,0.45
tsmn,2,2,4,0.5
tsms,4,1,5,0.8
tsnB,1,3,4,0.25
tsnD,0,0,0,
tsnH,3,3,6,0.5
tsnI,0,2,2,0.0
tsnK,0,1,1,0.0
tsnL,0,1,1,0.0
tsnM,1,2,3,0.33
tsnN,5,2,7,0.71
tsnP,3,4,7,0.43
tsnS,5,3,8,0.62
tsnb,3,1,4,0.75
tsnl,1,0,1,1.0
tsnm,4,0,4,1.0
tsnn,4,2,6,0.67
tsns,1,2,3,0.33
tssB,0,3,3,0.0
tssD,0,1,1,0.0
tssH,3,1,4,0.75
tssL,3,0,3,1.0
tssM,1,4,5,0.2
tssN,5,2,7,0.71
tssP,2,3,5,0.4
tssS,8,4,12,0.67
tssb,1,1,2,0.5
tssh,0,1,1,0.0
tssl,3,0,3,1.0
tssm,3,2,5,0.6
tssn,1,3,4,0.25
tsss,2,5,7,0.29
tstn,1,0,1,1.0
ttBB,1,0,1,1.0
ttBL,0,1,1,0.0
ttBM,0,1,1,0.0
ttBP,1,0,1,1.0
ttBS,1,0,1,1.0
ttBb,1,0,1,1.0
ttBj,1,0,1,1.0
ttBm,1,0,1,1.0
ttBn,0,1,1,0.0
ttBt,0,1,1,0.0
ttDD,1,0,1,1.0
ttDH,0,1,1,0.0
ttDl,1,0,1,1.0
ttDm,0,1,1,0.0
ttDt,0,1,1,0.0
ttHB,0,2,2,0.0
ttHD,1,1,2,0.5
ttHH,0,0,0,
ttHL,1,0,1,1.0
ttHN,0,0,0,
ttHP,1,0,1,1.0
ttHS,0,0,0,
ttHh,0,0,0,
ttHm,2,0,2,1.0
ttHn,0,1,1,0.0
ttIP,1,0,1,1.0
ttLB,1,2,3,0.33
ttLP,0,1,1,0.0
ttLS,0,1,1,0.0
ttLb,2,1,3,0.67
ttLh,1,1,2,0.5
ttLm,0,2,2,0.0
ttLn,1,0,1,1.0
ttLt,0,0,0,
ttMB,1,0,1,1.0
ttML,1,0,1,1.0
ttMM,1,1,2,0.5
ttMN,0,1,1,0.0
ttMP,2,2,4,0.5
ttMS,2,2,4,0.5
ttMb,1,0,1,1.0
ttMh,2,1,3,0.67
ttMj,1,0,1,1.0
ttMm,1,1,2,0.5
ttMn,1,1,2,0.5
ttMs,0,1,1,0.0
ttNH,1,0,1,1.0
ttNK,0,1,1,0.0
ttNL,0,1,1,0.0
ttNM,2,1,3,0.67
ttNN,2,0,2,1.0
ttNP,1,3,4,0.25
ttNS,3,1,4,0.75
ttNb,1,2,3,0.33
ttNh,0,0,0,
ttNl,1,1,2,0.5
ttNm,1,2,3,0.33
ttNn,4,0,4,1.0
ttNs,1,0,1,1.0
ttNt,1,0,1,1.0
ttPB,1,0,1,1.0
ttPH,0,0,0,
ttPI,1,0,1,1.0
ttPK,0,1,1,0.0
ttPL,0,1,1,0.0
ttPM,3,1,4,0.75
ttPN,2,2,4,0.5
ttPP,3,1,4,0.75
ttPS,1,3,4,0.25
ttPb,0,2,2,0.0
ttPm,3,0,3,1.0
ttPn,1,0,1,1.0
ttPs,1,0,1,1.0
ttSB,1,0,1,1.0
ttSH,1,0,1,1.0
ttSK,0,1,1,0.0
ttSL,1,0,1,1.0
ttSM,2,1,3,0.67
ttSP,0,1,1,0.0
ttSS,3,2,5,0.6
ttSh,1,1,2,0.5
ttSl,0,2,2,0.0
ttSm,1,2,3,0.33
ttSn,0,1,1,0.0
ttSs,2,0,2,1.0
ttbB,0,2,2,0.0
ttbD,0,1,1,0.0
ttbI,1,0,1,1.0
ttbM,0,1,1,0.0
ttbN,3,3,6,0.5
ttbS,0,1,1,0.0
ttbb,2,2,4,0.5
ttbl,2,0,2,1.0
ttbm,1,2,3,0.33
ttbn,3,0,3,1.0
ttbs,0,0,0,
tthL,1,0,1,1.0
tthl,1,0,1,1.0
tths,0,1,1,0.0
ttlD,0,1,1,0.0
ttlH,0,0,0,
ttlL,1,0,1,1.0
ttlN,1,0,1,1.0
ttlP,1,2,3,0.33
ttlb,0,1,1,0.0
ttll,1,2,3,0.33
ttlm,0,1,1,0.0
ttln,1,0,1,1.0
ttls,0,1,1,0.0
ttmB,2,1,3,0.67
ttmD,0,1,1,0.0
ttmH,2,0,2,1.0
ttmM,1,0,1,1.0
ttmN,1,1,2,0.5
ttmP,1,1,2,0.5
ttmS,1,1,2,0.5
ttmb,3,1,4,0.75
ttmm,1,0,1,1.0
ttmn,1,0,1,1.0
ttms,0,0,0,
ttnB,0,2,2,0.0
ttnD,1,1,2,0.5
ttnH,2,3,5,0.4
ttnI,0,0,0,
ttnM,1,4,5,0.2
ttnN,0,1,1,0.0
ttnP,2,2,4,0.5
ttnb,1,1,2,0.5
ttnl,0,1,1,0.0
ttnm,1,2,3,0.33
ttnn,0,3,3,0.0
ttsB,0,0,0,
ttsH,0,1,1,0.0
ttsL,1,1,2,0.5
ttsM,2,1,3,0.67
ttsP,0,1,1,0.0
ttsm,1,1,2,0.5
ttsn,1,1,2,0.5
ttss,1,1,2,0.5
tttB,0,1,1,0.0
tttL,0,1,1,0.0
tttN,0,1,1,0.0
tttS,1,0,1,1.0
